## Summary of overall evidence for association with region:
## log10(BF for region) = 20.7606
## p-value for region = NA

## BFs for choosing among multi-SNP models:
## log10(average 1-SNP BF) = 13.0084
## log10(average 2-SNP BF) = 21.2377

## Example posterior probabilities for multi-SNP models, based on default prior: [p(l) propto 0.5^l for l=1,2,...,L]
## posterior probability of 1-SNP = 1.17945e-08
## posterior probability of 2-SNP = 1

## log10(BF) for single SNP and pair of SNPs:
rs917303       +2.225	+3.785	+3.337	+2.017	+2.501	+2.305	+2.968	+2.272	+14.032	+13.900	+14.359	+14.392	+14.325	+14.448	+14.265	+6.227	+6.227	+14.271	+14.337	+14.800	+14.844	+14.809	+14.716	+14.809	+14.304	+6.845	+14.843	+14.874	+14.843	+15.102	+14.837	+7.329	+14.758	+3.979	+14.831	+14.670	+14.808	+14.835	+14.875	+14.848	+14.909	+14.934	+14.689	+14.860	+6.941	+14.826	+14.767	+14.765	+14.702	+6.788	+14.702	+14.702	+14.701	+14.748	+14.697	+14.683	+14.680	+14.696	+14.717	+14.708	+14.702	+14.672	+14.670	+14.686	+14.641	+14.384	+14.132	+14.203	+14.191	+14.209	+3.017	+14.202	+14.189	+14.123	+14.098	+13.936	+13.908	+13.167	+12.976	+10.579	+3.154	+3.227	+1.778	+1.787	+1.776	+3.584	+3.059	+4.445	+3.936	+4.122	+4.012	+4.120	+4.492	+4.314	+9.510	+9.353	+9.396	+12.362	+1.756	+1.751	+1.759	+1.771	+9.277	+12.219	+1.758	+1.758	+1.774	+1.766	+9.426	+14.332	+12.122	+1.753	+1.755	+9.213	+9.212	+1.755	+1.760	+1.756	+1.785	+1.769	+1.767	+1.755	+1.755	+1.754	+1.758	+9.030	+9.003	+1.764	+9.941	+10.437	+9.258	+9.259	+6.657	+1.759	+12.497	+6.826	+6.915	+6.809	+4.483	+12.315	+6.920	+12.564	+12.271	+6.734	+6.667	+12.163	+6.661	+11.692	+6.666	+6.641	
rs72794938     +3.785	+4.301	+4.106	+4.014	+3.871	+4.029	+3.960	+4.403	+18.204	+18.029	+18.530	+18.568	+18.503	+18.632	+18.436	+9.416	+9.415	+18.439	+18.435	+18.932	+18.977	+18.939	+18.843	+18.939	+18.322	+10.103	+18.974	+19.103	+18.974	+19.237	+18.967	+10.729	+18.971	+4.824	+18.962	+18.788	+18.932	+18.966	+18.996	+18.977	+19.036	+19.081	+18.794	+18.984	+10.201	+18.947	+18.888	+18.883	+18.813	+10.032	+18.814	+18.814	+18.813	+18.864	+18.810	+18.792	+18.793	+18.813	+18.833	+18.823	+18.816	+18.788	+18.785	+18.802	+18.750	+18.474	+18.197	+18.275	+18.264	+18.280	+3.996	+18.271	+18.255	+18.175	+18.144	+17.949	+17.917	+17.102	+16.902	+12.026	+4.075	+4.112	+4.311	+4.336	+4.287	+4.379	+6.137	+5.418	+7.375	+5.198	+5.113	+5.197	+5.099	+5.342	+9.935	+9.793	+9.834	+12.685	+3.868	+3.851	+3.878	+3.917	+9.729	+12.550	+3.870	+3.869	+3.919	+3.898	+9.887	+14.954	+12.459	+3.856	+3.864	+9.672	+9.671	+3.865	+3.877	+3.868	+3.945	+3.898	+3.889	+3.864	+3.862	+3.862	+3.863	+9.534	+9.515	+3.871	+10.592	+11.099	+9.714	+9.714	+7.355	+3.878	+12.843	+7.512	+7.591	+7.520	+5.254	+12.675	+7.595	+12.910	+12.646	+7.448	+7.392	+12.547	+7.386	+12.147	+7.390	+7.365	
rs72794940     +3.337	+4.106	+3.780	+3.504	+3.459	+3.692	+3.611	+3.874	+17.753	+17.578	+18.082	+18.120	+18.054	+18.184	+17.987	+8.959	+8.958	+17.990	+18.000	+18.498	+18.544	+18.506	+18.410	+18.506	+17.895	+9.651	+18.542	+18.661	+18.542	+18.809	+18.535	+10.265	+18.530	+4.548	+18.530	+18.354	+18.499	+18.534	+18.566	+18.545	+18.603	+18.648	+18.363	+18.551	+9.750	+18.514	+18.455	+18.450	+18.380	+9.580	+18.381	+18.381	+18.380	+18.431	+18.377	+18.358	+18.359	+18.378	+18.399	+18.389	+18.382	+18.353	+18.351	+18.368	+18.316	+18.039	+17.762	+17.841	+17.829	+17.846	+3.661	+17.837	+17.820	+17.740	+17.709	+17.512	+17.480	+16.661	+16.458	+11.560	+3.759	+3.807	+3.788	+3.813	+3.765	+4.108	+5.607	+5.170	+6.892	+4.928	+4.839	+4.927	+4.885	+5.087	+9.851	+9.706	+9.748	+12.633	+3.360	+3.342	+3.370	+3.407	+9.640	+12.496	+3.362	+3.360	+3.409	+3.388	+9.797	+14.913	+12.404	+3.349	+3.356	+9.582	+9.581	+3.357	+3.369	+3.360	+3.434	+3.389	+3.380	+3.357	+3.354	+3.354	+3.356	+9.436	+9.417	+3.363	+10.485	+10.993	+9.624	+9.625	+7.209	+3.370	+12.787	+7.370	+7.451	+7.375	+5.016	+12.617	+7.455	+12.856	+12.586	+7.300	+7.242	+12.486	+7.237	+12.081	+7.240	+7.215	
rs6596283      +2.017	+4.014	+3.504	-0.401	+2.330	+2.147	+2.763	-0.570	+10.166	+10.085	+10.511	+10.553	+10.472	+10.593	+10.419	+3.955	+3.955	+10.426	+10.604	+11.096	+11.150	+11.113	+11.036	+11.114	+10.702	+4.660	+11.149	+11.088	+11.149	+11.411	+11.144	+4.857	+10.975	+3.645	+11.141	+10.994	+11.113	+11.145	+11.198	+11.163	+11.229	+11.263	+10.928	+11.184	+4.772	+11.148	+11.054	+11.075	+11.000	+4.587	+11.000	+11.000	+10.996	+11.040	+10.990	+10.974	+10.968	+10.995	+11.002	+10.993	+10.987	+10.972	+10.970	+10.986	+10.924	+10.685	+10.421	+10.491	+10.489	+10.495	+2.755	+10.485	+10.468	+10.387	+10.357	+10.176	+10.147	+9.386	+9.131	+6.097	+2.963	+3.070	-0.666	-0.652	-0.671	+3.454	+0.554	+4.142	+1.768	+3.530	+3.391	+3.521	+4.493	+3.875	+9.680	+9.517	+9.560	+12.546	-0.766	-0.767	-0.765	-0.760	+9.435	+12.400	-0.765	-0.765	-0.759	-0.762	+9.586	+14.688	+12.300	-0.766	-0.766	+9.369	+9.368	-0.766	-0.764	-0.766	-0.747	-0.755	-0.756	-0.766	-0.766	-0.766	-0.762	+9.170	+9.148	-0.754	+9.899	+10.397	+9.416	+9.416	+6.699	-0.765	+12.674	+6.878	+6.974	+6.841	+4.158	+12.485	+6.980	+12.741	+12.435	+6.770	+6.695	+12.322	+6.688	+11.870	+6.692	+6.663	
rs1008345      +2.501	+3.871	+3.459	+2.330	+2.750	+2.820	+3.193	+2.792	+14.857	+14.737	+15.194	+15.226	+15.151	+15.281	+15.093	+6.974	+6.973	+15.099	+15.151	+15.626	+15.670	+15.634	+15.540	+15.634	+15.103	+7.610	+15.668	+15.745	+15.668	+15.921	+15.662	+8.121	+15.615	+4.300	+15.657	+15.499	+15.634	+15.661	+15.697	+15.674	+15.732	+15.756	+15.441	+15.683	+7.705	+15.648	+15.586	+15.585	+15.520	+7.547	+15.521	+15.521	+15.520	+15.567	+15.517	+15.503	+15.500	+15.522	+15.537	+15.527	+15.521	+15.497	+15.495	+15.511	+15.458	+15.205	+14.944	+15.019	+15.009	+15.023	+3.248	+15.015	+15.001	+14.931	+14.904	+14.734	+14.705	+13.950	+13.747	+10.507	+3.384	+3.449	+2.291	+2.303	+2.287	+3.797	+3.795	+4.607	+5.184	+4.300	+4.193	+4.298	+4.691	+4.484	+9.626	+9.474	+9.517	+12.444	+2.354	+2.339	+2.363	+2.397	+9.403	+12.303	+2.356	+2.354	+2.399	+2.379	+9.559	+14.649	+12.207	+2.344	+2.350	+9.341	+9.340	+2.351	+2.362	+2.354	+2.425	+2.383	+2.375	+2.351	+2.349	+2.348	+2.351	+9.174	+9.154	+2.355	+10.122	+10.630	+9.385	+9.386	+6.860	+2.363	+12.587	+7.028	+7.113	+7.024	+4.694	+12.408	+7.118	+12.654	+12.369	+6.946	+6.883	+12.264	+6.877	+11.840	+6.881	+6.855	
rs17691375     +2.305	+4.029	+3.692	+2.147	+2.820	+2.368	+2.878	+2.419	+15.397	+15.260	+15.745	+15.779	+15.715	+15.852	+15.646	+6.963	+6.962	+15.658	+15.714	+16.190	+16.234	+16.198	+16.100	+16.198	+15.802	+7.615	+16.233	+16.103	+16.232	+16.502	+16.226	+8.045	+15.989	+3.790	+16.220	+16.045	+16.196	+16.222	+16.262	+16.237	+16.303	+16.327	+16.093	+16.253	+7.717	+16.216	+16.156	+16.155	+16.088	+7.555	+16.089	+16.088	+16.086	+16.136	+16.082	+16.071	+16.063	+16.078	+16.101	+16.091	+16.085	+16.053	+16.051	+16.069	+16.021	+15.747	+15.472	+15.547	+15.534	+15.554	+2.908	+15.546	+15.532	+15.461	+15.433	+15.256	+15.226	+14.429	+14.225	+13.831	+3.137	+3.208	+1.897	+1.897	+1.897	+3.552	+3.023	+4.398	+4.533	+3.949	+3.843	+3.946	+4.455	+4.156	+9.523	+9.369	+9.412	+12.374	+1.892	+1.887	+1.895	+1.909	+9.296	+12.235	+1.894	+1.894	+1.911	+1.903	+9.447	+14.358	+12.138	+1.889	+1.891	+9.233	+9.232	+1.891	+1.896	+1.892	+1.923	+1.906	+1.903	+1.891	+1.890	+1.890	+1.893	+9.056	+9.028	+1.900	+9.987	+10.480	+9.278	+9.279	+6.669	+1.895	+12.515	+6.838	+6.926	+6.825	+4.326	+12.333	+6.931	+12.581	+12.291	+6.748	+6.681	+12.184	+6.676	+11.711	+6.681	+6.657	
rs17748071     +2.968	+3.960	+3.611	+2.763	+3.193	+2.878	+3.070	+3.084	+20.334	+20.127	+20.710	+20.756	+20.685	+20.840	+20.600	+10.348	+10.347	+20.610	+20.561	+21.121	+21.167	+21.124	+21.016	+21.124	+20.661	+11.186	+21.164	+21.042	+21.163	+21.449	+21.155	+11.664	+20.890	+3.772	+21.144	+20.943	+21.115	+21.149	+21.175	+21.162	+21.232	+21.285	+20.972	+21.174	+11.302	+21.131	+21.069	+21.060	+20.981	+11.097	+20.982	+20.982	+20.980	+21.038	+20.976	+20.956	+20.954	+20.973	+20.998	+20.986	+20.978	+20.943	+20.940	+20.963	+20.902	+20.574	+20.247	+20.335	+20.320	+20.344	+3.027	+20.333	+20.314	+20.217	+20.179	+19.934	+19.894	+18.925	+18.676	+13.259	+3.183	+3.246	+2.975	+3.001	+2.959	+3.552	+5.063	+4.434	+7.550	+3.991	+3.900	+3.989	+4.417	+4.184	+9.633	+9.483	+9.525	+12.443	+2.638	+2.624	+2.647	+2.681	+9.414	+12.305	+2.640	+2.638	+2.682	+2.664	+9.573	+14.591	+12.210	+2.628	+2.634	+9.353	+9.352	+2.635	+2.646	+2.638	+2.708	+2.667	+2.659	+2.635	+2.633	+2.633	+2.634	+9.188	+9.167	+2.645	+10.141	+10.652	+9.397	+9.398	+6.858	+2.647	+12.589	+7.024	+7.109	+7.017	+4.260	+12.409	+7.114	+12.656	+12.371	+6.945	+6.882	+12.265	+6.877	+11.835	+6.881	+6.855	
rs4334882      +2.272	+4.403	+3.874	-0.570	+2.792	+2.419	+3.084	-0.281	+11.584	+11.430	+11.964	+12.029	+11.919	+12.065	+11.838	+4.130	+4.130	+11.865	+11.997	+12.421	+12.471	+12.430	+12.294	+12.430	+11.932	+4.821	+12.470	+12.403	+12.471	+12.777	+12.465	+5.805	+12.309	+3.958	+12.460	+12.271	+12.430	+12.465	+12.526	+12.485	+12.558	+12.598	+12.182	+12.508	+4.940	+12.465	+12.351	+12.379	+12.290	+4.742	+12.290	+12.290	+12.286	+12.336	+12.280	+12.266	+12.255	+12.269	+12.293	+12.282	+12.275	+12.242	+12.239	+12.257	+12.205	+11.880	+11.599	+11.678	+11.661	+11.684	+3.065	+11.673	+11.655	+11.565	+11.531	+11.318	+11.283	+10.385	+10.070	+6.759	+3.262	+3.389	-0.576	-0.561	-0.579	+3.776	+0.708	+4.235	+1.611	+3.649	+3.506	+3.641	+4.833	+4.314	+10.715	+10.537	+10.579	+14.119	-0.654	-0.652	-0.654	-0.654	+10.440	+13.958	-0.652	-0.652	-0.653	-0.652	+10.593	+14.833	+13.851	-0.652	-0.653	+10.368	+10.367	-0.653	-0.653	-0.653	-0.647	-0.650	-0.650	-0.653	-0.653	-0.653	-0.651	+10.055	+10.034	-0.642	+11.227	+11.740	+10.418	+10.418	+7.488	-0.654	+14.241	+7.673	+7.776	+7.527	+4.529	+14.036	+7.782	+14.269	+13.979	+7.558	+7.478	+13.859	+7.471	+13.394	+7.476	+7.447	
rs12520112     +14.032	+18.204	+17.753	+10.166	+14.857	+15.397	+20.334	+11.584	+10.611	+10.592	+10.887	+10.903	+10.852	+10.970	+10.799	+10.144	+10.143	+10.806	+10.900	+11.305	+11.346	+11.310	+11.228	+11.310	+10.956	+10.014	+11.345	+11.253	+11.345	+11.618	+11.340	+10.081	+11.167	+20.618	+11.334	+11.189	+11.309	+11.338	+11.390	+11.355	+11.418	+11.453	+11.130	+11.373	+10.007	+11.337	+11.240	+11.266	+11.194	+10.010	+11.194	+11.193	+11.190	+11.228	+11.185	+11.169	+11.166	+11.184	+11.195	+11.186	+11.181	+11.164	+11.163	+11.176	+11.129	+10.949	+10.777	+10.820	+10.819	+10.823	+20.621	+10.817	+10.808	+10.765	+10.750	+10.667	+10.654	+10.379	+10.326	+10.040	+20.101	+20.406	+10.344	+10.298	+10.339	+20.641	+10.057	+16.915	+9.847	+16.752	+16.557	+16.731	+22.018	+18.259	+20.850	+20.651	+20.703	+21.816	+10.871	+10.915	+10.837	+10.754	+20.560	+21.657	+10.885	+10.889	+10.767	+10.855	+20.657	+20.083	+21.570	+10.902	+10.884	+20.496	+20.495	+10.881	+10.867	+10.873	+10.595	+10.690	+10.703	+10.881	+10.887	+10.887	+10.841	+20.109	+20.103	+10.825	+18.969	+19.242	+20.542	+20.542	+19.137	+10.841	+21.856	+19.311	+19.415	+18.528	+20.924	+21.664	+19.419	+21.877	+21.602	+19.156	+19.080	+21.503	+19.075	+21.202	+19.082	+19.091	
rs2548979      +13.900	+18.029	+17.578	+10.085	+14.737	+15.260	+20.127	+11.430	+10.592	+10.530	+10.879	+10.892	+10.826	+10.954	+10.787	+10.066	+10.065	+10.777	+10.881	+11.301	+11.344	+11.306	+11.219	+11.306	+10.934	+9.937	+11.342	+11.251	+11.343	+11.622	+11.337	+10.003	+11.155	+20.518	+11.331	+11.191	+11.305	+11.335	+11.388	+11.352	+11.418	+11.454	+11.112	+11.370	+9.930	+11.333	+11.230	+11.259	+11.182	+9.933	+11.182	+11.181	+11.178	+11.218	+11.172	+11.155	+11.152	+11.178	+11.183	+11.174	+11.169	+11.157	+11.155	+11.169	+11.114	+10.923	+10.746	+10.791	+10.786	+10.793	+20.524	+10.787	+10.777	+10.732	+10.716	+10.628	+10.614	+10.322	+10.266	+9.967	+20.002	+20.311	+10.262	+10.218	+10.248	+20.544	+9.983	+16.834	+9.768	+16.663	+16.489	+16.644	+21.927	+18.165	+20.778	+20.579	+20.632	+21.767	+10.793	+10.838	+10.760	+10.671	+20.489	+21.607	+10.807	+10.812	+10.684	+10.777	+20.584	+20.028	+21.520	+10.825	+10.807	+20.425	+20.423	+10.804	+10.789	+10.795	+10.513	+10.614	+10.627	+10.804	+10.809	+10.810	+10.764	+20.036	+20.029	+10.746	+18.918	+19.194	+20.470	+20.471	+19.028	+10.761	+21.806	+19.197	+19.305	+18.425	+20.823	+21.614	+19.309	+21.826	+21.549	+19.048	+18.973	+21.453	+18.967	+21.154	+18.974	+18.983	
rs2548980      +14.359	+18.530	+18.082	+10.511	+15.194	+15.745	+20.710	+11.964	+10.887	+10.879	+10.955	+11.009	+10.975	+11.037	+10.947	+10.543	+10.542	+10.950	+11.014	+11.340	+11.379	+11.350	+11.288	+11.350	+11.075	+10.371	+11.378	+11.321	+11.379	+11.603	+11.375	+10.463	+11.243	+21.070	+11.371	+11.258	+11.350	+11.374	+11.417	+11.388	+11.442	+11.470	+11.226	+11.405	+10.360	+11.376	+11.304	+11.320	+11.266	+10.368	+11.266	+11.265	+11.263	+11.294	+11.259	+11.249	+11.245	+11.263	+11.269	+11.262	+11.258	+11.247	+11.245	+11.256	+11.216	+11.077	+10.937	+10.971	+10.971	+10.973	+21.113	+10.969	+10.962	+10.929	+10.918	+10.855	+10.845	+10.645	+10.603	+10.366	+20.579	+20.886	+10.706	+10.659	+10.702	+21.118	+10.386	+17.310	+10.191	+17.151	+16.956	+17.131	+22.507	+18.679	+21.194	+20.995	+21.047	+22.124	+11.242	+11.288	+11.208	+11.124	+20.904	+21.965	+11.257	+11.262	+11.137	+11.227	+20.999	+20.333	+21.878	+11.274	+11.256	+20.840	+20.839	+11.253	+11.239	+11.244	+10.961	+11.058	+11.071	+11.253	+11.259	+11.259	+11.211	+20.450	+20.444	+11.194	+19.273	+19.544	+20.886	+20.886	+19.504	+11.212	+22.163	+19.677	+19.782	+18.884	+21.394	+21.971	+19.786	+22.183	+21.909	+19.522	+19.447	+21.810	+19.442	+21.513	+19.449	+19.459	
rs2548981      +14.392	+18.568	+18.120	+10.553	+15.226	+15.779	+20.756	+12.029	+10.903	+10.892	+11.009	+10.996	+10.989	+11.045	+10.964	+10.575	+10.574	+10.967	+11.032	+11.346	+11.385	+11.358	+11.300	+11.358	+11.095	+10.408	+11.385	+11.334	+11.385	+11.600	+11.381	+10.497	+11.257	+21.109	+11.378	+11.270	+11.357	+11.381	+11.423	+11.395	+11.446	+11.474	+11.243	+11.411	+10.397	+11.383	+11.316	+11.330	+11.279	+10.404	+11.279	+11.279	+11.276	+11.307	+11.273	+11.264	+11.259	+11.277	+11.282	+11.276	+11.272	+11.262	+11.261	+11.271	+11.231	+11.099	+10.963	+10.996	+10.996	+10.998	+21.163	+10.994	+10.986	+10.955	+10.944	+10.883	+10.874	+10.679	+10.638	+10.404	+20.620	+20.928	+10.757	+10.709	+10.752	+21.161	+10.422	+17.334	+10.230	+17.174	+16.978	+17.154	+22.550	+18.704	+21.216	+21.017	+21.070	+22.138	+11.262	+11.307	+11.229	+11.145	+20.927	+21.978	+11.277	+11.281	+11.158	+11.247	+21.023	+20.380	+21.892	+11.294	+11.276	+20.863	+20.861	+11.273	+11.259	+11.264	+10.983	+11.080	+11.092	+11.273	+11.279	+11.279	+11.231	+20.472	+20.467	+11.235	+19.289	+19.560	+20.908	+20.909	+19.530	+11.233	+22.176	+19.704	+19.808	+18.909	+21.429	+21.984	+19.812	+22.196	+21.923	+19.549	+19.474	+21.824	+19.468	+21.531	+19.476	+19.486	
rs2548983      +14.325	+18.503	+18.054	+10.472	+15.151	+15.715	+20.685	+11.919	+10.852	+10.826	+10.975	+10.989	+10.915	+11.029	+10.929	+10.502	+10.501	+10.934	+10.998	+11.335	+11.375	+11.345	+11.279	+11.345	+11.057	+10.332	+11.374	+11.311	+11.374	+11.608	+11.370	+10.423	+11.231	+21.059	+11.366	+11.248	+11.344	+11.369	+11.414	+11.384	+11.439	+11.469	+11.211	+11.401	+10.321	+11.370	+11.294	+11.312	+11.255	+10.328	+11.255	+11.254	+11.252	+11.284	+11.248	+11.237	+11.233	+11.251	+11.257	+11.251	+11.246	+11.234	+11.233	+11.244	+11.202	+11.058	+10.915	+10.950	+10.950	+10.952	+21.093	+10.947	+10.940	+10.906	+10.894	+10.829	+10.819	+10.613	+10.570	+10.328	+20.554	+20.862	+10.666	+10.619	+10.662	+21.093	+10.347	+17.277	+10.152	+17.114	+16.919	+17.094	+22.476	+18.641	+21.155	+20.955	+21.008	+22.086	+11.199	+11.244	+11.165	+11.081	+20.864	+21.926	+11.213	+11.218	+11.094	+11.184	+20.960	+20.303	+21.840	+11.231	+11.212	+20.800	+20.799	+11.209	+11.195	+11.201	+10.918	+11.015	+11.028	+11.209	+11.215	+11.216	+11.168	+20.410	+20.404	+11.151	+19.234	+19.505	+20.846	+20.846	+19.465	+11.169	+22.125	+19.639	+19.743	+18.846	+21.357	+21.933	+19.747	+22.145	+21.870	+19.483	+19.408	+21.772	+19.402	+21.474	+19.409	+19.420	
rs2906836      +14.448	+18.632	+18.184	+10.593	+15.281	+15.852	+20.840	+12.065	+10.970	+10.954	+11.037	+11.045	+11.029	+11.037	+11.007	+10.643	+10.643	+11.012	+11.053	+11.359	+11.398	+11.370	+11.312	+11.370	+11.110	+10.459	+11.397	+11.345	+11.397	+11.613	+11.393	+10.557	+11.269	+21.213	+11.390	+11.283	+11.370	+11.393	+11.434	+11.407	+11.458	+11.485	+11.255	+11.423	+10.446	+11.395	+11.328	+11.342	+11.291	+10.456	+11.291	+11.291	+11.288	+11.318	+11.285	+11.276	+11.271	+11.288	+11.294	+11.288	+11.284	+11.273	+11.272	+11.283	+11.244	+11.113	+10.981	+11.013	+11.013	+11.015	+21.253	+11.011	+11.004	+10.974	+10.963	+10.904	+10.895	+10.715	+10.675	+10.444	+20.706	+21.015	+10.791	+10.744	+10.786	+21.248	+10.463	+17.409	+10.274	+17.251	+17.058	+17.231	+22.642	+18.787	+21.276	+21.076	+21.128	+22.198	+11.332	+11.377	+11.298	+11.213	+20.984	+22.038	+11.346	+11.351	+11.226	+11.316	+21.080	+20.391	+21.951	+11.364	+11.345	+20.920	+20.919	+11.342	+11.328	+11.334	+11.048	+11.146	+11.159	+11.342	+11.348	+11.349	+11.300	+20.529	+20.524	+11.283	+19.348	+19.618	+20.966	+20.967	+19.592	+11.301	+22.235	+19.765	+19.870	+18.968	+21.517	+22.043	+19.874	+22.254	+21.980	+19.610	+19.534	+21.882	+19.529	+21.587	+19.536	+19.546	
rs2906835      +14.265	+18.436	+17.987	+10.419	+15.093	+15.646	+20.600	+11.838	+10.799	+10.787	+10.947	+10.964	+10.929	+11.007	+10.862	+10.444	+10.444	+10.902	+10.977	+11.326	+11.366	+11.335	+11.267	+11.335	+11.037	+10.278	+11.365	+11.299	+11.365	+11.605	+11.361	+10.366	+11.217	+20.983	+11.357	+11.236	+11.334	+11.360	+11.406	+11.375	+11.431	+11.462	+11.194	+11.392	+10.267	+11.361	+11.282	+11.301	+11.241	+10.274	+11.241	+11.241	+11.238	+11.272	+11.234	+11.222	+11.218	+11.237	+11.243	+11.236	+11.232	+11.219	+11.218	+11.230	+11.187	+11.034	+10.888	+10.925	+10.922	+10.927	+21.009	+10.922	+10.914	+10.879	+10.866	+10.798	+10.787	+10.569	+10.525	+10.277	+20.473	+20.780	+10.612	+10.565	+10.601	+21.013	+10.297	+17.208	+10.099	+17.044	+16.866	+17.023	+22.395	+18.567	+21.099	+20.899	+20.951	+22.049	+11.146	+11.191	+11.112	+11.028	+20.808	+21.889	+11.161	+11.165	+11.041	+11.131	+20.904	+20.266	+21.802	+11.178	+11.159	+20.744	+20.742	+11.157	+11.142	+11.148	+10.866	+10.963	+10.975	+11.157	+11.162	+11.163	+11.115	+20.354	+20.348	+11.099	+19.196	+19.468	+20.789	+20.790	+19.399	+11.116	+22.088	+19.572	+19.677	+18.781	+21.277	+21.896	+19.681	+22.108	+21.833	+19.417	+19.342	+21.735	+19.336	+21.436	+19.343	+19.354	
rs34835061     +6.227	+9.416	+8.959	+3.955	+6.974	+6.963	+10.348	+4.130	+10.144	+10.066	+10.543	+10.575	+10.502	+10.643	+10.444	+4.341	+4.370	+10.451	+10.609	+11.114	+11.166	+11.125	+11.024	+11.126	+10.656	+4.946	+11.165	+11.054	+11.165	+11.457	+11.160	+4.951	+10.934	+11.224	+11.156	+10.995	+11.124	+11.159	+11.218	+11.178	+11.251	+11.290	+10.891	+11.201	+5.082	+11.160	+11.048	+11.077	+10.988	+4.812	+10.988	+10.988	+10.983	+11.032	+10.976	+10.955	+10.951	+10.986	+10.988	+10.977	+10.971	+10.960	+10.957	+10.975	+10.901	+10.628	+10.340	+10.415	+10.417	+10.421	+10.534	+10.410	+10.392	+10.304	+10.271	+10.073	+10.042	+9.253	+9.002	+6.927	+10.455	+10.677	+3.793	+3.785	+3.795	+11.084	+3.965	+13.330	+3.945	+12.740	+12.529	+12.714	+12.319	+13.140	+12.915	+12.740	+12.789	+16.479	+3.977	+4.000	+3.964	+3.924	+12.671	+16.327	+3.980	+3.983	+3.928	+3.962	+12.790	+16.488	+16.234	+3.992	+3.982	+12.609	+12.608	+3.981	+3.972	+3.977	+3.865	+3.904	+3.910	+3.981	+3.984	+3.985	+3.965	+12.308	+12.291	+3.959	+13.732	+14.114	+12.652	+12.653	+10.981	+3.965	+16.561	+11.146	+11.238	+10.730	+11.891	+16.377	+11.243	+16.593	+16.308	+11.022	+10.951	+16.204	+10.944	+15.837	+10.949	+10.942	
rs7709782      +6.227	+9.415	+8.958	+3.955	+6.973	+6.962	+10.347	+4.130	+10.143	+10.065	+10.542	+10.574	+10.501	+10.643	+10.444	+4.370	+4.341	+10.451	+10.609	+11.114	+11.166	+11.126	+11.024	+11.126	+10.657	+4.947	+11.165	+11.054	+11.166	+11.457	+11.160	+4.951	+10.934	+11.224	+11.156	+10.995	+11.125	+11.159	+11.219	+11.179	+11.251	+11.290	+10.892	+11.202	+5.083	+11.161	+11.048	+11.078	+10.989	+4.813	+10.989	+10.988	+10.984	+11.032	+10.977	+10.955	+10.951	+10.986	+10.988	+10.978	+10.971	+10.960	+10.957	+10.976	+10.901	+10.628	+10.341	+10.415	+10.417	+10.421	+10.534	+10.410	+10.392	+10.304	+10.271	+10.073	+10.042	+9.253	+9.002	+6.927	+10.454	+10.677	+3.793	+3.785	+3.794	+11.084	+3.964	+13.329	+3.945	+12.740	+12.528	+12.713	+12.318	+13.139	+12.914	+12.739	+12.788	+16.478	+3.976	+3.999	+3.964	+3.924	+12.670	+16.326	+3.980	+3.983	+3.927	+3.962	+12.789	+16.488	+16.233	+3.991	+3.982	+12.608	+12.607	+3.981	+3.971	+3.977	+3.865	+3.904	+3.910	+3.981	+3.984	+3.984	+3.965	+12.307	+12.290	+3.959	+13.731	+14.113	+12.651	+12.652	+10.980	+3.965	+16.560	+11.145	+11.238	+10.730	+11.891	+16.376	+11.242	+16.592	+16.307	+11.021	+10.950	+16.203	+10.944	+15.836	+10.949	+10.942	
rs2906831      +14.271	+18.439	+17.990	+10.426	+15.099	+15.658	+20.610	+11.865	+10.806	+10.777	+10.950	+10.967	+10.934	+11.012	+10.902	+10.451	+10.451	+10.870	+10.981	+11.331	+11.371	+11.339	+11.270	+11.340	+11.039	+10.286	+11.370	+11.301	+11.370	+11.613	+11.366	+10.375	+11.219	+20.999	+11.361	+11.237	+11.339	+11.365	+11.411	+11.380	+11.437	+11.468	+11.196	+11.397	+10.275	+11.365	+11.285	+11.304	+11.244	+10.282	+11.244	+11.243	+11.241	+11.274	+11.236	+11.225	+11.220	+11.238	+11.246	+11.239	+11.234	+11.221	+11.220	+11.232	+11.189	+11.038	+10.890	+10.926	+10.926	+10.929	+21.034	+10.924	+10.916	+10.881	+10.869	+10.801	+10.790	+10.575	+10.531	+10.285	+20.496	+20.804	+10.619	+10.572	+10.614	+21.036	+10.303	+17.227	+10.107	+17.064	+16.869	+17.043	+22.419	+18.589	+21.107	+20.907	+20.959	+22.039	+11.151	+11.197	+11.118	+11.033	+20.816	+21.879	+11.166	+11.171	+11.046	+11.136	+20.912	+20.263	+21.793	+11.183	+11.165	+20.752	+20.750	+11.162	+11.148	+11.154	+10.871	+10.968	+10.981	+11.162	+11.168	+11.168	+11.121	+20.362	+20.356	+11.105	+19.188	+19.460	+20.797	+20.798	+19.414	+11.122	+22.078	+19.588	+19.692	+18.797	+21.303	+21.886	+19.696	+22.098	+21.824	+19.433	+19.357	+21.725	+19.352	+21.427	+19.359	+19.369	
rs9327743      +14.337	+18.435	+18.000	+10.604	+15.151	+15.714	+20.561	+11.997	+10.900	+10.881	+11.014	+11.032	+10.998	+11.053	+10.977	+10.609	+10.609	+10.981	+11.046	+11.432	+11.481	+11.442	+11.352	+11.442	+11.110	+10.474	+11.479	+11.362	+11.480	+11.781	+11.474	+10.578	+11.290	+21.247	+11.466	+11.315	+11.442	+11.469	+11.521	+11.485	+11.548	+11.586	+11.249	+11.499	+10.459	+11.461	+11.355	+11.387	+11.313	+10.470	+11.313	+11.312	+11.309	+11.344	+11.304	+11.287	+11.286	+11.300	+11.312	+11.304	+11.300	+11.282	+11.281	+11.293	+11.252	+11.100	+10.976	+11.005	+11.003	+11.006	+21.287	+11.003	+10.996	+10.966	+10.955	+10.897	+10.888	+10.752	+10.708	+10.460	+20.734	+21.048	+10.804	+10.756	+10.800	+21.282	+10.473	+17.269	+10.283	+17.118	+16.923	+17.098	+22.668	+18.630	+21.125	+20.927	+20.979	+22.060	+11.346	+11.392	+11.312	+11.221	+20.837	+21.901	+11.361	+11.366	+11.234	+11.332	+20.928	+20.276	+21.815	+11.379	+11.360	+20.773	+20.772	+11.357	+11.343	+11.348	+11.057	+11.160	+11.173	+11.357	+11.363	+11.364	+11.315	+20.384	+20.377	+11.300	+19.222	+19.490	+20.818	+20.819	+19.446	+11.315	+22.098	+19.615	+19.722	+18.831	+21.285	+21.907	+19.726	+22.119	+21.846	+19.464	+19.389	+21.748	+19.384	+21.450	+19.391	+19.400	
rs7718415      +14.800	+18.932	+18.498	+11.096	+15.626	+16.190	+21.121	+12.421	+11.305	+11.301	+11.340	+11.346	+11.335	+11.359	+11.326	+11.114	+11.114	+11.331	+11.432	+11.529	+11.602	+11.582	+11.536	+11.582	+11.436	+10.998	+11.602	+11.539	+11.602	+11.786	+11.599	+11.143	+11.503	+21.827	+11.595	+11.518	+11.582	+11.596	+11.625	+11.605	+11.642	+11.665	+11.471	+11.614	+10.974	+11.593	+11.535	+11.553	+11.512	+10.993	+11.512	+11.512	+11.510	+11.529	+11.508	+11.496	+11.498	+11.503	+11.511	+11.507	+11.504	+11.493	+11.493	+11.499	+11.480	+11.392	+11.383	+11.379	+11.368	+11.379	+21.877	+11.378	+11.376	+11.363	+11.357	+11.320	+11.316	+11.353	+11.279	+10.952	+21.310	+21.629	+11.317	+11.266	+11.312	+21.863	+10.932	+17.752	+10.771	+17.609	+17.412	+17.589	+23.264	+19.130	+21.530	+21.335	+21.388	+22.418	+11.886	+11.934	+11.851	+11.756	+21.246	+22.261	+11.902	+11.907	+11.769	+11.873	+21.337	+20.553	+22.175	+11.920	+11.900	+21.183	+21.181	+11.898	+11.883	+11.888	+11.582	+11.690	+11.704	+11.898	+11.904	+11.904	+11.852	+20.791	+20.783	+11.836	+19.589	+19.851	+21.228	+21.228	+19.888	+11.853	+22.456	+20.056	+20.163	+19.256	+21.838	+22.266	+20.167	+22.475	+22.205	+19.906	+19.831	+22.107	+19.826	+21.812	+19.834	+19.844	
rs3764941      +14.844	+18.977	+18.544	+11.150	+15.670	+16.234	+21.167	+12.471	+11.346	+11.344	+11.379	+11.385	+11.375	+11.398	+11.366	+11.166	+11.166	+11.371	+11.481	+11.602	+11.583	+11.611	+11.570	+11.612	+11.490	+11.055	+11.628	+11.568	+11.628	+11.794	+11.626	+11.204	+11.540	+21.883	+11.622	+11.554	+11.610	+11.623	+11.648	+11.631	+11.663	+11.684	+11.505	+11.638	+11.031	+11.619	+11.566	+11.584	+11.547	+11.051	+11.546	+11.546	+11.545	+11.561	+11.542	+11.530	+11.533	+11.536	+11.544	+11.541	+11.538	+11.527	+11.526	+11.532	+11.517	+11.434	+11.446	+11.436	+11.421	+11.435	+21.933	+11.435	+11.433	+11.421	+11.416	+11.378	+11.374	+11.428	+11.348	+11.007	+21.366	+21.684	+11.373	+11.322	+11.369	+21.919	+10.984	+17.798	+10.826	+17.656	+17.459	+17.636	+23.320	+19.178	+21.572	+21.378	+21.430	+22.457	+11.946	+11.994	+11.911	+11.815	+21.288	+22.300	+11.962	+11.967	+11.828	+11.933	+21.379	+20.585	+22.214	+11.980	+11.961	+21.225	+21.223	+11.958	+11.943	+11.948	+11.641	+11.750	+11.763	+11.958	+11.964	+11.964	+11.912	+20.833	+20.825	+11.896	+19.630	+19.892	+21.270	+21.271	+19.932	+11.913	+22.495	+20.100	+20.207	+19.299	+21.885	+22.305	+20.211	+22.510	+22.244	+19.950	+19.876	+22.146	+19.870	+21.852	+19.878	+19.888	
rs3764939      +14.809	+18.939	+18.506	+11.113	+15.634	+16.198	+21.124	+12.430	+11.310	+11.306	+11.350	+11.358	+11.345	+11.370	+11.335	+11.125	+11.126	+11.339	+11.442	+11.582	+11.611	+11.547	+11.548	+11.593	+11.455	+11.016	+11.611	+11.548	+11.611	+11.790	+11.608	+11.162	+11.516	+21.841	+11.604	+11.529	+11.591	+11.606	+11.633	+11.614	+11.650	+11.672	+11.482	+11.622	+10.993	+11.602	+11.545	+11.563	+11.524	+11.012	+11.524	+11.524	+11.522	+11.540	+11.519	+11.507	+11.509	+11.514	+11.522	+11.518	+11.516	+11.504	+11.503	+11.510	+11.492	+11.406	+11.405	+11.399	+11.385	+11.398	+21.889	+11.397	+11.396	+11.383	+11.377	+11.340	+11.335	+11.378	+11.302	+10.970	+21.322	+21.641	+11.335	+11.284	+11.331	+21.876	+10.950	+17.762	+10.789	+17.620	+17.422	+17.600	+23.277	+19.140	+21.540	+21.346	+21.398	+22.429	+11.907	+11.954	+11.871	+11.775	+21.256	+22.271	+11.922	+11.927	+11.789	+11.893	+21.347	+20.562	+22.185	+11.941	+11.921	+21.193	+21.191	+11.918	+11.903	+11.909	+11.602	+11.711	+11.724	+11.918	+11.924	+11.925	+11.873	+20.801	+20.793	+11.856	+19.601	+19.863	+21.238	+21.239	+19.898	+11.874	+22.466	+20.066	+20.173	+19.266	+21.844	+22.276	+20.177	+22.482	+22.215	+19.916	+19.841	+22.117	+19.836	+21.823	+19.844	+19.853	
rs7356756      +14.716	+18.843	+18.410	+11.036	+15.540	+16.100	+21.016	+12.294	+11.228	+11.219	+11.288	+11.300	+11.279	+11.312	+11.267	+11.024	+11.024	+11.270	+11.352	+11.536	+11.570	+11.548	+11.468	+11.548	+11.374	+10.923	+11.570	+11.507	+11.570	+11.768	+11.567	+11.058	+11.463	+21.733	+11.562	+11.476	+11.546	+11.564	+11.597	+11.575	+11.616	+11.640	+11.435	+11.585	+10.902	+11.562	+11.501	+11.518	+11.475	+10.919	+11.475	+11.474	+11.473	+11.494	+11.470	+11.459	+11.459	+11.467	+11.474	+11.470	+11.467	+11.456	+11.455	+11.462	+11.439	+11.345	+11.310	+11.314	+11.305	+11.314	+21.773	+11.312	+11.310	+11.294	+11.288	+11.250	+11.246	+11.253	+11.190	+10.886	+21.212	+21.530	+11.254	+11.203	+11.250	+21.767	+10.872	+17.662	+10.711	+17.515	+17.319	+17.496	+23.165	+19.029	+21.442	+21.248	+21.300	+22.330	+11.826	+11.873	+11.790	+11.694	+21.159	+22.172	+11.841	+11.846	+11.708	+11.812	+21.250	+20.478	+22.086	+11.859	+11.840	+21.095	+21.094	+11.837	+11.822	+11.828	+11.521	+11.630	+11.643	+11.837	+11.843	+11.843	+11.792	+20.705	+20.697	+11.775	+19.507	+19.770	+21.141	+21.141	+19.798	+11.793	+22.368	+19.966	+20.073	+19.168	+21.731	+22.178	+20.077	+22.383	+22.117	+19.816	+19.742	+22.019	+19.737	+21.724	+19.744	+19.754	
rs11959595     +14.809	+18.939	+18.506	+11.114	+15.634	+16.198	+21.124	+12.430	+11.310	+11.306	+11.350	+11.358	+11.345	+11.370	+11.335	+11.126	+11.126	+11.340	+11.442	+11.582	+11.612	+11.593	+11.548	+11.547	+11.455	+11.017	+11.611	+11.548	+11.611	+11.790	+11.608	+11.162	+11.516	+21.841	+11.604	+11.530	+11.591	+11.606	+11.634	+11.614	+11.650	+11.672	+11.482	+11.622	+10.993	+11.602	+11.546	+11.564	+11.524	+11.012	+11.524	+11.524	+11.522	+11.540	+11.519	+11.507	+11.509	+11.514	+11.522	+11.518	+11.516	+11.504	+11.504	+11.510	+11.492	+11.406	+11.405	+11.399	+11.385	+11.399	+21.890	+11.398	+11.396	+11.383	+11.377	+11.340	+11.336	+11.378	+11.303	+10.971	+21.323	+21.642	+11.335	+11.285	+11.331	+21.876	+10.950	+17.762	+10.790	+17.620	+17.423	+17.600	+23.277	+19.140	+21.540	+21.346	+21.398	+22.429	+11.907	+11.955	+11.872	+11.776	+21.256	+22.271	+11.923	+11.928	+11.789	+11.894	+21.347	+20.562	+22.185	+11.941	+11.921	+21.193	+21.192	+11.919	+11.903	+11.909	+11.602	+11.711	+11.724	+11.918	+11.924	+11.925	+11.873	+20.801	+20.793	+11.857	+19.602	+19.864	+21.238	+21.239	+19.898	+11.874	+22.467	+20.066	+20.173	+19.266	+21.844	+22.276	+20.177	+22.482	+22.216	+19.916	+19.842	+22.118	+19.836	+21.823	+19.844	+19.854	
rs13187638     +14.304	+18.322	+17.895	+10.702	+15.103	+15.802	+20.661	+11.932	+10.956	+10.934	+11.075	+11.095	+11.057	+11.110	+11.037	+10.656	+10.657	+11.039	+11.110	+11.436	+11.490	+11.455	+11.374	+11.455	+11.142	+10.574	+11.489	+11.385	+11.490	+11.772	+11.484	+10.680	+11.319	+21.368	+11.477	+11.339	+11.452	+11.480	+11.528	+11.496	+11.554	+11.589	+11.283	+11.509	+10.559	+11.474	+11.379	+11.406	+11.339	+10.571	+11.339	+11.339	+11.336	+11.368	+11.331	+11.316	+11.315	+11.328	+11.339	+11.332	+11.328	+11.312	+11.311	+11.321	+11.285	+11.146	+11.038	+11.062	+11.060	+11.064	+21.415	+11.060	+11.054	+11.028	+11.018	+10.966	+10.958	+10.852	+10.807	+10.555	+20.856	+21.172	+10.899	+10.852	+10.896	+21.405	+10.539	+17.382	+10.390	+17.229	+17.032	+17.209	+22.805	+18.726	+21.024	+20.834	+20.887	+21.958	+11.453	+11.499	+11.419	+11.325	+20.748	+21.801	+11.468	+11.473	+11.338	+11.439	+20.837	+20.199	+21.715	+11.486	+11.467	+20.685	+20.684	+11.464	+11.449	+11.455	+11.160	+11.265	+11.278	+11.464	+11.470	+11.470	+11.421	+20.299	+20.291	+11.407	+19.144	+19.407	+20.730	+20.731	+19.364	+11.421	+21.996	+19.531	+19.638	+18.758	+21.388	+21.807	+19.642	+22.014	+21.746	+19.383	+19.309	+21.649	+19.304	+21.353	+19.311	+19.320	
rs9327744      +6.845	+10.103	+9.651	+4.660	+7.610	+7.615	+11.186	+4.821	+10.014	+9.937	+10.371	+10.408	+10.332	+10.459	+10.278	+4.946	+4.947	+10.286	+10.474	+10.998	+11.055	+11.016	+10.923	+11.017	+10.574	+5.032	+11.054	+10.958	+11.055	+11.335	+11.049	+5.161	+10.843	+12.080	+11.045	+10.890	+11.015	+11.049	+11.106	+11.068	+11.138	+11.174	+10.805	+11.090	+5.123	+11.051	+10.947	+10.973	+10.890	+5.014	+10.890	+10.889	+10.885	+10.932	+10.879	+10.859	+10.855	+10.886	+10.891	+10.881	+10.875	+10.861	+10.859	+10.876	+10.808	+10.551	+10.279	+10.351	+10.349	+10.355	+11.392	+10.345	+10.328	+10.247	+10.217	+10.035	+10.006	+9.271	+9.043	+7.277	+11.289	+11.523	+4.487	+4.477	+4.489	+11.930	+4.573	+14.283	+4.504	+13.704	+13.484	+13.676	+13.184	+14.089	+13.404	+13.231	+13.280	+16.993	+4.703	+4.728	+4.689	+4.642	+13.164	+16.841	+4.707	+4.710	+4.645	+4.687	+13.282	+16.841	+16.749	+4.719	+4.709	+13.103	+13.102	+4.707	+4.697	+4.703	+4.570	+4.615	+4.622	+4.708	+4.711	+4.712	+4.687	+12.795	+12.779	+4.678	+14.253	+14.625	+13.146	+13.146	+11.558	+4.689	+17.072	+11.719	+11.813	+11.277	+12.742	+16.889	+11.818	+17.102	+16.822	+11.597	+11.527	+16.717	+11.521	+16.357	+11.526	+11.521	
rs10036652     +14.843	+18.974	+18.542	+11.149	+15.668	+16.233	+21.164	+12.470	+11.345	+11.342	+11.378	+11.385	+11.374	+11.397	+11.365	+11.165	+11.165	+11.370	+11.479	+11.602	+11.628	+11.611	+11.570	+11.611	+11.489	+11.054	+11.582	+11.567	+11.628	+11.795	+11.625	+11.203	+11.540	+21.882	+11.622	+11.553	+11.609	+11.623	+11.648	+11.631	+11.663	+11.684	+11.504	+11.638	+11.030	+11.619	+11.566	+11.584	+11.546	+11.050	+11.546	+11.546	+11.544	+11.560	+11.542	+11.530	+11.532	+11.535	+11.544	+11.540	+11.538	+11.526	+11.526	+11.531	+11.516	+11.434	+11.446	+11.436	+11.420	+11.435	+21.932	+11.434	+11.433	+11.421	+11.415	+11.378	+11.374	+11.428	+11.348	+11.007	+21.364	+21.683	+11.372	+11.321	+11.368	+21.918	+10.983	+17.797	+10.825	+17.655	+17.458	+17.635	+23.319	+19.177	+21.571	+21.377	+21.430	+22.457	+11.946	+11.994	+11.911	+11.814	+21.288	+22.299	+11.962	+11.967	+11.828	+11.933	+21.379	+20.584	+22.214	+11.980	+11.960	+21.224	+21.223	+11.957	+11.942	+11.948	+11.640	+11.749	+11.762	+11.957	+11.963	+11.964	+11.912	+20.832	+20.824	+11.895	+19.630	+19.892	+21.270	+21.270	+19.932	+11.913	+22.495	+20.099	+20.206	+19.298	+21.884	+22.304	+20.211	+22.510	+22.244	+19.949	+19.875	+22.146	+19.870	+21.851	+19.877	+19.887	
rs6596287      +14.874	+19.103	+18.661	+11.088	+15.745	+16.103	+21.042	+12.403	+11.253	+11.251	+11.321	+11.334	+11.311	+11.345	+11.299	+11.054	+11.054	+11.301	+11.362	+11.539	+11.568	+11.548	+11.507	+11.548	+11.385	+10.958	+11.567	+11.514	+11.567	+11.734	+11.565	+11.086	+11.478	+21.752	+11.562	+11.494	+11.548	+11.564	+11.594	+11.574	+11.612	+11.633	+11.462	+11.585	+10.938	+11.565	+11.516	+11.528	+11.491	+10.954	+11.491	+11.491	+11.489	+11.510	+11.487	+11.480	+11.478	+11.489	+11.493	+11.489	+11.486	+11.479	+11.478	+11.485	+11.459	+11.374	+11.320	+11.329	+11.333	+11.330	+21.805	+11.328	+11.325	+11.310	+11.304	+11.270	+11.265	+11.250	+11.200	+10.921	+21.248	+21.567	+11.320	+11.268	+11.305	+21.814	+10.940	+17.683	+10.750	+17.532	+17.357	+17.512	+23.215	+19.046	+21.633	+21.438	+21.490	+22.509	+11.894	+11.942	+11.865	+11.768	+21.347	+22.351	+11.910	+11.915	+11.782	+11.880	+21.439	+20.590	+22.265	+11.928	+11.908	+21.284	+21.282	+11.905	+11.890	+11.896	+11.591	+11.695	+11.708	+11.905	+11.912	+11.912	+11.859	+20.888	+20.880	+11.842	+19.671	+19.935	+21.329	+21.330	+19.798	+11.867	+22.548	+19.966	+20.072	+19.164	+21.772	+22.368	+20.076	+22.566	+22.297	+19.817	+19.742	+22.198	+19.738	+21.902	+19.747	+19.757	
rs10036759     +14.843	+18.974	+18.542	+11.149	+15.668	+16.232	+21.163	+12.471	+11.345	+11.343	+11.379	+11.385	+11.374	+11.397	+11.365	+11.165	+11.166	+11.370	+11.480	+11.602	+11.628	+11.611	+11.570	+11.611	+11.490	+11.055	+11.628	+11.567	+11.582	+11.795	+11.626	+11.204	+11.540	+21.882	+11.622	+11.554	+11.610	+11.624	+11.649	+11.631	+11.664	+11.684	+11.504	+11.639	+11.031	+11.620	+11.566	+11.584	+11.547	+11.051	+11.547	+11.547	+11.545	+11.561	+11.542	+11.530	+11.533	+11.536	+11.544	+11.541	+11.539	+11.527	+11.526	+11.532	+11.517	+11.435	+11.447	+11.437	+11.421	+11.436	+21.933	+11.436	+11.434	+11.422	+11.417	+11.379	+11.375	+11.429	+11.349	+11.007	+21.365	+21.684	+11.372	+11.321	+11.368	+21.919	+10.984	+17.798	+10.826	+17.656	+17.459	+17.636	+23.320	+19.178	+21.572	+21.378	+21.431	+22.458	+11.947	+11.995	+11.912	+11.816	+21.289	+22.300	+11.963	+11.968	+11.829	+11.934	+21.380	+20.584	+22.215	+11.981	+11.962	+21.225	+21.224	+11.959	+11.944	+11.949	+11.641	+11.750	+11.764	+11.959	+11.965	+11.965	+11.913	+20.833	+20.825	+11.897	+19.631	+19.893	+21.271	+21.271	+19.933	+11.914	+22.496	+20.100	+20.208	+19.299	+21.885	+22.306	+20.212	+22.511	+22.245	+19.951	+19.876	+22.147	+19.871	+21.853	+19.879	+19.888	
rs4447980      +15.102	+19.237	+18.809	+11.411	+15.921	+16.502	+21.449	+12.777	+11.618	+11.622	+11.603	+11.600	+11.608	+11.613	+11.605	+11.457	+11.457	+11.613	+11.781	+11.786	+11.794	+11.790	+11.768	+11.790	+11.772	+11.335	+11.795	+11.734	+11.795	+11.843	+11.794	+11.503	+11.748	+22.157	+11.791	+11.762	+11.789	+11.791	+11.797	+11.792	+11.802	+11.812	+11.690	+11.791	+11.309	+11.783	+11.747	+11.768	+11.742	+11.331	+11.742	+11.741	+11.740	+11.744	+11.738	+11.722	+11.731	+11.721	+11.734	+11.732	+11.731	+11.717	+11.717	+11.719	+11.724	+11.662	+11.759	+11.726	+11.697	+11.724	+22.229	+11.725	+11.726	+11.719	+11.713	+11.674	+11.671	+11.792	+11.685	+11.278	+21.736	+22.058	+11.642	+11.590	+11.637	+22.289	+11.237	+18.105	+11.088	+17.969	+17.772	+17.946	+23.691	+19.507	+21.863	+21.669	+21.721	+22.734	+12.229	+12.277	+12.193	+12.096	+21.579	+22.575	+12.245	+12.250	+12.110	+12.216	+21.669	+20.809	+22.490	+12.263	+12.244	+21.516	+21.514	+12.241	+12.225	+12.231	+11.918	+12.029	+12.042	+12.240	+12.247	+12.247	+12.194	+21.121	+21.113	+12.177	+19.898	+20.156	+21.561	+21.561	+20.237	+12.195	+22.770	+20.405	+20.512	+19.591	+22.233	+22.579	+20.516	+22.785	+22.518	+20.254	+20.179	+22.420	+20.174	+22.128	+20.182	+20.192	
rs4259168      +14.837	+18.967	+18.535	+11.144	+15.662	+16.226	+21.155	+12.465	+11.340	+11.337	+11.375	+11.381	+11.370	+11.393	+11.361	+11.160	+11.160	+11.366	+11.474	+11.599	+11.626	+11.608	+11.567	+11.608	+11.484	+11.049	+11.625	+11.565	+11.626	+11.794	+11.577	+11.198	+11.537	+21.875	+11.620	+11.550	+11.607	+11.621	+11.647	+11.629	+11.662	+11.683	+11.501	+11.636	+11.026	+11.617	+11.563	+11.582	+11.544	+11.045	+11.544	+11.543	+11.542	+11.558	+11.539	+11.527	+11.530	+11.533	+11.541	+11.538	+11.535	+11.524	+11.523	+11.529	+11.514	+11.431	+11.442	+11.432	+11.417	+11.431	+21.927	+11.431	+11.429	+11.417	+11.412	+11.374	+11.370	+11.423	+11.343	+11.002	+21.358	+21.677	+11.367	+11.316	+11.363	+21.912	+10.979	+17.792	+10.820	+17.651	+17.453	+17.631	+23.313	+19.172	+21.568	+21.374	+21.426	+22.454	+11.943	+11.990	+11.907	+11.811	+21.284	+22.296	+11.958	+11.963	+11.824	+11.929	+21.375	+20.581	+22.211	+11.976	+11.957	+21.221	+21.220	+11.954	+11.939	+11.944	+11.636	+11.746	+11.759	+11.954	+11.960	+11.960	+11.908	+20.829	+20.821	+11.892	+19.627	+19.889	+21.266	+21.267	+19.927	+11.909	+22.492	+20.095	+20.202	+19.293	+21.879	+22.302	+20.206	+22.507	+22.241	+19.945	+19.871	+22.143	+19.866	+21.848	+19.873	+19.883	
rs746994       +7.329	+10.729	+10.265	+4.857	+8.121	+8.045	+11.664	+5.805	+10.081	+10.003	+10.463	+10.497	+10.423	+10.557	+10.366	+4.951	+4.951	+10.375	+10.578	+11.143	+11.204	+11.162	+11.058	+11.162	+10.680	+5.161	+11.203	+11.086	+11.204	+11.503	+11.198	+5.245	+10.998	+12.479	+11.195	+11.030	+11.162	+11.197	+11.258	+11.218	+11.291	+11.331	+10.916	+11.241	+5.213	+11.199	+11.083	+11.113	+11.022	+5.136	+11.022	+11.021	+11.017	+11.066	+11.010	+10.987	+10.984	+11.020	+11.022	+11.011	+11.004	+10.993	+10.991	+11.009	+10.932	+10.653	+10.362	+10.437	+10.439	+10.443	+11.855	+10.432	+10.413	+10.325	+10.292	+10.092	+10.061	+9.279	+9.035	+7.137	+11.759	+11.995	+4.948	+4.906	+4.931	+12.371	+4.802	+13.235	+4.754	+12.717	+12.517	+12.695	+13.605	+14.601	+13.980	+13.808	+13.855	+17.757	+4.893	+4.918	+4.880	+4.835	+13.735	+17.599	+4.898	+4.900	+4.839	+4.879	+13.849	+17.514	+17.505	+4.909	+4.899	+13.672	+13.671	+4.898	+4.888	+4.893	+4.767	+4.811	+4.817	+4.898	+4.902	+4.902	+4.877	+13.350	+13.336	+4.871	+14.945	+15.313	+13.716	+13.716	+12.122	+4.880	+17.827	+12.286	+12.383	+11.825	+13.131	+17.641	+12.388	+17.855	+17.572	+12.163	+12.091	+17.466	+12.085	+17.105	+12.091	+12.086	
rs746993       +14.758	+18.971	+18.530	+10.975	+15.615	+15.989	+20.890	+12.309	+11.167	+11.155	+11.243	+11.257	+11.231	+11.269	+11.217	+10.934	+10.934	+11.219	+11.290	+11.503	+11.540	+11.516	+11.463	+11.516	+11.319	+10.843	+11.540	+11.478	+11.540	+11.748	+11.537	+10.998	+11.405	+21.613	+11.533	+11.439	+11.515	+11.536	+11.571	+11.547	+11.592	+11.618	+11.401	+11.559	+10.825	+11.534	+11.469	+11.487	+11.441	+10.840	+11.441	+11.440	+11.438	+11.462	+11.435	+11.425	+11.424	+11.434	+11.441	+11.436	+11.433	+11.422	+11.421	+11.429	+11.402	+11.300	+11.244	+11.254	+11.249	+11.254	+21.653	+11.252	+11.249	+11.232	+11.225	+11.186	+11.181	+11.162	+11.105	+10.815	+21.106	+21.423	+11.202	+11.151	+11.197	+21.659	+10.806	+17.558	+10.640	+17.409	+17.215	+17.390	+23.058	+18.921	+21.504	+21.310	+21.363	+22.378	+11.782	+11.830	+11.746	+11.649	+21.220	+22.219	+11.797	+11.802	+11.663	+11.768	+21.311	+20.486	+22.133	+11.816	+11.796	+21.156	+21.155	+11.793	+11.778	+11.784	+11.474	+11.583	+11.596	+11.793	+11.799	+11.800	+11.747	+20.761	+20.754	+11.730	+19.547	+19.812	+21.202	+21.202	+19.863	+11.747	+22.415	+20.032	+20.139	+19.220	+21.621	+22.224	+20.143	+22.431	+22.164	+19.881	+19.806	+22.065	+19.801	+21.772	+19.809	+19.819	
