## Summary of overall evidence for association with region:
## log10(BF for region) = 20.1995
## p-value for region = NA

## BFs for choosing among multi-SNP models:
## log10(average 1-SNP BF) = 19.4477
## log10(average 2-SNP BF) = 20.622

## Example posterior probabilities for multi-SNP models, based on default prior: [p(l) propto 0.5^l for l=1,2,...,L]
## posterior probability of 1-SNP = 0.118058
## posterior probability of 2-SNP = 0.881942

## log10(BF) for single SNP and pair of SNPs:
rs13073599     +14.943	+19.850	+15.022	+14.902	+14.804	+16.310	+18.511	+18.543	+18.531	+18.528	+18.528	+18.497	+19.555	+19.172	+18.063	+19.262	+19.198	+16.875	+14.770	+14.784	+14.931	+15.024	+14.984	+20.310	+14.920	+20.693	+20.840	+15.755	+15.772	+15.597	+15.804	+15.799	+15.812	+15.750	+15.750	+15.751	+15.805	+15.839	+15.842	+15.843	+20.329	+15.890	+21.220	+21.335	+21.242	+21.378	+17.546	+17.597	+21.371	+21.368	+16.207	+21.184	+21.182	+21.160	+21.125	+21.087	+21.013	+20.852	+20.973	+21.016	+15.803	+15.596	+21.150	+15.679	+15.616	+15.608	+17.458	+15.668	+15.300	+15.672	+15.467	+21.070	+17.122	+15.543	+14.470	+21.076	+21.080	+15.593	+21.082	+21.272	+15.574	+20.969	+21.126	+21.130	+15.587	+21.134	+21.244	+21.269	+15.813	+15.822	+15.822	+15.609	+15.420	+15.610	+15.889	+15.611	+15.607	+21.311	+21.312	+21.287	+21.312	+15.527	+21.347	+15.528	+21.175	+15.528	+15.833	+15.833	+21.413	+21.414	+16.553	+21.415	+21.416	+21.416	+21.417	+15.741	+21.417	+21.496	+21.528	+21.530	+21.536	+15.765	+16.403	+21.557	+21.598	+21.613	+21.623	+21.642	+21.631	+21.607	+15.729	+21.597	+15.796	+21.513	+21.660	+21.493	+21.411	+21.575	+16.466	+15.725	+15.720	+15.710	+21.647	+15.892	+15.658	+21.673	+21.638	+15.827	+21.737	+15.815	+20.327	+14.583	+15.828	+16.070	+14.559	+14.564	+14.375	+15.242	+14.602	+14.924	+14.223	+14.592	+14.281	+14.275	+14.257	+14.334	+14.191	+14.373	+14.067	+14.166	+14.133	+14.154	+14.128	+14.128	+14.122	+14.295	+14.121	+14.125	+14.124	+14.124	
rs55921103     +19.850	+17.804	+19.531	+19.449	+19.328	+17.329	+17.202	+17.200	+17.199	+17.199	+17.199	+17.200	+17.606	+17.587	+18.442	+17.562	+17.579	+17.683	+19.291	+19.305	+19.499	+19.643	+19.574	+18.039	+19.466	+18.868	+19.010	+20.247	+20.264	+20.017	+20.294	+20.290	+20.302	+20.250	+20.251	+20.252	+20.306	+20.329	+20.332	+20.333	+19.817	+20.379	+19.416	+19.533	+19.437	+19.579	+18.659	+18.695	+19.572	+19.570	+20.718	+19.384	+19.381	+19.354	+19.315	+19.277	+19.193	+19.039	+19.151	+19.194	+20.228	+20.121	+19.337	+20.194	+20.141	+20.133	+18.029	+20.184	+19.858	+20.187	+20.013	+19.258	+18.416	+19.383	+18.529	+19.264	+19.268	+20.114	+19.270	+19.457	+20.102	+19.159	+19.315	+19.319	+20.114	+19.323	+19.434	+19.459	+20.312	+20.320	+20.320	+20.146	+19.975	+20.146	+20.418	+20.147	+20.143	+19.504	+19.504	+19.480	+19.504	+20.074	+19.540	+20.075	+19.141	+20.075	+20.330	+20.330	+19.634	+19.635	+17.489	+19.636	+19.637	+19.637	+19.638	+20.254	+19.638	+19.721	+19.754	+19.756	+19.764	+20.276	+17.437	+19.785	+19.826	+19.840	+19.849	+19.882	+19.869	+19.843	+20.251	+19.832	+17.534	+19.740	+19.889	+19.719	+19.635	+19.812	+17.423	+20.262	+20.258	+20.279	+19.884	+20.413	+20.198	+19.875	+19.906	+20.357	+19.971	+20.346	+18.785	+18.846	+17.340	+17.904	+17.635	+17.834	+17.735	+17.264	+17.259	+17.131	+17.189	+17.130	+17.021	+17.496	+17.005	+17.389	+17.312	+17.493	+17.213	+17.609	+17.550	+17.561	+17.357	+17.339	+17.403	+17.251	+17.322	+17.324	+17.307	+17.315	
rs62250968     +15.022	+19.531	+14.980	+14.829	+14.748	+16.437	+18.184	+18.216	+18.204	+18.201	+18.201	+18.170	+19.209	+18.802	+17.712	+18.891	+18.828	+16.936	+14.710	+14.718	+14.849	+14.932	+14.898	+19.915	+14.818	+20.322	+20.474	+15.653	+15.672	+15.488	+15.706	+15.701	+15.715	+15.651	+15.651	+15.652	+15.709	+15.744	+15.747	+15.749	+20.027	+15.799	+20.905	+21.020	+20.927	+21.063	+17.604	+17.654	+21.056	+21.054	+16.149	+20.876	+20.874	+20.853	+20.818	+20.780	+20.705	+20.545	+20.665	+20.708	+15.707	+15.501	+20.843	+15.582	+15.522	+15.513	+17.562	+15.570	+15.201	+15.574	+15.368	+20.763	+17.184	+15.424	+14.450	+20.768	+20.773	+15.494	+20.775	+20.965	+15.478	+20.660	+20.818	+20.823	+15.492	+20.827	+20.937	+20.961	+15.719	+15.728	+15.728	+15.512	+15.318	+15.512	+15.795	+15.513	+15.510	+21.004	+21.004	+20.980	+21.004	+15.433	+21.040	+15.433	+20.861	+15.434	+15.739	+15.739	+21.108	+21.108	+16.665	+21.110	+21.110	+21.110	+21.111	+15.649	+21.111	+21.189	+21.220	+21.221	+21.228	+15.672	+16.510	+21.248	+21.287	+21.301	+21.311	+21.331	+21.319	+21.296	+15.632	+21.285	+15.641	+21.202	+21.349	+21.182	+21.100	+21.266	+16.570	+15.626	+15.621	+15.609	+21.336	+15.796	+15.557	+21.360	+21.329	+15.729	+21.426	+15.717	+20.040	+14.566	+15.916	+16.105	+14.665	+14.638	+14.455	+15.246	+14.565	+14.996	+14.239	+14.546	+14.277	+14.309	+14.258	+14.361	+14.211	+14.401	+14.103	+14.187	+14.165	+14.179	+14.166	+14.167	+14.162	+14.330	+14.165	+14.164	+14.164	+14.163	
rs9825958      +14.902	+19.449	+14.829	+14.433	+14.375	+16.034	+17.878	+17.910	+17.897	+17.893	+17.893	+17.862	+18.938	+18.547	+17.423	+18.639	+18.573	+16.568	+14.313	+14.317	+14.462	+14.541	+14.514	+19.681	+14.367	+20.108	+20.266	+15.516	+15.546	+15.216	+15.594	+15.584	+15.606	+15.497	+15.497	+15.499	+15.580	+15.642	+15.646	+15.648	+19.608	+15.716	+20.679	+20.797	+20.703	+20.842	+17.175	+17.229	+20.834	+20.832	+16.069	+20.643	+20.641	+20.617	+20.580	+20.541	+20.464	+20.301	+20.424	+20.468	+15.454	+15.209	+20.605	+15.325	+15.239	+15.227	+17.176	+15.308	+14.795	+15.313	+15.036	+20.523	+16.741	+14.948	+13.887	+20.529	+20.534	+15.197	+20.536	+20.717	+15.177	+20.419	+20.580	+20.585	+15.195	+20.589	+20.700	+20.725	+15.521	+15.534	+15.535	+15.235	+14.968	+15.236	+15.611	+15.237	+15.232	+20.768	+20.769	+20.744	+20.769	+15.122	+20.805	+15.123	+20.617	+15.124	+15.551	+15.552	+20.877	+20.877	+16.266	+20.879	+20.879	+20.880	+20.880	+15.418	+20.880	+20.962	+20.994	+20.996	+21.003	+15.450	+16.106	+21.024	+21.066	+21.081	+21.091	+21.112	+21.101	+21.077	+15.374	+21.066	+15.340	+20.981	+21.131	+20.961	+20.877	+21.046	+16.173	+15.346	+15.339	+15.313	+21.118	+15.569	+15.242	+21.142	+21.113	+15.478	+21.210	+15.460	+19.771	+13.992	+14.996	+15.639	+14.306	+14.265	+14.052	+14.653	+13.904	+14.228	+13.655	+13.891	+13.686	+13.766	+13.676	+13.805	+13.734	+13.850	+13.565	+13.636	+13.631	+13.634	+13.644	+13.648	+13.644	+13.789	+13.653	+13.643	+13.647	+13.645	
rs11716109     +14.804	+19.328	+14.748	+14.375	+14.171	+15.793	+17.703	+17.736	+17.723	+17.719	+17.719	+17.688	+18.811	+18.414	+17.272	+18.508	+18.440	+16.354	+14.121	+14.131	+14.357	+14.456	+14.428	+19.552	+14.229	+19.987	+20.145	+15.548	+15.581	+15.196	+15.634	+15.622	+15.647	+15.522	+15.523	+15.525	+15.622	+15.685	+15.689	+15.691	+19.509	+15.764	+20.562	+20.681	+20.586	+20.726	+16.950	+17.004	+20.719	+20.716	+16.055	+20.526	+20.523	+20.499	+20.461	+20.422	+20.344	+20.179	+20.302	+20.347	+15.441	+15.182	+20.486	+15.309	+15.216	+15.202	+16.965	+15.289	+14.713	+15.295	+14.989	+20.403	+16.513	+14.841	+13.659	+20.409	+20.414	+15.165	+20.416	+20.599	+15.146	+20.297	+20.461	+20.466	+15.166	+20.470	+20.583	+20.609	+15.527	+15.541	+15.542	+15.213	+14.912	+15.213	+15.620	+15.214	+15.208	+20.653	+20.653	+20.628	+20.653	+15.088	+20.690	+15.089	+20.487	+15.089	+15.560	+15.560	+20.763	+20.763	+16.051	+20.765	+20.765	+20.765	+20.766	+15.416	+20.766	+20.848	+20.881	+20.883	+20.890	+15.451	+15.889	+20.911	+20.953	+20.968	+20.979	+21.000	+20.988	+20.964	+15.359	+20.953	+15.131	+20.867	+21.018	+20.846	+20.762	+20.932	+15.954	+15.320	+15.311	+15.279	+21.005	+15.561	+15.199	+21.027	+20.998	+15.461	+21.098	+15.441	+19.636	+13.778	+14.764	+15.399	+14.006	+13.972	+13.758	+14.378	+13.658	+13.988	+13.404	+13.647	+13.432	+13.507	+13.420	+13.542	+13.463	+13.590	+13.305	+13.379	+13.371	+13.376	+13.381	+13.384	+13.380	+13.530	+13.387	+13.380	+13.383	+13.381	
rs73111973     +16.310	+17.329	+16.437	+16.034	+15.793	+3.452	+12.279	+12.363	+12.295	+12.290	+12.290	+12.235	+16.698	+16.118	+14.244	+16.275	+16.155	+7.082	+15.641	+15.666	+16.064	+16.315	+16.173	+17.488	+15.855	+18.470	+18.666	+17.321	+17.347	+17.014	+17.393	+17.385	+17.404	+17.315	+17.315	+17.317	+17.397	+17.442	+17.446	+17.447	+19.097	+17.513	+19.199	+19.349	+19.228	+19.407	+6.335	+6.392	+19.400	+19.398	+17.827	+19.158	+19.154	+19.110	+19.048	+19.000	+18.885	+18.683	+18.827	+18.886	+17.270	+17.033	+19.077	+17.158	+17.066	+17.052	+7.940	+17.140	+16.569	+17.146	+16.840	+18.974	+5.839	+16.255	+12.630	+18.981	+18.987	+17.023	+18.990	+19.232	+16.997	+18.837	+19.047	+19.053	+17.018	+19.058	+19.204	+19.236	+17.360	+17.373	+17.373	+17.070	+16.768	+17.071	+17.499	+17.072	+17.067	+19.291	+19.292	+19.260	+19.292	+16.944	+19.337	+16.945	+18.737	+16.946	+17.388	+17.389	+19.448	+19.449	+6.852	+19.451	+19.452	+19.452	+19.452	+17.258	+19.453	+19.555	+19.593	+19.595	+19.604	+17.293	+6.520	+19.628	+19.672	+19.687	+19.696	+19.732	+19.716	+19.683	+17.223	+19.669	+9.563	+19.549	+19.729	+19.521	+19.408	+19.634	+6.841	+17.208	+17.200	+17.158	+19.719	+17.461	+17.097	+19.693	+19.734	+17.361	+19.820	+17.343	+17.863	+13.206	+4.602	+7.563	+4.187	+4.363	+4.448	+2.996	+4.762	+3.822	+4.184	+4.465	+4.014	+3.562	+3.947	+3.219	+3.560	+2.974	+4.571	+4.917	+4.758	+4.821	+4.488	+4.454	+4.542	+3.745	+4.373	+4.419	+4.380	+4.395	
rs4855448      +18.511	+17.202	+18.184	+17.878	+17.703	+12.279	+12.972	+13.046	+13.019	+13.015	+13.014	+12.984	+16.540	+15.958	+14.359	+16.112	+15.994	+14.020	+17.612	+17.631	+17.927	+18.104	+18.024	+17.373	+17.824	+18.258	+18.453	+18.905	+18.926	+18.623	+18.965	+18.959	+18.974	+18.911	+18.911	+18.913	+18.978	+19.009	+19.012	+19.013	+18.980	+19.071	+18.986	+19.142	+19.016	+19.204	+14.871	+14.917	+19.197	+19.195	+19.424	+18.951	+18.946	+18.900	+18.835	+18.785	+18.666	+18.463	+18.609	+18.667	+18.849	+18.701	+18.863	+18.796	+18.726	+18.716	+14.608	+18.783	+18.343	+18.787	+18.559	+18.757	+14.530	+17.798	+16.541	+18.764	+18.770	+18.694	+18.773	+19.017	+18.676	+18.617	+18.831	+18.837	+18.691	+18.842	+18.990	+19.023	+18.950	+18.960	+18.960	+18.733	+18.511	+18.734	+19.084	+18.735	+18.730	+19.079	+19.080	+19.048	+19.080	+18.639	+19.127	+18.640	+18.493	+18.640	+18.972	+18.973	+19.238	+19.238	+13.818	+19.240	+19.241	+19.241	+19.242	+18.874	+19.242	+19.348	+19.386	+19.387	+19.397	+18.909	+13.694	+19.421	+19.464	+19.477	+19.485	+19.520	+19.502	+19.470	+18.876	+19.455	+13.701	+19.332	+19.516	+19.302	+19.181	+19.414	+13.715	+18.878	+18.872	+18.885	+19.498	+19.073	+18.797	+19.457	+19.500	+19.000	+19.598	+18.986	+17.626	+16.944	+13.205	+13.653	+13.579	+13.943	+13.787	+12.488	+13.129	+12.754	+13.121	+12.903	+12.629	+12.932	+12.577	+12.755	+13.031	+12.678	+13.372	+13.610	+13.531	+13.536	+13.258	+13.229	+13.344	+12.486	+13.204	+13.200	+13.171	+13.183	
rs11128143     +18.543	+17.200	+18.216	+17.910	+17.736	+12.363	+13.046	+13.058	+13.051	+13.048	+13.047	+13.023	+16.542	+15.966	+14.388	+16.118	+16.001	+14.090	+17.645	+17.665	+17.960	+18.136	+18.056	+17.374	+17.856	+18.264	+18.458	+18.935	+18.956	+18.653	+18.994	+18.989	+19.004	+18.941	+18.941	+18.942	+19.007	+19.038	+19.042	+19.043	+18.998	+19.100	+18.989	+19.144	+19.019	+19.206	+14.954	+15.000	+19.199	+19.197	+19.453	+18.954	+18.949	+18.903	+18.839	+18.789	+18.671	+18.469	+18.614	+18.672	+18.878	+18.731	+18.867	+18.826	+18.757	+18.746	+14.679	+18.813	+18.375	+18.817	+18.590	+18.761	+14.611	+17.829	+16.581	+18.768	+18.774	+18.724	+18.777	+19.021	+18.706	+18.622	+18.835	+18.841	+18.722	+18.846	+18.993	+19.026	+18.980	+18.990	+18.990	+18.764	+18.542	+18.764	+19.114	+18.765	+18.761	+19.082	+19.083	+19.051	+19.083	+18.670	+19.129	+18.670	+18.502	+18.671	+19.002	+19.003	+19.240	+19.241	+13.888	+19.243	+19.243	+19.244	+19.244	+18.904	+19.244	+19.350	+19.388	+19.389	+19.399	+18.939	+13.765	+19.423	+19.466	+19.479	+19.487	+19.522	+19.504	+19.472	+18.907	+19.458	+13.759	+19.335	+19.519	+19.306	+19.185	+19.417	+13.786	+18.909	+18.903	+18.916	+19.501	+19.104	+18.828	+19.461	+19.503	+19.031	+19.600	+19.017	+17.645	+16.984	+13.282	+13.731	+13.661	+14.013	+13.866	+12.574	+13.194	+12.831	+13.188	+12.976	+12.699	+13.018	+12.648	+12.842	+13.114	+12.764	+13.439	+13.687	+13.598	+13.614	+13.336	+13.307	+13.413	+12.571	+13.274	+13.279	+13.250	+13.262	
rs1367369      +18.531	+17.199	+18.204	+17.897	+17.723	+12.295	+13.019	+13.051	+12.988	+13.029	+13.029	+13.001	+16.541	+15.959	+14.361	+16.113	+15.995	+14.028	+17.623	+17.642	+17.937	+18.114	+18.034	+17.375	+17.833	+18.259	+18.454	+18.914	+18.935	+18.633	+18.974	+18.969	+18.984	+18.920	+18.920	+18.922	+18.987	+19.018	+19.021	+19.023	+18.980	+19.080	+18.986	+19.142	+19.017	+19.204	+14.884	+14.930	+19.197	+19.195	+19.436	+18.951	+18.947	+18.900	+18.836	+18.786	+18.667	+18.464	+18.610	+18.668	+18.863	+18.715	+18.864	+18.810	+18.740	+18.730	+14.617	+18.797	+18.358	+18.801	+18.573	+18.757	+14.544	+17.812	+16.565	+18.765	+18.771	+18.708	+18.773	+19.018	+18.690	+18.617	+18.832	+18.837	+18.705	+18.843	+18.990	+19.023	+18.964	+18.974	+18.974	+18.747	+18.525	+18.748	+19.098	+18.749	+18.744	+19.080	+19.080	+19.048	+19.081	+18.653	+19.127	+18.654	+18.494	+18.654	+18.986	+18.987	+19.238	+19.239	+13.827	+19.241	+19.241	+19.242	+19.242	+18.888	+19.242	+19.348	+19.386	+19.388	+19.397	+18.923	+13.703	+19.421	+19.464	+19.477	+19.486	+19.520	+19.502	+19.470	+18.891	+19.455	+13.719	+19.332	+19.517	+19.303	+19.181	+19.414	+13.723	+18.893	+18.887	+18.900	+19.499	+19.088	+18.811	+19.457	+19.500	+19.015	+19.598	+19.001	+17.629	+16.970	+13.217	+13.669	+13.598	+13.961	+13.805	+12.505	+13.143	+12.768	+13.139	+12.917	+12.643	+12.951	+12.591	+12.774	+13.047	+12.695	+13.395	+13.626	+13.546	+13.553	+13.274	+13.245	+13.360	+12.501	+13.220	+13.217	+13.188	+13.200	
rs28378222     +18.528	+17.199	+18.201	+17.893	+17.719	+12.290	+13.015	+13.048	+13.029	+12.983	+13.027	+12.999	+16.542	+15.959	+14.357	+16.113	+15.995	+14.023	+17.617	+17.637	+17.932	+18.108	+18.029	+17.375	+17.828	+18.258	+18.453	+18.909	+18.930	+18.627	+18.969	+18.963	+18.979	+18.915	+18.915	+18.917	+18.981	+19.013	+19.016	+19.018	+18.976	+19.075	+18.986	+19.142	+19.016	+19.204	+14.880	+14.927	+19.197	+19.195	+19.431	+18.951	+18.946	+18.900	+18.835	+18.785	+18.667	+18.463	+18.609	+18.667	+18.858	+18.710	+18.864	+18.805	+18.735	+18.725	+14.613	+18.792	+18.353	+18.796	+18.568	+18.757	+14.540	+17.807	+16.558	+18.764	+18.770	+18.703	+18.773	+19.018	+18.685	+18.617	+18.831	+18.837	+18.700	+18.842	+18.990	+19.023	+18.959	+18.969	+18.969	+18.742	+18.520	+18.743	+19.093	+18.744	+18.739	+19.080	+19.080	+19.048	+19.080	+18.648	+19.127	+18.649	+18.492	+18.649	+18.982	+18.982	+19.238	+19.239	+13.823	+19.240	+19.241	+19.242	+19.242	+18.883	+19.242	+19.348	+19.386	+19.388	+19.397	+18.918	+13.699	+19.421	+19.464	+19.477	+19.486	+19.520	+19.502	+19.470	+18.886	+19.455	+13.714	+19.332	+19.516	+19.302	+19.181	+19.414	+13.719	+18.888	+18.882	+18.895	+19.499	+19.083	+18.807	+19.457	+19.500	+19.010	+19.598	+18.996	+17.626	+16.964	+13.213	+13.662	+13.594	+13.957	+13.802	+12.500	+13.138	+12.764	+13.135	+12.912	+12.639	+12.946	+12.587	+12.768	+13.043	+12.690	+13.388	+13.623	+13.543	+13.549	+13.271	+13.242	+13.356	+12.496	+13.216	+13.213	+13.184	+13.196	
rs28613540     +18.528	+17.199	+18.201	+17.893	+17.719	+12.290	+13.014	+13.047	+13.029	+13.027	+12.983	+12.999	+16.542	+15.959	+14.357	+16.113	+15.995	+14.023	+17.617	+17.636	+17.932	+18.108	+18.029	+17.375	+17.827	+18.258	+18.453	+18.908	+18.930	+18.627	+18.968	+18.963	+18.978	+18.915	+18.915	+18.916	+18.981	+19.012	+19.016	+19.017	+18.976	+19.075	+18.986	+19.142	+19.016	+19.204	+14.881	+14.927	+19.197	+19.195	+19.431	+18.951	+18.946	+18.900	+18.835	+18.785	+18.667	+18.463	+18.609	+18.667	+18.858	+18.710	+18.864	+18.805	+18.735	+18.725	+14.613	+18.792	+18.352	+18.796	+18.568	+18.757	+14.541	+17.807	+16.558	+18.764	+18.770	+18.703	+18.773	+19.018	+18.685	+18.617	+18.831	+18.837	+18.700	+18.842	+18.990	+19.023	+18.959	+18.969	+18.969	+18.742	+18.520	+18.743	+19.093	+18.744	+18.739	+19.080	+19.080	+19.048	+19.080	+18.648	+19.127	+18.649	+18.492	+18.649	+18.981	+18.982	+19.238	+19.239	+13.823	+19.240	+19.241	+19.242	+19.242	+18.883	+19.242	+19.348	+19.386	+19.388	+19.397	+18.918	+13.699	+19.421	+19.464	+19.477	+19.486	+19.520	+19.502	+19.470	+18.886	+19.455	+13.714	+19.332	+19.516	+19.302	+19.181	+19.414	+13.719	+18.888	+18.882	+18.895	+19.499	+19.083	+18.806	+19.457	+19.500	+19.010	+19.598	+18.996	+17.626	+16.964	+13.213	+13.662	+13.594	+13.958	+13.802	+12.500	+13.138	+12.764	+13.135	+12.913	+12.639	+12.946	+12.587	+12.768	+13.043	+12.690	+13.388	+13.623	+13.543	+13.549	+13.271	+13.242	+13.356	+12.496	+13.216	+13.213	+13.185	+13.197	
rs7648607      +18.497	+17.200	+18.170	+17.862	+17.688	+12.235	+12.984	+13.023	+13.001	+12.999	+12.999	+12.927	+16.541	+15.955	+14.338	+16.109	+15.991	+13.980	+17.583	+17.602	+17.899	+18.074	+17.995	+17.376	+17.793	+18.254	+18.450	+18.876	+18.897	+18.594	+18.936	+18.930	+18.946	+18.882	+18.882	+18.884	+18.949	+18.980	+18.983	+18.985	+18.961	+19.042	+18.985	+19.141	+19.015	+19.204	+14.834	+14.881	+19.197	+19.195	+19.399	+18.950	+18.945	+18.898	+18.833	+18.783	+18.663	+18.459	+18.606	+18.664	+18.825	+18.677	+18.861	+18.772	+18.702	+18.692	+14.571	+18.759	+18.319	+18.763	+18.534	+18.754	+14.494	+17.775	+16.512	+18.762	+18.768	+18.669	+18.770	+19.016	+18.651	+18.613	+18.829	+18.835	+18.667	+18.840	+18.988	+19.021	+18.926	+18.936	+18.937	+18.709	+18.486	+18.710	+19.060	+18.710	+18.706	+19.078	+19.079	+19.046	+19.079	+18.615	+19.126	+18.615	+18.486	+18.616	+18.949	+18.949	+19.237	+19.238	+13.779	+19.239	+19.240	+19.241	+19.241	+18.850	+19.241	+19.348	+19.385	+19.387	+19.397	+18.886	+13.655	+19.420	+19.463	+19.476	+19.485	+19.519	+19.501	+19.469	+18.853	+19.454	+13.672	+19.330	+19.515	+19.300	+19.178	+19.412	+13.676	+18.855	+18.849	+18.862	+19.497	+19.050	+18.773	+19.454	+19.497	+18.977	+19.596	+18.963	+17.612	+16.918	+13.165	+13.609	+13.542	+13.906	+13.751	+12.444	+13.089	+12.714	+13.083	+12.863	+12.588	+12.892	+12.536	+12.714	+12.991	+12.633	+13.333	+13.572	+13.492	+13.499	+13.220	+13.191	+13.305	+12.444	+13.165	+13.162	+13.133	+13.145	
rs9834743      +19.555	+17.606	+19.209	+18.938	+18.811	+16.698	+16.540	+16.542	+16.541	+16.542	+16.542	+16.541	+17.125	+17.081	+18.186	+17.043	+17.068	+17.093	+18.755	+18.770	+18.969	+19.116	+19.047	+17.753	+18.936	+18.597	+18.761	+19.743	+19.760	+19.510	+19.792	+19.788	+19.800	+19.748	+19.748	+19.749	+19.805	+19.828	+19.831	+19.832	+19.452	+19.881	+19.228	+19.367	+19.255	+19.424	+18.091	+18.128	+19.417	+19.415	+20.222	+19.194	+19.190	+19.152	+19.099	+19.055	+18.955	+18.779	+18.906	+18.955	+19.719	+19.610	+19.124	+19.684	+19.630	+19.622	+17.453	+19.674	+19.337	+19.677	+19.498	+19.032	+17.829	+18.866	+17.945	+19.038	+19.043	+19.602	+19.046	+19.262	+19.590	+18.914	+19.097	+19.102	+19.603	+19.106	+19.236	+19.265	+19.805	+19.813	+19.814	+19.634	+19.459	+19.635	+19.909	+19.635	+19.631	+19.316	+19.317	+19.288	+19.317	+19.562	+19.359	+19.562	+18.847	+19.563	+19.824	+19.824	+19.461	+19.462	+16.889	+19.464	+19.465	+19.465	+19.465	+19.747	+19.466	+19.563	+19.598	+19.600	+19.609	+19.775	+16.830	+19.632	+19.673	+19.687	+19.695	+19.729	+19.713	+19.683	+19.754	+19.670	+16.913	+19.561	+19.729	+19.535	+19.432	+19.637	+16.818	+19.765	+19.761	+19.780	+19.716	+19.919	+19.698	+19.688	+19.725	+19.861	+19.809	+19.850	+18.371	+18.281	+16.708	+17.281	+17.002	+17.212	+17.108	+16.591	+16.623	+16.482	+16.561	+16.486	+16.366	+16.852	+16.347	+16.738	+16.667	+16.794	+16.600	+16.979	+16.920	+16.930	+16.722	+16.703	+16.774	+16.574	+16.687	+16.688	+16.670	+16.678	
rs6762369      +19.172	+17.587	+18.802	+18.547	+18.414	+16.118	+15.958	+15.966	+15.959	+15.959	+15.959	+15.955	+17.081	+16.517	+16.924	+16.666	+16.591	+16.547	+18.325	+18.339	+18.573	+18.724	+18.654	+17.699	+18.503	+18.476	+18.660	+19.374	+19.391	+19.136	+19.424	+19.420	+19.433	+19.379	+19.379	+19.381	+19.438	+19.462	+19.465	+19.467	+19.242	+19.516	+19.173	+19.328	+19.203	+19.391	+17.564	+17.602	+19.384	+19.382	+19.870	+19.139	+19.134	+19.087	+19.024	+18.977	+18.864	+18.673	+18.810	+18.864	+19.353	+19.239	+19.052	+19.315	+19.260	+19.252	+16.953	+19.305	+18.956	+19.308	+19.123	+18.949	+17.294	+18.487	+17.478	+18.957	+18.962	+19.231	+18.965	+19.201	+19.219	+18.817	+19.020	+19.026	+19.231	+19.031	+19.174	+19.206	+19.441	+19.450	+19.450	+19.264	+19.083	+19.265	+19.546	+19.265	+19.262	+19.262	+19.262	+19.230	+19.262	+19.189	+19.308	+19.189	+18.710	+19.189	+19.460	+19.460	+19.416	+19.417	+16.363	+19.419	+19.420	+19.420	+19.421	+19.380	+19.421	+19.527	+19.563	+19.565	+19.574	+19.406	+16.298	+19.597	+19.638	+19.651	+19.658	+19.692	+19.673	+19.641	+19.381	+19.627	+16.391	+19.504	+19.685	+19.474	+19.356	+19.583	+16.287	+19.391	+19.387	+19.405	+19.666	+19.549	+19.322	+19.623	+19.665	+19.490	+19.763	+19.479	+18.117	+17.816	+16.146	+16.720	+16.421	+16.637	+16.534	+15.985	+16.053	+15.900	+15.985	+15.909	+15.779	+16.256	+15.757	+16.137	+16.086	+16.178	+16.010	+16.410	+16.349	+16.359	+16.148	+16.129	+16.201	+15.994	+16.112	+16.113	+16.094	+16.103	
rs6786207      +18.063	+18.442	+17.712	+17.423	+17.272	+14.244	+14.359	+14.388	+14.361	+14.357	+14.357	+14.338	+18.186	+16.924	+14.442	+17.240	+17.007	+14.829	+17.173	+17.189	+17.451	+17.610	+17.538	+18.264	+17.365	+18.507	+18.739	+18.339	+18.358	+18.084	+18.394	+18.389	+18.403	+18.342	+18.342	+18.343	+18.407	+18.435	+18.438	+18.439	+18.765	+18.493	+19.335	+19.538	+19.373	+19.620	+15.791	+15.831	+19.614	+19.612	+18.869	+19.302	+19.295	+19.219	+19.122	+19.061	+18.908	+18.672	+18.839	+18.908	+18.317	+18.184	+19.156	+18.269	+18.207	+18.198	+15.306	+18.257	+17.861	+18.261	+18.054	+19.022	+15.492	+17.408	+16.088	+19.030	+19.038	+18.175	+19.041	+19.333	+18.161	+18.846	+19.110	+19.117	+18.175	+19.123	+19.306	+19.346	+18.408	+18.417	+18.417	+18.211	+18.008	+18.211	+18.520	+18.212	+18.208	+19.414	+19.415	+19.374	+19.415	+18.127	+19.471	+18.127	+18.575	+18.128	+18.428	+18.428	+19.590	+19.592	+14.626	+19.594	+19.595	+19.595	+19.596	+18.340	+19.596	+19.726	+19.764	+19.766	+19.774	+18.368	+14.538	+19.797	+19.833	+19.840	+19.843	+19.874	+19.847	+19.810	+18.337	+19.791	+14.754	+19.627	+19.845	+19.587	+19.418	+19.710	+14.539	+18.344	+18.339	+18.353	+19.803	+18.517	+18.269	+19.702	+19.765	+18.452	+19.909	+18.440	+17.533	+16.462	+14.265	+14.836	+14.501	+14.746	+14.641	+13.921	+14.158	+13.946	+14.081	+13.985	+13.807	+14.242	+13.775	+14.105	+14.131	+14.072	+14.117	+14.520	+14.449	+14.462	+14.235	+14.213	+14.289	+13.964	+14.191	+14.194	+14.172	+14.183	
rs6786226      +19.262	+17.562	+18.891	+18.639	+18.508	+16.275	+16.112	+16.118	+16.113	+16.113	+16.113	+16.109	+17.043	+16.666	+17.240	+16.681	+16.678	+16.692	+18.418	+18.432	+18.663	+18.813	+18.743	+17.696	+18.594	+18.495	+18.676	+19.455	+19.472	+19.226	+19.505	+19.501	+19.513	+19.460	+19.460	+19.462	+19.518	+19.543	+19.546	+19.547	+19.281	+19.596	+19.184	+19.337	+19.213	+19.399	+17.710	+17.747	+19.392	+19.390	+19.948	+19.150	+19.145	+19.099	+19.038	+18.991	+18.880	+18.692	+18.827	+18.881	+19.435	+19.323	+19.065	+19.399	+19.344	+19.335	+17.092	+19.389	+19.043	+19.392	+19.208	+18.964	+17.442	+18.573	+17.596	+18.971	+18.977	+19.315	+18.979	+19.212	+19.303	+18.834	+19.034	+19.040	+19.315	+19.045	+19.186	+19.218	+19.524	+19.532	+19.532	+19.348	+19.169	+19.349	+19.628	+19.349	+19.346	+19.272	+19.273	+19.241	+19.273	+19.273	+19.318	+19.274	+18.734	+19.274	+19.542	+19.542	+19.426	+19.426	+16.508	+19.428	+19.429	+19.429	+19.430	+19.463	+19.430	+19.534	+19.571	+19.573	+19.582	+19.489	+16.444	+19.605	+19.646	+19.658	+19.666	+19.700	+19.681	+19.650	+19.463	+19.635	+16.520	+19.514	+19.694	+19.485	+19.369	+19.593	+16.433	+19.474	+19.469	+19.488	+19.676	+19.630	+19.406	+19.634	+19.675	+19.572	+19.772	+19.561	+18.165	+17.931	+16.300	+16.874	+16.582	+16.780	+16.694	+16.149	+16.210	+16.058	+16.145	+16.067	+15.938	+16.418	+15.917	+16.301	+16.246	+16.341	+16.172	+16.568	+16.507	+16.517	+16.307	+16.287	+16.359	+16.152	+16.270	+16.271	+16.253	+16.261	
rs2116000      +19.198	+17.579	+18.828	+18.573	+18.440	+16.155	+15.994	+16.001	+15.995	+15.995	+15.995	+15.991	+17.068	+16.591	+17.007	+16.678	+16.555	+16.580	+18.348	+18.362	+18.596	+18.745	+18.675	+17.702	+18.523	+18.480	+18.663	+19.391	+19.409	+19.154	+19.441	+19.437	+19.450	+19.396	+19.397	+19.398	+19.455	+19.480	+19.482	+19.484	+19.250	+19.534	+19.175	+19.331	+19.205	+19.393	+17.597	+17.634	+19.386	+19.384	+19.888	+19.141	+19.137	+19.090	+19.028	+18.980	+18.868	+18.677	+18.814	+18.868	+19.372	+19.259	+19.055	+19.335	+19.280	+19.271	+16.983	+19.325	+18.976	+19.328	+19.143	+18.953	+17.328	+18.507	+17.505	+18.960	+18.965	+19.250	+18.968	+19.203	+19.238	+18.821	+19.024	+19.029	+19.251	+19.034	+19.177	+19.209	+19.461	+19.469	+19.469	+19.284	+19.103	+19.284	+19.565	+19.285	+19.281	+19.264	+19.265	+19.233	+19.265	+19.208	+19.310	+19.209	+18.716	+19.209	+19.479	+19.479	+19.418	+19.419	+16.395	+19.421	+19.422	+19.422	+19.423	+19.399	+19.423	+19.528	+19.565	+19.567	+19.576	+19.425	+16.330	+19.599	+19.640	+19.653	+19.660	+19.694	+19.675	+19.644	+19.399	+19.629	+16.420	+19.506	+19.688	+19.477	+19.359	+19.585	+16.319	+19.409	+19.405	+19.423	+19.668	+19.566	+19.341	+19.625	+19.667	+19.508	+19.765	+19.497	+18.127	+17.842	+16.181	+16.755	+16.457	+16.673	+16.570	+16.023	+16.089	+15.936	+16.021	+15.945	+15.815	+16.294	+15.794	+16.175	+16.123	+16.217	+16.045	+16.446	+16.384	+16.395	+16.184	+16.165	+16.237	+16.032	+16.148	+16.149	+16.130	+16.139	
rs12637754     +16.875	+17.683	+16.936	+16.568	+16.354	+7.082	+14.020	+14.090	+14.028	+14.023	+14.023	+13.980	+17.093	+16.547	+14.829	+16.692	+16.580	+7.552	+16.199	+16.221	+16.584	+16.834	+16.682	+17.800	+16.400	+18.767	+18.955	+17.725	+17.749	+17.441	+17.790	+17.784	+17.801	+17.718	+17.718	+17.719	+17.797	+17.836	+17.839	+17.841	+19.391	+17.901	+19.463	+19.608	+19.494	+19.666	+8.172	+8.208	+19.659	+19.656	+18.231	+19.435	+19.431	+19.391	+19.336	+19.290	+19.180	+18.987	+19.125	+19.180	+17.710	+17.500	+19.363	+17.612	+17.529	+17.517	+8.544	+17.596	+17.095	+17.600	+17.324	+19.265	+7.910	+16.803	+13.360	+19.272	+19.278	+17.487	+19.280	+19.511	+17.467	+19.136	+19.335	+19.341	+17.486	+19.346	+19.484	+19.514	+17.793	+17.805	+17.805	+17.531	+17.257	+17.532	+17.909	+17.533	+17.528	+19.567	+19.568	+19.538	+19.568	+17.419	+19.611	+17.420	+19.032	+17.420	+17.819	+17.819	+19.716	+19.717	+7.796	+19.719	+19.719	+19.720	+19.720	+17.702	+19.720	+19.817	+19.853	+19.855	+19.863	+17.730	+7.635	+19.886	+19.929	+19.943	+19.953	+19.988	+19.972	+19.941	+17.667	+19.927	+11.903	+19.815	+19.987	+19.788	+19.685	+19.901	+7.884	+17.663	+17.656	+17.619	+19.982	+17.889	+17.560	+19.957	+19.994	+17.800	+20.077	+17.784	+18.403	+13.941	+7.093	+11.687	+7.331	+7.336	+7.404	+6.964	+7.458	+6.912	+7.072	+7.219	+7.040	+7.371	+7.010	+7.063	+6.869	+6.927	+7.438	+7.818	+7.711	+7.755	+7.460	+7.438	+7.499	+7.709	+7.391	+7.414	+7.388	+7.398	
rs10510991     +14.770	+19.291	+14.710	+14.313	+14.121	+15.641	+17.612	+17.645	+17.623	+17.617	+17.617	+17.583	+18.755	+18.325	+17.173	+18.418	+18.348	+16.199	+14.020	+14.077	+14.379	+14.473	+14.498	+19.409	+14.153	+19.843	+20.001	+15.794	+15.837	+15.276	+15.897	+15.878	+15.911	+15.734	+15.734	+15.736	+15.861	+15.944	+15.948	+15.949	+19.409	+16.025	+20.451	+20.572	+20.479	+20.622	+16.812	+16.864	+20.616	+20.615	+16.069	+20.445	+20.442	+20.418	+20.380	+20.341	+20.262	+20.098	+20.221	+20.265	+15.474	+15.204	+20.406	+15.344	+15.242	+15.226	+16.841	+15.321	+14.675	+15.328	+14.990	+20.322	+16.378	+14.771	+13.523	+20.328	+20.333	+15.180	+20.335	+20.520	+15.162	+20.216	+20.381	+20.385	+15.185	+20.389	+20.502	+20.528	+15.590	+15.606	+15.607	+15.241	+14.902	+15.242	+15.684	+15.243	+15.237	+20.572	+20.572	+20.547	+20.572	+15.103	+20.609	+15.105	+20.400	+15.105	+15.628	+15.629	+20.682	+20.683	+15.926	+20.684	+20.685	+20.685	+20.685	+15.469	+20.686	+20.763	+20.791	+20.792	+20.798	+15.526	+15.755	+20.817	+20.854	+20.866	+20.875	+20.896	+20.884	+20.859	+15.419	+20.849	+14.975	+20.762	+20.914	+20.740	+20.655	+20.830	+15.819	+15.356	+15.346	+15.302	+20.900	+15.625	+15.208	+20.920	+20.893	+15.512	+20.993	+15.488	+19.514	+13.637	+14.615	+15.261	+13.858	+13.819	+13.610	+14.221	+13.510	+13.840	+13.256	+13.499	+13.284	+13.358	+13.272	+13.392	+13.313	+13.440	+13.158	+13.230	+13.222	+13.227	+13.233	+13.235	+13.232	+13.381	+13.239	+13.231	+13.235	+13.232	
rs17006441     +14.784	+19.305	+14.718	+14.317	+14.131	+15.666	+17.631	+17.665	+17.642	+17.637	+17.636	+17.602	+18.770	+18.339	+17.189	+18.432	+18.362	+16.221	+14.077	+14.050	+14.387	+14.466	+14.477	+19.419	+14.165	+19.852	+20.009	+15.789	+15.831	+15.275	+15.891	+15.873	+15.905	+15.729	+15.729	+15.731	+15.825	+15.938	+15.942	+15.943	+19.419	+16.017	+20.461	+20.583	+20.489	+20.633	+16.836	+16.888	+20.627	+20.625	+16.065	+20.457	+20.454	+20.430	+20.392	+20.353	+20.274	+20.111	+20.233	+20.278	+15.466	+15.198	+20.418	+15.342	+15.235	+15.219	+16.864	+15.320	+14.681	+15.326	+14.991	+20.335	+16.403	+14.784	+13.550	+20.341	+20.345	+15.180	+20.347	+20.531	+15.157	+20.228	+20.393	+20.397	+15.179	+20.401	+20.514	+20.540	+15.586	+15.602	+15.602	+15.240	+14.902	+15.241	+15.679	+15.242	+15.235	+20.583	+20.584	+20.559	+20.584	+15.098	+20.621	+15.099	+20.412	+15.100	+15.623	+15.623	+20.694	+20.695	+15.949	+20.696	+20.696	+20.697	+20.697	+15.457	+20.697	+20.774	+20.802	+20.803	+20.809	+15.512	+15.778	+20.828	+20.864	+20.876	+20.884	+20.906	+20.894	+20.869	+15.409	+20.858	+15.000	+20.771	+20.923	+20.750	+20.665	+20.840	+15.842	+15.351	+15.341	+15.298	+20.909	+15.615	+15.207	+20.930	+20.904	+15.504	+21.002	+15.482	+19.526	+13.661	+14.641	+15.287	+13.894	+13.849	+13.644	+14.253	+13.541	+13.868	+13.285	+13.527	+13.314	+13.388	+13.302	+13.423	+13.345	+13.469	+13.188	+13.260	+13.252	+13.257	+13.263	+13.266	+13.262	+13.411	+13.269	+13.261	+13.265	+13.263	
rs59913237     +14.931	+19.499	+14.849	+14.462	+14.357	+16.064	+17.927	+17.960	+17.937	+17.932	+17.932	+17.899	+18.969	+18.573	+17.451	+18.663	+18.596	+16.584	+14.379	+14.387	+14.447	+14.556	+14.544	+19.636	+14.366	+20.048	+20.202	+15.638	+15.674	+15.250	+15.728	+15.715	+15.741	+15.602	+15.602	+15.604	+15.691	+15.777	+15.781	+15.783	+19.551	+15.855	+20.619	+20.739	+20.647	+20.788	+17.180	+17.231	+20.782	+20.780	+16.075	+20.616	+20.613	+20.590	+20.553	+20.514	+20.437	+20.276	+20.397	+20.441	+15.467	+15.218	+20.578	+15.341	+15.250	+15.237	+17.177	+15.322	+14.787	+15.327	+15.039	+20.496	+16.750	+14.929	+13.891	+20.502	+20.507	+15.205	+20.509	+20.690	+15.184	+20.392	+20.554	+20.558	+15.203	+20.562	+20.673	+20.698	+15.549	+15.563	+15.564	+15.248	+14.967	+15.249	+15.639	+15.250	+15.245	+20.741	+20.742	+20.717	+20.742	+15.129	+20.778	+15.130	+20.586	+15.131	+15.581	+15.582	+20.850	+20.850	+16.269	+20.852	+20.852	+20.852	+20.853	+15.439	+20.853	+20.929	+20.956	+20.958	+20.963	+15.480	+16.102	+20.982	+21.018	+21.030	+21.039	+21.060	+21.048	+21.024	+15.398	+21.013	+15.319	+20.928	+21.078	+20.907	+20.823	+20.996	+16.162	+15.359	+15.351	+15.320	+21.064	+15.595	+15.243	+21.087	+21.059	+15.497	+21.156	+15.478	+19.716	+13.984	+14.994	+15.650	+14.346	+14.307	+14.084	+14.666	+13.911	+14.237	+13.666	+13.899	+13.698	+13.780	+13.687	+13.819	+13.753	+13.863	+13.581	+13.650	+13.647	+13.649	+13.662	+13.665	+13.662	+13.803	+13.671	+13.660	+13.665	+13.662	
rs13097379     +15.024	+19.643	+14.932	+14.541	+14.456	+16.315	+18.104	+18.136	+18.114	+18.108	+18.108	+18.074	+19.116	+18.724	+17.610	+18.813	+18.745	+16.834	+14.473	+14.466	+14.556	+14.601	+14.601	+19.764	+14.467	+20.161	+20.313	+15.557	+15.588	+15.250	+15.637	+15.626	+15.649	+15.535	+15.536	+15.537	+15.627	+15.685	+15.688	+15.690	+19.637	+15.758	+20.724	+20.843	+20.752	+20.892	+17.309	+17.359	+20.887	+20.885	+16.087	+20.724	+20.722	+20.699	+20.663	+20.625	+20.549	+20.389	+20.508	+20.552	+15.477	+15.240	+20.688	+15.349	+15.268	+15.257	+17.429	+15.333	+14.853	+15.338	+15.075	+20.607	+16.881	+15.010	+14.032	+20.613	+20.617	+15.229	+20.619	+20.799	+15.209	+20.503	+20.664	+20.668	+15.227	+20.672	+20.783	+20.807	+15.536	+15.549	+15.549	+15.263	+15.011	+15.264	+15.623	+15.265	+15.260	+20.850	+20.851	+20.826	+20.851	+15.157	+20.887	+15.157	+20.703	+15.158	+15.565	+15.565	+20.957	+20.958	+16.499	+20.959	+20.959	+20.960	+20.960	+15.440	+20.960	+21.035	+21.062	+21.063	+21.069	+15.475	+16.332	+21.087	+21.122	+21.134	+21.143	+21.163	+21.152	+21.127	+15.403	+21.117	+15.457	+21.033	+21.182	+21.012	+20.929	+21.100	+16.387	+15.375	+15.368	+15.342	+21.168	+15.595	+15.273	+21.192	+21.160	+15.504	+21.260	+15.487	+19.838	+14.120	+15.217	+15.785	+14.468	+14.440	+14.214	+14.835	+14.080	+14.431	+13.822	+14.070	+13.856	+13.933	+13.844	+13.976	+13.890	+14.017	+13.733	+13.803	+13.797	+13.800	+13.808	+13.812	+13.808	+13.956	+13.816	+13.807	+13.812	+13.809	
rs35408095     +14.984	+19.574	+14.898	+14.514	+14.428	+16.173	+18.024	+18.056	+18.034	+18.029	+18.029	+17.995	+19.047	+18.654	+17.538	+18.743	+18.675	+16.682	+14.498	+14.477	+14.544	+14.601	+14.550	+19.688	+14.435	+20.089	+20.241	+15.631	+15.667	+15.260	+15.720	+15.707	+15.733	+15.597	+15.598	+15.600	+15.701	+15.769	+15.773	+15.774	+19.579	+15.846	+20.653	+20.772	+20.681	+20.822	+17.277	+17.327	+20.817	+20.815	+16.084	+20.655	+20.653	+20.630	+20.594	+20.555	+20.479	+20.320	+20.439	+20.482	+15.478	+15.234	+20.619	+15.350	+15.265	+15.252	+17.265	+15.332	+14.823	+15.337	+15.060	+20.537	+16.847	+14.967	+13.980	+20.543	+20.548	+15.220	+20.550	+20.730	+15.201	+20.433	+20.594	+20.599	+15.220	+20.603	+20.714	+20.739	+15.551	+15.564	+15.564	+15.261	+14.992	+15.261	+15.639	+15.262	+15.257	+20.781	+20.782	+20.757	+20.782	+15.148	+20.818	+15.148	+20.630	+15.149	+15.582	+15.582	+20.889	+20.890	+16.358	+20.891	+20.891	+20.892	+20.892	+15.448	+20.892	+20.967	+20.994	+20.995	+21.000	+15.489	+16.191	+21.019	+21.054	+21.065	+21.074	+21.094	+21.083	+21.058	+15.410	+21.048	+15.392	+20.963	+21.113	+20.943	+20.859	+21.031	+16.250	+15.373	+15.365	+15.336	+21.099	+15.605	+15.261	+21.123	+21.092	+15.509	+21.191	+15.490	+19.758	+14.067	+15.087	+15.750	+14.466	+14.435	+14.200	+14.772	+14.005	+14.334	+13.765	+13.996	+13.797	+13.883	+13.788	+13.922	+13.859	+13.966	+13.684	+13.752	+13.751	+13.752	+13.766	+13.770	+13.767	+13.906	+13.777	+13.765	+13.771	+13.767	
rs6785461      +20.310	+18.039	+19.915	+19.681	+19.552	+17.488	+17.373	+17.374	+17.375	+17.375	+17.375	+17.376	+17.753	+17.699	+18.264	+17.696	+17.702	+17.800	+19.409	+19.419	+19.636	+19.764	+19.688	+17.999	+19.520	+18.722	+18.872	+20.321	+20.337	+20.096	+20.368	+20.364	+20.376	+20.326	+20.326	+20.328	+20.381	+20.404	+20.407	+20.408	+19.605	+20.454	+19.320	+19.454	+19.346	+19.509	+18.816	+18.849	+19.503	+19.501	+20.505	+19.297	+19.293	+19.259	+19.213	+19.173	+19.083	+18.924	+19.038	+19.083	+20.342	+20.239	+19.236	+20.311	+20.258	+20.251	+18.133	+20.301	+19.981	+20.304	+20.134	+19.152	+18.575	+19.507	+18.687	+19.158	+19.163	+20.232	+19.165	+19.365	+20.220	+19.046	+19.212	+19.217	+20.232	+19.221	+19.341	+19.368	+20.428	+20.436	+20.436	+20.266	+20.096	+20.266	+20.530	+20.267	+20.263	+19.416	+19.416	+19.389	+19.416	+20.194	+19.455	+20.195	+18.999	+20.195	+20.445	+20.445	+19.553	+19.553	+17.621	+19.555	+19.555	+19.556	+19.556	+20.369	+19.556	+19.647	+19.680	+19.682	+19.690	+20.376	+17.571	+19.712	+19.751	+19.764	+19.772	+19.805	+19.789	+19.760	+20.336	+19.747	+17.511	+19.642	+19.804	+19.618	+19.521	+19.718	+17.551	+20.347	+20.343	+20.365	+19.793	+20.495	+20.284	+19.768	+19.803	+20.440	+19.883	+20.430	+18.611	+18.977	+17.671	+18.056	+17.975	+18.177	+18.075	+17.462	+17.555	+17.408	+17.468	+17.401	+17.263	+17.690	+17.239	+17.584	+17.631	+17.697	+17.456	+17.941	+17.875	+17.890	+17.663	+17.643	+17.716	+17.457	+17.625	+17.627	+17.607	+17.617	
rs6777363      +14.920	+19.466	+14.818	+14.367	+14.229	+15.855	+17.824	+17.856	+17.833	+17.828	+17.827	+17.793	+18.936	+18.503	+17.365	+18.594	+18.523	+16.400	+14.153	+14.165	+14.366	+14.467	+14.435	+19.520	+14.232	+19.901	+20.054	+15.989	+16.040	+15.337	+16.097	+16.070	+16.109	+15.884	+15.885	+15.886	+15.981	+16.126	+16.129	+16.130	+19.450	+16.170	+20.507	+20.629	+20.536	+20.680	+17.005	+17.054	+20.675	+20.674	+16.075	+20.519	+20.516	+20.494	+20.457	+20.419	+20.341	+20.193	+20.300	+20.345	+15.475	+15.215	+20.483	+15.355	+15.251	+15.236	+17.021	+15.334	+14.720	+15.339	+15.015	+20.400	+16.575	+14.834	+13.711	+20.406	+20.411	+15.198	+20.413	+20.596	+15.175	+20.295	+20.458	+20.462	+15.197	+20.466	+20.579	+20.604	+15.595	+15.610	+15.611	+15.256	+14.930	+15.257	+15.661	+15.258	+15.251	+20.647	+20.648	+20.623	+20.648	+15.118	+20.684	+15.120	+20.478	+15.120	+15.633	+15.633	+20.758	+20.758	+16.113	+20.760	+20.760	+20.760	+20.761	+15.469	+20.761	+20.834	+20.858	+20.859	+20.864	+15.535	+15.939	+20.881	+20.914	+20.924	+20.932	+20.953	+20.941	+20.917	+15.440	+20.907	+15.105	+20.822	+20.974	+20.802	+20.717	+20.894	+15.998	+15.376	+15.366	+15.322	+20.959	+15.640	+15.232	+20.980	+20.955	+15.529	+21.051	+15.506	+19.598	+13.819	+14.804	+15.467	+14.117	+14.073	+13.859	+14.445	+13.712	+14.043	+13.458	+13.698	+13.492	+13.569	+13.480	+13.607	+13.535	+13.642	+13.371	+13.440	+13.434	+13.438	+13.449	+13.452	+13.447	+13.592	+13.455	+13.448	+13.453	+13.450	
rs6785975      +20.693	+18.868	+20.322	+20.108	+19.987	+18.470	+18.258	+18.264	+18.259	+18.258	+18.258	+18.254	+18.597	+18.476	+18.507	+18.495	+18.480	+18.767	+19.843	+19.852	+20.048	+20.161	+20.089	+18.722	+19.901	+18.924	+19.098	+20.622	+20.637	+20.557	+20.665	+20.662	+20.672	+20.627	+20.627	+20.628	+20.677	+20.699	+20.701	+20.702	+19.726	+20.745	+19.526	+19.709	+19.555	+19.779	+19.793	+19.822	+19.769	+19.766	+20.784	+19.452	+19.447	+19.401	+19.347	+19.308	+19.222	+19.089	+19.182	+19.222	+20.658	+20.567	+19.369	+20.635	+20.583	+20.576	+19.056	+20.626	+20.332	+20.629	+20.474	+19.287	+19.543	+19.865	+19.266	+19.292	+19.297	+20.562	+19.299	+19.493	+20.548	+19.188	+19.343	+19.348	+20.559	+19.352	+19.471	+19.499	+20.745	+20.752	+20.752	+20.596	+20.437	+20.596	+20.842	+20.597	+20.594	+19.547	+19.548	+19.519	+19.548	+20.527	+19.589	+20.528	+19.140	+20.528	+20.760	+20.760	+19.684	+19.685	+18.549	+19.687	+19.687	+19.688	+19.688	+20.687	+19.688	+19.794	+19.834	+19.836	+19.847	+20.687	+18.500	+19.872	+19.914	+19.925	+19.931	+19.959	+19.936	+19.905	+20.646	+19.889	+18.263	+19.762	+19.936	+19.734	+19.623	+19.830	+18.480	+20.660	+20.656	+20.675	+19.911	+20.795	+20.603	+19.860	+19.900	+20.746	+20.001	+20.737	+18.846	+19.522	+18.638	+18.977	+19.055	+18.843	+19.159	+18.398	+18.533	+18.368	+18.486	+18.369	+18.212	+18.648	+18.185	+18.540	+18.665	+18.587	+18.539	+18.984	+18.915	+18.929	+18.686	+18.664	+18.740	+18.343	+18.645	+18.643	+18.622	+18.632	
rs11712880     +20.840	+19.010	+20.474	+20.266	+20.145	+18.666	+18.453	+18.458	+18.454	+18.453	+18.453	+18.450	+18.761	+18.660	+18.739	+18.676	+18.663	+18.955	+20.001	+20.009	+20.202	+20.313	+20.241	+18.872	+20.054	+19.098	+19.129	+20.753	+20.767	+20.689	+20.793	+20.790	+20.800	+20.754	+20.754	+20.755	+20.802	+20.823	+20.825	+20.826	+19.814	+20.868	+19.558	+19.729	+19.587	+19.794	+19.966	+19.994	+19.785	+19.782	+20.900	+19.497	+19.493	+19.453	+19.405	+19.371	+19.294	+19.178	+19.259	+19.295	+20.779	+20.690	+19.426	+20.757	+20.706	+20.699	+19.225	+20.748	+20.458	+20.751	+20.598	+19.352	+19.718	+19.995	+19.431	+19.357	+19.361	+20.685	+19.363	+19.540	+20.672	+19.264	+19.403	+19.407	+20.683	+19.411	+19.519	+19.545	+20.865	+20.872	+20.873	+20.719	+20.563	+20.719	+20.962	+20.720	+20.717	+19.589	+19.590	+19.564	+19.590	+20.652	+19.628	+20.652	+19.227	+20.652	+20.881	+20.881	+19.718	+19.719	+18.728	+19.721	+19.721	+19.722	+19.722	+20.809	+19.722	+19.820	+19.857	+19.859	+19.869	+20.808	+18.682	+19.892	+19.932	+19.943	+19.949	+19.977	+19.956	+19.926	+20.768	+19.912	+18.449	+19.795	+19.959	+19.768	+19.668	+19.862	+18.660	+20.782	+20.778	+20.798	+19.937	+20.916	+20.726	+19.895	+19.932	+20.867	+20.024	+20.858	+18.971	+19.683	+18.824	+19.169	+19.251	+19.035	+19.353	+18.604	+18.723	+18.561	+18.682	+18.560	+18.409	+18.852	+18.382	+18.745	+18.857	+18.796	+18.741	+19.172	+19.106	+19.117	+18.876	+18.854	+18.931	+18.540	+18.837	+18.834	+18.813	+18.823	
