## Summary of overall evidence for association with region:
## log10(BF for region) = -0.0903759
## p-value for region = NA

## BFs for choosing among multi-SNP models:
## log10(average 1-SNP BF) = -0.0509421
## log10(average 2-SNP BF) = -0.181944

## Example posterior probabilities for multi-SNP models, based on default prior: [p(l) propto 0.5^l for l=1,2,...,L]
## posterior probability of 1-SNP = 0.730033
## posterior probability of 2-SNP = 0.269967

## log10(BF) for single SNP and pair of SNPs:
rs757517       -0.528	-0.835	-0.664	-0.842	-0.814	-0.863	-0.715	-0.854	-0.832	-0.726	-0.733	-0.882	-0.837	-0.856	-0.756	-0.856	-0.884	-0.835	-0.743	-0.746	-0.771	-0.747	-0.885	-0.884	-0.884	-0.829	-0.854	-0.803	-0.858	-0.667	-0.854	-0.867	-0.671	-0.861	-0.859	-0.860	-0.639	-0.860	-0.862	-0.861	-0.870	-0.879	-0.760	-0.558	-0.545	-0.436	-0.677	-0.780	-0.920	-0.964	-0.925	-0.730	-0.697	-0.638	-0.564	+0.262	-0.653	-0.629	+0.219	-0.673	-0.662	-0.669	-0.704	+0.054	+0.086	+0.083	-0.683	-0.667	+0.084	-0.919	+0.047	-0.772	-0.126	-0.069	-0.068	-0.078	-0.158	-0.101	-0.795	-0.208	-0.101	-0.793	-0.119	-0.764	-0.764	-0.818	-0.817	-0.790	-0.769	-0.818	-0.767	-0.199	-0.155	-0.136	-0.125	-0.114	-0.118	-0.058	-0.128	-0.838	-0.175	-0.167	-0.126	-0.130	-0.124	-0.119	-0.119	-0.147	-0.179	-0.152	-0.154	-0.153	-0.165	-0.144	-0.156	-0.198	-0.199	-0.825	-0.209	-0.210	-0.214	-0.851	-0.204	-0.219	-0.836	-0.222	-0.836	-0.783	-0.839	-0.782	-0.839	-0.259	-0.812	-0.260	-0.260	-0.262	-0.826	-0.836	-0.254	-0.254	-0.254	-0.797	-0.825	-0.809	-0.261	-0.285	-0.828	-0.839	-0.335	-0.833	-0.838	-0.839	-0.825	-0.432	-0.896	-0.876	-0.482	-0.871	-0.439	-0.441	-0.493	-0.500	-0.504	-0.508	-0.486	-0.901	-0.869	-0.505	-0.922	-0.889	-0.903	-0.571	-0.561	-0.565	-0.574	-0.912	-0.915	-0.611	-0.611	-0.612	-0.624	-0.631	-0.637	-0.596	-0.935	
rs10832855     -0.835	-0.501	-0.722	-0.657	-0.816	-0.781	-0.661	-0.884	-0.731	-0.673	-0.681	-0.818	-0.727	-0.892	-0.706	-0.893	-0.823	-0.728	-0.691	-0.694	-0.663	-0.696	-0.835	-0.833	-0.842	-0.730	-0.907	-0.708	-0.904	-0.609	-0.908	-0.771	-0.614	-0.903	-0.908	-0.902	-0.579	-0.912	-0.917	-0.920	-0.845	-0.871	-0.698	-0.507	-0.537	-0.425	-0.675	-0.773	-0.905	-0.950	-0.912	-0.718	-0.684	-0.616	-0.549	+0.277	-0.638	-0.615	+0.234	-0.659	-0.647	-0.687	-0.690	+0.068	+0.100	+0.096	-0.669	-0.685	+0.097	-0.890	+0.060	-0.757	-0.113	-0.056	-0.054	-0.065	-0.144	-0.087	-0.780	-0.194	-0.087	-0.778	-0.105	-0.774	-0.775	-0.803	-0.801	-0.767	-0.779	-0.802	-0.777	-0.186	-0.140	-0.122	-0.111	-0.100	-0.104	-0.044	-0.113	-0.821	-0.162	-0.154	-0.112	-0.116	-0.110	-0.105	-0.105	-0.134	-0.165	-0.138	-0.141	-0.139	-0.151	-0.130	-0.142	-0.185	-0.186	-0.809	-0.195	-0.196	-0.200	-0.835	-0.190	-0.205	-0.820	-0.208	-0.820	-0.792	-0.822	-0.791	-0.823	-0.246	-0.797	-0.246	-0.246	-0.248	-0.810	-0.820	-0.241	-0.241	-0.241	-0.804	-0.809	-0.793	-0.247	-0.271	-0.814	-0.825	-0.321	-0.839	-0.824	-0.826	-0.811	-0.417	-0.880	-0.861	-0.467	-0.856	-0.424	-0.426	-0.477	-0.484	-0.488	-0.493	-0.471	-0.885	-0.869	-0.489	-0.914	-0.887	-0.899	-0.555	-0.546	-0.550	-0.559	-0.906	-0.908	-0.596	-0.592	-0.592	-0.609	-0.616	-0.622	-0.581	-0.924	
rs10766426     -0.664	-0.722	-0.443	-0.741	-0.664	-0.751	-0.681	-0.737	-0.718	-0.690	-0.696	-0.786	-0.727	-0.734	-0.713	-0.733	-0.786	-0.725	-0.702	-0.705	-0.640	-0.706	-0.782	-0.784	-0.779	-0.716	-0.723	-0.781	-0.728	-0.641	-0.723	-0.792	-0.645	-0.734	-0.727	-0.733	-0.616	-0.726	-0.726	-0.722	-0.796	-0.790	-0.629	-0.404	-0.402	-0.283	-0.568	-0.682	-0.838	-0.877	-0.836	-0.645	-0.612	-0.546	-0.480	+0.346	-0.569	-0.546	+0.303	-0.590	-0.578	-0.572	-0.620	+0.139	+0.170	+0.168	-0.599	-0.570	+0.168	-0.840	+0.132	-0.689	-0.042	+0.015	+0.016	+0.005	-0.075	-0.018	-0.712	-0.124	-0.018	-0.710	-0.036	-0.670	-0.671	-0.735	-0.734	-0.702	-0.675	-0.735	-0.673	-0.116	-0.072	-0.052	-0.042	-0.031	-0.035	+0.026	-0.044	-0.755	-0.092	-0.083	-0.043	-0.047	-0.041	-0.036	-0.036	-0.064	-0.096	-0.069	-0.071	-0.069	-0.081	-0.061	-0.073	-0.115	-0.116	-0.742	-0.126	-0.126	-0.130	-0.768	-0.120	-0.135	-0.753	-0.139	-0.753	-0.690	-0.756	-0.689	-0.756	-0.176	-0.729	-0.177	-0.177	-0.178	-0.743	-0.753	-0.171	-0.171	-0.171	-0.704	-0.742	-0.726	-0.178	-0.202	-0.743	-0.755	-0.252	-0.741	-0.754	-0.755	-0.741	-0.349	-0.812	-0.792	-0.405	-0.788	-0.357	-0.359	-0.411	-0.418	-0.422	-0.426	-0.405	-0.818	-0.778	-0.423	-0.835	-0.799	-0.814	-0.488	-0.479	-0.483	-0.491	-0.823	-0.826	-0.529	-0.531	-0.531	-0.542	-0.549	-0.555	-0.513	-0.848	
rs3781949      -0.842	-0.657	-0.741	-0.482	-0.852	-0.746	-0.629	-0.904	-0.646	-0.641	-0.650	-0.857	-0.650	-0.910	-0.675	-0.911	-0.858	-0.648	-0.660	-0.663	-0.529	-0.665	-0.868	-0.866	-0.872	-0.641	-0.923	-0.741	-0.919	-0.574	-0.923	-0.821	-0.579	-0.918	-0.922	-0.918	-0.542	-0.925	-0.929	-0.931	-0.872	-0.893	-0.522	-0.234	-0.378	-0.231	-0.591	-0.742	-0.876	-0.924	-0.885	-0.678	-0.642	-0.580	-0.506	+0.336	-0.599	-0.575	+0.291	-0.620	-0.609	-0.638	-0.653	+0.122	+0.155	+0.151	-0.631	-0.637	+0.152	-0.874	+0.115	-0.722	-0.063	-0.004	-0.003	-0.013	-0.094	-0.036	-0.746	-0.145	-0.036	-0.744	-0.055	-0.732	-0.733	-0.770	-0.768	-0.738	-0.737	-0.769	-0.735	-0.137	-0.091	-0.071	-0.060	-0.050	-0.054	+0.008	-0.063	-0.789	-0.112	-0.104	-0.061	-0.065	-0.060	-0.055	-0.055	-0.084	-0.116	-0.088	-0.091	-0.089	-0.101	-0.080	-0.092	-0.136	-0.137	-0.776	-0.147	-0.148	-0.152	-0.804	-0.142	-0.157	-0.788	-0.160	-0.787	-0.751	-0.790	-0.750	-0.790	-0.198	-0.763	-0.199	-0.199	-0.200	-0.777	-0.787	-0.193	-0.193	-0.193	-0.764	-0.776	-0.760	-0.200	-0.224	-0.780	-0.792	-0.275	-0.801	-0.791	-0.792	-0.777	-0.374	-0.849	-0.829	-0.428	-0.825	-0.381	-0.384	-0.436	-0.444	-0.448	-0.452	-0.430	-0.855	-0.835	-0.449	-0.886	-0.855	-0.868	-0.516	-0.506	-0.511	-0.519	-0.876	-0.878	-0.557	-0.555	-0.555	-0.571	-0.578	-0.584	-0.542	-0.897	
rs1012105      -0.814	-0.816	-0.664	-0.852	-0.546	-0.862	-0.727	-0.837	-0.841	-0.739	-0.746	-0.864	-0.847	-0.839	-0.769	-0.839	-0.865	-0.844	-0.756	-0.759	-0.757	-0.761	-0.865	-0.866	-0.865	-0.838	-0.839	-0.809	-0.839	-0.679	-0.838	-0.853	-0.684	-0.844	-0.841	-0.843	-0.651	-0.842	-0.844	-0.843	-0.864	-0.872	-0.765	-0.560	-0.550	-0.439	-0.696	-0.778	-0.937	-0.975	-0.935	-0.748	-0.714	-0.641	-0.582	+0.244	-0.671	-0.648	+0.201	-0.692	-0.680	-0.689	-0.723	+0.038	+0.069	+0.066	-0.701	-0.687	+0.067	-0.937	+0.030	-0.791	-0.143	-0.086	-0.085	-0.095	-0.175	-0.118	-0.814	-0.225	-0.118	-0.812	-0.136	-0.783	-0.784	-0.837	-0.835	-0.809	-0.788	-0.836	-0.786	-0.216	-0.172	-0.152	-0.141	-0.131	-0.135	-0.074	-0.144	-0.856	-0.192	-0.183	-0.143	-0.147	-0.141	-0.136	-0.136	-0.164	-0.195	-0.168	-0.171	-0.169	-0.181	-0.161	-0.173	-0.215	-0.216	-0.843	-0.226	-0.226	-0.230	-0.869	-0.220	-0.235	-0.854	-0.238	-0.854	-0.803	-0.857	-0.801	-0.857	-0.276	-0.831	-0.277	-0.277	-0.278	-0.844	-0.854	-0.271	-0.271	-0.271	-0.816	-0.843	-0.827	-0.277	-0.301	-0.845	-0.857	-0.351	-0.852	-0.856	-0.857	-0.843	-0.448	-0.914	-0.894	-0.502	-0.889	-0.456	-0.458	-0.509	-0.517	-0.521	-0.525	-0.503	-0.919	-0.887	-0.521	-0.941	-0.908	-0.922	-0.587	-0.577	-0.582	-0.590	-0.930	-0.933	-0.627	-0.625	-0.625	-0.640	-0.648	-0.654	-0.612	-0.953	
rs7943186      -0.863	-0.781	-0.751	-0.746	-0.862	-0.528	-0.684	-0.889	-0.757	-0.696	-0.704	-0.869	-0.759	-0.898	-0.729	-0.899	-0.870	-0.760	-0.714	-0.717	-0.688	-0.719	-0.883	-0.881	-0.889	-0.759	-0.916	-0.714	-0.910	-0.632	-0.917	-0.825	-0.636	-0.909	-0.915	-0.908	-0.600	-0.919	-0.924	-0.928	-0.847	-0.875	-0.718	-0.513	-0.544	-0.429	-0.690	-0.794	-0.924	-0.970	-0.932	-0.740	-0.705	-0.638	-0.571	+0.260	-0.660	-0.638	+0.216	-0.681	-0.670	-0.706	-0.713	+0.050	+0.082	+0.078	-0.691	-0.704	+0.079	-0.914	+0.042	-0.780	-0.132	-0.074	-0.073	-0.083	-0.163	-0.106	-0.803	-0.213	-0.106	-0.801	-0.124	-0.795	-0.795	-0.826	-0.824	-0.794	-0.799	-0.825	-0.797	-0.205	-0.159	-0.140	-0.129	-0.119	-0.123	-0.062	-0.132	-0.844	-0.181	-0.173	-0.130	-0.135	-0.129	-0.124	-0.124	-0.152	-0.184	-0.157	-0.159	-0.158	-0.170	-0.149	-0.161	-0.204	-0.205	-0.832	-0.215	-0.215	-0.219	-0.858	-0.210	-0.224	-0.843	-0.228	-0.843	-0.812	-0.846	-0.811	-0.846	-0.265	-0.820	-0.266	-0.266	-0.267	-0.833	-0.843	-0.260	-0.260	-0.260	-0.825	-0.831	-0.816	-0.266	-0.290	-0.837	-0.848	-0.340	-0.859	-0.847	-0.848	-0.834	-0.437	-0.903	-0.884	-0.488	-0.880	-0.444	-0.446	-0.498	-0.505	-0.509	-0.513	-0.492	-0.908	-0.891	-0.510	-0.936	-0.909	-0.921	-0.576	-0.567	-0.571	-0.580	-0.928	-0.930	-0.617	-0.614	-0.614	-0.630	-0.637	-0.643	-0.602	-0.947	
rs7110441      -0.715	-0.661	-0.681	-0.629	-0.727	-0.684	-0.284	-0.746	-0.653	-0.393	-0.395	-0.682	-0.650	-0.746	-0.426	-0.746	-0.680	-0.650	-0.426	-0.426	-0.636	-0.426	-0.678	-0.678	-0.674	-0.649	-0.746	-0.666	-0.746	-0.382	-0.746	-0.686	-0.390	-0.746	-0.746	-0.746	-0.368	-0.745	-0.745	-0.744	-0.739	-0.744	-0.628	-0.487	-0.452	-0.369	-0.533	-0.572	-0.719	-0.757	-0.721	-0.556	-0.524	-0.437	-0.396	+0.406	-0.479	-0.457	+0.365	-0.497	-0.487	-0.501	-0.527	+0.202	+0.233	+0.230	-0.507	-0.499	+0.230	-0.696	+0.195	-0.590	+0.028	+0.082	+0.084	+0.073	-0.004	+0.052	-0.611	-0.051	+0.052	-0.609	+0.034	-0.586	-0.587	-0.632	-0.631	-0.584	-0.591	-0.631	-0.589	-0.042	-0.000	+0.019	+0.029	+0.039	+0.035	+0.094	+0.026	-0.649	-0.019	-0.011	+0.027	+0.024	+0.029	+0.034	+0.034	+0.007	-0.023	+0.003	+0.000	+0.002	-0.010	+0.010	-0.001	-0.041	-0.042	-0.638	-0.052	-0.052	-0.056	-0.661	-0.046	-0.061	-0.648	-0.064	-0.648	-0.603	-0.650	-0.602	-0.650	-0.100	-0.626	-0.101	-0.101	-0.102	-0.638	-0.647	-0.095	-0.095	-0.095	-0.615	-0.637	-0.623	-0.101	-0.124	-0.642	-0.652	-0.172	-0.649	-0.651	-0.653	-0.639	-0.265	-0.703	-0.685	-0.312	-0.681	-0.271	-0.274	-0.322	-0.329	-0.333	-0.337	-0.317	-0.707	-0.679	-0.334	-0.720	-0.696	-0.707	-0.397	-0.388	-0.392	-0.400	-0.714	-0.716	-0.436	-0.432	-0.432	-0.448	-0.455	-0.460	-0.421	-0.731	
rs757514       -0.854	-0.884	-0.737	-0.904	-0.837	-0.889	-0.746	-0.590	-0.889	-0.757	-0.765	-0.906	-0.894	-0.725	-0.792	-0.724	-0.906	-0.892	-0.778	-0.781	-0.813	-0.782	-0.910	-0.910	-0.911	-0.886	-0.736	-0.769	-0.729	-0.693	-0.736	-0.881	-0.698	-0.755	-0.739	-0.746	-0.664	-0.751	-0.760	-0.758	-0.794	-0.815	-0.818	-0.617	-0.603	-0.495	-0.744	-0.825	-0.977	-1.018	-0.977	-0.797	-0.763	-0.690	-0.633	+0.198	-0.721	-0.698	+0.155	-0.741	-0.730	-0.741	-0.771	-0.007	+0.024	+0.021	-0.750	-0.739	+0.022	-0.978	-0.014	-0.839	-0.188	-0.131	-0.129	-0.140	-0.219	-0.162	-0.861	-0.269	-0.162	-0.860	-0.181	-0.834	-0.834	-0.884	-0.883	-0.856	-0.838	-0.884	-0.836	-0.260	-0.216	-0.196	-0.186	-0.175	-0.179	-0.118	-0.188	-0.903	-0.236	-0.228	-0.187	-0.191	-0.185	-0.180	-0.180	-0.208	-0.240	-0.213	-0.215	-0.213	-0.225	-0.205	-0.217	-0.259	-0.260	-0.891	-0.270	-0.271	-0.275	-0.917	-0.265	-0.279	-0.902	-0.283	-0.901	-0.852	-0.904	-0.851	-0.904	-0.320	-0.878	-0.321	-0.321	-0.322	-0.891	-0.901	-0.315	-0.315	-0.315	-0.866	-0.890	-0.874	-0.321	-0.345	-0.893	-0.904	-0.395	-0.901	-0.904	-0.905	-0.891	-0.492	-0.960	-0.941	-0.544	-0.936	-0.499	-0.501	-0.553	-0.560	-0.564	-0.568	-0.547	-0.966	-0.935	-0.565	-0.986	-0.956	-0.969	-0.630	-0.621	-0.625	-0.633	-0.977	-0.979	-0.671	-0.669	-0.669	-0.684	-0.691	-0.697	-0.656	-0.998	
rs6486397      -0.832	-0.731	-0.718	-0.646	-0.841	-0.757	-0.653	-0.889	-0.496	-0.665	-0.673	-0.829	-0.633	-0.897	-0.698	-0.898	-0.833	-0.636	-0.683	-0.686	-0.588	-0.688	-0.844	-0.842	-0.850	-0.641	-0.911	-0.715	-0.907	-0.601	-0.912	-0.784	-0.605	-0.906	-0.911	-0.906	-0.569	-0.915	-0.920	-0.923	-0.851	-0.876	-0.579	-0.310	-0.447	-0.312	-0.633	-0.765	-0.897	-0.943	-0.905	-0.709	-0.675	-0.607	-0.539	+0.294	-0.629	-0.607	+0.250	-0.650	-0.639	-0.676	-0.682	+0.082	+0.114	+0.111	-0.661	-0.674	+0.111	-0.885	+0.075	-0.749	-0.100	-0.042	-0.041	-0.051	-0.131	-0.074	-0.772	-0.181	-0.074	-0.770	-0.092	-0.765	-0.765	-0.795	-0.794	-0.759	-0.769	-0.794	-0.768	-0.173	-0.128	-0.108	-0.098	-0.087	-0.091	-0.030	-0.100	-0.814	-0.149	-0.141	-0.099	-0.103	-0.097	-0.092	-0.092	-0.121	-0.152	-0.125	-0.128	-0.126	-0.138	-0.117	-0.129	-0.173	-0.173	-0.802	-0.183	-0.184	-0.188	-0.828	-0.178	-0.193	-0.813	-0.196	-0.812	-0.782	-0.815	-0.781	-0.815	-0.233	-0.789	-0.234	-0.234	-0.235	-0.802	-0.812	-0.228	-0.228	-0.228	-0.795	-0.801	-0.785	-0.235	-0.259	-0.806	-0.817	-0.309	-0.830	-0.817	-0.818	-0.804	-0.406	-0.873	-0.853	-0.457	-0.849	-0.413	-0.415	-0.467	-0.474	-0.478	-0.482	-0.461	-0.878	-0.862	-0.479	-0.907	-0.880	-0.892	-0.545	-0.536	-0.540	-0.549	-0.899	-0.901	-0.586	-0.583	-0.583	-0.599	-0.606	-0.612	-0.571	-0.917	
rs7124411      -0.726	-0.673	-0.690	-0.641	-0.739	-0.696	-0.393	-0.757	-0.665	-0.297	-0.406	-0.695	-0.662	-0.758	-0.440	-0.758	-0.693	-0.662	-0.437	-0.438	-0.647	-0.438	-0.691	-0.691	-0.688	-0.661	-0.758	-0.674	-0.758	-0.381	-0.758	-0.697	-0.391	-0.758	-0.758	-0.758	-0.366	-0.758	-0.757	-0.757	-0.750	-0.756	-0.639	-0.498	-0.463	-0.380	-0.545	-0.584	-0.731	-0.769	-0.733	-0.567	-0.535	-0.449	-0.407	+0.396	-0.489	-0.468	+0.355	-0.508	-0.497	-0.512	-0.537	+0.192	+0.223	+0.220	-0.518	-0.511	+0.220	-0.708	+0.185	-0.601	+0.018	+0.072	+0.073	+0.063	-0.014	+0.042	-0.622	-0.061	+0.041	-0.620	+0.024	-0.598	-0.598	-0.643	-0.642	-0.596	-0.602	-0.642	-0.601	-0.053	-0.010	+0.008	+0.019	+0.029	+0.025	+0.084	+0.016	-0.660	-0.029	-0.021	+0.017	+0.014	+0.019	+0.024	+0.024	-0.003	-0.033	-0.007	-0.010	-0.008	-0.020	+0.000	-0.011	-0.052	-0.052	-0.649	-0.062	-0.063	-0.066	-0.672	-0.056	-0.071	-0.659	-0.074	-0.659	-0.615	-0.661	-0.614	-0.661	-0.110	-0.637	-0.111	-0.111	-0.112	-0.649	-0.658	-0.105	-0.105	-0.105	-0.627	-0.648	-0.634	-0.111	-0.134	-0.653	-0.663	-0.182	-0.660	-0.663	-0.664	-0.650	-0.275	-0.714	-0.696	-0.323	-0.692	-0.282	-0.284	-0.333	-0.339	-0.344	-0.348	-0.327	-0.719	-0.690	-0.345	-0.732	-0.707	-0.719	-0.408	-0.399	-0.403	-0.411	-0.725	-0.727	-0.446	-0.443	-0.443	-0.459	-0.465	-0.471	-0.432	-0.742	
rs56205256     -0.733	-0.681	-0.696	-0.650	-0.746	-0.704	-0.395	-0.765	-0.673	-0.406	-0.305	-0.703	-0.670	-0.766	-0.448	-0.766	-0.702	-0.670	-0.443	-0.445	-0.655	-0.445	-0.700	-0.700	-0.697	-0.669	-0.766	-0.680	-0.766	-0.379	-0.766	-0.705	-0.389	-0.766	-0.766	-0.766	-0.364	-0.766	-0.765	-0.765	-0.757	-0.763	-0.647	-0.505	-0.471	-0.388	-0.553	-0.592	-0.738	-0.776	-0.741	-0.574	-0.542	-0.456	-0.414	+0.389	-0.496	-0.475	+0.348	-0.515	-0.504	-0.520	-0.545	+0.185	+0.216	+0.213	-0.525	-0.519	+0.213	-0.716	+0.178	-0.608	+0.011	+0.065	+0.066	+0.056	-0.021	+0.035	-0.629	-0.068	+0.034	-0.627	+0.017	-0.606	-0.606	-0.650	-0.649	-0.604	-0.610	-0.650	-0.608	-0.060	-0.017	+0.001	+0.012	+0.022	+0.018	+0.077	+0.009	-0.668	-0.036	-0.028	+0.010	+0.007	+0.012	+0.017	+0.017	-0.010	-0.040	-0.014	-0.017	-0.015	-0.027	-0.007	-0.018	-0.059	-0.059	-0.656	-0.069	-0.070	-0.073	-0.680	-0.063	-0.078	-0.666	-0.081	-0.666	-0.622	-0.669	-0.621	-0.669	-0.117	-0.645	-0.118	-0.118	-0.119	-0.657	-0.666	-0.112	-0.112	-0.112	-0.635	-0.656	-0.641	-0.118	-0.141	-0.660	-0.670	-0.189	-0.668	-0.670	-0.671	-0.658	-0.282	-0.721	-0.704	-0.330	-0.700	-0.289	-0.291	-0.340	-0.347	-0.351	-0.355	-0.334	-0.726	-0.698	-0.352	-0.740	-0.715	-0.727	-0.415	-0.406	-0.410	-0.418	-0.733	-0.735	-0.454	-0.450	-0.450	-0.466	-0.473	-0.478	-0.439	-0.750	
rs10766427     -0.882	-0.818	-0.786	-0.857	-0.864	-0.869	-0.682	-0.906	-0.829	-0.695	-0.703	-0.560	-0.836	-0.911	-0.732	-0.911	-0.708	-0.833	-0.716	-0.720	-0.732	-0.721	-0.694	-0.705	-0.698	-0.826	-0.916	-0.803	-0.916	-0.626	-0.916	-0.677	-0.632	-0.917	-0.918	-0.916	-0.596	-0.921	-0.923	-0.924	-0.884	-0.902	-0.745	-0.524	-0.531	-0.416	-0.693	-0.804	-0.949	-0.993	-0.953	-0.767	-0.733	-0.653	-0.600	+0.237	-0.688	-0.666	+0.194	-0.709	-0.698	-0.713	-0.740	+0.028	+0.059	+0.056	-0.719	-0.711	+0.057	-0.949	+0.020	-0.808	-0.154	-0.097	-0.095	-0.106	-0.185	-0.128	-0.830	-0.235	-0.128	-0.829	-0.147	-0.806	-0.806	-0.853	-0.852	-0.823	-0.810	-0.853	-0.809	-0.227	-0.182	-0.162	-0.152	-0.141	-0.145	-0.084	-0.154	-0.872	-0.202	-0.194	-0.153	-0.157	-0.151	-0.146	-0.146	-0.174	-0.206	-0.179	-0.181	-0.180	-0.192	-0.171	-0.183	-0.226	-0.227	-0.860	-0.236	-0.237	-0.241	-0.886	-0.231	-0.246	-0.871	-0.249	-0.871	-0.824	-0.873	-0.823	-0.873	-0.287	-0.847	-0.287	-0.287	-0.289	-0.860	-0.870	-0.281	-0.281	-0.281	-0.838	-0.859	-0.843	-0.288	-0.312	-0.863	-0.874	-0.362	-0.874	-0.874	-0.875	-0.860	-0.459	-0.931	-0.911	-0.513	-0.906	-0.467	-0.469	-0.521	-0.528	-0.532	-0.536	-0.514	-0.936	-0.908	-0.533	-0.959	-0.928	-0.941	-0.599	-0.589	-0.593	-0.602	-0.949	-0.952	-0.639	-0.637	-0.637	-0.653	-0.660	-0.666	-0.625	-0.971	
rs10766428     -0.837	-0.727	-0.727	-0.650	-0.847	-0.759	-0.650	-0.894	-0.633	-0.662	-0.670	-0.836	-0.495	-0.902	-0.696	-0.903	-0.840	-0.621	-0.681	-0.684	-0.554	-0.686	-0.850	-0.848	-0.856	-0.624	-0.915	-0.721	-0.912	-0.597	-0.916	-0.792	-0.602	-0.911	-0.916	-0.910	-0.567	-0.919	-0.923	-0.926	-0.857	-0.881	-0.545	-0.260	-0.428	-0.287	-0.625	-0.763	-0.895	-0.941	-0.903	-0.707	-0.672	-0.604	-0.537	+0.299	-0.627	-0.604	+0.255	-0.648	-0.636	-0.672	-0.679	+0.087	+0.119	+0.116	-0.658	-0.670	+0.116	-0.885	+0.079	-0.747	-0.096	-0.038	-0.037	-0.047	-0.127	-0.070	-0.770	-0.178	-0.070	-0.768	-0.088	-0.762	-0.762	-0.793	-0.792	-0.758	-0.766	-0.792	-0.765	-0.169	-0.124	-0.104	-0.094	-0.083	-0.087	-0.026	-0.096	-0.812	-0.145	-0.137	-0.094	-0.099	-0.093	-0.088	-0.088	-0.117	-0.148	-0.121	-0.124	-0.122	-0.134	-0.113	-0.125	-0.169	-0.170	-0.800	-0.179	-0.180	-0.184	-0.826	-0.174	-0.189	-0.811	-0.192	-0.810	-0.779	-0.813	-0.778	-0.813	-0.230	-0.787	-0.230	-0.230	-0.232	-0.800	-0.810	-0.225	-0.225	-0.225	-0.792	-0.799	-0.783	-0.231	-0.255	-0.804	-0.815	-0.305	-0.827	-0.815	-0.816	-0.801	-0.403	-0.871	-0.852	-0.454	-0.847	-0.410	-0.412	-0.464	-0.471	-0.475	-0.479	-0.457	-0.876	-0.859	-0.476	-0.906	-0.878	-0.890	-0.542	-0.533	-0.537	-0.546	-0.897	-0.899	-0.583	-0.580	-0.580	-0.596	-0.603	-0.609	-0.568	-0.916	
rs10766429     -0.856	-0.892	-0.734	-0.910	-0.839	-0.898	-0.746	-0.725	-0.897	-0.758	-0.766	-0.911	-0.902	-0.597	-0.794	-0.730	-0.911	-0.899	-0.779	-0.782	-0.823	-0.784	-0.916	-0.915	-0.917	-0.894	-0.747	-0.765	-0.738	-0.692	-0.747	-0.883	-0.698	-0.761	-0.748	-0.753	-0.664	-0.761	-0.769	-0.769	-0.790	-0.815	-0.828	-0.628	-0.614	-0.506	-0.753	-0.832	-0.984	-1.024	-0.984	-0.803	-0.770	-0.697	-0.639	+0.191	-0.727	-0.704	+0.148	-0.748	-0.736	-0.748	-0.778	-0.014	+0.018	+0.014	-0.757	-0.747	+0.015	-0.984	-0.021	-0.845	-0.194	-0.137	-0.136	-0.147	-0.226	-0.169	-0.868	-0.276	-0.169	-0.866	-0.187	-0.841	-0.841	-0.890	-0.889	-0.862	-0.845	-0.890	-0.844	-0.267	-0.222	-0.203	-0.192	-0.182	-0.186	-0.125	-0.195	-0.909	-0.243	-0.235	-0.194	-0.198	-0.192	-0.187	-0.187	-0.215	-0.246	-0.219	-0.222	-0.220	-0.232	-0.212	-0.224	-0.266	-0.267	-0.897	-0.277	-0.278	-0.281	-0.923	-0.271	-0.286	-0.908	-0.289	-0.907	-0.859	-0.910	-0.858	-0.910	-0.327	-0.884	-0.328	-0.328	-0.329	-0.898	-0.907	-0.322	-0.322	-0.322	-0.873	-0.896	-0.881	-0.328	-0.352	-0.900	-0.911	-0.402	-0.908	-0.910	-0.911	-0.897	-0.498	-0.967	-0.947	-0.551	-0.943	-0.506	-0.508	-0.559	-0.567	-0.571	-0.575	-0.553	-0.972	-0.942	-0.571	-0.993	-0.963	-0.976	-0.637	-0.627	-0.632	-0.640	-0.984	-0.986	-0.677	-0.676	-0.676	-0.690	-0.697	-0.703	-0.662	-1.005	
rs77979332     -0.756	-0.706	-0.713	-0.675	-0.769	-0.729	-0.426	-0.792	-0.698	-0.440	-0.448	-0.732	-0.696	-0.794	-0.333	-0.794	-0.734	-0.696	-0.433	-0.436	-0.680	-0.437	-0.731	-0.730	-0.728	-0.695	-0.794	-0.696	-0.795	-0.360	-0.794	-0.729	-0.373	-0.794	-0.795	-0.794	-0.299	-0.795	-0.795	-0.795	-0.780	-0.788	-0.671	-0.529	-0.495	-0.411	-0.577	-0.618	-0.763	-0.802	-0.766	-0.597	-0.564	-0.481	-0.436	+0.368	-0.519	-0.497	+0.327	-0.538	-0.527	-0.545	-0.567	+0.164	+0.195	+0.191	-0.547	-0.543	+0.192	-0.741	+0.157	-0.631	-0.011	+0.043	+0.045	+0.035	-0.043	+0.013	-0.652	-0.090	+0.013	-0.651	-0.005	-0.630	-0.631	-0.674	-0.672	-0.630	-0.635	-0.673	-0.633	-0.082	-0.039	-0.020	-0.010	+0.000	-0.003	+0.055	-0.013	-0.691	-0.058	-0.050	-0.011	-0.015	-0.010	-0.005	-0.004	-0.032	-0.062	-0.036	-0.039	-0.037	-0.049	-0.029	-0.040	-0.081	-0.082	-0.680	-0.091	-0.092	-0.095	-0.703	-0.086	-0.100	-0.690	-0.103	-0.689	-0.647	-0.692	-0.646	-0.692	-0.139	-0.668	-0.140	-0.140	-0.141	-0.680	-0.689	-0.134	-0.134	-0.134	-0.659	-0.679	-0.664	-0.140	-0.163	-0.684	-0.694	-0.212	-0.693	-0.693	-0.694	-0.681	-0.305	-0.745	-0.727	-0.353	-0.723	-0.311	-0.314	-0.363	-0.369	-0.373	-0.377	-0.357	-0.750	-0.723	-0.374	-0.765	-0.740	-0.752	-0.438	-0.429	-0.433	-0.441	-0.758	-0.760	-0.477	-0.473	-0.473	-0.489	-0.496	-0.501	-0.462	-0.776	
rs10741732     -0.856	-0.893	-0.733	-0.911	-0.839	-0.899	-0.746	-0.724	-0.898	-0.758	-0.766	-0.911	-0.903	-0.730	-0.794	-0.598	-0.911	-0.901	-0.779	-0.782	-0.824	-0.784	-0.916	-0.916	-0.918	-0.895	-0.748	-0.764	-0.739	-0.692	-0.748	-0.883	-0.697	-0.762	-0.750	-0.754	-0.663	-0.762	-0.771	-0.770	-0.789	-0.815	-0.829	-0.630	-0.615	-0.508	-0.754	-0.833	-0.985	-1.025	-0.985	-0.804	-0.771	-0.698	-0.640	+0.190	-0.728	-0.705	+0.147	-0.749	-0.737	-0.749	-0.779	-0.015	+0.016	+0.013	-0.758	-0.748	+0.014	-0.984	-0.022	-0.846	-0.195	-0.139	-0.137	-0.148	-0.227	-0.170	-0.869	-0.277	-0.170	-0.867	-0.188	-0.842	-0.842	-0.891	-0.890	-0.863	-0.847	-0.891	-0.845	-0.268	-0.224	-0.204	-0.193	-0.183	-0.187	-0.126	-0.196	-0.910	-0.244	-0.236	-0.195	-0.199	-0.193	-0.188	-0.188	-0.216	-0.247	-0.221	-0.223	-0.221	-0.233	-0.213	-0.225	-0.267	-0.268	-0.898	-0.278	-0.279	-0.282	-0.924	-0.272	-0.287	-0.909	-0.291	-0.908	-0.861	-0.911	-0.860	-0.911	-0.328	-0.885	-0.329	-0.329	-0.330	-0.898	-0.908	-0.323	-0.323	-0.323	-0.874	-0.897	-0.882	-0.329	-0.353	-0.901	-0.912	-0.403	-0.909	-0.911	-0.912	-0.898	-0.500	-0.968	-0.948	-0.552	-0.944	-0.507	-0.509	-0.560	-0.568	-0.572	-0.576	-0.554	-0.973	-0.943	-0.572	-0.994	-0.964	-0.977	-0.638	-0.628	-0.633	-0.641	-0.985	-0.987	-0.678	-0.677	-0.677	-0.691	-0.698	-0.704	-0.663	-1.006	
rs7941164      -0.884	-0.823	-0.786	-0.858	-0.865	-0.870	-0.680	-0.906	-0.833	-0.693	-0.702	-0.708	-0.840	-0.911	-0.734	-0.911	-0.562	-0.837	-0.718	-0.721	-0.736	-0.723	-0.708	-0.716	-0.711	-0.830	-0.918	-0.803	-0.915	-0.627	-0.918	-0.685	-0.633	-0.916	-0.918	-0.916	-0.597	-0.920	-0.923	-0.924	-0.883	-0.901	-0.749	-0.528	-0.534	-0.419	-0.695	-0.806	-0.951	-0.995	-0.955	-0.769	-0.735	-0.655	-0.602	+0.234	-0.691	-0.668	+0.191	-0.712	-0.700	-0.716	-0.743	+0.024	+0.056	+0.053	-0.722	-0.714	+0.054	-0.951	+0.017	-0.810	-0.157	-0.100	-0.098	-0.109	-0.188	-0.131	-0.833	-0.238	-0.131	-0.831	-0.150	-0.808	-0.809	-0.856	-0.855	-0.825	-0.813	-0.855	-0.811	-0.229	-0.185	-0.165	-0.155	-0.144	-0.148	-0.087	-0.157	-0.875	-0.205	-0.197	-0.156	-0.160	-0.154	-0.149	-0.149	-0.177	-0.209	-0.182	-0.184	-0.183	-0.195	-0.174	-0.186	-0.229	-0.229	-0.863	-0.239	-0.240	-0.244	-0.888	-0.234	-0.249	-0.873	-0.252	-0.873	-0.827	-0.876	-0.826	-0.876	-0.289	-0.850	-0.290	-0.290	-0.291	-0.863	-0.873	-0.284	-0.284	-0.284	-0.840	-0.862	-0.846	-0.291	-0.315	-0.866	-0.877	-0.365	-0.876	-0.876	-0.877	-0.863	-0.462	-0.933	-0.913	-0.515	-0.909	-0.470	-0.472	-0.523	-0.531	-0.535	-0.539	-0.517	-0.939	-0.910	-0.536	-0.961	-0.930	-0.943	-0.602	-0.592	-0.596	-0.605	-0.951	-0.954	-0.642	-0.640	-0.640	-0.655	-0.662	-0.668	-0.627	-0.973	
rs11602509     -0.835	-0.728	-0.725	-0.648	-0.844	-0.760	-0.650	-0.892	-0.636	-0.662	-0.670	-0.833	-0.621	-0.899	-0.696	-0.901	-0.837	-0.495	-0.681	-0.684	-0.559	-0.686	-0.847	-0.845	-0.853	-0.622	-0.913	-0.719	-0.909	-0.598	-0.914	-0.788	-0.602	-0.908	-0.913	-0.908	-0.567	-0.917	-0.921	-0.924	-0.854	-0.879	-0.549	-0.268	-0.432	-0.292	-0.626	-0.763	-0.895	-0.941	-0.903	-0.707	-0.673	-0.605	-0.537	+0.297	-0.627	-0.604	+0.253	-0.648	-0.637	-0.673	-0.680	+0.086	+0.118	+0.114	-0.658	-0.671	+0.115	-0.884	+0.078	-0.747	-0.097	-0.039	-0.038	-0.048	-0.128	-0.071	-0.770	-0.179	-0.071	-0.768	-0.089	-0.762	-0.763	-0.793	-0.792	-0.757	-0.767	-0.792	-0.765	-0.170	-0.125	-0.106	-0.095	-0.084	-0.088	-0.027	-0.097	-0.812	-0.146	-0.138	-0.096	-0.100	-0.094	-0.089	-0.089	-0.118	-0.149	-0.122	-0.125	-0.123	-0.135	-0.114	-0.126	-0.170	-0.171	-0.800	-0.180	-0.181	-0.185	-0.826	-0.175	-0.190	-0.811	-0.193	-0.810	-0.780	-0.813	-0.779	-0.813	-0.231	-0.787	-0.231	-0.231	-0.233	-0.800	-0.810	-0.225	-0.226	-0.226	-0.793	-0.799	-0.783	-0.232	-0.256	-0.804	-0.815	-0.306	-0.827	-0.815	-0.816	-0.801	-0.403	-0.871	-0.851	-0.455	-0.847	-0.410	-0.413	-0.464	-0.471	-0.476	-0.480	-0.458	-0.876	-0.859	-0.476	-0.905	-0.878	-0.890	-0.543	-0.533	-0.538	-0.546	-0.897	-0.899	-0.583	-0.580	-0.580	-0.597	-0.604	-0.610	-0.569	-0.915	
rs56115383     -0.743	-0.691	-0.702	-0.660	-0.756	-0.714	-0.426	-0.778	-0.683	-0.437	-0.443	-0.716	-0.681	-0.779	-0.433	-0.779	-0.718	-0.681	-0.317	-0.424	-0.665	-0.425	-0.714	-0.713	-0.711	-0.680	-0.778	-0.686	-0.780	-0.367	-0.778	-0.715	-0.379	-0.780	-0.780	-0.780	-0.315	-0.780	-0.780	-0.780	-0.768	-0.775	-0.657	-0.515	-0.481	-0.397	-0.563	-0.603	-0.749	-0.787	-0.752	-0.584	-0.551	-0.467	-0.423	+0.380	-0.506	-0.484	+0.339	-0.525	-0.514	-0.530	-0.554	+0.176	+0.207	+0.204	-0.534	-0.529	+0.204	-0.727	+0.169	-0.617	+0.002	+0.056	+0.057	+0.047	-0.030	+0.025	-0.639	-0.077	+0.025	-0.637	+0.008	-0.616	-0.616	-0.660	-0.659	-0.615	-0.620	-0.659	-0.618	-0.069	-0.026	-0.008	+0.003	+0.013	+0.009	+0.068	+0.000	-0.677	-0.046	-0.038	+0.001	-0.002	+0.003	+0.008	+0.008	-0.019	-0.050	-0.024	-0.026	-0.024	-0.036	-0.016	-0.027	-0.068	-0.069	-0.666	-0.078	-0.079	-0.083	-0.690	-0.073	-0.087	-0.676	-0.090	-0.676	-0.633	-0.678	-0.632	-0.678	-0.127	-0.654	-0.127	-0.127	-0.129	-0.666	-0.675	-0.122	-0.122	-0.122	-0.645	-0.665	-0.651	-0.128	-0.150	-0.670	-0.680	-0.199	-0.678	-0.680	-0.681	-0.667	-0.292	-0.731	-0.713	-0.340	-0.709	-0.298	-0.301	-0.349	-0.356	-0.360	-0.364	-0.344	-0.736	-0.708	-0.361	-0.751	-0.725	-0.737	-0.425	-0.416	-0.420	-0.428	-0.744	-0.746	-0.463	-0.460	-0.460	-0.476	-0.482	-0.488	-0.449	-0.761	
rs80286007     -0.746	-0.694	-0.705	-0.663	-0.759	-0.717	-0.426	-0.781	-0.686	-0.438	-0.445	-0.720	-0.684	-0.782	-0.436	-0.782	-0.721	-0.684	-0.424	-0.320	-0.668	-0.427	-0.717	-0.717	-0.714	-0.683	-0.782	-0.688	-0.783	-0.365	-0.781	-0.718	-0.378	-0.783	-0.783	-0.783	-0.311	-0.783	-0.783	-0.783	-0.770	-0.778	-0.660	-0.518	-0.484	-0.400	-0.566	-0.606	-0.752	-0.790	-0.755	-0.586	-0.554	-0.470	-0.425	+0.378	-0.508	-0.487	+0.337	-0.527	-0.516	-0.533	-0.557	+0.174	+0.204	+0.201	-0.537	-0.531	+0.202	-0.730	+0.167	-0.620	-0.001	+0.053	+0.055	+0.045	-0.033	+0.023	-0.641	-0.080	+0.023	-0.640	+0.005	-0.619	-0.619	-0.663	-0.661	-0.618	-0.623	-0.662	-0.621	-0.071	-0.029	-0.010	+0.000	+0.010	+0.007	+0.065	-0.003	-0.680	-0.048	-0.040	-0.001	-0.005	+0.001	+0.005	+0.006	-0.022	-0.052	-0.026	-0.028	-0.027	-0.038	-0.019	-0.030	-0.070	-0.071	-0.669	-0.081	-0.082	-0.085	-0.692	-0.075	-0.090	-0.679	-0.093	-0.678	-0.635	-0.681	-0.634	-0.681	-0.129	-0.657	-0.130	-0.130	-0.131	-0.669	-0.678	-0.124	-0.124	-0.124	-0.648	-0.668	-0.653	-0.130	-0.153	-0.673	-0.683	-0.201	-0.681	-0.682	-0.683	-0.670	-0.294	-0.734	-0.716	-0.342	-0.712	-0.301	-0.303	-0.352	-0.359	-0.363	-0.367	-0.346	-0.739	-0.711	-0.364	-0.753	-0.728	-0.740	-0.427	-0.418	-0.422	-0.431	-0.747	-0.749	-0.466	-0.462	-0.462	-0.478	-0.485	-0.491	-0.452	-0.764	
rs10766430     -0.771	-0.663	-0.640	-0.529	-0.757	-0.688	-0.636	-0.813	-0.588	-0.647	-0.655	-0.732	-0.554	-0.823	-0.680	-0.824	-0.736	-0.559	-0.665	-0.668	-0.459	-0.670	-0.751	-0.746	-0.759	-0.574	-0.841	-0.626	-0.836	-0.586	-0.841	-0.669	-0.590	-0.835	-0.841	-0.834	-0.556	-0.846	-0.852	-0.856	-0.767	-0.797	-0.658	-0.504	-0.538	-0.434	-0.654	-0.748	-0.877	-0.919	-0.884	-0.696	-0.663	-0.595	-0.528	+0.283	-0.615	-0.593	+0.241	-0.635	-0.624	-0.670	-0.666	+0.076	+0.107	+0.104	-0.645	-0.668	+0.104	-0.849	+0.069	-0.731	-0.102	-0.046	-0.045	-0.055	-0.133	-0.077	-0.754	-0.182	-0.077	-0.752	-0.095	-0.754	-0.754	-0.776	-0.774	-0.730	-0.758	-0.775	-0.756	-0.174	-0.129	-0.111	-0.100	-0.090	-0.094	-0.034	-0.103	-0.794	-0.150	-0.142	-0.101	-0.105	-0.100	-0.095	-0.095	-0.123	-0.153	-0.127	-0.130	-0.128	-0.140	-0.119	-0.131	-0.173	-0.174	-0.782	-0.184	-0.184	-0.188	-0.807	-0.179	-0.193	-0.793	-0.196	-0.792	-0.770	-0.795	-0.769	-0.795	-0.233	-0.770	-0.234	-0.234	-0.235	-0.783	-0.792	-0.228	-0.228	-0.228	-0.782	-0.781	-0.766	-0.234	-0.257	-0.788	-0.798	-0.306	-0.815	-0.798	-0.799	-0.785	-0.401	-0.851	-0.833	-0.449	-0.829	-0.407	-0.409	-0.459	-0.466	-0.471	-0.475	-0.453	-0.856	-0.843	-0.471	-0.883	-0.860	-0.870	-0.537	-0.527	-0.531	-0.540	-0.876	-0.878	-0.576	-0.572	-0.572	-0.589	-0.596	-0.601	-0.562	-0.892	
rs77581557     -0.747	-0.696	-0.706	-0.665	-0.761	-0.719	-0.426	-0.782	-0.688	-0.438	-0.445	-0.721	-0.686	-0.784	-0.437	-0.784	-0.723	-0.686	-0.425	-0.427	-0.670	-0.322	-0.719	-0.719	-0.716	-0.685	-0.783	-0.689	-0.785	-0.364	-0.783	-0.719	-0.377	-0.784	-0.785	-0.784	-0.309	-0.785	-0.785	-0.785	-0.772	-0.779	-0.662	-0.520	-0.485	-0.402	-0.568	-0.608	-0.754	-0.792	-0.756	-0.588	-0.556	-0.471	-0.427	+0.376	-0.510	-0.488	+0.335	-0.529	-0.518	-0.535	-0.558	+0.172	+0.203	+0.200	-0.538	-0.533	+0.200	-0.731	+0.165	-0.622	-0.002	+0.052	+0.053	+0.043	-0.034	+0.021	-0.643	-0.081	+0.021	-0.641	+0.004	-0.620	-0.621	-0.664	-0.663	-0.620	-0.625	-0.664	-0.623	-0.073	-0.030	-0.012	-0.001	+0.009	+0.005	+0.064	-0.004	-0.682	-0.050	-0.042	-0.003	-0.007	-0.001	+0.004	+0.004	-0.023	-0.054	-0.028	-0.030	-0.028	-0.040	-0.020	-0.032	-0.072	-0.073	-0.670	-0.082	-0.083	-0.087	-0.694	-0.077	-0.091	-0.681	-0.095	-0.680	-0.637	-0.683	-0.636	-0.683	-0.131	-0.659	-0.132	-0.132	-0.133	-0.671	-0.680	-0.126	-0.126	-0.126	-0.649	-0.670	-0.655	-0.132	-0.155	-0.674	-0.684	-0.203	-0.683	-0.684	-0.685	-0.672	-0.296	-0.736	-0.718	-0.344	-0.714	-0.303	-0.305	-0.354	-0.360	-0.365	-0.369	-0.348	-0.741	-0.713	-0.365	-0.755	-0.730	-0.742	-0.429	-0.420	-0.424	-0.432	-0.748	-0.750	-0.468	-0.464	-0.464	-0.480	-0.487	-0.492	-0.453	-0.766	
rs10832856     -0.885	-0.835	-0.782	-0.868	-0.865	-0.883	-0.678	-0.910	-0.844	-0.691	-0.700	-0.694	-0.850	-0.916	-0.731	-0.916	-0.708	-0.847	-0.714	-0.717	-0.751	-0.719	-0.571	-0.709	-0.710	-0.840	-0.922	-0.800	-0.921	-0.620	-0.922	-0.644	-0.626	-0.922	-0.924	-0.921	-0.589	-0.927	-0.930	-0.931	-0.883	-0.903	-0.763	-0.546	-0.551	-0.437	-0.708	-0.815	-0.960	-1.004	-0.964	-0.777	-0.743	-0.664	-0.610	+0.225	-0.699	-0.676	+0.182	-0.719	-0.708	-0.726	-0.750	+0.016	+0.047	+0.044	-0.729	-0.724	+0.045	-0.958	+0.008	-0.818	-0.165	-0.108	-0.107	-0.118	-0.197	-0.140	-0.841	-0.247	-0.140	-0.839	-0.158	-0.818	-0.818	-0.864	-0.862	-0.834	-0.822	-0.863	-0.821	-0.238	-0.193	-0.174	-0.163	-0.153	-0.157	-0.096	-0.166	-0.882	-0.214	-0.206	-0.165	-0.169	-0.163	-0.158	-0.158	-0.186	-0.218	-0.191	-0.193	-0.191	-0.203	-0.183	-0.195	-0.237	-0.238	-0.870	-0.248	-0.249	-0.252	-0.896	-0.242	-0.257	-0.881	-0.261	-0.881	-0.836	-0.883	-0.835	-0.883	-0.298	-0.858	-0.299	-0.299	-0.300	-0.871	-0.881	-0.293	-0.293	-0.293	-0.849	-0.869	-0.854	-0.299	-0.323	-0.874	-0.885	-0.373	-0.885	-0.884	-0.885	-0.871	-0.470	-0.941	-0.921	-0.523	-0.917	-0.478	-0.480	-0.532	-0.539	-0.543	-0.547	-0.525	-0.946	-0.919	-0.544	-0.970	-0.939	-0.952	-0.610	-0.600	-0.605	-0.613	-0.960	-0.963	-0.650	-0.648	-0.648	-0.664	-0.671	-0.677	-0.636	-0.981	
rs10832857     -0.884	-0.833	-0.784	-0.866	-0.866	-0.881	-0.678	-0.910	-0.842	-0.691	-0.700	-0.705	-0.848	-0.915	-0.730	-0.916	-0.716	-0.845	-0.713	-0.717	-0.746	-0.719	-0.709	-0.568	-0.701	-0.837	-0.921	-0.800	-0.920	-0.620	-0.921	-0.644	-0.626	-0.921	-0.923	-0.920	-0.590	-0.926	-0.928	-0.930	-0.883	-0.903	-0.760	-0.540	-0.545	-0.431	-0.704	-0.813	-0.957	-1.001	-0.961	-0.775	-0.740	-0.661	-0.607	+0.228	-0.696	-0.673	+0.185	-0.717	-0.705	-0.723	-0.748	+0.019	+0.051	+0.047	-0.727	-0.721	+0.048	-0.956	+0.012	-0.815	-0.162	-0.105	-0.104	-0.114	-0.194	-0.137	-0.838	-0.244	-0.137	-0.836	-0.155	-0.815	-0.815	-0.861	-0.860	-0.831	-0.819	-0.860	-0.818	-0.235	-0.190	-0.171	-0.160	-0.150	-0.154	-0.093	-0.163	-0.880	-0.211	-0.203	-0.161	-0.165	-0.160	-0.155	-0.155	-0.183	-0.215	-0.188	-0.190	-0.188	-0.200	-0.180	-0.192	-0.234	-0.235	-0.868	-0.245	-0.246	-0.249	-0.894	-0.239	-0.254	-0.878	-0.258	-0.878	-0.833	-0.881	-0.832	-0.881	-0.295	-0.855	-0.296	-0.296	-0.297	-0.868	-0.878	-0.290	-0.290	-0.290	-0.847	-0.867	-0.851	-0.296	-0.320	-0.871	-0.882	-0.370	-0.882	-0.881	-0.883	-0.868	-0.468	-0.938	-0.918	-0.521	-0.914	-0.475	-0.477	-0.529	-0.536	-0.540	-0.544	-0.523	-0.944	-0.916	-0.541	-0.967	-0.936	-0.949	-0.607	-0.597	-0.602	-0.610	-0.957	-0.960	-0.648	-0.645	-0.645	-0.661	-0.668	-0.674	-0.633	-0.979	
rs2299637      -0.884	-0.842	-0.779	-0.872	-0.865	-0.889	-0.674	-0.911	-0.850	-0.688	-0.697	-0.698	-0.856	-0.917	-0.728	-0.918	-0.711	-0.853	-0.711	-0.714	-0.759	-0.716	-0.710	-0.701	-0.574	-0.846	-0.924	-0.797	-0.923	-0.615	-0.924	-0.612	-0.621	-0.924	-0.926	-0.923	-0.584	-0.929	-0.932	-0.933	-0.882	-0.903	-0.771	-0.554	-0.558	-0.445	-0.714	-0.820	-0.964	-1.008	-0.968	-0.781	-0.746	-0.668	-0.613	+0.221	-0.702	-0.679	+0.178	-0.723	-0.711	-0.730	-0.754	+0.012	+0.044	+0.041	-0.732	-0.728	+0.041	-0.961	+0.005	-0.821	-0.169	-0.112	-0.111	-0.121	-0.201	-0.143	-0.844	-0.250	-0.144	-0.842	-0.162	-0.822	-0.822	-0.867	-0.866	-0.837	-0.827	-0.866	-0.825	-0.242	-0.197	-0.178	-0.167	-0.157	-0.160	-0.100	-0.170	-0.886	-0.218	-0.210	-0.168	-0.172	-0.167	-0.162	-0.161	-0.190	-0.221	-0.194	-0.197	-0.195	-0.207	-0.186	-0.198	-0.241	-0.242	-0.873	-0.252	-0.252	-0.256	-0.899	-0.246	-0.261	-0.884	-0.264	-0.884	-0.840	-0.887	-0.839	-0.887	-0.302	-0.861	-0.303	-0.303	-0.304	-0.874	-0.884	-0.297	-0.297	-0.297	-0.854	-0.873	-0.857	-0.303	-0.327	-0.877	-0.888	-0.377	-0.889	-0.887	-0.889	-0.874	-0.474	-0.944	-0.924	-0.527	-0.920	-0.482	-0.484	-0.535	-0.542	-0.547	-0.551	-0.529	-0.950	-0.923	-0.547	-0.973	-0.943	-0.956	-0.613	-0.604	-0.608	-0.617	-0.964	-0.967	-0.654	-0.651	-0.652	-0.667	-0.674	-0.680	-0.639	-0.985	
rs2299636      -0.829	-0.730	-0.716	-0.641	-0.838	-0.759	-0.649	-0.886	-0.641	-0.661	-0.669	-0.826	-0.624	-0.894	-0.695	-0.895	-0.830	-0.622	-0.680	-0.683	-0.574	-0.685	-0.840	-0.837	-0.846	-0.492	-0.907	-0.711	-0.904	-0.597	-0.908	-0.778	-0.602	-0.903	-0.908	-0.902	-0.567	-0.912	-0.916	-0.919	-0.847	-0.872	-0.571	-0.285	-0.442	-0.305	-0.630	-0.762	-0.894	-0.940	-0.902	-0.707	-0.672	-0.605	-0.537	+0.295	-0.627	-0.604	+0.251	-0.648	-0.636	-0.673	-0.679	+0.084	+0.116	+0.112	-0.658	-0.672	+0.113	-0.881	+0.076	-0.746	-0.098	-0.040	-0.039	-0.050	-0.129	-0.072	-0.769	-0.180	-0.072	-0.768	-0.091	-0.762	-0.763	-0.792	-0.791	-0.755	-0.767	-0.791	-0.765	-0.171	-0.126	-0.107	-0.096	-0.086	-0.089	-0.028	-0.098	-0.811	-0.147	-0.139	-0.097	-0.101	-0.095	-0.091	-0.090	-0.119	-0.150	-0.123	-0.126	-0.124	-0.136	-0.115	-0.128	-0.171	-0.172	-0.799	-0.181	-0.182	-0.186	-0.825	-0.176	-0.191	-0.810	-0.194	-0.809	-0.780	-0.812	-0.779	-0.812	-0.231	-0.786	-0.232	-0.232	-0.234	-0.799	-0.809	-0.226	-0.227	-0.226	-0.792	-0.798	-0.782	-0.233	-0.257	-0.803	-0.814	-0.307	-0.827	-0.814	-0.815	-0.801	-0.404	-0.870	-0.850	-0.455	-0.846	-0.411	-0.413	-0.464	-0.472	-0.476	-0.480	-0.458	-0.875	-0.858	-0.477	-0.904	-0.876	-0.888	-0.543	-0.533	-0.538	-0.546	-0.895	-0.898	-0.583	-0.580	-0.580	-0.597	-0.604	-0.610	-0.569	-0.914	
rs2299635      -0.854	-0.907	-0.723	-0.923	-0.839	-0.916	-0.746	-0.736	-0.911	-0.758	-0.766	-0.916	-0.915	-0.747	-0.794	-0.748	-0.918	-0.913	-0.778	-0.782	-0.841	-0.783	-0.922	-0.921	-0.924	-0.907	-0.609	-0.752	-0.754	-0.687	-0.743	-0.881	-0.693	-0.771	-0.764	-0.761	-0.658	-0.777	-0.786	-0.788	-0.774	-0.808	-0.844	-0.648	-0.633	-0.527	-0.769	-0.846	-0.996	-1.037	-0.997	-0.815	-0.781	-0.709	-0.650	+0.179	-0.738	-0.715	+0.136	-0.759	-0.747	-0.762	-0.789	-0.027	+0.005	+0.002	-0.768	-0.761	+0.002	-0.994	-0.034	-0.856	-0.207	-0.150	-0.149	-0.159	-0.238	-0.181	-0.879	-0.288	-0.181	-0.877	-0.200	-0.854	-0.855	-0.901	-0.900	-0.874	-0.859	-0.901	-0.857	-0.280	-0.235	-0.216	-0.205	-0.195	-0.198	-0.138	-0.208	-0.920	-0.255	-0.247	-0.206	-0.210	-0.204	-0.199	-0.199	-0.227	-0.259	-0.232	-0.234	-0.233	-0.245	-0.224	-0.236	-0.279	-0.279	-0.908	-0.289	-0.290	-0.294	-0.934	-0.284	-0.299	-0.919	-0.302	-0.919	-0.873	-0.921	-0.872	-0.921	-0.339	-0.895	-0.340	-0.340	-0.341	-0.909	-0.918	-0.334	-0.334	-0.334	-0.886	-0.907	-0.892	-0.340	-0.364	-0.911	-0.922	-0.414	-0.921	-0.921	-0.923	-0.908	-0.511	-0.978	-0.958	-0.563	-0.954	-0.518	-0.520	-0.571	-0.578	-0.583	-0.587	-0.565	-0.983	-0.955	-0.583	-1.005	-0.975	-0.988	-0.649	-0.639	-0.644	-0.652	-0.996	-0.999	-0.689	-0.687	-0.687	-0.702	-0.709	-0.715	-0.674	-1.017	
rs10766431     -0.803	-0.708	-0.781	-0.741	-0.809	-0.714	-0.666	-0.769	-0.715	-0.674	-0.680	-0.803	-0.721	-0.765	-0.696	-0.764	-0.803	-0.719	-0.686	-0.688	-0.626	-0.689	-0.800	-0.800	-0.797	-0.711	-0.752	-0.413	-0.757	-0.627	-0.751	-0.803	-0.631	-0.761	-0.754	-0.759	-0.602	-0.754	-0.752	-0.750	-0.799	-0.794	-0.633	-0.419	-0.402	-0.291	-0.554	-0.600	-0.771	-0.808	-0.758	-0.617	-0.584	-0.505	-0.492	+0.361	-0.575	-0.553	+0.319	-0.595	-0.583	-0.568	-0.622	+0.163	+0.195	+0.191	-0.602	-0.567	+0.192	-0.812	+0.156	-0.687	-0.018	+0.040	+0.041	+0.030	-0.050	+0.007	-0.709	-0.099	+0.007	-0.707	-0.011	-0.662	-0.662	-0.730	-0.729	-0.683	-0.666	-0.730	-0.665	-0.090	-0.046	-0.026	-0.016	-0.006	-0.009	+0.052	-0.018	-0.748	-0.066	-0.057	-0.017	-0.021	-0.015	-0.010	-0.010	-0.038	-0.069	-0.043	-0.045	-0.043	-0.055	-0.035	-0.047	-0.089	-0.090	-0.736	-0.100	-0.101	-0.104	-0.761	-0.094	-0.109	-0.747	-0.113	-0.746	-0.680	-0.749	-0.679	-0.749	-0.150	-0.725	-0.151	-0.151	-0.152	-0.737	-0.746	-0.145	-0.145	-0.145	-0.694	-0.735	-0.720	-0.151	-0.175	-0.740	-0.751	-0.225	-0.732	-0.750	-0.751	-0.737	-0.322	-0.804	-0.785	-0.377	-0.781	-0.330	-0.332	-0.383	-0.390	-0.395	-0.399	-0.377	-0.809	-0.765	-0.395	-0.817	-0.786	-0.799	-0.464	-0.455	-0.459	-0.467	-0.807	-0.810	-0.504	-0.498	-0.498	-0.517	-0.525	-0.531	-0.490	-0.829	
rs10766432     -0.858	-0.904	-0.728	-0.919	-0.839	-0.910	-0.746	-0.729	-0.907	-0.758	-0.766	-0.916	-0.912	-0.738	-0.795	-0.739	-0.915	-0.909	-0.780	-0.783	-0.836	-0.785	-0.921	-0.920	-0.923	-0.904	-0.754	-0.757	-0.605	-0.690	-0.754	-0.883	-0.695	-0.760	-0.747	-0.748	-0.661	-0.763	-0.772	-0.772	-0.774	-0.805	-0.839	-0.642	-0.627	-0.520	-0.764	-0.842	-0.993	-1.033	-0.993	-0.812	-0.778	-0.706	-0.647	+0.182	-0.735	-0.713	+0.139	-0.756	-0.744	-0.758	-0.786	-0.024	+0.008	+0.005	-0.765	-0.757	+0.006	-0.991	-0.031	-0.853	-0.204	-0.147	-0.145	-0.156	-0.235	-0.178	-0.876	-0.285	-0.178	-0.874	-0.197	-0.851	-0.851	-0.899	-0.897	-0.871	-0.855	-0.898	-0.853	-0.276	-0.232	-0.212	-0.202	-0.191	-0.195	-0.135	-0.204	-0.917	-0.252	-0.244	-0.203	-0.207	-0.201	-0.196	-0.196	-0.224	-0.256	-0.229	-0.231	-0.230	-0.242	-0.221	-0.233	-0.275	-0.276	-0.905	-0.286	-0.287	-0.291	-0.931	-0.281	-0.295	-0.916	-0.299	-0.916	-0.869	-0.918	-0.868	-0.918	-0.336	-0.893	-0.337	-0.337	-0.338	-0.906	-0.915	-0.331	-0.331	-0.331	-0.882	-0.904	-0.889	-0.337	-0.361	-0.908	-0.919	-0.411	-0.918	-0.918	-0.920	-0.905	-0.508	-0.975	-0.955	-0.560	-0.951	-0.515	-0.517	-0.568	-0.575	-0.580	-0.584	-0.562	-0.980	-0.951	-0.580	-1.002	-0.972	-0.985	-0.646	-0.636	-0.641	-0.649	-0.993	-0.995	-0.686	-0.684	-0.684	-0.699	-0.706	-0.712	-0.671	-1.014	
rs73424004     -0.667	-0.609	-0.641	-0.574	-0.679	-0.632	-0.382	-0.693	-0.601	-0.381	-0.379	-0.626	-0.597	-0.692	-0.360	-0.692	-0.627	-0.598	-0.367	-0.365	-0.586	-0.364	-0.620	-0.620	-0.615	-0.597	-0.687	-0.627	-0.690	-0.228	-0.687	-0.629	-0.332	-0.690	-0.689	-0.690	-0.328	-0.688	-0.687	-0.686	-0.690	-0.692	-0.578	-0.439	-0.404	-0.322	-0.483	-0.517	-0.671	-0.705	-0.669	-0.511	-0.480	-0.386	-0.353	+0.454	-0.434	-0.412	+0.413	-0.452	-0.442	-0.452	-0.481	+0.250	+0.281	+0.278	-0.462	-0.450	+0.279	-0.645	+0.244	-0.544	+0.077	+0.130	+0.132	+0.122	+0.045	+0.100	-0.564	-0.002	+0.100	-0.563	+0.082	-0.537	-0.537	-0.585	-0.584	-0.532	-0.541	-0.585	-0.539	+0.006	+0.048	+0.067	+0.077	+0.087	+0.084	+0.142	+0.075	-0.602	+0.030	+0.038	+0.076	+0.072	+0.078	+0.083	+0.083	+0.056	+0.025	+0.051	+0.049	+0.051	+0.039	+0.059	+0.047	+0.007	+0.007	-0.591	-0.003	-0.004	-0.007	-0.614	+0.003	-0.012	-0.601	-0.015	-0.601	-0.553	-0.603	-0.552	-0.603	-0.051	-0.579	-0.052	-0.052	-0.053	-0.592	-0.600	-0.046	-0.046	-0.046	-0.566	-0.590	-0.576	-0.052	-0.075	-0.595	-0.605	-0.123	-0.598	-0.604	-0.605	-0.592	-0.215	-0.655	-0.637	-0.263	-0.633	-0.222	-0.224	-0.273	-0.280	-0.284	-0.288	-0.267	-0.659	-0.628	-0.285	-0.669	-0.645	-0.656	-0.348	-0.339	-0.343	-0.351	-0.663	-0.665	-0.386	-0.383	-0.383	-0.398	-0.405	-0.411	-0.372	-0.680	
