## Summary of overall evidence for association with region:
## log10(BF for region) = -0.432047
## p-value for region = NA

## BFs for choosing among multi-SNP models:
## log10(average 1-SNP BF) = -0.372314
## log10(average 2-SNP BF) = -0.583793

## Example posterior probabilities for multi-SNP models, based on default prior: [p(l) propto 0.5^l for l=1,2,...,L]
## posterior probability of 1-SNP = 0.764965
## posterior probability of 2-SNP = 0.235035

## log10(BF) for single SNP and pair of SNPs:
rs675644       +0.416	-0.168	-0.177	-0.191	-0.188	-0.181	-0.165	-0.133	-0.172	-0.164	-0.163	-0.134	-0.148	-0.082	-0.082	-0.084	-0.075	-0.083	-0.123	-0.101	-0.180	+0.048	+0.058	-0.093	-0.128	-0.102	-0.100	-0.094	-0.100	-0.103	-0.106	-0.134	-0.037	-0.103	-0.097	-0.127	-0.095	-0.102	-0.134	-0.091	-0.095	-0.096	-0.105	-0.106	-0.093	-0.106	-0.106	-0.133	-0.097	-0.133	-0.106	-0.135	+0.002	-0.203	-0.159	-0.169	+0.134	-0.203	+0.135	-0.169	+0.126	+0.122	+0.114	-0.202	+0.121	-0.170	+0.135	+0.137	-0.170	-0.202	+0.136	+0.138	-0.170	-0.170	-0.202	+0.134	+0.134	-0.047	-0.201	+0.153	-0.173	-0.169	-0.200	-0.200	-0.159	+0.078	+0.129	+0.048	+0.120	+0.013	-0.044	-0.060	-0.053	+0.040	+0.048	-0.050	-0.045	-0.033	-0.028	-0.028	+0.161	+0.048	-0.141	+0.050	+0.083	+0.066	+0.086	+0.175	+0.082	+0.076	+0.077	+0.082	+0.090	-0.105	-0.038	-0.160	+0.036	+0.014	+0.010	+0.065	-0.088	-0.083	+0.122	-0.085	+0.065	-0.088	-0.088	-0.010	+0.190	-0.010	-0.101	-0.082	-0.003	-0.085	-0.082	-0.081	-0.048	+0.196	+0.504	+0.413	+0.686	+0.332	+0.293	+0.651	+0.408	+0.650	+0.316	+0.402	+0.312	+0.312	+0.413	+0.317	+0.396	+0.404	+0.650	+0.643	+0.314	+0.305	-0.079	-0.177	-0.089	-0.175	-0.177	+0.273	-0.175	-0.177	-0.166	-0.166	-0.168	+0.177	-0.160	-0.160	-0.176	-0.176	-0.177	
rs503115       -0.168	-0.560	-0.710	-0.818	-0.828	-0.718	-0.714	-0.895	-0.722	-0.742	-0.897	-0.935	-0.751	-0.575	-0.574	-0.581	-0.546	-0.579	-0.940	-0.633	-0.888	-0.470	-0.435	-0.606	-0.939	-0.636	-0.631	-0.610	-0.631	-0.641	-0.651	-0.936	-0.853	-0.641	-0.620	-0.940	-0.622	-0.634	-0.936	-0.613	-0.616	-0.618	-0.648	-0.650	-0.631	-0.649	-0.649	-0.936	-0.620	-0.936	-0.651	-0.935	-0.313	-1.008	-0.891	-0.900	-0.438	-1.009	-0.436	-0.903	-0.452	-0.460	-0.471	-1.008	-0.460	-0.908	-0.437	-0.435	-0.907	-1.008	-0.437	-0.435	-0.907	-0.907	-1.008	-0.441	-0.442	-0.669	-1.008	-0.412	-0.918	-0.917	-1.008	-1.008	-0.882	-0.543	-0.454	-0.616	-0.472	-0.710	-0.909	-0.921	-0.850	-0.688	-0.678	-0.914	-0.911	-0.902	-0.899	-0.898	-0.540	-0.705	-0.999	-0.703	-0.663	-0.684	-0.659	-0.852	-0.664	-0.673	-0.673	-0.669	-0.661	-1.001	-0.886	-1.011	-0.842	-0.970	-0.972	-0.816	-0.998	-0.921	-0.767	-0.924	-0.816	-0.998	-0.998	-0.885	-0.847	-0.886	-0.995	-0.997	-0.879	-0.997	-0.996	-0.996	-0.983	-0.702	-0.586	-0.516	-0.488	-0.742	-0.634	-0.514	-0.687	-0.514	-0.607	-0.691	-0.611	-0.611	-0.682	-0.607	-0.695	-0.689	-0.514	-0.520	-0.611	-0.619	-0.971	-0.966	-0.921	-0.950	-0.966	-0.782	-0.951	-0.969	-0.926	-0.928	-0.933	-0.847	-0.909	-0.909	-0.954	-0.955	-0.972	
rs474229       -0.177	-0.710	-0.575	-0.846	-0.858	-0.730	-0.701	-0.906	-0.718	-0.734	-0.920	-0.955	-0.740	-0.538	-0.537	-0.545	-0.504	-0.543	-0.960	-0.593	-0.905	-0.438	-0.399	-0.560	-0.958	-0.597	-0.591	-0.564	-0.591	-0.603	-0.616	-0.955	-0.853	-0.603	-0.577	-0.959	-0.580	-0.595	-0.955	-0.569	-0.572	-0.575	-0.612	-0.615	-0.593	-0.614	-0.614	-0.956	-0.578	-0.956	-0.617	-0.955	-0.209	-1.024	-0.913	-0.921	-0.415	-1.024	-0.413	-0.923	-0.430	-0.437	-0.450	-1.024	-0.438	-0.928	-0.414	-0.412	-0.928	-1.024	-0.413	-0.411	-0.928	-0.927	-1.024	-0.417	-0.419	-0.652	-1.023	-0.388	-0.939	-0.937	-1.023	-1.023	-0.902	-0.525	-0.431	-0.639	-0.451	-0.705	-0.914	-0.927	-0.856	-0.686	-0.675	-0.919	-0.916	-0.907	-0.903	-0.903	-0.534	-0.704	-1.014	-0.702	-0.661	-0.682	-0.657	-0.866	-0.662	-0.671	-0.671	-0.667	-0.659	-1.015	-0.900	-1.024	-0.846	-0.982	-0.984	-0.820	-1.011	-0.927	-0.781	-0.930	-0.821	-1.011	-1.011	-0.892	-0.862	-0.892	-1.008	-1.009	-0.885	-1.010	-1.009	-1.009	-0.995	-0.704	-0.594	-0.518	-0.495	-0.749	-0.638	-0.521	-0.693	-0.521	-0.611	-0.698	-0.615	-0.615	-0.688	-0.611	-0.702	-0.696	-0.521	-0.527	-0.614	-0.622	-0.982	-0.982	-0.936	-0.967	-0.983	-0.789	-0.968	-0.986	-0.944	-0.946	-0.951	-0.856	-0.928	-0.928	-0.970	-0.971	-0.988	
rs10235630     -0.191	-0.818	-0.846	-0.654	-0.803	-0.865	-0.800	-0.710	-0.822	-0.805	-0.765	-0.725	-0.769	-0.597	-0.597	-0.602	-0.579	-0.601	-0.691	-0.640	-0.887	-0.400	-0.391	-0.620	-0.703	-0.643	-0.638	-0.622	-0.638	-0.647	-0.656	-0.726	-0.491	-0.647	-0.631	-0.700	-0.628	-0.643	-0.726	-0.619	-0.627	-0.629	-0.653	-0.655	-0.627	-0.654	-0.654	-0.726	-0.631	-0.724	-0.656	-0.734	-0.408	-1.109	-1.093	-1.027	-0.379	-1.108	-0.377	-1.028	-0.392	-0.399	-0.411	-1.108	-0.400	-1.030	-0.377	-0.373	-1.030	-1.107	-0.375	-0.373	-1.030	-1.030	-1.107	-0.378	-0.379	-0.632	-1.106	-0.349	-1.100	-1.034	-1.105	-1.105	-1.015	-0.484	-0.390	-0.883	-0.407	-0.610	-0.769	-0.795	-0.840	-0.587	-0.574	-0.780	-0.772	-0.753	-0.747	-0.746	-0.436	-0.632	-1.053	-0.632	-0.581	-0.607	-0.576	-0.938	-0.583	-0.595	-0.594	-0.591	-0.580	-1.028	-0.972	-1.060	-0.772	-0.966	-0.969	-0.737	-1.014	-0.882	-0.869	-0.884	-0.738	-1.014	-1.014	-0.837	-0.934	-0.838	-1.025	-1.009	-0.828	-1.012	-1.009	-1.009	-0.979	-0.603	-0.507	-0.420	-0.371	-0.622	-0.558	-0.403	-0.546	-0.404	-0.528	-0.552	-0.532	-0.532	-0.540	-0.528	-0.559	-0.550	-0.405	-0.412	-0.532	-0.541	-0.974	-1.084	-1.013	-1.082	-1.085	-0.683	-1.082	-1.085	-1.074	-1.075	-1.077	-0.781	-1.066	-1.066	-1.083	-1.083	-1.085	
rs2099446      -0.188	-0.828	-0.858	-0.803	-0.655	-0.876	-0.813	-0.730	-0.834	-0.817	-0.789	-0.752	-0.783	-0.610	-0.610	-0.615	-0.592	-0.613	-0.705	-0.656	-0.898	-0.417	-0.409	-0.637	-0.733	-0.659	-0.655	-0.639	-0.655	-0.663	-0.672	-0.753	-0.517	-0.663	-0.647	-0.730	-0.645	-0.660	-0.753	-0.635	-0.644	-0.646	-0.669	-0.671	-0.644	-0.670	-0.670	-0.753	-0.647	-0.751	-0.672	-0.760	-0.428	-1.112	-1.094	-1.026	-0.394	-1.110	-0.392	-1.028	-0.407	-0.413	-0.426	-1.110	-0.414	-1.030	-0.392	-0.388	-1.030	-1.110	-0.390	-0.388	-1.030	-1.030	-1.110	-0.393	-0.394	-0.645	-1.108	-0.364	-1.101	-1.034	-1.107	-1.107	-1.014	-0.498	-0.405	-0.882	-0.422	-0.621	-0.781	-0.807	-0.847	-0.595	-0.581	-0.791	-0.784	-0.765	-0.759	-0.758	-0.443	-0.638	-1.056	-0.639	-0.588	-0.613	-0.583	-0.940	-0.590	-0.601	-0.601	-0.597	-0.587	-1.032	-0.973	-1.062	-0.778	-0.969	-0.972	-0.743	-1.018	-0.889	-0.870	-0.892	-0.744	-1.019	-1.019	-0.842	-0.935	-0.843	-1.029	-1.014	-0.833	-1.016	-1.014	-1.013	-0.984	-0.609	-0.514	-0.426	-0.376	-0.631	-0.563	-0.408	-0.555	-0.408	-0.533	-0.562	-0.537	-0.537	-0.550	-0.533	-0.568	-0.560	-0.409	-0.417	-0.537	-0.546	-0.979	-1.086	-1.015	-1.084	-1.087	-0.691	-1.084	-1.087	-1.075	-1.076	-1.078	-0.788	-1.067	-1.067	-1.084	-1.085	-1.087	
rs2572024      -0.181	-0.718	-0.730	-0.865	-0.876	-0.584	-0.705	-0.915	-0.726	-0.736	-0.935	-0.967	-0.727	-0.510	-0.509	-0.517	-0.481	-0.515	-0.972	-0.570	-0.917	-0.420	-0.378	-0.541	-0.970	-0.575	-0.568	-0.545	-0.568	-0.581	-0.595	-0.967	-0.854	-0.581	-0.559	-0.970	-0.556	-0.578	-0.967	-0.544	-0.554	-0.557	-0.591	-0.594	-0.571	-0.593	-0.593	-0.967	-0.560	-0.968	-0.596	-0.967	-0.109	-1.034	-0.929	-0.936	-0.401	-1.035	-0.399	-0.938	-0.416	-0.424	-0.436	-1.034	-0.424	-0.942	-0.400	-0.397	-0.942	-1.034	-0.399	-0.397	-0.942	-0.942	-1.034	-0.404	-0.405	-0.643	-1.034	-0.374	-0.954	-0.951	-1.033	-1.033	-0.916	-0.511	-0.418	-0.660	-0.438	-0.700	-0.917	-0.930	-0.859	-0.681	-0.669	-0.922	-0.918	-0.909	-0.905	-0.905	-0.527	-0.702	-1.023	-0.699	-0.658	-0.680	-0.653	-0.876	-0.659	-0.668	-0.668	-0.664	-0.656	-1.024	-0.909	-1.031	-0.848	-0.989	-0.991	-0.822	-1.019	-0.931	-0.791	-0.933	-0.822	-1.019	-1.019	-0.895	-0.871	-0.895	-1.017	-1.018	-0.888	-1.018	-1.017	-1.017	-1.002	-0.704	-0.598	-0.519	-0.499	-0.753	-0.639	-0.525	-0.696	-0.525	-0.612	-0.701	-0.616	-0.616	-0.692	-0.612	-0.705	-0.699	-0.525	-0.532	-0.615	-0.623	-0.988	-0.993	-0.945	-0.979	-0.994	-0.794	-0.980	-0.997	-0.956	-0.959	-0.964	-0.861	-0.940	-0.940	-0.982	-0.983	-0.999	
rs1025576      -0.165	-0.714	-0.701	-0.800	-0.813	-0.705	-0.554	-0.886	-0.686	-0.723	-0.883	-0.924	-0.742	-0.577	-0.576	-0.583	-0.547	-0.581	-0.931	-0.624	-0.875	-0.472	-0.436	-0.596	-0.928	-0.627	-0.622	-0.600	-0.622	-0.632	-0.643	-0.924	-0.850	-0.632	-0.610	-0.929	-0.613	-0.625	-0.924	-0.603	-0.606	-0.609	-0.639	-0.642	-0.624	-0.641	-0.641	-0.925	-0.611	-0.925	-0.643	-0.924	-0.285	-1.001	-0.878	-0.890	-0.442	-1.001	-0.440	-0.892	-0.456	-0.463	-0.475	-1.001	-0.463	-0.897	-0.441	-0.439	-0.897	-1.001	-0.440	-0.438	-0.897	-0.897	-1.001	-0.444	-0.445	-0.670	-1.001	-0.416	-0.906	-0.907	-1.001	-1.001	-0.871	-0.546	-0.457	-0.606	-0.475	-0.711	-0.907	-0.918	-0.850	-0.692	-0.681	-0.911	-0.908	-0.900	-0.896	-0.896	-0.545	-0.707	-0.992	-0.705	-0.666	-0.687	-0.662	-0.846	-0.667	-0.676	-0.676	-0.672	-0.664	-0.996	-0.879	-1.007	-0.841	-0.966	-0.968	-0.816	-0.993	-0.918	-0.760	-0.920	-0.816	-0.993	-0.993	-0.884	-0.841	-0.884	-0.989	-0.991	-0.877	-0.992	-0.991	-0.991	-0.978	-0.703	-0.584	-0.517	-0.485	-0.740	-0.635	-0.512	-0.686	-0.512	-0.608	-0.690	-0.612	-0.612	-0.681	-0.608	-0.694	-0.688	-0.512	-0.518	-0.611	-0.619	-0.967	-0.958	-0.916	-0.942	-0.959	-0.780	-0.943	-0.962	-0.917	-0.920	-0.925	-0.845	-0.901	-0.901	-0.946	-0.947	-0.964	
rs2572023      -0.133	-0.895	-0.906	-0.710	-0.730	-0.915	-0.886	-0.599	-0.896	-0.891	-0.839	-0.899	-0.878	-0.767	-0.767	-0.770	-0.753	-0.769	-0.908	-0.797	-1.002	-0.569	-0.561	-0.782	-0.904	-0.799	-0.796	-0.784	-0.796	-0.801	-0.807	-0.900	-0.663	-0.801	-0.789	-0.906	-0.789	-0.798	-0.900	-0.782	-0.787	-0.788	-0.805	-0.807	-0.788	-0.806	-0.806	-0.901	-0.789	-0.901	-0.807	-0.899	-0.621	-1.077	-1.016	-0.914	-0.549	-1.077	-0.547	-0.916	-0.561	-0.566	-0.576	-1.076	-0.567	-0.921	-0.548	-0.546	-0.921	-1.076	-0.547	-0.546	-0.921	-0.921	-1.076	-0.550	-0.551	-0.768	-1.075	-0.526	-1.032	-0.932	-1.075	-1.075	-0.895	-0.635	-0.560	-0.770	-0.574	-0.740	-0.871	-0.888	-0.894	-0.717	-0.706	-0.878	-0.874	-0.862	-0.858	-0.858	-0.576	-0.735	-1.022	-0.735	-0.693	-0.714	-0.689	-0.891	-0.695	-0.703	-0.703	-0.699	-0.691	-1.026	-0.883	-1.047	-0.870	-0.999	-1.000	-0.843	-1.022	-0.959	-0.807	-0.961	-0.844	-1.022	-1.023	-0.915	-0.890	-0.916	-1.020	-1.021	-0.908	-1.021	-1.020	-1.020	-1.007	-0.726	-0.609	-0.536	-0.509	-0.757	-0.655	-0.536	-0.699	-0.537	-0.628	-0.704	-0.632	-0.632	-0.694	-0.628	-0.708	-0.702	-0.537	-0.543	-0.631	-0.639	-1.003	-1.021	-0.968	-1.009	-1.022	-0.799	-1.010	-1.024	-0.990	-0.991	-0.995	-0.869	-0.975	-0.975	-1.011	-1.012	-1.026	
rs2572022      -0.172	-0.722	-0.718	-0.822	-0.834	-0.726	-0.686	-0.896	-0.564	-0.723	-0.900	-0.939	-0.737	-0.545	-0.544	-0.552	-0.511	-0.550	-0.945	-0.599	-0.889	-0.452	-0.414	-0.567	-0.942	-0.603	-0.597	-0.571	-0.597	-0.609	-0.621	-0.939	-0.852	-0.609	-0.584	-0.943	-0.587	-0.601	-0.939	-0.576	-0.579	-0.582	-0.618	-0.620	-0.600	-0.619	-0.619	-0.939	-0.585	-0.940	-0.622	-0.938	-0.216	-1.012	-0.894	-0.905	-0.426	-1.013	-0.424	-0.907	-0.440	-0.448	-0.460	-1.012	-0.448	-0.912	-0.425	-0.422	-0.912	-1.012	-0.424	-0.422	-0.912	-0.912	-1.012	-0.428	-0.429	-0.660	-1.012	-0.399	-0.922	-0.922	-1.012	-1.012	-0.886	-0.534	-0.442	-0.625	-0.461	-0.708	-0.911	-0.923	-0.854	-0.688	-0.678	-0.916	-0.912	-0.903	-0.900	-0.900	-0.539	-0.706	-1.003	-0.703	-0.664	-0.684	-0.659	-0.856	-0.665	-0.674	-0.673	-0.669	-0.661	-1.006	-0.890	-1.016	-0.844	-0.974	-0.976	-0.818	-1.002	-0.923	-0.771	-0.925	-0.819	-1.002	-1.002	-0.888	-0.852	-0.888	-0.999	-1.001	-0.882	-1.001	-1.000	-1.000	-0.987	-0.704	-0.589	-0.518	-0.491	-0.746	-0.637	-0.517	-0.690	-0.517	-0.610	-0.694	-0.614	-0.614	-0.685	-0.610	-0.699	-0.693	-0.517	-0.523	-0.613	-0.621	-0.975	-0.971	-0.926	-0.955	-0.971	-0.785	-0.956	-0.974	-0.931	-0.934	-0.939	-0.851	-0.915	-0.915	-0.959	-0.960	-0.977	
rs2060452      -0.164	-0.742	-0.734	-0.805	-0.817	-0.736	-0.723	-0.891	-0.723	-0.551	-0.876	-0.918	-0.725	-0.535	-0.534	-0.543	-0.497	-0.541	-0.926	-0.591	-0.865	-0.465	-0.427	-0.556	-0.922	-0.595	-0.589	-0.560	-0.589	-0.601	-0.614	-0.918	-0.847	-0.601	-0.574	-0.923	-0.578	-0.592	-0.918	-0.568	-0.569	-0.572	-0.610	-0.613	-0.597	-0.612	-0.612	-0.919	-0.575	-0.919	-0.615	-0.917	-0.177	-0.997	-0.871	-0.886	-0.436	-0.998	-0.434	-0.889	-0.450	-0.458	-0.469	-0.997	-0.458	-0.894	-0.435	-0.433	-0.894	-0.997	-0.435	-0.433	-0.894	-0.893	-0.997	-0.439	-0.440	-0.665	-0.997	-0.410	-0.900	-0.904	-0.997	-0.997	-0.867	-0.541	-0.452	-0.600	-0.471	-0.711	-0.905	-0.917	-0.848	-0.691	-0.681	-0.910	-0.906	-0.898	-0.895	-0.895	-0.546	-0.707	-0.989	-0.705	-0.666	-0.687	-0.662	-0.843	-0.668	-0.676	-0.675	-0.672	-0.664	-0.994	-0.877	-1.005	-0.840	-0.964	-0.966	-0.815	-0.991	-0.917	-0.757	-0.919	-0.816	-0.991	-0.991	-0.883	-0.838	-0.883	-0.987	-0.989	-0.877	-0.990	-0.989	-0.988	-0.976	-0.703	-0.583	-0.517	-0.484	-0.739	-0.634	-0.510	-0.685	-0.510	-0.608	-0.689	-0.611	-0.612	-0.680	-0.608	-0.693	-0.687	-0.510	-0.516	-0.611	-0.619	-0.964	-0.954	-0.913	-0.938	-0.955	-0.778	-0.939	-0.958	-0.913	-0.915	-0.921	-0.843	-0.896	-0.896	-0.941	-0.943	-0.960	
rs2527881      -0.163	-0.897	-0.920	-0.765	-0.789	-0.935	-0.883	-0.839	-0.900	-0.876	-0.661	-0.815	-0.841	-0.689	-0.688	-0.693	-0.672	-0.692	-0.798	-0.727	-0.942	-0.496	-0.487	-0.709	-0.804	-0.730	-0.726	-0.711	-0.726	-0.734	-0.741	-0.815	-0.626	-0.733	-0.719	-0.802	-0.717	-0.730	-0.816	-0.708	-0.715	-0.717	-0.739	-0.741	-0.716	-0.740	-0.740	-0.816	-0.719	-0.815	-0.742	-0.820	-0.515	-1.121	-1.089	-1.012	-0.468	-1.120	-0.466	-1.014	-0.480	-0.486	-0.498	-1.120	-0.487	-1.018	-0.466	-0.463	-1.018	-1.119	-0.464	-0.462	-1.017	-1.017	-1.119	-0.467	-0.469	-0.710	-1.118	-0.440	-1.099	-1.024	-1.117	-1.117	-0.998	-0.565	-0.478	-0.857	-0.495	-0.683	-0.845	-0.868	-0.886	-0.660	-0.647	-0.854	-0.847	-0.831	-0.825	-0.824	-0.512	-0.693	-1.067	-0.694	-0.646	-0.670	-0.641	-0.947	-0.648	-0.658	-0.658	-0.654	-0.644	-1.051	-0.971	-1.079	-0.826	-0.999	-1.002	-0.793	-1.041	-0.931	-0.867	-0.934	-0.794	-1.041	-1.041	-0.885	-0.944	-0.885	-1.047	-1.037	-0.876	-1.039	-1.037	-1.036	-1.012	-0.663	-0.561	-0.477	-0.434	-0.685	-0.609	-0.464	-0.614	-0.465	-0.580	-0.620	-0.584	-0.584	-0.608	-0.580	-0.625	-0.618	-0.465	-0.472	-0.584	-0.593	-1.008	-1.088	-1.024	-1.082	-1.089	-0.740	-1.083	-1.090	-1.070	-1.072	-1.074	-0.830	-1.060	-1.060	-1.084	-1.084	-1.090	
rs2527927      -0.134	-0.935	-0.955	-0.725	-0.752	-0.967	-0.924	-0.899	-0.939	-0.918	-0.815	-0.656	-0.871	-0.730	-0.729	-0.734	-0.714	-0.733	-0.798	-0.766	-0.956	-0.541	-0.532	-0.749	-0.794	-0.768	-0.765	-0.751	-0.765	-0.772	-0.779	-0.796	-0.687	-0.772	-0.758	-0.795	-0.756	-0.769	-0.798	-0.748	-0.755	-0.757	-0.777	-0.778	-0.756	-0.778	-0.778	-0.799	-0.758	-0.799	-0.779	-0.801	-0.566	-1.117	-1.073	-0.986	-0.507	-1.116	-0.505	-0.989	-0.519	-0.525	-0.536	-1.116	-0.526	-0.993	-0.505	-0.502	-0.993	-1.116	-0.504	-0.502	-0.993	-0.993	-1.116	-0.507	-0.508	-0.744	-1.115	-0.481	-1.086	-1.001	-1.114	-1.114	-0.971	-0.601	-0.518	-0.833	-0.534	-0.715	-0.877	-0.898	-0.908	-0.691	-0.679	-0.885	-0.879	-0.864	-0.859	-0.859	-0.546	-0.719	-1.062	-0.719	-0.673	-0.696	-0.669	-0.944	-0.675	-0.685	-0.684	-0.680	-0.671	-1.053	-0.961	-1.081	-0.848	-1.009	-1.012	-0.816	-1.045	-0.949	-0.857	-0.951	-0.816	-1.045	-1.045	-0.903	-0.941	-0.903	-1.049	-1.042	-0.894	-1.043	-1.042	-1.041	-1.020	-0.688	-0.585	-0.500	-0.462	-0.714	-0.630	-0.492	-0.645	-0.493	-0.601	-0.651	-0.605	-0.605	-0.640	-0.601	-0.656	-0.649	-0.493	-0.500	-0.605	-0.614	-1.015	-1.076	-1.022	-1.068	-1.077	-0.766	-1.068	-1.078	-1.053	-1.055	-1.058	-0.851	-1.041	-1.041	-1.070	-1.070	-1.079	
rs2527926      -0.148	-0.751	-0.740	-0.769	-0.783	-0.727	-0.742	-0.878	-0.737	-0.725	-0.841	-0.871	-0.527	-0.411	-0.409	-0.428	-0.370	-0.424	-0.881	-0.501	-0.812	-0.477	-0.440	-0.463	-0.876	-0.511	-0.499	-0.472	-0.499	-0.525	-0.552	-0.871	-0.833	-0.525	-0.501	-0.878	-0.494	-0.533	-0.871	-0.482	-0.499	-0.504	-0.547	-0.552	-0.550	-0.550	-0.550	-0.872	-0.511	-0.872	-0.558	-0.870	+0.075	-0.968	-0.826	-0.848	-0.456	-0.969	-0.454	-0.851	-0.469	-0.476	-0.488	-0.969	-0.477	-0.856	-0.455	-0.453	-0.856	-0.969	-0.455	-0.453	-0.856	-0.856	-0.968	-0.459	-0.460	-0.674	-0.968	-0.432	-0.857	-0.867	-0.968	-0.968	-0.828	-0.557	-0.472	-0.566	-0.490	-0.712	-0.892	-0.902	-0.839	-0.693	-0.683	-0.896	-0.893	-0.886	-0.883	-0.883	-0.553	-0.707	-0.962	-0.705	-0.668	-0.687	-0.664	-0.818	-0.669	-0.677	-0.677	-0.673	-0.665	-0.970	-0.853	-0.984	-0.832	-0.945	-0.947	-0.808	-0.968	-0.903	-0.732	-0.905	-0.808	-0.968	-0.968	-0.871	-0.813	-0.872	-0.963	-0.967	-0.865	-0.967	-0.966	-0.966	-0.955	-0.699	-0.570	-0.515	-0.473	-0.729	-0.629	-0.499	-0.675	-0.499	-0.603	-0.680	-0.607	-0.607	-0.671	-0.603	-0.684	-0.678	-0.499	-0.505	-0.606	-0.614	-0.944	-0.918	-0.889	-0.898	-0.918	-0.767	-0.899	-0.922	-0.871	-0.874	-0.880	-0.829	-0.852	-0.852	-0.902	-0.904	-0.925	
rs2572019      -0.082	-0.575	-0.538	-0.597	-0.610	-0.510	-0.577	-0.767	-0.545	-0.535	-0.689	-0.730	-0.411	-0.432	-0.555	-0.557	-0.552	-0.556	-0.743	-0.568	-0.645	-0.538	-0.514	-0.573	-0.738	-0.568	-0.569	-0.574	-0.569	-0.568	-0.568	-0.730	-0.768	-0.568	-0.575	-0.741	-0.575	-0.574	-0.730	-0.577	-0.577	-0.577	-0.570	-0.569	-0.587	-0.570	-0.570	-0.732	-0.577	-0.732	-0.571	-0.729	-0.441	-0.864	-0.682	-0.721	-0.506	-0.866	-0.505	-0.724	-0.517	-0.522	-0.531	-0.865	-0.523	-0.731	-0.505	-0.503	-0.730	-0.866	-0.505	-0.503	-0.730	-0.730	-0.865	-0.508	-0.509	-0.676	-0.865	-0.486	-0.721	-0.743	-0.866	-0.866	-0.700	-0.583	-0.517	-0.417	-0.531	-0.696	-0.829	-0.834	-0.771	-0.677	-0.669	-0.831	-0.829	-0.825	-0.824	-0.823	-0.556	-0.683	-0.865	-0.681	-0.650	-0.667	-0.646	-0.725	-0.651	-0.658	-0.657	-0.653	-0.647	-0.879	-0.762	-0.902	-0.781	-0.867	-0.868	-0.761	-0.880	-0.838	-0.638	-0.839	-0.761	-0.880	-0.880	-0.813	-0.720	-0.814	-0.873	-0.880	-0.809	-0.880	-0.879	-0.879	-0.872	-0.663	-0.508	-0.482	-0.416	-0.670	-0.589	-0.441	-0.620	-0.441	-0.565	-0.624	-0.568	-0.568	-0.616	-0.565	-0.628	-0.623	-0.441	-0.447	-0.567	-0.574	-0.863	-0.807	-0.793	-0.785	-0.808	-0.705	-0.786	-0.813	-0.753	-0.756	-0.763	-0.762	-0.731	-0.731	-0.790	-0.791	-0.816	
rs2527925      -0.082	-0.574	-0.537	-0.597	-0.610	-0.509	-0.576	-0.767	-0.544	-0.534	-0.688	-0.729	-0.409	-0.555	-0.432	-0.557	-0.552	-0.556	-0.742	-0.568	-0.644	-0.538	-0.515	-0.573	-0.738	-0.568	-0.568	-0.573	-0.569	-0.567	-0.567	-0.730	-0.768	-0.568	-0.574	-0.740	-0.575	-0.574	-0.730	-0.577	-0.576	-0.576	-0.569	-0.569	-0.586	-0.569	-0.569	-0.731	-0.577	-0.732	-0.570	-0.729	-0.441	-0.864	-0.682	-0.721	-0.506	-0.866	-0.505	-0.724	-0.517	-0.522	-0.531	-0.865	-0.523	-0.730	-0.505	-0.504	-0.730	-0.866	-0.505	-0.503	-0.730	-0.730	-0.865	-0.508	-0.509	-0.676	-0.865	-0.486	-0.720	-0.743	-0.865	-0.865	-0.699	-0.583	-0.518	-0.417	-0.531	-0.696	-0.828	-0.834	-0.771	-0.677	-0.669	-0.831	-0.829	-0.825	-0.823	-0.823	-0.556	-0.683	-0.864	-0.681	-0.650	-0.666	-0.646	-0.725	-0.651	-0.658	-0.657	-0.653	-0.647	-0.879	-0.762	-0.902	-0.781	-0.867	-0.868	-0.761	-0.880	-0.837	-0.638	-0.839	-0.761	-0.880	-0.880	-0.813	-0.720	-0.813	-0.872	-0.880	-0.808	-0.879	-0.879	-0.879	-0.872	-0.662	-0.508	-0.482	-0.416	-0.670	-0.589	-0.441	-0.620	-0.441	-0.564	-0.624	-0.568	-0.568	-0.616	-0.564	-0.628	-0.622	-0.441	-0.447	-0.567	-0.574	-0.863	-0.807	-0.793	-0.785	-0.808	-0.705	-0.786	-0.813	-0.752	-0.756	-0.762	-0.762	-0.731	-0.731	-0.789	-0.791	-0.816	
rs2572018      -0.084	-0.581	-0.545	-0.602	-0.615	-0.517	-0.583	-0.770	-0.552	-0.543	-0.693	-0.734	-0.428	-0.557	-0.557	-0.435	-0.553	-0.558	-0.747	-0.571	-0.649	-0.537	-0.514	-0.575	-0.742	-0.571	-0.572	-0.576	-0.572	-0.571	-0.572	-0.734	-0.770	-0.572	-0.577	-0.744	-0.577	-0.577	-0.734	-0.579	-0.579	-0.579	-0.573	-0.573	-0.589	-0.573	-0.574	-0.735	-0.580	-0.736	-0.575	-0.733	-0.436	-0.867	-0.686	-0.725	-0.505	-0.869	-0.504	-0.728	-0.516	-0.522	-0.531	-0.868	-0.522	-0.734	-0.505	-0.503	-0.734	-0.869	-0.504	-0.503	-0.734	-0.733	-0.868	-0.507	-0.508	-0.677	-0.868	-0.485	-0.724	-0.747	-0.869	-0.869	-0.703	-0.583	-0.517	-0.421	-0.531	-0.697	-0.831	-0.836	-0.773	-0.678	-0.670	-0.833	-0.831	-0.827	-0.825	-0.825	-0.556	-0.684	-0.867	-0.682	-0.651	-0.667	-0.647	-0.728	-0.652	-0.659	-0.658	-0.654	-0.647	-0.882	-0.764	-0.904	-0.783	-0.869	-0.870	-0.762	-0.883	-0.840	-0.641	-0.841	-0.763	-0.883	-0.883	-0.815	-0.723	-0.815	-0.875	-0.882	-0.810	-0.882	-0.882	-0.881	-0.875	-0.664	-0.510	-0.483	-0.418	-0.672	-0.590	-0.443	-0.622	-0.443	-0.566	-0.626	-0.569	-0.569	-0.618	-0.566	-0.630	-0.624	-0.443	-0.448	-0.568	-0.576	-0.865	-0.810	-0.796	-0.788	-0.811	-0.707	-0.789	-0.816	-0.756	-0.759	-0.766	-0.764	-0.735	-0.735	-0.793	-0.794	-0.819	
rs2082745      -0.075	-0.546	-0.504	-0.579	-0.592	-0.481	-0.547	-0.753	-0.511	-0.497	-0.672	-0.714	-0.370	-0.552	-0.552	-0.553	-0.422	-0.553	-0.727	-0.557	-0.623	-0.540	-0.518	-0.558	-0.723	-0.556	-0.558	-0.557	-0.558	-0.555	-0.554	-0.714	-0.759	-0.556	-0.557	-0.725	-0.566	-0.553	-0.715	-0.570	-0.560	-0.560	-0.557	-0.556	-0.578	-0.557	-0.557	-0.716	-0.560	-0.716	-0.558	-0.713	-0.451	-0.852	-0.667	-0.708	-0.507	-0.854	-0.506	-0.711	-0.518	-0.523	-0.532	-0.853	-0.523	-0.717	-0.507	-0.505	-0.717	-0.854	-0.506	-0.505	-0.717	-0.716	-0.853	-0.509	-0.510	-0.672	-0.854	-0.487	-0.706	-0.730	-0.854	-0.854	-0.686	-0.582	-0.518	-0.402	-0.532	-0.692	-0.820	-0.825	-0.763	-0.673	-0.665	-0.822	-0.821	-0.817	-0.815	-0.815	-0.554	-0.679	-0.854	-0.677	-0.646	-0.662	-0.643	-0.715	-0.647	-0.654	-0.653	-0.649	-0.643	-0.869	-0.752	-0.892	-0.774	-0.858	-0.859	-0.755	-0.870	-0.829	-0.628	-0.831	-0.755	-0.870	-0.870	-0.806	-0.710	-0.806	-0.862	-0.870	-0.801	-0.870	-0.869	-0.869	-0.863	-0.657	-0.500	-0.477	-0.409	-0.663	-0.583	-0.434	-0.613	-0.434	-0.559	-0.617	-0.563	-0.563	-0.609	-0.559	-0.621	-0.616	-0.434	-0.439	-0.562	-0.569	-0.853	-0.794	-0.782	-0.772	-0.795	-0.697	-0.773	-0.800	-0.739	-0.743	-0.749	-0.754	-0.717	-0.717	-0.776	-0.778	-0.804	
rs2572015      -0.083	-0.579	-0.543	-0.601	-0.613	-0.515	-0.581	-0.769	-0.550	-0.541	-0.692	-0.733	-0.424	-0.556	-0.556	-0.558	-0.553	-0.434	-0.746	-0.570	-0.648	-0.537	-0.514	-0.575	-0.741	-0.570	-0.571	-0.575	-0.571	-0.570	-0.571	-0.733	-0.770	-0.571	-0.577	-0.743	-0.577	-0.576	-0.733	-0.578	-0.578	-0.578	-0.572	-0.572	-0.589	-0.572	-0.572	-0.734	-0.579	-0.735	-0.573	-0.732	-0.437	-0.866	-0.685	-0.724	-0.506	-0.868	-0.504	-0.727	-0.516	-0.522	-0.531	-0.867	-0.522	-0.733	-0.505	-0.503	-0.733	-0.868	-0.504	-0.503	-0.733	-0.732	-0.867	-0.507	-0.508	-0.676	-0.867	-0.485	-0.723	-0.746	-0.868	-0.868	-0.702	-0.583	-0.517	-0.420	-0.531	-0.696	-0.830	-0.836	-0.773	-0.678	-0.670	-0.832	-0.831	-0.827	-0.825	-0.825	-0.556	-0.684	-0.866	-0.682	-0.651	-0.667	-0.647	-0.727	-0.651	-0.658	-0.658	-0.654	-0.647	-0.881	-0.764	-0.903	-0.782	-0.868	-0.870	-0.762	-0.882	-0.839	-0.640	-0.841	-0.762	-0.882	-0.882	-0.815	-0.722	-0.815	-0.874	-0.882	-0.810	-0.881	-0.881	-0.881	-0.874	-0.663	-0.509	-0.483	-0.417	-0.671	-0.590	-0.442	-0.621	-0.443	-0.566	-0.625	-0.569	-0.569	-0.617	-0.565	-0.629	-0.624	-0.442	-0.448	-0.568	-0.575	-0.865	-0.809	-0.795	-0.787	-0.810	-0.706	-0.788	-0.815	-0.755	-0.758	-0.765	-0.763	-0.734	-0.734	-0.792	-0.793	-0.819	
rs2099445      -0.123	-0.940	-0.960	-0.691	-0.705	-0.972	-0.931	-0.908	-0.945	-0.926	-0.798	-0.798	-0.881	-0.743	-0.742	-0.747	-0.727	-0.746	-0.652	-0.781	-0.960	-0.558	-0.549	-0.764	-0.801	-0.783	-0.779	-0.766	-0.779	-0.786	-0.793	-0.799	-0.712	-0.786	-0.773	-0.802	-0.771	-0.783	-0.799	-0.763	-0.770	-0.772	-0.791	-0.792	-0.771	-0.792	-0.792	-0.802	-0.773	-0.802	-0.793	-0.801	-0.587	-1.114	-1.067	-0.977	-0.522	-1.113	-0.520	-0.980	-0.533	-0.539	-0.551	-1.113	-0.540	-0.984	-0.520	-0.517	-0.984	-1.113	-0.519	-0.517	-0.984	-0.984	-1.113	-0.522	-0.523	-0.756	-1.112	-0.496	-1.080	-0.993	-1.111	-1.111	-0.961	-0.613	-0.532	-0.824	-0.548	-0.725	-0.886	-0.906	-0.910	-0.698	-0.687	-0.894	-0.888	-0.874	-0.868	-0.868	-0.554	-0.724	-1.059	-0.724	-0.679	-0.702	-0.675	-0.941	-0.681	-0.691	-0.690	-0.686	-0.677	-1.052	-0.956	-1.079	-0.852	-1.009	-1.011	-0.820	-1.044	-0.953	-0.853	-0.956	-0.821	-1.044	-1.044	-0.905	-0.938	-0.906	-1.047	-1.041	-0.897	-1.042	-1.041	-1.040	-1.020	-0.693	-0.589	-0.505	-0.467	-0.720	-0.634	-0.496	-0.652	-0.497	-0.605	-0.658	-0.609	-0.610	-0.647	-0.605	-0.663	-0.656	-0.497	-0.504	-0.609	-0.618	-1.016	-1.072	-1.019	-1.063	-1.073	-0.771	-1.064	-1.074	-1.048	-1.049	-1.053	-0.855	-1.035	-1.035	-1.065	-1.066	-1.076	
rs2572013      -0.101	-0.633	-0.593	-0.640	-0.656	-0.570	-0.624	-0.797	-0.599	-0.591	-0.727	-0.766	-0.501	-0.568	-0.568	-0.571	-0.557	-0.570	-0.781	-0.457	-0.688	-0.529	-0.503	-0.578	-0.774	-0.582	-0.581	-0.579	-0.581	-0.584	-0.588	-0.766	-0.788	-0.585	-0.584	-0.776	-0.583	-0.588	-0.766	-0.581	-0.584	-0.585	-0.588	-0.589	-0.597	-0.589	-0.589	-0.767	-0.586	-0.768	-0.590	-0.765	-0.360	-0.891	-0.718	-0.753	-0.498	-0.893	-0.497	-0.756	-0.510	-0.516	-0.525	-0.892	-0.516	-0.762	-0.498	-0.496	-0.762	-0.892	-0.497	-0.496	-0.762	-0.762	-0.892	-0.500	-0.501	-0.681	-0.892	-0.477	-0.755	-0.775	-0.892	-0.892	-0.732	-0.581	-0.511	-0.453	-0.526	-0.704	-0.847	-0.854	-0.791	-0.686	-0.677	-0.850	-0.848	-0.843	-0.841	-0.841	-0.560	-0.693	-0.890	-0.691	-0.658	-0.676	-0.655	-0.749	-0.659	-0.666	-0.666	-0.662	-0.655	-0.903	-0.785	-0.924	-0.796	-0.888	-0.889	-0.775	-0.903	-0.856	-0.661	-0.858	-0.776	-0.903	-0.903	-0.830	-0.744	-0.831	-0.896	-0.903	-0.825	-0.903	-0.902	-0.902	-0.894	-0.674	-0.525	-0.493	-0.431	-0.687	-0.601	-0.456	-0.636	-0.457	-0.576	-0.640	-0.580	-0.580	-0.632	-0.576	-0.644	-0.638	-0.456	-0.462	-0.579	-0.586	-0.885	-0.835	-0.819	-0.813	-0.836	-0.722	-0.815	-0.840	-0.782	-0.785	-0.792	-0.780	-0.761	-0.761	-0.818	-0.819	-0.844	
rs151012614    -0.180	-0.888	-0.905	-0.887	-0.898	-0.917	-0.875	-1.002	-0.889	-0.865	-0.942	-0.956	-0.812	-0.645	-0.644	-0.649	-0.623	-0.648	-0.960	-0.688	-0.630	-0.515	-0.485	-0.665	-0.958	-0.691	-0.686	-0.668	-0.686	-0.695	-0.704	-0.956	-0.902	-0.694	-0.677	-0.958	-0.676	-0.689	-0.956	-0.667	-0.673	-0.675	-0.701	-0.703	-0.686	-0.702	-0.702	-0.956	-0.676	-0.956	-0.704	-0.955	-0.431	-1.057	-0.955	-0.972	-0.445	-1.058	-0.443	-0.974	-0.458	-0.465	-0.478	-1.057	-0.466	-0.978	-0.444	-0.440	-0.978	-1.057	-0.441	-0.439	-0.978	-0.978	-1.057	-0.445	-0.447	-0.691	-1.057	-0.417	-0.980	-0.987	-1.057	-1.056	-0.954	-0.550	-0.458	-0.677	-0.476	-0.724	-0.958	-0.973	-0.895	-0.702	-0.691	-0.964	-0.959	-0.949	-0.945	-0.944	-0.548	-0.721	-1.057	-0.718	-0.676	-0.698	-0.671	-0.919	-0.677	-0.687	-0.686	-0.682	-0.673	-1.054	-0.957	-1.058	-0.846	-1.018	-1.020	-0.815	-1.049	-0.936	-0.823	-0.939	-0.815	-1.049	-1.049	-0.898	-0.915	-0.898	-1.048	-1.046	-0.890	-1.047	-1.046	-1.046	-1.029	-0.691	-0.615	-0.504	-0.513	-0.761	-0.633	-0.540	-0.701	-0.541	-0.604	-0.706	-0.608	-0.609	-0.696	-0.604	-0.711	-0.704	-0.541	-0.547	-0.608	-0.617	-1.010	-1.034	-0.995	-1.021	-1.034	-0.806	-1.022	-1.037	-1.000	-1.003	-1.007	-0.879	-0.985	-0.985	-1.024	-1.025	-1.039	
rs143345600    +0.048	-0.470	-0.438	-0.400	-0.417	-0.420	-0.472	-0.569	-0.452	-0.465	-0.496	-0.541	-0.477	-0.538	-0.538	-0.537	-0.540	-0.537	-0.558	-0.529	-0.515	-0.236	-0.367	-0.534	-0.550	-0.528	-0.529	-0.533	-0.529	-0.527	-0.526	-0.542	-0.612	-0.528	-0.532	-0.553	-0.533	-0.529	-0.542	-0.535	-0.533	-0.533	-0.527	-0.526	-0.536	-0.526	-0.526	-0.543	-0.533	-0.544	-0.526	-0.541	-0.531	-0.653	-0.423	-0.455	-0.489	-0.655	-0.488	-0.459	-0.495	-0.499	-0.505	-0.655	-0.499	-0.467	-0.488	-0.486	-0.466	-0.656	-0.487	-0.486	-0.466	-0.466	-0.654	-0.489	-0.489	-0.594	-0.655	-0.474	-0.470	-0.483	-0.656	-0.656	-0.430	-0.533	-0.494	-0.146	-0.502	-0.593	-0.670	-0.671	-0.615	-0.577	-0.571	-0.671	-0.670	-0.669	-0.669	-0.669	-0.482	-0.574	-0.649	-0.573	-0.549	-0.561	-0.546	-0.539	-0.549	-0.554	-0.553	-0.550	-0.544	-0.679	-0.567	-0.722	-0.638	-0.696	-0.696	-0.623	-0.685	-0.681	-0.450	-0.683	-0.623	-0.685	-0.685	-0.663	-0.534	-0.663	-0.672	-0.686	-0.659	-0.685	-0.685	-0.685	-0.686	-0.535	-0.362	-0.355	-0.287	-0.531	-0.452	-0.310	-0.487	-0.311	-0.431	-0.491	-0.434	-0.434	-0.484	-0.430	-0.494	-0.489	-0.310	-0.316	-0.432	-0.439	-0.693	-0.615	-0.607	-0.591	-0.616	-0.562	-0.592	-0.621	-0.558	-0.562	-0.569	-0.609	-0.536	-0.536	-0.596	-0.598	-0.625	
rs139854824    +0.058	-0.435	-0.399	-0.391	-0.409	-0.378	-0.436	-0.561	-0.414	-0.427	-0.487	-0.532	-0.440	-0.514	-0.515	-0.514	-0.518	-0.514	-0.549	-0.503	-0.485	-0.367	-0.224	-0.509	-0.541	-0.502	-0.503	-0.508	-0.503	-0.501	-0.499	-0.532	-0.604	-0.501	-0.507	-0.543	-0.508	-0.503	-0.533	-0.511	-0.508	-0.508	-0.500	-0.499	-0.511	-0.499	-0.500	-0.534	-0.507	-0.534	-0.499	-0.531	-0.517	-0.634	-0.392	-0.444	-0.482	-0.637	-0.481	-0.448	-0.488	-0.491	-0.497	-0.636	-0.492	-0.456	-0.481	-0.479	-0.455	-0.637	-0.480	-0.479	-0.455	-0.455	-0.636	-0.482	-0.482	-0.581	-0.637	-0.467	-0.440	-0.472	-0.638	-0.638	-0.419	-0.525	-0.487	-0.117	-0.494	-0.584	-0.661	-0.662	-0.603	-0.569	-0.564	-0.662	-0.661	-0.660	-0.660	-0.660	-0.476	-0.566	-0.639	-0.565	-0.542	-0.554	-0.539	-0.524	-0.542	-0.547	-0.546	-0.542	-0.537	-0.668	-0.560	-0.711	-0.630	-0.685	-0.686	-0.614	-0.674	-0.670	-0.438	-0.671	-0.615	-0.674	-0.674	-0.653	-0.519	-0.654	-0.661	-0.676	-0.650	-0.674	-0.675	-0.675	-0.676	-0.528	-0.352	-0.350	-0.276	-0.522	-0.446	-0.300	-0.478	-0.300	-0.425	-0.481	-0.428	-0.428	-0.474	-0.424	-0.485	-0.480	-0.300	-0.305	-0.427	-0.433	-0.682	-0.599	-0.595	-0.575	-0.600	-0.552	-0.576	-0.606	-0.542	-0.545	-0.552	-0.599	-0.519	-0.519	-0.580	-0.582	-0.610	
rs4727438      -0.093	-0.606	-0.560	-0.620	-0.637	-0.541	-0.596	-0.782	-0.567	-0.556	-0.709	-0.749	-0.463	-0.573	-0.573	-0.575	-0.558	-0.575	-0.764	-0.578	-0.665	-0.534	-0.509	-0.446	-0.757	-0.578	-0.578	-0.570	-0.578	-0.578	-0.580	-0.749	-0.779	-0.579	-0.573	-0.759	-0.581	-0.574	-0.750	-0.581	-0.575	-0.575	-0.581	-0.581	-0.594	-0.581	-0.582	-0.751	-0.576	-0.751	-0.583	-0.748	-0.384	-0.878	-0.701	-0.738	-0.501	-0.880	-0.500	-0.741	-0.513	-0.518	-0.528	-0.879	-0.519	-0.748	-0.501	-0.499	-0.747	-0.880	-0.500	-0.499	-0.747	-0.747	-0.879	-0.503	-0.504	-0.678	-0.879	-0.481	-0.739	-0.760	-0.880	-0.880	-0.717	-0.581	-0.513	-0.436	-0.528	-0.700	-0.838	-0.844	-0.782	-0.682	-0.674	-0.841	-0.839	-0.835	-0.833	-0.833	-0.559	-0.689	-0.878	-0.687	-0.655	-0.672	-0.651	-0.738	-0.656	-0.663	-0.662	-0.658	-0.652	-0.892	-0.774	-0.914	-0.789	-0.878	-0.879	-0.769	-0.893	-0.847	-0.649	-0.849	-0.769	-0.893	-0.893	-0.823	-0.733	-0.823	-0.885	-0.892	-0.818	-0.892	-0.892	-0.891	-0.884	-0.669	-0.517	-0.488	-0.423	-0.679	-0.595	-0.449	-0.629	-0.449	-0.571	-0.633	-0.575	-0.575	-0.625	-0.571	-0.637	-0.631	-0.449	-0.454	-0.574	-0.581	-0.875	-0.821	-0.807	-0.799	-0.822	-0.714	-0.800	-0.827	-0.767	-0.771	-0.777	-0.772	-0.746	-0.746	-0.804	-0.805	-0.830	
rs2572011      -0.128	-0.939	-0.958	-0.703	-0.733	-0.970	-0.928	-0.904	-0.942	-0.922	-0.804	-0.794	-0.876	-0.738	-0.738	-0.742	-0.723	-0.741	-0.801	-0.774	-0.958	-0.550	-0.541	-0.757	-0.654	-0.776	-0.772	-0.759	-0.772	-0.779	-0.787	-0.791	-0.700	-0.779	-0.766	-0.795	-0.764	-0.776	-0.793	-0.756	-0.763	-0.765	-0.784	-0.786	-0.764	-0.785	-0.785	-0.795	-0.766	-0.796	-0.787	-0.796	-0.576	-1.115	-1.069	-0.981	-0.515	-1.115	-0.513	-0.983	-0.527	-0.533	-0.544	-1.115	-0.534	-0.988	-0.513	-0.510	-0.988	-1.114	-0.512	-0.510	-0.988	-0.987	-1.114	-0.515	-0.516	-0.751	-1.113	-0.489	-1.083	-0.996	-1.113	-1.113	-0.965	-0.607	-0.526	-0.827	-0.541	-0.721	-0.882	-0.902	-0.910	-0.697	-0.685	-0.890	-0.884	-0.870	-0.865	-0.864	-0.552	-0.723	-1.061	-0.723	-0.678	-0.701	-0.673	-0.942	-0.680	-0.689	-0.689	-0.684	-0.675	-1.053	-0.958	-1.080	-0.851	-1.010	-1.012	-0.819	-1.045	-0.952	-0.854	-0.954	-0.820	-1.045	-1.045	-0.905	-0.939	-0.906	-1.048	-1.042	-0.897	-1.043	-1.041	-1.041	-1.021	-0.693	-0.588	-0.504	-0.467	-0.718	-0.633	-0.496	-0.650	-0.497	-0.604	-0.656	-0.609	-0.609	-0.645	-0.604	-0.661	-0.654	-0.497	-0.504	-0.608	-0.617	-1.016	-1.074	-1.020	-1.065	-1.074	-0.770	-1.066	-1.076	-1.050	-1.051	-1.055	-0.854	-1.037	-1.037	-1.067	-1.068	-1.077	
rs2572010      -0.102	-0.636	-0.597	-0.643	-0.659	-0.575	-0.627	-0.799	-0.603	-0.595	-0.730	-0.768	-0.511	-0.568	-0.568	-0.571	-0.556	-0.570	-0.783	-0.582	-0.691	-0.528	-0.502	-0.578	-0.776	-0.459	-0.582	-0.579	-0.582	-0.585	-0.589	-0.769	-0.789	-0.585	-0.584	-0.778	-0.583	-0.589	-0.769	-0.581	-0.584	-0.585	-0.589	-0.589	-0.598	-0.590	-0.589	-0.770	-0.587	-0.770	-0.591	-0.767	-0.353	-0.893	-0.720	-0.755	-0.498	-0.894	-0.496	-0.758	-0.509	-0.515	-0.525	-0.894	-0.515	-0.764	-0.497	-0.495	-0.764	-0.894	-0.497	-0.495	-0.764	-0.764	-0.893	-0.500	-0.501	-0.681	-0.894	-0.477	-0.757	-0.777	-0.894	-0.894	-0.734	-0.580	-0.510	-0.455	-0.525	-0.704	-0.848	-0.855	-0.792	-0.686	-0.677	-0.851	-0.849	-0.844	-0.842	-0.842	-0.560	-0.693	-0.892	-0.691	-0.659	-0.676	-0.655	-0.751	-0.660	-0.667	-0.666	-0.663	-0.656	-0.905	-0.787	-0.925	-0.797	-0.889	-0.890	-0.776	-0.905	-0.857	-0.663	-0.859	-0.777	-0.905	-0.905	-0.831	-0.746	-0.832	-0.898	-0.904	-0.826	-0.904	-0.904	-0.904	-0.896	-0.675	-0.526	-0.493	-0.432	-0.688	-0.602	-0.457	-0.637	-0.458	-0.577	-0.641	-0.581	-0.581	-0.633	-0.577	-0.645	-0.639	-0.457	-0.463	-0.580	-0.587	-0.887	-0.837	-0.820	-0.815	-0.838	-0.723	-0.816	-0.842	-0.784	-0.787	-0.794	-0.782	-0.763	-0.763	-0.820	-0.821	-0.845	
rs1048705      -0.100	-0.631	-0.591	-0.638	-0.655	-0.568	-0.622	-0.796	-0.597	-0.589	-0.726	-0.765	-0.499	-0.569	-0.568	-0.572	-0.558	-0.571	-0.779	-0.581	-0.686	-0.529	-0.503	-0.578	-0.772	-0.582	-0.456	-0.579	-0.581	-0.583	-0.587	-0.765	-0.787	-0.583	-0.583	-0.774	-0.582	-0.587	-0.765	-0.581	-0.583	-0.584	-0.587	-0.587	-0.597	-0.588	-0.588	-0.766	-0.586	-0.767	-0.589	-0.764	-0.361	-0.890	-0.716	-0.752	-0.499	-0.892	-0.497	-0.755	-0.510	-0.516	-0.526	-0.891	-0.516	-0.761	-0.498	-0.496	-0.761	-0.891	-0.498	-0.496	-0.761	-0.760	-0.891	-0.501	-0.502	-0.680	-0.891	-0.478	-0.754	-0.773	-0.891	-0.891	-0.731	-0.581	-0.511	-0.451	-0.526	-0.703	-0.846	-0.853	-0.790	-0.685	-0.677	-0.849	-0.847	-0.842	-0.841	-0.840	-0.560	-0.693	-0.889	-0.691	-0.658	-0.675	-0.654	-0.749	-0.659	-0.666	-0.666	-0.662	-0.655	-0.902	-0.784	-0.923	-0.796	-0.887	-0.888	-0.775	-0.902	-0.855	-0.660	-0.857	-0.775	-0.903	-0.903	-0.830	-0.744	-0.830	-0.896	-0.902	-0.825	-0.902	-0.901	-0.901	-0.894	-0.674	-0.525	-0.492	-0.430	-0.686	-0.601	-0.456	-0.635	-0.456	-0.576	-0.639	-0.580	-0.580	-0.631	-0.576	-0.643	-0.638	-0.456	-0.462	-0.579	-0.586	-0.884	-0.834	-0.818	-0.812	-0.835	-0.722	-0.813	-0.839	-0.781	-0.784	-0.791	-0.780	-0.760	-0.760	-0.817	-0.818	-0.843	
rs2572009      -0.094	-0.610	-0.564	-0.622	-0.639	-0.545	-0.600	-0.784	-0.571	-0.560	-0.711	-0.751	-0.472	-0.574	-0.573	-0.576	-0.557	-0.575	-0.766	-0.579	-0.668	-0.533	-0.508	-0.570	-0.759	-0.579	-0.579	-0.447	-0.579	-0.580	-0.582	-0.751	-0.780	-0.580	-0.574	-0.761	-0.582	-0.576	-0.752	-0.582	-0.575	-0.576	-0.583	-0.583	-0.595	-0.583	-0.583	-0.753	-0.577	-0.753	-0.584	-0.750	-0.379	-0.880	-0.703	-0.740	-0.501	-0.881	-0.499	-0.743	-0.512	-0.518	-0.527	-0.881	-0.518	-0.749	-0.500	-0.498	-0.749	-0.881	-0.500	-0.498	-0.749	-0.749	-0.881	-0.503	-0.504	-0.678	-0.881	-0.480	-0.741	-0.762	-0.881	-0.881	-0.719	-0.581	-0.513	-0.438	-0.527	-0.700	-0.839	-0.846	-0.783	-0.682	-0.674	-0.842	-0.840	-0.836	-0.834	-0.834	-0.559	-0.689	-0.880	-0.687	-0.655	-0.672	-0.652	-0.740	-0.656	-0.663	-0.663	-0.659	-0.652	-0.893	-0.775	-0.915	-0.790	-0.879	-0.880	-0.770	-0.894	-0.848	-0.651	-0.850	-0.770	-0.894	-0.894	-0.824	-0.735	-0.824	-0.887	-0.894	-0.819	-0.893	-0.893	-0.893	-0.885	-0.670	-0.518	-0.488	-0.424	-0.680	-0.596	-0.450	-0.630	-0.450	-0.572	-0.634	-0.575	-0.575	-0.625	-0.572	-0.638	-0.632	-0.450	-0.455	-0.574	-0.582	-0.876	-0.823	-0.809	-0.801	-0.824	-0.715	-0.802	-0.828	-0.769	-0.772	-0.779	-0.773	-0.748	-0.748	-0.805	-0.807	-0.832	
rs2572008      -0.100	-0.631	-0.591	-0.638	-0.655	-0.568	-0.622	-0.796	-0.597	-0.589	-0.726	-0.765	-0.499	-0.569	-0.569	-0.572	-0.558	-0.571	-0.779	-0.581	-0.686	-0.529	-0.503	-0.578	-0.772	-0.582	-0.581	-0.579	-0.456	-0.583	-0.587	-0.765	-0.787	-0.583	-0.583	-0.774	-0.582	-0.587	-0.765	-0.581	-0.583	-0.584	-0.587	-0.587	-0.597	-0.587	-0.587	-0.766	-0.585	-0.766	-0.589	-0.764	-0.361	-0.890	-0.716	-0.752	-0.499	-0.891	-0.497	-0.755	-0.510	-0.516	-0.526	-0.891	-0.516	-0.761	-0.498	-0.496	-0.761	-0.891	-0.497	-0.496	-0.761	-0.760	-0.891	-0.501	-0.502	-0.680	-0.891	-0.478	-0.753	-0.773	-0.891	-0.891	-0.731	-0.581	-0.511	-0.451	-0.526	-0.703	-0.846	-0.853	-0.790	-0.685	-0.677	-0.849	-0.847	-0.842	-0.840	-0.840	-0.560	-0.693	-0.889	-0.691	-0.658	-0.675	-0.654	-0.749	-0.659	-0.666	-0.666	-0.662	-0.655	-0.902	-0.784	-0.923	-0.796	-0.887	-0.888	-0.775	-0.902	-0.855	-0.660	-0.857	-0.775	-0.903	-0.903	-0.830	-0.744	-0.830	-0.896	-0.902	-0.825	-0.902	-0.901	-0.901	-0.894	-0.674	-0.525	-0.492	-0.430	-0.686	-0.601	-0.456	-0.635	-0.456	-0.576	-0.639	-0.580	-0.580	-0.631	-0.576	-0.643	-0.638	-0.456	-0.462	-0.579	-0.586	-0.884	-0.834	-0.818	-0.812	-0.835	-0.722	-0.813	-0.839	-0.781	-0.784	-0.791	-0.780	-0.760	-0.760	-0.817	-0.818	-0.842	
rs2527922      -0.103	-0.641	-0.603	-0.647	-0.663	-0.581	-0.632	-0.801	-0.609	-0.601	-0.734	-0.772	-0.525	-0.568	-0.567	-0.571	-0.555	-0.570	-0.786	-0.584	-0.695	-0.527	-0.501	-0.578	-0.779	-0.585	-0.583	-0.580	-0.583	-0.461	-0.590	-0.772	-0.791	-0.585	-0.583	-0.781	-0.582	-0.589	-0.772	-0.580	-0.583	-0.584	-0.590	-0.590	-0.598	-0.590	-0.590	-0.773	-0.586	-0.774	-0.592	-0.771	-0.340	-0.895	-0.723	-0.758	-0.497	-0.897	-0.495	-0.761	-0.508	-0.514	-0.524	-0.896	-0.514	-0.767	-0.496	-0.494	-0.767	-0.896	-0.495	-0.494	-0.767	-0.766	-0.896	-0.499	-0.500	-0.681	-0.896	-0.475	-0.760	-0.779	-0.896	-0.896	-0.737	-0.580	-0.509	-0.458	-0.524	-0.705	-0.850	-0.856	-0.794	-0.686	-0.678	-0.853	-0.851	-0.846	-0.844	-0.844	-0.560	-0.694	-0.894	-0.692	-0.659	-0.677	-0.656	-0.753	-0.660	-0.667	-0.667	-0.663	-0.656	-0.907	-0.789	-0.927	-0.798	-0.891	-0.892	-0.777	-0.907	-0.859	-0.665	-0.861	-0.778	-0.907	-0.907	-0.833	-0.748	-0.833	-0.900	-0.906	-0.828	-0.906	-0.906	-0.906	-0.898	-0.676	-0.528	-0.494	-0.434	-0.689	-0.603	-0.459	-0.638	-0.459	-0.578	-0.642	-0.582	-0.582	-0.634	-0.578	-0.646	-0.641	-0.459	-0.465	-0.581	-0.588	-0.888	-0.839	-0.823	-0.818	-0.840	-0.725	-0.819	-0.845	-0.787	-0.790	-0.797	-0.783	-0.766	-0.766	-0.822	-0.824	-0.848	
rs2572006      -0.106	-0.651	-0.616	-0.656	-0.672	-0.595	-0.643	-0.807	-0.621	-0.614	-0.741	-0.779	-0.552	-0.568	-0.567	-0.572	-0.554	-0.571	-0.793	-0.588	-0.704	-0.526	-0.499	-0.580	-0.787	-0.589	-0.587	-0.582	-0.587	-0.590	-0.465	-0.779	-0.794	-0.590	-0.586	-0.788	-0.587	-0.593	-0.779	-0.579	-0.583	-0.584	-0.592	-0.592	-0.598	-0.592	-0.592	-0.780	-0.586	-0.780	-0.594	-0.778	-0.319	-0.900	-0.730	-0.764	-0.495	-0.901	-0.493	-0.767	-0.506	-0.512	-0.522	-0.901	-0.513	-0.773	-0.494	-0.492	-0.773	-0.901	-0.494	-0.492	-0.773	-0.772	-0.900	-0.497	-0.498	-0.681	-0.901	-0.473	-0.766	-0.785	-0.901	-0.901	-0.743	-0.579	-0.508	-0.465	-0.523	-0.706	-0.853	-0.860	-0.797	-0.687	-0.679	-0.856	-0.854	-0.849	-0.847	-0.847	-0.560	-0.695	-0.898	-0.693	-0.661	-0.678	-0.657	-0.758	-0.661	-0.669	-0.668	-0.664	-0.657	-0.911	-0.793	-0.931	-0.801	-0.895	-0.896	-0.780	-0.911	-0.862	-0.669	-0.864	-0.780	-0.911	-0.911	-0.836	-0.753	-0.836	-0.904	-0.911	-0.830	-0.910	-0.910	-0.910	-0.902	-0.678	-0.531	-0.496	-0.436	-0.692	-0.605	-0.462	-0.641	-0.462	-0.580	-0.645	-0.584	-0.584	-0.637	-0.580	-0.649	-0.643	-0.462	-0.468	-0.583	-0.590	-0.892	-0.845	-0.827	-0.824	-0.845	-0.728	-0.825	-0.850	-0.793	-0.796	-0.802	-0.786	-0.772	-0.772	-0.828	-0.829	-0.853	
