## Summary of overall evidence for association with region:
## log10(BF for region) = -0.322962
## p-value for region = NA

## BFs for choosing among multi-SNP models:
## log10(average 1-SNP BF) = -0.278454
## log10(average 2-SNP BF) = -0.428554

## Example posterior probabilities for multi-SNP models, based on default prior: [p(l) propto 0.5^l for l=1,2,...,L]
## posterior probability of 1-SNP = 0.738612
## posterior probability of 2-SNP = 0.261388

## log10(BF) for single SNP and pair of SNPs:
rs74920287     -0.363	-0.472	-0.593	-0.593	-0.470	-0.591	-0.483	-0.611	-0.467	-0.470	-0.184	-0.049	-0.497	-0.475	-0.087	-0.125	-0.470	-0.466	-0.499	-0.503	-0.470	-0.167	-0.603	-0.465	-0.566	-0.599	-0.470	-0.635	-0.368	-0.465	-0.470	-0.350	-0.204	-0.540	-0.335	-0.473	-0.455	-0.465	-0.450	-0.633	-0.452	-0.639	-0.469	-0.584	-0.471	-0.564	-0.473	-0.205	-0.475	-0.647	-0.631	-0.479	-0.219	-0.466	-0.570	-0.441	-0.618	-0.568	-0.413	-0.463	-0.488	-0.401	-0.720	-0.642	-0.568	-0.565	-0.469	-0.496	-0.567	-0.642	-0.564	-0.642	-0.402	-0.522	-0.642	-0.418	-0.451	-0.642	-0.443	-0.629	-0.568	-0.642	-0.472	-0.642	-0.567	-0.523	-0.460	-0.273	-0.522	-0.465	-0.549	-0.515	-0.521	-0.276	-0.476	-0.474	-0.558	-0.722	-0.436	-0.641	-0.517	-0.615	-0.221	-0.646	-0.644	-0.713	-0.479	-0.651	-0.651	-0.649	-0.617	-0.619	-0.389	-0.651	-0.613	-0.651	-0.619	-0.651	-0.651	-0.721	-0.621	-0.640	-0.704	-0.573	-0.573	-0.702	-0.633	-0.611	-0.627	-0.680	-0.411	-0.611	-0.605	-0.273	-0.603	-0.586	-0.587	-0.588	-0.593	-0.596	-0.644	-0.645	-0.646	-0.612	-0.675	-0.578	-0.577	-0.588	-0.236	-0.505	-0.513	-0.513	-0.545	-0.515	-0.559	-0.515	-0.541	-0.219	-0.176	-0.176	-0.176	-0.521	-0.569	-0.699	-0.183	-0.577	-0.595	-0.620	-0.620	
rs6965963      -0.472	-0.365	-0.594	-0.594	-0.471	-0.593	-0.485	-0.613	-0.467	-0.471	-0.186	-0.049	-0.499	-0.477	-0.087	-0.125	-0.471	-0.466	-0.501	-0.505	-0.471	-0.167	-0.603	-0.466	-0.568	-0.601	-0.471	-0.637	-0.364	-0.466	-0.471	-0.347	-0.206	-0.542	-0.330	-0.473	-0.455	-0.465	-0.449	-0.634	-0.452	-0.640	-0.469	-0.585	-0.472	-0.564	-0.474	-0.207	-0.477	-0.648	-0.632	-0.481	-0.221	-0.471	-0.573	-0.442	-0.620	-0.571	-0.413	-0.464	-0.489	-0.401	-0.721	-0.644	-0.571	-0.569	-0.469	-0.498	-0.570	-0.644	-0.567	-0.644	-0.402	-0.524	-0.644	-0.419	-0.451	-0.643	-0.443	-0.631	-0.571	-0.643	-0.473	-0.643	-0.570	-0.525	-0.460	-0.275	-0.524	-0.465	-0.552	-0.518	-0.523	-0.278	-0.477	-0.475	-0.561	-0.724	-0.436	-0.643	-0.518	-0.617	-0.224	-0.647	-0.645	-0.715	-0.479	-0.653	-0.653	-0.651	-0.619	-0.621	-0.391	-0.652	-0.615	-0.652	-0.621	-0.653	-0.653	-0.722	-0.623	-0.641	-0.706	-0.575	-0.576	-0.703	-0.634	-0.613	-0.629	-0.681	-0.413	-0.613	-0.607	-0.275	-0.604	-0.587	-0.589	-0.589	-0.594	-0.597	-0.645	-0.647	-0.647	-0.613	-0.676	-0.579	-0.579	-0.590	-0.239	-0.507	-0.515	-0.515	-0.547	-0.517	-0.561	-0.517	-0.543	-0.221	-0.178	-0.178	-0.178	-0.524	-0.571	-0.700	-0.185	-0.579	-0.597	-0.622	-0.622	
rs7804018      -0.593	-0.594	-0.343	-0.452	-0.593	-0.584	-0.597	-0.586	-0.591	-0.593	-0.103	-0.079	-0.440	-0.596	-0.118	-0.157	-0.593	-0.591	-0.442	-0.446	-0.593	-0.199	-0.461	-0.591	-0.515	-0.553	-0.593	-0.573	-0.554	-0.591	-0.593	-0.549	-0.123	-0.490	-0.545	-0.591	-0.581	-0.583	-0.584	-0.577	-0.580	-0.465	-0.591	-0.451	-0.592	-0.438	-0.592	-0.122	-0.594	-0.455	-0.506	-0.596	-0.139	-0.589	-0.633	-0.473	-0.593	-0.632	-0.447	-0.495	-0.518	-0.435	-0.533	-0.574	-0.632	-0.629	-0.499	-0.445	-0.631	-0.575	-0.630	-0.575	-0.436	-0.472	-0.575	-0.452	-0.483	-0.575	-0.475	-0.595	-0.632	-0.575	-0.577	-0.575	-0.631	-0.472	-0.491	-0.197	-0.471	-0.496	-0.607	-0.582	-0.470	-0.200	-0.507	-0.505	-0.626	-0.584	-0.468	-0.575	-0.544	-0.639	-0.087	-0.566	-0.658	-0.634	-0.566	-0.552	-0.557	-0.580	-0.647	-0.642	-0.330	-0.559	-0.644	-0.560	-0.646	-0.550	-0.551	-0.601	-0.641	-0.586	-0.595	-0.604	-0.604	-0.601	-0.583	-0.592	-0.595	-0.614	-0.296	-0.600	-0.598	-0.202	-0.559	-0.586	-0.544	-0.545	-0.549	-0.553	-0.602	-0.604	-0.604	-0.569	-0.635	-0.582	-0.582	-0.608	-0.170	-0.411	-0.419	-0.419	-0.454	-0.421	-0.470	-0.421	-0.450	-0.152	-0.108	-0.108	-0.108	-0.424	-0.482	-0.641	-0.117	-0.574	-0.590	-0.613	-0.612	
rs35137829     -0.593	-0.594	-0.452	-0.342	-0.593	-0.584	-0.597	-0.586	-0.591	-0.593	-0.102	-0.079	-0.440	-0.596	-0.118	-0.157	-0.593	-0.591	-0.441	-0.446	-0.593	-0.199	-0.461	-0.591	-0.514	-0.553	-0.593	-0.572	-0.554	-0.591	-0.593	-0.549	-0.123	-0.489	-0.544	-0.591	-0.581	-0.583	-0.584	-0.577	-0.580	-0.464	-0.591	-0.451	-0.591	-0.438	-0.592	-0.121	-0.593	-0.454	-0.506	-0.596	-0.139	-0.588	-0.632	-0.473	-0.592	-0.632	-0.446	-0.494	-0.518	-0.435	-0.532	-0.574	-0.632	-0.629	-0.499	-0.445	-0.631	-0.574	-0.629	-0.574	-0.436	-0.471	-0.574	-0.452	-0.483	-0.574	-0.475	-0.595	-0.631	-0.574	-0.576	-0.574	-0.631	-0.472	-0.491	-0.197	-0.471	-0.496	-0.606	-0.582	-0.470	-0.200	-0.507	-0.505	-0.626	-0.583	-0.468	-0.574	-0.544	-0.639	-0.086	-0.566	-0.658	-0.634	-0.566	-0.551	-0.557	-0.579	-0.647	-0.642	-0.330	-0.559	-0.644	-0.559	-0.646	-0.549	-0.550	-0.600	-0.640	-0.585	-0.594	-0.603	-0.603	-0.600	-0.583	-0.592	-0.594	-0.614	-0.295	-0.600	-0.598	-0.201	-0.559	-0.585	-0.544	-0.544	-0.549	-0.552	-0.601	-0.603	-0.604	-0.568	-0.634	-0.582	-0.582	-0.608	-0.170	-0.410	-0.419	-0.419	-0.454	-0.421	-0.470	-0.421	-0.450	-0.151	-0.107	-0.107	-0.107	-0.423	-0.481	-0.640	-0.117	-0.574	-0.590	-0.612	-0.612	
rs74958275     -0.470	-0.471	-0.593	-0.593	-0.363	-0.591	-0.483	-0.611	-0.466	-0.470	-0.184	-0.049	-0.497	-0.475	-0.087	-0.125	-0.470	-0.466	-0.499	-0.503	-0.470	-0.167	-0.602	-0.465	-0.565	-0.599	-0.470	-0.635	-0.368	-0.465	-0.470	-0.351	-0.203	-0.540	-0.335	-0.472	-0.455	-0.465	-0.450	-0.633	-0.452	-0.639	-0.468	-0.584	-0.471	-0.564	-0.473	-0.205	-0.475	-0.647	-0.631	-0.479	-0.218	-0.466	-0.570	-0.441	-0.618	-0.568	-0.413	-0.463	-0.488	-0.401	-0.719	-0.642	-0.568	-0.565	-0.468	-0.496	-0.567	-0.642	-0.564	-0.642	-0.401	-0.522	-0.642	-0.418	-0.451	-0.642	-0.443	-0.629	-0.568	-0.642	-0.472	-0.642	-0.567	-0.522	-0.460	-0.273	-0.522	-0.465	-0.548	-0.514	-0.521	-0.276	-0.476	-0.474	-0.557	-0.722	-0.436	-0.641	-0.517	-0.615	-0.221	-0.645	-0.644	-0.713	-0.478	-0.651	-0.651	-0.649	-0.617	-0.619	-0.389	-0.650	-0.613	-0.650	-0.619	-0.651	-0.651	-0.721	-0.621	-0.640	-0.704	-0.573	-0.573	-0.701	-0.632	-0.611	-0.627	-0.680	-0.411	-0.611	-0.605	-0.273	-0.603	-0.586	-0.587	-0.588	-0.593	-0.596	-0.644	-0.645	-0.646	-0.612	-0.675	-0.577	-0.577	-0.588	-0.236	-0.505	-0.513	-0.513	-0.544	-0.514	-0.559	-0.514	-0.541	-0.219	-0.176	-0.176	-0.176	-0.521	-0.569	-0.699	-0.182	-0.577	-0.595	-0.620	-0.619	
rs35216117     -0.591	-0.593	-0.584	-0.584	-0.591	-0.353	-0.601	-0.461	-0.582	-0.591	-0.202	-0.004	-0.511	-0.603	-0.043	-0.080	-0.591	-0.584	-0.512	-0.516	-0.591	-0.122	-0.594	-0.583	-0.575	-0.607	-0.590	-0.420	-0.512	-0.583	-0.589	-0.504	-0.221	-0.551	-0.496	-0.581	-0.559	-0.566	-0.565	-0.448	-0.558	-0.640	-0.584	-0.574	-0.585	-0.552	-0.588	-0.224	-0.593	-0.649	-0.628	-0.602	-0.237	-0.705	-0.708	-0.400	-0.537	-0.708	-0.371	-0.423	-0.449	-0.359	-0.760	-0.509	-0.710	-0.720	-0.428	-0.506	-0.710	-0.510	-0.712	-0.510	-0.359	-0.531	-0.510	-0.377	-0.410	-0.510	-0.402	-0.544	-0.710	-0.510	-0.551	-0.510	-0.710	-0.531	-0.419	-0.293	-0.530	-0.424	-0.709	-0.710	-0.529	-0.296	-0.436	-0.434	-0.714	-0.747	-0.394	-0.511	-0.478	-0.664	-0.271	-0.514	-0.611	-0.697	-0.526	-0.476	-0.489	-0.521	-0.672	-0.670	-0.402	-0.495	-0.680	-0.497	-0.673	-0.481	-0.482	-0.730	-0.682	-0.540	-0.703	-0.654	-0.654	-0.699	-0.546	-0.552	-0.552	-0.667	-0.449	-0.559	-0.555	-0.282	-0.493	-0.540	-0.477	-0.477	-0.483	-0.487	-0.543	-0.545	-0.546	-0.505	-0.580	-0.535	-0.535	-0.659	-0.243	-0.529	-0.536	-0.536	-0.566	-0.538	-0.579	-0.538	-0.563	-0.226	-0.184	-0.184	-0.184	-0.544	-0.581	-0.656	-0.246	-0.652	-0.658	-0.660	-0.660	
rs62491940     -0.483	-0.485	-0.597	-0.597	-0.483	-0.601	-0.374	-0.621	-0.477	-0.483	-0.195	-0.049	-0.508	-0.492	-0.088	-0.126	-0.483	-0.477	-0.509	-0.513	-0.483	-0.168	-0.607	-0.476	-0.576	-0.610	-0.483	-0.645	-0.369	-0.476	-0.482	-0.351	-0.215	-0.551	-0.335	-0.482	-0.461	-0.473	-0.457	-0.642	-0.458	-0.645	-0.480	-0.588	-0.482	-0.567	-0.484	-0.216	-0.488	-0.653	-0.637	-0.495	-0.230	-0.497	-0.589	-0.445	-0.628	-0.587	-0.416	-0.467	-0.492	-0.404	-0.731	-0.651	-0.587	-0.585	-0.472	-0.507	-0.586	-0.651	-0.583	-0.651	-0.405	-0.533	-0.651	-0.421	-0.454	-0.651	-0.446	-0.639	-0.587	-0.651	-0.478	-0.651	-0.587	-0.533	-0.463	-0.284	-0.532	-0.468	-0.569	-0.537	-0.531	-0.287	-0.480	-0.478	-0.578	-0.732	-0.439	-0.651	-0.521	-0.626	-0.233	-0.655	-0.649	-0.721	-0.482	-0.660	-0.661	-0.658	-0.629	-0.631	-0.400	-0.660	-0.626	-0.660	-0.631	-0.660	-0.660	-0.730	-0.634	-0.649	-0.713	-0.587	-0.587	-0.710	-0.642	-0.620	-0.637	-0.687	-0.422	-0.621	-0.615	-0.283	-0.609	-0.595	-0.593	-0.594	-0.599	-0.602	-0.650	-0.652	-0.652	-0.618	-0.681	-0.587	-0.587	-0.601	-0.247	-0.516	-0.523	-0.523	-0.555	-0.525	-0.569	-0.525	-0.552	-0.230	-0.187	-0.187	-0.187	-0.532	-0.579	-0.707	-0.193	-0.590	-0.608	-0.632	-0.631	
rs733483       -0.611	-0.613	-0.586	-0.586	-0.611	-0.461	-0.621	-0.373	-0.602	-0.611	-0.228	+0.001	-0.532	-0.623	-0.038	-0.077	-0.611	-0.604	-0.534	-0.537	-0.611	-0.120	-0.597	-0.603	-0.596	-0.627	-0.610	-0.485	-0.532	-0.603	-0.609	-0.524	-0.247	-0.571	-0.517	-0.601	-0.580	-0.586	-0.586	-0.498	-0.578	-0.646	-0.604	-0.575	-0.606	-0.553	-0.608	-0.250	-0.613	-0.656	-0.634	-0.622	-0.263	-0.724	-0.727	-0.405	-0.556	-0.727	-0.376	-0.429	-0.455	-0.363	-0.776	-0.543	-0.728	-0.739	-0.434	-0.528	-0.729	-0.544	-0.730	-0.544	-0.364	-0.552	-0.544	-0.381	-0.416	-0.544	-0.407	-0.566	-0.729	-0.544	-0.571	-0.544	-0.729	-0.553	-0.425	-0.316	-0.552	-0.430	-0.727	-0.728	-0.551	-0.320	-0.442	-0.440	-0.732	-0.761	-0.399	-0.544	-0.484	-0.683	-0.299	-0.548	-0.620	-0.708	-0.546	-0.521	-0.530	-0.553	-0.691	-0.689	-0.425	-0.535	-0.699	-0.536	-0.692	-0.524	-0.525	-0.743	-0.701	-0.566	-0.716	-0.673	-0.673	-0.711	-0.570	-0.568	-0.572	-0.677	-0.475	-0.572	-0.567	-0.307	-0.521	-0.551	-0.504	-0.505	-0.510	-0.514	-0.569	-0.571	-0.572	-0.532	-0.606	-0.544	-0.544	-0.678	-0.268	-0.553	-0.561	-0.561	-0.590	-0.562	-0.603	-0.562	-0.587	-0.251	-0.209	-0.209	-0.209	-0.568	-0.605	-0.679	-0.269	-0.670	-0.676	-0.678	-0.678	
rs62491942     -0.467	-0.467	-0.591	-0.591	-0.466	-0.582	-0.477	-0.602	-0.354	-0.467	-0.173	-0.050	-0.487	-0.467	-0.088	-0.125	-0.466	-0.464	-0.489	-0.493	-0.466	-0.167	-0.600	-0.464	-0.556	-0.590	-0.466	-0.627	-0.385	-0.464	-0.466	-0.371	-0.193	-0.531	-0.358	-0.471	-0.458	-0.465	-0.453	-0.624	-0.455	-0.635	-0.466	-0.582	-0.468	-0.562	-0.469	-0.194	-0.470	-0.642	-0.628	-0.472	-0.208	-0.445	-0.556	-0.438	-0.610	-0.554	-0.411	-0.461	-0.486	-0.399	-0.710	-0.634	-0.554	-0.551	-0.466	-0.487	-0.553	-0.633	-0.550	-0.633	-0.400	-0.513	-0.633	-0.416	-0.449	-0.633	-0.441	-0.621	-0.554	-0.633	-0.472	-0.633	-0.553	-0.513	-0.457	-0.262	-0.512	-0.462	-0.534	-0.498	-0.511	-0.265	-0.474	-0.472	-0.543	-0.714	-0.433	-0.633	-0.514	-0.606	-0.208	-0.637	-0.639	-0.707	-0.478	-0.643	-0.643	-0.641	-0.608	-0.610	-0.379	-0.642	-0.603	-0.642	-0.610	-0.643	-0.643	-0.713	-0.611	-0.631	-0.697	-0.562	-0.563	-0.695	-0.624	-0.602	-0.619	-0.674	-0.399	-0.603	-0.597	-0.263	-0.597	-0.577	-0.582	-0.583	-0.587	-0.590	-0.638	-0.640	-0.640	-0.606	-0.669	-0.569	-0.568	-0.577	-0.226	-0.494	-0.502	-0.502	-0.534	-0.504	-0.548	-0.504	-0.530	-0.209	-0.165	-0.165	-0.165	-0.510	-0.559	-0.691	-0.171	-0.566	-0.584	-0.611	-0.610	
rs62491943     -0.470	-0.471	-0.593	-0.593	-0.470	-0.591	-0.483	-0.611	-0.467	-0.363	-0.184	-0.049	-0.497	-0.475	-0.087	-0.125	-0.470	-0.466	-0.499	-0.503	-0.470	-0.167	-0.603	-0.465	-0.565	-0.599	-0.470	-0.635	-0.368	-0.465	-0.470	-0.351	-0.203	-0.540	-0.335	-0.472	-0.455	-0.465	-0.450	-0.633	-0.452	-0.639	-0.469	-0.584	-0.471	-0.564	-0.473	-0.205	-0.475	-0.647	-0.631	-0.479	-0.218	-0.466	-0.570	-0.441	-0.618	-0.568	-0.413	-0.463	-0.488	-0.401	-0.719	-0.642	-0.568	-0.565	-0.469	-0.496	-0.567	-0.642	-0.564	-0.642	-0.402	-0.522	-0.642	-0.418	-0.451	-0.642	-0.443	-0.629	-0.568	-0.642	-0.472	-0.642	-0.567	-0.523	-0.460	-0.273	-0.522	-0.465	-0.549	-0.514	-0.521	-0.276	-0.476	-0.474	-0.557	-0.722	-0.436	-0.641	-0.517	-0.615	-0.221	-0.645	-0.644	-0.713	-0.479	-0.651	-0.651	-0.649	-0.617	-0.619	-0.389	-0.650	-0.613	-0.650	-0.619	-0.651	-0.651	-0.721	-0.621	-0.640	-0.704	-0.573	-0.573	-0.701	-0.633	-0.611	-0.627	-0.680	-0.411	-0.611	-0.605	-0.273	-0.603	-0.586	-0.587	-0.588	-0.593	-0.596	-0.644	-0.645	-0.646	-0.612	-0.675	-0.578	-0.577	-0.588	-0.236	-0.505	-0.513	-0.513	-0.544	-0.514	-0.559	-0.515	-0.541	-0.219	-0.176	-0.176	-0.176	-0.521	-0.569	-0.699	-0.182	-0.577	-0.595	-0.620	-0.620	
rs57487459     -0.184	-0.186	-0.103	-0.102	-0.184	-0.202	-0.195	-0.228	-0.173	-0.184	+0.026	+0.017	-0.039	-0.199	-0.014	-0.045	-0.183	-0.175	-0.041	-0.046	-0.183	-0.080	-0.115	-0.174	-0.127	-0.176	-0.183	-0.260	-0.081	-0.174	-0.182	-0.074	-0.068	-0.103	-0.063	-0.171	-0.146	-0.154	-0.153	-0.255	-0.144	-0.181	-0.175	-0.087	-0.177	-0.060	-0.180	-0.114	-0.186	-0.195	-0.160	-0.197	-0.118	-0.335	-0.324	-0.227	-0.244	-0.325	-0.244	-0.281	-0.299	-0.234	-0.374	-0.274	-0.327	-0.344	-0.283	-0.093	-0.328	-0.274	-0.330	-0.274	-0.235	-0.120	-0.274	-0.247	-0.271	-0.274	-0.265	-0.258	-0.327	-0.274	-0.137	-0.274	-0.328	-0.121	-0.278	-0.206	-0.120	-0.282	-0.336	-0.346	-0.119	-0.208	-0.290	-0.288	-0.334	-0.338	-0.260	-0.274	-0.318	-0.273	-0.239	-0.278	-0.386	-0.282	-0.111	-0.286	-0.285	-0.279	-0.278	-0.280	+0.012	-0.284	-0.292	-0.284	-0.280	-0.286	-0.286	-0.322	-0.299	-0.268	-0.305	-0.277	-0.277	-0.296	-0.262	-0.235	-0.253	-0.244	-0.301	-0.232	-0.224	+0.147	-0.291	-0.206	-0.279	-0.279	-0.283	-0.286	-0.329	-0.331	-0.331	-0.300	-0.357	-0.197	-0.196	-0.287	+0.165	-0.332	-0.338	-0.338	-0.359	-0.339	-0.367	-0.339	-0.357	+0.184	+0.228	+0.228	+0.228	-0.338	-0.367	-0.396	-0.049	-0.299	-0.303	-0.302	-0.302	
rs28842518     -0.049	-0.049	-0.079	-0.079	-0.049	-0.004	-0.049	+0.001	-0.050	-0.049	+0.017	+0.284	+0.432	-0.047	+0.178	+0.170	-0.049	-0.049	+0.429	+0.422	-0.049	+0.137	-0.078	-0.050	+0.307	+0.231	-0.049	+0.026	-0.045	-0.050	-0.049	-0.043	+0.009	+0.327	-0.041	-0.050	-0.046	-0.046	-0.049	+0.019	-0.046	-0.063	-0.049	-0.081	-0.049	-0.081	-0.048	-0.006	-0.048	-0.059	-0.069	-0.047	+0.001	+0.043	-0.059	-0.094	+0.003	-0.057	-0.050	-0.052	-0.053	-0.053	-0.012	+0.038	-0.056	-0.052	-0.056	+0.320	-0.055	+0.037	-0.053	+0.037	-0.053	+0.290	+0.037	-0.053	-0.054	+0.037	-0.051	+0.009	-0.056	+0.037	-0.041	+0.037	-0.055	+0.290	-0.053	-0.017	+0.290	-0.053	-0.025	+0.002	+0.292	-0.018	-0.052	-0.052	-0.049	-0.054	-0.054	+0.037	-0.041	-0.063	+0.084	+0.049	-0.087	-0.083	-0.034	+0.068	+0.061	+0.032	-0.071	-0.061	+0.449	+0.059	-0.063	+0.058	-0.069	+0.072	+0.071	-0.057	-0.059	+0.021	-0.033	-0.015	-0.015	-0.041	+0.024	+0.003	+0.005	-0.071	+0.117	-0.007	-0.008	+0.626	-0.060	-0.000	-0.052	-0.052	-0.056	-0.059	-0.097	-0.098	-0.099	-0.071	-0.121	+0.001	+0.001	-0.015	+0.613	+0.070	+0.063	+0.063	+0.035	+0.062	+0.023	+0.062	+0.038	+0.634	+0.678	+0.678	+0.678	+0.078	+0.014	-0.094	+0.373	+0.044	+0.026	-0.003	-0.003	
rs115943567    -0.497	-0.499	-0.440	-0.440	-0.497	-0.511	-0.508	-0.532	-0.487	-0.497	-0.039	+0.432	-0.288	-0.511	+0.383	+0.338	-0.497	-0.489	-0.392	-0.396	-0.497	+0.284	-0.453	-0.488	-0.444	-0.479	-0.496	-0.559	-0.404	-0.488	-0.495	-0.395	-0.061	-0.474	-0.388	-0.485	-0.463	-0.471	-0.469	-0.556	-0.461	-0.510	-0.490	-0.427	-0.491	-0.400	-0.494	-0.060	-0.500	-0.522	-0.493	-0.510	-0.082	-0.630	-0.628	+0.003	-0.540	-0.628	-0.044	-0.114	-0.148	-0.032	-0.676	-0.567	-0.629	-0.643	-0.118	-0.499	-0.630	-0.567	-0.631	-0.567	-0.032	-0.510	-0.567	-0.054	-0.097	-0.567	-0.084	-0.552	-0.629	-0.567	-0.455	-0.567	-0.630	-0.510	-0.109	-0.165	-0.510	-0.115	-0.634	-0.640	-0.510	-0.168	-0.130	-0.127	-0.635	-0.646	-0.076	-0.566	-0.181	-0.578	-0.401	-0.570	-0.337	-0.589	-0.431	-0.577	-0.577	-0.572	-0.583	-0.584	-0.437	-0.576	-0.595	-0.576	-0.583	-0.578	-0.578	-0.626	-0.601	-0.562	-0.604	-0.575	-0.575	-0.596	-0.555	-0.529	-0.548	-0.546	-0.537	-0.527	-0.520	-0.373	-0.571	-0.502	-0.553	-0.554	-0.558	-0.561	-0.605	-0.607	-0.608	-0.576	-0.634	-0.493	-0.492	-0.583	-0.329	-0.595	-0.601	-0.601	-0.623	-0.602	-0.633	-0.602	-0.621	-0.314	-0.278	-0.278	-0.278	-0.605	-0.634	-0.686	-0.340	-0.590	-0.594	-0.593	-0.593	
rs10231434     -0.475	-0.477	-0.596	-0.596	-0.475	-0.603	-0.492	-0.623	-0.467	-0.475	-0.199	-0.047	-0.511	-0.376	-0.085	-0.123	-0.475	-0.467	-0.513	-0.517	-0.475	-0.166	-0.606	-0.466	-0.579	-0.613	-0.474	-0.647	-0.339	-0.466	-0.474	-0.319	-0.219	-0.554	-0.299	-0.474	-0.451	-0.464	-0.443	-0.645	-0.447	-0.645	-0.471	-0.587	-0.474	-0.565	-0.477	-0.220	-0.482	-0.653	-0.636	-0.490	-0.234	-0.499	-0.591	-0.445	-0.630	-0.589	-0.415	-0.466	-0.491	-0.403	-0.733	-0.654	-0.589	-0.588	-0.471	-0.510	-0.588	-0.654	-0.586	-0.654	-0.404	-0.536	-0.654	-0.420	-0.453	-0.654	-0.445	-0.641	-0.589	-0.654	-0.472	-0.654	-0.589	-0.536	-0.463	-0.288	-0.536	-0.468	-0.572	-0.540	-0.535	-0.291	-0.479	-0.477	-0.580	-0.733	-0.438	-0.653	-0.521	-0.628	-0.239	-0.657	-0.650	-0.723	-0.478	-0.663	-0.663	-0.661	-0.630	-0.633	-0.404	-0.662	-0.627	-0.662	-0.633	-0.662	-0.663	-0.731	-0.635	-0.652	-0.714	-0.589	-0.589	-0.711	-0.644	-0.623	-0.639	-0.688	-0.428	-0.623	-0.617	-0.287	-0.610	-0.598	-0.595	-0.595	-0.600	-0.603	-0.651	-0.653	-0.654	-0.619	-0.683	-0.590	-0.589	-0.603	-0.251	-0.520	-0.528	-0.528	-0.560	-0.530	-0.574	-0.530	-0.556	-0.233	-0.191	-0.191	-0.191	-0.537	-0.584	-0.710	-0.200	-0.593	-0.610	-0.634	-0.634	
rs62491947     -0.087	-0.087	-0.118	-0.118	-0.087	-0.043	-0.088	-0.038	-0.088	-0.087	-0.014	+0.178	+0.383	-0.085	+0.244	+0.130	-0.087	-0.088	+0.380	+0.373	-0.087	+0.095	-0.117	-0.088	+0.260	+0.186	-0.088	-0.014	-0.082	-0.088	-0.088	-0.080	-0.022	+0.280	-0.078	-0.089	-0.084	-0.084	-0.087	-0.021	-0.084	-0.104	-0.087	-0.120	-0.087	-0.119	-0.087	-0.037	-0.086	-0.100	-0.109	-0.085	-0.030	+0.000	-0.099	-0.128	-0.036	-0.097	-0.089	-0.095	-0.097	-0.091	-0.056	-0.003	-0.096	-0.092	-0.099	+0.275	-0.096	-0.003	-0.094	-0.003	-0.091	+0.245	-0.003	-0.093	-0.095	-0.003	-0.092	-0.031	-0.096	-0.003	-0.079	-0.003	-0.095	+0.244	-0.095	-0.048	+0.245	-0.095	-0.066	-0.039	+0.247	-0.050	-0.095	-0.095	-0.089	-0.096	-0.095	-0.003	-0.088	-0.102	+0.052	+0.008	-0.133	-0.123	-0.072	+0.027	+0.020	-0.009	-0.110	-0.100	+0.403	+0.018	-0.103	+0.017	-0.108	+0.031	+0.029	-0.100	-0.098	-0.019	-0.075	-0.055	-0.055	-0.083	-0.016	-0.036	-0.035	-0.112	+0.082	-0.046	-0.047	+0.578	-0.094	-0.039	-0.085	-0.086	-0.090	-0.092	-0.131	-0.132	-0.133	-0.105	-0.156	-0.038	-0.037	-0.055	+0.566	+0.035	+0.028	+0.027	-0.001	+0.026	-0.012	+0.026	+0.002	+0.588	+0.632	+0.632	+0.632	+0.042	-0.022	-0.130	+0.338	+0.004	-0.014	-0.043	-0.042	
rs10251112     -0.125	-0.125	-0.157	-0.157	-0.125	-0.080	-0.126	-0.077	-0.125	-0.125	-0.045	+0.170	+0.338	-0.123	+0.130	+0.206	-0.125	-0.125	+0.335	+0.328	-0.125	+0.071	-0.157	-0.125	+0.217	+0.143	-0.125	-0.054	-0.117	-0.125	-0.125	-0.115	-0.054	+0.237	-0.112	-0.126	-0.120	-0.120	-0.124	-0.060	-0.121	-0.146	-0.124	-0.158	-0.124	-0.157	-0.124	-0.069	-0.124	-0.143	-0.151	-0.123	-0.062	-0.045	-0.138	-0.160	-0.074	-0.137	-0.123	-0.130	-0.133	-0.124	-0.103	-0.043	-0.136	-0.130	-0.134	+0.233	-0.135	-0.043	-0.134	-0.043	-0.124	+0.204	-0.044	-0.126	-0.130	-0.043	-0.127	-0.070	-0.136	-0.043	-0.115	-0.043	-0.135	+0.203	-0.130	-0.081	+0.204	-0.131	-0.106	-0.081	+0.205	-0.083	-0.131	-0.131	-0.130	-0.141	-0.129	-0.043	-0.126	-0.140	+0.015	-0.033	-0.171	-0.164	-0.107	-0.015	-0.022	-0.049	-0.148	-0.138	+0.360	-0.024	-0.141	-0.024	-0.146	-0.011	-0.012	-0.144	-0.136	-0.058	-0.119	-0.094	-0.094	-0.126	-0.055	-0.074	-0.073	-0.153	+0.041	-0.084	-0.084	+0.533	-0.131	-0.075	-0.122	-0.123	-0.126	-0.129	-0.167	-0.169	-0.169	-0.142	-0.192	-0.074	-0.074	-0.094	+0.522	-0.008	-0.015	-0.016	-0.043	-0.017	-0.055	-0.017	-0.040	+0.543	+0.587	+0.587	+0.587	-0.002	-0.064	-0.169	+0.292	-0.036	-0.053	-0.081	-0.081	
rs62491950     -0.470	-0.471	-0.593	-0.593	-0.470	-0.591	-0.483	-0.611	-0.466	-0.470	-0.183	-0.049	-0.497	-0.475	-0.087	-0.125	-0.363	-0.466	-0.498	-0.502	-0.470	-0.167	-0.602	-0.465	-0.565	-0.599	-0.470	-0.635	-0.368	-0.465	-0.470	-0.351	-0.203	-0.540	-0.335	-0.472	-0.455	-0.465	-0.450	-0.632	-0.452	-0.639	-0.468	-0.584	-0.471	-0.564	-0.473	-0.205	-0.475	-0.647	-0.631	-0.479	-0.218	-0.465	-0.570	-0.441	-0.618	-0.567	-0.413	-0.463	-0.488	-0.401	-0.719	-0.642	-0.568	-0.565	-0.468	-0.496	-0.566	-0.642	-0.563	-0.641	-0.401	-0.522	-0.641	-0.418	-0.451	-0.641	-0.443	-0.629	-0.568	-0.641	-0.472	-0.641	-0.567	-0.522	-0.460	-0.272	-0.522	-0.465	-0.548	-0.514	-0.521	-0.276	-0.476	-0.474	-0.557	-0.722	-0.436	-0.641	-0.517	-0.615	-0.221	-0.645	-0.644	-0.713	-0.478	-0.651	-0.651	-0.649	-0.617	-0.619	-0.389	-0.650	-0.612	-0.650	-0.619	-0.650	-0.651	-0.721	-0.621	-0.639	-0.704	-0.572	-0.573	-0.701	-0.632	-0.611	-0.627	-0.680	-0.410	-0.611	-0.605	-0.272	-0.603	-0.585	-0.587	-0.588	-0.592	-0.596	-0.643	-0.645	-0.646	-0.611	-0.675	-0.577	-0.577	-0.587	-0.236	-0.504	-0.512	-0.512	-0.544	-0.514	-0.558	-0.514	-0.541	-0.218	-0.175	-0.175	-0.175	-0.521	-0.569	-0.698	-0.182	-0.577	-0.595	-0.620	-0.619	
rs10268650     -0.466	-0.466	-0.591	-0.591	-0.466	-0.584	-0.477	-0.604	-0.464	-0.466	-0.175	-0.049	-0.489	-0.467	-0.088	-0.125	-0.466	-0.356	-0.491	-0.495	-0.466	-0.167	-0.600	-0.462	-0.558	-0.592	-0.466	-0.628	-0.378	-0.461	-0.466	-0.363	-0.194	-0.532	-0.349	-0.470	-0.456	-0.465	-0.450	-0.626	-0.454	-0.636	-0.465	-0.582	-0.468	-0.562	-0.469	-0.196	-0.470	-0.643	-0.628	-0.472	-0.209	-0.447	-0.558	-0.439	-0.611	-0.556	-0.411	-0.461	-0.486	-0.399	-0.712	-0.635	-0.556	-0.553	-0.466	-0.488	-0.555	-0.635	-0.551	-0.635	-0.400	-0.514	-0.635	-0.417	-0.449	-0.635	-0.441	-0.622	-0.556	-0.635	-0.472	-0.635	-0.555	-0.515	-0.458	-0.264	-0.514	-0.463	-0.536	-0.500	-0.513	-0.267	-0.474	-0.472	-0.545	-0.715	-0.434	-0.634	-0.515	-0.607	-0.211	-0.639	-0.640	-0.708	-0.478	-0.644	-0.644	-0.642	-0.609	-0.612	-0.381	-0.644	-0.604	-0.644	-0.611	-0.644	-0.644	-0.714	-0.612	-0.633	-0.698	-0.564	-0.564	-0.696	-0.626	-0.604	-0.620	-0.675	-0.401	-0.604	-0.598	-0.264	-0.598	-0.579	-0.583	-0.584	-0.588	-0.591	-0.639	-0.641	-0.641	-0.607	-0.670	-0.570	-0.570	-0.579	-0.228	-0.496	-0.504	-0.504	-0.536	-0.506	-0.550	-0.506	-0.532	-0.210	-0.167	-0.167	-0.167	-0.512	-0.560	-0.692	-0.173	-0.568	-0.586	-0.612	-0.611	
rs35241754     -0.499	-0.501	-0.442	-0.441	-0.499	-0.512	-0.509	-0.534	-0.489	-0.499	-0.041	+0.429	-0.392	-0.513	+0.380	+0.335	-0.498	-0.491	-0.290	-0.396	-0.499	+0.281	-0.455	-0.490	-0.445	-0.481	-0.498	-0.561	-0.406	-0.490	-0.497	-0.397	-0.063	-0.476	-0.389	-0.487	-0.465	-0.472	-0.471	-0.557	-0.463	-0.511	-0.491	-0.429	-0.493	-0.402	-0.495	-0.062	-0.501	-0.524	-0.494	-0.511	-0.084	-0.631	-0.630	+0.000	-0.541	-0.629	-0.046	-0.117	-0.150	-0.034	-0.678	-0.569	-0.630	-0.644	-0.120	-0.500	-0.631	-0.568	-0.633	-0.568	-0.035	-0.511	-0.568	-0.056	-0.100	-0.568	-0.086	-0.554	-0.631	-0.568	-0.457	-0.568	-0.631	-0.511	-0.111	-0.167	-0.511	-0.118	-0.635	-0.641	-0.511	-0.170	-0.133	-0.130	-0.636	-0.647	-0.079	-0.568	-0.183	-0.580	-0.402	-0.572	-0.339	-0.591	-0.433	-0.579	-0.578	-0.574	-0.585	-0.586	-0.438	-0.578	-0.596	-0.578	-0.585	-0.579	-0.579	-0.627	-0.602	-0.563	-0.606	-0.577	-0.577	-0.598	-0.556	-0.531	-0.550	-0.548	-0.538	-0.529	-0.522	-0.374	-0.573	-0.504	-0.554	-0.555	-0.559	-0.562	-0.606	-0.608	-0.609	-0.577	-0.635	-0.495	-0.494	-0.585	-0.329	-0.596	-0.602	-0.602	-0.625	-0.603	-0.634	-0.603	-0.622	-0.314	-0.278	-0.278	-0.278	-0.606	-0.635	-0.687	-0.340	-0.591	-0.595	-0.594	-0.594	
rs34923888     -0.503	-0.505	-0.446	-0.446	-0.503	-0.516	-0.513	-0.537	-0.493	-0.503	-0.046	+0.422	-0.396	-0.517	+0.373	+0.328	-0.502	-0.495	-0.396	-0.294	-0.503	+0.275	-0.459	-0.494	-0.451	-0.484	-0.502	-0.564	-0.410	-0.494	-0.501	-0.401	-0.068	-0.478	-0.393	-0.491	-0.469	-0.476	-0.475	-0.561	-0.467	-0.516	-0.495	-0.434	-0.497	-0.406	-0.499	-0.067	-0.505	-0.528	-0.499	-0.515	-0.089	-0.635	-0.633	-0.005	-0.545	-0.633	-0.050	-0.121	-0.155	-0.038	-0.681	-0.572	-0.634	-0.648	-0.124	-0.502	-0.635	-0.572	-0.637	-0.572	-0.039	-0.514	-0.572	-0.060	-0.104	-0.572	-0.090	-0.557	-0.634	-0.572	-0.461	-0.572	-0.635	-0.514	-0.115	-0.171	-0.513	-0.122	-0.639	-0.645	-0.513	-0.174	-0.137	-0.134	-0.640	-0.651	-0.083	-0.571	-0.188	-0.584	-0.404	-0.575	-0.344	-0.595	-0.437	-0.582	-0.582	-0.577	-0.589	-0.589	-0.439	-0.581	-0.600	-0.581	-0.589	-0.583	-0.583	-0.631	-0.606	-0.567	-0.610	-0.580	-0.581	-0.601	-0.560	-0.534	-0.554	-0.552	-0.540	-0.532	-0.526	-0.375	-0.575	-0.507	-0.557	-0.557	-0.562	-0.565	-0.609	-0.611	-0.611	-0.579	-0.638	-0.498	-0.498	-0.588	-0.330	-0.598	-0.604	-0.604	-0.627	-0.605	-0.636	-0.605	-0.625	-0.315	-0.279	-0.279	-0.279	-0.609	-0.637	-0.690	-0.342	-0.595	-0.599	-0.598	-0.598	
rs10224221     -0.470	-0.471	-0.593	-0.593	-0.470	-0.591	-0.483	-0.611	-0.466	-0.470	-0.183	-0.049	-0.497	-0.475	-0.087	-0.125	-0.470	-0.466	-0.499	-0.503	-0.363	-0.167	-0.602	-0.465	-0.565	-0.599	-0.470	-0.635	-0.368	-0.465	-0.470	-0.351	-0.203	-0.540	-0.335	-0.472	-0.455	-0.465	-0.450	-0.632	-0.452	-0.639	-0.468	-0.584	-0.471	-0.564	-0.473	-0.205	-0.475	-0.647	-0.631	-0.479	-0.218	-0.466	-0.570	-0.441	-0.618	-0.568	-0.413	-0.463	-0.488	-0.401	-0.719	-0.642	-0.568	-0.565	-0.468	-0.496	-0.566	-0.642	-0.563	-0.642	-0.402	-0.522	-0.642	-0.418	-0.451	-0.642	-0.443	-0.629	-0.568	-0.642	-0.472	-0.642	-0.567	-0.522	-0.460	-0.272	-0.522	-0.465	-0.548	-0.514	-0.521	-0.276	-0.476	-0.474	-0.557	-0.722	-0.436	-0.641	-0.517	-0.615	-0.221	-0.645	-0.644	-0.713	-0.479	-0.651	-0.651	-0.649	-0.617	-0.619	-0.389	-0.650	-0.612	-0.650	-0.619	-0.651	-0.651	-0.721	-0.621	-0.639	-0.704	-0.573	-0.573	-0.701	-0.632	-0.611	-0.627	-0.680	-0.411	-0.611	-0.605	-0.273	-0.603	-0.586	-0.587	-0.588	-0.593	-0.596	-0.644	-0.645	-0.646	-0.612	-0.675	-0.577	-0.577	-0.588	-0.236	-0.505	-0.513	-0.513	-0.544	-0.514	-0.558	-0.514	-0.541	-0.219	-0.176	-0.176	-0.176	-0.521	-0.569	-0.699	-0.182	-0.577	-0.595	-0.620	-0.619	
rs3802125      -0.167	-0.167	-0.199	-0.199	-0.167	-0.122	-0.168	-0.120	-0.167	-0.167	-0.080	+0.137	+0.284	-0.166	+0.095	+0.071	-0.167	-0.167	+0.281	+0.275	-0.167	+0.162	-0.199	-0.167	+0.165	+0.093	-0.167	-0.098	-0.157	-0.167	-0.167	-0.155	-0.089	+0.185	-0.152	-0.168	-0.162	-0.162	-0.166	-0.104	-0.162	-0.190	-0.166	-0.200	-0.166	-0.198	-0.166	-0.103	-0.166	-0.187	-0.201	-0.166	-0.097	-0.092	-0.182	-0.197	-0.117	-0.181	-0.165	-0.176	-0.172	-0.165	-0.162	-0.087	-0.180	-0.175	-0.181	+0.184	-0.180	-0.087	-0.178	-0.088	-0.166	+0.154	-0.088	-0.169	-0.175	-0.087	-0.172	-0.113	-0.180	-0.088	-0.156	-0.088	-0.179	+0.154	-0.176	-0.117	+0.154	-0.177	-0.151	-0.126	+0.156	-0.119	-0.179	-0.178	-0.174	-0.197	-0.173	-0.087	-0.179	-0.182	-0.025	-0.077	-0.223	-0.214	-0.148	-0.060	-0.066	-0.094	-0.194	-0.185	+0.309	-0.068	-0.189	-0.069	-0.193	-0.056	-0.057	-0.197	-0.179	-0.102	-0.174	-0.138	-0.138	-0.180	-0.099	-0.117	-0.116	-0.202	-0.005	-0.129	-0.129	+0.480	-0.172	-0.117	-0.163	-0.163	-0.167	-0.170	-0.209	-0.210	-0.211	-0.182	-0.233	-0.116	-0.116	-0.138	+0.470	-0.053	-0.061	-0.061	-0.089	-0.062	-0.100	-0.062	-0.086	+0.491	+0.535	+0.535	+0.535	-0.048	-0.109	-0.213	+0.245	-0.081	-0.097	-0.124	-0.124	
rs7794035      -0.603	-0.603	-0.461	-0.461	-0.602	-0.594	-0.607	-0.597	-0.600	-0.603	-0.115	-0.078	-0.453	-0.606	-0.117	-0.157	-0.602	-0.600	-0.455	-0.459	-0.602	-0.199	-0.353	-0.600	-0.527	-0.565	-0.602	-0.584	-0.561	-0.600	-0.602	-0.556	-0.136	-0.502	-0.551	-0.600	-0.589	-0.592	-0.593	-0.589	-0.588	-0.488	-0.600	-0.455	-0.601	-0.437	-0.601	-0.134	-0.603	-0.482	-0.519	-0.606	-0.152	-0.603	-0.645	-0.477	-0.603	-0.645	-0.450	-0.498	-0.522	-0.438	-0.554	-0.586	-0.645	-0.642	-0.503	-0.457	-0.644	-0.586	-0.642	-0.586	-0.439	-0.484	-0.586	-0.455	-0.486	-0.586	-0.478	-0.606	-0.644	-0.586	-0.585	-0.586	-0.644	-0.484	-0.495	-0.209	-0.483	-0.500	-0.620	-0.596	-0.482	-0.212	-0.511	-0.509	-0.639	-0.601	-0.472	-0.586	-0.549	-0.650	-0.101	-0.578	-0.664	-0.646	-0.574	-0.564	-0.570	-0.591	-0.658	-0.653	-0.342	-0.572	-0.655	-0.572	-0.657	-0.563	-0.563	-0.616	-0.652	-0.597	-0.609	-0.615	-0.615	-0.614	-0.594	-0.602	-0.605	-0.624	-0.309	-0.610	-0.608	-0.214	-0.568	-0.595	-0.553	-0.553	-0.558	-0.561	-0.610	-0.612	-0.613	-0.577	-0.643	-0.592	-0.591	-0.620	-0.182	-0.423	-0.432	-0.432	-0.466	-0.434	-0.483	-0.434	-0.463	-0.164	-0.120	-0.120	-0.120	-0.436	-0.494	-0.651	-0.130	-0.586	-0.602	-0.624	-0.623	
rs58409418     -0.465	-0.466	-0.591	-0.591	-0.465	-0.583	-0.476	-0.603	-0.464	-0.465	-0.174	-0.050	-0.488	-0.466	-0.088	-0.125	-0.465	-0.462	-0.490	-0.494	-0.465	-0.167	-0.600	-0.355	-0.557	-0.591	-0.465	-0.627	-0.379	-0.461	-0.465	-0.364	-0.194	-0.532	-0.350	-0.470	-0.456	-0.464	-0.450	-0.625	-0.454	-0.635	-0.465	-0.582	-0.467	-0.562	-0.468	-0.195	-0.469	-0.643	-0.628	-0.471	-0.209	-0.446	-0.557	-0.439	-0.610	-0.555	-0.411	-0.461	-0.486	-0.399	-0.711	-0.634	-0.555	-0.551	-0.466	-0.488	-0.553	-0.634	-0.550	-0.634	-0.400	-0.514	-0.634	-0.416	-0.449	-0.634	-0.441	-0.622	-0.555	-0.634	-0.472	-0.634	-0.554	-0.514	-0.458	-0.263	-0.513	-0.463	-0.534	-0.499	-0.512	-0.266	-0.474	-0.472	-0.543	-0.715	-0.434	-0.634	-0.514	-0.607	-0.210	-0.638	-0.640	-0.707	-0.478	-0.643	-0.644	-0.641	-0.609	-0.611	-0.380	-0.643	-0.604	-0.643	-0.611	-0.643	-0.643	-0.714	-0.612	-0.632	-0.697	-0.563	-0.563	-0.695	-0.625	-0.603	-0.619	-0.675	-0.400	-0.604	-0.597	-0.264	-0.598	-0.578	-0.583	-0.583	-0.588	-0.591	-0.639	-0.640	-0.641	-0.607	-0.670	-0.570	-0.569	-0.578	-0.227	-0.495	-0.503	-0.503	-0.535	-0.505	-0.549	-0.505	-0.532	-0.210	-0.166	-0.166	-0.166	-0.511	-0.560	-0.692	-0.172	-0.567	-0.585	-0.611	-0.611	
rs7798305      -0.566	-0.568	-0.515	-0.514	-0.565	-0.575	-0.576	-0.596	-0.556	-0.565	-0.127	+0.307	-0.444	-0.579	+0.260	+0.217	-0.565	-0.558	-0.445	-0.451	-0.565	+0.165	-0.527	-0.557	-0.353	-0.566	-0.565	-0.621	-0.475	-0.557	-0.564	-0.466	-0.149	-0.533	-0.459	-0.554	-0.532	-0.540	-0.538	-0.618	-0.530	-0.582	-0.558	-0.502	-0.560	-0.476	-0.562	-0.148	-0.568	-0.594	-0.566	-0.577	-0.168	-0.693	-0.693	-0.118	-0.603	-0.692	-0.149	-0.216	-0.248	-0.137	-0.742	-0.629	-0.693	-0.706	-0.220	-0.542	-0.694	-0.629	-0.696	-0.628	-0.137	-0.558	-0.628	-0.158	-0.200	-0.628	-0.187	-0.615	-0.693	-0.628	-0.524	-0.628	-0.694	-0.558	-0.211	-0.246	-0.558	-0.217	-0.697	-0.702	-0.557	-0.249	-0.232	-0.229	-0.698	-0.713	-0.180	-0.628	-0.281	-0.644	-0.425	-0.632	-0.433	-0.658	-0.501	-0.638	-0.638	-0.634	-0.650	-0.650	-0.462	-0.637	-0.660	-0.637	-0.650	-0.638	-0.638	-0.694	-0.665	-0.624	-0.672	-0.639	-0.639	-0.664	-0.617	-0.592	-0.611	-0.616	-0.571	-0.591	-0.584	-0.388	-0.611	-0.566	-0.593	-0.593	-0.598	-0.601	-0.647	-0.649	-0.650	-0.616	-0.677	-0.557	-0.557	-0.647	-0.341	-0.633	-0.639	-0.639	-0.663	-0.640	-0.673	-0.640	-0.660	-0.324	-0.287	-0.287	-0.287	-0.645	-0.674	-0.732	-0.365	-0.649	-0.654	-0.654	-0.654	
rs17718923     -0.599	-0.601	-0.553	-0.553	-0.599	-0.607	-0.610	-0.627	-0.590	-0.599	-0.176	+0.231	-0.479	-0.613	+0.186	+0.143	-0.599	-0.592	-0.481	-0.484	-0.599	+0.093	-0.565	-0.591	-0.566	-0.384	-0.598	-0.652	-0.511	-0.591	-0.598	-0.502	-0.197	-0.448	-0.495	-0.588	-0.567	-0.574	-0.573	-0.649	-0.565	-0.619	-0.592	-0.541	-0.594	-0.515	-0.596	-0.197	-0.602	-0.631	-0.603	-0.611	-0.215	-0.724	-0.724	-0.163	-0.634	-0.724	-0.192	-0.258	-0.290	-0.179	-0.775	-0.659	-0.725	-0.737	-0.261	-0.524	-0.725	-0.659	-0.727	-0.659	-0.180	-0.541	-0.659	-0.200	-0.242	-0.659	-0.229	-0.646	-0.725	-0.658	-0.559	-0.658	-0.725	-0.542	-0.253	-0.274	-0.541	-0.259	-0.727	-0.731	-0.541	-0.278	-0.273	-0.270	-0.730	-0.747	-0.222	-0.658	-0.322	-0.676	-0.433	-0.662	-0.477	-0.693	-0.535	-0.668	-0.668	-0.664	-0.683	-0.682	-0.427	-0.667	-0.693	-0.667	-0.682	-0.668	-0.668	-0.729	-0.697	-0.655	-0.706	-0.671	-0.671	-0.699	-0.647	-0.624	-0.642	-0.652	-0.589	-0.623	-0.616	-0.374	-0.633	-0.598	-0.616	-0.617	-0.621	-0.625	-0.671	-0.673	-0.674	-0.640	-0.702	-0.590	-0.589	-0.678	-0.318	-0.652	-0.658	-0.658	-0.683	-0.660	-0.693	-0.660	-0.681	-0.300	-0.261	-0.261	-0.261	-0.666	-0.695	-0.754	-0.377	-0.678	-0.683	-0.684	-0.683	
rs7785599      -0.470	-0.471	-0.593	-0.593	-0.470	-0.590	-0.483	-0.610	-0.466	-0.470	-0.183	-0.049	-0.496	-0.474	-0.088	-0.125	-0.470	-0.466	-0.498	-0.502	-0.470	-0.167	-0.602	-0.465	-0.565	-0.598	-0.362	-0.634	-0.369	-0.465	-0.469	-0.353	-0.202	-0.539	-0.337	-0.472	-0.456	-0.465	-0.450	-0.632	-0.453	-0.639	-0.468	-0.584	-0.471	-0.564	-0.472	-0.204	-0.475	-0.646	-0.631	-0.478	-0.217	-0.464	-0.568	-0.441	-0.617	-0.566	-0.413	-0.463	-0.488	-0.401	-0.719	-0.641	-0.567	-0.564	-0.468	-0.495	-0.565	-0.641	-0.562	-0.641	-0.401	-0.521	-0.641	-0.418	-0.451	-0.641	-0.443	-0.629	-0.567	-0.641	-0.472	-0.641	-0.566	-0.522	-0.460	-0.272	-0.521	-0.465	-0.547	-0.513	-0.520	-0.275	-0.476	-0.474	-0.556	-0.721	-0.436	-0.641	-0.517	-0.614	-0.220	-0.645	-0.643	-0.713	-0.479	-0.650	-0.650	-0.648	-0.616	-0.618	-0.388	-0.650	-0.612	-0.650	-0.618	-0.650	-0.650	-0.720	-0.620	-0.639	-0.703	-0.572	-0.572	-0.701	-0.632	-0.610	-0.626	-0.679	-0.410	-0.610	-0.604	-0.272	-0.602	-0.585	-0.587	-0.588	-0.592	-0.595	-0.643	-0.645	-0.646	-0.611	-0.674	-0.577	-0.576	-0.587	-0.235	-0.504	-0.512	-0.512	-0.543	-0.513	-0.558	-0.513	-0.540	-0.218	-0.175	-0.175	-0.175	-0.520	-0.568	-0.698	-0.181	-0.576	-0.594	-0.619	-0.619	
rs35775709     -0.635	-0.637	-0.573	-0.572	-0.635	-0.420	-0.645	-0.485	-0.627	-0.635	-0.260	+0.026	-0.559	-0.647	-0.014	-0.054	-0.635	-0.628	-0.561	-0.564	-0.635	-0.098	-0.584	-0.627	-0.621	-0.652	-0.634	-0.396	-0.554	-0.627	-0.633	-0.546	-0.278	-0.597	-0.539	-0.625	-0.604	-0.611	-0.610	-0.510	-0.603	-0.636	-0.628	-0.560	-0.630	-0.535	-0.632	-0.282	-0.637	-0.647	-0.622	-0.645	-0.294	-0.745	-0.749	-0.400	-0.558	-0.749	-0.368	-0.422	-0.449	-0.355	-0.790	-0.573	-0.750	-0.760	-0.427	-0.553	-0.751	-0.574	-0.752	-0.574	-0.356	-0.578	-0.574	-0.373	-0.408	-0.574	-0.399	-0.576	-0.750	-0.574	-0.596	-0.574	-0.751	-0.578	-0.418	-0.348	-0.577	-0.423	-0.748	-0.749	-0.576	-0.351	-0.436	-0.433	-0.754	-0.770	-0.392	-0.574	-0.480	-0.705	-0.336	-0.581	-0.621	-0.713	-0.571	-0.567	-0.572	-0.587	-0.714	-0.711	-0.452	-0.575	-0.722	-0.576	-0.714	-0.570	-0.570	-0.752	-0.723	-0.584	-0.723	-0.695	-0.695	-0.716	-0.587	-0.568	-0.578	-0.676	-0.508	-0.568	-0.561	-0.336	-0.555	-0.540	-0.538	-0.539	-0.544	-0.548	-0.603	-0.605	-0.606	-0.566	-0.639	-0.530	-0.529	-0.699	-0.297	-0.583	-0.591	-0.591	-0.620	-0.592	-0.632	-0.593	-0.617	-0.280	-0.239	-0.239	-0.239	-0.599	-0.634	-0.708	-0.295	-0.689	-0.695	-0.699	-0.698	
rs3824060      -0.368	-0.364	-0.554	-0.554	-0.368	-0.512	-0.369	-0.532	-0.385	-0.368	-0.081	-0.045	-0.404	-0.339	-0.082	-0.117	-0.368	-0.378	-0.406	-0.410	-0.368	-0.157	-0.561	-0.379	-0.475	-0.511	-0.369	-0.554	-0.277	-0.380	-0.371	-0.372	-0.101	-0.450	-0.367	-0.397	-0.411	-0.409	-0.399	-0.552	-0.411	-0.588	-0.382	-0.547	-0.383	-0.532	-0.381	-0.102	-0.371	-0.593	-0.585	-0.356	-0.117	-0.253	-0.428	-0.407	-0.536	-0.426	-0.385	-0.432	-0.456	-0.374	-0.628	-0.562	-0.426	-0.412	-0.437	-0.405	-0.424	-0.562	-0.418	-0.562	-0.375	-0.432	-0.562	-0.391	-0.421	-0.562	-0.413	-0.548	-0.425	-0.562	-0.429	-0.562	-0.423	-0.432	-0.429	-0.172	-0.432	-0.434	-0.400	-0.352	-0.431	-0.175	-0.444	-0.442	-0.407	-0.641	-0.407	-0.561	-0.483	-0.523	-0.108	-0.566	-0.596	-0.644	-0.446	-0.572	-0.572	-0.570	-0.523	-0.527	-0.295	-0.571	-0.512	-0.571	-0.520	-0.572	-0.572	-0.643	-0.522	-0.560	-0.631	-0.463	-0.464	-0.630	-0.553	-0.530	-0.546	-0.618	-0.308	-0.531	-0.524	-0.177	-0.548	-0.504	-0.533	-0.534	-0.538	-0.541	-0.587	-0.588	-0.589	-0.556	-0.616	-0.496	-0.495	-0.483	-0.141	-0.409	-0.417	-0.417	-0.449	-0.419	-0.464	-0.419	-0.446	-0.123	-0.079	-0.079	-0.079	-0.425	-0.476	-0.624	-0.080	-0.472	-0.494	-0.527	-0.526	
rs28459514     -0.465	-0.466	-0.591	-0.591	-0.465	-0.583	-0.476	-0.603	-0.464	-0.465	-0.174	-0.050	-0.488	-0.466	-0.088	-0.125	-0.465	-0.461	-0.490	-0.494	-0.465	-0.167	-0.600	-0.461	-0.557	-0.591	-0.465	-0.627	-0.380	-0.355	-0.465	-0.365	-0.193	-0.531	-0.350	-0.470	-0.456	-0.464	-0.450	-0.625	-0.454	-0.635	-0.465	-0.582	-0.467	-0.562	-0.468	-0.195	-0.469	-0.642	-0.628	-0.471	-0.208	-0.445	-0.556	-0.439	-0.610	-0.554	-0.411	-0.461	-0.486	-0.399	-0.711	-0.634	-0.554	-0.551	-0.466	-0.487	-0.553	-0.634	-0.550	-0.634	-0.400	-0.513	-0.634	-0.416	-0.449	-0.634	-0.441	-0.621	-0.554	-0.634	-0.471	-0.634	-0.553	-0.514	-0.458	-0.263	-0.513	-0.463	-0.534	-0.498	-0.512	-0.266	-0.474	-0.472	-0.543	-0.714	-0.434	-0.634	-0.514	-0.606	-0.209	-0.638	-0.640	-0.707	-0.478	-0.643	-0.643	-0.641	-0.608	-0.611	-0.380	-0.643	-0.603	-0.643	-0.610	-0.643	-0.643	-0.714	-0.611	-0.632	-0.697	-0.562	-0.563	-0.695	-0.625	-0.603	-0.619	-0.674	-0.400	-0.603	-0.597	-0.263	-0.598	-0.578	-0.582	-0.583	-0.588	-0.591	-0.638	-0.640	-0.641	-0.607	-0.669	-0.570	-0.569	-0.578	-0.227	-0.495	-0.503	-0.503	-0.535	-0.505	-0.549	-0.505	-0.531	-0.209	-0.166	-0.166	-0.166	-0.511	-0.559	-0.691	-0.172	-0.566	-0.585	-0.611	-0.610	
rs10239165     -0.470	-0.471	-0.593	-0.593	-0.470	-0.589	-0.482	-0.609	-0.466	-0.470	-0.182	-0.049	-0.495	-0.474	-0.088	-0.125	-0.470	-0.466	-0.497	-0.501	-0.470	-0.167	-0.602	-0.465	-0.564	-0.598	-0.469	-0.633	-0.371	-0.465	-0.362	-0.355	-0.201	-0.538	-0.339	-0.472	-0.456	-0.465	-0.450	-0.631	-0.453	-0.639	-0.468	-0.584	-0.470	-0.564	-0.472	-0.203	-0.474	-0.646	-0.631	-0.478	-0.216	-0.462	-0.567	-0.441	-0.617	-0.565	-0.412	-0.463	-0.488	-0.400	-0.718	-0.640	-0.565	-0.562	-0.468	-0.495	-0.564	-0.640	-0.561	-0.640	-0.401	-0.520	-0.640	-0.418	-0.450	-0.640	-0.442	-0.628	-0.565	-0.640	-0.472	-0.640	-0.564	-0.521	-0.459	-0.271	-0.520	-0.464	-0.546	-0.511	-0.519	-0.274	-0.476	-0.474	-0.555	-0.721	-0.435	-0.640	-0.517	-0.613	-0.219	-0.644	-0.643	-0.712	-0.478	-0.649	-0.650	-0.647	-0.615	-0.618	-0.387	-0.649	-0.611	-0.649	-0.617	-0.649	-0.649	-0.719	-0.619	-0.638	-0.703	-0.571	-0.571	-0.700	-0.631	-0.609	-0.625	-0.679	-0.409	-0.610	-0.603	-0.271	-0.602	-0.584	-0.586	-0.587	-0.592	-0.595	-0.643	-0.644	-0.645	-0.611	-0.674	-0.576	-0.575	-0.586	-0.234	-0.503	-0.511	-0.511	-0.542	-0.512	-0.557	-0.512	-0.539	-0.217	-0.174	-0.174	-0.174	-0.519	-0.567	-0.697	-0.180	-0.575	-0.593	-0.618	-0.618	
rs28714421     -0.350	-0.347	-0.549	-0.549	-0.351	-0.504	-0.351	-0.524	-0.371	-0.351	-0.074	-0.043	-0.395	-0.319	-0.080	-0.115	-0.351	-0.363	-0.397	-0.401	-0.351	-0.155	-0.556	-0.364	-0.466	-0.502	-0.353	-0.546	-0.372	-0.365	-0.355	-0.269	-0.094	-0.441	-0.365	-0.383	-0.400	-0.398	-0.387	-0.544	-0.401	-0.582	-0.366	-0.543	-0.367	-0.528	-0.365	-0.095	-0.354	-0.587	-0.579	-0.336	-0.109	-0.229	-0.413	-0.403	-0.528	-0.411	-0.382	-0.429	-0.452	-0.371	-0.618	-0.554	-0.411	-0.397	-0.433	-0.396	-0.408	-0.554	-0.403	-0.554	-0.371	-0.423	-0.554	-0.387	-0.417	-0.554	-0.410	-0.540	-0.410	-0.554	-0.420	-0.554	-0.408	-0.423	-0.425	-0.165	-0.422	-0.430	-0.385	-0.335	-0.421	-0.168	-0.440	-0.438	-0.391	-0.633	-0.403	-0.553	-0.478	-0.513	-0.099	-0.558	-0.591	-0.637	-0.440	-0.564	-0.564	-0.562	-0.513	-0.517	-0.285	-0.563	-0.502	-0.563	-0.510	-0.564	-0.564	-0.635	-0.511	-0.552	-0.623	-0.451	-0.452	-0.622	-0.545	-0.522	-0.538	-0.611	-0.299	-0.522	-0.516	-0.167	-0.542	-0.496	-0.528	-0.528	-0.533	-0.536	-0.581	-0.582	-0.583	-0.551	-0.611	-0.487	-0.487	-0.472	-0.131	-0.400	-0.408	-0.408	-0.440	-0.410	-0.455	-0.410	-0.437	-0.113	-0.069	-0.069	-0.069	-0.416	-0.468	-0.616	-0.071	-0.461	-0.484	-0.517	-0.517	
