## Summary of overall evidence for association with region:
## log10(BF for region) = 7.97781
## p-value for region = NA

## BFs for choosing among multi-SNP models:
## log10(average 1-SNP BF) = 6.67238
## log10(average 2-SNP BF) = 8.44035

## Example posterior probabilities for multi-SNP models, based on default prior: [p(l) propto 0.5^l for l=1,2,...,L]
## posterior probability of 1-SNP = 0.0329977
## posterior probability of 2-SNP = 0.967002

## log10(BF) for single SNP and pair of SNPs:
rs9298503      +5.680	+9.363	+5.124	+5.133	+5.125	+5.125	+5.130	+5.130	+5.130	+5.138	+8.650	+8.658	+9.608	+5.137	+5.813	+5.139	+6.042	+6.040	+6.057	+5.156	+6.073	+8.330	+5.150	+5.974	+5.152	+5.461	+5.916	+5.153	+6.064	+5.575	+9.672	+5.464	+5.465	+9.663	+5.465	+5.579	+5.580	+8.419	+5.651	+5.180	+5.590	+8.411	+9.784	+9.813	+5.518	+9.819	+9.830	+5.535	+5.174	+5.627	+5.541	+5.936	+5.552	+5.558	+5.556	+5.557	+5.561	+5.971	+6.011	+6.011	+9.308	+6.004	+5.988	+9.943	+9.938	+5.933	+6.106	+6.081	+5.860	+9.781	+5.699	+9.219	+5.392	+5.355	+5.357	+4.834	+5.382	+5.130	+5.346	+5.076	+5.183	+5.441	+5.675	+5.373	+5.154	+5.401	+5.267	+5.750	+5.822	+5.731	+5.731	+5.757	+5.399	+5.690	+5.798	+5.406	+5.406	+5.407	+5.182	+5.407	+5.415	+5.117	+5.383	+5.400	+5.746	+5.400	+5.302	+4.830	+4.890	+4.832	+4.830	+4.830	+4.831	+5.041	+4.830	+4.832	+4.833	+4.834	+4.837	+4.838	+4.848	+4.844	+4.857	+4.855	+4.855	+4.876	+5.027	+4.915	+5.405	+5.356	+5.266	+5.044	+5.043	+5.042	+5.058	+5.060	+5.210	+5.004	+5.004	+5.003	+5.217	+5.266	+5.264	+5.011	+5.008	+5.011	+5.223	+5.265	+4.992	+5.033	
rs10102293     +9.363	+7.315	+8.620	+8.582	+8.617	+8.617	+8.601	+8.610	+8.610	+8.573	+6.709	+6.705	+7.509	+8.560	+9.488	+8.531	+9.722	+9.722	+9.737	+8.468	+9.763	+6.686	+8.476	+9.700	+8.467	+6.721	+9.720	+8.462	+9.765	+6.757	+7.503	+6.722	+6.722	+7.494	+6.722	+6.758	+6.759	+6.690	+6.787	+8.378	+6.708	+6.690	+7.605	+7.633	+6.739	+7.640	+7.651	+6.745	+8.397	+6.777	+6.747	+9.682	+6.751	+6.753	+6.753	+6.753	+6.754	+9.786	+9.823	+9.823	+7.229	+9.742	+9.807	+7.755	+7.750	+9.750	+9.826	+9.908	+9.619	+7.574	+9.488	+7.175	+8.864	+8.810	+8.835	+6.828	+6.878	+6.816	+6.846	+6.815	+6.822	+6.900	+6.983	+6.877	+6.831	+6.883	+6.968	+6.991	+7.039	+7.006	+7.006	+6.995	+6.882	+6.957	+7.019	+6.886	+6.886	+6.886	+6.848	+6.886	+6.891	+6.802	+6.875	+6.890	+7.002	+6.890	+6.848	+6.595	+6.642	+6.595	+6.598	+6.597	+6.602	+6.635	+6.600	+6.606	+6.608	+6.609	+6.613	+6.614	+6.624	+6.618	+6.634	+6.627	+6.626	+6.642	+6.840	+6.794	+6.834	+6.808	+6.760	+6.950	+6.950	+6.948	+6.965	+6.967	+6.741	+6.900	+6.899	+6.899	+6.742	+6.769	+6.769	+6.909	+6.906	+6.904	+6.750	+6.770	+6.880	+6.926	
rs34053340     +5.124	+8.620	-0.537	-0.668	-0.664	-0.664	-0.663	-0.665	-0.665	-0.668	+1.308	+1.257	+9.011	-0.667	+5.284	-0.671	+5.598	+5.597	+5.617	-0.669	+5.643	+0.992	-0.671	+5.534	-0.672	+5.393	+5.483	-0.671	+5.638	+5.767	+9.054	+5.397	+5.399	+9.040	+5.400	+5.771	+5.771	+1.057	+6.042	-0.656	+5.128	+1.050	+9.222	+9.265	+5.599	+9.277	+9.294	+5.667	-0.662	+5.939	+5.691	+5.493	+5.734	+5.758	+5.751	+5.752	+5.768	+5.562	+5.616	+5.616	+8.382	+5.581	+5.585	+9.445	+9.438	+5.507	+5.701	+5.683	+5.386	+9.148	+5.100	+8.146	+3.965	+3.788	+3.799	-0.816	-0.622	-0.785	-0.640	-0.779	-0.769	-0.589	-0.426	-0.631	-0.819	-0.619	-0.701	-0.495	-0.448	-0.519	-0.519	-0.491	-0.620	-0.537	-0.470	-0.616	-0.616	-0.615	-0.808	-0.615	-0.611	-0.836	-0.646	-0.630	-0.507	-0.630	-0.660	-0.964	-0.900	-0.972	-0.969	-0.970	-0.965	-0.895	-0.967	-0.961	-0.958	-0.958	-0.954	-0.954	-0.944	-0.950	-0.935	-0.940	-0.941	-0.917	-0.758	-0.813	-0.660	-0.695	-0.748	-0.675	-0.675	-0.676	-0.658	-0.666	-0.804	-0.716	-0.717	-0.717	-0.802	-0.774	-0.775	-0.709	-0.712	-0.705	-0.798	-0.776	-0.725	-0.680	
rs71517565     +5.133	+8.582	-0.668	-0.534	-0.668	-0.668	-0.668	-0.669	-0.669	-0.662	+1.314	+1.263	+8.971	-0.662	+5.292	-0.667	+5.606	+5.605	+5.625	-0.666	+5.651	+1.000	-0.668	+5.543	-0.669	+5.383	+5.491	-0.669	+5.647	+5.731	+9.015	+5.388	+5.390	+9.001	+5.391	+5.735	+5.735	+1.065	+6.006	-0.654	+5.098	+1.058	+9.183	+9.226	+5.590	+9.239	+9.255	+5.658	-0.660	+5.903	+5.682	+5.501	+5.725	+5.749	+5.742	+5.743	+5.760	+5.570	+5.624	+5.624	+8.347	+5.589	+5.593	+9.409	+9.402	+5.516	+5.710	+5.691	+5.394	+9.123	+5.108	+8.123	+3.973	+3.799	+3.809	-0.813	-0.620	-0.783	-0.639	-0.777	-0.767	-0.588	-0.424	-0.630	-0.817	-0.617	-0.699	-0.494	-0.446	-0.518	-0.518	-0.489	-0.619	-0.536	-0.469	-0.614	-0.614	-0.613	-0.806	-0.613	-0.609	-0.834	-0.644	-0.629	-0.505	-0.629	-0.658	-0.962	-0.898	-0.970	-0.967	-0.968	-0.963	-0.893	-0.964	-0.959	-0.956	-0.956	-0.952	-0.952	-0.941	-0.948	-0.933	-0.938	-0.939	-0.915	-0.756	-0.811	-0.658	-0.693	-0.746	-0.673	-0.673	-0.674	-0.656	-0.664	-0.802	-0.714	-0.715	-0.715	-0.800	-0.772	-0.773	-0.707	-0.709	-0.702	-0.796	-0.774	-0.722	-0.677	
rs6992599      +5.125	+8.617	-0.664	-0.668	-0.536	-0.663	-0.663	-0.665	-0.665	-0.668	+1.309	+1.257	+9.008	-0.667	+5.284	-0.671	+5.599	+5.598	+5.618	-0.669	+5.644	+0.993	-0.671	+5.535	-0.672	+5.389	+5.484	-0.671	+5.639	+5.764	+9.052	+5.393	+5.395	+9.038	+5.397	+5.767	+5.767	+1.058	+6.039	-0.656	+5.125	+1.050	+9.220	+9.263	+5.596	+9.275	+9.292	+5.663	-0.662	+5.936	+5.688	+5.494	+5.730	+5.754	+5.747	+5.748	+5.765	+5.563	+5.617	+5.617	+8.380	+5.582	+5.586	+9.443	+9.436	+5.508	+5.702	+5.684	+5.387	+9.146	+5.101	+8.144	+3.966	+3.788	+3.800	-0.815	-0.622	-0.785	-0.640	-0.779	-0.769	-0.589	-0.426	-0.631	-0.819	-0.619	-0.700	-0.495	-0.447	-0.519	-0.519	-0.491	-0.620	-0.537	-0.470	-0.616	-0.615	-0.615	-0.808	-0.615	-0.611	-0.836	-0.646	-0.630	-0.507	-0.630	-0.660	-0.964	-0.900	-0.972	-0.969	-0.970	-0.965	-0.895	-0.966	-0.961	-0.958	-0.958	-0.954	-0.954	-0.943	-0.950	-0.935	-0.940	-0.941	-0.917	-0.758	-0.813	-0.660	-0.695	-0.748	-0.675	-0.675	-0.676	-0.658	-0.666	-0.804	-0.716	-0.717	-0.717	-0.802	-0.774	-0.775	-0.709	-0.711	-0.704	-0.798	-0.776	-0.724	-0.679	
rs6988546      +5.125	+8.617	-0.664	-0.668	-0.663	-0.536	-0.663	-0.665	-0.665	-0.668	+1.309	+1.257	+9.008	-0.667	+5.284	-0.671	+5.599	+5.598	+5.618	-0.669	+5.644	+0.993	-0.671	+5.535	-0.672	+5.389	+5.484	-0.671	+5.639	+5.764	+9.052	+5.393	+5.395	+9.038	+5.397	+5.767	+5.767	+1.058	+6.039	-0.656	+5.125	+1.050	+9.220	+9.263	+5.596	+9.275	+9.292	+5.663	-0.662	+5.936	+5.688	+5.494	+5.730	+5.754	+5.747	+5.748	+5.765	+5.563	+5.617	+5.617	+8.380	+5.582	+5.586	+9.443	+9.436	+5.508	+5.702	+5.684	+5.387	+9.146	+5.101	+8.144	+3.966	+3.788	+3.800	-0.815	-0.622	-0.785	-0.640	-0.779	-0.769	-0.589	-0.426	-0.631	-0.819	-0.619	-0.700	-0.495	-0.447	-0.519	-0.519	-0.491	-0.620	-0.537	-0.470	-0.616	-0.615	-0.615	-0.808	-0.615	-0.611	-0.836	-0.646	-0.630	-0.507	-0.630	-0.660	-0.964	-0.900	-0.972	-0.969	-0.970	-0.965	-0.895	-0.966	-0.961	-0.958	-0.958	-0.954	-0.954	-0.943	-0.950	-0.935	-0.940	-0.941	-0.917	-0.758	-0.813	-0.660	-0.695	-0.748	-0.675	-0.675	-0.676	-0.658	-0.666	-0.804	-0.716	-0.717	-0.717	-0.802	-0.774	-0.775	-0.709	-0.711	-0.704	-0.798	-0.776	-0.724	-0.679	
rs6992754      +5.130	+8.601	-0.663	-0.668	-0.663	-0.663	-0.535	-0.665	-0.665	-0.668	+1.312	+1.261	+8.992	-0.668	+5.289	-0.672	+5.604	+5.603	+5.623	-0.671	+5.649	+0.996	-0.673	+5.540	-0.673	+5.360	+5.489	-0.673	+5.644	+5.734	+9.034	+5.365	+5.366	+9.020	+5.368	+5.738	+5.737	+1.061	+6.008	-0.659	+5.100	+1.054	+9.202	+9.246	+5.566	+9.258	+9.274	+5.633	-0.665	+5.906	+5.658	+5.498	+5.701	+5.724	+5.717	+5.718	+5.735	+5.568	+5.622	+5.622	+8.363	+5.587	+5.591	+9.425	+9.418	+5.513	+5.707	+5.689	+5.392	+9.129	+5.106	+8.128	+3.971	+3.792	+3.804	-0.814	-0.621	-0.784	-0.640	-0.778	-0.768	-0.588	-0.425	-0.630	-0.818	-0.618	-0.700	-0.495	-0.447	-0.519	-0.519	-0.490	-0.619	-0.536	-0.470	-0.615	-0.615	-0.614	-0.807	-0.614	-0.610	-0.835	-0.645	-0.630	-0.506	-0.629	-0.659	-0.963	-0.899	-0.971	-0.968	-0.969	-0.964	-0.894	-0.965	-0.960	-0.957	-0.957	-0.953	-0.953	-0.943	-0.949	-0.934	-0.939	-0.940	-0.916	-0.757	-0.812	-0.659	-0.694	-0.747	-0.674	-0.674	-0.675	-0.657	-0.665	-0.803	-0.715	-0.716	-0.716	-0.801	-0.773	-0.774	-0.708	-0.710	-0.703	-0.797	-0.775	-0.723	-0.678	
rs7011369      +5.130	+8.610	-0.665	-0.669	-0.665	-0.665	-0.665	-0.535	-0.662	-0.666	+1.313	+1.261	+8.991	-0.670	+5.289	-0.673	+5.604	+5.603	+5.623	-0.672	+5.649	+0.996	-0.674	+5.540	-0.674	+5.355	+5.489	-0.674	+5.644	+5.728	+9.034	+5.359	+5.361	+9.020	+5.362	+5.732	+5.731	+1.061	+6.002	-0.661	+5.095	+1.054	+9.202	+9.245	+5.560	+9.257	+9.274	+5.628	-0.666	+5.899	+5.652	+5.498	+5.695	+5.719	+5.712	+5.713	+5.729	+5.568	+5.622	+5.622	+8.362	+5.587	+5.590	+9.424	+9.417	+5.513	+5.707	+5.689	+5.392	+9.127	+5.106	+8.127	+3.971	+3.793	+3.805	-0.814	-0.621	-0.783	-0.639	-0.778	-0.768	-0.588	-0.425	-0.630	-0.818	-0.618	-0.699	-0.494	-0.447	-0.518	-0.518	-0.490	-0.619	-0.536	-0.469	-0.615	-0.614	-0.614	-0.807	-0.614	-0.610	-0.834	-0.645	-0.629	-0.506	-0.629	-0.659	-0.963	-0.898	-0.970	-0.968	-0.968	-0.963	-0.894	-0.965	-0.959	-0.957	-0.956	-0.953	-0.952	-0.942	-0.949	-0.934	-0.939	-0.940	-0.916	-0.756	-0.812	-0.659	-0.693	-0.747	-0.673	-0.673	-0.675	-0.656	-0.665	-0.803	-0.715	-0.715	-0.716	-0.800	-0.773	-0.774	-0.707	-0.710	-0.703	-0.797	-0.775	-0.723	-0.678	
rs80028633     +5.130	+8.610	-0.665	-0.669	-0.665	-0.665	-0.665	-0.662	-0.535	-0.666	+1.313	+1.261	+8.991	-0.670	+5.289	-0.673	+5.604	+5.603	+5.623	-0.672	+5.649	+0.996	-0.674	+5.540	-0.674	+5.354	+5.489	-0.674	+5.644	+5.727	+9.034	+5.359	+5.361	+9.020	+5.362	+5.731	+5.731	+1.061	+6.002	-0.661	+5.095	+1.054	+9.202	+9.245	+5.560	+9.257	+9.273	+5.627	-0.666	+5.899	+5.652	+5.499	+5.695	+5.718	+5.711	+5.712	+5.729	+5.568	+5.622	+5.622	+8.362	+5.587	+5.591	+9.424	+9.417	+5.514	+5.707	+5.689	+5.392	+9.127	+5.106	+8.126	+3.971	+3.793	+3.805	-0.814	-0.621	-0.783	-0.639	-0.778	-0.768	-0.588	-0.425	-0.630	-0.818	-0.618	-0.699	-0.494	-0.447	-0.518	-0.518	-0.490	-0.619	-0.536	-0.469	-0.615	-0.614	-0.614	-0.807	-0.614	-0.609	-0.834	-0.645	-0.629	-0.506	-0.629	-0.658	-0.963	-0.898	-0.970	-0.968	-0.968	-0.963	-0.894	-0.965	-0.959	-0.957	-0.956	-0.953	-0.952	-0.942	-0.949	-0.934	-0.939	-0.940	-0.916	-0.756	-0.812	-0.659	-0.693	-0.747	-0.673	-0.673	-0.675	-0.656	-0.665	-0.803	-0.715	-0.715	-0.716	-0.800	-0.773	-0.774	-0.707	-0.710	-0.703	-0.796	-0.774	-0.723	-0.678	
rs34364723     +5.138	+8.573	-0.668	-0.662	-0.668	-0.668	-0.668	-0.666	-0.666	-0.532	+1.319	+1.267	+8.952	-0.663	+5.298	-0.668	+5.612	+5.611	+5.631	-0.669	+5.657	+1.004	-0.671	+5.549	-0.671	+5.346	+5.497	-0.671	+5.653	+5.693	+8.996	+5.351	+5.352	+8.982	+5.354	+5.697	+5.696	+1.069	+5.967	-0.659	+5.066	+1.062	+9.164	+9.207	+5.552	+9.219	+9.236	+5.620	-0.664	+5.865	+5.644	+5.507	+5.687	+5.711	+5.704	+5.705	+5.721	+5.576	+5.630	+5.630	+8.328	+5.595	+5.599	+9.377	+9.382	+5.522	+5.716	+5.697	+5.400	+9.103	+5.114	+8.104	+3.978	+3.805	+3.815	-0.812	-0.619	-0.781	-0.637	-0.775	-0.766	-0.586	-0.423	-0.628	-0.815	-0.616	-0.697	-0.493	-0.445	-0.517	-0.517	-0.488	-0.617	-0.534	-0.468	-0.613	-0.613	-0.612	-0.804	-0.612	-0.608	-0.832	-0.643	-0.627	-0.504	-0.627	-0.656	-0.961	-0.896	-0.968	-0.965	-0.966	-0.961	-0.892	-0.963	-0.957	-0.955	-0.954	-0.950	-0.950	-0.940	-0.946	-0.931	-0.937	-0.938	-0.914	-0.754	-0.809	-0.657	-0.691	-0.744	-0.671	-0.671	-0.672	-0.654	-0.663	-0.801	-0.713	-0.713	-0.713	-0.798	-0.770	-0.772	-0.705	-0.708	-0.701	-0.794	-0.772	-0.721	-0.676	
rs55892921     +8.650	+6.709	+1.308	+1.314	+1.309	+1.309	+1.312	+1.313	+1.313	+1.319	+1.691	+1.656	+6.992	+1.321	+8.830	+1.326	+9.186	+9.185	+9.208	+1.339	+9.244	+1.576	+1.335	+9.133	+1.336	+6.700	+9.086	+1.337	+9.242	+7.011	+7.029	+6.706	+6.708	+7.018	+6.710	+7.018	+7.019	+1.610	+7.201	+1.358	+5.930	+1.609	+7.160	+7.193	+6.850	+7.202	+7.214	+6.896	+1.352	+7.137	+6.912	+9.091	+6.942	+6.957	+6.953	+6.954	+6.965	+9.179	+9.235	+9.235	+6.574	+9.185	+9.206	+7.347	+7.342	+9.108	+9.321	+9.304	+8.978	+7.145	+8.673	+6.443	+7.439	+7.263	+7.265	+1.614	+1.495	+1.315	+1.469	+1.311	+1.330	+1.527	+1.678	+1.484	+1.296	+1.493	+1.452	+1.567	+1.616	+1.555	+1.555	+1.571	+1.491	+1.526	+1.592	+1.495	+1.496	+1.496	+1.312	+1.496	+1.501	+1.274	+1.465	+1.483	+1.559	+1.483	+1.362	+1.125	+1.183	+1.119	+1.125	+1.124	+1.133	+1.149	+1.130	+1.139	+1.143	+1.144	+1.148	+1.148	+1.160	+1.151	+1.170	+1.161	+1.159	+1.178	+1.368	+1.302	+1.334	+1.306	+1.265	+1.478	+1.478	+1.477	+1.497	+1.491	+1.228	+1.430	+1.430	+1.429	+1.229	+1.252	+1.251	+1.440	+1.436	+1.441	+1.234	+1.251	+1.418	+1.463	
rs2656230      +8.658	+6.705	+1.257	+1.263	+1.257	+1.257	+1.261	+1.261	+1.261	+1.267	+1.656	+1.641	+6.988	+1.269	+8.840	+1.274	+9.198	+9.198	+9.221	+1.288	+9.257	+1.530	+1.283	+9.146	+1.284	+6.669	+9.097	+1.285	+9.255	+6.981	+7.026	+6.675	+6.677	+7.015	+6.679	+6.987	+6.988	+1.566	+7.172	+1.306	+5.898	+1.565	+7.157	+7.190	+6.820	+7.198	+7.211	+6.865	+1.300	+7.107	+6.882	+9.102	+6.911	+6.927	+6.923	+6.924	+6.935	+9.192	+9.248	+9.248	+6.569	+9.199	+9.219	+7.344	+7.339	+9.120	+9.336	+9.311	+8.989	+7.141	+8.681	+6.437	+7.440	+7.264	+7.265	+1.565	+1.443	+1.266	+1.418	+1.263	+1.280	+1.474	+1.624	+1.431	+1.248	+1.440	+1.403	+1.515	+1.563	+1.502	+1.502	+1.519	+1.438	+1.474	+1.539	+1.442	+1.443	+1.443	+1.264	+1.443	+1.448	+1.226	+1.412	+1.430	+1.507	+1.430	+1.316	+1.078	+1.136	+1.072	+1.078	+1.077	+1.086	+1.101	+1.083	+1.092	+1.096	+1.097	+1.101	+1.101	+1.113	+1.104	+1.123	+1.114	+1.113	+1.131	+1.321	+1.254	+1.287	+1.259	+1.219	+1.431	+1.431	+1.429	+1.449	+1.443	+1.181	+1.383	+1.382	+1.382	+1.182	+1.205	+1.204	+1.392	+1.389	+1.394	+1.187	+1.204	+1.370	+1.416	
rs2719348      +9.608	+7.509	+9.011	+8.971	+9.008	+9.008	+8.992	+8.991	+8.991	+8.952	+6.992	+6.988	+7.609	+8.954	+9.714	+8.928	+9.944	+9.944	+9.959	+8.865	+9.984	+6.974	+8.876	+9.922	+8.868	+6.994	+9.942	+8.863	+9.986	+7.016	+7.623	+6.995	+6.995	+7.616	+6.995	+7.017	+7.017	+6.977	+7.038	+8.778	+6.995	+6.977	+7.701	+7.723	+7.007	+7.729	+7.738	+7.012	+8.797	+7.031	+7.014	+9.904	+7.017	+7.018	+7.018	+7.018	+7.019	+10.008	+10.044	+10.044	+7.430	+9.963	+10.029	+7.826	+7.822	+9.973	+10.047	+10.130	+9.841	+7.677	+9.712	+7.380	+9.099	+8.998	+9.024	+7.106	+7.171	+7.106	+7.139	+7.105	+7.112	+7.193	+7.274	+7.171	+7.122	+7.176	+7.259	+7.284	+7.332	+7.300	+7.300	+7.288	+7.175	+7.250	+7.313	+7.179	+7.179	+7.180	+7.138	+7.180	+7.184	+7.092	+7.168	+7.183	+7.295	+7.183	+7.134	+6.884	+6.930	+6.884	+6.887	+6.886	+6.891	+6.925	+6.889	+6.895	+6.897	+6.898	+6.902	+6.902	+6.913	+6.906	+6.922	+6.916	+6.915	+6.931	+7.128	+7.082	+7.125	+7.100	+7.052	+7.237	+7.237	+7.235	+7.252	+7.254	+7.032	+7.187	+7.186	+7.186	+7.033	+7.060	+7.060	+7.196	+7.193	+7.191	+7.041	+7.061	+7.167	+7.213	
rs71517566     +5.137	+8.560	-0.667	-0.662	-0.667	-0.667	-0.668	-0.670	-0.670	-0.663	+1.321	+1.269	+8.954	-0.532	+5.300	-0.664	+5.614	+5.613	+5.634	-0.665	+5.659	+1.006	-0.666	+5.551	-0.667	+5.362	+5.499	-0.667	+5.655	+5.714	+9.000	+5.367	+5.369	+8.987	+5.370	+5.718	+5.718	+1.071	+5.989	-0.655	+5.081	+1.064	+9.169	+9.212	+5.569	+9.224	+9.241	+5.637	-0.660	+5.887	+5.662	+5.509	+5.705	+5.728	+5.722	+5.722	+5.739	+5.578	+5.633	+5.633	+8.333	+5.597	+5.601	+9.395	+9.388	+5.524	+5.718	+5.699	+5.402	+9.110	+5.116	+8.110	+3.980	+3.806	+3.816	-0.811	-0.619	-0.781	-0.637	-0.775	-0.765	-0.586	-0.423	-0.628	-0.815	-0.616	-0.697	-0.493	-0.445	-0.516	-0.516	-0.488	-0.617	-0.534	-0.468	-0.613	-0.613	-0.612	-0.804	-0.612	-0.608	-0.832	-0.643	-0.627	-0.504	-0.627	-0.656	-0.960	-0.896	-0.968	-0.965	-0.966	-0.961	-0.892	-0.962	-0.957	-0.954	-0.954	-0.950	-0.950	-0.940	-0.946	-0.931	-0.936	-0.937	-0.913	-0.754	-0.809	-0.656	-0.691	-0.744	-0.671	-0.671	-0.672	-0.654	-0.662	-0.800	-0.712	-0.713	-0.713	-0.798	-0.770	-0.771	-0.705	-0.707	-0.700	-0.794	-0.772	-0.720	-0.675	
rs4738801      +5.813	+9.488	+5.284	+5.292	+5.284	+5.284	+5.289	+5.289	+5.289	+5.298	+8.830	+8.840	+9.714	+5.300	+5.836	+5.303	+6.088	+6.086	+6.103	+5.320	+6.119	+8.518	+5.314	+6.027	+5.316	+5.578	+5.973	+5.317	+6.110	+5.688	+9.770	+5.581	+5.582	+9.762	+5.582	+5.692	+5.692	+8.609	+5.762	+5.344	+5.704	+8.601	+9.881	+9.910	+5.632	+9.916	+9.927	+5.649	+5.338	+5.738	+5.655	+5.991	+5.666	+5.671	+5.670	+5.670	+5.674	+6.022	+6.059	+6.059	+9.412	+6.053	+6.037	+10.038	+10.034	+5.987	+6.148	+6.127	+5.924	+9.880	+5.782	+9.321	+5.564	+5.506	+5.500	+4.989	+5.538	+5.283	+5.501	+5.228	+5.337	+5.598	+5.831	+5.529	+5.307	+5.557	+5.418	+5.906	+5.977	+5.887	+5.888	+5.912	+5.555	+5.846	+5.954	+5.562	+5.562	+5.563	+5.335	+5.563	+5.571	+5.270	+5.538	+5.556	+5.902	+5.556	+5.453	+4.981	+5.041	+4.984	+4.982	+4.982	+4.982	+5.197	+4.981	+4.984	+4.985	+4.985	+4.989	+4.989	+5.000	+4.996	+5.009	+5.007	+5.006	+5.027	+5.179	+5.066	+5.560	+5.512	+5.421	+5.195	+5.194	+5.193	+5.209	+5.211	+5.366	+5.155	+5.155	+5.154	+5.373	+5.422	+5.421	+5.162	+5.159	+5.162	+5.380	+5.422	+5.143	+5.184	
rs79169193     +5.139	+8.531	-0.671	-0.667	-0.671	-0.671	-0.672	-0.673	-0.673	-0.668	+1.326	+1.274	+8.928	-0.664	+5.303	-0.531	+5.622	+5.621	+5.641	-0.659	+5.667	+1.012	-0.658	+5.559	-0.658	+5.372	+5.507	-0.658	+5.663	+5.736	+8.994	+5.380	+5.382	+8.981	+5.384	+5.742	+5.743	+1.077	+6.019	-0.645	+5.096	+1.070	+9.166	+9.209	+5.588	+9.222	+9.238	+5.657	-0.651	+5.917	+5.682	+5.517	+5.725	+5.749	+5.742	+5.743	+5.760	+5.587	+5.641	+5.641	+8.332	+5.605	+5.609	+9.398	+9.392	+5.532	+5.726	+5.707	+5.410	+9.117	+5.124	+8.115	+3.988	+3.812	+3.822	-0.810	-0.618	-0.780	-0.636	-0.774	-0.764	-0.585	-0.423	-0.627	-0.814	-0.615	-0.696	-0.492	-0.444	-0.516	-0.516	-0.487	-0.616	-0.533	-0.467	-0.612	-0.612	-0.611	-0.803	-0.611	-0.607	-0.831	-0.642	-0.626	-0.503	-0.626	-0.655	-0.959	-0.895	-0.967	-0.964	-0.964	-0.959	-0.890	-0.961	-0.956	-0.953	-0.952	-0.949	-0.949	-0.938	-0.945	-0.930	-0.935	-0.936	-0.912	-0.753	-0.808	-0.655	-0.690	-0.743	-0.669	-0.670	-0.671	-0.653	-0.661	-0.799	-0.711	-0.712	-0.712	-0.796	-0.769	-0.770	-0.703	-0.706	-0.699	-0.793	-0.771	-0.719	-0.674	
rs12335302     +6.042	+9.722	+5.598	+5.606	+5.599	+5.599	+5.604	+5.604	+5.604	+5.612	+9.186	+9.198	+9.944	+5.614	+6.088	+5.622	+6.147	+6.202	+6.212	+5.640	+6.224	+8.889	+5.634	+6.168	+5.636	+5.822	+6.123	+5.637	+6.219	+5.930	+9.991	+5.824	+5.825	+9.982	+5.826	+5.933	+5.934	+8.982	+6.001	+5.665	+5.947	+8.974	+10.100	+10.129	+5.873	+10.135	+10.145	+5.889	+5.658	+5.977	+5.894	+6.143	+5.905	+5.910	+5.909	+5.909	+5.913	+6.158	+6.184	+6.184	+9.636	+6.181	+6.169	+10.255	+10.251	+6.132	+6.246	+6.250	+6.099	+10.098	+5.999	+9.546	+5.960	+5.836	+5.812	+5.297	+5.846	+5.590	+5.809	+5.534	+5.644	+5.906	+6.141	+5.836	+5.616	+5.864	+5.725	+6.219	+6.291	+6.201	+6.201	+6.226	+5.862	+6.159	+6.268	+5.868	+5.869	+5.870	+5.645	+5.870	+5.878	+5.578	+5.845	+5.863	+6.215	+5.863	+5.757	+5.285	+5.345	+5.287	+5.286	+5.285	+5.286	+5.507	+5.285	+5.287	+5.289	+5.289	+5.293	+5.293	+5.303	+5.299	+5.313	+5.311	+5.310	+5.331	+5.484	+5.370	+5.868	+5.821	+5.730	+5.498	+5.498	+5.496	+5.512	+5.515	+5.675	+5.458	+5.458	+5.458	+5.683	+5.733	+5.731	+5.465	+5.462	+5.465	+5.689	+5.732	+5.446	+5.488	
rs10958401     +6.040	+9.722	+5.597	+5.605	+5.598	+5.598	+5.603	+5.603	+5.603	+5.611	+9.185	+9.198	+9.944	+5.613	+6.086	+5.621	+6.202	+6.145	+6.211	+5.639	+6.224	+8.890	+5.633	+6.168	+5.635	+5.821	+6.123	+5.636	+6.219	+5.929	+9.990	+5.823	+5.824	+9.982	+5.825	+5.932	+5.932	+8.983	+5.999	+5.664	+5.946	+8.975	+10.100	+10.128	+5.872	+10.134	+10.145	+5.887	+5.658	+5.975	+5.893	+6.143	+5.903	+5.909	+5.907	+5.908	+5.912	+6.157	+6.184	+6.184	+9.636	+6.181	+6.168	+10.255	+10.251	+6.131	+6.247	+6.250	+6.099	+10.098	+5.999	+9.546	+5.961	+5.835	+5.811	+5.296	+5.845	+5.589	+5.808	+5.533	+5.643	+5.905	+6.141	+5.835	+5.615	+5.863	+5.724	+6.218	+6.290	+6.200	+6.200	+6.225	+5.861	+6.158	+6.267	+5.868	+5.868	+5.869	+5.644	+5.869	+5.877	+5.577	+5.844	+5.862	+6.214	+5.862	+5.756	+5.284	+5.344	+5.286	+5.285	+5.284	+5.285	+5.506	+5.284	+5.287	+5.288	+5.288	+5.292	+5.292	+5.302	+5.298	+5.312	+5.310	+5.309	+5.330	+5.484	+5.369	+5.867	+5.820	+5.729	+5.497	+5.497	+5.495	+5.511	+5.514	+5.674	+5.457	+5.457	+5.457	+5.682	+5.731	+5.730	+5.464	+5.461	+5.464	+5.688	+5.731	+5.445	+5.487	
rs7816139      +6.057	+9.737	+5.617	+5.625	+5.618	+5.618	+5.623	+5.623	+5.623	+5.631	+9.208	+9.221	+9.959	+5.634	+6.103	+5.641	+6.212	+6.211	+6.165	+5.659	+6.233	+8.914	+5.654	+6.180	+5.655	+5.836	+6.134	+5.657	+6.229	+5.944	+10.004	+5.839	+5.840	+9.996	+5.840	+5.947	+5.948	+9.008	+6.015	+5.685	+5.962	+9.000	+10.114	+10.142	+5.888	+10.148	+10.159	+5.903	+5.678	+5.991	+5.909	+6.156	+5.919	+5.924	+5.923	+5.923	+5.927	+6.168	+6.194	+6.194	+9.650	+6.192	+6.178	+10.269	+10.264	+6.143	+6.255	+6.259	+6.113	+10.112	+6.015	+9.560	+5.990	+5.859	+5.833	+5.316	+5.866	+5.608	+5.828	+5.552	+5.663	+5.925	+6.161	+5.855	+5.635	+5.883	+5.744	+6.239	+6.311	+6.221	+6.221	+6.246	+5.881	+6.178	+6.288	+5.888	+5.888	+5.889	+5.664	+5.889	+5.897	+5.597	+5.864	+5.882	+6.235	+5.882	+5.776	+5.303	+5.363	+5.306	+5.304	+5.304	+5.305	+5.526	+5.304	+5.306	+5.307	+5.308	+5.311	+5.312	+5.322	+5.318	+5.331	+5.329	+5.329	+5.350	+5.503	+5.389	+5.887	+5.840	+5.748	+5.516	+5.516	+5.514	+5.530	+5.533	+5.694	+5.477	+5.476	+5.476	+5.701	+5.751	+5.750	+5.483	+5.481	+5.484	+5.708	+5.751	+5.465	+5.506	
rs77515033     +5.156	+8.468	-0.669	-0.666	-0.669	-0.669	-0.671	-0.672	-0.672	-0.669	+1.339	+1.288	+8.865	-0.665	+5.320	-0.659	+5.640	+5.639	+5.659	-0.525	+5.685	+1.025	-0.660	+5.577	-0.660	+5.277	+5.525	-0.660	+5.681	+5.640	+8.937	+5.286	+5.288	+8.925	+5.290	+5.648	+5.649	+1.091	+5.923	-0.653	+5.013	+1.084	+9.110	+9.153	+5.495	+9.166	+9.182	+5.563	-0.656	+5.823	+5.588	+5.535	+5.630	+5.654	+5.647	+5.648	+5.665	+5.605	+5.659	+5.659	+8.279	+5.623	+5.628	+9.344	+9.337	+5.550	+5.745	+5.725	+5.428	+9.065	+5.142	+8.067	+4.004	+3.828	+3.838	-0.805	-0.613	-0.774	-0.632	-0.768	-0.759	-0.581	-0.419	-0.623	-0.809	-0.610	-0.690	-0.487	-0.440	-0.511	-0.511	-0.483	-0.612	-0.529	-0.463	-0.607	-0.607	-0.606	-0.798	-0.606	-0.602	-0.825	-0.637	-0.621	-0.499	-0.621	-0.649	-0.953	-0.889	-0.961	-0.958	-0.959	-0.954	-0.885	-0.956	-0.950	-0.948	-0.947	-0.943	-0.943	-0.933	-0.939	-0.924	-0.930	-0.931	-0.907	-0.747	-0.802	-0.649	-0.684	-0.737	-0.664	-0.664	-0.665	-0.647	-0.655	-0.793	-0.705	-0.706	-0.706	-0.791	-0.763	-0.764	-0.698	-0.700	-0.694	-0.787	-0.765	-0.713	-0.668	
rs12542396     +6.073	+9.763	+5.643	+5.651	+5.644	+5.644	+5.649	+5.649	+5.649	+5.657	+9.244	+9.257	+9.984	+5.659	+6.119	+5.667	+6.224	+6.224	+6.233	+5.685	+6.191	+8.955	+5.680	+6.198	+5.682	+5.856	+6.151	+5.683	+6.243	+5.964	+10.026	+5.859	+5.859	+10.017	+5.860	+5.966	+5.967	+9.050	+6.033	+5.711	+5.981	+9.043	+10.135	+10.163	+5.907	+10.169	+10.180	+5.922	+5.705	+6.009	+5.928	+6.175	+5.938	+5.943	+5.942	+5.942	+5.946	+6.182	+6.207	+6.207	+9.671	+6.209	+6.192	+10.289	+10.285	+6.158	+6.269	+6.271	+6.135	+10.132	+6.039	+9.581	+6.036	+5.892	+5.863	+5.342	+5.893	+5.634	+5.856	+5.578	+5.689	+5.953	+6.189	+5.882	+5.660	+5.909	+5.769	+6.265	+6.338	+6.247	+6.247	+6.272	+5.907	+6.205	+6.315	+5.913	+5.914	+5.915	+5.690	+5.915	+5.923	+5.623	+5.890	+5.908	+6.261	+5.908	+5.802	+5.329	+5.389	+5.332	+5.330	+5.330	+5.330	+5.553	+5.329	+5.332	+5.333	+5.333	+5.337	+5.337	+5.348	+5.344	+5.357	+5.355	+5.354	+5.375	+5.528	+5.414	+5.913	+5.866	+5.775	+5.542	+5.542	+5.540	+5.556	+5.559	+5.720	+5.502	+5.502	+5.501	+5.727	+5.777	+5.776	+5.509	+5.506	+5.509	+5.734	+5.777	+5.490	+5.532	
rs2719353      +8.330	+6.686	+0.992	+1.000	+0.993	+0.993	+0.996	+0.996	+0.996	+1.004	+1.576	+1.530	+6.974	+1.006	+8.518	+1.012	+8.889	+8.890	+8.914	+1.025	+8.955	+1.380	+1.022	+8.842	+1.023	+6.185	+8.616	+1.024	+8.950	+6.489	+7.011	+6.191	+6.193	+7.000	+6.194	+6.495	+6.496	+1.377	+6.675	+1.043	+5.489	+1.372	+7.145	+7.179	+6.331	+7.188	+7.201	+6.376	+1.038	+6.611	+6.392	+8.795	+6.421	+6.436	+6.432	+6.433	+6.444	+8.707	+8.762	+8.762	+6.537	+8.891	+8.733	+7.335	+7.329	+8.637	+9.027	+8.995	+8.680	+7.124	+8.204	+6.399	+6.987	+6.813	+6.821	+1.295	+1.198	+1.021	+1.173	+1.018	+1.035	+1.228	+1.381	+1.184	+1.003	+1.191	+1.155	+1.270	+1.318	+1.256	+1.256	+1.274	+1.189	+1.229	+1.294	+1.193	+1.194	+1.194	+1.018	+1.194	+1.199	+0.981	+1.164	+1.181	+1.261	+1.181	+1.075	+0.834	+0.892	+0.828	+0.834	+0.833	+0.841	+0.859	+0.839	+0.847	+0.851	+0.852	+0.856	+0.856	+0.867	+0.859	+0.877	+0.869	+0.867	+0.887	+1.073	+1.006	+1.049	+1.021	+0.979	+1.179	+1.179	+1.178	+1.197	+1.191	+0.941	+1.132	+1.132	+1.131	+0.942	+0.965	+0.964	+1.141	+1.138	+1.143	+0.947	+0.964	+1.120	+1.165	
rs3942820      +5.150	+8.476	-0.671	-0.668	-0.671	-0.671	-0.673	-0.674	-0.674	-0.671	+1.335	+1.283	+8.876	-0.666	+5.314	-0.658	+5.634	+5.633	+5.654	-0.660	+5.680	+1.022	-0.528	+5.572	-0.654	+5.329	+5.520	-0.654	+5.676	+5.697	+8.963	+5.339	+5.342	+8.950	+5.345	+5.706	+5.708	+1.087	+5.986	-0.644	+5.061	+1.080	+9.138	+9.181	+5.553	+9.194	+9.212	+5.622	-0.648	+5.885	+5.647	+5.530	+5.691	+5.715	+5.708	+5.709	+5.725	+5.600	+5.654	+5.654	+8.306	+5.618	+5.623	+9.377	+9.370	+5.545	+5.740	+5.719	+5.423	+9.098	+5.137	+8.096	+3.999	+3.823	+3.833	-0.808	-0.616	-0.777	-0.634	-0.771	-0.762	-0.584	-0.421	-0.625	-0.812	-0.613	-0.693	-0.490	-0.442	-0.514	-0.514	-0.486	-0.614	-0.532	-0.465	-0.610	-0.610	-0.609	-0.801	-0.609	-0.605	-0.828	-0.640	-0.624	-0.501	-0.624	-0.652	-0.956	-0.892	-0.964	-0.961	-0.962	-0.957	-0.888	-0.959	-0.953	-0.951	-0.950	-0.946	-0.946	-0.936	-0.942	-0.927	-0.933	-0.934	-0.910	-0.750	-0.805	-0.653	-0.687	-0.740	-0.667	-0.667	-0.668	-0.650	-0.658	-0.796	-0.708	-0.709	-0.709	-0.794	-0.766	-0.767	-0.701	-0.703	-0.696	-0.790	-0.768	-0.716	-0.671	
rs10112815     +5.974	+9.700	+5.534	+5.543	+5.535	+5.535	+5.540	+5.540	+5.540	+5.549	+9.133	+9.146	+9.922	+5.551	+6.027	+5.559	+6.168	+6.168	+6.180	+5.577	+6.198	+8.842	+5.572	+6.082	+5.574	+5.771	+6.087	+5.575	+6.195	+5.880	+9.963	+5.773	+5.774	+9.954	+5.775	+5.883	+5.883	+8.940	+5.951	+5.603	+5.898	+8.933	+10.072	+10.100	+5.822	+10.106	+10.117	+5.838	+5.597	+5.926	+5.843	+6.109	+5.854	+5.859	+5.858	+5.858	+5.862	+6.126	+6.154	+6.155	+9.606	+6.153	+6.137	+10.226	+10.222	+6.098	+6.228	+6.220	+6.060	+10.069	+5.952	+9.515	+5.892	+5.772	+5.750	+5.234	+5.786	+5.528	+5.749	+5.471	+5.582	+5.845	+6.082	+5.773	+5.553	+5.800	+5.662	+6.156	+6.228	+6.137	+6.137	+6.162	+5.799	+6.095	+6.205	+5.805	+5.806	+5.807	+5.582	+5.807	+5.814	+5.515	+5.782	+5.799	+6.151	+5.799	+5.695	+5.223	+5.283	+5.226	+5.224	+5.224	+5.224	+5.444	+5.223	+5.226	+5.227	+5.227	+5.231	+5.231	+5.241	+5.237	+5.251	+5.249	+5.248	+5.269	+5.421	+5.308	+5.805	+5.758	+5.667	+5.435	+5.435	+5.433	+5.449	+5.452	+5.612	+5.396	+5.395	+5.395	+5.619	+5.669	+5.668	+5.402	+5.400	+5.402	+5.626	+5.669	+5.383	+5.425	
rs2174357      +5.152	+8.467	-0.672	-0.669	-0.672	-0.672	-0.673	-0.674	-0.674	-0.671	+1.336	+1.284	+8.868	-0.667	+5.316	-0.658	+5.636	+5.635	+5.655	-0.660	+5.682	+1.023	-0.654	+5.574	-0.528	+5.319	+5.521	-0.654	+5.677	+5.688	+8.958	+5.330	+5.333	+8.946	+5.336	+5.698	+5.700	+1.088	+5.978	-0.644	+5.054	+1.081	+9.134	+9.177	+5.545	+9.190	+9.208	+5.614	-0.648	+5.878	+5.639	+5.532	+5.683	+5.707	+5.700	+5.701	+5.717	+5.601	+5.656	+5.656	+8.302	+5.620	+5.625	+9.373	+9.366	+5.547	+5.742	+5.721	+5.425	+9.095	+5.138	+8.093	+4.001	+3.825	+3.835	-0.807	-0.616	-0.777	-0.634	-0.771	-0.761	-0.583	-0.421	-0.625	-0.811	-0.613	-0.693	-0.490	-0.442	-0.514	-0.514	-0.486	-0.614	-0.532	-0.465	-0.610	-0.610	-0.609	-0.800	-0.609	-0.605	-0.828	-0.640	-0.624	-0.501	-0.624	-0.652	-0.956	-0.892	-0.964	-0.961	-0.962	-0.957	-0.888	-0.958	-0.953	-0.950	-0.950	-0.946	-0.946	-0.936	-0.942	-0.927	-0.932	-0.933	-0.909	-0.750	-0.804	-0.652	-0.687	-0.740	-0.666	-0.666	-0.668	-0.649	-0.658	-0.796	-0.708	-0.708	-0.709	-0.794	-0.766	-0.767	-0.700	-0.703	-0.696	-0.790	-0.768	-0.716	-0.671	
rs1900746      +5.461	+6.721	+5.393	+5.383	+5.389	+5.389	+5.360	+5.355	+5.354	+5.346	+6.700	+6.669	+6.994	+5.362	+5.578	+5.372	+5.822	+5.821	+5.836	+5.277	+5.856	+6.185	+5.329	+5.771	+5.319	+2.870	+5.707	+5.312	+5.853	+3.001	+7.025	+2.879	+2.879	+7.013	+2.880	+3.005	+3.006	+6.391	+3.154	+5.176	+2.893	+6.380	+7.155	+7.188	+2.952	+7.196	+7.209	+2.983	+5.204	+3.097	+2.996	+5.741	+3.019	+3.033	+3.029	+3.029	+3.039	+5.772	+5.816	+5.816	+6.573	+5.811	+5.793	+7.341	+7.336	+5.732	+5.907	+5.949	+5.661	+7.136	+5.418	+6.443	+4.627	+4.555	+4.577	+2.267	+2.571	+2.466	+2.546	+2.473	+2.483	+2.600	+2.733	+2.566	+2.442	+2.575	+2.557	+2.745	+2.797	+2.736	+2.736	+2.750	+2.574	+2.704	+2.776	+2.578	+2.579	+2.579	+2.454	+2.579	+2.584	+2.420	+2.559	+2.574	+2.746	+2.574	+2.625	+2.252	+2.310	+2.252	+2.251	+2.250	+2.252	+2.358	+2.250	+2.253	+2.254	+2.255	+2.258	+2.259	+2.268	+2.264	+2.276	+2.274	+2.273	+2.295	+2.454	+2.409	+2.659	+2.622	+2.549	+2.531	+2.531	+2.529	+2.546	+2.543	+2.496	+2.488	+2.487	+2.487	+2.501	+2.537	+2.536	+2.495	+2.492	+2.496	+2.507	+2.536	+2.476	+2.524	
rs2889135      +5.916	+9.720	+5.483	+5.491	+5.484	+5.484	+5.489	+5.489	+5.489	+5.497	+9.086	+9.097	+9.942	+5.499	+5.973	+5.507	+6.123	+6.123	+6.134	+5.525	+6.151	+8.616	+5.520	+6.087	+5.521	+5.707	+6.028	+5.523	+6.148	+5.815	+9.881	+5.709	+5.710	+9.872	+5.710	+5.817	+5.818	+8.892	+5.884	+5.551	+5.831	+8.885	+9.989	+10.017	+5.757	+10.023	+10.034	+5.772	+5.545	+5.860	+5.778	+6.067	+5.788	+5.793	+5.792	+5.792	+5.796	+6.122	+6.155	+6.155	+9.524	+6.113	+6.132	+10.143	+10.138	+6.087	+6.187	+6.206	+6.017	+9.985	+5.946	+9.432	+5.954	+5.759	+5.726	+5.180	+5.742	+5.475	+5.704	+5.420	+5.529	+5.800	+6.040	+5.723	+5.501	+5.741	+5.611	+6.093	+6.165	+6.073	+6.073	+6.100	+5.739	+6.033	+6.142	+5.746	+5.746	+5.747	+5.529	+5.747	+5.755	+5.463	+5.721	+5.739	+6.087	+5.739	+5.640	+5.173	+5.231	+5.176	+5.174	+5.173	+5.174	+5.392	+5.173	+5.175	+5.176	+5.177	+5.180	+5.181	+5.191	+5.187	+5.200	+5.198	+5.198	+5.219	+5.369	+5.258	+5.747	+5.700	+5.610	+5.386	+5.386	+5.384	+5.400	+5.403	+5.555	+5.346	+5.346	+5.346	+5.562	+5.612	+5.610	+5.353	+5.350	+5.353	+5.570	+5.612	+5.334	+5.375	
rs1900745      +5.153	+8.462	-0.671	-0.669	-0.671	-0.671	-0.673	-0.674	-0.674	-0.671	+1.337	+1.285	+8.863	-0.667	+5.317	-0.658	+5.637	+5.636	+5.657	-0.660	+5.683	+1.024	-0.654	+5.575	-0.654	+5.312	+5.523	-0.527	+5.679	+5.681	+8.955	+5.323	+5.326	+8.942	+5.329	+5.691	+5.693	+1.089	+5.972	-0.644	+5.049	+1.082	+9.130	+9.173	+5.539	+9.187	+9.204	+5.607	-0.648	+5.871	+5.632	+5.533	+5.676	+5.700	+5.693	+5.694	+5.711	+5.603	+5.657	+5.658	+8.298	+5.621	+5.626	+9.370	+9.363	+5.549	+5.743	+5.723	+5.426	+9.092	+5.140	+8.090	+4.003	+3.826	+3.836	-0.807	-0.616	-0.777	-0.634	-0.770	-0.761	-0.583	-0.421	-0.625	-0.811	-0.613	-0.693	-0.490	-0.442	-0.513	-0.513	-0.485	-0.614	-0.531	-0.465	-0.610	-0.609	-0.609	-0.800	-0.609	-0.604	-0.827	-0.639	-0.624	-0.501	-0.624	-0.652	-0.956	-0.891	-0.963	-0.961	-0.961	-0.956	-0.887	-0.958	-0.952	-0.950	-0.949	-0.946	-0.946	-0.935	-0.942	-0.927	-0.932	-0.933	-0.909	-0.750	-0.804	-0.652	-0.686	-0.740	-0.666	-0.666	-0.668	-0.649	-0.658	-0.796	-0.708	-0.708	-0.708	-0.793	-0.766	-0.767	-0.700	-0.703	-0.696	-0.789	-0.767	-0.716	-0.671	
rs7844284      +6.064	+9.765	+5.638	+5.647	+5.639	+5.639	+5.644	+5.644	+5.644	+5.653	+9.242	+9.255	+9.986	+5.655	+6.110	+5.663	+6.219	+6.219	+6.229	+5.681	+6.243	+8.950	+5.676	+6.195	+5.677	+5.853	+6.148	+5.679	+6.187	+5.960	+10.024	+5.855	+5.855	+10.015	+5.856	+5.962	+5.963	+9.051	+6.029	+5.707	+5.977	+9.044	+10.133	+10.161	+5.902	+10.167	+10.177	+5.917	+5.701	+6.004	+5.923	+6.175	+5.933	+5.938	+5.937	+5.937	+5.941	+6.180	+6.205	+6.205	+9.668	+6.208	+6.190	+10.286	+10.282	+6.156	+6.270	+6.268	+6.135	+10.129	+6.038	+9.578	+6.040	+5.891	+5.862	+5.338	+5.891	+5.631	+5.854	+5.574	+5.685	+5.950	+6.188	+5.878	+5.657	+5.905	+5.766	+6.264	+6.336	+6.246	+6.246	+6.271	+5.903	+6.203	+6.313	+5.910	+5.911	+5.911	+5.686	+5.911	+5.919	+5.619	+5.887	+5.904	+6.260	+5.904	+5.798	+5.325	+5.384	+5.327	+5.326	+5.325	+5.326	+5.549	+5.325	+5.327	+5.329	+5.329	+5.333	+5.333	+5.343	+5.339	+5.353	+5.351	+5.350	+5.371	+5.524	+5.410	+5.908	+5.861	+5.770	+5.537	+5.537	+5.535	+5.551	+5.554	+5.715	+5.498	+5.497	+5.497	+5.723	+5.773	+5.771	+5.504	+5.502	+5.505	+5.729	+5.772	+5.486	+5.527	
rs1847568      +5.575	+6.757	+5.767	+5.731	+5.764	+5.764	+5.734	+5.728	+5.727	+5.693	+7.011	+6.981	+7.016	+5.714	+5.688	+5.736	+5.930	+5.929	+5.944	+5.640	+5.964	+6.489	+5.697	+5.880	+5.688	+3.001	+5.815	+5.681	+5.960	+3.088	+7.041	+3.002	+3.002	+7.030	+3.002	+3.099	+3.100	+6.701	+3.199	+5.543	+3.000	+6.689	+7.168	+7.201	+3.025	+7.209	+7.221	+3.038	+5.572	+3.158	+3.043	+5.850	+3.053	+3.058	+3.056	+3.057	+3.061	+5.879	+5.922	+5.922	+6.600	+5.919	+5.899	+7.351	+7.346	+5.840	+6.013	+6.059	+5.772	+7.151	+5.533	+6.475	+4.763	+4.650	+4.673	+2.470	+2.787	+2.676	+2.761	+2.684	+2.693	+2.817	+2.951	+2.782	+2.652	+2.792	+2.767	+2.969	+3.021	+2.961	+2.961	+2.974	+2.791	+2.927	+3.000	+2.795	+2.796	+2.796	+2.665	+2.796	+2.801	+2.631	+2.776	+2.791	+2.969	+2.791	+2.840	+2.460	+2.517	+2.461	+2.459	+2.459	+2.460	+2.569	+2.459	+2.461	+2.463	+2.463	+2.466	+2.467	+2.476	+2.472	+2.484	+2.482	+2.482	+2.503	+2.660	+2.615	+2.873	+2.835	+2.762	+2.736	+2.736	+2.735	+2.752	+2.749	+2.708	+2.693	+2.693	+2.692	+2.712	+2.749	+2.748	+2.701	+2.698	+2.702	+2.719	+2.748	+2.681	+2.729	
rs1847569      +9.672	+7.503	+9.054	+9.015	+9.052	+9.052	+9.034	+9.034	+9.034	+8.996	+7.029	+7.026	+7.623	+9.000	+9.770	+8.994	+9.991	+9.990	+10.004	+8.937	+10.026	+7.011	+8.963	+9.963	+8.958	+7.025	+9.881	+8.955	+10.024	+7.041	+7.645	+7.025	+7.025	+7.670	+7.025	+7.041	+7.042	+7.013	+7.059	+8.876	+7.040	+7.013	+7.761	+7.788	+7.034	+7.796	+7.807	+7.037	+8.897	+7.052	+7.039	+9.937	+7.041	+7.042	+7.042	+7.042	+7.043	+9.941	+9.976	+9.977	+7.498	+9.996	+9.960	+7.888	+7.882	+9.905	+10.079	+10.164	+9.873	+7.702	+9.648	+7.434	+9.051	+8.953	+8.979	+7.139	+7.211	+7.142	+7.179	+7.142	+7.148	+7.233	+7.316	+7.208	+7.158	+7.209	+7.294	+7.317	+7.364	+7.332	+7.332	+7.320	+7.208	+7.283	+7.345	+7.212	+7.212	+7.212	+7.174	+7.212	+7.217	+7.128	+7.201	+7.216	+7.327	+7.216	+7.166	+6.919	+6.965	+6.919	+6.922	+6.921	+6.926	+6.961	+6.924	+6.929	+6.931	+6.932	+6.936	+6.937	+6.947	+6.941	+6.957	+6.951	+6.950	+6.966	+7.158	+7.115	+7.160	+7.135	+7.087	+7.269	+7.268	+7.267	+7.284	+7.287	+7.067	+7.219	+7.218	+7.218	+7.068	+7.096	+7.095	+7.228	+7.225	+7.222	+7.076	+7.097	+7.198	+7.245	
rs7812790      +5.464	+6.722	+5.397	+5.388	+5.393	+5.393	+5.365	+5.359	+5.359	+5.351	+6.706	+6.675	+6.995	+5.367	+5.581	+5.380	+5.824	+5.823	+5.839	+5.286	+5.859	+6.191	+5.339	+5.773	+5.330	+2.879	+5.709	+5.323	+5.855	+3.002	+7.025	+2.875	+2.882	+7.014	+2.883	+3.006	+3.007	+6.398	+3.154	+5.188	+2.895	+6.387	+7.155	+7.188	+2.954	+7.196	+7.209	+2.985	+5.217	+3.097	+2.997	+5.743	+3.020	+3.034	+3.030	+3.030	+3.040	+5.774	+5.818	+5.818	+6.573	+5.813	+5.794	+7.341	+7.336	+5.734	+5.909	+5.951	+5.663	+7.137	+5.420	+6.444	+4.630	+4.558	+4.579	+2.272	+2.576	+2.471	+2.551	+2.478	+2.488	+2.606	+2.739	+2.571	+2.447	+2.580	+2.562	+2.750	+2.802	+2.741	+2.741	+2.755	+2.579	+2.710	+2.781	+2.584	+2.584	+2.584	+2.459	+2.584	+2.589	+2.425	+2.564	+2.579	+2.751	+2.579	+2.630	+2.257	+2.315	+2.257	+2.256	+2.255	+2.257	+2.363	+2.255	+2.258	+2.259	+2.260	+2.263	+2.264	+2.273	+2.269	+2.281	+2.279	+2.278	+2.300	+2.459	+2.414	+2.665	+2.627	+2.554	+2.536	+2.536	+2.534	+2.551	+2.548	+2.501	+2.493	+2.492	+2.492	+2.506	+2.542	+2.542	+2.500	+2.497	+2.501	+2.512	+2.542	+2.481	+2.529	
rs7831799      +5.465	+6.722	+5.399	+5.390	+5.395	+5.395	+5.366	+5.361	+5.361	+5.352	+6.708	+6.677	+6.995	+5.369	+5.582	+5.382	+5.825	+5.824	+5.840	+5.288	+5.859	+6.193	+5.342	+5.774	+5.333	+2.879	+5.710	+5.326	+5.855	+3.002	+7.025	+2.882	+2.877	+7.014	+2.884	+3.006	+3.007	+6.400	+3.154	+5.191	+2.895	+6.389	+7.155	+7.188	+2.954	+7.196	+7.209	+2.985	+5.220	+3.097	+2.998	+5.743	+3.020	+3.034	+3.030	+3.030	+3.040	+5.775	+5.818	+5.819	+6.573	+5.813	+5.795	+7.341	+7.336	+5.735	+5.909	+5.952	+5.664	+7.137	+5.421	+6.444	+4.631	+4.559	+4.580	+2.273	+2.577	+2.473	+2.552	+2.479	+2.490	+2.607	+2.740	+2.572	+2.448	+2.582	+2.563	+2.752	+2.804	+2.743	+2.743	+2.757	+2.581	+2.711	+2.783	+2.585	+2.585	+2.586	+2.461	+2.586	+2.591	+2.427	+2.566	+2.581	+2.753	+2.581	+2.632	+2.258	+2.316	+2.258	+2.257	+2.257	+2.258	+2.365	+2.257	+2.260	+2.261	+2.261	+2.264	+2.265	+2.274	+2.270	+2.283	+2.280	+2.280	+2.301	+2.460	+2.415	+2.666	+2.628	+2.556	+2.537	+2.537	+2.535	+2.553	+2.550	+2.503	+2.494	+2.493	+2.493	+2.507	+2.543	+2.543	+2.501	+2.499	+2.502	+2.514	+2.543	+2.482	+2.530	
rs2656226      +9.663	+7.494	+9.040	+9.001	+9.038	+9.038	+9.020	+9.020	+9.020	+8.982	+7.018	+7.015	+7.616	+8.987	+9.762	+8.981	+9.982	+9.982	+9.996	+8.925	+10.017	+7.000	+8.950	+9.954	+8.946	+7.013	+9.872	+8.942	+10.015	+7.030	+7.670	+7.014	+7.014	+7.633	+7.014	+7.030	+7.030	+7.001	+7.048	+8.863	+7.029	+7.001	+7.759	+7.787	+7.023	+7.795	+7.807	+7.026	+8.885	+7.041	+7.028	+9.928	+7.030	+7.031	+7.031	+7.031	+7.032	+9.931	+9.967	+9.967	+7.488	+9.986	+9.951	+7.888	+7.882	+9.896	+10.069	+10.155	+9.863	+7.697	+9.639	+7.424	+9.041	+8.943	+8.970	+7.128	+7.200	+7.130	+7.168	+7.130	+7.136	+7.222	+7.305	+7.197	+7.146	+7.198	+7.282	+7.305	+7.353	+7.321	+7.321	+7.309	+7.196	+7.271	+7.334	+7.200	+7.200	+7.201	+7.163	+7.201	+7.205	+7.117	+7.189	+7.204	+7.315	+7.204	+7.155	+6.908	+6.953	+6.908	+6.910	+6.910	+6.914	+6.949	+6.912	+6.917	+6.920	+6.921	+6.925	+6.925	+6.935	+6.929	+6.945	+6.939	+6.938	+6.954	+7.146	+7.103	+7.148	+7.124	+7.076	+7.257	+7.256	+7.255	+7.272	+7.275	+7.055	+7.207	+7.206	+7.206	+7.057	+7.084	+7.084	+7.216	+7.213	+7.210	+7.065	+7.085	+7.186	+7.233	
rs7813103      +5.465	+6.722	+5.400	+5.391	+5.397	+5.397	+5.368	+5.362	+5.362	+5.354	+6.710	+6.679	+6.995	+5.370	+5.582	+5.384	+5.826	+5.825	+5.840	+5.290	+5.860	+6.194	+5.345	+5.775	+5.336	+2.880	+5.710	+5.329	+5.856	+3.002	+7.025	+2.883	+2.884	+7.014	+2.878	+3.007	+3.007	+6.402	+3.153	+5.194	+2.896	+6.390	+7.155	+7.188	+2.954	+7.196	+7.209	+2.985	+5.223	+3.097	+2.998	+5.744	+3.020	+3.034	+3.030	+3.030	+3.040	+5.775	+5.819	+5.819	+6.573	+5.814	+5.795	+7.341	+7.336	+5.735	+5.910	+5.952	+5.664	+7.137	+5.421	+6.444	+4.631	+4.560	+4.581	+2.275	+2.579	+2.474	+2.554	+2.480	+2.491	+2.608	+2.741	+2.574	+2.449	+2.583	+2.564	+2.753	+2.805	+2.744	+2.744	+2.758	+2.582	+2.712	+2.784	+2.586	+2.587	+2.587	+2.462	+2.587	+2.592	+2.428	+2.567	+2.582	+2.754	+2.582	+2.633	+2.259	+2.317	+2.259	+2.258	+2.258	+2.259	+2.366	+2.258	+2.261	+2.262	+2.263	+2.266	+2.266	+2.276	+2.272	+2.284	+2.281	+2.281	+2.303	+2.461	+2.416	+2.667	+2.629	+2.557	+2.538	+2.538	+2.536	+2.554	+2.551	+2.504	+2.495	+2.495	+2.494	+2.508	+2.545	+2.544	+2.502	+2.500	+2.504	+2.515	+2.544	+2.483	+2.531	
rs5021916      +5.579	+6.758	+5.771	+5.735	+5.767	+5.767	+5.738	+5.732	+5.731	+5.697	+7.018	+6.987	+7.017	+5.718	+5.692	+5.742	+5.933	+5.932	+5.947	+5.648	+5.966	+6.495	+5.706	+5.883	+5.698	+3.005	+5.817	+5.691	+5.962	+3.099	+7.041	+3.006	+3.006	+7.030	+3.007	+3.093	+3.103	+6.708	+3.200	+5.555	+3.002	+6.696	+7.169	+7.201	+3.029	+7.209	+7.222	+3.041	+5.584	+3.160	+3.046	+5.852	+3.056	+3.061	+3.060	+3.060	+3.064	+5.881	+5.924	+5.924	+6.601	+5.921	+5.901	+7.352	+7.346	+5.842	+6.015	+6.062	+5.774	+7.152	+5.535	+6.475	+4.766	+4.653	+4.675	+2.475	+2.792	+2.682	+2.766	+2.689	+2.698	+2.822	+2.957	+2.787	+2.658	+2.797	+2.772	+2.974	+3.027	+2.966	+2.966	+2.979	+2.796	+2.933	+3.006	+2.801	+2.801	+2.801	+2.670	+2.802	+2.806	+2.636	+2.781	+2.796	+2.975	+2.796	+2.845	+2.465	+2.522	+2.466	+2.465	+2.464	+2.465	+2.575	+2.464	+2.466	+2.468	+2.468	+2.471	+2.472	+2.481	+2.477	+2.489	+2.487	+2.487	+2.508	+2.665	+2.620	+2.878	+2.840	+2.767	+2.741	+2.741	+2.740	+2.757	+2.754	+2.713	+2.698	+2.698	+2.697	+2.717	+2.754	+2.754	+2.706	+2.703	+2.707	+2.724	+2.754	+2.686	+2.734	
