## Summary of overall evidence for association with region:
## log10(BF for region) = 0.124065
## p-value for region = NA

## BFs for choosing among multi-SNP models:
## log10(average 1-SNP BF) = 0.154306
## log10(average 2-SNP BF) = 0.0564237

## Example posterior probabilities for multi-SNP models, based on default prior: [p(l) propto 0.5^l for l=1,2,...,L]
## posterior probability of 1-SNP = 0.714742
## posterior probability of 2-SNP = 0.285258

## log10(BF) for single SNP and pair of SNPs:
rs8009371      -0.656	-0.791	-0.932	-0.792	-0.891	-0.826	-0.942	-0.838	-0.807	-0.813	-1.085	-0.999	-0.999	-0.812	-0.627	-0.735	-0.960	-0.411	-1.080	-1.090	-0.394	-0.037	+0.151	-1.086	-1.086	-0.021	-0.313	-0.009	-0.001	-0.334	-0.367	-1.102	-0.313	+0.151	-0.050	-0.698	-0.346	-0.383	+0.131	-0.046	-0.311	+0.131	+0.057	-1.101	-0.343	-0.351	-0.049	-0.380	-0.347	-0.315	-0.050	-0.381	-0.080	-0.359	+0.056	-0.038	-0.118	-0.081	-0.002	+0.138	-0.356	-0.318	-0.102	-0.166	-0.467	-0.053	-0.229	-0.024	-0.027	-0.017	-0.036	-0.223	-0.040	-1.104	-0.356	-0.047	-0.356	-0.353	-0.439	-1.103	-0.356	-1.103	-0.050	+0.122	-0.051	+0.121	-0.020	+0.121	+0.121	+0.121	+0.121	-0.375	+0.118	-0.335	+0.115	+0.114	+0.114	-0.317	+0.163	-0.346	-0.247	-0.293	-1.104	-0.346	-0.293	-0.293	-0.294	-0.284	-0.429	-0.154	-1.103	-1.097	-1.104	-0.838	-0.841	-0.845	-0.845	-1.095	-0.847	-0.848	-0.848	-0.959	-0.902	-1.066	-0.964	-1.095	-0.985	-0.970	-1.034	-0.969	-0.978	-1.101	-0.986	-0.973	-1.047	-0.981	-0.923	-0.922	-0.933	-0.905	-1.101	-0.915	-0.901	-0.896	-0.906	-0.903	-0.908	-0.918	-0.816	-0.908	-0.911	-0.850	-0.925	-0.846	-0.805	-1.094	-0.901	-0.852	-0.849	-1.102	-0.848	-1.097	-0.877	-0.915	-0.769	-0.530	-0.738	-0.702	-1.091	-1.065	-1.113	-1.111	-1.143	-1.123	-1.126	-1.114	-1.117	-1.122	-1.143	-1.090	-1.142	-1.121	-1.121	-1.123	-1.143	
rs12323816     -0.791	-0.655	-0.934	-0.791	-0.896	-0.826	-0.943	-0.843	-0.812	-0.818	-1.086	-1.002	-1.000	-0.810	-0.625	-0.732	-0.961	-0.412	-1.080	-1.090	-0.396	-0.039	+0.154	-1.085	-1.085	-0.023	-0.310	-0.007	+0.002	-0.331	-0.364	-1.102	-0.310	+0.154	-0.048	-0.696	-0.343	-0.381	+0.133	-0.044	-0.312	+0.134	+0.059	-1.101	-0.345	-0.352	-0.047	-0.377	-0.344	-0.312	-0.047	-0.378	-0.078	-0.356	+0.056	-0.036	-0.116	-0.078	+0.000	+0.140	-0.353	-0.315	-0.100	-0.164	-0.464	-0.051	-0.231	-0.022	-0.025	-0.015	-0.034	-0.225	-0.038	-1.103	-0.353	-0.044	-0.353	-0.350	-0.437	-1.103	-0.353	-1.103	-0.048	+0.125	-0.049	+0.124	-0.018	+0.124	+0.124	+0.124	+0.124	-0.372	+0.120	-0.333	+0.118	+0.117	+0.117	-0.314	+0.165	-0.343	-0.245	-0.295	-1.103	-0.343	-0.295	-0.295	-0.295	-0.286	-0.427	-0.152	-1.103	-1.096	-1.103	-0.836	-0.839	-0.843	-0.843	-1.094	-0.845	-0.846	-0.846	-0.957	-0.902	-1.066	-0.962	-1.094	-0.984	-0.969	-1.034	-0.968	-0.976	-1.101	-0.986	-0.971	-1.047	-0.979	-0.921	-0.920	-0.931	-0.903	-1.101	-0.913	-0.899	-0.895	-0.904	-0.902	-0.908	-0.919	-0.816	-0.906	-0.909	-0.848	-0.925	-0.844	-0.803	-1.094	-0.901	-0.850	-0.846	-1.102	-0.846	-1.097	-0.875	-0.915	-0.766	-0.528	-0.736	-0.699	-1.090	-1.064	-1.112	-1.110	-1.142	-1.123	-1.125	-1.114	-1.116	-1.121	-1.142	-1.090	-1.142	-1.120	-1.121	-1.122	-1.142	
rs12323522     -0.932	-0.934	-0.654	-0.932	-0.892	-0.939	-0.809	-0.838	-0.807	-0.813	-1.103	-1.034	-1.001	-0.809	-0.625	-0.732	-0.965	-0.415	-1.080	-1.089	-0.398	-0.041	+0.152	-1.085	-1.085	-0.026	-0.312	-0.008	+0.000	-0.333	-0.365	-1.101	-0.312	+0.152	-0.049	-0.696	-0.344	-0.382	+0.132	-0.045	-0.315	+0.132	+0.058	-1.100	-0.348	-0.355	-0.048	-0.378	-0.345	-0.313	-0.048	-0.379	-0.079	-0.357	+0.055	-0.037	-0.117	-0.079	-0.001	+0.138	-0.354	-0.316	-0.101	-0.164	-0.465	-0.052	-0.235	-0.023	-0.026	-0.017	-0.035	-0.228	-0.039	-1.103	-0.354	-0.046	-0.354	-0.352	-0.437	-1.103	-0.354	-1.102	-0.049	+0.123	-0.050	+0.122	-0.020	+0.122	+0.122	+0.122	+0.122	-0.374	+0.118	-0.334	+0.116	+0.115	+0.115	-0.316	+0.163	-0.344	-0.246	-0.298	-1.103	-0.344	-0.298	-0.297	-0.298	-0.289	-0.428	-0.154	-1.104	-1.095	-1.104	-0.835	-0.837	-0.841	-0.841	-1.092	-0.843	-0.844	-0.844	-0.955	-0.904	-1.066	-0.960	-1.093	-0.982	-0.967	-1.035	-0.966	-0.974	-1.100	-0.987	-0.969	-1.047	-0.977	-0.919	-0.918	-0.929	-0.901	-1.100	-0.911	-0.896	-0.892	-0.902	-0.899	-0.909	-0.919	-0.818	-0.904	-0.906	-0.845	-0.926	-0.842	-0.800	-1.094	-0.902	-0.848	-0.844	-1.102	-0.843	-1.097	-0.873	-0.916	-0.764	-0.526	-0.733	-0.697	-1.090	-1.064	-1.112	-1.110	-1.141	-1.122	-1.125	-1.113	-1.116	-1.121	-1.141	-1.090	-1.141	-1.120	-1.120	-1.122	-1.141	
rs4905942      -0.792	-0.791	-0.932	-0.656	-0.891	-0.826	-0.942	-0.838	-0.806	-0.813	-1.085	-0.999	-0.999	-0.812	-0.626	-0.735	-0.960	-0.411	-1.080	-1.090	-0.394	-0.036	+0.152	-1.086	-1.086	-0.021	-0.313	-0.009	-0.000	-0.334	-0.366	-1.102	-0.313	+0.151	-0.050	-0.698	-0.345	-0.383	+0.131	-0.046	-0.310	+0.132	+0.057	-1.101	-0.343	-0.350	-0.049	-0.380	-0.347	-0.314	-0.049	-0.381	-0.080	-0.359	+0.056	-0.038	-0.118	-0.080	-0.002	+0.138	-0.356	-0.318	-0.102	-0.166	-0.467	-0.053	-0.229	-0.024	-0.027	-0.017	-0.036	-0.223	-0.040	-1.103	-0.356	-0.046	-0.356	-0.353	-0.439	-1.103	-0.356	-1.103	-0.050	+0.122	-0.051	+0.122	-0.020	+0.122	+0.121	+0.122	+0.122	-0.375	+0.118	-0.335	+0.115	+0.115	+0.114	-0.317	+0.163	-0.345	-0.247	-0.293	-1.104	-0.346	-0.293	-0.293	-0.293	-0.284	-0.429	-0.154	-1.103	-1.097	-1.104	-0.838	-0.841	-0.845	-0.845	-1.095	-0.847	-0.848	-0.848	-0.958	-0.902	-1.066	-0.964	-1.095	-0.985	-0.970	-1.034	-0.969	-0.977	-1.101	-0.985	-0.972	-1.047	-0.980	-0.923	-0.922	-0.933	-0.904	-1.101	-0.915	-0.901	-0.896	-0.906	-0.903	-0.908	-0.918	-0.816	-0.908	-0.911	-0.850	-0.925	-0.846	-0.805	-1.094	-0.901	-0.852	-0.848	-1.102	-0.848	-1.097	-0.877	-0.915	-0.769	-0.530	-0.738	-0.701	-1.090	-1.064	-1.113	-1.110	-1.143	-1.123	-1.125	-1.114	-1.117	-1.121	-1.142	-1.090	-1.142	-1.120	-1.121	-1.123	-1.143	
rs35696661     -0.891	-0.896	-0.892	-0.891	-0.461	-0.888	-0.889	-0.579	-0.593	-0.604	-0.788	-0.784	-0.806	-0.493	-0.294	-0.398	-0.822	-0.206	-0.903	-0.901	-0.190	+0.153	+0.569	-0.903	-0.903	+0.168	+0.079	+0.378	+0.388	+0.054	+0.016	-0.916	+0.077	+0.565	+0.330	-0.378	+0.038	-0.004	+0.542	+0.335	-0.133	+0.543	+0.439	-0.910	-0.160	-0.167	+0.331	-0.000	+0.036	+0.079	+0.330	-0.001	+0.296	+0.024	+0.365	+0.344	+0.254	+0.293	+0.383	+0.550	+0.026	+0.057	+0.271	+0.198	-0.107	+0.327	-0.047	+0.366	+0.354	+0.365	+0.347	-0.046	+0.341	-0.919	+0.025	+0.327	+0.025	+0.032	-0.069	-0.920	+0.026	-0.912	+0.331	+0.533	+0.330	+0.533	+0.383	+0.533	+0.533	+0.533	+0.533	+0.006	+0.530	+0.050	+0.528	+0.527	+0.527	+0.072	+0.583	+0.041	+0.125	-0.108	-0.916	+0.040	-0.108	-0.108	-0.108	-0.098	-0.064	+0.251	-0.926	-0.901	-0.927	-0.550	-0.552	-0.558	-0.557	-0.898	-0.560	-0.561	-0.562	-0.703	-0.719	-0.879	-0.710	-0.901	-0.737	-0.720	-0.851	-0.719	-0.727	-0.916	-0.802	-0.722	-0.860	-0.732	-0.664	-0.662	-0.676	-0.635	-0.915	-0.648	-0.640	-0.625	-0.637	-0.643	-0.720	-0.729	-0.632	-0.644	-0.652	-0.574	-0.736	-0.570	-0.520	-0.919	-0.711	-0.578	-0.573	-0.922	-0.572	-0.920	-0.608	-0.725	-0.483	-0.235	-0.453	-0.408	-0.913	-0.885	-0.934	-0.933	-0.959	-0.943	-0.946	-0.936	-0.938	-0.942	-0.959	-0.914	-0.959	-0.941	-0.942	-0.943	-0.959	
rs28470843     -0.826	-0.826	-0.939	-0.826	-0.888	-0.653	-0.948	-0.834	-0.803	-0.809	-1.081	-0.995	-0.998	-0.808	-0.623	-0.731	-0.957	-0.409	-1.078	-1.088	-0.392	-0.034	+0.153	-1.084	-1.083	-0.019	-0.309	-0.007	+0.001	-0.330	-0.362	-1.100	-0.309	+0.153	-0.048	-0.695	-0.341	-0.379	+0.133	-0.044	-0.308	+0.133	+0.059	-1.099	-0.340	-0.348	-0.047	-0.376	-0.343	-0.310	-0.047	-0.377	-0.078	-0.355	+0.058	-0.036	-0.116	-0.079	+0.000	+0.140	-0.351	-0.316	-0.100	-0.164	-0.463	-0.051	-0.226	-0.022	-0.025	-0.015	-0.034	-0.220	-0.038	-1.101	-0.352	-0.045	-0.352	-0.349	-0.435	-1.101	-0.352	-1.101	-0.048	+0.124	-0.049	+0.123	-0.016	+0.123	+0.123	+0.123	+0.123	-0.371	+0.120	-0.331	+0.117	+0.116	+0.116	-0.313	+0.165	-0.341	-0.243	-0.290	-1.101	-0.342	-0.291	-0.290	-0.291	-0.282	-0.425	-0.150	-1.100	-1.094	-1.101	-0.835	-0.837	-0.842	-0.841	-1.092	-0.844	-0.844	-0.845	-0.955	-0.900	-1.064	-0.961	-1.093	-0.982	-0.967	-1.032	-0.966	-0.975	-1.099	-0.984	-0.970	-1.045	-0.978	-0.920	-0.919	-0.930	-0.901	-1.099	-0.912	-0.898	-0.893	-0.903	-0.901	-0.906	-0.916	-0.814	-0.906	-0.908	-0.848	-0.923	-0.844	-0.803	-1.092	-0.899	-0.850	-0.846	-1.100	-0.846	-1.095	-0.875	-0.913	-0.766	-0.528	-0.736	-0.699	-1.088	-1.062	-1.110	-1.108	-1.140	-1.121	-1.123	-1.112	-1.114	-1.119	-1.140	-1.088	-1.140	-1.118	-1.119	-1.120	-1.140	
rs1951521      -0.942	-0.943	-0.809	-0.942	-0.889	-0.948	-0.656	-0.835	-0.804	-0.810	-1.105	-1.036	-1.002	-0.812	-0.627	-0.734	-0.966	-0.415	-1.082	-1.091	-0.399	-0.042	+0.150	-1.087	-1.087	-0.027	-0.314	-0.011	-0.002	-0.335	-0.367	-1.103	-0.314	+0.149	-0.051	-0.698	-0.346	-0.384	+0.129	-0.047	-0.316	+0.130	+0.056	-1.102	-0.348	-0.356	-0.050	-0.381	-0.348	-0.315	-0.051	-0.381	-0.081	-0.359	+0.054	-0.039	-0.119	-0.082	-0.003	+0.136	-0.356	-0.319	-0.103	-0.167	-0.467	-0.054	-0.235	-0.025	-0.028	-0.019	-0.037	-0.229	-0.041	-1.105	-0.357	-0.048	-0.357	-0.354	-0.440	-1.104	-0.357	-1.104	-0.051	+0.120	-0.052	+0.120	-0.022	+0.120	+0.120	+0.120	+0.120	-0.376	+0.116	-0.336	+0.113	+0.113	+0.112	-0.318	+0.161	-0.346	-0.248	-0.298	-1.104	-0.347	-0.298	-0.298	-0.298	-0.289	-0.430	-0.156	-1.105	-1.097	-1.106	-0.837	-0.839	-0.844	-0.843	-1.094	-0.846	-0.846	-0.847	-0.957	-0.905	-1.067	-0.962	-1.095	-0.984	-0.968	-1.037	-0.968	-0.976	-1.102	-0.988	-0.971	-1.049	-0.979	-0.921	-0.920	-0.931	-0.903	-1.102	-0.913	-0.898	-0.894	-0.904	-0.901	-0.910	-0.921	-0.819	-0.906	-0.908	-0.847	-0.927	-0.844	-0.802	-1.096	-0.903	-0.850	-0.846	-1.104	-0.845	-1.099	-0.875	-0.917	-0.766	-0.529	-0.736	-0.699	-1.092	-1.065	-1.113	-1.111	-1.143	-1.124	-1.126	-1.115	-1.117	-1.122	-1.142	-1.091	-1.142	-1.121	-1.122	-1.123	-1.143	
rs35788933     -0.838	-0.843	-0.838	-0.838	-0.579	-0.834	-0.835	-0.416	-0.590	-0.597	-0.731	-0.738	-0.762	-0.432	-0.232	-0.336	-0.784	-0.161	-0.860	-0.856	-0.145	+0.196	+0.640	-0.859	-0.859	+0.211	+0.148	+0.446	+0.455	+0.122	+0.084	-0.872	+0.146	+0.635	+0.396	-0.318	+0.106	+0.063	+0.613	+0.402	-0.090	+0.613	+0.506	-0.865	-0.117	-0.124	+0.398	+0.067	+0.104	+0.148	+0.398	+0.066	+0.363	+0.091	+0.424	+0.411	+0.320	+0.359	+0.451	+0.620	+0.094	+0.124	+0.337	+0.263	-0.042	+0.394	-0.004	+0.434	+0.422	+0.432	+0.414	-0.003	+0.408	-0.875	+0.093	+0.394	+0.093	+0.101	-0.003	-0.876	+0.093	-0.867	+0.398	+0.604	+0.397	+0.603	+0.453	+0.603	+0.603	+0.603	+0.604	+0.073	+0.601	+0.118	+0.599	+0.598	+0.598	+0.141	+0.655	+0.109	+0.191	-0.066	-0.871	+0.109	-0.065	-0.065	-0.065	-0.055	+0.002	+0.320	-0.883	-0.856	-0.883	-0.492	-0.495	-0.501	-0.500	-0.852	-0.504	-0.504	-0.505	-0.650	-0.677	-0.836	-0.657	-0.856	-0.686	-0.669	-0.808	-0.667	-0.676	-0.872	-0.759	-0.670	-0.817	-0.680	-0.610	-0.608	-0.624	-0.580	-0.870	-0.594	-0.587	-0.570	-0.582	-0.590	-0.677	-0.686	-0.589	-0.591	-0.599	-0.518	-0.692	-0.514	-0.463	-0.877	-0.667	-0.523	-0.517	-0.879	-0.517	-0.877	-0.554	-0.681	-0.426	-0.177	-0.397	-0.350	-0.870	-0.842	-0.891	-0.890	-0.916	-0.901	-0.903	-0.893	-0.895	-0.899	-0.916	-0.871	-0.916	-0.899	-0.899	-0.901	-0.916	
rs34203872     -0.807	-0.812	-0.807	-0.806	-0.593	-0.803	-0.804	-0.590	-0.376	-0.530	-0.656	-0.670	-0.718	-0.370	-0.167	-0.270	-0.751	-0.109	-0.824	-0.819	-0.093	+0.250	+0.723	-0.823	-0.822	+0.265	+0.227	+0.523	+0.533	+0.200	+0.161	-0.835	+0.225	+0.718	+0.472	-0.253	+0.184	+0.139	+0.694	+0.478	-0.041	+0.695	+0.583	-0.828	-0.066	-0.074	+0.474	+0.143	+0.181	+0.227	+0.473	+0.142	+0.437	+0.169	+0.494	+0.487	+0.395	+0.433	+0.527	+0.702	+0.171	+0.199	+0.411	+0.336	+0.031	+0.469	+0.048	+0.511	+0.497	+0.508	+0.490	+0.047	+0.484	-0.839	+0.170	+0.468	+0.170	+0.178	+0.070	-0.839	+0.170	-0.830	+0.473	+0.685	+0.473	+0.685	+0.533	+0.685	+0.685	+0.685	+0.685	+0.149	+0.682	+0.196	+0.680	+0.680	+0.679	+0.219	+0.737	+0.186	+0.264	-0.016	-0.834	+0.185	-0.015	-0.015	-0.015	-0.005	+0.075	+0.399	-0.847	-0.818	-0.847	-0.436	-0.439	-0.445	-0.444	-0.814	-0.447	-0.448	-0.449	-0.600	-0.635	-0.796	-0.607	-0.819	-0.637	-0.621	-0.768	-0.619	-0.627	-0.835	-0.719	-0.621	-0.776	-0.631	-0.558	-0.556	-0.574	-0.528	-0.834	-0.542	-0.537	-0.518	-0.530	-0.541	-0.636	-0.644	-0.547	-0.540	-0.549	-0.465	-0.650	-0.460	-0.407	-0.841	-0.625	-0.470	-0.464	-0.842	-0.463	-0.841	-0.502	-0.639	-0.370	-0.127	-0.344	-0.293	-0.834	-0.804	-0.855	-0.853	-0.880	-0.864	-0.866	-0.856	-0.859	-0.863	-0.879	-0.834	-0.880	-0.862	-0.862	-0.864	-0.880	
rs61993679     -0.813	-0.818	-0.813	-0.813	-0.604	-0.809	-0.810	-0.597	-0.530	-0.381	-0.656	-0.679	-0.721	-0.371	-0.168	-0.273	-0.755	-0.112	-0.828	-0.823	-0.096	+0.247	+0.720	-0.827	-0.827	+0.262	+0.225	+0.519	+0.529	+0.198	+0.158	-0.839	+0.222	+0.714	+0.468	-0.256	+0.181	+0.137	+0.690	+0.473	-0.044	+0.691	+0.579	-0.832	-0.070	-0.077	+0.470	+0.141	+0.179	+0.224	+0.469	+0.140	+0.432	+0.166	+0.493	+0.483	+0.390	+0.429	+0.523	+0.698	+0.168	+0.195	+0.407	+0.332	+0.028	+0.465	+0.045	+0.507	+0.493	+0.504	+0.486	+0.044	+0.480	-0.843	+0.168	+0.464	+0.168	+0.176	+0.067	-0.844	+0.168	-0.834	+0.469	+0.682	+0.469	+0.681	+0.529	+0.681	+0.681	+0.681	+0.681	+0.147	+0.679	+0.193	+0.676	+0.676	+0.676	+0.217	+0.734	+0.185	+0.262	-0.018	-0.839	+0.184	-0.018	-0.018	-0.018	-0.008	+0.073	+0.397	-0.851	-0.823	-0.851	-0.438	-0.441	-0.447	-0.447	-0.819	-0.450	-0.451	-0.451	-0.603	-0.638	-0.799	-0.610	-0.823	-0.640	-0.624	-0.771	-0.622	-0.630	-0.839	-0.722	-0.624	-0.779	-0.634	-0.561	-0.559	-0.577	-0.530	-0.838	-0.545	-0.540	-0.520	-0.533	-0.544	-0.638	-0.647	-0.549	-0.543	-0.552	-0.468	-0.653	-0.463	-0.410	-0.845	-0.628	-0.474	-0.467	-0.847	-0.466	-0.845	-0.505	-0.642	-0.373	-0.130	-0.349	-0.298	-0.838	-0.808	-0.859	-0.857	-0.884	-0.868	-0.871	-0.860	-0.863	-0.867	-0.883	-0.839	-0.884	-0.866	-0.867	-0.868	-0.884	
rs1957452      -1.085	-1.086	-1.103	-1.085	-0.788	-1.081	-1.105	-0.731	-0.656	-0.656	-0.623	-0.809	-0.968	-0.727	-0.509	-0.644	-0.941	-0.367	-1.049	-1.057	-0.351	-0.001	+0.329	-1.054	-1.054	+0.014	-0.200	+0.145	+0.154	-0.223	-0.258	-1.069	-0.201	+0.325	+0.098	-0.616	-0.236	-0.276	+0.303	+0.103	-0.280	+0.304	+0.211	-1.067	-0.311	-0.318	+0.100	-0.273	-0.238	-0.201	+0.099	-0.274	+0.064	-0.251	+0.156	+0.112	+0.024	+0.063	+0.150	+0.310	-0.247	-0.215	+0.041	-0.031	-0.368	+0.096	-0.201	+0.131	+0.123	+0.133	+0.114	-0.194	+0.110	-1.071	-0.248	+0.100	-0.248	-0.244	-0.337	-1.071	-0.248	-1.069	+0.098	+0.293	+0.097	+0.292	+0.145	+0.292	+0.292	+0.292	+0.292	-0.268	+0.288	-0.225	+0.285	+0.284	+0.284	-0.206	+0.334	-0.237	-0.111	-0.261	-1.070	-0.237	-0.261	-0.261	-0.261	-0.252	-0.329	-0.015	-1.076	-1.063	-1.076	-0.774	-0.776	-0.781	-0.781	-1.060	-0.783	-0.784	-0.784	-0.905	-0.871	-1.035	-0.911	-1.061	-0.934	-0.920	-1.003	-0.919	-0.926	-1.069	-0.955	-0.921	-1.017	-0.929	-0.868	-0.867	-0.881	-0.847	-1.069	-0.858	-0.849	-0.838	-0.848	-0.852	-0.878	-0.888	-0.785	-0.854	-0.860	-0.792	-0.895	-0.789	-0.745	-1.064	-0.871	-0.796	-0.791	-1.071	-0.790	-1.066	-0.822	-0.885	-0.708	-0.469	-0.679	-0.638	-1.059	-1.034	-1.083	-1.081	-1.111	-1.093	-1.095	-1.084	-1.087	-1.091	-1.111	-1.060	-1.111	-1.090	-1.091	-1.093	-1.111	
rs61993680     -0.999	-1.002	-1.034	-0.999	-0.784	-0.995	-1.036	-0.738	-0.670	-0.679	-0.809	-0.559	-0.895	-0.607	-0.409	-0.514	-0.899	-0.289	-0.994	-0.997	-0.273	+0.070	+0.437	-0.997	-0.996	+0.085	-0.049	+0.250	+0.259	-0.074	-0.111	-1.011	-0.051	+0.434	+0.202	-0.499	-0.090	-0.131	+0.411	+0.207	-0.214	+0.412	+0.314	-1.007	-0.242	-0.250	+0.204	-0.128	-0.092	-0.051	+0.203	-0.129	+0.168	-0.104	+0.246	+0.216	+0.129	+0.165	+0.255	+0.419	-0.101	-0.071	+0.144	+0.071	-0.231	+0.200	-0.133	+0.237	+0.227	+0.238	+0.219	-0.127	+0.214	-1.014	-0.102	+0.202	-0.102	-0.096	-0.196	-1.014	-0.102	-1.009	+0.203	+0.403	+0.203	+0.402	+0.255	+0.402	+0.402	+0.402	+0.402	-0.122	+0.399	-0.078	+0.397	+0.397	+0.396	-0.056	+0.450	-0.088	-0.001	-0.192	-1.011	-0.088	-0.191	-0.191	-0.191	-0.182	-0.188	+0.121	-1.018	-1.000	-1.020	-0.669	-0.672	-0.678	-0.677	-0.998	-0.680	-0.681	-0.681	-0.816	-0.810	-0.971	-0.822	-0.999	-0.848	-0.834	-0.942	-0.833	-0.839	-1.011	-0.893	-0.834	-0.952	-0.843	-0.777	-0.776	-0.792	-0.752	-1.010	-0.765	-0.758	-0.743	-0.754	-0.761	-0.811	-0.822	-0.723	-0.761	-0.770	-0.695	-0.829	-0.691	-0.643	-1.009	-0.803	-0.699	-0.694	-1.014	-0.693	-1.011	-0.728	-0.818	-0.606	-0.361	-0.577	-0.530	-1.004	-0.975	-1.025	-1.023	-1.052	-1.034	-1.037	-1.026	-1.029	-1.033	-1.051	-1.003	-1.052	-1.032	-1.033	-1.034	-1.052	
rs9972137      -0.999	-1.000	-1.001	-0.999	-0.806	-0.998	-1.002	-0.762	-0.718	-0.721	-0.968	-0.895	-0.500	-0.732	-0.566	-0.665	-0.862	-0.112	-0.898	-0.883	-0.085	+0.409	+0.192	-0.890	-0.889	+0.432	-0.261	+0.029	+0.038	-0.282	-0.314	-0.891	-0.261	+0.191	-0.011	-0.632	-0.294	-0.331	+0.171	-0.007	+0.009	+0.171	+0.096	-0.876	-0.041	-0.054	-0.010	-0.328	-0.296	-0.263	-0.010	-0.329	-0.041	-0.307	+0.172	+0.001	-0.076	-0.042	+0.037	+0.178	-0.304	-0.273	-0.062	-0.125	-0.414	-0.013	+0.024	+0.014	+0.012	+0.021	+0.003	+0.159	-0.001	-0.899	-0.305	-0.007	-0.305	-0.301	-0.386	-0.901	-0.305	-0.878	-0.011	+0.162	-0.012	+0.162	+0.025	+0.161	+0.161	+0.161	+0.162	-0.323	+0.158	-0.284	+0.155	+0.155	+0.155	-0.266	+0.203	-0.294	-0.202	+0.048	-0.890	-0.294	+0.048	+0.048	+0.048	+0.062	-0.377	-0.110	-0.937	-0.850	-0.906	-0.756	-0.758	-0.762	-0.761	-0.842	-0.763	-0.764	-0.764	-0.849	-0.785	-0.885	-0.853	-0.858	-0.868	-0.862	-0.882	-0.861	-0.863	-0.891	-0.852	-0.859	-0.880	-0.865	-0.817	-0.816	-0.832	-0.808	-0.887	-0.817	-0.806	-0.802	-0.810	-0.808	-0.789	-0.796	-0.712	-0.812	-0.816	-0.763	-0.805	-0.760	-0.725	-0.926	-0.783	-0.765	-0.762	-0.919	-0.761	-0.922	-0.786	-0.796	-0.692	-0.466	-0.663	-0.632	-0.916	-0.928	-0.959	-0.961	-0.952	-0.968	-0.967	-0.966	-0.967	-0.968	-0.953	-0.954	-0.956	-0.968	-0.968	-0.968	-0.956	
rs35097172     -0.812	-0.810	-0.809	-0.812	-0.493	-0.808	-0.812	-0.432	-0.370	-0.371	-0.727	-0.607	-0.732	-0.304	-0.360	-0.356	-0.450	-0.277	-0.686	-0.725	-0.263	+0.071	+0.790	-0.708	-0.707	+0.085	+0.395	+0.407	+0.421	+0.328	+0.233	-0.729	+0.387	+0.776	+0.339	-0.421	+0.243	+0.180	+0.736	+0.346	-0.186	+0.737	+0.489	-0.742	-0.214	-0.220	+0.341	+0.187	+0.236	+0.370	+0.340	+0.184	+0.270	+0.197	+0.275	+0.358	+0.210	+0.283	+0.412	+0.746	+0.206	+0.112	+0.255	+0.139	-0.073	+0.333	-0.106	+0.370	+0.370	+0.385	+0.356	-0.105	+0.352	-0.727	+0.206	+0.330	+0.205	+0.252	+0.028	-0.724	+0.206	-0.744	+0.342	+0.727	+0.343	+0.728	+0.562	+0.728	+0.728	+0.728	+0.729	+0.188	+0.733	+0.253	+0.732	+0.732	+0.732	+0.336	+0.826	+0.233	+0.116	-0.168	-0.736	+0.228	-0.168	-0.168	-0.168	-0.160	-0.003	+0.359	-0.704	-0.754	-0.768	-0.569	-0.570	-0.573	-0.573	-0.755	-0.574	-0.574	-0.575	-0.610	-0.663	-0.779	-0.612	-0.749	-0.612	-0.656	-0.761	-0.656	-0.616	-0.734	-0.727	-0.618	-0.769	-0.617	-0.615	-0.615	-0.658	-0.617	-0.738	-0.621	-0.650	-0.617	-0.620	-0.653	-0.664	-0.674	-0.588	-0.647	-0.657	-0.614	-0.676	-0.612	-0.586	-0.697	-0.658	-0.623	-0.613	-0.720	-0.613	-0.707	-0.636	-0.669	-0.563	-0.367	-0.541	-0.510	-0.701	-0.767	-0.792	-0.792	-0.801	-0.802	-0.802	-0.798	-0.799	-0.801	-0.801	-0.783	-0.803	-0.801	-0.801	-0.802	-0.803	
rs1951519      -0.627	-0.625	-0.625	-0.626	-0.294	-0.623	-0.627	-0.232	-0.167	-0.168	-0.509	-0.409	-0.566	-0.360	-0.106	-0.360	-0.295	-0.212	-0.457	-0.523	-0.200	+0.108	+0.747	-0.487	-0.486	+0.122	-0.090	+0.528	+0.545	-0.110	-0.140	-0.508	-0.090	+0.730	+0.428	-0.371	-0.119	-0.156	+0.686	+0.437	-0.123	+0.686	+0.621	-0.529	-0.147	-0.153	+0.430	-0.153	-0.121	-0.087	+0.428	-0.154	+0.317	-0.133	+0.266	+0.451	+0.268	+0.350	+0.520	+0.695	-0.130	-0.100	+0.318	+0.173	-0.228	+0.418	-0.043	+0.456	+0.461	+0.481	+0.443	-0.048	+0.442	-0.504	-0.130	+0.412	-0.130	-0.130	-0.205	-0.501	-0.130	-0.531	+0.422	+0.658	+0.419	+0.655	+0.475	+0.655	+0.654	+0.654	+0.655	-0.150	+0.639	-0.111	+0.629	+0.626	+0.625	-0.096	+0.692	-0.124	+0.105	-0.103	-0.520	-0.125	-0.103	-0.103	-0.103	-0.095	-0.200	+0.112	-0.536	-0.549	-0.576	-0.431	-0.432	-0.432	-0.433	-0.553	-0.434	-0.434	-0.434	-0.429	-0.517	-0.602	-0.430	-0.543	-0.422	-0.483	-0.591	-0.483	-0.429	-0.519	-0.568	-0.434	-0.593	-0.429	-0.441	-0.441	-0.488	-0.456	-0.524	-0.457	-0.492	-0.459	-0.459	-0.496	-0.494	-0.505	-0.451	-0.485	-0.498	-0.467	-0.506	-0.466	-0.452	-0.470	-0.489	-0.478	-0.467	-0.498	-0.467	-0.483	-0.484	-0.500	-0.437	-0.259	-0.416	-0.401	-0.477	-0.584	-0.604	-0.606	-0.615	-0.613	-0.612	-0.612	-0.612	-0.614	-0.616	-0.602	-0.617	-0.613	-0.614	-0.613	-0.617	
rs1535464      -0.735	-0.732	-0.732	-0.735	-0.398	-0.731	-0.734	-0.336	-0.270	-0.273	-0.644	-0.514	-0.665	-0.356	-0.360	-0.224	-0.344	-0.248	-0.598	-0.642	-0.235	+0.090	+0.657	-0.622	-0.622	+0.104	+0.215	+0.328	+0.341	+0.163	+0.089	-0.644	+0.211	+0.648	+0.268	-0.399	+0.106	+0.050	+0.612	+0.274	-0.155	+0.613	+0.407	-0.660	-0.181	-0.187	+0.269	+0.056	+0.101	+0.200	+0.268	+0.053	+0.209	+0.071	+0.244	+0.285	+0.156	+0.219	+0.334	+0.622	+0.078	+0.031	+0.193	+0.092	-0.135	+0.263	-0.073	+0.297	+0.297	+0.310	+0.283	-0.076	+0.280	-0.641	+0.077	+0.262	+0.077	+0.090	-0.065	-0.638	+0.078	-0.662	+0.270	+0.603	+0.270	+0.604	+0.440	+0.604	+0.604	+0.604	+0.604	+0.058	+0.606	+0.116	+0.605	+0.605	+0.605	+0.177	+0.690	+0.099	+0.055	-0.138	-0.652	+0.096	-0.138	-0.138	-0.138	-0.130	-0.079	+0.253	-0.616	-0.674	-0.689	-0.508	-0.508	-0.510	-0.511	-0.676	-0.512	-0.512	-0.512	-0.523	-0.601	-0.710	-0.525	-0.669	-0.519	-0.579	-0.693	-0.579	-0.526	-0.650	-0.662	-0.530	-0.700	-0.526	-0.539	-0.539	-0.590	-0.547	-0.654	-0.548	-0.588	-0.549	-0.550	-0.591	-0.601	-0.611	-0.528	-0.582	-0.594	-0.557	-0.613	-0.555	-0.535	-0.609	-0.596	-0.567	-0.556	-0.634	-0.556	-0.620	-0.577	-0.606	-0.516	-0.331	-0.495	-0.470	-0.615	-0.696	-0.718	-0.718	-0.724	-0.727	-0.727	-0.724	-0.725	-0.727	-0.725	-0.710	-0.726	-0.727	-0.727	-0.727	-0.726	
rs732898       -0.960	-0.961	-0.965	-0.960	-0.822	-0.957	-0.966	-0.784	-0.751	-0.755	-0.941	-0.899	-0.862	-0.450	-0.295	-0.344	-0.465	-0.303	-0.582	-0.462	-0.288	+0.110	+0.542	-0.530	-0.527	+0.127	+0.170	+0.369	+0.379	+0.144	+0.104	-0.554	+0.171	+0.540	+0.323	-0.329	+0.122	+0.082	+0.518	+0.328	-0.203	+0.518	+0.442	-0.514	-0.234	-0.242	+0.325	+0.086	+0.120	+0.161	+0.324	+0.085	+0.295	+0.102	+0.189	+0.337	+0.222	+0.294	+0.376	+0.525	+0.109	+0.125	+0.267	+0.201	-0.026	+0.320	-0.132	+0.355	+0.350	+0.360	+0.339	-0.101	+0.335	-0.592	+0.109	+0.325	+0.109	+0.117	+0.011	-0.598	+0.109	-0.518	+0.325	+0.511	+0.324	+0.510	+0.390	+0.510	+0.510	+0.510	+0.510	+0.092	+0.509	+0.134	+0.507	+0.507	+0.507	+0.163	+0.565	+0.128	+0.153	-0.184	-0.565	+0.127	-0.184	-0.184	-0.185	-0.176	+0.020	+0.283	-0.603	-0.507	-0.802	-0.538	-0.541	-0.546	-0.547	-0.495	-0.550	-0.551	-0.551	-0.697	-0.782	-0.909	-0.703	-0.586	-0.733	-0.698	-0.887	-0.697	-0.723	-0.659	-0.851	-0.716	-0.898	-0.727	-0.675	-0.673	-0.651	-0.632	-0.648	-0.646	-0.622	-0.623	-0.634	-0.626	-0.791	-0.800	-0.708	-0.638	-0.653	-0.570	-0.805	-0.566	-0.515	-0.780	-0.785	-0.565	-0.569	-0.750	-0.568	-0.766	-0.596	-0.797	-0.475	-0.210	-0.441	-0.391	-0.766	-0.908	-0.932	-0.933	-0.947	-0.942	-0.941	-0.939	-0.940	-0.942	-0.947	-0.926	-0.949	-0.941	-0.942	-0.942	-0.949	
rs34184867     -0.411	-0.412	-0.415	-0.411	-0.206	-0.409	-0.415	-0.161	-0.109	-0.112	-0.367	-0.289	-0.112	-0.277	-0.212	-0.248	-0.303	+0.114	-0.199	-0.100	+0.022	+0.380	+0.344	-0.163	-0.163	+0.405	+0.011	+0.211	+0.218	-0.004	-0.026	-0.184	+0.011	+0.343	+0.179	-0.227	-0.013	-0.038	+0.327	+0.182	-0.023	+0.327	+0.267	-0.152	-0.047	-0.053	+0.180	-0.035	-0.015	+0.007	+0.179	-0.036	+0.160	-0.024	+0.230	+0.188	+0.123	+0.157	+0.217	+0.332	-0.020	+0.001	+0.140	+0.097	-0.092	+0.177	+0.006	+0.201	+0.197	+0.205	+0.190	+0.055	+0.187	-0.199	-0.021	+0.183	-0.021	-0.015	-0.074	-0.204	-0.021	-0.152	+0.179	+0.320	+0.178	+0.319	+0.213	+0.319	+0.319	+0.319	+0.319	-0.032	+0.316	-0.006	+0.314	+0.314	+0.314	+0.008	+0.355	-0.010	+0.041	-0.015	-0.179	-0.010	-0.016	-0.016	-0.017	-0.011	-0.064	+0.120	-0.209	-0.123	-0.190	-0.276	-0.277	-0.279	-0.278	-0.111	-0.279	-0.279	-0.279	-0.305	-0.259	-0.189	-0.307	-0.152	-0.308	-0.325	-0.201	-0.325	-0.309	-0.211	-0.236	-0.309	-0.229	-0.309	-0.279	-0.279	-0.314	-0.295	-0.203	-0.299	-0.304	-0.293	-0.296	-0.306	-0.317	-0.314	-0.296	-0.306	-0.311	-0.281	-0.317	-0.279	-0.260	-0.303	-0.318	-0.281	-0.280	-0.278	-0.279	-0.290	-0.292	-0.316	-0.237	-0.018	-0.198	-0.198	-0.286	-0.335	-0.292	-0.305	-0.265	-0.300	-0.292	-0.315	-0.311	-0.306	-0.270	-0.336	-0.276	-0.308	-0.307	-0.302	-0.276	
rs11160580     -1.080	-1.080	-1.080	-1.080	-0.903	-1.078	-1.082	-0.860	-0.824	-0.828	-1.049	-0.994	-0.898	-0.686	-0.457	-0.598	-0.582	-0.199	-0.587	-0.731	-0.181	+0.277	+0.425	-0.737	-0.734	+0.296	-0.139	+0.250	+0.260	-0.162	-0.198	-0.776	-0.138	+0.423	+0.202	-0.566	-0.174	-0.217	+0.400	+0.207	-0.085	+0.401	+0.326	-0.772	-0.116	-0.125	+0.204	-0.213	-0.176	-0.138	+0.203	-0.214	+0.170	-0.190	+0.127	+0.216	+0.101	+0.171	+0.257	+0.407	-0.185	-0.132	+0.144	+0.075	-0.306	+0.199	-0.019	+0.234	+0.229	+0.240	+0.219	+0.043	+0.214	-0.798	-0.186	+0.206	-0.186	-0.185	-0.279	-0.798	-0.186	-0.773	+0.201	+0.389	+0.200	+0.388	+0.221	+0.388	+0.388	+0.388	+0.388	-0.208	+0.383	-0.163	+0.379	+0.378	+0.378	-0.144	+0.432	-0.176	-0.033	-0.050	-0.798	-0.177	-0.050	-0.050	-0.051	-0.040	-0.270	+0.051	-0.905	-0.785	-0.940	-0.738	-0.741	-0.745	-0.745	-0.781	-0.748	-0.748	-0.749	-0.870	-0.780	-0.954	-0.875	-0.827	-0.899	-0.877	-0.926	-0.876	-0.891	-0.853	-0.874	-0.885	-0.934	-0.894	-0.841	-0.839	-0.836	-0.813	-0.850	-0.825	-0.799	-0.805	-0.815	-0.802	-0.778	-0.789	-0.682	-0.810	-0.820	-0.750	-0.800	-0.746	-0.702	-0.891	-0.773	-0.749	-0.749	-0.894	-0.748	-0.892	-0.776	-0.792	-0.663	-0.412	-0.633	-0.591	-0.889	-0.984	-1.038	-1.036	-1.060	-1.048	-1.050	-1.040	-1.042	-1.047	-1.060	-1.017	-1.061	-1.046	-1.046	-1.048	-1.061	
rs10144242     -1.090	-1.090	-1.089	-1.090	-0.901	-1.088	-1.091	-0.856	-0.819	-0.823	-1.057	-0.997	-0.883	-0.725	-0.523	-0.642	-0.462	-0.100	-0.731	-0.599	-0.082	+0.415	+0.343	-0.784	-0.782	+0.436	-0.194	+0.145	+0.155	-0.217	-0.251	-0.829	-0.194	+0.341	+0.100	-0.607	-0.229	-0.270	+0.319	+0.105	+0.019	+0.320	+0.217	-0.844	-0.012	-0.020	+0.101	-0.266	-0.231	-0.195	+0.101	-0.267	+0.069	-0.244	+0.112	+0.113	+0.012	+0.069	+0.152	+0.327	-0.240	-0.199	+0.045	-0.022	-0.357	+0.097	+0.080	+0.130	+0.125	+0.136	+0.115	+0.163	+0.111	-0.835	-0.240	+0.103	-0.240	-0.238	-0.330	-0.831	-0.240	-0.845	+0.099	+0.309	+0.098	+0.308	+0.149	+0.308	+0.308	+0.308	+0.308	-0.261	+0.303	-0.218	+0.300	+0.299	+0.299	-0.199	+0.352	-0.230	-0.118	+0.058	-0.848	-0.231	+0.058	+0.058	+0.057	+0.069	-0.321	-0.011	-0.892	-0.862	-0.940	-0.769	-0.772	-0.776	-0.776	-0.860	-0.778	-0.779	-0.779	-0.894	-0.737	-0.932	-0.899	-0.883	-0.922	-0.903	-0.900	-0.902	-0.914	-0.883	-0.841	-0.909	-0.908	-0.917	-0.864	-0.862	-0.868	-0.840	-0.885	-0.851	-0.834	-0.832	-0.841	-0.837	-0.734	-0.745	-0.629	-0.843	-0.851	-0.786	-0.759	-0.782	-0.739	-0.888	-0.729	-0.785	-0.784	-0.904	-0.783	-0.896	-0.811	-0.751	-0.702	-0.451	-0.667	-0.632	-0.892	-0.978	-1.041	-1.039	-1.071	-1.052	-1.055	-1.042	-1.045	-1.050	-1.070	-1.016	-1.070	-1.049	-1.050	-1.052	-1.071	
rs7147511      -0.394	-0.396	-0.398	-0.394	-0.190	-0.392	-0.399	-0.145	-0.093	-0.096	-0.351	-0.273	-0.085	-0.263	-0.200	-0.235	-0.288	+0.022	-0.181	-0.082	+0.131	+0.375	+0.349	-0.146	-0.146	+0.400	+0.020	+0.217	+0.224	+0.005	-0.017	-0.166	+0.019	+0.348	+0.185	-0.215	-0.005	-0.029	+0.332	+0.188	-0.016	+0.332	+0.273	-0.134	-0.040	-0.045	+0.186	-0.026	-0.006	+0.015	+0.186	-0.027	+0.167	-0.015	+0.235	+0.195	+0.130	+0.164	+0.223	+0.338	-0.012	+0.009	+0.147	+0.105	-0.082	+0.183	+0.012	+0.207	+0.204	+0.211	+0.197	+0.059	+0.193	-0.182	-0.012	+0.190	-0.012	-0.007	-0.065	-0.187	-0.012	-0.135	+0.185	+0.325	+0.185	+0.325	+0.219	+0.325	+0.325	+0.325	+0.325	-0.023	+0.322	+0.003	+0.320	+0.319	+0.319	+0.017	+0.360	-0.002	+0.049	-0.009	-0.162	-0.001	-0.010	-0.010	-0.011	-0.005	-0.054	+0.127	-0.192	-0.106	-0.168	-0.262	-0.263	-0.264	-0.263	-0.094	-0.264	-0.264	-0.265	-0.288	-0.238	-0.162	-0.289	-0.135	-0.290	-0.310	-0.175	-0.309	-0.292	-0.194	-0.212	-0.292	-0.204	-0.292	-0.263	-0.262	-0.299	-0.280	-0.186	-0.283	-0.290	-0.278	-0.281	-0.292	-0.298	-0.295	-0.279	-0.292	-0.297	-0.267	-0.299	-0.265	-0.246	-0.287	-0.300	-0.267	-0.266	-0.261	-0.265	-0.274	-0.278	-0.297	-0.225	-0.005	-0.185	-0.186	-0.269	-0.316	-0.272	-0.286	-0.245	-0.280	-0.272	-0.295	-0.291	-0.286	-0.250	-0.317	-0.255	-0.288	-0.287	-0.282	-0.256	
rs35007880     -0.037	-0.039	-0.041	-0.036	+0.153	-0.034	-0.042	+0.196	+0.250	+0.247	-0.001	+0.070	+0.409	+0.071	+0.108	+0.090	+0.110	+0.380	+0.277	+0.415	+0.375	+0.501	+0.539	+0.325	+0.325	+0.433	+0.274	+0.423	+0.428	+0.262	+0.244	+0.298	+0.273	+0.538	+0.395	+0.097	+0.253	+0.235	+0.524	+0.398	+0.294	+0.524	+0.472	+0.336	+0.299	+0.301	+0.396	+0.237	+0.252	+0.272	+0.396	+0.236	+0.383	+0.245	+0.394	+0.404	+0.347	+0.379	+0.428	+0.529	+0.248	+0.262	+0.364	+0.332	+0.192	+0.394	+0.233	+0.415	+0.412	+0.418	+0.406	+0.296	+0.403	+0.277	+0.248	+0.400	+0.248	+0.253	+0.206	+0.270	+0.248	+0.338	+0.396	+0.518	+0.395	+0.518	+0.431	+0.518	+0.518	+0.518	+0.518	+0.240	+0.516	+0.260	+0.514	+0.514	+0.514	+0.272	+0.550	+0.257	+0.288	+0.269	+0.302	+0.258	+0.265	+0.265	+0.263	+0.260	+0.216	+0.358	+0.274	+0.370	+0.313	+0.076	+0.075	+0.075	+0.075	+0.386	+0.075	+0.075	+0.075	+0.074	+0.279	+0.430	+0.074	+0.328	+0.079	+0.041	+0.419	+0.041	+0.074	+0.253	+0.347	+0.072	+0.347	+0.075	+0.092	+0.091	+0.043	+0.067	+0.263	+0.066	+0.046	+0.066	+0.065	+0.044	+0.123	+0.137	+0.134	+0.049	+0.043	+0.065	+0.127	+0.067	+0.079	+0.120	+0.114	+0.062	+0.066	+0.157	+0.067	+0.138	+0.055	+0.125	+0.095	+0.301	+0.131	+0.126	+0.143	+0.102	+0.182	+0.160	+0.216	+0.172	+0.183	+0.147	+0.153	+0.162	+0.209	+0.109	+0.201	+0.158	+0.159	+0.168	+0.200	
rs8015259      +0.151	+0.154	+0.152	+0.152	+0.569	+0.153	+0.150	+0.640	+0.723	+0.720	+0.329	+0.437	+0.192	+0.790	+0.747	+0.657	+0.542	+0.344	+0.425	+0.343	+0.349	+0.539	+0.714	+0.379	+0.380	+0.549	+0.452	+0.554	+0.555	+0.456	+0.464	+0.356	+0.453	+0.650	+0.548	+0.745	+0.463	+0.469	+0.640	+0.549	+0.385	+0.640	+0.560	+0.320	+0.372	+0.369	+0.548	+0.468	+0.463	+0.454	+0.548	+0.467	+0.521	+0.465	+0.510	+0.548	+0.518	+0.540	+0.549	+0.641	+0.463	+0.477	+0.549	+0.525	+0.501	+0.546	+0.458	+0.540	+0.544	+0.545	+0.544	+0.439	+0.545	+0.362	+0.464	+0.539	+0.464	+0.455	+0.491	+0.368	+0.464	+0.317	+0.547	+0.631	+0.547	+0.631	+0.551	+0.631	+0.631	+0.631	+0.631	+0.464	+0.625	+0.458	+0.622	+0.621	+0.620	+0.450	+0.632	+0.452	+0.508	+0.404	+0.336	+0.448	+0.405	+0.405	+0.405	+0.411	+0.469	+0.465	+0.281	+0.279	+0.220	+0.602	+0.605	+0.609	+0.603	+0.271	+0.603	+0.604	+0.604	+0.732	+0.186	+0.155	+0.729	+0.284	+0.768	+0.506	+0.160	+0.504	+0.734	+0.330	+0.166	+0.708	+0.155	+0.730	+0.532	+0.530	+0.401	+0.525	+0.322	+0.538	+0.377	+0.499	+0.511	+0.370	+0.207	+0.199	+0.223	+0.423	+0.368	+0.390	+0.201	+0.387	+0.367	+0.406	+0.210	+0.346	+0.387	+0.365	+0.386	+0.387	+0.365	+0.204	+0.343	+0.373	+0.322	+0.337	+0.390	+0.170	+0.188	+0.181	+0.185	+0.181	+0.185	+0.174	+0.176	+0.178	+0.183	+0.168	+0.180	+0.177	+0.177	+0.180	+0.180	
rs4905950      -1.086	-1.085	-1.085	-1.086	-0.903	-1.084	-1.087	-0.859	-0.823	-0.827	-1.054	-0.997	-0.890	-0.708	-0.487	-0.622	-0.530	-0.163	-0.737	-0.784	-0.146	+0.325	+0.379	-0.593	-0.730	+0.344	-0.170	+0.207	+0.217	-0.193	-0.228	-0.808	-0.169	+0.378	+0.160	-0.589	-0.204	-0.246	+0.355	+0.165	-0.031	+0.356	+0.281	-0.791	-0.062	-0.070	+0.161	-0.243	-0.206	-0.170	+0.161	-0.244	+0.129	-0.220	+0.119	+0.173	+0.063	+0.129	+0.214	+0.362	-0.216	-0.165	+0.103	+0.034	-0.334	+0.157	+0.034	+0.191	+0.186	+0.197	+0.176	+0.089	+0.171	-0.815	-0.216	+0.163	-0.216	-0.215	-0.307	-0.817	-0.216	-0.793	+0.159	+0.345	+0.158	+0.344	+0.180	+0.343	+0.343	+0.343	+0.344	-0.238	+0.338	-0.194	+0.335	+0.334	+0.334	-0.175	+0.387	-0.206	-0.070	+0.008	-0.808	-0.207	+0.007	+0.008	+0.007	+0.018	-0.298	+0.015	-0.901	-0.809	-0.941	-0.755	-0.757	-0.762	-0.762	-0.806	-0.764	-0.765	-0.765	-0.883	-0.758	-0.943	-0.888	-0.845	-0.911	-0.891	-0.912	-0.890	-0.903	-0.859	-0.857	-0.898	-0.920	-0.906	-0.853	-0.851	-0.851	-0.827	-0.858	-0.839	-0.816	-0.819	-0.829	-0.819	-0.754	-0.765	-0.654	-0.826	-0.834	-0.766	-0.779	-0.762	-0.718	-0.882	-0.750	-0.765	-0.765	-0.892	-0.764	-0.887	-0.792	-0.771	-0.681	-0.433	-0.651	-0.610	-0.884	-0.983	-1.041	-1.039	-1.067	-1.051	-1.054	-1.042	-1.045	-1.050	-1.066	-1.018	-1.067	-1.049	-1.050	-1.051	-1.067	
rs10147903     -1.086	-1.085	-1.085	-1.086	-0.903	-1.083	-1.087	-0.859	-0.822	-0.827	-1.054	-0.996	-0.889	-0.707	-0.486	-0.622	-0.527	-0.163	-0.734	-0.782	-0.146	+0.325	+0.380	-0.730	-0.593	+0.344	-0.169	+0.208	+0.218	-0.192	-0.227	-0.809	-0.169	+0.379	+0.161	-0.588	-0.204	-0.246	+0.356	+0.166	-0.032	+0.357	+0.283	-0.793	-0.064	-0.072	+0.162	-0.242	-0.206	-0.169	+0.162	-0.243	+0.130	-0.220	+0.119	+0.174	+0.064	+0.129	+0.215	+0.364	-0.215	-0.164	+0.104	+0.035	-0.334	+0.158	+0.033	+0.192	+0.187	+0.198	+0.177	+0.086	+0.172	-0.817	-0.215	+0.164	-0.215	-0.214	-0.307	-0.819	-0.215	-0.794	+0.160	+0.346	+0.159	+0.345	+0.181	+0.344	+0.344	+0.344	+0.345	-0.237	+0.339	-0.193	+0.336	+0.335	+0.335	-0.174	+0.388	-0.206	-0.069	+0.006	-0.810	-0.206	+0.005	+0.006	+0.005	+0.016	-0.297	+0.016	-0.901	-0.810	-0.941	-0.754	-0.757	-0.761	-0.761	-0.808	-0.764	-0.764	-0.765	-0.882	-0.758	-0.943	-0.888	-0.845	-0.911	-0.890	-0.913	-0.889	-0.903	-0.859	-0.857	-0.898	-0.921	-0.906	-0.852	-0.851	-0.851	-0.827	-0.859	-0.838	-0.815	-0.819	-0.829	-0.818	-0.755	-0.766	-0.655	-0.825	-0.834	-0.766	-0.778	-0.763	-0.719	-0.882	-0.750	-0.765	-0.765	-0.892	-0.764	-0.887	-0.792	-0.770	-0.681	-0.432	-0.651	-0.610	-0.884	-0.983	-1.040	-1.039	-1.066	-1.051	-1.054	-1.042	-1.045	-1.050	-1.066	-1.018	-1.066	-1.049	-1.049	-1.051	-1.067	
rs3736951      -0.021	-0.023	-0.026	-0.021	+0.168	-0.019	-0.027	+0.211	+0.265	+0.262	+0.014	+0.085	+0.432	+0.085	+0.122	+0.104	+0.127	+0.405	+0.296	+0.436	+0.400	+0.433	+0.549	+0.344	+0.344	+0.517	+0.286	+0.433	+0.439	+0.274	+0.256	+0.318	+0.285	+0.547	+0.406	+0.111	+0.265	+0.247	+0.533	+0.409	+0.315	+0.534	+0.482	+0.357	+0.322	+0.325	+0.407	+0.249	+0.265	+0.283	+0.406	+0.248	+0.393	+0.257	+0.403	+0.414	+0.358	+0.390	+0.438	+0.538	+0.260	+0.274	+0.375	+0.343	+0.205	+0.405	+0.246	+0.425	+0.422	+0.428	+0.416	+0.313	+0.413	+0.297	+0.260	+0.411	+0.260	+0.266	+0.218	+0.290	+0.260	+0.359	+0.406	+0.528	+0.406	+0.527	+0.441	+0.527	+0.527	+0.527	+0.528	+0.252	+0.525	+0.272	+0.524	+0.524	+0.523	+0.284	+0.559	+0.269	+0.299	+0.287	+0.322	+0.270	+0.283	+0.283	+0.280	+0.277	+0.229	+0.369	+0.294	+0.390	+0.334	+0.091	+0.090	+0.090	+0.090	+0.407	+0.090	+0.090	+0.090	+0.090	+0.303	+0.456	+0.090	+0.349	+0.095	+0.056	+0.445	+0.056	+0.090	+0.272	+0.372	+0.088	+0.371	+0.090	+0.107	+0.107	+0.058	+0.082	+0.283	+0.081	+0.061	+0.081	+0.080	+0.059	+0.142	+0.157	+0.153	+0.064	+0.058	+0.080	+0.146	+0.081	+0.093	+0.138	+0.133	+0.076	+0.081	+0.175	+0.081	+0.156	+0.070	+0.144	+0.109	+0.314	+0.145	+0.139	+0.161	+0.120	+0.201	+0.178	+0.235	+0.190	+0.201	+0.165	+0.172	+0.180	+0.228	+0.127	+0.220	+0.177	+0.178	+0.186	+0.219	
rs3736952      -0.313	-0.310	-0.312	-0.313	+0.079	-0.309	-0.314	+0.148	+0.227	+0.225	-0.200	-0.049	-0.261	+0.395	-0.090	+0.215	+0.170	+0.011	-0.139	-0.194	+0.020	+0.274	+0.452	-0.170	-0.169	+0.286	+0.222	+0.267	+0.276	+0.132	+0.126	-0.193	+0.139	+0.450	+0.230	+0.299	+0.110	+0.125	+0.428	+0.234	+0.072	+0.428	+0.327	-0.216	+0.053	+0.049	+0.231	+0.123	+0.109	+0.116	+0.231	+0.122	+0.200	+0.102	+0.298	+0.241	+0.169	+0.202	+0.273	+0.434	+0.103	+0.074	+0.185	+0.131	+0.087	+0.228	+0.153	+0.252	+0.250	+0.259	+0.242	+0.141	+0.239	-0.189	+0.104	+0.232	+0.104	+0.110	+0.139	-0.185	+0.104	-0.219	+0.231	+0.420	+0.230	+0.420	+0.293	+0.419	+0.419	+0.420	+0.420	+0.115	+0.418	+0.110	+0.416	+0.416	+0.416	+0.127	+0.470	+0.109	+0.091	+0.088	-0.205	+0.107	+0.088	+0.088	+0.088	+0.095	+0.083	+0.176	-0.151	-0.238	-0.269	+0.068	+0.070	+0.074	+0.067	-0.243	+0.068	+0.068	+0.068	+0.170	-0.244	-0.304	+0.167	-0.233	+0.201	-0.025	-0.300	-0.027	+0.168	-0.205	-0.284	+0.146	-0.303	+0.165	-0.003	-0.005	-0.112	-0.009	-0.210	+0.000	-0.151	-0.029	-0.021	-0.156	-0.243	-0.251	-0.187	-0.125	-0.155	-0.133	-0.251	-0.134	-0.138	-0.150	-0.239	-0.159	-0.134	-0.181	-0.134	-0.164	-0.153	-0.246	-0.143	-0.037	-0.140	-0.127	-0.160	-0.292	-0.296	-0.299	-0.278	-0.305	-0.302	-0.306	-0.306	-0.305	-0.280	-0.302	-0.283	-0.306	-0.306	-0.305	-0.283	
rs7143025      -0.009	-0.007	-0.008	-0.009	+0.378	-0.007	-0.011	+0.446	+0.523	+0.519	+0.145	+0.250	+0.029	+0.407	+0.528	+0.328	+0.369	+0.211	+0.250	+0.145	+0.217	+0.423	+0.554	+0.207	+0.208	+0.433	+0.267	+0.545	+0.486	+0.264	+0.261	+0.184	+0.267	+0.553	+0.458	+0.369	+0.265	+0.260	+0.534	+0.461	+0.257	+0.534	+0.509	+0.150	+0.242	+0.239	+0.459	+0.260	+0.265	+0.268	+0.458	+0.259	+0.412	+0.263	+0.415	+0.461	+0.399	+0.435	+0.475	+0.539	+0.263	+0.289	+0.444	+0.394	+0.262	+0.454	+0.331	+0.453	+0.459	+0.463	+0.455	+0.314	+0.457	+0.189	+0.264	+0.445	+0.264	+0.261	+0.260	+0.196	+0.264	+0.147	+0.455	+0.523	+0.454	+0.522	+0.403	+0.522	+0.522	+0.522	+0.522	+0.259	+0.516	+0.266	+0.512	+0.511	+0.511	+0.266	+0.545	+0.261	+0.349	+0.276	+0.165	+0.259	+0.277	+0.277	+0.278	+0.284	+0.254	+0.313	+0.098	+0.112	+0.051	+0.321	+0.323	+0.326	+0.322	+0.104	+0.323	+0.323	+0.323	+0.425	+0.034	-0.002	+0.424	+0.117	+0.456	+0.265	+0.003	+0.264	+0.430	+0.160	+0.011	+0.411	-0.001	+0.428	+0.298	+0.296	+0.221	+0.280	+0.153	+0.289	+0.200	+0.261	+0.270	+0.193	+0.056	+0.047	+0.075	+0.240	+0.191	+0.212	+0.049	+0.209	+0.193	+0.233	+0.059	+0.174	+0.209	+0.194	+0.208	+0.215	+0.189	+0.053	+0.175	+0.230	+0.151	+0.172	+0.218	+0.013	+0.026	+0.021	+0.021	+0.019	+0.023	+0.013	+0.015	+0.016	+0.020	+0.009	+0.017	+0.015	+0.016	+0.018	+0.017	
rs7143218      -0.001	+0.002	+0.000	-0.000	+0.388	+0.001	-0.002	+0.455	+0.533	+0.529	+0.154	+0.259	+0.038	+0.421	+0.545	+0.341	+0.379	+0.218	+0.260	+0.155	+0.224	+0.428	+0.555	+0.217	+0.218	+0.439	+0.276	+0.486	+0.554	+0.272	+0.270	+0.194	+0.276	+0.555	+0.467	+0.383	+0.274	+0.269	+0.536	+0.469	+0.263	+0.536	+0.512	+0.160	+0.249	+0.245	+0.468	+0.269	+0.274	+0.276	+0.467	+0.268	+0.420	+0.272	+0.420	+0.469	+0.407	+0.445	+0.481	+0.541	+0.272	+0.299	+0.456	+0.405	+0.272	+0.463	+0.337	+0.459	+0.466	+0.470	+0.462	+0.320	+0.465	+0.199	+0.270	+0.453	+0.270	+0.269	+0.270	+0.206	+0.273	+0.157	+0.463	+0.525	+0.462	+0.524	+0.409	+0.524	+0.524	+0.524	+0.524	+0.268	+0.519	+0.274	+0.515	+0.514	+0.514	+0.274	+0.547	+0.269	+0.359	+0.283	+0.175	+0.267	+0.284	+0.284	+0.284	+0.290	+0.263	+0.319	+0.107	+0.122	+0.060	+0.334	+0.335	+0.339	+0.335	+0.113	+0.336	+0.336	+0.336	+0.439	+0.042	+0.007	+0.438	+0.127	+0.470	+0.277	+0.012	+0.276	+0.444	+0.170	+0.020	+0.425	+0.008	+0.442	+0.309	+0.308	+0.232	+0.291	+0.162	+0.301	+0.211	+0.273	+0.282	+0.204	+0.064	+0.056	+0.083	+0.251	+0.202	+0.223	+0.057	+0.220	+0.204	+0.243	+0.068	+0.185	+0.220	+0.204	+0.219	+0.225	+0.200	+0.061	+0.185	+0.238	+0.160	+0.182	+0.228	+0.022	+0.035	+0.030	+0.031	+0.028	+0.032	+0.022	+0.024	+0.025	+0.029	+0.018	+0.026	+0.024	+0.025	+0.027	+0.026	
rs35852289     -0.334	-0.331	-0.333	-0.334	+0.054	-0.330	-0.335	+0.122	+0.200	+0.198	-0.223	-0.074	-0.282	+0.328	-0.110	+0.163	+0.144	-0.004	-0.162	-0.217	+0.005	+0.262	+0.456	-0.193	-0.192	+0.274	+0.132	+0.264	+0.272	+0.200	+0.109	-0.216	+0.132	+0.454	+0.226	+0.242	+0.098	+0.105	+0.431	+0.230	+0.058	+0.431	+0.325	-0.238	+0.039	+0.034	+0.227	+0.104	+0.096	+0.107	+0.226	+0.103	+0.195	+0.088	+0.291	+0.237	+0.163	+0.197	+0.270	+0.438	+0.090	+0.063	+0.180	+0.123	+0.061	+0.223	+0.139	+0.248	+0.246	+0.255	+0.238	+0.127	+0.235	-0.212	+0.090	+0.227	+0.090	+0.097	+0.108	-0.208	+0.090	-0.241	+0.227	+0.423	+0.226	+0.423	+0.294	+0.423	+0.423	+0.423	+0.423	+0.100	+0.422	+0.099	+0.420	+0.420	+0.419	+0.118	+0.476	+0.097	+0.082	+0.074	-0.227	+0.096	+0.074	+0.074	+0.074	+0.081	+0.063	+0.172	-0.174	-0.260	-0.290	+0.035	+0.037	+0.040	+0.034	-0.264	+0.034	+0.034	+0.034	+0.134	-0.263	-0.324	+0.130	-0.255	+0.164	-0.054	-0.321	-0.055	+0.132	-0.227	-0.304	+0.111	-0.323	+0.129	-0.031	-0.033	-0.137	-0.038	-0.233	-0.029	-0.174	-0.057	-0.049	-0.179	-0.262	-0.270	-0.205	-0.149	-0.179	-0.156	-0.270	-0.157	-0.160	-0.173	-0.258	-0.181	-0.157	-0.204	-0.157	-0.187	-0.175	-0.265	-0.164	-0.054	-0.160	-0.147	-0.183	-0.313	-0.317	-0.320	-0.300	-0.326	-0.323	-0.327	-0.327	-0.326	-0.301	-0.323	-0.305	-0.327	-0.327	-0.326	-0.305	
