## Summary of overall evidence for association with region:
## log10(BF for region) = -0.332364
## p-value for region = NA

## BFs for choosing among multi-SNP models:
## log10(average 1-SNP BF) = -0.276005
## log10(average 2-SNP BF) = -0.473307

## Example posterior probabilities for multi-SNP models, based on default prior: [p(l) propto 0.5^l for l=1,2,...,L]
## posterior probability of 1-SNP = 0.759045
## posterior probability of 2-SNP = 0.240955

## log10(BF) for single SNP and pair of SNPs:
rs72734898     -0.466	-0.859	-0.812	-0.588	-0.861	-0.921	-0.612	-0.611	-0.611	-0.265	-0.838	-0.596	-0.593	-0.909	-0.425	-0.866	-0.517	-0.958	-0.960	-0.960	-0.668	-0.622	-0.960	-0.599	-0.691	-0.582	-0.322	-0.960	-0.497	-0.921	-0.621	-0.488	-0.429	-0.434	-0.496	-0.781	-0.700	-0.477	-0.716	-0.577	-0.664	-0.702	-0.948	-0.947	-0.917	-0.933	-0.875	-0.935	-0.938	-0.908	-0.787	-0.787	-0.562	-0.788	-0.804	-0.808	-0.771	-0.771	-0.914	-0.784	-0.783	-0.795	-0.905	-0.665	-0.592	-0.613	-0.236	-0.750	-0.469	-0.424	-0.431	-0.072	-0.304	+0.028	-0.009	-0.058	+0.020	-0.079	-0.524	-0.473	-0.086	-0.063	-0.101	-0.579	-0.536	-0.102	-0.449	-0.539	-0.404	-0.507	-0.439	-0.507	-0.472	-0.398	-0.399	-0.844	-0.740	-0.724	-0.729	-0.770	-0.729	-0.756	-0.663	-0.612	-0.683	-0.611	-0.631	-0.641	-0.640	-0.822	-0.645	-0.842	-0.777	-0.828	-0.571	-0.808	-0.841	-0.784	-0.570	-0.600	-0.848	-0.887	-0.886	-0.880	-0.880	-0.920	-0.920	-0.916	-0.968	-0.969	-0.968	-0.968	-0.922	-0.969	-0.970	-0.970	-0.913	-0.486	-0.472	-0.451	-0.944	-0.540	-0.616	-0.897	-0.872	-0.758	
rs2106546      -0.859	-0.515	-0.649	-0.860	-0.644	-0.667	-0.890	-0.890	-0.890	-0.721	-0.694	-0.890	-0.889	-0.654	-0.799	-0.565	-0.868	-0.946	-0.945	-0.946	-0.880	-0.844	-0.901	-0.829	-0.895	-0.818	-0.642	-0.905	-0.768	-0.883	-0.829	-0.762	-0.707	-0.711	-0.774	-0.933	-0.877	-0.762	-0.883	-0.820	-0.880	-0.877	-0.953	-0.948	-0.881	-0.932	-0.918	-0.916	-0.944	-0.868	-0.902	-0.901	-0.785	-0.831	-0.847	-0.851	-0.814	-0.813	-0.988	-0.826	-0.825	-0.837	-0.963	-0.748	-0.678	-0.697	-0.290	-0.796	-0.518	-0.473	-0.482	-0.126	-0.361	-0.026	-0.067	-0.111	-0.034	-0.132	-0.574	-0.528	-0.140	-0.116	-0.154	-0.628	-0.589	-0.155	-0.499	-0.591	-0.454	-0.557	-0.489	-0.556	-0.527	-0.447	-0.449	-0.881	-0.788	-0.769	-0.775	-0.815	-0.775	-0.802	-0.710	-0.660	-0.723	-0.659	-0.675	-0.685	-0.684	-0.870	-0.688	-0.888	-0.821	-0.870	-0.615	-0.853	-0.887	-0.827	-0.613	-0.643	-0.894	-0.932	-0.932	-0.926	-0.926	-0.963	-0.964	-0.960	-1.011	-1.012	-1.011	-1.011	-0.966	-1.012	-1.013	-1.013	-0.957	-0.543	-0.529	-0.508	-0.985	-0.593	-0.667	-0.937	-0.911	-0.798	
rs2106547      -0.812	-0.649	-0.456	-0.812	-0.647	-0.585	-0.835	-0.835	-0.835	-0.664	-0.605	-0.838	-0.836	-0.591	-0.742	-0.454	-0.798	-0.872	-0.871	-0.872	-0.811	-0.772	-0.831	-0.773	-0.828	-0.762	-0.586	-0.836	-0.706	-0.815	-0.771	-0.700	-0.658	-0.662	-0.700	-0.878	-0.810	-0.688	-0.818	-0.758	-0.820	-0.811	-0.888	-0.887	-0.813	-0.870	-0.877	-0.852	-0.883	-0.800	-0.841	-0.841	-0.745	-0.772	-0.788	-0.793	-0.755	-0.754	-0.933	-0.768	-0.766	-0.779	-0.909	-0.695	-0.625	-0.645	-0.229	-0.738	-0.459	-0.414	-0.423	-0.067	-0.301	+0.033	-0.009	-0.052	+0.025	-0.073	-0.516	-0.471	-0.081	-0.057	-0.096	-0.571	-0.532	-0.096	-0.440	-0.534	-0.395	-0.499	-0.431	-0.497	-0.469	-0.387	-0.389	-0.824	-0.734	-0.715	-0.720	-0.760	-0.720	-0.747	-0.655	-0.606	-0.666	-0.604	-0.620	-0.631	-0.630	-0.815	-0.634	-0.833	-0.766	-0.814	-0.560	-0.798	-0.832	-0.772	-0.559	-0.589	-0.839	-0.877	-0.877	-0.871	-0.870	-0.907	-0.907	-0.903	-0.955	-0.955	-0.955	-0.955	-0.909	-0.955	-0.957	-0.957	-0.900	-0.486	-0.473	-0.452	-0.928	-0.537	-0.610	-0.879	-0.854	-0.742	
rs11955210     -0.588	-0.860	-0.812	-0.467	-0.862	-0.922	-0.614	-0.613	-0.613	-0.267	-0.838	-0.598	-0.595	-0.909	-0.427	-0.867	-0.519	-0.959	-0.961	-0.960	-0.669	-0.623	-0.960	-0.601	-0.692	-0.584	-0.323	-0.961	-0.498	-0.921	-0.622	-0.489	-0.430	-0.435	-0.498	-0.782	-0.701	-0.479	-0.717	-0.578	-0.665	-0.703	-0.948	-0.948	-0.917	-0.934	-0.876	-0.936	-0.938	-0.909	-0.788	-0.788	-0.563	-0.789	-0.804	-0.809	-0.772	-0.772	-0.915	-0.785	-0.784	-0.796	-0.906	-0.666	-0.593	-0.614	-0.237	-0.751	-0.470	-0.424	-0.432	-0.073	-0.304	+0.027	-0.009	-0.059	+0.019	-0.080	-0.525	-0.474	-0.087	-0.064	-0.102	-0.579	-0.537	-0.103	-0.450	-0.540	-0.405	-0.508	-0.440	-0.507	-0.473	-0.399	-0.400	-0.845	-0.740	-0.725	-0.730	-0.771	-0.730	-0.757	-0.664	-0.613	-0.684	-0.612	-0.632	-0.642	-0.641	-0.823	-0.645	-0.842	-0.778	-0.829	-0.572	-0.809	-0.841	-0.785	-0.570	-0.601	-0.849	-0.887	-0.887	-0.881	-0.881	-0.920	-0.921	-0.916	-0.969	-0.970	-0.969	-0.969	-0.923	-0.970	-0.971	-0.971	-0.914	-0.487	-0.473	-0.452	-0.944	-0.540	-0.617	-0.897	-0.873	-0.758	
rs7710554      -0.861	-0.644	-0.647	-0.862	-0.518	-0.674	-0.893	-0.893	-0.893	-0.724	-0.694	-0.893	-0.891	-0.660	-0.802	-0.571	-0.871	-0.948	-0.948	-0.949	-0.883	-0.847	-0.905	-0.832	-0.898	-0.821	-0.646	-0.908	-0.771	-0.887	-0.832	-0.765	-0.710	-0.713	-0.777	-0.936	-0.880	-0.765	-0.886	-0.823	-0.883	-0.880	-0.956	-0.951	-0.884	-0.935	-0.920	-0.920	-0.947	-0.872	-0.904	-0.904	-0.786	-0.834	-0.850	-0.853	-0.817	-0.816	-0.991	-0.829	-0.828	-0.840	-0.965	-0.750	-0.680	-0.700	-0.292	-0.799	-0.521	-0.476	-0.485	-0.128	-0.364	-0.029	-0.070	-0.114	-0.037	-0.135	-0.577	-0.531	-0.142	-0.119	-0.157	-0.631	-0.592	-0.158	-0.501	-0.594	-0.456	-0.560	-0.492	-0.558	-0.529	-0.449	-0.451	-0.884	-0.791	-0.772	-0.777	-0.818	-0.777	-0.804	-0.712	-0.663	-0.725	-0.661	-0.678	-0.688	-0.687	-0.872	-0.691	-0.891	-0.824	-0.872	-0.617	-0.856	-0.889	-0.830	-0.616	-0.646	-0.897	-0.935	-0.934	-0.929	-0.928	-0.966	-0.966	-0.962	-1.014	-1.014	-1.014	-1.014	-0.969	-1.014	-1.016	-1.016	-0.959	-0.545	-0.532	-0.511	-0.987	-0.596	-0.669	-0.939	-0.914	-0.801	
rs1304136      -0.921	-0.667	-0.585	-0.922	-0.674	-0.610	-0.965	-0.965	-0.965	-0.851	-0.675	-0.984	-0.983	-0.806	-0.921	-0.832	-0.971	-1.046	-1.048	-1.048	-0.990	-0.953	-1.031	-0.945	-1.003	-0.935	-0.767	-1.034	-0.850	-0.999	-0.945	-0.843	-0.790	-0.794	-0.888	-1.024	-0.977	-0.877	-0.981	-0.903	-0.964	-0.977	-1.043	-1.047	-0.996	-1.034	-0.960	-1.024	-1.042	-0.986	-0.992	-0.991	-0.839	-0.935	-0.950	-0.952	-0.921	-0.920	-1.079	-0.931	-0.931	-0.941	-1.049	-0.836	-0.774	-0.793	-0.381	-0.888	-0.609	-0.564	-0.573	-0.219	-0.451	-0.120	-0.159	-0.205	-0.128	-0.226	-0.665	-0.616	-0.233	-0.210	-0.247	-0.718	-0.677	-0.248	-0.589	-0.679	-0.544	-0.647	-0.580	-0.647	-0.615	-0.538	-0.540	-0.975	-0.877	-0.858	-0.863	-0.904	-0.863	-0.891	-0.798	-0.749	-0.817	-0.747	-0.766	-0.776	-0.775	-0.958	-0.779	-0.977	-0.912	-0.962	-0.706	-0.943	-0.975	-0.918	-0.704	-0.734	-0.983	-1.021	-1.021	-1.015	-1.015	-1.054	-1.055	-1.051	-1.103	-1.103	-1.103	-1.103	-1.057	-1.103	-1.105	-1.105	-1.048	-0.631	-0.618	-0.597	-1.077	-0.683	-0.756	-1.030	-1.006	-0.890	
rs72734902     -0.612	-0.890	-0.835	-0.614	-0.893	-0.965	-0.525	-0.651	-0.651	-0.418	-0.864	-0.701	-0.699	-0.948	-0.561	-0.938	-0.642	-1.009	-1.011	-1.011	-0.774	-0.716	-1.015	-0.714	-0.794	-0.699	-0.441	-1.016	-0.595	-0.980	-0.718	-0.587	-0.530	-0.534	-0.604	-0.861	-0.779	-0.587	-0.790	-0.671	-0.753	-0.780	-0.997	-1.003	-0.976	-0.989	-0.919	-0.993	-0.993	-0.968	-0.847	-0.846	-0.643	-0.847	-0.862	-0.866	-0.832	-0.831	-0.972	-0.843	-0.843	-0.854	-0.956	-0.729	-0.657	-0.678	-0.297	-0.807	-0.528	-0.482	-0.490	-0.132	-0.363	-0.032	-0.069	-0.118	-0.040	-0.139	-0.582	-0.530	-0.146	-0.122	-0.161	-0.636	-0.593	-0.161	-0.507	-0.595	-0.462	-0.565	-0.498	-0.565	-0.529	-0.457	-0.458	-0.899	-0.794	-0.777	-0.782	-0.823	-0.782	-0.810	-0.716	-0.666	-0.739	-0.664	-0.685	-0.695	-0.694	-0.876	-0.699	-0.896	-0.832	-0.883	-0.625	-0.863	-0.894	-0.838	-0.624	-0.654	-0.902	-0.941	-0.940	-0.935	-0.934	-0.975	-0.975	-0.971	-1.023	-1.024	-1.023	-1.023	-0.978	-1.024	-1.025	-1.026	-0.968	-0.543	-0.529	-0.508	-0.999	-0.597	-0.672	-0.952	-0.928	-0.812	
rs72737003     -0.611	-0.890	-0.835	-0.613	-0.893	-0.965	-0.651	-0.525	-0.652	-0.419	-0.865	-0.701	-0.700	-0.948	-0.562	-0.939	-0.643	-1.009	-1.011	-1.011	-0.775	-0.717	-1.016	-0.714	-0.794	-0.699	-0.442	-1.016	-0.596	-0.980	-0.719	-0.587	-0.530	-0.535	-0.605	-0.861	-0.779	-0.588	-0.791	-0.671	-0.753	-0.781	-0.997	-1.003	-0.976	-0.989	-0.919	-0.993	-0.993	-0.968	-0.847	-0.847	-0.643	-0.848	-0.863	-0.866	-0.832	-0.832	-0.972	-0.844	-0.843	-0.854	-0.956	-0.729	-0.657	-0.679	-0.297	-0.808	-0.528	-0.482	-0.490	-0.132	-0.364	-0.033	-0.069	-0.118	-0.040	-0.139	-0.583	-0.531	-0.146	-0.123	-0.161	-0.636	-0.593	-0.162	-0.508	-0.595	-0.463	-0.565	-0.498	-0.565	-0.529	-0.457	-0.458	-0.899	-0.794	-0.777	-0.783	-0.824	-0.783	-0.810	-0.716	-0.666	-0.739	-0.665	-0.685	-0.696	-0.695	-0.877	-0.699	-0.896	-0.832	-0.883	-0.625	-0.863	-0.895	-0.838	-0.624	-0.654	-0.902	-0.941	-0.940	-0.935	-0.934	-0.975	-0.975	-0.971	-1.024	-1.024	-1.024	-1.024	-0.978	-1.024	-1.026	-1.026	-0.969	-0.544	-0.530	-0.509	-0.999	-0.597	-0.673	-0.952	-0.928	-0.812	
rs72737006     -0.611	-0.890	-0.835	-0.613	-0.893	-0.965	-0.651	-0.652	-0.525	-0.419	-0.865	-0.701	-0.700	-0.948	-0.562	-0.939	-0.643	-1.009	-1.012	-1.011	-0.775	-0.717	-1.016	-0.714	-0.794	-0.699	-0.442	-1.016	-0.596	-0.980	-0.719	-0.587	-0.530	-0.535	-0.605	-0.861	-0.779	-0.588	-0.791	-0.671	-0.753	-0.781	-0.997	-1.003	-0.976	-0.989	-0.919	-0.993	-0.993	-0.968	-0.847	-0.847	-0.643	-0.848	-0.863	-0.866	-0.832	-0.832	-0.972	-0.844	-0.843	-0.854	-0.956	-0.729	-0.658	-0.679	-0.297	-0.808	-0.528	-0.482	-0.490	-0.132	-0.364	-0.033	-0.069	-0.118	-0.040	-0.139	-0.583	-0.531	-0.146	-0.123	-0.161	-0.636	-0.593	-0.162	-0.508	-0.595	-0.463	-0.565	-0.498	-0.565	-0.529	-0.457	-0.458	-0.899	-0.794	-0.777	-0.783	-0.824	-0.783	-0.810	-0.716	-0.666	-0.739	-0.665	-0.685	-0.696	-0.695	-0.877	-0.699	-0.896	-0.832	-0.883	-0.625	-0.863	-0.895	-0.838	-0.624	-0.654	-0.902	-0.941	-0.940	-0.935	-0.934	-0.975	-0.975	-0.971	-1.024	-1.024	-1.024	-1.024	-0.978	-1.024	-1.026	-1.026	-0.969	-0.544	-0.530	-0.509	-0.999	-0.597	-0.673	-0.952	-0.929	-0.812	
rs11745764     -0.265	-0.721	-0.664	-0.267	-0.724	-0.851	-0.418	-0.419	-0.419	-0.457	-0.702	-0.545	-0.557	-0.813	-0.604	-0.890	-0.690	-0.834	-0.841	-0.840	-0.758	-0.770	-0.885	-0.759	-0.751	-0.759	-0.667	-0.884	-0.776	-0.919	-0.792	-0.771	-0.729	-0.732	-0.752	-0.910	-0.738	-0.747	-0.722	-0.815	-0.852	-0.735	-0.806	-0.901	-0.923	-0.910	-0.838	-0.921	-0.906	-0.922	-0.742	-0.743	-0.751	-0.806	-0.816	-0.816	-0.798	-0.798	-0.814	-0.802	-0.803	-0.808	-0.769	-0.687	-0.632	-0.651	-0.250	-0.748	-0.473	-0.428	-0.437	-0.070	-0.314	+0.029	-0.009	-0.056	+0.022	-0.076	-0.526	-0.470	-0.083	-0.059	-0.097	-0.574	-0.530	-0.098	-0.452	-0.532	-0.408	-0.509	-0.442	-0.508	-0.470	-0.401	-0.403	-0.833	-0.728	-0.702	-0.708	-0.750	-0.708	-0.736	-0.641	-0.591	-0.680	-0.590	-0.616	-0.626	-0.625	-0.809	-0.629	-0.829	-0.763	-0.816	-0.555	-0.791	-0.827	-0.769	-0.553	-0.583	-0.834	-0.873	-0.872	-0.867	-0.866	-0.909	-0.910	-0.906	-0.958	-0.959	-0.958	-0.958	-0.912	-0.959	-0.960	-0.960	-0.904	-0.478	-0.464	-0.442	-0.936	-0.530	-0.604	-0.885	-0.866	-0.738	
rs1366628      -0.838	-0.694	-0.605	-0.838	-0.694	-0.675	-0.864	-0.865	-0.865	-0.702	-0.488	-0.871	-0.869	-0.643	-0.778	-0.521	-0.833	-0.906	-0.905	-0.905	-0.846	-0.807	-0.869	-0.808	-0.863	-0.798	-0.623	-0.873	-0.737	-0.851	-0.807	-0.731	-0.689	-0.692	-0.737	-0.910	-0.843	-0.725	-0.851	-0.790	-0.851	-0.844	-0.918	-0.920	-0.849	-0.904	-0.899	-0.887	-0.916	-0.836	-0.873	-0.872	-0.767	-0.805	-0.821	-0.825	-0.788	-0.788	-0.963	-0.801	-0.800	-0.812	-0.938	-0.726	-0.655	-0.675	-0.261	-0.770	-0.491	-0.446	-0.455	-0.098	-0.333	+0.001	-0.040	-0.084	-0.007	-0.105	-0.547	-0.501	-0.112	-0.089	-0.127	-0.602	-0.562	-0.128	-0.472	-0.565	-0.426	-0.530	-0.462	-0.528	-0.500	-0.419	-0.421	-0.856	-0.764	-0.745	-0.750	-0.791	-0.750	-0.777	-0.685	-0.636	-0.697	-0.634	-0.651	-0.661	-0.660	-0.845	-0.664	-0.864	-0.797	-0.845	-0.591	-0.828	-0.862	-0.803	-0.589	-0.619	-0.869	-0.908	-0.907	-0.901	-0.901	-0.938	-0.938	-0.934	-0.985	-0.986	-0.985	-0.985	-0.940	-0.986	-0.988	-0.988	-0.931	-0.516	-0.503	-0.482	-0.959	-0.567	-0.641	-0.911	-0.885	-0.773	
rs1366629      -0.596	-0.890	-0.838	-0.598	-0.893	-0.984	-0.701	-0.701	-0.701	-0.545	-0.871	-0.566	-0.702	-0.960	-0.664	-0.992	-0.780	-1.044	-1.047	-1.047	-0.864	-0.814	-1.053	-0.787	-0.880	-0.773	-0.532	-1.053	-0.697	-1.021	-0.783	-0.690	-0.608	-0.613	-0.722	-0.918	-0.851	-0.707	-0.856	-0.766	-0.839	-0.852	-1.029	-1.040	-1.018	-1.028	-0.943	-1.033	-1.031	-1.010	-0.891	-0.891	-0.707	-0.890	-0.905	-0.908	-0.875	-0.875	-1.006	-0.886	-0.886	-0.896	-0.984	-0.777	-0.707	-0.728	-0.343	-0.848	-0.571	-0.525	-0.533	-0.173	-0.408	-0.074	-0.111	-0.159	-0.082	-0.180	-0.625	-0.570	-0.187	-0.164	-0.202	-0.677	-0.632	-0.203	-0.550	-0.634	-0.505	-0.607	-0.540	-0.607	-0.569	-0.500	-0.501	-0.936	-0.830	-0.812	-0.818	-0.859	-0.818	-0.845	-0.751	-0.701	-0.777	-0.700	-0.721	-0.731	-0.730	-0.913	-0.735	-0.933	-0.868	-0.920	-0.661	-0.899	-0.931	-0.875	-0.659	-0.690	-0.939	-0.978	-0.977	-0.972	-0.971	-1.013	-1.014	-1.010	-1.062	-1.062	-1.062	-1.062	-1.016	-1.062	-1.064	-1.064	-1.007	-0.584	-0.570	-0.549	-1.037	-0.637	-0.711	-0.991	-0.968	-0.849	
rs56362391     -0.593	-0.889	-0.836	-0.595	-0.891	-0.983	-0.699	-0.700	-0.700	-0.557	-0.869	-0.702	-0.567	-0.959	-0.670	-0.994	-0.781	-1.045	-1.047	-1.047	-0.866	-0.816	-1.054	-0.790	-0.882	-0.776	-0.536	-1.054	-0.700	-1.022	-0.785	-0.693	-0.612	-0.616	-0.725	-0.920	-0.852	-0.710	-0.857	-0.768	-0.842	-0.853	-1.029	-1.041	-1.019	-1.029	-0.943	-1.034	-1.032	-1.011	-0.891	-0.891	-0.709	-0.891	-0.906	-0.909	-0.877	-0.876	-1.006	-0.887	-0.887	-0.897	-0.984	-0.778	-0.709	-0.730	-0.344	-0.849	-0.572	-0.526	-0.534	-0.174	-0.409	-0.075	-0.112	-0.160	-0.083	-0.181	-0.626	-0.571	-0.188	-0.165	-0.203	-0.678	-0.632	-0.204	-0.551	-0.635	-0.506	-0.608	-0.541	-0.608	-0.570	-0.501	-0.502	-0.937	-0.831	-0.813	-0.818	-0.860	-0.818	-0.846	-0.751	-0.702	-0.778	-0.700	-0.722	-0.732	-0.731	-0.914	-0.735	-0.934	-0.869	-0.921	-0.661	-0.900	-0.932	-0.875	-0.660	-0.690	-0.940	-0.978	-0.978	-0.972	-0.972	-1.014	-1.015	-1.011	-1.063	-1.063	-1.063	-1.063	-1.017	-1.063	-1.064	-1.065	-1.008	-0.585	-0.571	-0.549	-1.038	-0.637	-0.712	-0.992	-0.969	-0.850	
rs6883282      -0.909	-0.654	-0.591	-0.909	-0.660	-0.806	-0.948	-0.948	-0.948	-0.813	-0.643	-0.960	-0.959	-0.589	-0.886	-0.733	-0.944	-1.016	-1.017	-1.017	-0.961	-0.922	-0.990	-0.915	-0.976	-0.904	-0.729	-0.993	-0.835	-0.973	-0.911	-0.829	-0.776	-0.779	-0.855	-1.007	-0.950	-0.844	-0.955	-0.888	-0.948	-0.951	-1.017	-1.027	-0.971	-1.011	-0.955	-1.001	-1.020	-0.960	-0.969	-0.969	-0.829	-0.906	-0.922	-0.925	-0.891	-0.890	-1.058	-0.902	-0.901	-0.913	-1.029	-0.817	-0.748	-0.767	-0.363	-0.868	-0.591	-0.545	-0.554	-0.198	-0.432	-0.099	-0.138	-0.184	-0.107	-0.205	-0.646	-0.597	-0.212	-0.188	-0.226	-0.699	-0.658	-0.227	-0.571	-0.660	-0.526	-0.628	-0.561	-0.628	-0.596	-0.519	-0.521	-0.953	-0.856	-0.837	-0.843	-0.884	-0.843	-0.870	-0.777	-0.728	-0.795	-0.726	-0.745	-0.755	-0.754	-0.938	-0.758	-0.957	-0.891	-0.941	-0.684	-0.923	-0.955	-0.897	-0.683	-0.713	-0.963	-1.001	-1.001	-0.995	-0.995	-1.034	-1.035	-1.030	-1.082	-1.082	-1.082	-1.082	-1.037	-1.083	-1.084	-1.084	-1.028	-0.612	-0.598	-0.577	-1.056	-0.663	-0.736	-1.009	-0.984	-0.868	
rs60732225     -0.425	-0.799	-0.742	-0.427	-0.802	-0.921	-0.561	-0.562	-0.562	-0.604	-0.778	-0.664	-0.670	-0.886	-0.516	-0.952	-0.775	-0.910	-0.916	-0.915	-0.813	-0.837	-0.954	-0.794	-0.809	-0.790	-0.642	-0.953	-0.793	-0.976	-0.854	-0.787	-0.735	-0.738	-0.772	-0.963	-0.812	-0.763	-0.800	-0.840	-0.885	-0.810	-0.882	-0.964	-0.978	-0.970	-0.895	-0.979	-0.967	-0.976	-0.817	-0.817	-0.782	-0.860	-0.870	-0.871	-0.850	-0.850	-0.887	-0.856	-0.857	-0.863	-0.845	-0.746	-0.688	-0.708	-0.306	-0.804	-0.529	-0.484	-0.493	-0.128	-0.370	-0.029	-0.067	-0.114	-0.036	-0.135	-0.583	-0.526	-0.142	-0.118	-0.155	-0.631	-0.586	-0.156	-0.509	-0.588	-0.464	-0.565	-0.498	-0.565	-0.525	-0.458	-0.460	-0.889	-0.784	-0.760	-0.765	-0.807	-0.765	-0.793	-0.698	-0.649	-0.736	-0.647	-0.673	-0.683	-0.682	-0.866	-0.686	-0.885	-0.820	-0.873	-0.612	-0.848	-0.884	-0.826	-0.610	-0.641	-0.891	-0.929	-0.929	-0.923	-0.923	-0.966	-0.967	-0.963	-1.015	-1.015	-1.015	-1.015	-0.969	-1.015	-1.016	-1.017	-0.960	-0.535	-0.521	-0.499	-0.991	-0.588	-0.661	-0.942	-0.923	-0.797	
rs10072891     -0.866	-0.565	-0.454	-0.867	-0.571	-0.832	-0.938	-0.939	-0.939	-0.890	-0.521	-0.992	-0.994	-0.733	-0.952	-0.634	-1.008	-0.865	-0.877	-0.875	-1.007	-1.006	-0.941	-0.972	-1.018	-0.964	-0.805	-0.941	-0.892	-1.034	-1.014	-0.885	-0.838	-0.841	-0.919	-1.077	-1.008	-0.909	-1.004	-0.943	-1.000	-1.007	-0.840	-1.027	-1.041	-1.044	-0.929	-1.045	-1.042	-1.038	-1.005	-1.005	-0.813	-0.964	-0.977	-0.978	-0.952	-0.952	-1.088	-0.960	-0.960	-0.968	-1.038	-0.841	-0.781	-0.801	-0.416	-0.916	-0.640	-0.595	-0.603	-0.242	-0.478	-0.143	-0.179	-0.228	-0.151	-0.248	-0.693	-0.634	-0.256	-0.232	-0.269	-0.742	-0.695	-0.270	-0.619	-0.697	-0.575	-0.676	-0.609	-0.676	-0.633	-0.570	-0.571	-1.003	-0.892	-0.873	-0.878	-0.920	-0.878	-0.906	-0.811	-0.761	-0.846	-0.760	-0.785	-0.795	-0.794	-0.976	-0.798	-0.996	-0.932	-0.985	-0.724	-0.962	-0.994	-0.938	-0.723	-0.753	-1.002	-1.040	-1.040	-1.034	-1.034	-1.078	-1.079	-1.075	-1.127	-1.127	-1.127	-1.127	-1.081	-1.127	-1.128	-1.128	-1.073	-0.646	-0.632	-0.610	-1.103	-0.700	-0.774	-1.056	-1.036	-0.913	
rs72737009     -0.517	-0.868	-0.798	-0.519	-0.871	-0.971	-0.642	-0.643	-0.643	-0.690	-0.833	-0.780	-0.781	-0.944	-0.775	-1.008	-0.561	-1.033	-1.037	-1.036	-0.887	-0.793	-1.051	-0.842	-0.901	-0.830	-0.626	-1.051	-0.726	-1.022	-0.813	-0.719	-0.667	-0.671	-0.760	-0.934	-0.823	-0.747	-0.824	-0.791	-0.861	-0.824	-1.017	-1.036	-1.019	-1.026	-0.924	-1.032	-1.028	-1.013	-0.860	-0.860	-0.730	-0.889	-0.904	-0.907	-0.876	-0.876	-1.001	-0.886	-0.886	-0.896	-0.974	-0.786	-0.720	-0.740	-0.342	-0.846	-0.569	-0.523	-0.532	-0.169	-0.407	-0.069	-0.106	-0.154	-0.077	-0.175	-0.623	-0.565	-0.183	-0.159	-0.197	-0.674	-0.626	-0.198	-0.548	-0.629	-0.503	-0.605	-0.538	-0.605	-0.564	-0.498	-0.499	-0.931	-0.824	-0.805	-0.811	-0.852	-0.811	-0.838	-0.743	-0.694	-0.772	-0.692	-0.715	-0.725	-0.724	-0.908	-0.728	-0.928	-0.863	-0.915	-0.654	-0.894	-0.926	-0.869	-0.652	-0.683	-0.933	-0.972	-0.972	-0.966	-0.966	-1.009	-1.010	-1.006	-1.058	-1.058	-1.058	-1.058	-1.012	-1.058	-1.059	-1.060	-1.004	-0.580	-0.566	-0.544	-1.033	-0.632	-0.707	-0.987	-0.965	-0.845	
rs38088        -0.958	-0.946	-0.872	-0.959	-0.948	-1.046	-1.009	-1.009	-1.009	-0.834	-0.906	-1.044	-1.045	-1.016	-0.910	-0.865	-1.033	-0.639	-0.776	-0.778	-0.926	-1.002	-0.778	-0.885	-0.945	-0.872	-0.652	-0.790	-0.831	-0.930	-1.004	-0.823	-0.778	-0.782	-0.783	-1.079	-1.015	-0.768	-1.017	-0.888	-0.957	-1.015	-0.836	-1.009	-0.935	-1.002	-0.988	-0.977	-1.013	-0.923	-1.016	-1.016	-0.853	-0.950	-0.966	-0.969	-0.934	-0.934	-1.096	-0.946	-0.945	-0.957	-1.063	-0.875	-0.810	-0.830	-0.421	-0.921	-0.646	-0.601	-0.609	-0.254	-0.487	-0.156	-0.193	-0.240	-0.164	-0.261	-0.700	-0.646	-0.268	-0.245	-0.282	-0.751	-0.706	-0.283	-0.625	-0.709	-0.581	-0.682	-0.616	-0.682	-0.645	-0.575	-0.577	-1.002	-0.899	-0.881	-0.886	-0.928	-0.886	-0.914	-0.820	-0.771	-0.843	-0.769	-0.790	-0.800	-0.799	-0.984	-0.803	-1.004	-0.937	-0.990	-0.729	-0.970	-1.001	-0.943	-0.727	-0.758	-1.009	-1.048	-1.047	-1.042	-1.041	-1.083	-1.084	-1.080	-1.131	-1.131	-1.131	-1.131	-1.086	-1.131	-1.133	-1.133	-1.077	-0.660	-0.646	-0.625	-1.106	-0.712	-0.785	-1.059	-1.035	-0.917	
rs40235        -0.960	-0.945	-0.871	-0.961	-0.948	-1.048	-1.011	-1.011	-1.012	-0.841	-0.905	-1.047	-1.047	-1.017	-0.916	-0.877	-1.037	-0.776	-0.643	-0.779	-0.933	-1.006	-0.792	-0.892	-0.951	-0.879	-0.661	-0.802	-0.836	-0.937	-1.008	-0.828	-0.784	-0.787	-0.791	-1.082	-1.019	-0.776	-1.020	-0.894	-0.962	-1.018	-0.831	-1.013	-0.942	-1.006	-0.989	-0.982	-1.017	-0.931	-1.019	-1.019	-0.854	-0.954	-0.969	-0.973	-0.938	-0.938	-1.099	-0.950	-0.949	-0.960	-1.065	-0.878	-0.813	-0.832	-0.424	-0.924	-0.649	-0.604	-0.612	-0.257	-0.489	-0.158	-0.196	-0.243	-0.166	-0.263	-0.702	-0.649	-0.270	-0.247	-0.284	-0.754	-0.709	-0.285	-0.628	-0.711	-0.584	-0.685	-0.619	-0.685	-0.648	-0.578	-0.580	-1.005	-0.902	-0.884	-0.889	-0.931	-0.889	-0.917	-0.822	-0.774	-0.846	-0.772	-0.793	-0.803	-0.802	-0.987	-0.806	-1.006	-0.940	-0.993	-0.732	-0.972	-1.004	-0.946	-0.730	-0.761	-1.012	-1.051	-1.050	-1.045	-1.044	-1.086	-1.087	-1.083	-1.134	-1.134	-1.134	-1.134	-1.089	-1.134	-1.136	-1.136	-1.080	-0.663	-0.649	-0.628	-1.109	-0.714	-0.787	-1.062	-1.038	-0.920	
rs38087        -0.960	-0.946	-0.872	-0.960	-0.949	-1.048	-1.011	-1.011	-1.011	-0.840	-0.905	-1.047	-1.047	-1.017	-0.915	-0.875	-1.036	-0.778	-0.779	-0.642	-0.932	-1.005	-0.789	-0.891	-0.951	-0.878	-0.660	-0.800	-0.835	-0.935	-1.008	-0.828	-0.783	-0.787	-0.790	-1.081	-1.018	-0.775	-1.019	-0.893	-0.961	-1.018	-0.832	-1.012	-0.941	-1.005	-0.989	-0.981	-1.016	-0.929	-1.019	-1.018	-0.854	-0.953	-0.969	-0.972	-0.937	-0.937	-1.098	-0.949	-0.948	-0.960	-1.065	-0.877	-0.812	-0.832	-0.424	-0.924	-0.648	-0.603	-0.612	-0.256	-0.489	-0.158	-0.195	-0.242	-0.166	-0.263	-0.702	-0.648	-0.270	-0.247	-0.284	-0.754	-0.708	-0.285	-0.628	-0.711	-0.583	-0.684	-0.618	-0.684	-0.647	-0.577	-0.579	-1.005	-0.902	-0.883	-0.889	-0.930	-0.889	-0.916	-0.822	-0.773	-0.846	-0.772	-0.792	-0.803	-0.802	-0.987	-0.806	-1.006	-0.939	-0.992	-0.731	-0.972	-1.004	-0.945	-0.730	-0.760	-1.012	-1.050	-1.050	-1.044	-1.044	-1.085	-1.086	-1.082	-1.133	-1.134	-1.133	-1.133	-1.089	-1.134	-1.135	-1.136	-1.080	-0.663	-0.649	-0.628	-1.109	-0.714	-0.787	-1.062	-1.038	-0.920	
rs185293       -0.668	-0.880	-0.811	-0.669	-0.883	-0.990	-0.774	-0.775	-0.775	-0.758	-0.846	-0.864	-0.866	-0.961	-0.813	-1.007	-0.887	-0.926	-0.933	-0.932	-0.559	-0.873	-0.985	-0.719	-0.710	-0.704	-0.392	-0.984	-0.740	-1.005	-0.900	-0.732	-0.684	-0.688	-0.593	-0.998	-0.853	-0.564	-0.842	-0.802	-0.865	-0.851	-0.891	-0.993	-1.008	-1.001	-0.931	-1.011	-0.998	-1.006	-0.858	-0.859	-0.794	-0.897	-0.909	-0.910	-0.886	-0.886	-0.934	-0.893	-0.894	-0.901	-0.889	-0.792	-0.732	-0.751	-0.344	-0.844	-0.568	-0.523	-0.532	-0.168	-0.409	-0.069	-0.107	-0.154	-0.077	-0.175	-0.622	-0.564	-0.182	-0.158	-0.196	-0.671	-0.625	-0.197	-0.547	-0.627	-0.503	-0.604	-0.537	-0.604	-0.564	-0.497	-0.499	-0.930	-0.823	-0.803	-0.808	-0.850	-0.808	-0.836	-0.741	-0.691	-0.774	-0.690	-0.714	-0.724	-0.723	-0.905	-0.727	-0.925	-0.861	-0.913	-0.653	-0.889	-0.923	-0.867	-0.652	-0.682	-0.930	-0.969	-0.969	-0.963	-0.963	-1.006	-1.007	-1.003	-1.055	-1.056	-1.055	-1.055	-1.010	-1.056	-1.057	-1.057	-1.001	-0.575	-0.561	-0.539	-1.031	-0.628	-0.702	-0.984	-0.964	-0.841	
rs38086        -0.622	-0.844	-0.772	-0.623	-0.847	-0.953	-0.716	-0.717	-0.717	-0.770	-0.807	-0.814	-0.816	-0.922	-0.837	-1.006	-0.793	-1.002	-1.006	-1.005	-0.873	-0.547	-1.026	-0.831	-0.886	-0.820	-0.606	-1.026	-0.714	-1.003	-0.758	-0.707	-0.655	-0.659	-0.744	-0.913	-0.723	-0.730	-0.711	-0.780	-0.849	-0.723	-0.985	-1.015	-1.002	-1.006	-0.879	-1.013	-1.008	-0.995	-0.782	-0.783	-0.740	-0.879	-0.893	-0.895	-0.866	-0.866	-0.972	-0.875	-0.876	-0.885	-0.940	-0.776	-0.710	-0.730	-0.331	-0.833	-0.557	-0.512	-0.520	-0.156	-0.396	-0.057	-0.095	-0.142	-0.065	-0.163	-0.610	-0.551	-0.171	-0.147	-0.185	-0.661	-0.612	-0.185	-0.536	-0.614	-0.491	-0.592	-0.526	-0.593	-0.550	-0.486	-0.488	-0.918	-0.809	-0.790	-0.796	-0.838	-0.796	-0.824	-0.728	-0.679	-0.759	-0.677	-0.700	-0.710	-0.709	-0.893	-0.714	-0.913	-0.848	-0.901	-0.639	-0.879	-0.911	-0.854	-0.638	-0.668	-0.919	-0.958	-0.957	-0.952	-0.951	-0.995	-0.996	-0.992	-1.044	-1.044	-1.044	-1.044	-0.999	-1.045	-1.046	-1.046	-0.990	-0.566	-0.552	-0.530	-1.019	-0.618	-0.692	-0.974	-0.953	-0.832	
rs38085        -0.960	-0.901	-0.831	-0.960	-0.905	-1.031	-1.015	-1.016	-1.016	-0.885	-0.869	-1.053	-1.054	-0.990	-0.954	-0.941	-1.051	-0.778	-0.792	-0.789	-0.985	-1.026	-0.657	-0.933	-1.000	-0.921	-0.718	-0.802	-0.878	-0.978	-1.025	-0.870	-0.816	-0.820	-0.865	-1.096	-1.034	-0.852	-1.034	-0.933	-0.996	-1.034	-0.785	-1.021	-0.984	-1.027	-0.964	-1.011	-1.032	-0.976	-1.029	-1.029	-0.852	-0.974	-0.989	-0.991	-0.960	-0.960	-1.108	-0.970	-0.970	-0.980	-1.067	-0.883	-0.821	-0.840	-0.437	-0.938	-0.662	-0.617	-0.625	-0.265	-0.501	-0.166	-0.203	-0.251	-0.174	-0.272	-0.715	-0.658	-0.279	-0.255	-0.293	-0.766	-0.718	-0.294	-0.641	-0.721	-0.597	-0.698	-0.631	-0.698	-0.657	-0.591	-0.593	-1.021	-0.915	-0.896	-0.902	-0.943	-0.902	-0.930	-0.835	-0.786	-0.863	-0.784	-0.806	-0.816	-0.815	-0.999	-0.820	-1.018	-0.954	-1.006	-0.745	-0.985	-1.017	-0.960	-0.744	-0.774	-1.024	-1.063	-1.063	-1.057	-1.057	-1.100	-1.101	-1.097	-1.148	-1.148	-1.148	-1.148	-1.103	-1.148	-1.150	-1.150	-1.094	-0.673	-0.659	-0.638	-1.124	-0.726	-0.799	-1.077	-1.055	-0.935	
rs38084        -0.599	-0.829	-0.773	-0.601	-0.832	-0.945	-0.714	-0.714	-0.714	-0.759	-0.808	-0.787	-0.790	-0.915	-0.794	-0.972	-0.842	-0.885	-0.892	-0.891	-0.719	-0.831	-0.933	-0.522	-0.699	-0.644	-0.324	-0.931	-0.764	-0.969	-0.845	-0.758	-0.692	-0.696	-0.695	-0.963	-0.804	-0.683	-0.790	-0.815	-0.865	-0.801	-0.848	-0.948	-0.973	-0.961	-0.892	-0.972	-0.957	-0.972	-0.809	-0.810	-0.782	-0.864	-0.875	-0.876	-0.855	-0.855	-0.867	-0.860	-0.862	-0.868	-0.819	-0.761	-0.702	-0.721	-0.308	-0.808	-0.532	-0.487	-0.496	-0.133	-0.372	-0.034	-0.072	-0.119	-0.041	-0.139	-0.586	-0.528	-0.147	-0.123	-0.160	-0.635	-0.589	-0.161	-0.512	-0.591	-0.467	-0.569	-0.502	-0.568	-0.528	-0.461	-0.463	-0.896	-0.789	-0.768	-0.773	-0.815	-0.773	-0.801	-0.706	-0.656	-0.741	-0.655	-0.680	-0.690	-0.689	-0.870	-0.693	-0.890	-0.826	-0.879	-0.619	-0.854	-0.889	-0.832	-0.618	-0.648	-0.896	-0.935	-0.934	-0.928	-0.928	-0.971	-0.972	-0.968	-1.020	-1.021	-1.020	-1.020	-0.974	-1.021	-1.022	-1.022	-0.965	-0.537	-0.523	-0.502	-0.996	-0.591	-0.665	-0.949	-0.930	-0.806	
rs40234        -0.691	-0.895	-0.828	-0.692	-0.898	-1.003	-0.794	-0.794	-0.794	-0.751	-0.863	-0.880	-0.882	-0.976	-0.809	-1.018	-0.901	-0.945	-0.951	-0.951	-0.710	-0.886	-1.000	-0.699	-0.570	-0.679	-0.301	-0.999	-0.730	-1.016	-0.911	-0.721	-0.671	-0.675	-0.523	-1.007	-0.868	-0.481	-0.857	-0.795	-0.863	-0.866	-0.911	-1.007	-1.018	-1.013	-0.943	-1.022	-1.011	-1.015	-0.874	-0.874	-0.797	-0.906	-0.918	-0.920	-0.896	-0.895	-0.948	-0.903	-0.903	-0.911	-0.905	-0.803	-0.743	-0.762	-0.355	-0.854	-0.579	-0.534	-0.543	-0.181	-0.420	-0.082	-0.120	-0.167	-0.089	-0.188	-0.632	-0.576	-0.195	-0.171	-0.208	-0.682	-0.636	-0.209	-0.558	-0.638	-0.514	-0.615	-0.548	-0.615	-0.575	-0.508	-0.510	-0.941	-0.834	-0.813	-0.819	-0.861	-0.819	-0.847	-0.752	-0.702	-0.784	-0.700	-0.725	-0.735	-0.734	-0.916	-0.738	-0.935	-0.871	-0.924	-0.664	-0.901	-0.934	-0.878	-0.662	-0.693	-0.941	-0.980	-0.980	-0.974	-0.974	-1.017	-1.018	-1.014	-1.066	-1.066	-1.066	-1.066	-1.020	-1.066	-1.068	-1.068	-1.012	-0.586	-0.572	-0.550	-1.042	-0.639	-0.713	-0.995	-0.974	-0.851	
rs38083        -0.582	-0.818	-0.762	-0.584	-0.821	-0.935	-0.699	-0.699	-0.699	-0.759	-0.798	-0.773	-0.776	-0.904	-0.790	-0.964	-0.830	-0.872	-0.879	-0.878	-0.704	-0.820	-0.921	-0.644	-0.679	-0.513	-0.369	-0.920	-0.764	-0.960	-0.834	-0.757	-0.695	-0.698	-0.696	-0.955	-0.791	-0.685	-0.776	-0.813	-0.861	-0.788	-0.834	-0.937	-0.964	-0.952	-0.883	-0.962	-0.947	-0.964	-0.796	-0.797	-0.777	-0.856	-0.867	-0.868	-0.847	-0.847	-0.854	-0.852	-0.854	-0.860	-0.806	-0.752	-0.694	-0.713	-0.300	-0.800	-0.524	-0.479	-0.488	-0.124	-0.364	-0.025	-0.063	-0.110	-0.033	-0.131	-0.578	-0.520	-0.138	-0.114	-0.152	-0.627	-0.580	-0.152	-0.503	-0.583	-0.459	-0.560	-0.493	-0.560	-0.519	-0.452	-0.454	-0.887	-0.781	-0.759	-0.765	-0.806	-0.765	-0.793	-0.698	-0.647	-0.733	-0.646	-0.672	-0.682	-0.681	-0.862	-0.684	-0.881	-0.818	-0.870	-0.611	-0.846	-0.880	-0.824	-0.609	-0.640	-0.887	-0.926	-0.926	-0.920	-0.919	-0.962	-0.963	-0.959	-1.012	-1.012	-1.012	-1.012	-0.966	-1.012	-1.013	-1.014	-0.957	-0.528	-0.514	-0.492	-0.988	-0.582	-0.656	-0.941	-0.921	-0.798	
rs38082        -0.322	-0.642	-0.586	-0.323	-0.646	-0.767	-0.441	-0.442	-0.442	-0.667	-0.623	-0.532	-0.536	-0.729	-0.642	-0.805	-0.626	-0.652	-0.661	-0.660	-0.392	-0.606	-0.718	-0.324	-0.301	-0.369	-0.361	-0.716	-0.702	-0.804	-0.629	-0.698	-0.660	-0.663	-0.535	-0.810	-0.548	-0.544	-0.524	-0.729	-0.749	-0.544	-0.625	-0.770	-0.814	-0.790	-0.728	-0.802	-0.781	-0.817	-0.570	-0.572	-0.686	-0.717	-0.726	-0.726	-0.710	-0.710	-0.637	-0.713	-0.715	-0.719	-0.586	-0.613	-0.560	-0.579	-0.154	-0.654	-0.378	-0.333	-0.342	+0.027	-0.219	+0.127	+0.088	+0.041	+0.119	+0.021	-0.432	-0.371	+0.014	+0.038	+0.000	-0.480	-0.432	-0.001	-0.358	-0.434	-0.313	-0.415	-0.347	-0.414	-0.371	-0.306	-0.308	-0.743	-0.636	-0.613	-0.619	-0.660	-0.618	-0.647	-0.551	-0.500	-0.591	-0.499	-0.526	-0.536	-0.536	-0.716	-0.539	-0.736	-0.673	-0.725	-0.466	-0.699	-0.735	-0.678	-0.464	-0.494	-0.741	-0.781	-0.780	-0.774	-0.774	-0.817	-0.818	-0.814	-0.867	-0.868	-0.867	-0.867	-0.821	-0.868	-0.869	-0.869	-0.812	-0.377	-0.363	-0.341	-0.844	-0.431	-0.507	-0.796	-0.777	-0.652	
rs38081        -0.960	-0.905	-0.836	-0.961	-0.908	-1.034	-1.016	-1.016	-1.016	-0.884	-0.873	-1.053	-1.054	-0.993	-0.953	-0.941	-1.051	-0.790	-0.802	-0.800	-0.984	-1.026	-0.802	-0.931	-0.999	-0.920	-0.716	-0.657	-0.877	-0.977	-1.024	-0.870	-0.815	-0.819	-0.863	-1.096	-1.035	-0.850	-1.034	-0.932	-0.996	-1.034	-0.789	-1.021	-0.983	-1.026	-0.965	-1.010	-1.032	-0.975	-1.030	-1.029	-0.852	-0.974	-0.989	-0.991	-0.960	-0.960	-1.108	-0.970	-0.970	-0.980	-1.067	-0.884	-0.821	-0.840	-0.437	-0.938	-0.662	-0.617	-0.625	-0.265	-0.501	-0.166	-0.203	-0.251	-0.174	-0.272	-0.716	-0.658	-0.279	-0.255	-0.293	-0.766	-0.719	-0.294	-0.641	-0.721	-0.597	-0.698	-0.631	-0.698	-0.657	-0.591	-0.593	-1.021	-0.915	-0.896	-0.902	-0.944	-0.902	-0.930	-0.835	-0.786	-0.862	-0.784	-0.806	-0.816	-0.815	-0.999	-0.820	-1.019	-0.954	-1.006	-0.745	-0.985	-1.017	-0.960	-0.744	-0.774	-1.024	-1.063	-1.063	-1.057	-1.057	-1.100	-1.101	-1.097	-1.148	-1.148	-1.148	-1.148	-1.103	-1.148	-1.150	-1.150	-1.094	-0.673	-0.659	-0.638	-1.124	-0.726	-0.799	-1.077	-1.055	-0.935	
rs43224        -0.497	-0.768	-0.706	-0.498	-0.771	-0.850	-0.595	-0.596	-0.596	-0.776	-0.737	-0.697	-0.700	-0.835	-0.793	-0.892	-0.726	-0.831	-0.836	-0.835	-0.740	-0.714	-0.878	-0.764	-0.730	-0.764	-0.702	-0.877	-0.397	-0.802	-0.757	-0.522	-0.547	-0.550	-0.742	-0.732	-0.682	-0.739	-0.666	-0.555	-0.479	-0.679	-0.807	-0.754	-0.820	-0.793	-0.687	-0.801	-0.781	-0.826	-0.686	-0.687	-0.666	-0.674	-0.697	-0.701	-0.653	-0.653	-0.776	-0.672	-0.669	-0.686	-0.730	-0.635	-0.575	-0.595	-0.200	-0.692	-0.421	-0.376	-0.385	-0.010	-0.269	+0.088	+0.048	+0.003	+0.081	-0.017	-0.473	-0.414	-0.024	-0.000	-0.038	-0.519	-0.474	-0.039	-0.400	-0.476	-0.355	-0.456	-0.389	-0.456	-0.414	-0.350	-0.352	-0.774	-0.665	-0.645	-0.650	-0.692	-0.650	-0.679	-0.583	-0.533	-0.622	-0.532	-0.555	-0.565	-0.565	-0.751	-0.569	-0.771	-0.703	-0.756	-0.494	-0.734	-0.769	-0.708	-0.493	-0.523	-0.777	-0.816	-0.815	-0.809	-0.809	-0.851	-0.851	-0.847	-0.901	-0.901	-0.901	-0.901	-0.854	-0.901	-0.902	-0.902	-0.845	-0.419	-0.405	-0.384	-0.878	-0.472	-0.545	-0.829	-0.808	-0.676	
rs39736        -0.921	-0.883	-0.815	-0.921	-0.887	-0.999	-0.980	-0.980	-0.980	-0.919	-0.851	-1.021	-1.022	-0.973	-0.976	-1.034	-1.022	-0.930	-0.937	-0.935	-1.005	-1.003	-0.978	-0.969	-1.016	-0.960	-0.804	-0.977	-0.802	-0.622	-1.008	-0.795	-0.733	-0.737	-0.916	-1.041	-1.008	-0.905	-1.006	-0.865	-0.934	-1.007	-0.895	-0.774	-0.842	-0.904	-0.707	-0.854	-0.898	-0.846	-0.998	-0.998	-0.703	-0.936	-0.952	-0.954	-0.922	-0.921	-1.078	-0.933	-0.933	-0.943	-1.033	-0.836	-0.775	-0.796	-0.404	-0.904	-0.629	-0.584	-0.592	-0.222	-0.467	-0.122	-0.159	-0.208	-0.130	-0.229	-0.682	-0.618	-0.236	-0.212	-0.250	-0.731	-0.680	-0.251	-0.608	-0.683	-0.563	-0.664	-0.598	-0.664	-0.618	-0.558	-0.559	-0.990	-0.879	-0.861	-0.866	-0.908	-0.866	-0.894	-0.799	-0.749	-0.833	-0.748	-0.771	-0.781	-0.780	-0.964	-0.785	-0.983	-0.920	-0.972	-0.710	-0.950	-0.982	-0.926	-0.709	-0.740	-0.989	-1.028	-1.028	-1.022	-1.022	-1.066	-1.067	-1.063	-1.115	-1.115	-1.115	-1.115	-1.069	-1.115	-1.116	-1.116	-1.060	-0.635	-0.621	-0.600	-1.091	-0.689	-0.763	-1.045	-1.025	-0.903	
rs38080        -0.621	-0.829	-0.771	-0.622	-0.832	-0.945	-0.718	-0.719	-0.719	-0.792	-0.807	-0.783	-0.785	-0.911	-0.854	-1.014	-0.813	-1.004	-1.008	-1.008	-0.900	-0.758	-1.025	-0.845	-0.911	-0.834	-0.629	-1.024	-0.757	-1.008	-0.552	-0.750	-0.679	-0.683	-0.790	-0.914	-0.697	-0.778	-0.674	-0.817	-0.880	-0.695	-0.986	-1.015	-1.008	-1.009	-0.867	-1.017	-1.010	-1.002	-0.784	-0.785	-0.758	-0.885	-0.899	-0.901	-0.873	-0.873	-0.960	-0.882	-0.882	-0.891	-0.925	-0.790	-0.727	-0.746	-0.338	-0.839	-0.562	-0.517	-0.526	-0.163	-0.402	-0.064	-0.101	-0.149	-0.072	-0.170	-0.616	-0.555	-0.177	-0.153	-0.191	-0.666	-0.616	-0.191	-0.541	-0.618	-0.497	-0.598	-0.531	-0.598	-0.554	-0.491	-0.493	-0.922	-0.813	-0.794	-0.800	-0.842	-0.800	-0.827	-0.732	-0.682	-0.764	-0.681	-0.705	-0.715	-0.714	-0.897	-0.718	-0.917	-0.853	-0.906	-0.644	-0.883	-0.915	-0.859	-0.642	-0.673	-0.923	-0.962	-0.961	-0.956	-0.955	-1.000	-1.001	-0.997	-1.049	-1.049	-1.049	-1.049	-1.003	-1.049	-1.050	-1.051	-0.994	-0.569	-0.555	-0.533	-1.024	-0.622	-0.696	-0.979	-0.958	-0.838	
rs38079        -0.488	-0.762	-0.700	-0.489	-0.765	-0.843	-0.587	-0.587	-0.587	-0.771	-0.731	-0.690	-0.693	-0.829	-0.787	-0.885	-0.719	-0.823	-0.828	-0.828	-0.732	-0.707	-0.870	-0.758	-0.721	-0.757	-0.698	-0.870	-0.522	-0.795	-0.750	-0.390	-0.545	-0.548	-0.736	-0.723	-0.674	-0.733	-0.657	-0.539	-0.446	-0.671	-0.799	-0.745	-0.812	-0.785	-0.679	-0.793	-0.772	-0.819	-0.678	-0.679	-0.660	-0.666	-0.689	-0.693	-0.645	-0.645	-0.767	-0.664	-0.661	-0.678	-0.721	-0.628	-0.567	-0.587	-0.193	-0.685	-0.414	-0.369	-0.379	-0.003	-0.262	+0.095	+0.055	+0.010	+0.088	-0.010	-0.466	-0.407	-0.017	+0.007	-0.031	-0.513	-0.467	-0.032	-0.393	-0.469	-0.349	-0.449	-0.383	-0.449	-0.407	-0.343	-0.345	-0.767	-0.658	-0.638	-0.644	-0.686	-0.644	-0.672	-0.576	-0.526	-0.615	-0.525	-0.548	-0.559	-0.558	-0.744	-0.562	-0.764	-0.696	-0.750	-0.487	-0.727	-0.763	-0.702	-0.486	-0.517	-0.770	-0.809	-0.809	-0.803	-0.802	-0.844	-0.845	-0.841	-0.894	-0.894	-0.894	-0.894	-0.847	-0.894	-0.895	-0.896	-0.838	-0.412	-0.398	-0.376	-0.872	-0.465	-0.538	-0.822	-0.801	-0.670	
rs38078        -0.429	-0.707	-0.658	-0.430	-0.710	-0.790	-0.530	-0.530	-0.530	-0.729	-0.689	-0.608	-0.612	-0.776	-0.735	-0.838	-0.667	-0.778	-0.784	-0.783	-0.684	-0.655	-0.816	-0.692	-0.671	-0.695	-0.660	-0.815	-0.547	-0.733	-0.679	-0.545	-0.341	-0.461	-0.699	-0.628	-0.618	-0.697	-0.601	-0.524	-0.443	-0.615	-0.755	-0.675	-0.753	-0.723	-0.613	-0.729	-0.708	-0.762	-0.625	-0.626	-0.624	-0.616	-0.641	-0.644	-0.595	-0.595	-0.695	-0.614	-0.611	-0.629	-0.650	-0.585	-0.526	-0.545	-0.147	-0.639	-0.369	-0.324	-0.333	+0.044	-0.216	+0.142	+0.102	+0.058	+0.135	+0.037	-0.421	-0.359	+0.030	+0.054	+0.016	-0.467	-0.420	+0.015	-0.348	-0.422	-0.304	-0.404	-0.337	-0.404	-0.360	-0.297	-0.299	-0.721	-0.612	-0.592	-0.597	-0.639	-0.597	-0.626	-0.530	-0.480	-0.572	-0.478	-0.503	-0.513	-0.513	-0.699	-0.516	-0.718	-0.651	-0.704	-0.442	-0.681	-0.717	-0.656	-0.441	-0.472	-0.725	-0.764	-0.763	-0.757	-0.756	-0.797	-0.798	-0.793	-0.847	-0.848	-0.847	-0.847	-0.800	-0.848	-0.849	-0.849	-0.791	-0.363	-0.349	-0.328	-0.826	-0.417	-0.490	-0.775	-0.756	-0.624	
rs38077        -0.434	-0.711	-0.662	-0.435	-0.713	-0.794	-0.534	-0.535	-0.535	-0.732	-0.692	-0.613	-0.616	-0.779	-0.738	-0.841	-0.671	-0.782	-0.787	-0.787	-0.688	-0.659	-0.820	-0.696	-0.675	-0.698	-0.663	-0.819	-0.550	-0.737	-0.683	-0.548	-0.461	-0.345	-0.702	-0.633	-0.623	-0.700	-0.606	-0.530	-0.452	-0.620	-0.759	-0.679	-0.757	-0.727	-0.617	-0.733	-0.712	-0.766	-0.630	-0.630	-0.627	-0.620	-0.644	-0.648	-0.599	-0.599	-0.699	-0.618	-0.615	-0.633	-0.654	-0.588	-0.529	-0.548	-0.151	-0.643	-0.372	-0.327	-0.337	+0.040	-0.219	+0.139	+0.098	+0.054	+0.131	+0.033	-0.424	-0.363	+0.026	+0.050	+0.013	-0.470	-0.423	+0.012	-0.352	-0.426	-0.307	-0.408	-0.341	-0.407	-0.363	-0.301	-0.303	-0.724	-0.615	-0.595	-0.601	-0.643	-0.601	-0.629	-0.534	-0.483	-0.575	-0.482	-0.507	-0.517	-0.516	-0.702	-0.519	-0.722	-0.654	-0.708	-0.446	-0.684	-0.721	-0.659	-0.444	-0.475	-0.728	-0.767	-0.766	-0.760	-0.760	-0.801	-0.801	-0.797	-0.851	-0.851	-0.851	-0.851	-0.804	-0.851	-0.852	-0.852	-0.794	-0.367	-0.353	-0.331	-0.829	-0.420	-0.493	-0.779	-0.759	-0.628	
rs38076        -0.496	-0.774	-0.700	-0.498	-0.777	-0.888	-0.604	-0.605	-0.605	-0.752	-0.737	-0.722	-0.725	-0.855	-0.772	-0.919	-0.760	-0.783	-0.791	-0.790	-0.593	-0.744	-0.865	-0.695	-0.523	-0.696	-0.535	-0.863	-0.742	-0.916	-0.790	-0.736	-0.699	-0.702	-0.468	-0.916	-0.700	-0.589	-0.680	-0.785	-0.825	-0.696	-0.756	-0.894	-0.922	-0.905	-0.840	-0.917	-0.899	-0.922	-0.713	-0.714	-0.753	-0.815	-0.826	-0.826	-0.807	-0.807	-0.804	-0.811	-0.813	-0.818	-0.752	-0.709	-0.653	-0.672	-0.258	-0.757	-0.482	-0.437	-0.446	-0.080	-0.324	+0.020	-0.019	-0.066	+0.012	-0.087	-0.535	-0.477	-0.094	-0.070	-0.107	-0.583	-0.537	-0.108	-0.461	-0.539	-0.416	-0.518	-0.450	-0.517	-0.476	-0.410	-0.412	-0.844	-0.737	-0.715	-0.720	-0.762	-0.720	-0.748	-0.653	-0.603	-0.689	-0.601	-0.627	-0.637	-0.636	-0.818	-0.640	-0.837	-0.773	-0.826	-0.566	-0.801	-0.836	-0.780	-0.564	-0.595	-0.843	-0.882	-0.882	-0.876	-0.875	-0.919	-0.920	-0.916	-0.968	-0.969	-0.968	-0.968	-0.923	-0.969	-0.970	-0.970	-0.914	-0.483	-0.469	-0.447	-0.945	-0.537	-0.611	-0.897	-0.877	-0.753	
rs553169       -0.781	-0.933	-0.878	-0.782	-0.936	-1.024	-0.861	-0.861	-0.861	-0.910	-0.910	-0.918	-0.920	-1.007	-0.963	-1.077	-0.934	-1.079	-1.082	-1.081	-0.998	-0.913	-1.096	-0.963	-1.007	-0.955	-0.810	-1.096	-0.732	-1.041	-0.914	-0.723	-0.628	-0.633	-0.916	-0.598	-0.898	-0.907	-0.889	-0.803	-0.873	-0.896	-1.061	-1.039	-1.043	-1.041	-0.824	-1.048	-1.040	-1.039	-0.910	-0.910	-0.807	-0.886	-0.904	-0.906	-0.866	-0.866	-1.035	-0.882	-0.880	-0.894	-1.000	-0.841	-0.779	-0.798	-0.387	-0.884	-0.610	-0.565	-0.574	-0.211	-0.453	-0.113	-0.150	-0.197	-0.120	-0.218	-0.663	-0.602	-0.225	-0.201	-0.239	-0.712	-0.662	-0.239	-0.589	-0.665	-0.545	-0.645	-0.579	-0.646	-0.601	-0.539	-0.541	-0.965	-0.855	-0.837	-0.843	-0.885	-0.843	-0.871	-0.775	-0.725	-0.808	-0.724	-0.748	-0.758	-0.757	-0.942	-0.761	-0.961	-0.896	-0.950	-0.687	-0.928	-0.959	-0.902	-0.685	-0.716	-0.967	-1.006	-1.005	-1.000	-1.000	-1.043	-1.044	-1.040	-1.092	-1.093	-1.092	-1.092	-1.047	-1.093	-1.094	-1.094	-1.038	-0.616	-0.602	-0.580	-1.069	-0.668	-0.741	-1.023	-1.002	-0.880	
rs38075        -0.700	-0.877	-0.810	-0.701	-0.880	-0.977	-0.779	-0.779	-0.779	-0.738	-0.843	-0.851	-0.852	-0.950	-0.812	-1.008	-0.823	-1.015	-1.019	-1.018	-0.853	-0.723	-1.034	-0.804	-0.868	-0.791	-0.548	-1.035	-0.682	-1.008	-0.697	-0.674	-0.618	-0.623	-0.700	-0.898	-0.556	-0.684	-0.684	-0.752	-0.827	-0.689	-1.000	-1.024	-1.006	-1.014	-0.904	-1.020	-1.016	-0.999	-0.813	-0.813	-0.732	-0.886	-0.900	-0.903	-0.873	-0.872	-0.981	-0.882	-0.882	-0.892	-0.955	-0.777	-0.711	-0.731	-0.339	-0.842	-0.565	-0.520	-0.528	-0.164	-0.403	-0.065	-0.102	-0.150	-0.073	-0.171	-0.619	-0.561	-0.178	-0.155	-0.193	-0.670	-0.622	-0.193	-0.544	-0.624	-0.499	-0.601	-0.534	-0.601	-0.560	-0.494	-0.496	-0.927	-0.819	-0.800	-0.806	-0.848	-0.806	-0.834	-0.739	-0.689	-0.768	-0.687	-0.710	-0.720	-0.719	-0.903	-0.723	-0.923	-0.858	-0.910	-0.649	-0.889	-0.921	-0.864	-0.648	-0.678	-0.929	-0.967	-0.967	-0.962	-0.961	-1.004	-1.005	-1.001	-1.053	-1.053	-1.053	-1.053	-1.008	-1.054	-1.055	-1.055	-0.999	-0.575	-0.561	-0.540	-1.029	-0.628	-0.702	-0.982	-0.961	-0.840	
rs38074        -0.477	-0.762	-0.688	-0.479	-0.765	-0.877	-0.587	-0.588	-0.588	-0.747	-0.725	-0.707	-0.710	-0.844	-0.763	-0.909	-0.747	-0.768	-0.776	-0.775	-0.564	-0.730	-0.852	-0.683	-0.481	-0.685	-0.544	-0.850	-0.739	-0.905	-0.778	-0.733	-0.697	-0.700	-0.589	-0.907	-0.684	-0.457	-0.663	-0.780	-0.818	-0.680	-0.740	-0.882	-0.912	-0.894	-0.829	-0.906	-0.888	-0.912	-0.698	-0.699	-0.747	-0.806	-0.816	-0.816	-0.797	-0.797	-0.790	-0.802	-0.803	-0.808	-0.738	-0.699	-0.643	-0.662	-0.248	-0.747	-0.472	-0.427	-0.436	-0.069	-0.314	+0.030	-0.009	-0.056	+0.023	-0.076	-0.525	-0.466	-0.083	-0.059	-0.097	-0.573	-0.527	-0.098	-0.451	-0.529	-0.406	-0.508	-0.440	-0.507	-0.466	-0.400	-0.402	-0.834	-0.727	-0.705	-0.710	-0.752	-0.710	-0.738	-0.643	-0.593	-0.680	-0.591	-0.617	-0.627	-0.626	-0.808	-0.630	-0.827	-0.763	-0.816	-0.556	-0.791	-0.826	-0.770	-0.554	-0.585	-0.833	-0.872	-0.872	-0.866	-0.865	-0.909	-0.910	-0.907	-0.959	-0.959	-0.959	-0.959	-0.913	-0.959	-0.960	-0.961	-0.904	-0.473	-0.459	-0.437	-0.935	-0.527	-0.601	-0.887	-0.868	-0.743	
