## Summary of overall evidence for association with region:
## log10(BF for region) = -0.474679
## p-value for region = NA

## BFs for choosing among multi-SNP models:
## log10(average 1-SNP BF) = -0.405998
## log10(average 2-SNP BF) = -0.656899

## Example posterior probabilities for multi-SNP models, based on default prior: [p(l) propto 0.5^l for l=1,2,...,L]
## posterior probability of 1-SNP = 0.780891
## posterior probability of 2-SNP = 0.219109

## log10(BF) for single SNP and pair of SNPs:
rs10952159     -0.408	-0.827	-0.637	-0.656	-0.689	-0.694	-0.694	-0.700	-0.699	-0.702	-0.706	-0.703	-0.701	-0.701	-0.707	-0.703	-0.704	-0.708	-0.707	-0.729	-0.752	-0.670	-0.666	-0.665	-0.665	-0.666	-0.698	-0.765	-0.351	-0.338	-0.786	-0.815	-0.886	-0.330	-0.880	-0.825	-0.887	-0.887	-0.887	-0.887	-0.769	-0.769	-0.915	-0.916	-0.916	-0.899	-0.828	-0.772	-0.459	-0.447	-0.918	-0.918	-0.898	-0.918	-0.844	-0.435	-0.918	-0.918	-0.910	-0.910	-0.918	-0.918	-0.459	-0.565	-0.479	-0.820	-0.845	-0.526	-0.499	-0.918	-0.916	-0.824	-0.911	-0.914	-0.824	-0.914	-0.909	-0.909	-0.825	-0.910	-0.912	-0.912	-0.913	-0.913	-0.914	-0.909	-0.908	-0.910	-0.909	-0.828	-0.911	-0.295	-0.597	-0.293	-0.458	-0.833	-0.314	-0.830	-0.296	-0.307	-0.630	-0.832	-0.611	-0.610	-0.606	-0.264	-0.297	-0.618	-0.509	-0.509	
rs9791480      -0.827	-0.517	-0.738	-0.755	-0.787	-0.793	-0.793	-0.799	-0.798	-0.801	-0.805	-0.802	-0.800	-0.800	-0.807	-0.802	-0.803	-0.807	-0.806	-0.829	-0.853	-0.769	-0.764	-0.763	-0.763	-0.765	-0.802	-0.868	-0.481	-0.469	-0.893	-0.922	-0.984	-0.460	-0.978	-0.931	-0.985	-0.985	-0.985	-0.985	-0.866	-0.866	-1.017	-1.016	-1.016	-1.003	-0.934	-0.868	-0.563	-0.552	-1.021	-1.021	-1.003	-1.021	-0.946	-0.541	-1.021	-1.021	-1.013	-1.013	-1.021	-1.021	-0.564	-0.677	-0.591	-0.939	-0.961	-0.637	-0.603	-1.023	-1.022	-0.922	-1.009	-1.013	-0.928	-1.013	-1.017	-1.017	-0.929	-1.017	-1.019	-1.019	-1.019	-1.020	-1.020	-1.006	-1.016	-1.017	-1.016	-0.932	-1.018	-0.408	-0.707	-0.405	-0.573	-0.937	-0.425	-0.934	-0.407	-0.418	-0.739	-0.936	-0.720	-0.720	-0.715	-0.376	-0.409	-0.728	-0.638	-0.638	
rs77819788     -0.637	-0.738	-0.354	-0.508	-0.529	-0.524	-0.526	-0.522	-0.523	-0.528	-0.527	-0.527	-0.522	-0.522	-0.526	-0.521	-0.520	-0.526	-0.519	-0.486	-0.407	-0.602	-0.604	-0.607	-0.604	-0.607	-0.605	-0.742	-0.382	-0.369	-0.761	-0.772	-0.834	-0.362	-0.827	-0.782	-0.835	-0.835	-0.835	-0.835	-0.713	-0.713	-0.869	-0.870	-0.870	-0.853	-0.784	-0.717	-0.444	-0.434	-0.875	-0.875	-0.853	-0.875	-0.802	-0.422	-0.875	-0.874	-0.865	-0.865	-0.875	-0.875	-0.445	-0.547	-0.465	-0.800	-0.821	-0.514	-0.483	-0.876	-0.874	-0.772	-0.864	-0.868	-0.778	-0.868	-0.870	-0.870	-0.781	-0.871	-0.873	-0.873	-0.873	-0.873	-0.874	-0.861	-0.870	-0.871	-0.870	-0.783	-0.872	-0.294	-0.577	-0.290	-0.451	-0.789	-0.311	-0.786	-0.293	-0.304	-0.609	-0.788	-0.590	-0.590	-0.585	-0.263	-0.295	-0.597	-0.508	-0.508	
rs62437829     -0.656	-0.755	-0.508	-0.370	-0.512	-0.502	-0.505	-0.498	-0.498	-0.507	-0.505	-0.508	-0.496	-0.496	-0.503	-0.494	-0.493	-0.503	-0.490	-0.422	-0.293	-0.609	-0.612	-0.616	-0.613	-0.615	-0.623	-0.753	-0.396	-0.384	-0.775	-0.788	-0.846	-0.376	-0.839	-0.798	-0.848	-0.848	-0.848	-0.848	-0.729	-0.730	-0.883	-0.885	-0.885	-0.869	-0.800	-0.733	-0.459	-0.448	-0.889	-0.889	-0.868	-0.889	-0.814	-0.437	-0.889	-0.888	-0.878	-0.878	-0.889	-0.889	-0.460	-0.562	-0.480	-0.815	-0.836	-0.529	-0.498	-0.890	-0.888	-0.788	-0.878	-0.882	-0.790	-0.882	-0.884	-0.884	-0.793	-0.885	-0.886	-0.886	-0.887	-0.887	-0.888	-0.876	-0.883	-0.885	-0.884	-0.795	-0.886	-0.306	-0.592	-0.303	-0.466	-0.801	-0.323	-0.798	-0.306	-0.317	-0.624	-0.800	-0.605	-0.605	-0.600	-0.275	-0.307	-0.612	-0.523	-0.523	
rs4292601      -0.689	-0.787	-0.529	-0.512	-0.407	-0.529	-0.532	-0.531	-0.531	-0.540	-0.541	-0.540	-0.530	-0.530	-0.541	-0.530	-0.531	-0.541	-0.530	-0.492	-0.398	-0.646	-0.647	-0.650	-0.648	-0.650	-0.658	-0.775	-0.421	-0.409	-0.808	-0.819	-0.880	-0.401	-0.873	-0.829	-0.882	-0.882	-0.882	-0.882	-0.760	-0.760	-0.917	-0.918	-0.918	-0.902	-0.831	-0.764	-0.485	-0.474	-0.922	-0.922	-0.902	-0.922	-0.848	-0.463	-0.922	-0.922	-0.912	-0.912	-0.922	-0.922	-0.486	-0.589	-0.506	-0.847	-0.868	-0.555	-0.524	-0.923	-0.922	-0.819	-0.911	-0.915	-0.825	-0.915	-0.918	-0.918	-0.827	-0.918	-0.920	-0.920	-0.921	-0.921	-0.921	-0.908	-0.917	-0.918	-0.917	-0.830	-0.919	-0.331	-0.625	-0.328	-0.498	-0.835	-0.349	-0.832	-0.331	-0.342	-0.657	-0.834	-0.638	-0.638	-0.633	-0.301	-0.333	-0.645	-0.554	-0.554	
rs62437831     -0.694	-0.793	-0.524	-0.502	-0.529	-0.413	-0.529	-0.530	-0.529	-0.540	-0.543	-0.541	-0.530	-0.530	-0.543	-0.530	-0.531	-0.543	-0.532	-0.497	-0.408	-0.652	-0.652	-0.655	-0.653	-0.655	-0.665	-0.777	-0.425	-0.413	-0.813	-0.824	-0.886	-0.405	-0.879	-0.834	-0.888	-0.888	-0.888	-0.888	-0.766	-0.766	-0.922	-0.923	-0.923	-0.908	-0.836	-0.770	-0.490	-0.479	-0.928	-0.928	-0.908	-0.928	-0.854	-0.468	-0.928	-0.927	-0.918	-0.918	-0.928	-0.928	-0.491	-0.595	-0.511	-0.853	-0.874	-0.560	-0.529	-0.929	-0.928	-0.825	-0.917	-0.921	-0.831	-0.921	-0.923	-0.923	-0.833	-0.924	-0.926	-0.926	-0.926	-0.927	-0.927	-0.914	-0.922	-0.924	-0.923	-0.836	-0.925	-0.336	-0.632	-0.333	-0.504	-0.841	-0.354	-0.838	-0.336	-0.347	-0.663	-0.840	-0.645	-0.644	-0.640	-0.305	-0.338	-0.651	-0.560	-0.560	
rs62437832     -0.694	-0.793	-0.526	-0.505	-0.532	-0.529	-0.413	-0.532	-0.532	-0.541	-0.543	-0.541	-0.532	-0.532	-0.543	-0.533	-0.532	-0.543	-0.534	-0.501	-0.414	-0.651	-0.652	-0.655	-0.653	-0.655	-0.665	-0.777	-0.425	-0.413	-0.813	-0.824	-0.886	-0.405	-0.879	-0.834	-0.887	-0.887	-0.887	-0.887	-0.766	-0.766	-0.922	-0.923	-0.923	-0.908	-0.836	-0.770	-0.490	-0.479	-0.927	-0.927	-0.908	-0.927	-0.853	-0.468	-0.927	-0.927	-0.918	-0.918	-0.927	-0.927	-0.491	-0.594	-0.511	-0.853	-0.874	-0.560	-0.529	-0.929	-0.927	-0.825	-0.916	-0.921	-0.830	-0.920	-0.923	-0.923	-0.833	-0.924	-0.925	-0.925	-0.926	-0.926	-0.927	-0.914	-0.922	-0.924	-0.923	-0.835	-0.924	-0.336	-0.631	-0.333	-0.503	-0.841	-0.354	-0.838	-0.336	-0.347	-0.663	-0.840	-0.644	-0.644	-0.639	-0.305	-0.338	-0.651	-0.560	-0.559	
rs4509227      -0.700	-0.799	-0.522	-0.498	-0.531	-0.530	-0.532	-0.419	-0.534	-0.545	-0.548	-0.545	-0.535	-0.535	-0.549	-0.536	-0.537	-0.549	-0.538	-0.516	-0.440	-0.657	-0.657	-0.660	-0.658	-0.660	-0.671	-0.780	-0.429	-0.417	-0.818	-0.829	-0.891	-0.409	-0.884	-0.839	-0.893	-0.893	-0.893	-0.893	-0.771	-0.771	-0.928	-0.928	-0.928	-0.913	-0.841	-0.775	-0.494	-0.483	-0.933	-0.933	-0.913	-0.933	-0.859	-0.471	-0.933	-0.932	-0.923	-0.923	-0.933	-0.933	-0.495	-0.598	-0.515	-0.858	-0.879	-0.563	-0.533	-0.934	-0.933	-0.829	-0.922	-0.926	-0.836	-0.925	-0.928	-0.928	-0.838	-0.929	-0.931	-0.931	-0.932	-0.932	-0.932	-0.919	-0.928	-0.929	-0.928	-0.841	-0.930	-0.340	-0.636	-0.337	-0.508	-0.846	-0.357	-0.843	-0.340	-0.351	-0.668	-0.845	-0.649	-0.649	-0.644	-0.309	-0.341	-0.656	-0.564	-0.564	
rs79032168     -0.699	-0.798	-0.523	-0.498	-0.531	-0.529	-0.532	-0.534	-0.419	-0.544	-0.547	-0.544	-0.534	-0.534	-0.547	-0.535	-0.536	-0.548	-0.537	-0.512	-0.434	-0.656	-0.657	-0.660	-0.657	-0.660	-0.670	-0.780	-0.429	-0.416	-0.818	-0.829	-0.891	-0.409	-0.884	-0.838	-0.893	-0.893	-0.893	-0.893	-0.770	-0.771	-0.927	-0.928	-0.928	-0.913	-0.840	-0.774	-0.494	-0.483	-0.932	-0.932	-0.912	-0.932	-0.859	-0.471	-0.932	-0.932	-0.923	-0.923	-0.932	-0.932	-0.494	-0.598	-0.515	-0.857	-0.878	-0.563	-0.533	-0.934	-0.932	-0.829	-0.921	-0.926	-0.835	-0.925	-0.928	-0.928	-0.838	-0.929	-0.930	-0.930	-0.931	-0.931	-0.932	-0.918	-0.927	-0.929	-0.928	-0.841	-0.929	-0.340	-0.636	-0.337	-0.508	-0.846	-0.357	-0.843	-0.339	-0.350	-0.667	-0.845	-0.649	-0.649	-0.644	-0.309	-0.341	-0.656	-0.564	-0.564	
rs62437835     -0.702	-0.801	-0.528	-0.507	-0.540	-0.540	-0.541	-0.545	-0.544	-0.422	-0.539	-0.537	-0.545	-0.545	-0.540	-0.546	-0.546	-0.540	-0.548	-0.534	-0.471	-0.659	-0.660	-0.661	-0.660	-0.661	-0.674	-0.782	-0.431	-0.419	-0.821	-0.831	-0.894	-0.411	-0.887	-0.841	-0.895	-0.895	-0.895	-0.895	-0.773	-0.773	-0.930	-0.931	-0.931	-0.916	-0.843	-0.777	-0.496	-0.485	-0.935	-0.935	-0.915	-0.935	-0.862	-0.474	-0.935	-0.935	-0.926	-0.926	-0.935	-0.935	-0.497	-0.601	-0.517	-0.860	-0.881	-0.566	-0.535	-0.937	-0.935	-0.832	-0.924	-0.928	-0.838	-0.928	-0.931	-0.931	-0.841	-0.931	-0.933	-0.933	-0.934	-0.934	-0.935	-0.921	-0.930	-0.932	-0.931	-0.843	-0.932	-0.342	-0.639	-0.339	-0.511	-0.849	-0.360	-0.846	-0.342	-0.353	-0.670	-0.848	-0.652	-0.652	-0.647	-0.311	-0.344	-0.659	-0.567	-0.567	
rs7804706      -0.706	-0.805	-0.527	-0.505	-0.541	-0.543	-0.543	-0.548	-0.547	-0.539	-0.426	-0.541	-0.548	-0.548	-0.542	-0.550	-0.550	-0.542	-0.553	-0.546	-0.492	-0.663	-0.663	-0.665	-0.664	-0.665	-0.679	-0.784	-0.434	-0.422	-0.824	-0.835	-0.898	-0.414	-0.891	-0.845	-0.899	-0.899	-0.899	-0.900	-0.777	-0.777	-0.934	-0.935	-0.935	-0.920	-0.847	-0.781	-0.499	-0.488	-0.939	-0.939	-0.919	-0.939	-0.866	-0.476	-0.939	-0.939	-0.930	-0.930	-0.939	-0.939	-0.500	-0.604	-0.520	-0.864	-0.885	-0.569	-0.538	-0.941	-0.939	-0.836	-0.928	-0.932	-0.842	-0.932	-0.935	-0.935	-0.845	-0.935	-0.937	-0.937	-0.938	-0.938	-0.939	-0.925	-0.934	-0.935	-0.934	-0.848	-0.936	-0.345	-0.643	-0.342	-0.514	-0.853	-0.362	-0.850	-0.345	-0.356	-0.674	-0.852	-0.656	-0.655	-0.651	-0.314	-0.347	-0.662	-0.570	-0.570	
rs7805456      -0.703	-0.802	-0.527	-0.508	-0.540	-0.541	-0.541	-0.545	-0.544	-0.537	-0.541	-0.423	-0.546	-0.546	-0.541	-0.547	-0.547	-0.541	-0.549	-0.538	-0.477	-0.661	-0.661	-0.663	-0.661	-0.663	-0.676	-0.783	-0.432	-0.420	-0.822	-0.833	-0.895	-0.412	-0.888	-0.842	-0.897	-0.897	-0.897	-0.897	-0.774	-0.775	-0.932	-0.932	-0.932	-0.917	-0.844	-0.779	-0.497	-0.486	-0.937	-0.937	-0.917	-0.937	-0.863	-0.475	-0.937	-0.936	-0.927	-0.927	-0.937	-0.937	-0.498	-0.602	-0.518	-0.861	-0.882	-0.567	-0.536	-0.938	-0.937	-0.833	-0.925	-0.930	-0.840	-0.929	-0.932	-0.932	-0.842	-0.933	-0.935	-0.935	-0.935	-0.936	-0.936	-0.923	-0.931	-0.933	-0.932	-0.845	-0.934	-0.343	-0.640	-0.340	-0.512	-0.850	-0.361	-0.847	-0.343	-0.354	-0.672	-0.850	-0.653	-0.653	-0.649	-0.312	-0.345	-0.660	-0.568	-0.568	
rs62437836     -0.701	-0.800	-0.522	-0.496	-0.530	-0.530	-0.532	-0.535	-0.534	-0.545	-0.548	-0.546	-0.421	-0.535	-0.549	-0.536	-0.537	-0.549	-0.538	-0.518	-0.444	-0.658	-0.659	-0.662	-0.659	-0.662	-0.672	-0.781	-0.430	-0.418	-0.820	-0.830	-0.893	-0.410	-0.886	-0.840	-0.895	-0.895	-0.895	-0.895	-0.772	-0.772	-0.929	-0.930	-0.930	-0.915	-0.842	-0.776	-0.495	-0.484	-0.934	-0.934	-0.914	-0.934	-0.861	-0.472	-0.934	-0.934	-0.925	-0.925	-0.934	-0.934	-0.496	-0.600	-0.516	-0.859	-0.880	-0.565	-0.534	-0.936	-0.934	-0.831	-0.923	-0.927	-0.838	-0.927	-0.930	-0.930	-0.840	-0.930	-0.932	-0.932	-0.933	-0.933	-0.934	-0.920	-0.929	-0.931	-0.930	-0.843	-0.931	-0.341	-0.638	-0.338	-0.510	-0.848	-0.358	-0.845	-0.341	-0.352	-0.669	-0.847	-0.651	-0.650	-0.646	-0.310	-0.342	-0.658	-0.566	-0.566	
rs75645294     -0.701	-0.800	-0.522	-0.496	-0.530	-0.530	-0.532	-0.535	-0.534	-0.545	-0.548	-0.546	-0.535	-0.421	-0.549	-0.536	-0.538	-0.549	-0.538	-0.519	-0.445	-0.659	-0.659	-0.662	-0.659	-0.662	-0.673	-0.781	-0.430	-0.418	-0.820	-0.831	-0.893	-0.410	-0.886	-0.840	-0.895	-0.895	-0.895	-0.895	-0.772	-0.772	-0.929	-0.930	-0.930	-0.915	-0.842	-0.776	-0.495	-0.484	-0.934	-0.934	-0.915	-0.934	-0.861	-0.473	-0.934	-0.934	-0.925	-0.925	-0.934	-0.934	-0.496	-0.600	-0.516	-0.859	-0.880	-0.565	-0.534	-0.936	-0.935	-0.831	-0.923	-0.928	-0.838	-0.927	-0.930	-0.930	-0.840	-0.931	-0.932	-0.933	-0.933	-0.933	-0.934	-0.920	-0.929	-0.931	-0.930	-0.843	-0.932	-0.341	-0.638	-0.338	-0.510	-0.848	-0.358	-0.845	-0.341	-0.352	-0.669	-0.847	-0.651	-0.651	-0.646	-0.310	-0.342	-0.658	-0.566	-0.566	
rs7794806      -0.707	-0.807	-0.526	-0.503	-0.541	-0.543	-0.543	-0.549	-0.547	-0.540	-0.542	-0.541	-0.549	-0.549	-0.428	-0.550	-0.551	-0.543	-0.554	-0.549	-0.498	-0.665	-0.665	-0.666	-0.665	-0.667	-0.681	-0.785	-0.435	-0.423	-0.826	-0.836	-0.900	-0.415	-0.892	-0.846	-0.901	-0.901	-0.901	-0.901	-0.778	-0.778	-0.936	-0.936	-0.936	-0.921	-0.848	-0.782	-0.500	-0.489	-0.941	-0.941	-0.921	-0.941	-0.867	-0.478	-0.941	-0.940	-0.931	-0.931	-0.941	-0.941	-0.501	-0.605	-0.521	-0.865	-0.886	-0.570	-0.539	-0.942	-0.941	-0.837	-0.929	-0.934	-0.844	-0.933	-0.936	-0.936	-0.847	-0.937	-0.939	-0.939	-0.940	-0.940	-0.940	-0.927	-0.935	-0.937	-0.936	-0.849	-0.938	-0.346	-0.644	-0.343	-0.515	-0.854	-0.364	-0.851	-0.346	-0.357	-0.676	-0.854	-0.657	-0.657	-0.652	-0.315	-0.348	-0.664	-0.571	-0.571	
rs62437839     -0.703	-0.802	-0.521	-0.494	-0.530	-0.530	-0.533	-0.536	-0.535	-0.546	-0.550	-0.547	-0.536	-0.536	-0.550	-0.423	-0.539	-0.551	-0.539	-0.523	-0.452	-0.660	-0.661	-0.663	-0.661	-0.663	-0.675	-0.782	-0.431	-0.419	-0.821	-0.832	-0.895	-0.411	-0.888	-0.842	-0.896	-0.896	-0.897	-0.897	-0.773	-0.774	-0.931	-0.932	-0.932	-0.916	-0.844	-0.778	-0.496	-0.485	-0.936	-0.936	-0.916	-0.936	-0.863	-0.474	-0.936	-0.936	-0.927	-0.927	-0.936	-0.936	-0.497	-0.601	-0.517	-0.861	-0.882	-0.566	-0.535	-0.938	-0.936	-0.833	-0.925	-0.929	-0.839	-0.929	-0.932	-0.932	-0.842	-0.932	-0.934	-0.934	-0.935	-0.935	-0.936	-0.922	-0.931	-0.932	-0.932	-0.845	-0.933	-0.342	-0.640	-0.339	-0.511	-0.850	-0.359	-0.847	-0.342	-0.353	-0.671	-0.849	-0.653	-0.652	-0.648	-0.311	-0.344	-0.659	-0.567	-0.567	
rs62437840     -0.704	-0.803	-0.520	-0.493	-0.531	-0.531	-0.532	-0.537	-0.536	-0.546	-0.550	-0.547	-0.537	-0.538	-0.551	-0.539	-0.424	-0.551	-0.541	-0.528	-0.462	-0.661	-0.662	-0.664	-0.662	-0.665	-0.676	-0.782	-0.432	-0.420	-0.823	-0.833	-0.896	-0.412	-0.889	-0.843	-0.898	-0.898	-0.898	-0.898	-0.775	-0.775	-0.932	-0.933	-0.933	-0.918	-0.845	-0.779	-0.497	-0.486	-0.937	-0.937	-0.918	-0.937	-0.864	-0.475	-0.937	-0.937	-0.928	-0.928	-0.937	-0.937	-0.498	-0.602	-0.518	-0.862	-0.883	-0.567	-0.536	-0.939	-0.938	-0.834	-0.926	-0.931	-0.841	-0.930	-0.933	-0.933	-0.843	-0.934	-0.936	-0.936	-0.936	-0.936	-0.937	-0.923	-0.932	-0.934	-0.933	-0.846	-0.935	-0.343	-0.641	-0.340	-0.512	-0.851	-0.361	-0.848	-0.343	-0.354	-0.672	-0.851	-0.654	-0.654	-0.649	-0.312	-0.345	-0.661	-0.568	-0.568	
rs62437841     -0.708	-0.807	-0.526	-0.503	-0.541	-0.543	-0.543	-0.549	-0.548	-0.540	-0.542	-0.541	-0.549	-0.549	-0.543	-0.551	-0.551	-0.429	-0.554	-0.550	-0.500	-0.665	-0.666	-0.667	-0.666	-0.667	-0.681	-0.785	-0.435	-0.423	-0.827	-0.837	-0.900	-0.415	-0.893	-0.847	-0.902	-0.902	-0.902	-0.902	-0.779	-0.779	-0.936	-0.937	-0.937	-0.922	-0.849	-0.783	-0.501	-0.490	-0.941	-0.941	-0.921	-0.941	-0.868	-0.478	-0.941	-0.941	-0.932	-0.932	-0.941	-0.941	-0.502	-0.605	-0.521	-0.866	-0.887	-0.570	-0.540	-0.943	-0.941	-0.838	-0.930	-0.934	-0.845	-0.934	-0.937	-0.937	-0.847	-0.938	-0.939	-0.939	-0.940	-0.940	-0.941	-0.927	-0.936	-0.938	-0.937	-0.850	-0.938	-0.347	-0.645	-0.344	-0.516	-0.855	-0.364	-0.852	-0.346	-0.358	-0.676	-0.855	-0.658	-0.657	-0.653	-0.316	-0.348	-0.665	-0.572	-0.572	
rs62437843     -0.707	-0.806	-0.519	-0.490	-0.530	-0.532	-0.534	-0.538	-0.537	-0.548	-0.553	-0.549	-0.538	-0.538	-0.554	-0.539	-0.541	-0.554	-0.427	-0.534	-0.471	-0.664	-0.664	-0.667	-0.664	-0.667	-0.679	-0.783	-0.433	-0.421	-0.825	-0.835	-0.899	-0.413	-0.892	-0.845	-0.900	-0.900	-0.901	-0.901	-0.777	-0.777	-0.935	-0.935	-0.935	-0.920	-0.847	-0.781	-0.499	-0.488	-0.940	-0.940	-0.920	-0.940	-0.867	-0.476	-0.940	-0.940	-0.931	-0.931	-0.940	-0.940	-0.500	-0.604	-0.520	-0.864	-0.885	-0.568	-0.538	-0.942	-0.940	-0.836	-0.929	-0.933	-0.844	-0.932	-0.936	-0.936	-0.846	-0.936	-0.938	-0.938	-0.939	-0.939	-0.939	-0.926	-0.935	-0.936	-0.935	-0.849	-0.937	-0.345	-0.643	-0.342	-0.515	-0.854	-0.362	-0.851	-0.344	-0.356	-0.675	-0.853	-0.656	-0.656	-0.651	-0.314	-0.346	-0.663	-0.570	-0.570	
rs62437844     -0.729	-0.829	-0.486	-0.422	-0.492	-0.497	-0.501	-0.516	-0.512	-0.534	-0.546	-0.538	-0.518	-0.519	-0.549	-0.523	-0.528	-0.550	-0.534	-0.453	-0.567	-0.687	-0.686	-0.687	-0.686	-0.688	-0.706	-0.793	-0.446	-0.434	-0.847	-0.855	-0.923	-0.426	-0.916	-0.865	-0.925	-0.925	-0.925	-0.925	-0.797	-0.797	-0.958	-0.958	-0.958	-0.943	-0.867	-0.801	-0.513	-0.502	-0.963	-0.963	-0.943	-0.963	-0.891	-0.490	-0.963	-0.962	-0.955	-0.955	-0.963	-0.963	-0.514	-0.620	-0.534	-0.885	-0.907	-0.583	-0.553	-0.965	-0.964	-0.857	-0.951	-0.955	-0.868	-0.955	-0.959	-0.959	-0.871	-0.959	-0.961	-0.961	-0.962	-0.962	-0.963	-0.948	-0.958	-0.960	-0.959	-0.873	-0.960	-0.359	-0.664	-0.356	-0.534	-0.878	-0.376	-0.875	-0.358	-0.369	-0.696	-0.878	-0.677	-0.677	-0.673	-0.327	-0.360	-0.684	-0.590	-0.590	
rs4725200      -0.752	-0.853	-0.407	-0.293	-0.398	-0.408	-0.414	-0.440	-0.434	-0.471	-0.492	-0.477	-0.444	-0.445	-0.498	-0.452	-0.462	-0.500	-0.471	-0.567	-0.479	-0.703	-0.700	-0.701	-0.700	-0.702	-0.733	-0.792	-0.456	-0.443	-0.870	-0.874	-0.948	-0.435	-0.942	-0.884	-0.950	-0.950	-0.950	-0.950	-0.816	-0.816	-0.982	-0.980	-0.980	-0.966	-0.886	-0.821	-0.525	-0.514	-0.986	-0.986	-0.966	-0.986	-0.917	-0.502	-0.986	-0.986	-0.980	-0.980	-0.986	-0.986	-0.526	-0.633	-0.546	-0.905	-0.928	-0.595	-0.565	-0.989	-0.988	-0.877	-0.973	-0.978	-0.895	-0.977	-0.983	-0.983	-0.897	-0.983	-0.985	-0.985	-0.986	-0.986	-0.987	-0.970	-0.982	-0.984	-0.983	-0.900	-0.984	-0.369	-0.686	-0.367	-0.552	-0.904	-0.387	-0.902	-0.369	-0.380	-0.718	-0.904	-0.700	-0.699	-0.695	-0.338	-0.371	-0.706	-0.608	-0.608	
rs7785366      -0.670	-0.769	-0.602	-0.609	-0.646	-0.652	-0.651	-0.657	-0.656	-0.659	-0.663	-0.661	-0.658	-0.659	-0.665	-0.660	-0.661	-0.665	-0.664	-0.687	-0.703	-0.388	-0.494	-0.501	-0.495	-0.502	-0.685	-0.735	-0.375	-0.362	-0.790	-0.793	-0.866	-0.354	-0.859	-0.803	-0.868	-0.868	-0.868	-0.868	-0.733	-0.734	-0.905	-0.901	-0.901	-0.887	-0.805	-0.738	-0.443	-0.432	-0.908	-0.908	-0.887	-0.908	-0.834	-0.420	-0.908	-0.907	-0.903	-0.903	-0.908	-0.908	-0.444	-0.546	-0.459	-0.825	-0.848	-0.509	-0.483	-0.911	-0.910	-0.794	-0.893	-0.898	-0.816	-0.898	-0.902	-0.903	-0.818	-0.903	-0.905	-0.905	-0.906	-0.906	-0.906	-0.889	-0.902	-0.903	-0.902	-0.821	-0.904	-0.285	-0.609	-0.282	-0.472	-0.825	-0.303	-0.823	-0.285	-0.296	-0.640	-0.825	-0.622	-0.621	-0.617	-0.254	-0.287	-0.629	-0.528	-0.528	
rs4236415      -0.666	-0.764	-0.604	-0.612	-0.647	-0.652	-0.652	-0.657	-0.657	-0.660	-0.663	-0.661	-0.659	-0.659	-0.665	-0.661	-0.662	-0.666	-0.664	-0.686	-0.700	-0.494	-0.383	-0.499	-0.491	-0.499	-0.681	-0.735	-0.373	-0.360	-0.786	-0.789	-0.861	-0.352	-0.854	-0.799	-0.863	-0.863	-0.863	-0.863	-0.729	-0.730	-0.901	-0.897	-0.897	-0.883	-0.801	-0.734	-0.440	-0.429	-0.903	-0.903	-0.883	-0.903	-0.829	-0.417	-0.903	-0.903	-0.899	-0.899	-0.903	-0.904	-0.441	-0.541	-0.455	-0.822	-0.844	-0.505	-0.480	-0.907	-0.906	-0.790	-0.889	-0.894	-0.811	-0.894	-0.898	-0.898	-0.813	-0.899	-0.900	-0.900	-0.901	-0.901	-0.902	-0.885	-0.897	-0.899	-0.898	-0.816	-0.900	-0.283	-0.606	-0.280	-0.468	-0.821	-0.300	-0.818	-0.282	-0.294	-0.637	-0.820	-0.619	-0.619	-0.614	-0.251	-0.284	-0.626	-0.525	-0.525	
rs4236416      -0.665	-0.763	-0.607	-0.616	-0.650	-0.655	-0.655	-0.660	-0.660	-0.661	-0.665	-0.663	-0.662	-0.662	-0.666	-0.663	-0.664	-0.667	-0.667	-0.687	-0.701	-0.501	-0.499	-0.382	-0.498	-0.493	-0.680	-0.736	-0.373	-0.361	-0.785	-0.789	-0.860	-0.353	-0.853	-0.799	-0.862	-0.862	-0.862	-0.862	-0.729	-0.730	-0.900	-0.897	-0.897	-0.882	-0.801	-0.734	-0.441	-0.430	-0.903	-0.903	-0.882	-0.903	-0.827	-0.418	-0.903	-0.902	-0.898	-0.898	-0.903	-0.903	-0.442	-0.540	-0.454	-0.821	-0.843	-0.504	-0.481	-0.906	-0.905	-0.790	-0.888	-0.893	-0.810	-0.893	-0.897	-0.897	-0.812	-0.898	-0.900	-0.900	-0.900	-0.900	-0.901	-0.885	-0.896	-0.898	-0.897	-0.815	-0.899	-0.283	-0.606	-0.280	-0.468	-0.820	-0.301	-0.817	-0.283	-0.294	-0.638	-0.819	-0.619	-0.619	-0.614	-0.251	-0.285	-0.626	-0.525	-0.525	
rs4236418      -0.665	-0.763	-0.604	-0.613	-0.648	-0.653	-0.653	-0.658	-0.657	-0.660	-0.664	-0.661	-0.659	-0.659	-0.665	-0.661	-0.662	-0.666	-0.664	-0.686	-0.700	-0.495	-0.491	-0.498	-0.382	-0.498	-0.680	-0.735	-0.372	-0.360	-0.785	-0.788	-0.860	-0.352	-0.853	-0.798	-0.862	-0.862	-0.862	-0.862	-0.729	-0.729	-0.900	-0.896	-0.896	-0.882	-0.800	-0.733	-0.440	-0.429	-0.902	-0.902	-0.882	-0.902	-0.828	-0.417	-0.902	-0.902	-0.898	-0.898	-0.903	-0.903	-0.441	-0.540	-0.454	-0.821	-0.843	-0.504	-0.480	-0.906	-0.905	-0.789	-0.888	-0.893	-0.810	-0.893	-0.897	-0.897	-0.812	-0.898	-0.899	-0.899	-0.900	-0.900	-0.901	-0.884	-0.896	-0.898	-0.897	-0.815	-0.899	-0.282	-0.605	-0.279	-0.468	-0.820	-0.300	-0.817	-0.282	-0.293	-0.637	-0.819	-0.619	-0.618	-0.614	-0.250	-0.284	-0.625	-0.525	-0.525	
rs2882523      -0.666	-0.765	-0.607	-0.615	-0.650	-0.655	-0.655	-0.660	-0.660	-0.661	-0.665	-0.663	-0.662	-0.662	-0.667	-0.663	-0.665	-0.667	-0.667	-0.688	-0.702	-0.502	-0.499	-0.493	-0.498	-0.384	-0.681	-0.737	-0.374	-0.362	-0.787	-0.790	-0.862	-0.354	-0.854	-0.800	-0.863	-0.863	-0.864	-0.864	-0.731	-0.731	-0.901	-0.898	-0.898	-0.884	-0.802	-0.735	-0.442	-0.431	-0.904	-0.904	-0.883	-0.904	-0.829	-0.419	-0.904	-0.903	-0.899	-0.899	-0.904	-0.904	-0.443	-0.542	-0.456	-0.823	-0.845	-0.506	-0.482	-0.908	-0.907	-0.791	-0.890	-0.895	-0.812	-0.894	-0.899	-0.899	-0.814	-0.899	-0.901	-0.901	-0.902	-0.902	-0.903	-0.886	-0.898	-0.899	-0.898	-0.817	-0.900	-0.284	-0.607	-0.281	-0.470	-0.821	-0.302	-0.819	-0.284	-0.295	-0.639	-0.821	-0.620	-0.620	-0.615	-0.252	-0.286	-0.627	-0.527	-0.526	
rs2464922      -0.698	-0.802	-0.605	-0.623	-0.658	-0.665	-0.665	-0.671	-0.670	-0.674	-0.679	-0.676	-0.672	-0.673	-0.681	-0.675	-0.676	-0.681	-0.679	-0.706	-0.733	-0.685	-0.681	-0.680	-0.680	-0.681	-0.421	-0.742	-0.394	-0.381	-0.817	-0.820	-0.900	-0.373	-0.894	-0.830	-0.902	-0.902	-0.902	-0.902	-0.761	-0.761	-0.933	-0.929	-0.929	-0.914	-0.831	-0.766	-0.464	-0.453	-0.936	-0.936	-0.913	-0.936	-0.869	-0.441	-0.936	-0.935	-0.932	-0.932	-0.936	-0.936	-0.465	-0.571	-0.482	-0.852	-0.874	-0.531	-0.505	-0.940	-0.939	-0.823	-0.921	-0.926	-0.847	-0.926	-0.932	-0.932	-0.849	-0.932	-0.934	-0.934	-0.935	-0.935	-0.935	-0.918	-0.931	-0.933	-0.932	-0.852	-0.933	-0.307	-0.631	-0.305	-0.496	-0.856	-0.325	-0.853	-0.307	-0.318	-0.663	-0.856	-0.644	-0.643	-0.639	-0.275	-0.309	-0.651	-0.552	-0.552	
rs2709091      -0.765	-0.868	-0.742	-0.753	-0.775	-0.777	-0.777	-0.780	-0.780	-0.782	-0.784	-0.783	-0.781	-0.781	-0.785	-0.782	-0.782	-0.785	-0.783	-0.793	-0.792	-0.735	-0.735	-0.736	-0.735	-0.737	-0.742	-0.480	-0.530	-0.519	-0.865	-0.907	-0.918	-0.511	-0.909	-0.914	-0.919	-0.919	-0.920	-0.920	-0.854	-0.854	-0.964	-0.979	-0.979	-0.970	-0.916	-0.857	-0.589	-0.578	-0.980	-0.980	-0.970	-0.980	-0.881	-0.567	-0.980	-0.981	-0.954	-0.954	-0.980	-0.980	-0.589	-0.658	-0.575	-0.915	-0.935	-0.628	-0.625	-0.979	-0.976	-0.904	-0.976	-0.978	-0.883	-0.978	-0.975	-0.975	-0.886	-0.976	-0.978	-0.978	-0.979	-0.979	-0.980	-0.974	-0.973	-0.975	-0.974	-0.889	-0.976	-0.440	-0.709	-0.437	-0.548	-0.894	-0.456	-0.891	-0.439	-0.450	-0.738	-0.894	-0.721	-0.721	-0.717	-0.410	-0.441	-0.728	-0.616	-0.616	
rs2713344      -0.351	-0.481	-0.382	-0.396	-0.421	-0.425	-0.425	-0.429	-0.429	-0.431	-0.434	-0.432	-0.430	-0.430	-0.435	-0.431	-0.432	-0.435	-0.433	-0.446	-0.456	-0.375	-0.373	-0.373	-0.372	-0.374	-0.394	-0.530	-0.093	-0.204	-0.520	-0.577	-0.348	-0.186	-0.328	-0.578	-0.370	-0.371	-0.371	-0.372	-0.551	-0.551	-0.513	-0.510	-0.510	-0.576	-0.579	-0.551	-0.329	-0.325	-0.482	-0.482	-0.576	-0.482	-0.363	-0.322	-0.482	-0.488	-0.484	-0.484	-0.480	-0.479	-0.330	-0.465	-0.421	-0.581	-0.579	-0.451	-0.345	-0.439	-0.424	-0.559	-0.532	-0.522	-0.471	-0.523	-0.464	-0.464	-0.477	-0.466	-0.477	-0.477	-0.481	-0.482	-0.485	-0.543	-0.457	-0.465	-0.461	-0.482	-0.469	-0.278	-0.481	-0.278	-0.407	-0.493	-0.292	-0.486	-0.280	-0.287	-0.492	-0.490	-0.486	-0.486	-0.485	-0.258	-0.281	-0.488	-0.437	-0.437	
rs2713345      -0.338	-0.469	-0.369	-0.384	-0.409	-0.413	-0.413	-0.417	-0.416	-0.419	-0.422	-0.420	-0.418	-0.418	-0.423	-0.419	-0.420	-0.423	-0.421	-0.434	-0.443	-0.362	-0.360	-0.361	-0.360	-0.362	-0.381	-0.519	-0.204	-0.080	-0.508	-0.565	-0.333	-0.186	-0.313	-0.566	-0.355	-0.356	-0.357	-0.357	-0.539	-0.540	-0.500	-0.496	-0.496	-0.562	-0.567	-0.540	-0.317	-0.313	-0.468	-0.466	-0.563	-0.466	-0.346	-0.311	-0.466	-0.474	-0.468	-0.468	-0.464	-0.462	-0.321	-0.455	-0.412	-0.568	-0.567	-0.441	-0.334	-0.425	-0.410	-0.547	-0.519	-0.508	-0.458	-0.510	-0.449	-0.450	-0.464	-0.451	-0.462	-0.462	-0.467	-0.467	-0.471	-0.529	-0.442	-0.451	-0.446	-0.469	-0.454	-0.271	-0.469	-0.270	-0.398	-0.480	-0.284	-0.473	-0.273	-0.280	-0.480	-0.477	-0.475	-0.475	-0.474	-0.251	-0.274	-0.477	-0.427	-0.427	
rs4454207      -0.786	-0.893	-0.761	-0.775	-0.808	-0.813	-0.813	-0.818	-0.818	-0.821	-0.824	-0.822	-0.820	-0.820	-0.826	-0.821	-0.823	-0.827	-0.825	-0.847	-0.870	-0.790	-0.786	-0.785	-0.785	-0.787	-0.817	-0.865	-0.520	-0.508	-0.533	-0.801	-0.995	-0.499	-0.990	-0.816	-0.995	-0.995	-0.995	-0.995	-0.679	-0.680	-1.002	-0.967	-0.967	-0.965	-0.823	-0.679	-0.590	-0.578	-0.984	-0.984	-0.965	-0.984	-0.969	-0.567	-0.984	-0.981	-1.008	-1.008	-0.985	-0.985	-0.590	-0.690	-0.603	-0.941	-0.961	-0.650	-0.629	-0.999	-1.000	-0.772	-0.968	-0.977	-0.948	-0.976	-1.014	-1.015	-0.950	-1.015	-1.015	-1.015	-1.016	-1.016	-1.016	-0.962	-1.016	-1.016	-1.016	-0.953	-1.016	-0.436	-0.752	-0.433	-0.605	-0.956	-0.453	-0.954	-0.436	-0.447	-0.782	-0.956	-0.764	-0.764	-0.760	-0.404	-0.437	-0.771	-0.659	-0.658	
rs2882521      -0.815	-0.922	-0.772	-0.788	-0.819	-0.824	-0.824	-0.829	-0.829	-0.831	-0.835	-0.833	-0.830	-0.831	-0.836	-0.832	-0.833	-0.837	-0.835	-0.855	-0.874	-0.793	-0.789	-0.789	-0.788	-0.790	-0.820	-0.907	-0.577	-0.565	-0.801	-0.536	-0.629	-0.557	-0.604	-0.671	-0.671	-0.672	-0.673	-0.673	-0.821	-0.822	-0.604	-0.898	-0.898	-0.820	-0.735	-0.818	-0.634	-0.623	-0.876	-0.875	-0.821	-0.875	-0.443	-0.612	-0.875	-0.880	-0.520	-0.520	-0.873	-0.872	-0.635	-0.737	-0.657	-0.978	-0.995	-0.697	-0.673	-0.835	-0.817	-0.864	-0.938	-0.931	-0.806	-0.934	-0.907	-0.908	-0.806	-0.909	-0.918	-0.918	-0.923	-0.923	-0.926	-0.946	-0.904	-0.910	-0.907	-0.816	-0.913	-0.491	-0.794	-0.489	-0.604	-0.833	-0.509	-0.822	-0.492	-0.503	-0.822	-0.828	-0.806	-0.805	-0.802	-0.461	-0.493	-0.812	-0.679	-0.679	
rs2464920      -0.886	-0.984	-0.834	-0.846	-0.880	-0.886	-0.886	-0.891	-0.891	-0.894	-0.898	-0.895	-0.893	-0.893	-0.900	-0.895	-0.896	-0.900	-0.899	-0.923	-0.948	-0.866	-0.861	-0.860	-0.860	-0.862	-0.900	-0.918	-0.348	-0.333	-0.995	-0.629	-0.620	-0.321	-0.750	-0.657	-0.810	-0.811	-0.811	-0.811	-0.686	-0.686	-0.950	-0.979	-0.979	-0.809	-0.697	-0.675	-0.471	-0.457	-1.003	-1.004	-0.808	-1.004	-0.851	-0.441	-1.004	-0.999	-0.970	-0.970	-1.005	-1.006	-0.471	-0.750	-0.660	-1.005	-1.031	-0.718	-0.523	-1.022	-1.023	-0.787	-0.981	-0.994	-0.984	-0.994	-1.009	-1.009	-0.988	-1.009	-1.008	-1.008	-1.009	-1.009	-1.009	-0.975	-1.014	-1.014	-1.014	-0.992	-1.013	-0.321	-0.653	-0.321	-0.672	-0.994	-0.345	-0.993	-0.325	-0.337	-0.698	-0.995	-0.672	-0.672	-0.666	-0.286	-0.324	-0.682	-0.717	-0.717	
rs13238873     -0.330	-0.460	-0.362	-0.376	-0.401	-0.405	-0.405	-0.409	-0.409	-0.411	-0.414	-0.412	-0.410	-0.410	-0.415	-0.411	-0.412	-0.415	-0.413	-0.426	-0.435	-0.354	-0.352	-0.353	-0.352	-0.354	-0.373	-0.511	-0.186	-0.186	-0.499	-0.557	-0.321	-0.071	-0.301	-0.558	-0.343	-0.344	-0.345	-0.345	-0.531	-0.531	-0.489	-0.485	-0.485	-0.554	-0.559	-0.532	-0.310	-0.307	-0.457	-0.457	-0.554	-0.457	-0.337	-0.305	-0.457	-0.463	-0.459	-0.459	-0.454	-0.453	-0.312	-0.448	-0.406	-0.560	-0.558	-0.435	-0.324	-0.412	-0.397	-0.538	-0.508	-0.497	-0.449	-0.499	-0.438	-0.439	-0.455	-0.440	-0.451	-0.451	-0.456	-0.457	-0.460	-0.519	-0.431	-0.440	-0.435	-0.460	-0.443	-0.267	-0.462	-0.266	-0.391	-0.471	-0.280	-0.464	-0.269	-0.276	-0.473	-0.468	-0.468	-0.467	-0.466	-0.247	-0.270	-0.470	-0.421	-0.420	
rs2464917      -0.880	-0.978	-0.827	-0.839	-0.873	-0.879	-0.879	-0.884	-0.884	-0.887	-0.891	-0.888	-0.886	-0.886	-0.892	-0.888	-0.889	-0.893	-0.892	-0.916	-0.942	-0.859	-0.854	-0.853	-0.853	-0.854	-0.894	-0.909	-0.328	-0.313	-0.990	-0.604	-0.750	-0.301	-0.613	-0.630	-0.801	-0.802	-0.802	-0.802	-0.665	-0.666	-0.937	-0.967	-0.967	-0.786	-0.672	-0.653	-0.453	-0.439	-0.991	-0.992	-0.785	-0.992	-0.854	-0.423	-0.992	-0.987	-0.959	-0.959	-0.993	-0.995	-0.453	-0.742	-0.653	-0.996	-1.022	-0.712	-0.506	-1.013	-1.014	-0.767	-0.968	-0.981	-0.979	-0.981	-1.001	-1.001	-0.984	-1.001	-0.999	-0.999	-0.999	-0.999	-0.999	-0.962	-1.007	-1.006	-1.006	-0.987	-1.005	-0.303	-0.636	-0.303	-0.664	-0.989	-0.327	-0.988	-0.307	-0.319	-0.682	-0.989	-0.656	-0.655	-0.649	-0.268	-0.306	-0.665	-0.708	-0.708	
rs10229757     -0.825	-0.931	-0.782	-0.798	-0.829	-0.834	-0.834	-0.839	-0.838	-0.841	-0.845	-0.842	-0.840	-0.840	-0.846	-0.842	-0.843	-0.847	-0.845	-0.865	-0.884	-0.803	-0.799	-0.799	-0.798	-0.800	-0.830	-0.914	-0.578	-0.566	-0.816	-0.671	-0.657	-0.558	-0.630	-0.547	-0.694	-0.695	-0.696	-0.696	-0.823	-0.823	-0.634	-0.912	-0.912	-0.837	-0.740	-0.819	-0.635	-0.624	-0.891	-0.890	-0.839	-0.890	-0.473	-0.612	-0.890	-0.895	-0.552	-0.552	-0.888	-0.887	-0.636	-0.744	-0.663	-0.987	-1.005	-0.704	-0.674	-0.852	-0.835	-0.869	-0.950	-0.944	-0.821	-0.946	-0.922	-0.922	-0.822	-0.924	-0.932	-0.933	-0.937	-0.937	-0.940	-0.957	-0.918	-0.925	-0.922	-0.832	-0.928	-0.491	-0.801	-0.489	-0.614	-0.848	-0.510	-0.838	-0.492	-0.503	-0.829	-0.844	-0.812	-0.812	-0.808	-0.461	-0.493	-0.818	-0.688	-0.688	
rs2713340      -0.887	-0.985	-0.835	-0.848	-0.882	-0.888	-0.887	-0.893	-0.893	-0.895	-0.899	-0.897	-0.895	-0.895	-0.901	-0.896	-0.898	-0.902	-0.900	-0.925	-0.950	-0.868	-0.863	-0.862	-0.862	-0.863	-0.902	-0.919	-0.370	-0.355	-0.995	-0.671	-0.810	-0.343	-0.801	-0.694	-0.622	-0.757	-0.757	-0.757	-0.680	-0.680	-0.944	-0.976	-0.976	-0.801	-0.689	-0.698	-0.487	-0.473	-0.999	-1.000	-0.800	-1.000	-0.820	-0.457	-1.000	-0.995	-0.963	-0.963	-1.001	-1.002	-0.487	-0.755	-0.666	-1.012	-1.037	-0.722	-0.538	-1.029	-1.030	-0.805	-0.991	-1.003	-0.990	-1.003	-1.016	-1.016	-0.994	-1.016	-1.015	-1.015	-1.016	-1.016	-1.016	-0.986	-1.020	-1.020	-1.020	-0.997	-1.020	-0.337	-0.668	-0.337	-0.677	-1.000	-0.360	-0.999	-0.340	-0.352	-0.712	-1.000	-0.687	-0.687	-0.681	-0.302	-0.339	-0.696	-0.724	-0.724	
rs2713338      -0.887	-0.985	-0.835	-0.848	-0.882	-0.888	-0.887	-0.893	-0.893	-0.895	-0.899	-0.897	-0.895	-0.895	-0.901	-0.896	-0.898	-0.902	-0.900	-0.925	-0.950	-0.868	-0.863	-0.862	-0.862	-0.863	-0.902	-0.919	-0.371	-0.356	-0.995	-0.672	-0.811	-0.344	-0.802	-0.695	-0.757	-0.622	-0.756	-0.756	-0.680	-0.680	-0.944	-0.976	-0.976	-0.801	-0.689	-0.698	-0.487	-0.473	-0.999	-1.000	-0.800	-1.000	-0.819	-0.457	-1.000	-0.995	-0.962	-0.962	-1.001	-1.002	-0.487	-0.754	-0.666	-1.012	-1.037	-0.722	-0.538	-1.029	-1.029	-0.804	-0.991	-1.002	-0.989	-1.003	-1.015	-1.015	-0.994	-1.016	-1.015	-1.015	-1.015	-1.015	-1.016	-0.985	-1.020	-1.020	-1.020	-0.997	-1.019	-0.336	-0.668	-0.336	-0.677	-1.000	-0.360	-0.999	-0.340	-0.352	-0.712	-1.000	-0.687	-0.687	-0.681	-0.302	-0.339	-0.696	-0.724	-0.724	
rs2713337      -0.887	-0.985	-0.835	-0.848	-0.882	-0.888	-0.887	-0.893	-0.893	-0.895	-0.899	-0.897	-0.895	-0.895	-0.901	-0.897	-0.898	-0.902	-0.901	-0.925	-0.950	-0.868	-0.863	-0.862	-0.862	-0.864	-0.902	-0.920	-0.371	-0.357	-0.995	-0.673	-0.811	-0.345	-0.802	-0.696	-0.757	-0.756	-0.622	-0.756	-0.680	-0.681	-0.944	-0.976	-0.976	-0.801	-0.689	-0.698	-0.488	-0.473	-0.999	-1.000	-0.800	-1.000	-0.818	-0.458	-1.000	-0.995	-0.962	-0.963	-1.001	-1.002	-0.487	-0.755	-0.666	-1.012	-1.037	-0.722	-0.538	-1.029	-1.029	-0.805	-0.991	-1.003	-0.989	-1.003	-1.015	-1.015	-0.994	-1.016	-1.015	-1.015	-1.016	-1.016	-1.016	-0.986	-1.020	-1.020	-1.020	-0.997	-1.019	-0.337	-0.669	-0.337	-0.677	-1.000	-0.360	-0.999	-0.340	-0.352	-0.713	-1.000	-0.687	-0.687	-0.681	-0.302	-0.340	-0.696	-0.724	-0.724	
rs2713336      -0.887	-0.985	-0.835	-0.848	-0.882	-0.888	-0.887	-0.893	-0.893	-0.895	-0.900	-0.897	-0.895	-0.895	-0.901	-0.897	-0.898	-0.902	-0.901	-0.925	-0.950	-0.868	-0.863	-0.862	-0.862	-0.864	-0.902	-0.920	-0.372	-0.357	-0.995	-0.673	-0.811	-0.345	-0.802	-0.696	-0.757	-0.756	-0.756	-0.622	-0.680	-0.681	-0.944	-0.976	-0.976	-0.801	-0.689	-0.698	-0.488	-0.474	-0.999	-1.000	-0.800	-1.000	-0.818	-0.458	-1.000	-0.995	-0.963	-0.963	-1.001	-1.002	-0.487	-0.755	-0.666	-1.012	-1.037	-0.723	-0.538	-1.029	-1.030	-0.805	-0.991	-1.003	-0.989	-1.003	-1.015	-1.015	-0.994	-1.016	-1.015	-1.015	-1.016	-1.016	-1.016	-0.986	-1.020	-1.020	-1.020	-0.997	-1.019	-0.337	-0.669	-0.337	-0.677	-1.000	-0.360	-0.999	-0.340	-0.352	-0.713	-1.000	-0.688	-0.687	-0.681	-0.302	-0.340	-0.696	-0.724	-0.724	
rs11771608     -0.769	-0.866	-0.713	-0.729	-0.760	-0.766	-0.766	-0.771	-0.770	-0.773	-0.777	-0.774	-0.772	-0.772	-0.778	-0.773	-0.775	-0.779	-0.777	-0.797	-0.816	-0.733	-0.729	-0.729	-0.729	-0.731	-0.761	-0.854	-0.551	-0.539	-0.679	-0.821	-0.686	-0.531	-0.665	-0.823	-0.680	-0.680	-0.680	-0.680	-0.475	-0.601	-0.698	-0.533	-0.533	-0.831	-0.813	-0.661	-0.604	-0.593	-0.437	-0.438	-0.831	-0.438	-0.510	-0.582	-0.438	-0.456	-0.644	-0.644	-0.432	-0.428	-0.604	-0.711	-0.635	-0.907	-0.928	-0.675	-0.641	-0.428	-0.374	-0.682	-0.751	-0.732	-0.780	-0.736	-0.683	-0.684	-0.781	-0.687	-0.704	-0.705	-0.713	-0.714	-0.720	-0.775	-0.679	-0.691	-0.685	-0.790	-0.697	-0.467	-0.761	-0.465	-0.595	-0.805	-0.485	-0.795	-0.468	-0.478	-0.787	-0.800	-0.772	-0.771	-0.768	-0.437	-0.469	-0.777	-0.631	-0.631	
rs11760291     -0.769	-0.866	-0.713	-0.730	-0.760	-0.766	-0.766	-0.771	-0.771	-0.773	-0.777	-0.775	-0.772	-0.772	-0.778	-0.774	-0.775	-0.779	-0.777	-0.797	-0.816	-0.734	-0.730	-0.730	-0.729	-0.731	-0.761	-0.854	-0.551	-0.540	-0.680	-0.822	-0.686	-0.531	-0.666	-0.823	-0.680	-0.680	-0.681	-0.681	-0.601	-0.475	-0.698	-0.534	-0.534	-0.831	-0.813	-0.661	-0.604	-0.593	-0.438	-0.439	-0.832	-0.439	-0.511	-0.582	-0.439	-0.457	-0.645	-0.644	-0.433	-0.429	-0.604	-0.712	-0.635	-0.907	-0.928	-0.675	-0.641	-0.429	-0.375	-0.682	-0.751	-0.732	-0.781	-0.737	-0.684	-0.684	-0.782	-0.687	-0.705	-0.705	-0.714	-0.715	-0.720	-0.775	-0.680	-0.692	-0.686	-0.790	-0.698	-0.467	-0.761	-0.465	-0.595	-0.805	-0.485	-0.796	-0.468	-0.478	-0.787	-0.801	-0.772	-0.772	-0.768	-0.437	-0.469	-0.778	-0.631	-0.631	
rs12702919     -0.915	-1.017	-0.869	-0.883	-0.917	-0.922	-0.922	-0.928	-0.927	-0.930	-0.934	-0.932	-0.929	-0.929	-0.936	-0.931	-0.932	-0.936	-0.935	-0.958	-0.982	-0.905	-0.901	-0.900	-0.900	-0.901	-0.933	-0.964	-0.513	-0.500	-1.002	-0.604	-0.950	-0.489	-0.937	-0.634	-0.944	-0.944	-0.944	-0.944	-0.698	-0.698	-0.656	-0.971	-0.971	-0.989	-0.596	-0.721	-0.553	-0.539	-0.986	-0.987	-0.989	-0.987	-0.816	-0.523	-0.987	-0.984	-0.778	-0.778	-0.987	-0.988	-0.552	-0.782	-0.693	-1.065	-1.088	-0.747	-0.602	-1.006	-1.001	-0.832	-1.001	-1.009	-1.004	-1.010	-1.071	-1.071	-1.005	-1.071	-1.074	-1.074	-1.076	-1.076	-1.077	-0.998	-1.071	-1.074	-1.072	-1.010	-1.074	-0.402	-0.827	-0.401	-0.711	-1.018	-0.425	-1.013	-0.405	-0.417	-0.861	-1.016	-0.841	-0.840	-0.836	-0.367	-0.405	-0.848	-0.770	-0.770	
rs12702920     -0.916	-1.016	-0.870	-0.885	-0.918	-0.923	-0.923	-0.928	-0.928	-0.931	-0.935	-0.932	-0.930	-0.930	-0.936	-0.932	-0.933	-0.937	-0.935	-0.958	-0.980	-0.901	-0.897	-0.897	-0.896	-0.898	-0.929	-0.979	-0.510	-0.496	-0.967	-0.898	-0.979	-0.485	-0.967	-0.912	-0.976	-0.976	-0.976	-0.976	-0.533	-0.534	-0.971	-0.651	-0.787	-1.057	-0.905	-0.592	-0.554	-0.539	-0.770	-0.777	-1.057	-0.776	-0.876	-0.522	-0.776	-0.779	-0.955	-0.955	-0.775	-0.775	-0.552	-0.780	-0.690	-1.062	-1.085	-0.745	-0.603	-0.826	-0.796	-0.751	-0.922	-0.928	-1.005	-0.930	-0.976	-0.976	-1.007	-0.978	-0.986	-0.986	-0.990	-0.990	-0.993	-0.926	-0.976	-0.982	-0.979	-1.012	-0.984	-0.403	-0.827	-0.402	-0.714	-1.020	-0.427	-1.015	-0.406	-0.419	-0.861	-1.019	-0.842	-0.841	-0.836	-0.368	-0.406	-0.848	-0.766	-0.766	
rs12702921     -0.916	-1.016	-0.870	-0.885	-0.918	-0.923	-0.923	-0.928	-0.928	-0.931	-0.935	-0.932	-0.930	-0.930	-0.936	-0.932	-0.933	-0.937	-0.935	-0.958	-0.980	-0.901	-0.897	-0.897	-0.896	-0.898	-0.929	-0.979	-0.510	-0.496	-0.967	-0.898	-0.979	-0.485	-0.967	-0.912	-0.976	-0.976	-0.976	-0.976	-0.533	-0.534	-0.971	-0.787	-0.651	-1.057	-0.905	-0.592	-0.554	-0.539	-0.770	-0.777	-1.057	-0.776	-0.876	-0.522	-0.776	-0.779	-0.955	-0.955	-0.775	-0.775	-0.552	-0.780	-0.690	-1.062	-1.085	-0.745	-0.603	-0.826	-0.796	-0.751	-0.922	-0.928	-1.005	-0.930	-0.976	-0.976	-1.007	-0.978	-0.986	-0.986	-0.990	-0.990	-0.993	-0.926	-0.976	-0.982	-0.979	-1.012	-0.984	-0.403	-0.827	-0.402	-0.714	-1.020	-0.427	-1.015	-0.406	-0.419	-0.861	-1.019	-0.842	-0.841	-0.836	-0.368	-0.406	-0.848	-0.766	-0.766	
rs2350853      -0.899	-1.003	-0.853	-0.869	-0.902	-0.908	-0.908	-0.913	-0.913	-0.916	-0.920	-0.917	-0.915	-0.915	-0.921	-0.916	-0.918	-0.922	-0.920	-0.943	-0.966	-0.887	-0.883	-0.882	-0.882	-0.884	-0.914	-0.970	-0.576	-0.562	-0.965	-0.820	-0.809	-0.554	-0.786	-0.837	-0.801	-0.801	-0.801	-0.801	-0.831	-0.831	-0.989	-1.057	-1.057	-0.635	-0.826	-0.843	-0.625	-0.612	-1.057	-1.056	-0.771	-1.056	-0.490	-0.600	-1.056	-1.058	-0.970	-0.970	-1.056	-1.056	-0.627	-0.785	-0.699	-1.046	-1.067	-0.745	-0.671	-1.057	-1.052	-0.923	-1.073	-1.075	-0.945	-1.076	-1.013	-1.013	-0.946	-1.014	-1.021	-1.021	-1.024	-1.024	-1.026	-1.072	-1.011	-1.016	-1.013	-0.954	-1.018	-0.475	-0.791	-0.474	-0.707	-0.965	-0.496	-0.958	-0.477	-0.489	-0.827	-0.962	-0.807	-0.806	-0.801	-0.443	-0.478	-0.814	-0.762	-0.762	
rs10237257     -0.828	-0.934	-0.784	-0.800	-0.831	-0.836	-0.836	-0.841	-0.840	-0.843	-0.847	-0.844	-0.842	-0.842	-0.848	-0.844	-0.845	-0.849	-0.847	-0.867	-0.886	-0.805	-0.801	-0.801	-0.800	-0.802	-0.831	-0.916	-0.579	-0.567	-0.823	-0.735	-0.697	-0.559	-0.672	-0.740	-0.689	-0.689	-0.689	-0.689	-0.813	-0.813	-0.596	-0.905	-0.905	-0.826	-0.548	-0.823	-0.635	-0.624	-0.882	-0.880	-0.827	-0.879	-0.443	-0.612	-0.879	-0.887	-0.482	-0.482	-0.878	-0.876	-0.636	-0.743	-0.662	-0.987	-1.005	-0.703	-0.675	-0.863	-0.847	-0.874	-0.955	-0.950	-0.837	-0.952	-0.931	-0.931	-0.838	-0.933	-0.941	-0.941	-0.945	-0.946	-0.948	-0.962	-0.928	-0.934	-0.931	-0.847	-0.937	-0.491	-0.801	-0.489	-0.610	-0.862	-0.509	-0.853	-0.491	-0.502	-0.829	-0.858	-0.812	-0.812	-0.808	-0.460	-0.492	-0.818	-0.685	-0.685	
rs11974042     -0.772	-0.868	-0.717	-0.733	-0.764	-0.770	-0.770	-0.775	-0.774	-0.777	-0.781	-0.779	-0.776	-0.776	-0.782	-0.778	-0.779	-0.783	-0.781	-0.801	-0.821	-0.738	-0.734	-0.734	-0.733	-0.735	-0.766	-0.857	-0.551	-0.540	-0.679	-0.818	-0.675	-0.532	-0.653	-0.819	-0.698	-0.698	-0.698	-0.698	-0.661	-0.661	-0.721	-0.592	-0.592	-0.843	-0.823	-0.480	-0.603	-0.593	-0.508	-0.498	-0.843	-0.498	-0.531	-0.581	-0.498	-0.524	-0.666	-0.666	-0.492	-0.488	-0.604	-0.716	-0.639	-0.914	-0.935	-0.679	-0.641	-0.367	-0.300	-0.646	-0.740	-0.719	-0.773	-0.724	-0.670	-0.670	-0.774	-0.674	-0.692	-0.693	-0.702	-0.703	-0.709	-0.766	-0.666	-0.679	-0.673	-0.783	-0.685	-0.466	-0.765	-0.464	-0.604	-0.798	-0.484	-0.788	-0.467	-0.477	-0.791	-0.794	-0.776	-0.775	-0.772	-0.436	-0.468	-0.781	-0.641	-0.641	
rs33912919     -0.459	-0.563	-0.444	-0.459	-0.485	-0.490	-0.490	-0.494	-0.494	-0.496	-0.499	-0.497	-0.495	-0.495	-0.500	-0.496	-0.497	-0.501	-0.499	-0.513	-0.525	-0.443	-0.440	-0.441	-0.440	-0.442	-0.464	-0.589	-0.329	-0.317	-0.590	-0.634	-0.471	-0.310	-0.453	-0.635	-0.487	-0.487	-0.488	-0.488	-0.604	-0.604	-0.553	-0.554	-0.554	-0.625	-0.635	-0.603	-0.164	-0.259	-0.521	-0.519	-0.625	-0.518	-0.375	-0.267	-0.518	-0.527	-0.517	-0.517	-0.516	-0.514	-0.290	-0.504	-0.455	-0.635	-0.633	-0.491	-0.308	-0.471	-0.454	-0.609	-0.576	-0.563	-0.504	-0.566	-0.493	-0.493	-0.505	-0.495	-0.508	-0.508	-0.513	-0.514	-0.518	-0.587	-0.485	-0.495	-0.490	-0.511	-0.499	-0.255	-0.522	-0.255	-0.465	-0.525	-0.275	-0.516	-0.259	-0.269	-0.535	-0.522	-0.529	-0.528	-0.527	-0.229	-0.261	-0.531	-0.500	-0.500	
rs34129350     -0.447	-0.552	-0.434	-0.448	-0.474	-0.479	-0.479	-0.483	-0.483	-0.485	-0.488	-0.486	-0.484	-0.484	-0.489	-0.485	-0.486	-0.490	-0.488	-0.502	-0.514	-0.432	-0.429	-0.430	-0.429	-0.431	-0.453	-0.578	-0.325	-0.313	-0.578	-0.623	-0.457	-0.307	-0.439	-0.624	-0.473	-0.473	-0.473	-0.474	-0.593	-0.593	-0.539	-0.539	-0.539	-0.612	-0.624	-0.593	-0.259	-0.152	-0.506	-0.504	-0.613	-0.503	-0.359	-0.263	-0.503	-0.513	-0.502	-0.502	-0.501	-0.499	-0.283	-0.496	-0.448	-0.624	-0.621	-0.483	-0.296	-0.455	-0.438	-0.598	-0.562	-0.549	-0.491	-0.552	-0.478	-0.479	-0.492	-0.480	-0.493	-0.493	-0.499	-0.499	-0.503	-0.574	-0.470	-0.480	-0.475	-0.499	-0.484	-0.253	-0.513	-0.253	-0.457	-0.512	-0.272	-0.504	-0.257	-0.266	-0.524	-0.509	-0.519	-0.519	-0.517	-0.228	-0.259	-0.521	-0.491	-0.491	
