## Summary of overall evidence for association with region:
## log10(BF for region) = 43.3331
## p-value for region = NA

## BFs for choosing among multi-SNP models:
## log10(average 1-SNP BF) = 41.6219
## log10(average 2-SNP BF) = 43.8046

## Example posterior probabilities for multi-SNP models, based on default prior: [p(l) propto 0.5^l for l=1,2,...,L]
## posterior probability of 1-SNP = 0.0129632
## posterior probability of 2-SNP = 0.987037

## log10(BF) for single SNP and pair of SNPs:
rs6090877      +29.920	+30.021	+29.918	+30.433	+30.324	+33.177	+33.179	+42.445	+41.958	+41.957	+41.948	+41.960	+41.961	+42.094	+42.162	+41.962	+41.967	+41.909	+42.004	+42.150	+29.823	+41.387	+41.426	+29.532	+29.801	+35.093	+41.176	+41.105	+41.105	+41.101	+41.100	+41.094	+41.478	+41.093	+41.089	+41.082	+41.076	+41.074	+41.072	+41.071	+41.308	+41.250	+41.049	+41.051	+41.041	+40.062	+41.031	+30.303	+41.014	+41.032	+41.031	+41.018	+41.035	+41.038	+41.048	+41.052	+41.071	+40.768	+40.596	+39.374	+41.087	+33.959	+41.089	+41.092	+41.081	+41.080	+41.057	+41.028	+40.701	+41.025	+41.093	+41.015	+41.015	+35.194	+32.759	+32.645	+32.684	+32.656	+32.668	+32.674	+32.668	+32.237	+32.227	+32.287	+32.129	+40.640	+33.851	+40.864	+40.611	+40.522	+40.503	+29.945	+40.502	+35.196	+40.477	+40.475	+40.439	+40.221	+35.382	+40.146	+39.726	+39.706	+39.696	+39.690	+29.923	+39.624	+39.610	+39.382	+38.645	+29.930	+39.341	+30.059	+39.332	+39.315	+30.049	+39.306	+30.026	+39.269	+30.103	+30.006	+30.184	+39.267	+30.132	+39.270	+30.231	+30.009	+30.009	+30.468	+30.434	+35.003	+35.074	+34.999	+35.023	+35.031	+34.983	+34.986	+34.953	+34.962	+31.166	+31.169	+31.175	+31.172	+31.175	+31.122	+31.182	+31.148	+31.211	+32.999	+31.213	+31.254	+31.254	+31.255	+33.171	+31.233	+31.656	+31.088	+30.949	+30.647	+29.677	+30.098	+30.092	+29.930	+30.131	+30.422	+30.405	+30.404	+30.428	+32.838	+32.579	+30.450	+30.461	+30.464	+30.135	+30.135	+30.192	+30.410	+30.487	+32.660	+30.125	+30.498	+30.205	+29.694	+30.166	+30.165	+30.513	+30.160	+30.426	+31.009	+31.035	+29.797	+31.021	+33.415	+33.287	+31.030	+30.706	+30.157	
rs6095197      +30.021	+29.938	+29.929	+30.458	+30.337	+33.284	+33.284	+42.547	+42.049	+42.048	+42.038	+42.052	+42.052	+42.188	+42.256	+42.045	+42.050	+41.988	+42.073	+42.234	+29.827	+41.399	+41.437	+29.536	+29.803	+34.994	+41.175	+41.101	+41.100	+41.096	+41.095	+41.089	+41.475	+41.087	+41.084	+41.076	+41.070	+41.068	+41.066	+41.064	+41.306	+41.249	+41.042	+41.043	+41.033	+40.045	+41.023	+30.299	+41.005	+41.023	+41.023	+41.009	+41.026	+41.029	+41.039	+41.043	+41.062	+40.752	+40.577	+39.280	+41.077	+33.892	+41.079	+41.082	+41.070	+41.067	+41.043	+41.011	+40.672	+41.009	+41.076	+40.998	+40.998	+35.123	+32.725	+32.577	+32.616	+32.588	+32.600	+32.606	+32.600	+32.173	+32.163	+32.223	+32.097	+40.566	+33.822	+40.816	+40.538	+40.447	+40.428	+29.945	+40.426	+35.116	+40.400	+40.398	+40.362	+40.140	+35.315	+40.065	+39.639	+39.618	+39.608	+39.602	+29.911	+39.535	+39.521	+39.290	+38.539	+29.918	+39.248	+30.044	+39.239	+39.223	+30.035	+39.214	+30.012	+39.175	+30.083	+29.992	+30.163	+39.174	+30.099	+39.177	+30.204	+29.995	+29.996	+30.438	+30.406	+34.930	+35.026	+34.939	+34.950	+34.987	+34.910	+34.912	+34.879	+34.904	+31.152	+31.156	+31.162	+31.159	+31.161	+31.109	+31.168	+31.135	+31.197	+32.951	+31.199	+31.240	+31.240	+31.240	+33.121	+31.218	+31.627	+31.039	+30.907	+30.611	+29.700	+30.129	+30.122	+29.960	+30.162	+30.448	+30.434	+30.433	+30.454	+32.839	+32.582	+30.475	+30.486	+30.490	+30.166	+30.166	+30.221	+30.435	+30.513	+32.663	+30.155	+30.523	+30.233	+29.689	+30.194	+30.193	+30.539	+30.187	+30.454	+31.024	+31.049	+29.787	+31.036	+33.444	+33.304	+31.044	+30.720	+30.176	
rs34414028     +29.918	+29.929	+29.710	+30.454	+30.114	+33.287	+33.287	+42.557	+42.058	+42.057	+42.047	+42.061	+42.061	+42.197	+42.265	+42.051	+42.056	+41.992	+42.078	+42.238	+29.603	+41.397	+41.435	+29.311	+29.578	+34.839	+41.171	+41.096	+41.095	+41.091	+41.090	+41.083	+41.470	+41.082	+41.079	+41.071	+41.064	+41.062	+41.060	+41.059	+41.302	+41.244	+41.036	+41.038	+41.028	+40.035	+41.017	+30.074	+40.999	+41.017	+41.017	+41.003	+41.020	+41.024	+41.034	+41.037	+41.057	+40.745	+40.570	+39.244	+41.072	+33.795	+41.074	+41.076	+41.064	+41.061	+41.036	+41.005	+40.663	+41.002	+41.069	+40.991	+40.991	+35.029	+32.603	+32.453	+32.492	+32.464	+32.476	+32.483	+32.476	+32.044	+32.034	+32.094	+31.967	+40.543	+33.699	+40.792	+40.514	+40.423	+40.404	+29.720	+40.402	+35.016	+40.376	+40.373	+40.337	+40.114	+35.189	+40.038	+39.608	+39.588	+39.577	+39.572	+29.686	+39.503	+39.490	+39.257	+38.496	+29.693	+39.215	+29.819	+39.206	+39.189	+29.810	+39.180	+29.786	+39.142	+29.856	+29.767	+29.936	+39.140	+29.873	+39.143	+29.978	+29.769	+29.770	+30.212	+30.179	+34.821	+34.898	+34.828	+34.841	+34.875	+34.801	+34.803	+34.770	+34.753	+30.946	+30.950	+30.955	+30.952	+30.955	+30.903	+30.962	+30.928	+30.991	+32.726	+30.993	+31.034	+31.034	+31.034	+32.897	+31.012	+31.426	+30.852	+30.715	+30.418	+29.442	+29.859	+29.853	+29.693	+29.892	+30.167	+30.152	+30.151	+30.173	+32.564	+32.312	+30.194	+30.205	+30.208	+29.896	+29.896	+29.950	+30.155	+30.231	+32.393	+29.885	+30.242	+29.963	+29.486	+29.925	+29.924	+30.257	+29.918	+30.180	+30.734	+30.759	+29.588	+30.746	+33.155	+33.011	+30.754	+30.435	+29.953	
rs34318943     +30.433	+30.458	+30.454	+30.570	+30.860	+33.204	+33.206	+42.446	+41.960	+41.959	+41.949	+41.963	+41.963	+42.097	+42.166	+41.965	+41.970	+41.911	+41.999	+42.153	+30.375	+41.401	+41.439	+30.099	+30.355	+35.254	+41.194	+41.124	+41.124	+41.120	+41.119	+41.113	+41.496	+41.112	+41.108	+41.101	+41.095	+41.093	+41.091	+41.090	+41.326	+41.273	+41.068	+41.071	+41.061	+40.105	+41.051	+30.826	+41.034	+41.052	+41.051	+41.038	+41.054	+41.058	+41.068	+41.072	+41.091	+40.790	+40.620	+39.466	+41.106	+34.238	+41.109	+41.112	+41.101	+41.100	+41.078	+41.049	+40.726	+41.047	+41.115	+41.037	+41.037	+35.473	+33.218	+33.073	+33.111	+33.084	+33.096	+33.102	+33.096	+32.677	+32.666	+32.725	+32.603	+40.686	+34.205	+40.936	+40.658	+40.570	+40.551	+30.488	+40.550	+35.456	+40.525	+40.523	+40.488	+40.272	+35.738	+40.199	+39.785	+39.766	+39.755	+39.750	+30.455	+39.684	+39.671	+39.446	+38.738	+30.462	+39.406	+30.584	+39.397	+39.381	+30.576	+39.372	+30.553	+39.334	+30.589	+30.535	+30.664	+39.333	+30.603	+39.336	+30.703	+30.537	+30.538	+30.926	+30.919	+35.303	+35.455	+35.312	+35.322	+35.359	+35.283	+35.286	+35.256	+35.449	+31.810	+31.814	+31.820	+31.817	+31.820	+31.769	+31.826	+31.794	+31.855	+33.480	+31.857	+31.898	+31.898	+31.899	+33.649	+31.877	+32.278	+31.691	+31.565	+31.263	+30.338	+30.772	+30.766	+30.601	+30.805	+31.086	+31.072	+31.070	+31.092	+33.496	+33.247	+31.113	+31.124	+31.127	+30.808	+30.808	+30.863	+31.072	+31.150	+33.328	+30.797	+31.161	+30.875	+30.279	+30.836	+30.835	+31.176	+30.829	+31.092	+31.620	+31.645	+30.376	+31.631	+34.121	+33.944	+31.639	+31.318	+30.854	
rs4810830      +30.324	+30.337	+30.114	+30.860	+14.937	+33.339	+33.342	+42.306	+41.884	+41.883	+41.876	+41.889	+41.889	+42.004	+42.076	+41.943	+41.948	+41.909	+42.007	+42.125	+14.553	+41.531	+41.567	+14.388	+14.591	+30.530	+41.349	+41.286	+41.286	+41.282	+41.281	+41.275	+41.611	+41.274	+41.271	+41.265	+41.259	+41.257	+41.256	+41.255	+41.486	+41.424	+41.234	+41.236	+41.226	+40.293	+41.217	+14.711	+41.200	+41.217	+41.217	+41.204	+41.220	+41.223	+41.233	+41.235	+41.254	+40.933	+40.797	+39.210	+41.267	+31.845	+41.269	+41.272	+41.260	+41.258	+41.235	+41.206	+40.922	+41.204	+41.289	+41.194	+41.194	+32.186	+22.633	+22.412	+22.481	+22.424	+22.437	+22.453	+22.443	+21.820	+21.803	+21.901	+21.643	+40.678	+28.433	+40.907	+40.645	+40.547	+40.527	+14.572	+40.524	+32.638	+40.495	+40.492	+40.451	+40.210	+28.484	+40.126	+39.644	+39.620	+39.608	+39.602	+14.528	+39.523	+39.507	+39.239	+38.381	+14.524	+39.191	+14.499	+39.180	+39.162	+14.497	+39.151	+14.491	+39.107	+15.860	+14.488	+15.992	+39.107	+16.020	+39.110	+16.063	+14.488	+14.488	+16.421	+16.329	+31.506	+27.927	+31.492	+31.529	+31.544	+31.465	+31.468	+31.365	+26.238	+16.147	+16.150	+16.156	+16.152	+16.154	+16.050	+16.161	+16.078	+16.190	+17.161	+16.192	+16.240	+16.241	+16.241	+17.363	+16.221	+19.727	+17.763	+17.115	+16.129	+14.979	+14.581	+14.585	+14.744	+14.547	+14.220	+14.222	+14.222	+14.218	+16.000	+15.242	+14.212	+14.210	+14.209	+14.532	+14.533	+14.500	+14.218	+14.204	+15.282	+14.532	+14.201	+14.488	+18.905	+14.509	+14.510	+14.199	+14.513	+14.361	+14.198	+14.200	+18.993	+14.199	+15.691	+15.917	+14.201	+14.183	+14.205	
rs66798729     +33.177	+33.284	+33.287	+33.204	+33.339	+33.573	+33.676	+42.473	+41.983	+41.982	+41.973	+41.987	+41.987	+42.122	+42.193	+41.993	+41.998	+41.939	+42.027	+42.182	+32.982	+41.471	+41.508	+32.787	+32.972	+36.522	+41.281	+41.219	+41.218	+41.215	+41.214	+41.208	+41.585	+41.207	+41.204	+41.198	+41.192	+41.191	+41.189	+41.188	+41.415	+41.366	+41.168	+41.170	+41.161	+40.269	+41.152	+33.306	+41.137	+41.153	+41.153	+41.141	+41.156	+41.160	+41.170	+41.174	+41.193	+40.908	+40.756	+39.816	+41.208	+36.455	+41.211	+41.215	+41.205	+41.209	+41.189	+41.164	+40.871	+41.163	+41.232	+41.154	+41.154	+37.702	+35.026	+34.903	+34.934	+34.912	+34.923	+34.927	+34.922	+34.678	+34.669	+34.719	+34.620	+41.048	+35.735	+41.298	+41.024	+40.943	+40.926	+33.053	+40.925	+37.670	+40.904	+40.902	+40.871	+40.677	+37.222	+40.611	+40.243	+40.225	+40.216	+40.212	+33.025	+40.153	+40.141	+39.940	+39.407	+33.031	+39.904	+33.133	+39.896	+39.882	+33.126	+39.874	+33.110	+39.840	+33.095	+33.096	+33.149	+39.839	+33.099	+39.842	+33.178	+33.098	+33.098	+33.349	+33.349	+37.637	+36.987	+37.648	+37.656	+37.694	+37.621	+37.623	+37.598	+37.549	+34.449	+34.452	+34.458	+34.455	+34.458	+34.412	+34.464	+34.435	+34.491	+35.888	+34.492	+34.529	+34.529	+34.529	+36.041	+34.509	+34.896	+34.380	+34.284	+33.957	+33.356	+33.865	+33.858	+33.673	+33.898	+34.130	+34.116	+34.114	+34.136	+36.590	+36.364	+34.157	+34.168	+34.171	+33.902	+33.901	+33.958	+34.115	+34.194	+36.445	+33.889	+34.204	+33.971	+33.184	+33.930	+33.928	+34.219	+33.922	+34.206	+34.644	+34.670	+33.272	+34.655	+37.437	+37.201	+34.658	+34.329	+33.801	
rs34655284     +33.179	+33.284	+33.287	+33.206	+33.342	+33.676	+33.577	+42.479	+41.988	+41.987	+41.978	+41.992	+41.992	+42.128	+42.198	+41.997	+42.002	+41.943	+42.031	+42.186	+32.984	+41.470	+41.508	+32.790	+32.975	+36.518	+41.280	+41.217	+41.217	+41.213	+41.212	+41.207	+41.583	+41.206	+41.203	+41.196	+41.191	+41.189	+41.187	+41.186	+41.414	+41.365	+41.166	+41.168	+41.159	+40.266	+41.150	+33.307	+41.135	+41.152	+41.151	+41.139	+41.155	+41.158	+41.168	+41.172	+41.191	+40.906	+40.754	+39.811	+41.207	+36.450	+41.209	+41.213	+41.203	+41.207	+41.187	+41.162	+40.868	+41.161	+41.229	+41.152	+41.152	+37.696	+35.025	+34.901	+34.933	+34.911	+34.922	+34.926	+34.921	+34.676	+34.668	+34.717	+34.619	+41.043	+35.731	+41.293	+41.018	+40.938	+40.921	+33.055	+40.919	+37.663	+40.898	+40.897	+40.865	+40.671	+37.218	+40.605	+40.237	+40.220	+40.211	+40.206	+33.027	+40.147	+40.135	+39.935	+39.401	+33.033	+39.899	+33.135	+39.890	+39.876	+33.128	+39.868	+33.112	+39.834	+33.096	+33.098	+33.150	+39.833	+33.100	+39.836	+33.179	+33.100	+33.100	+33.350	+33.350	+37.631	+36.983	+37.641	+37.650	+37.687	+37.614	+37.616	+37.591	+37.546	+34.451	+34.454	+34.460	+34.457	+34.460	+34.414	+34.466	+34.437	+34.493	+35.889	+34.494	+34.531	+34.530	+34.531	+36.042	+34.511	+34.897	+34.382	+34.286	+33.959	+33.361	+33.871	+33.864	+33.678	+33.904	+34.136	+34.121	+34.120	+34.141	+36.597	+36.371	+34.163	+34.173	+34.177	+33.908	+33.907	+33.964	+34.121	+34.199	+36.452	+33.895	+34.210	+33.977	+33.186	+33.936	+33.934	+34.225	+33.928	+34.212	+34.650	+34.676	+33.275	+34.660	+37.444	+37.206	+34.663	+34.334	+33.806	
rs16993962     +42.445	+42.547	+42.557	+42.446	+42.306	+42.473	+42.479	+42.918	+42.886	+42.885	+42.884	+42.887	+42.887	+42.922	+42.949	+42.899	+42.901	+42.889	+42.939	+42.982	+42.052	+43.042	+43.065	+41.940	+42.066	+42.305	+43.028	+43.022	+43.022	+43.021	+43.021	+43.020	+43.229	+43.020	+43.019	+43.018	+43.017	+43.017	+43.016	+43.016	+43.120	+43.110	+43.012	+43.013	+43.011	+42.739	+43.009	+42.291	+43.005	+43.012	+43.012	+43.008	+43.014	+43.016	+43.021	+43.026	+43.035	+42.932	+42.900	+43.224	+43.047	+42.554	+43.050	+43.055	+43.054	+43.074	+43.072	+43.076	+43.011	+43.078	+43.124	+43.078	+43.078	+43.340	+42.103	+42.074	+42.081	+42.076	+42.079	+42.080	+42.079	+42.034	+42.033	+42.042	+42.024	+43.707	+42.193	+43.895	+43.698	+43.658	+43.649	+42.114	+43.649	+43.365	+43.642	+43.642	+43.629	+43.541	+42.879	+43.512	+43.358	+43.351	+43.347	+43.345	+42.097	+43.320	+43.315	+43.230	+43.194	+42.104	+43.218	+42.180	+43.214	+43.208	+42.175	+43.204	+42.164	+43.189	+42.169	+42.155	+42.207	+43.190	+42.169	+43.191	+42.229	+42.157	+42.157	+42.358	+42.362	+43.605	+42.804	+43.615	+43.617	+43.643	+43.597	+43.599	+43.605	+43.948	+42.928	+42.931	+42.936	+42.934	+42.936	+42.914	+42.941	+42.932	+42.961	+44.885	+42.962	+42.988	+42.988	+42.988	+45.023	+42.973	+43.328	+42.842	+42.871	+42.589	+42.571	+43.123	+43.116	+42.943	+43.158	+43.418	+43.406	+43.403	+43.424	+45.352	+45.155	+43.446	+43.457	+43.460	+43.162	+43.161	+43.217	+43.402	+43.483	+45.233	+43.146	+43.494	+43.229	+42.200	+43.188	+43.187	+43.507	+43.181	+43.452	+43.877	+43.903	+42.178	+43.887	+46.671	+46.484	+43.894	+43.580	+43.081	
rs55650467     +41.958	+42.049	+42.058	+41.960	+41.884	+41.983	+41.988	+42.886	+42.481	+42.612	+42.608	+42.615	+42.615	+42.681	+42.725	+42.646	+42.649	+42.631	+42.699	+42.762	+41.624	+42.777	+42.803	+41.508	+41.637	+41.906	+42.755	+42.746	+42.746	+42.744	+42.744	+42.743	+42.973	+42.743	+42.742	+42.740	+42.739	+42.739	+42.738	+42.738	+42.854	+42.843	+42.733	+42.734	+42.731	+42.416	+42.729	+41.866	+42.725	+42.733	+42.733	+42.728	+42.735	+42.737	+42.743	+42.748	+42.758	+42.640	+42.601	+42.905	+42.771	+42.166	+42.775	+42.779	+42.777	+42.799	+42.796	+42.799	+42.721	+42.801	+42.850	+42.800	+42.800	+42.976	+41.685	+41.653	+41.661	+41.656	+41.659	+41.660	+41.659	+41.610	+41.608	+41.618	+41.599	+43.423	+41.781	+43.617	+43.413	+43.370	+43.361	+41.686	+43.362	+43.001	+43.354	+43.354	+43.339	+43.246	+42.497	+43.215	+43.051	+43.043	+43.039	+43.036	+41.669	+43.010	+43.005	+42.914	+42.861	+41.676	+42.901	+41.752	+42.897	+42.890	+41.748	+42.886	+41.736	+42.870	+41.744	+41.727	+41.783	+42.871	+41.745	+42.872	+41.806	+41.729	+41.729	+41.939	+41.942	+43.237	+42.417	+43.248	+43.250	+43.277	+43.229	+43.232	+43.236	+43.536	+42.479	+42.482	+42.487	+42.485	+42.487	+42.464	+42.492	+42.483	+42.512	+44.436	+42.513	+42.538	+42.538	+42.539	+44.573	+42.523	+42.883	+42.397	+42.424	+42.143	+42.157	+42.721	+42.714	+42.541	+42.756	+43.030	+43.017	+43.015	+43.036	+44.944	+44.743	+43.058	+43.069	+43.073	+42.760	+42.759	+42.816	+43.013	+43.096	+44.821	+42.744	+43.107	+42.827	+41.760	+42.787	+42.786	+43.120	+42.779	+43.057	+43.500	+43.527	+41.743	+43.511	+46.267	+46.083	+43.517	+43.198	+42.691	
rs55824978     +41.957	+42.048	+42.057	+41.959	+41.883	+41.982	+41.987	+42.885	+42.612	+42.480	+42.607	+42.614	+42.615	+42.681	+42.725	+42.645	+42.648	+42.630	+42.698	+42.761	+41.623	+42.777	+42.802	+41.508	+41.636	+41.905	+42.754	+42.745	+42.745	+42.744	+42.743	+42.742	+42.972	+42.742	+42.741	+42.740	+42.738	+42.738	+42.738	+42.738	+42.854	+42.842	+42.732	+42.734	+42.731	+42.415	+42.729	+41.865	+42.724	+42.733	+42.733	+42.727	+42.735	+42.737	+42.742	+42.747	+42.758	+42.640	+42.601	+42.904	+42.770	+42.166	+42.774	+42.779	+42.777	+42.798	+42.795	+42.798	+42.721	+42.800	+42.849	+42.800	+42.800	+42.976	+41.684	+41.653	+41.660	+41.655	+41.658	+41.659	+41.658	+41.609	+41.607	+41.617	+41.598	+43.422	+41.780	+43.616	+43.413	+43.370	+43.360	+41.685	+43.361	+43.000	+43.354	+43.353	+43.339	+43.245	+42.496	+43.215	+43.050	+43.042	+43.038	+43.036	+41.668	+43.010	+43.004	+42.914	+42.861	+41.675	+42.900	+41.752	+42.896	+42.889	+41.747	+42.885	+41.735	+42.869	+41.743	+41.726	+41.782	+42.870	+41.744	+42.872	+41.805	+41.728	+41.728	+41.938	+41.942	+43.237	+42.417	+43.247	+43.250	+43.276	+43.229	+43.231	+43.236	+43.535	+42.478	+42.482	+42.486	+42.484	+42.486	+42.463	+42.491	+42.482	+42.511	+44.435	+42.512	+42.538	+42.537	+42.538	+44.572	+42.523	+42.882	+42.396	+42.423	+42.142	+42.156	+42.720	+42.713	+42.540	+42.755	+43.029	+43.016	+43.014	+43.036	+44.943	+44.742	+43.058	+43.068	+43.072	+42.759	+42.758	+42.815	+43.013	+43.095	+44.820	+42.743	+43.106	+42.827	+41.760	+42.786	+42.785	+43.119	+42.778	+43.056	+43.500	+43.526	+41.742	+43.510	+46.266	+46.082	+43.516	+43.197	+42.690	
rs55831660     +41.948	+42.038	+42.047	+41.949	+41.876	+41.973	+41.978	+42.884	+42.608	+42.607	+42.472	+42.611	+42.611	+42.678	+42.722	+42.642	+42.645	+42.626	+42.695	+42.758	+41.616	+42.772	+42.798	+41.500	+41.629	+41.898	+42.749	+42.740	+42.740	+42.739	+42.739	+42.737	+42.967	+42.737	+42.736	+42.735	+42.733	+42.733	+42.733	+42.733	+42.849	+42.837	+42.728	+42.729	+42.726	+42.409	+42.724	+41.858	+42.719	+42.728	+42.728	+42.722	+42.730	+42.732	+42.738	+42.742	+42.753	+42.635	+42.595	+42.898	+42.765	+42.159	+42.769	+42.774	+42.772	+42.793	+42.790	+42.794	+42.715	+42.795	+42.845	+42.795	+42.795	+42.969	+41.677	+41.645	+41.653	+41.648	+41.651	+41.652	+41.651	+41.602	+41.600	+41.610	+41.591	+43.417	+41.773	+43.611	+43.407	+43.365	+43.355	+41.678	+43.356	+42.994	+43.348	+43.348	+43.333	+43.240	+42.489	+43.209	+43.044	+43.036	+43.032	+43.030	+41.661	+43.004	+42.999	+42.908	+42.855	+41.668	+42.895	+41.744	+42.891	+42.883	+41.740	+42.879	+41.728	+42.863	+41.736	+41.719	+41.775	+42.864	+41.737	+42.866	+41.798	+41.721	+41.721	+41.931	+41.934	+43.230	+42.410	+43.241	+43.243	+43.269	+43.222	+43.224	+43.229	+43.528	+42.471	+42.474	+42.479	+42.477	+42.479	+42.456	+42.484	+42.475	+42.504	+44.428	+42.505	+42.530	+42.530	+42.531	+44.565	+42.515	+42.875	+42.389	+42.416	+42.135	+42.149	+42.712	+42.706	+42.532	+42.748	+43.022	+43.009	+43.006	+43.028	+44.936	+44.735	+43.050	+43.061	+43.064	+42.751	+42.751	+42.807	+43.005	+43.087	+44.812	+42.735	+43.098	+42.819	+41.752	+42.779	+42.777	+43.112	+42.771	+43.049	+43.492	+43.518	+41.734	+43.502	+46.258	+46.074	+43.508	+43.189	+42.683	
rs16993971     +41.960	+42.052	+42.061	+41.963	+41.889	+41.987	+41.992	+42.887	+42.615	+42.614	+42.611	+42.486	+42.618	+42.684	+42.727	+42.647	+42.650	+42.632	+42.699	+42.762	+41.628	+42.775	+42.800	+41.513	+41.641	+41.908	+42.752	+42.742	+42.742	+42.740	+42.740	+42.739	+42.968	+42.739	+42.738	+42.736	+42.735	+42.735	+42.735	+42.734	+42.850	+42.838	+42.729	+42.730	+42.728	+42.413	+42.725	+41.869	+42.721	+42.729	+42.729	+42.724	+42.731	+42.733	+42.739	+42.744	+42.754	+42.637	+42.598	+42.901	+42.766	+42.167	+42.770	+42.775	+42.773	+42.794	+42.791	+42.794	+42.717	+42.796	+42.845	+42.796	+42.796	+42.975	+41.687	+41.657	+41.664	+41.659	+41.662	+41.663	+41.662	+41.613	+41.612	+41.622	+41.603	+43.417	+41.783	+43.611	+43.407	+43.364	+43.355	+41.689	+43.356	+42.999	+43.348	+43.348	+43.333	+43.240	+42.496	+43.210	+43.046	+43.038	+43.033	+43.031	+41.672	+43.005	+43.000	+42.910	+42.857	+41.679	+42.896	+41.755	+42.892	+42.885	+41.750	+42.881	+41.739	+42.865	+41.747	+41.729	+41.785	+42.866	+41.747	+42.867	+41.808	+41.731	+41.732	+41.941	+41.944	+43.236	+42.417	+43.246	+43.249	+43.275	+43.228	+43.230	+43.235	+43.537	+42.484	+42.487	+42.492	+42.489	+42.492	+42.469	+42.496	+42.487	+42.516	+44.436	+42.518	+42.543	+42.543	+42.543	+44.573	+42.528	+42.887	+42.401	+42.428	+42.147	+42.163	+42.727	+42.720	+42.547	+42.762	+43.037	+43.024	+43.021	+43.043	+44.950	+44.749	+43.065	+43.076	+43.079	+42.766	+42.765	+42.822	+43.020	+43.102	+44.827	+42.750	+43.113	+42.834	+41.766	+42.793	+42.792	+43.127	+42.785	+43.064	+43.507	+43.533	+41.748	+43.517	+46.275	+46.091	+43.523	+43.204	+42.697	
rs56203753     +41.961	+42.052	+42.061	+41.963	+41.889	+41.987	+41.992	+42.887	+42.615	+42.615	+42.611	+42.618	+42.487	+42.684	+42.728	+42.647	+42.650	+42.632	+42.699	+42.762	+41.628	+42.774	+42.799	+41.513	+41.641	+41.908	+42.750	+42.740	+42.741	+42.739	+42.739	+42.738	+42.967	+42.738	+42.737	+42.735	+42.734	+42.733	+42.733	+42.733	+42.849	+42.837	+42.728	+42.729	+42.726	+42.412	+42.724	+41.869	+42.720	+42.728	+42.728	+42.722	+42.730	+42.732	+42.737	+42.742	+42.752	+42.635	+42.596	+42.899	+42.765	+42.168	+42.769	+42.774	+42.772	+42.793	+42.790	+42.793	+42.715	+42.795	+42.844	+42.794	+42.794	+42.975	+41.688	+41.657	+41.664	+41.659	+41.662	+41.663	+41.662	+41.614	+41.612	+41.622	+41.603	+43.415	+41.783	+43.609	+43.405	+43.363	+43.353	+41.689	+43.354	+42.999	+43.346	+43.346	+43.331	+43.238	+42.495	+43.208	+43.044	+43.036	+43.032	+43.030	+41.672	+43.003	+42.998	+42.908	+42.856	+41.679	+42.895	+41.755	+42.891	+42.883	+41.751	+42.880	+41.739	+42.864	+41.747	+41.730	+41.785	+42.864	+41.747	+42.866	+41.809	+41.732	+41.732	+41.941	+41.944	+43.235	+42.416	+43.246	+43.248	+43.275	+43.227	+43.230	+43.235	+43.536	+42.484	+42.487	+42.492	+42.490	+42.492	+42.469	+42.497	+42.487	+42.517	+44.436	+42.518	+42.543	+42.543	+42.544	+44.573	+42.528	+42.887	+42.402	+42.429	+42.147	+42.164	+42.728	+42.721	+42.548	+42.763	+43.038	+43.025	+43.022	+43.044	+44.950	+44.749	+43.066	+43.077	+43.080	+42.767	+42.766	+42.823	+43.021	+43.103	+44.827	+42.751	+43.114	+42.835	+41.767	+42.794	+42.793	+43.128	+42.786	+43.065	+43.508	+43.534	+41.749	+43.518	+46.275	+46.091	+43.524	+43.205	+42.698	
rs73135714     +42.094	+42.188	+42.197	+42.097	+42.004	+42.122	+42.128	+42.922	+42.681	+42.681	+42.678	+42.684	+42.684	+42.609	+42.780	+42.708	+42.710	+42.693	+42.754	+42.812	+41.743	+42.831	+42.855	+41.630	+41.755	+42.011	+42.807	+42.797	+42.798	+42.796	+42.796	+42.795	+43.017	+42.795	+42.794	+42.792	+42.791	+42.791	+42.790	+42.790	+42.902	+42.891	+42.785	+42.786	+42.783	+42.486	+42.781	+41.977	+42.777	+42.785	+42.785	+42.780	+42.787	+42.789	+42.794	+42.799	+42.809	+42.696	+42.660	+42.968	+42.821	+42.266	+42.824	+42.829	+42.827	+42.848	+42.845	+42.849	+42.775	+42.850	+42.898	+42.850	+42.850	+43.061	+41.798	+41.769	+41.776	+41.771	+41.774	+41.775	+41.774	+41.728	+41.727	+41.736	+41.718	+43.469	+41.891	+43.661	+43.460	+43.418	+43.409	+41.800	+43.409	+43.085	+43.402	+43.401	+43.387	+43.296	+42.586	+43.266	+43.106	+43.099	+43.095	+43.092	+41.784	+43.067	+43.062	+42.974	+42.927	+41.791	+42.961	+41.865	+42.957	+42.950	+41.860	+42.946	+41.849	+42.931	+41.857	+41.840	+41.894	+42.931	+41.857	+42.933	+41.917	+41.842	+41.842	+42.047	+42.051	+43.322	+42.509	+43.333	+43.335	+43.361	+43.314	+43.316	+43.322	+43.633	+42.602	+42.605	+42.609	+42.607	+42.610	+42.587	+42.614	+42.605	+42.634	+44.534	+42.635	+42.661	+42.661	+42.661	+44.672	+42.646	+43.004	+42.518	+42.546	+42.265	+42.289	+42.856	+42.849	+42.676	+42.892	+43.167	+43.154	+43.151	+43.173	+45.077	+44.876	+43.195	+43.206	+43.210	+42.895	+42.895	+42.952	+43.150	+43.233	+44.954	+42.879	+43.244	+42.963	+41.891	+42.922	+42.921	+43.257	+42.915	+43.193	+43.638	+43.664	+41.871	+43.648	+46.412	+46.229	+43.654	+43.334	+42.826	
rs58173608     +42.162	+42.256	+42.265	+42.166	+42.076	+42.193	+42.198	+42.949	+42.725	+42.725	+42.722	+42.727	+42.728	+42.780	+42.683	+42.747	+42.750	+42.733	+42.788	+42.843	+41.810	+42.854	+42.878	+41.698	+41.819	+42.067	+42.830	+42.819	+42.819	+42.818	+42.817	+42.816	+43.033	+42.816	+42.815	+42.813	+42.812	+42.812	+42.812	+42.811	+42.920	+42.909	+42.806	+42.807	+42.805	+42.520	+42.803	+42.036	+42.798	+42.806	+42.806	+42.801	+42.808	+42.810	+42.815	+42.820	+42.829	+42.720	+42.687	+42.994	+42.840	+42.319	+42.844	+42.849	+42.847	+42.867	+42.864	+42.868	+42.797	+42.869	+42.916	+42.869	+42.869	+43.103	+41.861	+41.834	+41.840	+41.836	+41.838	+41.839	+41.838	+41.795	+41.794	+41.802	+41.786	+43.484	+41.952	+43.674	+43.475	+43.433	+43.424	+41.862	+43.425	+43.127	+43.418	+43.417	+43.403	+43.313	+42.631	+43.284	+43.127	+43.120	+43.116	+43.114	+41.846	+43.089	+43.084	+42.997	+42.953	+41.853	+42.985	+41.925	+42.981	+42.974	+41.921	+42.970	+41.910	+42.955	+41.916	+41.901	+41.953	+42.957	+41.917	+42.958	+41.975	+41.903	+41.903	+42.104	+42.108	+43.372	+42.559	+43.383	+43.385	+43.411	+43.365	+43.367	+43.373	+43.687	+42.671	+42.674	+42.679	+42.677	+42.679	+42.657	+42.684	+42.675	+42.703	+44.583	+42.705	+42.730	+42.730	+42.730	+44.721	+42.715	+43.072	+42.588	+42.617	+42.336	+42.367	+42.930	+42.924	+42.751	+42.966	+43.243	+43.230	+43.227	+43.249	+45.143	+44.942	+43.271	+43.282	+43.286	+42.970	+42.969	+43.026	+43.226	+43.309	+45.020	+42.953	+43.320	+43.037	+41.967	+42.997	+42.995	+43.333	+42.989	+43.268	+43.714	+43.741	+41.945	+43.725	+46.490	+46.309	+43.731	+43.410	+42.902	
rs55713464     +41.962	+42.045	+42.051	+41.965	+41.943	+41.993	+41.997	+42.899	+42.646	+42.645	+42.642	+42.647	+42.647	+42.708	+42.747	+42.533	+42.668	+42.646	+42.702	+42.771	+41.664	+42.735	+42.759	+41.549	+41.671	+41.915	+42.700	+42.685	+42.685	+42.684	+42.683	+42.682	+42.903	+42.682	+42.681	+42.679	+42.677	+42.677	+42.676	+42.676	+42.787	+42.776	+42.670	+42.671	+42.668	+42.375	+42.666	+41.886	+42.661	+42.669	+42.669	+42.664	+42.671	+42.673	+42.678	+42.682	+42.692	+42.580	+42.545	+42.841	+42.703	+42.164	+42.707	+42.711	+42.709	+42.728	+42.725	+42.728	+42.653	+42.729	+42.776	+42.729	+42.729	+42.945	+41.705	+41.678	+41.685	+41.680	+41.683	+41.683	+41.682	+41.641	+41.640	+41.648	+41.632	+43.333	+41.796	+43.524	+43.323	+43.281	+43.272	+41.711	+43.273	+42.967	+43.265	+43.265	+43.251	+43.160	+42.469	+43.130	+42.971	+42.963	+42.959	+42.957	+41.694	+42.932	+42.927	+42.840	+42.793	+41.701	+42.827	+41.773	+42.823	+42.816	+41.769	+42.813	+41.758	+42.798	+41.764	+41.749	+41.801	+42.799	+41.765	+42.800	+41.823	+41.751	+41.751	+41.952	+41.956	+43.212	+42.399	+43.223	+43.226	+43.252	+43.205	+43.207	+43.213	+43.519	+42.517	+42.520	+42.524	+42.522	+42.525	+42.502	+42.529	+42.520	+42.549	+44.424	+42.550	+42.575	+42.575	+42.576	+44.562	+42.561	+42.917	+42.431	+42.461	+42.181	+42.216	+42.776	+42.770	+42.598	+42.812	+43.092	+43.079	+43.076	+43.098	+44.970	+44.766	+43.120	+43.131	+43.135	+42.816	+42.815	+42.872	+43.075	+43.158	+44.844	+42.799	+43.169	+42.883	+41.817	+42.843	+42.841	+43.182	+42.835	+43.114	+43.570	+43.596	+41.794	+43.581	+46.331	+46.153	+43.587	+43.265	+42.748	
rs56272005     +41.967	+42.050	+42.056	+41.970	+41.948	+41.998	+42.002	+42.901	+42.649	+42.648	+42.645	+42.650	+42.650	+42.710	+42.750	+42.668	+42.538	+42.649	+42.705	+42.773	+41.669	+42.737	+42.761	+41.554	+41.676	+41.919	+42.702	+42.687	+42.687	+42.685	+42.685	+42.684	+42.905	+42.684	+42.683	+42.681	+42.679	+42.679	+42.678	+42.678	+42.789	+42.778	+42.672	+42.673	+42.670	+42.378	+42.668	+41.890	+42.663	+42.671	+42.671	+42.666	+42.673	+42.675	+42.680	+42.684	+42.694	+42.582	+42.547	+42.843	+42.705	+42.168	+42.709	+42.713	+42.711	+42.730	+42.727	+42.729	+42.655	+42.731	+42.778	+42.730	+42.730	+42.947	+41.710	+41.683	+41.689	+41.685	+41.687	+41.688	+41.687	+41.646	+41.645	+41.653	+41.637	+43.334	+41.800	+43.524	+43.325	+43.283	+43.273	+41.715	+43.274	+42.969	+43.267	+43.266	+43.252	+43.161	+42.472	+43.132	+42.973	+42.965	+42.961	+42.959	+41.699	+42.934	+42.929	+42.842	+42.795	+41.706	+42.829	+41.778	+42.825	+42.818	+41.773	+42.815	+41.762	+42.800	+41.769	+41.753	+41.805	+42.801	+41.770	+42.803	+41.828	+41.756	+41.756	+41.956	+41.960	+43.215	+42.402	+43.226	+43.228	+43.254	+43.208	+43.210	+43.215	+43.522	+42.521	+42.525	+42.529	+42.527	+42.529	+42.507	+42.534	+42.525	+42.554	+44.428	+42.555	+42.580	+42.580	+42.581	+44.566	+42.565	+42.922	+42.436	+42.466	+42.186	+42.221	+42.782	+42.775	+42.604	+42.817	+43.098	+43.085	+43.082	+43.104	+44.976	+44.772	+43.126	+43.137	+43.140	+42.821	+42.820	+42.877	+43.081	+43.163	+44.849	+42.805	+43.174	+42.888	+41.822	+42.848	+42.847	+43.188	+42.840	+43.120	+43.576	+43.602	+41.800	+43.586	+46.337	+46.160	+43.592	+43.270	+42.753	
rs7403         +41.909	+41.988	+41.992	+41.911	+41.909	+41.939	+41.943	+42.889	+42.631	+42.630	+42.626	+42.632	+42.632	+42.693	+42.733	+42.646	+42.649	+42.494	+42.683	+42.756	+41.626	+42.707	+42.731	+41.510	+41.632	+41.876	+42.669	+42.652	+42.652	+42.651	+42.650	+42.649	+42.872	+42.649	+42.648	+42.646	+42.644	+42.644	+42.643	+42.643	+42.755	+42.744	+42.637	+42.638	+42.635	+42.339	+42.632	+41.845	+42.627	+42.635	+42.635	+42.630	+42.637	+42.639	+42.644	+42.648	+42.658	+42.545	+42.510	+42.802	+42.669	+42.125	+42.673	+42.677	+42.675	+42.694	+42.691	+42.693	+42.617	+42.694	+42.741	+42.694	+42.694	+42.904	+41.665	+41.638	+41.645	+41.640	+41.643	+41.643	+41.642	+41.602	+41.601	+41.609	+41.593	+43.294	+41.755	+43.485	+43.284	+43.242	+43.233	+41.670	+43.234	+42.925	+43.226	+43.226	+43.212	+43.120	+42.427	+43.090	+42.931	+42.923	+42.919	+42.917	+41.654	+42.892	+42.887	+42.800	+42.751	+41.661	+42.787	+41.733	+42.783	+42.776	+41.728	+42.772	+41.717	+42.757	+41.724	+41.708	+41.760	+42.759	+41.724	+42.760	+41.783	+41.710	+41.711	+41.910	+41.915	+43.171	+42.357	+43.182	+43.184	+43.210	+43.164	+43.166	+43.171	+43.475	+42.476	+42.479	+42.483	+42.481	+42.484	+42.461	+42.488	+42.479	+42.508	+44.378	+42.509	+42.534	+42.534	+42.535	+44.516	+42.520	+42.876	+42.389	+42.419	+42.141	+42.177	+42.736	+42.730	+42.559	+42.772	+43.053	+43.040	+43.037	+43.059	+44.928	+44.721	+43.081	+43.092	+43.096	+42.775	+42.775	+42.832	+43.036	+43.119	+44.799	+42.759	+43.129	+42.843	+41.779	+42.803	+42.801	+43.143	+42.795	+43.074	+43.532	+43.558	+41.756	+43.542	+46.290	+46.113	+43.548	+43.226	+42.709	
rs2664570      +42.004	+42.073	+42.078	+41.999	+42.007	+42.027	+42.031	+42.939	+42.699	+42.698	+42.695	+42.699	+42.699	+42.754	+42.788	+42.702	+42.705	+42.683	+42.595	+42.799	+41.724	+42.785	+42.799	+41.610	+41.731	+41.971	+42.750	+42.734	+42.734	+42.733	+42.733	+42.731	+42.948	+42.731	+42.730	+42.728	+42.726	+42.726	+42.726	+42.725	+42.835	+42.815	+42.719	+42.720	+42.718	+42.428	+42.715	+41.944	+42.710	+42.718	+42.718	+42.713	+42.720	+42.721	+42.727	+42.731	+42.740	+42.630	+42.597	+42.895	+42.751	+42.214	+42.755	+42.759	+42.758	+42.776	+42.774	+42.776	+42.703	+42.778	+42.824	+42.777	+42.777	+42.988	+41.762	+41.736	+41.742	+41.737	+41.740	+41.741	+41.740	+41.700	+41.699	+41.706	+41.691	+43.381	+41.851	+43.571	+43.371	+43.330	+43.320	+41.770	+43.321	+43.006	+43.314	+43.313	+43.300	+43.209	+42.526	+43.180	+43.022	+43.015	+43.011	+43.009	+41.754	+42.983	+42.978	+42.892	+42.847	+41.762	+42.879	+41.832	+42.876	+42.869	+41.827	+42.865	+41.816	+42.850	+41.822	+41.807	+41.859	+42.850	+41.828	+42.852	+41.884	+41.810	+41.810	+42.012	+42.018	+43.249	+42.447	+43.249	+43.262	+43.277	+43.242	+43.244	+43.250	+43.573	+42.587	+42.590	+42.595	+42.593	+42.595	+42.572	+42.600	+42.591	+42.620	+44.476	+42.621	+42.646	+42.646	+42.646	+44.613	+42.631	+42.976	+42.497	+42.525	+42.251	+42.286	+42.832	+42.825	+42.655	+42.867	+43.154	+43.137	+43.134	+43.160	+45.041	+44.838	+43.182	+43.193	+43.197	+42.871	+42.870	+42.930	+43.137	+43.220	+44.916	+42.854	+43.230	+42.941	+41.880	+42.901	+42.900	+43.244	+42.893	+43.175	+43.632	+43.658	+41.856	+43.642	+46.382	+46.221	+43.649	+43.327	+42.803	
rs11553082     +42.150	+42.234	+42.238	+42.153	+42.125	+42.182	+42.186	+42.982	+42.762	+42.761	+42.758	+42.762	+42.762	+42.812	+42.843	+42.771	+42.773	+42.756	+42.799	+42.724	+41.845	+42.830	+42.852	+41.733	+41.850	+42.077	+42.796	+42.781	+42.781	+42.779	+42.779	+42.778	+42.986	+42.777	+42.776	+42.775	+42.773	+42.773	+42.772	+42.772	+42.876	+42.866	+42.767	+42.768	+42.765	+42.500	+42.762	+42.058	+42.758	+42.765	+42.765	+42.760	+42.767	+42.769	+42.774	+42.778	+42.786	+42.683	+42.653	+42.950	+42.797	+42.319	+42.800	+42.804	+42.802	+42.821	+42.818	+42.820	+42.752	+42.822	+42.866	+42.821	+42.821	+43.078	+41.879	+41.855	+41.860	+41.856	+41.859	+41.859	+41.858	+41.822	+41.821	+41.828	+41.814	+43.422	+41.967	+43.609	+43.413	+43.372	+43.364	+41.887	+43.364	+43.102	+43.357	+43.356	+43.343	+43.255	+42.613	+43.227	+43.074	+43.067	+43.063	+43.061	+41.871	+43.036	+43.032	+42.948	+42.908	+41.878	+42.936	+41.948	+42.932	+42.926	+41.944	+42.922	+41.933	+42.908	+41.938	+41.924	+41.974	+42.909	+41.939	+42.911	+41.996	+41.926	+41.927	+42.121	+42.126	+43.349	+42.545	+43.360	+43.362	+43.387	+43.342	+43.344	+43.349	+43.668	+42.705	+42.708	+42.713	+42.711	+42.713	+42.691	+42.718	+42.709	+42.738	+44.582	+42.739	+42.764	+42.764	+42.764	+44.719	+42.749	+43.092	+42.618	+42.650	+42.371	+42.417	+42.971	+42.964	+42.793	+43.007	+43.289	+43.276	+43.273	+43.295	+45.164	+44.957	+43.317	+43.328	+43.332	+43.011	+43.010	+43.067	+43.272	+43.355	+45.035	+42.994	+43.365	+43.078	+42.011	+43.038	+43.036	+43.379	+43.030	+43.310	+43.768	+43.794	+41.985	+43.778	+46.536	+46.359	+43.784	+43.461	+42.943	
rs6095216      +29.823	+29.827	+29.603	+30.375	+14.553	+32.982	+32.984	+42.052	+41.624	+41.623	+41.616	+41.628	+41.628	+41.743	+41.810	+41.664	+41.669	+41.626	+41.724	+41.845	+12.562	+41.242	+41.279	+12.261	+12.401	+30.177	+41.042	+40.971	+40.971	+40.967	+40.966	+40.960	+41.319	+40.959	+40.955	+40.948	+40.942	+40.940	+40.938	+40.937	+41.174	+41.114	+40.914	+40.916	+40.906	+39.934	+40.896	+13.830	+40.878	+40.896	+40.896	+40.882	+40.899	+40.902	+40.912	+40.915	+40.934	+40.612	+40.459	+38.670	+40.948	+30.861	+40.950	+40.953	+40.941	+40.938	+40.914	+40.883	+40.569	+40.880	+40.959	+40.869	+40.869	+31.232	+22.131	+21.888	+21.962	+21.900	+21.913	+21.931	+21.919	+21.231	+21.210	+21.316	+21.029	+40.248	+27.816	+40.480	+40.213	+40.111	+40.090	+12.955	+40.087	+31.596	+40.055	+40.052	+40.009	+39.757	+28.154	+39.669	+39.166	+39.141	+39.129	+39.122	+12.972	+39.041	+39.024	+38.746	+37.768	+12.971	+38.695	+13.008	+38.684	+38.665	+12.992	+38.655	+12.948	+38.609	+14.796	+12.915	+14.969	+38.609	+14.990	+38.613	+15.057	+12.921	+12.921	+15.501	+15.398	+30.345	+27.548	+30.332	+30.369	+30.386	+30.301	+30.304	+30.191	+25.058	+14.248	+14.250	+14.257	+14.252	+14.255	+14.139	+14.262	+14.170	+14.294	+16.065	+14.297	+14.348	+14.349	+14.350	+16.294	+14.327	+17.808	+15.895	+15.181	+14.174	+12.368	+12.081	+12.084	+12.210	+12.054	+11.839	+11.840	+11.840	+11.837	+13.867	+13.098	+11.834	+11.833	+11.832	+12.041	+12.042	+12.018	+11.837	+11.830	+13.141	+12.041	+11.828	+12.006	+16.959	+12.023	+12.024	+11.827	+12.026	+11.917	+11.881	+11.884	+17.046	+11.883	+13.438	+13.647	+11.886	+11.852	+11.842	
rs73138132     +41.387	+41.399	+41.397	+41.401	+41.531	+41.471	+41.470	+43.042	+42.777	+42.777	+42.772	+42.775	+42.774	+42.831	+42.854	+42.735	+42.737	+42.707	+42.785	+42.830	+41.242	+42.125	+42.275	+41.108	+41.191	+41.409	+42.164	+42.136	+42.136	+42.135	+42.134	+42.132	+42.335	+42.132	+42.131	+42.128	+42.126	+42.125	+42.124	+42.124	+42.230	+42.210	+42.116	+42.117	+42.113	+41.899	+42.110	+41.362	+42.104	+42.111	+42.111	+42.106	+42.112	+42.113	+42.118	+42.120	+42.128	+42.028	+41.991	+42.106	+42.136	+41.558	+42.138	+42.141	+42.137	+42.146	+42.140	+42.136	+42.047	+42.137	+42.175	+42.135	+42.135	+42.168	+41.248	+41.232	+41.236	+41.233	+41.234	+41.235	+41.234	+41.212	+41.211	+41.214	+41.207	+42.650	+41.338	+42.835	+42.640	+42.598	+42.589	+41.229	+42.589	+42.226	+42.581	+42.580	+42.566	+42.476	+41.878	+42.447	+42.294	+42.287	+42.283	+42.281	+41.217	+42.257	+42.252	+42.172	+42.130	+41.222	+42.162	+41.279	+42.158	+42.152	+41.275	+42.149	+41.266	+42.135	+41.263	+41.259	+41.293	+42.139	+41.266	+42.140	+41.313	+41.261	+41.262	+41.421	+41.428	+42.457	+41.828	+42.468	+42.470	+42.494	+42.452	+42.453	+42.459	+42.945	+41.958	+41.961	+41.966	+41.964	+41.966	+41.944	+41.970	+41.960	+41.989	+43.807	+41.990	+42.013	+42.013	+42.014	+43.944	+41.999	+42.289	+41.863	+41.884	+41.645	+41.812	+42.352	+42.345	+42.179	+42.387	+42.674	+42.662	+42.659	+42.681	+44.607	+44.401	+42.703	+42.713	+42.717	+42.391	+42.390	+42.447	+42.658	+42.740	+44.479	+42.375	+42.751	+42.457	+41.403	+42.418	+42.417	+42.765	+42.410	+42.697	+43.358	+43.386	+41.390	+43.370	+46.187	+46.034	+43.371	+43.034	+42.505	
rs58400536     +41.426	+41.437	+41.435	+41.439	+41.567	+41.508	+41.508	+43.065	+42.803	+42.802	+42.798	+42.800	+42.799	+42.855	+42.878	+42.759	+42.761	+42.731	+42.799	+42.852	+41.279	+42.275	+42.164	+41.146	+41.228	+41.445	+42.188	+42.162	+42.162	+42.160	+42.160	+42.158	+42.356	+42.157	+42.156	+42.154	+42.151	+42.151	+42.150	+42.150	+42.252	+42.229	+42.142	+42.143	+42.140	+41.934	+42.136	+41.398	+42.131	+42.137	+42.137	+42.132	+42.138	+42.139	+42.143	+42.146	+42.154	+42.057	+42.021	+42.137	+42.161	+41.594	+42.163	+42.166	+42.162	+42.171	+42.166	+42.162	+42.076	+42.162	+42.200	+42.161	+42.161	+42.203	+41.284	+41.269	+41.272	+41.270	+41.271	+41.272	+41.271	+41.250	+41.249	+41.252	+41.245	+42.676	+41.376	+42.860	+42.667	+42.625	+42.615	+41.265	+42.616	+42.260	+42.608	+42.607	+42.593	+42.504	+41.913	+42.475	+42.324	+42.316	+42.313	+42.311	+41.253	+42.287	+42.282	+42.202	+42.162	+41.259	+42.192	+41.315	+42.189	+42.182	+41.311	+42.179	+41.302	+42.166	+41.299	+41.295	+41.329	+42.169	+41.304	+42.171	+41.351	+41.298	+41.298	+41.459	+41.466	+42.491	+41.858	+42.493	+42.504	+42.518	+42.486	+42.488	+42.493	+42.977	+41.998	+42.001	+42.005	+42.003	+42.005	+41.984	+42.010	+42.000	+42.028	+43.842	+42.030	+42.053	+42.053	+42.053	+43.980	+42.039	+42.331	+41.904	+41.925	+41.686	+41.851	+42.391	+42.384	+42.218	+42.426	+42.718	+42.701	+42.698	+42.724	+44.649	+44.443	+42.746	+42.757	+42.761	+42.430	+42.429	+42.489	+42.701	+42.784	+44.521	+42.414	+42.794	+42.500	+41.442	+42.460	+42.459	+42.808	+42.453	+42.739	+43.403	+43.431	+41.428	+43.415	+46.222	+46.083	+43.416	+43.078	+42.542	
rs6012503      +29.532	+29.536	+29.311	+30.099	+14.388	+32.787	+32.790	+41.940	+41.508	+41.508	+41.500	+41.513	+41.513	+41.630	+41.698	+41.549	+41.554	+41.510	+41.610	+41.733	+12.261	+41.108	+41.146	+11.453	+11.800	+30.037	+40.896	+40.822	+40.821	+40.817	+40.816	+40.810	+41.189	+40.808	+40.805	+40.797	+40.791	+40.789	+40.787	+40.785	+41.028	+40.968	+40.762	+40.764	+40.754	+39.743	+40.743	+13.719	+40.725	+40.743	+40.743	+40.729	+40.746	+40.749	+40.759	+40.762	+40.782	+40.460	+40.292	+38.323	+40.797	+30.289	+40.799	+40.801	+40.789	+40.785	+40.759	+40.726	+40.382	+40.723	+40.795	+40.712	+40.712	+30.670	+21.875	+21.617	+21.695	+21.629	+21.641	+21.661	+21.648	+20.909	+20.885	+20.998	+20.699	+39.988	+27.473	+40.220	+39.952	+39.847	+39.826	+12.726	+39.822	+30.966	+39.789	+39.786	+39.741	+39.478	+28.280	+39.387	+38.865	+38.840	+38.827	+38.820	+12.740	+38.737	+38.719	+38.433	+37.320	+12.738	+38.381	+12.769	+38.370	+38.350	+12.750	+38.339	+12.695	+38.293	+14.661	+12.653	+14.849	+38.292	+14.875	+38.296	+14.944	+12.661	+12.662	+15.415	+15.309	+29.662	+27.689	+29.649	+29.686	+29.701	+29.617	+29.619	+29.497	+25.105	+13.661	+13.664	+13.671	+13.666	+13.669	+13.542	+13.676	+13.575	+13.710	+15.743	+13.713	+13.766	+13.767	+13.768	+15.969	+13.742	+17.571	+14.796	+14.078	+13.081	+11.228	+10.962	+10.965	+11.093	+10.937	+10.740	+10.741	+10.741	+10.738	+12.631	+11.901	+10.736	+10.734	+10.734	+10.926	+10.925	+10.903	+10.738	+10.731	+11.942	+10.926	+10.730	+10.892	+15.963	+10.908	+10.909	+10.729	+10.911	+10.808	+10.801	+10.805	+16.045	+10.803	+12.268	+12.460	+10.807	+10.767	+10.743	
