## Summary of overall evidence for association with region:
## log10(BF for region) = -0.574947
## p-value for region = NA

## BFs for choosing among multi-SNP models:
## log10(average 1-SNP BF) = -0.494616
## log10(average 2-SNP BF) = -0.801426

## Example posterior probabilities for multi-SNP models, based on default prior: [p(l) propto 0.5^l for l=1,2,...,L]
## posterior probability of 1-SNP = 0.802121
## posterior probability of 2-SNP = 0.197879

## log10(BF) for single SNP and pair of SNPs:
rs73655814     -0.337	-0.464	-0.652	-0.768	-0.509	-0.697	-0.767	-0.762	-0.466	-0.719	-0.575	-0.761	-0.459	-0.518	-0.761	-0.762	-0.760	-0.765	-0.765	-0.766	-0.459	-0.431	-0.533	-0.457	-0.766	-0.448	-0.765	-0.507	-0.443	-0.532	-0.764	-0.454	-0.453	-0.551	-0.453	-0.453	-0.534	-0.763	-0.455	-0.453	-0.528	-0.417	-0.248	-0.306	-0.454	-0.467	-0.634	-0.490	-0.560	-0.758	-0.756	-0.758	-0.758	-0.756	-0.756	-0.754	-0.754	-0.514	-0.550	-0.571	-0.733	-0.582	-0.622	-0.435	-0.606	-0.606	-0.606	-0.678	-0.606	-0.606	-0.606	-0.682	-0.606	-0.608	-0.606	-0.601	-0.606	-0.606	-0.606	-0.606	-0.606	-0.606	-0.618	-0.783	-0.764	-0.753	-0.640	-0.787	-0.638	-0.771	-0.634	-0.767	-0.543	-0.592	-0.648	-0.595	-0.595	-0.653	-0.652	-0.596	-0.582	-0.600	-0.652	-0.627	-0.701	-0.595	-0.575	-0.624	-0.577	-0.684	-0.572	-0.634	-0.631	-0.577	-0.631	-0.595	-0.574	-0.590	-0.508	-0.530	-0.607	-0.607	-0.550	-0.607	-0.555	-0.613	-0.613	-0.579	-0.546	-0.546	-0.663	-0.721	-0.665	-0.711	-0.716	-0.676	-0.713	-0.589	-0.592	-0.614	-0.699	-0.675	-0.673	-0.673	-0.633	-0.633	-0.633	-0.571	-0.659	-0.671	-0.671	-0.673	-0.581	-0.678	-0.632	-0.569	-0.536	-0.444	-0.447	-0.733	-0.704	-0.513	-0.552	-0.554	-0.622	-0.543	-0.562	-0.562	-0.560	-0.565	-0.547	-0.699	
rs10118914     -0.464	-0.556	-0.883	-0.888	-0.787	-0.932	-0.882	-0.871	-0.687	-0.970	-0.619	-0.868	-0.690	-0.795	-0.868	-0.872	-0.865	-0.879	-0.879	-0.882	-0.689	-0.689	-0.808	-0.689	-0.882	-0.692	-0.878	-0.786	-0.693	-0.807	-0.876	-0.694	-0.693	-0.823	-0.693	-0.693	-0.809	-0.875	-0.694	-0.693	-0.804	-0.690	-0.563	-0.609	-0.693	-0.696	-0.832	-0.696	-0.658	-0.861	-0.857	-0.861	-0.861	-0.857	-0.857	-0.855	-0.854	-0.677	-0.691	-0.720	-0.980	-0.880	-0.890	-0.618	-0.811	-0.811	-0.811	-0.879	-0.811	-0.811	-0.811	-0.883	-0.811	-0.814	-0.812	-0.807	-0.811	-0.811	-0.811	-0.811	-0.811	-0.811	-0.820	-0.969	-0.960	-0.956	-0.897	-0.996	-0.902	-0.993	-0.886	-0.990	-0.837	-0.871	-0.914	-0.873	-0.873	-0.919	-0.919	-0.873	-0.903	-0.876	-0.935	-0.898	-0.961	-0.872	-0.898	-0.896	-0.860	-0.961	-0.857	-0.904	-0.902	-0.900	-0.902	-0.872	-0.897	-0.869	-0.809	-0.839	-0.881	-0.881	-0.880	-0.881	-0.883	-0.886	-0.886	-0.900	-0.851	-0.851	-0.937	-0.987	-0.928	-0.980	-0.983	-0.937	-0.981	-0.907	-0.909	-0.922	-0.955	-0.935	-0.933	-0.933	-0.899	-0.899	-0.899	-0.869	-0.921	-0.932	-0.932	-0.933	-0.866	-0.936	-0.900	-0.864	-0.788	-0.757	-0.760	-0.952	-0.927	-0.779	-0.808	-0.807	-0.823	-0.742	-0.763	-0.763	-0.761	-0.767	-0.748	-0.901	
rs10817452     -0.652	-0.883	-0.493	-0.822	-0.782	-0.822	-0.815	-0.803	-0.883	-0.941	-0.495	-0.799	-0.885	-0.789	-0.800	-0.804	-0.796	-0.812	-0.813	-0.816	-0.885	-0.892	-0.800	-0.885	-0.815	-0.888	-0.811	-0.782	-0.889	-0.799	-0.809	-0.886	-0.887	-0.811	-0.887	-0.886	-0.800	-0.808	-0.886	-0.886	-0.796	-0.891	-0.907	-0.906	-0.886	-0.884	-0.710	-0.877	-0.851	-0.790	-0.786	-0.790	-0.790	-0.786	-0.786	-0.784	-0.783	-0.866	-0.846	-0.844	-0.957	-0.937	-0.870	-0.545	-0.752	-0.752	-0.753	-0.705	-0.752	-0.753	-0.753	-0.720	-0.752	-0.755	-0.753	-0.748	-0.753	-0.752	-0.753	-0.753	-0.753	-0.753	-0.763	-0.904	-0.901	-0.896	-0.871	-0.940	-0.879	-0.954	-0.880	-0.952	-0.837	-0.859	-0.901	-0.860	-0.860	-0.904	-0.904	-0.861	-0.912	-0.862	-0.919	-0.887	-0.938	-0.860	-0.909	-0.886	-0.852	-0.940	-0.850	-0.892	-0.890	-0.910	-0.890	-0.860	-0.908	-0.858	-0.813	-0.862	-0.874	-0.874	-0.896	-0.874	-0.898	-0.877	-0.877	-0.910	-0.870	-0.870	-0.917	-0.957	-0.909	-0.953	-0.955	-0.916	-0.953	-0.915	-0.915	-0.924	-0.928	-0.913	-0.912	-0.912	-0.884	-0.884	-0.884	-0.883	-0.900	-0.910	-0.910	-0.912	-0.868	-0.913	-0.887	-0.877	-0.802	-0.795	-0.797	-0.926	-0.885	-0.763	-0.785	-0.782	-0.767	-0.687	-0.708	-0.708	-0.707	-0.712	-0.694	-0.845	
rs7027181      -0.768	-0.888	-0.822	-0.545	-0.873	-0.851	-0.686	-0.667	-0.888	-0.825	-0.365	-0.665	-0.888	-0.879	-0.665	-0.670	-0.658	-0.681	-0.681	-0.684	-0.888	-0.885	-0.889	-0.888	-0.684	-0.887	-0.679	-0.871	-0.886	-0.888	-0.680	-0.887	-0.887	-0.900	-0.887	-0.887	-0.889	-0.680	-0.887	-0.887	-0.885	-0.884	-0.854	-0.862	-0.887	-0.888	-0.789	-0.888	-0.889	-0.666	-0.658	-0.667	-0.667	-0.661	-0.660	-0.658	-0.655	-0.887	-0.880	-0.881	-0.821	-0.935	-0.848	-0.629	-0.799	-0.799	-0.799	-0.870	-0.799	-0.799	-0.799	-0.873	-0.799	-0.802	-0.799	-0.795	-0.799	-0.799	-0.799	-0.799	-0.799	-0.799	-0.812	-0.905	-0.876	-0.869	-0.859	-0.943	-0.862	-0.914	-0.840	-0.911	-0.774	-0.816	-0.845	-0.819	-0.819	-0.850	-0.850	-0.820	-0.884	-0.823	-0.862	-0.826	-0.906	-0.819	-0.879	-0.823	-0.804	-0.891	-0.799	-0.832	-0.830	-0.881	-0.830	-0.818	-0.878	-0.815	-0.742	-0.826	-0.805	-0.805	-0.860	-0.805	-0.864	-0.811	-0.811	-0.882	-0.839	-0.839	-0.863	-0.927	-0.865	-0.918	-0.922	-0.875	-0.919	-0.889	-0.890	-0.905	-0.897	-0.874	-0.871	-0.871	-0.832	-0.832	-0.832	-0.857	-0.858	-0.870	-0.870	-0.871	-0.822	-0.875	-0.829	-0.852	-0.708	-0.747	-0.750	-0.929	-0.872	-0.765	-0.795	-0.794	-0.811	-0.730	-0.750	-0.750	-0.749	-0.754	-0.735	-0.890	
rs10981671     -0.509	-0.787	-0.782	-0.873	-0.445	-0.862	-0.869	-0.861	-0.787	-0.929	-0.643	-0.859	-0.790	-0.573	-0.859	-0.861	-0.856	-0.867	-0.867	-0.869	-0.790	-0.800	-0.580	-0.790	-0.869	-0.795	-0.866	-0.582	-0.797	-0.582	-0.864	-0.792	-0.792	-0.581	-0.792	-0.792	-0.582	-0.864	-0.792	-0.792	-0.586	-0.800	-0.833	-0.828	-0.792	-0.788	-0.771	-0.779	-0.742	-0.852	-0.849	-0.852	-0.852	-0.850	-0.849	-0.848	-0.847	-0.764	-0.743	-0.743	-0.931	-0.885	-0.825	-0.516	-0.703	-0.703	-0.704	-0.693	-0.704	-0.704	-0.704	-0.706	-0.704	-0.706	-0.703	-0.700	-0.703	-0.704	-0.703	-0.704	-0.703	-0.704	-0.718	-0.886	-0.860	-0.848	-0.826	-0.892	-0.833	-0.897	-0.839	-0.894	-0.785	-0.809	-0.874	-0.810	-0.810	-0.877	-0.877	-0.811	-0.885	-0.813	-0.881	-0.861	-0.903	-0.810	-0.881	-0.859	-0.801	-0.901	-0.799	-0.865	-0.864	-0.882	-0.864	-0.810	-0.881	-0.808	-0.760	-0.848	-0.848	-0.848	-0.870	-0.847	-0.872	-0.851	-0.851	-0.882	-0.856	-0.856	-0.875	-0.920	-0.882	-0.915	-0.917	-0.889	-0.916	-0.886	-0.887	-0.893	-0.901	-0.887	-0.885	-0.885	-0.859	-0.859	-0.859	-0.866	-0.876	-0.884	-0.884	-0.885	-0.849	-0.887	-0.860	-0.861	-0.778	-0.791	-0.793	-0.896	-0.820	-0.726	-0.744	-0.741	-0.718	-0.636	-0.659	-0.659	-0.658	-0.663	-0.644	-0.798	
rs10981673     -0.697	-0.932	-0.822	-0.851	-0.862	-0.553	-0.844	-0.831	-0.932	-1.017	-0.508	-0.828	-0.934	-0.869	-0.828	-0.832	-0.824	-0.842	-0.842	-0.845	-0.934	-0.942	-0.879	-0.935	-0.845	-0.938	-0.840	-0.861	-0.939	-0.878	-0.838	-0.936	-0.936	-0.890	-0.936	-0.936	-0.879	-0.837	-0.936	-0.936	-0.875	-0.941	-0.959	-0.957	-0.936	-0.933	-0.807	-0.927	-0.899	-0.818	-0.813	-0.818	-0.819	-0.814	-0.814	-0.811	-0.810	-0.915	-0.896	-0.894	-0.994	-0.984	-0.925	-0.453	-0.809	-0.809	-0.809	-0.804	-0.808	-0.809	-0.809	-0.815	-0.808	-0.812	-0.809	-0.804	-0.809	-0.809	-0.809	-0.809	-0.809	-0.809	-0.784	-0.957	-0.954	-0.950	-0.926	-0.995	-0.935	-1.007	-0.920	-1.005	-0.891	-0.914	-0.957	-0.915	-0.915	-0.960	-0.960	-0.915	-0.965	-0.917	-0.968	-0.943	-0.994	-0.915	-0.961	-0.941	-0.907	-0.990	-0.905	-0.948	-0.946	-0.962	-0.946	-0.915	-0.960	-0.913	-0.867	-0.910	-0.928	-0.928	-0.948	-0.928	-0.950	-0.932	-0.932	-0.962	-0.919	-0.919	-0.966	-1.007	-0.966	-1.002	-1.004	-0.973	-1.003	-0.967	-0.968	-0.976	-0.987	-0.971	-0.969	-0.969	-0.940	-0.940	-0.940	-0.932	-0.957	-0.967	-0.967	-0.969	-0.921	-0.971	-0.942	-0.926	-0.853	-0.841	-0.844	-0.977	-0.939	-0.818	-0.840	-0.837	-0.824	-0.744	-0.766	-0.766	-0.764	-0.770	-0.751	-0.901	
rs10817454     -0.767	-0.882	-0.815	-0.686	-0.869	-0.844	-0.540	-0.669	-0.882	-0.817	-0.381	-0.670	-0.882	-0.875	-0.671	-0.674	-0.665	-0.678	-0.678	-0.680	-0.882	-0.879	-0.885	-0.882	-0.680	-0.881	-0.676	-0.868	-0.880	-0.884	-0.678	-0.881	-0.881	-0.896	-0.881	-0.881	-0.885	-0.678	-0.881	-0.881	-0.881	-0.877	-0.846	-0.854	-0.881	-0.882	-0.784	-0.883	-0.885	-0.668	-0.660	-0.668	-0.668	-0.663	-0.663	-0.661	-0.658	-0.882	-0.875	-0.876	-0.812	-0.929	-0.843	-0.626	-0.795	-0.795	-0.795	-0.866	-0.795	-0.795	-0.795	-0.869	-0.795	-0.797	-0.795	-0.791	-0.795	-0.795	-0.795	-0.795	-0.795	-0.795	-0.807	-0.901	-0.871	-0.864	-0.854	-0.939	-0.857	-0.910	-0.835	-0.906	-0.768	-0.811	-0.839	-0.813	-0.814	-0.845	-0.844	-0.814	-0.878	-0.818	-0.856	-0.820	-0.901	-0.813	-0.873	-0.817	-0.798	-0.885	-0.793	-0.827	-0.824	-0.875	-0.824	-0.813	-0.872	-0.810	-0.736	-0.820	-0.799	-0.799	-0.854	-0.799	-0.858	-0.805	-0.805	-0.875	-0.833	-0.833	-0.857	-0.921	-0.859	-0.913	-0.916	-0.870	-0.914	-0.883	-0.884	-0.899	-0.892	-0.868	-0.866	-0.866	-0.826	-0.826	-0.826	-0.851	-0.853	-0.864	-0.864	-0.866	-0.816	-0.869	-0.823	-0.846	-0.702	-0.741	-0.744	-0.925	-0.867	-0.760	-0.790	-0.790	-0.806	-0.726	-0.746	-0.746	-0.744	-0.750	-0.731	-0.886	
rs10118429     -0.762	-0.871	-0.803	-0.667	-0.861	-0.831	-0.669	-0.530	-0.871	-0.799	-0.399	-0.662	-0.871	-0.867	-0.662	-0.663	-0.658	-0.668	-0.668	-0.669	-0.871	-0.868	-0.877	-0.871	-0.669	-0.870	-0.667	-0.860	-0.869	-0.876	-0.670	-0.870	-0.870	-0.888	-0.870	-0.870	-0.877	-0.670	-0.870	-0.870	-0.874	-0.866	-0.832	-0.841	-0.870	-0.872	-0.773	-0.872	-0.876	-0.667	-0.661	-0.667	-0.667	-0.664	-0.664	-0.662	-0.660	-0.872	-0.866	-0.867	-0.794	-0.918	-0.830	-0.618	-0.785	-0.785	-0.785	-0.856	-0.785	-0.786	-0.786	-0.859	-0.785	-0.788	-0.785	-0.781	-0.785	-0.785	-0.785	-0.785	-0.785	-0.785	-0.798	-0.890	-0.858	-0.851	-0.842	-0.927	-0.844	-0.896	-0.821	-0.892	-0.754	-0.797	-0.824	-0.800	-0.800	-0.830	-0.830	-0.801	-0.866	-0.804	-0.842	-0.806	-0.887	-0.800	-0.860	-0.803	-0.784	-0.871	-0.779	-0.812	-0.809	-0.862	-0.809	-0.800	-0.859	-0.796	-0.722	-0.807	-0.784	-0.784	-0.841	-0.784	-0.845	-0.791	-0.791	-0.863	-0.820	-0.820	-0.843	-0.908	-0.845	-0.899	-0.903	-0.856	-0.900	-0.870	-0.872	-0.887	-0.878	-0.854	-0.852	-0.852	-0.812	-0.812	-0.812	-0.839	-0.839	-0.851	-0.850	-0.852	-0.802	-0.856	-0.809	-0.834	-0.687	-0.728	-0.731	-0.913	-0.855	-0.749	-0.779	-0.778	-0.797	-0.716	-0.736	-0.736	-0.735	-0.740	-0.722	-0.876	
rs16912536     -0.466	-0.687	-0.883	-0.888	-0.787	-0.932	-0.882	-0.871	-0.556	-0.969	-0.619	-0.868	-0.688	-0.794	-0.868	-0.872	-0.865	-0.879	-0.880	-0.882	-0.686	-0.686	-0.808	-0.686	-0.882	-0.689	-0.878	-0.785	-0.690	-0.806	-0.876	-0.691	-0.691	-0.823	-0.690	-0.691	-0.808	-0.876	-0.691	-0.691	-0.803	-0.687	-0.545	-0.597	-0.691	-0.693	-0.832	-0.694	-0.656	-0.861	-0.857	-0.861	-0.861	-0.857	-0.857	-0.855	-0.854	-0.675	-0.690	-0.720	-0.980	-0.879	-0.890	-0.618	-0.811	-0.811	-0.811	-0.879	-0.811	-0.811	-0.811	-0.883	-0.811	-0.814	-0.811	-0.807	-0.811	-0.811	-0.811	-0.811	-0.811	-0.811	-0.820	-0.969	-0.960	-0.955	-0.897	-0.996	-0.902	-0.993	-0.885	-0.990	-0.837	-0.870	-0.914	-0.872	-0.872	-0.919	-0.919	-0.873	-0.903	-0.875	-0.935	-0.898	-0.961	-0.872	-0.897	-0.896	-0.860	-0.961	-0.856	-0.904	-0.901	-0.899	-0.901	-0.872	-0.897	-0.869	-0.809	-0.838	-0.881	-0.881	-0.880	-0.881	-0.883	-0.886	-0.886	-0.900	-0.850	-0.850	-0.936	-0.987	-0.928	-0.980	-0.983	-0.937	-0.981	-0.907	-0.908	-0.922	-0.955	-0.935	-0.933	-0.933	-0.899	-0.899	-0.899	-0.869	-0.920	-0.932	-0.931	-0.933	-0.866	-0.936	-0.900	-0.864	-0.788	-0.757	-0.759	-0.952	-0.927	-0.779	-0.807	-0.807	-0.823	-0.742	-0.763	-0.763	-0.761	-0.767	-0.748	-0.901	
rs10435864     -0.719	-0.970	-0.941	-0.825	-0.929	-1.017	-0.817	-0.799	-0.969	-0.618	-0.427	-0.794	-0.972	-0.935	-0.794	-0.800	-0.789	-0.811	-0.811	-0.816	-0.972	-0.981	-0.946	-0.973	-0.815	-0.976	-0.809	-0.927	-0.978	-0.944	-0.806	-0.974	-0.974	-0.957	-0.974	-0.974	-0.946	-0.806	-0.974	-0.974	-0.942	-0.980	-1.003	-1.000	-0.974	-0.971	-0.895	-0.963	-0.931	-0.782	-0.776	-0.782	-0.782	-0.776	-0.776	-0.773	-0.772	-0.950	-0.928	-0.926	-0.945	-1.012	-0.978	-0.680	-0.859	-0.859	-0.859	-0.907	-0.859	-0.859	-0.859	-0.915	-0.858	-0.864	-0.860	-0.854	-0.860	-0.859	-0.860	-0.860	-0.860	-0.860	-0.879	-0.989	-0.997	-0.994	-0.980	-1.038	-0.988	-1.064	-0.986	-1.062	-0.949	-0.971	-0.972	-0.972	-0.972	-0.976	-0.976	-0.972	-0.998	-0.974	-1.014	-0.958	-1.014	-0.972	-0.994	-0.956	-0.964	-1.032	-0.962	-0.963	-0.961	-0.995	-0.961	-0.972	-0.993	-0.970	-0.926	-0.924	-0.943	-0.943	-0.981	-0.943	-0.983	-0.947	-0.947	-0.996	-0.934	-0.934	-1.009	-1.053	-0.988	-1.049	-1.051	-0.996	-1.049	-1.001	-1.002	-1.011	-1.010	-0.994	-0.992	-0.992	-0.963	-0.963	-0.963	-0.950	-0.982	-0.991	-0.991	-0.993	-0.937	-0.995	-0.960	-0.945	-0.880	-0.855	-0.857	-1.028	-0.998	-0.881	-0.901	-0.899	-0.875	-0.787	-0.811	-0.811	-0.809	-0.815	-0.794	-0.952	
rs17762642     -0.575	-0.619	-0.495	-0.365	-0.643	-0.508	-0.381	-0.399	-0.619	-0.427	-0.257	-0.404	-0.617	-0.648	-0.403	-0.396	-0.409	-0.382	-0.382	-0.376	-0.617	-0.610	-0.656	-0.617	-0.376	-0.614	-0.384	-0.642	-0.613	-0.655	-0.390	-0.615	-0.615	-0.665	-0.615	-0.615	-0.656	-0.390	-0.616	-0.615	-0.653	-0.606	-0.557	-0.570	-0.615	-0.619	-0.484	-0.623	-0.640	-0.425	-0.432	-0.425	-0.425	-0.432	-0.432	-0.434	-0.434	-0.627	-0.626	-0.627	-0.408	-0.653	-0.489	-0.383	-0.523	-0.523	-0.523	-0.599	-0.523	-0.523	-0.524	-0.601	-0.524	-0.525	-0.523	-0.519	-0.523	-0.523	-0.523	-0.523	-0.523	-0.523	-0.540	-0.617	-0.575	-0.538	-0.512	-0.604	-0.513	-0.575	-0.518	-0.570	-0.390	-0.449	-0.474	-0.453	-0.453	-0.479	-0.479	-0.454	-0.527	-0.459	-0.460	-0.449	-0.549	-0.453	-0.520	-0.445	-0.432	-0.495	-0.426	-0.456	-0.453	-0.523	-0.453	-0.453	-0.519	-0.448	-0.351	-0.490	-0.422	-0.422	-0.497	-0.422	-0.502	-0.431	-0.431	-0.524	-0.505	-0.505	-0.466	-0.547	-0.499	-0.536	-0.541	-0.513	-0.537	-0.534	-0.536	-0.557	-0.541	-0.511	-0.509	-0.509	-0.462	-0.462	-0.462	-0.527	-0.494	-0.507	-0.507	-0.509	-0.466	-0.515	-0.454	-0.524	-0.370	-0.413	-0.416	-0.646	-0.542	-0.455	-0.490	-0.491	-0.534	-0.454	-0.473	-0.473	-0.472	-0.477	-0.458	-0.616	
rs12684417     -0.761	-0.868	-0.799	-0.665	-0.859	-0.828	-0.670	-0.662	-0.868	-0.794	-0.404	-0.527	-0.867	-0.865	-0.656	-0.660	-0.656	-0.660	-0.660	-0.660	-0.867	-0.864	-0.875	-0.867	-0.659	-0.866	-0.663	-0.858	-0.865	-0.874	-0.662	-0.866	-0.866	-0.886	-0.866	-0.866	-0.875	-0.663	-0.866	-0.866	-0.871	-0.862	-0.828	-0.837	-0.866	-0.868	-0.770	-0.869	-0.873	-0.662	-0.660	-0.663	-0.663	-0.659	-0.659	-0.658	-0.659	-0.869	-0.863	-0.864	-0.789	-0.914	-0.827	-0.616	-0.782	-0.782	-0.782	-0.853	-0.782	-0.783	-0.783	-0.856	-0.783	-0.785	-0.782	-0.778	-0.782	-0.783	-0.782	-0.783	-0.782	-0.783	-0.795	-0.887	-0.855	-0.847	-0.838	-0.924	-0.841	-0.893	-0.818	-0.889	-0.750	-0.794	-0.821	-0.796	-0.797	-0.827	-0.827	-0.797	-0.862	-0.801	-0.838	-0.802	-0.884	-0.796	-0.856	-0.799	-0.781	-0.868	-0.776	-0.809	-0.806	-0.858	-0.806	-0.796	-0.855	-0.792	-0.718	-0.804	-0.781	-0.781	-0.837	-0.780	-0.841	-0.787	-0.787	-0.859	-0.817	-0.817	-0.839	-0.904	-0.842	-0.896	-0.900	-0.853	-0.897	-0.866	-0.868	-0.883	-0.875	-0.851	-0.849	-0.849	-0.809	-0.809	-0.809	-0.835	-0.835	-0.847	-0.847	-0.849	-0.799	-0.852	-0.805	-0.830	-0.683	-0.725	-0.727	-0.910	-0.852	-0.746	-0.776	-0.775	-0.794	-0.714	-0.734	-0.734	-0.732	-0.738	-0.719	-0.873	
rs12339424     -0.459	-0.690	-0.885	-0.888	-0.790	-0.934	-0.882	-0.871	-0.688	-0.972	-0.617	-0.867	-0.558	-0.798	-0.868	-0.871	-0.864	-0.879	-0.879	-0.881	-0.689	-0.687	-0.811	-0.689	-0.881	-0.693	-0.878	-0.788	-0.691	-0.809	-0.875	-0.690	-0.690	-0.825	-0.690	-0.690	-0.811	-0.875	-0.690	-0.690	-0.806	-0.689	-0.556	-0.606	-0.690	-0.692	-0.834	-0.691	-0.652	-0.860	-0.856	-0.860	-0.860	-0.856	-0.856	-0.854	-0.854	-0.673	-0.686	-0.718	-0.982	-0.883	-0.892	-0.619	-0.813	-0.813	-0.813	-0.880	-0.813	-0.813	-0.813	-0.885	-0.812	-0.816	-0.813	-0.808	-0.813	-0.813	-0.813	-0.813	-0.813	-0.813	-0.821	-0.970	-0.962	-0.957	-0.899	-0.998	-0.904	-0.995	-0.888	-0.992	-0.840	-0.873	-0.917	-0.875	-0.875	-0.921	-0.921	-0.875	-0.906	-0.878	-0.937	-0.901	-0.964	-0.875	-0.900	-0.898	-0.863	-0.963	-0.859	-0.906	-0.904	-0.902	-0.904	-0.874	-0.900	-0.872	-0.812	-0.841	-0.884	-0.884	-0.883	-0.884	-0.886	-0.888	-0.888	-0.903	-0.853	-0.853	-0.939	-0.989	-0.931	-0.982	-0.986	-0.939	-0.983	-0.910	-0.911	-0.925	-0.957	-0.938	-0.936	-0.936	-0.901	-0.901	-0.901	-0.872	-0.923	-0.934	-0.934	-0.935	-0.869	-0.938	-0.902	-0.867	-0.791	-0.760	-0.763	-0.954	-0.929	-0.781	-0.810	-0.809	-0.825	-0.743	-0.764	-0.765	-0.763	-0.768	-0.749	-0.903	
rs7866724      -0.518	-0.795	-0.789	-0.879	-0.573	-0.869	-0.875	-0.867	-0.794	-0.935	-0.648	-0.865	-0.798	-0.453	-0.865	-0.868	-0.863	-0.873	-0.873	-0.875	-0.797	-0.808	-0.585	-0.798	-0.875	-0.803	-0.872	-0.584	-0.805	-0.588	-0.870	-0.800	-0.800	-0.588	-0.800	-0.800	-0.589	-0.870	-0.799	-0.800	-0.591	-0.808	-0.840	-0.836	-0.800	-0.796	-0.776	-0.787	-0.750	-0.859	-0.855	-0.859	-0.859	-0.856	-0.856	-0.854	-0.853	-0.772	-0.751	-0.751	-0.938	-0.891	-0.831	-0.523	-0.710	-0.710	-0.711	-0.702	-0.711	-0.711	-0.711	-0.714	-0.711	-0.713	-0.710	-0.707	-0.710	-0.711	-0.710	-0.711	-0.710	-0.711	-0.725	-0.893	-0.867	-0.855	-0.833	-0.899	-0.840	-0.904	-0.845	-0.901	-0.792	-0.816	-0.880	-0.817	-0.817	-0.883	-0.883	-0.818	-0.891	-0.819	-0.887	-0.867	-0.910	-0.817	-0.887	-0.865	-0.808	-0.907	-0.806	-0.871	-0.870	-0.888	-0.870	-0.817	-0.887	-0.814	-0.767	-0.854	-0.854	-0.854	-0.876	-0.854	-0.878	-0.857	-0.857	-0.888	-0.861	-0.861	-0.882	-0.926	-0.889	-0.921	-0.924	-0.895	-0.922	-0.892	-0.893	-0.900	-0.907	-0.893	-0.891	-0.891	-0.865	-0.865	-0.865	-0.871	-0.882	-0.890	-0.890	-0.891	-0.855	-0.893	-0.866	-0.866	-0.784	-0.796	-0.798	-0.902	-0.827	-0.732	-0.751	-0.747	-0.724	-0.643	-0.666	-0.666	-0.664	-0.670	-0.651	-0.805	
rs10981679     -0.761	-0.868	-0.800	-0.665	-0.859	-0.828	-0.671	-0.662	-0.868	-0.794	-0.403	-0.656	-0.868	-0.865	-0.528	-0.660	-0.656	-0.660	-0.660	-0.660	-0.868	-0.864	-0.875	-0.867	-0.660	-0.867	-0.663	-0.858	-0.865	-0.874	-0.663	-0.867	-0.866	-0.886	-0.866	-0.866	-0.875	-0.663	-0.867	-0.866	-0.871	-0.862	-0.828	-0.837	-0.866	-0.868	-0.770	-0.869	-0.873	-0.662	-0.660	-0.662	-0.662	-0.659	-0.659	-0.658	-0.659	-0.869	-0.863	-0.864	-0.789	-0.915	-0.827	-0.616	-0.782	-0.782	-0.783	-0.854	-0.783	-0.783	-0.783	-0.857	-0.783	-0.785	-0.783	-0.779	-0.783	-0.783	-0.783	-0.783	-0.783	-0.783	-0.795	-0.887	-0.855	-0.848	-0.839	-0.924	-0.841	-0.893	-0.818	-0.889	-0.751	-0.794	-0.821	-0.797	-0.797	-0.827	-0.827	-0.798	-0.862	-0.801	-0.839	-0.802	-0.884	-0.797	-0.857	-0.799	-0.781	-0.868	-0.776	-0.809	-0.806	-0.859	-0.806	-0.796	-0.856	-0.793	-0.718	-0.804	-0.781	-0.781	-0.838	-0.781	-0.841	-0.788	-0.788	-0.860	-0.817	-0.817	-0.840	-0.905	-0.842	-0.896	-0.900	-0.853	-0.897	-0.867	-0.868	-0.884	-0.875	-0.851	-0.849	-0.849	-0.809	-0.809	-0.809	-0.836	-0.836	-0.847	-0.847	-0.849	-0.799	-0.853	-0.806	-0.831	-0.683	-0.725	-0.728	-0.910	-0.852	-0.746	-0.776	-0.776	-0.794	-0.714	-0.734	-0.734	-0.732	-0.738	-0.719	-0.874	
rs12236187     -0.762	-0.872	-0.804	-0.670	-0.861	-0.832	-0.674	-0.663	-0.872	-0.800	-0.396	-0.660	-0.871	-0.868	-0.660	-0.531	-0.655	-0.667	-0.667	-0.668	-0.871	-0.868	-0.878	-0.871	-0.667	-0.870	-0.665	-0.860	-0.869	-0.876	-0.668	-0.870	-0.870	-0.888	-0.870	-0.870	-0.878	-0.668	-0.870	-0.870	-0.874	-0.866	-0.833	-0.842	-0.870	-0.872	-0.774	-0.873	-0.876	-0.665	-0.659	-0.665	-0.665	-0.661	-0.661	-0.660	-0.657	-0.872	-0.866	-0.867	-0.795	-0.918	-0.831	-0.619	-0.786	-0.786	-0.786	-0.857	-0.786	-0.786	-0.786	-0.860	-0.786	-0.788	-0.786	-0.782	-0.786	-0.786	-0.786	-0.786	-0.786	-0.786	-0.798	-0.890	-0.859	-0.852	-0.842	-0.928	-0.845	-0.897	-0.822	-0.893	-0.755	-0.798	-0.825	-0.801	-0.801	-0.831	-0.831	-0.802	-0.866	-0.805	-0.843	-0.806	-0.888	-0.801	-0.860	-0.803	-0.785	-0.872	-0.780	-0.813	-0.810	-0.862	-0.810	-0.800	-0.860	-0.797	-0.722	-0.808	-0.785	-0.785	-0.842	-0.785	-0.845	-0.792	-0.792	-0.863	-0.821	-0.821	-0.844	-0.908	-0.846	-0.900	-0.904	-0.857	-0.901	-0.870	-0.872	-0.887	-0.879	-0.855	-0.853	-0.853	-0.813	-0.813	-0.813	-0.839	-0.840	-0.851	-0.851	-0.853	-0.803	-0.857	-0.810	-0.834	-0.687	-0.729	-0.731	-0.914	-0.856	-0.750	-0.779	-0.779	-0.797	-0.717	-0.737	-0.737	-0.735	-0.741	-0.722	-0.877	
rs12346816     -0.760	-0.865	-0.796	-0.658	-0.856	-0.824	-0.665	-0.658	-0.865	-0.789	-0.409	-0.656	-0.864	-0.863	-0.656	-0.655	-0.524	-0.658	-0.658	-0.658	-0.864	-0.861	-0.872	-0.864	-0.657	-0.863	-0.656	-0.855	-0.862	-0.871	-0.661	-0.863	-0.863	-0.883	-0.863	-0.863	-0.873	-0.661	-0.863	-0.863	-0.869	-0.859	-0.824	-0.833	-0.863	-0.865	-0.767	-0.866	-0.870	-0.663	-0.658	-0.663	-0.663	-0.660	-0.660	-0.659	-0.657	-0.866	-0.860	-0.861	-0.783	-0.911	-0.823	-0.614	-0.779	-0.779	-0.780	-0.851	-0.780	-0.780	-0.780	-0.854	-0.780	-0.782	-0.780	-0.776	-0.780	-0.780	-0.780	-0.780	-0.780	-0.780	-0.792	-0.883	-0.851	-0.844	-0.835	-0.921	-0.837	-0.889	-0.814	-0.885	-0.746	-0.790	-0.817	-0.793	-0.793	-0.823	-0.823	-0.793	-0.858	-0.797	-0.834	-0.798	-0.880	-0.792	-0.853	-0.795	-0.777	-0.864	-0.772	-0.805	-0.802	-0.855	-0.802	-0.792	-0.852	-0.789	-0.713	-0.800	-0.776	-0.776	-0.834	-0.776	-0.837	-0.783	-0.783	-0.856	-0.813	-0.813	-0.835	-0.901	-0.838	-0.892	-0.896	-0.849	-0.893	-0.863	-0.865	-0.880	-0.871	-0.847	-0.845	-0.845	-0.805	-0.805	-0.805	-0.832	-0.832	-0.843	-0.843	-0.845	-0.795	-0.849	-0.801	-0.827	-0.678	-0.721	-0.723	-0.907	-0.849	-0.742	-0.772	-0.772	-0.791	-0.711	-0.731	-0.731	-0.729	-0.735	-0.716	-0.871	
rs7038260      -0.765	-0.879	-0.812	-0.681	-0.867	-0.842	-0.678	-0.668	-0.879	-0.811	-0.382	-0.660	-0.879	-0.873	-0.660	-0.667	-0.658	-0.538	-0.667	-0.669	-0.879	-0.876	-0.883	-0.879	-0.668	-0.878	-0.668	-0.866	-0.877	-0.882	-0.667	-0.878	-0.878	-0.894	-0.878	-0.878	-0.883	-0.667	-0.878	-0.878	-0.879	-0.874	-0.842	-0.850	-0.878	-0.879	-0.782	-0.879	-0.882	-0.658	-0.654	-0.658	-0.658	-0.653	-0.653	-0.651	-0.652	-0.879	-0.872	-0.873	-0.807	-0.926	-0.840	-0.624	-0.792	-0.792	-0.793	-0.863	-0.793	-0.793	-0.793	-0.866	-0.793	-0.795	-0.793	-0.789	-0.793	-0.793	-0.793	-0.793	-0.793	-0.793	-0.805	-0.898	-0.868	-0.861	-0.851	-0.936	-0.854	-0.906	-0.831	-0.903	-0.765	-0.808	-0.835	-0.810	-0.810	-0.841	-0.841	-0.811	-0.875	-0.814	-0.853	-0.816	-0.897	-0.810	-0.869	-0.813	-0.795	-0.882	-0.790	-0.823	-0.820	-0.871	-0.820	-0.810	-0.869	-0.806	-0.733	-0.817	-0.795	-0.795	-0.851	-0.795	-0.854	-0.802	-0.802	-0.872	-0.830	-0.830	-0.853	-0.918	-0.855	-0.909	-0.913	-0.866	-0.910	-0.879	-0.881	-0.896	-0.888	-0.865	-0.862	-0.862	-0.823	-0.823	-0.823	-0.848	-0.849	-0.861	-0.861	-0.862	-0.812	-0.866	-0.820	-0.843	-0.698	-0.738	-0.741	-0.922	-0.865	-0.758	-0.787	-0.787	-0.804	-0.724	-0.744	-0.744	-0.742	-0.748	-0.729	-0.883	
rs7021999      -0.765	-0.879	-0.813	-0.681	-0.867	-0.842	-0.678	-0.668	-0.880	-0.811	-0.382	-0.660	-0.879	-0.873	-0.660	-0.667	-0.658	-0.667	-0.538	-0.669	-0.879	-0.876	-0.883	-0.879	-0.668	-0.878	-0.668	-0.866	-0.877	-0.882	-0.667	-0.878	-0.878	-0.894	-0.878	-0.878	-0.883	-0.667	-0.878	-0.878	-0.880	-0.874	-0.842	-0.850	-0.878	-0.879	-0.782	-0.880	-0.882	-0.658	-0.654	-0.658	-0.658	-0.653	-0.653	-0.650	-0.652	-0.879	-0.872	-0.873	-0.807	-0.926	-0.840	-0.624	-0.793	-0.793	-0.793	-0.863	-0.793	-0.793	-0.793	-0.866	-0.793	-0.795	-0.793	-0.789	-0.793	-0.793	-0.793	-0.793	-0.793	-0.793	-0.805	-0.898	-0.868	-0.861	-0.851	-0.936	-0.854	-0.907	-0.831	-0.903	-0.765	-0.808	-0.835	-0.810	-0.810	-0.841	-0.841	-0.811	-0.875	-0.814	-0.853	-0.817	-0.897	-0.810	-0.869	-0.814	-0.795	-0.882	-0.790	-0.823	-0.820	-0.871	-0.820	-0.810	-0.869	-0.806	-0.733	-0.817	-0.795	-0.795	-0.851	-0.795	-0.854	-0.802	-0.802	-0.872	-0.830	-0.830	-0.854	-0.918	-0.856	-0.909	-0.913	-0.867	-0.910	-0.879	-0.881	-0.896	-0.889	-0.865	-0.862	-0.862	-0.823	-0.823	-0.823	-0.848	-0.849	-0.861	-0.861	-0.863	-0.812	-0.866	-0.820	-0.843	-0.698	-0.738	-0.741	-0.922	-0.865	-0.758	-0.787	-0.787	-0.804	-0.724	-0.744	-0.744	-0.742	-0.748	-0.729	-0.883	
rs7850723      -0.766	-0.882	-0.816	-0.684	-0.869	-0.845	-0.680	-0.669	-0.882	-0.816	-0.376	-0.660	-0.881	-0.875	-0.660	-0.668	-0.658	-0.669	-0.669	-0.540	-0.882	-0.878	-0.885	-0.881	-0.670	-0.880	-0.670	-0.868	-0.879	-0.884	-0.668	-0.880	-0.880	-0.896	-0.880	-0.880	-0.885	-0.668	-0.880	-0.880	-0.881	-0.876	-0.845	-0.854	-0.880	-0.882	-0.784	-0.882	-0.884	-0.657	-0.653	-0.657	-0.658	-0.651	-0.651	-0.649	-0.650	-0.882	-0.874	-0.875	-0.811	-0.929	-0.843	-0.626	-0.795	-0.795	-0.795	-0.866	-0.795	-0.795	-0.795	-0.869	-0.795	-0.797	-0.795	-0.791	-0.795	-0.795	-0.795	-0.795	-0.795	-0.795	-0.807	-0.901	-0.871	-0.864	-0.854	-0.938	-0.857	-0.910	-0.834	-0.906	-0.768	-0.811	-0.838	-0.813	-0.813	-0.844	-0.844	-0.814	-0.878	-0.817	-0.856	-0.820	-0.900	-0.813	-0.872	-0.817	-0.798	-0.885	-0.793	-0.826	-0.823	-0.874	-0.823	-0.813	-0.871	-0.809	-0.736	-0.820	-0.798	-0.798	-0.854	-0.798	-0.857	-0.805	-0.805	-0.875	-0.833	-0.833	-0.857	-0.921	-0.858	-0.912	-0.916	-0.869	-0.913	-0.882	-0.884	-0.899	-0.891	-0.868	-0.865	-0.865	-0.826	-0.826	-0.826	-0.851	-0.852	-0.864	-0.864	-0.866	-0.815	-0.869	-0.823	-0.846	-0.701	-0.741	-0.744	-0.924	-0.867	-0.760	-0.790	-0.790	-0.806	-0.726	-0.746	-0.746	-0.744	-0.750	-0.731	-0.886	
rs7035169      -0.459	-0.689	-0.885	-0.888	-0.790	-0.934	-0.882	-0.871	-0.686	-0.972	-0.617	-0.867	-0.689	-0.797	-0.868	-0.871	-0.864	-0.879	-0.879	-0.882	-0.557	-0.689	-0.811	-0.687	-0.881	-0.690	-0.877	-0.788	-0.693	-0.809	-0.875	-0.692	-0.692	-0.825	-0.692	-0.692	-0.811	-0.875	-0.692	-0.692	-0.806	-0.690	-0.564	-0.611	-0.692	-0.693	-0.833	-0.692	-0.649	-0.860	-0.856	-0.860	-0.860	-0.857	-0.856	-0.854	-0.853	-0.670	-0.686	-0.718	-0.982	-0.882	-0.892	-0.619	-0.813	-0.813	-0.813	-0.880	-0.812	-0.813	-0.813	-0.885	-0.812	-0.816	-0.813	-0.808	-0.813	-0.813	-0.813	-0.813	-0.813	-0.813	-0.821	-0.970	-0.962	-0.957	-0.899	-0.998	-0.904	-0.995	-0.888	-0.992	-0.840	-0.873	-0.917	-0.875	-0.875	-0.921	-0.921	-0.875	-0.905	-0.878	-0.937	-0.900	-0.963	-0.874	-0.900	-0.898	-0.862	-0.963	-0.859	-0.906	-0.904	-0.902	-0.904	-0.874	-0.899	-0.871	-0.812	-0.841	-0.883	-0.883	-0.882	-0.883	-0.886	-0.888	-0.888	-0.903	-0.853	-0.853	-0.939	-0.989	-0.930	-0.982	-0.985	-0.939	-0.983	-0.909	-0.911	-0.925	-0.957	-0.937	-0.935	-0.935	-0.901	-0.901	-0.901	-0.871	-0.923	-0.934	-0.934	-0.935	-0.869	-0.938	-0.902	-0.867	-0.791	-0.760	-0.762	-0.954	-0.929	-0.781	-0.810	-0.809	-0.825	-0.743	-0.764	-0.764	-0.763	-0.768	-0.749	-0.903	
rs7038133      -0.431	-0.689	-0.892	-0.885	-0.800	-0.942	-0.879	-0.868	-0.686	-0.981	-0.610	-0.864	-0.687	-0.808	-0.864	-0.868	-0.861	-0.876	-0.876	-0.878	-0.689	-0.563	-0.821	-0.690	-0.878	-0.693	-0.874	-0.799	-0.693	-0.820	-0.872	-0.688	-0.688	-0.835	-0.688	-0.688	-0.822	-0.872	-0.688	-0.688	-0.816	-0.695	-0.613	-0.648	-0.688	-0.686	-0.838	-0.680	-0.618	-0.856	-0.852	-0.856	-0.856	-0.852	-0.852	-0.850	-0.849	-0.656	-0.670	-0.709	-0.990	-0.894	-0.899	-0.622	-0.818	-0.818	-0.818	-0.885	-0.818	-0.818	-0.818	-0.889	-0.817	-0.821	-0.818	-0.813	-0.818	-0.818	-0.818	-0.818	-0.818	-0.818	-0.826	-0.974	-0.967	-0.962	-0.906	-1.003	-0.911	-1.001	-0.896	-0.999	-0.849	-0.881	-0.925	-0.883	-0.883	-0.929	-0.929	-0.884	-0.915	-0.886	-0.945	-0.909	-0.971	-0.883	-0.910	-0.906	-0.871	-0.971	-0.868	-0.914	-0.912	-0.912	-0.912	-0.883	-0.909	-0.880	-0.821	-0.852	-0.892	-0.892	-0.893	-0.892	-0.896	-0.896	-0.896	-0.912	-0.863	-0.864	-0.946	-0.996	-0.938	-0.990	-0.993	-0.947	-0.991	-0.919	-0.921	-0.934	-0.965	-0.945	-0.943	-0.943	-0.909	-0.909	-0.909	-0.881	-0.931	-0.942	-0.941	-0.943	-0.878	-0.946	-0.910	-0.877	-0.801	-0.771	-0.774	-0.961	-0.935	-0.790	-0.817	-0.817	-0.830	-0.748	-0.769	-0.769	-0.768	-0.773	-0.754	-0.908	
rs7865937      -0.533	-0.808	-0.800	-0.889	-0.580	-0.879	-0.885	-0.877	-0.808	-0.946	-0.656	-0.875	-0.811	-0.585	-0.875	-0.878	-0.872	-0.883	-0.883	-0.885	-0.811	-0.821	-0.464	-0.811	-0.885	-0.816	-0.882	-0.579	-0.818	-0.590	-0.880	-0.813	-0.813	-0.596	-0.813	-0.813	-0.592	-0.880	-0.812	-0.813	-0.593	-0.821	-0.852	-0.848	-0.813	-0.809	-0.785	-0.800	-0.763	-0.868	-0.865	-0.868	-0.868	-0.866	-0.865	-0.864	-0.863	-0.785	-0.764	-0.765	-0.949	-0.902	-0.842	-0.535	-0.721	-0.721	-0.722	-0.715	-0.722	-0.722	-0.722	-0.727	-0.722	-0.724	-0.721	-0.718	-0.721	-0.722	-0.721	-0.722	-0.721	-0.722	-0.736	-0.904	-0.878	-0.866	-0.843	-0.910	-0.851	-0.915	-0.856	-0.912	-0.802	-0.827	-0.890	-0.828	-0.828	-0.893	-0.893	-0.828	-0.900	-0.830	-0.897	-0.876	-0.920	-0.828	-0.897	-0.874	-0.819	-0.918	-0.817	-0.881	-0.879	-0.898	-0.879	-0.828	-0.896	-0.825	-0.778	-0.862	-0.863	-0.863	-0.886	-0.863	-0.887	-0.866	-0.866	-0.898	-0.870	-0.870	-0.892	-0.936	-0.898	-0.932	-0.934	-0.905	-0.932	-0.902	-0.902	-0.909	-0.917	-0.903	-0.901	-0.901	-0.875	-0.875	-0.875	-0.880	-0.892	-0.900	-0.900	-0.901	-0.864	-0.903	-0.876	-0.875	-0.793	-0.804	-0.806	-0.912	-0.838	-0.743	-0.761	-0.758	-0.735	-0.654	-0.676	-0.677	-0.675	-0.681	-0.662	-0.816	
rs16927031     -0.457	-0.689	-0.885	-0.888	-0.790	-0.935	-0.882	-0.871	-0.686	-0.973	-0.617	-0.867	-0.689	-0.798	-0.867	-0.871	-0.864	-0.879	-0.879	-0.881	-0.687	-0.690	-0.811	-0.558	-0.881	-0.691	-0.877	-0.789	-0.693	-0.810	-0.875	-0.692	-0.692	-0.826	-0.692	-0.692	-0.812	-0.875	-0.692	-0.692	-0.807	-0.691	-0.568	-0.614	-0.692	-0.693	-0.834	-0.692	-0.647	-0.860	-0.856	-0.860	-0.860	-0.856	-0.856	-0.854	-0.853	-0.669	-0.686	-0.717	-0.983	-0.883	-0.892	-0.619	-0.813	-0.813	-0.813	-0.880	-0.813	-0.813	-0.813	-0.885	-0.813	-0.816	-0.813	-0.808	-0.813	-0.813	-0.813	-0.813	-0.813	-0.813	-0.822	-0.970	-0.962	-0.957	-0.899	-0.998	-0.904	-0.995	-0.888	-0.992	-0.840	-0.873	-0.917	-0.875	-0.875	-0.922	-0.922	-0.876	-0.906	-0.878	-0.938	-0.901	-0.964	-0.875	-0.901	-0.899	-0.863	-0.964	-0.859	-0.907	-0.904	-0.902	-0.904	-0.875	-0.900	-0.872	-0.812	-0.842	-0.884	-0.884	-0.883	-0.884	-0.887	-0.889	-0.889	-0.903	-0.854	-0.854	-0.939	-0.989	-0.931	-0.983	-0.986	-0.940	-0.984	-0.910	-0.912	-0.925	-0.958	-0.938	-0.936	-0.936	-0.902	-0.902	-0.902	-0.872	-0.923	-0.934	-0.934	-0.936	-0.869	-0.939	-0.903	-0.867	-0.792	-0.761	-0.763	-0.954	-0.929	-0.782	-0.810	-0.809	-0.825	-0.744	-0.765	-0.765	-0.763	-0.769	-0.750	-0.903	
rs7856067      -0.766	-0.882	-0.815	-0.684	-0.869	-0.845	-0.680	-0.669	-0.882	-0.815	-0.376	-0.659	-0.881	-0.875	-0.660	-0.667	-0.657	-0.668	-0.668	-0.670	-0.881	-0.878	-0.885	-0.881	-0.540	-0.880	-0.669	-0.868	-0.879	-0.884	-0.667	-0.880	-0.880	-0.896	-0.880	-0.880	-0.885	-0.667	-0.880	-0.880	-0.881	-0.876	-0.845	-0.853	-0.880	-0.881	-0.784	-0.882	-0.884	-0.657	-0.652	-0.657	-0.657	-0.650	-0.650	-0.648	-0.649	-0.881	-0.874	-0.875	-0.811	-0.929	-0.842	-0.626	-0.795	-0.795	-0.795	-0.865	-0.795	-0.795	-0.795	-0.868	-0.795	-0.797	-0.795	-0.791	-0.795	-0.795	-0.795	-0.795	-0.795	-0.795	-0.807	-0.901	-0.871	-0.863	-0.854	-0.938	-0.856	-0.909	-0.834	-0.906	-0.768	-0.811	-0.838	-0.813	-0.813	-0.844	-0.844	-0.814	-0.878	-0.817	-0.856	-0.820	-0.900	-0.813	-0.872	-0.817	-0.798	-0.885	-0.793	-0.826	-0.823	-0.874	-0.823	-0.813	-0.871	-0.809	-0.736	-0.820	-0.798	-0.798	-0.853	-0.798	-0.857	-0.805	-0.805	-0.875	-0.832	-0.833	-0.856	-0.921	-0.858	-0.912	-0.916	-0.869	-0.913	-0.882	-0.884	-0.899	-0.891	-0.868	-0.865	-0.865	-0.826	-0.826	-0.826	-0.851	-0.852	-0.864	-0.863	-0.865	-0.815	-0.869	-0.823	-0.846	-0.701	-0.741	-0.743	-0.924	-0.867	-0.760	-0.790	-0.789	-0.806	-0.726	-0.746	-0.746	-0.744	-0.750	-0.731	-0.886	
rs10981682     -0.448	-0.692	-0.888	-0.887	-0.795	-0.938	-0.881	-0.870	-0.689	-0.976	-0.614	-0.866	-0.693	-0.803	-0.867	-0.870	-0.863	-0.878	-0.878	-0.880	-0.690	-0.693	-0.816	-0.691	-0.880	-0.560	-0.876	-0.794	-0.695	-0.815	-0.874	-0.692	-0.692	-0.830	-0.692	-0.692	-0.816	-0.874	-0.692	-0.692	-0.811	-0.694	-0.591	-0.631	-0.692	-0.692	-0.836	-0.689	-0.634	-0.859	-0.854	-0.859	-0.859	-0.855	-0.855	-0.853	-0.852	-0.666	-0.680	-0.714	-0.986	-0.888	-0.896	-0.621	-0.815	-0.815	-0.815	-0.883	-0.815	-0.815	-0.815	-0.887	-0.815	-0.818	-0.816	-0.811	-0.816	-0.815	-0.816	-0.816	-0.816	-0.816	-0.824	-0.972	-0.964	-0.960	-0.902	-1.000	-0.907	-0.998	-0.892	-0.995	-0.844	-0.877	-0.921	-0.879	-0.879	-0.925	-0.925	-0.880	-0.910	-0.882	-0.941	-0.905	-0.967	-0.879	-0.905	-0.902	-0.867	-0.967	-0.863	-0.910	-0.908	-0.907	-0.908	-0.879	-0.904	-0.876	-0.817	-0.846	-0.888	-0.888	-0.888	-0.888	-0.891	-0.892	-0.892	-0.908	-0.858	-0.859	-0.943	-0.993	-0.934	-0.986	-0.989	-0.943	-0.987	-0.914	-0.916	-0.929	-0.961	-0.941	-0.939	-0.939	-0.905	-0.905	-0.905	-0.877	-0.927	-0.938	-0.938	-0.939	-0.874	-0.942	-0.906	-0.872	-0.796	-0.766	-0.768	-0.958	-0.932	-0.786	-0.814	-0.813	-0.828	-0.746	-0.767	-0.767	-0.765	-0.771	-0.752	-0.905	
rs7860472      -0.765	-0.878	-0.811	-0.679	-0.866	-0.840	-0.676	-0.667	-0.878	-0.809	-0.384	-0.663	-0.878	-0.872	-0.663	-0.665	-0.656	-0.668	-0.668	-0.670	-0.877	-0.874	-0.882	-0.877	-0.669	-0.876	-0.537	-0.865	-0.875	-0.881	-0.668	-0.876	-0.876	-0.893	-0.876	-0.876	-0.882	-0.668	-0.876	-0.876	-0.878	-0.872	-0.840	-0.849	-0.876	-0.878	-0.780	-0.878	-0.881	-0.661	-0.652	-0.661	-0.661	-0.655	-0.655	-0.653	-0.650	-0.878	-0.871	-0.872	-0.804	-0.925	-0.838	-0.623	-0.791	-0.791	-0.791	-0.862	-0.791	-0.792	-0.792	-0.865	-0.791	-0.794	-0.791	-0.787	-0.791	-0.791	-0.791	-0.792	-0.791	-0.792	-0.804	-0.897	-0.866	-0.859	-0.849	-0.934	-0.852	-0.905	-0.830	-0.901	-0.763	-0.806	-0.833	-0.808	-0.809	-0.839	-0.839	-0.809	-0.873	-0.813	-0.851	-0.815	-0.895	-0.808	-0.868	-0.812	-0.793	-0.880	-0.788	-0.821	-0.818	-0.869	-0.818	-0.808	-0.867	-0.804	-0.730	-0.815	-0.793	-0.793	-0.849	-0.793	-0.852	-0.800	-0.800	-0.870	-0.828	-0.828	-0.851	-0.916	-0.854	-0.907	-0.911	-0.865	-0.908	-0.878	-0.879	-0.894	-0.887	-0.863	-0.860	-0.860	-0.821	-0.821	-0.821	-0.846	-0.847	-0.859	-0.859	-0.861	-0.811	-0.864	-0.818	-0.841	-0.696	-0.736	-0.739	-0.920	-0.863	-0.756	-0.786	-0.785	-0.803	-0.722	-0.742	-0.743	-0.741	-0.746	-0.728	-0.882	
rs4596714      -0.507	-0.786	-0.782	-0.871	-0.582	-0.861	-0.868	-0.860	-0.785	-0.927	-0.642	-0.858	-0.788	-0.584	-0.858	-0.860	-0.855	-0.866	-0.866	-0.868	-0.788	-0.799	-0.579	-0.789	-0.868	-0.794	-0.865	-0.444	-0.795	-0.576	-0.863	-0.791	-0.791	-0.572	-0.791	-0.791	-0.575	-0.863	-0.790	-0.791	-0.580	-0.799	-0.831	-0.827	-0.791	-0.787	-0.770	-0.778	-0.740	-0.851	-0.848	-0.851	-0.851	-0.848	-0.848	-0.847	-0.846	-0.762	-0.741	-0.742	-0.930	-0.883	-0.823	-0.516	-0.702	-0.702	-0.702	-0.693	-0.702	-0.702	-0.703	-0.706	-0.702	-0.704	-0.702	-0.698	-0.702	-0.702	-0.702	-0.702	-0.702	-0.702	-0.717	-0.885	-0.858	-0.846	-0.824	-0.890	-0.831	-0.895	-0.837	-0.893	-0.783	-0.807	-0.873	-0.809	-0.809	-0.875	-0.875	-0.809	-0.883	-0.811	-0.879	-0.859	-0.902	-0.809	-0.880	-0.857	-0.800	-0.899	-0.798	-0.864	-0.862	-0.881	-0.862	-0.808	-0.879	-0.806	-0.759	-0.847	-0.846	-0.846	-0.869	-0.846	-0.870	-0.849	-0.849	-0.881	-0.854	-0.854	-0.873	-0.918	-0.881	-0.913	-0.915	-0.887	-0.914	-0.885	-0.885	-0.892	-0.899	-0.885	-0.884	-0.884	-0.858	-0.858	-0.858	-0.864	-0.874	-0.883	-0.882	-0.884	-0.848	-0.885	-0.859	-0.859	-0.776	-0.790	-0.792	-0.894	-0.818	-0.724	-0.743	-0.739	-0.716	-0.635	-0.657	-0.657	-0.656	-0.661	-0.643	-0.797	
rs55660432     -0.443	-0.693	-0.889	-0.886	-0.797	-0.939	-0.880	-0.869	-0.690	-0.978	-0.613	-0.865	-0.691	-0.805	-0.865	-0.869	-0.862	-0.877	-0.877	-0.879	-0.693	-0.693	-0.818	-0.693	-0.879	-0.695	-0.875	-0.795	-0.561	-0.816	-0.873	-0.690	-0.690	-0.832	-0.690	-0.690	-0.818	-0.873	-0.690	-0.690	-0.813	-0.694	-0.599	-0.638	-0.690	-0.689	-0.837	-0.685	-0.630	-0.858	-0.853	-0.858	-0.858	-0.854	-0.853	-0.851	-0.851	-0.664	-0.674	-0.710	-0.988	-0.890	-0.897	-0.621	-0.816	-0.816	-0.816	-0.883	-0.816	-0.816	-0.816	-0.888	-0.816	-0.819	-0.816	-0.812	-0.816	-0.816	-0.816	-0.816	-0.816	-0.816	-0.825	-0.972	-0.965	-0.961	-0.903	-1.001	-0.908	-0.999	-0.894	-0.996	-0.846	-0.878	-0.922	-0.880	-0.880	-0.927	-0.927	-0.881	-0.912	-0.883	-0.943	-0.906	-0.969	-0.880	-0.907	-0.904	-0.868	-0.969	-0.865	-0.912	-0.910	-0.908	-0.909	-0.880	-0.906	-0.877	-0.818	-0.848	-0.889	-0.889	-0.889	-0.889	-0.893	-0.894	-0.894	-0.909	-0.860	-0.860	-0.944	-0.994	-0.936	-0.987	-0.990	-0.945	-0.988	-0.916	-0.918	-0.931	-0.962	-0.943	-0.941	-0.941	-0.907	-0.907	-0.907	-0.878	-0.928	-0.939	-0.939	-0.941	-0.875	-0.943	-0.908	-0.873	-0.798	-0.768	-0.770	-0.959	-0.933	-0.787	-0.815	-0.814	-0.828	-0.746	-0.768	-0.768	-0.766	-0.772	-0.753	-0.906	
rs6477995      -0.532	-0.807	-0.799	-0.888	-0.582	-0.878	-0.884	-0.876	-0.806	-0.944	-0.655	-0.874	-0.809	-0.588	-0.874	-0.876	-0.871	-0.882	-0.882	-0.884	-0.809	-0.820	-0.590	-0.810	-0.884	-0.815	-0.881	-0.576	-0.816	-0.463	-0.879	-0.812	-0.812	-0.593	-0.812	-0.812	-0.587	-0.879	-0.811	-0.812	-0.589	-0.819	-0.851	-0.847	-0.812	-0.808	-0.784	-0.799	-0.762	-0.867	-0.864	-0.867	-0.867	-0.864	-0.864	-0.863	-0.862	-0.784	-0.763	-0.763	-0.947	-0.900	-0.841	-0.534	-0.720	-0.720	-0.720	-0.713	-0.720	-0.721	-0.721	-0.725	-0.721	-0.722	-0.720	-0.716	-0.720	-0.721	-0.720	-0.720	-0.720	-0.720	-0.735	-0.903	-0.877	-0.865	-0.842	-0.909	-0.849	-0.914	-0.855	-0.911	-0.801	-0.825	-0.889	-0.827	-0.827	-0.892	-0.892	-0.827	-0.899	-0.829	-0.896	-0.875	-0.919	-0.827	-0.896	-0.873	-0.818	-0.917	-0.816	-0.880	-0.878	-0.897	-0.878	-0.826	-0.895	-0.824	-0.777	-0.861	-0.862	-0.862	-0.884	-0.862	-0.886	-0.865	-0.865	-0.897	-0.869	-0.869	-0.891	-0.935	-0.897	-0.931	-0.933	-0.904	-0.931	-0.901	-0.901	-0.908	-0.916	-0.902	-0.900	-0.900	-0.874	-0.874	-0.874	-0.879	-0.890	-0.899	-0.899	-0.900	-0.863	-0.902	-0.875	-0.874	-0.792	-0.803	-0.805	-0.911	-0.837	-0.741	-0.760	-0.757	-0.734	-0.653	-0.675	-0.675	-0.674	-0.679	-0.660	-0.814	
rs7029408      -0.764	-0.876	-0.809	-0.680	-0.864	-0.838	-0.678	-0.670	-0.876	-0.806	-0.390	-0.662	-0.875	-0.870	-0.663	-0.668	-0.661	-0.667	-0.667	-0.668	-0.875	-0.872	-0.880	-0.875	-0.667	-0.874	-0.668	-0.863	-0.873	-0.879	-0.535	-0.874	-0.874	-0.891	-0.874	-0.874	-0.881	-0.663	-0.874	-0.874	-0.877	-0.870	-0.837	-0.846	-0.874	-0.875	-0.778	-0.876	-0.879	-0.657	-0.653	-0.657	-0.657	-0.652	-0.651	-0.649	-0.650	-0.876	-0.869	-0.870	-0.800	-0.922	-0.835	-0.622	-0.789	-0.789	-0.789	-0.860	-0.789	-0.790	-0.790	-0.863	-0.789	-0.792	-0.789	-0.785	-0.789	-0.789	-0.789	-0.789	-0.789	-0.789	-0.802	-0.894	-0.863	-0.856	-0.847	-0.932	-0.849	-0.902	-0.827	-0.898	-0.760	-0.803	-0.830	-0.806	-0.806	-0.836	-0.836	-0.806	-0.871	-0.810	-0.848	-0.812	-0.893	-0.805	-0.865	-0.809	-0.790	-0.877	-0.785	-0.818	-0.815	-0.867	-0.815	-0.805	-0.864	-0.802	-0.727	-0.813	-0.790	-0.790	-0.846	-0.790	-0.850	-0.797	-0.797	-0.868	-0.825	-0.825	-0.849	-0.913	-0.851	-0.904	-0.908	-0.862	-0.906	-0.875	-0.877	-0.892	-0.884	-0.860	-0.858	-0.858	-0.818	-0.818	-0.818	-0.844	-0.845	-0.856	-0.856	-0.858	-0.808	-0.862	-0.815	-0.839	-0.693	-0.734	-0.736	-0.918	-0.860	-0.754	-0.784	-0.783	-0.801	-0.720	-0.740	-0.741	-0.739	-0.744	-0.726	-0.880	
rs7030027      -0.454	-0.694	-0.886	-0.887	-0.792	-0.936	-0.881	-0.870	-0.691	-0.974	-0.615	-0.866	-0.690	-0.800	-0.867	-0.870	-0.863	-0.878	-0.878	-0.880	-0.692	-0.688	-0.813	-0.692	-0.880	-0.692	-0.876	-0.791	-0.690	-0.812	-0.874	-0.559	-0.688	-0.828	-0.688	-0.688	-0.814	-0.874	-0.688	-0.688	-0.808	-0.688	-0.562	-0.610	-0.688	-0.689	-0.834	-0.686	-0.640	-0.859	-0.855	-0.859	-0.859	-0.855	-0.855	-0.853	-0.852	-0.669	-0.678	-0.712	-0.984	-0.885	-0.894	-0.619	-0.814	-0.814	-0.814	-0.881	-0.814	-0.814	-0.814	-0.886	-0.813	-0.817	-0.814	-0.809	-0.814	-0.814	-0.814	-0.814	-0.814	-0.814	-0.822	-0.970	-0.963	-0.958	-0.900	-0.999	-0.905	-0.996	-0.890	-0.994	-0.842	-0.875	-0.919	-0.877	-0.877	-0.923	-0.923	-0.877	-0.908	-0.880	-0.939	-0.903	-0.965	-0.876	-0.903	-0.900	-0.864	-0.965	-0.861	-0.908	-0.906	-0.904	-0.906	-0.876	-0.902	-0.873	-0.814	-0.844	-0.886	-0.886	-0.885	-0.885	-0.888	-0.890	-0.890	-0.905	-0.856	-0.856	-0.940	-0.991	-0.932	-0.984	-0.987	-0.941	-0.985	-0.912	-0.913	-0.927	-0.959	-0.939	-0.937	-0.937	-0.903	-0.903	-0.903	-0.874	-0.925	-0.936	-0.936	-0.937	-0.871	-0.940	-0.904	-0.869	-0.794	-0.763	-0.765	-0.956	-0.930	-0.783	-0.811	-0.811	-0.826	-0.744	-0.765	-0.765	-0.764	-0.769	-0.750	-0.904	
