## Summary of overall evidence for association with region:
## log10(BF for region) = 8.7929
## p-value for region = NA

## BFs for choosing among multi-SNP models:
## log10(average 1-SNP BF) = 6.8033
## log10(average 2-SNP BF) = 9.26704

## Example posterior probabilities for multi-SNP models, based on default prior: [p(l) propto 0.5^l for l=1,2,...,L]
## posterior probability of 1-SNP = 0.00682834
## posterior probability of 2-SNP = 0.993172

## log10(BF) for single SNP and pair of SNPs:
rs1865685      +0.028	+1.341	+0.158	+7.556	-0.090	+0.277	-0.101	+6.327	+6.938	+7.543	+6.912	+6.221	+6.835	-0.148	+6.514	+6.825	+6.818	+6.737	+6.520	+7.023	+6.836	-0.107	+6.822	+6.835	+6.815	+0.094	+6.812	+6.794	+6.804	+6.580	+6.778	+6.617	+6.808	+6.827	+7.560	+6.909	+6.931	+7.094	+7.052	-0.139	-0.192	+2.507	-0.117	-0.151	-0.021	+6.915	+6.068	-0.139	-0.269	-0.202	+6.852	+6.740	+0.004	+6.948	-0.002	-0.272	-0.021	+0.176	+0.933	+0.101	+0.247	-0.314	+1.517	+1.446	+1.521	-0.359	+0.293	-0.359	+0.581	+0.349	-0.359	+0.908	-0.363	-0.373	+2.248	+2.258	+2.198	+0.901	+0.724	+0.944	+1.940	+0.685	-0.362	+0.751	+1.005	-0.346	-0.347	+2.155	+1.005	+1.168	-0.361	+1.451	+1.141	+2.300	-0.363	+2.539	+1.138	+1.525	-0.381	-0.379	+1.568	+0.347	+0.480	+0.407	+3.380	+0.247	+3.566	+3.647	+0.219	-0.393	-0.366	-0.311	-0.360	-0.378	+0.218	-0.370	+3.327	+0.173	+3.838	+3.267	-0.329	-0.342	-0.357	+0.792	+1.433	+0.788	-0.369	+1.155	-0.054	+1.085	+0.824	+0.855	+0.837	-0.109	-0.184	-0.424	-0.411	-0.413	-0.413	-0.417	-0.411	-0.414	-0.242	-0.408	-0.413	-0.420	-0.420	-0.422	-0.421	-0.420	-0.397	-0.418	-0.494	-0.503	-0.487	-0.422	-0.408	-0.412	-0.504	-0.496	-0.429	-0.510	-0.509	-0.478	-0.509	-0.465	-0.503	-0.494	-0.509	-0.509	-0.510	-0.509	-0.508	
rs7581385      +1.341	+1.717	+1.326	+3.467	+1.318	+1.133	+1.290	+10.237	+10.972	+3.538	+10.935	+3.253	+10.847	+1.266	+10.495	+10.832	+10.837	+10.685	+3.085	+3.352	+10.860	+1.316	+10.832	+10.859	+10.837	+1.331	+10.832	+10.811	+10.823	+10.572	+10.793	+10.621	+10.824	+10.831	+11.468	+10.931	+10.967	+11.162	+11.115	+1.383	+1.296	+2.003	+1.308	+1.345	+1.354	+3.225	+3.159	+1.304	+1.284	+1.223	+10.895	+10.768	+1.339	+3.261	+1.339	+1.242	+1.293	+1.586	+2.326	+1.524	+1.626	+1.311	+2.868	+2.804	+2.879	+1.258	+1.725	+1.258	+1.944	+1.919	+1.258	+2.215	+1.253	+1.240	+3.653	+3.664	+3.606	+2.297	+2.152	+2.360	+3.363	+2.116	+1.249	+2.177	+2.362	+1.278	+1.276	+3.506	+2.347	+2.498	+1.257	+2.734	+2.383	+3.649	+1.256	+3.868	+2.375	+2.690	+1.230	+1.234	+2.733	+1.855	+2.049	+1.982	+5.069	+1.844	+5.264	+5.346	+1.818	+1.169	+1.250	+1.331	+1.258	+1.157	+1.815	+1.162	+5.028	+1.763	+5.554	+4.938	+1.340	+1.279	+1.260	+2.325	+2.730	+2.320	+1.244	+2.477	+1.507	+2.520	+2.174	+2.200	+2.152	+1.429	+1.361	+1.176	+1.190	+1.187	+1.188	+1.183	+1.190	+1.186	+1.334	+1.193	+1.187	+1.178	+1.178	+1.175	+1.178	+1.179	+1.214	+1.181	+1.100	+1.084	+1.104	+1.174	+1.189	+1.185	+1.089	+1.096	+1.167	+1.087	+1.091	+1.103	+1.091	+1.130	+1.090	+1.099	+1.091	+1.089	+1.087	+1.090	+1.090	
rs1550109      +0.158	+1.326	+0.230	+3.220	+0.124	-0.237	+0.080	+7.625	+8.313	+3.293	+8.263	+0.759	+8.179	+0.031	+7.841	+8.167	+8.186	+8.083	+0.722	+0.890	+8.206	+0.112	+8.165	+8.205	+8.184	+0.129	+8.180	+8.159	+8.170	+7.938	+8.143	+7.957	+8.173	+8.166	+8.992	+8.258	+8.307	+8.492	+8.447	+0.185	+0.059	+0.043	+0.108	+0.148	+0.123	+2.878	+0.704	+0.089	-0.157	-0.269	+8.222	+8.103	+0.102	+2.965	+0.083	-0.103	-0.085	+0.086	+0.733	+0.031	+0.132	-0.143	+1.432	+1.368	+1.440	-0.187	+0.363	-0.188	+0.594	+0.568	-0.188	+0.884	-0.192	-0.202	+2.189	+2.199	+2.142	+0.924	+0.750	+0.957	+1.893	+0.713	-0.189	+0.773	+1.042	-0.172	-0.174	+2.154	+1.046	+1.202	-0.189	+1.420	+1.126	+2.297	-0.190	+2.524	+1.121	+1.464	-0.209	-0.207	+1.507	+0.563	+0.702	+0.630	+3.453	+0.474	+3.644	+3.722	+0.446	-0.242	-0.194	-0.142	-0.187	-0.244	+0.444	-0.237	+3.410	+0.392	+3.925	+3.355	-0.080	-0.170	-0.185	+0.914	+1.391	+0.910	-0.198	+1.134	+0.108	+1.129	+0.823	+0.851	+0.804	+0.080	+0.007	-0.245	-0.229	-0.232	-0.232	-0.238	-0.230	-0.235	-0.100	-0.225	-0.232	-0.246	-0.246	-0.251	-0.244	-0.244	-0.212	-0.242	-0.325	-0.340	-0.320	-0.254	-0.240	-0.243	-0.336	-0.328	-0.261	-0.338	-0.335	-0.322	-0.335	-0.296	-0.335	-0.327	-0.335	-0.337	-0.338	-0.336	-0.336	
rs7592031      +7.556	+3.467	+3.220	+3.680	+7.425	+5.980	+7.185	+8.497	+8.980	+3.685	+9.016	+3.196	+8.949	+6.872	+8.693	+8.939	+8.897	+8.852	+3.237	+3.185	+8.912	+7.383	+8.938	+8.911	+8.895	+3.204	+8.893	+8.874	+8.885	+8.709	+8.863	+8.785	+8.889	+8.941	+9.557	+9.019	+9.001	+9.163	+9.127	+7.277	+6.826	+3.657	+7.284	+7.106	+3.184	+3.502	+3.227	+7.233	+3.731	+5.229	+8.968	+8.871	+3.183	+3.537	+3.182	+5.015	+3.081	+3.189	+3.536	+3.157	+3.229	+3.291	+4.618	+4.559	+4.629	+3.227	+3.489	+3.226	+3.635	+3.707	+3.228	+3.904	+3.221	+3.202	+5.634	+5.645	+5.586	+4.085	+3.937	+4.132	+5.333	+3.901	+3.217	+3.960	+4.150	+3.250	+3.248	+5.486	+4.147	+4.290	+3.221	+4.522	+4.060	+5.637	+3.221	+5.886	+4.069	+4.333	+3.182	+3.189	+4.377	+3.584	+3.842	+3.785	+6.812	+3.689	+7.015	+7.093	+3.665	+3.078	+3.207	+3.316	+3.219	+3.047	+3.664	+3.051	+6.788	+3.601	+7.252	+6.698	+3.226	+3.245	+3.216	+4.041	+4.379	+4.036	+3.195	+4.152	+3.305	+4.279	+3.893	+3.917	+3.856	+3.294	+3.246	+3.086	+3.095	+3.094	+3.094	+3.093	+3.096	+3.094	+3.213	+3.098	+3.096	+3.091	+3.091	+3.091	+3.090	+3.091	+3.112	+3.092	+3.017	+2.994	+3.016	+3.114	+3.134	+3.128	+3.001	+3.007	+3.107	+3.008	+3.013	+3.015	+3.014	+3.061	+3.001	+3.009	+3.014	+3.011	+3.007	+3.012	+3.011	
rs6747801      -0.090	+1.318	+0.124	+7.425	-0.014	+0.201	-0.130	+6.291	+6.904	+7.433	+6.877	+6.045	+6.803	-0.187	+6.482	+6.794	+6.788	+6.705	+6.343	+6.834	+6.805	-0.129	+6.791	+6.804	+6.784	+0.060	+6.781	+6.763	+6.774	+6.548	+6.747	+6.585	+6.777	+6.795	+7.530	+6.878	+6.901	+7.063	+7.021	-0.156	-0.223	+2.375	-0.140	-0.172	-0.056	+6.805	+5.904	-0.166	-0.301	-0.256	+6.819	+6.706	-0.030	+6.841	-0.037	-0.313	-0.062	+0.130	+0.885	+0.056	+0.202	-0.353	+1.471	+1.400	+1.475	-0.398	+0.251	-0.398	+0.537	+0.311	-0.398	+0.863	-0.402	-0.413	+2.204	+2.215	+2.155	+0.857	+0.680	+0.900	+1.897	+0.642	-0.401	+0.707	+0.961	-0.385	-0.386	+2.112	+0.961	+1.124	-0.400	+1.408	+1.096	+2.257	-0.402	+2.496	+1.094	+1.479	-0.421	-0.419	+1.522	+0.307	+0.442	+0.370	+3.331	+0.210	+3.517	+3.598	+0.182	-0.432	-0.405	-0.350	-0.399	-0.418	+0.180	-0.410	+3.277	+0.135	+3.788	+3.218	-0.367	-0.381	-0.396	+0.747	+1.388	+0.744	-0.408	+1.111	-0.096	+1.041	+0.779	+0.811	+0.790	-0.148	-0.223	-0.464	-0.451	-0.453	-0.453	-0.456	-0.451	-0.454	-0.282	-0.448	-0.453	-0.460	-0.460	-0.461	-0.460	-0.459	-0.437	-0.458	-0.534	-0.543	-0.527	-0.461	-0.447	-0.451	-0.544	-0.535	-0.468	-0.549	-0.548	-0.517	-0.548	-0.504	-0.543	-0.533	-0.548	-0.549	-0.549	-0.548	-0.548	
rs6544830      +0.277	+1.133	-0.237	+5.980	+0.201	-0.631	+0.079	+6.418	+7.091	+5.959	+7.054	-0.251	+6.972	-0.053	+6.635	+6.960	+6.980	+6.858	-0.251	-0.102	+6.999	+0.175	+6.959	+6.998	+6.978	-0.316	+6.975	+6.953	+6.966	+6.733	+6.939	+6.750	+6.969	+6.962	+7.699	+7.053	+7.103	+7.281	+7.237	+0.178	-0.085	-0.854	+0.125	+0.102	-0.462	+4.941	-0.291	+0.093	-0.477	-0.901	+7.014	+6.890	-0.429	+5.275	-0.448	-0.660	-0.674	-0.541	+0.165	-0.604	-0.455	-0.913	+0.814	+0.747	+0.820	-0.963	-0.382	-0.964	-0.128	-0.268	-0.963	+0.168	-0.968	-0.981	+1.575	+1.585	+1.527	+0.180	+0.004	+0.216	+1.268	-0.032	-0.966	+0.028	+0.281	-0.946	-0.948	+1.495	+0.283	+0.442	-0.965	+0.763	+0.387	+1.640	-0.967	+1.876	+0.388	+0.742	-0.994	-0.990	+0.784	-0.314	-0.129	-0.200	+2.553	-0.349	+2.746	+2.823	-0.376	-1.024	-0.973	-0.906	-0.964	-1.019	-0.378	-1.012	+2.507	-0.427	+2.979	+2.449	-0.935	-0.944	-0.962	+0.025	+0.652	+0.022	-0.977	+0.393	-0.759	+0.356	+0.072	+0.102	+0.055	-0.733	-0.797	-1.045	-1.033	-1.035	-1.035	-1.038	-1.033	-1.036	-0.871	-1.030	-1.034	-1.041	-1.041	-1.043	-1.041	-1.041	-1.019	-1.039	-1.112	-1.124	-1.106	-1.034	-1.019	-1.023	-1.124	-1.114	-1.042	-1.129	-1.128	-1.098	-1.128	-1.079	-1.123	-1.116	-1.128	-1.128	-1.129	-1.128	-1.128	
rs12712945     -0.101	+1.290	+0.080	+7.185	-0.130	+0.079	-0.069	+6.254	+6.868	+7.216	+6.841	+5.621	+6.767	-0.241	+6.446	+6.758	+6.752	+6.669	+5.877	+6.360	+6.769	-0.155	+6.755	+6.768	+6.749	+0.014	+6.746	+6.727	+6.738	+6.512	+6.711	+6.549	+6.742	+6.759	+7.497	+6.842	+6.865	+7.028	+6.986	-0.177	-0.265	+2.093	-0.170	-0.197	-0.102	+6.595	+5.474	-0.202	-0.342	-0.330	+6.783	+6.670	-0.076	+6.633	-0.083	-0.370	-0.118	+0.071	+0.821	-0.002	+0.143	-0.405	+1.413	+1.342	+1.417	-0.450	+0.196	-0.450	+0.481	+0.259	-0.450	+0.806	-0.454	-0.464	+2.147	+2.158	+2.098	+0.800	+0.623	+0.843	+1.840	+0.585	-0.453	+0.650	+0.904	-0.436	-0.438	+2.057	+0.904	+1.067	-0.452	+1.351	+1.038	+2.201	-0.454	+2.440	+1.036	+1.419	-0.473	-0.471	+1.462	+0.252	+0.390	+0.318	+3.266	+0.158	+3.452	+3.532	+0.131	-0.485	-0.457	-0.402	-0.451	-0.471	+0.129	-0.463	+3.212	+0.084	+3.722	+3.153	-0.419	-0.433	-0.448	+0.688	+1.327	+0.684	-0.460	+1.051	-0.152	+0.984	+0.721	+0.752	+0.730	-0.201	-0.275	-0.516	-0.503	-0.505	-0.505	-0.508	-0.503	-0.506	-0.335	-0.500	-0.505	-0.512	-0.512	-0.514	-0.512	-0.512	-0.489	-0.510	-0.586	-0.595	-0.579	-0.513	-0.499	-0.503	-0.596	-0.587	-0.520	-0.601	-0.600	-0.569	-0.600	-0.556	-0.595	-0.586	-0.600	-0.601	-0.601	-0.600	-0.600	
rs72617001     +6.327	+10.237	+7.625	+8.497	+6.291	+6.418	+6.254	+7.013	+7.496	+8.520	+7.531	+6.129	+7.449	+6.218	+7.189	+7.437	+7.412	+7.358	+6.144	+6.104	+7.424	+6.284	+7.437	+7.424	+7.409	+7.541	+7.407	+7.393	+7.401	+7.251	+7.382	+7.265	+7.404	+7.437	+8.207	+7.520	+7.498	+7.632	+7.597	+6.373	+6.257	+6.220	+6.293	+6.332	+7.308	+8.148	+6.150	+6.272	+6.210	+6.262	+7.441	+7.364	+7.348	+8.241	+7.327	+6.191	+6.115	+6.148	+6.207	+6.119	+6.195	+6.267	+8.081	+8.005	+8.075	+6.205	+6.693	+6.205	+6.919	+6.544	+6.205	+7.448	+6.201	+6.188	+9.450	+9.459	+9.387	+7.625	+7.415	+7.635	+9.087	+7.358	+6.206	+7.445	+7.752	+6.210	+6.208	+9.283	+7.797	+7.954	+6.186	+8.182	+7.749	+9.450	+6.189	+9.818	+7.798	+8.199	+6.158	+6.161	+8.252	+6.561	+6.660	+6.605	+10.344	+6.507	+10.526	+10.606	+6.479	+6.200	+6.178	+6.249	+6.188	+6.165	+6.485	+6.182	+10.295	+6.432	+10.808	+10.244	+6.045	+6.207	+6.187	+7.427	+8.058	+7.424	+6.172	+7.765	+6.536	+7.802	+7.520	+7.555	+7.547	+6.329	+6.262	+6.098	+6.107	+6.109	+6.108	+6.116	+6.112	+6.115	+6.236	+6.110	+6.112	+6.123	+6.123	+6.135	+6.117	+6.123	+6.102	+6.121	+6.016	+6.000	+6.023	+6.141	+6.161	+6.153	+6.005	+6.013	+6.132	+6.002	+6.003	+6.050	+6.003	+6.078	+6.006	+6.018	+6.004	+6.002	+6.000	+6.003	+6.003	
rs11903597     +6.938	+10.972	+8.313	+8.980	+6.904	+7.091	+6.868	+7.496	+7.648	+9.002	+7.715	+6.817	+7.679	+6.834	+7.550	+7.675	+7.667	+7.638	+6.779	+6.781	+7.675	+6.897	+7.673	+7.675	+7.666	+8.227	+7.665	+7.657	+7.662	+7.585	+7.651	+7.587	+7.662	+7.676	+8.149	+7.717	+7.720	+7.815	+7.789	+6.984	+6.873	+6.937	+6.905	+6.944	+7.988	+8.639	+6.841	+6.885	+6.849	+6.921	+7.675	+7.625	+8.029	+8.734	+8.007	+6.815	+6.738	+6.768	+6.819	+6.742	+6.806	+6.896	+8.715	+8.639	+8.709	+6.836	+7.296	+6.835	+7.514	+7.160	+6.836	+8.031	+6.831	+6.820	+10.085	+10.095	+10.020	+8.276	+8.067	+8.279	+9.728	+8.007	+6.836	+8.097	+8.407	+6.840	+6.838	+9.938	+8.462	+8.612	+6.817	+8.751	+8.346	+10.109	+6.822	+10.468	+8.389	+8.788	+6.791	+6.794	+8.840	+7.177	+7.276	+7.225	+10.999	+7.126	+11.172	+11.259	+7.098	+6.842	+6.809	+6.878	+6.819	+6.788	+7.105	+6.805	+10.955	+7.049	+11.465	+10.901	+6.683	+6.837	+6.818	+8.096	+8.646	+8.091	+6.803	+8.356	+7.193	+8.393	+8.122	+8.157	+8.230	+6.948	+6.883	+6.732	+6.742	+6.744	+6.743	+6.752	+6.747	+6.750	+6.863	+6.745	+6.747	+6.760	+6.759	+6.771	+6.753	+6.759	+6.736	+6.758	+6.650	+6.633	+6.654	+6.778	+6.796	+6.790	+6.639	+6.646	+6.768	+6.638	+6.640	+6.684	+6.640	+6.714	+6.640	+6.655	+6.640	+6.638	+6.636	+6.639	+6.639	
rs62128603     +7.543	+3.538	+3.293	+3.685	+7.433	+5.959	+7.216	+8.520	+9.002	+3.759	+9.037	+3.311	+8.970	+7.198	+8.715	+8.960	+8.918	+8.873	+3.315	+3.262	+8.934	+7.415	+8.959	+8.933	+8.917	+3.277	+8.914	+8.896	+8.908	+8.734	+8.885	+8.808	+8.910	+8.962	+9.573	+9.041	+9.022	+9.184	+9.148	+7.310	+6.864	+3.745	+7.321	+7.147	+3.258	+3.561	+3.306	+7.266	+3.824	+5.279	+8.989	+8.892	+3.256	+3.592	+3.256	+5.087	+3.153	+3.259	+3.601	+3.227	+3.299	+3.359	+4.683	+4.624	+4.694	+3.296	+3.573	+3.295	+3.716	+3.765	+3.297	+3.987	+3.290	+3.272	+5.705	+5.716	+5.657	+4.170	+4.021	+4.215	+5.405	+3.985	+3.287	+4.044	+4.237	+3.319	+3.316	+5.564	+4.236	+4.377	+3.290	+4.600	+4.149	+5.715	+3.290	+5.961	+4.157	+4.420	+3.253	+3.259	+4.464	+3.651	+3.904	+3.849	+6.880	+3.756	+7.081	+7.158	+3.731	+3.155	+3.277	+3.384	+3.289	+3.123	+3.731	+3.127	+6.856	+3.666	+7.319	+6.766	+3.293	+3.314	+3.286	+4.128	+4.468	+4.123	+3.265	+4.240	+3.388	+4.377	+3.982	+4.005	+3.940	+3.364	+3.317	+3.160	+3.169	+3.168	+3.168	+3.167	+3.170	+3.168	+3.283	+3.172	+3.170	+3.165	+3.165	+3.166	+3.164	+3.165	+3.186	+3.166	+3.092	+3.068	+3.091	+3.192	+3.212	+3.206	+3.075	+3.082	+3.184	+3.080	+3.085	+3.091	+3.086	+3.138	+3.076	+3.083	+3.087	+3.083	+3.079	+3.084	+3.083	
rs6754482      +6.912	+10.935	+8.263	+9.016	+6.877	+7.054	+6.841	+7.531	+7.715	+9.037	+7.621	+6.760	+7.661	+6.806	+7.550	+7.656	+7.658	+7.619	+6.778	+6.728	+7.666	+6.870	+7.656	+7.665	+7.655	+8.183	+7.654	+7.645	+7.650	+7.554	+7.637	+7.582	+7.653	+7.656	+8.173	+7.697	+7.717	+7.815	+7.789	+6.957	+6.845	+6.863	+6.879	+6.917	+7.945	+8.666	+6.787	+6.858	+6.790	+6.886	+7.684	+7.631	+7.985	+8.759	+7.964	+6.786	+6.703	+6.733	+6.779	+6.708	+6.776	+6.865	+8.686	+8.610	+8.680	+6.805	+7.274	+6.804	+7.496	+7.127	+6.805	+8.024	+6.800	+6.788	+10.075	+10.084	+10.012	+8.249	+8.037	+8.255	+9.711	+7.979	+6.805	+8.068	+8.379	+6.809	+6.807	+9.912	+8.428	+8.582	+6.785	+8.745	+8.329	+10.079	+6.789	+10.447	+8.379	+8.777	+6.758	+6.761	+8.830	+7.147	+7.241	+7.187	+10.957	+7.092	+11.139	+11.219	+7.065	+6.810	+6.778	+6.846	+6.787	+6.760	+7.071	+6.776	+10.914	+7.018	+11.421	+10.856	+6.647	+6.806	+6.786	+8.048	+8.632	+8.045	+6.771	+8.341	+7.150	+8.381	+8.101	+8.136	+8.170	+6.922	+6.855	+6.699	+6.710	+6.712	+6.711	+6.719	+6.714	+6.718	+6.833	+6.712	+6.714	+6.727	+6.727	+6.739	+6.721	+6.727	+6.703	+6.725	+6.617	+6.601	+6.624	+6.748	+6.768	+6.760	+6.606	+6.614	+6.739	+6.604	+6.605	+6.654	+6.605	+6.683	+6.607	+6.621	+6.606	+6.604	+6.602	+6.605	+6.605	
rs2164409      +6.221	+3.253	+0.759	+3.196	+6.045	-0.251	+5.621	+6.129	+6.817	+3.311	+6.760	+0.091	+6.679	+5.466	+6.334	+6.668	+6.693	+6.574	-0.071	+0.034	+6.712	+5.876	+6.666	+6.711	+6.690	+0.666	+6.687	+6.667	+6.678	+6.434	+6.650	+6.446	+6.682	+6.670	+7.447	+6.759	+6.814	+6.987	+6.942	+4.760	+4.082	+0.125	+5.879	+4.863	+0.478	+2.818	-0.063	+5.377	+0.395	-0.267	+6.712	+6.589	+0.521	+2.900	+0.483	+1.100	-0.079	-0.006	+0.552	-0.060	+0.077	-0.209	+1.482	+1.415	+1.487	-0.263	+0.263	-0.263	+0.489	+0.376	-0.261	+0.794	-0.267	-0.281	+2.359	+2.369	+2.310	+0.848	+0.665	+0.874	+2.040	+0.628	-0.263	+0.688	+0.956	-0.245	-0.247	+2.296	+0.967	+1.124	-0.266	+1.460	+1.018	+2.448	-0.267	+2.706	+1.028	+1.365	-0.300	-0.294	+1.407	+0.311	+0.520	+0.453	+3.235	+0.318	+3.430	+3.506	+0.291	-0.334	-0.275	-0.203	-0.265	-0.341	+0.290	-0.334	+3.195	+0.236	+3.645	+3.139	-0.265	-0.243	-0.264	+0.652	+1.269	+0.649	-0.280	+1.018	-0.110	+1.016	+0.711	+0.740	+0.686	-0.055	-0.112	-0.360	-0.349	-0.351	-0.351	-0.353	-0.349	-0.351	-0.198	-0.346	-0.350	-0.355	-0.355	-0.356	-0.356	-0.355	-0.338	-0.353	-0.425	-0.441	-0.420	-0.336	-0.319	-0.324	-0.438	-0.429	-0.344	-0.443	-0.442	-0.410	-0.441	-0.385	-0.437	-0.431	-0.441	-0.442	-0.443	-0.442	-0.442	
rs6741586      +6.835	+10.847	+8.179	+8.949	+6.803	+6.972	+6.767	+7.449	+7.679	+8.970	+7.661	+6.679	+7.543	+6.730	+7.491	+7.615	+7.616	+7.572	+6.697	+6.648	+7.624	+6.794	+7.615	+7.624	+7.613	+8.099	+7.612	+7.602	+7.607	+7.505	+7.594	+7.528	+7.610	+7.616	+8.177	+7.663	+7.679	+7.782	+7.755	+6.883	+6.770	+6.781	+6.805	+6.843	+7.862	+8.598	+6.706	+6.784	+6.713	+6.806	+7.647	+7.590	+7.902	+8.692	+7.881	+6.711	+6.627	+6.658	+6.704	+6.632	+6.700	+6.786	+8.614	+8.537	+8.607	+6.727	+7.202	+6.726	+7.426	+7.053	+6.726	+7.955	+6.722	+6.710	+10.001	+10.010	+9.938	+8.179	+7.967	+8.186	+9.636	+7.909	+6.727	+7.998	+8.309	+6.731	+6.729	+9.837	+8.357	+8.513	+6.708	+8.669	+8.259	+10.004	+6.711	+10.372	+8.307	+8.706	+6.681	+6.683	+8.760	+7.073	+7.166	+7.112	+10.887	+7.017	+11.069	+11.149	+6.989	+6.734	+6.700	+6.768	+6.709	+6.684	+6.996	+6.700	+10.844	+6.943	+11.352	+10.786	+6.571	+6.728	+6.708	+7.979	+8.564	+7.976	+6.694	+8.272	+7.075	+8.311	+8.031	+8.065	+8.100	+6.846	+6.780	+6.622	+6.633	+6.635	+6.633	+6.642	+6.637	+6.640	+6.757	+6.635	+6.637	+6.650	+6.649	+6.662	+6.644	+6.649	+6.626	+6.648	+6.540	+6.524	+6.546	+6.671	+6.691	+6.683	+6.529	+6.537	+6.662	+6.527	+6.528	+6.578	+6.528	+6.606	+6.530	+6.544	+6.529	+6.527	+6.525	+6.528	+6.528	
rs7564237      -0.148	+1.266	+0.031	+6.872	-0.187	-0.053	-0.241	+6.218	+6.834	+7.198	+6.806	+5.466	+6.730	-0.127	+6.408	+6.718	+6.715	+6.632	+5.388	+5.830	+6.734	-0.203	+6.717	+6.733	+6.713	-0.035	+6.710	+6.691	+6.702	+6.476	+6.676	+6.511	+6.705	+6.720	+7.461	+6.804	+6.829	+6.993	+6.951	-0.190	-0.301	+1.615	-0.217	-0.229	-0.152	+6.303	+4.561	-0.228	-0.389	-0.406	+6.748	+6.635	-0.126	+6.345	-0.134	-0.424	-0.170	+0.019	+0.769	-0.054	+0.091	-0.456	+1.356	+1.286	+1.360	-0.502	+0.135	-0.503	+0.419	+0.212	-0.503	+0.741	-0.507	-0.517	+2.086	+2.096	+2.037	+0.734	+0.558	+0.777	+1.779	+0.520	-0.505	+0.584	+0.835	-0.489	-0.490	+1.993	+0.836	+0.997	-0.505	+1.290	+0.968	+2.137	-0.506	+2.376	+0.966	+1.346	-0.526	-0.524	+1.390	+0.199	+0.342	+0.270	+3.207	+0.110	+3.393	+3.474	+0.082	-0.541	-0.510	-0.453	-0.503	-0.528	+0.080	-0.520	+3.153	+0.035	+3.663	+3.094	-0.469	-0.485	-0.500	+0.623	+1.258	+0.620	-0.513	+0.984	-0.212	+0.915	+0.653	+0.685	+0.659	-0.253	-0.327	-0.570	-0.557	-0.559	-0.559	-0.562	-0.557	-0.560	-0.387	-0.554	-0.559	-0.566	-0.566	-0.567	-0.566	-0.566	-0.543	-0.564	-0.640	-0.649	-0.633	-0.567	-0.553	-0.557	-0.649	-0.641	-0.574	-0.655	-0.654	-0.624	-0.654	-0.609	-0.649	-0.639	-0.654	-0.654	-0.655	-0.654	-0.654	
rs6741955      +6.514	+10.495	+7.841	+8.693	+6.482	+6.635	+6.446	+7.189	+7.550	+8.715	+7.550	+6.334	+7.491	+6.408	+7.210	+7.481	+7.473	+7.415	+6.350	+6.307	+7.484	+6.473	+7.481	+7.483	+7.470	+7.761	+7.468	+7.456	+7.463	+7.330	+7.446	+7.337	+7.466	+7.482	+8.186	+7.553	+7.551	+7.674	+7.642	+6.561	+6.448	+6.432	+6.483	+6.521	+7.525	+8.312	+6.357	+6.462	+6.396	+6.462	+7.505	+7.435	+7.565	+8.407	+7.544	+6.386	+6.307	+6.339	+6.395	+6.311	+6.383	+6.460	+8.300	+8.223	+8.294	+6.400	+6.884	+6.400	+7.110	+6.728	+6.400	+7.635	+6.395	+6.383	+9.676	+9.685	+9.613	+7.852	+7.640	+7.860	+9.312	+7.583	+6.401	+7.671	+7.984	+6.405	+6.403	+9.516	+8.031	+8.187	+6.382	+8.356	+7.941	+9.683	+6.385	+10.049	+7.988	+8.388	+6.354	+6.357	+8.440	+6.750	+6.844	+6.790	+10.571	+6.694	+10.753	+10.834	+6.666	+6.405	+6.374	+6.442	+6.383	+6.357	+6.672	+6.374	+10.527	+6.619	+11.037	+10.469	+6.245	+6.402	+6.382	+7.651	+8.246	+7.648	+6.368	+7.954	+6.747	+7.990	+7.709	+7.744	+7.774	+6.519	+6.452	+6.296	+6.306	+6.308	+6.307	+6.315	+6.310	+6.314	+6.433	+6.309	+6.311	+6.323	+6.322	+6.335	+6.317	+6.322	+6.300	+6.321	+6.214	+6.198	+6.221	+6.345	+6.364	+6.357	+6.203	+6.211	+6.335	+6.200	+6.201	+6.252	+6.201	+6.280	+6.204	+6.217	+6.202	+6.200	+6.199	+6.201	+6.201	
rs6741984      +6.825	+10.832	+8.167	+8.939	+6.794	+6.960	+6.758	+7.437	+7.675	+8.960	+7.656	+6.668	+7.615	+6.718	+7.481	+7.533	+7.610	+7.565	+6.686	+6.637	+7.620	+6.784	+7.609	+7.619	+7.609	+8.087	+7.607	+7.597	+7.603	+7.499	+7.589	+7.519	+7.604	+7.612	+8.182	+7.657	+7.673	+7.778	+7.751	+6.874	+6.760	+6.770	+6.795	+6.833	+7.850	+8.588	+6.695	+6.774	+6.701	+6.795	+7.642	+7.586	+7.890	+8.682	+7.868	+6.700	+6.617	+6.647	+6.694	+6.621	+6.689	+6.777	+8.605	+8.529	+8.599	+6.717	+7.191	+6.716	+7.415	+7.042	+6.716	+7.944	+6.712	+6.700	+9.993	+10.002	+9.930	+8.168	+7.956	+8.175	+9.629	+7.898	+6.717	+7.987	+8.298	+6.721	+6.719	+9.828	+8.346	+8.502	+6.697	+8.659	+8.247	+9.996	+6.701	+10.364	+8.296	+8.695	+6.671	+6.673	+8.749	+7.062	+7.156	+7.102	+10.881	+7.006	+11.063	+11.143	+6.979	+6.722	+6.690	+6.758	+6.699	+6.673	+6.986	+6.689	+10.837	+6.932	+11.345	+10.779	+6.561	+6.718	+6.698	+7.968	+8.553	+7.964	+6.683	+8.261	+7.064	+8.300	+8.020	+8.054	+8.087	+6.836	+6.769	+6.612	+6.622	+6.624	+6.623	+6.631	+6.627	+6.630	+6.745	+6.625	+6.627	+6.639	+6.639	+6.651	+6.633	+6.639	+6.616	+6.637	+6.530	+6.513	+6.536	+6.660	+6.680	+6.672	+6.519	+6.527	+6.651	+6.517	+6.518	+6.567	+6.518	+6.595	+6.520	+6.533	+6.519	+6.517	+6.515	+6.518	+6.518	
rs6716630      +6.818	+10.837	+8.186	+8.897	+6.788	+6.980	+6.752	+7.412	+7.667	+8.918	+7.658	+6.693	+7.616	+6.715	+7.473	+7.610	+7.533	+7.570	+6.657	+6.659	+7.617	+6.778	+7.609	+7.617	+7.606	+8.105	+7.605	+7.595	+7.601	+7.505	+7.588	+7.514	+7.604	+7.610	+8.117	+7.657	+7.675	+7.783	+7.752	+6.866	+6.756	+6.808	+6.788	+6.826	+7.867	+8.552	+6.716	+6.769	+6.732	+6.811	+7.615	+7.558	+7.908	+8.646	+7.886	+6.703	+6.626	+6.654	+6.708	+6.628	+6.692	+6.782	+8.611	+8.534	+8.604	+6.722	+7.185	+6.722	+7.404	+7.046	+6.722	+7.923	+6.717	+6.706	+9.982	+9.991	+9.918	+8.169	+7.960	+8.173	+9.624	+7.900	+6.723	+7.990	+8.299	+6.727	+6.725	+9.833	+8.353	+8.504	+6.704	+8.642	+8.236	+10.002	+6.708	+10.364	+8.278	+8.677	+6.677	+6.680	+8.729	+7.064	+7.159	+7.108	+10.901	+7.010	+11.074	+11.161	+6.983	+6.727	+6.696	+6.764	+6.705	+6.674	+6.989	+6.690	+10.856	+6.934	+11.369	+10.801	+6.569	+6.724	+6.704	+7.987	+8.537	+7.982	+6.690	+8.246	+7.078	+8.282	+8.011	+8.046	+8.116	+6.833	+6.769	+6.619	+6.628	+6.630	+6.629	+6.637	+6.633	+6.636	+6.751	+6.631	+6.633	+6.645	+6.644	+6.657	+6.639	+6.644	+6.622	+6.643	+6.536	+6.519	+6.541	+6.664	+6.682	+6.676	+6.525	+6.532	+6.654	+6.524	+6.526	+6.570	+6.526	+6.600	+6.526	+6.541	+6.527	+6.524	+6.522	+6.525	+6.525	
rs17422639     +6.737	+10.685	+8.083	+8.852	+6.705	+6.858	+6.669	+7.358	+7.638	+8.873	+7.619	+6.574	+7.572	+6.632	+7.415	+7.565	+7.570	+7.444	+6.593	+6.544	+7.579	+6.696	+7.565	+7.579	+7.568	+8.002	+7.566	+7.555	+7.561	+7.449	+7.547	+7.459	+7.564	+7.566	+8.168	+7.620	+7.638	+7.747	+7.718	+6.785	+6.672	+6.674	+6.706	+6.745	+7.765	+8.503	+6.599	+6.686	+6.620	+6.696	+7.602	+7.542	+7.805	+8.595	+7.784	+6.613	+6.531	+6.561	+6.610	+6.536	+6.604	+6.690	+8.517	+8.440	+8.510	+6.630	+7.104	+6.630	+7.328	+6.956	+6.630	+7.856	+6.625	+6.613	+9.904	+9.913	+9.844	+8.080	+7.868	+8.087	+9.541	+7.811	+6.630	+7.899	+8.210	+6.634	+6.632	+9.743	+8.258	+8.414	+6.611	+8.576	+8.161	+9.909	+6.614	+10.277	+8.209	+8.609	+6.584	+6.586	+8.662	+6.977	+7.071	+7.018	+10.799	+6.922	+10.981	+11.061	+6.894	+6.635	+6.603	+6.671	+6.612	+6.585	+6.901	+6.602	+10.755	+6.847	+11.263	+10.698	+6.474	+6.631	+6.611	+7.883	+8.467	+7.879	+6.596	+8.175	+6.977	+8.210	+7.933	+7.967	+8.001	+6.749	+6.682	+6.525	+6.535	+6.537	+6.536	+6.545	+6.540	+6.543	+6.660	+6.538	+6.540	+6.553	+6.552	+6.564	+6.546	+6.552	+6.529	+6.551	+6.443	+6.426	+6.449	+6.573	+6.593	+6.585	+6.432	+6.439	+6.564	+6.430	+6.431	+6.480	+6.431	+6.508	+6.433	+6.447	+6.432	+6.430	+6.428	+6.431	+6.431	
rs2217870      +6.520	+3.085	+0.722	+3.237	+6.343	-0.251	+5.877	+6.144	+6.779	+3.315	+6.778	-0.071	+6.697	+5.388	+6.350	+6.686	+6.657	+6.593	+0.072	+0.063	+6.676	+6.205	+6.684	+6.675	+6.654	+0.630	+6.651	+6.631	+6.643	+6.403	+6.615	+6.463	+6.646	+6.688	+7.467	+6.777	+6.777	+6.949	+6.904	+5.423	+4.630	+0.049	+6.201	+5.039	+0.446	+2.854	-0.082	+6.166	+0.355	-0.270	+6.682	+6.561	+0.488	+2.934	+0.451	+1.185	-0.105	-0.031	+0.526	-0.084	+0.053	-0.225	+1.455	+1.389	+1.461	-0.279	+0.236	-0.280	+0.463	+0.359	-0.278	+0.767	-0.283	-0.298	+2.331	+2.342	+2.283	+0.820	+0.638	+0.847	+2.012	+0.602	-0.280	+0.661	+0.926	-0.262	-0.264	+2.262	+0.935	+1.093	-0.283	+1.431	+0.986	+2.413	-0.284	+2.671	+0.997	+1.334	-0.317	-0.312	+1.376	+0.293	+0.501	+0.434	+3.208	+0.298	+3.404	+3.479	+0.272	-0.354	-0.293	-0.220	-0.283	-0.362	+0.271	-0.354	+3.167	+0.218	+3.618	+3.112	-0.281	-0.261	-0.282	+0.627	+1.239	+0.624	-0.298	+0.989	-0.132	+0.985	+0.683	+0.712	+0.658	-0.073	-0.130	-0.378	-0.367	-0.369	-0.369	-0.371	-0.367	-0.369	-0.216	-0.365	-0.368	-0.373	-0.373	-0.374	-0.374	-0.373	-0.356	-0.372	-0.443	-0.459	-0.438	-0.355	-0.338	-0.343	-0.457	-0.447	-0.362	-0.462	-0.460	-0.429	-0.459	-0.404	-0.456	-0.450	-0.459	-0.461	-0.462	-0.460	-0.460	
rs35884717     +7.023	+3.352	+0.890	+3.185	+6.834	-0.102	+6.360	+6.104	+6.781	+3.262	+6.728	+0.034	+6.648	+5.830	+6.307	+6.637	+6.659	+6.544	+0.063	+0.200	+6.677	+6.699	+6.635	+6.677	+6.656	+0.796	+6.652	+6.633	+6.644	+6.404	+6.616	+6.418	+6.648	+6.639	+7.412	+6.727	+6.779	+6.951	+6.906	+5.816	+5.057	+0.431	+6.635	+5.492	+0.605	+2.809	+0.050	+6.662	+0.522	-0.131	+6.680	+6.558	+0.649	+2.891	+0.609	+1.457	+0.009	+0.077	+0.618	+0.024	+0.159	-0.101	+1.582	+1.515	+1.587	-0.156	+0.353	-0.156	+0.577	+0.477	-0.154	+0.881	-0.160	-0.175	+2.469	+2.480	+2.421	+0.943	+0.760	+0.968	+2.149	+0.723	-0.156	+0.783	+1.049	-0.138	-0.140	+2.403	+1.060	+1.217	-0.159	+1.554	+1.103	+2.555	-0.161	+2.815	+1.114	+1.449	-0.194	-0.189	+1.491	+0.409	+0.620	+0.553	+3.343	+0.418	+3.537	+3.613	+0.391	-0.232	-0.169	-0.096	-0.159	-0.242	+0.391	-0.234	+3.302	+0.337	+3.752	+3.248	-0.161	-0.137	-0.158	+0.747	+1.354	+0.744	-0.175	+1.104	-0.012	+1.103	+0.800	+0.829	+0.779	+0.047	-0.009	-0.257	-0.246	-0.248	-0.248	-0.249	-0.245	-0.248	-0.095	-0.243	-0.246	-0.251	-0.252	-0.252	-0.252	-0.251	-0.234	-0.250	-0.321	-0.338	-0.317	-0.233	-0.216	-0.220	-0.335	-0.326	-0.240	-0.340	-0.338	-0.308	-0.338	-0.282	-0.334	-0.328	-0.337	-0.339	-0.340	-0.338	-0.338	
rs55703923     +6.836	+10.860	+8.206	+8.912	+6.805	+6.999	+6.769	+7.424	+7.675	+8.934	+7.666	+6.712	+7.624	+6.734	+7.484	+7.620	+7.617	+7.579	+6.676	+6.677	+7.551	+6.795	+7.618	+7.627	+7.617	+8.125	+7.616	+7.606	+7.611	+7.519	+7.599	+7.524	+7.612	+7.620	+8.121	+7.664	+7.681	+7.790	+7.759	+6.883	+6.774	+6.828	+6.805	+6.843	+7.887	+8.567	+6.735	+6.786	+6.751	+6.830	+7.624	+7.568	+7.928	+8.662	+7.906	+6.721	+6.643	+6.672	+6.725	+6.646	+6.710	+6.800	+8.627	+8.550	+8.620	+6.740	+7.203	+6.739	+7.422	+7.064	+6.740	+7.941	+6.735	+6.724	+9.999	+10.008	+9.935	+8.187	+7.978	+8.191	+9.641	+7.918	+6.740	+8.008	+8.318	+6.744	+6.742	+9.851	+8.372	+8.523	+6.721	+8.660	+8.255	+10.020	+6.725	+10.381	+8.297	+8.696	+6.695	+6.698	+8.748	+7.082	+7.177	+7.126	+10.917	+7.028	+11.090	+11.177	+7.000	+6.745	+6.713	+6.782	+6.723	+6.692	+7.007	+6.708	+10.873	+6.951	+11.385	+10.818	+6.587	+6.741	+6.722	+8.006	+8.555	+8.001	+6.707	+8.265	+7.097	+8.301	+8.030	+8.065	+8.137	+6.851	+6.787	+6.636	+6.646	+6.648	+6.647	+6.655	+6.651	+6.654	+6.770	+6.649	+6.651	+6.663	+6.662	+6.675	+6.657	+6.662	+6.640	+6.661	+6.554	+6.537	+6.558	+6.681	+6.699	+6.693	+6.543	+6.550	+6.671	+6.542	+6.544	+6.588	+6.544	+6.618	+6.544	+6.559	+6.545	+6.542	+6.540	+6.543	+6.543	
rs4511766      -0.107	+1.316	+0.112	+7.383	-0.129	+0.175	-0.155	+6.284	+6.897	+7.415	+6.870	+5.876	+6.794	-0.203	+6.473	+6.784	+6.778	+6.696	+6.205	+6.699	+6.795	-0.028	+6.781	+6.794	+6.775	+0.047	+6.772	+6.753	+6.764	+6.538	+6.737	+6.575	+6.768	+6.785	+7.521	+6.868	+6.891	+7.054	+7.012	-0.162	-0.235	+2.296	-0.150	-0.179	-0.069	+6.798	+5.788	-0.177	-0.313	-0.271	+6.810	+6.697	-0.043	+6.836	-0.050	-0.328	-0.078	+0.113	+0.866	+0.040	+0.185	-0.366	+1.455	+1.384	+1.458	-0.412	+0.236	-0.412	+0.523	+0.298	-0.412	+0.848	-0.416	-0.426	+2.187	+2.197	+2.138	+0.841	+0.665	+0.885	+1.880	+0.626	-0.414	+0.691	+0.948	-0.398	-0.400	+2.099	+0.947	+1.110	-0.414	+1.394	+1.083	+2.243	-0.415	+2.483	+1.080	+1.466	-0.434	-0.432	+1.509	+0.293	+0.430	+0.357	+3.316	+0.197	+3.502	+3.582	+0.170	-0.446	-0.419	-0.364	-0.412	-0.432	+0.168	-0.423	+3.262	+0.123	+3.773	+3.203	-0.381	-0.395	-0.409	+0.733	+1.374	+0.729	-0.422	+1.097	-0.110	+1.030	+0.766	+0.797	+0.774	-0.161	-0.236	-0.477	-0.464	-0.466	-0.466	-0.470	-0.464	-0.467	-0.297	-0.461	-0.466	-0.473	-0.473	-0.475	-0.474	-0.473	-0.450	-0.471	-0.547	-0.556	-0.540	-0.475	-0.461	-0.465	-0.557	-0.549	-0.482	-0.563	-0.562	-0.531	-0.562	-0.517	-0.556	-0.547	-0.562	-0.562	-0.563	-0.562	-0.561	
rs6753931      +6.822	+10.832	+8.165	+8.938	+6.791	+6.959	+6.755	+7.437	+7.673	+8.959	+7.656	+6.666	+7.615	+6.717	+7.481	+7.609	+7.609	+7.565	+6.684	+6.635	+7.618	+6.781	+7.530	+7.617	+7.607	+8.085	+7.605	+7.595	+7.601	+7.497	+7.587	+7.519	+7.604	+7.609	+8.177	+7.657	+7.673	+7.777	+7.749	+6.871	+6.758	+6.768	+6.792	+6.830	+7.848	+8.587	+6.692	+6.771	+6.700	+6.793	+7.640	+7.583	+7.888	+8.680	+7.867	+6.698	+6.614	+6.645	+6.692	+6.619	+6.687	+6.774	+8.602	+8.525	+8.595	+6.714	+7.189	+6.713	+7.413	+7.040	+6.714	+7.942	+6.709	+6.697	+9.989	+9.998	+9.926	+8.166	+7.954	+8.174	+9.625	+7.897	+6.714	+7.985	+8.297	+6.718	+6.716	+9.825	+8.345	+8.500	+6.695	+8.657	+8.246	+9.992	+6.698	+10.361	+8.295	+8.694	+6.668	+6.671	+8.748	+7.060	+7.154	+7.100	+10.877	+7.004	+11.058	+11.139	+6.977	+6.721	+6.687	+6.755	+6.696	+6.671	+6.983	+6.687	+10.833	+6.930	+11.341	+10.776	+6.558	+6.715	+6.695	+7.967	+8.552	+7.963	+6.681	+8.260	+7.063	+8.299	+8.018	+8.053	+8.087	+6.834	+6.767	+6.610	+6.620	+6.622	+6.621	+6.629	+6.624	+6.628	+6.744	+6.622	+6.625	+6.637	+6.636	+6.649	+6.631	+6.636	+6.613	+6.635	+6.528	+6.511	+6.534	+6.658	+6.678	+6.670	+6.517	+6.524	+6.649	+6.514	+6.515	+6.565	+6.516	+6.593	+6.517	+6.531	+6.517	+6.514	+6.513	+6.515	+6.515	
rs6544831      +6.835	+10.859	+8.205	+8.911	+6.804	+6.998	+6.768	+7.424	+7.675	+8.933	+7.665	+6.711	+7.624	+6.733	+7.483	+7.619	+7.617	+7.579	+6.675	+6.677	+7.627	+6.794	+7.617	+7.550	+7.617	+8.124	+7.615	+7.606	+7.611	+7.519	+7.599	+7.524	+7.612	+7.620	+8.121	+7.664	+7.680	+7.789	+7.758	+6.882	+6.773	+6.827	+6.805	+6.842	+7.886	+8.567	+6.735	+6.785	+6.750	+6.829	+7.623	+7.567	+7.927	+8.662	+7.905	+6.720	+6.642	+6.672	+6.725	+6.645	+6.709	+6.799	+8.626	+8.550	+8.619	+6.739	+7.202	+6.738	+7.421	+7.063	+6.739	+7.940	+6.734	+6.723	+9.998	+10.007	+9.935	+8.187	+7.977	+8.191	+9.640	+7.917	+6.739	+8.008	+8.317	+6.744	+6.742	+9.851	+8.371	+8.522	+6.721	+8.659	+8.254	+10.019	+6.724	+10.381	+8.296	+8.696	+6.694	+6.697	+8.747	+7.081	+7.176	+7.126	+10.916	+7.027	+11.090	+11.176	+6.999	+6.745	+6.713	+6.781	+6.722	+6.691	+7.006	+6.707	+10.872	+6.950	+11.385	+10.817	+6.586	+6.740	+6.721	+8.005	+8.555	+8.000	+6.707	+8.264	+7.096	+8.300	+8.029	+8.064	+8.136	+6.850	+6.786	+6.636	+6.646	+6.647	+6.646	+6.655	+6.650	+6.653	+6.769	+6.648	+6.650	+6.662	+6.662	+6.674	+6.656	+6.662	+6.640	+6.660	+6.553	+6.536	+6.558	+6.681	+6.699	+6.692	+6.543	+6.549	+6.670	+6.542	+6.543	+6.588	+6.543	+6.617	+6.543	+6.558	+6.544	+6.542	+6.540	+6.543	+6.542	
rs6544832      +6.815	+10.837	+8.184	+8.895	+6.784	+6.978	+6.749	+7.409	+7.666	+8.917	+7.655	+6.690	+7.613	+6.713	+7.470	+7.609	+7.606	+7.568	+6.654	+6.656	+7.617	+6.775	+7.607	+7.617	+7.530	+8.103	+7.605	+7.595	+7.600	+7.504	+7.587	+7.512	+7.601	+7.609	+8.116	+7.654	+7.672	+7.784	+7.752	+6.862	+6.753	+6.805	+6.785	+6.823	+7.865	+8.550	+6.713	+6.765	+6.730	+6.809	+7.613	+7.556	+7.906	+8.644	+7.884	+6.700	+6.622	+6.652	+6.705	+6.626	+6.690	+6.779	+8.606	+8.530	+8.600	+6.719	+7.183	+6.718	+7.402	+7.043	+6.719	+7.920	+6.714	+6.703	+9.977	+9.986	+9.914	+8.167	+7.957	+8.171	+9.619	+7.897	+6.719	+7.988	+8.297	+6.723	+6.721	+9.830	+8.351	+8.502	+6.700	+8.638	+8.234	+9.998	+6.704	+10.360	+8.276	+8.676	+6.674	+6.677	+8.727	+7.062	+7.157	+7.106	+10.896	+7.007	+11.069	+11.156	+6.980	+6.725	+6.692	+6.761	+6.702	+6.671	+6.986	+6.687	+10.852	+6.931	+11.364	+10.797	+6.566	+6.720	+6.701	+7.985	+8.535	+7.980	+6.687	+8.244	+7.076	+8.280	+8.009	+8.044	+8.116	+6.830	+6.766	+6.615	+6.625	+6.627	+6.626	+6.634	+6.630	+6.633	+6.749	+6.628	+6.630	+6.642	+6.641	+6.654	+6.636	+6.641	+6.619	+6.640	+6.533	+6.516	+6.538	+6.660	+6.679	+6.672	+6.522	+6.529	+6.650	+6.521	+6.523	+6.567	+6.523	+6.597	+6.523	+6.538	+6.524	+6.521	+6.519	+6.522	+6.522	
rs17394793     +0.094	+1.331	+0.129	+3.204	+0.060	-0.316	+0.014	+7.541	+8.227	+3.277	+8.183	+0.666	+8.099	-0.035	+7.761	+8.087	+8.105	+8.002	+0.630	+0.796	+8.125	+0.047	+8.085	+8.124	+8.103	+0.150	+8.099	+8.079	+8.090	+7.858	+8.063	+7.878	+8.093	+8.088	+8.913	+8.180	+8.228	+8.413	+8.368	+0.120	-0.008	-0.042	+0.042	+0.083	+0.049	+2.858	+0.613	+0.023	-0.217	-0.345	+8.145	+8.024	+0.033	+2.944	+0.020	-0.173	-0.149	+0.020	+0.672	-0.035	+0.069	-0.218	+1.365	+1.301	+1.373	-0.261	+0.294	-0.262	+0.526	+0.491	-0.262	+0.815	-0.266	-0.276	+2.119	+2.129	+2.073	+0.854	+0.679	+0.887	+1.823	+0.643	-0.263	+0.702	+0.970	-0.247	-0.248	+2.082	+0.974	+1.130	-0.263	+1.350	+1.055	+2.225	-0.264	+2.452	+1.051	+1.394	-0.283	-0.281	+1.438	+0.483	+0.626	+0.553	+3.370	+0.397	+3.561	+3.638	+0.369	-0.315	-0.268	-0.216	-0.261	-0.317	+0.367	-0.310	+3.326	+0.316	+3.839	+3.272	-0.156	-0.244	-0.259	+0.839	+1.320	+0.835	-0.272	+1.064	+0.032	+1.056	+0.751	+0.780	+0.734	+0.004	-0.068	-0.319	-0.303	-0.307	-0.306	-0.313	-0.304	-0.309	-0.173	-0.300	-0.306	-0.320	-0.320	-0.325	-0.318	-0.319	-0.287	-0.316	-0.398	-0.414	-0.393	-0.328	-0.313	-0.317	-0.410	-0.401	-0.335	-0.412	-0.409	-0.395	-0.409	-0.370	-0.409	-0.400	-0.409	-0.411	-0.412	-0.410	-0.410	
rs2053185      +6.812	+10.832	+8.180	+8.893	+6.781	+6.975	+6.746	+7.407	+7.665	+8.914	+7.654	+6.687	+7.612	+6.710	+7.468	+7.607	+7.605	+7.566	+6.651	+6.652	+7.616	+6.772	+7.605	+7.615	+7.605	+8.099	+7.527	+7.593	+7.599	+7.502	+7.586	+7.510	+7.600	+7.608	+8.115	+7.653	+7.671	+7.783	+7.752	+6.859	+6.750	+6.802	+6.782	+6.819	+7.861	+8.547	+6.710	+6.762	+6.727	+6.806	+7.612	+7.554	+7.903	+8.642	+7.881	+6.697	+6.619	+6.649	+6.702	+6.623	+6.687	+6.776	+8.603	+8.527	+8.597	+6.716	+7.180	+6.715	+7.399	+7.040	+6.716	+7.918	+6.711	+6.700	+9.974	+9.984	+9.911	+8.164	+7.954	+8.168	+9.617	+7.895	+6.716	+7.985	+8.294	+6.720	+6.718	+9.827	+8.348	+8.499	+6.697	+8.636	+8.231	+9.995	+6.701	+10.357	+8.273	+8.673	+6.671	+6.674	+8.724	+7.059	+7.154	+7.103	+10.894	+7.004	+11.067	+11.154	+6.977	+6.721	+6.689	+6.758	+6.699	+6.668	+6.983	+6.684	+10.849	+6.928	+11.362	+10.795	+6.563	+6.717	+6.698	+7.982	+8.532	+7.977	+6.684	+8.242	+7.073	+8.277	+8.006	+8.041	+8.113	+6.827	+6.763	+6.612	+6.622	+6.624	+6.623	+6.631	+6.627	+6.630	+6.746	+6.625	+6.627	+6.639	+6.638	+6.651	+6.633	+6.638	+6.616	+6.637	+6.530	+6.513	+6.535	+6.657	+6.676	+6.669	+6.519	+6.526	+6.647	+6.518	+6.520	+6.564	+6.520	+6.594	+6.520	+6.535	+6.521	+6.518	+6.516	+6.519	+6.519	
rs713306       +6.794	+10.811	+8.159	+8.874	+6.763	+6.953	+6.727	+7.393	+7.657	+8.896	+7.645	+6.667	+7.602	+6.691	+7.456	+7.597	+7.595	+7.555	+6.631	+6.633	+7.606	+6.753	+7.595	+7.606	+7.595	+8.079	+7.593	+7.507	+7.589	+7.488	+7.575	+7.498	+7.590	+7.598	+8.110	+7.643	+7.663	+7.779	+7.746	+6.841	+6.731	+6.782	+6.763	+6.801	+7.841	+8.529	+6.690	+6.744	+6.708	+6.785	+7.602	+7.543	+7.883	+8.623	+7.861	+6.677	+6.600	+6.629	+6.683	+6.603	+6.667	+6.756	+8.584	+8.508	+8.577	+6.696	+7.160	+6.696	+7.379	+7.022	+6.696	+7.898	+6.692	+6.680	+9.955	+9.964	+9.892	+8.144	+7.934	+8.148	+9.597	+7.874	+6.697	+7.965	+8.274	+6.701	+6.699	+9.808	+8.328	+8.474	+6.678	+8.617	+8.212	+9.976	+6.682	+10.338	+8.254	+8.654	+6.652	+6.654	+8.705	+7.040	+7.135	+7.085	+10.874	+6.986	+11.048	+11.134	+6.958	+6.702	+6.670	+6.739	+6.680	+6.649	+6.965	+6.665	+10.830	+6.909	+11.342	+10.775	+6.544	+6.698	+6.679	+7.962	+8.512	+7.957	+6.664	+8.222	+7.053	+8.258	+7.986	+8.022	+8.093	+6.808	+6.744	+6.593	+6.603	+6.605	+6.603	+6.612	+6.607	+6.610	+6.726	+6.605	+6.607	+6.619	+6.619	+6.631	+6.613	+6.619	+6.597	+6.617	+6.511	+6.494	+6.515	+6.638	+6.656	+6.650	+6.500	+6.507	+6.628	+6.499	+6.500	+6.545	+6.501	+6.574	+6.501	+6.516	+6.501	+6.499	+6.497	+6.500	+6.500	
rs6544833      +6.804	+10.823	+8.170	+8.885	+6.774	+6.966	+6.738	+7.401	+7.662	+8.908	+7.650	+6.678	+7.607	+6.702	+7.463	+7.603	+7.601	+7.561	+6.643	+6.644	+7.611	+6.764	+7.601	+7.611	+7.600	+8.090	+7.599	+7.589	+7.519	+7.496	+7.581	+7.505	+7.595	+7.603	+8.113	+7.649	+7.668	+7.781	+7.749	+6.851	+6.742	+6.793	+6.774	+6.812	+7.853	+8.540	+6.702	+6.755	+6.719	+6.798	+7.608	+7.550	+7.894	+8.635	+7.872	+6.689	+6.611	+6.641	+6.694	+6.615	+6.678	+6.768	+8.594	+8.518	+8.588	+6.708	+7.171	+6.707	+7.390	+7.032	+6.707	+7.909	+6.703	+6.692	+9.965	+9.974	+9.902	+8.155	+7.946	+8.160	+9.607	+7.886	+6.708	+7.976	+8.286	+6.712	+6.710	+9.818	+8.340	+8.490	+6.689	+8.627	+8.222	+9.986	+6.693	+10.348	+8.264	+8.664	+6.663	+6.666	+8.716	+7.050	+7.145	+7.094	+10.885	+6.996	+11.059	+11.146	+6.968	+6.713	+6.681	+6.750	+6.691	+6.660	+6.975	+6.676	+10.842	+6.919	+11.353	+10.786	+6.555	+6.709	+6.690	+7.973	+8.523	+7.968	+6.676	+8.233	+7.064	+8.269	+7.997	+8.033	+8.104	+6.819	+6.755	+6.604	+6.614	+6.616	+6.615	+6.623	+6.619	+6.622	+6.738	+6.617	+6.619	+6.631	+6.631	+6.643	+6.625	+6.631	+6.608	+6.629	+6.522	+6.505	+6.526	+6.649	+6.668	+6.661	+6.511	+6.518	+6.639	+6.510	+6.512	+6.557	+6.512	+6.586	+6.512	+6.527	+6.513	+6.510	+6.508	+6.511	+6.511	
rs13402828     +6.580	+10.572	+7.938	+8.709	+6.548	+6.733	+6.512	+7.251	+7.585	+8.734	+7.554	+6.434	+7.505	+6.476	+7.330	+7.499	+7.505	+7.449	+6.403	+6.404	+7.519	+6.538	+7.497	+7.519	+7.504	+7.858	+7.502	+7.488	+7.496	+7.287	+7.478	+7.381	+7.497	+7.500	+8.068	+7.553	+7.594	+7.737	+7.697	+6.626	+6.516	+6.547	+6.548	+6.586	+7.621	+8.362	+6.456	+6.529	+6.503	+6.567	+7.511	+7.438	+7.662	+8.459	+7.640	+6.462	+6.383	+6.413	+6.470	+6.387	+6.450	+6.539	+8.362	+8.286	+8.355	+6.479	+6.944	+6.479	+7.162	+6.815	+6.479	+7.677	+6.475	+6.464	+9.718	+9.728	+9.656	+7.924	+7.714	+7.927	+9.362	+7.655	+6.480	+7.744	+8.056	+6.484	+6.482	+9.577	+8.109	+8.260	+6.462	+8.392	+7.992	+9.745	+6.466	+10.103	+8.034	+8.432	+6.436	+6.438	+8.484	+6.831	+6.929	+6.878	+10.641	+6.778	+10.814	+10.901	+6.750	+6.486	+6.454	+6.522	+6.463	+6.433	+6.756	+6.449	+10.596	+6.700	+11.112	+10.540	+6.331	+6.482	+6.463	+7.743	+8.286	+7.738	+6.448	+7.997	+6.838	+8.031	+7.761	+7.796	+7.871	+6.593	+6.529	+6.378	+6.388	+6.390	+6.388	+6.397	+6.392	+6.395	+6.511	+6.390	+6.392	+6.405	+6.404	+6.416	+6.398	+6.404	+6.382	+6.402	+6.295	+6.279	+6.300	+6.423	+6.441	+6.435	+6.285	+6.291	+6.413	+6.283	+6.285	+6.331	+6.285	+6.360	+6.286	+6.300	+6.286	+6.283	+6.282	+6.284	+6.284	
rs6544835      +6.778	+10.793	+8.143	+8.863	+6.747	+6.939	+6.711	+7.382	+7.651	+8.885	+7.637	+6.650	+7.594	+6.676	+7.446	+7.589	+7.588	+7.547	+6.615	+6.616	+7.599	+6.737	+7.587	+7.599	+7.587	+8.063	+7.586	+7.575	+7.581	+7.478	+7.491	+7.489	+7.582	+7.590	+8.107	+7.636	+7.658	+7.776	+7.743	+6.825	+6.716	+6.765	+6.747	+6.785	+7.826	+8.517	+6.674	+6.728	+6.693	+6.770	+7.595	+7.535	+7.867	+8.612	+7.845	+6.662	+6.585	+6.615	+6.669	+6.588	+6.652	+6.741	+8.568	+8.492	+8.562	+6.681	+7.145	+6.681	+7.364	+7.006	+6.681	+7.882	+6.676	+6.665	+9.938	+9.947	+9.875	+8.129	+7.919	+8.132	+9.580	+7.859	+6.682	+7.950	+8.259	+6.686	+6.684	+9.791	+8.313	+8.463	+6.663	+8.601	+8.196	+9.959	+6.667	+10.320	+8.238	+8.638	+6.637	+6.639	+8.689	+7.025	+7.120	+7.069	+10.860	+6.971	+11.033	+11.120	+6.943	+6.686	+6.655	+6.723	+6.664	+6.633	+6.950	+6.649	+10.816	+6.894	+11.328	+10.761	+6.529	+6.682	+6.663	+7.948	+8.496	+7.943	+6.649	+8.206	+7.038	+8.242	+7.971	+8.006	+8.079	+6.793	+6.729	+6.578	+6.588	+6.590	+6.588	+6.597	+6.592	+6.595	+6.711	+6.590	+6.592	+6.604	+6.604	+6.616	+6.598	+6.604	+6.582	+6.602	+6.496	+6.479	+6.500	+6.623	+6.641	+6.635	+6.485	+6.491	+6.613	+6.484	+6.485	+6.530	+6.485	+6.559	+6.486	+6.500	+6.486	+6.484	+6.482	+6.485	+6.485	
rs6760635      +6.617	+10.621	+7.957	+8.785	+6.585	+6.750	+6.549	+7.265	+7.587	+8.808	+7.582	+6.446	+7.528	+6.511	+7.337	+7.519	+7.514	+7.459	+6.463	+6.418	+7.524	+6.575	+7.519	+7.524	+7.512	+7.878	+7.510	+7.498	+7.505	+7.381	+7.489	+7.319	+7.508	+7.520	+8.189	+7.585	+7.588	+7.705	+7.674	+6.664	+6.552	+6.546	+6.586	+6.624	+7.641	+8.431	+6.471	+6.565	+6.502	+6.585	+7.545	+7.480	+7.681	+8.525	+7.660	+6.491	+6.412	+6.443	+6.496	+6.416	+6.486	+6.567	+8.403	+8.326	+8.396	+6.507	+6.988	+6.506	+7.214	+6.844	+6.506	+7.742	+6.502	+6.490	+9.785	+9.794	+9.722	+7.964	+7.752	+7.971	+9.421	+7.694	+6.507	+7.782	+8.093	+6.511	+6.509	+9.622	+8.142	+8.297	+6.488	+8.456	+8.045	+9.789	+6.491	+10.155	+8.094	+8.493	+6.461	+6.464	+8.547	+6.862	+6.958	+6.904	+10.675	+6.807	+10.857	+10.938	+6.779	+6.514	+6.480	+6.547	+6.489	+6.465	+6.786	+6.481	+10.631	+6.732	+11.139	+10.573	+6.354	+6.508	+6.488	+7.763	+8.350	+7.760	+6.474	+8.058	+6.856	+8.091	+7.815	+7.850	+7.884	+6.630	+6.563	+6.403	+6.413	+6.415	+6.414	+6.423	+6.418	+6.421	+6.538	+6.416	+6.418	+6.431	+6.430	+6.442	+6.424	+6.430	+6.407	+6.428	+6.321	+6.304	+6.327	+6.451	+6.470	+6.463	+6.310	+6.318	+6.442	+6.308	+6.309	+6.358	+6.309	+6.386	+6.311	+6.324	+6.310	+6.308	+6.306	+6.309	+6.308	
