## Summary of overall evidence for association with region:
## log10(BF for region) = 5.15826
## p-value for region = NA

## BFs for choosing among multi-SNP models:
## log10(average 1-SNP BF) = 4.14031
## log10(average 2-SNP BF) = 5.60667

## Example posterior probabilities for multi-SNP models, based on default prior: [p(l) propto 0.5^l for l=1,2,...,L]
## posterior probability of 1-SNP = 0.0639674
## posterior probability of 2-SNP = 0.936033

## log10(BF) for single SNP and pair of SNPs:
rs7185203      -0.619	-1.021	-1.026	-1.056	-0.805	-1.012	-1.090	-1.000	-1.090	-1.025	-0.987	-1.006	-1.042	-0.952	-0.969	-1.090	-1.083	-0.991	-1.099	-0.980	-0.994	-1.039	-1.013	-0.040	-0.643	-0.647	-0.647	+0.022	-0.055	-0.508	+3.734	+3.541	+2.423	+4.045	+4.045	+4.934	+4.750	+4.400	+4.392	+3.939	+3.521	+3.544	+3.658	+3.545	-0.267	-0.231	-0.228	-0.270	-0.270	-0.698	-0.280	-0.341	-0.283	-0.220	-0.267	-0.639	-0.612	-0.612	-0.588	-0.578	-0.644	-0.634	-0.592	-0.582	-0.441	-0.306	-0.149	-0.418	-0.132	-0.149	+0.038	-0.264	-0.982	-0.340	-0.550	-0.268	-0.297	-0.519	+0.039	-0.131	-0.152	+0.055	-0.099	+0.089	+0.185	+0.113	+0.197	+0.201	+0.119	-0.355	+0.194	+0.107	+0.107	+0.176	+0.497	+0.173	+1.347	+1.445	+0.502	+1.420	+1.371	+1.387	+1.379	+1.316	+1.353	+0.498	+0.395	-0.984	-0.145	+0.440	-0.360	-0.753	-0.286	
rs6564898      -1.021	-0.627	-0.779	-0.810	-0.726	-0.827	-0.874	-0.877	-0.937	-0.891	-0.870	-0.895	-0.910	-0.957	-0.974	-1.080	-1.076	-0.990	-1.096	-0.991	-1.004	-1.045	-1.015	-0.018	-0.639	-0.642	-0.642	+0.051	-0.033	-0.529	+3.816	+3.636	+2.501	+4.126	+4.126	+5.026	+4.841	+4.501	+4.493	+4.002	+3.605	+3.628	+3.728	+3.639	-0.260	-0.224	-0.221	-0.263	-0.263	-0.694	-0.273	-0.335	-0.276	-0.212	-0.260	-0.639	-0.612	-0.612	-0.588	-0.578	-0.646	-0.634	-0.591	-0.582	-0.439	-0.304	-0.144	-0.413	-0.126	-0.142	+0.047	-0.257	-0.987	-0.334	-0.548	-0.277	-0.307	-0.535	+0.042	-0.131	-0.166	+0.059	-0.096	+0.093	+0.189	+0.098	+0.202	+0.206	+0.104	-0.357	+0.198	+0.091	+0.092	+0.160	+0.479	+0.158	+1.338	+1.435	+0.487	+1.411	+1.362	+1.379	+1.370	+1.307	+1.345	+0.483	+0.381	-0.992	-0.147	+0.425	-0.359	-0.753	-0.285	
rs6564899      -1.026	-0.779	-0.629	-0.818	-0.717	-0.825	-0.881	-0.876	-0.941	-0.891	-0.867	-0.894	-0.911	-0.956	-0.973	-1.081	-1.076	-0.988	-1.097	-0.990	-1.004	-1.045	-1.015	-0.020	-0.641	-0.644	-0.645	+0.048	-0.035	-0.530	+3.811	+3.632	+2.497	+4.122	+4.122	+5.021	+4.836	+4.495	+4.488	+3.997	+3.600	+3.623	+3.723	+3.635	-0.263	-0.226	-0.224	-0.266	-0.266	-0.697	-0.276	-0.338	-0.279	-0.215	-0.262	-0.641	-0.614	-0.614	-0.590	-0.580	-0.648	-0.636	-0.593	-0.584	-0.441	-0.306	-0.147	-0.416	-0.128	-0.145	+0.044	-0.260	-0.989	-0.337	-0.551	-0.279	-0.309	-0.537	+0.039	-0.134	-0.168	+0.056	-0.099	+0.090	+0.186	+0.096	+0.199	+0.203	+0.102	-0.359	+0.195	+0.089	+0.090	+0.158	+0.477	+0.156	+1.336	+1.433	+0.485	+1.409	+1.359	+1.376	+1.368	+1.305	+1.342	+0.481	+0.379	-0.994	-0.149	+0.423	-0.362	-0.756	-0.288	
rs7192328      -1.056	-0.810	-0.818	-0.640	-0.659	-0.749	-0.936	-0.834	-0.983	-0.871	-0.814	-0.860	-0.908	-0.935	-0.954	-1.086	-1.080	-0.978	-1.101	-0.978	-0.993	-1.039	-1.001	-0.038	-0.654	-0.658	-0.658	+0.028	-0.054	-0.534	+3.784	+3.603	+2.453	+4.094	+4.094	+4.991	+4.806	+4.464	+4.456	+3.966	+3.575	+3.597	+3.700	+3.608	-0.279	-0.243	-0.240	-0.283	-0.283	-0.712	-0.292	-0.354	-0.296	-0.232	-0.279	-0.655	-0.628	-0.628	-0.603	-0.593	-0.660	-0.649	-0.606	-0.597	-0.455	-0.320	-0.162	-0.432	-0.144	-0.161	+0.027	-0.277	-1.000	-0.354	-0.565	-0.290	-0.319	-0.545	+0.023	-0.149	-0.178	+0.039	-0.115	+0.074	+0.169	+0.087	+0.182	+0.186	+0.093	-0.373	+0.179	+0.080	+0.080	+0.149	+0.468	+0.146	+1.322	+1.419	+0.475	+1.395	+1.346	+1.362	+1.354	+1.292	+1.328	+0.471	+0.369	-1.004	-0.164	+0.413	-0.377	-0.769	-0.303	
rs12716918     -0.805	-0.726	-0.717	-0.659	-0.425	-0.752	-0.694	-0.787	-0.775	-0.769	-0.798	-0.794	-0.760	-0.823	-0.830	-0.824	-0.829	-0.836	-0.855	-0.845	-0.850	-0.865	-0.864	+0.164	-0.457	-0.459	-0.460	+0.229	+0.148	-0.344	+3.959	+3.784	+2.647	+4.273	+4.273	+5.163	+4.982	+4.646	+4.639	+4.177	+3.740	+3.762	+3.862	+3.782	-0.029	+0.008	+0.010	-0.033	-0.033	-0.484	-0.043	-0.107	-0.045	+0.020	-0.030	-0.424	-0.396	-0.396	-0.372	-0.362	-0.433	-0.419	-0.375	-0.366	-0.220	-0.082	+0.083	-0.186	+0.103	+0.086	+0.280	-0.025	-0.795	-0.105	-0.329	-0.081	-0.112	-0.345	+0.250	+0.073	+0.028	+0.269	+0.113	+0.303	+0.401	+0.294	+0.413	+0.418	+0.300	-0.157	+0.410	+0.287	+0.287	+0.356	+0.676	+0.354	+1.554	+1.652	+0.684	+1.628	+1.578	+1.596	+1.587	+1.524	+1.562	+0.681	+0.577	-0.798	+0.059	+0.621	-0.159	-0.557	-0.084	
rs7203914      -1.012	-0.827	-0.825	-0.749	-0.752	-0.618	-0.821	-0.852	-0.928	-0.860	-0.846	-0.869	-0.876	-0.950	-0.967	-1.073	-1.069	-0.987	-1.086	-0.984	-0.997	-1.037	-1.007	-0.002	-0.627	-0.630	-0.631	+0.067	-0.018	-0.522	+3.837	+3.659	+2.517	+4.148	+4.149	+5.049	+4.864	+4.524	+4.516	+4.021	+3.627	+3.650	+3.749	+3.664	-0.249	-0.212	-0.210	-0.252	-0.252	-0.684	-0.262	-0.324	-0.265	-0.201	-0.248	-0.629	-0.602	-0.602	-0.578	-0.568	-0.636	-0.624	-0.581	-0.571	-0.428	-0.293	-0.133	-0.402	-0.114	-0.130	+0.059	-0.245	-0.978	-0.322	-0.537	-0.268	-0.298	-0.527	+0.052	-0.122	-0.158	+0.069	-0.086	+0.103	+0.199	+0.107	+0.212	+0.216	+0.113	-0.348	+0.208	+0.100	+0.100	+0.169	+0.488	+0.166	+1.349	+1.447	+0.496	+1.422	+1.373	+1.390	+1.382	+1.319	+1.356	+0.492	+0.390	-0.984	-0.137	+0.434	-0.350	-0.745	-0.276	
rs4888158      -1.090	-0.874	-0.881	-0.936	-0.694	-0.821	-0.644	-0.828	-0.878	-0.873	-0.801	-0.852	-0.913	-0.851	-0.877	-1.040	-1.031	-0.906	-1.062	-0.912	-0.932	-0.988	-0.908	-0.062	-0.667	-0.671	-0.671	+0.002	-0.077	-0.530	+3.737	+3.551	+2.416	+4.042	+4.042	+4.939	+4.755	+4.409	+4.402	+3.927	+3.523	+3.545	+3.654	+3.553	-0.292	-0.256	-0.253	-0.295	-0.295	-0.722	-0.305	-0.366	-0.309	-0.245	-0.292	-0.663	-0.637	-0.637	-0.611	-0.601	-0.667	-0.657	-0.614	-0.605	-0.463	-0.329	-0.174	-0.444	-0.157	-0.174	+0.013	-0.291	-1.006	-0.367	-0.576	-0.295	-0.322	-0.545	+0.012	-0.158	-0.181	+0.028	-0.125	+0.062	+0.158	+0.085	+0.170	+0.174	+0.091	-0.381	+0.167	+0.079	+0.079	+0.148	+0.468	+0.145	+1.315	+1.412	+0.473	+1.387	+1.338	+1.355	+1.347	+1.284	+1.321	+0.470	+0.367	-1.008	-0.172	+0.412	-0.387	-0.777	-0.313	
rs9926468      -1.000	-0.877	-0.876	-0.834	-0.787	-0.852	-0.828	-0.603	-0.922	-0.767	-0.736	-0.811	-0.798	-0.946	-0.962	-1.064	-1.060	-0.982	-1.075	-0.977	-0.990	-1.029	-1.003	+0.013	-0.612	-0.615	-0.616	+0.083	-0.002	-0.508	+3.850	+3.672	+2.529	+4.159	+4.159	+5.060	+4.875	+4.535	+4.528	+4.038	+3.640	+3.662	+3.759	+3.676	-0.230	-0.194	-0.192	-0.234	-0.233	-0.667	-0.243	-0.306	-0.247	-0.182	-0.230	-0.612	-0.585	-0.585	-0.562	-0.552	-0.620	-0.608	-0.565	-0.556	-0.412	-0.276	-0.113	-0.383	-0.095	-0.111	+0.079	-0.225	-0.964	-0.303	-0.519	-0.253	-0.284	-0.513	+0.068	-0.106	-0.143	+0.085	-0.070	+0.119	+0.216	+0.121	+0.228	+0.232	+0.127	-0.332	+0.225	+0.115	+0.115	+0.184	+0.502	+0.181	+1.365	+1.462	+0.511	+1.438	+1.388	+1.405	+1.397	+1.334	+1.372	+0.507	+0.405	-0.970	-0.121	+0.449	-0.335	-0.730	-0.261	
rs9936936      -1.090	-0.937	-0.941	-0.983	-0.775	-0.928	-0.878	-0.922	-0.652	-0.948	-0.902	-0.924	-0.971	-0.902	-0.925	-1.067	-1.060	-0.936	-1.092	-0.954	-0.972	-1.021	-0.973	-0.056	-0.668	-0.672	-0.673	+0.009	-0.072	-0.544	+3.775	+3.592	+2.451	+4.082	+4.082	+4.984	+4.799	+4.455	+4.447	+3.966	+3.559	+3.581	+3.686	+3.591	-0.293	-0.257	-0.255	-0.297	-0.297	-0.725	-0.306	-0.368	-0.310	-0.246	-0.293	-0.667	-0.641	-0.641	-0.616	-0.606	-0.672	-0.662	-0.619	-0.610	-0.468	-0.333	-0.177	-0.446	-0.159	-0.176	+0.011	-0.292	-1.012	-0.368	-0.579	-0.302	-0.331	-0.556	+0.010	-0.161	-0.190	+0.027	-0.127	+0.061	+0.157	+0.075	+0.170	+0.174	+0.081	-0.385	+0.166	+0.068	+0.069	+0.137	+0.456	+0.134	+1.309	+1.406	+0.463	+1.382	+1.332	+1.349	+1.341	+1.278	+1.315	+0.459	+0.357	-1.015	-0.177	+0.402	-0.389	-0.781	-0.315	
rs9927231      -1.025	-0.891	-0.891	-0.871	-0.769	-0.860	-0.873	-0.767	-0.948	-0.621	-0.729	-0.798	-0.813	-0.948	-0.965	-1.076	-1.072	-0.986	-1.089	-0.983	-0.996	-1.038	-1.012	-0.010	-0.632	-0.635	-0.636	+0.059	-0.025	-0.523	+3.818	+3.637	+2.497	+4.124	+4.124	+5.023	+4.838	+4.497	+4.489	+4.005	+3.605	+3.628	+3.727	+3.640	-0.253	-0.217	-0.215	-0.257	-0.257	-0.688	-0.266	-0.328	-0.270	-0.206	-0.253	-0.632	-0.606	-0.606	-0.582	-0.572	-0.640	-0.628	-0.585	-0.576	-0.433	-0.297	-0.137	-0.406	-0.118	-0.135	+0.054	-0.249	-0.981	-0.327	-0.541	-0.270	-0.301	-0.529	+0.049	-0.125	-0.160	+0.066	-0.089	+0.100	+0.196	+0.105	+0.208	+0.212	+0.110	-0.351	+0.205	+0.098	+0.098	+0.167	+0.485	+0.164	+1.346	+1.443	+0.494	+1.419	+1.369	+1.386	+1.378	+1.315	+1.352	+0.490	+0.388	-0.987	-0.141	+0.432	-0.353	-0.749	-0.279	
rs9931524      -0.987	-0.870	-0.867	-0.814	-0.798	-0.846	-0.801	-0.736	-0.902	-0.729	-0.594	-0.796	-0.761	-0.944	-0.960	-1.056	-1.053	-0.978	-1.067	-0.973	-0.986	-1.024	-0.998	+0.026	-0.602	-0.605	-0.606	+0.096	+0.010	-0.501	+3.868	+3.691	+2.546	+4.176	+4.177	+5.079	+4.894	+4.554	+4.546	+4.054	+3.657	+3.679	+3.776	+3.694	-0.219	-0.182	-0.180	-0.222	-0.222	-0.656	-0.232	-0.294	-0.235	-0.171	-0.219	-0.602	-0.575	-0.575	-0.552	-0.542	-0.611	-0.598	-0.555	-0.546	-0.402	-0.266	-0.102	-0.372	-0.083	-0.100	+0.091	-0.213	-0.954	-0.292	-0.509	-0.243	-0.275	-0.504	+0.079	-0.096	-0.134	+0.097	-0.059	+0.130	+0.227	+0.131	+0.239	+0.243	+0.136	-0.322	+0.236	+0.124	+0.124	+0.193	+0.511	+0.190	+1.375	+1.473	+0.520	+1.448	+1.399	+1.416	+1.408	+1.345	+1.382	+0.517	+0.415	-0.961	-0.111	+0.458	-0.324	-0.721	-0.250	
rs6564901      -1.006	-0.895	-0.894	-0.860	-0.794	-0.869	-0.852	-0.811	-0.924	-0.798	-0.796	-0.610	-0.777	-0.948	-0.964	-1.068	-1.064	-0.984	-1.080	-0.980	-0.993	-1.032	-1.007	+0.009	-0.617	-0.620	-0.621	+0.078	-0.007	-0.514	+3.846	+3.667	+2.520	+4.152	+4.152	+5.053	+4.868	+4.527	+4.520	+4.035	+3.631	+3.653	+3.752	+3.667	-0.239	-0.202	-0.200	-0.242	-0.242	-0.675	-0.252	-0.314	-0.255	-0.191	-0.239	-0.619	-0.593	-0.593	-0.569	-0.559	-0.627	-0.615	-0.573	-0.563	-0.419	-0.284	-0.123	-0.392	-0.105	-0.121	+0.068	-0.235	-0.969	-0.313	-0.528	-0.258	-0.290	-0.519	+0.063	-0.111	-0.150	+0.081	-0.075	+0.114	+0.211	+0.115	+0.223	+0.227	+0.121	-0.338	+0.220	+0.109	+0.109	+0.178	+0.496	+0.175	+1.358	+1.456	+0.505	+1.431	+1.382	+1.399	+1.391	+1.328	+1.365	+0.501	+0.399	-0.976	-0.128	+0.443	-0.340	-0.736	-0.265	
rs4889354      -1.042	-0.910	-0.911	-0.908	-0.760	-0.876	-0.913	-0.798	-0.971	-0.813	-0.761	-0.777	-0.630	-0.941	-0.958	-1.078	-1.073	-0.980	-1.092	-0.980	-0.994	-1.037	-1.012	-0.022	-0.642	-0.645	-0.646	+0.045	-0.038	-0.529	+3.793	+3.611	+2.473	+4.099	+4.099	+4.996	+4.811	+4.469	+4.462	+3.984	+3.580	+3.603	+3.705	+3.615	-0.264	-0.227	-0.225	-0.267	-0.267	-0.698	-0.277	-0.338	-0.280	-0.216	-0.263	-0.642	-0.615	-0.615	-0.591	-0.581	-0.648	-0.637	-0.594	-0.584	-0.442	-0.306	-0.148	-0.417	-0.129	-0.146	+0.043	-0.261	-0.990	-0.338	-0.552	-0.278	-0.309	-0.536	+0.040	-0.134	-0.168	+0.057	-0.099	+0.090	+0.187	+0.097	+0.199	+0.203	+0.103	-0.359	+0.196	+0.090	+0.091	+0.159	+0.478	+0.157	+1.337	+1.435	+0.486	+1.410	+1.361	+1.378	+1.370	+1.307	+1.344	+0.483	+0.380	-0.995	-0.150	+0.424	-0.363	-0.758	-0.289	
rs7187703      -0.952	-0.957	-0.956	-0.935	-0.823	-0.950	-0.851	-0.946	-0.902	-0.948	-0.944	-0.948	-0.941	-0.499	-0.655	-0.570	-0.599	-0.736	-0.692	-0.770	-0.777	-0.778	-0.928	+0.071	-0.533	-0.536	-0.536	+0.133	+0.057	-0.393	+3.867	+3.693	+2.545	+4.179	+4.179	+5.063	+4.881	+4.544	+4.536	+4.106	+3.649	+3.671	+3.772	+3.694	-0.118	-0.081	-0.077	-0.121	-0.121	-0.571	-0.131	-0.194	-0.133	-0.069	-0.117	-0.504	-0.477	-0.477	-0.451	-0.441	-0.512	-0.498	-0.455	-0.445	-0.299	-0.161	-0.005	-0.274	+0.012	-0.004	+0.188	-0.115	-0.855	-0.193	-0.412	-0.149	-0.186	-0.415	+0.163	-0.012	-0.048	+0.180	+0.027	+0.213	+0.310	+0.214	+0.322	+0.326	+0.220	-0.240	+0.319	+0.207	+0.207	+0.276	+0.592	+0.273	+1.462	+1.560	+0.601	+1.535	+1.486	+1.502	+1.494	+1.431	+1.468	+0.597	+0.494	-0.867	-0.023	+0.537	-0.239	-0.632	-0.165	
rs7197860      -0.969	-0.974	-0.973	-0.954	-0.830	-0.967	-0.877	-0.962	-0.925	-0.965	-0.960	-0.964	-0.958	-0.655	-0.516	-0.640	-0.664	-0.757	-0.737	-0.784	-0.794	-0.802	-0.943	+0.055	-0.550	-0.552	-0.553	+0.117	+0.040	-0.411	+3.849	+3.673	+2.528	+4.160	+4.160	+5.044	+4.862	+4.525	+4.517	+4.085	+3.631	+3.653	+3.756	+3.675	-0.136	-0.099	-0.095	-0.139	-0.139	-0.588	-0.149	-0.212	-0.152	-0.088	-0.136	-0.522	-0.494	-0.494	-0.469	-0.459	-0.529	-0.516	-0.472	-0.463	-0.317	-0.180	-0.024	-0.292	-0.006	-0.023	+0.169	-0.134	-0.872	-0.212	-0.430	-0.166	-0.202	-0.431	+0.146	-0.029	-0.065	+0.163	+0.009	+0.195	+0.292	+0.197	+0.305	+0.309	+0.203	-0.257	+0.301	+0.190	+0.191	+0.259	+0.576	+0.256	+1.444	+1.542	+0.584	+1.517	+1.468	+1.484	+1.477	+1.413	+1.451	+0.580	+0.477	-0.884	-0.041	+0.521	-0.255	-0.649	-0.181	
rs7190420      -1.090	-1.080	-1.081	-1.086	-0.824	-1.073	-1.040	-1.064	-1.067	-1.076	-1.056	-1.068	-1.078	-0.570	-0.640	-0.637	-0.809	-0.686	-0.916	-0.773	-0.806	-0.872	-1.026	-0.054	-0.660	-0.664	-0.664	+0.011	-0.069	-0.530	+3.736	+3.551	+2.420	+4.042	+4.042	+4.931	+4.748	+4.404	+4.397	+3.947	+3.520	+3.543	+3.651	+3.553	-0.272	-0.235	-0.232	-0.275	-0.275	-0.710	-0.284	-0.346	-0.288	-0.224	-0.271	-0.649	-0.622	-0.622	-0.597	-0.587	-0.654	-0.643	-0.600	-0.591	-0.448	-0.312	-0.157	-0.426	-0.139	-0.156	+0.032	-0.271	-0.995	-0.348	-0.561	-0.285	-0.317	-0.544	+0.026	-0.147	-0.178	+0.042	-0.111	+0.076	+0.172	+0.086	+0.184	+0.188	+0.092	-0.371	+0.181	+0.079	+0.080	+0.148	+0.466	+0.145	+1.322	+1.419	+0.473	+1.395	+1.346	+1.362	+1.354	+1.291	+1.328	+0.469	+0.367	-1.001	-0.162	+0.411	-0.374	-0.766	-0.300	
rs12919861     -1.083	-1.076	-1.076	-1.080	-0.829	-1.069	-1.031	-1.060	-1.060	-1.072	-1.053	-1.064	-1.073	-0.599	-0.664	-0.809	-0.629	-0.677	-0.912	-0.772	-0.804	-0.882	-1.023	-0.048	-0.653	-0.657	-0.657	+0.016	-0.063	-0.523	+3.738	+3.553	+2.421	+4.043	+4.043	+4.932	+4.748	+4.405	+4.398	+3.951	+3.521	+3.543	+3.652	+3.554	-0.262	-0.226	-0.223	-0.266	-0.266	-0.702	-0.275	-0.337	-0.279	-0.215	-0.262	-0.641	-0.614	-0.614	-0.588	-0.578	-0.646	-0.634	-0.592	-0.582	-0.439	-0.303	-0.148	-0.417	-0.131	-0.147	+0.041	-0.262	-0.987	-0.339	-0.552	-0.279	-0.311	-0.538	+0.032	-0.140	-0.172	+0.049	-0.104	+0.082	+0.178	+0.091	+0.191	+0.195	+0.097	-0.365	+0.187	+0.085	+0.085	+0.154	+0.471	+0.150	+1.327	+1.425	+0.478	+1.400	+1.351	+1.367	+1.359	+1.297	+1.334	+0.475	+0.372	-0.994	-0.156	+0.416	-0.367	-0.759	-0.294	
rs7192273      -0.991	-0.990	-0.988	-0.978	-0.836	-0.987	-0.906	-0.982	-0.936	-0.986	-0.978	-0.984	-0.980	-0.736	-0.757	-0.686	-0.677	-0.538	-0.811	-0.811	-0.822	-0.843	-0.963	+0.032	-0.572	-0.575	-0.575	+0.094	+0.017	-0.437	+3.826	+3.649	+2.508	+4.134	+4.134	+5.021	+4.840	+4.500	+4.493	+4.061	+3.609	+3.631	+3.732	+3.648	-0.164	-0.127	-0.124	-0.167	-0.167	-0.612	-0.177	-0.240	-0.180	-0.116	-0.164	-0.548	-0.521	-0.521	-0.495	-0.485	-0.555	-0.542	-0.498	-0.489	-0.344	-0.207	-0.051	-0.320	-0.034	-0.050	+0.141	-0.162	-0.896	-0.240	-0.457	-0.190	-0.226	-0.453	+0.121	-0.053	-0.086	+0.138	-0.015	+0.171	+0.267	+0.177	+0.280	+0.284	+0.182	-0.279	+0.277	+0.170	+0.170	+0.238	+0.555	+0.235	+1.417	+1.515	+0.563	+1.490	+1.441	+1.457	+1.450	+1.386	+1.424	+0.559	+0.456	-0.906	-0.063	+0.500	-0.277	-0.670	-0.203	
rs4265801      -1.099	-1.096	-1.097	-1.101	-0.855	-1.086	-1.062	-1.075	-1.092	-1.089	-1.067	-1.080	-1.092	-0.692	-0.737	-0.916	-0.912	-0.811	-0.642	-0.520	-0.613	-0.732	-1.016	-0.059	-0.665	-0.668	-0.669	+0.007	-0.074	-0.533	+3.724	+3.540	+2.411	+4.033	+4.033	+4.928	+4.744	+4.394	+4.387	+3.938	+3.513	+3.535	+3.644	+3.545	-0.279	-0.243	-0.240	-0.282	-0.282	-0.716	-0.292	-0.354	-0.295	-0.231	-0.279	-0.655	-0.629	-0.629	-0.603	-0.593	-0.659	-0.649	-0.607	-0.597	-0.454	-0.319	-0.163	-0.432	-0.145	-0.162	+0.026	-0.277	-1.000	-0.354	-0.566	-0.293	-0.324	-0.549	+0.017	-0.154	-0.183	+0.034	-0.119	+0.068	+0.164	+0.080	+0.176	+0.180	+0.086	-0.378	+0.173	+0.073	+0.074	+0.142	+0.460	+0.139	+1.315	+1.412	+0.467	+1.387	+1.338	+1.355	+1.347	+1.284	+1.321	+0.463	+0.361	-1.005	-0.168	+0.405	-0.383	-0.773	-0.309	
rs4888160      -0.980	-0.991	-0.990	-0.978	-0.845	-0.984	-0.912	-0.977	-0.954	-0.983	-0.973	-0.980	-0.980	-0.770	-0.784	-0.773	-0.772	-0.811	-0.520	-0.523	-0.685	-0.676	-0.941	+0.044	-0.560	-0.562	-0.563	+0.106	+0.029	-0.412	+3.825	+3.653	+2.513	+4.142	+4.142	+5.039	+4.858	+4.505	+4.497	+4.072	+3.616	+3.638	+3.739	+3.657	-0.149	-0.113	-0.109	-0.153	-0.152	-0.598	-0.162	-0.225	-0.165	-0.101	-0.149	-0.533	-0.506	-0.506	-0.481	-0.471	-0.536	-0.527	-0.484	-0.475	-0.330	-0.193	-0.034	-0.304	-0.016	-0.033	+0.159	-0.146	-0.880	-0.224	-0.440	-0.179	-0.215	-0.442	+0.130	-0.042	-0.074	+0.147	-0.006	+0.179	+0.276	+0.187	+0.288	+0.292	+0.192	-0.269	+0.285	+0.180	+0.180	+0.248	+0.563	+0.245	+1.427	+1.524	+0.572	+1.500	+1.451	+1.467	+1.459	+1.396	+1.433	+0.569	+0.466	-0.888	-0.052	+0.509	-0.271	-0.661	-0.197	
rs17201380     -0.994	-1.004	-1.004	-0.993	-0.850	-0.997	-0.932	-0.990	-0.972	-0.996	-0.986	-0.993	-0.994	-0.777	-0.794	-0.806	-0.804	-0.822	-0.613	-0.685	-0.537	-0.688	-0.952	+0.032	-0.572	-0.574	-0.575	+0.095	+0.018	-0.425	+3.809	+3.637	+2.500	+4.128	+4.128	+5.025	+4.844	+4.490	+4.483	+4.056	+3.602	+3.624	+3.726	+3.642	-0.163	-0.126	-0.123	-0.166	-0.166	-0.611	-0.176	-0.239	-0.179	-0.115	-0.163	-0.547	-0.520	-0.519	-0.494	-0.484	-0.549	-0.541	-0.497	-0.488	-0.343	-0.207	-0.047	-0.317	-0.030	-0.046	+0.145	-0.160	-0.894	-0.237	-0.453	-0.192	-0.228	-0.455	+0.117	-0.054	-0.087	+0.134	-0.018	+0.167	+0.263	+0.174	+0.276	+0.280	+0.180	-0.281	+0.272	+0.167	+0.168	+0.236	+0.551	+0.232	+1.413	+1.511	+0.560	+1.486	+1.437	+1.453	+1.445	+1.382	+1.420	+0.556	+0.454	-0.902	-0.065	+0.497	-0.285	-0.675	-0.211	
rs35921703     -1.039	-1.045	-1.045	-1.039	-0.865	-1.037	-0.988	-1.029	-1.021	-1.038	-1.024	-1.032	-1.037	-0.778	-0.802	-0.872	-0.882	-0.843	-0.732	-0.676	-0.688	-0.583	-0.987	-0.010	-0.614	-0.617	-0.618	+0.057	-0.025	-0.472	+3.778	+3.602	+2.469	+4.095	+4.095	+4.992	+4.810	+4.457	+4.450	+4.014	+3.572	+3.594	+3.697	+3.609	-0.213	-0.176	-0.173	-0.216	-0.216	-0.657	-0.226	-0.288	-0.229	-0.165	-0.213	-0.594	-0.567	-0.567	-0.541	-0.531	-0.597	-0.588	-0.545	-0.535	-0.391	-0.255	-0.097	-0.367	-0.079	-0.096	+0.094	-0.210	-0.940	-0.287	-0.502	-0.235	-0.269	-0.496	+0.075	-0.096	-0.128	+0.092	-0.061	+0.125	+0.221	+0.134	+0.234	+0.238	+0.140	-0.323	+0.231	+0.127	+0.127	+0.196	+0.512	+0.192	+1.372	+1.469	+0.520	+1.445	+1.396	+1.412	+1.404	+1.341	+1.378	+0.516	+0.414	-0.947	-0.108	+0.457	-0.327	-0.718	-0.254	
rs12447549     -1.013	-1.015	-1.015	-1.001	-0.864	-1.007	-0.908	-1.003	-0.973	-1.012	-0.998	-1.007	-1.012	-0.928	-0.943	-1.026	-1.023	-0.963	-1.016	-0.941	-0.952	-0.987	-0.568	+0.042	-0.579	-0.581	-0.582	+0.111	+0.027	-0.471	+3.933	+3.779	+2.582	+4.275	+4.275	+5.193	+5.008	+4.645	+4.637	+4.154	+3.739	+3.761	+3.855	+3.780	-0.202	-0.166	-0.164	-0.206	-0.205	-0.641	-0.215	-0.277	-0.218	-0.154	-0.202	-0.583	-0.556	-0.556	-0.529	-0.519	-0.585	-0.576	-0.533	-0.523	-0.380	-0.244	-0.083	-0.354	-0.064	-0.081	+0.107	-0.198	-0.929	-0.275	-0.489	-0.224	-0.256	-0.484	+0.099	-0.073	-0.110	+0.116	-0.039	+0.150	+0.246	+0.153	+0.259	+0.263	+0.159	-0.301	+0.256	+0.147	+0.147	+0.215	+0.532	+0.212	+1.394	+1.492	+0.541	+1.467	+1.418	+1.434	+1.426	+1.363	+1.401	+0.537	+0.435	-0.931	-0.090	+0.479	-0.313	-0.706	-0.239	
rs4888165      -0.040	-0.018	-0.020	-0.038	+0.164	-0.002	-0.062	+0.013	-0.056	-0.010	+0.026	+0.009	-0.022	+0.071	+0.055	-0.054	-0.048	+0.032	-0.059	+0.044	+0.032	-0.010	+0.042	+0.498	+0.702	+0.791	+0.793	+0.420	+0.423	+0.421	+3.845	+3.680	+2.999	+4.269	+4.269	+5.056	+4.871	+4.573	+4.568	+4.430	+3.861	+3.882	+3.945	+3.950	+0.695	+0.731	+0.736	+0.692	+0.693	+0.315	+0.684	+0.625	+0.686	+0.742	+0.696	+0.356	+0.380	+0.380	+0.388	+0.397	+0.341	+0.346	+0.385	+0.395	+0.523	+0.652	+0.820	+0.562	+0.848	+0.829	+1.012	+0.707	+0.066	+0.638	+0.447	+0.849	+0.765	+0.543	+1.157	+0.982	+0.944	+1.175	+0.988	+1.197	+1.295	+1.223	+1.307	+1.311	+1.229	+0.731	+1.305	+1.217	+1.217	+1.289	+1.634	+1.289	+2.492	+2.592	+1.616	+2.567	+2.516	+2.535	+2.525	+2.459	+2.498	+1.613	+1.507	+0.088	+0.940	+1.554	+0.634	+0.257	+0.711	
rs4423411      -0.643	-0.639	-0.641	-0.654	-0.457	-0.627	-0.667	-0.612	-0.668	-0.632	-0.602	-0.617	-0.642	-0.533	-0.550	-0.660	-0.653	-0.572	-0.665	-0.560	-0.572	-0.614	-0.579	+0.702	-0.151	-0.270	-0.271	+0.590	+0.648	-0.150	+3.874	+3.633	+2.600	+4.098	+4.098	+5.015	+4.832	+4.461	+4.453	+4.083	+3.604	+3.626	+3.727	+3.651	+0.124	+0.160	+0.164	+0.121	+0.122	-0.280	+0.112	+0.053	+0.113	+0.171	+0.125	-0.227	-0.203	-0.202	-0.187	-0.178	-0.237	-0.231	-0.190	-0.181	-0.047	+0.084	+0.243	-0.017	+0.267	+0.249	+0.433	+0.132	-0.546	+0.060	-0.140	+0.206	+0.142	-0.080	+0.516	+0.343	+0.313	+0.533	+0.361	+0.559	+0.656	+0.584	+0.668	+0.672	+0.591	+0.102	+0.665	+0.579	+0.579	+0.649	+0.983	+0.647	+1.842	+1.941	+0.976	+1.916	+1.866	+1.884	+1.875	+1.810	+1.849	+0.972	+0.868	-0.528	+0.311	+0.914	+0.050	-0.329	+0.126	
rs4281702      -0.647	-0.642	-0.644	-0.658	-0.459	-0.630	-0.671	-0.615	-0.672	-0.635	-0.605	-0.620	-0.645	-0.536	-0.552	-0.664	-0.657	-0.575	-0.668	-0.562	-0.574	-0.617	-0.581	+0.791	-0.270	-0.155	-0.256	+0.636	+0.732	-0.153	+3.879	+3.636	+2.596	+4.098	+4.098	+5.018	+4.835	+4.462	+4.454	+4.077	+3.602	+3.624	+3.725	+3.648	+0.119	+0.155	+0.159	+0.116	+0.116	-0.284	+0.107	+0.048	+0.107	+0.166	+0.120	-0.232	-0.207	-0.207	-0.192	-0.182	-0.242	-0.235	-0.195	-0.185	-0.052	+0.079	+0.238	-0.022	+0.262	+0.244	+0.427	+0.126	-0.549	+0.055	-0.145	+0.203	+0.138	-0.084	+0.514	+0.340	+0.308	+0.531	+0.358	+0.556	+0.653	+0.579	+0.665	+0.669	+0.585	+0.099	+0.662	+0.573	+0.573	+0.643	+0.977	+0.642	+1.835	+1.934	+0.969	+1.909	+1.860	+1.878	+1.868	+1.803	+1.842	+0.966	+0.862	-0.532	+0.306	+0.908	+0.048	-0.332	+0.124	
rs2317497      -0.647	-0.642	-0.645	-0.658	-0.460	-0.631	-0.671	-0.616	-0.673	-0.636	-0.606	-0.621	-0.646	-0.536	-0.553	-0.664	-0.657	-0.575	-0.669	-0.563	-0.575	-0.618	-0.582	+0.793	-0.271	-0.256	-0.156	+0.637	+0.735	-0.154	+3.879	+3.636	+2.596	+4.098	+4.098	+5.018	+4.835	+4.462	+4.454	+4.077	+3.602	+3.624	+3.725	+3.648	+0.118	+0.154	+0.158	+0.116	+0.116	-0.285	+0.106	+0.047	+0.107	+0.165	+0.119	-0.233	-0.208	-0.208	-0.193	-0.183	-0.243	-0.236	-0.196	-0.186	-0.052	+0.078	+0.237	-0.023	+0.261	+0.243	+0.427	+0.126	-0.550	+0.054	-0.145	+0.202	+0.138	-0.085	+0.513	+0.340	+0.307	+0.530	+0.358	+0.555	+0.652	+0.578	+0.664	+0.668	+0.585	+0.098	+0.662	+0.572	+0.573	+0.642	+0.976	+0.641	+1.835	+1.934	+0.969	+1.908	+1.859	+1.877	+1.867	+1.803	+1.841	+0.965	+0.861	-0.533	+0.305	+0.908	+0.048	-0.332	+0.124	
rs753108       +0.022	+0.051	+0.048	+0.028	+0.229	+0.067	+0.002	+0.083	+0.009	+0.059	+0.096	+0.078	+0.045	+0.133	+0.117	+0.011	+0.016	+0.094	+0.007	+0.106	+0.095	+0.057	+0.111	+0.420	+0.590	+0.636	+0.637	+0.564	+0.415	+0.477	+3.841	+3.667	+2.935	+4.233	+4.233	+5.037	+4.854	+4.547	+4.541	+4.401	+3.815	+3.836	+3.904	+3.897	+0.753	+0.789	+0.794	+0.751	+0.751	+0.376	+0.742	+0.684	+0.745	+0.800	+0.754	+0.417	+0.440	+0.440	+0.449	+0.458	+0.403	+0.407	+0.447	+0.455	+0.583	+0.711	+0.883	+0.621	+0.910	+0.892	+1.074	+0.766	+0.134	+0.697	+0.510	+0.894	+0.812	+0.591	+1.198	+1.025	+0.977	+1.215	+1.031	+1.236	+1.333	+1.249	+1.345	+1.349	+1.256	+0.774	+1.343	+1.244	+1.245	+1.315	+1.656	+1.316	+2.511	+2.610	+1.639	+2.585	+2.535	+2.553	+2.543	+2.478	+2.517	+1.636	+1.531	+0.155	+0.967	+1.577	+0.685	+0.314	+0.762	
rs2873480      -0.055	-0.033	-0.035	-0.054	+0.148	-0.018	-0.077	-0.002	-0.072	-0.025	+0.010	-0.007	-0.038	+0.057	+0.040	-0.069	-0.063	+0.017	-0.074	+0.029	+0.018	-0.025	+0.027	+0.423	+0.648	+0.732	+0.735	+0.415	+0.481	+0.406	+3.842	+3.675	+2.985	+4.259	+4.259	+5.050	+4.866	+4.566	+4.560	+4.419	+3.850	+3.871	+3.935	+3.939	+0.682	+0.717	+0.722	+0.679	+0.679	+0.301	+0.670	+0.612	+0.673	+0.729	+0.683	+0.342	+0.366	+0.366	+0.374	+0.384	+0.328	+0.332	+0.371	+0.381	+0.510	+0.638	+0.806	+0.547	+0.834	+0.814	+0.997	+0.693	+0.050	+0.623	+0.432	+0.835	+0.751	+0.529	+1.143	+0.967	+0.929	+1.160	+0.974	+1.182	+1.281	+1.207	+1.292	+1.296	+1.213	+0.716	+1.290	+1.201	+1.202	+1.273	+1.618	+1.273	+2.476	+2.576	+1.600	+2.551	+2.500	+2.519	+2.509	+2.443	+2.482	+1.597	+1.491	+0.073	+0.924	+1.538	+0.619	+0.242	+0.696	
rs72831128     -0.508	-0.529	-0.530	-0.534	-0.344	-0.522	-0.530	-0.508	-0.544	-0.523	-0.501	-0.514	-0.529	-0.393	-0.411	-0.530	-0.523	-0.437	-0.533	-0.412	-0.425	-0.472	-0.471	+0.421	-0.150	-0.153	-0.154	+0.477	+0.406	+0.021	+4.206	+3.996	+2.982	+4.531	+4.531	+5.417	+5.231	+4.899	+4.893	+4.349	+4.077	+4.099	+4.200	+4.301	+0.351	+0.389	+0.392	+0.347	+0.347	-0.075	+0.337	+0.272	+0.333	+0.400	+0.350	-0.049	-0.022	-0.022	+0.006	+0.016	-0.054	-0.042	+0.002	+0.012	+0.160	+0.299	+0.499	+0.197	+0.514	+0.496	+0.695	+0.358	-0.410	+0.275	+0.050	+0.303	+0.287	+0.058	+0.628	+0.452	+0.462	+0.646	+0.489	+0.685	+0.782	+0.744	+0.795	+0.800	+0.750	+0.232	+0.792	+0.737	+0.737	+0.809	+1.147	+0.806	+2.009	+2.111	+1.149	+2.085	+2.034	+2.053	+2.043	+1.978	+2.016	+1.146	+1.038	-0.412	+0.499	+1.083	+0.211	-0.170	+0.291	
rs9936666      +3.734	+3.816	+3.811	+3.784	+3.959	+3.837	+3.737	+3.850	+3.775	+3.818	+3.868	+3.846	+3.793	+3.867	+3.849	+3.736	+3.738	+3.826	+3.724	+3.825	+3.809	+3.778	+3.933	+3.845	+3.874	+3.879	+3.879	+3.841	+3.842	+4.206	+4.511	+4.420	+4.286	+4.827	+4.827	+5.425	+5.287	+5.023	+5.019	+5.292	+4.635	+4.648	+4.674	+4.839	+4.751	+4.801	+4.808	+4.739	+4.739	+4.293	+4.724	+4.650	+4.735	+4.799	+4.737	+4.314	+4.348	+4.348	+4.332	+4.344	+4.277	+4.278	+4.330	+4.336	+4.495	+4.662	+4.972	+4.569	+4.986	+4.958	+5.168	+4.725	+3.887	+4.644	+4.432	+4.925	+4.743	+4.461	+5.227	+5.039	+4.894	+5.245	+4.963	+5.294	+5.406	+5.264	+5.419	+5.426	+5.271	+4.722	+5.416	+5.256	+5.256	+5.339	+5.713	+5.342	+6.714	+6.823	+5.708	+6.796	+6.740	+6.764	+6.753	+6.681	+6.724	+5.703	+5.578	+3.920	+4.897	+5.626	+4.415	+3.989	+4.480	
rs12925097     +3.541	+3.636	+3.632	+3.603	+3.784	+3.659	+3.551	+3.672	+3.592	+3.637	+3.691	+3.667	+3.611	+3.693	+3.673	+3.551	+3.553	+3.649	+3.540	+3.653	+3.637	+3.602	+3.779	+3.680	+3.633	+3.636	+3.636	+3.667	+3.675	+3.996	+4.420	+4.318	+4.133	+4.662	+4.662	+5.395	+5.213	+4.913	+4.907	+5.033	+4.425	+4.438	+4.539	+4.607	+4.618	+4.666	+4.674	+4.605	+4.605	+4.141	+4.589	+4.513	+4.599	+4.666	+4.603	+4.160	+4.194	+4.194	+4.179	+4.191	+4.121	+4.123	+4.176	+4.183	+4.348	+4.518	+4.796	+4.390	+4.811	+4.783	+4.995	+4.548	+3.675	+4.466	+4.249	+4.784	+4.623	+4.327	+5.084	+4.892	+4.697	+5.102	+4.818	+5.157	+5.270	+5.073	+5.283	+5.289	+5.081	+4.581	+5.281	+5.066	+5.066	+5.148	+5.515	+5.149	+6.507	+6.617	+5.516	+6.590	+6.534	+6.557	+6.546	+6.475	+6.517	+5.512	+5.386	+3.714	+4.717	+5.433	+4.251	+3.820	+4.318	
rs71388369     +2.423	+2.501	+2.497	+2.453	+2.647	+2.517	+2.416	+2.529	+2.451	+2.497	+2.546	+2.520	+2.473	+2.545	+2.528	+2.420	+2.421	+2.508	+2.411	+2.513	+2.500	+2.469	+2.582	+2.999	+2.600	+2.596	+2.596	+2.935	+2.985	+2.982	+4.286	+4.133	+3.202	+4.467	+4.467	+5.303	+5.122	+4.796	+4.789	+4.739	+4.016	+4.034	+4.126	+4.104	+3.419	+3.467	+3.474	+3.409	+3.409	+2.942	+3.394	+3.321	+3.400	+3.468	+3.407	+2.974	+3.007	+3.007	+3.017	+3.029	+2.958	+2.963	+3.016	+3.024	+3.188	+3.347	+3.621	+3.233	+3.630	+3.607	+3.808	+3.389	+2.521	+3.304	+3.097	+3.383	+3.282	+3.039	+3.675	+3.499	+3.467	+3.693	+3.531	+3.755	+3.862	+3.828	+3.873	+3.882	+3.835	+3.240	+3.872	+3.822	+3.822	+3.903	+4.257	+3.901	+5.221	+5.330	+4.253	+5.304	+5.249	+5.273	+5.262	+5.193	+5.234	+4.250	+4.130	+2.572	+3.504	+4.175	+3.248	+2.722	+3.314	
rs74577359     +4.045	+4.126	+4.122	+4.094	+4.273	+4.148	+4.042	+4.159	+4.082	+4.124	+4.176	+4.152	+4.099	+4.179	+4.160	+4.042	+4.043	+4.134	+4.033	+4.142	+4.128	+4.095	+4.275	+4.269	+4.098	+4.098	+4.098	+4.233	+4.259	+4.531	+4.827	+4.662	+4.467	+4.841	+4.876	+5.477	+5.315	+5.050	+5.045	+5.243	+4.689	+4.699	+4.784	+4.867	+5.109	+5.158	+5.165	+5.093	+5.093	+4.636	+5.077	+5.000	+5.085	+5.153	+5.089	+4.644	+4.679	+4.679	+4.653	+4.665	+4.595	+4.598	+4.651	+4.658	+4.819	+4.985	+5.273	+4.876	+5.287	+5.257	+5.463	+5.029	+4.150	+4.944	+4.730	+5.242	+5.100	+4.812	+5.555	+5.363	+5.158	+5.573	+5.400	+5.640	+5.755	+5.535	+5.767	+5.775	+5.542	+5.056	+5.765	+5.527	+5.527	+5.609	+5.977	+5.610	+6.991	+7.102	+5.979	+7.076	+7.020	+7.046	+7.034	+6.962	+7.005	+5.976	+5.849	+4.199	+5.184	+5.899	+4.866	+4.364	+4.939	
rs75298697     +4.045	+4.126	+4.122	+4.094	+4.273	+4.149	+4.042	+4.159	+4.082	+4.124	+4.177	+4.152	+4.099	+4.179	+4.160	+4.042	+4.043	+4.134	+4.033	+4.142	+4.128	+4.095	+4.275	+4.269	+4.098	+4.098	+4.098	+4.233	+4.259	+4.531	+4.827	+4.662	+4.467	+4.876	+4.841	+5.477	+5.315	+5.050	+5.045	+5.243	+4.689	+4.699	+4.784	+4.867	+5.109	+5.158	+5.165	+5.093	+5.093	+4.636	+5.077	+5.000	+5.086	+5.153	+5.089	+4.644	+4.679	+4.679	+4.653	+4.665	+4.595	+4.598	+4.651	+4.658	+4.819	+4.985	+5.273	+4.877	+5.287	+5.257	+5.463	+5.029	+4.150	+4.944	+4.730	+5.242	+5.100	+4.813	+5.555	+5.363	+5.158	+5.574	+5.400	+5.640	+5.755	+5.535	+5.767	+5.775	+5.542	+5.057	+5.765	+5.527	+5.527	+5.609	+5.977	+5.610	+6.992	+7.103	+5.979	+7.076	+7.020	+7.046	+7.034	+6.963	+7.005	+5.976	+5.850	+4.199	+5.184	+5.899	+4.866	+4.364	+4.939	
rs12927230     +4.934	+5.026	+5.021	+4.991	+5.163	+5.049	+4.939	+5.060	+4.984	+5.023	+5.079	+5.053	+4.996	+5.063	+5.044	+4.931	+4.932	+5.021	+4.928	+5.039	+5.025	+4.992	+5.193	+5.056	+5.015	+5.018	+5.018	+5.037	+5.050	+5.417	+5.425	+5.395	+5.303	+5.477	+5.477	+5.745	+5.698	+5.587	+5.584	+5.757	+5.404	+5.404	+5.403	+5.447	+6.059	+6.109	+6.116	+6.042	+6.042	+5.544	+6.025	+5.946	+6.038	+6.104	+6.038	+5.580	+5.616	+5.616	+5.594	+5.608	+5.536	+5.537	+5.593	+5.601	+5.768	+5.940	+6.221	+5.811	+6.234	+6.204	+6.413	+5.966	+5.024	+5.882	+5.654	+6.192	+6.065	+5.763	+6.492	+6.299	+6.096	+6.512	+6.341	+6.576	+6.691	+6.483	+6.702	+6.712	+6.491	+5.975	+6.701	+6.476	+6.476	+6.563	+6.933	+6.564	+7.976	+8.089	+6.936	+8.062	+8.007	+8.032	+8.021	+7.946	+7.991	+6.934	+6.803	+5.101	+6.117	+6.852	+5.713	+5.236	+5.786	
rs71388370     +4.750	+4.841	+4.836	+4.806	+4.982	+4.864	+4.755	+4.875	+4.799	+4.838	+4.894	+4.868	+4.811	+4.881	+4.862	+4.748	+4.748	+4.840	+4.744	+4.858	+4.844	+4.810	+5.008	+4.871	+4.832	+4.835	+4.835	+4.854	+4.866	+5.231	+5.287	+5.213	+5.122	+5.315	+5.315	+5.698	+5.554	+5.414	+5.411	+5.644	+5.223	+5.225	+5.251	+5.307	+5.870	+5.920	+5.927	+5.852	+5.852	+5.355	+5.836	+5.756	+5.848	+5.914	+5.848	+5.392	+5.427	+5.427	+5.408	+5.422	+5.350	+5.351	+5.407	+5.415	+5.581	+5.752	+6.034	+5.621	+6.047	+6.017	+6.226	+5.777	+4.839	+5.693	+5.467	+5.993	+5.869	+5.571	+6.298	+6.104	+5.906	+6.317	+6.147	+6.381	+6.496	+6.292	+6.507	+6.516	+6.300	+5.782	+6.506	+6.285	+6.285	+6.372	+6.742	+6.372	+7.783	+7.895	+6.744	+7.869	+7.814	+7.838	+7.827	+7.753	+7.797	+6.742	+6.612	+4.916	+5.930	+6.662	+5.528	+5.050	+5.602	
rs35639494     +4.400	+4.501	+4.495	+4.464	+4.646	+4.524	+4.409	+4.535	+4.455	+4.497	+4.554	+4.527	+4.469	+4.544	+4.525	+4.404	+4.405	+4.500	+4.394	+4.505	+4.490	+4.457	+4.645	+4.573	+4.461	+4.462	+4.462	+4.547	+4.566	+4.899	+5.023	+4.913	+4.796	+5.050	+5.050	+5.587	+5.414	+5.197	+5.225	+5.376	+4.922	+4.927	+4.965	+5.021	+5.501	+5.550	+5.557	+5.483	+5.484	+5.014	+5.467	+5.389	+5.478	+5.544	+5.480	+5.028	+5.063	+5.063	+5.036	+5.049	+4.978	+4.980	+5.035	+5.042	+5.207	+5.379	+5.659	+5.258	+5.671	+5.642	+5.848	+5.413	+4.500	+5.329	+5.104	+5.649	+5.499	+5.201	+5.953	+5.757	+5.537	+5.972	+5.800	+6.035	+6.150	+5.917	+6.162	+6.171	+5.925	+5.442	+6.161	+5.910	+5.911	+5.997	+6.363	+5.998	+7.394	+7.505	+6.370	+7.479	+7.423	+7.447	+7.437	+7.364	+7.407	+6.367	+6.240	+4.568	+5.565	+6.290	+5.184	+4.704	+5.257	
rs12932714     +4.392	+4.493	+4.488	+4.456	+4.639	+4.516	+4.402	+4.528	+4.447	+4.489	+4.546	+4.520	+4.462	+4.536	+4.517	+4.397	+4.398	+4.493	+4.387	+4.497	+4.483	+4.450	+4.637	+4.568	+4.453	+4.454	+4.454	+4.541	+4.560	+4.893	+5.019	+4.907	+4.789	+5.045	+5.045	+5.584	+5.411	+5.225	+5.189	+5.372	+4.916	+4.920	+4.959	+5.017	+5.492	+5.541	+5.548	+5.474	+5.474	+5.005	+5.458	+5.380	+5.469	+5.535	+5.470	+5.019	+5.054	+5.054	+5.028	+5.041	+4.970	+4.972	+5.027	+5.034	+5.198	+5.370	+5.651	+5.251	+5.662	+5.633	+5.839	+5.405	+4.492	+5.321	+5.096	+5.642	+5.492	+5.193	+5.946	+5.750	+5.529	+5.965	+5.794	+6.029	+6.143	+5.909	+6.156	+6.165	+5.917	+5.435	+6.155	+5.902	+5.903	+5.989	+6.355	+5.990	+7.386	+7.497	+6.362	+7.471	+7.415	+7.439	+7.428	+7.356	+7.399	+6.359	+6.232	+4.561	+5.558	+6.282	+5.176	+4.696	+5.249	
rs4328434      +3.939	+4.002	+3.997	+3.966	+4.177	+4.021	+3.927	+4.038	+3.966	+4.005	+4.054	+4.035	+3.984	+4.106	+4.085	+3.947	+3.951	+4.061	+3.938	+4.072	+4.056	+4.014	+4.154	+4.430	+4.083	+4.077	+4.077	+4.401	+4.419	+4.349	+5.292	+5.033	+4.739	+5.243	+5.243	+5.757	+5.644	+5.376	+5.372	+4.672	+5.016	+5.029	+5.156	+5.254	+4.910	+4.954	+4.961	+4.894	+4.894	+4.499	+4.879	+4.806	+4.891	+4.953	+4.892	+4.482	+4.514	+4.514	+4.522	+4.535	+4.468	+4.469	+4.519	+4.528	+4.683	+4.834	+5.048	+4.712	+5.060	+5.034	+5.229	+4.863	+4.021	+4.786	+4.568	+4.927	+4.802	+4.532	+5.221	+5.041	+4.853	+5.233	+5.074	+5.302	+5.406	+5.196	+5.420	+5.429	+5.202	+4.811	+5.416	+5.187	+5.187	+5.257	+5.597	+5.255	+6.440	+6.542	+5.582	+6.517	+6.465	+6.487	+6.479	+6.415	+6.452	+5.579	+5.470	+4.075	+5.004	+5.516	+4.583	+4.195	+4.639	
rs12932419     +3.521	+3.605	+3.600	+3.575	+3.740	+3.627	+3.523	+3.640	+3.559	+3.605	+3.657	+3.631	+3.580	+3.649	+3.631	+3.520	+3.521	+3.609	+3.513	+3.616	+3.602	+3.572	+3.739	+3.861	+3.604	+3.602	+3.602	+3.815	+3.850	+4.077	+4.635	+4.425	+4.016	+4.689	+4.689	+5.404	+5.223	+4.922	+4.916	+5.016	+4.313	+4.357	+4.381	+4.364	+4.544	+4.592	+4.600	+4.530	+4.530	+4.062	+4.515	+4.441	+4.523	+4.589	+4.527	+4.095	+4.128	+4.128	+4.111	+4.123	+4.053	+4.057	+4.110	+4.117	+4.277	+4.438	+4.722	+4.332	+4.733	+4.708	+4.906	+4.484	+3.569	+4.402	+4.186	+4.664	+4.543	+4.272	+4.961	+4.774	+4.626	+4.980	+4.813	+5.046	+5.157	+5.003	+5.169	+5.177	+5.011	+4.479	+5.167	+4.996	+4.996	+5.083	+5.444	+5.082	+6.456	+6.566	+5.447	+6.540	+6.485	+6.508	+6.498	+6.427	+6.469	+5.444	+5.318	+3.676	+4.656	+5.364	+4.410	+3.862	+4.484	
rs12919707     +3.544	+3.628	+3.623	+3.597	+3.762	+3.650	+3.545	+3.662	+3.581	+3.628	+3.679	+3.653	+3.603	+3.671	+3.653	+3.543	+3.543	+3.631	+3.535	+3.638	+3.624	+3.594	+3.761	+3.882	+3.626	+3.624	+3.624	+3.836	+3.871	+4.099	+4.648	+4.438	+4.034	+4.699	+4.699	+5.404	+5.225	+4.927	+4.920	+5.029	+4.357	+4.337	+4.392	+4.376	+4.567	+4.615	+4.623	+4.553	+4.553	+4.085	+4.538	+4.464	+4.546	+4.612	+4.551	+4.118	+4.151	+4.151	+4.133	+4.145	+4.076	+4.080	+4.132	+4.139	+4.299	+4.461	+4.746	+4.355	+4.756	+4.731	+4.930	+4.507	+3.591	+4.425	+4.209	+4.687	+4.565	+4.295	+4.984	+4.797	+4.649	+5.003	+4.837	+5.069	+5.180	+5.026	+5.192	+5.200	+5.033	+4.502	+5.190	+5.018	+5.019	+5.105	+5.467	+5.105	+6.478	+6.589	+5.470	+6.562	+6.507	+6.530	+6.520	+6.449	+6.491	+5.467	+5.340	+3.699	+4.678	+5.387	+4.431	+3.884	+4.506	
rs12923232     +3.658	+3.728	+3.723	+3.700	+3.862	+3.749	+3.654	+3.759	+3.686	+3.727	+3.776	+3.752	+3.705	+3.772	+3.756	+3.651	+3.652	+3.732	+3.644	+3.739	+3.726	+3.697	+3.855	+3.945	+3.727	+3.725	+3.725	+3.904	+3.935	+4.200	+4.674	+4.539	+4.126	+4.784	+4.784	+5.403	+5.251	+4.965	+4.959	+5.156	+4.381	+4.392	+4.453	+4.453	+4.712	+4.763	+4.771	+4.699	+4.699	+4.221	+4.683	+4.608	+4.693	+4.759	+4.696	+4.256	+4.289	+4.289	+4.274	+4.286	+4.214	+4.219	+4.274	+4.280	+4.444	+4.612	+4.891	+4.492	+4.901	+4.876	+5.078	+4.647	+3.716	+4.564	+4.346	+4.757	+4.620	+4.359	+5.051	+4.867	+4.775	+5.071	+4.910	+5.131	+5.242	+5.152	+5.254	+5.263	+5.159	+4.573	+5.253	+5.145	+5.145	+5.232	+5.597	+5.232	+6.617	+6.728	+5.599	+6.701	+6.646	+6.669	+6.659	+6.588	+6.630	+5.596	+5.469	+3.816	+4.798	+5.515	+4.523	+3.992	+4.597	
rs58924274     +3.545	+3.639	+3.635	+3.608	+3.782	+3.664	+3.553	+3.676	+3.591	+3.640	+3.694	+3.667	+3.615	+3.694	+3.675	+3.553	+3.554	+3.648	+3.545	+3.657	+3.642	+3.609	+3.780	+3.950	+3.651	+3.648	+3.648	+3.897	+3.939	+4.301	+4.839	+4.607	+4.104	+4.867	+4.867	+5.447	+5.307	+5.021	+5.017	+5.254	+4.364	+4.376	+4.453	+4.356	+4.562	+4.609	+4.617	+4.547	+4.548	+4.078	+4.533	+4.458	+4.541	+4.606	+4.544	+4.115	+4.148	+4.149	+4.132	+4.144	+4.075	+4.079	+4.131	+4.138	+4.297	+4.462	+4.689	+4.348	+4.704	+4.679	+4.873	+4.500	+3.595	+4.420	+4.181	+4.732	+4.607	+4.320	+5.028	+4.839	+4.696	+5.047	+4.877	+5.122	+5.236	+5.100	+5.248	+5.257	+5.108	+4.553	+5.248	+5.095	+5.096	+5.187	+5.555	+5.185	+6.559	+6.669	+5.553	+6.642	+6.589	+6.614	+6.601	+6.527	+6.573	+5.552	+5.422	+3.705	+4.734	+5.473	+4.461	+3.884	+4.537	
rs7198003      -0.267	-0.260	-0.263	-0.279	-0.029	-0.249	-0.292	-0.230	-0.293	-0.253	-0.219	-0.239	-0.264	-0.118	-0.136	-0.272	-0.262	-0.164	-0.279	-0.149	-0.163	-0.213	-0.202	+0.695	+0.124	+0.119	+0.118	+0.753	+0.682	+0.351	+4.751	+4.618	+3.419	+5.109	+5.109	+6.059	+5.870	+5.501	+5.492	+4.910	+4.544	+4.567	+4.712	+4.562	+0.266	+0.218	+0.215	+0.188	+0.188	-0.045	+0.178	+0.154	+0.163	+0.214	+0.181	+0.273	+0.252	+0.251	-0.043	-0.042	-0.052	-0.047	-0.045	-0.044	+0.004	+0.069	+0.213	+0.037	+0.226	+0.215	+0.353	+0.118	-0.228	+0.076	-0.013	+0.504	+0.405	+0.217	+0.786	+0.626	+0.494	+0.799	+0.660	+0.825	+0.918	+0.734	+0.931	+0.935	+0.740	+0.372	+0.928	+0.729	+0.729	+0.796	+1.095	+0.793	+1.927	+2.020	+1.080	+1.997	+1.949	+1.966	+1.958	+1.900	+1.933	+1.076	+0.982	-0.135	+0.471	+1.024	+0.508	+0.008	+0.588	
rs7198169      -0.231	-0.224	-0.226	-0.243	+0.008	-0.212	-0.256	-0.194	-0.257	-0.217	-0.182	-0.202	-0.227	-0.081	-0.099	-0.235	-0.226	-0.127	-0.243	-0.113	-0.126	-0.176	-0.166	+0.731	+0.160	+0.155	+0.154	+0.789	+0.717	+0.389	+4.801	+4.666	+3.467	+5.158	+5.158	+6.109	+5.920	+5.550	+5.541	+4.954	+4.592	+4.615	+4.763	+4.609	+0.218	+0.305	+0.241	+0.213	+0.213	-0.002	+0.206	+0.195	+0.189	+0.229	+0.205	+0.382	+0.357	+0.356	-0.007	-0.007	-0.013	-0.008	-0.008	-0.008	+0.033	+0.091	+0.235	+0.066	+0.248	+0.238	+0.372	+0.142	-0.192	+0.101	+0.019	+0.535	+0.436	+0.249	+0.816	+0.657	+0.523	+0.829	+0.691	+0.855	+0.948	+0.762	+0.961	+0.965	+0.768	+0.403	+0.958	+0.757	+0.757	+0.824	+1.122	+0.821	+1.953	+2.046	+1.106	+2.022	+1.975	+1.992	+1.983	+1.925	+1.959	+1.103	+1.009	-0.095	+0.502	+1.050	+0.542	+0.042	+0.625	
rs56704282     -0.228	-0.221	-0.224	-0.240	+0.010	-0.210	-0.253	-0.192	-0.255	-0.215	-0.180	-0.200	-0.225	-0.077	-0.095	-0.232	-0.223	-0.124	-0.240	-0.109	-0.123	-0.173	-0.164	+0.736	+0.164	+0.159	+0.158	+0.794	+0.722	+0.392	+4.808	+4.674	+3.474	+5.165	+5.165	+6.116	+5.927	+5.557	+5.548	+4.961	+4.600	+4.623	+4.771	+4.617	+0.215	+0.241	+0.308	+0.213	+0.213	+0.001	+0.206	+0.197	+0.190	+0.229	+0.206	+0.397	+0.372	+0.371	-0.005	-0.004	-0.010	-0.005	-0.006	-0.006	+0.034	+0.092	+0.236	+0.067	+0.249	+0.239	+0.373	+0.143	-0.190	+0.103	+0.022	+0.532	+0.439	+0.252	+0.813	+0.653	+0.525	+0.825	+0.687	+0.851	+0.944	+0.764	+0.956	+0.961	+0.770	+0.401	+0.953	+0.759	+0.759	+0.826	+1.124	+0.822	+1.955	+2.048	+1.108	+2.024	+1.977	+1.994	+1.986	+1.928	+1.961	+1.104	+1.011	-0.092	+0.503	+1.052	+0.541	+0.043	+0.623	
rs4476173      -0.270	-0.263	-0.266	-0.283	-0.033	-0.252	-0.295	-0.234	-0.297	-0.257	-0.222	-0.242	-0.267	-0.121	-0.139	-0.275	-0.266	-0.167	-0.282	-0.153	-0.166	-0.216	-0.206	+0.692	+0.121	+0.116	+0.116	+0.751	+0.679	+0.347	+4.739	+4.605	+3.409	+5.093	+5.093	+6.042	+5.852	+5.483	+5.474	+4.894	+4.530	+4.553	+4.699	+4.547	+0.188	+0.213	+0.213	+0.261	+0.198	-0.045	+0.191	+0.173	+0.171	+0.229	+0.194	+0.353	+0.331	+0.331	-0.043	-0.043	-0.051	-0.046	-0.045	-0.044	+0.002	+0.066	+0.209	+0.033	+0.221	+0.211	+0.348	+0.114	-0.231	+0.071	-0.016	+0.498	+0.400	+0.212	+0.780	+0.620	+0.487	+0.793	+0.654	+0.818	+0.912	+0.727	+0.925	+0.928	+0.732	+0.367	+0.921	+0.721	+0.721	+0.788	+1.086	+0.785	+1.917	+2.010	+1.071	+1.987	+1.939	+1.956	+1.948	+1.890	+1.923	+1.068	+0.974	-0.136	+0.464	+1.015	+0.503	+0.003	+0.585	
