## Summary of overall evidence for association with region:
## log10(BF for region) = -0.538015
## p-value for region = NA

## BFs for choosing among multi-SNP models:
## log10(average 1-SNP BF) = -0.457688
## log10(average 2-SNP BF) = -0.76448

## Example posterior probabilities for multi-SNP models, based on default prior: [p(l) propto 0.5^l for l=1,2,...,L]
## posterior probability of 1-SNP = 0.802114
## posterior probability of 2-SNP = 0.197886

## log10(BF) for single SNP and pair of SNPs:
rs195385       -0.440	-0.582	-0.573	-0.585	-0.638	-0.730	-0.526	-0.534	-0.584	-0.494	-0.584	-0.618	-0.636	-0.585	-0.385	-0.875	-0.882	-0.882	-0.392	-0.886	-0.391	-0.762	-0.667	-0.362	-0.364	-0.351	-0.859	-0.781	-0.779	-0.781	-0.907	-0.910	-0.906	-0.913	-0.850	-0.910	-0.887	-0.906	-0.785	-0.908	-0.699	-0.713	-0.785	-0.785	-0.784	-0.918	-0.763	-0.921	-0.919	-0.828	-0.695	-0.891	-0.896	-0.905	-0.917	-0.904	-0.904	-0.895	-0.768	-0.904	-0.904	-0.905	-0.906	-0.907	-0.906	-0.906	-0.903	-0.907	-0.894	-0.904	-0.891	-0.892	-0.902	-0.895	-0.895	-0.890	-0.889	-0.870	-0.851	-0.671	-0.887	-0.781	-0.784	-0.889	-0.904	-0.710	-0.795	-0.775	-0.778	-0.586	-0.906	-0.862	-0.880	-0.871	-0.831	-0.604	-0.551	-0.511	-0.539	-0.875	-0.875	-0.541	-0.551	-0.608	-0.545	-0.545	-0.551	-0.606	-0.670	-0.331	-0.909	-0.658	-0.696	-0.663	-0.664	-0.897	-0.741	-0.869	-0.713	-0.874	-0.680	-0.867	-0.940	-0.869	-0.871	-0.880	-0.667	-0.881	-0.881	-0.888	-0.885	-0.885	-0.660	-0.706	-0.470	-0.905	-0.552	-0.349	-0.631	-0.779	-0.699	-0.905	-0.905	-0.905	-0.780	-0.780	-0.782	-0.905	-0.766	-0.904	-0.765	-0.866	-0.917	-0.941	-0.921	-0.812	-0.922	-0.921	-0.920	-0.914	-0.874	-0.909	-0.909	-0.800	-0.884	-0.794	-0.883	-0.726	-0.809	-0.945	-0.767	-0.938	-0.803	-0.690	-0.933	-0.788	-0.786	-0.792	-0.768	-0.823	-0.824	-0.825	
rs963835       -0.582	-0.513	-0.644	-0.709	-0.701	-0.760	-0.578	-0.586	-0.640	-0.587	-0.640	-0.677	-0.756	-0.651	-0.439	-0.961	-0.966	-0.967	-0.446	-0.970	-0.444	-0.827	-0.733	-0.415	-0.417	-0.403	-0.928	-0.851	-0.849	-0.851	-0.987	-0.990	-0.987	-0.992	-0.917	-0.989	-0.971	-0.987	-0.855	-0.988	-0.770	-0.785	-0.855	-0.855	-0.854	-0.995	-0.833	-0.995	-0.994	-0.903	-0.756	-0.974	-0.978	-0.984	-0.992	-0.984	-0.984	-0.977	-0.837	-0.984	-0.984	-0.985	-0.985	-0.987	-0.986	-0.986	-0.984	-0.987	-0.977	-0.984	-0.975	-0.975	-0.983	-0.977	-0.977	-0.973	-0.972	-0.956	-0.939	-0.773	-0.971	-0.850	-0.853	-0.971	-0.972	-0.779	-0.866	-0.848	-0.849	-0.662	-0.976	-0.931	-0.951	-0.941	-0.904	-0.689	-0.637	-0.600	-0.627	-0.945	-0.945	-0.628	-0.638	-0.694	-0.632	-0.633	-0.638	-0.679	-0.740	-0.409	-0.979	-0.729	-0.767	-0.735	-0.736	-0.964	-0.808	-0.939	-0.784	-0.946	-0.752	-0.939	-1.009	-0.941	-0.943	-0.952	-0.739	-0.953	-0.952	-0.960	-0.957	-0.957	-0.737	-0.782	-0.549	-0.975	-0.629	-0.419	-0.703	-0.850	-0.774	-0.976	-0.976	-0.976	-0.854	-0.855	-0.856	-0.975	-0.840	-0.973	-0.839	-0.937	-0.990	-1.012	-0.993	-0.878	-0.994	-0.993	-0.992	-0.987	-0.945	-0.982	-0.981	-0.872	-0.955	-0.867	-0.954	-0.799	-0.880	-1.016	-0.833	-1.009	-0.874	-0.762	-1.004	-0.859	-0.857	-0.859	-0.839	-0.894	-0.895	-0.896	
rs761737       -0.573	-0.644	-0.519	-0.712	-0.703	-0.761	-0.582	-0.591	-0.645	-0.595	-0.644	-0.682	-0.765	-0.656	-0.443	-0.968	-0.973	-0.973	-0.451	-0.977	-0.449	-0.832	-0.738	-0.420	-0.421	-0.408	-0.934	-0.857	-0.855	-0.857	-0.994	-0.996	-0.993	-0.998	-0.922	-0.996	-0.978	-0.993	-0.861	-0.995	-0.776	-0.790	-0.861	-0.861	-0.860	-1.002	-0.839	-1.001	-1.000	-0.910	-0.761	-0.981	-0.984	-0.991	-0.998	-0.990	-0.990	-0.984	-0.843	-0.990	-0.990	-0.991	-0.992	-0.993	-0.992	-0.992	-0.990	-0.993	-0.983	-0.990	-0.981	-0.982	-0.989	-0.984	-0.983	-0.980	-0.979	-0.963	-0.946	-0.782	-0.978	-0.856	-0.859	-0.977	-0.977	-0.785	-0.871	-0.854	-0.855	-0.669	-0.982	-0.936	-0.956	-0.946	-0.909	-0.696	-0.644	-0.607	-0.634	-0.950	-0.950	-0.635	-0.645	-0.701	-0.639	-0.640	-0.645	-0.685	-0.746	-0.415	-0.985	-0.735	-0.772	-0.741	-0.742	-0.969	-0.813	-0.945	-0.790	-0.952	-0.758	-0.945	-1.014	-0.947	-0.949	-0.958	-0.745	-0.959	-0.958	-0.966	-0.963	-0.963	-0.743	-0.788	-0.555	-0.981	-0.636	-0.424	-0.709	-0.856	-0.780	-0.981	-0.981	-0.981	-0.860	-0.860	-0.862	-0.981	-0.846	-0.979	-0.845	-0.942	-0.995	-1.017	-0.999	-0.883	-1.000	-0.999	-0.998	-0.992	-0.950	-0.987	-0.987	-0.878	-0.961	-0.873	-0.959	-0.805	-0.886	-1.022	-0.838	-1.015	-0.879	-0.768	-1.010	-0.865	-0.863	-0.864	-0.844	-0.900	-0.900	-0.901	
rs9394432      -0.585	-0.709	-0.712	-0.520	-0.664	-0.757	-0.589	-0.598	-0.650	-0.591	-0.650	-0.686	-0.747	-0.662	-0.451	-0.961	-0.967	-0.967	-0.458	-0.971	-0.456	-0.832	-0.740	-0.427	-0.429	-0.416	-0.934	-0.859	-0.856	-0.859	-0.989	-0.991	-0.988	-0.994	-0.923	-0.992	-0.972	-0.988	-0.862	-0.990	-0.779	-0.793	-0.862	-0.862	-0.862	-0.998	-0.841	-0.998	-0.997	-0.908	-0.765	-0.975	-0.980	-0.987	-0.995	-0.986	-0.986	-0.979	-0.845	-0.986	-0.986	-0.987	-0.988	-0.989	-0.989	-0.989	-0.986	-0.989	-0.978	-0.986	-0.976	-0.977	-0.985	-0.979	-0.979	-0.975	-0.974	-0.957	-0.940	-0.769	-0.972	-0.857	-0.860	-0.973	-0.978	-0.786	-0.871	-0.854	-0.855	-0.668	-0.982	-0.937	-0.956	-0.947	-0.907	-0.690	-0.638	-0.599	-0.627	-0.951	-0.951	-0.628	-0.638	-0.695	-0.632	-0.633	-0.638	-0.684	-0.746	-0.408	-0.985	-0.735	-0.773	-0.742	-0.743	-0.970	-0.816	-0.945	-0.790	-0.951	-0.759	-0.944	-1.015	-0.947	-0.949	-0.958	-0.746	-0.959	-0.958	-0.966	-0.963	-0.963	-0.741	-0.786	-0.552	-0.981	-0.632	-0.425	-0.709	-0.856	-0.778	-0.981	-0.981	-0.981	-0.858	-0.859	-0.860	-0.981	-0.844	-0.979	-0.843	-0.943	-0.995	-1.017	-0.998	-0.885	-0.999	-0.999	-0.997	-0.992	-0.950	-0.987	-0.987	-0.878	-0.961	-0.873	-0.960	-0.804	-0.886	-1.022	-0.840	-1.015	-0.879	-0.768	-1.010	-0.865	-0.863	-0.866	-0.845	-0.900	-0.901	-0.902	
rs2284923      -0.638	-0.701	-0.703	-0.664	-0.497	-0.753	-0.570	-0.579	-0.631	-0.562	-0.631	-0.666	-0.713	-0.639	-0.431	-0.936	-0.942	-0.942	-0.438	-0.946	-0.436	-0.813	-0.719	-0.407	-0.409	-0.396	-0.913	-0.836	-0.834	-0.836	-0.965	-0.968	-0.964	-0.970	-0.902	-0.968	-0.947	-0.964	-0.840	-0.966	-0.756	-0.770	-0.840	-0.840	-0.839	-0.975	-0.818	-0.976	-0.975	-0.885	-0.744	-0.950	-0.955	-0.963	-0.972	-0.962	-0.962	-0.954	-0.823	-0.962	-0.962	-0.963	-0.964	-0.965	-0.964	-0.964	-0.961	-0.965	-0.953	-0.962	-0.951	-0.952	-0.961	-0.954	-0.954	-0.950	-0.949	-0.931	-0.913	-0.737	-0.947	-0.836	-0.838	-0.948	-0.957	-0.764	-0.849	-0.831	-0.833	-0.641	-0.960	-0.916	-0.934	-0.926	-0.885	-0.663	-0.610	-0.571	-0.599	-0.929	-0.929	-0.600	-0.610	-0.667	-0.604	-0.605	-0.610	-0.662	-0.724	-0.383	-0.964	-0.713	-0.751	-0.720	-0.721	-0.950	-0.795	-0.923	-0.768	-0.929	-0.737	-0.922	-0.993	-0.924	-0.926	-0.935	-0.724	-0.936	-0.936	-0.943	-0.940	-0.940	-0.717	-0.762	-0.525	-0.959	-0.606	-0.404	-0.687	-0.834	-0.753	-0.959	-0.959	-0.959	-0.835	-0.836	-0.837	-0.959	-0.821	-0.958	-0.820	-0.920	-0.973	-0.996	-0.976	-0.865	-0.977	-0.977	-0.975	-0.969	-0.929	-0.964	-0.964	-0.856	-0.939	-0.850	-0.938	-0.782	-0.864	-1.000	-0.820	-0.993	-0.858	-0.746	-0.988	-0.843	-0.841	-0.845	-0.823	-0.878	-0.879	-0.880	
rs2284922      -0.730	-0.760	-0.761	-0.757	-0.753	-0.382	-0.485	-0.493	-0.541	-0.461	-0.541	-0.573	-0.583	-0.561	-0.353	-0.799	-0.807	-0.808	-0.359	-0.813	-0.358	-0.711	-0.617	-0.330	-0.332	-0.320	-0.803	-0.731	-0.729	-0.731	-0.838	-0.841	-0.837	-0.846	-0.799	-0.839	-0.813	-0.837	-0.734	-0.839	-0.657	-0.670	-0.734	-0.734	-0.734	-0.853	-0.714	-0.857	-0.854	-0.796	-0.658	-0.832	-0.838	-0.847	-0.861	-0.846	-0.846	-0.837	-0.715	-0.846	-0.846	-0.848	-0.848	-0.850	-0.849	-0.849	-0.845	-0.850	-0.836	-0.846	-0.833	-0.834	-0.845	-0.837	-0.837	-0.831	-0.831	-0.810	-0.791	-0.611	-0.829	-0.728	-0.730	-0.831	-0.852	-0.664	-0.747	-0.730	-0.731	-0.541	-0.851	-0.809	-0.826	-0.818	-0.784	-0.560	-0.508	-0.469	-0.496	-0.821	-0.822	-0.498	-0.508	-0.573	-0.502	-0.502	-0.507	-0.545	-0.608	-0.259	-0.856	-0.596	-0.636	-0.614	-0.615	-0.836	-0.671	-0.816	-0.660	-0.829	-0.630	-0.823	-0.885	-0.825	-0.827	-0.835	-0.617	-0.836	-0.835	-0.842	-0.839	-0.839	-0.630	-0.674	-0.436	-0.853	-0.516	-0.283	-0.583	-0.719	-0.652	-0.853	-0.853	-0.853	-0.743	-0.744	-0.745	-0.852	-0.730	-0.849	-0.729	-0.808	-0.867	-0.888	-0.870	-0.755	-0.871	-0.871	-0.870	-0.864	-0.825	-0.859	-0.859	-0.757	-0.835	-0.752	-0.833	-0.684	-0.763	-0.894	-0.710	-0.889	-0.757	-0.649	-0.885	-0.743	-0.741	-0.736	-0.710	-0.768	-0.769	-0.770	
rs369329       -0.526	-0.578	-0.582	-0.589	-0.570	-0.485	-0.117	-0.194	-0.231	-0.295	-0.230	-0.205	-0.538	-0.375	-0.156	-0.646	-0.650	-0.651	-0.162	-0.654	-0.161	-0.486	-0.377	-0.134	-0.136	-0.124	-0.580	-0.515	-0.515	-0.516	-0.668	-0.670	-0.667	-0.671	-0.575	-0.665	-0.655	-0.667	-0.517	-0.668	-0.439	-0.449	-0.517	-0.516	-0.517	-0.672	-0.500	-0.670	-0.671	-0.571	-0.436	-0.663	-0.666	-0.670	-0.669	-0.670	-0.670	-0.665	-0.506	-0.670	-0.670	-0.671	-0.671	-0.672	-0.672	-0.672	-0.670	-0.672	-0.665	-0.670	-0.664	-0.664	-0.670	-0.666	-0.666	-0.663	-0.662	-0.650	-0.638	-0.506	-0.661	-0.517	-0.518	-0.658	-0.632	-0.457	-0.532	-0.521	-0.516	-0.353	-0.640	-0.579	-0.612	-0.594	-0.529	-0.399	-0.352	-0.316	-0.341	-0.600	-0.600	-0.342	-0.352	-0.409	-0.346	-0.346	-0.351	-0.286	-0.395	-0.014	-0.639	-0.384	-0.422	-0.389	-0.389	-0.614	-0.445	-0.599	-0.438	-0.609	-0.405	-0.602	-0.668	-0.604	-0.606	-0.615	-0.392	-0.615	-0.614	-0.622	-0.619	-0.619	-0.390	-0.441	-0.225	-0.637	-0.304	+0.011	-0.366	-0.520	-0.433	-0.637	-0.638	-0.637	-0.512	-0.513	-0.514	-0.636	-0.498	-0.633	-0.496	-0.603	-0.652	-0.674	-0.655	-0.534	-0.656	-0.656	-0.654	-0.649	-0.601	-0.644	-0.644	-0.534	-0.613	-0.528	-0.611	-0.464	-0.536	-0.678	-0.488	-0.672	-0.529	-0.429	-0.667	-0.514	-0.512	-0.518	-0.491	-0.549	-0.550	-0.551	
rs11964425     -0.534	-0.586	-0.591	-0.598	-0.579	-0.493	-0.194	-0.128	-0.242	-0.305	-0.240	-0.222	-0.548	-0.383	-0.163	-0.656	-0.660	-0.661	-0.169	-0.663	-0.167	-0.495	-0.387	-0.140	-0.142	-0.131	-0.590	-0.524	-0.524	-0.525	-0.677	-0.679	-0.677	-0.680	-0.584	-0.674	-0.664	-0.677	-0.526	-0.678	-0.448	-0.459	-0.526	-0.526	-0.526	-0.682	-0.510	-0.680	-0.680	-0.580	-0.445	-0.672	-0.675	-0.680	-0.679	-0.679	-0.679	-0.675	-0.515	-0.679	-0.679	-0.680	-0.680	-0.682	-0.681	-0.681	-0.679	-0.681	-0.675	-0.680	-0.673	-0.674	-0.679	-0.675	-0.675	-0.672	-0.672	-0.660	-0.648	-0.516	-0.671	-0.526	-0.527	-0.668	-0.641	-0.466	-0.542	-0.531	-0.525	-0.363	-0.649	-0.589	-0.621	-0.603	-0.539	-0.409	-0.362	-0.326	-0.351	-0.610	-0.610	-0.352	-0.362	-0.418	-0.355	-0.356	-0.361	-0.297	-0.404	-0.025	-0.649	-0.394	-0.431	-0.398	-0.399	-0.623	-0.455	-0.608	-0.447	-0.618	-0.415	-0.611	-0.677	-0.614	-0.616	-0.625	-0.402	-0.625	-0.624	-0.631	-0.628	-0.628	-0.400	-0.451	-0.235	-0.647	-0.314	-0.001	-0.375	-0.529	-0.443	-0.647	-0.647	-0.647	-0.522	-0.522	-0.524	-0.646	-0.507	-0.642	-0.506	-0.612	-0.661	-0.684	-0.665	-0.543	-0.666	-0.665	-0.664	-0.658	-0.611	-0.653	-0.653	-0.543	-0.622	-0.538	-0.621	-0.474	-0.546	-0.688	-0.497	-0.681	-0.539	-0.438	-0.676	-0.524	-0.522	-0.527	-0.501	-0.558	-0.559	-0.560	
rs195429       -0.584	-0.640	-0.645	-0.650	-0.631	-0.541	-0.231	-0.242	-0.199	-0.371	-0.294	-0.315	-0.614	-0.434	-0.204	-0.718	-0.722	-0.722	-0.211	-0.725	-0.209	-0.551	-0.448	-0.181	-0.183	-0.171	-0.650	-0.584	-0.583	-0.585	-0.738	-0.740	-0.738	-0.740	-0.642	-0.735	-0.726	-0.738	-0.586	-0.739	-0.509	-0.520	-0.586	-0.586	-0.586	-0.742	-0.569	-0.738	-0.740	-0.642	-0.499	-0.733	-0.736	-0.740	-0.738	-0.740	-0.740	-0.736	-0.573	-0.740	-0.740	-0.740	-0.741	-0.742	-0.741	-0.741	-0.740	-0.742	-0.736	-0.740	-0.734	-0.735	-0.740	-0.736	-0.736	-0.733	-0.733	-0.722	-0.710	-0.582	-0.732	-0.585	-0.586	-0.729	-0.700	-0.523	-0.600	-0.590	-0.584	-0.424	-0.708	-0.649	-0.681	-0.663	-0.603	-0.470	-0.423	-0.388	-0.412	-0.669	-0.669	-0.413	-0.424	-0.479	-0.417	-0.417	-0.422	-0.365	-0.465	-0.094	-0.708	-0.454	-0.492	-0.461	-0.461	-0.682	-0.516	-0.668	-0.509	-0.679	-0.477	-0.672	-0.736	-0.674	-0.676	-0.685	-0.464	-0.685	-0.684	-0.692	-0.689	-0.689	-0.465	-0.514	-0.297	-0.706	-0.376	-0.075	-0.436	-0.588	-0.505	-0.706	-0.706	-0.706	-0.584	-0.584	-0.586	-0.705	-0.570	-0.701	-0.569	-0.671	-0.722	-0.743	-0.725	-0.600	-0.726	-0.725	-0.724	-0.719	-0.671	-0.714	-0.714	-0.605	-0.682	-0.600	-0.681	-0.536	-0.606	-0.747	-0.553	-0.741	-0.599	-0.500	-0.737	-0.585	-0.582	-0.584	-0.561	-0.619	-0.620	-0.621	
rs45613533     -0.494	-0.587	-0.595	-0.591	-0.562	-0.461	-0.295	-0.305	-0.371	-0.280	-0.371	-0.418	-0.752	-0.409	-0.142	-0.797	-0.797	-0.797	-0.151	-0.797	-0.149	-0.581	-0.496	-0.115	-0.117	-0.102	-0.708	-0.642	-0.639	-0.642	-0.801	-0.798	-0.802	-0.797	-0.712	-0.801	-0.804	-0.802	-0.646	-0.802	-0.563	-0.580	-0.646	-0.647	-0.645	-0.791	-0.621	-0.770	-0.776	-0.725	-0.482	-0.803	-0.802	-0.798	-0.791	-0.799	-0.799	-0.803	-0.614	-0.799	-0.799	-0.799	-0.799	-0.799	-0.800	-0.800	-0.803	-0.800	-0.805	-0.801	-0.805	-0.805	-0.801	-0.803	-0.803	-0.805	-0.804	-0.804	-0.802	-0.722	-0.805	-0.630	-0.634	-0.796	-0.734	-0.593	-0.672	-0.660	-0.656	-0.530	-0.774	-0.705	-0.743	-0.721	-0.731	-0.589	-0.545	-0.514	-0.536	-0.729	-0.729	-0.537	-0.546	-0.596	-0.541	-0.541	-0.546	-0.484	-0.538	-0.304	-0.769	-0.528	-0.563	-0.527	-0.528	-0.708	-0.557	-0.732	-0.577	-0.759	-0.545	-0.754	-0.782	-0.756	-0.757	-0.763	-0.532	-0.764	-0.763	-0.768	-0.766	-0.766	-0.589	-0.626	-0.436	-0.742	-0.506	-0.220	-0.505	-0.665	-0.627	-0.742	-0.743	-0.742	-0.687	-0.687	-0.688	-0.740	-0.675	-0.727	-0.674	-0.742	-0.799	-0.803	-0.801	-0.569	-0.802	-0.801	-0.801	-0.797	-0.730	-0.794	-0.794	-0.703	-0.743	-0.698	-0.741	-0.640	-0.660	-0.810	-0.506	-0.809	-0.653	-0.608	-0.808	-0.637	-0.635	-0.619	-0.638	-0.697	-0.697	-0.698	
rs195434       -0.584	-0.640	-0.644	-0.650	-0.631	-0.541	-0.230	-0.240	-0.294	-0.371	-0.199	-0.299	-0.614	-0.435	-0.204	-0.718	-0.722	-0.722	-0.211	-0.725	-0.209	-0.551	-0.447	-0.181	-0.183	-0.171	-0.649	-0.584	-0.583	-0.585	-0.738	-0.739	-0.738	-0.740	-0.642	-0.735	-0.726	-0.737	-0.586	-0.738	-0.509	-0.520	-0.586	-0.586	-0.586	-0.741	-0.569	-0.738	-0.739	-0.642	-0.499	-0.733	-0.736	-0.740	-0.738	-0.739	-0.739	-0.735	-0.573	-0.740	-0.740	-0.740	-0.740	-0.742	-0.741	-0.741	-0.740	-0.742	-0.736	-0.740	-0.734	-0.734	-0.739	-0.736	-0.736	-0.733	-0.733	-0.722	-0.710	-0.581	-0.732	-0.585	-0.586	-0.729	-0.700	-0.524	-0.600	-0.590	-0.584	-0.424	-0.708	-0.648	-0.681	-0.663	-0.602	-0.471	-0.424	-0.388	-0.413	-0.669	-0.669	-0.414	-0.424	-0.480	-0.418	-0.418	-0.423	-0.365	-0.465	-0.093	-0.708	-0.454	-0.492	-0.460	-0.461	-0.682	-0.515	-0.668	-0.508	-0.679	-0.477	-0.672	-0.736	-0.674	-0.676	-0.685	-0.464	-0.685	-0.684	-0.692	-0.689	-0.689	-0.466	-0.515	-0.298	-0.706	-0.377	-0.074	-0.435	-0.588	-0.506	-0.706	-0.706	-0.706	-0.584	-0.585	-0.587	-0.705	-0.571	-0.701	-0.569	-0.671	-0.722	-0.743	-0.725	-0.600	-0.726	-0.726	-0.724	-0.719	-0.671	-0.714	-0.714	-0.605	-0.682	-0.600	-0.680	-0.536	-0.606	-0.747	-0.553	-0.741	-0.599	-0.501	-0.736	-0.584	-0.582	-0.585	-0.561	-0.619	-0.620	-0.621	
rs195443       -0.618	-0.677	-0.682	-0.686	-0.666	-0.573	-0.205	-0.222	-0.315	-0.418	-0.299	-0.248	-0.662	-0.469	-0.225	-0.762	-0.766	-0.766	-0.233	-0.768	-0.231	-0.589	-0.487	-0.202	-0.204	-0.192	-0.691	-0.626	-0.625	-0.627	-0.781	-0.782	-0.781	-0.783	-0.683	-0.778	-0.769	-0.780	-0.628	-0.781	-0.552	-0.564	-0.628	-0.628	-0.628	-0.784	-0.610	-0.779	-0.781	-0.685	-0.536	-0.776	-0.779	-0.782	-0.779	-0.782	-0.782	-0.778	-0.614	-0.782	-0.782	-0.783	-0.783	-0.784	-0.784	-0.784	-0.783	-0.784	-0.779	-0.783	-0.777	-0.778	-0.782	-0.779	-0.779	-0.776	-0.776	-0.766	-0.754	-0.628	-0.775	-0.626	-0.628	-0.772	-0.741	-0.564	-0.642	-0.632	-0.625	-0.466	-0.750	-0.691	-0.723	-0.705	-0.649	-0.513	-0.466	-0.431	-0.456	-0.711	-0.712	-0.457	-0.467	-0.522	-0.461	-0.461	-0.466	-0.413	-0.508	-0.145	-0.750	-0.497	-0.534	-0.504	-0.505	-0.724	-0.558	-0.710	-0.552	-0.722	-0.521	-0.715	-0.778	-0.717	-0.719	-0.728	-0.508	-0.728	-0.727	-0.735	-0.732	-0.732	-0.512	-0.560	-0.343	-0.748	-0.421	-0.125	-0.478	-0.629	-0.551	-0.748	-0.748	-0.748	-0.629	-0.629	-0.631	-0.747	-0.615	-0.743	-0.614	-0.713	-0.765	-0.785	-0.768	-0.641	-0.769	-0.768	-0.767	-0.762	-0.713	-0.757	-0.757	-0.649	-0.725	-0.644	-0.723	-0.579	-0.649	-0.789	-0.594	-0.783	-0.642	-0.544	-0.779	-0.627	-0.625	-0.626	-0.604	-0.662	-0.662	-0.664	
rs11755329     -0.636	-0.756	-0.765	-0.747	-0.713	-0.583	-0.538	-0.548	-0.614	-0.752	-0.614	-0.662	-0.569	-0.571	-0.384	-0.845	-0.840	-0.839	-0.394	-0.833	-0.392	-0.799	-0.742	-0.357	-0.359	-0.344	-0.908	-0.872	-0.867	-0.872	-0.837	-0.829	-0.842	-0.822	-0.833	-0.896	-0.878	-0.844	-0.879	-0.841	-0.782	-0.804	-0.878	-0.880	-0.877	-0.797	-0.848	-0.699	-0.727	-0.958	-0.609	-0.876	-0.870	-0.851	-0.820	-0.854	-0.855	-0.875	-0.826	-0.857	-0.857	-0.855	-0.855	-0.855	-0.858	-0.858	-0.870	-0.858	-0.885	-0.866	-0.890	-0.888	-0.869	-0.883	-0.884	-0.892	-0.894	-0.912	-0.926	-0.885	-0.898	-0.847	-0.855	-0.882	-0.945	-0.770	-0.878	-0.895	-0.856	-0.716	-1.023	-0.949	-0.991	-0.966	-0.973	-0.831	-0.786	-0.754	-0.777	-0.975	-0.975	-0.778	-0.787	-0.839	-0.782	-0.782	-0.787	-0.754	-0.806	-0.524	-1.024	-0.797	-0.828	-0.775	-0.777	-0.943	-0.789	-0.964	-0.831	-1.012	-0.795	-1.007	-1.023	-1.009	-1.011	-1.016	-0.781	-1.017	-1.016	-1.020	-1.019	-1.018	-0.845	-0.881	-0.676	-1.010	-0.749	-0.502	-0.775	-0.916	-0.870	-1.010	-1.010	-1.010	-0.941	-0.942	-0.943	-1.009	-0.930	-0.999	-0.929	-0.995	-1.053	-1.059	-1.055	-0.869	-1.056	-1.055	-1.054	-1.051	-0.996	-1.047	-1.047	-0.953	-1.007	-0.948	-1.005	-0.892	-0.938	-1.066	-0.814	-1.064	-0.932	-0.859	-1.063	-0.918	-0.916	-0.909	-0.868	-0.939	-0.940	-0.941	
rs57874196     -0.585	-0.651	-0.656	-0.662	-0.639	-0.561	-0.375	-0.383	-0.434	-0.409	-0.435	-0.469	-0.571	-0.270	-0.290	-0.699	-0.706	-0.707	-0.297	-0.712	-0.295	-0.612	-0.517	-0.269	-0.271	-0.260	-0.565	-0.484	-0.499	-0.492	-0.734	-0.739	-0.733	-0.742	-0.701	-0.733	-0.710	-0.733	-0.481	-0.736	-0.504	-0.502	-0.481	-0.477	-0.494	-0.753	-0.531	-0.766	-0.763	-0.660	-0.585	-0.732	-0.738	-0.748	-0.761	-0.747	-0.747	-0.736	-0.599	-0.747	-0.747	-0.748	-0.749	-0.751	-0.750	-0.750	-0.744	-0.750	-0.735	-0.746	-0.732	-0.733	-0.745	-0.738	-0.737	-0.730	-0.730	-0.709	-0.689	-0.533	-0.728	-0.602	-0.593	-0.731	-0.754	-0.592	-0.661	-0.646	-0.647	-0.534	-0.755	-0.699	-0.731	-0.713	-0.655	-0.507	-0.458	-0.423	-0.448	-0.719	-0.719	-0.449	-0.459	-0.517	-0.453	-0.453	-0.458	-0.402	-0.496	-0.161	-0.757	-0.485	-0.528	-0.527	-0.527	-0.741	-0.578	-0.719	-0.563	-0.723	-0.540	-0.716	-0.788	-0.718	-0.720	-0.730	-0.530	-0.730	-0.729	-0.737	-0.734	-0.734	-0.510	-0.545	-0.317	-0.756	-0.399	-0.090	-0.477	-0.637	-0.546	-0.756	-0.756	-0.756	-0.616	-0.617	-0.619	-0.755	-0.602	-0.752	-0.601	-0.721	-0.766	-0.791	-0.770	-0.656	-0.771	-0.770	-0.769	-0.763	-0.721	-0.758	-0.758	-0.646	-0.732	-0.641	-0.730	-0.570	-0.653	-0.795	-0.610	-0.788	-0.646	-0.533	-0.783	-0.631	-0.628	-0.630	-0.619	-0.677	-0.677	-0.678	
rs9470580      -0.385	-0.439	-0.443	-0.451	-0.431	-0.353	-0.156	-0.163	-0.204	-0.142	-0.204	-0.225	-0.384	-0.290	+0.052	-0.494	-0.499	-0.500	-0.009	-0.503	-0.009	-0.327	-0.165	+0.012	+0.010	+0.012	-0.418	-0.376	-0.376	-0.377	-0.518	-0.521	-0.518	-0.523	-0.441	-0.516	-0.501	-0.518	-0.377	-0.520	-0.329	-0.336	-0.377	-0.377	-0.378	-0.530	-0.362	-0.533	-0.533	-0.453	-0.347	-0.518	-0.522	-0.528	-0.530	-0.527	-0.527	-0.521	-0.367	-0.527	-0.527	-0.528	-0.529	-0.530	-0.529	-0.529	-0.527	-0.530	-0.521	-0.528	-0.519	-0.520	-0.527	-0.522	-0.522	-0.518	-0.517	-0.503	-0.489	-0.341	-0.516	-0.378	-0.379	-0.515	-0.494	-0.323	-0.397	-0.384	-0.382	-0.248	-0.504	-0.432	-0.472	-0.448	-0.401	-0.287	-0.242	-0.207	-0.231	-0.456	-0.456	-0.232	-0.242	-0.296	-0.236	-0.236	-0.240	-0.180	-0.257	+0.114	-0.499	-0.247	-0.284	-0.242	-0.243	-0.462	-0.306	-0.462	-0.297	-0.479	-0.261	-0.472	-0.525	-0.475	-0.476	-0.484	-0.247	-0.484	-0.483	-0.490	-0.487	-0.487	-0.279	-0.332	-0.099	-0.499	-0.177	+0.107	-0.209	-0.367	-0.315	-0.499	-0.499	-0.499	-0.397	-0.397	-0.399	-0.498	-0.384	-0.493	-0.383	-0.459	-0.522	-0.537	-0.524	-0.383	-0.526	-0.525	-0.524	-0.519	-0.465	-0.515	-0.515	-0.418	-0.477	-0.413	-0.475	-0.355	-0.402	-0.543	-0.334	-0.539	-0.395	-0.321	-0.536	-0.381	-0.378	-0.395	-0.349	-0.410	-0.411	-0.412	
rs12209775     -0.875	-0.961	-0.968	-0.961	-0.936	-0.799	-0.646	-0.656	-0.718	-0.797	-0.718	-0.762	-0.845	-0.699	-0.494	-0.648	-0.786	-0.786	-0.503	-0.786	-0.501	-0.935	-0.832	-0.468	-0.470	-0.455	-0.996	-0.959	-0.955	-0.959	-0.834	-0.833	-0.840	-0.831	-0.984	-0.917	-0.864	-0.843	-0.963	-0.844	-0.884	-0.901	-0.963	-0.964	-0.963	-0.823	-0.940	-0.817	-0.842	-1.010	-0.769	-0.937	-0.939	-0.935	-0.925	-0.936	-0.937	-0.941	-0.939	-0.938	-0.938	-0.938	-0.939	-0.940	-0.942	-0.942	-0.945	-0.942	-0.947	-0.945	-0.947	-0.947	-0.946	-0.949	-0.949	-0.948	-0.951	-0.945	-0.937	-0.877	-0.953	-0.955	-0.960	-0.949	-1.048	-0.887	-0.979	-0.982	-0.960	-0.801	-1.092	-1.038	-1.070	-1.052	-1.033	-0.844	-0.794	-0.757	-0.783	-1.059	-1.059	-0.784	-0.795	-0.855	-0.789	-0.789	-0.794	-0.802	-0.861	-0.553	-1.102	-0.850	-0.888	-0.862	-0.864	-1.055	-0.908	-1.056	-0.910	-1.079	-0.880	-1.073	-1.117	-1.075	-1.077	-1.085	-0.867	-1.086	-1.085	-1.091	-1.089	-1.089	-0.891	-0.929	-0.696	-1.096	-0.775	-0.532	-0.838	-0.982	-0.917	-1.096	-1.096	-1.096	-0.993	-0.994	-0.996	-1.095	-0.981	-1.089	-0.980	-1.068	-1.121	-1.136	-1.124	-0.975	-1.125	-1.125	-1.124	-1.119	-1.075	-1.115	-1.115	-1.013	-1.085	-1.008	-1.084	-0.939	-1.013	-1.141	-0.924	-1.137	-1.006	-0.904	-1.134	-0.992	-0.990	-0.978	-0.958	-1.020	-1.021	-1.022	
rs12174106     -0.882	-0.966	-0.973	-0.967	-0.942	-0.807	-0.650	-0.660	-0.722	-0.797	-0.722	-0.766	-0.840	-0.706	-0.499	-0.786	-0.650	-0.786	-0.508	-0.788	-0.506	-0.937	-0.835	-0.473	-0.475	-0.460	-0.999	-0.961	-0.958	-0.961	-0.832	-0.832	-0.837	-0.831	-0.987	-0.917	-0.858	-0.841	-0.965	-0.842	-0.887	-0.905	-0.965	-0.966	-0.966	-0.825	-0.943	-0.823	-0.847	-1.010	-0.776	-0.936	-0.938	-0.936	-0.929	-0.937	-0.937	-0.940	-0.943	-0.939	-0.939	-0.939	-0.940	-0.941	-0.942	-0.943	-0.945	-0.943	-0.946	-0.945	-0.946	-0.946	-0.946	-0.949	-0.949	-0.946	-0.950	-0.942	-0.932	-0.870	-0.952	-0.958	-0.962	-0.949	-1.051	-0.890	-0.982	-0.984	-0.963	-0.805	-1.093	-1.041	-1.072	-1.054	-1.034	-0.842	-0.792	-0.754	-0.781	-1.061	-1.061	-0.782	-0.792	-0.853	-0.786	-0.787	-0.792	-0.802	-0.862	-0.552	-1.104	-0.851	-0.889	-0.865	-0.866	-1.059	-0.912	-1.058	-0.912	-1.081	-0.882	-1.075	-1.120	-1.077	-1.078	-1.086	-0.870	-1.087	-1.086	-1.093	-1.090	-1.090	-0.891	-0.930	-0.696	-1.098	-0.774	-0.531	-0.839	-0.984	-0.918	-1.098	-1.098	-1.098	-0.994	-0.995	-0.996	-1.097	-0.981	-1.092	-0.980	-1.069	-1.123	-1.138	-1.126	-0.978	-1.127	-1.126	-1.125	-1.120	-1.077	-1.116	-1.116	-1.014	-1.087	-1.009	-1.086	-0.939	-1.014	-1.143	-0.928	-1.139	-1.008	-0.904	-1.135	-0.994	-0.991	-0.980	-0.961	-1.022	-1.023	-1.024	
rs4714061      -0.882	-0.967	-0.973	-0.967	-0.942	-0.808	-0.651	-0.661	-0.722	-0.797	-0.722	-0.766	-0.839	-0.707	-0.500	-0.786	-0.786	-0.650	-0.508	-0.789	-0.506	-0.937	-0.836	-0.473	-0.475	-0.460	-1.000	-0.962	-0.958	-0.961	-0.833	-0.833	-0.838	-0.831	-0.988	-0.917	-0.857	-0.841	-0.966	-0.843	-0.887	-0.905	-0.965	-0.966	-0.966	-0.826	-0.944	-0.825	-0.848	-1.010	-0.776	-0.936	-0.938	-0.936	-0.929	-0.937	-0.938	-0.940	-0.943	-0.939	-0.939	-0.939	-0.940	-0.942	-0.943	-0.943	-0.945	-0.943	-0.946	-0.946	-0.946	-0.946	-0.947	-0.949	-0.949	-0.947	-0.950	-0.942	-0.932	-0.869	-0.952	-0.958	-0.963	-0.949	-1.051	-0.891	-0.982	-0.984	-0.964	-0.806	-1.093	-1.041	-1.072	-1.055	-1.034	-0.841	-0.791	-0.754	-0.780	-1.061	-1.061	-0.782	-0.792	-0.853	-0.786	-0.786	-0.791	-0.802	-0.862	-0.552	-1.104	-0.851	-0.889	-0.865	-0.867	-1.059	-0.912	-1.058	-0.912	-1.081	-0.882	-1.075	-1.120	-1.077	-1.079	-1.086	-0.870	-1.087	-1.087	-1.093	-1.090	-1.090	-0.891	-0.930	-0.695	-1.098	-0.774	-0.531	-0.840	-0.984	-0.918	-1.098	-1.099	-1.098	-0.994	-0.995	-0.996	-1.097	-0.981	-1.092	-0.980	-1.070	-1.123	-1.138	-1.126	-0.978	-1.127	-1.126	-1.125	-1.121	-1.077	-1.116	-1.116	-1.014	-1.088	-1.010	-1.086	-0.939	-1.014	-1.143	-0.928	-1.139	-1.008	-0.904	-1.136	-0.994	-0.992	-0.980	-0.961	-1.022	-1.023	-1.024	
rs9470582      -0.392	-0.446	-0.451	-0.458	-0.438	-0.359	-0.162	-0.169	-0.211	-0.151	-0.211	-0.233	-0.394	-0.297	-0.009	-0.503	-0.508	-0.508	+0.042	-0.511	-0.008	-0.335	-0.173	+0.016	+0.014	+0.018	-0.426	-0.384	-0.384	-0.385	-0.526	-0.529	-0.526	-0.531	-0.449	-0.523	-0.509	-0.526	-0.386	-0.528	-0.337	-0.344	-0.385	-0.385	-0.386	-0.538	-0.370	-0.541	-0.541	-0.461	-0.355	-0.526	-0.530	-0.536	-0.538	-0.535	-0.535	-0.529	-0.375	-0.535	-0.535	-0.536	-0.537	-0.538	-0.537	-0.537	-0.535	-0.538	-0.529	-0.535	-0.527	-0.527	-0.535	-0.530	-0.529	-0.526	-0.525	-0.511	-0.496	-0.348	-0.524	-0.387	-0.388	-0.522	-0.502	-0.331	-0.405	-0.392	-0.390	-0.255	-0.512	-0.440	-0.480	-0.456	-0.408	-0.295	-0.249	-0.215	-0.238	-0.464	-0.465	-0.239	-0.249	-0.303	-0.243	-0.243	-0.248	-0.188	-0.266	+0.107	-0.507	-0.255	-0.292	-0.251	-0.252	-0.471	-0.314	-0.470	-0.305	-0.487	-0.270	-0.481	-0.533	-0.483	-0.485	-0.493	-0.256	-0.492	-0.491	-0.498	-0.495	-0.495	-0.288	-0.341	-0.107	-0.507	-0.185	+0.098	-0.218	-0.375	-0.324	-0.507	-0.508	-0.507	-0.405	-0.406	-0.407	-0.506	-0.392	-0.501	-0.391	-0.467	-0.530	-0.545	-0.533	-0.392	-0.534	-0.533	-0.532	-0.527	-0.474	-0.523	-0.523	-0.426	-0.485	-0.421	-0.484	-0.363	-0.411	-0.551	-0.343	-0.547	-0.404	-0.330	-0.544	-0.389	-0.387	-0.404	-0.357	-0.418	-0.419	-0.420	
rs62406508     -0.886	-0.970	-0.977	-0.971	-0.946	-0.813	-0.654	-0.663	-0.725	-0.797	-0.725	-0.768	-0.833	-0.712	-0.503	-0.786	-0.788	-0.789	-0.511	-0.651	-0.509	-0.938	-0.837	-0.476	-0.478	-0.464	-1.002	-0.963	-0.960	-0.963	-0.834	-0.836	-0.839	-0.835	-0.990	-0.917	-0.854	-0.842	-0.967	-0.844	-0.890	-0.907	-0.967	-0.968	-0.967	-0.831	-0.945	-0.832	-0.854	-1.010	-0.781	-0.935	-0.938	-0.937	-0.933	-0.938	-0.939	-0.940	-0.945	-0.940	-0.940	-0.940	-0.941	-0.943	-0.944	-0.944	-0.946	-0.944	-0.946	-0.946	-0.945	-0.946	-0.947	-0.948	-0.948	-0.946	-0.949	-0.939	-0.928	-0.863	-0.951	-0.960	-0.964	-0.949	-1.053	-0.893	-0.984	-0.986	-0.966	-0.808	-1.094	-1.043	-1.073	-1.056	-1.034	-0.839	-0.788	-0.751	-0.778	-1.062	-1.062	-0.779	-0.789	-0.850	-0.783	-0.783	-0.789	-0.802	-0.862	-0.551	-1.105	-0.851	-0.889	-0.867	-0.868	-1.061	-0.914	-1.059	-0.913	-1.081	-0.884	-1.075	-1.121	-1.077	-1.079	-1.087	-0.872	-1.088	-1.087	-1.094	-1.091	-1.091	-0.891	-0.929	-0.694	-1.099	-0.773	-0.530	-0.840	-0.984	-0.917	-1.099	-1.099	-1.099	-0.994	-0.995	-0.996	-1.098	-0.981	-1.093	-0.980	-1.070	-1.124	-1.139	-1.126	-0.980	-1.127	-1.127	-1.126	-1.121	-1.078	-1.117	-1.117	-1.015	-1.088	-1.010	-1.087	-0.939	-1.015	-1.144	-0.930	-1.140	-1.008	-0.904	-1.136	-0.994	-0.992	-0.981	-0.962	-1.024	-1.024	-1.025	
rs11961483     -0.391	-0.444	-0.449	-0.456	-0.436	-0.358	-0.161	-0.167	-0.209	-0.149	-0.209	-0.231	-0.392	-0.295	-0.009	-0.501	-0.506	-0.506	-0.008	-0.509	+0.044	-0.333	-0.170	+0.017	+0.016	+0.019	-0.424	-0.382	-0.382	-0.383	-0.524	-0.527	-0.524	-0.529	-0.447	-0.521	-0.507	-0.524	-0.384	-0.526	-0.335	-0.342	-0.383	-0.383	-0.384	-0.536	-0.368	-0.539	-0.539	-0.460	-0.354	-0.524	-0.528	-0.534	-0.536	-0.533	-0.533	-0.527	-0.373	-0.533	-0.533	-0.534	-0.535	-0.536	-0.535	-0.535	-0.533	-0.536	-0.527	-0.534	-0.525	-0.525	-0.533	-0.528	-0.528	-0.524	-0.523	-0.509	-0.494	-0.346	-0.522	-0.385	-0.386	-0.520	-0.500	-0.330	-0.404	-0.390	-0.388	-0.254	-0.510	-0.438	-0.478	-0.454	-0.406	-0.293	-0.247	-0.213	-0.237	-0.462	-0.463	-0.237	-0.247	-0.301	-0.241	-0.241	-0.246	-0.186	-0.264	+0.109	-0.506	-0.253	-0.290	-0.249	-0.250	-0.469	-0.312	-0.468	-0.304	-0.485	-0.268	-0.479	-0.532	-0.481	-0.483	-0.491	-0.254	-0.490	-0.489	-0.496	-0.494	-0.493	-0.286	-0.339	-0.105	-0.505	-0.184	+0.100	-0.216	-0.373	-0.322	-0.506	-0.506	-0.505	-0.403	-0.404	-0.405	-0.504	-0.390	-0.500	-0.389	-0.466	-0.528	-0.543	-0.531	-0.390	-0.532	-0.531	-0.530	-0.525	-0.472	-0.521	-0.521	-0.424	-0.483	-0.420	-0.482	-0.362	-0.409	-0.549	-0.341	-0.545	-0.402	-0.328	-0.542	-0.387	-0.385	-0.402	-0.355	-0.416	-0.417	-0.418	
rs9380666      -0.762	-0.827	-0.832	-0.832	-0.813	-0.711	-0.486	-0.495	-0.551	-0.581	-0.551	-0.589	-0.799	-0.612	-0.327	-0.935	-0.937	-0.937	-0.335	-0.938	-0.333	-0.434	-0.631	-0.299	-0.301	-0.286	-0.850	-0.784	-0.783	-0.784	-0.947	-0.947	-0.947	-0.946	-0.841	-0.945	-0.940	-0.947	-0.786	-0.947	-0.721	-0.733	-0.786	-0.786	-0.786	-0.945	-0.768	-0.937	-0.939	-0.849	-0.687	-0.942	-0.943	-0.945	-0.938	-0.945	-0.945	-0.944	-0.773	-0.945	-0.945	-0.946	-0.945	-0.946	-0.946	-0.946	-0.947	-0.947	-0.944	-0.946	-0.943	-0.943	-0.946	-0.944	-0.944	-0.942	-0.942	-0.934	-0.925	-0.770	-0.941	-0.784	-0.785	-0.936	-0.895	-0.723	-0.801	-0.792	-0.785	-0.611	-0.907	-0.848	-0.880	-0.862	-0.827	-0.647	-0.597	-0.561	-0.586	-0.868	-0.869	-0.588	-0.598	-0.656	-0.592	-0.592	-0.597	-0.595	-0.673	-0.338	-0.907	-0.662	-0.698	-0.665	-0.666	-0.884	-0.729	-0.868	-0.714	-0.875	-0.682	-0.867	-0.936	-0.870	-0.872	-0.881	-0.669	-0.881	-0.880	-0.888	-0.885	-0.885	-0.680	-0.724	-0.486	-0.906	-0.565	-0.325	-0.627	-0.776	-0.713	-0.906	-0.906	-0.906	-0.791	-0.792	-0.794	-0.905	-0.778	-0.901	-0.777	-0.866	-0.926	-0.943	-0.929	-0.791	-0.930	-0.929	-0.928	-0.923	-0.876	-0.919	-0.919	-0.815	-0.886	-0.810	-0.884	-0.745	-0.813	-0.948	-0.743	-0.943	-0.806	-0.711	-0.939	-0.792	-0.790	-0.782	-0.767	-0.819	-0.820	-0.821	
rs61193484     -0.667	-0.733	-0.738	-0.740	-0.719	-0.617	-0.377	-0.387	-0.448	-0.496	-0.447	-0.487	-0.742	-0.517	-0.165	-0.832	-0.835	-0.836	-0.173	-0.837	-0.170	-0.631	-0.330	-0.127	-0.129	-0.109	-0.749	-0.689	-0.688	-0.689	-0.848	-0.849	-0.848	-0.849	-0.750	-0.846	-0.838	-0.848	-0.691	-0.849	-0.633	-0.645	-0.691	-0.690	-0.692	-0.851	-0.675	-0.846	-0.848	-0.759	-0.594	-0.847	-0.849	-0.852	-0.847	-0.851	-0.851	-0.849	-0.682	-0.852	-0.852	-0.852	-0.852	-0.853	-0.853	-0.853	-0.853	-0.853	-0.849	-0.852	-0.848	-0.848	-0.852	-0.849	-0.849	-0.847	-0.847	-0.838	-0.827	-0.701	-0.846	-0.694	-0.695	-0.842	-0.808	-0.630	-0.711	-0.702	-0.694	-0.532	-0.819	-0.760	-0.792	-0.774	-0.735	-0.576	-0.528	-0.493	-0.518	-0.781	-0.781	-0.519	-0.529	-0.585	-0.523	-0.523	-0.528	-0.487	-0.578	-0.245	-0.819	-0.567	-0.605	-0.577	-0.578	-0.795	-0.632	-0.780	-0.624	-0.791	-0.594	-0.784	-0.848	-0.786	-0.788	-0.797	-0.582	-0.797	-0.796	-0.804	-0.801	-0.801	-0.589	-0.634	-0.402	-0.817	-0.481	-0.203	-0.543	-0.692	-0.621	-0.818	-0.818	-0.818	-0.702	-0.703	-0.704	-0.816	-0.688	-0.812	-0.688	-0.780	-0.835	-0.854	-0.838	-0.707	-0.839	-0.838	-0.837	-0.832	-0.786	-0.827	-0.827	-0.720	-0.797	-0.715	-0.795	-0.650	-0.722	-0.859	-0.659	-0.854	-0.715	-0.614	-0.850	-0.701	-0.699	-0.692	-0.676	-0.732	-0.732	-0.734	
rs112533367    -0.362	-0.415	-0.420	-0.427	-0.407	-0.330	-0.134	-0.140	-0.181	-0.115	-0.181	-0.202	-0.357	-0.269	+0.012	-0.468	-0.473	-0.473	+0.016	-0.476	+0.017	-0.299	-0.127	+0.081	+0.033	+0.035	-0.389	-0.351	-0.351	-0.352	-0.491	-0.495	-0.491	-0.496	-0.416	-0.488	-0.474	-0.491	-0.352	-0.493	-0.305	-0.312	-0.352	-0.351	-0.353	-0.504	-0.337	-0.508	-0.508	-0.429	-0.327	-0.492	-0.496	-0.502	-0.505	-0.501	-0.501	-0.495	-0.342	-0.501	-0.501	-0.502	-0.503	-0.504	-0.503	-0.503	-0.501	-0.504	-0.494	-0.501	-0.492	-0.493	-0.501	-0.495	-0.495	-0.491	-0.491	-0.476	-0.461	-0.310	-0.489	-0.354	-0.355	-0.488	-0.470	-0.299	-0.373	-0.359	-0.357	-0.224	-0.479	-0.406	-0.447	-0.423	-0.374	-0.262	-0.217	-0.182	-0.206	-0.431	-0.431	-0.207	-0.217	-0.271	-0.211	-0.211	-0.215	-0.154	-0.232	+0.144	-0.474	-0.222	-0.259	-0.217	-0.218	-0.437	-0.280	-0.437	-0.272	-0.455	-0.236	-0.448	-0.500	-0.450	-0.452	-0.460	-0.222	-0.459	-0.458	-0.465	-0.462	-0.462	-0.254	-0.308	-0.074	-0.474	-0.152	+0.134	-0.183	-0.342	-0.291	-0.475	-0.475	-0.474	-0.373	-0.373	-0.375	-0.473	-0.360	-0.469	-0.359	-0.434	-0.497	-0.513	-0.500	-0.358	-0.501	-0.501	-0.499	-0.495	-0.441	-0.490	-0.490	-0.394	-0.452	-0.389	-0.450	-0.331	-0.378	-0.518	-0.310	-0.514	-0.371	-0.298	-0.511	-0.356	-0.354	-0.372	-0.323	-0.384	-0.385	-0.386	
rs9470589      -0.364	-0.417	-0.421	-0.429	-0.409	-0.332	-0.136	-0.142	-0.183	-0.117	-0.183	-0.204	-0.359	-0.271	+0.010	-0.470	-0.475	-0.475	+0.014	-0.478	+0.016	-0.301	-0.129	+0.033	+0.079	+0.034	-0.391	-0.352	-0.353	-0.354	-0.493	-0.496	-0.493	-0.498	-0.418	-0.490	-0.475	-0.493	-0.354	-0.495	-0.307	-0.314	-0.354	-0.353	-0.355	-0.506	-0.339	-0.510	-0.509	-0.431	-0.329	-0.494	-0.498	-0.504	-0.507	-0.503	-0.503	-0.497	-0.344	-0.503	-0.503	-0.504	-0.504	-0.506	-0.505	-0.505	-0.502	-0.506	-0.496	-0.503	-0.494	-0.495	-0.502	-0.497	-0.497	-0.493	-0.492	-0.478	-0.463	-0.312	-0.491	-0.356	-0.357	-0.490	-0.472	-0.301	-0.375	-0.361	-0.359	-0.226	-0.481	-0.408	-0.449	-0.425	-0.376	-0.264	-0.219	-0.184	-0.208	-0.433	-0.433	-0.209	-0.219	-0.273	-0.213	-0.213	-0.217	-0.156	-0.234	+0.142	-0.476	-0.224	-0.260	-0.219	-0.220	-0.439	-0.282	-0.439	-0.274	-0.456	-0.238	-0.450	-0.502	-0.452	-0.454	-0.462	-0.224	-0.461	-0.460	-0.467	-0.464	-0.464	-0.256	-0.310	-0.076	-0.476	-0.154	+0.131	-0.185	-0.343	-0.293	-0.476	-0.476	-0.476	-0.374	-0.375	-0.376	-0.475	-0.361	-0.470	-0.360	-0.436	-0.499	-0.514	-0.502	-0.360	-0.503	-0.502	-0.501	-0.496	-0.442	-0.492	-0.492	-0.396	-0.454	-0.391	-0.452	-0.333	-0.379	-0.520	-0.311	-0.516	-0.373	-0.300	-0.513	-0.358	-0.355	-0.374	-0.325	-0.386	-0.387	-0.388	
rs2173314      -0.351	-0.403	-0.408	-0.416	-0.396	-0.320	-0.124	-0.131	-0.171	-0.102	-0.171	-0.192	-0.344	-0.260	+0.012	-0.455	-0.460	-0.460	+0.018	-0.464	+0.019	-0.286	-0.109	+0.035	+0.034	+0.093	-0.375	-0.339	-0.340	-0.340	-0.479	-0.482	-0.478	-0.484	-0.405	-0.476	-0.460	-0.478	-0.341	-0.480	-0.294	-0.301	-0.340	-0.340	-0.341	-0.492	-0.326	-0.496	-0.496	-0.418	-0.318	-0.479	-0.484	-0.490	-0.493	-0.489	-0.489	-0.482	-0.331	-0.489	-0.489	-0.490	-0.491	-0.492	-0.491	-0.491	-0.488	-0.492	-0.482	-0.489	-0.480	-0.480	-0.488	-0.483	-0.483	-0.479	-0.478	-0.463	-0.448	-0.296	-0.477	-0.343	-0.344	-0.476	-0.459	-0.289	-0.362	-0.348	-0.347	-0.214	-0.468	-0.394	-0.435	-0.411	-0.361	-0.251	-0.206	-0.171	-0.195	-0.419	-0.419	-0.196	-0.206	-0.260	-0.200	-0.200	-0.204	-0.142	-0.221	+0.158	-0.463	-0.211	-0.247	-0.205	-0.206	-0.426	-0.269	-0.426	-0.260	-0.443	-0.224	-0.436	-0.489	-0.439	-0.440	-0.448	-0.210	-0.448	-0.447	-0.454	-0.451	-0.451	-0.243	-0.297	-0.063	-0.463	-0.141	+0.146	-0.172	-0.330	-0.280	-0.463	-0.463	-0.463	-0.361	-0.362	-0.363	-0.462	-0.349	-0.457	-0.347	-0.423	-0.486	-0.501	-0.489	-0.347	-0.490	-0.489	-0.488	-0.483	-0.429	-0.479	-0.479	-0.383	-0.441	-0.378	-0.439	-0.321	-0.367	-0.507	-0.298	-0.503	-0.360	-0.287	-0.500	-0.345	-0.343	-0.361	-0.312	-0.373	-0.374	-0.375	
rs1391345      -0.859	-0.928	-0.934	-0.934	-0.913	-0.803	-0.580	-0.590	-0.650	-0.708	-0.649	-0.691	-0.908	-0.565	-0.418	-0.996	-0.999	-1.000	-0.426	-1.002	-0.424	-0.850	-0.749	-0.389	-0.391	-0.375	-0.561	-0.828	-0.828	-0.829	-1.012	-1.013	-1.012	-1.015	-0.948	-1.014	-1.001	-1.012	-0.830	-1.013	-0.775	-0.793	-0.830	-0.830	-0.833	-1.017	-0.822	-1.015	-1.017	-0.960	-0.549	-1.018	-1.020	-1.024	-1.023	-1.024	-1.024	-1.020	-0.837	-1.024	-1.024	-1.025	-1.025	-1.026	-1.026	-1.026	-1.024	-1.026	-1.020	-1.025	-1.019	-1.019	-1.025	-1.022	-1.022	-1.018	-1.019	-1.008	-0.996	-0.874	-1.019	-0.850	-0.854	-1.016	-1.011	-0.830	-0.913	-0.905	-0.896	-0.747	-1.023	-0.968	-0.997	-0.981	-0.946	-0.791	-0.743	-0.709	-0.734	-0.987	-0.987	-0.735	-0.744	-0.799	-0.739	-0.739	-0.744	-0.704	-0.784	-0.474	-1.025	-0.773	-0.811	-0.790	-0.791	-1.000	-0.838	-0.984	-0.833	-0.999	-0.805	-0.992	-1.052	-0.994	-0.996	-1.004	-0.794	-1.005	-1.004	-1.011	-1.008	-1.008	-0.804	-0.842	-0.621	-1.022	-0.698	-0.428	-0.755	-0.901	-0.834	-1.022	-1.022	-1.022	-0.909	-0.910	-0.911	-1.021	-0.896	-1.017	-0.895	-0.986	-1.039	-1.058	-1.042	-0.912	-1.043	-1.043	-1.042	-1.036	-0.991	-1.032	-1.032	-0.925	-1.001	-0.920	-1.000	-0.853	-0.926	-1.063	-0.864	-1.058	-0.920	-0.818	-1.053	-0.905	-0.903	-0.897	-0.882	-0.941	-0.941	-0.942	
rs17572459     -0.781	-0.851	-0.857	-0.859	-0.836	-0.731	-0.515	-0.524	-0.584	-0.642	-0.584	-0.626	-0.872	-0.484	-0.376	-0.959	-0.961	-0.962	-0.384	-0.963	-0.382	-0.784	-0.689	-0.351	-0.352	-0.339	-0.828	-0.485	-0.613	-0.611	-0.972	-0.972	-0.972	-0.972	-0.880	-0.972	-0.964	-0.972	-0.616	-0.973	-0.595	-0.620	-0.616	-0.619	-0.637	-0.973	-0.647	-0.966	-0.969	-0.873	-0.649	-0.970	-0.972	-0.974	-0.969	-0.974	-0.974	-0.972	-0.693	-0.974	-0.974	-0.975	-0.975	-0.976	-0.976	-0.976	-0.976	-0.976	-0.973	-0.975	-0.972	-0.972	-0.975	-0.973	-0.973	-0.971	-0.970	-0.962	-0.951	-0.834	-0.970	-0.721	-0.727	-0.966	-0.939	-0.760	-0.843	-0.836	-0.827	-0.676	-0.953	-0.901	-0.929	-0.913	-0.877	-0.706	-0.657	-0.623	-0.647	-0.919	-0.919	-0.649	-0.658	-0.715	-0.653	-0.653	-0.658	-0.623	-0.710	-0.399	-0.956	-0.699	-0.738	-0.720	-0.721	-0.929	-0.772	-0.914	-0.762	-0.925	-0.735	-0.918	-0.981	-0.920	-0.922	-0.931	-0.724	-0.932	-0.931	-0.938	-0.935	-0.935	-0.728	-0.762	-0.536	-0.952	-0.615	-0.337	-0.682	-0.830	-0.756	-0.952	-0.952	-0.952	-0.830	-0.831	-0.833	-0.951	-0.817	-0.947	-0.816	-0.916	-0.968	-0.988	-0.971	-0.842	-0.972	-0.972	-0.971	-0.966	-0.922	-0.961	-0.961	-0.852	-0.932	-0.847	-0.931	-0.778	-0.857	-0.993	-0.794	-0.987	-0.850	-0.743	-0.983	-0.836	-0.833	-0.822	-0.813	-0.872	-0.872	-0.873	
rs73427657     -0.779	-0.849	-0.855	-0.856	-0.834	-0.729	-0.515	-0.524	-0.583	-0.639	-0.583	-0.625	-0.867	-0.499	-0.376	-0.955	-0.958	-0.958	-0.384	-0.960	-0.382	-0.783	-0.688	-0.351	-0.353	-0.340	-0.828	-0.613	-0.483	-0.614	-0.969	-0.970	-0.969	-0.970	-0.879	-0.969	-0.960	-0.969	-0.614	-0.970	-0.606	-0.628	-0.614	-0.616	-0.637	-0.970	-0.651	-0.965	-0.967	-0.870	-0.655	-0.967	-0.969	-0.971	-0.967	-0.971	-0.971	-0.969	-0.699	-0.972	-0.972	-0.972	-0.972	-0.973	-0.973	-0.973	-0.973	-0.973	-0.969	-0.972	-0.968	-0.969	-0.972	-0.970	-0.970	-0.968	-0.967	-0.958	-0.947	-0.828	-0.967	-0.724	-0.729	-0.963	-0.938	-0.759	-0.842	-0.834	-0.825	-0.675	-0.951	-0.899	-0.927	-0.911	-0.874	-0.702	-0.653	-0.618	-0.643	-0.917	-0.917	-0.645	-0.654	-0.711	-0.649	-0.649	-0.654	-0.618	-0.707	-0.396	-0.954	-0.696	-0.735	-0.718	-0.719	-0.928	-0.770	-0.912	-0.760	-0.922	-0.733	-0.915	-0.979	-0.917	-0.919	-0.928	-0.722	-0.929	-0.928	-0.935	-0.932	-0.932	-0.724	-0.758	-0.533	-0.950	-0.612	-0.331	-0.680	-0.828	-0.753	-0.950	-0.950	-0.950	-0.827	-0.828	-0.829	-0.949	-0.813	-0.945	-0.813	-0.914	-0.966	-0.985	-0.969	-0.840	-0.970	-0.969	-0.968	-0.963	-0.919	-0.958	-0.958	-0.849	-0.930	-0.844	-0.928	-0.775	-0.854	-0.991	-0.793	-0.985	-0.847	-0.739	-0.981	-0.833	-0.831	-0.820	-0.811	-0.870	-0.870	-0.871	
rs55800130     -0.781	-0.851	-0.857	-0.859	-0.836	-0.731	-0.516	-0.525	-0.585	-0.642	-0.585	-0.627	-0.872	-0.492	-0.377	-0.959	-0.961	-0.961	-0.385	-0.963	-0.383	-0.784	-0.689	-0.352	-0.354	-0.340	-0.829	-0.611	-0.614	-0.485	-0.972	-0.972	-0.972	-0.972	-0.881	-0.972	-0.963	-0.972	-0.614	-0.973	-0.599	-0.623	-0.614	-0.617	-0.637	-0.973	-0.649	-0.967	-0.969	-0.873	-0.652	-0.970	-0.972	-0.974	-0.969	-0.974	-0.974	-0.972	-0.695	-0.974	-0.974	-0.975	-0.975	-0.976	-0.976	-0.976	-0.975	-0.976	-0.972	-0.975	-0.971	-0.972	-0.975	-0.973	-0.973	-0.971	-0.970	-0.961	-0.951	-0.833	-0.970	-0.723	-0.728	-0.966	-0.940	-0.760	-0.844	-0.836	-0.827	-0.676	-0.953	-0.901	-0.929	-0.913	-0.877	-0.706	-0.657	-0.622	-0.647	-0.919	-0.919	-0.648	-0.658	-0.714	-0.652	-0.652	-0.657	-0.621	-0.710	-0.399	-0.956	-0.699	-0.738	-0.720	-0.721	-0.930	-0.773	-0.914	-0.762	-0.925	-0.735	-0.918	-0.981	-0.920	-0.922	-0.931	-0.724	-0.932	-0.931	-0.938	-0.935	-0.935	-0.727	-0.762	-0.536	-0.952	-0.615	-0.336	-0.682	-0.830	-0.756	-0.952	-0.952	-0.952	-0.830	-0.831	-0.832	-0.951	-0.817	-0.947	-0.816	-0.916	-0.968	-0.988	-0.971	-0.842	-0.973	-0.972	-0.971	-0.965	-0.922	-0.961	-0.961	-0.852	-0.932	-0.847	-0.931	-0.778	-0.857	-0.993	-0.795	-0.988	-0.850	-0.742	-0.983	-0.836	-0.833	-0.822	-0.813	-0.872	-0.873	-0.874	
