## Summary of overall evidence for association with region:
## log10(BF for region) = -0.535281
## p-value for region = NA

## BFs for choosing among multi-SNP models:
## log10(average 1-SNP BF) = -0.460757
## log10(average 2-SNP BF) = -0.738982

## Example posterior probabilities for multi-SNP models, based on default prior: [p(l) propto 0.5^l for l=1,2,...,L]
## posterior probability of 1-SNP = 0.791466
## posterior probability of 2-SNP = 0.208534

## log10(BF) for single SNP and pair of SNPs:
rs67848336     -0.127	-0.211	-0.208	-0.206	-0.325	-0.213	-0.327	-0.327	-0.213	-0.215	-0.216	-0.328	+0.013	-0.328	-0.328	-0.328	-0.327	-0.328	-0.330	-0.318	-0.302	-0.301	-0.233	-0.232	-0.160	-0.454	-0.496	-0.213	-0.450	-0.451	-0.361	-0.162	-0.452	-0.125	-0.247	-0.441	-0.607	-0.532	-0.561	-0.571	-0.502	-0.568	-0.567	-0.539	-0.555	-0.623	-0.533	-0.543	-0.570	-0.571	-0.427	-0.437	-0.444	-0.618	-0.563	-0.580	-0.431	-0.538	-0.562	-0.625	-0.570	-0.547	-0.623	-0.547	-0.500	-0.622	-0.567	-0.550	-0.575	-0.490	-0.621	-0.642	-0.616	-0.498	-0.530	-0.630	-0.543	-0.630	-0.530	-0.483	-0.544	-0.630	-0.507	-0.474	-0.494	-0.530	-0.544	-0.494	-0.494	-0.544	-0.545	-0.537	-0.494	-0.544	-0.549	-0.481	-0.494	-0.531	-0.545	-0.544	-0.544	-0.494	-0.629	-0.544	-0.494	-0.544	-0.629	-0.549	-0.477	-0.534	-0.476	-0.494	-0.547	-0.494	-0.493	-0.494	-0.494	-0.476	-0.630	-0.557	-0.494	-0.548	-0.494	-0.494	-0.476	-0.494	-0.530	-0.551	-0.545	-0.488	-0.493	-0.629	-0.493	-0.491	-0.544	-0.552	-0.491	-0.629	-0.553	-0.475	-0.545	-0.493	-0.545	-0.629	-0.556	-0.475	-0.551	-0.629	-0.493	-0.544	-0.545	-0.494	-0.466	-0.545	-0.469	-0.566	-0.545	-0.469	-0.524	-0.530	-0.627	-0.627	-0.549	-0.627	-0.580	-0.492	-0.462	-0.628	-0.521	-0.462	-0.627	-0.464	-0.467	-0.483	-0.626	-0.626	-0.626	-0.576	-0.626	-0.626	-0.629	-0.626	-0.618	-0.626	
rs55712218     -0.211	-0.127	-0.208	-0.206	-0.326	-0.213	-0.328	-0.328	-0.214	-0.216	-0.217	-0.329	+0.013	-0.328	-0.328	-0.329	-0.327	-0.329	-0.331	-0.319	-0.303	-0.302	-0.234	-0.232	-0.161	-0.455	-0.496	-0.214	-0.451	-0.451	-0.361	-0.162	-0.453	-0.126	-0.247	-0.441	-0.608	-0.533	-0.562	-0.571	-0.502	-0.568	-0.568	-0.539	-0.556	-0.624	-0.533	-0.544	-0.571	-0.572	-0.427	-0.437	-0.444	-0.619	-0.564	-0.580	-0.431	-0.538	-0.563	-0.625	-0.570	-0.547	-0.624	-0.548	-0.500	-0.623	-0.567	-0.550	-0.576	-0.491	-0.621	-0.642	-0.616	-0.499	-0.530	-0.630	-0.544	-0.631	-0.531	-0.483	-0.544	-0.631	-0.508	-0.474	-0.494	-0.530	-0.544	-0.495	-0.495	-0.544	-0.545	-0.538	-0.495	-0.544	-0.550	-0.481	-0.495	-0.531	-0.545	-0.544	-0.544	-0.495	-0.629	-0.544	-0.494	-0.544	-0.630	-0.549	-0.477	-0.535	-0.477	-0.494	-0.547	-0.494	-0.494	-0.494	-0.494	-0.477	-0.630	-0.557	-0.494	-0.548	-0.494	-0.494	-0.476	-0.494	-0.531	-0.552	-0.545	-0.488	-0.494	-0.630	-0.494	-0.491	-0.545	-0.553	-0.491	-0.629	-0.553	-0.476	-0.545	-0.494	-0.545	-0.630	-0.556	-0.475	-0.552	-0.630	-0.494	-0.545	-0.545	-0.494	-0.467	-0.545	-0.469	-0.567	-0.545	-0.469	-0.524	-0.530	-0.627	-0.627	-0.549	-0.627	-0.580	-0.493	-0.463	-0.628	-0.522	-0.463	-0.627	-0.464	-0.467	-0.483	-0.626	-0.626	-0.626	-0.577	-0.626	-0.626	-0.630	-0.627	-0.619	-0.626	
rs12436915     -0.208	-0.208	-0.119	-0.202	-0.318	-0.208	-0.320	-0.320	-0.208	-0.210	-0.211	-0.321	+0.021	-0.321	-0.321	-0.320	-0.318	-0.321	-0.323	-0.309	-0.292	-0.291	-0.220	-0.218	-0.145	-0.448	-0.490	-0.200	-0.444	-0.444	-0.352	-0.147	-0.446	-0.110	-0.240	-0.434	-0.601	-0.526	-0.555	-0.564	-0.495	-0.561	-0.561	-0.532	-0.549	-0.617	-0.526	-0.537	-0.564	-0.565	-0.420	-0.430	-0.438	-0.612	-0.557	-0.573	-0.425	-0.531	-0.556	-0.618	-0.563	-0.540	-0.617	-0.541	-0.493	-0.616	-0.560	-0.543	-0.569	-0.483	-0.614	-0.636	-0.609	-0.492	-0.523	-0.623	-0.537	-0.624	-0.524	-0.476	-0.537	-0.624	-0.501	-0.467	-0.487	-0.523	-0.537	-0.488	-0.488	-0.537	-0.538	-0.531	-0.488	-0.537	-0.543	-0.474	-0.488	-0.524	-0.538	-0.537	-0.537	-0.488	-0.622	-0.537	-0.487	-0.537	-0.623	-0.542	-0.470	-0.528	-0.470	-0.487	-0.540	-0.487	-0.487	-0.487	-0.487	-0.470	-0.623	-0.550	-0.487	-0.542	-0.487	-0.487	-0.469	-0.487	-0.524	-0.545	-0.538	-0.481	-0.487	-0.623	-0.487	-0.484	-0.538	-0.546	-0.484	-0.622	-0.546	-0.468	-0.538	-0.487	-0.538	-0.623	-0.550	-0.468	-0.545	-0.623	-0.487	-0.538	-0.538	-0.487	-0.460	-0.538	-0.462	-0.560	-0.538	-0.462	-0.517	-0.523	-0.620	-0.620	-0.542	-0.620	-0.574	-0.486	-0.456	-0.621	-0.514	-0.456	-0.620	-0.457	-0.460	-0.476	-0.619	-0.619	-0.619	-0.570	-0.619	-0.619	-0.623	-0.620	-0.612	-0.619	
rs12436979     -0.206	-0.206	-0.202	-0.109	-0.310	-0.206	-0.311	-0.311	-0.206	-0.208	-0.209	-0.313	+0.033	-0.312	-0.312	-0.311	-0.308	-0.311	-0.314	-0.299	-0.280	-0.279	-0.206	-0.204	-0.129	-0.438	-0.483	-0.185	-0.434	-0.434	-0.339	-0.131	-0.436	-0.094	-0.230	-0.425	-0.592	-0.517	-0.546	-0.555	-0.486	-0.552	-0.552	-0.523	-0.540	-0.608	-0.517	-0.528	-0.555	-0.556	-0.411	-0.421	-0.429	-0.603	-0.548	-0.564	-0.415	-0.522	-0.547	-0.609	-0.554	-0.531	-0.608	-0.532	-0.484	-0.607	-0.551	-0.534	-0.560	-0.474	-0.605	-0.627	-0.600	-0.483	-0.514	-0.614	-0.528	-0.615	-0.514	-0.467	-0.528	-0.615	-0.492	-0.458	-0.478	-0.514	-0.528	-0.479	-0.479	-0.528	-0.529	-0.522	-0.479	-0.528	-0.534	-0.465	-0.479	-0.515	-0.529	-0.528	-0.528	-0.479	-0.613	-0.528	-0.478	-0.528	-0.614	-0.533	-0.461	-0.519	-0.461	-0.478	-0.531	-0.478	-0.478	-0.478	-0.478	-0.460	-0.614	-0.541	-0.478	-0.533	-0.478	-0.478	-0.460	-0.478	-0.515	-0.536	-0.529	-0.472	-0.478	-0.614	-0.478	-0.475	-0.529	-0.537	-0.475	-0.613	-0.537	-0.459	-0.529	-0.478	-0.529	-0.614	-0.540	-0.459	-0.536	-0.614	-0.478	-0.528	-0.529	-0.478	-0.450	-0.529	-0.453	-0.551	-0.529	-0.453	-0.508	-0.514	-0.611	-0.611	-0.533	-0.611	-0.564	-0.477	-0.446	-0.612	-0.505	-0.446	-0.611	-0.448	-0.451	-0.467	-0.610	-0.610	-0.610	-0.561	-0.610	-0.610	-0.614	-0.611	-0.603	-0.610	
rs67617767     -0.325	-0.326	-0.318	-0.310	-0.247	-0.321	-0.346	-0.346	-0.322	-0.325	-0.322	-0.347	-0.139	-0.348	-0.347	-0.359	-0.361	-0.359	-0.361	-0.348	-0.314	-0.313	-0.245	-0.243	-0.130	-0.574	-0.574	-0.220	-0.570	-0.570	-0.529	-0.150	-0.572	-0.174	-0.365	-0.555	-0.719	-0.644	-0.670	-0.680	-0.614	-0.675	-0.675	-0.650	-0.667	-0.735	-0.644	-0.651	-0.678	-0.679	-0.538	-0.548	-0.555	-0.730	-0.675	-0.688	-0.542	-0.650	-0.674	-0.736	-0.678	-0.654	-0.735	-0.655	-0.613	-0.734	-0.678	-0.657	-0.683	-0.603	-0.733	-0.751	-0.727	-0.605	-0.642	-0.742	-0.655	-0.742	-0.642	-0.596	-0.656	-0.742	-0.614	-0.588	-0.606	-0.642	-0.656	-0.606	-0.606	-0.655	-0.656	-0.645	-0.606	-0.655	-0.657	-0.594	-0.607	-0.643	-0.656	-0.656	-0.656	-0.607	-0.741	-0.651	-0.606	-0.651	-0.741	-0.656	-0.591	-0.641	-0.590	-0.606	-0.654	-0.606	-0.607	-0.606	-0.606	-0.590	-0.741	-0.664	-0.606	-0.655	-0.606	-0.606	-0.590	-0.606	-0.642	-0.658	-0.657	-0.600	-0.606	-0.741	-0.606	-0.603	-0.656	-0.659	-0.603	-0.740	-0.660	-0.589	-0.657	-0.605	-0.656	-0.741	-0.663	-0.589	-0.659	-0.741	-0.605	-0.656	-0.657	-0.606	-0.581	-0.657	-0.583	-0.674	-0.657	-0.583	-0.637	-0.642	-0.738	-0.738	-0.661	-0.738	-0.688	-0.604	-0.577	-0.740	-0.634	-0.577	-0.739	-0.578	-0.581	-0.597	-0.738	-0.738	-0.738	-0.684	-0.738	-0.738	-0.741	-0.738	-0.729	-0.737	
rs55650763     -0.213	-0.213	-0.208	-0.206	-0.321	-0.123	-0.322	-0.322	-0.207	-0.209	-0.211	-0.323	+0.018	-0.323	-0.323	-0.322	-0.320	-0.323	-0.325	-0.311	-0.294	-0.293	-0.221	-0.220	-0.145	-0.450	-0.493	-0.201	-0.446	-0.447	-0.355	-0.147	-0.448	-0.111	-0.242	-0.437	-0.604	-0.529	-0.558	-0.567	-0.498	-0.564	-0.564	-0.535	-0.552	-0.620	-0.529	-0.539	-0.566	-0.567	-0.423	-0.434	-0.441	-0.615	-0.559	-0.576	-0.428	-0.534	-0.559	-0.621	-0.566	-0.543	-0.620	-0.544	-0.496	-0.619	-0.563	-0.546	-0.571	-0.486	-0.617	-0.638	-0.612	-0.494	-0.526	-0.626	-0.540	-0.626	-0.526	-0.479	-0.540	-0.627	-0.503	-0.470	-0.490	-0.526	-0.540	-0.491	-0.491	-0.540	-0.541	-0.534	-0.491	-0.540	-0.545	-0.477	-0.491	-0.527	-0.541	-0.540	-0.540	-0.491	-0.625	-0.540	-0.490	-0.540	-0.626	-0.545	-0.473	-0.531	-0.473	-0.490	-0.543	-0.490	-0.490	-0.490	-0.490	-0.472	-0.626	-0.553	-0.490	-0.544	-0.490	-0.490	-0.472	-0.490	-0.527	-0.547	-0.541	-0.484	-0.490	-0.626	-0.490	-0.487	-0.541	-0.548	-0.487	-0.625	-0.549	-0.471	-0.541	-0.490	-0.541	-0.626	-0.552	-0.471	-0.548	-0.626	-0.489	-0.540	-0.541	-0.490	-0.462	-0.541	-0.465	-0.563	-0.541	-0.465	-0.520	-0.526	-0.623	-0.623	-0.545	-0.623	-0.576	-0.489	-0.458	-0.624	-0.517	-0.458	-0.623	-0.460	-0.463	-0.479	-0.622	-0.622	-0.622	-0.572	-0.622	-0.622	-0.626	-0.623	-0.615	-0.622	
rs56164404     -0.327	-0.328	-0.320	-0.311	-0.346	-0.322	-0.253	-0.348	-0.322	-0.325	-0.322	-0.348	-0.146	-0.349	-0.349	-0.362	-0.365	-0.362	-0.364	-0.354	-0.321	-0.321	-0.255	-0.253	-0.141	-0.580	-0.578	-0.231	-0.576	-0.577	-0.536	-0.161	-0.578	-0.185	-0.372	-0.561	-0.725	-0.650	-0.675	-0.686	-0.620	-0.681	-0.681	-0.656	-0.673	-0.741	-0.650	-0.656	-0.684	-0.685	-0.544	-0.555	-0.562	-0.736	-0.681	-0.693	-0.549	-0.656	-0.680	-0.742	-0.683	-0.660	-0.741	-0.660	-0.619	-0.740	-0.684	-0.663	-0.689	-0.609	-0.738	-0.757	-0.733	-0.611	-0.648	-0.747	-0.661	-0.748	-0.648	-0.602	-0.662	-0.748	-0.619	-0.594	-0.612	-0.648	-0.662	-0.612	-0.612	-0.661	-0.662	-0.650	-0.612	-0.661	-0.662	-0.600	-0.613	-0.649	-0.662	-0.662	-0.662	-0.613	-0.747	-0.657	-0.612	-0.657	-0.747	-0.662	-0.597	-0.647	-0.596	-0.612	-0.660	-0.612	-0.613	-0.612	-0.612	-0.596	-0.747	-0.670	-0.612	-0.661	-0.612	-0.612	-0.596	-0.612	-0.648	-0.664	-0.663	-0.606	-0.612	-0.747	-0.612	-0.609	-0.662	-0.665	-0.609	-0.746	-0.666	-0.595	-0.663	-0.611	-0.662	-0.747	-0.669	-0.595	-0.664	-0.747	-0.611	-0.662	-0.663	-0.612	-0.587	-0.663	-0.589	-0.680	-0.663	-0.589	-0.642	-0.648	-0.744	-0.744	-0.667	-0.744	-0.693	-0.610	-0.583	-0.746	-0.640	-0.583	-0.745	-0.584	-0.587	-0.603	-0.744	-0.744	-0.744	-0.690	-0.744	-0.744	-0.747	-0.744	-0.735	-0.743	
rs55688782     -0.327	-0.328	-0.320	-0.311	-0.346	-0.322	-0.348	-0.254	-0.322	-0.325	-0.322	-0.349	-0.147	-0.349	-0.349	-0.363	-0.366	-0.362	-0.364	-0.354	-0.323	-0.322	-0.256	-0.255	-0.143	-0.580	-0.578	-0.232	-0.576	-0.577	-0.537	-0.163	-0.579	-0.186	-0.372	-0.561	-0.725	-0.650	-0.676	-0.686	-0.620	-0.681	-0.681	-0.657	-0.673	-0.742	-0.650	-0.657	-0.684	-0.685	-0.544	-0.555	-0.562	-0.736	-0.681	-0.694	-0.549	-0.656	-0.680	-0.743	-0.684	-0.660	-0.741	-0.661	-0.619	-0.740	-0.685	-0.664	-0.689	-0.610	-0.739	-0.757	-0.734	-0.611	-0.648	-0.748	-0.661	-0.748	-0.649	-0.603	-0.662	-0.748	-0.620	-0.594	-0.612	-0.648	-0.662	-0.613	-0.613	-0.662	-0.663	-0.651	-0.613	-0.662	-0.663	-0.601	-0.613	-0.650	-0.663	-0.662	-0.662	-0.613	-0.747	-0.657	-0.612	-0.657	-0.747	-0.662	-0.597	-0.648	-0.597	-0.613	-0.660	-0.612	-0.613	-0.612	-0.612	-0.597	-0.748	-0.670	-0.612	-0.661	-0.612	-0.612	-0.596	-0.612	-0.649	-0.665	-0.663	-0.606	-0.612	-0.747	-0.612	-0.610	-0.663	-0.666	-0.609	-0.747	-0.666	-0.595	-0.663	-0.612	-0.663	-0.747	-0.669	-0.595	-0.665	-0.747	-0.612	-0.663	-0.663	-0.612	-0.587	-0.663	-0.590	-0.680	-0.663	-0.590	-0.643	-0.648	-0.745	-0.745	-0.668	-0.745	-0.694	-0.611	-0.583	-0.746	-0.640	-0.583	-0.745	-0.584	-0.588	-0.603	-0.744	-0.744	-0.744	-0.690	-0.744	-0.744	-0.747	-0.744	-0.736	-0.744	
rs75403731     -0.213	-0.214	-0.208	-0.206	-0.322	-0.207	-0.322	-0.322	-0.123	-0.209	-0.211	-0.323	+0.018	-0.323	-0.323	-0.322	-0.320	-0.323	-0.325	-0.312	-0.294	-0.293	-0.222	-0.220	-0.146	-0.451	-0.493	-0.201	-0.447	-0.447	-0.355	-0.148	-0.449	-0.111	-0.243	-0.437	-0.604	-0.529	-0.558	-0.567	-0.498	-0.564	-0.564	-0.535	-0.552	-0.620	-0.529	-0.540	-0.567	-0.567	-0.424	-0.434	-0.441	-0.615	-0.560	-0.576	-0.428	-0.535	-0.559	-0.621	-0.566	-0.543	-0.620	-0.544	-0.496	-0.619	-0.563	-0.546	-0.572	-0.487	-0.617	-0.639	-0.612	-0.495	-0.526	-0.627	-0.540	-0.627	-0.527	-0.479	-0.540	-0.627	-0.504	-0.470	-0.490	-0.526	-0.541	-0.491	-0.491	-0.540	-0.541	-0.534	-0.491	-0.540	-0.546	-0.477	-0.491	-0.528	-0.541	-0.541	-0.540	-0.491	-0.626	-0.540	-0.491	-0.540	-0.626	-0.545	-0.473	-0.531	-0.473	-0.491	-0.543	-0.490	-0.490	-0.490	-0.490	-0.473	-0.626	-0.553	-0.490	-0.544	-0.490	-0.490	-0.473	-0.490	-0.527	-0.548	-0.541	-0.485	-0.490	-0.626	-0.490	-0.487	-0.541	-0.549	-0.488	-0.625	-0.549	-0.472	-0.541	-0.490	-0.541	-0.626	-0.552	-0.472	-0.548	-0.626	-0.490	-0.541	-0.541	-0.490	-0.463	-0.541	-0.466	-0.563	-0.541	-0.465	-0.520	-0.526	-0.623	-0.623	-0.545	-0.623	-0.576	-0.489	-0.459	-0.625	-0.517	-0.459	-0.624	-0.460	-0.463	-0.479	-0.623	-0.623	-0.623	-0.573	-0.623	-0.623	-0.626	-0.623	-0.615	-0.622	
rs55769843     -0.215	-0.216	-0.210	-0.208	-0.325	-0.209	-0.325	-0.325	-0.209	-0.126	-0.212	-0.326	+0.014	-0.326	-0.326	-0.326	-0.324	-0.326	-0.328	-0.315	-0.298	-0.297	-0.227	-0.225	-0.151	-0.453	-0.495	-0.206	-0.449	-0.450	-0.358	-0.153	-0.452	-0.117	-0.246	-0.440	-0.607	-0.532	-0.560	-0.570	-0.501	-0.567	-0.566	-0.538	-0.555	-0.623	-0.532	-0.542	-0.569	-0.570	-0.426	-0.437	-0.444	-0.618	-0.562	-0.579	-0.431	-0.537	-0.562	-0.624	-0.569	-0.546	-0.623	-0.546	-0.499	-0.622	-0.566	-0.549	-0.574	-0.489	-0.620	-0.641	-0.615	-0.497	-0.529	-0.629	-0.543	-0.629	-0.529	-0.482	-0.543	-0.629	-0.506	-0.473	-0.493	-0.529	-0.543	-0.493	-0.493	-0.543	-0.544	-0.537	-0.494	-0.543	-0.548	-0.480	-0.494	-0.530	-0.544	-0.543	-0.543	-0.494	-0.628	-0.543	-0.493	-0.543	-0.629	-0.548	-0.476	-0.533	-0.476	-0.493	-0.546	-0.493	-0.493	-0.493	-0.493	-0.475	-0.629	-0.556	-0.493	-0.547	-0.493	-0.493	-0.475	-0.493	-0.530	-0.550	-0.544	-0.487	-0.493	-0.629	-0.493	-0.490	-0.544	-0.551	-0.490	-0.628	-0.552	-0.474	-0.544	-0.493	-0.544	-0.629	-0.555	-0.474	-0.551	-0.629	-0.492	-0.543	-0.544	-0.493	-0.465	-0.544	-0.468	-0.566	-0.544	-0.468	-0.523	-0.529	-0.626	-0.626	-0.548	-0.626	-0.579	-0.492	-0.461	-0.627	-0.520	-0.461	-0.626	-0.463	-0.466	-0.482	-0.625	-0.625	-0.625	-0.575	-0.625	-0.625	-0.629	-0.626	-0.618	-0.625	
rs4981784      -0.216	-0.217	-0.211	-0.209	-0.322	-0.211	-0.322	-0.322	-0.211	-0.212	-0.122	-0.321	+0.020	-0.321	-0.321	-0.320	-0.318	-0.321	-0.323	-0.312	-0.295	-0.294	-0.223	-0.221	-0.148	-0.450	-0.492	-0.203	-0.446	-0.446	-0.354	-0.150	-0.448	-0.114	-0.242	-0.436	-0.603	-0.528	-0.556	-0.566	-0.497	-0.563	-0.562	-0.534	-0.551	-0.619	-0.528	-0.538	-0.565	-0.566	-0.423	-0.433	-0.440	-0.614	-0.559	-0.575	-0.427	-0.533	-0.558	-0.620	-0.565	-0.541	-0.619	-0.542	-0.495	-0.618	-0.562	-0.545	-0.570	-0.485	-0.616	-0.637	-0.611	-0.493	-0.525	-0.625	-0.539	-0.626	-0.525	-0.478	-0.539	-0.626	-0.502	-0.469	-0.489	-0.525	-0.539	-0.490	-0.490	-0.539	-0.540	-0.532	-0.490	-0.539	-0.544	-0.476	-0.490	-0.526	-0.540	-0.539	-0.539	-0.490	-0.624	-0.539	-0.489	-0.539	-0.625	-0.544	-0.472	-0.529	-0.472	-0.489	-0.542	-0.489	-0.489	-0.489	-0.489	-0.471	-0.625	-0.551	-0.489	-0.543	-0.489	-0.489	-0.471	-0.489	-0.526	-0.546	-0.540	-0.483	-0.489	-0.625	-0.489	-0.486	-0.540	-0.547	-0.486	-0.624	-0.547	-0.470	-0.540	-0.489	-0.540	-0.625	-0.551	-0.470	-0.546	-0.625	-0.489	-0.540	-0.540	-0.489	-0.462	-0.540	-0.464	-0.561	-0.540	-0.464	-0.519	-0.525	-0.622	-0.622	-0.544	-0.622	-0.575	-0.488	-0.458	-0.623	-0.516	-0.457	-0.622	-0.459	-0.462	-0.478	-0.621	-0.622	-0.622	-0.571	-0.622	-0.622	-0.625	-0.622	-0.614	-0.621	
rs11156641     -0.328	-0.329	-0.321	-0.313	-0.347	-0.323	-0.348	-0.349	-0.323	-0.326	-0.321	-0.247	-0.139	-0.343	-0.342	-0.352	-0.353	-0.352	-0.357	-0.351	-0.319	-0.318	-0.249	-0.247	-0.135	-0.574	-0.575	-0.224	-0.571	-0.571	-0.530	-0.155	-0.573	-0.177	-0.366	-0.555	-0.719	-0.645	-0.670	-0.680	-0.614	-0.675	-0.675	-0.651	-0.667	-0.736	-0.645	-0.651	-0.678	-0.679	-0.539	-0.549	-0.556	-0.731	-0.675	-0.688	-0.543	-0.650	-0.674	-0.737	-0.678	-0.654	-0.736	-0.655	-0.613	-0.735	-0.679	-0.657	-0.683	-0.604	-0.733	-0.751	-0.728	-0.605	-0.643	-0.742	-0.656	-0.742	-0.643	-0.597	-0.656	-0.742	-0.614	-0.588	-0.606	-0.643	-0.656	-0.607	-0.607	-0.656	-0.657	-0.644	-0.607	-0.656	-0.656	-0.595	-0.607	-0.644	-0.657	-0.656	-0.656	-0.607	-0.741	-0.651	-0.607	-0.651	-0.742	-0.656	-0.591	-0.641	-0.591	-0.607	-0.654	-0.606	-0.607	-0.606	-0.606	-0.591	-0.742	-0.664	-0.606	-0.655	-0.606	-0.606	-0.590	-0.606	-0.643	-0.658	-0.657	-0.601	-0.606	-0.742	-0.606	-0.604	-0.657	-0.659	-0.604	-0.741	-0.660	-0.590	-0.657	-0.606	-0.657	-0.742	-0.663	-0.590	-0.659	-0.742	-0.606	-0.657	-0.657	-0.606	-0.581	-0.657	-0.584	-0.674	-0.657	-0.584	-0.637	-0.642	-0.739	-0.739	-0.662	-0.739	-0.688	-0.605	-0.577	-0.740	-0.634	-0.577	-0.739	-0.579	-0.582	-0.597	-0.739	-0.738	-0.738	-0.684	-0.738	-0.738	-0.742	-0.739	-0.730	-0.738	
rs75594033     +0.013	+0.013	+0.021	+0.033	-0.139	+0.018	-0.146	-0.147	+0.018	+0.014	+0.020	-0.139	-0.051	-0.140	-0.140	-0.171	-0.188	-0.169	-0.157	-0.215	-0.253	-0.255	-0.326	-0.327	-0.356	-0.364	-0.171	-0.336	-0.359	-0.360	-0.537	-0.357	-0.362	-0.372	-0.242	-0.386	-0.536	-0.456	-0.507	-0.522	-0.427	-0.507	-0.507	-0.464	-0.481	-0.553	-0.456	-0.486	-0.507	-0.508	-0.348	-0.360	-0.368	-0.548	-0.490	-0.516	-0.354	-0.463	-0.489	-0.554	-0.510	-0.489	-0.553	-0.490	-0.432	-0.552	-0.494	-0.491	-0.515	-0.426	-0.551	-0.573	-0.545	-0.442	-0.459	-0.560	-0.470	-0.560	-0.459	-0.421	-0.471	-0.560	-0.451	-0.415	-0.422	-0.459	-0.471	-0.422	-0.422	-0.471	-0.473	-0.478	-0.423	-0.471	-0.490	-0.420	-0.423	-0.460	-0.472	-0.471	-0.471	-0.423	-0.558	-0.484	-0.422	-0.484	-0.559	-0.488	-0.417	-0.475	-0.417	-0.422	-0.487	-0.421	-0.429	-0.421	-0.421	-0.417	-0.559	-0.495	-0.421	-0.488	-0.421	-0.421	-0.416	-0.421	-0.458	-0.491	-0.473	-0.415	-0.421	-0.559	-0.421	-0.420	-0.472	-0.492	-0.418	-0.558	-0.493	-0.416	-0.473	-0.421	-0.472	-0.559	-0.495	-0.416	-0.492	-0.559	-0.421	-0.474	-0.474	-0.421	-0.409	-0.473	-0.411	-0.506	-0.474	-0.411	-0.460	-0.457	-0.556	-0.556	-0.486	-0.556	-0.519	-0.419	-0.406	-0.557	-0.458	-0.406	-0.556	-0.407	-0.409	-0.425	-0.556	-0.556	-0.556	-0.515	-0.556	-0.556	-0.559	-0.556	-0.547	-0.555	
rs11156642     -0.328	-0.328	-0.321	-0.312	-0.348	-0.323	-0.349	-0.349	-0.323	-0.326	-0.321	-0.343	-0.140	-0.248	-0.342	-0.353	-0.353	-0.352	-0.357	-0.350	-0.317	-0.317	-0.248	-0.247	-0.136	-0.575	-0.575	-0.225	-0.571	-0.572	-0.531	-0.156	-0.574	-0.179	-0.367	-0.556	-0.720	-0.645	-0.670	-0.681	-0.615	-0.676	-0.676	-0.652	-0.668	-0.737	-0.645	-0.652	-0.679	-0.680	-0.540	-0.550	-0.557	-0.731	-0.676	-0.689	-0.544	-0.651	-0.675	-0.738	-0.678	-0.655	-0.737	-0.656	-0.614	-0.736	-0.680	-0.658	-0.684	-0.605	-0.734	-0.752	-0.729	-0.606	-0.643	-0.743	-0.657	-0.743	-0.644	-0.598	-0.657	-0.743	-0.615	-0.589	-0.607	-0.643	-0.657	-0.608	-0.608	-0.657	-0.658	-0.645	-0.608	-0.657	-0.657	-0.596	-0.608	-0.645	-0.658	-0.657	-0.657	-0.608	-0.742	-0.652	-0.608	-0.652	-0.743	-0.657	-0.592	-0.642	-0.592	-0.608	-0.655	-0.607	-0.608	-0.607	-0.607	-0.592	-0.743	-0.665	-0.607	-0.656	-0.607	-0.607	-0.591	-0.607	-0.644	-0.659	-0.658	-0.602	-0.607	-0.743	-0.607	-0.605	-0.658	-0.660	-0.605	-0.742	-0.661	-0.590	-0.658	-0.607	-0.658	-0.742	-0.664	-0.590	-0.660	-0.742	-0.607	-0.658	-0.658	-0.607	-0.582	-0.658	-0.585	-0.675	-0.658	-0.585	-0.638	-0.643	-0.740	-0.740	-0.663	-0.740	-0.689	-0.606	-0.578	-0.741	-0.635	-0.578	-0.740	-0.579	-0.583	-0.598	-0.739	-0.739	-0.739	-0.685	-0.739	-0.739	-0.743	-0.739	-0.731	-0.739	
rs8004725      -0.328	-0.328	-0.321	-0.312	-0.347	-0.323	-0.349	-0.349	-0.323	-0.326	-0.321	-0.342	-0.140	-0.342	-0.248	-0.352	-0.353	-0.352	-0.357	-0.349	-0.317	-0.316	-0.247	-0.246	-0.135	-0.575	-0.575	-0.224	-0.571	-0.572	-0.530	-0.155	-0.573	-0.178	-0.367	-0.556	-0.720	-0.645	-0.670	-0.680	-0.615	-0.676	-0.676	-0.651	-0.668	-0.737	-0.645	-0.651	-0.679	-0.680	-0.539	-0.550	-0.557	-0.731	-0.676	-0.688	-0.544	-0.651	-0.675	-0.738	-0.678	-0.654	-0.736	-0.655	-0.614	-0.735	-0.680	-0.658	-0.684	-0.605	-0.734	-0.752	-0.728	-0.605	-0.643	-0.743	-0.656	-0.743	-0.643	-0.597	-0.657	-0.743	-0.614	-0.589	-0.607	-0.643	-0.657	-0.608	-0.608	-0.657	-0.658	-0.645	-0.608	-0.657	-0.657	-0.596	-0.608	-0.644	-0.658	-0.657	-0.657	-0.608	-0.742	-0.652	-0.607	-0.651	-0.742	-0.657	-0.592	-0.642	-0.591	-0.607	-0.654	-0.607	-0.608	-0.607	-0.607	-0.591	-0.742	-0.665	-0.607	-0.656	-0.607	-0.607	-0.591	-0.607	-0.644	-0.659	-0.658	-0.601	-0.607	-0.742	-0.607	-0.604	-0.658	-0.660	-0.604	-0.742	-0.660	-0.590	-0.658	-0.607	-0.658	-0.742	-0.664	-0.590	-0.659	-0.742	-0.606	-0.658	-0.658	-0.607	-0.582	-0.658	-0.584	-0.675	-0.658	-0.584	-0.638	-0.643	-0.740	-0.740	-0.662	-0.740	-0.688	-0.606	-0.578	-0.741	-0.635	-0.578	-0.740	-0.579	-0.582	-0.598	-0.739	-0.739	-0.739	-0.685	-0.739	-0.739	-0.742	-0.739	-0.731	-0.739	
rs12590152     -0.328	-0.329	-0.320	-0.311	-0.359	-0.322	-0.362	-0.363	-0.322	-0.326	-0.320	-0.352	-0.171	-0.353	-0.352	-0.276	-0.382	-0.373	-0.373	-0.391	-0.379	-0.379	-0.329	-0.328	-0.239	-0.601	-0.591	-0.311	-0.598	-0.598	-0.562	-0.254	-0.600	-0.258	-0.394	-0.582	-0.745	-0.670	-0.696	-0.706	-0.640	-0.701	-0.701	-0.677	-0.693	-0.762	-0.670	-0.676	-0.704	-0.705	-0.564	-0.575	-0.582	-0.756	-0.701	-0.713	-0.569	-0.676	-0.700	-0.763	-0.703	-0.680	-0.761	-0.680	-0.639	-0.760	-0.705	-0.683	-0.709	-0.630	-0.759	-0.777	-0.754	-0.631	-0.668	-0.768	-0.681	-0.768	-0.669	-0.623	-0.682	-0.768	-0.640	-0.614	-0.632	-0.668	-0.682	-0.633	-0.633	-0.682	-0.683	-0.670	-0.633	-0.682	-0.682	-0.621	-0.633	-0.670	-0.683	-0.682	-0.682	-0.633	-0.767	-0.677	-0.633	-0.677	-0.767	-0.682	-0.617	-0.667	-0.617	-0.633	-0.680	-0.632	-0.633	-0.632	-0.632	-0.617	-0.768	-0.690	-0.632	-0.681	-0.632	-0.632	-0.617	-0.632	-0.669	-0.684	-0.683	-0.627	-0.632	-0.767	-0.632	-0.630	-0.683	-0.685	-0.630	-0.767	-0.686	-0.616	-0.683	-0.632	-0.683	-0.767	-0.689	-0.616	-0.685	-0.767	-0.632	-0.683	-0.683	-0.632	-0.607	-0.683	-0.610	-0.700	-0.683	-0.610	-0.663	-0.668	-0.765	-0.765	-0.688	-0.765	-0.713	-0.631	-0.604	-0.766	-0.660	-0.603	-0.765	-0.605	-0.608	-0.624	-0.764	-0.764	-0.764	-0.710	-0.764	-0.764	-0.767	-0.764	-0.756	-0.764	
rs8007471      -0.327	-0.327	-0.318	-0.308	-0.361	-0.320	-0.365	-0.366	-0.320	-0.324	-0.318	-0.353	-0.188	-0.353	-0.353	-0.382	-0.292	-0.381	-0.378	-0.410	-0.409	-0.409	-0.373	-0.371	-0.296	-0.616	-0.600	-0.358	-0.613	-0.613	-0.581	-0.307	-0.615	-0.303	-0.409	-0.596	-0.759	-0.685	-0.710	-0.720	-0.655	-0.715	-0.715	-0.691	-0.707	-0.776	-0.685	-0.690	-0.718	-0.719	-0.578	-0.589	-0.596	-0.770	-0.715	-0.728	-0.583	-0.690	-0.714	-0.777	-0.717	-0.694	-0.776	-0.695	-0.654	-0.775	-0.719	-0.697	-0.723	-0.644	-0.773	-0.791	-0.768	-0.645	-0.683	-0.782	-0.696	-0.782	-0.683	-0.637	-0.696	-0.782	-0.654	-0.629	-0.647	-0.683	-0.697	-0.647	-0.647	-0.696	-0.697	-0.684	-0.647	-0.696	-0.697	-0.636	-0.647	-0.684	-0.697	-0.696	-0.696	-0.647	-0.781	-0.691	-0.647	-0.691	-0.782	-0.696	-0.632	-0.681	-0.632	-0.647	-0.694	-0.647	-0.648	-0.647	-0.647	-0.631	-0.782	-0.704	-0.646	-0.695	-0.646	-0.646	-0.631	-0.646	-0.683	-0.698	-0.698	-0.641	-0.646	-0.782	-0.646	-0.644	-0.697	-0.699	-0.644	-0.781	-0.700	-0.630	-0.698	-0.646	-0.697	-0.781	-0.703	-0.630	-0.699	-0.781	-0.646	-0.697	-0.698	-0.646	-0.622	-0.698	-0.625	-0.714	-0.698	-0.624	-0.678	-0.682	-0.779	-0.779	-0.702	-0.779	-0.728	-0.645	-0.618	-0.780	-0.675	-0.618	-0.779	-0.619	-0.623	-0.638	-0.778	-0.778	-0.778	-0.724	-0.778	-0.778	-0.782	-0.778	-0.770	-0.778	
rs8013230      -0.328	-0.329	-0.321	-0.311	-0.359	-0.323	-0.362	-0.362	-0.323	-0.326	-0.321	-0.352	-0.169	-0.352	-0.352	-0.373	-0.381	-0.275	-0.371	-0.388	-0.374	-0.374	-0.323	-0.321	-0.231	-0.600	-0.590	-0.305	-0.596	-0.597	-0.561	-0.246	-0.598	-0.252	-0.393	-0.580	-0.744	-0.669	-0.694	-0.705	-0.639	-0.700	-0.700	-0.675	-0.692	-0.760	-0.669	-0.675	-0.703	-0.704	-0.563	-0.574	-0.581	-0.755	-0.700	-0.712	-0.568	-0.675	-0.699	-0.762	-0.702	-0.678	-0.760	-0.679	-0.638	-0.759	-0.703	-0.682	-0.708	-0.629	-0.758	-0.776	-0.752	-0.629	-0.667	-0.767	-0.680	-0.767	-0.667	-0.622	-0.681	-0.767	-0.638	-0.613	-0.631	-0.667	-0.681	-0.632	-0.632	-0.681	-0.682	-0.669	-0.632	-0.681	-0.681	-0.620	-0.632	-0.668	-0.682	-0.681	-0.681	-0.632	-0.766	-0.675	-0.631	-0.675	-0.766	-0.681	-0.616	-0.666	-0.616	-0.631	-0.678	-0.631	-0.632	-0.631	-0.631	-0.616	-0.766	-0.689	-0.631	-0.680	-0.631	-0.631	-0.615	-0.631	-0.668	-0.683	-0.682	-0.625	-0.631	-0.766	-0.631	-0.628	-0.682	-0.684	-0.628	-0.765	-0.684	-0.615	-0.682	-0.631	-0.682	-0.766	-0.688	-0.614	-0.683	-0.766	-0.631	-0.682	-0.682	-0.631	-0.606	-0.682	-0.609	-0.698	-0.682	-0.609	-0.662	-0.667	-0.763	-0.763	-0.686	-0.764	-0.712	-0.630	-0.602	-0.765	-0.659	-0.602	-0.764	-0.604	-0.607	-0.622	-0.763	-0.763	-0.763	-0.708	-0.763	-0.763	-0.766	-0.763	-0.754	-0.762	
rs12586222     -0.330	-0.331	-0.323	-0.314	-0.361	-0.325	-0.364	-0.364	-0.325	-0.328	-0.323	-0.357	-0.157	-0.357	-0.357	-0.373	-0.378	-0.371	-0.265	-0.375	-0.351	-0.350	-0.290	-0.288	-0.187	-0.590	-0.584	-0.271	-0.586	-0.587	-0.548	-0.206	-0.588	-0.218	-0.383	-0.571	-0.735	-0.660	-0.686	-0.696	-0.630	-0.691	-0.691	-0.666	-0.683	-0.751	-0.660	-0.667	-0.694	-0.695	-0.554	-0.564	-0.572	-0.746	-0.691	-0.704	-0.558	-0.666	-0.690	-0.752	-0.694	-0.670	-0.751	-0.671	-0.629	-0.750	-0.694	-0.673	-0.699	-0.619	-0.749	-0.767	-0.743	-0.621	-0.658	-0.757	-0.671	-0.758	-0.658	-0.612	-0.672	-0.758	-0.630	-0.603	-0.622	-0.658	-0.672	-0.622	-0.622	-0.671	-0.672	-0.661	-0.622	-0.671	-0.673	-0.610	-0.623	-0.659	-0.672	-0.672	-0.672	-0.623	-0.756	-0.667	-0.622	-0.667	-0.757	-0.672	-0.606	-0.657	-0.606	-0.622	-0.670	-0.622	-0.623	-0.622	-0.622	-0.606	-0.757	-0.680	-0.622	-0.671	-0.622	-0.622	-0.606	-0.622	-0.658	-0.675	-0.673	-0.616	-0.622	-0.757	-0.622	-0.619	-0.672	-0.675	-0.619	-0.756	-0.676	-0.605	-0.673	-0.621	-0.672	-0.757	-0.679	-0.605	-0.675	-0.757	-0.621	-0.672	-0.673	-0.622	-0.596	-0.673	-0.599	-0.690	-0.673	-0.599	-0.653	-0.658	-0.754	-0.754	-0.677	-0.754	-0.704	-0.620	-0.593	-0.755	-0.650	-0.592	-0.754	-0.594	-0.597	-0.613	-0.754	-0.754	-0.754	-0.700	-0.754	-0.754	-0.757	-0.754	-0.745	-0.753	
rs12587585     -0.318	-0.319	-0.309	-0.299	-0.348	-0.311	-0.354	-0.354	-0.312	-0.315	-0.312	-0.351	-0.215	-0.350	-0.349	-0.391	-0.410	-0.388	-0.375	-0.314	-0.423	-0.423	-0.401	-0.399	-0.328	-0.637	-0.611	-0.387	-0.633	-0.634	-0.606	-0.339	-0.635	-0.336	-0.431	-0.616	-0.779	-0.705	-0.731	-0.741	-0.675	-0.736	-0.736	-0.711	-0.727	-0.796	-0.705	-0.711	-0.739	-0.740	-0.598	-0.609	-0.616	-0.790	-0.735	-0.748	-0.603	-0.710	-0.734	-0.797	-0.738	-0.714	-0.795	-0.715	-0.674	-0.794	-0.739	-0.718	-0.744	-0.664	-0.793	-0.812	-0.788	-0.666	-0.703	-0.802	-0.716	-0.802	-0.703	-0.657	-0.716	-0.802	-0.675	-0.649	-0.667	-0.703	-0.717	-0.667	-0.667	-0.716	-0.717	-0.705	-0.667	-0.716	-0.717	-0.656	-0.667	-0.704	-0.717	-0.716	-0.716	-0.667	-0.801	-0.712	-0.667	-0.712	-0.801	-0.717	-0.652	-0.702	-0.652	-0.667	-0.715	-0.667	-0.668	-0.667	-0.667	-0.651	-0.802	-0.725	-0.666	-0.716	-0.666	-0.666	-0.651	-0.666	-0.703	-0.719	-0.718	-0.661	-0.666	-0.801	-0.666	-0.664	-0.717	-0.720	-0.664	-0.801	-0.721	-0.650	-0.718	-0.666	-0.717	-0.801	-0.724	-0.650	-0.719	-0.801	-0.666	-0.717	-0.718	-0.667	-0.642	-0.718	-0.645	-0.735	-0.718	-0.644	-0.698	-0.702	-0.799	-0.799	-0.722	-0.799	-0.748	-0.665	-0.638	-0.800	-0.695	-0.638	-0.799	-0.639	-0.642	-0.658	-0.798	-0.798	-0.798	-0.745	-0.798	-0.798	-0.801	-0.798	-0.790	-0.798	
rs12586760     -0.302	-0.303	-0.292	-0.280	-0.314	-0.294	-0.321	-0.323	-0.294	-0.298	-0.295	-0.319	-0.253	-0.317	-0.317	-0.379	-0.409	-0.374	-0.351	-0.423	-0.348	-0.453	-0.468	-0.467	-0.421	-0.668	-0.626	-0.461	-0.665	-0.665	-0.645	-0.428	-0.667	-0.415	-0.463	-0.647	-0.809	-0.734	-0.761	-0.771	-0.705	-0.766	-0.765	-0.741	-0.757	-0.825	-0.735	-0.741	-0.769	-0.770	-0.627	-0.638	-0.645	-0.820	-0.765	-0.778	-0.632	-0.740	-0.764	-0.826	-0.768	-0.744	-0.825	-0.745	-0.704	-0.824	-0.769	-0.747	-0.773	-0.695	-0.823	-0.841	-0.818	-0.696	-0.733	-0.832	-0.746	-0.832	-0.733	-0.688	-0.746	-0.832	-0.705	-0.679	-0.697	-0.733	-0.747	-0.697	-0.697	-0.746	-0.747	-0.735	-0.697	-0.746	-0.747	-0.686	-0.697	-0.734	-0.747	-0.746	-0.746	-0.698	-0.831	-0.742	-0.697	-0.742	-0.831	-0.746	-0.682	-0.732	-0.682	-0.697	-0.745	-0.697	-0.698	-0.697	-0.697	-0.682	-0.831	-0.754	-0.696	-0.746	-0.696	-0.696	-0.682	-0.696	-0.733	-0.749	-0.748	-0.691	-0.696	-0.831	-0.696	-0.694	-0.747	-0.750	-0.694	-0.830	-0.751	-0.681	-0.748	-0.696	-0.747	-0.831	-0.754	-0.681	-0.749	-0.831	-0.696	-0.747	-0.748	-0.697	-0.672	-0.748	-0.675	-0.765	-0.748	-0.675	-0.728	-0.732	-0.828	-0.828	-0.753	-0.828	-0.778	-0.695	-0.669	-0.830	-0.726	-0.668	-0.829	-0.670	-0.673	-0.689	-0.828	-0.828	-0.828	-0.774	-0.828	-0.828	-0.831	-0.828	-0.819	-0.827	
rs72666502     -0.301	-0.302	-0.291	-0.279	-0.313	-0.293	-0.321	-0.322	-0.293	-0.297	-0.294	-0.318	-0.255	-0.317	-0.316	-0.379	-0.409	-0.374	-0.350	-0.423	-0.453	-0.349	-0.471	-0.470	-0.425	-0.670	-0.626	-0.464	-0.666	-0.667	-0.646	-0.431	-0.668	-0.419	-0.465	-0.648	-0.810	-0.736	-0.762	-0.772	-0.706	-0.767	-0.767	-0.742	-0.758	-0.827	-0.736	-0.742	-0.770	-0.771	-0.629	-0.640	-0.647	-0.821	-0.766	-0.779	-0.633	-0.742	-0.765	-0.828	-0.769	-0.746	-0.826	-0.746	-0.705	-0.825	-0.770	-0.749	-0.775	-0.696	-0.824	-0.843	-0.819	-0.697	-0.734	-0.833	-0.747	-0.833	-0.734	-0.689	-0.748	-0.833	-0.706	-0.681	-0.698	-0.734	-0.748	-0.699	-0.699	-0.747	-0.749	-0.737	-0.699	-0.747	-0.749	-0.687	-0.699	-0.735	-0.748	-0.748	-0.748	-0.699	-0.832	-0.743	-0.698	-0.743	-0.833	-0.748	-0.684	-0.734	-0.683	-0.698	-0.746	-0.698	-0.700	-0.698	-0.698	-0.683	-0.833	-0.756	-0.698	-0.747	-0.698	-0.698	-0.683	-0.698	-0.734	-0.751	-0.749	-0.692	-0.698	-0.832	-0.698	-0.696	-0.748	-0.751	-0.695	-0.832	-0.752	-0.682	-0.749	-0.698	-0.748	-0.832	-0.755	-0.682	-0.751	-0.832	-0.697	-0.748	-0.749	-0.698	-0.674	-0.749	-0.676	-0.766	-0.749	-0.676	-0.730	-0.734	-0.830	-0.830	-0.754	-0.830	-0.780	-0.696	-0.670	-0.831	-0.727	-0.670	-0.830	-0.671	-0.674	-0.690	-0.829	-0.829	-0.829	-0.776	-0.829	-0.829	-0.833	-0.829	-0.821	-0.829	
rs12587101     -0.233	-0.234	-0.220	-0.206	-0.245	-0.221	-0.255	-0.256	-0.222	-0.227	-0.223	-0.249	-0.326	-0.248	-0.247	-0.329	-0.373	-0.323	-0.290	-0.401	-0.468	-0.471	-0.407	-0.519	-0.523	-0.722	-0.638	-0.527	-0.718	-0.718	-0.724	-0.528	-0.720	-0.530	-0.522	-0.701	-0.861	-0.788	-0.815	-0.824	-0.758	-0.818	-0.818	-0.794	-0.810	-0.878	-0.788	-0.794	-0.821	-0.822	-0.679	-0.690	-0.698	-0.873	-0.818	-0.831	-0.684	-0.794	-0.817	-0.880	-0.821	-0.797	-0.878	-0.798	-0.758	-0.877	-0.822	-0.800	-0.826	-0.749	-0.877	-0.895	-0.871	-0.749	-0.786	-0.885	-0.799	-0.885	-0.787	-0.742	-0.800	-0.885	-0.758	-0.734	-0.750	-0.786	-0.800	-0.751	-0.751	-0.799	-0.801	-0.788	-0.751	-0.799	-0.800	-0.740	-0.751	-0.788	-0.801	-0.800	-0.800	-0.751	-0.884	-0.795	-0.750	-0.795	-0.884	-0.799	-0.736	-0.785	-0.736	-0.750	-0.798	-0.750	-0.752	-0.750	-0.750	-0.736	-0.885	-0.807	-0.750	-0.799	-0.750	-0.750	-0.736	-0.750	-0.787	-0.802	-0.801	-0.744	-0.750	-0.884	-0.750	-0.748	-0.800	-0.803	-0.747	-0.884	-0.804	-0.735	-0.801	-0.750	-0.801	-0.884	-0.807	-0.735	-0.802	-0.884	-0.749	-0.801	-0.801	-0.750	-0.727	-0.801	-0.729	-0.818	-0.801	-0.729	-0.783	-0.786	-0.881	-0.881	-0.807	-0.882	-0.831	-0.748	-0.723	-0.883	-0.780	-0.723	-0.882	-0.724	-0.727	-0.744	-0.881	-0.881	-0.881	-0.827	-0.881	-0.881	-0.884	-0.881	-0.872	-0.880	
rs12590909     -0.232	-0.232	-0.218	-0.204	-0.243	-0.220	-0.253	-0.255	-0.220	-0.225	-0.221	-0.247	-0.327	-0.247	-0.246	-0.328	-0.371	-0.321	-0.288	-0.399	-0.467	-0.470	-0.519	-0.408	-0.525	-0.722	-0.638	-0.527	-0.718	-0.719	-0.724	-0.529	-0.720	-0.530	-0.522	-0.702	-0.862	-0.788	-0.815	-0.825	-0.759	-0.819	-0.819	-0.795	-0.810	-0.879	-0.788	-0.794	-0.822	-0.823	-0.680	-0.691	-0.698	-0.874	-0.819	-0.831	-0.685	-0.794	-0.818	-0.880	-0.821	-0.797	-0.879	-0.798	-0.758	-0.878	-0.822	-0.800	-0.827	-0.749	-0.877	-0.895	-0.872	-0.749	-0.787	-0.886	-0.800	-0.886	-0.787	-0.742	-0.800	-0.886	-0.758	-0.734	-0.751	-0.787	-0.800	-0.751	-0.751	-0.800	-0.801	-0.789	-0.751	-0.800	-0.801	-0.741	-0.751	-0.788	-0.801	-0.800	-0.800	-0.751	-0.884	-0.795	-0.751	-0.795	-0.885	-0.800	-0.737	-0.786	-0.737	-0.751	-0.798	-0.750	-0.753	-0.750	-0.750	-0.737	-0.885	-0.808	-0.750	-0.800	-0.750	-0.750	-0.736	-0.750	-0.787	-0.803	-0.802	-0.745	-0.750	-0.885	-0.750	-0.749	-0.801	-0.804	-0.748	-0.884	-0.804	-0.735	-0.802	-0.750	-0.801	-0.885	-0.807	-0.735	-0.803	-0.885	-0.750	-0.801	-0.802	-0.750	-0.727	-0.802	-0.730	-0.818	-0.802	-0.730	-0.783	-0.786	-0.882	-0.882	-0.807	-0.882	-0.832	-0.749	-0.724	-0.883	-0.781	-0.723	-0.882	-0.725	-0.728	-0.744	-0.882	-0.881	-0.881	-0.828	-0.881	-0.881	-0.885	-0.882	-0.873	-0.881	
rs56035112     -0.160	-0.161	-0.145	-0.129	-0.130	-0.145	-0.141	-0.143	-0.146	-0.151	-0.148	-0.135	-0.356	-0.136	-0.135	-0.239	-0.296	-0.231	-0.187	-0.328	-0.421	-0.425	-0.523	-0.525	-0.429	-0.744	-0.631	-0.539	-0.740	-0.741	-0.756	-0.548	-0.742	-0.569	-0.543	-0.721	-0.880	-0.807	-0.835	-0.845	-0.778	-0.838	-0.838	-0.813	-0.829	-0.898	-0.807	-0.813	-0.841	-0.842	-0.698	-0.709	-0.716	-0.892	-0.837	-0.851	-0.703	-0.813	-0.836	-0.899	-0.840	-0.817	-0.897	-0.817	-0.777	-0.896	-0.841	-0.819	-0.846	-0.769	-0.896	-0.914	-0.891	-0.769	-0.806	-0.904	-0.819	-0.905	-0.806	-0.762	-0.819	-0.905	-0.777	-0.754	-0.770	-0.806	-0.819	-0.770	-0.770	-0.819	-0.820	-0.808	-0.770	-0.819	-0.820	-0.760	-0.770	-0.807	-0.820	-0.819	-0.819	-0.770	-0.903	-0.815	-0.770	-0.814	-0.904	-0.819	-0.756	-0.805	-0.756	-0.770	-0.817	-0.769	-0.772	-0.769	-0.769	-0.756	-0.904	-0.827	-0.769	-0.819	-0.769	-0.769	-0.756	-0.769	-0.806	-0.822	-0.820	-0.763	-0.769	-0.904	-0.769	-0.768	-0.820	-0.823	-0.766	-0.903	-0.823	-0.755	-0.821	-0.769	-0.820	-0.904	-0.827	-0.755	-0.822	-0.904	-0.769	-0.820	-0.821	-0.769	-0.747	-0.821	-0.749	-0.837	-0.821	-0.749	-0.803	-0.805	-0.901	-0.901	-0.827	-0.901	-0.851	-0.767	-0.743	-0.902	-0.800	-0.743	-0.901	-0.744	-0.747	-0.764	-0.900	-0.900	-0.900	-0.847	-0.900	-0.900	-0.904	-0.900	-0.892	-0.900	
rs12050381     -0.454	-0.455	-0.448	-0.438	-0.574	-0.450	-0.580	-0.580	-0.451	-0.453	-0.450	-0.574	-0.364	-0.575	-0.575	-0.601	-0.616	-0.600	-0.590	-0.637	-0.668	-0.670	-0.722	-0.722	-0.744	-0.454	-0.649	-0.729	-0.570	-0.570	-0.737	-0.744	-0.573	-0.752	-0.563	-0.741	-0.901	-0.829	-0.859	-0.868	-0.800	-0.861	-0.861	-0.836	-0.851	-0.919	-0.830	-0.836	-0.865	-0.866	-0.716	-0.728	-0.735	-0.913	-0.860	-0.875	-0.721	-0.836	-0.859	-0.920	-0.863	-0.839	-0.918	-0.840	-0.799	-0.917	-0.863	-0.841	-0.869	-0.790	-0.919	-0.938	-0.913	-0.791	-0.828	-0.926	-0.841	-0.926	-0.828	-0.783	-0.841	-0.926	-0.800	-0.775	-0.792	-0.828	-0.842	-0.793	-0.793	-0.841	-0.842	-0.831	-0.793	-0.841	-0.843	-0.781	-0.793	-0.829	-0.842	-0.841	-0.841	-0.793	-0.925	-0.837	-0.792	-0.837	-0.925	-0.841	-0.778	-0.828	-0.777	-0.792	-0.840	-0.792	-0.794	-0.791	-0.791	-0.777	-0.925	-0.848	-0.791	-0.842	-0.791	-0.791	-0.777	-0.791	-0.828	-0.845	-0.843	-0.786	-0.791	-0.925	-0.791	-0.790	-0.842	-0.846	-0.789	-0.925	-0.846	-0.776	-0.843	-0.791	-0.842	-0.925	-0.849	-0.776	-0.845	-0.925	-0.791	-0.842	-0.843	-0.791	-0.768	-0.843	-0.771	-0.860	-0.843	-0.770	-0.827	-0.827	-0.922	-0.922	-0.850	-0.922	-0.874	-0.790	-0.764	-0.923	-0.825	-0.764	-0.922	-0.765	-0.769	-0.787	-0.922	-0.921	-0.921	-0.870	-0.921	-0.921	-0.925	-0.922	-0.912	-0.921	
rs10872845     -0.496	-0.496	-0.490	-0.483	-0.574	-0.493	-0.578	-0.578	-0.493	-0.495	-0.492	-0.575	-0.171	-0.575	-0.575	-0.591	-0.600	-0.590	-0.584	-0.611	-0.626	-0.626	-0.638	-0.638	-0.631	-0.649	-0.358	-0.637	-0.650	-0.650	-0.428	-0.630	-0.650	-0.610	-0.454	-0.642	-0.809	-0.738	-0.767	-0.773	-0.707	-0.773	-0.772	-0.744	-0.760	-0.826	-0.739	-0.748	-0.777	-0.778	-0.629	-0.640	-0.647	-0.819	-0.768	-0.786	-0.634	-0.744	-0.767	-0.826	-0.775	-0.751	-0.825	-0.752	-0.703	-0.824	-0.771	-0.751	-0.780	-0.693	-0.826	-0.847	-0.820	-0.702	-0.735	-0.833	-0.748	-0.833	-0.735	-0.685	-0.748	-0.833	-0.711	-0.675	-0.699	-0.735	-0.749	-0.700	-0.700	-0.748	-0.749	-0.742	-0.700	-0.748	-0.754	-0.683	-0.700	-0.736	-0.749	-0.748	-0.749	-0.700	-0.832	-0.748	-0.699	-0.748	-0.832	-0.750	-0.679	-0.739	-0.678	-0.699	-0.751	-0.699	-0.696	-0.699	-0.699	-0.678	-0.832	-0.758	-0.699	-0.752	-0.699	-0.699	-0.678	-0.699	-0.735	-0.756	-0.749	-0.693	-0.699	-0.832	-0.699	-0.697	-0.749	-0.757	-0.696	-0.831	-0.757	-0.677	-0.749	-0.699	-0.749	-0.832	-0.760	-0.677	-0.756	-0.832	-0.698	-0.747	-0.749	-0.699	-0.668	-0.749	-0.671	-0.771	-0.748	-0.671	-0.730	-0.734	-0.829	-0.829	-0.753	-0.829	-0.784	-0.697	-0.664	-0.830	-0.728	-0.664	-0.829	-0.665	-0.669	-0.686	-0.828	-0.828	-0.828	-0.780	-0.828	-0.828	-0.832	-0.828	-0.819	-0.827	
rs67216182     -0.213	-0.214	-0.200	-0.185	-0.220	-0.201	-0.231	-0.232	-0.201	-0.206	-0.203	-0.224	-0.336	-0.225	-0.224	-0.311	-0.358	-0.305	-0.271	-0.387	-0.461	-0.464	-0.527	-0.527	-0.539	-0.729	-0.637	-0.415	-0.725	-0.726	-0.734	-0.538	-0.727	-0.542	-0.529	-0.708	-0.868	-0.794	-0.822	-0.831	-0.765	-0.825	-0.825	-0.801	-0.816	-0.885	-0.794	-0.801	-0.828	-0.829	-0.686	-0.697	-0.704	-0.880	-0.825	-0.838	-0.690	-0.800	-0.824	-0.886	-0.828	-0.804	-0.885	-0.805	-0.764	-0.884	-0.828	-0.807	-0.833	-0.756	-0.883	-0.901	-0.878	-0.756	-0.793	-0.892	-0.806	-0.892	-0.793	-0.749	-0.806	-0.892	-0.765	-0.740	-0.757	-0.793	-0.807	-0.757	-0.757	-0.806	-0.807	-0.795	-0.758	-0.806	-0.807	-0.747	-0.758	-0.794	-0.807	-0.806	-0.806	-0.758	-0.890	-0.802	-0.757	-0.802	-0.891	-0.806	-0.743	-0.792	-0.743	-0.757	-0.805	-0.757	-0.759	-0.757	-0.757	-0.743	-0.891	-0.814	-0.756	-0.806	-0.756	-0.756	-0.743	-0.756	-0.793	-0.809	-0.808	-0.751	-0.756	-0.891	-0.756	-0.755	-0.807	-0.810	-0.754	-0.890	-0.810	-0.742	-0.808	-0.756	-0.807	-0.891	-0.814	-0.742	-0.809	-0.891	-0.756	-0.807	-0.808	-0.757	-0.734	-0.808	-0.736	-0.824	-0.808	-0.736	-0.790	-0.792	-0.888	-0.888	-0.814	-0.888	-0.838	-0.755	-0.730	-0.889	-0.787	-0.730	-0.888	-0.731	-0.734	-0.751	-0.888	-0.887	-0.887	-0.834	-0.887	-0.887	-0.891	-0.888	-0.879	-0.887	
rs12050096     -0.450	-0.451	-0.444	-0.434	-0.570	-0.446	-0.576	-0.576	-0.447	-0.449	-0.446	-0.571	-0.359	-0.571	-0.571	-0.598	-0.613	-0.596	-0.586	-0.633	-0.665	-0.666	-0.718	-0.718	-0.740	-0.570	-0.650	-0.725	-0.450	-0.569	-0.732	-0.740	-0.570	-0.748	-0.559	-0.738	-0.898	-0.826	-0.856	-0.864	-0.797	-0.858	-0.858	-0.833	-0.848	-0.916	-0.827	-0.833	-0.862	-0.863	-0.712	-0.724	-0.732	-0.909	-0.856	-0.871	-0.718	-0.832	-0.855	-0.916	-0.860	-0.836	-0.915	-0.837	-0.796	-0.914	-0.860	-0.837	-0.866	-0.786	-0.915	-0.934	-0.909	-0.788	-0.825	-0.923	-0.838	-0.923	-0.825	-0.779	-0.838	-0.923	-0.797	-0.771	-0.789	-0.825	-0.838	-0.789	-0.789	-0.838	-0.839	-0.828	-0.789	-0.838	-0.840	-0.778	-0.789	-0.826	-0.839	-0.838	-0.838	-0.789	-0.921	-0.834	-0.789	-0.834	-0.922	-0.837	-0.774	-0.825	-0.774	-0.789	-0.837	-0.788	-0.790	-0.788	-0.788	-0.774	-0.922	-0.845	-0.788	-0.838	-0.788	-0.788	-0.774	-0.788	-0.825	-0.842	-0.839	-0.782	-0.788	-0.922	-0.788	-0.787	-0.839	-0.842	-0.785	-0.921	-0.843	-0.773	-0.839	-0.788	-0.839	-0.922	-0.846	-0.773	-0.842	-0.922	-0.787	-0.839	-0.839	-0.788	-0.764	-0.839	-0.767	-0.857	-0.839	-0.767	-0.824	-0.824	-0.919	-0.919	-0.847	-0.919	-0.870	-0.786	-0.761	-0.920	-0.821	-0.761	-0.919	-0.762	-0.765	-0.784	-0.918	-0.918	-0.918	-0.867	-0.918	-0.918	-0.922	-0.918	-0.909	-0.918	
rs12050295     -0.451	-0.451	-0.444	-0.434	-0.570	-0.447	-0.577	-0.577	-0.447	-0.450	-0.446	-0.571	-0.360	-0.572	-0.572	-0.598	-0.613	-0.597	-0.587	-0.634	-0.665	-0.667	-0.718	-0.719	-0.741	-0.570	-0.650	-0.726	-0.569	-0.451	-0.732	-0.741	-0.570	-0.748	-0.559	-0.738	-0.898	-0.826	-0.856	-0.865	-0.797	-0.858	-0.858	-0.833	-0.848	-0.916	-0.827	-0.833	-0.862	-0.863	-0.713	-0.725	-0.732	-0.910	-0.857	-0.872	-0.718	-0.833	-0.856	-0.917	-0.861	-0.836	-0.915	-0.837	-0.796	-0.914	-0.861	-0.838	-0.866	-0.787	-0.916	-0.935	-0.910	-0.788	-0.825	-0.923	-0.838	-0.923	-0.825	-0.780	-0.838	-0.924	-0.797	-0.772	-0.789	-0.825	-0.839	-0.790	-0.790	-0.838	-0.839	-0.828	-0.790	-0.838	-0.841	-0.778	-0.790	-0.826	-0.839	-0.839	-0.838	-0.790	-0.922	-0.835	-0.789	-0.834	-0.922	-0.838	-0.775	-0.825	-0.774	-0.789	-0.837	-0.789	-0.790	-0.789	-0.788	-0.774	-0.922	-0.845	-0.788	-0.839	-0.788	-0.788	-0.774	-0.788	-0.825	-0.842	-0.840	-0.783	-0.788	-0.922	-0.788	-0.787	-0.839	-0.843	-0.786	-0.922	-0.843	-0.773	-0.840	-0.788	-0.839	-0.922	-0.847	-0.773	-0.842	-0.922	-0.788	-0.839	-0.840	-0.788	-0.765	-0.840	-0.767	-0.857	-0.840	-0.767	-0.824	-0.824	-0.919	-0.919	-0.847	-0.919	-0.871	-0.787	-0.761	-0.920	-0.822	-0.761	-0.919	-0.762	-0.765	-0.784	-0.919	-0.918	-0.918	-0.867	-0.918	-0.918	-0.922	-0.919	-0.909	-0.918	
