## Summary of overall evidence for association with region:
## log10(BF for region) = 1.73335
## p-value for region = NA

## BFs for choosing among multi-SNP models:
## log10(average 1-SNP BF) = 1.70391
## log10(average 2-SNP BF) = 1.78685

## Example posterior probabilities for multi-SNP models, based on default prior: [p(l) propto 0.5^l for l=1,2,...,L]
## posterior probability of 1-SNP = 0.622971
## posterior probability of 2-SNP = 0.377029

## log10(BF) for single SNP and pair of SNPs:
rs1595810      -0.570	-0.704	-0.705	-0.861	-1.007	-0.917	-1.031	-1.009	-0.896	-0.806	-0.752	-0.608	-0.624	-0.865	-0.856	-0.396	-0.858	-0.869	-0.870	-0.862	-0.903	-0.595	-0.550	-0.550	-0.552	-0.615	-0.544	-0.666	-0.635	-0.602	-0.601	-0.589	-0.573	-0.580	-0.580	-0.580	-0.571	-0.567	-0.209	-0.930	-0.927	-0.907	-0.903	-1.054	-0.927	-0.926	-1.052	-0.925	-1.044	-0.926	-0.928	-0.928	-0.929	-0.927	-0.957	-0.411	-0.926	-0.919	-0.917	-0.917	-0.917	-0.917	-0.917	-0.923	-0.917	-0.924	-0.928	-0.956	-0.931	-0.931	-0.437	-0.984	-0.430	-0.910	-0.921	-0.917	-0.917	-0.917	-0.916	-0.917	-0.882	-0.582	-0.565	-0.901	-0.964	-0.958	-0.963	-0.963	-0.978	-0.556	-0.964	+0.248	-0.938	-0.937	-0.935	+1.173	-1.016	-1.017	-1.014	-1.014	-1.011	-1.010	-1.019	-1.010	-1.009	-1.006	-1.006	+1.435	+1.568	+3.371	-0.945	-1.039	-0.881	-1.061	-1.061	-1.061	-1.061	-0.868	-1.041	-1.041	-0.847	-1.041	-1.041	-0.843	-1.041	-0.809	-0.826	-0.807	-0.805	-1.043	-0.024	-0.200	-0.199	-0.026	+0.131	-0.038	+0.265	+0.331	-0.637	+0.280	+0.310	+0.417	+0.455	-0.761	-0.653	-0.761	+0.374	+0.332	-0.751	-0.760	+0.366	-0.645	-0.753	-0.993	-0.586	-0.586	-0.549	-0.456	-0.790	-0.461	-0.758	-0.560	-0.419	-0.747	-0.226	-0.483	-0.661	-0.382	-0.723	+0.224	-0.720	-0.743	-0.736	-0.742	-0.735	-0.741	-0.726	-0.740	-0.730	-0.736	-0.750	-0.669	-0.625	-0.785	-0.785	-0.785	-0.785	-0.785	-0.785	-0.785	-0.785	-0.785	
rs2581055      -0.704	-0.570	-0.700	-0.861	-1.007	-0.916	-1.030	-1.008	-0.896	-0.805	-0.751	-0.608	-0.624	-0.864	-0.855	-0.395	-0.857	-0.867	-0.868	-0.861	-0.902	-0.594	-0.549	-0.549	-0.552	-0.614	-0.543	-0.665	-0.635	-0.601	-0.601	-0.588	-0.572	-0.580	-0.580	-0.580	-0.571	-0.566	-0.208	-0.929	-0.927	-0.907	-0.902	-1.053	-0.926	-0.925	-1.051	-0.925	-1.043	-0.925	-0.928	-0.928	-0.929	-0.927	-0.956	-0.411	-0.926	-0.919	-0.917	-0.917	-0.917	-0.917	-0.917	-0.922	-0.917	-0.924	-0.928	-0.956	-0.930	-0.930	-0.436	-0.984	-0.429	-0.910	-0.920	-0.917	-0.917	-0.917	-0.915	-0.917	-0.882	-0.582	-0.565	-0.901	-0.963	-0.958	-0.962	-0.962	-0.977	-0.555	-0.963	+0.249	-0.938	-0.936	-0.934	+1.173	-1.016	-1.016	-1.013	-1.013	-1.011	-1.009	-1.018	-1.009	-1.009	-1.005	-1.006	+1.435	+1.569	+3.370	-0.945	-1.038	-0.881	-1.060	-1.061	-1.060	-1.060	-0.868	-1.040	-1.041	-0.846	-1.041	-1.041	-0.843	-1.041	-0.809	-0.826	-0.806	-0.805	-1.043	-0.024	-0.199	-0.199	-0.026	+0.131	-0.038	+0.266	+0.331	-0.637	+0.281	+0.311	+0.417	+0.455	-0.760	-0.652	-0.760	+0.374	+0.333	-0.750	-0.760	+0.366	-0.645	-0.753	-0.992	-0.586	-0.585	-0.549	-0.455	-0.790	-0.460	-0.757	-0.560	-0.419	-0.747	-0.226	-0.483	-0.661	-0.381	-0.722	+0.225	-0.719	-0.743	-0.736	-0.741	-0.735	-0.741	-0.726	-0.740	-0.730	-0.736	-0.749	-0.668	-0.624	-0.785	-0.785	-0.785	-0.785	-0.785	-0.785	-0.785	-0.784	-0.784	
rs2581054      -0.705	-0.700	-0.569	-0.857	-1.007	-0.913	-1.030	-1.008	-0.897	-0.804	-0.755	-0.609	-0.624	-0.865	-0.856	-0.399	-0.858	-0.868	-0.869	-0.862	-0.901	-0.595	-0.550	-0.551	-0.553	-0.615	-0.545	-0.666	-0.635	-0.602	-0.601	-0.588	-0.573	-0.580	-0.580	-0.580	-0.571	-0.567	-0.209	-0.928	-0.926	-0.906	-0.901	-1.052	-0.925	-0.924	-1.050	-0.923	-1.042	-0.924	-0.927	-0.927	-0.927	-0.926	-0.955	-0.410	-0.925	-0.918	-0.916	-0.916	-0.916	-0.916	-0.916	-0.921	-0.916	-0.923	-0.927	-0.955	-0.930	-0.929	-0.436	-0.983	-0.429	-0.909	-0.919	-0.916	-0.916	-0.916	-0.914	-0.915	-0.881	-0.580	-0.563	-0.900	-0.962	-0.957	-0.961	-0.962	-0.976	-0.554	-0.962	+0.251	-0.937	-0.935	-0.933	+1.175	-1.014	-1.015	-1.012	-1.012	-1.009	-1.008	-1.017	-1.008	-1.008	-1.004	-1.005	+1.437	+1.570	+3.374	-0.943	-1.037	-0.879	-1.059	-1.060	-1.059	-1.059	-0.866	-1.039	-1.040	-0.845	-1.040	-1.040	-0.841	-1.040	-0.807	-0.824	-0.804	-0.803	-1.041	-0.023	-0.198	-0.198	-0.025	+0.132	-0.036	+0.267	+0.332	-0.635	+0.282	+0.312	+0.419	+0.456	-0.759	-0.651	-0.759	+0.375	+0.334	-0.749	-0.759	+0.368	-0.644	-0.752	-0.991	-0.584	-0.584	-0.547	-0.454	-0.789	-0.459	-0.756	-0.559	-0.417	-0.746	-0.224	-0.481	-0.660	-0.380	-0.721	+0.225	-0.718	-0.742	-0.735	-0.740	-0.734	-0.740	-0.724	-0.739	-0.728	-0.734	-0.748	-0.667	-0.623	-0.784	-0.784	-0.784	-0.784	-0.784	-0.784	-0.784	-0.783	-0.783	
rs4009152      -0.861	-0.861	-0.857	-0.477	-0.553	-0.586	-0.571	-0.782	-0.712	-0.733	-0.100	-0.597	-0.611	-0.802	-0.790	-0.217	-0.793	-0.807	-0.809	-0.796	-0.854	-0.586	-0.538	-0.538	-0.541	-0.603	-0.532	-0.647	-0.621	-0.512	-0.512	-0.499	-0.483	-0.491	-0.491	-0.491	-0.481	-0.477	-0.112	-0.828	-0.822	-0.792	-0.775	-0.968	-0.830	-0.831	-0.966	-0.834	-0.953	-0.834	-0.827	-0.827	-0.839	-0.838	-0.853	-0.306	-0.819	-0.808	-0.805	-0.804	-0.804	-0.804	-0.804	-0.814	-0.804	-0.816	-0.825	-0.873	-0.847	-0.830	-0.329	-0.900	-0.322	-0.796	-0.811	-0.807	-0.806	-0.808	-0.805	-0.823	-0.788	-0.520	-0.474	-0.835	-0.871	-0.866	-0.870	-0.870	-0.892	-0.464	-0.871	+0.433	-0.823	-0.822	-0.820	+1.418	-0.907	-0.932	-0.906	-0.906	-0.903	-0.902	-0.913	-0.901	-0.901	-0.897	-0.898	+1.705	+1.843	+3.807	-0.845	-0.949	-0.769	-0.971	-0.971	-0.971	-0.971	-0.755	-0.950	-0.951	-0.733	-0.951	-0.951	-0.729	-0.951	-0.693	-0.721	-0.692	-0.690	-0.953	+0.179	-0.003	-0.002	+0.173	+0.338	+0.147	+0.507	+0.575	-0.477	+0.525	+0.557	+0.652	+0.692	-0.659	-0.494	-0.658	+0.621	+0.577	-0.665	-0.658	+0.613	-0.488	-0.651	-0.884	-0.449	-0.421	-0.386	-0.314	-0.665	-0.318	-0.655	-0.398	-0.274	-0.644	-0.049	-0.342	-0.524	-0.206	-0.619	+0.469	-0.615	-0.610	-0.603	-0.609	-0.602	-0.608	-0.593	-0.607	-0.596	-0.602	-0.618	-0.533	-0.485	-0.685	-0.685	-0.684	-0.684	-0.684	-0.684	-0.684	-0.684	-0.683	
rs2716621      -1.007	-1.007	-1.007	-0.553	-0.623	-0.664	-0.871	-0.996	-0.923	-0.831	-0.630	-0.681	-0.696	-0.983	-0.980	-0.426	-0.981	-0.985	-0.985	-0.982	-1.006	-0.668	-0.624	-0.624	-0.627	-0.687	-0.619	-0.737	-0.707	-0.673	-0.673	-0.660	-0.645	-0.652	-0.652	-0.652	-0.644	-0.639	-0.290	-0.979	-0.977	-0.959	-0.967	-1.110	-0.973	-0.971	-1.108	-0.970	-1.092	-0.971	-0.976	-0.976	-0.994	-0.971	-1.011	-0.484	-0.976	-0.970	-0.969	-0.969	-0.969	-0.969	-0.968	-0.973	-0.968	-0.974	-0.977	-1.008	-0.983	-0.979	-0.509	-1.036	-0.502	-0.962	-0.971	-0.969	-0.968	-0.968	-0.967	-0.965	-0.933	-0.633	-0.631	-0.947	-1.013	-1.008	-1.013	-1.013	-1.028	-0.622	-1.013	+0.169	-0.994	-0.992	-0.990	+1.085	-1.069	-1.064	-1.067	-1.067	-1.064	-1.063	-1.071	-1.063	-1.062	-1.059	-1.059	+1.347	+1.480	+3.262	-0.996	-1.088	-0.941	-1.110	-1.110	-1.110	-1.109	-0.929	-1.091	-1.091	-0.908	-1.091	-1.091	-0.904	-1.091	-0.871	-0.886	-0.868	-0.867	-1.093	-0.097	-0.272	-0.272	-0.099	+0.057	-0.108	+0.188	+0.254	-0.705	+0.203	+0.233	+0.342	+0.380	-0.814	-0.721	-0.814	+0.296	+0.255	-0.805	-0.814	+0.288	-0.714	-0.807	-1.047	-0.644	-0.656	-0.619	-0.515	-0.852	-0.520	-0.811	-0.631	-0.479	-0.801	-0.293	-0.542	-0.719	-0.446	-0.777	+0.148	-0.774	-0.800	-0.793	-0.798	-0.792	-0.798	-0.782	-0.797	-0.787	-0.793	-0.806	-0.726	-0.682	-0.838	-0.838	-0.838	-0.838	-0.838	-0.838	-0.838	-0.838	-0.837	
rs12623991     -0.917	-0.916	-0.913	-0.586	-0.664	-0.529	-0.683	-0.853	-0.777	-0.779	-0.230	-0.631	-0.645	-0.862	-0.851	-0.284	-0.854	-0.867	-0.869	-0.857	-0.910	-0.619	-0.573	-0.573	-0.576	-0.637	-0.567	-0.683	-0.655	-0.563	-0.562	-0.549	-0.534	-0.541	-0.541	-0.541	-0.532	-0.528	-0.165	-0.880	-0.875	-0.846	-0.831	-1.018	-0.881	-0.882	-1.016	-0.884	-1.004	-0.884	-0.879	-0.879	-0.890	-0.888	-0.905	-0.359	-0.872	-0.861	-0.858	-0.858	-0.858	-0.858	-0.858	-0.867	-0.858	-0.869	-0.877	-0.922	-0.896	-0.882	-0.382	-0.950	-0.375	-0.849	-0.864	-0.860	-0.860	-0.861	-0.858	-0.874	-0.839	-0.565	-0.525	-0.881	-0.921	-0.916	-0.920	-0.920	-0.942	-0.516	-0.921	+0.370	-0.877	-0.876	-0.874	+1.343	-0.960	-0.981	-0.959	-0.959	-0.956	-0.955	-0.966	-0.954	-0.954	-0.950	-0.951	+1.626	+1.764	+3.710	-0.898	-0.999	-0.824	-1.021	-1.021	-1.021	-1.021	-0.810	-1.001	-1.001	-0.788	-1.001	-1.001	-0.784	-1.001	-0.748	-0.775	-0.747	-0.745	-1.003	+0.112	-0.069	-0.068	+0.106	+0.270	+0.082	+0.434	+0.502	-0.538	+0.452	+0.483	+0.580	+0.620	-0.711	-0.555	-0.711	+0.547	+0.504	-0.715	-0.711	+0.539	-0.548	-0.703	-0.937	-0.507	-0.483	-0.447	-0.373	-0.721	-0.378	-0.708	-0.460	-0.334	-0.697	-0.114	-0.401	-0.582	-0.270	-0.671	+0.395	-0.668	-0.668	-0.660	-0.666	-0.660	-0.666	-0.651	-0.665	-0.654	-0.660	-0.675	-0.591	-0.544	-0.737	-0.737	-0.737	-0.736	-0.736	-0.736	-0.736	-0.736	-0.736	
rs1530145      -1.031	-1.030	-1.030	-0.571	-0.871	-0.683	-0.642	-0.982	-0.904	-0.852	-0.442	-0.681	-0.697	-1.002	-0.997	-0.374	-0.998	-1.004	-1.004	-1.000	-1.027	-0.669	-0.621	-0.621	-0.624	-0.689	-0.615	-0.740	-0.710	-0.682	-0.681	-0.669	-0.654	-0.661	-0.661	-0.661	-0.652	-0.648	-0.297	-0.997	-0.995	-0.977	-0.979	-1.127	-0.991	-0.990	-1.126	-0.988	-1.110	-0.989	-0.994	-0.994	-1.012	-0.990	-1.028	-0.488	-0.994	-0.988	-0.986	-0.986	-0.986	-0.986	-0.986	-0.991	-0.986	-0.992	-0.995	-1.022	-0.996	-0.997	-0.514	-1.051	-0.507	-0.979	-0.989	-0.986	-0.986	-0.986	-0.984	-0.983	-0.950	-0.651	-0.644	-0.966	-1.032	-1.027	-1.031	-1.032	-1.046	-0.634	-1.032	+0.162	-1.010	-1.009	-1.007	+1.081	-1.086	-1.083	-1.084	-1.084	-1.081	-1.080	-1.089	-1.080	-1.080	-1.076	-1.077	+1.344	+1.477	+3.259	-1.016	-1.107	-0.958	-1.128	-1.128	-1.128	-1.128	-0.946	-1.109	-1.110	-0.925	-1.110	-1.110	-0.921	-1.110	-0.888	-0.904	-0.886	-0.884	-1.112	-0.106	-0.281	-0.281	-0.108	+0.048	-0.122	+0.181	+0.246	-0.717	+0.196	+0.226	+0.332	+0.370	-0.831	-0.732	-0.831	+0.289	+0.248	-0.823	-0.831	+0.281	-0.725	-0.824	-1.064	-0.663	-0.666	-0.630	-0.534	-0.867	-0.539	-0.828	-0.641	-0.498	-0.818	-0.308	-0.561	-0.737	-0.461	-0.793	+0.141	-0.790	-0.818	-0.811	-0.817	-0.810	-0.816	-0.801	-0.815	-0.805	-0.811	-0.824	-0.744	-0.701	-0.855	-0.855	-0.855	-0.855	-0.855	-0.855	-0.855	-0.855	-0.854	
rs6432244      -1.009	-1.008	-1.008	-0.782	-0.996	-0.853	-0.982	-0.604	-0.806	-0.792	-0.799	-0.659	-0.675	-0.982	-0.978	-0.228	-0.979	-0.983	-0.984	-0.980	-1.004	-0.648	-0.598	-0.598	-0.601	-0.667	-0.592	-0.718	-0.688	-0.646	-0.646	-0.633	-0.618	-0.625	-0.625	-0.625	-0.617	-0.612	-0.266	-0.960	-0.957	-0.935	-0.952	-1.089	-0.958	-0.957	-1.088	-0.957	-1.074	-0.957	-0.960	-0.960	-0.985	-0.958	-0.993	-0.461	-0.958	-0.951	-0.949	-0.949	-0.949	-0.949	-0.949	-0.954	-0.949	-0.956	-0.960	-0.991	-0.967	-0.962	-0.485	-1.019	-0.478	-0.942	-0.952	-0.949	-0.949	-0.949	-0.947	-0.948	-0.899	-0.624	-0.591	-0.933	-0.998	-0.992	-0.997	-0.997	-1.005	-0.582	-0.998	+0.200	-0.974	-0.972	-0.970	+1.096	-1.049	-1.048	-1.046	-1.046	-1.043	-1.042	-1.051	-1.042	-1.042	-1.038	-1.039	+1.357	+1.490	+3.287	-0.978	-1.070	-0.928	-1.091	-1.091	-1.091	-1.090	-0.916	-1.073	-1.073	-0.895	-1.073	-1.073	-0.891	-1.073	-0.859	-0.876	-0.857	-0.855	-1.075	-0.089	-0.263	-0.263	-0.090	+0.064	-0.107	+0.202	+0.267	-0.682	+0.216	+0.246	+0.354	+0.392	-0.781	-0.698	-0.781	+0.309	+0.268	-0.790	-0.781	+0.301	-0.690	-0.774	-1.024	-0.638	-0.632	-0.595	-0.510	-0.839	-0.515	-0.778	-0.607	-0.474	-0.767	-0.271	-0.537	-0.711	-0.425	-0.740	+0.161	-0.737	-0.791	-0.784	-0.790	-0.784	-0.789	-0.774	-0.789	-0.778	-0.784	-0.797	-0.719	-0.677	-0.806	-0.806	-0.806	-0.805	-0.805	-0.805	-0.805	-0.805	-0.805	
rs4477888      -0.896	-0.896	-0.897	-0.712	-0.923	-0.777	-0.904	-0.806	-0.489	-0.741	-0.755	-0.609	-0.623	-0.881	-0.878	-0.284	-0.878	-0.882	-0.882	-0.880	-0.900	-0.598	-0.556	-0.556	-0.559	-0.615	-0.551	-0.660	-0.633	-0.558	-0.557	-0.545	-0.531	-0.538	-0.538	-0.538	-0.529	-0.525	-0.190	-0.839	-0.833	-0.800	-0.860	-0.985	-0.847	-0.847	-0.984	-0.849	-0.966	-0.850	-0.847	-0.847	-0.887	-0.852	-0.880	-0.381	-0.842	-0.832	-0.830	-0.830	-0.830	-0.830	-0.830	-0.837	-0.830	-0.839	-0.845	-0.893	-0.872	-0.849	-0.404	-0.918	-0.397	-0.821	-0.834	-0.830	-0.830	-0.830	-0.828	-0.838	-0.765	-0.537	-0.456	-0.823	-0.892	-0.886	-0.891	-0.892	-0.887	-0.447	-0.892	+0.290	-0.872	-0.870	-0.868	+1.194	-0.944	-0.933	-0.942	-0.942	-0.940	-0.939	-0.947	-0.938	-0.938	-0.935	-0.935	+1.453	+1.587	+3.424	-0.871	-0.961	-0.831	-0.980	-0.980	-0.979	-0.979	-0.819	-0.964	-0.964	-0.800	-0.964	-0.964	-0.796	-0.964	-0.765	-0.780	-0.762	-0.761	-0.966	-0.006	-0.179	-0.178	-0.006	+0.144	-0.028	+0.287	+0.352	-0.576	+0.302	+0.331	+0.447	+0.485	-0.668	-0.593	-0.667	+0.394	+0.354	-0.681	-0.667	+0.387	-0.584	-0.660	-0.914	-0.540	-0.527	-0.491	-0.414	-0.739	-0.419	-0.664	-0.503	-0.379	-0.652	-0.169	-0.440	-0.613	-0.324	-0.625	+0.245	-0.621	-0.692	-0.685	-0.691	-0.685	-0.690	-0.675	-0.690	-0.679	-0.685	-0.698	-0.622	-0.580	-0.692	-0.692	-0.692	-0.692	-0.692	-0.692	-0.692	-0.691	-0.691	
rs74519310     -0.806	-0.805	-0.804	-0.733	-0.831	-0.779	-0.852	-0.792	-0.741	-0.368	-0.634	-0.440	-0.455	-0.767	-0.759	-0.247	-0.761	-0.770	-0.771	-0.764	-0.792	-0.427	-0.386	-0.386	-0.389	-0.446	-0.380	-0.496	-0.466	-0.428	-0.427	-0.414	-0.399	-0.406	-0.406	-0.406	-0.397	-0.393	-0.039	-0.732	-0.727	-0.697	-0.724	-0.867	-0.735	-0.735	-0.865	-0.738	-0.859	-0.739	-0.736	-0.735	-0.731	-0.741	-0.762	-0.234	-0.731	-0.721	-0.718	-0.718	-0.718	-0.718	-0.718	-0.726	-0.718	-0.728	-0.735	-0.782	-0.758	-0.739	-0.259	-0.808	-0.252	-0.709	-0.723	-0.719	-0.719	-0.719	-0.717	-0.729	-0.689	-0.412	-0.363	-0.716	-0.783	-0.777	-0.782	-0.782	-0.794	-0.354	-0.783	+0.424	-0.762	-0.760	-0.758	+1.439	-0.837	-0.829	-0.836	-0.836	-0.833	-0.832	-0.841	-0.832	-0.832	-0.828	-0.829	+1.708	+1.846	+3.652	-0.767	-0.857	-0.706	-0.878	-0.878	-0.878	-0.878	-0.694	-0.859	-0.860	-0.673	-0.860	-0.860	-0.669	-0.860	-0.636	-0.652	-0.633	-0.632	-0.862	+0.186	+0.008	+0.008	+0.180	+0.338	+0.167	+0.467	+0.534	-0.445	+0.483	+0.513	+0.629	+0.667	-0.576	-0.461	-0.576	+0.577	+0.536	-0.561	-0.576	+0.570	-0.453	-0.569	-0.811	-0.399	-0.392	-0.357	-0.267	-0.599	-0.272	-0.573	-0.369	-0.230	-0.563	-0.041	-0.295	-0.473	-0.195	-0.538	+0.429	-0.535	-0.556	-0.549	-0.554	-0.548	-0.554	-0.538	-0.553	-0.542	-0.548	-0.562	-0.479	-0.435	-0.601	-0.601	-0.601	-0.601	-0.601	-0.601	-0.601	-0.601	-0.601	
rs10187322     -0.752	-0.751	-0.755	-0.100	-0.630	-0.230	-0.442	-0.799	-0.755	-0.634	-0.377	-0.545	-0.557	-0.757	-0.758	-0.422	-0.758	-0.756	-0.755	-0.759	-0.772	-0.532	-0.506	-0.506	-0.507	-0.547	-0.501	-0.587	-0.563	-0.475	-0.474	-0.462	-0.448	-0.455	-0.455	-0.455	-0.447	-0.443	-0.118	-0.742	-0.739	-0.715	-0.755	-0.877	-0.741	-0.739	-0.875	-0.738	-0.858	-0.739	-0.742	-0.742	-0.772	-0.739	-0.780	-0.274	-0.742	-0.735	-0.734	-0.734	-0.734	-0.734	-0.734	-0.738	-0.733	-0.740	-0.743	-0.772	-0.748	-0.745	-0.299	-0.799	-0.292	-0.726	-0.736	-0.733	-0.733	-0.733	-0.731	-0.731	-0.679	-0.415	-0.390	-0.691	-0.783	-0.776	-0.782	-0.782	-0.786	-0.381	-0.783	+0.335	-0.775	-0.773	-0.771	+1.292	-0.844	-0.816	-0.843	-0.843	-0.840	-0.839	-0.846	-0.839	-0.839	-0.836	-0.836	+1.542	+1.677	+3.452	-0.770	-0.851	-0.729	-0.869	-0.869	-0.869	-0.868	-0.718	-0.855	-0.855	-0.698	-0.855	-0.856	-0.695	-0.855	-0.664	-0.673	-0.661	-0.659	-0.857	+0.091	-0.085	-0.084	+0.089	+0.240	+0.077	+0.352	+0.416	-0.499	+0.366	+0.395	+0.521	+0.559	-0.583	-0.515	-0.582	+0.457	+0.417	-0.568	-0.582	+0.450	-0.507	-0.576	-0.818	-0.432	-0.452	-0.418	-0.304	-0.634	-0.309	-0.580	-0.429	-0.269	-0.570	-0.096	-0.331	-0.507	-0.251	-0.547	+0.308	-0.543	-0.586	-0.579	-0.585	-0.578	-0.584	-0.569	-0.583	-0.573	-0.579	-0.592	-0.513	-0.471	-0.606	-0.606	-0.607	-0.607	-0.606	-0.606	-0.606	-0.606	-0.606	
rs16858133     -0.608	-0.608	-0.609	-0.597	-0.681	-0.631	-0.681	-0.659	-0.609	-0.440	-0.545	-0.164	-0.277	-0.590	-0.587	-0.277	-0.587	-0.591	-0.591	-0.589	-0.603	-0.281	-0.308	-0.308	-0.311	-0.300	-0.304	-0.326	-0.328	-0.281	-0.280	-0.269	-0.255	-0.261	-0.261	-0.261	-0.253	-0.249	+0.092	-0.544	-0.539	-0.507	-0.499	-0.689	-0.549	-0.549	-0.689	-0.551	-0.644	-0.551	-0.548	-0.547	-0.605	-0.554	-0.590	-0.046	-0.543	-0.533	-0.531	-0.531	-0.531	-0.530	-0.530	-0.538	-0.530	-0.540	-0.546	-0.572	-0.544	-0.551	-0.068	-0.602	-0.061	-0.522	-0.535	-0.531	-0.531	-0.531	-0.529	-0.539	-0.461	-0.245	-0.194	-0.549	-0.591	-0.585	-0.591	-0.591	-0.600	-0.185	-0.591	+0.651	-0.541	-0.540	-0.537	+1.638	-0.625	-0.644	-0.624	-0.624	-0.620	-0.619	-0.630	-0.619	-0.619	-0.615	-0.615	+1.906	+2.047	+4.058	-0.554	-0.664	-0.499	-0.687	-0.687	-0.687	-0.687	-0.486	-0.666	-0.666	-0.464	-0.666	-0.666	-0.460	-0.666	-0.425	-0.447	-0.422	-0.421	-0.668	+0.378	+0.198	+0.199	+0.384	+0.551	+0.365	+0.703	+0.769	-0.233	+0.718	+0.749	+0.874	+0.914	-0.366	-0.253	-0.366	+0.813	+0.769	-0.382	-0.366	+0.805	-0.244	-0.358	-0.599	-0.168	-0.184	-0.146	-0.032	-0.409	-0.038	-0.363	-0.158	+0.006	-0.351	+0.230	-0.061	-0.249	+0.062	-0.324	+0.651	-0.321	-0.336	-0.328	-0.334	-0.327	-0.334	-0.318	-0.333	-0.322	-0.328	-0.342	-0.260	-0.214	-0.392	-0.392	-0.392	-0.392	-0.392	-0.392	-0.392	-0.391	-0.391	
rs34774368     -0.624	-0.624	-0.624	-0.611	-0.696	-0.645	-0.697	-0.675	-0.623	-0.455	-0.557	-0.277	-0.180	-0.605	-0.602	-0.283	-0.603	-0.606	-0.606	-0.604	-0.619	-0.279	-0.310	-0.310	-0.314	-0.302	-0.309	-0.334	-0.334	-0.296	-0.295	-0.284	-0.270	-0.276	-0.276	-0.276	-0.268	-0.264	+0.077	-0.560	-0.554	-0.523	-0.516	-0.705	-0.565	-0.565	-0.704	-0.567	-0.661	-0.567	-0.563	-0.563	-0.619	-0.570	-0.605	-0.062	-0.558	-0.548	-0.546	-0.546	-0.546	-0.546	-0.546	-0.553	-0.546	-0.556	-0.562	-0.588	-0.560	-0.566	-0.085	-0.618	-0.078	-0.537	-0.551	-0.546	-0.546	-0.547	-0.544	-0.554	-0.479	-0.260	-0.212	-0.564	-0.607	-0.601	-0.606	-0.606	-0.616	-0.203	-0.607	+0.637	-0.556	-0.555	-0.553	+1.619	-0.640	-0.660	-0.639	-0.639	-0.636	-0.635	-0.645	-0.634	-0.634	-0.630	-0.631	+1.885	+2.026	+4.037	-0.569	-0.680	-0.514	-0.702	-0.702	-0.702	-0.702	-0.501	-0.681	-0.682	-0.479	-0.682	-0.682	-0.475	-0.682	-0.440	-0.462	-0.437	-0.436	-0.684	+0.362	+0.183	+0.184	+0.368	+0.536	+0.349	+0.686	+0.752	-0.249	+0.701	+0.732	+0.857	+0.897	-0.383	-0.269	-0.383	+0.796	+0.752	-0.397	-0.382	+0.788	-0.261	-0.375	-0.615	-0.184	-0.200	-0.163	-0.048	-0.425	-0.054	-0.379	-0.175	-0.010	-0.368	+0.213	-0.077	-0.265	+0.046	-0.341	+0.636	-0.337	-0.351	-0.344	-0.350	-0.343	-0.349	-0.334	-0.349	-0.338	-0.344	-0.358	-0.275	-0.229	-0.409	-0.409	-0.408	-0.408	-0.408	-0.408	-0.408	-0.408	-0.407	
rs7563182      -0.865	-0.864	-0.865	-0.802	-0.983	-0.862	-1.002	-0.982	-0.881	-0.767	-0.757	-0.590	-0.605	-0.536	-0.667	-0.396	-0.670	-0.665	-0.666	-0.666	-0.752	-0.577	-0.534	-0.534	-0.536	-0.596	-0.528	-0.646	-0.616	-0.580	-0.579	-0.567	-0.552	-0.559	-0.559	-0.559	-0.550	-0.546	-0.193	-0.898	-0.895	-0.877	-0.857	-1.017	-0.892	-0.891	-1.015	-0.889	-1.012	-0.890	-0.895	-0.895	-0.884	-0.892	-0.925	-0.379	-0.894	-0.888	-0.886	-0.886	-0.886	-0.886	-0.886	-0.891	-0.886	-0.893	-0.896	-0.928	-0.903	-0.898	-0.405	-0.955	-0.398	-0.879	-0.889	-0.886	-0.886	-0.886	-0.885	-0.884	-0.854	-0.544	-0.532	-0.874	-0.931	-0.926	-0.930	-0.931	-0.948	-0.523	-0.931	+0.335	-0.898	-0.897	-0.895	+1.204	-0.979	-0.986	-0.977	-0.977	-0.974	-0.973	-0.982	-0.973	-0.972	-0.969	-0.969	+1.465	+1.598	+3.424	-0.902	-1.005	-0.837	-1.028	-1.028	-1.027	-1.027	-0.824	-1.007	-1.007	-0.802	-1.007	-1.007	-0.798	-1.007	-0.763	-0.780	-0.760	-0.758	-1.009	+0.023	-0.154	-0.154	+0.022	+0.181	+0.012	+0.310	+0.377	-0.603	+0.326	+0.356	+0.467	+0.506	-0.730	-0.618	-0.730	+0.420	+0.378	-0.718	-0.730	+0.412	-0.611	-0.723	-0.960	-0.540	-0.551	-0.515	-0.408	-0.754	-0.413	-0.727	-0.526	-0.371	-0.717	-0.182	-0.436	-0.620	-0.342	-0.693	+0.263	-0.689	-0.703	-0.696	-0.702	-0.695	-0.701	-0.686	-0.701	-0.690	-0.696	-0.710	-0.628	-0.584	-0.754	-0.754	-0.755	-0.754	-0.754	-0.754	-0.754	-0.754	-0.754	
rs10929775     -0.856	-0.855	-0.856	-0.790	-0.980	-0.851	-0.997	-0.978	-0.878	-0.759	-0.758	-0.587	-0.602	-0.667	-0.529	-0.398	-0.657	-0.664	-0.664	-0.672	-0.743	-0.573	-0.531	-0.531	-0.534	-0.592	-0.526	-0.642	-0.613	-0.576	-0.575	-0.563	-0.548	-0.555	-0.555	-0.555	-0.546	-0.542	-0.191	-0.891	-0.889	-0.870	-0.848	-1.009	-0.885	-0.884	-1.007	-0.882	-1.005	-0.883	-0.888	-0.888	-0.875	-0.885	-0.918	-0.373	-0.888	-0.882	-0.880	-0.880	-0.880	-0.880	-0.880	-0.885	-0.880	-0.886	-0.889	-0.922	-0.897	-0.891	-0.398	-0.949	-0.391	-0.873	-0.883	-0.880	-0.880	-0.880	-0.878	-0.877	-0.848	-0.536	-0.524	-0.868	-0.925	-0.919	-0.924	-0.924	-0.941	-0.514	-0.925	+0.348	-0.891	-0.889	-0.887	+1.210	-0.972	-0.980	-0.970	-0.970	-0.967	-0.966	-0.975	-0.965	-0.965	-0.961	-0.962	+1.472	+1.605	+3.437	-0.894	-0.999	-0.828	-1.021	-1.021	-1.021	-1.021	-0.815	-1.000	-1.000	-0.793	-1.000	-1.000	-0.789	-1.001	-0.754	-0.771	-0.751	-0.749	-1.002	+0.031	-0.146	-0.145	+0.030	+0.190	+0.021	+0.319	+0.385	-0.595	+0.334	+0.364	+0.477	+0.515	-0.724	-0.611	-0.724	+0.428	+0.387	-0.710	-0.723	+0.420	-0.604	-0.717	-0.953	-0.531	-0.544	-0.508	-0.399	-0.747	-0.404	-0.721	-0.519	-0.361	-0.711	-0.173	-0.427	-0.612	-0.335	-0.686	+0.270	-0.683	-0.695	-0.688	-0.694	-0.687	-0.693	-0.678	-0.693	-0.682	-0.688	-0.702	-0.620	-0.575	-0.748	-0.748	-0.748	-0.748	-0.748	-0.748	-0.748	-0.747	-0.747	
rs12328935     -0.396	-0.395	-0.399	-0.217	-0.426	-0.284	-0.374	-0.228	-0.284	-0.247	-0.422	-0.277	-0.283	-0.396	-0.398	+0.019	-0.397	-0.395	-0.395	-0.398	-0.394	-0.270	-0.252	-0.252	-0.253	-0.278	-0.249	-0.298	-0.287	-0.056	-0.056	-0.043	-0.028	-0.035	-0.035	-0.036	-0.027	-0.022	+0.327	-0.341	-0.332	-0.286	-0.397	-0.497	-0.362	-0.363	-0.498	-0.366	-0.479	-0.366	-0.359	-0.358	-0.458	-0.370	-0.390	+0.141	-0.352	-0.340	-0.338	-0.338	-0.338	-0.338	-0.337	-0.346	-0.337	-0.349	-0.356	-0.410	-0.389	-0.362	+0.117	-0.434	+0.124	-0.327	-0.342	-0.337	-0.337	-0.338	-0.335	-0.352	-0.219	-0.074	+0.041	-0.320	-0.415	-0.408	-0.415	-0.415	-0.395	+0.049	-0.415	+0.732	-0.384	-0.382	-0.380	+1.716	-0.456	-0.453	-0.455	-0.455	-0.452	-0.451	-0.460	-0.451	-0.450	-0.447	-0.447	+1.974	+2.111	+4.056	-0.396	-0.477	-0.384	-0.490	-0.490	-0.489	-0.488	-0.373	-0.481	-0.481	-0.356	-0.481	-0.481	-0.352	-0.481	-0.324	-0.344	-0.322	-0.321	-0.483	+0.423	+0.254	+0.255	+0.425	+0.574	+0.399	+0.735	+0.799	-0.104	+0.748	+0.777	+0.901	+0.939	-0.164	-0.123	-0.164	+0.841	+0.800	-0.203	-0.164	+0.833	-0.113	-0.155	-0.442	-0.108	-0.057	-0.022	+0.012	-0.278	+0.006	-0.160	-0.034	+0.045	-0.148	+0.266	-0.013	-0.179	+0.112	-0.117	+0.686	-0.113	-0.254	-0.247	-0.252	-0.247	-0.252	-0.237	-0.251	-0.242	-0.247	-0.259	-0.190	-0.152	-0.190	-0.190	-0.190	-0.190	-0.190	-0.189	-0.189	-0.189	-0.189	
rs1550399      -0.858	-0.857	-0.858	-0.793	-0.981	-0.854	-0.998	-0.979	-0.878	-0.761	-0.758	-0.587	-0.603	-0.670	-0.657	-0.397	-0.531	-0.668	-0.668	-0.674	-0.747	-0.574	-0.532	-0.532	-0.534	-0.593	-0.526	-0.643	-0.613	-0.577	-0.576	-0.564	-0.548	-0.556	-0.555	-0.555	-0.547	-0.543	-0.191	-0.892	-0.890	-0.872	-0.850	-1.011	-0.887	-0.885	-1.009	-0.884	-1.007	-0.885	-0.890	-0.890	-0.877	-0.886	-0.920	-0.374	-0.889	-0.883	-0.881	-0.881	-0.881	-0.881	-0.881	-0.886	-0.881	-0.888	-0.891	-0.923	-0.898	-0.893	-0.400	-0.951	-0.393	-0.875	-0.884	-0.881	-0.881	-0.881	-0.880	-0.879	-0.850	-0.538	-0.526	-0.869	-0.926	-0.921	-0.925	-0.926	-0.942	-0.516	-0.926	+0.345	-0.893	-0.891	-0.889	+1.209	-0.974	-0.982	-0.971	-0.971	-0.968	-0.967	-0.976	-0.967	-0.967	-0.963	-0.964	+1.470	+1.604	+3.434	-0.896	-1.000	-0.830	-1.022	-1.023	-1.022	-1.022	-0.817	-1.001	-1.002	-0.795	-1.002	-1.002	-0.791	-1.002	-0.756	-0.773	-0.753	-0.751	-1.004	+0.029	-0.148	-0.147	+0.028	+0.188	+0.019	+0.316	+0.383	-0.597	+0.332	+0.362	+0.474	+0.513	-0.725	-0.613	-0.725	+0.426	+0.384	-0.712	-0.725	+0.418	-0.606	-0.718	-0.954	-0.534	-0.546	-0.509	-0.401	-0.749	-0.406	-0.722	-0.521	-0.364	-0.712	-0.175	-0.429	-0.614	-0.337	-0.688	+0.268	-0.684	-0.697	-0.690	-0.696	-0.689	-0.695	-0.680	-0.694	-0.684	-0.690	-0.704	-0.622	-0.577	-0.750	-0.750	-0.750	-0.749	-0.749	-0.749	-0.749	-0.749	-0.749	
rs1550398      -0.869	-0.867	-0.868	-0.807	-0.985	-0.867	-1.004	-0.983	-0.882	-0.770	-0.756	-0.591	-0.606	-0.665	-0.664	-0.395	-0.668	-0.539	-0.668	-0.662	-0.756	-0.578	-0.534	-0.535	-0.537	-0.597	-0.529	-0.647	-0.617	-0.582	-0.581	-0.568	-0.553	-0.560	-0.560	-0.560	-0.551	-0.547	-0.194	-0.900	-0.898	-0.879	-0.860	-1.020	-0.895	-0.893	-1.018	-0.892	-1.015	-0.893	-0.897	-0.897	-0.888	-0.895	-0.927	-0.382	-0.897	-0.890	-0.889	-0.889	-0.889	-0.889	-0.888	-0.894	-0.888	-0.895	-0.899	-0.930	-0.905	-0.901	-0.407	-0.958	-0.400	-0.882	-0.892	-0.889	-0.889	-0.889	-0.887	-0.887	-0.857	-0.547	-0.535	-0.876	-0.934	-0.929	-0.933	-0.933	-0.950	-0.526	-0.934	+0.330	-0.902	-0.900	-0.898	+1.201	-0.982	-0.989	-0.980	-0.980	-0.977	-0.976	-0.985	-0.976	-0.975	-0.972	-0.972	+1.462	+1.596	+3.419	-0.906	-1.008	-0.841	-1.030	-1.030	-1.030	-1.030	-0.827	-1.009	-1.010	-0.805	-1.010	-1.010	-0.801	-1.010	-0.767	-0.784	-0.764	-0.762	-1.012	+0.019	-0.158	-0.157	+0.018	+0.177	+0.008	+0.307	+0.373	-0.605	+0.322	+0.352	+0.464	+0.502	-0.733	-0.621	-0.732	+0.416	+0.374	-0.721	-0.732	+0.408	-0.614	-0.725	-0.962	-0.544	-0.554	-0.518	-0.412	-0.757	-0.417	-0.729	-0.529	-0.374	-0.719	-0.185	-0.440	-0.624	-0.346	-0.695	+0.260	-0.692	-0.707	-0.699	-0.705	-0.699	-0.705	-0.689	-0.704	-0.693	-0.699	-0.713	-0.631	-0.587	-0.757	-0.757	-0.757	-0.757	-0.757	-0.757	-0.757	-0.756	-0.756	
rs10929776     -0.870	-0.868	-0.869	-0.809	-0.985	-0.869	-1.004	-0.984	-0.882	-0.771	-0.755	-0.591	-0.606	-0.666	-0.664	-0.395	-0.668	-0.668	-0.540	-0.662	-0.758	-0.578	-0.535	-0.535	-0.537	-0.597	-0.529	-0.647	-0.617	-0.582	-0.581	-0.569	-0.553	-0.561	-0.561	-0.561	-0.552	-0.547	-0.194	-0.901	-0.899	-0.880	-0.861	-1.020	-0.896	-0.894	-1.018	-0.893	-1.015	-0.894	-0.898	-0.898	-0.889	-0.896	-0.928	-0.382	-0.898	-0.891	-0.889	-0.889	-0.889	-0.889	-0.889	-0.894	-0.889	-0.896	-0.899	-0.931	-0.906	-0.901	-0.408	-0.958	-0.401	-0.882	-0.892	-0.889	-0.889	-0.889	-0.888	-0.887	-0.857	-0.548	-0.536	-0.877	-0.935	-0.929	-0.934	-0.934	-0.951	-0.527	-0.935	+0.328	-0.903	-0.901	-0.899	+1.200	-0.983	-0.990	-0.981	-0.981	-0.978	-0.977	-0.986	-0.976	-0.976	-0.972	-0.973	+1.461	+1.595	+3.418	-0.907	-1.009	-0.842	-1.031	-1.031	-1.031	-1.031	-0.828	-1.010	-1.011	-0.806	-1.011	-1.011	-0.802	-1.011	-0.768	-0.785	-0.765	-0.763	-1.013	+0.018	-0.159	-0.158	+0.017	+0.176	+0.007	+0.306	+0.372	-0.606	+0.321	+0.351	+0.462	+0.501	-0.733	-0.622	-0.733	+0.415	+0.373	-0.721	-0.733	+0.407	-0.615	-0.726	-0.963	-0.545	-0.555	-0.518	-0.413	-0.758	-0.418	-0.730	-0.530	-0.376	-0.720	-0.186	-0.441	-0.625	-0.347	-0.696	+0.259	-0.692	-0.708	-0.700	-0.706	-0.700	-0.706	-0.690	-0.705	-0.694	-0.700	-0.714	-0.632	-0.588	-0.758	-0.758	-0.758	-0.758	-0.758	-0.757	-0.757	-0.757	-0.757	
rs10210269     -0.862	-0.861	-0.862	-0.796	-0.982	-0.857	-1.000	-0.980	-0.880	-0.764	-0.759	-0.589	-0.604	-0.666	-0.672	-0.398	-0.674	-0.662	-0.662	-0.533	-0.747	-0.576	-0.533	-0.533	-0.536	-0.595	-0.528	-0.645	-0.615	-0.579	-0.578	-0.565	-0.550	-0.557	-0.557	-0.557	-0.549	-0.544	-0.193	-0.895	-0.893	-0.874	-0.853	-1.013	-0.889	-0.888	-1.011	-0.886	-1.009	-0.887	-0.892	-0.892	-0.880	-0.889	-0.922	-0.377	-0.892	-0.885	-0.884	-0.884	-0.884	-0.884	-0.883	-0.888	-0.883	-0.890	-0.893	-0.926	-0.900	-0.895	-0.402	-0.953	-0.395	-0.877	-0.886	-0.884	-0.883	-0.883	-0.882	-0.881	-0.852	-0.540	-0.529	-0.871	-0.929	-0.923	-0.928	-0.928	-0.945	-0.519	-0.929	+0.341	-0.895	-0.893	-0.891	+1.206	-0.976	-0.984	-0.974	-0.974	-0.971	-0.970	-0.979	-0.969	-0.969	-0.965	-0.966	+1.467	+1.601	+3.429	-0.899	-1.003	-0.833	-1.025	-1.025	-1.025	-1.025	-0.820	-1.004	-1.004	-0.797	-1.004	-1.004	-0.793	-1.005	-0.759	-0.776	-0.756	-0.754	-1.006	+0.026	-0.150	-0.150	+0.026	+0.185	+0.016	+0.314	+0.380	-0.599	+0.329	+0.360	+0.471	+0.510	-0.728	-0.615	-0.727	+0.423	+0.382	-0.715	-0.727	+0.415	-0.608	-0.720	-0.957	-0.536	-0.548	-0.512	-0.404	-0.751	-0.409	-0.724	-0.523	-0.367	-0.714	-0.178	-0.432	-0.617	-0.339	-0.690	+0.266	-0.687	-0.700	-0.693	-0.698	-0.692	-0.698	-0.682	-0.697	-0.686	-0.693	-0.707	-0.625	-0.580	-0.752	-0.752	-0.752	-0.752	-0.752	-0.751	-0.751	-0.751	-0.751	
rs10202517     -0.903	-0.902	-0.901	-0.854	-1.006	-0.910	-1.027	-1.004	-0.900	-0.792	-0.772	-0.603	-0.619	-0.752	-0.743	-0.394	-0.747	-0.756	-0.758	-0.747	-0.561	-0.590	-0.551	-0.551	-0.553	-0.609	-0.545	-0.660	-0.630	-0.596	-0.596	-0.583	-0.568	-0.575	-0.575	-0.575	-0.566	-0.562	-0.208	-0.920	-0.918	-0.899	-0.880	-1.040	-0.915	-0.914	-1.038	-0.913	-1.035	-0.914	-0.917	-0.917	-0.911	-0.915	-0.946	-0.403	-0.916	-0.910	-0.908	-0.908	-0.908	-0.908	-0.908	-0.913	-0.908	-0.915	-0.918	-0.949	-0.923	-0.921	-0.428	-0.977	-0.421	-0.901	-0.911	-0.908	-0.908	-0.908	-0.907	-0.907	-0.876	-0.569	-0.561	-0.894	-0.953	-0.948	-0.952	-0.952	-0.971	-0.552	-0.953	+0.297	-0.923	-0.921	-0.919	+1.181	-1.003	-1.008	-1.001	-1.001	-0.998	-0.997	-1.006	-0.996	-0.996	-0.992	-0.993	+1.443	+1.577	+3.404	-0.926	-1.027	-0.862	-1.049	-1.049	-1.049	-1.049	-0.849	-1.028	-1.029	-0.827	-1.029	-1.029	-0.823	-1.029	-0.789	-0.809	-0.786	-0.784	-1.031	+0.000	-0.177	-0.176	-0.001	+0.158	-0.011	+0.288	+0.354	-0.626	+0.303	+0.333	+0.442	+0.480	-0.753	-0.642	-0.752	+0.397	+0.355	-0.742	-0.752	+0.389	-0.635	-0.745	-0.983	-0.564	-0.575	-0.538	-0.432	-0.778	-0.437	-0.749	-0.550	-0.395	-0.739	-0.205	-0.460	-0.643	-0.365	-0.715	+0.242	-0.712	-0.726	-0.719	-0.725	-0.718	-0.724	-0.709	-0.723	-0.713	-0.719	-0.733	-0.651	-0.606	-0.777	-0.777	-0.777	-0.777	-0.777	-0.777	-0.777	-0.776	-0.776	
rs13025618     -0.595	-0.594	-0.595	-0.586	-0.668	-0.619	-0.669	-0.648	-0.598	-0.427	-0.532	-0.281	-0.279	-0.577	-0.573	-0.270	-0.574	-0.578	-0.578	-0.576	-0.590	-0.149	-0.292	-0.292	-0.296	-0.259	-0.292	-0.278	-0.297	-0.270	-0.269	-0.257	-0.243	-0.250	-0.250	-0.250	-0.242	-0.238	+0.102	-0.530	-0.525	-0.493	-0.484	-0.676	-0.536	-0.536	-0.676	-0.538	-0.630	-0.538	-0.534	-0.534	-0.592	-0.541	-0.576	-0.034	-0.528	-0.518	-0.516	-0.516	-0.516	-0.516	-0.516	-0.524	-0.516	-0.526	-0.532	-0.559	-0.531	-0.537	-0.056	-0.589	-0.049	-0.507	-0.521	-0.516	-0.516	-0.517	-0.515	-0.525	-0.446	-0.233	-0.183	-0.538	-0.578	-0.572	-0.577	-0.577	-0.588	-0.174	-0.578	+0.673	-0.525	-0.523	-0.521	+1.665	-0.609	-0.632	-0.608	-0.609	-0.605	-0.604	-0.615	-0.604	-0.604	-0.599	-0.600	+1.932	+2.073	+4.097	-0.538	-0.651	-0.483	-0.674	-0.674	-0.674	-0.673	-0.469	-0.652	-0.653	-0.447	-0.653	-0.653	-0.443	-0.653	-0.408	-0.430	-0.405	-0.404	-0.655	+0.397	+0.217	+0.217	+0.404	+0.572	+0.384	+0.723	+0.789	-0.216	+0.738	+0.769	+0.896	+0.936	-0.353	-0.237	-0.353	+0.833	+0.790	-0.368	-0.352	+0.825	-0.229	-0.344	-0.585	-0.150	-0.167	-0.129	-0.014	-0.394	-0.019	-0.349	-0.142	+0.026	-0.338	+0.250	-0.042	-0.232	+0.082	-0.311	+0.673	-0.307	-0.319	-0.311	-0.317	-0.310	-0.317	-0.301	-0.316	-0.305	-0.311	-0.325	-0.242	-0.195	-0.379	-0.379	-0.379	-0.378	-0.378	-0.378	-0.378	-0.378	-0.378	
rs12478633     -0.550	-0.549	-0.550	-0.538	-0.624	-0.573	-0.621	-0.598	-0.556	-0.386	-0.506	-0.308	-0.310	-0.534	-0.531	-0.252	-0.532	-0.534	-0.535	-0.533	-0.551	-0.292	-0.105	-0.194	-0.202	-0.298	-0.203	-0.313	-0.313	-0.271	-0.271	-0.260	-0.247	-0.253	-0.253	-0.253	-0.246	-0.242	+0.076	-0.485	-0.479	-0.444	-0.461	-0.632	-0.492	-0.492	-0.632	-0.495	-0.591	-0.495	-0.489	-0.489	-0.557	-0.498	-0.542	+0.022	-0.483	-0.472	-0.469	-0.469	-0.469	-0.469	-0.469	-0.478	-0.469	-0.480	-0.488	-0.508	-0.479	-0.493	-0.000	-0.540	+0.007	-0.460	-0.475	-0.470	-0.470	-0.471	-0.468	-0.482	-0.371	-0.199	-0.106	-0.485	-0.540	-0.533	-0.539	-0.540	-0.536	-0.097	-0.540	+0.710	-0.490	-0.489	-0.486	+1.692	-0.572	-0.586	-0.571	-0.571	-0.568	-0.567	-0.577	-0.566	-0.566	-0.562	-0.563	+1.958	+2.099	+4.062	-0.510	-0.608	-0.452	-0.630	-0.630	-0.630	-0.630	-0.439	-0.610	-0.611	-0.418	-0.611	-0.611	-0.414	-0.611	-0.380	-0.390	-0.377	-0.375	-0.613	+0.410	+0.233	+0.233	+0.417	+0.582	+0.395	+0.735	+0.800	-0.178	+0.750	+0.781	+0.917	+0.956	-0.306	-0.199	-0.306	+0.844	+0.801	-0.324	-0.305	+0.836	-0.191	-0.297	-0.545	-0.131	-0.130	-0.092	+0.002	-0.358	-0.003	-0.302	-0.104	+0.041	-0.290	+0.266	-0.026	-0.211	+0.101	-0.262	+0.686	-0.259	-0.296	-0.289	-0.294	-0.288	-0.294	-0.279	-0.293	-0.282	-0.288	-0.302	-0.222	-0.176	-0.332	-0.332	-0.332	-0.332	-0.332	-0.331	-0.331	-0.331	-0.331	
rs12478664     -0.550	-0.549	-0.551	-0.538	-0.624	-0.573	-0.621	-0.598	-0.556	-0.386	-0.506	-0.308	-0.310	-0.534	-0.531	-0.252	-0.532	-0.535	-0.535	-0.533	-0.551	-0.292	-0.194	-0.105	-0.202	-0.298	-0.203	-0.313	-0.313	-0.271	-0.271	-0.260	-0.247	-0.253	-0.253	-0.253	-0.246	-0.242	+0.076	-0.485	-0.479	-0.444	-0.461	-0.632	-0.492	-0.492	-0.632	-0.495	-0.591	-0.495	-0.489	-0.489	-0.557	-0.498	-0.542	+0.022	-0.483	-0.472	-0.470	-0.470	-0.469	-0.469	-0.469	-0.478	-0.469	-0.480	-0.488	-0.508	-0.479	-0.493	-0.000	-0.540	+0.007	-0.461	-0.475	-0.470	-0.470	-0.471	-0.469	-0.482	-0.371	-0.199	-0.106	-0.485	-0.540	-0.534	-0.540	-0.540	-0.536	-0.097	-0.540	+0.710	-0.490	-0.489	-0.486	+1.692	-0.572	-0.586	-0.571	-0.571	-0.568	-0.567	-0.577	-0.566	-0.566	-0.562	-0.563	+1.958	+2.099	+4.062	-0.510	-0.608	-0.452	-0.630	-0.631	-0.630	-0.630	-0.439	-0.610	-0.611	-0.418	-0.611	-0.611	-0.414	-0.611	-0.380	-0.390	-0.377	-0.376	-0.613	+0.410	+0.233	+0.233	+0.417	+0.582	+0.395	+0.735	+0.800	-0.178	+0.750	+0.781	+0.917	+0.956	-0.306	-0.199	-0.306	+0.844	+0.801	-0.324	-0.305	+0.836	-0.191	-0.297	-0.545	-0.132	-0.130	-0.092	+0.002	-0.358	-0.003	-0.302	-0.105	+0.040	-0.290	+0.265	-0.026	-0.212	+0.101	-0.263	+0.686	-0.259	-0.296	-0.289	-0.294	-0.288	-0.294	-0.279	-0.293	-0.282	-0.289	-0.302	-0.222	-0.176	-0.332	-0.332	-0.332	-0.332	-0.332	-0.331	-0.331	-0.331	-0.331	
rs12478705     -0.552	-0.552	-0.553	-0.541	-0.627	-0.576	-0.624	-0.601	-0.559	-0.389	-0.507	-0.311	-0.314	-0.536	-0.534	-0.253	-0.534	-0.537	-0.537	-0.536	-0.553	-0.296	-0.202	-0.202	-0.108	-0.301	-0.208	-0.316	-0.316	-0.273	-0.273	-0.262	-0.249	-0.255	-0.255	-0.255	-0.248	-0.244	+0.075	-0.487	-0.481	-0.447	-0.462	-0.635	-0.494	-0.495	-0.635	-0.497	-0.594	-0.498	-0.492	-0.491	-0.559	-0.501	-0.544	+0.020	-0.485	-0.475	-0.472	-0.472	-0.472	-0.472	-0.472	-0.481	-0.472	-0.483	-0.490	-0.510	-0.481	-0.495	-0.002	-0.542	+0.005	-0.463	-0.477	-0.473	-0.473	-0.473	-0.471	-0.484	-0.374	-0.202	-0.106	-0.487	-0.543	-0.536	-0.542	-0.542	-0.539	-0.096	-0.543	+0.709	-0.494	-0.493	-0.490	+1.687	-0.575	-0.588	-0.574	-0.574	-0.571	-0.570	-0.580	-0.570	-0.569	-0.565	-0.566	+1.952	+2.094	+4.065	-0.512	-0.610	-0.454	-0.633	-0.633	-0.633	-0.633	-0.441	-0.613	-0.613	-0.420	-0.613	-0.613	-0.416	-0.613	-0.382	-0.392	-0.379	-0.377	-0.615	+0.410	+0.232	+0.233	+0.416	+0.582	+0.394	+0.735	+0.800	-0.181	+0.750	+0.781	+0.917	+0.956	-0.308	-0.202	-0.308	+0.844	+0.801	-0.326	-0.308	+0.836	-0.194	-0.300	-0.548	-0.133	-0.133	-0.096	+0.001	-0.361	-0.004	-0.305	-0.108	+0.039	-0.293	+0.265	-0.027	-0.213	+0.100	-0.265	+0.686	-0.262	-0.297	-0.290	-0.296	-0.289	-0.296	-0.281	-0.295	-0.284	-0.290	-0.304	-0.223	-0.178	-0.335	-0.335	-0.334	-0.334	-0.334	-0.334	-0.334	-0.334	-0.333	
rs34424904     -0.615	-0.614	-0.615	-0.603	-0.687	-0.637	-0.689	-0.667	-0.615	-0.446	-0.547	-0.300	-0.302	-0.596	-0.592	-0.278	-0.593	-0.597	-0.597	-0.595	-0.609	-0.259	-0.298	-0.298	-0.301	-0.170	-0.295	-0.286	-0.301	-0.288	-0.287	-0.276	-0.262	-0.268	-0.268	-0.268	-0.260	-0.256	+0.084	-0.550	-0.544	-0.512	-0.504	-0.695	-0.555	-0.555	-0.695	-0.557	-0.649	-0.557	-0.553	-0.553	-0.611	-0.560	-0.595	-0.053	-0.548	-0.538	-0.535	-0.535	-0.535	-0.535	-0.535	-0.543	-0.535	-0.545	-0.552	-0.578	-0.550	-0.556	-0.076	-0.608	-0.068	-0.527	-0.540	-0.536	-0.536	-0.536	-0.534	-0.545	-0.465	-0.253	-0.203	-0.557	-0.597	-0.591	-0.596	-0.596	-0.607	-0.194	-0.597	+0.653	-0.544	-0.543	-0.540	+1.648	-0.629	-0.651	-0.628	-0.628	-0.624	-0.623	-0.634	-0.623	-0.623	-0.619	-0.619	+1.916	+2.057	+4.076	-0.558	-0.670	-0.502	-0.693	-0.693	-0.693	-0.693	-0.489	-0.671	-0.672	-0.466	-0.672	-0.672	-0.462	-0.672	-0.427	-0.449	-0.425	-0.423	-0.674	+0.378	+0.198	+0.199	+0.385	+0.553	+0.365	+0.704	+0.770	-0.235	+0.719	+0.750	+0.876	+0.916	-0.373	-0.255	-0.372	+0.814	+0.771	-0.387	-0.372	+0.806	-0.247	-0.364	-0.604	-0.170	-0.185	-0.148	-0.033	-0.412	-0.039	-0.369	-0.160	+0.006	-0.357	+0.230	-0.062	-0.252	+0.063	-0.330	+0.655	-0.327	-0.338	-0.331	-0.337	-0.330	-0.336	-0.321	-0.335	-0.324	-0.331	-0.345	-0.262	-0.215	-0.398	-0.398	-0.398	-0.398	-0.398	-0.398	-0.398	-0.398	-0.397	
rs41378155     -0.544	-0.543	-0.545	-0.532	-0.619	-0.567	-0.615	-0.592	-0.551	-0.380	-0.501	-0.304	-0.309	-0.528	-0.526	-0.249	-0.526	-0.529	-0.529	-0.528	-0.545	-0.292	-0.203	-0.203	-0.208	-0.295	-0.099	-0.308	-0.308	-0.266	-0.265	-0.255	-0.242	-0.248	-0.248	-0.248	-0.240	-0.237	+0.082	-0.479	-0.473	-0.439	-0.454	-0.626	-0.486	-0.487	-0.626	-0.489	-0.584	-0.489	-0.484	-0.483	-0.552	-0.492	-0.537	+0.029	-0.477	-0.467	-0.464	-0.464	-0.464	-0.464	-0.464	-0.473	-0.464	-0.475	-0.482	-0.502	-0.472	-0.487	+0.007	-0.534	+0.014	-0.455	-0.470	-0.465	-0.465	-0.466	-0.463	-0.476	-0.362	-0.194	-0.098	-0.479	-0.535	-0.528	-0.534	-0.534	-0.530	-0.089	-0.535	+0.715	-0.484	-0.483	-0.480	+1.703	-0.566	-0.580	-0.565	-0.565	-0.562	-0.561	-0.571	-0.560	-0.560	-0.556	-0.557	+1.968	+2.110	+4.070	-0.505	-0.602	-0.447	-0.624	-0.625	-0.624	-0.624	-0.434	-0.605	-0.605	-0.413	-0.605	-0.605	-0.409	-0.605	-0.375	-0.385	-0.372	-0.371	-0.607	+0.416	+0.238	+0.239	+0.422	+0.588	+0.400	+0.741	+0.806	-0.171	+0.756	+0.787	+0.923	+0.962	-0.300	-0.192	-0.299	+0.850	+0.807	-0.318	-0.299	+0.842	-0.184	-0.291	-0.539	-0.126	-0.123	-0.085	+0.007	-0.352	+0.002	-0.296	-0.097	+0.046	-0.284	+0.271	-0.021	-0.206	+0.106	-0.256	+0.692	-0.253	-0.291	-0.283	-0.289	-0.283	-0.289	-0.274	-0.288	-0.277	-0.283	-0.297	-0.217	-0.171	-0.326	-0.326	-0.326	-0.325	-0.325	-0.325	-0.325	-0.325	-0.325	
rs71446446     -0.666	-0.665	-0.666	-0.647	-0.737	-0.683	-0.740	-0.718	-0.660	-0.496	-0.587	-0.326	-0.334	-0.646	-0.642	-0.298	-0.643	-0.647	-0.647	-0.645	-0.660	-0.278	-0.313	-0.313	-0.316	-0.286	-0.308	-0.225	-0.317	-0.334	-0.333	-0.322	-0.307	-0.314	-0.314	-0.314	-0.306	-0.302	+0.040	-0.601	-0.596	-0.565	-0.556	-0.745	-0.606	-0.606	-0.745	-0.608	-0.701	-0.608	-0.604	-0.604	-0.658	-0.611	-0.645	-0.103	-0.599	-0.589	-0.587	-0.587	-0.587	-0.587	-0.587	-0.595	-0.587	-0.597	-0.603	-0.629	-0.601	-0.608	-0.126	-0.659	-0.118	-0.578	-0.592	-0.587	-0.587	-0.588	-0.586	-0.596	-0.519	-0.301	-0.254	-0.605	-0.647	-0.641	-0.647	-0.647	-0.658	-0.245	-0.647	+0.596	-0.597	-0.596	-0.594	+1.587	-0.681	-0.701	-0.680	-0.680	-0.677	-0.676	-0.686	-0.675	-0.675	-0.671	-0.672	+1.854	+1.994	+3.995	-0.610	-0.721	-0.553	-0.743	-0.743	-0.743	-0.743	-0.540	-0.722	-0.723	-0.518	-0.723	-0.722	-0.514	-0.723	-0.479	-0.500	-0.476	-0.474	-0.724	+0.324	+0.145	+0.145	+0.330	+0.497	+0.310	+0.647	+0.713	-0.288	+0.662	+0.693	+0.817	+0.857	-0.425	-0.308	-0.425	+0.757	+0.714	-0.438	-0.425	+0.749	-0.300	-0.417	-0.656	-0.224	-0.238	-0.201	-0.088	-0.464	-0.093	-0.421	-0.213	-0.049	-0.410	+0.173	-0.116	-0.305	+0.007	-0.383	+0.598	-0.380	-0.391	-0.384	-0.390	-0.383	-0.389	-0.374	-0.388	-0.377	-0.383	-0.398	-0.315	-0.268	-0.451	-0.451	-0.451	-0.450	-0.450	-0.450	-0.450	-0.450	-0.450	
rs35951700     -0.635	-0.635	-0.635	-0.621	-0.707	-0.655	-0.710	-0.688	-0.633	-0.466	-0.563	-0.328	-0.334	-0.616	-0.613	-0.287	-0.613	-0.617	-0.617	-0.615	-0.630	-0.297	-0.313	-0.313	-0.316	-0.301	-0.308	-0.317	-0.192	-0.307	-0.306	-0.295	-0.280	-0.287	-0.287	-0.287	-0.279	-0.275	+0.066	-0.571	-0.565	-0.534	-0.525	-0.715	-0.575	-0.576	-0.715	-0.578	-0.669	-0.578	-0.574	-0.574	-0.631	-0.581	-0.616	-0.074	-0.568	-0.559	-0.556	-0.556	-0.556	-0.556	-0.556	-0.564	-0.556	-0.566	-0.573	-0.598	-0.570	-0.577	-0.096	-0.628	-0.089	-0.548	-0.561	-0.557	-0.557	-0.557	-0.555	-0.565	-0.488	-0.273	-0.228	-0.578	-0.617	-0.611	-0.616	-0.616	-0.628	-0.219	-0.617	+0.632	-0.564	-0.563	-0.560	+1.631	-0.649	-0.671	-0.648	-0.648	-0.645	-0.643	-0.654	-0.643	-0.643	-0.639	-0.639	+1.898	+2.040	+4.035	-0.579	-0.691	-0.523	-0.713	-0.713	-0.713	-0.713	-0.510	-0.692	-0.693	-0.488	-0.692	-0.692	-0.484	-0.693	-0.449	-0.470	-0.446	-0.444	-0.694	+0.359	+0.180	+0.180	+0.367	+0.529	+0.340	+0.678	+0.744	-0.253	+0.693	+0.724	+0.849	+0.889	-0.393	-0.273	-0.393	+0.788	+0.745	-0.408	-0.393	+0.780	-0.266	-0.385	-0.623	-0.192	-0.203	-0.166	-0.056	-0.431	-0.061	-0.390	-0.178	-0.017	-0.378	+0.206	-0.085	-0.274	+0.040	-0.352	+0.629	-0.348	-0.360	-0.353	-0.359	-0.352	-0.358	-0.343	-0.357	-0.346	-0.353	-0.367	-0.284	-0.237	-0.419	-0.419	-0.419	-0.419	-0.419	-0.419	-0.419	-0.418	-0.418	
