## Summary of overall evidence for association with region:
## log10(BF for region) = -0.376426
## p-value for region = NA

## BFs for choosing among multi-SNP models:
## log10(average 1-SNP BF) = -0.319442
## log10(average 2-SNP BF) = -0.519343

## Example posterior probabilities for multi-SNP models, based on default prior: [p(l) propto 0.5^l for l=1,2,...,L]
## posterior probability of 1-SNP = 0.760138
## posterior probability of 2-SNP = 0.239862

## log10(BF) for single SNP and pair of SNPs:
rs138415947    -0.373	-0.511	-0.491	-0.498	-0.585	-0.401	-0.435	-0.418	-0.419	-0.226	-0.226	-0.231	-0.225	-0.225	-0.225	-0.225	-0.225	-0.225	-0.415	-0.224	-0.400	-0.181	-0.205	-0.399	-0.205	-0.235	-0.235	-0.218	-0.224	-0.706	-0.697	-0.703	-0.702	-0.705	-0.731	-0.708	-0.708	-0.772	-0.845	-0.567	-0.806	-0.755	-0.809	-0.468	-0.469	-0.459	-0.730	-0.462	-0.783	-0.774	-0.836	-0.834	-0.753	-0.758	-0.468	-0.482	-0.845	-0.467	-0.456	-0.438	-0.446	-0.448	-0.689	-0.449	-0.529	-0.085	-0.378	-0.735	-0.723	-0.719	-0.721	-0.715	-0.712	-0.717	-0.718	-0.853	-0.723	-0.743	-0.735	-0.729	-0.726	-0.745	-0.698	-0.726	-0.734	-0.714	-0.701	-0.707	-0.719	-0.731	-0.729	-0.722	-0.722	-0.731	-0.722	-0.732	-0.768	-0.760	-0.769	-0.841	-0.749	-0.831	-0.770	-0.759	-0.770	-0.763	-0.763	-0.821	-0.821	-0.756	-0.780	-0.762	-0.754	-0.791	-0.797	-0.797	-0.826	-0.764	-0.827	-0.744	-0.796	-0.827	-0.770	-0.764	-0.820	-0.831	-0.858	-0.794	-0.794	-0.826	-0.827	-0.769	-0.771	-0.722	-0.791	-0.772	-0.828	-0.798	
rs62059211     -0.511	-0.367	-0.510	-0.514	-0.580	-0.397	-0.431	-0.414	-0.415	-0.222	-0.222	-0.227	-0.221	-0.221	-0.221	-0.221	-0.221	-0.221	-0.411	-0.220	-0.396	-0.177	-0.201	-0.395	-0.201	-0.231	-0.231	-0.214	-0.220	-0.701	-0.692	-0.697	-0.697	-0.700	-0.726	-0.702	-0.703	-0.767	-0.840	-0.562	-0.801	-0.752	-0.805	-0.464	-0.465	-0.455	-0.725	-0.458	-0.779	-0.769	-0.832	-0.830	-0.747	-0.753	-0.464	-0.478	-0.841	-0.463	-0.452	-0.434	-0.442	-0.444	-0.684	-0.445	-0.524	-0.078	-0.374	-0.729	-0.717	-0.713	-0.716	-0.709	-0.706	-0.711	-0.712	-0.848	-0.719	-0.737	-0.729	-0.723	-0.720	-0.739	-0.692	-0.722	-0.728	-0.708	-0.695	-0.701	-0.713	-0.727	-0.725	-0.715	-0.716	-0.726	-0.716	-0.728	-0.762	-0.754	-0.764	-0.836	-0.743	-0.825	-0.764	-0.753	-0.764	-0.757	-0.757	-0.816	-0.816	-0.752	-0.774	-0.757	-0.750	-0.785	-0.791	-0.792	-0.821	-0.760	-0.822	-0.738	-0.790	-0.822	-0.765	-0.758	-0.814	-0.826	-0.853	-0.789	-0.789	-0.821	-0.822	-0.765	-0.766	-0.717	-0.785	-0.767	-0.823	-0.793	
rs62059214     -0.491	-0.510	-0.392	-0.502	-0.598	-0.420	-0.454	-0.438	-0.438	-0.247	-0.246	-0.252	-0.246	-0.245	-0.245	-0.245	-0.245	-0.245	-0.434	-0.245	-0.419	-0.201	-0.226	-0.419	-0.226	-0.256	-0.255	-0.238	-0.245	-0.719	-0.709	-0.715	-0.715	-0.717	-0.745	-0.720	-0.721	-0.786	-0.860	-0.585	-0.820	-0.772	-0.824	-0.488	-0.489	-0.479	-0.745	-0.481	-0.801	-0.790	-0.851	-0.849	-0.768	-0.770	-0.487	-0.501	-0.860	-0.486	-0.476	-0.458	-0.466	-0.468	-0.700	-0.469	-0.548	-0.094	-0.398	-0.751	-0.740	-0.737	-0.739	-0.733	-0.729	-0.734	-0.736	-0.870	-0.741	-0.760	-0.752	-0.746	-0.743	-0.762	-0.715	-0.744	-0.751	-0.731	-0.718	-0.724	-0.736	-0.749	-0.747	-0.738	-0.739	-0.748	-0.739	-0.750	-0.785	-0.777	-0.786	-0.858	-0.766	-0.847	-0.786	-0.776	-0.787	-0.779	-0.780	-0.837	-0.838	-0.774	-0.796	-0.779	-0.772	-0.808	-0.814	-0.814	-0.843	-0.781	-0.843	-0.761	-0.813	-0.843	-0.787	-0.781	-0.836	-0.847	-0.875	-0.811	-0.811	-0.843	-0.843	-0.786	-0.787	-0.738	-0.808	-0.788	-0.845	-0.815	
rs62059215     -0.498	-0.514	-0.502	-0.391	-0.597	-0.419	-0.453	-0.437	-0.437	-0.246	-0.245	-0.251	-0.245	-0.244	-0.244	-0.244	-0.244	-0.244	-0.433	-0.244	-0.418	-0.200	-0.225	-0.418	-0.225	-0.254	-0.254	-0.237	-0.244	-0.718	-0.709	-0.715	-0.714	-0.717	-0.744	-0.720	-0.720	-0.785	-0.859	-0.584	-0.819	-0.771	-0.823	-0.487	-0.487	-0.477	-0.745	-0.480	-0.800	-0.789	-0.850	-0.848	-0.767	-0.769	-0.486	-0.500	-0.860	-0.485	-0.475	-0.456	-0.465	-0.466	-0.700	-0.468	-0.547	-0.095	-0.397	-0.750	-0.739	-0.736	-0.738	-0.732	-0.728	-0.733	-0.735	-0.869	-0.740	-0.759	-0.751	-0.745	-0.742	-0.761	-0.714	-0.743	-0.750	-0.730	-0.717	-0.723	-0.735	-0.748	-0.746	-0.737	-0.738	-0.747	-0.738	-0.749	-0.784	-0.776	-0.785	-0.857	-0.765	-0.846	-0.785	-0.775	-0.786	-0.778	-0.779	-0.836	-0.837	-0.773	-0.795	-0.778	-0.771	-0.807	-0.813	-0.813	-0.842	-0.781	-0.843	-0.760	-0.812	-0.842	-0.786	-0.780	-0.835	-0.846	-0.874	-0.810	-0.810	-0.842	-0.843	-0.785	-0.786	-0.737	-0.807	-0.788	-0.844	-0.814	
rs4888356      -0.585	-0.580	-0.598	-0.597	-0.323	-0.403	-0.433	-0.418	-0.418	-0.261	-0.260	-0.265	-0.260	-0.259	-0.259	-0.259	-0.259	-0.259	-0.415	-0.259	-0.401	-0.219	-0.242	-0.401	-0.241	-0.269	-0.268	-0.253	-0.259	-0.694	-0.696	-0.693	-0.692	-0.694	-0.714	-0.695	-0.695	-0.718	-0.794	-0.536	-0.745	-0.766	-0.748	-0.474	-0.474	-0.466	-0.750	-0.455	-0.777	-0.776	-0.794	-0.793	-0.764	-0.754	-0.473	-0.485	-0.796	-0.472	-0.463	-0.447	-0.454	-0.455	-0.706	-0.456	-0.492	-0.090	-0.393	-0.720	-0.661	-0.661	-0.663	-0.653	-0.653	-0.658	-0.660	-0.795	-0.666	-0.734	-0.726	-0.723	-0.720	-0.735	-0.696	-0.670	-0.724	-0.710	-0.699	-0.702	-0.714	-0.674	-0.672	-0.716	-0.716	-0.674	-0.716	-0.675	-0.754	-0.746	-0.714	-0.783	-0.737	-0.798	-0.755	-0.745	-0.756	-0.750	-0.750	-0.768	-0.768	-0.700	-0.763	-0.706	-0.699	-0.771	-0.777	-0.777	-0.773	-0.709	-0.773	-0.733	-0.744	-0.773	-0.715	-0.750	-0.767	-0.777	-0.800	-0.774	-0.774	-0.773	-0.773	-0.714	-0.716	-0.673	-0.771	-0.717	-0.774	-0.777	
rs72802352     -0.401	-0.397	-0.420	-0.419	-0.403	-0.125	-0.233	-0.226	-0.226	-0.161	-0.161	-0.166	-0.161	-0.160	-0.160	-0.160	-0.160	-0.160	-0.229	-0.160	-0.221	-0.119	-0.142	-0.221	-0.142	-0.170	-0.169	-0.154	-0.160	-0.237	-0.231	-0.231	-0.231	-0.235	-0.270	-0.240	-0.241	-0.343	-0.583	-0.281	-0.419	-0.415	-0.428	-0.352	-0.353	-0.347	-0.377	-0.268	-0.617	-0.439	-0.571	-0.568	-0.409	-0.577	-0.353	-0.361	-0.586	-0.352	-0.346	-0.334	-0.339	-0.340	-0.515	-0.339	-0.406	+0.071	-0.292	-0.580	-0.516	-0.507	-0.508	-0.516	-0.508	-0.509	-0.508	-0.649	-0.505	-0.589	-0.583	-0.579	-0.576	-0.591	-0.556	-0.505	-0.582	-0.568	-0.558	-0.563	-0.572	-0.505	-0.505	-0.573	-0.574	-0.505	-0.574	-0.505	-0.606	-0.601	-0.467	-0.644	-0.593	-0.643	-0.607	-0.600	-0.608	-0.602	-0.603	-0.567	-0.566	-0.488	-0.614	-0.480	-0.494	-0.622	-0.626	-0.626	-0.555	-0.475	-0.552	-0.590	-0.586	-0.554	-0.462	-0.604	-0.570	-0.561	-0.653	-0.624	-0.625	-0.554	-0.552	-0.463	-0.457	-0.196	-0.622	-0.451	-0.543	-0.627	
rs9936550      -0.435	-0.431	-0.454	-0.453	-0.433	-0.233	-0.162	-0.233	-0.235	-0.164	-0.163	-0.169	-0.163	-0.162	-0.162	-0.162	-0.162	-0.162	-0.237	-0.162	-0.224	-0.118	-0.143	-0.224	-0.143	-0.173	-0.172	-0.156	-0.162	-0.283	-0.276	-0.278	-0.277	-0.282	-0.317	-0.287	-0.288	-0.389	-0.619	-0.323	-0.461	-0.452	-0.469	-0.373	-0.374	-0.367	-0.415	-0.292	-0.647	-0.476	-0.605	-0.602	-0.446	-0.607	-0.374	-0.382	-0.620	-0.372	-0.366	-0.353	-0.358	-0.359	-0.544	-0.359	-0.430	+0.043	-0.308	-0.608	-0.549	-0.540	-0.542	-0.548	-0.541	-0.541	-0.541	-0.681	-0.539	-0.618	-0.612	-0.608	-0.605	-0.620	-0.584	-0.540	-0.611	-0.596	-0.586	-0.591	-0.600	-0.539	-0.539	-0.602	-0.602	-0.539	-0.602	-0.539	-0.636	-0.630	-0.507	-0.676	-0.622	-0.674	-0.637	-0.629	-0.637	-0.632	-0.632	-0.602	-0.602	-0.526	-0.644	-0.519	-0.531	-0.652	-0.656	-0.656	-0.592	-0.514	-0.589	-0.619	-0.619	-0.591	-0.502	-0.633	-0.605	-0.597	-0.685	-0.654	-0.654	-0.591	-0.589	-0.503	-0.498	-0.253	-0.652	-0.492	-0.581	-0.657	
rs72802357     -0.418	-0.414	-0.438	-0.437	-0.418	-0.226	-0.233	-0.144	-0.225	-0.161	-0.161	-0.166	-0.161	-0.160	-0.160	-0.160	-0.160	-0.160	-0.228	-0.160	-0.218	-0.117	-0.141	-0.217	-0.141	-0.170	-0.170	-0.153	-0.160	-0.259	-0.252	-0.253	-0.253	-0.257	-0.292	-0.262	-0.263	-0.365	-0.602	-0.300	-0.440	-0.432	-0.448	-0.362	-0.363	-0.357	-0.395	-0.277	-0.633	-0.456	-0.588	-0.584	-0.426	-0.592	-0.363	-0.371	-0.603	-0.362	-0.355	-0.343	-0.349	-0.349	-0.530	-0.349	-0.418	+0.056	-0.300	-0.595	-0.532	-0.524	-0.525	-0.533	-0.525	-0.525	-0.525	-0.666	-0.522	-0.604	-0.598	-0.594	-0.591	-0.606	-0.570	-0.523	-0.598	-0.583	-0.573	-0.578	-0.587	-0.522	-0.522	-0.588	-0.589	-0.522	-0.589	-0.522	-0.622	-0.616	-0.487	-0.661	-0.608	-0.660	-0.623	-0.615	-0.623	-0.618	-0.618	-0.585	-0.584	-0.507	-0.630	-0.500	-0.512	-0.637	-0.641	-0.642	-0.574	-0.494	-0.571	-0.605	-0.603	-0.573	-0.482	-0.619	-0.587	-0.579	-0.670	-0.640	-0.640	-0.573	-0.570	-0.483	-0.477	-0.222	-0.638	-0.472	-0.562	-0.643	
rs72802365     -0.419	-0.415	-0.438	-0.437	-0.418	-0.226	-0.235	-0.225	-0.144	-0.161	-0.161	-0.166	-0.161	-0.160	-0.160	-0.160	-0.160	-0.160	-0.226	-0.160	-0.215	-0.117	-0.141	-0.215	-0.141	-0.170	-0.170	-0.153	-0.160	-0.257	-0.251	-0.251	-0.251	-0.255	-0.290	-0.260	-0.261	-0.363	-0.602	-0.298	-0.439	-0.432	-0.447	-0.362	-0.363	-0.357	-0.394	-0.275	-0.633	-0.456	-0.587	-0.584	-0.426	-0.592	-0.363	-0.371	-0.603	-0.362	-0.355	-0.343	-0.348	-0.349	-0.530	-0.348	-0.418	+0.056	-0.299	-0.595	-0.532	-0.524	-0.525	-0.532	-0.525	-0.525	-0.525	-0.666	-0.522	-0.604	-0.598	-0.594	-0.591	-0.606	-0.570	-0.522	-0.598	-0.583	-0.573	-0.578	-0.587	-0.522	-0.522	-0.588	-0.589	-0.522	-0.589	-0.522	-0.622	-0.616	-0.487	-0.661	-0.608	-0.660	-0.623	-0.615	-0.623	-0.618	-0.618	-0.584	-0.584	-0.507	-0.630	-0.499	-0.512	-0.637	-0.641	-0.642	-0.574	-0.494	-0.571	-0.605	-0.603	-0.573	-0.482	-0.619	-0.587	-0.579	-0.670	-0.640	-0.640	-0.573	-0.570	-0.483	-0.477	-0.221	-0.638	-0.471	-0.561	-0.643	
rs7202858      -0.226	-0.222	-0.247	-0.246	-0.261	-0.161	-0.164	-0.161	-0.161	+0.055	-0.010	-0.014	-0.010	-0.010	-0.010	-0.010	-0.010	-0.010	-0.160	-0.010	-0.157	+0.022	+0.002	-0.157	+0.002	-0.017	-0.017	-0.008	-0.013	-0.092	-0.012	-0.086	-0.086	-0.091	-0.122	-0.095	-0.096	-0.190	-0.378	-0.140	-0.086	-0.143	-0.100	-0.079	-0.081	-0.089	-0.097	-0.172	-0.467	-0.167	-0.360	-0.356	-0.131	-0.429	-0.095	-0.084	-0.379	-0.095	-0.104	-0.112	-0.109	-0.113	-0.373	-0.116	-0.217	+0.193	-0.134	-0.433	-0.315	-0.299	-0.300	-0.321	-0.307	-0.304	-0.302	-0.483	-0.292	-0.444	-0.439	-0.436	-0.434	-0.446	-0.417	-0.290	-0.439	-0.427	-0.419	-0.423	-0.430	-0.286	-0.287	-0.431	-0.432	-0.286	-0.432	-0.285	-0.458	-0.453	-0.196	-0.480	-0.447	-0.483	-0.458	-0.453	-0.459	-0.455	-0.455	-0.353	-0.352	-0.240	-0.464	-0.223	-0.251	-0.469	-0.472	-0.472	-0.332	-0.212	-0.326	-0.444	-0.399	-0.330	-0.187	-0.456	-0.358	-0.340	-0.486	-0.471	-0.472	-0.331	-0.326	-0.190	-0.178	-0.030	-0.470	-0.167	-0.311	-0.473	
rs6564232      -0.226	-0.222	-0.246	-0.245	-0.260	-0.161	-0.163	-0.161	-0.161	-0.010	+0.056	-0.013	-0.010	-0.010	-0.010	-0.010	-0.010	-0.010	-0.160	-0.009	-0.157	+0.022	+0.003	-0.157	+0.003	-0.017	-0.017	-0.008	-0.012	-0.092	-0.012	-0.086	-0.086	-0.090	-0.122	-0.095	-0.096	-0.190	-0.378	-0.139	-0.086	-0.143	-0.099	-0.078	-0.080	-0.088	-0.097	-0.172	-0.467	-0.166	-0.359	-0.355	-0.130	-0.429	-0.094	-0.083	-0.379	-0.094	-0.104	-0.112	-0.109	-0.112	-0.373	-0.116	-0.216	+0.193	-0.133	-0.433	-0.314	-0.299	-0.300	-0.320	-0.307	-0.303	-0.302	-0.482	-0.291	-0.444	-0.439	-0.436	-0.433	-0.445	-0.416	-0.289	-0.439	-0.427	-0.419	-0.422	-0.430	-0.285	-0.287	-0.431	-0.431	-0.285	-0.431	-0.284	-0.457	-0.453	-0.196	-0.480	-0.447	-0.482	-0.458	-0.452	-0.458	-0.454	-0.454	-0.352	-0.351	-0.240	-0.463	-0.223	-0.251	-0.469	-0.472	-0.472	-0.331	-0.212	-0.326	-0.444	-0.399	-0.330	-0.186	-0.456	-0.358	-0.339	-0.486	-0.471	-0.471	-0.330	-0.325	-0.189	-0.177	-0.029	-0.470	-0.167	-0.311	-0.473	
rs6564233      -0.231	-0.227	-0.252	-0.251	-0.265	-0.166	-0.169	-0.166	-0.166	-0.014	-0.013	+0.050	-0.013	-0.013	-0.013	-0.013	-0.013	-0.013	-0.165	-0.012	-0.162	+0.021	+0.000	-0.162	+0.001	-0.020	-0.020	-0.011	-0.015	-0.098	-0.019	-0.093	-0.092	-0.097	-0.128	-0.101	-0.102	-0.196	-0.384	-0.146	-0.093	-0.150	-0.107	-0.087	-0.089	-0.097	-0.104	-0.177	-0.472	-0.173	-0.365	-0.361	-0.137	-0.434	-0.103	-0.091	-0.385	-0.102	-0.111	-0.119	-0.116	-0.120	-0.378	-0.123	-0.222	+0.188	-0.139	-0.438	-0.320	-0.305	-0.306	-0.326	-0.313	-0.309	-0.308	-0.487	-0.298	-0.448	-0.444	-0.440	-0.438	-0.450	-0.421	-0.296	-0.443	-0.431	-0.423	-0.427	-0.434	-0.292	-0.293	-0.436	-0.436	-0.292	-0.436	-0.291	-0.462	-0.458	-0.203	-0.485	-0.451	-0.487	-0.463	-0.457	-0.463	-0.459	-0.459	-0.358	-0.357	-0.247	-0.468	-0.230	-0.257	-0.474	-0.477	-0.477	-0.338	-0.219	-0.332	-0.449	-0.405	-0.336	-0.194	-0.460	-0.364	-0.346	-0.491	-0.476	-0.476	-0.336	-0.332	-0.196	-0.185	-0.037	-0.474	-0.174	-0.317	-0.478	
rs7197746      -0.225	-0.221	-0.246	-0.245	-0.260	-0.161	-0.163	-0.161	-0.161	-0.010	-0.010	-0.013	+0.056	-0.009	-0.009	-0.009	-0.009	-0.009	-0.159	-0.009	-0.157	+0.022	+0.003	-0.156	+0.003	-0.016	-0.016	-0.008	-0.012	-0.091	-0.011	-0.085	-0.085	-0.090	-0.121	-0.094	-0.095	-0.189	-0.377	-0.139	-0.085	-0.142	-0.098	-0.077	-0.079	-0.087	-0.096	-0.171	-0.467	-0.166	-0.359	-0.355	-0.130	-0.429	-0.093	-0.082	-0.379	-0.093	-0.103	-0.111	-0.108	-0.112	-0.373	-0.115	-0.216	+0.193	-0.133	-0.432	-0.314	-0.298	-0.299	-0.320	-0.306	-0.303	-0.301	-0.482	-0.291	-0.443	-0.439	-0.435	-0.433	-0.445	-0.416	-0.289	-0.438	-0.426	-0.418	-0.422	-0.429	-0.285	-0.286	-0.431	-0.431	-0.285	-0.431	-0.284	-0.457	-0.453	-0.195	-0.479	-0.446	-0.482	-0.458	-0.452	-0.458	-0.454	-0.454	-0.352	-0.351	-0.239	-0.463	-0.222	-0.250	-0.468	-0.472	-0.472	-0.331	-0.211	-0.325	-0.444	-0.399	-0.329	-0.186	-0.455	-0.357	-0.339	-0.485	-0.471	-0.471	-0.330	-0.325	-0.188	-0.177	-0.029	-0.469	-0.166	-0.310	-0.473	
rs7197389      -0.225	-0.221	-0.245	-0.244	-0.259	-0.160	-0.162	-0.160	-0.160	-0.010	-0.010	-0.013	-0.009	+0.057	-0.009	-0.009	-0.009	-0.009	-0.159	-0.009	-0.156	+0.022	+0.003	-0.156	+0.003	-0.016	-0.016	-0.007	-0.012	-0.090	-0.011	-0.085	-0.084	-0.089	-0.120	-0.093	-0.095	-0.188	-0.377	-0.138	-0.084	-0.142	-0.098	-0.076	-0.078	-0.086	-0.096	-0.171	-0.466	-0.165	-0.358	-0.354	-0.129	-0.428	-0.093	-0.081	-0.378	-0.092	-0.102	-0.110	-0.107	-0.111	-0.372	-0.114	-0.215	+0.194	-0.132	-0.432	-0.313	-0.298	-0.299	-0.319	-0.306	-0.302	-0.301	-0.481	-0.290	-0.443	-0.438	-0.435	-0.433	-0.445	-0.415	-0.288	-0.438	-0.426	-0.418	-0.421	-0.429	-0.284	-0.286	-0.430	-0.430	-0.284	-0.431	-0.283	-0.457	-0.452	-0.194	-0.479	-0.446	-0.481	-0.457	-0.452	-0.458	-0.453	-0.454	-0.351	-0.350	-0.239	-0.462	-0.221	-0.249	-0.468	-0.471	-0.471	-0.330	-0.210	-0.325	-0.443	-0.398	-0.329	-0.185	-0.455	-0.357	-0.338	-0.485	-0.470	-0.470	-0.329	-0.324	-0.188	-0.176	-0.028	-0.469	-0.165	-0.310	-0.472	
rs60470336     -0.225	-0.221	-0.245	-0.244	-0.259	-0.160	-0.162	-0.160	-0.160	-0.010	-0.010	-0.013	-0.009	-0.009	+0.057	-0.009	-0.009	-0.009	-0.159	-0.009	-0.156	+0.022	+0.003	-0.156	+0.003	-0.016	-0.016	-0.007	-0.012	-0.090	-0.011	-0.085	-0.084	-0.089	-0.120	-0.093	-0.095	-0.188	-0.377	-0.138	-0.084	-0.142	-0.098	-0.076	-0.078	-0.086	-0.096	-0.171	-0.466	-0.165	-0.358	-0.354	-0.129	-0.428	-0.092	-0.081	-0.378	-0.092	-0.102	-0.110	-0.107	-0.111	-0.372	-0.114	-0.215	+0.194	-0.132	-0.432	-0.313	-0.298	-0.298	-0.319	-0.306	-0.302	-0.301	-0.481	-0.290	-0.443	-0.438	-0.435	-0.432	-0.445	-0.415	-0.288	-0.438	-0.426	-0.418	-0.421	-0.429	-0.284	-0.286	-0.430	-0.430	-0.284	-0.431	-0.283	-0.456	-0.452	-0.194	-0.479	-0.446	-0.481	-0.457	-0.452	-0.458	-0.453	-0.454	-0.351	-0.350	-0.239	-0.462	-0.221	-0.249	-0.468	-0.471	-0.471	-0.330	-0.210	-0.325	-0.443	-0.398	-0.329	-0.185	-0.455	-0.357	-0.338	-0.485	-0.470	-0.470	-0.329	-0.324	-0.188	-0.176	-0.028	-0.469	-0.165	-0.310	-0.472	
rs72802372     -0.225	-0.221	-0.245	-0.244	-0.259	-0.160	-0.162	-0.160	-0.160	-0.010	-0.010	-0.013	-0.009	-0.009	-0.009	+0.057	-0.009	-0.009	-0.159	-0.009	-0.156	+0.022	+0.003	-0.156	+0.003	-0.016	-0.016	-0.007	-0.011	-0.090	-0.010	-0.085	-0.084	-0.089	-0.120	-0.093	-0.094	-0.188	-0.377	-0.138	-0.084	-0.142	-0.098	-0.076	-0.078	-0.086	-0.096	-0.171	-0.466	-0.165	-0.358	-0.354	-0.129	-0.428	-0.092	-0.081	-0.378	-0.092	-0.102	-0.110	-0.107	-0.111	-0.372	-0.114	-0.215	+0.194	-0.132	-0.432	-0.313	-0.298	-0.298	-0.319	-0.306	-0.302	-0.301	-0.481	-0.290	-0.443	-0.438	-0.435	-0.432	-0.444	-0.415	-0.288	-0.438	-0.426	-0.418	-0.421	-0.429	-0.284	-0.286	-0.430	-0.430	-0.284	-0.430	-0.283	-0.456	-0.452	-0.194	-0.479	-0.446	-0.481	-0.457	-0.452	-0.457	-0.453	-0.454	-0.351	-0.350	-0.239	-0.462	-0.221	-0.249	-0.468	-0.471	-0.471	-0.330	-0.210	-0.325	-0.443	-0.398	-0.329	-0.185	-0.455	-0.357	-0.338	-0.485	-0.470	-0.470	-0.329	-0.324	-0.188	-0.176	-0.028	-0.469	-0.165	-0.310	-0.472	
rs66881382     -0.225	-0.221	-0.245	-0.244	-0.259	-0.160	-0.162	-0.160	-0.160	-0.010	-0.010	-0.013	-0.009	-0.009	-0.009	-0.009	+0.057	-0.009	-0.159	-0.009	-0.156	+0.022	+0.003	-0.156	+0.003	-0.016	-0.016	-0.007	-0.011	-0.090	-0.011	-0.085	-0.084	-0.089	-0.120	-0.093	-0.095	-0.188	-0.377	-0.138	-0.084	-0.142	-0.098	-0.076	-0.078	-0.086	-0.096	-0.171	-0.466	-0.165	-0.358	-0.354	-0.129	-0.428	-0.092	-0.081	-0.378	-0.092	-0.102	-0.110	-0.107	-0.111	-0.372	-0.114	-0.215	+0.194	-0.132	-0.432	-0.313	-0.298	-0.298	-0.319	-0.306	-0.302	-0.301	-0.481	-0.290	-0.443	-0.438	-0.435	-0.433	-0.445	-0.415	-0.288	-0.438	-0.426	-0.418	-0.421	-0.429	-0.284	-0.286	-0.430	-0.430	-0.284	-0.431	-0.283	-0.457	-0.452	-0.194	-0.479	-0.446	-0.481	-0.457	-0.452	-0.458	-0.453	-0.454	-0.351	-0.350	-0.239	-0.462	-0.221	-0.249	-0.468	-0.471	-0.471	-0.330	-0.210	-0.325	-0.443	-0.398	-0.329	-0.185	-0.455	-0.357	-0.338	-0.485	-0.470	-0.470	-0.329	-0.324	-0.188	-0.176	-0.028	-0.469	-0.165	-0.310	-0.472	
rs72802375     -0.225	-0.221	-0.245	-0.244	-0.259	-0.160	-0.162	-0.160	-0.160	-0.010	-0.010	-0.013	-0.009	-0.009	-0.009	-0.009	-0.009	+0.057	-0.159	-0.009	-0.156	+0.022	+0.003	-0.156	+0.003	-0.016	-0.016	-0.007	-0.011	-0.090	-0.010	-0.085	-0.084	-0.089	-0.120	-0.093	-0.095	-0.188	-0.377	-0.138	-0.084	-0.142	-0.098	-0.076	-0.078	-0.086	-0.096	-0.171	-0.466	-0.165	-0.358	-0.354	-0.129	-0.428	-0.092	-0.080	-0.378	-0.092	-0.102	-0.110	-0.107	-0.111	-0.372	-0.114	-0.215	+0.194	-0.132	-0.432	-0.313	-0.298	-0.298	-0.319	-0.306	-0.302	-0.301	-0.481	-0.290	-0.443	-0.438	-0.435	-0.432	-0.445	-0.415	-0.288	-0.438	-0.426	-0.418	-0.421	-0.429	-0.284	-0.286	-0.430	-0.430	-0.284	-0.431	-0.283	-0.456	-0.452	-0.194	-0.479	-0.446	-0.481	-0.457	-0.452	-0.458	-0.453	-0.454	-0.351	-0.350	-0.239	-0.462	-0.221	-0.249	-0.468	-0.471	-0.471	-0.330	-0.210	-0.325	-0.443	-0.398	-0.329	-0.185	-0.455	-0.357	-0.338	-0.485	-0.470	-0.470	-0.329	-0.324	-0.188	-0.176	-0.028	-0.469	-0.165	-0.310	-0.472	
rs111852127    -0.415	-0.411	-0.434	-0.433	-0.415	-0.229	-0.237	-0.228	-0.226	-0.160	-0.160	-0.165	-0.159	-0.159	-0.159	-0.159	-0.159	-0.159	-0.141	-0.158	-0.209	-0.116	-0.140	-0.209	-0.140	-0.169	-0.168	-0.152	-0.159	-0.252	-0.246	-0.246	-0.246	-0.250	-0.285	-0.255	-0.256	-0.359	-0.599	-0.294	-0.435	-0.429	-0.444	-0.360	-0.361	-0.355	-0.391	-0.273	-0.630	-0.453	-0.585	-0.581	-0.423	-0.589	-0.361	-0.369	-0.600	-0.360	-0.353	-0.341	-0.347	-0.347	-0.527	-0.347	-0.416	+0.059	-0.298	-0.592	-0.529	-0.521	-0.522	-0.529	-0.522	-0.522	-0.522	-0.663	-0.519	-0.601	-0.595	-0.591	-0.589	-0.603	-0.568	-0.519	-0.595	-0.580	-0.570	-0.575	-0.584	-0.519	-0.519	-0.585	-0.586	-0.519	-0.586	-0.519	-0.619	-0.613	-0.483	-0.658	-0.605	-0.656	-0.620	-0.612	-0.620	-0.615	-0.615	-0.581	-0.581	-0.503	-0.627	-0.496	-0.509	-0.634	-0.638	-0.639	-0.570	-0.490	-0.567	-0.602	-0.600	-0.569	-0.478	-0.616	-0.584	-0.575	-0.666	-0.637	-0.637	-0.569	-0.567	-0.479	-0.473	-0.216	-0.635	-0.467	-0.558	-0.640	
rs61634868     -0.224	-0.220	-0.245	-0.244	-0.259	-0.160	-0.162	-0.160	-0.160	-0.010	-0.009	-0.012	-0.009	-0.009	-0.009	-0.009	-0.009	-0.009	-0.158	+0.058	-0.155	+0.022	+0.003	-0.155	+0.003	-0.016	-0.015	-0.007	-0.011	-0.089	-0.010	-0.084	-0.083	-0.088	-0.120	-0.093	-0.094	-0.188	-0.376	-0.137	-0.083	-0.141	-0.097	-0.075	-0.076	-0.085	-0.095	-0.170	-0.466	-0.164	-0.358	-0.354	-0.128	-0.428	-0.091	-0.079	-0.377	-0.091	-0.101	-0.109	-0.106	-0.110	-0.372	-0.113	-0.214	+0.194	-0.131	-0.431	-0.312	-0.297	-0.298	-0.318	-0.305	-0.302	-0.300	-0.481	-0.289	-0.442	-0.438	-0.434	-0.432	-0.444	-0.415	-0.288	-0.437	-0.425	-0.417	-0.421	-0.428	-0.283	-0.285	-0.430	-0.430	-0.283	-0.430	-0.282	-0.456	-0.452	-0.193	-0.478	-0.445	-0.481	-0.457	-0.451	-0.457	-0.453	-0.453	-0.350	-0.349	-0.238	-0.462	-0.220	-0.248	-0.467	-0.470	-0.471	-0.329	-0.209	-0.324	-0.443	-0.397	-0.328	-0.184	-0.454	-0.356	-0.338	-0.484	-0.470	-0.470	-0.328	-0.323	-0.187	-0.175	-0.027	-0.468	-0.164	-0.309	-0.472	
rs184458383    -0.400	-0.396	-0.419	-0.418	-0.401	-0.221	-0.224	-0.218	-0.215	-0.157	-0.157	-0.162	-0.157	-0.156	-0.156	-0.156	-0.156	-0.156	-0.209	-0.155	-0.124	-0.114	-0.137	-0.200	-0.137	-0.166	-0.165	-0.149	-0.156	-0.229	-0.223	-0.223	-0.223	-0.228	-0.263	-0.233	-0.234	-0.337	-0.583	-0.273	-0.415	-0.411	-0.424	-0.350	-0.351	-0.345	-0.373	-0.259	-0.616	-0.435	-0.569	-0.565	-0.405	-0.576	-0.351	-0.358	-0.584	-0.350	-0.343	-0.332	-0.337	-0.337	-0.514	-0.337	-0.405	+0.072	-0.290	-0.579	-0.514	-0.505	-0.507	-0.515	-0.507	-0.507	-0.506	-0.648	-0.504	-0.588	-0.583	-0.578	-0.576	-0.590	-0.555	-0.504	-0.582	-0.567	-0.558	-0.562	-0.571	-0.503	-0.503	-0.573	-0.573	-0.503	-0.573	-0.503	-0.606	-0.600	-0.465	-0.643	-0.592	-0.643	-0.607	-0.599	-0.607	-0.602	-0.602	-0.565	-0.564	-0.486	-0.613	-0.478	-0.492	-0.621	-0.625	-0.625	-0.553	-0.472	-0.550	-0.589	-0.585	-0.552	-0.459	-0.603	-0.568	-0.559	-0.652	-0.624	-0.624	-0.552	-0.550	-0.461	-0.454	-0.189	-0.622	-0.448	-0.541	-0.626	
rs6564234      -0.181	-0.177	-0.201	-0.200	-0.219	-0.119	-0.118	-0.117	-0.117	+0.022	+0.022	+0.021	+0.022	+0.022	+0.022	+0.022	+0.022	+0.022	-0.116	+0.022	-0.114	+0.105	+0.029	-0.114	+0.029	+0.019	+0.019	+0.021	+0.020	-0.035	+0.050	-0.029	-0.028	-0.033	-0.065	-0.038	-0.039	-0.135	-0.329	-0.084	-0.020	-0.086	-0.034	+0.001	-0.001	-0.013	-0.039	-0.125	-0.426	-0.110	-0.310	-0.306	-0.073	-0.388	-0.021	-0.004	-0.331	-0.021	-0.035	-0.048	-0.043	-0.048	-0.333	-0.053	-0.165	+0.232	-0.086	-0.392	-0.263	-0.247	-0.248	-0.270	-0.256	-0.252	-0.250	-0.439	-0.239	-0.403	-0.399	-0.395	-0.393	-0.405	-0.377	-0.237	-0.398	-0.387	-0.379	-0.383	-0.390	-0.232	-0.234	-0.391	-0.391	-0.232	-0.391	-0.231	-0.416	-0.412	-0.134	-0.437	-0.406	-0.439	-0.417	-0.412	-0.417	-0.413	-0.414	-0.301	-0.300	-0.182	-0.422	-0.163	-0.194	-0.427	-0.430	-0.430	-0.279	-0.152	-0.273	-0.404	-0.351	-0.277	-0.125	-0.415	-0.307	-0.286	-0.442	-0.430	-0.430	-0.277	-0.272	-0.127	-0.115	+0.036	-0.428	-0.104	-0.257	-0.431	
rs6564235      -0.205	-0.201	-0.226	-0.225	-0.242	-0.142	-0.143	-0.141	-0.141	+0.002	+0.003	+0.000	+0.003	+0.003	+0.003	+0.003	+0.003	+0.003	-0.140	+0.003	-0.137	+0.029	+0.078	-0.137	+0.014	-0.002	-0.002	+0.004	+0.001	-0.066	+0.016	-0.060	-0.060	-0.065	-0.096	-0.069	-0.070	-0.165	-0.356	-0.114	-0.056	-0.117	-0.070	-0.042	-0.044	-0.054	-0.071	-0.151	-0.448	-0.141	-0.337	-0.333	-0.104	-0.410	-0.061	-0.047	-0.357	-0.061	-0.073	-0.083	-0.079	-0.083	-0.355	-0.087	-0.193	+0.211	-0.112	-0.414	-0.291	-0.275	-0.276	-0.297	-0.284	-0.280	-0.278	-0.462	-0.267	-0.425	-0.421	-0.417	-0.415	-0.427	-0.398	-0.265	-0.420	-0.409	-0.401	-0.404	-0.412	-0.261	-0.263	-0.413	-0.413	-0.261	-0.413	-0.260	-0.439	-0.434	-0.168	-0.460	-0.428	-0.463	-0.439	-0.434	-0.440	-0.436	-0.436	-0.329	-0.328	-0.214	-0.444	-0.196	-0.225	-0.450	-0.453	-0.453	-0.307	-0.184	-0.302	-0.426	-0.377	-0.306	-0.158	-0.437	-0.335	-0.315	-0.466	-0.452	-0.452	-0.306	-0.301	-0.161	-0.149	+0.000	-0.451	-0.138	-0.286	-0.454	
rs111869668    -0.399	-0.395	-0.419	-0.418	-0.401	-0.221	-0.224	-0.217	-0.215	-0.157	-0.157	-0.162	-0.156	-0.156	-0.156	-0.156	-0.156	-0.156	-0.209	-0.155	-0.200	-0.114	-0.137	-0.123	-0.137	-0.166	-0.165	-0.149	-0.156	-0.229	-0.223	-0.223	-0.222	-0.227	-0.262	-0.232	-0.233	-0.337	-0.583	-0.272	-0.415	-0.410	-0.423	-0.350	-0.351	-0.345	-0.372	-0.258	-0.616	-0.435	-0.568	-0.565	-0.404	-0.576	-0.351	-0.358	-0.584	-0.349	-0.343	-0.332	-0.337	-0.337	-0.514	-0.337	-0.404	+0.072	-0.290	-0.579	-0.514	-0.505	-0.506	-0.514	-0.506	-0.506	-0.506	-0.648	-0.503	-0.588	-0.582	-0.578	-0.575	-0.590	-0.555	-0.503	-0.582	-0.567	-0.557	-0.562	-0.571	-0.503	-0.503	-0.572	-0.573	-0.502	-0.573	-0.502	-0.605	-0.600	-0.464	-0.643	-0.592	-0.642	-0.606	-0.599	-0.607	-0.601	-0.602	-0.564	-0.564	-0.486	-0.613	-0.478	-0.491	-0.621	-0.625	-0.625	-0.553	-0.472	-0.550	-0.589	-0.584	-0.552	-0.459	-0.603	-0.567	-0.558	-0.652	-0.623	-0.623	-0.552	-0.549	-0.460	-0.454	-0.188	-0.621	-0.448	-0.540	-0.626	
rs6564236      -0.205	-0.201	-0.226	-0.225	-0.241	-0.142	-0.143	-0.141	-0.141	+0.002	+0.003	+0.001	+0.003	+0.003	+0.003	+0.003	+0.003	+0.003	-0.140	+0.003	-0.137	+0.029	+0.014	-0.137	+0.078	-0.002	-0.002	+0.004	+0.001	-0.066	+0.016	-0.060	-0.060	-0.064	-0.096	-0.069	-0.070	-0.164	-0.356	-0.114	-0.056	-0.117	-0.070	-0.042	-0.044	-0.054	-0.071	-0.151	-0.448	-0.141	-0.337	-0.333	-0.104	-0.410	-0.061	-0.047	-0.357	-0.061	-0.072	-0.083	-0.079	-0.083	-0.355	-0.087	-0.193	+0.211	-0.112	-0.414	-0.291	-0.275	-0.276	-0.297	-0.284	-0.280	-0.278	-0.462	-0.267	-0.425	-0.421	-0.417	-0.415	-0.427	-0.398	-0.265	-0.420	-0.408	-0.400	-0.404	-0.411	-0.261	-0.262	-0.413	-0.413	-0.261	-0.413	-0.260	-0.439	-0.434	-0.167	-0.460	-0.428	-0.463	-0.439	-0.434	-0.440	-0.436	-0.436	-0.329	-0.328	-0.213	-0.444	-0.195	-0.225	-0.450	-0.453	-0.453	-0.307	-0.184	-0.302	-0.426	-0.377	-0.306	-0.158	-0.437	-0.334	-0.315	-0.466	-0.452	-0.452	-0.306	-0.301	-0.161	-0.149	+0.000	-0.451	-0.138	-0.286	-0.454	
rs6564237      -0.235	-0.231	-0.256	-0.254	-0.269	-0.170	-0.173	-0.170	-0.170	-0.017	-0.017	-0.020	-0.016	-0.016	-0.016	-0.016	-0.016	-0.016	-0.169	-0.016	-0.166	+0.019	-0.002	-0.166	-0.002	+0.046	-0.021	-0.011	-0.015	-0.103	-0.025	-0.098	-0.097	-0.102	-0.134	-0.106	-0.108	-0.201	-0.388	-0.151	-0.099	-0.154	-0.112	-0.094	-0.095	-0.103	-0.108	-0.181	-0.476	-0.178	-0.369	-0.365	-0.142	-0.438	-0.109	-0.098	-0.389	-0.109	-0.117	-0.124	-0.122	-0.125	-0.381	-0.128	-0.226	+0.185	-0.142	-0.441	-0.324	-0.310	-0.310	-0.330	-0.317	-0.314	-0.312	-0.491	-0.302	-0.452	-0.447	-0.444	-0.441	-0.454	-0.424	-0.300	-0.447	-0.435	-0.427	-0.430	-0.438	-0.296	-0.298	-0.439	-0.439	-0.296	-0.439	-0.296	-0.466	-0.461	-0.209	-0.488	-0.455	-0.491	-0.466	-0.461	-0.467	-0.463	-0.463	-0.363	-0.362	-0.252	-0.472	-0.235	-0.263	-0.477	-0.480	-0.480	-0.342	-0.224	-0.337	-0.452	-0.409	-0.341	-0.199	-0.464	-0.368	-0.350	-0.495	-0.480	-0.480	-0.341	-0.337	-0.202	-0.191	-0.043	-0.478	-0.180	-0.322	-0.482	
rs2870463      -0.235	-0.231	-0.255	-0.254	-0.268	-0.169	-0.172	-0.170	-0.170	-0.017	-0.017	-0.020	-0.016	-0.016	-0.016	-0.016	-0.016	-0.016	-0.168	-0.015	-0.165	+0.019	-0.002	-0.165	-0.002	-0.021	+0.046	-0.010	-0.015	-0.103	-0.024	-0.097	-0.097	-0.101	-0.133	-0.106	-0.107	-0.201	-0.387	-0.150	-0.098	-0.154	-0.111	-0.093	-0.094	-0.102	-0.108	-0.181	-0.475	-0.177	-0.369	-0.365	-0.141	-0.437	-0.108	-0.097	-0.388	-0.108	-0.116	-0.124	-0.121	-0.124	-0.381	-0.128	-0.226	+0.186	-0.142	-0.441	-0.324	-0.309	-0.310	-0.330	-0.317	-0.314	-0.312	-0.491	-0.302	-0.452	-0.447	-0.443	-0.441	-0.453	-0.424	-0.300	-0.446	-0.434	-0.426	-0.430	-0.437	-0.296	-0.297	-0.439	-0.439	-0.296	-0.439	-0.295	-0.465	-0.461	-0.208	-0.488	-0.454	-0.491	-0.466	-0.460	-0.466	-0.462	-0.462	-0.362	-0.362	-0.252	-0.471	-0.234	-0.262	-0.477	-0.480	-0.480	-0.342	-0.224	-0.337	-0.452	-0.408	-0.341	-0.199	-0.463	-0.368	-0.350	-0.494	-0.479	-0.479	-0.341	-0.336	-0.202	-0.190	-0.043	-0.478	-0.180	-0.322	-0.481	
rs66473537     -0.218	-0.214	-0.238	-0.237	-0.253	-0.154	-0.156	-0.153	-0.153	-0.008	-0.008	-0.011	-0.008	-0.007	-0.007	-0.007	-0.007	-0.007	-0.152	-0.007	-0.149	+0.021	+0.004	-0.149	+0.004	-0.011	-0.010	+0.065	-0.006	-0.082	-0.001	-0.076	-0.076	-0.080	-0.112	-0.085	-0.086	-0.180	-0.369	-0.129	-0.074	-0.133	-0.088	-0.066	-0.067	-0.076	-0.087	-0.163	-0.460	-0.156	-0.350	-0.346	-0.120	-0.422	-0.082	-0.070	-0.370	-0.082	-0.092	-0.101	-0.098	-0.102	-0.366	-0.104	-0.207	+0.200	-0.125	-0.426	-0.305	-0.290	-0.290	-0.311	-0.298	-0.294	-0.293	-0.474	-0.282	-0.436	-0.432	-0.428	-0.426	-0.438	-0.409	-0.280	-0.431	-0.419	-0.411	-0.415	-0.422	-0.276	-0.277	-0.424	-0.424	-0.276	-0.424	-0.275	-0.450	-0.446	-0.185	-0.472	-0.439	-0.475	-0.451	-0.445	-0.451	-0.447	-0.447	-0.343	-0.342	-0.230	-0.456	-0.212	-0.240	-0.461	-0.464	-0.464	-0.322	-0.201	-0.316	-0.437	-0.390	-0.320	-0.175	-0.448	-0.349	-0.330	-0.478	-0.464	-0.464	-0.321	-0.316	-0.178	-0.166	-0.018	-0.462	-0.155	-0.301	-0.466	
rs8053595      -0.224	-0.220	-0.245	-0.244	-0.259	-0.160	-0.162	-0.160	-0.160	-0.013	-0.012	-0.015	-0.012	-0.012	-0.012	-0.011	-0.011	-0.011	-0.159	-0.011	-0.156	+0.020	+0.001	-0.156	+0.001	-0.015	-0.015	-0.006	+0.057	-0.090	-0.010	-0.084	-0.084	-0.088	-0.120	-0.093	-0.094	-0.188	-0.376	-0.137	-0.083	-0.141	-0.097	-0.075	-0.077	-0.085	-0.095	-0.170	-0.466	-0.164	-0.358	-0.354	-0.128	-0.428	-0.091	-0.079	-0.377	-0.091	-0.101	-0.109	-0.106	-0.110	-0.372	-0.114	-0.215	+0.194	-0.132	-0.432	-0.312	-0.297	-0.298	-0.318	-0.305	-0.302	-0.300	-0.481	-0.290	-0.442	-0.438	-0.434	-0.432	-0.444	-0.415	-0.288	-0.437	-0.425	-0.417	-0.421	-0.428	-0.284	-0.285	-0.430	-0.430	-0.284	-0.430	-0.283	-0.456	-0.452	-0.194	-0.478	-0.445	-0.481	-0.457	-0.451	-0.457	-0.453	-0.453	-0.351	-0.350	-0.238	-0.462	-0.221	-0.249	-0.467	-0.471	-0.471	-0.330	-0.210	-0.324	-0.443	-0.397	-0.328	-0.184	-0.454	-0.356	-0.338	-0.484	-0.470	-0.470	-0.329	-0.324	-0.187	-0.176	-0.028	-0.468	-0.165	-0.309	-0.472	
rs4888360      -0.706	-0.701	-0.719	-0.718	-0.694	-0.237	-0.283	-0.259	-0.257	-0.092	-0.092	-0.098	-0.091	-0.090	-0.090	-0.090	-0.090	-0.090	-0.252	-0.089	-0.229	-0.035	-0.066	-0.229	-0.066	-0.103	-0.103	-0.082	-0.090	-0.453	-0.642	-0.573	-0.573	-0.575	-0.686	-0.579	-0.580	-0.700	-0.903	-0.529	-0.742	-0.858	-0.748	-0.403	-0.405	-0.392	-0.840	-0.330	-0.878	-0.869	-0.903	-0.902	-0.856	-0.860	-0.404	-0.421	-0.904	-0.402	-0.391	-0.367	-0.378	-0.380	-0.805	-0.381	-0.418	-0.124	-0.294	-0.792	-0.687	-0.689	-0.693	-0.675	-0.678	-0.685	-0.688	-0.887	-0.698	-0.814	-0.804	-0.800	-0.798	-0.814	-0.770	-0.704	-0.802	-0.786	-0.772	-0.776	-0.790	-0.711	-0.708	-0.793	-0.793	-0.711	-0.793	-0.713	-0.840	-0.829	-0.787	-0.872	-0.818	-0.896	-0.841	-0.828	-0.841	-0.834	-0.834	-0.859	-0.859	-0.759	-0.850	-0.770	-0.756	-0.860	-0.867	-0.867	-0.870	-0.777	-0.872	-0.812	-0.813	-0.871	-0.790	-0.832	-0.856	-0.873	-0.896	-0.862	-0.862	-0.871	-0.872	-0.788	-0.793	-0.781	-0.859	-0.797	-0.877	-0.866	
rs10871306     -0.697	-0.692	-0.709	-0.709	-0.696	-0.231	-0.276	-0.252	-0.251	-0.012	-0.012	-0.019	-0.011	-0.011	-0.011	-0.010	-0.011	-0.010	-0.246	-0.010	-0.223	+0.050	+0.016	-0.223	+0.016	-0.025	-0.024	-0.001	-0.010	-0.642	-0.443	-0.640	-0.640	-0.642	-0.704	-0.643	-0.643	-0.712	-0.891	-0.521	-0.714	-0.849	-0.720	-0.349	-0.351	-0.337	-0.832	-0.322	-0.866	-0.859	-0.892	-0.891	-0.847	-0.852	-0.351	-0.370	-0.893	-0.349	-0.338	-0.312	-0.324	-0.328	-0.799	-0.332	-0.369	-0.160	-0.242	-0.786	-0.677	-0.680	-0.683	-0.665	-0.668	-0.676	-0.678	-0.880	-0.688	-0.809	-0.798	-0.795	-0.793	-0.809	-0.765	-0.694	-0.797	-0.781	-0.768	-0.771	-0.785	-0.702	-0.699	-0.788	-0.788	-0.701	-0.788	-0.703	-0.834	-0.824	-0.778	-0.866	-0.813	-0.890	-0.835	-0.823	-0.836	-0.828	-0.829	-0.850	-0.851	-0.750	-0.844	-0.761	-0.747	-0.854	-0.861	-0.861	-0.862	-0.767	-0.863	-0.806	-0.805	-0.863	-0.781	-0.827	-0.847	-0.865	-0.889	-0.856	-0.856	-0.862	-0.864	-0.779	-0.784	-0.774	-0.853	-0.788	-0.868	-0.860	
rs8048784      -0.703	-0.697	-0.715	-0.715	-0.693	-0.231	-0.278	-0.253	-0.251	-0.086	-0.086	-0.093	-0.085	-0.085	-0.085	-0.085	-0.085	-0.085	-0.246	-0.084	-0.223	-0.029	-0.060	-0.223	-0.060	-0.098	-0.097	-0.076	-0.084	-0.573	-0.640	-0.449	-0.571	-0.573	-0.682	-0.576	-0.576	-0.695	-0.899	-0.524	-0.738	-0.855	-0.743	-0.398	-0.400	-0.387	-0.838	-0.324	-0.875	-0.866	-0.899	-0.899	-0.853	-0.857	-0.399	-0.416	-0.901	-0.397	-0.386	-0.362	-0.373	-0.375	-0.803	-0.376	-0.413	-0.127	-0.289	-0.789	-0.682	-0.685	-0.688	-0.670	-0.673	-0.681	-0.683	-0.883	-0.693	-0.811	-0.800	-0.797	-0.794	-0.811	-0.766	-0.699	-0.799	-0.782	-0.769	-0.772	-0.787	-0.707	-0.704	-0.789	-0.789	-0.706	-0.790	-0.708	-0.836	-0.825	-0.783	-0.868	-0.814	-0.892	-0.837	-0.824	-0.838	-0.830	-0.830	-0.855	-0.855	-0.755	-0.846	-0.766	-0.752	-0.856	-0.863	-0.864	-0.867	-0.772	-0.868	-0.808	-0.809	-0.868	-0.786	-0.829	-0.852	-0.869	-0.892	-0.858	-0.859	-0.867	-0.868	-0.784	-0.789	-0.778	-0.855	-0.792	-0.873	-0.862	
rs8055167      -0.702	-0.697	-0.715	-0.714	-0.692	-0.231	-0.277	-0.253	-0.251	-0.086	-0.086	-0.092	-0.085	-0.084	-0.084	-0.084	-0.084	-0.084	-0.246	-0.083	-0.223	-0.028	-0.060	-0.222	-0.060	-0.097	-0.097	-0.076	-0.084	-0.573	-0.640	-0.571	-0.449	-0.573	-0.682	-0.576	-0.576	-0.694	-0.899	-0.524	-0.738	-0.855	-0.743	-0.398	-0.400	-0.387	-0.838	-0.323	-0.875	-0.866	-0.899	-0.899	-0.853	-0.857	-0.399	-0.416	-0.901	-0.397	-0.386	-0.362	-0.373	-0.375	-0.803	-0.376	-0.412	-0.127	-0.289	-0.788	-0.682	-0.684	-0.688	-0.670	-0.672	-0.680	-0.683	-0.883	-0.693	-0.811	-0.800	-0.797	-0.794	-0.811	-0.766	-0.699	-0.798	-0.782	-0.769	-0.772	-0.787	-0.706	-0.703	-0.789	-0.789	-0.706	-0.789	-0.708	-0.836	-0.825	-0.782	-0.868	-0.814	-0.892	-0.837	-0.824	-0.837	-0.830	-0.830	-0.855	-0.855	-0.755	-0.846	-0.766	-0.751	-0.856	-0.863	-0.863	-0.866	-0.772	-0.868	-0.808	-0.809	-0.867	-0.785	-0.828	-0.852	-0.869	-0.892	-0.858	-0.858	-0.867	-0.868	-0.784	-0.788	-0.778	-0.855	-0.792	-0.873	-0.862	
rs8051037      -0.705	-0.700	-0.717	-0.717	-0.694	-0.235	-0.282	-0.257	-0.255	-0.091	-0.090	-0.097	-0.090	-0.089	-0.089	-0.089	-0.089	-0.089	-0.250	-0.088	-0.228	-0.033	-0.065	-0.227	-0.064	-0.102	-0.101	-0.080	-0.088	-0.575	-0.642	-0.573	-0.573	-0.452	-0.685	-0.578	-0.578	-0.698	-0.902	-0.528	-0.741	-0.857	-0.747	-0.402	-0.404	-0.391	-0.839	-0.328	-0.877	-0.868	-0.902	-0.901	-0.855	-0.859	-0.403	-0.420	-0.903	-0.401	-0.390	-0.366	-0.377	-0.379	-0.805	-0.380	-0.417	-0.125	-0.293	-0.791	-0.686	-0.688	-0.692	-0.674	-0.676	-0.684	-0.687	-0.886	-0.697	-0.813	-0.803	-0.800	-0.797	-0.813	-0.769	-0.703	-0.801	-0.785	-0.771	-0.775	-0.789	-0.710	-0.707	-0.792	-0.792	-0.709	-0.792	-0.712	-0.839	-0.828	-0.786	-0.871	-0.817	-0.895	-0.840	-0.827	-0.840	-0.833	-0.833	-0.858	-0.858	-0.758	-0.849	-0.769	-0.755	-0.859	-0.866	-0.866	-0.869	-0.775	-0.871	-0.811	-0.812	-0.870	-0.789	-0.831	-0.855	-0.872	-0.895	-0.861	-0.861	-0.870	-0.871	-0.787	-0.792	-0.780	-0.858	-0.795	-0.876	-0.865	
rs8051363      -0.731	-0.726	-0.745	-0.744	-0.714	-0.270	-0.317	-0.292	-0.290	-0.122	-0.122	-0.128	-0.121	-0.120	-0.120	-0.120	-0.120	-0.120	-0.285	-0.120	-0.263	-0.065	-0.096	-0.262	-0.096	-0.134	-0.133	-0.112	-0.120	-0.686	-0.704	-0.682	-0.682	-0.685	-0.480	-0.687	-0.688	-0.671	-0.932	-0.560	-0.811	-0.878	-0.816	-0.432	-0.433	-0.421	-0.858	-0.361	-0.906	-0.890	-0.930	-0.929	-0.875	-0.878	-0.433	-0.450	-0.933	-0.431	-0.419	-0.395	-0.406	-0.409	-0.820	-0.410	-0.536	-0.160	-0.323	-0.810	-0.724	-0.716	-0.719	-0.712	-0.704	-0.712	-0.714	-0.909	-0.724	-0.831	-0.824	-0.817	-0.814	-0.835	-0.785	-0.730	-0.823	-0.801	-0.788	-0.796	-0.806	-0.738	-0.735	-0.809	-0.809	-0.737	-0.809	-0.739	-0.857	-0.850	-0.812	-0.894	-0.839	-0.919	-0.858	-0.849	-0.859	-0.851	-0.851	-0.883	-0.884	-0.785	-0.868	-0.796	-0.782	-0.878	-0.886	-0.886	-0.895	-0.803	-0.896	-0.833	-0.843	-0.896	-0.816	-0.854	-0.880	-0.901	-0.918	-0.884	-0.884	-0.895	-0.897	-0.814	-0.818	-0.804	-0.881	-0.822	-0.901	-0.888	
rs9652674      -0.708	-0.702	-0.720	-0.720	-0.695	-0.240	-0.287	-0.262	-0.260	-0.095	-0.095	-0.101	-0.094	-0.093	-0.093	-0.093	-0.093	-0.093	-0.255	-0.093	-0.233	-0.038	-0.069	-0.232	-0.069	-0.106	-0.106	-0.085	-0.093	-0.579	-0.643	-0.576	-0.576	-0.578	-0.687	-0.454	-0.577	-0.701	-0.904	-0.531	-0.743	-0.859	-0.748	-0.405	-0.407	-0.394	-0.841	-0.331	-0.880	-0.870	-0.904	-0.904	-0.856	-0.861	-0.406	-0.423	-0.906	-0.404	-0.393	-0.369	-0.380	-0.382	-0.807	-0.383	-0.420	-0.120	-0.297	-0.794	-0.689	-0.691	-0.695	-0.677	-0.679	-0.687	-0.690	-0.889	-0.700	-0.816	-0.805	-0.802	-0.799	-0.816	-0.772	-0.706	-0.804	-0.787	-0.774	-0.777	-0.792	-0.713	-0.710	-0.794	-0.795	-0.713	-0.795	-0.715	-0.841	-0.831	-0.789	-0.874	-0.819	-0.898	-0.842	-0.829	-0.843	-0.835	-0.836	-0.860	-0.861	-0.761	-0.851	-0.772	-0.758	-0.861	-0.869	-0.869	-0.872	-0.778	-0.874	-0.813	-0.815	-0.873	-0.792	-0.834	-0.858	-0.875	-0.897	-0.864	-0.864	-0.872	-0.874	-0.790	-0.794	-0.783	-0.861	-0.798	-0.879	-0.868	
rs9652665      -0.708	-0.703	-0.721	-0.720	-0.695	-0.241	-0.288	-0.263	-0.261	-0.096	-0.096	-0.102	-0.095	-0.095	-0.095	-0.094	-0.095	-0.095	-0.256	-0.094	-0.234	-0.039	-0.070	-0.233	-0.070	-0.108	-0.107	-0.086	-0.094	-0.580	-0.643	-0.576	-0.576	-0.578	-0.688	-0.577	-0.455	-0.701	-0.905	-0.532	-0.743	-0.859	-0.749	-0.406	-0.408	-0.395	-0.841	-0.332	-0.880	-0.870	-0.905	-0.904	-0.857	-0.862	-0.407	-0.424	-0.907	-0.405	-0.394	-0.370	-0.381	-0.383	-0.807	-0.384	-0.421	-0.119	-0.298	-0.795	-0.690	-0.692	-0.696	-0.678	-0.680	-0.688	-0.691	-0.889	-0.701	-0.817	-0.806	-0.803	-0.800	-0.817	-0.772	-0.707	-0.805	-0.788	-0.775	-0.778	-0.793	-0.714	-0.711	-0.795	-0.795	-0.713	-0.795	-0.716	-0.842	-0.831	-0.789	-0.875	-0.820	-0.898	-0.843	-0.830	-0.843	-0.836	-0.836	-0.861	-0.862	-0.762	-0.852	-0.773	-0.759	-0.862	-0.869	-0.869	-0.873	-0.779	-0.874	-0.814	-0.816	-0.874	-0.792	-0.835	-0.858	-0.876	-0.898	-0.864	-0.865	-0.873	-0.875	-0.791	-0.795	-0.784	-0.861	-0.799	-0.879	-0.868	
rs8045196      -0.772	-0.767	-0.786	-0.785	-0.718	-0.343	-0.389	-0.365	-0.363	-0.190	-0.190	-0.196	-0.189	-0.188	-0.188	-0.188	-0.188	-0.188	-0.359	-0.188	-0.337	-0.135	-0.165	-0.337	-0.164	-0.201	-0.201	-0.180	-0.188	-0.700	-0.712	-0.695	-0.694	-0.698	-0.671	-0.701	-0.701	-0.524	-0.971	-0.616	-0.853	-0.898	-0.859	-0.490	-0.491	-0.479	-0.874	-0.429	-0.938	-0.913	-0.967	-0.966	-0.895	-0.906	-0.491	-0.507	-0.972	-0.489	-0.477	-0.454	-0.465	-0.467	-0.842	-0.468	-0.589	-0.132	-0.383	-0.851	-0.777	-0.769	-0.772	-0.766	-0.758	-0.765	-0.768	-0.961	-0.777	-0.870	-0.863	-0.855	-0.853	-0.874	-0.824	-0.783	-0.862	-0.840	-0.827	-0.835	-0.845	-0.790	-0.787	-0.847	-0.848	-0.789	-0.848	-0.791	-0.896	-0.889	-0.859	-0.947	-0.877	-0.959	-0.897	-0.888	-0.898	-0.890	-0.890	-0.927	-0.927	-0.834	-0.907	-0.844	-0.831	-0.918	-0.925	-0.925	-0.938	-0.850	-0.939	-0.872	-0.889	-0.939	-0.861	-0.893	-0.924	-0.944	-0.969	-0.923	-0.924	-0.938	-0.939	-0.860	-0.864	-0.841	-0.920	-0.867	-0.943	-0.928	
rs17673983     -0.845	-0.840	-0.860	-0.859	-0.794	-0.583	-0.619	-0.602	-0.602	-0.378	-0.378	-0.384	-0.377	-0.377	-0.377	-0.377	-0.377	-0.377	-0.599	-0.376	-0.583	-0.329	-0.356	-0.583	-0.356	-0.388	-0.387	-0.369	-0.376	-0.903	-0.891	-0.899	-0.899	-0.902	-0.932	-0.904	-0.905	-0.971	-0.604	-0.766	-0.992	-0.877	-0.995	-0.634	-0.635	-0.624	-0.845	-0.647	-0.765	-0.900	-0.763	-0.762	-0.875	-0.945	-0.634	-0.649	-0.789	-0.633	-0.623	-0.602	-0.612	-0.614	-0.880	-0.617	-0.689	-0.281	-0.542	-0.902	-0.909	-0.908	-0.910	-0.901	-0.899	-0.905	-0.906	-1.018	-0.914	-0.893	-0.881	-0.878	-0.874	-0.894	-0.842	-0.918	-0.880	-0.860	-0.845	-0.849	-0.866	-0.923	-0.921	-0.868	-0.869	-0.923	-0.869	-0.924	-0.925	-0.913	-0.968	-1.005	-0.899	-0.996	-0.926	-0.911	-0.927	-0.918	-0.918	-1.012	-1.012	-0.953	-0.937	-0.959	-0.950	-0.950	-0.958	-0.958	-1.020	-0.963	-1.021	-0.892	-0.978	-1.021	-0.969	-0.916	-1.010	-1.024	-1.028	-0.952	-0.952	-1.021	-1.022	-0.969	-0.971	-0.931	-0.948	-0.972	-1.024	-0.957	
rs72802391     -0.567	-0.562	-0.585	-0.584	-0.536	-0.281	-0.323	-0.300	-0.298	-0.140	-0.139	-0.146	-0.139	-0.138	-0.138	-0.138	-0.138	-0.138	-0.294	-0.137	-0.273	-0.084	-0.114	-0.272	-0.114	-0.151	-0.150	-0.129	-0.137	-0.529	-0.521	-0.524	-0.524	-0.528	-0.560	-0.531	-0.532	-0.616	-0.766	-0.304	-0.668	-0.637	-0.674	-0.412	-0.413	-0.402	-0.604	-0.343	-0.748	-0.658	-0.754	-0.751	-0.632	-0.711	-0.413	-0.427	-0.766	-0.411	-0.401	-0.381	-0.390	-0.392	-0.644	-0.393	-0.490	-0.044	-0.317	-0.702	-0.668	-0.663	-0.665	-0.664	-0.658	-0.662	-0.663	-0.802	-0.665	-0.712	-0.705	-0.700	-0.697	-0.714	-0.672	-0.668	-0.704	-0.686	-0.674	-0.680	-0.691	-0.670	-0.669	-0.693	-0.693	-0.670	-0.693	-0.671	-0.734	-0.727	-0.676	-0.794	-0.717	-0.786	-0.735	-0.726	-0.736	-0.729	-0.729	-0.746	-0.746	-0.678	-0.744	-0.677	-0.679	-0.754	-0.759	-0.759	-0.744	-0.677	-0.743	-0.713	-0.741	-0.744	-0.674	-0.731	-0.747	-0.749	-0.807	-0.757	-0.757	-0.744	-0.743	-0.674	-0.673	-0.535	-0.754	-0.671	-0.739	-0.760	
