## Summary of overall evidence for association with region:
## log10(BF for region) = 14.4351
## p-value for region = NA

## BFs for choosing among multi-SNP models:
## log10(average 1-SNP BF) = 10.8277
## log10(average 2-SNP BF) = 14.9122

## Example posterior probabilities for multi-SNP models, based on default prior: [p(l) propto 0.5^l for l=1,2,...,L]
## posterior probability of 1-SNP = 0.000164604
## posterior probability of 2-SNP = 0.999835

## log10(BF) for single SNP and pair of SNPs:
rs1381339      +7.937	+8.114	+8.166	+13.001	+13.118	+13.014	+13.045	+13.421	+13.447	+13.131	+16.882	+16.434	+16.443	+16.479	+16.307	+16.322	+17.024	+16.426	+16.393	+16.367	+16.366	+16.367	+16.341	+16.331	+16.364	+16.363	+16.332	+16.639	+16.345	+16.349	+16.414	+16.385	+16.386	+16.387	+16.391	+16.417	+16.379	+16.415	+16.461	+16.413	+16.412	+16.411	+16.412	+16.410	+16.378	+16.369	+16.280	+16.387	+16.266	+16.266	+16.213	+16.266	+16.398	+16.153	+16.120	+16.235	+16.267	+16.266	+16.137	+16.262	+16.301	+16.333	+16.217	+16.303	+16.106	+16.793	+16.297	+16.309	+16.210	+16.737	+16.736	+16.751	+16.743	+16.208	+16.302	+16.250	+16.314	+16.255	+16.495	+16.515	+16.454	+16.879	+10.485	+13.433	+14.023	+13.365	+13.038	+13.507	+13.385	+13.420	+13.412	+15.479	+13.400	+15.511	+13.399	+13.353	+13.426	+13.303	+13.268	+13.254	+13.251	+13.114	+13.275	+13.290	+13.320	+13.329	+13.281	+13.295	+13.264	+13.275	+13.238	+13.247	+13.329	+13.189	+13.195	+12.916	+13.174	+13.174	+13.261	+12.960	+13.248	+13.242	+13.122	+13.306	+13.261	+13.370	+12.999	+13.192	+13.370	+13.225	+13.370	+13.337	+13.331	+13.276	+13.276	+13.397	+13.279	+13.449	+13.434	+12.388	+13.586	+12.478	+12.707	+13.585	+13.629	+13.642	
rs2469992      +8.114	+8.177	+8.271	+13.128	+13.237	+13.126	+13.165	+13.531	+13.556	+13.251	+17.098	+16.568	+16.650	+16.616	+16.454	+16.469	+17.246	+16.564	+16.540	+16.515	+16.514	+16.514	+16.489	+16.479	+16.512	+16.511	+16.479	+16.788	+16.493	+16.497	+16.553	+16.533	+16.534	+16.535	+16.608	+16.633	+16.595	+16.631	+16.601	+16.628	+16.628	+16.627	+16.628	+16.626	+16.525	+16.516	+16.419	+16.604	+16.406	+16.414	+16.432	+16.414	+16.546	+16.305	+16.272	+16.383	+16.415	+16.414	+16.287	+16.410	+16.442	+16.562	+16.366	+16.444	+16.255	+17.022	+16.437	+16.451	+16.358	+16.965	+16.965	+16.979	+16.971	+16.357	+16.442	+16.398	+16.455	+16.403	+16.635	+16.663	+16.602	+17.026	+10.637	+13.502	+14.088	+13.398	+13.076	+13.539	+13.419	+13.454	+13.446	+15.626	+13.434	+15.658	+13.433	+13.387	+13.506	+13.340	+13.305	+13.292	+13.326	+13.153	+13.351	+13.327	+13.395	+13.403	+13.318	+13.332	+13.301	+13.350	+13.275	+13.285	+13.366	+13.226	+13.271	+12.957	+13.214	+13.214	+13.338	+13.051	+13.326	+13.320	+13.163	+13.384	+13.300	+13.447	+13.086	+13.274	+13.447	+13.261	+13.446	+13.414	+13.408	+13.353	+13.353	+13.473	+13.314	+13.525	+13.510	+12.432	+13.661	+12.521	+12.788	+13.661	+13.704	+13.723	
rs2447185      +8.166	+8.271	+8.249	+13.179	+13.287	+13.176	+13.216	+13.581	+13.606	+13.302	+17.158	+16.625	+16.709	+16.671	+16.511	+16.526	+17.310	+16.621	+16.598	+16.572	+16.571	+16.572	+16.546	+16.536	+16.570	+16.568	+16.537	+16.845	+16.550	+16.555	+16.611	+16.590	+16.591	+16.592	+16.667	+16.693	+16.655	+16.691	+16.656	+16.688	+16.688	+16.687	+16.688	+16.686	+16.583	+16.574	+16.477	+16.664	+16.464	+16.472	+16.492	+16.472	+16.604	+16.364	+16.332	+16.441	+16.473	+16.472	+16.345	+16.468	+16.499	+16.623	+16.424	+16.501	+16.313	+17.083	+16.495	+16.508	+16.416	+17.026	+17.026	+17.040	+17.032	+16.415	+16.500	+16.456	+16.512	+16.461	+16.692	+16.720	+16.659	+17.084	+10.694	+13.546	+14.132	+13.441	+13.120	+13.582	+13.462	+13.497	+13.490	+15.686	+13.478	+15.718	+13.477	+13.431	+13.552	+13.384	+13.349	+13.336	+13.372	+13.198	+13.396	+13.371	+13.441	+13.448	+13.362	+13.376	+13.345	+13.396	+13.319	+13.329	+13.411	+13.271	+13.317	+13.002	+13.258	+13.258	+13.384	+13.099	+13.371	+13.366	+13.207	+13.430	+13.344	+13.492	+13.135	+13.321	+13.492	+13.305	+13.492	+13.459	+13.453	+13.398	+13.398	+13.518	+13.358	+13.570	+13.555	+12.477	+13.706	+12.567	+12.834	+13.707	+13.749	+13.768	
rs2447175      +13.001	+13.128	+13.179	+8.642	+8.780	+8.763	+8.716	+9.036	+9.056	+8.734	+11.256	+11.785	+11.126	+11.815	+10.985	+10.997	+11.383	+11.774	+11.050	+11.030	+11.030	+11.030	+11.009	+11.002	+11.028	+11.027	+11.006	+11.229	+11.013	+11.019	+11.765	+11.046	+11.047	+11.048	+11.113	+11.131	+11.098	+11.131	+11.803	+11.130	+11.130	+11.130	+11.133	+11.133	+11.050	+11.043	+11.655	+11.118	+11.648	+10.966	+10.989	+10.966	+11.069	+10.787	+10.763	+10.939	+10.966	+10.965	+10.861	+10.964	+11.684	+10.803	+10.925	+11.683	+10.842	+11.203	+11.678	+11.694	+10.921	+11.158	+11.157	+11.168	+11.162	+10.920	+11.682	+10.954	+11.695	+10.959	+11.846	+11.155	+11.112	+11.449	+11.288	+12.808	+13.405	+12.809	+12.510	+12.941	+12.830	+12.874	+12.867	+10.458	+12.855	+10.476	+12.855	+12.814	+12.281	+12.769	+12.735	+12.719	+12.501	+12.580	+12.523	+12.755	+12.561	+12.571	+12.746	+12.758	+12.730	+12.526	+12.705	+12.707	+12.776	+12.661	+12.453	+12.408	+12.664	+12.664	+12.531	+11.824	+12.523	+12.519	+12.619	+12.580	+12.760	+12.649	+11.952	+12.120	+12.648	+12.726	+12.648	+12.620	+12.615	+12.677	+12.677	+12.677	+12.776	+12.725	+12.713	+12.230	+12.856	+12.312	+12.329	+12.849	+12.897	+12.932	
rs2447162      +13.118	+13.237	+13.287	+8.780	+8.831	+8.848	+8.829	+9.097	+9.116	+8.837	+11.395	+11.924	+11.288	+11.955	+11.037	+11.049	+11.525	+11.918	+11.101	+11.082	+11.082	+11.082	+11.062	+11.054	+11.080	+11.079	+11.058	+11.278	+11.065	+11.071	+11.910	+11.097	+11.098	+11.100	+11.280	+11.298	+11.266	+11.298	+11.948	+11.297	+11.297	+11.297	+11.300	+11.300	+11.102	+11.095	+11.803	+11.285	+11.797	+11.019	+11.159	+11.019	+11.121	+10.844	+10.821	+10.993	+11.019	+11.019	+10.916	+11.018	+11.832	+10.958	+10.979	+11.831	+10.898	+11.350	+11.826	+11.842	+10.975	+11.306	+11.306	+11.317	+11.311	+10.974	+11.830	+11.008	+11.843	+11.013	+11.992	+11.206	+11.163	+11.496	+11.601	+12.993	+13.588	+12.858	+12.562	+12.988	+12.879	+12.923	+12.915	+10.530	+12.904	+10.548	+12.904	+12.863	+12.337	+12.819	+12.786	+12.770	+12.561	+12.633	+12.583	+12.805	+12.620	+12.630	+12.796	+12.808	+12.780	+12.585	+12.756	+12.757	+12.825	+12.713	+12.513	+12.462	+12.716	+12.716	+12.591	+11.885	+12.583	+12.579	+12.672	+12.640	+12.812	+12.708	+12.013	+12.180	+12.708	+12.778	+12.707	+12.680	+12.675	+12.736	+12.736	+12.737	+12.827	+12.785	+12.774	+12.290	+12.916	+12.372	+12.397	+12.910	+12.957	+12.991	
rs2447161      +13.014	+13.126	+13.176	+8.763	+8.848	+8.722	+8.799	+9.064	+9.090	+8.824	+11.556	+12.090	+11.082	+12.122	+10.853	+10.865	+11.689	+12.087	+10.917	+10.897	+10.896	+10.897	+10.876	+10.869	+10.895	+10.894	+10.872	+11.096	+10.880	+10.885	+12.079	+10.913	+10.914	+10.916	+11.073	+11.091	+11.059	+11.091	+12.116	+11.092	+11.092	+11.091	+11.095	+11.095	+10.922	+10.914	+11.971	+11.080	+11.964	+10.835	+10.951	+10.835	+10.937	+10.656	+10.632	+10.809	+10.836	+10.835	+10.730	+10.834	+12.000	+11.121	+10.793	+11.999	+10.711	+11.514	+11.994	+12.010	+10.791	+11.470	+11.470	+11.480	+11.474	+10.789	+11.998	+10.824	+12.012	+10.829	+12.161	+11.026	+10.983	+11.323	+12.090	+13.055	+13.653	+12.928	+12.626	+13.062	+12.950	+12.992	+12.985	+10.314	+12.974	+10.332	+12.973	+12.931	+12.388	+12.888	+12.854	+12.839	+12.183	+12.700	+12.205	+12.873	+12.242	+12.253	+12.864	+12.877	+12.848	+12.207	+12.824	+12.825	+12.896	+12.780	+12.136	+12.528	+12.782	+12.782	+12.212	+11.935	+12.203	+12.199	+12.736	+12.260	+12.877	+12.325	+12.051	+12.219	+12.324	+12.840	+12.324	+12.297	+12.292	+12.351	+12.350	+12.352	+12.892	+12.399	+12.387	+12.363	+12.520	+12.444	+12.003	+12.511	+12.561	+12.593	
rs2470037      +13.045	+13.165	+13.216	+8.716	+8.829	+8.799	+8.734	+9.058	+9.078	+8.793	+11.346	+11.875	+11.232	+11.905	+10.981	+10.993	+11.472	+11.865	+11.045	+11.026	+11.025	+11.025	+11.005	+10.997	+11.024	+11.023	+11.001	+11.223	+11.008	+11.014	+11.856	+11.041	+11.042	+11.043	+11.218	+11.236	+11.203	+11.236	+11.893	+11.235	+11.235	+11.235	+11.238	+11.238	+11.045	+11.038	+11.747	+11.223	+11.741	+10.961	+11.095	+10.961	+11.064	+10.784	+10.760	+10.935	+10.961	+10.961	+10.857	+10.960	+11.776	+10.898	+10.920	+11.775	+10.838	+11.294	+11.770	+11.785	+10.917	+11.250	+11.250	+11.261	+11.254	+10.916	+11.774	+10.950	+11.787	+10.954	+11.937	+11.149	+11.107	+11.442	+11.505	+12.923	+13.519	+12.789	+12.492	+12.921	+12.811	+12.854	+12.846	+10.458	+12.835	+10.477	+12.834	+12.794	+12.268	+12.750	+12.716	+12.700	+12.488	+12.562	+12.510	+12.735	+12.548	+12.558	+12.726	+12.739	+12.710	+12.513	+12.686	+12.688	+12.755	+12.643	+12.441	+12.392	+12.646	+12.646	+12.519	+11.813	+12.510	+12.506	+12.602	+12.567	+12.742	+12.635	+11.941	+12.109	+12.635	+12.708	+12.635	+12.607	+12.602	+12.663	+12.662	+12.664	+12.757	+12.712	+12.701	+12.217	+12.843	+12.300	+12.322	+12.838	+12.884	+12.919	
rs2447151      +13.421	+13.531	+13.581	+9.036	+9.097	+9.064	+9.058	+9.195	+9.265	+9.069	+11.736	+12.265	+11.262	+12.296	+11.019	+11.030	+11.863	+12.262	+11.080	+11.062	+11.061	+11.061	+11.042	+11.035	+11.060	+11.059	+11.038	+11.254	+11.045	+11.051	+12.254	+11.077	+11.078	+11.079	+11.254	+11.272	+11.240	+11.272	+12.290	+11.272	+11.272	+11.272	+11.275	+11.276	+11.085	+11.078	+12.150	+11.261	+12.145	+11.004	+11.138	+11.004	+11.103	+10.836	+10.813	+10.979	+11.004	+11.004	+10.904	+11.003	+12.179	+11.314	+10.965	+12.179	+10.886	+11.697	+12.174	+12.190	+10.962	+11.654	+11.654	+11.664	+11.658	+10.961	+12.178	+10.994	+12.191	+10.998	+12.336	+11.187	+11.145	+11.472	+12.493	+13.381	+13.979	+13.258	+12.963	+13.389	+13.280	+13.323	+13.316	+10.539	+13.305	+10.556	+13.305	+13.263	+12.723	+13.222	+13.189	+13.174	+12.514	+13.037	+12.536	+13.207	+12.572	+12.582	+13.199	+13.211	+13.183	+12.538	+13.159	+13.160	+13.232	+13.116	+12.468	+12.866	+13.119	+13.119	+12.537	+12.274	+12.529	+12.525	+13.073	+12.585	+13.214	+12.651	+12.389	+12.554	+12.650	+13.178	+12.650	+12.623	+12.618	+12.681	+12.681	+12.677	+13.230	+12.723	+12.711	+12.720	+12.843	+12.805	+12.348	+12.837	+12.882	+12.916	
rs55642283     +13.447	+13.556	+13.606	+9.056	+9.116	+9.090	+9.078	+9.265	+9.226	+9.089	+11.750	+12.279	+11.277	+12.310	+11.032	+11.044	+11.877	+12.276	+11.094	+11.075	+11.075	+11.075	+11.055	+11.048	+11.073	+11.072	+11.052	+11.267	+11.059	+11.064	+12.269	+11.090	+11.092	+11.093	+11.269	+11.287	+11.255	+11.287	+12.305	+11.287	+11.287	+11.287	+11.290	+11.291	+11.099	+11.092	+12.165	+11.276	+12.160	+11.018	+11.153	+11.018	+11.117	+10.850	+10.828	+10.993	+11.018	+11.018	+10.918	+11.017	+12.194	+11.329	+10.979	+12.193	+10.900	+11.711	+12.189	+12.205	+10.976	+11.669	+11.669	+11.679	+11.673	+10.975	+12.193	+11.008	+12.206	+11.012	+12.351	+11.200	+11.159	+11.485	+12.520	+13.399	+13.998	+13.276	+12.982	+13.408	+13.299	+13.342	+13.335	+10.557	+13.324	+10.574	+13.323	+13.282	+12.742	+13.241	+13.208	+13.193	+12.533	+13.056	+12.555	+13.226	+12.591	+12.601	+13.218	+13.230	+13.202	+12.557	+13.178	+13.179	+13.251	+13.135	+12.487	+12.885	+13.138	+13.138	+12.556	+12.293	+12.548	+12.544	+13.092	+12.604	+13.233	+12.670	+12.409	+12.573	+12.669	+13.197	+12.669	+12.642	+12.637	+12.701	+12.700	+12.696	+13.249	+12.742	+12.730	+12.741	+12.862	+12.826	+12.368	+12.856	+12.901	+12.934	
rs2470039      +13.131	+13.251	+13.302	+8.734	+8.837	+8.824	+8.793	+9.069	+9.089	+8.770	+11.366	+11.895	+11.256	+11.924	+11.003	+11.015	+11.490	+11.883	+11.067	+11.047	+11.047	+11.047	+11.027	+11.019	+11.045	+11.044	+11.023	+11.244	+11.030	+11.036	+11.874	+11.062	+11.063	+11.065	+11.240	+11.258	+11.226	+11.258	+11.911	+11.258	+11.258	+11.257	+11.260	+11.260	+11.067	+11.059	+11.765	+11.245	+11.759	+10.983	+11.118	+10.983	+11.085	+10.806	+10.783	+10.957	+10.983	+10.983	+10.879	+10.982	+11.794	+10.918	+10.942	+11.793	+10.861	+11.313	+11.788	+11.804	+10.939	+11.269	+11.268	+11.279	+11.273	+10.938	+11.792	+10.972	+11.805	+10.976	+11.955	+11.171	+11.128	+11.462	+11.558	+12.946	+13.542	+12.814	+12.516	+12.945	+12.835	+12.878	+12.870	+10.484	+12.859	+10.502	+12.859	+12.818	+12.292	+12.774	+12.740	+12.724	+12.514	+12.587	+12.537	+12.759	+12.574	+12.584	+12.751	+12.763	+12.735	+12.539	+12.711	+12.712	+12.780	+12.667	+12.467	+12.417	+12.670	+12.670	+12.538	+11.831	+12.529	+12.525	+12.626	+12.586	+12.766	+12.654	+11.958	+12.125	+12.654	+12.732	+12.654	+12.626	+12.620	+12.681	+12.681	+12.682	+12.782	+12.729	+12.718	+12.243	+12.858	+12.326	+12.337	+12.852	+12.899	+12.933	
rs2100837      +16.882	+17.098	+17.158	+11.256	+11.395	+11.556	+11.346	+11.736	+11.750	+11.366	+11.234	+11.608	+11.113	+11.620	+11.321	+11.328	+11.318	+11.560	+11.358	+11.345	+11.344	+11.345	+11.331	+11.326	+11.343	+11.342	+11.328	+11.482	+11.333	+11.336	+11.548	+11.354	+11.355	+11.355	+11.076	+11.086	+11.070	+11.086	+11.581	+11.087	+11.087	+11.086	+11.088	+11.089	+11.359	+11.355	+11.460	+11.079	+11.453	+11.309	+11.018	+11.309	+11.379	+11.195	+11.181	+11.292	+11.309	+11.308	+11.245	+11.308	+11.485	+11.020	+11.286	+11.484	+11.238	+11.170	+11.480	+11.491	+11.282	+11.145	+11.145	+11.151	+11.147	+11.281	+11.483	+11.303	+11.492	+11.306	+11.614	+11.436	+11.406	+11.649	+10.870	+13.409	+13.881	+14.035	+13.772	+14.146	+14.049	+14.096	+14.090	+11.229	+14.082	+11.240	+14.082	+14.047	+13.538	+14.014	+13.984	+13.972	+13.786	+13.847	+13.806	+14.000	+13.837	+13.842	+13.992	+14.002	+13.978	+13.807	+13.956	+13.955	+14.013	+13.913	+13.739	+13.664	+13.906	+13.906	+13.800	+13.111	+13.792	+13.788	+13.868	+13.842	+13.992	+13.905	+13.262	+13.393	+13.904	+13.962	+13.904	+13.880	+13.876	+13.924	+13.923	+13.929	+14.006	+13.971	+13.966	+13.531	+14.093	+13.606	+13.625	+14.088	+14.131	+14.138	
rs2085905      +16.434	+16.568	+16.625	+11.785	+11.924	+12.090	+11.875	+12.265	+12.279	+11.895	+11.608	+11.733	+11.558	+11.785	+11.791	+11.798	+11.651	+11.722	+11.826	+11.814	+11.813	+11.814	+11.801	+11.797	+11.812	+11.812	+11.799	+11.944	+11.803	+11.805	+11.711	+11.822	+11.823	+11.823	+11.528	+11.538	+11.523	+11.538	+11.730	+11.538	+11.538	+11.538	+11.540	+11.541	+11.827	+11.823	+11.645	+11.533	+11.634	+11.782	+11.477	+11.782	+11.851	+11.678	+11.664	+11.767	+11.783	+11.782	+11.725	+11.783	+11.641	+11.421	+11.762	+11.642	+11.719	+11.563	+11.639	+11.642	+11.758	+11.542	+11.541	+11.547	+11.544	+11.757	+11.639	+11.777	+11.645	+11.780	+11.731	+11.901	+11.872	+12.096	+11.152	+13.546	+14.005	+14.138	+13.890	+14.246	+14.153	+14.202	+14.197	+11.750	+14.190	+11.760	+14.190	+14.156	+14.255	+14.129	+14.104	+14.091	+14.513	+13.972	+14.533	+14.115	+14.561	+14.563	+14.107	+14.117	+14.094	+14.530	+14.073	+14.072	+14.126	+14.031	+14.460	+13.783	+14.023	+14.024	+14.515	+13.797	+14.505	+14.501	+13.988	+14.556	+14.108	+14.620	+13.965	+14.091	+14.620	+14.079	+14.620	+14.596	+14.591	+14.641	+14.640	+14.643	+14.120	+14.687	+14.682	+13.643	+14.810	+13.715	+14.331	+14.808	+14.848	+14.854	
rs115502330    +16.443	+16.650	+16.709	+11.126	+11.288	+11.082	+11.232	+11.262	+11.277	+11.256	+11.113	+11.558	+10.777	+11.569	+10.904	+10.912	+11.185	+11.505	+10.945	+10.929	+10.928	+10.929	+10.914	+10.908	+10.927	+10.926	+10.910	+11.080	+10.915	+10.919	+11.492	+10.939	+10.940	+10.941	+10.746	+10.758	+10.738	+10.757	+11.527	+10.756	+10.756	+10.756	+10.756	+10.756	+10.949	+10.943	+11.395	+10.743	+11.389	+10.889	+10.668	+10.889	+10.965	+10.761	+10.746	+10.871	+10.889	+10.888	+10.818	+10.888	+11.417	+10.720	+10.861	+11.417	+10.808	+11.015	+11.412	+11.425	+10.858	+10.979	+10.979	+10.988	+10.982	+10.857	+11.416	+10.882	+11.426	+10.885	+11.561	+11.030	+10.997	+11.275	+10.713	+13.239	+13.796	+13.964	+13.694	+14.085	+13.985	+14.032	+14.027	+10.743	+14.018	+10.754	+14.017	+13.978	+13.437	+13.945	+13.914	+13.899	+13.265	+13.769	+13.285	+13.931	+13.317	+13.324	+13.922	+13.933	+13.907	+13.287	+13.885	+13.885	+13.946	+13.845	+13.223	+13.584	+13.835	+13.835	+13.284	+13.003	+13.275	+13.271	+13.791	+13.326	+13.924	+13.388	+13.147	+13.284	+13.388	+13.890	+13.388	+13.363	+13.359	+13.408	+13.407	+13.412	+13.938	+13.454	+13.447	+13.457	+13.572	+13.535	+13.104	+13.566	+13.609	+13.615	
rs67665719     +16.479	+16.616	+16.671	+11.815	+11.955	+12.122	+11.905	+12.296	+12.310	+11.924	+11.620	+11.785	+11.569	+11.748	+11.795	+11.803	+11.655	+11.738	+11.830	+11.818	+11.817	+11.818	+11.805	+11.801	+11.816	+11.815	+11.803	+11.947	+11.806	+11.809	+11.716	+11.826	+11.826	+11.827	+11.532	+11.541	+11.526	+11.541	+11.744	+11.542	+11.542	+11.541	+11.543	+11.544	+11.831	+11.827	+11.665	+11.536	+11.653	+11.787	+11.482	+11.787	+11.855	+11.683	+11.670	+11.771	+11.787	+11.787	+11.729	+11.787	+11.655	+11.430	+11.767	+11.655	+11.724	+11.567	+11.652	+11.654	+11.762	+11.547	+11.547	+11.552	+11.549	+11.762	+11.652	+11.782	+11.657	+11.784	+11.739	+11.905	+11.876	+12.098	+11.164	+13.548	+14.005	+14.146	+13.898	+14.254	+14.161	+14.210	+14.205	+11.757	+14.198	+11.766	+14.197	+14.164	+14.264	+14.136	+14.111	+14.098	+14.520	+13.979	+14.540	+14.122	+14.567	+14.569	+14.114	+14.124	+14.100	+14.537	+14.079	+14.079	+14.133	+14.040	+14.468	+13.792	+14.032	+14.032	+14.524	+13.807	+14.514	+14.509	+13.996	+14.564	+14.116	+14.628	+13.975	+14.101	+14.628	+14.088	+14.628	+14.604	+14.599	+14.649	+14.648	+14.651	+14.128	+14.695	+14.690	+13.653	+14.818	+13.725	+14.341	+14.816	+14.856	+14.861	
rs34112166     +16.307	+16.454	+16.511	+10.985	+11.037	+10.853	+10.981	+11.019	+11.032	+11.003	+11.321	+11.791	+10.904	+11.795	+10.735	+10.796	+11.369	+11.724	+10.822	+10.804	+10.803	+10.803	+10.787	+10.782	+10.801	+10.800	+10.781	+10.961	+10.788	+10.791	+11.712	+10.814	+10.815	+10.816	+10.838	+10.852	+10.829	+10.853	+11.745	+10.853	+10.853	+10.854	+10.857	+10.858	+10.810	+10.803	+11.623	+10.846	+11.619	+10.731	+10.757	+10.731	+10.790	+10.622	+10.614	+10.715	+10.731	+10.730	+10.666	+10.726	+11.647	+10.901	+10.699	+11.647	+10.651	+11.218	+11.642	+11.655	+10.700	+11.183	+11.183	+11.191	+11.186	+10.699	+11.646	+10.719	+11.657	+10.722	+11.788	+10.871	+10.838	+11.170	+11.168	+13.485	+14.053	+13.373	+13.115	+13.494	+13.398	+13.443	+13.438	+10.484	+13.430	+10.493	+13.430	+13.393	+12.892	+13.366	+13.336	+13.323	+12.747	+13.197	+12.766	+13.352	+12.795	+12.803	+13.345	+13.355	+13.330	+12.767	+13.309	+13.309	+13.367	+13.271	+12.707	+13.027	+13.266	+13.266	+12.768	+12.480	+12.760	+12.756	+13.225	+12.809	+13.352	+12.869	+12.618	+12.756	+12.868	+13.320	+12.868	+12.844	+12.840	+12.887	+12.886	+12.890	+13.363	+12.930	+12.923	+12.905	+13.044	+12.981	+12.598	+13.039	+13.080	+13.086	
rs11782222     +16.322	+16.469	+16.526	+10.997	+11.049	+10.865	+10.993	+11.030	+11.044	+11.015	+11.328	+11.798	+10.912	+11.803	+10.796	+10.752	+11.376	+11.732	+10.830	+10.812	+10.812	+10.812	+10.796	+10.791	+10.810	+10.808	+10.791	+10.965	+10.797	+10.800	+11.719	+10.822	+10.823	+10.824	+10.847	+10.861	+10.838	+10.862	+11.752	+10.863	+10.863	+10.863	+10.866	+10.867	+10.818	+10.811	+11.630	+10.855	+11.627	+10.742	+10.766	+10.742	+10.798	+10.636	+10.628	+10.725	+10.741	+10.740	+10.679	+10.736	+11.655	+10.910	+10.710	+11.654	+10.663	+11.227	+11.650	+11.662	+10.711	+11.191	+11.191	+11.200	+11.195	+10.710	+11.653	+10.730	+11.665	+10.732	+11.795	+10.878	+10.845	+11.172	+11.182	+13.496	+14.063	+13.384	+13.126	+13.505	+13.408	+13.454	+13.449	+10.496	+13.441	+10.505	+13.441	+13.403	+12.903	+13.377	+13.348	+13.334	+12.757	+13.208	+12.776	+13.363	+12.806	+12.814	+13.356	+13.366	+13.341	+12.778	+13.320	+13.320	+13.378	+13.282	+12.717	+13.038	+13.277	+13.277	+12.778	+12.492	+12.770	+12.767	+13.236	+12.820	+13.363	+12.879	+12.630	+12.768	+12.879	+13.331	+12.879	+12.855	+12.850	+12.897	+12.897	+12.901	+13.374	+12.941	+12.934	+12.916	+13.055	+12.993	+12.609	+13.050	+13.091	+13.096	
rs11782995     +17.024	+17.246	+17.310	+11.383	+11.525	+11.689	+11.472	+11.863	+11.877	+11.490	+11.318	+11.651	+11.185	+11.655	+11.369	+11.376	+11.341	+11.586	+11.404	+11.390	+11.390	+11.390	+11.377	+11.372	+11.389	+11.388	+11.374	+11.522	+11.378	+11.381	+11.574	+11.399	+11.399	+11.400	+11.137	+11.146	+11.132	+11.146	+11.608	+11.147	+11.147	+11.147	+11.148	+11.148	+11.405	+11.401	+11.488	+11.140	+11.481	+11.357	+11.087	+11.357	+11.425	+11.249	+11.236	+11.341	+11.357	+11.357	+11.297	+11.357	+11.511	+11.156	+11.335	+11.510	+11.290	+11.244	+11.506	+11.516	+11.331	+11.227	+11.227	+11.230	+11.228	+11.331	+11.509	+11.352	+11.518	+11.354	+11.636	+11.479	+11.450	+11.685	+10.939	+13.491	+13.959	+14.132	+13.870	+14.244	+14.146	+14.193	+14.188	+11.291	+14.180	+11.301	+14.179	+14.144	+13.642	+14.111	+14.083	+14.070	+13.895	+13.946	+13.915	+14.097	+13.945	+13.950	+14.089	+14.099	+14.075	+13.915	+14.053	+14.053	+14.111	+14.012	+13.849	+13.760	+14.004	+14.004	+13.910	+13.213	+13.902	+13.898	+13.968	+13.952	+14.092	+14.014	+13.363	+13.496	+14.014	+14.062	+14.014	+13.990	+13.985	+14.034	+14.034	+14.038	+14.105	+14.081	+14.075	+13.634	+14.203	+13.711	+13.740	+14.199	+14.240	+14.245	
rs72684286     +16.426	+16.564	+16.621	+11.774	+11.918	+12.087	+11.865	+12.262	+12.276	+11.883	+11.560	+11.722	+11.505	+11.738	+11.724	+11.732	+11.586	+11.639	+11.755	+11.742	+11.741	+11.741	+11.729	+11.724	+11.740	+11.739	+11.726	+11.873	+11.729	+11.732	+11.678	+11.749	+11.750	+11.751	+11.450	+11.460	+11.444	+11.460	+11.696	+11.460	+11.460	+11.460	+11.462	+11.463	+11.755	+11.751	+11.599	+11.454	+11.585	+11.709	+11.397	+11.709	+11.779	+11.602	+11.588	+11.693	+11.709	+11.709	+11.650	+11.709	+11.589	+11.342	+11.689	+11.589	+11.645	+11.488	+11.586	+11.587	+11.684	+11.466	+11.466	+11.472	+11.469	+11.683	+11.586	+11.704	+11.592	+11.707	+11.686	+11.830	+11.801	+12.027	+11.060	+13.472	+13.931	+14.070	+13.820	+14.178	+14.085	+14.134	+14.129	+11.676	+14.122	+11.686	+14.121	+14.088	+14.188	+14.060	+14.036	+14.023	+14.442	+13.903	+14.462	+14.046	+14.489	+14.492	+14.038	+14.048	+14.024	+14.458	+14.003	+14.003	+14.057	+13.961	+14.388	+13.713	+13.953	+13.953	+14.443	+13.726	+14.433	+14.429	+13.919	+14.483	+14.039	+14.548	+13.894	+14.022	+14.548	+14.010	+14.548	+14.523	+14.519	+14.568	+14.567	+14.571	+14.050	+14.614	+14.609	+13.574	+14.738	+13.645	+14.258	+14.735	+14.776	+14.780	
rs11779998     +16.393	+16.540	+16.598	+11.050	+11.101	+10.917	+11.045	+11.080	+11.094	+11.067	+11.358	+11.826	+10.945	+11.830	+10.822	+10.830	+11.404	+11.755	+10.809	+10.847	+10.846	+10.846	+10.833	+10.828	+10.845	+10.843	+10.828	+10.984	+10.833	+10.836	+11.742	+10.855	+10.856	+10.857	+10.874	+10.888	+10.865	+10.888	+11.775	+10.889	+10.889	+10.889	+10.893	+10.894	+10.849	+10.842	+11.655	+10.881	+11.651	+10.778	+10.795	+10.778	+10.827	+10.688	+10.682	+10.764	+10.778	+10.776	+10.723	+10.773	+11.679	+10.938	+10.749	+11.678	+10.708	+11.250	+11.674	+11.686	+10.751	+11.215	+11.215	+11.223	+11.218	+10.750	+11.677	+10.766	+11.689	+10.769	+11.818	+10.902	+10.872	+11.184	+11.223	+13.533	+14.100	+13.420	+13.163	+13.541	+13.445	+13.492	+13.487	+10.535	+13.479	+10.544	+13.479	+13.441	+12.942	+13.416	+13.386	+13.373	+12.796	+13.247	+12.815	+13.402	+12.844	+12.851	+13.394	+13.405	+13.380	+12.816	+13.358	+13.358	+13.416	+13.321	+12.756	+13.077	+13.316	+13.316	+12.817	+12.531	+12.809	+12.805	+13.276	+12.858	+13.402	+12.918	+12.671	+12.808	+12.917	+13.370	+12.917	+12.893	+12.889	+12.936	+12.935	+12.939	+13.413	+12.979	+12.972	+12.957	+13.093	+13.034	+12.650	+13.088	+13.129	+13.134	
rs7341594      +16.367	+16.515	+16.572	+11.030	+11.082	+10.897	+11.026	+11.062	+11.075	+11.047	+11.345	+11.814	+10.929	+11.818	+10.804	+10.812	+11.390	+11.742	+10.847	+10.777	+10.830	+10.830	+10.815	+10.810	+10.828	+10.827	+10.810	+10.976	+10.816	+10.819	+11.729	+10.839	+10.840	+10.841	+10.857	+10.871	+10.848	+10.871	+11.762	+10.872	+10.872	+10.872	+10.876	+10.877	+10.833	+10.826	+11.640	+10.864	+11.636	+10.759	+10.777	+10.759	+10.811	+10.662	+10.655	+10.743	+10.758	+10.757	+10.700	+10.753	+11.664	+10.920	+10.728	+11.664	+10.684	+11.234	+11.659	+11.672	+10.730	+11.199	+11.199	+11.207	+11.202	+10.729	+11.663	+10.747	+11.674	+10.749	+11.804	+10.889	+10.858	+11.180	+11.196	+13.513	+14.080	+13.400	+13.142	+13.521	+13.425	+13.471	+13.466	+10.512	+13.458	+10.521	+13.458	+13.421	+12.921	+13.395	+13.366	+13.352	+12.775	+13.226	+12.793	+13.381	+12.823	+12.830	+13.374	+13.384	+13.359	+12.795	+13.338	+13.337	+13.395	+13.300	+12.735	+13.056	+13.295	+13.295	+12.795	+12.509	+12.787	+12.784	+13.255	+12.837	+13.381	+12.896	+12.649	+12.786	+12.896	+13.349	+12.896	+12.872	+12.868	+12.914	+12.914	+12.918	+13.392	+12.958	+12.951	+12.935	+13.072	+13.012	+12.628	+13.067	+13.108	+13.113	
rs11786524     +16.366	+16.514	+16.571	+11.030	+11.082	+10.896	+11.025	+11.061	+11.075	+11.047	+11.344	+11.813	+10.928	+11.817	+10.803	+10.812	+11.390	+11.741	+10.846	+10.830	+10.776	+10.829	+10.815	+10.809	+10.827	+10.826	+10.809	+10.976	+10.815	+10.818	+11.728	+10.839	+10.840	+10.841	+10.856	+10.870	+10.847	+10.871	+11.762	+10.872	+10.872	+10.872	+10.875	+10.876	+10.833	+10.826	+11.640	+10.864	+11.636	+10.758	+10.776	+10.758	+10.811	+10.661	+10.654	+10.743	+10.758	+10.757	+10.699	+10.753	+11.664	+10.920	+10.727	+11.663	+10.684	+11.234	+11.659	+11.671	+10.729	+11.199	+11.198	+11.207	+11.202	+10.728	+11.662	+10.746	+11.674	+10.749	+11.804	+10.889	+10.857	+11.179	+11.196	+13.512	+14.080	+13.399	+13.142	+13.520	+13.424	+13.471	+13.466	+10.511	+13.458	+10.520	+13.457	+13.420	+12.920	+13.394	+13.365	+13.351	+12.774	+13.226	+12.793	+13.381	+12.822	+12.830	+13.373	+13.383	+13.359	+12.794	+13.337	+13.337	+13.394	+13.300	+12.734	+13.056	+13.294	+13.294	+12.795	+12.508	+12.787	+12.783	+13.254	+12.836	+13.381	+12.896	+12.648	+12.786	+12.896	+13.348	+12.895	+12.871	+12.867	+12.914	+12.914	+12.917	+13.392	+12.957	+12.951	+12.935	+13.072	+13.012	+12.627	+13.067	+13.108	+13.113	
rs11786573     +16.367	+16.514	+16.572	+11.030	+11.082	+10.897	+11.025	+11.061	+11.075	+11.047	+11.345	+11.814	+10.929	+11.818	+10.803	+10.812	+11.390	+11.741	+10.846	+10.830	+10.829	+10.777	+10.815	+10.810	+10.827	+10.826	+10.810	+10.976	+10.815	+10.818	+11.728	+10.839	+10.840	+10.841	+10.856	+10.870	+10.847	+10.871	+11.762	+10.872	+10.872	+10.872	+10.875	+10.876	+10.833	+10.826	+11.640	+10.864	+11.636	+10.759	+10.776	+10.759	+10.811	+10.661	+10.654	+10.743	+10.758	+10.757	+10.700	+10.753	+11.664	+10.920	+10.728	+11.663	+10.684	+11.234	+11.659	+11.671	+10.730	+11.199	+11.198	+11.207	+11.202	+10.728	+11.662	+10.746	+11.674	+10.749	+11.804	+10.889	+10.857	+11.180	+11.196	+13.512	+14.080	+13.399	+13.142	+13.521	+13.425	+13.471	+13.466	+10.511	+13.458	+10.520	+13.458	+13.420	+12.920	+13.394	+13.365	+13.351	+12.774	+13.226	+12.793	+13.381	+12.823	+12.830	+13.373	+13.384	+13.359	+12.794	+13.337	+13.337	+13.395	+13.300	+12.734	+13.056	+13.295	+13.295	+12.795	+12.508	+12.787	+12.784	+13.254	+12.837	+13.381	+12.896	+12.649	+12.786	+12.896	+13.349	+12.896	+12.872	+12.867	+12.914	+12.914	+12.918	+13.392	+12.958	+12.951	+12.935	+13.072	+13.012	+12.627	+13.067	+13.108	+13.113	
rs11786577     +16.341	+16.489	+16.546	+11.009	+11.062	+10.876	+11.005	+11.042	+11.055	+11.027	+11.331	+11.801	+10.914	+11.805	+10.787	+10.796	+11.377	+11.729	+10.833	+10.815	+10.815	+10.815	+10.747	+10.794	+10.813	+10.812	+10.793	+10.969	+10.800	+10.804	+11.716	+10.825	+10.826	+10.827	+10.840	+10.855	+10.832	+10.856	+11.749	+10.856	+10.856	+10.857	+10.860	+10.861	+10.819	+10.812	+11.627	+10.849	+11.622	+10.741	+10.760	+10.741	+10.797	+10.637	+10.629	+10.725	+10.741	+10.739	+10.678	+10.736	+11.650	+10.904	+10.709	+11.650	+10.663	+11.219	+11.645	+11.658	+10.711	+11.184	+11.184	+11.192	+11.187	+10.709	+11.649	+10.729	+11.660	+10.731	+11.791	+10.878	+10.845	+11.176	+11.171	+13.493	+14.062	+13.381	+13.124	+13.503	+13.407	+13.453	+13.448	+10.490	+13.440	+10.499	+13.439	+13.402	+12.902	+13.376	+13.347	+13.333	+12.755	+13.207	+12.774	+13.363	+12.804	+12.811	+13.355	+13.365	+13.341	+12.776	+13.319	+13.319	+13.376	+13.281	+12.715	+13.037	+13.276	+13.276	+12.776	+12.489	+12.768	+12.765	+13.236	+12.818	+13.362	+12.877	+12.629	+12.767	+12.877	+13.330	+12.877	+12.853	+12.848	+12.895	+12.895	+12.899	+13.373	+12.939	+12.932	+12.915	+13.052	+12.991	+12.607	+13.047	+13.088	+13.093	
rs59780141     +16.331	+16.479	+16.536	+11.002	+11.054	+10.869	+10.997	+11.035	+11.048	+11.019	+11.326	+11.797	+10.908	+11.801	+10.782	+10.791	+11.372	+11.724	+10.828	+10.810	+10.809	+10.810	+10.794	+10.736	+10.808	+10.806	+10.788	+10.967	+10.795	+10.798	+11.711	+10.820	+10.822	+10.823	+10.834	+10.849	+10.826	+10.850	+11.744	+10.851	+10.851	+10.851	+10.854	+10.855	+10.814	+10.807	+11.621	+10.843	+11.617	+10.735	+10.753	+10.735	+10.792	+10.628	+10.620	+10.718	+10.734	+10.733	+10.671	+10.729	+11.645	+10.897	+10.702	+11.645	+10.655	+11.214	+11.640	+11.652	+10.704	+11.178	+11.178	+11.187	+11.182	+10.702	+11.644	+10.722	+11.655	+10.725	+11.786	+10.874	+10.841	+11.175	+11.162	+13.485	+14.055	+13.374	+13.116	+13.495	+13.399	+13.445	+13.440	+10.482	+13.432	+10.491	+13.432	+13.394	+12.894	+13.368	+13.339	+13.325	+12.748	+13.200	+12.767	+13.355	+12.796	+12.804	+13.347	+13.358	+13.333	+12.768	+13.311	+13.311	+13.368	+13.274	+12.708	+13.029	+13.268	+13.268	+12.769	+12.481	+12.761	+12.757	+13.228	+12.810	+13.355	+12.870	+12.621	+12.759	+12.869	+13.322	+12.869	+12.845	+12.841	+12.887	+12.887	+12.891	+13.366	+12.931	+12.924	+12.907	+13.045	+12.983	+12.599	+13.039	+13.081	+13.086	
rs11783464     +16.364	+16.512	+16.570	+11.028	+11.080	+10.895	+11.024	+11.060	+11.073	+11.045	+11.343	+11.812	+10.927	+11.816	+10.801	+10.810	+11.389	+11.740	+10.845	+10.828	+10.827	+10.827	+10.813	+10.808	+10.773	+10.824	+10.807	+10.975	+10.813	+10.816	+11.727	+10.837	+10.838	+10.839	+10.854	+10.868	+10.845	+10.869	+11.760	+10.870	+10.870	+10.870	+10.873	+10.874	+10.831	+10.824	+11.638	+10.862	+11.634	+10.756	+10.774	+10.756	+10.809	+10.658	+10.651	+10.741	+10.756	+10.755	+10.697	+10.751	+11.662	+10.917	+10.725	+11.662	+10.681	+11.232	+11.657	+11.670	+10.727	+11.197	+11.197	+11.205	+11.200	+10.726	+11.661	+10.744	+11.672	+10.747	+11.802	+10.888	+10.856	+11.179	+11.193	+13.510	+14.077	+13.397	+13.140	+13.518	+13.422	+13.468	+13.463	+10.509	+13.456	+10.518	+13.455	+13.418	+12.918	+13.392	+13.363	+13.349	+12.772	+13.224	+12.791	+13.379	+12.820	+12.827	+13.371	+13.381	+13.357	+12.792	+13.335	+13.335	+13.392	+13.297	+12.732	+13.053	+13.292	+13.292	+12.793	+12.506	+12.785	+12.781	+13.252	+12.834	+13.378	+12.893	+12.646	+12.784	+12.893	+13.346	+12.893	+12.869	+12.865	+12.911	+12.911	+12.915	+13.390	+12.955	+12.948	+12.932	+13.069	+13.009	+12.625	+13.064	+13.105	+13.110	
rs57333327     +16.363	+16.511	+16.568	+11.027	+11.079	+10.894	+11.023	+11.059	+11.072	+11.044	+11.342	+11.812	+10.926	+11.815	+10.800	+10.808	+11.388	+11.739	+10.843	+10.827	+10.826	+10.826	+10.812	+10.806	+10.824	+10.771	+10.806	+10.975	+10.812	+10.815	+11.726	+10.836	+10.837	+10.838	+10.853	+10.867	+10.844	+10.868	+11.759	+10.868	+10.869	+10.869	+10.872	+10.873	+10.830	+10.823	+11.637	+10.861	+11.633	+10.755	+10.772	+10.755	+10.808	+10.657	+10.650	+10.739	+10.755	+10.753	+10.696	+10.750	+11.661	+10.916	+10.724	+11.661	+10.680	+11.231	+11.656	+11.669	+10.726	+11.196	+11.195	+11.204	+11.199	+10.724	+11.660	+10.743	+11.671	+10.745	+11.801	+10.887	+10.855	+11.179	+11.191	+13.508	+14.076	+13.396	+13.138	+13.517	+13.421	+13.467	+13.462	+10.507	+13.454	+10.516	+13.454	+13.416	+12.916	+13.390	+13.361	+13.348	+12.770	+13.222	+12.789	+13.377	+12.818	+12.826	+13.369	+13.380	+13.355	+12.790	+13.333	+13.333	+13.391	+13.296	+12.730	+13.052	+13.291	+13.291	+12.791	+12.504	+12.783	+12.779	+13.250	+12.833	+13.377	+12.892	+12.644	+12.782	+12.892	+13.345	+12.892	+12.868	+12.863	+12.910	+12.910	+12.914	+13.388	+12.954	+12.947	+12.931	+13.068	+13.008	+12.623	+13.063	+13.104	+13.109	
rs6996275      +16.332	+16.479	+16.537	+11.006	+11.058	+10.872	+11.001	+11.038	+11.052	+11.023	+11.328	+11.799	+10.910	+11.803	+10.781	+10.791	+11.374	+11.726	+10.828	+10.810	+10.809	+10.810	+10.793	+10.788	+10.807	+10.806	+10.737	+10.967	+10.794	+10.798	+11.712	+10.821	+10.822	+10.823	+10.836	+10.850	+10.827	+10.851	+11.746	+10.851	+10.851	+10.851	+10.855	+10.856	+10.815	+10.807	+11.623	+10.843	+11.619	+10.736	+10.754	+10.736	+10.792	+10.629	+10.621	+10.719	+10.735	+10.734	+10.672	+10.730	+11.647	+10.898	+10.703	+11.646	+10.656	+11.215	+11.642	+11.654	+10.704	+11.180	+11.180	+11.188	+11.183	+10.703	+11.645	+10.723	+11.657	+10.726	+11.788	+10.874	+10.841	+11.175	+11.165	+13.486	+14.055	+13.374	+13.116	+13.495	+13.399	+13.445	+13.440	+10.483	+13.432	+10.492	+13.432	+13.395	+12.894	+13.369	+13.339	+13.326	+12.747	+13.200	+12.766	+13.355	+12.796	+12.803	+13.347	+13.358	+13.333	+12.768	+13.311	+13.311	+13.369	+13.274	+12.707	+13.030	+13.269	+13.269	+12.768	+12.481	+12.760	+12.757	+13.228	+12.810	+13.355	+12.869	+12.622	+12.759	+12.869	+13.323	+12.869	+12.845	+12.840	+12.887	+12.887	+12.891	+13.366	+12.931	+12.924	+12.908	+13.045	+12.985	+12.599	+13.040	+13.081	+13.086	
rs73709779     +16.639	+16.788	+16.845	+11.229	+11.278	+11.096	+11.223	+11.254	+11.267	+11.244	+11.482	+11.944	+11.080	+11.947	+10.961	+10.965	+11.522	+11.873	+10.984	+10.976	+10.976	+10.976	+10.969	+10.967	+10.975	+10.975	+10.967	+11.035	+10.970	+10.971	+11.860	+10.981	+10.981	+10.982	+11.013	+11.026	+11.006	+11.027	+11.892	+11.027	+11.027	+11.028	+11.031	+11.032	+10.974	+10.970	+11.777	+11.021	+11.774	+10.927	+10.943	+10.927	+10.957	+10.876	+10.874	+10.919	+10.927	+10.926	+10.895	+10.922	+11.801	+11.081	+10.906	+11.801	+10.880	+11.377	+11.797	+11.809	+10.910	+11.344	+11.344	+11.352	+11.347	+10.908	+11.800	+10.918	+11.811	+10.919	+11.935	+11.011	+10.989	+11.235	+11.422	+13.727	+14.294	+13.611	+13.357	+13.731	+13.636	+13.683	+13.678	+10.714	+13.670	+10.722	+13.670	+13.633	+13.131	+13.608	+13.579	+13.565	+12.987	+13.441	+13.006	+13.595	+13.035	+13.042	+13.587	+13.597	+13.573	+13.007	+13.551	+13.551	+13.609	+13.514	+12.947	+13.271	+13.509	+13.509	+13.008	+12.723	+13.000	+12.997	+13.468	+13.050	+13.594	+13.108	+12.866	+13.000	+13.108	+13.563	+13.108	+13.084	+13.080	+13.128	+13.127	+13.130	+13.606	+13.170	+13.164	+13.155	+13.284	+13.233	+12.847	+13.281	+13.320	+13.325	
rs11780243     +16.345	+16.493	+16.550	+11.013	+11.065	+10.880	+11.008	+11.045	+11.059	+11.030	+11.333	+11.803	+10.915	+11.806	+10.788	+10.797	+11.378	+11.729	+10.833	+10.816	+10.815	+10.815	+10.800	+10.795	+10.813	+10.812	+10.794	+10.970	+10.748	+10.804	+11.716	+10.826	+10.827	+10.828	+10.841	+10.856	+10.832	+10.856	+11.749	+10.857	+10.857	+10.857	+10.861	+10.862	+10.820	+10.813	+11.627	+10.849	+11.622	+10.742	+10.760	+10.742	+10.798	+10.639	+10.631	+10.726	+10.742	+10.741	+10.680	+10.737	+11.650	+10.904	+10.710	+11.650	+10.664	+11.219	+11.646	+11.658	+10.712	+11.184	+11.184	+11.192	+11.187	+10.710	+11.649	+10.730	+11.660	+10.732	+11.791	+10.879	+10.846	+11.177	+11.173	+13.493	+14.062	+13.382	+13.124	+13.503	+13.407	+13.453	+13.448	+10.491	+13.440	+10.500	+13.440	+13.402	+12.902	+13.376	+13.347	+13.333	+12.755	+13.208	+12.774	+13.363	+12.804	+12.811	+13.355	+13.366	+13.341	+12.776	+13.319	+13.319	+13.376	+13.282	+12.715	+13.038	+13.276	+13.276	+12.776	+12.490	+12.768	+12.765	+13.236	+12.818	+13.363	+12.877	+12.630	+12.767	+12.877	+13.331	+12.877	+12.853	+12.848	+12.895	+12.895	+12.899	+13.374	+12.939	+12.932	+12.915	+13.052	+12.992	+12.607	+13.047	+13.088	+13.093	
rs61100635     +16.349	+16.497	+16.555	+11.019	+11.071	+10.885	+11.014	+11.051	+11.064	+11.036	+11.336	+11.805	+10.919	+11.809	+10.791	+10.800	+11.381	+11.732	+10.836	+10.819	+10.818	+10.818	+10.804	+10.798	+10.816	+10.815	+10.798	+10.971	+10.804	+10.756	+11.719	+10.829	+10.830	+10.831	+10.845	+10.860	+10.836	+10.860	+11.752	+10.861	+10.861	+10.861	+10.864	+10.865	+10.823	+10.816	+11.630	+10.853	+11.625	+10.746	+10.764	+10.746	+10.801	+10.644	+10.637	+10.730	+10.746	+10.745	+10.685	+10.741	+11.653	+10.908	+10.714	+11.652	+10.669	+11.222	+11.648	+11.660	+10.716	+11.187	+11.186	+11.195	+11.190	+10.715	+11.651	+10.734	+11.662	+10.737	+11.793	+10.881	+10.849	+11.177	+11.176	+13.496	+14.065	+13.384	+13.127	+13.506	+13.409	+13.456	+13.451	+10.496	+13.443	+10.505	+13.442	+13.405	+12.906	+13.379	+13.350	+13.336	+12.760	+13.211	+12.779	+13.366	+12.808	+12.816	+13.358	+13.368	+13.344	+12.780	+13.322	+13.322	+13.379	+13.285	+12.720	+13.040	+13.279	+13.279	+12.781	+12.493	+12.773	+12.769	+13.239	+12.822	+13.365	+12.882	+12.634	+12.771	+12.881	+13.333	+12.881	+12.857	+12.853	+12.899	+12.899	+12.903	+13.376	+12.943	+12.936	+12.919	+13.056	+12.996	+12.611	+13.051	+13.092	+13.097	
rs7839760      +16.414	+16.553	+16.611	+11.765	+11.910	+12.079	+11.856	+12.254	+12.269	+11.874	+11.548	+11.711	+11.492	+11.716	+11.712	+11.719	+11.574	+11.678	+11.742	+11.729	+11.728	+11.728	+11.716	+11.711	+11.727	+11.726	+11.712	+11.860	+11.716	+11.719	+11.616	+11.736	+11.737	+11.738	+11.434	+11.445	+11.428	+11.445	+11.687	+11.445	+11.445	+11.445	+11.447	+11.447	+11.742	+11.737	+11.586	+11.438	+11.572	+11.695	+11.380	+11.695	+11.765	+11.587	+11.574	+11.679	+11.695	+11.695	+11.636	+11.695	+11.576	+11.324	+11.674	+11.577	+11.630	+11.473	+11.573	+11.574	+11.669	+11.451	+11.450	+11.456	+11.453	+11.669	+11.573	+11.690	+11.579	+11.692	+11.677	+11.816	+11.787	+12.015	+11.038	+13.456	+13.915	+14.056	+13.806	+14.164	+14.071	+14.119	+14.115	+11.661	+14.107	+11.671	+14.107	+14.073	+14.174	+14.045	+14.021	+14.008	+14.427	+13.888	+14.447	+14.032	+14.474	+14.477	+14.024	+14.034	+14.010	+14.443	+13.989	+13.988	+14.042	+13.947	+14.372	+13.698	+13.939	+13.939	+14.428	+13.711	+14.418	+14.413	+13.904	+14.468	+14.024	+14.533	+13.879	+14.008	+14.533	+13.996	+14.533	+14.508	+14.504	+14.552	+14.552	+14.555	+14.036	+14.599	+14.594	+13.559	+14.722	+13.630	+14.242	+14.720	+14.760	+14.764	
rs58936256     +16.385	+16.533	+16.590	+11.046	+11.097	+10.913	+11.041	+11.077	+11.090	+11.062	+11.354	+11.822	+10.939	+11.826	+10.814	+10.822	+11.399	+11.749	+10.855	+10.839	+10.839	+10.839	+10.825	+10.820	+10.837	+10.836	+10.821	+10.981	+10.826	+10.829	+11.736	+10.796	+10.850	+10.851	+10.866	+10.880	+10.857	+10.880	+11.768	+10.881	+10.881	+10.881	+10.884	+10.885	+10.844	+10.838	+11.647	+10.873	+11.643	+10.772	+10.785	+10.772	+10.821	+10.681	+10.675	+10.758	+10.772	+10.771	+10.717	+10.767	+11.670	+10.928	+10.742	+11.670	+10.701	+11.241	+11.666	+11.678	+10.745	+11.206	+11.206	+11.214	+11.209	+10.743	+11.669	+10.760	+11.680	+10.762	+11.810	+10.898	+10.867	+11.185	+11.210	+13.522	+14.089	+13.410	+13.153	+13.531	+13.435	+13.481	+13.476	+10.525	+13.468	+10.534	+13.468	+13.431	+12.931	+13.405	+13.376	+13.362	+12.786	+13.237	+12.805	+13.391	+12.834	+12.842	+13.384	+13.394	+13.369	+12.806	+13.348	+13.348	+13.405	+13.310	+12.746	+13.067	+13.305	+13.305	+12.807	+12.520	+12.799	+12.796	+13.265	+12.849	+13.391	+12.908	+12.660	+12.797	+12.908	+13.359	+12.908	+12.884	+12.879	+12.926	+12.926	+12.929	+13.402	+12.969	+12.963	+12.946	+13.084	+13.023	+12.640	+13.079	+13.120	+13.125	
rs56774448     +16.386	+16.534	+16.591	+11.047	+11.098	+10.914	+11.042	+11.078	+11.092	+11.063	+11.355	+11.823	+10.940	+11.826	+10.815	+10.823	+11.399	+11.750	+10.856	+10.840	+10.840	+10.840	+10.826	+10.822	+10.838	+10.837	+10.822	+10.981	+10.827	+10.830	+11.737	+10.850	+10.799	+10.852	+10.867	+10.881	+10.858	+10.881	+11.769	+10.882	+10.882	+10.882	+10.885	+10.886	+10.847	+10.840	+11.647	+10.873	+11.643	+10.775	+10.786	+10.775	+10.823	+10.684	+10.679	+10.760	+10.774	+10.773	+10.720	+10.769	+11.671	+10.929	+10.744	+11.670	+10.703	+11.241	+11.666	+11.678	+10.747	+11.206	+11.206	+11.215	+11.210	+10.745	+11.669	+10.762	+11.680	+10.764	+11.810	+10.900	+10.869	+11.186	+11.211	+13.522	+14.090	+13.410	+13.153	+13.531	+13.435	+13.482	+13.477	+10.527	+13.469	+10.535	+13.468	+13.431	+12.932	+13.405	+13.376	+13.363	+12.788	+13.237	+12.807	+13.392	+12.836	+12.843	+13.384	+13.395	+13.370	+12.808	+13.348	+13.348	+13.406	+13.311	+12.748	+13.067	+13.306	+13.306	+12.809	+12.520	+12.801	+12.797	+13.265	+12.850	+13.392	+12.909	+12.661	+12.798	+12.909	+13.360	+12.909	+12.885	+12.881	+12.927	+12.927	+12.931	+13.403	+12.971	+12.964	+12.947	+13.085	+13.024	+12.642	+13.080	+13.121	+13.126	
