## Summary of overall evidence for association with region:
## log10(BF for region) = -0.324628
## p-value for region = NA

## BFs for choosing among multi-SNP models:
## log10(average 1-SNP BF) = -0.274594
## log10(average 2-SNP BF) = -0.446226

## Example posterior probabilities for multi-SNP models, based on default prior: [p(l) propto 0.5^l for l=1,2,...,L]
## posterior probability of 1-SNP = 0.74807
## posterior probability of 2-SNP = 0.25193

## log10(BF) for single SNP and pair of SNPs:
rs17123184     +0.288	+0.235	+0.234	+0.245	+0.243	+0.117	+0.181	+0.145	-0.217	-0.220	-0.222	+0.329	+0.021	-0.128	+0.015	-0.091	-0.091	-0.090	-0.096	-0.087	-0.087	-0.086	-0.087	-0.086	-0.225	+0.227	-0.001	-0.082	-0.081	-0.082	-0.226	-0.226	-0.083	-0.083	-0.083	-0.083	-0.080	-0.089	-0.090	-0.090	-0.090	-0.084	-0.085	-0.097	-0.090	-0.086	-0.087	-0.087	-0.087	+0.249	-0.089	-0.089	+0.209	-0.082	+0.219	+0.181	-0.230	-0.088	+0.030	-0.165	-0.129	-0.118	-0.073	-0.081	+0.156	-0.080	-0.080	+0.140	-0.084	-0.083	-0.078	+0.260	-0.243	+0.568	-0.243	-0.275	-0.035	-0.234	-0.036	-0.245	-0.244	-0.241	+0.211	-0.275	-0.241	-0.244	-0.038	-0.143	-0.146	-0.166	-0.002	+0.023	-0.222	-0.220	+0.014	+0.014	-0.035	+0.000	-0.164	-0.165	-0.128	-0.124	-0.036	-0.260	-0.125	+0.450	-0.129	+0.449	+0.449	+0.450	-0.260	-0.036	-0.260	-0.217	-0.129	-0.032	-0.253	-0.261	-0.261	-0.261	-0.260	-0.254	-0.253	-0.254	-0.253	-0.256	-0.256	-0.256	-0.252	+0.126	-0.238	-0.244	-0.217	+0.111	-0.288	-0.294	-0.297	-0.252	-0.295	-0.293	+0.133	-0.256	-0.302	-0.265	-0.264	-0.259	-0.217	-0.216	-0.192	-0.212	-0.212	-0.261	-0.211	-0.215	-0.209	-0.186	-0.208	-0.292	-0.217	-0.187	-0.256	-0.306	-0.277	-0.301	-0.260	-0.260	-0.245	-0.302	-0.302	-0.302	-0.261	-0.261	-0.258	-0.242	-0.225	-0.257	-0.240	-0.218	-0.236	-0.239	-0.212	-0.294	-0.206	
rs74079019     +0.235	+0.275	+0.229	+0.239	+0.237	+0.110	+0.169	+0.134	-0.229	-0.232	-0.234	+0.318	+0.009	-0.141	+0.003	-0.101	-0.101	-0.101	-0.106	-0.097	-0.097	-0.097	-0.097	-0.096	-0.237	+0.216	-0.011	-0.092	-0.092	-0.093	-0.238	-0.238	-0.093	-0.093	-0.093	-0.093	-0.091	-0.100	-0.100	-0.100	-0.101	-0.094	-0.096	-0.107	-0.100	-0.097	-0.097	-0.097	-0.098	+0.238	-0.099	-0.100	+0.198	-0.092	+0.207	+0.169	-0.241	-0.100	+0.019	-0.176	-0.139	-0.128	-0.083	-0.091	+0.146	-0.092	-0.091	+0.130	-0.094	-0.093	-0.088	+0.250	-0.254	+0.561	-0.255	-0.287	-0.047	-0.246	-0.048	-0.256	-0.256	-0.252	+0.202	-0.286	-0.252	-0.256	-0.050	-0.154	-0.156	-0.177	-0.014	+0.011	-0.233	-0.232	+0.002	+0.001	-0.047	-0.012	-0.176	-0.176	-0.140	-0.136	-0.048	-0.272	-0.137	+0.442	-0.141	+0.441	+0.441	+0.442	-0.272	-0.048	-0.272	-0.229	-0.141	-0.044	-0.265	-0.273	-0.273	-0.273	-0.272	-0.265	-0.264	-0.266	-0.265	-0.268	-0.267	-0.268	-0.264	+0.113	-0.250	-0.256	-0.229	+0.100	-0.300	-0.306	-0.308	-0.264	-0.307	-0.305	+0.121	-0.268	-0.314	-0.277	-0.276	-0.271	-0.228	-0.227	-0.203	-0.224	-0.224	-0.272	-0.223	-0.226	-0.220	-0.196	-0.219	-0.304	-0.228	-0.198	-0.268	-0.318	-0.289	-0.312	-0.272	-0.272	-0.256	-0.313	-0.313	-0.313	-0.273	-0.273	-0.270	-0.254	-0.237	-0.269	-0.251	-0.230	-0.248	-0.251	-0.223	-0.306	-0.218	
rs7539677      +0.234	+0.229	+0.273	+0.238	+0.236	+0.109	+0.168	+0.132	-0.230	-0.233	-0.235	+0.316	+0.007	-0.143	+0.002	-0.103	-0.103	-0.102	-0.107	-0.099	-0.099	-0.098	-0.099	-0.098	-0.238	+0.214	-0.012	-0.094	-0.093	-0.094	-0.239	-0.239	-0.095	-0.094	-0.095	-0.095	-0.092	-0.101	-0.102	-0.102	-0.102	-0.096	-0.097	-0.109	-0.102	-0.098	-0.099	-0.099	-0.099	+0.237	-0.101	-0.101	+0.197	-0.094	+0.205	+0.168	-0.243	-0.102	+0.018	-0.177	-0.141	-0.130	-0.084	-0.093	+0.144	-0.093	-0.092	+0.129	-0.096	-0.095	-0.089	+0.249	-0.256	+0.560	-0.256	-0.288	-0.048	-0.248	-0.049	-0.258	-0.257	-0.254	+0.201	-0.288	-0.254	-0.257	-0.051	-0.155	-0.158	-0.179	-0.016	+0.009	-0.234	-0.234	+0.000	-0.000	-0.048	-0.014	-0.177	-0.178	-0.142	-0.137	-0.050	-0.273	-0.138	+0.440	-0.143	+0.440	+0.440	+0.441	-0.273	-0.049	-0.273	-0.231	-0.142	-0.046	-0.266	-0.274	-0.274	-0.274	-0.273	-0.267	-0.266	-0.267	-0.266	-0.270	-0.269	-0.269	-0.265	+0.112	-0.251	-0.257	-0.230	+0.099	-0.301	-0.307	-0.310	-0.265	-0.308	-0.307	+0.119	-0.270	-0.315	-0.279	-0.277	-0.273	-0.230	-0.228	-0.204	-0.225	-0.225	-0.274	-0.224	-0.228	-0.221	-0.198	-0.221	-0.305	-0.230	-0.200	-0.270	-0.319	-0.290	-0.314	-0.274	-0.274	-0.257	-0.315	-0.315	-0.315	-0.274	-0.274	-0.272	-0.256	-0.238	-0.270	-0.252	-0.231	-0.249	-0.252	-0.225	-0.307	-0.219	
rs7516863      +0.245	+0.239	+0.238	+0.293	+0.247	+0.120	+0.185	+0.149	-0.213	-0.216	-0.218	+0.333	+0.025	-0.124	+0.020	-0.087	-0.087	-0.087	-0.092	-0.083	-0.083	-0.083	-0.083	-0.082	-0.221	+0.231	+0.003	-0.078	-0.077	-0.079	-0.222	-0.222	-0.079	-0.079	-0.079	-0.079	-0.076	-0.086	-0.086	-0.086	-0.087	-0.080	-0.082	-0.093	-0.086	-0.083	-0.083	-0.083	-0.084	+0.253	-0.085	-0.086	+0.213	-0.078	+0.224	+0.185	-0.225	-0.084	+0.033	-0.162	-0.125	-0.114	-0.069	-0.077	+0.159	-0.075	-0.076	+0.143	-0.080	-0.080	-0.074	+0.263	-0.239	+0.571	-0.239	-0.271	-0.031	-0.230	-0.032	-0.241	-0.240	-0.237	+0.214	-0.270	-0.237	-0.240	-0.034	-0.139	-0.142	-0.161	+0.002	+0.028	-0.218	-0.216	+0.019	+0.018	-0.030	+0.005	-0.160	-0.160	-0.124	-0.120	-0.032	-0.256	-0.120	+0.452	-0.125	+0.452	+0.452	+0.453	-0.256	-0.031	-0.256	-0.213	-0.124	-0.028	-0.249	-0.257	-0.257	-0.257	-0.256	-0.249	-0.248	-0.250	-0.249	-0.252	-0.251	-0.252	-0.248	+0.130	-0.233	-0.240	-0.213	+0.114	-0.284	-0.290	-0.293	-0.248	-0.291	-0.289	+0.138	-0.252	-0.298	-0.261	-0.260	-0.255	-0.214	-0.212	-0.188	-0.209	-0.209	-0.257	-0.208	-0.211	-0.205	-0.182	-0.204	-0.288	-0.213	-0.184	-0.252	-0.302	-0.273	-0.296	-0.256	-0.256	-0.241	-0.298	-0.298	-0.298	-0.257	-0.257	-0.254	-0.238	-0.221	-0.253	-0.236	-0.214	-0.231	-0.234	-0.208	-0.290	-0.202	
rs7551777      +0.243	+0.237	+0.236	+0.247	+0.290	+0.118	+0.182	+0.147	-0.215	-0.218	-0.221	+0.330	+0.023	-0.127	+0.017	-0.090	-0.090	-0.089	-0.094	-0.086	-0.086	-0.085	-0.086	-0.085	-0.223	+0.228	+0.000	-0.081	-0.080	-0.081	-0.225	-0.225	-0.082	-0.081	-0.082	-0.082	-0.079	-0.088	-0.089	-0.089	-0.089	-0.083	-0.084	-0.096	-0.089	-0.085	-0.086	-0.086	-0.086	+0.251	-0.088	-0.088	+0.211	-0.081	+0.221	+0.182	-0.228	-0.086	+0.031	-0.164	-0.128	-0.117	-0.071	-0.080	+0.156	-0.078	-0.079	+0.141	-0.083	-0.082	-0.077	+0.260	-0.241	+0.569	-0.242	-0.273	-0.033	-0.233	-0.034	-0.243	-0.243	-0.239	+0.211	-0.273	-0.239	-0.243	-0.036	-0.141	-0.144	-0.164	-0.000	+0.025	-0.220	-0.219	+0.016	+0.015	-0.033	+0.002	-0.163	-0.163	-0.126	-0.122	-0.035	-0.258	-0.123	+0.450	-0.127	+0.450	+0.450	+0.451	-0.258	-0.034	-0.259	-0.216	-0.127	-0.030	-0.252	-0.260	-0.260	-0.259	-0.259	-0.252	-0.251	-0.252	-0.251	-0.255	-0.254	-0.255	-0.251	+0.128	-0.236	-0.243	-0.216	+0.112	-0.287	-0.293	-0.295	-0.250	-0.294	-0.292	+0.135	-0.254	-0.300	-0.264	-0.262	-0.258	-0.216	-0.215	-0.190	-0.211	-0.211	-0.260	-0.210	-0.214	-0.208	-0.184	-0.207	-0.291	-0.216	-0.186	-0.255	-0.305	-0.276	-0.299	-0.259	-0.259	-0.243	-0.300	-0.300	-0.300	-0.260	-0.260	-0.256	-0.241	-0.224	-0.256	-0.238	-0.217	-0.234	-0.237	-0.211	-0.292	-0.205	
rs11207933     +0.117	+0.110	+0.109	+0.120	+0.118	+0.228	+0.121	+0.086	-0.240	-0.244	-0.248	+0.247	-0.000	-0.126	+0.010	+0.018	+0.018	+0.019	+0.011	+0.023	+0.023	+0.024	+0.023	+0.024	-0.251	+0.151	+0.041	+0.029	+0.030	+0.028	-0.253	-0.253	+0.028	+0.028	+0.028	+0.027	+0.031	+0.021	+0.021	+0.021	+0.020	+0.026	+0.024	+0.009	+0.018	+0.022	+0.022	+0.022	+0.021	+0.180	+0.019	+0.018	+0.142	+0.028	+0.191	+0.115	-0.261	-0.158	+0.162	-0.084	-0.035	-0.021	+0.038	+0.027	+0.313	-0.152	+0.028	+0.294	+0.003	+0.004	+0.010	+0.412	-0.280	+0.602	-0.280	-0.297	+0.032	-0.254	+0.035	-0.281	-0.281	-0.279	+0.091	-0.296	-0.279	-0.281	+0.040	-0.199	-0.201	-0.201	-0.029	-0.003	-0.265	-0.237	-0.013	-0.013	+0.030	-0.027	-0.200	-0.200	-0.178	-0.175	+0.029	-0.286	-0.176	+0.488	-0.179	+0.488	+0.488	+0.488	-0.286	+0.027	-0.286	-0.233	-0.179	+0.014	-0.287	-0.288	-0.288	-0.289	-0.287	-0.277	-0.275	-0.278	-0.276	-0.282	-0.280	-0.282	-0.282	-0.086	-0.249	-0.288	-0.263	+0.026	-0.334	-0.328	-0.328	-0.265	-0.325	-0.339	-0.091	-0.270	-0.337	-0.283	-0.281	-0.274	-0.200	-0.198	-0.167	-0.194	-0.194	-0.261	-0.193	-0.197	-0.189	-0.160	-0.188	-0.306	-0.186	-0.162	-0.270	-0.331	-0.266	-0.329	-0.276	-0.276	-0.238	-0.324	-0.323	-0.322	-0.271	-0.271	-0.273	-0.317	-0.270	-0.293	-0.282	-0.264	-0.313	-0.314	-0.259	-0.332	-0.254	
rs4915801      +0.181	+0.169	+0.168	+0.185	+0.182	+0.121	-0.086	-0.269	-0.554	-0.551	-0.546	-0.146	-0.353	-0.559	-0.356	-0.224	-0.223	-0.223	-0.230	-0.218	-0.218	-0.218	-0.219	-0.218	-0.548	-0.234	-0.117	-0.213	-0.212	-0.214	-0.548	-0.548	-0.215	-0.215	-0.215	-0.216	-0.212	-0.230	-0.230	-0.230	-0.231	-0.217	-0.219	-0.236	-0.226	-0.221	-0.222	-0.222	-0.222	-0.217	-0.225	-0.226	-0.249	-0.218	-0.181	-0.270	-0.534	-0.488	-0.058	-0.296	-0.237	-0.221	-0.152	-0.166	+0.106	-0.494	-0.166	+0.086	-0.112	-0.111	-0.102	+0.280	-0.530	+0.571	-0.530	-0.596	-0.387	-0.582	-0.387	-0.533	-0.533	-0.525	+0.536	-0.598	-0.525	-0.533	-0.387	-0.351	-0.355	-0.352	-0.378	-0.360	-0.481	-0.583	-0.366	-0.367	-0.386	-0.376	-0.353	-0.356	-0.423	-0.428	-0.387	-0.586	-0.427	+0.371	-0.422	+0.371	+0.371	+0.372	-0.587	-0.387	-0.587	-0.585	-0.424	-0.386	-0.554	-0.583	-0.583	-0.582	-0.585	-0.591	-0.592	-0.591	-0.592	-0.588	-0.589	-0.587	-0.570	-0.303	-0.602	-0.521	-0.486	-0.012	-0.633	-0.610	-0.622	-0.611	-0.627	-0.638	-0.285	-0.611	-0.636	-0.607	-0.608	-0.612	-0.439	-0.437	-0.391	-0.431	-0.431	-0.523	-0.430	-0.435	-0.426	-0.381	-0.424	-0.599	-0.423	-0.384	-0.613	-0.629	-0.531	-0.628	-0.612	-0.612	-0.480	-0.623	-0.622	-0.621	-0.523	-0.523	-0.613	-0.621	-0.484	-0.547	-0.509	-0.473	-0.618	-0.620	-0.463	-0.610	-0.454	
rs72679766     +0.145	+0.134	+0.132	+0.149	+0.147	+0.086	-0.269	-0.137	-0.604	-0.601	-0.597	-0.151	-0.401	-0.604	-0.404	-0.217	-0.216	-0.216	-0.224	-0.211	-0.211	-0.211	-0.212	-0.211	-0.599	-0.250	-0.101	-0.205	-0.205	-0.207	-0.598	-0.598	-0.208	-0.207	-0.208	-0.208	-0.205	-0.223	-0.223	-0.223	-0.224	-0.210	-0.212	-0.231	-0.220	-0.215	-0.215	-0.215	-0.216	-0.215	-0.219	-0.220	-0.252	-0.211	-0.230	-0.277	-0.584	-0.514	-0.047	-0.350	-0.292	-0.276	-0.208	-0.222	+0.127	-0.524	-0.222	+0.105	-0.171	-0.170	-0.161	+0.309	-0.560	+0.534	-0.560	-0.633	-0.435	-0.629	-0.435	-0.564	-0.563	-0.555	+0.610	-0.636	-0.554	-0.564	-0.436	-0.365	-0.369	-0.335	-0.426	-0.407	-0.505	-0.630	-0.414	-0.414	-0.434	-0.423	-0.338	-0.343	-0.433	-0.439	-0.435	-0.625	-0.438	+0.339	-0.432	+0.339	+0.339	+0.340	-0.627	-0.435	-0.627	-0.632	-0.433	-0.434	-0.588	-0.622	-0.622	-0.621	-0.625	-0.633	-0.634	-0.632	-0.634	-0.629	-0.629	-0.627	-0.608	-0.348	-0.649	-0.569	-0.533	-0.054	-0.680	-0.657	-0.669	-0.658	-0.674	-0.683	-0.347	-0.658	-0.680	-0.653	-0.654	-0.658	-0.468	-0.466	-0.435	-0.460	-0.460	-0.556	-0.459	-0.464	-0.454	-0.426	-0.453	-0.638	-0.454	-0.428	-0.660	-0.672	-0.577	-0.675	-0.659	-0.659	-0.526	-0.670	-0.669	-0.668	-0.570	-0.570	-0.660	-0.668	-0.514	-0.591	-0.541	-0.502	-0.664	-0.666	-0.492	-0.657	-0.482	
rs12743459     -0.217	-0.229	-0.230	-0.213	-0.215	-0.240	-0.554	-0.604	-0.580	-0.710	-0.702	-0.361	-0.797	-0.728	-0.801	-0.683	-0.683	-0.682	-0.690	-0.678	-0.677	-0.677	-0.678	-0.677	-0.718	-0.476	-0.577	-0.672	-0.671	-0.673	-0.720	-0.722	-0.674	-0.674	-0.674	-0.674	-0.671	-0.687	-0.688	-0.688	-0.689	-0.675	-0.678	-0.695	-0.685	-0.680	-0.680	-0.681	-0.681	-0.469	-0.684	-0.685	-0.512	-0.676	-0.621	-0.543	-0.719	-0.900	-0.528	-0.805	-0.753	-0.738	-0.676	-0.688	-0.365	-0.891	-0.689	-0.386	-0.637	-0.636	-0.628	-0.210	-0.855	+0.209	-0.856	-0.968	-0.835	-0.909	-0.836	-0.861	-0.861	-0.850	-0.199	-0.971	-0.850	-0.862	-0.837	-0.623	-0.629	-0.942	-0.824	-0.806	-0.801	-0.923	-0.812	-0.812	-0.835	-0.822	-0.940	-0.941	-0.927	-0.925	-0.836	-0.956	-0.926	+0.014	-0.928	+0.014	+0.014	+0.015	-0.957	-0.836	-0.957	-0.929	-0.928	-0.834	-0.918	-0.954	-0.954	-0.953	-0.956	-0.963	-0.964	-0.963	-0.964	-0.962	-0.962	-0.961	-0.941	-0.731	-0.977	-0.986	-0.956	-0.512	-1.056	-1.052	-1.057	-0.998	-1.058	-1.060	-0.721	-1.000	-1.064	-1.000	-1.000	-1.002	-0.904	-0.902	-0.872	-0.897	-0.897	-0.978	-0.896	-0.901	-0.892	-0.864	-0.891	-1.044	-0.890	-0.866	-1.002	-1.064	-0.998	-1.063	-1.005	-1.005	-0.953	-1.062	-1.062	-1.062	-0.988	-0.988	-1.005	-1.022	-0.859	-0.930	-0.888	-0.846	-1.017	-1.020	-0.835	-1.057	-0.824	
rs12748360     -0.220	-0.232	-0.233	-0.216	-0.218	-0.244	-0.551	-0.601	-0.710	-0.580	-0.710	-0.356	-0.797	-0.710	-0.801	-0.675	-0.675	-0.675	-0.682	-0.670	-0.670	-0.669	-0.670	-0.669	-0.720	-0.471	-0.569	-0.664	-0.663	-0.665	-0.722	-0.724	-0.666	-0.666	-0.666	-0.666	-0.663	-0.680	-0.680	-0.680	-0.681	-0.668	-0.670	-0.687	-0.678	-0.672	-0.673	-0.673	-0.674	-0.465	-0.676	-0.677	-0.508	-0.668	-0.622	-0.539	-0.725	-0.898	-0.518	-0.799	-0.746	-0.731	-0.669	-0.681	-0.354	-0.888	-0.681	-0.375	-0.628	-0.627	-0.619	-0.197	-0.860	+0.205	-0.861	-0.969	-0.835	-0.906	-0.836	-0.866	-0.865	-0.855	-0.206	-0.971	-0.855	-0.866	-0.836	-0.634	-0.640	-0.941	-0.824	-0.806	-0.808	-0.919	-0.812	-0.812	-0.835	-0.822	-0.940	-0.940	-0.926	-0.924	-0.835	-0.956	-0.924	+0.011	-0.927	+0.011	+0.011	+0.012	-0.957	-0.835	-0.957	-0.925	-0.927	-0.834	-0.921	-0.954	-0.954	-0.954	-0.956	-0.963	-0.963	-0.963	-0.963	-0.962	-0.962	-0.961	-0.942	-0.731	-0.975	-0.983	-0.952	-0.505	-1.056	-1.051	-1.057	-0.996	-1.058	-1.060	-0.722	-0.998	-1.064	-0.999	-0.999	-1.000	-0.900	-0.898	-0.868	-0.893	-0.893	-0.975	-0.892	-0.897	-0.888	-0.860	-0.887	-1.042	-0.886	-0.862	-1.001	-1.063	-0.995	-1.063	-1.003	-1.003	-0.950	-1.061	-1.061	-1.061	-0.985	-0.985	-1.003	-1.024	-0.864	-0.933	-0.893	-0.852	-1.018	-1.021	-0.841	-1.056	-0.830	
rs12748802     -0.222	-0.234	-0.235	-0.218	-0.221	-0.248	-0.546	-0.597	-0.702	-0.710	-0.578	-0.349	-0.796	-0.689	-0.799	-0.665	-0.665	-0.665	-0.672	-0.660	-0.660	-0.659	-0.660	-0.659	-0.727	-0.465	-0.558	-0.654	-0.653	-0.655	-0.730	-0.731	-0.656	-0.656	-0.656	-0.656	-0.653	-0.670	-0.670	-0.670	-0.671	-0.658	-0.660	-0.678	-0.668	-0.662	-0.663	-0.663	-0.664	-0.459	-0.667	-0.667	-0.503	-0.658	-0.622	-0.534	-0.740	-0.894	-0.507	-0.791	-0.737	-0.722	-0.659	-0.671	-0.341	-0.885	-0.672	-0.362	-0.616	-0.615	-0.607	-0.182	-0.866	+0.200	-0.867	-0.970	-0.834	-0.903	-0.834	-0.871	-0.871	-0.862	-0.214	-0.971	-0.861	-0.872	-0.835	-0.650	-0.655	-0.940	-0.823	-0.805	-0.817	-0.914	-0.811	-0.811	-0.833	-0.820	-0.939	-0.939	-0.924	-0.922	-0.834	-0.955	-0.922	+0.008	-0.925	+0.008	+0.008	+0.009	-0.956	-0.834	-0.956	-0.919	-0.925	-0.832	-0.923	-0.954	-0.954	-0.954	-0.956	-0.961	-0.961	-0.961	-0.961	-0.960	-0.960	-0.960	-0.943	-0.731	-0.971	-0.979	-0.947	-0.497	-1.055	-1.048	-1.055	-0.993	-1.056	-1.059	-0.722	-0.995	-1.062	-0.998	-0.998	-0.998	-0.895	-0.892	-0.862	-0.888	-0.888	-0.971	-0.886	-0.892	-0.882	-0.854	-0.881	-1.039	-0.879	-0.856	-0.998	-1.061	-0.991	-1.061	-1.001	-1.001	-0.945	-1.059	-1.059	-1.059	-0.982	-0.982	-1.001	-1.024	-0.870	-0.936	-0.898	-0.858	-1.019	-1.022	-0.847	-1.053	-0.837	
rs67656748     +0.329	+0.318	+0.316	+0.333	+0.330	+0.247	-0.146	-0.151	-0.361	-0.356	-0.349	+0.093	-0.184	-0.395	-0.186	+0.204	+0.204	+0.205	+0.195	+0.211	+0.212	+0.212	+0.211	+0.212	-0.350	+0.007	+0.336	+0.220	+0.221	+0.218	-0.348	-0.349	+0.217	+0.218	+0.217	+0.217	+0.221	+0.194	+0.194	+0.194	+0.193	+0.215	+0.212	+0.189	+0.202	+0.209	+0.209	+0.208	+0.208	-0.109	+0.204	+0.203	-0.126	+0.214	-0.020	-0.136	-0.327	+0.171	+0.416	+0.033	+0.106	+0.126	+0.209	+0.193	+0.626	-0.003	+0.192	+0.600	+0.275	+0.277	+0.287	+0.533	-0.282	+0.690	-0.282	-0.371	-0.211	-0.389	-0.211	-0.288	-0.287	-0.275	+1.012	-0.375	-0.275	-0.287	-0.211	-0.052	-0.057	+0.120	-0.207	-0.190	-0.223	-0.400	-0.196	-0.196	-0.210	-0.205	+0.109	+0.095	-0.060	-0.075	-0.211	-0.392	-0.072	+0.642	-0.058	+0.641	+0.641	+0.642	-0.394	-0.211	-0.394	-0.405	-0.062	-0.211	-0.331	-0.388	-0.388	-0.387	-0.392	-0.404	-0.405	-0.403	-0.405	-0.398	-0.399	-0.396	-0.360	-0.145	-0.417	-0.288	-0.218	+0.332	-0.441	-0.396	-0.429	-0.424	-0.438	-0.449	-0.132	-0.422	-0.438	-0.413	-0.415	-0.422	-0.179	-0.176	-0.123	-0.169	-0.169	-0.281	-0.167	-0.174	-0.162	-0.112	-0.161	-0.380	-0.155	-0.115	-0.426	-0.423	-0.301	-0.433	-0.423	-0.423	-0.233	-0.424	-0.421	-0.420	-0.292	-0.292	-0.425	-0.453	-0.244	-0.337	-0.275	-0.230	-0.452	-0.453	-0.218	-0.400	-0.207	
rs79360478     +0.021	+0.009	+0.007	+0.025	+0.023	-0.000	-0.353	-0.401	-0.797	-0.797	-0.796	-0.184	-0.347	-0.758	-0.462	-0.463	-0.463	-0.462	-0.470	-0.458	-0.457	-0.457	-0.458	-0.457	-0.798	-0.295	-0.408	-0.452	-0.451	-0.453	-0.798	-0.798	-0.454	-0.454	-0.454	-0.454	-0.450	-0.464	-0.464	-0.464	-0.465	-0.456	-0.458	-0.475	-0.465	-0.460	-0.460	-0.461	-0.461	-0.277	-0.464	-0.465	-0.320	-0.456	-0.397	-0.350	-0.792	-0.705	-0.311	-0.584	-0.531	-0.515	-0.452	-0.465	-0.149	-0.697	-0.464	-0.170	-0.445	-0.444	-0.437	-0.023	-0.789	+0.448	-0.789	-0.843	-0.506	-0.818	-0.505	-0.792	-0.791	-0.785	-0.076	-0.844	-0.785	-0.791	-0.504	-0.647	-0.651	-0.735	-0.611	-0.592	-0.752	-0.812	-0.598	-0.599	-0.511	-0.608	-0.734	-0.734	-0.723	-0.721	-0.515	-0.829	-0.722	+0.259	-0.724	+0.259	+0.259	+0.260	-0.830	-0.516	-0.830	-0.812	-0.723	-0.522	-0.808	-0.828	-0.828	-0.827	-0.829	-0.830	-0.830	-0.830	-0.830	-0.829	-0.829	-0.828	-0.817	-0.485	-0.831	-0.805	-0.776	-0.361	-0.862	-0.860	-0.864	-0.844	-0.865	-0.867	-0.490	-0.845	-0.868	-0.847	-0.847	-0.847	-0.697	-0.695	-0.661	-0.690	-0.690	-0.770	-0.688	-0.694	-0.685	-0.653	-0.684	-0.845	-0.682	-0.655	-0.846	-0.865	-0.780	-0.863	-0.848	-0.848	-0.744	-0.860	-0.860	-0.859	-0.782	-0.782	-0.847	-0.839	-0.750	-0.803	-0.771	-0.741	-0.834	-0.836	-0.733	-0.858	-0.725	
rs2666499      -0.128	-0.141	-0.143	-0.124	-0.127	-0.126	-0.559	-0.604	-0.728	-0.710	-0.689	-0.395	-0.758	-0.549	-0.762	-0.737	-0.737	-0.737	-0.743	-0.733	-0.733	-0.732	-0.733	-0.732	-0.684	-0.502	-0.640	-0.727	-0.727	-0.728	-0.678	-0.679	-0.729	-0.729	-0.729	-0.730	-0.726	-0.740	-0.740	-0.740	-0.741	-0.731	-0.733	-0.747	-0.739	-0.735	-0.735	-0.735	-0.736	-0.486	-0.738	-0.739	-0.527	-0.731	-0.568	-0.556	-0.629	-0.890	-0.598	-0.841	-0.796	-0.783	-0.729	-0.739	-0.449	-0.884	-0.739	-0.468	-0.705	-0.704	-0.697	-0.308	-0.431	+0.345	-0.438	-0.815	-0.804	-0.732	-0.804	-0.458	-0.457	-0.425	+0.010	-0.822	-0.425	-0.463	-0.805	+0.107	+0.091	-0.904	-0.787	-0.766	-0.331	-0.819	-0.774	-0.774	-0.803	-0.784	-0.903	-0.904	-0.901	-0.900	-0.804	-0.804	-0.900	+0.126	-0.902	+0.125	+0.125	+0.126	-0.809	-0.804	-0.808	-0.846	-0.902	-0.802	-0.686	-0.796	-0.796	-0.793	-0.805	-0.844	-0.848	-0.842	-0.846	-0.831	-0.833	-0.827	-0.768	-0.682	-0.909	-0.984	-0.961	-0.559	-1.001	-1.022	-1.019	-0.930	-1.015	-1.006	-0.667	-0.927	-1.018	-0.913	-0.916	-0.927	-0.916	-0.914	-0.887	-0.910	-0.910	-0.975	-0.909	-0.914	-0.906	-0.879	-0.905	-1.023	-0.909	-0.882	-0.934	-1.026	-0.992	-1.023	-0.932	-0.932	-0.955	-1.026	-1.026	-1.027	-0.980	-0.980	-0.935	-0.982	-0.757	-0.851	-0.794	-0.741	-0.976	-0.979	-0.727	-1.041	-0.714	
rs140625664    +0.015	+0.003	+0.002	+0.020	+0.017	+0.010	-0.356	-0.404	-0.801	-0.801	-0.799	-0.186	-0.462	-0.762	-0.351	-0.465	-0.465	-0.464	-0.472	-0.460	-0.459	-0.459	-0.460	-0.459	-0.801	-0.297	-0.410	-0.454	-0.453	-0.455	-0.801	-0.801	-0.455	-0.455	-0.456	-0.456	-0.452	-0.466	-0.466	-0.466	-0.467	-0.457	-0.460	-0.477	-0.467	-0.462	-0.462	-0.463	-0.463	-0.280	-0.466	-0.467	-0.322	-0.458	-0.401	-0.352	-0.795	-0.708	-0.312	-0.586	-0.533	-0.517	-0.454	-0.466	-0.150	-0.700	-0.466	-0.170	-0.454	-0.453	-0.446	-0.023	-0.792	+0.441	-0.792	-0.846	-0.512	-0.822	-0.511	-0.795	-0.794	-0.788	-0.073	-0.847	-0.788	-0.794	-0.510	-0.649	-0.653	-0.739	-0.612	-0.593	-0.755	-0.816	-0.600	-0.600	-0.516	-0.610	-0.737	-0.738	-0.727	-0.725	-0.520	-0.833	-0.725	+0.252	-0.727	+0.251	+0.251	+0.252	-0.833	-0.522	-0.833	-0.816	-0.727	-0.527	-0.811	-0.832	-0.832	-0.831	-0.832	-0.833	-0.833	-0.833	-0.833	-0.833	-0.832	-0.832	-0.820	-0.480	-0.835	-0.808	-0.779	-0.362	-0.865	-0.864	-0.868	-0.847	-0.868	-0.870	-0.486	-0.848	-0.872	-0.850	-0.850	-0.850	-0.701	-0.699	-0.666	-0.694	-0.694	-0.775	-0.693	-0.698	-0.689	-0.657	-0.688	-0.848	-0.687	-0.660	-0.849	-0.869	-0.785	-0.867	-0.851	-0.851	-0.748	-0.864	-0.863	-0.863	-0.785	-0.785	-0.850	-0.841	-0.754	-0.806	-0.775	-0.744	-0.837	-0.839	-0.736	-0.861	-0.728	
rs72679772     -0.091	-0.101	-0.103	-0.087	-0.090	+0.018	-0.224	-0.217	-0.683	-0.675	-0.665	+0.204	-0.463	-0.737	-0.465	-0.313	-0.428	-0.427	-0.431	-0.425	-0.425	-0.425	-0.429	-0.429	-0.663	+0.057	-0.424	-0.428	-0.428	-0.430	-0.660	-0.660	-0.431	-0.432	-0.432	-0.433	-0.432	-0.467	-0.467	-0.467	-0.467	-0.435	-0.439	-0.450	-0.446	-0.442	-0.442	-0.443	-0.444	+0.004	-0.448	-0.450	-0.052	-0.458	-0.421	-0.092	-0.631	-0.515	-0.377	-0.581	-0.572	-0.568	-0.540	-0.548	-0.145	-0.490	-0.549	-0.184	-0.599	-0.599	-0.594	-0.172	-0.590	+0.232	-0.590	-0.651	-0.542	-0.709	-0.543	-0.597	-0.596	-0.583	-0.176	-0.655	-0.583	-0.597	-0.547	-0.350	-0.356	-0.680	-0.587	-0.576	-0.512	-0.726	-0.580	-0.580	-0.542	-0.586	-0.680	-0.680	-0.627	-0.622	-0.545	-0.699	-0.623	+0.056	-0.629	+0.055	+0.055	+0.056	-0.702	-0.544	-0.701	-0.734	-0.628	-0.539	-0.643	-0.693	-0.693	-0.690	-0.698	-0.720	-0.723	-0.719	-0.721	-0.711	-0.712	-0.708	-0.681	-0.398	-0.734	-0.743	-0.741	-0.489	-0.447	-0.673	-0.647	-0.728	-0.627	-0.484	-0.382	-0.723	-0.541	-0.706	-0.709	-0.722	-0.710	-0.709	-0.700	-0.709	-0.709	-0.697	-0.709	-0.710	-0.709	-0.698	-0.708	-0.666	-0.714	-0.699	-0.729	-0.594	-0.693	-0.548	-0.723	-0.724	-0.707	-0.579	-0.586	-0.589	-0.692	-0.692	-0.728	-0.390	-0.502	-0.591	-0.543	-0.485	-0.372	-0.381	-0.471	-0.665	-0.458	
rs72679773     -0.091	-0.101	-0.103	-0.087	-0.090	+0.018	-0.223	-0.216	-0.683	-0.675	-0.665	+0.204	-0.463	-0.737	-0.465	-0.428	-0.312	-0.427	-0.431	-0.425	-0.425	-0.425	-0.428	-0.428	-0.663	+0.057	-0.424	-0.428	-0.428	-0.429	-0.660	-0.660	-0.431	-0.431	-0.431	-0.432	-0.432	-0.467	-0.467	-0.467	-0.467	-0.434	-0.438	-0.449	-0.445	-0.441	-0.442	-0.443	-0.443	+0.005	-0.448	-0.450	-0.052	-0.458	-0.421	-0.092	-0.631	-0.514	-0.377	-0.580	-0.572	-0.568	-0.540	-0.548	-0.145	-0.490	-0.549	-0.184	-0.599	-0.599	-0.594	-0.172	-0.590	+0.232	-0.590	-0.651	-0.541	-0.709	-0.543	-0.597	-0.596	-0.583	-0.176	-0.655	-0.582	-0.597	-0.546	-0.350	-0.355	-0.680	-0.587	-0.576	-0.512	-0.725	-0.580	-0.580	-0.542	-0.586	-0.679	-0.680	-0.627	-0.622	-0.545	-0.699	-0.623	+0.056	-0.629	+0.055	+0.055	+0.056	-0.702	-0.544	-0.701	-0.734	-0.628	-0.539	-0.643	-0.692	-0.692	-0.690	-0.698	-0.720	-0.722	-0.718	-0.721	-0.710	-0.712	-0.707	-0.681	-0.397	-0.734	-0.743	-0.741	-0.489	-0.446	-0.673	-0.646	-0.728	-0.626	-0.483	-0.382	-0.723	-0.540	-0.706	-0.709	-0.722	-0.709	-0.709	-0.700	-0.709	-0.709	-0.697	-0.709	-0.710	-0.708	-0.698	-0.708	-0.666	-0.714	-0.699	-0.729	-0.594	-0.693	-0.547	-0.723	-0.723	-0.707	-0.579	-0.585	-0.589	-0.692	-0.692	-0.727	-0.390	-0.502	-0.591	-0.542	-0.485	-0.372	-0.380	-0.470	-0.664	-0.458	
rs113722591    -0.090	-0.101	-0.102	-0.087	-0.089	+0.019	-0.223	-0.216	-0.682	-0.675	-0.665	+0.205	-0.462	-0.737	-0.464	-0.427	-0.427	-0.312	-0.431	-0.425	-0.425	-0.425	-0.428	-0.428	-0.662	+0.058	-0.424	-0.427	-0.427	-0.429	-0.659	-0.660	-0.431	-0.431	-0.431	-0.432	-0.432	-0.466	-0.466	-0.466	-0.467	-0.434	-0.438	-0.448	-0.445	-0.441	-0.441	-0.442	-0.443	+0.005	-0.448	-0.449	-0.051	-0.457	-0.421	-0.091	-0.630	-0.514	-0.377	-0.580	-0.571	-0.567	-0.540	-0.548	-0.145	-0.489	-0.548	-0.184	-0.599	-0.598	-0.594	-0.172	-0.589	+0.232	-0.589	-0.650	-0.541	-0.708	-0.542	-0.597	-0.595	-0.582	-0.176	-0.654	-0.582	-0.596	-0.546	-0.349	-0.355	-0.680	-0.586	-0.575	-0.511	-0.725	-0.579	-0.579	-0.542	-0.585	-0.679	-0.680	-0.627	-0.621	-0.544	-0.698	-0.622	+0.056	-0.628	+0.056	+0.056	+0.056	-0.701	-0.544	-0.700	-0.733	-0.627	-0.539	-0.642	-0.692	-0.692	-0.690	-0.697	-0.719	-0.722	-0.718	-0.721	-0.710	-0.711	-0.707	-0.681	-0.397	-0.733	-0.743	-0.740	-0.489	-0.445	-0.672	-0.646	-0.727	-0.626	-0.482	-0.381	-0.722	-0.539	-0.705	-0.708	-0.721	-0.709	-0.709	-0.699	-0.709	-0.709	-0.696	-0.709	-0.709	-0.708	-0.697	-0.708	-0.665	-0.713	-0.698	-0.728	-0.593	-0.692	-0.546	-0.723	-0.723	-0.707	-0.578	-0.585	-0.588	-0.691	-0.691	-0.727	-0.389	-0.501	-0.590	-0.542	-0.484	-0.371	-0.380	-0.470	-0.664	-0.457	
rs11207938     -0.096	-0.106	-0.107	-0.092	-0.094	+0.011	-0.230	-0.224	-0.690	-0.682	-0.672	+0.195	-0.470	-0.743	-0.472	-0.431	-0.431	-0.431	-0.319	-0.427	-0.427	-0.427	-0.430	-0.430	-0.670	+0.048	-0.423	-0.428	-0.428	-0.430	-0.667	-0.667	-0.432	-0.432	-0.432	-0.433	-0.433	-0.469	-0.470	-0.470	-0.470	-0.435	-0.439	-0.452	-0.447	-0.443	-0.443	-0.444	-0.445	-0.004	-0.450	-0.451	-0.060	-0.459	-0.427	-0.100	-0.638	-0.522	-0.373	-0.586	-0.576	-0.571	-0.542	-0.550	-0.132	-0.497	-0.551	-0.172	-0.602	-0.601	-0.597	-0.168	-0.597	+0.228	-0.597	-0.658	-0.548	-0.715	-0.549	-0.604	-0.603	-0.590	-0.180	-0.662	-0.590	-0.604	-0.553	-0.358	-0.363	-0.686	-0.593	-0.582	-0.520	-0.732	-0.586	-0.586	-0.549	-0.592	-0.685	-0.686	-0.634	-0.628	-0.551	-0.706	-0.629	+0.052	-0.635	+0.052	+0.052	+0.053	-0.708	-0.550	-0.708	-0.740	-0.634	-0.546	-0.650	-0.699	-0.699	-0.697	-0.705	-0.726	-0.729	-0.725	-0.728	-0.717	-0.719	-0.714	-0.688	-0.404	-0.740	-0.750	-0.747	-0.491	-0.457	-0.681	-0.655	-0.734	-0.635	-0.494	-0.389	-0.730	-0.550	-0.713	-0.716	-0.729	-0.715	-0.715	-0.705	-0.715	-0.715	-0.704	-0.715	-0.716	-0.714	-0.703	-0.714	-0.674	-0.719	-0.704	-0.736	-0.603	-0.700	-0.557	-0.730	-0.730	-0.713	-0.588	-0.595	-0.598	-0.699	-0.699	-0.734	-0.400	-0.509	-0.598	-0.550	-0.493	-0.382	-0.391	-0.478	-0.672	-0.466	
rs10889302     -0.087	-0.097	-0.099	-0.083	-0.086	+0.023	-0.218	-0.211	-0.678	-0.670	-0.660	+0.211	-0.458	-0.733	-0.460	-0.425	-0.425	-0.425	-0.427	-0.308	-0.422	-0.422	-0.425	-0.424	-0.658	+0.064	-0.424	-0.424	-0.424	-0.425	-0.654	-0.655	-0.427	-0.427	-0.427	-0.428	-0.428	-0.462	-0.462	-0.462	-0.463	-0.430	-0.433	-0.443	-0.440	-0.436	-0.437	-0.437	-0.438	+0.011	-0.443	-0.444	-0.045	-0.453	-0.417	-0.085	-0.625	-0.508	-0.377	-0.574	-0.567	-0.563	-0.537	-0.545	-0.147	-0.483	-0.545	-0.185	-0.597	-0.596	-0.592	-0.174	-0.584	+0.234	-0.584	-0.645	-0.537	-0.703	-0.538	-0.591	-0.590	-0.577	-0.173	-0.649	-0.576	-0.591	-0.542	-0.343	-0.348	-0.676	-0.582	-0.572	-0.506	-0.720	-0.575	-0.576	-0.537	-0.581	-0.675	-0.675	-0.622	-0.617	-0.540	-0.693	-0.618	+0.058	-0.624	+0.058	+0.058	+0.059	-0.696	-0.539	-0.696	-0.729	-0.623	-0.534	-0.637	-0.687	-0.687	-0.685	-0.693	-0.714	-0.717	-0.713	-0.716	-0.705	-0.707	-0.702	-0.676	-0.392	-0.728	-0.738	-0.736	-0.488	-0.437	-0.666	-0.640	-0.722	-0.620	-0.475	-0.377	-0.718	-0.532	-0.700	-0.704	-0.716	-0.705	-0.705	-0.696	-0.705	-0.705	-0.691	-0.705	-0.706	-0.704	-0.694	-0.704	-0.659	-0.710	-0.695	-0.723	-0.587	-0.687	-0.539	-0.718	-0.718	-0.702	-0.571	-0.578	-0.581	-0.686	-0.686	-0.722	-0.381	-0.495	-0.585	-0.536	-0.478	-0.363	-0.372	-0.464	-0.658	-0.452	
rs10889303     -0.087	-0.097	-0.099	-0.083	-0.086	+0.023	-0.218	-0.211	-0.677	-0.670	-0.660	+0.212	-0.457	-0.733	-0.459	-0.425	-0.425	-0.425	-0.427	-0.422	-0.307	-0.422	-0.424	-0.424	-0.657	+0.065	-0.424	-0.423	-0.423	-0.425	-0.654	-0.654	-0.426	-0.426	-0.427	-0.427	-0.427	-0.462	-0.462	-0.462	-0.462	-0.429	-0.433	-0.442	-0.440	-0.436	-0.436	-0.437	-0.438	+0.012	-0.442	-0.444	-0.045	-0.453	-0.417	-0.085	-0.625	-0.508	-0.377	-0.574	-0.567	-0.563	-0.537	-0.545	-0.147	-0.483	-0.545	-0.185	-0.596	-0.596	-0.591	-0.174	-0.584	+0.234	-0.584	-0.644	-0.536	-0.703	-0.538	-0.591	-0.590	-0.576	-0.173	-0.648	-0.576	-0.590	-0.541	-0.343	-0.348	-0.675	-0.582	-0.571	-0.505	-0.720	-0.575	-0.575	-0.537	-0.581	-0.674	-0.675	-0.622	-0.616	-0.540	-0.693	-0.617	+0.058	-0.623	+0.058	+0.058	+0.059	-0.696	-0.539	-0.695	-0.728	-0.622	-0.534	-0.637	-0.687	-0.687	-0.684	-0.692	-0.714	-0.717	-0.713	-0.716	-0.705	-0.706	-0.702	-0.675	-0.392	-0.728	-0.738	-0.736	-0.487	-0.437	-0.666	-0.639	-0.722	-0.619	-0.474	-0.376	-0.717	-0.532	-0.700	-0.703	-0.716	-0.705	-0.704	-0.695	-0.705	-0.705	-0.691	-0.704	-0.705	-0.704	-0.694	-0.704	-0.659	-0.709	-0.694	-0.723	-0.586	-0.687	-0.539	-0.718	-0.718	-0.702	-0.571	-0.577	-0.581	-0.686	-0.686	-0.722	-0.381	-0.495	-0.584	-0.536	-0.478	-0.362	-0.371	-0.463	-0.657	-0.451	
rs10889305     -0.086	-0.097	-0.098	-0.083	-0.085	+0.024	-0.218	-0.211	-0.677	-0.669	-0.659	+0.212	-0.457	-0.732	-0.459	-0.425	-0.425	-0.425	-0.427	-0.422	-0.422	-0.307	-0.424	-0.424	-0.657	+0.065	-0.424	-0.423	-0.423	-0.424	-0.654	-0.654	-0.426	-0.426	-0.426	-0.427	-0.427	-0.461	-0.462	-0.462	-0.462	-0.429	-0.432	-0.442	-0.439	-0.435	-0.436	-0.436	-0.437	+0.012	-0.442	-0.443	-0.045	-0.452	-0.417	-0.084	-0.624	-0.507	-0.377	-0.573	-0.567	-0.563	-0.537	-0.544	-0.147	-0.482	-0.545	-0.185	-0.596	-0.596	-0.591	-0.174	-0.583	+0.235	-0.583	-0.644	-0.536	-0.703	-0.537	-0.590	-0.589	-0.576	-0.173	-0.648	-0.576	-0.590	-0.541	-0.342	-0.348	-0.675	-0.582	-0.571	-0.505	-0.720	-0.575	-0.575	-0.537	-0.581	-0.674	-0.675	-0.621	-0.616	-0.539	-0.693	-0.617	+0.058	-0.623	+0.058	+0.058	+0.059	-0.696	-0.539	-0.695	-0.728	-0.622	-0.534	-0.636	-0.686	-0.686	-0.684	-0.692	-0.714	-0.716	-0.712	-0.715	-0.704	-0.706	-0.701	-0.675	-0.391	-0.728	-0.737	-0.736	-0.487	-0.436	-0.665	-0.639	-0.722	-0.619	-0.473	-0.376	-0.717	-0.531	-0.700	-0.703	-0.716	-0.704	-0.704	-0.695	-0.704	-0.704	-0.691	-0.704	-0.705	-0.704	-0.693	-0.703	-0.658	-0.709	-0.694	-0.723	-0.586	-0.686	-0.538	-0.717	-0.717	-0.701	-0.570	-0.577	-0.580	-0.685	-0.685	-0.721	-0.380	-0.494	-0.584	-0.535	-0.477	-0.362	-0.370	-0.463	-0.657	-0.451	
rs12040080     -0.087	-0.097	-0.099	-0.083	-0.086	+0.023	-0.219	-0.212	-0.678	-0.670	-0.660	+0.211	-0.458	-0.733	-0.460	-0.429	-0.428	-0.428	-0.430	-0.425	-0.424	-0.424	-0.308	-0.423	-0.658	+0.065	-0.424	-0.420	-0.420	-0.422	-0.655	-0.655	-0.423	-0.423	-0.423	-0.424	-0.424	-0.460	-0.460	-0.460	-0.461	-0.426	-0.429	-0.439	-0.436	-0.432	-0.433	-0.433	-0.434	+0.012	-0.439	-0.440	-0.045	-0.450	-0.418	-0.085	-0.625	-0.508	-0.374	-0.573	-0.566	-0.562	-0.536	-0.544	-0.140	-0.483	-0.545	-0.179	-0.597	-0.596	-0.592	-0.172	-0.584	+0.234	-0.584	-0.644	-0.537	-0.703	-0.539	-0.591	-0.590	-0.577	-0.174	-0.649	-0.576	-0.591	-0.542	-0.343	-0.348	-0.676	-0.583	-0.572	-0.505	-0.720	-0.576	-0.576	-0.538	-0.582	-0.675	-0.676	-0.622	-0.617	-0.540	-0.693	-0.618	+0.058	-0.624	+0.057	+0.057	+0.058	-0.696	-0.540	-0.696	-0.729	-0.623	-0.535	-0.637	-0.687	-0.687	-0.685	-0.693	-0.714	-0.717	-0.713	-0.716	-0.705	-0.707	-0.702	-0.676	-0.392	-0.729	-0.738	-0.736	-0.488	-0.437	-0.666	-0.639	-0.722	-0.619	-0.474	-0.377	-0.718	-0.532	-0.700	-0.704	-0.717	-0.705	-0.705	-0.696	-0.705	-0.705	-0.691	-0.705	-0.706	-0.704	-0.694	-0.704	-0.659	-0.710	-0.695	-0.724	-0.586	-0.687	-0.539	-0.718	-0.718	-0.702	-0.571	-0.578	-0.581	-0.686	-0.686	-0.722	-0.381	-0.495	-0.584	-0.536	-0.478	-0.362	-0.371	-0.464	-0.658	-0.451	
rs12043306     -0.086	-0.096	-0.098	-0.082	-0.085	+0.024	-0.218	-0.211	-0.677	-0.669	-0.659	+0.212	-0.457	-0.732	-0.459	-0.429	-0.428	-0.428	-0.430	-0.424	-0.424	-0.424	-0.423	-0.307	-0.656	+0.067	-0.424	-0.420	-0.419	-0.421	-0.653	-0.654	-0.422	-0.422	-0.422	-0.423	-0.423	-0.459	-0.459	-0.459	-0.460	-0.424	-0.428	-0.437	-0.435	-0.431	-0.431	-0.432	-0.433	+0.014	-0.437	-0.439	-0.043	-0.449	-0.417	-0.083	-0.624	-0.506	-0.374	-0.571	-0.565	-0.561	-0.536	-0.543	-0.140	-0.481	-0.544	-0.180	-0.596	-0.596	-0.591	-0.173	-0.582	+0.234	-0.582	-0.643	-0.536	-0.702	-0.537	-0.590	-0.588	-0.575	-0.174	-0.647	-0.575	-0.589	-0.541	-0.341	-0.346	-0.675	-0.582	-0.571	-0.504	-0.719	-0.575	-0.575	-0.536	-0.581	-0.674	-0.674	-0.621	-0.615	-0.539	-0.692	-0.616	+0.058	-0.622	+0.058	+0.058	+0.059	-0.695	-0.538	-0.694	-0.728	-0.621	-0.534	-0.636	-0.686	-0.685	-0.683	-0.691	-0.713	-0.716	-0.712	-0.715	-0.704	-0.705	-0.701	-0.674	-0.391	-0.727	-0.737	-0.735	-0.488	-0.434	-0.665	-0.638	-0.721	-0.618	-0.472	-0.376	-0.716	-0.530	-0.699	-0.702	-0.715	-0.704	-0.704	-0.695	-0.704	-0.704	-0.690	-0.704	-0.705	-0.703	-0.693	-0.703	-0.657	-0.709	-0.694	-0.722	-0.584	-0.686	-0.537	-0.717	-0.717	-0.701	-0.569	-0.576	-0.579	-0.685	-0.685	-0.721	-0.379	-0.493	-0.583	-0.534	-0.476	-0.360	-0.369	-0.462	-0.656	-0.450	
rs12727339     -0.225	-0.237	-0.238	-0.221	-0.223	-0.251	-0.548	-0.599	-0.718	-0.720	-0.727	-0.350	-0.798	-0.684	-0.801	-0.663	-0.663	-0.662	-0.670	-0.658	-0.657	-0.657	-0.658	-0.656	-0.580	-0.465	-0.555	-0.651	-0.650	-0.652	-0.711	-0.711	-0.652	-0.652	-0.653	-0.653	-0.650	-0.667	-0.667	-0.667	-0.668	-0.654	-0.657	-0.674	-0.665	-0.659	-0.659	-0.660	-0.660	-0.460	-0.663	-0.664	-0.504	-0.654	-0.624	-0.535	-0.722	-0.895	-0.502	-0.788	-0.734	-0.719	-0.655	-0.668	-0.335	-0.885	-0.668	-0.356	-0.611	-0.610	-0.602	-0.173	-0.864	+0.197	-0.865	-0.969	-0.835	-0.899	-0.836	-0.870	-0.869	-0.860	-0.218	-0.971	-0.860	-0.870	-0.836	-0.647	-0.652	-0.941	-0.824	-0.806	-0.815	-0.911	-0.813	-0.813	-0.835	-0.822	-0.940	-0.941	-0.926	-0.923	-0.836	-0.954	-0.924	+0.006	-0.926	+0.005	+0.005	+0.006	-0.955	-0.835	-0.955	-0.916	-0.926	-0.834	-0.923	-0.954	-0.954	-0.953	-0.955	-0.960	-0.960	-0.960	-0.960	-0.960	-0.960	-0.959	-0.943	-0.732	-0.971	-0.978	-0.947	-0.495	-1.056	-1.049	-1.056	-0.993	-1.057	-1.060	-0.724	-0.995	-1.063	-0.998	-0.998	-0.998	-0.895	-0.892	-0.862	-0.888	-0.888	-0.972	-0.886	-0.892	-0.882	-0.854	-0.881	-1.040	-0.879	-0.856	-0.998	-1.061	-0.991	-1.062	-1.001	-1.001	-0.945	-1.060	-1.060	-1.059	-0.982	-0.982	-1.001	-1.026	-0.872	-0.937	-0.899	-0.859	-1.020	-1.023	-0.849	-1.054	-0.839	
rs112550848    +0.227	+0.216	+0.214	+0.231	+0.228	+0.151	-0.234	-0.250	-0.476	-0.471	-0.465	+0.007	-0.295	-0.502	-0.297	+0.057	+0.057	+0.058	+0.048	+0.064	+0.065	+0.065	+0.065	+0.067	-0.465	-0.027	+0.188	+0.074	+0.075	+0.073	-0.464	-0.464	+0.072	+0.072	+0.072	+0.072	+0.076	+0.051	+0.050	+0.050	+0.049	+0.070	+0.067	+0.045	+0.058	+0.065	+0.064	+0.064	+0.063	-0.188	+0.060	+0.059	-0.211	+0.070	-0.130	-0.227	-0.444	-0.061	+0.266	-0.105	-0.034	-0.015	+0.066	+0.050	+0.470	-0.188	+0.050	+0.445	+0.126	+0.128	+0.137	+0.396	-0.402	+0.588	-0.402	-0.488	-0.322	-0.502	-0.322	-0.408	-0.407	-0.396	+0.835	-0.492	-0.396	-0.407	-0.323	-0.181	-0.186	-0.061	-0.317	-0.300	-0.346	-0.511	-0.306	-0.307	-0.322	-0.315	-0.070	-0.081	-0.216	-0.228	-0.322	-0.506	-0.226	+0.525	-0.214	+0.525	+0.525	+0.526	-0.508	-0.322	-0.507	-0.515	-0.217	-0.322	-0.449	-0.502	-0.502	-0.501	-0.505	-0.516	-0.517	-0.516	-0.517	-0.511	-0.512	-0.509	-0.476	-0.253	-0.528	-0.409	-0.343	+0.193	-0.554	-0.512	-0.542	-0.536	-0.551	-0.561	-0.239	-0.534	-0.552	-0.526	-0.528	-0.534	-0.305	-0.302	-0.251	-0.295	-0.295	-0.403	-0.293	-0.300	-0.289	-0.240	-0.287	-0.497	-0.282	-0.243	-0.537	-0.538	-0.422	-0.547	-0.535	-0.535	-0.356	-0.538	-0.536	-0.535	-0.413	-0.413	-0.537	-0.561	-0.364	-0.452	-0.394	-0.350	-0.560	-0.560	-0.339	-0.517	-0.328	
rs28562952     -0.001	-0.011	-0.012	+0.003	+0.000	+0.041	-0.117	-0.101	-0.577	-0.569	-0.558	+0.336	-0.408	-0.640	-0.410	-0.424	-0.424	-0.424	-0.423	-0.424	-0.424	-0.424	-0.424	-0.424	-0.555	+0.188	-0.207	-0.424	-0.424	-0.424	-0.551	-0.551	-0.425	-0.425	-0.425	-0.425	-0.425	-0.437	-0.437	-0.437	-0.437	-0.425	-0.426	-0.426	-0.427	-0.427	-0.427	-0.427	-0.427	+0.133	-0.428	-0.429	+0.075	-0.435	-0.327	+0.034	-0.520	-0.399	-0.404	-0.501	-0.506	-0.506	-0.495	-0.500	-0.273	-0.373	-0.500	-0.293	-0.543	-0.543	-0.539	-0.216	-0.478	+0.302	-0.478	-0.539	-0.466	-0.602	-0.467	-0.485	-0.484	-0.470	-0.135	-0.544	-0.470	-0.485	-0.469	-0.235	-0.240	-0.579	-0.488	-0.478	-0.397	-0.621	-0.481	-0.482	-0.466	-0.487	-0.578	-0.579	-0.521	-0.515	-0.467	-0.592	-0.516	+0.127	-0.522	+0.127	+0.127	+0.128	-0.595	-0.467	-0.594	-0.630	-0.522	-0.464	-0.533	-0.585	-0.585	-0.582	-0.591	-0.614	-0.617	-0.613	-0.616	-0.604	-0.606	-0.601	-0.573	-0.350	-0.630	-0.613	-0.619	-0.435	-0.324	-0.501	-0.465	-0.622	-0.439	-0.361	-0.335	-0.616	-0.420	-0.598	-0.601	-0.615	-0.622	-0.622	-0.616	-0.622	-0.622	-0.600	-0.622	-0.623	-0.622	-0.615	-0.622	-0.558	-0.624	-0.616	-0.622	-0.477	-0.592	-0.431	-0.616	-0.616	-0.613	-0.464	-0.471	-0.474	-0.591	-0.591	-0.620	-0.269	-0.386	-0.477	-0.428	-0.369	-0.250	-0.259	-0.354	-0.557	-0.342	
rs7411110      -0.082	-0.092	-0.094	-0.078	-0.081	+0.029	-0.213	-0.205	-0.672	-0.664	-0.654	+0.220	-0.452	-0.727	-0.454	-0.428	-0.428	-0.427	-0.428	-0.424	-0.423	-0.423	-0.420	-0.420	-0.651	+0.074	-0.424	-0.302	-0.416	-0.418	-0.647	-0.648	-0.418	-0.418	-0.418	-0.419	-0.420	-0.455	-0.455	-0.455	-0.456	-0.420	-0.423	-0.431	-0.430	-0.426	-0.427	-0.427	-0.428	+0.021	-0.432	-0.433	-0.036	-0.445	-0.413	-0.076	-0.618	-0.500	-0.375	-0.565	-0.560	-0.557	-0.533	-0.540	-0.144	-0.475	-0.541	-0.183	-0.594	-0.593	-0.589	-0.175	-0.576	+0.236	-0.576	-0.636	-0.531	-0.696	-0.532	-0.583	-0.582	-0.569	-0.171	-0.641	-0.568	-0.583	-0.536	-0.334	-0.339	-0.670	-0.577	-0.566	-0.497	-0.714	-0.570	-0.570	-0.531	-0.576	-0.669	-0.669	-0.615	-0.610	-0.534	-0.686	-0.611	+0.061	-0.617	+0.060	+0.060	+0.061	-0.689	-0.533	-0.689	-0.722	-0.616	-0.528	-0.630	-0.680	-0.680	-0.678	-0.686	-0.708	-0.710	-0.706	-0.709	-0.698	-0.700	-0.695	-0.669	-0.386	-0.722	-0.732	-0.730	-0.486	-0.425	-0.658	-0.631	-0.716	-0.611	-0.463	-0.370	-0.711	-0.521	-0.693	-0.697	-0.710	-0.700	-0.699	-0.691	-0.700	-0.700	-0.684	-0.699	-0.700	-0.699	-0.689	-0.699	-0.651	-0.704	-0.690	-0.717	-0.577	-0.679	-0.529	-0.711	-0.711	-0.696	-0.561	-0.568	-0.571	-0.679	-0.679	-0.715	-0.370	-0.487	-0.577	-0.528	-0.470	-0.351	-0.360	-0.455	-0.649	-0.443	
rs2365990      -0.081	-0.092	-0.093	-0.077	-0.080	+0.030	-0.212	-0.205	-0.671	-0.663	-0.653	+0.221	-0.451	-0.727	-0.453	-0.428	-0.428	-0.427	-0.428	-0.424	-0.423	-0.423	-0.420	-0.419	-0.650	+0.075	-0.424	-0.416	-0.301	-0.417	-0.647	-0.647	-0.418	-0.418	-0.418	-0.418	-0.419	-0.455	-0.455	-0.455	-0.455	-0.420	-0.423	-0.430	-0.429	-0.425	-0.426	-0.426	-0.427	+0.022	-0.431	-0.433	-0.035	-0.444	-0.412	-0.075	-0.617	-0.499	-0.375	-0.564	-0.559	-0.556	-0.532	-0.540	-0.144	-0.474	-0.540	-0.184	-0.593	-0.593	-0.588	-0.176	-0.575	+0.237	-0.575	-0.636	-0.530	-0.696	-0.531	-0.582	-0.581	-0.568	-0.170	-0.640	-0.568	-0.582	-0.535	-0.333	-0.338	-0.669	-0.576	-0.566	-0.496	-0.713	-0.569	-0.570	-0.531	-0.575	-0.668	-0.669	-0.615	-0.609	-0.533	-0.685	-0.610	+0.061	-0.616	+0.061	+0.061	+0.062	-0.688	-0.533	-0.688	-0.722	-0.615	-0.528	-0.629	-0.679	-0.679	-0.677	-0.685	-0.707	-0.710	-0.706	-0.708	-0.697	-0.699	-0.694	-0.668	-0.385	-0.721	-0.731	-0.730	-0.486	-0.424	-0.657	-0.630	-0.715	-0.609	-0.462	-0.369	-0.710	-0.520	-0.692	-0.696	-0.709	-0.699	-0.699	-0.690	-0.699	-0.699	-0.683	-0.699	-0.699	-0.698	-0.688	-0.698	-0.650	-0.703	-0.689	-0.716	-0.575	-0.678	-0.528	-0.710	-0.710	-0.695	-0.560	-0.567	-0.570	-0.678	-0.678	-0.714	-0.368	-0.486	-0.576	-0.527	-0.469	-0.350	-0.359	-0.454	-0.648	-0.442	
rs4019803      -0.082	-0.093	-0.094	-0.079	-0.081	+0.028	-0.214	-0.207	-0.673	-0.665	-0.655	+0.218	-0.453	-0.728	-0.455	-0.430	-0.429	-0.429	-0.430	-0.425	-0.425	-0.424	-0.422	-0.421	-0.652	+0.073	-0.424	-0.418	-0.417	-0.303	-0.648	-0.649	-0.419	-0.419	-0.419	-0.420	-0.421	-0.456	-0.456	-0.456	-0.456	-0.421	-0.424	-0.432	-0.431	-0.427	-0.427	-0.428	-0.429	+0.020	-0.433	-0.434	-0.037	-0.445	-0.413	-0.077	-0.619	-0.501	-0.375	-0.565	-0.561	-0.557	-0.533	-0.541	-0.144	-0.476	-0.541	-0.183	-0.594	-0.594	-0.589	-0.175	-0.577	+0.236	-0.577	-0.637	-0.531	-0.697	-0.533	-0.584	-0.583	-0.570	-0.171	-0.642	-0.569	-0.584	-0.537	-0.335	-0.340	-0.670	-0.578	-0.567	-0.498	-0.715	-0.571	-0.571	-0.532	-0.577	-0.670	-0.670	-0.616	-0.611	-0.535	-0.687	-0.612	+0.060	-0.618	+0.060	+0.060	+0.061	-0.690	-0.534	-0.690	-0.723	-0.617	-0.529	-0.631	-0.681	-0.681	-0.678	-0.686	-0.708	-0.711	-0.707	-0.710	-0.699	-0.701	-0.696	-0.670	-0.386	-0.723	-0.733	-0.731	-0.487	-0.427	-0.659	-0.632	-0.716	-0.612	-0.464	-0.371	-0.712	-0.523	-0.694	-0.697	-0.711	-0.700	-0.700	-0.691	-0.700	-0.700	-0.685	-0.700	-0.701	-0.700	-0.690	-0.700	-0.652	-0.705	-0.690	-0.717	-0.578	-0.680	-0.530	-0.712	-0.712	-0.696	-0.562	-0.569	-0.572	-0.680	-0.680	-0.716	-0.371	-0.488	-0.577	-0.529	-0.471	-0.352	-0.361	-0.456	-0.650	-0.444	
