## Summary of overall evidence for association with region:
## log10(BF for region) = 9.21433
## p-value for region = NA

## BFs for choosing among multi-SNP models:
## log10(average 1-SNP BF) = 8.18695
## log10(average 2-SNP BF) = 9.66338

## Example posterior probabilities for multi-SNP models, based on default prior: [p(l) propto 0.5^l for l=1,2,...,L]
## posterior probability of 1-SNP = 0.0625939
## posterior probability of 2-SNP = 0.937406

## log10(BF) for single SNP and pair of SNPs:
rs177662       -0.147	-0.169	-0.205	+0.025	+0.080	+0.099	+0.113	-0.334	-0.131	+0.602	+2.758	+2.540	+3.028	+2.433	+1.267	+1.217	+2.524	+1.349	+2.537	+1.818	-0.546	+2.563	+2.138	+1.856	+1.726	-0.540	-0.581	+1.462	+3.190	+1.464	+3.217	-0.492	+1.487	+1.488	+3.249	+1.477	+1.490	+1.522	-0.580	+1.477	+1.466	+1.477	+7.256	+1.489	-0.581	+0.076	-0.581	+1.340	-0.544	+1.305	+1.288	+1.288	+0.426	-0.544	+1.286	+0.911	-0.582	+2.283	+1.288	+1.288	+1.288	+1.225	-0.121	+1.203	+1.201	-0.545	+1.173	+1.248	+1.288	+1.327	+1.306	+1.006	+1.315	+1.288	+1.312	+0.426	+1.289	+1.289	+1.289	+1.624	-0.537	+1.299	+2.211	+1.310	+1.209	+1.205	+1.062	+1.754	+1.754	-0.534	+3.461	+1.748	+2.149	+2.167	+4.354	+1.713	+8.346	-0.531	+1.294	+1.775	+1.691	+1.781	+1.761	+1.786	+1.787	+1.555	+3.098	+1.554	+1.802	+2.025	+8.603	+2.024	+5.913	+1.982	+8.649	-0.522	-0.569	+2.300	-0.422	+2.666	+8.598	-0.422	-0.412	-0.355	+8.609	+2.655	+8.620	-0.162	+2.670	+2.670	-0.353	+8.611	+0.997	+8.564	+2.657	-0.419	+2.672	-0.397	+2.659	-0.163	+8.666	+8.668	+8.668	+8.677	-0.163	+8.704	+2.684	+8.677	+2.692	-0.417	+7.138	+2.426	+6.048	+5.969	+0.078	-0.571	+0.931	+5.968	+0.078	+2.436	+0.078	+0.974	+2.436	+5.969	+0.147	+0.077	-0.148	+5.937	+2.417	+2.443	+6.002	+5.855	-0.143	+0.043	-0.139	+0.044	-0.138	+9.563	-0.459	+0.190	
rs63963        -0.169	-0.043	-0.156	+0.132	+0.188	+0.207	+0.222	-0.244	-0.029	+0.718	+2.908	+2.636	+3.006	+2.426	+1.338	+1.288	+2.619	+1.436	+2.632	+1.909	-0.459	+2.660	+2.230	+1.948	+1.818	-0.445	-0.492	+1.532	+3.351	+1.534	+3.378	-0.396	+1.557	+1.557	+3.411	+1.546	+1.560	+1.592	-0.491	+1.547	+1.536	+1.546	+7.317	+1.558	-0.492	+0.169	-0.492	+1.409	-0.456	+1.374	+1.358	+1.358	+0.486	-0.456	+1.355	+1.036	-0.494	+2.344	+1.358	+1.358	+1.358	+1.295	-0.050	+1.273	+1.270	-0.457	+1.244	+1.318	+1.358	+1.396	+1.376	+1.132	+1.384	+1.358	+1.382	+0.486	+1.358	+1.359	+1.359	+1.730	-0.449	+1.368	+2.224	+1.380	+1.281	+1.277	+1.135	+1.822	+1.822	-0.447	+3.622	+1.816	+2.163	+2.181	+4.506	+1.782	+8.408	-0.444	+1.366	+1.843	+1.759	+1.850	+1.829	+1.854	+1.855	+1.625	+3.257	+1.623	+1.870	+2.092	+8.665	+2.091	+6.097	+2.049	+8.712	-0.435	-0.481	+2.349	-0.332	+2.712	+8.662	-0.332	-0.322	-0.281	+8.672	+2.701	+8.684	-0.099	+2.715	+2.715	-0.279	+8.674	+1.057	+8.627	+2.703	-0.329	+2.718	-0.322	+2.705	-0.099	+8.729	+8.731	+8.731	+8.740	-0.100	+8.767	+2.730	+8.740	+2.738	-0.327	+7.261	+2.473	+6.155	+6.076	+0.153	-0.487	+0.992	+6.075	+0.152	+2.483	+0.152	+1.034	+2.483	+6.075	+0.202	+0.151	-0.072	+6.044	+2.464	+2.490	+6.109	+5.961	-0.067	+0.118	-0.064	+0.118	-0.063	+9.596	-0.369	+0.244	
rs8180855      -0.205	-0.156	-0.052	+0.098	+0.153	+0.171	+0.185	-0.251	-0.060	+0.654	+2.813	+2.590	+3.000	+2.421	+1.336	+1.286	+2.573	+1.400	+2.586	+1.869	-0.465	+2.612	+2.187	+1.911	+1.778	-0.452	-0.499	+1.529	+3.247	+1.531	+3.274	-0.402	+1.554	+1.555	+3.306	+1.544	+1.557	+1.589	-0.498	+1.544	+1.531	+1.544	+7.265	+1.556	-0.499	+0.174	-0.499	+1.406	-0.463	+1.371	+1.355	+1.355	+0.481	-0.463	+1.352	+0.983	-0.501	+2.319	+1.355	+1.355	+1.355	+1.292	-0.057	+1.270	+1.268	-0.464	+1.241	+1.315	+1.355	+1.394	+1.373	+1.077	+1.382	+1.355	+1.379	+0.480	+1.355	+1.356	+1.356	+1.687	-0.456	+1.366	+2.219	+1.377	+1.278	+1.274	+1.132	+1.820	+1.820	-0.453	+3.512	+1.814	+2.159	+2.177	+4.376	+1.772	+8.350	-0.450	+1.362	+1.841	+1.757	+1.847	+1.827	+1.852	+1.853	+1.622	+3.151	+1.620	+1.868	+2.090	+8.606	+2.089	+5.945	+2.047	+8.653	-0.441	-0.488	+2.352	-0.339	+2.715	+8.602	-0.339	-0.329	-0.287	+8.613	+2.704	+8.624	-0.105	+2.718	+2.718	-0.285	+8.615	+1.066	+8.568	+2.706	-0.336	+2.721	-0.329	+2.708	-0.106	+8.670	+8.672	+8.672	+8.680	-0.106	+8.707	+2.733	+8.681	+2.741	-0.334	+7.154	+2.475	+6.097	+6.018	+0.146	-0.493	+1.001	+6.017	+0.146	+2.486	+0.146	+1.043	+2.486	+6.017	+0.196	+0.145	-0.079	+5.986	+2.467	+2.492	+6.051	+5.904	-0.074	+0.111	-0.071	+0.112	-0.070	+9.564	-0.376	+0.238	
rs17863129     +0.025	+0.132	+0.098	+0.012	-0.040	-0.026	-0.019	-0.192	-0.239	+0.414	+2.132	+2.511	+3.915	+3.315	+1.172	+1.126	+2.495	+1.429	+2.507	+1.780	-0.359	+2.526	+2.082	+1.817	+1.685	-0.464	-0.405	+1.371	+2.423	+1.373	+2.447	-0.444	+1.395	+1.396	+2.475	+1.385	+1.398	+1.428	-0.405	+1.386	+1.374	+1.386	+7.045	+1.397	-0.405	+0.155	-0.405	+1.264	-0.356	+1.231	+1.216	+1.216	+0.679	-0.356	+1.213	+0.540	-0.398	+2.094	+1.216	+1.216	+1.216	+1.157	+0.090	+1.136	+1.134	-0.358	+1.108	+1.178	+1.216	+1.252	+1.233	+0.613	+1.240	+1.216	+1.238	+0.679	+1.216	+1.217	+1.217	+1.515	-0.348	+1.226	+2.707	+1.237	+1.140	+1.137	+1.000	+1.648	+1.648	-0.344	+2.690	+1.643	+2.643	+2.663	+3.659	+1.620	+8.071	-0.341	+1.219	+1.668	+1.588	+1.674	+1.655	+1.678	+1.679	+1.462	+2.358	+1.460	+1.693	+1.900	+8.332	+1.900	+4.942	+1.861	+8.381	-0.329	-0.363	+2.138	-0.197	+2.653	+8.328	-0.196	-0.182	-0.124	+8.338	+2.642	+8.350	+0.261	+2.656	+2.656	-0.122	+8.340	+0.929	+8.292	+2.644	-0.192	+2.659	-0.116	+2.646	+0.260	+8.396	+8.398	+8.398	+8.407	+0.260	+8.435	+2.670	+8.407	+2.678	-0.189	+6.526	+2.420	+5.739	+5.659	+0.328	-0.346	+0.870	+5.659	+0.327	+2.429	+0.327	+0.908	+2.429	+5.659	+0.665	+0.326	+0.180	+5.628	+2.411	+2.435	+5.693	+5.546	+0.187	+0.292	+0.191	+0.292	+0.192	+9.336	-0.286	+0.719	
rs11563857     +0.080	+0.188	+0.153	-0.040	+0.065	-0.007	-0.001	-0.143	-0.193	+0.452	+2.125	+2.543	+3.994	+3.393	+1.208	+1.162	+2.527	+1.467	+2.540	+1.812	-0.308	+2.563	+2.118	+1.854	+1.724	-0.416	-0.355	+1.400	+2.427	+1.402	+2.451	-0.398	+1.424	+1.424	+2.480	+1.414	+1.427	+1.456	-0.354	+1.414	+1.403	+1.414	+7.033	+1.425	-0.355	+0.199	-0.355	+1.293	-0.306	+1.260	+1.245	+1.245	+0.727	-0.306	+1.243	+0.565	-0.347	+2.112	+1.245	+1.245	+1.245	+1.187	+0.138	+1.166	+1.164	-0.307	+1.138	+1.207	+1.246	+1.281	+1.262	+0.636	+1.270	+1.245	+1.267	+0.727	+1.246	+1.246	+1.246	+1.542	-0.297	+1.255	+2.766	+1.266	+1.171	+1.167	+1.032	+1.676	+1.676	-0.294	+2.698	+1.670	+2.703	+2.723	+3.667	+1.649	+8.063	-0.290	+1.250	+1.695	+1.615	+1.701	+1.682	+1.705	+1.706	+1.490	+2.369	+1.489	+1.720	+1.926	+8.323	+1.926	+4.940	+1.887	+8.372	-0.279	-0.311	+2.160	-0.143	+2.682	+8.319	-0.143	-0.129	-0.075	+8.329	+2.672	+8.341	+0.318	+2.686	+2.686	-0.073	+8.331	+0.961	+8.283	+2.674	-0.139	+2.688	-0.064	+2.676	+0.317	+8.387	+8.389	+8.389	+8.398	+0.317	+8.426	+2.699	+8.398	+2.707	-0.136	+6.521	+2.450	+5.743	+5.663	+0.384	-0.296	+0.900	+5.663	+0.384	+2.460	+0.384	+0.938	+2.459	+5.663	+0.726	+0.383	+0.239	+5.632	+2.441	+2.465	+5.697	+5.551	+0.246	+0.348	+0.250	+0.349	+0.252	+9.335	-0.236	+0.780	
rs17867686     +0.099	+0.207	+0.171	-0.026	-0.007	+0.083	+0.006	-0.127	-0.177	+0.465	+2.123	+2.556	+4.019	+3.419	+1.220	+1.175	+2.540	+1.481	+2.553	+1.824	-0.292	+2.576	+2.130	+1.867	+1.737	-0.399	-0.338	+1.410	+2.429	+1.412	+2.453	-0.382	+1.434	+1.435	+2.481	+1.424	+1.437	+1.467	-0.338	+1.425	+1.414	+1.425	+7.029	+1.436	-0.338	+0.214	-0.338	+1.304	-0.289	+1.271	+1.256	+1.256	+0.744	-0.289	+1.254	+0.575	-0.330	+2.119	+1.257	+1.257	+1.257	+1.198	+0.154	+1.177	+1.175	-0.290	+1.149	+1.218	+1.257	+1.292	+1.273	+0.645	+1.281	+1.256	+1.278	+0.743	+1.257	+1.257	+1.257	+1.552	-0.280	+1.267	+2.786	+1.277	+1.183	+1.179	+1.043	+1.686	+1.686	-0.277	+2.702	+1.680	+2.723	+2.743	+3.670	+1.659	+8.060	-0.273	+1.261	+1.705	+1.626	+1.712	+1.692	+1.716	+1.717	+1.501	+2.374	+1.499	+1.730	+1.935	+8.320	+1.936	+4.939	+1.897	+8.369	-0.262	-0.294	+2.168	-0.126	+2.694	+8.316	-0.125	-0.111	-0.059	+8.326	+2.683	+8.337	+0.337	+2.697	+2.697	-0.057	+8.328	+0.972	+8.280	+2.685	-0.121	+2.699	-0.047	+2.687	+0.336	+8.384	+8.386	+8.386	+8.394	+0.336	+8.422	+2.711	+8.395	+2.718	-0.118	+6.520	+2.461	+5.745	+5.665	+0.403	-0.279	+0.912	+5.665	+0.403	+2.471	+0.403	+0.950	+2.471	+5.665	+0.746	+0.402	+0.259	+5.634	+2.453	+2.476	+5.698	+5.554	+0.266	+0.367	+0.270	+0.367	+0.272	+9.335	-0.219	+0.800	
rs11563846     +0.113	+0.222	+0.185	-0.019	-0.001	+0.006	+0.097	-0.114	-0.163	+0.474	+2.123	+2.563	+4.039	+3.439	+1.230	+1.184	+2.547	+1.490	+2.560	+1.831	-0.278	+2.585	+2.138	+1.875	+1.746	-0.387	-0.325	+1.418	+2.431	+1.420	+2.455	-0.370	+1.442	+1.442	+2.483	+1.432	+1.445	+1.475	-0.325	+1.433	+1.421	+1.432	+7.028	+1.444	-0.325	+0.225	-0.325	+1.312	-0.276	+1.279	+1.264	+1.264	+0.756	-0.276	+1.262	+0.581	-0.317	+2.123	+1.264	+1.264	+1.264	+1.206	+0.166	+1.185	+1.183	-0.277	+1.157	+1.226	+1.264	+1.300	+1.281	+0.651	+1.289	+1.264	+1.286	+0.755	+1.264	+1.265	+1.265	+1.559	-0.267	+1.274	+2.800	+1.285	+1.191	+1.187	+1.052	+1.693	+1.693	-0.264	+2.705	+1.688	+2.737	+2.757	+3.672	+1.667	+8.060	-0.260	+1.269	+1.713	+1.633	+1.719	+1.700	+1.723	+1.724	+1.508	+2.377	+1.507	+1.738	+1.942	+8.320	+1.943	+4.940	+1.904	+8.369	-0.249	-0.281	+2.173	-0.112	+2.700	+8.316	-0.111	-0.097	-0.046	+8.326	+2.690	+8.337	+0.352	+2.704	+2.704	-0.044	+8.328	+0.980	+8.280	+2.692	-0.107	+2.706	-0.034	+2.694	+0.352	+8.384	+8.385	+8.386	+8.394	+0.351	+8.422	+2.717	+8.395	+2.725	-0.104	+6.520	+2.468	+5.746	+5.667	+0.418	-0.266	+0.919	+5.666	+0.418	+2.478	+0.417	+0.957	+2.478	+5.667	+0.763	+0.417	+0.275	+5.636	+2.460	+2.483	+5.700	+5.555	+0.282	+0.382	+0.286	+0.382	+0.288	+9.336	-0.206	+0.816	
rs118051516    -0.334	-0.244	-0.251	-0.192	-0.143	-0.127	-0.114	-0.252	-0.315	+0.337	+2.286	+2.381	+3.152	+2.567	+1.401	+1.346	+2.363	+1.223	+2.376	+1.680	-0.623	+2.398	+1.995	+1.712	+1.584	-0.654	-0.629	+1.600	+3.257	+1.602	+3.284	-0.610	+1.625	+1.626	+3.316	+1.614	+1.628	+1.663	-0.627	+1.615	+1.596	+1.614	+8.260	+1.627	-0.628	+0.049	-0.628	+1.466	-0.621	+1.429	+1.411	+1.411	+0.936	-0.621	+1.409	+0.659	-0.639	+2.952	+1.412	+1.412	+1.412	+1.342	+0.161	+1.319	+1.316	-0.622	+1.286	+1.368	+1.412	+1.453	+1.431	+0.745	+1.440	+1.411	+1.437	+0.935	+1.412	+1.412	+1.413	+1.802	-0.619	+1.423	+2.345	+1.435	+1.308	+1.304	+1.146	+1.913	+1.913	-0.618	+3.622	+1.907	+2.283	+2.300	+4.667	+1.862	+9.545	-0.616	+1.400	+1.935	+1.845	+1.942	+1.921	+1.947	+1.948	+1.699	+3.219	+1.697	+1.964	+2.205	+9.816	+2.201	+6.154	+2.157	+9.867	-0.611	-0.647	+2.521	-0.498	+2.952	+9.799	-0.498	-0.487	-0.175	+9.810	+2.940	+9.823	+0.457	+2.956	+2.956	-0.173	+9.812	+1.074	+9.759	+2.942	-0.494	+2.958	-0.216	+2.944	+0.453	+9.868	+9.870	+9.870	+9.879	+0.452	+9.908	+2.970	+9.879	+2.979	-0.492	+7.888	+2.687	+6.856	+6.766	+0.034	-0.523	+1.003	+6.765	+0.034	+2.698	+0.034	+1.049	+2.698	+6.766	+1.028	+0.033	-0.190	+6.730	+2.677	+2.706	+6.803	+6.646	-0.184	-0.002	-0.181	-0.002	-0.180	+11.347	-0.466	+1.122	
rs993357       -0.131	-0.029	-0.060	-0.239	-0.193	-0.177	-0.163	-0.315	-0.125	+0.256	+2.434	+2.417	+3.708	+3.112	+1.113	+1.066	+2.400	+1.228	+2.412	+1.692	-0.486	+2.434	+2.001	+1.731	+1.602	-0.587	-0.540	+1.306	+2.456	+1.308	+2.481	-0.564	+1.330	+1.330	+2.511	+1.320	+1.333	+1.363	-0.539	+1.320	+1.307	+1.320	+7.169	+1.332	-0.540	+0.037	-0.540	+1.189	-0.484	+1.156	+1.141	+1.141	+0.639	-0.484	+1.139	+0.484	-0.537	+2.075	+1.141	+1.141	+1.141	+1.080	+0.022	+1.060	+1.057	-0.485	+1.031	+1.102	+1.141	+1.178	+1.158	+0.567	+1.166	+1.141	+1.164	+0.638	+1.141	+1.142	+1.142	+1.457	-0.475	+1.152	+2.906	+1.163	+1.060	+1.056	+0.914	+1.583	+1.583	-0.472	+2.761	+1.577	+2.839	+2.860	+3.746	+1.549	+8.184	-0.468	+1.147	+1.603	+1.521	+1.609	+1.589	+1.613	+1.614	+1.392	+2.398	+1.390	+1.628	+1.839	+8.451	+1.839	+5.177	+1.799	+8.503	-0.456	-0.515	+2.068	-0.327	+2.541	+8.449	-0.327	-0.313	-0.211	+8.458	+2.530	+8.470	+0.096	+2.544	+2.544	-0.209	+8.460	+0.815	+8.410	+2.532	-0.323	+2.547	-0.271	+2.534	+0.095	+8.517	+8.519	+8.519	+8.528	+0.095	+8.557	+2.558	+8.528	+2.566	-0.320	+6.634	+2.306	+5.779	+5.697	+0.210	-0.453	+0.754	+5.697	+0.210	+2.316	+0.210	+0.793	+2.316	+5.697	+0.486	+0.209	-0.055	+5.665	+2.297	+2.322	+5.732	+5.579	-0.049	+0.173	-0.045	+0.173	-0.044	+9.576	-0.418	+0.538	
rs7780149      +0.602	+0.718	+0.654	+0.414	+0.452	+0.465	+0.474	+0.337	+0.256	+0.544	+2.139	+2.453	+4.664	+3.978	+2.482	+2.423	+2.436	+1.302	+2.447	+1.749	+0.255	+2.459	+2.028	+1.776	+1.664	+0.169	+0.119	+2.713	+2.474	+2.715	+2.496	+0.218	+2.742	+2.743	+2.522	+2.729	+2.745	+2.783	+0.119	+2.729	+2.649	+2.729	+6.930	+2.744	+0.119	+1.349	+0.119	+2.561	+0.250	+2.520	+2.501	+2.501	+1.093	+0.250	+2.498	+1.012	+0.132	+2.425	+2.501	+2.501	+2.501	+2.438	+0.545	+2.413	+2.410	+0.248	+2.375	+2.453	+2.501	+2.547	+2.522	+1.076	+2.532	+2.501	+2.529	+1.093	+2.501	+2.502	+2.503	+2.666	+0.266	+2.514	+4.060	+2.527	+2.346	+2.342	+2.195	+3.087	+3.087	+0.272	+2.688	+3.080	+3.986	+4.002	+3.621	+2.881	+7.983	+0.277	+2.461	+3.112	+3.013	+3.120	+3.096	+3.125	+3.126	+2.825	+2.364	+2.823	+3.143	+3.377	+8.234	+3.393	+4.902	+3.351	+8.280	+0.298	+0.180	+2.837	+0.458	+3.034	+8.229	+0.459	+0.481	+0.391	+8.240	+3.023	+8.251	+0.717	+3.037	+3.037	+0.393	+8.242	+1.808	+8.195	+3.025	+0.466	+3.040	+0.307	+3.027	+0.717	+8.296	+8.298	+8.298	+8.306	+0.717	+8.333	+3.051	+8.307	+3.059	+0.470	+6.465	+2.804	+5.838	+5.758	+1.013	+0.182	+1.741	+5.758	+1.012	+2.814	+1.012	+1.779	+2.814	+5.758	+1.053	+1.011	+0.644	+5.728	+2.796	+2.816	+5.787	+5.650	+0.651	+0.970	+0.655	+0.970	+0.656	+9.276	+0.236	+1.099	
rs11563839     +2.758	+2.908	+2.813	+2.132	+2.125	+2.123	+2.123	+2.286	+2.434	+2.139	+2.663	+3.742	+7.564	+6.748	+3.142	+3.104	+3.730	+2.729	+3.740	+3.101	+2.140	+3.779	+3.360	+3.159	+3.062	+2.066	+2.091	+3.287	+3.052	+3.288	+3.068	+2.039	+3.307	+3.307	+3.087	+3.299	+3.309	+3.336	+2.092	+3.299	+3.311	+3.299	+7.070	+3.308	+2.092	+2.512	+2.092	+3.188	+2.145	+3.160	+3.147	+3.147	+3.681	+2.145	+3.145	+2.304	+2.089	+3.731	+3.148	+3.148	+3.148	+3.100	+2.895	+3.083	+3.081	+2.143	+3.060	+3.116	+3.148	+3.178	+3.162	+2.322	+3.168	+3.148	+3.166	+3.680	+3.148	+3.149	+3.150	+3.371	+2.154	+3.159	+6.735	+3.168	+3.171	+3.168	+3.062	+3.594	+3.593	+2.158	+3.205	+3.589	+6.657	+6.686	+3.992	+3.553	+8.131	+2.162	+3.293	+3.611	+3.541	+3.616	+3.600	+3.620	+3.621	+3.442	+2.981	+3.441	+3.633	+3.807	+8.376	+3.815	+5.097	+3.787	+8.422	+2.175	+2.105	+3.663	+2.423	+3.875	+8.374	+2.424	+2.445	+2.640	+8.384	+3.867	+8.395	+3.153	+3.878	+3.878	+2.642	+8.386	+2.810	+8.341	+3.868	+2.431	+3.880	+2.533	+3.870	+3.152	+8.439	+8.440	+8.441	+8.449	+3.152	+8.475	+3.890	+8.449	+3.896	+2.435	+6.671	+3.693	+6.104	+6.036	+3.027	+2.290	+2.763	+6.036	+3.026	+3.700	+3.026	+2.791	+3.700	+6.036	+3.487	+3.025	+2.657	+6.009	+3.686	+3.705	+6.064	+5.945	+2.665	+2.985	+2.669	+2.985	+2.670	+9.429	+2.240	+3.547	
rs7794069      +2.540	+2.636	+2.590	+2.511	+2.543	+2.556	+2.563	+2.381	+2.417	+2.453	+3.742	+2.748	+4.532	+4.126	+9.885	+9.756	+2.724	+2.359	+2.730	+2.426	+2.525	+2.695	+2.515	+2.429	+2.398	+4.430	+2.526	+9.560	+4.882	+9.559	+4.903	+4.609	+9.595	+9.595	+4.929	+9.575	+9.599	+9.674	+2.529	+9.576	+9.431	+9.575	+8.433	+9.595	+2.527	+4.295	+2.527	+9.234	+2.507	+9.165	+9.130	+9.130	+4.131	+2.507	+9.124	+2.789	+2.476	+4.923	+9.131	+9.131	+9.131	+8.970	+3.414	+8.912	+8.905	+2.511	+8.846	+9.031	+9.131	+9.218	+9.170	+2.836	+9.191	+9.130	+9.186	+4.131	+9.131	+9.131	+9.131	+8.421	+2.482	+9.145	+3.826	+9.168	+8.516	+8.507	+8.098	+10.311	+10.310	+2.473	+5.420	+10.298	+3.783	+3.792	+6.041	+9.767	+8.978	+2.466	+8.750	+10.360	+10.163	+10.375	+10.330	+10.384	+10.387	+9.816	+5.030	+9.812	+10.418	+11.002	+9.212	+10.859	+7.411	+10.788	+9.266	+2.440	+2.363	+6.546	+2.386	+6.375	+9.220	+2.385	+2.378	+2.673	+9.226	+6.364	+9.236	+3.011	+6.379	+6.379	+2.675	+9.228	+4.179	+9.185	+6.366	+2.383	+6.381	+2.746	+6.368	+3.009	+9.278	+9.280	+9.280	+9.289	+3.009	+9.312	+6.396	+9.288	+6.403	+2.381	+7.828	+6.076	+7.261	+7.202	+2.414	+2.447	+4.082	+7.201	+2.414	+6.086	+2.414	+4.142	+6.085	+7.201	+3.359	+2.414	+2.370	+7.173	+6.061	+6.094	+7.235	+7.092	+2.373	+2.400	+2.375	+2.400	+2.376	+9.960	+2.456	+3.425	
rs2374330      +3.028	+3.006	+3.000	+3.915	+3.994	+4.019	+4.039	+3.152	+3.708	+4.664	+7.564	+4.532	+3.498	+3.385	+4.160	+4.115	+4.519	+4.657	+4.530	+5.215	+2.815	+4.558	+5.436	+5.275	+5.124	+3.135	+2.862	+4.341	+8.623	+4.343	+8.657	+3.228	+4.365	+4.366	+8.697	+4.356	+4.368	+4.397	+2.865	+4.356	+4.369	+4.356	+10.203	+4.367	+2.865	+3.368	+2.864	+4.227	+2.818	+4.196	+4.183	+4.183	+3.235	+2.818	+4.180	+5.077	+2.838	+5.129	+4.183	+4.183	+4.183	+4.132	+2.980	+4.111	+4.109	+2.818	+4.083	+4.148	+4.183	+4.217	+4.198	+5.202	+4.205	+4.183	+4.203	+3.234	+4.183	+4.184	+4.184	+4.415	+2.817	+4.193	+3.223	+4.204	+4.160	+4.157	+4.030	+4.600	+4.600	+2.816	+8.816	+4.594	+3.203	+3.209	+9.294	+4.595	+9.235	+2.817	+4.250	+4.620	+4.545	+4.626	+4.607	+4.630	+4.630	+4.436	+8.429	+4.435	+4.643	+4.925	+9.466	+4.835	+10.470	+4.801	+9.514	+2.818	+2.798	+4.773	+2.942	+5.009	+9.485	+2.943	+2.949	+2.837	+9.485	+5.000	+9.495	+2.916	+5.012	+5.012	+2.835	+9.487	+3.777	+9.445	+5.002	+2.944	+5.014	+2.947	+5.003	+2.916	+9.537	+9.539	+9.539	+9.546	+2.916	+9.571	+5.025	+9.547	+5.032	+2.946	+8.502	+4.807	+7.378	+7.314	+3.320	+2.921	+3.723	+7.313	+3.320	+4.816	+3.320	+3.756	+4.816	+7.314	+3.077	+3.319	+3.075	+7.286	+4.800	+4.821	+7.342	+7.209	+3.079	+3.288	+3.082	+3.288	+3.083	+11.752	+2.942	+3.103	
rs6465272      +2.433	+2.426	+2.421	+3.315	+3.393	+3.419	+3.439	+2.567	+3.112	+3.978	+6.748	+4.126	+3.385	+2.900	+3.605	+3.560	+4.112	+4.117	+4.123	+4.677	+2.247	+4.151	+4.910	+4.739	+4.585	+2.490	+2.286	+3.785	+7.755	+3.788	+7.788	+2.574	+3.810	+3.810	+7.827	+3.800	+3.813	+3.842	+2.288	+3.801	+3.812	+3.801	+9.656	+3.812	+2.288	+2.797	+2.288	+3.672	+2.250	+3.641	+3.627	+3.627	+2.741	+2.250	+3.625	+4.461	+2.263	+4.673	+3.628	+3.628	+3.628	+3.576	+2.452	+3.556	+3.553	+2.250	+3.528	+3.593	+3.628	+3.662	+3.643	+4.585	+3.650	+3.628	+3.648	+2.741	+3.628	+3.629	+3.629	+3.868	+2.249	+3.638	+2.853	+3.649	+3.599	+3.596	+3.469	+4.045	+4.045	+2.249	+7.940	+4.039	+2.822	+2.831	+8.476	+4.038	+8.934	+2.250	+3.690	+4.065	+3.990	+4.071	+4.052	+4.075	+4.076	+3.879	+7.558	+3.878	+4.089	+4.362	+9.168	+4.281	+9.748	+4.249	+9.218	+2.252	+2.227	+4.308	+2.374	+4.554	+9.185	+2.374	+2.381	+2.231	+9.187	+4.544	+9.197	+2.371	+4.557	+4.557	+2.230	+9.189	+3.287	+9.146	+4.546	+2.376	+4.559	+2.300	+4.548	+2.371	+9.240	+9.241	+9.242	+9.249	+2.371	+9.274	+4.570	+9.250	+4.577	+2.377	+8.096	+4.347	+7.024	+6.958	+2.754	+2.289	+3.231	+6.958	+2.754	+4.355	+2.753	+3.265	+4.355	+6.958	+2.557	+2.753	+2.529	+6.930	+4.339	+4.361	+6.986	+6.852	+2.534	+2.722	+2.537	+2.722	+2.538	+11.308	+2.372	+2.585	
rs1978094      +1.267	+1.338	+1.336	+1.172	+1.208	+1.220	+1.230	+1.401	+1.113	+2.482	+3.142	+9.885	+4.160	+3.605	+1.463	+1.419	+9.839	+9.008	+9.867	+9.508	+1.159	+9.750	+9.888	+9.244	+8.969	+3.703	+1.026	+1.508	+3.134	+1.509	+3.154	+3.063	+1.526	+1.527	+3.179	+1.517	+1.528	+1.554	+1.025	+1.518	+1.501	+1.518	+7.138	+1.527	+1.024	+1.123	+1.025	+1.419	+1.156	+1.398	+1.388	+1.388	+1.589	+1.156	+1.386	+1.977	+1.054	+2.888	+1.388	+1.388	+1.388	+1.352	+1.173	+1.341	+1.339	+1.152	+1.327	+1.365	+1.388	+1.411	+1.398	+2.052	+1.404	+1.388	+1.402	+1.588	+1.388	+1.388	+1.388	+1.619	+1.176	+1.393	+3.391	+1.400	+1.355	+1.353	+1.290	+1.737	+1.737	+1.184	+3.410	+1.732	+3.336	+3.358	+4.393	+1.686	+8.095	+1.191	+1.402	+1.756	+1.678	+1.763	+1.744	+1.767	+1.768	+1.563	+3.183	+1.562	+1.783	+2.014	+8.340	+2.020	+5.376	+1.969	+8.385	+1.218	+1.145	+2.263	+1.254	+2.627	+8.338	+1.255	+1.274	+0.986	+8.348	+2.618	+8.359	+1.297	+2.630	+2.630	+0.987	+8.350	+1.563	+8.304	+2.619	+1.260	+2.632	+0.982	+2.621	+1.297	+8.404	+8.405	+8.406	+8.413	+1.297	+8.440	+2.642	+8.414	+2.649	+1.264	+6.670	+2.432	+5.893	+5.817	+2.106	+0.895	+1.526	+5.816	+2.105	+2.440	+2.105	+1.549	+2.440	+5.817	+1.565	+2.104	+1.841	+5.788	+2.425	+2.445	+5.846	+5.710	+1.849	+2.054	+1.854	+2.055	+1.856	+9.572	+1.142	+1.598	
rs9690523      +1.217	+1.288	+1.286	+1.126	+1.162	+1.175	+1.184	+1.346	+1.066	+2.423	+3.104	+9.756	+4.115	+3.560	+1.419	+1.409	+9.708	+8.890	+9.737	+9.392	+1.106	+9.621	+9.774	+9.132	+8.856	+3.555	+0.974	+1.493	+3.101	+1.494	+3.122	+2.929	+1.513	+1.513	+3.147	+1.503	+1.515	+1.543	+0.973	+1.504	+1.483	+1.503	+7.122	+1.514	+0.972	+1.074	+0.972	+1.397	+1.102	+1.374	+1.363	+1.363	+1.544	+1.102	+1.361	+1.930	+1.001	+2.852	+1.363	+1.363	+1.363	+1.324	+1.126	+1.312	+1.310	+1.099	+1.296	+1.338	+1.363	+1.388	+1.374	+2.005	+1.380	+1.363	+1.379	+1.544	+1.363	+1.363	+1.364	+1.601	+1.122	+1.369	+3.340	+1.376	+1.325	+1.323	+1.255	+1.733	+1.733	+1.130	+3.378	+1.727	+3.286	+3.308	+4.361	+1.674	+8.085	+1.137	+1.373	+1.754	+1.671	+1.761	+1.740	+1.765	+1.766	+1.548	+3.148	+1.546	+1.782	+2.022	+8.331	+2.031	+5.350	+1.977	+8.376	+1.164	+1.091	+2.244	+1.201	+2.608	+8.329	+1.201	+1.220	+0.938	+8.339	+2.599	+8.350	+1.249	+2.611	+2.611	+0.939	+8.341	+1.527	+8.295	+2.600	+1.207	+2.613	+0.934	+2.602	+1.249	+8.394	+8.396	+8.397	+8.404	+1.249	+8.431	+2.624	+8.405	+2.631	+1.211	+6.653	+2.411	+5.877	+5.800	+2.045	+0.845	+1.489	+5.800	+2.044	+2.419	+2.044	+1.512	+2.419	+5.800	+1.518	+2.043	+1.782	+5.771	+2.404	+2.424	+5.830	+5.694	+1.789	+1.994	+1.794	+1.995	+1.796	+9.553	+1.091	+1.551	
rs2888807      +2.524	+2.619	+2.573	+2.495	+2.527	+2.540	+2.547	+2.363	+2.400	+2.436	+3.730	+2.724	+4.519	+4.112	+9.839	+9.708	+2.730	+2.340	+2.728	+2.410	+2.505	+2.687	+2.503	+2.415	+2.382	+4.393	+2.503	+9.508	+4.860	+9.507	+4.882	+4.571	+9.543	+9.544	+4.908	+9.524	+9.547	+9.622	+2.510	+9.524	+9.380	+9.524	+8.414	+9.543	+2.505	+4.269	+2.504	+9.183	+2.487	+9.115	+9.079	+9.079	+4.105	+2.487	+9.073	+2.774	+2.455	+4.901	+9.080	+9.080	+9.080	+8.920	+3.389	+8.862	+8.855	+2.491	+8.796	+8.980	+9.080	+9.167	+9.119	+2.820	+9.140	+9.080	+9.135	+4.104	+9.080	+9.081	+9.081	+8.377	+2.463	+9.094	+3.803	+9.118	+8.469	+8.460	+8.051	+10.257	+10.257	+2.453	+5.403	+10.244	+3.760	+3.770	+6.025	+9.716	+8.958	+2.446	+8.701	+10.306	+10.109	+10.321	+10.276	+10.330	+10.332	+9.764	+5.014	+9.760	+10.364	+10.954	+9.193	+10.804	+7.396	+10.732	+9.249	+2.421	+2.345	+6.513	+2.368	+6.344	+9.203	+2.367	+2.360	+2.651	+9.209	+6.333	+9.219	+2.992	+6.348	+6.348	+2.653	+9.211	+4.154	+9.168	+6.335	+2.365	+6.350	+2.724	+6.337	+2.990	+9.262	+9.263	+9.263	+9.272	+2.990	+9.296	+6.365	+9.271	+6.372	+2.363	+7.809	+6.045	+7.242	+7.182	+2.397	+2.426	+4.057	+7.182	+2.397	+6.055	+2.397	+4.116	+6.055	+7.182	+3.340	+2.397	+2.353	+7.154	+6.031	+6.064	+7.216	+7.073	+2.356	+2.383	+2.358	+2.383	+2.359	+9.949	+2.437	+3.406	
rs10277877     +1.349	+1.436	+1.400	+1.429	+1.467	+1.481	+1.490	+1.223	+1.228	+1.302	+2.729	+2.359	+4.657	+4.117	+9.008	+8.890	+2.340	+1.538	+2.353	+1.771	+1.181	+2.359	+2.049	+1.768	+1.659	+3.244	+1.357	+8.636	+3.848	+8.633	+3.870	+3.437	+8.686	+8.687	+3.897	+8.647	+8.690	+8.771	+1.360	+8.648	+8.473	+8.647	+7.585	+8.684	+1.359	+2.981	+1.359	+8.212	+1.178	+8.134	+8.096	+8.096	+2.958	+1.178	+8.089	+1.690	+1.302	+3.823	+8.096	+8.096	+8.096	+7.916	+2.241	+7.860	+7.852	+1.180	+7.792	+7.989	+8.096	+8.188	+8.137	+1.741	+8.160	+8.096	+8.153	+2.957	+8.096	+8.097	+8.097	+7.479	+1.165	+8.111	+4.203	+8.137	+7.375	+7.366	+6.943	+9.363	+9.363	+1.161	+3.971	+9.350	+4.140	+4.155	+4.616	+8.717	+9.021	+1.158	+7.686	+9.417	+9.203	+9.433	+9.386	+9.443	+9.446	+8.807	+3.608	+8.802	+9.480	+9.831	+9.271	+9.972	+5.928	+9.882	+9.327	+1.146	+1.195	+5.832	+1.191	+5.753	+9.275	+1.190	+1.190	+2.071	+9.281	+5.740	+9.291	+1.708	+5.757	+5.757	+2.073	+9.283	+3.277	+9.237	+5.742	+1.190	+5.760	+1.873	+5.745	+1.706	+9.335	+9.337	+9.337	+9.346	+1.706	+9.371	+5.775	+9.345	+5.783	+1.190	+7.775	+5.430	+7.120	+7.053	+1.360	+1.660	+3.176	+7.052	+1.360	+5.442	+1.360	+3.241	+5.442	+7.053	+2.031	+1.359	+1.199	+7.022	+5.416	+5.454	+7.091	+6.938	+1.202	+1.340	+1.204	+1.340	+1.204	+9.307	+1.234	+2.088	
rs439          +2.537	+2.632	+2.586	+2.507	+2.540	+2.553	+2.560	+2.376	+2.412	+2.447	+3.740	+2.730	+4.530	+4.123	+9.867	+9.737	+2.728	+2.353	+2.743	+2.422	+2.520	+2.695	+2.512	+2.425	+2.394	+4.422	+2.518	+9.547	+4.873	+9.546	+4.895	+4.601	+9.582	+9.583	+4.920	+9.563	+9.586	+9.661	+2.525	+9.563	+9.419	+9.563	+8.424	+9.582	+2.520	+4.289	+2.519	+9.221	+2.502	+9.153	+9.117	+9.117	+4.121	+2.503	+9.111	+2.785	+2.469	+4.915	+9.118	+9.118	+9.118	+8.958	+3.405	+8.900	+8.893	+2.507	+8.833	+9.018	+9.118	+9.205	+9.157	+2.832	+9.178	+9.118	+9.173	+4.120	+9.119	+9.119	+9.119	+8.408	+2.478	+9.132	+3.813	+9.156	+8.504	+8.495	+8.085	+10.297	+10.297	+2.468	+5.417	+10.284	+3.770	+3.779	+6.038	+9.754	+8.966	+2.461	+8.737	+10.347	+10.150	+10.361	+10.316	+10.371	+10.373	+9.802	+5.027	+9.798	+10.405	+10.997	+9.201	+10.845	+7.409	+10.774	+9.256	+2.436	+2.359	+6.533	+2.381	+6.361	+9.211	+2.381	+2.373	+2.664	+9.217	+6.350	+9.227	+3.006	+6.365	+6.365	+2.666	+9.219	+4.170	+9.176	+6.352	+2.378	+6.368	+2.737	+6.355	+3.004	+9.269	+9.271	+9.271	+9.280	+3.004	+9.303	+6.383	+9.279	+6.389	+2.376	+7.817	+6.063	+7.252	+7.192	+2.409	+2.440	+4.072	+7.192	+2.409	+6.073	+2.409	+4.132	+6.072	+7.192	+3.354	+2.408	+2.365	+7.164	+6.048	+6.081	+7.226	+7.083	+2.368	+2.395	+2.370	+2.395	+2.371	+9.955	+2.451	+3.419	
rs17862241     +1.818	+1.909	+1.869	+1.780	+1.812	+1.824	+1.831	+1.680	+1.692	+1.749	+3.101	+2.426	+5.215	+4.677	+9.508	+9.392	+2.410	+1.771	+2.422	+2.020	+1.697	+2.434	+2.155	+1.948	+1.884	+3.822	+1.703	+9.178	+4.003	+9.175	+4.024	+4.011	+9.209	+9.209	+4.049	+9.189	+9.212	+9.292	+1.708	+9.190	+9.014	+9.189	+7.623	+9.207	+1.704	+3.535	+1.704	+8.829	+1.689	+8.755	+8.718	+8.717	+3.121	+1.689	+8.711	+2.113	+1.668	+3.982	+8.718	+8.718	+8.718	+8.539	+2.470	+8.483	+8.476	+1.692	+8.417	+8.612	+8.718	+8.810	+8.759	+2.162	+8.782	+8.718	+8.775	+3.121	+8.719	+8.717	+8.718	+8.030	+1.672	+8.730	+4.125	+8.754	+8.031	+8.022	+7.603	+9.975	+9.975	+1.666	+4.493	+9.962	+4.070	+4.083	+5.117	+9.352	+9.090	+1.662	+8.251	+10.028	+9.815	+10.044	+9.997	+10.054	+10.057	+9.432	+4.121	+9.428	+10.091	+10.430	+9.332	+10.580	+6.445	+10.487	+9.389	+1.645	+1.593	+6.230	+1.660	+6.104	+9.339	+1.660	+1.657	+2.362	+9.345	+6.092	+9.355	+2.226	+6.108	+6.108	+2.364	+9.347	+3.692	+9.302	+6.094	+1.659	+6.111	+2.496	+6.097	+2.224	+9.398	+9.400	+9.400	+9.409	+2.224	+9.433	+6.126	+9.408	+6.134	+1.658	+7.918	+5.785	+7.255	+7.190	+1.782	+2.011	+3.591	+7.190	+1.782	+5.795	+1.782	+3.655	+5.795	+7.190	+2.559	+1.781	+1.729	+7.161	+5.770	+5.806	+7.228	+7.079	+1.734	+1.764	+1.736	+1.764	+1.737	+9.478	+1.719	+2.621	
rs17862242     -0.546	-0.459	-0.465	-0.359	-0.308	-0.292	-0.278	-0.623	-0.486	+0.255	+2.140	+2.525	+2.815	+2.247	+1.159	+1.106	+2.505	+1.181	+2.520	+1.697	-0.487	+2.515	+2.019	+1.718	+1.570	-0.859	-0.686	+1.347	+4.103	+1.349	+4.138	-0.816	+1.373	+1.374	+4.179	+1.362	+1.376	+1.410	-0.682	+1.362	+1.342	+1.362	+9.889	+1.375	-0.684	-0.184	-0.684	+1.217	-0.642	+1.180	+1.163	+1.163	+2.119	-0.642	+1.160	+0.445	-0.711	+4.019	+1.163	+1.163	+1.163	+1.095	+0.765	+1.072	+1.069	-0.643	+1.040	+1.120	+1.163	+1.204	+1.182	+0.531	+1.191	+1.163	+1.188	+2.117	+1.163	+1.164	+1.164	+1.558	-0.638	+1.174	+2.049	+1.186	+1.053	+1.049	+0.896	+1.659	+1.659	-0.636	+4.799	+1.653	+1.987	+2.005	+5.964	+1.602	+10.649	-0.633	+1.144	+1.681	+1.592	+1.688	+1.667	+1.693	+1.694	+1.445	+4.239	+1.444	+1.710	+1.950	+10.962	+1.946	+8.007	+1.902	+11.038	-0.620	-0.733	+2.416	-0.680	+2.877	+10.918	-0.680	-0.671	-0.185	+10.922	+2.864	+10.935	-0.143	+2.881	+2.881	-0.182	+10.924	+0.921	+10.860	+2.866	-0.677	+2.883	-0.195	+2.869	-0.145	+10.983	+10.985	+10.986	+10.993	-0.145	+11.028	+2.895	+10.995	+2.905	-0.676	+8.898	+2.601	+7.386	+7.321	-0.172	-0.656	+0.849	+7.321	-0.172	+2.613	-0.173	+0.898	+2.613	+7.321	+0.273	-0.173	-0.429	+7.281	+2.591	+2.619	+7.363	+7.142	-0.423	-0.211	-0.420	-0.211	-0.418	+9.807	-0.714	+0.335	
rs12704550     +2.563	+2.660	+2.612	+2.526	+2.563	+2.576	+2.585	+2.398	+2.434	+2.459	+3.779	+2.695	+4.558	+4.151	+9.750	+9.621	+2.687	+2.359	+2.695	+2.434	+2.515	+2.765	+2.521	+2.445	+2.425	+4.742	+2.559	+10.227	+4.942	+10.228	+4.964	+4.947	+10.268	+10.269	+4.990	+10.248	+10.273	+10.353	+2.566	+10.249	+10.098	+10.248	+8.503	+10.269	+2.561	+4.413	+2.560	+9.891	+2.544	+9.819	+9.781	+9.781	+4.192	+2.544	+9.774	+2.808	+2.508	+4.984	+9.782	+9.782	+9.782	+9.612	+3.466	+9.550	+9.543	+2.549	+9.476	+9.675	+9.782	+9.876	+9.824	+2.855	+9.846	+9.782	+9.840	+4.191	+9.783	+9.783	+9.783	+8.903	+2.518	+9.797	+3.839	+9.821	+9.102	+9.093	+8.643	+11.033	+11.033	+2.508	+5.495	+11.019	+3.796	+3.805	+6.113	+10.437	+9.039	+2.501	+9.342	+11.086	+10.874	+11.101	+11.052	+11.111	+11.113	+10.489	+5.094	+10.485	+11.146	+11.770	+9.274	+11.589	+7.499	+11.526	+9.326	+2.474	+2.393	+6.758	+2.406	+6.557	+9.284	+2.406	+2.398	+2.708	+9.290	+6.545	+9.300	+3.045	+6.561	+6.560	+2.710	+9.292	+4.248	+9.249	+6.547	+2.403	+6.563	+2.784	+6.550	+3.043	+9.342	+9.344	+9.344	+9.351	+3.043	+9.376	+6.578	+9.352	+6.585	+2.401	+7.890	+6.251	+7.335	+7.275	+2.423	+2.471	+4.173	+7.275	+2.422	+6.262	+2.422	+4.235	+6.261	+7.275	+3.397	+2.422	+2.379	+7.247	+6.237	+6.271	+7.310	+7.166	+2.382	+2.409	+2.384	+2.409	+2.385	+10.002	+2.479	+3.463	
rs11769455     +2.138	+2.230	+2.187	+2.082	+2.118	+2.130	+2.138	+1.995	+2.001	+2.028	+3.360	+2.515	+5.436	+4.910	+9.888	+9.774	+2.503	+2.049	+2.512	+2.155	+2.019	+2.521	+2.349	+2.211	+2.301	+4.727	+2.059	+10.594	+4.331	+10.593	+4.351	+4.957	+10.656	+10.657	+4.376	+10.613	+10.661	+10.749	+2.062	+10.614	+10.435	+10.613	+7.883	+10.656	+2.060	+4.068	+2.060	+10.250	+2.046	+10.170	+10.130	+10.129	+3.529	+2.046	+10.121	+2.399	+2.019	+4.332	+10.130	+10.130	+10.130	+9.932	+2.861	+9.870	+9.861	+2.049	+9.791	+10.010	+10.130	+10.232	+10.175	+2.446	+10.199	+10.130	+10.192	+3.528	+10.131	+10.129	+10.130	+9.157	+2.026	+10.141	+4.393	+10.168	+9.314	+9.303	+8.800	+11.510	+11.510	+2.019	+4.840	+11.494	+4.338	+4.350	+5.441	+10.784	+9.365	+2.013	+9.562	+11.568	+11.331	+11.585	+11.531	+11.595	+11.598	+10.887	+4.456	+10.882	+11.634	+11.930	+9.610	+12.104	+6.787	+12.034	+9.661	+1.993	+1.930	+6.885	+1.983	+6.692	+9.615	+1.983	+1.979	+2.730	+9.620	+6.680	+9.630	+2.575	+6.697	+6.696	+2.733	+9.622	+4.107	+9.578	+6.682	+1.982	+6.699	+2.882	+6.685	+2.574	+9.673	+9.675	+9.675	+9.684	+2.574	+9.708	+6.715	+9.683	+6.722	+1.980	+8.214	+6.360	+7.573	+7.510	+2.071	+2.363	+4.028	+7.509	+2.070	+6.371	+2.070	+4.096	+6.371	+7.510	+2.915	+2.070	+2.025	+7.480	+6.344	+6.382	+7.547	+7.397	+2.029	+2.054	+2.031	+2.054	+2.032	+9.630	+2.053	+2.978	
rs13234216     +1.856	+1.948	+1.911	+1.817	+1.854	+1.867	+1.875	+1.712	+1.731	+1.776	+3.159	+2.429	+5.275	+4.739	+9.244	+9.132	+2.415	+1.768	+2.425	+1.948	+1.718	+2.445	+2.211	+2.055	+1.943	+4.175	+1.761	+9.973	+4.107	+9.973	+4.128	+4.402	+10.014	+10.015	+4.153	+9.994	+10.019	+10.105	+1.764	+9.995	+9.813	+9.994	+7.736	+10.014	+1.762	+3.686	+1.761	+9.619	+1.744	+9.540	+9.500	+9.500	+3.236	+1.744	+9.492	+2.150	+1.722	+4.094	+9.500	+9.500	+9.500	+9.307	+2.566	+9.246	+9.239	+1.747	+9.169	+9.383	+9.500	+9.600	+9.545	+2.199	+9.568	+9.500	+9.561	+3.235	+9.501	+9.500	+9.500	+8.595	+1.726	+9.511	+4.214	+9.537	+8.717	+8.707	+8.219	+10.840	+10.840	+1.719	+4.602	+10.824	+4.157	+4.171	+5.221	+10.141	+9.260	+1.714	+8.952	+10.897	+10.665	+10.913	+10.860	+10.924	+10.927	+10.233	+4.219	+10.229	+10.962	+11.257	+9.502	+11.428	+6.573	+11.357	+9.552	+1.695	+1.638	+6.429	+1.696	+6.264	+9.507	+1.696	+1.692	+2.468	+9.512	+6.252	+9.522	+2.287	+6.268	+6.268	+2.470	+9.514	+3.756	+9.469	+6.254	+1.695	+6.271	+2.615	+6.257	+2.285	+9.565	+9.567	+9.567	+9.575	+2.285	+9.601	+6.286	+9.575	+6.294	+1.694	+8.080	+5.940	+7.426	+7.362	+1.801	+2.088	+3.678	+7.362	+1.801	+5.951	+1.801	+3.743	+5.950	+7.362	+2.627	+1.801	+1.749	+7.332	+5.924	+5.962	+7.400	+7.249	+1.754	+1.784	+1.756	+1.784	+1.756	+9.534	+1.760	+2.690	
rs13234217     +1.726	+1.818	+1.778	+1.685	+1.724	+1.737	+1.746	+1.584	+1.602	+1.664	+3.062	+2.398	+5.124	+4.585	+8.969	+8.856	+2.382	+1.659	+2.394	+1.884	+1.570	+2.425	+2.301	+1.943	+1.918	+3.966	+1.611	+9.883	+3.975	+9.883	+3.996	+4.269	+9.925	+9.926	+4.021	+9.905	+9.930	+10.018	+1.614	+9.906	+9.725	+9.905	+7.628	+9.926	+1.612	+3.511	+1.612	+9.528	+1.593	+9.448	+9.408	+9.408	+3.055	+1.593	+9.400	+2.035	+1.575	+3.944	+9.408	+9.408	+9.408	+9.212	+2.396	+9.152	+9.144	+1.596	+9.074	+9.290	+9.409	+9.509	+9.453	+2.085	+9.477	+9.408	+9.470	+3.054	+9.409	+9.407	+9.407	+8.506	+1.577	+9.418	+4.076	+9.444	+8.634	+8.624	+8.133	+10.762	+10.762	+1.571	+4.461	+10.746	+4.020	+4.033	+5.093	+10.073	+9.126	+1.566	+8.862	+10.820	+10.585	+10.836	+10.783	+10.847	+10.850	+10.151	+4.081	+10.146	+10.885	+11.187	+9.368	+11.354	+6.431	+11.283	+9.419	+1.549	+1.498	+6.377	+1.563	+6.220	+9.372	+1.562	+1.559	+2.294	+9.378	+6.208	+9.388	+2.136	+6.224	+6.224	+2.296	+9.380	+3.675	+9.335	+6.210	+1.561	+6.227	+2.428	+6.213	+2.135	+9.431	+9.433	+9.433	+9.441	+2.134	+9.467	+6.242	+9.441	+6.250	+1.560	+7.937	+5.892	+7.282	+7.217	+1.682	+1.925	+3.597	+7.217	+1.682	+5.903	+1.681	+3.663	+5.903	+7.217	+2.473	+1.681	+1.627	+7.187	+5.876	+5.914	+7.255	+7.106	+1.631	+1.664	+1.634	+1.664	+1.634	+9.475	+1.621	+2.535	
rs6945415      -0.540	-0.445	-0.452	-0.464	-0.416	-0.399	-0.387	-0.654	-0.587	+0.169	+2.066	+4.430	+3.135	+2.490	+3.703	+3.555	+4.393	+3.244	+4.422	+3.822	-0.859	+4.742	+4.727	+4.175	+3.966	-0.540	-0.916	+5.114	+2.621	+5.111	+2.648	-0.628	+5.159	+5.160	+2.681	+5.137	+5.164	+5.281	-0.916	+5.138	+4.597	+5.137	+7.094	+5.157	-0.916	-0.289	-0.916	+4.433	-0.853	+4.319	+4.264	+4.262	+0.176	-0.853	+4.252	+0.348	-0.909	+1.962	+4.263	+4.263	+4.262	+3.971	-0.414	+3.892	+3.882	-0.854	+3.783	+4.105	+4.262	+4.392	+4.322	+0.433	+4.355	+4.262	+4.345	+0.175	+4.263	+4.252	+4.253	+3.341	-0.843	+4.248	+2.180	+4.278	+2.715	+2.704	+2.183	+5.316	+5.316	-0.839	+2.868	+5.296	+2.116	+2.137	+3.741	+4.508	+8.356	-0.835	+2.765	+5.389	+5.087	+5.411	+5.338	+5.426	+5.429	+4.411	+2.444	+4.405	+5.477	+5.938	+8.626	+6.067	+5.230	+5.926	+8.672	-0.821	-0.875	+2.702	-0.744	+2.964	+8.616	-0.744	-0.732	-0.670	+8.622	+2.950	+8.634	-0.387	+2.968	+2.968	-0.668	+8.624	+0.678	+8.573	+2.952	-0.740	+2.971	-0.706	+2.955	-0.388	+8.681	+8.683	+8.684	+8.694	-0.388	+8.722	+2.985	+8.693	+2.995	-0.738	+6.927	+2.633	+5.978	+5.895	-0.187	-0.898	+0.609	+5.895	-0.187	+2.646	-0.188	+0.657	+2.646	+5.895	-0.053	-0.188	-0.404	+5.861	+2.620	+2.658	+5.937	+5.775	-0.398	-0.224	-0.394	-0.224	-0.393	+9.303	-0.797	-0.009	
rs17864075     -0.581	-0.492	-0.499	-0.405	-0.355	-0.338	-0.325	-0.629	-0.540	+0.119	+2.091	+2.526	+2.862	+2.286	+1.026	+0.974	+2.503	+1.357	+2.518	+1.703	-0.686	+2.559	+2.059	+1.761	+1.611	-0.916	-0.534	+1.244	+4.046	+1.246	+4.083	-0.876	+1.270	+1.270	+4.124	+1.259	+1.273	+1.307	-0.665	+1.259	+1.239	+1.259	+10.024	+1.272	-0.666	-0.257	-0.666	+1.112	-0.670	+1.075	+1.058	+1.058	+2.413	-0.670	+1.055	+0.446	-0.668	+3.990	+1.058	+1.058	+1.058	+0.991	+0.835	+0.968	+0.965	-0.674	+0.937	+1.016	+1.058	+1.098	+1.077	+0.536	+1.086	+1.058	+1.083	+2.411	+1.058	+1.059	+1.059	+1.442	-0.649	+1.069	+2.022	+1.081	+0.948	+0.944	+0.792	+1.547	+1.547	-0.641	+3.711	+1.541	+1.961	+1.978	+4.773	+1.491	+10.638	-0.633	+1.044	+1.569	+1.481	+1.576	+1.555	+1.580	+1.582	+1.334	+3.232	+1.332	+1.597	+1.833	+10.954	+1.829	+6.539	+1.786	+11.015	-0.605	-0.507	+2.269	-0.688	+2.725	+10.895	-0.688	-0.674	-0.332	+10.901	+2.713	+10.915	-0.328	+2.729	+2.729	-0.329	+10.903	+0.789	+10.837	+2.714	-0.684	+2.731	-0.508	+2.717	-0.329	+10.964	+10.966	+10.966	+10.974	-0.329	+11.010	+2.744	+10.976	+2.753	-0.681	+8.690	+2.452	+7.263	+7.193	-0.103	-0.758	+0.720	+7.193	-0.104	+2.464	-0.104	+0.766	+2.464	+7.193	+0.039	-0.105	-0.280	+7.152	+2.443	+2.472	+7.236	+7.012	-0.273	-0.146	-0.269	-0.146	-0.267	+9.464	-0.758	+0.093	
rs10281028     +1.462	+1.532	+1.529	+1.371	+1.400	+1.410	+1.418	+1.600	+1.306	+2.713	+3.287	+9.560	+4.341	+3.785	+1.508	+1.493	+9.508	+8.636	+9.547	+9.178	+1.347	+10.227	+10.594	+9.973	+9.883	+5.114	+1.244	+1.673	+3.222	+1.658	+3.242	+4.764	+1.669	+1.669	+3.266	+1.665	+1.670	+1.693	+1.243	+1.665	+1.618	+1.665	+7.157	+1.669	+1.242	+1.322	+1.242	+1.592	+1.382	+1.591	+1.593	+1.592	+1.744	+1.382	+1.592	+2.145	+1.275	+2.988	+1.592	+1.592	+1.592	+1.583	+1.348	+1.589	+1.590	+1.378	+1.601	+1.595	+1.592	+1.591	+1.591	+2.219	+1.591	+1.592	+1.591	+1.744	+1.592	+1.589	+1.589	+1.689	+1.404	+1.581	+3.517	+1.580	+1.492	+1.491	+1.451	+1.826	+1.826	+1.412	+3.499	+1.820	+3.464	+3.485	+4.468	+1.761	+8.096	+1.420	+1.516	+1.846	+1.766	+1.853	+1.832	+1.857	+1.859	+1.655	+3.283	+1.654	+1.874	+2.112	+8.343	+2.127	+5.433	+2.070	+8.388	+1.448	+1.374	+2.306	+1.472	+2.663	+8.341	+1.472	+1.493	+1.170	+8.351	+2.654	+8.362	+1.478	+2.666	+2.666	+1.171	+8.353	+1.682	+8.308	+2.656	+1.478	+2.668	+1.169	+2.657	+1.478	+8.406	+8.408	+8.408	+8.416	+1.477	+8.443	+2.678	+8.417	+2.685	+1.483	+6.691	+2.475	+5.911	+5.835	+2.358	+1.101	+1.639	+5.835	+2.357	+2.484	+2.357	+1.660	+2.484	+5.835	+1.737	+2.356	+2.091	+5.807	+2.469	+2.488	+5.864	+5.729	+2.099	+2.305	+2.104	+2.306	+2.106	+9.598	+1.354	+1.768	
rs6465273      +3.190	+3.351	+3.247	+2.423	+2.427	+2.429	+2.431	+3.257	+2.456	+2.474	+3.052	+4.882	+8.623	+7.755	+3.134	+3.101	+4.860	+3.848	+4.873	+4.003	+4.103	+4.942	+4.331	+4.107	+3.975	+2.621	+4.046	+3.222	+2.968	+3.223	+2.984	+2.557	+3.239	+3.239	+3.001	+3.231	+3.241	+3.263	+4.029	+3.232	+3.244	+3.232	+8.933	+3.240	+4.024	+2.710	+4.026	+3.151	+4.231	+3.129	+3.118	+3.118	+2.586	+4.230	+3.116	+2.720	+4.173	+3.027	+3.118	+3.118	+3.118	+3.080	+2.438	+3.066	+3.064	+4.217	+3.048	+3.093	+3.118	+3.143	+3.130	+2.752	+3.136	+3.118	+3.134	+2.585	+3.118	+3.119	+3.119	+3.279	+4.307	+3.126	+6.460	+3.134	+3.155	+3.153	+3.069	+3.480	+3.479	+4.334	+3.077	+3.476	+6.388	+6.417	+3.870	+3.460	+8.685	+4.359	+3.238	+3.494	+3.435	+3.499	+3.485	+3.502	+3.503	+3.356	+2.882	+3.355	+3.513	+3.662	+9.003	+3.674	+5.406	+3.646	+9.040	+4.439	+4.640	+3.439	+3.470	+3.602	+8.934	+3.467	+3.519	+2.388	+8.940	+3.595	+8.955	+2.651	+3.605	+3.605	+2.389	+8.942	+2.793	+8.876	+3.597	+3.482	+3.607	+2.394	+3.599	+2.651	+9.005	+9.007	+9.007	+9.017	+2.651	+9.053	+3.617	+9.018	+3.622	+3.492	+6.853	+3.448	+5.821	+5.743	+4.234	+2.401	+2.758	+5.743	+4.233	+3.454	+4.233	+2.777	+3.454	+5.743	+2.839	+4.232	+4.228	+5.713	+3.442	+3.458	+5.776	+5.634	+4.240	+4.165	+4.247	+4.166	+4.250	+9.398	+3.042	+2.868	
rs4141386      +1.464	+1.534	+1.531	+1.373	+1.402	+1.412	+1.420	+1.602	+1.308	+2.715	+3.288	+9.559	+4.343	+3.788	+1.509	+1.494	+9.507	+8.633	+9.546	+9.175	+1.349	+10.228	+10.593	+9.973	+9.883	+5.111	+1.246	+1.658	+3.223	+1.675	+3.243	+4.773	+1.670	+1.670	+3.267	+1.666	+1.672	+1.694	+1.245	+1.666	+1.619	+1.666	+7.157	+1.671	+1.244	+1.324	+1.244	+1.595	+1.384	+1.595	+1.596	+1.596	+1.746	+1.384	+1.596	+2.147	+1.277	+2.989	+1.596	+1.596	+1.596	+1.587	+1.350	+1.593	+1.594	+1.380	+1.606	+1.599	+1.596	+1.594	+1.594	+2.220	+1.594	+1.596	+1.594	+1.746	+1.595	+1.592	+1.592	+1.689	+1.406	+1.584	+3.518	+1.582	+1.494	+1.493	+1.452	+1.826	+1.826	+1.414	+3.500	+1.821	+3.465	+3.487	+4.470	+1.762	+8.097	+1.422	+1.518	+1.847	+1.766	+1.853	+1.833	+1.858	+1.859	+1.656	+3.284	+1.655	+1.874	+2.112	+8.343	+2.127	+5.434	+2.070	+8.388	+1.450	+1.376	+2.307	+1.474	+2.663	+8.342	+1.474	+1.495	+1.172	+8.351	+2.654	+8.362	+1.479	+2.666	+2.666	+1.173	+8.353	+1.683	+8.308	+2.656	+1.480	+2.668	+1.171	+2.658	+1.479	+8.406	+8.408	+8.409	+8.416	+1.479	+8.443	+2.679	+8.417	+2.686	+1.485	+6.691	+2.476	+5.911	+5.836	+2.360	+1.103	+1.640	+5.835	+2.359	+2.484	+2.359	+1.661	+2.484	+5.836	+1.739	+2.358	+2.093	+5.807	+2.470	+2.489	+5.864	+5.730	+2.101	+2.307	+2.106	+2.307	+2.109	+9.598	+1.356	+1.770	
