## Summary of overall evidence for association with region:
## log10(BF for region) = -0.514083
## p-value for region = NA

## BFs for choosing among multi-SNP models:
## log10(average 1-SNP BF) = -0.455994
## log10(average 2-SNP BF) = -0.660525

## Example posterior probabilities for multi-SNP models, based on default prior: [p(l) propto 0.5^l for l=1,2,...,L]
## posterior probability of 1-SNP = 0.762077
## posterior probability of 2-SNP = 0.237923

## log10(BF) for single SNP and pair of SNPs:
rs12644754     -0.563	-0.855	-0.408	-0.707	-0.711	-0.712	-0.713	-0.712	-0.713	-0.714	-0.748	-0.716	-0.717	-1.004	-0.723	-0.725	-1.006	-0.728	-1.005	-0.732	-0.734	-0.734	-0.698	-0.698	-0.698	-0.697	-0.740	-0.740	-0.748	-0.736	-0.736	-0.756	-0.758	-0.758	-0.759	-0.759	-0.759	-0.761	-0.765	-0.766	-0.817	-0.759	-0.797	-0.771	-0.768	-0.771	-0.771	-0.772	-0.814	-0.814	-0.818	-0.815	-0.816	-0.816	-0.817	-0.817	-0.817	-0.908	-1.019	-0.814	-0.911	-1.019	-1.020	-0.815	-1.019	-1.019	-1.019	-0.908	-0.811	-1.019	-0.815	-1.019	-1.019	-0.908	-0.815	-1.020	-0.904	-1.020	-1.020	-1.020	-1.020	-0.904	-0.904	-1.020	-0.904	-0.904	-1.020	-1.020	-0.905	-0.905	-0.906	-1.020	-1.020	-0.907	-0.908	-0.906	-1.020	-1.020	-0.906	-1.020	-1.020	-1.018	-0.906	-0.906	-1.020	-0.904	-0.907	-1.020	-0.907	-1.020	-1.020	-1.020	-1.014	-0.905	-1.020	-0.969	-0.969	-1.020	-0.819	-0.969	-0.970	-0.970	-1.020	-0.913	-0.909	-1.020	-0.970	-0.970	-0.970	-0.970	-1.019	-0.964	-0.970	-0.970	-0.970	-0.817	-1.020	-0.970	-0.970	-1.020	-0.970	-0.927	-0.999	-0.927	-0.999	-0.927	-1.000	-0.816	-0.927	-1.002	-0.929	-0.894	-0.928	-0.929	-1.001	-0.815	-0.924	-1.002	-0.819	-0.893	-0.929	-1.002	-0.892	-0.815	-0.929	-0.929	-0.930	-1.000	-1.001	-0.813	-1.001	-0.930	-0.930	-1.001	-0.930	-0.930	-0.812	-0.931	-1.001	-0.931	-0.887	-0.821	-0.931	-0.931	-0.890	-1.000	
rs114468107    -0.855	-0.436	-0.244	-0.544	-0.549	-0.550	-0.552	-0.550	-0.551	-0.552	-0.598	-0.555	-0.556	-0.880	-0.564	-0.566	-0.883	-0.569	-0.881	-0.575	-0.577	-0.577	-0.540	-0.540	-0.541	-0.540	-0.584	-0.585	-0.594	-0.580	-0.581	-0.604	-0.605	-0.606	-0.607	-0.607	-0.607	-0.609	-0.614	-0.615	-0.679	-0.607	-0.651	-0.621	-0.618	-0.621	-0.622	-0.623	-0.670	-0.671	-0.675	-0.672	-0.673	-0.673	-0.674	-0.674	-0.674	-0.781	-0.896	-0.670	-0.784	-0.896	-0.897	-0.672	-0.896	-0.896	-0.896	-0.781	-0.668	-0.896	-0.672	-0.896	-0.897	-0.781	-0.672	-0.897	-0.777	-0.897	-0.897	-0.897	-0.897	-0.777	-0.777	-0.897	-0.777	-0.777	-0.897	-0.897	-0.778	-0.778	-0.779	-0.897	-0.897	-0.780	-0.782	-0.779	-0.897	-0.897	-0.779	-0.897	-0.897	-0.895	-0.780	-0.780	-0.897	-0.777	-0.780	-0.897	-0.780	-0.897	-0.897	-0.897	-0.892	-0.779	-0.897	-0.844	-0.844	-0.897	-0.677	-0.845	-0.845	-0.845	-0.897	-0.787	-0.777	-0.897	-0.845	-0.845	-0.845	-0.845	-0.896	-0.838	-0.845	-0.845	-0.845	-0.674	-0.897	-0.845	-0.845	-0.897	-0.845	-0.797	-0.874	-0.797	-0.874	-0.797	-0.875	-0.673	-0.797	-0.878	-0.799	-0.763	-0.799	-0.800	-0.876	-0.672	-0.795	-0.877	-0.677	-0.761	-0.800	-0.877	-0.760	-0.671	-0.800	-0.800	-0.800	-0.876	-0.876	-0.670	-0.876	-0.801	-0.801	-0.876	-0.801	-0.801	-0.668	-0.801	-0.876	-0.801	-0.755	-0.687	-0.802	-0.802	-0.758	-0.875	
rs11944087     -0.408	-0.244	+0.012	-0.260	-0.263	-0.263	-0.264	-0.263	-0.263	-0.264	-0.261	-0.265	-0.265	-0.437	-0.268	-0.269	-0.436	-0.271	-0.440	-0.273	-0.274	-0.274	-0.249	-0.249	-0.249	-0.249	-0.276	-0.277	-0.280	-0.274	-0.274	-0.284	-0.285	-0.285	-0.285	-0.285	-0.285	-0.286	-0.288	-0.288	-0.277	-0.285	-0.295	-0.291	-0.290	-0.291	-0.291	-0.292	-0.302	-0.302	-0.303	-0.303	-0.303	-0.303	-0.303	-0.303	-0.303	-0.384	-0.442	-0.303	-0.383	-0.440	-0.438	-0.304	-0.440	-0.442	-0.443	-0.384	-0.303	-0.440	-0.304	-0.443	-0.442	-0.384	-0.304	-0.437	-0.384	-0.437	-0.437	-0.437	-0.437	-0.384	-0.384	-0.438	-0.384	-0.384	-0.437	-0.438	-0.384	-0.384	-0.384	-0.438	-0.438	-0.384	-0.384	-0.384	-0.438	-0.438	-0.384	-0.440	-0.438	-0.439	-0.384	-0.384	-0.438	-0.384	-0.384	-0.438	-0.384	-0.438	-0.438	-0.438	-0.455	-0.384	-0.436	-0.324	-0.324	-0.438	-0.304	-0.327	-0.327	-0.327	-0.439	-0.384	-0.269	-0.440	-0.328	-0.328	-0.328	-0.329	-0.445	-0.298	-0.330	-0.330	-0.330	-0.304	-0.440	-0.330	-0.331	-0.440	-0.331	-0.188	-0.373	-0.189	-0.373	-0.189	-0.376	-0.304	-0.189	-0.398	-0.196	-0.317	-0.194	-0.198	-0.386	-0.304	-0.178	-0.386	-0.306	-0.318	-0.198	-0.386	-0.320	-0.304	-0.198	-0.199	-0.200	-0.381	-0.381	-0.303	-0.382	-0.203	-0.203	-0.384	-0.204	-0.204	-0.303	-0.205	-0.385	-0.205	-0.324	+0.042	-0.206	-0.207	-0.321	-0.375	
rs12500215     -0.707	-0.544	-0.260	-0.266	-0.362	-0.362	-0.363	-0.363	-0.363	-0.364	-0.403	-0.365	-0.365	-0.696	-0.368	-0.369	-0.695	-0.370	-0.698	-0.371	-0.372	-0.372	-0.378	-0.378	-0.378	-0.378	-0.373	-0.373	-0.375	-0.381	-0.381	-0.376	-0.377	-0.377	-0.377	-0.380	-0.377	-0.377	-0.378	-0.378	-0.323	-0.384	-0.321	-0.386	-0.384	-0.385	-0.385	-0.386	-0.304	-0.304	-0.284	-0.304	-0.304	-0.304	-0.305	-0.305	-0.304	-0.604	-0.701	-0.322	-0.603	-0.698	-0.697	-0.335	-0.698	-0.701	-0.702	-0.604	-0.349	-0.698	-0.336	-0.702	-0.701	-0.604	-0.335	-0.696	-0.605	-0.696	-0.696	-0.696	-0.696	-0.605	-0.605	-0.696	-0.605	-0.605	-0.696	-0.696	-0.605	-0.605	-0.605	-0.697	-0.697	-0.605	-0.605	-0.605	-0.697	-0.697	-0.605	-0.699	-0.697	-0.698	-0.605	-0.605	-0.697	-0.605	-0.605	-0.697	-0.605	-0.697	-0.697	-0.697	-0.713	-0.605	-0.695	-0.569	-0.569	-0.697	-0.333	-0.572	-0.572	-0.572	-0.698	-0.604	-0.364	-0.699	-0.573	-0.574	-0.574	-0.574	-0.704	-0.539	-0.575	-0.575	-0.575	-0.342	-0.699	-0.576	-0.576	-0.699	-0.577	-0.397	-0.631	-0.398	-0.631	-0.398	-0.635	-0.347	-0.398	-0.657	-0.408	-0.484	-0.404	-0.411	-0.644	-0.351	-0.387	-0.645	-0.379	-0.487	-0.409	-0.645	-0.491	-0.353	-0.410	-0.410	-0.413	-0.639	-0.640	-0.357	-0.641	-0.416	-0.417	-0.642	-0.417	-0.418	-0.360	-0.419	-0.644	-0.419	-0.499	-0.186	-0.421	-0.421	-0.492	-0.633	
rs35670594     -0.711	-0.549	-0.263	-0.362	-0.271	-0.366	-0.366	-0.366	-0.366	-0.367	-0.409	-0.368	-0.369	-0.701	-0.372	-0.373	-0.700	-0.374	-0.704	-0.376	-0.377	-0.377	-0.380	-0.380	-0.381	-0.380	-0.379	-0.379	-0.381	-0.386	-0.386	-0.383	-0.384	-0.384	-0.384	-0.384	-0.384	-0.384	-0.385	-0.385	-0.334	-0.390	-0.333	-0.393	-0.391	-0.392	-0.392	-0.393	-0.318	-0.318	-0.299	-0.317	-0.318	-0.317	-0.318	-0.318	-0.318	-0.609	-0.706	-0.334	-0.608	-0.704	-0.703	-0.347	-0.704	-0.706	-0.707	-0.609	-0.360	-0.704	-0.347	-0.707	-0.706	-0.609	-0.347	-0.701	-0.610	-0.701	-0.701	-0.701	-0.701	-0.610	-0.610	-0.702	-0.610	-0.610	-0.701	-0.701	-0.610	-0.610	-0.610	-0.702	-0.702	-0.610	-0.610	-0.610	-0.702	-0.702	-0.610	-0.704	-0.702	-0.703	-0.610	-0.610	-0.702	-0.610	-0.610	-0.702	-0.610	-0.702	-0.702	-0.702	-0.718	-0.610	-0.700	-0.575	-0.575	-0.702	-0.344	-0.578	-0.578	-0.579	-0.704	-0.609	-0.374	-0.704	-0.579	-0.580	-0.580	-0.581	-0.709	-0.546	-0.581	-0.581	-0.582	-0.353	-0.704	-0.582	-0.583	-0.704	-0.583	-0.406	-0.637	-0.406	-0.637	-0.407	-0.641	-0.357	-0.407	-0.663	-0.417	-0.491	-0.413	-0.420	-0.650	-0.361	-0.396	-0.650	-0.388	-0.494	-0.418	-0.651	-0.498	-0.363	-0.419	-0.419	-0.421	-0.645	-0.646	-0.367	-0.647	-0.425	-0.425	-0.648	-0.426	-0.427	-0.370	-0.427	-0.649	-0.428	-0.506	-0.196	-0.429	-0.430	-0.499	-0.639	
rs35263733     -0.712	-0.550	-0.263	-0.362	-0.366	-0.272	-0.367	-0.366	-0.367	-0.368	-0.411	-0.369	-0.369	-0.702	-0.373	-0.374	-0.701	-0.375	-0.705	-0.377	-0.378	-0.378	-0.381	-0.381	-0.381	-0.381	-0.380	-0.380	-0.382	-0.387	-0.387	-0.384	-0.385	-0.385	-0.385	-0.385	-0.385	-0.386	-0.387	-0.387	-0.337	-0.391	-0.335	-0.394	-0.392	-0.393	-0.393	-0.394	-0.319	-0.319	-0.300	-0.319	-0.319	-0.319	-0.319	-0.320	-0.319	-0.610	-0.707	-0.336	-0.610	-0.705	-0.704	-0.348	-0.705	-0.708	-0.709	-0.610	-0.361	-0.705	-0.348	-0.709	-0.708	-0.610	-0.348	-0.702	-0.611	-0.702	-0.702	-0.703	-0.703	-0.611	-0.611	-0.703	-0.611	-0.611	-0.703	-0.703	-0.611	-0.611	-0.611	-0.704	-0.704	-0.611	-0.611	-0.611	-0.704	-0.704	-0.611	-0.705	-0.704	-0.704	-0.611	-0.611	-0.703	-0.612	-0.611	-0.703	-0.611	-0.703	-0.703	-0.703	-0.719	-0.611	-0.702	-0.577	-0.577	-0.704	-0.346	-0.580	-0.580	-0.581	-0.705	-0.610	-0.376	-0.705	-0.581	-0.582	-0.582	-0.582	-0.711	-0.548	-0.583	-0.583	-0.583	-0.355	-0.705	-0.584	-0.584	-0.706	-0.585	-0.408	-0.639	-0.409	-0.639	-0.409	-0.642	-0.359	-0.409	-0.664	-0.419	-0.493	-0.415	-0.422	-0.651	-0.363	-0.398	-0.652	-0.390	-0.496	-0.420	-0.652	-0.500	-0.365	-0.421	-0.421	-0.423	-0.647	-0.647	-0.368	-0.648	-0.427	-0.427	-0.649	-0.428	-0.429	-0.371	-0.429	-0.651	-0.430	-0.508	-0.198	-0.431	-0.432	-0.501	-0.641	
rs76490583     -0.713	-0.552	-0.264	-0.363	-0.366	-0.367	-0.274	-0.367	-0.368	-0.368	-0.412	-0.370	-0.370	-0.704	-0.374	-0.375	-0.702	-0.376	-0.706	-0.378	-0.379	-0.379	-0.381	-0.381	-0.382	-0.381	-0.381	-0.381	-0.384	-0.388	-0.388	-0.386	-0.386	-0.387	-0.387	-0.387	-0.387	-0.387	-0.388	-0.388	-0.340	-0.393	-0.338	-0.395	-0.394	-0.395	-0.395	-0.395	-0.322	-0.322	-0.304	-0.322	-0.322	-0.322	-0.322	-0.323	-0.322	-0.611	-0.709	-0.339	-0.611	-0.706	-0.706	-0.351	-0.706	-0.709	-0.710	-0.611	-0.363	-0.706	-0.351	-0.710	-0.709	-0.612	-0.351	-0.704	-0.613	-0.704	-0.704	-0.704	-0.704	-0.612	-0.612	-0.704	-0.612	-0.612	-0.704	-0.704	-0.612	-0.612	-0.612	-0.705	-0.705	-0.612	-0.612	-0.612	-0.705	-0.705	-0.612	-0.707	-0.705	-0.706	-0.612	-0.612	-0.705	-0.613	-0.612	-0.705	-0.612	-0.705	-0.705	-0.705	-0.720	-0.613	-0.703	-0.579	-0.579	-0.705	-0.348	-0.582	-0.582	-0.582	-0.706	-0.612	-0.379	-0.707	-0.583	-0.583	-0.583	-0.584	-0.712	-0.549	-0.585	-0.585	-0.585	-0.357	-0.707	-0.586	-0.586	-0.707	-0.586	-0.410	-0.640	-0.411	-0.640	-0.411	-0.644	-0.361	-0.411	-0.665	-0.421	-0.494	-0.417	-0.424	-0.653	-0.365	-0.400	-0.653	-0.392	-0.498	-0.422	-0.654	-0.501	-0.367	-0.423	-0.423	-0.426	-0.648	-0.649	-0.371	-0.650	-0.429	-0.429	-0.651	-0.430	-0.431	-0.374	-0.431	-0.652	-0.432	-0.509	-0.201	-0.433	-0.434	-0.503	-0.643	
rs13145842     -0.712	-0.550	-0.263	-0.363	-0.366	-0.366	-0.367	-0.272	-0.366	-0.367	-0.410	-0.368	-0.369	-0.702	-0.372	-0.373	-0.701	-0.374	-0.705	-0.376	-0.377	-0.377	-0.380	-0.380	-0.381	-0.380	-0.379	-0.379	-0.381	-0.385	-0.385	-0.382	-0.383	-0.383	-0.383	-0.383	-0.383	-0.384	-0.384	-0.384	-0.334	-0.389	-0.331	-0.392	-0.390	-0.391	-0.391	-0.392	-0.313	-0.313	-0.293	-0.312	-0.313	-0.312	-0.313	-0.313	-0.313	-0.610	-0.707	-0.330	-0.609	-0.705	-0.704	-0.344	-0.705	-0.707	-0.708	-0.610	-0.357	-0.704	-0.344	-0.708	-0.707	-0.610	-0.344	-0.702	-0.611	-0.702	-0.702	-0.702	-0.702	-0.611	-0.611	-0.702	-0.611	-0.611	-0.702	-0.702	-0.611	-0.611	-0.611	-0.703	-0.703	-0.610	-0.611	-0.611	-0.703	-0.703	-0.611	-0.705	-0.703	-0.704	-0.611	-0.611	-0.703	-0.611	-0.611	-0.703	-0.611	-0.703	-0.703	-0.703	-0.719	-0.611	-0.701	-0.576	-0.576	-0.703	-0.341	-0.579	-0.579	-0.580	-0.705	-0.610	-0.374	-0.705	-0.580	-0.581	-0.581	-0.581	-0.710	-0.547	-0.582	-0.582	-0.583	-0.350	-0.705	-0.583	-0.584	-0.705	-0.584	-0.406	-0.638	-0.407	-0.638	-0.408	-0.642	-0.355	-0.408	-0.663	-0.417	-0.491	-0.414	-0.420	-0.651	-0.359	-0.396	-0.651	-0.387	-0.495	-0.419	-0.652	-0.498	-0.361	-0.419	-0.420	-0.422	-0.646	-0.647	-0.364	-0.648	-0.425	-0.426	-0.649	-0.426	-0.427	-0.368	-0.428	-0.650	-0.428	-0.507	-0.197	-0.430	-0.430	-0.500	-0.640	
rs34940948     -0.713	-0.551	-0.263	-0.363	-0.366	-0.367	-0.368	-0.366	-0.273	-0.368	-0.411	-0.369	-0.369	-0.703	-0.373	-0.374	-0.702	-0.375	-0.705	-0.377	-0.377	-0.378	-0.381	-0.381	-0.381	-0.380	-0.379	-0.379	-0.381	-0.386	-0.386	-0.383	-0.384	-0.384	-0.384	-0.384	-0.384	-0.384	-0.385	-0.385	-0.336	-0.390	-0.332	-0.392	-0.391	-0.392	-0.392	-0.392	-0.314	-0.313	-0.294	-0.313	-0.313	-0.313	-0.314	-0.314	-0.313	-0.610	-0.708	-0.331	-0.610	-0.705	-0.704	-0.344	-0.705	-0.708	-0.709	-0.610	-0.358	-0.705	-0.345	-0.709	-0.708	-0.611	-0.344	-0.703	-0.612	-0.703	-0.703	-0.703	-0.703	-0.611	-0.611	-0.703	-0.611	-0.611	-0.703	-0.703	-0.611	-0.611	-0.611	-0.704	-0.704	-0.611	-0.611	-0.611	-0.704	-0.704	-0.611	-0.706	-0.704	-0.705	-0.611	-0.611	-0.704	-0.612	-0.611	-0.704	-0.611	-0.704	-0.704	-0.704	-0.720	-0.612	-0.702	-0.577	-0.577	-0.704	-0.342	-0.580	-0.580	-0.581	-0.705	-0.610	-0.375	-0.706	-0.581	-0.582	-0.582	-0.582	-0.711	-0.548	-0.583	-0.583	-0.584	-0.351	-0.706	-0.584	-0.584	-0.706	-0.585	-0.408	-0.639	-0.408	-0.639	-0.409	-0.643	-0.355	-0.409	-0.664	-0.418	-0.492	-0.415	-0.421	-0.652	-0.360	-0.398	-0.652	-0.388	-0.496	-0.420	-0.653	-0.499	-0.362	-0.420	-0.421	-0.423	-0.647	-0.647	-0.365	-0.648	-0.427	-0.427	-0.650	-0.428	-0.429	-0.369	-0.429	-0.651	-0.429	-0.507	-0.198	-0.431	-0.431	-0.501	-0.641	
rs34428277     -0.714	-0.552	-0.264	-0.364	-0.367	-0.368	-0.368	-0.367	-0.368	-0.274	-0.412	-0.370	-0.370	-0.704	-0.374	-0.375	-0.703	-0.376	-0.707	-0.378	-0.378	-0.379	-0.381	-0.381	-0.381	-0.381	-0.380	-0.381	-0.383	-0.387	-0.387	-0.384	-0.385	-0.385	-0.385	-0.385	-0.385	-0.385	-0.386	-0.386	-0.338	-0.391	-0.334	-0.394	-0.392	-0.393	-0.393	-0.393	-0.315	-0.315	-0.295	-0.315	-0.315	-0.315	-0.315	-0.315	-0.315	-0.611	-0.709	-0.333	-0.611	-0.707	-0.706	-0.346	-0.707	-0.709	-0.710	-0.612	-0.359	-0.707	-0.346	-0.710	-0.709	-0.612	-0.346	-0.704	-0.613	-0.704	-0.704	-0.704	-0.704	-0.613	-0.613	-0.705	-0.613	-0.613	-0.704	-0.704	-0.613	-0.613	-0.613	-0.705	-0.705	-0.612	-0.613	-0.613	-0.705	-0.705	-0.613	-0.707	-0.705	-0.706	-0.613	-0.613	-0.705	-0.613	-0.612	-0.705	-0.612	-0.705	-0.705	-0.705	-0.721	-0.613	-0.703	-0.579	-0.579	-0.705	-0.343	-0.582	-0.582	-0.582	-0.707	-0.612	-0.377	-0.707	-0.583	-0.583	-0.583	-0.584	-0.712	-0.549	-0.585	-0.585	-0.585	-0.352	-0.707	-0.586	-0.586	-0.707	-0.586	-0.410	-0.640	-0.410	-0.641	-0.411	-0.644	-0.357	-0.411	-0.666	-0.420	-0.494	-0.417	-0.423	-0.653	-0.361	-0.400	-0.654	-0.389	-0.497	-0.422	-0.654	-0.501	-0.363	-0.422	-0.423	-0.425	-0.648	-0.649	-0.367	-0.650	-0.428	-0.429	-0.651	-0.429	-0.430	-0.370	-0.431	-0.653	-0.431	-0.509	-0.200	-0.433	-0.433	-0.502	-0.643	
rs34927386     -0.748	-0.598	-0.261	-0.403	-0.409	-0.411	-0.412	-0.410	-0.411	-0.412	-0.309	-0.415	-0.416	-0.749	-0.424	-0.426	-0.749	-0.429	-0.752	-0.434	-0.436	-0.436	-0.412	-0.412	-0.412	-0.411	-0.443	-0.443	-0.451	-0.441	-0.442	-0.460	-0.461	-0.462	-0.462	-0.462	-0.463	-0.464	-0.468	-0.469	-0.491	-0.465	-0.486	-0.475	-0.472	-0.475	-0.475	-0.476	-0.493	-0.493	-0.492	-0.493	-0.494	-0.494	-0.494	-0.494	-0.494	-0.656	-0.758	-0.495	-0.657	-0.756	-0.756	-0.497	-0.756	-0.758	-0.758	-0.656	-0.498	-0.756	-0.498	-0.758	-0.758	-0.657	-0.498	-0.754	-0.655	-0.754	-0.754	-0.754	-0.754	-0.656	-0.656	-0.755	-0.655	-0.655	-0.755	-0.755	-0.656	-0.656	-0.656	-0.755	-0.755	-0.656	-0.657	-0.656	-0.755	-0.755	-0.656	-0.756	-0.755	-0.755	-0.656	-0.656	-0.755	-0.656	-0.656	-0.755	-0.656	-0.755	-0.755	-0.755	-0.764	-0.656	-0.754	-0.654	-0.654	-0.755	-0.499	-0.656	-0.656	-0.656	-0.756	-0.658	-0.516	-0.756	-0.657	-0.657	-0.657	-0.657	-0.760	-0.632	-0.658	-0.658	-0.658	-0.499	-0.756	-0.659	-0.659	-0.756	-0.659	-0.531	-0.704	-0.531	-0.704	-0.531	-0.707	-0.500	-0.532	-0.723	-0.538	-0.581	-0.536	-0.541	-0.713	-0.500	-0.523	-0.714	-0.508	-0.583	-0.539	-0.714	-0.584	-0.500	-0.540	-0.540	-0.542	-0.710	-0.710	-0.500	-0.711	-0.544	-0.545	-0.712	-0.545	-0.546	-0.500	-0.546	-0.713	-0.546	-0.587	-0.358	-0.547	-0.548	-0.584	-0.706	
rs35518034     -0.716	-0.555	-0.265	-0.365	-0.368	-0.369	-0.370	-0.368	-0.369	-0.370	-0.415	-0.276	-0.372	-0.706	-0.375	-0.376	-0.705	-0.378	-0.709	-0.380	-0.380	-0.380	-0.382	-0.382	-0.382	-0.382	-0.382	-0.383	-0.385	-0.388	-0.388	-0.387	-0.387	-0.387	-0.387	-0.387	-0.387	-0.388	-0.388	-0.389	-0.342	-0.393	-0.337	-0.396	-0.394	-0.395	-0.395	-0.395	-0.318	-0.318	-0.298	-0.318	-0.318	-0.317	-0.318	-0.318	-0.318	-0.614	-0.711	-0.335	-0.613	-0.709	-0.708	-0.349	-0.709	-0.712	-0.713	-0.614	-0.362	-0.709	-0.349	-0.712	-0.712	-0.614	-0.349	-0.706	-0.615	-0.706	-0.706	-0.706	-0.706	-0.615	-0.615	-0.707	-0.615	-0.615	-0.707	-0.707	-0.615	-0.615	-0.615	-0.707	-0.708	-0.614	-0.615	-0.615	-0.707	-0.707	-0.615	-0.709	-0.707	-0.708	-0.615	-0.615	-0.707	-0.615	-0.615	-0.707	-0.615	-0.707	-0.707	-0.707	-0.723	-0.615	-0.706	-0.581	-0.581	-0.707	-0.346	-0.584	-0.584	-0.585	-0.709	-0.614	-0.381	-0.709	-0.586	-0.586	-0.586	-0.587	-0.714	-0.552	-0.587	-0.588	-0.588	-0.355	-0.709	-0.588	-0.589	-0.709	-0.589	-0.413	-0.643	-0.414	-0.643	-0.414	-0.647	-0.360	-0.414	-0.668	-0.424	-0.497	-0.420	-0.427	-0.656	-0.364	-0.403	-0.656	-0.392	-0.500	-0.425	-0.656	-0.504	-0.366	-0.426	-0.426	-0.429	-0.651	-0.651	-0.370	-0.652	-0.432	-0.432	-0.654	-0.433	-0.434	-0.373	-0.434	-0.655	-0.435	-0.512	-0.204	-0.436	-0.437	-0.505	-0.645	
rs77513366     -0.717	-0.556	-0.265	-0.365	-0.369	-0.369	-0.370	-0.369	-0.369	-0.370	-0.416	-0.372	-0.277	-0.707	-0.376	-0.377	-0.706	-0.378	-0.710	-0.380	-0.381	-0.381	-0.382	-0.382	-0.383	-0.382	-0.383	-0.383	-0.386	-0.389	-0.389	-0.387	-0.388	-0.388	-0.388	-0.388	-0.388	-0.389	-0.389	-0.389	-0.344	-0.394	-0.339	-0.397	-0.395	-0.396	-0.396	-0.396	-0.320	-0.319	-0.299	-0.319	-0.319	-0.319	-0.319	-0.319	-0.319	-0.614	-0.712	-0.336	-0.614	-0.710	-0.709	-0.350	-0.710	-0.713	-0.714	-0.615	-0.363	-0.710	-0.350	-0.713	-0.713	-0.615	-0.350	-0.707	-0.616	-0.707	-0.707	-0.707	-0.707	-0.616	-0.616	-0.708	-0.616	-0.616	-0.708	-0.708	-0.616	-0.616	-0.616	-0.708	-0.708	-0.615	-0.616	-0.615	-0.708	-0.708	-0.615	-0.710	-0.708	-0.709	-0.615	-0.615	-0.708	-0.616	-0.615	-0.708	-0.615	-0.708	-0.708	-0.708	-0.724	-0.616	-0.707	-0.583	-0.583	-0.708	-0.347	-0.585	-0.586	-0.586	-0.710	-0.615	-0.383	-0.710	-0.587	-0.587	-0.587	-0.588	-0.715	-0.553	-0.589	-0.589	-0.589	-0.356	-0.710	-0.589	-0.590	-0.710	-0.590	-0.415	-0.644	-0.415	-0.644	-0.416	-0.648	-0.361	-0.416	-0.669	-0.425	-0.498	-0.422	-0.428	-0.657	-0.365	-0.405	-0.657	-0.393	-0.501	-0.427	-0.658	-0.505	-0.367	-0.427	-0.428	-0.430	-0.652	-0.652	-0.371	-0.654	-0.433	-0.434	-0.655	-0.434	-0.435	-0.374	-0.436	-0.656	-0.436	-0.513	-0.206	-0.438	-0.438	-0.506	-0.646	
rs2340728      -1.004	-0.880	-0.437	-0.696	-0.701	-0.702	-0.704	-0.702	-0.703	-0.704	-0.749	-0.706	-0.707	-0.594	-0.714	-0.716	-0.728	-0.720	-0.737	-0.724	-0.726	-0.727	-0.690	-0.690	-0.690	-0.689	-0.733	-0.734	-0.742	-0.729	-0.729	-0.751	-0.753	-0.753	-0.754	-0.754	-0.755	-0.756	-0.761	-0.762	-0.822	-0.755	-0.797	-0.768	-0.764	-0.767	-0.768	-0.769	-0.814	-0.815	-0.819	-0.816	-0.817	-0.817	-0.818	-0.818	-0.818	-0.862	-0.771	-0.815	-0.866	-0.763	-0.767	-0.816	-0.763	-0.772	-0.773	-0.863	-0.812	-0.763	-0.816	-0.773	-0.772	-0.863	-0.816	-0.758	-0.857	-0.758	-0.759	-0.759	-0.759	-0.858	-0.858	-0.760	-0.858	-0.858	-0.760	-0.760	-0.859	-0.859	-0.860	-0.762	-0.762	-0.861	-0.863	-0.861	-0.762	-0.762	-0.861	-0.766	-0.762	-0.769	-0.861	-0.861	-0.762	-0.858	-0.861	-0.762	-0.861	-0.762	-0.762	-0.762	-0.785	-0.860	-0.760	-0.879	-0.879	-0.763	-0.820	-0.881	-0.881	-0.881	-0.767	-0.870	-0.882	-0.767	-0.881	-0.882	-0.882	-0.882	-0.779	-0.864	-0.882	-0.882	-0.882	-0.818	-0.768	-0.883	-0.883	-0.769	-0.883	-0.862	-0.836	-0.862	-0.836	-0.863	-0.839	-0.818	-0.863	-0.858	-0.866	-0.880	-0.865	-0.867	-0.848	-0.817	-0.858	-0.849	-0.822	-0.878	-0.867	-0.849	-0.877	-0.816	-0.867	-0.867	-0.868	-0.843	-0.844	-0.814	-0.845	-0.869	-0.869	-0.846	-0.870	-0.870	-0.813	-0.870	-0.847	-0.870	-0.872	-0.710	-0.871	-0.871	-0.876	-0.839	
rs4557289      -0.723	-0.564	-0.268	-0.368	-0.372	-0.373	-0.374	-0.372	-0.373	-0.374	-0.424	-0.375	-0.376	-0.714	-0.285	-0.381	-0.713	-0.383	-0.717	-0.385	-0.386	-0.386	-0.384	-0.384	-0.385	-0.384	-0.389	-0.389	-0.392	-0.393	-0.393	-0.394	-0.394	-0.394	-0.394	-0.394	-0.395	-0.395	-0.396	-0.396	-0.356	-0.400	-0.349	-0.403	-0.401	-0.401	-0.401	-0.402	-0.328	-0.327	-0.307	-0.327	-0.327	-0.326	-0.327	-0.327	-0.326	-0.621	-0.719	-0.344	-0.620	-0.717	-0.716	-0.358	-0.717	-0.720	-0.720	-0.621	-0.371	-0.717	-0.358	-0.720	-0.720	-0.621	-0.358	-0.714	-0.622	-0.714	-0.714	-0.714	-0.715	-0.622	-0.622	-0.715	-0.622	-0.622	-0.715	-0.715	-0.622	-0.622	-0.622	-0.716	-0.716	-0.622	-0.622	-0.622	-0.715	-0.715	-0.622	-0.717	-0.716	-0.716	-0.622	-0.622	-0.715	-0.622	-0.622	-0.715	-0.622	-0.715	-0.715	-0.715	-0.730	-0.622	-0.714	-0.591	-0.591	-0.715	-0.355	-0.594	-0.594	-0.594	-0.717	-0.621	-0.394	-0.717	-0.595	-0.596	-0.596	-0.596	-0.722	-0.562	-0.597	-0.597	-0.597	-0.364	-0.717	-0.598	-0.598	-0.717	-0.599	-0.425	-0.652	-0.426	-0.652	-0.426	-0.656	-0.369	-0.427	-0.677	-0.436	-0.507	-0.433	-0.439	-0.664	-0.373	-0.416	-0.665	-0.401	-0.510	-0.437	-0.665	-0.513	-0.375	-0.438	-0.438	-0.441	-0.660	-0.660	-0.378	-0.661	-0.444	-0.444	-0.662	-0.445	-0.446	-0.382	-0.446	-0.664	-0.447	-0.521	-0.218	-0.448	-0.449	-0.515	-0.654	
rs4274878      -0.725	-0.566	-0.269	-0.369	-0.373	-0.374	-0.375	-0.373	-0.374	-0.375	-0.426	-0.376	-0.377	-0.716	-0.381	-0.287	-0.715	-0.384	-0.719	-0.387	-0.388	-0.388	-0.385	-0.385	-0.385	-0.384	-0.390	-0.391	-0.393	-0.394	-0.394	-0.396	-0.396	-0.396	-0.396	-0.396	-0.396	-0.397	-0.398	-0.398	-0.360	-0.401	-0.352	-0.405	-0.402	-0.403	-0.403	-0.404	-0.331	-0.331	-0.311	-0.330	-0.330	-0.329	-0.330	-0.330	-0.329	-0.623	-0.721	-0.347	-0.622	-0.719	-0.718	-0.361	-0.719	-0.722	-0.722	-0.623	-0.374	-0.719	-0.361	-0.722	-0.722	-0.623	-0.361	-0.716	-0.624	-0.716	-0.716	-0.717	-0.717	-0.624	-0.624	-0.717	-0.624	-0.624	-0.717	-0.717	-0.624	-0.624	-0.624	-0.718	-0.718	-0.623	-0.624	-0.624	-0.718	-0.718	-0.624	-0.719	-0.718	-0.718	-0.624	-0.624	-0.717	-0.624	-0.624	-0.717	-0.624	-0.717	-0.717	-0.717	-0.732	-0.624	-0.716	-0.593	-0.593	-0.717	-0.358	-0.596	-0.596	-0.597	-0.719	-0.623	-0.398	-0.719	-0.597	-0.598	-0.598	-0.598	-0.724	-0.565	-0.599	-0.599	-0.600	-0.367	-0.719	-0.600	-0.601	-0.719	-0.601	-0.429	-0.654	-0.429	-0.654	-0.430	-0.658	-0.372	-0.430	-0.679	-0.439	-0.509	-0.436	-0.442	-0.666	-0.376	-0.419	-0.667	-0.404	-0.512	-0.440	-0.667	-0.516	-0.378	-0.441	-0.441	-0.444	-0.662	-0.662	-0.381	-0.663	-0.447	-0.447	-0.665	-0.448	-0.449	-0.384	-0.449	-0.666	-0.450	-0.523	-0.222	-0.451	-0.452	-0.517	-0.656	
rs4256251      -1.006	-0.883	-0.436	-0.695	-0.700	-0.701	-0.702	-0.701	-0.702	-0.703	-0.749	-0.705	-0.706	-0.728	-0.713	-0.715	-0.597	-0.719	-0.735	-0.723	-0.725	-0.726	-0.689	-0.689	-0.689	-0.688	-0.732	-0.733	-0.741	-0.728	-0.728	-0.750	-0.752	-0.753	-0.753	-0.753	-0.754	-0.756	-0.760	-0.761	-0.823	-0.754	-0.797	-0.768	-0.763	-0.766	-0.767	-0.768	-0.815	-0.815	-0.820	-0.816	-0.817	-0.818	-0.818	-0.819	-0.819	-0.861	-0.771	-0.815	-0.865	-0.764	-0.769	-0.816	-0.764	-0.772	-0.773	-0.862	-0.812	-0.764	-0.816	-0.773	-0.772	-0.862	-0.816	-0.760	-0.856	-0.760	-0.760	-0.760	-0.761	-0.857	-0.857	-0.762	-0.857	-0.857	-0.762	-0.762	-0.858	-0.858	-0.859	-0.764	-0.764	-0.860	-0.862	-0.859	-0.764	-0.764	-0.860	-0.767	-0.764	-0.770	-0.860	-0.860	-0.764	-0.857	-0.860	-0.764	-0.860	-0.764	-0.764	-0.764	-0.779	-0.859	-0.762	-0.883	-0.883	-0.765	-0.821	-0.885	-0.885	-0.885	-0.768	-0.869	-0.885	-0.768	-0.885	-0.885	-0.885	-0.886	-0.778	-0.869	-0.886	-0.886	-0.886	-0.819	-0.769	-0.886	-0.887	-0.770	-0.887	-0.867	-0.841	-0.867	-0.841	-0.867	-0.844	-0.818	-0.868	-0.861	-0.871	-0.881	-0.870	-0.872	-0.852	-0.817	-0.863	-0.853	-0.822	-0.879	-0.872	-0.853	-0.878	-0.816	-0.872	-0.872	-0.873	-0.847	-0.848	-0.815	-0.849	-0.874	-0.874	-0.849	-0.874	-0.874	-0.813	-0.875	-0.851	-0.875	-0.873	-0.718	-0.875	-0.875	-0.877	-0.844	
rs4557290      -0.728	-0.569	-0.271	-0.370	-0.374	-0.375	-0.376	-0.374	-0.375	-0.376	-0.429	-0.378	-0.378	-0.720	-0.383	-0.384	-0.719	-0.290	-0.722	-0.389	-0.390	-0.390	-0.385	-0.385	-0.386	-0.385	-0.393	-0.393	-0.396	-0.396	-0.396	-0.399	-0.399	-0.399	-0.399	-0.399	-0.399	-0.400	-0.401	-0.401	-0.366	-0.404	-0.357	-0.408	-0.405	-0.406	-0.406	-0.406	-0.335	-0.335	-0.315	-0.334	-0.334	-0.333	-0.334	-0.334	-0.333	-0.626	-0.724	-0.351	-0.625	-0.722	-0.722	-0.365	-0.722	-0.725	-0.726	-0.626	-0.378	-0.722	-0.365	-0.726	-0.725	-0.626	-0.365	-0.720	-0.626	-0.720	-0.720	-0.720	-0.720	-0.626	-0.626	-0.720	-0.626	-0.626	-0.720	-0.720	-0.626	-0.626	-0.626	-0.721	-0.721	-0.626	-0.627	-0.626	-0.721	-0.721	-0.626	-0.723	-0.721	-0.722	-0.626	-0.626	-0.721	-0.627	-0.626	-0.721	-0.626	-0.721	-0.721	-0.721	-0.735	-0.627	-0.719	-0.597	-0.597	-0.721	-0.361	-0.600	-0.600	-0.601	-0.722	-0.626	-0.403	-0.722	-0.601	-0.602	-0.602	-0.602	-0.728	-0.569	-0.603	-0.603	-0.604	-0.371	-0.723	-0.604	-0.605	-0.723	-0.605	-0.434	-0.658	-0.434	-0.658	-0.435	-0.662	-0.375	-0.435	-0.682	-0.444	-0.513	-0.441	-0.447	-0.670	-0.379	-0.424	-0.671	-0.408	-0.516	-0.446	-0.671	-0.520	-0.381	-0.446	-0.447	-0.449	-0.666	-0.666	-0.385	-0.667	-0.452	-0.452	-0.668	-0.453	-0.454	-0.388	-0.454	-0.670	-0.455	-0.527	-0.228	-0.456	-0.457	-0.521	-0.660	
rs4487380      -1.005	-0.881	-0.440	-0.698	-0.704	-0.705	-0.706	-0.705	-0.705	-0.707	-0.752	-0.709	-0.710	-0.737	-0.717	-0.719	-0.735	-0.722	-0.595	-0.727	-0.729	-0.729	-0.692	-0.692	-0.693	-0.692	-0.735	-0.736	-0.744	-0.731	-0.731	-0.753	-0.755	-0.756	-0.756	-0.756	-0.757	-0.759	-0.763	-0.764	-0.824	-0.757	-0.799	-0.770	-0.766	-0.769	-0.770	-0.771	-0.816	-0.817	-0.821	-0.818	-0.819	-0.819	-0.820	-0.820	-0.820	-0.864	-0.758	-0.817	-0.868	-0.761	-0.753	-0.817	-0.761	-0.759	-0.760	-0.865	-0.814	-0.761	-0.818	-0.761	-0.759	-0.865	-0.818	-0.755	-0.859	-0.755	-0.755	-0.755	-0.756	-0.860	-0.860	-0.757	-0.860	-0.860	-0.756	-0.757	-0.861	-0.861	-0.862	-0.759	-0.759	-0.863	-0.864	-0.862	-0.759	-0.759	-0.862	-0.763	-0.759	-0.767	-0.863	-0.863	-0.759	-0.860	-0.863	-0.759	-0.863	-0.759	-0.759	-0.759	-0.784	-0.862	-0.756	-0.880	-0.880	-0.760	-0.822	-0.881	-0.881	-0.882	-0.764	-0.871	-0.883	-0.764	-0.882	-0.882	-0.882	-0.882	-0.768	-0.865	-0.883	-0.883	-0.883	-0.820	-0.765	-0.883	-0.883	-0.766	-0.884	-0.863	-0.835	-0.863	-0.835	-0.863	-0.838	-0.819	-0.863	-0.854	-0.867	-0.881	-0.865	-0.868	-0.848	-0.818	-0.859	-0.845	-0.823	-0.880	-0.867	-0.845	-0.878	-0.817	-0.867	-0.868	-0.869	-0.842	-0.843	-0.816	-0.844	-0.870	-0.870	-0.845	-0.870	-0.870	-0.815	-0.871	-0.846	-0.871	-0.874	-0.710	-0.871	-0.871	-0.877	-0.838	
rs74401960     -0.732	-0.575	-0.273	-0.371	-0.376	-0.377	-0.378	-0.376	-0.377	-0.378	-0.434	-0.380	-0.380	-0.724	-0.385	-0.387	-0.723	-0.389	-0.727	-0.295	-0.393	-0.393	-0.386	-0.386	-0.387	-0.386	-0.396	-0.396	-0.400	-0.398	-0.398	-0.403	-0.403	-0.403	-0.403	-0.403	-0.404	-0.404	-0.405	-0.405	-0.374	-0.408	-0.365	-0.412	-0.409	-0.410	-0.410	-0.411	-0.343	-0.342	-0.322	-0.341	-0.341	-0.340	-0.341	-0.341	-0.340	-0.630	-0.729	-0.358	-0.630	-0.727	-0.726	-0.372	-0.727	-0.730	-0.730	-0.630	-0.384	-0.727	-0.371	-0.730	-0.730	-0.630	-0.371	-0.724	-0.631	-0.724	-0.725	-0.725	-0.725	-0.631	-0.631	-0.725	-0.631	-0.631	-0.725	-0.725	-0.631	-0.631	-0.631	-0.726	-0.726	-0.631	-0.631	-0.631	-0.726	-0.726	-0.631	-0.727	-0.726	-0.726	-0.631	-0.631	-0.725	-0.631	-0.631	-0.725	-0.631	-0.725	-0.725	-0.725	-0.740	-0.631	-0.724	-0.603	-0.603	-0.725	-0.368	-0.606	-0.606	-0.606	-0.727	-0.630	-0.411	-0.727	-0.607	-0.608	-0.608	-0.608	-0.732	-0.575	-0.609	-0.609	-0.609	-0.377	-0.727	-0.610	-0.610	-0.727	-0.610	-0.441	-0.663	-0.442	-0.663	-0.442	-0.667	-0.382	-0.442	-0.687	-0.451	-0.519	-0.448	-0.454	-0.675	-0.386	-0.431	-0.676	-0.414	-0.522	-0.453	-0.676	-0.525	-0.388	-0.453	-0.454	-0.456	-0.671	-0.671	-0.391	-0.672	-0.459	-0.460	-0.673	-0.460	-0.461	-0.394	-0.462	-0.675	-0.462	-0.533	-0.237	-0.463	-0.464	-0.527	-0.665	
rs4487381      -0.734	-0.577	-0.274	-0.372	-0.377	-0.378	-0.379	-0.377	-0.377	-0.378	-0.436	-0.380	-0.381	-0.726	-0.386	-0.388	-0.725	-0.390	-0.729	-0.393	-0.297	-0.394	-0.387	-0.387	-0.387	-0.386	-0.398	-0.398	-0.401	-0.399	-0.399	-0.404	-0.405	-0.405	-0.405	-0.405	-0.405	-0.406	-0.407	-0.407	-0.378	-0.409	-0.368	-0.414	-0.411	-0.412	-0.412	-0.412	-0.346	-0.345	-0.325	-0.344	-0.344	-0.343	-0.343	-0.343	-0.343	-0.632	-0.731	-0.361	-0.631	-0.729	-0.728	-0.374	-0.729	-0.732	-0.732	-0.632	-0.387	-0.729	-0.374	-0.732	-0.732	-0.632	-0.374	-0.727	-0.632	-0.727	-0.727	-0.727	-0.727	-0.632	-0.632	-0.727	-0.632	-0.632	-0.727	-0.727	-0.632	-0.632	-0.633	-0.728	-0.728	-0.632	-0.633	-0.633	-0.728	-0.728	-0.632	-0.729	-0.728	-0.728	-0.632	-0.632	-0.728	-0.633	-0.632	-0.727	-0.632	-0.727	-0.727	-0.727	-0.742	-0.633	-0.726	-0.606	-0.606	-0.728	-0.371	-0.608	-0.609	-0.609	-0.729	-0.632	-0.414	-0.729	-0.610	-0.610	-0.610	-0.611	-0.734	-0.578	-0.611	-0.611	-0.612	-0.380	-0.729	-0.612	-0.613	-0.729	-0.613	-0.444	-0.665	-0.445	-0.666	-0.445	-0.669	-0.384	-0.445	-0.689	-0.454	-0.522	-0.451	-0.457	-0.677	-0.388	-0.435	-0.678	-0.417	-0.525	-0.456	-0.678	-0.528	-0.390	-0.456	-0.457	-0.459	-0.673	-0.674	-0.394	-0.675	-0.462	-0.463	-0.676	-0.463	-0.464	-0.396	-0.465	-0.677	-0.465	-0.535	-0.240	-0.466	-0.467	-0.529	-0.668	
rs114773134    -0.734	-0.577	-0.274	-0.372	-0.377	-0.378	-0.379	-0.377	-0.378	-0.379	-0.436	-0.380	-0.381	-0.727	-0.386	-0.388	-0.726	-0.390	-0.729	-0.393	-0.394	-0.297	-0.387	-0.387	-0.387	-0.387	-0.398	-0.398	-0.402	-0.399	-0.400	-0.405	-0.405	-0.405	-0.405	-0.405	-0.406	-0.406	-0.407	-0.407	-0.378	-0.409	-0.369	-0.414	-0.411	-0.412	-0.412	-0.412	-0.347	-0.346	-0.326	-0.345	-0.344	-0.344	-0.344	-0.344	-0.343	-0.632	-0.732	-0.361	-0.632	-0.729	-0.729	-0.375	-0.729	-0.732	-0.733	-0.632	-0.387	-0.729	-0.375	-0.733	-0.732	-0.632	-0.375	-0.727	-0.633	-0.727	-0.727	-0.727	-0.727	-0.633	-0.633	-0.727	-0.633	-0.633	-0.727	-0.727	-0.633	-0.633	-0.633	-0.728	-0.728	-0.633	-0.633	-0.633	-0.728	-0.728	-0.633	-0.730	-0.728	-0.729	-0.633	-0.633	-0.728	-0.633	-0.633	-0.728	-0.633	-0.728	-0.728	-0.728	-0.742	-0.633	-0.726	-0.606	-0.606	-0.728	-0.371	-0.609	-0.609	-0.609	-0.729	-0.633	-0.415	-0.729	-0.610	-0.610	-0.610	-0.611	-0.735	-0.578	-0.612	-0.612	-0.612	-0.380	-0.730	-0.613	-0.613	-0.730	-0.613	-0.445	-0.666	-0.445	-0.666	-0.446	-0.669	-0.385	-0.446	-0.690	-0.455	-0.522	-0.452	-0.458	-0.678	-0.389	-0.435	-0.678	-0.417	-0.525	-0.456	-0.679	-0.528	-0.391	-0.457	-0.457	-0.460	-0.673	-0.674	-0.394	-0.675	-0.463	-0.463	-0.676	-0.464	-0.465	-0.397	-0.465	-0.677	-0.465	-0.535	-0.241	-0.467	-0.467	-0.529	-0.668	
rs149289605    -0.698	-0.540	-0.249	-0.378	-0.380	-0.381	-0.381	-0.380	-0.381	-0.381	-0.412	-0.382	-0.382	-0.690	-0.384	-0.385	-0.689	-0.385	-0.692	-0.386	-0.387	-0.387	-0.255	-0.346	-0.346	-0.346	-0.388	-0.388	-0.388	-0.389	-0.389	-0.388	-0.388	-0.388	-0.388	-0.388	-0.388	-0.388	-0.388	-0.387	-0.345	-0.391	-0.340	-0.391	-0.390	-0.390	-0.390	-0.390	-0.327	-0.326	-0.310	-0.324	-0.323	-0.323	-0.322	-0.322	-0.322	-0.597	-0.693	-0.336	-0.596	-0.691	-0.690	-0.342	-0.691	-0.694	-0.695	-0.597	-0.354	-0.691	-0.342	-0.695	-0.694	-0.597	-0.342	-0.688	-0.598	-0.688	-0.689	-0.689	-0.689	-0.598	-0.598	-0.689	-0.598	-0.598	-0.689	-0.689	-0.598	-0.598	-0.598	-0.690	-0.690	-0.598	-0.598	-0.598	-0.690	-0.690	-0.598	-0.692	-0.690	-0.691	-0.598	-0.598	-0.689	-0.598	-0.598	-0.689	-0.598	-0.689	-0.689	-0.689	-0.705	-0.598	-0.688	-0.563	-0.563	-0.690	-0.337	-0.566	-0.566	-0.566	-0.691	-0.597	-0.362	-0.691	-0.567	-0.568	-0.568	-0.568	-0.697	-0.533	-0.569	-0.569	-0.569	-0.346	-0.691	-0.570	-0.570	-0.692	-0.571	-0.394	-0.625	-0.394	-0.625	-0.395	-0.629	-0.350	-0.395	-0.650	-0.405	-0.479	-0.401	-0.408	-0.638	-0.354	-0.384	-0.638	-0.378	-0.483	-0.406	-0.639	-0.486	-0.356	-0.407	-0.407	-0.409	-0.633	-0.633	-0.359	-0.634	-0.413	-0.413	-0.636	-0.414	-0.415	-0.362	-0.415	-0.637	-0.416	-0.495	-0.191	-0.417	-0.418	-0.488	-0.627	
rs144502518    -0.698	-0.540	-0.249	-0.378	-0.380	-0.381	-0.381	-0.380	-0.381	-0.381	-0.412	-0.382	-0.382	-0.690	-0.384	-0.385	-0.689	-0.385	-0.692	-0.386	-0.387	-0.387	-0.346	-0.255	-0.346	-0.346	-0.388	-0.388	-0.388	-0.389	-0.389	-0.388	-0.388	-0.388	-0.388	-0.388	-0.388	-0.388	-0.388	-0.387	-0.345	-0.391	-0.340	-0.391	-0.390	-0.390	-0.390	-0.390	-0.327	-0.326	-0.310	-0.324	-0.323	-0.323	-0.322	-0.322	-0.322	-0.597	-0.693	-0.336	-0.596	-0.691	-0.690	-0.342	-0.691	-0.694	-0.695	-0.597	-0.353	-0.691	-0.342	-0.695	-0.694	-0.597	-0.342	-0.688	-0.598	-0.688	-0.688	-0.689	-0.689	-0.598	-0.598	-0.689	-0.598	-0.598	-0.689	-0.689	-0.598	-0.598	-0.598	-0.690	-0.690	-0.598	-0.598	-0.598	-0.690	-0.690	-0.598	-0.692	-0.690	-0.690	-0.598	-0.598	-0.689	-0.598	-0.598	-0.689	-0.598	-0.689	-0.689	-0.689	-0.705	-0.598	-0.688	-0.563	-0.563	-0.690	-0.337	-0.566	-0.566	-0.566	-0.691	-0.597	-0.362	-0.691	-0.567	-0.568	-0.568	-0.568	-0.697	-0.533	-0.569	-0.569	-0.569	-0.346	-0.691	-0.570	-0.570	-0.692	-0.571	-0.394	-0.625	-0.394	-0.625	-0.395	-0.629	-0.350	-0.395	-0.650	-0.405	-0.479	-0.401	-0.408	-0.638	-0.354	-0.384	-0.638	-0.378	-0.483	-0.406	-0.639	-0.486	-0.355	-0.407	-0.407	-0.409	-0.633	-0.633	-0.359	-0.634	-0.413	-0.413	-0.636	-0.414	-0.415	-0.362	-0.415	-0.637	-0.416	-0.494	-0.191	-0.417	-0.418	-0.488	-0.627	
rs139540874    -0.698	-0.541	-0.249	-0.378	-0.381	-0.381	-0.382	-0.381	-0.381	-0.381	-0.412	-0.382	-0.383	-0.690	-0.385	-0.385	-0.689	-0.386	-0.693	-0.387	-0.387	-0.387	-0.346	-0.346	-0.255	-0.346	-0.388	-0.388	-0.389	-0.389	-0.389	-0.389	-0.389	-0.389	-0.389	-0.389	-0.389	-0.388	-0.388	-0.388	-0.345	-0.391	-0.341	-0.392	-0.390	-0.390	-0.390	-0.390	-0.327	-0.326	-0.311	-0.325	-0.324	-0.323	-0.323	-0.323	-0.322	-0.597	-0.694	-0.336	-0.597	-0.692	-0.691	-0.343	-0.692	-0.694	-0.695	-0.597	-0.354	-0.691	-0.342	-0.695	-0.694	-0.597	-0.342	-0.689	-0.598	-0.689	-0.689	-0.689	-0.689	-0.598	-0.598	-0.690	-0.598	-0.598	-0.689	-0.689	-0.598	-0.598	-0.598	-0.690	-0.690	-0.598	-0.598	-0.598	-0.690	-0.690	-0.598	-0.692	-0.690	-0.691	-0.598	-0.598	-0.690	-0.599	-0.598	-0.690	-0.598	-0.690	-0.690	-0.690	-0.706	-0.599	-0.688	-0.563	-0.563	-0.690	-0.338	-0.566	-0.567	-0.567	-0.691	-0.597	-0.362	-0.692	-0.568	-0.568	-0.568	-0.569	-0.697	-0.534	-0.570	-0.570	-0.570	-0.346	-0.692	-0.570	-0.571	-0.692	-0.571	-0.394	-0.625	-0.395	-0.626	-0.396	-0.629	-0.350	-0.396	-0.651	-0.405	-0.480	-0.402	-0.408	-0.638	-0.354	-0.384	-0.639	-0.379	-0.483	-0.407	-0.639	-0.487	-0.356	-0.407	-0.408	-0.410	-0.633	-0.634	-0.359	-0.635	-0.413	-0.414	-0.636	-0.414	-0.415	-0.362	-0.416	-0.638	-0.416	-0.495	-0.192	-0.418	-0.418	-0.488	-0.628	
rs77317643     -0.697	-0.540	-0.249	-0.378	-0.380	-0.381	-0.381	-0.380	-0.380	-0.381	-0.411	-0.382	-0.382	-0.689	-0.384	-0.384	-0.688	-0.385	-0.692	-0.386	-0.386	-0.387	-0.346	-0.346	-0.346	-0.254	-0.387	-0.387	-0.388	-0.388	-0.388	-0.388	-0.388	-0.387	-0.387	-0.387	-0.387	-0.387	-0.387	-0.387	-0.343	-0.390	-0.338	-0.390	-0.389	-0.389	-0.389	-0.389	-0.325	-0.324	-0.308	-0.322	-0.321	-0.321	-0.321	-0.320	-0.320	-0.597	-0.693	-0.334	-0.596	-0.690	-0.690	-0.340	-0.690	-0.693	-0.694	-0.596	-0.352	-0.690	-0.340	-0.694	-0.693	-0.597	-0.340	-0.688	-0.598	-0.688	-0.688	-0.688	-0.688	-0.597	-0.597	-0.688	-0.597	-0.597	-0.688	-0.688	-0.597	-0.597	-0.597	-0.689	-0.689	-0.597	-0.597	-0.597	-0.689	-0.689	-0.597	-0.691	-0.689	-0.690	-0.597	-0.597	-0.689	-0.598	-0.597	-0.689	-0.597	-0.689	-0.689	-0.689	-0.705	-0.598	-0.687	-0.562	-0.562	-0.689	-0.336	-0.565	-0.565	-0.566	-0.690	-0.596	-0.360	-0.691	-0.566	-0.567	-0.567	-0.567	-0.696	-0.532	-0.568	-0.568	-0.569	-0.344	-0.691	-0.569	-0.570	-0.691	-0.570	-0.393	-0.624	-0.393	-0.624	-0.394	-0.628	-0.348	-0.394	-0.650	-0.404	-0.478	-0.400	-0.406	-0.637	-0.352	-0.383	-0.637	-0.377	-0.482	-0.405	-0.638	-0.485	-0.354	-0.406	-0.406	-0.408	-0.632	-0.633	-0.357	-0.634	-0.412	-0.412	-0.635	-0.413	-0.414	-0.360	-0.414	-0.636	-0.415	-0.494	-0.190	-0.416	-0.417	-0.487	-0.626	
rs77552188     -0.740	-0.584	-0.276	-0.373	-0.379	-0.380	-0.381	-0.379	-0.379	-0.380	-0.443	-0.382	-0.383	-0.733	-0.389	-0.390	-0.732	-0.393	-0.735	-0.396	-0.398	-0.398	-0.388	-0.388	-0.388	-0.387	-0.303	-0.402	-0.406	-0.402	-0.402	-0.410	-0.410	-0.411	-0.411	-0.411	-0.411	-0.412	-0.413	-0.413	-0.390	-0.414	-0.380	-0.420	-0.416	-0.417	-0.417	-0.418	-0.358	-0.357	-0.337	-0.356	-0.355	-0.354	-0.354	-0.354	-0.354	-0.637	-0.738	-0.371	-0.637	-0.736	-0.735	-0.384	-0.736	-0.738	-0.739	-0.638	-0.396	-0.735	-0.384	-0.739	-0.738	-0.638	-0.384	-0.733	-0.638	-0.733	-0.733	-0.733	-0.733	-0.638	-0.638	-0.734	-0.638	-0.638	-0.734	-0.734	-0.638	-0.638	-0.638	-0.734	-0.734	-0.638	-0.639	-0.638	-0.734	-0.734	-0.638	-0.736	-0.734	-0.735	-0.638	-0.638	-0.734	-0.638	-0.638	-0.734	-0.638	-0.734	-0.734	-0.734	-0.748	-0.638	-0.733	-0.613	-0.614	-0.734	-0.381	-0.616	-0.616	-0.617	-0.736	-0.638	-0.425	-0.736	-0.617	-0.618	-0.618	-0.618	-0.741	-0.586	-0.619	-0.619	-0.620	-0.389	-0.736	-0.620	-0.620	-0.736	-0.621	-0.455	-0.673	-0.455	-0.673	-0.456	-0.676	-0.394	-0.456	-0.696	-0.465	-0.530	-0.462	-0.467	-0.685	-0.397	-0.445	-0.685	-0.425	-0.533	-0.466	-0.686	-0.536	-0.399	-0.467	-0.467	-0.469	-0.680	-0.681	-0.402	-0.682	-0.472	-0.473	-0.683	-0.473	-0.474	-0.405	-0.475	-0.684	-0.475	-0.543	-0.252	-0.476	-0.477	-0.537	-0.675	
rs12502203     -0.740	-0.585	-0.277	-0.373	-0.379	-0.380	-0.381	-0.379	-0.379	-0.381	-0.443	-0.383	-0.383	-0.734	-0.389	-0.391	-0.733	-0.393	-0.736	-0.396	-0.398	-0.398	-0.388	-0.388	-0.388	-0.387	-0.402	-0.304	-0.407	-0.402	-0.402	-0.410	-0.411	-0.411	-0.411	-0.411	-0.412	-0.412	-0.413	-0.413	-0.391	-0.415	-0.382	-0.421	-0.417	-0.418	-0.418	-0.418	-0.359	-0.358	-0.339	-0.357	-0.356	-0.355	-0.355	-0.355	-0.355	-0.638	-0.738	-0.372	-0.638	-0.736	-0.736	-0.385	-0.736	-0.739	-0.740	-0.638	-0.397	-0.736	-0.385	-0.739	-0.739	-0.638	-0.385	-0.734	-0.639	-0.734	-0.734	-0.734	-0.734	-0.639	-0.639	-0.734	-0.639	-0.639	-0.734	-0.734	-0.639	-0.639	-0.639	-0.735	-0.735	-0.639	-0.639	-0.639	-0.735	-0.735	-0.639	-0.737	-0.735	-0.735	-0.639	-0.639	-0.735	-0.639	-0.639	-0.735	-0.639	-0.735	-0.735	-0.735	-0.749	-0.639	-0.733	-0.614	-0.614	-0.735	-0.382	-0.617	-0.617	-0.618	-0.736	-0.639	-0.427	-0.736	-0.618	-0.619	-0.619	-0.619	-0.741	-0.587	-0.620	-0.620	-0.620	-0.390	-0.737	-0.621	-0.621	-0.737	-0.621	-0.456	-0.673	-0.456	-0.674	-0.457	-0.677	-0.395	-0.457	-0.697	-0.466	-0.531	-0.463	-0.469	-0.685	-0.398	-0.446	-0.686	-0.426	-0.534	-0.467	-0.686	-0.537	-0.400	-0.468	-0.468	-0.470	-0.681	-0.681	-0.403	-0.682	-0.473	-0.474	-0.683	-0.474	-0.475	-0.406	-0.476	-0.685	-0.476	-0.543	-0.254	-0.477	-0.478	-0.538	-0.676	
rs59237653     -0.748	-0.594	-0.280	-0.375	-0.381	-0.382	-0.384	-0.381	-0.381	-0.383	-0.451	-0.385	-0.386	-0.742	-0.392	-0.393	-0.741	-0.396	-0.744	-0.400	-0.401	-0.402	-0.388	-0.388	-0.389	-0.388	-0.406	-0.407	-0.313	-0.405	-0.405	-0.417	-0.417	-0.418	-0.418	-0.418	-0.418	-0.419	-0.420	-0.421	-0.407	-0.421	-0.397	-0.428	-0.424	-0.425	-0.425	-0.425	-0.375	-0.374	-0.356	-0.373	-0.372	-0.371	-0.371	-0.371	-0.370	-0.645	-0.747	-0.386	-0.646	-0.745	-0.744	-0.399	-0.745	-0.747	-0.748	-0.646	-0.409	-0.745	-0.399	-0.748	-0.747	-0.646	-0.398	-0.742	-0.646	-0.742	-0.742	-0.742	-0.742	-0.646	-0.646	-0.743	-0.646	-0.646	-0.743	-0.743	-0.646	-0.646	-0.646	-0.743	-0.743	-0.646	-0.647	-0.646	-0.743	-0.743	-0.646	-0.745	-0.743	-0.744	-0.646	-0.646	-0.743	-0.646	-0.646	-0.743	-0.646	-0.743	-0.743	-0.743	-0.756	-0.646	-0.742	-0.624	-0.625	-0.743	-0.395	-0.627	-0.627	-0.628	-0.745	-0.646	-0.441	-0.745	-0.628	-0.629	-0.629	-0.629	-0.750	-0.597	-0.630	-0.630	-0.630	-0.403	-0.745	-0.631	-0.631	-0.745	-0.632	-0.469	-0.683	-0.470	-0.683	-0.470	-0.686	-0.407	-0.470	-0.706	-0.479	-0.541	-0.476	-0.482	-0.695	-0.411	-0.460	-0.695	-0.437	-0.544	-0.480	-0.696	-0.547	-0.412	-0.481	-0.481	-0.483	-0.690	-0.691	-0.415	-0.692	-0.487	-0.487	-0.693	-0.487	-0.488	-0.418	-0.489	-0.694	-0.489	-0.553	-0.269	-0.491	-0.491	-0.548	-0.685	
