## Summary of overall evidence for association with region:
## log10(BF for region) = -0.00984737
## p-value for region = NA

## BFs for choosing among multi-SNP models:
## log10(average 1-SNP BF) = 0.0109508
## log10(average 2-SNP BF) = -0.0546936

## Example posterior probabilities for multi-SNP models, based on default prior: [p(l) propto 0.5^l for l=1,2,...,L]
## posterior probability of 1-SNP = 0.69937
## posterior probability of 2-SNP = 0.30063

## log10(BF) for single SNP and pair of SNPs:
rs12541175     +0.256	-0.078	-0.084	-0.117	+0.523	+0.432	+0.572	+0.572	+0.572	+0.568	+0.622	+0.614	+0.622	+0.618	+0.614	+0.613	+0.613	+0.614	+0.613	+0.624	+0.613	+0.630	+0.638	+0.638	+0.638	+0.638	+0.634	+0.625	+0.634	+0.635	+0.457	+0.635	+0.636	+0.636	+0.358	+0.358	+0.619	+0.636	+0.637	+0.357	+0.357	+0.357	+0.644	+0.637	+0.637	+0.637	+0.355	+0.276	+0.205	+0.275	+0.098	+0.446	+0.432	+0.428	+0.426	+0.424	+0.312	+0.422	+0.421	+0.436	+0.419	+0.439	+0.421	+0.420	+0.484	+0.398	+0.441	+0.438	+0.437	+0.438	+0.026	+0.301	+0.369	+0.288	+0.373	+0.194	+0.380	-0.052	+0.329	-0.111	+0.311	+0.336	+0.555	+0.548	-0.062	+0.524	+0.511	+0.455	+0.509	+0.493	+0.542	-0.086	+0.468	+0.535	-0.150	+0.273	-0.262	-0.002	-0.046	-0.166	-0.248	-0.236	-0.097	-0.199	-0.205	-0.076	-0.192	-0.060	-0.092	-0.098	-0.055	-0.134	-0.133	-0.121	+0.171	-0.169	-0.257	-0.127	-0.206	-0.224	-0.224	-0.216	-0.184	+0.074	-0.163	-0.186	-0.275	-0.160	-0.080	-0.045	-0.093	-0.058	-0.047	-0.102	-0.151	-0.236	-0.042	-0.026	-0.061	-0.077	-0.152	-0.121	+0.017	-0.008	+0.006	-0.149	-0.029	+0.093	-0.064	-0.077	+0.090	+0.194	-0.013	-0.033	-0.017	+0.461	+0.620	-0.072	-0.020	+0.412	-0.165	+0.033	+0.033	+0.051	-0.073	-0.164	+0.045	+0.049	+0.080	+0.024	
rs7814866      -0.078	-0.407	-0.684	-0.709	-0.062	-0.108	-0.123	-0.123	-0.123	-0.126	-0.076	-0.083	-0.076	-0.079	-0.084	-0.084	-0.084	-0.084	-0.084	-0.074	-0.084	-0.069	-0.062	-0.062	-0.061	-0.061	-0.065	-0.073	-0.065	-0.064	-0.232	-0.064	-0.063	-0.063	-0.275	-0.275	-0.078	-0.063	-0.062	-0.275	-0.275	-0.276	-0.056	-0.062	-0.062	-0.062	-0.277	-0.352	-0.426	-0.351	-0.551	-0.187	-0.203	-0.207	-0.209	-0.211	-0.314	-0.212	-0.213	-0.199	-0.216	-0.195	-0.213	-0.214	-0.154	-0.233	-0.194	-0.197	-0.197	-0.197	-0.686	-0.324	-0.262	-0.339	-0.259	-0.441	-0.251	-0.758	-0.299	-0.721	-0.318	-0.286	-0.086	-0.093	-0.837	-0.117	-0.130	-0.189	-0.032	-0.156	-0.095	-0.759	-0.171	-0.132	-0.766	-0.654	-0.920	-0.635	-0.642	-0.788	-0.868	-0.822	-0.715	-0.830	-0.828	-0.706	-0.775	-0.694	-0.725	-0.730	-0.691	-0.800	-0.799	-0.797	-0.697	-0.786	-0.865	-0.859	-0.839	-0.853	-0.853	-0.853	-0.841	-0.646	-0.875	-0.842	-0.877	-0.716	-0.756	-0.679	-0.727	-0.832	-0.680	-0.717	-0.835	-0.912	-0.737	-0.661	-0.678	-0.706	-0.854	-0.759	-0.607	-0.631	-0.617	-0.827	-0.746	-0.700	-0.749	-0.757	-0.533	-0.629	-0.634	-0.641	-0.625	-0.226	-0.109	-0.762	-0.617	-0.269	-0.785	-0.563	-0.563	-0.580	-0.705	-0.842	-0.585	-0.585	-0.555	-0.606	
rs141755309    -0.084	-0.684	-0.461	-0.659	-0.114	-0.148	-0.175	-0.175	-0.175	-0.179	-0.129	-0.136	-0.129	-0.132	-0.137	-0.137	-0.137	-0.137	-0.137	-0.127	-0.137	-0.122	-0.115	-0.115	-0.115	-0.114	-0.119	-0.127	-0.118	-0.118	-0.285	-0.117	-0.116	-0.116	-0.327	-0.327	-0.131	-0.116	-0.116	-0.327	-0.327	-0.327	-0.109	-0.115	-0.116	-0.115	-0.329	-0.403	-0.476	-0.402	-0.605	-0.239	-0.255	-0.259	-0.261	-0.263	-0.365	-0.264	-0.265	-0.251	-0.268	-0.247	-0.265	-0.266	-0.206	-0.285	-0.246	-0.249	-0.250	-0.250	-0.744	-0.375	-0.314	-0.390	-0.310	-0.492	-0.303	-0.767	-0.350	-0.765	-0.369	-0.337	-0.139	-0.146	-0.866	-0.169	-0.183	-0.241	-0.052	-0.208	-0.148	-0.814	-0.224	-0.188	-0.795	-0.675	-0.965	-0.688	-0.694	-0.836	-0.919	-0.867	-0.763	-0.878	-0.876	-0.757	-0.818	-0.744	-0.781	-0.785	-0.742	-0.849	-0.848	-0.845	-0.711	-0.834	-0.915	-0.895	-0.887	-0.901	-0.901	-0.901	-0.891	-0.664	-0.912	-0.892	-0.926	-0.765	-0.786	-0.730	-0.776	-0.871	-0.732	-0.769	-0.873	-0.957	-0.758	-0.713	-0.730	-0.757	-0.896	-0.813	-0.660	-0.684	-0.670	-0.881	-0.803	-0.737	-0.772	-0.781	-0.594	-0.661	-0.683	-0.694	-0.677	-0.244	-0.125	-0.788	-0.671	-0.282	-0.836	-0.616	-0.616	-0.633	-0.755	-0.896	-0.638	-0.644	-0.615	-0.665	
rs62485485     -0.117	-0.709	-0.659	-0.476	-0.130	-0.136	-0.191	-0.191	-0.191	-0.195	-0.145	-0.152	-0.145	-0.148	-0.153	-0.153	-0.153	-0.153	-0.153	-0.143	-0.153	-0.138	-0.131	-0.131	-0.131	-0.131	-0.135	-0.143	-0.134	-0.134	-0.300	-0.133	-0.133	-0.132	-0.342	-0.342	-0.147	-0.132	-0.132	-0.343	-0.343	-0.343	-0.125	-0.132	-0.132	-0.132	-0.344	-0.416	-0.489	-0.415	-0.618	-0.252	-0.271	-0.275	-0.276	-0.278	-0.380	-0.280	-0.281	-0.267	-0.283	-0.263	-0.280	-0.281	-0.221	-0.301	-0.261	-0.265	-0.265	-0.265	-0.759	-0.391	-0.329	-0.405	-0.326	-0.507	-0.318	-0.771	-0.366	-0.775	-0.384	-0.352	-0.155	-0.162	-0.876	-0.185	-0.199	-0.256	-0.052	-0.224	-0.164	-0.828	-0.239	-0.205	-0.804	-0.680	-0.977	-0.702	-0.708	-0.849	-0.932	-0.880	-0.776	-0.892	-0.888	-0.770	-0.830	-0.758	-0.795	-0.800	-0.755	-0.862	-0.861	-0.859	-0.716	-0.847	-0.927	-0.904	-0.900	-0.914	-0.914	-0.915	-0.905	-0.666	-0.922	-0.906	-0.940	-0.776	-0.794	-0.744	-0.790	-0.880	-0.746	-0.783	-0.883	-0.968	-0.762	-0.727	-0.744	-0.770	-0.907	-0.828	-0.674	-0.699	-0.685	-0.895	-0.818	-0.746	-0.777	-0.786	-0.609	-0.668	-0.697	-0.708	-0.692	-0.245	-0.124	-0.794	-0.685	-0.281	-0.849	-0.630	-0.630	-0.647	-0.769	-0.910	-0.652	-0.659	-0.630	-0.679	
rs116865328    +0.523	-0.062	-0.114	-0.130	+0.341	+0.051	+0.207	+0.207	+0.207	+0.205	+0.235	+0.231	+0.235	+0.234	+0.230	+0.230	+0.230	+0.230	+0.230	+0.237	+0.230	+0.240	+0.245	+0.245	+0.245	+0.245	+0.242	+0.237	+0.243	+0.243	+0.154	+0.243	+0.243	+0.244	+0.180	+0.179	+0.234	+0.244	+0.244	+0.179	+0.179	+0.178	+0.248	+0.244	+0.244	+0.244	+0.177	+0.168	+0.184	+0.144	+0.129	+0.185	+0.186	+0.184	+0.184	+0.183	+0.150	+0.182	+0.182	+0.186	+0.181	+0.188	+0.182	+0.182	+0.204	+0.175	+0.184	+0.183	+0.182	+0.181	-0.095	+0.143	+0.164	+0.138	+0.159	+0.124	+0.149	-0.148	+0.134	+0.072	+0.125	+0.141	+0.231	+0.227	-0.213	+0.210	+0.202	+0.170	+0.458	+0.186	+0.224	-0.161	+0.180	+0.190	-0.133	+0.029	-0.246	+0.141	+0.172	-0.156	-0.261	-0.020	+0.301	-0.190	-0.191	+0.136	-0.178	+0.101	-0.086	-0.082	+0.087	-0.148	-0.147	-0.148	-0.005	-0.151	-0.240	-0.214	-0.194	-0.210	-0.210	-0.205	-0.175	-0.150	-0.233	-0.177	-0.257	-0.114	-0.092	+0.090	-0.052	-0.137	+0.088	+0.057	-0.126	-0.251	-0.142	+0.114	+0.112	+0.114	-0.110	-0.036	+0.200	+0.169	+0.187	-0.082	+0.040	+0.095	-0.143	-0.138	+0.305	+0.176	+0.106	+0.130	+0.151	+0.643	+0.790	-0.190	+0.161	+0.585	-0.016	+0.228	+0.228	+0.214	-0.044	-0.123	+0.209	+0.215	+0.252	+0.188	
rs11136637     +0.432	-0.108	-0.148	-0.136	+0.051	-0.028	+0.010	+0.010	+0.010	+0.007	+0.045	+0.040	+0.045	+0.045	+0.040	+0.040	+0.040	+0.040	+0.040	+0.047	+0.039	+0.051	+0.057	+0.057	+0.057	+0.058	+0.054	+0.048	+0.055	+0.055	-0.069	+0.056	+0.056	+0.057	-0.109	-0.109	+0.045	+0.057	+0.057	-0.109	-0.109	-0.109	+0.062	+0.058	+0.057	+0.057	-0.110	-0.163	-0.207	-0.162	-0.301	-0.045	-0.055	-0.058	-0.059	-0.061	-0.132	-0.061	-0.062	-0.050	-0.064	-0.049	-0.062	-0.062	-0.015	-0.076	-0.045	-0.047	-0.047	-0.046	-0.403	-0.139	-0.096	-0.149	-0.093	-0.222	-0.083	-0.390	-0.118	-0.364	-0.133	-0.108	+0.052	+0.047	-0.346	+0.029	+0.018	-0.025	+0.266	-0.005	+0.039	-0.451	-0.013	+0.016	-0.226	-0.445	-0.565	-0.135	-0.063	-0.435	-0.493	-0.085	-0.246	-0.464	-0.457	-0.325	-0.414	-0.330	-0.377	-0.375	-0.330	-0.433	-0.432	-0.429	-0.409	-0.431	-0.486	-0.523	-0.479	-0.492	-0.492	-0.494	-0.486	-0.416	-0.520	-0.487	-0.460	-0.391	-0.456	-0.188	-0.361	-0.528	-0.190	-0.199	-0.375	-0.559	-0.396	-0.167	-0.146	-0.324	-0.509	-0.306	-0.062	-0.093	-0.074	-0.407	-0.303	-0.390	-0.395	-0.386	-0.091	-0.330	-0.208	-0.158	-0.136	-0.010	+0.098	-0.399	-0.120	+0.057	-0.308	-0.053	-0.054	-0.058	-0.346	-0.445	-0.065	-0.178	-0.147	-0.200	
rs117726827    +0.572	-0.123	-0.175	-0.191	+0.207	+0.010	+0.256	+0.217	+0.217	+0.215	+0.245	+0.241	+0.245	+0.243	+0.240	+0.240	+0.240	+0.240	+0.240	+0.249	+0.240	+0.253	+0.260	+0.259	+0.260	+0.260	+0.256	+0.248	+0.256	+0.256	+0.160	+0.256	+0.256	+0.256	+0.110	+0.110	+0.240	+0.254	+0.254	+0.109	+0.109	+0.109	+0.259	+0.253	+0.252	+0.252	+0.108	+0.091	+0.102	+0.071	+0.041	+0.127	+0.125	+0.123	+0.122	+0.121	+0.079	+0.120	+0.120	+0.126	+0.119	+0.128	+0.120	+0.120	+0.148	+0.111	+0.125	+0.123	+0.123	+0.122	-0.161	+0.071	+0.097	+0.066	+0.094	+0.043	+0.088	-0.214	+0.070	-0.015	+0.060	+0.072	+0.178	+0.174	-0.277	+0.156	+0.148	+0.113	+0.423	+0.130	+0.170	-0.225	+0.123	+0.135	-0.195	-0.069	-0.301	+0.088	+0.125	-0.217	-0.319	-0.087	+0.225	-0.251	-0.252	+0.065	-0.240	+0.031	-0.148	-0.145	+0.021	-0.218	-0.217	-0.217	-0.100	-0.212	-0.301	-0.272	-0.254	-0.271	-0.270	-0.265	-0.235	-0.210	-0.291	-0.237	-0.314	-0.158	-0.155	+0.037	-0.116	-0.186	+0.035	+0.006	-0.189	-0.305	-0.203	+0.060	+0.062	+0.048	-0.158	-0.087	+0.148	+0.117	+0.136	-0.135	-0.049	+0.047	-0.205	-0.200	+0.254	+0.125	+0.044	+0.072	+0.094	+0.589	+0.663	-0.251	+0.103	+0.532	-0.080	+0.171	+0.170	+0.157	-0.109	-0.178	+0.154	+0.159	+0.197	+0.132	
rs117124533    +0.572	-0.123	-0.175	-0.191	+0.207	+0.010	+0.217	+0.256	+0.217	+0.215	+0.245	+0.241	+0.245	+0.243	+0.240	+0.240	+0.240	+0.240	+0.240	+0.249	+0.240	+0.253	+0.260	+0.260	+0.260	+0.260	+0.256	+0.248	+0.256	+0.256	+0.160	+0.256	+0.256	+0.256	+0.110	+0.110	+0.240	+0.254	+0.254	+0.109	+0.109	+0.109	+0.259	+0.253	+0.252	+0.252	+0.108	+0.091	+0.102	+0.071	+0.041	+0.127	+0.125	+0.123	+0.122	+0.121	+0.079	+0.120	+0.120	+0.126	+0.119	+0.128	+0.120	+0.120	+0.148	+0.111	+0.125	+0.124	+0.123	+0.122	-0.161	+0.071	+0.097	+0.066	+0.095	+0.043	+0.088	-0.214	+0.070	-0.015	+0.060	+0.072	+0.178	+0.174	-0.276	+0.156	+0.148	+0.113	+0.423	+0.130	+0.170	-0.224	+0.123	+0.135	-0.195	-0.069	-0.301	+0.089	+0.125	-0.217	-0.319	-0.087	+0.225	-0.251	-0.252	+0.065	-0.240	+0.031	-0.148	-0.145	+0.021	-0.218	-0.217	-0.217	-0.100	-0.212	-0.300	-0.272	-0.254	-0.270	-0.270	-0.265	-0.235	-0.210	-0.291	-0.237	-0.314	-0.158	-0.154	+0.037	-0.116	-0.186	+0.035	+0.006	-0.189	-0.305	-0.203	+0.060	+0.062	+0.049	-0.158	-0.087	+0.148	+0.117	+0.136	-0.135	-0.049	+0.047	-0.205	-0.199	+0.254	+0.125	+0.044	+0.072	+0.094	+0.589	+0.663	-0.251	+0.104	+0.532	-0.080	+0.171	+0.170	+0.157	-0.109	-0.178	+0.154	+0.160	+0.197	+0.132	
rs117427427    +0.572	-0.123	-0.175	-0.191	+0.207	+0.010	+0.217	+0.217	+0.256	+0.215	+0.245	+0.241	+0.245	+0.243	+0.241	+0.240	+0.240	+0.240	+0.240	+0.249	+0.240	+0.253	+0.260	+0.260	+0.260	+0.260	+0.256	+0.248	+0.256	+0.256	+0.160	+0.256	+0.256	+0.256	+0.110	+0.110	+0.241	+0.254	+0.254	+0.110	+0.109	+0.109	+0.259	+0.253	+0.253	+0.252	+0.108	+0.091	+0.103	+0.071	+0.042	+0.127	+0.125	+0.123	+0.122	+0.121	+0.080	+0.121	+0.120	+0.126	+0.119	+0.128	+0.120	+0.120	+0.148	+0.111	+0.125	+0.124	+0.123	+0.123	-0.161	+0.071	+0.098	+0.066	+0.095	+0.043	+0.088	-0.213	+0.070	-0.015	+0.060	+0.072	+0.178	+0.174	-0.276	+0.156	+0.148	+0.113	+0.423	+0.130	+0.170	-0.224	+0.123	+0.135	-0.195	-0.069	-0.301	+0.089	+0.126	-0.217	-0.319	-0.087	+0.225	-0.250	-0.252	+0.065	-0.240	+0.032	-0.148	-0.145	+0.021	-0.218	-0.217	-0.217	-0.100	-0.212	-0.300	-0.272	-0.254	-0.270	-0.270	-0.265	-0.235	-0.210	-0.291	-0.237	-0.314	-0.157	-0.154	+0.037	-0.116	-0.186	+0.035	+0.006	-0.189	-0.305	-0.203	+0.061	+0.062	+0.049	-0.158	-0.087	+0.149	+0.118	+0.136	-0.134	-0.048	+0.047	-0.205	-0.199	+0.254	+0.125	+0.044	+0.072	+0.094	+0.589	+0.664	-0.250	+0.104	+0.532	-0.080	+0.171	+0.170	+0.157	-0.109	-0.178	+0.154	+0.160	+0.197	+0.132	
rs147494244    +0.568	-0.126	-0.179	-0.195	+0.205	+0.007	+0.215	+0.215	+0.215	+0.252	+0.243	+0.240	+0.243	+0.242	+0.239	+0.239	+0.239	+0.239	+0.239	+0.248	+0.239	+0.252	+0.259	+0.259	+0.259	+0.259	+0.255	+0.247	+0.255	+0.255	+0.156	+0.255	+0.255	+0.255	+0.106	+0.106	+0.239	+0.253	+0.253	+0.106	+0.106	+0.106	+0.258	+0.252	+0.252	+0.251	+0.104	+0.087	+0.097	+0.067	+0.036	+0.124	+0.122	+0.120	+0.119	+0.118	+0.076	+0.117	+0.117	+0.123	+0.116	+0.125	+0.117	+0.117	+0.145	+0.107	+0.123	+0.121	+0.121	+0.120	-0.165	+0.068	+0.094	+0.062	+0.091	+0.039	+0.085	-0.217	+0.066	-0.020	+0.056	+0.069	+0.176	+0.171	-0.280	+0.154	+0.145	+0.110	+0.420	+0.127	+0.167	-0.228	+0.121	+0.132	-0.198	-0.073	-0.305	+0.084	+0.121	-0.221	-0.323	-0.091	+0.219	-0.254	-0.256	+0.060	-0.243	+0.026	-0.152	-0.149	+0.016	-0.222	-0.221	-0.221	-0.103	-0.216	-0.304	-0.276	-0.258	-0.274	-0.274	-0.268	-0.238	-0.214	-0.295	-0.241	-0.318	-0.161	-0.158	+0.033	-0.120	-0.190	+0.030	+0.002	-0.194	-0.309	-0.207	+0.056	+0.058	+0.043	-0.162	-0.091	+0.144	+0.113	+0.131	-0.139	-0.053	+0.043	-0.208	-0.203	+0.249	+0.120	+0.040	+0.068	+0.090	+0.585	+0.659	-0.254	+0.099	+0.527	-0.085	+0.167	+0.166	+0.152	-0.113	-0.182	+0.149	+0.155	+0.192	+0.127	
rs5009624      +0.622	-0.076	-0.129	-0.145	+0.235	+0.045	+0.245	+0.245	+0.245	+0.243	+0.309	+0.268	+0.274	+0.269	+0.267	+0.267	+0.267	+0.267	+0.267	+0.273	+0.267	+0.276	+0.281	+0.281	+0.281	+0.281	+0.278	+0.272	+0.278	+0.278	+0.223	+0.278	+0.278	+0.278	+0.161	+0.161	+0.266	+0.276	+0.276	+0.160	+0.160	+0.160	+0.280	+0.275	+0.275	+0.275	+0.159	+0.151	+0.173	+0.125	+0.110	+0.164	+0.164	+0.163	+0.162	+0.161	+0.129	+0.161	+0.160	+0.165	+0.159	+0.167	+0.161	+0.160	+0.182	+0.153	+0.163	+0.161	+0.161	+0.160	-0.111	+0.120	+0.142	+0.116	+0.138	+0.105	+0.128	-0.164	+0.114	+0.052	+0.106	+0.115	+0.208	+0.203	-0.227	+0.187	+0.179	+0.148	+0.467	+0.163	+0.200	-0.177	+0.157	+0.167	-0.149	-0.022	-0.253	+0.141	+0.179	-0.171	-0.274	-0.031	+0.301	-0.204	-0.206	+0.131	-0.195	+0.095	-0.098	-0.094	+0.083	-0.172	-0.171	-0.171	-0.053	-0.166	-0.255	-0.225	-0.208	-0.224	-0.224	-0.218	-0.187	-0.167	-0.245	-0.189	-0.269	-0.112	-0.107	+0.089	-0.068	-0.137	+0.086	+0.058	-0.137	-0.258	-0.155	+0.112	+0.114	+0.113	-0.107	-0.037	+0.201	+0.170	+0.189	-0.084	+0.002	+0.100	-0.156	-0.151	+0.308	+0.178	+0.094	+0.124	+0.146	+0.644	+0.717	-0.204	+0.155	+0.586	-0.023	+0.223	+0.222	+0.209	-0.062	-0.128	+0.206	+0.212	+0.250	+0.184	
rs148864786    +0.614	-0.083	-0.136	-0.152	+0.231	+0.040	+0.241	+0.241	+0.241	+0.240	+0.268	+0.301	+0.268	+0.267	+0.266	+0.265	+0.265	+0.266	+0.265	+0.272	+0.265	+0.275	+0.280	+0.280	+0.280	+0.280	+0.277	+0.271	+0.277	+0.277	+0.217	+0.277	+0.277	+0.277	+0.155	+0.155	+0.265	+0.275	+0.275	+0.154	+0.154	+0.154	+0.279	+0.274	+0.274	+0.274	+0.153	+0.143	+0.165	+0.118	+0.101	+0.159	+0.159	+0.157	+0.157	+0.156	+0.123	+0.156	+0.155	+0.160	+0.154	+0.162	+0.155	+0.155	+0.177	+0.147	+0.158	+0.156	+0.156	+0.155	-0.119	+0.114	+0.136	+0.110	+0.132	+0.096	+0.123	-0.171	+0.108	+0.043	+0.099	+0.109	+0.203	+0.199	-0.235	+0.182	+0.175	+0.143	+0.459	+0.158	+0.195	-0.184	+0.152	+0.162	-0.156	-0.028	-0.260	+0.132	+0.171	-0.178	-0.281	-0.040	+0.291	-0.211	-0.213	+0.122	-0.202	+0.086	-0.105	-0.102	+0.075	-0.179	-0.178	-0.178	-0.059	-0.173	-0.262	-0.232	-0.215	-0.231	-0.231	-0.225	-0.194	-0.174	-0.251	-0.196	-0.276	-0.118	-0.114	+0.081	-0.075	-0.144	+0.078	+0.050	-0.145	-0.265	-0.162	+0.104	+0.106	+0.104	-0.115	-0.045	+0.193	+0.162	+0.180	-0.091	-0.006	+0.093	-0.164	-0.158	+0.300	+0.170	+0.086	+0.116	+0.138	+0.637	+0.709	-0.211	+0.147	+0.578	-0.032	+0.215	+0.214	+0.201	-0.069	-0.135	+0.198	+0.204	+0.242	+0.176	
rs4481570      +0.622	-0.076	-0.129	-0.145	+0.235	+0.045	+0.245	+0.245	+0.245	+0.243	+0.274	+0.268	+0.309	+0.269	+0.268	+0.268	+0.268	+0.268	+0.268	+0.273	+0.267	+0.276	+0.281	+0.281	+0.281	+0.281	+0.278	+0.273	+0.279	+0.279	+0.224	+0.278	+0.278	+0.278	+0.162	+0.161	+0.267	+0.277	+0.277	+0.161	+0.161	+0.161	+0.281	+0.276	+0.276	+0.276	+0.159	+0.151	+0.174	+0.125	+0.111	+0.164	+0.164	+0.163	+0.162	+0.162	+0.130	+0.161	+0.161	+0.165	+0.160	+0.167	+0.161	+0.161	+0.182	+0.153	+0.163	+0.162	+0.162	+0.160	-0.111	+0.121	+0.143	+0.117	+0.138	+0.106	+0.128	-0.163	+0.114	+0.052	+0.106	+0.115	+0.208	+0.203	-0.227	+0.187	+0.179	+0.148	+0.467	+0.163	+0.200	-0.177	+0.157	+0.167	-0.149	-0.022	-0.253	+0.141	+0.180	-0.171	-0.274	-0.031	+0.302	-0.204	-0.206	+0.131	-0.195	+0.095	-0.098	-0.094	+0.084	-0.172	-0.171	-0.171	-0.053	-0.166	-0.255	-0.225	-0.208	-0.224	-0.224	-0.218	-0.187	-0.167	-0.245	-0.189	-0.269	-0.111	-0.107	+0.089	-0.068	-0.137	+0.086	+0.058	-0.137	-0.258	-0.155	+0.112	+0.114	+0.113	-0.107	-0.037	+0.201	+0.170	+0.189	-0.084	+0.002	+0.100	-0.156	-0.150	+0.308	+0.178	+0.094	+0.124	+0.146	+0.644	+0.717	-0.204	+0.155	+0.586	-0.023	+0.223	+0.222	+0.209	-0.062	-0.128	+0.206	+0.212	+0.250	+0.184	
rs150630307    +0.618	-0.079	-0.132	-0.148	+0.234	+0.045	+0.243	+0.243	+0.243	+0.242	+0.269	+0.267	+0.269	+0.307	+0.267	+0.267	+0.267	+0.267	+0.267	+0.273	+0.267	+0.277	+0.282	+0.282	+0.282	+0.282	+0.279	+0.273	+0.279	+0.279	+0.224	+0.279	+0.279	+0.279	+0.160	+0.160	+0.267	+0.277	+0.277	+0.160	+0.160	+0.159	+0.281	+0.276	+0.276	+0.276	+0.158	+0.152	+0.173	+0.124	+0.107	+0.163	+0.163	+0.162	+0.161	+0.161	+0.128	+0.160	+0.160	+0.164	+0.159	+0.166	+0.160	+0.160	+0.181	+0.153	+0.162	+0.161	+0.161	+0.159	-0.113	+0.121	+0.142	+0.116	+0.137	+0.103	+0.127	-0.166	+0.113	+0.050	+0.104	+0.114	+0.207	+0.203	-0.230	+0.186	+0.178	+0.147	+0.464	+0.162	+0.199	-0.179	+0.156	+0.166	-0.151	-0.022	-0.255	+0.137	+0.176	-0.173	-0.276	-0.034	+0.299	-0.206	-0.208	+0.129	-0.197	+0.093	-0.100	-0.096	+0.080	-0.174	-0.173	-0.173	-0.054	-0.168	-0.257	-0.226	-0.210	-0.226	-0.226	-0.220	-0.189	-0.169	-0.246	-0.191	-0.271	-0.113	-0.108	+0.086	-0.070	-0.138	+0.083	+0.055	-0.140	-0.259	-0.157	+0.109	+0.111	+0.111	-0.109	-0.039	+0.199	+0.167	+0.185	-0.086	-0.001	+0.099	-0.158	-0.153	+0.305	+0.176	+0.091	+0.121	+0.143	+0.643	+0.715	-0.206	+0.153	+0.584	-0.026	+0.220	+0.220	+0.206	-0.063	-0.130	+0.203	+0.210	+0.248	+0.182	
rs149402593    +0.614	-0.084	-0.137	-0.153	+0.230	+0.040	+0.240	+0.240	+0.241	+0.239	+0.267	+0.266	+0.268	+0.267	+0.301	+0.265	+0.265	+0.265	+0.265	+0.272	+0.265	+0.274	+0.280	+0.280	+0.280	+0.280	+0.277	+0.271	+0.277	+0.277	+0.217	+0.277	+0.277	+0.277	+0.155	+0.154	+0.265	+0.275	+0.275	+0.154	+0.154	+0.154	+0.279	+0.274	+0.274	+0.274	+0.152	+0.143	+0.165	+0.118	+0.101	+0.159	+0.159	+0.157	+0.157	+0.156	+0.123	+0.155	+0.155	+0.159	+0.154	+0.161	+0.155	+0.155	+0.177	+0.147	+0.158	+0.156	+0.156	+0.155	-0.119	+0.114	+0.136	+0.110	+0.132	+0.095	+0.122	-0.171	+0.108	+0.043	+0.099	+0.109	+0.203	+0.199	-0.235	+0.182	+0.174	+0.142	+0.459	+0.158	+0.195	-0.185	+0.152	+0.162	-0.156	-0.029	-0.261	+0.132	+0.170	-0.178	-0.282	-0.040	+0.291	-0.212	-0.213	+0.121	-0.202	+0.086	-0.106	-0.102	+0.074	-0.179	-0.178	-0.178	-0.060	-0.174	-0.262	-0.232	-0.215	-0.231	-0.231	-0.225	-0.195	-0.174	-0.252	-0.197	-0.276	-0.119	-0.114	+0.080	-0.076	-0.145	+0.077	+0.049	-0.146	-0.265	-0.163	+0.103	+0.105	+0.104	-0.115	-0.045	+0.192	+0.161	+0.180	-0.092	-0.006	+0.092	-0.164	-0.158	+0.299	+0.170	+0.086	+0.115	+0.137	+0.636	+0.709	-0.212	+0.147	+0.578	-0.032	+0.214	+0.214	+0.200	-0.069	-0.136	+0.197	+0.204	+0.241	+0.176	
rs17737960     +0.613	-0.084	-0.137	-0.153	+0.230	+0.040	+0.240	+0.240	+0.240	+0.239	+0.267	+0.265	+0.268	+0.267	+0.265	+0.301	+0.265	+0.265	+0.265	+0.272	+0.265	+0.274	+0.280	+0.280	+0.280	+0.280	+0.277	+0.271	+0.277	+0.277	+0.217	+0.277	+0.277	+0.277	+0.155	+0.154	+0.265	+0.275	+0.275	+0.154	+0.154	+0.154	+0.279	+0.274	+0.274	+0.274	+0.152	+0.143	+0.165	+0.118	+0.101	+0.159	+0.159	+0.157	+0.157	+0.156	+0.123	+0.155	+0.155	+0.159	+0.154	+0.161	+0.155	+0.155	+0.177	+0.147	+0.158	+0.156	+0.156	+0.155	-0.119	+0.114	+0.136	+0.110	+0.132	+0.096	+0.122	-0.171	+0.108	+0.043	+0.099	+0.109	+0.203	+0.199	-0.235	+0.182	+0.174	+0.142	+0.459	+0.158	+0.195	-0.185	+0.152	+0.162	-0.156	-0.029	-0.261	+0.132	+0.170	-0.178	-0.282	-0.040	+0.291	-0.212	-0.213	+0.121	-0.202	+0.086	-0.106	-0.102	+0.074	-0.179	-0.178	-0.178	-0.060	-0.174	-0.262	-0.232	-0.215	-0.231	-0.231	-0.226	-0.195	-0.174	-0.252	-0.197	-0.276	-0.119	-0.114	+0.080	-0.076	-0.145	+0.077	+0.049	-0.146	-0.265	-0.163	+0.103	+0.105	+0.104	-0.115	-0.045	+0.192	+0.161	+0.179	-0.092	-0.006	+0.092	-0.164	-0.158	+0.299	+0.170	+0.086	+0.115	+0.137	+0.636	+0.709	-0.212	+0.146	+0.578	-0.032	+0.214	+0.214	+0.200	-0.069	-0.136	+0.197	+0.204	+0.241	+0.176	
rs17737966     +0.613	-0.084	-0.137	-0.153	+0.230	+0.040	+0.240	+0.240	+0.240	+0.239	+0.267	+0.265	+0.268	+0.267	+0.265	+0.265	+0.301	+0.265	+0.265	+0.272	+0.265	+0.274	+0.280	+0.280	+0.280	+0.280	+0.277	+0.271	+0.277	+0.277	+0.217	+0.277	+0.277	+0.277	+0.155	+0.154	+0.265	+0.275	+0.275	+0.154	+0.154	+0.154	+0.279	+0.274	+0.274	+0.274	+0.152	+0.143	+0.165	+0.118	+0.101	+0.159	+0.159	+0.157	+0.157	+0.156	+0.123	+0.155	+0.155	+0.159	+0.154	+0.161	+0.155	+0.155	+0.177	+0.147	+0.158	+0.156	+0.156	+0.155	-0.119	+0.114	+0.136	+0.110	+0.132	+0.096	+0.122	-0.171	+0.108	+0.043	+0.099	+0.109	+0.203	+0.199	-0.235	+0.182	+0.174	+0.142	+0.459	+0.158	+0.195	-0.185	+0.152	+0.162	-0.156	-0.029	-0.261	+0.132	+0.170	-0.178	-0.282	-0.040	+0.291	-0.212	-0.213	+0.121	-0.202	+0.086	-0.106	-0.102	+0.074	-0.179	-0.178	-0.178	-0.060	-0.174	-0.262	-0.232	-0.215	-0.231	-0.231	-0.226	-0.195	-0.174	-0.252	-0.197	-0.276	-0.119	-0.114	+0.080	-0.076	-0.145	+0.077	+0.049	-0.146	-0.265	-0.163	+0.103	+0.105	+0.104	-0.115	-0.045	+0.192	+0.161	+0.179	-0.092	-0.006	+0.092	-0.164	-0.158	+0.299	+0.170	+0.086	+0.115	+0.137	+0.636	+0.709	-0.212	+0.146	+0.578	-0.032	+0.214	+0.214	+0.200	-0.069	-0.136	+0.197	+0.204	+0.241	+0.176	
rs145945239    +0.614	-0.084	-0.137	-0.153	+0.230	+0.040	+0.240	+0.240	+0.240	+0.239	+0.267	+0.266	+0.268	+0.267	+0.265	+0.265	+0.265	+0.301	+0.265	+0.272	+0.265	+0.274	+0.280	+0.280	+0.280	+0.280	+0.277	+0.271	+0.277	+0.277	+0.217	+0.277	+0.277	+0.277	+0.155	+0.154	+0.265	+0.275	+0.275	+0.154	+0.154	+0.154	+0.280	+0.275	+0.274	+0.274	+0.153	+0.143	+0.166	+0.118	+0.101	+0.159	+0.159	+0.157	+0.157	+0.156	+0.123	+0.155	+0.155	+0.160	+0.154	+0.161	+0.155	+0.155	+0.177	+0.147	+0.158	+0.156	+0.156	+0.155	-0.119	+0.114	+0.136	+0.110	+0.132	+0.096	+0.122	-0.171	+0.108	+0.043	+0.099	+0.109	+0.203	+0.199	-0.235	+0.182	+0.174	+0.142	+0.459	+0.158	+0.195	-0.185	+0.152	+0.162	-0.156	-0.029	-0.261	+0.132	+0.170	-0.178	-0.282	-0.040	+0.291	-0.212	-0.213	+0.122	-0.202	+0.086	-0.106	-0.102	+0.074	-0.179	-0.178	-0.178	-0.060	-0.173	-0.262	-0.232	-0.215	-0.231	-0.231	-0.225	-0.195	-0.174	-0.252	-0.197	-0.276	-0.119	-0.114	+0.080	-0.076	-0.145	+0.077	+0.049	-0.145	-0.265	-0.163	+0.103	+0.105	+0.104	-0.115	-0.045	+0.192	+0.161	+0.180	-0.092	-0.006	+0.092	-0.164	-0.158	+0.299	+0.170	+0.086	+0.115	+0.137	+0.636	+0.709	-0.212	+0.147	+0.578	-0.032	+0.214	+0.214	+0.200	-0.069	-0.136	+0.197	+0.204	+0.241	+0.176	
rs139792883    +0.613	-0.084	-0.137	-0.153	+0.230	+0.040	+0.240	+0.240	+0.240	+0.239	+0.267	+0.265	+0.268	+0.267	+0.265	+0.265	+0.265	+0.265	+0.301	+0.272	+0.265	+0.274	+0.280	+0.280	+0.280	+0.280	+0.277	+0.271	+0.277	+0.277	+0.217	+0.277	+0.277	+0.277	+0.155	+0.154	+0.265	+0.275	+0.275	+0.154	+0.154	+0.154	+0.280	+0.275	+0.274	+0.274	+0.152	+0.143	+0.166	+0.118	+0.101	+0.159	+0.159	+0.157	+0.157	+0.156	+0.123	+0.155	+0.155	+0.160	+0.154	+0.161	+0.155	+0.155	+0.177	+0.147	+0.158	+0.156	+0.156	+0.155	-0.119	+0.114	+0.136	+0.110	+0.132	+0.096	+0.122	-0.171	+0.108	+0.043	+0.099	+0.109	+0.203	+0.199	-0.235	+0.182	+0.174	+0.142	+0.459	+0.158	+0.195	-0.185	+0.152	+0.162	-0.156	-0.029	-0.261	+0.132	+0.170	-0.178	-0.282	-0.040	+0.291	-0.212	-0.213	+0.121	-0.202	+0.086	-0.106	-0.102	+0.074	-0.179	-0.178	-0.178	-0.060	-0.174	-0.262	-0.232	-0.215	-0.231	-0.231	-0.226	-0.195	-0.174	-0.252	-0.197	-0.276	-0.119	-0.114	+0.080	-0.076	-0.145	+0.077	+0.049	-0.146	-0.265	-0.163	+0.103	+0.105	+0.104	-0.115	-0.045	+0.192	+0.161	+0.179	-0.092	-0.006	+0.092	-0.164	-0.158	+0.299	+0.170	+0.086	+0.115	+0.137	+0.636	+0.709	-0.212	+0.146	+0.578	-0.032	+0.214	+0.214	+0.200	-0.069	-0.136	+0.197	+0.204	+0.241	+0.176	
rs17737978     +0.624	-0.074	-0.127	-0.143	+0.237	+0.047	+0.249	+0.249	+0.249	+0.248	+0.273	+0.272	+0.273	+0.273	+0.272	+0.272	+0.272	+0.272	+0.272	+0.312	+0.271	+0.280	+0.285	+0.285	+0.285	+0.285	+0.282	+0.277	+0.282	+0.282	+0.232	+0.282	+0.282	+0.282	+0.166	+0.166	+0.271	+0.281	+0.281	+0.165	+0.165	+0.165	+0.284	+0.280	+0.280	+0.280	+0.164	+0.157	+0.181	+0.130	+0.116	+0.167	+0.168	+0.166	+0.166	+0.165	+0.134	+0.164	+0.164	+0.168	+0.163	+0.170	+0.164	+0.164	+0.185	+0.157	+0.166	+0.165	+0.164	+0.163	-0.108	+0.125	+0.146	+0.121	+0.142	+0.109	+0.131	-0.161	+0.118	+0.057	+0.109	+0.118	+0.210	+0.205	-0.225	+0.189	+0.181	+0.150	+0.468	+0.165	+0.202	-0.175	+0.159	+0.169	-0.146	-0.018	-0.250	+0.143	+0.182	-0.168	-0.272	-0.028	+0.307	-0.202	-0.203	+0.136	-0.193	+0.099	-0.095	-0.091	+0.087	-0.169	-0.168	-0.168	-0.050	-0.164	-0.252	-0.222	-0.205	-0.221	-0.221	-0.215	-0.185	-0.165	-0.242	-0.187	-0.266	-0.109	-0.104	+0.091	-0.066	-0.134	+0.089	+0.061	-0.134	-0.255	-0.152	+0.115	+0.117	+0.117	-0.104	-0.034	+0.204	+0.173	+0.191	-0.081	+0.005	+0.104	-0.154	-0.148	+0.311	+0.182	+0.096	+0.126	+0.148	+0.649	+0.721	-0.202	+0.158	+0.590	-0.020	+0.226	+0.225	+0.212	-0.059	-0.125	+0.208	+0.215	+0.253	+0.187	
rs142296812    +0.613	-0.084	-0.137	-0.153	+0.230	+0.039	+0.240	+0.240	+0.240	+0.239	+0.267	+0.265	+0.267	+0.267	+0.265	+0.265	+0.265	+0.265	+0.265	+0.271	+0.301	+0.274	+0.280	+0.280	+0.280	+0.280	+0.277	+0.271	+0.277	+0.277	+0.217	+0.277	+0.277	+0.277	+0.155	+0.154	+0.265	+0.276	+0.276	+0.154	+0.154	+0.154	+0.280	+0.275	+0.275	+0.274	+0.152	+0.143	+0.166	+0.118	+0.101	+0.159	+0.159	+0.157	+0.157	+0.156	+0.123	+0.155	+0.155	+0.159	+0.154	+0.161	+0.155	+0.155	+0.177	+0.147	+0.158	+0.156	+0.156	+0.155	-0.119	+0.114	+0.136	+0.110	+0.132	+0.096	+0.122	-0.172	+0.108	+0.043	+0.099	+0.109	+0.203	+0.199	-0.236	+0.182	+0.174	+0.142	+0.459	+0.158	+0.195	-0.185	+0.152	+0.161	-0.156	-0.029	-0.261	+0.131	+0.170	-0.178	-0.282	-0.040	+0.291	-0.212	-0.214	+0.121	-0.202	+0.085	-0.106	-0.103	+0.074	-0.179	-0.178	-0.179	-0.060	-0.174	-0.262	-0.232	-0.216	-0.232	-0.232	-0.226	-0.195	-0.174	-0.252	-0.197	-0.276	-0.119	-0.115	+0.080	-0.076	-0.145	+0.077	+0.049	-0.146	-0.266	-0.163	+0.103	+0.105	+0.103	-0.115	-0.045	+0.192	+0.161	+0.179	-0.092	-0.006	+0.092	-0.164	-0.159	+0.299	+0.169	+0.085	+0.115	+0.137	+0.636	+0.708	-0.212	+0.146	+0.577	-0.032	+0.214	+0.213	+0.200	-0.069	-0.136	+0.197	+0.203	+0.241	+0.175	
rs12544287     +0.630	-0.069	-0.122	-0.138	+0.240	+0.051	+0.253	+0.253	+0.253	+0.252	+0.276	+0.275	+0.276	+0.277	+0.274	+0.274	+0.274	+0.274	+0.274	+0.280	+0.274	+0.318	+0.288	+0.288	+0.288	+0.289	+0.286	+0.281	+0.286	+0.286	+0.242	+0.286	+0.286	+0.286	+0.172	+0.172	+0.275	+0.285	+0.285	+0.172	+0.172	+0.172	+0.288	+0.284	+0.284	+0.283	+0.170	+0.164	+0.191	+0.136	+0.125	+0.171	+0.173	+0.171	+0.171	+0.170	+0.140	+0.169	+0.169	+0.173	+0.168	+0.175	+0.169	+0.169	+0.189	+0.162	+0.171	+0.169	+0.169	+0.168	-0.103	+0.131	+0.152	+0.127	+0.147	+0.117	+0.136	-0.155	+0.123	+0.065	+0.114	+0.123	+0.213	+0.209	-0.220	+0.192	+0.185	+0.154	+0.472	+0.169	+0.205	-0.169	+0.163	+0.172	-0.141	-0.013	-0.245	+0.148	+0.188	-0.163	-0.267	-0.022	+0.316	-0.197	-0.198	+0.143	-0.188	+0.106	-0.090	-0.086	+0.094	-0.164	-0.163	-0.164	-0.045	-0.159	-0.247	-0.217	-0.200	-0.216	-0.216	-0.210	-0.179	-0.160	-0.237	-0.182	-0.261	-0.104	-0.099	+0.097	-0.060	-0.128	+0.094	+0.066	-0.129	-0.250	-0.147	+0.120	+0.122	+0.125	-0.098	-0.029	+0.210	+0.178	+0.197	-0.075	+0.010	+0.110	-0.149	-0.143	+0.317	+0.188	+0.102	+0.132	+0.154	+0.655	+0.727	-0.197	+0.164	+0.596	-0.014	+0.231	+0.230	+0.217	-0.054	-0.120	+0.214	+0.221	+0.259	+0.193	
rs118079287    +0.638	-0.062	-0.115	-0.131	+0.245	+0.057	+0.260	+0.260	+0.260	+0.259	+0.281	+0.280	+0.281	+0.282	+0.280	+0.280	+0.280	+0.280	+0.280	+0.285	+0.280	+0.288	+0.326	+0.293	+0.293	+0.293	+0.290	+0.285	+0.291	+0.291	+0.254	+0.291	+0.291	+0.291	+0.181	+0.181	+0.280	+0.289	+0.289	+0.181	+0.181	+0.181	+0.293	+0.289	+0.288	+0.288	+0.179	+0.175	+0.203	+0.146	+0.136	+0.178	+0.179	+0.178	+0.178	+0.177	+0.149	+0.177	+0.176	+0.180	+0.175	+0.182	+0.176	+0.176	+0.195	+0.169	+0.177	+0.176	+0.176	+0.174	-0.095	+0.140	+0.160	+0.136	+0.155	+0.127	+0.143	-0.147	+0.131	+0.076	+0.122	+0.130	+0.218	+0.214	-0.212	+0.198	+0.190	+0.160	+0.478	+0.174	+0.210	-0.162	+0.169	+0.178	-0.134	-0.005	-0.237	+0.157	+0.197	-0.156	-0.260	-0.014	+0.328	-0.189	-0.191	+0.154	-0.181	+0.117	-0.082	-0.078	+0.104	-0.157	-0.156	-0.156	-0.037	-0.151	-0.240	-0.209	-0.193	-0.209	-0.209	-0.203	-0.172	-0.153	-0.229	-0.174	-0.254	-0.097	-0.091	+0.105	-0.053	-0.120	+0.103	+0.075	-0.121	-0.242	-0.140	+0.129	+0.131	+0.135	-0.090	-0.021	+0.218	+0.187	+0.205	-0.067	+0.019	+0.119	-0.141	-0.135	+0.326	+0.196	+0.110	+0.140	+0.162	+0.665	+0.736	-0.190	+0.172	+0.606	-0.005	+0.240	+0.239	+0.226	-0.046	-0.112	+0.223	+0.230	+0.268	+0.201	
rs117957167    +0.638	-0.062	-0.115	-0.131	+0.245	+0.057	+0.259	+0.260	+0.260	+0.259	+0.281	+0.280	+0.281	+0.282	+0.280	+0.280	+0.280	+0.280	+0.280	+0.285	+0.280	+0.288	+0.293	+0.326	+0.293	+0.293	+0.290	+0.286	+0.291	+0.291	+0.254	+0.291	+0.291	+0.291	+0.182	+0.181	+0.280	+0.290	+0.290	+0.181	+0.181	+0.181	+0.293	+0.289	+0.289	+0.289	+0.180	+0.175	+0.204	+0.146	+0.137	+0.178	+0.180	+0.178	+0.178	+0.177	+0.149	+0.177	+0.176	+0.180	+0.175	+0.182	+0.177	+0.176	+0.195	+0.169	+0.177	+0.176	+0.176	+0.175	-0.095	+0.140	+0.160	+0.136	+0.155	+0.127	+0.143	-0.147	+0.131	+0.076	+0.122	+0.130	+0.218	+0.214	-0.212	+0.198	+0.190	+0.160	+0.478	+0.174	+0.210	-0.162	+0.169	+0.178	-0.134	-0.005	-0.237	+0.157	+0.197	-0.156	-0.260	-0.014	+0.328	-0.189	-0.191	+0.154	-0.181	+0.117	-0.082	-0.078	+0.104	-0.157	-0.156	-0.156	-0.037	-0.151	-0.240	-0.209	-0.193	-0.209	-0.209	-0.203	-0.172	-0.153	-0.229	-0.174	-0.254	-0.097	-0.091	+0.105	-0.053	-0.120	+0.103	+0.075	-0.120	-0.242	-0.140	+0.129	+0.131	+0.135	-0.090	-0.021	+0.218	+0.187	+0.206	-0.067	+0.019	+0.119	-0.141	-0.135	+0.326	+0.196	+0.110	+0.140	+0.162	+0.665	+0.736	-0.189	+0.172	+0.606	-0.005	+0.240	+0.239	+0.226	-0.046	-0.112	+0.223	+0.230	+0.268	+0.201	
rs150987845    +0.638	-0.061	-0.115	-0.131	+0.245	+0.057	+0.260	+0.260	+0.260	+0.259	+0.281	+0.280	+0.281	+0.282	+0.280	+0.280	+0.280	+0.280	+0.280	+0.285	+0.280	+0.288	+0.293	+0.293	+0.327	+0.293	+0.291	+0.286	+0.291	+0.291	+0.255	+0.291	+0.291	+0.291	+0.182	+0.182	+0.281	+0.290	+0.290	+0.181	+0.181	+0.181	+0.293	+0.289	+0.289	+0.289	+0.180	+0.176	+0.204	+0.146	+0.137	+0.178	+0.180	+0.179	+0.178	+0.177	+0.149	+0.177	+0.177	+0.180	+0.176	+0.182	+0.177	+0.177	+0.195	+0.170	+0.178	+0.176	+0.176	+0.175	-0.094	+0.140	+0.160	+0.137	+0.155	+0.128	+0.144	-0.147	+0.131	+0.077	+0.123	+0.131	+0.218	+0.214	-0.212	+0.198	+0.190	+0.160	+0.479	+0.174	+0.210	-0.162	+0.169	+0.178	-0.134	-0.005	-0.237	+0.157	+0.197	-0.156	-0.260	-0.013	+0.329	-0.189	-0.191	+0.154	-0.180	+0.117	-0.081	-0.077	+0.104	-0.157	-0.156	-0.156	-0.037	-0.151	-0.240	-0.209	-0.193	-0.209	-0.209	-0.203	-0.171	-0.153	-0.229	-0.174	-0.254	-0.097	-0.091	+0.105	-0.053	-0.120	+0.103	+0.075	-0.120	-0.242	-0.139	+0.129	+0.131	+0.136	-0.089	-0.020	+0.219	+0.187	+0.206	-0.067	+0.019	+0.119	-0.141	-0.135	+0.326	+0.197	+0.110	+0.141	+0.163	+0.665	+0.736	-0.189	+0.172	+0.606	-0.004	+0.240	+0.239	+0.226	-0.046	-0.111	+0.223	+0.230	+0.268	+0.202	
rs140463420    +0.638	-0.061	-0.114	-0.131	+0.245	+0.058	+0.260	+0.260	+0.260	+0.259	+0.281	+0.280	+0.281	+0.282	+0.280	+0.280	+0.280	+0.280	+0.280	+0.285	+0.280	+0.289	+0.293	+0.293	+0.293	+0.327	+0.291	+0.286	+0.291	+0.291	+0.255	+0.291	+0.291	+0.291	+0.182	+0.182	+0.281	+0.290	+0.290	+0.182	+0.181	+0.181	+0.293	+0.289	+0.289	+0.289	+0.180	+0.176	+0.205	+0.146	+0.138	+0.178	+0.180	+0.179	+0.178	+0.178	+0.150	+0.177	+0.177	+0.180	+0.176	+0.182	+0.177	+0.177	+0.196	+0.170	+0.178	+0.176	+0.176	+0.175	-0.094	+0.141	+0.160	+0.137	+0.155	+0.128	+0.144	-0.147	+0.131	+0.077	+0.123	+0.131	+0.218	+0.214	-0.212	+0.198	+0.190	+0.160	+0.479	+0.175	+0.210	-0.161	+0.169	+0.178	-0.134	-0.005	-0.237	+0.157	+0.197	-0.156	-0.260	-0.013	+0.329	-0.189	-0.191	+0.155	-0.180	+0.118	-0.081	-0.077	+0.105	-0.156	-0.155	-0.156	-0.036	-0.151	-0.240	-0.209	-0.192	-0.209	-0.209	-0.203	-0.171	-0.153	-0.229	-0.174	-0.254	-0.096	-0.091	+0.106	-0.052	-0.120	+0.103	+0.075	-0.120	-0.242	-0.139	+0.129	+0.132	+0.136	-0.089	-0.020	+0.219	+0.188	+0.206	-0.067	+0.019	+0.119	-0.140	-0.134	+0.327	+0.197	+0.111	+0.141	+0.163	+0.665	+0.737	-0.189	+0.173	+0.606	-0.004	+0.240	+0.240	+0.226	-0.046	-0.111	+0.223	+0.230	+0.268	+0.202	
rs116916919    +0.634	-0.065	-0.119	-0.135	+0.242	+0.054	+0.256	+0.256	+0.256	+0.255	+0.278	+0.277	+0.278	+0.279	+0.277	+0.277	+0.277	+0.277	+0.277	+0.282	+0.277	+0.286	+0.290	+0.290	+0.291	+0.291	+0.322	+0.283	+0.289	+0.289	+0.248	+0.289	+0.289	+0.289	+0.177	+0.177	+0.278	+0.288	+0.288	+0.177	+0.177	+0.177	+0.291	+0.287	+0.287	+0.287	+0.176	+0.170	+0.198	+0.142	+0.131	+0.175	+0.176	+0.175	+0.175	+0.174	+0.145	+0.174	+0.173	+0.177	+0.172	+0.179	+0.173	+0.173	+0.193	+0.166	+0.174	+0.173	+0.173	+0.172	-0.099	+0.136	+0.156	+0.133	+0.152	+0.123	+0.140	-0.151	+0.127	+0.071	+0.119	+0.127	+0.216	+0.211	-0.216	+0.195	+0.188	+0.157	+0.475	+0.172	+0.208	-0.166	+0.166	+0.175	-0.138	-0.009	-0.241	+0.153	+0.192	-0.160	-0.264	-0.018	+0.322	-0.193	-0.195	+0.149	-0.184	+0.112	-0.086	-0.082	+0.099	-0.161	-0.159	-0.160	-0.041	-0.155	-0.244	-0.213	-0.196	-0.213	-0.213	-0.207	-0.176	-0.157	-0.233	-0.178	-0.258	-0.100	-0.095	+0.101	-0.057	-0.124	+0.098	+0.070	-0.125	-0.246	-0.143	+0.124	+0.127	+0.130	-0.094	-0.025	+0.214	+0.183	+0.201	-0.071	+0.014	+0.114	-0.145	-0.139	+0.322	+0.192	+0.106	+0.136	+0.158	+0.660	+0.731	-0.193	+0.168	+0.601	-0.009	+0.235	+0.235	+0.221	-0.050	-0.116	+0.218	+0.225	+0.263	+0.197	
rs147849067    +0.625	-0.073	-0.127	-0.143	+0.237	+0.048	+0.248	+0.248	+0.248	+0.247	+0.272	+0.271	+0.273	+0.273	+0.271	+0.271	+0.271	+0.271	+0.271	+0.277	+0.271	+0.281	+0.285	+0.286	+0.286	+0.286	+0.283	+0.313	+0.284	+0.284	+0.235	+0.284	+0.284	+0.284	+0.168	+0.167	+0.273	+0.283	+0.283	+0.167	+0.167	+0.167	+0.287	+0.282	+0.282	+0.282	+0.166	+0.159	+0.185	+0.132	+0.119	+0.168	+0.169	+0.168	+0.167	+0.166	+0.136	+0.166	+0.166	+0.170	+0.165	+0.172	+0.166	+0.166	+0.186	+0.158	+0.167	+0.166	+0.166	+0.165	-0.107	+0.127	+0.148	+0.123	+0.144	+0.112	+0.133	-0.160	+0.119	+0.060	+0.111	+0.119	+0.210	+0.206	-0.224	+0.189	+0.182	+0.150	+0.468	+0.166	+0.202	-0.174	+0.160	+0.169	-0.146	-0.018	-0.250	+0.143	+0.183	-0.168	-0.272	-0.028	+0.309	-0.201	-0.203	+0.137	-0.192	+0.101	-0.095	-0.091	+0.088	-0.169	-0.168	-0.168	-0.049	-0.163	-0.252	-0.221	-0.205	-0.221	-0.221	-0.215	-0.184	-0.164	-0.241	-0.186	-0.266	-0.108	-0.103	+0.092	-0.065	-0.133	+0.089	+0.061	-0.134	-0.254	-0.152	+0.115	+0.117	+0.119	-0.103	-0.034	+0.205	+0.173	+0.192	-0.080	+0.005	+0.105	-0.153	-0.147	+0.312	+0.182	+0.097	+0.127	+0.149	+0.650	+0.722	-0.201	+0.159	+0.591	-0.019	+0.226	+0.225	+0.212	-0.058	-0.125	+0.209	+0.216	+0.254	+0.188	
rs17737990     +0.634	-0.065	-0.118	-0.134	+0.243	+0.055	+0.256	+0.256	+0.256	+0.255	+0.278	+0.277	+0.279	+0.279	+0.277	+0.277	+0.277	+0.277	+0.277	+0.282	+0.277	+0.286	+0.291	+0.291	+0.291	+0.291	+0.289	+0.284	+0.323	+0.289	+0.250	+0.289	+0.290	+0.290	+0.178	+0.178	+0.279	+0.289	+0.289	+0.178	+0.178	+0.178	+0.292	+0.288	+0.288	+0.288	+0.177	+0.172	+0.200	+0.143	+0.133	+0.176	+0.177	+0.176	+0.176	+0.175	+0.146	+0.174	+0.174	+0.178	+0.173	+0.180	+0.174	+0.174	+0.193	+0.167	+0.175	+0.174	+0.174	+0.172	-0.098	+0.138	+0.158	+0.134	+0.153	+0.125	+0.141	-0.150	+0.128	+0.073	+0.120	+0.128	+0.216	+0.212	-0.215	+0.196	+0.188	+0.157	+0.476	+0.172	+0.208	-0.165	+0.167	+0.175	-0.137	-0.008	-0.240	+0.153	+0.193	-0.159	-0.263	-0.017	+0.324	-0.192	-0.194	+0.150	-0.184	+0.113	-0.085	-0.081	+0.100	-0.160	-0.159	-0.159	-0.040	-0.154	-0.243	-0.212	-0.196	-0.212	-0.212	-0.206	-0.175	-0.156	-0.232	-0.177	-0.257	-0.100	-0.094	+0.102	-0.056	-0.124	+0.099	+0.071	-0.124	-0.245	-0.143	+0.125	+0.128	+0.132	-0.093	-0.024	+0.215	+0.184	+0.202	-0.070	+0.015	+0.115	-0.144	-0.138	+0.322	+0.193	+0.107	+0.137	+0.159	+0.661	+0.732	-0.192	+0.169	+0.602	-0.008	+0.236	+0.236	+0.222	-0.049	-0.115	+0.219	+0.226	+0.264	+0.198	
rs17665364     +0.635	-0.064	-0.118	-0.134	+0.243	+0.055	+0.256	+0.256	+0.256	+0.255	+0.278	+0.277	+0.279	+0.279	+0.277	+0.277	+0.277	+0.277	+0.277	+0.282	+0.277	+0.286	+0.291	+0.291	+0.291	+0.291	+0.289	+0.284	+0.289	+0.323	+0.250	+0.290	+0.290	+0.290	+0.179	+0.179	+0.280	+0.289	+0.289	+0.178	+0.178	+0.178	+0.293	+0.289	+0.288	+0.288	+0.177	+0.173	+0.201	+0.143	+0.134	+0.176	+0.178	+0.177	+0.176	+0.175	+0.147	+0.175	+0.175	+0.178	+0.174	+0.180	+0.175	+0.174	+0.194	+0.168	+0.176	+0.174	+0.174	+0.173	-0.097	+0.138	+0.158	+0.135	+0.153	+0.125	+0.141	-0.150	+0.129	+0.074	+0.120	+0.128	+0.216	+0.212	-0.215	+0.196	+0.188	+0.158	+0.476	+0.172	+0.208	-0.165	+0.167	+0.176	-0.137	-0.008	-0.240	+0.154	+0.193	-0.159	-0.263	-0.017	+0.325	-0.192	-0.194	+0.151	-0.183	+0.114	-0.085	-0.080	+0.101	-0.160	-0.159	-0.159	-0.040	-0.154	-0.243	-0.212	-0.196	-0.212	-0.212	-0.206	-0.175	-0.156	-0.232	-0.177	-0.257	-0.099	-0.094	+0.102	-0.056	-0.123	+0.099	+0.072	-0.123	-0.245	-0.142	+0.126	+0.128	+0.132	-0.093	-0.024	+0.215	+0.184	+0.202	-0.070	+0.015	+0.116	-0.144	-0.138	+0.323	+0.193	+0.107	+0.137	+0.159	+0.661	+0.733	-0.192	+0.169	+0.602	-0.008	+0.237	+0.236	+0.223	-0.049	-0.115	+0.219	+0.226	+0.264	+0.198	
rs115761735    +0.457	-0.232	-0.285	-0.300	+0.154	-0.069	+0.160	+0.160	+0.160	+0.156	+0.223	+0.217	+0.224	+0.224	+0.217	+0.217	+0.217	+0.217	+0.217	+0.232	+0.217	+0.242	+0.254	+0.254	+0.255	+0.255	+0.248	+0.235	+0.250	+0.250	+0.132	+0.251	+0.252	+0.252	+0.010	+0.010	+0.226	+0.251	+0.251	+0.009	+0.009	+0.009	+0.261	+0.250	+0.250	+0.250	+0.008	-0.030	-0.028	-0.040	-0.114	+0.056	+0.049	+0.046	+0.045	+0.044	-0.022	+0.043	+0.042	+0.052	+0.040	+0.055	+0.043	+0.042	+0.084	+0.028	+0.053	+0.050	+0.050	+0.049	-0.277	-0.030	+0.009	-0.038	+0.008	-0.084	+0.006	-0.331	-0.022	-0.169	-0.035	-0.016	+0.122	+0.116	-0.394	+0.095	+0.085	+0.042	+0.330	+0.064	+0.110	-0.337	+0.055	+0.070	-0.305	-0.190	-0.421	-0.044	-0.011	-0.328	-0.426	-0.224	+0.030	-0.363	-0.363	-0.101	-0.346	-0.126	-0.270	-0.268	-0.134	-0.330	-0.329	-0.329	-0.218	-0.323	-0.410	-0.388	-0.367	-0.383	-0.383	-0.378	-0.351	-0.311	-0.406	-0.353	-0.423	-0.265	-0.272	-0.094	-0.233	-0.313	-0.097	-0.126	-0.317	-0.424	-0.317	-0.072	-0.073	-0.114	-0.291	-0.213	+0.012	-0.019	-0.001	-0.265	-0.180	-0.094	-0.320	-0.317	+0.111	-0.017	-0.083	-0.059	-0.038	+0.439	+0.516	-0.361	-0.028	+0.386	-0.221	+0.037	+0.036	+0.023	-0.223	-0.303	+0.019	+0.023	+0.059	-0.004	
rs77985892     +0.635	-0.064	-0.117	-0.133	+0.243	+0.056	+0.256	+0.256	+0.256	+0.255	+0.278	+0.277	+0.278	+0.279	+0.277	+0.277	+0.277	+0.277	+0.277	+0.282	+0.277	+0.286	+0.291	+0.291	+0.291	+0.291	+0.289	+0.284	+0.289	+0.290	+0.251	+0.324	+0.291	+0.291	+0.180	+0.180	+0.281	+0.290	+0.290	+0.180	+0.180	+0.180	+0.294	+0.290	+0.290	+0.290	+0.179	+0.174	+0.204	+0.145	+0.136	+0.177	+0.179	+0.178	+0.177	+0.176	+0.149	+0.176	+0.176	+0.179	+0.175	+0.181	+0.176	+0.176	+0.195	+0.169	+0.177	+0.175	+0.175	+0.174	-0.096	+0.140	+0.160	+0.136	+0.155	+0.127	+0.142	-0.149	+0.130	+0.075	+0.122	+0.129	+0.217	+0.213	-0.214	+0.196	+0.189	+0.158	+0.476	+0.173	+0.209	-0.164	+0.168	+0.176	-0.136	-0.007	-0.239	+0.155	+0.194	-0.158	-0.262	-0.016	+0.326	-0.191	-0.193	+0.152	-0.183	+0.115	-0.084	-0.080	+0.102	-0.159	-0.158	-0.158	-0.039	-0.153	-0.242	-0.211	-0.195	-0.211	-0.211	-0.205	-0.174	-0.155	-0.231	-0.176	-0.256	-0.099	-0.093	+0.103	-0.055	-0.123	+0.100	+0.072	-0.123	-0.244	-0.142	+0.126	+0.129	+0.133	-0.092	-0.023	+0.216	+0.185	+0.203	-0.069	+0.016	+0.116	-0.143	-0.137	+0.324	+0.194	+0.108	+0.138	+0.160	+0.662	+0.733	-0.192	+0.170	+0.603	-0.007	+0.237	+0.237	+0.223	-0.048	-0.114	+0.220	+0.227	+0.265	+0.199	
