## Summary of overall evidence for association with region:
## log10(BF for region) = -0.449689
## p-value for region = NA

## BFs for choosing among multi-SNP models:
## log10(average 1-SNP BF) = -0.381992
## log10(average 2-SNP BF) = -0.628415

## Example posterior probabilities for multi-SNP models, based on default prior: [p(l) propto 0.5^l for l=1,2,...,L]
## posterior probability of 1-SNP = 0.779122
## posterior probability of 2-SNP = 0.220878

## log10(BF) for single SNP and pair of SNPs:
rs10764979     -0.126	+0.117	-0.474	-0.505	-0.462	-0.309	-0.485	-0.499	-0.640	-0.630	-0.631	-0.631	-0.631	-0.632	-0.622	-0.607	-0.607	-0.627	-0.543	-0.526	-0.550	-0.533	-0.462	-0.303	-0.353	-0.359	-0.339	-0.382	-0.492	-0.497	-0.176	-0.622	-0.269	-0.516	-0.499	-0.517	-0.516	-0.510	-0.470	-0.484	-0.539	-0.496	-0.506	-0.525	-0.502	-0.450	-0.498	-0.495	-0.618	-0.330	-0.206	-0.214	-0.385	-0.476	-0.391	-0.466	-0.462	-0.451	-0.239	-0.239	-0.158	-0.415	-0.584	-0.377	-0.402	-0.384	-0.264	-0.251	-0.259	-0.277	-0.289	-0.551	-0.247	-0.241	-0.381	-0.381	-0.249	-0.247	-0.390	-0.241	-0.254	-0.254	-0.268	-0.385	-0.572	-0.279	-0.267	-0.279	-0.267	-0.267	-0.267	-0.267	-0.266	-0.266	-0.265	-0.265	-0.259	-0.265	-0.264	-0.264	-0.397	-0.378	-0.371	-0.263	-0.391	-0.385	-0.395	-0.387	-0.555	-0.574	-0.555	-0.378	-0.281	-0.275	-0.585	-0.584	-0.637	-0.577	-0.561	-0.571	-0.566	-0.389	-0.604	-0.508	-0.509	-0.333	-0.445	-0.442	-0.558	-0.344	-0.534	-0.427	-0.593	-0.530	-0.580	-0.463	-0.451	-0.459	-0.269	-0.443	-0.454	-0.439	-0.624	-0.319	-0.593	-0.460	-0.623	-0.625	-0.629	-0.499	
rs1006217      +0.117	+0.499	+0.021	-0.003	+0.050	+0.089	-0.012	-0.020	-0.071	-0.031	-0.035	-0.035	-0.038	-0.044	-0.018	-0.009	-0.010	-0.034	+0.007	+0.020	-0.000	+0.014	+0.075	+0.227	+0.197	+0.190	+0.213	+0.162	+0.101	+0.075	+0.341	-0.056	+0.308	+0.073	+0.091	+0.072	+0.073	+0.079	+0.123	+0.108	+0.049	+0.095	+0.084	+0.063	+0.088	+0.123	+0.092	+0.095	-0.044	+0.240	+0.381	+0.373	+0.195	+0.096	+0.189	+0.102	+0.106	+0.117	+0.347	+0.347	+0.432	+0.158	-0.016	+0.196	+0.171	+0.189	+0.312	+0.325	+0.318	+0.298	+0.286	+0.025	+0.330	+0.336	+0.192	+0.192	+0.328	+0.336	+0.182	+0.336	+0.323	+0.323	+0.308	+0.188	+0.004	+0.296	+0.309	+0.296	+0.309	+0.309	+0.309	+0.309	+0.309	+0.310	+0.311	+0.311	+0.317	+0.311	+0.312	+0.312	+0.176	+0.195	+0.201	+0.313	+0.181	+0.188	+0.177	+0.186	+0.025	-0.000	+0.025	+0.195	+0.294	+0.301	-0.025	-0.025	-0.070	-0.019	+0.013	-0.008	-0.004	+0.188	-0.038	+0.065	+0.062	+0.246	+0.131	+0.133	+0.026	+0.234	+0.052	+0.132	-0.016	+0.038	-0.012	+0.114	+0.127	+0.119	+0.291	+0.135	+0.119	+0.139	-0.057	+0.240	-0.027	+0.115	-0.058	-0.060	-0.062	+0.071	
rs1006218      -0.474	+0.021	-0.246	-0.426	-0.579	-0.444	-0.654	-0.664	-0.757	-0.734	-0.736	-0.736	-0.737	-0.741	-0.723	-0.706	-0.706	-0.733	-0.662	-0.646	-0.669	-0.653	-0.582	-0.425	-0.474	-0.481	-0.461	-0.501	-0.615	-0.618	-0.332	-0.735	-0.364	-0.625	-0.608	-0.626	-0.625	-0.619	-0.578	-0.593	-0.649	-0.605	-0.614	-0.634	-0.611	-0.564	-0.607	-0.604	-0.730	-0.441	-0.304	-0.312	-0.498	-0.590	-0.504	-0.575	-0.571	-0.560	-0.338	-0.338	-0.254	-0.523	-0.699	-0.483	-0.509	-0.490	-0.386	-0.373	-0.381	-0.400	-0.411	-0.664	-0.370	-0.364	-0.486	-0.486	-0.372	-0.346	-0.496	-0.364	-0.377	-0.377	-0.391	-0.491	-0.685	-0.402	-0.390	-0.402	-0.390	-0.390	-0.389	-0.389	-0.389	-0.389	-0.388	-0.388	-0.382	-0.387	-0.387	-0.386	-0.503	-0.484	-0.477	-0.386	-0.497	-0.491	-0.501	-0.493	-0.668	-0.687	-0.668	-0.483	-0.403	-0.398	-0.697	-0.697	-0.751	-0.689	-0.675	-0.683	-0.678	-0.505	-0.718	-0.621	-0.623	-0.451	-0.558	-0.556	-0.663	-0.462	-0.638	-0.544	-0.701	-0.645	-0.688	-0.570	-0.557	-0.565	-0.386	-0.549	-0.568	-0.545	-0.736	-0.457	-0.707	-0.580	-0.737	-0.738	-0.740	-0.614	
rs10741228     -0.505	-0.003	-0.426	-0.307	-0.618	-0.483	-0.713	-0.724	-0.815	-0.791	-0.793	-0.793	-0.794	-0.798	-0.781	-0.763	-0.763	-0.790	-0.722	-0.706	-0.729	-0.713	-0.643	-0.489	-0.535	-0.541	-0.521	-0.559	-0.673	-0.676	-0.393	-0.792	-0.422	-0.680	-0.663	-0.682	-0.681	-0.675	-0.633	-0.648	-0.705	-0.660	-0.670	-0.690	-0.666	-0.622	-0.662	-0.659	-0.786	-0.498	-0.362	-0.370	-0.557	-0.648	-0.563	-0.633	-0.629	-0.617	-0.396	-0.396	-0.313	-0.581	-0.757	-0.541	-0.567	-0.548	-0.446	-0.433	-0.440	-0.459	-0.470	-0.723	-0.429	-0.424	-0.544	-0.544	-0.431	-0.405	-0.554	-0.423	-0.436	-0.436	-0.450	-0.549	-0.742	-0.461	-0.449	-0.461	-0.449	-0.449	-0.449	-0.449	-0.449	-0.448	-0.448	-0.447	-0.441	-0.447	-0.446	-0.446	-0.561	-0.542	-0.535	-0.445	-0.555	-0.549	-0.559	-0.551	-0.724	-0.746	-0.724	-0.541	-0.463	-0.457	-0.756	-0.756	-0.808	-0.749	-0.732	-0.742	-0.737	-0.563	-0.776	-0.679	-0.681	-0.509	-0.616	-0.614	-0.721	-0.520	-0.696	-0.604	-0.759	-0.703	-0.746	-0.628	-0.615	-0.623	-0.446	-0.607	-0.627	-0.603	-0.794	-0.514	-0.765	-0.638	-0.795	-0.796	-0.798	-0.673	
rs10764990     -0.462	+0.050	-0.579	-0.618	-0.274	-0.469	-0.694	-0.704	-0.779	-0.751	-0.753	-0.753	-0.755	-0.761	-0.738	-0.709	-0.710	-0.750	-0.700	-0.686	-0.706	-0.692	-0.629	-0.498	-0.533	-0.538	-0.519	-0.565	-0.646	-0.643	-0.319	-0.762	-0.340	-0.653	-0.637	-0.655	-0.654	-0.648	-0.607	-0.622	-0.678	-0.634	-0.643	-0.663	-0.639	-0.590	-0.636	-0.633	-0.758	-0.458	-0.314	-0.323	-0.530	-0.616	-0.535	-0.590	-0.586	-0.573	-0.349	-0.349	-0.263	-0.543	-0.727	-0.501	-0.530	-0.508	-0.436	-0.424	-0.431	-0.449	-0.460	-0.698	-0.420	-0.415	-0.505	-0.505	-0.422	-0.358	-0.515	-0.414	-0.427	-0.427	-0.440	-0.509	-0.713	-0.451	-0.439	-0.451	-0.439	-0.439	-0.439	-0.439	-0.439	-0.438	-0.438	-0.437	-0.432	-0.437	-0.437	-0.436	-0.522	-0.502	-0.495	-0.436	-0.516	-0.509	-0.521	-0.511	-0.697	-0.720	-0.697	-0.502	-0.452	-0.442	-0.719	-0.719	-0.776	-0.710	-0.702	-0.707	-0.701	-0.532	-0.744	-0.647	-0.649	-0.480	-0.584	-0.582	-0.677	-0.491	-0.650	-0.575	-0.719	-0.671	-0.707	-0.592	-0.579	-0.587	-0.410	-0.570	-0.595	-0.566	-0.761	-0.500	-0.734	-0.613	-0.763	-0.761	-0.760	-0.642	
rs1926435      -0.309	+0.089	-0.444	-0.483	-0.469	-0.098	-0.521	-0.531	-0.621	-0.591	-0.593	-0.594	-0.595	-0.600	-0.579	-0.572	-0.572	-0.591	-0.535	-0.521	-0.542	-0.527	-0.465	-0.336	-0.352	-0.358	-0.337	-0.394	-0.474	-0.481	-0.218	-0.597	-0.215	-0.474	-0.457	-0.475	-0.474	-0.468	-0.425	-0.440	-0.503	-0.453	-0.463	-0.484	-0.459	-0.427	-0.455	-0.452	-0.588	-0.301	-0.158	-0.167	-0.364	-0.453	-0.370	-0.433	-0.428	-0.417	-0.193	-0.193	-0.107	-0.384	-0.563	-0.343	-0.371	-0.350	-0.249	-0.237	-0.243	-0.263	-0.274	-0.529	-0.232	-0.226	-0.347	-0.347	-0.233	-0.202	-0.357	-0.226	-0.239	-0.239	-0.253	-0.351	-0.539	-0.264	-0.252	-0.264	-0.252	-0.252	-0.252	-0.251	-0.251	-0.251	-0.250	-0.250	-0.244	-0.249	-0.249	-0.248	-0.364	-0.344	-0.337	-0.248	-0.358	-0.351	-0.362	-0.353	-0.517	-0.552	-0.517	-0.344	-0.266	-0.252	-0.570	-0.570	-0.614	-0.564	-0.532	-0.554	-0.550	-0.367	-0.582	-0.482	-0.485	-0.313	-0.420	-0.418	-0.520	-0.324	-0.493	-0.413	-0.561	-0.509	-0.552	-0.432	-0.419	-0.427	-0.265	-0.410	-0.431	-0.406	-0.601	-0.328	-0.571	-0.441	-0.602	-0.603	-0.605	-0.479	
rs35748949     -0.485	-0.012	-0.654	-0.713	-0.694	-0.521	-0.581	-0.747	-0.884	-0.840	-0.848	-0.850	-0.857	-0.875	-0.824	-0.893	-0.894	-0.852	-0.993	-0.980	-1.000	-0.986	-0.924	-0.790	-0.804	-0.811	-0.789	-0.812	-0.927	-0.939	-0.714	-1.052	-0.700	-0.918	-0.900	-0.920	-0.919	-0.912	-0.868	-0.883	-0.946	-0.896	-0.907	-0.929	-0.903	-0.885	-0.899	-0.896	-1.036	-0.780	-0.653	-0.660	-0.831	-0.912	-0.836	-0.896	-0.891	-0.881	-0.684	-0.684	-0.605	-0.855	-1.020	-0.820	-0.844	-0.826	-0.725	-0.713	-0.720	-0.738	-0.749	-0.988	-0.709	-0.703	-0.823	-0.823	-0.710	-0.692	-0.832	-0.703	-0.716	-0.716	-0.729	-0.827	-0.995	-0.740	-0.728	-0.740	-0.728	-0.728	-0.728	-0.728	-0.728	-0.727	-0.727	-0.726	-0.721	-0.726	-0.725	-0.725	-0.839	-0.821	-0.815	-0.724	-0.834	-0.828	-0.837	-0.829	-0.974	-1.011	-0.974	-0.821	-0.741	-0.729	-1.029	-1.029	-1.070	-1.025	-0.990	-1.012	-1.009	-0.822	-1.039	-0.939	-0.942	-0.762	-0.880	-0.878	-0.985	-0.774	-0.959	-0.880	-1.022	-0.967	-1.012	-0.893	-0.880	-0.888	-0.731	-0.872	-0.890	-0.868	-1.058	-0.774	-1.028	-0.898	-1.058	-1.060	-1.062	-0.936	
rs7099958      -0.499	-0.020	-0.664	-0.724	-0.704	-0.531	-0.747	-0.589	-0.893	-0.850	-0.858	-0.859	-0.867	-0.884	-0.834	-0.903	-0.903	-0.862	-1.000	-0.988	-1.007	-0.994	-0.931	-0.796	-0.811	-0.817	-0.795	-0.820	-0.935	-0.947	-0.720	-1.060	-0.708	-0.927	-0.909	-0.929	-0.928	-0.921	-0.877	-0.892	-0.954	-0.905	-0.916	-0.938	-0.912	-0.893	-0.908	-0.905	-1.045	-0.788	-0.661	-0.669	-0.839	-0.920	-0.844	-0.904	-0.900	-0.889	-0.693	-0.692	-0.614	-0.864	-1.028	-0.829	-0.852	-0.835	-0.734	-0.722	-0.728	-0.746	-0.757	-0.997	-0.717	-0.712	-0.832	-0.832	-0.719	-0.700	-0.841	-0.711	-0.724	-0.724	-0.738	-0.836	-1.003	-0.749	-0.737	-0.749	-0.737	-0.736	-0.736	-0.736	-0.736	-0.735	-0.735	-0.735	-0.729	-0.734	-0.734	-0.733	-0.847	-0.829	-0.823	-0.733	-0.842	-0.836	-0.845	-0.838	-0.982	-1.020	-0.982	-0.829	-0.750	-0.737	-1.037	-1.037	-1.078	-1.033	-0.998	-1.020	-1.017	-0.830	-1.047	-0.947	-0.950	-0.770	-0.888	-0.886	-0.993	-0.782	-0.968	-0.888	-1.030	-0.975	-1.020	-0.901	-0.888	-0.896	-0.739	-0.880	-0.898	-0.876	-1.066	-0.782	-1.036	-0.906	-1.066	-1.068	-1.070	-0.945	
rs1926434      -0.640	-0.071	-0.757	-0.815	-0.779	-0.621	-0.884	-0.893	-0.649	-0.884	-0.890	-0.891	-0.897	-0.908	-0.873	-0.942	-0.942	-0.893	-1.040	-1.025	-1.048	-1.031	-0.960	-0.801	-0.838	-0.845	-0.821	-0.875	-0.990	-1.003	-0.756	-1.119	-0.773	-0.989	-0.971	-0.990	-0.990	-0.983	-0.939	-0.954	-1.016	-0.967	-0.978	-0.999	-0.974	-0.951	-0.970	-0.967	-1.104	-0.846	-0.724	-0.732	-0.898	-0.977	-0.903	-0.962	-0.958	-0.948	-0.755	-0.755	-0.678	-0.923	-1.085	-0.889	-0.911	-0.894	-0.793	-0.782	-0.788	-0.806	-0.817	-1.054	-0.777	-0.771	-0.892	-0.891	-0.778	-0.763	-0.900	-0.771	-0.783	-0.783	-0.797	-0.895	-1.060	-0.808	-0.796	-0.808	-0.796	-0.795	-0.795	-0.795	-0.795	-0.794	-0.794	-0.794	-0.788	-0.793	-0.793	-0.792	-0.907	-0.889	-0.883	-0.792	-0.902	-0.896	-0.905	-0.897	-1.039	-1.077	-1.039	-0.889	-0.809	-0.800	-1.094	-1.094	-1.134	-1.090	-1.054	-1.077	-1.075	-0.886	-1.104	-1.004	-1.007	-0.825	-0.945	-0.943	-1.052	-0.837	-1.027	-0.945	-1.089	-1.032	-1.077	-0.958	-0.945	-0.953	-0.795	-0.936	-0.955	-0.932	-1.123	-0.836	-1.093	-0.962	-1.122	-1.125	-1.128	-1.001	
rs67989516     -0.630	-0.031	-0.734	-0.791	-0.751	-0.591	-0.840	-0.850	-0.884	-0.615	-0.750	-0.750	-0.747	-0.732	-0.761	-0.895	-0.896	-0.782	-0.994	-0.976	-1.002	-0.983	-0.905	-0.729	-0.783	-0.790	-0.766	-0.825	-0.961	-0.971	-0.719	-1.086	-0.743	-0.954	-0.936	-0.956	-0.955	-0.949	-0.905	-0.920	-0.982	-0.933	-0.943	-0.965	-0.939	-0.917	-0.935	-0.932	-1.070	-0.813	-0.692	-0.700	-0.864	-0.944	-0.869	-0.930	-0.926	-0.916	-0.723	-0.723	-0.646	-0.890	-1.051	-0.856	-0.878	-0.862	-0.757	-0.746	-0.752	-0.770	-0.780	-1.019	-0.740	-0.735	-0.859	-0.859	-0.742	-0.731	-0.868	-0.734	-0.747	-0.747	-0.760	-0.863	-1.026	-0.771	-0.759	-0.771	-0.759	-0.759	-0.759	-0.759	-0.759	-0.758	-0.758	-0.757	-0.752	-0.757	-0.756	-0.756	-0.874	-0.857	-0.851	-0.756	-0.869	-0.863	-0.872	-0.865	-1.004	-1.042	-1.004	-0.857	-0.772	-0.765	-1.062	-1.062	-1.101	-1.057	-1.020	-1.044	-1.042	-0.852	-1.071	-0.971	-0.974	-0.790	-0.911	-0.909	-1.020	-0.802	-0.995	-0.912	-1.056	-0.999	-1.044	-0.925	-0.912	-0.920	-0.762	-0.904	-0.921	-0.900	-1.089	-0.798	-1.059	-0.928	-1.088	-1.092	-1.095	-0.967	
rs66624086     -0.631	-0.035	-0.736	-0.793	-0.753	-0.593	-0.848	-0.858	-0.890	-0.750	-0.618	-0.753	-0.752	-0.743	-0.758	-0.895	-0.896	-0.784	-0.997	-0.980	-1.006	-0.987	-0.909	-0.734	-0.787	-0.794	-0.770	-0.828	-0.963	-0.973	-0.722	-1.089	-0.746	-0.957	-0.939	-0.959	-0.958	-0.951	-0.908	-0.923	-0.985	-0.936	-0.946	-0.968	-0.942	-0.920	-0.938	-0.935	-1.073	-0.816	-0.695	-0.702	-0.867	-0.947	-0.872	-0.933	-0.929	-0.919	-0.726	-0.726	-0.648	-0.893	-1.054	-0.859	-0.881	-0.865	-0.760	-0.748	-0.755	-0.773	-0.783	-1.022	-0.743	-0.738	-0.862	-0.862	-0.744	-0.733	-0.870	-0.737	-0.750	-0.750	-0.763	-0.866	-1.029	-0.774	-0.762	-0.774	-0.762	-0.762	-0.762	-0.762	-0.762	-0.761	-0.761	-0.760	-0.754	-0.760	-0.759	-0.759	-0.877	-0.859	-0.853	-0.758	-0.872	-0.866	-0.875	-0.868	-1.007	-1.045	-1.007	-0.859	-0.775	-0.768	-1.065	-1.064	-1.104	-1.060	-1.023	-1.047	-1.045	-0.855	-1.074	-0.973	-0.976	-0.793	-0.914	-0.912	-1.022	-0.805	-0.997	-0.915	-1.059	-1.002	-1.047	-0.928	-0.915	-0.923	-0.765	-0.907	-0.924	-0.903	-1.092	-0.801	-1.062	-0.930	-1.091	-1.095	-1.098	-0.970	
rs35307486     -0.631	-0.035	-0.736	-0.793	-0.753	-0.594	-0.850	-0.859	-0.891	-0.750	-0.753	-0.618	-0.752	-0.744	-0.756	-0.895	-0.895	-0.784	-0.998	-0.980	-1.006	-0.988	-0.910	-0.735	-0.787	-0.794	-0.771	-0.829	-0.964	-0.974	-0.723	-1.089	-0.746	-0.957	-0.939	-0.959	-0.958	-0.952	-0.908	-0.923	-0.985	-0.936	-0.947	-0.968	-0.943	-0.921	-0.938	-0.935	-1.073	-0.816	-0.695	-0.703	-0.867	-0.947	-0.872	-0.933	-0.929	-0.919	-0.726	-0.726	-0.649	-0.893	-1.054	-0.859	-0.881	-0.865	-0.761	-0.749	-0.755	-0.773	-0.784	-1.022	-0.743	-0.738	-0.862	-0.862	-0.745	-0.734	-0.871	-0.737	-0.750	-0.750	-0.763	-0.866	-1.029	-0.775	-0.763	-0.775	-0.762	-0.762	-0.762	-0.762	-0.762	-0.761	-0.761	-0.760	-0.755	-0.760	-0.760	-0.759	-0.877	-0.860	-0.854	-0.759	-0.872	-0.866	-0.875	-0.868	-1.007	-1.045	-1.007	-0.860	-0.776	-0.768	-1.065	-1.065	-1.104	-1.060	-1.023	-1.047	-1.045	-0.856	-1.074	-0.974	-0.977	-0.793	-0.914	-0.913	-1.023	-0.805	-0.998	-0.915	-1.059	-1.002	-1.047	-0.928	-0.915	-0.923	-0.765	-0.907	-0.924	-0.903	-1.093	-0.802	-1.062	-0.931	-1.091	-1.095	-1.098	-0.970	
rs34445471     -0.631	-0.038	-0.737	-0.794	-0.755	-0.595	-0.857	-0.867	-0.897	-0.747	-0.752	-0.752	-0.620	-0.753	-0.748	-0.894	-0.894	-0.784	-1.000	-0.983	-1.009	-0.990	-0.913	-0.739	-0.791	-0.798	-0.774	-0.832	-0.965	-0.976	-0.725	-1.091	-0.748	-0.959	-0.942	-0.961	-0.960	-0.954	-0.910	-0.925	-0.987	-0.938	-0.949	-0.970	-0.945	-0.923	-0.940	-0.937	-1.075	-0.818	-0.697	-0.705	-0.869	-0.949	-0.874	-0.935	-0.931	-0.921	-0.728	-0.728	-0.651	-0.895	-1.056	-0.861	-0.884	-0.867	-0.763	-0.751	-0.758	-0.775	-0.786	-1.024	-0.746	-0.740	-0.864	-0.864	-0.747	-0.736	-0.873	-0.740	-0.752	-0.752	-0.766	-0.868	-1.031	-0.777	-0.765	-0.777	-0.765	-0.764	-0.764	-0.764	-0.764	-0.764	-0.763	-0.763	-0.757	-0.762	-0.762	-0.761	-0.879	-0.862	-0.856	-0.761	-0.874	-0.868	-0.877	-0.870	-1.009	-1.048	-1.009	-0.862	-0.778	-0.771	-1.067	-1.067	-1.106	-1.062	-1.026	-1.049	-1.047	-0.858	-1.076	-0.976	-0.979	-0.796	-0.916	-0.915	-1.025	-0.808	-1.000	-0.917	-1.061	-1.004	-1.049	-0.930	-0.917	-0.926	-0.767	-0.909	-0.926	-0.905	-1.095	-0.804	-1.064	-0.933	-1.093	-1.097	-1.100	-0.973	
rs34946334     -0.632	-0.044	-0.741	-0.798	-0.761	-0.600	-0.875	-0.884	-0.908	-0.732	-0.743	-0.744	-0.753	-0.626	-0.728	-0.892	-0.892	-0.783	-1.008	-0.991	-1.017	-0.998	-0.922	-0.750	-0.800	-0.807	-0.783	-0.839	-0.971	-0.982	-0.732	-1.097	-0.753	-0.965	-0.947	-0.967	-0.966	-0.959	-0.916	-0.931	-0.993	-0.944	-0.954	-0.976	-0.950	-0.929	-0.946	-0.943	-1.081	-0.824	-0.702	-0.710	-0.875	-0.955	-0.880	-0.941	-0.937	-0.926	-0.734	-0.733	-0.656	-0.901	-1.062	-0.867	-0.889	-0.873	-0.769	-0.757	-0.764	-0.781	-0.792	-1.030	-0.752	-0.746	-0.870	-0.870	-0.753	-0.741	-0.878	-0.746	-0.758	-0.758	-0.772	-0.874	-1.037	-0.783	-0.771	-0.783	-0.771	-0.771	-0.771	-0.770	-0.770	-0.770	-0.769	-0.769	-0.763	-0.768	-0.768	-0.767	-0.885	-0.867	-0.861	-0.767	-0.880	-0.874	-0.883	-0.876	-1.015	-1.053	-1.015	-0.867	-0.784	-0.776	-1.073	-1.073	-1.112	-1.068	-1.032	-1.055	-1.053	-0.864	-1.082	-0.982	-0.985	-0.802	-0.922	-0.921	-1.030	-0.814	-1.005	-0.923	-1.067	-1.010	-1.055	-0.936	-0.923	-0.931	-0.773	-0.915	-0.932	-0.911	-1.101	-0.810	-1.070	-0.939	-1.099	-1.103	-1.106	-0.978	
rs35167132     -0.622	-0.018	-0.723	-0.781	-0.738	-0.579	-0.824	-0.834	-0.873	-0.761	-0.758	-0.756	-0.748	-0.728	-0.602	-0.884	-0.884	-0.768	-0.979	-0.961	-0.988	-0.968	-0.889	-0.710	-0.766	-0.773	-0.750	-0.810	-0.949	-0.958	-0.706	-1.074	-0.732	-0.942	-0.924	-0.944	-0.943	-0.936	-0.892	-0.907	-0.969	-0.920	-0.931	-0.952	-0.927	-0.905	-0.923	-0.920	-1.057	-0.801	-0.680	-0.687	-0.851	-0.931	-0.856	-0.918	-0.914	-0.904	-0.711	-0.711	-0.633	-0.877	-1.039	-0.844	-0.866	-0.850	-0.745	-0.733	-0.740	-0.757	-0.768	-1.007	-0.728	-0.722	-0.847	-0.847	-0.729	-0.719	-0.855	-0.722	-0.735	-0.735	-0.748	-0.851	-1.013	-0.759	-0.747	-0.759	-0.747	-0.747	-0.747	-0.746	-0.746	-0.746	-0.745	-0.745	-0.739	-0.745	-0.744	-0.744	-0.862	-0.844	-0.838	-0.743	-0.857	-0.851	-0.860	-0.853	-0.992	-1.030	-0.991	-0.844	-0.760	-0.753	-1.049	-1.049	-1.088	-1.045	-1.008	-1.032	-1.030	-0.840	-1.059	-0.958	-0.961	-0.777	-0.898	-0.897	-1.007	-0.789	-0.982	-0.899	-1.043	-0.986	-1.032	-0.913	-0.900	-0.908	-0.749	-0.892	-0.908	-0.887	-1.077	-0.785	-1.047	-0.914	-1.075	-1.079	-1.083	-0.955	
rs34562406     -0.607	-0.009	-0.706	-0.763	-0.709	-0.572	-0.893	-0.903	-0.942	-0.895	-0.895	-0.895	-0.894	-0.892	-0.884	-0.581	-0.713	-0.886	-0.963	-0.945	-0.972	-0.953	-0.875	-0.700	-0.751	-0.758	-0.734	-0.792	-0.931	-0.939	-0.701	-1.052	-0.711	-0.926	-0.908	-0.927	-0.926	-0.920	-0.876	-0.892	-0.953	-0.904	-0.915	-0.936	-0.911	-0.885	-0.907	-0.904	-1.040	-0.781	-0.660	-0.668	-0.829	-0.912	-0.835	-0.900	-0.896	-0.886	-0.692	-0.691	-0.614	-0.858	-1.018	-0.824	-0.847	-0.830	-0.718	-0.706	-0.713	-0.731	-0.742	-0.985	-0.701	-0.696	-0.827	-0.827	-0.703	-0.699	-0.836	-0.695	-0.708	-0.708	-0.721	-0.831	-0.995	-0.733	-0.721	-0.733	-0.720	-0.720	-0.720	-0.720	-0.720	-0.719	-0.719	-0.718	-0.713	-0.718	-0.718	-0.717	-0.842	-0.825	-0.819	-0.717	-0.837	-0.832	-0.841	-0.833	-0.974	-1.008	-0.973	-0.825	-0.734	-0.728	-1.030	-1.030	-1.069	-1.025	-0.990	-1.012	-1.010	-0.818	-1.039	-0.940	-0.942	-0.754	-0.879	-0.878	-0.990	-0.766	-0.965	-0.879	-1.025	-0.967	-1.013	-0.894	-0.881	-0.889	-0.730	-0.873	-0.889	-0.869	-1.057	-0.760	-1.027	-0.885	-1.055	-1.060	-1.064	-0.935	
rs34481037     -0.607	-0.010	-0.706	-0.763	-0.710	-0.572	-0.894	-0.903	-0.942	-0.896	-0.896	-0.895	-0.894	-0.892	-0.884	-0.713	-0.582	-0.887	-0.964	-0.946	-0.972	-0.953	-0.876	-0.701	-0.752	-0.758	-0.735	-0.793	-0.931	-0.939	-0.701	-1.053	-0.712	-0.926	-0.908	-0.928	-0.927	-0.920	-0.877	-0.892	-0.953	-0.904	-0.915	-0.936	-0.911	-0.886	-0.907	-0.904	-1.040	-0.781	-0.661	-0.668	-0.830	-0.912	-0.835	-0.901	-0.897	-0.887	-0.692	-0.692	-0.614	-0.858	-1.018	-0.825	-0.847	-0.831	-0.719	-0.707	-0.713	-0.731	-0.742	-0.985	-0.701	-0.696	-0.828	-0.828	-0.703	-0.699	-0.836	-0.695	-0.708	-0.708	-0.722	-0.832	-0.995	-0.733	-0.721	-0.733	-0.721	-0.721	-0.721	-0.720	-0.720	-0.720	-0.719	-0.719	-0.713	-0.719	-0.718	-0.718	-0.843	-0.825	-0.819	-0.717	-0.838	-0.832	-0.841	-0.833	-0.974	-1.009	-0.974	-0.825	-0.734	-0.728	-1.030	-1.030	-1.069	-1.025	-0.990	-1.012	-1.010	-0.818	-1.039	-0.940	-0.943	-0.754	-0.880	-0.878	-0.990	-0.766	-0.966	-0.879	-1.026	-0.967	-1.013	-0.894	-0.881	-0.889	-0.730	-0.873	-0.889	-0.869	-1.058	-0.761	-1.028	-0.885	-1.055	-1.060	-1.064	-0.936	
rs11017827     -0.627	-0.034	-0.733	-0.790	-0.750	-0.591	-0.852	-0.862	-0.893	-0.782	-0.784	-0.784	-0.784	-0.783	-0.768	-0.886	-0.887	-0.615	-0.993	-0.975	-1.002	-0.983	-0.904	-0.727	-0.781	-0.788	-0.764	-0.824	-0.961	-0.971	-0.721	-1.087	-0.745	-0.956	-0.938	-0.957	-0.957	-0.950	-0.906	-0.921	-0.983	-0.934	-0.945	-0.966	-0.941	-0.918	-0.936	-0.934	-1.071	-0.815	-0.694	-0.702	-0.864	-0.945	-0.869	-0.931	-0.927	-0.917	-0.725	-0.725	-0.648	-0.891	-1.051	-0.857	-0.880	-0.863	-0.758	-0.746	-0.753	-0.770	-0.781	-1.019	-0.741	-0.735	-0.860	-0.860	-0.742	-0.733	-0.869	-0.735	-0.748	-0.748	-0.761	-0.864	-1.027	-0.772	-0.760	-0.772	-0.760	-0.760	-0.760	-0.760	-0.759	-0.759	-0.758	-0.758	-0.752	-0.758	-0.757	-0.757	-0.875	-0.858	-0.852	-0.756	-0.870	-0.865	-0.874	-0.866	-1.005	-1.042	-1.005	-0.858	-0.773	-0.766	-1.062	-1.062	-1.102	-1.058	-1.021	-1.045	-1.043	-0.852	-1.071	-0.971	-0.974	-0.790	-0.912	-0.910	-1.021	-0.802	-0.996	-0.912	-1.057	-1.000	-1.045	-0.926	-0.913	-0.921	-0.762	-0.905	-0.921	-0.900	-1.090	-0.799	-1.060	-0.928	-1.089	-1.092	-1.096	-0.968	
rs7081616      -0.543	+0.007	-0.662	-0.722	-0.700	-0.535	-0.993	-1.000	-1.040	-0.994	-0.997	-0.998	-1.000	-1.008	-0.979	-0.963	-0.964	-0.993	-0.560	-0.686	-0.715	-0.699	-0.676	-0.420	-0.608	-0.620	-0.608	-0.807	-0.909	-0.918	-0.660	-1.035	-0.649	-0.898	-0.880	-0.900	-0.899	-0.892	-0.847	-0.863	-0.926	-0.876	-0.887	-0.909	-0.883	-0.866	-0.878	-0.875	-1.018	-0.738	-0.606	-0.614	-0.813	-0.892	-0.818	-0.864	-0.859	-0.848	-0.640	-0.639	-0.556	-0.824	-1.000	-0.784	-0.811	-0.791	-0.710	-0.698	-0.704	-0.722	-0.733	-0.977	-0.693	-0.688	-0.788	-0.788	-0.695	-0.649	-0.798	-0.687	-0.700	-0.700	-0.713	-0.793	-0.975	-0.724	-0.712	-0.724	-0.712	-0.712	-0.712	-0.712	-0.712	-0.711	-0.711	-0.710	-0.705	-0.710	-0.710	-0.709	-0.805	-0.786	-0.779	-0.709	-0.800	-0.793	-0.803	-0.795	-0.953	-0.999	-0.953	-0.786	-0.725	-0.717	-1.010	-1.010	-1.047	-1.006	-0.969	-0.993	-0.990	-0.804	-1.020	-0.919	-0.922	-0.744	-0.860	-0.858	-0.958	-0.756	-0.932	-0.860	-0.998	-0.947	-0.989	-0.867	-0.854	-0.863	-0.713	-0.846	-0.871	-0.841	-1.038	-0.760	-1.008	-0.878	-1.039	-1.040	-1.042	-0.919	
rs11017874     -0.526	+0.020	-0.646	-0.706	-0.686	-0.521	-0.980	-0.988	-1.025	-0.976	-0.980	-0.980	-0.983	-0.991	-0.961	-0.945	-0.946	-0.975	-0.686	-0.545	-0.659	-0.680	-0.693	-0.468	-0.628	-0.639	-0.628	-0.795	-0.896	-0.903	-0.643	-1.021	-0.629	-0.883	-0.865	-0.885	-0.884	-0.877	-0.832	-0.848	-0.911	-0.861	-0.872	-0.894	-0.868	-0.851	-0.863	-0.860	-1.004	-0.720	-0.587	-0.595	-0.798	-0.878	-0.803	-0.848	-0.843	-0.832	-0.621	-0.621	-0.536	-0.808	-0.986	-0.767	-0.795	-0.774	-0.696	-0.684	-0.691	-0.708	-0.719	-0.966	-0.679	-0.674	-0.771	-0.771	-0.681	-0.630	-0.781	-0.674	-0.686	-0.686	-0.699	-0.776	-0.961	-0.710	-0.699	-0.710	-0.698	-0.698	-0.698	-0.698	-0.698	-0.697	-0.697	-0.696	-0.691	-0.696	-0.696	-0.695	-0.789	-0.769	-0.762	-0.695	-0.783	-0.776	-0.787	-0.778	-0.939	-0.986	-0.939	-0.769	-0.712	-0.704	-0.996	-0.996	-1.033	-0.992	-0.955	-0.979	-0.976	-0.790	-1.006	-0.904	-0.908	-0.731	-0.846	-0.844	-0.943	-0.742	-0.916	-0.846	-0.983	-0.933	-0.974	-0.852	-0.839	-0.847	-0.700	-0.830	-0.857	-0.826	-1.024	-0.748	-0.994	-0.864	-1.025	-1.026	-1.028	-0.905	
rs11017876     -0.550	-0.000	-0.669	-0.729	-0.706	-0.542	-1.000	-1.007	-1.048	-1.002	-1.006	-1.006	-1.009	-1.017	-0.988	-0.972	-0.972	-1.002	-0.715	-0.659	-0.568	-0.676	-0.662	-0.388	-0.597	-0.610	-0.601	-0.814	-0.916	-0.925	-0.668	-1.042	-0.658	-0.905	-0.887	-0.907	-0.906	-0.899	-0.855	-0.870	-0.933	-0.883	-0.894	-0.916	-0.890	-0.873	-0.886	-0.883	-1.025	-0.746	-0.615	-0.623	-0.820	-0.899	-0.825	-0.872	-0.868	-0.856	-0.649	-0.648	-0.565	-0.832	-1.007	-0.793	-0.819	-0.799	-0.717	-0.705	-0.712	-0.729	-0.740	-0.984	-0.700	-0.695	-0.796	-0.796	-0.702	-0.658	-0.806	-0.695	-0.707	-0.707	-0.720	-0.801	-0.982	-0.731	-0.720	-0.731	-0.719	-0.719	-0.719	-0.719	-0.719	-0.718	-0.718	-0.717	-0.712	-0.717	-0.717	-0.716	-0.813	-0.794	-0.787	-0.716	-0.808	-0.801	-0.812	-0.803	-0.961	-1.005	-0.960	-0.794	-0.733	-0.724	-1.018	-1.018	-1.055	-1.013	-0.976	-1.000	-0.997	-0.811	-1.027	-0.926	-0.929	-0.752	-0.867	-0.866	-0.966	-0.763	-0.940	-0.868	-1.005	-0.955	-0.996	-0.875	-0.862	-0.870	-0.721	-0.853	-0.878	-0.849	-1.046	-0.767	-1.016	-0.885	-1.046	-1.047	-1.049	-0.926	
rs2296631      -0.533	+0.014	-0.653	-0.713	-0.692	-0.527	-0.986	-0.994	-1.031	-0.983	-0.987	-0.988	-0.990	-0.998	-0.968	-0.953	-0.953	-0.983	-0.699	-0.680	-0.676	-0.552	-0.687	-0.449	-0.621	-0.632	-0.621	-0.801	-0.902	-0.910	-0.650	-1.027	-0.637	-0.889	-0.871	-0.891	-0.890	-0.883	-0.839	-0.854	-0.918	-0.867	-0.878	-0.900	-0.874	-0.858	-0.870	-0.867	-1.010	-0.727	-0.594	-0.603	-0.805	-0.884	-0.810	-0.855	-0.850	-0.838	-0.629	-0.628	-0.544	-0.815	-0.992	-0.774	-0.802	-0.781	-0.702	-0.690	-0.697	-0.714	-0.725	-0.971	-0.686	-0.680	-0.778	-0.778	-0.687	-0.638	-0.788	-0.680	-0.692	-0.692	-0.706	-0.783	-0.967	-0.717	-0.705	-0.717	-0.705	-0.704	-0.704	-0.704	-0.704	-0.703	-0.703	-0.703	-0.697	-0.702	-0.702	-0.701	-0.796	-0.776	-0.769	-0.701	-0.790	-0.783	-0.794	-0.785	-0.945	-0.992	-0.945	-0.776	-0.718	-0.710	-1.003	-1.002	-1.039	-0.998	-0.961	-0.985	-0.982	-0.796	-1.012	-0.911	-0.914	-0.737	-0.852	-0.850	-0.949	-0.748	-0.923	-0.853	-0.989	-0.939	-0.980	-0.859	-0.845	-0.854	-0.706	-0.837	-0.863	-0.833	-1.031	-0.754	-1.001	-0.870	-1.031	-1.032	-1.034	-0.911	
rs2296630      -0.462	+0.075	-0.582	-0.643	-0.629	-0.465	-0.924	-0.931	-0.960	-0.905	-0.909	-0.910	-0.913	-0.922	-0.889	-0.875	-0.876	-0.904	-0.676	-0.693	-0.662	-0.687	-0.481	-0.565	-0.636	-0.644	-0.633	-0.743	-0.831	-0.839	-0.573	-0.961	-0.550	-0.814	-0.795	-0.816	-0.815	-0.808	-0.763	-0.778	-0.844	-0.792	-0.803	-0.825	-0.799	-0.789	-0.794	-0.791	-0.940	-0.653	-0.518	-0.526	-0.739	-0.816	-0.744	-0.779	-0.775	-0.762	-0.553	-0.553	-0.467	-0.743	-0.926	-0.701	-0.730	-0.708	-0.636	-0.624	-0.631	-0.648	-0.659	-0.910	-0.619	-0.614	-0.705	-0.705	-0.621	-0.563	-0.716	-0.614	-0.626	-0.626	-0.639	-0.710	-0.899	-0.650	-0.639	-0.650	-0.638	-0.638	-0.638	-0.638	-0.638	-0.637	-0.637	-0.636	-0.631	-0.636	-0.636	-0.635	-0.723	-0.703	-0.695	-0.635	-0.717	-0.710	-0.721	-0.712	-0.877	-0.930	-0.877	-0.703	-0.652	-0.645	-0.936	-0.936	-0.971	-0.932	-0.893	-0.918	-0.915	-0.728	-0.945	-0.843	-0.846	-0.668	-0.785	-0.783	-0.877	-0.680	-0.850	-0.786	-0.919	-0.873	-0.914	-0.792	-0.778	-0.787	-0.640	-0.770	-0.796	-0.766	-0.964	-0.689	-0.934	-0.801	-0.964	-0.965	-0.967	-0.845	
rs10829975     -0.303	+0.227	-0.425	-0.489	-0.498	-0.336	-0.790	-0.796	-0.801	-0.729	-0.734	-0.735	-0.739	-0.750	-0.710	-0.700	-0.701	-0.727	-0.420	-0.468	-0.388	-0.449	-0.565	-0.332	-0.601	-0.603	-0.595	-0.629	-0.701	-0.696	-0.414	-0.821	-0.387	-0.676	-0.657	-0.678	-0.677	-0.670	-0.625	-0.640	-0.706	-0.654	-0.665	-0.687	-0.661	-0.646	-0.656	-0.653	-0.801	-0.500	-0.359	-0.368	-0.602	-0.671	-0.606	-0.618	-0.612	-0.599	-0.396	-0.396	-0.306	-0.595	-0.783	-0.550	-0.581	-0.558	-0.519	-0.508	-0.514	-0.531	-0.541	-0.783	-0.504	-0.499	-0.554	-0.554	-0.505	-0.407	-0.565	-0.498	-0.510	-0.510	-0.523	-0.559	-0.756	-0.533	-0.522	-0.533	-0.522	-0.522	-0.522	-0.522	-0.522	-0.521	-0.521	-0.520	-0.515	-0.520	-0.519	-0.519	-0.573	-0.552	-0.544	-0.519	-0.567	-0.560	-0.571	-0.562	-0.733	-0.800	-0.733	-0.552	-0.534	-0.520	-0.795	-0.795	-0.827	-0.791	-0.750	-0.777	-0.775	-0.587	-0.804	-0.701	-0.705	-0.527	-0.643	-0.641	-0.726	-0.539	-0.698	-0.644	-0.771	-0.731	-0.770	-0.641	-0.627	-0.636	-0.501	-0.619	-0.655	-0.615	-0.823	-0.563	-0.793	-0.662	-0.824	-0.824	-0.823	-0.706	
rs11017906     -0.353	+0.197	-0.474	-0.535	-0.533	-0.352	-0.804	-0.811	-0.838	-0.783	-0.787	-0.787	-0.791	-0.800	-0.766	-0.751	-0.752	-0.781	-0.608	-0.628	-0.597	-0.621	-0.636	-0.601	-0.350	-0.470	-0.489	-0.649	-0.702	-0.709	-0.380	-0.837	-0.388	-0.681	-0.662	-0.683	-0.682	-0.675	-0.628	-0.644	-0.712	-0.658	-0.669	-0.693	-0.665	-0.665	-0.661	-0.658	-0.814	-0.510	-0.369	-0.378	-0.619	-0.692	-0.623	-0.641	-0.636	-0.622	-0.407	-0.406	-0.315	-0.609	-0.803	-0.562	-0.595	-0.570	-0.522	-0.510	-0.517	-0.534	-0.545	-0.786	-0.506	-0.500	-0.567	-0.567	-0.507	-0.417	-0.578	-0.500	-0.512	-0.512	-0.526	-0.572	-0.781	-0.536	-0.525	-0.536	-0.525	-0.524	-0.524	-0.524	-0.524	-0.524	-0.523	-0.523	-0.517	-0.522	-0.522	-0.521	-0.587	-0.564	-0.556	-0.521	-0.580	-0.573	-0.584	-0.575	-0.761	-0.807	-0.760	-0.564	-0.538	-0.533	-0.814	-0.814	-0.844	-0.809	-0.774	-0.794	-0.791	-0.605	-0.823	-0.722	-0.725	-0.544	-0.662	-0.660	-0.750	-0.556	-0.722	-0.662	-0.793	-0.750	-0.788	-0.662	-0.649	-0.658	-0.515	-0.640	-0.673	-0.636	-0.842	-0.565	-0.812	-0.668	-0.842	-0.841	-0.839	-0.724	
rs11017908     -0.359	+0.190	-0.481	-0.541	-0.538	-0.358	-0.811	-0.817	-0.845	-0.790	-0.794	-0.794	-0.798	-0.807	-0.773	-0.758	-0.758	-0.788	-0.620	-0.639	-0.610	-0.632	-0.644	-0.603	-0.470	-0.357	-0.489	-0.655	-0.709	-0.715	-0.388	-0.844	-0.396	-0.688	-0.669	-0.690	-0.689	-0.682	-0.635	-0.651	-0.718	-0.665	-0.676	-0.699	-0.672	-0.672	-0.668	-0.664	-0.821	-0.517	-0.377	-0.386	-0.625	-0.698	-0.629	-0.648	-0.643	-0.629	-0.414	-0.414	-0.322	-0.616	-0.810	-0.569	-0.602	-0.578	-0.528	-0.516	-0.523	-0.540	-0.551	-0.792	-0.512	-0.506	-0.574	-0.574	-0.513	-0.425	-0.585	-0.506	-0.518	-0.518	-0.531	-0.579	-0.788	-0.542	-0.531	-0.542	-0.531	-0.530	-0.530	-0.530	-0.530	-0.529	-0.529	-0.529	-0.523	-0.528	-0.528	-0.527	-0.594	-0.571	-0.563	-0.527	-0.587	-0.580	-0.591	-0.582	-0.767	-0.813	-0.767	-0.571	-0.544	-0.539	-0.820	-0.820	-0.851	-0.816	-0.780	-0.801	-0.797	-0.611	-0.830	-0.728	-0.731	-0.551	-0.669	-0.667	-0.757	-0.563	-0.729	-0.669	-0.800	-0.757	-0.795	-0.669	-0.656	-0.665	-0.521	-0.647	-0.680	-0.643	-0.849	-0.571	-0.819	-0.675	-0.848	-0.848	-0.846	-0.731	
rs11017910     -0.339	+0.213	-0.461	-0.521	-0.519	-0.337	-0.789	-0.795	-0.821	-0.766	-0.770	-0.771	-0.774	-0.783	-0.750	-0.734	-0.735	-0.764	-0.608	-0.628	-0.601	-0.621	-0.633	-0.595	-0.489	-0.489	-0.332	-0.635	-0.685	-0.691	-0.352	-0.821	-0.363	-0.664	-0.644	-0.666	-0.665	-0.658	-0.610	-0.627	-0.694	-0.641	-0.652	-0.675	-0.648	-0.649	-0.643	-0.640	-0.798	-0.489	-0.347	-0.356	-0.603	-0.676	-0.607	-0.622	-0.616	-0.602	-0.385	-0.385	-0.292	-0.590	-0.787	-0.543	-0.576	-0.551	-0.505	-0.493	-0.500	-0.517	-0.528	-0.770	-0.489	-0.483	-0.548	-0.548	-0.490	-0.396	-0.559	-0.483	-0.495	-0.496	-0.509	-0.553	-0.766	-0.520	-0.508	-0.520	-0.508	-0.507	-0.507	-0.507	-0.507	-0.507	-0.506	-0.506	-0.500	-0.505	-0.505	-0.505	-0.567	-0.545	-0.537	-0.504	-0.561	-0.553	-0.565	-0.556	-0.745	-0.791	-0.745	-0.545	-0.521	-0.517	-0.798	-0.798	-0.828	-0.793	-0.758	-0.778	-0.775	-0.589	-0.807	-0.706	-0.709	-0.528	-0.646	-0.644	-0.734	-0.540	-0.707	-0.645	-0.777	-0.734	-0.772	-0.646	-0.632	-0.641	-0.499	-0.624	-0.657	-0.619	-0.826	-0.550	-0.797	-0.652	-0.826	-0.825	-0.823	-0.708	
rs3740547      -0.382	+0.162	-0.501	-0.559	-0.565	-0.394	-0.812	-0.820	-0.875	-0.825	-0.828	-0.829	-0.832	-0.839	-0.810	-0.792	-0.793	-0.824	-0.807	-0.795	-0.814	-0.801	-0.743	-0.629	-0.649	-0.655	-0.635	-0.382	-0.371	-0.664	-0.191	-0.854	-0.395	-0.702	-0.683	-0.705	-0.704	-0.696	-0.650	-0.666	-0.734	-0.680	-0.691	-0.714	-0.687	-0.677	-0.682	-0.679	-0.827	-0.525	-0.389	-0.398	-0.649	-0.717	-0.653	-0.647	-0.641	-0.625	-0.427	-0.427	-0.336	-0.628	-0.829	-0.581	-0.613	-0.589	-0.537	-0.525	-0.531	-0.550	-0.561	-0.816	-0.522	-0.516	-0.585	-0.585	-0.523	-0.437	-0.597	-0.516	-0.528	-0.528	-0.542	-0.591	-0.811	-0.553	-0.541	-0.553	-0.540	-0.540	-0.540	-0.540	-0.540	-0.539	-0.539	-0.538	-0.533	-0.538	-0.538	-0.537	-0.606	-0.583	-0.575	-0.537	-0.599	-0.591	-0.604	-0.594	-0.793	-0.837	-0.793	-0.583	-0.554	-0.539	-0.833	-0.833	-0.860	-0.827	-0.802	-0.818	-0.815	-0.637	-0.848	-0.745	-0.748	-0.585	-0.689	-0.686	-0.768	-0.596	-0.739	-0.685	-0.813	-0.775	-0.813	-0.703	-0.690	-0.698	-0.533	-0.682	-0.697	-0.678	-0.867	-0.577	-0.835	-0.692	-0.859	-0.865	-0.868	-0.745	
rs7092530      -0.492	+0.101	-0.615	-0.673	-0.646	-0.474	-0.927	-0.935	-0.990	-0.961	-0.963	-0.964	-0.965	-0.971	-0.949	-0.931	-0.931	-0.961	-0.909	-0.896	-0.916	-0.902	-0.831	-0.701	-0.702	-0.709	-0.685	-0.371	-0.491	-0.770	-0.645	-0.959	-0.577	-0.843	-0.825	-0.845	-0.844	-0.838	-0.794	-0.809	-0.870	-0.822	-0.832	-0.853	-0.828	-0.794	-0.824	-0.821	-0.958	-0.677	-0.538	-0.546	-0.738	-0.826	-0.743	-0.809	-0.805	-0.795	-0.572	-0.572	-0.487	-0.760	-0.936	-0.720	-0.747	-0.727	-0.645	-0.633	-0.640	-0.657	-0.668	-0.906	-0.628	-0.622	-0.724	-0.724	-0.629	-0.581	-0.734	-0.622	-0.634	-0.634	-0.648	-0.728	-0.914	-0.659	-0.647	-0.659	-0.647	-0.647	-0.647	-0.646	-0.646	-0.646	-0.645	-0.645	-0.639	-0.645	-0.644	-0.644	-0.741	-0.721	-0.714	-0.643	-0.735	-0.729	-0.739	-0.730	-0.894	-0.928	-0.893	-0.721	-0.660	-0.649	-0.943	-0.943	-0.987	-0.937	-0.907	-0.927	-0.924	-0.741	-0.955	-0.855	-0.858	-0.687	-0.793	-0.792	-0.900	-0.698	-0.875	-0.794	-0.937	-0.882	-0.922	-0.803	-0.790	-0.798	-0.642	-0.781	-0.804	-0.777	-0.972	-0.705	-0.944	-0.821	-0.975	-0.976	-0.979	-0.854	
rs12354451     -0.497	+0.075	-0.618	-0.676	-0.643	-0.481	-0.939	-0.947	-1.003	-0.971	-0.973	-0.974	-0.976	-0.982	-0.958	-0.939	-0.939	-0.971	-0.918	-0.903	-0.925	-0.910	-0.839	-0.696	-0.709	-0.715	-0.691	-0.664	-0.770	-0.506	-0.609	-0.971	-0.624	-0.845	-0.827	-0.847	-0.846	-0.839	-0.794	-0.810	-0.873	-0.823	-0.834	-0.856	-0.830	-0.813	-0.825	-0.822	-0.965	-0.706	-0.577	-0.585	-0.754	-0.840	-0.759	-0.827	-0.823	-0.813	-0.609	-0.609	-0.529	-0.784	-0.950	-0.748	-0.772	-0.754	-0.650	-0.638	-0.644	-0.662	-0.673	-0.915	-0.633	-0.627	-0.751	-0.751	-0.634	-0.617	-0.760	-0.627	-0.639	-0.639	-0.653	-0.755	-0.925	-0.664	-0.652	-0.664	-0.652	-0.652	-0.652	-0.652	-0.652	-0.651	-0.650	-0.650	-0.644	-0.650	-0.649	-0.649	-0.767	-0.748	-0.742	-0.648	-0.761	-0.755	-0.765	-0.757	-0.903	-0.938	-0.903	-0.748	-0.665	-0.655	-0.960	-0.960	-1.000	-0.955	-0.919	-0.943	-0.940	-0.752	-0.969	-0.869	-0.872	-0.692	-0.808	-0.807	-0.915	-0.704	-0.889	-0.810	-0.952	-0.897	-0.940	-0.819	-0.806	-0.814	-0.658	-0.797	-0.819	-0.793	-0.987	-0.704	-0.958	-0.829	-0.988	-0.990	-0.994	-0.867	
rs10830067     -0.176	+0.341	-0.332	-0.393	-0.319	-0.218	-0.714	-0.720	-0.756	-0.719	-0.722	-0.723	-0.725	-0.732	-0.706	-0.701	-0.701	-0.721	-0.660	-0.643	-0.668	-0.650	-0.573	-0.414	-0.380	-0.388	-0.352	-0.191	-0.645	-0.609	-0.255	-0.597	-0.472	-0.589	-0.569	-0.590	-0.589	-0.582	-0.535	-0.552	-0.615	-0.565	-0.577	-0.600	-0.572	-0.571	-0.568	-0.565	-0.707	-0.515	-0.402	-0.408	-0.506	-0.596	-0.512	-0.612	-0.610	-0.601	-0.428	-0.428	-0.363	-0.563	-0.701	-0.542	-0.555	-0.546	-0.435	-0.424	-0.430	-0.447	-0.457	-0.673	-0.419	-0.413	-0.544	-0.544	-0.420	-0.435	-0.550	-0.413	-0.425	-0.425	-0.438	-0.547	-0.614	-0.448	-0.437	-0.448	-0.437	-0.437	-0.437	-0.437	-0.437	-0.436	-0.436	-0.435	-0.430	-0.435	-0.435	-0.434	-0.555	-0.543	-0.538	-0.434	-0.551	-0.547	-0.554	-0.549	-0.577	-0.697	-0.577	-0.543	-0.450	-0.442	-0.718	-0.718	-0.762	-0.719	-0.640	-0.693	-0.696	-0.482	-0.722	-0.616	-0.620	-0.403	-0.553	-0.554	-0.691	-0.419	-0.668	-0.582	-0.723	-0.654	-0.704	-0.562	-0.548	-0.557	-0.444	-0.539	-0.566	-0.535	-0.744	-0.479	-0.716	-0.601	-0.748	-0.748	-0.755	-0.627	
rs11018104     -0.622	-0.056	-0.735	-0.792	-0.762	-0.597	-1.052	-1.060	-1.119	-1.086	-1.089	-1.089	-1.091	-1.097	-1.074	-1.052	-1.053	-1.087	-1.035	-1.021	-1.042	-1.027	-0.961	-0.821	-0.837	-0.844	-0.821	-0.854	-0.959	-0.971	-0.597	-0.629	-0.686	-0.968	-0.950	-0.969	-0.968	-0.962	-0.918	-0.933	-0.995	-0.946	-0.957	-0.978	-0.953	-0.931	-0.948	-0.945	-1.083	-0.806	-0.670	-0.678	-0.877	-0.957	-0.882	-0.932	-0.927	-0.916	-0.704	-0.704	-0.619	-0.891	-1.065	-0.853	-0.879	-0.859	-0.761	-0.749	-0.756	-0.774	-0.785	-1.035	-0.744	-0.739	-0.856	-0.856	-0.746	-0.713	-0.866	-0.738	-0.751	-0.751	-0.765	-0.861	-1.041	-0.776	-0.764	-0.776	-0.764	-0.763	-0.763	-0.763	-0.763	-0.762	-0.762	-0.761	-0.756	-0.761	-0.761	-0.760	-0.873	-0.854	-0.847	-0.760	-0.867	-0.861	-0.871	-0.863	-1.020	-1.057	-1.020	-0.854	-0.777	-0.771	-1.074	-1.074	-1.115	-1.069	-1.035	-1.056	-1.053	-0.868	-1.084	-0.984	-0.986	-0.808	-0.924	-0.922	-1.032	-0.820	-1.007	-0.923	-1.069	-1.012	-1.056	-0.939	-0.926	-0.934	-0.773	-0.918	-0.935	-0.914	-1.103	-0.818	-1.073	-0.945	-1.103	-1.105	-1.105	-0.981	
rs60040554     -0.269	+0.308	-0.364	-0.422	-0.340	-0.215	-0.700	-0.708	-0.773	-0.743	-0.746	-0.746	-0.748	-0.753	-0.732	-0.711	-0.712	-0.745	-0.649	-0.629	-0.658	-0.637	-0.550	-0.387	-0.388	-0.396	-0.363	-0.395	-0.577	-0.624	-0.472	-0.686	-0.244	-0.656	-0.641	-0.658	-0.657	-0.651	-0.612	-0.626	-0.680	-0.637	-0.647	-0.666	-0.643	-0.574	-0.639	-0.637	-0.752	-0.510	-0.413	-0.419	-0.529	-0.603	-0.533	-0.609	-0.607	-0.600	-0.437	-0.436	-0.378	-0.532	-0.676	-0.528	-0.529	-0.531	-0.453	-0.442	-0.448	-0.465	-0.475	-0.630	-0.437	-0.432	-0.532	-0.532	-0.438	-0.443	-0.534	-0.431	-0.443	-0.443	-0.456	-0.532	-0.691	-0.466	-0.455	-0.466	-0.455	-0.455	-0.455	-0.455	-0.455	-0.454	-0.454	-0.453	-0.448	-0.453	-0.452	-0.452	-0.535	-0.531	-0.529	-0.451	-0.534	-0.533	-0.537	-0.534	-0.669	-0.661	-0.669	-0.531	-0.467	-0.444	-0.725	-0.725	-0.769	-0.720	-0.685	-0.708	-0.706	-0.437	-0.709	-0.637	-0.639	-0.332	-0.574	-0.571	-0.717	-0.355	-0.698	-0.562	-0.740	-0.653	-0.702	-0.602	-0.590	-0.598	-0.399	-0.583	-0.562	-0.579	-0.753	-0.426	-0.714	-0.589	-0.754	-0.756	-0.763	-0.618	
rs10218968     -0.516	+0.073	-0.625	-0.680	-0.653	-0.474	-0.918	-0.927	-0.989	-0.954	-0.957	-0.957	-0.959	-0.965	-0.942	-0.926	-0.926	-0.956	-0.898	-0.883	-0.905	-0.889	-0.814	-0.676	-0.681	-0.688	-0.664	-0.702	-0.843	-0.845	-0.589	-0.968	-0.656	-0.490	-0.604	-0.621	-0.622	-0.618	-0.552	-0.585	-0.654	-0.608	-0.620	-0.628	-0.615	-0.777	-0.609	-0.605	-0.622	-0.733	-0.627	-0.634	-0.708	-0.814	-0.716	-0.828	-0.826	-0.819	-0.654	-0.653	-0.587	-0.782	-0.916	-0.763	-0.774	-0.767	-0.660	-0.648	-0.654	-0.672	-0.682	-0.911	-0.645	-0.640	-0.765	-0.765	-0.647	-0.659	-0.771	-0.640	-0.652	-0.652	-0.664	-0.768	-0.895	-0.675	-0.664	-0.675	-0.663	-0.663	-0.663	-0.663	-0.663	-0.662	-0.662	-0.661	-0.656	-0.661	-0.661	-0.660	-0.775	-0.764	-0.760	-0.660	-0.772	-0.768	-0.774	-0.769	-0.891	-0.932	-0.891	-0.764	-0.676	-0.656	-0.836	-0.836	-0.974	-0.820	-0.892	-0.879	-0.869	-0.719	-0.927	-0.846	-0.846	-0.647	-0.791	-0.787	-0.927	-0.660	-0.907	-0.753	-0.953	-0.879	-0.926	-0.804	-0.791	-0.799	-0.598	-0.782	-0.782	-0.778	-0.968	-0.702	-0.940	-0.815	-0.970	-0.972	-0.964	-0.846	
rs10218871     -0.499	+0.091	-0.608	-0.663	-0.637	-0.457	-0.900	-0.909	-0.971	-0.936	-0.939	-0.939	-0.942	-0.947	-0.924	-0.908	-0.908	-0.938	-0.880	-0.865	-0.887	-0.871	-0.795	-0.657	-0.662	-0.669	-0.644	-0.683	-0.825	-0.827	-0.569	-0.950	-0.641	-0.604	-0.471	-0.605	-0.608	-0.610	-0.572	-0.593	-0.621	-0.605	-0.609	-0.607	-0.607	-0.758	-0.606	-0.604	-0.571	-0.717	-0.613	-0.619	-0.687	-0.796	-0.696	-0.812	-0.810	-0.803	-0.639	-0.639	-0.573	-0.765	-0.897	-0.747	-0.757	-0.751	-0.642	-0.631	-0.637	-0.655	-0.665	-0.893	-0.628	-0.623	-0.749	-0.749	-0.630	-0.644	-0.755	-0.623	-0.635	-0.635	-0.647	-0.752	-0.877	-0.658	-0.646	-0.658	-0.646	-0.646	-0.646	-0.646	-0.646	-0.645	-0.645	-0.644	-0.639	-0.644	-0.644	-0.643	-0.758	-0.748	-0.744	-0.643	-0.755	-0.752	-0.758	-0.753	-0.874	-0.914	-0.874	-0.748	-0.659	-0.639	-0.813	-0.812	-0.955	-0.796	-0.873	-0.858	-0.849	-0.699	-0.908	-0.828	-0.827	-0.627	-0.773	-0.768	-0.911	-0.640	-0.891	-0.733	-0.936	-0.861	-0.908	-0.786	-0.772	-0.781	-0.577	-0.763	-0.763	-0.759	-0.949	-0.685	-0.922	-0.797	-0.952	-0.954	-0.945	-0.828	
rs10830072     -0.517	+0.072	-0.626	-0.682	-0.655	-0.475	-0.920	-0.929	-0.990	-0.956	-0.959	-0.959	-0.961	-0.967	-0.944	-0.927	-0.928	-0.957	-0.900	-0.885	-0.907	-0.891	-0.816	-0.678	-0.683	-0.690	-0.666	-0.705	-0.845	-0.847	-0.590	-0.969	-0.658	-0.621	-0.605	-0.492	-0.619	-0.615	-0.542	-0.578	-0.655	-0.604	-0.617	-0.625	-0.611	-0.779	-0.605	-0.601	-0.624	-0.734	-0.629	-0.635	-0.709	-0.816	-0.718	-0.830	-0.828	-0.820	-0.655	-0.655	-0.588	-0.784	-0.918	-0.765	-0.776	-0.769	-0.661	-0.650	-0.656	-0.674	-0.684	-0.913	-0.647	-0.642	-0.767	-0.767	-0.648	-0.661	-0.773	-0.641	-0.653	-0.653	-0.666	-0.770	-0.897	-0.677	-0.665	-0.677	-0.665	-0.665	-0.665	-0.664	-0.664	-0.664	-0.663	-0.663	-0.658	-0.663	-0.662	-0.662	-0.777	-0.766	-0.762	-0.661	-0.774	-0.770	-0.776	-0.771	-0.893	-0.933	-0.893	-0.766	-0.677	-0.658	-0.838	-0.838	-0.976	-0.823	-0.894	-0.881	-0.872	-0.720	-0.929	-0.848	-0.848	-0.649	-0.793	-0.789	-0.929	-0.662	-0.908	-0.755	-0.955	-0.881	-0.928	-0.806	-0.792	-0.801	-0.600	-0.784	-0.784	-0.779	-0.969	-0.704	-0.942	-0.817	-0.972	-0.974	-0.966	-0.848	
rs12243600     -0.516	+0.073	-0.625	-0.681	-0.654	-0.474	-0.919	-0.928	-0.990	-0.955	-0.958	-0.958	-0.960	-0.966	-0.943	-0.926	-0.927	-0.957	-0.899	-0.884	-0.906	-0.890	-0.815	-0.677	-0.682	-0.689	-0.665	-0.704	-0.844	-0.846	-0.589	-0.968	-0.657	-0.622	-0.608	-0.619	-0.491	-0.614	-0.541	-0.578	-0.653	-0.603	-0.616	-0.622	-0.610	-0.778	-0.604	-0.600	-0.621	-0.733	-0.628	-0.635	-0.708	-0.815	-0.717	-0.829	-0.827	-0.820	-0.654	-0.654	-0.588	-0.783	-0.917	-0.764	-0.775	-0.768	-0.660	-0.649	-0.655	-0.673	-0.683	-0.912	-0.646	-0.641	-0.766	-0.766	-0.647	-0.660	-0.772	-0.640	-0.652	-0.652	-0.665	-0.769	-0.896	-0.676	-0.664	-0.676	-0.664	-0.664	-0.664	-0.664	-0.664	-0.663	-0.663	-0.662	-0.657	-0.662	-0.661	-0.661	-0.776	-0.765	-0.761	-0.660	-0.773	-0.769	-0.775	-0.770	-0.892	-0.933	-0.892	-0.765	-0.677	-0.657	-0.837	-0.837	-0.975	-0.822	-0.893	-0.880	-0.871	-0.720	-0.928	-0.847	-0.847	-0.648	-0.792	-0.788	-0.928	-0.661	-0.908	-0.754	-0.954	-0.880	-0.927	-0.805	-0.792	-0.800	-0.599	-0.783	-0.783	-0.778	-0.969	-0.703	-0.941	-0.816	-0.971	-0.973	-0.965	-0.847	
