## Summary of overall evidence for association with region:
## log10(BF for region) = -0.49342
## p-value for region = NA

## BFs for choosing among multi-SNP models:
## log10(average 1-SNP BF) = -0.419037
## log10(average 2-SNP BF) = -0.696591

## Example posterior probabilities for multi-SNP models, based on default prior: [p(l) propto 0.5^l for l=1,2,...,L]
## posterior probability of 1-SNP = 0.791211
## posterior probability of 2-SNP = 0.208789

## log10(BF) for single SNP and pair of SNPs:
rs10705        -0.591	-0.497	-0.923	-0.947	-0.768	-0.889	-0.896	-0.907	-0.801	-0.356	-0.240	-0.775	-0.301	-0.978	-0.963	-0.953	-0.949	-0.946	-0.942	-0.937	-0.969	-0.982	-0.985	-0.999	-0.975	-1.018	-1.009	-0.987	-1.009	-1.040	-0.989	-1.006	-0.961	-0.979	-0.973	-0.958	-0.873	-0.894	-1.049	-0.982	-0.723	-0.992	-0.779	-0.914	-0.776	-0.772	-1.043	-0.740	-1.012	-0.962	-0.724	-0.724	-0.971	-0.973	-0.986	-0.982	-0.976	-0.974	-0.973	-0.973	-1.041	-0.974	-0.712	-1.070	-1.068	-0.707	-1.068	-1.036	-0.716	-0.729	-0.808	-1.054	-0.901	-1.067	-0.778	-0.699	-0.844	-1.069	-0.650	-1.053	-0.932	-0.935	-0.721	-1.037	-0.809	-1.011	-0.902	-1.071	-0.985	-0.796	-0.884	-1.007	-0.789	-0.993	-1.007	-0.905	-0.831	-0.991	-0.840	-1.066	-0.848	-0.990	-1.035	-1.035	-0.655	-0.928	-0.658	-0.910	-0.926	-0.989	-0.909	-0.933	-0.887	-0.911	-0.911	-0.898	-0.925	-1.007	-0.839	-0.841	-0.852	-0.899	-0.838	-0.923	-0.849	-0.771	-0.969	-0.751	-1.044	-0.830	-0.897	-0.902	-0.898	-0.842	-0.908	-0.904	-0.699	-0.904	-0.989	-0.908	-0.921	-0.874	-0.901	-0.883	-0.773	-0.873	-0.516	-0.564	-0.612	-0.885	-0.620	-0.872	-0.636	-0.788	-0.872	-0.888	-0.869	-0.790	-0.631	
rs34902        -0.497	-0.067	-0.554	-0.561	-0.313	-0.549	-0.545	-0.549	-0.258	-0.250	-0.279	-0.313	-0.215	-0.532	-0.517	-0.408	-0.505	-0.396	-0.499	-0.383	-0.516	-0.531	-0.533	-0.544	-0.521	-0.558	-0.551	-0.533	-0.547	-0.574	-0.535	-0.548	-0.506	-0.527	-0.522	-0.511	-0.435	-0.447	-0.577	-0.524	-0.261	-0.454	-0.251	-0.373	-0.247	-0.243	-0.531	-0.209	-0.478	-0.475	-0.261	-0.261	-0.484	-0.486	-0.448	-0.496	-0.435	-0.487	-0.486	-0.486	-0.562	-0.487	-0.250	-0.570	-0.567	-0.245	-0.567	-0.524	-0.254	-0.199	-0.290	-0.565	-0.340	-0.565	-0.210	-0.238	-0.292	-0.578	-0.136	-0.573	-0.440	-0.422	-0.252	-0.536	-0.348	-0.522	-0.427	-0.579	-0.492	-0.326	-0.410	-0.520	-0.321	-0.510	-0.517	-0.429	-0.388	-0.499	-0.362	-0.583	-0.369	-0.498	-0.547	-0.547	-0.206	-0.434	-0.209	-0.429	-0.432	-0.502	-0.441	-0.463	-0.407	-0.442	-0.442	-0.400	-0.430	-0.535	-0.361	-0.363	-0.373	-0.403	-0.359	-0.453	-0.369	-0.306	-0.502	-0.292	-0.558	-0.352	-0.402	-0.407	-0.403	-0.400	-0.415	-0.458	-0.246	-0.412	-0.498	-0.461	-0.442	-0.394	-0.407	-0.436	-0.314	-0.393	-0.100	-0.143	-0.163	-0.440	-0.170	-0.392	-0.186	-0.330	-0.392	-0.443	-0.426	-0.332	-0.181	
rs2548122      -0.923	-0.554	-0.531	-0.657	-0.738	-0.768	-0.670	-0.670	-0.651	-0.508	-0.422	-0.744	-0.465	-0.953	-0.943	-0.980	-0.934	-0.975	-0.929	-0.968	-0.934	-0.952	-0.955	-0.966	-0.940	-0.981	-0.968	-0.949	-0.968	-0.998	-0.951	-0.966	-0.925	-0.942	-0.937	-0.924	-0.853	-0.864	-1.003	-0.940	-0.659	-0.922	-0.743	-0.849	-0.740	-0.736	-0.994	-0.705	-0.943	-0.878	-0.660	-0.660	-0.889	-0.891	-0.918	-0.902	-0.907	-0.892	-0.891	-0.891	-0.992	-0.892	-0.648	-1.017	-1.016	-0.643	-1.016	-0.988	-0.652	-0.694	-0.766	-0.994	-0.825	-1.014	-0.705	-0.635	-0.770	-1.008	-0.620	-1.002	-0.838	-0.850	-0.658	-0.965	-0.750	-0.954	-0.840	-1.009	-0.926	-0.748	-0.823	-0.952	-0.742	-0.923	-0.950	-0.845	-0.780	-0.932	-0.774	-1.005	-0.782	-0.931	-0.978	-0.978	-0.616	-0.861	-0.619	-0.854	-0.858	-0.932	-0.853	-0.877	-0.833	-0.854	-0.854	-0.841	-0.857	-0.953	-0.774	-0.776	-0.787	-0.842	-0.772	-0.867	-0.783	-0.725	-0.903	-0.692	-0.980	-0.757	-0.832	-0.837	-0.833	-0.782	-0.851	-0.848	-0.658	-0.846	-0.932	-0.852	-0.842	-0.807	-0.837	-0.832	-0.716	-0.806	-0.435	-0.484	-0.552	-0.828	-0.560	-0.805	-0.576	-0.720	-0.805	-0.831	-0.812	-0.722	-0.571	
rs2548121      -0.947	-0.561	-0.657	-0.553	-0.756	-0.769	-0.654	-0.657	-0.681	-0.510	-0.406	-0.763	-0.466	-0.970	-0.960	-1.000	-0.950	-0.994	-0.945	-0.988	-0.953	-0.970	-0.972	-0.984	-0.958	-0.999	-0.988	-0.968	-0.987	-1.017	-0.970	-0.985	-0.944	-0.961	-0.955	-0.942	-0.869	-0.882	-1.023	-0.960	-0.681	-0.944	-0.762	-0.871	-0.759	-0.755	-1.014	-0.724	-0.965	-0.902	-0.682	-0.682	-0.912	-0.914	-0.940	-0.925	-0.929	-0.916	-0.915	-0.914	-1.012	-0.916	-0.670	-1.038	-1.037	-0.665	-1.036	-1.008	-0.675	-0.713	-0.785	-1.016	-0.848	-1.035	-0.727	-0.657	-0.792	-1.029	-0.638	-1.022	-0.863	-0.874	-0.680	-0.987	-0.771	-0.975	-0.861	-1.031	-0.947	-0.768	-0.844	-0.973	-0.762	-0.946	-0.971	-0.867	-0.800	-0.953	-0.797	-1.027	-0.804	-0.952	-0.999	-0.999	-0.636	-0.883	-0.638	-0.875	-0.880	-0.953	-0.874	-0.898	-0.854	-0.875	-0.875	-0.862	-0.879	-0.974	-0.796	-0.798	-0.809	-0.863	-0.794	-0.888	-0.806	-0.745	-0.925	-0.713	-1.002	-0.780	-0.854	-0.859	-0.855	-0.804	-0.872	-0.869	-0.678	-0.868	-0.953	-0.873	-0.865	-0.830	-0.858	-0.852	-0.737	-0.829	-0.459	-0.508	-0.573	-0.849	-0.581	-0.827	-0.598	-0.742	-0.827	-0.852	-0.833	-0.745	-0.593	
rs153906       -0.768	-0.313	-0.738	-0.756	-0.307	-0.719	-0.715	-0.724	-0.539	-0.284	-0.293	-0.408	-0.240	-0.762	-0.747	-0.752	-0.735	-0.744	-0.729	-0.735	-0.738	-0.749	-0.752	-0.764	-0.743	-0.781	-0.773	-0.753	-0.773	-0.800	-0.755	-0.770	-0.731	-0.747	-0.741	-0.728	-0.649	-0.669	-0.806	-0.748	-0.477	-0.725	-0.519	-0.645	-0.515	-0.511	-0.786	-0.478	-0.746	-0.712	-0.477	-0.477	-0.721	-0.722	-0.720	-0.732	-0.708	-0.724	-0.722	-0.722	-0.792	-0.723	-0.466	-0.817	-0.815	-0.460	-0.815	-0.779	-0.470	-0.467	-0.553	-0.801	-0.628	-0.813	-0.501	-0.453	-0.567	-0.816	-0.386	-0.804	-0.680	-0.670	-0.475	-0.780	-0.563	-0.758	-0.653	-0.818	-0.730	-0.550	-0.634	-0.755	-0.544	-0.750	-0.753	-0.655	-0.597	-0.748	-0.582	-0.818	-0.589	-0.748	-0.782	-0.782	-0.425	-0.676	-0.429	-0.658	-0.674	-0.736	-0.669	-0.692	-0.640	-0.671	-0.671	-0.640	-0.673	-0.762	-0.581	-0.583	-0.594	-0.642	-0.579	-0.682	-0.591	-0.528	-0.732	-0.526	-0.793	-0.571	-0.644	-0.649	-0.645	-0.611	-0.653	-0.670	-0.466	-0.649	-0.735	-0.674	-0.671	-0.617	-0.648	-0.651	-0.547	-0.616	-0.302	-0.348	-0.393	-0.652	-0.401	-0.614	-0.417	-0.559	-0.615	-0.655	-0.637	-0.561	-0.412	
rs460697       -0.889	-0.549	-0.768	-0.769	-0.719	-0.507	-0.760	-0.761	-0.630	-0.499	-0.398	-0.725	-0.456	-0.920	-0.914	-0.959	-0.907	-0.954	-0.903	-0.949	-0.920	-0.937	-0.939	-0.950	-0.925	-0.963	-0.952	-0.935	-0.952	-0.979	-0.936	-0.950	-0.912	-0.928	-0.923	-0.911	-0.843	-0.853	-0.984	-0.926	-0.637	-0.899	-0.723	-0.826	-0.719	-0.716	-0.972	-0.685	-0.920	-0.853	-0.637	-0.638	-0.864	-0.866	-0.895	-0.877	-0.884	-0.868	-0.866	-0.866	-0.970	-0.868	-0.626	-0.994	-0.993	-0.620	-0.993	-0.966	-0.630	-0.674	-0.746	-0.971	-0.802	-0.992	-0.682	-0.612	-0.747	-0.985	-0.601	-0.980	-0.813	-0.830	-0.636	-0.942	-0.732	-0.931	-0.821	-0.987	-0.904	-0.727	-0.801	-0.929	-0.721	-0.905	-0.926	-0.823	-0.759	-0.909	-0.753	-0.984	-0.761	-0.908	-0.956	-0.956	-0.597	-0.838	-0.599	-0.831	-0.835	-0.910	-0.832	-0.856	-0.811	-0.834	-0.834	-0.818	-0.834	-0.932	-0.753	-0.754	-0.766	-0.819	-0.751	-0.846	-0.762	-0.704	-0.883	-0.671	-0.959	-0.737	-0.809	-0.814	-0.810	-0.764	-0.828	-0.829	-0.638	-0.824	-0.909	-0.833	-0.821	-0.786	-0.814	-0.812	-0.695	-0.785	-0.418	-0.467	-0.531	-0.809	-0.539	-0.784	-0.555	-0.700	-0.784	-0.813	-0.794	-0.703	-0.550	
rs40098        -0.896	-0.545	-0.670	-0.654	-0.715	-0.760	-0.505	-0.656	-0.617	-0.503	-0.433	-0.721	-0.460	-0.931	-0.923	-0.957	-0.915	-0.951	-0.910	-0.945	-0.913	-0.931	-0.933	-0.944	-0.918	-0.959	-0.946	-0.927	-0.945	-0.975	-0.929	-0.943	-0.903	-0.921	-0.915	-0.902	-0.833	-0.843	-0.980	-0.918	-0.633	-0.897	-0.721	-0.824	-0.717	-0.714	-0.970	-0.683	-0.918	-0.851	-0.634	-0.634	-0.862	-0.864	-0.893	-0.875	-0.882	-0.865	-0.864	-0.864	-0.968	-0.865	-0.622	-0.993	-0.991	-0.616	-0.991	-0.964	-0.626	-0.671	-0.743	-0.970	-0.799	-0.990	-0.679	-0.609	-0.744	-0.983	-0.598	-0.978	-0.810	-0.824	-0.632	-0.939	-0.726	-0.929	-0.815	-0.984	-0.901	-0.724	-0.798	-0.928	-0.718	-0.897	-0.925	-0.821	-0.756	-0.906	-0.749	-0.980	-0.757	-0.905	-0.954	-0.954	-0.593	-0.835	-0.596	-0.829	-0.832	-0.908	-0.827	-0.851	-0.809	-0.829	-0.829	-0.816	-0.831	-0.929	-0.748	-0.750	-0.762	-0.817	-0.746	-0.841	-0.758	-0.702	-0.877	-0.666	-0.955	-0.731	-0.806	-0.811	-0.807	-0.756	-0.826	-0.823	-0.635	-0.822	-0.907	-0.827	-0.815	-0.782	-0.811	-0.808	-0.690	-0.781	-0.405	-0.454	-0.524	-0.802	-0.532	-0.779	-0.548	-0.693	-0.779	-0.806	-0.787	-0.695	-0.543	
rs185313       -0.907	-0.549	-0.670	-0.657	-0.724	-0.761	-0.656	-0.515	-0.629	-0.505	-0.429	-0.730	-0.462	-0.939	-0.930	-0.966	-0.922	-0.960	-0.917	-0.954	-0.921	-0.939	-0.942	-0.953	-0.926	-0.967	-0.955	-0.936	-0.954	-0.984	-0.938	-0.952	-0.912	-0.929	-0.924	-0.911	-0.841	-0.851	-0.989	-0.927	-0.643	-0.906	-0.729	-0.833	-0.726	-0.722	-0.979	-0.692	-0.927	-0.861	-0.644	-0.644	-0.872	-0.874	-0.902	-0.885	-0.891	-0.875	-0.874	-0.874	-0.977	-0.875	-0.632	-1.002	-1.001	-0.626	-1.000	-0.973	-0.636	-0.680	-0.752	-0.979	-0.809	-0.999	-0.689	-0.618	-0.754	-0.992	-0.606	-0.987	-0.821	-0.834	-0.642	-0.948	-0.735	-0.939	-0.825	-0.993	-0.911	-0.733	-0.808	-0.937	-0.727	-0.907	-0.934	-0.830	-0.765	-0.916	-0.759	-0.990	-0.766	-0.915	-0.963	-0.963	-0.602	-0.844	-0.605	-0.839	-0.842	-0.917	-0.837	-0.861	-0.818	-0.839	-0.839	-0.825	-0.840	-0.938	-0.758	-0.760	-0.772	-0.826	-0.756	-0.851	-0.768	-0.711	-0.887	-0.676	-0.965	-0.741	-0.816	-0.821	-0.817	-0.766	-0.835	-0.833	-0.644	-0.831	-0.916	-0.836	-0.825	-0.791	-0.820	-0.817	-0.700	-0.790	-0.416	-0.466	-0.535	-0.812	-0.542	-0.789	-0.559	-0.703	-0.789	-0.815	-0.796	-0.706	-0.554	
rs12658215     -0.801	-0.258	-0.651	-0.681	-0.539	-0.630	-0.617	-0.629	-0.352	-0.332	-0.121	-0.548	-0.289	-0.801	-0.787	-0.816	-0.776	-0.811	-0.770	-0.806	-0.779	-0.791	-0.793	-0.805	-0.784	-0.821	-0.812	-0.794	-0.813	-0.838	-0.796	-0.811	-0.773	-0.788	-0.783	-0.770	-0.694	-0.713	-0.844	-0.788	-0.485	-0.777	-0.550	-0.702	-0.547	-0.543	-0.829	-0.508	-0.797	-0.750	-0.485	-0.485	-0.759	-0.761	-0.772	-0.770	-0.761	-0.762	-0.760	-0.760	-0.819	-0.762	-0.473	-0.857	-0.855	-0.467	-0.855	-0.823	-0.478	-0.498	-0.583	-0.838	-0.685	-0.854	-0.566	-0.458	-0.628	-0.852	-0.416	-0.833	-0.719	-0.726	-0.484	-0.825	-0.584	-0.795	-0.678	-0.856	-0.766	-0.570	-0.657	-0.792	-0.563	-0.781	-0.790	-0.680	-0.606	-0.781	-0.622	-0.854	-0.629	-0.780	-0.815	-0.815	-0.425	-0.714	-0.431	-0.690	-0.712	-0.775	-0.693	-0.717	-0.666	-0.695	-0.695	-0.680	-0.711	-0.790	-0.621	-0.623	-0.634	-0.681	-0.619	-0.707	-0.630	-0.544	-0.759	-0.523	-0.829	-0.622	-0.677	-0.682	-0.678	-0.634	-0.690	-0.694	-0.473	-0.686	-0.772	-0.699	-0.711	-0.663	-0.681	-0.659	-0.547	-0.663	-0.309	-0.356	-0.381	-0.675	-0.389	-0.661	-0.406	-0.581	-0.661	-0.678	-0.660	-0.584	-0.400	
rs212996       -0.356	-0.250	-0.508	-0.510	-0.284	-0.499	-0.503	-0.505	-0.332	-0.030	-0.303	-0.287	-0.135	-0.420	-0.442	-0.382	-0.447	-0.390	-0.447	-0.398	-0.502	-0.506	-0.508	-0.516	-0.505	-0.527	-0.522	-0.511	-0.522	-0.537	-0.512	-0.521	-0.493	-0.506	-0.502	-0.494	-0.421	-0.447	-0.538	-0.501	-0.173	-0.435	-0.279	-0.371	-0.276	-0.272	-0.519	-0.241	-0.457	-0.387	-0.174	-0.174	-0.399	-0.401	-0.434	-0.413	-0.423	-0.403	-0.401	-0.401	-0.517	-0.403	-0.162	-0.538	-0.537	-0.156	-0.537	-0.513	-0.167	-0.232	-0.304	-0.514	-0.336	-0.536	-0.224	-0.149	-0.285	-0.526	-0.163	-0.527	-0.341	-0.371	-0.175	-0.478	-0.294	-0.472	-0.371	-0.528	-0.442	-0.278	-0.351	-0.474	-0.273	-0.448	-0.468	-0.372	-0.330	-0.453	-0.299	-0.531	-0.307	-0.452	-0.498	-0.498	-0.163	-0.379	-0.167	-0.378	-0.377	-0.453	-0.386	-0.408	-0.359	-0.387	-0.387	-0.355	-0.376	-0.486	-0.299	-0.301	-0.312	-0.358	-0.297	-0.398	-0.308	-0.259	-0.442	-0.222	-0.505	-0.298	-0.341	-0.347	-0.343	-0.338	-0.368	-0.403	-0.204	-0.364	-0.450	-0.406	-0.374	-0.343	-0.347	-0.369	-0.246	-0.342	-0.012	-0.059	-0.083	-0.386	-0.091	-0.341	-0.107	-0.271	-0.341	-0.388	-0.371	-0.273	-0.102	
rs153912       -0.240	-0.279	-0.422	-0.406	-0.293	-0.398	-0.433	-0.429	-0.121	-0.303	-0.035	-0.295	-0.274	-0.493	-0.498	-0.506	-0.496	-0.505	-0.494	-0.504	-0.474	-0.476	-0.479	-0.490	-0.477	-0.505	-0.503	-0.486	-0.501	-0.520	-0.488	-0.501	-0.460	-0.479	-0.474	-0.462	-0.373	-0.401	-0.522	-0.472	-0.198	-0.439	-0.300	-0.371	-0.296	-0.293	-0.524	-0.264	-0.462	-0.390	-0.199	-0.198	-0.402	-0.404	-0.438	-0.416	-0.427	-0.406	-0.404	-0.404	-0.525	-0.406	-0.187	-0.543	-0.542	-0.182	-0.542	-0.518	-0.191	-0.253	-0.320	-0.515	-0.342	-0.541	-0.224	-0.175	-0.290	-0.528	-0.188	-0.533	-0.347	-0.365	-0.197	-0.473	-0.311	-0.476	-0.386	-0.529	-0.449	-0.286	-0.364	-0.478	-0.282	-0.448	-0.473	-0.383	-0.334	-0.450	-0.302	-0.532	-0.309	-0.449	-0.502	-0.502	-0.174	-0.380	-0.177	-0.384	-0.377	-0.457	-0.389	-0.412	-0.367	-0.391	-0.391	-0.359	-0.376	-0.491	-0.301	-0.303	-0.315	-0.362	-0.300	-0.402	-0.311	-0.268	-0.441	-0.241	-0.509	-0.283	-0.352	-0.358	-0.353	-0.335	-0.373	-0.401	-0.212	-0.369	-0.455	-0.404	-0.369	-0.334	-0.357	-0.385	-0.263	-0.333	-0.001	-0.049	-0.105	-0.383	-0.113	-0.332	-0.129	-0.261	-0.332	-0.386	-0.368	-0.264	-0.125	
rs153914       -0.775	-0.313	-0.744	-0.763	-0.408	-0.725	-0.721	-0.730	-0.548	-0.287	-0.295	-0.316	-0.243	-0.769	-0.754	-0.760	-0.742	-0.752	-0.736	-0.744	-0.744	-0.756	-0.758	-0.771	-0.749	-0.787	-0.779	-0.759	-0.779	-0.806	-0.761	-0.777	-0.737	-0.753	-0.747	-0.734	-0.654	-0.674	-0.813	-0.754	-0.484	-0.733	-0.527	-0.653	-0.523	-0.519	-0.794	-0.486	-0.754	-0.719	-0.484	-0.484	-0.728	-0.730	-0.728	-0.739	-0.717	-0.731	-0.730	-0.730	-0.799	-0.731	-0.473	-0.825	-0.823	-0.467	-0.823	-0.787	-0.477	-0.475	-0.561	-0.809	-0.636	-0.821	-0.509	-0.460	-0.576	-0.823	-0.394	-0.811	-0.688	-0.678	-0.482	-0.787	-0.570	-0.766	-0.660	-0.826	-0.737	-0.556	-0.641	-0.762	-0.551	-0.757	-0.761	-0.662	-0.603	-0.755	-0.589	-0.826	-0.597	-0.755	-0.790	-0.790	-0.431	-0.683	-0.434	-0.665	-0.681	-0.744	-0.676	-0.699	-0.647	-0.677	-0.677	-0.648	-0.680	-0.769	-0.589	-0.590	-0.602	-0.650	-0.587	-0.689	-0.598	-0.534	-0.738	-0.531	-0.800	-0.579	-0.652	-0.656	-0.653	-0.617	-0.660	-0.677	-0.472	-0.656	-0.742	-0.681	-0.679	-0.625	-0.656	-0.657	-0.553	-0.624	-0.307	-0.353	-0.398	-0.658	-0.406	-0.622	-0.422	-0.565	-0.622	-0.661	-0.643	-0.567	-0.417	
rs153916       -0.301	-0.215	-0.465	-0.466	-0.240	-0.456	-0.460	-0.462	-0.289	-0.135	-0.274	-0.243	+0.017	-0.371	-0.394	-0.334	-0.400	-0.342	-0.400	-0.350	-0.460	-0.461	-0.463	-0.472	-0.463	-0.482	-0.480	-0.469	-0.479	-0.492	-0.470	-0.479	-0.452	-0.464	-0.461	-0.452	-0.381	-0.407	-0.493	-0.459	-0.128	-0.391	-0.237	-0.328	-0.233	-0.230	-0.474	-0.199	-0.413	-0.342	-0.128	-0.128	-0.354	-0.356	-0.391	-0.368	-0.380	-0.358	-0.356	-0.356	-0.472	-0.358	-0.116	-0.493	-0.492	-0.110	-0.492	-0.468	-0.121	-0.189	-0.262	-0.468	-0.294	-0.491	-0.182	-0.103	-0.243	-0.481	-0.121	-0.482	-0.295	-0.328	-0.129	-0.434	-0.249	-0.427	-0.326	-0.483	-0.397	-0.233	-0.306	-0.429	-0.229	-0.404	-0.423	-0.327	-0.287	-0.408	-0.255	-0.487	-0.262	-0.407	-0.453	-0.453	-0.120	-0.333	-0.124	-0.333	-0.331	-0.408	-0.343	-0.365	-0.314	-0.344	-0.344	-0.310	-0.329	-0.442	-0.254	-0.256	-0.267	-0.312	-0.253	-0.355	-0.264	-0.214	-0.398	-0.175	-0.460	-0.254	-0.295	-0.301	-0.296	-0.295	-0.323	-0.360	-0.160	-0.319	-0.405	-0.363	-0.329	-0.299	-0.300	-0.325	-0.200	-0.298	+0.032	-0.015	-0.037	-0.343	-0.045	-0.296	-0.062	-0.227	-0.297	-0.345	-0.328	-0.230	-0.057	
rs150535       -0.978	-0.532	-0.953	-0.970	-0.762	-0.920	-0.931	-0.939	-0.801	-0.420	-0.493	-0.769	-0.371	-0.565	-0.717	-0.963	-0.697	-0.958	-0.692	-0.954	-0.949	-0.954	-0.957	-0.969	-0.954	-0.983	-0.984	-0.966	-0.986	-1.003	-0.968	-0.984	-0.946	-0.960	-0.955	-0.942	-0.860	-0.885	-1.012	-0.965	-0.689	-0.972	-0.780	-0.902	-0.776	-0.773	-1.026	-0.742	-0.991	-0.924	-0.689	-0.689	-0.934	-0.935	-0.968	-0.946	-0.958	-0.937	-0.936	-0.935	-1.020	-0.937	-0.677	-1.047	-1.046	-0.672	-1.046	-1.020	-0.682	-0.731	-0.805	-1.029	-0.883	-1.045	-0.767	-0.664	-0.824	-1.043	-0.652	-1.032	-0.885	-0.910	-0.692	-1.013	-0.786	-0.985	-0.874	-1.047	-0.963	-0.778	-0.854	-0.982	-0.772	-0.974	-0.981	-0.876	-0.814	-0.969	-0.816	-1.043	-0.824	-0.968	-1.011	-1.011	-0.644	-0.898	-0.647	-0.886	-0.896	-0.963	-0.891	-0.914	-0.865	-0.892	-0.892	-0.874	-0.894	-0.988	-0.816	-0.817	-0.828	-0.875	-0.814	-0.904	-0.825	-0.754	-0.946	-0.722	-1.018	-0.809	-0.865	-0.870	-0.866	-0.822	-0.884	-0.886	-0.687	-0.879	-0.964	-0.890	-0.891	-0.853	-0.869	-0.857	-0.746	-0.852	-0.493	-0.541	-0.581	-0.866	-0.589	-0.850	-0.606	-0.769	-0.851	-0.869	-0.851	-0.771	-0.601	
rs2548130      -0.963	-0.517	-0.943	-0.960	-0.747	-0.914	-0.923	-0.930	-0.787	-0.442	-0.498	-0.754	-0.394	-0.717	-0.547	-0.948	-0.668	-0.944	-0.665	-0.940	-0.939	-0.944	-0.947	-0.958	-0.944	-0.971	-0.972	-0.955	-0.974	-0.990	-0.958	-0.972	-0.936	-0.950	-0.945	-0.933	-0.855	-0.878	-0.998	-0.953	-0.669	-0.957	-0.767	-0.888	-0.763	-0.760	-1.011	-0.729	-0.976	-0.906	-0.670	-0.670	-0.916	-0.917	-0.953	-0.928	-0.943	-0.919	-0.918	-0.917	-1.004	-0.919	-0.658	-1.030	-1.029	-0.652	-1.029	-1.005	-0.662	-0.718	-0.792	-1.013	-0.868	-1.028	-0.754	-0.644	-0.810	-1.026	-0.639	-1.016	-0.867	-0.895	-0.673	-0.996	-0.767	-0.967	-0.855	-1.031	-0.947	-0.761	-0.834	-0.965	-0.755	-0.957	-0.964	-0.857	-0.797	-0.952	-0.799	-1.026	-0.806	-0.951	-0.994	-0.994	-0.626	-0.880	-0.630	-0.869	-0.878	-0.945	-0.874	-0.898	-0.847	-0.876	-0.876	-0.857	-0.877	-0.971	-0.798	-0.800	-0.811	-0.858	-0.796	-0.888	-0.807	-0.737	-0.929	-0.702	-1.000	-0.792	-0.847	-0.852	-0.848	-0.805	-0.867	-0.869	-0.670	-0.862	-0.947	-0.874	-0.873	-0.836	-0.851	-0.839	-0.726	-0.835	-0.474	-0.522	-0.561	-0.850	-0.569	-0.834	-0.585	-0.753	-0.834	-0.853	-0.834	-0.755	-0.580	
rs11747231     -0.953	-0.408	-0.980	-1.000	-0.752	-0.959	-0.957	-0.966	-0.816	-0.382	-0.506	-0.760	-0.334	-0.963	-0.948	-0.590	-0.936	-0.722	-0.930	-0.715	-0.979	-0.990	-0.993	-1.006	-0.985	-1.025	-1.016	-0.996	-1.017	-1.045	-0.997	-1.014	-0.972	-0.988	-0.982	-0.968	-0.884	-0.907	-1.053	-0.991	-0.700	-0.998	-0.795	-0.924	-0.792	-0.788	-1.047	-0.756	-1.016	-0.953	-0.700	-0.700	-0.963	-0.965	-0.992	-0.975	-0.982	-0.966	-0.965	-0.965	-1.041	-0.966	-0.688	-1.069	-1.068	-0.682	-1.068	-1.041	-0.693	-0.745	-0.820	-1.054	-0.909	-1.067	-0.791	-0.674	-0.852	-1.068	-0.667	-1.053	-0.920	-0.937	-0.703	-1.037	-0.802	-1.011	-0.895	-1.071	-0.984	-0.793	-0.876	-1.008	-0.786	-0.990	-1.006	-0.899	-0.824	-0.991	-0.837	-1.065	-0.844	-0.991	-1.034	-1.034	-0.651	-0.927	-0.654	-0.906	-0.925	-0.988	-0.908	-0.932	-0.884	-0.910	-0.910	-0.898	-0.923	-1.007	-0.836	-0.838	-0.849	-0.898	-0.834	-0.922	-0.845	-0.767	-0.967	-0.738	-1.043	-0.830	-0.893	-0.898	-0.894	-0.840	-0.907	-0.904	-0.696	-0.902	-0.988	-0.908	-0.917	-0.874	-0.897	-0.873	-0.762	-0.873	-0.500	-0.549	-0.595	-0.884	-0.603	-0.872	-0.620	-0.787	-0.872	-0.887	-0.868	-0.790	-0.615	
rs2548129      -0.949	-0.505	-0.934	-0.950	-0.735	-0.907	-0.915	-0.922	-0.776	-0.447	-0.496	-0.742	-0.400	-0.697	-0.668	-0.936	-0.533	-0.933	-0.666	-0.929	-0.931	-0.936	-0.939	-0.949	-0.936	-0.961	-0.962	-0.946	-0.964	-0.978	-0.948	-0.962	-0.927	-0.941	-0.936	-0.925	-0.849	-0.871	-0.986	-0.944	-0.654	-0.944	-0.756	-0.876	-0.752	-0.749	-0.998	-0.718	-0.963	-0.891	-0.655	-0.655	-0.901	-0.903	-0.940	-0.913	-0.931	-0.904	-0.903	-0.903	-0.991	-0.904	-0.643	-1.017	-1.016	-0.637	-1.016	-0.992	-0.647	-0.708	-0.781	-0.999	-0.855	-1.015	-0.742	-0.629	-0.797	-1.013	-0.628	-1.003	-0.851	-0.882	-0.659	-0.983	-0.754	-0.954	-0.841	-1.017	-0.934	-0.748	-0.820	-0.951	-0.742	-0.944	-0.950	-0.843	-0.784	-0.939	-0.786	-1.013	-0.793	-0.938	-0.981	-0.981	-0.614	-0.866	-0.618	-0.855	-0.864	-0.932	-0.862	-0.885	-0.834	-0.863	-0.863	-0.844	-0.863	-0.959	-0.785	-0.786	-0.798	-0.845	-0.783	-0.875	-0.794	-0.725	-0.915	-0.687	-0.987	-0.778	-0.832	-0.838	-0.833	-0.792	-0.853	-0.857	-0.658	-0.849	-0.933	-0.861	-0.858	-0.823	-0.837	-0.825	-0.712	-0.822	-0.459	-0.508	-0.546	-0.837	-0.554	-0.820	-0.571	-0.740	-0.821	-0.840	-0.822	-0.742	-0.566	
rs4130725      -0.946	-0.396	-0.975	-0.994	-0.744	-0.954	-0.951	-0.960	-0.811	-0.390	-0.505	-0.752	-0.342	-0.958	-0.944	-0.722	-0.933	-0.583	-0.927	-0.710	-0.974	-0.985	-0.988	-1.001	-0.979	-1.019	-1.010	-0.990	-1.011	-1.039	-0.992	-1.008	-0.966	-0.983	-0.977	-0.963	-0.879	-0.902	-1.047	-0.985	-0.691	-0.991	-0.790	-0.918	-0.786	-0.782	-1.041	-0.751	-1.010	-0.946	-0.691	-0.691	-0.955	-0.957	-0.986	-0.967	-0.976	-0.958	-0.957	-0.957	-1.034	-0.958	-0.679	-1.063	-1.061	-0.673	-1.061	-1.035	-0.684	-0.740	-0.815	-1.047	-0.903	-1.060	-0.785	-0.666	-0.847	-1.062	-0.661	-1.047	-0.912	-0.930	-0.694	-1.030	-0.794	-1.004	-0.887	-1.064	-0.977	-0.785	-0.868	-1.001	-0.779	-0.982	-0.999	-0.891	-0.816	-0.985	-0.829	-1.058	-0.837	-0.984	-1.027	-1.027	-0.643	-0.920	-0.647	-0.899	-0.918	-0.982	-0.901	-0.925	-0.877	-0.903	-0.903	-0.891	-0.916	-1.000	-0.829	-0.830	-0.842	-0.892	-0.827	-0.915	-0.838	-0.760	-0.960	-0.730	-1.036	-0.823	-0.886	-0.891	-0.887	-0.833	-0.900	-0.897	-0.689	-0.895	-0.981	-0.901	-0.909	-0.867	-0.890	-0.865	-0.754	-0.866	-0.491	-0.540	-0.586	-0.877	-0.595	-0.865	-0.611	-0.780	-0.865	-0.880	-0.862	-0.783	-0.606	
rs2432036      -0.942	-0.499	-0.929	-0.945	-0.729	-0.903	-0.910	-0.917	-0.770	-0.447	-0.494	-0.736	-0.400	-0.692	-0.665	-0.930	-0.666	-0.927	-0.526	-0.923	-0.925	-0.929	-0.932	-0.942	-0.929	-0.954	-0.956	-0.939	-0.957	-0.971	-0.942	-0.956	-0.922	-0.935	-0.930	-0.919	-0.844	-0.866	-0.978	-0.938	-0.647	-0.938	-0.750	-0.870	-0.747	-0.743	-0.992	-0.713	-0.957	-0.883	-0.647	-0.647	-0.893	-0.895	-0.934	-0.906	-0.924	-0.897	-0.895	-0.895	-0.984	-0.896	-0.635	-1.010	-1.009	-0.629	-1.009	-0.986	-0.640	-0.703	-0.775	-0.993	-0.849	-1.008	-0.736	-0.621	-0.791	-1.006	-0.623	-0.996	-0.843	-0.875	-0.651	-0.976	-0.746	-0.947	-0.834	-1.011	-0.927	-0.741	-0.813	-0.945	-0.735	-0.938	-0.943	-0.836	-0.778	-0.933	-0.779	-1.006	-0.786	-0.932	-0.974	-0.974	-0.608	-0.859	-0.611	-0.848	-0.857	-0.925	-0.855	-0.879	-0.827	-0.857	-0.857	-0.837	-0.855	-0.952	-0.778	-0.779	-0.791	-0.838	-0.776	-0.869	-0.787	-0.718	-0.908	-0.680	-0.980	-0.771	-0.825	-0.830	-0.826	-0.785	-0.846	-0.850	-0.652	-0.842	-0.927	-0.854	-0.851	-0.816	-0.830	-0.818	-0.705	-0.815	-0.452	-0.500	-0.539	-0.830	-0.547	-0.813	-0.563	-0.733	-0.814	-0.833	-0.815	-0.735	-0.558	
rs4352620      -0.937	-0.383	-0.968	-0.988	-0.735	-0.949	-0.945	-0.954	-0.806	-0.398	-0.504	-0.744	-0.350	-0.954	-0.940	-0.715	-0.929	-0.710	-0.923	-0.575	-0.967	-0.978	-0.981	-0.994	-0.973	-1.012	-1.004	-0.983	-1.004	-1.032	-0.985	-1.001	-0.960	-0.976	-0.970	-0.956	-0.872	-0.896	-1.039	-0.978	-0.681	-0.984	-0.784	-0.911	-0.780	-0.776	-1.034	-0.745	-1.003	-0.937	-0.681	-0.682	-0.947	-0.948	-0.979	-0.958	-0.970	-0.950	-0.948	-0.948	-1.027	-0.950	-0.669	-1.055	-1.054	-0.663	-1.054	-1.028	-0.674	-0.734	-0.808	-1.040	-0.897	-1.053	-0.779	-0.656	-0.840	-1.054	-0.655	-1.039	-0.903	-0.923	-0.685	-1.022	-0.786	-0.996	-0.879	-1.057	-0.969	-0.777	-0.860	-0.993	-0.771	-0.974	-0.992	-0.883	-0.808	-0.977	-0.821	-1.051	-0.829	-0.976	-1.019	-1.019	-0.635	-0.912	-0.639	-0.891	-0.910	-0.974	-0.893	-0.917	-0.869	-0.895	-0.895	-0.883	-0.908	-0.992	-0.820	-0.822	-0.834	-0.884	-0.819	-0.907	-0.830	-0.752	-0.952	-0.721	-1.028	-0.815	-0.878	-0.883	-0.879	-0.825	-0.892	-0.889	-0.681	-0.888	-0.974	-0.893	-0.901	-0.860	-0.882	-0.857	-0.746	-0.859	-0.481	-0.531	-0.577	-0.869	-0.585	-0.857	-0.602	-0.772	-0.857	-0.873	-0.854	-0.775	-0.597	
rs430575       -0.969	-0.516	-0.934	-0.953	-0.738	-0.920	-0.913	-0.921	-0.779	-0.502	-0.474	-0.744	-0.460	-0.949	-0.939	-0.979	-0.931	-0.974	-0.925	-0.967	-0.530	-0.814	-0.815	-0.822	-0.678	-0.824	-0.761	-0.754	-0.752	-0.841	-0.763	-0.774	-0.736	-0.760	-0.758	-0.751	-0.732	-0.672	-0.873	-0.814	-0.633	-0.929	-0.710	-0.856	-0.706	-0.703	-0.990	-0.669	-0.949	-0.898	-0.634	-0.634	-0.907	-0.909	-0.925	-0.919	-0.915	-0.910	-0.909	-0.909	-0.980	-0.910	-0.621	-1.016	-1.014	-0.615	-1.014	-0.984	-0.626	-0.660	-0.744	-0.996	-0.838	-1.013	-0.719	-0.606	-0.779	-1.011	-0.574	-0.994	-0.862	-0.877	-0.638	-0.979	-0.743	-0.953	-0.836	-1.013	-0.926	-0.750	-0.813	-0.951	-0.745	-0.947	-0.948	-0.836	-0.781	-0.947	-0.778	-1.014	-0.786	-0.946	-0.975	-0.975	-0.625	-0.869	-0.628	-0.842	-0.867	-0.935	-0.873	-0.895	-0.836	-0.875	-0.875	-0.841	-0.865	-0.963	-0.778	-0.779	-0.791	-0.840	-0.776	-0.886	-0.787	-0.728	-0.930	-0.707	-0.986	-0.774	-0.834	-0.839	-0.835	-0.814	-0.847	-0.874	-0.666	-0.842	-0.931	-0.877	-0.860	-0.818	-0.839	-0.837	-0.730	-0.817	-0.483	-0.530	-0.573	-0.855	-0.580	-0.816	-0.596	-0.763	-0.816	-0.858	-0.841	-0.765	-0.591	
rs367498       -0.982	-0.531	-0.952	-0.970	-0.749	-0.937	-0.931	-0.939	-0.791	-0.506	-0.476	-0.756	-0.461	-0.954	-0.944	-0.990	-0.936	-0.985	-0.929	-0.978	-0.814	-0.544	-0.677	-0.678	-0.817	-0.711	-0.846	-0.835	-0.854	-0.751	-0.839	-0.851	-0.829	-0.834	-0.829	-0.821	-0.645	-0.771	-0.823	-0.866	-0.655	-0.936	-0.725	-0.862	-0.722	-0.718	-1.002	-0.684	-0.957	-0.907	-0.654	-0.655	-0.916	-0.918	-0.932	-0.928	-0.922	-0.920	-0.918	-0.918	-0.997	-0.919	-0.642	-1.029	-1.027	-0.636	-1.027	-0.996	-0.647	-0.675	-0.758	-1.010	-0.842	-1.026	-0.721	-0.627	-0.782	-1.024	-0.590	-1.010	-0.870	-0.887	-0.658	-0.992	-0.748	-0.967	-0.843	-1.027	-0.939	-0.762	-0.819	-0.964	-0.757	-0.960	-0.962	-0.843	-0.789	-0.960	-0.791	-1.027	-0.798	-0.960	-0.988	-0.988	-0.634	-0.881	-0.638	-0.858	-0.879	-0.948	-0.881	-0.904	-0.849	-0.883	-0.883	-0.854	-0.877	-0.973	-0.790	-0.792	-0.803	-0.854	-0.788	-0.894	-0.799	-0.740	-0.937	-0.714	-0.998	-0.785	-0.847	-0.851	-0.847	-0.818	-0.861	-0.879	-0.676	-0.856	-0.944	-0.883	-0.870	-0.830	-0.851	-0.845	-0.738	-0.829	-0.485	-0.533	-0.578	-0.860	-0.586	-0.828	-0.602	-0.767	-0.828	-0.863	-0.845	-0.770	-0.597	
rs2545638      -0.985	-0.533	-0.955	-0.972	-0.752	-0.939	-0.933	-0.942	-0.793	-0.508	-0.479	-0.758	-0.463	-0.957	-0.947	-0.993	-0.939	-0.988	-0.932	-0.981	-0.815	-0.677	-0.548	-0.684	-0.818	-0.718	-0.849	-0.837	-0.857	-0.758	-0.841	-0.854	-0.830	-0.835	-0.831	-0.822	-0.642	-0.770	-0.828	-0.868	-0.658	-0.939	-0.728	-0.865	-0.725	-0.721	-1.006	-0.688	-0.960	-0.910	-0.658	-0.658	-0.920	-0.922	-0.936	-0.932	-0.925	-0.923	-0.922	-0.921	-1.000	-0.923	-0.646	-1.032	-1.031	-0.640	-1.030	-0.999	-0.650	-0.679	-0.761	-1.013	-0.845	-1.029	-0.724	-0.631	-0.785	-1.027	-0.593	-1.014	-0.873	-0.891	-0.662	-0.996	-0.752	-0.970	-0.846	-1.030	-0.942	-0.765	-0.823	-0.967	-0.760	-0.963	-0.965	-0.847	-0.792	-0.963	-0.794	-1.030	-0.802	-0.963	-0.991	-0.991	-0.637	-0.884	-0.640	-0.861	-0.882	-0.951	-0.884	-0.907	-0.852	-0.886	-0.886	-0.857	-0.881	-0.976	-0.793	-0.795	-0.806	-0.857	-0.791	-0.897	-0.803	-0.743	-0.940	-0.717	-1.001	-0.788	-0.850	-0.855	-0.851	-0.821	-0.865	-0.882	-0.679	-0.860	-0.947	-0.886	-0.873	-0.833	-0.854	-0.848	-0.741	-0.833	-0.489	-0.536	-0.581	-0.863	-0.589	-0.831	-0.605	-0.770	-0.831	-0.866	-0.848	-0.773	-0.600	
rs449732       -0.999	-0.544	-0.966	-0.984	-0.764	-0.950	-0.944	-0.953	-0.805	-0.516	-0.490	-0.771	-0.472	-0.969	-0.958	-1.006	-0.949	-1.001	-0.942	-0.994	-0.822	-0.678	-0.684	-0.562	-0.825	-0.741	-0.860	-0.845	-0.868	-0.783	-0.849	-0.865	-0.835	-0.842	-0.837	-0.827	-0.624	-0.768	-0.848	-0.877	-0.674	-0.954	-0.743	-0.879	-0.739	-0.736	-1.019	-0.702	-0.975	-0.925	-0.674	-0.674	-0.935	-0.936	-0.950	-0.946	-0.939	-0.938	-0.936	-0.936	-1.014	-0.938	-0.661	-1.046	-1.044	-0.655	-1.044	-1.013	-0.666	-0.693	-0.775	-1.027	-0.860	-1.043	-0.739	-0.647	-0.800	-1.041	-0.608	-1.027	-0.888	-0.905	-0.677	-1.009	-0.767	-0.984	-0.861	-1.044	-0.956	-0.778	-0.838	-0.981	-0.773	-0.976	-0.979	-0.862	-0.806	-0.976	-0.808	-1.044	-0.816	-0.975	-1.005	-1.005	-0.649	-0.898	-0.653	-0.876	-0.896	-0.965	-0.897	-0.920	-0.865	-0.899	-0.899	-0.871	-0.895	-0.989	-0.808	-0.809	-0.821	-0.871	-0.806	-0.910	-0.817	-0.756	-0.953	-0.731	-1.015	-0.802	-0.864	-0.869	-0.865	-0.833	-0.879	-0.895	-0.691	-0.874	-0.961	-0.898	-0.888	-0.847	-0.869	-0.862	-0.754	-0.846	-0.502	-0.549	-0.595	-0.876	-0.602	-0.845	-0.618	-0.782	-0.845	-0.879	-0.861	-0.785	-0.613	
rs255379       -0.975	-0.521	-0.940	-0.958	-0.743	-0.925	-0.918	-0.926	-0.784	-0.505	-0.477	-0.749	-0.463	-0.954	-0.944	-0.985	-0.936	-0.979	-0.929	-0.973	-0.678	-0.817	-0.818	-0.825	-0.537	-0.826	-0.759	-0.750	-0.749	-0.843	-0.758	-0.772	-0.728	-0.756	-0.752	-0.744	-0.725	-0.654	-0.877	-0.815	-0.640	-0.936	-0.716	-0.862	-0.713	-0.709	-0.996	-0.675	-0.956	-0.904	-0.641	-0.641	-0.914	-0.915	-0.932	-0.925	-0.921	-0.917	-0.915	-0.915	-0.986	-0.916	-0.628	-1.022	-1.020	-0.622	-1.020	-0.990	-0.633	-0.666	-0.750	-1.002	-0.844	-1.019	-0.725	-0.613	-0.785	-1.017	-0.581	-1.000	-0.869	-0.883	-0.645	-0.985	-0.750	-0.960	-0.842	-1.020	-0.932	-0.756	-0.820	-0.957	-0.750	-0.953	-0.954	-0.843	-0.787	-0.953	-0.785	-1.020	-0.792	-0.952	-0.981	-0.981	-0.630	-0.875	-0.634	-0.849	-0.873	-0.941	-0.879	-0.901	-0.842	-0.880	-0.880	-0.847	-0.871	-0.968	-0.784	-0.786	-0.797	-0.846	-0.782	-0.891	-0.793	-0.734	-0.936	-0.712	-0.992	-0.780	-0.840	-0.845	-0.841	-0.819	-0.853	-0.879	-0.672	-0.848	-0.937	-0.883	-0.866	-0.824	-0.845	-0.843	-0.735	-0.823	-0.489	-0.536	-0.578	-0.861	-0.586	-0.822	-0.602	-0.768	-0.822	-0.863	-0.846	-0.770	-0.597	
rs34894        -1.018	-0.558	-0.981	-0.999	-0.781	-0.963	-0.959	-0.967	-0.821	-0.527	-0.505	-0.787	-0.482	-0.983	-0.971	-1.025	-0.961	-1.019	-0.954	-1.012	-0.824	-0.711	-0.718	-0.741	-0.826	-0.582	-0.866	-0.844	-0.874	-0.787	-0.848	-0.868	-0.828	-0.838	-0.831	-0.817	-0.542	-0.746	-0.861	-0.880	-0.697	-0.975	-0.763	-0.900	-0.759	-0.756	-1.038	-0.723	-0.995	-0.945	-0.696	-0.697	-0.955	-0.957	-0.971	-0.967	-0.960	-0.958	-0.957	-0.957	-1.033	-0.958	-0.684	-1.065	-1.063	-0.678	-1.063	-1.032	-0.689	-0.713	-0.795	-1.046	-0.881	-1.062	-0.760	-0.670	-0.822	-1.060	-0.629	-1.046	-0.910	-0.924	-0.699	-1.029	-0.788	-1.003	-0.882	-1.063	-0.975	-0.796	-0.859	-1.000	-0.790	-0.994	-0.998	-0.883	-0.826	-0.994	-0.828	-1.062	-0.836	-0.993	-1.024	-1.024	-0.667	-0.917	-0.670	-0.896	-0.915	-0.983	-0.915	-0.938	-0.884	-0.917	-0.917	-0.890	-0.914	-1.007	-0.828	-0.829	-0.841	-0.890	-0.826	-0.928	-0.837	-0.773	-0.971	-0.750	-1.034	-0.822	-0.884	-0.889	-0.885	-0.851	-0.898	-0.912	-0.709	-0.893	-0.980	-0.916	-0.908	-0.867	-0.888	-0.881	-0.773	-0.866	-0.522	-0.569	-0.614	-0.893	-0.622	-0.864	-0.638	-0.800	-0.865	-0.896	-0.878	-0.802	-0.633	
rs2548127      -1.009	-0.551	-0.968	-0.988	-0.773	-0.952	-0.946	-0.955	-0.812	-0.522	-0.503	-0.779	-0.480	-0.984	-0.972	-1.016	-0.962	-1.010	-0.956	-1.004	-0.761	-0.846	-0.849	-0.860	-0.759	-0.866	-0.572	-0.707	-0.751	-0.857	-0.726	-0.732	-0.710	-0.714	-0.704	-0.680	-0.678	-0.570	-0.898	-0.815	-0.681	-0.972	-0.750	-0.898	-0.746	-0.742	-1.029	-0.709	-0.991	-0.942	-0.681	-0.682	-0.951	-0.953	-0.967	-0.963	-0.957	-0.955	-0.953	-0.953	-1.018	-0.954	-0.669	-1.056	-1.054	-0.663	-1.054	-1.022	-0.674	-0.699	-0.783	-1.036	-0.881	-1.053	-0.762	-0.655	-0.822	-1.051	-0.615	-1.033	-0.908	-0.918	-0.685	-1.020	-0.787	-0.994	-0.878	-1.054	-0.966	-0.788	-0.857	-0.991	-0.782	-0.986	-0.989	-0.879	-0.822	-0.985	-0.820	-1.053	-0.828	-0.984	-1.015	-1.015	-0.661	-0.910	-0.665	-0.885	-0.908	-0.974	-0.910	-0.932	-0.876	-0.911	-0.911	-0.881	-0.907	-1.000	-0.820	-0.821	-0.833	-0.881	-0.818	-0.922	-0.829	-0.765	-0.968	-0.748	-1.026	-0.815	-0.877	-0.882	-0.878	-0.851	-0.888	-0.909	-0.701	-0.883	-0.971	-0.913	-0.904	-0.859	-0.881	-0.876	-0.770	-0.858	-0.523	-0.570	-0.612	-0.891	-0.620	-0.856	-0.636	-0.798	-0.857	-0.894	-0.876	-0.801	-0.631	
rs2548126      -0.987	-0.533	-0.949	-0.968	-0.753	-0.935	-0.927	-0.936	-0.794	-0.511	-0.486	-0.759	-0.469	-0.966	-0.955	-0.996	-0.946	-0.990	-0.939	-0.983	-0.754	-0.835	-0.837	-0.845	-0.750	-0.844	-0.707	-0.549	-0.744	-0.836	-0.702	-0.731	-0.706	-0.698	-0.692	-0.677	-0.688	-0.591	-0.875	-0.798	-0.656	-0.949	-0.726	-0.876	-0.723	-0.719	-1.007	-0.685	-0.969	-0.920	-0.656	-0.656	-0.929	-0.931	-0.945	-0.941	-0.934	-0.932	-0.931	-0.931	-0.996	-0.932	-0.643	-1.034	-1.032	-0.637	-1.032	-1.001	-0.648	-0.676	-0.760	-1.014	-0.857	-1.031	-0.739	-0.629	-0.799	-1.028	-0.591	-1.011	-0.885	-0.897	-0.660	-0.997	-0.764	-0.972	-0.855	-1.032	-0.943	-0.767	-0.833	-0.969	-0.762	-0.965	-0.967	-0.856	-0.799	-0.964	-0.798	-1.032	-0.806	-0.964	-0.993	-0.993	-0.640	-0.888	-0.644	-0.862	-0.886	-0.953	-0.889	-0.911	-0.854	-0.891	-0.891	-0.859	-0.885	-0.979	-0.797	-0.799	-0.810	-0.858	-0.795	-0.902	-0.807	-0.745	-0.948	-0.727	-1.004	-0.793	-0.855	-0.859	-0.855	-0.831	-0.866	-0.891	-0.682	-0.861	-0.949	-0.895	-0.882	-0.837	-0.859	-0.856	-0.750	-0.836	-0.505	-0.552	-0.593	-0.873	-0.600	-0.835	-0.616	-0.781	-0.835	-0.875	-0.858	-0.783	-0.611	
rs2431344      -1.009	-0.547	-0.968	-0.987	-0.773	-0.952	-0.945	-0.954	-0.813	-0.522	-0.501	-0.779	-0.479	-0.986	-0.974	-1.017	-0.964	-1.011	-0.957	-1.004	-0.752	-0.854	-0.857	-0.868	-0.749	-0.874	-0.751	-0.744	-0.572	-0.862	-0.740	-0.747	-0.656	-0.729	-0.720	-0.698	-0.684	-0.490	-0.901	-0.820	-0.680	-0.972	-0.752	-0.899	-0.748	-0.744	-1.029	-0.711	-0.992	-0.942	-0.680	-0.680	-0.951	-0.952	-0.968	-0.962	-0.958	-0.954	-0.953	-0.952	-1.019	-0.954	-0.668	-1.056	-1.054	-0.662	-1.054	-1.023	-0.673	-0.702	-0.784	-1.037	-0.882	-1.053	-0.763	-0.653	-0.823	-1.051	-0.617	-1.034	-0.907	-0.918	-0.684	-1.020	-0.786	-0.994	-0.878	-1.054	-0.966	-0.789	-0.856	-0.991	-0.783	-0.986	-0.989	-0.879	-0.822	-0.986	-0.819	-1.054	-0.827	-0.985	-1.015	-1.015	-0.662	-0.910	-0.665	-0.885	-0.909	-0.975	-0.910	-0.932	-0.876	-0.911	-0.911	-0.881	-0.907	-1.000	-0.819	-0.820	-0.832	-0.881	-0.817	-0.923	-0.828	-0.766	-0.968	-0.749	-1.027	-0.814	-0.877	-0.882	-0.878	-0.851	-0.888	-0.909	-0.702	-0.883	-0.971	-0.913	-0.903	-0.858	-0.881	-0.877	-0.770	-0.857	-0.522	-0.569	-0.613	-0.891	-0.621	-0.856	-0.637	-0.798	-0.856	-0.894	-0.876	-0.800	-0.632	
rs2432034      -1.040	-0.574	-0.998	-1.017	-0.800	-0.979	-0.975	-0.984	-0.838	-0.537	-0.520	-0.806	-0.492	-1.003	-0.990	-1.045	-0.978	-1.039	-0.971	-1.032	-0.841	-0.751	-0.758	-0.783	-0.843	-0.787	-0.857	-0.836	-0.862	-0.605	-0.835	-0.852	-0.807	-0.822	-0.812	-0.793	-0.309	-0.705	-0.860	-0.877	-0.722	-1.000	-0.786	-0.926	-0.782	-0.779	-1.060	-0.745	-1.020	-0.971	-0.722	-0.722	-0.980	-0.982	-0.996	-0.992	-0.985	-0.983	-0.982	-0.982	-1.054	-0.983	-0.709	-1.087	-1.086	-0.704	-1.085	-1.053	-0.714	-0.736	-0.817	-1.068	-0.908	-1.084	-0.787	-0.695	-0.849	-1.083	-0.652	-1.067	-0.936	-0.948	-0.724	-1.052	-0.813	-1.025	-0.906	-1.086	-0.998	-0.817	-0.884	-1.022	-0.811	-1.016	-1.020	-0.907	-0.849	-1.015	-0.851	-1.084	-0.859	-1.014	-1.046	-1.046	-0.687	-0.941	-0.690	-0.919	-0.939	-1.005	-0.935	-0.958	-0.906	-0.937	-0.937	-0.912	-0.938	-1.028	-0.850	-0.852	-0.863	-0.913	-0.849	-0.948	-0.860	-0.794	-0.993	-0.775	-1.057	-0.844	-0.908	-0.913	-0.909	-0.872	-0.921	-0.932	-0.728	-0.916	-1.003	-0.936	-0.933	-0.889	-0.913	-0.904	-0.796	-0.888	-0.545	-0.592	-0.637	-0.913	-0.645	-0.886	-0.661	-0.820	-0.887	-0.916	-0.898	-0.822	-0.657	
rs34896        -0.989	-0.535	-0.951	-0.970	-0.755	-0.936	-0.929	-0.938	-0.796	-0.512	-0.488	-0.761	-0.470	-0.968	-0.958	-0.997	-0.948	-0.992	-0.942	-0.985	-0.763	-0.839	-0.841	-0.849	-0.758	-0.848	-0.726	-0.702	-0.740	-0.835	-0.551	-0.720	-0.695	-0.680	-0.674	-0.657	-0.683	-0.569	-0.874	-0.796	-0.657	-0.951	-0.728	-0.878	-0.725	-0.721	-1.009	-0.687	-0.971	-0.922	-0.657	-0.657	-0.931	-0.933	-0.947	-0.943	-0.937	-0.934	-0.933	-0.933	-0.998	-0.934	-0.645	-1.035	-1.034	-0.639	-1.034	-1.003	-0.650	-0.678	-0.762	-1.016	-0.860	-1.032	-0.742	-0.630	-0.802	-1.030	-0.593	-1.013	-0.888	-0.899	-0.662	-0.999	-0.766	-0.974	-0.857	-1.034	-0.945	-0.769	-0.835	-0.971	-0.764	-0.967	-0.968	-0.858	-0.802	-0.966	-0.800	-1.034	-0.808	-0.965	-0.995	-0.995	-0.642	-0.890	-0.646	-0.864	-0.888	-0.955	-0.892	-0.914	-0.856	-0.893	-0.893	-0.860	-0.887	-0.981	-0.799	-0.801	-0.812	-0.860	-0.798	-0.904	-0.809	-0.747	-0.950	-0.728	-1.006	-0.795	-0.856	-0.861	-0.857	-0.833	-0.868	-0.893	-0.684	-0.862	-0.951	-0.896	-0.883	-0.839	-0.861	-0.857	-0.751	-0.838	-0.507	-0.553	-0.594	-0.874	-0.602	-0.837	-0.618	-0.783	-0.837	-0.877	-0.860	-0.785	-0.613	
rs34897        -1.006	-0.548	-0.966	-0.985	-0.770	-0.950	-0.943	-0.952	-0.811	-0.521	-0.501	-0.777	-0.479	-0.984	-0.972	-1.014	-0.962	-1.008	-0.956	-1.001	-0.774	-0.851	-0.854	-0.865	-0.772	-0.868	-0.732	-0.731	-0.747	-0.852	-0.720	-0.569	-0.707	-0.706	-0.697	-0.673	-0.679	-0.567	-0.892	-0.812	-0.677	-0.969	-0.747	-0.896	-0.743	-0.740	-1.026	-0.706	-0.989	-0.939	-0.678	-0.678	-0.949	-0.950	-0.965	-0.960	-0.955	-0.952	-0.950	-0.950	-1.015	-0.951	-0.665	-1.053	-1.051	-0.659	-1.051	-1.020	-0.670	-0.697	-0.780	-1.034	-0.878	-1.050	-0.760	-0.651	-0.820	-1.048	-0.612	-1.030	-0.905	-0.915	-0.682	-1.017	-0.784	-0.991	-0.875	-1.051	-0.963	-0.786	-0.853	-0.988	-0.780	-0.983	-0.986	-0.876	-0.819	-0.983	-0.817	-1.051	-0.825	-0.982	-1.012	-1.012	-0.659	-0.907	-0.663	-0.882	-0.905	-0.972	-0.908	-0.930	-0.873	-0.909	-0.909	-0.878	-0.904	-0.998	-0.817	-0.818	-0.830	-0.878	-0.815	-0.920	-0.826	-0.763	-0.966	-0.746	-1.024	-0.812	-0.874	-0.878	-0.875	-0.849	-0.885	-0.907	-0.699	-0.880	-0.968	-0.911	-0.900	-0.856	-0.878	-0.874	-0.767	-0.855	-0.521	-0.568	-0.610	-0.889	-0.617	-0.853	-0.633	-0.796	-0.854	-0.892	-0.874	-0.799	-0.628	
rs45466        -0.961	-0.506	-0.925	-0.944	-0.731	-0.912	-0.903	-0.912	-0.773	-0.493	-0.460	-0.737	-0.452	-0.946	-0.936	-0.972	-0.927	-0.966	-0.922	-0.960	-0.736	-0.829	-0.830	-0.835	-0.728	-0.828	-0.710	-0.706	-0.656	-0.807	-0.695	-0.707	-0.522	-0.697	-0.697	-0.695	-0.707	-0.577	-0.844	-0.783	-0.624	-0.923	-0.701	-0.851	-0.697	-0.693	-0.982	-0.660	-0.943	-0.892	-0.624	-0.625	-0.901	-0.903	-0.919	-0.913	-0.909	-0.904	-0.903	-0.903	-0.970	-0.904	-0.612	-1.008	-1.007	-0.606	-1.007	-0.976	-0.617	-0.651	-0.735	-0.989	-0.832	-1.005	-0.714	-0.597	-0.774	-1.003	-0.565	-0.986	-0.857	-0.871	-0.630	-0.971	-0.736	-0.946	-0.828	-1.006	-0.918	-0.743	-0.805	-0.943	-0.738	-0.941	-0.941	-0.828	-0.774	-0.941	-0.770	-1.007	-0.778	-0.940	-0.967	-0.967	-0.619	-0.862	-0.622	-0.834	-0.860	-0.927	-0.866	-0.888	-0.829	-0.868	-0.868	-0.833	-0.859	-0.956	-0.769	-0.771	-0.783	-0.832	-0.767	-0.879	-0.779	-0.722	-0.924	-0.704	-0.978	-0.766	-0.828	-0.833	-0.829	-0.809	-0.839	-0.869	-0.660	-0.834	-0.923	-0.872	-0.854	-0.810	-0.833	-0.832	-0.726	-0.809	-0.481	-0.528	-0.570	-0.850	-0.578	-0.808	-0.594	-0.759	-0.808	-0.853	-0.836	-0.761	-0.589	
rs34898        -0.979	-0.527	-0.942	-0.961	-0.747	-0.928	-0.921	-0.929	-0.788	-0.506	-0.479	-0.753	-0.464	-0.960	-0.950	-0.988	-0.941	-0.983	-0.935	-0.976	-0.760	-0.834	-0.835	-0.842	-0.756	-0.838	-0.714	-0.698	-0.729	-0.822	-0.680	-0.706	-0.697	-0.541	-0.668	-0.657	-0.687	-0.580	-0.860	-0.787	-0.646	-0.941	-0.718	-0.869	-0.714	-0.711	-0.999	-0.677	-0.961	-0.912	-0.646	-0.646	-0.921	-0.923	-0.938	-0.933	-0.927	-0.924	-0.923	-0.923	-0.988	-0.924	-0.633	-1.026	-1.024	-0.627	-1.024	-0.993	-0.638	-0.668	-0.752	-1.006	-0.851	-1.023	-0.732	-0.619	-0.792	-1.021	-0.582	-1.003	-0.877	-0.889	-0.651	-0.989	-0.756	-0.964	-0.847	-1.024	-0.935	-0.760	-0.825	-0.961	-0.755	-0.958	-0.959	-0.847	-0.792	-0.957	-0.790	-1.024	-0.798	-0.957	-0.985	-0.985	-0.634	-0.880	-0.638	-0.854	-0.878	-0.945	-0.883	-0.905	-0.846	-0.884	-0.884	-0.851	-0.877	-0.972	-0.789	-0.791	-0.803	-0.851	-0.788	-0.896	-0.799	-0.738	-0.941	-0.719	-0.997	-0.785	-0.846	-0.851	-0.847	-0.825	-0.858	-0.884	-0.676	-0.853	-0.941	-0.888	-0.874	-0.829	-0.851	-0.848	-0.742	-0.828	-0.498	-0.545	-0.586	-0.866	-0.593	-0.827	-0.609	-0.775	-0.827	-0.869	-0.852	-0.777	-0.604	
