## Summary of overall evidence for association with region:
## log10(BF for region) = -0.390767
## p-value for region = NA

## BFs for choosing among multi-SNP models:
## log10(average 1-SNP BF) = -0.33406
## log10(average 2-SNP BF) = -0.532811

## Example posterior probabilities for multi-SNP models, based on default prior: [p(l) propto 0.5^l for l=1,2,...,L]
## posterior probability of 1-SNP = 0.759655
## posterior probability of 2-SNP = 0.240345

## log10(BF) for single SNP and pair of SNPs:
rs1274493      -0.422	-0.518	-0.521	-0.269	-0.554	-0.570	-0.542	-0.653	-0.550	-0.535	-0.504	-0.537	-0.516	-0.521	-0.536	-0.536	-0.530	-0.531	-0.532	-0.522	-0.525	-0.457	-0.443	-0.495	-0.459	-0.488	-0.461	-0.463	-0.534	-0.466	-0.467	-0.470	-0.893	-0.869	-0.912	-0.919	-0.924	-0.925	-0.911	-0.924	-0.913	-0.910	-0.914	-0.702	-0.643	-0.701	-0.923	-0.628	-0.636	-0.920	-0.916	-0.829	-0.824	-0.900	-0.883	-0.630	-0.623	-0.877	-0.697	-0.697	-0.742	-0.721	-0.742	-0.669	-0.933	-0.921	-0.827	-0.888	-0.808	-0.820	-0.863	-0.108	-0.331	-0.064	-0.078	-0.274	-0.580	-0.039	-0.030	-0.049	-0.445	-0.825	-0.843	-0.758	-0.759	-0.843	-0.837	-0.782	-0.815	-0.450	-0.778	-0.749	-0.837	-0.837	-0.837	-0.771	-0.840	-0.772	-0.768	-0.833	-0.839	-0.754	-0.133	-0.784	-0.775	-0.410	-0.768	-0.853	-0.824	-0.465	-0.246	-0.247	-0.875	-0.876	-0.259	-0.262	-0.863	-0.871	-0.794	-0.240	-0.241	-0.244	-0.769	-0.770	-0.191	-0.756	-0.197	-0.187	-0.752	-0.753	-0.752	-0.751	-0.751	-0.750	-0.750	-0.750	-0.750	-0.749	-0.853	-0.748	-0.747	-0.212	-0.747	-0.763	-0.749	-0.759	-0.755	-0.753	-0.759	-0.755	-0.203	-0.751	-0.750	-0.750	-0.750	
rs116849218    -0.518	-0.401	-0.512	-0.234	-0.524	-0.525	-0.524	-0.635	-0.512	-0.519	-0.473	-0.513	-0.511	-0.512	-0.512	-0.510	-0.514	-0.517	-0.517	-0.535	-0.536	-0.485	-0.476	-0.508	-0.486	-0.503	-0.487	-0.488	-0.527	-0.490	-0.491	-0.492	-0.877	-0.854	-0.896	-0.902	-0.907	-0.908	-0.895	-0.907	-0.896	-0.894	-0.897	-0.683	-0.625	-0.682	-0.905	-0.610	-0.618	-0.903	-0.899	-0.815	-0.810	-0.884	-0.867	-0.613	-0.605	-0.862	-0.678	-0.678	-0.730	-0.708	-0.729	-0.651	-0.916	-0.901	-0.807	-0.869	-0.786	-0.799	-0.843	-0.067	-0.296	-0.022	-0.037	-0.238	-0.563	+0.004	+0.012	-0.006	-0.411	-0.804	-0.822	-0.735	-0.737	-0.822	-0.816	-0.760	-0.795	-0.403	-0.756	-0.726	-0.816	-0.816	-0.816	-0.749	-0.819	-0.750	-0.745	-0.812	-0.818	-0.732	-0.086	-0.761	-0.753	-0.362	-0.746	-0.833	-0.803	-0.432	-0.206	-0.207	-0.854	-0.855	-0.219	-0.222	-0.843	-0.851	-0.772	-0.200	-0.201	-0.204	-0.746	-0.747	-0.150	-0.732	-0.156	-0.146	-0.728	-0.729	-0.728	-0.728	-0.727	-0.726	-0.726	-0.726	-0.726	-0.726	-0.834	-0.724	-0.724	-0.168	-0.724	-0.740	-0.726	-0.736	-0.732	-0.729	-0.736	-0.732	-0.162	-0.727	-0.726	-0.726	-0.726	
rs77853814     -0.521	-0.512	-0.402	-0.236	-0.526	-0.529	-0.527	-0.636	-0.515	-0.522	-0.475	-0.517	-0.512	-0.513	-0.516	-0.514	-0.515	-0.518	-0.518	-0.536	-0.537	-0.483	-0.474	-0.508	-0.484	-0.502	-0.486	-0.486	-0.528	-0.488	-0.489	-0.491	-0.878	-0.855	-0.897	-0.904	-0.908	-0.909	-0.896	-0.908	-0.897	-0.895	-0.898	-0.684	-0.626	-0.683	-0.906	-0.611	-0.619	-0.904	-0.900	-0.816	-0.811	-0.885	-0.869	-0.614	-0.607	-0.863	-0.679	-0.680	-0.731	-0.709	-0.730	-0.652	-0.917	-0.903	-0.809	-0.870	-0.788	-0.800	-0.845	-0.070	-0.298	-0.024	-0.039	-0.240	-0.564	+0.001	+0.009	-0.009	-0.413	-0.805	-0.824	-0.737	-0.738	-0.823	-0.817	-0.761	-0.796	-0.406	-0.757	-0.727	-0.817	-0.818	-0.817	-0.750	-0.821	-0.751	-0.747	-0.813	-0.819	-0.733	-0.089	-0.763	-0.754	-0.365	-0.747	-0.834	-0.804	-0.434	-0.209	-0.210	-0.856	-0.857	-0.222	-0.225	-0.844	-0.852	-0.773	-0.203	-0.204	-0.206	-0.747	-0.748	-0.153	-0.734	-0.159	-0.148	-0.730	-0.731	-0.730	-0.729	-0.729	-0.728	-0.728	-0.728	-0.728	-0.727	-0.835	-0.726	-0.725	-0.170	-0.725	-0.741	-0.727	-0.737	-0.734	-0.731	-0.737	-0.733	-0.165	-0.729	-0.728	-0.728	-0.728	
rs4759017      -0.269	-0.234	-0.236	-0.021	-0.163	-0.312	-0.273	-0.282	-0.261	-0.269	-0.220	-0.274	-0.232	-0.236	-0.275	-0.276	-0.244	-0.241	-0.241	-0.236	-0.239	-0.187	-0.180	-0.199	-0.188	-0.202	-0.188	-0.189	-0.228	-0.190	-0.191	-0.191	-0.524	-0.505	-0.537	-0.541	-0.544	-0.544	-0.536	-0.544	-0.537	-0.532	-0.538	-0.301	-0.255	-0.300	-0.538	-0.238	-0.246	-0.536	-0.534	-0.483	-0.479	-0.531	-0.516	-0.241	-0.234	-0.511	-0.299	-0.293	-0.403	-0.384	-0.402	-0.292	-0.549	-0.530	-0.414	-0.511	-0.479	-0.486	-0.503	+0.087	-0.080	+0.125	+0.113	-0.030	-0.226	+0.147	+0.154	+0.139	-0.186	-0.481	-0.491	-0.443	-0.443	-0.491	-0.488	-0.459	-0.403	-0.197	-0.457	-0.436	-0.487	-0.488	-0.488	-0.452	-0.489	-0.452	-0.449	-0.484	-0.488	-0.438	+0.103	-0.460	-0.454	-0.166	-0.450	-0.494	-0.479	-0.183	-0.013	-0.014	-0.472	-0.473	-0.023	-0.025	-0.498	-0.468	-0.396	-0.008	-0.008	-0.011	-0.366	-0.367	+0.033	-0.352	+0.028	+0.037	-0.347	-0.349	-0.348	-0.347	-0.347	-0.346	-0.346	-0.346	-0.346	-0.345	-0.494	-0.344	-0.344	+0.035	-0.344	-0.361	-0.345	-0.355	-0.352	-0.349	-0.356	-0.352	+0.023	-0.348	-0.347	-0.347	-0.348	
rs11171796     -0.554	-0.524	-0.526	-0.163	-0.297	-0.590	-0.557	-0.543	-0.546	-0.554	-0.382	-0.558	-0.523	-0.525	-0.558	-0.559	-0.532	-0.529	-0.530	-0.526	-0.528	-0.483	-0.476	-0.494	-0.483	-0.495	-0.484	-0.484	-0.518	-0.485	-0.486	-0.487	-0.785	-0.766	-0.799	-0.803	-0.806	-0.807	-0.798	-0.806	-0.799	-0.795	-0.800	-0.571	-0.519	-0.570	-0.801	-0.503	-0.511	-0.800	-0.797	-0.738	-0.733	-0.791	-0.776	-0.506	-0.499	-0.771	-0.567	-0.564	-0.658	-0.639	-0.658	-0.554	-0.811	-0.794	-0.679	-0.773	-0.731	-0.739	-0.762	-0.137	-0.314	-0.098	-0.110	-0.263	-0.482	-0.076	-0.068	-0.084	-0.424	-0.737	-0.748	-0.692	-0.693	-0.748	-0.744	-0.710	-0.668	-0.451	-0.708	-0.685	-0.744	-0.744	-0.744	-0.702	-0.746	-0.703	-0.700	-0.741	-0.745	-0.688	-0.142	-0.711	-0.705	-0.419	-0.700	-0.753	-0.735	-0.424	-0.248	-0.249	-0.737	-0.738	-0.258	-0.260	-0.757	-0.733	-0.659	-0.242	-0.243	-0.245	-0.630	-0.631	-0.200	-0.616	-0.205	-0.196	-0.611	-0.612	-0.612	-0.611	-0.610	-0.610	-0.610	-0.609	-0.609	-0.609	-0.752	-0.608	-0.607	-0.209	-0.607	-0.624	-0.609	-0.619	-0.616	-0.613	-0.620	-0.616	-0.210	-0.611	-0.610	-0.610	-0.611	
rs2629448      -0.570	-0.525	-0.529	-0.312	-0.590	-0.444	-0.575	-0.672	-0.573	-0.570	-0.541	-0.577	-0.523	-0.528	-0.577	-0.579	-0.541	-0.540	-0.541	-0.531	-0.535	-0.450	-0.435	-0.487	-0.452	-0.482	-0.454	-0.455	-0.537	-0.458	-0.460	-0.462	-0.909	-0.884	-0.929	-0.936	-0.941	-0.942	-0.928	-0.941	-0.929	-0.927	-0.930	-0.724	-0.662	-0.723	-0.941	-0.646	-0.655	-0.938	-0.934	-0.838	-0.833	-0.915	-0.899	-0.649	-0.642	-0.893	-0.717	-0.719	-0.751	-0.729	-0.751	-0.689	-0.951	-0.943	-0.853	-0.910	-0.833	-0.845	-0.886	-0.168	-0.381	-0.125	-0.138	-0.326	-0.599	-0.100	-0.092	-0.110	-0.493	-0.849	-0.866	-0.784	-0.785	-0.866	-0.860	-0.807	-0.840	-0.514	-0.804	-0.775	-0.860	-0.861	-0.860	-0.797	-0.864	-0.798	-0.794	-0.856	-0.862	-0.780	-0.203	-0.809	-0.801	-0.479	-0.794	-0.876	-0.847	-0.509	-0.303	-0.304	-0.901	-0.902	-0.315	-0.317	-0.884	-0.897	-0.824	-0.297	-0.298	-0.300	-0.799	-0.800	-0.249	-0.787	-0.255	-0.245	-0.782	-0.783	-0.783	-0.782	-0.781	-0.781	-0.781	-0.781	-0.780	-0.780	-0.875	-0.779	-0.778	-0.276	-0.778	-0.793	-0.780	-0.789	-0.786	-0.783	-0.790	-0.786	-0.261	-0.782	-0.781	-0.781	-0.781	
rs10876882     -0.542	-0.524	-0.527	-0.273	-0.557	-0.575	-0.423	-0.654	-0.554	-0.542	-0.507	-0.544	-0.523	-0.526	-0.544	-0.544	-0.535	-0.536	-0.536	-0.527	-0.530	-0.466	-0.452	-0.501	-0.467	-0.494	-0.469	-0.471	-0.538	-0.473	-0.475	-0.477	-0.895	-0.870	-0.914	-0.920	-0.925	-0.926	-0.913	-0.925	-0.914	-0.911	-0.915	-0.704	-0.644	-0.703	-0.924	-0.629	-0.637	-0.921	-0.917	-0.830	-0.825	-0.901	-0.885	-0.632	-0.624	-0.879	-0.698	-0.699	-0.744	-0.722	-0.743	-0.670	-0.935	-0.922	-0.829	-0.889	-0.810	-0.822	-0.865	-0.112	-0.334	-0.067	-0.082	-0.276	-0.582	-0.042	-0.034	-0.052	-0.448	-0.826	-0.844	-0.759	-0.761	-0.844	-0.838	-0.784	-0.817	-0.453	-0.780	-0.750	-0.838	-0.839	-0.838	-0.773	-0.841	-0.774	-0.769	-0.834	-0.840	-0.756	-0.137	-0.785	-0.777	-0.414	-0.770	-0.855	-0.825	-0.467	-0.249	-0.250	-0.877	-0.877	-0.262	-0.265	-0.864	-0.873	-0.796	-0.243	-0.244	-0.247	-0.771	-0.772	-0.194	-0.758	-0.200	-0.190	-0.753	-0.754	-0.754	-0.753	-0.753	-0.752	-0.752	-0.752	-0.752	-0.751	-0.855	-0.750	-0.749	-0.215	-0.749	-0.765	-0.751	-0.761	-0.757	-0.754	-0.761	-0.757	-0.206	-0.753	-0.752	-0.752	-0.752	
rs34026747     -0.653	-0.635	-0.636	-0.282	-0.543	-0.672	-0.654	-0.348	-0.645	-0.653	-0.497	-0.655	-0.634	-0.636	-0.655	-0.655	-0.640	-0.638	-0.638	-0.637	-0.638	-0.608	-0.604	-0.617	-0.608	-0.616	-0.609	-0.609	-0.629	-0.609	-0.610	-0.610	-0.826	-0.800	-0.846	-0.853	-0.859	-0.859	-0.845	-0.859	-0.846	-0.844	-0.847	-0.640	-0.573	-0.639	-0.859	-0.556	-0.565	-0.856	-0.851	-0.769	-0.764	-0.840	-0.824	-0.559	-0.551	-0.818	-0.633	-0.635	-0.685	-0.664	-0.685	-0.601	-0.871	-0.859	-0.754	-0.831	-0.759	-0.770	-0.809	-0.092	-0.300	-0.049	-0.063	-0.244	-0.510	-0.025	-0.017	-0.035	-0.414	-0.773	-0.790	-0.711	-0.712	-0.789	-0.784	-0.734	-0.743	-0.476	-0.730	-0.702	-0.784	-0.784	-0.784	-0.723	-0.787	-0.724	-0.720	-0.780	-0.786	-0.707	-0.144	-0.735	-0.727	-0.442	-0.721	-0.798	-0.771	-0.430	-0.233	-0.233	-0.812	-0.813	-0.244	-0.246	-0.804	-0.808	-0.733	-0.226	-0.227	-0.230	-0.706	-0.707	-0.179	-0.694	-0.185	-0.175	-0.689	-0.690	-0.690	-0.689	-0.689	-0.688	-0.688	-0.688	-0.688	-0.687	-0.796	-0.686	-0.686	-0.215	-0.686	-0.701	-0.688	-0.697	-0.694	-0.691	-0.697	-0.693	-0.191	-0.689	-0.688	-0.688	-0.688	
rs150955176    -0.550	-0.512	-0.515	-0.261	-0.546	-0.573	-0.554	-0.645	-0.413	-0.550	-0.495	-0.551	-0.510	-0.514	-0.550	-0.550	-0.524	-0.526	-0.526	-0.541	-0.543	-0.455	-0.441	-0.492	-0.456	-0.485	-0.459	-0.460	-0.530	-0.463	-0.465	-0.467	-0.886	-0.862	-0.905	-0.912	-0.917	-0.917	-0.904	-0.917	-0.906	-0.903	-0.907	-0.695	-0.635	-0.694	-0.915	-0.620	-0.628	-0.913	-0.909	-0.822	-0.817	-0.893	-0.876	-0.623	-0.615	-0.870	-0.689	-0.690	-0.736	-0.714	-0.735	-0.662	-0.926	-0.913	-0.820	-0.880	-0.800	-0.812	-0.856	-0.095	-0.320	-0.050	-0.064	-0.262	-0.573	-0.025	-0.016	-0.035	-0.434	-0.817	-0.835	-0.750	-0.751	-0.835	-0.829	-0.774	-0.807	-0.435	-0.770	-0.740	-0.829	-0.829	-0.829	-0.763	-0.832	-0.764	-0.760	-0.825	-0.831	-0.746	-0.118	-0.775	-0.767	-0.395	-0.760	-0.845	-0.816	-0.453	-0.233	-0.234	-0.867	-0.868	-0.245	-0.248	-0.855	-0.863	-0.786	-0.227	-0.227	-0.230	-0.760	-0.761	-0.177	-0.747	-0.183	-0.173	-0.743	-0.744	-0.743	-0.742	-0.742	-0.741	-0.741	-0.741	-0.741	-0.741	-0.846	-0.739	-0.739	-0.197	-0.739	-0.754	-0.741	-0.751	-0.747	-0.744	-0.751	-0.747	-0.189	-0.742	-0.741	-0.741	-0.741	
rs773665       -0.535	-0.519	-0.522	-0.269	-0.554	-0.570	-0.542	-0.653	-0.550	-0.422	-0.504	-0.536	-0.517	-0.521	-0.536	-0.536	-0.530	-0.531	-0.532	-0.522	-0.525	-0.458	-0.444	-0.496	-0.460	-0.489	-0.462	-0.464	-0.535	-0.467	-0.468	-0.471	-0.893	-0.869	-0.912	-0.919	-0.924	-0.925	-0.912	-0.924	-0.913	-0.910	-0.914	-0.702	-0.643	-0.701	-0.923	-0.628	-0.636	-0.920	-0.916	-0.829	-0.824	-0.900	-0.883	-0.630	-0.623	-0.877	-0.697	-0.697	-0.743	-0.721	-0.742	-0.669	-0.933	-0.921	-0.828	-0.888	-0.808	-0.820	-0.864	-0.108	-0.331	-0.064	-0.078	-0.274	-0.580	-0.039	-0.030	-0.049	-0.446	-0.825	-0.843	-0.758	-0.759	-0.843	-0.837	-0.782	-0.815	-0.450	-0.779	-0.749	-0.837	-0.837	-0.837	-0.771	-0.840	-0.772	-0.768	-0.833	-0.839	-0.755	-0.133	-0.784	-0.775	-0.411	-0.768	-0.853	-0.824	-0.465	-0.247	-0.247	-0.875	-0.876	-0.259	-0.262	-0.863	-0.871	-0.794	-0.240	-0.241	-0.244	-0.769	-0.770	-0.191	-0.756	-0.197	-0.187	-0.752	-0.753	-0.752	-0.751	-0.751	-0.750	-0.750	-0.750	-0.750	-0.749	-0.853	-0.748	-0.747	-0.212	-0.748	-0.763	-0.749	-0.759	-0.755	-0.753	-0.759	-0.755	-0.203	-0.751	-0.750	-0.750	-0.750	
rs11613055     -0.504	-0.473	-0.475	-0.220	-0.382	-0.541	-0.507	-0.497	-0.495	-0.504	-0.248	-0.508	-0.472	-0.474	-0.508	-0.509	-0.481	-0.478	-0.479	-0.476	-0.478	-0.431	-0.425	-0.443	-0.432	-0.444	-0.433	-0.433	-0.468	-0.434	-0.435	-0.435	-0.739	-0.720	-0.752	-0.757	-0.760	-0.760	-0.752	-0.760	-0.753	-0.748	-0.753	-0.523	-0.472	-0.522	-0.755	-0.455	-0.463	-0.753	-0.750	-0.694	-0.689	-0.745	-0.731	-0.458	-0.451	-0.726	-0.519	-0.516	-0.615	-0.595	-0.614	-0.507	-0.765	-0.747	-0.630	-0.727	-0.687	-0.695	-0.716	-0.096	-0.271	-0.057	-0.070	-0.221	-0.436	-0.035	-0.027	-0.043	-0.381	-0.691	-0.703	-0.649	-0.649	-0.703	-0.699	-0.666	-0.619	-0.405	-0.664	-0.642	-0.699	-0.699	-0.699	-0.658	-0.701	-0.659	-0.656	-0.695	-0.700	-0.644	-0.097	-0.667	-0.661	-0.373	-0.656	-0.707	-0.690	-0.380	-0.205	-0.206	-0.688	-0.689	-0.215	-0.217	-0.712	-0.684	-0.610	-0.199	-0.200	-0.202	-0.580	-0.581	-0.157	-0.566	-0.162	-0.153	-0.561	-0.563	-0.562	-0.561	-0.561	-0.560	-0.560	-0.560	-0.560	-0.559	-0.706	-0.558	-0.557	-0.164	-0.558	-0.575	-0.559	-0.569	-0.566	-0.563	-0.570	-0.566	-0.167	-0.562	-0.561	-0.561	-0.561	
rs2371494      -0.537	-0.513	-0.517	-0.274	-0.558	-0.577	-0.544	-0.655	-0.551	-0.536	-0.508	-0.424	-0.511	-0.516	-0.539	-0.540	-0.527	-0.528	-0.529	-0.517	-0.521	-0.445	-0.429	-0.488	-0.447	-0.479	-0.450	-0.451	-0.532	-0.455	-0.456	-0.459	-0.895	-0.871	-0.914	-0.921	-0.926	-0.927	-0.914	-0.926	-0.915	-0.912	-0.916	-0.705	-0.645	-0.704	-0.925	-0.630	-0.638	-0.922	-0.918	-0.830	-0.825	-0.902	-0.885	-0.633	-0.625	-0.879	-0.699	-0.700	-0.744	-0.722	-0.743	-0.671	-0.936	-0.923	-0.830	-0.891	-0.811	-0.823	-0.866	-0.115	-0.336	-0.070	-0.085	-0.279	-0.583	-0.045	-0.037	-0.055	-0.451	-0.828	-0.846	-0.761	-0.763	-0.846	-0.840	-0.785	-0.818	-0.457	-0.782	-0.752	-0.840	-0.840	-0.840	-0.774	-0.843	-0.775	-0.771	-0.836	-0.842	-0.758	-0.141	-0.787	-0.778	-0.418	-0.772	-0.856	-0.827	-0.470	-0.253	-0.253	-0.878	-0.879	-0.265	-0.268	-0.865	-0.874	-0.798	-0.246	-0.247	-0.250	-0.772	-0.773	-0.197	-0.759	-0.203	-0.193	-0.755	-0.756	-0.755	-0.755	-0.754	-0.754	-0.754	-0.753	-0.753	-0.753	-0.856	-0.751	-0.751	-0.219	-0.751	-0.766	-0.753	-0.763	-0.759	-0.756	-0.763	-0.759	-0.209	-0.755	-0.753	-0.753	-0.754	
rs79101914     -0.516	-0.511	-0.512	-0.232	-0.523	-0.523	-0.523	-0.634	-0.510	-0.517	-0.472	-0.511	-0.400	-0.512	-0.510	-0.508	-0.513	-0.516	-0.516	-0.535	-0.536	-0.486	-0.478	-0.509	-0.487	-0.504	-0.489	-0.489	-0.527	-0.491	-0.492	-0.493	-0.877	-0.853	-0.895	-0.902	-0.907	-0.907	-0.895	-0.907	-0.896	-0.893	-0.897	-0.682	-0.624	-0.681	-0.905	-0.610	-0.618	-0.902	-0.898	-0.815	-0.810	-0.884	-0.867	-0.612	-0.605	-0.861	-0.677	-0.678	-0.729	-0.708	-0.729	-0.651	-0.915	-0.901	-0.806	-0.868	-0.786	-0.798	-0.842	-0.066	-0.295	-0.020	-0.035	-0.236	-0.562	+0.005	+0.014	-0.005	-0.410	-0.803	-0.822	-0.734	-0.736	-0.821	-0.815	-0.759	-0.794	-0.402	-0.755	-0.725	-0.815	-0.816	-0.815	-0.748	-0.818	-0.749	-0.744	-0.811	-0.817	-0.731	-0.084	-0.761	-0.752	-0.360	-0.745	-0.832	-0.802	-0.431	-0.205	-0.206	-0.853	-0.854	-0.218	-0.221	-0.843	-0.850	-0.771	-0.199	-0.200	-0.203	-0.745	-0.746	-0.149	-0.732	-0.155	-0.144	-0.727	-0.728	-0.728	-0.727	-0.726	-0.726	-0.726	-0.725	-0.725	-0.725	-0.833	-0.723	-0.723	-0.166	-0.723	-0.739	-0.725	-0.735	-0.731	-0.728	-0.735	-0.731	-0.161	-0.727	-0.725	-0.725	-0.726	
rs11575248     -0.521	-0.512	-0.513	-0.236	-0.525	-0.528	-0.526	-0.636	-0.514	-0.521	-0.474	-0.516	-0.512	-0.402	-0.514	-0.513	-0.514	-0.518	-0.518	-0.536	-0.537	-0.483	-0.474	-0.507	-0.484	-0.502	-0.485	-0.486	-0.527	-0.488	-0.489	-0.490	-0.878	-0.855	-0.897	-0.903	-0.908	-0.909	-0.896	-0.908	-0.897	-0.894	-0.898	-0.684	-0.626	-0.683	-0.906	-0.611	-0.619	-0.904	-0.900	-0.816	-0.811	-0.885	-0.868	-0.614	-0.606	-0.862	-0.679	-0.679	-0.730	-0.709	-0.730	-0.652	-0.917	-0.902	-0.808	-0.870	-0.787	-0.800	-0.844	-0.069	-0.298	-0.024	-0.039	-0.239	-0.564	+0.002	+0.010	-0.008	-0.413	-0.805	-0.823	-0.736	-0.738	-0.823	-0.817	-0.761	-0.796	-0.405	-0.757	-0.727	-0.817	-0.817	-0.817	-0.750	-0.820	-0.751	-0.746	-0.813	-0.819	-0.733	-0.088	-0.762	-0.754	-0.364	-0.747	-0.834	-0.804	-0.433	-0.208	-0.209	-0.855	-0.856	-0.221	-0.224	-0.844	-0.852	-0.773	-0.202	-0.203	-0.206	-0.747	-0.748	-0.152	-0.734	-0.158	-0.148	-0.729	-0.730	-0.730	-0.729	-0.728	-0.728	-0.728	-0.727	-0.727	-0.727	-0.835	-0.725	-0.725	-0.170	-0.725	-0.741	-0.727	-0.737	-0.733	-0.730	-0.737	-0.733	-0.164	-0.729	-0.727	-0.727	-0.728	
rs2066808      -0.536	-0.512	-0.516	-0.275	-0.558	-0.577	-0.544	-0.655	-0.550	-0.536	-0.508	-0.539	-0.510	-0.514	-0.424	-0.538	-0.525	-0.526	-0.527	-0.514	-0.519	-0.441	-0.424	-0.485	-0.443	-0.476	-0.446	-0.447	-0.530	-0.451	-0.453	-0.455	-0.895	-0.871	-0.914	-0.921	-0.926	-0.927	-0.913	-0.926	-0.915	-0.912	-0.916	-0.705	-0.645	-0.704	-0.925	-0.630	-0.638	-0.922	-0.918	-0.830	-0.825	-0.902	-0.885	-0.632	-0.625	-0.879	-0.699	-0.700	-0.744	-0.722	-0.743	-0.671	-0.935	-0.923	-0.830	-0.891	-0.811	-0.823	-0.866	-0.115	-0.336	-0.070	-0.085	-0.279	-0.582	-0.046	-0.037	-0.055	-0.451	-0.828	-0.846	-0.761	-0.763	-0.846	-0.840	-0.785	-0.818	-0.457	-0.782	-0.752	-0.840	-0.840	-0.840	-0.774	-0.843	-0.775	-0.771	-0.836	-0.842	-0.758	-0.141	-0.787	-0.778	-0.418	-0.772	-0.856	-0.827	-0.470	-0.253	-0.254	-0.878	-0.879	-0.265	-0.268	-0.865	-0.874	-0.798	-0.246	-0.247	-0.250	-0.772	-0.773	-0.198	-0.759	-0.203	-0.193	-0.755	-0.756	-0.755	-0.755	-0.754	-0.753	-0.753	-0.753	-0.753	-0.753	-0.856	-0.751	-0.751	-0.219	-0.751	-0.766	-0.753	-0.762	-0.759	-0.756	-0.763	-0.759	-0.209	-0.754	-0.753	-0.753	-0.753	
rs116535779    -0.536	-0.510	-0.514	-0.276	-0.559	-0.579	-0.544	-0.655	-0.550	-0.536	-0.509	-0.540	-0.508	-0.513	-0.538	-0.425	-0.524	-0.525	-0.525	-0.513	-0.517	-0.437	-0.420	-0.482	-0.439	-0.473	-0.441	-0.443	-0.529	-0.447	-0.449	-0.451	-0.896	-0.871	-0.915	-0.921	-0.927	-0.927	-0.914	-0.927	-0.915	-0.912	-0.916	-0.705	-0.645	-0.704	-0.925	-0.630	-0.638	-0.922	-0.918	-0.830	-0.825	-0.902	-0.885	-0.633	-0.625	-0.880	-0.699	-0.700	-0.744	-0.722	-0.743	-0.672	-0.936	-0.924	-0.831	-0.891	-0.812	-0.824	-0.867	-0.116	-0.337	-0.072	-0.086	-0.280	-0.583	-0.047	-0.038	-0.056	-0.452	-0.828	-0.846	-0.762	-0.763	-0.846	-0.840	-0.786	-0.818	-0.458	-0.782	-0.752	-0.840	-0.841	-0.840	-0.775	-0.843	-0.776	-0.772	-0.836	-0.842	-0.758	-0.142	-0.787	-0.779	-0.419	-0.772	-0.856	-0.827	-0.470	-0.254	-0.255	-0.878	-0.879	-0.266	-0.269	-0.865	-0.875	-0.798	-0.248	-0.248	-0.251	-0.773	-0.774	-0.199	-0.760	-0.204	-0.194	-0.756	-0.757	-0.756	-0.755	-0.755	-0.754	-0.754	-0.754	-0.754	-0.753	-0.856	-0.752	-0.751	-0.220	-0.751	-0.767	-0.753	-0.763	-0.759	-0.757	-0.763	-0.759	-0.210	-0.755	-0.754	-0.754	-0.754	
rs111580405    -0.530	-0.514	-0.515	-0.244	-0.532	-0.541	-0.535	-0.640	-0.524	-0.530	-0.481	-0.527	-0.513	-0.514	-0.525	-0.524	-0.407	-0.520	-0.520	-0.537	-0.538	-0.474	-0.463	-0.503	-0.475	-0.497	-0.477	-0.478	-0.529	-0.480	-0.482	-0.483	-0.882	-0.858	-0.900	-0.907	-0.912	-0.912	-0.900	-0.912	-0.901	-0.898	-0.902	-0.688	-0.630	-0.687	-0.910	-0.615	-0.623	-0.907	-0.904	-0.819	-0.814	-0.889	-0.872	-0.618	-0.610	-0.866	-0.683	-0.684	-0.733	-0.712	-0.733	-0.656	-0.921	-0.907	-0.813	-0.874	-0.792	-0.804	-0.849	-0.078	-0.306	-0.033	-0.048	-0.247	-0.568	-0.008	+0.001	-0.018	-0.420	-0.809	-0.828	-0.741	-0.743	-0.828	-0.821	-0.766	-0.800	-0.415	-0.762	-0.732	-0.821	-0.822	-0.822	-0.755	-0.825	-0.756	-0.751	-0.818	-0.824	-0.738	-0.098	-0.767	-0.759	-0.375	-0.752	-0.839	-0.808	-0.441	-0.217	-0.218	-0.860	-0.861	-0.230	-0.233	-0.848	-0.856	-0.778	-0.211	-0.212	-0.214	-0.752	-0.753	-0.161	-0.739	-0.167	-0.157	-0.734	-0.735	-0.735	-0.734	-0.734	-0.733	-0.733	-0.733	-0.733	-0.732	-0.839	-0.731	-0.730	-0.179	-0.730	-0.746	-0.732	-0.742	-0.738	-0.735	-0.742	-0.738	-0.173	-0.734	-0.733	-0.733	-0.733	
rs2066807      -0.531	-0.517	-0.518	-0.241	-0.529	-0.540	-0.536	-0.638	-0.526	-0.531	-0.478	-0.528	-0.516	-0.518	-0.526	-0.525	-0.520	-0.404	-0.515	-0.533	-0.535	-0.469	-0.457	-0.500	-0.470	-0.493	-0.472	-0.473	-0.524	-0.475	-0.477	-0.478	-0.880	-0.856	-0.898	-0.905	-0.910	-0.910	-0.897	-0.910	-0.899	-0.896	-0.900	-0.686	-0.628	-0.685	-0.908	-0.613	-0.621	-0.905	-0.901	-0.817	-0.812	-0.886	-0.870	-0.615	-0.608	-0.864	-0.681	-0.681	-0.731	-0.710	-0.731	-0.654	-0.918	-0.904	-0.810	-0.871	-0.790	-0.802	-0.846	-0.074	-0.302	-0.028	-0.043	-0.243	-0.565	-0.003	+0.006	-0.013	-0.416	-0.807	-0.825	-0.739	-0.740	-0.825	-0.819	-0.763	-0.798	-0.410	-0.759	-0.729	-0.819	-0.820	-0.819	-0.752	-0.822	-0.753	-0.749	-0.815	-0.821	-0.735	-0.093	-0.765	-0.756	-0.369	-0.749	-0.836	-0.806	-0.437	-0.212	-0.213	-0.857	-0.858	-0.225	-0.228	-0.846	-0.854	-0.775	-0.206	-0.207	-0.210	-0.749	-0.750	-0.156	-0.736	-0.162	-0.152	-0.732	-0.733	-0.732	-0.731	-0.731	-0.730	-0.730	-0.730	-0.730	-0.729	-0.837	-0.728	-0.727	-0.174	-0.728	-0.743	-0.729	-0.739	-0.736	-0.733	-0.740	-0.735	-0.168	-0.731	-0.730	-0.730	-0.730	
rs57137641     -0.532	-0.517	-0.518	-0.241	-0.530	-0.541	-0.536	-0.638	-0.526	-0.532	-0.479	-0.529	-0.516	-0.518	-0.527	-0.525	-0.520	-0.515	-0.404	-0.534	-0.535	-0.468	-0.456	-0.499	-0.469	-0.492	-0.471	-0.472	-0.524	-0.475	-0.476	-0.478	-0.880	-0.856	-0.898	-0.905	-0.910	-0.910	-0.898	-0.910	-0.899	-0.896	-0.900	-0.686	-0.628	-0.685	-0.908	-0.613	-0.621	-0.905	-0.902	-0.817	-0.812	-0.887	-0.870	-0.615	-0.608	-0.864	-0.681	-0.681	-0.731	-0.710	-0.731	-0.654	-0.919	-0.905	-0.811	-0.872	-0.790	-0.802	-0.847	-0.074	-0.302	-0.029	-0.044	-0.244	-0.566	-0.004	+0.005	-0.014	-0.417	-0.807	-0.826	-0.739	-0.741	-0.825	-0.819	-0.763	-0.798	-0.411	-0.760	-0.730	-0.819	-0.820	-0.819	-0.752	-0.823	-0.753	-0.749	-0.815	-0.821	-0.735	-0.093	-0.765	-0.756	-0.370	-0.750	-0.836	-0.806	-0.437	-0.213	-0.214	-0.858	-0.859	-0.226	-0.229	-0.846	-0.854	-0.776	-0.206	-0.207	-0.210	-0.750	-0.751	-0.157	-0.737	-0.163	-0.152	-0.732	-0.733	-0.732	-0.732	-0.731	-0.731	-0.731	-0.730	-0.730	-0.730	-0.837	-0.728	-0.728	-0.175	-0.728	-0.744	-0.730	-0.740	-0.736	-0.733	-0.740	-0.736	-0.169	-0.732	-0.730	-0.730	-0.731	
rs2020854      -0.522	-0.535	-0.536	-0.236	-0.526	-0.531	-0.527	-0.637	-0.541	-0.522	-0.476	-0.517	-0.535	-0.536	-0.514	-0.513	-0.537	-0.533	-0.534	-0.403	-0.514	-0.483	-0.474	-0.508	-0.484	-0.502	-0.486	-0.486	-0.527	-0.488	-0.489	-0.490	-0.879	-0.855	-0.897	-0.904	-0.909	-0.909	-0.896	-0.909	-0.898	-0.895	-0.899	-0.685	-0.627	-0.684	-0.907	-0.612	-0.620	-0.904	-0.900	-0.816	-0.811	-0.885	-0.869	-0.614	-0.607	-0.863	-0.679	-0.680	-0.731	-0.709	-0.730	-0.653	-0.917	-0.903	-0.808	-0.870	-0.789	-0.801	-0.845	-0.070	-0.298	-0.025	-0.039	-0.239	-0.564	+0.001	+0.009	-0.009	-0.413	-0.806	-0.824	-0.737	-0.739	-0.824	-0.818	-0.762	-0.796	-0.405	-0.758	-0.728	-0.818	-0.818	-0.818	-0.751	-0.821	-0.752	-0.748	-0.814	-0.820	-0.734	-0.088	-0.763	-0.755	-0.364	-0.748	-0.835	-0.805	-0.434	-0.209	-0.210	-0.855	-0.856	-0.222	-0.225	-0.845	-0.852	-0.773	-0.203	-0.203	-0.206	-0.747	-0.748	-0.153	-0.734	-0.159	-0.148	-0.729	-0.730	-0.730	-0.729	-0.729	-0.728	-0.728	-0.728	-0.728	-0.727	-0.836	-0.726	-0.725	-0.170	-0.725	-0.741	-0.727	-0.737	-0.733	-0.730	-0.737	-0.733	-0.165	-0.729	-0.728	-0.728	-0.728	
rs11575234     -0.525	-0.536	-0.537	-0.239	-0.528	-0.535	-0.530	-0.638	-0.543	-0.525	-0.478	-0.521	-0.536	-0.537	-0.519	-0.517	-0.538	-0.535	-0.535	-0.514	-0.404	-0.481	-0.471	-0.507	-0.482	-0.501	-0.484	-0.485	-0.528	-0.486	-0.487	-0.489	-0.879	-0.856	-0.898	-0.905	-0.910	-0.910	-0.897	-0.910	-0.898	-0.896	-0.900	-0.686	-0.627	-0.685	-0.908	-0.613	-0.621	-0.905	-0.901	-0.817	-0.812	-0.886	-0.870	-0.615	-0.608	-0.864	-0.680	-0.681	-0.731	-0.710	-0.731	-0.654	-0.918	-0.904	-0.810	-0.871	-0.790	-0.802	-0.846	-0.073	-0.300	-0.027	-0.042	-0.241	-0.565	-0.002	+0.007	-0.012	-0.415	-0.807	-0.825	-0.739	-0.740	-0.825	-0.819	-0.763	-0.797	-0.408	-0.760	-0.729	-0.819	-0.819	-0.819	-0.752	-0.822	-0.753	-0.749	-0.815	-0.821	-0.735	-0.091	-0.765	-0.756	-0.367	-0.749	-0.836	-0.806	-0.436	-0.211	-0.212	-0.857	-0.858	-0.224	-0.227	-0.846	-0.853	-0.774	-0.205	-0.206	-0.209	-0.748	-0.749	-0.155	-0.735	-0.161	-0.151	-0.731	-0.732	-0.731	-0.730	-0.730	-0.729	-0.729	-0.729	-0.729	-0.729	-0.837	-0.727	-0.727	-0.173	-0.727	-0.742	-0.729	-0.739	-0.735	-0.732	-0.739	-0.735	-0.167	-0.730	-0.729	-0.729	-0.729	
rs11575232     -0.457	-0.485	-0.483	-0.187	-0.483	-0.450	-0.466	-0.608	-0.455	-0.458	-0.431	-0.445	-0.486	-0.483	-0.441	-0.437	-0.474	-0.469	-0.468	-0.483	-0.481	-0.370	-0.474	-0.486	-0.476	-0.479	-0.476	-0.476	-0.473	-0.477	-0.477	-0.477	-0.852	-0.829	-0.870	-0.877	-0.881	-0.882	-0.870	-0.881	-0.871	-0.868	-0.872	-0.654	-0.598	-0.653	-0.879	-0.583	-0.591	-0.876	-0.873	-0.793	-0.788	-0.859	-0.842	-0.586	-0.578	-0.837	-0.650	-0.650	-0.708	-0.686	-0.707	-0.624	-0.889	-0.873	-0.777	-0.840	-0.755	-0.767	-0.813	-0.012	-0.248	+0.034	+0.019	-0.188	-0.536	+0.060	+0.069	+0.050	-0.364	-0.773	-0.792	-0.703	-0.705	-0.792	-0.785	-0.728	-0.764	-0.337	-0.724	-0.693	-0.785	-0.786	-0.785	-0.717	-0.789	-0.718	-0.713	-0.781	-0.787	-0.699	-0.022	-0.729	-0.721	-0.294	-0.714	-0.803	-0.772	-0.387	-0.152	-0.153	-0.823	-0.825	-0.165	-0.168	-0.815	-0.820	-0.739	-0.146	-0.147	-0.150	-0.712	-0.713	-0.095	-0.699	-0.101	-0.090	-0.694	-0.695	-0.694	-0.694	-0.693	-0.692	-0.692	-0.692	-0.692	-0.692	-0.805	-0.690	-0.690	-0.107	-0.690	-0.706	-0.692	-0.702	-0.698	-0.695	-0.702	-0.698	-0.107	-0.693	-0.692	-0.692	-0.692	
rs11575231     -0.443	-0.476	-0.474	-0.180	-0.476	-0.435	-0.452	-0.604	-0.441	-0.444	-0.425	-0.429	-0.478	-0.474	-0.424	-0.420	-0.463	-0.457	-0.456	-0.474	-0.471	-0.474	-0.365	-0.482	-0.474	-0.475	-0.474	-0.474	-0.464	-0.474	-0.474	-0.474	-0.848	-0.825	-0.866	-0.872	-0.877	-0.877	-0.865	-0.877	-0.867	-0.863	-0.868	-0.650	-0.593	-0.649	-0.875	-0.579	-0.587	-0.872	-0.868	-0.789	-0.784	-0.855	-0.838	-0.581	-0.574	-0.833	-0.645	-0.645	-0.704	-0.683	-0.703	-0.620	-0.885	-0.868	-0.772	-0.835	-0.750	-0.762	-0.809	-0.004	-0.240	+0.043	+0.028	-0.180	-0.531	+0.069	+0.078	+0.058	-0.357	-0.768	-0.787	-0.698	-0.699	-0.787	-0.780	-0.723	-0.759	-0.327	-0.719	-0.688	-0.780	-0.781	-0.781	-0.711	-0.784	-0.712	-0.708	-0.776	-0.783	-0.694	-0.012	-0.724	-0.715	-0.283	-0.708	-0.799	-0.767	-0.380	-0.144	-0.145	-0.819	-0.820	-0.157	-0.160	-0.810	-0.815	-0.733	-0.137	-0.138	-0.141	-0.707	-0.708	-0.086	-0.693	-0.092	-0.082	-0.689	-0.690	-0.689	-0.688	-0.688	-0.687	-0.687	-0.687	-0.687	-0.686	-0.801	-0.685	-0.684	-0.098	-0.684	-0.701	-0.686	-0.697	-0.693	-0.690	-0.697	-0.692	-0.098	-0.688	-0.687	-0.687	-0.687	
rs57367440     -0.495	-0.508	-0.508	-0.199	-0.494	-0.487	-0.501	-0.617	-0.492	-0.496	-0.443	-0.488	-0.509	-0.507	-0.485	-0.482	-0.503	-0.500	-0.499	-0.508	-0.507	-0.486	-0.482	-0.380	-0.486	-0.494	-0.487	-0.487	-0.499	-0.488	-0.488	-0.489	-0.861	-0.837	-0.879	-0.885	-0.890	-0.890	-0.878	-0.890	-0.879	-0.876	-0.880	-0.665	-0.607	-0.664	-0.888	-0.592	-0.600	-0.885	-0.881	-0.800	-0.795	-0.867	-0.851	-0.595	-0.587	-0.845	-0.659	-0.660	-0.715	-0.694	-0.715	-0.632	-0.898	-0.882	-0.786	-0.849	-0.764	-0.777	-0.823	-0.023	-0.259	+0.023	+0.008	-0.199	-0.543	+0.049	+0.058	+0.039	-0.379	-0.783	-0.801	-0.713	-0.714	-0.801	-0.795	-0.737	-0.773	-0.358	-0.734	-0.703	-0.795	-0.795	-0.795	-0.726	-0.798	-0.727	-0.723	-0.791	-0.797	-0.709	-0.043	-0.739	-0.730	-0.316	-0.723	-0.813	-0.782	-0.398	-0.163	-0.164	-0.833	-0.834	-0.177	-0.180	-0.824	-0.829	-0.748	-0.157	-0.158	-0.161	-0.722	-0.723	-0.106	-0.709	-0.112	-0.101	-0.704	-0.705	-0.704	-0.704	-0.703	-0.702	-0.702	-0.702	-0.702	-0.702	-0.814	-0.700	-0.700	-0.127	-0.700	-0.716	-0.702	-0.712	-0.708	-0.705	-0.712	-0.708	-0.118	-0.703	-0.702	-0.702	-0.702	
rs75598973     -0.459	-0.486	-0.484	-0.188	-0.483	-0.452	-0.467	-0.608	-0.456	-0.460	-0.432	-0.447	-0.487	-0.484	-0.443	-0.439	-0.475	-0.470	-0.469	-0.484	-0.482	-0.476	-0.474	-0.486	-0.370	-0.480	-0.476	-0.476	-0.474	-0.477	-0.477	-0.477	-0.852	-0.830	-0.871	-0.877	-0.882	-0.882	-0.870	-0.882	-0.871	-0.868	-0.872	-0.655	-0.598	-0.654	-0.879	-0.583	-0.591	-0.877	-0.873	-0.793	-0.788	-0.860	-0.843	-0.586	-0.579	-0.837	-0.650	-0.650	-0.708	-0.687	-0.707	-0.624	-0.890	-0.873	-0.777	-0.840	-0.755	-0.768	-0.814	-0.013	-0.248	+0.034	+0.019	-0.188	-0.536	+0.060	+0.068	+0.049	-0.364	-0.773	-0.792	-0.703	-0.705	-0.792	-0.786	-0.728	-0.764	-0.338	-0.724	-0.694	-0.786	-0.786	-0.786	-0.717	-0.789	-0.718	-0.713	-0.782	-0.788	-0.700	-0.022	-0.730	-0.721	-0.294	-0.714	-0.804	-0.772	-0.387	-0.152	-0.153	-0.824	-0.825	-0.166	-0.169	-0.815	-0.820	-0.739	-0.146	-0.147	-0.150	-0.712	-0.713	-0.095	-0.699	-0.101	-0.091	-0.694	-0.695	-0.695	-0.694	-0.694	-0.693	-0.693	-0.693	-0.692	-0.692	-0.806	-0.691	-0.690	-0.108	-0.690	-0.706	-0.692	-0.702	-0.699	-0.695	-0.702	-0.698	-0.107	-0.694	-0.693	-0.692	-0.693	
rs148874097    -0.488	-0.503	-0.502	-0.202	-0.495	-0.482	-0.494	-0.616	-0.485	-0.489	-0.444	-0.479	-0.504	-0.502	-0.476	-0.473	-0.497	-0.493	-0.492	-0.502	-0.501	-0.479	-0.475	-0.494	-0.480	-0.379	-0.480	-0.481	-0.493	-0.482	-0.482	-0.483	-0.860	-0.837	-0.878	-0.885	-0.889	-0.890	-0.877	-0.889	-0.879	-0.876	-0.880	-0.663	-0.606	-0.662	-0.887	-0.591	-0.600	-0.885	-0.881	-0.800	-0.795	-0.867	-0.850	-0.594	-0.587	-0.844	-0.658	-0.659	-0.714	-0.693	-0.714	-0.632	-0.898	-0.882	-0.786	-0.848	-0.764	-0.777	-0.823	-0.028	-0.262	+0.018	+0.003	-0.202	-0.544	+0.044	+0.053	+0.034	-0.378	-0.783	-0.801	-0.713	-0.714	-0.801	-0.795	-0.738	-0.773	-0.356	-0.734	-0.703	-0.795	-0.795	-0.795	-0.726	-0.798	-0.727	-0.723	-0.791	-0.797	-0.709	-0.040	-0.739	-0.730	-0.314	-0.723	-0.812	-0.782	-0.400	-0.168	-0.169	-0.833	-0.834	-0.181	-0.184	-0.823	-0.829	-0.749	-0.162	-0.162	-0.165	-0.722	-0.723	-0.111	-0.709	-0.117	-0.106	-0.704	-0.706	-0.705	-0.704	-0.704	-0.703	-0.703	-0.703	-0.703	-0.702	-0.814	-0.701	-0.700	-0.125	-0.700	-0.716	-0.702	-0.712	-0.709	-0.706	-0.712	-0.708	-0.123	-0.704	-0.703	-0.703	-0.703	
rs2066819      -0.461	-0.487	-0.486	-0.188	-0.484	-0.454	-0.469	-0.609	-0.459	-0.462	-0.433	-0.450	-0.489	-0.485	-0.446	-0.441	-0.477	-0.472	-0.471	-0.486	-0.484	-0.476	-0.474	-0.487	-0.476	-0.480	-0.370	-0.477	-0.476	-0.477	-0.477	-0.478	-0.853	-0.830	-0.871	-0.877	-0.882	-0.882	-0.870	-0.882	-0.871	-0.868	-0.872	-0.655	-0.599	-0.654	-0.880	-0.584	-0.592	-0.877	-0.873	-0.793	-0.789	-0.860	-0.843	-0.586	-0.579	-0.837	-0.650	-0.651	-0.708	-0.687	-0.708	-0.625	-0.890	-0.874	-0.778	-0.840	-0.756	-0.768	-0.814	-0.013	-0.249	+0.033	+0.018	-0.189	-0.537	+0.059	+0.068	+0.049	-0.365	-0.774	-0.793	-0.704	-0.705	-0.792	-0.786	-0.729	-0.765	-0.338	-0.725	-0.694	-0.786	-0.787	-0.786	-0.717	-0.790	-0.718	-0.714	-0.782	-0.788	-0.700	-0.023	-0.730	-0.721	-0.295	-0.714	-0.804	-0.773	-0.388	-0.153	-0.154	-0.824	-0.825	-0.166	-0.169	-0.815	-0.820	-0.739	-0.147	-0.148	-0.151	-0.713	-0.714	-0.096	-0.699	-0.102	-0.091	-0.695	-0.696	-0.695	-0.694	-0.694	-0.693	-0.693	-0.693	-0.693	-0.692	-0.806	-0.691	-0.690	-0.109	-0.691	-0.707	-0.693	-0.703	-0.699	-0.696	-0.703	-0.699	-0.108	-0.694	-0.693	-0.693	-0.693	
rs11575229     -0.463	-0.488	-0.486	-0.189	-0.484	-0.455	-0.471	-0.609	-0.460	-0.464	-0.433	-0.451	-0.489	-0.486	-0.447	-0.443	-0.478	-0.473	-0.472	-0.486	-0.485	-0.476	-0.474	-0.487	-0.476	-0.481	-0.477	-0.371	-0.476	-0.477	-0.477	-0.478	-0.853	-0.830	-0.871	-0.877	-0.882	-0.883	-0.870	-0.882	-0.872	-0.869	-0.873	-0.655	-0.599	-0.654	-0.880	-0.584	-0.592	-0.877	-0.874	-0.794	-0.789	-0.860	-0.843	-0.587	-0.579	-0.838	-0.651	-0.651	-0.708	-0.687	-0.708	-0.625	-0.890	-0.874	-0.778	-0.841	-0.756	-0.768	-0.814	-0.014	-0.249	+0.033	+0.018	-0.189	-0.537	+0.059	+0.068	+0.048	-0.365	-0.774	-0.793	-0.704	-0.706	-0.793	-0.786	-0.729	-0.765	-0.338	-0.725	-0.694	-0.786	-0.787	-0.787	-0.718	-0.790	-0.719	-0.714	-0.782	-0.789	-0.700	-0.023	-0.731	-0.722	-0.295	-0.715	-0.804	-0.773	-0.388	-0.153	-0.154	-0.824	-0.826	-0.167	-0.170	-0.816	-0.821	-0.740	-0.147	-0.148	-0.151	-0.713	-0.714	-0.096	-0.700	-0.102	-0.092	-0.695	-0.696	-0.696	-0.695	-0.694	-0.694	-0.694	-0.693	-0.693	-0.693	-0.806	-0.691	-0.691	-0.109	-0.691	-0.707	-0.693	-0.703	-0.699	-0.696	-0.703	-0.699	-0.108	-0.695	-0.693	-0.693	-0.694	
rs117779516    -0.534	-0.527	-0.528	-0.228	-0.518	-0.537	-0.538	-0.629	-0.530	-0.535	-0.468	-0.532	-0.527	-0.527	-0.530	-0.529	-0.529	-0.524	-0.524	-0.527	-0.528	-0.473	-0.464	-0.499	-0.474	-0.493	-0.476	-0.476	-0.394	-0.478	-0.479	-0.480	-0.871	-0.847	-0.890	-0.896	-0.901	-0.901	-0.889	-0.901	-0.890	-0.887	-0.891	-0.677	-0.618	-0.676	-0.899	-0.604	-0.612	-0.896	-0.893	-0.809	-0.804	-0.878	-0.861	-0.606	-0.599	-0.855	-0.671	-0.672	-0.723	-0.702	-0.723	-0.645	-0.910	-0.895	-0.800	-0.862	-0.780	-0.792	-0.837	-0.055	-0.285	-0.009	-0.024	-0.227	-0.556	+0.016	+0.025	+0.006	-0.401	-0.797	-0.816	-0.728	-0.730	-0.815	-0.809	-0.753	-0.788	-0.387	-0.749	-0.719	-0.809	-0.810	-0.809	-0.742	-0.812	-0.743	-0.738	-0.805	-0.811	-0.725	-0.071	-0.754	-0.746	-0.345	-0.739	-0.826	-0.796	-0.422	-0.194	-0.195	-0.847	-0.848	-0.207	-0.210	-0.837	-0.844	-0.765	-0.188	-0.189	-0.192	-0.739	-0.740	-0.138	-0.725	-0.144	-0.133	-0.721	-0.722	-0.721	-0.721	-0.720	-0.719	-0.719	-0.719	-0.719	-0.719	-0.827	-0.717	-0.717	-0.154	-0.717	-0.733	-0.719	-0.729	-0.725	-0.722	-0.729	-0.725	-0.150	-0.720	-0.719	-0.719	-0.719	
rs11575224     -0.466	-0.490	-0.488	-0.190	-0.485	-0.458	-0.473	-0.609	-0.463	-0.467	-0.434	-0.455	-0.491	-0.488	-0.451	-0.447	-0.480	-0.475	-0.475	-0.488	-0.486	-0.477	-0.474	-0.488	-0.477	-0.482	-0.477	-0.477	-0.478	-0.371	-0.478	-0.478	-0.854	-0.831	-0.872	-0.878	-0.883	-0.883	-0.871	-0.883	-0.872	-0.869	-0.873	-0.656	-0.599	-0.655	-0.880	-0.585	-0.593	-0.878	-0.874	-0.794	-0.789	-0.861	-0.844	-0.587	-0.580	-0.838	-0.651	-0.651	-0.709	-0.688	-0.708	-0.625	-0.891	-0.874	-0.779	-0.841	-0.756	-0.769	-0.815	-0.014	-0.250	+0.032	+0.017	-0.190	-0.537	+0.058	+0.067	+0.048	-0.366	-0.775	-0.794	-0.705	-0.706	-0.793	-0.787	-0.729	-0.766	-0.339	-0.726	-0.695	-0.787	-0.788	-0.787	-0.718	-0.790	-0.719	-0.715	-0.783	-0.789	-0.701	-0.024	-0.731	-0.722	-0.295	-0.715	-0.805	-0.774	-0.389	-0.154	-0.155	-0.825	-0.826	-0.167	-0.170	-0.816	-0.821	-0.740	-0.148	-0.149	-0.152	-0.714	-0.715	-0.097	-0.700	-0.103	-0.092	-0.696	-0.697	-0.696	-0.695	-0.695	-0.694	-0.694	-0.694	-0.694	-0.693	-0.807	-0.692	-0.691	-0.109	-0.692	-0.708	-0.693	-0.704	-0.700	-0.697	-0.704	-0.699	-0.109	-0.695	-0.694	-0.694	-0.694	
rs57870697     -0.467	-0.491	-0.489	-0.191	-0.486	-0.460	-0.475	-0.610	-0.465	-0.468	-0.435	-0.456	-0.492	-0.489	-0.453	-0.449	-0.482	-0.477	-0.476	-0.489	-0.487	-0.477	-0.474	-0.488	-0.477	-0.482	-0.477	-0.477	-0.479	-0.478	-0.372	-0.478	-0.854	-0.831	-0.872	-0.878	-0.883	-0.883	-0.871	-0.883	-0.872	-0.869	-0.873	-0.656	-0.600	-0.655	-0.881	-0.585	-0.593	-0.878	-0.874	-0.794	-0.789	-0.861	-0.844	-0.587	-0.580	-0.838	-0.652	-0.652	-0.709	-0.688	-0.708	-0.626	-0.891	-0.875	-0.779	-0.841	-0.757	-0.769	-0.815	-0.015	-0.250	+0.032	+0.017	-0.190	-0.537	+0.058	+0.067	+0.047	-0.366	-0.775	-0.794	-0.705	-0.707	-0.794	-0.787	-0.730	-0.766	-0.339	-0.726	-0.695	-0.787	-0.788	-0.787	-0.719	-0.791	-0.720	-0.715	-0.783	-0.789	-0.701	-0.024	-0.731	-0.723	-0.296	-0.716	-0.805	-0.774	-0.389	-0.154	-0.155	-0.825	-0.826	-0.168	-0.171	-0.816	-0.822	-0.741	-0.148	-0.149	-0.152	-0.714	-0.715	-0.097	-0.701	-0.103	-0.093	-0.696	-0.697	-0.696	-0.696	-0.695	-0.695	-0.695	-0.694	-0.694	-0.694	-0.807	-0.692	-0.692	-0.110	-0.692	-0.708	-0.694	-0.704	-0.700	-0.697	-0.704	-0.700	-0.109	-0.696	-0.694	-0.694	-0.695	
rs2066818      -0.470	-0.492	-0.491	-0.191	-0.487	-0.462	-0.477	-0.610	-0.467	-0.471	-0.435	-0.459	-0.493	-0.490	-0.455	-0.451	-0.483	-0.478	-0.478	-0.490	-0.489	-0.477	-0.474	-0.489	-0.477	-0.483	-0.478	-0.478	-0.480	-0.478	-0.478	-0.372	-0.854	-0.831	-0.872	-0.879	-0.883	-0.884	-0.871	-0.883	-0.873	-0.870	-0.874	-0.657	-0.600	-0.656	-0.881	-0.585	-0.593	-0.878	-0.875	-0.795	-0.790	-0.861	-0.844	-0.588	-0.581	-0.839	-0.652	-0.652	-0.709	-0.688	-0.709	-0.626	-0.891	-0.875	-0.779	-0.842	-0.757	-0.770	-0.816	-0.015	-0.251	+0.032	+0.016	-0.191	-0.538	+0.057	+0.066	+0.047	-0.367	-0.775	-0.794	-0.705	-0.707	-0.794	-0.788	-0.730	-0.766	-0.339	-0.726	-0.696	-0.788	-0.788	-0.788	-0.719	-0.791	-0.720	-0.716	-0.784	-0.790	-0.702	-0.025	-0.732	-0.723	-0.296	-0.716	-0.806	-0.774	-0.390	-0.155	-0.156	-0.826	-0.827	-0.168	-0.171	-0.817	-0.822	-0.741	-0.148	-0.149	-0.152	-0.715	-0.716	-0.097	-0.701	-0.104	-0.093	-0.696	-0.698	-0.697	-0.696	-0.696	-0.695	-0.695	-0.695	-0.695	-0.694	-0.807	-0.693	-0.692	-0.110	-0.692	-0.708	-0.694	-0.704	-0.701	-0.698	-0.705	-0.700	-0.110	-0.696	-0.695	-0.695	-0.695	
rs812279       -0.893	-0.877	-0.878	-0.524	-0.785	-0.909	-0.895	-0.826	-0.886	-0.893	-0.739	-0.895	-0.877	-0.878	-0.895	-0.896	-0.882	-0.880	-0.880	-0.879	-0.879	-0.852	-0.848	-0.861	-0.852	-0.860	-0.853	-0.853	-0.871	-0.854	-0.854	-0.854	-0.611	-0.743	-0.826	-0.822	-0.812	-0.811	-0.829	-0.816	-0.829	-0.908	-0.828	-0.880	-0.824	-0.879	-0.921	-0.810	-0.817	-0.925	-0.928	-0.940	-0.935	-1.020	-0.969	-0.812	-0.806	-0.966	-0.869	-0.874	-0.784	-0.755	-0.786	-0.827	-1.001	-1.000	-0.892	-1.060	-1.002	-1.012	-1.043	-0.260	-0.499	-0.216	-0.230	-0.442	-0.728	-0.191	-0.182	-0.201	-0.606	-1.013	-1.028	-0.957	-0.959	-1.027	-1.023	-0.979	-0.886	-0.690	-0.976	-0.949	-1.023	-1.023	-1.023	-0.969	-1.025	-0.970	-0.966	-1.019	-1.024	-0.954	-0.373	-0.980	-0.973	-0.661	-0.967	-1.034	-1.012	-0.635	-0.435	-0.436	-0.999	-1.002	-0.447	-0.450	-1.042	-0.995	-0.886	-0.429	-0.430	-0.433	-0.859	-0.860	-0.381	-0.842	-0.386	-0.377	-0.837	-0.838	-0.837	-0.837	-0.836	-0.835	-0.835	-0.835	-0.835	-0.834	-1.035	-0.833	-0.832	-0.445	-0.832	-0.852	-0.835	-0.845	-0.842	-0.839	-0.847	-0.842	-0.392	-0.837	-0.836	-0.836	-0.837	
rs2291739      -0.869	-0.854	-0.855	-0.505	-0.766	-0.884	-0.870	-0.800	-0.862	-0.869	-0.720	-0.871	-0.853	-0.855	-0.871	-0.871	-0.858	-0.856	-0.856	-0.855	-0.856	-0.829	-0.825	-0.837	-0.830	-0.837	-0.830	-0.830	-0.847	-0.831	-0.831	-0.831	-0.743	-0.585	-0.791	-0.777	-0.758	-0.756	-0.791	-0.758	-0.788	-0.882	-0.786	-0.856	-0.800	-0.855	-0.884	-0.786	-0.794	-0.890	-0.897	-0.936	-0.932	-1.001	-0.956	-0.789	-0.782	-0.955	-0.844	-0.850	-0.809	-0.784	-0.810	-0.798	-0.972	-0.964	-0.850	-1.037	-0.984	-0.994	-1.022	-0.214	-0.462	-0.170	-0.183	-0.404	-0.696	-0.144	-0.136	-0.155	-0.566	-0.995	-1.008	-0.941	-0.942	-1.008	-1.003	-0.961	-0.844	-0.656	-0.958	-0.933	-1.003	-1.004	-1.003	-0.952	-1.006	-0.953	-0.949	-1.000	-1.005	-0.937	-0.338	-0.962	-0.955	-0.628	-0.949	-1.014	-0.993	-0.599	-0.397	-0.398	-0.966	-0.968	-0.409	-0.412	-1.021	-0.961	-0.847	-0.391	-0.392	-0.395	-0.819	-0.820	-0.342	-0.801	-0.347	-0.337	-0.796	-0.797	-0.796	-0.795	-0.795	-0.794	-0.794	-0.794	-0.794	-0.793	-1.014	-0.791	-0.790	-0.412	-0.791	-0.812	-0.793	-0.804	-0.801	-0.797	-0.806	-0.801	-0.353	-0.796	-0.795	-0.794	-0.795	
rs812278       -0.912	-0.896	-0.897	-0.537	-0.799	-0.929	-0.914	-0.846	-0.905	-0.912	-0.752	-0.914	-0.895	-0.897	-0.914	-0.915	-0.900	-0.898	-0.898	-0.897	-0.898	-0.870	-0.866	-0.879	-0.871	-0.878	-0.871	-0.871	-0.890	-0.872	-0.872	-0.872	-0.826	-0.791	-0.631	-0.770	-0.749	-0.746	-0.775	-0.767	-0.776	-0.897	-0.777	-0.898	-0.842	-0.897	-0.924	-0.828	-0.835	-0.926	-0.928	-0.933	-0.928	-1.026	-0.964	-0.830	-0.823	-0.960	-0.888	-0.892	-0.742	-0.708	-0.745	-0.849	-1.012	-1.019	-0.913	-1.076	-1.015	-1.026	-1.058	-0.287	-0.524	-0.243	-0.257	-0.467	-0.751	-0.218	-0.210	-0.229	-0.631	-1.027	-1.042	-0.970	-0.971	-1.041	-1.037	-0.992	-0.906	-0.714	-0.989	-0.961	-1.037	-1.037	-1.037	-0.982	-1.039	-0.983	-0.979	-1.033	-1.038	-0.967	-0.396	-0.993	-0.986	-0.685	-0.979	-1.049	-1.025	-0.659	-0.460	-0.461	-1.019	-1.021	-0.472	-0.475	-1.057	-1.014	-0.907	-0.454	-0.455	-0.458	-0.880	-0.881	-0.406	-0.863	-0.411	-0.402	-0.858	-0.859	-0.858	-0.858	-0.857	-0.856	-0.856	-0.856	-0.856	-0.855	-1.050	-0.854	-0.853	-0.468	-0.853	-0.873	-0.856	-0.866	-0.863	-0.860	-0.868	-0.863	-0.417	-0.858	-0.857	-0.857	-0.858	
