## Summary of overall evidence for association with region:
## log10(BF for region) = -0.106967
## p-value for region = NA

## BFs for choosing among multi-SNP models:
## log10(average 1-SNP BF) = -0.0876615
## log10(average 2-SNP BF) = -0.148361

## Example posterior probabilities for multi-SNP models, based on default prior: [p(l) propto 0.5^l for l=1,2,...,L]
## posterior probability of 1-SNP = 0.69697
## posterior probability of 2-SNP = 0.30303

## log10(BF) for single SNP and pair of SNPs:
rs17524740     -0.380	-0.540	-0.540	-0.539	-0.490	-0.490	-0.490	-0.487	-0.491	-0.531	-0.492	-0.492	-0.492	-0.810	-0.812	-0.633	-0.632	-0.631	-0.630	-0.621	-0.805	-0.625	-0.622	-0.798	-0.643	-0.645	-0.797	-0.797	-0.607	-0.598	-0.595	-0.588	-0.579	-0.578	-0.793	-0.332	-0.512	-0.269	-0.278	-0.287	-0.749	-0.518	-0.272	-0.270	-0.535	-0.603	-0.739	-0.736	-0.737	-0.707	-0.707	-0.708	+0.261	-0.713	-0.714	-0.699	-0.699	-0.699	-0.518	-0.536	-0.531	-0.522	-0.532	-0.523	+0.254	-0.532	-0.686	-0.683	-0.682	-0.681	-0.670	-0.488	-0.659	-0.669	-0.578	-0.537	-0.546	-0.542	-0.616	-0.569	-0.569	-0.556	-0.568	-0.549	-0.563	-0.567	-0.597	-0.371	-0.582	-0.587	-0.585	-0.585	-0.584	-0.580	-0.582	-0.581	-0.346	-0.581	-0.566	-0.581	-0.352	-0.407	-0.486	-0.463	-0.620	-0.523	-0.524	-0.479	-0.519	-0.694	-0.715	-0.717	-0.697	-0.699	-0.700	-0.704	-0.706	-0.322	-0.450	-0.451	-0.545	-0.788	-0.781	-0.775	-0.775	-0.791	-0.782	-0.782	-0.770	-0.761	-0.763	-0.483	-0.757	-0.756	-0.758	-0.757	-0.515	+0.232	-0.733	+0.092	+0.207	-0.744	-0.276	-0.737	+0.268	+0.273	-0.729	+0.499	-0.742	-0.126	+0.540	-0.698	+0.540	-0.746	-0.746	-0.118	+0.539	-0.121	-0.119	-0.119	-0.601	-0.103	-0.752	-0.753	-0.117	+0.575	-0.759	
rs3823575      -0.540	-0.279	-0.376	-0.376	-0.542	-0.542	-0.542	-0.541	-0.543	-0.370	-0.544	-0.544	-0.545	-0.703	-0.707	-0.608	-0.608	-0.606	-0.606	-0.598	-0.697	-0.602	-0.599	-0.695	-0.617	-0.619	-0.694	-0.694	-0.586	-0.578	-0.576	-0.570	-0.562	-0.561	-0.681	-0.159	-0.372	-0.253	-0.240	-0.248	-0.562	-0.378	-0.234	-0.233	-0.397	-0.475	-0.622	-0.619	-0.615	-0.576	-0.577	-0.577	+0.267	-0.583	-0.585	-0.566	-0.566	-0.566	-0.372	-0.251	-0.386	-0.376	-0.387	-0.377	+0.260	-0.387	-0.550	-0.547	-0.545	-0.545	-0.534	-0.180	-0.517	-0.534	-0.314	-0.256	-0.512	-0.509	-0.519	-0.469	-0.468	-0.462	-0.467	-0.448	-0.462	-0.467	-0.497	-0.265	-0.481	-0.487	-0.485	-0.484	-0.483	-0.479	-0.481	-0.480	-0.240	-0.481	-0.465	-0.480	-0.246	-0.303	-0.398	-0.376	-0.557	-0.436	-0.436	-0.393	-0.432	-0.603	-0.623	-0.624	-0.606	-0.608	-0.609	-0.613	-0.614	-0.236	-0.363	-0.378	-0.457	-0.695	-0.690	-0.684	-0.684	-0.700	-0.691	-0.691	-0.679	-0.670	-0.671	-0.402	-0.665	-0.665	-0.667	-0.666	-0.434	+0.293	-0.644	+0.159	+0.268	-0.654	-0.197	-0.648	+0.329	+0.334	-0.640	+0.561	-0.653	-0.037	+0.601	-0.603	+0.601	-0.657	-0.657	-0.029	+0.600	-0.032	-0.030	-0.030	-0.510	-0.013	-0.663	-0.664	-0.029	+0.633	-0.670	
rs11762907     -0.540	-0.376	-0.278	-0.375	-0.541	-0.541	-0.541	-0.540	-0.542	-0.370	-0.543	-0.544	-0.544	-0.703	-0.706	-0.608	-0.608	-0.606	-0.606	-0.598	-0.697	-0.601	-0.599	-0.695	-0.616	-0.618	-0.693	-0.693	-0.586	-0.578	-0.576	-0.570	-0.562	-0.561	-0.680	-0.159	-0.372	-0.253	-0.239	-0.248	-0.562	-0.378	-0.234	-0.232	-0.397	-0.475	-0.622	-0.618	-0.614	-0.575	-0.576	-0.576	+0.267	-0.583	-0.585	-0.565	-0.566	-0.566	-0.371	-0.250	-0.386	-0.376	-0.386	-0.376	+0.261	-0.387	-0.549	-0.546	-0.545	-0.544	-0.534	-0.180	-0.517	-0.534	-0.313	-0.255	-0.511	-0.509	-0.519	-0.468	-0.467	-0.461	-0.467	-0.447	-0.462	-0.466	-0.497	-0.264	-0.480	-0.486	-0.484	-0.484	-0.483	-0.479	-0.481	-0.480	-0.240	-0.480	-0.465	-0.480	-0.246	-0.303	-0.398	-0.376	-0.557	-0.435	-0.436	-0.393	-0.432	-0.603	-0.623	-0.624	-0.605	-0.607	-0.609	-0.612	-0.614	-0.235	-0.362	-0.378	-0.457	-0.695	-0.690	-0.684	-0.683	-0.699	-0.690	-0.690	-0.678	-0.669	-0.671	-0.402	-0.665	-0.664	-0.667	-0.665	-0.433	+0.293	-0.643	+0.159	+0.269	-0.654	-0.197	-0.648	+0.329	+0.334	-0.639	+0.561	-0.652	-0.037	+0.602	-0.603	+0.602	-0.657	-0.657	-0.029	+0.600	-0.031	-0.030	-0.030	-0.509	-0.012	-0.662	-0.663	-0.028	+0.633	-0.669	
rs78005105     -0.539	-0.376	-0.375	-0.278	-0.541	-0.541	-0.541	-0.540	-0.542	-0.370	-0.543	-0.543	-0.544	-0.703	-0.706	-0.608	-0.607	-0.606	-0.606	-0.598	-0.696	-0.601	-0.599	-0.694	-0.616	-0.618	-0.693	-0.693	-0.586	-0.578	-0.576	-0.569	-0.561	-0.561	-0.680	-0.160	-0.371	-0.252	-0.239	-0.247	-0.561	-0.378	-0.234	-0.232	-0.397	-0.475	-0.622	-0.618	-0.614	-0.575	-0.576	-0.576	+0.267	-0.582	-0.584	-0.565	-0.565	-0.565	-0.371	-0.250	-0.385	-0.376	-0.386	-0.376	+0.261	-0.386	-0.549	-0.546	-0.545	-0.544	-0.534	-0.179	-0.517	-0.533	-0.313	-0.255	-0.511	-0.508	-0.518	-0.468	-0.467	-0.461	-0.467	-0.447	-0.461	-0.466	-0.497	-0.264	-0.480	-0.486	-0.484	-0.484	-0.482	-0.479	-0.481	-0.479	-0.239	-0.480	-0.464	-0.480	-0.245	-0.303	-0.398	-0.376	-0.557	-0.435	-0.436	-0.393	-0.432	-0.603	-0.623	-0.623	-0.605	-0.607	-0.608	-0.612	-0.614	-0.235	-0.362	-0.378	-0.456	-0.694	-0.689	-0.683	-0.683	-0.699	-0.690	-0.690	-0.678	-0.669	-0.671	-0.402	-0.665	-0.664	-0.666	-0.665	-0.433	+0.294	-0.643	+0.160	+0.269	-0.654	-0.197	-0.647	+0.329	+0.334	-0.639	+0.562	-0.652	-0.036	+0.602	-0.603	+0.602	-0.656	-0.656	-0.028	+0.601	-0.031	-0.029	-0.029	-0.509	-0.012	-0.662	-0.663	-0.028	+0.634	-0.669	
rs11534010     -0.490	-0.542	-0.541	-0.541	-0.382	-0.489	-0.489	-0.490	-0.490	-0.533	-0.491	-0.495	-0.495	-0.811	-0.814	-0.633	-0.633	-0.631	-0.631	-0.622	-0.807	-0.626	-0.623	-0.800	-0.644	-0.646	-0.799	-0.799	-0.608	-0.598	-0.596	-0.589	-0.579	-0.578	-0.794	-0.334	-0.513	-0.271	-0.280	-0.289	-0.750	-0.519	-0.274	-0.272	-0.536	-0.604	-0.740	-0.737	-0.738	-0.708	-0.709	-0.709	+0.259	-0.714	-0.716	-0.700	-0.700	-0.700	-0.519	-0.537	-0.532	-0.523	-0.532	-0.524	+0.253	-0.533	-0.687	-0.684	-0.683	-0.683	-0.671	-0.489	-0.660	-0.671	-0.580	-0.539	-0.548	-0.544	-0.617	-0.571	-0.570	-0.557	-0.570	-0.551	-0.565	-0.569	-0.599	-0.372	-0.583	-0.589	-0.587	-0.586	-0.585	-0.582	-0.583	-0.582	-0.348	-0.583	-0.568	-0.582	-0.353	-0.408	-0.487	-0.465	-0.621	-0.524	-0.525	-0.481	-0.521	-0.695	-0.717	-0.718	-0.698	-0.700	-0.702	-0.705	-0.707	-0.323	-0.452	-0.452	-0.546	-0.790	-0.783	-0.777	-0.777	-0.793	-0.784	-0.784	-0.771	-0.763	-0.764	-0.485	-0.758	-0.758	-0.760	-0.758	-0.517	+0.230	-0.734	+0.091	+0.206	-0.745	-0.278	-0.739	+0.267	+0.272	-0.730	+0.498	-0.743	-0.127	+0.539	-0.699	+0.539	-0.748	-0.748	-0.119	+0.537	-0.122	-0.120	-0.120	-0.602	-0.104	-0.754	-0.754	-0.119	+0.573	-0.760	
rs56361765     -0.490	-0.542	-0.541	-0.541	-0.489	-0.382	-0.489	-0.490	-0.490	-0.533	-0.491	-0.495	-0.495	-0.811	-0.814	-0.633	-0.633	-0.631	-0.631	-0.622	-0.807	-0.626	-0.623	-0.800	-0.644	-0.646	-0.799	-0.799	-0.608	-0.598	-0.596	-0.589	-0.579	-0.578	-0.794	-0.334	-0.513	-0.271	-0.280	-0.289	-0.750	-0.519	-0.274	-0.272	-0.536	-0.604	-0.740	-0.737	-0.738	-0.708	-0.709	-0.709	+0.259	-0.714	-0.716	-0.700	-0.700	-0.700	-0.519	-0.537	-0.532	-0.523	-0.532	-0.524	+0.253	-0.533	-0.687	-0.684	-0.683	-0.683	-0.671	-0.489	-0.660	-0.671	-0.580	-0.539	-0.548	-0.544	-0.617	-0.571	-0.570	-0.557	-0.570	-0.551	-0.565	-0.569	-0.599	-0.372	-0.583	-0.589	-0.587	-0.586	-0.585	-0.582	-0.583	-0.582	-0.348	-0.583	-0.568	-0.582	-0.353	-0.408	-0.487	-0.465	-0.621	-0.524	-0.525	-0.481	-0.521	-0.695	-0.717	-0.718	-0.698	-0.700	-0.702	-0.705	-0.707	-0.323	-0.452	-0.452	-0.546	-0.790	-0.783	-0.777	-0.777	-0.793	-0.784	-0.784	-0.771	-0.763	-0.764	-0.485	-0.758	-0.758	-0.760	-0.758	-0.517	+0.230	-0.734	+0.091	+0.206	-0.745	-0.278	-0.739	+0.267	+0.272	-0.730	+0.498	-0.743	-0.127	+0.539	-0.699	+0.539	-0.748	-0.748	-0.119	+0.537	-0.122	-0.120	-0.120	-0.602	-0.104	-0.754	-0.754	-0.119	+0.573	-0.760	
rs57556994     -0.490	-0.542	-0.541	-0.541	-0.489	-0.489	-0.382	-0.490	-0.490	-0.533	-0.491	-0.495	-0.495	-0.811	-0.814	-0.633	-0.633	-0.631	-0.631	-0.622	-0.807	-0.626	-0.623	-0.800	-0.644	-0.646	-0.799	-0.799	-0.608	-0.598	-0.596	-0.589	-0.579	-0.578	-0.794	-0.334	-0.513	-0.271	-0.280	-0.289	-0.750	-0.519	-0.274	-0.272	-0.536	-0.604	-0.740	-0.737	-0.738	-0.708	-0.709	-0.709	+0.259	-0.714	-0.716	-0.700	-0.700	-0.700	-0.519	-0.537	-0.532	-0.523	-0.532	-0.524	+0.253	-0.533	-0.687	-0.684	-0.683	-0.683	-0.671	-0.489	-0.660	-0.671	-0.580	-0.539	-0.548	-0.544	-0.617	-0.571	-0.570	-0.557	-0.570	-0.551	-0.565	-0.569	-0.599	-0.372	-0.583	-0.589	-0.587	-0.586	-0.585	-0.582	-0.583	-0.582	-0.348	-0.583	-0.568	-0.582	-0.353	-0.408	-0.487	-0.465	-0.621	-0.524	-0.525	-0.481	-0.521	-0.695	-0.717	-0.718	-0.698	-0.700	-0.702	-0.705	-0.707	-0.323	-0.452	-0.452	-0.546	-0.790	-0.783	-0.777	-0.777	-0.793	-0.784	-0.784	-0.771	-0.763	-0.764	-0.485	-0.758	-0.758	-0.760	-0.758	-0.517	+0.231	-0.734	+0.091	+0.206	-0.745	-0.278	-0.739	+0.267	+0.272	-0.730	+0.498	-0.743	-0.127	+0.539	-0.699	+0.539	-0.748	-0.748	-0.119	+0.537	-0.122	-0.120	-0.120	-0.602	-0.104	-0.754	-0.754	-0.119	+0.573	-0.760	
rs73164936     -0.487	-0.541	-0.540	-0.540	-0.490	-0.490	-0.490	-0.380	-0.491	-0.532	-0.492	-0.492	-0.492	-0.810	-0.812	-0.633	-0.632	-0.631	-0.630	-0.621	-0.806	-0.625	-0.622	-0.798	-0.643	-0.645	-0.797	-0.797	-0.607	-0.598	-0.595	-0.588	-0.579	-0.578	-0.793	-0.333	-0.512	-0.269	-0.279	-0.287	-0.749	-0.518	-0.272	-0.271	-0.535	-0.604	-0.739	-0.736	-0.737	-0.707	-0.708	-0.708	+0.260	-0.713	-0.715	-0.699	-0.699	-0.699	-0.518	-0.536	-0.531	-0.523	-0.532	-0.523	+0.254	-0.532	-0.686	-0.683	-0.682	-0.682	-0.670	-0.488	-0.659	-0.670	-0.578	-0.537	-0.547	-0.542	-0.616	-0.570	-0.569	-0.556	-0.569	-0.550	-0.563	-0.568	-0.598	-0.371	-0.582	-0.588	-0.586	-0.585	-0.584	-0.580	-0.582	-0.581	-0.346	-0.582	-0.567	-0.581	-0.352	-0.407	-0.486	-0.464	-0.620	-0.523	-0.524	-0.480	-0.520	-0.694	-0.716	-0.717	-0.697	-0.699	-0.700	-0.704	-0.706	-0.322	-0.451	-0.451	-0.545	-0.789	-0.782	-0.776	-0.775	-0.792	-0.783	-0.783	-0.770	-0.761	-0.763	-0.484	-0.757	-0.757	-0.759	-0.757	-0.516	+0.232	-0.733	+0.092	+0.207	-0.744	-0.277	-0.738	+0.268	+0.273	-0.729	+0.499	-0.742	-0.126	+0.540	-0.698	+0.540	-0.747	-0.747	-0.118	+0.538	-0.121	-0.119	-0.119	-0.601	-0.103	-0.752	-0.753	-0.118	+0.574	-0.759	
rs1596407      -0.491	-0.543	-0.542	-0.542	-0.490	-0.490	-0.490	-0.491	-0.383	-0.534	-0.491	-0.494	-0.494	-0.812	-0.815	-0.633	-0.633	-0.631	-0.631	-0.622	-0.808	-0.626	-0.623	-0.801	-0.644	-0.646	-0.800	-0.800	-0.608	-0.598	-0.596	-0.589	-0.579	-0.578	-0.795	-0.335	-0.513	-0.272	-0.281	-0.290	-0.751	-0.519	-0.275	-0.273	-0.536	-0.605	-0.741	-0.738	-0.739	-0.709	-0.709	-0.709	+0.257	-0.715	-0.716	-0.700	-0.701	-0.701	-0.520	-0.538	-0.533	-0.524	-0.533	-0.524	+0.252	-0.533	-0.688	-0.685	-0.684	-0.683	-0.671	-0.490	-0.661	-0.671	-0.580	-0.540	-0.549	-0.545	-0.618	-0.572	-0.571	-0.558	-0.571	-0.552	-0.566	-0.570	-0.600	-0.373	-0.584	-0.590	-0.588	-0.587	-0.586	-0.583	-0.584	-0.583	-0.348	-0.584	-0.569	-0.583	-0.354	-0.409	-0.488	-0.466	-0.622	-0.525	-0.526	-0.482	-0.522	-0.696	-0.718	-0.719	-0.699	-0.701	-0.703	-0.706	-0.708	-0.324	-0.453	-0.453	-0.547	-0.791	-0.784	-0.778	-0.777	-0.794	-0.785	-0.785	-0.772	-0.764	-0.765	-0.486	-0.759	-0.759	-0.761	-0.759	-0.518	+0.229	-0.735	+0.090	+0.204	-0.746	-0.279	-0.740	+0.266	+0.270	-0.731	+0.497	-0.744	-0.128	+0.538	-0.700	+0.538	-0.749	-0.749	-0.120	+0.536	-0.123	-0.121	-0.121	-0.603	-0.105	-0.755	-0.755	-0.120	+0.572	-0.761	
rs11763742     -0.531	-0.370	-0.370	-0.370	-0.533	-0.533	-0.533	-0.532	-0.534	-0.269	-0.535	-0.535	-0.536	-0.694	-0.698	-0.603	-0.602	-0.601	-0.600	-0.593	-0.688	-0.596	-0.594	-0.686	-0.611	-0.613	-0.685	-0.685	-0.581	-0.573	-0.571	-0.565	-0.557	-0.556	-0.672	-0.168	-0.362	-0.246	-0.232	-0.240	-0.551	-0.369	-0.227	-0.225	-0.388	-0.466	-0.613	-0.609	-0.605	-0.566	-0.567	-0.567	+0.273	-0.574	-0.576	-0.556	-0.556	-0.557	-0.362	-0.237	-0.376	-0.367	-0.377	-0.367	+0.267	-0.377	-0.540	-0.537	-0.536	-0.535	-0.525	-0.166	-0.508	-0.525	-0.300	-0.242	-0.505	-0.503	-0.510	-0.460	-0.459	-0.453	-0.459	-0.439	-0.453	-0.458	-0.488	-0.256	-0.472	-0.478	-0.476	-0.475	-0.474	-0.470	-0.472	-0.471	-0.231	-0.472	-0.456	-0.471	-0.237	-0.294	-0.390	-0.368	-0.549	-0.427	-0.428	-0.385	-0.424	-0.595	-0.615	-0.615	-0.597	-0.599	-0.601	-0.604	-0.606	-0.227	-0.354	-0.370	-0.449	-0.687	-0.682	-0.676	-0.675	-0.691	-0.683	-0.682	-0.670	-0.661	-0.663	-0.394	-0.657	-0.656	-0.659	-0.657	-0.425	+0.301	-0.635	+0.167	+0.276	-0.646	-0.189	-0.640	+0.337	+0.342	-0.632	+0.569	-0.644	-0.029	+0.609	-0.595	+0.609	-0.649	-0.649	-0.021	+0.608	-0.023	-0.022	-0.022	-0.501	-0.004	-0.654	-0.655	-0.020	+0.641	-0.661	
rs57573052     -0.492	-0.544	-0.543	-0.543	-0.491	-0.491	-0.491	-0.492	-0.491	-0.535	-0.384	-0.494	-0.494	-0.813	-0.815	-0.633	-0.633	-0.631	-0.631	-0.622	-0.808	-0.626	-0.623	-0.801	-0.644	-0.646	-0.800	-0.800	-0.608	-0.598	-0.596	-0.589	-0.579	-0.578	-0.796	-0.336	-0.513	-0.273	-0.282	-0.290	-0.752	-0.519	-0.275	-0.274	-0.536	-0.605	-0.741	-0.738	-0.739	-0.709	-0.710	-0.710	+0.257	-0.715	-0.717	-0.701	-0.701	-0.701	-0.520	-0.539	-0.533	-0.524	-0.533	-0.524	+0.251	-0.534	-0.688	-0.685	-0.684	-0.684	-0.672	-0.491	-0.661	-0.671	-0.581	-0.540	-0.550	-0.545	-0.619	-0.572	-0.572	-0.559	-0.571	-0.552	-0.566	-0.570	-0.600	-0.373	-0.585	-0.590	-0.588	-0.588	-0.587	-0.583	-0.585	-0.584	-0.349	-0.584	-0.569	-0.584	-0.354	-0.410	-0.489	-0.467	-0.623	-0.526	-0.527	-0.483	-0.522	-0.697	-0.718	-0.720	-0.699	-0.702	-0.703	-0.707	-0.709	-0.325	-0.453	-0.454	-0.548	-0.791	-0.784	-0.778	-0.778	-0.794	-0.785	-0.785	-0.773	-0.764	-0.765	-0.486	-0.759	-0.759	-0.761	-0.760	-0.518	+0.229	-0.736	+0.089	+0.204	-0.747	-0.279	-0.740	+0.265	+0.270	-0.732	+0.496	-0.745	-0.129	+0.537	-0.700	+0.537	-0.749	-0.749	-0.121	+0.536	-0.123	-0.122	-0.122	-0.604	-0.106	-0.755	-0.756	-0.120	+0.572	-0.762	
rs73164947     -0.492	-0.544	-0.544	-0.543	-0.495	-0.495	-0.495	-0.492	-0.494	-0.535	-0.494	-0.384	-0.492	-0.813	-0.815	-0.633	-0.633	-0.631	-0.630	-0.621	-0.809	-0.625	-0.622	-0.802	-0.643	-0.646	-0.801	-0.801	-0.607	-0.598	-0.595	-0.588	-0.579	-0.578	-0.796	-0.337	-0.513	-0.273	-0.282	-0.291	-0.752	-0.519	-0.276	-0.274	-0.536	-0.605	-0.741	-0.739	-0.739	-0.709	-0.710	-0.710	+0.257	-0.715	-0.717	-0.701	-0.701	-0.701	-0.520	-0.539	-0.533	-0.524	-0.533	-0.524	+0.250	-0.533	-0.688	-0.685	-0.684	-0.684	-0.672	-0.491	-0.661	-0.671	-0.581	-0.540	-0.550	-0.546	-0.619	-0.573	-0.572	-0.559	-0.572	-0.553	-0.566	-0.571	-0.601	-0.374	-0.585	-0.591	-0.589	-0.588	-0.587	-0.583	-0.585	-0.584	-0.349	-0.585	-0.570	-0.584	-0.355	-0.410	-0.489	-0.467	-0.623	-0.526	-0.527	-0.483	-0.523	-0.697	-0.719	-0.720	-0.700	-0.702	-0.703	-0.707	-0.709	-0.325	-0.454	-0.454	-0.548	-0.792	-0.785	-0.778	-0.778	-0.795	-0.785	-0.785	-0.773	-0.764	-0.766	-0.486	-0.760	-0.759	-0.761	-0.760	-0.518	+0.228	-0.736	+0.089	+0.203	-0.747	-0.280	-0.740	+0.264	+0.269	-0.732	+0.496	-0.745	-0.129	+0.536	-0.701	+0.537	-0.749	-0.749	-0.121	+0.535	-0.124	-0.122	-0.122	-0.604	-0.106	-0.755	-0.756	-0.121	+0.571	-0.762	
rs73164948     -0.492	-0.545	-0.544	-0.544	-0.495	-0.495	-0.495	-0.492	-0.494	-0.536	-0.494	-0.492	-0.385	-0.814	-0.816	-0.633	-0.633	-0.631	-0.631	-0.622	-0.809	-0.626	-0.623	-0.802	-0.644	-0.646	-0.801	-0.801	-0.608	-0.598	-0.596	-0.588	-0.579	-0.578	-0.797	-0.337	-0.513	-0.274	-0.283	-0.291	-0.753	-0.519	-0.276	-0.275	-0.536	-0.606	-0.742	-0.739	-0.740	-0.710	-0.710	-0.710	+0.256	-0.716	-0.717	-0.701	-0.702	-0.702	-0.520	-0.539	-0.533	-0.524	-0.533	-0.525	+0.249	-0.534	-0.688	-0.686	-0.685	-0.684	-0.672	-0.492	-0.661	-0.672	-0.582	-0.541	-0.551	-0.546	-0.620	-0.573	-0.572	-0.560	-0.572	-0.553	-0.567	-0.571	-0.601	-0.374	-0.585	-0.591	-0.589	-0.589	-0.588	-0.584	-0.586	-0.584	-0.349	-0.585	-0.570	-0.585	-0.355	-0.410	-0.490	-0.467	-0.624	-0.526	-0.527	-0.483	-0.523	-0.698	-0.719	-0.721	-0.700	-0.702	-0.704	-0.708	-0.710	-0.326	-0.454	-0.455	-0.548	-0.792	-0.785	-0.779	-0.779	-0.795	-0.786	-0.786	-0.774	-0.765	-0.766	-0.487	-0.760	-0.760	-0.762	-0.760	-0.519	+0.228	-0.736	+0.089	+0.203	-0.747	-0.280	-0.741	+0.264	+0.269	-0.733	+0.495	-0.746	-0.130	+0.536	-0.701	+0.536	-0.750	-0.750	-0.122	+0.535	-0.124	-0.123	-0.123	-0.605	-0.107	-0.756	-0.756	-0.121	+0.570	-0.762	
rs4732164      -0.810	-0.703	-0.703	-0.703	-0.811	-0.811	-0.811	-0.810	-0.812	-0.694	-0.813	-0.813	-0.814	-0.565	-0.695	-0.663	-0.662	-0.660	-0.659	-0.647	-0.689	-0.652	-0.648	-0.746	-0.677	-0.681	-0.745	-0.745	-0.629	-0.616	-0.612	-0.603	-0.590	-0.589	-0.661	-0.503	-0.667	-0.204	-0.126	-0.140	-0.866	-0.673	-0.121	-0.120	-0.691	-0.762	-0.903	-0.900	-0.900	-0.869	-0.869	-0.869	+0.559	-0.875	-0.876	-0.860	-0.860	-0.861	-0.676	-0.609	-0.689	-0.680	-0.689	-0.680	+0.546	-0.689	-0.847	-0.844	-0.843	-0.842	-0.830	-0.555	-0.819	-0.830	-0.662	-0.611	-0.715	-0.711	-0.785	-0.737	-0.736	-0.723	-0.736	-0.717	-0.731	-0.734	-0.765	-0.530	-0.749	-0.755	-0.753	-0.752	-0.751	-0.747	-0.749	-0.747	-0.504	-0.748	-0.733	-0.747	-0.509	-0.571	-0.653	-0.631	-0.800	-0.690	-0.691	-0.647	-0.687	-0.843	-0.883	-0.884	-0.846	-0.849	-0.851	-0.855	-0.858	-0.486	-0.613	-0.624	-0.708	-0.948	-0.939	-0.932	-0.932	-0.953	-0.940	-0.940	-0.927	-0.918	-0.919	-0.644	-0.913	-0.913	-0.915	-0.913	-0.676	+0.050	-0.890	-0.078	+0.026	-0.901	-0.440	-0.894	+0.086	+0.091	-0.886	+0.318	-0.899	-0.286	+0.359	-0.851	+0.359	-0.903	-0.903	-0.278	+0.358	-0.281	-0.279	-0.279	-0.769	-0.265	-0.909	-0.910	-0.278	+0.393	-0.916	
rs4728374      -0.812	-0.707	-0.706	-0.706	-0.814	-0.814	-0.814	-0.812	-0.815	-0.698	-0.815	-0.815	-0.816	-0.695	-0.567	-0.656	-0.656	-0.653	-0.653	-0.640	-0.683	-0.646	-0.642	-0.746	-0.671	-0.675	-0.745	-0.744	-0.622	-0.609	-0.605	-0.596	-0.583	-0.582	-0.646	-0.507	-0.667	-0.216	-0.141	-0.154	-0.871	-0.673	-0.136	-0.134	-0.691	-0.762	-0.904	-0.901	-0.902	-0.870	-0.870	-0.870	+0.541	-0.876	-0.878	-0.861	-0.862	-0.862	-0.676	-0.615	-0.689	-0.680	-0.689	-0.680	+0.528	-0.690	-0.848	-0.845	-0.844	-0.843	-0.831	-0.561	-0.820	-0.831	-0.668	-0.617	-0.718	-0.714	-0.787	-0.739	-0.739	-0.726	-0.738	-0.719	-0.733	-0.736	-0.767	-0.533	-0.751	-0.757	-0.755	-0.754	-0.753	-0.750	-0.752	-0.749	-0.506	-0.750	-0.735	-0.750	-0.512	-0.573	-0.655	-0.633	-0.800	-0.692	-0.693	-0.650	-0.689	-0.846	-0.885	-0.886	-0.849	-0.852	-0.854	-0.858	-0.861	-0.488	-0.616	-0.626	-0.710	-0.951	-0.941	-0.935	-0.935	-0.955	-0.942	-0.942	-0.930	-0.920	-0.922	-0.647	-0.916	-0.915	-0.918	-0.916	-0.679	+0.048	-0.892	-0.080	+0.024	-0.903	-0.443	-0.897	+0.084	+0.089	-0.888	+0.316	-0.902	-0.289	+0.357	-0.853	+0.357	-0.906	-0.906	-0.281	+0.355	-0.284	-0.282	-0.282	-0.772	-0.268	-0.912	-0.913	-0.281	+0.391	-0.919	
rs67839050     -0.633	-0.608	-0.608	-0.608	-0.633	-0.633	-0.633	-0.633	-0.633	-0.603	-0.633	-0.633	-0.633	-0.663	-0.656	-0.365	-0.484	-0.483	-0.483	-0.477	-0.674	-0.482	-0.481	-0.679	-0.497	-0.501	-0.677	-0.678	-0.473	-0.462	-0.459	-0.449	-0.434	-0.433	-0.690	-0.466	-0.566	+0.086	+0.230	+0.216	-0.454	-0.570	+0.236	+0.238	-0.582	-0.631	-0.733	-0.732	-0.734	-0.711	-0.711	-0.711	+0.878	-0.716	-0.717	-0.704	-0.704	-0.704	-0.564	+0.016	-0.574	-0.567	-0.575	-0.567	+0.867	-0.575	-0.693	-0.691	-0.690	-0.690	-0.681	+0.108	-0.671	-0.681	-0.092	+0.009	-0.597	-0.594	-0.587	-0.539	-0.539	-0.525	-0.538	-0.519	-0.533	-0.535	-0.567	-0.341	-0.551	-0.557	-0.555	-0.554	-0.553	-0.549	-0.551	-0.547	-0.313	-0.548	-0.532	-0.548	-0.320	-0.354	-0.458	-0.435	-0.663	-0.495	-0.496	-0.452	-0.491	-0.637	-0.692	-0.693	-0.641	-0.645	-0.647	-0.652	-0.656	-0.286	-0.414	-0.450	-0.510	-0.756	-0.746	-0.739	-0.739	-0.761	-0.746	-0.746	-0.733	-0.724	-0.726	-0.448	-0.719	-0.719	-0.721	-0.720	-0.481	+0.240	-0.697	+0.098	+0.214	-0.708	-0.255	-0.702	+0.274	+0.279	-0.693	+0.502	-0.707	-0.081	+0.542	-0.647	+0.543	-0.711	-0.711	-0.073	+0.541	-0.075	-0.074	-0.074	-0.580	-0.061	-0.717	-0.718	-0.072	+0.575	-0.724	
rs73164964     -0.632	-0.608	-0.608	-0.607	-0.633	-0.633	-0.633	-0.632	-0.633	-0.602	-0.633	-0.633	-0.633	-0.662	-0.656	-0.484	-0.365	-0.483	-0.482	-0.477	-0.673	-0.482	-0.481	-0.679	-0.497	-0.500	-0.677	-0.678	-0.473	-0.462	-0.459	-0.449	-0.434	-0.433	-0.690	-0.466	-0.566	+0.086	+0.230	+0.216	-0.454	-0.570	+0.237	+0.238	-0.582	-0.631	-0.733	-0.731	-0.733	-0.710	-0.711	-0.711	+0.878	-0.715	-0.717	-0.704	-0.704	-0.704	-0.564	+0.017	-0.574	-0.567	-0.574	-0.567	+0.867	-0.575	-0.693	-0.691	-0.690	-0.690	-0.680	+0.109	-0.671	-0.680	-0.092	+0.009	-0.597	-0.594	-0.586	-0.539	-0.539	-0.525	-0.538	-0.519	-0.533	-0.535	-0.567	-0.341	-0.551	-0.557	-0.555	-0.554	-0.553	-0.549	-0.551	-0.547	-0.313	-0.548	-0.532	-0.547	-0.320	-0.354	-0.458	-0.435	-0.662	-0.494	-0.495	-0.451	-0.491	-0.637	-0.692	-0.693	-0.641	-0.644	-0.647	-0.652	-0.656	-0.285	-0.414	-0.449	-0.510	-0.756	-0.745	-0.739	-0.739	-0.761	-0.746	-0.746	-0.733	-0.724	-0.725	-0.448	-0.719	-0.719	-0.721	-0.719	-0.480	+0.240	-0.697	+0.099	+0.214	-0.708	-0.255	-0.701	+0.275	+0.279	-0.693	+0.502	-0.707	-0.080	+0.543	-0.647	+0.543	-0.711	-0.711	-0.073	+0.541	-0.075	-0.074	-0.074	-0.580	-0.061	-0.717	-0.718	-0.072	+0.575	-0.724	
rs7794446      -0.631	-0.606	-0.606	-0.606	-0.631	-0.631	-0.631	-0.631	-0.631	-0.601	-0.631	-0.631	-0.631	-0.660	-0.653	-0.483	-0.483	-0.363	-0.481	-0.476	-0.671	-0.481	-0.480	-0.677	-0.495	-0.498	-0.674	-0.675	-0.473	-0.462	-0.459	-0.449	-0.435	-0.433	-0.688	-0.465	-0.565	+0.089	+0.234	+0.220	-0.451	-0.568	+0.241	+0.242	-0.580	-0.629	-0.731	-0.730	-0.732	-0.709	-0.709	-0.709	+0.882	-0.714	-0.715	-0.702	-0.702	-0.702	-0.563	+0.020	-0.573	-0.566	-0.573	-0.566	+0.871	-0.573	-0.692	-0.689	-0.689	-0.688	-0.679	+0.112	-0.669	-0.679	-0.088	+0.013	-0.596	-0.593	-0.585	-0.537	-0.537	-0.523	-0.536	-0.517	-0.531	-0.533	-0.565	-0.339	-0.549	-0.555	-0.553	-0.552	-0.551	-0.547	-0.549	-0.545	-0.311	-0.546	-0.531	-0.546	-0.318	-0.352	-0.456	-0.433	-0.661	-0.493	-0.494	-0.450	-0.490	-0.635	-0.690	-0.691	-0.639	-0.643	-0.645	-0.650	-0.654	-0.284	-0.412	-0.448	-0.508	-0.754	-0.744	-0.737	-0.737	-0.759	-0.744	-0.744	-0.731	-0.722	-0.723	-0.446	-0.717	-0.717	-0.719	-0.718	-0.478	+0.242	-0.695	+0.100	+0.216	-0.706	-0.253	-0.700	+0.277	+0.281	-0.691	+0.504	-0.705	-0.079	+0.545	-0.645	+0.545	-0.709	-0.709	-0.071	+0.543	-0.073	-0.072	-0.072	-0.578	-0.059	-0.715	-0.716	-0.070	+0.577	-0.722	
rs58487478     -0.630	-0.606	-0.606	-0.606	-0.631	-0.631	-0.631	-0.630	-0.631	-0.600	-0.631	-0.630	-0.631	-0.659	-0.653	-0.483	-0.482	-0.481	-0.363	-0.476	-0.670	-0.480	-0.479	-0.676	-0.494	-0.497	-0.674	-0.674	-0.473	-0.462	-0.459	-0.449	-0.435	-0.434	-0.687	-0.464	-0.564	+0.090	+0.235	+0.221	-0.450	-0.568	+0.242	+0.243	-0.580	-0.629	-0.731	-0.729	-0.731	-0.708	-0.709	-0.709	+0.884	-0.713	-0.714	-0.702	-0.702	-0.702	-0.562	+0.021	-0.572	-0.565	-0.572	-0.565	+0.872	-0.573	-0.691	-0.689	-0.688	-0.687	-0.678	+0.114	-0.669	-0.678	-0.087	+0.014	-0.595	-0.592	-0.584	-0.537	-0.536	-0.523	-0.536	-0.516	-0.530	-0.532	-0.565	-0.339	-0.548	-0.554	-0.552	-0.552	-0.551	-0.547	-0.549	-0.545	-0.310	-0.546	-0.530	-0.545	-0.317	-0.351	-0.455	-0.433	-0.660	-0.492	-0.493	-0.449	-0.489	-0.635	-0.689	-0.690	-0.639	-0.642	-0.644	-0.650	-0.653	-0.283	-0.411	-0.447	-0.508	-0.753	-0.743	-0.736	-0.736	-0.759	-0.744	-0.743	-0.731	-0.721	-0.723	-0.445	-0.717	-0.716	-0.719	-0.717	-0.478	+0.242	-0.695	+0.101	+0.217	-0.706	-0.253	-0.699	+0.277	+0.282	-0.691	+0.505	-0.704	-0.078	+0.545	-0.644	+0.545	-0.709	-0.709	-0.070	+0.544	-0.073	-0.071	-0.071	-0.577	-0.058	-0.715	-0.715	-0.070	+0.578	-0.722	
rs7781558      -0.621	-0.598	-0.598	-0.598	-0.622	-0.622	-0.622	-0.621	-0.622	-0.593	-0.622	-0.621	-0.622	-0.647	-0.640	-0.477	-0.477	-0.476	-0.476	-0.353	-0.658	-0.476	-0.476	-0.664	-0.485	-0.488	-0.662	-0.663	-0.472	-0.464	-0.461	-0.453	-0.442	-0.441	-0.675	-0.458	-0.557	+0.105	+0.252	+0.238	-0.437	-0.560	+0.259	+0.260	-0.572	-0.620	-0.722	-0.720	-0.722	-0.700	-0.700	-0.700	+0.902	-0.705	-0.706	-0.693	-0.693	-0.693	-0.555	+0.039	-0.564	-0.558	-0.565	-0.558	+0.890	-0.565	-0.683	-0.681	-0.680	-0.679	-0.670	+0.132	-0.660	-0.670	-0.071	+0.031	-0.587	-0.584	-0.575	-0.527	-0.527	-0.514	-0.526	-0.507	-0.521	-0.523	-0.555	-0.330	-0.539	-0.545	-0.543	-0.542	-0.541	-0.538	-0.539	-0.536	-0.301	-0.536	-0.521	-0.536	-0.308	-0.342	-0.446	-0.423	-0.652	-0.483	-0.484	-0.440	-0.480	-0.625	-0.680	-0.681	-0.629	-0.632	-0.635	-0.640	-0.644	-0.273	-0.402	-0.438	-0.498	-0.744	-0.734	-0.727	-0.727	-0.750	-0.734	-0.734	-0.721	-0.712	-0.714	-0.436	-0.707	-0.707	-0.709	-0.708	-0.468	+0.252	-0.685	+0.110	+0.226	-0.696	-0.244	-0.690	+0.287	+0.291	-0.681	+0.514	-0.695	-0.068	+0.555	-0.635	+0.555	-0.699	-0.699	-0.060	+0.553	-0.063	-0.061	-0.061	-0.568	-0.049	-0.705	-0.706	-0.060	+0.587	-0.712	
rs7786625      -0.805	-0.697	-0.697	-0.696	-0.807	-0.807	-0.807	-0.806	-0.808	-0.688	-0.808	-0.809	-0.809	-0.689	-0.683	-0.674	-0.673	-0.671	-0.670	-0.658	-0.560	-0.663	-0.659	-0.744	-0.687	-0.691	-0.742	-0.742	-0.640	-0.628	-0.624	-0.615	-0.603	-0.601	-0.676	-0.497	-0.668	-0.181	-0.097	-0.111	-0.857	-0.673	-0.093	-0.091	-0.691	-0.761	-0.900	-0.897	-0.897	-0.866	-0.867	-0.867	+0.595	-0.872	-0.874	-0.858	-0.858	-0.858	-0.675	-0.596	-0.688	-0.679	-0.689	-0.680	+0.581	-0.689	-0.845	-0.842	-0.841	-0.840	-0.828	-0.541	-0.817	-0.828	-0.650	-0.598	-0.710	-0.705	-0.781	-0.732	-0.732	-0.719	-0.731	-0.713	-0.726	-0.729	-0.760	-0.525	-0.744	-0.750	-0.748	-0.748	-0.747	-0.743	-0.745	-0.742	-0.498	-0.743	-0.728	-0.743	-0.504	-0.565	-0.648	-0.626	-0.798	-0.685	-0.686	-0.642	-0.682	-0.837	-0.879	-0.880	-0.841	-0.843	-0.845	-0.850	-0.852	-0.481	-0.608	-0.621	-0.703	-0.944	-0.934	-0.927	-0.927	-0.948	-0.935	-0.935	-0.922	-0.913	-0.914	-0.639	-0.908	-0.908	-0.910	-0.908	-0.671	+0.054	-0.884	-0.073	+0.030	-0.896	-0.436	-0.889	+0.090	+0.095	-0.880	+0.323	-0.894	-0.281	+0.363	-0.845	+0.363	-0.898	-0.898	-0.273	+0.362	-0.275	-0.274	-0.274	-0.765	-0.260	-0.904	-0.905	-0.272	+0.398	-0.911	
rs4732165      -0.625	-0.602	-0.601	-0.601	-0.626	-0.626	-0.626	-0.625	-0.626	-0.596	-0.626	-0.625	-0.626	-0.652	-0.646	-0.482	-0.482	-0.481	-0.480	-0.476	-0.663	-0.357	-0.474	-0.669	-0.484	-0.488	-0.667	-0.668	-0.468	-0.458	-0.455	-0.446	-0.432	-0.431	-0.680	-0.461	-0.560	+0.099	+0.246	+0.231	-0.442	-0.564	+0.252	+0.253	-0.576	-0.624	-0.726	-0.724	-0.726	-0.704	-0.704	-0.704	+0.894	-0.709	-0.710	-0.697	-0.697	-0.697	-0.558	+0.032	-0.568	-0.561	-0.568	-0.561	+0.883	-0.568	-0.686	-0.684	-0.683	-0.683	-0.674	+0.124	-0.664	-0.674	-0.078	+0.024	-0.591	-0.588	-0.579	-0.532	-0.531	-0.518	-0.531	-0.511	-0.525	-0.527	-0.560	-0.334	-0.543	-0.549	-0.547	-0.547	-0.545	-0.542	-0.544	-0.540	-0.305	-0.541	-0.525	-0.540	-0.312	-0.346	-0.450	-0.427	-0.656	-0.487	-0.488	-0.444	-0.484	-0.629	-0.684	-0.685	-0.633	-0.637	-0.639	-0.644	-0.648	-0.278	-0.406	-0.442	-0.502	-0.748	-0.738	-0.731	-0.731	-0.754	-0.738	-0.738	-0.725	-0.716	-0.718	-0.440	-0.711	-0.711	-0.713	-0.712	-0.473	+0.248	-0.689	+0.106	+0.222	-0.700	-0.247	-0.694	+0.283	+0.287	-0.685	+0.510	-0.699	-0.072	+0.551	-0.639	+0.551	-0.703	-0.703	-0.064	+0.549	-0.067	-0.065	-0.065	-0.572	-0.053	-0.709	-0.710	-0.064	+0.583	-0.716	
rs17168537     -0.622	-0.599	-0.599	-0.599	-0.623	-0.623	-0.623	-0.622	-0.623	-0.594	-0.623	-0.622	-0.623	-0.648	-0.642	-0.481	-0.481	-0.480	-0.479	-0.476	-0.659	-0.474	-0.354	-0.665	-0.480	-0.483	-0.663	-0.664	-0.467	-0.458	-0.455	-0.446	-0.434	-0.432	-0.676	-0.459	-0.558	+0.104	+0.252	+0.237	-0.438	-0.561	+0.258	+0.259	-0.573	-0.621	-0.723	-0.721	-0.723	-0.701	-0.701	-0.701	+0.901	-0.706	-0.707	-0.694	-0.694	-0.694	-0.555	+0.038	-0.565	-0.559	-0.566	-0.559	+0.889	-0.566	-0.684	-0.681	-0.681	-0.680	-0.671	+0.130	-0.661	-0.671	-0.072	+0.030	-0.588	-0.585	-0.576	-0.529	-0.528	-0.514	-0.527	-0.508	-0.522	-0.524	-0.557	-0.331	-0.540	-0.546	-0.544	-0.544	-0.542	-0.539	-0.540	-0.537	-0.302	-0.537	-0.522	-0.537	-0.309	-0.343	-0.447	-0.424	-0.653	-0.484	-0.485	-0.441	-0.481	-0.626	-0.681	-0.682	-0.630	-0.633	-0.636	-0.641	-0.645	-0.274	-0.403	-0.439	-0.499	-0.745	-0.735	-0.728	-0.728	-0.750	-0.735	-0.735	-0.722	-0.713	-0.714	-0.437	-0.708	-0.708	-0.710	-0.709	-0.469	+0.251	-0.686	+0.109	+0.225	-0.697	-0.244	-0.691	+0.286	+0.290	-0.682	+0.513	-0.696	-0.069	+0.554	-0.636	+0.554	-0.700	-0.700	-0.061	+0.552	-0.064	-0.062	-0.062	-0.569	-0.049	-0.706	-0.707	-0.061	+0.586	-0.713	
rs17168541     -0.798	-0.695	-0.695	-0.694	-0.800	-0.800	-0.800	-0.798	-0.801	-0.686	-0.801	-0.802	-0.802	-0.746	-0.746	-0.679	-0.679	-0.677	-0.676	-0.664	-0.744	-0.669	-0.665	-0.557	-0.693	-0.696	-0.695	-0.695	-0.647	-0.634	-0.631	-0.622	-0.610	-0.608	-0.732	-0.495	-0.663	-0.217	-0.075	-0.090	-0.861	-0.669	-0.071	-0.070	-0.686	-0.757	-0.898	-0.895	-0.895	-0.863	-0.864	-0.864	+0.627	-0.869	-0.871	-0.855	-0.855	-0.855	-0.671	-0.588	-0.684	-0.675	-0.684	-0.675	+0.610	-0.685	-0.842	-0.839	-0.838	-0.837	-0.825	-0.534	-0.814	-0.825	-0.643	-0.591	-0.707	-0.703	-0.778	-0.729	-0.729	-0.715	-0.728	-0.709	-0.723	-0.726	-0.757	-0.522	-0.741	-0.747	-0.745	-0.744	-0.743	-0.740	-0.741	-0.739	-0.495	-0.740	-0.725	-0.739	-0.501	-0.562	-0.644	-0.622	-0.794	-0.682	-0.683	-0.639	-0.679	-0.834	-0.876	-0.877	-0.837	-0.840	-0.842	-0.846	-0.849	-0.475	-0.603	-0.616	-0.698	-0.940	-0.930	-0.924	-0.923	-0.945	-0.931	-0.931	-0.918	-0.909	-0.910	-0.634	-0.904	-0.904	-0.906	-0.904	-0.667	+0.061	-0.880	-0.068	+0.036	-0.892	-0.430	-0.885	+0.097	+0.102	-0.876	+0.329	-0.890	-0.275	+0.370	-0.841	+0.370	-0.894	-0.894	-0.267	+0.368	-0.270	-0.268	-0.268	-0.762	-0.254	-0.900	-0.901	-0.267	+0.404	-0.907	
rs1994464      -0.643	-0.617	-0.616	-0.616	-0.644	-0.644	-0.644	-0.643	-0.644	-0.611	-0.644	-0.643	-0.644	-0.677	-0.671	-0.497	-0.497	-0.495	-0.494	-0.485	-0.687	-0.484	-0.480	-0.693	-0.376	-0.501	-0.690	-0.690	-0.459	-0.442	-0.437	-0.422	-0.401	-0.399	-0.702	-0.473	-0.575	+0.070	+0.212	+0.198	-0.469	-0.578	+0.218	+0.220	-0.591	-0.640	-0.743	-0.742	-0.744	-0.720	-0.721	-0.721	+0.859	-0.725	-0.727	-0.714	-0.714	-0.714	-0.573	-0.003	-0.583	-0.576	-0.583	-0.576	+0.847	-0.584	-0.703	-0.701	-0.700	-0.699	-0.690	+0.088	-0.681	-0.690	-0.111	-0.011	-0.607	-0.603	-0.597	-0.550	-0.550	-0.536	-0.549	-0.530	-0.544	-0.546	-0.578	-0.352	-0.562	-0.568	-0.566	-0.565	-0.564	-0.560	-0.562	-0.558	-0.324	-0.559	-0.544	-0.559	-0.331	-0.366	-0.469	-0.446	-0.672	-0.505	-0.506	-0.462	-0.502	-0.649	-0.703	-0.703	-0.653	-0.656	-0.658	-0.664	-0.667	-0.296	-0.425	-0.460	-0.521	-0.766	-0.756	-0.749	-0.749	-0.772	-0.757	-0.757	-0.744	-0.734	-0.736	-0.459	-0.730	-0.729	-0.732	-0.730	-0.491	+0.229	-0.708	+0.088	+0.204	-0.719	-0.266	-0.712	+0.264	+0.269	-0.704	+0.492	-0.717	-0.091	+0.532	-0.658	+0.532	-0.722	-0.722	-0.084	+0.531	-0.086	-0.085	-0.085	-0.590	-0.072	-0.728	-0.728	-0.083	+0.565	-0.735	
rs10244931     -0.645	-0.619	-0.618	-0.618	-0.646	-0.646	-0.646	-0.645	-0.646	-0.613	-0.646	-0.646	-0.646	-0.681	-0.675	-0.501	-0.500	-0.498	-0.497	-0.488	-0.691	-0.488	-0.483	-0.696	-0.501	-0.379	-0.693	-0.694	-0.458	-0.440	-0.435	-0.420	-0.398	-0.395	-0.705	-0.474	-0.577	+0.067	+0.207	+0.193	-0.473	-0.580	+0.213	+0.215	-0.593	-0.642	-0.746	-0.744	-0.746	-0.723	-0.723	-0.723	+0.853	-0.728	-0.729	-0.716	-0.716	-0.716	-0.575	-0.007	-0.585	-0.578	-0.585	-0.578	+0.842	-0.586	-0.705	-0.703	-0.702	-0.702	-0.693	+0.083	-0.683	-0.692	-0.115	-0.015	-0.609	-0.605	-0.600	-0.553	-0.552	-0.539	-0.552	-0.532	-0.546	-0.548	-0.581	-0.355	-0.564	-0.570	-0.568	-0.568	-0.567	-0.563	-0.565	-0.561	-0.326	-0.562	-0.546	-0.561	-0.333	-0.368	-0.471	-0.449	-0.674	-0.508	-0.509	-0.465	-0.505	-0.651	-0.705	-0.706	-0.656	-0.659	-0.661	-0.666	-0.670	-0.299	-0.427	-0.462	-0.524	-0.769	-0.759	-0.752	-0.752	-0.774	-0.759	-0.759	-0.746	-0.737	-0.739	-0.461	-0.732	-0.732	-0.734	-0.733	-0.494	+0.226	-0.710	+0.086	+0.201	-0.722	-0.268	-0.715	+0.261	+0.266	-0.706	+0.489	-0.720	-0.094	+0.530	-0.660	+0.530	-0.724	-0.724	-0.086	+0.528	-0.089	-0.087	-0.087	-0.593	-0.074	-0.730	-0.731	-0.086	+0.562	-0.737	
rs6963681      -0.797	-0.694	-0.693	-0.693	-0.799	-0.799	-0.799	-0.797	-0.800	-0.685	-0.800	-0.801	-0.801	-0.745	-0.745	-0.677	-0.677	-0.674	-0.674	-0.662	-0.742	-0.667	-0.663	-0.695	-0.690	-0.693	-0.556	-0.685	-0.643	-0.631	-0.628	-0.618	-0.606	-0.605	-0.727	-0.494	-0.661	-0.216	-0.074	-0.088	-0.860	-0.667	-0.069	-0.068	-0.685	-0.755	-0.896	-0.894	-0.894	-0.862	-0.863	-0.863	+0.629	-0.868	-0.870	-0.854	-0.854	-0.854	-0.669	-0.587	-0.682	-0.673	-0.683	-0.674	+0.613	-0.683	-0.840	-0.838	-0.837	-0.836	-0.824	-0.533	-0.813	-0.823	-0.642	-0.590	-0.706	-0.702	-0.776	-0.728	-0.727	-0.714	-0.727	-0.708	-0.722	-0.725	-0.756	-0.521	-0.740	-0.746	-0.744	-0.743	-0.742	-0.738	-0.740	-0.738	-0.494	-0.739	-0.724	-0.738	-0.500	-0.561	-0.643	-0.621	-0.793	-0.681	-0.682	-0.638	-0.678	-0.833	-0.874	-0.876	-0.836	-0.839	-0.841	-0.845	-0.848	-0.474	-0.602	-0.615	-0.697	-0.939	-0.929	-0.923	-0.922	-0.944	-0.930	-0.930	-0.917	-0.908	-0.910	-0.633	-0.903	-0.903	-0.905	-0.903	-0.666	+0.062	-0.879	-0.067	+0.037	-0.891	-0.430	-0.884	+0.098	+0.103	-0.875	+0.330	-0.889	-0.274	+0.371	-0.840	+0.371	-0.893	-0.893	-0.266	+0.369	-0.269	-0.267	-0.267	-0.761	-0.253	-0.899	-0.900	-0.266	+0.405	-0.906	
rs6467620      -0.797	-0.694	-0.693	-0.693	-0.799	-0.799	-0.799	-0.797	-0.800	-0.685	-0.800	-0.801	-0.801	-0.745	-0.744	-0.678	-0.678	-0.675	-0.674	-0.663	-0.742	-0.668	-0.664	-0.695	-0.690	-0.694	-0.685	-0.556	-0.644	-0.632	-0.628	-0.619	-0.607	-0.606	-0.727	-0.494	-0.662	-0.214	-0.070	-0.085	-0.860	-0.668	-0.066	-0.065	-0.685	-0.755	-0.897	-0.894	-0.894	-0.862	-0.863	-0.863	+0.634	-0.868	-0.870	-0.854	-0.854	-0.854	-0.670	-0.586	-0.683	-0.674	-0.683	-0.674	+0.618	-0.683	-0.841	-0.838	-0.837	-0.836	-0.824	-0.532	-0.813	-0.824	-0.641	-0.589	-0.706	-0.702	-0.777	-0.728	-0.728	-0.714	-0.727	-0.708	-0.722	-0.725	-0.756	-0.521	-0.740	-0.746	-0.744	-0.743	-0.742	-0.739	-0.740	-0.738	-0.494	-0.739	-0.724	-0.738	-0.500	-0.561	-0.643	-0.621	-0.793	-0.681	-0.682	-0.638	-0.678	-0.833	-0.874	-0.876	-0.836	-0.839	-0.841	-0.845	-0.848	-0.474	-0.602	-0.615	-0.697	-0.939	-0.929	-0.923	-0.922	-0.944	-0.930	-0.930	-0.917	-0.908	-0.910	-0.633	-0.903	-0.903	-0.905	-0.903	-0.666	+0.062	-0.879	-0.067	+0.037	-0.891	-0.430	-0.884	+0.098	+0.103	-0.875	+0.330	-0.889	-0.274	+0.371	-0.840	+0.371	-0.893	-0.893	-0.266	+0.369	-0.269	-0.267	-0.267	-0.761	-0.253	-0.899	-0.900	-0.266	+0.405	-0.906	
rs755348       -0.607	-0.586	-0.586	-0.586	-0.608	-0.608	-0.608	-0.607	-0.608	-0.581	-0.608	-0.607	-0.608	-0.629	-0.622	-0.473	-0.473	-0.473	-0.473	-0.472	-0.640	-0.468	-0.467	-0.647	-0.459	-0.458	-0.643	-0.644	-0.338	-0.449	-0.446	-0.439	-0.428	-0.427	-0.657	-0.449	-0.545	+0.132	+0.282	+0.267	-0.411	-0.549	+0.288	+0.290	-0.560	-0.608	-0.709	-0.707	-0.709	-0.687	-0.687	-0.687	+0.934	-0.692	-0.693	-0.680	-0.681	-0.681	-0.543	+0.072	-0.553	-0.546	-0.553	-0.546	+0.922	-0.553	-0.670	-0.668	-0.667	-0.666	-0.657	+0.166	-0.648	-0.657	-0.041	+0.063	-0.575	-0.572	-0.561	-0.514	-0.513	-0.500	-0.513	-0.493	-0.507	-0.509	-0.542	-0.316	-0.525	-0.531	-0.529	-0.529	-0.528	-0.524	-0.526	-0.522	-0.288	-0.523	-0.507	-0.522	-0.295	-0.328	-0.432	-0.410	-0.640	-0.469	-0.470	-0.426	-0.466	-0.610	-0.666	-0.667	-0.614	-0.617	-0.620	-0.625	-0.629	-0.259	-0.388	-0.425	-0.484	-0.730	-0.719	-0.713	-0.712	-0.735	-0.720	-0.720	-0.707	-0.698	-0.699	-0.422	-0.693	-0.692	-0.695	-0.693	-0.454	+0.266	-0.671	+0.124	+0.240	-0.682	-0.229	-0.675	+0.300	+0.305	-0.667	+0.528	-0.680	-0.053	+0.568	-0.620	+0.569	-0.685	-0.685	-0.045	+0.567	-0.048	-0.046	-0.046	-0.554	-0.034	-0.691	-0.692	-0.045	+0.601	-0.698	
rs736151       -0.598	-0.578	-0.578	-0.578	-0.598	-0.598	-0.598	-0.598	-0.598	-0.573	-0.598	-0.598	-0.598	-0.616	-0.609	-0.462	-0.462	-0.462	-0.462	-0.464	-0.628	-0.458	-0.458	-0.634	-0.442	-0.440	-0.631	-0.632	-0.449	-0.328	-0.443	-0.438	-0.429	-0.428	-0.645	-0.442	-0.537	+0.148	+0.301	+0.286	-0.396	-0.540	+0.308	+0.309	-0.552	-0.599	-0.699	-0.698	-0.700	-0.678	-0.678	-0.678	+0.954	-0.683	-0.684	-0.671	-0.671	-0.672	-0.535	+0.092	-0.544	-0.538	-0.545	-0.538	+0.942	-0.545	-0.661	-0.659	-0.658	-0.657	-0.649	+0.187	-0.639	-0.648	-0.022	+0.084	-0.566	-0.563	-0.551	-0.504	-0.503	-0.490	-0.503	-0.483	-0.498	-0.499	-0.532	-0.307	-0.515	-0.521	-0.519	-0.519	-0.518	-0.514	-0.516	-0.512	-0.278	-0.513	-0.497	-0.512	-0.285	-0.317	-0.423	-0.400	-0.631	-0.459	-0.460	-0.416	-0.456	-0.600	-0.656	-0.657	-0.604	-0.607	-0.610	-0.615	-0.619	-0.249	-0.378	-0.416	-0.475	-0.720	-0.709	-0.703	-0.703	-0.726	-0.710	-0.710	-0.697	-0.688	-0.689	-0.412	-0.683	-0.683	-0.685	-0.683	-0.444	+0.275	-0.661	+0.134	+0.250	-0.672	-0.220	-0.666	+0.310	+0.315	-0.657	+0.538	-0.671	-0.043	+0.578	-0.610	+0.578	-0.675	-0.675	-0.035	+0.577	-0.038	-0.036	-0.036	-0.544	-0.024	-0.681	-0.682	-0.035	+0.611	-0.688	
rs736152       -0.595	-0.576	-0.576	-0.576	-0.596	-0.596	-0.596	-0.595	-0.596	-0.571	-0.596	-0.595	-0.596	-0.612	-0.605	-0.459	-0.459	-0.459	-0.459	-0.461	-0.624	-0.455	-0.455	-0.631	-0.437	-0.435	-0.628	-0.628	-0.446	-0.443	-0.325	-0.437	-0.429	-0.428	-0.641	-0.440	-0.535	+0.152	+0.306	+0.291	-0.392	-0.538	+0.313	+0.314	-0.550	-0.597	-0.697	-0.695	-0.697	-0.675	-0.676	-0.676	+0.959	-0.680	-0.681	-0.669	-0.669	-0.669	-0.532	+0.098	-0.542	-0.536	-0.543	-0.536	+0.947	-0.543	-0.659	-0.656	-0.656	-0.655	-0.646	+0.193	-0.637	-0.646	-0.017	+0.089	-0.564	-0.561	-0.548	-0.501	-0.501	-0.487	-0.500	-0.481	-0.495	-0.497	-0.529	-0.304	-0.513	-0.519	-0.517	-0.516	-0.515	-0.511	-0.513	-0.509	-0.275	-0.510	-0.494	-0.509	-0.282	-0.315	-0.420	-0.397	-0.629	-0.457	-0.458	-0.414	-0.454	-0.597	-0.654	-0.655	-0.601	-0.604	-0.607	-0.612	-0.616	-0.247	-0.375	-0.413	-0.472	-0.717	-0.707	-0.700	-0.700	-0.723	-0.707	-0.707	-0.695	-0.685	-0.687	-0.409	-0.681	-0.680	-0.682	-0.681	-0.442	+0.278	-0.658	+0.136	+0.252	-0.670	-0.217	-0.663	+0.313	+0.318	-0.655	+0.540	-0.668	-0.040	+0.581	-0.607	+0.581	-0.673	-0.673	-0.032	+0.579	-0.035	-0.033	-0.033	-0.541	-0.021	-0.679	-0.679	-0.032	+0.613	-0.686	
rs60053453     -0.588	-0.570	-0.570	-0.569	-0.589	-0.589	-0.589	-0.588	-0.589	-0.565	-0.589	-0.588	-0.588	-0.603	-0.596	-0.449	-0.449	-0.449	-0.449	-0.453	-0.615	-0.446	-0.446	-0.622	-0.422	-0.420	-0.618	-0.619	-0.439	-0.438	-0.437	-0.318	-0.427	-0.426	-0.632	-0.435	-0.529	+0.164	+0.320	+0.305	-0.380	-0.532	+0.326	+0.328	-0.544	-0.591	-0.690	-0.688	-0.691	-0.669	-0.669	-0.669	+0.974	-0.674	-0.675	-0.662	-0.662	-0.662	-0.526	+0.113	-0.536	-0.530	-0.536	-0.529	+0.962	-0.537	-0.652	-0.650	-0.649	-0.648	-0.640	+0.208	-0.630	-0.640	-0.003	+0.104	-0.558	-0.555	-0.541	-0.494	-0.494	-0.480	-0.493	-0.474	-0.488	-0.489	-0.522	-0.297	-0.506	-0.512	-0.510	-0.509	-0.508	-0.504	-0.506	-0.502	-0.268	-0.503	-0.487	-0.502	-0.275	-0.307	-0.413	-0.390	-0.623	-0.450	-0.451	-0.407	-0.446	-0.589	-0.647	-0.648	-0.594	-0.597	-0.599	-0.605	-0.608	-0.239	-0.368	-0.406	-0.465	-0.710	-0.700	-0.693	-0.693	-0.716	-0.700	-0.700	-0.687	-0.678	-0.680	-0.402	-0.673	-0.673	-0.675	-0.674	-0.434	+0.285	-0.651	+0.143	+0.260	-0.662	-0.210	-0.656	+0.320	+0.325	-0.647	+0.547	-0.661	-0.033	+0.588	-0.600	+0.588	-0.665	-0.665	-0.025	+0.586	-0.028	-0.026	-0.026	-0.534	-0.013	-0.671	-0.672	-0.024	+0.620	-0.678	
rs1807305      -0.579	-0.562	-0.562	-0.561	-0.579	-0.579	-0.579	-0.579	-0.579	-0.557	-0.579	-0.579	-0.579	-0.590	-0.583	-0.434	-0.434	-0.435	-0.435	-0.442	-0.603	-0.432	-0.434	-0.610	-0.401	-0.398	-0.606	-0.607	-0.428	-0.429	-0.429	-0.427	-0.308	-0.423	-0.621	-0.428	-0.521	+0.180	+0.338	+0.323	-0.365	-0.524	+0.344	+0.345	-0.536	-0.582	-0.681	-0.679	-0.682	-0.660	-0.660	-0.660	+0.993	-0.665	-0.666	-0.653	-0.654	-0.654	-0.519	+0.132	-0.528	-0.522	-0.528	-0.522	+0.981	-0.529	-0.643	-0.641	-0.640	-0.640	-0.631	+0.228	-0.622	-0.631	+0.015	+0.123	-0.550	-0.547	-0.531	-0.485	-0.484	-0.471	-0.484	-0.464	-0.478	-0.480	-0.513	-0.288	-0.496	-0.502	-0.500	-0.500	-0.498	-0.495	-0.497	-0.492	-0.259	-0.493	-0.477	-0.493	-0.266	-0.297	-0.403	-0.381	-0.615	-0.440	-0.441	-0.397	-0.437	-0.579	-0.637	-0.638	-0.584	-0.587	-0.589	-0.595	-0.598	-0.230	-0.358	-0.397	-0.455	-0.701	-0.690	-0.683	-0.683	-0.706	-0.691	-0.691	-0.678	-0.668	-0.670	-0.392	-0.664	-0.663	-0.666	-0.664	-0.425	+0.295	-0.642	+0.152	+0.269	-0.653	-0.200	-0.646	+0.329	+0.334	-0.638	+0.557	-0.651	-0.023	+0.597	-0.590	+0.597	-0.656	-0.656	-0.015	+0.596	-0.018	-0.016	-0.016	-0.525	-0.004	-0.662	-0.663	-0.015	+0.630	-0.669	
