## Summary of overall evidence for association with region:
## log10(BF for region) = -0.499164
## p-value for region = NA

## BFs for choosing among multi-SNP models:
## log10(average 1-SNP BF) = -0.426134
## log10(average 2-SNP BF) = -0.697245

## Example posterior probabilities for multi-SNP models, based on default prior: [p(l) propto 0.5^l for l=1,2,...,L]
## posterior probability of 1-SNP = 0.788749
## posterior probability of 2-SNP = 0.211251

## log10(BF) for single SNP and pair of SNPs:
rs1465721      -0.260	-0.608	-0.699	-0.670	-0.761	-0.652	-0.510	-0.368	-0.648	-0.652	-0.758	-0.422	-0.727	-0.657	-0.627	-0.713	-0.711	-0.651	-0.423	-0.727	-0.714	-0.715	-0.641	-0.430	-0.699	-0.673	-0.716	-0.649	-0.700	-0.649	-0.650	-0.614	-0.651	-0.647	-0.619	-0.264	-0.708	-0.650	-0.631	-0.651	-0.526	-0.653	-0.644	-0.761	-0.596	-0.757	-0.595	-0.584	-0.435	-0.741	-0.759	-0.739	-0.739	-0.736	-0.756	-0.559	-0.548	-0.623	-0.701	-0.669	-0.528	-0.334	-0.580	-0.706	-0.565	-0.564	-0.730	-0.590	-0.645	-0.697	-0.523	-0.553	-0.620	-0.743	-0.565	-0.740	-0.596	-0.551	-0.584	-0.769	-0.597	-0.702	-0.703	-0.603	-0.600	-0.595	-0.582	-0.771	-0.523	-0.525	-0.746	-0.513	-0.514	-0.522	-0.521	-0.635	-0.512	-0.747	-0.504	-0.520	-0.517	-0.517	-0.771	-0.515	-0.771	-0.692	-0.675	-0.670	-0.462	-0.517	-0.755	-0.756	-0.757	-0.448	-0.638	-0.379	-0.363	-0.765	-0.416	-0.423	-0.764	-0.762	-0.431	-0.763	-0.767	-0.533	-0.422	-0.768	-0.779	-0.764	-0.753	-0.764	-0.437	-0.773	-0.452	-0.775	-0.451	-0.466	-0.476	-0.472	-0.605	-0.509	-0.509	-0.715	-0.576	-0.632	-0.719	-0.440	-0.709	-0.626	-0.580	-0.562	-0.593	-0.587	-0.714	-0.627	-0.728	-0.728	-0.754	-0.577	-0.597	-0.580	-0.580	-0.588	-0.580	-0.580	-0.693	-0.579	-0.692	-0.691	-0.580	-0.573	-0.583	-0.594	-0.581	-0.594	-0.581	-0.581	-0.573	-0.591	-0.514	-0.566	-0.565	-0.561	-0.598	-0.588	-0.553	-0.564	
rs982507       -0.608	-0.449	-0.784	-0.727	-0.898	-0.809	-0.689	-0.586	-0.803	-0.810	-0.895	-0.627	-0.861	-0.811	-0.781	-0.848	-0.846	-0.781	-0.621	-0.861	-0.850	-0.851	-0.771	-0.635	-0.830	-0.827	-0.866	-0.805	-0.860	-0.804	-0.807	-0.773	-0.808	-0.801	-0.763	-0.424	-0.870	-0.807	-0.779	-0.808	-0.697	-0.806	-0.796	-0.913	-0.729	-0.916	-0.727	-0.714	-0.655	-0.817	-0.859	-0.814	-0.813	-0.808	-0.917	-0.685	-0.672	-0.879	-0.881	-0.862	-0.628	-0.420	-0.747	-0.878	-0.774	-0.774	-0.897	-0.792	-0.843	-0.830	-0.688	-0.719	-0.757	-0.922	-0.731	-0.921	-0.723	-0.664	-0.707	-0.956	-0.724	-0.861	-0.871	-0.732	-0.728	-0.721	-0.705	-0.957	-0.635	-0.637	-0.924	-0.623	-0.624	-0.634	-0.633	-0.803	-0.623	-0.925	-0.613	-0.632	-0.629	-0.629	-0.956	-0.626	-0.956	-0.833	-0.802	-0.794	-0.566	-0.626	-0.934	-0.935	-0.935	-0.548	-0.803	-0.470	-0.453	-0.942	-0.511	-0.521	-0.941	-0.940	-0.529	-0.941	-0.944	-0.643	-0.519	-0.944	-0.952	-0.941	-0.932	-0.941	-0.535	-0.945	-0.552	-0.947	-0.551	-0.568	-0.580	-0.576	-0.770	-0.618	-0.618	-0.852	-0.745	-0.801	-0.859	-0.539	-0.844	-0.796	-0.749	-0.732	-0.762	-0.756	-0.850	-0.797	-0.897	-0.897	-0.933	-0.746	-0.766	-0.749	-0.749	-0.756	-0.749	-0.749	-0.822	-0.749	-0.821	-0.820	-0.750	-0.743	-0.752	-0.763	-0.750	-0.762	-0.750	-0.750	-0.742	-0.759	-0.684	-0.736	-0.733	-0.729	-0.767	-0.758	-0.724	-0.733	
rs12455553     -0.699	-0.784	-0.552	-0.789	-1.000	-0.903	-0.779	-0.677	-0.897	-0.904	-0.944	-0.718	-0.938	-0.900	-0.867	-0.921	-0.918	-0.878	-0.712	-0.938	-0.923	-0.924	-0.866	-0.726	-0.934	-0.919	-0.969	-0.899	-0.951	-0.898	-0.901	-0.859	-0.902	-0.895	-0.857	-0.512	-0.961	-0.901	-0.873	-0.902	-0.759	-0.898	-0.888	-1.000	-0.824	-1.004	-0.822	-0.810	-0.747	-0.938	-0.939	-0.936	-0.935	-0.930	-1.004	-0.781	-0.768	-0.977	-0.971	-0.979	-0.739	-0.532	-0.822	-0.977	-0.898	-0.898	-0.988	-0.915	-0.962	-0.942	-0.774	-0.805	-0.847	-1.031	-0.817	-1.031	-0.812	-0.751	-0.796	-1.056	-0.813	-0.962	-0.971	-0.821	-0.817	-0.810	-0.794	-1.057	-0.723	-0.726	-1.033	-0.711	-0.713	-0.722	-0.721	-0.892	-0.711	-1.034	-0.701	-0.720	-0.717	-0.717	-1.056	-0.715	-1.056	-0.936	-0.899	-0.892	-0.653	-0.715	-1.041	-1.042	-1.042	-0.636	-0.894	-0.556	-0.538	-1.048	-0.599	-0.608	-1.047	-1.045	-0.616	-1.046	-1.048	-0.734	-0.606	-1.049	-1.053	-1.047	-1.040	-1.046	-0.623	-1.048	-0.640	-1.048	-0.639	-0.656	-0.669	-0.664	-0.860	-0.706	-0.706	-0.950	-0.833	-0.891	-0.957	-0.627	-0.943	-0.886	-0.837	-0.819	-0.851	-0.844	-0.949	-0.887	-0.992	-0.992	-1.037	-0.834	-0.854	-0.837	-0.837	-0.844	-0.837	-0.837	-0.921	-0.836	-0.920	-0.919	-0.837	-0.830	-0.840	-0.851	-0.838	-0.851	-0.838	-0.837	-0.829	-0.847	-0.769	-0.823	-0.821	-0.817	-0.859	-0.849	-0.812	-0.819	
rs1434497      -0.670	-0.727	-0.789	-0.519	-0.950	-0.874	-0.750	-0.648	-0.868	-0.875	-0.936	-0.689	-0.890	-0.869	-0.836	-0.874	-0.871	-0.842	-0.683	-0.890	-0.876	-0.877	-0.830	-0.697	-0.897	-0.887	-0.935	-0.870	-0.919	-0.869	-0.872	-0.831	-0.873	-0.866	-0.828	-0.484	-0.928	-0.872	-0.844	-0.873	-0.724	-0.868	-0.858	-0.974	-0.796	-0.977	-0.794	-0.781	-0.717	-0.920	-0.920	-0.918	-0.917	-0.913	-0.978	-0.753	-0.740	-0.950	-0.933	-0.943	-0.685	-0.473	-0.785	-0.946	-0.861	-0.860	-0.951	-0.878	-0.925	-0.894	-0.746	-0.777	-0.818	-0.997	-0.789	-0.997	-0.783	-0.723	-0.767	-1.025	-0.784	-0.930	-0.939	-0.792	-0.789	-0.781	-0.766	-1.026	-0.695	-0.697	-0.999	-0.683	-0.684	-0.694	-0.692	-0.863	-0.683	-1.000	-0.673	-0.692	-0.689	-0.689	-1.025	-0.686	-1.025	-0.903	-0.867	-0.860	-0.625	-0.686	-1.007	-1.008	-1.008	-0.608	-0.865	-0.529	-0.511	-1.014	-0.571	-0.580	-1.013	-1.012	-0.588	-1.013	-1.015	-0.705	-0.578	-1.016	-1.021	-1.013	-1.006	-1.013	-0.595	-1.015	-0.612	-1.016	-0.611	-0.628	-0.640	-0.636	-0.832	-0.678	-0.678	-0.919	-0.804	-0.862	-0.926	-0.599	-0.911	-0.857	-0.808	-0.790	-0.822	-0.815	-0.918	-0.858	-0.962	-0.962	-1.002	-0.805	-0.825	-0.808	-0.808	-0.816	-0.808	-0.808	-0.890	-0.808	-0.889	-0.888	-0.809	-0.802	-0.811	-0.822	-0.809	-0.822	-0.810	-0.809	-0.801	-0.819	-0.741	-0.794	-0.793	-0.788	-0.829	-0.819	-0.783	-0.791	
rs982265       -0.761	-0.898	-1.000	-0.950	-0.624	-0.922	-0.831	-0.737	-0.913	-0.924	-0.971	-0.780	-0.860	-0.740	-0.670	-0.825	-0.820	-0.776	-0.774	-0.862	-0.829	-0.832	-0.758	-0.788	-0.877	-0.782	-0.917	-0.917	-0.946	-0.915	-0.920	-0.855	-0.921	-0.912	-0.852	-0.576	-0.964	-0.921	-0.875	-0.924	-0.840	-0.865	-0.850	-1.047	-0.825	-1.047	-0.823	-0.807	-0.811	-1.043	-1.073	-1.041	-1.040	-1.037	-1.047	-0.771	-0.756	-0.917	-1.041	-1.008	-0.804	-0.593	-0.907	-1.045	-0.910	-0.910	-1.061	-0.935	-0.987	-1.010	-0.846	-0.878	-0.914	-1.082	-0.889	-1.083	-0.879	-0.819	-0.863	-1.106	-0.880	-1.030	-1.039	-0.888	-0.884	-0.877	-0.861	-1.108	-0.791	-0.793	-1.084	-0.779	-0.780	-0.790	-0.789	-0.963	-0.779	-1.085	-0.769	-0.788	-0.785	-0.785	-1.106	-0.782	-1.106	-1.006	-0.975	-0.968	-0.721	-0.783	-1.095	-1.096	-1.096	-0.703	-0.962	-0.624	-0.606	-1.103	-0.666	-0.675	-1.102	-1.100	-0.684	-1.101	-1.104	-0.801	-0.674	-1.105	-1.112	-1.102	-1.093	-1.101	-0.690	-1.107	-0.708	-1.109	-0.707	-0.724	-0.736	-0.732	-0.928	-0.774	-0.774	-1.018	-0.903	-0.961	-1.025	-0.694	-1.010	-0.956	-0.907	-0.889	-0.920	-0.914	-1.016	-0.957	-1.060	-1.060	-1.096	-0.904	-0.924	-0.907	-0.907	-0.914	-0.907	-0.907	-0.989	-0.906	-0.988	-0.987	-0.907	-0.900	-0.910	-0.921	-0.908	-0.921	-0.908	-0.907	-0.900	-0.918	-0.839	-0.893	-0.893	-0.888	-0.927	-0.917	-0.881	-0.890	
rs1434499      -0.652	-0.809	-0.903	-0.874	-0.922	-0.506	-0.732	-0.630	-0.626	-0.635	-0.932	-0.671	-0.881	-0.766	-0.721	-0.862	-0.859	-0.771	-0.665	-0.881	-0.864	-0.865	-0.757	-0.679	-0.837	-0.791	-0.853	-0.653	-0.827	-0.661	-0.664	-0.665	-0.664	-0.653	-0.598	-0.462	-0.838	-0.668	-0.636	-0.670	-0.732	-0.759	-0.745	-0.967	-0.566	-0.968	-0.563	-0.534	-0.700	-0.919	-0.946	-0.917	-0.917	-0.913	-0.969	-0.473	-0.445	-0.910	-0.935	-0.929	-0.653	-0.423	-0.796	-0.932	-0.846	-0.845	-0.949	-0.865	-0.910	-0.892	-0.716	-0.749	-0.787	-0.982	-0.762	-0.982	-0.749	-0.686	-0.732	-0.998	-0.750	-0.915	-0.925	-0.759	-0.755	-0.747	-0.730	-0.999	-0.653	-0.656	-0.984	-0.641	-0.642	-0.652	-0.651	-0.841	-0.640	-0.985	-0.630	-0.650	-0.647	-0.647	-0.998	-0.644	-0.998	-0.889	-0.854	-0.847	-0.579	-0.645	-0.991	-0.992	-0.992	-0.560	-0.841	-0.479	-0.460	-0.997	-0.520	-0.529	-0.996	-0.995	-0.539	-0.995	-0.997	-0.664	-0.528	-0.998	-1.000	-0.996	-0.990	-0.996	-0.545	-0.995	-0.564	-0.995	-0.563	-0.581	-0.595	-0.590	-0.805	-0.636	-0.636	-0.902	-0.779	-0.841	-0.909	-0.550	-0.894	-0.835	-0.783	-0.764	-0.798	-0.790	-0.900	-0.836	-0.949	-0.949	-0.988	-0.780	-0.801	-0.783	-0.784	-0.792	-0.783	-0.783	-0.872	-0.783	-0.871	-0.870	-0.784	-0.776	-0.787	-0.799	-0.785	-0.798	-0.785	-0.784	-0.775	-0.794	-0.710	-0.768	-0.769	-0.764	-0.810	-0.799	-0.758	-0.765	
rs61138687     -0.510	-0.689	-0.779	-0.750	-0.831	-0.732	-0.353	-0.484	-0.729	-0.732	-0.837	-0.529	-0.806	-0.737	-0.706	-0.791	-0.789	-0.730	-0.525	-0.805	-0.792	-0.794	-0.720	-0.536	-0.778	-0.753	-0.795	-0.729	-0.779	-0.729	-0.731	-0.694	-0.731	-0.727	-0.700	-0.343	-0.787	-0.731	-0.712	-0.731	-0.608	-0.733	-0.723	-0.839	-0.677	-0.835	-0.676	-0.665	-0.557	-0.815	-0.835	-0.814	-0.813	-0.810	-0.835	-0.641	-0.630	-0.693	-0.766	-0.740	-0.606	-0.411	-0.661	-0.778	-0.649	-0.648	-0.804	-0.673	-0.727	-0.778	-0.566	-0.600	-0.692	-0.826	-0.613	-0.826	-0.664	-0.613	-0.651	-0.867	-0.665	-0.787	-0.791	-0.672	-0.669	-0.662	-0.649	-0.869	-0.585	-0.586	-0.828	-0.574	-0.575	-0.583	-0.582	-0.694	-0.573	-0.829	-0.564	-0.582	-0.579	-0.579	-0.867	-0.576	-0.867	-0.770	-0.746	-0.740	-0.520	-0.577	-0.840	-0.840	-0.841	-0.505	-0.698	-0.432	-0.415	-0.849	-0.470	-0.479	-0.848	-0.846	-0.487	-0.847	-0.851	-0.594	-0.478	-0.852	-0.861	-0.848	-0.838	-0.848	-0.493	-0.856	-0.509	-0.858	-0.507	-0.523	-0.535	-0.530	-0.660	-0.569	-0.569	-0.789	-0.626	-0.691	-0.794	-0.496	-0.783	-0.685	-0.631	-0.610	-0.646	-0.638	-0.788	-0.686	-0.803	-0.803	-0.837	-0.627	-0.650	-0.631	-0.631	-0.640	-0.631	-0.631	-0.766	-0.630	-0.765	-0.765	-0.631	-0.623	-0.634	-0.648	-0.632	-0.647	-0.633	-0.632	-0.623	-0.644	-0.556	-0.615	-0.619	-0.614	-0.662	-0.649	-0.605	-0.612	
rs117102178    -0.368	-0.586	-0.677	-0.648	-0.737	-0.630	-0.484	-0.234	-0.626	-0.630	-0.737	-0.386	-0.706	-0.635	-0.605	-0.691	-0.689	-0.630	-0.389	-0.705	-0.693	-0.694	-0.620	-0.393	-0.677	-0.652	-0.694	-0.627	-0.678	-0.627	-0.628	-0.592	-0.629	-0.625	-0.597	-0.246	-0.686	-0.628	-0.609	-0.628	-0.504	-0.631	-0.622	-0.739	-0.574	-0.734	-0.572	-0.562	-0.417	-0.720	-0.738	-0.719	-0.718	-0.715	-0.734	-0.537	-0.526	-0.599	-0.679	-0.641	-0.508	-0.314	-0.558	-0.684	-0.534	-0.534	-0.708	-0.560	-0.616	-0.675	-0.501	-0.532	-0.600	-0.717	-0.543	-0.717	-0.578	-0.533	-0.566	-0.746	-0.579	-0.681	-0.682	-0.584	-0.582	-0.576	-0.564	-0.749	-0.506	-0.508	-0.720	-0.496	-0.497	-0.505	-0.504	-0.613	-0.496	-0.721	-0.487	-0.503	-0.501	-0.501	-0.746	-0.498	-0.746	-0.671	-0.655	-0.650	-0.446	-0.499	-0.732	-0.733	-0.734	-0.432	-0.616	-0.363	-0.347	-0.743	-0.399	-0.408	-0.741	-0.739	-0.415	-0.741	-0.745	-0.515	-0.406	-0.746	-0.756	-0.742	-0.730	-0.741	-0.420	-0.750	-0.435	-0.753	-0.434	-0.449	-0.459	-0.455	-0.583	-0.491	-0.491	-0.694	-0.554	-0.610	-0.698	-0.423	-0.689	-0.604	-0.558	-0.541	-0.571	-0.565	-0.693	-0.605	-0.707	-0.707	-0.731	-0.555	-0.575	-0.558	-0.558	-0.566	-0.558	-0.558	-0.673	-0.557	-0.672	-0.671	-0.558	-0.551	-0.561	-0.572	-0.559	-0.572	-0.559	-0.559	-0.551	-0.569	-0.492	-0.544	-0.543	-0.539	-0.576	-0.566	-0.531	-0.542	
rs11662694     -0.648	-0.803	-0.897	-0.868	-0.913	-0.626	-0.729	-0.626	-0.501	-0.621	-0.929	-0.667	-0.881	-0.771	-0.728	-0.862	-0.860	-0.775	-0.661	-0.881	-0.864	-0.866	-0.762	-0.676	-0.838	-0.794	-0.849	-0.647	-0.826	-0.657	-0.657	-0.674	-0.657	-0.650	-0.613	-0.460	-0.836	-0.661	-0.644	-0.663	-0.726	-0.763	-0.750	-0.961	-0.584	-0.963	-0.581	-0.555	-0.697	-0.917	-0.943	-0.916	-0.915	-0.911	-0.964	-0.499	-0.473	-0.909	-0.931	-0.927	-0.659	-0.432	-0.791	-0.928	-0.845	-0.845	-0.945	-0.864	-0.909	-0.890	-0.709	-0.743	-0.780	-0.978	-0.755	-0.978	-0.742	-0.679	-0.725	-0.994	-0.743	-0.910	-0.920	-0.752	-0.748	-0.740	-0.723	-0.994	-0.646	-0.648	-0.980	-0.633	-0.634	-0.644	-0.643	-0.834	-0.632	-0.981	-0.622	-0.642	-0.639	-0.639	-0.994	-0.636	-0.994	-0.883	-0.849	-0.841	-0.571	-0.637	-0.987	-0.988	-0.988	-0.551	-0.835	-0.470	-0.451	-0.993	-0.511	-0.520	-0.992	-0.991	-0.530	-0.991	-0.993	-0.656	-0.519	-0.993	-0.995	-0.992	-0.986	-0.991	-0.537	-0.991	-0.556	-0.990	-0.555	-0.573	-0.587	-0.582	-0.799	-0.628	-0.628	-0.897	-0.773	-0.835	-0.904	-0.541	-0.889	-0.829	-0.777	-0.758	-0.792	-0.784	-0.895	-0.830	-0.944	-0.944	-0.983	-0.774	-0.795	-0.777	-0.777	-0.785	-0.777	-0.777	-0.867	-0.777	-0.866	-0.865	-0.778	-0.770	-0.780	-0.793	-0.778	-0.792	-0.779	-0.778	-0.769	-0.788	-0.704	-0.762	-0.763	-0.758	-0.805	-0.793	-0.752	-0.758	
rs72916595     -0.652	-0.810	-0.904	-0.875	-0.924	-0.635	-0.732	-0.630	-0.621	-0.507	-0.932	-0.671	-0.880	-0.763	-0.717	-0.860	-0.857	-0.768	-0.665	-0.880	-0.862	-0.863	-0.754	-0.679	-0.834	-0.788	-0.852	-0.646	-0.825	-0.655	-0.659	-0.658	-0.659	-0.645	-0.585	-0.462	-0.837	-0.663	-0.625	-0.666	-0.733	-0.755	-0.741	-0.968	-0.550	-0.969	-0.547	-0.516	-0.701	-0.918	-0.945	-0.916	-0.916	-0.912	-0.970	-0.450	-0.420	-0.909	-0.936	-0.929	-0.650	-0.419	-0.797	-0.933	-0.845	-0.844	-0.949	-0.864	-0.910	-0.892	-0.718	-0.751	-0.788	-0.982	-0.763	-0.982	-0.750	-0.688	-0.733	-0.998	-0.752	-0.916	-0.926	-0.760	-0.756	-0.748	-0.731	-0.999	-0.655	-0.657	-0.984	-0.642	-0.643	-0.654	-0.652	-0.842	-0.642	-0.985	-0.631	-0.651	-0.648	-0.648	-0.998	-0.645	-0.998	-0.890	-0.855	-0.848	-0.581	-0.646	-0.992	-0.992	-0.992	-0.562	-0.843	-0.480	-0.461	-0.997	-0.521	-0.531	-0.996	-0.995	-0.540	-0.996	-0.998	-0.666	-0.530	-0.998	-1.001	-0.996	-0.991	-0.996	-0.547	-0.996	-0.566	-0.996	-0.565	-0.583	-0.597	-0.592	-0.807	-0.638	-0.638	-0.903	-0.780	-0.842	-0.910	-0.552	-0.895	-0.836	-0.784	-0.765	-0.799	-0.792	-0.901	-0.837	-0.949	-0.949	-0.988	-0.781	-0.803	-0.784	-0.785	-0.793	-0.784	-0.784	-0.873	-0.784	-0.872	-0.871	-0.785	-0.777	-0.788	-0.800	-0.786	-0.800	-0.786	-0.785	-0.777	-0.795	-0.712	-0.769	-0.770	-0.765	-0.811	-0.800	-0.759	-0.766	
rs4986202      -0.758	-0.895	-0.944	-0.936	-0.971	-0.932	-0.837	-0.737	-0.929	-0.932	-0.614	-0.777	-0.850	-0.866	-0.821	-0.825	-0.821	-0.801	-0.771	-0.854	-0.831	-0.832	-0.784	-0.785	-0.882	-0.889	-0.945	-0.930	-0.934	-0.931	-0.932	-0.866	-0.932	-0.929	-0.901	-0.570	-0.943	-0.932	-0.913	-0.933	-0.834	-0.879	-0.867	-1.026	-0.881	-1.035	-0.880	-0.868	-0.805	-1.032	-1.054	-1.030	-1.029	-1.025	-1.036	-0.842	-0.830	-1.027	-1.037	-1.038	-0.798	-0.582	-0.892	-1.034	-0.959	-0.959	-1.052	-0.977	-1.022	-1.005	-0.821	-0.854	-0.903	-1.089	-0.866	-1.090	-0.867	-0.807	-0.851	-1.103	-0.868	-1.018	-1.027	-0.876	-0.872	-0.865	-0.849	-1.103	-0.777	-0.779	-1.091	-0.764	-0.766	-0.775	-0.774	-0.943	-0.764	-1.092	-0.754	-0.773	-0.770	-0.770	-1.103	-0.768	-1.103	-0.991	-0.953	-0.946	-0.706	-0.768	-1.099	-1.099	-1.100	-0.688	-0.947	-0.610	-0.592	-1.104	-0.651	-0.660	-1.103	-1.102	-0.669	-1.103	-1.105	-0.786	-0.659	-1.105	-1.108	-1.103	-1.098	-1.103	-0.675	-1.103	-0.693	-1.103	-0.691	-0.709	-0.721	-0.717	-0.913	-0.760	-0.760	-1.008	-0.884	-0.943	-1.015	-0.680	-1.000	-0.938	-0.888	-0.869	-0.902	-0.895	-1.006	-0.939	-1.050	-1.050	-1.096	-0.885	-0.906	-0.888	-0.889	-0.896	-0.888	-0.888	-0.979	-0.888	-0.978	-0.977	-0.889	-0.881	-0.891	-0.903	-0.889	-0.903	-0.890	-0.889	-0.881	-0.899	-0.818	-0.874	-0.872	-0.868	-0.914	-0.903	-0.865	-0.870	
rs75716351     -0.422	-0.627	-0.718	-0.689	-0.780	-0.671	-0.529	-0.386	-0.667	-0.671	-0.777	-0.281	-0.745	-0.675	-0.644	-0.731	-0.729	-0.669	-0.380	-0.745	-0.732	-0.733	-0.659	-0.388	-0.717	-0.692	-0.735	-0.668	-0.718	-0.668	-0.669	-0.632	-0.670	-0.666	-0.638	-0.196	-0.726	-0.669	-0.650	-0.670	-0.545	-0.671	-0.662	-0.779	-0.615	-0.775	-0.613	-0.603	-0.431	-0.758	-0.777	-0.756	-0.756	-0.753	-0.775	-0.577	-0.567	-0.642	-0.718	-0.684	-0.546	-0.350	-0.599	-0.723	-0.578	-0.578	-0.747	-0.603	-0.659	-0.715	-0.542	-0.573	-0.634	-0.759	-0.584	-0.759	-0.610	-0.563	-0.598	-0.788	-0.611	-0.719	-0.720	-0.617	-0.614	-0.609	-0.596	-0.790	-0.537	-0.539	-0.762	-0.527	-0.528	-0.536	-0.535	-0.654	-0.527	-0.763	-0.518	-0.535	-0.532	-0.532	-0.787	-0.530	-0.788	-0.708	-0.692	-0.687	-0.477	-0.530	-0.774	-0.775	-0.776	-0.459	-0.657	-0.388	-0.372	-0.784	-0.425	-0.434	-0.783	-0.781	-0.442	-0.782	-0.786	-0.545	-0.432	-0.787	-0.798	-0.783	-0.772	-0.783	-0.447	-0.792	-0.463	-0.795	-0.461	-0.477	-0.488	-0.483	-0.624	-0.521	-0.521	-0.731	-0.596	-0.651	-0.736	-0.450	-0.725	-0.646	-0.600	-0.582	-0.613	-0.606	-0.730	-0.647	-0.749	-0.749	-0.773	-0.597	-0.616	-0.599	-0.600	-0.607	-0.599	-0.599	-0.708	-0.599	-0.707	-0.706	-0.600	-0.593	-0.602	-0.613	-0.600	-0.613	-0.601	-0.600	-0.592	-0.611	-0.533	-0.586	-0.585	-0.580	-0.617	-0.608	-0.572	-0.583	
rs12968905     -0.727	-0.861	-0.938	-0.890	-0.860	-0.881	-0.806	-0.706	-0.881	-0.880	-0.850	-0.745	-0.570	-0.828	-0.791	-0.695	-0.695	-0.755	-0.740	-0.732	-0.714	-0.712	-0.740	-0.753	-0.824	-0.845	-0.872	-0.880	-0.879	-0.882	-0.881	-0.837	-0.881	-0.880	-0.865	-0.547	-0.881	-0.882	-0.874	-0.882	-0.803	-0.845	-0.835	-0.985	-0.851	-0.995	-0.850	-0.840	-0.773	-0.999	-1.018	-0.997	-0.996	-0.993	-0.997	-0.817	-0.806	-0.993	-0.994	-1.006	-0.784	-0.581	-0.851	-0.996	-0.932	-0.931	-1.010	-0.948	-0.991	-0.968	-0.781	-0.813	-0.860	-1.052	-0.826	-1.052	-0.824	-0.765	-0.808	-1.067	-0.825	-0.972	-0.982	-0.833	-0.829	-0.822	-0.805	-1.067	-0.731	-0.734	-1.054	-0.719	-0.720	-0.730	-0.729	-0.902	-0.719	-1.055	-0.709	-0.728	-0.725	-0.725	-1.067	-0.722	-1.067	-0.943	-0.906	-0.898	-0.660	-0.723	-1.060	-1.061	-1.061	-0.642	-0.908	-0.565	-0.547	-1.065	-0.603	-0.612	-1.065	-1.064	-0.622	-1.064	-1.066	-0.740	-0.611	-1.066	-1.068	-1.065	-1.060	-1.064	-0.628	-1.064	-0.646	-1.063	-0.645	-0.663	-0.676	-0.671	-0.874	-0.716	-0.716	-0.967	-0.844	-0.903	-0.973	-0.633	-0.959	-0.897	-0.848	-0.829	-0.862	-0.855	-0.965	-0.898	-1.010	-1.010	-1.057	-0.844	-0.866	-0.848	-0.848	-0.856	-0.848	-0.848	-0.937	-0.847	-0.936	-0.935	-0.849	-0.841	-0.851	-0.863	-0.849	-0.863	-0.850	-0.849	-0.840	-0.858	-0.778	-0.833	-0.831	-0.827	-0.873	-0.863	-0.825	-0.830	
rs2000831      -0.657	-0.811	-0.900	-0.869	-0.740	-0.766	-0.737	-0.635	-0.771	-0.763	-0.866	-0.675	-0.828	-0.492	-0.564	-0.822	-0.821	-0.731	-0.669	-0.829	-0.824	-0.825	-0.722	-0.683	-0.773	-0.645	-0.520	-0.768	-0.880	-0.772	-0.769	-0.801	-0.768	-0.771	-0.774	-0.481	-0.883	-0.769	-0.778	-0.768	-0.708	-0.848	-0.840	-0.920	-0.774	-0.929	-0.773	-0.766	-0.703	-0.929	-0.955	-0.927	-0.926	-0.923	-0.931	-0.746	-0.737	-0.936	-0.925	-0.930	-0.727	-0.531	-0.774	-0.923	-0.855	-0.855	-0.940	-0.870	-0.914	-0.902	-0.667	-0.704	-0.778	-0.977	-0.717	-0.977	-0.741	-0.681	-0.724	-1.000	-0.742	-0.905	-0.914	-0.750	-0.746	-0.738	-0.721	-1.000	-0.645	-0.647	-0.979	-0.632	-0.633	-0.643	-0.642	-0.804	-0.632	-0.980	-0.621	-0.641	-0.638	-0.638	-1.000	-0.635	-1.000	-0.878	-0.848	-0.841	-0.572	-0.636	-0.987	-0.987	-0.988	-0.551	-0.806	-0.474	-0.455	-0.992	-0.512	-0.520	-0.992	-0.991	-0.530	-0.991	-0.993	-0.647	-0.520	-0.993	-0.997	-0.992	-0.986	-0.991	-0.537	-0.992	-0.556	-0.992	-0.554	-0.573	-0.586	-0.582	-0.766	-0.628	-0.628	-0.900	-0.740	-0.806	-0.906	-0.541	-0.893	-0.799	-0.744	-0.723	-0.761	-0.752	-0.898	-0.801	-0.938	-0.938	-0.983	-0.741	-0.765	-0.745	-0.745	-0.754	-0.745	-0.745	-0.872	-0.744	-0.871	-0.870	-0.746	-0.737	-0.749	-0.763	-0.747	-0.762	-0.747	-0.746	-0.736	-0.757	-0.671	-0.729	-0.732	-0.726	-0.784	-0.771	-0.722	-0.724	
rs1036347      -0.627	-0.781	-0.867	-0.836	-0.670	-0.721	-0.706	-0.605	-0.728	-0.717	-0.821	-0.644	-0.791	-0.564	-0.455	-0.790	-0.790	-0.714	-0.639	-0.792	-0.792	-0.792	-0.708	-0.652	-0.735	-0.568	-0.324	-0.724	-0.847	-0.728	-0.724	-0.776	-0.723	-0.729	-0.742	-0.454	-0.848	-0.725	-0.743	-0.723	-0.672	-0.821	-0.815	-0.879	-0.748	-0.889	-0.747	-0.742	-0.672	-0.896	-0.923	-0.895	-0.894	-0.891	-0.891	-0.725	-0.718	-0.906	-0.892	-0.897	-0.703	-0.512	-0.738	-0.890	-0.824	-0.823	-0.907	-0.838	-0.881	-0.871	-0.624	-0.662	-0.742	-0.943	-0.676	-0.943	-0.705	-0.646	-0.688	-0.965	-0.706	-0.870	-0.879	-0.714	-0.710	-0.702	-0.685	-0.966	-0.608	-0.610	-0.945	-0.595	-0.596	-0.606	-0.605	-0.764	-0.595	-0.946	-0.584	-0.604	-0.601	-0.601	-0.965	-0.598	-0.965	-0.843	-0.813	-0.806	-0.534	-0.600	-0.952	-0.953	-0.953	-0.514	-0.766	-0.438	-0.418	-0.958	-0.474	-0.482	-0.957	-0.956	-0.492	-0.957	-0.959	-0.609	-0.482	-0.959	-0.962	-0.957	-0.951	-0.957	-0.499	-0.957	-0.518	-0.957	-0.517	-0.535	-0.549	-0.545	-0.725	-0.592	-0.592	-0.868	-0.699	-0.767	-0.874	-0.504	-0.860	-0.760	-0.704	-0.682	-0.721	-0.712	-0.866	-0.761	-0.904	-0.904	-0.949	-0.700	-0.725	-0.704	-0.705	-0.714	-0.705	-0.705	-0.840	-0.704	-0.839	-0.838	-0.706	-0.696	-0.709	-0.723	-0.706	-0.722	-0.707	-0.706	-0.696	-0.717	-0.630	-0.688	-0.691	-0.686	-0.746	-0.732	-0.682	-0.683	
rs751393       -0.713	-0.848	-0.921	-0.874	-0.825	-0.862	-0.791	-0.691	-0.862	-0.860	-0.825	-0.731	-0.695	-0.822	-0.790	-0.551	-0.683	-0.759	-0.725	-0.690	-0.697	-0.692	-0.746	-0.738	-0.816	-0.838	-0.849	-0.861	-0.862	-0.863	-0.862	-0.830	-0.862	-0.862	-0.850	-0.536	-0.861	-0.862	-0.858	-0.862	-0.789	-0.836	-0.828	-0.960	-0.841	-0.971	-0.840	-0.831	-0.758	-0.982	-0.999	-0.981	-0.980	-0.976	-0.973	-0.809	-0.799	-0.979	-0.974	-0.990	-0.774	-0.575	-0.834	-0.979	-0.918	-0.918	-0.991	-0.934	-0.976	-0.951	-0.761	-0.793	-0.842	-1.035	-0.805	-1.035	-0.806	-0.747	-0.789	-1.048	-0.807	-0.951	-0.962	-0.815	-0.811	-0.803	-0.787	-1.048	-0.713	-0.715	-1.036	-0.700	-0.702	-0.711	-0.710	-0.882	-0.700	-1.037	-0.690	-0.709	-0.706	-0.706	-1.048	-0.704	-1.048	-0.922	-0.883	-0.876	-0.642	-0.705	-1.043	-1.043	-1.043	-0.623	-0.889	-0.548	-0.529	-1.047	-0.585	-0.593	-1.046	-1.046	-0.603	-1.046	-1.047	-0.718	-0.593	-1.048	-1.049	-1.046	-1.042	-1.046	-0.609	-1.045	-0.628	-1.045	-0.626	-0.644	-0.657	-0.653	-0.855	-0.698	-0.698	-0.949	-0.824	-0.883	-0.956	-0.615	-0.941	-0.877	-0.828	-0.809	-0.842	-0.835	-0.947	-0.878	-0.992	-0.992	-1.039	-0.825	-0.846	-0.828	-0.829	-0.837	-0.828	-0.828	-0.920	-0.828	-0.919	-0.917	-0.829	-0.821	-0.832	-0.844	-0.830	-0.843	-0.830	-0.829	-0.821	-0.839	-0.760	-0.814	-0.811	-0.807	-0.854	-0.843	-0.806	-0.810	
rs16953140     -0.711	-0.846	-0.918	-0.871	-0.820	-0.859	-0.789	-0.689	-0.860	-0.857	-0.821	-0.729	-0.695	-0.821	-0.790	-0.683	-0.548	-0.760	-0.723	-0.674	-0.690	-0.683	-0.747	-0.736	-0.815	-0.837	-0.845	-0.858	-0.858	-0.860	-0.859	-0.829	-0.859	-0.859	-0.848	-0.535	-0.857	-0.859	-0.856	-0.859	-0.787	-0.834	-0.826	-0.956	-0.839	-0.968	-0.838	-0.830	-0.756	-0.980	-0.996	-0.978	-0.978	-0.974	-0.970	-0.808	-0.798	-0.977	-0.971	-0.988	-0.772	-0.574	-0.831	-0.976	-0.916	-0.916	-0.989	-0.932	-0.974	-0.949	-0.758	-0.790	-0.839	-1.032	-0.802	-1.032	-0.803	-0.745	-0.787	-1.045	-0.804	-0.949	-0.959	-0.813	-0.809	-0.801	-0.784	-1.045	-0.710	-0.712	-1.034	-0.698	-0.699	-0.709	-0.708	-0.879	-0.698	-1.035	-0.687	-0.707	-0.704	-0.704	-1.045	-0.701	-1.045	-0.919	-0.881	-0.873	-0.639	-0.702	-1.040	-1.040	-1.041	-0.620	-0.887	-0.545	-0.527	-1.045	-0.582	-0.591	-1.044	-1.043	-0.600	-1.043	-1.045	-0.716	-0.590	-1.045	-1.047	-1.044	-1.039	-1.044	-0.607	-1.042	-0.625	-1.042	-0.624	-0.641	-0.654	-0.650	-0.852	-0.695	-0.695	-0.947	-0.821	-0.880	-0.953	-0.612	-0.939	-0.874	-0.825	-0.806	-0.840	-0.832	-0.945	-0.875	-0.989	-0.989	-1.036	-0.822	-0.843	-0.825	-0.826	-0.834	-0.826	-0.826	-0.917	-0.825	-0.916	-0.915	-0.826	-0.818	-0.829	-0.841	-0.827	-0.840	-0.827	-0.826	-0.818	-0.836	-0.757	-0.811	-0.809	-0.804	-0.851	-0.841	-0.803	-0.807	
rs4986229      -0.651	-0.781	-0.878	-0.842	-0.776	-0.771	-0.730	-0.630	-0.775	-0.768	-0.801	-0.669	-0.755	-0.731	-0.714	-0.759	-0.760	-0.479	-0.664	-0.755	-0.762	-0.760	-0.596	-0.677	-0.620	-0.735	-0.685	-0.772	-0.841	-0.775	-0.772	-0.764	-0.772	-0.775	-0.780	-0.480	-0.839	-0.773	-0.783	-0.771	-0.728	-0.824	-0.818	-0.892	-0.780	-0.905	-0.779	-0.772	-0.696	-0.909	-0.939	-0.908	-0.907	-0.903	-0.907	-0.755	-0.747	-0.927	-0.914	-0.924	-0.730	-0.539	-0.776	-0.912	-0.854	-0.854	-0.930	-0.869	-0.911	-0.890	-0.697	-0.729	-0.769	-0.968	-0.741	-0.968	-0.732	-0.673	-0.715	-0.986	-0.733	-0.875	-0.887	-0.741	-0.737	-0.729	-0.712	-0.986	-0.636	-0.638	-0.970	-0.623	-0.624	-0.634	-0.633	-0.817	-0.623	-0.971	-0.612	-0.632	-0.629	-0.629	-0.986	-0.626	-0.986	-0.843	-0.811	-0.803	-0.563	-0.628	-0.977	-0.977	-0.977	-0.543	-0.818	-0.468	-0.449	-0.981	-0.503	-0.512	-0.981	-0.980	-0.522	-0.980	-0.982	-0.638	-0.511	-0.982	-0.984	-0.981	-0.976	-0.980	-0.528	-0.979	-0.547	-0.979	-0.546	-0.564	-0.578	-0.573	-0.783	-0.620	-0.620	-0.876	-0.760	-0.818	-0.882	-0.534	-0.867	-0.812	-0.764	-0.745	-0.778	-0.771	-0.874	-0.813	-0.923	-0.923	-0.972	-0.761	-0.782	-0.764	-0.765	-0.773	-0.764	-0.765	-0.845	-0.764	-0.844	-0.843	-0.765	-0.758	-0.768	-0.780	-0.766	-0.779	-0.766	-0.765	-0.757	-0.775	-0.698	-0.750	-0.747	-0.742	-0.789	-0.778	-0.743	-0.746	
rs16953155     -0.423	-0.621	-0.712	-0.683	-0.774	-0.665	-0.525	-0.389	-0.661	-0.665	-0.771	-0.380	-0.740	-0.669	-0.639	-0.725	-0.723	-0.664	-0.275	-0.739	-0.726	-0.728	-0.653	-0.380	-0.711	-0.686	-0.729	-0.662	-0.713	-0.662	-0.663	-0.626	-0.664	-0.660	-0.632	-0.199	-0.720	-0.663	-0.644	-0.664	-0.539	-0.665	-0.656	-0.773	-0.609	-0.769	-0.607	-0.597	-0.425	-0.752	-0.772	-0.751	-0.751	-0.748	-0.769	-0.572	-0.561	-0.634	-0.711	-0.676	-0.541	-0.346	-0.593	-0.717	-0.570	-0.570	-0.741	-0.595	-0.651	-0.710	-0.536	-0.567	-0.630	-0.752	-0.578	-0.753	-0.606	-0.560	-0.594	-0.781	-0.607	-0.713	-0.714	-0.613	-0.610	-0.604	-0.592	-0.784	-0.534	-0.535	-0.755	-0.524	-0.525	-0.533	-0.532	-0.648	-0.523	-0.756	-0.515	-0.531	-0.528	-0.528	-0.781	-0.526	-0.781	-0.703	-0.687	-0.682	-0.473	-0.527	-0.767	-0.768	-0.769	-0.456	-0.651	-0.385	-0.369	-0.778	-0.422	-0.431	-0.777	-0.774	-0.438	-0.776	-0.780	-0.541	-0.429	-0.781	-0.791	-0.777	-0.765	-0.776	-0.444	-0.785	-0.459	-0.788	-0.458	-0.473	-0.484	-0.480	-0.618	-0.517	-0.517	-0.726	-0.590	-0.645	-0.730	-0.447	-0.720	-0.640	-0.593	-0.576	-0.607	-0.600	-0.725	-0.641	-0.743	-0.743	-0.766	-0.591	-0.610	-0.593	-0.594	-0.601	-0.593	-0.593	-0.703	-0.593	-0.702	-0.701	-0.594	-0.587	-0.596	-0.607	-0.594	-0.607	-0.595	-0.594	-0.586	-0.605	-0.527	-0.580	-0.579	-0.574	-0.611	-0.601	-0.566	-0.577	
rs892576       -0.727	-0.861	-0.938	-0.890	-0.862	-0.881	-0.805	-0.705	-0.881	-0.880	-0.854	-0.745	-0.732	-0.829	-0.792	-0.690	-0.674	-0.755	-0.739	-0.569	-0.689	-0.683	-0.739	-0.753	-0.828	-0.848	-0.872	-0.880	-0.878	-0.881	-0.881	-0.838	-0.881	-0.880	-0.863	-0.547	-0.879	-0.881	-0.873	-0.881	-0.801	-0.842	-0.832	-0.983	-0.852	-0.993	-0.850	-0.841	-0.773	-0.998	-1.017	-0.996	-0.996	-0.992	-0.995	-0.818	-0.807	-0.992	-0.992	-1.005	-0.784	-0.582	-0.850	-0.995	-0.931	-0.931	-1.009	-0.947	-0.990	-0.967	-0.780	-0.812	-0.859	-1.051	-0.824	-1.051	-0.823	-0.764	-0.807	-1.065	-0.824	-0.970	-0.980	-0.833	-0.829	-0.821	-0.804	-1.065	-0.731	-0.733	-1.053	-0.718	-0.720	-0.729	-0.728	-0.900	-0.718	-1.054	-0.708	-0.727	-0.724	-0.724	-1.065	-0.722	-1.065	-0.941	-0.903	-0.896	-0.660	-0.722	-1.059	-1.060	-1.060	-0.641	-0.907	-0.565	-0.547	-1.064	-0.603	-0.612	-1.064	-1.063	-0.621	-1.063	-1.065	-0.737	-0.611	-1.065	-1.067	-1.064	-1.059	-1.063	-0.627	-1.062	-0.646	-1.062	-0.644	-0.662	-0.675	-0.670	-0.873	-0.715	-0.715	-0.966	-0.842	-0.901	-0.973	-0.633	-0.958	-0.896	-0.846	-0.828	-0.861	-0.853	-0.964	-0.897	-1.009	-1.009	-1.056	-0.843	-0.864	-0.846	-0.847	-0.855	-0.847	-0.847	-0.936	-0.846	-0.935	-0.934	-0.847	-0.840	-0.850	-0.862	-0.848	-0.861	-0.848	-0.847	-0.839	-0.857	-0.778	-0.832	-0.830	-0.825	-0.872	-0.861	-0.824	-0.828	
rs2004310      -0.714	-0.850	-0.923	-0.876	-0.829	-0.864	-0.792	-0.693	-0.864	-0.862	-0.831	-0.732	-0.714	-0.824	-0.792	-0.697	-0.690	-0.762	-0.726	-0.689	-0.552	-0.690	-0.748	-0.740	-0.820	-0.839	-0.851	-0.863	-0.862	-0.864	-0.864	-0.831	-0.863	-0.864	-0.852	-0.537	-0.861	-0.864	-0.860	-0.863	-0.790	-0.836	-0.828	-0.961	-0.842	-0.973	-0.841	-0.832	-0.759	-0.984	-1.000	-0.982	-0.981	-0.978	-0.975	-0.810	-0.800	-0.980	-0.975	-0.991	-0.774	-0.576	-0.835	-0.980	-0.919	-0.919	-0.993	-0.935	-0.977	-0.952	-0.762	-0.794	-0.843	-1.036	-0.806	-1.036	-0.807	-0.749	-0.791	-1.049	-0.808	-0.953	-0.963	-0.816	-0.813	-0.805	-0.788	-1.049	-0.714	-0.716	-1.038	-0.702	-0.703	-0.713	-0.712	-0.883	-0.702	-1.038	-0.691	-0.711	-0.708	-0.708	-1.049	-0.705	-1.049	-0.923	-0.885	-0.877	-0.643	-0.706	-1.044	-1.044	-1.045	-0.625	-0.891	-0.549	-0.531	-1.048	-0.586	-0.595	-1.048	-1.047	-0.605	-1.047	-1.049	-0.720	-0.594	-1.049	-1.050	-1.048	-1.043	-1.047	-0.611	-1.046	-0.629	-1.046	-0.628	-0.646	-0.659	-0.654	-0.856	-0.699	-0.699	-0.950	-0.825	-0.884	-0.957	-0.616	-0.943	-0.878	-0.829	-0.810	-0.843	-0.836	-0.949	-0.879	-0.993	-0.993	-1.040	-0.826	-0.847	-0.829	-0.830	-0.838	-0.829	-0.829	-0.921	-0.829	-0.920	-0.919	-0.830	-0.822	-0.833	-0.845	-0.831	-0.844	-0.831	-0.830	-0.822	-0.840	-0.761	-0.815	-0.813	-0.808	-0.855	-0.845	-0.807	-0.811	
rs748509       -0.715	-0.851	-0.924	-0.877	-0.832	-0.865	-0.794	-0.694	-0.866	-0.863	-0.832	-0.733	-0.712	-0.825	-0.792	-0.692	-0.683	-0.760	-0.728	-0.683	-0.690	-0.554	-0.746	-0.741	-0.820	-0.841	-0.853	-0.864	-0.863	-0.866	-0.865	-0.831	-0.865	-0.865	-0.853	-0.538	-0.862	-0.865	-0.861	-0.865	-0.791	-0.836	-0.828	-0.963	-0.843	-0.975	-0.842	-0.833	-0.761	-0.985	-1.001	-0.983	-0.983	-0.979	-0.976	-0.811	-0.801	-0.981	-0.977	-0.993	-0.775	-0.577	-0.836	-0.981	-0.921	-0.920	-0.994	-0.936	-0.978	-0.954	-0.764	-0.796	-0.845	-1.037	-0.808	-1.037	-0.809	-0.750	-0.792	-1.050	-0.810	-0.954	-0.965	-0.818	-0.814	-0.806	-0.790	-1.050	-0.716	-0.718	-1.039	-0.703	-0.705	-0.714	-0.713	-0.885	-0.703	-1.040	-0.693	-0.712	-0.709	-0.709	-1.050	-0.707	-1.051	-0.925	-0.886	-0.879	-0.645	-0.708	-1.045	-1.046	-1.046	-0.626	-0.892	-0.551	-0.532	-1.050	-0.588	-0.596	-1.049	-1.048	-0.606	-1.049	-1.050	-0.721	-0.596	-1.050	-1.052	-1.049	-1.044	-1.049	-0.612	-1.048	-0.631	-1.047	-0.629	-0.647	-0.660	-0.656	-0.858	-0.701	-0.701	-0.952	-0.827	-0.886	-0.958	-0.618	-0.944	-0.880	-0.831	-0.812	-0.845	-0.838	-0.950	-0.881	-0.995	-0.995	-1.041	-0.828	-0.849	-0.831	-0.832	-0.839	-0.831	-0.831	-0.922	-0.831	-0.921	-0.920	-0.832	-0.824	-0.835	-0.846	-0.833	-0.846	-0.833	-0.832	-0.824	-0.842	-0.763	-0.817	-0.814	-0.810	-0.857	-0.846	-0.809	-0.813	
rs892577       -0.641	-0.771	-0.866	-0.830	-0.758	-0.757	-0.720	-0.620	-0.762	-0.754	-0.784	-0.659	-0.740	-0.722	-0.708	-0.746	-0.747	-0.596	-0.653	-0.739	-0.748	-0.746	-0.467	-0.666	-0.591	-0.723	-0.662	-0.759	-0.829	-0.762	-0.758	-0.755	-0.758	-0.762	-0.770	-0.471	-0.826	-0.759	-0.772	-0.757	-0.718	-0.815	-0.810	-0.879	-0.771	-0.891	-0.770	-0.764	-0.686	-0.898	-0.928	-0.897	-0.896	-0.892	-0.893	-0.747	-0.739	-0.917	-0.903	-0.914	-0.723	-0.534	-0.764	-0.901	-0.844	-0.844	-0.919	-0.859	-0.900	-0.880	-0.685	-0.718	-0.757	-0.957	-0.730	-0.957	-0.720	-0.662	-0.703	-0.974	-0.721	-0.863	-0.875	-0.729	-0.725	-0.717	-0.700	-0.974	-0.624	-0.626	-0.959	-0.611	-0.612	-0.622	-0.621	-0.805	-0.611	-0.960	-0.600	-0.620	-0.617	-0.617	-0.974	-0.614	-0.974	-0.830	-0.799	-0.791	-0.551	-0.616	-0.965	-0.966	-0.966	-0.531	-0.806	-0.456	-0.437	-0.970	-0.491	-0.500	-0.969	-0.968	-0.510	-0.969	-0.970	-0.625	-0.499	-0.971	-0.973	-0.969	-0.964	-0.969	-0.516	-0.968	-0.535	-0.968	-0.534	-0.552	-0.566	-0.561	-0.771	-0.608	-0.608	-0.864	-0.748	-0.806	-0.871	-0.522	-0.856	-0.800	-0.752	-0.734	-0.767	-0.759	-0.862	-0.802	-0.911	-0.911	-0.961	-0.749	-0.770	-0.753	-0.753	-0.761	-0.753	-0.753	-0.833	-0.752	-0.832	-0.831	-0.754	-0.746	-0.756	-0.768	-0.754	-0.768	-0.755	-0.754	-0.745	-0.763	-0.687	-0.739	-0.735	-0.731	-0.777	-0.767	-0.731	-0.735	
rs79125582     -0.430	-0.635	-0.726	-0.697	-0.788	-0.679	-0.536	-0.393	-0.676	-0.679	-0.785	-0.388	-0.753	-0.683	-0.652	-0.738	-0.736	-0.677	-0.380	-0.753	-0.740	-0.741	-0.666	-0.291	-0.725	-0.700	-0.743	-0.676	-0.726	-0.676	-0.678	-0.640	-0.678	-0.674	-0.646	-0.184	-0.734	-0.678	-0.658	-0.678	-0.553	-0.679	-0.669	-0.788	-0.623	-0.784	-0.621	-0.611	-0.438	-0.765	-0.785	-0.764	-0.763	-0.760	-0.784	-0.586	-0.575	-0.654	-0.727	-0.693	-0.552	-0.356	-0.608	-0.731	-0.588	-0.588	-0.755	-0.613	-0.669	-0.723	-0.550	-0.581	-0.641	-0.768	-0.592	-0.768	-0.616	-0.569	-0.604	-0.797	-0.617	-0.727	-0.729	-0.623	-0.621	-0.615	-0.602	-0.799	-0.543	-0.545	-0.771	-0.532	-0.534	-0.542	-0.541	-0.663	-0.532	-0.772	-0.524	-0.540	-0.537	-0.537	-0.796	-0.535	-0.797	-0.716	-0.699	-0.694	-0.481	-0.536	-0.783	-0.784	-0.785	-0.464	-0.665	-0.392	-0.376	-0.793	-0.430	-0.439	-0.792	-0.790	-0.447	-0.791	-0.795	-0.551	-0.437	-0.796	-0.806	-0.792	-0.781	-0.792	-0.452	-0.801	-0.468	-0.803	-0.466	-0.482	-0.493	-0.489	-0.632	-0.526	-0.526	-0.739	-0.604	-0.660	-0.743	-0.455	-0.733	-0.654	-0.608	-0.590	-0.621	-0.614	-0.737	-0.655	-0.757	-0.757	-0.782	-0.605	-0.624	-0.607	-0.608	-0.615	-0.607	-0.607	-0.715	-0.607	-0.714	-0.714	-0.608	-0.601	-0.611	-0.621	-0.609	-0.621	-0.609	-0.608	-0.600	-0.619	-0.541	-0.594	-0.593	-0.589	-0.626	-0.616	-0.580	-0.592	
rs1434503      -0.699	-0.830	-0.934	-0.897	-0.877	-0.837	-0.778	-0.677	-0.838	-0.834	-0.882	-0.717	-0.824	-0.773	-0.735	-0.816	-0.815	-0.620	-0.711	-0.828	-0.820	-0.820	-0.591	-0.725	-0.540	-0.786	-0.781	-0.836	-0.899	-0.838	-0.837	-0.800	-0.837	-0.837	-0.832	-0.520	-0.902	-0.837	-0.839	-0.836	-0.778	-0.864	-0.855	-0.965	-0.817	-0.974	-0.816	-0.807	-0.745	-0.964	-0.996	-0.962	-0.961	-0.958	-0.975	-0.784	-0.774	-0.974	-0.971	-0.976	-0.760	-0.558	-0.832	-0.968	-0.901	-0.901	-0.985	-0.917	-0.962	-0.942	-0.757	-0.789	-0.826	-1.023	-0.801	-1.023	-0.789	-0.730	-0.773	-1.042	-0.790	-0.939	-0.950	-0.799	-0.795	-0.787	-0.770	-1.043	-0.695	-0.697	-1.025	-0.682	-0.684	-0.693	-0.692	-0.876	-0.682	-1.026	-0.672	-0.691	-0.688	-0.688	-1.043	-0.686	-1.043	-0.910	-0.878	-0.870	-0.623	-0.686	-1.032	-1.033	-1.033	-0.603	-0.877	-0.526	-0.507	-1.038	-0.564	-0.573	-1.037	-1.036	-0.582	-1.036	-1.038	-0.706	-0.572	-1.038	-1.041	-1.037	-1.031	-1.036	-0.589	-1.036	-0.607	-1.037	-0.606	-0.624	-0.637	-0.633	-0.842	-0.679	-0.679	-0.932	-0.819	-0.877	-0.939	-0.594	-0.924	-0.871	-0.823	-0.804	-0.837	-0.829	-0.930	-0.872	-0.980	-0.980	-1.028	-0.819	-0.840	-0.823	-0.823	-0.831	-0.823	-0.823	-0.902	-0.822	-0.901	-0.899	-0.823	-0.816	-0.826	-0.838	-0.824	-0.837	-0.824	-0.824	-0.815	-0.833	-0.752	-0.809	-0.806	-0.802	-0.846	-0.836	-0.800	-0.805	
rs12969736     -0.673	-0.827	-0.919	-0.887	-0.782	-0.791	-0.753	-0.652	-0.794	-0.788	-0.889	-0.692	-0.845	-0.645	-0.568	-0.838	-0.837	-0.735	-0.686	-0.848	-0.839	-0.841	-0.723	-0.700	-0.786	-0.512	-0.559	-0.790	-0.896	-0.793	-0.791	-0.811	-0.790	-0.792	-0.790	-0.495	-0.900	-0.791	-0.794	-0.790	-0.727	-0.860	-0.852	-0.944	-0.784	-0.952	-0.783	-0.774	-0.720	-0.946	-0.974	-0.945	-0.944	-0.940	-0.954	-0.752	-0.742	-0.952	-0.943	-0.948	-0.738	-0.539	-0.794	-0.941	-0.872	-0.871	-0.958	-0.887	-0.932	-0.919	-0.692	-0.728	-0.798	-0.996	-0.741	-0.996	-0.761	-0.701	-0.744	-1.019	-0.762	-0.925	-0.934	-0.771	-0.767	-0.759	-0.742	-1.019	-0.666	-0.668	-0.998	-0.653	-0.654	-0.664	-0.663	-0.827	-0.653	-0.999	-0.643	-0.662	-0.659	-0.659	-1.019	-0.656	-1.019	-0.898	-0.868	-0.861	-0.593	-0.658	-1.006	-1.006	-1.007	-0.573	-0.828	-0.496	-0.477	-1.012	-0.534	-0.542	-1.011	-1.010	-0.552	-1.010	-1.012	-0.672	-0.542	-1.013	-1.016	-1.011	-1.005	-1.010	-0.559	-1.011	-0.578	-1.011	-0.576	-0.594	-0.608	-0.603	-0.789	-0.649	-0.649	-0.918	-0.763	-0.829	-0.925	-0.563	-0.911	-0.822	-0.768	-0.746	-0.784	-0.775	-0.916	-0.823	-0.957	-0.957	-1.002	-0.764	-0.788	-0.768	-0.769	-0.777	-0.768	-0.768	-0.890	-0.767	-0.889	-0.888	-0.769	-0.760	-0.772	-0.785	-0.770	-0.785	-0.770	-0.769	-0.759	-0.780	-0.693	-0.752	-0.755	-0.750	-0.805	-0.792	-0.745	-0.748	
rs12956867     -0.716	-0.866	-0.969	-0.935	-0.917	-0.853	-0.795	-0.694	-0.849	-0.852	-0.945	-0.735	-0.872	-0.520	-0.324	-0.849	-0.845	-0.685	-0.729	-0.872	-0.851	-0.853	-0.662	-0.743	-0.781	-0.559	-0.572	-0.848	-0.940	-0.849	-0.850	-0.827	-0.850	-0.847	-0.818	-0.527	-0.949	-0.850	-0.833	-0.851	-0.788	-0.884	-0.873	-1.014	-0.792	-1.018	-0.790	-0.777	-0.764	-0.994	-1.023	-0.993	-0.992	-0.988	-1.019	-0.745	-0.731	-0.994	-0.993	-0.999	-0.759	-0.549	-0.855	-0.991	-0.918	-0.918	-1.007	-0.935	-0.982	-0.964	-0.768	-0.802	-0.857	-1.050	-0.815	-1.050	-0.820	-0.759	-0.804	-1.073	-0.822	-0.980	-0.990	-0.830	-0.826	-0.818	-0.802	-1.074	-0.728	-0.730	-1.053	-0.716	-0.717	-0.727	-0.725	-0.895	-0.715	-1.053	-0.705	-0.725	-0.721	-0.722	-1.073	-0.719	-1.073	-0.955	-0.922	-0.915	-0.656	-0.719	-1.060	-1.061	-1.061	-0.637	-0.896	-0.558	-0.540	-1.067	-0.599	-0.608	-1.066	-1.065	-0.617	-1.065	-1.067	-0.739	-0.607	-1.068	-1.072	-1.066	-1.059	-1.065	-0.623	-1.067	-0.642	-1.067	-0.640	-0.658	-0.671	-0.666	-0.859	-0.711	-0.711	-0.967	-0.834	-0.896	-0.974	-0.628	-0.959	-0.890	-0.838	-0.818	-0.853	-0.845	-0.966	-0.891	-1.010	-1.010	-1.057	-0.835	-0.857	-0.838	-0.839	-0.847	-0.838	-0.838	-0.938	-0.838	-0.937	-0.936	-0.839	-0.831	-0.842	-0.854	-0.840	-0.854	-0.840	-0.839	-0.830	-0.850	-0.763	-0.823	-0.825	-0.820	-0.868	-0.857	-0.814	-0.819	
rs17734193     -0.649	-0.805	-0.899	-0.870	-0.917	-0.653	-0.729	-0.627	-0.647	-0.646	-0.930	-0.668	-0.880	-0.768	-0.724	-0.861	-0.858	-0.772	-0.662	-0.880	-0.863	-0.864	-0.759	-0.676	-0.836	-0.790	-0.848	-0.502	-0.823	-0.637	-0.639	-0.661	-0.637	-0.623	-0.579	-0.459	-0.834	-0.641	-0.616	-0.642	-0.727	-0.757	-0.744	-0.962	-0.538	-0.964	-0.534	-0.501	-0.697	-0.916	-0.942	-0.915	-0.914	-0.910	-0.965	-0.429	-0.397	-0.908	-0.931	-0.926	-0.652	-0.422	-0.792	-0.929	-0.844	-0.844	-0.945	-0.863	-0.908	-0.889	-0.711	-0.744	-0.782	-0.979	-0.757	-0.979	-0.744	-0.681	-0.727	-0.994	-0.745	-0.911	-0.921	-0.754	-0.750	-0.742	-0.725	-0.995	-0.648	-0.650	-0.981	-0.635	-0.636	-0.646	-0.645	-0.836	-0.635	-0.981	-0.624	-0.644	-0.641	-0.641	-0.994	-0.638	-0.994	-0.884	-0.850	-0.843	-0.573	-0.639	-0.988	-0.988	-0.989	-0.554	-0.836	-0.473	-0.453	-0.993	-0.513	-0.523	-0.992	-0.991	-0.532	-0.992	-0.993	-0.659	-0.522	-0.994	-0.996	-0.992	-0.987	-0.992	-0.539	-0.991	-0.558	-0.991	-0.557	-0.575	-0.589	-0.584	-0.800	-0.631	-0.631	-0.898	-0.774	-0.836	-0.905	-0.544	-0.890	-0.830	-0.778	-0.759	-0.793	-0.786	-0.896	-0.831	-0.945	-0.945	-0.984	-0.775	-0.797	-0.778	-0.779	-0.787	-0.778	-0.778	-0.868	-0.778	-0.867	-0.866	-0.779	-0.771	-0.782	-0.794	-0.780	-0.794	-0.780	-0.779	-0.771	-0.790	-0.705	-0.763	-0.764	-0.759	-0.806	-0.795	-0.753	-0.760	
rs11082587     -0.700	-0.860	-0.951	-0.919	-0.946	-0.827	-0.779	-0.678	-0.826	-0.825	-0.934	-0.718	-0.879	-0.880	-0.847	-0.862	-0.858	-0.841	-0.713	-0.878	-0.862	-0.863	-0.829	-0.726	-0.899	-0.896	-0.940	-0.823	-0.548	-0.825	-0.825	-0.725	-0.824	-0.824	-0.802	-0.516	-0.682	-0.825	-0.813	-0.825	-0.762	-0.593	-0.559	-0.988	-0.790	-0.993	-0.788	-0.777	-0.747	-0.972	-1.004	-0.971	-0.970	-0.967	-0.994	-0.749	-0.737	-0.934	-0.965	-0.970	-0.740	-0.521	-0.818	-0.974	-0.893	-0.893	-0.983	-0.911	-0.955	-0.946	-0.770	-0.801	-0.831	-1.017	-0.813	-1.018	-0.794	-0.732	-0.777	-1.022	-0.795	-0.942	-0.953	-0.803	-0.799	-0.791	-0.774	-1.021	-0.699	-0.701	-1.019	-0.686	-0.687	-0.697	-0.696	-0.887	-0.686	-1.020	-0.675	-0.695	-0.692	-0.692	-1.022	-0.689	-1.022	-0.911	-0.867	-0.859	-0.626	-0.690	-1.025	-1.025	-1.026	-0.607	-0.892	-0.528	-0.510	-1.029	-0.568	-0.577	-1.028	-1.027	-0.587	-1.028	-1.029	-0.707	-0.576	-1.029	-1.028	-1.028	-1.025	-1.028	-0.593	-1.024	-0.612	-1.023	-0.611	-0.629	-0.642	-0.637	-0.858	-0.683	-0.683	-0.936	-0.829	-0.887	-0.943	-0.599	-0.927	-0.882	-0.833	-0.815	-0.847	-0.840	-0.934	-0.883	-0.986	-0.986	-1.025	-0.830	-0.850	-0.833	-0.833	-0.841	-0.833	-0.833	-0.905	-0.832	-0.904	-0.902	-0.834	-0.826	-0.836	-0.848	-0.834	-0.847	-0.835	-0.834	-0.826	-0.843	-0.765	-0.819	-0.817	-0.812	-0.855	-0.845	-0.808	-0.815	
