## Summary of overall evidence for association with region:
## log10(BF for region) = -0.212375
## p-value for region = NA

## BFs for choosing among multi-SNP models:
## log10(average 1-SNP BF) = -0.156836
## log10(average 2-SNP BF) = -0.350748

## Example posterior probabilities for multi-SNP models, based on default prior: [p(l) propto 0.5^l for l=1,2,...,L]
## posterior probability of 1-SNP = 0.757615
## posterior probability of 2-SNP = 0.242385

## log10(BF) for single SNP and pair of SNPs:
rs719205       +0.577	+0.492	+0.036	+0.485	+0.040	+0.019	+0.475	+0.485	+0.085	+0.505	+0.480	+0.477	+0.489	+0.482	+0.023	+0.020	+0.085	+0.466	+0.063	+0.441	+0.450	+0.009	+0.010	+0.448	+0.010	+0.253	+0.033	+0.074	+0.073	+0.017	+0.023	+0.455	+0.021	+0.450	+0.021	+0.454	+0.451	+0.567	+0.450	+0.038	+0.351	+0.015	+0.018	+0.017	+0.434	+0.014	+0.427	+0.014	+0.427	+0.424	+0.450	+0.486	+0.482	+0.213	+0.469	+0.465	-0.006	-0.004	+0.091	+0.091	+0.132	+0.363	+0.363	+0.133	+0.134	+0.140	+0.364	+0.122	+0.045	+0.131	+0.131	+0.365	+0.142	+0.136	+0.204	+0.210	+0.168	+0.071	+0.291	+0.281	+0.051	+0.289	+0.270	+0.045	+0.268	+0.042	+0.030	+0.010	+0.015	-0.024	-0.024	-0.031	+0.015	+0.014	+0.014	+0.016	-0.032	+0.012	-0.032	+0.014	+0.274	+0.156	-0.032	+0.024	+0.353	-0.019	-0.023	+0.351	-0.024	+0.351	+0.239	+0.292	+0.243	-0.021	+0.295	+0.127	+0.296	-0.026	+0.111	+0.345	+0.344	+0.262	+0.332	+0.260	+0.260	-0.014	-0.036	+0.268	+0.268	-0.036	+0.161	+0.269	+0.277	-0.037	+0.334	+0.219	-0.025	-0.025	-0.025	-0.026	-0.026	-0.034	+0.080	+0.242	+0.213	+0.318	+0.343	+0.195	+0.343	+0.342	+0.239	+0.169	+0.336	+0.340	+0.348	+0.155	+0.288	+0.028	+0.147	+0.150	+0.027	+0.028	+0.330	+0.341	+0.353	+0.083	+0.082	+0.082	+0.103	+0.101	-0.022	-0.022	-0.022	-0.022	+0.135	-0.021	-0.021	+0.094	+0.098	-0.021	+0.026	+0.112	+0.027	+0.035	+0.028	+0.027	
rs1403603      +0.492	+0.529	-0.005	+0.482	+0.000	-0.021	+0.462	+0.475	+0.046	+0.508	+0.473	+0.470	+0.487	+0.477	-0.017	-0.021	+0.046	+0.459	+0.023	+0.438	+0.454	-0.032	-0.031	+0.449	-0.031	+0.211	-0.007	+0.034	+0.033	-0.023	-0.017	+0.466	-0.020	+0.456	-0.020	+0.465	+0.458	+0.622	+0.454	-0.004	+0.316	-0.025	-0.023	-0.024	+0.426	-0.027	+0.414	-0.027	+0.414	+0.409	+0.447	+0.497	+0.491	+0.170	+0.471	+0.465	-0.048	-0.046	+0.048	+0.048	+0.089	+0.333	+0.333	+0.088	+0.089	+0.094	+0.334	+0.077	+0.001	+0.086	+0.086	+0.335	+0.097	+0.090	+0.157	+0.164	+0.125	+0.029	+0.253	+0.243	+0.012	+0.250	+0.232	+0.005	+0.230	+0.003	-0.009	-0.029	-0.025	-0.067	-0.067	-0.072	-0.025	-0.026	-0.026	-0.024	-0.073	-0.028	-0.074	-0.026	+0.230	+0.113	-0.073	-0.015	+0.309	-0.063	-0.066	+0.308	-0.067	+0.307	+0.201	+0.248	+0.205	-0.065	+0.256	+0.088	+0.257	-0.067	+0.072	+0.302	+0.300	+0.224	+0.288	+0.222	+0.221	-0.054	-0.078	+0.230	+0.229	-0.078	+0.118	+0.230	+0.239	-0.078	+0.291	+0.180	-0.067	-0.067	-0.067	-0.067	-0.067	-0.076	+0.040	+0.198	+0.171	+0.275	+0.300	+0.152	+0.299	+0.299	+0.196	+0.130	+0.292	+0.296	+0.305	+0.113	+0.252	-0.013	+0.105	+0.107	-0.014	-0.013	+0.295	+0.306	+0.318	+0.043	+0.040	+0.040	+0.061	+0.058	-0.065	-0.065	-0.065	-0.065	+0.092	-0.064	-0.064	+0.051	+0.055	-0.064	-0.016	+0.069	-0.015	-0.005	-0.015	-0.015	
rs500189       +0.036	-0.005	-0.417	-0.016	-0.717	-0.754	+0.002	+0.014	-0.650	+0.029	-0.010	-0.017	-0.001	-0.003	-0.748	-0.574	-0.647	-0.052	-0.667	-0.162	-0.169	-0.777	-0.773	-0.162	-0.774	-0.663	-0.583	-0.648	-0.679	-0.598	-0.597	-0.204	-0.598	-0.195	-0.598	-0.204	-0.198	-0.381	-0.228	-0.791	-0.299	-0.771	-0.766	-0.767	-0.224	-0.774	-0.218	-0.774	-0.217	-0.210	-0.296	-0.341	-0.338	-0.690	-0.336	-0.336	-0.649	-0.648	-0.354	-0.354	-0.257	-0.239	-0.239	-0.259	-0.258	-0.244	-0.222	-0.296	-0.624	-0.267	-0.267	-0.210	-0.250	-0.274	-0.138	-0.139	-0.709	-0.858	-0.617	-0.625	-0.851	-0.619	-0.636	-0.857	-0.638	-0.874	-0.888	-0.906	-0.904	-0.889	-0.889	-0.926	-0.904	-0.905	-0.905	-0.904	-0.926	-0.906	-0.926	-0.905	-0.740	-0.676	-0.926	-0.898	-0.564	-0.876	-0.886	-0.565	-0.888	-0.565	-0.659	-0.728	-0.655	-0.884	-0.599	-0.751	-0.598	-0.925	-0.767	-0.571	-0.572	-0.632	-0.584	-0.633	-0.634	-0.918	-0.919	-0.626	-0.626	-0.914	-0.695	-0.624	-0.619	-0.921	-0.581	-0.676	-0.910	-0.910	-0.911	-0.919	-0.919	-0.913	-0.818	-0.569	-0.771	-0.677	-0.571	-0.783	-0.571	-0.572	-0.720	-0.702	-0.579	-0.575	-0.652	-0.805	-0.492	-0.879	-0.809	-0.808	-0.880	-0.880	-0.444	-0.431	-0.418	-0.857	-0.810	-0.808	-0.831	-0.830	-0.912	-0.913	-0.913	-0.912	-0.809	-0.915	-0.916	-0.809	-0.806	-0.916	-0.868	-0.793	-0.869	-0.851	-0.870	-0.870	
rs7615182      +0.485	+0.482	-0.016	+0.515	-0.011	-0.033	+0.456	+0.470	+0.035	+0.505	+0.468	+0.464	+0.483	+0.472	-0.029	-0.032	+0.035	+0.451	+0.012	+0.424	+0.440	-0.044	-0.042	+0.435	-0.042	+0.199	-0.018	+0.024	+0.022	-0.035	-0.028	+0.449	-0.031	+0.440	-0.031	+0.449	+0.442	+0.598	+0.438	-0.016	+0.305	-0.037	-0.034	-0.036	+0.410	-0.038	+0.400	-0.038	+0.399	+0.395	+0.429	+0.476	+0.470	+0.158	+0.451	+0.445	-0.060	-0.058	+0.035	+0.035	+0.075	+0.321	+0.321	+0.075	+0.075	+0.081	+0.322	+0.063	-0.012	+0.072	+0.072	+0.324	+0.084	+0.077	+0.144	+0.150	+0.113	+0.017	+0.241	+0.231	-0.000	+0.238	+0.220	-0.007	+0.218	-0.009	-0.021	-0.041	-0.037	-0.079	-0.079	-0.084	-0.037	-0.038	-0.038	-0.036	-0.085	-0.040	-0.085	-0.038	+0.217	+0.101	-0.085	-0.027	+0.297	-0.074	-0.078	+0.295	-0.078	+0.295	+0.189	+0.235	+0.193	-0.076	+0.244	+0.076	+0.245	-0.079	+0.061	+0.289	+0.288	+0.212	+0.276	+0.210	+0.209	-0.066	-0.089	+0.218	+0.217	-0.089	+0.106	+0.218	+0.226	-0.090	+0.279	+0.168	-0.079	-0.079	-0.078	-0.079	-0.079	-0.088	+0.028	+0.186	+0.158	+0.261	+0.287	+0.139	+0.287	+0.287	+0.183	+0.118	+0.280	+0.284	+0.291	+0.100	+0.241	-0.025	+0.092	+0.095	-0.026	-0.025	+0.283	+0.294	+0.306	+0.031	+0.028	+0.028	+0.049	+0.046	-0.077	-0.077	-0.077	-0.077	+0.080	-0.076	-0.076	+0.039	+0.043	-0.076	-0.028	+0.057	-0.027	-0.017	-0.027	-0.027	
rs1370050      +0.040	+0.000	-0.717	-0.011	-0.370	-0.557	+0.006	+0.018	-0.601	+0.034	-0.006	-0.012	+0.003	+0.002	-0.566	-0.735	-0.597	-0.048	-0.685	-0.157	-0.164	-0.537	-0.548	-0.157	-0.547	-0.616	-0.720	-0.668	-0.629	-0.737	-0.732	-0.198	-0.734	-0.189	-0.734	-0.198	-0.192	-0.372	-0.222	-0.617	-0.288	-0.552	-0.559	-0.553	-0.219	-0.551	-0.212	-0.554	-0.211	-0.204	-0.289	-0.333	-0.331	-0.631	-0.329	-0.329	-0.745	-0.745	-0.570	-0.570	-0.500	-0.234	-0.234	-0.501	-0.499	-0.492	-0.218	-0.521	-0.693	-0.505	-0.505	-0.205	-0.490	-0.503	-0.382	-0.377	-0.652	-0.813	-0.562	-0.571	-0.784	-0.565	-0.582	-0.791	-0.584	-0.831	-0.844	-0.862	-0.860	-0.856	-0.856	-0.881	-0.860	-0.861	-0.861	-0.860	-0.881	-0.862	-0.882	-0.861	-0.693	-0.617	-0.882	-0.855	-0.517	-0.845	-0.853	-0.518	-0.855	-0.518	-0.607	-0.681	-0.603	-0.851	-0.553	-0.705	-0.553	-0.880	-0.721	-0.524	-0.525	-0.586	-0.537	-0.588	-0.588	-0.874	-0.879	-0.580	-0.581	-0.875	-0.641	-0.578	-0.574	-0.881	-0.534	-0.631	-0.870	-0.870	-0.871	-0.876	-0.876	-0.874	-0.756	-0.508	-0.729	-0.647	-0.525	-0.740	-0.525	-0.526	-0.689	-0.668	-0.533	-0.529	-0.622	-0.761	-0.482	-0.838	-0.766	-0.764	-0.839	-0.839	-0.436	-0.424	-0.411	-0.826	-0.760	-0.758	-0.786	-0.785	-0.862	-0.862	-0.862	-0.862	-0.769	-0.865	-0.866	-0.776	-0.773	-0.866	-0.819	-0.762	-0.821	-0.798	-0.822	-0.821	
rs7616577      +0.019	-0.021	-0.754	-0.033	-0.557	-0.434	-0.016	-0.003	-0.611	+0.014	-0.027	-0.033	-0.017	-0.019	-0.566	-0.773	-0.607	-0.070	-0.721	-0.183	-0.190	-0.559	-0.572	-0.183	-0.570	-0.670	-0.753	-0.702	-0.644	-0.776	-0.768	-0.226	-0.772	-0.217	-0.772	-0.226	-0.220	-0.407	-0.250	-0.711	-0.327	-0.634	-0.632	-0.629	-0.248	-0.637	-0.241	-0.638	-0.240	-0.233	-0.321	-0.367	-0.364	-0.697	-0.362	-0.362	-0.821	-0.820	-0.668	-0.668	-0.604	-0.265	-0.265	-0.604	-0.603	-0.596	-0.248	-0.623	-0.776	-0.608	-0.608	-0.235	-0.594	-0.606	-0.495	-0.490	-0.713	-0.873	-0.618	-0.627	-0.845	-0.620	-0.638	-0.852	-0.640	-0.889	-0.904	-0.922	-0.919	-0.918	-0.918	-0.943	-0.920	-0.921	-0.921	-0.919	-0.943	-0.922	-0.943	-0.921	-0.753	-0.681	-0.943	-0.914	-0.583	-0.908	-0.916	-0.584	-0.917	-0.584	-0.664	-0.740	-0.660	-0.914	-0.610	-0.764	-0.609	-0.940	-0.780	-0.589	-0.591	-0.643	-0.602	-0.645	-0.645	-0.934	-0.940	-0.637	-0.637	-0.937	-0.701	-0.635	-0.631	-0.942	-0.600	-0.688	-0.932	-0.932	-0.932	-0.938	-0.938	-0.936	-0.817	-0.574	-0.789	-0.711	-0.589	-0.800	-0.590	-0.590	-0.752	-0.731	-0.598	-0.594	-0.686	-0.822	-0.542	-0.898	-0.826	-0.825	-0.899	-0.899	-0.496	-0.484	-0.471	-0.886	-0.820	-0.818	-0.847	-0.846	-0.923	-0.923	-0.923	-0.923	-0.832	-0.927	-0.927	-0.835	-0.833	-0.927	-0.880	-0.821	-0.882	-0.859	-0.883	-0.882	
rs9852696      +0.475	+0.462	+0.002	+0.456	+0.006	-0.016	+0.535	+0.498	+0.052	+0.484	+0.463	+0.459	+0.465	+0.467	-0.012	-0.015	+0.052	+0.436	+0.029	+0.413	+0.405	-0.027	-0.026	+0.404	-0.026	+0.217	-0.000	+0.041	+0.039	-0.017	-0.011	+0.404	-0.014	+0.402	-0.014	+0.404	+0.403	+0.481	+0.399	+0.003	+0.329	-0.020	-0.018	-0.019	+0.387	-0.022	+0.382	-0.022	+0.382	+0.380	+0.395	+0.422	+0.419	+0.176	+0.408	+0.405	-0.044	-0.042	+0.050	+0.050	+0.090	+0.325	+0.325	+0.090	+0.090	+0.096	+0.327	+0.078	+0.004	+0.087	+0.087	+0.330	+0.098	+0.092	+0.158	+0.164	+0.130	+0.032	+0.271	+0.261	+0.023	+0.268	+0.249	+0.016	+0.247	+0.014	-0.000	-0.020	-0.016	-0.063	-0.063	-0.066	-0.015	-0.016	-0.017	-0.014	-0.066	-0.019	-0.067	-0.017	+0.233	+0.119	-0.067	-0.006	+0.316	-0.059	-0.062	+0.314	-0.063	+0.314	+0.217	+0.251	+0.220	-0.061	+0.273	+0.099	+0.274	-0.060	+0.084	+0.308	+0.307	+0.239	+0.295	+0.237	+0.237	-0.047	-0.072	+0.246	+0.245	-0.073	+0.124	+0.247	+0.255	-0.073	+0.298	+0.195	-0.061	-0.061	-0.061	-0.060	-0.060	-0.071	+0.051	+0.204	+0.174	+0.274	+0.306	+0.155	+0.306	+0.306	+0.195	+0.142	+0.299	+0.303	+0.304	+0.116	+0.264	-0.009	+0.108	+0.111	-0.011	-0.010	+0.306	+0.318	+0.330	+0.045	+0.045	+0.046	+0.065	+0.062	-0.060	-0.060	-0.060	-0.061	+0.094	-0.060	-0.060	+0.059	+0.063	-0.060	-0.011	+0.077	-0.010	+0.001	-0.010	-0.010	
rs146172359    +0.485	+0.475	+0.014	+0.470	+0.018	-0.003	+0.498	+0.551	+0.064	+0.496	+0.468	+0.465	+0.478	+0.472	+0.001	-0.002	+0.064	+0.451	+0.042	+0.422	+0.430	-0.014	-0.013	+0.428	-0.013	+0.230	+0.012	+0.053	+0.051	-0.005	+0.002	+0.432	-0.001	+0.429	-0.001	+0.432	+0.430	+0.533	+0.428	+0.017	+0.344	-0.008	-0.005	-0.006	+0.412	-0.009	+0.405	-0.009	+0.405	+0.402	+0.425	+0.459	+0.456	+0.189	+0.443	+0.439	-0.031	-0.029	+0.063	+0.063	+0.104	+0.341	+0.341	+0.104	+0.104	+0.110	+0.342	+0.092	+0.017	+0.101	+0.101	+0.344	+0.112	+0.106	+0.172	+0.179	+0.144	+0.046	+0.285	+0.274	+0.036	+0.282	+0.263	+0.029	+0.261	+0.027	+0.014	-0.007	-0.002	-0.050	-0.050	-0.052	-0.001	-0.002	-0.002	-0.000	-0.053	-0.005	-0.054	-0.003	+0.248	+0.131	-0.053	+0.008	+0.329	-0.046	-0.049	+0.328	-0.050	+0.328	+0.230	+0.266	+0.234	-0.048	+0.287	+0.113	+0.288	-0.047	+0.097	+0.322	+0.320	+0.253	+0.308	+0.251	+0.251	-0.033	-0.059	+0.259	+0.259	-0.060	+0.136	+0.260	+0.269	-0.060	+0.311	+0.209	-0.048	-0.048	-0.048	-0.047	-0.047	-0.058	+0.065	+0.217	+0.188	+0.290	+0.320	+0.170	+0.319	+0.319	+0.211	+0.156	+0.312	+0.316	+0.320	+0.131	+0.277	+0.004	+0.122	+0.125	+0.002	+0.003	+0.320	+0.331	+0.344	+0.058	+0.058	+0.059	+0.079	+0.076	-0.047	-0.047	-0.047	-0.047	+0.108	-0.047	-0.046	+0.072	+0.076	-0.046	+0.002	+0.090	+0.003	+0.014	+0.003	+0.003	
rs6780348      +0.085	+0.046	-0.650	+0.035	-0.601	-0.611	+0.052	+0.064	-0.241	+0.079	+0.040	+0.034	+0.049	+0.048	-0.605	-0.664	-0.359	-0.000	-0.579	-0.105	-0.112	-0.616	-0.616	-0.106	-0.616	-0.494	-0.652	-0.567	-0.379	-0.667	-0.661	-0.144	-0.664	-0.136	-0.664	-0.144	-0.139	-0.306	-0.167	-0.623	-0.220	-0.623	-0.620	-0.623	-0.164	-0.624	-0.158	-0.624	-0.157	-0.150	-0.231	-0.271	-0.269	-0.476	-0.267	-0.267	-0.674	-0.672	-0.533	-0.533	-0.477	-0.178	-0.178	-0.477	-0.476	-0.470	-0.163	-0.494	-0.633	-0.481	-0.481	-0.151	-0.466	-0.476	-0.380	-0.374	-0.522	-0.693	-0.482	-0.490	-0.687	-0.484	-0.501	-0.692	-0.502	-0.723	-0.734	-0.745	-0.744	-0.707	-0.706	-0.752	-0.746	-0.746	-0.746	-0.745	-0.752	-0.747	-0.751	-0.746	-0.591	-0.483	-0.752	-0.742	-0.413	-0.693	-0.703	-0.414	-0.705	-0.415	-0.525	-0.579	-0.521	-0.701	-0.475	-0.615	-0.474	-0.753	-0.629	-0.419	-0.421	-0.505	-0.431	-0.507	-0.507	-0.753	-0.741	-0.500	-0.500	-0.733	-0.487	-0.498	-0.494	-0.744	-0.429	-0.545	-0.735	-0.735	-0.737	-0.746	-0.746	-0.734	-0.662	-0.368	-0.621	-0.556	-0.419	-0.631	-0.420	-0.420	-0.595	-0.572	-0.427	-0.423	-0.533	-0.649	-0.384	-0.718	-0.652	-0.651	-0.719	-0.718	-0.340	-0.328	-0.315	-0.714	-0.627	-0.625	-0.667	-0.665	-0.737	-0.737	-0.737	-0.737	-0.668	-0.741	-0.741	-0.652	-0.649	-0.742	-0.701	-0.637	-0.702	-0.685	-0.703	-0.703	
rs6780366      +0.505	+0.508	+0.029	+0.505	+0.034	+0.014	+0.484	+0.496	+0.079	+0.568	+0.499	+0.497	+0.512	+0.501	+0.018	+0.014	+0.079	+0.496	+0.056	+0.503	+0.531	+0.004	+0.006	+0.521	+0.005	+0.247	+0.028	+0.067	+0.067	+0.011	+0.017	+0.550	+0.015	+0.536	+0.015	+0.549	+0.540	+0.758	+0.536	+0.034	+0.353	+0.010	+0.013	+0.012	+0.493	+0.009	+0.475	+0.009	+0.474	+0.467	+0.527	+0.593	+0.585	+0.208	+0.558	+0.550	-0.009	-0.008	+0.089	+0.089	+0.131	+0.373	+0.373	+0.130	+0.131	+0.137	+0.371	+0.119	+0.041	+0.128	+0.128	+0.372	+0.139	+0.133	+0.201	+0.207	+0.162	+0.067	+0.288	+0.278	+0.048	+0.286	+0.267	+0.042	+0.265	+0.040	+0.027	+0.008	+0.012	-0.030	-0.030	-0.035	+0.012	+0.011	+0.011	+0.013	-0.036	+0.009	-0.037	+0.011	+0.270	+0.149	-0.036	+0.022	+0.346	-0.026	-0.029	+0.345	-0.030	+0.344	+0.236	+0.289	+0.240	-0.028	+0.291	+0.123	+0.292	-0.030	+0.108	+0.338	+0.337	+0.259	+0.325	+0.257	+0.256	-0.018	-0.041	+0.265	+0.264	-0.041	+0.155	+0.266	+0.274	-0.041	+0.328	+0.215	-0.030	-0.030	-0.029	-0.030	-0.030	-0.039	+0.076	+0.234	+0.210	+0.315	+0.336	+0.191	+0.336	+0.336	+0.236	+0.168	+0.329	+0.333	+0.346	+0.152	+0.289	+0.025	+0.143	+0.146	+0.023	+0.024	+0.331	+0.342	+0.354	+0.082	+0.077	+0.077	+0.099	+0.096	-0.027	-0.027	-0.027	-0.028	+0.131	-0.027	-0.026	+0.088	+0.092	-0.026	+0.021	+0.106	+0.022	+0.032	+0.022	+0.022	
rs6793394      +0.480	+0.473	-0.010	+0.468	-0.006	-0.027	+0.463	+0.468	+0.040	+0.499	+0.520	+0.476	+0.478	+0.483	-0.023	-0.026	+0.040	+0.448	+0.017	+0.455	+0.435	-0.038	-0.036	+0.433	-0.036	+0.205	-0.012	+0.028	+0.027	-0.029	-0.023	+0.443	-0.026	+0.437	-0.026	+0.443	+0.439	+0.582	+0.435	-0.009	+0.310	-0.031	-0.029	-0.030	+0.411	-0.033	+0.400	-0.032	+0.400	+0.396	+0.429	+0.473	+0.468	+0.164	+0.450	+0.444	-0.053	-0.052	+0.042	+0.042	+0.083	+0.324	+0.324	+0.082	+0.083	+0.088	+0.325	+0.071	-0.005	+0.080	+0.080	+0.327	+0.091	+0.085	+0.152	+0.157	+0.119	+0.023	+0.246	+0.237	+0.006	+0.244	+0.225	-0.001	+0.223	-0.003	-0.016	-0.036	-0.031	-0.073	-0.072	-0.078	-0.031	-0.032	-0.032	-0.030	-0.079	-0.035	-0.079	-0.032	+0.223	+0.107	-0.079	-0.022	+0.302	-0.068	-0.071	+0.301	-0.072	+0.301	+0.194	+0.241	+0.198	-0.070	+0.249	+0.081	+0.250	-0.073	+0.066	+0.295	+0.293	+0.216	+0.281	+0.214	+0.214	-0.061	-0.083	+0.222	+0.222	-0.083	+0.112	+0.224	+0.232	-0.084	+0.285	+0.173	-0.072	-0.072	-0.072	-0.073	-0.073	-0.082	+0.034	+0.192	+0.164	+0.266	+0.293	+0.145	+0.293	+0.292	+0.188	+0.123	+0.285	+0.290	+0.296	+0.106	+0.246	-0.019	+0.098	+0.100	-0.020	-0.019	+0.288	+0.299	+0.311	+0.037	+0.034	+0.034	+0.055	+0.052	-0.071	-0.071	-0.070	-0.071	+0.085	-0.070	-0.070	+0.045	+0.049	-0.070	-0.022	+0.063	-0.021	-0.011	-0.021	-0.021	
rs1976749      +0.477	+0.470	-0.017	+0.464	-0.012	-0.033	+0.459	+0.465	+0.034	+0.497	+0.476	+0.513	+0.475	+0.480	-0.029	-0.033	+0.034	+0.443	+0.011	+0.443	+0.425	-0.044	-0.043	+0.423	-0.043	+0.198	-0.018	+0.022	+0.021	-0.035	-0.029	+0.431	-0.032	+0.426	-0.032	+0.431	+0.427	+0.563	+0.423	-0.016	+0.304	-0.038	-0.035	-0.036	+0.400	-0.039	+0.391	-0.039	+0.390	+0.387	+0.416	+0.458	+0.453	+0.158	+0.436	+0.431	-0.060	-0.059	+0.035	+0.035	+0.075	+0.317	+0.317	+0.075	+0.075	+0.081	+0.319	+0.063	-0.012	+0.072	+0.072	+0.321	+0.084	+0.077	+0.144	+0.149	+0.112	+0.016	+0.240	+0.230	-0.000	+0.237	+0.219	-0.007	+0.217	-0.009	-0.022	-0.042	-0.038	-0.079	-0.079	-0.085	-0.038	-0.039	-0.039	-0.037	-0.085	-0.041	-0.086	-0.039	+0.216	+0.100	-0.085	-0.028	+0.296	-0.075	-0.078	+0.294	-0.079	+0.294	+0.188	+0.234	+0.191	-0.077	+0.243	+0.074	+0.243	-0.079	+0.059	+0.288	+0.287	+0.210	+0.275	+0.208	+0.208	-0.067	-0.090	+0.216	+0.215	-0.090	+0.106	+0.217	+0.225	-0.091	+0.278	+0.167	-0.079	-0.079	-0.079	-0.079	-0.079	-0.088	+0.027	+0.186	+0.157	+0.258	+0.286	+0.138	+0.286	+0.285	+0.181	+0.116	+0.279	+0.283	+0.288	+0.099	+0.240	-0.025	+0.091	+0.094	-0.027	-0.026	+0.282	+0.293	+0.305	+0.030	+0.027	+0.028	+0.048	+0.045	-0.077	-0.077	-0.077	-0.077	+0.078	-0.076	-0.076	+0.039	+0.042	-0.076	-0.028	+0.056	-0.028	-0.017	-0.027	-0.028	
rs9810714      +0.489	+0.487	-0.001	+0.483	+0.003	-0.017	+0.465	+0.478	+0.049	+0.512	+0.478	+0.475	+0.532	+0.482	-0.013	-0.017	+0.049	+0.466	+0.026	+0.453	+0.474	-0.028	-0.027	+0.467	-0.027	+0.215	-0.003	+0.038	+0.036	-0.020	-0.013	+0.486	-0.016	+0.476	-0.016	+0.485	+0.479	+0.661	+0.474	+0.001	+0.321	-0.022	-0.019	-0.020	+0.440	-0.023	+0.426	-0.023	+0.425	+0.420	+0.464	+0.519	+0.513	+0.174	+0.490	+0.483	-0.044	-0.042	+0.052	+0.052	+0.093	+0.338	+0.338	+0.093	+0.093	+0.099	+0.338	+0.081	+0.005	+0.090	+0.090	+0.339	+0.101	+0.095	+0.162	+0.168	+0.129	+0.033	+0.257	+0.247	+0.016	+0.254	+0.236	+0.009	+0.233	+0.007	-0.005	-0.025	-0.021	-0.063	-0.063	-0.068	-0.020	-0.021	-0.021	-0.020	-0.069	-0.024	-0.069	-0.022	+0.234	+0.116	-0.069	-0.011	+0.313	-0.059	-0.062	+0.311	-0.063	+0.311	+0.204	+0.253	+0.208	-0.061	+0.260	+0.091	+0.260	-0.063	+0.076	+0.305	+0.304	+0.227	+0.291	+0.225	+0.225	-0.050	-0.073	+0.233	+0.232	-0.074	+0.122	+0.234	+0.242	-0.074	+0.294	+0.183	-0.063	-0.063	-0.062	-0.063	-0.063	-0.072	+0.044	+0.201	+0.175	+0.278	+0.303	+0.156	+0.303	+0.302	+0.200	+0.134	+0.295	+0.300	+0.308	+0.117	+0.256	-0.009	+0.109	+0.111	-0.010	-0.009	+0.298	+0.310	+0.322	+0.047	+0.044	+0.044	+0.065	+0.062	-0.061	-0.061	-0.061	-0.061	+0.096	-0.060	-0.060	+0.055	+0.059	-0.060	-0.012	+0.073	-0.011	-0.001	-0.011	-0.011	
rs9290925      +0.482	+0.477	-0.003	+0.472	+0.002	-0.019	+0.467	+0.472	+0.048	+0.501	+0.483	+0.480	+0.482	+0.529	-0.015	-0.019	+0.048	+0.454	+0.025	+0.466	+0.445	-0.030	-0.028	+0.442	-0.028	+0.213	-0.005	+0.036	+0.035	-0.021	-0.015	+0.454	-0.018	+0.447	-0.018	+0.454	+0.449	+0.600	+0.446	-0.001	+0.318	-0.023	-0.021	-0.022	+0.421	-0.025	+0.410	-0.024	+0.410	+0.406	+0.441	+0.487	+0.482	+0.173	+0.463	+0.458	-0.045	-0.043	+0.051	+0.051	+0.092	+0.332	+0.332	+0.092	+0.092	+0.098	+0.333	+0.080	+0.004	+0.089	+0.089	+0.334	+0.100	+0.094	+0.161	+0.167	+0.127	+0.031	+0.255	+0.245	+0.014	+0.252	+0.234	+0.008	+0.231	+0.005	-0.008	-0.027	-0.023	-0.064	-0.064	-0.070	-0.023	-0.024	-0.024	-0.022	-0.070	-0.026	-0.071	-0.024	+0.232	+0.116	-0.071	-0.014	+0.311	-0.060	-0.063	+0.310	-0.064	+0.310	+0.203	+0.250	+0.206	-0.062	+0.257	+0.089	+0.258	-0.065	+0.074	+0.304	+0.302	+0.225	+0.290	+0.223	+0.222	-0.052	-0.075	+0.231	+0.230	-0.075	+0.121	+0.232	+0.240	-0.076	+0.293	+0.181	-0.064	-0.064	-0.064	-0.064	-0.064	-0.073	+0.042	+0.201	+0.172	+0.275	+0.302	+0.154	+0.302	+0.301	+0.197	+0.131	+0.294	+0.299	+0.305	+0.115	+0.254	-0.010	+0.106	+0.109	-0.012	-0.011	+0.296	+0.307	+0.319	+0.046	+0.042	+0.043	+0.063	+0.060	-0.062	-0.062	-0.062	-0.062	+0.094	-0.061	-0.061	+0.054	+0.057	-0.061	-0.013	+0.071	-0.013	-0.003	-0.012	-0.013	
rs9853674      +0.023	-0.017	-0.748	-0.029	-0.566	-0.566	-0.012	+0.001	-0.605	+0.018	-0.023	-0.029	-0.013	-0.015	-0.422	-0.766	-0.601	-0.066	-0.714	-0.178	-0.185	-0.561	-0.572	-0.179	-0.570	-0.660	-0.747	-0.696	-0.638	-0.769	-0.762	-0.221	-0.765	-0.212	-0.765	-0.221	-0.215	-0.400	-0.245	-0.701	-0.321	-0.630	-0.629	-0.626	-0.243	-0.633	-0.236	-0.634	-0.235	-0.228	-0.316	-0.361	-0.358	-0.685	-0.356	-0.356	-0.808	-0.807	-0.652	-0.651	-0.587	-0.260	-0.259	-0.587	-0.586	-0.579	-0.243	-0.607	-0.763	-0.591	-0.591	-0.230	-0.577	-0.589	-0.477	-0.472	-0.700	-0.862	-0.609	-0.618	-0.835	-0.612	-0.629	-0.842	-0.632	-0.879	-0.893	-0.911	-0.909	-0.906	-0.905	-0.931	-0.910	-0.910	-0.910	-0.909	-0.931	-0.912	-0.931	-0.910	-0.743	-0.668	-0.931	-0.903	-0.571	-0.895	-0.903	-0.573	-0.905	-0.573	-0.655	-0.730	-0.651	-0.901	-0.601	-0.754	-0.601	-0.929	-0.770	-0.578	-0.580	-0.634	-0.591	-0.636	-0.636	-0.923	-0.928	-0.628	-0.629	-0.925	-0.688	-0.626	-0.622	-0.931	-0.589	-0.679	-0.920	-0.920	-0.921	-0.926	-0.926	-0.924	-0.807	-0.560	-0.778	-0.700	-0.578	-0.790	-0.579	-0.579	-0.742	-0.721	-0.587	-0.583	-0.676	-0.811	-0.533	-0.888	-0.816	-0.814	-0.889	-0.888	-0.487	-0.475	-0.462	-0.876	-0.809	-0.806	-0.836	-0.835	-0.912	-0.912	-0.913	-0.912	-0.821	-0.916	-0.916	-0.824	-0.822	-0.917	-0.869	-0.810	-0.871	-0.849	-0.872	-0.871	
rs838681       +0.020	-0.021	-0.574	-0.032	-0.735	-0.773	-0.015	-0.002	-0.664	+0.014	-0.026	-0.033	-0.017	-0.019	-0.766	-0.450	-0.661	-0.069	-0.675	-0.180	-0.187	-0.800	-0.795	-0.180	-0.796	-0.690	-0.566	-0.654	-0.694	-0.607	-0.599	-0.222	-0.603	-0.213	-0.603	-0.222	-0.216	-0.403	-0.247	-0.824	-0.322	-0.792	-0.786	-0.787	-0.244	-0.796	-0.237	-0.795	-0.236	-0.229	-0.317	-0.362	-0.359	-0.723	-0.357	-0.357	-0.713	-0.712	-0.453	-0.453	-0.365	-0.259	-0.259	-0.363	-0.360	-0.348	-0.242	-0.395	-0.687	-0.369	-0.369	-0.229	-0.352	-0.374	-0.248	-0.248	-0.742	-0.889	-0.646	-0.654	-0.882	-0.648	-0.665	-0.888	-0.667	-0.904	-0.918	-0.936	-0.934	-0.923	-0.923	-0.958	-0.934	-0.935	-0.935	-0.934	-0.958	-0.937	-0.958	-0.935	-0.771	-0.713	-0.958	-0.928	-0.599	-0.911	-0.920	-0.600	-0.922	-0.600	-0.689	-0.759	-0.685	-0.918	-0.629	-0.782	-0.628	-0.956	-0.798	-0.606	-0.607	-0.662	-0.618	-0.664	-0.664	-0.949	-0.952	-0.656	-0.656	-0.947	-0.729	-0.654	-0.649	-0.954	-0.616	-0.706	-0.943	-0.943	-0.944	-0.951	-0.951	-0.947	-0.849	-0.608	-0.803	-0.712	-0.606	-0.814	-0.606	-0.606	-0.755	-0.735	-0.614	-0.610	-0.687	-0.836	-0.526	-0.910	-0.841	-0.839	-0.911	-0.911	-0.479	-0.466	-0.452	-0.888	-0.841	-0.840	-0.862	-0.861	-0.944	-0.944	-0.945	-0.944	-0.843	-0.947	-0.947	-0.840	-0.837	-0.948	-0.900	-0.824	-0.901	-0.882	-0.902	-0.901	
rs7640718      +0.085	+0.046	-0.647	+0.035	-0.597	-0.607	+0.052	+0.064	-0.359	+0.079	+0.040	+0.034	+0.049	+0.048	-0.601	-0.661	-0.236	+0.000	-0.576	-0.105	-0.111	-0.610	-0.611	-0.105	-0.611	-0.491	-0.648	-0.564	-0.373	-0.663	-0.658	-0.144	-0.660	-0.135	-0.660	-0.144	-0.138	-0.305	-0.166	-0.618	-0.218	-0.619	-0.615	-0.618	-0.163	-0.620	-0.157	-0.620	-0.156	-0.150	-0.230	-0.270	-0.268	-0.472	-0.266	-0.266	-0.669	-0.666	-0.525	-0.525	-0.469	-0.177	-0.177	-0.469	-0.468	-0.462	-0.162	-0.485	-0.626	-0.472	-0.472	-0.150	-0.458	-0.467	-0.371	-0.365	-0.517	-0.689	-0.479	-0.486	-0.682	-0.481	-0.497	-0.688	-0.499	-0.719	-0.729	-0.740	-0.740	-0.702	-0.701	-0.748	-0.742	-0.742	-0.742	-0.741	-0.747	-0.743	-0.746	-0.742	-0.586	-0.478	-0.747	-0.738	-0.409	-0.688	-0.698	-0.410	-0.700	-0.410	-0.521	-0.575	-0.517	-0.695	-0.472	-0.611	-0.471	-0.749	-0.625	-0.415	-0.417	-0.502	-0.427	-0.503	-0.504	-0.748	-0.736	-0.496	-0.497	-0.728	-0.482	-0.495	-0.490	-0.739	-0.425	-0.542	-0.731	-0.731	-0.732	-0.742	-0.742	-0.729	-0.658	-0.363	-0.617	-0.552	-0.415	-0.627	-0.415	-0.416	-0.591	-0.568	-0.423	-0.419	-0.529	-0.644	-0.380	-0.714	-0.648	-0.647	-0.715	-0.714	-0.335	-0.324	-0.311	-0.710	-0.623	-0.620	-0.663	-0.660	-0.732	-0.732	-0.733	-0.732	-0.664	-0.736	-0.737	-0.648	-0.645	-0.737	-0.697	-0.633	-0.698	-0.681	-0.699	-0.698	
rs77804022     +0.466	+0.459	-0.052	+0.451	-0.048	-0.070	+0.436	+0.451	-0.000	+0.496	+0.448	+0.443	+0.466	+0.454	-0.066	-0.069	+0.000	+0.471	-0.023	+0.383	+0.399	-0.082	-0.080	+0.396	-0.080	+0.160	-0.054	-0.012	-0.014	-0.072	-0.065	+0.402	-0.068	+0.396	-0.068	+0.402	+0.398	+0.526	+0.390	-0.055	+0.267	-0.075	-0.072	-0.073	+0.364	-0.076	+0.355	-0.076	+0.355	+0.352	+0.374	+0.413	+0.408	+0.118	+0.391	+0.386	-0.100	-0.099	-0.008	-0.008	+0.032	+0.284	+0.284	+0.031	+0.032	+0.037	+0.286	+0.020	-0.053	+0.029	+0.029	+0.289	+0.040	+0.034	+0.100	+0.106	+0.073	-0.023	+0.203	+0.193	-0.039	+0.200	+0.182	-0.045	+0.179	-0.047	-0.060	-0.080	-0.076	-0.118	-0.118	-0.123	-0.076	-0.077	-0.077	-0.075	-0.124	-0.079	-0.124	-0.077	+0.175	+0.062	-0.124	-0.066	+0.256	-0.113	-0.117	+0.255	-0.117	+0.255	+0.150	+0.193	+0.154	-0.115	+0.205	+0.037	+0.206	-0.118	+0.022	+0.249	+0.248	+0.173	+0.235	+0.171	+0.170	-0.105	-0.128	+0.179	+0.178	-0.128	+0.067	+0.180	+0.188	-0.129	+0.238	+0.129	-0.118	-0.118	-0.117	-0.118	-0.118	-0.127	-0.011	+0.147	+0.117	+0.218	+0.247	+0.098	+0.247	+0.246	+0.141	+0.078	+0.239	+0.244	+0.248	+0.060	+0.202	-0.064	+0.051	+0.054	-0.065	-0.065	+0.244	+0.255	+0.268	-0.009	-0.011	-0.011	+0.009	+0.006	-0.116	-0.116	-0.116	-0.116	+0.039	-0.115	-0.115	+0.000	+0.004	-0.115	-0.067	+0.017	-0.067	-0.056	-0.066	-0.066	
rs710610       +0.063	+0.023	-0.667	+0.012	-0.685	-0.721	+0.029	+0.042	-0.579	+0.056	+0.017	+0.011	+0.026	+0.025	-0.714	-0.675	-0.576	-0.023	-0.313	-0.130	-0.136	-0.743	-0.739	-0.130	-0.739	-0.569	-0.667	-0.414	-0.602	-0.676	-0.673	-0.169	-0.674	-0.161	-0.674	-0.169	-0.164	-0.336	-0.192	-0.746	-0.248	-0.732	-0.727	-0.728	-0.189	-0.735	-0.182	-0.734	-0.181	-0.175	-0.257	-0.299	-0.296	-0.572	-0.294	-0.294	-0.668	-0.663	-0.472	-0.472	-0.408	-0.202	-0.201	-0.408	-0.407	-0.399	-0.186	-0.430	-0.639	-0.413	-0.413	-0.173	-0.396	-0.410	-0.320	-0.316	-0.611	-0.760	-0.557	-0.565	-0.770	-0.559	-0.575	-0.775	-0.576	-0.787	-0.798	-0.811	-0.810	-0.759	-0.758	-0.821	-0.811	-0.812	-0.812	-0.811	-0.821	-0.813	-0.820	-0.812	-0.659	-0.577	-0.821	-0.807	-0.480	-0.743	-0.755	-0.481	-0.757	-0.481	-0.597	-0.648	-0.593	-0.752	-0.541	-0.681	-0.540	-0.823	-0.695	-0.486	-0.487	-0.571	-0.498	-0.573	-0.573	-0.821	-0.802	-0.565	-0.566	-0.793	-0.581	-0.563	-0.559	-0.805	-0.496	-0.611	-0.795	-0.795	-0.797	-0.809	-0.809	-0.794	-0.743	-0.467	-0.685	-0.608	-0.486	-0.695	-0.486	-0.486	-0.649	-0.629	-0.493	-0.489	-0.585	-0.714	-0.418	-0.781	-0.718	-0.716	-0.782	-0.781	-0.372	-0.360	-0.346	-0.766	-0.706	-0.704	-0.734	-0.732	-0.812	-0.812	-0.813	-0.812	-0.730	-0.815	-0.816	-0.703	-0.700	-0.816	-0.771	-0.686	-0.771	-0.759	-0.771	-0.771	
rs9874051      +0.441	+0.438	-0.162	+0.424	-0.157	-0.183	+0.413	+0.422	-0.105	+0.503	+0.455	+0.443	+0.453	+0.466	-0.178	-0.180	-0.105	+0.383	-0.130	+0.338	+0.275	-0.198	-0.196	+0.279	-0.196	+0.042	-0.165	-0.117	-0.122	-0.184	-0.177	+0.253	-0.180	+0.257	-0.180	+0.253	+0.255	+0.243	+0.236	-0.176	+0.157	-0.189	-0.186	-0.187	+0.228	-0.191	+0.227	-0.191	+0.227	+0.230	+0.202	+0.205	+0.204	-0.005	+0.198	+0.196	-0.222	-0.221	-0.139	-0.139	-0.101	+0.178	+0.178	-0.101	-0.101	-0.096	+0.185	-0.112	-0.180	-0.104	-0.104	+0.192	-0.093	-0.099	-0.036	-0.031	-0.048	-0.146	+0.085	+0.075	-0.158	+0.082	+0.064	-0.164	+0.061	-0.167	-0.181	-0.201	-0.196	-0.237	-0.237	-0.243	-0.196	-0.197	-0.197	-0.195	-0.243	-0.200	-0.244	-0.197	+0.046	-0.056	-0.243	-0.187	+0.134	-0.232	-0.236	+0.133	-0.236	+0.133	+0.032	+0.063	+0.036	-0.234	+0.088	-0.080	+0.088	-0.237	-0.096	+0.127	+0.125	+0.055	+0.114	+0.053	+0.052	-0.225	-0.248	+0.061	+0.060	-0.248	-0.053	+0.062	+0.070	-0.249	+0.117	+0.011	-0.237	-0.237	-0.237	-0.237	-0.237	-0.246	-0.129	+0.030	-0.010	+0.085	+0.125	-0.028	+0.125	+0.125	+0.011	-0.045	+0.118	+0.122	+0.114	-0.066	+0.084	-0.185	-0.074	-0.071	-0.186	-0.185	+0.126	+0.137	+0.150	-0.132	-0.131	-0.130	-0.114	-0.117	-0.236	-0.236	-0.236	-0.237	-0.087	-0.236	-0.236	-0.120	-0.117	-0.236	-0.187	-0.103	-0.187	-0.175	-0.186	-0.187	
rs9812352      +0.450	+0.454	-0.169	+0.440	-0.164	-0.190	+0.405	+0.430	-0.112	+0.531	+0.435	+0.425	+0.474	+0.445	-0.185	-0.187	-0.111	+0.399	-0.136	+0.275	+0.330	-0.205	-0.203	+0.283	-0.203	+0.035	-0.171	-0.124	-0.128	-0.191	-0.184	+0.254	-0.187	+0.258	-0.187	+0.254	+0.256	+0.245	+0.236	-0.184	+0.151	-0.196	-0.193	-0.194	+0.226	-0.198	+0.225	-0.198	+0.225	+0.228	+0.199	+0.202	+0.201	-0.013	+0.194	+0.192	-0.230	-0.229	-0.148	-0.148	-0.110	+0.174	+0.174	-0.111	-0.110	-0.105	+0.182	-0.121	-0.189	-0.113	-0.113	+0.188	-0.102	-0.108	-0.046	-0.039	-0.056	-0.153	+0.078	+0.068	-0.165	+0.075	+0.057	-0.172	+0.054	-0.174	-0.188	-0.208	-0.204	-0.245	-0.245	-0.250	-0.203	-0.204	-0.204	-0.202	-0.251	-0.207	-0.252	-0.205	+0.038	-0.064	-0.251	-0.194	+0.127	-0.240	-0.244	+0.125	-0.244	+0.125	+0.025	+0.055	+0.029	-0.242	+0.081	-0.087	+0.082	-0.245	-0.103	+0.119	+0.118	+0.048	+0.106	+0.046	+0.046	-0.232	-0.256	+0.054	+0.053	-0.256	-0.061	+0.055	+0.063	-0.257	+0.109	+0.004	-0.245	-0.245	-0.245	-0.245	-0.245	-0.254	-0.137	+0.022	-0.018	+0.078	+0.118	-0.036	+0.117	+0.117	+0.004	-0.052	+0.110	+0.114	+0.107	-0.073	+0.077	-0.192	-0.081	-0.078	-0.194	-0.193	+0.119	+0.131	+0.143	-0.140	-0.139	-0.138	-0.122	-0.124	-0.244	-0.244	-0.244	-0.244	-0.095	-0.244	-0.244	-0.128	-0.124	-0.244	-0.195	-0.110	-0.194	-0.183	-0.194	-0.194	
rs6802547      +0.009	-0.032	-0.777	-0.044	-0.537	-0.559	-0.027	-0.014	-0.616	+0.004	-0.038	-0.044	-0.028	-0.030	-0.561	-0.800	-0.610	-0.082	-0.743	-0.198	-0.205	-0.480	-0.601	-0.198	-0.601	-0.709	-0.773	-0.723	-0.651	-0.802	-0.792	-0.242	-0.796	-0.233	-0.796	-0.242	-0.236	-0.429	-0.268	-0.771	-0.353	-0.654	-0.648	-0.645	-0.265	-0.662	-0.259	-0.662	-0.258	-0.250	-0.341	-0.388	-0.386	-0.744	-0.384	-0.384	-0.875	-0.875	-0.741	-0.741	-0.683	-0.284	-0.284	-0.683	-0.682	-0.675	-0.267	-0.701	-0.837	-0.687	-0.687	-0.254	-0.673	-0.684	-0.581	-0.576	-0.762	-0.917	-0.658	-0.667	-0.890	-0.660	-0.678	-0.897	-0.680	-0.930	-0.946	-0.964	-0.962	-0.964	-0.963	-0.987	-0.962	-0.963	-0.963	-0.961	-0.987	-0.964	-0.987	-0.963	-0.796	-0.730	-0.987	-0.955	-0.626	-0.953	-0.961	-0.627	-0.963	-0.627	-0.705	-0.784	-0.701	-0.959	-0.650	-0.806	-0.650	-0.984	-0.822	-0.633	-0.634	-0.684	-0.645	-0.685	-0.686	-0.977	-0.985	-0.678	-0.678	-0.982	-0.750	-0.676	-0.671	-0.987	-0.643	-0.729	-0.976	-0.976	-0.977	-0.982	-0.982	-0.981	-0.861	-0.624	-0.832	-0.757	-0.632	-0.843	-0.633	-0.633	-0.799	-0.780	-0.641	-0.637	-0.733	-0.865	-0.591	-0.942	-0.870	-0.868	-0.943	-0.942	-0.546	-0.534	-0.520	-0.928	-0.865	-0.863	-0.891	-0.890	-0.968	-0.968	-0.969	-0.968	-0.877	-0.972	-0.972	-0.878	-0.875	-0.973	-0.924	-0.863	-0.926	-0.904	-0.928	-0.927	
rs1436659      +0.010	-0.031	-0.773	-0.042	-0.548	-0.572	-0.026	-0.013	-0.616	+0.006	-0.036	-0.043	-0.027	-0.028	-0.572	-0.795	-0.611	-0.080	-0.739	-0.196	-0.203	-0.601	-0.470	-0.196	-0.600	-0.701	-0.770	-0.719	-0.651	-0.797	-0.788	-0.239	-0.792	-0.230	-0.792	-0.239	-0.233	-0.425	-0.265	-0.758	-0.348	-0.652	-0.647	-0.645	-0.262	-0.659	-0.256	-0.660	-0.255	-0.247	-0.338	-0.384	-0.382	-0.734	-0.380	-0.380	-0.864	-0.863	-0.725	-0.725	-0.665	-0.281	-0.280	-0.665	-0.664	-0.658	-0.264	-0.683	-0.824	-0.669	-0.669	-0.251	-0.655	-0.666	-0.562	-0.557	-0.751	-0.908	-0.650	-0.658	-0.881	-0.652	-0.670	-0.887	-0.672	-0.921	-0.937	-0.955	-0.953	-0.954	-0.954	-0.977	-0.953	-0.954	-0.954	-0.952	-0.977	-0.955	-0.977	-0.954	-0.787	-0.719	-0.977	-0.947	-0.616	-0.944	-0.952	-0.618	-0.953	-0.618	-0.697	-0.774	-0.692	-0.950	-0.642	-0.797	-0.641	-0.975	-0.813	-0.623	-0.625	-0.675	-0.636	-0.677	-0.677	-0.968	-0.976	-0.669	-0.669	-0.972	-0.740	-0.667	-0.663	-0.978	-0.634	-0.720	-0.967	-0.967	-0.967	-0.972	-0.972	-0.972	-0.851	-0.613	-0.822	-0.747	-0.623	-0.834	-0.624	-0.624	-0.789	-0.769	-0.631	-0.627	-0.722	-0.856	-0.581	-0.933	-0.860	-0.859	-0.934	-0.933	-0.535	-0.523	-0.509	-0.919	-0.855	-0.853	-0.882	-0.880	-0.958	-0.959	-0.959	-0.959	-0.868	-0.962	-0.962	-0.869	-0.866	-0.963	-0.915	-0.854	-0.917	-0.894	-0.918	-0.917	
rs16865194     +0.448	+0.449	-0.162	+0.435	-0.157	-0.183	+0.404	+0.428	-0.106	+0.521	+0.433	+0.423	+0.467	+0.442	-0.179	-0.180	-0.105	+0.396	-0.130	+0.279	+0.283	-0.198	-0.196	+0.339	-0.196	+0.042	-0.165	-0.117	-0.122	-0.184	-0.177	+0.260	-0.180	+0.264	-0.180	+0.260	+0.262	+0.260	+0.243	-0.177	+0.157	-0.189	-0.186	-0.187	+0.232	-0.192	+0.231	-0.191	+0.232	+0.234	+0.208	+0.212	+0.211	-0.005	+0.204	+0.202	-0.223	-0.222	-0.140	-0.140	-0.102	+0.180	+0.180	-0.102	-0.102	-0.097	+0.187	-0.113	-0.181	-0.105	-0.105	+0.193	-0.094	-0.100	-0.037	-0.031	-0.048	-0.146	+0.085	+0.075	-0.158	+0.082	+0.064	-0.165	+0.062	-0.166	-0.181	-0.201	-0.196	-0.238	-0.238	-0.243	-0.196	-0.197	-0.197	-0.195	-0.243	-0.199	-0.244	-0.197	+0.046	-0.057	-0.244	-0.187	+0.134	-0.233	-0.236	+0.133	-0.237	+0.132	+0.032	+0.063	+0.036	-0.235	+0.088	-0.080	+0.089	-0.238	-0.096	+0.127	+0.125	+0.055	+0.113	+0.053	+0.053	-0.225	-0.248	+0.061	+0.060	-0.248	-0.054	+0.062	+0.070	-0.249	+0.116	+0.011	-0.238	-0.238	-0.237	-0.238	-0.238	-0.247	-0.129	+0.029	-0.010	+0.086	+0.125	-0.028	+0.125	+0.124	+0.012	-0.045	+0.117	+0.122	+0.115	-0.066	+0.084	-0.185	-0.073	-0.071	-0.186	-0.185	+0.127	+0.138	+0.150	-0.132	-0.131	-0.131	-0.115	-0.117	-0.237	-0.237	-0.237	-0.237	-0.087	-0.236	-0.236	-0.120	-0.117	-0.236	-0.187	-0.103	-0.187	-0.175	-0.187	-0.187	
rs17427138     +0.010	-0.031	-0.774	-0.042	-0.547	-0.570	-0.026	-0.013	-0.616	+0.005	-0.036	-0.043	-0.027	-0.028	-0.570	-0.796	-0.611	-0.080	-0.739	-0.196	-0.203	-0.601	-0.600	-0.196	-0.471	-0.701	-0.770	-0.720	-0.650	-0.797	-0.788	-0.240	-0.792	-0.230	-0.792	-0.240	-0.234	-0.426	-0.265	-0.759	-0.349	-0.651	-0.646	-0.643	-0.262	-0.658	-0.256	-0.659	-0.255	-0.247	-0.338	-0.385	-0.382	-0.735	-0.380	-0.380	-0.864	-0.864	-0.726	-0.726	-0.666	-0.281	-0.281	-0.666	-0.665	-0.659	-0.264	-0.684	-0.825	-0.670	-0.670	-0.251	-0.656	-0.667	-0.563	-0.558	-0.752	-0.908	-0.650	-0.659	-0.881	-0.653	-0.670	-0.888	-0.673	-0.922	-0.937	-0.956	-0.953	-0.955	-0.954	-0.978	-0.954	-0.954	-0.954	-0.953	-0.978	-0.956	-0.978	-0.954	-0.788	-0.720	-0.978	-0.947	-0.617	-0.944	-0.952	-0.618	-0.954	-0.619	-0.697	-0.775	-0.693	-0.950	-0.643	-0.798	-0.642	-0.975	-0.814	-0.624	-0.625	-0.676	-0.637	-0.678	-0.678	-0.969	-0.976	-0.670	-0.670	-0.973	-0.740	-0.668	-0.663	-0.978	-0.635	-0.721	-0.968	-0.968	-0.968	-0.973	-0.973	-0.972	-0.852	-0.614	-0.823	-0.748	-0.624	-0.835	-0.624	-0.625	-0.790	-0.770	-0.632	-0.628	-0.723	-0.856	-0.582	-0.933	-0.861	-0.859	-0.934	-0.934	-0.536	-0.524	-0.511	-0.920	-0.856	-0.854	-0.882	-0.881	-0.959	-0.959	-0.960	-0.959	-0.868	-0.963	-0.963	-0.870	-0.867	-0.963	-0.915	-0.855	-0.917	-0.895	-0.919	-0.918	
rs17427173     +0.253	+0.211	-0.663	+0.199	-0.616	-0.670	+0.217	+0.230	-0.494	+0.247	+0.205	+0.198	+0.215	+0.213	-0.660	-0.690	-0.491	+0.160	-0.569	+0.042	+0.035	-0.709	-0.701	+0.042	-0.701	-0.307	-0.662	-0.548	-0.527	-0.694	-0.682	-0.003	-0.687	+0.007	-0.687	-0.003	+0.004	-0.195	-0.029	-0.754	-0.117	-0.687	-0.679	-0.681	-0.026	-0.693	-0.019	-0.692	-0.018	-0.010	-0.106	-0.155	-0.152	-0.612	-0.150	-0.150	-0.810	-0.810	-0.771	-0.771	-0.746	-0.045	-0.045	-0.746	-0.745	-0.742	-0.027	-0.754	-0.799	-0.747	-0.747	-0.014	-0.738	-0.742	-0.699	-0.693	-0.641	-0.767	-0.470	-0.479	-0.749	-0.472	-0.491	-0.756	-0.494	-0.753	-0.787	-0.805	-0.802	-0.815	-0.815	-0.836	-0.802	-0.802	-0.802	-0.801	-0.837	-0.804	-0.837	-0.803	-0.631	-0.599	-0.837	-0.794	-0.439	-0.804	-0.812	-0.440	-0.814	-0.440	-0.531	-0.618	-0.526	-0.811	-0.470	-0.637	-0.470	-0.832	-0.655	-0.447	-0.448	-0.506	-0.461	-0.508	-0.508	-0.821	-0.836	-0.499	-0.500	-0.833	-0.632	-0.498	-0.493	-0.838	-0.460	-0.554	-0.827	-0.827	-0.827	-0.831	-0.831	-0.832	-0.716	-0.500	-0.668	-0.630	-0.445	-0.681	-0.445	-0.446	-0.671	-0.690	-0.454	-0.450	-0.607	-0.705	-0.513	-0.789	-0.711	-0.709	-0.790	-0.789	-0.471	-0.460	-0.448	-0.768	-0.708	-0.705	-0.735	-0.734	-0.825	-0.825	-0.825	-0.825	-0.741	-0.828	-0.828	-0.728	-0.726	-0.828	-0.775	-0.713	-0.777	-0.758	-0.778	-0.777	
rs493186       +0.033	-0.007	-0.583	-0.018	-0.720	-0.753	-0.000	+0.012	-0.652	+0.028	-0.012	-0.018	-0.003	-0.005	-0.747	-0.566	-0.648	-0.054	-0.667	-0.165	-0.171	-0.773	-0.770	-0.165	-0.770	-0.662	-0.415	-0.647	-0.679	-0.545	-0.555	-0.206	-0.552	-0.197	-0.552	-0.206	-0.200	-0.383	-0.230	-0.786	-0.299	-0.768	-0.764	-0.764	-0.227	-0.771	-0.220	-0.771	-0.219	-0.212	-0.298	-0.343	-0.340	-0.687	-0.338	-0.338	-0.643	-0.642	-0.346	-0.346	-0.250	-0.241	-0.241	-0.246	-0.244	-0.230	-0.224	-0.283	-0.617	-0.253	-0.253	-0.212	-0.236	-0.260	-0.124	-0.126	-0.706	-0.855	-0.617	-0.625	-0.849	-0.619	-0.637	-0.855	-0.638	-0.873	-0.886	-0.904	-0.902	-0.887	-0.886	-0.924	-0.902	-0.903	-0.903	-0.902	-0.924	-0.904	-0.924	-0.903	-0.739	-0.677	-0.924	-0.896	-0.566	-0.874	-0.884	-0.567	-0.885	-0.567	-0.659	-0.727	-0.655	-0.882	-0.599	-0.751	-0.599	-0.922	-0.767	-0.573	-0.574	-0.632	-0.585	-0.634	-0.634	-0.916	-0.917	-0.626	-0.626	-0.912	-0.692	-0.624	-0.619	-0.919	-0.583	-0.675	-0.908	-0.908	-0.909	-0.917	-0.917	-0.911	-0.817	-0.570	-0.770	-0.676	-0.573	-0.781	-0.573	-0.574	-0.719	-0.697	-0.581	-0.577	-0.651	-0.803	-0.485	-0.877	-0.807	-0.806	-0.878	-0.877	-0.437	-0.425	-0.411	-0.855	-0.807	-0.806	-0.829	-0.827	-0.909	-0.910	-0.910	-0.909	-0.808	-0.913	-0.913	-0.807	-0.804	-0.913	-0.865	-0.790	-0.867	-0.848	-0.868	-0.867	
rs541980       +0.074	+0.034	-0.648	+0.024	-0.668	-0.702	+0.041	+0.053	-0.567	+0.067	+0.028	+0.022	+0.038	+0.036	-0.696	-0.654	-0.564	-0.012	-0.414	-0.117	-0.124	-0.723	-0.719	-0.117	-0.720	-0.548	-0.647	-0.289	-0.588	-0.654	-0.652	-0.156	-0.653	-0.148	-0.653	-0.156	-0.151	-0.321	-0.179	-0.723	-0.232	-0.712	-0.708	-0.709	-0.176	-0.716	-0.169	-0.715	-0.168	-0.162	-0.243	-0.284	-0.282	-0.548	-0.280	-0.279	-0.635	-0.631	-0.430	-0.430	-0.364	-0.188	-0.187	-0.364	-0.363	-0.354	-0.172	-0.387	-0.606	-0.369	-0.369	-0.160	-0.352	-0.366	-0.274	-0.270	-0.587	-0.738	-0.538	-0.545	-0.749	-0.540	-0.555	-0.754	-0.557	-0.766	-0.776	-0.789	-0.788	-0.734	-0.733	-0.798	-0.789	-0.790	-0.790	-0.789	-0.798	-0.791	-0.797	-0.790	-0.637	-0.553	-0.798	-0.785	-0.458	-0.718	-0.730	-0.459	-0.732	-0.459	-0.577	-0.626	-0.573	-0.727	-0.521	-0.661	-0.520	-0.800	-0.674	-0.464	-0.465	-0.551	-0.476	-0.553	-0.553	-0.798	-0.778	-0.545	-0.546	-0.769	-0.556	-0.544	-0.539	-0.781	-0.474	-0.590	-0.771	-0.771	-0.773	-0.785	-0.785	-0.769	-0.722	-0.442	-0.663	-0.585	-0.464	-0.673	-0.464	-0.464	-0.626	-0.605	-0.471	-0.467	-0.561	-0.692	-0.393	-0.758	-0.695	-0.694	-0.759	-0.758	-0.346	-0.334	-0.321	-0.744	-0.683	-0.681	-0.711	-0.709	-0.789	-0.789	-0.790	-0.789	-0.708	-0.792	-0.793	-0.680	-0.677	-0.793	-0.748	-0.663	-0.748	-0.737	-0.748	-0.748	
rs9811787      +0.073	+0.033	-0.679	+0.022	-0.629	-0.644	+0.039	+0.051	-0.379	+0.067	+0.027	+0.021	+0.036	+0.035	-0.638	-0.694	-0.373	-0.014	-0.602	-0.122	-0.128	-0.651	-0.651	-0.122	-0.650	-0.527	-0.679	-0.588	-0.277	-0.696	-0.690	-0.162	-0.693	-0.153	-0.693	-0.162	-0.156	-0.328	-0.185	-0.661	-0.243	-0.655	-0.651	-0.654	-0.182	-0.656	-0.176	-0.656	-0.175	-0.168	-0.251	-0.292	-0.290	-0.515	-0.288	-0.288	-0.713	-0.710	-0.578	-0.578	-0.524	-0.198	-0.197	-0.524	-0.523	-0.517	-0.182	-0.540	-0.673	-0.527	-0.527	-0.170	-0.513	-0.522	-0.430	-0.423	-0.559	-0.728	-0.513	-0.521	-0.720	-0.515	-0.532	-0.726	-0.534	-0.755	-0.767	-0.779	-0.778	-0.744	-0.743	-0.787	-0.779	-0.780	-0.780	-0.779	-0.787	-0.781	-0.786	-0.780	-0.624	-0.521	-0.787	-0.775	-0.447	-0.730	-0.740	-0.448	-0.742	-0.448	-0.557	-0.613	-0.553	-0.737	-0.506	-0.647	-0.506	-0.788	-0.661	-0.453	-0.455	-0.537	-0.465	-0.539	-0.539	-0.787	-0.777	-0.531	-0.532	-0.769	-0.526	-0.530	-0.525	-0.780	-0.463	-0.577	-0.771	-0.771	-0.772	-0.782	-0.782	-0.770	-0.695	-0.407	-0.655	-0.590	-0.453	-0.665	-0.453	-0.454	-0.630	-0.607	-0.461	-0.457	-0.567	-0.683	-0.419	-0.752	-0.686	-0.685	-0.753	-0.752	-0.375	-0.363	-0.350	-0.748	-0.663	-0.660	-0.702	-0.699	-0.772	-0.772	-0.772	-0.772	-0.702	-0.776	-0.776	-0.686	-0.684	-0.777	-0.736	-0.671	-0.737	-0.720	-0.738	-0.737	
