## Summary of overall evidence for association with region:
## log10(BF for region) = -0.354447
## p-value for region = NA

## BFs for choosing among multi-SNP models:
## log10(average 1-SNP BF) = -0.299283
## log10(average 2-SNP BF) = -0.491649

## Example posterior probabilities for multi-SNP models, based on default prior: [p(l) propto 0.5^l for l=1,2,...,L]
## posterior probability of 1-SNP = 0.756961
## posterior probability of 2-SNP = 0.243039

## log10(BF) for single SNP and pair of SNPs:
rs4776308      -0.381	-0.226	-0.484	-0.484	-0.484	-0.483	-0.518	-0.468	-0.433	-0.554	-0.511	-0.519	-0.533	-0.629	-0.732	-0.742	-0.678	-0.664	-0.656	-0.550	-0.632	-0.596	-0.436	-0.588	-0.302	-0.715	-0.467	-0.465	-0.711	-0.640	-0.497	-0.467	-0.449	-0.441	-0.455	-0.409	-0.437	-0.855	-0.476	-0.435	-0.456	-0.895	-0.457	-0.438	-0.441	-0.441	-0.441	-0.441	-0.410	-0.467	-0.849	-0.442	-0.848	-0.441	-0.478	-0.440	-0.844	-0.844	-0.481	-0.891	-0.453	-0.893	-0.852	-0.894	-0.891	-0.498	-0.892	-0.893	-0.890	-0.479	-0.457	-0.532	-0.875	-0.871	-0.858	-0.872	-0.367	-0.435	-0.819	-0.427	-0.384	-0.429	-0.818	-0.426	-0.553	-0.424	-0.336	-0.427	-0.332	-0.597	-0.625	-0.624	-0.597	-0.630	-0.675	-0.671	-0.666	-0.642	-0.635	-0.636	-0.455	-0.449	-0.485	-0.288	-0.643	
rs4776309      -0.226	-0.220	-0.271	-0.273	-0.272	-0.381	-0.241	-0.026	+0.043	-0.356	-0.306	-0.281	-0.305	-0.481	-0.583	-0.593	-0.530	-0.516	-0.508	-0.400	-0.484	-0.446	-0.286	-0.440	-0.147	-0.576	-0.319	-0.317	-0.568	-0.488	-0.349	-0.319	-0.300	-0.293	-0.307	-0.260	-0.289	-0.702	-0.328	-0.287	-0.308	-0.747	-0.309	-0.290	-0.293	-0.293	-0.293	-0.293	-0.262	-0.319	-0.697	-0.293	-0.695	-0.293	-0.330	-0.292	-0.691	-0.691	-0.333	-0.742	-0.305	-0.745	-0.700	-0.746	-0.742	-0.350	-0.743	-0.744	-0.741	-0.331	-0.309	-0.384	-0.725	-0.721	-0.707	-0.722	-0.219	-0.288	-0.671	-0.280	-0.236	-0.282	-0.670	-0.279	-0.407	-0.277	-0.189	-0.280	-0.183	-0.447	-0.476	-0.476	-0.448	-0.482	-0.526	-0.522	-0.517	-0.493	-0.487	-0.488	-0.306	-0.299	-0.335	-0.140	-0.493	
rs4776310      -0.484	-0.271	-0.364	-0.475	-0.475	-0.481	-0.497	-0.417	-0.377	-0.538	-0.497	-0.501	-0.514	-0.614	-0.716	-0.726	-0.662	-0.649	-0.640	-0.534	-0.616	-0.580	-0.420	-0.572	-0.285	-0.700	-0.452	-0.449	-0.696	-0.624	-0.481	-0.452	-0.433	-0.425	-0.439	-0.393	-0.422	-0.838	-0.460	-0.420	-0.441	-0.879	-0.441	-0.423	-0.426	-0.425	-0.425	-0.426	-0.394	-0.451	-0.833	-0.426	-0.831	-0.425	-0.463	-0.425	-0.828	-0.828	-0.465	-0.876	-0.437	-0.878	-0.836	-0.878	-0.876	-0.482	-0.876	-0.877	-0.874	-0.464	-0.441	-0.516	-0.859	-0.855	-0.842	-0.856	-0.351	-0.420	-0.803	-0.412	-0.368	-0.413	-0.803	-0.410	-0.537	-0.408	-0.321	-0.412	-0.316	-0.581	-0.609	-0.609	-0.581	-0.615	-0.659	-0.655	-0.650	-0.626	-0.620	-0.620	-0.440	-0.433	-0.469	-0.272	-0.627	
rs4776311      -0.484	-0.273	-0.475	-0.363	-0.475	-0.481	-0.496	-0.415	-0.375	-0.537	-0.496	-0.501	-0.514	-0.613	-0.716	-0.726	-0.662	-0.648	-0.640	-0.533	-0.616	-0.580	-0.420	-0.572	-0.285	-0.700	-0.451	-0.449	-0.696	-0.623	-0.481	-0.451	-0.433	-0.425	-0.439	-0.393	-0.421	-0.838	-0.460	-0.419	-0.440	-0.879	-0.440	-0.422	-0.425	-0.425	-0.425	-0.425	-0.393	-0.451	-0.833	-0.425	-0.831	-0.425	-0.462	-0.424	-0.827	-0.827	-0.465	-0.875	-0.437	-0.877	-0.835	-0.877	-0.875	-0.482	-0.876	-0.876	-0.874	-0.463	-0.441	-0.516	-0.858	-0.855	-0.841	-0.855	-0.351	-0.419	-0.803	-0.411	-0.368	-0.413	-0.802	-0.410	-0.537	-0.408	-0.320	-0.411	-0.315	-0.580	-0.609	-0.608	-0.580	-0.614	-0.659	-0.655	-0.649	-0.625	-0.619	-0.620	-0.439	-0.433	-0.468	-0.272	-0.627	
rs11630102     -0.484	-0.272	-0.475	-0.475	-0.364	-0.481	-0.497	-0.416	-0.376	-0.537	-0.497	-0.501	-0.514	-0.613	-0.716	-0.726	-0.662	-0.648	-0.640	-0.534	-0.616	-0.580	-0.420	-0.572	-0.285	-0.700	-0.452	-0.449	-0.696	-0.623	-0.481	-0.451	-0.433	-0.425	-0.439	-0.393	-0.421	-0.838	-0.460	-0.420	-0.441	-0.879	-0.441	-0.423	-0.425	-0.425	-0.425	-0.425	-0.394	-0.451	-0.833	-0.426	-0.831	-0.425	-0.462	-0.425	-0.828	-0.828	-0.465	-0.875	-0.437	-0.877	-0.836	-0.878	-0.876	-0.482	-0.876	-0.877	-0.874	-0.463	-0.441	-0.516	-0.859	-0.855	-0.842	-0.856	-0.351	-0.419	-0.803	-0.412	-0.368	-0.413	-0.802	-0.410	-0.537	-0.408	-0.321	-0.411	-0.316	-0.581	-0.609	-0.609	-0.581	-0.615	-0.659	-0.655	-0.650	-0.626	-0.620	-0.620	-0.439	-0.433	-0.469	-0.272	-0.627	
rs12708489     -0.483	-0.381	-0.481	-0.481	-0.481	-0.332	-0.467	-0.344	-0.327	-0.519	-0.488	-0.488	-0.496	-0.584	-0.686	-0.696	-0.631	-0.617	-0.609	-0.500	-0.587	-0.547	-0.386	-0.541	-0.249	-0.672	-0.418	-0.416	-0.668	-0.591	-0.448	-0.418	-0.399	-0.392	-0.406	-0.359	-0.388	-0.808	-0.427	-0.386	-0.407	-0.850	-0.407	-0.389	-0.392	-0.392	-0.392	-0.392	-0.360	-0.418	-0.802	-0.392	-0.801	-0.392	-0.429	-0.391	-0.797	-0.797	-0.432	-0.846	-0.404	-0.848	-0.805	-0.848	-0.846	-0.449	-0.846	-0.847	-0.844	-0.430	-0.408	-0.486	-0.828	-0.825	-0.811	-0.825	-0.324	-0.392	-0.774	-0.384	-0.341	-0.386	-0.773	-0.383	-0.509	-0.381	-0.294	-0.384	-0.289	-0.553	-0.580	-0.580	-0.552	-0.586	-0.631	-0.627	-0.621	-0.597	-0.591	-0.591	-0.411	-0.405	-0.440	-0.245	-0.598	
rs10162739     -0.518	-0.241	-0.497	-0.496	-0.497	-0.467	-0.392	-0.481	-0.463	-0.558	-0.507	-0.521	-0.537	-0.640	-0.743	-0.753	-0.688	-0.675	-0.667	-0.560	-0.643	-0.606	-0.446	-0.598	-0.312	-0.725	-0.477	-0.475	-0.722	-0.650	-0.507	-0.477	-0.458	-0.451	-0.465	-0.418	-0.447	-0.865	-0.486	-0.445	-0.466	-0.906	-0.466	-0.448	-0.451	-0.451	-0.451	-0.451	-0.419	-0.477	-0.860	-0.451	-0.859	-0.451	-0.488	-0.450	-0.855	-0.855	-0.491	-0.902	-0.463	-0.904	-0.863	-0.904	-0.902	-0.508	-0.903	-0.903	-0.901	-0.489	-0.467	-0.543	-0.885	-0.882	-0.869	-0.882	-0.377	-0.445	-0.829	-0.438	-0.394	-0.439	-0.829	-0.436	-0.563	-0.434	-0.347	-0.437	-0.342	-0.608	-0.635	-0.635	-0.607	-0.641	-0.686	-0.681	-0.676	-0.652	-0.646	-0.647	-0.466	-0.459	-0.495	-0.298	-0.654	
rs2439371      -0.468	-0.026	-0.417	-0.415	-0.416	-0.344	-0.481	-0.543	-0.681	-0.437	-0.446	-0.488	-0.530	-0.778	-0.883	-0.893	-0.823	-0.809	-0.805	-0.693	-0.782	-0.740	-0.578	-0.736	-0.448	-0.846	-0.606	-0.604	-0.848	-0.788	-0.636	-0.606	-0.587	-0.580	-0.593	-0.547	-0.576	-1.010	-0.615	-0.574	-0.595	-1.044	-0.595	-0.577	-0.579	-0.579	-0.579	-0.579	-0.547	-0.605	-1.005	-0.580	-1.004	-0.579	-0.617	-0.579	-1.001	-1.001	-0.620	-1.043	-0.591	-1.043	-1.007	-1.044	-1.042	-0.637	-1.043	-1.043	-1.042	-0.618	-0.596	-0.673	-1.027	-1.024	-1.011	-1.024	-0.515	-0.582	-0.969	-0.574	-0.531	-0.575	-0.968	-0.572	-0.699	-0.570	-0.483	-0.573	-0.479	-0.750	-0.773	-0.773	-0.745	-0.779	-0.826	-0.822	-0.817	-0.791	-0.784	-0.785	-0.605	-0.598	-0.634	-0.437	-0.796	
rs2469141      -0.433	+0.043	-0.377	-0.375	-0.376	-0.327	-0.463	-0.681	-0.545	-0.379	-0.403	-0.450	-0.498	-0.780	-0.886	-0.896	-0.826	-0.811	-0.807	-0.697	-0.784	-0.744	-0.581	-0.737	-0.452	-0.847	-0.609	-0.607	-0.850	-0.791	-0.639	-0.609	-0.590	-0.583	-0.597	-0.550	-0.579	-1.013	-0.618	-0.577	-0.598	-1.047	-0.598	-0.580	-0.582	-0.582	-0.582	-0.582	-0.550	-0.608	-1.008	-0.583	-1.006	-0.582	-0.620	-0.582	-1.003	-1.003	-0.623	-1.045	-0.594	-1.046	-1.010	-1.046	-1.045	-0.640	-1.045	-1.046	-1.044	-0.621	-0.599	-0.675	-1.030	-1.026	-1.014	-1.027	-0.517	-0.584	-0.971	-0.576	-0.533	-0.577	-0.970	-0.574	-0.701	-0.573	-0.485	-0.576	-0.482	-0.752	-0.775	-0.775	-0.747	-0.781	-0.829	-0.825	-0.819	-0.793	-0.786	-0.787	-0.606	-0.600	-0.636	-0.439	-0.798	
rs2439370      -0.554	-0.356	-0.538	-0.537	-0.537	-0.519	-0.558	-0.437	-0.379	-0.397	-0.537	-0.548	-0.561	-0.644	-0.747	-0.758	-0.693	-0.680	-0.671	-0.564	-0.648	-0.611	-0.451	-0.603	-0.317	-0.728	-0.481	-0.479	-0.723	-0.652	-0.511	-0.481	-0.463	-0.455	-0.469	-0.423	-0.451	-0.870	-0.490	-0.449	-0.470	-0.910	-0.471	-0.452	-0.455	-0.455	-0.455	-0.455	-0.423	-0.481	-0.865	-0.456	-0.864	-0.455	-0.492	-0.454	-0.860	-0.860	-0.495	-0.907	-0.467	-0.909	-0.868	-0.909	-0.907	-0.512	-0.908	-0.908	-0.906	-0.493	-0.471	-0.547	-0.891	-0.887	-0.875	-0.888	-0.381	-0.449	-0.834	-0.441	-0.397	-0.443	-0.833	-0.439	-0.567	-0.438	-0.350	-0.441	-0.345	-0.612	-0.640	-0.639	-0.611	-0.645	-0.690	-0.686	-0.681	-0.656	-0.650	-0.651	-0.470	-0.464	-0.500	-0.303	-0.659	
rs2469142      -0.511	-0.306	-0.497	-0.496	-0.497	-0.488	-0.507	-0.446	-0.403	-0.537	-0.368	-0.497	-0.512	-0.619	-0.722	-0.732	-0.668	-0.654	-0.646	-0.539	-0.622	-0.586	-0.426	-0.578	-0.291	-0.705	-0.457	-0.454	-0.701	-0.629	-0.487	-0.457	-0.438	-0.431	-0.444	-0.398	-0.427	-0.844	-0.466	-0.425	-0.446	-0.884	-0.446	-0.428	-0.431	-0.431	-0.431	-0.431	-0.399	-0.456	-0.838	-0.431	-0.837	-0.430	-0.468	-0.430	-0.833	-0.833	-0.470	-0.881	-0.442	-0.883	-0.841	-0.883	-0.881	-0.487	-0.881	-0.882	-0.879	-0.469	-0.447	-0.521	-0.864	-0.860	-0.847	-0.861	-0.355	-0.423	-0.808	-0.416	-0.372	-0.417	-0.807	-0.414	-0.541	-0.412	-0.325	-0.415	-0.320	-0.586	-0.614	-0.613	-0.585	-0.619	-0.664	-0.660	-0.654	-0.630	-0.624	-0.625	-0.444	-0.438	-0.473	-0.277	-0.633	
rs10162752     -0.519	-0.281	-0.501	-0.501	-0.501	-0.488	-0.521	-0.488	-0.450	-0.548	-0.497	-0.381	-0.515	-0.630	-0.733	-0.744	-0.680	-0.666	-0.657	-0.551	-0.633	-0.597	-0.437	-0.589	-0.303	-0.715	-0.468	-0.465	-0.711	-0.641	-0.498	-0.468	-0.449	-0.442	-0.455	-0.409	-0.438	-0.856	-0.477	-0.436	-0.457	-0.896	-0.457	-0.439	-0.442	-0.442	-0.442	-0.442	-0.410	-0.467	-0.851	-0.442	-0.849	-0.441	-0.479	-0.441	-0.846	-0.846	-0.481	-0.893	-0.453	-0.894	-0.853	-0.895	-0.893	-0.498	-0.893	-0.894	-0.891	-0.480	-0.457	-0.532	-0.876	-0.872	-0.859	-0.873	-0.368	-0.436	-0.820	-0.428	-0.384	-0.429	-0.819	-0.426	-0.553	-0.425	-0.337	-0.428	-0.332	-0.598	-0.625	-0.625	-0.597	-0.631	-0.676	-0.672	-0.667	-0.642	-0.636	-0.637	-0.456	-0.450	-0.485	-0.289	-0.645	
rs2439369      -0.533	-0.305	-0.514	-0.514	-0.514	-0.496	-0.537	-0.530	-0.498	-0.561	-0.512	-0.515	-0.388	-0.637	-0.741	-0.751	-0.687	-0.673	-0.665	-0.558	-0.640	-0.605	-0.445	-0.597	-0.311	-0.721	-0.475	-0.473	-0.718	-0.649	-0.505	-0.475	-0.457	-0.449	-0.463	-0.417	-0.445	-0.863	-0.484	-0.443	-0.464	-0.903	-0.464	-0.446	-0.449	-0.449	-0.449	-0.449	-0.417	-0.475	-0.858	-0.450	-0.856	-0.449	-0.486	-0.448	-0.853	-0.853	-0.489	-0.899	-0.461	-0.901	-0.861	-0.901	-0.899	-0.506	-0.900	-0.901	-0.898	-0.487	-0.465	-0.539	-0.883	-0.879	-0.867	-0.880	-0.374	-0.443	-0.826	-0.435	-0.391	-0.436	-0.826	-0.433	-0.560	-0.431	-0.344	-0.434	-0.339	-0.605	-0.632	-0.632	-0.604	-0.638	-0.683	-0.679	-0.674	-0.649	-0.643	-0.643	-0.463	-0.457	-0.492	-0.296	-0.652	
rs118036296    -0.629	-0.481	-0.614	-0.613	-0.613	-0.584	-0.640	-0.778	-0.780	-0.644	-0.619	-0.630	-0.637	-0.364	-0.652	-0.666	-0.643	-0.630	-0.584	-0.515	-0.520	-0.565	-0.392	-0.532	-0.258	-0.704	-0.438	-0.435	-0.703	-0.656	-0.472	-0.439	-0.420	-0.411	-0.426	-0.376	-0.407	-0.857	-0.451	-0.405	-0.429	-0.871	-0.429	-0.409	-0.412	-0.412	-0.412	-0.412	-0.378	-0.440	-0.853	-0.413	-0.852	-0.412	-0.452	-0.412	-0.850	-0.850	-0.455	-0.876	-0.425	-0.872	-0.855	-0.872	-0.875	-0.474	-0.875	-0.874	-0.876	-0.454	-0.431	-0.505	-0.869	-0.867	-0.858	-0.867	-0.369	-0.434	-0.810	-0.427	-0.385	-0.428	-0.810	-0.425	-0.548	-0.423	-0.337	-0.426	-0.334	-0.601	-0.613	-0.613	-0.585	-0.619	-0.676	-0.672	-0.667	-0.630	-0.624	-0.625	-0.441	-0.434	-0.470	-0.289	-0.630	
rs2439426      -0.732	-0.583	-0.716	-0.716	-0.716	-0.686	-0.743	-0.883	-0.886	-0.747	-0.722	-0.733	-0.741	-0.652	-0.485	-0.648	-0.620	-0.599	-0.656	-0.571	-0.666	-0.628	-0.413	-0.570	-0.222	-0.795	-0.480	-0.478	-0.801	-0.735	-0.521	-0.485	-0.461	-0.452	-0.470	-0.412	-0.447	-0.959	-0.495	-0.445	-0.471	-0.980	-0.471	-0.448	-0.452	-0.452	-0.452	-0.452	-0.414	-0.485	-0.955	-0.453	-0.954	-0.452	-0.499	-0.451	-0.952	-0.951	-0.502	-0.981	-0.468	-0.980	-0.957	-0.981	-0.980	-0.523	-0.980	-0.979	-0.980	-0.502	-0.475	-0.592	-0.970	-0.968	-0.958	-0.968	-0.469	-0.535	-0.916	-0.527	-0.485	-0.528	-0.915	-0.525	-0.650	-0.524	-0.437	-0.527	-0.434	-0.702	-0.720	-0.720	-0.692	-0.726	-0.777	-0.773	-0.768	-0.737	-0.731	-0.732	-0.550	-0.543	-0.579	-0.387	-0.740	
rs7359178      -0.742	-0.593	-0.726	-0.726	-0.726	-0.696	-0.753	-0.893	-0.896	-0.758	-0.732	-0.744	-0.751	-0.666	-0.648	-0.496	-0.608	-0.583	-0.667	-0.571	-0.677	-0.629	-0.409	-0.569	-0.211	-0.803	-0.481	-0.478	-0.809	-0.744	-0.530	-0.494	-0.471	-0.461	-0.479	-0.422	-0.456	-0.969	-0.497	-0.454	-0.472	-0.990	-0.472	-0.458	-0.453	-0.453	-0.453	-0.453	-0.415	-0.486	-0.965	-0.454	-0.964	-0.453	-0.500	-0.452	-0.961	-0.961	-0.504	-0.990	-0.470	-0.990	-0.966	-0.990	-0.990	-0.525	-0.990	-0.990	-0.990	-0.511	-0.476	-0.601	-0.979	-0.977	-0.967	-0.978	-0.479	-0.544	-0.926	-0.536	-0.495	-0.538	-0.925	-0.535	-0.659	-0.533	-0.446	-0.536	-0.443	-0.711	-0.730	-0.730	-0.702	-0.736	-0.787	-0.783	-0.778	-0.747	-0.741	-0.742	-0.560	-0.554	-0.589	-0.397	-0.750	
rs12441773     -0.678	-0.530	-0.662	-0.662	-0.662	-0.631	-0.688	-0.823	-0.826	-0.693	-0.668	-0.680	-0.687	-0.643	-0.620	-0.608	-0.422	-0.532	-0.665	-0.565	-0.650	-0.611	-0.426	-0.624	-0.242	-0.775	-0.499	-0.497	-0.770	-0.730	-0.542	-0.510	-0.490	-0.481	-0.497	-0.446	-0.477	-0.905	-0.514	-0.475	-0.492	-0.907	-0.493	-0.478	-0.476	-0.476	-0.476	-0.476	-0.441	-0.504	-0.902	-0.476	-0.901	-0.475	-0.517	-0.475	-0.900	-0.900	-0.520	-0.913	-0.490	-0.910	-0.903	-0.909	-0.912	-0.539	-0.912	-0.910	-0.914	-0.525	-0.497	-0.592	-0.913	-0.912	-0.907	-0.912	-0.426	-0.491	-0.859	-0.483	-0.440	-0.485	-0.858	-0.482	-0.602	-0.480	-0.395	-0.483	-0.390	-0.651	-0.664	-0.664	-0.637	-0.670	-0.726	-0.722	-0.717	-0.681	-0.675	-0.675	-0.493	-0.486	-0.522	-0.340	-0.679	
rs12441801     -0.664	-0.516	-0.649	-0.648	-0.648	-0.617	-0.675	-0.809	-0.811	-0.680	-0.654	-0.666	-0.673	-0.630	-0.599	-0.583	-0.532	-0.407	-0.652	-0.563	-0.637	-0.606	-0.432	-0.617	-0.257	-0.766	-0.500	-0.498	-0.759	-0.722	-0.541	-0.510	-0.491	-0.482	-0.497	-0.448	-0.478	-0.892	-0.515	-0.476	-0.494	-0.891	-0.494	-0.480	-0.478	-0.477	-0.477	-0.478	-0.443	-0.505	-0.889	-0.478	-0.888	-0.477	-0.517	-0.477	-0.886	-0.886	-0.520	-0.898	-0.491	-0.894	-0.889	-0.894	-0.897	-0.538	-0.897	-0.895	-0.899	-0.525	-0.497	-0.587	-0.899	-0.898	-0.893	-0.898	-0.413	-0.478	-0.845	-0.470	-0.428	-0.472	-0.844	-0.469	-0.589	-0.467	-0.382	-0.470	-0.377	-0.638	-0.650	-0.650	-0.623	-0.656	-0.713	-0.709	-0.703	-0.667	-0.661	-0.661	-0.478	-0.472	-0.508	-0.327	-0.664	
rs16950152     -0.656	-0.508	-0.640	-0.640	-0.640	-0.609	-0.667	-0.805	-0.807	-0.671	-0.646	-0.657	-0.665	-0.584	-0.656	-0.667	-0.665	-0.652	-0.397	-0.507	-0.569	-0.561	-0.373	-0.511	-0.234	-0.740	-0.445	-0.443	-0.737	-0.691	-0.485	-0.450	-0.429	-0.420	-0.436	-0.382	-0.415	-0.884	-0.462	-0.413	-0.439	-0.889	-0.439	-0.417	-0.421	-0.421	-0.421	-0.421	-0.385	-0.451	-0.880	-0.421	-0.879	-0.421	-0.464	-0.420	-0.877	-0.877	-0.467	-0.897	-0.435	-0.891	-0.882	-0.891	-0.896	-0.487	-0.896	-0.894	-0.897	-0.466	-0.441	-0.552	-0.893	-0.891	-0.884	-0.892	-0.396	-0.460	-0.837	-0.453	-0.411	-0.454	-0.836	-0.451	-0.574	-0.449	-0.363	-0.453	-0.360	-0.630	-0.640	-0.640	-0.611	-0.646	-0.704	-0.700	-0.695	-0.657	-0.651	-0.651	-0.466	-0.460	-0.496	-0.318	-0.655	
rs4776823      -0.550	-0.400	-0.534	-0.533	-0.534	-0.500	-0.560	-0.693	-0.697	-0.564	-0.539	-0.551	-0.558	-0.515	-0.571	-0.571	-0.565	-0.563	-0.507	-0.284	-0.502	-0.404	-0.312	-0.522	-0.216	-0.681	-0.426	-0.425	-0.664	-0.645	-0.466	-0.439	-0.423	-0.416	-0.428	-0.385	-0.412	-0.781	-0.445	-0.411	-0.426	-0.750	-0.426	-0.413	-0.411	-0.411	-0.411	-0.411	-0.380	-0.434	-0.779	-0.412	-0.778	-0.411	-0.444	-0.411	-0.777	-0.777	-0.447	-0.771	-0.422	-0.756	-0.779	-0.756	-0.769	-0.463	-0.769	-0.767	-0.774	-0.452	-0.429	-0.507	-0.781	-0.781	-0.781	-0.781	-0.300	-0.365	-0.731	-0.357	-0.313	-0.359	-0.731	-0.356	-0.475	-0.354	-0.268	-0.357	-0.264	-0.533	-0.528	-0.528	-0.499	-0.534	-0.607	-0.603	-0.598	-0.546	-0.539	-0.540	-0.346	-0.339	-0.376	-0.224	-0.542	
rs72756477     -0.632	-0.484	-0.616	-0.616	-0.616	-0.587	-0.643	-0.782	-0.784	-0.648	-0.622	-0.633	-0.640	-0.520	-0.666	-0.677	-0.650	-0.637	-0.569	-0.502	-0.369	-0.554	-0.372	-0.516	-0.235	-0.708	-0.427	-0.424	-0.708	-0.659	-0.464	-0.429	-0.409	-0.400	-0.415	-0.363	-0.396	-0.860	-0.442	-0.394	-0.419	-0.873	-0.419	-0.397	-0.402	-0.401	-0.401	-0.401	-0.366	-0.430	-0.857	-0.402	-0.855	-0.401	-0.443	-0.401	-0.853	-0.853	-0.446	-0.878	-0.415	-0.874	-0.858	-0.874	-0.878	-0.466	-0.877	-0.877	-0.878	-0.445	-0.421	-0.498	-0.871	-0.869	-0.861	-0.870	-0.373	-0.438	-0.814	-0.430	-0.389	-0.432	-0.814	-0.429	-0.552	-0.427	-0.341	-0.430	-0.338	-0.606	-0.617	-0.617	-0.589	-0.623	-0.681	-0.677	-0.672	-0.634	-0.628	-0.628	-0.444	-0.438	-0.474	-0.295	-0.632	
rs62005625     -0.596	-0.446	-0.580	-0.580	-0.580	-0.547	-0.606	-0.740	-0.744	-0.611	-0.586	-0.597	-0.605	-0.565	-0.628	-0.629	-0.611	-0.606	-0.561	-0.404	-0.554	-0.335	-0.263	-0.557	-0.171	-0.717	-0.430	-0.429	-0.704	-0.676	-0.480	-0.448	-0.429	-0.421	-0.435	-0.386	-0.417	-0.827	-0.453	-0.415	-0.432	-0.803	-0.432	-0.418	-0.415	-0.415	-0.415	-0.415	-0.380	-0.442	-0.824	-0.415	-0.824	-0.415	-0.454	-0.414	-0.823	-0.823	-0.457	-0.821	-0.428	-0.808	-0.825	-0.808	-0.820	-0.476	-0.820	-0.818	-0.824	-0.464	-0.436	-0.533	-0.828	-0.828	-0.826	-0.828	-0.345	-0.410	-0.778	-0.402	-0.358	-0.404	-0.777	-0.401	-0.520	-0.399	-0.313	-0.402	-0.309	-0.577	-0.576	-0.576	-0.547	-0.582	-0.651	-0.647	-0.642	-0.594	-0.587	-0.588	-0.396	-0.389	-0.426	-0.268	-0.590	
rs61049230     -0.436	-0.286	-0.420	-0.420	-0.420	-0.386	-0.446	-0.578	-0.581	-0.451	-0.426	-0.437	-0.445	-0.392	-0.413	-0.409	-0.426	-0.432	-0.373	-0.312	-0.372	-0.263	-0.160	-0.402	-0.217	-0.591	-0.367	-0.366	-0.566	-0.561	-0.397	-0.379	-0.369	-0.364	-0.371	-0.342	-0.362	-0.667	-0.384	-0.360	-0.371	-0.613	-0.371	-0.362	-0.361	-0.361	-0.361	-0.361	-0.339	-0.375	-0.665	-0.361	-0.665	-0.361	-0.382	-0.360	-0.664	-0.664	-0.383	-0.640	-0.368	-0.621	-0.665	-0.621	-0.638	-0.394	-0.639	-0.635	-0.645	-0.388	-0.373	-0.422	-0.659	-0.660	-0.664	-0.660	-0.193	-0.258	-0.617	-0.250	-0.205	-0.252	-0.617	-0.249	-0.365	-0.247	-0.162	-0.250	-0.157	-0.424	-0.412	-0.411	-0.382	-0.418	-0.497	-0.493	-0.488	-0.430	-0.423	-0.423	-0.225	-0.218	-0.256	-0.118	-0.423	
rs2278603      -0.588	-0.440	-0.572	-0.572	-0.572	-0.541	-0.598	-0.736	-0.737	-0.603	-0.578	-0.589	-0.597	-0.532	-0.570	-0.569	-0.624	-0.617	-0.511	-0.522	-0.516	-0.557	-0.402	-0.320	-0.250	-0.698	-0.440	-0.438	-0.686	-0.658	-0.480	-0.449	-0.432	-0.424	-0.437	-0.391	-0.420	-0.816	-0.456	-0.418	-0.435	-0.803	-0.435	-0.421	-0.419	-0.419	-0.419	-0.419	-0.387	-0.445	-0.813	-0.420	-0.813	-0.419	-0.456	-0.418	-0.811	-0.811	-0.459	-0.818	-0.431	-0.807	-0.814	-0.807	-0.817	-0.476	-0.817	-0.815	-0.820	-0.463	-0.437	-0.527	-0.822	-0.821	-0.818	-0.821	-0.335	-0.398	-0.767	-0.391	-0.349	-0.392	-0.767	-0.389	-0.510	-0.387	-0.302	-0.391	-0.299	-0.567	-0.570	-0.570	-0.542	-0.576	-0.640	-0.636	-0.631	-0.587	-0.581	-0.581	-0.395	-0.389	-0.425	-0.258	-0.581	
rs2469123      -0.302	-0.147	-0.285	-0.285	-0.285	-0.249	-0.312	-0.448	-0.452	-0.317	-0.291	-0.303	-0.311	-0.258	-0.222	-0.211	-0.242	-0.257	-0.234	-0.216	-0.235	-0.171	-0.217	-0.250	-0.025	-0.487	-0.268	-0.268	-0.457	-0.459	-0.291	-0.282	-0.279	-0.276	-0.278	-0.264	-0.275	-0.538	-0.284	-0.275	-0.278	-0.466	-0.278	-0.276	-0.273	-0.273	-0.273	-0.273	-0.261	-0.278	-0.536	-0.273	-0.537	-0.273	-0.281	-0.273	-0.537	-0.537	-0.281	-0.482	-0.275	-0.476	-0.536	-0.475	-0.479	-0.285	-0.480	-0.476	-0.489	-0.288	-0.279	-0.307	-0.512	-0.516	-0.524	-0.515	-0.080	-0.143	-0.493	-0.136	-0.091	-0.137	-0.492	-0.134	-0.248	-0.133	-0.049	-0.136	-0.044	-0.299	-0.286	-0.285	-0.256	-0.292	-0.372	-0.368	-0.363	-0.304	-0.297	-0.297	-0.096	-0.090	-0.127	+0.012	-0.293	
rs2469122      -0.715	-0.576	-0.700	-0.700	-0.700	-0.672	-0.725	-0.846	-0.847	-0.728	-0.705	-0.715	-0.721	-0.704	-0.795	-0.803	-0.775	-0.766	-0.740	-0.681	-0.708	-0.717	-0.591	-0.698	-0.487	-0.445	-0.620	-0.618	-0.800	-0.681	-0.645	-0.619	-0.604	-0.598	-0.609	-0.571	-0.595	-0.596	-0.628	-0.593	-0.611	-0.930	-0.611	-0.596	-0.598	-0.598	-0.598	-0.598	-0.571	-0.619	-0.582	-0.599	-0.576	-0.598	-0.629	-0.598	-0.564	-0.564	-0.631	-0.919	-0.608	-0.924	-0.596	-0.926	-0.920	-0.645	-0.922	-0.924	-0.917	-0.629	-0.611	-0.663	-0.890	-0.884	-0.865	-0.885	-0.466	-0.532	-0.876	-0.524	-0.482	-0.526	-0.876	-0.523	-0.629	-0.521	-0.437	-0.524	-0.435	-0.683	-0.677	-0.677	-0.648	-0.683	-0.756	-0.753	-0.748	-0.694	-0.688	-0.689	-0.496	-0.490	-0.527	-0.386	-0.687	
rs2439403      -0.467	-0.319	-0.452	-0.451	-0.452	-0.418	-0.477	-0.606	-0.609	-0.481	-0.457	-0.468	-0.475	-0.438	-0.480	-0.481	-0.499	-0.500	-0.445	-0.426	-0.427	-0.430	-0.367	-0.440	-0.268	-0.620	-0.191	-0.287	-0.597	-0.586	-0.347	-0.326	-0.318	-0.312	-0.318	-0.285	-0.309	-0.689	-0.328	-0.308	-0.312	-0.615	-0.312	-0.311	-0.301	-0.301	-0.301	-0.301	-0.272	-0.314	-0.688	-0.301	-0.687	-0.301	-0.321	-0.301	-0.687	-0.687	-0.321	-0.647	-0.308	-0.624	-0.687	-0.623	-0.644	-0.334	-0.645	-0.641	-0.652	-0.343	-0.322	-0.397	-0.670	-0.673	-0.678	-0.672	-0.202	-0.268	-0.645	-0.260	-0.215	-0.261	-0.644	-0.258	-0.377	-0.257	-0.170	-0.260	-0.166	-0.442	-0.443	-0.442	-0.414	-0.448	-0.516	-0.512	-0.507	-0.460	-0.453	-0.454	-0.261	-0.254	-0.291	-0.129	-0.448	
rs2439402      -0.465	-0.317	-0.449	-0.449	-0.449	-0.416	-0.475	-0.604	-0.607	-0.479	-0.454	-0.465	-0.473	-0.435	-0.478	-0.478	-0.497	-0.498	-0.443	-0.425	-0.424	-0.429	-0.366	-0.438	-0.268	-0.618	-0.287	-0.188	-0.595	-0.584	-0.343	-0.322	-0.314	-0.309	-0.315	-0.282	-0.306	-0.686	-0.324	-0.305	-0.308	-0.611	-0.308	-0.308	-0.298	-0.297	-0.297	-0.297	-0.269	-0.310	-0.685	-0.297	-0.685	-0.297	-0.317	-0.297	-0.685	-0.685	-0.317	-0.644	-0.304	-0.620	-0.685	-0.620	-0.641	-0.329	-0.642	-0.638	-0.649	-0.340	-0.318	-0.394	-0.667	-0.670	-0.675	-0.669	-0.200	-0.265	-0.642	-0.257	-0.213	-0.259	-0.642	-0.256	-0.375	-0.254	-0.168	-0.258	-0.164	-0.439	-0.440	-0.440	-0.411	-0.446	-0.514	-0.510	-0.505	-0.458	-0.451	-0.452	-0.258	-0.251	-0.288	-0.127	-0.445	
rs2119260      -0.711	-0.568	-0.696	-0.696	-0.696	-0.668	-0.722	-0.848	-0.850	-0.723	-0.701	-0.711	-0.718	-0.703	-0.801	-0.809	-0.770	-0.759	-0.737	-0.664	-0.708	-0.704	-0.566	-0.686	-0.457	-0.800	-0.597	-0.595	-0.448	-0.778	-0.624	-0.597	-0.581	-0.575	-0.586	-0.546	-0.571	-0.797	-0.606	-0.570	-0.588	-0.804	-0.588	-0.572	-0.575	-0.575	-0.575	-0.575	-0.546	-0.597	-0.786	-0.575	-0.783	-0.575	-0.607	-0.574	-0.776	-0.776	-0.609	-0.770	-0.585	-0.790	-0.793	-0.792	-0.776	-0.624	-0.782	-0.788	-0.770	-0.607	-0.588	-0.646	-0.714	-0.701	-0.664	-0.704	-0.423	-0.493	-0.877	-0.485	-0.440	-0.487	-0.877	-0.484	-0.607	-0.482	-0.393	-0.485	-0.391	-0.673	-0.660	-0.659	-0.627	-0.666	-0.748	-0.744	-0.739	-0.679	-0.672	-0.673	-0.478	-0.471	-0.510	-0.361	-0.699	
rs2119261      -0.640	-0.488	-0.624	-0.623	-0.623	-0.591	-0.650	-0.788	-0.791	-0.652	-0.629	-0.641	-0.649	-0.656	-0.735	-0.744	-0.730	-0.722	-0.691	-0.645	-0.659	-0.676	-0.561	-0.658	-0.459	-0.681	-0.586	-0.584	-0.778	-0.394	-0.609	-0.585	-0.571	-0.565	-0.576	-0.539	-0.562	-0.831	-0.594	-0.560	-0.578	-0.902	-0.578	-0.563	-0.565	-0.565	-0.565	-0.565	-0.539	-0.585	-0.834	-0.566	-0.835	-0.565	-0.594	-0.565	-0.836	-0.836	-0.596	-0.902	-0.574	-0.901	-0.833	-0.901	-0.902	-0.609	-0.902	-0.902	-0.901	-0.595	-0.578	-0.628	-0.889	-0.886	-0.875	-0.887	-0.318	-0.389	-0.823	-0.381	-0.332	-0.382	-0.823	-0.379	-0.526	-0.377	-0.283	-0.380	-0.279	-0.603	-0.606	-0.606	-0.573	-0.612	-0.680	-0.675	-0.670	-0.626	-0.618	-0.619	-0.431	-0.424	-0.462	-0.272	-0.649	
rs2469120      -0.497	-0.349	-0.481	-0.481	-0.481	-0.448	-0.507	-0.636	-0.639	-0.511	-0.487	-0.498	-0.505	-0.472	-0.521	-0.530	-0.542	-0.541	-0.485	-0.466	-0.464	-0.480	-0.397	-0.480	-0.291	-0.645	-0.347	-0.343	-0.624	-0.609	-0.224	-0.314	-0.283	-0.272	-0.302	-0.216	-0.267	-0.718	-0.340	-0.266	-0.317	-0.652	-0.317	-0.271	-0.302	-0.302	-0.302	-0.302	-0.263	-0.333	-0.718	-0.303	-0.718	-0.305	-0.346	-0.306	-0.718	-0.718	-0.347	-0.685	-0.322	-0.663	-0.718	-0.662	-0.681	-0.363	-0.677	-0.674	-0.684	-0.346	-0.339	-0.418	-0.704	-0.706	-0.711	-0.705	-0.230	-0.296	-0.674	-0.288	-0.243	-0.290	-0.674	-0.287	-0.407	-0.285	-0.198	-0.288	-0.194	-0.470	-0.473	-0.473	-0.444	-0.478	-0.545	-0.541	-0.536	-0.490	-0.484	-0.484	-0.290	-0.284	-0.321	-0.157	-0.479	
rs61219780     -0.467	-0.319	-0.452	-0.451	-0.451	-0.418	-0.477	-0.606	-0.609	-0.481	-0.457	-0.468	-0.475	-0.439	-0.485	-0.494	-0.510	-0.510	-0.450	-0.439	-0.429	-0.448	-0.379	-0.449	-0.282	-0.619	-0.326	-0.322	-0.597	-0.585	-0.314	-0.191	-0.284	-0.277	-0.280	-0.241	-0.274	-0.687	-0.325	-0.273	-0.308	-0.614	-0.308	-0.276	-0.298	-0.297	-0.297	-0.298	-0.268	-0.311	-0.687	-0.298	-0.687	-0.300	-0.320	-0.300	-0.687	-0.687	-0.321	-0.647	-0.307	-0.623	-0.687	-0.623	-0.644	-0.333	-0.641	-0.637	-0.648	-0.319	-0.322	-0.387	-0.670	-0.673	-0.678	-0.672	-0.200	-0.265	-0.644	-0.258	-0.213	-0.259	-0.644	-0.256	-0.376	-0.254	-0.168	-0.258	-0.164	-0.440	-0.442	-0.442	-0.413	-0.448	-0.515	-0.511	-0.506	-0.460	-0.453	-0.454	-0.259	-0.252	-0.290	-0.127	-0.447	
rs2439401      -0.449	-0.300	-0.433	-0.433	-0.433	-0.399	-0.458	-0.587	-0.590	-0.463	-0.438	-0.449	-0.457	-0.420	-0.461	-0.471	-0.490	-0.491	-0.429	-0.423	-0.409	-0.429	-0.369	-0.432	-0.279	-0.604	-0.318	-0.314	-0.581	-0.571	-0.283	-0.284	-0.172	-0.262	-0.279	-0.233	-0.260	-0.668	-0.307	-0.259	-0.293	-0.591	-0.293	-0.262	-0.285	-0.285	-0.285	-0.285	-0.261	-0.304	-0.668	-0.286	-0.669	-0.288	-0.312	-0.289	-0.669	-0.669	-0.311	-0.627	-0.299	-0.602	-0.668	-0.602	-0.622	-0.321	-0.619	-0.614	-0.626	-0.310	-0.313	-0.371	-0.650	-0.652	-0.658	-0.651	-0.181	-0.247	-0.626	-0.239	-0.194	-0.241	-0.626	-0.238	-0.358	-0.236	-0.149	-0.240	-0.145	-0.422	-0.424	-0.424	-0.395	-0.429	-0.497	-0.493	-0.487	-0.441	-0.435	-0.435	-0.240	-0.233	-0.271	-0.109	-0.428	
rs2469113      -0.441	-0.293	-0.425	-0.425	-0.425	-0.392	-0.451	-0.580	-0.583	-0.455	-0.431	-0.442	-0.449	-0.411	-0.452	-0.461	-0.481	-0.482	-0.420	-0.416	-0.400	-0.421	-0.364	-0.424	-0.276	-0.598	-0.312	-0.309	-0.575	-0.565	-0.272	-0.277	-0.262	-0.163	-0.273	-0.233	-0.256	-0.661	-0.300	-0.256	-0.287	-0.582	-0.287	-0.258	-0.281	-0.281	-0.281	-0.281	-0.259	-0.298	-0.661	-0.282	-0.661	-0.284	-0.305	-0.284	-0.661	-0.661	-0.304	-0.618	-0.294	-0.593	-0.660	-0.592	-0.613	-0.313	-0.610	-0.605	-0.617	-0.303	-0.308	-0.364	-0.641	-0.644	-0.650	-0.643	-0.174	-0.239	-0.618	-0.232	-0.186	-0.233	-0.618	-0.230	-0.350	-0.228	-0.141	-0.232	-0.137	-0.414	-0.416	-0.416	-0.387	-0.422	-0.489	-0.485	-0.480	-0.433	-0.427	-0.427	-0.232	-0.225	-0.262	-0.101	-0.420	
rs2439399      -0.455	-0.307	-0.439	-0.439	-0.439	-0.406	-0.465	-0.593	-0.597	-0.469	-0.444	-0.455	-0.463	-0.426	-0.470	-0.479	-0.497	-0.497	-0.436	-0.428	-0.415	-0.435	-0.371	-0.437	-0.278	-0.609	-0.318	-0.315	-0.586	-0.576	-0.302	-0.280	-0.279	-0.273	-0.178	-0.243	-0.270	-0.675	-0.316	-0.270	-0.301	-0.599	-0.301	-0.272	-0.293	-0.293	-0.293	-0.293	-0.267	-0.302	-0.675	-0.293	-0.675	-0.295	-0.311	-0.295	-0.675	-0.675	-0.311	-0.633	-0.301	-0.609	-0.674	-0.608	-0.630	-0.322	-0.626	-0.622	-0.633	-0.309	-0.315	-0.375	-0.657	-0.659	-0.665	-0.658	-0.188	-0.253	-0.632	-0.245	-0.200	-0.247	-0.632	-0.244	-0.363	-0.242	-0.156	-0.245	-0.151	-0.428	-0.430	-0.429	-0.400	-0.435	-0.503	-0.499	-0.493	-0.447	-0.440	-0.441	-0.246	-0.239	-0.276	-0.115	-0.434	
rs2439398      -0.409	-0.260	-0.393	-0.393	-0.393	-0.359	-0.418	-0.547	-0.550	-0.423	-0.398	-0.409	-0.417	-0.376	-0.412	-0.422	-0.446	-0.448	-0.382	-0.385	-0.363	-0.386	-0.342	-0.391	-0.264	-0.571	-0.285	-0.282	-0.546	-0.539	-0.216	-0.241	-0.233	-0.233	-0.243	-0.128	-0.233	-0.628	-0.267	-0.234	-0.260	-0.542	-0.260	-0.235	-0.259	-0.259	-0.259	-0.259	-0.247	-0.269	-0.628	-0.260	-0.628	-0.262	-0.273	-0.263	-0.628	-0.628	-0.271	-0.580	-0.269	-0.554	-0.628	-0.553	-0.575	-0.276	-0.571	-0.567	-0.579	-0.269	-0.283	-0.329	-0.605	-0.609	-0.616	-0.608	-0.141	-0.207	-0.586	-0.199	-0.154	-0.201	-0.585	-0.198	-0.317	-0.196	-0.109	-0.199	-0.105	-0.382	-0.383	-0.383	-0.353	-0.388	-0.457	-0.453	-0.448	-0.400	-0.394	-0.394	-0.198	-0.191	-0.228	-0.068	-0.386	
rs2469115      -0.437	-0.289	-0.422	-0.421	-0.421	-0.388	-0.447	-0.576	-0.579	-0.451	-0.427	-0.438	-0.445	-0.407	-0.447	-0.456	-0.477	-0.478	-0.415	-0.412	-0.396	-0.417	-0.362	-0.420	-0.275	-0.595	-0.309	-0.306	-0.571	-0.562	-0.267	-0.274	-0.260	-0.256	-0.270	-0.233	-0.159	-0.657	-0.295	-0.253	-0.284	-0.577	-0.284	-0.255	-0.278	-0.278	-0.278	-0.278	-0.258	-0.295	-0.657	-0.279	-0.657	-0.281	-0.301	-0.282	-0.657	-0.657	-0.300	-0.613	-0.291	-0.589	-0.657	-0.588	-0.609	-0.309	-0.605	-0.601	-0.612	-0.300	-0.305	-0.360	-0.637	-0.640	-0.646	-0.639	-0.170	-0.236	-0.615	-0.228	-0.182	-0.229	-0.614	-0.226	-0.346	-0.225	-0.138	-0.228	-0.133	-0.410	-0.412	-0.412	-0.383	-0.418	-0.485	-0.481	-0.476	-0.429	-0.423	-0.423	-0.228	-0.221	-0.258	-0.097	-0.416	
rs57183043     -0.855	-0.702	-0.838	-0.838	-0.838	-0.808	-0.865	-1.010	-1.013	-0.870	-0.844	-0.856	-0.863	-0.857	-0.959	-0.969	-0.905	-0.892	-0.884	-0.781	-0.860	-0.827	-0.667	-0.816	-0.538	-0.596	-0.689	-0.686	-0.797	-0.831	-0.718	-0.687	-0.668	-0.661	-0.675	-0.628	-0.657	-0.625	-0.697	-0.655	-0.677	-1.034	-0.677	-0.658	-0.661	-0.661	-0.661	-0.661	-0.629	-0.687	-0.778	-0.662	-0.779	-0.661	-0.699	-0.661	-0.777	-0.777	-0.702	-1.040	-0.673	-1.037	-0.790	-1.037	-1.040	-0.719	-1.037	-1.036	-1.038	-0.700	-0.678	-0.755	-1.037	-1.035	-1.025	-1.035	-0.580	-0.645	-1.046	-0.637	-0.595	-0.639	-1.045	-0.636	-0.769	-0.634	-0.546	-0.637	-0.542	-0.822	-0.851	-0.850	-0.823	-0.856	-0.899	-0.895	-0.889	-0.868	-0.861	-0.862	-0.683	-0.677	-0.712	-0.501	-0.874	
rs2439396      -0.476	-0.328	-0.460	-0.460	-0.460	-0.427	-0.486	-0.615	-0.618	-0.490	-0.466	-0.477	-0.484	-0.451	-0.495	-0.497	-0.514	-0.515	-0.462	-0.445	-0.442	-0.453	-0.384	-0.456	-0.284	-0.628	-0.328	-0.324	-0.606	-0.594	-0.340	-0.325	-0.307	-0.300	-0.316	-0.267	-0.295	-0.697	-0.201	-0.293	-0.292	-0.622	-0.293	-0.296	-0.280	-0.280	-0.280	-0.280	-0.243	-0.311	-0.696	-0.281	-0.696	-0.284	-0.322	-0.285	-0.696	-0.696	-0.322	-0.656	-0.302	-0.633	-0.696	-0.632	-0.652	-0.336	-0.653	-0.649	-0.660	-0.346	-0.318	-0.404	-0.678	-0.681	-0.686	-0.680	-0.209	-0.275	-0.653	-0.267	-0.222	-0.269	-0.653	-0.266	-0.385	-0.264	-0.177	-0.267	-0.173	-0.449	-0.451	-0.450	-0.421	-0.456	-0.524	-0.520	-0.515	-0.468	-0.461	-0.462	-0.268	-0.261	-0.298	-0.136	-0.457	
rs2469116      -0.435	-0.287	-0.420	-0.419	-0.420	-0.386	-0.445	-0.574	-0.577	-0.449	-0.425	-0.436	-0.443	-0.405	-0.445	-0.454	-0.475	-0.476	-0.413	-0.411	-0.394	-0.415	-0.360	-0.418	-0.275	-0.593	-0.308	-0.305	-0.570	-0.560	-0.266	-0.273	-0.259	-0.256	-0.270	-0.234	-0.253	-0.655	-0.293	-0.157	-0.282	-0.575	-0.282	-0.253	-0.277	-0.277	-0.277	-0.277	-0.257	-0.293	-0.655	-0.278	-0.655	-0.280	-0.300	-0.281	-0.655	-0.655	-0.299	-0.611	-0.290	-0.587	-0.655	-0.586	-0.607	-0.307	-0.603	-0.599	-0.610	-0.299	-0.303	-0.358	-0.635	-0.638	-0.644	-0.637	-0.168	-0.234	-0.613	-0.226	-0.181	-0.228	-0.612	-0.224	-0.344	-0.223	-0.136	-0.226	-0.132	-0.409	-0.410	-0.410	-0.381	-0.416	-0.483	-0.479	-0.474	-0.428	-0.421	-0.422	-0.226	-0.219	-0.256	-0.095	-0.414	
rs2439395      -0.456	-0.308	-0.441	-0.440	-0.441	-0.407	-0.466	-0.595	-0.598	-0.470	-0.446	-0.457	-0.464	-0.429	-0.471	-0.472	-0.492	-0.494	-0.439	-0.426	-0.419	-0.432	-0.371	-0.435	-0.278	-0.611	-0.312	-0.308	-0.588	-0.578	-0.317	-0.308	-0.293	-0.287	-0.301	-0.260	-0.284	-0.677	-0.292	-0.282	-0.180	-0.597	-0.276	-0.285	-0.268	-0.268	-0.268	-0.268	-0.238	-0.293	-0.676	-0.268	-0.676	-0.272	-0.302	-0.274	-0.676	-0.676	-0.301	-0.633	-0.287	-0.609	-0.675	-0.608	-0.629	-0.312	-0.629	-0.625	-0.636	-0.328	-0.305	-0.384	-0.656	-0.659	-0.665	-0.658	-0.189	-0.255	-0.633	-0.247	-0.202	-0.249	-0.633	-0.246	-0.365	-0.244	-0.157	-0.247	-0.153	-0.429	-0.431	-0.431	-0.402	-0.436	-0.504	-0.500	-0.495	-0.448	-0.442	-0.442	-0.248	-0.241	-0.278	-0.116	-0.436	
rs893900       -0.895	-0.747	-0.879	-0.879	-0.879	-0.850	-0.906	-1.044	-1.047	-0.910	-0.884	-0.896	-0.903	-0.871	-0.980	-0.990	-0.907	-0.891	-0.889	-0.750	-0.873	-0.803	-0.613	-0.803	-0.466	-0.930	-0.615	-0.611	-0.804	-0.902	-0.652	-0.614	-0.591	-0.582	-0.599	-0.542	-0.577	-1.034	-0.622	-0.575	-0.597	-0.657	-0.598	-0.578	-0.579	-0.579	-0.579	-0.579	-0.541	-0.611	-1.026	-0.580	-1.024	-0.580	-0.626	-0.579	-1.020	-1.020	-0.629	-0.832	-0.595	-0.816	-1.030	-0.811	-0.843	-0.651	-0.857	-0.861	-0.848	-0.632	-0.603	-0.713	-0.782	-0.765	-0.701	-0.773	-0.624	-0.690	-1.077	-0.683	-0.640	-0.684	-1.076	-0.681	-0.807	-0.679	-0.592	-0.682	-0.589	-0.861	-0.880	-0.880	-0.851	-0.886	-0.937	-0.932	-0.927	-0.897	-0.891	-0.892	-0.711	-0.705	-0.741	-0.546	-0.905	
rs2439394      -0.457	-0.309	-0.441	-0.440	-0.441	-0.407	-0.466	-0.595	-0.598	-0.471	-0.446	-0.457	-0.464	-0.429	-0.471	-0.472	-0.493	-0.494	-0.439	-0.426	-0.419	-0.432	-0.371	-0.435	-0.278	-0.611	-0.312	-0.308	-0.588	-0.578	-0.317	-0.308	-0.293	-0.287	-0.301	-0.260	-0.284	-0.677	-0.293	-0.282	-0.276	-0.598	-0.180	-0.285	-0.268	-0.268	-0.268	-0.268	-0.237	-0.293	-0.676	-0.269	-0.676	-0.272	-0.302	-0.274	-0.676	-0.676	-0.301	-0.633	-0.287	-0.609	-0.676	-0.608	-0.629	-0.312	-0.630	-0.625	-0.637	-0.329	-0.305	-0.384	-0.656	-0.659	-0.665	-0.659	-0.189	-0.255	-0.633	-0.247	-0.202	-0.249	-0.633	-0.246	-0.365	-0.244	-0.157	-0.248	-0.153	-0.430	-0.431	-0.431	-0.402	-0.437	-0.504	-0.500	-0.495	-0.449	-0.442	-0.443	-0.248	-0.242	-0.279	-0.116	-0.436	
rs2469117      -0.438	-0.290	-0.423	-0.422	-0.423	-0.389	-0.448	-0.577	-0.580	-0.452	-0.428	-0.439	-0.446	-0.409	-0.448	-0.458	-0.478	-0.480	-0.417	-0.413	-0.397	-0.418	-0.362	-0.421	-0.276	-0.596	-0.311	-0.308	-0.572	-0.563	-0.271	-0.276	-0.262	-0.258	-0.272	-0.235	-0.255	-0.658	-0.296	-0.253	-0.285	-0.578	-0.285	-0.161	-0.279	-0.279	-0.279	-0.279	-0.258	-0.296	-0.658	-0.279	-0.658	-0.281	-0.302	-0.282	-0.658	-0.658	-0.302	-0.615	-0.291	-0.590	-0.658	-0.589	-0.610	-0.310	-0.606	-0.602	-0.614	-0.301	-0.305	-0.361	-0.638	-0.641	-0.648	-0.640	-0.171	-0.237	-0.616	-0.229	-0.184	-0.231	-0.615	-0.228	-0.347	-0.226	-0.139	-0.229	-0.135	-0.412	-0.413	-0.413	-0.384	-0.419	-0.486	-0.482	-0.477	-0.431	-0.424	-0.425	-0.229	-0.222	-0.260	-0.098	-0.418	
rs2469118      -0.441	-0.293	-0.426	-0.425	-0.425	-0.392	-0.451	-0.579	-0.582	-0.455	-0.431	-0.442	-0.449	-0.412	-0.452	-0.453	-0.476	-0.478	-0.421	-0.411	-0.402	-0.415	-0.361	-0.419	-0.273	-0.598	-0.301	-0.298	-0.575	-0.565	-0.302	-0.298	-0.285	-0.281	-0.293	-0.259	-0.278	-0.661	-0.280	-0.277	-0.268	-0.579	-0.268	-0.279	-0.163	-0.258	-0.258	-0.258	-0.235	-0.277	-0.660	-0.259	-0.660	-0.263	-0.284	-0.264	-0.660	-0.660	-0.287	-0.616	-0.279	-0.591	-0.660	-0.590	-0.611	-0.296	-0.612	-0.608	-0.619	-0.317	-0.296	-0.369	-0.640	-0.643	-0.649	-0.642	-0.173	-0.239	-0.618	-0.232	-0.186	-0.233	-0.617	-0.230	-0.349	-0.228	-0.141	-0.232	-0.137	-0.414	-0.415	-0.415	-0.386	-0.421	-0.489	-0.485	-0.480	-0.433	-0.426	-0.427	-0.232	-0.225	-0.262	-0.101	-0.420	
rs2469119      -0.441	-0.293	-0.425	-0.425	-0.425	-0.392	-0.451	-0.579	-0.582	-0.455	-0.431	-0.442	-0.449	-0.412	-0.452	-0.453	-0.476	-0.477	-0.421	-0.411	-0.401	-0.415	-0.361	-0.419	-0.273	-0.598	-0.301	-0.297	-0.575	-0.565	-0.302	-0.297	-0.285	-0.281	-0.293	-0.259	-0.278	-0.661	-0.280	-0.277	-0.268	-0.579	-0.268	-0.279	-0.258	-0.163	-0.258	-0.258	-0.235	-0.277	-0.660	-0.259	-0.660	-0.262	-0.284	-0.264	-0.660	-0.660	-0.287	-0.615	-0.279	-0.591	-0.660	-0.590	-0.611	-0.296	-0.612	-0.608	-0.619	-0.317	-0.296	-0.369	-0.640	-0.643	-0.649	-0.642	-0.173	-0.239	-0.618	-0.231	-0.186	-0.233	-0.617	-0.230	-0.349	-0.228	-0.141	-0.232	-0.137	-0.414	-0.415	-0.415	-0.386	-0.421	-0.489	-0.485	-0.480	-0.433	-0.426	-0.427	-0.232	-0.225	-0.262	-0.100	-0.420	
rs7180087      -0.441	-0.293	-0.425	-0.425	-0.425	-0.392	-0.451	-0.579	-0.582	-0.455	-0.431	-0.442	-0.449	-0.412	-0.452	-0.453	-0.476	-0.477	-0.421	-0.411	-0.401	-0.415	-0.361	-0.419	-0.273	-0.598	-0.301	-0.297	-0.575	-0.565	-0.302	-0.297	-0.285	-0.281	-0.293	-0.259	-0.278	-0.661	-0.280	-0.277	-0.268	-0.579	-0.268	-0.279	-0.258	-0.258	-0.163	-0.258	-0.235	-0.277	-0.660	-0.258	-0.660	-0.262	-0.284	-0.264	-0.660	-0.660	-0.287	-0.615	-0.279	-0.591	-0.660	-0.590	-0.611	-0.296	-0.612	-0.608	-0.619	-0.317	-0.296	-0.369	-0.640	-0.643	-0.649	-0.642	-0.173	-0.239	-0.618	-0.231	-0.186	-0.233	-0.617	-0.230	-0.349	-0.228	-0.141	-0.232	-0.137	-0.414	-0.415	-0.415	-0.386	-0.421	-0.489	-0.485	-0.480	-0.433	-0.426	-0.427	-0.232	-0.225	-0.262	-0.100	-0.420	
rs2439393      -0.441	-0.293	-0.426	-0.425	-0.425	-0.392	-0.451	-0.579	-0.582	-0.455	-0.431	-0.442	-0.449	-0.412	-0.452	-0.453	-0.476	-0.478	-0.421	-0.411	-0.401	-0.415	-0.361	-0.419	-0.273	-0.598	-0.301	-0.297	-0.575	-0.565	-0.302	-0.298	-0.285	-0.281	-0.293	-0.259	-0.278	-0.661	-0.280	-0.277	-0.268	-0.579	-0.268	-0.279	-0.258	-0.258	-0.258	-0.163	-0.235	-0.277	-0.660	-0.259	-0.660	-0.262	-0.284	-0.264	-0.660	-0.660	-0.287	-0.616	-0.279	-0.591	-0.660	-0.590	-0.611	-0.296	-0.612	-0.608	-0.619	-0.317	-0.296	-0.369	-0.640	-0.643	-0.649	-0.642	-0.173	-0.239	-0.618	-0.232	-0.186	-0.233	-0.617	-0.230	-0.349	-0.228	-0.141	-0.232	-0.137	-0.414	-0.415	-0.415	-0.386	-0.421	-0.489	-0.485	-0.480	-0.433	-0.426	-0.427	-0.232	-0.225	-0.262	-0.101	-0.420	
rs893904       -0.410	-0.262	-0.394	-0.393	-0.394	-0.360	-0.419	-0.547	-0.550	-0.423	-0.399	-0.410	-0.417	-0.378	-0.414	-0.415	-0.441	-0.443	-0.385	-0.380	-0.366	-0.380	-0.339	-0.387	-0.261	-0.571	-0.272	-0.269	-0.546	-0.539	-0.263	-0.268	-0.261	-0.259	-0.267	-0.247	-0.258	-0.629	-0.243	-0.257	-0.238	-0.541	-0.237	-0.258	-0.235	-0.235	-0.235	-0.235	-0.128	-0.244	-0.628	-0.235	-0.628	-0.239	-0.247	-0.241	-0.628	-0.628	-0.249	-0.579	-0.252	-0.553	-0.627	-0.552	-0.574	-0.254	-0.575	-0.571	-0.583	-0.286	-0.270	-0.336	-0.605	-0.608	-0.615	-0.607	-0.141	-0.207	-0.586	-0.199	-0.153	-0.201	-0.585	-0.197	-0.316	-0.196	-0.109	-0.199	-0.104	-0.382	-0.382	-0.382	-0.353	-0.388	-0.457	-0.453	-0.447	-0.400	-0.393	-0.394	-0.198	-0.191	-0.228	-0.068	-0.387	
rs893905       -0.467	-0.319	-0.451	-0.451	-0.451	-0.418	-0.477	-0.605	-0.608	-0.481	-0.456	-0.467	-0.475	-0.440	-0.485	-0.486	-0.504	-0.505	-0.451	-0.434	-0.430	-0.442	-0.375	-0.445	-0.278	-0.619	-0.314	-0.310	-0.597	-0.585	-0.333	-0.311	-0.304	-0.298	-0.302	-0.269	-0.295	-0.687	-0.311	-0.293	-0.293	-0.611	-0.293	-0.296	-0.277	-0.277	-0.277	-0.277	-0.244	-0.190	-0.686	-0.277	-0.686	-0.280	-0.298	-0.280	-0.686	-0.686	-0.302	-0.645	-0.291	-0.621	-0.686	-0.620	-0.641	-0.315	-0.642	-0.638	-0.649	-0.331	-0.309	-0.391	-0.668	-0.671	-0.676	-0.670	-0.199	-0.265	-0.643	-0.257	-0.212	-0.259	-0.643	-0.255	-0.375	-0.254	-0.167	-0.257	-0.163	-0.440	-0.441	-0.441	-0.412	-0.447	-0.514	-0.510	-0.505	-0.458	-0.452	-0.452	-0.258	-0.252	-0.289	-0.126	-0.447	
rs36120854     -0.849	-0.697	-0.833	-0.833	-0.833	-0.802	-0.860	-1.005	-1.008	-0.865	-0.838	-0.851	-0.858	-0.853	-0.955	-0.965	-0.902	-0.889	-0.880	-0.779	-0.857	-0.824	-0.665	-0.813	-0.536	-0.582	-0.688	-0.685	-0.786	-0.834	-0.718	-0.687	-0.668	-0.661	-0.675	-0.628	-0.657	-0.778	-0.696	-0.655	-0.676	-1.026	-0.676	-0.658	-0.660	-0.660	-0.660	-0.660	-0.628	-0.686	-0.620	-0.660	-0.757	-0.660	-0.698	-0.659	-0.758	-0.758	-0.700	-1.033	-0.672	-1.029	-0.770	-1.029	-1.032	-0.718	-1.032	-1.031	-1.034	-0.700	-0.677	-0.754	-1.032	-1.030	-1.022	-1.030	-0.574	-0.640	-1.041	-0.632	-0.589	-0.633	-1.041	-0.630	-0.763	-0.628	-0.540	-0.631	-0.536	-0.817	-0.846	-0.846	-0.818	-0.852	-0.894	-0.890	-0.884	-0.863	-0.857	-0.858	-0.679	-0.673	-0.708	-0.495	-0.870	
rs893906       -0.442	-0.293	-0.426	-0.425	-0.426	-0.392	-0.451	-0.580	-0.583	-0.456	-0.431	-0.442	-0.450	-0.413	-0.453	-0.454	-0.476	-0.478	-0.421	-0.412	-0.402	-0.415	-0.361	-0.420	-0.273	-0.599	-0.301	-0.297	-0.575	-0.566	-0.303	-0.298	-0.286	-0.282	-0.293	-0.260	-0.279	-0.662	-0.281	-0.278	-0.268	-0.580	-0.269	-0.279	-0.259	-0.259	-0.258	-0.259	-0.235	-0.277	-0.660	-0.163	-0.661	-0.261	-0.283	-0.262	-0.661	-0.661	-0.286	-0.616	-0.277	-0.591	-0.660	-0.591	-0.611	-0.294	-0.612	-0.608	-0.620	-0.315	-0.295	-0.369	-0.640	-0.643	-0.649	-0.642	-0.174	-0.240	-0.618	-0.232	-0.186	-0.234	-0.618	-0.230	-0.350	-0.229	-0.142	-0.232	-0.138	-0.415	-0.416	-0.415	-0.386	-0.421	-0.489	-0.485	-0.480	-0.433	-0.426	-0.427	-0.232	-0.225	-0.263	-0.101	-0.421	
