## Summary of overall evidence for association with region:
## log10(BF for region) = -0.411271
## p-value for region = NA

## BFs for choosing among multi-SNP models:
## log10(average 1-SNP BF) = -0.342142
## log10(average 2-SNP BF) = -0.595087

## Example posterior probabilities for multi-SNP models, based on default prior: [p(l) propto 0.5^l for l=1,2,...,L]
## posterior probability of 1-SNP = 0.781695
## posterior probability of 2-SNP = 0.218305

## log10(BF) for single SNP and pair of SNPs:
rs9565685      -0.443	-0.561	-0.617	-0.935	-0.936	-0.848	-0.935	-0.846	-0.846	-0.612	-0.936	-0.936	-0.936	-0.847	-0.847	-0.936	-0.936	-0.936	-0.936	-0.587	-0.667	-0.936	-0.849	-0.851	-0.587	-0.936	-0.936	-0.935	-0.936	-0.857	-0.931	-0.621	-0.935	-0.936	-0.588	-0.935	-0.935	-0.616	-0.636	-0.931	-0.926	-0.931	-0.864	-0.602	-0.614	-0.928	-0.584	-0.934	-0.929	-0.947	-0.724	-0.642	-0.675	-0.673	-0.665	-0.646	-0.629	-0.621	-0.910	-0.627	-0.898	-0.646	-0.911	-0.863	-0.698	-0.703	-0.705	-0.754	-0.760	-0.751	-0.769	-0.792	-0.650	-0.498	-0.498	-0.471	-0.768	-0.772	-0.775	-0.923	-0.745	-0.193	-0.195	-0.916	-0.372	-0.352	-0.921	-0.357	-0.937	-0.588	-0.396	-0.397	-0.406	-0.389	-0.630	-0.636	-0.391	-0.382	-0.394	-0.932	-0.927	-0.399	-0.924	-0.927	-0.457	-0.416	-0.708	-0.922	-0.654	-0.923	-0.643	-0.923	-0.705	-0.646	-0.435	-0.650	-0.673	-0.449	-0.711	-0.664	-0.663	-0.443	-0.654	-0.922	-0.462	-0.720	-0.653	-0.923	-0.789	-0.711	-0.737	-0.780	-0.509	-0.642	-0.658	-0.793	-0.925	-0.658	-0.658	-0.450	-0.793	-0.668	-0.451	-0.790	-0.443	-0.451	-0.790	-0.451	-0.776	-0.451	-0.859	-0.846	-0.790	-0.791	-0.859	-0.792	-0.792	-0.646	-0.921	-0.645	-0.857	-0.803	-0.454	-0.649	-0.770	-0.454	-0.906	-0.650	-0.935	-0.935	-0.771	-0.906	-0.815	-0.429	-0.640	-0.906	-0.940	-0.935	-0.810	-0.718	-0.907	-0.907	
rs9565686      -0.561	-0.444	-0.617	-0.935	-0.936	-0.848	-0.936	-0.847	-0.847	-0.612	-0.936	-0.936	-0.936	-0.848	-0.847	-0.937	-0.936	-0.936	-0.936	-0.587	-0.667	-0.936	-0.849	-0.852	-0.587	-0.936	-0.936	-0.935	-0.936	-0.857	-0.931	-0.621	-0.935	-0.936	-0.588	-0.936	-0.935	-0.616	-0.636	-0.932	-0.926	-0.932	-0.864	-0.603	-0.615	-0.928	-0.584	-0.934	-0.929	-0.947	-0.724	-0.642	-0.675	-0.673	-0.665	-0.647	-0.629	-0.621	-0.910	-0.628	-0.898	-0.646	-0.912	-0.863	-0.699	-0.703	-0.705	-0.755	-0.760	-0.751	-0.769	-0.792	-0.650	-0.498	-0.499	-0.471	-0.768	-0.772	-0.775	-0.924	-0.746	-0.193	-0.195	-0.916	-0.372	-0.352	-0.921	-0.358	-0.938	-0.588	-0.396	-0.398	-0.407	-0.389	-0.630	-0.636	-0.391	-0.382	-0.395	-0.932	-0.927	-0.399	-0.924	-0.927	-0.457	-0.416	-0.708	-0.922	-0.655	-0.923	-0.644	-0.923	-0.705	-0.646	-0.435	-0.651	-0.673	-0.449	-0.711	-0.664	-0.664	-0.443	-0.654	-0.922	-0.462	-0.720	-0.653	-0.923	-0.789	-0.711	-0.737	-0.780	-0.509	-0.642	-0.658	-0.793	-0.925	-0.658	-0.658	-0.451	-0.793	-0.668	-0.451	-0.790	-0.443	-0.451	-0.790	-0.451	-0.777	-0.451	-0.859	-0.847	-0.791	-0.791	-0.859	-0.792	-0.792	-0.647	-0.922	-0.645	-0.858	-0.804	-0.454	-0.649	-0.770	-0.454	-0.906	-0.650	-0.936	-0.935	-0.771	-0.906	-0.815	-0.429	-0.640	-0.906	-0.941	-0.936	-0.810	-0.718	-0.907	-0.907	
rs9574936      -0.617	-0.617	-0.439	-0.932	-0.933	-0.845	-0.932	-0.844	-0.844	-0.554	-0.933	-0.933	-0.933	-0.845	-0.844	-0.933	-0.933	-0.933	-0.933	-0.583	-0.664	-0.933	-0.846	-0.849	-0.583	-0.933	-0.933	-0.932	-0.933	-0.854	-0.928	-0.570	-0.932	-0.933	-0.583	-0.932	-0.932	-0.565	-0.601	-0.929	-0.924	-0.929	-0.860	-0.598	-0.610	-0.926	-0.580	-0.931	-0.926	-0.941	-0.724	-0.644	-0.676	-0.674	-0.666	-0.648	-0.631	-0.623	-0.906	-0.629	-0.894	-0.647	-0.907	-0.860	-0.700	-0.704	-0.706	-0.751	-0.756	-0.747	-0.765	-0.791	-0.645	-0.488	-0.489	-0.461	-0.764	-0.768	-0.771	-0.919	-0.744	-0.189	-0.191	-0.911	-0.368	-0.348	-0.916	-0.353	-0.934	-0.582	-0.392	-0.393	-0.403	-0.385	-0.624	-0.630	-0.387	-0.378	-0.391	-0.927	-0.922	-0.395	-0.919	-0.922	-0.453	-0.412	-0.703	-0.917	-0.648	-0.918	-0.638	-0.918	-0.703	-0.640	-0.431	-0.645	-0.667	-0.445	-0.705	-0.658	-0.658	-0.439	-0.648	-0.917	-0.458	-0.714	-0.647	-0.918	-0.783	-0.706	-0.732	-0.774	-0.505	-0.636	-0.652	-0.787	-0.920	-0.652	-0.652	-0.447	-0.787	-0.662	-0.447	-0.784	-0.439	-0.447	-0.784	-0.447	-0.771	-0.447	-0.855	-0.841	-0.785	-0.785	-0.855	-0.787	-0.787	-0.641	-0.917	-0.639	-0.854	-0.798	-0.450	-0.643	-0.765	-0.450	-0.902	-0.644	-0.931	-0.931	-0.766	-0.903	-0.810	-0.425	-0.634	-0.903	-0.936	-0.931	-0.806	-0.714	-0.903	-0.903	
rs9545808      -0.935	-0.935	-0.932	-0.649	-0.785	-0.977	-0.787	-0.976	-0.976	-0.923	-0.786	-0.785	-0.784	-0.977	-0.977	-0.794	-0.785	-0.786	-0.785	-0.759	-0.601	-0.783	-0.980	-0.983	-0.760	-0.783	-0.785	-0.798	-0.781	-0.992	-0.793	-0.935	-0.793	-0.785	-0.760	-0.774	-0.779	-0.924	-0.953	-0.910	-0.900	-0.910	-1.001	-0.776	-0.789	-0.912	-0.757	-0.930	-0.924	-1.066	-0.861	-0.771	-0.804	-0.801	-0.793	-0.772	-0.752	-0.743	-1.063	-0.752	-1.063	-0.774	-1.065	-1.031	-0.847	-0.852	-0.854	-0.940	-0.947	-0.939	-0.963	-0.990	-0.817	-0.663	-0.664	-0.635	-0.955	-0.960	-0.964	-1.098	-0.905	-0.353	-0.355	-1.090	-0.536	-0.516	-1.095	-0.521	-1.124	-0.758	-0.561	-0.562	-0.572	-0.554	-0.802	-0.808	-0.556	-0.546	-0.559	-1.109	-1.104	-0.564	-1.100	-1.103	-0.624	-0.582	-0.851	-1.098	-0.827	-1.099	-0.816	-1.099	-0.866	-0.804	-0.601	-0.823	-0.846	-0.616	-0.854	-0.837	-0.837	-0.610	-0.827	-1.098	-0.629	-0.864	-0.826	-1.099	-0.953	-0.854	-0.883	-0.943	-0.679	-0.798	-0.831	-0.957	-1.101	-0.831	-0.831	-0.618	-0.957	-0.841	-0.618	-0.954	-0.610	-0.618	-0.954	-0.618	-0.935	-0.618	-1.050	-1.011	-0.950	-0.950	-1.050	-0.951	-0.951	-0.819	-1.098	-0.817	-1.049	-0.964	-0.621	-0.822	-0.919	-0.621	-1.094	-0.823	-1.114	-1.114	-0.921	-1.095	-0.970	-0.596	-0.813	-1.095	-1.120	-1.114	-0.998	-0.911	-1.095	-1.096	
rs2876773      -0.936	-0.936	-0.933	-0.785	-0.649	-0.976	-0.786	-0.974	-0.974	-0.924	-0.785	-0.786	-0.785	-0.976	-0.975	-0.794	-0.785	-0.786	-0.785	-0.758	-0.595	-0.785	-0.978	-0.981	-0.759	-0.784	-0.786	-0.800	-0.783	-0.990	-0.785	-0.935	-0.791	-0.786	-0.759	-0.779	-0.783	-0.925	-0.953	-0.908	-0.897	-0.909	-0.999	-0.776	-0.789	-0.909	-0.756	-0.930	-0.925	-1.065	-0.859	-0.769	-0.802	-0.800	-0.791	-0.770	-0.750	-0.741	-1.064	-0.750	-1.062	-0.772	-1.065	-1.030	-0.845	-0.850	-0.853	-0.939	-0.947	-0.938	-0.963	-0.990	-0.817	-0.663	-0.664	-0.635	-0.955	-0.960	-0.963	-1.098	-0.904	-0.353	-0.355	-1.089	-0.536	-0.515	-1.095	-0.521	-1.124	-0.757	-0.561	-0.562	-0.572	-0.554	-0.801	-0.807	-0.556	-0.546	-0.559	-1.109	-1.103	-0.564	-1.099	-1.103	-0.624	-0.582	-0.850	-1.097	-0.827	-1.098	-0.815	-1.098	-0.865	-0.803	-0.601	-0.823	-0.846	-0.616	-0.853	-0.837	-0.836	-0.610	-0.826	-1.097	-0.629	-0.862	-0.826	-1.099	-0.952	-0.853	-0.882	-0.942	-0.679	-0.798	-0.831	-0.956	-1.100	-0.831	-0.831	-0.617	-0.956	-0.841	-0.617	-0.953	-0.610	-0.617	-0.953	-0.618	-0.934	-0.617	-1.049	-1.010	-0.949	-0.949	-1.049	-0.950	-0.950	-0.819	-1.097	-0.817	-1.048	-0.963	-0.621	-0.822	-0.918	-0.621	-1.094	-0.822	-1.113	-1.113	-0.920	-1.095	-0.969	-0.596	-0.812	-1.095	-1.119	-1.113	-0.998	-0.911	-1.095	-1.095	
rs9593574      -0.848	-0.848	-0.845	-0.977	-0.976	-0.533	-0.977	-0.660	-0.662	-0.838	-0.977	-0.975	-0.974	-0.661	-0.669	-0.975	-0.976	-0.976	-0.975	-0.633	-0.674	-0.973	-0.671	-0.664	-0.633	-0.973	-0.974	-0.970	-0.971	-0.675	-0.993	-0.847	-0.979	-0.973	-0.634	-0.967	-0.967	-0.838	-0.860	-0.988	-0.993	-0.989	-0.681	-0.650	-0.664	-0.994	-0.629	-0.977	-0.954	-0.967	-0.745	-0.663	-0.689	-0.687	-0.678	-0.656	-0.636	-0.627	-0.853	-0.641	-0.880	-0.664	-0.857	-0.923	-0.752	-0.757	-0.759	-0.821	-0.821	-0.815	-0.826	-0.882	-0.716	-0.551	-0.553	-0.524	-0.848	-0.851	-0.853	-1.007	-0.845	-0.259	-0.262	-1.001	-0.441	-0.421	-1.005	-0.426	-1.013	-0.650	-0.465	-0.467	-0.476	-0.459	-0.690	-0.697	-0.460	-0.451	-0.464	-1.015	-1.011	-0.469	-1.007	-1.010	-0.527	-0.486	-0.792	-1.006	-0.716	-1.007	-0.705	-1.007	-0.804	-0.730	-0.505	-0.712	-0.735	-0.519	-0.794	-0.726	-0.725	-0.513	-0.716	-1.006	-0.532	-0.803	-0.715	-1.007	-0.858	-0.795	-0.821	-0.848	-0.580	-0.702	-0.720	-0.862	-1.008	-0.720	-0.720	-0.521	-0.862	-0.730	-0.521	-0.859	-0.514	-0.521	-0.859	-0.522	-0.853	-0.521	-0.937	-0.925	-0.868	-0.868	-0.937	-0.870	-0.870	-0.708	-1.005	-0.706	-0.935	-0.881	-0.525	-0.711	-0.853	-0.525	-0.981	-0.711	-1.018	-1.018	-0.854	-0.980	-0.899	-0.499	-0.701	-0.981	-1.023	-1.018	-0.895	-0.801	-0.982	-0.982	
rs2876774      -0.935	-0.936	-0.932	-0.787	-0.786	-0.977	-0.649	-0.975	-0.975	-0.924	-0.786	-0.785	-0.785	-0.977	-0.976	-0.795	-0.786	-0.786	-0.786	-0.759	-0.599	-0.785	-0.979	-0.982	-0.759	-0.784	-0.785	-0.798	-0.782	-0.991	-0.790	-0.935	-0.791	-0.785	-0.760	-0.777	-0.781	-0.925	-0.953	-0.909	-0.899	-0.910	-1.000	-0.776	-0.789	-0.911	-0.757	-0.930	-0.925	-1.066	-0.860	-0.770	-0.804	-0.801	-0.792	-0.771	-0.752	-0.743	-1.063	-0.752	-1.063	-0.773	-1.065	-1.030	-0.846	-0.852	-0.854	-0.940	-0.947	-0.939	-0.963	-0.990	-0.818	-0.664	-0.664	-0.636	-0.955	-0.960	-0.964	-1.098	-0.905	-0.353	-0.355	-1.090	-0.536	-0.516	-1.095	-0.521	-1.125	-0.758	-0.561	-0.562	-0.572	-0.554	-0.802	-0.808	-0.556	-0.546	-0.560	-1.109	-1.104	-0.564	-1.100	-1.103	-0.624	-0.582	-0.851	-1.098	-0.827	-1.099	-0.816	-1.099	-0.866	-0.803	-0.602	-0.823	-0.846	-0.616	-0.854	-0.837	-0.837	-0.610	-0.827	-1.098	-0.629	-0.863	-0.826	-1.099	-0.953	-0.854	-0.883	-0.943	-0.679	-0.798	-0.831	-0.957	-1.101	-0.831	-0.831	-0.618	-0.957	-0.841	-0.618	-0.954	-0.610	-0.618	-0.954	-0.618	-0.935	-0.618	-1.050	-1.011	-0.949	-0.949	-1.050	-0.951	-0.951	-0.819	-1.098	-0.817	-1.049	-0.964	-0.621	-0.822	-0.919	-0.621	-1.094	-0.823	-1.113	-1.113	-0.920	-1.096	-0.970	-0.596	-0.813	-1.095	-1.120	-1.114	-0.998	-0.912	-1.095	-1.096	
rs13378758     -0.846	-0.847	-0.844	-0.976	-0.974	-0.660	-0.975	-0.532	-0.661	-0.836	-0.975	-0.973	-0.973	-0.660	-0.668	-0.974	-0.974	-0.974	-0.974	-0.632	-0.674	-0.972	-0.669	-0.662	-0.632	-0.971	-0.972	-0.968	-0.970	-0.672	-0.992	-0.846	-0.977	-0.971	-0.632	-0.965	-0.966	-0.837	-0.859	-0.987	-0.991	-0.987	-0.677	-0.648	-0.662	-0.992	-0.628	-0.976	-0.953	-0.966	-0.745	-0.664	-0.690	-0.687	-0.678	-0.657	-0.637	-0.628	-0.850	-0.641	-0.879	-0.664	-0.855	-0.922	-0.752	-0.757	-0.759	-0.819	-0.819	-0.814	-0.824	-0.881	-0.715	-0.550	-0.551	-0.522	-0.847	-0.849	-0.852	-1.006	-0.844	-0.258	-0.260	-1.000	-0.440	-0.420	-1.004	-0.425	-1.012	-0.649	-0.464	-0.466	-0.475	-0.457	-0.689	-0.695	-0.459	-0.450	-0.463	-1.014	-1.009	-0.467	-1.006	-1.009	-0.526	-0.485	-0.791	-1.005	-0.715	-1.005	-0.703	-1.005	-0.803	-0.729	-0.504	-0.710	-0.734	-0.518	-0.794	-0.725	-0.724	-0.512	-0.714	-1.005	-0.531	-0.802	-0.713	-1.006	-0.857	-0.794	-0.820	-0.847	-0.579	-0.701	-0.718	-0.861	-1.007	-0.718	-0.718	-0.520	-0.861	-0.729	-0.520	-0.857	-0.512	-0.520	-0.857	-0.520	-0.852	-0.520	-0.936	-0.924	-0.867	-0.867	-0.936	-0.868	-0.868	-0.706	-1.004	-0.705	-0.934	-0.880	-0.523	-0.709	-0.852	-0.523	-0.979	-0.710	-1.017	-1.017	-0.853	-0.979	-0.898	-0.498	-0.700	-0.979	-1.021	-1.017	-0.893	-0.800	-0.980	-0.980	
rs9601662      -0.846	-0.847	-0.844	-0.976	-0.974	-0.662	-0.975	-0.661	-0.532	-0.836	-0.975	-0.973	-0.973	-0.661	-0.669	-0.974	-0.974	-0.974	-0.974	-0.632	-0.675	-0.971	-0.671	-0.664	-0.632	-0.971	-0.972	-0.968	-0.970	-0.673	-0.992	-0.846	-0.977	-0.971	-0.632	-0.965	-0.966	-0.837	-0.859	-0.987	-0.991	-0.987	-0.678	-0.648	-0.662	-0.992	-0.628	-0.976	-0.953	-0.966	-0.745	-0.664	-0.690	-0.687	-0.678	-0.656	-0.637	-0.627	-0.850	-0.641	-0.878	-0.664	-0.854	-0.922	-0.752	-0.757	-0.759	-0.819	-0.819	-0.814	-0.824	-0.881	-0.715	-0.550	-0.551	-0.522	-0.846	-0.849	-0.852	-1.006	-0.844	-0.258	-0.260	-1.000	-0.440	-0.420	-1.004	-0.425	-1.012	-0.649	-0.464	-0.466	-0.475	-0.457	-0.689	-0.695	-0.459	-0.450	-0.463	-1.014	-1.009	-0.467	-1.006	-1.009	-0.526	-0.485	-0.791	-1.005	-0.714	-1.005	-0.703	-1.005	-0.803	-0.729	-0.504	-0.710	-0.733	-0.518	-0.794	-0.724	-0.724	-0.512	-0.714	-1.005	-0.531	-0.802	-0.713	-1.006	-0.856	-0.794	-0.820	-0.847	-0.579	-0.700	-0.718	-0.861	-1.007	-0.718	-0.718	-0.520	-0.861	-0.729	-0.520	-0.857	-0.512	-0.520	-0.857	-0.520	-0.852	-0.520	-0.936	-0.923	-0.867	-0.867	-0.936	-0.868	-0.868	-0.706	-1.004	-0.705	-0.934	-0.880	-0.523	-0.709	-0.852	-0.523	-0.979	-0.710	-1.017	-1.017	-0.853	-0.978	-0.898	-0.498	-0.700	-0.979	-1.021	-1.017	-0.893	-0.800	-0.980	-0.980	
rs9574938      -0.612	-0.612	-0.554	-0.923	-0.924	-0.838	-0.924	-0.836	-0.836	-0.430	-0.924	-0.924	-0.924	-0.838	-0.837	-0.925	-0.924	-0.924	-0.924	-0.575	-0.659	-0.925	-0.839	-0.841	-0.575	-0.924	-0.924	-0.923	-0.924	-0.847	-0.919	-0.557	-0.923	-0.924	-0.575	-0.924	-0.924	-0.557	-0.585	-0.920	-0.915	-0.920	-0.853	-0.590	-0.602	-0.917	-0.572	-0.922	-0.918	-0.933	-0.717	-0.637	-0.669	-0.667	-0.660	-0.641	-0.624	-0.616	-0.899	-0.623	-0.885	-0.641	-0.900	-0.853	-0.692	-0.697	-0.699	-0.742	-0.748	-0.739	-0.756	-0.783	-0.640	-0.482	-0.483	-0.455	-0.756	-0.760	-0.763	-0.911	-0.735	-0.184	-0.186	-0.903	-0.363	-0.343	-0.908	-0.348	-0.926	-0.575	-0.386	-0.388	-0.397	-0.380	-0.617	-0.623	-0.382	-0.372	-0.385	-0.919	-0.914	-0.390	-0.911	-0.914	-0.447	-0.407	-0.697	-0.909	-0.641	-0.910	-0.630	-0.910	-0.695	-0.634	-0.425	-0.637	-0.660	-0.439	-0.699	-0.651	-0.650	-0.434	-0.641	-0.909	-0.452	-0.708	-0.640	-0.910	-0.776	-0.699	-0.726	-0.767	-0.499	-0.629	-0.645	-0.780	-0.912	-0.645	-0.645	-0.441	-0.780	-0.655	-0.441	-0.777	-0.434	-0.441	-0.777	-0.442	-0.764	-0.441	-0.847	-0.834	-0.778	-0.778	-0.847	-0.780	-0.780	-0.633	-0.909	-0.632	-0.845	-0.791	-0.444	-0.636	-0.758	-0.444	-0.894	-0.637	-0.923	-0.923	-0.760	-0.894	-0.803	-0.419	-0.627	-0.894	-0.928	-0.923	-0.798	-0.706	-0.895	-0.895	
rs9574939      -0.936	-0.936	-0.933	-0.786	-0.785	-0.977	-0.786	-0.975	-0.975	-0.924	-0.649	-0.785	-0.784	-0.976	-0.976	-0.794	-0.785	-0.785	-0.785	-0.759	-0.597	-0.784	-0.979	-0.982	-0.759	-0.783	-0.786	-0.799	-0.782	-0.991	-0.787	-0.935	-0.791	-0.785	-0.759	-0.777	-0.781	-0.925	-0.953	-0.909	-0.898	-0.909	-1.000	-0.776	-0.789	-0.910	-0.757	-0.930	-0.925	-1.066	-0.860	-0.769	-0.803	-0.800	-0.792	-0.770	-0.751	-0.742	-1.064	-0.751	-1.063	-0.773	-1.065	-1.030	-0.846	-0.851	-0.854	-0.940	-0.947	-0.938	-0.963	-0.990	-0.818	-0.664	-0.665	-0.636	-0.955	-0.960	-0.964	-1.098	-0.904	-0.353	-0.355	-1.090	-0.536	-0.516	-1.095	-0.521	-1.125	-0.758	-0.561	-0.563	-0.572	-0.554	-0.802	-0.808	-0.556	-0.546	-0.560	-1.109	-1.104	-0.564	-1.099	-1.103	-0.624	-0.582	-0.850	-1.098	-0.827	-1.098	-0.816	-1.098	-0.865	-0.803	-0.602	-0.823	-0.846	-0.616	-0.854	-0.837	-0.837	-0.610	-0.827	-1.097	-0.629	-0.863	-0.826	-1.099	-0.952	-0.854	-0.882	-0.943	-0.679	-0.798	-0.831	-0.957	-1.101	-0.831	-0.831	-0.618	-0.957	-0.841	-0.618	-0.953	-0.610	-0.618	-0.953	-0.618	-0.935	-0.618	-1.050	-1.010	-0.949	-0.949	-1.050	-0.951	-0.951	-0.819	-1.098	-0.817	-1.049	-0.963	-0.621	-0.822	-0.919	-0.621	-1.094	-0.822	-1.113	-1.113	-0.920	-1.096	-0.970	-0.596	-0.813	-1.095	-1.120	-1.114	-0.998	-0.912	-1.095	-1.096	
rs7326992      -0.936	-0.936	-0.933	-0.785	-0.786	-0.975	-0.785	-0.973	-0.973	-0.924	-0.785	-0.649	-0.785	-0.975	-0.974	-0.795	-0.785	-0.785	-0.786	-0.758	-0.593	-0.786	-0.978	-0.980	-0.758	-0.785	-0.787	-0.800	-0.784	-0.989	-0.782	-0.935	-0.789	-0.787	-0.759	-0.780	-0.784	-0.925	-0.953	-0.907	-0.895	-0.908	-0.999	-0.775	-0.788	-0.908	-0.756	-0.929	-0.926	-1.065	-0.858	-0.768	-0.801	-0.799	-0.790	-0.769	-0.749	-0.740	-1.064	-0.749	-1.062	-0.771	-1.066	-1.029	-0.844	-0.850	-0.852	-0.939	-0.947	-0.938	-0.963	-0.990	-0.817	-0.663	-0.664	-0.635	-0.955	-0.959	-0.963	-1.097	-0.903	-0.353	-0.355	-1.089	-0.536	-0.515	-1.094	-0.521	-1.124	-0.757	-0.561	-0.562	-0.571	-0.554	-0.801	-0.807	-0.556	-0.546	-0.559	-1.109	-1.103	-0.564	-1.099	-1.102	-0.624	-0.582	-0.849	-1.097	-0.826	-1.098	-0.815	-1.098	-0.864	-0.802	-0.601	-0.822	-0.846	-0.615	-0.852	-0.837	-0.836	-0.610	-0.826	-1.097	-0.629	-0.862	-0.825	-1.098	-0.952	-0.852	-0.881	-0.942	-0.678	-0.797	-0.830	-0.956	-1.100	-0.830	-0.830	-0.617	-0.956	-0.841	-0.617	-0.953	-0.610	-0.617	-0.953	-0.618	-0.934	-0.617	-1.049	-1.010	-0.948	-0.948	-1.049	-0.950	-0.950	-0.818	-1.097	-0.817	-1.048	-0.962	-0.621	-0.821	-0.918	-0.621	-1.094	-0.822	-1.113	-1.113	-0.919	-1.095	-0.969	-0.595	-0.812	-1.094	-1.119	-1.113	-0.997	-0.911	-1.095	-1.095	
rs7328616      -0.936	-0.936	-0.933	-0.784	-0.785	-0.974	-0.785	-0.973	-0.973	-0.924	-0.784	-0.785	-0.648	-0.974	-0.974	-0.794	-0.785	-0.785	-0.785	-0.758	-0.591	-0.786	-0.977	-0.980	-0.758	-0.785	-0.786	-0.801	-0.784	-0.989	-0.779	-0.935	-0.789	-0.787	-0.758	-0.781	-0.785	-0.925	-0.953	-0.906	-0.894	-0.907	-0.998	-0.775	-0.788	-0.907	-0.755	-0.929	-0.926	-1.065	-0.857	-0.767	-0.801	-0.798	-0.789	-0.768	-0.748	-0.739	-1.064	-0.749	-1.061	-0.770	-1.066	-1.029	-0.844	-0.849	-0.852	-0.939	-0.947	-0.938	-0.962	-0.990	-0.817	-0.663	-0.664	-0.635	-0.954	-0.959	-0.963	-1.097	-0.902	-0.352	-0.355	-1.089	-0.536	-0.515	-1.094	-0.520	-1.124	-0.757	-0.560	-0.562	-0.571	-0.553	-0.801	-0.807	-0.555	-0.546	-0.559	-1.108	-1.102	-0.564	-1.098	-1.102	-0.624	-0.581	-0.849	-1.096	-0.826	-1.097	-0.815	-1.097	-0.863	-0.802	-0.601	-0.822	-0.845	-0.615	-0.852	-0.836	-0.836	-0.610	-0.826	-1.096	-0.629	-0.861	-0.825	-1.098	-0.951	-0.852	-0.881	-0.942	-0.678	-0.797	-0.830	-0.955	-1.100	-0.830	-0.830	-0.617	-0.955	-0.840	-0.617	-0.952	-0.610	-0.617	-0.952	-0.618	-0.933	-0.617	-1.049	-1.009	-0.948	-0.948	-1.049	-0.949	-0.949	-0.818	-1.097	-0.816	-1.048	-0.962	-0.621	-0.821	-0.917	-0.621	-1.094	-0.822	-1.112	-1.112	-0.919	-1.095	-0.968	-0.595	-0.812	-1.094	-1.119	-1.112	-0.997	-0.911	-1.095	-1.095	
rs9601663      -0.847	-0.848	-0.845	-0.977	-0.976	-0.661	-0.977	-0.660	-0.661	-0.838	-0.976	-0.975	-0.974	-0.533	-0.669	-0.975	-0.976	-0.976	-0.975	-0.633	-0.674	-0.973	-0.670	-0.663	-0.633	-0.972	-0.974	-0.970	-0.971	-0.674	-0.993	-0.847	-0.978	-0.972	-0.633	-0.967	-0.967	-0.838	-0.860	-0.988	-0.993	-0.988	-0.679	-0.650	-0.663	-0.994	-0.629	-0.977	-0.954	-0.967	-0.745	-0.663	-0.689	-0.687	-0.678	-0.656	-0.636	-0.627	-0.852	-0.641	-0.880	-0.664	-0.857	-0.923	-0.752	-0.757	-0.759	-0.820	-0.820	-0.815	-0.826	-0.882	-0.716	-0.551	-0.552	-0.524	-0.848	-0.851	-0.853	-1.007	-0.845	-0.259	-0.261	-1.001	-0.441	-0.421	-1.005	-0.426	-1.013	-0.650	-0.465	-0.467	-0.476	-0.458	-0.690	-0.697	-0.460	-0.451	-0.464	-1.015	-1.010	-0.469	-1.007	-1.010	-0.527	-0.486	-0.792	-1.006	-0.716	-1.006	-0.704	-1.006	-0.804	-0.730	-0.505	-0.712	-0.735	-0.519	-0.794	-0.726	-0.725	-0.513	-0.715	-1.006	-0.532	-0.803	-0.715	-1.007	-0.858	-0.795	-0.820	-0.848	-0.580	-0.702	-0.720	-0.862	-1.008	-0.720	-0.720	-0.521	-0.862	-0.730	-0.521	-0.859	-0.513	-0.521	-0.859	-0.521	-0.853	-0.521	-0.937	-0.925	-0.868	-0.868	-0.937	-0.870	-0.869	-0.708	-1.005	-0.706	-0.935	-0.881	-0.524	-0.710	-0.853	-0.524	-0.981	-0.711	-1.018	-1.018	-0.854	-0.980	-0.899	-0.499	-0.701	-0.981	-1.022	-1.018	-0.894	-0.801	-0.982	-0.981	
rs9601664      -0.847	-0.847	-0.844	-0.977	-0.975	-0.669	-0.976	-0.668	-0.669	-0.837	-0.976	-0.974	-0.974	-0.669	-0.532	-0.975	-0.975	-0.975	-0.975	-0.632	-0.674	-0.972	-0.661	-0.671	-0.632	-0.972	-0.973	-0.969	-0.971	-0.664	-0.993	-0.846	-0.978	-0.972	-0.633	-0.966	-0.967	-0.837	-0.859	-0.988	-0.992	-0.988	-0.680	-0.649	-0.663	-0.993	-0.628	-0.977	-0.954	-0.967	-0.744	-0.662	-0.688	-0.686	-0.677	-0.655	-0.635	-0.626	-0.851	-0.640	-0.879	-0.663	-0.856	-0.923	-0.752	-0.756	-0.759	-0.820	-0.820	-0.814	-0.825	-0.881	-0.715	-0.550	-0.552	-0.523	-0.847	-0.850	-0.852	-1.006	-0.844	-0.258	-0.261	-1.000	-0.440	-0.420	-1.004	-0.425	-1.012	-0.649	-0.464	-0.466	-0.475	-0.458	-0.689	-0.696	-0.459	-0.450	-0.463	-1.014	-1.010	-0.468	-1.006	-1.009	-0.526	-0.485	-0.791	-1.005	-0.715	-1.006	-0.703	-1.006	-0.803	-0.729	-0.504	-0.711	-0.734	-0.518	-0.794	-0.725	-0.724	-0.513	-0.714	-1.005	-0.531	-0.802	-0.714	-1.006	-0.857	-0.794	-0.820	-0.847	-0.579	-0.701	-0.719	-0.861	-1.007	-0.719	-0.719	-0.520	-0.861	-0.729	-0.520	-0.858	-0.513	-0.520	-0.858	-0.521	-0.853	-0.520	-0.936	-0.924	-0.867	-0.867	-0.936	-0.869	-0.869	-0.707	-1.004	-0.705	-0.934	-0.880	-0.524	-0.710	-0.852	-0.524	-0.980	-0.710	-1.017	-1.017	-0.854	-0.979	-0.898	-0.498	-0.700	-0.980	-1.022	-1.017	-0.894	-0.800	-0.981	-0.981	
rs4432145      -0.936	-0.937	-0.933	-0.794	-0.794	-0.975	-0.795	-0.974	-0.974	-0.925	-0.794	-0.795	-0.794	-0.975	-0.975	-0.649	-0.794	-0.794	-0.795	-0.758	-0.593	-0.795	-0.978	-0.981	-0.758	-0.795	-0.796	-0.807	-0.794	-0.990	-0.787	-0.936	-0.798	-0.796	-0.759	-0.791	-0.794	-0.925	-0.954	-0.909	-0.897	-0.909	-0.999	-0.775	-0.788	-0.909	-0.756	-0.931	-0.928	-1.066	-0.858	-0.768	-0.802	-0.799	-0.790	-0.769	-0.749	-0.740	-1.065	-0.750	-1.062	-0.771	-1.066	-1.030	-0.845	-0.850	-0.852	-0.939	-0.947	-0.938	-0.963	-0.990	-0.818	-0.664	-0.665	-0.636	-0.955	-0.960	-0.964	-1.098	-0.903	-0.353	-0.355	-1.089	-0.536	-0.516	-1.095	-0.521	-1.124	-0.757	-0.561	-0.562	-0.572	-0.554	-0.801	-0.807	-0.556	-0.546	-0.559	-1.109	-1.103	-0.564	-1.099	-1.103	-0.624	-0.582	-0.849	-1.097	-0.827	-1.098	-0.815	-1.098	-0.864	-0.803	-0.601	-0.823	-0.846	-0.616	-0.852	-0.837	-0.836	-0.610	-0.826	-1.097	-0.629	-0.862	-0.826	-1.098	-0.952	-0.853	-0.881	-0.942	-0.679	-0.797	-0.831	-0.956	-1.100	-0.831	-0.831	-0.618	-0.956	-0.841	-0.618	-0.953	-0.610	-0.618	-0.953	-0.618	-0.934	-0.618	-1.050	-1.010	-0.948	-0.948	-1.050	-0.950	-0.950	-0.819	-1.097	-0.817	-1.049	-0.963	-0.621	-0.822	-0.918	-0.621	-1.094	-0.822	-1.113	-1.113	-0.919	-1.095	-0.969	-0.596	-0.812	-1.095	-1.119	-1.113	-0.998	-0.911	-1.095	-1.095	
rs7319518      -0.936	-0.936	-0.933	-0.785	-0.785	-0.976	-0.786	-0.974	-0.974	-0.924	-0.785	-0.785	-0.785	-0.976	-0.975	-0.794	-0.649	-0.785	-0.785	-0.759	-0.594	-0.784	-0.978	-0.981	-0.759	-0.784	-0.786	-0.799	-0.783	-0.990	-0.784	-0.936	-0.790	-0.785	-0.759	-0.778	-0.782	-0.925	-0.953	-0.908	-0.896	-0.908	-0.999	-0.776	-0.789	-0.909	-0.756	-0.929	-0.925	-1.066	-0.859	-0.769	-0.802	-0.799	-0.791	-0.770	-0.750	-0.741	-1.064	-0.750	-1.062	-0.772	-1.066	-1.030	-0.845	-0.850	-0.853	-0.940	-0.947	-0.938	-0.963	-0.990	-0.818	-0.664	-0.665	-0.636	-0.955	-0.960	-0.964	-1.098	-0.904	-0.353	-0.355	-1.089	-0.536	-0.516	-1.095	-0.521	-1.124	-0.758	-0.561	-0.562	-0.572	-0.554	-0.801	-0.808	-0.556	-0.546	-0.559	-1.109	-1.103	-0.564	-1.099	-1.103	-0.624	-0.582	-0.850	-1.097	-0.827	-1.098	-0.816	-1.098	-0.865	-0.803	-0.601	-0.823	-0.846	-0.616	-0.853	-0.837	-0.836	-0.610	-0.827	-1.097	-0.629	-0.862	-0.826	-1.099	-0.952	-0.853	-0.882	-0.942	-0.679	-0.798	-0.831	-0.956	-1.100	-0.831	-0.831	-0.618	-0.956	-0.841	-0.618	-0.953	-0.610	-0.618	-0.953	-0.618	-0.934	-0.618	-1.050	-1.010	-0.949	-0.949	-1.050	-0.950	-0.950	-0.819	-1.097	-0.817	-1.049	-0.963	-0.621	-0.822	-0.918	-0.621	-1.094	-0.822	-1.113	-1.113	-0.920	-1.095	-0.969	-0.596	-0.812	-1.095	-1.119	-1.113	-0.998	-0.911	-1.095	-1.095	
rs7319938      -0.936	-0.936	-0.933	-0.786	-0.786	-0.976	-0.786	-0.974	-0.974	-0.924	-0.785	-0.785	-0.785	-0.976	-0.975	-0.794	-0.785	-0.649	-0.785	-0.759	-0.595	-0.784	-0.978	-0.981	-0.759	-0.784	-0.786	-0.799	-0.782	-0.990	-0.784	-0.936	-0.790	-0.785	-0.759	-0.778	-0.782	-0.925	-0.953	-0.908	-0.896	-0.908	-0.999	-0.776	-0.789	-0.909	-0.756	-0.929	-0.925	-1.066	-0.859	-0.769	-0.802	-0.800	-0.791	-0.770	-0.750	-0.741	-1.064	-0.750	-1.062	-0.772	-1.066	-1.030	-0.845	-0.851	-0.853	-0.940	-0.947	-0.938	-0.963	-0.990	-0.818	-0.664	-0.665	-0.636	-0.955	-0.960	-0.964	-1.098	-0.904	-0.353	-0.355	-1.089	-0.536	-0.516	-1.095	-0.521	-1.124	-0.758	-0.561	-0.562	-0.572	-0.554	-0.802	-0.808	-0.556	-0.546	-0.559	-1.109	-1.103	-0.564	-1.099	-1.103	-0.624	-0.582	-0.850	-1.097	-0.827	-1.098	-0.816	-1.098	-0.865	-0.803	-0.601	-0.823	-0.846	-0.616	-0.853	-0.837	-0.836	-0.610	-0.827	-1.097	-0.629	-0.863	-0.826	-1.099	-0.952	-0.853	-0.882	-0.942	-0.679	-0.798	-0.831	-0.956	-1.100	-0.831	-0.831	-0.618	-0.956	-0.841	-0.618	-0.953	-0.610	-0.618	-0.953	-0.618	-0.934	-0.618	-1.050	-1.010	-0.949	-0.949	-1.050	-0.950	-0.950	-0.819	-1.097	-0.817	-1.049	-0.963	-0.621	-0.822	-0.918	-0.621	-1.094	-0.822	-1.113	-1.113	-0.920	-1.095	-0.969	-0.596	-0.812	-1.095	-1.119	-1.113	-0.998	-0.911	-1.095	-1.095	
rs7320410      -0.936	-0.936	-0.933	-0.785	-0.785	-0.975	-0.786	-0.974	-0.974	-0.924	-0.785	-0.786	-0.785	-0.975	-0.975	-0.795	-0.785	-0.785	-0.649	-0.758	-0.594	-0.784	-0.978	-0.981	-0.758	-0.784	-0.786	-0.799	-0.783	-0.990	-0.782	-0.936	-0.789	-0.785	-0.759	-0.778	-0.783	-0.925	-0.953	-0.907	-0.896	-0.908	-0.999	-0.775	-0.788	-0.908	-0.756	-0.929	-0.925	-1.065	-0.859	-0.768	-0.802	-0.799	-0.790	-0.769	-0.750	-0.741	-1.064	-0.750	-1.062	-0.771	-1.066	-1.030	-0.845	-0.850	-0.853	-0.939	-0.947	-0.938	-0.963	-0.990	-0.817	-0.664	-0.664	-0.636	-0.955	-0.960	-0.963	-1.098	-0.903	-0.353	-0.355	-1.089	-0.536	-0.515	-1.095	-0.521	-1.124	-0.757	-0.561	-0.562	-0.572	-0.554	-0.801	-0.808	-0.556	-0.546	-0.559	-1.109	-1.103	-0.564	-1.099	-1.103	-0.624	-0.582	-0.850	-1.097	-0.827	-1.098	-0.815	-1.098	-0.864	-0.803	-0.601	-0.823	-0.846	-0.616	-0.853	-0.837	-0.836	-0.610	-0.826	-1.097	-0.629	-0.862	-0.826	-1.099	-0.952	-0.853	-0.882	-0.942	-0.679	-0.797	-0.831	-0.956	-1.100	-0.831	-0.831	-0.617	-0.956	-0.841	-0.618	-0.953	-0.610	-0.618	-0.953	-0.618	-0.934	-0.618	-1.049	-1.010	-0.948	-0.949	-1.050	-0.950	-0.950	-0.819	-1.097	-0.817	-1.048	-0.963	-0.621	-0.822	-0.918	-0.621	-1.094	-0.822	-1.113	-1.113	-0.919	-1.095	-0.969	-0.596	-0.812	-1.095	-1.119	-1.113	-0.998	-0.911	-1.095	-1.095	
rs189852728    -0.587	-0.587	-0.583	-0.759	-0.758	-0.633	-0.759	-0.632	-0.632	-0.575	-0.759	-0.758	-0.758	-0.633	-0.632	-0.758	-0.759	-0.759	-0.758	-0.240	-0.521	-0.757	-0.635	-0.639	-0.328	-0.756	-0.757	-0.754	-0.756	-0.647	-0.769	-0.585	-0.760	-0.756	-0.329	-0.752	-0.752	-0.575	-0.600	-0.763	-0.764	-0.762	-0.656	-0.354	-0.359	-0.765	-0.345	-0.754	-0.737	-0.768	-0.500	-0.410	-0.445	-0.442	-0.433	-0.412	-0.393	-0.384	-0.730	-0.392	-0.723	-0.413	-0.731	-0.659	-0.481	-0.486	-0.489	-0.570	-0.578	-0.569	-0.594	-0.625	-0.456	-0.292	-0.293	-0.264	-0.583	-0.588	-0.592	-0.734	-0.593	+0.028	+0.026	-0.726	-0.162	-0.141	-0.731	-0.147	-0.761	-0.368	-0.188	-0.189	-0.199	-0.181	-0.412	-0.418	-0.183	-0.173	-0.186	-0.744	-0.738	-0.191	-0.734	-0.737	-0.252	-0.209	-0.485	-0.732	-0.438	-0.732	-0.427	-0.732	-0.554	-0.418	-0.229	-0.434	-0.458	-0.244	-0.488	-0.449	-0.448	-0.238	-0.438	-0.731	-0.258	-0.498	-0.437	-0.733	-0.583	-0.488	-0.517	-0.573	-0.308	-0.418	-0.442	-0.587	-0.735	-0.442	-0.442	-0.246	-0.587	-0.453	-0.246	-0.584	-0.238	-0.246	-0.584	-0.247	-0.562	-0.246	-0.686	-0.642	-0.579	-0.579	-0.686	-0.581	-0.581	-0.430	-0.732	-0.428	-0.685	-0.593	-0.250	-0.433	-0.554	-0.250	-0.733	-0.433	-0.748	-0.748	-0.555	-0.734	-0.605	-0.224	-0.423	-0.733	-0.755	-0.748	-0.629	-0.537	-0.734	-0.734	
rs9593575      -0.667	-0.667	-0.664	-0.601	-0.595	-0.674	-0.599	-0.674	-0.675	-0.659	-0.597	-0.593	-0.591	-0.674	-0.674	-0.593	-0.594	-0.595	-0.594	-0.521	-0.320	-0.587	-0.673	-0.672	-0.521	-0.585	-0.589	-0.582	-0.582	-0.667	-0.655	-0.665	-0.604	-0.586	-0.521	-0.570	-0.572	-0.659	-0.669	-0.658	-0.680	-0.659	-0.663	-0.531	-0.540	-0.681	-0.518	-0.627	-0.574	-0.483	-0.673	-0.622	-0.645	-0.644	-0.639	-0.627	-0.616	-0.610	-0.671	-0.614	-0.687	-0.626	-0.675	-0.757	-0.650	-0.652	-0.654	-0.627	-0.623	-0.618	-0.622	-0.681	-0.545	-0.372	-0.374	-0.347	-0.652	-0.654	-0.656	-0.813	-0.688	-0.105	-0.107	-0.808	-0.279	-0.260	-0.812	-0.265	-0.810	-0.494	-0.302	-0.303	-0.312	-0.295	-0.527	-0.533	-0.297	-0.288	-0.300	-0.819	-0.816	-0.305	-0.813	-0.815	-0.359	-0.321	-0.637	-0.812	-0.551	-0.812	-0.540	-0.812	-0.650	-0.582	-0.339	-0.547	-0.568	-0.352	-0.639	-0.560	-0.559	-0.347	-0.550	-0.812	-0.364	-0.647	-0.550	-0.813	-0.678	-0.639	-0.662	-0.669	-0.408	-0.526	-0.554	-0.682	-0.814	-0.554	-0.554	-0.353	-0.682	-0.564	-0.353	-0.679	-0.346	-0.353	-0.679	-0.354	-0.679	-0.353	-0.734	-0.745	-0.694	-0.694	-0.735	-0.695	-0.695	-0.543	-0.811	-0.542	-0.732	-0.705	-0.357	-0.546	-0.691	-0.357	-0.781	-0.546	-0.822	-0.822	-0.692	-0.779	-0.729	-0.332	-0.537	-0.780	-0.825	-0.822	-0.698	-0.597	-0.782	-0.781	
rs9531232      -0.936	-0.936	-0.933	-0.783	-0.785	-0.973	-0.785	-0.972	-0.971	-0.925	-0.784	-0.786	-0.786	-0.973	-0.972	-0.795	-0.784	-0.784	-0.784	-0.757	-0.587	-0.648	-0.976	-0.979	-0.757	-0.785	-0.786	-0.801	-0.785	-0.988	-0.773	-0.936	-0.786	-0.786	-0.757	-0.783	-0.787	-0.925	-0.953	-0.905	-0.892	-0.906	-0.997	-0.774	-0.787	-0.905	-0.755	-0.929	-0.927	-1.065	-0.856	-0.765	-0.799	-0.796	-0.788	-0.766	-0.747	-0.738	-1.064	-0.747	-1.061	-0.769	-1.066	-1.028	-0.843	-0.848	-0.851	-0.939	-0.946	-0.937	-0.962	-0.990	-0.817	-0.663	-0.664	-0.635	-0.954	-0.959	-0.963	-1.097	-0.901	-0.352	-0.355	-1.088	-0.535	-0.515	-1.093	-0.520	-1.124	-0.756	-0.560	-0.562	-0.571	-0.553	-0.800	-0.807	-0.555	-0.546	-0.559	-1.108	-1.102	-0.564	-1.098	-1.101	-0.623	-0.581	-0.848	-1.096	-0.826	-1.097	-0.815	-1.097	-0.862	-0.801	-0.601	-0.822	-0.845	-0.615	-0.851	-0.836	-0.835	-0.609	-0.825	-1.096	-0.629	-0.860	-0.825	-1.097	-0.951	-0.851	-0.880	-0.941	-0.678	-0.796	-0.830	-0.955	-1.099	-0.830	-0.830	-0.617	-0.955	-0.840	-0.617	-0.952	-0.609	-0.617	-0.952	-0.618	-0.932	-0.617	-1.049	-1.009	-0.947	-0.947	-1.049	-0.949	-0.949	-0.818	-1.096	-0.816	-1.048	-0.961	-0.621	-0.821	-0.916	-0.621	-1.093	-0.821	-1.112	-1.112	-0.918	-1.095	-0.968	-0.595	-0.811	-1.094	-1.118	-1.112	-0.997	-0.911	-1.094	-1.095	
rs17293024     -0.849	-0.849	-0.846	-0.980	-0.978	-0.671	-0.979	-0.669	-0.671	-0.839	-0.979	-0.978	-0.977	-0.670	-0.661	-0.978	-0.978	-0.978	-0.978	-0.635	-0.673	-0.976	-0.535	-0.673	-0.635	-0.975	-0.976	-0.973	-0.974	-0.668	-0.996	-0.848	-0.981	-0.975	-0.636	-0.970	-0.970	-0.839	-0.862	-0.991	-0.995	-0.991	-0.683	-0.652	-0.666	-0.996	-0.631	-0.980	-0.957	-0.970	-0.744	-0.662	-0.688	-0.685	-0.676	-0.654	-0.634	-0.625	-0.856	-0.639	-0.882	-0.662	-0.860	-0.925	-0.752	-0.757	-0.759	-0.822	-0.822	-0.817	-0.828	-0.884	-0.717	-0.553	-0.554	-0.525	-0.849	-0.852	-0.854	-1.009	-0.847	-0.261	-0.263	-1.002	-0.442	-0.422	-1.006	-0.428	-1.015	-0.652	-0.467	-0.468	-0.477	-0.460	-0.692	-0.698	-0.462	-0.452	-0.465	-1.016	-1.012	-0.470	-1.009	-1.012	-0.528	-0.487	-0.793	-1.007	-0.717	-1.008	-0.706	-1.008	-0.805	-0.731	-0.506	-0.713	-0.736	-0.520	-0.795	-0.728	-0.727	-0.515	-0.717	-1.007	-0.534	-0.804	-0.716	-1.008	-0.859	-0.796	-0.822	-0.850	-0.582	-0.703	-0.721	-0.863	-1.010	-0.721	-0.721	-0.522	-0.863	-0.732	-0.522	-0.860	-0.515	-0.522	-0.860	-0.523	-0.855	-0.522	-0.939	-0.926	-0.869	-0.870	-0.939	-0.871	-0.871	-0.709	-1.007	-0.708	-0.937	-0.883	-0.526	-0.712	-0.854	-0.526	-0.982	-0.713	-1.020	-1.020	-0.856	-0.981	-0.900	-0.500	-0.703	-0.982	-1.024	-1.020	-0.896	-0.803	-0.983	-0.983	
rs7322750      -0.851	-0.852	-0.849	-0.983	-0.981	-0.664	-0.982	-0.662	-0.664	-0.841	-0.982	-0.980	-0.980	-0.663	-0.671	-0.981	-0.981	-0.981	-0.981	-0.639	-0.672	-0.979	-0.673	-0.538	-0.639	-0.978	-0.979	-0.975	-0.977	-0.680	-0.998	-0.851	-0.984	-0.978	-0.639	-0.972	-0.973	-0.842	-0.864	-0.993	-0.998	-0.993	-0.686	-0.655	-0.669	-0.998	-0.634	-0.982	-0.960	-0.973	-0.744	-0.661	-0.688	-0.685	-0.676	-0.654	-0.634	-0.624	-0.860	-0.639	-0.886	-0.662	-0.864	-0.927	-0.753	-0.758	-0.760	-0.825	-0.825	-0.820	-0.831	-0.886	-0.720	-0.556	-0.557	-0.528	-0.852	-0.855	-0.857	-1.011	-0.849	-0.263	-0.265	-1.005	-0.445	-0.425	-1.009	-0.430	-1.018	-0.655	-0.469	-0.471	-0.480	-0.462	-0.695	-0.701	-0.464	-0.455	-0.468	-1.019	-1.015	-0.473	-1.011	-1.014	-0.531	-0.490	-0.795	-1.010	-0.720	-1.011	-0.709	-1.011	-0.808	-0.733	-0.509	-0.716	-0.740	-0.523	-0.797	-0.731	-0.730	-0.517	-0.720	-1.010	-0.536	-0.806	-0.719	-1.011	-0.862	-0.798	-0.824	-0.853	-0.584	-0.706	-0.724	-0.866	-1.012	-0.724	-0.724	-0.525	-0.866	-0.735	-0.525	-0.863	-0.517	-0.525	-0.863	-0.526	-0.857	-0.525	-0.942	-0.929	-0.872	-0.872	-0.942	-0.873	-0.873	-0.712	-1.009	-0.711	-0.940	-0.885	-0.529	-0.715	-0.856	-0.529	-0.985	-0.716	-1.022	-1.022	-0.858	-0.984	-0.902	-0.503	-0.706	-0.985	-1.027	-1.022	-0.899	-0.806	-0.986	-0.986	
rs9545823      -0.587	-0.587	-0.583	-0.760	-0.759	-0.633	-0.759	-0.632	-0.632	-0.575	-0.759	-0.758	-0.758	-0.633	-0.632	-0.758	-0.759	-0.759	-0.758	-0.328	-0.521	-0.757	-0.635	-0.639	-0.240	-0.756	-0.757	-0.754	-0.756	-0.647	-0.769	-0.585	-0.760	-0.756	-0.328	-0.752	-0.753	-0.575	-0.600	-0.763	-0.764	-0.763	-0.656	-0.353	-0.359	-0.765	-0.345	-0.754	-0.737	-0.768	-0.500	-0.410	-0.445	-0.442	-0.433	-0.412	-0.393	-0.384	-0.730	-0.392	-0.723	-0.413	-0.731	-0.659	-0.481	-0.486	-0.489	-0.570	-0.579	-0.569	-0.594	-0.625	-0.456	-0.292	-0.293	-0.264	-0.583	-0.588	-0.592	-0.735	-0.593	+0.028	+0.026	-0.726	-0.162	-0.141	-0.731	-0.147	-0.761	-0.368	-0.188	-0.189	-0.199	-0.181	-0.412	-0.418	-0.183	-0.173	-0.186	-0.744	-0.738	-0.191	-0.734	-0.738	-0.252	-0.209	-0.485	-0.732	-0.438	-0.733	-0.427	-0.733	-0.554	-0.418	-0.229	-0.434	-0.459	-0.244	-0.488	-0.449	-0.448	-0.238	-0.438	-0.731	-0.258	-0.498	-0.437	-0.733	-0.583	-0.488	-0.517	-0.573	-0.308	-0.418	-0.442	-0.587	-0.735	-0.442	-0.442	-0.246	-0.588	-0.453	-0.246	-0.584	-0.238	-0.246	-0.584	-0.247	-0.562	-0.246	-0.686	-0.642	-0.579	-0.579	-0.686	-0.581	-0.581	-0.430	-0.732	-0.428	-0.685	-0.593	-0.250	-0.433	-0.554	-0.250	-0.733	-0.433	-0.748	-0.748	-0.555	-0.734	-0.605	-0.224	-0.423	-0.733	-0.755	-0.748	-0.629	-0.537	-0.734	-0.734	
rs7330017      -0.936	-0.936	-0.933	-0.783	-0.784	-0.973	-0.784	-0.971	-0.971	-0.924	-0.783	-0.785	-0.785	-0.972	-0.972	-0.795	-0.784	-0.784	-0.784	-0.756	-0.585	-0.785	-0.975	-0.978	-0.756	-0.648	-0.784	-0.800	-0.784	-0.987	-0.769	-0.936	-0.783	-0.785	-0.757	-0.782	-0.785	-0.925	-0.953	-0.904	-0.891	-0.904	-0.996	-0.774	-0.787	-0.904	-0.754	-0.927	-0.926	-1.064	-0.855	-0.765	-0.798	-0.796	-0.787	-0.766	-0.746	-0.737	-1.064	-0.746	-1.061	-0.768	-1.066	-1.028	-0.842	-0.847	-0.850	-0.938	-0.946	-0.937	-0.962	-0.989	-0.817	-0.663	-0.664	-0.635	-0.954	-0.959	-0.962	-1.096	-0.900	-0.352	-0.354	-1.088	-0.535	-0.515	-1.093	-0.520	-1.123	-0.756	-0.560	-0.561	-0.571	-0.553	-0.800	-0.806	-0.555	-0.545	-0.559	-1.107	-1.102	-0.563	-1.097	-1.101	-0.623	-0.581	-0.847	-1.096	-0.825	-1.096	-0.814	-1.096	-0.861	-0.801	-0.601	-0.821	-0.845	-0.615	-0.850	-0.836	-0.835	-0.609	-0.825	-1.095	-0.628	-0.860	-0.824	-1.097	-0.950	-0.850	-0.879	-0.940	-0.678	-0.796	-0.829	-0.954	-1.099	-0.829	-0.829	-0.617	-0.954	-0.840	-0.617	-0.951	-0.609	-0.617	-0.951	-0.617	-0.932	-0.617	-1.049	-1.008	-0.947	-0.947	-1.049	-0.948	-0.948	-0.817	-1.096	-0.816	-1.048	-0.961	-0.620	-0.820	-0.916	-0.620	-1.093	-0.821	-1.112	-1.111	-0.917	-1.094	-0.967	-0.595	-0.811	-1.094	-1.118	-1.112	-0.997	-0.910	-1.094	-1.094	
rs7329698      -0.936	-0.936	-0.933	-0.785	-0.786	-0.974	-0.785	-0.972	-0.972	-0.924	-0.786	-0.787	-0.786	-0.974	-0.973	-0.796	-0.786	-0.786	-0.786	-0.757	-0.589	-0.786	-0.976	-0.979	-0.757	-0.784	-0.648	-0.799	-0.784	-0.988	-0.775	-0.936	-0.785	-0.784	-0.758	-0.780	-0.784	-0.925	-0.953	-0.905	-0.893	-0.906	-0.998	-0.774	-0.787	-0.906	-0.755	-0.928	-0.926	-1.065	-0.857	-0.766	-0.800	-0.797	-0.788	-0.767	-0.748	-0.739	-1.064	-0.748	-1.061	-0.769	-1.066	-1.029	-0.843	-0.849	-0.851	-0.939	-0.947	-0.938	-0.962	-0.990	-0.817	-0.663	-0.664	-0.635	-0.954	-0.959	-0.963	-1.097	-0.902	-0.352	-0.355	-1.088	-0.536	-0.515	-1.094	-0.520	-1.124	-0.757	-0.560	-0.562	-0.571	-0.554	-0.801	-0.807	-0.555	-0.546	-0.559	-1.108	-1.102	-0.564	-1.098	-1.102	-0.624	-0.581	-0.848	-1.096	-0.826	-1.097	-0.815	-1.097	-0.863	-0.802	-0.601	-0.822	-0.845	-0.615	-0.851	-0.836	-0.835	-0.610	-0.826	-1.096	-0.629	-0.861	-0.825	-1.098	-0.951	-0.851	-0.880	-0.941	-0.678	-0.796	-0.830	-0.955	-1.099	-0.830	-0.830	-0.617	-0.955	-0.840	-0.617	-0.952	-0.610	-0.617	-0.952	-0.618	-0.933	-0.617	-1.049	-1.009	-0.947	-0.948	-1.049	-0.949	-0.949	-0.818	-1.096	-0.816	-1.048	-0.962	-0.621	-0.821	-0.917	-0.621	-1.094	-0.821	-1.112	-1.112	-0.918	-1.095	-0.968	-0.595	-0.811	-1.094	-1.118	-1.112	-0.997	-0.911	-1.095	-1.095	
rs1602205      -0.935	-0.935	-0.932	-0.798	-0.800	-0.970	-0.798	-0.968	-0.968	-0.923	-0.799	-0.800	-0.801	-0.970	-0.969	-0.807	-0.799	-0.799	-0.799	-0.754	-0.582	-0.801	-0.973	-0.975	-0.754	-0.800	-0.799	-0.646	-0.800	-0.985	-0.777	-0.935	-0.797	-0.800	-0.755	-0.799	-0.801	-0.924	-0.952	-0.905	-0.892	-0.906	-0.994	-0.772	-0.785	-0.904	-0.752	-0.929	-0.929	-1.063	-0.853	-0.762	-0.796	-0.793	-0.784	-0.763	-0.743	-0.734	-1.064	-0.743	-1.059	-0.765	-1.066	-1.026	-0.840	-0.845	-0.847	-0.937	-0.944	-0.935	-0.960	-0.988	-0.815	-0.662	-0.663	-0.634	-0.952	-0.957	-0.961	-1.094	-0.898	-0.351	-0.353	-1.086	-0.534	-0.513	-1.091	-0.519	-1.121	-0.754	-0.559	-0.560	-0.570	-0.552	-0.798	-0.805	-0.554	-0.544	-0.557	-1.105	-1.100	-0.562	-1.095	-1.099	-0.622	-0.580	-0.845	-1.094	-0.824	-1.094	-0.813	-1.094	-0.859	-0.799	-0.599	-0.820	-0.843	-0.613	-0.848	-0.834	-0.833	-0.608	-0.823	-1.093	-0.627	-0.858	-0.823	-1.095	-0.948	-0.848	-0.877	-0.939	-0.677	-0.794	-0.828	-0.953	-1.097	-0.828	-0.828	-0.615	-0.953	-0.838	-0.615	-0.949	-0.608	-0.615	-0.949	-0.616	-0.930	-0.615	-1.047	-1.006	-0.945	-0.945	-1.047	-0.946	-0.946	-0.816	-1.094	-0.814	-1.046	-0.959	-0.619	-0.819	-0.914	-0.619	-1.091	-0.819	-1.110	-1.110	-0.915	-1.093	-0.965	-0.594	-0.809	-1.092	-1.116	-1.110	-0.995	-0.909	-1.093	-1.093	
rs6563247      -0.936	-0.936	-0.933	-0.781	-0.783	-0.971	-0.782	-0.970	-0.970	-0.924	-0.782	-0.784	-0.784	-0.971	-0.971	-0.794	-0.783	-0.782	-0.783	-0.756	-0.582	-0.785	-0.974	-0.977	-0.756	-0.784	-0.784	-0.800	-0.648	-0.986	-0.764	-0.936	-0.781	-0.784	-0.756	-0.782	-0.785	-0.925	-0.953	-0.902	-0.889	-0.903	-0.995	-0.773	-0.786	-0.902	-0.753	-0.927	-0.926	-1.063	-0.854	-0.763	-0.797	-0.794	-0.786	-0.764	-0.744	-0.736	-1.064	-0.745	-1.060	-0.766	-1.066	-1.027	-0.841	-0.846	-0.849	-0.938	-0.946	-0.937	-0.961	-0.989	-0.816	-0.663	-0.664	-0.635	-0.953	-0.958	-0.962	-1.095	-0.899	-0.352	-0.354	-1.087	-0.535	-0.514	-1.092	-0.520	-1.123	-0.755	-0.560	-0.561	-0.570	-0.553	-0.800	-0.806	-0.555	-0.545	-0.558	-1.107	-1.101	-0.563	-1.097	-1.100	-0.623	-0.581	-0.846	-1.095	-0.825	-1.096	-0.814	-1.096	-0.860	-0.800	-0.600	-0.821	-0.844	-0.614	-0.849	-0.835	-0.834	-0.609	-0.825	-1.095	-0.628	-0.859	-0.824	-1.096	-0.949	-0.849	-0.878	-0.940	-0.677	-0.795	-0.829	-0.954	-1.098	-0.829	-0.829	-0.616	-0.954	-0.839	-0.616	-0.950	-0.609	-0.616	-0.950	-0.617	-0.931	-0.616	-1.048	-1.007	-0.946	-0.946	-1.048	-0.947	-0.947	-0.817	-1.095	-0.815	-1.047	-0.960	-0.620	-0.820	-0.915	-0.620	-1.093	-0.820	-1.111	-1.111	-0.916	-1.094	-0.966	-0.594	-0.810	-1.093	-1.117	-1.111	-0.996	-0.910	-1.094	-1.094	
rs1387750      -0.857	-0.857	-0.854	-0.992	-0.990	-0.675	-0.991	-0.672	-0.673	-0.847	-0.991	-0.989	-0.989	-0.674	-0.664	-0.990	-0.990	-0.990	-0.990	-0.647	-0.667	-0.988	-0.668	-0.680	-0.647	-0.987	-0.988	-0.985	-0.986	-0.545	-1.006	-0.856	-0.993	-0.987	-0.647	-0.982	-0.982	-0.847	-0.870	-1.001	-1.005	-1.002	-0.698	-0.663	-0.677	-1.006	-0.643	-0.991	-0.969	-0.982	-0.742	-0.656	-0.682	-0.680	-0.670	-0.647	-0.626	-0.617	-0.872	-0.632	-0.893	-0.657	-0.876	-0.932	-0.752	-0.757	-0.760	-0.831	-0.832	-0.826	-0.838	-0.893	-0.726	-0.562	-0.564	-0.535	-0.858	-0.861	-0.863	-1.017	-0.855	-0.268	-0.271	-1.011	-0.451	-0.430	-1.015	-0.436	-1.025	-0.661	-0.475	-0.476	-0.485	-0.468	-0.702	-0.708	-0.470	-0.460	-0.473	-1.025	-1.021	-0.478	-1.017	-1.020	-0.536	-0.495	-0.799	-1.016	-0.727	-1.017	-0.716	-1.017	-0.813	-0.738	-0.514	-0.723	-0.746	-0.528	-0.802	-0.737	-0.736	-0.523	-0.727	-1.016	-0.542	-0.810	-0.726	-1.017	-0.868	-0.802	-0.828	-0.859	-0.590	-0.712	-0.731	-0.872	-1.018	-0.731	-0.731	-0.530	-0.872	-0.741	-0.530	-0.869	-0.523	-0.530	-0.869	-0.531	-0.863	-0.530	-0.948	-0.934	-0.877	-0.877	-0.949	-0.879	-0.879	-0.719	-1.015	-0.717	-0.946	-0.891	-0.534	-0.722	-0.861	-0.534	-0.992	-0.722	-1.028	-1.028	-0.862	-0.991	-0.907	-0.508	-0.712	-0.992	-1.033	-1.029	-0.905	-0.812	-0.993	-0.993	
