## Summary of overall evidence for association with region:
## log10(BF for region) = -0.479279
## p-value for region = NA

## BFs for choosing among multi-SNP models:
## log10(average 1-SNP BF) = -0.413581
## log10(average 2-SNP BF) = -0.651027

## Example posterior probabilities for multi-SNP models, based on default prior: [p(l) propto 0.5^l for l=1,2,...,L]
## posterior probability of 1-SNP = 0.775544
## posterior probability of 2-SNP = 0.224456

## log10(BF) for single SNP and pair of SNPs:
rs7261819      -0.386	-0.512	-0.496	-0.752	-0.767	-0.761	-0.753	-0.761	-0.762	-0.610	-0.760	-0.789	-0.615	-0.756	-0.533	-0.772	-0.763	-0.471	-0.762	-0.760	-0.457	-0.431	-0.457	-0.457	-0.762	-0.617	-0.790	-0.784	-0.784	-0.786	-0.617	-0.776	-0.784	-0.612	-0.759	-0.785	-0.785	-0.611	-0.786	-0.762	-0.648	-0.752	-0.679	-0.688	-0.790	-0.764	-0.770	-0.561	-0.759	-0.769	-0.782	-0.607	-0.702	-0.697	-0.702	-0.758	-0.515	-0.607	-0.464	-0.607	-0.542	-0.606	-0.540	-0.607	-0.605	-0.593	-0.493	-0.791	-0.607	-0.514	-0.608	-0.521	-0.605	-0.606	-0.605	-0.606	-0.792	-0.520	-0.791	-0.791	-0.792	-0.540	-0.540	-0.791	-0.790	-0.607	-0.593	-0.533	-0.537	-0.791	-0.606	-0.549	-0.591	-0.611	-0.636	-0.555	-0.552	-0.793	-0.552	-0.537	-0.530	-0.537	-0.608	-0.609	-0.538	-0.787	-0.609	-0.537	-0.536	-0.536	-0.515	-0.610	-0.794	-0.610	-0.536	-0.610	-0.787	-0.794	-0.610	-0.609	-0.794	-0.515	-0.794	-0.535	-0.692	-0.595	-0.616	-0.585	-0.771	-0.771	-0.490	-0.793	-0.789	-0.635	-0.489	-0.592	-0.592	-0.533	
rs4578929      -0.512	-0.340	-0.520	-0.596	-0.634	-0.646	-0.659	-0.658	-0.661	-0.550	-0.643	-0.647	-0.541	-0.635	-0.543	-0.658	-0.648	-0.581	-0.647	-0.650	-0.585	-0.592	-0.585	-0.585	-0.652	-0.544	-0.669	-0.623	-0.624	-0.633	-0.544	-0.606	-0.624	-0.546	-0.654	-0.628	-0.628	-0.546	-0.636	-0.652	-0.567	-0.448	-0.660	-0.516	-0.648	-0.649	-0.670	-0.609	-0.644	-0.668	-0.647	-0.640	-0.490	-0.506	-0.490	-0.661	-0.420	-0.515	-0.585	-0.515	-0.632	-0.515	-0.443	-0.516	-0.514	-0.521	-0.484	-0.666	-0.515	-0.610	-0.516	-0.584	-0.513	-0.514	-0.513	-0.515	-0.664	-0.584	-0.671	-0.666	-0.664	-0.624	-0.624	-0.671	-0.645	-0.515	-0.499	-0.620	-0.622	-0.671	-0.514	-0.631	-0.497	-0.519	-0.655	-0.635	-0.468	-0.674	-0.606	-0.623	-0.563	-0.623	-0.516	-0.517	-0.623	-0.665	-0.518	-0.623	-0.622	-0.622	-0.572	-0.519	-0.674	-0.518	-0.622	-0.519	-0.665	-0.674	-0.519	-0.517	-0.668	-0.572	-0.674	-0.622	-0.659	-0.503	-0.525	-0.642	-0.653	-0.653	-0.586	-0.671	-0.683	-0.658	-0.586	-0.498	-0.498	-0.621	
rs8125528      -0.496	-0.520	-0.389	-0.756	-0.770	-0.764	-0.756	-0.765	-0.765	-0.617	-0.763	-0.792	-0.622	-0.759	-0.541	-0.775	-0.766	-0.488	-0.765	-0.763	-0.477	-0.454	-0.477	-0.477	-0.765	-0.625	-0.793	-0.787	-0.787	-0.789	-0.625	-0.780	-0.788	-0.619	-0.762	-0.788	-0.788	-0.619	-0.790	-0.765	-0.655	-0.758	-0.681	-0.694	-0.793	-0.767	-0.774	-0.568	-0.762	-0.773	-0.785	-0.610	-0.708	-0.703	-0.708	-0.761	-0.518	-0.610	-0.483	-0.609	-0.549	-0.609	-0.542	-0.610	-0.608	-0.596	-0.490	-0.794	-0.610	-0.522	-0.611	-0.523	-0.608	-0.609	-0.608	-0.609	-0.795	-0.522	-0.794	-0.794	-0.795	-0.547	-0.547	-0.794	-0.794	-0.609	-0.596	-0.541	-0.544	-0.795	-0.609	-0.556	-0.593	-0.614	-0.643	-0.562	-0.555	-0.796	-0.554	-0.545	-0.538	-0.545	-0.610	-0.612	-0.545	-0.790	-0.612	-0.544	-0.543	-0.543	-0.527	-0.613	-0.797	-0.613	-0.543	-0.613	-0.790	-0.797	-0.613	-0.612	-0.798	-0.527	-0.797	-0.543	-0.695	-0.598	-0.619	-0.592	-0.774	-0.774	-0.506	-0.796	-0.792	-0.638	-0.506	-0.595	-0.595	-0.540	
rs6119155      -0.752	-0.596	-0.756	-0.500	-0.636	-0.614	-0.565	-0.572	-0.556	-0.676	-0.620	-0.713	-0.679	-0.623	-0.594	-0.641	-0.599	-0.774	-0.607	-0.599	-0.775	-0.771	-0.775	-0.775	-0.592	-0.686	-0.705	-0.718	-0.718	-0.718	-0.686	-0.705	-0.718	-0.680	-0.573	-0.717	-0.717	-0.680	-0.716	-0.588	-0.716	-0.822	-0.627	-0.753	-0.720	-0.644	-0.606	-0.625	-0.660	-0.613	-0.701	-0.707	-0.770	-0.765	-0.770	-0.597	-0.618	-0.707	-0.776	-0.707	-0.619	-0.707	-0.640	-0.708	-0.706	-0.695	-0.739	-0.696	-0.708	-0.586	-0.708	-0.617	-0.705	-0.706	-0.706	-0.707	-0.699	-0.616	-0.692	-0.696	-0.699	-0.612	-0.612	-0.692	-0.717	-0.707	-0.693	-0.605	-0.609	-0.692	-0.706	-0.625	-0.691	-0.711	-0.714	-0.628	-0.653	-0.694	-0.648	-0.609	-0.781	-0.609	-0.708	-0.709	-0.610	-0.687	-0.709	-0.609	-0.608	-0.608	-0.785	-0.711	-0.696	-0.710	-0.608	-0.710	-0.687	-0.696	-0.710	-0.709	-0.703	-0.785	-0.696	-0.607	-0.792	-0.696	-0.716	-0.654	-0.705	-0.705	-0.785	-0.697	-0.674	-0.732	-0.785	-0.693	-0.693	-0.605	
rs6119156      -0.767	-0.634	-0.770	-0.636	-0.514	-0.648	-0.618	-0.634	-0.613	-0.714	-0.656	-0.721	-0.717	-0.653	-0.635	-0.669	-0.645	-0.787	-0.649	-0.648	-0.788	-0.784	-0.788	-0.788	-0.635	-0.723	-0.726	-0.716	-0.716	-0.718	-0.723	-0.692	-0.716	-0.717	-0.632	-0.718	-0.718	-0.717	-0.721	-0.641	-0.750	-0.851	-0.671	-0.787	-0.732	-0.675	-0.654	-0.663	-0.685	-0.664	-0.714	-0.712	-0.802	-0.797	-0.802	-0.642	-0.626	-0.716	-0.789	-0.716	-0.655	-0.716	-0.648	-0.717	-0.715	-0.706	-0.754	-0.718	-0.717	-0.624	-0.718	-0.621	-0.714	-0.716	-0.715	-0.716	-0.719	-0.620	-0.714	-0.718	-0.719	-0.649	-0.649	-0.714	-0.720	-0.716	-0.702	-0.643	-0.647	-0.714	-0.716	-0.661	-0.700	-0.720	-0.748	-0.665	-0.664	-0.719	-0.652	-0.647	-0.794	-0.647	-0.717	-0.718	-0.647	-0.709	-0.719	-0.646	-0.646	-0.646	-0.798	-0.720	-0.718	-0.719	-0.645	-0.719	-0.709	-0.718	-0.720	-0.718	-0.723	-0.798	-0.718	-0.645	-0.802	-0.705	-0.725	-0.691	-0.723	-0.723	-0.798	-0.718	-0.708	-0.738	-0.798	-0.702	-0.702	-0.643	
rs67909138     -0.761	-0.646	-0.764	-0.614	-0.648	-0.506	-0.642	-0.634	-0.642	-0.724	-0.644	-0.719	-0.727	-0.647	-0.648	-0.679	-0.648	-0.780	-0.650	-0.643	-0.781	-0.777	-0.781	-0.781	-0.650	-0.733	-0.731	-0.705	-0.705	-0.713	-0.733	-0.680	-0.705	-0.727	-0.645	-0.707	-0.707	-0.727	-0.712	-0.648	-0.759	-0.856	-0.683	-0.795	-0.731	-0.674	-0.670	-0.674	-0.674	-0.665	-0.702	-0.701	-0.810	-0.805	-0.810	-0.661	-0.615	-0.707	-0.782	-0.707	-0.665	-0.706	-0.638	-0.707	-0.705	-0.698	-0.748	-0.715	-0.707	-0.636	-0.708	-0.609	-0.705	-0.706	-0.705	-0.706	-0.716	-0.609	-0.717	-0.715	-0.716	-0.661	-0.661	-0.717	-0.712	-0.707	-0.692	-0.655	-0.658	-0.717	-0.706	-0.670	-0.690	-0.711	-0.756	-0.676	-0.655	-0.717	-0.641	-0.658	-0.788	-0.658	-0.707	-0.709	-0.659	-0.699	-0.709	-0.658	-0.657	-0.657	-0.792	-0.710	-0.720	-0.710	-0.657	-0.710	-0.699	-0.720	-0.710	-0.709	-0.719	-0.792	-0.720	-0.656	-0.793	-0.695	-0.716	-0.702	-0.724	-0.724	-0.792	-0.719	-0.715	-0.728	-0.792	-0.692	-0.692	-0.654	
rs6119158      -0.753	-0.659	-0.756	-0.565	-0.618	-0.642	-0.496	-0.646	-0.640	-0.736	-0.638	-0.697	-0.738	-0.627	-0.662	-0.671	-0.634	-0.771	-0.637	-0.646	-0.772	-0.767	-0.772	-0.772	-0.637	-0.744	-0.721	-0.676	-0.676	-0.685	-0.744	-0.639	-0.676	-0.738	-0.644	-0.681	-0.681	-0.738	-0.689	-0.642	-0.768	-0.860	-0.702	-0.802	-0.714	-0.662	-0.667	-0.685	-0.662	-0.671	-0.688	-0.685	-0.816	-0.812	-0.816	-0.658	-0.601	-0.694	-0.773	-0.694	-0.676	-0.694	-0.624	-0.695	-0.693	-0.687	-0.740	-0.704	-0.694	-0.647	-0.695	-0.592	-0.692	-0.693	-0.692	-0.694	-0.703	-0.591	-0.705	-0.704	-0.703	-0.671	-0.672	-0.705	-0.685	-0.694	-0.680	-0.666	-0.669	-0.705	-0.693	-0.680	-0.677	-0.698	-0.763	-0.686	-0.643	-0.709	-0.624	-0.669	-0.780	-0.669	-0.695	-0.696	-0.670	-0.690	-0.696	-0.669	-0.668	-0.668	-0.783	-0.698	-0.708	-0.697	-0.668	-0.697	-0.690	-0.708	-0.697	-0.696	-0.705	-0.783	-0.708	-0.667	-0.781	-0.682	-0.703	-0.712	-0.713	-0.713	-0.783	-0.704	-0.708	-0.712	-0.783	-0.679	-0.679	-0.665	
rs146559528    -0.761	-0.658	-0.765	-0.572	-0.634	-0.634	-0.646	-0.506	-0.641	-0.736	-0.626	-0.710	-0.739	-0.628	-0.661	-0.678	-0.634	-0.780	-0.637	-0.633	-0.781	-0.776	-0.781	-0.781	-0.643	-0.744	-0.729	-0.689	-0.689	-0.700	-0.744	-0.659	-0.689	-0.739	-0.640	-0.693	-0.693	-0.738	-0.700	-0.640	-0.769	-0.863	-0.697	-0.804	-0.725	-0.665	-0.670	-0.685	-0.667	-0.664	-0.692	-0.697	-0.819	-0.814	-0.819	-0.662	-0.613	-0.705	-0.782	-0.705	-0.676	-0.704	-0.635	-0.705	-0.703	-0.697	-0.749	-0.711	-0.705	-0.648	-0.706	-0.605	-0.703	-0.704	-0.703	-0.704	-0.711	-0.604	-0.714	-0.711	-0.711	-0.672	-0.672	-0.714	-0.700	-0.705	-0.690	-0.666	-0.669	-0.714	-0.704	-0.681	-0.688	-0.709	-0.765	-0.686	-0.654	-0.714	-0.636	-0.670	-0.789	-0.670	-0.705	-0.707	-0.670	-0.692	-0.707	-0.669	-0.669	-0.669	-0.792	-0.709	-0.717	-0.708	-0.668	-0.708	-0.693	-0.717	-0.708	-0.707	-0.713	-0.792	-0.717	-0.668	-0.792	-0.693	-0.714	-0.713	-0.721	-0.721	-0.792	-0.714	-0.715	-0.724	-0.792	-0.690	-0.690	-0.665	
rs186462181    -0.762	-0.661	-0.765	-0.556	-0.613	-0.642	-0.640	-0.641	-0.507	-0.739	-0.635	-0.703	-0.742	-0.621	-0.664	-0.671	-0.628	-0.781	-0.632	-0.642	-0.782	-0.777	-0.782	-0.782	-0.631	-0.747	-0.726	-0.684	-0.684	-0.692	-0.747	-0.646	-0.684	-0.741	-0.638	-0.688	-0.688	-0.741	-0.696	-0.637	-0.772	-0.865	-0.702	-0.806	-0.720	-0.662	-0.665	-0.688	-0.670	-0.670	-0.694	-0.697	-0.821	-0.816	-0.821	-0.656	-0.613	-0.705	-0.783	-0.705	-0.680	-0.705	-0.635	-0.706	-0.703	-0.697	-0.750	-0.709	-0.705	-0.650	-0.706	-0.605	-0.703	-0.704	-0.703	-0.704	-0.708	-0.604	-0.710	-0.709	-0.708	-0.675	-0.675	-0.710	-0.692	-0.705	-0.691	-0.669	-0.672	-0.710	-0.704	-0.684	-0.688	-0.709	-0.767	-0.689	-0.654	-0.714	-0.636	-0.672	-0.789	-0.672	-0.706	-0.707	-0.673	-0.695	-0.707	-0.672	-0.671	-0.671	-0.793	-0.709	-0.713	-0.708	-0.671	-0.708	-0.695	-0.713	-0.708	-0.707	-0.711	-0.793	-0.713	-0.671	-0.792	-0.693	-0.714	-0.716	-0.718	-0.718	-0.792	-0.709	-0.712	-0.724	-0.793	-0.690	-0.690	-0.668	
rs2424784      -0.610	-0.550	-0.617	-0.676	-0.714	-0.724	-0.736	-0.736	-0.739	-0.424	-0.722	-0.725	-0.571	-0.714	-0.513	-0.737	-0.726	-0.670	-0.725	-0.729	-0.674	-0.678	-0.674	-0.674	-0.731	-0.573	-0.746	-0.702	-0.702	-0.711	-0.572	-0.688	-0.702	-0.570	-0.732	-0.706	-0.706	-0.570	-0.714	-0.731	-0.643	-0.574	-0.712	-0.609	-0.726	-0.725	-0.745	-0.640	-0.719	-0.743	-0.724	-0.704	-0.601	-0.600	-0.601	-0.736	-0.507	-0.601	-0.674	-0.601	-0.658	-0.601	-0.529	-0.602	-0.600	-0.608	-0.585	-0.742	-0.601	-0.628	-0.602	-0.641	-0.599	-0.600	-0.599	-0.600	-0.740	-0.640	-0.747	-0.742	-0.740	-0.650	-0.650	-0.747	-0.721	-0.601	-0.586	-0.644	-0.646	-0.747	-0.600	-0.665	-0.583	-0.605	-0.705	-0.665	-0.557	-0.750	-0.665	-0.648	-0.656	-0.648	-0.602	-0.603	-0.648	-0.740	-0.604	-0.647	-0.647	-0.647	-0.665	-0.605	-0.750	-0.604	-0.647	-0.604	-0.741	-0.750	-0.605	-0.603	-0.744	-0.665	-0.750	-0.646	-0.738	-0.590	-0.611	-0.676	-0.733	-0.733	-0.676	-0.747	-0.758	-0.724	-0.676	-0.585	-0.585	-0.644	
rs113012521    -0.760	-0.643	-0.763	-0.620	-0.656	-0.644	-0.638	-0.626	-0.635	-0.722	-0.506	-0.720	-0.725	-0.643	-0.645	-0.678	-0.642	-0.780	-0.645	-0.636	-0.781	-0.776	-0.781	-0.781	-0.644	-0.731	-0.731	-0.706	-0.706	-0.714	-0.731	-0.682	-0.706	-0.725	-0.637	-0.709	-0.709	-0.724	-0.713	-0.641	-0.757	-0.854	-0.680	-0.792	-0.731	-0.671	-0.665	-0.671	-0.674	-0.659	-0.703	-0.701	-0.807	-0.802	-0.807	-0.656	-0.615	-0.707	-0.781	-0.706	-0.662	-0.706	-0.638	-0.707	-0.705	-0.697	-0.747	-0.715	-0.707	-0.633	-0.708	-0.610	-0.705	-0.706	-0.705	-0.706	-0.716	-0.609	-0.717	-0.715	-0.716	-0.658	-0.658	-0.717	-0.713	-0.706	-0.692	-0.652	-0.655	-0.717	-0.706	-0.668	-0.690	-0.711	-0.753	-0.673	-0.655	-0.717	-0.641	-0.655	-0.788	-0.655	-0.707	-0.709	-0.656	-0.700	-0.709	-0.655	-0.654	-0.654	-0.791	-0.710	-0.720	-0.710	-0.654	-0.710	-0.700	-0.720	-0.710	-0.709	-0.719	-0.791	-0.720	-0.654	-0.793	-0.695	-0.716	-0.699	-0.723	-0.723	-0.791	-0.718	-0.712	-0.728	-0.791	-0.692	-0.692	-0.651	
rs56921848     -0.789	-0.647	-0.792	-0.713	-0.721	-0.719	-0.697	-0.710	-0.703	-0.725	-0.720	-0.538	-0.727	-0.718	-0.643	-0.702	-0.716	-0.809	-0.717	-0.715	-0.810	-0.806	-0.810	-0.810	-0.711	-0.733	-0.681	-0.656	-0.656	-0.661	-0.733	-0.664	-0.656	-0.727	-0.709	-0.661	-0.661	-0.726	-0.670	-0.713	-0.760	-0.863	-0.684	-0.797	-0.695	-0.713	-0.697	-0.668	-0.717	-0.703	-0.718	-0.734	-0.813	-0.808	-0.813	-0.696	-0.651	-0.741	-0.811	-0.741	-0.667	-0.741	-0.673	-0.741	-0.739	-0.730	-0.776	-0.689	-0.741	-0.627	-0.742	-0.643	-0.739	-0.740	-0.739	-0.740	-0.691	-0.642	-0.681	-0.689	-0.691	-0.653	-0.653	-0.680	-0.696	-0.741	-0.727	-0.647	-0.650	-0.680	-0.740	-0.667	-0.725	-0.745	-0.756	-0.670	-0.688	-0.690	-0.674	-0.651	-0.817	-0.651	-0.742	-0.743	-0.651	-0.715	-0.743	-0.650	-0.649	-0.649	-0.820	-0.744	-0.687	-0.744	-0.649	-0.744	-0.715	-0.687	-0.744	-0.743	-0.696	-0.820	-0.687	-0.649	-0.824	-0.729	-0.750	-0.696	-0.705	-0.705	-0.821	-0.691	-0.669	-0.760	-0.821	-0.726	-0.726	-0.646	
rs4010698      -0.615	-0.541	-0.622	-0.679	-0.717	-0.727	-0.738	-0.739	-0.742	-0.571	-0.725	-0.727	-0.428	-0.717	-0.512	-0.740	-0.729	-0.674	-0.728	-0.732	-0.678	-0.682	-0.678	-0.678	-0.734	-0.577	-0.749	-0.704	-0.704	-0.713	-0.575	-0.690	-0.704	-0.573	-0.735	-0.708	-0.708	-0.573	-0.716	-0.734	-0.637	-0.562	-0.711	-0.601	-0.728	-0.728	-0.748	-0.633	-0.722	-0.746	-0.726	-0.706	-0.587	-0.601	-0.587	-0.739	-0.517	-0.609	-0.677	-0.609	-0.655	-0.609	-0.539	-0.610	-0.608	-0.614	-0.589	-0.745	-0.609	-0.622	-0.611	-0.642	-0.607	-0.608	-0.607	-0.609	-0.743	-0.641	-0.750	-0.746	-0.743	-0.643	-0.643	-0.750	-0.724	-0.609	-0.594	-0.637	-0.641	-0.750	-0.608	-0.661	-0.591	-0.613	-0.701	-0.659	-0.564	-0.753	-0.666	-0.641	-0.660	-0.641	-0.610	-0.611	-0.642	-0.743	-0.612	-0.641	-0.640	-0.640	-0.669	-0.613	-0.753	-0.612	-0.640	-0.613	-0.743	-0.753	-0.613	-0.611	-0.747	-0.669	-0.753	-0.640	-0.740	-0.598	-0.619	-0.673	-0.736	-0.736	-0.680	-0.750	-0.761	-0.726	-0.680	-0.593	-0.593	-0.638	
rs56396817     -0.756	-0.635	-0.759	-0.623	-0.653	-0.647	-0.627	-0.628	-0.621	-0.714	-0.643	-0.718	-0.717	-0.501	-0.637	-0.671	-0.633	-0.776	-0.636	-0.637	-0.776	-0.772	-0.777	-0.777	-0.634	-0.723	-0.726	-0.706	-0.706	-0.712	-0.723	-0.684	-0.706	-0.717	-0.626	-0.708	-0.708	-0.717	-0.712	-0.631	-0.749	-0.847	-0.673	-0.785	-0.728	-0.663	-0.656	-0.663	-0.676	-0.659	-0.704	-0.698	-0.800	-0.795	-0.800	-0.642	-0.612	-0.703	-0.777	-0.703	-0.656	-0.703	-0.634	-0.704	-0.702	-0.694	-0.743	-0.712	-0.703	-0.625	-0.704	-0.607	-0.701	-0.702	-0.701	-0.702	-0.712	-0.606	-0.712	-0.712	-0.712	-0.650	-0.650	-0.712	-0.712	-0.703	-0.689	-0.644	-0.647	-0.712	-0.702	-0.660	-0.687	-0.707	-0.746	-0.665	-0.651	-0.714	-0.638	-0.648	-0.783	-0.648	-0.704	-0.705	-0.648	-0.702	-0.705	-0.647	-0.647	-0.647	-0.787	-0.707	-0.716	-0.706	-0.646	-0.706	-0.702	-0.716	-0.706	-0.705	-0.716	-0.787	-0.716	-0.646	-0.789	-0.691	-0.712	-0.692	-0.718	-0.718	-0.787	-0.714	-0.706	-0.725	-0.787	-0.688	-0.688	-0.643	
rs4119197      -0.533	-0.543	-0.541	-0.594	-0.635	-0.648	-0.662	-0.661	-0.664	-0.513	-0.645	-0.643	-0.512	-0.637	-0.354	-0.661	-0.650	-0.599	-0.649	-0.653	-0.603	-0.608	-0.603	-0.603	-0.655	-0.508	-0.667	-0.617	-0.617	-0.627	-0.508	-0.602	-0.617	-0.512	-0.657	-0.621	-0.621	-0.512	-0.630	-0.655	-0.569	-0.424	-0.664	-0.505	-0.644	-0.648	-0.671	-0.606	-0.642	-0.668	-0.643	-0.652	-0.475	-0.475	-0.475	-0.662	-0.454	-0.545	-0.602	-0.545	-0.625	-0.544	-0.476	-0.545	-0.543	-0.548	-0.507	-0.665	-0.545	-0.602	-0.546	-0.596	-0.543	-0.544	-0.543	-0.544	-0.662	-0.595	-0.670	-0.665	-0.662	-0.618	-0.618	-0.670	-0.640	-0.545	-0.530	-0.614	-0.615	-0.670	-0.544	-0.628	-0.528	-0.549	-0.646	-0.630	-0.500	-0.673	-0.618	-0.617	-0.582	-0.617	-0.546	-0.547	-0.617	-0.663	-0.547	-0.616	-0.616	-0.616	-0.592	-0.549	-0.673	-0.548	-0.616	-0.548	-0.663	-0.673	-0.548	-0.547	-0.666	-0.592	-0.673	-0.616	-0.674	-0.534	-0.554	-0.633	-0.656	-0.656	-0.604	-0.669	-0.683	-0.671	-0.604	-0.529	-0.529	-0.615	
rs6119169      -0.772	-0.658	-0.775	-0.641	-0.669	-0.679	-0.671	-0.678	-0.671	-0.737	-0.678	-0.702	-0.740	-0.671	-0.661	-0.518	-0.675	-0.791	-0.677	-0.679	-0.791	-0.787	-0.792	-0.792	-0.674	-0.745	-0.722	-0.683	-0.683	-0.691	-0.745	-0.638	-0.683	-0.740	-0.674	-0.688	-0.688	-0.739	-0.696	-0.677	-0.771	-0.867	-0.706	-0.806	-0.719	-0.694	-0.692	-0.687	-0.700	-0.697	-0.720	-0.709	-0.821	-0.816	-0.821	-0.682	-0.625	-0.717	-0.792	-0.716	-0.684	-0.716	-0.647	-0.717	-0.715	-0.708	-0.759	-0.706	-0.717	-0.648	-0.718	-0.617	-0.715	-0.716	-0.715	-0.716	-0.706	-0.616	-0.705	-0.707	-0.706	-0.673	-0.673	-0.705	-0.693	-0.716	-0.702	-0.667	-0.670	-0.705	-0.716	-0.683	-0.700	-0.721	-0.768	-0.688	-0.665	-0.711	-0.648	-0.671	-0.799	-0.671	-0.717	-0.719	-0.671	-0.723	-0.719	-0.670	-0.670	-0.670	-0.802	-0.720	-0.709	-0.720	-0.669	-0.720	-0.723	-0.709	-0.720	-0.719	-0.709	-0.802	-0.709	-0.669	-0.803	-0.705	-0.726	-0.714	-0.715	-0.715	-0.802	-0.707	-0.708	-0.736	-0.802	-0.702	-0.702	-0.667	
rs6119172      -0.763	-0.648	-0.766	-0.599	-0.645	-0.648	-0.634	-0.634	-0.628	-0.726	-0.642	-0.716	-0.729	-0.633	-0.650	-0.675	-0.508	-0.782	-0.636	-0.641	-0.783	-0.778	-0.783	-0.783	-0.638	-0.735	-0.729	-0.699	-0.700	-0.708	-0.735	-0.673	-0.700	-0.729	-0.630	-0.703	-0.703	-0.729	-0.708	-0.634	-0.761	-0.857	-0.686	-0.796	-0.729	-0.665	-0.661	-0.676	-0.675	-0.663	-0.702	-0.702	-0.811	-0.806	-0.811	-0.652	-0.617	-0.708	-0.784	-0.708	-0.668	-0.708	-0.639	-0.709	-0.707	-0.699	-0.750	-0.712	-0.709	-0.638	-0.709	-0.611	-0.706	-0.707	-0.707	-0.708	-0.713	-0.610	-0.714	-0.712	-0.713	-0.662	-0.663	-0.714	-0.708	-0.708	-0.694	-0.656	-0.660	-0.714	-0.707	-0.672	-0.692	-0.712	-0.757	-0.677	-0.657	-0.715	-0.642	-0.660	-0.790	-0.660	-0.709	-0.710	-0.660	-0.700	-0.711	-0.660	-0.659	-0.659	-0.793	-0.712	-0.717	-0.711	-0.659	-0.711	-0.701	-0.717	-0.712	-0.710	-0.716	-0.793	-0.717	-0.658	-0.795	-0.697	-0.717	-0.704	-0.721	-0.721	-0.793	-0.715	-0.711	-0.729	-0.794	-0.693	-0.693	-0.656	
rs147107633    -0.471	-0.581	-0.488	-0.774	-0.787	-0.780	-0.771	-0.780	-0.781	-0.670	-0.780	-0.809	-0.674	-0.776	-0.599	-0.791	-0.782	-0.408	-0.782	-0.779	-0.520	-0.519	-0.520	-0.520	-0.781	-0.677	-0.809	-0.806	-0.805	-0.807	-0.677	-0.798	-0.806	-0.671	-0.778	-0.806	-0.806	-0.671	-0.807	-0.781	-0.701	-0.796	-0.685	-0.738	-0.810	-0.783	-0.789	-0.618	-0.778	-0.788	-0.802	-0.622	-0.752	-0.747	-0.752	-0.776	-0.531	-0.621	-0.521	-0.621	-0.602	-0.621	-0.553	-0.622	-0.620	-0.609	-0.333	-0.811	-0.622	-0.576	-0.623	-0.532	-0.620	-0.621	-0.620	-0.621	-0.811	-0.531	-0.811	-0.811	-0.811	-0.600	-0.600	-0.811	-0.811	-0.621	-0.607	-0.594	-0.597	-0.811	-0.621	-0.606	-0.605	-0.626	-0.691	-0.614	-0.567	-0.812	-0.562	-0.598	-0.542	-0.598	-0.622	-0.623	-0.598	-0.806	-0.624	-0.597	-0.597	-0.597	-0.550	-0.625	-0.813	-0.624	-0.596	-0.625	-0.806	-0.813	-0.625	-0.624	-0.814	-0.550	-0.813	-0.596	-0.709	-0.610	-0.631	-0.642	-0.790	-0.790	-0.562	-0.812	-0.807	-0.648	-0.562	-0.607	-0.607	-0.594	
rs6118945      -0.762	-0.647	-0.765	-0.607	-0.649	-0.650	-0.637	-0.637	-0.632	-0.725	-0.645	-0.717	-0.728	-0.636	-0.649	-0.677	-0.636	-0.782	-0.508	-0.636	-0.782	-0.778	-0.783	-0.783	-0.637	-0.734	-0.729	-0.700	-0.700	-0.709	-0.734	-0.675	-0.700	-0.728	-0.630	-0.703	-0.703	-0.728	-0.708	-0.634	-0.760	-0.857	-0.685	-0.796	-0.729	-0.666	-0.661	-0.674	-0.676	-0.663	-0.703	-0.702	-0.811	-0.806	-0.811	-0.654	-0.617	-0.708	-0.783	-0.708	-0.666	-0.708	-0.639	-0.709	-0.707	-0.699	-0.750	-0.714	-0.709	-0.636	-0.710	-0.610	-0.707	-0.708	-0.707	-0.708	-0.714	-0.610	-0.716	-0.714	-0.714	-0.661	-0.661	-0.716	-0.710	-0.708	-0.694	-0.655	-0.658	-0.716	-0.708	-0.671	-0.692	-0.713	-0.756	-0.676	-0.657	-0.717	-0.642	-0.659	-0.790	-0.658	-0.709	-0.710	-0.659	-0.703	-0.711	-0.658	-0.657	-0.657	-0.793	-0.712	-0.719	-0.711	-0.657	-0.712	-0.703	-0.719	-0.712	-0.711	-0.717	-0.793	-0.719	-0.657	-0.795	-0.697	-0.718	-0.702	-0.722	-0.722	-0.793	-0.717	-0.712	-0.729	-0.793	-0.694	-0.694	-0.654	
rs150520540    -0.760	-0.650	-0.763	-0.599	-0.648	-0.643	-0.646	-0.633	-0.642	-0.729	-0.636	-0.715	-0.732	-0.637	-0.653	-0.679	-0.641	-0.779	-0.636	-0.505	-0.780	-0.775	-0.780	-0.780	-0.643	-0.737	-0.729	-0.696	-0.696	-0.705	-0.737	-0.669	-0.696	-0.731	-0.639	-0.699	-0.699	-0.731	-0.705	-0.640	-0.763	-0.858	-0.689	-0.798	-0.727	-0.667	-0.667	-0.678	-0.670	-0.662	-0.697	-0.698	-0.813	-0.808	-0.813	-0.661	-0.613	-0.705	-0.781	-0.705	-0.669	-0.705	-0.636	-0.706	-0.704	-0.696	-0.747	-0.714	-0.705	-0.640	-0.706	-0.606	-0.703	-0.704	-0.703	-0.705	-0.714	-0.605	-0.717	-0.714	-0.714	-0.664	-0.664	-0.717	-0.707	-0.705	-0.691	-0.658	-0.661	-0.717	-0.704	-0.674	-0.688	-0.709	-0.758	-0.679	-0.654	-0.717	-0.637	-0.662	-0.787	-0.662	-0.706	-0.707	-0.662	-0.697	-0.707	-0.661	-0.661	-0.661	-0.791	-0.709	-0.719	-0.708	-0.660	-0.708	-0.697	-0.719	-0.708	-0.707	-0.717	-0.791	-0.719	-0.660	-0.791	-0.693	-0.714	-0.705	-0.722	-0.722	-0.791	-0.717	-0.714	-0.725	-0.791	-0.690	-0.690	-0.658	
rs148501096    -0.457	-0.585	-0.477	-0.775	-0.788	-0.781	-0.772	-0.781	-0.782	-0.674	-0.781	-0.810	-0.678	-0.776	-0.603	-0.791	-0.783	-0.520	-0.782	-0.780	-0.409	-0.524	-0.521	-0.521	-0.782	-0.680	-0.810	-0.807	-0.807	-0.808	-0.680	-0.800	-0.807	-0.675	-0.779	-0.807	-0.807	-0.675	-0.808	-0.782	-0.705	-0.799	-0.685	-0.741	-0.811	-0.784	-0.790	-0.622	-0.779	-0.789	-0.803	-0.623	-0.755	-0.750	-0.755	-0.777	-0.532	-0.622	-0.521	-0.622	-0.606	-0.622	-0.553	-0.622	-0.620	-0.610	-0.289	-0.811	-0.622	-0.580	-0.623	-0.532	-0.620	-0.621	-0.620	-0.621	-0.812	-0.531	-0.811	-0.812	-0.812	-0.604	-0.604	-0.811	-0.812	-0.622	-0.608	-0.598	-0.601	-0.811	-0.621	-0.610	-0.605	-0.626	-0.695	-0.617	-0.567	-0.813	-0.563	-0.602	-0.536	-0.602	-0.623	-0.624	-0.602	-0.807	-0.624	-0.601	-0.601	-0.601	-0.546	-0.626	-0.814	-0.625	-0.600	-0.625	-0.807	-0.814	-0.625	-0.624	-0.815	-0.546	-0.814	-0.600	-0.709	-0.610	-0.631	-0.646	-0.791	-0.791	-0.561	-0.813	-0.808	-0.649	-0.561	-0.607	-0.607	-0.598	
rs148553168    -0.431	-0.592	-0.454	-0.771	-0.784	-0.777	-0.767	-0.776	-0.777	-0.678	-0.776	-0.806	-0.682	-0.772	-0.608	-0.787	-0.778	-0.519	-0.778	-0.775	-0.524	-0.405	-0.524	-0.524	-0.777	-0.684	-0.805	-0.803	-0.803	-0.804	-0.684	-0.796	-0.803	-0.679	-0.774	-0.803	-0.803	-0.679	-0.804	-0.777	-0.708	-0.800	-0.677	-0.744	-0.807	-0.780	-0.785	-0.626	-0.775	-0.784	-0.799	-0.616	-0.757	-0.752	-0.757	-0.772	-0.526	-0.616	-0.523	-0.616	-0.610	-0.616	-0.547	-0.617	-0.615	-0.605	-0.253	-0.807	-0.616	-0.585	-0.617	-0.525	-0.614	-0.615	-0.614	-0.616	-0.808	-0.524	-0.807	-0.807	-0.808	-0.608	-0.608	-0.807	-0.808	-0.616	-0.602	-0.602	-0.605	-0.807	-0.615	-0.613	-0.599	-0.620	-0.697	-0.621	-0.562	-0.809	-0.555	-0.606	-0.518	-0.606	-0.617	-0.618	-0.606	-0.803	-0.618	-0.605	-0.605	-0.605	-0.532	-0.620	-0.810	-0.619	-0.604	-0.619	-0.803	-0.810	-0.619	-0.618	-0.811	-0.532	-0.810	-0.604	-0.704	-0.604	-0.625	-0.650	-0.787	-0.787	-0.554	-0.809	-0.804	-0.642	-0.554	-0.601	-0.601	-0.602	
rs147285845    -0.457	-0.585	-0.477	-0.775	-0.788	-0.781	-0.772	-0.781	-0.782	-0.674	-0.781	-0.810	-0.678	-0.777	-0.603	-0.792	-0.783	-0.520	-0.783	-0.780	-0.521	-0.524	-0.410	-0.521	-0.782	-0.680	-0.810	-0.807	-0.807	-0.808	-0.680	-0.800	-0.807	-0.675	-0.779	-0.807	-0.807	-0.675	-0.808	-0.782	-0.705	-0.799	-0.685	-0.741	-0.811	-0.784	-0.790	-0.622	-0.779	-0.789	-0.803	-0.623	-0.755	-0.750	-0.755	-0.777	-0.532	-0.622	-0.521	-0.622	-0.606	-0.622	-0.553	-0.622	-0.620	-0.610	-0.289	-0.812	-0.622	-0.581	-0.623	-0.532	-0.620	-0.621	-0.620	-0.621	-0.812	-0.531	-0.811	-0.812	-0.812	-0.604	-0.604	-0.811	-0.812	-0.622	-0.608	-0.598	-0.601	-0.811	-0.621	-0.610	-0.605	-0.626	-0.695	-0.617	-0.567	-0.813	-0.563	-0.602	-0.536	-0.602	-0.623	-0.624	-0.602	-0.807	-0.624	-0.601	-0.601	-0.601	-0.546	-0.626	-0.814	-0.625	-0.600	-0.625	-0.807	-0.814	-0.625	-0.624	-0.815	-0.546	-0.814	-0.600	-0.710	-0.610	-0.631	-0.646	-0.791	-0.791	-0.561	-0.813	-0.808	-0.649	-0.561	-0.607	-0.607	-0.598	
rs143680509    -0.457	-0.585	-0.477	-0.775	-0.788	-0.781	-0.772	-0.781	-0.782	-0.674	-0.781	-0.810	-0.678	-0.777	-0.603	-0.792	-0.783	-0.520	-0.783	-0.780	-0.521	-0.524	-0.521	-0.410	-0.782	-0.680	-0.810	-0.807	-0.807	-0.808	-0.680	-0.800	-0.807	-0.675	-0.779	-0.807	-0.807	-0.675	-0.808	-0.782	-0.705	-0.799	-0.685	-0.741	-0.811	-0.784	-0.790	-0.622	-0.779	-0.789	-0.803	-0.623	-0.755	-0.750	-0.755	-0.777	-0.532	-0.622	-0.521	-0.622	-0.606	-0.622	-0.553	-0.622	-0.620	-0.610	-0.289	-0.812	-0.622	-0.580	-0.623	-0.532	-0.620	-0.621	-0.620	-0.621	-0.812	-0.531	-0.811	-0.812	-0.812	-0.604	-0.604	-0.811	-0.812	-0.622	-0.608	-0.598	-0.601	-0.811	-0.621	-0.610	-0.605	-0.626	-0.695	-0.617	-0.567	-0.813	-0.563	-0.602	-0.536	-0.602	-0.623	-0.624	-0.602	-0.807	-0.624	-0.601	-0.601	-0.601	-0.546	-0.626	-0.814	-0.625	-0.600	-0.625	-0.807	-0.814	-0.625	-0.624	-0.815	-0.546	-0.814	-0.600	-0.710	-0.610	-0.631	-0.646	-0.791	-0.791	-0.561	-0.813	-0.808	-0.649	-0.561	-0.607	-0.607	-0.598	
rs6119191      -0.762	-0.652	-0.765	-0.592	-0.635	-0.650	-0.637	-0.643	-0.631	-0.731	-0.644	-0.711	-0.734	-0.634	-0.655	-0.674	-0.638	-0.781	-0.637	-0.643	-0.782	-0.777	-0.782	-0.782	-0.507	-0.739	-0.727	-0.694	-0.694	-0.701	-0.739	-0.661	-0.694	-0.733	-0.636	-0.698	-0.698	-0.733	-0.704	-0.638	-0.765	-0.860	-0.693	-0.800	-0.724	-0.666	-0.661	-0.680	-0.674	-0.668	-0.700	-0.700	-0.815	-0.810	-0.815	-0.654	-0.615	-0.707	-0.783	-0.707	-0.672	-0.707	-0.638	-0.708	-0.706	-0.698	-0.750	-0.714	-0.707	-0.642	-0.708	-0.608	-0.705	-0.706	-0.705	-0.706	-0.714	-0.607	-0.713	-0.714	-0.714	-0.666	-0.667	-0.713	-0.702	-0.707	-0.693	-0.660	-0.664	-0.713	-0.706	-0.676	-0.690	-0.711	-0.760	-0.681	-0.656	-0.717	-0.639	-0.664	-0.789	-0.664	-0.708	-0.709	-0.664	-0.701	-0.709	-0.664	-0.663	-0.663	-0.793	-0.711	-0.716	-0.710	-0.663	-0.710	-0.701	-0.716	-0.710	-0.709	-0.716	-0.793	-0.716	-0.662	-0.793	-0.695	-0.716	-0.708	-0.720	-0.720	-0.793	-0.714	-0.712	-0.726	-0.793	-0.692	-0.692	-0.660	
rs2424786      -0.617	-0.544	-0.625	-0.686	-0.723	-0.733	-0.744	-0.744	-0.747	-0.573	-0.731	-0.733	-0.577	-0.723	-0.508	-0.745	-0.735	-0.677	-0.734	-0.737	-0.680	-0.684	-0.680	-0.680	-0.739	-0.430	-0.754	-0.710	-0.711	-0.719	-0.555	-0.697	-0.711	-0.552	-0.740	-0.714	-0.714	-0.552	-0.722	-0.739	-0.637	-0.574	-0.713	-0.608	-0.734	-0.734	-0.754	-0.632	-0.728	-0.752	-0.732	-0.708	-0.595	-0.593	-0.595	-0.744	-0.526	-0.618	-0.680	-0.618	-0.649	-0.617	-0.548	-0.618	-0.616	-0.617	-0.593	-0.751	-0.618	-0.617	-0.619	-0.644	-0.616	-0.617	-0.616	-0.617	-0.749	-0.643	-0.756	-0.752	-0.749	-0.640	-0.640	-0.756	-0.731	-0.618	-0.603	-0.634	-0.636	-0.756	-0.617	-0.659	-0.601	-0.622	-0.701	-0.657	-0.568	-0.759	-0.668	-0.638	-0.664	-0.638	-0.619	-0.620	-0.638	-0.749	-0.620	-0.637	-0.637	-0.637	-0.672	-0.622	-0.759	-0.621	-0.637	-0.621	-0.750	-0.759	-0.621	-0.620	-0.753	-0.672	-0.759	-0.636	-0.743	-0.607	-0.627	-0.669	-0.741	-0.741	-0.683	-0.756	-0.767	-0.728	-0.683	-0.602	-0.602	-0.634	
rs117640896    -0.790	-0.669	-0.793	-0.705	-0.726	-0.731	-0.721	-0.729	-0.726	-0.746	-0.731	-0.681	-0.749	-0.726	-0.667	-0.722	-0.729	-0.809	-0.729	-0.729	-0.810	-0.805	-0.810	-0.810	-0.727	-0.754	-0.538	-0.647	-0.648	-0.659	-0.754	-0.648	-0.648	-0.748	-0.726	-0.655	-0.655	-0.748	-0.670	-0.728	-0.779	-0.880	-0.714	-0.819	-0.705	-0.725	-0.722	-0.688	-0.727	-0.725	-0.724	-0.726	-0.833	-0.828	-0.833	-0.719	-0.650	-0.740	-0.811	-0.740	-0.686	-0.739	-0.672	-0.740	-0.738	-0.729	-0.777	-0.712	-0.740	-0.648	-0.741	-0.634	-0.738	-0.739	-0.738	-0.739	-0.712	-0.633	-0.710	-0.712	-0.712	-0.674	-0.674	-0.710	-0.699	-0.740	-0.726	-0.668	-0.671	-0.710	-0.739	-0.686	-0.724	-0.744	-0.773	-0.690	-0.687	-0.716	-0.665	-0.672	-0.817	-0.672	-0.741	-0.742	-0.672	-0.728	-0.742	-0.671	-0.670	-0.670	-0.820	-0.744	-0.714	-0.743	-0.670	-0.743	-0.729	-0.714	-0.743	-0.742	-0.715	-0.820	-0.714	-0.670	-0.821	-0.728	-0.749	-0.717	-0.721	-0.721	-0.820	-0.715	-0.710	-0.753	-0.821	-0.725	-0.725	-0.667	
rs6119193      -0.784	-0.623	-0.787	-0.718	-0.716	-0.705	-0.676	-0.689	-0.684	-0.702	-0.706	-0.656	-0.704	-0.706	-0.617	-0.683	-0.699	-0.806	-0.700	-0.696	-0.807	-0.803	-0.807	-0.807	-0.694	-0.710	-0.647	-0.534	-0.661	-0.664	-0.710	-0.681	-0.661	-0.704	-0.687	-0.661	-0.661	-0.704	-0.659	-0.693	-0.739	-0.847	-0.656	-0.778	-0.680	-0.695	-0.672	-0.644	-0.703	-0.676	-0.707	-0.735	-0.794	-0.788	-0.794	-0.674	-0.649	-0.738	-0.807	-0.738	-0.645	-0.738	-0.671	-0.739	-0.737	-0.726	-0.771	-0.660	-0.739	-0.602	-0.740	-0.645	-0.737	-0.738	-0.737	-0.738	-0.665	-0.644	-0.654	-0.660	-0.665	-0.629	-0.629	-0.654	-0.695	-0.738	-0.725	-0.622	-0.626	-0.654	-0.738	-0.644	-0.722	-0.742	-0.735	-0.646	-0.685	-0.658	-0.676	-0.626	-0.812	-0.626	-0.739	-0.740	-0.626	-0.698	-0.741	-0.625	-0.625	-0.625	-0.816	-0.742	-0.662	-0.741	-0.624	-0.742	-0.698	-0.662	-0.742	-0.741	-0.672	-0.816	-0.662	-0.624	-0.823	-0.727	-0.747	-0.673	-0.689	-0.689	-0.817	-0.669	-0.632	-0.761	-0.817	-0.724	-0.724	-0.621	
rs113358177    -0.784	-0.624	-0.787	-0.718	-0.716	-0.705	-0.676	-0.689	-0.684	-0.702	-0.706	-0.656	-0.704	-0.706	-0.617	-0.683	-0.700	-0.805	-0.700	-0.696	-0.807	-0.803	-0.807	-0.807	-0.694	-0.711	-0.648	-0.661	-0.534	-0.665	-0.710	-0.681	-0.661	-0.704	-0.687	-0.661	-0.661	-0.704	-0.660	-0.693	-0.739	-0.847	-0.656	-0.778	-0.680	-0.696	-0.672	-0.644	-0.702	-0.676	-0.707	-0.735	-0.794	-0.788	-0.794	-0.674	-0.649	-0.738	-0.807	-0.738	-0.645	-0.738	-0.671	-0.739	-0.737	-0.726	-0.771	-0.661	-0.739	-0.602	-0.740	-0.645	-0.737	-0.738	-0.737	-0.738	-0.666	-0.644	-0.654	-0.660	-0.666	-0.629	-0.629	-0.654	-0.695	-0.738	-0.724	-0.622	-0.626	-0.654	-0.738	-0.644	-0.722	-0.742	-0.735	-0.646	-0.684	-0.658	-0.676	-0.626	-0.812	-0.626	-0.739	-0.740	-0.627	-0.698	-0.741	-0.626	-0.625	-0.625	-0.816	-0.742	-0.662	-0.741	-0.625	-0.741	-0.698	-0.662	-0.742	-0.740	-0.673	-0.816	-0.662	-0.624	-0.822	-0.727	-0.747	-0.673	-0.689	-0.689	-0.817	-0.670	-0.633	-0.761	-0.817	-0.724	-0.724	-0.621	
rs1811871      -0.786	-0.633	-0.789	-0.718	-0.718	-0.713	-0.685	-0.700	-0.692	-0.711	-0.714	-0.661	-0.713	-0.712	-0.627	-0.691	-0.708	-0.807	-0.709	-0.705	-0.808	-0.804	-0.808	-0.808	-0.701	-0.719	-0.659	-0.664	-0.665	-0.536	-0.719	-0.674	-0.664	-0.713	-0.698	-0.667	-0.667	-0.712	-0.669	-0.703	-0.747	-0.853	-0.668	-0.785	-0.686	-0.704	-0.681	-0.653	-0.710	-0.689	-0.714	-0.734	-0.802	-0.796	-0.802	-0.683	-0.650	-0.739	-0.809	-0.739	-0.653	-0.739	-0.672	-0.740	-0.738	-0.728	-0.773	-0.677	-0.740	-0.611	-0.741	-0.644	-0.738	-0.739	-0.738	-0.739	-0.681	-0.643	-0.665	-0.677	-0.681	-0.638	-0.638	-0.665	-0.696	-0.739	-0.726	-0.631	-0.635	-0.665	-0.739	-0.653	-0.723	-0.743	-0.743	-0.655	-0.686	-0.676	-0.675	-0.636	-0.814	-0.635	-0.740	-0.741	-0.636	-0.708	-0.742	-0.635	-0.634	-0.634	-0.818	-0.743	-0.673	-0.742	-0.634	-0.742	-0.708	-0.673	-0.743	-0.741	-0.687	-0.818	-0.673	-0.633	-0.823	-0.728	-0.748	-0.682	-0.695	-0.695	-0.818	-0.679	-0.647	-0.761	-0.818	-0.725	-0.725	-0.631	
rs1811870      -0.617	-0.544	-0.625	-0.686	-0.723	-0.733	-0.744	-0.744	-0.747	-0.572	-0.731	-0.733	-0.575	-0.723	-0.508	-0.745	-0.735	-0.677	-0.734	-0.737	-0.680	-0.684	-0.680	-0.680	-0.739	-0.555	-0.754	-0.710	-0.710	-0.719	-0.430	-0.697	-0.710	-0.550	-0.740	-0.714	-0.714	-0.549	-0.722	-0.739	-0.637	-0.572	-0.713	-0.606	-0.734	-0.733	-0.754	-0.632	-0.728	-0.752	-0.732	-0.708	-0.593	-0.591	-0.593	-0.744	-0.526	-0.618	-0.680	-0.617	-0.650	-0.617	-0.548	-0.618	-0.616	-0.617	-0.593	-0.751	-0.618	-0.618	-0.619	-0.644	-0.615	-0.617	-0.616	-0.617	-0.749	-0.643	-0.756	-0.751	-0.749	-0.640	-0.640	-0.756	-0.731	-0.617	-0.603	-0.635	-0.636	-0.756	-0.617	-0.659	-0.600	-0.621	-0.701	-0.657	-0.568	-0.759	-0.668	-0.638	-0.664	-0.638	-0.618	-0.620	-0.639	-0.749	-0.620	-0.638	-0.637	-0.637	-0.672	-0.621	-0.759	-0.621	-0.637	-0.621	-0.749	-0.759	-0.621	-0.620	-0.753	-0.672	-0.759	-0.637	-0.743	-0.606	-0.627	-0.670	-0.741	-0.741	-0.683	-0.756	-0.767	-0.729	-0.683	-0.602	-0.602	-0.635	
rs6118950      -0.776	-0.606	-0.780	-0.705	-0.692	-0.680	-0.639	-0.659	-0.646	-0.688	-0.682	-0.664	-0.690	-0.684	-0.602	-0.638	-0.673	-0.798	-0.675	-0.669	-0.800	-0.796	-0.800	-0.800	-0.661	-0.697	-0.648	-0.681	-0.681	-0.674	-0.697	-0.526	-0.681	-0.690	-0.656	-0.680	-0.680	-0.690	-0.677	-0.664	-0.726	-0.835	-0.644	-0.765	-0.681	-0.686	-0.652	-0.632	-0.694	-0.662	-0.699	-0.730	-0.782	-0.776	-0.782	-0.652	-0.643	-0.732	-0.800	-0.732	-0.634	-0.732	-0.665	-0.733	-0.731	-0.720	-0.763	-0.644	-0.732	-0.591	-0.733	-0.641	-0.730	-0.731	-0.730	-0.731	-0.650	-0.640	-0.624	-0.644	-0.650	-0.618	-0.618	-0.624	-0.682	-0.732	-0.718	-0.611	-0.615	-0.623	-0.731	-0.633	-0.716	-0.736	-0.724	-0.635	-0.678	-0.641	-0.671	-0.615	-0.805	-0.615	-0.733	-0.734	-0.615	-0.688	-0.734	-0.614	-0.614	-0.614	-0.809	-0.736	-0.634	-0.735	-0.614	-0.735	-0.687	-0.634	-0.735	-0.734	-0.658	-0.809	-0.634	-0.613	-0.816	-0.720	-0.741	-0.662	-0.674	-0.674	-0.810	-0.644	-0.598	-0.756	-0.810	-0.718	-0.718	-0.610	
rs146693647    -0.784	-0.624	-0.788	-0.718	-0.716	-0.705	-0.676	-0.689	-0.684	-0.702	-0.706	-0.656	-0.704	-0.706	-0.617	-0.683	-0.700	-0.806	-0.700	-0.696	-0.807	-0.803	-0.807	-0.807	-0.694	-0.711	-0.648	-0.661	-0.661	-0.664	-0.710	-0.681	-0.534	-0.704	-0.687	-0.661	-0.661	-0.704	-0.660	-0.693	-0.739	-0.847	-0.657	-0.778	-0.681	-0.696	-0.672	-0.644	-0.703	-0.676	-0.707	-0.735	-0.794	-0.788	-0.794	-0.674	-0.649	-0.739	-0.808	-0.738	-0.645	-0.738	-0.671	-0.739	-0.737	-0.726	-0.771	-0.660	-0.739	-0.602	-0.740	-0.645	-0.737	-0.738	-0.737	-0.738	-0.665	-0.644	-0.654	-0.660	-0.665	-0.629	-0.629	-0.654	-0.695	-0.738	-0.725	-0.622	-0.626	-0.654	-0.738	-0.644	-0.722	-0.743	-0.735	-0.646	-0.685	-0.658	-0.676	-0.626	-0.812	-0.626	-0.739	-0.741	-0.627	-0.698	-0.741	-0.626	-0.625	-0.625	-0.816	-0.742	-0.662	-0.742	-0.625	-0.742	-0.698	-0.662	-0.742	-0.741	-0.673	-0.816	-0.662	-0.624	-0.823	-0.727	-0.748	-0.673	-0.689	-0.689	-0.817	-0.669	-0.632	-0.761	-0.817	-0.724	-0.724	-0.622	
rs1830547      -0.612	-0.546	-0.619	-0.680	-0.717	-0.727	-0.738	-0.739	-0.741	-0.570	-0.725	-0.727	-0.573	-0.717	-0.512	-0.740	-0.729	-0.671	-0.728	-0.731	-0.675	-0.679	-0.675	-0.675	-0.733	-0.552	-0.748	-0.704	-0.704	-0.713	-0.550	-0.690	-0.704	-0.425	-0.735	-0.708	-0.708	-0.547	-0.716	-0.733	-0.632	-0.559	-0.710	-0.598	-0.728	-0.728	-0.748	-0.631	-0.722	-0.746	-0.726	-0.704	-0.584	-0.581	-0.584	-0.739	-0.521	-0.612	-0.675	-0.612	-0.649	-0.612	-0.543	-0.613	-0.611	-0.612	-0.587	-0.745	-0.613	-0.618	-0.614	-0.641	-0.610	-0.612	-0.610	-0.612	-0.743	-0.640	-0.750	-0.746	-0.743	-0.640	-0.640	-0.750	-0.725	-0.612	-0.597	-0.634	-0.636	-0.750	-0.611	-0.658	-0.595	-0.616	-0.698	-0.656	-0.563	-0.753	-0.665	-0.638	-0.658	-0.638	-0.613	-0.614	-0.638	-0.743	-0.615	-0.637	-0.637	-0.637	-0.666	-0.616	-0.753	-0.615	-0.637	-0.616	-0.743	-0.753	-0.616	-0.615	-0.747	-0.666	-0.753	-0.636	-0.738	-0.601	-0.622	-0.668	-0.735	-0.735	-0.677	-0.750	-0.761	-0.725	-0.677	-0.596	-0.596	-0.635	
rs141954046    -0.759	-0.654	-0.762	-0.573	-0.632	-0.645	-0.644	-0.640	-0.638	-0.732	-0.637	-0.709	-0.735	-0.626	-0.657	-0.674	-0.630	-0.778	-0.630	-0.639	-0.779	-0.774	-0.779	-0.779	-0.636	-0.740	-0.726	-0.687	-0.687	-0.698	-0.740	-0.656	-0.687	-0.735	-0.504	-0.691	-0.691	-0.734	-0.698	-0.633	-0.766	-0.860	-0.694	-0.801	-0.723	-0.662	-0.666	-0.681	-0.671	-0.667	-0.695	-0.696	-0.815	-0.810	-0.815	-0.659	-0.612	-0.704	-0.780	-0.703	-0.673	-0.703	-0.634	-0.704	-0.702	-0.695	-0.747	-0.710	-0.704	-0.643	-0.705	-0.604	-0.702	-0.703	-0.702	-0.703	-0.710	-0.603	-0.713	-0.710	-0.710	-0.667	-0.668	-0.713	-0.700	-0.703	-0.689	-0.661	-0.665	-0.713	-0.703	-0.677	-0.687	-0.708	-0.761	-0.682	-0.652	-0.714	-0.635	-0.665	-0.787	-0.665	-0.704	-0.706	-0.666	-0.698	-0.706	-0.665	-0.664	-0.664	-0.790	-0.707	-0.716	-0.707	-0.664	-0.707	-0.698	-0.716	-0.707	-0.706	-0.713	-0.790	-0.716	-0.663	-0.790	-0.692	-0.713	-0.709	-0.720	-0.720	-0.790	-0.713	-0.713	-0.723	-0.790	-0.689	-0.689	-0.661	
rs73239875     -0.785	-0.628	-0.788	-0.717	-0.718	-0.707	-0.681	-0.693	-0.688	-0.706	-0.709	-0.661	-0.708	-0.708	-0.621	-0.688	-0.703	-0.806	-0.703	-0.699	-0.807	-0.803	-0.807	-0.807	-0.698	-0.714	-0.655	-0.661	-0.661	-0.667	-0.714	-0.680	-0.661	-0.708	-0.691	-0.535	-0.662	-0.707	-0.662	-0.696	-0.743	-0.849	-0.661	-0.781	-0.684	-0.699	-0.677	-0.648	-0.705	-0.681	-0.709	-0.735	-0.797	-0.792	-0.797	-0.679	-0.649	-0.739	-0.808	-0.739	-0.648	-0.739	-0.672	-0.740	-0.738	-0.727	-0.772	-0.667	-0.739	-0.606	-0.740	-0.645	-0.737	-0.738	-0.737	-0.738	-0.671	-0.644	-0.661	-0.667	-0.671	-0.633	-0.633	-0.661	-0.697	-0.739	-0.725	-0.626	-0.630	-0.661	-0.738	-0.648	-0.723	-0.743	-0.738	-0.650	-0.685	-0.665	-0.676	-0.630	-0.813	-0.630	-0.740	-0.741	-0.631	-0.701	-0.741	-0.630	-0.629	-0.629	-0.817	-0.743	-0.669	-0.742	-0.629	-0.742	-0.701	-0.669	-0.742	-0.741	-0.678	-0.817	-0.669	-0.628	-0.823	-0.727	-0.748	-0.677	-0.693	-0.693	-0.818	-0.675	-0.641	-0.761	-0.818	-0.724	-0.724	-0.626	
rs112548054    -0.785	-0.628	-0.788	-0.717	-0.718	-0.707	-0.681	-0.693	-0.688	-0.706	-0.709	-0.661	-0.708	-0.708	-0.621	-0.688	-0.703	-0.806	-0.703	-0.699	-0.807	-0.803	-0.807	-0.807	-0.698	-0.714	-0.655	-0.661	-0.661	-0.667	-0.714	-0.680	-0.661	-0.708	-0.691	-0.662	-0.535	-0.707	-0.662	-0.696	-0.743	-0.849	-0.661	-0.781	-0.684	-0.699	-0.677	-0.648	-0.705	-0.681	-0.709	-0.735	-0.797	-0.792	-0.797	-0.679	-0.649	-0.739	-0.808	-0.739	-0.648	-0.739	-0.672	-0.740	-0.738	-0.727	-0.772	-0.667	-0.739	-0.606	-0.740	-0.645	-0.737	-0.738	-0.737	-0.738	-0.671	-0.644	-0.661	-0.667	-0.671	-0.633	-0.633	-0.661	-0.697	-0.739	-0.725	-0.626	-0.630	-0.661	-0.738	-0.648	-0.723	-0.743	-0.738	-0.650	-0.685	-0.665	-0.676	-0.630	-0.813	-0.630	-0.740	-0.741	-0.631	-0.701	-0.741	-0.630	-0.629	-0.629	-0.817	-0.743	-0.669	-0.742	-0.629	-0.742	-0.701	-0.669	-0.742	-0.741	-0.678	-0.817	-0.669	-0.628	-0.823	-0.727	-0.748	-0.677	-0.693	-0.693	-0.818	-0.675	-0.641	-0.761	-0.818	-0.724	-0.724	-0.626	
rs2424788      -0.611	-0.546	-0.619	-0.680	-0.717	-0.727	-0.738	-0.738	-0.741	-0.570	-0.724	-0.726	-0.573	-0.717	-0.512	-0.739	-0.729	-0.671	-0.728	-0.731	-0.675	-0.679	-0.675	-0.675	-0.733	-0.552	-0.748	-0.704	-0.704	-0.712	-0.549	-0.690	-0.704	-0.547	-0.734	-0.707	-0.707	-0.425	-0.715	-0.733	-0.632	-0.558	-0.710	-0.597	-0.728	-0.727	-0.748	-0.631	-0.722	-0.746	-0.726	-0.704	-0.583	-0.581	-0.583	-0.738	-0.521	-0.612	-0.674	-0.612	-0.649	-0.612	-0.542	-0.613	-0.611	-0.612	-0.586	-0.745	-0.612	-0.618	-0.613	-0.641	-0.610	-0.611	-0.610	-0.611	-0.743	-0.640	-0.749	-0.745	-0.743	-0.640	-0.640	-0.749	-0.724	-0.612	-0.597	-0.634	-0.636	-0.750	-0.611	-0.658	-0.595	-0.616	-0.698	-0.656	-0.562	-0.753	-0.665	-0.638	-0.658	-0.638	-0.613	-0.614	-0.638	-0.743	-0.614	-0.637	-0.637	-0.637	-0.666	-0.616	-0.753	-0.615	-0.637	-0.615	-0.743	-0.753	-0.615	-0.614	-0.747	-0.666	-0.753	-0.636	-0.738	-0.601	-0.622	-0.668	-0.735	-0.735	-0.677	-0.749	-0.761	-0.725	-0.677	-0.596	-0.596	-0.635	
rs57799207     -0.786	-0.636	-0.790	-0.716	-0.721	-0.712	-0.689	-0.700	-0.696	-0.714	-0.713	-0.670	-0.716	-0.712	-0.630	-0.696	-0.708	-0.807	-0.708	-0.705	-0.808	-0.804	-0.808	-0.808	-0.704	-0.722	-0.670	-0.659	-0.660	-0.669	-0.722	-0.677	-0.660	-0.716	-0.698	-0.662	-0.662	-0.715	-0.536	-0.703	-0.750	-0.855	-0.670	-0.788	-0.691	-0.704	-0.686	-0.656	-0.710	-0.689	-0.713	-0.734	-0.804	-0.798	-0.804	-0.687	-0.650	-0.739	-0.809	-0.739	-0.656	-0.739	-0.672	-0.740	-0.738	-0.728	-0.773	-0.676	-0.740	-0.615	-0.741	-0.644	-0.738	-0.739	-0.738	-0.739	-0.680	-0.643	-0.672	-0.676	-0.680	-0.641	-0.641	-0.672	-0.699	-0.739	-0.726	-0.635	-0.638	-0.672	-0.739	-0.656	-0.723	-0.743	-0.745	-0.658	-0.686	-0.675	-0.674	-0.639	-0.814	-0.639	-0.740	-0.741	-0.639	-0.707	-0.742	-0.638	-0.638	-0.638	-0.818	-0.743	-0.679	-0.742	-0.637	-0.743	-0.707	-0.679	-0.743	-0.742	-0.686	-0.818	-0.679	-0.637	-0.823	-0.728	-0.749	-0.685	-0.699	-0.699	-0.819	-0.684	-0.656	-0.760	-0.819	-0.725	-0.725	-0.634	
rs6119199      -0.762	-0.652	-0.765	-0.588	-0.641	-0.648	-0.642	-0.640	-0.637	-0.731	-0.641	-0.713	-0.734	-0.631	-0.655	-0.677	-0.634	-0.781	-0.634	-0.640	-0.782	-0.777	-0.782	-0.782	-0.638	-0.739	-0.728	-0.693	-0.693	-0.703	-0.739	-0.664	-0.693	-0.733	-0.633	-0.696	-0.696	-0.733	-0.703	-0.507	-0.765	-0.860	-0.692	-0.800	-0.726	-0.664	-0.665	-0.680	-0.673	-0.666	-0.699	-0.700	-0.815	-0.810	-0.815	-0.658	-0.615	-0.707	-0.783	-0.707	-0.671	-0.707	-0.638	-0.707	-0.705	-0.698	-0.749	-0.712	-0.707	-0.642	-0.708	-0.608	-0.705	-0.706	-0.705	-0.706	-0.712	-0.607	-0.715	-0.713	-0.712	-0.666	-0.666	-0.715	-0.704	-0.707	-0.693	-0.660	-0.663	-0.715	-0.706	-0.676	-0.690	-0.711	-0.760	-0.681	-0.655	-0.716	-0.639	-0.664	-0.789	-0.664	-0.708	-0.709	-0.664	-0.700	-0.709	-0.663	-0.663	-0.663	-0.792	-0.711	-0.718	-0.710	-0.662	-0.710	-0.700	-0.718	-0.710	-0.709	-0.715	-0.792	-0.718	-0.662	-0.793	-0.695	-0.716	-0.708	-0.721	-0.721	-0.793	-0.715	-0.713	-0.726	-0.793	-0.692	-0.692	-0.660	
