## Summary of overall evidence for association with region:
## log10(BF for region) = -0.346567
## p-value for region = NA

## BFs for choosing among multi-SNP models:
## log10(average 1-SNP BF) = -0.290315
## log10(average 2-SNP BF) = -0.487173

## Example posterior probabilities for multi-SNP models, based on default prior: [p(l) propto 0.5^l for l=1,2,...,L]
## posterior probability of 1-SNP = 0.758858
## posterior probability of 2-SNP = 0.241142

## log10(BF) for single SNP and pair of SNPs:
rs1427822      -0.255	-0.729	-0.358	-0.342	-0.652	-0.663	-0.645	-0.600	-0.641	-0.317	-0.588	-0.583	-0.314	-0.560	-0.300	-0.558	-0.575	-0.206	-0.466	-0.466	-0.598	-0.575	-0.705	-0.699	-0.589	-0.223	-0.239	-0.657	-0.682	-0.646	-0.247	-0.643	-0.254	-0.581	-0.266	-0.275	-0.553	-0.295	-0.554	-0.554	-0.585	-0.562	-0.274	-0.459	-0.725	-0.580	-0.374	-0.271	-0.300	-0.299	-0.601	-0.556	-0.593	-0.230	-0.558	-0.573	-0.575	-0.580	-0.582	-0.584	-0.587	-0.582	-0.585	-0.694	-0.707	-0.707	-0.707	-0.707	-0.705	-0.542	-0.708	-0.756	-0.730	-0.730	-0.750	-0.748	-0.736	-0.762	-0.751	-0.732	-0.754	-0.730	-0.753	-0.750	-0.471	-0.771	-0.666	-0.663	-0.770	-0.770	-0.770	-0.681	-0.681	-0.770	-0.770	-0.682	-0.770	-0.686	-0.661	-0.769	-0.771	-0.768	-0.763	-0.635	-0.640	-0.768	-0.589	-0.711	-0.741	-0.732	-0.526	-0.617	+0.152	-0.061	+0.080	+0.073	+0.060	+0.076	+0.036	+0.018	-0.039	-0.081	-0.018	-0.319	-0.045	-0.043	-0.211	-0.204	-0.258	-0.277	-0.272	-0.449	-0.560	-0.506	-0.489	-0.494	-0.771	-0.777	-0.778	-0.520	-0.430	-0.516	-0.453	-0.450	-0.778	-0.386	-0.740	-0.449	-0.449	-0.777	-0.629	-0.522	-0.769	-0.426	-0.426	-0.709	-0.718	-0.496	-0.481	-0.530	-0.652	-0.419	-0.448	-0.664	-0.451	
rs2249412      -0.729	-0.563	-0.752	-0.720	-0.745	-0.761	-0.734	-0.520	-0.728	-0.701	-0.483	-0.470	-0.698	-0.395	-0.689	-0.392	-0.820	-0.506	-0.601	-0.601	-0.812	-0.823	-0.967	-0.960	-0.803	-0.518	-0.530	-0.913	-0.946	-0.872	-0.536	-0.869	-0.542	-0.799	-0.548	-0.557	-0.718	-0.573	-0.720	-0.720	-0.804	-0.731	-0.556	-0.674	-0.996	-0.800	-0.579	-0.546	-0.572	-0.572	-0.783	-0.726	-0.773	-0.510	-0.727	-0.745	-0.748	-0.754	-0.758	-0.760	-0.765	-0.758	-0.763	-0.909	-0.971	-0.970	-0.970	-0.970	-0.972	-0.836	-0.989	-1.018	-0.985	-0.986	-1.023	-1.021	-0.992	-1.032	-1.024	-0.987	-1.026	-0.985	-1.026	-1.021	-0.777	-1.029	-0.946	-0.945	-1.037	-1.037	-1.038	-0.956	-0.956	-1.038	-1.037	-0.957	-1.038	-0.959	-0.935	-1.036	-1.036	-1.032	-1.027	-0.902	-0.910	-1.039	-0.874	-0.967	-1.014	-1.005	-0.805	-0.892	-0.158	-0.357	-0.220	-0.227	-0.241	-0.224	-0.265	-0.283	-0.337	-0.326	-0.263	-0.567	-0.298	-0.295	-0.461	-0.455	-0.511	-0.530	-0.531	-0.705	-0.820	-0.763	-0.743	-0.751	-1.041	-1.046	-1.047	-0.778	-0.689	-0.774	-0.712	-0.708	-1.047	-0.644	-1.009	-0.708	-0.708	-1.046	-0.889	-0.780	-1.038	-0.682	-0.681	-0.979	-0.987	-0.754	-0.738	-0.790	-0.928	-0.706	-0.733	-0.939	-0.735	
rs17521955     -0.358	-0.752	-0.288	-0.344	-0.674	-0.685	-0.666	-0.621	-0.662	-0.302	-0.608	-0.604	-0.297	-0.581	-0.274	-0.578	-0.603	-0.197	-0.491	-0.491	-0.619	-0.603	-0.735	-0.732	-0.610	-0.216	-0.233	-0.691	-0.715	-0.668	-0.242	-0.665	-0.250	-0.602	-0.263	-0.272	-0.578	-0.295	-0.580	-0.580	-0.605	-0.588	-0.272	-0.477	-0.753	-0.601	-0.392	-0.269	-0.300	-0.300	-0.626	-0.582	-0.619	-0.225	-0.584	-0.599	-0.601	-0.606	-0.608	-0.610	-0.613	-0.608	-0.611	-0.721	-0.735	-0.735	-0.735	-0.735	-0.733	-0.571	-0.736	-0.784	-0.757	-0.758	-0.778	-0.775	-0.763	-0.789	-0.779	-0.760	-0.782	-0.757	-0.781	-0.778	-0.501	-0.798	-0.694	-0.691	-0.797	-0.797	-0.797	-0.709	-0.709	-0.797	-0.797	-0.710	-0.797	-0.714	-0.689	-0.797	-0.798	-0.795	-0.790	-0.662	-0.668	-0.796	-0.617	-0.739	-0.769	-0.760	-0.556	-0.646	+0.120	-0.090	+0.050	+0.043	+0.030	+0.046	+0.006	-0.012	-0.069	-0.108	-0.046	-0.346	-0.073	-0.071	-0.238	-0.231	-0.285	-0.304	-0.299	-0.476	-0.587	-0.533	-0.516	-0.521	-0.799	-0.804	-0.805	-0.547	-0.457	-0.543	-0.480	-0.477	-0.805	-0.413	-0.768	-0.476	-0.476	-0.805	-0.656	-0.549	-0.796	-0.454	-0.453	-0.737	-0.746	-0.523	-0.508	-0.557	-0.681	-0.449	-0.477	-0.693	-0.480	
rs1427824      -0.342	-0.720	-0.344	-0.243	-0.644	-0.655	-0.637	-0.592	-0.633	-0.314	-0.580	-0.576	-0.312	-0.553	-0.299	-0.550	-0.564	-0.209	-0.457	-0.457	-0.590	-0.564	-0.693	-0.687	-0.581	-0.226	-0.240	-0.644	-0.669	-0.638	-0.248	-0.635	-0.255	-0.573	-0.266	-0.275	-0.543	-0.294	-0.545	-0.545	-0.577	-0.552	-0.274	-0.452	-0.714	-0.572	-0.368	-0.271	-0.299	-0.298	-0.591	-0.546	-0.583	-0.231	-0.548	-0.564	-0.565	-0.570	-0.573	-0.574	-0.577	-0.572	-0.576	-0.684	-0.697	-0.697	-0.696	-0.696	-0.695	-0.531	-0.697	-0.746	-0.719	-0.720	-0.739	-0.737	-0.725	-0.751	-0.741	-0.722	-0.744	-0.719	-0.743	-0.740	-0.460	-0.760	-0.655	-0.652	-0.759	-0.759	-0.759	-0.670	-0.671	-0.759	-0.760	-0.672	-0.760	-0.676	-0.650	-0.759	-0.760	-0.757	-0.753	-0.624	-0.629	-0.757	-0.578	-0.701	-0.731	-0.721	-0.515	-0.606	+0.165	-0.050	+0.091	+0.084	+0.071	+0.087	+0.047	+0.029	-0.028	-0.071	-0.008	-0.309	-0.035	-0.033	-0.201	-0.194	-0.248	-0.267	-0.262	-0.439	-0.550	-0.496	-0.479	-0.484	-0.761	-0.767	-0.767	-0.510	-0.420	-0.506	-0.443	-0.440	-0.767	-0.375	-0.730	-0.439	-0.439	-0.767	-0.619	-0.512	-0.758	-0.416	-0.416	-0.699	-0.708	-0.486	-0.471	-0.520	-0.641	-0.408	-0.437	-0.653	-0.440	
rs2248816      -0.652	-0.745	-0.674	-0.644	-0.470	-0.605	-0.592	-0.653	-0.588	-0.626	-0.639	-0.634	-0.624	-0.604	-0.615	-0.601	-0.720	-0.433	-0.395	-0.395	-0.788	-0.723	-0.851	-0.859	-0.782	-0.444	-0.455	-0.808	-0.844	-0.831	-0.461	-0.829	-0.467	-0.778	-0.473	-0.481	-0.537	-0.497	-0.540	-0.540	-0.782	-0.553	-0.480	-0.647	-0.889	-0.779	-0.560	-0.470	-0.496	-0.495	-0.617	-0.549	-0.605	-0.435	-0.558	-0.579	-0.582	-0.590	-0.594	-0.597	-0.602	-0.594	-0.599	-0.775	-0.881	-0.880	-0.880	-0.879	-0.883	-0.752	-0.902	-0.930	-0.897	-0.897	-0.934	-0.932	-0.904	-0.943	-0.935	-0.899	-0.938	-0.896	-0.937	-0.932	-0.696	-0.941	-0.859	-0.857	-0.949	-0.949	-0.949	-0.868	-0.868	-0.949	-0.949	-0.868	-0.949	-0.870	-0.846	-0.947	-0.948	-0.944	-0.939	-0.811	-0.820	-0.949	-0.788	-0.878	-0.924	-0.916	-0.710	-0.800	-0.067	-0.271	-0.134	-0.141	-0.155	-0.139	-0.181	-0.199	-0.253	-0.233	-0.170	-0.475	-0.206	-0.204	-0.371	-0.363	-0.420	-0.439	-0.441	-0.617	-0.732	-0.675	-0.654	-0.664	-0.952	-0.957	-0.958	-0.690	-0.602	-0.686	-0.625	-0.621	-0.958	-0.556	-0.920	-0.621	-0.621	-0.957	-0.800	-0.693	-0.949	-0.593	-0.593	-0.888	-0.897	-0.666	-0.650	-0.702	-0.839	-0.615	-0.641	-0.850	-0.644	
rs4979802      -0.663	-0.761	-0.685	-0.655	-0.605	-0.483	-0.591	-0.653	-0.584	-0.637	-0.636	-0.631	-0.634	-0.599	-0.625	-0.596	-0.734	-0.443	-0.414	-0.415	-0.794	-0.737	-0.865	-0.873	-0.787	-0.455	-0.466	-0.823	-0.859	-0.839	-0.472	-0.837	-0.478	-0.783	-0.484	-0.492	-0.555	-0.508	-0.558	-0.558	-0.787	-0.571	-0.491	-0.648	-0.903	-0.784	-0.559	-0.481	-0.506	-0.506	-0.634	-0.567	-0.622	-0.445	-0.575	-0.597	-0.599	-0.607	-0.611	-0.614	-0.619	-0.611	-0.617	-0.790	-0.894	-0.892	-0.892	-0.891	-0.895	-0.764	-0.914	-0.942	-0.910	-0.910	-0.946	-0.944	-0.917	-0.955	-0.948	-0.912	-0.950	-0.909	-0.949	-0.944	-0.707	-0.954	-0.871	-0.869	-0.961	-0.961	-0.961	-0.880	-0.880	-0.962	-0.961	-0.880	-0.962	-0.882	-0.859	-0.960	-0.960	-0.957	-0.951	-0.823	-0.832	-0.962	-0.800	-0.891	-0.937	-0.928	-0.723	-0.812	-0.080	-0.284	-0.147	-0.154	-0.167	-0.151	-0.193	-0.211	-0.265	-0.247	-0.183	-0.488	-0.219	-0.217	-0.384	-0.376	-0.433	-0.452	-0.453	-0.629	-0.744	-0.687	-0.667	-0.676	-0.964	-0.969	-0.970	-0.703	-0.614	-0.698	-0.637	-0.634	-0.970	-0.569	-0.932	-0.633	-0.633	-0.970	-0.813	-0.705	-0.961	-0.606	-0.605	-0.901	-0.910	-0.679	-0.662	-0.715	-0.851	-0.627	-0.654	-0.862	-0.657	
rs2448392      -0.645	-0.734	-0.666	-0.637	-0.592	-0.591	-0.461	-0.652	-0.583	-0.619	-0.639	-0.634	-0.617	-0.606	-0.608	-0.603	-0.711	-0.426	-0.381	-0.381	-0.784	-0.714	-0.841	-0.849	-0.778	-0.437	-0.448	-0.797	-0.834	-0.826	-0.454	-0.824	-0.460	-0.774	-0.466	-0.474	-0.524	-0.490	-0.527	-0.527	-0.778	-0.540	-0.473	-0.645	-0.880	-0.775	-0.560	-0.463	-0.488	-0.487	-0.605	-0.536	-0.592	-0.427	-0.545	-0.567	-0.569	-0.577	-0.582	-0.585	-0.590	-0.582	-0.587	-0.764	-0.872	-0.871	-0.871	-0.870	-0.874	-0.744	-0.894	-0.921	-0.888	-0.889	-0.926	-0.924	-0.895	-0.934	-0.927	-0.891	-0.929	-0.888	-0.929	-0.923	-0.688	-0.933	-0.851	-0.849	-0.940	-0.941	-0.941	-0.859	-0.860	-0.941	-0.941	-0.860	-0.941	-0.862	-0.838	-0.939	-0.939	-0.936	-0.930	-0.802	-0.811	-0.941	-0.779	-0.870	-0.916	-0.908	-0.701	-0.791	-0.059	-0.264	-0.127	-0.134	-0.147	-0.131	-0.173	-0.191	-0.245	-0.224	-0.161	-0.466	-0.197	-0.195	-0.362	-0.354	-0.411	-0.430	-0.432	-0.608	-0.724	-0.666	-0.645	-0.655	-0.944	-0.949	-0.949	-0.682	-0.594	-0.678	-0.616	-0.613	-0.949	-0.548	-0.912	-0.612	-0.612	-0.949	-0.792	-0.684	-0.941	-0.584	-0.584	-0.880	-0.889	-0.658	-0.641	-0.694	-0.831	-0.606	-0.633	-0.842	-0.636	
rs2264862      -0.600	-0.520	-0.621	-0.592	-0.653	-0.653	-0.652	-0.411	-0.652	-0.575	-0.522	-0.517	-0.573	-0.479	-0.564	-0.476	-0.660	-0.378	-0.326	-0.327	-0.745	-0.663	-0.800	-0.761	-0.740	-0.390	-0.401	-0.700	-0.743	-0.780	-0.407	-0.779	-0.413	-0.738	-0.419	-0.427	-0.471	-0.443	-0.473	-0.473	-0.742	-0.486	-0.426	-0.646	-0.834	-0.739	-0.570	-0.415	-0.441	-0.440	-0.551	-0.482	-0.539	-0.380	-0.491	-0.513	-0.516	-0.523	-0.528	-0.531	-0.536	-0.528	-0.534	-0.713	-0.820	-0.818	-0.818	-0.817	-0.824	-0.697	-0.844	-0.869	-0.834	-0.834	-0.876	-0.874	-0.841	-0.886	-0.878	-0.836	-0.880	-0.833	-0.880	-0.877	-0.643	-0.880	-0.803	-0.802	-0.891	-0.891	-0.892	-0.811	-0.811	-0.892	-0.891	-0.812	-0.892	-0.813	-0.790	-0.889	-0.889	-0.885	-0.879	-0.753	-0.762	-0.892	-0.731	-0.815	-0.867	-0.859	-0.652	-0.742	-0.012	-0.217	-0.079	-0.086	-0.100	-0.083	-0.126	-0.143	-0.197	-0.171	-0.107	-0.414	-0.146	-0.144	-0.310	-0.303	-0.361	-0.380	-0.385	-0.557	-0.673	-0.611	-0.594	-0.604	-0.895	-0.901	-0.901	-0.631	-0.543	-0.627	-0.566	-0.562	-0.901	-0.497	-0.864	-0.561	-0.561	-0.901	-0.739	-0.633	-0.893	-0.528	-0.528	-0.833	-0.842	-0.607	-0.586	-0.643	-0.781	-0.557	-0.584	-0.792	-0.587	
rs2263893      -0.641	-0.728	-0.662	-0.633	-0.588	-0.584	-0.583	-0.652	-0.457	-0.615	-0.639	-0.634	-0.613	-0.607	-0.604	-0.604	-0.706	-0.422	-0.374	-0.374	-0.782	-0.709	-0.836	-0.844	-0.775	-0.433	-0.445	-0.792	-0.829	-0.823	-0.450	-0.821	-0.456	-0.772	-0.462	-0.470	-0.518	-0.486	-0.521	-0.520	-0.775	-0.534	-0.469	-0.645	-0.876	-0.772	-0.560	-0.459	-0.485	-0.484	-0.599	-0.530	-0.586	-0.424	-0.539	-0.561	-0.563	-0.571	-0.576	-0.578	-0.584	-0.575	-0.581	-0.758	-0.868	-0.867	-0.867	-0.866	-0.870	-0.740	-0.889	-0.917	-0.884	-0.884	-0.921	-0.920	-0.891	-0.930	-0.923	-0.886	-0.925	-0.883	-0.925	-0.919	-0.685	-0.929	-0.847	-0.845	-0.936	-0.936	-0.937	-0.855	-0.855	-0.937	-0.936	-0.856	-0.937	-0.857	-0.834	-0.935	-0.935	-0.931	-0.926	-0.798	-0.807	-0.937	-0.775	-0.865	-0.912	-0.903	-0.697	-0.787	-0.055	-0.260	-0.122	-0.130	-0.143	-0.127	-0.169	-0.187	-0.241	-0.219	-0.156	-0.461	-0.193	-0.191	-0.358	-0.350	-0.407	-0.426	-0.428	-0.604	-0.719	-0.661	-0.641	-0.651	-0.939	-0.945	-0.945	-0.678	-0.589	-0.673	-0.612	-0.609	-0.945	-0.544	-0.907	-0.608	-0.608	-0.945	-0.787	-0.680	-0.937	-0.579	-0.579	-0.876	-0.885	-0.654	-0.637	-0.690	-0.826	-0.602	-0.628	-0.837	-0.631	
rs12571015     -0.317	-0.701	-0.302	-0.314	-0.626	-0.637	-0.619	-0.575	-0.615	-0.217	-0.563	-0.558	-0.299	-0.536	-0.291	-0.534	-0.541	-0.207	-0.436	-0.437	-0.572	-0.542	-0.668	-0.660	-0.564	-0.223	-0.237	-0.616	-0.641	-0.620	-0.244	-0.617	-0.251	-0.556	-0.261	-0.269	-0.523	-0.288	-0.524	-0.524	-0.560	-0.532	-0.268	-0.437	-0.691	-0.555	-0.353	-0.265	-0.292	-0.291	-0.570	-0.526	-0.562	-0.227	-0.528	-0.543	-0.545	-0.549	-0.552	-0.554	-0.556	-0.552	-0.555	-0.662	-0.675	-0.674	-0.674	-0.674	-0.673	-0.508	-0.674	-0.724	-0.697	-0.698	-0.717	-0.715	-0.703	-0.729	-0.719	-0.699	-0.721	-0.697	-0.721	-0.718	-0.436	-0.738	-0.633	-0.630	-0.737	-0.737	-0.737	-0.648	-0.649	-0.737	-0.738	-0.649	-0.738	-0.653	-0.628	-0.737	-0.738	-0.735	-0.730	-0.602	-0.607	-0.735	-0.555	-0.679	-0.708	-0.699	-0.490	-0.583	+0.190	-0.026	+0.115	+0.108	+0.095	+0.111	+0.071	+0.053	-0.005	-0.049	+0.014	-0.287	-0.013	-0.011	-0.179	-0.172	-0.226	-0.245	-0.241	-0.417	-0.528	-0.474	-0.457	-0.462	-0.739	-0.745	-0.745	-0.488	-0.399	-0.484	-0.422	-0.418	-0.745	-0.354	-0.708	-0.418	-0.417	-0.745	-0.597	-0.491	-0.736	-0.394	-0.394	-0.677	-0.686	-0.464	-0.448	-0.499	-0.619	-0.384	-0.413	-0.631	-0.416	
rs2252271      -0.588	-0.483	-0.608	-0.580	-0.639	-0.636	-0.639	-0.522	-0.639	-0.563	-0.396	-0.514	-0.560	-0.489	-0.552	-0.485	-0.645	-0.366	-0.305	-0.306	-0.736	-0.648	-0.784	-0.744	-0.731	-0.378	-0.389	-0.682	-0.725	-0.769	-0.394	-0.768	-0.400	-0.730	-0.406	-0.414	-0.451	-0.431	-0.453	-0.453	-0.733	-0.467	-0.413	-0.640	-0.819	-0.731	-0.566	-0.403	-0.428	-0.427	-0.532	-0.462	-0.520	-0.367	-0.472	-0.493	-0.497	-0.504	-0.509	-0.512	-0.517	-0.509	-0.515	-0.695	-0.806	-0.804	-0.804	-0.802	-0.810	-0.684	-0.831	-0.855	-0.819	-0.820	-0.863	-0.861	-0.827	-0.872	-0.864	-0.822	-0.866	-0.819	-0.866	-0.863	-0.630	-0.866	-0.790	-0.789	-0.877	-0.877	-0.878	-0.797	-0.798	-0.878	-0.877	-0.798	-0.878	-0.799	-0.776	-0.875	-0.875	-0.871	-0.865	-0.738	-0.748	-0.878	-0.718	-0.801	-0.853	-0.845	-0.638	-0.728	+0.002	-0.204	-0.066	-0.073	-0.087	-0.070	-0.112	-0.130	-0.184	-0.156	-0.092	-0.400	-0.132	-0.130	-0.295	-0.289	-0.347	-0.365	-0.371	-0.543	-0.659	-0.597	-0.580	-0.590	-0.882	-0.887	-0.887	-0.617	-0.529	-0.613	-0.552	-0.548	-0.887	-0.483	-0.850	-0.547	-0.547	-0.887	-0.725	-0.619	-0.879	-0.513	-0.513	-0.820	-0.828	-0.593	-0.571	-0.629	-0.767	-0.543	-0.570	-0.778	-0.573	
rs2252158      -0.583	-0.470	-0.604	-0.576	-0.634	-0.631	-0.634	-0.517	-0.634	-0.558	-0.514	-0.391	-0.556	-0.491	-0.548	-0.487	-0.640	-0.362	-0.298	-0.299	-0.733	-0.643	-0.778	-0.738	-0.728	-0.374	-0.384	-0.675	-0.719	-0.766	-0.390	-0.764	-0.396	-0.727	-0.402	-0.410	-0.444	-0.426	-0.447	-0.446	-0.730	-0.460	-0.409	-0.638	-0.813	-0.728	-0.564	-0.399	-0.424	-0.423	-0.526	-0.456	-0.513	-0.363	-0.465	-0.487	-0.490	-0.498	-0.503	-0.505	-0.511	-0.503	-0.508	-0.690	-0.801	-0.799	-0.799	-0.797	-0.805	-0.679	-0.826	-0.850	-0.814	-0.815	-0.858	-0.856	-0.822	-0.867	-0.859	-0.817	-0.862	-0.814	-0.861	-0.858	-0.626	-0.861	-0.785	-0.784	-0.872	-0.873	-0.873	-0.793	-0.793	-0.873	-0.872	-0.793	-0.873	-0.795	-0.772	-0.871	-0.870	-0.866	-0.860	-0.734	-0.744	-0.873	-0.713	-0.796	-0.848	-0.840	-0.633	-0.723	+0.007	-0.199	-0.061	-0.068	-0.083	-0.065	-0.108	-0.125	-0.180	-0.151	-0.087	-0.395	-0.127	-0.125	-0.290	-0.284	-0.342	-0.360	-0.366	-0.538	-0.654	-0.592	-0.575	-0.585	-0.877	-0.882	-0.883	-0.612	-0.524	-0.608	-0.547	-0.543	-0.883	-0.478	-0.845	-0.543	-0.543	-0.882	-0.720	-0.615	-0.875	-0.508	-0.508	-0.815	-0.824	-0.588	-0.566	-0.624	-0.762	-0.538	-0.565	-0.773	-0.568	
rs17522088     -0.314	-0.698	-0.297	-0.312	-0.624	-0.634	-0.617	-0.573	-0.613	-0.299	-0.560	-0.556	-0.214	-0.534	-0.289	-0.531	-0.539	-0.207	-0.434	-0.434	-0.570	-0.539	-0.665	-0.657	-0.562	-0.222	-0.236	-0.613	-0.638	-0.617	-0.244	-0.615	-0.250	-0.554	-0.260	-0.268	-0.520	-0.287	-0.521	-0.522	-0.558	-0.529	-0.268	-0.435	-0.688	-0.553	-0.351	-0.264	-0.291	-0.290	-0.567	-0.523	-0.560	-0.226	-0.525	-0.540	-0.542	-0.547	-0.550	-0.551	-0.554	-0.549	-0.552	-0.660	-0.672	-0.672	-0.671	-0.671	-0.670	-0.505	-0.672	-0.721	-0.694	-0.695	-0.714	-0.712	-0.700	-0.726	-0.716	-0.697	-0.718	-0.694	-0.718	-0.715	-0.433	-0.735	-0.630	-0.627	-0.735	-0.735	-0.734	-0.645	-0.646	-0.735	-0.735	-0.646	-0.735	-0.650	-0.625	-0.734	-0.735	-0.732	-0.728	-0.599	-0.604	-0.732	-0.552	-0.676	-0.705	-0.696	-0.487	-0.580	+0.194	-0.023	+0.118	+0.111	+0.098	+0.114	+0.074	+0.056	-0.002	-0.046	+0.017	-0.284	-0.010	-0.008	-0.177	-0.169	-0.224	-0.242	-0.238	-0.414	-0.526	-0.471	-0.454	-0.460	-0.736	-0.742	-0.742	-0.485	-0.396	-0.481	-0.419	-0.415	-0.742	-0.351	-0.705	-0.415	-0.415	-0.742	-0.594	-0.488	-0.734	-0.391	-0.391	-0.675	-0.683	-0.462	-0.446	-0.496	-0.616	-0.381	-0.410	-0.628	-0.413	
rs2114907      -0.560	-0.395	-0.581	-0.553	-0.604	-0.599	-0.606	-0.479	-0.607	-0.536	-0.489	-0.491	-0.534	-0.365	-0.525	-0.487	-0.612	-0.340	-0.262	-0.262	-0.716	-0.616	-0.749	-0.707	-0.712	-0.351	-0.362	-0.643	-0.688	-0.745	-0.368	-0.744	-0.373	-0.711	-0.379	-0.388	-0.410	-0.404	-0.412	-0.412	-0.714	-0.426	-0.387	-0.627	-0.787	-0.712	-0.556	-0.376	-0.401	-0.400	-0.493	-0.422	-0.480	-0.341	-0.431	-0.453	-0.457	-0.465	-0.469	-0.472	-0.478	-0.470	-0.475	-0.659	-0.775	-0.773	-0.773	-0.772	-0.780	-0.655	-0.801	-0.825	-0.788	-0.789	-0.833	-0.831	-0.796	-0.842	-0.835	-0.791	-0.837	-0.788	-0.836	-0.834	-0.602	-0.835	-0.761	-0.760	-0.847	-0.848	-0.848	-0.768	-0.768	-0.848	-0.847	-0.769	-0.848	-0.770	-0.747	-0.846	-0.845	-0.841	-0.835	-0.708	-0.718	-0.849	-0.689	-0.770	-0.823	-0.815	-0.607	-0.698	+0.032	-0.175	-0.037	-0.044	-0.058	-0.041	-0.084	-0.101	-0.155	-0.124	-0.060	-0.369	-0.101	-0.098	-0.264	-0.258	-0.316	-0.335	-0.341	-0.513	-0.629	-0.566	-0.550	-0.560	-0.852	-0.857	-0.858	-0.587	-0.498	-0.583	-0.521	-0.518	-0.858	-0.453	-0.821	-0.517	-0.517	-0.858	-0.694	-0.589	-0.850	-0.482	-0.482	-0.790	-0.799	-0.563	-0.541	-0.599	-0.737	-0.513	-0.540	-0.749	-0.543	
rs7092503      -0.300	-0.689	-0.274	-0.299	-0.615	-0.625	-0.608	-0.564	-0.604	-0.291	-0.552	-0.548	-0.289	-0.525	-0.201	-0.523	-0.528	-0.206	-0.424	-0.424	-0.562	-0.528	-0.653	-0.644	-0.553	-0.221	-0.235	-0.599	-0.624	-0.608	-0.242	-0.606	-0.248	-0.545	-0.258	-0.266	-0.510	-0.284	-0.511	-0.511	-0.549	-0.519	-0.265	-0.427	-0.676	-0.545	-0.343	-0.262	-0.288	-0.287	-0.557	-0.513	-0.549	-0.224	-0.515	-0.530	-0.532	-0.537	-0.539	-0.541	-0.543	-0.539	-0.542	-0.649	-0.661	-0.661	-0.660	-0.660	-0.659	-0.493	-0.660	-0.710	-0.683	-0.684	-0.703	-0.701	-0.690	-0.715	-0.705	-0.686	-0.708	-0.683	-0.707	-0.704	-0.422	-0.725	-0.619	-0.616	-0.724	-0.724	-0.723	-0.634	-0.635	-0.724	-0.724	-0.635	-0.724	-0.639	-0.614	-0.723	-0.724	-0.722	-0.717	-0.588	-0.593	-0.721	-0.541	-0.665	-0.694	-0.685	-0.476	-0.568	+0.206	-0.011	+0.130	+0.123	+0.110	+0.126	+0.086	+0.068	+0.010	-0.035	+0.028	-0.273	+0.001	+0.003	-0.166	-0.158	-0.213	-0.231	-0.227	-0.404	-0.515	-0.460	-0.444	-0.449	-0.725	-0.731	-0.732	-0.475	-0.385	-0.471	-0.408	-0.405	-0.732	-0.340	-0.694	-0.404	-0.404	-0.731	-0.584	-0.477	-0.723	-0.380	-0.380	-0.664	-0.672	-0.451	-0.435	-0.485	-0.605	-0.369	-0.398	-0.617	-0.401	
rs2251794      -0.558	-0.392	-0.578	-0.550	-0.601	-0.596	-0.603	-0.476	-0.604	-0.534	-0.485	-0.487	-0.531	-0.487	-0.523	-0.363	-0.609	-0.337	-0.256	-0.256	-0.713	-0.613	-0.745	-0.702	-0.709	-0.349	-0.360	-0.638	-0.683	-0.742	-0.366	-0.741	-0.371	-0.707	-0.377	-0.386	-0.404	-0.402	-0.406	-0.406	-0.710	-0.420	-0.385	-0.625	-0.783	-0.708	-0.554	-0.374	-0.399	-0.398	-0.487	-0.416	-0.474	-0.339	-0.425	-0.448	-0.451	-0.459	-0.464	-0.466	-0.472	-0.464	-0.470	-0.655	-0.772	-0.770	-0.770	-0.769	-0.777	-0.653	-0.799	-0.822	-0.786	-0.786	-0.830	-0.828	-0.793	-0.840	-0.832	-0.788	-0.834	-0.785	-0.834	-0.831	-0.600	-0.832	-0.758	-0.757	-0.845	-0.845	-0.846	-0.765	-0.766	-0.846	-0.845	-0.766	-0.846	-0.767	-0.744	-0.843	-0.842	-0.838	-0.832	-0.706	-0.716	-0.846	-0.686	-0.767	-0.820	-0.813	-0.604	-0.695	+0.034	-0.173	-0.035	-0.042	-0.056	-0.039	-0.081	-0.099	-0.153	-0.122	-0.057	-0.366	-0.098	-0.096	-0.261	-0.255	-0.313	-0.332	-0.338	-0.510	-0.626	-0.563	-0.547	-0.557	-0.850	-0.855	-0.855	-0.584	-0.496	-0.580	-0.519	-0.515	-0.855	-0.450	-0.818	-0.515	-0.515	-0.855	-0.691	-0.587	-0.847	-0.479	-0.479	-0.788	-0.796	-0.560	-0.538	-0.597	-0.735	-0.510	-0.537	-0.746	-0.540	
rs78883330     -0.575	-0.820	-0.603	-0.564	-0.720	-0.734	-0.711	-0.660	-0.706	-0.541	-0.645	-0.640	-0.539	-0.612	-0.528	-0.609	-0.426	-0.339	-0.583	-0.583	-0.655	-0.540	-0.838	-0.885	-0.644	-0.352	-0.365	-0.851	-0.875	-0.717	-0.371	-0.714	-0.378	-0.635	-0.385	-0.394	-0.676	-0.412	-0.677	-0.677	-0.640	-0.686	-0.393	-0.481	-0.881	-0.635	-0.383	-0.385	-0.412	-0.412	-0.727	-0.679	-0.719	-0.346	-0.682	-0.698	-0.700	-0.705	-0.708	-0.710	-0.713	-0.708	-0.711	-0.831	-0.852	-0.852	-0.852	-0.853	-0.848	-0.698	-0.860	-0.901	-0.876	-0.876	-0.898	-0.896	-0.882	-0.908	-0.900	-0.878	-0.902	-0.875	-0.901	-0.895	-0.630	-0.914	-0.816	-0.813	-0.914	-0.914	-0.914	-0.829	-0.830	-0.914	-0.915	-0.830	-0.914	-0.834	-0.808	-0.914	-0.916	-0.913	-0.908	-0.781	-0.787	-0.915	-0.742	-0.858	-0.891	-0.880	-0.688	-0.771	-0.025	-0.217	-0.078	-0.085	-0.098	-0.082	-0.122	-0.140	-0.196	-0.222	-0.160	-0.460	-0.186	-0.184	-0.351	-0.344	-0.398	-0.416	-0.408	-0.588	-0.701	-0.648	-0.628	-0.633	-0.917	-0.922	-0.923	-0.659	-0.570	-0.655	-0.593	-0.589	-0.923	-0.525	-0.885	-0.588	-0.588	-0.922	-0.772	-0.662	-0.914	-0.569	-0.569	-0.853	-0.862	-0.635	-0.624	-0.670	-0.805	-0.578	-0.606	-0.816	-0.609	
rs57840224     -0.206	-0.506	-0.197	-0.209	-0.433	-0.443	-0.426	-0.378	-0.422	-0.207	-0.366	-0.362	-0.207	-0.340	-0.206	-0.337	-0.339	+0.004	-0.262	-0.262	-0.427	-0.339	-0.435	-0.368	-0.419	-0.070	-0.075	-0.305	-0.335	-0.465	-0.080	-0.462	-0.085	-0.414	-0.094	-0.096	-0.343	-0.101	-0.345	-0.345	-0.417	-0.352	-0.099	-0.314	-0.438	-0.413	-0.240	-0.121	-0.129	-0.129	-0.387	-0.346	-0.380	-0.102	-0.348	-0.362	-0.364	-0.368	-0.370	-0.372	-0.374	-0.370	-0.373	-0.468	-0.474	-0.472	-0.472	-0.472	-0.474	-0.295	-0.460	-0.527	-0.504	-0.504	-0.512	-0.509	-0.509	-0.529	-0.514	-0.506	-0.517	-0.503	-0.516	-0.509	-0.219	-0.543	-0.427	-0.423	-0.539	-0.539	-0.538	-0.444	-0.445	-0.539	-0.539	-0.446	-0.539	-0.451	-0.426	-0.539	-0.542	-0.539	-0.535	-0.402	-0.407	-0.540	-0.375	-0.486	-0.516	-0.507	-0.283	-0.379	+0.392	+0.166	+0.307	+0.300	+0.288	+0.303	+0.266	+0.248	+0.190	+0.118	+0.180	-0.114	+0.154	+0.156	-0.009	-0.002	-0.057	-0.074	-0.066	-0.241	-0.347	-0.283	-0.281	-0.285	-0.543	-0.547	-0.548	-0.310	-0.224	-0.306	-0.246	-0.242	-0.548	-0.180	-0.512	-0.242	-0.242	-0.547	-0.405	-0.312	-0.540	-0.203	-0.203	-0.483	-0.492	-0.287	-0.257	-0.320	-0.418	-0.179	-0.208	-0.430	-0.211	
rs58940902     -0.466	-0.601	-0.491	-0.457	-0.395	-0.414	-0.381	-0.326	-0.374	-0.436	-0.305	-0.298	-0.434	-0.262	-0.424	-0.256	-0.583	-0.262	-0.289	-0.394	-0.160	-0.584	-0.407	-0.588	-0.144	-0.274	-0.286	-0.651	-0.635	-0.277	-0.292	-0.272	-0.298	-0.128	-0.304	-0.312	-0.351	-0.329	-0.349	-0.352	-0.135	-0.333	-0.311	+0.163	-0.324	-0.127	+0.316	-0.305	-0.330	-0.330	-0.242	-0.440	-0.285	-0.269	-0.449	-0.427	-0.420	-0.414	-0.409	-0.409	-0.400	-0.410	-0.403	-0.337	-0.706	-0.709	-0.708	-0.711	-0.697	-0.532	-0.721	-0.774	-0.756	-0.757	-0.765	-0.763	-0.761	-0.777	-0.767	-0.759	-0.770	-0.757	-0.769	-0.765	-0.454	-0.790	-0.667	-0.663	-0.784	-0.784	-0.783	-0.686	-0.687	-0.783	-0.784	-0.688	-0.783	-0.694	-0.675	-0.784	-0.788	-0.786	-0.783	-0.651	-0.654	-0.784	-0.594	-0.739	-0.758	-0.744	-0.574	-0.649	+0.137	-0.058	+0.084	+0.077	+0.062	+0.080	+0.042	+0.025	-0.034	-0.084	-0.022	-0.326	-0.049	-0.047	-0.218	-0.211	-0.263	-0.281	-0.284	-0.457	-0.565	-0.541	-0.491	-0.495	-0.779	-0.787	-0.788	-0.521	-0.428	-0.517	-0.452	-0.448	-0.788	-0.383	-0.749	-0.447	-0.447	-0.787	-0.659	-0.524	-0.775	-0.467	-0.467	-0.713	-0.723	-0.497	-0.519	-0.532	-0.670	-0.443	-0.471	-0.683	-0.474	
rs57704120     -0.466	-0.601	-0.491	-0.457	-0.395	-0.415	-0.381	-0.327	-0.374	-0.437	-0.306	-0.299	-0.434	-0.262	-0.424	-0.256	-0.583	-0.262	-0.394	-0.289	-0.161	-0.585	-0.407	-0.589	-0.144	-0.274	-0.286	-0.651	-0.636	-0.278	-0.292	-0.272	-0.298	-0.128	-0.305	-0.313	-0.350	-0.329	-0.349	-0.352	-0.135	-0.332	-0.312	+0.163	-0.324	-0.127	+0.315	-0.305	-0.331	-0.330	-0.241	-0.440	-0.285	-0.269	-0.450	-0.427	-0.420	-0.415	-0.409	-0.409	-0.400	-0.410	-0.403	-0.338	-0.707	-0.709	-0.709	-0.711	-0.698	-0.533	-0.721	-0.775	-0.757	-0.757	-0.766	-0.764	-0.762	-0.778	-0.767	-0.759	-0.770	-0.757	-0.769	-0.765	-0.455	-0.790	-0.668	-0.664	-0.784	-0.784	-0.783	-0.687	-0.688	-0.784	-0.785	-0.689	-0.784	-0.694	-0.675	-0.784	-0.789	-0.787	-0.783	-0.652	-0.654	-0.784	-0.594	-0.739	-0.759	-0.745	-0.574	-0.649	+0.137	-0.059	+0.084	+0.076	+0.062	+0.080	+0.042	+0.025	-0.034	-0.084	-0.022	-0.327	-0.049	-0.047	-0.218	-0.211	-0.263	-0.281	-0.284	-0.458	-0.565	-0.542	-0.492	-0.495	-0.779	-0.788	-0.788	-0.522	-0.429	-0.517	-0.452	-0.448	-0.788	-0.383	-0.750	-0.448	-0.448	-0.788	-0.660	-0.524	-0.775	-0.467	-0.467	-0.713	-0.723	-0.497	-0.520	-0.533	-0.670	-0.443	-0.471	-0.683	-0.474	
rs2264318      -0.598	-0.812	-0.619	-0.590	-0.788	-0.794	-0.784	-0.745	-0.782	-0.572	-0.736	-0.733	-0.570	-0.716	-0.562	-0.713	-0.655	-0.427	-0.160	-0.161	-0.409	-0.658	-0.723	-0.571	-0.536	-0.438	-0.448	-0.475	-0.544	-0.601	-0.454	-0.603	-0.459	-0.541	-0.465	-0.472	-0.330	-0.487	-0.333	-0.333	-0.549	-0.349	-0.471	-0.505	-0.745	-0.552	-0.394	-0.463	-0.486	-0.485	-0.433	-0.347	-0.416	-0.430	-0.359	-0.385	-0.388	-0.398	-0.404	-0.408	-0.414	-0.404	-0.411	-0.634	-0.805	-0.803	-0.803	-0.801	-0.812	-0.693	-0.843	-0.870	-0.835	-0.836	-0.874	-0.873	-0.842	-0.884	-0.876	-0.838	-0.878	-0.835	-0.878	-0.868	-0.637	-0.880	-0.801	-0.800	-0.890	-0.890	-0.891	-0.809	-0.810	-0.891	-0.890	-0.810	-0.891	-0.812	-0.786	-0.888	-0.889	-0.885	-0.879	-0.753	-0.762	-0.893	-0.734	-0.816	-0.871	-0.862	-0.643	-0.737	-0.027	-0.231	-0.096	-0.103	-0.117	-0.100	-0.141	-0.158	-0.212	-0.203	-0.140	-0.437	-0.163	-0.161	-0.325	-0.319	-0.375	-0.394	-0.375	-0.559	-0.674	-0.603	-0.600	-0.609	-0.895	-0.899	-0.900	-0.635	-0.547	-0.631	-0.571	-0.567	-0.900	-0.503	-0.863	-0.566	-0.566	-0.900	-0.733	-0.638	-0.893	-0.520	-0.520	-0.833	-0.842	-0.611	-0.578	-0.647	-0.781	-0.553	-0.580	-0.793	-0.583	
rs11594655     -0.575	-0.823	-0.603	-0.564	-0.723	-0.737	-0.714	-0.663	-0.709	-0.542	-0.648	-0.643	-0.539	-0.616	-0.528	-0.613	-0.540	-0.339	-0.584	-0.585	-0.658	-0.426	-0.840	-0.886	-0.647	-0.352	-0.365	-0.853	-0.876	-0.720	-0.371	-0.716	-0.378	-0.638	-0.385	-0.394	-0.677	-0.412	-0.679	-0.679	-0.643	-0.687	-0.393	-0.485	-0.882	-0.638	-0.387	-0.384	-0.412	-0.412	-0.729	-0.681	-0.720	-0.346	-0.683	-0.699	-0.701	-0.707	-0.710	-0.711	-0.714	-0.709	-0.713	-0.832	-0.852	-0.853	-0.853	-0.853	-0.848	-0.698	-0.861	-0.902	-0.876	-0.876	-0.899	-0.897	-0.882	-0.908	-0.900	-0.878	-0.903	-0.876	-0.902	-0.896	-0.631	-0.915	-0.817	-0.814	-0.915	-0.915	-0.914	-0.830	-0.831	-0.915	-0.915	-0.831	-0.915	-0.835	-0.809	-0.914	-0.916	-0.913	-0.909	-0.782	-0.788	-0.916	-0.742	-0.858	-0.891	-0.880	-0.689	-0.772	-0.025	-0.218	-0.079	-0.086	-0.099	-0.083	-0.123	-0.141	-0.197	-0.223	-0.161	-0.460	-0.186	-0.184	-0.351	-0.345	-0.398	-0.417	-0.408	-0.588	-0.701	-0.648	-0.628	-0.633	-0.917	-0.923	-0.923	-0.660	-0.570	-0.655	-0.593	-0.589	-0.923	-0.525	-0.885	-0.589	-0.589	-0.923	-0.772	-0.662	-0.914	-0.570	-0.570	-0.854	-0.863	-0.635	-0.625	-0.671	-0.805	-0.579	-0.606	-0.817	-0.610	
rs2247988      -0.705	-0.967	-0.735	-0.693	-0.851	-0.865	-0.841	-0.800	-0.836	-0.668	-0.784	-0.778	-0.665	-0.749	-0.653	-0.745	-0.838	-0.435	-0.407	-0.407	-0.723	-0.840	-0.590	-1.004	-0.710	-0.449	-0.462	-0.956	-0.991	-0.807	-0.469	-0.803	-0.476	-0.699	-0.484	-0.494	-0.569	-0.513	-0.572	-0.572	-0.705	-0.587	-0.492	-0.427	-1.013	-0.699	-0.280	-0.482	-0.512	-0.511	-0.665	-0.584	-0.650	-0.440	-0.596	-0.621	-0.624	-0.633	-0.639	-0.642	-0.648	-0.639	-0.645	-0.842	-0.997	-0.996	-0.996	-0.996	-0.996	-0.858	-1.016	-1.048	-1.019	-1.019	-1.049	-1.048	-1.025	-1.057	-1.051	-1.021	-1.053	-1.018	-1.052	-1.045	-0.797	-1.060	-0.970	-0.968	-1.064	-1.064	-1.064	-0.980	-0.981	-1.065	-1.065	-0.981	-1.065	-0.984	-0.960	-1.063	-1.064	-1.061	-1.056	-0.928	-0.936	-1.066	-0.898	-1.000	-1.042	-1.032	-0.834	-0.919	-0.193	-0.385	-0.249	-0.256	-0.269	-0.253	-0.294	-0.312	-0.366	-0.365	-0.303	-0.603	-0.327	-0.325	-0.492	-0.485	-0.539	-0.558	-0.543	-0.729	-0.845	-0.787	-0.769	-0.777	-1.067	-1.072	-1.073	-0.804	-0.714	-0.799	-0.737	-0.734	-1.073	-0.669	-1.034	-0.733	-0.733	-1.072	-0.914	-0.806	-1.064	-0.707	-0.707	-1.002	-1.011	-0.779	-0.764	-0.815	-0.957	-0.732	-0.758	-0.968	-0.762	
rs7090912      -0.699	-0.960	-0.732	-0.687	-0.859	-0.873	-0.849	-0.761	-0.844	-0.660	-0.744	-0.738	-0.657	-0.707	-0.644	-0.702	-0.885	-0.368	-0.588	-0.589	-0.571	-0.886	-1.004	-0.607	-0.554	-0.384	-0.399	-0.745	-0.781	-0.679	-0.407	-0.674	-0.415	-0.537	-0.425	-0.435	-0.721	-0.458	-0.723	-0.723	-0.543	-0.735	-0.434	-0.432	-0.790	-0.536	-0.303	-0.429	-0.464	-0.463	-0.793	-0.732	-0.782	-0.382	-0.740	-0.760	-0.762	-0.769	-0.773	-0.776	-0.780	-0.773	-0.778	-0.939	-1.008	-1.009	-1.008	-1.009	-1.003	-0.862	-1.027	-1.068	-1.043	-1.044	-1.064	-1.062	-1.049	-1.074	-1.066	-1.045	-1.068	-1.043	-1.067	-1.062	-0.794	-1.082	-0.981	-0.978	-1.081	-1.081	-1.080	-0.994	-0.995	-1.081	-1.081	-0.996	-1.081	-0.999	-0.975	-1.080	-1.082	-1.080	-1.075	-0.948	-0.954	-1.081	-0.904	-1.026	-1.056	-1.044	-0.859	-0.940	-0.195	-0.383	-0.245	-0.253	-0.266	-0.250	-0.289	-0.308	-0.363	-0.385	-0.324	-0.623	-0.349	-0.347	-0.515	-0.508	-0.560	-0.579	-0.572	-0.752	-0.864	-0.818	-0.790	-0.796	-1.080	-1.086	-1.087	-0.822	-0.732	-0.818	-0.755	-0.751	-1.087	-0.687	-1.049	-0.751	-0.751	-1.086	-0.940	-0.824	-1.077	-0.740	-0.740	-1.015	-1.025	-0.798	-0.795	-0.833	-0.972	-0.749	-0.776	-0.983	-0.779	
rs2467471      -0.589	-0.803	-0.610	-0.581	-0.782	-0.787	-0.778	-0.740	-0.775	-0.564	-0.731	-0.728	-0.562	-0.712	-0.553	-0.709	-0.644	-0.419	-0.144	-0.144	-0.536	-0.647	-0.710	-0.554	-0.399	-0.431	-0.441	-0.455	-0.526	-0.580	-0.446	-0.582	-0.452	-0.523	-0.458	-0.465	-0.313	-0.480	-0.316	-0.316	-0.530	-0.332	-0.464	-0.503	-0.731	-0.535	-0.394	-0.456	-0.479	-0.478	-0.416	-0.328	-0.400	-0.423	-0.341	-0.368	-0.372	-0.381	-0.388	-0.391	-0.398	-0.388	-0.395	-0.620	-0.795	-0.792	-0.792	-0.790	-0.802	-0.684	-0.833	-0.860	-0.825	-0.826	-0.865	-0.863	-0.832	-0.874	-0.866	-0.827	-0.869	-0.825	-0.868	-0.858	-0.628	-0.870	-0.792	-0.790	-0.880	-0.881	-0.881	-0.800	-0.800	-0.881	-0.880	-0.800	-0.881	-0.802	-0.776	-0.879	-0.879	-0.875	-0.869	-0.743	-0.752	-0.883	-0.725	-0.806	-0.861	-0.853	-0.632	-0.726	-0.019	-0.223	-0.088	-0.094	-0.108	-0.092	-0.133	-0.150	-0.203	-0.193	-0.130	-0.428	-0.153	-0.151	-0.315	-0.309	-0.365	-0.384	-0.364	-0.549	-0.664	-0.593	-0.590	-0.599	-0.885	-0.890	-0.890	-0.625	-0.538	-0.621	-0.561	-0.557	-0.890	-0.493	-0.853	-0.556	-0.556	-0.890	-0.723	-0.628	-0.883	-0.510	-0.510	-0.823	-0.832	-0.602	-0.568	-0.637	-0.771	-0.542	-0.569	-0.783	-0.572	
rs73300697     -0.223	-0.518	-0.216	-0.226	-0.444	-0.455	-0.437	-0.390	-0.433	-0.223	-0.378	-0.374	-0.222	-0.351	-0.221	-0.349	-0.352	-0.070	-0.274	-0.274	-0.438	-0.352	-0.449	-0.384	-0.431	-0.011	-0.085	-0.321	-0.352	-0.476	-0.089	-0.474	-0.091	-0.425	-0.101	-0.102	-0.356	-0.109	-0.357	-0.357	-0.428	-0.364	-0.106	-0.324	-0.453	-0.424	-0.250	-0.128	-0.138	-0.138	-0.400	-0.358	-0.393	-0.107	-0.360	-0.374	-0.376	-0.380	-0.383	-0.384	-0.387	-0.382	-0.385	-0.481	-0.486	-0.485	-0.485	-0.485	-0.487	-0.308	-0.473	-0.540	-0.516	-0.517	-0.525	-0.522	-0.522	-0.541	-0.527	-0.518	-0.530	-0.516	-0.529	-0.522	-0.233	-0.555	-0.440	-0.436	-0.552	-0.551	-0.551	-0.457	-0.458	-0.551	-0.552	-0.459	-0.551	-0.464	-0.439	-0.551	-0.554	-0.552	-0.548	-0.415	-0.420	-0.552	-0.388	-0.499	-0.528	-0.520	-0.296	-0.392	+0.378	+0.152	+0.293	+0.286	+0.275	+0.290	+0.252	+0.234	+0.176	+0.105	+0.167	-0.127	+0.141	+0.143	-0.022	-0.014	-0.069	-0.087	-0.079	-0.254	-0.359	-0.295	-0.293	-0.298	-0.556	-0.560	-0.560	-0.323	-0.236	-0.318	-0.258	-0.255	-0.560	-0.193	-0.524	-0.254	-0.254	-0.560	-0.417	-0.325	-0.553	-0.216	-0.215	-0.496	-0.504	-0.300	-0.269	-0.332	-0.431	-0.192	-0.221	-0.443	-0.224	
rs57673018     -0.239	-0.530	-0.233	-0.240	-0.455	-0.466	-0.448	-0.401	-0.445	-0.237	-0.389	-0.384	-0.236	-0.362	-0.235	-0.360	-0.365	-0.075	-0.286	-0.286	-0.448	-0.365	-0.462	-0.399	-0.441	-0.085	-0.025	-0.337	-0.367	-0.487	-0.097	-0.485	-0.101	-0.435	-0.109	-0.112	-0.367	-0.119	-0.369	-0.369	-0.438	-0.376	-0.115	-0.334	-0.466	-0.435	-0.260	-0.136	-0.148	-0.147	-0.411	-0.370	-0.404	-0.113	-0.372	-0.386	-0.388	-0.392	-0.395	-0.396	-0.398	-0.394	-0.397	-0.493	-0.499	-0.498	-0.498	-0.497	-0.499	-0.321	-0.486	-0.552	-0.528	-0.529	-0.537	-0.534	-0.534	-0.554	-0.539	-0.530	-0.542	-0.528	-0.542	-0.534	-0.246	-0.567	-0.452	-0.448	-0.564	-0.564	-0.563	-0.470	-0.471	-0.563	-0.564	-0.471	-0.564	-0.476	-0.451	-0.563	-0.566	-0.564	-0.560	-0.428	-0.432	-0.565	-0.400	-0.511	-0.541	-0.532	-0.308	-0.405	+0.365	+0.139	+0.280	+0.274	+0.262	+0.277	+0.239	+0.221	+0.164	+0.094	+0.156	-0.138	+0.130	+0.132	-0.033	-0.026	-0.081	-0.098	-0.090	-0.265	-0.371	-0.307	-0.305	-0.309	-0.568	-0.572	-0.573	-0.334	-0.248	-0.330	-0.270	-0.267	-0.573	-0.204	-0.537	-0.266	-0.266	-0.572	-0.429	-0.337	-0.565	-0.228	-0.227	-0.508	-0.516	-0.311	-0.281	-0.344	-0.443	-0.205	-0.234	-0.456	-0.237	
rs55980305     -0.657	-0.913	-0.691	-0.644	-0.808	-0.823	-0.797	-0.700	-0.792	-0.616	-0.682	-0.675	-0.613	-0.643	-0.599	-0.638	-0.851	-0.305	-0.651	-0.651	-0.475	-0.853	-0.956	-0.745	-0.455	-0.321	-0.337	-0.573	-0.725	-0.542	-0.345	-0.535	-0.353	-0.435	-0.363	-0.374	-0.758	-0.398	-0.760	-0.760	-0.442	-0.769	-0.372	-0.338	-0.708	-0.435	-0.205	-0.368	-0.404	-0.403	-0.814	-0.766	-0.806	-0.320	-0.771	-0.787	-0.789	-0.795	-0.798	-0.800	-0.803	-0.798	-0.801	-0.917	-0.972	-0.974	-0.973	-0.975	-0.966	-0.825	-0.996	-1.037	-1.015	-1.015	-1.033	-1.031	-1.020	-1.042	-1.035	-1.017	-1.037	-1.015	-1.036	-1.031	-0.755	-1.051	-0.947	-0.943	-1.048	-1.048	-1.047	-0.961	-0.962	-1.048	-1.048	-0.963	-1.048	-0.967	-0.943	-1.048	-1.051	-1.049	-1.045	-0.917	-0.922	-1.049	-0.868	-0.998	-1.025	-1.012	-0.832	-0.910	-0.161	-0.348	-0.210	-0.217	-0.231	-0.214	-0.254	-0.272	-0.328	-0.347	-0.286	-0.587	-0.311	-0.309	-0.479	-0.471	-0.524	-0.542	-0.537	-0.718	-0.829	-0.790	-0.754	-0.759	-1.047	-1.054	-1.054	-0.786	-0.695	-0.782	-0.718	-0.715	-1.054	-0.650	-1.015	-0.714	-0.714	-1.054	-0.912	-0.789	-1.043	-0.713	-0.713	-0.980	-0.990	-0.762	-0.768	-0.797	-0.940	-0.716	-0.743	-0.951	-0.747	
rs7079601      -0.682	-0.946	-0.715	-0.669	-0.844	-0.859	-0.834	-0.743	-0.829	-0.641	-0.725	-0.719	-0.638	-0.688	-0.624	-0.683	-0.875	-0.335	-0.635	-0.636	-0.544	-0.876	-0.991	-0.781	-0.526	-0.352	-0.367	-0.725	-0.598	-0.611	-0.376	-0.605	-0.384	-0.507	-0.393	-0.404	-0.753	-0.428	-0.755	-0.755	-0.513	-0.765	-0.403	-0.403	-0.767	-0.506	-0.273	-0.398	-0.434	-0.433	-0.816	-0.762	-0.806	-0.351	-0.768	-0.786	-0.788	-0.794	-0.797	-0.800	-0.804	-0.797	-0.802	-0.939	-0.997	-0.998	-0.998	-0.999	-0.991	-0.851	-1.019	-1.059	-1.036	-1.036	-1.056	-1.054	-1.041	-1.065	-1.057	-1.038	-1.060	-1.036	-1.059	-1.054	-0.781	-1.074	-0.971	-0.968	-1.071	-1.071	-1.071	-0.985	-0.986	-1.071	-1.072	-0.987	-1.071	-0.990	-0.966	-1.071	-1.074	-1.071	-1.067	-0.940	-0.945	-1.072	-0.894	-1.019	-1.048	-1.036	-0.852	-0.932	-0.186	-0.374	-0.235	-0.243	-0.256	-0.240	-0.280	-0.298	-0.354	-0.374	-0.313	-0.613	-0.338	-0.336	-0.505	-0.497	-0.550	-0.568	-0.563	-0.742	-0.854	-0.810	-0.780	-0.785	-1.071	-1.077	-1.078	-0.812	-0.721	-0.807	-0.744	-0.741	-1.078	-0.676	-1.039	-0.740	-0.740	-1.077	-0.933	-0.814	-1.067	-0.733	-0.733	-1.005	-1.014	-0.787	-0.788	-0.823	-0.963	-0.740	-0.767	-0.974	-0.770	
rs2244927      -0.646	-0.872	-0.668	-0.638	-0.831	-0.839	-0.826	-0.780	-0.823	-0.620	-0.769	-0.766	-0.617	-0.745	-0.608	-0.742	-0.717	-0.465	-0.277	-0.278	-0.601	-0.720	-0.807	-0.679	-0.580	-0.476	-0.487	-0.542	-0.611	-0.465	-0.493	-0.590	-0.498	-0.568	-0.505	-0.512	-0.434	-0.528	-0.436	-0.436	-0.575	-0.451	-0.511	-0.494	-0.820	-0.573	-0.365	-0.503	-0.527	-0.526	-0.528	-0.447	-0.513	-0.469	-0.457	-0.483	-0.486	-0.495	-0.501	-0.504	-0.511	-0.501	-0.508	-0.716	-0.861	-0.858	-0.859	-0.856	-0.867	-0.747	-0.897	-0.924	-0.890	-0.891	-0.929	-0.927	-0.897	-0.938	-0.931	-0.892	-0.933	-0.890	-0.932	-0.922	-0.691	-0.935	-0.854	-0.854	-0.943	-0.944	-0.944	-0.863	-0.864	-0.944	-0.944	-0.864	-0.944	-0.866	-0.840	-0.942	-0.941	-0.937	-0.931	-0.808	-0.817	-0.946	-0.786	-0.868	-0.923	-0.915	-0.701	-0.793	-0.076	-0.278	-0.142	-0.149	-0.163	-0.146	-0.188	-0.205	-0.259	-0.255	-0.192	-0.490	-0.215	-0.213	-0.377	-0.372	-0.427	-0.446	-0.428	-0.612	-0.728	-0.661	-0.653	-0.662	-0.949	-0.954	-0.954	-0.689	-0.600	-0.685	-0.624	-0.620	-0.954	-0.556	-0.917	-0.619	-0.619	-0.954	-0.790	-0.691	-0.947	-0.579	-0.579	-0.887	-0.896	-0.665	-0.637	-0.700	-0.836	-0.608	-0.635	-0.847	-0.638	
rs61446409     -0.247	-0.536	-0.242	-0.248	-0.461	-0.472	-0.454	-0.407	-0.450	-0.244	-0.394	-0.390	-0.244	-0.368	-0.242	-0.366	-0.371	-0.080	-0.292	-0.292	-0.454	-0.371	-0.469	-0.407	-0.446	-0.089	-0.097	-0.345	-0.376	-0.493	-0.032	-0.490	-0.105	-0.441	-0.112	-0.116	-0.373	-0.124	-0.375	-0.375	-0.444	-0.382	-0.119	-0.339	-0.473	-0.440	-0.265	-0.139	-0.152	-0.152	-0.417	-0.376	-0.410	-0.115	-0.378	-0.392	-0.394	-0.398	-0.401	-0.402	-0.405	-0.400	-0.403	-0.499	-0.505	-0.504	-0.504	-0.503	-0.505	-0.328	-0.492	-0.558	-0.535	-0.535	-0.544	-0.541	-0.540	-0.560	-0.546	-0.537	-0.549	-0.535	-0.548	-0.540	-0.252	-0.574	-0.459	-0.455	-0.570	-0.570	-0.569	-0.476	-0.477	-0.570	-0.570	-0.478	-0.570	-0.483	-0.458	-0.570	-0.573	-0.570	-0.566	-0.434	-0.438	-0.571	-0.406	-0.517	-0.547	-0.538	-0.315	-0.411	+0.358	+0.133	+0.273	+0.267	+0.255	+0.270	+0.232	+0.215	+0.157	+0.088	+0.150	-0.144	+0.124	+0.126	-0.039	-0.032	-0.087	-0.104	-0.096	-0.271	-0.377	-0.313	-0.311	-0.315	-0.574	-0.578	-0.579	-0.340	-0.254	-0.336	-0.276	-0.273	-0.579	-0.210	-0.543	-0.272	-0.272	-0.579	-0.435	-0.343	-0.572	-0.234	-0.234	-0.514	-0.523	-0.317	-0.288	-0.350	-0.450	-0.212	-0.241	-0.462	-0.244	
rs2244815      -0.643	-0.869	-0.665	-0.635	-0.829	-0.837	-0.824	-0.779	-0.821	-0.617	-0.768	-0.764	-0.615	-0.744	-0.606	-0.741	-0.714	-0.462	-0.272	-0.272	-0.603	-0.716	-0.803	-0.674	-0.582	-0.474	-0.485	-0.535	-0.605	-0.590	-0.490	-0.462	-0.496	-0.570	-0.502	-0.510	-0.428	-0.525	-0.431	-0.431	-0.577	-0.446	-0.509	-0.496	-0.816	-0.574	-0.369	-0.501	-0.524	-0.524	-0.523	-0.441	-0.508	-0.467	-0.452	-0.477	-0.481	-0.490	-0.496	-0.499	-0.505	-0.496	-0.502	-0.712	-0.857	-0.855	-0.855	-0.853	-0.863	-0.744	-0.894	-0.921	-0.887	-0.888	-0.926	-0.924	-0.894	-0.935	-0.928	-0.889	-0.930	-0.887	-0.929	-0.919	-0.688	-0.931	-0.851	-0.851	-0.940	-0.941	-0.941	-0.860	-0.861	-0.941	-0.940	-0.861	-0.941	-0.863	-0.837	-0.939	-0.938	-0.934	-0.928	-0.805	-0.814	-0.943	-0.783	-0.865	-0.920	-0.912	-0.698	-0.790	-0.073	-0.275	-0.139	-0.146	-0.160	-0.143	-0.184	-0.201	-0.256	-0.251	-0.189	-0.486	-0.212	-0.209	-0.374	-0.368	-0.423	-0.443	-0.425	-0.609	-0.725	-0.658	-0.650	-0.659	-0.946	-0.950	-0.951	-0.685	-0.597	-0.681	-0.620	-0.617	-0.951	-0.552	-0.914	-0.616	-0.616	-0.951	-0.787	-0.688	-0.944	-0.575	-0.575	-0.884	-0.893	-0.662	-0.633	-0.697	-0.833	-0.605	-0.632	-0.844	-0.635	
rs1249140      -0.254	-0.542	-0.250	-0.255	-0.467	-0.478	-0.460	-0.413	-0.456	-0.251	-0.400	-0.396	-0.250	-0.373	-0.248	-0.371	-0.378	-0.085	-0.298	-0.298	-0.459	-0.378	-0.476	-0.415	-0.452	-0.091	-0.101	-0.353	-0.384	-0.498	-0.105	-0.496	-0.040	-0.446	-0.116	-0.120	-0.379	-0.130	-0.381	-0.381	-0.449	-0.388	-0.122	-0.344	-0.481	-0.445	-0.269	-0.144	-0.157	-0.157	-0.424	-0.382	-0.416	-0.117	-0.384	-0.398	-0.400	-0.404	-0.407	-0.408	-0.411	-0.406	-0.409	-0.505	-0.511	-0.510	-0.510	-0.510	-0.511	-0.334	-0.498	-0.564	-0.541	-0.541	-0.550	-0.547	-0.547	-0.566	-0.552	-0.543	-0.555	-0.541	-0.554	-0.547	-0.259	-0.580	-0.465	-0.461	-0.576	-0.576	-0.575	-0.482	-0.483	-0.576	-0.577	-0.484	-0.576	-0.489	-0.464	-0.576	-0.579	-0.577	-0.573	-0.440	-0.445	-0.577	-0.413	-0.524	-0.553	-0.544	-0.321	-0.417	+0.351	+0.126	+0.267	+0.260	+0.248	+0.263	+0.226	+0.208	+0.150	+0.081	+0.143	-0.151	+0.118	+0.120	-0.045	-0.038	-0.093	-0.110	-0.102	-0.277	-0.383	-0.319	-0.317	-0.321	-0.580	-0.585	-0.585	-0.346	-0.260	-0.342	-0.282	-0.279	-0.585	-0.216	-0.549	-0.278	-0.278	-0.585	-0.441	-0.349	-0.578	-0.240	-0.240	-0.521	-0.529	-0.323	-0.294	-0.356	-0.456	-0.218	-0.247	-0.468	-0.250	
