## Summary of overall evidence for association with region:
## log10(BF for region) = -0.270463
## p-value for region = NA

## BFs for choosing among multi-SNP models:
## log10(average 1-SNP BF) = -0.220071
## log10(average 2-SNP BF) = -0.39313

## Example posterior probabilities for multi-SNP models, based on default prior: [p(l) propto 0.5^l for l=1,2,...,L]
## posterior probability of 1-SNP = 0.748689
## posterior probability of 2-SNP = 0.251311

## log10(BF) for single SNP and pair of SNPs:
rs12767282     -0.518	-0.393	-0.912	-0.941	-0.915	-0.919	-0.914	-0.915	-0.230	-0.923	-0.177	-0.174	-0.707	-0.979	-0.967	-0.714	-0.979	-0.716	-0.443	-0.719	-0.721	-0.300	-0.309	-0.678	-0.455	-0.432	-0.439	-0.998	-0.954	-0.989	-0.958	-0.959	-0.104	-0.418	-0.371	-0.414	-0.433	-0.433	-0.733	-0.732	-0.435	-0.727	-0.699	-0.267	-0.736	-0.411	-0.921	-0.929	-0.835	-0.863	-0.210	-0.518	-0.426	-0.446	-0.308	-0.385	-0.402	-0.478	-0.959	-0.250	-0.952	-0.245	-0.283	-0.419	-0.237	-0.237	-0.237	-0.150	-0.964	-0.378	-0.389	-0.509	-0.964	-0.530	-0.944	-0.950	-0.582	-0.367	-0.337	-0.358	-0.362	-0.293	-0.309	-0.355	-0.971	-0.457	-0.658	-0.653	-0.675	-0.939	-0.909	-0.912	-0.913	-0.924	-0.922	-0.984	-0.984	-0.984	-0.933	-0.862	-0.986	-0.986	-0.986	-0.987	-0.987	-0.917	-0.845	-0.959	-0.967	-0.971	-0.844	-0.976	-0.845	-0.976	-0.846	-0.848	-0.849	-0.747	-0.736	-0.738	-0.551	-0.990	-0.642	-0.662	-0.752	-0.752	-0.664	-0.640	-0.776	-0.807	-0.827	-0.886	-0.918	-0.903	-0.903	-0.944	-0.748	-0.959	-0.968	-0.917	-0.628	-0.981	-0.674	-0.911	-0.860	-0.626	-0.621	-0.655	-0.645	-0.872	-0.904	-0.904	-0.903	-0.903	-0.903	-0.898	-0.938	-0.899	-0.743	-0.903	-0.903	
rs17152263     -0.393	+0.026	-0.289	-0.333	-0.292	-0.299	-0.292	-0.293	+0.005	-0.306	+0.051	+0.054	-0.309	-0.402	-0.472	-0.316	-0.403	-0.317	-0.077	-0.320	-0.321	+0.060	+0.051	-0.285	-0.091	-0.071	-0.093	-0.450	-0.349	-0.443	-0.355	-0.358	+0.165	-0.070	-0.015	-0.083	-0.081	-0.082	-0.331	-0.330	-0.084	-0.326	-0.301	-0.008	-0.001	-0.097	-0.305	-0.319	-0.146	-0.200	+0.170	-0.142	-0.119	-0.131	+0.105	-0.094	+0.005	-0.066	-0.376	-0.002	-0.364	+0.001	-0.029	-0.011	+0.007	+0.008	+0.007	+0.080	-0.386	-0.091	+0.021	-0.191	-0.385	-0.203	-0.350	-0.361	-0.158	-0.083	-0.079	-0.095	-0.080	-0.045	-0.058	-0.074	-0.403	-0.044	-0.230	-0.225	-0.246	-0.401	-0.422	-0.426	-0.428	-0.440	-0.437	-0.486	-0.486	-0.487	-0.450	-0.362	-0.490	-0.491	-0.491	-0.494	-0.495	-0.434	-0.348	-0.438	-0.476	-0.462	-0.348	-0.483	-0.349	-0.483	-0.350	-0.352	-0.354	-0.275	-0.266	-0.267	-0.110	-0.519	-0.046	-0.070	-0.186	-0.186	-0.075	-0.210	-0.337	-0.364	-0.382	-0.400	-0.436	-0.450	-0.450	-0.484	-0.318	-0.496	-0.502	-0.451	-0.206	-0.511	-0.250	-0.446	-0.395	-0.205	-0.160	-0.194	-0.184	-0.398	-0.418	-0.418	-0.417	-0.417	-0.417	-0.411	-0.474	-0.411	-0.217	-0.416	-0.417	
rs6602619      -0.912	-0.289	-0.550	-0.713	-0.690	-0.694	-0.691	-0.690	-0.042	-0.690	+0.022	+0.027	-0.657	-0.725	-0.951	-0.668	-0.723	-0.669	-0.346	-0.674	-0.676	-0.145	-0.160	-0.624	-0.311	-0.275	-0.340	-0.628	-0.813	-0.718	-0.812	-0.812	+0.023	-0.314	-0.183	-0.313	-0.338	-0.339	-0.703	-0.703	-0.341	-0.699	-0.661	-0.170	-0.734	-0.327	-0.904	-0.911	-0.858	-0.873	-0.229	-0.459	-0.355	-0.381	-0.365	-0.310	-0.466	-0.545	-0.961	-0.166	-0.958	-0.158	-0.201	-0.483	-0.150	-0.150	-0.150	-0.051	-0.964	-0.304	-0.462	-0.428	-0.964	-0.453	-0.949	-0.952	-0.656	-0.291	-0.233	-0.258	-0.285	-0.182	-0.202	-0.277	-0.965	-0.532	-0.728	-0.723	-0.745	-0.965	-0.930	-0.934	-0.935	-0.947	-0.944	-1.013	-1.013	-1.013	-0.958	-0.899	-1.014	-1.015	-1.015	-1.016	-1.016	-0.938	-0.855	-0.984	-0.989	-0.996	-0.853	-1.005	-0.855	-1.005	-0.856	-0.858	-0.860	-0.784	-0.775	-0.776	-0.602	-1.014	-0.651	-0.671	-0.765	-0.765	-0.668	-0.688	-0.819	-0.849	-0.869	-0.920	-0.950	-0.940	-0.940	-0.978	-0.787	-0.992	-1.000	-0.961	-0.670	-1.012	-0.715	-0.954	-0.906	-0.668	-0.647	-0.682	-0.672	-0.906	-0.930	-0.930	-0.929	-0.929	-0.929	-0.924	-0.972	-0.925	-0.772	-0.929	-0.929	
rs2482043      -0.941	-0.333	-0.713	-0.582	-0.711	-0.718	-0.711	-0.711	-0.100	-0.728	-0.036	-0.032	-0.622	-0.771	-0.980	-0.634	-0.770	-0.635	-0.396	-0.641	-0.643	-0.098	-0.114	-0.584	-0.269	-0.227	-0.389	-0.694	-0.833	-0.773	-0.834	-0.836	-0.004	-0.365	-0.133	-0.361	-0.387	-0.388	-0.680	-0.679	-0.390	-0.676	-0.632	-0.200	-0.719	-0.375	-0.920	-0.929	-0.866	-0.881	-0.209	-0.503	-0.400	-0.426	-0.355	-0.357	-0.460	-0.542	-0.983	-0.197	-0.979	-0.190	-0.232	-0.477	-0.181	-0.180	-0.180	-0.078	-0.987	-0.350	-0.458	-0.472	-0.987	-0.497	-0.970	-0.974	-0.657	-0.338	-0.264	-0.289	-0.332	-0.213	-0.233	-0.324	-0.990	-0.531	-0.732	-0.727	-0.749	-0.995	-0.961	-0.965	-0.966	-0.978	-0.975	-1.043	-1.043	-1.043	-0.988	-0.929	-1.044	-1.044	-1.044	-1.046	-1.046	-0.969	-0.888	-1.014	-1.020	-1.026	-0.886	-1.035	-0.887	-1.035	-0.888	-0.891	-0.892	-0.813	-0.803	-0.805	-0.629	-1.044	-0.684	-0.705	-0.798	-0.798	-0.702	-0.714	-0.846	-0.876	-0.896	-0.949	-0.979	-0.968	-0.968	-1.007	-0.814	-1.021	-1.029	-0.988	-0.696	-1.041	-0.742	-0.981	-0.933	-0.695	-0.678	-0.712	-0.702	-0.935	-0.960	-0.960	-0.960	-0.960	-0.960	-0.955	-1.000	-0.956	-0.802	-0.959	-0.960	
rs4750262      -0.915	-0.292	-0.690	-0.711	-0.553	-0.688	-0.684	-0.683	-0.042	-0.688	+0.023	+0.027	-0.657	-0.731	-0.953	-0.667	-0.729	-0.669	-0.349	-0.674	-0.676	-0.145	-0.160	-0.623	-0.312	-0.275	-0.342	-0.631	-0.817	-0.722	-0.815	-0.816	+0.021	-0.318	-0.183	-0.315	-0.341	-0.342	-0.704	-0.703	-0.344	-0.700	-0.662	-0.173	-0.735	-0.331	-0.906	-0.913	-0.859	-0.875	-0.229	-0.462	-0.359	-0.384	-0.366	-0.314	-0.467	-0.546	-0.963	-0.170	-0.960	-0.162	-0.204	-0.484	-0.153	-0.153	-0.153	-0.054	-0.966	-0.307	-0.463	-0.430	-0.966	-0.455	-0.952	-0.954	-0.657	-0.294	-0.235	-0.261	-0.289	-0.184	-0.204	-0.281	-0.967	-0.533	-0.729	-0.724	-0.746	-0.967	-0.933	-0.937	-0.938	-0.950	-0.947	-1.015	-1.015	-1.015	-0.960	-0.901	-1.017	-1.017	-1.017	-1.018	-1.018	-0.941	-0.858	-0.986	-0.992	-0.998	-0.856	-1.007	-0.858	-1.007	-0.858	-0.861	-0.862	-0.787	-0.777	-0.779	-0.605	-1.016	-0.653	-0.674	-0.768	-0.768	-0.671	-0.690	-0.821	-0.852	-0.871	-0.922	-0.952	-0.942	-0.942	-0.980	-0.789	-0.994	-1.003	-0.963	-0.672	-1.014	-0.718	-0.956	-0.909	-0.671	-0.650	-0.685	-0.674	-0.908	-0.932	-0.932	-0.932	-0.932	-0.932	-0.927	-0.974	-0.927	-0.774	-0.931	-0.931	
rs4750263      -0.919	-0.299	-0.694	-0.718	-0.688	-0.558	-0.688	-0.688	-0.051	-0.696	+0.013	+0.017	-0.653	-0.741	-0.958	-0.664	-0.739	-0.666	-0.357	-0.670	-0.673	-0.137	-0.152	-0.619	-0.304	-0.267	-0.350	-0.648	-0.822	-0.733	-0.821	-0.822	+0.014	-0.326	-0.174	-0.322	-0.349	-0.350	-0.702	-0.701	-0.352	-0.698	-0.659	-0.179	-0.734	-0.338	-0.909	-0.916	-0.861	-0.877	-0.226	-0.469	-0.366	-0.391	-0.364	-0.321	-0.466	-0.546	-0.967	-0.176	-0.964	-0.168	-0.210	-0.483	-0.160	-0.159	-0.160	-0.060	-0.970	-0.315	-0.462	-0.437	-0.970	-0.462	-0.955	-0.958	-0.658	-0.302	-0.242	-0.267	-0.296	-0.191	-0.211	-0.288	-0.971	-0.533	-0.730	-0.726	-0.747	-0.972	-0.938	-0.942	-0.943	-0.955	-0.952	-1.020	-1.020	-1.020	-0.965	-0.906	-1.021	-1.022	-1.022	-1.023	-1.023	-0.946	-0.863	-0.991	-0.997	-1.003	-0.861	-1.012	-0.863	-1.012	-0.863	-0.866	-0.867	-0.791	-0.782	-0.783	-0.609	-1.021	-0.658	-0.679	-0.773	-0.773	-0.676	-0.694	-0.826	-0.856	-0.875	-0.927	-0.957	-0.947	-0.947	-0.985	-0.794	-0.999	-1.007	-0.967	-0.676	-1.019	-0.722	-0.961	-0.913	-0.675	-0.655	-0.690	-0.679	-0.913	-0.937	-0.937	-0.937	-0.937	-0.936	-0.931	-0.979	-0.932	-0.779	-0.936	-0.936	
rs4747999      -0.914	-0.292	-0.691	-0.711	-0.684	-0.688	-0.553	-0.684	-0.041	-0.690	+0.024	+0.028	-0.658	-0.731	-0.953	-0.668	-0.729	-0.670	-0.349	-0.674	-0.677	-0.147	-0.162	-0.624	-0.314	-0.277	-0.342	-0.631	-0.817	-0.721	-0.815	-0.815	+0.022	-0.317	-0.185	-0.314	-0.340	-0.342	-0.705	-0.704	-0.344	-0.700	-0.663	-0.172	-0.735	-0.330	-0.906	-0.913	-0.859	-0.875	-0.230	-0.462	-0.358	-0.384	-0.366	-0.313	-0.467	-0.546	-0.963	-0.169	-0.960	-0.161	-0.203	-0.484	-0.153	-0.152	-0.152	-0.053	-0.966	-0.307	-0.463	-0.429	-0.966	-0.455	-0.951	-0.954	-0.657	-0.294	-0.234	-0.260	-0.288	-0.183	-0.203	-0.280	-0.967	-0.533	-0.730	-0.725	-0.746	-0.967	-0.933	-0.937	-0.938	-0.949	-0.947	-1.015	-1.015	-1.015	-0.960	-0.901	-1.016	-1.017	-1.017	-1.018	-1.018	-0.941	-0.857	-0.986	-0.992	-0.998	-0.856	-1.007	-0.857	-1.007	-0.858	-0.860	-0.862	-0.786	-0.777	-0.778	-0.604	-1.016	-0.653	-0.674	-0.768	-0.767	-0.671	-0.690	-0.821	-0.851	-0.871	-0.922	-0.952	-0.942	-0.942	-0.980	-0.789	-0.994	-1.002	-0.963	-0.672	-1.014	-0.717	-0.956	-0.908	-0.671	-0.650	-0.685	-0.674	-0.908	-0.932	-0.932	-0.932	-0.932	-0.931	-0.926	-0.974	-0.927	-0.774	-0.931	-0.931	
rs7093886      -0.915	-0.293	-0.690	-0.711	-0.683	-0.688	-0.684	-0.553	-0.042	-0.688	+0.023	+0.027	-0.657	-0.731	-0.953	-0.667	-0.729	-0.669	-0.349	-0.674	-0.676	-0.145	-0.160	-0.623	-0.311	-0.275	-0.343	-0.631	-0.817	-0.722	-0.816	-0.816	+0.021	-0.318	-0.183	-0.315	-0.341	-0.343	-0.704	-0.703	-0.345	-0.700	-0.662	-0.173	-0.735	-0.331	-0.906	-0.913	-0.860	-0.875	-0.229	-0.462	-0.359	-0.385	-0.366	-0.314	-0.467	-0.546	-0.963	-0.170	-0.960	-0.162	-0.205	-0.484	-0.154	-0.154	-0.154	-0.054	-0.966	-0.308	-0.463	-0.430	-0.966	-0.455	-0.952	-0.954	-0.657	-0.295	-0.235	-0.261	-0.289	-0.184	-0.205	-0.281	-0.967	-0.533	-0.730	-0.725	-0.746	-0.968	-0.933	-0.937	-0.938	-0.950	-0.947	-1.015	-1.015	-1.016	-0.960	-0.901	-1.017	-1.017	-1.017	-1.019	-1.019	-0.941	-0.858	-0.986	-0.992	-0.999	-0.856	-1.008	-0.858	-1.008	-0.859	-0.861	-0.862	-0.787	-0.777	-0.779	-0.605	-1.016	-0.654	-0.674	-0.768	-0.768	-0.671	-0.690	-0.822	-0.852	-0.871	-0.923	-0.953	-0.943	-0.943	-0.980	-0.790	-0.994	-1.003	-0.963	-0.672	-1.014	-0.718	-0.957	-0.909	-0.671	-0.650	-0.685	-0.674	-0.909	-0.933	-0.933	-0.932	-0.932	-0.932	-0.927	-0.974	-0.928	-0.774	-0.931	-0.932	
rs11257990     -0.230	+0.005	-0.042	-0.100	-0.042	-0.051	-0.041	-0.042	+0.192	-0.058	+0.179	+0.182	-0.131	-0.187	-0.285	-0.138	-0.189	-0.140	-0.002	-0.143	-0.144	+0.170	+0.161	-0.106	+0.023	+0.043	-0.000	-0.246	-0.214	-0.239	-0.219	-0.220	+0.165	+0.002	+0.097	+0.005	-0.001	-0.001	-0.161	-0.160	-0.002	-0.155	-0.126	+0.063	+0.150	+0.001	-0.067	-0.083	+0.013	-0.042	+0.290	-0.022	-0.012	-0.021	+0.230	+0.007	+0.185	+0.114	-0.177	+0.081	-0.164	+0.083	+0.058	+0.164	+0.088	+0.088	+0.088	+0.147	-0.190	+0.011	+0.148	-0.062	-0.189	-0.067	-0.149	-0.161	-0.020	+0.017	+0.009	-0.003	+0.019	+0.036	+0.026	+0.024	-0.210	+0.084	-0.056	-0.051	-0.072	-0.246	-0.269	-0.273	-0.274	-0.287	-0.284	-0.331	-0.331	-0.332	-0.296	-0.189	-0.335	-0.336	-0.336	-0.339	-0.340	-0.281	-0.195	-0.282	-0.320	-0.307	-0.195	-0.326	-0.197	-0.326	-0.197	-0.199	-0.201	-0.117	-0.107	-0.109	+0.043	-0.367	+0.124	+0.100	-0.019	-0.019	+0.094	-0.070	-0.193	-0.219	-0.237	-0.248	-0.284	-0.301	-0.301	-0.333	-0.173	-0.343	-0.350	-0.296	-0.064	-0.357	-0.107	-0.291	-0.241	-0.062	-0.007	-0.041	-0.031	-0.246	-0.259	-0.259	-0.258	-0.258	-0.258	-0.251	-0.322	-0.252	-0.049	-0.257	-0.258	
rs10795982     -0.923	-0.306	-0.690	-0.728	-0.688	-0.696	-0.690	-0.688	-0.058	-0.562	+0.006	+0.010	-0.650	-0.749	-0.962	-0.661	-0.747	-0.663	-0.363	-0.667	-0.670	-0.127	-0.142	-0.615	-0.294	-0.257	-0.356	-0.660	-0.825	-0.742	-0.825	-0.825	+0.007	-0.332	-0.163	-0.328	-0.355	-0.356	-0.699	-0.699	-0.358	-0.695	-0.656	-0.187	-0.733	-0.344	-0.912	-0.919	-0.863	-0.878	-0.222	-0.474	-0.371	-0.397	-0.362	-0.327	-0.465	-0.545	-0.970	-0.183	-0.967	-0.175	-0.217	-0.482	-0.167	-0.167	-0.167	-0.067	-0.973	-0.320	-0.462	-0.443	-0.973	-0.468	-0.958	-0.961	-0.658	-0.307	-0.249	-0.274	-0.302	-0.198	-0.218	-0.294	-0.975	-0.532	-0.731	-0.726	-0.748	-0.976	-0.942	-0.946	-0.947	-0.958	-0.956	-1.024	-1.024	-1.024	-0.969	-0.910	-1.025	-1.026	-1.026	-1.027	-1.027	-0.950	-0.867	-0.995	-1.001	-1.007	-0.865	-1.016	-0.867	-1.016	-0.867	-0.870	-0.871	-0.795	-0.785	-0.787	-0.612	-1.025	-0.663	-0.683	-0.777	-0.777	-0.680	-0.698	-0.829	-0.860	-0.879	-0.931	-0.961	-0.951	-0.951	-0.988	-0.797	-1.002	-1.011	-0.971	-0.680	-1.022	-0.725	-0.964	-0.916	-0.679	-0.658	-0.693	-0.683	-0.917	-0.941	-0.941	-0.941	-0.941	-0.940	-0.935	-0.982	-0.936	-0.783	-0.940	-0.940	
rs11257995     -0.177	+0.051	+0.022	-0.036	+0.023	+0.013	+0.024	+0.023	+0.179	+0.006	+0.249	+0.205	-0.084	-0.126	-0.230	-0.091	-0.128	-0.092	+0.050	-0.095	-0.097	+0.212	+0.204	-0.059	+0.066	+0.086	+0.054	-0.186	-0.157	-0.179	-0.161	-0.163	+0.193	+0.051	+0.139	+0.057	+0.051	+0.050	-0.114	-0.113	+0.050	-0.108	-0.078	+0.099	+0.215	+0.048	-0.001	-0.018	+0.078	+0.020	+0.334	+0.032	+0.031	+0.024	+0.276	+0.049	+0.233	+0.162	-0.118	+0.117	-0.105	+0.118	+0.095	+0.212	+0.123	+0.123	+0.123	+0.179	-0.131	+0.052	+0.193	-0.014	-0.130	-0.018	-0.089	-0.102	+0.026	+0.058	+0.047	+0.036	+0.060	+0.071	+0.062	+0.064	-0.152	+0.130	-0.008	-0.002	-0.024	-0.192	-0.218	-0.221	-0.223	-0.235	-0.232	-0.279	-0.279	-0.279	-0.245	-0.135	-0.283	-0.284	-0.284	-0.287	-0.288	-0.230	-0.143	-0.228	-0.268	-0.254	-0.143	-0.274	-0.145	-0.274	-0.146	-0.148	-0.149	-0.066	-0.056	-0.058	+0.093	-0.317	+0.183	+0.159	+0.038	+0.038	+0.152	-0.023	-0.145	-0.171	-0.189	-0.197	-0.234	-0.253	-0.253	-0.283	-0.125	-0.294	-0.300	-0.247	-0.017	-0.307	-0.060	-0.242	-0.191	-0.016	+0.044	+0.010	+0.019	-0.196	-0.207	-0.207	-0.207	-0.207	-0.206	-0.199	-0.273	-0.200	+0.006	-0.205	-0.206	
rs11257996     -0.174	+0.054	+0.027	-0.032	+0.027	+0.017	+0.028	+0.027	+0.182	+0.010	+0.205	+0.253	-0.081	-0.122	-0.226	-0.088	-0.124	-0.089	+0.054	-0.092	-0.094	+0.215	+0.206	-0.056	+0.069	+0.089	+0.058	-0.182	-0.153	-0.175	-0.157	-0.159	+0.194	+0.055	+0.142	+0.060	+0.054	+0.054	-0.111	-0.110	+0.053	-0.105	-0.075	+0.101	+0.219	+0.051	+0.003	-0.014	+0.082	+0.024	+0.337	+0.035	+0.034	+0.027	+0.279	+0.052	+0.236	+0.165	-0.114	+0.119	-0.101	+0.120	+0.097	+0.216	+0.125	+0.125	+0.125	+0.182	-0.127	+0.055	+0.196	-0.011	-0.126	-0.015	-0.085	-0.098	+0.030	+0.060	+0.049	+0.038	+0.063	+0.074	+0.064	+0.067	-0.148	+0.133	-0.004	+0.001	-0.020	-0.188	-0.214	-0.218	-0.220	-0.232	-0.229	-0.275	-0.276	-0.276	-0.241	-0.132	-0.279	-0.280	-0.280	-0.284	-0.284	-0.227	-0.140	-0.225	-0.265	-0.251	-0.140	-0.271	-0.141	-0.271	-0.142	-0.144	-0.146	-0.062	-0.053	-0.055	+0.096	-0.314	+0.187	+0.163	+0.042	+0.042	+0.156	-0.020	-0.142	-0.168	-0.186	-0.194	-0.231	-0.249	-0.249	-0.280	-0.122	-0.291	-0.296	-0.243	-0.014	-0.303	-0.057	-0.238	-0.188	-0.013	+0.047	+0.013	+0.023	-0.192	-0.204	-0.203	-0.203	-0.203	-0.203	-0.196	-0.269	-0.197	+0.009	-0.202	-0.203	
rs928335       -0.707	-0.309	-0.657	-0.622	-0.657	-0.653	-0.658	-0.657	-0.131	-0.650	-0.084	-0.081	-0.326	-0.510	-0.726	-0.446	-0.507	-0.446	-0.355	-0.447	-0.448	-0.183	-0.197	-0.432	-0.321	-0.286	-0.350	-0.410	-0.626	-0.480	-0.622	-0.622	-0.002	-0.333	-0.204	-0.328	-0.345	-0.346	-0.516	-0.517	-0.347	-0.525	-0.500	-0.165	-0.670	-0.317	-0.742	-0.744	-0.720	-0.735	-0.229	-0.405	-0.324	-0.343	-0.333	-0.287	-0.413	-0.477	-0.779	-0.139	-0.779	-0.132	-0.166	-0.429	-0.124	-0.124	-0.124	-0.040	-0.779	-0.280	-0.403	-0.367	-0.779	-0.386	-0.773	-0.772	-0.559	-0.269	-0.182	-0.203	-0.265	-0.139	-0.156	-0.259	-0.775	-0.459	-0.614	-0.610	-0.625	-0.719	-0.704	-0.709	-0.710	-0.723	-0.720	-0.787	-0.788	-0.788	-0.735	-0.672	-0.790	-0.791	-0.791	-0.793	-0.794	-0.713	-0.613	-0.741	-0.760	-0.758	-0.611	-0.781	-0.612	-0.781	-0.613	-0.616	-0.618	-0.580	-0.571	-0.572	-0.421	-0.799	-0.360	-0.383	-0.492	-0.492	-0.376	-0.508	-0.633	-0.660	-0.678	-0.706	-0.736	-0.742	-0.742	-0.774	-0.604	-0.785	-0.792	-0.762	-0.495	-0.800	-0.538	-0.756	-0.712	-0.494	-0.444	-0.478	-0.468	-0.697	-0.706	-0.706	-0.705	-0.705	-0.705	-0.699	-0.766	-0.699	-0.534	-0.704	-0.704	
rs928336       -0.979	-0.402	-0.725	-0.771	-0.731	-0.741	-0.731	-0.731	-0.187	-0.749	-0.126	-0.122	-0.510	-0.618	-1.010	-0.525	-0.753	-0.528	-0.462	-0.535	-0.538	-0.024	-0.041	-0.461	-0.199	-0.154	-0.457	-0.700	-0.814	-0.820	-0.820	-0.824	-0.023	-0.432	-0.055	-0.430	-0.453	-0.454	-0.595	-0.595	-0.456	-0.593	-0.534	-0.254	-0.688	-0.439	-0.935	-0.946	-0.868	-0.884	-0.173	-0.561	-0.459	-0.484	-0.333	-0.416	-0.446	-0.531	-1.008	-0.248	-1.003	-0.241	-0.283	-0.462	-0.232	-0.232	-0.232	-0.132	-1.013	-0.410	-0.446	-0.533	-1.013	-0.557	-0.992	-0.997	-0.649	-0.397	-0.320	-0.345	-0.392	-0.269	-0.289	-0.384	-1.019	-0.522	-0.729	-0.723	-0.748	-1.030	-0.997	-1.001	-1.002	-1.014	-1.011	-1.078	-1.078	-1.078	-1.024	-0.965	-1.079	-1.079	-1.079	-1.081	-1.081	-1.005	-0.926	-1.050	-1.057	-1.062	-0.924	-1.070	-0.926	-1.070	-0.927	-0.929	-0.931	-0.846	-0.836	-0.838	-0.660	-1.080	-0.721	-0.742	-0.834	-0.834	-0.740	-0.743	-0.877	-0.907	-0.927	-0.982	-1.013	-1.001	-1.001	-1.040	-0.845	-1.054	-1.063	-1.018	-0.726	-1.075	-0.772	-1.012	-0.962	-0.725	-0.712	-0.747	-0.736	-0.968	-0.997	-0.997	-0.997	-0.997	-0.996	-0.992	-1.034	-0.992	-0.839	-0.996	-0.996	
rs928337       -0.967	-0.472	-0.951	-0.980	-0.953	-0.958	-0.953	-0.953	-0.285	-0.962	-0.230	-0.226	-0.726	-1.010	-0.634	-0.736	-1.011	-0.738	-0.526	-0.742	-0.744	-0.297	-0.309	-0.695	-0.459	-0.432	-0.521	-1.026	-0.995	-1.024	-0.999	-1.000	-0.127	-0.499	-0.356	-0.495	-0.517	-0.517	-0.763	-0.762	-0.519	-0.758	-0.721	-0.334	-0.793	-0.498	-0.999	-1.007	-0.922	-0.945	-0.275	-0.610	-0.500	-0.523	-0.398	-0.458	-0.481	-0.562	-1.043	-0.302	-1.037	-0.297	-0.337	-0.509	-0.288	-0.288	-0.288	-0.193	-1.048	-0.452	-0.486	-0.578	-1.048	-0.600	-1.033	-1.038	-0.681	-0.440	-0.381	-0.405	-0.435	-0.334	-0.352	-0.427	-1.052	-0.556	-0.752	-0.747	-0.770	-1.044	-1.012	-1.016	-1.017	-1.029	-1.026	-1.093	-1.093	-1.093	-1.039	-0.985	-1.094	-1.095	-1.095	-1.096	-1.096	-1.020	-0.943	-1.066	-1.070	-1.077	-0.941	-1.085	-0.943	-1.085	-0.944	-0.946	-0.947	-0.860	-0.851	-0.852	-0.675	-1.092	-0.737	-0.758	-0.850	-0.850	-0.756	-0.757	-0.889	-0.921	-0.940	-0.994	-1.027	-1.015	-1.015	-1.055	-0.857	-1.069	-1.078	-1.031	-0.737	-1.091	-0.783	-1.025	-0.974	-0.735	-0.724	-0.759	-0.749	-0.981	-1.015	-1.015	-1.014	-1.014	-1.014	-1.010	-1.047	-1.011	-0.856	-1.014	-1.014	
rs928338       -0.714	-0.316	-0.668	-0.634	-0.667	-0.664	-0.668	-0.667	-0.138	-0.661	-0.091	-0.088	-0.446	-0.525	-0.736	-0.334	-0.522	-0.451	-0.362	-0.453	-0.454	-0.178	-0.192	-0.431	-0.317	-0.281	-0.357	-0.428	-0.637	-0.495	-0.633	-0.633	-0.009	-0.339	-0.197	-0.335	-0.352	-0.353	-0.522	-0.523	-0.354	-0.531	-0.504	-0.173	-0.675	-0.324	-0.750	-0.752	-0.726	-0.743	-0.230	-0.412	-0.331	-0.350	-0.336	-0.294	-0.416	-0.481	-0.787	-0.146	-0.786	-0.139	-0.173	-0.432	-0.132	-0.131	-0.131	-0.047	-0.787	-0.287	-0.406	-0.375	-0.787	-0.394	-0.781	-0.780	-0.563	-0.276	-0.190	-0.211	-0.272	-0.147	-0.164	-0.266	-0.783	-0.463	-0.619	-0.615	-0.630	-0.728	-0.712	-0.717	-0.718	-0.731	-0.728	-0.795	-0.796	-0.796	-0.743	-0.680	-0.798	-0.799	-0.799	-0.801	-0.802	-0.721	-0.622	-0.750	-0.768	-0.766	-0.619	-0.789	-0.621	-0.789	-0.622	-0.624	-0.626	-0.587	-0.579	-0.580	-0.428	-0.806	-0.369	-0.392	-0.501	-0.501	-0.385	-0.515	-0.640	-0.668	-0.685	-0.714	-0.744	-0.749	-0.749	-0.781	-0.612	-0.793	-0.800	-0.770	-0.502	-0.808	-0.545	-0.763	-0.719	-0.501	-0.452	-0.486	-0.476	-0.705	-0.714	-0.714	-0.713	-0.713	-0.713	-0.707	-0.774	-0.708	-0.543	-0.712	-0.713	
rs2482038      -0.979	-0.403	-0.723	-0.770	-0.729	-0.739	-0.729	-0.729	-0.189	-0.747	-0.128	-0.124	-0.507	-0.753	-1.011	-0.522	-0.619	-0.525	-0.463	-0.532	-0.535	-0.021	-0.038	-0.458	-0.196	-0.150	-0.458	-0.705	-0.813	-0.822	-0.819	-0.823	-0.025	-0.434	-0.051	-0.432	-0.455	-0.456	-0.593	-0.593	-0.457	-0.591	-0.532	-0.256	-0.686	-0.440	-0.935	-0.946	-0.868	-0.883	-0.171	-0.562	-0.461	-0.485	-0.332	-0.418	-0.445	-0.531	-1.008	-0.249	-1.003	-0.242	-0.284	-0.461	-0.234	-0.233	-0.234	-0.133	-1.014	-0.411	-0.445	-0.534	-1.014	-0.558	-0.993	-0.998	-0.648	-0.399	-0.321	-0.347	-0.394	-0.271	-0.291	-0.386	-1.020	-0.521	-0.728	-0.723	-0.747	-1.031	-0.998	-1.002	-1.003	-1.015	-1.012	-1.078	-1.079	-1.079	-1.024	-0.966	-1.080	-1.080	-1.080	-1.082	-1.082	-1.006	-0.927	-1.051	-1.057	-1.063	-0.925	-1.071	-0.927	-1.071	-0.928	-0.930	-0.931	-0.847	-0.837	-0.838	-0.661	-1.080	-0.722	-0.743	-0.835	-0.835	-0.741	-0.744	-0.877	-0.908	-0.928	-0.982	-1.014	-1.002	-1.002	-1.041	-0.846	-1.055	-1.064	-1.019	-0.727	-1.076	-0.773	-1.012	-0.963	-0.726	-0.713	-0.747	-0.737	-0.968	-0.998	-0.998	-0.997	-0.997	-0.997	-0.992	-1.035	-0.993	-0.839	-0.997	-0.997	
rs2248896      -0.716	-0.317	-0.669	-0.635	-0.669	-0.666	-0.670	-0.669	-0.140	-0.663	-0.092	-0.089	-0.446	-0.528	-0.738	-0.451	-0.525	-0.335	-0.363	-0.454	-0.455	-0.178	-0.191	-0.430	-0.316	-0.280	-0.358	-0.431	-0.639	-0.497	-0.635	-0.635	-0.010	-0.341	-0.196	-0.336	-0.353	-0.354	-0.523	-0.524	-0.355	-0.531	-0.504	-0.174	-0.676	-0.326	-0.751	-0.753	-0.728	-0.744	-0.230	-0.413	-0.332	-0.351	-0.336	-0.295	-0.416	-0.481	-0.788	-0.147	-0.788	-0.140	-0.174	-0.432	-0.133	-0.133	-0.133	-0.048	-0.788	-0.288	-0.407	-0.376	-0.788	-0.395	-0.782	-0.782	-0.564	-0.278	-0.191	-0.212	-0.273	-0.148	-0.165	-0.267	-0.785	-0.463	-0.620	-0.616	-0.631	-0.729	-0.713	-0.718	-0.719	-0.733	-0.729	-0.797	-0.797	-0.797	-0.744	-0.681	-0.800	-0.800	-0.800	-0.803	-0.803	-0.722	-0.623	-0.751	-0.770	-0.768	-0.620	-0.791	-0.622	-0.791	-0.623	-0.626	-0.628	-0.589	-0.580	-0.581	-0.430	-0.808	-0.371	-0.394	-0.502	-0.502	-0.387	-0.516	-0.641	-0.669	-0.686	-0.716	-0.745	-0.750	-0.750	-0.782	-0.613	-0.794	-0.801	-0.771	-0.503	-0.809	-0.546	-0.764	-0.721	-0.502	-0.453	-0.487	-0.477	-0.706	-0.715	-0.715	-0.715	-0.715	-0.714	-0.708	-0.775	-0.709	-0.544	-0.714	-0.714	
rs72773649     -0.443	-0.077	-0.346	-0.396	-0.349	-0.357	-0.349	-0.349	-0.002	-0.363	+0.050	+0.054	-0.355	-0.462	-0.526	-0.362	-0.463	-0.363	-0.029	-0.366	-0.368	+0.018	+0.010	-0.331	-0.132	-0.112	-0.114	-0.507	-0.411	-0.500	-0.417	-0.419	+0.167	-0.081	-0.056	-0.100	-0.101	-0.102	-0.377	-0.376	-0.105	-0.372	-0.347	-0.028	-0.074	-0.123	-0.367	-0.380	-0.216	-0.267	+0.129	-0.182	-0.148	-0.162	+0.063	-0.121	-0.037	-0.109	-0.435	-0.024	-0.423	-0.020	-0.053	-0.053	-0.014	-0.014	-0.014	+0.063	-0.445	-0.118	-0.022	-0.227	-0.444	-0.239	-0.410	-0.420	-0.207	-0.109	-0.106	-0.122	-0.106	-0.070	-0.084	-0.100	-0.461	-0.087	-0.279	-0.274	-0.295	-0.453	-0.471	-0.475	-0.476	-0.489	-0.486	-0.536	-0.536	-0.536	-0.499	-0.413	-0.539	-0.540	-0.540	-0.543	-0.544	-0.483	-0.397	-0.488	-0.525	-0.512	-0.396	-0.532	-0.398	-0.532	-0.399	-0.401	-0.403	-0.323	-0.314	-0.315	-0.157	-0.567	-0.102	-0.126	-0.240	-0.240	-0.130	-0.255	-0.383	-0.410	-0.428	-0.450	-0.485	-0.497	-0.497	-0.531	-0.364	-0.543	-0.550	-0.500	-0.252	-0.559	-0.296	-0.494	-0.444	-0.250	-0.208	-0.242	-0.232	-0.446	-0.467	-0.467	-0.466	-0.466	-0.466	-0.460	-0.521	-0.461	-0.269	-0.465	-0.466	
rs2482037      -0.719	-0.320	-0.674	-0.641	-0.674	-0.670	-0.674	-0.674	-0.143	-0.667	-0.095	-0.092	-0.447	-0.535	-0.742	-0.453	-0.532	-0.454	-0.366	-0.339	-0.457	-0.175	-0.189	-0.428	-0.314	-0.277	-0.362	-0.438	-0.644	-0.504	-0.640	-0.640	-0.014	-0.344	-0.192	-0.339	-0.356	-0.357	-0.525	-0.526	-0.358	-0.534	-0.506	-0.178	-0.679	-0.329	-0.755	-0.757	-0.731	-0.747	-0.230	-0.416	-0.335	-0.354	-0.337	-0.298	-0.417	-0.483	-0.792	-0.150	-0.791	-0.144	-0.178	-0.434	-0.136	-0.136	-0.136	-0.052	-0.792	-0.291	-0.408	-0.379	-0.792	-0.398	-0.785	-0.785	-0.566	-0.281	-0.195	-0.216	-0.276	-0.152	-0.168	-0.270	-0.788	-0.465	-0.622	-0.618	-0.633	-0.733	-0.717	-0.722	-0.723	-0.736	-0.733	-0.800	-0.801	-0.801	-0.748	-0.685	-0.803	-0.804	-0.804	-0.806	-0.807	-0.726	-0.627	-0.755	-0.773	-0.771	-0.624	-0.794	-0.626	-0.794	-0.627	-0.630	-0.632	-0.592	-0.583	-0.585	-0.433	-0.811	-0.375	-0.398	-0.506	-0.506	-0.391	-0.520	-0.644	-0.672	-0.690	-0.719	-0.748	-0.754	-0.754	-0.786	-0.616	-0.797	-0.804	-0.774	-0.506	-0.813	-0.549	-0.768	-0.724	-0.505	-0.457	-0.491	-0.481	-0.709	-0.719	-0.719	-0.718	-0.718	-0.718	-0.712	-0.779	-0.713	-0.548	-0.717	-0.717	
rs2493767      -0.721	-0.321	-0.676	-0.643	-0.676	-0.673	-0.677	-0.676	-0.144	-0.670	-0.097	-0.094	-0.448	-0.538	-0.744	-0.454	-0.535	-0.455	-0.368	-0.457	-0.341	-0.174	-0.188	-0.427	-0.313	-0.275	-0.363	-0.442	-0.647	-0.507	-0.643	-0.643	-0.015	-0.345	-0.190	-0.340	-0.358	-0.358	-0.526	-0.528	-0.360	-0.535	-0.506	-0.179	-0.680	-0.330	-0.757	-0.759	-0.732	-0.749	-0.230	-0.418	-0.337	-0.356	-0.338	-0.300	-0.418	-0.484	-0.793	-0.152	-0.793	-0.145	-0.179	-0.434	-0.138	-0.137	-0.138	-0.053	-0.794	-0.293	-0.409	-0.381	-0.794	-0.400	-0.787	-0.787	-0.567	-0.282	-0.196	-0.217	-0.278	-0.154	-0.170	-0.271	-0.790	-0.466	-0.623	-0.619	-0.634	-0.735	-0.719	-0.724	-0.725	-0.738	-0.735	-0.802	-0.802	-0.803	-0.750	-0.686	-0.805	-0.806	-0.806	-0.808	-0.809	-0.728	-0.629	-0.757	-0.775	-0.773	-0.626	-0.796	-0.628	-0.796	-0.629	-0.632	-0.633	-0.594	-0.585	-0.587	-0.435	-0.813	-0.377	-0.400	-0.508	-0.508	-0.393	-0.521	-0.646	-0.674	-0.691	-0.721	-0.750	-0.756	-0.756	-0.788	-0.618	-0.799	-0.806	-0.776	-0.508	-0.815	-0.551	-0.770	-0.726	-0.507	-0.459	-0.493	-0.483	-0.711	-0.721	-0.721	-0.720	-0.720	-0.720	-0.714	-0.781	-0.714	-0.550	-0.719	-0.719	
rs12777434     -0.300	+0.060	-0.145	-0.098	-0.145	-0.137	-0.147	-0.145	+0.170	-0.127	+0.212	+0.215	-0.183	-0.024	-0.297	-0.178	-0.021	-0.178	+0.018	-0.175	-0.174	+0.094	+0.001	-0.201	-0.140	-0.138	+0.019	+0.096	-0.042	+0.200	-0.034	-0.033	+0.299	+0.040	-0.123	+0.041	+0.028	+0.028	-0.185	-0.187	+0.027	-0.198	-0.212	+0.174	-0.332	+0.060	-0.355	-0.356	-0.335	-0.356	-0.061	-0.023	+0.051	+0.033	-0.115	+0.088	-0.166	-0.212	-0.381	+0.201	-0.384	+0.204	+0.172	-0.180	+0.211	+0.211	+0.211	+0.286	-0.379	+0.095	-0.161	-0.018	-0.379	-0.036	-0.377	-0.374	-0.264	+0.106	+0.125	+0.106	+0.110	+0.163	+0.148	+0.116	-0.372	-0.198	-0.298	-0.295	-0.303	-0.316	-0.303	-0.308	-0.309	-0.323	-0.320	-0.389	-0.389	-0.390	-0.336	-0.268	-0.392	-0.393	-0.393	-0.396	-0.397	-0.314	-0.197	-0.332	-0.347	-0.350	-0.198	-0.380	-0.200	-0.380	-0.201	-0.203	-0.206	-0.189	-0.181	-0.182	-0.050	-0.405	+0.074	+0.050	-0.051	-0.051	+0.060	-0.144	-0.262	-0.287	-0.303	-0.318	-0.344	-0.361	-0.361	-0.387	-0.233	-0.396	-0.401	-0.382	-0.131	-0.407	-0.171	-0.376	-0.336	-0.130	-0.046	-0.081	-0.071	-0.308	-0.298	-0.297	-0.297	-0.297	-0.297	-0.289	-0.379	-0.290	-0.112	-0.296	-0.296	
rs12769872     -0.309	+0.051	-0.160	-0.114	-0.160	-0.152	-0.162	-0.160	+0.161	-0.142	+0.204	+0.206	-0.197	-0.041	-0.309	-0.192	-0.038	-0.191	+0.010	-0.189	-0.188	+0.001	+0.084	-0.214	-0.149	-0.147	+0.010	+0.078	-0.058	+0.180	-0.050	-0.049	+0.290	+0.031	-0.130	+0.032	+0.020	+0.019	-0.198	-0.200	+0.018	-0.210	-0.224	+0.165	-0.341	+0.051	-0.365	-0.366	-0.345	-0.366	-0.067	-0.032	+0.043	+0.024	-0.121	+0.079	-0.173	-0.219	-0.391	+0.192	-0.393	+0.195	+0.163	-0.187	+0.202	+0.202	+0.202	+0.278	-0.389	+0.087	-0.167	-0.028	-0.389	-0.045	-0.387	-0.384	-0.272	+0.097	+0.116	+0.097	+0.101	+0.154	+0.139	+0.107	-0.383	-0.205	-0.306	-0.303	-0.312	-0.326	-0.313	-0.318	-0.319	-0.333	-0.330	-0.399	-0.399	-0.399	-0.346	-0.278	-0.402	-0.403	-0.403	-0.406	-0.406	-0.323	-0.207	-0.342	-0.357	-0.359	-0.208	-0.389	-0.210	-0.389	-0.211	-0.213	-0.216	-0.198	-0.190	-0.191	-0.059	-0.414	+0.063	+0.040	-0.061	-0.061	+0.049	-0.153	-0.271	-0.296	-0.312	-0.327	-0.353	-0.370	-0.370	-0.396	-0.242	-0.405	-0.411	-0.391	-0.140	-0.416	-0.180	-0.385	-0.345	-0.139	-0.056	-0.091	-0.080	-0.317	-0.307	-0.307	-0.307	-0.307	-0.306	-0.298	-0.388	-0.299	-0.122	-0.306	-0.306	
rs2493766      -0.678	-0.285	-0.624	-0.584	-0.623	-0.619	-0.624	-0.623	-0.106	-0.615	-0.059	-0.056	-0.432	-0.461	-0.695	-0.431	-0.458	-0.430	-0.331	-0.428	-0.427	-0.201	-0.214	-0.297	-0.335	-0.303	-0.326	-0.353	-0.586	-0.430	-0.582	-0.582	+0.022	-0.309	-0.229	-0.304	-0.321	-0.322	-0.495	-0.497	-0.323	-0.507	-0.488	-0.141	-0.650	-0.293	-0.714	-0.716	-0.695	-0.711	-0.227	-0.380	-0.300	-0.319	-0.325	-0.263	-0.402	-0.464	-0.751	-0.114	-0.751	-0.108	-0.141	-0.417	-0.100	-0.100	-0.100	-0.016	-0.751	-0.256	-0.391	-0.341	-0.751	-0.360	-0.745	-0.745	-0.543	-0.246	-0.156	-0.177	-0.242	-0.113	-0.130	-0.235	-0.747	-0.445	-0.596	-0.592	-0.606	-0.689	-0.675	-0.680	-0.681	-0.694	-0.691	-0.759	-0.759	-0.759	-0.707	-0.641	-0.762	-0.762	-0.762	-0.765	-0.766	-0.683	-0.582	-0.711	-0.732	-0.728	-0.580	-0.753	-0.582	-0.753	-0.583	-0.585	-0.587	-0.553	-0.544	-0.545	-0.395	-0.771	-0.330	-0.353	-0.462	-0.462	-0.345	-0.482	-0.607	-0.634	-0.652	-0.679	-0.708	-0.715	-0.715	-0.746	-0.578	-0.758	-0.765	-0.735	-0.469	-0.773	-0.512	-0.729	-0.685	-0.468	-0.417	-0.451	-0.441	-0.670	-0.677	-0.677	-0.677	-0.677	-0.677	-0.670	-0.739	-0.671	-0.506	-0.676	-0.676	
rs11596463     -0.455	-0.091	-0.311	-0.269	-0.312	-0.304	-0.314	-0.311	+0.023	-0.294	+0.066	+0.069	-0.321	-0.199	-0.459	-0.317	-0.196	-0.316	-0.132	-0.314	-0.313	-0.140	-0.149	-0.335	-0.072	-0.174	-0.131	-0.080	-0.211	-0.178	-0.203	-0.201	+0.152	-0.110	-0.127	-0.109	-0.122	-0.122	-0.325	-0.327	-0.123	-0.338	-0.349	+0.022	-0.469	-0.092	-0.501	-0.502	-0.494	-0.500	-0.152	-0.176	-0.100	-0.118	-0.223	-0.063	-0.282	-0.333	-0.536	+0.049	-0.537	+0.052	+0.020	-0.297	+0.059	+0.059	+0.059	+0.135	-0.534	-0.056	-0.275	-0.166	-0.535	-0.183	-0.531	-0.529	-0.393	-0.046	-0.021	-0.040	-0.042	+0.018	+0.003	-0.036	-0.527	-0.317	-0.432	-0.429	-0.439	-0.472	-0.459	-0.464	-0.465	-0.479	-0.475	-0.544	-0.544	-0.544	-0.491	-0.413	-0.547	-0.547	-0.547	-0.550	-0.551	-0.468	-0.360	-0.492	-0.510	-0.509	-0.358	-0.536	-0.360	-0.536	-0.361	-0.363	-0.365	-0.343	-0.335	-0.337	-0.196	-0.560	-0.089	-0.112	-0.228	-0.228	-0.103	-0.296	-0.414	-0.439	-0.456	-0.472	-0.498	-0.512	-0.512	-0.539	-0.385	-0.549	-0.554	-0.533	-0.282	-0.560	-0.322	-0.527	-0.486	-0.281	-0.208	-0.242	-0.232	-0.463	-0.455	-0.455	-0.455	-0.455	-0.454	-0.447	-0.531	-0.448	-0.277	-0.454	-0.454	
rs10906224     -0.432	-0.071	-0.275	-0.227	-0.275	-0.267	-0.277	-0.275	+0.043	-0.257	+0.086	+0.089	-0.286	-0.154	-0.432	-0.281	-0.150	-0.280	-0.112	-0.277	-0.275	-0.138	-0.147	-0.303	-0.174	-0.048	-0.111	-0.025	-0.161	-0.133	-0.152	-0.151	+0.170	-0.090	-0.126	-0.090	-0.102	-0.102	-0.293	-0.295	-0.103	-0.308	-0.321	+0.042	-0.449	-0.072	-0.476	-0.477	-0.472	-0.477	-0.143	-0.155	-0.079	-0.098	-0.211	-0.043	-0.268	-0.318	-0.512	+0.068	-0.514	+0.072	+0.040	-0.283	+0.078	+0.079	+0.079	+0.156	-0.510	-0.036	-0.261	-0.144	-0.511	-0.161	-0.508	-0.505	-0.376	-0.026	-0.000	-0.019	-0.022	+0.039	+0.023	-0.016	-0.503	-0.302	-0.414	-0.411	-0.421	-0.448	-0.436	-0.441	-0.442	-0.456	-0.452	-0.520	-0.521	-0.521	-0.468	-0.390	-0.524	-0.524	-0.525	-0.527	-0.528	-0.445	-0.335	-0.468	-0.487	-0.486	-0.333	-0.513	-0.335	-0.513	-0.336	-0.339	-0.341	-0.321	-0.313	-0.314	-0.174	-0.538	-0.062	-0.085	-0.202	-0.202	-0.076	-0.276	-0.394	-0.419	-0.435	-0.450	-0.476	-0.491	-0.491	-0.517	-0.365	-0.527	-0.532	-0.512	-0.262	-0.538	-0.303	-0.506	-0.465	-0.262	-0.187	-0.221	-0.211	-0.441	-0.432	-0.432	-0.431	-0.431	-0.431	-0.423	-0.510	-0.424	-0.252	-0.430	-0.430	
rs17152268     -0.439	-0.093	-0.340	-0.389	-0.342	-0.350	-0.342	-0.343	-0.000	-0.356	+0.054	+0.058	-0.350	-0.457	-0.521	-0.357	-0.458	-0.358	-0.114	-0.362	-0.363	+0.019	+0.010	-0.326	-0.131	-0.111	-0.026	-0.501	-0.411	-0.494	-0.415	-0.417	+0.159	-0.099	-0.056	-0.087	-0.112	-0.113	-0.376	-0.375	-0.115	-0.370	-0.343	-0.027	-0.066	-0.126	-0.360	-0.373	-0.206	-0.258	+0.130	-0.183	-0.149	-0.163	+0.063	-0.123	-0.036	-0.107	-0.429	-0.024	-0.417	-0.021	-0.053	-0.051	-0.014	-0.014	-0.014	+0.062	-0.439	-0.119	-0.021	-0.225	-0.438	-0.238	-0.404	-0.414	-0.201	-0.111	-0.106	-0.122	-0.107	-0.071	-0.084	-0.101	-0.455	-0.086	-0.273	-0.268	-0.289	-0.450	-0.468	-0.472	-0.473	-0.486	-0.483	-0.532	-0.533	-0.533	-0.495	-0.408	-0.536	-0.537	-0.537	-0.540	-0.541	-0.480	-0.394	-0.485	-0.522	-0.509	-0.394	-0.529	-0.395	-0.529	-0.396	-0.398	-0.400	-0.320	-0.311	-0.313	-0.155	-0.564	-0.099	-0.122	-0.237	-0.237	-0.127	-0.251	-0.379	-0.406	-0.425	-0.446	-0.482	-0.494	-0.494	-0.528	-0.360	-0.540	-0.547	-0.496	-0.248	-0.555	-0.292	-0.491	-0.440	-0.246	-0.205	-0.238	-0.229	-0.443	-0.464	-0.464	-0.464	-0.464	-0.463	-0.457	-0.518	-0.458	-0.267	-0.462	-0.463	
rs1929389      -0.998	-0.450	-0.628	-0.694	-0.631	-0.648	-0.631	-0.631	-0.246	-0.660	-0.186	-0.182	-0.410	-0.700	-1.026	-0.428	-0.705	-0.431	-0.507	-0.438	-0.442	+0.096	+0.078	-0.353	-0.080	-0.025	-0.501	-0.641	-0.766	-0.863	-0.774	-0.781	-0.082	-0.479	+0.089	-0.475	-0.498	-0.499	-0.510	-0.509	-0.500	-0.509	-0.439	-0.306	-0.633	-0.482	-0.927	-0.941	-0.852	-0.865	-0.111	-0.599	-0.499	-0.523	-0.290	-0.458	-0.412	-0.501	-1.015	-0.296	-1.008	-0.290	-0.330	-0.426	-0.281	-0.281	-0.281	-0.183	-1.022	-0.451	-0.415	-0.575	-1.021	-0.598	-0.997	-1.003	-0.627	-0.439	-0.370	-0.395	-0.434	-0.321	-0.340	-0.426	-1.031	-0.495	-0.711	-0.705	-0.731	-1.053	-1.021	-1.025	-1.026	-1.037	-1.034	-1.100	-1.100	-1.100	-1.046	-0.987	-1.101	-1.101	-1.101	-1.103	-1.103	-1.029	-0.952	-1.073	-1.079	-1.085	-0.950	-1.092	-0.952	-1.092	-0.952	-0.955	-0.956	-0.866	-0.856	-0.858	-0.678	-1.102	-0.748	-0.768	-0.860	-0.860	-0.767	-0.762	-0.895	-0.926	-0.946	-1.002	-1.034	-1.021	-1.021	-1.061	-0.865	-1.075	-1.085	-1.036	-0.745	-1.097	-0.791	-1.030	-0.980	-0.744	-0.734	-0.769	-0.758	-0.988	-1.020	-1.020	-1.019	-1.019	-1.019	-1.015	-1.054	-1.015	-0.861	-1.019	-1.019	
rs1929388      -0.954	-0.349	-0.813	-0.833	-0.817	-0.822	-0.817	-0.817	-0.214	-0.825	-0.157	-0.153	-0.626	-0.814	-0.995	-0.637	-0.813	-0.639	-0.411	-0.644	-0.647	-0.042	-0.058	-0.586	-0.211	-0.161	-0.411	-0.766	-0.591	-0.813	-0.731	-0.739	+0.048	-0.381	-0.061	-0.383	-0.402	-0.403	-0.674	-0.673	-0.405	-0.670	-0.629	-0.206	-0.701	-0.389	-0.939	-0.948	-0.864	-0.878	-0.191	-0.516	-0.413	-0.439	-0.345	-0.370	-0.470	-0.551	-0.996	-0.204	-0.992	-0.200	-0.243	-0.485	-0.192	-0.192	-0.192	-0.092	-1.000	-0.364	-0.453	-0.518	-1.000	-0.541	-0.982	-0.986	-0.654	-0.351	-0.313	-0.337	-0.346	-0.264	-0.283	-0.338	-1.004	-0.526	-0.738	-0.732	-0.755	-1.004	-0.971	-0.974	-0.975	-0.987	-0.984	-1.051	-1.052	-1.052	-0.997	-0.937	-1.053	-1.053	-1.053	-1.055	-1.055	-0.979	-0.898	-1.024	-1.030	-1.036	-0.896	-1.044	-0.898	-1.044	-0.899	-0.901	-0.902	-0.820	-0.811	-0.812	-0.637	-1.054	-0.691	-0.712	-0.805	-0.805	-0.709	-0.722	-0.854	-0.885	-0.904	-0.957	-0.988	-0.977	-0.977	-1.015	-0.822	-1.029	-1.038	-0.995	-0.704	-1.050	-0.749	-0.988	-0.939	-0.702	-0.685	-0.720	-0.709	-0.943	-0.970	-0.970	-0.969	-0.969	-0.969	-0.964	-1.009	-0.965	-0.811	-0.969	-0.969	
rs1929387      -0.989	-0.443	-0.718	-0.773	-0.722	-0.733	-0.721	-0.722	-0.239	-0.742	-0.179	-0.175	-0.480	-0.820	-1.024	-0.495	-0.822	-0.497	-0.500	-0.504	-0.507	+0.200	+0.180	-0.430	-0.178	-0.133	-0.494	-0.863	-0.813	-0.632	-0.819	-0.824	-0.071	-0.472	-0.033	-0.468	-0.491	-0.492	-0.556	-0.555	-0.493	-0.553	-0.493	-0.291	-0.642	-0.471	-0.926	-0.940	-0.820	-0.863	-0.146	-0.590	-0.489	-0.512	-0.292	-0.447	-0.405	-0.493	-1.004	-0.282	-0.997	-0.276	-0.317	-0.420	-0.267	-0.267	-0.267	-0.168	-1.011	-0.440	-0.402	-0.568	-1.011	-0.592	-0.985	-0.992	-0.612	-0.428	-0.363	-0.388	-0.423	-0.315	-0.334	-0.415	-1.022	-0.483	-0.699	-0.693	-0.720	-1.045	-1.013	-1.016	-1.017	-1.029	-1.026	-1.091	-1.091	-1.091	-1.038	-0.979	-1.093	-1.093	-1.093	-1.094	-1.094	-1.021	-0.944	-1.064	-1.071	-1.076	-0.943	-1.083	-0.945	-1.083	-0.946	-0.948	-0.949	-0.857	-0.847	-0.848	-0.667	-1.094	-0.742	-0.762	-0.851	-0.851	-0.762	-0.751	-0.885	-0.916	-0.936	-0.993	-1.025	-1.011	-1.011	-1.052	-0.854	-1.066	-1.075	-1.026	-0.734	-1.088	-0.781	-1.020	-0.969	-0.733	-0.725	-0.760	-0.749	-0.979	-1.012	-1.012	-1.011	-1.011	-1.011	-1.006	-1.045	-1.007	-0.852	-1.010	-1.011	
rs1929384      -0.958	-0.355	-0.812	-0.834	-0.815	-0.821	-0.815	-0.816	-0.219	-0.825	-0.161	-0.157	-0.622	-0.820	-0.999	-0.633	-0.819	-0.635	-0.417	-0.640	-0.643	-0.034	-0.050	-0.582	-0.203	-0.152	-0.415	-0.774	-0.731	-0.819	-0.595	-0.736	+0.043	-0.386	-0.049	-0.388	-0.407	-0.409	-0.670	-0.669	-0.410	-0.666	-0.625	-0.212	-0.698	-0.395	-0.941	-0.949	-0.864	-0.878	-0.186	-0.521	-0.418	-0.444	-0.342	-0.375	-0.468	-0.550	-0.998	-0.210	-0.994	-0.206	-0.248	-0.483	-0.198	-0.197	-0.197	-0.097	-1.003	-0.369	-0.451	-0.522	-1.002	-0.545	-0.985	-0.988	-0.653	-0.356	-0.318	-0.342	-0.351	-0.269	-0.288	-0.343	-1.007	-0.525	-0.738	-0.732	-0.755	-1.008	-0.974	-0.978	-0.979	-0.991	-0.988	-1.055	-1.055	-1.055	-1.001	-0.940	-1.057	-1.057	-1.057	-1.058	-1.058	-0.982	-0.902	-1.027	-1.033	-1.039	-0.900	-1.047	-0.902	-1.047	-0.902	-0.905	-0.906	-0.824	-0.814	-0.816	-0.640	-1.058	-0.695	-0.716	-0.809	-0.809	-0.714	-0.725	-0.858	-0.888	-0.907	-0.960	-0.991	-0.980	-0.980	-1.019	-0.825	-1.033	-1.042	-0.998	-0.707	-1.053	-0.752	-0.992	-0.943	-0.705	-0.689	-0.724	-0.713	-0.946	-0.973	-0.973	-0.973	-0.973	-0.973	-0.968	-1.012	-0.969	-0.815	-0.972	-0.973	
rs1929383      -0.959	-0.358	-0.812	-0.836	-0.816	-0.822	-0.815	-0.816	-0.220	-0.825	-0.163	-0.159	-0.622	-0.824	-1.000	-0.633	-0.823	-0.635	-0.419	-0.640	-0.643	-0.033	-0.049	-0.582	-0.201	-0.151	-0.417	-0.781	-0.739	-0.824	-0.736	-0.596	+0.039	-0.388	-0.046	-0.390	-0.409	-0.410	-0.669	-0.669	-0.412	-0.665	-0.625	-0.215	-0.698	-0.396	-0.941	-0.950	-0.864	-0.879	-0.185	-0.523	-0.420	-0.445	-0.341	-0.377	-0.468	-0.549	-0.999	-0.212	-0.995	-0.209	-0.251	-0.483	-0.200	-0.200	-0.200	-0.100	-1.004	-0.371	-0.451	-0.523	-1.003	-0.547	-0.985	-0.989	-0.653	-0.358	-0.320	-0.344	-0.353	-0.271	-0.290	-0.345	-1.008	-0.525	-0.738	-0.732	-0.755	-1.009	-0.975	-0.979	-0.980	-0.992	-0.989	-1.056	-1.056	-1.056	-1.002	-0.941	-1.058	-1.058	-1.058	-1.059	-1.059	-0.983	-0.903	-1.028	-1.035	-1.040	-0.901	-1.048	-0.903	-1.048	-0.904	-0.906	-0.908	-0.825	-0.815	-0.817	-0.641	-1.059	-0.697	-0.717	-0.810	-0.810	-0.715	-0.726	-0.858	-0.889	-0.908	-0.961	-0.992	-0.981	-0.981	-1.020	-0.826	-1.034	-1.043	-0.999	-0.708	-1.054	-0.753	-0.992	-0.943	-0.706	-0.689	-0.724	-0.713	-0.947	-0.974	-0.974	-0.974	-0.974	-0.974	-0.969	-1.013	-0.970	-0.816	-0.973	-0.974	
rs2482035      -0.104	+0.165	+0.023	-0.004	+0.021	+0.014	+0.022	+0.021	+0.165	+0.007	+0.193	+0.194	-0.002	-0.023	-0.127	-0.009	-0.025	-0.010	+0.167	-0.014	-0.015	+0.299	+0.290	+0.022	+0.152	+0.170	+0.159	-0.082	+0.048	-0.071	+0.043	+0.039	+0.360	+0.163	+0.222	+0.156	+0.166	+0.165	-0.018	-0.017	+0.165	-0.013	+0.013	+0.183	+0.398	+0.145	+0.069	+0.054	+0.247	+0.178	+0.416	+0.147	+0.122	+0.116	+0.362	+0.134	+0.258	+0.191	-0.033	+0.182	-0.019	+0.184	+0.165	+0.246	+0.188	+0.188	+0.188	+0.237	-0.045	+0.136	+0.277	+0.063	-0.043	+0.057	-0.003	-0.015	+0.135	+0.141	+0.127	+0.117	+0.143	+0.150	+0.141	+0.146	-0.065	+0.215	+0.062	+0.067	+0.047	-0.086	-0.119	-0.123	-0.125	-0.138	-0.135	-0.178	-0.179	-0.179	-0.147	-0.038	-0.183	-0.184	-0.184	-0.187	-0.188	-0.132	-0.043	-0.124	-0.165	-0.152	-0.042	-0.176	-0.044	-0.176	-0.045	-0.047	-0.049	+0.024	+0.033	+0.031	+0.181	-0.220	+0.284	+0.259	+0.136	+0.136	+0.254	+0.068	-0.055	-0.080	-0.097	-0.107	-0.139	-0.160	-0.160	-0.189	-0.044	-0.199	-0.204	-0.161	+0.062	-0.210	+0.020	-0.157	-0.108	+0.063	+0.130	+0.097	+0.106	-0.103	-0.107	-0.107	-0.107	-0.107	-0.106	-0.099	-0.177	-0.099	+0.113	-0.105	-0.105	
rs34278684     -0.418	-0.070	-0.314	-0.365	-0.318	-0.326	-0.317	-0.318	+0.002	-0.332	+0.051	+0.055	-0.333	-0.432	-0.499	-0.339	-0.434	-0.341	-0.081	-0.344	-0.345	+0.040	+0.031	-0.309	-0.110	-0.090	-0.099	-0.479	-0.381	-0.472	-0.386	-0.388	+0.163	-0.000	-0.035	-0.086	-0.083	-0.084	-0.355	-0.354	-0.086	-0.349	-0.325	-0.018	-0.036	-0.106	-0.335	-0.348	-0.180	-0.232	+0.152	-0.157	-0.131	-0.144	+0.087	-0.106	-0.013	-0.086	-0.404	-0.012	-0.392	-0.009	-0.040	-0.030	-0.003	-0.002	-0.002	+0.072	-0.414	-0.103	+0.002	-0.208	-0.413	-0.220	-0.378	-0.389	-0.183	-0.094	-0.091	-0.107	-0.091	-0.057	-0.070	-0.086	-0.430	-0.063	-0.255	-0.250	-0.271	-0.426	-0.446	-0.450	-0.451	-0.464	-0.461	-0.510	-0.510	-0.511	-0.474	-0.387	-0.514	-0.515	-0.515	-0.518	-0.519	-0.458	-0.372	-0.462	-0.499	-0.486	-0.371	-0.507	-0.373	-0.507	-0.374	-0.376	-0.378	-0.298	-0.289	-0.290	-0.133	-0.542	-0.074	-0.098	-0.212	-0.212	-0.101	-0.231	-0.359	-0.386	-0.404	-0.424	-0.460	-0.473	-0.473	-0.507	-0.340	-0.518	-0.525	-0.474	-0.228	-0.534	-0.272	-0.469	-0.419	-0.227	-0.183	-0.217	-0.207	-0.421	-0.441	-0.441	-0.441	-0.441	-0.441	-0.434	-0.497	-0.435	-0.242	-0.440	-0.440	
