## Summary of overall evidence for association with region:
## log10(BF for region) = -0.449897
## p-value for region = NA

## BFs for choosing among multi-SNP models:
## log10(average 1-SNP BF) = -0.383473
## log10(average 2-SNP BF) = -0.624164

## Example posterior probabilities for multi-SNP models, based on default prior: [p(l) propto 0.5^l for l=1,2,...,L]
## posterior probability of 1-SNP = 0.776842
## posterior probability of 2-SNP = 0.223158

## log10(BF) for single SNP and pair of SNPs:
rs1427280      -0.396	-0.767	-0.800	-0.775	-0.763	-0.764	-0.738	-0.737	-0.735	-0.701	-0.735	-0.513	-0.782	-0.784	-0.740	-0.540	-0.769	-0.604	-0.769	-0.767	-0.542	-0.769	-0.769	-0.531	-0.503	-0.546	-0.767	-0.767	-0.768	-0.765	-0.545	-0.545	-0.767	-0.769	-0.662	-0.654	-0.673	-0.664	-0.758	-0.767	-0.753	-0.760	-0.760	-0.768	-0.757	-0.760	-0.505	-0.747	-0.748	-0.764	-0.761	-0.759	-0.740	-0.738	-0.742	-0.754	-0.666	-0.666	-0.667	-0.522	-0.769	-0.746	-0.545	-0.767	-0.768	-0.508	-0.786	-0.696	-0.646	-0.715	-0.719	-0.748	-0.377	-0.725	-0.249	-0.381	-0.626	-0.720	-0.740	-0.756	-0.740	-0.688	-0.769	-0.805	-0.686	-0.705	-0.463	-0.385	-0.463	-0.347	-0.375	-0.543	-0.768	-0.431	-0.487	-0.453	-0.697	-0.725	-0.705	-0.836	-0.452	-0.706	-0.706	-0.767	-0.705	-0.444	-0.727	-0.706	-0.860	-0.836	-0.491	-0.765	-0.686	-0.764	-0.842	-0.424	-0.383	-0.696	-0.841	-0.722	-0.388	-0.721	-0.491	-0.722	-0.722	-0.809	-0.721	-0.423	-0.435	-0.862	-0.862	-0.713	-0.717	-0.714	-0.716	-0.460	-0.754	-0.715	-0.841	-0.713	-0.721	-0.713	-0.713	-0.714	-0.714	-0.714	-0.839	-0.717	-0.735	-0.766	-0.776	-0.516	-0.854	-0.736	-0.736	-0.555	-0.733	-0.733	-0.732	-0.745	-0.538	-0.573	-0.787	-0.787	-0.710	-0.782	-0.716	-0.713	-0.709	-0.809	-0.782	-0.811	-0.511	-0.787	-0.835	-0.794	-0.794	-0.655	-0.886	-0.579	-0.879	-0.853	-0.853	-0.574	-0.562	-0.834	-0.585	-0.834	-0.652	-0.859	-0.647	-0.657	-0.655	-0.654	-0.654	-0.581	-0.649	
rs12906705     -0.767	-0.511	-0.860	-0.820	-0.631	-0.633	-0.729	-0.672	-0.670	-0.703	-0.675	-0.776	-0.813	-0.820	-0.765	-0.680	-0.640	-0.553	-0.640	-0.649	-0.475	-0.640	-0.646	-0.536	-0.532	-0.477	-0.642	-0.642	-0.649	-0.652	-0.476	-0.475	-0.652	-0.643	-0.621	-0.609	-0.636	-0.621	-0.647	-0.643	-0.780	-0.651	-0.652	-0.644	-0.648	-0.660	-0.427	-0.667	-0.627	-0.659	-0.659	-0.653	-0.765	-0.762	-0.767	-0.651	-0.628	-0.628	-0.629	-0.450	-0.664	-0.713	-0.479	-0.675	-0.676	-0.451	-0.715	-0.670	-0.639	-0.705	-0.707	-0.750	-0.475	-0.715	-0.322	-0.478	-0.589	-0.708	-0.738	-0.765	-0.737	-0.672	-0.863	-0.841	-0.751	-0.774	-0.551	-0.477	-0.551	-0.412	-0.467	-0.626	-0.794	-0.520	-0.572	-0.540	-0.764	-0.719	-0.774	-0.886	-0.539	-0.775	-0.775	-0.793	-0.773	-0.532	-0.722	-0.693	-0.937	-0.887	-0.577	-0.776	-0.750	-0.774	-0.897	-0.512	-0.472	-0.763	-0.895	-0.796	-0.476	-0.795	-0.576	-0.795	-0.795	-0.850	-0.795	-0.511	-0.523	-0.944	-0.946	-0.785	-0.789	-0.785	-0.788	-0.547	-0.761	-0.787	-0.895	-0.784	-0.793	-0.784	-0.784	-0.785	-0.785	-0.785	-0.893	-0.789	-0.813	-0.778	-0.793	-0.601	-0.917	-0.814	-0.814	-0.602	-0.810	-0.811	-0.810	-0.829	-0.620	-0.655	-0.857	-0.857	-0.770	-0.852	-0.777	-0.773	-0.769	-0.881	-0.860	-0.884	-0.568	-0.843	-0.890	-0.866	-0.866	-0.769	-0.975	-0.644	-0.981	-0.918	-0.918	-0.638	-0.625	-0.886	-0.648	-0.886	-0.752	-0.926	-0.742	-0.760	-0.756	-0.754	-0.754	-0.644	-0.745	
rs1427281      -0.800	-0.860	-0.568	-0.747	-0.863	-0.863	-0.666	-0.854	-0.853	-0.612	-0.852	-0.808	-0.692	-0.697	-0.639	-0.737	-0.858	-0.511	-0.858	-0.858	-0.400	-0.859	-0.856	-0.511	-0.493	-0.408	-0.860	-0.860	-0.857	-0.860	-0.406	-0.406	-0.858	-0.858	-0.535	-0.522	-0.558	-0.541	-0.863	-0.861	-0.829	-0.863	-0.863	-0.860	-0.868	-0.867	-0.334	-0.877	-0.868	-0.867	-0.868	-0.868	-0.812	-0.810	-0.814	-0.866	-0.552	-0.552	-0.553	-0.372	-0.863	-0.899	-0.411	-0.865	-0.864	-0.397	-0.872	-0.615	-0.673	-0.679	-0.683	-0.736	-0.550	-0.694	-0.415	-0.553	-0.574	-0.686	-0.723	-0.754	-0.708	-0.675	-0.931	-0.876	-0.832	-0.853	-0.625	-0.553	-0.625	-0.501	-0.543	-0.700	-0.838	-0.594	-0.646	-0.614	-0.844	-0.724	-0.853	-0.919	-0.614	-0.854	-0.854	-0.837	-0.852	-0.606	-0.728	-0.694	-0.960	-0.919	-0.651	-0.787	-0.831	-0.786	-0.928	-0.588	-0.549	-0.843	-0.926	-0.873	-0.554	-0.872	-0.650	-0.872	-0.872	-0.892	-0.872	-0.587	-0.598	-0.947	-0.947	-0.863	-0.866	-0.863	-0.865	-0.621	-0.771	-0.864	-0.927	-0.862	-0.870	-0.862	-0.862	-0.863	-0.863	-0.863	-0.924	-0.867	-0.888	-0.790	-0.803	-0.674	-0.944	-0.889	-0.889	-0.681	-0.886	-0.886	-0.885	-0.902	-0.694	-0.727	-0.857	-0.857	-0.742	-0.851	-0.751	-0.747	-0.742	-0.888	-0.861	-0.892	-0.645	-0.860	-0.930	-0.869	-0.869	-0.822	-1.008	-0.717	-0.996	-0.955	-0.955	-0.712	-0.699	-0.930	-0.722	-0.931	-0.810	-0.964	-0.802	-0.817	-0.814	-0.812	-0.812	-0.717	-0.805	
rs7177678      -0.775	-0.820	-0.747	-0.516	-0.825	-0.824	-0.677	-0.810	-0.810	-0.561	-0.810	-0.781	-0.764	-0.767	-0.716	-0.708	-0.817	-0.556	-0.817	-0.819	-0.458	-0.818	-0.816	-0.584	-0.513	-0.463	-0.820	-0.820	-0.818	-0.822	-0.461	-0.461	-0.818	-0.817	-0.669	-0.657	-0.683	-0.670	-0.827	-0.821	-0.821	-0.827	-0.827	-0.820	-0.833	-0.831	-0.397	-0.846	-0.835	-0.829	-0.832	-0.832	-0.807	-0.805	-0.809	-0.830	-0.675	-0.675	-0.676	-0.431	-0.823	-0.853	-0.466	-0.826	-0.825	-0.449	-0.827	-0.715	-0.689	-0.750	-0.753	-0.788	-0.544	-0.760	-0.399	-0.547	-0.607	-0.754	-0.780	-0.800	-0.773	-0.694	-0.892	-0.859	-0.801	-0.820	-0.613	-0.545	-0.613	-0.484	-0.536	-0.682	-0.830	-0.585	-0.633	-0.603	-0.811	-0.735	-0.820	-0.890	-0.603	-0.821	-0.821	-0.829	-0.819	-0.596	-0.738	-0.711	-0.915	-0.890	-0.637	-0.785	-0.799	-0.784	-0.896	-0.578	-0.541	-0.810	-0.895	-0.838	-0.545	-0.837	-0.637	-0.838	-0.838	-0.873	-0.837	-0.577	-0.588	-0.917	-0.917	-0.829	-0.832	-0.829	-0.831	-0.609	-0.773	-0.830	-0.895	-0.828	-0.836	-0.828	-0.828	-0.829	-0.829	-0.829	-0.893	-0.833	-0.852	-0.787	-0.802	-0.658	-0.905	-0.854	-0.853	-0.636	-0.850	-0.850	-0.849	-0.864	-0.676	-0.706	-0.760	-0.760	-0.623	-0.754	-0.634	-0.629	-0.623	-0.797	-0.757	-0.804	-0.608	-0.770	-0.898	-0.778	-0.777	-0.774	-0.956	-0.678	-0.932	-0.914	-0.914	-0.673	-0.661	-0.901	-0.681	-0.902	-0.765	-0.923	-0.758	-0.771	-0.768	-0.766	-0.766	-0.677	-0.760	
rs6494032      -0.763	-0.631	-0.863	-0.825	-0.508	-0.633	-0.739	-0.678	-0.676	-0.712	-0.681	-0.771	-0.820	-0.826	-0.773	-0.674	-0.624	-0.567	-0.625	-0.639	-0.491	-0.626	-0.631	-0.545	-0.539	-0.493	-0.633	-0.633	-0.637	-0.646	-0.492	-0.491	-0.641	-0.628	-0.634	-0.623	-0.649	-0.635	-0.651	-0.634	-0.786	-0.653	-0.653	-0.635	-0.655	-0.663	-0.444	-0.678	-0.642	-0.660	-0.663	-0.659	-0.771	-0.768	-0.773	-0.658	-0.641	-0.641	-0.642	-0.466	-0.657	-0.723	-0.495	-0.670	-0.670	-0.466	-0.703	-0.682	-0.648	-0.715	-0.717	-0.759	-0.468	-0.725	-0.314	-0.471	-0.602	-0.719	-0.748	-0.773	-0.747	-0.683	-0.858	-0.846	-0.745	-0.768	-0.544	-0.470	-0.544	-0.405	-0.460	-0.620	-0.800	-0.514	-0.566	-0.533	-0.758	-0.729	-0.768	-0.890	-0.533	-0.769	-0.769	-0.799	-0.767	-0.525	-0.732	-0.704	-0.938	-0.890	-0.570	-0.784	-0.743	-0.782	-0.900	-0.505	-0.465	-0.756	-0.898	-0.790	-0.470	-0.789	-0.570	-0.789	-0.789	-0.854	-0.789	-0.504	-0.516	-0.944	-0.946	-0.779	-0.783	-0.779	-0.782	-0.540	-0.769	-0.781	-0.899	-0.778	-0.787	-0.778	-0.778	-0.779	-0.779	-0.779	-0.896	-0.783	-0.807	-0.786	-0.800	-0.595	-0.919	-0.809	-0.808	-0.596	-0.805	-0.805	-0.804	-0.824	-0.615	-0.650	-0.847	-0.847	-0.756	-0.842	-0.764	-0.760	-0.756	-0.872	-0.851	-0.875	-0.563	-0.833	-0.893	-0.857	-0.857	-0.765	-0.974	-0.640	-0.978	-0.920	-0.920	-0.634	-0.620	-0.889	-0.644	-0.889	-0.748	-0.927	-0.739	-0.757	-0.753	-0.751	-0.751	-0.639	-0.742	
rs8035960      -0.764	-0.633	-0.863	-0.824	-0.633	-0.509	-0.737	-0.677	-0.675	-0.710	-0.680	-0.772	-0.818	-0.825	-0.771	-0.675	-0.628	-0.564	-0.628	-0.642	-0.488	-0.629	-0.635	-0.544	-0.538	-0.490	-0.635	-0.635	-0.640	-0.648	-0.488	-0.488	-0.644	-0.632	-0.632	-0.620	-0.647	-0.632	-0.651	-0.636	-0.785	-0.653	-0.653	-0.637	-0.654	-0.663	-0.440	-0.676	-0.639	-0.660	-0.663	-0.658	-0.770	-0.767	-0.772	-0.657	-0.638	-0.639	-0.639	-0.463	-0.658	-0.721	-0.492	-0.672	-0.672	-0.463	-0.706	-0.680	-0.647	-0.713	-0.715	-0.757	-0.470	-0.723	-0.316	-0.473	-0.599	-0.717	-0.746	-0.771	-0.745	-0.681	-0.859	-0.845	-0.746	-0.769	-0.546	-0.471	-0.546	-0.406	-0.461	-0.621	-0.799	-0.515	-0.568	-0.535	-0.759	-0.727	-0.769	-0.889	-0.534	-0.770	-0.770	-0.798	-0.769	-0.527	-0.730	-0.702	-0.938	-0.890	-0.572	-0.782	-0.745	-0.781	-0.899	-0.507	-0.466	-0.758	-0.898	-0.791	-0.471	-0.790	-0.571	-0.791	-0.791	-0.853	-0.790	-0.506	-0.518	-0.944	-0.946	-0.780	-0.784	-0.780	-0.783	-0.542	-0.767	-0.782	-0.898	-0.779	-0.788	-0.780	-0.779	-0.780	-0.780	-0.780	-0.896	-0.785	-0.808	-0.785	-0.799	-0.596	-0.919	-0.810	-0.810	-0.597	-0.806	-0.807	-0.806	-0.825	-0.616	-0.651	-0.849	-0.849	-0.759	-0.844	-0.767	-0.763	-0.759	-0.874	-0.853	-0.877	-0.564	-0.835	-0.892	-0.859	-0.859	-0.766	-0.975	-0.641	-0.979	-0.920	-0.920	-0.635	-0.622	-0.889	-0.645	-0.889	-0.749	-0.927	-0.740	-0.758	-0.753	-0.752	-0.752	-0.640	-0.743	
rs714696       -0.738	-0.729	-0.666	-0.677	-0.739	-0.737	-0.452	-0.752	-0.753	-0.612	-0.752	-0.742	-0.689	-0.688	-0.708	-0.683	-0.724	-0.558	-0.724	-0.728	-0.469	-0.724	-0.721	-0.601	-0.522	-0.471	-0.729	-0.729	-0.725	-0.733	-0.470	-0.470	-0.726	-0.723	-0.686	-0.678	-0.697	-0.687	-0.744	-0.729	-0.793	-0.742	-0.742	-0.729	-0.752	-0.748	-0.409	-0.777	-0.761	-0.744	-0.749	-0.751	-0.782	-0.781	-0.784	-0.751	-0.692	-0.692	-0.692	-0.443	-0.732	-0.768	-0.476	-0.738	-0.736	-0.467	-0.731	-0.721	-0.686	-0.747	-0.748	-0.772	-0.524	-0.753	-0.397	-0.527	-0.608	-0.750	-0.767	-0.780	-0.760	-0.681	-0.840	-0.814	-0.755	-0.773	-0.588	-0.525	-0.588	-0.476	-0.516	-0.651	-0.800	-0.562	-0.606	-0.579	-0.764	-0.708	-0.773	-0.829	-0.578	-0.773	-0.773	-0.800	-0.772	-0.572	-0.710	-0.691	-0.833	-0.829	-0.610	-0.741	-0.753	-0.741	-0.830	-0.555	-0.519	-0.763	-0.830	-0.790	-0.523	-0.789	-0.610	-0.790	-0.790	-0.830	-0.789	-0.554	-0.564	-0.848	-0.847	-0.781	-0.785	-0.781	-0.784	-0.585	-0.734	-0.783	-0.830	-0.781	-0.789	-0.781	-0.780	-0.782	-0.782	-0.782	-0.830	-0.785	-0.803	-0.743	-0.752	-0.630	-0.829	-0.804	-0.804	-0.574	-0.801	-0.801	-0.800	-0.814	-0.644	-0.672	-0.593	-0.593	-0.407	-0.587	-0.423	-0.416	-0.408	-0.644	-0.609	-0.653	-0.558	-0.615	-0.833	-0.621	-0.621	-0.715	-0.876	-0.626	-0.831	-0.840	-0.840	-0.621	-0.609	-0.841	-0.628	-0.842	-0.708	-0.849	-0.703	-0.714	-0.711	-0.710	-0.710	-0.624	-0.705	
rs6494033      -0.737	-0.672	-0.854	-0.810	-0.678	-0.677	-0.752	-0.483	-0.604	-0.703	-0.615	-0.745	-0.824	-0.829	-0.768	-0.645	-0.668	-0.590	-0.668	-0.674	-0.519	-0.668	-0.668	-0.553	-0.542	-0.522	-0.673	-0.673	-0.672	-0.679	-0.520	-0.520	-0.674	-0.668	-0.656	-0.645	-0.669	-0.656	-0.687	-0.673	-0.784	-0.687	-0.687	-0.673	-0.693	-0.694	-0.475	-0.711	-0.691	-0.690	-0.694	-0.693	-0.770	-0.768	-0.772	-0.689	-0.661	-0.662	-0.662	-0.496	-0.682	-0.745	-0.522	-0.692	-0.691	-0.491	-0.703	-0.699	-0.656	-0.726	-0.729	-0.767	-0.438	-0.737	-0.280	-0.441	-0.620	-0.731	-0.757	-0.779	-0.757	-0.695	-0.835	-0.843	-0.716	-0.740	-0.515	-0.439	-0.515	-0.373	-0.429	-0.591	-0.799	-0.484	-0.537	-0.504	-0.729	-0.738	-0.739	-0.883	-0.503	-0.741	-0.741	-0.798	-0.739	-0.496	-0.741	-0.715	-0.926	-0.884	-0.541	-0.789	-0.715	-0.787	-0.893	-0.475	-0.434	-0.728	-0.891	-0.762	-0.439	-0.761	-0.541	-0.762	-0.762	-0.849	-0.761	-0.474	-0.486	-0.932	-0.933	-0.751	-0.755	-0.751	-0.754	-0.510	-0.775	-0.753	-0.891	-0.750	-0.759	-0.750	-0.750	-0.751	-0.751	-0.751	-0.889	-0.755	-0.780	-0.791	-0.804	-0.566	-0.910	-0.781	-0.781	-0.566	-0.777	-0.778	-0.777	-0.797	-0.586	-0.622	-0.821	-0.821	-0.729	-0.816	-0.737	-0.733	-0.728	-0.847	-0.819	-0.850	-0.536	-0.807	-0.884	-0.831	-0.831	-0.742	-0.958	-0.613	-0.960	-0.909	-0.908	-0.607	-0.594	-0.881	-0.617	-0.881	-0.724	-0.915	-0.715	-0.733	-0.729	-0.727	-0.727	-0.612	-0.718	
rs7170314      -0.735	-0.670	-0.853	-0.810	-0.676	-0.675	-0.753	-0.604	-0.482	-0.704	-0.613	-0.743	-0.824	-0.829	-0.769	-0.644	-0.665	-0.592	-0.665	-0.671	-0.521	-0.665	-0.665	-0.553	-0.542	-0.523	-0.670	-0.670	-0.669	-0.677	-0.522	-0.522	-0.671	-0.665	-0.657	-0.646	-0.670	-0.658	-0.685	-0.671	-0.784	-0.685	-0.685	-0.671	-0.691	-0.692	-0.477	-0.711	-0.691	-0.688	-0.693	-0.692	-0.770	-0.768	-0.772	-0.688	-0.663	-0.663	-0.663	-0.498	-0.680	-0.745	-0.524	-0.689	-0.688	-0.493	-0.700	-0.700	-0.657	-0.727	-0.730	-0.767	-0.436	-0.737	-0.278	-0.439	-0.621	-0.731	-0.757	-0.780	-0.757	-0.695	-0.833	-0.843	-0.715	-0.738	-0.513	-0.437	-0.513	-0.371	-0.427	-0.590	-0.799	-0.482	-0.535	-0.502	-0.728	-0.739	-0.738	-0.883	-0.501	-0.739	-0.739	-0.798	-0.737	-0.494	-0.742	-0.716	-0.925	-0.884	-0.539	-0.789	-0.713	-0.788	-0.892	-0.473	-0.432	-0.726	-0.891	-0.760	-0.437	-0.759	-0.539	-0.760	-0.760	-0.849	-0.759	-0.472	-0.485	-0.931	-0.933	-0.749	-0.753	-0.749	-0.753	-0.509	-0.775	-0.751	-0.891	-0.748	-0.757	-0.748	-0.748	-0.749	-0.749	-0.749	-0.888	-0.754	-0.778	-0.791	-0.804	-0.564	-0.910	-0.780	-0.779	-0.564	-0.776	-0.776	-0.775	-0.795	-0.584	-0.620	-0.819	-0.819	-0.726	-0.814	-0.734	-0.730	-0.725	-0.845	-0.817	-0.848	-0.534	-0.805	-0.884	-0.829	-0.829	-0.741	-0.957	-0.612	-0.958	-0.908	-0.908	-0.606	-0.592	-0.881	-0.615	-0.881	-0.723	-0.915	-0.713	-0.732	-0.727	-0.726	-0.726	-0.611	-0.717	
rs8032140      -0.701	-0.703	-0.612	-0.561	-0.712	-0.710	-0.612	-0.703	-0.704	-0.409	-0.702	-0.704	-0.671	-0.669	-0.667	-0.654	-0.698	-0.581	-0.698	-0.701	-0.510	-0.699	-0.696	-0.589	-0.530	-0.512	-0.703	-0.703	-0.699	-0.706	-0.511	-0.511	-0.700	-0.697	-0.680	-0.672	-0.689	-0.681	-0.716	-0.703	-0.771	-0.714	-0.714	-0.703	-0.724	-0.721	-0.462	-0.747	-0.732	-0.717	-0.721	-0.723	-0.761	-0.760	-0.763	-0.721	-0.684	-0.685	-0.685	-0.488	-0.705	-0.741	-0.515	-0.711	-0.709	-0.497	-0.704	-0.709	-0.677	-0.731	-0.733	-0.753	-0.499	-0.737	-0.378	-0.501	-0.618	-0.734	-0.748	-0.759	-0.742	-0.678	-0.804	-0.789	-0.721	-0.739	-0.561	-0.499	-0.561	-0.456	-0.490	-0.622	-0.778	-0.535	-0.578	-0.551	-0.731	-0.701	-0.739	-0.799	-0.551	-0.739	-0.739	-0.777	-0.738	-0.545	-0.702	-0.686	-0.799	-0.799	-0.582	-0.725	-0.720	-0.725	-0.800	-0.528	-0.493	-0.729	-0.800	-0.756	-0.497	-0.755	-0.582	-0.755	-0.755	-0.803	-0.755	-0.527	-0.537	-0.813	-0.812	-0.747	-0.750	-0.747	-0.750	-0.557	-0.720	-0.748	-0.800	-0.747	-0.754	-0.747	-0.746	-0.747	-0.747	-0.747	-0.800	-0.750	-0.768	-0.727	-0.734	-0.601	-0.796	-0.769	-0.769	-0.538	-0.766	-0.766	-0.765	-0.778	-0.614	-0.641	-0.558	-0.558	-0.375	-0.551	-0.390	-0.384	-0.376	-0.607	-0.555	-0.617	-0.523	-0.580	-0.801	-0.584	-0.584	-0.674	-0.837	-0.590	-0.790	-0.805	-0.805	-0.585	-0.573	-0.809	-0.591	-0.810	-0.669	-0.813	-0.664	-0.674	-0.671	-0.670	-0.670	-0.587	-0.665	
rs12908165     -0.735	-0.675	-0.852	-0.810	-0.681	-0.680	-0.752	-0.615	-0.613	-0.702	-0.482	-0.744	-0.823	-0.827	-0.768	-0.644	-0.670	-0.590	-0.671	-0.669	-0.519	-0.671	-0.664	-0.552	-0.540	-0.521	-0.675	-0.675	-0.668	-0.674	-0.520	-0.520	-0.669	-0.671	-0.654	-0.645	-0.668	-0.656	-0.682	-0.675	-0.783	-0.682	-0.682	-0.675	-0.692	-0.690	-0.475	-0.708	-0.691	-0.691	-0.693	-0.693	-0.769	-0.767	-0.771	-0.689	-0.661	-0.661	-0.662	-0.496	-0.683	-0.745	-0.522	-0.687	-0.686	-0.491	-0.704	-0.698	-0.655	-0.725	-0.729	-0.766	-0.436	-0.736	-0.279	-0.439	-0.619	-0.730	-0.755	-0.778	-0.755	-0.694	-0.834	-0.842	-0.715	-0.738	-0.514	-0.438	-0.513	-0.370	-0.428	-0.590	-0.798	-0.482	-0.536	-0.502	-0.728	-0.738	-0.738	-0.882	-0.502	-0.739	-0.739	-0.797	-0.738	-0.494	-0.740	-0.714	-0.925	-0.883	-0.540	-0.788	-0.714	-0.786	-0.892	-0.474	-0.433	-0.727	-0.890	-0.761	-0.438	-0.760	-0.539	-0.760	-0.760	-0.848	-0.760	-0.473	-0.485	-0.931	-0.932	-0.749	-0.754	-0.750	-0.753	-0.509	-0.774	-0.751	-0.890	-0.749	-0.758	-0.749	-0.748	-0.750	-0.750	-0.750	-0.888	-0.754	-0.778	-0.790	-0.803	-0.563	-0.909	-0.780	-0.780	-0.565	-0.776	-0.776	-0.775	-0.796	-0.585	-0.620	-0.821	-0.821	-0.728	-0.815	-0.736	-0.732	-0.727	-0.847	-0.818	-0.850	-0.535	-0.806	-0.883	-0.830	-0.830	-0.740	-0.957	-0.612	-0.958	-0.908	-0.907	-0.606	-0.593	-0.880	-0.616	-0.880	-0.723	-0.914	-0.713	-0.732	-0.727	-0.725	-0.725	-0.611	-0.716	
rs7176436      -0.513	-0.776	-0.808	-0.781	-0.771	-0.772	-0.742	-0.745	-0.743	-0.704	-0.744	-0.405	-0.788	-0.790	-0.744	-0.537	-0.777	-0.606	-0.777	-0.775	-0.543	-0.777	-0.777	-0.532	-0.502	-0.547	-0.775	-0.775	-0.776	-0.773	-0.546	-0.546	-0.775	-0.777	-0.664	-0.656	-0.675	-0.666	-0.767	-0.775	-0.758	-0.769	-0.769	-0.776	-0.765	-0.768	-0.505	-0.755	-0.756	-0.772	-0.769	-0.767	-0.744	-0.743	-0.746	-0.763	-0.668	-0.669	-0.669	-0.523	-0.777	-0.754	-0.546	-0.776	-0.776	-0.509	-0.794	-0.699	-0.649	-0.718	-0.722	-0.752	-0.373	-0.728	-0.243	-0.376	-0.628	-0.723	-0.743	-0.760	-0.743	-0.691	-0.775	-0.810	-0.690	-0.709	-0.461	-0.381	-0.461	-0.344	-0.371	-0.543	-0.772	-0.427	-0.485	-0.450	-0.700	-0.729	-0.709	-0.841	-0.450	-0.709	-0.709	-0.771	-0.708	-0.442	-0.731	-0.709	-0.867	-0.842	-0.489	-0.769	-0.689	-0.768	-0.848	-0.421	-0.379	-0.700	-0.847	-0.726	-0.384	-0.725	-0.489	-0.726	-0.726	-0.814	-0.725	-0.420	-0.432	-0.869	-0.870	-0.717	-0.721	-0.717	-0.720	-0.457	-0.758	-0.719	-0.847	-0.717	-0.725	-0.717	-0.716	-0.718	-0.718	-0.718	-0.845	-0.721	-0.739	-0.770	-0.780	-0.515	-0.860	-0.740	-0.740	-0.560	-0.737	-0.737	-0.737	-0.750	-0.538	-0.574	-0.796	-0.796	-0.719	-0.791	-0.725	-0.722	-0.718	-0.817	-0.791	-0.820	-0.516	-0.796	-0.842	-0.803	-0.803	-0.663	-0.894	-0.584	-0.888	-0.860	-0.860	-0.579	-0.568	-0.840	-0.590	-0.840	-0.659	-0.866	-0.654	-0.664	-0.662	-0.661	-0.661	-0.586	-0.656	
rs7183336      -0.782	-0.813	-0.692	-0.764	-0.820	-0.818	-0.689	-0.824	-0.824	-0.671	-0.823	-0.788	-0.531	-0.668	-0.654	-0.728	-0.809	-0.549	-0.810	-0.812	-0.448	-0.810	-0.808	-0.539	-0.522	-0.455	-0.813	-0.813	-0.810	-0.815	-0.454	-0.454	-0.811	-0.809	-0.581	-0.565	-0.601	-0.581	-0.822	-0.813	-0.826	-0.821	-0.821	-0.813	-0.828	-0.826	-0.388	-0.844	-0.831	-0.824	-0.827	-0.827	-0.811	-0.809	-0.813	-0.826	-0.591	-0.591	-0.592	-0.423	-0.816	-0.871	-0.458	-0.821	-0.819	-0.441	-0.820	-0.645	-0.689	-0.701	-0.701	-0.746	-0.546	-0.711	-0.411	-0.549	-0.603	-0.704	-0.737	-0.763	-0.724	-0.694	-0.904	-0.868	-0.811	-0.831	-0.617	-0.548	-0.617	-0.494	-0.539	-0.688	-0.835	-0.588	-0.638	-0.607	-0.822	-0.736	-0.830	-0.902	-0.606	-0.831	-0.831	-0.835	-0.830	-0.599	-0.739	-0.710	-0.932	-0.902	-0.642	-0.789	-0.810	-0.788	-0.908	-0.582	-0.544	-0.821	-0.907	-0.849	-0.548	-0.848	-0.641	-0.849	-0.849	-0.882	-0.848	-0.581	-0.591	-0.907	-0.907	-0.840	-0.843	-0.840	-0.842	-0.613	-0.776	-0.841	-0.907	-0.839	-0.847	-0.839	-0.839	-0.840	-0.840	-0.840	-0.906	-0.843	-0.863	-0.792	-0.803	-0.663	-0.919	-0.865	-0.864	-0.651	-0.861	-0.862	-0.861	-0.876	-0.682	-0.713	-0.787	-0.787	-0.657	-0.781	-0.668	-0.663	-0.657	-0.823	-0.795	-0.828	-0.620	-0.795	-0.908	-0.802	-0.802	-0.788	-0.971	-0.691	-0.949	-0.926	-0.926	-0.685	-0.673	-0.909	-0.694	-0.909	-0.778	-0.934	-0.771	-0.785	-0.782	-0.780	-0.780	-0.690	-0.774	
rs1834747      -0.784	-0.820	-0.697	-0.767	-0.826	-0.825	-0.688	-0.829	-0.829	-0.669	-0.827	-0.790	-0.668	-0.536	-0.654	-0.729	-0.816	-0.544	-0.816	-0.817	-0.442	-0.817	-0.813	-0.535	-0.517	-0.449	-0.820	-0.820	-0.815	-0.820	-0.448	-0.447	-0.816	-0.816	-0.571	-0.560	-0.591	-0.576	-0.826	-0.820	-0.827	-0.825	-0.825	-0.819	-0.834	-0.831	-0.381	-0.848	-0.836	-0.830	-0.832	-0.833	-0.811	-0.809	-0.813	-0.832	-0.586	-0.586	-0.587	-0.416	-0.822	-0.874	-0.452	-0.825	-0.824	-0.435	-0.827	-0.641	-0.687	-0.696	-0.699	-0.745	-0.546	-0.709	-0.411	-0.549	-0.599	-0.702	-0.733	-0.760	-0.720	-0.691	-0.908	-0.869	-0.813	-0.833	-0.618	-0.548	-0.618	-0.495	-0.539	-0.689	-0.836	-0.588	-0.638	-0.607	-0.824	-0.735	-0.833	-0.904	-0.607	-0.834	-0.834	-0.835	-0.833	-0.600	-0.738	-0.708	-0.935	-0.904	-0.642	-0.789	-0.812	-0.788	-0.911	-0.582	-0.544	-0.823	-0.910	-0.852	-0.548	-0.851	-0.642	-0.852	-0.852	-0.883	-0.851	-0.581	-0.592	-0.912	-0.912	-0.842	-0.846	-0.842	-0.845	-0.614	-0.775	-0.844	-0.910	-0.842	-0.850	-0.842	-0.841	-0.843	-0.843	-0.843	-0.908	-0.846	-0.866	-0.792	-0.803	-0.664	-0.922	-0.868	-0.867	-0.654	-0.864	-0.864	-0.863	-0.879	-0.683	-0.715	-0.796	-0.796	-0.668	-0.790	-0.679	-0.674	-0.668	-0.832	-0.803	-0.836	-0.623	-0.803	-0.910	-0.811	-0.811	-0.792	-0.975	-0.694	-0.955	-0.930	-0.930	-0.688	-0.676	-0.911	-0.697	-0.912	-0.782	-0.938	-0.775	-0.789	-0.785	-0.784	-0.784	-0.693	-0.777	
rs4775086      -0.740	-0.765	-0.639	-0.716	-0.773	-0.771	-0.708	-0.768	-0.769	-0.667	-0.768	-0.744	-0.654	-0.654	-0.474	-0.696	-0.761	-0.587	-0.761	-0.763	-0.508	-0.761	-0.759	-0.559	-0.542	-0.514	-0.765	-0.765	-0.761	-0.768	-0.512	-0.512	-0.762	-0.760	-0.628	-0.616	-0.642	-0.629	-0.776	-0.765	-0.806	-0.774	-0.774	-0.765	-0.783	-0.780	-0.459	-0.802	-0.788	-0.777	-0.781	-0.782	-0.793	-0.792	-0.795	-0.780	-0.635	-0.635	-0.635	-0.485	-0.768	-0.829	-0.515	-0.773	-0.771	-0.490	-0.769	-0.674	-0.689	-0.712	-0.714	-0.746	-0.522	-0.720	-0.387	-0.524	-0.629	-0.715	-0.739	-0.758	-0.730	-0.703	-0.858	-0.842	-0.771	-0.790	-0.589	-0.523	-0.589	-0.468	-0.514	-0.656	-0.815	-0.561	-0.609	-0.579	-0.781	-0.738	-0.789	-0.867	-0.579	-0.790	-0.790	-0.815	-0.789	-0.572	-0.740	-0.717	-0.887	-0.868	-0.612	-0.779	-0.770	-0.778	-0.872	-0.555	-0.518	-0.780	-0.871	-0.807	-0.523	-0.806	-0.612	-0.807	-0.807	-0.853	-0.806	-0.554	-0.564	-0.853	-0.852	-0.798	-0.801	-0.798	-0.800	-0.586	-0.769	-0.799	-0.871	-0.797	-0.805	-0.797	-0.797	-0.798	-0.798	-0.798	-0.870	-0.801	-0.820	-0.780	-0.789	-0.633	-0.878	-0.821	-0.821	-0.605	-0.818	-0.818	-0.817	-0.831	-0.649	-0.679	-0.718	-0.718	-0.582	-0.711	-0.593	-0.588	-0.582	-0.756	-0.715	-0.761	-0.577	-0.728	-0.869	-0.734	-0.733	-0.734	-0.918	-0.646	-0.889	-0.881	-0.881	-0.640	-0.629	-0.871	-0.649	-0.871	-0.727	-0.889	-0.721	-0.733	-0.730	-0.729	-0.729	-0.645	-0.723	
rs7182060      -0.540	-0.680	-0.737	-0.708	-0.674	-0.675	-0.683	-0.645	-0.644	-0.654	-0.644	-0.537	-0.728	-0.729	-0.696	-0.308	-0.682	-0.583	-0.682	-0.679	-0.530	-0.681	-0.682	-0.514	-0.494	-0.533	-0.679	-0.679	-0.680	-0.677	-0.532	-0.532	-0.679	-0.681	-0.633	-0.626	-0.642	-0.634	-0.669	-0.679	-0.706	-0.671	-0.671	-0.680	-0.667	-0.670	-0.496	-0.653	-0.656	-0.675	-0.671	-0.669	-0.696	-0.694	-0.697	-0.664	-0.637	-0.637	-0.637	-0.512	-0.681	-0.689	-0.532	-0.679	-0.680	-0.499	-0.701	-0.662	-0.618	-0.676	-0.680	-0.704	-0.420	-0.685	-0.248	-0.423	-0.601	-0.681	-0.697	-0.711	-0.697	-0.653	-0.712	-0.746	-0.649	-0.664	-0.483	-0.422	-0.482	-0.343	-0.413	-0.541	-0.719	-0.457	-0.500	-0.474	-0.657	-0.682	-0.663	-0.766	-0.473	-0.664	-0.664	-0.718	-0.663	-0.467	-0.683	-0.667	-0.773	-0.766	-0.503	-0.711	-0.648	-0.710	-0.770	-0.451	-0.417	-0.656	-0.769	-0.677	-0.421	-0.677	-0.503	-0.677	-0.677	-0.750	-0.676	-0.450	-0.460	-0.793	-0.793	-0.670	-0.673	-0.670	-0.672	-0.479	-0.703	-0.671	-0.769	-0.670	-0.675	-0.670	-0.669	-0.670	-0.670	-0.670	-0.767	-0.673	-0.687	-0.712	-0.719	-0.521	-0.774	-0.688	-0.687	-0.491	-0.685	-0.685	-0.684	-0.692	-0.534	-0.559	-0.660	-0.660	-0.563	-0.654	-0.571	-0.567	-0.562	-0.687	-0.654	-0.693	-0.454	-0.668	-0.763	-0.671	-0.671	-0.575	-0.798	-0.518	-0.778	-0.774	-0.774	-0.513	-0.503	-0.764	-0.522	-0.764	-0.576	-0.779	-0.573	-0.579	-0.578	-0.577	-0.577	-0.518	-0.574	
rs12592332     -0.769	-0.640	-0.858	-0.817	-0.624	-0.628	-0.724	-0.668	-0.665	-0.698	-0.670	-0.777	-0.809	-0.816	-0.761	-0.682	-0.512	-0.546	-0.636	-0.645	-0.467	-0.636	-0.644	-0.531	-0.528	-0.468	-0.636	-0.636	-0.645	-0.646	-0.467	-0.467	-0.648	-0.639	-0.614	-0.602	-0.629	-0.614	-0.637	-0.636	-0.777	-0.643	-0.643	-0.639	-0.637	-0.653	-0.418	-0.658	-0.611	-0.653	-0.652	-0.645	-0.761	-0.759	-0.764	-0.641	-0.621	-0.621	-0.622	-0.442	-0.661	-0.706	-0.471	-0.672	-0.674	-0.444	-0.717	-0.664	-0.634	-0.699	-0.701	-0.745	-0.478	-0.710	-0.325	-0.481	-0.583	-0.703	-0.733	-0.760	-0.732	-0.667	-0.864	-0.838	-0.753	-0.776	-0.553	-0.479	-0.553	-0.415	-0.469	-0.628	-0.791	-0.522	-0.575	-0.542	-0.766	-0.714	-0.776	-0.884	-0.541	-0.777	-0.777	-0.790	-0.775	-0.534	-0.717	-0.688	-0.935	-0.885	-0.579	-0.772	-0.752	-0.770	-0.895	-0.514	-0.474	-0.765	-0.893	-0.797	-0.479	-0.797	-0.578	-0.797	-0.797	-0.847	-0.797	-0.513	-0.525	-0.943	-0.945	-0.786	-0.791	-0.787	-0.790	-0.549	-0.756	-0.788	-0.893	-0.786	-0.795	-0.786	-0.785	-0.787	-0.787	-0.787	-0.891	-0.791	-0.814	-0.774	-0.789	-0.603	-0.915	-0.816	-0.816	-0.605	-0.812	-0.813	-0.812	-0.831	-0.622	-0.657	-0.860	-0.860	-0.774	-0.856	-0.782	-0.778	-0.774	-0.884	-0.864	-0.887	-0.570	-0.847	-0.888	-0.870	-0.870	-0.769	-0.975	-0.646	-0.981	-0.917	-0.917	-0.640	-0.627	-0.884	-0.650	-0.884	-0.753	-0.925	-0.743	-0.761	-0.757	-0.755	-0.755	-0.645	-0.746	
rs11854073     -0.604	-0.553	-0.511	-0.556	-0.567	-0.564	-0.558	-0.590	-0.592	-0.581	-0.590	-0.606	-0.549	-0.544	-0.587	-0.583	-0.546	-0.288	-0.546	-0.551	-0.343	-0.547	-0.543	-0.513	-0.451	-0.382	-0.553	-0.553	-0.547	-0.558	-0.381	-0.381	-0.549	-0.545	-0.547	-0.544	-0.549	-0.546	-0.573	-0.553	-0.654	-0.570	-0.570	-0.552	-0.585	-0.579	-0.328	-0.621	-0.598	-0.572	-0.580	-0.582	-0.653	-0.652	-0.653	-0.584	-0.548	-0.549	-0.549	-0.354	-0.556	-0.616	-0.383	-0.564	-0.561	-0.414	-0.553	-0.553	-0.601	-0.585	-0.582	-0.577	-0.453	-0.582	-0.344	-0.455	-0.501	-0.582	-0.583	-0.578	-0.549	-0.522	-0.698	-0.608	-0.644	-0.657	-0.506	-0.453	-0.505	-0.415	-0.446	-0.554	-0.649	-0.484	-0.520	-0.498	-0.651	-0.455	-0.657	-0.577	-0.497	-0.657	-0.657	-0.649	-0.656	-0.492	-0.453	-0.476	-0.530	-0.576	-0.523	-0.381	-0.643	-0.391	-0.565	-0.478	-0.448	-0.650	-0.567	-0.669	-0.452	-0.668	-0.522	-0.669	-0.669	-0.644	-0.668	-0.478	-0.486	-0.552	-0.547	-0.663	-0.665	-0.663	-0.664	-0.502	-0.422	-0.663	-0.568	-0.662	-0.668	-0.662	-0.662	-0.663	-0.663	-0.663	-0.573	-0.665	-0.677	-0.392	-0.387	-0.537	-0.534	-0.678	-0.677	-0.497	-0.675	-0.675	-0.674	-0.681	-0.546	-0.565	-0.396	-0.396	-0.194	-0.389	-0.211	-0.204	-0.196	-0.450	-0.413	-0.461	-0.453	-0.422	-0.638	-0.427	-0.427	-0.559	-0.673	-0.510	-0.592	-0.630	-0.631	-0.506	-0.497	-0.657	-0.512	-0.660	-0.556	-0.644	-0.551	-0.560	-0.558	-0.557	-0.557	-0.508	-0.552	
rs28724298     -0.769	-0.640	-0.858	-0.817	-0.625	-0.628	-0.724	-0.668	-0.665	-0.698	-0.671	-0.777	-0.810	-0.816	-0.761	-0.682	-0.636	-0.546	-0.512	-0.645	-0.467	-0.636	-0.644	-0.531	-0.528	-0.469	-0.636	-0.636	-0.645	-0.646	-0.467	-0.467	-0.648	-0.639	-0.614	-0.602	-0.629	-0.614	-0.637	-0.636	-0.777	-0.643	-0.643	-0.639	-0.638	-0.653	-0.418	-0.658	-0.611	-0.653	-0.652	-0.645	-0.761	-0.759	-0.764	-0.641	-0.621	-0.621	-0.622	-0.442	-0.661	-0.707	-0.471	-0.672	-0.674	-0.444	-0.717	-0.664	-0.634	-0.699	-0.701	-0.745	-0.478	-0.710	-0.325	-0.481	-0.583	-0.703	-0.734	-0.760	-0.732	-0.667	-0.864	-0.838	-0.753	-0.776	-0.553	-0.479	-0.553	-0.415	-0.469	-0.628	-0.791	-0.522	-0.575	-0.542	-0.766	-0.714	-0.776	-0.884	-0.541	-0.777	-0.777	-0.790	-0.775	-0.534	-0.717	-0.688	-0.935	-0.885	-0.579	-0.772	-0.752	-0.770	-0.895	-0.514	-0.474	-0.765	-0.893	-0.797	-0.479	-0.797	-0.578	-0.797	-0.797	-0.847	-0.797	-0.513	-0.525	-0.943	-0.945	-0.786	-0.791	-0.787	-0.790	-0.549	-0.756	-0.788	-0.893	-0.786	-0.795	-0.786	-0.785	-0.787	-0.787	-0.787	-0.891	-0.791	-0.814	-0.774	-0.789	-0.603	-0.915	-0.816	-0.816	-0.605	-0.812	-0.813	-0.812	-0.831	-0.622	-0.657	-0.860	-0.860	-0.774	-0.856	-0.782	-0.778	-0.774	-0.884	-0.864	-0.886	-0.570	-0.847	-0.888	-0.870	-0.869	-0.769	-0.975	-0.646	-0.981	-0.917	-0.917	-0.640	-0.627	-0.884	-0.650	-0.884	-0.753	-0.925	-0.743	-0.761	-0.757	-0.755	-0.755	-0.645	-0.746	
rs28455654     -0.767	-0.649	-0.858	-0.819	-0.639	-0.642	-0.728	-0.674	-0.671	-0.701	-0.669	-0.775	-0.812	-0.817	-0.763	-0.679	-0.645	-0.551	-0.645	-0.510	-0.473	-0.645	-0.635	-0.534	-0.529	-0.474	-0.645	-0.645	-0.638	-0.637	-0.473	-0.473	-0.638	-0.646	-0.616	-0.607	-0.632	-0.619	-0.630	-0.646	-0.778	-0.636	-0.636	-0.647	-0.645	-0.649	-0.424	-0.657	-0.622	-0.660	-0.655	-0.651	-0.763	-0.761	-0.765	-0.648	-0.626	-0.626	-0.626	-0.447	-0.665	-0.712	-0.477	-0.666	-0.668	-0.449	-0.717	-0.668	-0.637	-0.701	-0.705	-0.748	-0.475	-0.713	-0.322	-0.478	-0.587	-0.706	-0.735	-0.761	-0.733	-0.670	-0.862	-0.839	-0.751	-0.773	-0.550	-0.476	-0.550	-0.411	-0.466	-0.626	-0.792	-0.520	-0.572	-0.539	-0.763	-0.717	-0.773	-0.885	-0.539	-0.774	-0.774	-0.791	-0.773	-0.531	-0.720	-0.691	-0.935	-0.885	-0.576	-0.774	-0.749	-0.772	-0.895	-0.512	-0.471	-0.762	-0.894	-0.795	-0.476	-0.794	-0.576	-0.795	-0.795	-0.848	-0.794	-0.511	-0.523	-0.943	-0.944	-0.784	-0.788	-0.784	-0.787	-0.546	-0.759	-0.786	-0.894	-0.783	-0.792	-0.784	-0.783	-0.784	-0.784	-0.784	-0.891	-0.789	-0.812	-0.776	-0.791	-0.599	-0.916	-0.814	-0.813	-0.602	-0.810	-0.810	-0.809	-0.829	-0.620	-0.655	-0.857	-0.857	-0.771	-0.852	-0.778	-0.774	-0.770	-0.881	-0.860	-0.884	-0.567	-0.844	-0.888	-0.867	-0.867	-0.768	-0.975	-0.644	-0.980	-0.917	-0.917	-0.638	-0.624	-0.885	-0.648	-0.885	-0.751	-0.925	-0.741	-0.759	-0.755	-0.753	-0.753	-0.643	-0.744	
rs4775087      -0.542	-0.475	-0.400	-0.458	-0.491	-0.488	-0.469	-0.519	-0.521	-0.510	-0.519	-0.543	-0.448	-0.442	-0.508	-0.530	-0.467	-0.343	-0.467	-0.473	-0.221	-0.468	-0.464	-0.472	-0.421	-0.358	-0.475	-0.475	-0.469	-0.481	-0.358	-0.358	-0.471	-0.466	-0.479	-0.478	-0.477	-0.477	-0.498	-0.475	-0.591	-0.494	-0.494	-0.474	-0.511	-0.504	-0.334	-0.552	-0.526	-0.497	-0.505	-0.508	-0.592	-0.592	-0.592	-0.510	-0.480	-0.480	-0.480	-0.348	-0.478	-0.544	-0.362	-0.487	-0.484	-0.398	-0.475	-0.474	-0.556	-0.511	-0.505	-0.490	-0.413	-0.504	-0.317	-0.415	-0.444	-0.506	-0.501	-0.489	-0.454	-0.437	-0.636	-0.519	-0.590	-0.602	-0.461	-0.413	-0.461	-0.382	-0.406	-0.505	-0.581	-0.441	-0.474	-0.454	-0.596	-0.289	-0.601	-0.472	-0.454	-0.602	-0.602	-0.581	-0.601	-0.449	-0.283	-0.343	-0.412	-0.471	-0.477	-0.126	-0.589	-0.151	-0.457	-0.436	-0.408	-0.595	-0.460	-0.612	-0.411	-0.612	-0.476	-0.612	-0.612	-0.564	-0.611	-0.435	-0.444	-0.443	-0.437	-0.607	-0.609	-0.607	-0.608	-0.458	-0.217	-0.607	-0.460	-0.606	-0.611	-0.606	-0.606	-0.607	-0.607	-0.607	-0.467	-0.608	-0.619	-0.158	-0.158	-0.490	-0.416	-0.620	-0.619	-0.444	-0.617	-0.617	-0.616	-0.621	-0.497	-0.513	-0.299	-0.299	-0.083	-0.292	-0.101	-0.094	-0.085	-0.356	-0.318	-0.368	-0.399	-0.329	-0.554	-0.332	-0.332	-0.495	-0.591	-0.454	-0.498	-0.543	-0.544	-0.450	-0.441	-0.578	-0.455	-0.581	-0.493	-0.560	-0.489	-0.497	-0.495	-0.494	-0.494	-0.452	-0.490	
rs28637832     -0.769	-0.640	-0.859	-0.818	-0.626	-0.629	-0.724	-0.668	-0.665	-0.699	-0.671	-0.777	-0.810	-0.817	-0.761	-0.681	-0.636	-0.547	-0.636	-0.645	-0.468	-0.512	-0.644	-0.532	-0.528	-0.469	-0.636	-0.636	-0.645	-0.646	-0.468	-0.468	-0.648	-0.639	-0.614	-0.603	-0.630	-0.615	-0.637	-0.636	-0.777	-0.643	-0.643	-0.638	-0.638	-0.654	-0.419	-0.659	-0.612	-0.653	-0.653	-0.645	-0.762	-0.759	-0.764	-0.642	-0.622	-0.622	-0.622	-0.443	-0.661	-0.707	-0.472	-0.672	-0.674	-0.445	-0.717	-0.665	-0.635	-0.700	-0.702	-0.745	-0.477	-0.710	-0.325	-0.480	-0.583	-0.704	-0.734	-0.761	-0.733	-0.667	-0.864	-0.838	-0.753	-0.776	-0.553	-0.479	-0.552	-0.415	-0.469	-0.628	-0.791	-0.522	-0.574	-0.542	-0.765	-0.715	-0.775	-0.884	-0.541	-0.776	-0.776	-0.790	-0.775	-0.534	-0.718	-0.689	-0.936	-0.885	-0.579	-0.772	-0.752	-0.771	-0.895	-0.514	-0.474	-0.764	-0.893	-0.797	-0.479	-0.796	-0.578	-0.797	-0.797	-0.847	-0.796	-0.513	-0.525	-0.943	-0.945	-0.786	-0.791	-0.786	-0.790	-0.548	-0.757	-0.788	-0.894	-0.786	-0.795	-0.786	-0.785	-0.787	-0.787	-0.787	-0.891	-0.791	-0.814	-0.775	-0.789	-0.602	-0.916	-0.816	-0.815	-0.604	-0.812	-0.812	-0.811	-0.831	-0.622	-0.657	-0.860	-0.860	-0.774	-0.855	-0.781	-0.778	-0.773	-0.884	-0.863	-0.886	-0.569	-0.847	-0.888	-0.869	-0.869	-0.769	-0.975	-0.646	-0.981	-0.917	-0.917	-0.639	-0.626	-0.884	-0.650	-0.884	-0.752	-0.925	-0.743	-0.761	-0.757	-0.755	-0.755	-0.645	-0.746	
rs7167528      -0.769	-0.646	-0.856	-0.816	-0.631	-0.635	-0.721	-0.668	-0.665	-0.696	-0.664	-0.777	-0.808	-0.813	-0.759	-0.682	-0.644	-0.543	-0.644	-0.635	-0.464	-0.644	-0.511	-0.529	-0.525	-0.465	-0.642	-0.642	-0.636	-0.635	-0.464	-0.464	-0.639	-0.646	-0.608	-0.599	-0.624	-0.611	-0.623	-0.642	-0.775	-0.631	-0.631	-0.644	-0.638	-0.643	-0.414	-0.649	-0.610	-0.655	-0.650	-0.645	-0.759	-0.757	-0.762	-0.642	-0.618	-0.618	-0.618	-0.438	-0.663	-0.705	-0.468	-0.666	-0.668	-0.441	-0.720	-0.661	-0.632	-0.695	-0.699	-0.742	-0.478	-0.707	-0.326	-0.481	-0.580	-0.700	-0.729	-0.756	-0.728	-0.664	-0.864	-0.836	-0.753	-0.776	-0.553	-0.480	-0.553	-0.415	-0.470	-0.628	-0.789	-0.523	-0.575	-0.542	-0.766	-0.712	-0.776	-0.882	-0.542	-0.777	-0.777	-0.788	-0.776	-0.534	-0.715	-0.685	-0.934	-0.883	-0.579	-0.769	-0.752	-0.768	-0.893	-0.515	-0.474	-0.765	-0.891	-0.798	-0.479	-0.797	-0.579	-0.797	-0.797	-0.846	-0.797	-0.514	-0.526	-0.942	-0.944	-0.787	-0.791	-0.787	-0.790	-0.549	-0.754	-0.789	-0.892	-0.786	-0.795	-0.786	-0.786	-0.787	-0.787	-0.787	-0.889	-0.791	-0.815	-0.772	-0.786	-0.602	-0.914	-0.816	-0.816	-0.605	-0.812	-0.813	-0.812	-0.831	-0.623	-0.657	-0.862	-0.862	-0.777	-0.857	-0.784	-0.781	-0.776	-0.885	-0.865	-0.888	-0.570	-0.849	-0.887	-0.871	-0.871	-0.769	-0.975	-0.646	-0.981	-0.916	-0.916	-0.640	-0.627	-0.883	-0.650	-0.883	-0.752	-0.924	-0.743	-0.761	-0.756	-0.755	-0.755	-0.645	-0.746	
rs72743081     -0.531	-0.536	-0.511	-0.584	-0.545	-0.544	-0.601	-0.553	-0.553	-0.589	-0.552	-0.532	-0.539	-0.535	-0.559	-0.514	-0.531	-0.513	-0.531	-0.534	-0.472	-0.532	-0.529	-0.210	-0.432	-0.475	-0.536	-0.536	-0.532	-0.538	-0.474	-0.474	-0.532	-0.531	-0.505	-0.502	-0.508	-0.505	-0.547	-0.536	-0.626	-0.545	-0.545	-0.535	-0.556	-0.552	-0.446	-0.578	-0.563	-0.548	-0.552	-0.554	-0.620	-0.619	-0.621	-0.554	-0.508	-0.508	-0.508	-0.459	-0.537	-0.607	-0.475	-0.542	-0.540	-0.456	-0.536	-0.513	-0.569	-0.536	-0.535	-0.532	-0.389	-0.535	-0.285	-0.391	-0.533	-0.536	-0.536	-0.531	-0.509	-0.564	-0.614	-0.625	-0.581	-0.591	-0.439	-0.390	-0.439	-0.354	-0.383	-0.483	-0.630	-0.419	-0.452	-0.432	-0.586	-0.566	-0.590	-0.617	-0.432	-0.590	-0.590	-0.630	-0.590	-0.427	-0.566	-0.562	-0.602	-0.617	-0.454	-0.567	-0.580	-0.568	-0.613	-0.414	-0.385	-0.584	-0.614	-0.599	-0.389	-0.598	-0.454	-0.599	-0.599	-0.639	-0.598	-0.413	-0.421	-0.494	-0.490	-0.594	-0.596	-0.594	-0.596	-0.436	-0.568	-0.595	-0.613	-0.594	-0.598	-0.594	-0.594	-0.594	-0.594	-0.594	-0.615	-0.596	-0.604	-0.566	-0.561	-0.467	-0.599	-0.604	-0.604	-0.450	-0.602	-0.602	-0.601	-0.603	-0.475	-0.491	-0.488	-0.488	-0.357	-0.482	-0.367	-0.363	-0.357	-0.524	-0.496	-0.529	-0.396	-0.501	-0.638	-0.502	-0.502	-0.484	-0.660	-0.450	-0.609	-0.636	-0.636	-0.446	-0.437	-0.645	-0.454	-0.646	-0.486	-0.643	-0.483	-0.489	-0.488	-0.487	-0.487	-0.451	-0.484	
rs57677986     -0.503	-0.532	-0.493	-0.513	-0.539	-0.538	-0.522	-0.542	-0.542	-0.530	-0.540	-0.502	-0.522	-0.517	-0.542	-0.494	-0.528	-0.451	-0.528	-0.529	-0.421	-0.528	-0.525	-0.432	-0.190	-0.422	-0.531	-0.531	-0.528	-0.533	-0.421	-0.421	-0.528	-0.527	-0.512	-0.510	-0.514	-0.512	-0.540	-0.532	-0.585	-0.538	-0.538	-0.531	-0.547	-0.544	-0.397	-0.565	-0.553	-0.542	-0.545	-0.546	-0.583	-0.583	-0.583	-0.545	-0.516	-0.516	-0.516	-0.411	-0.533	-0.568	-0.424	-0.536	-0.534	-0.421	-0.533	-0.520	-0.545	-0.538	-0.539	-0.536	-0.388	-0.539	-0.285	-0.390	-0.480	-0.539	-0.539	-0.534	-0.515	-0.492	-0.602	-0.543	-0.566	-0.576	-0.435	-0.389	-0.435	-0.352	-0.382	-0.477	-0.582	-0.416	-0.448	-0.429	-0.571	-0.460	-0.576	-0.514	-0.428	-0.576	-0.576	-0.582	-0.575	-0.424	-0.459	-0.469	-0.474	-0.513	-0.450	-0.426	-0.565	-0.430	-0.503	-0.411	-0.384	-0.570	-0.505	-0.585	-0.387	-0.584	-0.450	-0.584	-0.584	-0.575	-0.584	-0.410	-0.418	-0.500	-0.496	-0.580	-0.582	-0.580	-0.581	-0.433	-0.442	-0.581	-0.505	-0.580	-0.583	-0.580	-0.580	-0.580	-0.580	-0.580	-0.509	-0.582	-0.590	-0.428	-0.424	-0.462	-0.474	-0.590	-0.590	-0.431	-0.588	-0.588	-0.587	-0.590	-0.468	-0.483	-0.370	-0.370	-0.197	-0.363	-0.210	-0.205	-0.198	-0.416	-0.380	-0.429	-0.379	-0.393	-0.576	-0.394	-0.394	-0.466	-0.599	-0.432	-0.525	-0.569	-0.569	-0.428	-0.419	-0.593	-0.434	-0.595	-0.466	-0.580	-0.462	-0.469	-0.468	-0.467	-0.467	-0.431	-0.463	
rs12439457     -0.546	-0.477	-0.408	-0.463	-0.493	-0.490	-0.471	-0.522	-0.523	-0.512	-0.521	-0.547	-0.455	-0.449	-0.514	-0.533	-0.468	-0.382	-0.469	-0.474	-0.358	-0.469	-0.465	-0.475	-0.422	-0.225	-0.476	-0.476	-0.470	-0.482	-0.333	-0.333	-0.472	-0.467	-0.480	-0.479	-0.478	-0.478	-0.500	-0.476	-0.593	-0.496	-0.496	-0.475	-0.513	-0.506	-0.326	-0.554	-0.528	-0.498	-0.507	-0.509	-0.596	-0.595	-0.596	-0.511	-0.489	-0.489	-0.489	-0.353	-0.479	-0.544	-0.368	-0.488	-0.485	-0.400	-0.476	-0.485	-0.559	-0.519	-0.514	-0.500	-0.414	-0.513	-0.318	-0.416	-0.449	-0.515	-0.511	-0.500	-0.467	-0.444	-0.640	-0.524	-0.592	-0.605	-0.463	-0.414	-0.463	-0.384	-0.407	-0.508	-0.585	-0.443	-0.476	-0.456	-0.599	-0.310	-0.604	-0.479	-0.456	-0.604	-0.604	-0.586	-0.604	-0.451	-0.304	-0.358	-0.420	-0.478	-0.479	-0.162	-0.591	-0.184	-0.463	-0.437	-0.409	-0.597	-0.466	-0.615	-0.412	-0.615	-0.479	-0.615	-0.615	-0.569	-0.614	-0.437	-0.445	-0.454	-0.448	-0.609	-0.611	-0.609	-0.611	-0.460	-0.243	-0.610	-0.467	-0.609	-0.614	-0.609	-0.609	-0.609	-0.609	-0.609	-0.474	-0.611	-0.622	-0.189	-0.188	-0.492	-0.423	-0.623	-0.623	-0.446	-0.620	-0.620	-0.620	-0.625	-0.499	-0.516	-0.300	-0.300	-0.083	-0.293	-0.101	-0.094	-0.085	-0.357	-0.319	-0.369	-0.401	-0.331	-0.559	-0.333	-0.333	-0.499	-0.595	-0.456	-0.502	-0.548	-0.548	-0.452	-0.443	-0.582	-0.458	-0.585	-0.496	-0.564	-0.492	-0.500	-0.498	-0.498	-0.498	-0.454	-0.493	
rs12442956     -0.767	-0.642	-0.860	-0.820	-0.633	-0.635	-0.729	-0.673	-0.670	-0.703	-0.675	-0.775	-0.813	-0.820	-0.765	-0.679	-0.636	-0.553	-0.636	-0.645	-0.475	-0.636	-0.642	-0.536	-0.531	-0.476	-0.511	-0.635	-0.642	-0.646	-0.475	-0.475	-0.646	-0.636	-0.620	-0.608	-0.635	-0.621	-0.641	-0.635	-0.780	-0.646	-0.646	-0.636	-0.642	-0.656	-0.426	-0.664	-0.620	-0.655	-0.655	-0.648	-0.764	-0.762	-0.767	-0.646	-0.627	-0.627	-0.628	-0.449	-0.658	-0.711	-0.478	-0.671	-0.672	-0.451	-0.712	-0.669	-0.639	-0.704	-0.706	-0.749	-0.475	-0.714	-0.322	-0.478	-0.588	-0.708	-0.738	-0.764	-0.736	-0.671	-0.863	-0.841	-0.751	-0.774	-0.551	-0.476	-0.550	-0.412	-0.466	-0.626	-0.794	-0.520	-0.572	-0.539	-0.763	-0.719	-0.773	-0.886	-0.539	-0.774	-0.774	-0.793	-0.773	-0.531	-0.722	-0.693	-0.936	-0.887	-0.576	-0.775	-0.749	-0.774	-0.896	-0.512	-0.471	-0.762	-0.895	-0.795	-0.476	-0.794	-0.576	-0.795	-0.795	-0.849	-0.794	-0.511	-0.523	-0.943	-0.945	-0.784	-0.789	-0.784	-0.788	-0.546	-0.760	-0.786	-0.895	-0.784	-0.793	-0.784	-0.783	-0.785	-0.785	-0.785	-0.892	-0.789	-0.812	-0.778	-0.792	-0.600	-0.917	-0.814	-0.814	-0.602	-0.810	-0.811	-0.810	-0.829	-0.620	-0.655	-0.856	-0.856	-0.769	-0.851	-0.776	-0.772	-0.768	-0.880	-0.860	-0.883	-0.568	-0.843	-0.890	-0.866	-0.866	-0.768	-0.975	-0.644	-0.981	-0.918	-0.918	-0.638	-0.625	-0.886	-0.648	-0.886	-0.751	-0.926	-0.742	-0.760	-0.756	-0.754	-0.754	-0.644	-0.745	
rs12440091     -0.767	-0.642	-0.860	-0.820	-0.633	-0.635	-0.729	-0.673	-0.670	-0.703	-0.675	-0.775	-0.813	-0.820	-0.765	-0.679	-0.636	-0.553	-0.636	-0.645	-0.475	-0.636	-0.642	-0.536	-0.531	-0.476	-0.635	-0.511	-0.642	-0.646	-0.475	-0.475	-0.646	-0.636	-0.620	-0.608	-0.635	-0.621	-0.641	-0.635	-0.780	-0.646	-0.646	-0.636	-0.642	-0.656	-0.426	-0.664	-0.620	-0.655	-0.655	-0.648	-0.764	-0.762	-0.767	-0.646	-0.627	-0.627	-0.628	-0.449	-0.658	-0.711	-0.478	-0.671	-0.672	-0.451	-0.712	-0.669	-0.639	-0.704	-0.706	-0.749	-0.475	-0.714	-0.322	-0.478	-0.588	-0.708	-0.738	-0.764	-0.736	-0.671	-0.863	-0.841	-0.751	-0.774	-0.551	-0.476	-0.550	-0.412	-0.466	-0.626	-0.794	-0.520	-0.572	-0.539	-0.763	-0.719	-0.773	-0.886	-0.539	-0.774	-0.774	-0.793	-0.773	-0.531	-0.722	-0.693	-0.936	-0.887	-0.576	-0.775	-0.749	-0.774	-0.896	-0.512	-0.471	-0.762	-0.895	-0.795	-0.476	-0.794	-0.576	-0.795	-0.795	-0.849	-0.794	-0.511	-0.523	-0.943	-0.945	-0.784	-0.788	-0.784	-0.788	-0.546	-0.760	-0.786	-0.895	-0.784	-0.793	-0.784	-0.783	-0.785	-0.785	-0.785	-0.892	-0.789	-0.812	-0.778	-0.792	-0.600	-0.917	-0.814	-0.814	-0.602	-0.810	-0.811	-0.810	-0.829	-0.620	-0.655	-0.856	-0.856	-0.769	-0.851	-0.776	-0.772	-0.768	-0.880	-0.860	-0.883	-0.568	-0.843	-0.890	-0.866	-0.866	-0.768	-0.975	-0.644	-0.981	-0.918	-0.918	-0.638	-0.625	-0.886	-0.648	-0.886	-0.751	-0.926	-0.742	-0.760	-0.756	-0.754	-0.754	-0.644	-0.745	
