## Summary of overall evidence for association with region:
## log10(BF for region) = 0.0172176
## p-value for region = NA

## BFs for choosing among multi-SNP models:
## log10(average 1-SNP BF) = 0.0485637
## log10(average 2-SNP BF) = -0.053206

## Example posterior probabilities for multi-SNP models, based on default prior: [p(l) propto 0.5^l for l=1,2,...,L]
## posterior probability of 1-SNP = 0.716564
## posterior probability of 2-SNP = 0.283436

## log10(BF) for single SNP and pair of SNPs:
rs55790409     -0.242	-0.391	-0.469	-0.439	-0.453	-0.446	-0.442	-0.466	-0.718	-0.641	-0.466	-0.739	-0.581	-0.548	-0.575	-0.759	-0.574	-0.564	-0.561	-0.551	-0.391	-0.562	-0.562	-0.559	-0.553	-0.550	-0.551	-0.551	-0.552	-0.560	-0.551	-0.561	-0.569	-0.569	-0.574	-0.581	-0.584	-0.587	-0.458	-0.675	-0.399	-0.358	-0.401	-0.418	-0.404	-0.683	-0.604	-0.411	-0.695	-0.419	-0.411	-0.417	-0.411	-0.411	-0.420	-0.408	-0.315	-0.650	-0.572	-0.305	-0.129	-0.132	-0.517	-0.058	-0.503	-0.048	-0.046	-0.045	-0.042	-0.035	-0.003	-0.301	-0.489	-0.001	-0.299	-0.293	-0.010	-0.485	+0.030	-0.465	-0.453	-0.316	-0.669	-0.670	-0.321	+0.423	-0.463	+0.423	-0.461	-0.457	+0.396	+0.372	-0.467	-0.458	+0.271	-0.269	-0.668	+0.387	+0.383	-0.458	+0.366	-0.726	-0.685	-0.679	+0.870	+0.868	+0.868	+0.332	-0.266	+0.842	+0.348	+0.325	-0.454	-0.447	-0.660	-0.451	-0.452	
rs4683987      -0.391	-0.516	-0.483	-0.433	-0.467	-0.447	-0.438	-0.522	-0.935	-0.941	-0.620	-0.745	-0.830	-0.807	-0.845	-0.988	-0.848	-0.853	-0.854	-0.854	-0.717	-0.848	-0.848	-0.849	-0.848	-0.875	-0.847	-0.851	-0.851	-0.851	-0.850	-0.852	-0.850	-0.850	-0.848	-0.840	-0.827	-0.812	-0.731	-0.838	-0.677	-0.634	-0.679	-0.692	-0.681	-0.748	-0.601	-0.686	-0.864	-0.696	-0.686	-0.691	-0.685	-0.685	-0.696	-0.682	-0.606	-0.982	-0.843	-0.599	-0.400	-0.403	-0.799	-0.331	-0.787	-0.321	-0.319	-0.318	-0.316	-0.309	-0.277	-0.553	-0.775	-0.276	-0.551	-0.546	-0.287	-0.771	-0.245	-0.754	-0.743	-0.620	-0.983	-0.981	-0.624	+0.143	-0.470	+0.137	-0.466	-0.461	+0.112	+0.087	-0.755	-0.463	-0.022	-0.618	-1.001	+0.103	+0.099	-0.748	+0.079	-0.987	-0.922	-0.916	+0.572	+0.570	+0.571	+0.073	-0.547	+0.538	+0.090	+0.065	-0.668	-0.658	-0.912	-0.662	-0.664	
rs6797518      -0.469	-0.483	-0.258	-0.458	-0.471	-0.464	-0.460	-0.496	-0.720	-0.656	-0.423	-0.749	-0.597	-0.570	-0.596	-0.770	-0.595	-0.586	-0.583	-0.575	-0.402	-0.579	-0.579	-0.576	-0.570	-0.569	-0.568	-0.568	-0.569	-0.576	-0.568	-0.577	-0.585	-0.585	-0.589	-0.596	-0.599	-0.601	-0.491	-0.688	-0.435	-0.379	-0.437	-0.453	-0.440	-0.694	-0.612	-0.446	-0.707	-0.454	-0.446	-0.452	-0.446	-0.446	-0.454	-0.443	-0.356	-0.685	-0.587	-0.319	-0.180	-0.182	-0.534	-0.111	-0.520	-0.102	-0.100	-0.099	-0.096	-0.089	-0.058	-0.342	-0.507	-0.057	-0.341	-0.335	-0.065	-0.502	-0.027	-0.483	-0.471	-0.336	-0.700	-0.701	-0.342	+0.350	-0.470	+0.351	-0.467	-0.464	+0.325	+0.302	-0.485	-0.465	+0.204	-0.283	-0.703	+0.316	+0.313	-0.477	+0.295	-0.745	-0.694	-0.688	+0.878	+0.875	+0.876	+0.285	-0.246	+0.849	+0.302	+0.278	-0.455	-0.448	-0.675	-0.452	-0.453	
rs67454954     -0.439	-0.433	-0.458	-0.236	-0.342	-0.342	-0.338	-0.388	-0.710	-0.646	-0.483	-0.737	-0.571	-0.541	-0.568	-0.757	-0.567	-0.556	-0.553	-0.543	-0.392	-0.548	-0.548	-0.544	-0.539	-0.562	-0.536	-0.536	-0.537	-0.546	-0.536	-0.548	-0.556	-0.557	-0.562	-0.571	-0.576	-0.581	-0.460	-0.667	-0.402	-0.361	-0.404	-0.421	-0.406	-0.679	-0.598	-0.414	-0.688	-0.421	-0.413	-0.419	-0.413	-0.413	-0.422	-0.411	-0.318	-0.664	-0.564	-0.310	-0.142	-0.145	-0.508	-0.072	-0.494	-0.062	-0.060	-0.059	-0.057	-0.049	-0.017	-0.311	-0.480	-0.016	-0.310	-0.304	-0.025	-0.475	+0.015	-0.455	-0.443	-0.304	-0.680	-0.682	-0.310	+0.402	-0.456	+0.404	-0.454	-0.450	+0.378	+0.354	-0.457	-0.451	+0.253	-0.270	-0.674	+0.369	+0.365	-0.449	+0.347	-0.729	-0.676	-0.669	+0.906	+0.903	+0.904	+0.314	-0.230	+0.877	+0.331	+0.307	-0.442	-0.436	-0.655	-0.440	-0.441	
rs41344847     -0.453	-0.467	-0.471	-0.342	-0.263	-0.355	-0.348	-0.414	-0.735	-0.673	-0.505	-0.759	-0.596	-0.567	-0.594	-0.781	-0.593	-0.583	-0.580	-0.571	-0.418	-0.575	-0.575	-0.572	-0.566	-0.589	-0.564	-0.563	-0.564	-0.573	-0.563	-0.575	-0.583	-0.583	-0.588	-0.596	-0.600	-0.605	-0.485	-0.688	-0.427	-0.386	-0.429	-0.446	-0.432	-0.700	-0.618	-0.439	-0.708	-0.447	-0.438	-0.444	-0.438	-0.438	-0.447	-0.436	-0.344	-0.692	-0.588	-0.336	-0.169	-0.172	-0.532	-0.099	-0.518	-0.090	-0.088	-0.087	-0.084	-0.077	-0.045	-0.337	-0.504	-0.044	-0.336	-0.330	-0.052	-0.499	-0.013	-0.479	-0.466	-0.328	-0.707	-0.708	-0.333	+0.374	-0.476	+0.375	-0.473	-0.469	+0.349	+0.325	-0.481	-0.471	+0.225	-0.297	-0.701	+0.340	+0.337	-0.473	+0.319	-0.753	-0.698	-0.692	+0.878	+0.876	+0.876	+0.289	-0.256	+0.849	+0.306	+0.282	-0.465	-0.458	-0.679	-0.462	-0.463	
rs1372424      -0.446	-0.447	-0.464	-0.342	-0.355	-0.247	-0.341	-0.395	-0.720	-0.656	-0.492	-0.746	-0.581	-0.551	-0.578	-0.766	-0.577	-0.566	-0.564	-0.554	-0.402	-0.558	-0.558	-0.555	-0.549	-0.572	-0.547	-0.546	-0.547	-0.556	-0.546	-0.558	-0.566	-0.567	-0.572	-0.580	-0.585	-0.590	-0.470	-0.675	-0.411	-0.370	-0.414	-0.430	-0.416	-0.687	-0.606	-0.423	-0.696	-0.431	-0.423	-0.429	-0.423	-0.423	-0.432	-0.420	-0.328	-0.675	-0.574	-0.320	-0.152	-0.155	-0.518	-0.082	-0.503	-0.073	-0.071	-0.070	-0.067	-0.060	-0.028	-0.321	-0.489	-0.026	-0.320	-0.314	-0.035	-0.485	+0.004	-0.465	-0.452	-0.314	-0.690	-0.692	-0.319	+0.392	-0.464	+0.393	-0.461	-0.458	+0.367	+0.343	-0.467	-0.459	+0.242	-0.281	-0.684	+0.358	+0.355	-0.458	+0.336	-0.738	-0.685	-0.678	+0.895	+0.893	+0.893	+0.305	-0.240	+0.866	+0.322	+0.297	-0.451	-0.445	-0.664	-0.448	-0.450	
rs66799104     -0.442	-0.438	-0.460	-0.338	-0.348	-0.341	-0.239	-0.388	-0.713	-0.649	-0.486	-0.739	-0.574	-0.544	-0.571	-0.760	-0.570	-0.559	-0.557	-0.547	-0.394	-0.551	-0.551	-0.548	-0.542	-0.566	-0.539	-0.539	-0.540	-0.549	-0.539	-0.551	-0.559	-0.560	-0.565	-0.574	-0.578	-0.584	-0.463	-0.670	-0.405	-0.364	-0.407	-0.424	-0.409	-0.681	-0.600	-0.416	-0.690	-0.424	-0.416	-0.422	-0.416	-0.416	-0.425	-0.413	-0.321	-0.668	-0.567	-0.313	-0.145	-0.148	-0.511	-0.075	-0.497	-0.066	-0.063	-0.063	-0.060	-0.053	-0.021	-0.314	-0.483	-0.019	-0.313	-0.307	-0.028	-0.478	+0.011	-0.458	-0.446	-0.307	-0.683	-0.685	-0.313	+0.399	-0.458	+0.401	-0.456	-0.452	+0.375	+0.351	-0.460	-0.454	+0.250	-0.273	-0.677	+0.366	+0.362	-0.452	+0.344	-0.732	-0.678	-0.672	+0.902	+0.900	+0.900	+0.311	-0.233	+0.874	+0.328	+0.304	-0.445	-0.439	-0.658	-0.442	-0.444	
rs1372425      -0.466	-0.522	-0.496	-0.388	-0.414	-0.395	-0.388	-0.309	-0.778	-0.717	-0.542	-0.799	-0.641	-0.607	-0.634	-0.822	-0.633	-0.624	-0.621	-0.612	-0.463	-0.623	-0.623	-0.620	-0.614	-0.638	-0.612	-0.612	-0.613	-0.621	-0.613	-0.623	-0.630	-0.630	-0.634	-0.641	-0.644	-0.646	-0.528	-0.722	-0.470	-0.430	-0.472	-0.489	-0.475	-0.737	-0.651	-0.482	-0.744	-0.490	-0.481	-0.487	-0.481	-0.481	-0.490	-0.478	-0.388	-0.742	-0.631	-0.382	-0.214	-0.217	-0.575	-0.145	-0.560	-0.135	-0.133	-0.132	-0.130	-0.122	-0.091	-0.382	-0.546	-0.089	-0.381	-0.375	-0.098	-0.542	-0.059	-0.522	-0.509	-0.370	-0.755	-0.756	-0.376	+0.327	-0.506	+0.328	-0.504	-0.500	+0.302	+0.278	-0.524	-0.501	+0.178	-0.343	-0.751	+0.293	+0.290	-0.516	+0.271	-0.796	-0.737	-0.731	+0.836	+0.833	+0.834	+0.247	-0.300	+0.806	+0.263	+0.239	-0.502	-0.495	-0.719	-0.498	-0.500	
rs13071107     -0.718	-0.935	-0.720	-0.710	-0.735	-0.720	-0.713	-0.778	-0.617	-1.028	-0.785	-0.920	-0.938	-0.923	-0.949	-0.993	-0.951	-0.952	-0.952	-0.950	-0.774	-0.947	-0.947	-0.946	-0.944	-0.961	-0.943	-0.946	-0.946	-0.947	-0.945	-0.948	-0.949	-0.949	-0.948	-0.943	-0.933	-0.921	-0.822	-0.950	-0.767	-0.728	-0.769	-0.784	-0.771	-0.961	-0.847	-0.777	-0.978	-0.786	-0.777	-0.783	-0.777	-0.777	-0.786	-0.774	-0.693	-1.077	-0.912	-0.698	-0.529	-0.532	-0.852	-0.462	-0.838	-0.453	-0.451	-0.450	-0.448	-0.441	-0.410	-0.688	-0.824	-0.408	-0.686	-0.681	-0.418	-0.819	-0.378	-0.799	-0.787	-0.646	-1.080	-1.079	-0.650	+0.010	-0.669	+0.005	-0.666	-0.661	-0.020	-0.045	-0.802	-0.663	-0.140	-0.663	-1.081	-0.029	-0.033	-0.794	-0.054	-1.085	-1.004	-0.996	+0.568	+0.565	+0.566	-0.017	-0.614	+0.531	-0.000	-0.025	-0.763	-0.745	-0.995	-0.749	-0.750	
rs11924430     -0.641	-0.941	-0.656	-0.646	-0.673	-0.656	-0.649	-0.717	-1.028	-0.580	-0.610	-1.026	-0.898	-0.884	-0.911	-1.054	-0.914	-0.917	-0.916	-0.916	-0.742	-0.911	-0.911	-0.911	-0.910	-0.918	-0.909	-0.911	-0.911	-0.912	-0.910	-0.912	-0.912	-0.912	-0.910	-0.904	-0.892	-0.880	-0.806	-0.915	-0.754	-0.717	-0.756	-0.770	-0.758	-0.947	-0.840	-0.764	-0.942	-0.772	-0.764	-0.769	-0.763	-0.763	-0.772	-0.761	-0.683	-1.041	-0.884	-0.683	-0.529	-0.532	-0.823	-0.465	-0.809	-0.456	-0.454	-0.453	-0.451	-0.444	-0.415	-0.681	-0.795	-0.413	-0.680	-0.674	-0.421	-0.791	-0.385	-0.771	-0.758	-0.618	-1.041	-1.041	-0.623	-0.014	-0.704	-0.018	-0.702	-0.698	-0.042	-0.065	-0.773	-0.699	-0.158	-0.643	-1.049	-0.051	-0.054	-0.765	-0.074	-1.049	-0.974	-0.967	+0.552	+0.549	+0.550	-0.033	-0.598	+0.513	-0.017	-0.041	-0.709	-0.685	-0.967	-0.690	-0.692	
rs6776288      -0.466	-0.620	-0.423	-0.483	-0.505	-0.492	-0.486	-0.542	-0.785	-0.610	-0.308	-0.781	-0.656	-0.639	-0.663	-0.812	-0.664	-0.661	-0.661	-0.657	-0.515	-0.656	-0.656	-0.655	-0.652	-0.713	-0.651	-0.651	-0.651	-0.654	-0.650	-0.655	-0.658	-0.658	-0.659	-0.658	-0.652	-0.642	-0.410	-0.564	-0.342	-0.314	-0.345	-0.365	-0.348	-0.646	-0.534	-0.355	-0.606	-0.368	-0.355	-0.363	-0.355	-0.355	-0.369	-0.351	-0.245	-0.791	-0.619	-0.358	-0.192	-0.194	-0.576	-0.122	-0.562	-0.112	-0.110	-0.109	-0.106	-0.098	-0.066	-0.333	-0.549	-0.064	-0.330	-0.325	-0.073	-0.544	-0.033	-0.524	-0.512	-0.394	-0.793	-0.792	-0.397	+0.387	-0.363	+0.383	-0.358	-0.354	+0.356	+0.330	-0.528	-0.356	+0.217	-0.403	-0.802	+0.347	+0.343	-0.520	+0.324	-0.797	-0.715	-0.707	+0.851	+0.848	+0.848	+0.358	-0.351	+0.814	+0.372	+0.347	-0.495	-0.487	-0.708	-0.491	-0.492	
rs13087163     -0.739	-0.745	-0.749	-0.737	-0.759	-0.746	-0.739	-0.799	-0.920	-1.026	-0.781	-0.602	-0.926	-0.910	-0.932	-1.036	-0.934	-0.931	-0.931	-0.927	-0.783	-0.927	-0.927	-0.926	-0.922	-0.966	-0.921	-0.923	-0.923	-0.926	-0.923	-0.928	-0.930	-0.930	-0.931	-0.929	-0.923	-0.914	-0.807	-0.920	-0.751	-0.716	-0.753	-0.769	-0.756	-0.986	-0.889	-0.762	-0.952	-0.770	-0.761	-0.767	-0.761	-0.761	-0.771	-0.758	-0.675	-1.064	-0.872	-0.699	-0.562	-0.565	-0.814	-0.499	-0.798	-0.490	-0.488	-0.487	-0.485	-0.478	-0.449	-0.709	-0.783	-0.447	-0.708	-0.702	-0.455	-0.778	-0.419	-0.757	-0.743	-0.602	-1.066	-1.065	-0.607	-0.048	-0.743	-0.052	-0.740	-0.736	-0.075	-0.098	-0.762	-0.738	-0.196	-0.678	-1.055	-0.084	-0.087	-0.753	-0.107	-1.071	-0.991	-0.983	+0.479	+0.476	+0.477	-0.054	-0.623	+0.443	-0.037	-0.061	-0.744	-0.720	-0.985	-0.724	-0.726	
rs9883354      -0.581	-0.830	-0.597	-0.571	-0.596	-0.581	-0.574	-0.641	-0.938	-0.898	-0.656	-0.926	-0.472	-0.669	-0.622	-0.965	-0.618	-0.597	-0.589	-0.560	-0.639	-0.517	-0.517	-0.505	-0.506	-0.715	-0.513	-0.565	-0.580	-0.600	-0.582	-0.616	-0.634	-0.635	-0.644	-0.659	-0.658	-0.696	-0.693	-0.806	-0.638	-0.600	-0.640	-0.655	-0.642	-0.852	-0.747	-0.648	-0.835	-0.657	-0.648	-0.654	-0.648	-0.648	-0.657	-0.645	-0.562	-0.913	-0.781	-0.562	-0.410	-0.413	-0.722	-0.345	-0.708	-0.336	-0.333	-0.333	-0.330	-0.323	-0.293	-0.566	-0.694	-0.292	-0.565	-0.559	-0.300	-0.689	-0.263	-0.669	-0.657	-0.517	-0.919	-0.919	-0.522	+0.114	-0.594	+0.112	-0.591	-0.587	+0.088	+0.064	-0.672	-0.589	-0.041	-0.526	-0.936	+0.079	+0.075	-0.664	+0.056	-0.945	-0.871	-0.863	+0.644	+0.641	+0.642	+0.091	-0.480	+0.607	+0.108	+0.084	-0.629	-0.615	-0.857	-0.619	-0.620	
rs9812558      -0.548	-0.807	-0.570	-0.541	-0.567	-0.551	-0.544	-0.607	-0.923	-0.884	-0.639	-0.910	-0.669	-0.454	-0.665	-0.952	-0.665	-0.658	-0.655	-0.644	-0.624	-0.666	-0.666	-0.664	-0.661	-0.737	-0.660	-0.666	-0.670	-0.677	-0.670	-0.682	-0.689	-0.689	-0.693	-0.697	-0.691	-0.710	-0.678	-0.793	-0.623	-0.585	-0.625	-0.640	-0.627	-0.837	-0.731	-0.633	-0.822	-0.642	-0.633	-0.639	-0.633	-0.633	-0.642	-0.630	-0.548	-0.906	-0.764	-0.547	-0.397	-0.400	-0.705	-0.331	-0.691	-0.323	-0.320	-0.320	-0.317	-0.310	-0.280	-0.553	-0.677	-0.279	-0.551	-0.546	-0.287	-0.672	-0.250	-0.652	-0.639	-0.499	-0.912	-0.911	-0.504	+0.127	-0.578	+0.124	-0.575	-0.571	+0.100	+0.076	-0.655	-0.572	-0.019	-0.511	-0.926	+0.091	+0.088	-0.646	+0.069	-0.933	-0.855	-0.847	+0.664	+0.661	+0.662	+0.110	-0.464	+0.627	+0.127	+0.102	-0.613	-0.598	-0.843	-0.603	-0.604	
rs9713467      -0.575	-0.845	-0.596	-0.568	-0.594	-0.578	-0.571	-0.634	-0.949	-0.911	-0.663	-0.932	-0.622	-0.665	-0.484	-0.976	-0.609	-0.598	-0.602	-0.575	-0.653	-0.633	-0.633	-0.631	-0.628	-0.754	-0.628	-0.643	-0.649	-0.658	-0.650	-0.666	-0.674	-0.674	-0.678	-0.680	-0.669	-0.701	-0.705	-0.807	-0.650	-0.612	-0.652	-0.667	-0.654	-0.859	-0.751	-0.660	-0.837	-0.669	-0.660	-0.666	-0.660	-0.660	-0.669	-0.657	-0.575	-0.929	-0.789	-0.576	-0.424	-0.427	-0.729	-0.359	-0.715	-0.350	-0.348	-0.347	-0.345	-0.338	-0.308	-0.580	-0.701	-0.306	-0.579	-0.573	-0.315	-0.696	-0.278	-0.676	-0.663	-0.522	-0.934	-0.933	-0.527	+0.099	-0.597	+0.096	-0.594	-0.590	+0.072	+0.049	-0.679	-0.592	-0.053	-0.540	-0.952	+0.063	+0.060	-0.670	+0.040	-0.957	-0.880	-0.872	+0.638	+0.635	+0.636	+0.084	-0.490	+0.601	+0.101	+0.076	-0.633	-0.619	-0.869	-0.623	-0.625	
rs2028513      -0.759	-0.988	-0.770	-0.757	-0.781	-0.766	-0.760	-0.822	-0.993	-1.054	-0.812	-1.036	-0.965	-0.952	-0.976	-0.649	-0.978	-0.978	-0.978	-0.975	-0.809	-0.972	-0.972	-0.971	-0.969	-0.962	-0.968	-0.970	-0.970	-0.972	-0.970	-0.974	-0.975	-0.975	-0.974	-0.971	-0.962	-0.951	-0.861	-0.979	-0.806	-0.770	-0.808	-0.823	-0.811	-1.014	-0.909	-0.817	-1.008	-0.825	-0.816	-0.822	-0.816	-0.816	-0.825	-0.813	-0.733	-1.107	-0.932	-0.735	-0.589	-0.592	-0.867	-0.524	-0.852	-0.516	-0.513	-0.513	-0.510	-0.504	-0.474	-0.741	-0.838	-0.472	-0.740	-0.734	-0.481	-0.833	-0.444	-0.812	-0.799	-0.651	-1.110	-1.109	-0.656	-0.071	-0.746	-0.074	-0.744	-0.740	-0.098	-0.121	-0.816	-0.741	-0.217	-0.700	-1.105	-0.107	-0.110	-0.808	-0.130	-1.115	-1.034	-1.026	+0.530	+0.528	+0.529	-0.064	-0.650	+0.492	-0.047	-0.072	-0.792	-0.770	-1.026	-0.774	-0.776	
rs9309765      -0.574	-0.848	-0.595	-0.567	-0.593	-0.577	-0.570	-0.633	-0.951	-0.914	-0.664	-0.934	-0.618	-0.665	-0.609	-0.978	-0.486	-0.605	-0.608	-0.586	-0.655	-0.637	-0.637	-0.635	-0.633	-0.759	-0.633	-0.648	-0.654	-0.662	-0.654	-0.670	-0.676	-0.677	-0.679	-0.680	-0.667	-0.699	-0.707	-0.806	-0.652	-0.614	-0.654	-0.669	-0.656	-0.860	-0.751	-0.662	-0.837	-0.671	-0.662	-0.668	-0.662	-0.662	-0.671	-0.659	-0.578	-0.931	-0.790	-0.579	-0.427	-0.430	-0.730	-0.362	-0.716	-0.353	-0.351	-0.350	-0.348	-0.341	-0.311	-0.582	-0.702	-0.309	-0.581	-0.575	-0.318	-0.697	-0.280	-0.677	-0.664	-0.522	-0.936	-0.935	-0.527	+0.096	-0.598	+0.093	-0.594	-0.590	+0.069	+0.046	-0.679	-0.592	-0.055	-0.542	-0.954	+0.060	+0.057	-0.671	+0.037	-0.958	-0.881	-0.873	+0.637	+0.634	+0.635	+0.083	-0.492	+0.600	+0.099	+0.075	-0.633	-0.619	-0.871	-0.624	-0.625	
rs9875505      -0.564	-0.853	-0.586	-0.556	-0.583	-0.566	-0.559	-0.624	-0.952	-0.917	-0.661	-0.931	-0.597	-0.658	-0.598	-0.978	-0.605	-0.487	-0.620	-0.612	-0.658	-0.642	-0.642	-0.642	-0.643	-0.773	-0.645	-0.660	-0.665	-0.669	-0.665	-0.676	-0.678	-0.678	-0.678	-0.672	-0.653	-0.688	-0.708	-0.798	-0.654	-0.615	-0.656	-0.671	-0.658	-0.857	-0.746	-0.664	-0.830	-0.673	-0.664	-0.670	-0.664	-0.664	-0.673	-0.661	-0.580	-0.934	-0.789	-0.582	-0.431	-0.434	-0.728	-0.366	-0.713	-0.357	-0.355	-0.354	-0.352	-0.345	-0.315	-0.585	-0.699	-0.313	-0.584	-0.578	-0.322	-0.694	-0.284	-0.674	-0.661	-0.518	-0.937	-0.937	-0.523	+0.092	-0.592	+0.089	-0.589	-0.585	+0.065	+0.041	-0.677	-0.586	-0.057	-0.546	-0.958	+0.056	+0.052	-0.668	+0.033	-0.959	-0.880	-0.873	+0.640	+0.638	+0.638	+0.084	-0.492	+0.603	+0.101	+0.077	-0.628	-0.615	-0.873	-0.619	-0.621	
rs2875436      -0.561	-0.854	-0.583	-0.553	-0.580	-0.564	-0.557	-0.621	-0.952	-0.916	-0.661	-0.931	-0.589	-0.655	-0.602	-0.978	-0.608	-0.620	-0.486	-0.607	-0.658	-0.638	-0.638	-0.638	-0.641	-0.775	-0.642	-0.659	-0.663	-0.666	-0.663	-0.673	-0.675	-0.675	-0.675	-0.667	-0.646	-0.683	-0.708	-0.795	-0.654	-0.615	-0.656	-0.671	-0.658	-0.855	-0.745	-0.664	-0.827	-0.672	-0.664	-0.670	-0.664	-0.664	-0.673	-0.661	-0.580	-0.934	-0.788	-0.582	-0.431	-0.434	-0.727	-0.366	-0.712	-0.357	-0.355	-0.354	-0.352	-0.345	-0.315	-0.585	-0.698	-0.314	-0.584	-0.578	-0.322	-0.693	-0.285	-0.673	-0.660	-0.517	-0.937	-0.936	-0.521	+0.092	-0.590	+0.088	-0.587	-0.583	+0.064	+0.040	-0.676	-0.584	-0.057	-0.546	-0.958	+0.055	+0.052	-0.667	+0.032	-0.959	-0.879	-0.872	+0.642	+0.639	+0.640	+0.085	-0.492	+0.604	+0.102	+0.078	-0.626	-0.613	-0.873	-0.617	-0.619	
rs9848676      -0.551	-0.854	-0.575	-0.543	-0.571	-0.554	-0.547	-0.612	-0.950	-0.916	-0.657	-0.927	-0.560	-0.644	-0.575	-0.975	-0.586	-0.612	-0.607	-0.484	-0.657	-0.632	-0.632	-0.634	-0.638	-0.780	-0.641	-0.659	-0.664	-0.664	-0.664	-0.671	-0.671	-0.671	-0.669	-0.657	-0.632	-0.672	-0.707	-0.787	-0.653	-0.614	-0.655	-0.670	-0.657	-0.851	-0.739	-0.663	-0.820	-0.671	-0.663	-0.668	-0.663	-0.662	-0.672	-0.660	-0.580	-0.933	-0.785	-0.582	-0.431	-0.434	-0.723	-0.366	-0.709	-0.357	-0.355	-0.354	-0.352	-0.345	-0.315	-0.585	-0.694	-0.314	-0.584	-0.578	-0.322	-0.689	-0.285	-0.669	-0.656	-0.512	-0.935	-0.935	-0.517	+0.091	-0.584	+0.087	-0.581	-0.577	+0.063	+0.040	-0.672	-0.578	-0.056	-0.546	-0.957	+0.055	+0.051	-0.663	+0.032	-0.957	-0.877	-0.869	+0.646	+0.643	+0.644	+0.089	-0.490	+0.608	+0.106	+0.081	-0.621	-0.608	-0.872	-0.613	-0.614	
rs62251168     -0.391	-0.717	-0.402	-0.392	-0.418	-0.402	-0.394	-0.463	-0.774	-0.742	-0.515	-0.783	-0.639	-0.624	-0.653	-0.809	-0.655	-0.658	-0.658	-0.657	-0.290	-0.653	-0.653	-0.652	-0.651	-0.693	-0.650	-0.653	-0.653	-0.653	-0.652	-0.654	-0.653	-0.653	-0.651	-0.645	-0.633	-0.618	-0.504	-0.588	-0.444	-0.403	-0.446	-0.462	-0.449	-0.622	-0.490	-0.455	-0.620	-0.465	-0.455	-0.461	-0.455	-0.455	-0.465	-0.452	-0.365	-0.784	-0.627	-0.383	-0.200	-0.204	-0.572	-0.131	-0.558	-0.121	-0.119	-0.118	-0.116	-0.108	-0.076	-0.363	-0.544	-0.074	-0.362	-0.356	-0.083	-0.540	-0.044	-0.520	-0.508	-0.372	-0.783	-0.782	-0.376	+0.358	-0.454	+0.353	-0.451	-0.447	+0.327	+0.302	-0.522	-0.449	+0.201	-0.394	-0.770	+0.318	+0.314	-0.513	+0.293	-0.778	-0.730	-0.724	+0.723	+0.721	+0.722	+0.286	-0.373	+0.686	+0.301	+0.278	-0.446	-0.426	-0.717	-0.431	-0.433	
rs9848347      -0.562	-0.848	-0.579	-0.548	-0.575	-0.558	-0.551	-0.623	-0.947	-0.911	-0.656	-0.927	-0.517	-0.666	-0.633	-0.972	-0.637	-0.642	-0.638	-0.632	-0.653	-0.481	-0.602	-0.603	-0.605	-0.762	-0.608	-0.632	-0.639	-0.644	-0.639	-0.653	-0.657	-0.657	-0.657	-0.650	-0.628	-0.673	-0.703	-0.789	-0.649	-0.610	-0.651	-0.666	-0.653	-0.849	-0.739	-0.659	-0.821	-0.667	-0.659	-0.664	-0.659	-0.659	-0.668	-0.656	-0.575	-0.927	-0.784	-0.577	-0.426	-0.429	-0.723	-0.361	-0.708	-0.352	-0.349	-0.349	-0.347	-0.340	-0.310	-0.580	-0.694	-0.308	-0.579	-0.573	-0.317	-0.689	-0.279	-0.669	-0.656	-0.513	-0.930	-0.929	-0.518	+0.097	-0.583	+0.094	-0.580	-0.576	+0.070	+0.046	-0.672	-0.578	-0.052	-0.540	-0.951	+0.061	+0.057	-0.663	+0.038	-0.954	-0.874	-0.867	+0.647	+0.645	+0.645	+0.090	-0.487	+0.609	+0.107	+0.083	-0.621	-0.608	-0.868	-0.613	-0.614	
rs9848444      -0.562	-0.848	-0.579	-0.548	-0.575	-0.558	-0.551	-0.623	-0.947	-0.911	-0.656	-0.927	-0.517	-0.666	-0.633	-0.972	-0.637	-0.642	-0.638	-0.632	-0.653	-0.602	-0.481	-0.603	-0.605	-0.762	-0.608	-0.632	-0.639	-0.644	-0.639	-0.653	-0.657	-0.657	-0.657	-0.650	-0.628	-0.673	-0.703	-0.789	-0.649	-0.610	-0.651	-0.666	-0.653	-0.849	-0.739	-0.659	-0.821	-0.667	-0.659	-0.664	-0.659	-0.658	-0.668	-0.656	-0.575	-0.926	-0.784	-0.577	-0.426	-0.429	-0.723	-0.360	-0.708	-0.352	-0.349	-0.349	-0.347	-0.340	-0.310	-0.580	-0.694	-0.308	-0.579	-0.573	-0.317	-0.689	-0.279	-0.669	-0.656	-0.513	-0.930	-0.929	-0.518	+0.097	-0.583	+0.094	-0.580	-0.576	+0.070	+0.046	-0.672	-0.578	-0.052	-0.540	-0.951	+0.061	+0.057	-0.663	+0.038	-0.954	-0.874	-0.867	+0.647	+0.645	+0.645	+0.090	-0.487	+0.609	+0.107	+0.083	-0.621	-0.608	-0.868	-0.613	-0.614	
rs12631368     -0.559	-0.849	-0.576	-0.544	-0.572	-0.555	-0.548	-0.620	-0.946	-0.911	-0.655	-0.926	-0.505	-0.664	-0.631	-0.971	-0.635	-0.642	-0.638	-0.634	-0.652	-0.603	-0.603	-0.480	-0.608	-0.764	-0.611	-0.635	-0.641	-0.644	-0.640	-0.654	-0.656	-0.656	-0.655	-0.647	-0.624	-0.669	-0.703	-0.786	-0.648	-0.610	-0.650	-0.665	-0.653	-0.848	-0.737	-0.659	-0.818	-0.667	-0.658	-0.664	-0.658	-0.658	-0.667	-0.655	-0.575	-0.926	-0.783	-0.577	-0.426	-0.429	-0.722	-0.361	-0.707	-0.352	-0.350	-0.349	-0.347	-0.340	-0.310	-0.580	-0.693	-0.308	-0.578	-0.573	-0.317	-0.688	-0.279	-0.667	-0.655	-0.511	-0.929	-0.929	-0.516	+0.097	-0.581	+0.094	-0.578	-0.574	+0.070	+0.046	-0.670	-0.576	-0.051	-0.540	-0.951	+0.061	+0.057	-0.662	+0.038	-0.953	-0.873	-0.866	+0.649	+0.646	+0.647	+0.092	-0.486	+0.611	+0.108	+0.084	-0.620	-0.606	-0.868	-0.611	-0.613	
rs9873219      -0.553	-0.848	-0.570	-0.539	-0.566	-0.549	-0.542	-0.614	-0.944	-0.910	-0.652	-0.922	-0.506	-0.661	-0.628	-0.969	-0.633	-0.643	-0.641	-0.638	-0.651	-0.605	-0.605	-0.608	-0.478	-0.766	-0.601	-0.629	-0.635	-0.637	-0.635	-0.647	-0.647	-0.647	-0.645	-0.633	-0.604	-0.658	-0.701	-0.780	-0.646	-0.608	-0.648	-0.663	-0.651	-0.844	-0.732	-0.657	-0.813	-0.665	-0.656	-0.662	-0.656	-0.656	-0.665	-0.653	-0.573	-0.924	-0.780	-0.575	-0.424	-0.427	-0.718	-0.359	-0.704	-0.350	-0.348	-0.347	-0.345	-0.338	-0.309	-0.578	-0.689	-0.307	-0.577	-0.571	-0.315	-0.684	-0.278	-0.664	-0.651	-0.507	-0.927	-0.927	-0.512	+0.098	-0.576	+0.095	-0.573	-0.569	+0.071	+0.047	-0.667	-0.570	-0.049	-0.539	-0.950	+0.062	+0.058	-0.658	+0.039	-0.951	-0.870	-0.863	+0.653	+0.651	+0.651	+0.095	-0.483	+0.615	+0.112	+0.088	-0.615	-0.602	-0.866	-0.606	-0.608	
rs11927613     -0.550	-0.875	-0.569	-0.562	-0.589	-0.572	-0.566	-0.638	-0.961	-0.918	-0.713	-0.966	-0.715	-0.737	-0.754	-0.962	-0.759	-0.773	-0.775	-0.780	-0.693	-0.762	-0.762	-0.764	-0.766	-0.507	-0.768	-0.778	-0.779	-0.773	-0.778	-0.775	-0.768	-0.768	-0.762	-0.743	-0.717	-0.707	-0.679	-0.599	-0.617	-0.568	-0.620	-0.637	-0.622	-0.802	-0.659	-0.629	-0.659	-0.639	-0.629	-0.635	-0.629	-0.629	-0.639	-0.626	-0.538	-0.949	-0.784	-0.582	-0.437	-0.440	-0.731	-0.372	-0.716	-0.363	-0.360	-0.360	-0.357	-0.350	-0.320	-0.595	-0.701	-0.318	-0.594	-0.588	-0.327	-0.696	-0.289	-0.675	-0.662	-0.513	-0.948	-0.947	-0.518	+0.100	-0.506	+0.093	-0.502	-0.497	+0.068	+0.044	-0.679	-0.499	-0.039	-0.585	-0.989	+0.060	+0.056	-0.670	+0.034	-0.972	-0.875	-0.868	+0.666	+0.663	+0.664	+0.138	-0.521	+0.632	+0.153	+0.128	-0.633	-0.625	-0.896	-0.629	-0.631	
rs2875419      -0.551	-0.847	-0.568	-0.536	-0.564	-0.547	-0.539	-0.612	-0.943	-0.909	-0.651	-0.921	-0.513	-0.660	-0.628	-0.968	-0.633	-0.645	-0.642	-0.641	-0.650	-0.608	-0.608	-0.611	-0.601	-0.768	-0.477	-0.627	-0.632	-0.633	-0.632	-0.643	-0.643	-0.643	-0.640	-0.627	-0.596	-0.653	-0.700	-0.777	-0.646	-0.607	-0.648	-0.663	-0.650	-0.842	-0.730	-0.656	-0.810	-0.664	-0.656	-0.661	-0.655	-0.655	-0.665	-0.653	-0.572	-0.923	-0.778	-0.575	-0.424	-0.427	-0.717	-0.359	-0.702	-0.350	-0.348	-0.347	-0.345	-0.338	-0.308	-0.577	-0.688	-0.306	-0.576	-0.571	-0.315	-0.683	-0.278	-0.662	-0.649	-0.506	-0.926	-0.926	-0.510	+0.099	-0.573	+0.095	-0.570	-0.566	+0.071	+0.048	-0.665	-0.568	-0.049	-0.538	-0.949	+0.062	+0.059	-0.657	+0.039	-0.950	-0.869	-0.862	+0.655	+0.653	+0.653	+0.097	-0.482	+0.617	+0.114	+0.089	-0.613	-0.600	-0.865	-0.605	-0.606	
rs11719648     -0.551	-0.851	-0.568	-0.536	-0.563	-0.546	-0.539	-0.612	-0.946	-0.911	-0.651	-0.923	-0.565	-0.666	-0.643	-0.970	-0.648	-0.660	-0.659	-0.659	-0.653	-0.632	-0.632	-0.635	-0.629	-0.778	-0.627	-0.479	-0.608	-0.604	-0.608	-0.621	-0.617	-0.617	-0.613	-0.591	-0.545	-0.634	-0.702	-0.773	-0.648	-0.609	-0.650	-0.665	-0.652	-0.842	-0.728	-0.658	-0.806	-0.666	-0.658	-0.663	-0.657	-0.657	-0.667	-0.655	-0.575	-0.924	-0.779	-0.577	-0.426	-0.429	-0.717	-0.361	-0.702	-0.353	-0.350	-0.350	-0.348	-0.341	-0.311	-0.580	-0.688	-0.309	-0.579	-0.573	-0.318	-0.683	-0.281	-0.662	-0.649	-0.505	-0.926	-0.926	-0.510	+0.096	-0.571	+0.092	-0.568	-0.564	+0.068	+0.045	-0.665	-0.566	-0.051	-0.541	-0.951	+0.059	+0.056	-0.657	+0.036	-0.950	-0.869	-0.861	+0.654	+0.651	+0.652	+0.095	-0.484	+0.616	+0.112	+0.088	-0.612	-0.600	-0.868	-0.604	-0.606	
rs12637117     -0.552	-0.851	-0.569	-0.537	-0.564	-0.547	-0.540	-0.613	-0.946	-0.911	-0.651	-0.923	-0.580	-0.670	-0.649	-0.970	-0.654	-0.665	-0.663	-0.664	-0.653	-0.639	-0.639	-0.641	-0.635	-0.779	-0.632	-0.608	-0.479	-0.602	-0.606	-0.620	-0.616	-0.616	-0.612	-0.590	-0.544	-0.634	-0.702	-0.773	-0.648	-0.609	-0.650	-0.665	-0.652	-0.842	-0.728	-0.658	-0.807	-0.667	-0.658	-0.664	-0.658	-0.658	-0.667	-0.655	-0.575	-0.924	-0.779	-0.577	-0.427	-0.429	-0.717	-0.362	-0.703	-0.353	-0.351	-0.350	-0.348	-0.341	-0.311	-0.580	-0.688	-0.309	-0.579	-0.573	-0.318	-0.683	-0.281	-0.663	-0.650	-0.505	-0.926	-0.926	-0.510	+0.096	-0.572	+0.092	-0.569	-0.565	+0.068	+0.044	-0.666	-0.566	-0.051	-0.541	-0.952	+0.059	+0.056	-0.657	+0.036	-0.951	-0.869	-0.862	+0.653	+0.651	+0.651	+0.095	-0.484	+0.615	+0.112	+0.087	-0.613	-0.600	-0.868	-0.605	-0.606	
rs12630152     -0.560	-0.851	-0.576	-0.546	-0.573	-0.556	-0.549	-0.621	-0.947	-0.912	-0.654	-0.926	-0.600	-0.677	-0.658	-0.972	-0.662	-0.669	-0.666	-0.664	-0.653	-0.644	-0.644	-0.644	-0.637	-0.773	-0.633	-0.604	-0.602	-0.481	-0.602	-0.622	-0.623	-0.624	-0.622	-0.607	-0.568	-0.646	-0.703	-0.780	-0.649	-0.610	-0.651	-0.666	-0.653	-0.846	-0.734	-0.659	-0.813	-0.667	-0.659	-0.664	-0.659	-0.659	-0.668	-0.656	-0.575	-0.924	-0.782	-0.577	-0.426	-0.429	-0.720	-0.361	-0.706	-0.353	-0.350	-0.350	-0.347	-0.341	-0.311	-0.580	-0.691	-0.309	-0.579	-0.573	-0.317	-0.687	-0.280	-0.666	-0.653	-0.509	-0.927	-0.927	-0.514	+0.096	-0.578	+0.093	-0.575	-0.571	+0.069	+0.045	-0.669	-0.572	-0.052	-0.541	-0.952	+0.060	+0.056	-0.661	+0.037	-0.952	-0.872	-0.864	+0.649	+0.647	+0.647	+0.092	-0.486	+0.611	+0.108	+0.084	-0.618	-0.605	-0.869	-0.610	-0.611	
rs9820365      -0.551	-0.850	-0.568	-0.536	-0.563	-0.546	-0.539	-0.613	-0.945	-0.910	-0.650	-0.923	-0.582	-0.670	-0.650	-0.970	-0.654	-0.665	-0.663	-0.664	-0.652	-0.639	-0.639	-0.640	-0.635	-0.778	-0.632	-0.608	-0.606	-0.602	-0.478	-0.617	-0.612	-0.612	-0.605	-0.584	-0.533	-0.631	-0.701	-0.772	-0.647	-0.608	-0.649	-0.664	-0.651	-0.841	-0.727	-0.657	-0.806	-0.666	-0.657	-0.663	-0.657	-0.657	-0.666	-0.654	-0.574	-0.923	-0.778	-0.576	-0.426	-0.428	-0.716	-0.361	-0.702	-0.352	-0.350	-0.349	-0.347	-0.340	-0.310	-0.579	-0.687	-0.308	-0.578	-0.572	-0.317	-0.682	-0.280	-0.662	-0.649	-0.504	-0.925	-0.925	-0.509	+0.097	-0.571	+0.093	-0.568	-0.564	+0.069	+0.045	-0.665	-0.565	-0.050	-0.540	-0.951	+0.060	+0.057	-0.656	+0.037	-0.950	-0.868	-0.861	+0.654	+0.652	+0.653	+0.096	-0.483	+0.616	+0.113	+0.088	-0.612	-0.599	-0.867	-0.604	-0.605	
rs71322791     -0.561	-0.852	-0.577	-0.548	-0.575	-0.558	-0.551	-0.623	-0.948	-0.912	-0.655	-0.928	-0.616	-0.682	-0.666	-0.974	-0.670	-0.676	-0.673	-0.671	-0.654	-0.653	-0.653	-0.654	-0.647	-0.775	-0.643	-0.621	-0.620	-0.622	-0.617	-0.481	-0.601	-0.601	-0.598	-0.575	-0.518	-0.638	-0.704	-0.780	-0.650	-0.611	-0.652	-0.666	-0.654	-0.847	-0.734	-0.660	-0.813	-0.668	-0.659	-0.665	-0.659	-0.659	-0.668	-0.656	-0.576	-0.924	-0.783	-0.578	-0.427	-0.430	-0.721	-0.362	-0.707	-0.353	-0.351	-0.350	-0.348	-0.341	-0.311	-0.581	-0.692	-0.309	-0.580	-0.574	-0.318	-0.687	-0.281	-0.667	-0.654	-0.510	-0.927	-0.927	-0.515	+0.096	-0.578	+0.092	-0.575	-0.571	+0.068	+0.045	-0.670	-0.573	-0.053	-0.542	-0.952	+0.059	+0.056	-0.661	+0.036	-0.953	-0.872	-0.865	+0.648	+0.645	+0.646	+0.091	-0.487	+0.610	+0.107	+0.083	-0.618	-0.605	-0.869	-0.610	-0.612	
rs9874869      -0.569	-0.850	-0.585	-0.556	-0.583	-0.566	-0.559	-0.630	-0.949	-0.912	-0.658	-0.930	-0.634	-0.689	-0.674	-0.975	-0.676	-0.678	-0.675	-0.671	-0.653	-0.657	-0.657	-0.656	-0.647	-0.768	-0.643	-0.617	-0.616	-0.623	-0.612	-0.601	-0.482	-0.603	-0.605	-0.592	-0.548	-0.649	-0.704	-0.787	-0.649	-0.611	-0.651	-0.666	-0.654	-0.850	-0.739	-0.659	-0.820	-0.668	-0.659	-0.665	-0.659	-0.659	-0.668	-0.656	-0.575	-0.923	-0.785	-0.577	-0.425	-0.428	-0.724	-0.360	-0.709	-0.351	-0.349	-0.348	-0.346	-0.339	-0.309	-0.580	-0.695	-0.308	-0.578	-0.573	-0.316	-0.690	-0.279	-0.670	-0.657	-0.514	-0.927	-0.927	-0.519	+0.098	-0.584	+0.094	-0.581	-0.577	+0.070	+0.047	-0.673	-0.578	-0.052	-0.541	-0.950	+0.061	+0.058	-0.664	+0.039	-0.953	-0.874	-0.867	+0.644	+0.642	+0.643	+0.088	-0.488	+0.607	+0.105	+0.081	-0.623	-0.610	-0.869	-0.615	-0.616	
rs11712645     -0.569	-0.850	-0.585	-0.557	-0.583	-0.567	-0.560	-0.630	-0.949	-0.912	-0.658	-0.930	-0.635	-0.689	-0.674	-0.975	-0.677	-0.678	-0.675	-0.671	-0.653	-0.657	-0.657	-0.656	-0.647	-0.768	-0.643	-0.617	-0.616	-0.624	-0.612	-0.601	-0.603	-0.482	-0.605	-0.592	-0.548	-0.650	-0.704	-0.788	-0.649	-0.611	-0.651	-0.666	-0.654	-0.850	-0.739	-0.659	-0.820	-0.668	-0.659	-0.665	-0.659	-0.659	-0.668	-0.656	-0.575	-0.923	-0.785	-0.577	-0.425	-0.428	-0.724	-0.360	-0.709	-0.351	-0.349	-0.348	-0.346	-0.339	-0.309	-0.580	-0.695	-0.308	-0.578	-0.573	-0.316	-0.690	-0.279	-0.670	-0.657	-0.514	-0.927	-0.927	-0.519	+0.098	-0.584	+0.094	-0.581	-0.577	+0.070	+0.047	-0.673	-0.579	-0.052	-0.541	-0.950	+0.062	+0.058	-0.664	+0.039	-0.953	-0.874	-0.867	+0.644	+0.642	+0.642	+0.088	-0.488	+0.607	+0.105	+0.081	-0.623	-0.610	-0.869	-0.615	-0.616	
rs71322792     -0.574	-0.848	-0.589	-0.562	-0.588	-0.572	-0.565	-0.634	-0.948	-0.910	-0.659	-0.931	-0.644	-0.693	-0.678	-0.974	-0.679	-0.678	-0.675	-0.669	-0.651	-0.657	-0.657	-0.655	-0.645	-0.762	-0.640	-0.613	-0.612	-0.622	-0.605	-0.598	-0.605	-0.605	-0.481	-0.600	-0.564	-0.655	-0.703	-0.791	-0.648	-0.609	-0.650	-0.665	-0.652	-0.851	-0.741	-0.658	-0.823	-0.666	-0.658	-0.664	-0.658	-0.658	-0.667	-0.655	-0.574	-0.921	-0.785	-0.575	-0.423	-0.426	-0.724	-0.358	-0.710	-0.349	-0.347	-0.346	-0.344	-0.337	-0.307	-0.578	-0.696	-0.305	-0.577	-0.571	-0.314	-0.691	-0.277	-0.671	-0.658	-0.515	-0.926	-0.926	-0.520	+0.100	-0.587	+0.097	-0.584	-0.580	+0.073	+0.049	-0.674	-0.581	-0.051	-0.539	-0.948	+0.064	+0.061	-0.665	+0.041	-0.952	-0.875	-0.867	+0.643	+0.641	+0.642	+0.088	-0.487	+0.606	+0.105	+0.080	-0.625	-0.612	-0.868	-0.616	-0.618	
rs11713700     -0.581	-0.840	-0.596	-0.571	-0.596	-0.580	-0.574	-0.641	-0.943	-0.904	-0.658	-0.929	-0.659	-0.697	-0.680	-0.971	-0.680	-0.672	-0.667	-0.657	-0.645	-0.650	-0.650	-0.647	-0.633	-0.743	-0.627	-0.591	-0.590	-0.607	-0.584	-0.575	-0.592	-0.592	-0.600	-0.476	-0.581	-0.664	-0.696	-0.799	-0.642	-0.603	-0.644	-0.659	-0.646	-0.852	-0.745	-0.652	-0.829	-0.660	-0.651	-0.657	-0.651	-0.651	-0.660	-0.648	-0.566	-0.913	-0.783	-0.567	-0.414	-0.417	-0.724	-0.348	-0.709	-0.340	-0.337	-0.337	-0.334	-0.327	-0.297	-0.570	-0.695	-0.296	-0.568	-0.563	-0.304	-0.691	-0.267	-0.671	-0.658	-0.517	-0.920	-0.920	-0.522	+0.111	-0.592	+0.108	-0.589	-0.585	+0.084	+0.060	-0.673	-0.586	-0.045	-0.531	-0.940	+0.075	+0.071	-0.665	+0.052	-0.948	-0.873	-0.865	+0.643	+0.640	+0.641	+0.090	-0.484	+0.606	+0.107	+0.083	-0.628	-0.614	-0.862	-0.618	-0.620	
rs9868442      -0.584	-0.827	-0.599	-0.576	-0.600	-0.585	-0.578	-0.644	-0.933	-0.892	-0.652	-0.923	-0.658	-0.691	-0.669	-0.962	-0.667	-0.653	-0.646	-0.632	-0.633	-0.628	-0.628	-0.624	-0.604	-0.717	-0.596	-0.545	-0.544	-0.568	-0.533	-0.518	-0.548	-0.548	-0.564	-0.581	-0.466	-0.666	-0.685	-0.801	-0.630	-0.592	-0.632	-0.647	-0.634	-0.848	-0.744	-0.640	-0.830	-0.649	-0.640	-0.646	-0.640	-0.640	-0.649	-0.637	-0.554	-0.899	-0.776	-0.554	-0.400	-0.403	-0.718	-0.334	-0.704	-0.325	-0.323	-0.322	-0.320	-0.313	-0.283	-0.556	-0.690	-0.281	-0.555	-0.549	-0.289	-0.685	-0.252	-0.665	-0.653	-0.513	-0.908	-0.908	-0.518	+0.126	-0.591	+0.124	-0.589	-0.585	+0.100	+0.076	-0.668	-0.586	-0.033	-0.519	-0.927	+0.091	+0.087	-0.660	+0.068	-0.938	-0.866	-0.859	+0.648	+0.646	+0.647	+0.097	-0.475	+0.612	+0.114	+0.090	-0.626	-0.611	-0.852	-0.616	-0.617	
rs1899372      -0.587	-0.812	-0.601	-0.581	-0.605	-0.590	-0.584	-0.646	-0.921	-0.880	-0.642	-0.914	-0.696	-0.710	-0.701	-0.951	-0.699	-0.688	-0.683	-0.672	-0.618	-0.673	-0.673	-0.669	-0.658	-0.707	-0.653	-0.634	-0.634	-0.646	-0.631	-0.638	-0.649	-0.650	-0.655	-0.664	-0.666	-0.453	-0.661	-0.798	-0.604	-0.565	-0.606	-0.621	-0.608	-0.841	-0.739	-0.614	-0.826	-0.623	-0.614	-0.620	-0.613	-0.613	-0.623	-0.610	-0.526	-0.863	-0.767	-0.538	-0.366	-0.369	-0.710	-0.299	-0.696	-0.289	-0.287	-0.286	-0.284	-0.277	-0.246	-0.525	-0.682	-0.244	-0.523	-0.518	-0.253	-0.678	-0.214	-0.658	-0.646	-0.508	-0.880	-0.881	-0.513	+0.170	-0.589	+0.169	-0.586	-0.582	+0.144	+0.120	-0.661	-0.583	-0.000	-0.503	-0.901	+0.135	+0.131	-0.653	+0.111	-0.921	-0.857	-0.850	+0.657	+0.655	+0.656	+0.107	-0.463	+0.622	+0.124	+0.100	-0.621	-0.607	-0.837	-0.611	-0.613	
rs9855374      -0.458	-0.731	-0.491	-0.460	-0.485	-0.470	-0.463	-0.528	-0.822	-0.806	-0.410	-0.807	-0.693	-0.678	-0.705	-0.861	-0.707	-0.708	-0.708	-0.707	-0.504	-0.703	-0.703	-0.703	-0.701	-0.679	-0.700	-0.702	-0.702	-0.703	-0.701	-0.704	-0.704	-0.704	-0.703	-0.696	-0.685	-0.661	-0.352	-0.759	-0.430	-0.432	-0.435	-0.438	-0.438	-0.776	-0.692	-0.428	-0.780	-0.456	-0.428	-0.439	-0.429	-0.429	-0.457	-0.428	-0.333	-0.829	-0.684	-0.500	-0.372	-0.375	-0.617	-0.304	-0.603	-0.295	-0.293	-0.292	-0.290	-0.282	-0.250	-0.526	-0.589	-0.248	-0.526	-0.520	-0.259	-0.584	-0.217	-0.565	-0.552	-0.415	-0.826	-0.825	-0.419	+0.220	-0.549	+0.216	-0.546	-0.542	+0.184	+0.157	-0.565	-0.544	+0.030	-0.380	-0.853	+0.174	+0.170	-0.557	+0.139	-0.825	-0.707	-0.697	+0.694	+0.691	+0.692	+0.114	-0.318	+0.660	+0.131	+0.107	-0.489	-0.461	-0.742	-0.466	-0.467	
rs9818075      -0.675	-0.838	-0.688	-0.667	-0.688	-0.675	-0.670	-0.722	-0.950	-0.915	-0.564	-0.920	-0.806	-0.793	-0.807	-0.979	-0.806	-0.798	-0.795	-0.787	-0.588	-0.789	-0.789	-0.786	-0.780	-0.599	-0.777	-0.773	-0.773	-0.780	-0.772	-0.780	-0.787	-0.788	-0.791	-0.799	-0.801	-0.798	-0.759	-0.489	-0.718	-0.686	-0.720	-0.732	-0.722	-0.882	-0.813	-0.727	-0.686	-0.733	-0.727	-0.731	-0.727	-0.727	-0.733	-0.725	-0.659	-0.724	-0.820	-0.577	-0.512	-0.515	-0.775	-0.453	-0.763	-0.444	-0.442	-0.442	-0.440	-0.433	-0.406	-0.647	-0.751	-0.404	-0.646	-0.641	-0.411	-0.747	-0.378	-0.730	-0.719	-0.599	-0.786	-0.789	-0.602	-0.025	-0.694	-0.028	-0.692	-0.688	-0.051	-0.073	-0.731	-0.689	-0.168	-0.460	-0.899	-0.059	-0.063	-0.723	-0.079	-0.906	-0.906	-0.901	+0.635	+0.633	+0.634	+0.037	-0.460	+0.598	+0.054	+0.030	-0.676	-0.659	-0.876	-0.663	-0.665	
rs6548499      -0.399	-0.677	-0.435	-0.402	-0.427	-0.411	-0.405	-0.470	-0.767	-0.754	-0.342	-0.751	-0.638	-0.623	-0.650	-0.806	-0.652	-0.654	-0.654	-0.653	-0.444	-0.649	-0.649	-0.648	-0.646	-0.617	-0.646	-0.648	-0.648	-0.649	-0.647	-0.650	-0.649	-0.649	-0.648	-0.642	-0.630	-0.604	-0.430	-0.718	-0.293	-0.419	-0.398	-0.424	-0.399	-0.728	-0.649	-0.421	-0.737	-0.407	-0.421	-0.425	-0.421	-0.421	-0.408	-0.422	-0.344	-0.774	-0.633	-0.453	-0.364	-0.367	-0.563	-0.302	-0.549	-0.293	-0.291	-0.290	-0.288	-0.281	-0.251	-0.506	-0.535	-0.250	-0.506	-0.501	-0.260	-0.531	-0.221	-0.511	-0.499	-0.363	-0.771	-0.769	-0.368	+0.189	-0.508	+0.185	-0.506	-0.502	+0.156	+0.129	-0.512	-0.503	+0.012	-0.318	-0.801	+0.146	+0.142	-0.504	+0.114	-0.768	-0.643	-0.634	+0.736	+0.734	+0.734	+0.149	-0.254	+0.703	+0.165	+0.142	-0.428	-0.398	-0.686	-0.403	-0.405	
rs35423302     -0.358	-0.634	-0.379	-0.361	-0.386	-0.370	-0.364	-0.430	-0.728	-0.717	-0.314	-0.716	-0.600	-0.585	-0.612	-0.770	-0.614	-0.615	-0.615	-0.614	-0.403	-0.610	-0.610	-0.610	-0.608	-0.568	-0.607	-0.609	-0.609	-0.610	-0.608	-0.611	-0.611	-0.611	-0.609	-0.603	-0.592	-0.565	-0.432	-0.686	-0.419	-0.250	-0.420	-0.430	-0.421	-0.693	-0.614	-0.429	-0.704	-0.424	-0.429	-0.431	-0.430	-0.430	-0.424	-0.430	-0.382	-0.736	-0.595	-0.420	-0.353	-0.355	-0.523	-0.294	-0.509	-0.286	-0.284	-0.283	-0.281	-0.275	-0.247	-0.485	-0.495	-0.245	-0.485	-0.480	-0.254	-0.490	-0.218	-0.471	-0.458	-0.321	-0.733	-0.731	-0.326	+0.166	-0.473	+0.162	-0.470	-0.467	+0.135	+0.111	-0.472	-0.468	+0.004	-0.275	-0.764	+0.126	+0.122	-0.463	+0.099	-0.730	-0.604	-0.594	+0.771	+0.768	+0.769	+0.181	-0.211	+0.738	+0.198	+0.174	-0.389	-0.359	-0.649	-0.364	-0.365	
rs4539916      -0.401	-0.679	-0.437	-0.404	-0.429	-0.414	-0.407	-0.472	-0.769	-0.756	-0.345	-0.753	-0.640	-0.625	-0.652	-0.808	-0.654	-0.656	-0.656	-0.655	-0.446	-0.651	-0.651	-0.650	-0.648	-0.620	-0.648	-0.650	-0.650	-0.651	-0.649	-0.652	-0.651	-0.651	-0.650	-0.644	-0.632	-0.606	-0.435	-0.720	-0.398	-0.420	-0.295	-0.425	-0.399	-0.730	-0.651	-0.421	-0.739	-0.406	-0.421	-0.425	-0.421	-0.421	-0.407	-0.422	-0.342	-0.776	-0.635	-0.455	-0.365	-0.368	-0.565	-0.303	-0.551	-0.294	-0.292	-0.291	-0.289	-0.282	-0.252	-0.508	-0.537	-0.250	-0.507	-0.502	-0.260	-0.533	-0.221	-0.513	-0.501	-0.365	-0.773	-0.771	-0.370	+0.190	-0.510	+0.186	-0.507	-0.504	+0.156	+0.130	-0.514	-0.505	+0.012	-0.320	-0.803	+0.147	+0.143	-0.506	+0.114	-0.770	-0.645	-0.636	+0.734	+0.732	+0.733	+0.147	-0.256	+0.701	+0.164	+0.140	-0.430	-0.400	-0.688	-0.405	-0.407	
rs6769090      -0.418	-0.692	-0.453	-0.421	-0.446	-0.430	-0.424	-0.489	-0.784	-0.770	-0.365	-0.769	-0.655	-0.640	-0.667	-0.823	-0.669	-0.671	-0.671	-0.670	-0.462	-0.666	-0.666	-0.665	-0.663	-0.637	-0.663	-0.665	-0.665	-0.666	-0.664	-0.666	-0.666	-0.666	-0.665	-0.659	-0.647	-0.621	-0.438	-0.732	-0.424	-0.430	-0.425	-0.311	-0.426	-0.744	-0.664	-0.413	-0.751	-0.435	-0.413	-0.415	-0.413	-0.413	-0.435	-0.413	-0.361	-0.791	-0.649	-0.468	-0.371	-0.374	-0.580	-0.308	-0.566	-0.299	-0.297	-0.296	-0.294	-0.287	-0.256	-0.515	-0.552	-0.255	-0.514	-0.509	-0.265	-0.548	-0.225	-0.528	-0.516	-0.378	-0.788	-0.787	-0.383	+0.190	-0.523	+0.186	-0.520	-0.516	+0.157	+0.131	-0.529	-0.518	+0.011	-0.336	-0.817	+0.147	+0.143	-0.520	+0.114	-0.786	-0.662	-0.652	+0.720	+0.718	+0.719	+0.135	-0.273	+0.687	+0.152	+0.128	-0.446	-0.417	-0.703	-0.422	-0.423	
rs73110269     -0.404	-0.681	-0.440	-0.406	-0.432	-0.416	-0.409	-0.475	-0.771	-0.758	-0.348	-0.756	-0.642	-0.627	-0.654	-0.811	-0.656	-0.658	-0.658	-0.657	-0.449	-0.653	-0.653	-0.653	-0.651	-0.622	-0.650	-0.652	-0.652	-0.653	-0.651	-0.654	-0.654	-0.654	-0.652	-0.646	-0.634	-0.608	-0.438	-0.722	-0.399	-0.421	-0.399	-0.426	-0.297	-0.732	-0.653	-0.422	-0.741	-0.408	-0.422	-0.426	-0.422	-0.422	-0.409	-0.422	-0.341	-0.778	-0.637	-0.457	-0.365	-0.368	-0.567	-0.303	-0.553	-0.294	-0.292	-0.291	-0.289	-0.282	-0.252	-0.509	-0.540	-0.250	-0.508	-0.503	-0.260	-0.535	-0.221	-0.516	-0.503	-0.367	-0.775	-0.774	-0.372	+0.191	-0.512	+0.187	-0.509	-0.505	+0.157	+0.131	-0.517	-0.507	+0.012	-0.323	-0.805	+0.148	+0.143	-0.508	+0.115	-0.772	-0.648	-0.638	+0.732	+0.730	+0.731	+0.146	-0.259	+0.699	+0.162	+0.139	-0.433	-0.403	-0.691	-0.408	-0.409	
rs7649591      -0.683	-0.748	-0.694	-0.679	-0.700	-0.687	-0.681	-0.737	-0.961	-0.947	-0.646	-0.986	-0.852	-0.837	-0.859	-1.014	-0.860	-0.857	-0.855	-0.851	-0.622	-0.849	-0.849	-0.848	-0.844	-0.802	-0.842	-0.842	-0.842	-0.846	-0.841	-0.847	-0.850	-0.850	-0.851	-0.852	-0.848	-0.841	-0.776	-0.882	-0.728	-0.693	-0.730	-0.744	-0.732	-0.524	-0.591	-0.738	-0.902	-0.745	-0.738	-0.743	-0.738	-0.738	-0.745	-0.735	-0.662	-0.919	-0.757	-0.653	-0.530	-0.533	-0.667	-0.469	-0.649	-0.461	-0.459	-0.458	-0.456	-0.449	-0.421	-0.675	-0.631	-0.419	-0.674	-0.668	-0.427	-0.625	-0.392	-0.600	-0.584	-0.396	-0.945	-0.946	-0.405	-0.026	-0.612	-0.030	-0.611	-0.607	-0.054	-0.077	-0.609	-0.608	-0.171	-0.484	-0.884	-0.062	-0.066	-0.600	-0.085	-0.989	-0.930	-0.923	+0.550	+0.548	+0.549	-0.028	-0.478	+0.515	-0.011	-0.035	-0.689	-0.665	-0.897	-0.669	-0.671	
rs7649600      -0.604	-0.601	-0.612	-0.598	-0.618	-0.606	-0.600	-0.651	-0.847	-0.840	-0.534	-0.889	-0.747	-0.731	-0.751	-0.909	-0.751	-0.746	-0.745	-0.739	-0.490	-0.739	-0.739	-0.737	-0.732	-0.659	-0.730	-0.728	-0.728	-0.734	-0.727	-0.734	-0.739	-0.739	-0.741	-0.745	-0.744	-0.739	-0.692	-0.813	-0.649	-0.614	-0.651	-0.664	-0.653	-0.591	-0.413	-0.658	-0.825	-0.664	-0.658	-0.663	-0.658	-0.658	-0.665	-0.656	-0.588	-0.780	-0.618	-0.567	-0.474	-0.477	-0.516	-0.417	-0.496	-0.409	-0.407	-0.406	-0.404	-0.398	-0.371	-0.599	-0.476	-0.370	-0.598	-0.593	-0.376	-0.470	-0.344	-0.443	-0.426	-0.293	-0.817	-0.819	-0.300	+0.006	-0.626	+0.002	-0.623	-0.620	-0.020	-0.042	-0.455	-0.621	-0.135	-0.343	-0.754	-0.028	-0.031	-0.445	-0.048	-0.879	-0.833	-0.827	+0.630	+0.627	+0.628	+0.030	-0.354	+0.595	+0.048	+0.025	-0.592	-0.564	-0.786	-0.569	-0.570	
