## Summary of overall evidence for association with region:
## log10(BF for region) = 8.0351
## p-value for region = NA

## BFs for choosing among multi-SNP models:
## log10(average 1-SNP BF) = 8.00238
## log10(average 2-SNP BF) = 8.09395

## Example posterior probabilities for multi-SNP models, based on default prior: [p(l) propto 0.5^l for l=1,2,...,L]
## posterior probability of 1-SNP = 0.618294
## posterior probability of 2-SNP = 0.381706

## log10(BF) for single SNP and pair of SNPs:
rs4984954      -0.503	-0.630	+8.429	+7.869	+7.283	+7.087	+7.110	+7.273	+7.369	+7.280	+7.279	+7.279	+7.054	+8.410	+8.212	+7.025	+7.104	+6.085	+7.179	+6.585	+6.742	+6.622	+6.704	+6.919	+7.004	+7.057	+7.843	+7.592	+7.061	+5.380	+5.677	+5.679	+6.509	+6.224	+6.222	+6.444	+6.284	+6.243	+6.245	+6.245	+6.137	+6.252	+6.254	+8.253	+8.252	+8.311	+8.488	+8.199	+8.114	+8.331	+8.000	+8.510	+8.526	+8.414	+8.433	+8.434	+8.417	+8.304	+8.326	+8.421	+8.389	+8.572	+8.352	+1.033	+8.375	+8.418	+8.348	+8.589	+8.338	+8.425	+8.430	+8.448	+8.306	+1.388	+8.050	+8.490	+8.585	+8.591	+5.143	+8.516	+8.755	+8.591	+8.773	+8.590	+8.589	+8.619	
rs7196136      -0.630	-0.526	+8.321	+7.725	+7.210	+7.014	+7.038	+7.199	+7.296	+7.207	+7.206	+7.206	+6.943	+8.260	+8.066	+6.915	+6.966	+6.002	+7.036	+6.474	+6.630	+6.511	+6.593	+6.806	+6.890	+6.940	+7.691	+7.505	+6.946	+5.287	+5.606	+5.608	+6.408	+6.093	+6.091	+6.307	+6.153	+6.112	+6.114	+6.114	+6.006	+6.121	+6.123	+8.097	+8.097	+8.157	+8.329	+8.046	+7.957	+8.176	+7.848	+8.355	+8.370	+8.259	+8.277	+8.279	+8.262	+8.151	+8.172	+8.266	+8.234	+8.415	+8.197	+0.967	+8.221	+8.263	+8.192	+8.433	+8.182	+8.269	+8.274	+8.293	+8.151	+1.306	+7.897	+8.335	+8.429	+8.436	+5.047	+8.360	+8.598	+8.435	+8.617	+8.435	+8.434	+8.464	
rs11859028     +8.429	+8.321	+8.383	+8.163	+8.371	+8.288	+8.313	+8.369	+8.411	+8.372	+8.372	+8.372	+8.228	+8.359	+8.280	+8.233	+8.010	+7.963	+8.013	+8.110	+8.163	+8.126	+8.152	+8.237	+8.263	+8.291	+8.185	+8.486	+8.282	+8.167	+8.244	+8.243	+8.085	+8.020	+8.020	+8.174	+8.037	+8.026	+8.027	+8.027	+8.005	+8.030	+8.031	+8.308	+8.308	+8.338	+8.428	+8.296	+8.262	+8.347	+8.224	+8.442	+8.450	+8.390	+8.400	+8.401	+8.393	+8.354	+8.355	+8.396	+8.381	+8.468	+8.362	+7.723	+8.385	+8.394	+8.360	+8.481	+8.357	+8.397	+8.402	+8.410	+8.355	+7.856	+8.267	+8.432	+8.483	+8.487	+7.908	+8.445	+8.577	+8.486	+8.584	+8.486	+8.486	+8.501	
rs12924608     +7.869	+7.725	+8.163	+7.786	+8.036	+7.930	+7.965	+8.032	+8.082	+8.036	+8.036	+8.036	+7.777	+8.086	+7.960	+7.786	+7.525	+7.511	+7.528	+7.633	+7.696	+7.652	+7.683	+7.779	+7.810	+7.839	+7.777	+8.165	+7.830	+7.704	+7.898	+7.897	+7.727	+7.564	+7.564	+7.734	+7.585	+7.571	+7.572	+7.572	+7.545	+7.576	+7.577	+7.961	+7.961	+8.002	+8.109	+7.944	+7.893	+8.014	+7.843	+8.137	+8.146	+8.069	+8.081	+8.083	+8.072	+8.018	+8.020	+8.075	+8.056	+8.171	+8.028	+7.161	+8.057	+8.074	+8.026	+8.186	+8.021	+8.073	+8.082	+8.094	+8.011	+7.359	+7.889	+8.122	+8.188	+8.193	+7.375	+8.139	+8.310	+8.192	+8.320	+8.192	+8.191	+8.211	
rs12925210     +7.283	+7.210	+8.371	+8.036	+7.663	+7.628	+7.621	+7.692	+7.743	+7.696	+7.695	+7.695	+7.513	+8.301	+8.194	+7.509	+7.696	+7.340	+7.685	+7.375	+7.419	+7.386	+7.409	+7.485	+7.514	+7.541	+8.073	+7.786	+7.536	+7.425	+7.505	+7.507	+8.120	+8.004	+8.003	+8.247	+8.032	+8.014	+8.015	+8.016	+7.976	+8.021	+8.023	+8.240	+8.240	+8.279	+8.391	+8.222	+8.173	+8.291	+8.122	+8.411	+8.423	+8.348	+8.360	+8.361	+8.351	+8.302	+8.302	+8.354	+8.336	+8.444	+8.311	+7.012	+8.341	+8.353	+8.309	+8.459	+8.305	+8.356	+8.362	+8.374	+8.272	+7.016	+8.164	+8.401	+8.463	+8.468	+7.564	+8.417	+8.576	+8.468	+8.583	+8.467	+8.467	+8.485	
rs8046999      +7.087	+7.014	+8.288	+7.930	+7.628	+7.462	+7.500	+7.617	+7.700	+7.623	+7.622	+7.623	+7.393	+8.211	+8.098	+7.389	+7.571	+7.141	+7.560	+7.230	+7.285	+7.244	+7.272	+7.362	+7.396	+7.425	+7.963	+7.702	+7.420	+7.278	+7.364	+7.366	+7.979	+7.859	+7.858	+8.103	+7.889	+7.869	+7.871	+7.871	+7.830	+7.877	+7.879	+8.141	+8.141	+8.181	+8.296	+8.122	+8.070	+8.194	+8.017	+8.318	+8.330	+8.252	+8.265	+8.266	+8.256	+8.204	+8.205	+8.259	+8.240	+8.352	+8.214	+6.815	+8.244	+8.258	+8.212	+8.368	+8.207	+8.261	+8.267	+8.279	+8.174	+6.826	+8.059	+8.307	+8.372	+8.377	+7.408	+8.324	+8.488	+8.376	+8.495	+8.376	+8.375	+8.394	
rs66782707     +7.110	+7.038	+8.313	+7.965	+7.621	+7.500	+7.503	+7.615	+7.687	+7.620	+7.620	+7.620	+7.420	+8.241	+8.130	+7.415	+7.608	+7.176	+7.597	+7.261	+7.314	+7.275	+7.302	+7.390	+7.423	+7.452	+7.999	+7.721	+7.447	+7.305	+7.390	+7.392	+8.015	+7.896	+7.895	+8.134	+7.926	+7.907	+7.908	+7.909	+7.867	+7.914	+7.916	+8.174	+8.174	+8.215	+8.329	+8.156	+8.105	+8.227	+8.052	+8.350	+8.362	+8.285	+8.297	+8.299	+8.289	+8.238	+8.238	+8.292	+8.273	+8.384	+8.247	+6.854	+8.278	+8.291	+8.245	+8.400	+8.241	+8.294	+8.300	+8.312	+8.207	+6.872	+8.095	+8.340	+8.404	+8.409	+7.457	+8.357	+8.519	+8.408	+8.526	+8.408	+8.407	+8.426	
rs4262947      +7.273	+7.199	+8.369	+8.032	+7.692	+7.617	+7.615	+7.653	+7.741	+7.693	+7.692	+7.692	+7.507	+8.297	+8.190	+7.502	+7.691	+7.331	+7.679	+7.368	+7.412	+7.379	+7.402	+7.478	+7.508	+7.535	+8.068	+7.781	+7.530	+7.416	+7.497	+7.499	+8.113	+7.997	+7.996	+8.239	+8.025	+8.007	+8.008	+8.009	+7.969	+8.014	+8.016	+8.236	+8.236	+8.275	+8.387	+8.218	+8.169	+8.287	+8.118	+8.407	+8.419	+8.344	+8.356	+8.357	+8.347	+8.298	+8.298	+8.350	+8.332	+8.440	+8.307	+7.003	+8.337	+8.349	+8.305	+8.455	+8.301	+8.352	+8.359	+8.370	+8.267	+7.008	+8.160	+8.397	+8.459	+8.465	+7.557	+8.413	+8.572	+8.464	+8.579	+8.463	+8.463	+8.481	
rs4474684      +7.369	+7.296	+8.411	+8.082	+7.743	+7.700	+7.687	+7.741	+7.749	+7.744	+7.743	+7.743	+7.570	+8.341	+8.236	+7.565	+7.751	+7.428	+7.739	+7.442	+7.481	+7.451	+7.472	+7.542	+7.570	+7.595	+8.122	+7.827	+7.591	+7.489	+7.567	+7.569	+8.178	+8.063	+8.062	+8.306	+8.092	+8.073	+8.075	+8.075	+8.036	+8.081	+8.082	+8.284	+8.284	+8.322	+8.433	+8.267	+8.219	+8.335	+8.169	+8.452	+8.464	+8.390	+8.402	+8.403	+8.394	+8.346	+8.346	+8.397	+8.379	+8.485	+8.354	+7.096	+8.383	+8.395	+8.352	+8.500	+8.348	+8.399	+8.405	+8.416	+8.315	+7.097	+8.210	+8.443	+8.504	+8.509	+7.632	+8.459	+8.615	+8.508	+8.621	+8.508	+8.507	+8.525	
rs4984960      +7.280	+7.207	+8.372	+8.036	+7.696	+7.623	+7.620	+7.693	+7.744	+7.661	+7.696	+7.696	+7.512	+8.300	+8.193	+7.507	+7.695	+7.339	+7.683	+7.373	+7.417	+7.384	+7.407	+7.483	+7.512	+7.539	+8.072	+7.784	+7.534	+7.422	+7.502	+7.504	+8.117	+8.001	+8.001	+8.244	+8.030	+8.011	+8.013	+8.013	+7.973	+8.019	+8.021	+8.239	+8.239	+8.278	+8.390	+8.221	+8.172	+8.290	+8.121	+8.410	+8.422	+8.347	+8.359	+8.360	+8.350	+8.301	+8.301	+8.353	+8.335	+8.443	+8.310	+7.010	+8.340	+8.352	+8.308	+8.458	+8.304	+8.355	+8.361	+8.373	+8.270	+7.015	+8.163	+8.400	+8.462	+8.467	+7.563	+8.416	+8.575	+8.466	+8.581	+8.466	+8.465	+8.484	
rs4984961      +7.279	+7.206	+8.372	+8.036	+7.695	+7.622	+7.620	+7.692	+7.743	+7.696	+7.660	+7.696	+7.511	+8.299	+8.192	+7.506	+7.694	+7.339	+7.682	+7.373	+7.417	+7.383	+7.406	+7.482	+7.511	+7.538	+8.071	+7.783	+7.533	+7.421	+7.501	+7.503	+8.116	+8.000	+7.999	+8.243	+8.029	+8.010	+8.012	+8.012	+7.972	+8.018	+8.020	+8.238	+8.238	+8.277	+8.389	+8.220	+8.171	+8.289	+8.120	+8.409	+8.421	+8.346	+8.358	+8.359	+8.349	+8.300	+8.300	+8.352	+8.334	+8.442	+8.309	+7.009	+8.339	+8.351	+8.307	+8.457	+8.303	+8.354	+8.360	+8.372	+8.269	+7.014	+8.162	+8.399	+8.461	+8.466	+7.562	+8.415	+8.574	+8.466	+8.580	+8.465	+8.465	+8.483	
rs4984962      +7.279	+7.206	+8.372	+8.036	+7.695	+7.623	+7.620	+7.692	+7.743	+7.696	+7.696	+7.660	+7.511	+8.299	+8.192	+7.506	+7.694	+7.340	+7.682	+7.373	+7.417	+7.384	+7.406	+7.482	+7.512	+7.538	+8.071	+7.783	+7.534	+7.421	+7.501	+7.503	+8.116	+8.000	+8.000	+8.243	+8.029	+8.010	+8.012	+8.012	+7.973	+8.018	+8.020	+8.238	+8.238	+8.277	+8.389	+8.220	+8.171	+8.289	+8.120	+8.409	+8.421	+8.346	+8.358	+8.359	+8.349	+8.300	+8.300	+8.352	+8.334	+8.442	+8.309	+7.010	+8.339	+8.351	+8.307	+8.457	+8.303	+8.354	+8.361	+8.372	+8.270	+7.014	+8.162	+8.399	+8.461	+8.466	+7.562	+8.415	+8.574	+8.466	+8.581	+8.465	+8.465	+8.483	
rs4984975      +7.054	+6.943	+8.228	+7.777	+7.513	+7.393	+7.420	+7.507	+7.570	+7.512	+7.511	+7.511	+7.293	+8.045	+7.925	+7.287	+7.365	+7.022	+7.359	+7.108	+7.145	+7.115	+7.135	+7.204	+7.240	+7.261	+7.755	+7.624	+7.264	+7.024	+7.186	+7.188	+7.811	+7.578	+7.577	+7.794	+7.607	+7.588	+7.590	+7.590	+7.549	+7.595	+7.597	+7.955	+7.955	+7.997	+8.115	+7.935	+7.879	+8.011	+7.822	+8.140	+8.152	+8.071	+8.084	+8.085	+8.074	+8.018	+8.020	+8.077	+8.057	+8.176	+8.029	+6.738	+8.060	+8.076	+8.027	+8.192	+8.022	+8.078	+8.086	+8.098	+7.989	+6.618	+7.859	+8.128	+8.195	+8.201	+7.320	+8.145	+8.318	+8.200	+8.327	+8.199	+8.199	+8.219	
rs742036       +8.410	+8.260	+8.359	+8.086	+8.301	+8.211	+8.241	+8.297	+8.341	+8.300	+8.299	+8.299	+8.045	+8.279	+8.223	+8.046	+8.186	+7.858	+8.269	+7.936	+7.980	+7.949	+7.970	+8.042	+8.065	+8.089	+8.058	+8.362	+8.081	+8.009	+8.176	+8.175	+8.014	+7.890	+7.890	+8.022	+7.905	+7.895	+7.896	+7.896	+7.877	+7.899	+7.900	+8.173	+8.173	+8.201	+8.281	+8.161	+8.127	+8.210	+8.095	+8.302	+8.309	+8.250	+8.259	+8.260	+8.252	+8.212	+8.214	+8.254	+8.240	+8.328	+8.220	+7.668	+8.240	+8.253	+8.218	+8.340	+8.214	+8.253	+8.260	+8.269	+8.206	+7.957	+8.120	+8.290	+8.342	+8.346	+7.769	+8.303	+8.442	+8.345	+8.451	+8.345	+8.345	+8.361	
rs12600110     +8.212	+8.066	+8.280	+7.960	+8.194	+8.098	+8.130	+8.190	+8.236	+8.193	+8.192	+8.192	+7.925	+8.223	+8.099	+7.913	+7.957	+7.708	+8.034	+7.795	+7.840	+7.806	+7.830	+7.908	+7.933	+7.956	+7.928	+8.245	+7.950	+7.869	+8.042	+8.041	+7.886	+7.748	+7.748	+7.889	+7.764	+7.754	+7.755	+7.755	+7.733	+7.758	+7.759	+8.070	+8.070	+8.103	+8.192	+8.055	+8.014	+8.113	+7.975	+8.220	+8.228	+8.159	+8.170	+8.171	+8.162	+8.114	+8.118	+8.165	+8.148	+8.250	+8.124	+7.490	+8.147	+8.163	+8.122	+8.264	+8.118	+8.163	+8.171	+8.181	+8.107	+7.765	+8.005	+8.206	+8.265	+8.270	+7.607	+8.221	+8.379	+8.269	+8.389	+8.269	+8.268	+8.287	
rs4984979      +7.025	+6.915	+8.233	+7.786	+7.509	+7.389	+7.415	+7.502	+7.565	+7.507	+7.506	+7.506	+7.287	+8.046	+7.913	+7.269	+7.349	+7.016	+7.343	+7.102	+7.137	+7.110	+7.127	+7.190	+7.227	+7.245	+7.736	+7.616	+7.250	+7.002	+7.164	+7.166	+7.808	+7.569	+7.568	+7.786	+7.598	+7.579	+7.581	+7.581	+7.540	+7.586	+7.588	+7.939	+7.939	+7.981	+8.099	+7.918	+7.862	+7.995	+7.804	+8.125	+8.137	+8.055	+8.068	+8.070	+8.059	+8.002	+8.007	+8.062	+8.041	+8.161	+8.013	+6.725	+8.044	+8.060	+8.011	+8.177	+8.006	+8.063	+8.070	+8.083	+7.973	+6.595	+7.842	+8.112	+8.181	+8.186	+7.295	+8.130	+8.304	+8.185	+8.313	+8.185	+8.184	+8.205	
rs9889137      +7.104	+6.966	+8.010	+7.525	+7.696	+7.571	+7.608	+7.691	+7.751	+7.695	+7.694	+7.694	+7.365	+8.186	+7.957	+7.349	+7.059	+6.919	+7.067	+7.121	+7.198	+7.143	+7.181	+7.297	+7.337	+7.368	+7.453	+7.747	+7.362	+7.110	+7.317	+7.316	+7.195	+7.009	+7.008	+7.190	+7.034	+7.018	+7.019	+7.019	+6.983	+7.023	+7.025	+7.789	+7.799	+7.864	+7.989	+7.756	+7.661	+7.882	+7.575	+8.072	+8.085	+7.959	+7.979	+7.981	+7.963	+7.862	+7.875	+7.966	+7.933	+8.123	+7.890	+6.447	+7.921	+7.963	+7.886	+8.145	+7.876	+7.960	+7.975	+7.995	+7.832	+6.567	+7.612	+8.040	+8.146	+8.152	+6.758	+8.066	+8.339	+8.152	+8.363	+8.151	+8.150	+8.182	
rs4984982      +6.085	+6.002	+7.963	+7.511	+7.340	+7.141	+7.176	+7.331	+7.428	+7.339	+7.339	+7.340	+7.022	+7.858	+7.708	+7.016	+6.919	+6.349	+6.917	+6.613	+6.729	+6.642	+6.701	+6.858	+6.933	+6.957	+7.429	+7.857	+6.975	+6.462	+6.582	+6.584	+7.264	+7.119	+7.118	+7.352	+7.153	+7.131	+7.133	+7.133	+7.082	+7.139	+7.141	+7.691	+7.690	+7.743	+7.874	+7.665	+7.595	+7.759	+7.523	+7.912	+7.924	+7.828	+7.844	+7.845	+7.832	+7.762	+7.766	+7.836	+7.811	+7.953	+7.777	+5.755	+7.811	+7.834	+7.774	+7.971	+7.768	+7.834	+7.845	+7.860	+7.737	+5.749	+7.567	+7.894	+7.974	+7.980	+6.721	+7.915	+8.117	+7.979	+8.129	+7.978	+7.978	+8.002	
rs9888914      +7.179	+7.036	+8.013	+7.528	+7.685	+7.560	+7.597	+7.679	+7.739	+7.683	+7.682	+7.682	+7.359	+8.269	+8.034	+7.343	+7.067	+6.917	+7.076	+7.114	+7.190	+7.136	+7.174	+7.289	+7.328	+7.357	+7.457	+7.736	+7.353	+7.157	+7.368	+7.366	+7.242	+7.053	+7.052	+7.236	+7.078	+7.061	+7.063	+7.063	+7.026	+7.067	+7.069	+7.822	+7.821	+7.889	+8.011	+7.774	+7.673	+7.908	+7.583	+8.105	+8.119	+7.986	+8.007	+8.009	+7.990	+7.881	+7.898	+7.993	+7.958	+8.158	+7.913	+6.474	+7.942	+7.989	+7.909	+8.181	+7.898	+7.984	+8.002	+8.022	+7.847	+6.627	+7.617	+8.069	+8.182	+8.188	+6.773	+8.097	+8.385	+8.188	+8.412	+8.186	+8.186	+8.219	
rs4984718      +6.585	+6.474	+8.110	+7.633	+7.375	+7.230	+7.261	+7.368	+7.442	+7.373	+7.373	+7.373	+7.108	+7.936	+7.795	+7.102	+7.121	+6.613	+7.114	+6.801	+6.928	+6.847	+6.900	+7.022	+7.121	+7.115	+7.511	+7.656	+7.164	+6.699	+6.895	+6.896	+7.579	+7.325	+7.324	+7.550	+7.357	+7.336	+7.338	+7.338	+7.293	+7.344	+7.346	+7.779	+7.779	+7.827	+7.952	+7.755	+7.691	+7.842	+7.625	+7.985	+7.997	+7.907	+7.921	+7.923	+7.911	+7.847	+7.849	+7.914	+7.891	+8.024	+7.860	+6.264	+7.892	+7.912	+7.857	+8.041	+7.852	+7.913	+7.923	+7.937	+7.819	+6.149	+7.665	+7.969	+8.044	+8.050	+6.964	+7.989	+8.180	+8.049	+8.190	+8.049	+8.048	+8.071	
rs7188246      +6.742	+6.630	+8.163	+7.696	+7.419	+7.285	+7.314	+7.412	+7.481	+7.417	+7.417	+7.417	+7.145	+7.980	+7.840	+7.137	+7.198	+6.729	+7.190	+6.928	+6.955	+6.941	+6.970	+7.058	+7.131	+7.137	+7.568	+7.628	+7.167	+6.803	+6.992	+6.993	+7.674	+7.418	+7.417	+7.641	+7.449	+7.429	+7.430	+7.431	+7.387	+7.436	+7.438	+7.826	+7.826	+7.872	+7.995	+7.803	+7.742	+7.887	+7.679	+8.026	+8.037	+7.950	+7.964	+7.966	+7.954	+7.893	+7.897	+7.957	+7.935	+8.064	+7.905	+6.424	+7.937	+7.956	+7.903	+8.081	+7.897	+7.957	+7.966	+7.979	+7.864	+6.296	+7.718	+8.011	+8.084	+8.089	+7.068	+8.030	+8.215	+8.089	+8.225	+8.088	+8.087	+8.109	
rs929068       +6.622	+6.511	+8.126	+7.652	+7.386	+7.244	+7.275	+7.379	+7.451	+7.384	+7.383	+7.384	+7.115	+7.949	+7.806	+7.110	+7.143	+6.642	+7.136	+6.847	+6.941	+6.840	+6.917	+7.031	+7.126	+7.121	+7.525	+7.651	+7.167	+6.724	+6.917	+6.919	+7.606	+7.348	+7.347	+7.571	+7.379	+7.358	+7.360	+7.360	+7.316	+7.366	+7.368	+7.790	+7.790	+7.838	+7.962	+7.766	+7.703	+7.852	+7.638	+7.994	+8.006	+7.917	+7.931	+7.933	+7.921	+7.857	+7.862	+7.924	+7.902	+8.034	+7.870	+6.305	+7.903	+7.922	+7.868	+8.051	+7.862	+7.923	+7.933	+7.947	+7.830	+6.187	+7.678	+7.979	+8.053	+8.059	+6.989	+7.999	+8.188	+8.058	+8.198	+8.058	+8.057	+8.080	
rs8056644      +6.704	+6.593	+8.152	+7.683	+7.409	+7.272	+7.302	+7.402	+7.472	+7.407	+7.406	+7.406	+7.135	+7.970	+7.830	+7.127	+7.181	+6.701	+7.174	+6.900	+6.970	+6.917	+6.920	+7.049	+7.129	+7.132	+7.555	+7.635	+7.167	+6.778	+6.968	+6.970	+7.652	+7.396	+7.395	+7.619	+7.427	+7.407	+7.408	+7.409	+7.365	+7.414	+7.416	+7.814	+7.814	+7.861	+7.984	+7.791	+7.729	+7.875	+7.665	+8.015	+8.027	+7.939	+7.953	+7.955	+7.943	+7.881	+7.886	+7.946	+7.924	+8.054	+7.894	+6.388	+7.925	+7.945	+7.891	+8.071	+7.886	+7.946	+7.955	+7.969	+7.853	+6.262	+7.705	+8.000	+8.074	+8.079	+7.043	+8.020	+8.206	+8.079	+8.216	+8.078	+8.077	+8.099	
rs4984984      +6.919	+6.806	+8.237	+7.779	+7.485	+7.362	+7.390	+7.478	+7.542	+7.483	+7.482	+7.482	+7.204	+8.042	+7.908	+7.190	+7.297	+6.858	+7.289	+7.022	+7.058	+7.031	+7.049	+7.121	+7.183	+7.188	+7.634	+7.624	+7.211	+6.922	+7.103	+7.104	+7.776	+7.523	+7.522	+7.746	+7.553	+7.533	+7.535	+7.535	+7.493	+7.540	+7.542	+7.880	+7.880	+7.924	+8.045	+7.858	+7.799	+7.938	+7.739	+8.072	+8.084	+7.999	+8.013	+8.014	+8.003	+7.945	+7.949	+8.006	+7.985	+8.110	+7.956	+6.592	+7.987	+8.005	+7.954	+8.126	+7.949	+8.006	+8.015	+8.028	+7.915	+6.453	+7.777	+8.059	+8.129	+8.135	+7.165	+8.077	+8.256	+8.134	+8.266	+8.133	+8.133	+8.154	
rs12929009     +7.004	+6.890	+8.263	+7.810	+7.514	+7.396	+7.423	+7.508	+7.570	+7.512	+7.511	+7.512	+7.240	+8.065	+7.933	+7.227	+7.337	+6.933	+7.328	+7.121	+7.131	+7.126	+7.129	+7.183	+7.204	+7.232	+7.663	+7.641	+7.260	+6.973	+7.147	+7.149	+7.812	+7.561	+7.560	+7.783	+7.590	+7.571	+7.573	+7.573	+7.532	+7.578	+7.580	+7.901	+7.901	+7.945	+8.064	+7.880	+7.823	+7.959	+7.763	+8.091	+8.102	+8.019	+8.032	+8.034	+8.023	+7.965	+7.969	+8.026	+8.005	+8.128	+7.976	+6.698	+8.007	+8.024	+7.974	+8.144	+7.969	+8.026	+8.034	+8.047	+7.936	+6.532	+7.801	+8.077	+8.147	+8.152	+7.234	+8.096	+8.272	+8.152	+8.282	+8.151	+8.150	+8.171	
rs12719813     +7.057	+6.940	+8.291	+7.839	+7.541	+7.425	+7.452	+7.535	+7.595	+7.539	+7.538	+7.538	+7.261	+8.089	+7.956	+7.245	+7.368	+6.957	+7.357	+7.115	+7.137	+7.121	+7.132	+7.188	+7.232	+7.241	+7.668	+7.626	+7.254	+7.017	+7.195	+7.196	+7.862	+7.608	+7.607	+7.835	+7.638	+7.618	+7.620	+7.620	+7.579	+7.625	+7.627	+7.925	+7.925	+7.968	+8.087	+7.904	+7.847	+7.982	+7.788	+8.112	+8.124	+8.042	+8.055	+8.056	+8.045	+7.989	+7.993	+8.048	+8.028	+8.149	+8.000	+6.752	+8.030	+8.047	+7.997	+8.165	+7.993	+8.048	+8.057	+8.070	+7.959	+6.566	+7.826	+8.099	+8.168	+8.174	+7.281	+8.117	+8.292	+8.173	+8.301	+8.172	+8.172	+8.192	
rs12927578     +7.843	+7.691	+8.185	+7.777	+8.073	+7.963	+7.999	+8.068	+8.122	+8.072	+8.071	+8.071	+7.755	+8.058	+7.928	+7.736	+7.453	+7.429	+7.457	+7.511	+7.568	+7.525	+7.555	+7.634	+7.663	+7.668	+7.691	+8.015	+7.681	+7.652	+7.855	+7.853	+7.681	+7.504	+7.503	+7.684	+7.525	+7.511	+7.512	+7.513	+7.483	+7.516	+7.517	+7.901	+7.901	+7.947	+8.057	+7.880	+7.823	+7.960	+7.766	+8.097	+8.107	+8.019	+8.033	+8.035	+8.023	+7.959	+7.964	+8.026	+8.004	+8.134	+7.973	+7.077	+8.002	+8.024	+7.971	+8.151	+7.965	+8.023	+8.033	+8.047	+7.947	+7.310	+7.809	+8.078	+8.152	+8.158	+7.244	+8.097	+8.291	+8.157	+8.305	+8.156	+8.156	+8.179	
rs12719815     +7.592	+7.505	+8.486	+8.165	+7.786	+7.702	+7.721	+7.781	+7.827	+7.784	+7.783	+7.783	+7.624	+8.362	+8.245	+7.616	+7.747	+7.857	+7.736	+7.656	+7.628	+7.651	+7.635	+7.624	+7.641	+7.626	+8.015	+7.831	+7.642	+7.492	+7.560	+7.560	+8.157	+8.042	+8.041	+8.269	+8.069	+8.052	+8.053	+8.053	+8.017	+8.058	+8.060	+8.212	+8.212	+8.249	+8.357	+8.195	+8.148	+8.260	+8.098	+8.374	+8.386	+8.314	+8.325	+8.326	+8.317	+8.270	+8.273	+8.320	+8.302	+8.407	+8.278	+7.273	+8.306	+8.319	+8.276	+8.422	+8.272	+8.321	+8.328	+8.339	+8.239	+7.136	+8.133	+8.365	+8.425	+8.430	+7.737	+8.381	+8.535	+8.429	+8.542	+8.429	+8.428	+8.447	
rs4984720      +7.061	+6.946	+8.282	+7.830	+7.536	+7.420	+7.447	+7.530	+7.591	+7.534	+7.533	+7.534	+7.264	+8.081	+7.950	+7.250	+7.362	+6.975	+7.353	+7.164	+7.167	+7.167	+7.167	+7.211	+7.260	+7.254	+7.681	+7.642	+7.253	+7.009	+7.181	+7.182	+7.835	+7.585	+7.584	+7.805	+7.613	+7.594	+7.596	+7.596	+7.555	+7.601	+7.602	+7.912	+7.912	+7.955	+8.073	+7.891	+7.834	+7.968	+7.775	+8.099	+8.111	+8.028	+8.041	+8.043	+8.032	+7.975	+7.979	+8.035	+8.014	+8.136	+7.986	+6.753	+8.016	+8.033	+7.984	+8.152	+7.979	+8.035	+8.043	+8.056	+7.946	+6.578	+7.812	+8.086	+8.155	+8.161	+7.258	+8.104	+8.280	+8.160	+8.289	+8.159	+8.159	+8.179	
rs960072       +5.380	+5.287	+8.167	+7.704	+7.425	+7.278	+7.305	+7.416	+7.489	+7.422	+7.421	+7.421	+7.024	+8.009	+7.869	+7.002	+7.110	+6.462	+7.157	+6.699	+6.803	+6.724	+6.778	+6.922	+6.973	+7.017	+7.652	+7.492	+7.009	+5.735	+5.928	+5.929	+6.446	+6.190	+6.189	+6.382	+6.227	+6.202	+6.204	+6.204	+6.140	+6.209	+6.211	+7.854	+7.854	+7.904	+8.035	+7.829	+7.762	+7.919	+7.695	+8.065	+8.082	+7.987	+8.002	+8.004	+7.991	+7.916	+7.933	+7.995	+7.971	+8.107	+7.939	+5.640	+7.973	+7.993	+7.937	+8.125	+7.932	+7.995	+8.005	+8.019	+7.896	+5.867	+7.739	+8.053	+8.129	+8.136	+7.027	+8.073	+8.263	+8.135	+8.275	+8.134	+8.133	+8.157	
rs6600235      +5.677	+5.606	+8.244	+7.898	+7.505	+7.364	+7.390	+7.497	+7.567	+7.502	+7.501	+7.501	+7.186	+8.176	+8.042	+7.164	+7.317	+6.582	+7.368	+6.895	+6.992	+6.917	+6.968	+7.103	+7.147	+7.195	+7.855	+7.560	+7.181	+5.928	+6.068	+6.102	+6.537	+6.375	+6.374	+6.574	+6.409	+6.386	+6.388	+6.388	+6.332	+6.393	+6.395	+8.028	+8.028	+8.076	+8.204	+8.004	+7.942	+8.090	+7.878	+8.230	+8.248	+8.156	+8.170	+8.172	+8.160	+8.087	+8.105	+8.163	+8.141	+8.270	+8.110	+6.073	+8.144	+8.162	+8.108	+8.289	+8.104	+8.164	+8.174	+8.188	+8.067	+6.295	+7.922	+8.220	+8.294	+8.300	+7.330	+8.239	+8.422	+8.299	+8.434	+8.298	+8.298	+8.320	
rs6600236      +5.679	+5.608	+8.243	+7.897	+7.507	+7.366	+7.392	+7.499	+7.569	+7.504	+7.503	+7.503	+7.188	+8.175	+8.041	+7.166	+7.316	+6.584	+7.366	+6.896	+6.993	+6.919	+6.970	+7.104	+7.149	+7.196	+7.853	+7.560	+7.182	+5.929	+6.102	+6.070	+6.536	+6.374	+6.373	+6.573	+6.408	+6.385	+6.387	+6.387	+6.330	+6.392	+6.393	+8.026	+8.026	+8.073	+8.202	+8.002	+7.940	+8.088	+7.876	+8.228	+8.246	+8.154	+8.168	+8.170	+8.158	+8.085	+8.103	+8.161	+8.139	+8.268	+8.108	+6.075	+8.142	+8.160	+8.106	+8.287	+8.102	+8.162	+8.172	+8.185	+8.065	+6.293	+7.920	+8.218	+8.292	+8.298	+7.326	+8.237	+8.420	+8.297	+8.432	+8.296	+8.296	+8.318	
rs11248955     +6.509	+6.408	+8.085	+7.727	+8.120	+7.979	+8.015	+8.113	+8.178	+8.117	+8.116	+8.116	+7.811	+8.014	+7.886	+7.808	+7.195	+7.264	+7.242	+7.579	+7.674	+7.606	+7.652	+7.776	+7.812	+7.862	+7.681	+8.157	+7.835	+6.446	+6.537	+6.536	+6.591	+6.451	+6.450	+6.547	+6.468	+6.456	+6.457	+6.456	+6.422	+6.458	+6.459	+7.858	+7.858	+7.908	+8.033	+7.838	+7.777	+7.922	+7.713	+8.065	+8.075	+7.986	+8.000	+8.002	+7.990	+7.919	+7.930	+7.994	+7.971	+8.100	+7.939	+6.788	+7.973	+7.992	+7.937	+8.118	+7.932	+7.991	+8.003	+8.016	+7.925	+6.165	+7.776	+8.048	+8.121	+8.127	+6.997	+8.067	+8.253	+8.126	+8.261	+8.125	+8.125	+8.147	
rs1544799      +6.224	+6.093	+8.020	+7.564	+8.004	+7.859	+7.896	+7.997	+8.063	+8.001	+8.000	+8.000	+7.578	+7.890	+7.748	+7.569	+7.009	+7.119	+7.053	+7.325	+7.418	+7.348	+7.396	+7.523	+7.561	+7.608	+7.504	+8.042	+7.585	+6.190	+6.375	+6.374	+6.451	+6.274	+6.304	+6.362	+6.336	+6.314	+6.315	+6.314	+6.250	+6.317	+6.316	+7.711	+7.711	+7.765	+7.894	+7.688	+7.620	+7.780	+7.549	+7.932	+7.942	+7.848	+7.863	+7.864	+7.852	+7.776	+7.789	+7.855	+7.831	+7.970	+7.796	+6.338	+7.831	+7.853	+7.794	+7.988	+7.788	+7.852	+7.864	+7.879	+7.775	+5.815	+7.608	+7.913	+7.991	+7.997	+6.715	+7.933	+8.132	+7.996	+8.143	+7.995	+7.995	+8.019	
rs7184419      +6.222	+6.091	+8.020	+7.564	+8.003	+7.858	+7.895	+7.996	+8.062	+8.001	+7.999	+8.000	+7.577	+7.890	+7.748	+7.568	+7.008	+7.118	+7.052	+7.324	+7.417	+7.347	+7.395	+7.522	+7.560	+7.607	+7.503	+8.041	+7.584	+6.189	+6.374	+6.373	+6.450	+6.304	+6.272	+6.361	+6.335	+6.313	+6.314	+6.313	+6.249	+6.316	+6.316	+7.710	+7.710	+7.764	+7.894	+7.688	+7.619	+7.780	+7.549	+7.931	+7.942	+7.847	+7.862	+7.864	+7.851	+7.776	+7.788	+7.854	+7.830	+7.970	+7.796	+6.336	+7.830	+7.852	+7.793	+7.988	+7.787	+7.852	+7.864	+7.878	+7.774	+5.813	+7.608	+7.912	+7.991	+7.997	+6.714	+7.933	+8.132	+7.996	+8.142	+7.995	+7.994	+8.018	
rs7202647      +6.444	+6.307	+8.174	+7.734	+8.247	+8.103	+8.134	+8.239	+8.306	+8.244	+8.243	+8.243	+7.794	+8.022	+7.889	+7.786	+7.190	+7.352	+7.236	+7.550	+7.641	+7.571	+7.619	+7.746	+7.783	+7.835	+7.684	+8.269	+7.805	+6.382	+6.574	+6.573	+6.547	+6.362	+6.361	+6.452	+6.388	+6.370	+6.371	+6.371	+6.327	+6.374	+6.375	+7.849	+7.849	+7.900	+8.026	+7.829	+7.766	+7.915	+7.702	+8.058	+8.069	+7.979	+7.993	+7.995	+7.983	+7.911	+7.926	+7.986	+7.964	+8.094	+7.931	+6.438	+7.965	+7.984	+7.929	+8.112	+7.923	+7.984	+7.995	+8.009	+7.916	+6.121	+7.766	+8.041	+8.115	+8.120	+7.010	+8.060	+8.247	+8.120	+8.256	+8.119	+8.118	+8.141	
rs1544800      +6.284	+6.153	+8.037	+7.585	+8.032	+7.889	+7.926	+8.025	+8.092	+8.030	+8.029	+8.029	+7.607	+7.905	+7.764	+7.598	+7.034	+7.153	+7.078	+7.357	+7.449	+7.379	+7.427	+7.553	+7.590	+7.638	+7.525	+8.069	+7.613	+6.227	+6.409	+6.408	+6.468	+6.336	+6.335	+6.388	+6.331	+6.343	+6.344	+6.343	+6.288	+6.345	+6.345	+7.726	+7.726	+7.779	+7.908	+7.704	+7.636	+7.795	+7.567	+7.945	+7.955	+7.861	+7.876	+7.878	+7.865	+7.791	+7.803	+7.869	+7.845	+7.983	+7.811	+6.389	+7.845	+7.867	+7.808	+8.001	+7.802	+7.866	+7.878	+7.892	+7.790	+5.866	+7.626	+7.926	+8.004	+8.010	+6.751	+7.947	+8.144	+8.009	+8.154	+8.008	+8.007	+8.031	
rs9674061      +6.243	+6.112	+8.026	+7.571	+8.014	+7.869	+7.907	+8.007	+8.073	+8.011	+8.010	+8.010	+7.588	+7.895	+7.754	+7.579	+7.018	+7.131	+7.061	+7.336	+7.429	+7.358	+7.407	+7.533	+7.571	+7.618	+7.511	+8.052	+7.594	+6.202	+6.386	+6.385	+6.456	+6.314	+6.313	+6.370	+6.343	+6.292	+6.324	+6.324	+6.262	+6.326	+6.326	+7.715	+7.715	+7.769	+7.898	+7.693	+7.625	+7.784	+7.554	+7.935	+7.946	+7.851	+7.867	+7.868	+7.855	+7.780	+7.793	+7.859	+7.835	+7.974	+7.800	+6.354	+7.835	+7.857	+7.798	+7.992	+7.792	+7.856	+7.868	+7.883	+7.779	+5.831	+7.613	+7.917	+7.995	+8.001	+6.726	+7.937	+8.135	+8.000	+8.146	+7.999	+7.998	+8.022	
rs12598230     +6.245	+6.114	+8.027	+7.572	+8.015	+7.871	+7.908	+8.008	+8.075	+8.013	+8.012	+8.012	+7.590	+7.896	+7.755	+7.581	+7.019	+7.133	+7.063	+7.338	+7.430	+7.360	+7.408	+7.535	+7.573	+7.620	+7.512	+8.053	+7.596	+6.204	+6.388	+6.387	+6.457	+6.315	+6.314	+6.371	+6.344	+6.324	+6.295	+6.325	+6.264	+6.328	+6.328	+7.715	+7.715	+7.769	+7.899	+7.693	+7.625	+7.785	+7.555	+7.936	+7.946	+7.852	+7.867	+7.868	+7.856	+7.781	+7.793	+7.859	+7.835	+7.974	+7.801	+6.356	+7.835	+7.857	+7.798	+7.992	+7.792	+7.857	+7.868	+7.883	+7.779	+5.833	+7.614	+7.917	+7.995	+8.001	+6.727	+7.937	+8.136	+8.000	+8.146	+7.999	+7.999	+8.023	
rs58619814     +6.245	+6.114	+8.027	+7.572	+8.016	+7.871	+7.909	+8.009	+8.075	+8.013	+8.012	+8.012	+7.590	+7.896	+7.755	+7.581	+7.019	+7.133	+7.063	+7.338	+7.431	+7.360	+7.409	+7.535	+7.573	+7.620	+7.513	+8.053	+7.596	+6.204	+6.388	+6.387	+6.456	+6.314	+6.313	+6.371	+6.343	+6.324	+6.325	+6.294	+6.264	+6.328	+6.328	+7.715	+7.715	+7.769	+7.898	+7.693	+7.624	+7.784	+7.554	+7.935	+7.946	+7.851	+7.866	+7.868	+7.855	+7.780	+7.793	+7.859	+7.835	+7.974	+7.800	+6.356	+7.835	+7.857	+7.797	+7.992	+7.792	+7.856	+7.868	+7.882	+7.779	+5.833	+7.613	+7.916	+7.994	+8.000	+6.726	+7.937	+8.135	+8.000	+8.146	+7.999	+7.998	+8.022	
rs4984987      +6.137	+6.006	+8.005	+7.545	+7.976	+7.830	+7.867	+7.969	+8.036	+7.973	+7.972	+7.973	+7.549	+7.877	+7.733	+7.540	+6.983	+7.082	+7.026	+7.293	+7.387	+7.316	+7.365	+7.493	+7.532	+7.579	+7.483	+8.017	+7.555	+6.140	+6.332	+6.330	+6.422	+6.250	+6.249	+6.327	+6.288	+6.262	+6.264	+6.264	+6.185	+6.269	+6.269	+7.694	+7.694	+7.748	+7.879	+7.671	+7.601	+7.764	+7.530	+7.917	+7.927	+7.832	+7.847	+7.849	+7.836	+7.760	+7.772	+7.839	+7.815	+7.956	+7.780	+6.265	+7.814	+7.837	+7.777	+7.974	+7.771	+7.836	+7.848	+7.863	+7.757	+5.740	+7.588	+7.898	+7.977	+7.983	+6.665	+7.918	+8.119	+7.982	+8.130	+7.981	+7.981	+8.005	
rs4984988      +6.252	+6.121	+8.030	+7.576	+8.021	+7.877	+7.914	+8.014	+8.081	+8.019	+8.018	+8.018	+7.595	+7.899	+7.758	+7.586	+7.023	+7.139	+7.067	+7.344	+7.436	+7.366	+7.414	+7.540	+7.578	+7.625	+7.516	+8.058	+7.601	+6.209	+6.393	+6.392	+6.458	+6.317	+6.316	+6.374	+6.345	+6.326	+6.328	+6.328	+6.269	+6.301	+6.333	+7.717	+7.716	+7.770	+7.899	+7.694	+7.626	+7.785	+7.556	+7.936	+7.947	+7.852	+7.868	+7.869	+7.856	+7.781	+7.794	+7.860	+7.836	+7.975	+7.801	+6.362	+7.836	+7.858	+7.799	+7.993	+7.793	+7.857	+7.869	+7.883	+7.780	+5.839	+7.615	+7.918	+7.995	+8.001	+6.729	+7.938	+8.136	+8.001	+8.146	+8.000	+7.999	+8.023	
rs9328929      +6.254	+6.123	+8.031	+7.577	+8.023	+7.879	+7.916	+8.016	+8.082	+8.021	+8.020	+8.020	+7.597	+7.900	+7.759	+7.588	+7.025	+7.141	+7.069	+7.346	+7.438	+7.368	+7.416	+7.542	+7.580	+7.627	+7.517	+8.060	+7.602	+6.211	+6.395	+6.393	+6.459	+6.316	+6.316	+6.375	+6.345	+6.326	+6.328	+6.328	+6.269	+6.333	+6.303	+7.717	+7.717	+7.770	+7.900	+7.694	+7.626	+7.786	+7.556	+7.936	+7.947	+7.853	+7.868	+7.869	+7.857	+7.782	+7.794	+7.860	+7.836	+7.975	+7.802	+6.364	+7.836	+7.858	+7.799	+7.993	+7.793	+7.857	+7.869	+7.884	+7.780	+5.840	+7.615	+7.918	+7.996	+8.002	+6.730	+7.938	+8.136	+8.001	+8.147	+8.000	+7.999	+8.023	
rs9328930      +8.253	+8.097	+8.308	+7.961	+8.240	+8.141	+8.174	+8.236	+8.284	+8.239	+8.238	+8.238	+7.955	+8.173	+8.070	+7.939	+7.789	+7.691	+7.822	+7.779	+7.826	+7.790	+7.814	+7.880	+7.901	+7.925	+7.901	+8.212	+7.912	+7.854	+8.028	+8.026	+7.858	+7.711	+7.710	+7.849	+7.726	+7.715	+7.715	+7.715	+7.694	+7.717	+7.717	+8.060	+8.092	+8.123	+8.191	+8.062	+8.017	+8.135	+7.988	+8.267	+8.278	+8.185	+8.200	+8.201	+8.188	+8.118	+8.124	+8.190	+8.167	+8.311	+8.140	+7.486	+8.154	+8.188	+8.137	+8.326	+8.130	+8.182	+8.194	+8.208	+8.097	+7.846	+7.979	+8.240	+8.324	+8.328	+7.561	+8.259	+8.496	+8.328	+8.524	+8.327	+8.326	+8.352	
rs9328931      +8.252	+8.097	+8.308	+7.961	+8.240	+8.141	+8.174	+8.236	+8.284	+8.239	+8.238	+8.238	+7.955	+8.173	+8.070	+7.939	+7.799	+7.690	+7.821	+7.779	+7.826	+7.790	+7.814	+7.880	+7.901	+7.925	+7.901	+8.212	+7.912	+7.854	+8.028	+8.026	+7.858	+7.711	+7.710	+7.849	+7.726	+7.715	+7.715	+7.715	+7.694	+7.716	+7.717	+8.092	+8.059	+8.123	+8.191	+8.062	+8.017	+8.134	+7.988	+8.267	+8.278	+8.185	+8.200	+8.201	+8.188	+8.118	+8.124	+8.190	+8.167	+8.311	+8.140	+7.486	+8.154	+8.188	+8.137	+8.326	+8.130	+8.182	+8.194	+8.208	+8.097	+7.846	+7.979	+8.240	+8.324	+8.328	+7.561	+8.259	+8.496	+8.328	+8.525	+8.327	+8.326	+8.352	
rs5015441      +8.311	+8.157	+8.338	+8.002	+8.279	+8.181	+8.215	+8.275	+8.322	+8.278	+8.277	+8.277	+7.997	+8.201	+8.103	+7.981	+7.864	+7.743	+7.889	+7.827	+7.872	+7.838	+7.861	+7.924	+7.945	+7.968	+7.947	+8.249	+7.955	+7.904	+8.076	+8.073	+7.908	+7.765	+7.764	+7.900	+7.779	+7.769	+7.769	+7.769	+7.748	+7.770	+7.770	+8.123	+8.123	+8.125	+8.215	+8.108	+8.069	+8.168	+8.052	+8.284	+8.294	+8.211	+8.223	+8.224	+8.213	+8.150	+8.156	+8.215	+8.195	+8.324	+8.167	+7.555	+8.182	+8.213	+8.164	+8.337	+8.157	+8.202	+8.218	+8.230	+8.128	+7.927	+8.024	+8.259	+8.336	+8.339	+7.621	+8.277	+8.496	+8.339	+8.523	+8.338	+8.338	+8.362	
rs5015440      +8.488	+8.329	+8.428	+8.109	+8.391	+8.296	+8.329	+8.387	+8.433	+8.390	+8.389	+8.389	+8.115	+8.281	+8.192	+8.099	+7.989	+7.874	+8.011	+7.952	+7.995	+7.962	+7.984	+8.045	+8.064	+8.087	+8.057	+8.357	+8.073	+8.035	+8.204	+8.202	+8.033	+7.894	+7.894	+8.026	+7.908	+7.898	+7.899	+7.898	+7.879	+7.899	+7.900	+8.191	+8.191	+8.215	+8.278	+8.181	+8.155	+8.222	+8.138	+8.303	+8.310	+8.253	+8.262	+8.262	+8.255	+8.214	+8.218	+8.257	+8.243	+8.330	+8.224	+7.705	+8.238	+8.255	+8.223	+8.342	+8.219	+8.252	+8.260	+8.269	+8.201	+8.083	+8.122	+8.290	+8.343	+8.346	+7.760	+8.302	+8.453	+8.346	+8.465	+8.345	+8.345	+8.362	
rs5015439      +8.199	+8.046	+8.296	+7.944	+8.222	+8.122	+8.156	+8.218	+8.267	+8.221	+8.220	+8.220	+7.935	+8.161	+8.055	+7.918	+7.756	+7.665	+7.774	+7.755	+7.803	+7.766	+7.791	+7.858	+7.880	+7.904	+7.880	+8.195	+7.891	+7.829	+8.004	+8.002	+7.838	+7.688	+7.688	+7.829	+7.704	+7.693	+7.693	+7.693	+7.671	+7.694	+7.694	+8.062	+8.062	+8.108	+8.181	+8.025	+7.995	+8.121	+7.960	+8.264	+8.275	+8.177	+8.192	+8.193	+8.180	+8.104	+8.110	+8.182	+8.158	+8.311	+8.123	+7.450	+8.143	+8.179	+8.120	+8.326	+8.112	+8.167	+8.186	+8.201	+8.080	+7.801	+7.958	+8.235	+8.323	+8.327	+7.530	+8.255	+8.504	+8.327	+8.535	+8.326	+8.325	+8.353	
rs5015437      +8.114	+7.957	+8.262	+7.893	+8.173	+8.070	+8.105	+8.169	+8.219	+8.172	+8.171	+8.171	+7.879	+8.127	+8.014	+7.862	+7.661	+7.595	+7.673	+7.691	+7.742	+7.703	+7.729	+7.799	+7.823	+7.847	+7.823	+8.148	+7.834	+7.762	+7.942	+7.940	+7.777	+7.620	+7.619	+7.766	+7.636	+7.625	+7.625	+7.624	+7.601	+7.626	+7.626	+8.017	+8.017	+8.069	+8.155	+7.995	+7.932	+8.084	+7.891	+8.243	+8.256	+8.148	+8.165	+8.166	+8.151	+8.067	+8.074	+8.154	+8.127	+8.294	+8.088	+7.353	+8.111	+8.151	+8.085	+8.309	+8.076	+8.138	+8.159	+8.175	+8.041	+7.684	+7.903	+8.212	+8.307	+8.311	+7.446	+8.234	+8.498	+8.312	+8.528	+8.310	+8.309	+8.339	
rs9328932      +8.331	+8.176	+8.347	+8.014	+8.291	+8.194	+8.227	+8.287	+8.335	+8.290	+8.289	+8.289	+8.011	+8.210	+8.113	+7.995	+7.882	+7.759	+7.908	+7.842	+7.887	+7.852	+7.875	+7.938	+7.959	+7.982	+7.960	+8.260	+7.968	+7.919	+8.090	+8.088	+7.922	+7.780	+7.780	+7.915	+7.795	+7.784	+7.785	+7.784	+7.764	+7.785	+7.786	+8.135	+8.134	+8.168	+8.222	+8.121	+8.084	+8.144	+8.071	+8.290	+8.299	+8.219	+8.232	+8.233	+8.222	+8.161	+8.167	+8.224	+8.205	+8.330	+8.177	+7.575	+8.192	+8.222	+8.175	+8.343	+8.168	+8.211	+8.227	+8.238	+8.139	+7.952	+8.039	+8.266	+8.341	+8.345	+7.639	+8.283	+8.499	+8.345	+8.525	+8.344	+8.343	+8.367	
rs9328933      +8.000	+7.848	+8.224	+7.843	+8.122	+8.017	+8.052	+8.118	+8.169	+8.121	+8.120	+8.120	+7.822	+8.095	+7.975	+7.804	+7.575	+7.523	+7.583	+7.625	+7.679	+7.638	+7.665	+7.739	+7.763	+7.788	+7.766	+8.098	+7.775	+7.695	+7.878	+7.876	+7.713	+7.549	+7.549	+7.702	+7.567	+7.554	+7.555	+7.554	+7.530	+7.556	+7.556	+7.988	+7.988	+8.052	+8.138	+7.960	+7.891	+8.071	+7.835	+8.263	+8.278	+8.150	+8.171	+8.173	+8.155	+8.049	+8.058	+8.158	+8.125	+8.326	+8.077	+7.257	+8.101	+8.154	+8.073	+8.342	+8.061	+8.133	+8.161	+8.181	+8.015	+7.585	+7.855	+8.224	+8.337	+8.341	+7.361	+8.250	+8.559	+8.342	+8.600	+8.340	+8.339	+8.374	
rs9746775      +8.510	+8.355	+8.442	+8.137	+8.411	+8.318	+8.350	+8.407	+8.452	+8.410	+8.409	+8.409	+8.140	+8.302	+8.220	+8.125	+8.072	+7.912	+8.105	+7.985	+8.026	+7.994	+8.015	+8.072	+8.091	+8.112	+8.097	+8.374	+8.099	+8.065	+8.230	+8.228	+8.065	+7.932	+7.931	+8.058	+7.945	+7.935	+7.936	+7.935	+7.917	+7.936	+7.936	+8.267	+8.267	+8.284	+8.303	+8.264	+8.243	+8.290	+8.263	+8.329	+8.358	+8.314	+8.320	+8.321	+8.315	+8.280	+8.284	+8.316	+8.307	+8.378	+8.293	+7.770	+8.293	+8.315	+8.292	+8.387	+8.286	+8.305	+8.316	+8.323	+8.255	+8.170	+8.187	+8.339	+8.386	+8.389	+7.811	+8.349	+8.499	+8.389	+8.514	+8.389	+8.388	+8.405	
rs9746456      +8.526	+8.370	+8.450	+8.146	+8.423	+8.330	+8.362	+8.419	+8.464	+8.422	+8.421	+8.421	+8.152	+8.309	+8.228	+8.137	+8.085	+7.924	+8.119	+7.997	+8.037	+8.006	+8.027	+8.084	+8.102	+8.124	+8.107	+8.386	+8.111	+8.082	+8.248	+8.246	+8.075	+7.942	+7.942	+8.069	+7.955	+7.946	+7.946	+7.946	+7.927	+7.947	+7.947	+8.278	+8.278	+8.294	+8.310	+8.275	+8.256	+8.299	+8.278	+8.358	+8.341	+8.324	+8.329	+8.330	+8.324	+8.290	+8.295	+8.326	+8.317	+8.383	+8.304	+7.784	+8.302	+8.324	+8.303	+8.392	+8.297	+8.313	+8.325	+8.331	+8.264	+8.207	+8.198	+8.346	+8.392	+8.395	+7.823	+8.356	+8.501	+8.395	+8.516	+8.394	+8.393	+8.410	
rs9746779      +8.414	+8.259	+8.390	+8.069	+8.348	+8.252	+8.285	+8.344	+8.390	+8.347	+8.346	+8.346	+8.071	+8.250	+8.159	+8.055	+7.959	+7.828	+7.986	+7.907	+7.950	+7.917	+7.939	+7.999	+8.019	+8.042	+8.019	+8.314	+8.028	+7.987	+8.156	+8.154	+7.986	+7.848	+7.847	+7.979	+7.861	+7.851	+7.852	+7.851	+7.832	+7.852	+7.853	+8.185	+8.185	+8.211	+8.253	+8.177	+8.148	+8.219	+8.150	+8.314	+8.324	+8.226	+8.269	+8.270	+8.261	+8.212	+8.217	+8.263	+8.248	+8.350	+8.227	+7.662	+8.235	+8.262	+8.225	+8.362	+8.219	+8.251	+8.265	+8.274	+8.188	+8.055	+8.103	+8.297	+8.360	+8.364	+7.715	+8.311	+8.500	+8.364	+8.523	+8.363	+8.362	+8.383	
rs5029140      +8.433	+8.277	+8.400	+8.081	+8.360	+8.265	+8.297	+8.356	+8.402	+8.359	+8.358	+8.358	+8.084	+8.259	+8.170	+8.068	+7.979	+7.844	+8.007	+7.921	+7.964	+7.931	+7.953	+8.013	+8.032	+8.055	+8.033	+8.325	+8.041	+8.002	+8.170	+8.168	+8.000	+7.863	+7.862	+7.993	+7.876	+7.867	+7.867	+7.866	+7.847	+7.868	+7.868	+8.200	+8.200	+8.223	+8.262	+8.192	+8.165	+8.232	+8.171	+8.320	+8.329	+8.269	+8.245	+8.279	+8.271	+8.225	+8.230	+8.273	+8.259	+8.355	+8.240	+7.681	+8.245	+8.271	+8.238	+8.366	+8.232	+8.261	+8.274	+8.283	+8.201	+8.078	+8.119	+8.304	+8.365	+8.368	+7.733	+8.318	+8.500	+8.368	+8.521	+8.367	+8.367	+8.387	
rs5029142      +8.434	+8.279	+8.401	+8.083	+8.361	+8.266	+8.299	+8.357	+8.403	+8.360	+8.359	+8.359	+8.085	+8.260	+8.171	+8.070	+7.981	+7.845	+8.009	+7.923	+7.966	+7.933	+7.955	+8.014	+8.034	+8.056	+8.035	+8.326	+8.043	+8.004	+8.172	+8.170	+8.002	+7.864	+7.864	+7.995	+7.878	+7.868	+7.868	+7.868	+7.849	+7.869	+7.869	+8.201	+8.201	+8.224	+8.262	+8.193	+8.166	+8.233	+8.173	+8.321	+8.330	+8.270	+8.279	+8.247	+8.272	+8.226	+8.231	+8.274	+8.260	+8.356	+8.241	+7.683	+8.246	+8.272	+8.239	+8.367	+8.233	+8.262	+8.275	+8.284	+8.202	+8.081	+8.120	+8.305	+8.365	+8.368	+7.735	+8.318	+8.500	+8.369	+8.521	+8.368	+8.367	+8.387	
rs9941342      +8.417	+8.262	+8.393	+8.072	+8.351	+8.256	+8.289	+8.347	+8.394	+8.350	+8.349	+8.349	+8.074	+8.252	+8.162	+8.059	+7.963	+7.832	+7.990	+7.911	+7.954	+7.921	+7.943	+8.003	+8.023	+8.045	+8.023	+8.317	+8.032	+7.991	+8.160	+8.158	+7.990	+7.852	+7.851	+7.983	+7.865	+7.855	+7.856	+7.855	+7.836	+7.856	+7.857	+8.188	+8.188	+8.213	+8.255	+8.180	+8.151	+8.222	+8.155	+8.315	+8.324	+8.261	+8.271	+8.272	+8.231	+8.216	+8.221	+8.266	+8.252	+8.352	+8.231	+7.667	+8.238	+8.264	+8.229	+8.363	+8.223	+8.254	+8.268	+8.277	+8.192	+8.062	+8.107	+8.299	+8.362	+8.365	+7.720	+8.313	+8.501	+8.365	+8.523	+8.364	+8.364	+8.385	
rs4984722      +8.304	+8.151	+8.354	+8.018	+8.302	+8.204	+8.238	+8.298	+8.346	+8.301	+8.300	+8.300	+8.018	+8.212	+8.114	+8.002	+7.862	+7.762	+7.881	+7.847	+7.893	+7.857	+7.881	+7.945	+7.965	+7.989	+7.959	+8.270	+7.975	+7.916	+8.087	+8.085	+7.919	+7.776	+7.776	+7.911	+7.791	+7.780	+7.781	+7.780	+7.760	+7.781	+7.782	+8.118	+8.118	+8.150	+8.214	+8.104	+8.067	+8.161	+8.049	+8.280	+8.290	+8.212	+8.225	+8.226	+8.216	+8.142	+8.162	+8.218	+8.199	+8.322	+8.173	+7.567	+8.188	+8.216	+8.170	+8.335	+8.164	+8.207	+8.222	+8.233	+8.136	+7.935	+8.035	+8.261	+8.334	+8.338	+7.636	+8.278	+8.488	+8.338	+8.512	+8.337	+8.336	+8.360	
rs4984724      +8.326	+8.172	+8.355	+8.020	+8.302	+8.205	+8.238	+8.298	+8.346	+8.301	+8.300	+8.300	+8.020	+8.214	+8.118	+8.007	+7.875	+7.766	+7.898	+7.849	+7.897	+7.862	+7.886	+7.949	+7.969	+7.993	+7.964	+8.273	+7.979	+7.933	+8.105	+8.103	+7.930	+7.789	+7.788	+7.926	+7.803	+7.793	+7.793	+7.793	+7.772	+7.794	+7.794	+8.124	+8.124	+8.156	+8.218	+8.110	+8.074	+8.167	+8.058	+8.284	+8.295	+8.217	+8.230	+8.231	+8.221	+8.162	+8.149	+8.223	+8.204	+8.327	+8.178	+7.583	+8.197	+8.221	+8.176	+8.340	+8.170	+8.212	+8.226	+8.238	+8.143	+7.970	+8.043	+8.265	+8.348	+8.352	+7.643	+8.282	+8.510	+8.352	+8.538	+8.351	+8.350	+8.375	
rs4984989      +8.421	+8.266	+8.396	+8.075	+8.354	+8.259	+8.292	+8.350	+8.397	+8.353	+8.352	+8.352	+8.077	+8.254	+8.165	+8.062	+7.966	+7.836	+7.993	+7.914	+7.957	+7.924	+7.946	+8.006	+8.026	+8.048	+8.026	+8.320	+8.035	+7.995	+8.163	+8.161	+7.994	+7.855	+7.854	+7.986	+7.869	+7.859	+7.859	+7.859	+7.839	+7.860	+7.860	+8.190	+8.190	+8.215	+8.257	+8.182	+8.154	+8.224	+8.158	+8.316	+8.326	+8.263	+8.273	+8.274	+8.266	+8.218	+8.223	+8.235	+8.254	+8.353	+8.233	+7.671	+8.240	+8.266	+8.231	+8.364	+8.225	+8.256	+8.270	+8.279	+8.194	+8.067	+8.111	+8.301	+8.363	+8.366	+7.724	+8.314	+8.501	+8.366	+8.523	+8.365	+8.365	+8.385	
rs4984990      +8.389	+8.234	+8.381	+8.056	+8.336	+8.240	+8.273	+8.332	+8.379	+8.335	+8.334	+8.334	+8.057	+8.240	+8.148	+8.041	+7.933	+7.811	+7.958	+7.891	+7.935	+7.902	+7.924	+7.985	+8.005	+8.028	+8.004	+8.302	+8.014	+7.971	+8.141	+8.139	+7.971	+7.831	+7.830	+7.964	+7.845	+7.835	+7.835	+7.835	+7.815	+7.836	+7.836	+8.167	+8.167	+8.195	+8.243	+8.158	+8.127	+8.205	+8.125	+8.307	+8.317	+8.248	+8.259	+8.260	+8.252	+8.199	+8.204	+8.254	+8.205	+8.347	+8.215	+7.640	+8.224	+8.252	+8.213	+8.358	+8.206	+8.241	+8.256	+8.266	+8.175	+8.030	+8.086	+8.290	+8.357	+8.360	+7.695	+8.305	+8.503	+8.360	+8.527	+8.359	+8.359	+8.381	
rs8044961      +8.572	+8.415	+8.468	+8.171	+8.444	+8.352	+8.384	+8.440	+8.485	+8.443	+8.442	+8.442	+8.176	+8.328	+8.250	+8.161	+8.123	+7.953	+8.158	+8.024	+8.064	+8.034	+8.054	+8.110	+8.128	+8.149	+8.134	+8.407	+8.136	+8.107	+8.270	+8.268	+8.100	+7.970	+7.970	+8.094	+7.983	+7.974	+7.974	+7.974	+7.956	+7.975	+7.975	+8.311	+8.311	+8.324	+8.330	+8.311	+8.294	+8.330	+8.326	+8.378	+8.383	+8.350	+8.355	+8.356	+8.352	+8.322	+8.327	+8.353	+8.347	+8.376	+8.336	+7.817	+8.329	+8.352	+8.335	+8.409	+8.330	+8.339	+8.351	+8.355	+8.293	+8.234	+8.232	+8.368	+8.408	+8.411	+7.857	+8.376	+8.510	+8.411	+8.524	+8.410	+8.410	+8.425	
rs8049417      +8.352	+8.197	+8.362	+8.028	+8.311	+8.214	+8.247	+8.307	+8.354	+8.310	+8.309	+8.309	+8.029	+8.220	+8.124	+8.013	+7.890	+7.777	+7.913	+7.860	+7.905	+7.870	+7.894	+7.956	+7.976	+8.000	+7.973	+8.278	+7.986	+7.939	+8.110	+8.108	+7.939	+7.796	+7.796	+7.931	+7.811	+7.800	+7.801	+7.800	+7.780	+7.801	+7.802	+8.140	+8.140	+8.167	+8.224	+8.123	+8.088	+8.177	+8.077	+8.293	+8.304	+8.227	+8.240	+8.241	+8.231	+8.173	+8.178	+8.233	+8.215	+8.336	+8.162	+7.595	+8.201	+8.231	+8.193	+8.350	+8.187	+8.227	+8.236	+8.248	+8.153	+7.978	+8.053	+8.275	+8.348	+8.352	+7.656	+8.292	+8.505	+8.352	+8.532	+8.351	+8.350	+8.374	
