## Summary of overall evidence for association with region:
## log10(BF for region) = -0.628062
## p-value for region = NA

## BFs for choosing among multi-SNP models:
## log10(average 1-SNP BF) = -0.548762
## log10(average 2-SNP BF) = -0.850385

## Example posterior probabilities for multi-SNP models, based on default prior: [p(l) propto 0.5^l for l=1,2,...,L]
## posterior probability of 1-SNP = 0.800218
## posterior probability of 2-SNP = 0.199782

## log10(BF) for single SNP and pair of SNPs:
rs730819       -0.507	-0.863	-0.798	-0.853	-0.841	-0.836	-0.837	-0.843	-0.818	-0.946	-0.864	-0.819	-0.861	-0.815	-0.863	-0.836	-0.819	-0.873	-0.869	-0.870	-0.835	-0.890	-0.802	-0.890	-0.890	-0.856	-0.806	-0.835	-0.835	-0.831	-0.835	-0.856	-0.890	-0.799	-0.849	-0.883	-0.871	-0.879	-0.835	-0.877	-0.797	-0.797	-0.835	-0.820	-0.887	-0.881	-0.835	-0.857	-0.861	-0.852	-0.879	-0.882	-0.850	-0.800	-0.848	-0.848	-0.864	-0.849	-0.865	-0.890	-0.909	-0.862	-0.908	-0.882	-0.878	-0.856	-0.830	-0.906	-0.869	-0.872	-0.833	-0.833	-0.819	-0.853	-0.817	-0.897	-0.810	-0.884	-0.809	-0.914	-0.833	-0.833	-0.711	-0.835	-0.862	-0.799	-0.833	-0.832	-0.916	-0.832	-0.832	-0.832	-0.832	-0.869	-0.869	-0.869	-0.869	-0.834	-0.835	-0.871	-0.834	-0.938	-0.903	-0.811	-0.892	-0.913	-0.816	-0.834	-0.832	-0.900	-0.857	-0.963	-0.874	-0.835	-0.835	-0.873	-0.798	-0.938	-0.874	-0.885	-0.890	-0.900	-0.849	-0.891	-0.891	-0.887	-0.897	-0.893	-0.876	-0.879	-0.785	-0.900	-0.887	-0.899	-0.952	-0.894	-0.898	-0.874	-0.862	-0.898	-0.876	-0.898	-0.878	-0.898	-0.898	-0.887	-0.843	-0.870	-0.879	-0.899	-0.899	-0.720	-0.894	-0.871	-0.870	-0.871	-0.825	-0.822	-0.808	-0.836	-0.883	-0.830	-0.839	-0.863	-0.863	-0.811	-0.873	-0.879	-0.917	-0.877	-0.940	-0.875	-0.833	-0.881	-0.716	-0.874	
rs677344       -0.863	-0.634	-0.831	-0.786	-1.031	-0.944	-0.937	-1.031	-0.942	-1.017	-0.796	-0.941	-0.798	-0.875	-0.798	-0.938	-0.941	-0.906	-0.805	-0.803	-0.937	-0.909	-0.970	-0.909	-0.909	-1.032	-0.926	-0.937	-0.938	-0.942	-0.937	-1.032	-0.909	-0.980	-1.032	-0.909	-0.804	-0.707	-0.945	-0.909	-0.982	-0.982	-0.937	-0.941	-0.921	-0.909	-0.939	-0.951	-0.803	-0.943	-0.699	-0.909	-0.939	-0.974	-1.031	-1.031	-0.802	-1.031	-0.839	-0.929	-0.918	-1.026	-0.923	-0.927	-0.925	-0.847	-0.925	-0.928	-0.857	-0.855	-0.930	-0.929	-0.987	-1.029	-0.940	-0.932	-0.868	-0.928	-0.866	-1.056	-0.931	-0.931	-0.851	-0.940	-1.026	-0.871	-0.933	-0.925	-0.889	-0.925	-0.925	-0.925	-0.925	-1.023	-1.023	-1.023	-1.023	-0.933	-0.939	-1.023	-0.929	-1.009	-0.939	-0.869	-0.866	-0.900	-0.893	-0.928	-0.920	-0.862	-0.981	-1.022	-1.023	-0.929	-0.931	-1.025	-0.850	-1.011	-1.024	-0.737	-0.774	-0.869	-0.937	-0.775	-0.775	-0.762	-0.800	-0.831	-0.718	-0.722	-0.856	-0.858	-0.769	-0.875	-1.022	-0.787	-0.844	-0.897	-0.958	-0.868	-0.898	-0.873	-1.020	-0.867	-0.864	-0.899	-0.897	-0.991	-0.903	-0.879	-0.880	-0.738	-0.901	-0.901	-0.969	-0.976	-0.900	-0.897	-0.864	-1.036	-1.002	-1.034	-1.036	-0.997	-0.997	-0.913	-0.982	-1.008	-1.064	-1.010	-1.081	-0.985	-0.937	-1.006	-0.758	-1.007	
rs555414       -0.798	-0.831	-0.396	-0.841	-0.852	-0.472	-0.512	-0.852	-0.425	-0.853	-0.829	-0.431	-0.834	-0.581	-0.831	-0.499	-0.438	-0.860	-0.824	-0.820	-0.501	-0.839	-0.847	-0.839	-0.839	-0.851	-0.467	-0.504	-0.501	-0.469	-0.504	-0.851	-0.839	-0.856	-0.852	-0.849	-0.819	-0.766	-0.453	-0.856	-0.858	-0.858	-0.504	-0.458	-0.852	-0.851	-0.496	-0.747	-0.834	-0.739	-0.766	-0.850	-0.735	-0.852	-0.851	-0.851	-0.830	-0.851	-0.834	-0.856	-0.814	-0.842	-0.822	-0.864	-0.867	-0.857	-0.538	-0.828	-0.846	-0.841	-0.531	-0.532	-0.855	-0.846	-0.438	-0.850	-0.581	-0.863	-0.591	-0.877	-0.530	-0.530	-0.778	-0.491	-0.842	-0.597	-0.526	-0.549	-0.777	-0.549	-0.549	-0.549	-0.554	-0.838	-0.838	-0.838	-0.838	-0.541	-0.534	-0.838	-0.561	-0.859	-0.848	-0.594	-0.819	-0.783	-0.637	-0.572	-0.586	-0.801	-0.827	-0.797	-0.837	-0.584	-0.573	-0.840	-0.600	-0.863	-0.838	-0.711	-0.732	-0.808	-0.731	-0.732	-0.732	-0.696	-0.751	-0.773	-0.700	-0.703	-0.610	-0.795	-0.730	-0.816	-0.844	-0.741	-0.779	-0.860	-0.752	-0.801	-0.857	-0.805	-0.834	-0.798	-0.796	-0.844	-0.883	-0.814	-0.856	-0.810	-0.810	-0.537	-0.833	-0.866	-0.792	-0.771	-0.856	-0.856	-0.896	-0.852	-0.799	-0.851	-0.852	-0.800	-0.800	-0.668	-0.777	-0.810	-0.844	-0.814	-0.861	-0.780	-0.708	-0.806	-0.898	-0.809	
rs628248       -0.853	-0.786	-0.841	-0.640	-1.036	-0.951	-0.944	-1.036	-0.948	-1.024	-0.778	-0.948	-0.785	-0.884	-0.783	-0.946	-0.947	-0.910	-0.788	-0.784	-0.944	-0.909	-0.966	-0.909	-0.909	-1.037	-0.933	-0.944	-0.945	-0.949	-0.944	-1.037	-0.909	-0.977	-1.036	-0.911	-0.785	-0.631	-0.952	-0.912	-0.979	-0.979	-0.944	-0.947	-0.924	-0.911	-0.946	-0.953	-0.791	-0.945	-0.614	-0.911	-0.941	-0.971	-1.036	-1.036	-0.787	-1.036	-0.834	-0.933	-0.914	-1.030	-0.921	-0.933	-0.931	-0.853	-0.933	-0.927	-0.858	-0.855	-0.937	-0.937	-0.984	-1.034	-0.946	-0.935	-0.877	-0.933	-0.875	-1.060	-0.938	-0.938	-0.841	-0.947	-1.031	-0.879	-0.940	-0.933	-0.881	-0.933	-0.933	-0.933	-0.933	-1.026	-1.026	-1.026	-1.026	-0.941	-0.946	-1.026	-0.936	-1.017	-0.941	-0.878	-0.860	-0.892	-0.901	-0.935	-0.928	-0.852	-0.980	-1.025	-1.026	-0.936	-0.938	-1.029	-0.859	-1.019	-1.027	-0.705	-0.748	-0.860	-0.938	-0.749	-0.749	-0.736	-0.780	-0.815	-0.685	-0.689	-0.864	-0.847	-0.742	-0.868	-1.029	-0.762	-0.829	-0.900	-0.960	-0.857	-0.900	-0.863	-1.023	-0.856	-0.852	-0.898	-0.905	-0.993	-0.904	-0.871	-0.871	-0.749	-0.897	-0.905	-0.970	-0.980	-0.913	-0.910	-0.878	-1.042	-1.006	-1.040	-1.042	-1.003	-1.003	-0.917	-0.986	-1.014	-1.071	-1.016	-1.088	-0.989	-0.941	-1.011	-0.781	-1.012	
rs6138921      -0.841	-1.031	-0.852	-1.036	-0.596	-0.925	-0.922	-0.734	-0.916	-0.961	-1.029	-0.916	-1.032	-0.879	-1.031	-0.922	-0.916	-1.048	-1.026	-1.023	-0.921	-1.037	-0.940	-1.037	-1.037	-0.745	-0.901	-0.921	-0.922	-0.922	-0.921	-0.745	-1.037	-0.951	-0.742	-1.042	-1.022	-0.981	-0.926	-1.046	-0.954	-0.955	-0.921	-0.915	-1.043	-1.043	-0.922	-0.902	-1.032	-0.892	-0.981	-1.043	-0.887	-0.946	-0.736	-0.736	-1.029	-0.736	-1.032	-1.052	-1.025	-0.787	-1.030	-1.056	-1.057	-1.050	-0.912	-1.035	-1.045	-1.043	-0.916	-0.916	-0.961	-0.797	-0.914	-1.050	-0.874	-1.055	-0.874	-1.039	-0.917	-0.917	-0.831	-0.923	-0.792	-0.868	-0.918	-0.914	-1.024	-0.914	-0.914	-0.914	-0.913	-0.785	-0.785	-0.785	-0.785	-0.918	-0.922	-0.786	-0.916	-0.971	-1.048	-0.874	-1.030	-1.002	-0.882	-0.915	-0.910	-1.018	-0.984	-0.968	-0.793	-0.916	-0.917	-0.801	-0.858	-0.974	-0.798	-0.946	-0.961	-1.023	-0.885	-0.961	-0.961	-0.943	-0.977	-0.986	-0.930	-0.936	-0.852	-1.011	-0.955	-1.028	-0.981	-0.969	-0.993	-1.050	-0.910	-1.009	-1.048	-1.012	-0.786	-1.005	-1.006	-1.041	-1.058	-0.987	-1.048	-1.015	-1.016	-0.765	-1.031	-1.053	-0.963	-0.933	-0.876	-0.875	-1.059	-0.851	-0.969	-0.849	-0.853	-0.976	-0.976	-0.873	-0.942	-0.983	-1.033	-0.988	-1.046	-0.945	-0.902	-0.978	-1.039	-0.983	
rs622601       -0.836	-0.944	-0.472	-0.951	-0.925	-0.479	-0.600	-0.925	-0.618	-0.939	-0.943	-0.619	-0.946	-0.395	-0.944	-0.600	-0.621	-0.960	-0.938	-0.936	-0.602	-0.946	-0.892	-0.946	-0.946	-0.922	-0.630	-0.600	-0.602	-0.615	-0.600	-0.922	-0.947	-0.903	-0.924	-0.953	-0.935	-0.891	-0.622	-0.958	-0.906	-0.906	-0.603	-0.628	-0.955	-0.955	-0.605	-0.815	-0.946	-0.806	-0.891	-0.954	-0.802	-0.898	-0.923	-0.923	-0.943	-0.923	-0.943	-0.958	-0.926	-0.912	-0.932	-0.963	-0.965	-0.961	-0.598	-0.937	-0.954	-0.951	-0.599	-0.598	-0.904	-0.918	-0.625	-0.954	-0.466	-0.963	-0.471	-0.949	-0.605	-0.606	-0.814	-0.629	-0.912	-0.559	-0.612	-0.599	-0.906	-0.599	-0.599	-0.600	-0.605	-0.906	-0.906	-0.906	-0.906	-0.626	-0.640	-0.905	-0.625	-0.941	-0.953	-0.521	-0.936	-0.901	-0.617	-0.631	-0.621	-0.922	-0.887	-0.919	-0.905	-0.642	-0.640	-0.908	-0.481	-0.943	-0.906	-0.847	-0.862	-0.928	-0.798	-0.862	-0.862	-0.836	-0.879	-0.896	-0.831	-0.837	-0.586	-0.915	-0.857	-0.933	-0.942	-0.871	-0.900	-0.963	-0.821	-0.917	-0.961	-0.920	-0.901	-0.913	-0.913	-0.952	-0.976	-0.878	-0.960	-0.924	-0.924	-0.304	-0.940	-0.967	-0.853	-0.841	-0.902	-0.901	-0.980	-0.930	-0.873	-0.930	-0.930	-0.875	-0.875	-0.758	-0.848	-0.884	-0.925	-0.888	-0.940	-0.851	-0.793	-0.880	-0.971	-0.883	
rs497518       -0.837	-0.937	-0.512	-0.944	-0.922	-0.600	-0.475	-0.922	-0.597	-0.934	-0.936	-0.599	-0.939	-0.460	-0.937	-0.600	-0.602	-0.955	-0.931	-0.928	-0.602	-0.940	-0.893	-0.940	-0.940	-0.919	-0.617	-0.602	-0.601	-0.603	-0.602	-0.919	-0.940	-0.903	-0.921	-0.947	-0.928	-0.883	-0.613	-0.952	-0.906	-0.906	-0.604	-0.613	-0.949	-0.948	-0.603	-0.813	-0.939	-0.804	-0.883	-0.948	-0.800	-0.899	-0.920	-0.920	-0.936	-0.920	-0.936	-0.952	-0.918	-0.909	-0.925	-0.958	-0.960	-0.955	-0.608	-0.930	-0.947	-0.944	-0.608	-0.607	-0.904	-0.915	-0.606	-0.948	-0.509	-0.957	-0.514	-0.946	-0.611	-0.612	-0.816	-0.626	-0.910	-0.581	-0.615	-0.610	-0.898	-0.610	-0.610	-0.611	-0.615	-0.903	-0.903	-0.903	-0.903	-0.629	-0.638	-0.903	-0.631	-0.937	-0.947	-0.550	-0.928	-0.893	-0.633	-0.637	-0.632	-0.914	-0.886	-0.912	-0.902	-0.647	-0.645	-0.905	-0.518	-0.939	-0.903	-0.837	-0.852	-0.920	-0.796	-0.853	-0.852	-0.826	-0.870	-0.888	-0.821	-0.827	-0.603	-0.907	-0.847	-0.925	-0.937	-0.862	-0.891	-0.957	-0.819	-0.909	-0.955	-0.913	-0.898	-0.905	-0.906	-0.945	-0.971	-0.876	-0.954	-0.916	-0.917	-0.355	-0.934	-0.961	-0.851	-0.838	-0.903	-0.902	-0.976	-0.927	-0.870	-0.926	-0.926	-0.871	-0.871	-0.753	-0.845	-0.880	-0.919	-0.884	-0.935	-0.849	-0.788	-0.877	-0.968	-0.880	
rs1324392      -0.843	-1.031	-0.852	-1.036	-0.734	-0.925	-0.922	-0.596	-0.915	-0.960	-1.030	-0.915	-1.033	-0.879	-1.031	-0.922	-0.915	-1.048	-1.026	-1.023	-0.921	-1.037	-0.940	-1.037	-1.037	-0.740	-0.901	-0.921	-0.921	-0.921	-0.921	-0.741	-1.037	-0.952	-0.736	-1.042	-1.023	-0.982	-0.926	-1.046	-0.955	-0.955	-0.921	-0.915	-1.043	-1.043	-0.922	-0.901	-1.032	-0.891	-0.981	-1.043	-0.886	-0.947	-0.730	-0.730	-1.029	-0.729	-1.032	-1.052	-1.025	-0.785	-1.030	-1.055	-1.056	-1.050	-0.912	-1.035	-1.045	-1.043	-0.916	-0.916	-0.962	-0.795	-0.914	-1.050	-0.874	-1.054	-0.873	-1.039	-0.917	-0.917	-0.833	-0.923	-0.790	-0.868	-0.918	-0.913	-1.024	-0.913	-0.913	-0.913	-0.913	-0.784	-0.784	-0.783	-0.783	-0.918	-0.921	-0.785	-0.915	-0.970	-1.048	-0.874	-1.030	-1.002	-0.882	-0.915	-0.910	-1.019	-0.984	-0.967	-0.792	-0.916	-0.917	-0.801	-0.858	-0.972	-0.797	-0.947	-0.961	-1.023	-0.884	-0.961	-0.961	-0.944	-0.977	-0.987	-0.931	-0.936	-0.852	-1.011	-0.955	-1.028	-0.980	-0.970	-0.993	-1.050	-0.909	-1.009	-1.048	-1.013	-0.785	-1.005	-1.006	-1.041	-1.058	-0.987	-1.048	-1.016	-1.016	-0.765	-1.031	-1.053	-0.963	-0.932	-0.873	-0.872	-1.058	-0.848	-0.968	-0.846	-0.851	-0.975	-0.975	-0.872	-0.941	-0.982	-1.032	-0.987	-1.045	-0.944	-0.902	-0.977	-1.038	-0.982	
rs670988       -0.818	-0.942	-0.425	-0.948	-0.916	-0.618	-0.597	-0.915	-0.470	-0.934	-0.940	-0.589	-0.944	-0.380	-0.942	-0.601	-0.589	-0.956	-0.936	-0.934	-0.599	-0.943	-0.877	-0.943	-0.943	-0.912	-0.606	-0.599	-0.601	-0.623	-0.599	-0.912	-0.943	-0.887	-0.914	-0.949	-0.933	-0.892	-0.627	-0.954	-0.890	-0.891	-0.601	-0.597	-0.951	-0.951	-0.605	-0.803	-0.943	-0.794	-0.892	-0.950	-0.789	-0.883	-0.913	-0.913	-0.941	-0.913	-0.940	-0.954	-0.924	-0.901	-0.930	-0.959	-0.960	-0.957	-0.580	-0.934	-0.950	-0.948	-0.582	-0.583	-0.888	-0.908	-0.600	-0.950	-0.412	-0.958	-0.414	-0.939	-0.591	-0.592	-0.797	-0.624	-0.902	-0.509	-0.600	-0.578	-0.907	-0.578	-0.578	-0.579	-0.583	-0.895	-0.895	-0.895	-0.895	-0.612	-0.630	-0.895	-0.605	-0.933	-0.949	-0.465	-0.934	-0.900	-0.584	-0.609	-0.593	-0.921	-0.873	-0.915	-0.894	-0.620	-0.620	-0.897	-0.416	-0.935	-0.895	-0.850	-0.864	-0.926	-0.786	-0.864	-0.864	-0.840	-0.880	-0.896	-0.835	-0.840	-0.504	-0.914	-0.859	-0.931	-0.933	-0.873	-0.899	-0.958	-0.809	-0.916	-0.957	-0.919	-0.890	-0.912	-0.912	-0.948	-0.970	-0.865	-0.956	-0.922	-0.922	-0.218	-0.938	-0.962	-0.839	-0.829	-0.886	-0.885	-0.972	-0.922	-0.862	-0.922	-0.921	-0.865	-0.865	-0.752	-0.837	-0.874	-0.919	-0.878	-0.933	-0.840	-0.785	-0.870	-0.961	-0.874	
rs619498       -0.946	-1.017	-0.853	-1.024	-0.961	-0.939	-0.934	-0.960	-0.934	-0.639	-1.014	-0.934	-1.018	-0.881	-1.016	-0.935	-0.934	-1.048	-1.009	-1.006	-0.934	-1.033	-1.026	-1.033	-1.033	-0.956	-0.921	-0.934	-0.934	-0.937	-0.934	-0.956	-1.033	-1.036	-0.958	-1.040	-1.005	-0.947	-0.941	-1.046	-1.039	-1.039	-0.934	-0.934	-1.040	-1.042	-0.935	-0.939	-1.018	-0.929	-0.947	-1.041	-0.925	-1.031	-0.957	-0.957	-1.014	-0.957	-1.019	-1.054	-1.017	-0.953	-1.025	-1.059	-1.061	-1.045	-0.923	-1.030	-1.038	-1.034	-0.927	-0.927	-1.040	-0.962	-0.933	-1.051	-0.875	-1.058	-0.871	-1.088	-0.929	-0.929	-0.929	-0.937	-0.955	-0.874	-0.930	-0.924	-1.015	-0.924	-0.924	-0.924	-0.924	-0.946	-0.946	-0.946	-0.946	-0.931	-0.935	-0.945	-0.927	-0.868	-1.050	-0.876	-1.018	-0.989	-0.894	-0.926	-0.920	-1.002	-1.032	-0.868	-0.946	-0.928	-0.929	-0.951	-0.856	-0.879	-0.948	-0.909	-0.927	-1.009	-0.923	-0.927	-0.927	-0.906	-0.948	-0.970	-0.887	-0.895	-0.860	-0.994	-0.919	-1.015	-0.912	-0.938	-0.975	-1.050	-0.948	-0.995	-1.048	-0.999	-0.940	-0.990	-0.991	-1.038	-1.064	-1.028	-1.047	-1.004	-1.004	-0.750	-1.024	-1.055	-1.004	-0.971	-0.751	-0.752	-1.069	-0.993	-1.006	-0.993	-0.993	-1.012	-1.012	-0.910	-0.980	-1.019	-1.060	-1.024	-1.075	-0.983	-0.938	-1.015	-1.052	-1.019	
rs148078       -0.864	-0.796	-0.829	-0.778	-1.029	-0.943	-0.936	-1.030	-0.940	-1.014	-0.633	-0.940	-0.768	-0.873	-0.768	-0.937	-0.939	-0.898	-0.784	-0.782	-0.936	-0.902	-0.968	-0.902	-0.902	-1.031	-0.925	-0.936	-0.936	-0.941	-0.936	-1.030	-0.902	-0.978	-1.030	-0.901	-0.783	-0.660	-0.943	-0.901	-0.980	-0.980	-0.936	-0.939	-0.914	-0.901	-0.937	-0.950	-0.776	-0.942	-0.644	-0.901	-0.938	-0.972	-1.029	-1.029	-0.775	-1.029	-0.825	-0.922	-0.913	-1.024	-0.918	-0.919	-0.917	-0.831	-0.924	-0.923	-0.843	-0.842	-0.928	-0.928	-0.985	-1.027	-0.939	-0.926	-0.866	-0.920	-0.864	-1.054	-0.930	-0.930	-0.849	-0.939	-1.025	-0.869	-0.932	-0.924	-0.883	-0.924	-0.924	-0.924	-0.924	-1.021	-1.021	-1.021	-1.021	-0.932	-0.937	-1.021	-0.927	-1.005	-0.933	-0.867	-0.857	-0.895	-0.891	-0.926	-0.919	-0.854	-0.979	-1.019	-1.021	-0.927	-0.929	-1.023	-0.848	-1.007	-1.022	-0.725	-0.765	-0.861	-0.936	-0.766	-0.765	-0.753	-0.792	-0.824	-0.708	-0.710	-0.854	-0.851	-0.760	-0.867	-1.018	-0.777	-0.837	-0.888	-0.957	-0.861	-0.889	-0.866	-1.019	-0.860	-0.857	-0.891	-0.885	-0.990	-0.894	-0.873	-0.873	-0.736	-0.895	-0.892	-0.969	-0.976	-0.893	-0.889	-0.849	-1.033	-1.001	-1.032	-1.034	-0.996	-0.996	-0.912	-0.981	-1.007	-1.063	-1.009	-1.080	-0.984	-0.936	-1.005	-0.736	-1.005	
rs533493       -0.819	-0.941	-0.431	-0.948	-0.916	-0.619	-0.599	-0.915	-0.589	-0.934	-0.940	-0.470	-0.943	-0.388	-0.941	-0.603	-0.589	-0.956	-0.936	-0.933	-0.601	-0.943	-0.877	-0.943	-0.942	-0.912	-0.606	-0.601	-0.603	-0.624	-0.601	-0.912	-0.943	-0.888	-0.914	-0.949	-0.933	-0.892	-0.628	-0.953	-0.891	-0.891	-0.602	-0.597	-0.951	-0.950	-0.606	-0.803	-0.943	-0.794	-0.892	-0.950	-0.789	-0.883	-0.913	-0.913	-0.940	-0.913	-0.940	-0.954	-0.924	-0.901	-0.930	-0.958	-0.960	-0.957	-0.582	-0.934	-0.950	-0.948	-0.584	-0.585	-0.889	-0.908	-0.599	-0.950	-0.418	-0.957	-0.419	-0.939	-0.593	-0.594	-0.797	-0.625	-0.902	-0.512	-0.601	-0.580	-0.906	-0.580	-0.580	-0.581	-0.585	-0.895	-0.895	-0.895	-0.895	-0.614	-0.631	-0.895	-0.606	-0.933	-0.949	-0.469	-0.933	-0.900	-0.586	-0.610	-0.595	-0.921	-0.873	-0.914	-0.894	-0.621	-0.621	-0.897	-0.420	-0.935	-0.895	-0.849	-0.863	-0.926	-0.786	-0.863	-0.863	-0.839	-0.880	-0.895	-0.834	-0.839	-0.506	-0.914	-0.859	-0.931	-0.933	-0.872	-0.899	-0.958	-0.809	-0.915	-0.956	-0.919	-0.890	-0.911	-0.912	-0.948	-0.970	-0.865	-0.956	-0.922	-0.922	-0.222	-0.937	-0.962	-0.840	-0.830	-0.886	-0.886	-0.972	-0.922	-0.862	-0.922	-0.921	-0.865	-0.865	-0.752	-0.837	-0.874	-0.918	-0.878	-0.933	-0.840	-0.785	-0.870	-0.961	-0.874	
rs1161237      -0.861	-0.798	-0.834	-0.785	-1.032	-0.946	-0.939	-1.033	-0.944	-1.018	-0.768	-0.943	-0.636	-0.878	-0.770	-0.941	-0.943	-0.902	-0.781	-0.779	-0.940	-0.904	-0.967	-0.904	-0.904	-1.033	-0.928	-0.939	-0.940	-0.944	-0.939	-1.033	-0.904	-0.977	-1.033	-0.905	-0.780	-0.629	-0.947	-0.905	-0.979	-0.980	-0.939	-0.943	-0.917	-0.904	-0.941	-0.951	-0.778	-0.943	-0.608	-0.904	-0.939	-0.972	-1.032	-1.032	-0.776	-1.032	-0.827	-0.926	-0.913	-1.027	-0.918	-0.924	-0.922	-0.838	-0.928	-0.923	-0.848	-0.846	-0.932	-0.932	-0.985	-1.030	-0.942	-0.929	-0.871	-0.925	-0.869	-1.057	-0.933	-0.933	-0.846	-0.942	-1.027	-0.874	-0.935	-0.928	-0.881	-0.928	-0.928	-0.928	-0.928	-1.023	-1.023	-1.023	-1.023	-0.936	-0.941	-1.023	-0.931	-1.010	-0.936	-0.871	-0.857	-0.893	-0.895	-0.930	-0.923	-0.851	-0.980	-1.022	-1.023	-0.931	-0.933	-1.026	-0.853	-1.012	-1.024	-0.714	-0.755	-0.859	-0.937	-0.756	-0.756	-0.744	-0.785	-0.818	-0.695	-0.698	-0.858	-0.848	-0.750	-0.866	-1.023	-0.769	-0.832	-0.892	-0.958	-0.858	-0.892	-0.864	-1.021	-0.857	-0.853	-0.892	-0.892	-0.991	-0.897	-0.871	-0.871	-0.741	-0.895	-0.896	-0.970	-0.978	-0.901	-0.897	-0.859	-1.037	-1.003	-1.035	-1.037	-0.999	-0.999	-0.914	-0.983	-1.010	-1.067	-1.012	-1.084	-0.986	-0.938	-1.008	-0.752	-1.008	
rs679790       -0.815	-0.875	-0.581	-0.884	-0.879	-0.395	-0.460	-0.879	-0.380	-0.881	-0.873	-0.388	-0.878	-0.426	-0.875	-0.437	-0.399	-0.898	-0.868	-0.865	-0.446	-0.880	-0.867	-0.880	-0.880	-0.877	-0.474	-0.449	-0.442	-0.404	-0.449	-0.877	-0.880	-0.876	-0.878	-0.888	-0.864	-0.816	-0.439	-0.895	-0.878	-0.878	-0.453	-0.439	-0.892	-0.890	-0.436	-0.776	-0.877	-0.768	-0.816	-0.890	-0.764	-0.872	-0.878	-0.878	-0.874	-0.878	-0.877	-0.896	-0.858	-0.868	-0.865	-0.903	-0.905	-0.898	-0.526	-0.871	-0.888	-0.884	-0.513	-0.514	-0.875	-0.873	-0.412	-0.890	-0.563	-0.901	-0.565	-0.904	-0.512	-0.514	-0.794	-0.502	-0.868	-0.597	-0.510	-0.542	-0.828	-0.542	-0.542	-0.543	-0.551	-0.863	-0.863	-0.863	-0.863	-0.539	-0.537	-0.863	-0.566	-0.887	-0.888	-0.583	-0.864	-0.829	-0.640	-0.580	-0.594	-0.848	-0.850	-0.848	-0.862	-0.595	-0.583	-0.865	-0.577	-0.890	-0.864	-0.765	-0.782	-0.854	-0.760	-0.782	-0.782	-0.752	-0.802	-0.821	-0.748	-0.754	-0.613	-0.840	-0.777	-0.861	-0.884	-0.793	-0.827	-0.899	-0.781	-0.847	-0.897	-0.851	-0.859	-0.842	-0.843	-0.885	-0.919	-0.838	-0.897	-0.855	-0.855	-0.480	-0.874	-0.905	-0.817	-0.799	-0.875	-0.874	-0.928	-0.881	-0.828	-0.880	-0.880	-0.827	-0.827	-0.702	-0.806	-0.838	-0.869	-0.841	-0.886	-0.809	-0.739	-0.834	-0.926	-0.837	
rs1748066      -0.863	-0.798	-0.831	-0.783	-1.031	-0.944	-0.937	-1.031	-0.942	-1.016	-0.768	-0.941	-0.770	-0.875	-0.634	-0.938	-0.941	-0.899	-0.783	-0.780	-0.937	-0.903	-0.968	-0.903	-0.903	-1.032	-0.926	-0.937	-0.938	-0.942	-0.937	-1.032	-0.903	-0.977	-1.031	-0.903	-0.781	-0.648	-0.945	-0.902	-0.980	-0.980	-0.937	-0.941	-0.915	-0.902	-0.939	-0.951	-0.777	-0.943	-0.630	-0.902	-0.939	-0.972	-1.030	-1.030	-0.775	-1.030	-0.825	-0.923	-0.913	-1.025	-0.918	-0.921	-0.919	-0.834	-0.925	-0.923	-0.845	-0.844	-0.930	-0.929	-0.985	-1.028	-0.940	-0.927	-0.868	-0.922	-0.866	-1.055	-0.931	-0.931	-0.848	-0.940	-1.026	-0.871	-0.933	-0.925	-0.882	-0.925	-0.925	-0.925	-0.925	-1.022	-1.022	-1.022	-1.022	-0.933	-0.939	-1.022	-0.929	-1.007	-0.934	-0.869	-0.857	-0.895	-0.893	-0.928	-0.920	-0.853	-0.979	-1.020	-1.022	-0.929	-0.931	-1.024	-0.850	-1.009	-1.023	-0.720	-0.761	-0.860	-0.937	-0.762	-0.762	-0.749	-0.789	-0.821	-0.702	-0.705	-0.856	-0.849	-0.756	-0.866	-1.020	-0.773	-0.835	-0.889	-0.957	-0.860	-0.890	-0.865	-1.020	-0.859	-0.855	-0.891	-0.888	-0.991	-0.895	-0.872	-0.872	-0.738	-0.895	-0.893	-0.969	-0.976	-0.896	-0.892	-0.853	-1.034	-1.002	-1.033	-1.035	-0.997	-0.997	-0.913	-0.982	-1.008	-1.064	-1.010	-1.082	-0.985	-0.937	-1.006	-0.741	-1.007	
rs556559       -0.836	-0.938	-0.499	-0.946	-0.922	-0.600	-0.600	-0.922	-0.601	-0.935	-0.937	-0.603	-0.941	-0.437	-0.938	-0.475	-0.605	-0.956	-0.933	-0.930	-0.597	-0.941	-0.892	-0.941	-0.941	-0.919	-0.619	-0.597	-0.598	-0.603	-0.597	-0.919	-0.941	-0.902	-0.920	-0.948	-0.929	-0.884	-0.612	-0.953	-0.905	-0.905	-0.599	-0.615	-0.950	-0.949	-0.599	-0.812	-0.940	-0.804	-0.884	-0.949	-0.799	-0.898	-0.920	-0.920	-0.937	-0.920	-0.937	-0.953	-0.920	-0.909	-0.926	-0.959	-0.961	-0.956	-0.600	-0.931	-0.948	-0.946	-0.600	-0.599	-0.903	-0.915	-0.608	-0.949	-0.491	-0.958	-0.495	-0.946	-0.605	-0.605	-0.814	-0.623	-0.909	-0.570	-0.610	-0.602	-0.900	-0.602	-0.602	-0.602	-0.608	-0.903	-0.903	-0.903	-0.903	-0.624	-0.635	-0.903	-0.626	-0.937	-0.948	-0.537	-0.930	-0.894	-0.624	-0.632	-0.625	-0.916	-0.885	-0.913	-0.902	-0.642	-0.640	-0.905	-0.501	-0.940	-0.903	-0.839	-0.854	-0.921	-0.796	-0.854	-0.854	-0.828	-0.872	-0.890	-0.823	-0.829	-0.594	-0.909	-0.849	-0.927	-0.937	-0.864	-0.893	-0.958	-0.818	-0.911	-0.956	-0.914	-0.898	-0.906	-0.907	-0.946	-0.971	-0.875	-0.955	-0.918	-0.918	-0.332	-0.935	-0.962	-0.851	-0.838	-0.901	-0.900	-0.976	-0.927	-0.869	-0.927	-0.926	-0.871	-0.871	-0.754	-0.845	-0.880	-0.920	-0.884	-0.936	-0.848	-0.788	-0.877	-0.968	-0.880	
rs648919       -0.819	-0.941	-0.438	-0.947	-0.916	-0.621	-0.602	-0.915	-0.589	-0.934	-0.939	-0.589	-0.943	-0.399	-0.941	-0.605	-0.470	-0.955	-0.935	-0.933	-0.603	-0.942	-0.877	-0.942	-0.942	-0.912	-0.606	-0.603	-0.605	-0.625	-0.603	-0.912	-0.942	-0.888	-0.914	-0.948	-0.932	-0.891	-0.629	-0.953	-0.891	-0.891	-0.604	-0.597	-0.951	-0.950	-0.608	-0.803	-0.942	-0.794	-0.891	-0.950	-0.790	-0.883	-0.913	-0.913	-0.940	-0.913	-0.939	-0.953	-0.923	-0.901	-0.929	-0.958	-0.959	-0.956	-0.585	-0.933	-0.950	-0.947	-0.587	-0.587	-0.889	-0.908	-0.598	-0.949	-0.425	-0.957	-0.426	-0.939	-0.595	-0.596	-0.798	-0.626	-0.902	-0.516	-0.603	-0.583	-0.905	-0.583	-0.583	-0.583	-0.587	-0.895	-0.895	-0.895	-0.895	-0.615	-0.632	-0.895	-0.608	-0.933	-0.949	-0.473	-0.933	-0.899	-0.588	-0.612	-0.597	-0.920	-0.873	-0.913	-0.894	-0.622	-0.623	-0.897	-0.424	-0.935	-0.895	-0.848	-0.862	-0.925	-0.786	-0.863	-0.862	-0.838	-0.879	-0.894	-0.833	-0.838	-0.509	-0.913	-0.858	-0.930	-0.933	-0.871	-0.898	-0.958	-0.809	-0.915	-0.956	-0.918	-0.890	-0.911	-0.911	-0.947	-0.969	-0.865	-0.955	-0.921	-0.921	-0.229	-0.937	-0.961	-0.840	-0.830	-0.887	-0.886	-0.972	-0.922	-0.862	-0.922	-0.921	-0.865	-0.865	-0.751	-0.837	-0.874	-0.918	-0.878	-0.933	-0.840	-0.785	-0.870	-0.960	-0.874	
rs577116       -0.873	-0.906	-0.860	-0.910	-1.048	-0.960	-0.955	-1.048	-0.956	-1.048	-0.898	-0.956	-0.902	-0.898	-0.899	-0.956	-0.955	-0.646	-0.896	-0.893	-0.954	-0.773	-0.911	-0.773	-0.773	-1.047	-0.941	-0.954	-0.955	-0.958	-0.954	-1.047	-0.776	-0.924	-1.047	-0.783	-0.892	-0.818	-0.961	-0.793	-0.927	-0.927	-0.954	-0.955	-0.833	-0.780	-0.956	-0.956	-0.903	-0.947	-0.816	-0.780	-0.943	-0.917	-1.047	-1.047	-0.899	-1.046	-0.916	-0.855	-0.804	-1.039	-0.818	-0.856	-0.856	-0.938	-0.943	-0.832	-0.935	-0.931	-0.947	-0.947	-0.936	-1.044	-0.954	-0.856	-0.892	-0.857	-0.890	-1.048	-0.949	-0.949	-0.856	-0.957	-1.040	-0.892	-0.950	-0.944	-0.923	-0.944	-0.944	-0.944	-0.944	-1.035	-1.035	-1.035	-1.034	-0.951	-0.955	-1.034	-0.947	-1.043	-0.866	-0.892	-0.923	-0.764	-0.912	-0.946	-0.939	-0.911	-0.989	-1.041	-1.034	-0.947	-0.948	-1.037	-0.874	-1.045	-1.035	-0.792	-0.822	-0.919	-0.941	-0.822	-0.822	-0.803	-0.848	-0.875	-0.772	-0.778	-0.876	-0.905	-0.816	-0.926	-1.050	-0.835	-0.884	-0.960	-0.964	-0.910	-0.959	-0.915	-1.031	-0.906	-0.905	-0.952	-0.973	-0.999	-0.961	-0.921	-0.921	-0.767	-0.946	-0.966	-0.976	-0.984	-0.956	-0.954	-0.962	-1.055	-1.013	-1.054	-1.055	-1.012	-1.012	-0.921	-0.991	-1.022	-1.067	-1.025	-1.085	-0.994	-0.952	-1.019	-0.906	-1.021	
rs570673       -0.869	-0.805	-0.824	-0.788	-1.026	-0.938	-0.931	-1.026	-0.936	-1.009	-0.784	-0.936	-0.781	-0.868	-0.783	-0.933	-0.935	-0.896	-0.628	-0.763	-0.931	-0.896	-0.966	-0.896	-0.896	-1.025	-0.921	-0.931	-0.932	-0.936	-0.931	-1.025	-0.896	-0.977	-1.026	-0.899	-0.765	-0.688	-0.939	-0.899	-0.980	-0.980	-0.931	-0.935	-0.912	-0.900	-0.933	-0.948	-0.784	-0.940	-0.699	-0.900	-0.937	-0.973	-1.025	-1.025	-0.786	-1.025	-0.827	-0.920	-0.915	-1.021	-0.919	-0.917	-0.914	-0.828	-0.919	-0.923	-0.842	-0.842	-0.923	-0.923	-0.985	-1.023	-0.935	-0.924	-0.861	-0.918	-0.859	-1.052	-0.925	-0.925	-0.854	-0.934	-1.021	-0.864	-0.927	-0.919	-0.886	-0.919	-0.919	-0.919	-0.919	-1.018	-1.018	-1.018	-1.018	-0.927	-0.933	-1.018	-0.923	-0.999	-0.932	-0.862	-0.859	-0.899	-0.886	-0.921	-0.914	-0.858	-0.978	-1.016	-1.018	-0.923	-0.924	-1.020	-0.842	-1.001	-1.019	-0.741	-0.777	-0.864	-0.934	-0.777	-0.777	-0.765	-0.803	-0.831	-0.723	-0.727	-0.849	-0.856	-0.772	-0.869	-1.014	-0.789	-0.843	-0.885	-0.955	-0.865	-0.886	-0.870	-1.016	-0.865	-0.861	-0.890	-0.879	-0.988	-0.892	-0.876	-0.876	-0.729	-0.895	-0.888	-0.968	-0.973	-0.885	-0.881	-0.840	-1.029	-0.997	-1.027	-1.029	-0.992	-0.992	-0.909	-0.979	-1.004	-1.059	-1.005	-1.076	-0.981	-0.933	-1.002	-0.723	-1.002	
rs585035       -0.870	-0.803	-0.820	-0.784	-1.023	-0.936	-0.928	-1.023	-0.934	-1.006	-0.782	-0.933	-0.779	-0.865	-0.780	-0.930	-0.933	-0.893	-0.763	-0.626	-0.929	-0.893	-0.965	-0.893	-0.893	-1.023	-0.918	-0.929	-0.929	-0.934	-0.929	-1.023	-0.893	-0.976	-1.023	-0.895	-0.763	-0.700	-0.937	-0.896	-0.979	-0.979	-0.929	-0.933	-0.909	-0.897	-0.930	-0.947	-0.779	-0.939	-0.708	-0.897	-0.935	-0.972	-1.023	-1.023	-0.781	-1.023	-0.824	-0.916	-0.914	-1.018	-0.918	-0.912	-0.909	-0.821	-0.917	-0.922	-0.837	-0.837	-0.921	-0.921	-0.984	-1.021	-0.932	-0.921	-0.858	-0.913	-0.856	-1.049	-0.922	-0.922	-0.854	-0.932	-1.019	-0.861	-0.924	-0.916	-0.885	-0.916	-0.916	-0.916	-0.916	-1.016	-1.016	-1.016	-1.016	-0.925	-0.930	-1.016	-0.920	-0.995	-0.928	-0.858	-0.857	-0.899	-0.883	-0.919	-0.911	-0.857	-0.977	-1.014	-1.016	-0.920	-0.922	-1.018	-0.839	-0.997	-1.017	-0.744	-0.780	-0.863	-0.933	-0.780	-0.780	-0.768	-0.804	-0.832	-0.728	-0.731	-0.846	-0.855	-0.775	-0.867	-1.010	-0.791	-0.844	-0.880	-0.953	-0.865	-0.882	-0.869	-1.014	-0.865	-0.861	-0.886	-0.872	-0.987	-0.887	-0.875	-0.876	-0.726	-0.893	-0.883	-0.966	-0.971	-0.879	-0.875	-0.831	-1.026	-0.995	-1.024	-1.026	-0.989	-0.989	-0.907	-0.976	-1.001	-1.056	-1.003	-1.073	-0.979	-0.931	-0.999	-0.709	-0.999	
rs508518       -0.835	-0.937	-0.501	-0.944	-0.921	-0.602	-0.602	-0.921	-0.599	-0.934	-0.936	-0.601	-0.940	-0.446	-0.937	-0.597	-0.603	-0.954	-0.931	-0.929	-0.474	-0.940	-0.891	-0.940	-0.940	-0.918	-0.617	-0.596	-0.597	-0.600	-0.596	-0.918	-0.940	-0.901	-0.919	-0.947	-0.928	-0.883	-0.611	-0.952	-0.904	-0.904	-0.597	-0.612	-0.949	-0.948	-0.597	-0.811	-0.939	-0.803	-0.883	-0.948	-0.798	-0.896	-0.919	-0.919	-0.936	-0.919	-0.936	-0.952	-0.918	-0.908	-0.925	-0.957	-0.959	-0.955	-0.595	-0.930	-0.947	-0.944	-0.595	-0.596	-0.902	-0.914	-0.603	-0.948	-0.486	-0.957	-0.491	-0.945	-0.602	-0.603	-0.813	-0.621	-0.908	-0.568	-0.607	-0.599	-0.898	-0.599	-0.599	-0.599	-0.604	-0.902	-0.902	-0.902	-0.902	-0.621	-0.631	-0.902	-0.622	-0.936	-0.947	-0.532	-0.928	-0.893	-0.622	-0.628	-0.621	-0.915	-0.884	-0.911	-0.901	-0.639	-0.636	-0.904	-0.494	-0.938	-0.902	-0.838	-0.853	-0.920	-0.795	-0.853	-0.853	-0.827	-0.871	-0.888	-0.822	-0.827	-0.590	-0.907	-0.848	-0.925	-0.936	-0.862	-0.892	-0.956	-0.817	-0.909	-0.954	-0.913	-0.897	-0.905	-0.906	-0.945	-0.970	-0.874	-0.954	-0.916	-0.916	-0.320	-0.933	-0.960	-0.850	-0.837	-0.900	-0.899	-0.975	-0.926	-0.868	-0.926	-0.925	-0.870	-0.870	-0.753	-0.844	-0.879	-0.919	-0.883	-0.935	-0.847	-0.787	-0.875	-0.967	-0.879	
rs598147       -0.890	-0.909	-0.839	-0.909	-1.037	-0.946	-0.940	-1.037	-0.943	-1.033	-0.902	-0.943	-0.904	-0.880	-0.903	-0.941	-0.942	-0.773	-0.896	-0.893	-0.940	-0.633	-0.921	-0.768	-0.768	-1.036	-0.928	-0.940	-0.940	-0.944	-0.940	-1.036	-0.768	-0.935	-1.036	-0.779	-0.893	-0.845	-0.947	-0.783	-0.938	-0.938	-0.940	-0.942	-0.824	-0.785	-0.941	-0.952	-0.904	-0.944	-0.846	-0.785	-0.940	-0.930	-1.036	-1.036	-0.902	-1.036	-0.916	-0.843	-0.832	-1.030	-0.839	-0.837	-0.832	-0.927	-0.928	-0.847	-0.929	-0.927	-0.932	-0.932	-0.946	-1.033	-0.941	-0.850	-0.873	-0.839	-0.871	-1.041	-0.934	-0.934	-0.873	-0.942	-1.030	-0.875	-0.936	-0.928	-0.932	-0.928	-0.928	-0.928	-0.928	-1.026	-1.026	-1.026	-1.026	-0.936	-0.941	-1.026	-0.931	-1.025	-0.863	-0.873	-0.927	-0.806	-0.896	-0.930	-0.923	-0.920	-0.989	-1.033	-1.026	-0.931	-0.933	-1.029	-0.855	-1.027	-1.027	-0.824	-0.850	-0.926	-0.937	-0.850	-0.850	-0.832	-0.871	-0.893	-0.808	-0.812	-0.859	-0.916	-0.845	-0.931	-1.035	-0.860	-0.901	-0.952	-0.959	-0.921	-0.952	-0.925	-1.023	-0.919	-0.917	-0.950	-0.955	-0.996	-0.955	-0.930	-0.930	-0.745	-0.948	-0.956	-0.974	-0.978	-0.926	-0.923	-0.934	-1.041	-1.004	-1.039	-1.041	-1.000	-1.000	-0.911	-0.983	-1.011	-1.051	-1.013	-1.070	-0.986	-0.942	-1.009	-0.864	-1.010	
rs6138928      -0.802	-0.970	-0.847	-0.966	-0.940	-0.892	-0.893	-0.940	-0.877	-1.026	-0.968	-0.877	-0.967	-0.867	-0.968	-0.892	-0.877	-0.911	-0.966	-0.965	-0.891	-0.921	-0.568	-0.921	-0.921	-0.945	-0.864	-0.891	-0.891	-0.888	-0.891	-0.945	-0.921	-0.714	-0.942	-0.918	-0.966	-0.954	-0.892	-0.915	-0.720	-0.720	-0.891	-0.877	-0.924	-0.918	-0.891	-0.904	-0.967	-0.898	-0.955	-0.918	-0.895	-0.723	-0.942	-0.942	-0.967	-0.943	-0.968	-0.928	-0.940	-0.947	-0.940	-0.921	-0.918	-0.969	-0.885	-0.940	-0.974	-0.975	-0.888	-0.889	-0.781	-0.944	-0.875	-0.934	-0.862	-0.923	-0.862	-0.957	-0.889	-0.889	-0.799	-0.891	-0.947	-0.852	-0.889	-0.888	-0.986	-0.888	-0.888	-0.888	-0.888	-0.949	-0.949	-0.949	-0.949	-0.890	-0.891	-0.950	-0.889	-1.019	-0.940	-0.863	-0.981	-0.938	-0.868	-0.889	-0.887	-0.981	-0.931	-1.024	-0.951	-0.891	-0.890	-0.952	-0.849	-1.020	-0.952	-0.941	-0.950	-0.983	-0.894	-0.950	-0.950	-0.940	-0.961	-0.964	-0.930	-0.935	-0.839	-0.979	-0.948	-0.984	-1.021	-0.957	-0.969	-0.978	-0.910	-0.975	-0.979	-0.977	-0.952	-0.973	-0.974	-0.982	-0.964	-0.938	-0.981	-0.978	-0.978	-0.769	-0.982	-0.978	-0.920	-0.923	-0.931	-0.929	-0.942	-0.936	-0.940	-0.933	-0.938	-0.925	-0.925	-0.849	-0.926	-0.940	-0.952	-0.939	-0.979	-0.928	-0.884	-0.940	-0.880	-0.937	
rs598971       -0.890	-0.909	-0.839	-0.909	-1.037	-0.946	-0.940	-1.037	-0.943	-1.033	-0.902	-0.943	-0.904	-0.880	-0.903	-0.941	-0.942	-0.773	-0.896	-0.893	-0.940	-0.768	-0.921	-0.633	-0.768	-1.036	-0.928	-0.940	-0.940	-0.944	-0.940	-1.036	-0.768	-0.935	-1.036	-0.779	-0.893	-0.845	-0.947	-0.782	-0.938	-0.938	-0.939	-0.942	-0.824	-0.785	-0.941	-0.952	-0.904	-0.944	-0.846	-0.785	-0.940	-0.930	-1.036	-1.036	-0.902	-1.036	-0.916	-0.843	-0.832	-1.030	-0.839	-0.837	-0.832	-0.926	-0.928	-0.847	-0.929	-0.927	-0.932	-0.932	-0.946	-1.033	-0.941	-0.850	-0.873	-0.839	-0.871	-1.041	-0.934	-0.934	-0.874	-0.942	-1.030	-0.875	-0.935	-0.928	-0.932	-0.928	-0.928	-0.928	-0.928	-1.026	-1.026	-1.026	-1.026	-0.936	-0.941	-1.026	-0.931	-1.025	-0.863	-0.873	-0.927	-0.806	-0.896	-0.930	-0.923	-0.920	-0.989	-1.033	-1.026	-0.931	-0.933	-1.028	-0.855	-1.027	-1.027	-0.824	-0.850	-0.926	-0.937	-0.850	-0.850	-0.832	-0.871	-0.893	-0.808	-0.812	-0.859	-0.916	-0.845	-0.931	-1.035	-0.860	-0.901	-0.952	-0.959	-0.921	-0.952	-0.925	-1.023	-0.919	-0.917	-0.950	-0.955	-0.996	-0.955	-0.930	-0.930	-0.745	-0.948	-0.955	-0.974	-0.978	-0.926	-0.923	-0.933	-1.041	-1.004	-1.039	-1.041	-1.000	-1.000	-0.911	-0.983	-1.011	-1.051	-1.013	-1.070	-0.986	-0.942	-1.009	-0.864	-1.009	
rs600832       -0.890	-0.909	-0.839	-0.909	-1.037	-0.946	-0.940	-1.037	-0.943	-1.033	-0.902	-0.942	-0.904	-0.880	-0.903	-0.941	-0.942	-0.773	-0.896	-0.893	-0.940	-0.768	-0.921	-0.768	-0.633	-1.035	-0.928	-0.939	-0.940	-0.944	-0.939	-1.035	-0.768	-0.935	-1.036	-0.779	-0.893	-0.846	-0.947	-0.782	-0.938	-0.939	-0.939	-0.942	-0.824	-0.784	-0.941	-0.952	-0.904	-0.944	-0.846	-0.785	-0.940	-0.930	-1.036	-1.036	-0.902	-1.036	-0.916	-0.843	-0.832	-1.030	-0.839	-0.836	-0.832	-0.926	-0.928	-0.847	-0.929	-0.927	-0.932	-0.932	-0.946	-1.033	-0.941	-0.850	-0.873	-0.838	-0.871	-1.041	-0.933	-0.933	-0.874	-0.942	-1.030	-0.874	-0.935	-0.928	-0.932	-0.928	-0.928	-0.928	-0.928	-1.026	-1.026	-1.026	-1.026	-0.936	-0.940	-1.026	-0.931	-1.024	-0.863	-0.873	-0.927	-0.806	-0.896	-0.930	-0.923	-0.920	-0.989	-1.033	-1.026	-0.931	-0.933	-1.028	-0.854	-1.026	-1.027	-0.824	-0.850	-0.926	-0.937	-0.850	-0.850	-0.832	-0.871	-0.893	-0.808	-0.812	-0.859	-0.916	-0.845	-0.931	-1.035	-0.860	-0.901	-0.952	-0.958	-0.921	-0.952	-0.925	-1.023	-0.919	-0.917	-0.949	-0.954	-0.996	-0.954	-0.930	-0.930	-0.745	-0.948	-0.955	-0.974	-0.977	-0.925	-0.922	-0.933	-1.040	-1.004	-1.039	-1.041	-1.000	-1.000	-0.911	-0.983	-1.011	-1.051	-1.013	-1.070	-0.986	-0.941	-1.008	-0.863	-1.009	
rs6138930      -0.856	-1.032	-0.851	-1.037	-0.745	-0.922	-0.919	-0.740	-0.912	-0.956	-1.031	-0.912	-1.033	-0.877	-1.032	-0.919	-0.912	-1.047	-1.025	-1.023	-0.918	-1.036	-0.945	-1.036	-1.035	-0.592	-0.897	-0.918	-0.918	-0.918	-0.918	-0.724	-1.036	-0.957	-0.736	-1.041	-1.022	-0.985	-0.922	-1.046	-0.961	-0.961	-0.918	-0.911	-1.042	-1.043	-0.918	-0.893	-1.032	-0.883	-0.985	-1.043	-0.879	-0.953	-0.742	-0.742	-1.030	-0.743	-1.032	-1.051	-1.026	-0.793	-1.031	-1.054	-1.055	-1.049	-0.909	-1.035	-1.045	-1.042	-0.912	-0.913	-0.967	-0.797	-0.910	-1.049	-0.872	-1.053	-0.871	-1.038	-0.914	-0.913	-0.844	-0.919	-0.798	-0.865	-0.915	-0.910	-1.024	-0.910	-0.910	-0.910	-0.910	-0.795	-0.795	-0.795	-0.795	-0.915	-0.918	-0.797	-0.912	-0.964	-1.048	-0.872	-1.031	-1.004	-0.880	-0.912	-0.907	-1.020	-0.985	-0.969	-0.803	-0.913	-0.913	-0.810	-0.856	-0.966	-0.808	-0.952	-0.965	-1.025	-0.877	-0.966	-0.966	-0.948	-0.981	-0.990	-0.936	-0.942	-0.850	-1.014	-0.960	-1.029	-0.977	-0.974	-0.997	-1.049	-0.902	-1.012	-1.048	-1.015	-0.799	-1.008	-1.008	-1.041	-1.056	-0.984	-1.047	-1.018	-1.018	-0.764	-1.032	-1.052	-0.961	-0.926	-0.859	-0.858	-1.055	-0.840	-0.963	-0.837	-0.843	-0.971	-0.971	-0.870	-0.935	-0.977	-1.030	-0.982	-1.042	-0.938	-0.899	-0.972	-1.033	-0.977	
rs12481210     -0.806	-0.926	-0.467	-0.933	-0.901	-0.630	-0.617	-0.901	-0.606	-0.921	-0.925	-0.606	-0.928	-0.474	-0.926	-0.619	-0.606	-0.941	-0.921	-0.918	-0.617	-0.928	-0.864	-0.928	-0.928	-0.897	-0.453	-0.617	-0.618	-0.631	-0.617	-0.897	-0.928	-0.875	-0.899	-0.934	-0.918	-0.876	-0.635	-0.938	-0.878	-0.878	-0.617	-0.609	-0.936	-0.935	-0.620	-0.788	-0.928	-0.779	-0.876	-0.935	-0.775	-0.870	-0.899	-0.899	-0.925	-0.898	-0.925	-0.939	-0.908	-0.887	-0.915	-0.944	-0.945	-0.942	-0.593	-0.919	-0.935	-0.933	-0.603	-0.603	-0.876	-0.894	-0.607	-0.935	-0.474	-0.943	-0.475	-0.925	-0.608	-0.608	-0.785	-0.631	-0.888	-0.540	-0.613	-0.598	-0.891	-0.598	-0.598	-0.599	-0.601	-0.881	-0.881	-0.881	-0.881	-0.621	-0.634	-0.880	-0.615	-0.919	-0.934	-0.502	-0.918	-0.884	-0.588	-0.618	-0.605	-0.905	-0.859	-0.899	-0.879	-0.625	-0.625	-0.883	-0.456	-0.922	-0.881	-0.833	-0.847	-0.910	-0.772	-0.848	-0.847	-0.823	-0.864	-0.879	-0.818	-0.823	-0.514	-0.898	-0.843	-0.915	-0.919	-0.856	-0.883	-0.943	-0.795	-0.900	-0.941	-0.903	-0.875	-0.896	-0.896	-0.933	-0.955	-0.851	-0.941	-0.906	-0.907	-0.279	-0.922	-0.947	-0.826	-0.815	-0.875	-0.874	-0.958	-0.907	-0.848	-0.907	-0.906	-0.851	-0.851	-0.736	-0.822	-0.859	-0.903	-0.864	-0.918	-0.826	-0.769	-0.855	-0.947	-0.859	
rs6051459      -0.835	-0.937	-0.504	-0.944	-0.921	-0.600	-0.602	-0.921	-0.599	-0.934	-0.936	-0.601	-0.939	-0.449	-0.937	-0.597	-0.603	-0.954	-0.931	-0.929	-0.596	-0.940	-0.891	-0.940	-0.939	-0.918	-0.617	-0.474	-0.595	-0.600	-0.594	-0.918	-0.940	-0.901	-0.919	-0.946	-0.928	-0.883	-0.609	-0.952	-0.904	-0.904	-0.595	-0.611	-0.949	-0.948	-0.595	-0.811	-0.939	-0.803	-0.883	-0.948	-0.799	-0.897	-0.919	-0.919	-0.936	-0.919	-0.936	-0.952	-0.918	-0.908	-0.925	-0.957	-0.959	-0.955	-0.596	-0.929	-0.947	-0.944	-0.596	-0.595	-0.902	-0.914	-0.602	-0.947	-0.487	-0.956	-0.492	-0.945	-0.600	-0.601	-0.814	-0.619	-0.908	-0.568	-0.605	-0.598	-0.898	-0.598	-0.598	-0.598	-0.603	-0.902	-0.902	-0.902	-0.902	-0.619	-0.630	-0.902	-0.621	-0.936	-0.946	-0.532	-0.928	-0.893	-0.623	-0.627	-0.620	-0.914	-0.884	-0.911	-0.901	-0.638	-0.635	-0.904	-0.493	-0.938	-0.902	-0.837	-0.852	-0.920	-0.795	-0.852	-0.852	-0.826	-0.870	-0.888	-0.821	-0.827	-0.591	-0.907	-0.847	-0.925	-0.936	-0.862	-0.891	-0.956	-0.817	-0.909	-0.954	-0.912	-0.897	-0.905	-0.905	-0.945	-0.970	-0.874	-0.953	-0.916	-0.916	-0.323	-0.933	-0.960	-0.850	-0.837	-0.900	-0.899	-0.975	-0.926	-0.868	-0.926	-0.925	-0.870	-0.870	-0.753	-0.844	-0.879	-0.919	-0.883	-0.934	-0.847	-0.787	-0.875	-0.967	-0.879	
rs6051460      -0.835	-0.938	-0.501	-0.945	-0.922	-0.602	-0.601	-0.921	-0.601	-0.934	-0.936	-0.603	-0.940	-0.442	-0.938	-0.598	-0.605	-0.955	-0.932	-0.929	-0.597	-0.940	-0.891	-0.940	-0.940	-0.918	-0.618	-0.595	-0.475	-0.602	-0.595	-0.918	-0.941	-0.902	-0.920	-0.947	-0.928	-0.884	-0.611	-0.952	-0.904	-0.904	-0.596	-0.613	-0.950	-0.949	-0.596	-0.812	-0.940	-0.803	-0.884	-0.948	-0.799	-0.897	-0.920	-0.920	-0.937	-0.919	-0.936	-0.953	-0.919	-0.908	-0.926	-0.958	-0.960	-0.955	-0.596	-0.930	-0.948	-0.945	-0.596	-0.595	-0.902	-0.915	-0.605	-0.948	-0.481	-0.957	-0.489	-0.945	-0.601	-0.602	-0.814	-0.620	-0.909	-0.566	-0.606	-0.596	-0.899	-0.597	-0.597	-0.597	-0.602	-0.903	-0.903	-0.902	-0.902	-0.620	-0.631	-0.902	-0.620	-0.936	-0.947	-0.529	-0.929	-0.893	-0.622	-0.626	-0.619	-0.915	-0.884	-0.912	-0.901	-0.637	-0.635	-0.905	-0.489	-0.939	-0.903	-0.838	-0.853	-0.920	-0.795	-0.853	-0.853	-0.827	-0.871	-0.889	-0.822	-0.828	-0.590	-0.908	-0.848	-0.926	-0.936	-0.863	-0.892	-0.957	-0.818	-0.910	-0.955	-0.913	-0.897	-0.906	-0.906	-0.945	-0.971	-0.875	-0.954	-0.917	-0.917	-0.319	-0.934	-0.961	-0.850	-0.837	-0.900	-0.900	-0.976	-0.926	-0.869	-0.926	-0.926	-0.871	-0.871	-0.753	-0.845	-0.880	-0.919	-0.884	-0.935	-0.848	-0.788	-0.876	-0.967	-0.879	
rs62207188     -0.831	-0.942	-0.469	-0.949	-0.922	-0.615	-0.603	-0.921	-0.623	-0.937	-0.941	-0.624	-0.944	-0.404	-0.942	-0.603	-0.625	-0.958	-0.936	-0.934	-0.600	-0.944	-0.888	-0.944	-0.944	-0.918	-0.631	-0.600	-0.602	-0.476	-0.600	-0.918	-0.944	-0.898	-0.920	-0.951	-0.933	-0.890	-0.623	-0.955	-0.901	-0.901	-0.601	-0.630	-0.953	-0.952	-0.604	-0.811	-0.944	-0.802	-0.890	-0.952	-0.798	-0.894	-0.920	-0.920	-0.941	-0.919	-0.940	-0.956	-0.924	-0.908	-0.930	-0.961	-0.963	-0.959	-0.589	-0.934	-0.951	-0.949	-0.590	-0.591	-0.899	-0.915	-0.626	-0.951	-0.449	-0.960	-0.451	-0.945	-0.599	-0.600	-0.809	-0.626	-0.909	-0.548	-0.606	-0.591	-0.905	-0.591	-0.591	-0.591	-0.596	-0.902	-0.902	-0.902	-0.902	-0.619	-0.634	-0.902	-0.617	-0.938	-0.951	-0.502	-0.934	-0.899	-0.607	-0.622	-0.610	-0.920	-0.883	-0.917	-0.901	-0.632	-0.631	-0.904	-0.455	-0.940	-0.902	-0.846	-0.860	-0.925	-0.794	-0.860	-0.860	-0.835	-0.878	-0.894	-0.830	-0.836	-0.574	-0.913	-0.856	-0.931	-0.939	-0.870	-0.898	-0.960	-0.817	-0.915	-0.958	-0.918	-0.897	-0.911	-0.911	-0.949	-0.973	-0.874	-0.958	-0.922	-0.922	-0.269	-0.938	-0.964	-0.848	-0.837	-0.897	-0.896	-0.977	-0.927	-0.869	-0.927	-0.926	-0.871	-0.871	-0.755	-0.844	-0.880	-0.922	-0.884	-0.937	-0.847	-0.789	-0.876	-0.967	-0.880	
rs1621041      -0.835	-0.937	-0.504	-0.944	-0.921	-0.600	-0.602	-0.921	-0.599	-0.934	-0.936	-0.601	-0.939	-0.449	-0.937	-0.597	-0.603	-0.954	-0.931	-0.929	-0.596	-0.940	-0.891	-0.940	-0.939	-0.918	-0.617	-0.594	-0.595	-0.600	-0.474	-0.918	-0.940	-0.901	-0.919	-0.946	-0.928	-0.883	-0.609	-0.952	-0.904	-0.904	-0.595	-0.612	-0.949	-0.948	-0.595	-0.811	-0.939	-0.803	-0.883	-0.948	-0.799	-0.897	-0.919	-0.919	-0.936	-0.919	-0.936	-0.952	-0.918	-0.908	-0.925	-0.957	-0.959	-0.955	-0.596	-0.929	-0.947	-0.944	-0.596	-0.594	-0.902	-0.914	-0.603	-0.947	-0.486	-0.956	-0.491	-0.945	-0.600	-0.601	-0.814	-0.619	-0.909	-0.568	-0.605	-0.598	-0.898	-0.598	-0.598	-0.598	-0.603	-0.902	-0.902	-0.902	-0.902	-0.619	-0.630	-0.902	-0.621	-0.936	-0.946	-0.532	-0.928	-0.893	-0.622	-0.627	-0.620	-0.914	-0.884	-0.911	-0.901	-0.638	-0.635	-0.904	-0.492	-0.938	-0.902	-0.837	-0.852	-0.920	-0.795	-0.852	-0.852	-0.826	-0.870	-0.888	-0.821	-0.827	-0.591	-0.907	-0.847	-0.925	-0.936	-0.862	-0.891	-0.956	-0.817	-0.909	-0.954	-0.912	-0.897	-0.905	-0.905	-0.945	-0.970	-0.874	-0.953	-0.916	-0.916	-0.322	-0.933	-0.960	-0.850	-0.837	-0.900	-0.899	-0.975	-0.926	-0.868	-0.926	-0.925	-0.870	-0.870	-0.753	-0.844	-0.879	-0.919	-0.883	-0.934	-0.847	-0.787	-0.876	-0.967	-0.879	
