## Summary of overall evidence for association with region:
## log10(BF for region) = 25.2263
## p-value for region = NA

## BFs for choosing among multi-SNP models:
## log10(average 1-SNP BF) = 24.8658
## log10(average 2-SNP BF) = 25.5542

## Example posterior probabilities for multi-SNP models, based on default prior: [p(l) propto 0.5^l for l=1,2,...,L]
## posterior probability of 1-SNP = 0.290694
## posterior probability of 2-SNP = 0.709306

## log10(BF) for single SNP and pair of SNPs:
rs1022834      +10.257	+9.995	+11.168	+17.697	+9.564	+11.504	+9.564	+11.498	+17.702	+11.498	+9.561	+11.188	+17.314	+18.385	+10.999	+11.174	+11.052	+18.534	+18.879	+9.779	+18.762	+18.415	+18.838	+11.196	+19.241	+18.740	+19.661	+18.765	+19.661	+18.764	+11.152	+18.788	+18.758	+11.196	+18.332	+18.340	+18.753	+18.695	+18.331	+11.205	+18.325	+18.812	+18.715	+18.724	+18.322	+18.678	+18.517	+11.242	+19.123	+11.225	+10.168	+19.582	+9.894	+11.242	+11.426	+10.357	+11.250	+19.244	+11.252	+19.126	+19.377	+15.676	+16.687	+16.216	+10.368	+12.997	+13.950	+12.946	+13.048	+12.967	+12.903	+13.102	+13.100	+12.951	+13.097	+13.100	+13.020	+13.097	+13.939	+13.082	+12.784	+12.864	+12.784	+12.729	+12.785	+12.649	+12.730	+12.549	+12.501	+13.099	+13.100	+13.184	+13.101	+13.101	+13.155	+13.071	+13.105	+13.082	+12.314	+13.111	+12.339	+12.475	+24.734	+13.068	+12.484	+12.484	+12.540	+12.422	+12.436	+13.233	+13.004	+13.090	+13.143	+13.374	+13.374	+14.244	+12.619	+12.438	+26.335	+12.924	+26.232	+13.116	+13.184	+26.055	+26.030	+13.254	+13.261	+26.036	+14.557	+13.211	+25.935	+13.187	+25.405	+13.164	+25.817	+14.539	+25.805	+13.142	+14.523	+25.463	+25.795	+13.131	+13.147	+13.134	+13.153	+14.333	+9.598	+10.324	+10.035	+11.470	+9.768	+9.768	+9.905	+17.567	+17.510	+17.517	+11.433	+9.868	+10.586	+9.566	+9.535	+9.908	+17.416	+12.222	+16.753	+11.093	+16.704	+11.152	+11.722	+11.719	+11.677	+16.639	+11.369	+10.943	+11.345	+16.851	+17.034	+17.012	+11.240	+10.290	+16.923	+12.779	+12.414	+11.330	+12.256	+12.017	+9.689	+9.675	+9.664	+9.675	
rs186291065    +9.995	+3.244	+3.274	+17.806	+2.932	+2.714	+2.961	+3.483	+17.810	+3.486	+2.926	+3.307	+17.655	+18.458	+6.834	+3.253	+3.244	+18.759	+19.122	+3.223	+18.994	+18.641	+19.073	+3.264	+19.352	+18.972	+19.794	+18.998	+19.793	+18.997	+3.239	+19.023	+18.992	+3.265	+18.564	+18.572	+18.986	+18.925	+18.562	+3.270	+18.556	+19.036	+18.945	+18.883	+18.553	+18.902	+18.737	+3.280	+19.204	+3.283	+6.461	+19.703	+3.334	+3.293	+4.052	+3.626	+3.299	+19.161	+3.300	+19.338	+18.747	+12.340	+14.156	+13.648	+4.841	+7.584	+9.547	+7.537	+9.236	+7.573	+7.485	+9.834	+9.828	+7.552	+9.823	+9.827	+7.625	+9.822	+9.510	+9.803	+9.364	+9.465	+9.364	+9.294	+9.360	+9.090	+9.193	+8.754	+8.740	+9.824	+9.825	+9.931	+9.827	+9.827	+9.894	+9.784	+9.828	+9.796	+9.464	+9.305	+9.490	+9.634	+24.560	+7.676	+9.640	+9.639	+9.717	+9.537	+9.561	+9.384	+7.612	+7.708	+7.777	+9.542	+9.542	+9.715	+9.766	+9.477	+26.434	+9.108	+26.252	+9.076	+9.141	+26.043	+26.017	+9.385	+9.388	+26.021	+9.945	+9.307	+25.909	+9.277	+25.329	+9.243	+25.779	+9.914	+25.765	+9.211	+9.893	+25.379	+25.742	+9.164	+9.185	+9.165	+9.173	+9.604	+2.762	+3.518	+3.154	+7.877	+2.642	+2.647	+2.966	+15.985	+15.883	+15.887	+6.074	+2.950	+4.896	+3.017	+2.904	+4.334	+15.291	+8.866	+14.354	+5.216	+14.261	+5.283	+5.513	+5.510	+5.462	+14.160	+5.081	+4.990	+5.049	+14.345	+14.638	+14.602	+6.144	+4.743	+14.490	+8.257	+6.071	+7.802	+7.396	+7.015	+2.705	+2.712	+2.690	+2.712	
rs62572374     +11.168	+3.274	-0.127	+17.253	-0.472	-0.403	-0.469	-0.137	+17.258	-0.136	-0.474	-0.197	+17.584	+17.980	+2.429	-0.261	-0.269	+18.733	+19.121	-0.382	+18.986	+18.684	+19.073	-0.257	+18.815	+18.963	+19.270	+18.990	+19.269	+18.988	-0.267	+19.014	+18.981	-0.257	+18.590	+18.600	+18.976	+18.911	+18.589	-0.255	+18.582	+19.037	+18.930	+18.987	+18.579	+18.888	+18.683	-0.256	+18.653	-0.251	+2.464	+19.172	-0.351	-0.246	+0.098	-0.177	-0.244	+18.566	-0.244	+19.302	+18.987	+12.158	+14.313	+13.785	+0.821	+2.885	+9.362	+2.848	+9.184	+2.879	+2.807	+9.326	+9.320	+2.860	+9.313	+9.317	+2.923	+9.312	+9.312	+9.290	+8.777	+8.894	+8.777	+8.689	+8.765	+8.370	+8.490	+8.008	+8.001	+9.314	+9.315	+9.437	+9.318	+9.317	+9.391	+9.267	+9.317	+9.280	+9.282	+9.251	+9.310	+9.461	+23.946	+2.965	+9.467	+9.466	+9.554	+9.350	+9.360	+9.313	+2.912	+2.995	+3.051	+9.477	+9.477	+4.811	+9.589	+9.255	+25.918	+9.053	+25.813	+8.963	+9.026	+25.584	+25.556	+9.310	+9.313	+25.560	+5.015	+9.223	+25.442	+9.191	+24.822	+9.154	+25.302	+4.979	+25.288	+9.118	+4.961	+24.887	+25.261	+9.064	+9.086	+9.064	+9.063	+4.712	-0.490	+3.445	+2.980	+3.650	-0.304	-0.297	+2.347	+14.935	+14.816	+14.818	+5.604	+2.174	+3.139	+1.405	+1.156	+3.082	+14.289	+4.417	+13.231	+4.328	+13.119	+4.414	+4.284	+4.280	+4.221	+13.009	+3.725	+4.029	+3.682	+13.136	+13.488	+13.440	+2.865	+3.460	+13.311	+3.645	+3.624	+3.529	+3.039	+2.689	-0.223	-0.394	-0.324	-0.393	
rs6479433      +17.697	+17.806	+17.253	+17.793	+18.180	+18.450	+18.161	+17.199	+17.850	+17.199	+18.176	+17.242	+19.115	+18.315	+17.029	+17.275	+17.327	+20.435	+20.667	+17.619	+20.604	+20.381	+20.639	+17.268	+19.039	+20.576	+19.425	+20.594	+19.425	+20.595	+17.277	+20.613	+20.591	+17.267	+20.330	+20.335	+20.587	+20.547	+20.329	+17.265	+20.325	+20.631	+20.571	+20.662	+20.324	+20.539	+20.452	+17.240	+18.924	+17.259	+17.785	+19.346	+17.295	+17.254	+17.089	+17.137	+17.251	+18.953	+17.251	+20.756	+21.064	+18.319	+20.903	+20.544	+17.063	+17.276	+19.155	+17.262	+19.835	+17.275	+17.252	+18.735	+18.734	+17.268	+18.732	+18.734	+17.291	+18.732	+19.155	+18.722	+18.537	+18.592	+18.537	+18.495	+18.533	+18.466	+18.522	+18.268	+18.242	+18.734	+18.735	+18.794	+18.736	+18.736	+18.775	+18.714	+18.738	+18.723	+19.348	+19.897	+19.377	+19.546	+24.337	+17.300	+19.556	+19.556	+19.625	+19.509	+19.515	+20.070	+17.277	+17.310	+17.323	+20.220	+20.220	+18.363	+19.691	+19.533	+26.574	+20.378	+26.526	+20.004	+20.068	+26.377	+26.355	+19.972	+19.977	+26.361	+18.711	+19.931	+26.273	+19.916	+25.809	+19.896	+26.175	+18.705	+26.164	+19.878	+18.695	+25.861	+26.157	+19.872	+19.883	+19.872	+19.891	+18.612	+17.398	+17.843	+17.897	+19.897	+18.352	+18.354	+17.707	+20.136	+20.109	+20.120	+18.830	+17.632	+16.984	+17.023	+16.964	+17.293	+21.584	+21.129	+21.127	+18.211	+21.116	+18.265	+17.801	+17.799	+17.771	+21.075	+17.588	+18.087	+17.576	+21.211	+21.217	+21.206	+17.461	+17.682	+21.138	+18.433	+18.298	+19.568	+18.151	+17.989	+17.166	+17.131	+17.132	+17.132	
rs7024349      +9.564	+2.932	-0.472	+18.180	-0.417	-0.481	-0.526	-0.341	+18.190	-0.339	-0.541	-0.455	+19.074	+18.753	+1.782	-0.490	-0.496	+19.384	+19.789	-0.474	+19.642	+19.392	+19.733	-0.484	+19.555	+19.624	+20.016	+19.652	+20.014	+19.651	-0.497	+19.678	+19.644	-0.484	+19.293	+19.302	+19.638	+19.570	+19.291	-0.481	+19.283	+19.705	+19.585	+19.752	+19.279	+19.514	+19.278	-0.478	+19.351	-0.474	+2.094	+19.904	-0.438	-0.468	+0.067	-0.266	-0.465	+19.319	-0.465	+19.871	+18.537	+11.441	+13.765	+13.230	+0.455	+2.418	+9.018	+2.375	+9.220	+2.402	+2.334	+9.615	+9.608	+2.385	+9.601	+9.606	+2.446	+9.600	+8.971	+9.578	+9.039	+9.160	+9.039	+8.949	+9.028	+8.511	+8.634	+8.157	+8.187	+9.603	+9.604	+9.730	+9.606	+9.606	+9.683	+9.554	+9.607	+9.568	+8.876	+9.285	+8.904	+9.050	+24.375	+2.486	+9.056	+9.055	+9.146	+8.938	+8.951	+9.351	+2.433	+2.516	+2.567	+9.513	+9.513	+4.241	+9.181	+8.851	+26.528	+9.060	+26.406	+8.982	+9.048	+26.154	+26.127	+9.329	+9.332	+26.128	+4.440	+9.240	+26.005	+9.208	+25.356	+9.170	+25.863	+4.406	+25.847	+9.133	+4.389	+25.438	+25.820	+9.078	+9.100	+9.078	+9.075	+4.145	-0.707	+3.099	+2.645	+3.227	-0.533	-0.530	+2.017	+15.081	+14.956	+14.958	+5.511	+1.850	+3.055	+1.081	+0.855	+2.746	+14.323	+3.886	+13.241	+4.205	+13.124	+4.292	+4.160	+4.156	+4.098	+13.008	+3.607	+3.899	+3.565	+13.127	+13.494	+13.446	+2.673	+3.109	+13.313	+3.074	+3.498	+3.031	+2.518	+2.185	-0.511	-0.662	-0.600	-0.660	
rs149660583    +11.504	+2.714	-0.403	+18.450	-0.481	-0.355	-0.459	-0.289	+18.459	-0.287	-0.487	-0.385	+19.092	+18.914	+2.241	-0.415	-0.417	+19.252	+19.639	-0.318	+19.501	+19.205	+19.590	-0.409	+19.778	+19.483	+20.241	+19.510	+20.240	+19.509	-0.422	+19.537	+19.502	-0.408	+19.111	+19.120	+19.497	+19.431	+19.110	-0.405	+19.103	+19.558	+19.448	+19.489	+19.099	+19.376	+19.204	-0.402	+19.569	-0.398	+2.000	+20.135	-0.262	-0.392	+0.103	-0.110	-0.389	+19.542	-0.389	+19.760	+19.177	+12.512	+14.643	+14.065	+0.468	+2.308	+9.256	+2.274	+9.066	+2.303	+2.238	+9.763	+9.756	+2.288	+9.749	+9.754	+2.343	+9.748	+9.208	+9.727	+9.207	+9.326	+9.207	+9.118	+9.197	+8.680	+8.802	+8.262	+8.310	+9.751	+9.752	+9.877	+9.754	+9.754	+9.829	+9.705	+9.756	+9.719	+9.659	+9.135	+9.687	+9.831	+24.928	+2.384	+9.834	+9.834	+9.933	+9.710	+9.726	+9.197	+2.337	+2.413	+2.463	+9.365	+9.364	+4.144	+9.966	+9.623	+27.038	+8.938	+26.910	+8.838	+8.907	+26.656	+26.627	+9.197	+9.200	+26.631	+4.329	+9.110	+26.509	+9.077	+25.875	+9.039	+26.371	+4.297	+26.356	+9.003	+4.280	+25.949	+26.331	+8.947	+8.970	+8.947	+8.946	+4.048	-0.622	+2.901	+2.463	+3.093	-0.643	-0.639	+1.877	+15.403	+15.280	+15.281	+5.460	+1.722	+3.304	+1.241	+1.009	+3.045	+14.600	+3.845	+13.525	+4.124	+13.409	+4.210	+4.290	+4.286	+4.227	+13.292	+3.729	+3.821	+3.686	+13.409	+13.770	+13.725	+3.113	+3.399	+13.593	+3.100	+3.621	+3.027	+2.551	+2.212	-0.433	-0.596	-0.528	-0.595	
rs67049816     +9.564	+2.961	-0.469	+18.161	-0.526	-0.459	-0.404	-0.344	+18.171	-0.342	-0.533	-0.453	+19.053	+18.736	+1.788	-0.487	-0.491	+19.369	+19.774	-0.480	+19.627	+19.378	+19.718	-0.481	+19.538	+19.608	+19.999	+19.637	+19.997	+19.635	-0.493	+19.663	+19.628	-0.481	+19.278	+19.288	+19.622	+19.555	+19.277	-0.478	+19.269	+19.689	+19.570	+19.726	+19.265	+19.499	+19.263	-0.475	+19.334	-0.471	+2.118	+19.887	-0.444	-0.466	+0.050	-0.273	-0.463	+19.298	-0.462	+19.855	+18.538	+11.438	+13.762	+13.227	+0.472	+2.441	+9.017	+2.398	+9.236	+2.426	+2.357	+9.596	+9.589	+2.409	+9.581	+9.587	+2.470	+9.581	+8.971	+9.559	+9.020	+9.139	+9.020	+8.930	+9.007	+8.496	+8.617	+8.140	+8.168	+9.583	+9.585	+9.709	+9.587	+9.587	+9.662	+9.534	+9.587	+9.547	+8.874	+9.299	+8.901	+9.048	+24.355	+2.512	+9.053	+9.053	+9.144	+8.936	+8.949	+9.366	+2.459	+2.541	+2.593	+9.529	+9.529	+4.268	+9.178	+8.848	+26.505	+9.077	+26.383	+9.000	+9.067	+26.130	+26.103	+9.347	+9.350	+26.104	+4.468	+9.259	+25.981	+9.226	+25.332	+9.188	+25.839	+4.434	+25.824	+9.152	+4.417	+25.409	+25.796	+9.096	+9.118	+9.096	+9.093	+4.173	-0.695	+3.128	+2.674	+3.254	-0.510	-0.507	+2.043	+15.064	+14.940	+14.941	+5.527	+1.876	+3.048	+1.089	+0.863	+2.750	+14.307	+3.911	+13.227	+4.224	+13.110	+4.311	+4.164	+4.160	+4.102	+12.995	+3.611	+3.917	+3.569	+13.114	+13.478	+13.430	+2.668	+3.115	+13.297	+3.095	+3.501	+3.053	+2.538	+2.204	-0.499	-0.650	-0.588	-0.649	
rs1323276      +11.498	+3.483	-0.137	+17.199	-0.341	-0.289	-0.344	+0.001	+17.204	-0.059	-0.342	-0.136	+17.519	+17.924	+2.493	-0.184	-0.180	+18.672	+19.058	-0.298	+18.925	+18.619	+19.011	-0.183	+18.764	+18.901	+19.219	+18.929	+19.218	+18.927	-0.187	+18.952	+18.920	-0.183	+18.526	+18.535	+18.915	+18.849	+18.524	-0.182	+18.517	+18.975	+18.868	+18.916	+18.514	+18.825	+18.626	-0.184	+18.601	-0.180	+2.650	+19.120	-0.276	-0.178	+0.105	-0.118	-0.177	+18.513	-0.177	+19.237	+18.895	+12.241	+14.361	+13.837	+0.987	+3.116	+9.207	+3.072	+9.343	+3.104	+3.029	+9.228	+9.222	+3.085	+9.215	+9.219	+3.149	+9.214	+9.159	+9.192	+8.690	+8.804	+8.689	+8.602	+8.677	+8.296	+8.413	+7.912	+7.909	+9.216	+9.218	+9.337	+9.220	+9.220	+9.293	+9.170	+9.219	+9.183	+9.455	+9.409	+9.483	+9.636	+23.876	+3.192	+9.642	+9.642	+9.729	+9.525	+9.535	+9.472	+3.138	+3.222	+3.279	+9.633	+9.633	+5.058	+9.761	+9.426	+25.804	+9.199	+25.705	+9.117	+9.179	+25.481	+25.453	+9.461	+9.463	+25.457	+5.264	+9.374	+25.339	+9.341	+24.729	+9.304	+25.202	+5.229	+25.188	+9.269	+5.210	+24.790	+25.162	+9.214	+9.236	+9.214	+9.212	+4.955	-0.376	+3.650	+3.174	+3.855	-0.153	-0.145	+2.532	+14.905	+14.788	+14.790	+5.716	+2.356	+3.171	+1.531	+1.275	+3.204	+14.271	+4.631	+13.223	+4.453	+13.114	+4.538	+4.278	+4.274	+4.216	+13.004	+3.728	+4.150	+3.686	+13.133	+13.476	+13.429	+2.949	+3.592	+13.302	+3.844	+3.623	+3.726	+3.228	+2.876	-0.101	-0.277	-0.206	-0.276	
rs2057457      +17.702	+17.810	+17.258	+17.850	+18.190	+18.459	+18.171	+17.204	+17.798	+17.204	+18.186	+17.247	+19.111	+18.321	+17.034	+17.281	+17.333	+20.425	+20.656	+17.627	+20.593	+20.372	+20.628	+17.273	+19.036	+20.566	+19.423	+20.584	+19.423	+20.584	+17.282	+20.603	+20.581	+17.273	+20.320	+20.326	+20.577	+20.537	+20.319	+17.271	+20.316	+20.621	+20.561	+20.653	+20.314	+20.529	+20.442	+17.245	+18.919	+17.265	+17.789	+19.344	+17.302	+17.260	+17.093	+17.142	+17.257	+18.947	+17.257	+20.745	+21.055	+18.313	+20.896	+20.537	+17.067	+17.278	+19.152	+17.265	+19.832	+17.277	+17.254	+18.731	+18.729	+17.271	+18.728	+18.730	+17.293	+18.728	+19.151	+18.718	+18.533	+18.588	+18.533	+18.492	+18.529	+18.463	+18.518	+18.264	+18.239	+18.730	+18.730	+18.789	+18.731	+18.731	+18.770	+18.710	+18.734	+18.719	+19.344	+19.894	+19.373	+19.542	+24.329	+17.302	+19.552	+19.552	+19.621	+19.505	+19.511	+20.067	+17.280	+17.313	+17.326	+20.217	+20.217	+18.364	+19.687	+19.529	+26.565	+20.375	+26.517	+20.001	+20.066	+26.367	+26.346	+19.969	+19.974	+26.352	+18.712	+19.928	+26.264	+19.913	+25.799	+19.893	+26.165	+18.706	+26.154	+19.875	+18.696	+25.850	+26.147	+19.869	+19.880	+19.869	+19.887	+18.613	+17.405	+17.844	+17.899	+19.901	+18.360	+18.362	+17.710	+20.127	+20.101	+20.111	+18.829	+17.634	+16.986	+17.026	+16.967	+17.294	+21.577	+21.133	+21.121	+18.211	+21.110	+18.265	+17.800	+17.798	+17.770	+21.069	+17.588	+18.087	+17.576	+21.205	+21.211	+21.200	+17.462	+17.683	+21.132	+18.435	+18.299	+19.571	+18.151	+17.991	+17.171	+17.136	+17.137	+17.137	
rs62572381     +11.498	+3.486	-0.136	+17.199	-0.339	-0.287	-0.342	-0.059	+17.204	+0.003	-0.341	-0.135	+17.517	+17.923	+2.495	-0.182	-0.179	+18.671	+19.057	-0.297	+18.923	+18.618	+19.010	-0.181	+18.763	+18.900	+19.218	+18.928	+19.217	+18.926	-0.185	+18.951	+18.919	-0.181	+18.524	+18.534	+18.914	+18.848	+18.523	-0.180	+18.516	+18.974	+18.867	+18.915	+18.513	+18.824	+18.625	-0.183	+18.601	-0.178	+2.653	+19.120	-0.274	-0.176	+0.106	-0.117	-0.175	+18.512	-0.175	+19.236	+18.893	+12.245	+14.364	+13.840	+0.989	+3.119	+9.206	+3.075	+9.345	+3.106	+3.031	+9.228	+9.221	+3.088	+9.214	+9.219	+3.151	+9.214	+9.158	+9.192	+8.689	+8.803	+8.689	+8.601	+8.676	+8.295	+8.413	+7.912	+7.908	+9.216	+9.217	+9.336	+9.219	+9.219	+9.292	+9.170	+9.219	+9.182	+9.458	+9.411	+9.486	+9.639	+23.876	+3.195	+9.645	+9.644	+9.732	+9.528	+9.537	+9.474	+3.141	+3.225	+3.282	+9.635	+9.635	+5.061	+9.764	+9.429	+25.804	+9.202	+25.705	+9.119	+9.182	+25.480	+25.453	+9.463	+9.466	+25.456	+5.266	+9.376	+25.339	+9.344	+24.729	+9.307	+25.202	+5.232	+25.187	+9.271	+5.213	+24.789	+25.162	+9.216	+9.239	+9.217	+9.215	+4.958	-0.375	+3.653	+3.177	+3.857	-0.151	-0.142	+2.535	+14.905	+14.788	+14.790	+5.718	+2.359	+3.171	+1.533	+1.277	+3.206	+14.271	+4.633	+13.223	+4.455	+13.114	+4.540	+4.278	+4.274	+4.216	+13.004	+3.729	+4.152	+3.686	+13.133	+13.476	+13.429	+2.949	+3.594	+13.302	+3.846	+3.623	+3.729	+3.230	+2.879	-0.099	-0.276	-0.204	-0.274	
rs10992504     +9.561	+2.926	-0.474	+18.176	-0.541	-0.487	-0.533	-0.342	+18.186	-0.341	-0.421	-0.456	+19.063	+18.747	+1.780	-0.492	-0.498	+19.373	+19.778	-0.476	+19.632	+19.379	+19.722	-0.486	+19.547	+19.613	+20.008	+19.642	+20.006	+19.640	-0.499	+19.667	+19.633	-0.486	+19.280	+19.290	+19.627	+19.560	+19.279	-0.483	+19.271	+19.694	+19.574	+19.738	+19.267	+19.504	+19.267	-0.480	+19.344	-0.476	+2.088	+19.897	-0.439	-0.470	+0.066	-0.266	-0.467	+19.311	-0.467	+19.859	+18.535	+11.438	+13.762	+13.227	+0.451	+2.411	+9.016	+2.368	+9.219	+2.396	+2.328	+9.609	+9.602	+2.379	+9.595	+9.600	+2.440	+9.594	+8.969	+9.572	+9.034	+9.155	+9.034	+8.944	+9.023	+8.507	+8.630	+8.153	+8.182	+9.597	+9.598	+9.724	+9.601	+9.600	+9.677	+9.548	+9.601	+9.562	+8.874	+9.284	+8.902	+9.048	+24.366	+2.480	+9.053	+9.053	+9.144	+8.936	+8.949	+9.350	+2.427	+2.509	+2.561	+9.512	+9.512	+4.234	+9.178	+8.848	+26.517	+9.059	+26.395	+8.980	+9.047	+26.144	+26.117	+9.328	+9.330	+26.118	+4.433	+9.239	+25.995	+9.206	+25.346	+9.168	+25.853	+4.399	+25.838	+9.132	+4.381	+25.429	+25.810	+9.076	+9.099	+9.076	+9.073	+4.138	-0.710	+3.094	+2.641	+3.220	-0.538	-0.535	+2.012	+15.080	+14.956	+14.957	+5.508	+1.845	+3.053	+1.078	+0.853	+2.744	+14.323	+3.878	+13.242	+4.202	+13.125	+4.289	+4.158	+4.154	+4.096	+13.009	+3.605	+3.895	+3.563	+13.127	+13.494	+13.446	+2.673	+3.107	+13.313	+3.068	+3.496	+3.023	+2.513	+2.179	-0.514	-0.665	-0.603	-0.664	
rs4595187      +11.188	+3.307	-0.197	+17.242	-0.455	-0.385	-0.453	-0.136	+17.247	-0.135	-0.456	-0.107	+17.570	+17.973	+2.464	-0.244	-0.253	+18.728	+19.115	-0.369	+18.980	+18.678	+19.067	-0.241	+18.810	+18.957	+19.265	+18.984	+19.264	+18.983	-0.249	+19.008	+18.976	-0.241	+18.584	+18.594	+18.971	+18.905	+18.583	-0.239	+18.577	+19.032	+18.925	+18.981	+18.573	+18.882	+18.677	-0.240	+18.648	-0.235	+2.495	+19.166	-0.340	-0.231	+0.101	-0.168	-0.229	+18.560	-0.229	+19.295	+18.977	+12.208	+14.355	+13.827	+0.847	+2.924	+9.354	+2.886	+9.208	+2.917	+2.845	+9.321	+9.314	+2.898	+9.307	+9.312	+2.961	+9.306	+9.304	+9.284	+8.772	+8.889	+8.772	+8.683	+8.760	+8.363	+8.483	+8.002	+7.995	+9.309	+9.310	+9.432	+9.312	+9.312	+9.386	+9.261	+9.311	+9.274	+9.311	+9.276	+9.340	+9.491	+23.942	+3.003	+9.496	+9.496	+9.584	+9.379	+9.390	+9.338	+2.950	+3.033	+3.089	+9.502	+9.502	+4.853	+9.618	+9.285	+25.913	+9.077	+25.807	+8.988	+9.051	+25.579	+25.551	+9.334	+9.337	+25.555	+5.058	+9.247	+25.436	+9.215	+24.817	+9.177	+25.297	+5.022	+25.283	+9.142	+5.004	+24.882	+25.256	+9.087	+9.110	+9.088	+9.086	+4.754	-0.471	+3.482	+3.014	+3.682	-0.274	-0.265	+2.379	+14.933	+14.814	+14.816	+5.625	+2.207	+3.142	+1.428	+1.176	+3.105	+14.287	+4.449	+13.229	+4.351	+13.118	+4.437	+4.283	+4.279	+4.220	+13.008	+3.725	+4.051	+3.681	+13.135	+13.486	+13.439	+2.871	+3.483	+13.310	+3.681	+3.623	+3.561	+3.073	+2.722	-0.204	-0.375	-0.305	-0.374	
rs7030886      +17.314	+17.655	+17.584	+19.115	+19.074	+19.092	+19.053	+17.519	+19.111	+17.517	+19.063	+17.570	+18.006	+19.553	+17.254	+17.465	+17.495	+19.168	+19.416	+17.968	+19.336	+19.143	+19.385	+17.458	+20.334	+19.317	+20.688	+19.336	+20.690	+19.336	+17.467	+19.355	+19.332	+17.458	+19.088	+19.094	+19.328	+19.286	+19.088	+17.455	+19.084	+19.374	+19.306	+19.413	+19.083	+19.278	+19.183	+17.435	+20.263	+17.450	+17.722	+20.635	+17.617	+17.446	+17.303	+17.440	+17.444	+20.426	+17.444	+19.523	+19.800	+20.115	+19.982	+19.668	+18.950	+19.157	+18.938	+19.116	+19.410	+19.135	+19.087	+18.419	+18.418	+19.125	+18.417	+18.419	+19.181	+18.417	+18.938	+18.408	+18.242	+18.291	+18.242	+18.208	+18.241	+18.184	+18.233	+18.068	+18.041	+18.418	+18.419	+18.472	+18.420	+18.420	+18.455	+18.401	+18.422	+18.409	+18.826	+19.463	+18.850	+18.987	+25.896	+19.208	+18.996	+18.996	+19.035	+18.955	+18.964	+19.608	+19.155	+19.215	+19.263	+19.720	+19.720	+19.730	+19.116	+18.982	+27.071	+19.211	+27.008	+19.540	+19.599	+26.871	+26.850	+19.555	+19.561	+26.856	+20.084	+19.524	+26.771	+19.508	+26.334	+19.490	+26.677	+20.079	+26.666	+19.474	+20.067	+26.371	+26.664	+19.471	+19.482	+19.472	+19.489	+19.939	+17.678	+18.127	+17.714	+19.416	+18.597	+18.593	+17.593	+20.121	+20.096	+20.106	+18.124	+17.540	+17.337	+17.172	+17.174	+17.230	+20.256	+20.440	+19.889	+17.930	+19.880	+17.969	+17.679	+17.678	+17.655	+19.847	+17.510	+17.829	+17.501	+20.014	+20.049	+20.043	+17.361	+17.465	+19.992	+19.186	+18.179	+19.208	+18.782	+18.605	+17.364	+17.386	+17.362	+17.391	
rs10739935     +18.385	+18.458	+17.980	+18.315	+18.753	+18.914	+18.736	+17.924	+18.321	+17.923	+18.747	+17.973	+19.553	+18.512	+17.741	+18.020	+18.070	+20.794	+21.012	+18.266	+20.954	+20.748	+20.985	+18.012	+19.235	+20.924	+19.587	+20.941	+19.587	+20.941	+18.022	+20.959	+20.938	+18.011	+20.696	+20.701	+20.934	+20.896	+20.695	+18.009	+20.692	+20.977	+20.920	+21.023	+20.690	+20.890	+20.809	+17.980	+19.142	+18.002	+18.449	+19.522	+17.967	+17.997	+17.798	+17.854	+17.993	+19.224	+17.993	+21.089	+21.287	+18.883	+21.463	+21.107	+17.760	+17.940	+19.631	+17.927	+20.326	+17.940	+17.918	+19.347	+19.346	+17.933	+19.345	+19.347	+17.954	+19.345	+19.631	+19.335	+19.156	+19.209	+19.156	+19.116	+19.152	+18.991	+19.043	+18.801	+18.776	+19.346	+19.347	+19.404	+19.348	+19.348	+19.386	+19.327	+19.351	+19.336	+19.993	+20.386	+20.022	+20.190	+24.533	+17.962	+20.200	+20.201	+20.269	+20.155	+20.161	+20.556	+17.942	+17.964	+17.984	+20.702	+20.702	+18.994	+20.336	+20.183	+26.807	+20.867	+26.764	+20.497	+20.560	+26.621	+26.600	+20.458	+20.463	+26.607	+19.320	+20.419	+26.521	+20.404	+26.072	+20.385	+26.427	+19.315	+26.417	+20.367	+19.305	+26.122	+26.411	+20.363	+20.373	+20.363	+20.381	+19.226	+18.051	+18.473	+18.531	+20.555	+18.926	+18.926	+18.355	+20.625	+20.602	+20.612	+19.402	+18.288	+17.683	+17.742	+17.678	+18.005	+22.123	+21.778	+21.683	+18.810	+21.674	+18.862	+18.395	+18.394	+18.367	+21.635	+18.197	+18.692	+18.186	+21.771	+21.771	+21.762	+18.169	+18.403	+21.696	+19.053	+18.901	+20.215	+18.784	+18.627	+17.872	+17.847	+17.844	+17.848	
rs10761178     +10.999	+6.834	+2.429	+17.029	+1.782	+2.241	+1.788	+2.493	+17.034	+2.495	+1.780	+2.464	+17.254	+17.741	+2.317	+2.428	+2.410	+18.490	+18.854	+1.973	+18.732	+18.381	+18.810	+2.442	+18.593	+18.708	+19.047	+18.734	+19.046	+18.733	+2.421	+18.757	+18.726	+2.443	+18.301	+18.310	+18.721	+18.658	+18.300	+2.449	+18.294	+18.783	+18.678	+18.621	+18.291	+18.643	+18.477	+2.459	+18.435	+2.462	+5.838	+18.951	+2.046	+2.472	+2.996	+2.371	+2.477	+18.346	+2.478	+19.000	+18.869	+11.461	+13.762	+13.245	+3.408	+3.989	+11.671	+3.956	+11.057	+3.979	+3.925	+10.927	+10.921	+3.967	+10.916	+10.920	+4.016	+10.915	+11.630	+10.893	+10.434	+10.545	+10.434	+10.345	+10.421	+10.080	+10.195	+9.748	+9.747	+10.917	+10.918	+11.035	+10.920	+10.920	+10.991	+10.874	+10.920	+10.887	+10.350	+11.121	+10.381	+10.540	+23.783	+4.053	+10.550	+10.550	+10.639	+10.444	+10.452	+11.210	+4.009	+4.077	+4.119	+11.381	+11.381	+5.414	+10.692	+10.403	+25.664	+10.893	+25.572	+10.936	+11.006	+25.351	+25.324	+11.209	+11.211	+25.328	+5.638	+11.132	+25.212	+11.098	+24.610	+11.063	+25.077	+5.610	+25.062	+11.029	+5.594	+24.671	+25.037	+10.982	+11.003	+10.983	+10.984	+5.389	+1.804	+6.559	+6.281	+7.250	+1.939	+1.941	+5.634	+15.078	+14.978	+14.981	+7.995	+5.128	+4.966	+3.499	+3.306	+4.911	+15.269	+7.962	+14.309	+6.575	+14.220	+6.658	+7.019	+7.016	+6.953	+14.127	+6.458	+6.282	+6.414	+14.294	+14.569	+14.528	+4.875	+5.300	+14.396	+4.643	+6.264	+6.773	+4.215	+3.915	+2.124	+1.921	+1.998	+1.922	
rs62572384     +11.174	+3.253	-0.261	+17.275	-0.490	-0.415	-0.487	-0.184	+17.281	-0.182	-0.492	-0.244	+17.465	+18.020	+2.428	-0.143	-0.250	+18.809	+19.200	-0.389	+19.063	+18.771	+19.152	-0.216	+18.852	+19.041	+19.307	+19.068	+19.305	+19.067	-0.227	+19.092	+19.059	-0.216	+18.675	+18.685	+19.054	+18.989	+18.674	-0.213	+18.667	+19.117	+19.008	+19.088	+18.664	+18.965	+18.752	-0.222	+18.689	-0.208	+2.455	+19.207	-0.361	-0.204	+0.119	-0.191	-0.202	+18.601	-0.201	+19.372	+19.091	+12.267	+14.402	+13.873	+0.816	+2.891	+9.440	+2.853	+9.216	+2.883	+2.812	+9.370	+9.364	+2.866	+9.356	+9.361	+2.928	+9.356	+9.389	+9.333	+8.815	+8.933	+8.815	+8.725	+8.803	+8.373	+8.494	+8.050	+8.041	+9.358	+9.359	+9.483	+9.362	+9.361	+9.436	+9.310	+9.361	+9.323	+9.329	+9.284	+9.358	+9.509	+23.977	+2.970	+9.515	+9.515	+9.602	+9.398	+9.408	+9.347	+2.917	+3.000	+3.056	+9.511	+9.511	+4.821	+9.638	+9.303	+25.968	+9.086	+25.859	+8.996	+9.058	+25.627	+25.599	+9.341	+9.344	+25.603	+5.028	+9.254	+25.483	+9.222	+24.859	+9.185	+25.344	+4.992	+25.329	+9.149	+4.973	+24.927	+25.302	+9.095	+9.117	+9.095	+9.093	+4.723	-0.494	+3.440	+2.971	+3.639	-0.268	-0.259	+2.337	+14.938	+14.819	+14.821	+5.624	+2.168	+3.118	+1.414	+1.126	+3.102	+14.287	+4.404	+13.223	+4.348	+13.110	+4.434	+4.277	+4.273	+4.213	+12.999	+3.713	+4.047	+3.670	+13.127	+13.483	+13.435	+2.812	+3.480	+13.305	+3.643	+3.615	+3.514	+3.030	+2.674	-0.235	-0.407	-0.338	-0.406	
rs118160730    +11.052	+3.244	-0.269	+17.327	-0.496	-0.417	-0.491	-0.180	+17.333	-0.179	-0.498	-0.253	+17.495	+18.070	+2.410	-0.250	-0.139	+18.843	+19.233	-0.383	+19.097	+18.801	+19.185	-0.245	+18.904	+19.074	+19.358	+19.101	+19.357	+19.100	-0.256	+19.125	+19.093	-0.244	+18.707	+18.716	+19.088	+19.022	+18.705	-0.242	+18.699	+19.149	+19.041	+19.111	+18.695	+18.998	+18.788	-0.243	+18.741	-0.236	+2.450	+19.258	-0.350	-0.231	+0.134	-0.171	-0.228	+18.652	-0.228	+19.405	+19.115	+12.193	+14.358	+13.831	+0.798	+2.858	+9.461	+2.822	+9.214	+2.852	+2.781	+9.402	+9.395	+2.834	+9.388	+9.393	+2.895	+9.387	+9.410	+9.365	+8.848	+8.966	+8.848	+8.758	+8.836	+8.410	+8.531	+8.081	+8.072	+9.389	+9.391	+9.514	+9.393	+9.393	+9.467	+9.342	+9.392	+9.355	+9.315	+9.283	+9.344	+9.495	+24.020	+2.938	+9.501	+9.500	+9.588	+9.384	+9.394	+9.345	+2.886	+2.967	+3.023	+9.510	+9.510	+4.789	+9.624	+9.292	+26.003	+9.090	+25.894	+8.996	+9.060	+25.661	+25.633	+9.341	+9.344	+25.637	+4.998	+9.254	+25.518	+9.222	+24.895	+9.185	+25.378	+4.963	+25.363	+9.149	+4.945	+24.962	+25.337	+9.095	+9.118	+9.095	+9.094	+4.695	-0.501	+3.436	+2.977	+3.633	-0.310	-0.302	+2.343	+14.983	+14.864	+14.866	+5.632	+2.173	+3.159	+1.408	+1.125	+3.103	+14.331	+4.398	+13.269	+4.351	+13.157	+4.437	+4.319	+4.315	+4.256	+13.046	+3.755	+4.049	+3.711	+13.174	+13.529	+13.482	+2.853	+3.481	+13.352	+3.621	+3.657	+3.510	+3.011	+2.656	-0.237	-0.410	-0.340	-0.408	
rs12685086     +18.534	+18.759	+18.733	+20.435	+19.384	+19.252	+19.369	+18.672	+20.425	+18.671	+19.373	+18.728	+19.168	+20.794	+18.490	+18.809	+18.843	+19.163	+19.476	+19.508	+19.356	+19.188	+19.436	+18.798	+20.728	+19.343	+21.067	+19.362	+21.069	+19.359	+18.812	+19.377	+19.351	+18.797	+19.147	+19.151	+19.350	+19.304	+19.146	+18.793	+19.144	+19.387	+19.313	+19.389	+19.143	+19.284	+19.186	+18.757	+20.667	+18.784	+18.850	+21.022	+19.522	+18.776	+18.672	+18.936	+18.772	+20.856	+18.772	+19.592	+20.171	+21.089	+20.469	+20.183	+20.775	+20.882	+19.689	+20.832	+20.420	+20.846	+20.798	+18.957	+18.956	+20.835	+18.956	+18.957	+20.900	+18.955	+19.690	+18.949	+18.832	+18.865	+18.832	+18.807	+18.829	+18.835	+18.868	+18.713	+18.696	+18.957	+18.957	+18.994	+18.958	+18.958	+18.984	+18.944	+18.960	+18.950	+19.498	+20.472	+19.520	+19.640	+26.224	+20.930	+19.649	+19.649	+19.682	+19.614	+19.621	+20.615	+20.867	+20.934	+20.990	+20.726	+20.726	+21.494	+19.756	+19.654	+27.344	+20.224	+27.282	+20.557	+20.612	+27.160	+27.140	+20.564	+20.570	+27.147	+21.885	+20.538	+27.065	+20.518	+26.652	+20.501	+26.976	+21.878	+26.966	+20.485	+21.863	+26.682	+26.967	+20.483	+20.494	+20.484	+20.502	+21.722	+19.622	+19.164	+18.780	+20.556	+20.311	+20.310	+18.688	+20.796	+20.777	+20.786	+19.189	+18.637	+18.521	+18.321	+18.337	+18.365	+20.595	+20.968	+20.286	+19.029	+20.278	+19.067	+18.650	+18.649	+18.630	+20.252	+18.514	+18.932	+18.507	+20.400	+20.419	+20.412	+18.338	+18.593	+20.369	+20.380	+19.132	+19.846	+19.950	+19.732	+18.518	+18.567	+18.531	+18.573	
rs1966189      +18.879	+19.122	+19.121	+20.667	+19.789	+19.639	+19.774	+19.058	+20.656	+19.057	+19.778	+19.115	+19.416	+21.012	+18.854	+19.200	+19.233	+19.476	+19.541	+19.924	+19.529	+19.409	+19.572	+19.189	+20.927	+19.526	+21.258	+19.535	+21.259	+19.533	+19.204	+19.541	+19.527	+19.188	+19.379	+19.382	+19.528	+19.506	+19.379	+19.184	+19.377	+19.546	+19.506	+19.577	+19.376	+19.490	+19.434	+19.146	+20.869	+19.174	+19.209	+21.214	+19.939	+19.166	+19.063	+19.333	+19.162	+21.055	+19.161	+19.738	+20.365	+21.384	+20.737	+20.464	+21.153	+21.238	+20.004	+21.188	+20.736	+21.202	+21.154	+19.282	+19.281	+21.190	+19.280	+19.282	+21.256	+19.280	+20.005	+19.274	+19.162	+19.194	+19.162	+19.139	+19.160	+19.166	+19.199	+19.050	+19.034	+19.281	+19.282	+19.317	+19.282	+19.282	+19.308	+19.269	+19.284	+19.275	+19.817	+20.788	+19.838	+19.957	+26.387	+21.286	+19.965	+19.965	+19.998	+19.931	+19.938	+20.930	+21.223	+21.290	+21.345	+21.040	+21.040	+21.840	+20.071	+19.971	+27.484	+20.542	+27.423	+20.874	+20.929	+27.304	+27.284	+20.877	+20.883	+27.291	+22.235	+20.851	+27.211	+20.832	+26.804	+20.815	+27.123	+22.228	+27.114	+20.800	+22.213	+26.834	+27.115	+20.798	+20.808	+20.799	+20.817	+22.073	+20.027	+19.523	+19.143	+20.906	+20.720	+20.719	+19.054	+21.056	+21.039	+21.048	+19.529	+19.005	+18.878	+18.696	+18.717	+18.730	+20.857	+21.314	+20.559	+19.375	+20.552	+19.413	+19.000	+18.999	+18.981	+20.526	+18.870	+19.281	+18.863	+20.673	+20.689	+20.684	+18.707	+18.950	+20.642	+20.731	+19.472	+20.196	+20.302	+20.086	+18.893	+18.943	+18.907	+18.950	
rs41301515     +9.779	+3.223	-0.382	+17.619	-0.474	-0.318	-0.480	-0.298	+17.627	-0.297	-0.476	-0.369	+17.968	+18.266	+1.973	-0.389	-0.383	+19.508	+19.924	-0.238	+19.772	+19.537	+19.870	-0.385	+19.214	+19.754	+19.672	+19.784	+19.670	+19.782	-0.394	+19.810	+19.775	-0.384	+19.430	+19.440	+19.769	+19.701	+19.428	-0.382	+19.421	+19.840	+19.719	+19.920	+19.417	+19.641	+19.394	-0.381	+19.022	-0.377	+2.368	+19.565	-0.355	-0.373	+0.047	-0.254	-0.371	+18.971	-0.370	+20.001	+18.563	+11.538	+13.774	+13.248	+0.753	+2.862	+9.041	+2.818	+9.483	+2.847	+2.774	+9.749	+9.742	+2.827	+9.734	+9.739	+2.892	+9.733	+8.995	+9.710	+9.154	+9.282	+9.154	+9.061	+9.146	+8.539	+8.667	+8.238	+8.273	+9.736	+9.737	+9.871	+9.740	+9.739	+9.819	+9.686	+9.741	+9.700	+8.889	+9.548	+8.917	+9.064	+24.314	+2.933	+9.070	+9.069	+9.159	+8.953	+8.966	+9.613	+2.878	+2.963	+3.018	+9.777	+9.776	+4.768	+9.193	+8.864	+26.458	+9.321	+26.328	+9.243	+9.307	+26.066	+26.037	+9.587	+9.589	+26.039	+4.979	+9.497	+25.915	+9.464	+25.266	+9.426	+25.772	+4.941	+25.757	+9.389	+4.922	+25.347	+25.730	+9.333	+9.356	+9.334	+9.330	+4.664	-0.493	+3.384	+2.936	+3.512	-0.079	-0.077	+2.291	+14.957	+14.833	+14.835	+5.754	+2.121	+3.039	+1.213	+0.962	+2.836	+14.401	+4.147	+13.299	+4.454	+13.181	+4.543	+4.206	+4.202	+4.145	+13.064	+3.658	+4.146	+3.616	+13.185	+13.561	+13.513	+2.686	+3.204	+13.379	+3.469	+3.544	+3.277	+2.875	+2.519	-0.351	-0.502	-0.442	-0.501	
rs2281715      +18.762	+18.994	+18.986	+20.604	+19.642	+19.501	+19.627	+18.925	+20.593	+18.923	+19.632	+18.980	+19.336	+20.954	+18.732	+19.063	+19.097	+19.356	+19.529	+19.772	+19.412	+19.331	+19.502	+19.051	+20.873	+19.443	+21.207	+19.456	+21.207	+19.454	+19.066	+19.467	+19.449	+19.050	+19.296	+19.300	+19.448	+19.418	+19.296	+19.046	+19.293	+19.475	+19.423	+19.512	+19.293	+19.403	+19.334	+19.009	+20.813	+19.037	+19.088	+21.162	+19.787	+19.030	+18.926	+19.194	+19.025	+21.007	+19.025	+19.686	+20.302	+21.298	+20.657	+20.374	+21.044	+21.138	+19.901	+21.087	+20.630	+21.102	+21.054	+19.175	+19.175	+21.090	+19.174	+19.175	+21.156	+19.174	+19.902	+19.167	+19.054	+19.086	+19.054	+19.030	+19.051	+19.056	+19.089	+18.938	+18.921	+19.175	+19.175	+19.212	+19.176	+19.176	+19.202	+19.163	+19.178	+19.168	+19.711	+20.682	+19.733	+19.852	+26.361	+21.186	+19.860	+19.860	+19.893	+19.826	+19.833	+20.823	+21.122	+21.190	+21.245	+20.933	+20.933	+21.742	+19.966	+19.865	+27.459	+20.432	+27.399	+20.766	+20.821	+27.279	+27.258	+20.768	+20.774	+27.265	+22.139	+20.743	+27.184	+20.723	+26.777	+20.706	+27.096	+22.131	+27.087	+20.691	+22.117	+26.805	+27.087	+20.689	+20.699	+20.690	+20.708	+21.976	+19.880	+19.395	+19.014	+20.797	+20.571	+20.570	+18.926	+20.985	+20.967	+20.977	+19.412	+18.877	+18.761	+18.567	+18.586	+18.606	+20.785	+21.208	+20.483	+19.258	+20.476	+19.296	+18.882	+18.881	+18.863	+20.450	+18.750	+19.163	+18.742	+20.598	+20.614	+20.609	+18.582	+18.830	+20.566	+20.629	+19.365	+20.083	+20.198	+19.980	+18.765	+18.816	+18.780	+18.823	
rs2281716      +18.415	+18.641	+18.684	+20.381	+19.392	+19.205	+19.378	+18.619	+20.372	+18.618	+19.379	+18.678	+19.143	+20.748	+18.381	+18.771	+18.801	+19.188	+19.409	+19.537	+19.331	+19.078	+19.378	+18.758	+20.826	+19.313	+21.165	+19.330	+21.165	+19.329	+18.775	+19.346	+19.326	+18.758	+19.083	+19.087	+19.322	+19.284	+19.083	+18.753	+19.080	+19.361	+19.299	+19.269	+19.078	+19.275	+19.191	+18.714	+20.762	+18.742	+18.759	+21.118	+19.560	+18.734	+18.629	+18.912	+18.730	+20.953	+18.729	+19.646	+20.316	+21.206	+20.595	+20.301	+20.596	+20.674	+19.807	+20.624	+20.624	+20.638	+20.591	+19.001	+19.000	+20.627	+19.000	+19.001	+20.691	+19.000	+19.807	+18.992	+18.863	+18.897	+18.863	+18.836	+18.858	+18.875	+18.910	+18.736	+18.716	+19.001	+19.001	+19.039	+19.002	+19.002	+19.031	+18.987	+19.004	+18.993	+19.611	+20.677	+19.633	+19.759	+26.303	+20.720	+19.768	+19.768	+19.804	+19.730	+19.739	+20.824	+20.658	+20.725	+20.778	+20.939	+20.938	+21.294	+19.875	+19.762	+27.432	+20.418	+27.366	+20.756	+20.812	+27.245	+27.225	+20.765	+20.771	+27.232	+21.681	+20.736	+27.151	+20.714	+26.737	+20.696	+27.062	+21.674	+27.052	+20.680	+21.660	+26.768	+27.053	+20.676	+20.687	+20.678	+20.696	+21.522	+19.627	+19.032	+18.671	+20.441	+20.325	+20.322	+18.579	+20.854	+20.833	+20.843	+19.314	+18.531	+18.499	+18.246	+18.231	+18.328	+20.633	+20.833	+20.316	+19.099	+20.308	+19.141	+18.657	+18.655	+18.635	+20.279	+18.502	+18.992	+18.494	+20.430	+20.450	+20.445	+18.239	+18.599	+20.400	+20.209	+19.196	+19.725	+19.790	+19.584	+18.432	+18.487	+18.450	+18.496	
rs2281717      +18.838	+19.073	+19.073	+20.639	+19.733	+19.590	+19.718	+19.011	+20.628	+19.010	+19.722	+19.067	+19.385	+20.985	+18.810	+19.152	+19.185	+19.436	+19.572	+19.870	+19.502	+19.378	+19.496	+19.140	+20.900	+19.500	+21.231	+19.510	+21.232	+19.508	+19.155	+19.517	+19.502	+19.139	+19.347	+19.350	+19.503	+19.478	+19.347	+19.135	+19.345	+19.522	+19.479	+19.551	+19.344	+19.461	+19.401	+19.098	+20.840	+19.126	+19.165	+21.187	+19.888	+19.118	+19.013	+19.281	+19.114	+21.033	+19.113	+19.716	+20.337	+21.341	+20.702	+20.421	+21.110	+21.197	+19.960	+21.147	+20.690	+21.161	+21.114	+19.240	+19.239	+21.150	+19.238	+19.240	+21.216	+19.238	+19.961	+19.232	+19.120	+19.149	+19.120	+19.096	+19.115	+19.124	+19.154	+19.007	+18.991	+19.239	+19.240	+19.273	+19.240	+19.240	+19.266	+19.227	+19.242	+19.233	+19.775	+20.742	+19.796	+19.915	+26.364	+21.246	+19.923	+19.924	+19.956	+19.889	+19.896	+20.884	+21.182	+21.249	+21.305	+20.993	+20.993	+21.802	+20.025	+19.926	+27.463	+20.496	+27.402	+20.828	+20.882	+27.283	+27.263	+20.830	+20.836	+27.270	+22.196	+20.805	+27.190	+20.785	+26.782	+20.769	+27.102	+22.189	+27.092	+20.754	+22.174	+26.812	+27.094	+20.752	+20.762	+20.753	+20.770	+22.033	+19.980	+19.472	+19.094	+20.863	+20.671	+20.669	+19.006	+21.021	+21.004	+21.013	+19.482	+18.956	+18.835	+18.650	+18.672	+18.685	+20.822	+21.273	+20.523	+19.331	+20.516	+19.368	+18.955	+18.954	+18.937	+20.491	+18.825	+19.236	+18.818	+20.637	+20.653	+20.648	+18.662	+18.905	+20.605	+20.693	+19.433	+20.155	+20.262	+20.046	+18.848	+18.900	+18.864	+18.907	
rs62572386     +11.196	+3.264	-0.257	+17.268	-0.484	-0.409	-0.481	-0.183	+17.273	-0.181	-0.486	-0.241	+17.458	+18.012	+2.442	-0.216	-0.245	+18.798	+19.189	-0.385	+19.051	+18.758	+19.140	-0.135	+18.845	+19.029	+19.299	+19.057	+19.298	+19.055	-0.221	+19.080	+19.048	-0.211	+18.663	+18.673	+19.043	+18.977	+18.662	-0.209	+18.655	+19.105	+18.996	+19.075	+18.652	+18.954	+18.742	-0.218	+18.682	-0.205	+2.465	+19.199	-0.357	-0.200	+0.116	-0.187	-0.199	+18.593	-0.198	+19.362	+19.080	+12.285	+14.417	+13.888	+0.826	+2.904	+9.433	+2.867	+9.223	+2.897	+2.826	+9.364	+9.357	+2.879	+9.350	+9.355	+2.942	+9.349	+9.382	+9.327	+8.809	+8.927	+8.809	+8.719	+8.797	+8.368	+8.489	+8.044	+8.034	+9.352	+9.353	+9.476	+9.355	+9.355	+9.430	+9.304	+9.354	+9.317	+9.339	+9.291	+9.368	+9.520	+23.971	+2.984	+9.525	+9.525	+9.613	+9.408	+9.418	+9.354	+2.931	+3.013	+3.070	+9.518	+9.518	+4.837	+9.648	+9.313	+25.959	+9.094	+25.851	+9.003	+9.065	+25.619	+25.591	+9.349	+9.351	+25.595	+5.044	+9.261	+25.476	+9.229	+24.852	+9.192	+25.336	+5.008	+25.321	+9.156	+4.990	+24.920	+25.294	+9.102	+9.125	+9.103	+9.101	+4.739	-0.487	+3.451	+2.983	+3.652	-0.257	-0.248	+2.348	+14.934	+14.815	+14.817	+5.632	+2.179	+3.119	+1.422	+1.133	+3.110	+14.284	+4.416	+13.220	+4.356	+13.108	+4.442	+4.275	+4.271	+4.212	+12.997	+3.712	+4.055	+3.669	+13.124	+13.480	+13.432	+2.816	+3.489	+13.302	+3.656	+3.613	+3.526	+3.043	+2.687	-0.228	-0.400	-0.331	-0.399	
rs7868874      +19.241	+19.352	+18.815	+19.039	+19.555	+19.778	+19.538	+18.764	+19.036	+18.763	+19.547	+18.810	+20.334	+19.235	+18.593	+18.852	+18.904	+20.728	+20.927	+19.214	+20.873	+20.826	+20.900	+18.845	+19.372	+20.839	+19.697	+20.854	+19.695	+20.854	+18.854	+20.870	+20.853	+18.845	+20.774	+20.779	+20.848	+20.813	+20.773	+18.842	+20.770	+20.886	+20.834	+21.075	+20.769	+20.807	+20.733	+18.815	+19.346	+18.836	+19.318	+19.625	+19.213	+18.832	+18.706	+18.873	+18.829	+19.339	+18.829	+20.992	+21.729	+19.175	+21.392	+21.069	+18.633	+18.837	+20.275	+18.823	+20.910	+18.836	+18.813	+19.562	+19.561	+18.829	+19.560	+19.562	+18.852	+19.560	+20.275	+19.552	+19.411	+19.453	+19.411	+19.379	+19.407	+19.346	+19.388	+19.199	+19.181	+19.562	+19.562	+19.608	+19.563	+19.563	+19.594	+19.546	+19.565	+19.553	+20.073	+20.969	+20.098	+20.245	+24.418	+18.859	+20.255	+20.255	+20.313	+20.217	+20.220	+21.135	+18.837	+18.861	+18.882	+21.275	+21.274	+19.920	+20.372	+20.256	+26.633	+21.423	+26.592	+21.082	+21.144	+26.451	+26.430	+21.030	+21.035	+26.436	+20.266	+20.993	+26.352	+20.979	+25.909	+20.961	+26.260	+20.261	+26.250	+20.945	+20.250	+25.958	+26.246	+20.941	+20.951	+20.941	+20.959	+20.174	+19.345	+19.323	+19.373	+21.507	+19.971	+19.973	+19.213	+20.774	+20.758	+20.769	+20.030	+19.133	+18.503	+18.548	+18.515	+18.730	+22.276	+22.024	+21.881	+19.524	+21.874	+19.573	+19.152	+19.150	+19.126	+21.839	+18.969	+19.416	+18.959	+21.970	+21.959	+21.950	+18.831	+19.092	+21.888	+19.675	+19.667	+20.560	+19.418	+19.279	+18.730	+18.700	+18.699	+18.701	
rs11792027     +18.740	+18.972	+18.963	+20.576	+19.624	+19.483	+19.608	+18.901	+20.566	+18.900	+19.613	+18.957	+19.317	+20.924	+18.708	+19.041	+19.074	+19.343	+19.526	+19.754	+19.443	+19.313	+19.500	+19.029	+20.839	+19.388	+21.169	+19.459	+21.168	+19.458	+19.044	+19.470	+19.450	+19.028	+19.275	+19.279	+19.451	+19.419	+19.275	+19.024	+19.273	+19.476	+19.422	+19.490	+19.272	+19.400	+19.327	+18.987	+20.773	+19.015	+19.065	+21.123	+19.771	+19.007	+18.904	+19.172	+19.003	+20.965	+19.002	+19.667	+20.274	+21.249	+20.618	+20.335	+21.004	+21.099	+19.865	+21.049	+20.593	+21.063	+21.015	+19.141	+19.140	+21.052	+19.139	+19.141	+21.117	+19.139	+19.866	+19.133	+19.020	+19.052	+19.020	+18.996	+19.017	+19.023	+19.055	+18.906	+18.889	+19.141	+19.141	+19.177	+19.142	+19.142	+19.167	+19.128	+19.144	+19.134	+19.675	+20.645	+19.696	+19.815	+26.305	+21.147	+19.823	+19.823	+19.856	+19.789	+19.796	+20.787	+21.084	+21.151	+21.207	+20.896	+20.896	+21.706	+19.929	+19.829	+27.413	+20.398	+27.351	+20.730	+20.784	+27.231	+27.211	+20.733	+20.739	+27.218	+22.101	+20.708	+27.137	+20.688	+26.728	+20.671	+27.049	+22.094	+27.039	+20.656	+22.079	+26.757	+27.040	+20.655	+20.665	+20.656	+20.673	+21.938	+19.865	+19.368	+18.990	+20.765	+20.557	+20.555	+18.901	+20.940	+20.922	+20.931	+19.380	+18.852	+18.729	+18.544	+18.566	+18.579	+20.735	+21.176	+20.434	+19.225	+20.427	+19.263	+18.851	+18.850	+18.832	+20.401	+18.720	+19.131	+18.713	+20.548	+20.565	+20.560	+18.557	+18.799	+20.517	+20.597	+19.328	+20.057	+20.166	+19.948	+18.742	+18.794	+18.758	+18.801	
