## Summary of overall evidence for association with region:
## log10(BF for region) = -0.264027
## p-value for region = NA

## BFs for choosing among multi-SNP models:
## log10(average 1-SNP BF) = -0.220804
## log10(average 2-SNP BF) = -0.36601

## Example posterior probabilities for multi-SNP models, based on default prior: [p(l) propto 0.5^l for l=1,2,...,L]
## posterior probability of 1-SNP = 0.73643
## posterior probability of 2-SNP = 0.26357

## log10(BF) for single SNP and pair of SNPs:
rs61779314     -0.329	-0.663	-0.438	-0.665	-0.666	-0.667	-0.670	-0.671	-0.673	-0.673	-0.674	-0.698	-0.747	-0.714	-0.501	-0.658	-0.770	-0.658	-0.048	+0.016	-0.620	-0.617	-0.660	-0.736	-0.590	-0.738	-0.744	-0.676	-0.663	-0.672	+0.410	-0.548	-0.542	-0.542	-0.558	-0.656	-0.673	+0.417	-0.654	-0.556	-0.269	-0.657	-0.537	-0.673	-0.673	-0.656	-0.656	-0.656	-0.657	+0.367	-0.538	-0.656	-0.657	+0.136	-0.595	-0.586	-0.659	-0.581	-0.580	-0.575	-0.479	-0.471	-0.772	-0.063	-0.436	-0.432	-0.584	-0.610	+0.122	-0.420	-0.363	-0.628	-0.627	-0.626	-0.626	-0.627	-0.623	-0.605	-0.642	-0.613	-0.641	-0.603	+0.084	-0.143	+0.643	-0.586	-0.430	-0.382	-0.716	-0.455	-0.414	-0.544	-0.420	-0.800	-0.305	-0.802	-0.802	-0.584	-0.810	-0.270	-0.577	-0.569	-0.037	-0.354	-0.797	-0.712	-0.234	-0.493	-0.805	-0.810	-0.740	-0.446	-0.309	-0.560	-0.560	-0.664	-0.584	-0.317	-0.475	-0.562	-0.561	-0.496	-0.561	-0.326	-0.493	-0.430	-0.571	-0.424	-0.622	-0.267	-0.801	-0.634	-0.219	-0.622	-0.767	-0.175	-0.630	-0.780	-0.630	-0.780	-0.392	-0.783	-0.786	-0.176	-0.786	-0.388	-0.195	-0.839	-0.815	-0.697	-0.824	-0.197	-0.694	-0.629	-0.827	-0.828	-0.627	-0.830	-0.831	-0.434	-0.781	-0.701	-0.625	-0.830	-0.703	-0.626	-0.290	-0.815	-0.699	-0.813	-0.753	-0.722	-0.691	-0.755	-0.703	-0.449	-0.676	-0.710	-0.005	-0.687	
rs1569053      -0.663	-0.477	-0.660	-0.596	-0.596	-0.600	-0.593	-0.583	-0.543	-0.574	-0.525	-0.834	-0.847	-0.736	-0.704	-0.806	-0.836	-0.807	+0.051	+0.123	-0.777	-0.717	-0.807	-0.770	-0.610	-0.773	-0.861	-0.761	-0.757	-0.761	-0.114	-0.515	-0.507	-0.507	-0.528	-0.806	-0.760	-0.110	-0.805	-0.570	-0.362	-0.806	-0.501	-0.760	-0.760	-0.806	-0.806	-0.806	-0.806	-0.120	-0.502	-0.806	-0.806	-0.187	-0.576	-0.564	-0.807	-0.559	-0.557	-0.550	-0.578	-0.570	-0.838	-0.146	-0.531	-0.526	-0.652	-0.696	-0.150	-0.513	-0.449	-0.732	-0.730	-0.730	-0.730	-0.731	-0.726	-0.711	-0.752	-0.719	-0.753	-0.710	-0.165	-0.228	+0.745	-0.688	-0.518	-0.567	-0.934	-0.581	-0.596	-0.677	-0.547	-0.958	-0.386	-0.958	-0.958	-0.686	-0.944	-0.398	-0.677	-0.668	-0.247	-0.484	-0.914	-0.834	-0.430	-0.627	-0.944	-0.968	-0.927	-0.580	-0.500	-0.725	-0.725	-0.786	-0.728	-0.532	-0.609	-0.726	-0.725	-0.631	-0.726	-0.540	-0.628	-0.566	-0.733	-0.627	-0.818	-0.403	-0.921	-0.782	-0.439	-0.774	-0.875	-0.303	-0.780	-0.891	-0.780	-0.891	-0.574	-0.895	-0.965	-0.305	-0.899	-0.570	-0.324	-0.985	-0.974	-0.815	-0.980	-0.325	-0.813	-0.779	-0.981	-0.981	-0.778	-0.982	-0.982	-0.613	-0.961	-0.820	-0.777	-0.982	-0.822	-0.777	-0.382	-0.970	-0.839	-0.970	-0.854	-0.888	-0.846	-0.857	-0.843	-0.621	-0.832	-0.868	-0.074	-0.841	
rs61779328     -0.438	-0.660	-0.326	-0.663	-0.663	-0.664	-0.667	-0.669	-0.671	-0.670	-0.671	-0.696	-0.744	-0.712	-0.498	-0.655	-0.767	-0.656	-0.047	+0.017	-0.617	-0.615	-0.658	-0.734	-0.589	-0.736	-0.741	-0.674	-0.660	-0.669	+0.419	-0.547	-0.541	-0.541	-0.556	-0.654	-0.670	+0.426	-0.652	-0.554	-0.267	-0.654	-0.536	-0.670	-0.670	-0.653	-0.654	-0.653	-0.654	+0.374	-0.537	-0.654	-0.654	+0.139	-0.594	-0.584	-0.657	-0.580	-0.579	-0.573	-0.476	-0.469	-0.770	-0.061	-0.434	-0.430	-0.582	-0.608	+0.124	-0.418	-0.361	-0.625	-0.624	-0.624	-0.624	-0.624	-0.620	-0.602	-0.639	-0.610	-0.638	-0.600	+0.085	-0.141	+0.643	-0.584	-0.428	-0.379	-0.713	-0.452	-0.411	-0.542	-0.418	-0.797	-0.303	-0.799	-0.800	-0.581	-0.808	-0.268	-0.574	-0.567	-0.034	-0.351	-0.795	-0.710	-0.231	-0.490	-0.803	-0.807	-0.738	-0.444	-0.306	-0.557	-0.557	-0.662	-0.582	-0.314	-0.472	-0.559	-0.558	-0.494	-0.559	-0.323	-0.491	-0.428	-0.568	-0.421	-0.619	-0.264	-0.799	-0.631	-0.216	-0.619	-0.765	-0.173	-0.628	-0.778	-0.627	-0.778	-0.389	-0.781	-0.783	-0.174	-0.784	-0.385	-0.192	-0.836	-0.813	-0.694	-0.821	-0.194	-0.691	-0.626	-0.824	-0.826	-0.625	-0.828	-0.828	-0.431	-0.778	-0.699	-0.623	-0.828	-0.700	-0.624	-0.288	-0.813	-0.697	-0.810	-0.750	-0.720	-0.689	-0.753	-0.700	-0.446	-0.674	-0.707	-0.003	-0.684	
rs4660269      -0.665	-0.596	-0.663	-0.478	-0.598	-0.604	-0.600	-0.592	-0.559	-0.585	-0.542	-0.835	-0.849	-0.733	-0.701	-0.807	-0.834	-0.808	+0.058	+0.130	-0.778	-0.720	-0.808	-0.767	-0.610	-0.770	-0.863	-0.762	-0.756	-0.761	-0.118	-0.511	-0.503	-0.503	-0.523	-0.807	-0.761	-0.113	-0.806	-0.567	-0.362	-0.807	-0.497	-0.761	-0.761	-0.807	-0.807	-0.807	-0.807	-0.124	-0.498	-0.807	-0.807	-0.191	-0.572	-0.560	-0.808	-0.555	-0.553	-0.546	-0.579	-0.571	-0.836	-0.145	-0.532	-0.528	-0.655	-0.699	-0.154	-0.515	-0.451	-0.730	-0.728	-0.727	-0.727	-0.729	-0.724	-0.708	-0.754	-0.716	-0.755	-0.706	-0.168	-0.227	+0.751	-0.691	-0.519	-0.567	-0.935	-0.580	-0.596	-0.677	-0.546	-0.959	-0.387	-0.959	-0.959	-0.688	-0.945	-0.397	-0.679	-0.670	-0.245	-0.483	-0.916	-0.835	-0.429	-0.627	-0.946	-0.969	-0.928	-0.580	-0.499	-0.725	-0.725	-0.787	-0.729	-0.531	-0.609	-0.727	-0.726	-0.631	-0.726	-0.539	-0.627	-0.566	-0.734	-0.627	-0.818	-0.403	-0.922	-0.782	-0.438	-0.775	-0.876	-0.302	-0.781	-0.892	-0.780	-0.892	-0.572	-0.896	-0.966	-0.304	-0.899	-0.569	-0.323	-0.986	-0.975	-0.816	-0.980	-0.324	-0.813	-0.780	-0.982	-0.982	-0.779	-0.983	-0.983	-0.612	-0.962	-0.821	-0.777	-0.983	-0.823	-0.778	-0.382	-0.971	-0.840	-0.971	-0.855	-0.889	-0.847	-0.857	-0.843	-0.620	-0.833	-0.869	-0.073	-0.841	
rs28709301     -0.666	-0.596	-0.663	-0.598	-0.478	-0.604	-0.600	-0.593	-0.560	-0.586	-0.544	-0.835	-0.849	-0.732	-0.701	-0.807	-0.834	-0.808	+0.059	+0.131	-0.778	-0.720	-0.808	-0.767	-0.610	-0.770	-0.863	-0.762	-0.756	-0.761	-0.118	-0.510	-0.503	-0.502	-0.523	-0.807	-0.761	-0.114	-0.806	-0.567	-0.362	-0.807	-0.496	-0.761	-0.761	-0.807	-0.807	-0.807	-0.807	-0.124	-0.497	-0.807	-0.807	-0.191	-0.572	-0.560	-0.808	-0.554	-0.553	-0.546	-0.579	-0.571	-0.836	-0.145	-0.532	-0.528	-0.656	-0.699	-0.154	-0.515	-0.451	-0.730	-0.728	-0.727	-0.727	-0.728	-0.724	-0.707	-0.754	-0.715	-0.755	-0.706	-0.169	-0.227	+0.751	-0.691	-0.519	-0.567	-0.935	-0.580	-0.596	-0.677	-0.546	-0.959	-0.387	-0.960	-0.959	-0.688	-0.945	-0.397	-0.679	-0.670	-0.245	-0.483	-0.916	-0.835	-0.429	-0.627	-0.946	-0.969	-0.928	-0.580	-0.499	-0.725	-0.725	-0.787	-0.730	-0.531	-0.608	-0.727	-0.726	-0.630	-0.726	-0.539	-0.627	-0.566	-0.734	-0.627	-0.818	-0.403	-0.922	-0.782	-0.438	-0.775	-0.876	-0.302	-0.781	-0.892	-0.780	-0.892	-0.572	-0.896	-0.966	-0.303	-0.900	-0.569	-0.323	-0.986	-0.975	-0.816	-0.980	-0.324	-0.813	-0.780	-0.982	-0.982	-0.779	-0.983	-0.983	-0.611	-0.962	-0.821	-0.777	-0.983	-0.823	-0.778	-0.382	-0.971	-0.840	-0.971	-0.855	-0.889	-0.847	-0.857	-0.844	-0.620	-0.833	-0.869	-0.073	-0.842	
rs7512240      -0.667	-0.600	-0.664	-0.604	-0.604	-0.477	-0.596	-0.590	-0.557	-0.584	-0.542	-0.834	-0.851	-0.728	-0.697	-0.806	-0.831	-0.807	+0.066	+0.139	-0.778	-0.721	-0.808	-0.763	-0.609	-0.766	-0.863	-0.761	-0.753	-0.759	-0.121	-0.505	-0.497	-0.497	-0.518	-0.806	-0.759	-0.116	-0.806	-0.564	-0.359	-0.807	-0.491	-0.759	-0.759	-0.806	-0.806	-0.806	-0.807	-0.127	-0.492	-0.806	-0.806	-0.193	-0.567	-0.555	-0.807	-0.549	-0.547	-0.540	-0.579	-0.571	-0.833	-0.142	-0.532	-0.528	-0.659	-0.701	-0.156	-0.515	-0.451	-0.725	-0.723	-0.722	-0.722	-0.724	-0.719	-0.702	-0.753	-0.710	-0.754	-0.700	-0.171	-0.224	+0.757	-0.691	-0.518	-0.566	-0.934	-0.578	-0.595	-0.675	-0.544	-0.959	-0.387	-0.959	-0.959	-0.689	-0.945	-0.395	-0.680	-0.671	-0.241	-0.481	-0.916	-0.834	-0.426	-0.625	-0.945	-0.969	-0.927	-0.578	-0.496	-0.724	-0.724	-0.787	-0.729	-0.529	-0.607	-0.726	-0.725	-0.629	-0.725	-0.537	-0.626	-0.564	-0.733	-0.625	-0.816	-0.400	-0.922	-0.782	-0.436	-0.774	-0.875	-0.300	-0.780	-0.891	-0.780	-0.891	-0.569	-0.895	-0.965	-0.301	-0.899	-0.566	-0.320	-0.985	-0.974	-0.815	-0.980	-0.321	-0.813	-0.779	-0.981	-0.981	-0.778	-0.982	-0.982	-0.609	-0.961	-0.820	-0.777	-0.982	-0.822	-0.778	-0.380	-0.970	-0.839	-0.970	-0.854	-0.888	-0.846	-0.856	-0.843	-0.618	-0.832	-0.869	-0.071	-0.841	
rs4660792      -0.670	-0.593	-0.667	-0.600	-0.600	-0.596	-0.478	-0.596	-0.575	-0.592	-0.561	-0.835	-0.853	-0.722	-0.692	-0.807	-0.827	-0.808	+0.077	+0.150	-0.779	-0.723	-0.808	-0.757	-0.608	-0.761	-0.865	-0.760	-0.751	-0.758	-0.125	-0.498	-0.490	-0.490	-0.511	-0.806	-0.758	-0.121	-0.806	-0.559	-0.358	-0.807	-0.484	-0.758	-0.758	-0.807	-0.807	-0.807	-0.807	-0.131	-0.485	-0.807	-0.807	-0.198	-0.560	-0.548	-0.808	-0.542	-0.541	-0.534	-0.580	-0.572	-0.829	-0.140	-0.533	-0.529	-0.663	-0.704	-0.161	-0.516	-0.452	-0.720	-0.718	-0.717	-0.717	-0.719	-0.714	-0.696	-0.754	-0.704	-0.755	-0.694	-0.175	-0.222	+0.766	-0.694	-0.519	-0.565	-0.934	-0.577	-0.594	-0.674	-0.542	-0.959	-0.387	-0.960	-0.960	-0.691	-0.946	-0.393	-0.682	-0.673	-0.237	-0.478	-0.917	-0.834	-0.423	-0.624	-0.946	-0.969	-0.927	-0.576	-0.493	-0.724	-0.724	-0.788	-0.729	-0.528	-0.605	-0.726	-0.725	-0.627	-0.725	-0.536	-0.624	-0.562	-0.733	-0.624	-0.815	-0.398	-0.923	-0.782	-0.434	-0.774	-0.875	-0.298	-0.780	-0.891	-0.780	-0.892	-0.567	-0.895	-0.965	-0.298	-0.899	-0.563	-0.318	-0.985	-0.974	-0.815	-0.980	-0.319	-0.813	-0.779	-0.981	-0.982	-0.778	-0.982	-0.982	-0.606	-0.961	-0.820	-0.777	-0.982	-0.822	-0.778	-0.379	-0.971	-0.840	-0.971	-0.854	-0.888	-0.847	-0.856	-0.843	-0.615	-0.832	-0.869	-0.069	-0.841	
rs1809695      -0.671	-0.583	-0.669	-0.592	-0.593	-0.590	-0.596	-0.477	-0.586	-0.597	-0.576	-0.835	-0.854	-0.717	-0.687	-0.807	-0.823	-0.808	+0.086	+0.160	-0.779	-0.725	-0.808	-0.753	-0.607	-0.756	-0.865	-0.759	-0.748	-0.756	-0.129	-0.491	-0.483	-0.483	-0.504	-0.806	-0.757	-0.124	-0.806	-0.555	-0.356	-0.807	-0.477	-0.757	-0.757	-0.807	-0.806	-0.806	-0.807	-0.135	-0.478	-0.807	-0.807	-0.201	-0.554	-0.542	-0.807	-0.536	-0.535	-0.527	-0.580	-0.572	-0.826	-0.137	-0.533	-0.529	-0.666	-0.706	-0.164	-0.516	-0.453	-0.716	-0.713	-0.713	-0.713	-0.714	-0.709	-0.690	-0.754	-0.699	-0.755	-0.688	-0.179	-0.220	+0.774	-0.695	-0.519	-0.564	-0.933	-0.575	-0.593	-0.672	-0.540	-0.959	-0.388	-0.960	-0.960	-0.692	-0.946	-0.390	-0.684	-0.675	-0.234	-0.476	-0.918	-0.833	-0.420	-0.622	-0.946	-0.969	-0.926	-0.574	-0.490	-0.723	-0.723	-0.789	-0.729	-0.526	-0.603	-0.725	-0.724	-0.626	-0.724	-0.534	-0.622	-0.561	-0.732	-0.622	-0.814	-0.396	-0.923	-0.782	-0.432	-0.774	-0.875	-0.296	-0.780	-0.891	-0.780	-0.891	-0.564	-0.895	-0.964	-0.296	-0.898	-0.560	-0.315	-0.985	-0.973	-0.815	-0.979	-0.316	-0.812	-0.779	-0.981	-0.981	-0.778	-0.982	-0.982	-0.604	-0.960	-0.820	-0.776	-0.982	-0.822	-0.777	-0.377	-0.970	-0.839	-0.970	-0.853	-0.888	-0.847	-0.856	-0.843	-0.613	-0.832	-0.869	-0.066	-0.841	
rs6656934      -0.673	-0.543	-0.671	-0.559	-0.560	-0.557	-0.575	-0.586	-0.475	-0.595	-0.595	-0.833	-0.855	-0.703	-0.673	-0.804	-0.812	-0.805	+0.110	+0.185	-0.777	-0.726	-0.806	-0.739	-0.603	-0.743	-0.864	-0.754	-0.739	-0.749	-0.135	-0.473	-0.465	-0.465	-0.487	-0.804	-0.750	-0.130	-0.803	-0.544	-0.349	-0.804	-0.459	-0.750	-0.750	-0.804	-0.804	-0.804	-0.804	-0.140	-0.460	-0.804	-0.804	-0.206	-0.538	-0.525	-0.805	-0.519	-0.518	-0.510	-0.579	-0.571	-0.815	-0.129	-0.532	-0.528	-0.671	-0.709	-0.170	-0.514	-0.451	-0.702	-0.699	-0.699	-0.698	-0.700	-0.694	-0.673	-0.752	-0.683	-0.752	-0.671	-0.184	-0.212	+0.796	-0.696	-0.517	-0.558	-0.930	-0.568	-0.588	-0.666	-0.533	-0.957	-0.386	-0.958	-0.957	-0.693	-0.945	-0.382	-0.685	-0.676	-0.223	-0.469	-0.917	-0.830	-0.411	-0.616	-0.945	-0.966	-0.923	-0.568	-0.482	-0.719	-0.719	-0.788	-0.727	-0.519	-0.597	-0.721	-0.720	-0.620	-0.720	-0.527	-0.616	-0.554	-0.728	-0.616	-0.808	-0.388	-0.922	-0.779	-0.424	-0.770	-0.871	-0.288	-0.777	-0.888	-0.777	-0.888	-0.555	-0.892	-0.961	-0.288	-0.895	-0.551	-0.307	-0.983	-0.970	-0.811	-0.976	-0.308	-0.809	-0.776	-0.978	-0.978	-0.775	-0.979	-0.979	-0.595	-0.957	-0.817	-0.773	-0.979	-0.818	-0.774	-0.371	-0.968	-0.837	-0.968	-0.850	-0.885	-0.844	-0.852	-0.841	-0.604	-0.829	-0.866	-0.058	-0.838	
rs2377804      -0.673	-0.574	-0.670	-0.585	-0.586	-0.584	-0.592	-0.597	-0.595	-0.477	-0.588	-0.834	-0.855	-0.710	-0.681	-0.806	-0.817	-0.807	+0.099	+0.173	-0.778	-0.726	-0.807	-0.746	-0.606	-0.749	-0.865	-0.757	-0.745	-0.754	-0.133	-0.482	-0.474	-0.474	-0.495	-0.806	-0.754	-0.128	-0.805	-0.550	-0.353	-0.806	-0.468	-0.754	-0.754	-0.806	-0.806	-0.806	-0.806	-0.139	-0.469	-0.806	-0.806	-0.205	-0.546	-0.534	-0.807	-0.528	-0.526	-0.519	-0.580	-0.572	-0.821	-0.134	-0.533	-0.529	-0.669	-0.708	-0.168	-0.516	-0.453	-0.710	-0.707	-0.707	-0.707	-0.708	-0.702	-0.682	-0.754	-0.692	-0.754	-0.681	-0.182	-0.217	+0.785	-0.696	-0.518	-0.562	-0.932	-0.572	-0.591	-0.670	-0.537	-0.959	-0.387	-0.959	-0.959	-0.693	-0.946	-0.387	-0.685	-0.676	-0.229	-0.473	-0.918	-0.832	-0.416	-0.620	-0.946	-0.968	-0.926	-0.571	-0.487	-0.722	-0.722	-0.789	-0.729	-0.523	-0.601	-0.724	-0.723	-0.623	-0.723	-0.531	-0.620	-0.558	-0.731	-0.620	-0.812	-0.393	-0.923	-0.781	-0.429	-0.773	-0.874	-0.293	-0.779	-0.890	-0.779	-0.890	-0.560	-0.894	-0.963	-0.292	-0.898	-0.557	-0.312	-0.985	-0.972	-0.814	-0.978	-0.313	-0.811	-0.778	-0.980	-0.981	-0.777	-0.981	-0.981	-0.600	-0.959	-0.819	-0.776	-0.981	-0.821	-0.776	-0.374	-0.970	-0.839	-0.970	-0.852	-0.887	-0.846	-0.855	-0.843	-0.609	-0.831	-0.868	-0.063	-0.840	
rs1539435      -0.674	-0.525	-0.671	-0.542	-0.544	-0.542	-0.561	-0.576	-0.595	-0.588	-0.472	-0.831	-0.855	-0.693	-0.665	-0.802	-0.804	-0.803	+0.126	+0.202	-0.775	-0.727	-0.804	-0.730	-0.600	-0.734	-0.863	-0.750	-0.733	-0.745	-0.138	-0.462	-0.454	-0.454	-0.476	-0.802	-0.746	-0.133	-0.801	-0.536	-0.344	-0.802	-0.448	-0.745	-0.745	-0.802	-0.802	-0.802	-0.802	-0.144	-0.449	-0.802	-0.802	-0.209	-0.527	-0.515	-0.803	-0.509	-0.507	-0.500	-0.577	-0.569	-0.808	-0.124	-0.530	-0.526	-0.674	-0.711	-0.173	-0.513	-0.450	-0.693	-0.690	-0.689	-0.689	-0.691	-0.684	-0.662	-0.750	-0.673	-0.750	-0.660	-0.187	-0.207	+0.809	-0.696	-0.515	-0.555	-0.927	-0.563	-0.584	-0.662	-0.528	-0.955	-0.384	-0.956	-0.956	-0.693	-0.943	-0.377	-0.685	-0.676	-0.216	-0.464	-0.916	-0.827	-0.405	-0.612	-0.943	-0.964	-0.921	-0.563	-0.475	-0.717	-0.717	-0.787	-0.725	-0.515	-0.593	-0.718	-0.717	-0.615	-0.718	-0.523	-0.612	-0.550	-0.726	-0.612	-0.804	-0.383	-0.920	-0.777	-0.419	-0.768	-0.869	-0.283	-0.774	-0.885	-0.774	-0.886	-0.549	-0.889	-0.958	-0.282	-0.893	-0.545	-0.302	-0.981	-0.968	-0.809	-0.974	-0.303	-0.806	-0.773	-0.975	-0.976	-0.772	-0.977	-0.977	-0.589	-0.954	-0.814	-0.771	-0.977	-0.816	-0.772	-0.366	-0.966	-0.835	-0.966	-0.847	-0.883	-0.842	-0.850	-0.839	-0.599	-0.826	-0.864	-0.052	-0.835	
rs751808       -0.698	-0.834	-0.696	-0.835	-0.835	-0.834	-0.835	-0.835	-0.833	-0.834	-0.831	-0.509	-0.860	-0.731	-0.527	-0.725	-0.839	-0.726	+0.087	+0.164	-0.709	-0.777	-0.726	-0.766	-0.533	-0.770	-0.868	-0.855	-0.849	-0.853	-0.154	-0.488	-0.480	-0.480	-0.502	-0.732	-0.854	-0.149	-0.731	-0.570	-0.384	-0.732	-0.474	-0.854	-0.854	-0.732	-0.732	-0.732	-0.733	-0.160	-0.475	-0.732	-0.733	-0.226	-0.555	-0.542	-0.736	-0.536	-0.535	-0.527	-0.387	-0.374	-0.851	-0.165	-0.318	-0.310	-0.360	-0.494	-0.191	-0.294	-0.189	-0.825	-0.824	-0.824	-0.824	-0.824	-0.821	-0.808	-0.814	-0.814	-0.814	-0.806	-0.205	-0.247	+0.691	-0.728	-0.532	-0.596	-0.964	-0.599	-0.625	-0.698	-0.564	-0.990	-0.397	-0.990	-0.990	-0.725	-0.976	-0.414	-0.716	-0.707	-0.280	-0.501	-0.948	-0.852	-0.462	-0.650	-0.976	-0.993	-0.952	-0.602	-0.532	-0.753	-0.753	-0.818	-0.758	-0.561	-0.631	-0.755	-0.754	-0.654	-0.754	-0.569	-0.651	-0.589	-0.762	-0.657	-0.848	-0.424	-0.952	-0.811	-0.469	-0.803	-0.892	-0.323	-0.809	-0.908	-0.809	-0.909	-0.607	-0.912	-0.990	-0.323	-0.916	-0.604	-0.342	-1.013	-1.002	-0.836	-1.008	-0.344	-0.832	-0.808	-1.009	-1.010	-0.807	-1.010	-1.010	-0.645	-0.986	-0.840	-0.806	-1.010	-0.842	-0.807	-0.405	-1.000	-0.867	-1.000	-0.882	-0.916	-0.874	-0.885	-0.871	-0.654	-0.861	-0.895	-0.093	-0.870	
rs941280       -0.747	-0.847	-0.744	-0.849	-0.849	-0.851	-0.853	-0.854	-0.855	-0.855	-0.855	-0.860	-0.545	-0.649	-0.641	-0.795	-0.789	-0.795	+0.277	+0.368	-0.758	-0.780	-0.797	-0.693	-0.629	-0.698	-0.729	-0.849	-0.834	-0.844	-0.215	-0.375	-0.367	-0.366	-0.392	-0.796	-0.846	-0.210	-0.793	-0.533	-0.394	-0.796	-0.359	-0.845	-0.845	-0.795	-0.796	-0.795	-0.796	-0.221	-0.361	-0.796	-0.797	-0.286	-0.456	-0.441	-0.801	-0.435	-0.434	-0.425	-0.596	-0.588	-0.821	-0.172	-0.547	-0.541	-0.729	-0.763	-0.250	-0.528	-0.450	-0.802	-0.800	-0.799	-0.799	-0.801	-0.795	-0.776	-0.800	-0.785	-0.799	-0.775	-0.265	-0.255	+0.640	-0.766	-0.583	-0.629	-0.995	-0.605	-0.658	-0.709	-0.569	-1.023	-0.452	-1.024	-1.023	-0.763	-1.011	-0.414	-0.756	-0.747	-0.327	-0.504	-0.983	-0.878	-0.506	-0.663	-1.010	-1.030	-0.992	-0.615	-0.575	-0.787	-0.787	-0.856	-0.792	-0.605	-0.645	-0.789	-0.788	-0.668	-0.788	-0.613	-0.665	-0.602	-0.796	-0.699	-0.882	-0.431	-0.986	-0.845	-0.514	-0.837	-0.931	-0.323	-0.843	-0.947	-0.843	-0.947	-0.646	-0.951	-1.029	-0.327	-0.955	-0.642	-0.347	-1.047	-1.038	-0.860	-1.043	-0.348	-0.855	-0.842	-1.044	-1.045	-0.841	-1.045	-1.045	-0.684	-1.026	-0.863	-0.840	-1.045	-0.865	-0.841	-0.421	-1.033	-0.902	-1.033	-0.920	-0.934	-0.909	-0.923	-0.906	-0.692	-0.889	-0.927	-0.100	-0.898	
rs879037       -0.714	-0.736	-0.712	-0.733	-0.732	-0.728	-0.722	-0.717	-0.703	-0.710	-0.693	-0.731	-0.649	-0.427	-0.746	-0.721	-0.572	-0.723	+0.246	+0.403	-0.725	-0.632	-0.721	-0.573	-0.619	-0.578	-0.706	-0.740	-0.752	-0.745	-0.254	-0.346	-0.328	-0.327	-0.372	-0.727	-0.744	-0.250	-0.729	-0.641	-0.408	-0.727	-0.319	-0.745	-0.745	-0.728	-0.727	-0.728	-0.727	-0.260	-0.330	-0.728	-0.727	-0.321	-0.490	-0.481	-0.725	-0.473	-0.471	-0.462	-0.359	-0.348	-0.698	-0.213	-0.301	-0.295	-0.441	-0.507	-0.288	-0.279	-0.189	-0.755	-0.754	-0.754	-0.754	-0.754	-0.753	-0.749	-0.699	-0.752	-0.703	-0.749	-0.301	-0.271	+0.564	-0.621	-0.521	-0.544	-0.861	-0.605	-0.571	-0.684	-0.574	-0.908	-0.395	-0.909	-0.909	-0.620	-0.903	-0.436	-0.611	-0.601	-0.153	-0.513	-0.881	-0.808	-0.342	-0.627	-0.901	-0.906	-0.820	-0.584	-0.419	-0.685	-0.685	-0.730	-0.668	-0.385	-0.609	-0.686	-0.686	-0.629	-0.686	-0.395	-0.626	-0.568	-0.692	-0.495	-0.727	-0.420	-0.885	-0.732	-0.293	-0.727	-0.851	-0.330	-0.732	-0.865	-0.732	-0.865	-0.507	-0.868	-0.887	-0.335	-0.871	-0.503	-0.353	-0.930	-0.911	-0.791	-0.918	-0.354	-0.790	-0.731	-0.920	-0.922	-0.731	-0.923	-0.923	-0.547	-0.883	-0.797	-0.730	-0.923	-0.798	-0.730	-0.408	-0.917	-0.788	-0.917	-0.815	-0.855	-0.797	-0.817	-0.789	-0.559	-0.774	-0.821	-0.137	-0.783	
rs200415763    -0.501	-0.704	-0.498	-0.701	-0.701	-0.697	-0.692	-0.687	-0.673	-0.681	-0.665	-0.527	-0.641	-0.746	-0.388	-0.604	-0.812	-0.607	-0.048	+0.019	-0.648	-0.654	-0.601	-0.771	-0.616	-0.773	-0.675	-0.734	-0.737	-0.736	+0.100	-0.565	-0.559	-0.558	-0.575	-0.620	-0.735	+0.105	-0.625	-0.587	-0.330	-0.619	-0.553	-0.735	-0.735	-0.622	-0.621	-0.623	-0.620	+0.093	-0.554	-0.621	-0.621	+0.018	-0.617	-0.607	-0.615	-0.602	-0.600	-0.595	-0.054	-0.039	-0.815	-0.125	+0.025	+0.034	-0.033	-0.182	+0.055	+0.053	+0.172	-0.726	-0.725	-0.725	-0.725	-0.725	-0.723	-0.715	-0.698	-0.719	-0.699	-0.714	+0.038	-0.179	+0.780	-0.615	-0.489	-0.515	-0.855	-0.551	-0.541	-0.637	-0.519	-0.875	-0.364	-0.876	-0.875	-0.612	-0.860	-0.379	-0.604	-0.595	-0.185	-0.458	-0.828	-0.764	-0.363	-0.579	-0.859	-0.885	-0.836	-0.534	-0.436	-0.655	-0.655	-0.712	-0.642	-0.436	-0.560	-0.656	-0.656	-0.581	-0.656	-0.444	-0.578	-0.519	-0.662	-0.534	-0.716	-0.367	-0.832	-0.700	-0.346	-0.695	-0.811	-0.268	-0.700	-0.826	-0.700	-0.826	-0.514	-0.829	-0.876	-0.275	-0.833	-0.511	-0.293	-0.904	-0.893	-0.744	-0.898	-0.294	-0.743	-0.699	-0.900	-0.900	-0.699	-0.901	-0.901	-0.551	-0.872	-0.751	-0.698	-0.901	-0.752	-0.699	-0.323	-0.886	-0.756	-0.886	-0.763	-0.819	-0.752	-0.766	-0.759	-0.559	-0.728	-0.775	-0.035	-0.740	
rs61779334     -0.658	-0.806	-0.655	-0.807	-0.807	-0.806	-0.807	-0.807	-0.804	-0.806	-0.802	-0.725	-0.795	-0.721	-0.604	-0.467	-0.822	-0.591	+0.075	+0.148	-0.614	-0.739	-0.589	-0.754	-0.532	-0.758	-0.808	-0.818	-0.811	-0.816	-0.112	-0.492	-0.485	-0.485	-0.505	-0.623	-0.816	-0.107	-0.621	-0.551	-0.349	-0.623	-0.479	-0.816	-0.816	-0.623	-0.623	-0.623	-0.624	-0.118	-0.480	-0.624	-0.626	-0.184	-0.555	-0.543	-0.631	-0.537	-0.536	-0.529	+0.090	+0.111	-0.831	-0.131	+0.163	+0.179	-0.504	-0.554	-0.149	+0.185	+0.361	-0.788	-0.787	-0.786	-0.786	-0.787	-0.784	-0.771	-0.775	-0.777	-0.776	-0.769	-0.164	-0.213	+0.808	-0.689	-0.498	-0.555	-0.924	-0.566	-0.584	-0.664	-0.531	-0.950	-0.364	-0.950	-0.950	-0.686	-0.936	-0.382	-0.677	-0.668	-0.233	-0.468	-0.908	-0.819	-0.416	-0.615	-0.937	-0.947	-0.906	-0.567	-0.488	-0.714	-0.714	-0.779	-0.719	-0.514	-0.597	-0.716	-0.715	-0.619	-0.715	-0.522	-0.616	-0.554	-0.723	-0.611	-0.801	-0.390	-0.913	-0.772	-0.420	-0.764	-0.857	-0.288	-0.770	-0.874	-0.770	-0.874	-0.564	-0.878	-0.943	-0.290	-0.882	-0.560	-0.309	-0.970	-0.958	-0.801	-0.964	-0.311	-0.797	-0.769	-0.965	-0.966	-0.768	-0.967	-0.967	-0.602	-0.939	-0.805	-0.767	-0.966	-0.807	-0.768	-0.370	-0.961	-0.829	-0.961	-0.844	-0.878	-0.834	-0.847	-0.833	-0.611	-0.822	-0.856	-0.060	-0.831	
rs139622852    -0.770	-0.836	-0.767	-0.834	-0.834	-0.831	-0.827	-0.823	-0.812	-0.817	-0.804	-0.839	-0.789	-0.572	-0.812	-0.822	-0.523	-0.823	+0.439	+0.631	-0.817	-0.742	-0.821	-0.627	-0.608	-0.635	-0.831	-0.842	-0.848	-0.845	-0.258	-0.165	-0.137	-0.136	-0.205	-0.825	-0.844	-0.254	-0.827	-0.656	-0.473	-0.826	-0.126	-0.845	-0.845	-0.826	-0.826	-0.827	-0.826	-0.265	-0.146	-0.826	-0.826	-0.332	-0.394	-0.383	-0.824	-0.370	-0.369	-0.355	-0.493	-0.483	-0.797	-0.271	-0.438	-0.432	-0.582	-0.638	-0.298	-0.418	-0.334	-0.844	-0.843	-0.843	-0.843	-0.844	-0.842	-0.835	-0.801	-0.839	-0.803	-0.835	-0.313	-0.338	+0.582	-0.722	-0.599	-0.629	-0.957	-0.674	-0.656	-0.760	-0.642	-1.000	-0.472	-1.001	-1.001	-0.720	-0.993	-0.501	-0.711	-0.702	-0.253	-0.580	-0.970	-0.892	-0.441	-0.705	-0.991	-1.000	-0.922	-0.660	-0.516	-0.774	-0.774	-0.825	-0.763	-0.494	-0.687	-0.775	-0.775	-0.707	-0.775	-0.502	-0.704	-0.645	-0.782	-0.601	-0.826	-0.493	-0.974	-0.824	-0.401	-0.818	-0.935	-0.400	-0.823	-0.950	-0.823	-0.950	-0.601	-0.953	-0.984	-0.405	-0.957	-0.597	-0.422	-1.023	-1.005	-0.876	-1.011	-0.424	-0.875	-0.823	-1.014	-1.015	-0.822	-1.016	-1.017	-0.641	-0.979	-0.882	-0.821	-1.016	-0.883	-0.822	-0.477	-1.009	-0.880	-1.009	-0.903	-0.941	-0.886	-0.906	-0.881	-0.653	-0.866	-0.910	-0.195	-0.876	
rs114965557    -0.658	-0.807	-0.656	-0.808	-0.808	-0.807	-0.808	-0.808	-0.805	-0.807	-0.803	-0.726	-0.795	-0.723	-0.607	-0.591	-0.823	-0.468	+0.073	+0.146	-0.618	-0.740	-0.592	-0.756	-0.534	-0.759	-0.809	-0.819	-0.812	-0.817	-0.112	-0.494	-0.486	-0.486	-0.507	-0.625	-0.817	-0.107	-0.624	-0.552	-0.350	-0.626	-0.480	-0.817	-0.817	-0.626	-0.626	-0.626	-0.626	-0.118	-0.481	-0.627	-0.628	-0.185	-0.557	-0.544	-0.633	-0.539	-0.537	-0.530	+0.088	+0.109	-0.832	-0.132	+0.172	+0.190	-0.501	-0.552	-0.149	+0.194	+0.380	-0.789	-0.787	-0.787	-0.787	-0.788	-0.784	-0.771	-0.776	-0.777	-0.776	-0.770	-0.164	-0.214	+0.808	-0.690	-0.499	-0.556	-0.925	-0.567	-0.585	-0.665	-0.533	-0.951	-0.366	-0.951	-0.951	-0.687	-0.937	-0.383	-0.678	-0.669	-0.233	-0.470	-0.909	-0.820	-0.417	-0.616	-0.938	-0.948	-0.907	-0.569	-0.489	-0.715	-0.715	-0.780	-0.720	-0.514	-0.598	-0.716	-0.716	-0.620	-0.716	-0.522	-0.617	-0.555	-0.724	-0.611	-0.801	-0.391	-0.914	-0.773	-0.420	-0.765	-0.859	-0.289	-0.771	-0.875	-0.771	-0.875	-0.564	-0.879	-0.944	-0.291	-0.883	-0.560	-0.311	-0.971	-0.959	-0.802	-0.964	-0.312	-0.799	-0.770	-0.966	-0.967	-0.769	-0.967	-0.967	-0.603	-0.940	-0.807	-0.768	-0.967	-0.808	-0.769	-0.371	-0.962	-0.830	-0.962	-0.845	-0.879	-0.834	-0.848	-0.833	-0.612	-0.823	-0.856	-0.061	-0.832	
rs15733        -0.048	+0.051	-0.047	+0.058	+0.059	+0.066	+0.077	+0.086	+0.110	+0.099	+0.126	+0.087	+0.277	+0.246	-0.048	+0.075	+0.439	+0.073	+0.368	+0.300	+0.043	+0.191	+0.078	+0.315	-0.056	+0.321	+0.179	+0.058	+0.030	+0.046	+0.231	+0.002	+0.001	+0.001	+0.004	+0.063	+0.049	+0.234	+0.058	-0.070	+0.223	+0.064	-0.001	+0.048	+0.048	+0.062	+0.063	+0.060	+0.063	+0.228	-0.002	+0.062	+0.062	+0.188	+0.007	-0.001	+0.068	-0.002	-0.002	-0.004	+0.550	+0.563	+0.216	+0.388	+0.613	+0.620	+0.461	+0.383	+0.218	+0.637	+0.748	+0.003	+0.003	+0.003	+0.003	+0.003	+0.002	-0.003	+0.095	-0.002	+0.089	-0.004	+0.209	+0.359	+0.893	+0.154	+0.129	+0.195	-0.071	+0.042	+0.169	-0.011	+0.067	-0.149	+0.261	-0.151	-0.151	+0.155	-0.157	+0.200	+0.163	+0.173	+0.648	+0.136	-0.145	-0.092	+0.450	+0.045	-0.151	-0.125	+0.020	+0.079	+0.369	+0.058	+0.058	+0.034	+0.124	+0.451	+0.059	+0.056	+0.057	+0.044	+0.057	+0.441	+0.046	+0.096	+0.052	+0.330	+0.062	+0.219	-0.148	+0.024	+0.543	+0.025	-0.138	+0.291	+0.022	-0.148	+0.022	-0.148	+0.269	-0.150	-0.084	+0.284	-0.152	+0.274	+0.269	-0.163	-0.130	-0.082	-0.139	+0.268	-0.082	+0.022	-0.144	-0.146	+0.022	-0.150	-0.150	+0.228	-0.080	-0.087	+0.022	-0.150	-0.088	+0.022	+0.237	-0.159	-0.031	-0.156	-0.094	-0.121	-0.048	-0.096	-0.029	+0.211	-0.019	-0.074	+0.449	-0.029	
rs6525         +0.016	+0.123	+0.017	+0.130	+0.131	+0.139	+0.150	+0.160	+0.185	+0.173	+0.202	+0.164	+0.368	+0.403	+0.019	+0.148	+0.631	+0.146	+0.300	+0.438	+0.112	+0.267	+0.151	+0.491	+0.017	+0.497	+0.266	+0.132	+0.102	+0.119	+0.280	+0.089	+0.087	+0.087	+0.092	+0.135	+0.122	+0.284	+0.130	-0.010	+0.281	+0.136	+0.084	+0.121	+0.121	+0.133	+0.135	+0.132	+0.135	+0.277	+0.082	+0.134	+0.134	+0.239	+0.099	+0.088	+0.141	+0.086	+0.086	+0.083	+0.634	+0.646	+0.349	+0.444	+0.697	+0.704	+0.545	+0.465	+0.268	+0.721	+0.833	+0.072	+0.072	+0.072	+0.072	+0.072	+0.071	+0.065	+0.168	+0.067	+0.161	+0.064	+0.260	+0.417	+0.928	+0.225	+0.192	+0.256	-0.007	+0.104	+0.232	+0.052	+0.129	-0.083	+0.326	-0.085	-0.086	+0.225	-0.091	+0.261	+0.233	+0.244	+0.718	+0.197	-0.078	-0.026	+0.520	+0.108	-0.085	-0.058	+0.088	+0.142	+0.438	+0.122	+0.122	+0.103	+0.193	+0.522	+0.122	+0.121	+0.122	+0.107	+0.122	+0.512	+0.109	+0.158	+0.117	+0.399	+0.128	+0.281	-0.081	+0.091	+0.614	+0.091	-0.072	+0.351	+0.089	-0.082	+0.089	-0.082	+0.337	-0.084	-0.018	+0.344	-0.086	+0.342	+0.330	-0.096	-0.064	-0.016	-0.073	+0.329	-0.016	+0.089	-0.077	-0.080	+0.089	-0.083	-0.083	+0.295	-0.014	-0.021	+0.089	-0.083	-0.023	+0.088	+0.300	-0.093	+0.036	-0.090	-0.026	-0.058	+0.015	-0.029	+0.039	+0.278	+0.047	-0.010	+0.507	+0.037	
rs2889739      -0.620	-0.777	-0.617	-0.778	-0.778	-0.778	-0.779	-0.779	-0.777	-0.778	-0.775	-0.709	-0.758	-0.725	-0.648	-0.614	-0.817	-0.618	+0.043	+0.112	-0.436	-0.713	-0.612	-0.756	-0.557	-0.759	-0.779	-0.790	-0.783	-0.788	-0.063	-0.510	-0.502	-0.502	-0.521	-0.633	-0.788	-0.059	-0.636	-0.549	-0.331	-0.634	-0.496	-0.788	-0.788	-0.635	-0.633	-0.636	-0.634	-0.070	-0.497	-0.635	-0.635	-0.137	-0.568	-0.557	-0.634	-0.551	-0.550	-0.543	+0.004	+0.022	-0.822	-0.115	+0.088	+0.097	-0.452	-0.504	-0.102	+0.115	+0.256	-0.758	-0.757	-0.756	-0.756	-0.757	-0.754	-0.740	-0.748	-0.746	-0.748	-0.739	-0.117	-0.197	+0.878	-0.664	-0.489	-0.522	-0.897	-0.552	-0.551	-0.647	-0.518	-0.924	-0.358	-0.925	-0.924	-0.661	-0.912	-0.371	-0.653	-0.644	-0.191	-0.455	-0.884	-0.801	-0.378	-0.596	-0.911	-0.922	-0.871	-0.549	-0.451	-0.683	-0.683	-0.754	-0.691	-0.475	-0.578	-0.685	-0.684	-0.600	-0.684	-0.483	-0.597	-0.536	-0.692	-0.574	-0.765	-0.374	-0.888	-0.744	-0.380	-0.735	-0.842	-0.274	-0.742	-0.857	-0.741	-0.858	-0.528	-0.861	-0.912	-0.276	-0.865	-0.524	-0.295	-0.944	-0.929	-0.783	-0.935	-0.296	-0.780	-0.741	-0.936	-0.937	-0.740	-0.939	-0.939	-0.567	-0.907	-0.788	-0.738	-0.938	-0.790	-0.739	-0.349	-0.934	-0.801	-0.934	-0.816	-0.854	-0.801	-0.819	-0.805	-0.576	-0.793	-0.823	-0.044	-0.802	
rs41270827     -0.617	-0.717	-0.615	-0.720	-0.720	-0.721	-0.723	-0.725	-0.726	-0.726	-0.727	-0.777	-0.780	-0.632	-0.654	-0.739	-0.742	-0.740	+0.191	+0.267	-0.713	-0.402	-0.740	-0.669	-0.555	-0.672	-0.779	-0.655	-0.626	-0.646	-0.086	-0.390	-0.382	-0.382	-0.404	-0.739	-0.648	-0.082	-0.738	-0.462	-0.273	-0.739	-0.376	-0.647	-0.647	-0.739	-0.739	-0.739	-0.739	-0.092	-0.377	-0.739	-0.739	-0.157	-0.456	-0.443	-0.740	-0.437	-0.436	-0.429	-0.501	-0.492	-0.744	-0.052	-0.451	-0.447	-0.606	-0.640	-0.121	-0.433	-0.368	-0.578	-0.575	-0.574	-0.574	-0.576	-0.567	-0.538	-0.587	-0.552	-0.582	-0.536	-0.135	-0.138	+0.978	-0.631	-0.464	-0.479	-0.860	-0.490	-0.509	-0.591	-0.454	-0.892	-0.334	-0.893	-0.893	-0.629	-0.882	-0.300	-0.621	-0.612	-0.174	-0.389	-0.856	-0.764	-0.358	-0.546	-0.881	-0.899	-0.861	-0.496	-0.428	-0.648	-0.648	-0.725	-0.661	-0.463	-0.526	-0.649	-0.648	-0.549	-0.649	-0.470	-0.546	-0.483	-0.657	-0.559	-0.727	-0.315	-0.860	-0.712	-0.369	-0.702	-0.815	-0.211	-0.709	-0.831	-0.709	-0.831	-0.498	-0.834	-0.888	-0.214	-0.838	-0.495	-0.234	-0.920	-0.906	-0.744	-0.913	-0.235	-0.742	-0.708	-0.914	-0.915	-0.707	-0.916	-0.916	-0.538	-0.884	-0.750	-0.705	-0.916	-0.751	-0.706	-0.298	-0.901	-0.771	-0.901	-0.794	-0.804	-0.768	-0.797	-0.775	-0.547	-0.750	-0.780	+0.017	-0.760	
rs11584399     -0.660	-0.807	-0.658	-0.808	-0.808	-0.808	-0.808	-0.808	-0.806	-0.807	-0.804	-0.726	-0.797	-0.721	-0.601	-0.589	-0.821	-0.592	+0.078	+0.151	-0.612	-0.740	-0.468	-0.754	-0.530	-0.757	-0.810	-0.819	-0.813	-0.817	-0.115	-0.490	-0.483	-0.482	-0.503	-0.623	-0.818	-0.110	-0.621	-0.550	-0.350	-0.623	-0.476	-0.818	-0.818	-0.622	-0.623	-0.622	-0.623	-0.121	-0.477	-0.624	-0.625	-0.187	-0.553	-0.541	-0.631	-0.535	-0.534	-0.527	+0.066	+0.087	-0.831	-0.132	+0.139	+0.157	-0.510	-0.559	-0.152	+0.162	+0.340	-0.790	-0.788	-0.788	-0.788	-0.789	-0.785	-0.772	-0.777	-0.778	-0.777	-0.771	-0.167	-0.214	+0.802	-0.690	-0.498	-0.557	-0.926	-0.567	-0.586	-0.664	-0.532	-0.951	-0.364	-0.951	-0.951	-0.687	-0.937	-0.382	-0.678	-0.669	-0.235	-0.468	-0.910	-0.820	-0.419	-0.615	-0.938	-0.949	-0.908	-0.568	-0.490	-0.716	-0.716	-0.780	-0.721	-0.516	-0.597	-0.717	-0.716	-0.619	-0.717	-0.524	-0.616	-0.555	-0.724	-0.613	-0.803	-0.390	-0.914	-0.774	-0.423	-0.766	-0.858	-0.288	-0.772	-0.875	-0.772	-0.875	-0.566	-0.878	-0.945	-0.291	-0.882	-0.562	-0.310	-0.971	-0.960	-0.802	-0.965	-0.311	-0.798	-0.771	-0.967	-0.967	-0.770	-0.968	-0.968	-0.604	-0.941	-0.806	-0.768	-0.968	-0.808	-0.769	-0.370	-0.962	-0.830	-0.962	-0.846	-0.879	-0.835	-0.848	-0.834	-0.613	-0.823	-0.857	-0.060	-0.832	
rs1727098      -0.736	-0.770	-0.734	-0.767	-0.767	-0.763	-0.757	-0.753	-0.739	-0.746	-0.730	-0.766	-0.693	-0.573	-0.771	-0.754	-0.627	-0.756	+0.315	+0.491	-0.756	-0.669	-0.754	-0.459	-0.620	-0.588	-0.745	-0.774	-0.784	-0.779	-0.261	-0.253	-0.226	-0.226	-0.289	-0.759	-0.778	-0.257	-0.761	-0.651	-0.432	-0.759	-0.217	-0.778	-0.778	-0.760	-0.760	-0.761	-0.760	-0.267	-0.237	-0.760	-0.760	-0.330	-0.454	-0.444	-0.757	-0.434	-0.433	-0.421	-0.401	-0.391	-0.732	-0.235	-0.344	-0.338	-0.485	-0.548	-0.297	-0.323	-0.234	-0.785	-0.785	-0.784	-0.784	-0.785	-0.784	-0.779	-0.733	-0.782	-0.736	-0.779	-0.310	-0.295	+0.566	-0.655	-0.549	-0.575	-0.894	-0.631	-0.601	-0.711	-0.599	-0.939	-0.423	-0.940	-0.940	-0.653	-0.934	-0.461	-0.644	-0.635	-0.187	-0.539	-0.911	-0.838	-0.375	-0.655	-0.932	-0.938	-0.854	-0.611	-0.452	-0.716	-0.716	-0.762	-0.700	-0.421	-0.637	-0.718	-0.717	-0.657	-0.717	-0.430	-0.654	-0.596	-0.724	-0.531	-0.760	-0.447	-0.916	-0.764	-0.329	-0.758	-0.880	-0.356	-0.763	-0.894	-0.763	-0.894	-0.539	-0.897	-0.920	-0.361	-0.901	-0.535	-0.378	-0.962	-0.943	-0.820	-0.950	-0.380	-0.819	-0.763	-0.952	-0.954	-0.762	-0.955	-0.955	-0.579	-0.916	-0.826	-0.761	-0.955	-0.827	-0.762	-0.434	-0.949	-0.819	-0.948	-0.845	-0.885	-0.829	-0.848	-0.820	-0.591	-0.805	-0.852	-0.160	-0.815	
rs710913       -0.590	-0.610	-0.589	-0.610	-0.610	-0.609	-0.608	-0.607	-0.603	-0.606	-0.600	-0.533	-0.629	-0.619	-0.616	-0.532	-0.608	-0.534	-0.056	+0.017	-0.557	-0.555	-0.530	-0.620	-0.265	-0.621	-0.657	-0.617	-0.607	-0.614	-0.197	-0.527	-0.521	-0.521	-0.535	-0.542	-0.614	-0.193	-0.546	-0.561	-0.264	-0.542	-0.517	-0.614	-0.614	-0.544	-0.543	-0.545	-0.542	-0.203	-0.518	-0.543	-0.543	-0.259	-0.568	-0.562	-0.538	-0.558	-0.557	-0.553	-0.082	-0.070	-0.650	-0.072	-0.014	-0.007	-0.182	-0.232	-0.228	+0.011	+0.121	-0.576	-0.575	-0.574	-0.574	-0.575	-0.571	-0.556	-0.568	-0.563	-0.566	-0.553	-0.240	-0.119	+0.640	-0.539	-0.438	-0.374	-0.661	-0.444	-0.402	-0.523	-0.413	-0.740	-0.323	-0.741	-0.742	-0.536	-0.749	-0.272	-0.530	-0.524	+0.028	-0.349	-0.737	-0.654	-0.166	-0.468	-0.745	-0.722	-0.656	-0.423	-0.241	-0.523	-0.523	-0.611	-0.512	-0.206	-0.449	-0.524	-0.523	-0.469	-0.524	-0.215	-0.466	-0.406	-0.531	-0.320	-0.491	-0.256	-0.739	-0.576	-0.111	-0.569	-0.721	-0.166	-0.575	-0.732	-0.575	-0.732	-0.322	-0.734	-0.687	-0.174	-0.737	-0.318	-0.191	-0.767	-0.740	-0.640	-0.748	-0.192	-0.640	-0.574	-0.752	-0.754	-0.574	-0.756	-0.757	-0.364	-0.681	-0.646	-0.572	-0.757	-0.648	-0.573	-0.259	-0.754	-0.634	-0.752	-0.683	-0.682	-0.621	-0.686	-0.635	-0.379	-0.588	-0.635	+0.005	-0.601	
rs755247       -0.738	-0.773	-0.736	-0.770	-0.770	-0.766	-0.761	-0.756	-0.743	-0.749	-0.734	-0.770	-0.698	-0.578	-0.773	-0.758	-0.635	-0.759	+0.321	+0.497	-0.759	-0.672	-0.757	-0.588	-0.621	-0.463	-0.749	-0.777	-0.788	-0.782	-0.262	-0.226	-0.197	-0.196	-0.265	-0.763	-0.781	-0.258	-0.765	-0.651	-0.435	-0.763	-0.187	-0.781	-0.781	-0.764	-0.763	-0.764	-0.763	-0.268	-0.208	-0.764	-0.763	-0.331	-0.443	-0.434	-0.761	-0.423	-0.422	-0.409	-0.405	-0.395	-0.733	-0.238	-0.348	-0.342	-0.489	-0.553	-0.297	-0.327	-0.239	-0.788	-0.788	-0.787	-0.787	-0.788	-0.787	-0.782	-0.737	-0.785	-0.740	-0.782	-0.311	-0.298	+0.567	-0.658	-0.552	-0.578	-0.897	-0.634	-0.605	-0.714	-0.602	-0.942	-0.426	-0.943	-0.943	-0.656	-0.937	-0.464	-0.647	-0.638	-0.191	-0.541	-0.914	-0.840	-0.379	-0.658	-0.935	-0.941	-0.858	-0.614	-0.455	-0.719	-0.719	-0.765	-0.703	-0.425	-0.640	-0.721	-0.720	-0.660	-0.720	-0.434	-0.657	-0.599	-0.727	-0.534	-0.763	-0.450	-0.919	-0.767	-0.332	-0.761	-0.883	-0.359	-0.766	-0.897	-0.766	-0.897	-0.542	-0.900	-0.923	-0.364	-0.904	-0.538	-0.381	-0.965	-0.946	-0.823	-0.953	-0.383	-0.822	-0.766	-0.955	-0.957	-0.765	-0.958	-0.958	-0.582	-0.919	-0.829	-0.764	-0.958	-0.830	-0.765	-0.437	-0.952	-0.822	-0.951	-0.848	-0.888	-0.832	-0.851	-0.823	-0.594	-0.808	-0.855	-0.163	-0.818	
rs11206276     -0.744	-0.861	-0.741	-0.863	-0.863	-0.863	-0.865	-0.865	-0.864	-0.865	-0.863	-0.868	-0.729	-0.706	-0.675	-0.808	-0.831	-0.809	+0.179	+0.266	-0.779	-0.779	-0.810	-0.745	-0.657	-0.749	-0.553	-0.858	-0.846	-0.854	-0.201	-0.422	-0.413	-0.413	-0.438	-0.806	-0.855	-0.196	-0.804	-0.561	-0.413	-0.807	-0.406	-0.855	-0.855	-0.806	-0.806	-0.805	-0.807	-0.207	-0.407	-0.806	-0.807	-0.273	-0.498	-0.483	-0.810	-0.477	-0.476	-0.467	-0.562	-0.552	-0.846	-0.194	-0.507	-0.501	-0.714	-0.752	-0.238	-0.487	-0.409	-0.818	-0.816	-0.815	-0.815	-0.817	-0.812	-0.794	-0.805	-0.802	-0.805	-0.793	-0.252	-0.276	+0.632	-0.764	-0.589	-0.638	-1.004	-0.619	-0.667	-0.722	-0.583	-1.031	-0.458	-1.031	-1.031	-0.762	-1.018	-0.429	-0.754	-0.745	-0.328	-0.519	-0.990	-0.890	-0.508	-0.680	-1.017	-1.038	-0.995	-0.632	-0.578	-0.795	-0.795	-0.860	-0.800	-0.606	-0.662	-0.797	-0.796	-0.685	-0.796	-0.614	-0.681	-0.619	-0.804	-0.701	-0.890	-0.451	-0.994	-0.853	-0.514	-0.845	-0.940	-0.345	-0.851	-0.957	-0.851	-0.957	-0.651	-0.961	-1.035	-0.349	-0.965	-0.648	-0.368	-1.054	-1.045	-0.872	-1.050	-0.370	-0.868	-0.850	-1.051	-1.052	-0.849	-1.052	-1.052	-0.689	-1.032	-0.876	-0.848	-1.052	-0.878	-0.849	-0.439	-1.041	-0.910	-1.041	-0.925	-0.948	-0.917	-0.928	-0.913	-0.698	-0.899	-0.937	-0.123	-0.908	
rs10465830     -0.676	-0.761	-0.674	-0.762	-0.762	-0.761	-0.760	-0.759	-0.754	-0.757	-0.750	-0.855	-0.849	-0.740	-0.734	-0.818	-0.842	-0.819	+0.058	+0.132	-0.790	-0.655	-0.819	-0.774	-0.617	-0.777	-0.858	-0.491	-0.585	-0.608	-0.127	-0.505	-0.497	-0.496	-0.517	-0.817	-0.616	-0.122	-0.817	-0.570	-0.373	-0.818	-0.490	-0.615	-0.615	-0.817	-0.817	-0.817	-0.818	-0.133	-0.491	-0.817	-0.817	-0.200	-0.567	-0.555	-0.818	-0.549	-0.548	-0.541	-0.592	-0.584	-0.840	-0.156	-0.544	-0.540	-0.689	-0.724	-0.163	-0.527	-0.464	-0.573	-0.564	-0.563	-0.563	-0.571	-0.553	-0.516	-0.702	-0.541	-0.704	-0.517	-0.178	-0.239	+0.836	-0.675	-0.522	-0.580	-0.942	-0.589	-0.609	-0.686	-0.555	-0.966	-0.389	-0.967	-0.966	-0.673	-0.952	-0.405	-0.664	-0.654	-0.252	-0.491	-0.922	-0.845	-0.437	-0.638	-0.953	-0.976	-0.939	-0.591	-0.508	-0.737	-0.737	-0.790	-0.741	-0.542	-0.620	-0.739	-0.738	-0.642	-0.738	-0.550	-0.639	-0.577	-0.746	-0.638	-0.821	-0.414	-0.931	-0.794	-0.448	-0.787	-0.886	-0.314	-0.793	-0.902	-0.792	-0.903	-0.582	-0.906	-0.973	-0.315	-0.910	-0.578	-0.334	-0.998	-0.987	-0.827	-0.992	-0.335	-0.824	-0.792	-0.994	-0.994	-0.791	-0.995	-0.995	-0.621	-0.969	-0.832	-0.789	-0.995	-0.834	-0.790	-0.393	-0.979	-0.852	-0.980	-0.865	-0.900	-0.859	-0.868	-0.855	-0.630	-0.842	-0.879	-0.085	-0.851	
rs66480008     -0.663	-0.757	-0.660	-0.756	-0.756	-0.753	-0.751	-0.748	-0.739	-0.745	-0.733	-0.849	-0.834	-0.752	-0.737	-0.811	-0.848	-0.812	+0.030	+0.102	-0.783	-0.626	-0.813	-0.784	-0.607	-0.788	-0.846	-0.585	-0.483	-0.602	-0.106	-0.526	-0.517	-0.517	-0.538	-0.810	-0.603	-0.102	-0.810	-0.580	-0.373	-0.811	-0.511	-0.604	-0.604	-0.811	-0.810	-0.810	-0.811	-0.112	-0.512	-0.811	-0.811	-0.181	-0.586	-0.574	-0.812	-0.569	-0.567	-0.560	-0.589	-0.581	-0.848	-0.158	-0.543	-0.539	-0.677	-0.712	-0.143	-0.525	-0.463	-0.621	-0.616	-0.615	-0.615	-0.619	-0.609	-0.586	-0.688	-0.601	-0.691	-0.586	-0.158	-0.240	+0.792	-0.653	-0.508	-0.576	-0.938	-0.592	-0.605	-0.687	-0.557	-0.958	-0.372	-0.959	-0.958	-0.651	-0.942	-0.410	-0.642	-0.632	-0.260	-0.495	-0.911	-0.842	-0.442	-0.638	-0.945	-0.969	-0.934	-0.591	-0.512	-0.732	-0.732	-0.777	-0.735	-0.542	-0.619	-0.734	-0.733	-0.641	-0.733	-0.550	-0.638	-0.577	-0.741	-0.637	-0.824	-0.415	-0.922	-0.788	-0.450	-0.781	-0.878	-0.315	-0.787	-0.894	-0.787	-0.894	-0.586	-0.898	-0.969	-0.317	-0.902	-0.582	-0.336	-0.991	-0.981	-0.824	-0.987	-0.337	-0.821	-0.786	-0.988	-0.988	-0.785	-0.989	-0.989	-0.624	-0.966	-0.829	-0.784	-0.989	-0.830	-0.784	-0.392	-0.973	-0.845	-0.973	-0.858	-0.896	-0.854	-0.861	-0.849	-0.633	-0.838	-0.876	-0.087	-0.847	
rs13376177     -0.672	-0.761	-0.669	-0.761	-0.761	-0.759	-0.758	-0.756	-0.749	-0.754	-0.745	-0.853	-0.844	-0.745	-0.736	-0.816	-0.845	-0.817	+0.046	+0.119	-0.788	-0.646	-0.817	-0.779	-0.614	-0.782	-0.854	-0.608	-0.602	-0.489	-0.119	-0.514	-0.505	-0.505	-0.526	-0.815	-0.615	-0.114	-0.815	-0.575	-0.374	-0.816	-0.499	-0.615	-0.615	-0.816	-0.815	-0.815	-0.816	-0.125	-0.500	-0.816	-0.816	-0.193	-0.575	-0.563	-0.817	-0.558	-0.556	-0.549	-0.592	-0.584	-0.844	-0.158	-0.544	-0.540	-0.685	-0.720	-0.155	-0.527	-0.464	-0.593	-0.586	-0.585	-0.585	-0.592	-0.577	-0.545	-0.698	-0.566	-0.700	-0.545	-0.170	-0.240	+0.819	-0.668	-0.518	-0.579	-0.941	-0.591	-0.608	-0.687	-0.556	-0.964	-0.383	-0.964	-0.964	-0.666	-0.949	-0.408	-0.657	-0.647	-0.256	-0.493	-0.919	-0.845	-0.440	-0.639	-0.951	-0.974	-0.938	-0.591	-0.510	-0.736	-0.736	-0.786	-0.740	-0.543	-0.620	-0.738	-0.737	-0.642	-0.737	-0.550	-0.639	-0.578	-0.745	-0.638	-0.823	-0.415	-0.929	-0.793	-0.449	-0.785	-0.884	-0.315	-0.791	-0.900	-0.791	-0.900	-0.584	-0.904	-0.973	-0.316	-0.908	-0.580	-0.335	-0.996	-0.985	-0.826	-0.991	-0.337	-0.824	-0.790	-0.992	-0.993	-0.789	-0.993	-0.993	-0.623	-0.969	-0.831	-0.788	-0.993	-0.833	-0.789	-0.394	-0.978	-0.850	-0.978	-0.863	-0.899	-0.858	-0.866	-0.854	-0.632	-0.841	-0.879	-0.086	-0.850	
