## Summary of overall evidence for association with region:
## log10(BF for region) = 1.28979
## p-value for region = NA

## BFs for choosing among multi-SNP models:
## log10(average 1-SNP BF) = 1.31276
## log10(average 2-SNP BF) = 1.23987

## Example posterior probabilities for multi-SNP models, based on default prior: [p(l) propto 0.5^l for l=1,2,...,L]
## posterior probability of 1-SNP = 0.702862
## posterior probability of 2-SNP = 0.297138

## log10(BF) for single SNP and pair of SNPs:
rs7203657      -0.429	-0.599	-0.553	-0.560	-0.543	-0.626	-0.568	-0.624	-0.637	-0.427	-0.466	-0.442	-0.390	-0.416	-0.409	-0.432	-0.482	-0.376	-0.451	-0.495	-0.507	-0.454	+1.532	+0.932	+1.286	+1.092	+1.337	+1.294	+1.286	+1.042	+0.932	-0.034	+0.881	-0.025	+0.975	+0.860	+2.613	+2.373	+0.778	+0.785	+0.806	+0.945	+0.986	+0.952	+0.937	+0.939	+1.031	+0.952	+1.016	+0.958	+0.959	+0.965	+0.973	+0.805	+0.805	+0.805	+0.708	+0.694	+0.800	+0.799	+0.709	+0.756	+1.419	+0.701	+1.441	+0.637	+0.245	+0.223	-0.246	+0.047	-0.142	+0.510	+0.370	+0.495	+0.351	+0.488	+0.380	+0.812	+1.422	+0.869	+0.500	+0.692	+0.849	+0.522	+0.712	+0.704	+0.160	+0.628	+0.574	-0.624	-0.431	-0.448	-0.416	-0.436	-0.433	-0.436	-0.437	-0.438	-0.438	-0.444	-0.440	-0.444	-0.444	-0.450	-0.449	-0.483	-0.494	+0.315	+0.309	-0.516	+0.347	-0.510	-0.516	-0.521	-0.519	+0.378	-0.531	-0.334	+0.062	-0.148	-0.132	-0.176	-0.173	-0.191	-0.188	+0.001	-0.646	+0.000	-0.198	-0.683	-0.653	-0.235	-0.291	-0.419	-0.419	-0.428	-0.412	-0.404	-0.439	-0.416	-0.365	-0.356	-0.350	-0.310	-0.308	-0.312	-0.753	-0.757	-0.739	-0.742	-0.679	-0.674	-0.671	-0.672	-0.793	-0.878	-0.887	-0.778	-0.697	-0.806	-0.806	-0.806	-0.806	-0.778	-0.806	
rs13334870     -0.599	-0.465	-0.600	-0.603	-0.559	-0.651	-0.588	-0.660	-0.679	-0.458	-0.497	-0.473	-0.420	-0.447	-0.440	-0.463	-0.514	-0.407	-0.481	-0.526	-0.538	-0.486	+1.495	+0.901	+1.249	+1.057	+1.300	+1.257	+1.249	+1.011	+0.900	-0.068	+0.849	-0.059	+0.943	+0.826	+2.576	+2.336	+0.746	+0.755	+0.774	+0.910	+0.951	+0.917	+0.902	+0.904	+0.996	+0.917	+0.981	+0.923	+0.924	+0.930	+0.938	+0.770	+0.770	+0.770	+0.674	+0.659	+0.765	+0.764	+0.674	+0.721	+1.381	+0.666	+1.403	+0.603	+0.211	+0.191	-0.280	+0.014	-0.174	+0.474	+0.335	+0.460	+0.315	+0.452	+0.345	+0.775	+1.380	+0.832	+0.465	+0.655	+0.813	+0.486	+0.675	+0.667	+0.125	+0.591	+0.538	-0.657	-0.466	-0.482	-0.450	-0.471	-0.468	-0.471	-0.472	-0.473	-0.473	-0.479	-0.475	-0.478	-0.479	-0.485	-0.484	-0.518	-0.529	+0.279	+0.274	-0.550	+0.310	-0.545	-0.551	-0.555	-0.554	+0.341	-0.566	-0.368	+0.028	-0.183	-0.167	-0.211	-0.208	-0.226	-0.223	-0.034	-0.680	-0.034	-0.233	-0.717	-0.687	-0.270	-0.327	-0.454	-0.454	-0.463	-0.447	-0.438	-0.474	-0.453	-0.402	-0.393	-0.387	-0.347	-0.346	-0.349	-0.787	-0.790	-0.773	-0.776	-0.713	-0.708	-0.705	-0.706	-0.827	-0.912	-0.921	-0.812	-0.732	-0.840	-0.840	-0.840	-0.840	-0.812	-0.840	
rs1133610      -0.553	-0.600	-0.427	-0.563	-0.546	-0.624	-0.570	-0.620	-0.635	-0.425	-0.464	-0.440	-0.387	-0.414	-0.407	-0.430	-0.480	-0.374	-0.448	-0.493	-0.505	-0.452	+1.533	+0.934	+1.288	+1.094	+1.339	+1.296	+1.288	+1.044	+0.934	-0.032	+0.883	-0.023	+0.977	+0.862	+2.615	+2.375	+0.779	+0.787	+0.808	+0.947	+0.988	+0.954	+0.939	+0.941	+1.033	+0.954	+1.018	+0.960	+0.961	+0.967	+0.975	+0.808	+0.807	+0.807	+0.711	+0.697	+0.802	+0.801	+0.711	+0.758	+1.422	+0.703	+1.444	+0.639	+0.247	+0.224	-0.244	+0.049	-0.140	+0.512	+0.372	+0.498	+0.353	+0.490	+0.382	+0.814	+1.425	+0.871	+0.502	+0.694	+0.851	+0.524	+0.714	+0.707	+0.162	+0.631	+0.577	-0.622	-0.429	-0.446	-0.414	-0.434	-0.431	-0.434	-0.435	-0.436	-0.436	-0.442	-0.438	-0.441	-0.442	-0.448	-0.447	-0.481	-0.492	+0.317	+0.311	-0.513	+0.349	-0.508	-0.514	-0.518	-0.517	+0.380	-0.529	-0.331	+0.064	-0.145	-0.130	-0.174	-0.171	-0.189	-0.186	+0.003	-0.644	+0.003	-0.196	-0.681	-0.651	-0.233	-0.288	-0.417	-0.417	-0.426	-0.410	-0.401	-0.437	-0.414	-0.363	-0.354	-0.348	-0.307	-0.306	-0.310	-0.751	-0.754	-0.737	-0.740	-0.676	-0.672	-0.669	-0.670	-0.791	-0.875	-0.885	-0.776	-0.695	-0.804	-0.804	-0.804	-0.804	-0.776	-0.804	
rs1133611      -0.560	-0.603	-0.563	-0.435	-0.537	-0.627	-0.565	-0.631	-0.644	-0.432	-0.471	-0.447	-0.395	-0.421	-0.414	-0.438	-0.488	-0.381	-0.456	-0.500	-0.512	-0.460	+1.527	+0.928	+1.281	+1.087	+1.332	+1.289	+1.281	+1.038	+0.928	-0.039	+0.877	-0.030	+0.971	+0.855	+2.608	+2.368	+0.773	+0.781	+0.802	+0.941	+0.981	+0.948	+0.932	+0.935	+1.027	+0.948	+1.012	+0.953	+0.955	+0.960	+0.968	+0.801	+0.800	+0.800	+0.704	+0.690	+0.795	+0.794	+0.705	+0.751	+1.414	+0.696	+1.436	+0.632	+0.240	+0.218	-0.251	+0.043	-0.147	+0.505	+0.365	+0.491	+0.346	+0.483	+0.376	+0.807	+1.416	+0.864	+0.495	+0.686	+0.844	+0.517	+0.706	+0.699	+0.155	+0.623	+0.569	-0.629	-0.436	-0.453	-0.421	-0.442	-0.439	-0.442	-0.442	-0.443	-0.443	-0.450	-0.445	-0.449	-0.449	-0.456	-0.454	-0.488	-0.500	+0.310	+0.304	-0.521	+0.342	-0.516	-0.521	-0.526	-0.524	+0.373	-0.537	-0.339	+0.057	-0.153	-0.137	-0.181	-0.178	-0.196	-0.193	-0.004	-0.651	-0.005	-0.203	-0.688	-0.659	-0.240	-0.296	-0.425	-0.425	-0.433	-0.417	-0.409	-0.444	-0.422	-0.370	-0.362	-0.356	-0.315	-0.314	-0.318	-0.759	-0.762	-0.745	-0.748	-0.684	-0.680	-0.677	-0.678	-0.799	-0.883	-0.893	-0.784	-0.703	-0.812	-0.812	-0.812	-0.812	-0.784	-0.812	
rs4584817      -0.543	-0.559	-0.546	-0.537	-0.388	-0.583	-0.521	-0.573	-0.573	-0.391	-0.430	-0.406	-0.353	-0.379	-0.373	-0.396	-0.446	-0.340	-0.414	-0.458	-0.470	-0.418	+1.569	+0.966	+1.324	+1.131	+1.375	+1.332	+1.325	+1.076	+0.968	+0.003	+0.918	+0.011	+1.011	+0.900	+2.658	+2.418	+0.813	+0.821	+0.844	+0.988	+1.028	+0.995	+0.979	+0.982	+1.074	+0.995	+1.060	+1.001	+1.002	+1.008	+1.015	+0.848	+0.848	+0.847	+0.751	+0.737	+0.843	+0.842	+0.752	+0.798	+1.462	+0.743	+1.484	+0.678	+0.283	+0.259	-0.207	+0.085	-0.106	+0.553	+0.411	+0.538	+0.394	+0.529	+0.422	+0.856	+1.479	+0.912	+0.540	+0.736	+0.892	+0.562	+0.757	+0.749	+0.199	+0.672	+0.618	-0.585	-0.391	-0.407	-0.375	-0.396	-0.393	-0.396	-0.396	-0.397	-0.398	-0.404	-0.399	-0.403	-0.404	-0.410	-0.409	-0.443	-0.454	+0.356	+0.350	-0.475	+0.392	-0.470	-0.476	-0.480	-0.479	+0.423	-0.491	-0.294	+0.102	-0.106	-0.090	-0.134	-0.131	-0.149	-0.146	+0.041	-0.607	+0.041	-0.156	-0.644	-0.614	-0.194	-0.251	-0.380	-0.380	-0.388	-0.373	-0.364	-0.399	-0.377	-0.325	-0.316	-0.310	-0.269	-0.268	-0.272	-0.715	-0.718	-0.700	-0.703	-0.639	-0.634	-0.631	-0.632	-0.755	-0.839	-0.848	-0.739	-0.658	-0.767	-0.767	-0.767	-0.767	-0.739	-0.767	
rs8060558      -0.626	-0.651	-0.624	-0.627	-0.583	-0.420	-0.600	-0.625	-0.637	-0.413	-0.452	-0.429	-0.376	-0.402	-0.395	-0.418	-0.469	-0.361	-0.437	-0.482	-0.494	-0.441	+1.541	+0.936	+1.294	+1.097	+1.345	+1.302	+1.295	+1.045	+0.939	-0.027	+0.888	-0.019	+0.982	+0.866	+2.632	+2.391	+0.781	+0.789	+0.813	+0.952	+0.992	+0.959	+0.943	+0.946	+1.038	+0.959	+1.023	+0.965	+0.966	+0.972	+0.980	+0.812	+0.812	+0.812	+0.715	+0.701	+0.807	+0.806	+0.716	+0.763	+1.432	+0.708	+1.455	+0.640	+0.250	+0.227	-0.240	+0.054	-0.137	+0.517	+0.379	+0.503	+0.363	+0.498	+0.390	+0.823	+1.442	+0.880	+0.508	+0.699	+0.860	+0.530	+0.719	+0.711	+0.168	+0.635	+0.581	-0.618	-0.424	-0.440	-0.409	-0.429	-0.426	-0.429	-0.430	-0.431	-0.431	-0.437	-0.433	-0.436	-0.437	-0.443	-0.442	-0.476	-0.487	+0.324	+0.319	-0.509	+0.361	-0.503	-0.509	-0.513	-0.512	+0.392	-0.524	-0.326	+0.072	-0.136	-0.120	-0.164	-0.162	-0.179	-0.177	+0.011	-0.639	+0.010	-0.187	-0.676	-0.647	-0.224	-0.280	-0.415	-0.415	-0.423	-0.408	-0.399	-0.434	-0.408	-0.354	-0.346	-0.340	-0.299	-0.298	-0.302	-0.745	-0.748	-0.730	-0.734	-0.670	-0.665	-0.662	-0.663	-0.785	-0.869	-0.879	-0.770	-0.689	-0.798	-0.798	-0.798	-0.798	-0.769	-0.798	
rs10459806     -0.568	-0.588	-0.570	-0.565	-0.521	-0.600	-0.404	-0.594	-0.598	-0.405	-0.444	-0.420	-0.367	-0.394	-0.387	-0.410	-0.460	-0.354	-0.428	-0.473	-0.484	-0.432	+1.555	+0.953	+1.310	+1.117	+1.361	+1.318	+1.311	+1.063	+0.954	-0.012	+0.904	-0.003	+0.998	+0.886	+2.643	+2.403	+0.800	+0.807	+0.830	+0.973	+1.014	+0.980	+0.965	+0.967	+1.059	+0.980	+1.045	+0.986	+0.987	+0.993	+1.001	+0.834	+0.833	+0.833	+0.736	+0.722	+0.828	+0.827	+0.737	+0.784	+1.447	+0.729	+1.469	+0.663	+0.268	+0.245	-0.221	+0.071	-0.120	+0.538	+0.396	+0.523	+0.379	+0.514	+0.407	+0.840	+1.461	+0.897	+0.525	+0.720	+0.877	+0.547	+0.741	+0.733	+0.185	+0.656	+0.603	-0.600	-0.406	-0.422	-0.390	-0.411	-0.408	-0.411	-0.412	-0.413	-0.413	-0.419	-0.415	-0.418	-0.419	-0.425	-0.424	-0.458	-0.469	+0.341	+0.335	-0.490	+0.377	-0.485	-0.491	-0.495	-0.494	+0.408	-0.506	-0.309	+0.088	-0.120	-0.104	-0.149	-0.146	-0.163	-0.161	+0.026	-0.621	+0.026	-0.171	-0.659	-0.629	-0.208	-0.266	-0.395	-0.395	-0.403	-0.388	-0.379	-0.414	-0.391	-0.340	-0.331	-0.325	-0.284	-0.283	-0.287	-0.730	-0.733	-0.715	-0.719	-0.655	-0.650	-0.647	-0.648	-0.770	-0.854	-0.863	-0.755	-0.673	-0.782	-0.782	-0.782	-0.783	-0.754	-0.783	
rs3885882      -0.624	-0.660	-0.620	-0.631	-0.573	-0.625	-0.594	-0.438	-0.593	-0.435	-0.474	-0.450	-0.398	-0.424	-0.417	-0.440	-0.491	-0.384	-0.459	-0.503	-0.515	-0.462	+1.531	+0.930	+1.284	+1.090	+1.336	+1.292	+1.285	+1.040	+0.929	-0.039	+0.879	-0.030	+0.973	+0.858	+2.618	+2.378	+0.775	+0.783	+0.804	+0.944	+0.984	+0.951	+0.935	+0.938	+1.030	+0.951	+1.015	+0.956	+0.958	+0.964	+0.971	+0.804	+0.803	+0.803	+0.707	+0.692	+0.798	+0.797	+0.707	+0.754	+1.422	+0.699	+1.444	+0.635	+0.241	+0.219	-0.253	+0.041	-0.148	+0.507	+0.367	+0.493	+0.347	+0.485	+0.378	+0.809	+1.425	+0.866	+0.495	+0.688	+0.847	+0.517	+0.708	+0.700	+0.155	+0.624	+0.570	-0.632	-0.438	-0.455	-0.423	-0.444	-0.441	-0.444	-0.444	-0.445	-0.445	-0.452	-0.447	-0.451	-0.452	-0.458	-0.457	-0.491	-0.502	+0.310	+0.305	-0.523	+0.344	-0.518	-0.523	-0.528	-0.527	+0.375	-0.539	-0.340	+0.057	-0.153	-0.137	-0.181	-0.179	-0.196	-0.194	-0.003	-0.655	-0.004	-0.204	-0.693	-0.663	-0.241	-0.295	-0.430	-0.430	-0.438	-0.423	-0.414	-0.449	-0.422	-0.370	-0.361	-0.356	-0.315	-0.314	-0.318	-0.762	-0.765	-0.747	-0.751	-0.687	-0.683	-0.680	-0.681	-0.802	-0.886	-0.896	-0.787	-0.706	-0.815	-0.815	-0.815	-0.815	-0.787	-0.815	
rs9930570      -0.637	-0.679	-0.635	-0.644	-0.573	-0.637	-0.598	-0.593	-0.461	-0.453	-0.492	-0.468	-0.415	-0.442	-0.435	-0.458	-0.509	-0.402	-0.477	-0.521	-0.533	-0.481	+1.516	+0.911	+1.269	+1.070	+1.320	+1.277	+1.269	+1.020	+0.909	-0.057	+0.858	-0.048	+0.952	+0.837	+2.595	+2.355	+0.755	+0.762	+0.782	+0.921	+0.961	+0.928	+0.912	+0.915	+1.007	+0.928	+0.992	+0.933	+0.935	+0.941	+0.948	+0.781	+0.780	+0.780	+0.684	+0.669	+0.775	+0.774	+0.684	+0.731	+1.404	+0.676	+1.426	+0.612	+0.222	+0.201	-0.274	+0.020	-0.166	+0.484	+0.349	+0.469	+0.325	+0.467	+0.360	+0.790	+1.396	+0.847	+0.470	+0.661	+0.828	+0.491	+0.681	+0.674	+0.130	+0.597	+0.544	-0.651	-0.461	-0.478	-0.446	-0.467	-0.464	-0.467	-0.468	-0.469	-0.469	-0.475	-0.471	-0.474	-0.475	-0.481	-0.480	-0.514	-0.525	+0.288	+0.282	-0.546	+0.319	-0.541	-0.546	-0.551	-0.550	+0.350	-0.562	-0.363	+0.036	-0.176	-0.160	-0.204	-0.201	-0.219	-0.217	-0.023	-0.677	-0.026	-0.227	-0.714	-0.685	-0.264	-0.320	-0.452	-0.452	-0.460	-0.445	-0.436	-0.472	-0.446	-0.395	-0.386	-0.380	-0.340	-0.338	-0.342	-0.784	-0.787	-0.769	-0.772	-0.709	-0.705	-0.702	-0.703	-0.823	-0.908	-0.917	-0.808	-0.728	-0.836	-0.836	-0.836	-0.836	-0.808	-0.836	
rs11644542     -0.427	-0.458	-0.425	-0.432	-0.391	-0.413	-0.405	-0.435	-0.453	-0.073	-0.182	-0.171	-0.148	-0.185	-0.183	-0.196	-0.220	-0.157	-0.202	-0.241	-0.250	-0.238	+1.611	+1.108	+1.352	+1.303	+1.399	+1.364	+1.357	+1.216	+1.112	+0.174	+1.066	+0.182	+1.158	+1.071	+2.665	+2.430	+0.965	+0.972	+0.998	+1.157	+1.197	+1.164	+1.149	+1.151	+1.240	+1.164	+1.227	+1.170	+1.171	+1.177	+1.185	+1.025	+1.024	+1.024	+0.930	+0.916	+1.020	+1.019	+0.932	+0.977	+1.490	+0.924	+1.510	+0.861	+0.440	+0.443	+0.049	+0.304	+0.110	+0.736	+0.549	+0.729	+0.542	+0.659	+0.558	+0.927	+1.496	+0.995	+0.718	+0.878	+0.978	+0.738	+0.898	+0.890	+0.389	+0.817	+0.765	-0.349	-0.157	-0.173	-0.142	-0.163	-0.160	-0.163	-0.164	-0.165	-0.165	-0.171	-0.167	-0.170	-0.171	-0.176	-0.175	-0.208	-0.218	+0.464	+0.459	-0.238	+0.508	-0.233	-0.239	-0.243	-0.242	+0.541	-0.253	-0.068	+0.229	+0.046	+0.062	+0.020	+0.023	+0.007	+0.009	+0.168	-0.368	+0.173	-0.000	-0.402	-0.375	-0.038	+0.005	-0.174	-0.174	-0.182	-0.168	-0.159	-0.192	-0.116	-0.075	-0.067	-0.062	-0.022	-0.020	-0.033	-0.441	-0.442	-0.420	-0.424	-0.349	-0.344	-0.341	-0.341	-0.474	-0.554	-0.565	-0.453	-0.360	-0.482	-0.482	-0.482	-0.482	-0.454	-0.484	
rs11641789     -0.466	-0.497	-0.464	-0.471	-0.430	-0.452	-0.444	-0.474	-0.492	-0.182	-0.117	-0.202	-0.159	-0.191	-0.187	-0.207	-0.244	-0.151	-0.230	-0.269	-0.281	-0.260	+1.591	+1.077	+1.333	+1.270	+1.383	+1.344	+1.337	+1.189	+1.083	+0.141	+1.037	+0.149	+1.129	+1.038	+2.648	+2.412	+0.934	+0.941	+0.966	+1.123	+1.163	+1.130	+1.115	+1.117	+1.206	+1.130	+1.193	+1.136	+1.137	+1.143	+1.151	+0.991	+0.990	+0.990	+0.895	+0.881	+0.985	+0.984	+0.897	+0.943	+1.469	+0.890	+1.490	+0.825	+0.408	+0.410	+0.009	+0.267	+0.074	+0.701	+0.518	+0.691	+0.510	+0.629	+0.527	+0.900	+1.468	+0.967	+0.682	+0.842	+0.951	+0.702	+0.862	+0.854	+0.353	+0.781	+0.729	-0.388	-0.197	-0.213	-0.181	-0.202	-0.200	-0.203	-0.203	-0.204	-0.204	-0.210	-0.206	-0.209	-0.210	-0.216	-0.215	-0.247	-0.258	+0.435	+0.430	-0.278	+0.477	-0.273	-0.278	-0.282	-0.281	+0.509	-0.292	-0.106	+0.199	+0.013	+0.029	-0.013	-0.010	-0.026	-0.024	+0.137	-0.407	+0.142	-0.034	-0.441	-0.414	-0.071	-0.034	-0.210	-0.210	-0.218	-0.203	-0.195	-0.228	-0.155	-0.113	-0.105	-0.100	-0.059	-0.058	-0.070	-0.481	-0.483	-0.461	-0.464	-0.391	-0.386	-0.382	-0.383	-0.515	-0.595	-0.606	-0.495	-0.402	-0.523	-0.523	-0.523	-0.523	-0.495	-0.524	
rs74022450     -0.442	-0.473	-0.440	-0.447	-0.406	-0.429	-0.420	-0.450	-0.468	-0.171	-0.202	-0.089	-0.139	-0.187	-0.184	-0.200	-0.228	-0.155	-0.208	-0.251	-0.261	-0.246	+1.601	+1.096	+1.343	+1.289	+1.390	+1.354	+1.347	+1.203	+1.100	+0.159	+1.053	+0.168	+1.144	+1.057	+2.654	+2.419	+0.951	+0.958	+0.984	+1.144	+1.184	+1.151	+1.136	+1.139	+1.227	+1.151	+1.214	+1.157	+1.158	+1.164	+1.172	+1.012	+1.011	+1.011	+0.917	+0.903	+1.007	+1.006	+0.919	+0.964	+1.478	+0.911	+1.498	+0.848	+0.426	+0.429	+0.034	+0.289	+0.096	+0.723	+0.534	+0.715	+0.526	+0.644	+0.543	+0.913	+1.482	+0.981	+0.703	+0.864	+0.964	+0.723	+0.884	+0.876	+0.374	+0.803	+0.751	-0.364	-0.173	-0.189	-0.158	-0.179	-0.176	-0.179	-0.179	-0.180	-0.180	-0.186	-0.182	-0.186	-0.186	-0.192	-0.191	-0.223	-0.234	+0.450	+0.445	-0.254	+0.493	-0.249	-0.254	-0.258	-0.257	+0.526	-0.268	-0.083	+0.215	+0.031	+0.047	+0.006	+0.009	-0.008	-0.006	+0.154	-0.383	+0.158	-0.015	-0.417	-0.390	-0.053	-0.011	-0.188	-0.188	-0.195	-0.181	-0.173	-0.206	-0.133	-0.092	-0.084	-0.079	-0.038	-0.037	-0.050	-0.456	-0.458	-0.436	-0.439	-0.365	-0.360	-0.357	-0.357	-0.489	-0.570	-0.581	-0.469	-0.375	-0.497	-0.497	-0.497	-0.497	-0.470	-0.499	
rs11647579     -0.390	-0.420	-0.387	-0.395	-0.353	-0.376	-0.367	-0.398	-0.415	-0.148	-0.159	-0.139	-0.031	-0.149	-0.148	-0.155	-0.163	-0.129	-0.155	-0.195	-0.204	-0.203	+1.627	+1.132	+1.368	+1.331	+1.414	+1.380	+1.374	+1.241	+1.138	+0.204	+1.092	+0.212	+1.184	+1.103	+2.678	+2.445	+0.992	+0.999	+1.026	+1.189	+1.228	+1.196	+1.181	+1.184	+1.272	+1.196	+1.259	+1.202	+1.204	+1.210	+1.217	+1.058	+1.058	+1.058	+0.963	+0.949	+1.053	+1.052	+0.965	+1.011	+1.508	+0.958	+1.528	+0.895	+0.470	+0.474	+0.087	+0.337	+0.143	+0.768	+0.574	+0.760	+0.568	+0.683	+0.583	+0.948	+1.516	+1.015	+0.748	+0.908	+0.999	+0.768	+0.926	+0.918	+0.420	+0.846	+0.794	-0.315	-0.123	-0.139	-0.107	-0.128	-0.125	-0.128	-0.129	-0.130	-0.130	-0.136	-0.132	-0.135	-0.136	-0.141	-0.140	-0.173	-0.184	+0.488	+0.483	-0.203	+0.533	-0.198	-0.203	-0.207	-0.206	+0.566	-0.217	-0.034	+0.254	+0.073	+0.089	+0.048	+0.051	+0.035	+0.037	+0.194	-0.333	+0.198	+0.028	-0.367	-0.340	-0.010	+0.040	-0.141	-0.141	-0.148	-0.134	-0.126	-0.158	-0.082	-0.041	-0.033	-0.028	+0.013	+0.014	+0.000	-0.403	-0.404	-0.382	-0.385	-0.311	-0.306	-0.302	-0.303	-0.436	-0.516	-0.527	-0.415	-0.320	-0.443	-0.443	-0.443	-0.443	-0.416	-0.445	
rs11076061     -0.416	-0.447	-0.414	-0.421	-0.379	-0.402	-0.394	-0.424	-0.442	-0.185	-0.191	-0.187	-0.149	-0.060	-0.138	-0.151	-0.161	-0.115	-0.176	-0.212	-0.222	-0.219	+1.610	+1.108	+1.353	+1.312	+1.403	+1.364	+1.358	+1.223	+1.122	+0.183	+1.077	+0.192	+1.169	+1.084	+2.669	+2.435	+0.972	+0.979	+1.007	+1.170	+1.209	+1.177	+1.161	+1.164	+1.252	+1.177	+1.240	+1.183	+1.184	+1.190	+1.198	+1.039	+1.038	+1.038	+0.943	+0.929	+1.033	+1.032	+0.945	+0.991	+1.493	+0.938	+1.513	+0.869	+0.448	+0.451	+0.060	+0.314	+0.118	+0.746	+0.552	+0.735	+0.546	+0.661	+0.560	+0.928	+1.498	+0.995	+0.723	+0.883	+0.979	+0.743	+0.903	+0.895	+0.395	+0.822	+0.770	-0.342	-0.149	-0.165	-0.134	-0.155	-0.152	-0.155	-0.156	-0.157	-0.157	-0.163	-0.159	-0.162	-0.163	-0.168	-0.167	-0.199	-0.210	+0.467	+0.462	-0.230	+0.512	-0.225	-0.230	-0.234	-0.233	+0.545	-0.244	-0.060	+0.233	+0.051	+0.067	+0.025	+0.029	+0.012	+0.014	+0.173	-0.359	+0.177	+0.005	-0.393	-0.366	-0.033	+0.012	-0.166	-0.166	-0.173	-0.159	-0.151	-0.184	-0.108	-0.067	-0.059	-0.053	-0.013	-0.012	-0.025	-0.430	-0.431	-0.409	-0.412	-0.339	-0.333	-0.330	-0.331	-0.462	-0.543	-0.554	-0.442	-0.348	-0.470	-0.470	-0.470	-0.470	-0.443	-0.472	
rs11076062     -0.409	-0.440	-0.407	-0.414	-0.373	-0.395	-0.387	-0.417	-0.435	-0.183	-0.187	-0.184	-0.148	-0.138	-0.052	-0.148	-0.155	-0.117	-0.172	-0.206	-0.216	-0.214	+1.614	+1.113	+1.356	+1.317	+1.406	+1.368	+1.362	+1.229	+1.127	+0.190	+1.083	+0.198	+1.175	+1.091	+2.673	+2.439	+0.978	+0.985	+1.013	+1.176	+1.216	+1.183	+1.168	+1.171	+1.259	+1.184	+1.246	+1.190	+1.191	+1.197	+1.205	+1.046	+1.045	+1.045	+0.950	+0.936	+1.040	+1.039	+0.952	+0.998	+1.498	+0.945	+1.518	+0.876	+0.454	+0.457	+0.067	+0.321	+0.125	+0.753	+0.557	+0.741	+0.552	+0.666	+0.565	+0.932	+1.502	+0.999	+0.729	+0.889	+0.983	+0.749	+0.908	+0.900	+0.401	+0.827	+0.776	-0.335	-0.143	-0.159	-0.128	-0.149	-0.146	-0.149	-0.149	-0.150	-0.150	-0.157	-0.152	-0.156	-0.156	-0.162	-0.161	-0.193	-0.203	+0.472	+0.467	-0.223	+0.517	-0.218	-0.224	-0.228	-0.227	+0.550	-0.238	-0.054	+0.238	+0.056	+0.072	+0.031	+0.034	+0.018	+0.020	+0.178	-0.353	+0.182	+0.010	-0.387	-0.360	-0.027	+0.018	-0.160	-0.160	-0.167	-0.153	-0.145	-0.178	-0.101	-0.061	-0.053	-0.047	-0.007	-0.005	-0.019	-0.423	-0.424	-0.402	-0.405	-0.331	-0.326	-0.323	-0.324	-0.455	-0.536	-0.547	-0.435	-0.341	-0.463	-0.463	-0.463	-0.463	-0.436	-0.465	
rs4619399      -0.432	-0.463	-0.430	-0.438	-0.396	-0.418	-0.410	-0.440	-0.458	-0.196	-0.207	-0.200	-0.155	-0.151	-0.148	-0.079	-0.180	-0.110	-0.188	-0.226	-0.238	-0.229	+1.601	+1.095	+1.344	+1.297	+1.394	+1.355	+1.349	+1.210	+1.108	+0.169	+1.063	+0.177	+1.155	+1.068	+2.660	+2.425	+0.957	+0.964	+0.992	+1.154	+1.193	+1.161	+1.145	+1.148	+1.236	+1.161	+1.223	+1.167	+1.168	+1.174	+1.182	+1.022	+1.022	+1.021	+0.927	+0.912	+1.017	+1.016	+0.929	+0.975	+1.483	+0.921	+1.503	+0.853	+0.433	+0.436	+0.042	+0.298	+0.102	+0.730	+0.538	+0.719	+0.532	+0.648	+0.547	+0.916	+1.485	+0.983	+0.708	+0.868	+0.967	+0.728	+0.888	+0.880	+0.380	+0.807	+0.755	-0.358	-0.166	-0.182	-0.151	-0.172	-0.169	-0.172	-0.172	-0.173	-0.173	-0.179	-0.175	-0.178	-0.179	-0.185	-0.184	-0.216	-0.226	+0.454	+0.449	-0.246	+0.498	-0.241	-0.247	-0.251	-0.250	+0.531	-0.261	-0.076	+0.219	+0.036	+0.052	+0.011	+0.014	-0.002	-0.000	+0.159	-0.376	+0.163	-0.009	-0.410	-0.383	-0.047	-0.005	-0.182	-0.182	-0.189	-0.175	-0.167	-0.200	-0.125	-0.084	-0.076	-0.070	-0.030	-0.029	-0.042	-0.447	-0.449	-0.426	-0.430	-0.357	-0.351	-0.348	-0.349	-0.480	-0.560	-0.571	-0.459	-0.366	-0.487	-0.488	-0.488	-0.488	-0.460	-0.490	
rs7197518      -0.482	-0.514	-0.480	-0.488	-0.446	-0.469	-0.460	-0.491	-0.509	-0.220	-0.244	-0.228	-0.163	-0.161	-0.155	-0.180	-0.136	-0.081	-0.209	-0.266	-0.279	-0.257	+1.578	+1.061	+1.320	+1.256	+1.371	+1.331	+1.324	+1.174	+1.070	+0.126	+1.025	+0.134	+1.117	+1.026	+2.638	+2.402	+0.920	+0.927	+0.953	+1.110	+1.150	+1.117	+1.102	+1.105	+1.193	+1.117	+1.180	+1.123	+1.125	+1.131	+1.138	+0.978	+0.977	+0.977	+0.883	+0.868	+0.973	+0.972	+0.885	+0.930	+1.455	+0.877	+1.475	+0.809	+0.391	+0.392	-0.009	+0.250	+0.056	+0.685	+0.498	+0.674	+0.490	+0.609	+0.507	+0.881	+1.451	+0.948	+0.662	+0.825	+0.931	+0.682	+0.845	+0.837	+0.333	+0.764	+0.712	-0.407	-0.216	-0.232	-0.201	-0.222	-0.219	-0.222	-0.222	-0.223	-0.224	-0.230	-0.225	-0.229	-0.229	-0.235	-0.234	-0.266	-0.277	+0.416	+0.411	-0.297	+0.457	-0.292	-0.297	-0.301	-0.300	+0.490	-0.311	-0.125	+0.180	-0.006	+0.010	-0.031	-0.028	-0.045	-0.043	+0.120	-0.425	+0.123	-0.052	-0.459	-0.432	-0.089	-0.056	-0.228	-0.228	-0.235	-0.221	-0.213	-0.246	-0.176	-0.134	-0.126	-0.121	-0.080	-0.079	-0.091	-0.499	-0.500	-0.478	-0.482	-0.409	-0.404	-0.401	-0.401	-0.532	-0.612	-0.623	-0.512	-0.419	-0.539	-0.540	-0.540	-0.540	-0.512	-0.542	
rs7196347      -0.376	-0.407	-0.374	-0.381	-0.340	-0.361	-0.354	-0.384	-0.402	-0.157	-0.151	-0.155	-0.129	-0.115	-0.117	-0.110	-0.081	-0.015	-0.130	-0.158	-0.170	-0.180	+1.629	+1.135	+1.372	+1.344	+1.422	+1.384	+1.378	+1.249	+1.150	+0.217	+1.105	+0.225	+1.197	+1.116	+2.685	+2.452	+0.999	+1.006	+1.036	+1.202	+1.241	+1.209	+1.194	+1.196	+1.284	+1.209	+1.272	+1.215	+1.216	+1.222	+1.230	+1.071	+1.071	+1.071	+0.976	+0.962	+1.066	+1.065	+0.978	+1.024	+1.515	+0.971	+1.535	+0.901	+0.480	+0.484	+0.099	+0.350	+0.153	+0.780	+0.582	+0.770	+0.579	+0.690	+0.590	+0.954	+1.524	+1.022	+0.758	+0.916	+1.006	+0.779	+0.936	+0.928	+0.431	+0.855	+0.803	-0.304	-0.110	-0.127	-0.095	-0.116	-0.113	-0.116	-0.117	-0.118	-0.118	-0.124	-0.119	-0.123	-0.123	-0.129	-0.128	-0.160	-0.171	+0.495	+0.491	-0.190	+0.544	-0.186	-0.191	-0.195	-0.194	+0.576	-0.205	-0.022	+0.263	+0.083	+0.099	+0.058	+0.062	+0.045	+0.047	+0.203	-0.321	+0.207	+0.038	-0.355	-0.328	+0.000	+0.051	-0.131	-0.131	-0.138	-0.124	-0.116	-0.148	-0.068	-0.028	-0.020	-0.015	+0.026	+0.027	+0.013	-0.389	-0.391	-0.368	-0.371	-0.297	-0.292	-0.289	-0.289	-0.422	-0.502	-0.513	-0.401	-0.305	-0.429	-0.429	-0.429	-0.429	-0.402	-0.431	
rs4784448      -0.451	-0.481	-0.448	-0.456	-0.414	-0.437	-0.428	-0.459	-0.477	-0.202	-0.230	-0.208	-0.155	-0.176	-0.172	-0.188	-0.209	-0.130	-0.100	-0.244	-0.256	-0.242	+1.593	+1.085	+1.334	+1.281	+1.382	+1.345	+1.339	+1.195	+1.093	+0.152	+1.048	+0.160	+1.140	+1.052	+2.651	+2.416	+0.944	+0.951	+0.979	+1.137	+1.177	+1.144	+1.129	+1.132	+1.220	+1.144	+1.207	+1.150	+1.152	+1.158	+1.165	+1.005	+1.005	+1.005	+0.910	+0.896	+1.000	+0.999	+0.912	+0.958	+1.470	+0.905	+1.490	+0.838	+0.416	+0.417	+0.024	+0.280	+0.084	+0.713	+0.522	+0.705	+0.516	+0.632	+0.531	+0.901	+1.473	+0.968	+0.690	+0.854	+0.952	+0.710	+0.873	+0.865	+0.362	+0.792	+0.741	-0.376	-0.185	-0.201	-0.169	-0.190	-0.187	-0.190	-0.191	-0.192	-0.192	-0.198	-0.194	-0.197	-0.198	-0.204	-0.203	-0.234	-0.245	+0.438	+0.433	-0.265	+0.482	-0.260	-0.265	-0.269	-0.268	+0.514	-0.279	-0.095	+0.204	+0.020	+0.036	-0.005	-0.002	-0.019	-0.017	+0.144	-0.394	+0.147	-0.026	-0.428	-0.401	-0.063	-0.024	-0.199	-0.199	-0.207	-0.193	-0.184	-0.217	-0.145	-0.104	-0.096	-0.091	-0.051	-0.049	-0.062	-0.466	-0.467	-0.445	-0.449	-0.375	-0.370	-0.367	-0.367	-0.498	-0.579	-0.590	-0.478	-0.385	-0.506	-0.506	-0.506	-0.506	-0.479	-0.508	
rs112049821    -0.495	-0.526	-0.493	-0.500	-0.458	-0.482	-0.473	-0.503	-0.521	-0.241	-0.269	-0.251	-0.195	-0.212	-0.206	-0.226	-0.266	-0.158	-0.244	-0.149	-0.256	-0.224	+1.574	+1.051	+1.317	+1.245	+1.367	+1.326	+1.319	+1.163	+1.059	+0.111	+1.012	+0.119	+1.105	+1.012	+2.636	+2.400	+0.907	+0.914	+0.941	+1.096	+1.136	+1.103	+1.088	+1.091	+1.180	+1.104	+1.166	+1.109	+1.111	+1.117	+1.124	+0.964	+0.963	+0.963	+0.868	+0.855	+0.958	+0.957	+0.870	+0.916	+1.449	+0.863	+1.469	+0.795	+0.376	+0.377	-0.026	+0.235	+0.041	+0.673	+0.487	+0.662	+0.479	+0.598	+0.497	+0.873	+1.445	+0.939	+0.647	+0.815	+0.922	+0.668	+0.835	+0.827	+0.319	+0.754	+0.702	-0.420	-0.230	-0.246	-0.215	-0.236	-0.233	-0.236	-0.237	-0.238	-0.238	-0.244	-0.240	-0.243	-0.244	-0.249	-0.248	-0.280	-0.291	+0.406	+0.401	-0.311	+0.446	-0.306	-0.311	-0.315	-0.314	+0.479	-0.325	-0.139	+0.170	-0.018	-0.002	-0.043	-0.040	-0.057	-0.055	+0.109	-0.438	+0.113	-0.064	-0.473	-0.445	-0.100	-0.064	-0.239	-0.239	-0.247	-0.233	-0.225	-0.257	-0.187	-0.144	-0.135	-0.130	-0.090	-0.088	-0.101	-0.511	-0.513	-0.491	-0.495	-0.422	-0.416	-0.413	-0.414	-0.545	-0.625	-0.636	-0.524	-0.432	-0.552	-0.553	-0.553	-0.553	-0.525	-0.555	
rs4636903      -0.507	-0.538	-0.505	-0.512	-0.470	-0.494	-0.484	-0.515	-0.533	-0.250	-0.281	-0.261	-0.204	-0.222	-0.216	-0.238	-0.279	-0.170	-0.256	-0.256	-0.163	-0.206	+1.568	+1.044	+1.311	+1.236	+1.361	+1.320	+1.313	+1.156	+1.051	+0.098	+1.004	+0.106	+1.097	+1.003	+2.634	+2.396	+0.899	+0.907	+0.933	+1.087	+1.127	+1.094	+1.079	+1.082	+1.171	+1.095	+1.157	+1.100	+1.102	+1.108	+1.115	+0.954	+0.954	+0.954	+0.859	+0.845	+0.949	+0.948	+0.861	+0.907	+1.441	+0.853	+1.462	+0.785	+0.363	+0.363	-0.042	+0.220	+0.027	+0.664	+0.475	+0.653	+0.465	+0.587	+0.485	+0.863	+1.439	+0.928	+0.632	+0.806	+0.912	+0.653	+0.826	+0.818	+0.304	+0.745	+0.693	-0.434	-0.245	-0.261	-0.230	-0.251	-0.248	-0.251	-0.251	-0.252	-0.253	-0.259	-0.254	-0.258	-0.258	-0.264	-0.263	-0.295	-0.306	+0.395	+0.390	-0.325	+0.434	-0.321	-0.326	-0.330	-0.329	+0.466	-0.340	-0.154	+0.158	-0.030	-0.014	-0.056	-0.053	-0.069	-0.067	+0.098	-0.453	+0.101	-0.076	-0.486	-0.459	-0.112	-0.078	-0.251	-0.251	-0.258	-0.244	-0.236	-0.269	-0.201	-0.157	-0.149	-0.144	-0.103	-0.102	-0.114	-0.524	-0.525	-0.504	-0.508	-0.434	-0.429	-0.426	-0.427	-0.557	-0.637	-0.648	-0.537	-0.445	-0.565	-0.565	-0.565	-0.565	-0.538	-0.567	
rs7205720      -0.454	-0.486	-0.452	-0.460	-0.418	-0.441	-0.432	-0.462	-0.481	-0.238	-0.260	-0.246	-0.203	-0.219	-0.214	-0.229	-0.257	-0.180	-0.242	-0.224	-0.206	-0.104	+1.586	+1.076	+1.328	+1.278	+1.379	+1.338	+1.332	+1.189	+1.086	+0.136	+1.040	+0.144	+1.132	+1.044	+2.652	+2.416	+0.934	+0.941	+0.970	+1.129	+1.168	+1.135	+1.121	+1.124	+1.212	+1.136	+1.198	+1.142	+1.143	+1.149	+1.157	+0.997	+0.996	+0.996	+0.902	+0.888	+0.991	+0.991	+0.904	+0.949	+1.462	+0.896	+1.483	+0.827	+0.399	+0.401	+0.005	+0.262	+0.068	+0.708	+0.510	+0.698	+0.502	+0.620	+0.519	+0.891	+1.472	+0.957	+0.672	+0.848	+0.941	+0.693	+0.868	+0.860	+0.346	+0.788	+0.735	-0.387	-0.198	-0.214	-0.183	-0.203	-0.200	-0.203	-0.204	-0.205	-0.205	-0.211	-0.207	-0.210	-0.211	-0.217	-0.215	-0.247	-0.258	+0.428	+0.423	-0.277	+0.469	-0.272	-0.278	-0.282	-0.281	+0.502	-0.292	-0.108	+0.193	+0.009	+0.024	-0.017	-0.014	-0.030	-0.028	+0.132	-0.404	+0.136	-0.037	-0.438	-0.411	-0.073	-0.027	-0.205	-0.205	-0.212	-0.198	-0.190	-0.222	-0.150	-0.107	-0.099	-0.093	-0.053	-0.052	-0.065	-0.471	-0.472	-0.451	-0.455	-0.380	-0.374	-0.371	-0.372	-0.504	-0.583	-0.595	-0.483	-0.389	-0.511	-0.511	-0.511	-0.511	-0.484	-0.513	
rs3922616      +1.532	+1.495	+1.533	+1.527	+1.569	+1.541	+1.555	+1.531	+1.516	+1.611	+1.591	+1.601	+1.627	+1.610	+1.614	+1.601	+1.578	+1.629	+1.593	+1.574	+1.568	+1.586	+1.976	+1.899	+1.764	+2.237	+1.780	+1.766	+1.762	+1.965	+1.961	+1.478	+1.932	+1.478	+1.987	+2.122	+2.818	+2.636	+1.827	+1.834	+1.913	+2.237	+2.266	+2.243	+2.233	+2.235	+2.297	+2.245	+2.297	+2.250	+2.251	+2.255	+2.261	+2.158	+2.157	+2.157	+2.098	+2.090	+2.154	+2.154	+2.096	+2.128	+1.826	+2.092	+1.839	+1.989	+1.514	+1.566	+1.503	+1.512	+1.462	+1.980	+1.519	+1.975	+1.540	+1.544	+1.522	+1.683	+2.405	+1.697	+1.777	+2.144	+1.689	+1.788	+2.161	+2.153	+1.623	+2.096	+2.061	+1.433	+1.476	+1.471	+1.487	+1.480	+1.481	+1.480	+1.479	+1.479	+1.479	+1.477	+1.478	+1.477	+1.477	+1.475	+1.476	+1.466	+1.463	+1.504	+1.503	+1.457	+1.611	+1.458	+1.457	+1.456	+1.456	+1.625	+1.454	+1.494	+1.469	+1.441	+1.442	+1.436	+1.436	+1.434	+1.434	+1.526	+1.428	+1.465	+1.433	+1.431	+1.429	+1.431	+1.481	+1.454	+1.454	+1.452	+1.457	+1.459	+1.450	+1.459	+1.445	+1.448	+1.450	+1.460	+1.461	+1.464	+1.551	+1.549	+1.560	+1.552	+1.713	+1.726	+1.736	+1.735	+1.503	+1.434	+1.417	+1.576	+1.648	+1.547	+1.547	+1.546	+1.546	+1.562	+1.531	
rs4622507      +0.932	+0.901	+0.934	+0.928	+0.966	+0.936	+0.953	+0.930	+0.911	+1.108	+1.077	+1.096	+1.132	+1.108	+1.113	+1.095	+1.061	+1.135	+1.085	+1.051	+1.044	+1.076	+1.899	+1.372	+1.689	+1.491	+1.731	+1.695	+1.690	+1.368	+1.259	+0.920	+1.231	+0.921	+1.283	+1.331	+2.662	+2.452	+1.195	+1.197	+1.198	+1.416	+1.441	+1.421	+1.412	+1.414	+1.472	+1.423	+1.468	+1.427	+1.428	+1.432	+1.437	+1.344	+1.343	+1.343	+1.291	+1.285	+1.341	+1.340	+1.291	+1.317	+1.771	+1.287	+1.784	+1.208	+0.983	+0.989	+0.938	+0.947	+0.901	+1.207	+1.134	+1.202	+1.131	+1.204	+1.144	+1.464	+2.110	+1.491	+1.131	+1.378	+1.478	+1.143	+1.390	+1.388	+0.988	+1.341	+1.310	+0.828	+0.884	+0.880	+0.888	+0.882	+0.883	+0.882	+0.882	+0.882	+0.882	+0.881	+0.882	+0.881	+0.881	+0.879	+0.880	+0.874	+0.873	+1.114	+1.112	+0.871	+1.156	+0.871	+0.870	+0.870	+0.870	+1.178	+0.870	+0.899	+0.999	+0.945	+0.952	+0.934	+0.934	+0.926	+0.927	+1.006	+0.838	+0.970	+0.923	+0.834	+0.838	+0.921	+0.985	+0.883	+0.883	+0.880	+0.886	+0.889	+0.878	+0.946	+0.947	+0.952	+0.956	+0.976	+0.977	+0.991	+0.941	+0.941	+1.022	+1.003	+1.035	+1.035	+1.033	+1.032	+0.915	+0.918	+0.885	+0.934	+1.027	+0.903	+0.903	+0.903	+0.903	+0.937	+0.903	
rs12444195     +1.286	+1.249	+1.288	+1.281	+1.324	+1.294	+1.310	+1.284	+1.269	+1.352	+1.333	+1.343	+1.368	+1.353	+1.356	+1.344	+1.320	+1.372	+1.334	+1.317	+1.311	+1.328	+1.764	+1.689	+1.705	+2.010	+1.689	+1.673	+1.653	+1.748	+1.739	+1.235	+1.707	+1.235	+1.764	+1.888	+2.683	+2.486	+1.602	+1.609	+1.685	+2.001	+2.029	+2.006	+1.996	+1.998	+2.061	+2.008	+2.059	+2.012	+2.014	+2.018	+2.024	+1.918	+1.918	+1.917	+1.857	+1.850	+1.914	+1.914	+1.856	+1.888	+1.658	+1.851	+1.672	+1.749	+1.275	+1.325	+1.284	+1.298	+1.211	+1.740	+1.293	+1.741	+1.330	+1.329	+1.299	+1.498	+2.173	+1.516	+1.604	+1.905	+1.507	+1.617	+1.921	+1.913	+1.431	+1.856	+1.821	+1.164	+1.250	+1.244	+1.250	+1.242	+1.243	+1.241	+1.241	+1.241	+1.241	+1.238	+1.240	+1.239	+1.238	+1.236	+1.237	+1.225	+1.221	+1.272	+1.271	+1.214	+1.391	+1.215	+1.213	+1.212	+1.213	+1.408	+1.210	+1.259	+1.225	+1.198	+1.200	+1.192	+1.192	+1.189	+1.190	+1.265	+1.171	+1.218	+1.188	+1.171	+1.171	+1.188	+1.247	+1.214	+1.214	+1.211	+1.218	+1.220	+1.209	+1.224	+1.207	+1.210	+1.213	+1.225	+1.226	+1.230	+1.300	+1.298	+1.303	+1.298	+1.457	+1.470	+1.479	+1.478	+1.249	+1.187	+1.171	+1.321	+1.383	+1.292	+1.292	+1.291	+1.291	+1.308	+1.276	
rs4628965      +1.092	+1.057	+1.094	+1.087	+1.131	+1.097	+1.117	+1.090	+1.070	+1.303	+1.270	+1.289	+1.331	+1.312	+1.317	+1.297	+1.256	+1.344	+1.281	+1.245	+1.236	+1.278	+2.237	+1.491	+2.010	+1.549	+2.046	+2.017	+2.011	+1.556	+1.469	+1.056	+1.441	+1.059	+1.499	+1.360	+2.939	+2.739	+1.418	+1.423	+1.444	+1.407	+1.427	+1.410	+1.403	+1.404	+1.452	+1.411	+1.447	+1.414	+1.414	+1.417	+1.421	+1.346	+1.346	+1.346	+1.309	+1.306	+1.344	+1.344	+1.309	+1.326	+2.102	+1.307	+2.118	+1.291	+1.222	+1.219	+1.085	+1.141	+1.094	+1.248	+1.489	+1.243	+1.390	+1.575	+1.499	+1.868	+1.920	+1.901	+1.384	+1.330	+1.886	+1.397	+1.339	+1.337	+1.204	+1.302	+1.278	+0.995	+1.074	+1.080	+1.083	+1.086	+1.085	+1.086	+1.086	+1.086	+1.086	+1.088	+1.087	+1.088	+1.088	+1.090	+1.090	+1.106	+1.111	+1.444	+1.440	+1.123	+1.407	+1.118	+1.122	+1.124	+1.124	+1.432	+1.131	+1.039	+1.293	+1.157	+1.165	+1.143	+1.142	+1.132	+1.134	+1.281	+1.047	+1.254	+1.128	+1.065	+1.051	+1.123	+1.278	+1.006	+1.006	+1.005	+1.007	+1.008	+1.005	+1.226	+1.232	+1.238	+1.243	+1.272	+1.273	+1.304	+1.092	+1.090	+1.186	+1.190	+1.178	+1.180	+1.181	+1.180	+1.049	+1.001	+0.978	+1.078	+1.166	+1.046	+1.046	+1.046	+1.046	+1.084	+1.051	
rs35522831     +1.337	+1.300	+1.339	+1.332	+1.375	+1.345	+1.361	+1.336	+1.320	+1.399	+1.383	+1.390	+1.414	+1.403	+1.406	+1.394	+1.371	+1.422	+1.382	+1.367	+1.361	+1.379	+1.780	+1.731	+1.689	+2.046	+1.758	+1.688	+1.674	+1.781	+1.773	+1.285	+1.743	+1.285	+1.798	+1.925	+2.698	+2.504	+1.641	+1.648	+1.725	+2.038	+2.067	+2.044	+2.033	+2.036	+2.098	+2.045	+2.096	+2.050	+2.051	+2.056	+2.061	+1.956	+1.956	+1.956	+1.897	+1.889	+1.953	+1.952	+1.895	+1.927	+1.683	+1.890	+1.697	+1.793	+1.321	+1.368	+1.332	+1.343	+1.260	+1.781	+1.338	+1.785	+1.374	+1.372	+1.343	+1.536	+2.209	+1.553	+1.647	+1.952	+1.544	+1.660	+1.965	+1.957	+1.476	+1.903	+1.866	+1.216	+1.299	+1.293	+1.299	+1.291	+1.292	+1.291	+1.290	+1.290	+1.290	+1.287	+1.289	+1.288	+1.288	+1.285	+1.286	+1.274	+1.270	+1.318	+1.317	+1.264	+1.433	+1.265	+1.263	+1.262	+1.262	+1.450	+1.260	+1.308	+1.274	+1.246	+1.248	+1.241	+1.240	+1.238	+1.238	+1.319	+1.222	+1.268	+1.237	+1.223	+1.223	+1.236	+1.295	+1.262	+1.262	+1.260	+1.266	+1.268	+1.258	+1.272	+1.254	+1.257	+1.260	+1.272	+1.273	+1.277	+1.350	+1.348	+1.355	+1.350	+1.510	+1.522	+1.532	+1.531	+1.300	+1.238	+1.222	+1.372	+1.436	+1.343	+1.343	+1.342	+1.342	+1.359	+1.327	
rs28640989     +1.294	+1.257	+1.296	+1.289	+1.332	+1.302	+1.318	+1.292	+1.277	+1.364	+1.344	+1.354	+1.380	+1.364	+1.368	+1.355	+1.331	+1.384	+1.345	+1.326	+1.320	+1.338	+1.766	+1.695	+1.673	+2.017	+1.688	+1.713	+1.662	+1.754	+1.745	+1.242	+1.714	+1.242	+1.770	+1.894	+2.686	+2.489	+1.608	+1.615	+1.691	+2.007	+2.036	+2.013	+2.002	+2.005	+2.067	+2.014	+2.065	+2.019	+2.020	+2.025	+2.030	+1.924	+1.924	+1.924	+1.864	+1.856	+1.921	+1.920	+1.862	+1.895	+1.662	+1.858	+1.676	+1.755	+1.282	+1.331	+1.290	+1.305	+1.218	+1.747	+1.299	+1.747	+1.337	+1.336	+1.306	+1.504	+2.179	+1.522	+1.611	+1.912	+1.513	+1.624	+1.929	+1.921	+1.438	+1.863	+1.829	+1.171	+1.258	+1.251	+1.257	+1.249	+1.250	+1.249	+1.248	+1.248	+1.248	+1.245	+1.247	+1.246	+1.246	+1.243	+1.244	+1.232	+1.228	+1.279	+1.278	+1.221	+1.397	+1.222	+1.220	+1.219	+1.220	+1.414	+1.217	+1.266	+1.232	+1.205	+1.207	+1.199	+1.199	+1.196	+1.196	+1.273	+1.178	+1.225	+1.195	+1.178	+1.178	+1.195	+1.255	+1.221	+1.221	+1.219	+1.225	+1.227	+1.216	+1.232	+1.215	+1.218	+1.221	+1.234	+1.234	+1.238	+1.311	+1.308	+1.310	+1.305	+1.465	+1.477	+1.487	+1.486	+1.258	+1.195	+1.179	+1.329	+1.387	+1.299	+1.299	+1.298	+1.298	+1.315	+1.283	
rs7192839      +1.286	+1.249	+1.288	+1.281	+1.325	+1.295	+1.311	+1.285	+1.269	+1.357	+1.337	+1.347	+1.374	+1.358	+1.362	+1.349	+1.324	+1.378	+1.339	+1.319	+1.313	+1.332	+1.762	+1.690	+1.653	+2.011	+1.674	+1.662	+1.703	+1.746	+1.736	+1.234	+1.705	+1.234	+1.761	+1.883	+2.679	+2.481	+1.598	+1.606	+1.682	+1.998	+2.026	+2.003	+1.993	+1.995	+2.057	+2.004	+2.055	+2.009	+2.010	+2.015	+2.021	+1.915	+1.914	+1.914	+1.854	+1.847	+1.911	+1.911	+1.853	+1.885	+1.655	+1.848	+1.670	+1.745	+1.273	+1.323	+1.281	+1.296	+1.209	+1.739	+1.291	+1.739	+1.328	+1.327	+1.297	+1.495	+2.168	+1.513	+1.602	+1.904	+1.503	+1.615	+1.921	+1.913	+1.429	+1.855	+1.821	+1.163	+1.249	+1.243	+1.248	+1.240	+1.241	+1.240	+1.240	+1.239	+1.239	+1.237	+1.239	+1.237	+1.237	+1.235	+1.235	+1.223	+1.220	+1.270	+1.269	+1.213	+1.387	+1.214	+1.212	+1.211	+1.211	+1.404	+1.208	+1.258	+1.224	+1.196	+1.199	+1.190	+1.190	+1.187	+1.188	+1.267	+1.170	+1.217	+1.187	+1.170	+1.170	+1.186	+1.245	+1.213	+1.213	+1.210	+1.217	+1.219	+1.208	+1.223	+1.205	+1.209	+1.211	+1.224	+1.224	+1.228	+1.303	+1.301	+1.301	+1.297	+1.457	+1.470	+1.480	+1.479	+1.249	+1.186	+1.170	+1.321	+1.378	+1.291	+1.291	+1.290	+1.290	+1.307	+1.275	
rs12925836     +1.042	+1.011	+1.044	+1.038	+1.076	+1.045	+1.063	+1.040	+1.020	+1.216	+1.189	+1.203	+1.241	+1.223	+1.229	+1.210	+1.174	+1.249	+1.195	+1.163	+1.156	+1.189	+1.965	+1.368	+1.748	+1.556	+1.781	+1.754	+1.746	+1.486	+1.325	+1.028	+1.302	+1.029	+1.345	+1.393	+2.681	+2.475	+1.302	+1.301	+1.269	+1.481	+1.505	+1.486	+1.477	+1.479	+1.535	+1.487	+1.531	+1.491	+1.492	+1.496	+1.501	+1.413	+1.412	+1.412	+1.363	+1.358	+1.410	+1.409	+1.363	+1.387	+1.815	+1.359	+1.828	+1.282	+1.073	+1.094	+1.038	+1.044	+1.011	+1.287	+1.211	+1.284	+1.211	+1.278	+1.221	+1.531	+2.184	+1.557	+1.209	+1.456	+1.545	+1.219	+1.468	+1.466	+1.077	+1.418	+1.391	+0.936	+0.988	+0.985	+0.992	+0.987	+0.988	+0.987	+0.987	+0.987	+0.987	+0.986	+0.986	+0.986	+0.986	+0.985	+0.985	+0.981	+0.980	+1.193	+1.191	+0.979	+1.236	+0.979	+0.978	+0.978	+0.979	+1.256	+0.979	+1.001	+1.085	+1.038	+1.043	+1.027	+1.026	+1.019	+1.021	+1.093	+0.946	+1.059	+1.017	+0.943	+0.945	+1.015	+1.085	+0.985	+0.985	+0.982	+0.988	+0.990	+0.980	+1.047	+1.047	+1.051	+1.055	+1.075	+1.076	+1.092	+1.050	+1.050	+1.141	+1.121	+1.145	+1.144	+1.143	+1.142	+1.026	+1.037	+1.002	+1.043	+1.138	+1.013	+1.013	+1.013	+1.013	+1.047	+1.012	
rs12927600     +0.932	+0.900	+0.934	+0.928	+0.968	+0.939	+0.954	+0.929	+0.909	+1.112	+1.083	+1.100	+1.138	+1.122	+1.127	+1.108	+1.070	+1.150	+1.093	+1.059	+1.051	+1.086	+1.961	+1.259	+1.739	+1.469	+1.773	+1.745	+1.736	+1.325	+1.364	+0.944	+1.300	+0.943	+1.337	+1.284	+2.642	+2.416	+1.176	+1.179	+1.201	+1.364	+1.388	+1.368	+1.360	+1.362	+1.419	+1.370	+1.414	+1.374	+1.375	+1.379	+1.383	+1.293	+1.293	+1.293	+1.242	+1.237	+1.290	+1.290	+1.243	+1.267	+1.780	+1.239	+1.794	+1.251	+0.985	+0.979	+0.915	+0.938	+0.887	+1.164	+1.152	+1.161	+1.075	+1.225	+1.162	+1.488	+2.010	+1.517	+1.086	+1.323	+1.504	+1.096	+1.333	+1.331	+0.959	+1.287	+1.257	+0.819	+0.869	+0.867	+0.873	+0.870	+0.870	+0.870	+0.869	+0.869	+0.869	+0.868	+0.869	+0.869	+0.869	+0.868	+0.868	+0.866	+0.866	+1.121	+1.118	+0.866	+1.092	+0.866	+0.866	+0.866	+0.866	+1.111	+0.867	+0.882	+1.000	+0.902	+0.907	+0.892	+0.891	+0.885	+0.887	+1.005	+0.829	+0.970	+0.883	+0.829	+0.829	+0.879	+0.981	+0.890	+0.890	+0.887	+0.894	+0.897	+0.883	+0.940	+0.943	+0.947	+0.951	+0.972	+0.973	+0.991	+0.929	+0.929	+1.033	+1.010	+1.023	+1.023	+1.022	+1.021	+0.908	+0.886	+0.858	+0.922	+1.023	+0.892	+0.892	+0.892	+0.891	+0.925	+0.891	
rs12444175     -0.034	-0.068	-0.032	-0.039	+0.003	-0.027	-0.012	-0.039	-0.057	+0.174	+0.141	+0.159	+0.204	+0.183	+0.190	+0.169	+0.126	+0.217	+0.152	+0.111	+0.098	+0.136	+1.478	+0.920	+1.235	+1.056	+1.285	+1.242	+1.234	+1.028	+0.944	+0.312	+0.892	+0.226	+0.994	+0.846	+2.510	+2.269	+0.769	+0.776	+0.795	+0.933	+0.968	+0.939	+0.925	+0.928	+1.008	+0.939	+0.995	+0.944	+0.945	+0.951	+0.957	+0.818	+0.817	+0.817	+0.739	+0.728	+0.813	+0.813	+0.739	+0.778	+1.374	+0.733	+1.396	+0.715	+0.306	+0.291	+0.086	+0.192	+0.065	+0.587	+0.484	+0.582	+0.473	+0.583	+0.497	+0.838	+1.480	+0.888	+0.502	+0.726	+0.872	+0.519	+0.743	+0.737	+0.251	+0.673	+0.633	-0.131	-0.043	-0.051	-0.037	-0.048	-0.046	-0.048	-0.048	-0.049	-0.049	-0.052	-0.050	-0.051	-0.051	-0.054	-0.054	-0.068	-0.072	+0.480	+0.475	-0.081	+0.447	-0.079	-0.081	-0.083	-0.082	+0.474	-0.086	-0.002	+0.296	+0.126	+0.137	+0.108	+0.108	+0.096	+0.098	+0.184	-0.123	+0.249	+0.092	-0.137	-0.126	+0.082	+0.199	+0.031	+0.031	+0.026	+0.038	+0.043	+0.019	+0.126	+0.134	+0.141	+0.146	+0.175	+0.177	+0.186	-0.014	-0.018	-0.029	-0.035	+0.108	+0.119	+0.127	+0.126	-0.070	-0.152	-0.164	-0.067	+0.023	-0.095	-0.095	-0.095	-0.096	-0.066	-0.096	
rs62034614     +0.881	+0.849	+0.883	+0.877	+0.918	+0.888	+0.904	+0.879	+0.858	+1.066	+1.037	+1.053	+1.092	+1.077	+1.083	+1.063	+1.025	+1.105	+1.048	+1.012	+1.004	+1.040	+1.932	+1.231	+1.707	+1.441	+1.743	+1.714	+1.705	+1.302	+1.300	+0.892	+1.309	+0.891	+1.329	+1.251	+2.636	+2.406	+1.142	+1.146	+1.167	+1.332	+1.358	+1.337	+1.328	+1.330	+1.389	+1.339	+1.383	+1.343	+1.343	+1.347	+1.352	+1.259	+1.259	+1.259	+1.207	+1.202	+1.256	+1.256	+1.207	+1.233	+1.748	+1.203	+1.763	+1.215	+0.942	+0.935	+0.867	+0.890	+0.839	+1.126	+1.112	+1.123	+1.035	+1.186	+1.122	+1.450	+1.978	+1.481	+1.047	+1.288	+1.467	+1.058	+1.298	+1.295	+0.914	+1.251	+1.220	+0.769	+0.819	+0.816	+0.823	+0.819	+0.820	+0.819	+0.819	+0.819	+0.819	+0.818	+0.819	+0.818	+0.818	+0.817	+0.817	+0.815	+0.814	+1.079	+1.077	+0.814	+1.051	+0.814	+0.813	+0.814	+0.814	+1.072	+0.815	+0.832	+0.956	+0.856	+0.862	+0.846	+0.846	+0.839	+0.840	+0.960	+0.777	+0.926	+0.837	+0.776	+0.777	+0.833	+0.934	+0.843	+0.843	+0.840	+0.847	+0.851	+0.836	+0.892	+0.896	+0.900	+0.904	+0.926	+0.927	+0.944	+0.877	+0.877	+0.978	+0.957	+0.970	+0.971	+0.970	+0.969	+0.856	+0.834	+0.806	+0.870	+0.970	+0.840	+0.840	+0.840	+0.840	+0.873	+0.839	
