## Summary of overall evidence for association with region:
## log10(BF for region) = 1.71758
## p-value for region = NA

## BFs for choosing among multi-SNP models:
## log10(average 1-SNP BF) = 1.68241
## log10(average 2-SNP BF) = 1.78039

## Example posterior probabilities for multi-SNP models, based on default prior: [p(l) propto 0.5^l for l=1,2,...,L]
## posterior probability of 1-SNP = 0.614797
## posterior probability of 2-SNP = 0.385203

## log10(BF) for single SNP and pair of SNPs:
rs10807722     -0.626	-0.685	-0.698	-0.692	-0.691	-0.694	-0.695	-0.683	-0.678	-0.683	-0.578	-0.587	-1.075	-0.673	-0.652	-0.587	-0.625	-0.659	-0.679	-1.076	-0.598	-0.598	-0.679	-0.679	-0.605	-0.598	-0.365	-0.745	+0.214	-0.744	-0.418	-0.471	-0.842	-0.847	-0.716	-0.692	+2.117	+1.732	+1.859	+2.398	-0.304	+2.356	+2.441	+2.443	+1.576	-0.550	+1.550	+1.489	+2.389	+1.451	+1.441	+1.470	+1.457	+1.177	-0.651	-0.019	+1.116	+0.384	+0.375	+0.462	+0.442	+0.443	+0.678	+0.409	+0.005	+0.254	+0.383	+0.990	+0.344	+0.343	+0.342	+0.339	+0.335	+0.378	-0.016	+0.320	+0.352	+0.342	+0.378	+0.338	+0.338	+0.372	+0.354	+0.350	+0.358	+0.390	+0.009	+0.360	+0.364	+0.384	+0.349	+0.002	+0.384	+0.360	+0.384	+0.605	+0.357	+0.002	+0.356	+0.363	+0.627	+0.328	-0.007	+0.306	+0.347	+0.368	-0.015	+0.372	+0.372	-0.005	-0.005	+0.605	+0.334	+0.359	+0.605	+0.338	+0.326	+0.299	+0.289	-0.167	+0.091	+0.532	+0.533	+0.281	+0.296	+0.286	+0.542	+0.544	+0.572	+0.232	+0.205	+0.314	+0.095	+0.358	+0.358	+0.552	+0.544	-0.171	-0.211	+0.382	+0.372	+0.098	+0.524	-0.004	+0.044	+0.774	+0.558	-0.028	+0.042	+0.140	+0.915	+0.089	+0.079	+0.637	+0.115	+0.032	+0.037	+0.084	+0.084	+0.656	+0.085	-0.175	-0.174	-0.180	-0.386	-0.406	+0.106	-0.177	-0.209	-0.209	-0.181	+0.873	-0.209	-1.046	-0.209	+1.672	-0.204	
rs10232270     -0.685	-0.169	-0.332	-0.267	-0.266	-0.277	-0.268	-0.258	-0.256	-0.258	-0.105	-0.115	-0.642	+0.059	+0.099	-0.116	-0.171	+0.084	+0.049	-0.644	-0.126	-0.126	+0.047	+0.048	-0.134	-0.126	+0.084	-0.077	+0.570	-0.076	+0.030	-0.024	-0.496	-0.499	-0.025	+0.011	+2.508	+2.118	+2.334	+2.865	+0.154	+2.824	+2.908	+2.911	+1.923	-0.099	+1.983	+1.839	+2.858	+1.882	+1.873	+1.820	+1.807	+1.610	-0.202	+0.350	+1.476	+0.759	+0.718	+0.803	+0.784	+0.784	+1.042	+0.752	+0.403	+0.599	+0.726	+1.320	+0.688	+0.686	+0.685	+0.682	+0.679	+0.720	+0.382	+0.664	+0.696	+0.686	+0.722	+0.682	+0.681	+0.715	+0.697	+0.693	+0.701	+0.733	+0.408	+0.704	+0.708	+0.728	+0.712	+0.401	+0.727	+0.703	+0.727	+0.972	+0.701	+0.401	+0.700	+0.708	+0.994	+0.673	+0.391	+0.653	+0.691	+0.711	+0.384	+0.715	+0.715	+0.394	+0.394	+0.972	+0.679	+0.702	+0.972	+0.682	+0.670	+0.644	+0.634	+0.235	+0.438	+0.900	+0.901	+0.626	+0.642	+0.631	+0.910	+0.912	+0.938	+0.580	+0.552	+0.659	+0.488	+0.702	+0.702	+0.920	+0.912	+0.229	+0.190	+0.725	+0.716	+0.448	+0.870	+0.396	+0.438	+1.147	+0.904	+0.374	+0.478	+0.545	+1.287	+0.490	+0.516	+1.123	+0.522	+0.468	+0.468	+0.485	+0.486	+1.143	+0.486	+0.255	+0.256	+0.224	+0.035	-0.006	+0.511	+0.253	+0.195	+0.195	+0.250	+1.246	+0.195	-0.627	+0.195	+2.017	+0.200	
rs73143772     -0.698	-0.332	-0.186	-0.337	-0.337	-0.341	-0.339	-0.331	-0.328	-0.331	-0.137	-0.147	-0.647	+0.018	+0.056	-0.147	-0.148	+0.042	+0.009	-0.650	-0.157	-0.158	+0.007	+0.007	-0.165	-0.157	+0.052	-0.111	+0.544	-0.109	-0.001	-0.053	-0.510	-0.513	-0.060	-0.025	+2.473	+2.076	+2.292	+2.894	+0.154	+2.852	+2.937	+2.940	+1.948	-0.101	+2.009	+1.863	+2.886	+1.906	+1.897	+1.844	+1.831	+1.631	-0.207	+0.358	+1.493	+0.774	+0.728	+0.813	+0.794	+0.795	+1.059	+0.762	+0.409	+0.607	+0.736	+1.331	+0.697	+0.696	+0.694	+0.691	+0.688	+0.730	+0.388	+0.673	+0.705	+0.695	+0.731	+0.691	+0.690	+0.724	+0.707	+0.702	+0.710	+0.743	+0.414	+0.713	+0.718	+0.737	+0.724	+0.407	+0.737	+0.713	+0.737	+0.988	+0.710	+0.407	+0.709	+0.717	+1.010	+0.682	+0.398	+0.662	+0.701	+0.720	+0.390	+0.725	+0.725	+0.400	+0.400	+0.988	+0.688	+0.712	+0.988	+0.691	+0.679	+0.653	+0.643	+0.243	+0.447	+0.915	+0.916	+0.635	+0.651	+0.640	+0.925	+0.927	+0.954	+0.586	+0.559	+0.668	+0.495	+0.711	+0.711	+0.936	+0.927	+0.234	+0.194	+0.735	+0.725	+0.453	+0.881	+0.402	+0.445	+1.165	+0.915	+0.380	+0.486	+0.552	+1.305	+0.497	+0.524	+1.144	+0.529	+0.475	+0.475	+0.492	+0.492	+1.164	+0.492	+0.257	+0.257	+0.225	+0.033	-0.008	+0.514	+0.253	+0.195	+0.195	+0.250	+1.262	+0.195	-0.641	+0.195	+2.043	+0.200	
rs28412509     -0.692	-0.267	-0.337	-0.177	-0.267	-0.284	-0.277	-0.265	-0.263	-0.265	-0.113	-0.124	-0.650	+0.040	+0.079	-0.124	-0.179	+0.064	+0.030	-0.652	-0.134	-0.135	+0.028	+0.028	-0.142	-0.134	+0.076	-0.094	+0.563	-0.093	+0.022	-0.032	-0.503	-0.505	-0.043	-0.007	+2.502	+2.110	+2.327	+2.858	+0.146	+2.817	+2.901	+2.904	+1.917	-0.107	+1.976	+1.832	+2.851	+1.875	+1.866	+1.813	+1.800	+1.603	-0.210	+0.343	+1.470	+0.752	+0.712	+0.796	+0.777	+0.778	+1.036	+0.745	+0.396	+0.593	+0.720	+1.314	+0.681	+0.680	+0.678	+0.675	+0.672	+0.714	+0.375	+0.657	+0.689	+0.679	+0.716	+0.676	+0.675	+0.709	+0.691	+0.687	+0.695	+0.727	+0.401	+0.697	+0.702	+0.721	+0.706	+0.394	+0.721	+0.697	+0.721	+0.965	+0.694	+0.394	+0.694	+0.702	+0.987	+0.666	+0.384	+0.646	+0.685	+0.705	+0.377	+0.709	+0.709	+0.387	+0.387	+0.965	+0.672	+0.696	+0.965	+0.676	+0.663	+0.638	+0.628	+0.228	+0.432	+0.893	+0.894	+0.620	+0.635	+0.625	+0.903	+0.905	+0.932	+0.574	+0.546	+0.653	+0.481	+0.695	+0.696	+0.914	+0.905	+0.222	+0.183	+0.719	+0.709	+0.442	+0.864	+0.389	+0.431	+1.141	+0.897	+0.367	+0.471	+0.538	+1.280	+0.483	+0.508	+1.116	+0.515	+0.460	+0.460	+0.478	+0.479	+1.136	+0.478	+0.248	+0.248	+0.217	+0.027	-0.013	+0.504	+0.245	+0.188	+0.188	+0.242	+1.239	+0.187	-0.635	+0.188	+2.011	+0.192	
rs28719156     -0.691	-0.266	-0.337	-0.267	-0.176	-0.283	-0.276	-0.265	-0.262	-0.265	-0.111	-0.122	-0.648	+0.042	+0.081	-0.122	-0.178	+0.066	+0.032	-0.651	-0.133	-0.133	+0.030	+0.030	-0.141	-0.133	+0.077	-0.093	+0.565	-0.091	+0.023	-0.030	-0.502	-0.504	-0.041	-0.005	+2.503	+2.112	+2.329	+2.859	+0.147	+2.818	+2.902	+2.905	+1.918	-0.105	+1.978	+1.833	+2.853	+1.877	+1.867	+1.814	+1.801	+1.605	-0.209	+0.344	+1.471	+0.753	+0.713	+0.797	+0.778	+0.779	+1.037	+0.747	+0.397	+0.594	+0.721	+1.315	+0.682	+0.681	+0.680	+0.677	+0.673	+0.715	+0.376	+0.659	+0.691	+0.680	+0.717	+0.677	+0.676	+0.710	+0.692	+0.688	+0.696	+0.728	+0.402	+0.698	+0.703	+0.723	+0.707	+0.395	+0.722	+0.698	+0.722	+0.966	+0.695	+0.395	+0.695	+0.703	+0.988	+0.667	+0.386	+0.648	+0.686	+0.706	+0.378	+0.710	+0.710	+0.388	+0.388	+0.966	+0.673	+0.697	+0.966	+0.677	+0.665	+0.639	+0.629	+0.229	+0.433	+0.894	+0.895	+0.621	+0.637	+0.626	+0.905	+0.906	+0.933	+0.575	+0.547	+0.654	+0.482	+0.697	+0.697	+0.915	+0.906	+0.224	+0.184	+0.720	+0.711	+0.443	+0.865	+0.390	+0.432	+1.142	+0.898	+0.368	+0.472	+0.539	+1.281	+0.484	+0.510	+1.117	+0.516	+0.462	+0.462	+0.480	+0.480	+1.137	+0.480	+0.249	+0.250	+0.218	+0.028	-0.012	+0.505	+0.246	+0.189	+0.189	+0.243	+1.240	+0.189	-0.634	+0.189	+2.012	+0.194	
rs75867474     -0.694	-0.277	-0.341	-0.284	-0.283	-0.179	-0.286	-0.275	-0.273	-0.276	-0.106	-0.117	-0.650	+0.041	+0.080	-0.117	-0.174	+0.066	+0.031	-0.652	-0.128	-0.128	+0.029	+0.030	-0.136	-0.128	+0.083	-0.094	+0.577	-0.092	+0.029	-0.025	-0.504	-0.507	-0.042	-0.006	+2.514	+2.127	+2.340	+2.872	+0.150	+2.831	+2.915	+2.918	+1.931	-0.103	+1.988	+1.846	+2.865	+1.886	+1.877	+1.827	+1.814	+1.613	-0.207	+0.351	+1.482	+0.763	+0.719	+0.804	+0.785	+0.785	+1.047	+0.753	+0.401	+0.600	+0.727	+1.323	+0.688	+0.687	+0.685	+0.682	+0.679	+0.721	+0.380	+0.664	+0.697	+0.686	+0.723	+0.683	+0.682	+0.716	+0.698	+0.694	+0.702	+0.734	+0.406	+0.704	+0.709	+0.729	+0.715	+0.399	+0.728	+0.704	+0.728	+0.976	+0.701	+0.399	+0.701	+0.709	+0.998	+0.673	+0.390	+0.653	+0.692	+0.712	+0.382	+0.716	+0.716	+0.392	+0.392	+0.976	+0.679	+0.703	+0.976	+0.683	+0.670	+0.645	+0.635	+0.233	+0.438	+0.904	+0.905	+0.627	+0.642	+0.631	+0.914	+0.916	+0.943	+0.580	+0.553	+0.660	+0.487	+0.702	+0.703	+0.925	+0.916	+0.227	+0.188	+0.726	+0.717	+0.448	+0.871	+0.394	+0.436	+1.153	+0.905	+0.372	+0.479	+0.544	+1.293	+0.489	+0.516	+1.130	+0.521	+0.468	+0.468	+0.484	+0.485	+1.150	+0.484	+0.254	+0.255	+0.222	+0.032	-0.010	+0.510	+0.251	+0.193	+0.193	+0.248	+1.252	+0.192	-0.635	+0.193	+2.025	+0.197	
rs10276060     -0.695	-0.268	-0.339	-0.277	-0.276	-0.286	-0.180	-0.267	-0.261	-0.267	-0.118	-0.128	-0.653	+0.043	+0.081	-0.128	-0.184	+0.067	+0.033	-0.656	-0.139	-0.139	+0.031	+0.031	-0.147	-0.139	+0.071	-0.093	+0.560	-0.091	+0.017	-0.036	-0.505	-0.508	-0.041	-0.005	+2.501	+2.110	+2.325	+2.856	+0.143	+2.815	+2.899	+2.902	+1.917	-0.109	+1.975	+1.832	+2.849	+1.874	+1.864	+1.813	+1.800	+1.602	-0.213	+0.342	+1.469	+0.751	+0.711	+0.795	+0.776	+0.777	+1.035	+0.745	+0.393	+0.592	+0.719	+1.313	+0.680	+0.679	+0.677	+0.674	+0.671	+0.713	+0.372	+0.656	+0.688	+0.678	+0.714	+0.675	+0.674	+0.708	+0.690	+0.686	+0.694	+0.726	+0.398	+0.696	+0.701	+0.720	+0.705	+0.391	+0.720	+0.696	+0.720	+0.965	+0.693	+0.391	+0.693	+0.701	+0.987	+0.665	+0.382	+0.645	+0.684	+0.704	+0.374	+0.708	+0.708	+0.384	+0.384	+0.965	+0.671	+0.695	+0.965	+0.675	+0.662	+0.637	+0.627	+0.226	+0.430	+0.893	+0.894	+0.619	+0.634	+0.624	+0.903	+0.905	+0.931	+0.573	+0.545	+0.652	+0.478	+0.694	+0.694	+0.913	+0.905	+0.220	+0.180	+0.718	+0.708	+0.441	+0.863	+0.386	+0.428	+1.140	+0.896	+0.364	+0.468	+0.535	+1.280	+0.480	+0.506	+1.115	+0.512	+0.458	+0.458	+0.476	+0.476	+1.135	+0.476	+0.245	+0.246	+0.214	+0.025	-0.016	+0.501	+0.242	+0.185	+0.185	+0.239	+1.239	+0.185	-0.638	+0.185	+2.011	+0.190	
rs1574044      -0.683	-0.258	-0.331	-0.265	-0.265	-0.275	-0.267	-0.166	-0.255	-0.257	-0.102	-0.113	-0.640	+0.063	+0.102	-0.113	-0.169	+0.088	+0.053	-0.642	-0.124	-0.124	+0.051	+0.051	-0.131	-0.124	+0.086	-0.074	+0.572	-0.072	+0.032	-0.021	-0.494	-0.497	-0.022	+0.015	+2.510	+2.120	+2.337	+2.868	+0.156	+2.827	+2.911	+2.914	+1.925	-0.096	+1.986	+1.841	+2.861	+1.884	+1.875	+1.822	+1.809	+1.612	-0.200	+0.352	+1.478	+0.761	+0.720	+0.804	+0.785	+0.786	+1.044	+0.754	+0.405	+0.601	+0.728	+1.322	+0.689	+0.688	+0.687	+0.684	+0.680	+0.722	+0.384	+0.666	+0.698	+0.687	+0.724	+0.684	+0.683	+0.717	+0.699	+0.695	+0.703	+0.735	+0.410	+0.705	+0.710	+0.730	+0.714	+0.403	+0.729	+0.705	+0.729	+0.974	+0.702	+0.403	+0.702	+0.710	+0.996	+0.674	+0.394	+0.655	+0.693	+0.713	+0.386	+0.717	+0.717	+0.396	+0.396	+0.974	+0.680	+0.704	+0.974	+0.684	+0.672	+0.646	+0.636	+0.237	+0.440	+0.902	+0.903	+0.628	+0.644	+0.633	+0.912	+0.914	+0.940	+0.582	+0.554	+0.661	+0.490	+0.704	+0.704	+0.922	+0.914	+0.231	+0.192	+0.727	+0.718	+0.450	+0.872	+0.398	+0.440	+1.149	+0.905	+0.376	+0.481	+0.547	+1.289	+0.492	+0.518	+1.126	+0.524	+0.470	+0.470	+0.488	+0.488	+1.146	+0.488	+0.258	+0.258	+0.226	+0.037	-0.004	+0.513	+0.255	+0.197	+0.197	+0.252	+1.248	+0.197	-0.625	+0.197	+2.019	+0.202	
rs2009657      -0.678	-0.256	-0.328	-0.263	-0.262	-0.273	-0.261	-0.255	-0.161	-0.255	-0.096	-0.107	-0.634	+0.071	+0.110	-0.107	-0.164	+0.096	+0.061	-0.637	-0.118	-0.118	+0.059	+0.059	-0.126	-0.118	+0.092	-0.067	+0.577	-0.065	+0.038	-0.016	-0.490	-0.493	-0.014	+0.023	+2.515	+2.125	+2.343	+2.874	+0.162	+2.833	+2.917	+2.920	+1.930	-0.091	+1.991	+1.846	+2.867	+1.890	+1.880	+1.827	+1.813	+1.618	-0.195	+0.357	+1.482	+0.766	+0.725	+0.809	+0.790	+0.791	+1.049	+0.759	+0.410	+0.606	+0.733	+1.326	+0.694	+0.693	+0.692	+0.689	+0.685	+0.727	+0.389	+0.671	+0.703	+0.692	+0.729	+0.689	+0.688	+0.722	+0.704	+0.700	+0.708	+0.740	+0.415	+0.710	+0.715	+0.735	+0.719	+0.408	+0.734	+0.710	+0.734	+0.979	+0.707	+0.408	+0.707	+0.715	+1.001	+0.679	+0.399	+0.660	+0.698	+0.718	+0.391	+0.722	+0.722	+0.401	+0.401	+0.979	+0.685	+0.709	+0.979	+0.689	+0.677	+0.651	+0.641	+0.242	+0.445	+0.907	+0.908	+0.633	+0.649	+0.638	+0.917	+0.919	+0.946	+0.587	+0.559	+0.666	+0.495	+0.709	+0.709	+0.928	+0.919	+0.236	+0.197	+0.732	+0.723	+0.455	+0.877	+0.403	+0.445	+1.155	+0.910	+0.381	+0.486	+0.552	+1.294	+0.497	+0.523	+1.132	+0.529	+0.475	+0.475	+0.492	+0.493	+1.152	+0.493	+0.263	+0.263	+0.231	+0.042	+0.001	+0.518	+0.260	+0.202	+0.202	+0.257	+1.253	+0.202	-0.620	+0.202	+2.024	+0.207	
rs12669407     -0.683	-0.258	-0.331	-0.265	-0.265	-0.276	-0.267	-0.257	-0.255	-0.167	-0.103	-0.113	-0.640	+0.062	+0.102	-0.113	-0.169	+0.087	+0.052	-0.642	-0.124	-0.124	+0.050	+0.050	-0.132	-0.124	+0.086	-0.075	+0.572	-0.073	+0.032	-0.022	-0.495	-0.497	-0.022	+0.014	+2.510	+2.120	+2.337	+2.867	+0.156	+2.826	+2.910	+2.913	+1.925	-0.097	+1.985	+1.840	+2.861	+1.884	+1.875	+1.821	+1.808	+1.612	-0.200	+0.351	+1.477	+0.760	+0.720	+0.804	+0.785	+0.786	+1.044	+0.753	+0.404	+0.601	+0.728	+1.322	+0.689	+0.688	+0.686	+0.683	+0.680	+0.722	+0.384	+0.665	+0.697	+0.687	+0.723	+0.684	+0.683	+0.717	+0.699	+0.695	+0.703	+0.735	+0.409	+0.705	+0.710	+0.729	+0.714	+0.403	+0.729	+0.705	+0.729	+0.973	+0.702	+0.403	+0.701	+0.709	+0.995	+0.674	+0.393	+0.654	+0.693	+0.713	+0.386	+0.717	+0.717	+0.396	+0.396	+0.973	+0.680	+0.704	+0.973	+0.683	+0.671	+0.646	+0.636	+0.237	+0.440	+0.901	+0.902	+0.628	+0.643	+0.633	+0.912	+0.914	+0.940	+0.582	+0.554	+0.661	+0.490	+0.703	+0.703	+0.922	+0.913	+0.231	+0.192	+0.727	+0.717	+0.450	+0.871	+0.398	+0.440	+1.149	+0.905	+0.376	+0.480	+0.547	+1.288	+0.492	+0.518	+1.126	+0.523	+0.470	+0.470	+0.487	+0.488	+1.146	+0.487	+0.257	+0.258	+0.226	+0.036	-0.004	+0.513	+0.254	+0.197	+0.197	+0.251	+1.247	+0.196	-0.625	+0.197	+2.019	+0.201	
rs10254974     -0.578	-0.105	-0.137	-0.113	-0.111	-0.106	-0.118	-0.102	-0.096	-0.103	-0.128	-0.233	-0.078	-0.102	-0.074	-0.238	-0.316	-0.084	-0.109	-0.061	-0.246	-0.246	-0.110	-0.110	-0.249	-0.250	-0.082	-0.193	+0.335	-0.192	-0.165	-0.223	-0.428	-0.432	-0.161	-0.132	+2.220	+1.880	+1.907	+2.433	-0.115	+2.390	+2.474	+2.476	+1.728	-0.315	+1.618	+1.645	+2.422	+1.519	+1.510	+1.626	+1.615	+1.251	-0.385	+0.251	+1.293	+0.603	+0.500	+0.581	+0.564	+0.564	+0.879	+0.534	+0.145	+0.396	+0.511	+1.093	+0.475	+0.474	+0.472	+0.470	+0.467	+0.506	+0.127	+0.453	+0.483	+0.473	+0.507	+0.470	+0.469	+0.501	+0.484	+0.481	+0.488	+0.518	+0.148	+0.490	+0.494	+0.513	+0.571	+0.143	+0.513	+0.490	+0.513	+0.814	+0.487	+0.143	+0.486	+0.493	+0.834	+0.461	+0.134	+0.444	+0.478	+0.498	+0.128	+0.501	+0.501	+0.136	+0.136	+0.814	+0.467	+0.490	+0.814	+0.471	+0.459	+0.437	+0.426	+0.013	+0.246	+0.748	+0.750	+0.419	+0.433	+0.424	+0.758	+0.760	+0.785	+0.378	+0.353	+0.450	+0.230	+0.489	+0.489	+0.768	+0.758	-0.001	-0.035	+0.512	+0.503	+0.261	+0.643	+0.143	+0.215	+0.974	+0.675	+0.123	+0.271	+0.269	+1.101	+0.224	+0.304	+0.781	+0.248	+0.262	+0.267	+0.219	+0.220	+0.799	+0.220	+0.084	+0.085	-0.006	-0.085	-0.184	+0.236	+0.082	-0.031	-0.031	+0.079	+1.063	-0.031	-0.625	-0.031	+1.772	-0.027	
rs10232802     -0.587	-0.115	-0.147	-0.124	-0.122	-0.117	-0.128	-0.113	-0.107	-0.113	-0.233	-0.136	-0.099	-0.111	-0.084	-0.238	-0.321	-0.094	-0.119	-0.081	-0.245	-0.245	-0.119	-0.119	-0.248	-0.249	-0.071	-0.202	+0.335	-0.201	-0.160	-0.222	-0.437	-0.440	-0.170	-0.142	+2.222	+1.874	+1.906	+2.433	-0.121	+2.390	+2.474	+2.476	+1.722	-0.322	+1.617	+1.639	+2.422	+1.518	+1.509	+1.620	+1.609	+1.249	-0.392	+0.244	+1.288	+0.596	+0.496	+0.577	+0.559	+0.560	+0.873	+0.530	+0.139	+0.392	+0.506	+1.089	+0.470	+0.469	+0.468	+0.465	+0.462	+0.502	+0.121	+0.449	+0.478	+0.469	+0.503	+0.466	+0.465	+0.497	+0.480	+0.476	+0.484	+0.513	+0.143	+0.485	+0.489	+0.508	+0.565	+0.138	+0.508	+0.485	+0.508	+0.807	+0.482	+0.138	+0.482	+0.488	+0.828	+0.457	+0.129	+0.439	+0.474	+0.493	+0.123	+0.497	+0.497	+0.131	+0.131	+0.807	+0.462	+0.485	+0.807	+0.466	+0.454	+0.432	+0.421	+0.007	+0.241	+0.742	+0.743	+0.415	+0.428	+0.419	+0.752	+0.753	+0.778	+0.373	+0.348	+0.445	+0.224	+0.485	+0.485	+0.761	+0.752	-0.007	-0.041	+0.507	+0.498	+0.256	+0.639	+0.138	+0.209	+0.968	+0.671	+0.118	+0.264	+0.264	+1.095	+0.219	+0.297	+0.776	+0.243	+0.255	+0.260	+0.214	+0.215	+0.794	+0.215	+0.077	+0.078	-0.012	-0.093	-0.190	+0.231	+0.075	-0.036	-0.036	+0.072	+1.057	-0.037	-0.633	-0.036	+1.768	-0.032	
rs3111333      -1.075	-0.642	-0.647	-0.650	-0.648	-0.650	-0.653	-0.640	-0.634	-0.640	-0.078	-0.099	-0.628	-0.663	-0.641	-0.100	-0.103	-0.648	-0.669	-0.774	-0.122	-0.122	-0.669	-0.669	-0.137	-0.122	+0.286	-0.737	+0.579	-0.736	+0.152	+0.032	-0.822	-0.826	-0.708	-0.684	+2.497	+1.756	+2.145	+2.781	-0.178	+2.733	+2.821	+2.822	+1.633	-0.460	+1.850	+1.543	+2.758	+1.734	+1.724	+1.523	+1.511	+1.414	-0.583	-0.015	+1.174	+0.417	+0.484	+0.576	+0.554	+0.555	+0.708	+0.518	+0.138	+0.347	+0.489	+1.130	+0.447	+0.445	+0.443	+0.440	+0.436	+0.482	+0.113	+0.419	+0.455	+0.443	+0.482	+0.439	+0.438	+0.475	+0.457	+0.451	+0.459	+0.494	+0.140	+0.461	+0.466	+0.488	+0.375	+0.132	+0.488	+0.461	+0.488	+0.632	+0.458	+0.132	+0.457	+0.466	+0.655	+0.427	+0.121	+0.402	+0.448	+0.470	+0.113	+0.474	+0.474	+0.124	+0.124	+0.632	+0.434	+0.460	+0.632	+0.438	+0.424	+0.395	+0.384	-0.100	+0.167	+0.557	+0.558	+0.375	+0.392	+0.380	+0.567	+0.569	+0.597	+0.330	+0.300	+0.411	+0.232	+0.458	+0.458	+0.577	+0.568	-0.067	-0.112	+0.484	+0.473	+0.175	+0.647	+0.126	+0.121	+0.813	+0.684	+0.098	+0.097	+0.308	+0.966	+0.243	+0.136	+0.716	+0.281	+0.086	+0.087	+0.237	+0.237	+0.737	+0.237	-0.146	-0.145	-0.075	-0.369	-0.335	+0.247	-0.149	-0.108	-0.108	-0.152	+0.922	-0.109	-1.043	-0.108	+1.806	-0.103	
rs73145893     -0.673	+0.059	+0.018	+0.040	+0.042	+0.041	+0.043	+0.063	+0.071	+0.062	-0.102	-0.111	-0.663	-0.157	-0.225	-0.112	-0.160	-0.225	-0.243	-0.665	-0.123	-0.123	-0.243	-0.243	-0.131	-0.123	+0.132	-0.264	+0.776	-0.265	+0.075	+0.018	+0.137	+0.124	-0.288	-0.283	+2.838	+2.351	+2.554	+3.115	+0.234	+3.070	+3.160	+3.162	+2.198	-0.041	+2.225	+2.104	+3.104	+2.118	+2.108	+2.084	+2.073	+1.828	-0.151	+0.500	+1.745	+0.929	+0.937	+1.031	+1.009	+1.010	+1.235	+0.974	+0.543	+0.811	+0.946	+1.624	+0.903	+0.902	+0.900	+0.897	+0.893	+0.940	+0.520	+0.877	+0.911	+0.900	+0.939	+0.896	+0.895	+0.932	+0.913	+0.908	+0.916	+0.950	+0.545	+0.918	+0.923	+0.945	+0.885	+0.538	+0.945	+0.917	+0.945	+1.156	+0.914	+0.538	+0.914	+0.922	+1.179	+0.884	+0.528	+0.861	+0.904	+0.928	+0.520	+0.932	+0.932	+0.530	+0.530	+1.156	+0.891	+0.918	+1.156	+0.896	+0.881	+0.855	+0.843	+0.360	+0.625	+1.079	+1.081	+0.834	+0.851	+0.839	+1.091	+1.092	+1.122	+0.798	+0.768	+0.870	+0.641	+0.916	+0.917	+1.101	+1.090	+0.353	+0.310	+0.944	+0.933	+0.644	+1.098	+0.541	+0.575	+1.342	+1.135	+0.512	+0.568	+0.702	+1.500	+0.647	+0.607	+1.189	+0.676	+0.557	+0.561	+0.641	+0.641	+1.211	+0.642	+0.329	+0.329	+0.350	+0.112	+0.115	+0.653	+0.326	+0.318	+0.318	+0.322	+1.456	+0.317	-0.623	+0.318	+2.309	+0.323	
rs59928914     -0.652	+0.099	+0.056	+0.079	+0.081	+0.080	+0.081	+0.102	+0.110	+0.102	-0.074	-0.084	-0.641	-0.225	-0.132	-0.084	-0.134	-0.218	-0.227	-0.643	-0.096	-0.096	-0.227	-0.227	-0.103	-0.097	+0.162	-0.234	+0.807	-0.235	+0.104	+0.046	+0.190	+0.179	-0.268	-0.267	+2.873	+2.385	+2.586	+3.149	+0.261	+3.103	+3.194	+3.196	+2.231	-0.015	+2.257	+2.136	+3.137	+2.149	+2.139	+2.115	+2.105	+1.859	-0.126	+0.528	+1.776	+0.958	+0.967	+1.061	+1.039	+1.040	+1.266	+1.004	+0.571	+0.839	+0.975	+1.655	+0.933	+0.932	+0.930	+0.926	+0.923	+0.969	+0.547	+0.906	+0.941	+0.929	+0.969	+0.925	+0.924	+0.962	+0.943	+0.937	+0.946	+0.980	+0.573	+0.947	+0.952	+0.975	+0.913	+0.566	+0.975	+0.947	+0.975	+1.186	+0.944	+0.566	+0.943	+0.951	+1.210	+0.914	+0.555	+0.890	+0.933	+0.957	+0.548	+0.961	+0.961	+0.558	+0.558	+1.186	+0.920	+0.948	+1.186	+0.926	+0.910	+0.885	+0.872	+0.388	+0.654	+1.109	+1.111	+0.864	+0.880	+0.869	+1.121	+1.122	+1.152	+0.828	+0.798	+0.899	+0.669	+0.946	+0.946	+1.131	+1.120	+0.380	+0.337	+0.974	+0.963	+0.673	+1.129	+0.569	+0.603	+1.372	+1.166	+0.540	+0.595	+0.731	+1.531	+0.675	+0.634	+1.218	+0.704	+0.584	+0.588	+0.669	+0.669	+1.239	+0.670	+0.355	+0.355	+0.377	+0.138	+0.141	+0.681	+0.351	+0.345	+0.345	+0.348	+1.487	+0.344	-0.601	+0.345	+2.343	+0.349	
rs7798382      -0.587	-0.116	-0.147	-0.124	-0.122	-0.117	-0.128	-0.113	-0.107	-0.113	-0.238	-0.238	-0.100	-0.112	-0.084	-0.137	-0.321	-0.094	-0.119	-0.082	-0.245	-0.245	-0.119	-0.119	-0.248	-0.249	-0.070	-0.202	+0.334	-0.201	-0.159	-0.222	-0.437	-0.441	-0.170	-0.142	+2.221	+1.874	+1.906	+2.432	-0.121	+2.389	+2.473	+2.476	+1.721	-0.322	+1.616	+1.638	+2.421	+1.517	+1.508	+1.620	+1.608	+1.248	-0.392	+0.243	+1.287	+0.596	+0.495	+0.576	+0.559	+0.559	+0.872	+0.529	+0.139	+0.391	+0.506	+1.089	+0.470	+0.469	+0.467	+0.465	+0.462	+0.501	+0.121	+0.448	+0.478	+0.468	+0.502	+0.465	+0.464	+0.496	+0.479	+0.476	+0.483	+0.513	+0.143	+0.485	+0.489	+0.508	+0.564	+0.137	+0.508	+0.485	+0.508	+0.807	+0.482	+0.137	+0.481	+0.488	+0.827	+0.456	+0.129	+0.439	+0.473	+0.493	+0.122	+0.496	+0.496	+0.131	+0.131	+0.807	+0.462	+0.485	+0.807	+0.465	+0.453	+0.431	+0.421	+0.007	+0.241	+0.741	+0.742	+0.414	+0.428	+0.418	+0.751	+0.753	+0.778	+0.373	+0.348	+0.445	+0.224	+0.484	+0.484	+0.761	+0.751	-0.007	-0.041	+0.507	+0.498	+0.255	+0.638	+0.138	+0.209	+0.967	+0.670	+0.117	+0.264	+0.264	+1.094	+0.219	+0.297	+0.775	+0.242	+0.254	+0.259	+0.214	+0.214	+0.793	+0.215	+0.077	+0.077	-0.012	-0.093	-0.190	+0.231	+0.074	-0.037	-0.037	+0.071	+1.056	-0.037	-0.633	-0.037	+1.767	-0.033	
rs4718877      -0.625	-0.171	-0.148	-0.179	-0.178	-0.174	-0.184	-0.169	-0.164	-0.169	-0.316	-0.321	-0.103	-0.160	-0.134	-0.321	-0.184	-0.142	-0.167	-0.081	-0.329	-0.329	-0.167	-0.167	-0.334	-0.328	-0.126	-0.250	+0.320	-0.248	-0.199	-0.258	-0.479	-0.482	-0.218	-0.190	+2.213	+1.859	+1.897	+2.441	-0.155	+2.397	+2.482	+2.484	+1.680	-0.358	+1.617	+1.596	+2.428	+1.516	+1.506	+1.578	+1.566	+1.240	-0.430	+0.197	+1.247	+0.552	+0.469	+0.551	+0.533	+0.534	+0.828	+0.503	+0.108	+0.363	+0.479	+1.067	+0.443	+0.442	+0.441	+0.438	+0.435	+0.475	+0.090	+0.421	+0.451	+0.441	+0.476	+0.438	+0.437	+0.469	+0.453	+0.449	+0.456	+0.486	+0.112	+0.458	+0.462	+0.481	+0.521	+0.106	+0.481	+0.458	+0.481	+0.762	+0.455	+0.106	+0.455	+0.461	+0.783	+0.429	+0.098	+0.411	+0.446	+0.466	+0.091	+0.470	+0.470	+0.100	+0.100	+0.762	+0.435	+0.458	+0.762	+0.438	+0.426	+0.404	+0.393	-0.025	+0.210	+0.696	+0.698	+0.386	+0.400	+0.391	+0.706	+0.708	+0.733	+0.345	+0.320	+0.417	+0.193	+0.457	+0.457	+0.716	+0.707	-0.041	-0.075	+0.480	+0.471	+0.225	+0.614	+0.106	+0.172	+0.923	+0.646	+0.085	+0.221	+0.235	+1.053	+0.189	+0.254	+0.742	+0.213	+0.212	+0.216	+0.184	+0.185	+0.760	+0.185	+0.034	+0.034	-0.044	-0.137	-0.225	+0.202	+0.032	-0.069	-0.069	+0.029	+1.015	-0.070	-0.675	-0.069	+1.740	-0.065	
rs73147806     -0.659	+0.084	+0.042	+0.064	+0.066	+0.066	+0.067	+0.088	+0.096	+0.087	-0.084	-0.094	-0.648	-0.225	-0.218	-0.094	-0.142	-0.140	-0.230	-0.650	-0.105	-0.106	-0.230	-0.230	-0.113	-0.106	+0.151	-0.236	+0.797	-0.237	+0.094	+0.037	+0.176	+0.162	-0.272	-0.270	+2.861	+2.374	+2.577	+3.139	+0.253	+3.094	+3.184	+3.186	+2.221	-0.023	+2.248	+2.126	+3.128	+2.140	+2.130	+2.106	+2.095	+1.849	-0.134	+0.518	+1.767	+0.948	+0.957	+1.051	+1.029	+1.030	+1.255	+0.993	+0.563	+0.830	+0.965	+1.645	+0.923	+0.921	+0.919	+0.916	+0.913	+0.959	+0.539	+0.896	+0.931	+0.919	+0.959	+0.915	+0.914	+0.951	+0.932	+0.927	+0.936	+0.970	+0.564	+0.937	+0.942	+0.965	+0.904	+0.557	+0.965	+0.937	+0.965	+1.175	+0.934	+0.557	+0.933	+0.941	+1.199	+0.903	+0.547	+0.880	+0.923	+0.947	+0.539	+0.951	+0.951	+0.549	+0.549	+1.175	+0.910	+0.937	+1.175	+0.915	+0.900	+0.874	+0.862	+0.378	+0.644	+1.099	+1.100	+0.853	+0.870	+0.859	+1.110	+1.112	+1.141	+0.818	+0.787	+0.889	+0.660	+0.936	+0.936	+1.120	+1.109	+0.372	+0.329	+0.963	+0.952	+0.663	+1.118	+0.560	+0.595	+1.362	+1.155	+0.531	+0.587	+0.722	+1.520	+0.666	+0.625	+1.209	+0.696	+0.576	+0.580	+0.660	+0.661	+1.230	+0.662	+0.347	+0.347	+0.368	+0.130	+0.133	+0.673	+0.344	+0.337	+0.337	+0.340	+1.477	+0.336	-0.608	+0.336	+2.331	+0.341	
rs73147808     -0.679	+0.049	+0.009	+0.030	+0.032	+0.031	+0.033	+0.053	+0.061	+0.052	-0.109	-0.119	-0.669	-0.243	-0.227	-0.119	-0.167	-0.230	-0.163	-0.670	-0.130	-0.131	-0.243	-0.243	-0.138	-0.131	+0.125	-0.267	+0.769	-0.268	+0.068	+0.011	+0.128	+0.117	-0.292	-0.286	+2.827	+2.343	+2.541	+3.102	+0.224	+3.056	+3.146	+3.148	+2.190	-0.049	+2.213	+2.096	+3.090	+2.106	+2.096	+2.075	+2.064	+1.817	-0.159	+0.493	+1.736	+0.921	+0.928	+1.022	+1.000	+1.001	+1.227	+0.965	+0.534	+0.801	+0.937	+1.614	+0.894	+0.893	+0.891	+0.888	+0.884	+0.931	+0.510	+0.868	+0.902	+0.891	+0.930	+0.887	+0.886	+0.923	+0.904	+0.899	+0.908	+0.941	+0.535	+0.909	+0.914	+0.936	+0.877	+0.528	+0.936	+0.908	+0.936	+1.148	+0.905	+0.528	+0.905	+0.913	+1.172	+0.875	+0.518	+0.852	+0.895	+0.919	+0.511	+0.923	+0.923	+0.520	+0.520	+1.148	+0.882	+0.909	+1.148	+0.887	+0.872	+0.847	+0.834	+0.351	+0.617	+1.072	+1.073	+0.826	+0.842	+0.831	+1.083	+1.085	+1.114	+0.790	+0.759	+0.861	+0.631	+0.908	+0.908	+1.093	+1.082	+0.344	+0.302	+0.935	+0.924	+0.636	+1.089	+0.531	+0.567	+1.334	+1.126	+0.503	+0.560	+0.693	+1.492	+0.637	+0.598	+1.181	+0.666	+0.549	+0.553	+0.631	+0.632	+1.202	+0.633	+0.321	+0.321	+0.341	+0.105	+0.106	+0.644	+0.318	+0.309	+0.309	+0.314	+1.448	+0.308	-0.628	+0.309	+2.300	+0.314	
rs3111336      -1.076	-0.644	-0.650	-0.652	-0.651	-0.652	-0.656	-0.642	-0.637	-0.642	-0.061	-0.081	-0.774	-0.665	-0.643	-0.082	-0.081	-0.650	-0.670	-0.629	-0.101	-0.102	-0.671	-0.671	-0.117	-0.101	+0.316	-0.739	+0.594	-0.738	+0.181	+0.057	-0.824	-0.828	-0.710	-0.686	+2.508	+1.755	+2.145	+2.781	-0.176	+2.733	+2.820	+2.821	+1.632	-0.459	+1.850	+1.542	+2.758	+1.735	+1.724	+1.522	+1.510	+1.416	-0.581	-0.014	+1.176	+0.416	+0.484	+0.576	+0.554	+0.555	+0.707	+0.518	+0.140	+0.347	+0.489	+1.130	+0.446	+0.445	+0.443	+0.440	+0.436	+0.482	+0.114	+0.419	+0.455	+0.443	+0.482	+0.439	+0.438	+0.474	+0.457	+0.451	+0.459	+0.494	+0.141	+0.461	+0.466	+0.488	+0.374	+0.133	+0.488	+0.461	+0.487	+0.631	+0.458	+0.133	+0.457	+0.466	+0.654	+0.427	+0.123	+0.402	+0.447	+0.469	+0.114	+0.474	+0.474	+0.125	+0.125	+0.631	+0.434	+0.460	+0.631	+0.438	+0.424	+0.395	+0.384	-0.100	+0.167	+0.556	+0.557	+0.375	+0.392	+0.380	+0.566	+0.568	+0.596	+0.330	+0.300	+0.411	+0.233	+0.458	+0.458	+0.577	+0.567	-0.066	-0.111	+0.484	+0.473	+0.175	+0.646	+0.127	+0.122	+0.812	+0.683	+0.100	+0.098	+0.310	+0.964	+0.244	+0.137	+0.715	+0.282	+0.087	+0.087	+0.238	+0.238	+0.736	+0.239	-0.145	-0.145	-0.074	-0.369	-0.334	+0.248	-0.148	-0.107	-0.107	-0.152	+0.921	-0.108	-1.043	-0.107	+1.803	-0.102	
rs12698785     -0.598	-0.126	-0.157	-0.134	-0.133	-0.128	-0.139	-0.124	-0.118	-0.124	-0.246	-0.245	-0.122	-0.123	-0.096	-0.245	-0.329	-0.105	-0.130	-0.101	-0.148	-0.247	-0.131	-0.131	-0.250	-0.250	-0.057	-0.213	+0.334	-0.212	-0.152	-0.220	-0.447	-0.450	-0.181	-0.153	+2.223	+1.867	+1.905	+2.433	-0.128	+2.390	+2.474	+2.476	+1.714	-0.330	+1.616	+1.632	+2.421	+1.516	+1.507	+1.613	+1.602	+1.246	-0.400	+0.235	+1.281	+0.588	+0.491	+0.572	+0.554	+0.555	+0.865	+0.524	+0.133	+0.386	+0.501	+1.085	+0.465	+0.464	+0.462	+0.460	+0.457	+0.496	+0.115	+0.443	+0.473	+0.463	+0.497	+0.460	+0.459	+0.491	+0.474	+0.471	+0.478	+0.508	+0.137	+0.480	+0.484	+0.503	+0.557	+0.131	+0.503	+0.480	+0.503	+0.799	+0.477	+0.131	+0.476	+0.483	+0.820	+0.451	+0.123	+0.434	+0.468	+0.488	+0.116	+0.491	+0.492	+0.125	+0.125	+0.799	+0.457	+0.480	+0.799	+0.461	+0.448	+0.426	+0.416	+0.001	+0.235	+0.734	+0.735	+0.409	+0.422	+0.413	+0.744	+0.745	+0.771	+0.367	+0.343	+0.440	+0.218	+0.479	+0.479	+0.753	+0.744	-0.014	-0.048	+0.502	+0.493	+0.250	+0.634	+0.132	+0.202	+0.960	+0.666	+0.111	+0.256	+0.258	+1.088	+0.213	+0.289	+0.769	+0.237	+0.247	+0.252	+0.208	+0.209	+0.787	+0.209	+0.068	+0.069	-0.019	-0.102	-0.197	+0.225	+0.066	-0.043	-0.043	+0.063	+1.049	-0.044	-0.643	-0.043	+1.763	-0.039	
rs12698786     -0.598	-0.126	-0.158	-0.135	-0.133	-0.128	-0.139	-0.124	-0.118	-0.124	-0.246	-0.245	-0.122	-0.123	-0.096	-0.245	-0.329	-0.106	-0.131	-0.102	-0.247	-0.148	-0.131	-0.131	-0.251	-0.250	-0.057	-0.213	+0.334	-0.212	-0.152	-0.220	-0.447	-0.450	-0.181	-0.153	+2.223	+1.866	+1.905	+2.433	-0.128	+2.390	+2.474	+2.476	+1.714	-0.330	+1.616	+1.631	+2.421	+1.516	+1.507	+1.613	+1.601	+1.246	-0.401	+0.235	+1.281	+0.588	+0.491	+0.572	+0.554	+0.555	+0.865	+0.524	+0.133	+0.386	+0.501	+1.085	+0.465	+0.464	+0.462	+0.460	+0.457	+0.496	+0.115	+0.443	+0.473	+0.463	+0.497	+0.460	+0.459	+0.491	+0.474	+0.471	+0.478	+0.508	+0.137	+0.480	+0.484	+0.503	+0.557	+0.131	+0.503	+0.480	+0.503	+0.799	+0.477	+0.131	+0.476	+0.483	+0.820	+0.451	+0.123	+0.434	+0.468	+0.488	+0.116	+0.491	+0.491	+0.125	+0.125	+0.799	+0.457	+0.480	+0.799	+0.460	+0.448	+0.426	+0.416	+0.001	+0.235	+0.734	+0.735	+0.409	+0.422	+0.413	+0.744	+0.745	+0.770	+0.367	+0.342	+0.439	+0.218	+0.479	+0.479	+0.753	+0.744	-0.014	-0.048	+0.502	+0.493	+0.249	+0.634	+0.131	+0.202	+0.960	+0.666	+0.111	+0.256	+0.258	+1.088	+0.213	+0.289	+0.769	+0.237	+0.247	+0.251	+0.208	+0.209	+0.787	+0.209	+0.068	+0.069	-0.019	-0.102	-0.198	+0.225	+0.066	-0.043	-0.043	+0.063	+1.049	-0.044	-0.643	-0.043	+1.763	-0.040	
rs73156304     -0.679	+0.047	+0.007	+0.028	+0.030	+0.029	+0.031	+0.051	+0.059	+0.050	-0.110	-0.119	-0.669	-0.243	-0.227	-0.119	-0.167	-0.230	-0.243	-0.671	-0.131	-0.131	-0.164	-0.243	-0.138	-0.131	+0.124	-0.266	+0.769	-0.267	+0.068	+0.011	+0.127	+0.116	-0.292	-0.286	+2.826	+2.343	+2.541	+3.101	+0.224	+3.056	+3.146	+3.148	+2.190	-0.050	+2.213	+2.096	+3.089	+2.106	+2.096	+2.075	+2.064	+1.816	-0.160	+0.493	+1.736	+0.921	+0.928	+1.021	+1.000	+1.001	+1.227	+0.964	+0.533	+0.801	+0.936	+1.613	+0.894	+0.893	+0.891	+0.887	+0.884	+0.930	+0.510	+0.867	+0.902	+0.890	+0.930	+0.887	+0.886	+0.923	+0.904	+0.898	+0.907	+0.941	+0.535	+0.908	+0.913	+0.936	+0.877	+0.528	+0.936	+0.908	+0.936	+1.148	+0.905	+0.528	+0.904	+0.912	+1.171	+0.875	+0.518	+0.851	+0.895	+0.918	+0.510	+0.922	+0.922	+0.520	+0.520	+1.148	+0.882	+0.909	+1.148	+0.887	+0.872	+0.846	+0.834	+0.350	+0.616	+1.071	+1.073	+0.825	+0.842	+0.830	+1.083	+1.084	+1.114	+0.789	+0.759	+0.861	+0.631	+0.907	+0.907	+1.093	+1.082	+0.344	+0.301	+0.935	+0.924	+0.636	+1.089	+0.531	+0.566	+1.334	+1.126	+0.502	+0.559	+0.692	+1.491	+0.636	+0.598	+1.180	+0.666	+0.548	+0.552	+0.631	+0.631	+1.202	+0.632	+0.320	+0.321	+0.340	+0.104	+0.106	+0.643	+0.317	+0.309	+0.309	+0.314	+1.448	+0.308	-0.629	+0.309	+2.300	+0.313	
rs73156307     -0.679	+0.048	+0.007	+0.028	+0.030	+0.030	+0.031	+0.051	+0.059	+0.050	-0.110	-0.119	-0.669	-0.243	-0.227	-0.119	-0.167	-0.230	-0.243	-0.671	-0.131	-0.131	-0.243	-0.164	-0.138	-0.131	+0.124	-0.266	+0.769	-0.267	+0.068	+0.011	+0.128	+0.117	-0.292	-0.286	+2.827	+2.343	+2.541	+3.101	+0.224	+3.056	+3.146	+3.148	+2.190	-0.050	+2.213	+2.096	+3.090	+2.106	+2.096	+2.075	+2.064	+1.816	-0.160	+0.493	+1.736	+0.921	+0.928	+1.021	+1.000	+1.001	+1.227	+0.964	+0.534	+0.801	+0.936	+1.613	+0.894	+0.893	+0.891	+0.887	+0.884	+0.930	+0.510	+0.867	+0.902	+0.890	+0.930	+0.887	+0.886	+0.923	+0.904	+0.898	+0.907	+0.941	+0.535	+0.908	+0.913	+0.936	+0.877	+0.528	+0.936	+0.908	+0.936	+1.148	+0.905	+0.528	+0.904	+0.912	+1.171	+0.875	+0.518	+0.851	+0.895	+0.918	+0.510	+0.922	+0.922	+0.520	+0.520	+1.148	+0.882	+0.909	+1.148	+0.887	+0.872	+0.846	+0.834	+0.350	+0.616	+1.072	+1.073	+0.825	+0.842	+0.830	+1.083	+1.084	+1.114	+0.789	+0.759	+0.861	+0.631	+0.907	+0.907	+1.093	+1.082	+0.344	+0.301	+0.935	+0.924	+0.636	+1.089	+0.531	+0.566	+1.334	+1.126	+0.502	+0.559	+0.692	+1.491	+0.637	+0.598	+1.180	+0.666	+0.548	+0.552	+0.631	+0.631	+1.202	+0.632	+0.320	+0.321	+0.340	+0.104	+0.106	+0.643	+0.317	+0.309	+0.309	+0.314	+1.448	+0.308	-0.629	+0.309	+2.300	+0.313	
rs7786926      -0.605	-0.134	-0.165	-0.142	-0.141	-0.136	-0.147	-0.131	-0.126	-0.132	-0.249	-0.248	-0.137	-0.131	-0.103	-0.248	-0.334	-0.113	-0.138	-0.117	-0.250	-0.251	-0.138	-0.138	-0.155	-0.254	-0.052	-0.221	+0.334	-0.219	-0.151	-0.221	-0.453	-0.456	-0.189	-0.160	+2.225	+1.863	+1.905	+2.433	-0.132	+2.391	+2.475	+2.477	+1.711	-0.335	+1.616	+1.628	+2.422	+1.516	+1.507	+1.609	+1.598	+1.245	-0.405	+0.230	+1.277	+0.584	+0.488	+0.569	+0.551	+0.552	+0.861	+0.521	+0.129	+0.383	+0.498	+1.082	+0.462	+0.461	+0.459	+0.457	+0.454	+0.493	+0.111	+0.440	+0.470	+0.460	+0.494	+0.457	+0.456	+0.488	+0.471	+0.468	+0.475	+0.505	+0.133	+0.477	+0.481	+0.500	+0.552	+0.127	+0.500	+0.477	+0.500	+0.795	+0.474	+0.127	+0.473	+0.480	+0.815	+0.448	+0.119	+0.430	+0.465	+0.485	+0.113	+0.488	+0.489	+0.121	+0.121	+0.795	+0.454	+0.477	+0.795	+0.457	+0.445	+0.423	+0.413	-0.003	+0.232	+0.729	+0.730	+0.406	+0.419	+0.410	+0.739	+0.741	+0.766	+0.364	+0.339	+0.436	+0.215	+0.476	+0.476	+0.749	+0.739	-0.018	-0.052	+0.499	+0.490	+0.246	+0.631	+0.128	+0.198	+0.956	+0.663	+0.107	+0.251	+0.255	+1.084	+0.210	+0.284	+0.766	+0.233	+0.242	+0.247	+0.205	+0.205	+0.784	+0.206	+0.063	+0.064	-0.023	-0.107	-0.202	+0.222	+0.061	-0.047	-0.047	+0.058	+1.045	-0.048	-0.650	-0.047	+1.760	-0.044	
rs4412263      -0.598	-0.126	-0.157	-0.134	-0.133	-0.128	-0.139	-0.124	-0.118	-0.124	-0.250	-0.249	-0.122	-0.123	-0.097	-0.249	-0.328	-0.106	-0.131	-0.101	-0.250	-0.250	-0.131	-0.131	-0.254	-0.148	-0.055	-0.213	+0.335	-0.212	-0.149	-0.218	-0.447	-0.450	-0.181	-0.153	+2.224	+1.866	+1.906	+2.433	-0.128	+2.390	+2.474	+2.477	+1.714	-0.330	+1.616	+1.631	+2.422	+1.517	+1.507	+1.613	+1.601	+1.246	-0.401	+0.235	+1.280	+0.588	+0.491	+0.572	+0.554	+0.555	+0.865	+0.524	+0.133	+0.386	+0.501	+1.084	+0.465	+0.464	+0.462	+0.460	+0.457	+0.496	+0.115	+0.443	+0.473	+0.463	+0.497	+0.460	+0.459	+0.491	+0.474	+0.471	+0.478	+0.508	+0.136	+0.480	+0.484	+0.503	+0.557	+0.131	+0.503	+0.480	+0.503	+0.800	+0.477	+0.131	+0.476	+0.483	+0.820	+0.451	+0.122	+0.434	+0.468	+0.488	+0.116	+0.491	+0.491	+0.124	+0.124	+0.800	+0.457	+0.480	+0.800	+0.460	+0.448	+0.426	+0.416	+0.001	+0.235	+0.734	+0.735	+0.409	+0.422	+0.413	+0.744	+0.745	+0.771	+0.367	+0.342	+0.440	+0.218	+0.479	+0.479	+0.753	+0.744	-0.014	-0.048	+0.502	+0.493	+0.250	+0.634	+0.131	+0.202	+0.960	+0.666	+0.111	+0.256	+0.258	+1.088	+0.213	+0.289	+0.769	+0.236	+0.246	+0.251	+0.208	+0.208	+0.787	+0.209	+0.068	+0.069	-0.019	-0.102	-0.198	+0.225	+0.066	-0.044	-0.044	+0.063	+1.049	-0.044	-0.643	-0.044	+1.763	-0.040	
rs2271033      -0.365	+0.084	+0.052	+0.076	+0.077	+0.083	+0.071	+0.086	+0.092	+0.086	-0.082	-0.071	+0.286	+0.132	+0.162	-0.070	-0.126	+0.151	+0.125	+0.316	-0.057	-0.057	+0.124	+0.124	-0.052	-0.055	+0.095	+0.038	+0.383	+0.039	-0.023	-0.045	-0.234	-0.237	+0.071	+0.101	+2.210	+1.988	+1.928	+2.440	+0.019	+2.399	+2.482	+2.484	+1.833	-0.165	+1.645	+1.752	+2.432	+1.550	+1.541	+1.734	+1.723	+1.294	-0.225	+0.403	+1.408	+0.737	+0.597	+0.675	+0.658	+0.659	+1.009	+0.630	+0.261	+0.501	+0.609	+1.171	+0.575	+0.574	+0.572	+0.570	+0.567	+0.605	+0.244	+0.555	+0.582	+0.574	+0.606	+0.571	+0.570	+0.600	+0.584	+0.581	+0.588	+0.616	+0.265	+0.589	+0.593	+0.612	+0.707	+0.260	+0.611	+0.589	+0.611	+0.946	+0.587	+0.260	+0.586	+0.592	+0.966	+0.563	+0.252	+0.547	+0.579	+0.597	+0.246	+0.601	+0.601	+0.254	+0.254	+0.946	+0.568	+0.590	+0.946	+0.571	+0.560	+0.540	+0.529	+0.135	+0.361	+0.883	+0.884	+0.523	+0.536	+0.527	+0.893	+0.894	+0.919	+0.483	+0.460	+0.552	+0.344	+0.590	+0.590	+0.902	+0.893	+0.126	+0.095	+0.612	+0.603	+0.376	+0.735	+0.262	+0.345	+1.102	+0.766	+0.243	+0.415	+0.378	+1.224	+0.336	+0.447	+0.887	+0.358	+0.406	+0.412	+0.332	+0.332	+0.904	+0.333	+0.239	+0.239	+0.122	+0.079	-0.040	+0.348	+0.236	+0.100	+0.100	+0.234	+1.186	+0.099	-0.424	+0.100	+1.854	+0.103	
rs73156359     -0.745	-0.077	-0.111	-0.094	-0.093	-0.094	-0.093	-0.074	-0.067	-0.075	-0.193	-0.202	-0.737	-0.264	-0.234	-0.202	-0.250	-0.236	-0.267	-0.739	-0.213	-0.213	-0.266	-0.266	-0.221	-0.213	+0.038	-0.239	+0.676	-0.327	-0.017	-0.073	-0.027	-0.039	-0.330	-0.312	+2.712	+2.238	+2.426	+2.981	+0.134	+2.936	+3.025	+3.027	+2.086	-0.135	+2.103	+1.993	+2.969	+1.997	+1.987	+1.972	+1.961	+1.710	-0.242	+0.407	+1.633	+0.830	+0.835	+0.927	+0.906	+0.906	+1.134	+0.871	+0.441	+0.709	+0.843	+1.509	+0.801	+0.800	+0.798	+0.795	+0.791	+0.837	+0.418	+0.775	+0.809	+0.798	+0.837	+0.794	+0.793	+0.830	+0.811	+0.806	+0.814	+0.848	+0.443	+0.816	+0.820	+0.843	+0.788	+0.436	+0.843	+0.815	+0.843	+1.056	+0.812	+0.436	+0.812	+0.820	+1.079	+0.783	+0.426	+0.760	+0.802	+0.825	+0.419	+0.829	+0.829	+0.428	+0.428	+1.056	+0.789	+0.816	+1.055	+0.794	+0.780	+0.754	+0.742	+0.264	+0.527	+0.980	+0.981	+0.733	+0.749	+0.738	+0.991	+0.992	+1.021	+0.696	+0.667	+0.768	+0.537	+0.814	+0.814	+1.001	+0.990	+0.255	+0.213	+0.841	+0.830	+0.546	+0.993	+0.438	+0.475	+1.239	+1.030	+0.411	+0.471	+0.597	+1.394	+0.542	+0.509	+1.089	+0.571	+0.460	+0.464	+0.537	+0.537	+1.110	+0.538	+0.235	+0.236	+0.251	+0.022	+0.020	+0.550	+0.232	+0.220	+0.220	+0.229	+1.351	+0.219	-0.696	+0.220	+2.194	+0.225	
rs34786963     +0.214	+0.570	+0.544	+0.563	+0.565	+0.577	+0.560	+0.572	+0.577	+0.572	+0.335	+0.335	+0.579	+0.776	+0.807	+0.334	+0.320	+0.797	+0.769	+0.594	+0.334	+0.334	+0.769	+0.769	+0.334	+0.335	+0.383	+0.676	+0.793	+0.678	+0.368	+0.357	+0.379	+0.376	+0.714	+0.746	+2.519	+2.243	+2.353	+2.834	+0.599	+2.797	+2.877	+2.881	+2.090	+0.421	+2.082	+2.015	+2.835	+1.996	+1.988	+2.000	+1.989	+1.767	+0.369	+0.810	+1.731	+1.083	+1.094	+1.167	+1.152	+1.153	+1.336	+1.126	+0.822	+1.006	+1.105	+1.647	+1.075	+1.074	+1.073	+1.070	+1.068	+1.102	+0.806	+1.056	+1.082	+1.074	+1.103	+1.071	+1.071	+1.098	+1.084	+1.081	+1.088	+1.114	+0.826	+1.089	+1.093	+1.109	+1.081	+0.821	+1.108	+1.089	+1.108	+1.281	+1.087	+0.821	+1.086	+1.092	+1.299	+1.064	+0.814	+1.054	+1.079	+1.095	+0.808	+1.099	+1.099	+0.816	+0.816	+1.281	+1.069	+1.088	+1.281	+1.071	+1.062	+1.043	+1.035	+0.702	+0.892	+1.225	+1.226	+1.028	+1.041	+1.033	+1.234	+1.236	+1.258	+0.993	+0.970	+1.057	+0.907	+1.093	+1.093	+1.245	+1.239	+0.697	+0.667	+1.112	+1.104	+0.902	+1.229	+0.827	+0.847	+1.427	+1.259	+0.810	+0.889	+0.949	+1.560	+0.909	+0.917	+1.305	+0.929	+0.880	+0.886	+0.905	+0.906	+1.322	+0.906	+0.736	+0.737	+0.714	+0.591	+0.556	+0.934	+0.734	+0.692	+0.692	+0.732	+1.527	+0.691	+0.177	+0.692	+2.149	+0.695	
rs73156371     -0.744	-0.076	-0.109	-0.093	-0.091	-0.092	-0.091	-0.072	-0.065	-0.073	-0.192	-0.201	-0.736	-0.265	-0.235	-0.201	-0.248	-0.237	-0.268	-0.738	-0.212	-0.212	-0.267	-0.267	-0.219	-0.212	+0.039	-0.327	+0.678	-0.238	-0.016	-0.072	-0.024	-0.036	-0.329	-0.311	+2.714	+2.239	+2.428	+2.982	+0.135	+2.937	+3.026	+3.028	+2.087	-0.133	+2.104	+1.994	+2.971	+1.998	+1.988	+1.974	+1.963	+1.712	-0.241	+0.408	+1.635	+0.832	+0.836	+0.928	+0.907	+0.908	+1.135	+0.872	+0.443	+0.711	+0.844	+1.511	+0.803	+0.802	+0.800	+0.796	+0.793	+0.839	+0.419	+0.777	+0.811	+0.799	+0.838	+0.796	+0.795	+0.831	+0.812	+0.807	+0.816	+0.849	+0.444	+0.817	+0.822	+0.844	+0.789	+0.438	+0.844	+0.817	+0.844	+1.057	+0.814	+0.437	+0.813	+0.821	+1.080	+0.784	+0.427	+0.761	+0.804	+0.827	+0.420	+0.831	+0.831	+0.430	+0.430	+1.057	+0.790	+0.817	+1.057	+0.795	+0.781	+0.755	+0.743	+0.265	+0.528	+0.981	+0.982	+0.734	+0.751	+0.740	+0.992	+0.994	+1.023	+0.698	+0.668	+0.770	+0.539	+0.816	+0.816	+1.002	+0.992	+0.256	+0.214	+0.842	+0.832	+0.547	+0.995	+0.440	+0.476	+1.240	+1.031	+0.412	+0.472	+0.599	+1.396	+0.544	+0.510	+1.090	+0.573	+0.461	+0.465	+0.538	+0.539	+1.111	+0.539	+0.237	+0.237	+0.253	+0.023	+0.021	+0.551	+0.234	+0.221	+0.221	+0.230	+1.353	+0.221	-0.695	+0.221	+2.196	+0.226	
rs13231829     -0.418	+0.030	-0.001	+0.022	+0.023	+0.029	+0.017	+0.032	+0.038	+0.032	-0.165	-0.160	+0.152	+0.075	+0.104	-0.159	-0.199	+0.094	+0.068	+0.181	-0.152	-0.152	+0.068	+0.068	-0.151	-0.149	-0.023	-0.017	+0.368	-0.016	+0.042	-0.077	-0.281	-0.284	+0.016	+0.046	+2.213	+1.954	+1.919	+2.435	-0.018	+2.394	+2.477	+2.479	+1.800	-0.205	+1.634	+1.719	+2.426	+1.538	+1.529	+1.701	+1.690	+1.279	-0.266	+0.364	+1.376	+0.701	+0.569	+0.648	+0.631	+0.632	+0.973	+0.603	+0.228	+0.471	+0.581	+1.147	+0.546	+0.545	+0.544	+0.541	+0.538	+0.576	+0.211	+0.526	+0.554	+0.545	+0.578	+0.542	+0.541	+0.572	+0.556	+0.552	+0.560	+0.588	+0.232	+0.561	+0.565	+0.583	+0.671	+0.227	+0.583	+0.561	+0.583	+0.910	+0.558	+0.227	+0.558	+0.564	+0.930	+0.534	+0.219	+0.518	+0.550	+0.569	+0.213	+0.572	+0.572	+0.221	+0.221	+0.910	+0.539	+0.561	+0.910	+0.543	+0.531	+0.511	+0.500	+0.102	+0.329	+0.847	+0.848	+0.494	+0.507	+0.498	+0.856	+0.858	+0.882	+0.453	+0.430	+0.523	+0.312	+0.561	+0.561	+0.866	+0.857	+0.092	+0.060	+0.583	+0.575	+0.344	+0.709	+0.229	+0.309	+1.067	+0.739	+0.210	+0.376	+0.347	+1.190	+0.305	+0.408	+0.856	+0.327	+0.367	+0.373	+0.300	+0.301	+0.874	+0.301	+0.198	+0.198	+0.088	+0.036	-0.078	+0.317	+0.196	+0.065	+0.065	+0.193	+1.153	+0.064	-0.472	+0.065	+1.829	+0.068	
