## Summary of overall evidence for association with region:
## log10(BF for region) = 4.94242
## p-value for region = NA

## BFs for choosing among multi-SNP models:
## log10(average 1-SNP BF) = 5.01059
## log10(average 2-SNP BF) = 4.76201

## Example posterior probabilities for multi-SNP models, based on default prior: [p(l) propto 0.5^l for l=1,2,...,L]
## posterior probability of 1-SNP = 0.779978
## posterior probability of 2-SNP = 0.220022

## log10(BF) for single SNP and pair of SNPs:
rs59107391     +0.039	-0.071	+5.509	-0.070	-0.068	-0.083	+4.210	-0.063	-0.067	+0.060	-0.084	+0.071	-0.050	+4.385	+4.394	+5.849	+5.875	+4.444	-0.063	-0.064	-0.065	+0.270	-0.051	+0.120	+4.336	-0.043	-0.044	-0.044	+0.136	-0.085	-0.087	+0.237	-0.095	+0.201	+0.126	+4.250	+1.833	+1.934	-0.004	+1.953	+1.981	+1.871	+1.903	+1.904	+1.904	+1.903	+1.376	+1.362	+1.362	+1.903	+1.903	+1.901	+1.900	+1.875	+2.070	+1.988	+1.580	-0.471	-0.411	-0.467	-0.423	-0.412	-0.429	-0.426	-0.381	-0.354	-0.337	-0.326	
rs4129630      -0.071	+0.008	+5.491	-0.066	-0.063	-0.085	+4.184	-0.057	-0.065	+0.044	-0.086	+0.056	-0.039	+4.361	+4.370	+5.831	+5.858	+4.420	-0.062	-0.063	-0.063	+0.266	-0.046	+0.089	+4.312	-0.038	-0.038	-0.039	+0.104	-0.089	-0.092	+0.231	-0.102	+0.193	+0.094	+4.226	+1.805	+1.905	-0.033	+1.925	+1.953	+1.843	+1.875	+1.875	+1.876	+1.874	+1.348	+1.332	+1.332	+1.875	+1.875	+1.873	+1.872	+1.847	+2.042	+1.960	+1.555	-0.498	-0.439	-0.495	-0.451	-0.441	-0.456	-0.453	-0.408	-0.381	-0.364	-0.352	
rs4861065      +5.509	+5.491	+6.065	+5.492	+5.493	+5.489	+5.701	+5.498	+5.504	+5.777	+5.488	+5.787	+5.507	+5.745	+5.748	+6.330	+6.366	+5.765	+5.505	+5.504	+5.504	+5.540	+5.513	+5.619	+5.737	+5.519	+5.519	+5.519	+5.626	+5.494	+5.493	+5.526	+5.488	+5.515	+5.621	+5.719	+5.429	+5.411	+5.575	+5.407	+5.396	+5.420	+5.414	+5.413	+5.413	+5.412	+5.475	+5.481	+5.481	+5.412	+5.412	+5.410	+5.409	+5.412	+5.366	+5.371	+5.331	+5.381	+5.316	+5.355	+5.315	+5.316	+5.361	+5.381	+5.413	+5.442	+5.460	+5.471	
rs10027533     -0.070	-0.066	+5.492	+0.011	-0.062	-0.082	+4.186	-0.055	-0.063	+0.045	-0.083	+0.057	-0.037	+4.363	+4.371	+5.832	+5.859	+4.421	-0.060	-0.061	-0.062	+0.266	-0.045	+0.092	+4.314	-0.037	-0.037	-0.037	+0.107	-0.087	-0.090	+0.231	-0.099	+0.194	+0.097	+4.227	+1.811	+1.912	-0.031	+1.932	+1.959	+1.849	+1.881	+1.882	+1.882	+1.881	+1.353	+1.338	+1.338	+1.881	+1.881	+1.879	+1.878	+1.853	+2.048	+1.967	+1.560	-0.496	-0.437	-0.492	-0.449	-0.439	-0.453	-0.451	-0.406	-0.378	-0.361	-0.350	
rs9995944      -0.068	-0.063	+5.493	-0.062	+0.015	-0.079	+4.188	-0.052	-0.061	+0.047	-0.078	+0.059	-0.035	+4.365	+4.374	+5.833	+5.860	+4.423	-0.057	-0.058	-0.059	+0.267	-0.042	+0.096	+4.316	-0.035	-0.035	-0.035	+0.111	-0.084	-0.087	+0.232	-0.095	+0.195	+0.102	+4.230	+1.822	+1.922	-0.026	+1.942	+1.970	+1.860	+1.892	+1.892	+1.893	+1.891	+1.363	+1.347	+1.347	+1.892	+1.892	+1.890	+1.889	+1.864	+2.059	+1.977	+1.569	-0.491	-0.433	-0.488	-0.444	-0.434	-0.449	-0.446	-0.401	-0.374	-0.357	-0.345	
rs10020854     -0.083	-0.085	+5.489	-0.082	-0.079	-0.013	+4.173	-0.068	-0.075	+0.037	-0.103	+0.049	-0.045	+4.356	+4.365	+5.829	+5.856	+4.415	-0.067	-0.068	-0.069	+0.268	-0.049	+0.067	+4.307	-0.040	-0.040	-0.041	+0.082	-0.099	-0.102	+0.232	-0.113	+0.193	+0.072	+4.220	+1.766	+1.866	-0.054	+1.886	+1.913	+1.804	+1.836	+1.837	+1.837	+1.836	+1.312	+1.297	+1.297	+1.837	+1.837	+1.835	+1.833	+1.809	+2.005	+1.924	+1.526	-0.518	-0.459	-0.514	-0.471	-0.461	-0.476	-0.473	-0.428	-0.401	-0.384	-0.373	
rs4861305      +4.210	+4.184	+5.701	+4.186	+4.188	+4.173	+4.674	+4.195	+4.206	+4.516	+4.179	+4.528	+4.209	+4.822	+4.829	+6.002	+6.028	+4.853	+4.205	+4.205	+4.205	+4.324	+4.217	+4.299	+4.757	+4.226	+4.226	+4.226	+4.308	+4.188	+4.187	+4.305	+4.179	+4.280	+4.301	+4.693	+3.989	+4.001	+4.238	+4.004	+4.015	+3.995	+4.000	+4.000	+4.001	+4.001	+3.966	+3.966	+3.966	+4.001	+4.001	+4.002	+4.003	+4.000	+4.048	+4.034	+4.060	+4.002	+3.946	+3.978	+3.944	+3.946	+4.014	+4.023	+4.075	+4.108	+4.128	+4.140	
rs12331964     -0.063	-0.057	+5.498	-0.055	-0.052	-0.068	+4.195	+0.028	-0.054	+0.052	-0.066	+0.064	-0.030	+4.371	+4.380	+5.837	+5.864	+4.429	-0.050	-0.051	-0.051	+0.268	-0.036	+0.109	+4.322	-0.029	-0.030	-0.030	+0.124	-0.075	-0.078	+0.234	-0.085	+0.197	+0.114	+4.235	+1.849	+1.950	-0.015	+1.970	+1.998	+1.887	+1.919	+1.920	+1.920	+1.919	+1.387	+1.372	+1.372	+1.919	+1.919	+1.917	+1.916	+1.891	+2.087	+2.004	+1.591	-0.480	-0.421	-0.477	-0.433	-0.423	-0.438	-0.435	-0.390	-0.362	-0.345	-0.334	
rs12331974     -0.067	-0.065	+5.504	-0.063	-0.061	-0.075	+4.206	-0.054	+0.030	+0.053	-0.074	+0.064	-0.039	+4.381	+4.390	+5.844	+5.870	+4.439	-0.055	-0.056	-0.057	+0.267	-0.042	+0.112	+4.332	-0.035	-0.036	-0.036	+0.127	-0.079	-0.082	+0.232	-0.089	+0.196	+0.117	+4.245	+1.875	+1.977	-0.012	+1.997	+2.024	+1.914	+1.946	+1.947	+1.947	+1.945	+1.408	+1.393	+1.393	+1.946	+1.946	+1.944	+1.942	+1.917	+2.113	+2.030	+1.605	-0.478	-0.419	-0.475	-0.431	-0.421	-0.436	-0.433	-0.388	-0.361	-0.344	-0.333	
rs78800928     +0.060	+0.044	+5.777	+0.045	+0.047	+0.037	+4.516	+0.052	+0.053	+0.334	+0.035	+0.307	+0.064	+4.679	+4.688	+6.115	+6.142	+4.737	+0.061	+0.060	+0.060	+0.419	+0.071	+0.378	+4.630	+0.079	+0.078	+0.078	+0.394	+0.047	+0.045	+0.392	+0.039	+0.363	+0.384	+4.544	+1.911	+2.006	+0.236	+2.024	+2.068	+1.953	+1.980	+1.981	+1.983	+1.982	+1.501	+1.485	+1.486	+1.983	+1.983	+1.984	+1.983	+1.961	+2.158	+2.085	+1.744	-0.232	-0.180	-0.231	-0.191	-0.182	-0.188	-0.186	-0.139	-0.110	-0.093	-0.080	
rs58441171     -0.084	-0.086	+5.488	-0.083	-0.078	-0.103	+4.179	-0.066	-0.074	+0.035	-0.015	+0.047	-0.037	+4.356	+4.365	+5.828	+5.854	+4.414	-0.061	-0.063	-0.064	+0.267	-0.042	+0.064	+4.307	-0.033	-0.034	-0.034	+0.079	-0.095	-0.099	+0.231	-0.110	+0.192	+0.069	+4.220	+1.780	+1.880	-0.057	+1.902	+1.930	+1.820	+1.852	+1.852	+1.853	+1.851	+1.324	+1.309	+1.309	+1.852	+1.852	+1.850	+1.849	+1.824	+2.018	+1.937	+1.531	-0.519	-0.461	-0.516	-0.473	-0.463	-0.477	-0.474	-0.429	-0.402	-0.385	-0.374	
rs114219703    +0.071	+0.056	+5.787	+0.057	+0.059	+0.049	+4.528	+0.064	+0.064	+0.307	+0.047	+0.350	+0.075	+4.691	+4.700	+6.125	+6.152	+4.748	+0.072	+0.072	+0.071	+0.427	+0.082	+0.394	+4.641	+0.089	+0.089	+0.089	+0.409	+0.058	+0.057	+0.399	+0.050	+0.371	+0.400	+4.555	+1.939	+2.034	+0.251	+2.052	+2.097	+1.981	+2.009	+2.010	+2.011	+2.010	+1.528	+1.512	+1.512	+2.012	+2.012	+2.013	+2.012	+1.990	+2.187	+2.114	+1.769	-0.218	-0.166	-0.217	-0.177	-0.168	-0.174	-0.172	-0.124	-0.096	-0.078	-0.066	
rs10016940     -0.050	-0.039	+5.507	-0.037	-0.035	-0.045	+4.209	-0.030	-0.039	+0.064	-0.037	+0.075	+0.054	+4.383	+4.392	+5.845	+5.872	+4.441	-0.033	-0.033	-0.034	+0.271	-0.022	+0.136	+4.334	-0.017	-0.018	-0.018	+0.151	-0.054	-0.056	+0.237	-0.061	+0.201	+0.141	+4.248	+1.905	+2.007	+0.011	+2.027	+2.055	+1.943	+1.976	+1.976	+1.977	+1.975	+1.438	+1.422	+1.423	+1.976	+1.976	+1.973	+1.972	+1.947	+2.143	+2.060	+1.639	-0.456	-0.397	-0.452	-0.409	-0.399	-0.413	-0.411	-0.365	-0.338	-0.321	-0.309	
rs6818856      +4.385	+4.361	+5.745	+4.363	+4.365	+4.356	+4.822	+4.371	+4.381	+4.679	+4.356	+4.691	+4.383	+4.873	+4.905	+6.030	+6.054	+4.922	+4.380	+4.380	+4.379	+4.490	+4.391	+4.489	+4.855	+4.399	+4.399	+4.399	+4.498	+4.364	+4.363	+4.471	+4.356	+4.447	+4.491	+4.808	+4.174	+4.185	+4.428	+4.188	+4.197	+4.180	+4.184	+4.184	+4.185	+4.185	+4.156	+4.156	+4.156	+4.185	+4.185	+4.186	+4.187	+4.185	+4.228	+4.215	+4.239	+4.197	+4.137	+4.173	+4.136	+4.137	+4.207	+4.216	+4.268	+4.302	+4.322	+4.333	
rs6819483      +4.394	+4.370	+5.748	+4.371	+4.374	+4.365	+4.829	+4.380	+4.390	+4.688	+4.365	+4.700	+4.392	+4.905	+4.882	+6.031	+6.056	+4.926	+4.389	+4.388	+4.388	+4.498	+4.399	+4.498	+4.861	+4.408	+4.408	+4.408	+4.507	+4.373	+4.372	+4.479	+4.365	+4.456	+4.500	+4.815	+4.183	+4.194	+4.437	+4.196	+4.206	+4.189	+4.193	+4.193	+4.193	+4.194	+4.165	+4.165	+4.165	+4.194	+4.194	+4.195	+4.195	+4.193	+4.237	+4.224	+4.247	+4.207	+4.146	+4.182	+4.145	+4.146	+4.216	+4.225	+4.277	+4.311	+4.331	+4.343	
rs7669882      +5.849	+5.831	+6.330	+5.832	+5.833	+5.829	+6.002	+5.837	+5.844	+6.115	+5.828	+6.125	+5.845	+6.030	+6.031	+6.416	+6.460	+6.041	+5.842	+5.841	+5.841	+5.870	+5.849	+5.959	+6.022	+5.856	+5.855	+5.855	+5.965	+5.831	+5.830	+5.856	+5.826	+5.845	+5.960	+6.009	+5.809	+5.785	+5.915	+5.781	+5.766	+5.797	+5.789	+5.788	+5.787	+5.787	+5.863	+5.870	+5.870	+5.786	+5.786	+5.783	+5.783	+5.786	+5.723	+5.731	+5.672	+5.728	+5.658	+5.701	+5.658	+5.658	+5.703	+5.724	+5.755	+5.783	+5.802	+5.812	
rs6447450      +5.875	+5.858	+6.366	+5.859	+5.860	+5.856	+6.028	+5.864	+5.870	+6.142	+5.854	+6.152	+5.872	+6.054	+6.056	+6.460	+6.446	+6.065	+5.868	+5.868	+5.867	+5.894	+5.875	+5.987	+6.047	+5.881	+5.881	+5.881	+5.994	+5.858	+5.857	+5.881	+5.853	+5.870	+5.989	+6.034	+5.838	+5.814	+5.943	+5.810	+5.795	+5.826	+5.818	+5.817	+5.817	+5.816	+5.893	+5.900	+5.899	+5.815	+5.815	+5.812	+5.812	+5.816	+5.751	+5.760	+5.700	+5.757	+5.687	+5.730	+5.686	+5.687	+5.732	+5.752	+5.783	+5.812	+5.830	+5.841	
rs112419906    +4.444	+4.420	+5.765	+4.421	+4.423	+4.415	+4.853	+4.429	+4.439	+4.737	+4.414	+4.748	+4.441	+4.922	+4.926	+6.041	+6.065	+4.936	+4.436	+4.436	+4.435	+4.542	+4.446	+4.548	+4.918	+4.455	+4.455	+4.454	+4.557	+4.421	+4.419	+4.522	+4.412	+4.500	+4.551	+4.879	+4.233	+4.243	+4.488	+4.245	+4.254	+4.238	+4.242	+4.242	+4.243	+4.243	+4.217	+4.217	+4.217	+4.243	+4.243	+4.244	+4.244	+4.242	+4.283	+4.271	+4.293	+4.262	+4.199	+4.236	+4.197	+4.199	+4.268	+4.277	+4.328	+4.362	+4.382	+4.394	
rs9968307      -0.063	-0.062	+5.505	-0.060	-0.057	-0.067	+4.205	-0.050	-0.055	+0.061	-0.061	+0.072	-0.033	+4.380	+4.389	+5.842	+5.868	+4.436	+0.048	-0.024	-0.024	+0.272	-0.011	+0.128	+4.328	-0.002	-0.002	-0.003	+0.143	-0.039	-0.040	+0.239	-0.043	+0.202	+0.133	+4.242	+1.911	+2.014	+0.003	+2.033	+2.060	+1.949	+1.981	+1.982	+1.982	+1.981	+1.442	+1.426	+1.426	+1.981	+1.981	+1.979	+1.977	+1.952	+2.149	+2.065	+1.641	-0.461	-0.403	-0.458	-0.414	-0.404	-0.419	-0.416	-0.371	-0.344	-0.327	-0.315	
rs9968287      -0.064	-0.063	+5.504	-0.061	-0.058	-0.068	+4.205	-0.051	-0.056	+0.060	-0.063	+0.072	-0.033	+4.380	+4.388	+5.841	+5.868	+4.436	-0.024	+0.047	-0.025	+0.272	-0.011	+0.127	+4.328	-0.002	-0.002	-0.003	+0.142	-0.040	-0.041	+0.239	-0.044	+0.202	+0.132	+4.241	+1.909	+2.012	+0.002	+2.031	+2.059	+1.947	+1.979	+1.980	+1.980	+1.979	+1.440	+1.424	+1.425	+1.980	+1.979	+1.977	+1.976	+1.950	+2.147	+2.063	+1.640	-0.462	-0.403	-0.459	-0.415	-0.405	-0.420	-0.417	-0.372	-0.345	-0.328	-0.316	
rs9968322      -0.065	-0.063	+5.504	-0.062	-0.059	-0.069	+4.205	-0.051	-0.057	+0.060	-0.064	+0.071	-0.034	+4.379	+4.388	+5.841	+5.867	+4.435	-0.024	-0.025	+0.047	+0.272	-0.011	+0.126	+4.327	-0.002	-0.002	-0.003	+0.141	-0.040	-0.041	+0.239	-0.044	+0.202	+0.131	+4.241	+1.908	+2.011	+0.001	+2.030	+2.057	+1.946	+1.978	+1.979	+1.979	+1.978	+1.439	+1.423	+1.424	+1.978	+1.978	+1.976	+1.974	+1.949	+2.146	+2.062	+1.639	-0.463	-0.404	-0.459	-0.416	-0.406	-0.420	-0.418	-0.373	-0.345	-0.328	-0.317	
rs6447482      +0.270	+0.266	+5.540	+0.266	+0.267	+0.268	+4.324	+0.268	+0.267	+0.419	+0.267	+0.427	+0.271	+4.490	+4.498	+5.870	+5.894	+4.542	+0.272	+0.272	+0.272	+0.571	+0.275	+0.303	+4.437	+0.277	+0.277	+0.277	+0.307	+0.270	+0.270	+0.497	+0.269	+0.470	+0.304	+4.352	+3.799	+3.939	+0.278	+3.968	+4.014	+3.848	+3.890	+3.890	+3.889	+3.886	+3.083	+3.065	+3.065	+3.885	+3.885	+3.874	+3.871	+3.832	+4.051	+3.935	+3.118	+0.039	+0.092	+0.040	+0.080	+0.090	+0.082	+0.085	+0.130	+0.158	+0.174	+0.186	
rs9968324      -0.051	-0.046	+5.513	-0.045	-0.042	-0.049	+4.217	-0.036	-0.042	+0.071	-0.042	+0.082	-0.022	+4.391	+4.399	+5.849	+5.875	+4.446	-0.011	-0.011	-0.011	+0.275	+0.070	+0.149	+4.339	+0.005	+0.005	+0.005	+0.164	-0.020	-0.019	+0.242	-0.019	+0.206	+0.155	+4.252	+1.951	+2.055	+0.024	+2.074	+2.101	+1.989	+2.022	+2.023	+2.023	+2.021	+1.478	+1.463	+1.463	+2.022	+2.022	+2.019	+2.018	+1.992	+2.190	+2.106	+1.676	-0.442	-0.383	-0.439	-0.395	-0.385	-0.399	-0.397	-0.351	-0.324	-0.307	-0.295	
rs6447483      +0.120	+0.089	+5.619	+0.092	+0.096	+0.067	+4.299	+0.109	+0.112	+0.378	+0.064	+0.394	+0.136	+4.489	+4.498	+5.959	+5.987	+4.548	+0.128	+0.127	+0.126	+0.303	+0.149	-0.038	+4.440	+0.165	+0.164	+0.164	-0.095	+0.095	+0.091	+0.270	+0.074	+0.236	-0.101	+4.353	+1.245	+1.331	-0.181	+1.350	+1.389	+1.286	+1.310	+1.311	+1.313	+1.312	+0.894	+0.882	+0.882	+1.313	+1.314	+1.315	+1.315	+1.295	+1.485	+1.419	+1.201	-0.561	-0.513	-0.560	-0.524	-0.515	-0.524	-0.517	-0.479	-0.453	-0.437	-0.426	
rs7669053      +4.336	+4.312	+5.737	+4.314	+4.316	+4.307	+4.757	+4.322	+4.332	+4.630	+4.307	+4.641	+4.334	+4.855	+4.861	+6.022	+6.047	+4.918	+4.328	+4.328	+4.327	+4.437	+4.339	+4.440	+4.823	+4.347	+4.347	+4.347	+4.449	+4.312	+4.311	+4.417	+4.304	+4.395	+4.442	+4.800	+4.127	+4.138	+4.379	+4.140	+4.150	+4.133	+4.136	+4.137	+4.137	+4.137	+4.108	+4.108	+4.108	+4.138	+4.138	+4.139	+4.139	+4.137	+4.181	+4.168	+4.190	+4.152	+4.089	+4.126	+4.088	+4.089	+4.157	+4.167	+4.217	+4.251	+4.271	+4.282	
rs73146132     -0.043	-0.038	+5.519	-0.037	-0.035	-0.040	+4.226	-0.029	-0.035	+0.079	-0.033	+0.089	-0.017	+4.399	+4.408	+5.856	+5.881	+4.455	-0.002	-0.002	-0.002	+0.277	+0.005	+0.165	+4.347	+0.085	+0.017	+0.016	+0.180	-0.004	-0.002	+0.245	+0.002	+0.209	+0.170	+4.260	+1.983	+2.087	+0.038	+2.106	+2.134	+2.021	+2.054	+2.055	+2.055	+2.053	+1.508	+1.492	+1.492	+2.054	+2.054	+2.051	+2.050	+2.024	+2.220	+2.136	+1.702	-0.428	-0.369	-0.424	-0.381	-0.370	-0.385	-0.383	-0.337	-0.310	-0.293	-0.281	
rs113371220    -0.044	-0.038	+5.519	-0.037	-0.035	-0.040	+4.226	-0.030	-0.036	+0.078	-0.034	+0.089	-0.018	+4.399	+4.408	+5.855	+5.881	+4.455	-0.002	-0.002	-0.002	+0.277	+0.005	+0.164	+4.347	+0.017	+0.085	+0.016	+0.179	-0.004	-0.003	+0.245	+0.001	+0.209	+0.169	+4.260	+1.982	+2.086	+0.038	+2.105	+2.133	+2.020	+2.053	+2.054	+2.054	+2.053	+1.507	+1.491	+1.492	+2.053	+2.053	+2.050	+2.049	+2.023	+2.220	+2.135	+1.701	-0.428	-0.369	-0.425	-0.381	-0.371	-0.385	-0.383	-0.337	-0.310	-0.293	-0.281	
rs111639753    -0.044	-0.039	+5.519	-0.037	-0.035	-0.041	+4.226	-0.030	-0.036	+0.078	-0.034	+0.089	-0.018	+4.399	+4.408	+5.855	+5.881	+4.454	-0.003	-0.003	-0.003	+0.277	+0.005	+0.164	+4.347	+0.016	+0.016	+0.085	+0.179	-0.005	-0.003	+0.245	+0.001	+0.209	+0.169	+4.260	+1.982	+2.086	+0.037	+2.105	+2.132	+2.020	+2.052	+2.053	+2.053	+2.052	+1.506	+1.491	+1.491	+2.052	+2.052	+2.050	+2.048	+2.023	+2.219	+2.134	+1.701	-0.428	-0.369	-0.425	-0.381	-0.371	-0.386	-0.383	-0.338	-0.310	-0.293	-0.282	
rs4285123      +0.136	+0.104	+5.626	+0.107	+0.111	+0.082	+4.308	+0.124	+0.127	+0.394	+0.079	+0.409	+0.151	+4.498	+4.507	+5.965	+5.994	+4.557	+0.143	+0.142	+0.141	+0.307	+0.164	-0.095	+4.449	+0.180	+0.179	+0.179	-0.024	+0.110	+0.105	+0.275	+0.089	+0.240	-0.094	+4.362	+1.267	+1.353	-0.166	+1.372	+1.411	+1.308	+1.332	+1.333	+1.335	+1.334	+0.914	+0.902	+0.902	+1.335	+1.335	+1.337	+1.337	+1.317	+1.507	+1.441	+1.221	-0.549	-0.501	-0.548	-0.512	-0.502	-0.512	-0.504	-0.466	-0.440	-0.424	-0.413	
rs73146137     -0.085	-0.089	+5.494	-0.087	-0.084	-0.099	+4.188	-0.075	-0.079	+0.047	-0.095	+0.058	-0.054	+4.364	+4.373	+5.831	+5.858	+4.421	-0.039	-0.040	-0.040	+0.270	-0.020	+0.095	+4.312	-0.004	-0.004	-0.005	+0.110	+0.016	-0.061	+0.236	-0.068	+0.198	+0.100	+4.225	+1.849	+1.951	-0.028	+1.970	+1.997	+1.886	+1.918	+1.919	+1.920	+1.918	+1.385	+1.370	+1.370	+1.919	+1.919	+1.917	+1.915	+1.890	+2.086	+2.004	+1.589	-0.490	-0.432	-0.487	-0.444	-0.434	-0.448	-0.445	-0.400	-0.373	-0.356	-0.345	
rs56012618     -0.087	-0.092	+5.493	-0.090	-0.087	-0.102	+4.187	-0.078	-0.082	+0.045	-0.099	+0.057	-0.056	+4.363	+4.372	+5.830	+5.857	+4.419	-0.040	-0.041	-0.041	+0.270	-0.019	+0.091	+4.311	-0.002	-0.003	-0.003	+0.105	-0.061	+0.012	+0.235	-0.070	+0.197	+0.096	+4.224	+1.844	+1.946	-0.033	+1.965	+1.992	+1.882	+1.914	+1.914	+1.915	+1.913	+1.380	+1.365	+1.365	+1.914	+1.914	+1.912	+1.910	+1.885	+2.081	+1.999	+1.584	-0.494	-0.436	-0.491	-0.447	-0.437	-0.452	-0.449	-0.404	-0.377	-0.360	-0.349	
rs4861323      +0.237	+0.231	+5.526	+0.231	+0.232	+0.232	+4.305	+0.234	+0.232	+0.392	+0.231	+0.399	+0.237	+4.471	+4.479	+5.856	+5.881	+4.522	+0.239	+0.239	+0.239	+0.497	+0.242	+0.270	+4.417	+0.245	+0.245	+0.245	+0.275	+0.236	+0.235	+0.534	+0.235	+0.444	+0.272	+4.332	+3.721	+3.860	+0.244	+3.888	+3.935	+3.770	+3.811	+3.811	+3.810	+3.807	+3.012	+2.994	+2.994	+3.806	+3.806	+3.796	+3.792	+3.754	+3.973	+3.857	+3.052	+0.005	+0.058	+0.006	+0.046	+0.056	+0.048	+0.051	+0.096	+0.123	+0.140	+0.151	
rs55633891     -0.095	-0.102	+5.488	-0.099	-0.095	-0.113	+4.179	-0.085	-0.089	+0.039	-0.110	+0.050	-0.061	+4.356	+4.365	+5.826	+5.853	+4.412	-0.043	-0.044	-0.044	+0.269	-0.019	+0.074	+4.304	+0.002	+0.001	+0.001	+0.089	-0.068	-0.070	+0.235	-0.004	+0.196	+0.079	+4.217	+1.815	+1.917	-0.048	+1.936	+1.963	+1.853	+1.885	+1.886	+1.886	+1.885	+1.354	+1.339	+1.339	+1.885	+1.885	+1.883	+1.882	+1.857	+2.053	+1.970	+1.559	-0.509	-0.450	-0.505	-0.462	-0.452	-0.467	-0.464	-0.419	-0.392	-0.375	-0.363	
rs10009228     +0.201	+0.193	+5.515	+0.194	+0.195	+0.193	+4.280	+0.197	+0.196	+0.363	+0.192	+0.371	+0.201	+4.447	+4.456	+5.845	+5.870	+4.500	+0.202	+0.202	+0.202	+0.470	+0.206	+0.236	+4.395	+0.209	+0.209	+0.209	+0.240	+0.198	+0.197	+0.444	+0.196	+0.494	+0.237	+4.311	+3.679	+3.819	+0.208	+3.848	+3.895	+3.729	+3.770	+3.771	+3.770	+3.766	+2.967	+2.949	+2.950	+3.765	+3.765	+3.755	+3.751	+3.713	+3.933	+3.817	+2.984	-0.033	+0.021	-0.031	+0.009	+0.019	+0.010	+0.014	+0.058	+0.085	+0.102	+0.113	
rs4861327      +0.126	+0.094	+5.621	+0.097	+0.102	+0.072	+4.301	+0.114	+0.117	+0.384	+0.069	+0.400	+0.141	+4.491	+4.500	+5.960	+5.989	+4.551	+0.133	+0.132	+0.131	+0.304	+0.155	-0.101	+4.442	+0.170	+0.169	+0.169	-0.094	+0.100	+0.096	+0.272	+0.079	+0.237	-0.033	+4.355	+1.255	+1.342	-0.174	+1.360	+1.399	+1.296	+1.320	+1.322	+1.323	+1.323	+0.903	+0.891	+0.891	+1.324	+1.324	+1.326	+1.325	+1.306	+1.495	+1.430	+1.209	-0.557	-0.509	-0.556	-0.520	-0.510	-0.520	-0.512	-0.474	-0.449	-0.432	-0.422	
rs6819816      +4.250	+4.226	+5.719	+4.227	+4.230	+4.220	+4.693	+4.235	+4.245	+4.544	+4.220	+4.555	+4.248	+4.808	+4.815	+6.009	+6.034	+4.879	+4.242	+4.241	+4.241	+4.352	+4.252	+4.353	+4.800	+4.260	+4.260	+4.260	+4.362	+4.225	+4.224	+4.332	+4.217	+4.311	+4.355	+4.731	+4.041	+4.053	+4.292	+4.055	+4.065	+4.047	+4.051	+4.052	+4.052	+4.052	+4.021	+4.021	+4.021	+4.053	+4.053	+4.054	+4.054	+4.052	+4.097	+4.083	+4.106	+4.063	+4.001	+4.038	+4.000	+4.001	+4.069	+4.079	+4.129	+4.162	+4.182	+4.194	
rs9999218      +1.833	+1.805	+5.429	+1.811	+1.822	+1.766	+3.989	+1.849	+1.875	+1.911	+1.780	+1.939	+1.905	+4.174	+4.183	+5.809	+5.838	+4.233	+1.911	+1.909	+1.908	+3.799	+1.951	+1.245	+4.127	+1.983	+1.982	+1.982	+1.267	+1.849	+1.844	+3.721	+1.815	+3.679	+1.255	+4.041	+0.746	+0.732	+1.116	+0.741	+0.739	+0.690	+0.705	+0.705	+0.704	+0.703	+0.535	+0.538	+0.538	+0.702	+0.702	+0.697	+0.696	+0.682	+0.761	+0.715	+0.587	+0.244	+0.242	+0.233	+0.236	+0.241	+0.272	+0.282	+0.320	+0.346	+0.364	+0.374	
rs10006948     +1.934	+1.905	+5.411	+1.912	+1.922	+1.866	+4.001	+1.950	+1.977	+2.006	+1.880	+2.034	+2.007	+4.185	+4.194	+5.785	+5.814	+4.243	+2.014	+2.012	+2.011	+3.939	+2.055	+1.331	+4.138	+2.087	+2.086	+2.086	+1.353	+1.951	+1.946	+3.860	+1.917	+3.819	+1.342	+4.053	+0.732	+0.817	+1.201	+0.759	+0.756	+0.732	+0.738	+0.737	+0.737	+0.735	+0.617	+0.623	+0.623	+0.735	+0.735	+0.729	+0.728	+0.719	+0.777	+0.737	+0.627	+0.312	+0.309	+0.301	+0.303	+0.308	+0.340	+0.350	+0.388	+0.414	+0.432	+0.442	
rs10001738     -0.004	-0.033	+5.575	-0.031	-0.026	-0.054	+4.238	-0.015	-0.012	+0.236	-0.057	+0.251	+0.011	+4.428	+4.437	+5.915	+5.943	+4.488	+0.003	+0.002	+0.001	+0.278	+0.024	-0.181	+4.379	+0.038	+0.038	+0.037	-0.166	-0.028	-0.033	+0.244	-0.048	+0.208	-0.174	+4.292	+1.116	+1.201	-0.138	+1.218	+1.256	+1.155	+1.180	+1.181	+1.182	+1.182	+0.772	+0.759	+0.760	+1.183	+1.183	+1.185	+1.185	+1.166	+1.353	+1.289	+1.074	-0.646	-0.599	-0.645	-0.609	-0.600	-0.610	-0.602	-0.564	-0.539	-0.523	-0.512	
rs56235579     +1.953	+1.925	+5.407	+1.932	+1.942	+1.886	+4.004	+1.970	+1.997	+2.024	+1.902	+2.052	+2.027	+4.188	+4.196	+5.781	+5.810	+4.245	+2.033	+2.031	+2.030	+3.968	+2.074	+1.350	+4.140	+2.106	+2.105	+2.105	+1.372	+1.970	+1.965	+3.888	+1.936	+3.848	+1.360	+4.055	+0.741	+0.759	+1.218	+0.831	+0.764	+0.748	+0.752	+0.751	+0.750	+0.749	+0.637	+0.645	+0.645	+0.748	+0.748	+0.742	+0.741	+0.732	+0.783	+0.745	+0.635	+0.325	+0.322	+0.314	+0.316	+0.321	+0.353	+0.363	+0.401	+0.427	+0.445	+0.455	
rs10004757     +1.981	+1.953	+5.396	+1.959	+1.970	+1.913	+4.015	+1.998	+2.024	+2.068	+1.930	+2.097	+2.055	+4.197	+4.206	+5.766	+5.795	+4.254	+2.060	+2.059	+2.057	+4.014	+2.101	+1.389	+4.150	+2.134	+2.133	+2.132	+1.411	+1.997	+1.992	+3.935	+1.963	+3.895	+1.399	+4.065	+0.739	+0.756	+1.256	+0.764	+0.858	+0.752	+0.755	+0.755	+0.754	+0.754	+0.661	+0.668	+0.668	+0.753	+0.753	+0.749	+0.748	+0.741	+0.789	+0.753	+0.652	+0.352	+0.347	+0.340	+0.341	+0.346	+0.377	+0.388	+0.425	+0.450	+0.468	+0.478	
rs10004946     +1.871	+1.843	+5.420	+1.849	+1.860	+1.804	+3.995	+1.887	+1.914	+1.953	+1.820	+1.981	+1.943	+4.180	+4.189	+5.797	+5.826	+4.238	+1.949	+1.947	+1.946	+3.848	+1.989	+1.286	+4.133	+2.021	+2.020	+2.020	+1.308	+1.886	+1.882	+3.770	+1.853	+3.729	+1.296	+4.047	+0.690	+0.732	+1.155	+0.748	+0.752	+0.779	+0.727	+0.727	+0.727	+0.726	+0.576	+0.581	+0.581	+0.725	+0.725	+0.721	+0.719	+0.707	+0.774	+0.729	+0.605	+0.275	+0.272	+0.264	+0.266	+0.272	+0.303	+0.312	+0.351	+0.377	+0.394	+0.405	
rs12643731     +1.903	+1.875	+5.414	+1.881	+1.892	+1.836	+4.000	+1.919	+1.946	+1.980	+1.852	+2.009	+1.976	+4.184	+4.193	+5.789	+5.818	+4.242	+1.981	+1.979	+1.978	+3.890	+2.022	+1.310	+4.136	+2.054	+2.053	+2.052	+1.332	+1.918	+1.914	+3.811	+1.885	+3.770	+1.320	+4.051	+0.705	+0.738	+1.180	+0.752	+0.755	+0.727	+0.800	+0.738	+0.739	+0.738	+0.603	+0.609	+0.609	+0.738	+0.738	+0.735	+0.734	+0.723	+0.782	+0.739	+0.616	+0.295	+0.292	+0.284	+0.286	+0.291	+0.323	+0.333	+0.371	+0.397	+0.415	+0.425	
rs12640983     +1.904	+1.875	+5.413	+1.882	+1.892	+1.837	+4.000	+1.920	+1.947	+1.981	+1.852	+2.010	+1.976	+4.184	+4.193	+5.788	+5.817	+4.242	+1.982	+1.980	+1.979	+3.890	+2.023	+1.311	+4.137	+2.055	+2.054	+2.053	+1.333	+1.919	+1.914	+3.811	+1.886	+3.771	+1.322	+4.052	+0.705	+0.737	+1.181	+0.751	+0.755	+0.727	+0.738	+0.801	+0.739	+0.739	+0.604	+0.611	+0.611	+0.739	+0.739	+0.737	+0.735	+0.725	+0.783	+0.740	+0.617	+0.297	+0.293	+0.285	+0.287	+0.293	+0.324	+0.334	+0.372	+0.398	+0.416	+0.426	
rs13142147     +1.904	+1.876	+5.413	+1.882	+1.893	+1.837	+4.001	+1.920	+1.947	+1.983	+1.853	+2.011	+1.977	+4.185	+4.193	+5.787	+5.817	+4.243	+1.982	+1.980	+1.979	+3.889	+2.023	+1.313	+4.137	+2.055	+2.054	+2.053	+1.335	+1.920	+1.915	+3.810	+1.886	+3.770	+1.323	+4.052	+0.704	+0.737	+1.182	+0.750	+0.754	+0.727	+0.739	+0.739	+0.802	+0.740	+0.606	+0.613	+0.613	+0.741	+0.741	+0.739	+0.738	+0.727	+0.784	+0.742	+0.618	+0.298	+0.294	+0.287	+0.288	+0.294	+0.325	+0.335	+0.373	+0.399	+0.417	+0.427	
rs4410561      +1.903	+1.874	+5.412	+1.881	+1.891	+1.836	+4.001	+1.919	+1.945	+1.982	+1.851	+2.010	+1.975	+4.185	+4.194	+5.787	+5.816	+4.243	+1.981	+1.979	+1.978	+3.886	+2.021	+1.312	+4.137	+2.053	+2.053	+2.052	+1.334	+1.918	+1.913	+3.807	+1.885	+3.766	+1.323	+4.052	+0.703	+0.735	+1.182	+0.749	+0.754	+0.726	+0.738	+0.739	+0.740	+0.802	+0.606	+0.612	+0.612	+0.741	+0.741	+0.740	+0.739	+0.728	+0.785	+0.742	+0.618	+0.298	+0.294	+0.287	+0.288	+0.294	+0.325	+0.335	+0.373	+0.399	+0.417	+0.427	
rs13130521     +1.376	+1.348	+5.475	+1.353	+1.363	+1.312	+3.966	+1.387	+1.408	+1.501	+1.324	+1.528	+1.438	+4.156	+4.165	+5.863	+5.893	+4.217	+1.442	+1.440	+1.439	+3.083	+1.478	+0.894	+4.108	+1.508	+1.507	+1.506	+0.914	+1.385	+1.380	+3.012	+1.354	+2.967	+0.903	+4.021	+0.535	+0.617	+0.772	+0.637	+0.661	+0.576	+0.603	+0.604	+0.606	+0.606	+0.470	+0.382	+0.383	+0.608	+0.608	+0.609	+0.609	+0.589	+0.726	+0.661	+0.465	-0.024	-0.018	-0.033	-0.025	-0.019	+0.005	+0.016	+0.053	+0.078	+0.095	+0.105	
rs34600608     +1.362	+1.332	+5.481	+1.338	+1.347	+1.297	+3.966	+1.372	+1.393	+1.485	+1.309	+1.512	+1.422	+4.156	+4.165	+5.870	+5.900	+4.217	+1.426	+1.424	+1.423	+3.065	+1.463	+0.882	+4.108	+1.492	+1.491	+1.491	+0.902	+1.370	+1.365	+2.994	+1.339	+2.949	+0.891	+4.021	+0.538	+0.623	+0.759	+0.645	+0.668	+0.581	+0.609	+0.611	+0.613	+0.612	+0.382	+0.459	+0.382	+0.614	+0.614	+0.616	+0.615	+0.594	+0.733	+0.666	+0.460	-0.034	-0.029	-0.043	-0.036	-0.030	-0.005	+0.005	+0.042	+0.067	+0.085	+0.095	
rs13130529     +1.362	+1.332	+5.481	+1.338	+1.347	+1.297	+3.966	+1.372	+1.393	+1.486	+1.309	+1.512	+1.423	+4.156	+4.165	+5.870	+5.899	+4.217	+1.426	+1.425	+1.424	+3.065	+1.463	+0.882	+4.108	+1.492	+1.492	+1.491	+0.902	+1.370	+1.365	+2.994	+1.339	+2.950	+0.891	+4.021	+0.538	+0.623	+0.760	+0.645	+0.668	+0.581	+0.609	+0.611	+0.613	+0.612	+0.383	+0.382	+0.459	+0.614	+0.614	+0.616	+0.615	+0.594	+0.733	+0.666	+0.460	-0.034	-0.029	-0.043	-0.035	-0.029	-0.005	+0.005	+0.042	+0.067	+0.085	+0.095	
rs12504274     +1.903	+1.875	+5.412	+1.881	+1.892	+1.837	+4.001	+1.919	+1.946	+1.983	+1.852	+2.012	+1.976	+4.185	+4.194	+5.786	+5.815	+4.243	+1.981	+1.980	+1.978	+3.885	+2.022	+1.313	+4.138	+2.054	+2.053	+2.052	+1.335	+1.919	+1.914	+3.806	+1.885	+3.765	+1.324	+4.053	+0.702	+0.735	+1.183	+0.748	+0.753	+0.725	+0.738	+0.739	+0.741	+0.741	+0.608	+0.614	+0.614	+0.804	+0.742	+0.741	+0.741	+0.730	+0.786	+0.744	+0.618	+0.299	+0.295	+0.288	+0.289	+0.295	+0.326	+0.336	+0.374	+0.400	+0.418	+0.428	
rs12502470     +1.903	+1.875	+5.412	+1.881	+1.892	+1.837	+4.001	+1.919	+1.946	+1.983	+1.852	+2.012	+1.976	+4.185	+4.194	+5.786	+5.815	+4.243	+1.981	+1.979	+1.978	+3.885	+2.022	+1.314	+4.138	+2.054	+2.053	+2.052	+1.335	+1.919	+1.914	+3.806	+1.885	+3.765	+1.324	+4.053	+0.702	+0.735	+1.183	+0.748	+0.753	+0.725	+0.738	+0.739	+0.741	+0.741	+0.608	+0.614	+0.614	+0.742	+0.804	+0.742	+0.741	+0.730	+0.787	+0.744	+0.618	+0.299	+0.296	+0.288	+0.290	+0.295	+0.326	+0.336	+0.374	+0.400	+0.418	+0.428	
rs4640703      +1.901	+1.873	+5.410	+1.879	+1.890	+1.835	+4.002	+1.917	+1.944	+1.984	+1.850	+2.013	+1.973	+4.186	+4.195	+5.783	+5.812	+4.244	+1.979	+1.977	+1.976	+3.874	+2.019	+1.315	+4.139	+2.051	+2.050	+2.050	+1.337	+1.917	+1.912	+3.796	+1.883	+3.755	+1.326	+4.054	+0.697	+0.729	+1.185	+0.742	+0.749	+0.721	+0.735	+0.737	+0.739	+0.740	+0.609	+0.616	+0.616	+0.741	+0.742	+0.806	+0.745	+0.735	+0.791	+0.748	+0.619	+0.302	+0.298	+0.291	+0.292	+0.297	+0.328	+0.339	+0.377	+0.402	+0.420	+0.430	
rs4608843      +1.900	+1.872	+5.409	+1.878	+1.889	+1.833	+4.003	+1.916	+1.942	+1.983	+1.849	+2.012	+1.972	+4.187	+4.195	+5.783	+5.812	+4.244	+1.977	+1.976	+1.974	+3.871	+2.018	+1.315	+4.139	+2.050	+2.049	+2.048	+1.337	+1.915	+1.910	+3.792	+1.882	+3.751	+1.325	+4.054	+0.696	+0.728	+1.185	+0.741	+0.748	+0.719	+0.734	+0.735	+0.738	+0.739	+0.609	+0.615	+0.615	+0.741	+0.741	+0.745	+0.807	+0.735	+0.791	+0.748	+0.619	+0.302	+0.298	+0.291	+0.292	+0.297	+0.329	+0.339	+0.377	+0.402	+0.420	+0.430	
rs4321669      +1.875	+1.847	+5.412	+1.853	+1.864	+1.809	+4.000	+1.891	+1.917	+1.961	+1.824	+1.990	+1.947	+4.185	+4.193	+5.786	+5.816	+4.242	+1.952	+1.950	+1.949	+3.832	+1.992	+1.295	+4.137	+2.024	+2.023	+2.023	+1.317	+1.890	+1.885	+3.754	+1.857	+3.713	+1.306	+4.052	+0.682	+0.719	+1.166	+0.732	+0.741	+0.707	+0.723	+0.725	+0.727	+0.728	+0.589	+0.594	+0.594	+0.730	+0.730	+0.735	+0.735	+0.791	+0.789	+0.744	+0.611	+0.287	+0.283	+0.276	+0.277	+0.283	+0.314	+0.324	+0.362	+0.388	+0.405	+0.416	
rs13130479     +2.070	+2.042	+5.366	+2.048	+2.059	+2.005	+4.048	+2.087	+2.113	+2.158	+2.018	+2.187	+2.143	+4.228	+4.237	+5.723	+5.751	+4.283	+2.149	+2.147	+2.146	+4.051	+2.190	+1.485	+4.181	+2.220	+2.220	+2.219	+1.507	+2.086	+2.081	+3.973	+2.053	+3.933	+1.495	+4.097	+0.761	+0.777	+1.353	+0.783	+0.789	+0.774	+0.782	+0.783	+0.784	+0.785	+0.726	+0.733	+0.733	+0.786	+0.787	+0.791	+0.791	+0.789	+0.957	+0.880	+0.709	+0.446	+0.441	+0.435	+0.435	+0.440	+0.473	+0.482	+0.521	+0.547	+0.565	+0.575	
rs13112807     +1.988	+1.960	+5.371	+1.967	+1.977	+1.924	+4.034	+2.004	+2.030	+2.085	+1.937	+2.114	+2.060	+4.215	+4.224	+5.731	+5.760	+4.271	+2.065	+2.063	+2.062	+3.935	+2.106	+1.419	+4.168	+2.136	+2.135	+2.134	+1.441	+2.004	+1.999	+3.857	+1.970	+3.817	+1.430	+4.083	+0.715	+0.737	+1.289	+0.745	+0.753	+0.729	+0.739	+0.740	+0.742	+0.742	+0.661	+0.666	+0.666	+0.744	+0.744	+0.748	+0.748	+0.744	+0.880	+0.904	+0.675	+0.395	+0.390	+0.383	+0.384	+0.389	+0.421	+0.431	+0.470	+0.496	+0.514	+0.524	
rs10021851     +1.580	+1.555	+5.331	+1.560	+1.569	+1.526	+4.060	+1.591	+1.605	+1.744	+1.531	+1.769	+1.639	+4.239	+4.247	+5.672	+5.700	+4.293	+1.641	+1.640	+1.639	+3.118	+1.676	+1.201	+4.190	+1.702	+1.701	+1.701	+1.221	+1.589	+1.584	+3.052	+1.559	+2.984	+1.209	+4.106	+0.587	+0.627	+1.074	+0.635	+0.652	+0.605	+0.616	+0.617	+0.618	+0.618	+0.465	+0.460	+0.460	+0.618	+0.618	+0.619	+0.619	+0.611	+0.709	+0.675	+0.775	+0.268	+0.276	+0.260	+0.269	+0.275	+0.292	+0.305	+0.337	+0.361	+0.378	+0.390	
rs6851934      -0.471	-0.498	+5.381	-0.496	-0.491	-0.518	+4.002	-0.480	-0.478	-0.232	-0.519	-0.218	-0.456	+4.197	+4.207	+5.728	+5.757	+4.262	-0.461	-0.462	-0.463	+0.039	-0.442	-0.561	+4.152	-0.428	-0.428	-0.428	-0.549	-0.490	-0.494	+0.005	-0.509	-0.033	-0.557	+4.063	+0.244	+0.312	-0.646	+0.325	+0.352	+0.275	+0.295	+0.297	+0.298	+0.298	-0.024	-0.034	-0.034	+0.299	+0.299	+0.302	+0.302	+0.287	+0.446	+0.395	+0.268	-0.611	-0.623	-0.768	-0.678	-0.642	-1.026	-1.020	-0.980	-0.953	-0.937	-0.926	
rs278984       -0.411	-0.439	+5.316	-0.437	-0.433	-0.459	+3.946	-0.421	-0.419	-0.180	-0.461	-0.166	-0.397	+4.137	+4.146	+5.658	+5.687	+4.199	-0.403	-0.403	-0.404	+0.092	-0.383	-0.513	+4.089	-0.369	-0.369	-0.369	-0.501	-0.432	-0.436	+0.058	-0.450	+0.021	-0.509	+4.001	+0.242	+0.309	-0.599	+0.322	+0.347	+0.272	+0.292	+0.293	+0.294	+0.294	-0.018	-0.029	-0.029	+0.295	+0.296	+0.298	+0.298	+0.283	+0.441	+0.390	+0.276	-0.623	-0.556	-0.674	-0.693	-0.692	-0.966	-0.963	-0.916	-0.888	-0.870	-0.859	
rs278985       -0.467	-0.495	+5.355	-0.492	-0.488	-0.514	+3.978	-0.477	-0.475	-0.231	-0.516	-0.217	-0.452	+4.173	+4.182	+5.701	+5.730	+4.236	-0.458	-0.459	-0.459	+0.040	-0.439	-0.560	+4.126	-0.424	-0.425	-0.425	-0.548	-0.487	-0.491	+0.006	-0.505	-0.031	-0.556	+4.038	+0.233	+0.301	-0.645	+0.314	+0.340	+0.264	+0.284	+0.285	+0.287	+0.287	-0.033	-0.043	-0.043	+0.288	+0.288	+0.291	+0.291	+0.276	+0.435	+0.383	+0.260	-0.768	-0.674	-0.609	-0.715	-0.684	-1.021	-1.016	-0.974	-0.947	-0.930	-0.920	
rs278986       -0.423	-0.451	+5.315	-0.449	-0.444	-0.471	+3.944	-0.433	-0.431	-0.191	-0.473	-0.177	-0.409	+4.136	+4.145	+5.658	+5.686	+4.197	-0.414	-0.415	-0.416	+0.080	-0.395	-0.524	+4.088	-0.381	-0.381	-0.381	-0.512	-0.444	-0.447	+0.046	-0.462	+0.009	-0.520	+4.000	+0.236	+0.303	-0.609	+0.316	+0.341	+0.266	+0.286	+0.287	+0.288	+0.288	-0.025	-0.036	-0.035	+0.289	+0.290	+0.292	+0.292	+0.277	+0.435	+0.384	+0.269	-0.678	-0.693	-0.715	-0.568	-0.696	-0.978	-0.974	-0.928	-0.900	-0.883	-0.872	
rs278987       -0.412	-0.441	+5.316	-0.439	-0.434	-0.461	+3.946	-0.423	-0.421	-0.182	-0.463	-0.168	-0.399	+4.137	+4.146	+5.658	+5.687	+4.199	-0.404	-0.405	-0.406	+0.090	-0.385	-0.515	+4.089	-0.370	-0.371	-0.371	-0.502	-0.434	-0.437	+0.056	-0.452	+0.019	-0.510	+4.001	+0.241	+0.308	-0.600	+0.321	+0.346	+0.272	+0.291	+0.293	+0.294	+0.294	-0.019	-0.030	-0.029	+0.295	+0.295	+0.297	+0.297	+0.283	+0.440	+0.389	+0.275	-0.642	-0.692	-0.684	-0.696	-0.558	-0.968	-0.964	-0.918	-0.890	-0.872	-0.861	
rs1688939      -0.429	-0.456	+5.361	-0.453	-0.449	-0.476	+4.014	-0.438	-0.436	-0.188	-0.477	-0.174	-0.413	+4.207	+4.216	+5.703	+5.732	+4.268	-0.419	-0.420	-0.420	+0.082	-0.399	-0.524	+4.157	-0.385	-0.385	-0.386	-0.512	-0.448	-0.452	+0.048	-0.467	+0.010	-0.520	+4.069	+0.272	+0.340	-0.610	+0.353	+0.377	+0.303	+0.323	+0.324	+0.325	+0.325	+0.005	-0.005	-0.005	+0.326	+0.326	+0.328	+0.329	+0.314	+0.473	+0.421	+0.292	-1.026	-0.966	-1.021	-0.978	-0.968	-0.573	-0.858	-0.594	-0.555	-0.507	-0.484	
rs62304570     -0.426	-0.453	+5.381	-0.451	-0.446	-0.473	+4.023	-0.435	-0.433	-0.186	-0.474	-0.172	-0.411	+4.216	+4.225	+5.724	+5.752	+4.277	-0.416	-0.417	-0.418	+0.085	-0.397	-0.517	+4.167	-0.383	-0.383	-0.383	-0.504	-0.445	-0.449	+0.051	-0.464	+0.014	-0.512	+4.079	+0.282	+0.350	-0.602	+0.363	+0.388	+0.312	+0.333	+0.334	+0.335	+0.335	+0.016	+0.005	+0.005	+0.336	+0.336	+0.339	+0.339	+0.324	+0.482	+0.431	+0.305	-1.020	-0.963	-1.016	-0.974	-0.964	-0.858	-0.566	-0.792	-0.756	-0.732	-0.717	
rs2102162      -0.381	-0.408	+5.413	-0.406	-0.401	-0.428	+4.075	-0.390	-0.388	-0.139	-0.429	-0.124	-0.365	+4.268	+4.277	+5.755	+5.783	+4.328	-0.371	-0.372	-0.373	+0.130	-0.351	-0.479	+4.217	-0.337	-0.337	-0.338	-0.466	-0.400	-0.404	+0.096	-0.419	+0.058	-0.474	+4.129	+0.320	+0.388	-0.564	+0.401	+0.425	+0.351	+0.371	+0.372	+0.373	+0.373	+0.053	+0.042	+0.042	+0.374	+0.374	+0.377	+0.377	+0.362	+0.521	+0.470	+0.337	-0.980	-0.916	-0.974	-0.928	-0.918	-0.594	-0.792	-0.525	-0.643	-0.623	-0.611	
rs373103       -0.354	-0.381	+5.442	-0.378	-0.374	-0.401	+4.108	-0.362	-0.361	-0.110	-0.402	-0.096	-0.338	+4.302	+4.311	+5.783	+5.812	+4.362	-0.344	-0.345	-0.345	+0.158	-0.324	-0.453	+4.251	-0.310	-0.310	-0.310	-0.440	-0.373	-0.377	+0.123	-0.392	+0.085	-0.449	+4.162	+0.346	+0.414	-0.539	+0.427	+0.450	+0.377	+0.397	+0.398	+0.399	+0.399	+0.078	+0.067	+0.067	+0.400	+0.400	+0.402	+0.402	+0.388	+0.547	+0.496	+0.361	-0.953	-0.888	-0.947	-0.900	-0.890	-0.555	-0.756	-0.643	-0.499	-0.623	-0.619	
rs6819008      -0.337	-0.364	+5.460	-0.361	-0.357	-0.384	+4.128	-0.345	-0.344	-0.093	-0.385	-0.078	-0.321	+4.322	+4.331	+5.802	+5.830	+4.382	-0.327	-0.328	-0.328	+0.174	-0.307	-0.437	+4.271	-0.293	-0.293	-0.293	-0.424	-0.356	-0.360	+0.140	-0.375	+0.102	-0.432	+4.182	+0.364	+0.432	-0.523	+0.445	+0.468	+0.394	+0.415	+0.416	+0.417	+0.417	+0.095	+0.085	+0.085	+0.418	+0.418	+0.420	+0.420	+0.405	+0.565	+0.514	+0.378	-0.937	-0.870	-0.930	-0.883	-0.872	-0.507	-0.732	-0.623	-0.623	-0.482	-0.607	
rs6818804      -0.326	-0.352	+5.471	-0.350	-0.345	-0.373	+4.140	-0.334	-0.333	-0.080	-0.374	-0.066	-0.309	+4.333	+4.343	+5.812	+5.841	+4.394	-0.315	-0.316	-0.317	+0.186	-0.295	-0.426	+4.282	-0.281	-0.281	-0.282	-0.413	-0.345	-0.349	+0.151	-0.363	+0.113	-0.422	+4.194	+0.374	+0.442	-0.512	+0.455	+0.478	+0.405	+0.425	+0.426	+0.427	+0.427	+0.105	+0.095	+0.095	+0.428	+0.428	+0.430	+0.430	+0.416	+0.575	+0.524	+0.390	-0.926	-0.859	-0.920	-0.872	-0.861	-0.484	-0.717	-0.611	-0.619	-0.607	-0.470	

## posterior probabilities for single SNP and pair of SNPs:
rs59107391     +0.000	+0.000	+0.001	+0.000	+0.000	+0.000	+0.000	+0.000	+0.000	+0.000	+0.000	+0.000	+0.000	+0.000	+0.000	+0.002	+0.002	+0.000	+0.000	+0.000	+0.000	+0.000	+0.000	+0.000	+0.000	+0.000	+0.000	+0.000	+0.000	+0.000	+0.000	+0.000	+0.000	+0.000	+0.000	+0.000	+0.000	+0.000	+0.000	+0.000	+0.000	+0.000	+0.000	+0.000	+0.000	+0.000	+0.000	+0.000	+0.000	+0.000	+0.000	+0.000	+0.000	+0.000	+0.000	+0.000	+0.000	+0.000	+0.000	+0.000	+0.000	+0.000	+0.000	+0.000	+0.000	+0.000	+0.000	+0.000	
rs4129630      +0.000	+0.000	+0.001	+0.000	+0.000	+0.000	+0.000	+0.000	+0.000	+0.000	+0.000	+0.000	+0.000	+0.000	+0.000	+0.002	+0.002	+0.000	+0.000	+0.000	+0.000	+0.000	+0.000	+0.000	+0.000	+0.000	+0.000	+0.000	+0.000	+0.000	+0.000	+0.000	+0.000	+0.000	+0.000	+0.000	+0.000	+0.000	+0.000	+0.000	+0.000	+0.000	+0.000	+0.000	+0.000	+0.000	+0.000	+0.000	+0.000	+0.000	+0.000	+0.000	+0.000	+0.000	+0.000	+0.000	+0.000	+0.000	+0.000	+0.000	+0.000	+0.000	+0.000	+0.000	+0.000	+0.000	+0.000	+0.000	
rs4861065      +0.001	+0.001	+0.107	+0.001	+0.001	+0.001	+0.001	+0.001	+0.001	+0.002	+0.001	+0.002	+0.001	+0.002	+0.002	+0.006	+0.006	+0.002	+0.001	+0.001	+0.001	+0.001	+0.001	+0.001	+0.001	+0.001	+0.001	+0.001	+0.001	+0.001	+0.001	+0.001	+0.001	+0.001	+0.001	+0.001	+0.001	+0.001	+0.001	+0.001	+0.001	+0.001	+0.001	+0.001	+0.001	+0.001	+0.001	+0.001	+0.001	+0.001	+0.001	+0.001	+0.001	+0.001	+0.001	+0.001	+0.001	+0.001	+0.001	+0.001	+0.001	+0.001	+0.001	+0.001	+0.001	+0.001	+0.001	+0.001	
rs10027533     +0.000	+0.000	+0.001	+0.000	+0.000	+0.000	+0.000	+0.000	+0.000	+0.000	+0.000	+0.000	+0.000	+0.000	+0.000	+0.002	+0.002	+0.000	+0.000	+0.000	+0.000	+0.000	+0.000	+0.000	+0.000	+0.000	+0.000	+0.000	+0.000	+0.000	+0.000	+0.000	+0.000	+0.000	+0.000	+0.000	+0.000	+0.000	+0.000	+0.000	+0.000	+0.000	+0.000	+0.000	+0.000	+0.000	+0.000	+0.000	+0.000	+0.000	+0.000	+0.000	+0.000	+0.000	+0.000	+0.000	+0.000	+0.000	+0.000	+0.000	+0.000	+0.000	+0.000	+0.000	+0.000	+0.000	+0.000	+0.000	
rs9995944      +0.000	+0.000	+0.001	+0.000	+0.000	+0.000	+0.000	+0.000	+0.000	+0.000	+0.000	+0.000	+0.000	+0.000	+0.000	+0.002	+0.002	+0.000	+0.000	+0.000	+0.000	+0.000	+0.000	+0.000	+0.000	+0.000	+0.000	+0.000	+0.000	+0.000	+0.000	+0.000	+0.000	+0.000	+0.000	+0.000	+0.000	+0.000	+0.000	+0.000	+0.000	+0.000	+0.000	+0.000	+0.000	+0.000	+0.000	+0.000	+0.000	+0.000	+0.000	+0.000	+0.000	+0.000	+0.000	+0.000	+0.000	+0.000	+0.000	+0.000	+0.000	+0.000	+0.000	+0.000	+0.000	+0.000	+0.000	+0.000	
rs10020854     +0.000	+0.000	+0.001	+0.000	+0.000	+0.000	+0.000	+0.000	+0.000	+0.000	+0.000	+0.000	+0.000	+0.000	+0.000	+0.002	+0.002	+0.000	+0.000	+0.000	+0.000	+0.000	+0.000	+0.000	+0.000	+0.000	+0.000	+0.000	+0.000	+0.000	+0.000	+0.000	+0.000	+0.000	+0.000	+0.000	+0.000	+0.000	+0.000	+0.000	+0.000	+0.000	+0.000	+0.000	+0.000	+0.000	+0.000	+0.000	+0.000	+0.000	+0.000	+0.000	+0.000	+0.000	+0.000	+0.000	+0.000	+0.000	+0.000	+0.000	+0.000	+0.000	+0.000	+0.000	+0.000	+0.000	+0.000	+0.000	
rs4861305      +0.000	+0.000	+0.001	+0.000	+0.000	+0.000	+0.004	+0.000	+0.000	+0.000	+0.000	+0.000	+0.000	+0.000	+0.000	+0.003	+0.003	+0.000	+0.000	+0.000	+0.000	+0.000	+0.000	+0.000	+0.000	+0.000	+0.000	+0.000	+0.000	+0.000	+0.000	+0.000	+0.000	+0.000	+0.000	+0.000	+0.000	+0.000	+0.000	+0.000	+0.000	+0.000	+0.000	+0.000	+0.000	+0.000	+0.000	+0.000	+0.000	+0.000	+0.000	+0.000	+0.000	+0.000	+0.000	+0.000	+0.000	+0.000	+0.000	+0.000	+0.000	+0.000	+0.000	+0.000	+0.000	+0.000	+0.000	+0.000	
rs12331964     +0.000	+0.000	+0.001	+0.000	+0.000	+0.000	+0.000	+0.000	+0.000	+0.000	+0.000	+0.000	+0.000	+0.000	+0.000	+0.002	+0.002	+0.000	+0.000	+0.000	+0.000	+0.000	+0.000	+0.000	+0.000	+0.000	+0.000	+0.000	+0.000	+0.000	+0.000	+0.000	+0.000	+0.000	+0.000	+0.000	+0.000	+0.000	+0.000	+0.000	+0.000	+0.000	+0.000	+0.000	+0.000	+0.000	+0.000	+0.000	+0.000	+0.000	+0.000	+0.000	+0.000	+0.000	+0.000	+0.000	+0.000	+0.000	+0.000	+0.000	+0.000	+0.000	+0.000	+0.000	+0.000	+0.000	+0.000	+0.000	
rs12331974     +0.000	+0.000	+0.001	+0.000	+0.000	+0.000	+0.000	+0.000	+0.000	+0.000	+0.000	+0.000	+0.000	+0.000	+0.000	+0.002	+0.002	+0.000	+0.000	+0.000	+0.000	+0.000	+0.000	+0.000	+0.000	+0.000	+0.000	+0.000	+0.000	+0.000	+0.000	+0.000	+0.000	+0.000	+0.000	+0.000	+0.000	+0.000	+0.000	+0.000	+0.000	+0.000	+0.000	+0.000	+0.000	+0.000	+0.000	+0.000	+0.000	+0.000	+0.000	+0.000	+0.000	+0.000	+0.000	+0.000	+0.000	+0.000	+0.000	+0.000	+0.000	+0.000	+0.000	+0.000	+0.000	+0.000	+0.000	+0.000	
rs78800928     +0.000	+0.000	+0.002	+0.000	+0.000	+0.000	+0.000	+0.000	+0.000	+0.000	+0.000	+0.000	+0.000	+0.000	+0.000	+0.004	+0.004	+0.000	+0.000	+0.000	+0.000	+0.000	+0.000	+0.000	+0.000	+0.000	+0.000	+0.000	+0.000	+0.000	+0.000	+0.000	+0.000	+0.000	+0.000	+0.000	+0.000	+0.000	+0.000	+0.000	+0.000	+0.000	+0.000	+0.000	+0.000	+0.000	+0.000	+0.000	+0.000	+0.000	+0.000	+0.000	+0.000	+0.000	+0.000	+0.000	+0.000	+0.000	+0.000	+0.000	+0.000	+0.000	+0.000	+0.000	+0.000	+0.000	+0.000	+0.000	
rs58441171     +0.000	+0.000	+0.001	+0.000	+0.000	+0.000	+0.000	+0.000	+0.000	+0.000	+0.000	+0.000	+0.000	+0.000	+0.000	+0.002	+0.002	+0.000	+0.000	+0.000	+0.000	+0.000	+0.000	+0.000	+0.000	+0.000	+0.000	+0.000	+0.000	+0.000	+0.000	+0.000	+0.000	+0.000	+0.000	+0.000	+0.000	+0.000	+0.000	+0.000	+0.000	+0.000	+0.000	+0.000	+0.000	+0.000	+0.000	+0.000	+0.000	+0.000	+0.000	+0.000	+0.000	+0.000	+0.000	+0.000	+0.000	+0.000	+0.000	+0.000	+0.000	+0.000	+0.000	+0.000	+0.000	+0.000	+0.000	+0.000	
rs114219703    +0.000	+0.000	+0.002	+0.000	+0.000	+0.000	+0.000	+0.000	+0.000	+0.000	+0.000	+0.000	+0.000	+0.000	+0.000	+0.004	+0.004	+0.000	+0.000	+0.000	+0.000	+0.000	+0.000	+0.000	+0.000	+0.000	+0.000	+0.000	+0.000	+0.000	+0.000	+0.000	+0.000	+0.000	+0.000	+0.000	+0.000	+0.000	+0.000	+0.000	+0.000	+0.000	+0.000	+0.000	+0.000	+0.000	+0.000	+0.000	+0.000	+0.000	+0.000	+0.000	+0.000	+0.000	+0.000	+0.000	+0.000	+0.000	+0.000	+0.000	+0.000	+0.000	+0.000	+0.000	+0.000	+0.000	+0.000	+0.000	
