## Summary of overall evidence for association with region:
## log10(BF for region) = 10.3956
## p-value for region = NA

## BFs for choosing among multi-SNP models:
## log10(average 1-SNP BF) = 10.3401
## log10(average 2-SNP BF) = 10.489

## Example posterior probabilities for multi-SNP models, based on default prior: [p(l) propto 0.5^l for l=1,2,...,L]
## posterior probability of 1-SNP = 0.586694
## posterior probability of 2-SNP = 0.413306

## log10(BF) for single SNP and pair of SNPs:
rs17567355     -0.120	-0.112	-0.117	-0.112	-0.109	-0.579	-0.579	-0.103	-0.101	-0.091	-0.566	-0.562	-0.408	-0.058	-0.092	-0.077	-0.569	-0.551	-0.318	-0.591	-0.459	-0.430	-0.442	-0.455	-0.524	-0.459	+0.120	+0.034	-0.128	+1.058	+1.243	+1.081	-0.458	+0.962	+0.278	+0.315	+0.275	+0.289	+0.730	+0.269	-0.191	+1.984	+2.041	-0.185	+0.278	+0.523	+0.315	+1.528	+1.781	+2.288	+2.308	+0.238	+1.095	+0.536	+0.777	+0.795	+6.147	+0.772	+6.267	+6.344	+0.899	+0.751	+6.352	+11.104	+0.791	+5.932	+6.054	+9.017	+6.059	+0.361	+0.635	+8.637	+11.150	+11.125	+10.879	-0.052	+10.964	+11.011	+10.977	+0.439	+0.381	+10.289	+0.341	+0.145	+1.311	+1.473	+8.746	+1.679	+1.678	+9.111	+1.602	+8.305	+9.672	+9.677	+1.786	+9.514	+2.225	+5.544	+2.973	+5.966	+3.137	+2.944	+3.380	+3.272	+5.891	+1.536	+1.529	+1.537	+2.876	+2.626	+3.364	+5.537	+2.797	+2.916	+0.328	+3.052	+0.213	
rs10494103     -0.112	-0.013	-0.081	-0.079	-0.078	-0.497	-0.497	-0.076	-0.075	-0.071	-0.486	-0.483	-0.258	-0.057	-0.072	-0.067	-0.489	-0.473	-0.250	-0.505	-0.389	-0.362	-0.373	-0.385	-0.449	-0.389	+0.236	+0.150	-0.028	+1.184	+1.369	+1.166	-0.353	+1.082	+0.383	+0.423	+0.383	+0.397	+0.844	+0.376	-0.084	+2.069	+2.128	-0.078	+0.386	+0.625	+0.424	+1.606	+1.864	+2.373	+2.393	+0.346	+1.172	+0.646	+0.892	+0.907	+6.280	+0.884	+6.400	+6.476	+0.983	+0.864	+6.484	+11.267	+0.904	+6.062	+6.185	+9.151	+6.190	+0.482	+0.749	+8.654	+11.177	+11.153	+10.908	+0.059	+10.992	+11.040	+11.005	+0.551	+0.491	+10.453	+0.451	+0.252	+1.407	+1.605	+8.859	+1.764	+1.764	+9.147	+1.686	+8.417	+9.707	+9.712	+1.856	+9.554	+2.331	+5.653	+3.069	+6.075	+3.234	+3.039	+3.477	+3.369	+6.001	+1.623	+1.616	+1.625	+2.970	+2.718	+3.457	+5.646	+2.891	+3.009	+0.449	+3.165	+0.330	
rs36005322     -0.117	-0.081	-0.018	-0.079	-0.077	-0.501	-0.501	-0.075	-0.073	-0.068	-0.490	-0.487	-0.262	-0.053	-0.068	-0.063	-0.493	-0.477	-0.253	-0.509	-0.393	-0.365	-0.377	-0.389	-0.453	-0.393	+0.231	+0.145	-0.033	+1.179	+1.364	+1.163	-0.358	+1.077	+0.378	+0.419	+0.378	+0.392	+0.840	+0.372	-0.088	+2.065	+2.124	-0.083	+0.382	+0.621	+0.419	+1.602	+1.860	+2.370	+2.390	+0.342	+1.168	+0.642	+0.888	+0.903	+6.271	+0.880	+6.391	+6.467	+0.979	+0.860	+6.475	+11.258	+0.899	+6.053	+6.176	+9.143	+6.181	+0.476	+0.744	+8.653	+11.175	+11.150	+10.906	+0.054	+10.990	+11.038	+11.003	+0.546	+0.487	+10.443	+0.447	+0.248	+1.402	+1.600	+8.852	+1.759	+1.759	+9.144	+1.682	+8.410	+9.704	+9.709	+1.851	+9.550	+2.326	+5.646	+3.064	+6.068	+3.229	+3.034	+3.472	+3.363	+5.993	+1.619	+1.612	+1.620	+2.965	+2.713	+3.452	+5.639	+2.886	+3.004	+0.445	+3.161	+0.325	
rs6665852      -0.112	-0.079	-0.079	-0.013	-0.075	-0.497	-0.497	-0.072	-0.070	-0.065	-0.486	-0.483	-0.255	-0.050	-0.065	-0.060	-0.489	-0.473	-0.250	-0.505	-0.390	-0.362	-0.374	-0.386	-0.449	-0.390	+0.237	+0.150	-0.028	+1.185	+1.370	+1.167	-0.353	+1.083	+0.383	+0.424	+0.383	+0.397	+0.845	+0.377	-0.083	+2.069	+2.128	-0.078	+0.387	+0.626	+0.424	+1.606	+1.864	+2.374	+2.394	+0.347	+1.172	+0.647	+0.893	+0.908	+6.276	+0.885	+6.396	+6.472	+0.983	+0.865	+6.481	+11.265	+0.905	+6.058	+6.181	+9.149	+6.186	+0.482	+0.750	+8.654	+11.176	+11.152	+10.907	+0.060	+10.991	+11.039	+11.004	+0.551	+0.492	+10.449	+0.452	+0.253	+1.407	+1.606	+8.857	+1.763	+1.763	+9.146	+1.686	+8.415	+9.705	+9.711	+1.854	+9.552	+2.330	+5.650	+3.068	+6.072	+3.233	+3.038	+3.475	+3.367	+5.997	+1.623	+1.616	+1.624	+2.969	+2.717	+3.456	+5.643	+2.889	+3.008	+0.450	+3.166	+0.330	
rs35849067     -0.109	-0.078	-0.077	-0.075	-0.011	-0.495	-0.495	-0.070	-0.069	-0.064	-0.484	-0.481	-0.252	-0.049	-0.064	-0.058	-0.487	-0.471	-0.249	-0.503	-0.388	-0.361	-0.372	-0.384	-0.448	-0.388	+0.239	+0.153	-0.026	+1.187	+1.372	+1.169	-0.350	+1.086	+0.385	+0.426	+0.386	+0.400	+0.848	+0.379	-0.081	+2.071	+2.130	-0.076	+0.389	+0.628	+0.427	+1.608	+1.866	+2.376	+2.396	+0.349	+1.173	+0.650	+0.895	+0.911	+6.278	+0.888	+6.399	+6.475	+0.984	+0.867	+6.483	+11.268	+0.907	+6.061	+6.184	+9.151	+6.189	+0.484	+0.752	+8.654	+11.177	+11.152	+10.908	+0.062	+10.992	+11.040	+11.005	+0.554	+0.494	+10.452	+0.454	+0.255	+1.409	+1.609	+8.859	+1.765	+1.765	+9.147	+1.687	+8.417	+9.706	+9.712	+1.856	+9.553	+2.332	+5.652	+3.070	+6.074	+3.235	+3.040	+3.477	+3.369	+5.999	+1.624	+1.617	+1.626	+2.970	+2.719	+3.458	+5.645	+2.891	+3.009	+0.453	+3.168	+0.333	
rs533206       -0.579	-0.497	-0.501	-0.497	-0.495	-0.496	-0.621	-0.491	-0.488	-0.480	-0.602	-0.593	-0.794	-0.462	-0.478	-0.468	-0.622	-0.585	-0.478	-0.829	-0.597	-0.546	-0.572	-0.595	-0.708	-0.602	-0.308	-0.304	-0.538	+0.549	+0.722	+0.704	-0.824	+0.460	-0.153	-0.119	-0.156	-0.142	+0.227	-0.161	-0.522	+1.614	+1.671	-0.516	-0.143	+0.125	-0.108	+1.216	+1.422	+1.913	+1.932	-0.142	+0.786	+0.097	+0.321	+0.340	+5.615	+0.318	+5.734	+5.809	+0.551	+0.299	+5.817	+10.271	+0.336	+5.409	+5.530	+8.401	+5.535	-0.077	+0.193	+8.408	+10.895	+10.869	+10.624	-0.389	+10.707	+10.755	+10.720	+0.009	-0.045	+9.487	-0.081	-0.264	+0.921	+1.028	+8.282	+1.323	+1.322	+8.844	+1.245	+7.846	+9.406	+9.412	+1.480	+9.244	+1.870	+5.151	+2.629	+5.567	+2.791	+2.597	+3.034	+2.925	+5.492	+1.177	+1.170	+1.179	+2.530	+2.280	+3.013	+5.139	+2.451	+2.569	-0.049	+2.746	-0.153	
rs591209       -0.579	-0.497	-0.501	-0.497	-0.495	-0.621	-0.496	-0.491	-0.488	-0.480	-0.602	-0.593	-0.794	-0.462	-0.478	-0.468	-0.622	-0.585	-0.478	-0.829	-0.597	-0.546	-0.572	-0.595	-0.708	-0.602	-0.308	-0.304	-0.538	+0.549	+0.722	+0.704	-0.824	+0.460	-0.153	-0.119	-0.156	-0.142	+0.228	-0.161	-0.522	+1.614	+1.671	-0.516	-0.143	+0.125	-0.108	+1.216	+1.422	+1.913	+1.932	-0.142	+0.786	+0.097	+0.321	+0.340	+5.615	+0.318	+5.734	+5.809	+0.551	+0.299	+5.817	+10.271	+0.336	+5.409	+5.530	+8.401	+5.535	-0.077	+0.193	+8.408	+10.895	+10.869	+10.624	-0.389	+10.707	+10.755	+10.720	+0.009	-0.045	+9.487	-0.081	-0.264	+0.921	+1.028	+8.282	+1.323	+1.322	+8.844	+1.245	+7.846	+9.406	+9.412	+1.480	+9.244	+1.870	+5.151	+2.629	+5.567	+2.791	+2.597	+3.034	+2.925	+5.492	+1.177	+1.170	+1.179	+2.530	+2.280	+3.013	+5.139	+2.451	+2.569	-0.049	+2.746	-0.153	
rs10494104     -0.103	-0.076	-0.075	-0.072	-0.070	-0.491	-0.491	-0.006	-0.066	-0.061	-0.480	-0.477	-0.244	-0.046	-0.060	-0.055	-0.483	-0.467	-0.246	-0.499	-0.385	-0.357	-0.369	-0.381	-0.444	-0.385	+0.245	+0.158	-0.021	+1.193	+1.378	+1.173	-0.345	+1.092	+0.391	+0.431	+0.391	+0.405	+0.853	+0.384	-0.076	+2.075	+2.134	-0.070	+0.395	+0.633	+0.432	+1.612	+1.870	+2.380	+2.400	+0.355	+1.177	+0.655	+0.901	+0.916	+6.284	+0.893	+6.404	+6.481	+0.988	+0.873	+6.489	+11.274	+0.913	+6.066	+6.189	+9.156	+6.194	+0.490	+0.758	+8.655	+11.178	+11.154	+10.909	+0.067	+10.993	+11.041	+11.006	+0.559	+0.500	+10.459	+0.460	+0.260	+1.413	+1.616	+8.864	+1.769	+1.769	+9.148	+1.691	+8.422	+9.708	+9.713	+1.859	+9.555	+2.337	+5.656	+3.074	+6.078	+3.239	+3.044	+3.481	+3.373	+6.003	+1.629	+1.621	+1.630	+2.975	+2.723	+3.462	+5.649	+2.895	+3.014	+0.458	+3.173	+0.338	
rs71513963     -0.101	-0.075	-0.073	-0.070	-0.069	-0.488	-0.488	-0.066	-0.003	-0.059	-0.478	-0.475	-0.240	-0.045	-0.058	-0.053	-0.481	-0.465	-0.244	-0.497	-0.383	-0.355	-0.367	-0.379	-0.442	-0.383	+0.248	+0.161	-0.018	+1.197	+1.382	+1.175	-0.342	+1.095	+0.394	+0.434	+0.394	+0.408	+0.857	+0.387	-0.073	+2.078	+2.137	-0.067	+0.398	+0.635	+0.435	+1.614	+1.872	+2.382	+2.402	+0.358	+1.179	+0.658	+0.904	+0.920	+6.287	+0.896	+6.407	+6.484	+0.990	+0.876	+6.492	+11.278	+0.916	+6.069	+6.192	+9.159	+6.197	+0.493	+0.761	+8.656	+11.179	+11.154	+10.910	+0.070	+10.994	+11.042	+11.007	+0.562	+0.503	+10.463	+0.463	+0.263	+1.416	+1.620	+8.867	+1.771	+1.771	+9.149	+1.693	+8.425	+9.709	+9.714	+1.861	+9.556	+2.340	+5.658	+3.076	+6.080	+3.241	+3.046	+3.483	+3.375	+6.006	+1.631	+1.624	+1.633	+2.977	+2.725	+3.464	+5.652	+2.898	+3.016	+0.462	+3.176	+0.342	
rs35942492     -0.091	-0.071	-0.068	-0.065	-0.064	-0.480	-0.480	-0.061	-0.059	+0.008	-0.470	-0.467	-0.225	-0.040	-0.052	-0.047	-0.473	-0.457	-0.237	-0.488	-0.376	-0.349	-0.360	-0.372	-0.434	-0.376	+0.259	+0.172	-0.008	+1.208	+1.393	+1.184	-0.332	+1.107	+0.404	+0.444	+0.404	+0.418	+0.867	+0.397	-0.063	+2.085	+2.144	-0.057	+0.408	+0.645	+0.445	+1.621	+1.880	+2.390	+2.410	+0.368	+1.186	+0.668	+0.915	+0.930	+6.297	+0.907	+6.417	+6.493	+0.998	+0.887	+6.501	+11.289	+0.926	+6.079	+6.202	+9.168	+6.207	+0.504	+0.771	+8.658	+11.181	+11.157	+10.912	+0.080	+10.996	+11.044	+11.009	+0.573	+0.513	+10.473	+0.473	+0.273	+1.424	+1.632	+8.876	+1.778	+1.778	+9.153	+1.701	+8.434	+9.712	+9.717	+1.868	+9.559	+2.348	+5.667	+3.084	+6.089	+3.249	+3.054	+3.492	+3.383	+6.014	+1.639	+1.632	+1.640	+2.985	+2.733	+3.472	+5.660	+2.906	+3.024	+0.473	+3.186	+0.352	
rs542387       -0.566	-0.486	-0.490	-0.486	-0.484	-0.602	-0.602	-0.480	-0.478	-0.470	-0.474	-0.595	-0.767	-0.452	-0.468	-0.458	-0.608	-0.592	-0.493	-0.811	-0.606	-0.560	-0.584	-0.604	-0.706	-0.611	-0.289	-0.278	-0.523	+0.565	+0.739	+0.714	-0.802	+0.476	-0.138	-0.104	-0.141	-0.127	+0.241	-0.146	-0.498	+1.624	+1.681	-0.492	-0.125	+0.141	-0.091	+1.230	+1.433	+1.922	+1.942	-0.120	+0.800	+0.115	+0.339	+0.359	+5.633	+0.337	+5.752	+5.827	+0.562	+0.317	+5.835	+10.279	+0.354	+5.427	+5.548	+8.404	+5.553	-0.056	+0.211	+8.396	+10.887	+10.861	+10.616	-0.364	+10.699	+10.747	+10.712	+0.027	-0.027	+9.497	-0.063	-0.245	+0.935	+1.055	+8.299	+1.333	+1.332	+8.838	+1.256	+7.862	+9.400	+9.405	+1.491	+9.239	+1.888	+5.166	+2.644	+5.583	+2.806	+2.611	+3.049	+2.940	+5.508	+1.188	+1.181	+1.190	+2.545	+2.294	+3.027	+5.155	+2.466	+2.584	-0.024	+2.772	-0.128	
rs587727       -0.562	-0.483	-0.487	-0.483	-0.481	-0.593	-0.593	-0.477	-0.475	-0.467	-0.595	-0.469	-0.760	-0.449	-0.465	-0.455	-0.603	-0.593	-0.496	-0.806	-0.608	-0.563	-0.586	-0.606	-0.704	-0.612	-0.283	-0.271	-0.519	+0.570	+0.743	+0.717	-0.797	+0.481	-0.134	-0.100	-0.136	-0.123	+0.245	-0.142	-0.491	+1.627	+1.684	-0.486	-0.121	+0.146	-0.086	+1.234	+1.436	+1.925	+1.945	-0.115	+0.804	+0.119	+0.344	+0.363	+5.638	+0.341	+5.757	+5.832	+0.565	+0.322	+5.840	+10.282	+0.359	+5.432	+5.553	+8.406	+5.559	-0.050	+0.216	+8.393	+10.886	+10.860	+10.615	-0.358	+10.698	+10.746	+10.711	+0.032	-0.022	+9.500	-0.058	-0.240	+0.939	+1.062	+8.304	+1.336	+1.336	+8.837	+1.259	+7.866	+9.399	+9.405	+1.495	+9.239	+1.893	+5.171	+2.648	+5.588	+2.811	+2.615	+3.053	+2.944	+5.513	+1.192	+1.184	+1.193	+2.549	+2.298	+3.031	+5.160	+2.470	+2.588	-0.018	+2.779	-0.122	
rs7523615      -0.408	-0.258	-0.262	-0.255	-0.252	-0.794	-0.794	-0.244	-0.240	-0.225	-0.767	-0.760	-0.530	-0.195	-0.221	-0.206	-0.773	-0.738	-0.451	-0.845	-0.639	-0.597	-0.616	-0.635	-0.738	-0.641	-0.320	-0.388	-0.518	+0.567	+0.743	+0.765	-0.862	+0.478	-0.127	-0.092	-0.130	-0.116	+0.270	-0.136	-0.588	+1.678	+1.736	-0.583	-0.135	+0.146	-0.099	+1.257	+1.481	+1.981	+2.001	-0.173	+0.836	+0.109	+0.333	+0.351	+5.655	+0.329	+5.775	+5.850	+0.714	+0.310	+5.858	+10.359	+0.348	+5.449	+5.569	+8.508	+5.574	-0.106	+0.199	+8.894	+11.288	+11.257	+11.014	-0.461	+11.095	+11.143	+11.108	+0.014	-0.041	+9.571	-0.079	-0.267	+1.014	+0.950	+8.358	+1.532	+1.531	+9.157	+1.447	+7.932	+9.725	+9.730	+1.680	+9.554	+1.902	+5.198	+2.700	+5.602	+2.868	+2.683	+3.115	+3.005	+5.527	+1.359	+1.351	+1.361	+2.601	+2.359	+3.100	+5.172	+2.524	+2.643	-0.114	+2.677	-0.219	
rs35742436     -0.058	-0.057	-0.053	-0.050	-0.049	-0.462	-0.462	-0.046	-0.045	-0.040	-0.452	-0.449	-0.195	+0.031	-0.039	-0.032	-0.455	-0.440	-0.221	-0.469	-0.359	-0.332	-0.344	-0.355	-0.417	-0.359	+0.283	+0.196	+0.014	+1.234	+1.420	+1.203	-0.309	+1.134	+0.428	+0.468	+0.427	+0.441	+0.894	+0.420	-0.040	+2.105	+2.163	-0.035	+0.431	+0.667	+0.468	+1.639	+1.898	+2.409	+2.430	+0.391	+1.203	+0.693	+0.940	+0.956	+6.324	+0.932	+6.445	+6.521	+1.017	+0.912	+6.529	+11.325	+0.952	+6.107	+6.230	+9.197	+6.235	+0.530	+0.796	+8.665	+11.190	+11.166	+10.921	+0.104	+11.005	+11.053	+11.018	+0.596	+0.537	+10.508	+0.496	+0.296	+1.447	+1.660	+8.901	+1.798	+1.798	+9.162	+1.721	+8.458	+9.721	+9.727	+1.885	+9.569	+2.371	+5.689	+3.105	+6.112	+3.270	+3.074	+3.512	+3.404	+6.038	+1.659	+1.651	+1.660	+3.006	+2.754	+3.493	+5.684	+2.926	+3.045	+0.498	+3.209	+0.377	
rs36108706     -0.092	-0.072	-0.068	-0.065	-0.064	-0.478	-0.478	-0.060	-0.058	-0.052	-0.468	-0.465	-0.221	-0.039	+0.011	-0.045	-0.471	-0.455	-0.235	-0.486	-0.374	-0.347	-0.358	-0.370	-0.432	-0.374	+0.262	+0.175	-0.006	+1.212	+1.397	+1.186	-0.329	+1.110	+0.407	+0.447	+0.407	+0.421	+0.871	+0.400	-0.060	+2.088	+2.147	-0.054	+0.411	+0.647	+0.448	+1.623	+1.882	+2.392	+2.412	+0.371	+1.188	+0.671	+0.918	+0.933	+6.299	+0.910	+6.419	+6.496	+1.000	+0.890	+6.504	+11.291	+0.929	+6.081	+6.204	+9.170	+6.209	+0.508	+0.774	+8.658	+11.182	+11.157	+10.912	+0.083	+10.996	+11.044	+11.009	+0.576	+0.516	+10.476	+0.476	+0.276	+1.427	+1.636	+8.877	+1.780	+1.780	+9.153	+1.702	+8.435	+9.712	+9.718	+1.869	+9.560	+2.350	+5.668	+3.086	+6.090	+3.251	+3.055	+3.493	+3.385	+6.015	+1.641	+1.634	+1.642	+2.986	+2.735	+3.474	+5.661	+2.907	+3.025	+0.476	+3.189	+0.356	
rs34487283     -0.077	-0.067	-0.063	-0.060	-0.058	-0.468	-0.468	-0.055	-0.053	-0.047	-0.458	-0.455	-0.206	-0.032	-0.045	+0.023	-0.461	-0.446	-0.227	-0.475	-0.365	-0.338	-0.350	-0.361	-0.423	-0.365	+0.275	+0.188	+0.006	+1.226	+1.412	+1.197	-0.316	+1.126	+0.420	+0.460	+0.419	+0.434	+0.885	+0.413	-0.048	+2.098	+2.157	-0.042	+0.423	+0.659	+0.461	+1.633	+1.892	+2.403	+2.423	+0.383	+1.198	+0.685	+0.931	+0.947	+6.314	+0.924	+6.435	+6.511	+1.010	+0.904	+6.519	+11.313	+0.944	+6.097	+6.220	+9.186	+6.225	+0.522	+0.787	+8.662	+11.186	+11.162	+10.917	+0.096	+11.001	+11.049	+11.014	+0.588	+0.529	+10.496	+0.488	+0.289	+1.440	+1.652	+8.891	+1.791	+1.790	+9.158	+1.713	+8.448	+9.717	+9.723	+1.878	+9.564	+2.362	+5.680	+3.097	+6.103	+3.262	+3.066	+3.504	+3.396	+6.028	+1.651	+1.644	+1.653	+2.998	+2.746	+3.485	+5.674	+2.919	+3.037	+0.489	+3.201	+0.369	
rs666151       -0.569	-0.489	-0.493	-0.489	-0.487	-0.622	-0.622	-0.483	-0.481	-0.473	-0.608	-0.603	-0.773	-0.455	-0.471	-0.461	-0.479	-0.582	-0.489	-0.813	-0.602	-0.554	-0.578	-0.600	-0.704	-0.606	-0.293	-0.283	-0.527	+0.562	+0.735	+0.711	-0.807	+0.473	-0.142	-0.107	-0.144	-0.131	+0.237	-0.150	-0.503	+1.622	+1.679	-0.497	-0.129	+0.138	-0.094	+1.228	+1.431	+1.920	+1.940	-0.125	+0.797	+0.111	+0.336	+0.355	+5.629	+0.333	+5.748	+5.823	+0.558	+0.313	+5.831	+10.277	+0.350	+5.423	+5.544	+8.402	+5.549	-0.060	+0.207	+8.395	+10.886	+10.860	+10.615	-0.369	+10.698	+10.746	+10.711	+0.024	-0.030	+9.495	-0.066	-0.249	+0.931	+1.052	+8.297	+1.329	+1.328	+8.836	+1.252	+7.860	+9.398	+9.404	+1.487	+9.238	+1.883	+5.162	+2.639	+5.579	+2.802	+2.607	+3.045	+2.935	+5.503	+1.184	+1.177	+1.186	+2.541	+2.290	+3.023	+5.150	+2.461	+2.580	-0.029	+2.767	-0.133	
rs548894       -0.551	-0.473	-0.477	-0.473	-0.471	-0.585	-0.585	-0.467	-0.465	-0.457	-0.592	-0.593	-0.738	-0.440	-0.455	-0.446	-0.582	-0.452	-0.499	-0.788	-0.606	-0.562	-0.584	-0.603	-0.694	-0.609	-0.268	-0.251	-0.507	+0.585	+0.758	+0.726	-0.780	+0.496	-0.121	-0.087	-0.124	-0.110	+0.256	-0.130	-0.472	+1.637	+1.694	-0.467	-0.106	+0.159	-0.071	+1.248	+1.447	+1.935	+1.955	-0.098	+0.816	+0.134	+0.359	+0.378	+5.653	+0.356	+5.772	+5.847	+0.574	+0.337	+5.855	+10.291	+0.374	+5.447	+5.568	+8.410	+5.573	-0.033	+0.231	+8.388	+10.883	+10.858	+10.613	-0.338	+10.696	+10.744	+10.709	+0.047	-0.007	+9.509	-0.042	-0.224	+0.951	+1.086	+8.318	+1.344	+1.344	+8.836	+1.267	+7.880	+9.398	+9.403	+1.503	+9.238	+1.906	+5.182	+2.659	+5.599	+2.822	+2.626	+3.064	+2.955	+5.523	+1.200	+1.193	+1.202	+2.560	+2.308	+3.042	+5.171	+2.481	+2.599	+0.002	+2.799	-0.103	
rs610249       -0.318	-0.250	-0.253	-0.250	-0.249	-0.478	-0.478	-0.246	-0.244	-0.237	-0.493	-0.496	-0.451	-0.221	-0.235	-0.227	-0.489	-0.499	-0.165	-0.519	-0.505	-0.494	-0.499	-0.504	-0.514	-0.505	-0.142	-0.145	-0.344	+0.696	+0.862	+0.827	-0.493	+0.614	+0.000	+0.030	-0.003	+0.010	+0.380	-0.008	-0.308	+1.775	+1.829	-0.304	+0.032	+0.279	+0.064	+1.392	+1.594	+2.066	+2.086	+0.036	+0.948	+0.255	+0.459	+0.480	+6.255	+0.459	+6.375	+6.456	+0.829	+0.441	+6.464	+10.359	+0.476	+6.035	+6.162	+8.432	+6.168	+0.119	+0.344	+8.661	+10.906	+10.881	+10.635	-0.198	+10.721	+10.768	+10.734	+0.181	+0.131	+9.584	+0.098	-0.068	+1.232	+1.210	+8.350	+1.574	+1.573	+8.877	+1.498	+7.949	+9.439	+9.445	+1.758	+9.283	+1.928	+5.220	+2.665	+5.611	+2.823	+2.649	+3.060	+2.954	+5.539	+1.431	+1.424	+1.434	+2.575	+2.343	+3.048	+5.192	+2.498	+2.615	+0.110	+2.813	+0.021	
rs609031       -0.591	-0.505	-0.509	-0.505	-0.503	-0.829	-0.829	-0.499	-0.497	-0.488	-0.811	-0.806	-0.845	-0.469	-0.486	-0.475	-0.813	-0.788	-0.519	-0.520	-0.558	-0.500	-0.528	-0.555	-0.696	-0.565	-0.218	-0.328	-0.536	+0.628	+0.808	+0.714	-0.835	+0.531	-0.102	-0.066	-0.104	-0.090	+0.283	-0.111	-0.547	+1.690	+1.747	-0.541	-0.091	+0.183	-0.055	+1.285	+1.495	+1.992	+2.012	-0.072	+0.836	+0.160	+0.395	+0.414	+5.576	+0.391	+5.694	+5.769	+0.530	+0.371	+5.777	+10.453	+0.409	+5.369	+5.490	+8.537	+5.495	-0.093	+0.258	+8.392	+10.924	+10.899	+10.653	-0.414	+10.738	+10.785	+10.751	+0.065	+0.009	+9.660	-0.029	-0.221	+0.886	+1.190	+8.375	+1.301	+1.301	+8.873	+1.224	+7.977	+9.437	+9.443	+1.456	+9.281	+1.835	+5.107	+2.583	+5.504	+2.747	+2.567	+2.988	+2.880	+5.431	+1.154	+1.146	+1.156	+2.488	+2.252	+2.974	+5.079	+2.410	+2.528	-0.049	+2.780	-0.155	
rs489369       -0.459	-0.389	-0.393	-0.390	-0.388	-0.597	-0.597	-0.385	-0.383	-0.376	-0.606	-0.608	-0.639	-0.359	-0.374	-0.365	-0.602	-0.606	-0.505	-0.558	-0.324	-0.416	-0.429	-0.444	-0.452	-0.454	-0.096	-0.104	-0.406	+0.760	+0.937	+0.819	-0.639	+0.666	+0.015	+0.049	+0.012	+0.025	+0.401	+0.006	-0.336	+1.797	+1.854	-0.330	+0.041	+0.304	+0.075	+1.421	+1.606	+2.096	+2.115	+0.064	+0.965	+0.285	+0.517	+0.537	+5.820	+0.514	+5.938	+6.014	+0.661	+0.495	+6.022	+10.527	+0.532	+5.610	+5.731	+8.557	+5.737	+0.111	+0.387	+8.420	+10.968	+10.944	+10.697	-0.198	+10.784	+10.831	+10.797	+0.198	+0.143	+9.743	+0.107	-0.078	+1.056	+1.309	+8.483	+1.429	+1.429	+8.913	+1.354	+8.089	+9.477	+9.483	+1.587	+9.324	+2.032	+5.313	+2.741	+5.698	+2.903	+2.733	+3.145	+3.036	+5.625	+1.289	+1.282	+1.291	+2.646	+2.418	+3.135	+5.274	+2.567	+2.685	+0.142	+2.973	+0.039	
rs606823       -0.430	-0.362	-0.365	-0.362	-0.361	-0.546	-0.546	-0.357	-0.355	-0.349	-0.560	-0.563	-0.597	-0.332	-0.347	-0.338	-0.554	-0.562	-0.494	-0.500	-0.416	-0.286	-0.419	-0.422	-0.351	-0.418	-0.056	-0.061	-0.376	+0.799	+0.976	+0.845	-0.601	+0.703	+0.047	+0.082	+0.045	+0.059	+0.431	+0.039	-0.295	+1.828	+1.885	-0.289	+0.076	+0.338	+0.111	+1.455	+1.637	+2.127	+2.146	+0.104	+1.000	+0.321	+0.554	+0.573	+5.857	+0.551	+5.975	+6.051	+0.689	+0.532	+6.059	+10.560	+0.569	+5.646	+5.768	+8.582	+5.774	+0.150	+0.425	+8.435	+10.988	+10.964	+10.717	-0.156	+10.804	+10.851	+10.817	+0.235	+0.180	+9.777	+0.145	-0.041	+1.088	+1.361	+8.523	+1.456	+1.455	+8.931	+1.380	+8.133	+9.497	+9.502	+1.613	+9.344	+2.063	+5.348	+2.771	+5.731	+2.932	+2.763	+3.174	+3.065	+5.657	+1.316	+1.309	+1.318	+2.676	+2.448	+3.164	+5.307	+2.596	+2.714	+0.185	+3.017	+0.081	
rs571412       -0.442	-0.373	-0.377	-0.374	-0.372	-0.572	-0.572	-0.369	-0.367	-0.360	-0.584	-0.586	-0.616	-0.344	-0.358	-0.350	-0.578	-0.584	-0.499	-0.528	-0.429	-0.419	-0.303	-0.423	-0.396	-0.434	-0.074	-0.080	-0.389	+0.782	+0.959	+0.835	-0.617	+0.688	+0.034	+0.067	+0.030	+0.044	+0.420	+0.024	-0.313	+1.816	+1.873	-0.308	+0.060	+0.323	+0.095	+1.442	+1.625	+2.115	+2.135	+0.086	+0.984	+0.305	+0.537	+0.558	+5.844	+0.535	+5.962	+6.038	+0.677	+0.516	+6.046	+10.551	+0.553	+5.633	+5.755	+8.574	+5.760	+0.134	+0.409	+8.430	+10.982	+10.957	+10.710	-0.175	+10.797	+10.844	+10.810	+0.219	+0.164	+9.766	+0.128	-0.058	+1.075	+1.337	+8.507	+1.445	+1.445	+8.925	+1.370	+8.115	+9.490	+9.496	+1.603	+9.338	+2.053	+5.334	+2.759	+5.718	+2.921	+2.752	+3.163	+3.054	+5.645	+1.305	+1.298	+1.307	+2.664	+2.437	+3.153	+5.294	+2.585	+2.703	+0.166	+2.998	+0.062	
rs565808       -0.455	-0.385	-0.389	-0.386	-0.384	-0.595	-0.595	-0.381	-0.379	-0.372	-0.604	-0.606	-0.635	-0.355	-0.370	-0.361	-0.600	-0.603	-0.504	-0.555	-0.444	-0.422	-0.423	-0.320	-0.436	-0.446	-0.093	-0.099	-0.403	+0.765	+0.941	+0.823	-0.634	+0.671	+0.018	+0.052	+0.015	+0.028	+0.405	+0.009	-0.331	+1.801	+1.858	-0.325	+0.044	+0.307	+0.079	+1.426	+1.610	+2.100	+2.120	+0.067	+0.969	+0.288	+0.520	+0.540	+5.828	+0.518	+5.945	+6.022	+0.665	+0.498	+6.030	+10.532	+0.536	+5.617	+5.739	+8.559	+5.744	+0.117	+0.391	+8.423	+10.971	+10.947	+10.700	-0.193	+10.787	+10.833	+10.800	+0.202	+0.147	+9.748	+0.111	-0.074	+1.061	+1.315	+8.489	+1.433	+1.433	+8.916	+1.357	+8.096	+9.481	+9.487	+1.591	+9.327	+2.037	+5.319	+2.746	+5.704	+2.908	+2.738	+3.150	+3.040	+5.631	+1.292	+1.285	+1.294	+2.651	+2.423	+3.140	+5.280	+2.572	+2.690	+0.146	+2.976	+0.043	
rs542049       -0.524	-0.449	-0.453	-0.449	-0.448	-0.708	-0.708	-0.444	-0.442	-0.434	-0.706	-0.704	-0.738	-0.417	-0.432	-0.423	-0.704	-0.694	-0.514	-0.696	-0.452	-0.351	-0.396	-0.436	-0.413	-0.443	-0.190	-0.206	-0.479	+0.669	+0.845	+0.755	-0.729	+0.575	-0.066	-0.031	-0.069	-0.054	+0.321	-0.074	-0.432	+1.716	+1.773	-0.426	-0.047	+0.220	-0.011	+1.333	+1.525	+2.015	+2.034	-0.034	+0.884	+0.197	+0.426	+0.446	+5.723	+0.424	+5.841	+5.917	+0.597	+0.404	+5.925	+10.421	+0.442	+5.514	+5.635	+8.481	+5.641	+0.019	+0.297	+8.390	+10.916	+10.891	+10.645	-0.296	+10.731	+10.778	+10.744	+0.110	+0.055	+9.637	+0.018	-0.167	+0.982	+1.190	+8.381	+1.366	+1.366	+8.866	+1.290	+7.984	+9.429	+9.435	+1.523	+9.273	+1.944	+5.228	+2.667	+5.617	+2.829	+2.656	+3.071	+2.962	+5.543	+1.223	+1.216	+1.225	+2.572	+2.341	+3.060	+5.192	+2.493	+2.611	+0.042	+2.856	-0.061	
rs597401       -0.459	-0.389	-0.393	-0.390	-0.388	-0.602	-0.602	-0.385	-0.383	-0.376	-0.611	-0.612	-0.641	-0.359	-0.374	-0.365	-0.606	-0.609	-0.505	-0.565	-0.454	-0.418	-0.434	-0.446	-0.443	-0.325	-0.098	-0.105	-0.408	+0.760	+0.937	+0.818	-0.640	+0.665	+0.012	+0.047	+0.010	+0.023	+0.398	+0.004	-0.337	+1.796	+1.853	-0.331	+0.038	+0.301	+0.073	+1.420	+1.605	+2.095	+2.115	+0.062	+0.965	+0.283	+0.515	+0.535	+5.825	+0.512	+5.943	+6.019	+0.661	+0.493	+6.027	+10.528	+0.530	+5.615	+5.737	+8.556	+5.742	+0.111	+0.386	+8.422	+10.969	+10.945	+10.698	-0.199	+10.785	+10.832	+10.798	+0.197	+0.142	+9.744	+0.106	-0.080	+1.057	+1.311	+8.484	+1.428	+1.428	+8.914	+1.353	+8.092	+9.479	+9.484	+1.586	+9.325	+2.030	+5.311	+2.739	+5.696	+2.901	+2.731	+3.142	+3.033	+5.623	+1.287	+1.280	+1.289	+2.644	+2.415	+3.132	+5.272	+2.565	+2.683	+0.140	+2.967	+0.037	
rs67429814     +0.120	+0.236	+0.231	+0.237	+0.239	-0.308	-0.308	+0.245	+0.248	+0.259	-0.289	-0.283	-0.320	+0.283	+0.262	+0.275	-0.293	-0.268	-0.142	-0.218	-0.096	-0.056	-0.074	-0.093	-0.190	-0.098	+0.119	-0.052	-0.189	+0.691	+0.855	+0.954	-0.279	+0.614	+0.077	+0.106	+0.075	+0.086	+0.421	+0.070	-0.144	+1.812	+1.866	-0.143	+0.071	+0.308	+0.099	+1.448	+1.631	+2.101	+2.120	+0.044	+0.972	+0.272	+0.470	+0.486	+7.616	+0.467	+7.751	+7.838	+1.470	+0.449	+7.847	+10.460	+0.483	+7.386	+7.518	+8.740	+7.525	+0.198	+0.353	+9.632	+11.064	+11.039	+10.791	-0.093	+10.875	+10.923	+10.888	+0.196	+0.150	+9.648	+0.120	-0.023	+1.955	+1.060	+8.404	+2.338	+2.338	+9.001	+2.250	+7.974	+9.564	+9.570	+2.569	+9.404	+2.002	+5.321	+2.789	+5.733	+2.947	+2.759	+3.183	+3.078	+5.662	+2.149	+2.141	+2.152	+2.700	+2.457	+3.174	+5.315	+2.627	+2.740	+0.133	+2.764	+0.065	
rs4970824      +0.034	+0.150	+0.145	+0.150	+0.153	-0.304	-0.304	+0.158	+0.161	+0.172	-0.278	-0.271	-0.388	+0.196	+0.175	+0.188	-0.283	-0.251	-0.145	-0.328	-0.104	-0.061	-0.080	-0.099	-0.206	-0.105	-0.052	+0.060	-0.189	+0.749	+0.915	+1.014	-0.351	+0.670	+0.102	+0.131	+0.098	+0.111	+0.473	+0.093	-0.140	+1.881	+1.936	-0.141	+0.100	+0.353	+0.131	+1.486	+1.697	+2.175	+2.194	+0.063	+1.034	+0.315	+0.519	+0.538	+7.141	+0.518	+7.271	+7.355	+1.352	+0.499	+7.364	+10.504	+0.535	+6.914	+7.042	+8.697	+7.049	+0.132	+0.399	+10.788	+11.137	+11.111	+10.865	-0.114	+10.949	+10.997	+10.962	+0.235	+0.186	+9.710	+0.153	-0.005	+1.777	+1.120	+8.467	+2.207	+2.207	+9.090	+2.121	+8.038	+9.651	+9.657	+2.398	+9.491	+2.037	+5.332	+2.814	+5.738	+2.983	+2.796	+3.231	+3.120	+5.662	+2.025	+2.017	+2.028	+2.712	+2.470	+3.206	+5.303	+2.633	+2.753	+0.125	+2.876	+0.037	
rs12239846     -0.128	-0.028	-0.033	-0.028	-0.026	-0.538	-0.538	-0.021	-0.018	-0.008	-0.523	-0.519	-0.518	+0.014	-0.006	+0.006	-0.527	-0.507	-0.344	-0.536	-0.406	-0.376	-0.389	-0.403	-0.479	-0.408	-0.189	-0.189	-0.120	+0.567	+0.728	+0.745	-0.442	+0.490	-0.071	-0.042	-0.073	-0.062	+0.258	-0.078	-0.328	+1.623	+1.680	-0.325	-0.061	+0.183	-0.032	+1.232	+1.429	+1.923	+1.943	-0.054	+0.848	+0.146	+0.347	+0.364	+6.959	+0.345	+7.092	+7.171	+1.433	+0.328	+7.180	+10.256	+0.361	+6.732	+6.865	+8.414	+6.871	+0.068	+0.234	+9.042	+10.897	+10.871	+10.626	-0.240	+10.710	+10.758	+10.723	+0.074	+0.027	+9.478	-0.003	-0.154	+2.100	+1.005	+8.444	+2.358	+2.357	+8.863	+2.259	+8.062	+9.416	+9.422	+2.294	+9.259	+1.966	+5.324	+2.724	+5.698	+2.886	+2.724	+3.124	+3.017	+5.627	+2.135	+2.126	+2.138	+2.639	+2.418	+3.112	+5.280	+2.563	+2.678	+0.040	+2.822	-0.030	
rs17014532     +1.058	+1.184	+1.179	+1.185	+1.187	+0.549	+0.549	+1.193	+1.197	+1.208	+0.565	+0.570	+0.567	+1.234	+1.212	+1.226	+0.562	+0.585	+0.696	+0.628	+0.760	+0.799	+0.782	+0.765	+0.669	+0.760	+0.691	+0.749	+0.567	+1.029	+1.118	+1.160	+0.626	+0.881	+0.682	+0.693	+0.684	+0.686	+0.963	+0.682	+0.696	+1.859	+1.906	+0.696	+0.679	+0.820	+0.693	+1.687	+1.716	+2.118	+2.135	+0.727	+1.095	+0.789	+0.922	+0.940	+6.739	+0.926	+6.860	+6.936	+2.751	+0.911	+6.945	+10.749	+0.937	+6.548	+6.667	+8.655	+6.672	+0.675	+0.854	+8.877	+11.168	+11.139	+10.880	+0.714	+10.963	+11.015	+10.976	+0.757	+0.731	+9.808	+0.717	+0.645	+2.055	+1.263	+8.478	+3.698	+3.698	+8.906	+3.600	+8.050	+9.462	+9.467	+4.060	+9.303	+2.666	+6.227	+3.439	+6.674	+3.587	+3.380	+3.815	+3.711	+6.601	+3.462	+3.453	+3.464	+3.346	+3.099	+3.840	+6.254	+3.293	+3.398	+0.867	+3.407	+0.821	
rs2296696      +1.243	+1.369	+1.364	+1.370	+1.372	+0.722	+0.722	+1.378	+1.382	+1.393	+0.739	+0.743	+0.743	+1.420	+1.397	+1.412	+0.735	+0.758	+0.862	+0.808	+0.937	+0.976	+0.959	+0.941	+0.845	+0.937	+0.855	+0.915	+0.728	+1.118	+1.214	+1.265	+0.806	+1.031	+0.845	+0.854	+0.849	+0.848	+1.093	+0.847	+0.874	+1.930	+1.974	+0.874	+0.833	+0.958	+0.844	+1.789	+1.795	+2.180	+2.197	+0.880	+1.185	+0.928	+1.051	+1.067	+6.873	+1.053	+6.994	+7.070	+2.964	+1.041	+7.079	+10.675	+1.064	+6.682	+6.802	+8.719	+6.806	+0.837	+0.989	+8.952	+11.117	+11.089	+10.831	+0.884	+10.914	+10.965	+10.927	+0.901	+0.877	+9.749	+0.865	+0.803	+2.206	+1.359	+8.541	+3.916	+3.916	+8.920	+3.817	+8.115	+9.467	+9.473	+4.288	+9.309	+2.798	+6.367	+3.570	+6.814	+3.717	+3.509	+3.943	+3.840	+6.741	+3.677	+3.668	+3.679	+3.476	+3.229	+3.969	+6.394	+3.424	+3.528	+1.021	+3.536	+0.977	
rs3736956      +1.081	+1.166	+1.163	+1.167	+1.169	+0.704	+0.704	+1.173	+1.175	+1.184	+0.714	+0.717	+0.765	+1.203	+1.186	+1.197	+0.711	+0.726	+0.827	+0.714	+0.819	+0.845	+0.835	+0.823	+0.755	+0.818	+0.954	+1.014	+0.745	+1.160	+1.265	+1.220	+1.109	+1.098	+0.935	+0.957	+0.938	+0.944	+0.969	+0.935	+0.899	+1.779	+1.830	+0.901	+1.003	+1.228	+1.027	+1.482	+1.628	+2.049	+2.067	+1.078	+1.290	+1.167	+1.349	+1.363	+6.956	+1.345	+7.078	+7.155	+3.547	+1.340	+7.164	+10.322	+1.359	+6.774	+6.882	+9.221	+6.885	+0.948	+1.273	+8.802	+10.906	+10.887	+10.634	+0.959	+10.720	+10.769	+10.734	+1.138	+1.103	+9.593	+1.081	+0.968	+2.777	+1.749	+8.888	+4.650	+4.649	+8.924	+4.525	+8.534	+9.457	+9.463	+4.283	+9.304	+3.304	+6.391	+3.941	+6.747	+4.105	+3.964	+4.322	+4.232	+6.680	+4.336	+4.324	+4.335	+3.844	+3.652	+4.355	+6.340	+3.781	+3.892	+1.181	+3.920	+1.125	
rs17034458     -0.458	-0.353	-0.358	-0.353	-0.350	-0.824	-0.824	-0.345	-0.342	-0.332	-0.802	-0.797	-0.862	-0.309	-0.329	-0.316	-0.807	-0.780	-0.493	-0.835	-0.639	-0.601	-0.617	-0.634	-0.729	-0.640	-0.279	-0.351	-0.442	+0.626	+0.806	+1.109	-0.480	+0.538	-0.085	-0.049	-0.088	-0.074	+0.319	-0.094	-0.548	+1.734	+1.793	-0.543	-0.094	+0.194	-0.058	+1.329	+1.534	+2.038	+2.058	-0.132	+0.914	+0.152	+0.375	+0.395	+5.891	+0.373	+6.013	+6.090	+0.648	+0.353	+6.098	+11.626	+0.391	+5.666	+5.790	+9.160	+5.795	-0.065	+0.241	+8.545	+11.055	+11.029	+10.783	-0.423	+10.864	+10.911	+10.877	+0.055	-0.001	+10.702	-0.039	-0.227	+1.003	+1.017	+8.472	+1.434	+1.434	+8.999	+1.355	+8.101	+9.564	+9.570	+1.632	+9.403	+1.933	+5.236	+2.714	+5.633	+2.880	+2.681	+3.123	+3.015	+5.558	+1.281	+1.274	+1.284	+2.615	+2.362	+3.104	+5.203	+2.538	+2.657	-0.078	+2.747	-0.183	
rs17034466     +0.962	+1.082	+1.077	+1.083	+1.086	+0.460	+0.460	+1.092	+1.095	+1.107	+0.476	+0.481	+0.478	+1.134	+1.110	+1.126	+0.473	+0.496	+0.614	+0.531	+0.666	+0.703	+0.688	+0.671	+0.575	+0.665	+0.614	+0.670	+0.490	+0.881	+1.031	+1.098	+0.538	+0.935	+0.603	+0.615	+0.604	+0.607	+0.883	+0.602	+0.607	+1.809	+1.862	+0.607	+0.603	+0.750	+0.618	+1.612	+1.658	+2.074	+2.092	+0.654	+1.044	+0.719	+0.857	+0.867	+6.601	+0.853	+6.721	+6.797	+2.638	+0.845	+6.806	+10.955	+0.865	+6.408	+6.529	+8.615	+6.533	+0.597	+0.786	+8.780	+11.268	+11.240	+10.976	+0.630	+11.059	+11.111	+11.073	+0.686	+0.659	+9.930	+0.643	+0.567	+1.941	+1.208	+8.412	+3.578	+3.578	+8.897	+3.476	+7.988	+9.466	+9.472	+3.940	+9.305	+2.584	+6.137	+3.360	+6.575	+3.508	+3.301	+3.734	+3.630	+6.503	+3.344	+3.335	+3.346	+3.262	+3.017	+3.754	+6.156	+3.207	+3.314	+0.787	+3.325	+0.739	
rs68055078     +0.278	+0.383	+0.378	+0.383	+0.385	-0.153	-0.153	+0.391	+0.394	+0.404	-0.138	-0.134	-0.127	+0.428	+0.407	+0.420	-0.142	-0.121	+0.000	-0.102	+0.015	+0.047	+0.034	+0.018	-0.066	+0.012	+0.077	+0.102	-0.071	+0.682	+0.845	+0.935	-0.085	+0.603	+0.312	+0.243	+0.218	+0.227	+0.419	+0.216	+0.033	+1.755	+1.813	+0.033	+0.140	+0.337	+0.161	+1.557	+1.577	+2.041	+2.060	+0.131	+0.936	+0.308	+0.491	+0.506	+8.587	+0.487	+8.727	+8.820	+1.761	+0.467	+8.830	+10.610	+0.503	+8.326	+8.472	+9.023	+8.479	+0.215	+0.370	+9.367	+11.113	+11.089	+10.834	+0.062	+10.918	+10.967	+10.931	+0.229	+0.190	+9.709	+0.166	+0.059	+2.320	+1.108	+8.323	+2.659	+2.659	+8.973	+2.563	+7.898	+9.543	+9.548	+2.912	+9.379	+2.021	+5.377	+2.812	+5.785	+2.967	+2.777	+3.196	+3.093	+5.715	+2.446	+2.437	+2.447	+2.724	+2.481	+3.193	+5.374	+2.653	+2.763	+0.257	+2.812	+0.206	
rs113287688    +0.315	+0.423	+0.419	+0.424	+0.426	-0.119	-0.119	+0.431	+0.434	+0.444	-0.104	-0.100	-0.092	+0.468	+0.447	+0.460	-0.107	-0.087	+0.030	-0.066	+0.049	+0.082	+0.067	+0.052	-0.031	+0.047	+0.106	+0.131	-0.042	+0.693	+0.854	+0.957	-0.049	+0.615	+0.243	+0.351	+0.274	+0.270	+0.435	+0.263	+0.070	+1.769	+1.822	+0.070	+0.163	+0.351	+0.183	+1.586	+1.594	+2.053	+2.072	+0.154	+0.950	+0.324	+0.503	+0.513	+8.627	+0.495	+8.769	+8.863	+1.804	+0.479	+8.873	+10.578	+0.510	+8.376	+8.517	+9.038	+8.524	+0.241	+0.385	+9.395	+11.118	+11.093	+10.839	+0.094	+10.922	+10.973	+10.935	+0.247	+0.210	+9.705	+0.187	+0.086	+2.372	+1.121	+8.332	+2.706	+2.706	+8.969	+2.614	+7.906	+9.537	+9.543	+2.958	+9.376	+2.039	+5.391	+2.828	+5.803	+2.982	+2.793	+3.212	+3.109	+5.734	+2.492	+2.483	+2.493	+2.743	+2.500	+3.211	+5.393	+2.672	+2.782	+0.282	+2.827	+0.232	
rs113835413    +0.275	+0.383	+0.378	+0.383	+0.386	-0.156	-0.156	+0.391	+0.394	+0.404	-0.141	-0.136	-0.130	+0.427	+0.407	+0.419	-0.144	-0.124	-0.003	-0.104	+0.012	+0.045	+0.030	+0.015	-0.069	+0.010	+0.075	+0.098	-0.073	+0.684	+0.849	+0.938	-0.088	+0.604	+0.218	+0.274	+0.309	+0.245	+0.420	+0.235	+0.031	+1.757	+1.811	+0.031	+0.140	+0.339	+0.162	+1.560	+1.580	+2.043	+2.062	+0.128	+0.937	+0.311	+0.496	+0.506	+8.540	+0.487	+8.681	+8.774	+1.753	+0.471	+8.785	+10.605	+0.503	+8.289	+8.430	+9.081	+8.437	+0.215	+0.372	+9.348	+11.138	+11.112	+10.857	+0.059	+10.941	+10.992	+10.954	+0.229	+0.190	+9.726	+0.165	+0.058	+2.317	+1.103	+8.325	+2.652	+2.652	+8.977	+2.560	+7.899	+9.547	+9.552	+2.902	+9.385	+2.021	+5.369	+2.809	+5.781	+2.964	+2.775	+3.194	+3.091	+5.711	+2.439	+2.430	+2.440	+2.723	+2.480	+3.192	+5.370	+2.652	+2.762	+0.253	+2.809	+0.201	
rs17034539     +0.289	+0.397	+0.392	+0.397	+0.400	-0.142	-0.142	+0.405	+0.408	+0.418	-0.127	-0.123	-0.116	+0.441	+0.421	+0.434	-0.131	-0.110	+0.010	-0.090	+0.025	+0.059	+0.044	+0.028	-0.054	+0.023	+0.086	+0.111	-0.062	+0.686	+0.848	+0.944	-0.074	+0.607	+0.227	+0.270	+0.245	+0.324	+0.424	+0.248	+0.045	+1.760	+1.814	+0.045	+0.148	+0.342	+0.169	+1.571	+1.583	+2.045	+2.064	+0.138	+0.940	+0.314	+0.497	+0.507	+8.582	+0.488	+8.723	+8.817	+1.773	+0.472	+8.827	+10.589	+0.504	+8.331	+8.471	+9.060	+8.479	+0.224	+0.375	+9.358	+11.125	+11.100	+10.845	+0.072	+10.929	+10.979	+10.942	+0.235	+0.196	+9.713	+0.172	+0.067	+2.338	+1.110	+8.328	+2.671	+2.671	+8.970	+2.579	+7.902	+9.539	+9.545	+2.923	+9.377	+2.026	+5.377	+2.815	+5.788	+2.970	+2.780	+3.200	+3.097	+5.719	+2.458	+2.449	+2.458	+2.729	+2.486	+3.198	+5.378	+2.658	+2.768	+0.264	+2.817	+0.213	
rs3197232      +0.730	+0.844	+0.840	+0.845	+0.848	+0.227	+0.228	+0.853	+0.857	+0.867	+0.241	+0.245	+0.270	+0.894	+0.871	+0.885	+0.237	+0.256	+0.380	+0.283	+0.401	+0.431	+0.420	+0.405	+0.321	+0.398	+0.421	+0.473	+0.258	+0.963	+1.093	+0.969	+0.319	+0.883	+0.419	+0.435	+0.420	+0.424	+0.708	+0.417	+0.395	+1.732	+1.787	+0.395	+0.425	+0.588	+0.443	+1.467	+1.561	+2.013	+2.032	+0.472	+1.313	+0.558	+0.708	+0.718	+7.490	+0.703	+7.622	+7.705	+2.427	+0.696	+7.715	+10.339	+0.716	+7.312	+7.418	+8.734	+7.423	+0.616	+0.632	+9.392	+10.923	+10.899	+10.653	+0.431	+10.737	+10.784	+10.750	+0.520	+0.489	+9.511	+0.472	+0.383	+3.170	+1.526	+8.411	+3.393	+3.393	+8.895	+3.284	+7.985	+9.451	+9.456	+3.721	+9.295	+2.368	+5.450	+3.334	+5.860	+3.496	+3.292	+3.708	+3.620	+5.794	+3.136	+3.125	+3.135	+3.249	+2.990	+3.712	+5.462	+3.173	+3.283	+0.631	+3.072	+0.590	
rs61799391     +0.269	+0.376	+0.372	+0.377	+0.379	-0.161	-0.161	+0.384	+0.387	+0.397	-0.146	-0.142	-0.136	+0.420	+0.400	+0.413	-0.150	-0.130	-0.008	-0.111	+0.006	+0.039	+0.024	+0.009	-0.074	+0.004	+0.070	+0.093	-0.078	+0.682	+0.847	+0.935	-0.094	+0.602	+0.216	+0.263	+0.235	+0.248	+0.417	+0.302	+0.025	+1.754	+1.808	+0.025	+0.137	+0.338	+0.159	+1.556	+1.576	+2.040	+2.059	+0.124	+0.934	+0.310	+0.497	+0.506	+8.549	+0.487	+8.690	+8.783	+1.748	+0.471	+8.794	+10.617	+0.503	+8.298	+8.438	+9.106	+8.445	+0.209	+0.371	+9.326	+11.146	+11.120	+10.865	+0.054	+10.949	+10.999	+10.962	+0.226	+0.187	+9.734	+0.162	+0.054	+2.312	+1.099	+8.323	+2.645	+2.645	+8.979	+2.553	+7.897	+9.549	+9.555	+2.897	+9.387	+2.016	+5.365	+2.805	+5.776	+2.960	+2.771	+3.190	+3.087	+5.706	+2.432	+2.423	+2.432	+2.719	+2.476	+3.188	+5.365	+2.647	+2.758	+0.249	+2.807	+0.197	
rs4970829      -0.191	-0.084	-0.088	-0.083	-0.081	-0.522	-0.522	-0.076	-0.073	-0.063	-0.498	-0.491	-0.588	-0.040	-0.060	-0.048	-0.503	-0.472	-0.308	-0.547	-0.336	-0.295	-0.313	-0.331	-0.432	-0.337	-0.144	-0.140	-0.328	+0.696	+0.874	+0.899	-0.548	+0.607	+0.033	+0.070	+0.031	+0.045	+0.395	+0.025	-0.169	+1.794	+1.852	-0.248	+0.013	+0.290	+0.047	+1.377	+1.600	+2.096	+2.116	-0.010	+0.950	+0.253	+0.473	+0.489	+6.749	+0.467	+6.878	+6.960	+1.087	+0.449	+6.969	+10.634	+0.485	+6.524	+6.651	+8.911	+6.658	+0.038	+0.336	+10.431	+11.225	+11.201	+10.949	-0.154	+11.033	+11.082	+11.046	+0.153	+0.099	+9.812	+0.063	-0.114	+1.499	+1.079	+8.592	+1.922	+1.922	+9.121	+1.838	+8.154	+9.692	+9.697	+2.106	+9.533	+2.145	+5.468	+2.923	+5.876	+3.107	+2.917	+3.373	+3.255	+5.794	+1.743	+1.735	+1.745	+2.803	+2.555	+3.327	+5.417	+2.715	+2.845	+0.116	+3.070	-0.037	
rs2924         +1.984	+2.069	+2.065	+2.069	+2.071	+1.614	+1.614	+2.075	+2.078	+2.085	+1.624	+1.627	+1.678	+2.105	+2.088	+2.098	+1.622	+1.637	+1.775	+1.690	+1.797	+1.828	+1.816	+1.801	+1.716	+1.796	+1.812	+1.881	+1.623	+1.859	+1.930	+1.779	+1.734	+1.809	+1.755	+1.769	+1.757	+1.760	+1.732	+1.754	+1.794	+2.173	+2.169	+1.795	+1.718	+1.825	+1.726	+1.945	+2.013	+2.495	+2.523	+1.759	+1.813	+1.785	+1.888	+1.895	+7.355	+1.885	+7.476	+7.541	+4.809	+1.881	+7.550	+10.293	+1.894	+7.187	+7.290	+8.858	+7.294	+1.748	+1.842	+8.559	+11.339	+11.343	+11.041	+1.830	+11.148	+11.202	+11.162	+1.768	+1.751	+9.495	+1.742	+1.700	+3.670	+2.083	+8.829	+5.964	+5.964	+8.882	+5.826	+8.400	+9.450	+9.456	+5.487	+9.288	+4.140	+7.143	+4.863	+7.621	+5.027	+4.781	+5.240	+5.152	+7.550	+5.574	+5.561	+5.571	+4.757	+4.480	+5.302	+7.215	+4.703	+4.804	+2.014	+4.635	+1.968	
rs687074       +2.041	+2.128	+2.124	+2.128	+2.130	+1.671	+1.671	+2.134	+2.137	+2.144	+1.681	+1.684	+1.736	+2.163	+2.147	+2.157	+1.679	+1.694	+1.829	+1.747	+1.854	+1.885	+1.873	+1.858	+1.773	+1.853	+1.866	+1.936	+1.680	+1.906	+1.974	+1.830	+1.793	+1.862	+1.813	+1.822	+1.811	+1.814	+1.787	+1.808	+1.852	+2.169	+2.234	+1.853	+1.774	+1.876	+1.781	+1.989	+2.054	+2.388	+2.408	+1.813	+1.863	+1.838	+1.937	+1.952	+7.387	+1.943	+7.508	+7.574	+4.880	+1.931	+7.583	+10.287	+1.951	+7.222	+7.324	+8.879	+7.327	+1.803	+1.892	+8.571	+11.331	+11.333	+11.033	+1.886	+11.138	+11.194	+11.152	+1.820	+1.804	+9.497	+1.795	+1.755	+3.727	+2.124	+8.867	+6.040	+6.039	+8.883	+5.909	+8.436	+9.447	+9.453	+5.553	+9.286	+4.194	+7.183	+4.910	+7.666	+5.074	+4.828	+5.287	+5.199	+7.594	+5.649	+5.636	+5.645	+4.807	+4.530	+5.351	+7.260	+4.753	+4.854	+2.068	+4.684	+2.022	
rs61799425     -0.185	-0.078	-0.083	-0.078	-0.076	-0.516	-0.516	-0.070	-0.067	-0.057	-0.492	-0.486	-0.583	-0.035	-0.054	-0.042	-0.497	-0.467	-0.304	-0.541	-0.330	-0.289	-0.308	-0.325	-0.426	-0.331	-0.143	-0.141	-0.325	+0.696	+0.874	+0.901	-0.543	+0.607	+0.033	+0.070	+0.031	+0.045	+0.395	+0.025	-0.248	+1.795	+1.853	-0.163	+0.014	+0.291	+0.048	+1.378	+1.601	+2.096	+2.116	-0.010	+0.951	+0.253	+0.473	+0.489	+6.763	+0.467	+6.892	+6.974	+1.095	+0.449	+6.984	+10.631	+0.486	+6.538	+6.665	+8.906	+6.672	+0.039	+0.337	+10.454	+11.223	+11.198	+10.946	-0.151	+11.030	+11.079	+11.043	+0.154	+0.100	+9.809	+0.064	-0.112	+1.508	+1.079	+8.589	+1.931	+1.931	+9.119	+1.847	+8.150	+9.690	+9.696	+2.116	+9.531	+2.142	+5.465	+2.919	+5.872	+3.103	+2.913	+3.369	+3.251	+5.791	+1.751	+1.743	+1.753	+2.800	+2.551	+3.323	+5.413	+2.712	+2.841	+0.115	+3.066	-0.036	
rs11102960     +0.278	+0.386	+0.382	+0.387	+0.389	-0.143	-0.143	+0.395	+0.398	+0.408	-0.125	-0.121	-0.135	+0.431	+0.411	+0.423	-0.129	-0.106	+0.032	-0.091	+0.041	+0.076	+0.060	+0.044	-0.047	+0.038	+0.071	+0.100	-0.061	+0.679	+0.833	+1.003	-0.094	+0.603	+0.140	+0.163	+0.140	+0.148	+0.425	+0.137	+0.013	+1.718	+1.774	+0.014	+0.296	+0.419	+0.243	+1.634	+1.536	+2.009	+2.029	+0.119	+0.905	+0.503	+0.719	+0.656	+9.027	+0.625	+9.167	+9.254	+1.798	+0.618	+9.264	+10.883	+0.645	+8.734	+8.884	+9.628	+8.894	+0.232	+0.437	+8.925	+11.309	+11.277	+11.022	+0.054	+11.106	+11.157	+11.120	+0.256	+0.212	+9.938	+0.184	+0.087	+2.405	+1.031	+8.299	+2.705	+2.705	+9.051	+2.610	+7.871	+9.632	+9.638	+2.988	+9.466	+2.060	+5.500	+2.866	+5.915	+3.020	+2.826	+3.249	+3.145	+5.844	+2.469	+2.460	+2.468	+2.779	+2.535	+3.256	+5.504	+2.710	+2.817	+0.264	+2.825	+0.212	
rs3118502      +0.523	+0.625	+0.621	+0.626	+0.628	+0.125	+0.125	+0.633	+0.635	+0.645	+0.141	+0.146	+0.146	+0.667	+0.647	+0.659	+0.138	+0.159	+0.279	+0.183	+0.304	+0.338	+0.323	+0.307	+0.220	+0.301	+0.308	+0.353	+0.183	+0.820	+0.958	+1.228	+0.194	+0.750	+0.337	+0.351	+0.339	+0.342	+0.588	+0.338	+0.290	+1.825	+1.876	+0.291	+0.419	+0.597	+0.409	+1.908	+1.663	+2.096	+2.114	+0.332	+1.009	+0.456	+0.585	+0.591	+9.247	+0.575	+9.384	+9.469	+1.968	+0.562	+9.478	+10.667	+0.587	+8.950	+9.101	+9.330	+9.111	+0.459	+0.484	+9.122	+11.133	+11.104	+10.853	+0.314	+10.937	+10.985	+10.950	+0.389	+0.369	+9.767	+0.357	+0.333	+2.644	+1.159	+8.293	+2.839	+2.838	+8.964	+2.748	+7.868	+9.536	+9.542	+3.170	+9.372	+2.184	+5.628	+2.998	+6.046	+3.149	+2.952	+3.374	+3.271	+5.977	+2.610	+2.601	+2.608	+2.915	+2.670	+3.387	+5.644	+2.848	+2.952	+0.495	+2.929	+0.453	
