## Summary of overall evidence for association with region:
## log10(BF for region) = -0.267756
## p-value for region = NA

## BFs for choosing among multi-SNP models:
## log10(average 1-SNP BF) = -0.216332
## log10(average 2-SNP BF) = -0.39351

## Example posterior probabilities for multi-SNP models, based on default prior: [p(l) propto 0.5^l for l=1,2,...,L]
## posterior probability of 1-SNP = 0.750469
## posterior probability of 2-SNP = 0.249531

## log10(BF) for single SNP and pair of SNPs:
rs811863       -0.012	-0.118	-0.143	-0.464	+0.130	+0.134	+0.118	+0.112	-0.136	-0.139	-0.503	-0.454	-0.452	-0.505	-0.456	-0.506	-0.341	-0.507	-0.507	-0.507	-0.158	-0.366	-0.508	-0.243	-0.397	-0.170	-0.395	-0.451	-0.394	-0.179	-0.384	+0.041	-0.321	-0.508	-0.416	-0.071	-0.072	-0.072	-0.072	-0.492	-0.076	-0.175	-0.175	-0.181	-0.181	-0.079	-0.186	-0.183	-0.138	-0.184	-0.184	-0.184	-0.186	-0.186	-0.186	-0.185	-0.185	-0.188	-0.179	-0.179	-0.391	-0.068	-0.390	-0.120	-0.357	-0.213	+0.405	+0.100	+0.216	-0.352	-0.538	-0.548	-0.366	-0.557	-0.576	-0.576	-0.549	-0.549	-0.534	-0.531	-0.406	-0.411	-0.547	-0.522	-0.546	-0.511	-0.535	-0.549	-0.539	-0.552	-0.553	-0.557	-0.554	-0.557	-0.556	-0.330	-0.346	-0.301	-0.105	-0.311	-0.349	-0.100	-0.573	-0.573	-0.574	-0.343	-0.366	-0.374	-0.372	-0.372	-0.370	-0.372	-0.368	-0.368	-0.366	-0.316	-0.314	-0.365	-0.365	-0.300	-0.284	-0.283	-0.365	-0.365	-0.374	-0.011	+0.002	-0.345	+0.104	-0.505	-0.489	-0.500	-0.286	-0.500	-0.500	-0.503	-0.500	-0.501	-0.468	-0.501	-0.469	-0.496	-0.236	-0.495	-0.273	-0.324	-0.305	-0.533	-0.542	-0.543	-0.546	-0.329	-0.222	-0.354	-0.008	+0.358	+0.358	+0.097	+0.349	
rs7739162      -0.118	-0.153	-0.249	-0.563	+0.147	+0.152	+0.134	+0.128	-0.290	-0.291	-0.611	-0.574	-0.574	-0.612	-0.573	-0.612	-0.423	-0.608	-0.609	-0.609	-0.306	-0.512	-0.606	-0.343	-0.526	-0.323	-0.526	-0.573	-0.525	-0.327	-0.519	+0.117	-0.477	-0.412	-0.562	-0.006	-0.007	-0.007	-0.007	-0.651	-0.011	-0.359	-0.359	-0.365	-0.364	-0.016	-0.369	-0.366	-0.325	-0.367	-0.367	-0.367	-0.368	-0.368	-0.368	-0.368	-0.368	-0.371	-0.363	-0.363	-0.546	-0.001	-0.545	-0.306	-0.523	-0.290	+0.071	+0.221	-0.109	-0.520	-0.595	-0.609	-0.529	-0.626	-0.654	-0.653	-0.611	-0.611	-0.590	-0.586	-0.444	-0.449	-0.656	-0.633	-0.657	-0.625	-0.647	-0.659	-0.651	-0.662	-0.663	-0.667	-0.664	-0.667	-0.666	-0.467	-0.482	-0.439	-0.028	-0.448	-0.484	-0.019	-0.681	-0.681	-0.683	-0.478	-0.500	-0.508	-0.506	-0.506	-0.505	-0.506	-0.503	-0.502	-0.501	-0.454	-0.452	-0.500	-0.500	-0.438	-0.427	-0.427	-0.500	-0.500	-0.508	+0.016	-0.275	-0.481	+0.148	-0.617	-0.601	-0.612	-0.426	-0.612	-0.612	-0.615	-0.612	-0.612	-0.580	-0.613	-0.582	-0.608	-0.376	-0.608	-0.411	-0.460	-0.441	-0.644	-0.652	-0.653	-0.656	-0.464	-0.406	-0.487	+0.015	+0.025	+0.026	+0.135	+0.020	
rs79006793     -0.143	-0.249	-0.180	-0.588	+0.126	+0.131	+0.113	+0.107	-0.305	-0.307	-0.636	-0.598	-0.598	-0.637	-0.598	-0.636	-0.449	-0.633	-0.633	-0.633	-0.324	-0.536	-0.631	-0.372	-0.551	-0.343	-0.550	-0.597	-0.549	-0.348	-0.543	+0.091	-0.500	-0.444	-0.586	-0.031	-0.032	-0.032	-0.032	-0.676	-0.036	-0.376	-0.377	-0.382	-0.382	-0.041	-0.387	-0.384	-0.343	-0.384	-0.384	-0.384	-0.386	-0.386	-0.386	-0.385	-0.386	-0.388	-0.380	-0.380	-0.570	-0.026	-0.569	-0.324	-0.546	-0.317	+0.069	+0.194	-0.116	-0.543	-0.623	-0.637	-0.552	-0.653	-0.680	-0.679	-0.638	-0.638	-0.618	-0.614	-0.474	-0.480	-0.679	-0.655	-0.679	-0.647	-0.669	-0.682	-0.673	-0.685	-0.686	-0.690	-0.687	-0.690	-0.689	-0.487	-0.502	-0.460	-0.054	-0.468	-0.505	-0.046	-0.705	-0.705	-0.706	-0.499	-0.521	-0.528	-0.527	-0.527	-0.526	-0.527	-0.524	-0.523	-0.522	-0.474	-0.472	-0.521	-0.521	-0.458	-0.447	-0.447	-0.521	-0.521	-0.529	-0.008	-0.289	-0.502	+0.124	-0.639	-0.623	-0.634	-0.446	-0.634	-0.634	-0.637	-0.635	-0.635	-0.602	-0.635	-0.604	-0.630	-0.396	-0.630	-0.431	-0.480	-0.462	-0.666	-0.675	-0.676	-0.679	-0.484	-0.430	-0.508	-0.009	+0.018	+0.019	+0.111	+0.012	
rs169945       -0.464	-0.563	-0.588	-0.533	-0.085	-0.081	-0.100	-0.106	-0.578	-0.581	-0.960	-0.760	-0.758	-0.961	-0.765	-0.962	-0.792	-0.961	-0.961	-0.961	-0.599	-0.707	-0.960	-0.690	-0.755	-0.615	-0.753	-0.761	-0.751	-0.624	-0.738	-0.237	-0.686	-0.874	-0.836	-0.349	-0.350	-0.350	-0.350	-0.989	-0.354	-0.541	-0.542	-0.549	-0.548	-0.358	-0.554	-0.550	-0.501	-0.551	-0.551	-0.551	-0.553	-0.553	-0.553	-0.553	-0.553	-0.556	-0.547	-0.547	-0.810	-0.345	-0.809	-0.471	-0.774	-0.666	-0.071	-0.158	-0.258	-0.772	-1.001	-1.008	-0.787	-1.015	-1.024	-1.024	-1.009	-1.009	-0.998	-0.996	-0.895	-0.899	-0.964	-0.931	-0.963	-0.918	-0.949	-0.966	-0.953	-0.970	-0.971	-0.976	-0.972	-0.977	-0.976	-0.717	-0.735	-0.685	-0.397	-0.695	-0.739	-0.389	-1.011	-1.011	-1.002	-0.732	-0.758	-0.767	-0.765	-0.765	-0.763	-0.765	-0.761	-0.760	-0.759	-0.701	-0.699	-0.758	-0.757	-0.683	-0.671	-0.670	-0.757	-0.758	-0.767	-0.316	-0.459	-0.735	-0.186	-0.901	-0.881	-0.895	-0.669	-0.895	-0.895	-0.899	-0.896	-0.896	-0.855	-0.897	-0.856	-0.890	-0.606	-0.889	-0.647	-0.704	-0.682	-0.936	-0.947	-0.949	-0.954	-0.708	-0.568	-0.737	-0.311	-0.108	-0.108	-0.193	-0.113	
rs777574       +0.130	+0.147	+0.126	-0.085	+0.334	+0.270	+0.255	+0.252	+0.130	+0.127	+0.120	-0.065	-0.061	+0.117	-0.071	+0.122	+0.240	+0.145	+0.142	+0.142	+0.115	+0.031	+0.160	+0.046	-0.012	+0.107	-0.010	-0.063	-0.008	+0.101	+0.005	+0.284	+0.081	-0.145	-0.004	+0.231	+0.230	+0.231	+0.231	-0.186	+0.228	+0.082	+0.081	+0.076	+0.076	+0.227	+0.072	+0.075	+0.113	+0.074	+0.074	+0.074	+0.071	+0.071	+0.071	+0.073	+0.073	+0.070	+0.078	+0.078	+0.029	+0.235	+0.030	+0.125	+0.074	+0.167	+0.643	+0.357	+0.464	+0.079	-0.221	-0.221	+0.062	-0.219	-0.205	-0.206	-0.221	-0.221	-0.221	-0.220	-0.165	-0.168	-0.106	-0.060	-0.098	-0.033	-0.078	-0.100	-0.078	-0.102	-0.104	-0.111	-0.105	-0.112	-0.110	-0.055	-0.067	-0.029	+0.201	-0.037	-0.069	+0.207	-0.178	-0.178	-0.149	-0.064	-0.083	-0.089	-0.087	-0.087	-0.086	-0.087	-0.085	-0.084	-0.083	-0.040	-0.039	-0.082	-0.082	-0.031	-0.018	-0.017	-0.082	-0.082	-0.089	+0.113	+0.259	-0.065	+0.199	-0.196	-0.187	-0.194	-0.015	-0.194	-0.194	-0.195	-0.194	-0.194	-0.173	-0.194	-0.174	-0.191	+0.025	-0.191	-0.005	-0.047	-0.032	-0.210	-0.214	-0.215	-0.216	-0.051	+0.198	-0.071	+0.120	+0.570	+0.571	+0.199	+0.562	
rs777576       +0.134	+0.152	+0.131	-0.081	+0.270	+0.339	+0.260	+0.257	+0.135	+0.132	+0.126	-0.060	-0.056	+0.124	-0.066	+0.129	+0.246	+0.151	+0.149	+0.148	+0.119	+0.036	+0.167	+0.050	-0.007	+0.111	-0.005	-0.058	-0.003	+0.106	+0.011	+0.288	+0.086	-0.141	+0.001	+0.235	+0.234	+0.235	+0.235	-0.181	+0.232	+0.086	+0.085	+0.080	+0.081	+0.231	+0.076	+0.079	+0.117	+0.078	+0.078	+0.078	+0.075	+0.075	+0.075	+0.077	+0.077	+0.075	+0.082	+0.082	+0.034	+0.239	+0.036	+0.129	+0.079	+0.172	+0.647	+0.360	+0.469	+0.085	-0.216	-0.216	+0.068	-0.214	-0.200	-0.201	-0.216	-0.216	-0.216	-0.215	-0.161	-0.163	-0.101	-0.056	-0.093	-0.029	-0.074	-0.095	-0.074	-0.097	-0.099	-0.106	-0.100	-0.108	-0.106	-0.051	-0.063	-0.025	+0.205	-0.033	-0.065	+0.211	-0.173	-0.173	-0.144	-0.060	-0.078	-0.084	-0.083	-0.083	-0.082	-0.083	-0.080	-0.080	-0.078	-0.036	-0.034	-0.078	-0.077	-0.027	-0.014	-0.013	-0.078	-0.078	-0.084	+0.116	+0.263	-0.061	+0.203	-0.192	-0.182	-0.189	-0.011	-0.189	-0.189	-0.191	-0.189	-0.189	-0.169	-0.190	-0.170	-0.187	+0.029	-0.186	-0.001	-0.043	-0.027	-0.206	-0.210	-0.210	-0.212	-0.046	+0.204	-0.067	+0.124	+0.575	+0.575	+0.202	+0.566	
rs705821       +0.118	+0.134	+0.113	-0.100	+0.255	+0.260	+0.319	+0.249	+0.117	+0.114	+0.104	-0.079	-0.076	+0.101	-0.085	+0.106	+0.223	+0.128	+0.126	+0.125	+0.101	+0.017	+0.144	+0.032	-0.026	+0.093	-0.024	-0.078	-0.022	+0.087	-0.009	+0.272	+0.067	-0.159	-0.018	+0.219	+0.218	+0.218	+0.218	-0.200	+0.215	+0.068	+0.068	+0.063	+0.063	+0.214	+0.058	+0.061	+0.099	+0.061	+0.061	+0.061	+0.058	+0.058	+0.058	+0.060	+0.059	+0.057	+0.065	+0.065	+0.015	+0.223	+0.016	+0.112	+0.059	+0.152	+0.629	+0.345	+0.450	+0.065	-0.235	-0.235	+0.048	-0.233	-0.219	-0.220	-0.235	-0.235	-0.235	-0.234	-0.179	-0.181	-0.120	-0.074	-0.111	-0.047	-0.092	-0.113	-0.092	-0.115	-0.117	-0.125	-0.119	-0.126	-0.124	-0.067	-0.080	-0.041	+0.188	-0.049	-0.081	+0.194	-0.192	-0.192	-0.162	-0.076	-0.095	-0.101	-0.100	-0.100	-0.098	-0.099	-0.097	-0.096	-0.095	-0.053	-0.051	-0.094	-0.094	-0.043	-0.030	-0.029	-0.094	-0.094	-0.101	+0.102	+0.245	-0.077	+0.190	-0.210	-0.200	-0.207	-0.027	-0.207	-0.207	-0.209	-0.207	-0.207	-0.186	-0.208	-0.187	-0.204	+0.013	-0.204	-0.017	-0.059	-0.044	-0.224	-0.228	-0.228	-0.230	-0.063	+0.184	-0.083	+0.110	+0.557	+0.557	+0.189	+0.549	
rs777191       +0.112	+0.128	+0.107	-0.106	+0.252	+0.257	+0.249	+0.313	+0.111	+0.108	+0.096	-0.085	-0.082	+0.094	-0.091	+0.099	+0.216	+0.121	+0.119	+0.118	+0.095	+0.010	+0.136	+0.026	-0.032	+0.087	-0.030	-0.084	-0.028	+0.082	-0.015	+0.267	+0.061	-0.165	-0.024	+0.213	+0.213	+0.213	+0.213	-0.206	+0.210	+0.063	+0.062	+0.057	+0.058	+0.209	+0.053	+0.056	+0.094	+0.055	+0.055	+0.055	+0.052	+0.052	+0.052	+0.054	+0.054	+0.052	+0.059	+0.059	+0.008	+0.217	+0.010	+0.106	+0.053	+0.146	+0.623	+0.339	+0.445	+0.059	-0.241	-0.241	+0.042	-0.239	-0.225	-0.226	-0.241	-0.241	-0.240	-0.240	-0.184	-0.187	-0.126	-0.080	-0.117	-0.053	-0.098	-0.120	-0.098	-0.121	-0.124	-0.131	-0.125	-0.132	-0.130	-0.073	-0.085	-0.047	+0.183	-0.055	-0.087	+0.188	-0.198	-0.198	-0.168	-0.082	-0.101	-0.107	-0.105	-0.105	-0.104	-0.105	-0.103	-0.102	-0.101	-0.058	-0.056	-0.100	-0.100	-0.049	-0.036	-0.035	-0.100	-0.100	-0.107	+0.098	+0.240	-0.083	+0.185	-0.215	-0.206	-0.212	-0.033	-0.213	-0.213	-0.214	-0.213	-0.213	-0.192	-0.213	-0.193	-0.210	+0.007	-0.210	-0.023	-0.065	-0.049	-0.230	-0.234	-0.234	-0.236	-0.068	+0.178	-0.089	+0.105	+0.552	+0.552	+0.184	+0.543	
rs35540914     -0.136	-0.290	-0.305	-0.578	+0.130	+0.135	+0.117	+0.111	-0.170	-0.261	-0.626	-0.588	-0.589	-0.627	-0.588	-0.626	-0.437	-0.623	-0.623	-0.623	-0.279	-0.527	-0.620	-0.322	-0.541	-0.305	-0.541	-0.587	-0.540	-0.311	-0.534	+0.098	-0.492	-0.421	-0.577	-0.024	-0.025	-0.025	-0.025	-0.663	-0.029	-0.375	-0.376	-0.381	-0.381	-0.033	-0.386	-0.383	-0.342	-0.383	-0.383	-0.383	-0.385	-0.385	-0.385	-0.384	-0.385	-0.387	-0.379	-0.379	-0.562	-0.019	-0.560	-0.323	-0.538	-0.306	+0.080	+0.201	-0.111	-0.535	-0.607	-0.621	-0.544	-0.638	-0.666	-0.665	-0.623	-0.623	-0.601	-0.597	-0.454	-0.459	-0.671	-0.648	-0.672	-0.640	-0.662	-0.674	-0.666	-0.677	-0.678	-0.682	-0.679	-0.682	-0.681	-0.484	-0.499	-0.457	-0.046	-0.466	-0.502	-0.038	-0.695	-0.695	-0.697	-0.496	-0.518	-0.525	-0.524	-0.523	-0.522	-0.523	-0.520	-0.520	-0.518	-0.471	-0.469	-0.517	-0.517	-0.456	-0.445	-0.445	-0.517	-0.518	-0.525	-0.006	-0.286	-0.499	+0.125	-0.633	-0.617	-0.628	-0.444	-0.628	-0.628	-0.631	-0.629	-0.629	-0.597	-0.630	-0.599	-0.625	-0.394	-0.624	-0.429	-0.477	-0.459	-0.660	-0.668	-0.669	-0.672	-0.481	-0.422	-0.505	-0.006	+0.020	+0.021	+0.113	+0.014	
rs79533509     -0.139	-0.291	-0.307	-0.581	+0.127	+0.132	+0.114	+0.108	-0.261	-0.174	-0.629	-0.591	-0.592	-0.630	-0.591	-0.629	-0.441	-0.626	-0.626	-0.626	-0.282	-0.530	-0.623	-0.325	-0.545	-0.308	-0.544	-0.590	-0.543	-0.314	-0.537	+0.095	-0.495	-0.424	-0.580	-0.027	-0.028	-0.028	-0.027	-0.667	-0.032	-0.377	-0.378	-0.383	-0.383	-0.036	-0.388	-0.385	-0.344	-0.385	-0.386	-0.386	-0.387	-0.387	-0.387	-0.387	-0.387	-0.389	-0.381	-0.381	-0.565	-0.022	-0.564	-0.325	-0.541	-0.310	+0.080	+0.198	-0.111	-0.538	-0.610	-0.624	-0.547	-0.641	-0.670	-0.669	-0.626	-0.626	-0.604	-0.601	-0.457	-0.463	-0.674	-0.651	-0.675	-0.643	-0.665	-0.677	-0.669	-0.680	-0.681	-0.685	-0.682	-0.685	-0.684	-0.487	-0.502	-0.460	-0.049	-0.468	-0.505	-0.041	-0.698	-0.698	-0.700	-0.499	-0.520	-0.528	-0.526	-0.526	-0.525	-0.526	-0.523	-0.523	-0.521	-0.474	-0.472	-0.520	-0.520	-0.458	-0.448	-0.447	-0.520	-0.520	-0.528	-0.009	-0.287	-0.502	+0.122	-0.636	-0.620	-0.631	-0.447	-0.631	-0.631	-0.634	-0.632	-0.632	-0.600	-0.633	-0.601	-0.628	-0.397	-0.627	-0.432	-0.480	-0.462	-0.663	-0.671	-0.672	-0.675	-0.484	-0.425	-0.508	-0.009	+0.019	+0.020	+0.110	+0.013	
rs74583927     -0.503	-0.611	-0.636	-0.960	+0.120	+0.126	+0.104	+0.096	-0.626	-0.629	-0.579	-0.955	-0.954	-0.719	-0.957	-0.721	-0.775	-0.721	-0.722	-0.723	-0.648	-0.882	-0.715	-0.737	-0.905	-0.663	-0.904	-0.953	-0.902	-0.671	-0.895	-0.274	-0.843	-0.950	-0.933	-0.383	-0.384	-0.384	-0.384	-1.046	-0.388	-0.614	-0.614	-0.621	-0.620	-0.392	-0.626	-0.622	-0.575	-0.623	-0.623	-0.623	-0.625	-0.625	-0.626	-0.624	-0.625	-0.628	-0.619	-0.619	-0.912	-0.379	-0.911	-0.556	-0.884	-0.714	-0.124	-0.194	-0.309	-0.880	-1.017	-1.024	-0.891	-1.030	-1.042	-1.042	-1.025	-1.025	-1.014	-1.012	-0.911	-0.915	-0.973	-0.934	-0.969	-0.916	-0.953	-0.972	-0.956	-0.975	-0.977	-0.983	-0.978	-0.984	-0.982	-0.772	-0.790	-0.741	-0.434	-0.751	-0.794	-0.426	-1.029	-1.029	-1.013	-0.787	-0.812	-0.820	-0.819	-0.819	-0.817	-0.818	-0.815	-0.814	-0.812	-0.757	-0.754	-0.811	-0.811	-0.740	-0.729	-0.728	-0.811	-0.812	-0.821	-0.310	-0.505	-0.789	-0.171	-0.961	-0.941	-0.954	-0.725	-0.955	-0.955	-0.959	-0.955	-0.955	-0.916	-0.956	-0.918	-0.950	-0.669	-0.949	-0.709	-0.765	-0.743	-0.994	-1.005	-1.007	-1.011	-0.769	-0.761	-0.796	-0.310	-0.156	-0.155	-0.184	-0.161	
rs3127370      -0.454	-0.574	-0.598	-0.760	-0.065	-0.060	-0.079	-0.085	-0.588	-0.591	-0.955	-0.532	-0.662	-0.957	-0.662	-0.957	-0.791	-0.956	-0.956	-0.956	-0.609	-0.724	-0.956	-0.698	-0.758	-0.624	-0.756	-0.678	-0.755	-0.633	-0.746	-0.224	-0.706	-0.878	-0.844	-0.345	-0.346	-0.346	-0.346	-0.983	-0.350	-0.506	-0.506	-0.514	-0.513	-0.354	-0.520	-0.516	-0.464	-0.517	-0.517	-0.517	-0.518	-0.518	-0.519	-0.518	-0.519	-0.522	-0.512	-0.512	-0.822	-0.341	-0.821	-0.428	-0.791	-0.670	-0.082	-0.144	-0.267	-0.788	-1.006	-1.013	-0.802	-1.018	-1.024	-1.024	-1.013	-1.013	-1.004	-1.002	-0.908	-0.912	-0.958	-0.923	-0.957	-0.910	-0.942	-0.960	-0.946	-0.964	-0.965	-0.971	-0.966	-0.972	-0.970	-0.702	-0.721	-0.669	-0.387	-0.679	-0.725	-0.379	-1.007	-1.007	-0.998	-0.717	-0.744	-0.753	-0.751	-0.751	-0.749	-0.751	-0.747	-0.746	-0.745	-0.686	-0.683	-0.743	-0.743	-0.666	-0.655	-0.654	-0.743	-0.744	-0.753	-0.312	-0.461	-0.720	-0.178	-0.887	-0.865	-0.880	-0.652	-0.880	-0.880	-0.884	-0.881	-0.881	-0.838	-0.882	-0.839	-0.875	-0.586	-0.874	-0.627	-0.687	-0.664	-0.923	-0.935	-0.937	-0.942	-0.691	-0.602	-0.720	-0.307	-0.111	-0.111	-0.185	-0.117	
rs4607409      -0.452	-0.574	-0.598	-0.758	-0.061	-0.056	-0.076	-0.082	-0.589	-0.592	-0.954	-0.662	-0.531	-0.956	-0.662	-0.956	-0.791	-0.956	-0.956	-0.955	-0.610	-0.727	-0.955	-0.698	-0.759	-0.625	-0.758	-0.680	-0.757	-0.633	-0.749	-0.221	-0.710	-0.880	-0.845	-0.344	-0.345	-0.345	-0.345	-0.981	-0.349	-0.502	-0.502	-0.510	-0.509	-0.353	-0.515	-0.511	-0.459	-0.512	-0.512	-0.512	-0.514	-0.514	-0.514	-0.514	-0.514	-0.518	-0.507	-0.507	-0.824	-0.340	-0.823	-0.423	-0.793	-0.670	-0.083	-0.142	-0.268	-0.791	-1.006	-1.012	-0.804	-1.017	-1.024	-1.024	-1.013	-1.013	-1.003	-1.001	-0.909	-0.913	-0.956	-0.921	-0.955	-0.908	-0.941	-0.958	-0.945	-0.962	-0.964	-0.969	-0.965	-0.970	-0.969	-0.699	-0.718	-0.666	-0.385	-0.676	-0.722	-0.377	-1.006	-1.006	-0.997	-0.715	-0.741	-0.750	-0.748	-0.748	-0.746	-0.748	-0.744	-0.743	-0.742	-0.683	-0.680	-0.741	-0.740	-0.663	-0.651	-0.650	-0.740	-0.741	-0.750	-0.310	-0.462	-0.717	-0.176	-0.884	-0.862	-0.877	-0.649	-0.877	-0.877	-0.881	-0.878	-0.878	-0.834	-0.879	-0.836	-0.872	-0.582	-0.871	-0.624	-0.683	-0.660	-0.921	-0.933	-0.935	-0.939	-0.687	-0.609	-0.717	-0.305	-0.112	-0.111	-0.183	-0.117	
rs12192461     -0.505	-0.612	-0.637	-0.961	+0.117	+0.124	+0.101	+0.094	-0.627	-0.630	-0.719	-0.957	-0.956	-0.580	-0.958	-0.714	-0.777	-0.717	-0.718	-0.718	-0.648	-0.884	-0.711	-0.738	-0.906	-0.664	-0.905	-0.955	-0.904	-0.672	-0.896	-0.276	-0.845	-0.951	-0.934	-0.385	-0.386	-0.386	-0.386	-1.047	-0.390	-0.615	-0.616	-0.622	-0.622	-0.394	-0.628	-0.624	-0.577	-0.625	-0.625	-0.625	-0.627	-0.627	-0.627	-0.626	-0.626	-0.629	-0.620	-0.620	-0.914	-0.381	-0.912	-0.557	-0.885	-0.715	-0.125	-0.196	-0.310	-0.881	-1.017	-1.024	-0.892	-1.030	-1.043	-1.043	-1.025	-1.025	-1.014	-1.012	-0.910	-0.914	-0.975	-0.937	-0.971	-0.919	-0.955	-0.974	-0.958	-0.977	-0.979	-0.985	-0.980	-0.986	-0.984	-0.774	-0.791	-0.742	-0.436	-0.752	-0.795	-0.428	-1.030	-1.030	-1.015	-0.788	-0.814	-0.822	-0.820	-0.820	-0.818	-0.820	-0.816	-0.816	-0.814	-0.758	-0.756	-0.813	-0.813	-0.742	-0.730	-0.730	-0.813	-0.813	-0.822	-0.308	-0.506	-0.791	-0.168	-0.962	-0.942	-0.956	-0.726	-0.956	-0.956	-0.960	-0.956	-0.956	-0.918	-0.957	-0.919	-0.951	-0.671	-0.950	-0.710	-0.766	-0.745	-0.995	-1.006	-1.008	-1.012	-0.770	-0.763	-0.798	-0.308	-0.157	-0.156	-0.182	-0.162	
rs6456034      -0.456	-0.573	-0.598	-0.765	-0.071	-0.066	-0.085	-0.091	-0.588	-0.591	-0.957	-0.662	-0.662	-0.958	-0.534	-0.958	-0.792	-0.958	-0.958	-0.958	-0.609	-0.720	-0.957	-0.698	-0.757	-0.624	-0.756	-0.673	-0.754	-0.633	-0.745	-0.227	-0.702	-0.877	-0.843	-0.347	-0.348	-0.348	-0.348	-0.985	-0.352	-0.511	-0.512	-0.519	-0.518	-0.356	-0.525	-0.521	-0.469	-0.522	-0.522	-0.522	-0.523	-0.524	-0.524	-0.523	-0.524	-0.527	-0.517	-0.517	-0.821	-0.343	-0.820	-0.434	-0.789	-0.671	-0.081	-0.148	-0.267	-0.786	-1.007	-1.013	-0.800	-1.019	-1.026	-1.026	-1.014	-1.014	-1.004	-1.002	-0.908	-0.911	-0.960	-0.926	-0.959	-0.913	-0.944	-0.962	-0.949	-0.966	-0.968	-0.973	-0.968	-0.974	-0.972	-0.706	-0.724	-0.673	-0.389	-0.683	-0.728	-0.381	-1.009	-1.009	-1.000	-0.721	-0.748	-0.756	-0.755	-0.754	-0.753	-0.754	-0.751	-0.750	-0.748	-0.690	-0.687	-0.747	-0.747	-0.670	-0.659	-0.658	-0.747	-0.747	-0.757	-0.313	-0.461	-0.724	-0.181	-0.890	-0.869	-0.883	-0.656	-0.883	-0.883	-0.888	-0.884	-0.884	-0.841	-0.885	-0.843	-0.878	-0.590	-0.877	-0.632	-0.691	-0.668	-0.927	-0.938	-0.940	-0.945	-0.695	-0.596	-0.724	-0.309	-0.111	-0.110	-0.187	-0.116	
rs10946116     -0.506	-0.612	-0.636	-0.962	+0.122	+0.129	+0.106	+0.099	-0.626	-0.629	-0.721	-0.957	-0.956	-0.714	-0.958	-0.580	-0.779	-0.721	-0.721	-0.722	-0.648	-0.884	-0.717	-0.737	-0.907	-0.663	-0.906	-0.955	-0.904	-0.672	-0.897	-0.277	-0.846	-0.951	-0.934	-0.386	-0.387	-0.387	-0.387	-1.048	-0.391	-0.615	-0.616	-0.623	-0.622	-0.395	-0.628	-0.624	-0.577	-0.625	-0.625	-0.625	-0.627	-0.627	-0.628	-0.626	-0.627	-0.630	-0.621	-0.621	-0.914	-0.382	-0.912	-0.558	-0.885	-0.715	-0.124	-0.197	-0.309	-0.881	-1.016	-1.024	-0.893	-1.030	-1.043	-1.043	-1.025	-1.025	-1.013	-1.011	-0.908	-0.912	-0.976	-0.938	-0.973	-0.920	-0.957	-0.975	-0.960	-0.979	-0.981	-0.986	-0.982	-0.988	-0.986	-0.774	-0.792	-0.743	-0.437	-0.752	-0.796	-0.429	-1.031	-1.031	-1.016	-0.789	-0.814	-0.822	-0.821	-0.820	-0.819	-0.820	-0.817	-0.816	-0.814	-0.759	-0.756	-0.813	-0.813	-0.742	-0.731	-0.730	-0.813	-0.813	-0.823	-0.306	-0.506	-0.791	-0.166	-0.962	-0.942	-0.956	-0.727	-0.956	-0.956	-0.960	-0.956	-0.957	-0.918	-0.958	-0.919	-0.951	-0.671	-0.951	-0.711	-0.767	-0.745	-0.996	-1.007	-1.008	-1.012	-0.771	-0.764	-0.798	-0.306	-0.157	-0.156	-0.180	-0.162	
rs10946117     -0.341	-0.423	-0.449	-0.792	+0.240	+0.246	+0.223	+0.216	-0.437	-0.441	-0.775	-0.791	-0.791	-0.777	-0.792	-0.779	-0.392	-0.782	-0.781	-0.781	-0.460	-0.721	-0.784	-0.553	-0.741	-0.476	-0.740	-0.790	-0.738	-0.485	-0.731	-0.114	-0.683	-0.795	-0.769	-0.227	-0.228	-0.228	-0.228	-0.868	-0.232	-0.399	-0.400	-0.407	-0.406	-0.236	-0.413	-0.409	-0.358	-0.410	-0.410	-0.410	-0.412	-0.412	-0.412	-0.411	-0.412	-0.415	-0.405	-0.405	-0.750	-0.223	-0.749	-0.336	-0.724	-0.531	+0.061	-0.036	-0.127	-0.720	-0.856	-0.866	-0.731	-0.875	-0.892	-0.891	-0.867	-0.867	-0.852	-0.850	-0.736	-0.741	-0.851	-0.821	-0.849	-0.809	-0.837	-0.852	-0.840	-0.855	-0.857	-0.861	-0.858	-0.862	-0.861	-0.571	-0.586	-0.533	-0.274	-0.544	-0.590	-0.266	-0.889	-0.889	-0.883	-0.583	-0.610	-0.619	-0.617	-0.617	-0.615	-0.616	-0.613	-0.612	-0.610	-0.550	-0.548	-0.609	-0.609	-0.532	-0.520	-0.519	-0.609	-0.609	-0.619	-0.003	-0.330	-0.586	+0.155	-0.762	-0.740	-0.755	-0.517	-0.755	-0.755	-0.760	-0.756	-0.756	-0.713	-0.757	-0.714	-0.750	-0.457	-0.750	-0.498	-0.558	-0.535	-0.799	-0.812	-0.814	-0.819	-0.563	-0.607	-0.593	-0.003	+0.023	+0.024	+0.139	+0.019	
rs35739771     -0.507	-0.608	-0.633	-0.961	+0.145	+0.151	+0.128	+0.121	-0.623	-0.626	-0.721	-0.956	-0.956	-0.717	-0.958	-0.721	-0.782	-0.579	-0.710	-0.710	-0.644	-0.884	-0.710	-0.734	-0.906	-0.660	-0.905	-0.955	-0.904	-0.669	-0.896	-0.279	-0.846	-0.950	-0.933	-0.388	-0.389	-0.389	-0.389	-1.047	-0.393	-0.615	-0.616	-0.622	-0.622	-0.397	-0.627	-0.624	-0.576	-0.625	-0.625	-0.625	-0.627	-0.627	-0.627	-0.626	-0.626	-0.629	-0.620	-0.620	-0.912	-0.384	-0.911	-0.557	-0.883	-0.714	-0.120	-0.200	-0.306	-0.879	-1.013	-1.021	-0.891	-1.027	-1.042	-1.042	-1.022	-1.022	-1.010	-1.007	-0.902	-0.906	-0.978	-0.941	-0.975	-0.924	-0.960	-0.978	-0.962	-0.981	-0.983	-0.989	-0.984	-0.990	-0.988	-0.774	-0.791	-0.742	-0.438	-0.752	-0.795	-0.430	-1.032	-1.032	-1.018	-0.788	-0.813	-0.822	-0.820	-0.820	-0.818	-0.819	-0.816	-0.815	-0.814	-0.758	-0.756	-0.813	-0.812	-0.742	-0.730	-0.729	-0.812	-0.813	-0.822	-0.297	-0.504	-0.791	-0.157	-0.960	-0.941	-0.954	-0.726	-0.954	-0.954	-0.958	-0.955	-0.955	-0.916	-0.956	-0.918	-0.950	-0.671	-0.949	-0.710	-0.766	-0.745	-0.994	-1.005	-1.007	-1.011	-0.770	-0.765	-0.798	-0.298	-0.154	-0.153	-0.171	-0.159	
rs4588666      -0.507	-0.609	-0.633	-0.961	+0.142	+0.149	+0.126	+0.119	-0.623	-0.626	-0.722	-0.956	-0.956	-0.718	-0.958	-0.721	-0.781	-0.710	-0.579	-0.710	-0.645	-0.884	-0.709	-0.735	-0.906	-0.661	-0.905	-0.955	-0.904	-0.669	-0.896	-0.279	-0.846	-0.950	-0.933	-0.388	-0.389	-0.389	-0.388	-1.047	-0.393	-0.615	-0.616	-0.622	-0.622	-0.397	-0.627	-0.624	-0.576	-0.625	-0.625	-0.625	-0.627	-0.627	-0.627	-0.626	-0.626	-0.629	-0.620	-0.620	-0.912	-0.384	-0.911	-0.557	-0.883	-0.714	-0.121	-0.199	-0.306	-0.879	-1.013	-1.021	-0.891	-1.028	-1.042	-1.042	-1.022	-1.022	-1.010	-1.008	-0.903	-0.907	-0.978	-0.941	-0.975	-0.923	-0.959	-0.977	-0.962	-0.981	-0.983	-0.988	-0.984	-0.989	-0.988	-0.774	-0.791	-0.742	-0.438	-0.752	-0.795	-0.430	-1.032	-1.032	-1.017	-0.788	-0.813	-0.822	-0.820	-0.820	-0.818	-0.819	-0.816	-0.815	-0.814	-0.758	-0.756	-0.813	-0.812	-0.742	-0.730	-0.729	-0.812	-0.813	-0.822	-0.298	-0.504	-0.791	-0.158	-0.960	-0.941	-0.954	-0.726	-0.954	-0.954	-0.958	-0.955	-0.955	-0.916	-0.956	-0.918	-0.950	-0.671	-0.949	-0.710	-0.766	-0.745	-0.994	-1.005	-1.007	-1.011	-0.770	-0.765	-0.798	-0.299	-0.154	-0.154	-0.172	-0.159	
rs80286599     -0.507	-0.609	-0.633	-0.961	+0.142	+0.148	+0.125	+0.118	-0.623	-0.626	-0.723	-0.956	-0.955	-0.718	-0.958	-0.722	-0.781	-0.710	-0.710	-0.579	-0.645	-0.884	-0.709	-0.735	-0.906	-0.661	-0.905	-0.955	-0.904	-0.669	-0.896	-0.279	-0.846	-0.950	-0.933	-0.387	-0.389	-0.388	-0.388	-1.047	-0.393	-0.615	-0.615	-0.622	-0.621	-0.397	-0.627	-0.624	-0.576	-0.624	-0.625	-0.625	-0.627	-0.627	-0.627	-0.626	-0.626	-0.629	-0.620	-0.620	-0.912	-0.384	-0.911	-0.557	-0.883	-0.714	-0.121	-0.199	-0.306	-0.879	-1.013	-1.021	-0.891	-1.027	-1.042	-1.042	-1.022	-1.022	-1.010	-1.008	-0.903	-0.907	-0.978	-0.940	-0.974	-0.923	-0.959	-0.977	-0.962	-0.981	-0.982	-0.988	-0.983	-0.989	-0.987	-0.774	-0.791	-0.742	-0.438	-0.752	-0.795	-0.430	-1.031	-1.031	-1.017	-0.788	-0.813	-0.822	-0.820	-0.820	-0.818	-0.819	-0.816	-0.815	-0.814	-0.758	-0.755	-0.813	-0.812	-0.741	-0.730	-0.729	-0.812	-0.813	-0.822	-0.299	-0.504	-0.790	-0.158	-0.960	-0.941	-0.954	-0.726	-0.954	-0.954	-0.958	-0.955	-0.955	-0.916	-0.956	-0.918	-0.950	-0.671	-0.949	-0.710	-0.766	-0.744	-0.994	-1.005	-1.007	-1.011	-0.770	-0.765	-0.798	-0.299	-0.154	-0.154	-0.172	-0.159	
rs34899518     -0.158	-0.306	-0.324	-0.599	+0.115	+0.119	+0.101	+0.095	-0.279	-0.282	-0.648	-0.609	-0.610	-0.648	-0.609	-0.648	-0.460	-0.644	-0.645	-0.645	-0.193	-0.548	-0.642	-0.344	-0.562	-0.316	-0.562	-0.608	-0.561	-0.323	-0.555	+0.076	-0.513	-0.448	-0.597	-0.046	-0.047	-0.047	-0.047	-0.685	-0.051	-0.391	-0.391	-0.397	-0.396	-0.056	-0.401	-0.398	-0.357	-0.399	-0.399	-0.399	-0.400	-0.400	-0.401	-0.400	-0.400	-0.403	-0.395	-0.395	-0.582	-0.042	-0.581	-0.338	-0.558	-0.329	+0.090	+0.177	-0.110	-0.555	-0.630	-0.644	-0.564	-0.660	-0.688	-0.687	-0.646	-0.646	-0.624	-0.620	-0.479	-0.484	-0.691	-0.668	-0.691	-0.660	-0.682	-0.694	-0.686	-0.697	-0.698	-0.702	-0.699	-0.702	-0.701	-0.503	-0.518	-0.475	-0.069	-0.484	-0.521	-0.061	-0.716	-0.716	-0.717	-0.514	-0.536	-0.544	-0.542	-0.542	-0.541	-0.542	-0.539	-0.538	-0.537	-0.489	-0.487	-0.536	-0.536	-0.474	-0.463	-0.463	-0.536	-0.536	-0.544	-0.027	-0.295	-0.517	+0.104	-0.653	-0.637	-0.648	-0.462	-0.648	-0.648	-0.651	-0.649	-0.649	-0.617	-0.650	-0.618	-0.645	-0.412	-0.644	-0.447	-0.496	-0.477	-0.680	-0.688	-0.689	-0.692	-0.499	-0.443	-0.523	-0.027	+0.019	+0.020	+0.093	+0.012	
rs3127364      -0.366	-0.512	-0.536	-0.707	+0.031	+0.036	+0.017	+0.010	-0.527	-0.530	-0.882	-0.724	-0.727	-0.884	-0.720	-0.884	-0.721	-0.884	-0.884	-0.884	-0.548	-0.451	-0.884	-0.634	-0.529	-0.562	-0.536	-0.725	-0.543	-0.570	-0.569	-0.131	-0.618	-0.838	-0.764	-0.244	-0.246	-0.246	-0.245	-0.884	-0.250	-0.285	-0.286	-0.295	-0.294	-0.254	-0.302	-0.297	-0.235	-0.298	-0.298	-0.298	-0.299	-0.299	-0.299	-0.300	-0.301	-0.305	-0.293	-0.293	-0.752	-0.241	-0.751	-0.219	-0.728	-0.600	-0.024	-0.050	-0.208	-0.727	-0.936	-0.940	-0.739	-0.943	-0.943	-0.943	-0.941	-0.941	-0.934	-0.932	-0.853	-0.856	-0.862	-0.823	-0.857	-0.804	-0.841	-0.861	-0.846	-0.866	-0.867	-0.873	-0.868	-0.875	-0.873	-0.548	-0.568	-0.509	-0.298	-0.521	-0.573	-0.290	-0.921	-0.921	-0.905	-0.565	-0.596	-0.606	-0.604	-0.603	-0.602	-0.603	-0.599	-0.598	-0.596	-0.529	-0.526	-0.595	-0.595	-0.511	-0.498	-0.497	-0.595	-0.595	-0.606	-0.156	-0.397	-0.568	-0.021	-0.793	-0.770	-0.786	-0.491	-0.786	-0.786	-0.791	-0.787	-0.787	-0.741	-0.788	-0.743	-0.780	-0.427	-0.779	-0.475	-0.540	-0.514	-0.832	-0.846	-0.848	-0.853	-0.544	-0.576	-0.578	-0.150	-0.052	-0.051	-0.027	-0.057	
rs75300567     -0.508	-0.606	-0.631	-0.960	+0.160	+0.167	+0.144	+0.136	-0.620	-0.623	-0.715	-0.956	-0.955	-0.711	-0.957	-0.717	-0.784	-0.710	-0.709	-0.709	-0.642	-0.884	-0.579	-0.732	-0.906	-0.658	-0.905	-0.954	-0.903	-0.666	-0.896	-0.280	-0.846	-0.948	-0.931	-0.389	-0.390	-0.390	-0.390	-1.046	-0.394	-0.614	-0.615	-0.622	-0.621	-0.398	-0.627	-0.623	-0.576	-0.624	-0.624	-0.624	-0.626	-0.626	-0.626	-0.625	-0.626	-0.629	-0.619	-0.620	-0.911	-0.385	-0.909	-0.556	-0.882	-0.714	-0.118	-0.201	-0.303	-0.878	-1.010	-1.018	-0.889	-1.025	-1.041	-1.041	-1.019	-1.019	-1.007	-1.005	-0.897	-0.901	-0.980	-0.944	-0.977	-0.927	-0.962	-0.980	-0.965	-0.983	-0.985	-0.990	-0.986	-0.992	-0.990	-0.773	-0.791	-0.741	-0.439	-0.751	-0.794	-0.431	-1.032	-1.032	-1.019	-0.787	-0.813	-0.821	-0.819	-0.819	-0.818	-0.819	-0.816	-0.815	-0.813	-0.757	-0.755	-0.812	-0.812	-0.741	-0.729	-0.729	-0.812	-0.812	-0.821	-0.291	-0.502	-0.790	-0.150	-0.959	-0.940	-0.953	-0.726	-0.953	-0.953	-0.957	-0.954	-0.954	-0.915	-0.955	-0.916	-0.949	-0.670	-0.948	-0.709	-0.766	-0.744	-0.993	-1.004	-1.006	-1.010	-0.769	-0.765	-0.797	-0.292	-0.152	-0.151	-0.164	-0.157	
rs7772060      -0.243	-0.343	-0.372	-0.690	+0.046	+0.050	+0.032	+0.026	-0.322	-0.325	-0.737	-0.698	-0.698	-0.738	-0.698	-0.737	-0.553	-0.734	-0.735	-0.735	-0.344	-0.634	-0.732	-0.291	-0.650	-0.339	-0.649	-0.696	-0.648	-0.356	-0.642	-0.016	-0.598	-0.565	-0.683	-0.120	-0.122	-0.121	-0.121	-0.772	-0.126	-0.448	-0.448	-0.454	-0.454	-0.130	-0.459	-0.456	-0.413	-0.457	-0.457	-0.457	-0.458	-0.458	-0.459	-0.458	-0.458	-0.461	-0.452	-0.452	-0.666	-0.116	-0.665	-0.394	-0.642	-0.425	+0.139	+0.081	-0.085	-0.639	-0.732	-0.745	-0.648	-0.762	-0.784	-0.783	-0.746	-0.746	-0.727	-0.724	-0.590	-0.595	-0.772	-0.747	-0.772	-0.738	-0.762	-0.775	-0.766	-0.778	-0.779	-0.783	-0.780	-0.784	-0.783	-0.576	-0.591	-0.546	-0.163	-0.554	-0.594	-0.155	-0.802	-0.802	-0.801	-0.588	-0.610	-0.618	-0.617	-0.616	-0.615	-0.616	-0.613	-0.613	-0.611	-0.560	-0.558	-0.610	-0.610	-0.546	-0.536	-0.535	-0.610	-0.610	-0.618	-0.115	-0.326	-0.591	+0.015	-0.734	-0.718	-0.729	-0.532	-0.729	-0.729	-0.733	-0.730	-0.730	-0.696	-0.731	-0.697	-0.726	-0.480	-0.725	-0.516	-0.567	-0.547	-0.762	-0.771	-0.772	-0.775	-0.570	-0.526	-0.595	-0.109	+0.023	+0.024	+0.011	+0.014	
rs3127366      -0.397	-0.526	-0.551	-0.755	-0.012	-0.007	-0.026	-0.032	-0.541	-0.545	-0.905	-0.758	-0.759	-0.906	-0.757	-0.907	-0.741	-0.906	-0.906	-0.906	-0.562	-0.529	-0.906	-0.650	-0.476	-0.577	-0.595	-0.757	-0.594	-0.585	-0.584	-0.165	-0.593	-0.844	-0.772	-0.277	-0.279	-0.278	-0.278	-0.915	-0.283	-0.360	-0.360	-0.369	-0.368	-0.287	-0.375	-0.371	-0.312	-0.372	-0.372	-0.372	-0.373	-0.373	-0.373	-0.373	-0.374	-0.378	-0.367	-0.367	-0.753	-0.274	-0.752	-0.295	-0.722	-0.619	-0.036	-0.085	-0.220	-0.720	-0.952	-0.958	-0.735	-0.962	-0.966	-0.966	-0.959	-0.959	-0.950	-0.948	-0.861	-0.865	-0.894	-0.857	-0.890	-0.839	-0.874	-0.893	-0.878	-0.897	-0.899	-0.905	-0.900	-0.906	-0.904	-0.600	-0.619	-0.562	-0.329	-0.574	-0.624	-0.321	-0.948	-0.948	-0.935	-0.617	-0.646	-0.655	-0.653	-0.653	-0.651	-0.653	-0.649	-0.648	-0.646	-0.582	-0.579	-0.645	-0.645	-0.565	-0.552	-0.550	-0.645	-0.645	-0.656	-0.204	-0.413	-0.619	-0.070	-0.831	-0.809	-0.824	-0.545	-0.824	-0.824	-0.828	-0.824	-0.825	-0.781	-0.826	-0.782	-0.818	-0.484	-0.818	-0.529	-0.592	-0.567	-0.868	-0.881	-0.882	-0.887	-0.596	-0.535	-0.628	-0.198	-0.064	-0.064	-0.077	-0.070	
rs13196289     -0.170	-0.323	-0.343	-0.615	+0.107	+0.111	+0.093	+0.087	-0.305	-0.308	-0.663	-0.624	-0.625	-0.664	-0.624	-0.663	-0.476	-0.660	-0.661	-0.661	-0.316	-0.562	-0.658	-0.339	-0.577	-0.209	-0.576	-0.623	-0.575	-0.309	-0.570	+0.062	-0.527	-0.468	-0.612	-0.059	-0.060	-0.060	-0.060	-0.698	-0.065	-0.402	-0.402	-0.408	-0.408	-0.069	-0.413	-0.409	-0.368	-0.410	-0.410	-0.410	-0.412	-0.412	-0.412	-0.411	-0.412	-0.414	-0.406	-0.406	-0.596	-0.055	-0.595	-0.350	-0.572	-0.346	+0.115	+0.163	-0.100	-0.569	-0.648	-0.661	-0.578	-0.677	-0.705	-0.704	-0.663	-0.663	-0.642	-0.638	-0.498	-0.503	-0.705	-0.681	-0.705	-0.673	-0.695	-0.707	-0.699	-0.711	-0.712	-0.715	-0.713	-0.716	-0.715	-0.517	-0.532	-0.490	-0.084	-0.498	-0.535	-0.076	-0.730	-0.730	-0.732	-0.529	-0.551	-0.558	-0.557	-0.556	-0.555	-0.556	-0.553	-0.553	-0.551	-0.504	-0.502	-0.550	-0.550	-0.488	-0.478	-0.477	-0.550	-0.551	-0.558	-0.048	-0.298	-0.532	+0.083	-0.668	-0.652	-0.663	-0.476	-0.663	-0.663	-0.666	-0.664	-0.664	-0.632	-0.665	-0.633	-0.659	-0.426	-0.659	-0.461	-0.510	-0.491	-0.694	-0.703	-0.704	-0.707	-0.513	-0.457	-0.537	-0.046	+0.025	+0.026	+0.073	+0.018	
rs3099348      -0.395	-0.526	-0.550	-0.753	-0.010	-0.005	-0.024	-0.030	-0.541	-0.544	-0.904	-0.756	-0.758	-0.905	-0.756	-0.906	-0.740	-0.905	-0.905	-0.905	-0.562	-0.536	-0.905	-0.649	-0.595	-0.576	-0.474	-0.755	-0.594	-0.584	-0.585	-0.163	-0.595	-0.843	-0.772	-0.276	-0.277	-0.277	-0.277	-0.913	-0.281	-0.355	-0.356	-0.364	-0.364	-0.285	-0.371	-0.367	-0.308	-0.367	-0.368	-0.368	-0.368	-0.369	-0.369	-0.369	-0.370	-0.374	-0.362	-0.362	-0.753	-0.272	-0.752	-0.290	-0.722	-0.618	-0.035	-0.083	-0.220	-0.720	-0.952	-0.957	-0.735	-0.961	-0.965	-0.965	-0.958	-0.958	-0.949	-0.947	-0.861	-0.864	-0.892	-0.855	-0.888	-0.837	-0.872	-0.891	-0.877	-0.896	-0.897	-0.903	-0.898	-0.904	-0.902	-0.597	-0.616	-0.559	-0.327	-0.571	-0.621	-0.319	-0.947	-0.947	-0.933	-0.614	-0.643	-0.652	-0.650	-0.650	-0.648	-0.650	-0.646	-0.645	-0.643	-0.579	-0.576	-0.642	-0.642	-0.561	-0.549	-0.547	-0.642	-0.642	-0.653	-0.201	-0.412	-0.616	-0.067	-0.828	-0.807	-0.821	-0.542	-0.822	-0.822	-0.826	-0.822	-0.822	-0.779	-0.824	-0.780	-0.816	-0.480	-0.815	-0.526	-0.589	-0.564	-0.866	-0.879	-0.880	-0.885	-0.593	-0.538	-0.625	-0.195	-0.064	-0.063	-0.074	-0.069	
rs9365948      -0.451	-0.573	-0.597	-0.761	-0.063	-0.058	-0.078	-0.084	-0.587	-0.590	-0.953	-0.678	-0.680	-0.955	-0.673	-0.955	-0.790	-0.955	-0.955	-0.955	-0.608	-0.725	-0.954	-0.696	-0.757	-0.623	-0.755	-0.530	-0.754	-0.631	-0.745	-0.221	-0.705	-0.877	-0.842	-0.343	-0.344	-0.344	-0.344	-0.980	-0.348	-0.500	-0.501	-0.508	-0.508	-0.352	-0.514	-0.510	-0.458	-0.511	-0.511	-0.511	-0.513	-0.513	-0.513	-0.512	-0.513	-0.516	-0.506	-0.506	-0.821	-0.339	-0.820	-0.421	-0.790	-0.668	-0.081	-0.142	-0.266	-0.787	-1.005	-1.011	-0.801	-1.016	-1.022	-1.022	-1.012	-1.012	-1.002	-1.000	-0.907	-0.911	-0.956	-0.921	-0.954	-0.908	-0.940	-0.958	-0.944	-0.962	-0.963	-0.969	-0.964	-0.970	-0.968	-0.699	-0.717	-0.665	-0.384	-0.675	-0.721	-0.376	-1.005	-1.005	-0.996	-0.714	-0.741	-0.749	-0.748	-0.747	-0.746	-0.747	-0.744	-0.743	-0.741	-0.682	-0.680	-0.740	-0.740	-0.662	-0.651	-0.650	-0.740	-0.740	-0.750	-0.310	-0.460	-0.716	-0.176	-0.883	-0.861	-0.876	-0.648	-0.876	-0.876	-0.881	-0.877	-0.877	-0.833	-0.878	-0.835	-0.871	-0.581	-0.870	-0.623	-0.682	-0.659	-0.920	-0.932	-0.934	-0.938	-0.686	-0.600	-0.716	-0.305	-0.111	-0.110	-0.182	-0.116	
rs3099346      -0.394	-0.525	-0.549	-0.751	-0.008	-0.003	-0.022	-0.028	-0.540	-0.543	-0.902	-0.755	-0.757	-0.904	-0.754	-0.904	-0.738	-0.904	-0.904	-0.904	-0.561	-0.543	-0.903	-0.648	-0.594	-0.575	-0.594	-0.754	-0.473	-0.583	-0.585	-0.161	-0.595	-0.843	-0.771	-0.274	-0.275	-0.275	-0.275	-0.911	-0.280	-0.351	-0.352	-0.360	-0.360	-0.284	-0.367	-0.363	-0.304	-0.364	-0.364	-0.364	-0.364	-0.365	-0.365	-0.365	-0.366	-0.370	-0.358	-0.358	-0.752	-0.270	-0.751	-0.286	-0.722	-0.617	-0.034	-0.081	-0.219	-0.720	-0.951	-0.956	-0.735	-0.960	-0.964	-0.964	-0.957	-0.957	-0.948	-0.946	-0.860	-0.864	-0.890	-0.853	-0.886	-0.835	-0.870	-0.890	-0.875	-0.894	-0.896	-0.901	-0.897	-0.902	-0.901	-0.594	-0.614	-0.556	-0.326	-0.568	-0.618	-0.318	-0.945	-0.945	-0.931	-0.611	-0.640	-0.650	-0.648	-0.647	-0.646	-0.647	-0.643	-0.643	-0.641	-0.576	-0.573	-0.639	-0.639	-0.559	-0.546	-0.544	-0.639	-0.640	-0.650	-0.199	-0.411	-0.614	-0.065	-0.827	-0.805	-0.819	-0.539	-0.820	-0.820	-0.824	-0.820	-0.821	-0.777	-0.822	-0.778	-0.814	-0.477	-0.813	-0.523	-0.586	-0.561	-0.864	-0.877	-0.879	-0.883	-0.591	-0.538	-0.623	-0.193	-0.063	-0.062	-0.071	-0.068	
rs13190783     -0.179	-0.327	-0.348	-0.624	+0.101	+0.106	+0.087	+0.082	-0.311	-0.314	-0.671	-0.633	-0.633	-0.672	-0.633	-0.672	-0.485	-0.669	-0.669	-0.669	-0.323	-0.570	-0.666	-0.356	-0.585	-0.309	-0.584	-0.631	-0.583	-0.218	-0.578	+0.053	-0.535	-0.479	-0.619	-0.068	-0.069	-0.069	-0.069	-0.706	-0.073	-0.407	-0.408	-0.413	-0.413	-0.078	-0.418	-0.415	-0.373	-0.415	-0.416	-0.416	-0.417	-0.417	-0.417	-0.417	-0.417	-0.420	-0.411	-0.411	-0.604	-0.064	-0.603	-0.355	-0.580	-0.355	+0.130	+0.154	-0.094	-0.577	-0.656	-0.670	-0.586	-0.686	-0.713	-0.712	-0.671	-0.671	-0.650	-0.647	-0.506	-0.512	-0.712	-0.689	-0.713	-0.680	-0.703	-0.715	-0.707	-0.718	-0.720	-0.723	-0.720	-0.724	-0.723	-0.524	-0.539	-0.496	-0.093	-0.505	-0.542	-0.085	-0.738	-0.738	-0.739	-0.536	-0.558	-0.565	-0.563	-0.563	-0.562	-0.563	-0.560	-0.560	-0.558	-0.510	-0.508	-0.557	-0.557	-0.495	-0.484	-0.484	-0.557	-0.557	-0.565	-0.055	-0.299	-0.538	+0.076	-0.675	-0.660	-0.670	-0.483	-0.671	-0.671	-0.674	-0.671	-0.671	-0.639	-0.672	-0.641	-0.667	-0.432	-0.666	-0.467	-0.516	-0.498	-0.702	-0.710	-0.711	-0.715	-0.520	-0.465	-0.544	-0.053	+0.029	+0.030	+0.066	+0.021	
rs3127371      -0.384	-0.519	-0.543	-0.738	+0.005	+0.011	-0.009	-0.015	-0.534	-0.537	-0.895	-0.746	-0.749	-0.896	-0.745	-0.897	-0.731	-0.896	-0.896	-0.896	-0.555	-0.569	-0.896	-0.642	-0.584	-0.570	-0.585	-0.745	-0.585	-0.578	-0.465	-0.150	-0.599	-0.840	-0.767	-0.263	-0.264	-0.264	-0.264	-0.901	-0.269	-0.326	-0.327	-0.335	-0.335	-0.273	-0.342	-0.337	-0.277	-0.338	-0.339	-0.339	-0.339	-0.339	-0.340	-0.340	-0.341	-0.345	-0.333	-0.333	-0.749	-0.260	-0.748	-0.260	-0.721	-0.610	-0.030	-0.070	-0.214	-0.719	-0.944	-0.949	-0.733	-0.953	-0.955	-0.956	-0.950	-0.950	-0.942	-0.940	-0.856	-0.860	-0.880	-0.842	-0.875	-0.824	-0.859	-0.879	-0.864	-0.883	-0.885	-0.891	-0.886	-0.892	-0.890	-0.576	-0.596	-0.538	-0.315	-0.550	-0.601	-0.307	-0.936	-0.936	-0.921	-0.593	-0.623	-0.633	-0.631	-0.631	-0.629	-0.630	-0.627	-0.626	-0.624	-0.558	-0.555	-0.623	-0.622	-0.541	-0.527	-0.526	-0.622	-0.623	-0.633	-0.183	-0.405	-0.596	-0.048	-0.814	-0.792	-0.807	-0.520	-0.807	-0.807	-0.812	-0.808	-0.808	-0.763	-0.809	-0.765	-0.802	-0.458	-0.801	-0.504	-0.568	-0.543	-0.852	-0.865	-0.867	-0.872	-0.573	-0.544	-0.606	-0.177	-0.058	-0.057	-0.054	-0.063	
rs77020433     +0.041	+0.117	+0.091	-0.237	+0.284	+0.288	+0.272	+0.267	+0.098	+0.095	-0.274	-0.224	-0.221	-0.276	-0.227	-0.277	-0.114	-0.279	-0.279	-0.279	+0.076	-0.131	-0.280	-0.016	-0.165	+0.062	-0.163	-0.221	-0.161	+0.053	-0.150	+0.254	-0.081	-0.301	-0.177	+0.091	+0.090	+0.090	+0.091	-0.214	+0.088	+0.017	+0.016	+0.010	+0.011	+0.085	+0.006	+0.009	+0.052	+0.008	+0.008	+0.008	+0.006	+0.006	+0.006	+0.007	+0.007	+0.004	+0.013	+0.013	-0.149	+0.092	-0.148	+0.068	-0.112	+0.019	+0.622	+0.231	+0.427	-0.107	-0.286	-0.298	-0.122	-0.312	-0.339	-0.338	-0.300	-0.300	-0.280	-0.277	-0.123	-0.129	-0.337	-0.320	-0.338	-0.313	-0.331	-0.340	-0.334	-0.342	-0.343	-0.346	-0.344	-0.346	-0.345	-0.144	-0.158	-0.115	+0.084	-0.124	-0.161	+0.085	-0.344	-0.345	-0.356	-0.155	-0.177	-0.183	-0.182	-0.181	-0.180	-0.181	-0.178	-0.178	-0.176	-0.129	-0.127	-0.175	-0.175	-0.116	-0.098	-0.097	-0.175	-0.176	-0.183	+0.136	+0.218	-0.157	+0.242	-0.306	-0.292	-0.302	-0.101	-0.302	-0.302	-0.304	-0.302	-0.302	-0.274	-0.303	-0.275	-0.298	-0.054	-0.298	-0.089	-0.137	-0.119	-0.328	-0.335	-0.336	-0.339	-0.140	+0.025	-0.164	+0.141	+0.571	+0.572	+0.238	+0.562	
rs3127374      -0.321	-0.477	-0.500	-0.686	+0.081	+0.086	+0.067	+0.061	-0.492	-0.495	-0.843	-0.706	-0.710	-0.845	-0.702	-0.846	-0.683	-0.846	-0.846	-0.846	-0.513	-0.618	-0.846	-0.598	-0.593	-0.527	-0.595	-0.705	-0.595	-0.535	-0.599	-0.081	-0.408	-0.810	-0.727	-0.197	-0.198	-0.198	-0.198	-0.836	-0.203	-0.201	-0.201	-0.211	-0.210	-0.207	-0.218	-0.213	-0.148	-0.214	-0.214	-0.214	-0.215	-0.215	-0.215	-0.216	-0.217	-0.221	-0.208	-0.208	-0.718	-0.193	-0.718	-0.131	-0.700	-0.562	+0.010	+0.000	-0.173	-0.699	-0.899	-0.903	-0.709	-0.905	-0.902	-0.902	-0.903	-0.903	-0.898	-0.896	-0.822	-0.825	-0.816	-0.776	-0.811	-0.755	-0.793	-0.814	-0.798	-0.819	-0.820	-0.827	-0.822	-0.828	-0.826	-0.481	-0.502	-0.441	-0.251	-0.453	-0.507	-0.243	-0.878	-0.878	-0.860	-0.499	-0.531	-0.542	-0.540	-0.539	-0.537	-0.539	-0.535	-0.534	-0.532	-0.462	-0.459	-0.531	-0.530	-0.444	-0.430	-0.428	-0.531	-0.531	-0.543	-0.094	-0.360	-0.503	+0.044	-0.743	-0.719	-0.735	-0.422	-0.735	-0.735	-0.740	-0.736	-0.736	-0.689	-0.738	-0.691	-0.730	-0.357	-0.729	-0.404	-0.474	-0.447	-0.784	-0.798	-0.800	-0.805	-0.478	-0.561	-0.513	-0.087	-0.016	-0.015	+0.038	-0.021	
rs28618181     -0.508	-0.412	-0.444	-0.874	-0.145	-0.141	-0.159	-0.165	-0.421	-0.424	-0.950	-0.878	-0.880	-0.951	-0.877	-0.951	-0.795	-0.950	-0.950	-0.950	-0.448	-0.838	-0.948	-0.565	-0.844	-0.468	-0.843	-0.877	-0.843	-0.479	-0.840	-0.301	-0.810	-0.523	-0.870	-0.399	-0.400	-0.400	-0.400	-0.755	-0.404	-0.146	-0.147	-0.158	-0.157	-0.408	-0.166	-0.160	-0.090	-0.161	-0.162	-0.162	-0.166	-0.166	-0.166	-0.163	-0.164	-0.169	-0.155	-0.155	-0.863	-0.396	-0.862	-0.085	-0.847	-0.686	+0.199	-0.228	-0.032	-0.845	-0.966	-0.965	-0.853	-0.960	-0.941	-0.942	-0.965	-0.965	-0.967	-0.967	-0.926	-0.929	-0.875	-0.825	-0.866	-0.798	-0.846	-0.870	-0.847	-0.872	-0.874	-0.882	-0.876	-0.883	-0.881	-0.530	-0.557	-0.494	-0.448	-0.507	-0.562	-0.441	-0.951	-0.951	-0.923	-0.554	-0.587	-0.598	-0.595	-0.595	-0.593	-0.595	-0.590	-0.590	-0.587	-0.515	-0.512	-0.586	-0.586	-0.498	-0.480	-0.477	-0.586	-0.586	-0.598	-0.345	-0.288	-0.557	-0.225	-0.803	-0.776	-0.794	-0.473	-0.794	-0.794	-0.800	-0.795	-0.795	-0.744	-0.797	-0.746	-0.789	-0.416	-0.788	-0.464	-0.535	-0.508	-0.849	-0.864	-0.866	-0.872	-0.541	-0.754	-0.577	-0.341	+0.098	+0.099	-0.232	+0.085	
