## Summary of overall evidence for association with region:
## log10(BF for region) = -0.402279
## p-value for region = NA

## BFs for choosing among multi-SNP models:
## log10(average 1-SNP BF) = -0.340789
## log10(average 2-SNP BF) = -0.559795

## Example posterior probabilities for multi-SNP models, based on default prior: [p(l) propto 0.5^l for l=1,2,...,L]
## posterior probability of 1-SNP = 0.768067
## posterior probability of 2-SNP = 0.231933

## log10(BF) for single SNP and pair of SNPs:
rs4756055      -0.505	-0.789	-0.806	-0.820	-0.748	-0.810	-0.591	-0.758	-0.646	-0.789	-0.761	-0.756	-0.789	-0.880	-0.849	-0.849	-0.788	-0.888	-0.893	-0.791	-0.898	-0.809	-0.795	-0.895	-0.935	-0.900	-0.797	-0.896	-0.865	-0.900	-0.901	-0.781	-0.901	-0.901	-0.900	-0.895	-0.891	-0.822	-0.887	-0.887	-0.819	-0.835	-0.877	-0.878	-0.700	-0.878	-0.705	-0.723	-0.575	-0.576	-0.576	-0.884	-0.571	-0.610	-0.843	-0.584	-0.264	-0.572	-0.756	-0.803	-0.623	-0.842	-0.762	-0.843	-0.745	-0.730	-0.844	-0.749	-0.505	-0.716	-0.528	-0.711	-0.529	-0.538	-0.857	-0.929	-0.540	-0.567	-0.944	-0.945	-0.745	-0.951	-0.768	-0.606	-0.934	-0.945	-0.541	-0.541	-0.928	-0.542	-0.733	-0.937	-0.920	-0.822	-0.544	-0.873	-0.528	-0.539	-0.698	-0.544	-0.548	-0.806	-0.809	-0.841	-0.809	-0.842	-0.883	-0.843	-0.800	-0.798	-0.583	-0.568	-0.872	-0.947	-0.868	-0.841	-0.911	-0.849	-0.620	-0.848	-0.828	-0.869	-0.527	-0.534	-0.724	-0.669	-0.477	-0.695	-0.672	-0.756	-0.707	-0.707	-0.678	-0.817	-0.625	-0.653	-0.961	-0.970	-1.001	-0.993	
rs7106689      -0.789	-0.416	-0.883	-0.877	-0.775	-0.881	-0.748	-0.840	-0.772	-0.528	-0.651	-0.827	-0.529	-0.914	-0.857	-0.859	-0.532	-0.910	-0.894	-0.550	-0.736	-0.705	-0.888	-0.897	-0.826	-0.867	-0.889	-0.808	-0.918	-0.882	-0.879	-0.887	-0.864	-0.865	-0.860	-0.844	-0.803	-0.829	-0.809	-0.809	-0.685	-0.779	-0.781	-0.783	-0.589	-0.782	-0.594	-0.612	-0.488	-0.489	-0.489	-0.796	-0.494	-0.478	-0.708	-0.451	-0.124	-0.397	-0.600	-0.634	-0.452	-0.767	-0.606	-0.768	-0.587	-0.628	-0.769	-0.592	-0.284	-0.554	-0.309	-0.547	-0.310	-0.321	-0.721	-0.818	-0.322	-0.353	-0.854	-0.854	-0.594	-0.868	-0.621	-0.396	-0.825	-0.854	-0.324	-0.324	-0.825	-0.325	-0.581	-0.831	-0.811	-0.734	-0.327	-0.720	-0.309	-0.321	-0.535	-0.327	-0.331	-0.729	-0.731	-0.755	-0.731	-0.756	-0.733	-0.757	-0.722	-0.676	-0.358	-0.341	-0.786	-0.847	-0.711	-0.754	-0.776	-0.765	-0.413	-0.763	-0.754	-0.783	-0.311	-0.318	-0.561	-0.482	-0.320	-0.523	-0.493	-0.587	-0.526	-0.527	-0.530	-0.737	-0.423	-0.469	-0.877	-0.895	-0.932	-0.921	
rs11038765     -0.806	-0.883	-0.615	-0.744	-0.876	-0.751	-0.743	-0.870	-0.782	-0.882	-0.828	-0.845	-0.882	-1.044	-0.835	-0.839	-0.881	-1.042	-1.021	-0.892	-0.993	-0.882	-0.830	-1.028	-1.023	-0.991	-0.838	-0.994	-1.044	-1.009	-1.006	-0.839	-0.991	-0.994	-0.987	-0.968	-0.989	-0.864	-0.989	-0.989	-0.778	-0.828	-0.774	-0.776	-0.666	-0.776	-0.673	-0.695	-0.618	-0.619	-0.619	-0.803	-0.620	-0.577	-0.731	-0.548	-0.204	-0.502	-0.726	-0.695	-0.556	-0.947	-0.734	-0.948	-0.713	-0.810	-0.949	-0.719	-0.231	-0.677	-0.270	-0.675	-0.271	-0.287	-0.854	-0.956	-0.289	-0.333	-0.970	-0.970	-0.662	-0.987	-0.696	-0.394	-0.965	-0.970	-0.292	-0.292	-0.937	-0.294	-0.647	-0.971	-0.920	-0.934	-0.308	-0.809	-0.287	-0.304	-0.653	-0.313	-0.323	-0.910	-0.913	-0.950	-0.913	-0.951	-0.830	-0.952	-0.904	-0.836	-0.494	-0.477	-0.975	-0.993	-0.813	-0.950	-0.888	-0.955	-0.440	-0.954	-0.934	-0.973	-0.322	-0.333	-0.797	-0.508	-0.379	-0.760	-0.732	-0.648	-0.569	-0.571	-0.667	-0.920	-0.674	-0.709	-1.054	-1.069	-1.114	-1.103	
rs34396514     -0.820	-0.877	-0.744	-0.610	-0.867	-0.742	-0.759	-0.879	-0.796	-0.877	-0.827	-0.856	-0.876	-1.043	-0.846	-0.849	-0.876	-1.041	-1.022	-0.887	-0.991	-0.881	-0.817	-1.028	-1.018	-0.993	-0.825	-0.990	-1.040	-1.010	-1.008	-0.824	-0.993	-0.995	-0.989	-0.971	-0.985	-0.872	-0.984	-0.984	-0.786	-0.838	-0.788	-0.790	-0.677	-0.790	-0.683	-0.705	-0.608	-0.609	-0.609	-0.815	-0.609	-0.587	-0.747	-0.558	-0.217	-0.512	-0.733	-0.709	-0.566	-0.943	-0.741	-0.943	-0.720	-0.808	-0.944	-0.726	-0.256	-0.685	-0.294	-0.683	-0.296	-0.311	-0.859	-0.959	-0.313	-0.356	-0.973	-0.973	-0.674	-0.989	-0.707	-0.415	-0.967	-0.973	-0.316	-0.316	-0.942	-0.317	-0.659	-0.973	-0.925	-0.931	-0.331	-0.819	-0.310	-0.327	-0.661	-0.336	-0.345	-0.906	-0.908	-0.946	-0.908	-0.947	-0.839	-0.948	-0.899	-0.838	-0.506	-0.489	-0.971	-0.995	-0.822	-0.946	-0.894	-0.951	-0.459	-0.950	-0.929	-0.969	-0.343	-0.353	-0.791	-0.526	-0.392	-0.754	-0.726	-0.662	-0.586	-0.587	-0.673	-0.916	-0.668	-0.703	-1.051	-1.064	-1.109	-1.099	
rs72906234     -0.748	-0.775	-0.876	-0.867	-0.491	-0.873	-0.693	-0.817	-0.725	-0.775	-0.700	-0.797	-0.774	-0.949	-0.845	-0.848	-0.774	-0.945	-0.921	-0.783	-0.873	-0.756	-0.895	-0.927	-0.922	-0.885	-0.897	-0.881	-0.966	-0.904	-0.901	-0.899	-0.882	-0.884	-0.877	-0.856	-0.876	-0.801	-0.880	-0.880	-0.665	-0.745	-0.748	-0.749	-0.546	-0.748	-0.553	-0.574	-0.552	-0.553	-0.553	-0.768	-0.558	-0.435	-0.661	-0.406	-0.057	-0.359	-0.589	-0.596	-0.421	-0.835	-0.597	-0.836	-0.576	-0.683	-0.836	-0.582	-0.182	-0.539	-0.213	-0.537	-0.214	-0.227	-0.728	-0.838	-0.229	-0.266	-0.864	-0.864	-0.543	-0.882	-0.576	-0.319	-0.847	-0.864	-0.231	-0.231	-0.829	-0.232	-0.528	-0.853	-0.810	-0.815	-0.232	-0.712	-0.217	-0.233	-0.516	-0.240	-0.247	-0.797	-0.799	-0.833	-0.799	-0.834	-0.732	-0.835	-0.793	-0.450	-0.363	-0.347	-0.859	-0.875	-0.712	-0.833	-0.787	-0.840	-0.348	-0.839	-0.824	-0.857	-0.233	-0.241	-0.689	-0.408	-0.244	-0.653	-0.626	-0.537	-0.463	-0.464	-0.522	-0.802	-0.570	-0.603	-0.947	-0.963	-1.003	-0.991	
rs112575725    -0.810	-0.881	-0.751	-0.742	-0.873	-0.613	-0.748	-0.872	-0.786	-0.881	-0.828	-0.848	-0.880	-1.043	-0.839	-0.843	-0.880	-1.042	-1.021	-0.890	-0.992	-0.882	-0.826	-1.027	-1.021	-0.992	-0.833	-0.992	-1.043	-1.009	-1.006	-0.834	-0.992	-0.994	-0.987	-0.969	-0.988	-0.866	-0.987	-0.987	-0.780	-0.831	-0.778	-0.781	-0.669	-0.780	-0.676	-0.698	-0.615	-0.616	-0.616	-0.807	-0.616	-0.580	-0.737	-0.551	-0.208	-0.505	-0.728	-0.699	-0.559	-0.946	-0.736	-0.946	-0.715	-0.809	-0.947	-0.721	-0.239	-0.679	-0.278	-0.678	-0.279	-0.295	-0.855	-0.957	-0.297	-0.341	-0.971	-0.971	-0.666	-0.988	-0.700	-0.401	-0.965	-0.971	-0.300	-0.300	-0.939	-0.301	-0.651	-0.972	-0.922	-0.933	-0.316	-0.812	-0.294	-0.312	-0.655	-0.321	-0.330	-0.909	-0.911	-0.949	-0.911	-0.950	-0.833	-0.950	-0.902	-0.837	-0.497	-0.481	-0.973	-0.994	-0.816	-0.949	-0.890	-0.953	-0.446	-0.953	-0.932	-0.971	-0.329	-0.339	-0.795	-0.514	-0.383	-0.758	-0.730	-0.652	-0.575	-0.576	-0.669	-0.918	-0.672	-0.707	-1.053	-1.067	-1.112	-1.102	
rs7109480      -0.591	-0.748	-0.743	-0.759	-0.693	-0.748	-0.461	-0.698	-0.619	-0.748	-0.725	-0.702	-0.748	-0.826	-0.798	-0.797	-0.747	-0.836	-0.846	-0.749	-0.856	-0.772	-0.730	-0.847	-0.894	-0.859	-0.732	-0.855	-0.806	-0.856	-0.857	-0.714	-0.860	-0.860	-0.861	-0.859	-0.850	-0.779	-0.845	-0.845	-0.796	-0.805	-0.842	-0.843	-0.691	-0.843	-0.695	-0.712	-0.537	-0.538	-0.538	-0.848	-0.532	-0.604	-0.814	-0.579	-0.270	-0.559	-0.733	-0.777	-0.606	-0.800	-0.739	-0.800	-0.723	-0.692	-0.802	-0.727	-0.492	-0.695	-0.514	-0.689	-0.515	-0.524	-0.830	-0.896	-0.525	-0.551	-0.908	-0.908	-0.724	-0.914	-0.746	-0.589	-0.900	-0.908	-0.526	-0.526	-0.894	-0.527	-0.713	-0.903	-0.887	-0.779	-0.528	-0.843	-0.513	-0.524	-0.678	-0.529	-0.533	-0.764	-0.767	-0.799	-0.767	-0.800	-0.852	-0.801	-0.757	-0.763	-0.562	-0.548	-0.830	-0.912	-0.838	-0.798	-0.878	-0.807	-0.601	-0.806	-0.786	-0.827	-0.511	-0.517	-0.687	-0.650	-0.470	-0.659	-0.637	-0.732	-0.685	-0.686	-0.654	-0.775	-0.591	-0.618	-0.920	-0.928	-0.958	-0.950	
rs7107550      -0.758	-0.840	-0.870	-0.879	-0.817	-0.872	-0.698	-0.563	-0.725	-0.840	-0.805	-0.704	-0.840	-0.972	-0.944	-0.945	-0.839	-0.976	-0.971	-0.844	-0.951	-0.855	-0.864	-0.973	-0.992	-0.961	-0.865	-0.952	-0.919	-0.968	-0.967	-0.852	-0.960	-0.961	-0.958	-0.947	-0.948	-0.893	-0.945	-0.945	-0.845	-0.838	-0.909	-0.910	-0.707	-0.910	-0.712	-0.732	-0.600	-0.600	-0.601	-0.919	-0.597	-0.613	-0.867	-0.586	-0.255	-0.583	-0.779	-0.825	-0.638	-0.889	-0.785	-0.890	-0.768	-0.778	-0.891	-0.772	-0.500	-0.737	-0.525	-0.732	-0.526	-0.536	-0.888	-0.972	-0.538	-0.567	-0.983	-0.984	-0.755	-0.993	-0.781	-0.610	-0.977	-0.984	-0.539	-0.539	-0.963	-0.540	-0.743	-0.981	-0.953	-0.888	-0.544	-0.903	-0.527	-0.540	-0.717	-0.545	-0.550	-0.855	-0.857	-0.904	-0.857	-0.905	-0.915	-0.906	-0.845	-0.842	-0.600	-0.585	-0.931	-0.994	-0.899	-0.904	-0.948	-0.909	-0.628	-0.909	-0.873	-0.928	-0.531	-0.538	-0.772	-0.679	-0.456	-0.741	-0.717	-0.774	-0.721	-0.722	-0.700	-0.872	-0.667	-0.697	-1.016	-1.026	-1.056	-1.047	
rs950105       -0.646	-0.772	-0.782	-0.796	-0.725	-0.786	-0.619	-0.725	-0.486	-0.771	-0.746	-0.739	-0.771	-0.860	-0.830	-0.829	-0.771	-0.868	-0.875	-0.773	-0.880	-0.793	-0.770	-0.877	-0.917	-0.884	-0.772	-0.878	-0.842	-0.883	-0.884	-0.755	-0.885	-0.885	-0.885	-0.881	-0.873	-0.805	-0.869	-0.869	-0.810	-0.823	-0.863	-0.864	-0.698	-0.864	-0.703	-0.720	-0.558	-0.559	-0.559	-0.870	-0.554	-0.609	-0.831	-0.584	-0.269	-0.567	-0.747	-0.793	-0.616	-0.824	-0.752	-0.824	-0.736	-0.714	-0.826	-0.740	-0.500	-0.707	-0.523	-0.702	-0.523	-0.533	-0.846	-0.915	-0.534	-0.561	-0.929	-0.929	-0.736	-0.935	-0.759	-0.599	-0.920	-0.929	-0.535	-0.535	-0.914	-0.536	-0.725	-0.923	-0.906	-0.803	-0.538	-0.861	-0.522	-0.533	-0.690	-0.538	-0.542	-0.788	-0.791	-0.822	-0.791	-0.824	-0.870	-0.825	-0.781	-0.783	-0.574	-0.560	-0.854	-0.932	-0.856	-0.822	-0.897	-0.831	-0.612	-0.830	-0.810	-0.851	-0.521	-0.527	-0.708	-0.661	-0.475	-0.680	-0.658	-0.746	-0.698	-0.699	-0.668	-0.799	-0.611	-0.639	-0.944	-0.952	-0.983	-0.974	
rs4281461      -0.789	-0.528	-0.882	-0.877	-0.775	-0.881	-0.748	-0.840	-0.771	-0.415	-0.650	-0.827	-0.529	-0.914	-0.856	-0.858	-0.531	-0.910	-0.894	-0.549	-0.736	-0.705	-0.888	-0.897	-0.826	-0.867	-0.889	-0.807	-0.918	-0.881	-0.879	-0.887	-0.864	-0.865	-0.859	-0.844	-0.802	-0.828	-0.808	-0.808	-0.685	-0.779	-0.781	-0.782	-0.589	-0.781	-0.594	-0.612	-0.488	-0.488	-0.489	-0.795	-0.494	-0.478	-0.707	-0.451	-0.124	-0.397	-0.600	-0.634	-0.452	-0.767	-0.606	-0.767	-0.587	-0.627	-0.768	-0.591	-0.283	-0.554	-0.309	-0.547	-0.309	-0.320	-0.721	-0.818	-0.322	-0.352	-0.854	-0.854	-0.594	-0.868	-0.620	-0.395	-0.825	-0.854	-0.323	-0.323	-0.824	-0.324	-0.581	-0.830	-0.810	-0.734	-0.326	-0.720	-0.308	-0.321	-0.535	-0.326	-0.331	-0.728	-0.730	-0.754	-0.730	-0.756	-0.733	-0.757	-0.722	-0.676	-0.357	-0.340	-0.786	-0.846	-0.711	-0.754	-0.776	-0.764	-0.413	-0.763	-0.753	-0.783	-0.311	-0.318	-0.561	-0.482	-0.320	-0.523	-0.493	-0.587	-0.526	-0.527	-0.530	-0.737	-0.423	-0.469	-0.877	-0.894	-0.932	-0.920	
rs148683230    -0.761	-0.651	-0.828	-0.827	-0.700	-0.828	-0.725	-0.805	-0.746	-0.650	-0.350	-0.794	-0.650	-0.799	-0.823	-0.824	-0.649	-0.794	-0.762	-0.657	-0.714	-0.555	-0.825	-0.771	-0.643	-0.720	-0.826	-0.595	-0.837	-0.744	-0.740	-0.820	-0.716	-0.719	-0.710	-0.690	-0.609	-0.788	-0.550	-0.551	-0.550	-0.748	-0.759	-0.761	-0.507	-0.760	-0.512	-0.531	-0.248	-0.250	-0.250	-0.771	-0.269	-0.388	-0.696	-0.361	-0.038	-0.316	-0.518	-0.635	-0.376	-0.656	-0.524	-0.657	-0.505	-0.589	-0.660	-0.509	-0.328	-0.470	-0.351	-0.468	-0.352	-0.362	-0.689	-0.776	-0.363	-0.390	-0.815	-0.815	-0.581	-0.825	-0.606	-0.430	-0.782	-0.815	-0.364	-0.364	-0.791	-0.365	-0.569	-0.787	-0.780	-0.697	-0.367	-0.721	-0.351	-0.362	-0.499	-0.367	-0.371	-0.651	-0.655	-0.711	-0.655	-0.712	-0.732	-0.712	-0.639	-0.641	-0.372	-0.357	-0.736	-0.802	-0.712	-0.712	-0.766	-0.712	-0.444	-0.712	-0.678	-0.734	-0.349	-0.356	-0.567	-0.494	-0.319	-0.532	-0.505	-0.587	-0.533	-0.534	-0.522	-0.677	-0.450	-0.483	-0.823	-0.832	-0.860	-0.854	
rs74366855     -0.756	-0.827	-0.845	-0.856	-0.797	-0.848	-0.702	-0.704	-0.739	-0.827	-0.794	-0.548	-0.827	-0.954	-0.929	-0.929	-0.826	-0.959	-0.956	-0.830	-0.937	-0.843	-0.837	-0.957	-0.978	-0.948	-0.839	-0.939	-0.894	-0.955	-0.954	-0.825	-0.948	-0.949	-0.947	-0.937	-0.934	-0.883	-0.931	-0.931	-0.840	-0.833	-0.899	-0.900	-0.707	-0.900	-0.713	-0.732	-0.585	-0.586	-0.587	-0.908	-0.583	-0.615	-0.860	-0.588	-0.259	-0.580	-0.773	-0.819	-0.634	-0.875	-0.779	-0.875	-0.762	-0.766	-0.877	-0.766	-0.500	-0.731	-0.525	-0.727	-0.525	-0.536	-0.881	-0.962	-0.537	-0.566	-0.973	-0.973	-0.752	-0.981	-0.778	-0.608	-0.967	-0.973	-0.539	-0.539	-0.954	-0.539	-0.740	-0.971	-0.944	-0.874	-0.543	-0.895	-0.527	-0.539	-0.712	-0.544	-0.549	-0.840	-0.843	-0.891	-0.843	-0.892	-0.906	-0.892	-0.830	-0.831	-0.595	-0.580	-0.917	-0.984	-0.891	-0.891	-0.939	-0.895	-0.625	-0.895	-0.859	-0.914	-0.529	-0.536	-0.760	-0.676	-0.459	-0.730	-0.706	-0.769	-0.717	-0.718	-0.695	-0.858	-0.657	-0.687	-1.002	-1.011	-1.041	-1.032	
rs7946524      -0.789	-0.529	-0.882	-0.876	-0.774	-0.880	-0.748	-0.840	-0.771	-0.529	-0.650	-0.827	-0.415	-0.914	-0.856	-0.857	-0.531	-0.909	-0.894	-0.548	-0.735	-0.705	-0.887	-0.896	-0.825	-0.867	-0.888	-0.807	-0.917	-0.881	-0.879	-0.886	-0.863	-0.864	-0.859	-0.844	-0.802	-0.828	-0.808	-0.808	-0.684	-0.779	-0.780	-0.781	-0.589	-0.781	-0.594	-0.612	-0.487	-0.488	-0.489	-0.794	-0.494	-0.478	-0.706	-0.451	-0.124	-0.396	-0.599	-0.633	-0.451	-0.766	-0.605	-0.767	-0.586	-0.627	-0.768	-0.591	-0.282	-0.553	-0.307	-0.546	-0.308	-0.319	-0.720	-0.818	-0.320	-0.351	-0.853	-0.854	-0.593	-0.867	-0.620	-0.394	-0.825	-0.853	-0.322	-0.322	-0.824	-0.323	-0.580	-0.830	-0.810	-0.733	-0.325	-0.719	-0.307	-0.320	-0.534	-0.325	-0.329	-0.728	-0.730	-0.754	-0.730	-0.755	-0.733	-0.756	-0.721	-0.675	-0.355	-0.339	-0.785	-0.846	-0.710	-0.753	-0.775	-0.764	-0.411	-0.762	-0.753	-0.782	-0.309	-0.317	-0.561	-0.481	-0.320	-0.523	-0.494	-0.586	-0.525	-0.526	-0.529	-0.736	-0.424	-0.470	-0.876	-0.894	-0.932	-0.920	
rs7950474      -0.880	-0.914	-1.044	-1.043	-0.949	-1.043	-0.826	-0.972	-0.860	-0.914	-0.799	-0.954	-0.914	-0.642	-1.024	-1.025	-0.913	-0.845	-0.747	-0.921	-0.958	-0.857	-1.038	-0.826	-1.032	-0.738	-1.040	-0.993	-0.902	-0.790	-0.784	-1.033	-0.773	-0.789	-0.772	-0.740	-0.990	-0.962	-0.999	-0.999	-0.795	-0.927	-0.979	-0.981	-0.634	-0.980	-0.641	-0.667	-0.697	-0.698	-0.698	-0.993	-0.704	-0.533	-0.919	-0.500	-0.132	-0.540	-0.776	-0.864	-0.617	-0.975	-0.784	-0.976	-0.763	-0.822	-0.976	-0.769	-0.527	-0.728	-0.552	-0.730	-0.553	-0.564	-0.922	-1.019	-0.565	-0.595	-1.058	-1.058	-0.796	-1.071	-0.823	-0.640	-1.026	-1.058	-0.567	-0.567	-1.031	-0.568	-0.783	-1.031	-1.017	-0.952	-0.572	-0.956	-0.555	-0.567	-0.731	-0.573	-0.578	-0.939	-0.941	-0.970	-0.941	-0.972	-0.968	-0.972	-0.935	-0.901	-0.616	-0.600	-1.002	-1.049	-0.949	-0.970	-1.008	-0.978	-0.658	-0.977	-0.966	-1.000	-0.559	-0.566	-0.834	-0.712	-0.504	-0.800	-0.773	-0.814	-0.756	-0.757	-0.738	-0.947	-0.719	-0.752	-1.091	-1.105	-1.145	-1.132	
rs4396260      -0.849	-0.857	-0.835	-0.846	-0.845	-0.839	-0.798	-0.944	-0.830	-0.856	-0.823	-0.929	-0.856	-1.024	-0.595	-0.732	-0.855	-1.024	-1.011	-0.867	-0.982	-0.876	-0.801	-1.015	-0.995	-0.990	-0.808	-0.975	-1.036	-1.003	-1.001	-0.795	-0.990	-0.992	-0.986	-0.972	-0.971	-0.868	-0.966	-0.966	-0.805	-0.889	-0.853	-0.855	-0.702	-0.855	-0.708	-0.729	-0.606	-0.607	-0.607	-0.870	-0.605	-0.609	-0.811	-0.581	-0.245	-0.537	-0.750	-0.773	-0.589	-0.933	-0.757	-0.933	-0.737	-0.800	-0.934	-0.743	-0.378	-0.703	-0.410	-0.701	-0.411	-0.425	-0.872	-0.963	-0.426	-0.463	-0.991	-0.992	-0.731	-1.004	-0.760	-0.515	-0.970	-0.992	-0.428	-0.428	-0.966	-0.430	-0.717	-0.975	-0.953	-0.920	-0.438	-0.868	-0.419	-0.434	-0.681	-0.441	-0.449	-0.895	-0.897	-0.936	-0.897	-0.937	-0.883	-0.937	-0.890	-0.851	-0.529	-0.511	-0.961	-0.993	-0.868	-0.936	-0.927	-0.940	-0.546	-0.940	-0.920	-0.959	-0.438	-0.447	-0.770	-0.607	-0.456	-0.732	-0.703	-0.724	-0.658	-0.660	-0.699	-0.902	-0.643	-0.680	-1.040	-1.051	-1.096	-1.086	
rs1125082      -0.849	-0.859	-0.839	-0.849	-0.848	-0.843	-0.797	-0.945	-0.829	-0.858	-0.824	-0.929	-0.857	-1.025	-0.732	-0.597	-0.857	-1.025	-1.012	-0.869	-0.983	-0.877	-0.806	-1.016	-0.996	-0.991	-0.813	-0.977	-1.037	-1.004	-1.002	-0.800	-0.991	-0.992	-0.987	-0.972	-0.972	-0.868	-0.968	-0.968	-0.804	-0.889	-0.853	-0.855	-0.701	-0.854	-0.707	-0.728	-0.608	-0.609	-0.609	-0.870	-0.608	-0.609	-0.810	-0.580	-0.244	-0.536	-0.749	-0.772	-0.588	-0.934	-0.757	-0.935	-0.737	-0.802	-0.936	-0.742	-0.376	-0.703	-0.408	-0.701	-0.409	-0.423	-0.872	-0.963	-0.424	-0.461	-0.992	-0.992	-0.730	-1.005	-0.760	-0.514	-0.970	-0.992	-0.427	-0.427	-0.967	-0.428	-0.717	-0.976	-0.953	-0.921	-0.436	-0.868	-0.417	-0.432	-0.680	-0.439	-0.447	-0.897	-0.899	-0.937	-0.899	-0.938	-0.883	-0.939	-0.891	-0.852	-0.527	-0.510	-0.963	-0.994	-0.868	-0.937	-0.927	-0.942	-0.545	-0.941	-0.921	-0.960	-0.437	-0.445	-0.772	-0.606	-0.456	-0.734	-0.705	-0.724	-0.658	-0.659	-0.700	-0.904	-0.645	-0.682	-1.041	-1.052	-1.097	-1.087	
rs10128629     -0.788	-0.532	-0.881	-0.876	-0.774	-0.880	-0.747	-0.839	-0.771	-0.531	-0.649	-0.826	-0.531	-0.913	-0.855	-0.857	-0.414	-0.909	-0.893	-0.542	-0.734	-0.704	-0.887	-0.896	-0.824	-0.866	-0.888	-0.806	-0.917	-0.880	-0.878	-0.886	-0.863	-0.864	-0.858	-0.843	-0.801	-0.827	-0.807	-0.807	-0.684	-0.778	-0.779	-0.781	-0.588	-0.780	-0.593	-0.611	-0.487	-0.488	-0.488	-0.794	-0.493	-0.477	-0.706	-0.450	-0.123	-0.396	-0.599	-0.632	-0.451	-0.766	-0.605	-0.766	-0.586	-0.626	-0.767	-0.590	-0.282	-0.553	-0.307	-0.546	-0.308	-0.319	-0.719	-0.817	-0.320	-0.351	-0.853	-0.853	-0.593	-0.867	-0.619	-0.394	-0.824	-0.853	-0.322	-0.322	-0.823	-0.323	-0.580	-0.829	-0.809	-0.732	-0.325	-0.718	-0.307	-0.319	-0.533	-0.325	-0.329	-0.727	-0.729	-0.753	-0.729	-0.755	-0.732	-0.756	-0.721	-0.674	-0.355	-0.339	-0.785	-0.845	-0.709	-0.753	-0.774	-0.763	-0.411	-0.762	-0.752	-0.782	-0.309	-0.317	-0.560	-0.481	-0.319	-0.522	-0.492	-0.586	-0.525	-0.526	-0.529	-0.735	-0.422	-0.468	-0.876	-0.893	-0.931	-0.919	
rs10769187     -0.888	-0.910	-1.042	-1.041	-0.945	-1.042	-0.836	-0.976	-0.868	-0.910	-0.794	-0.959	-0.909	-0.845	-1.024	-1.025	-0.909	-0.637	-0.815	-0.917	-0.954	-0.853	-1.036	-0.854	-1.029	-0.793	-1.037	-0.989	-0.913	-0.829	-0.825	-1.031	-0.812	-0.823	-0.809	-0.783	-0.986	-0.964	-0.996	-0.995	-0.781	-0.929	-0.978	-0.979	-0.614	-0.979	-0.622	-0.649	-0.694	-0.695	-0.695	-0.992	-0.701	-0.514	-0.918	-0.479	-0.107	-0.527	-0.766	-0.863	-0.606	-0.970	-0.774	-0.971	-0.754	-0.817	-0.971	-0.759	-0.528	-0.718	-0.554	-0.721	-0.554	-0.565	-0.916	-1.013	-0.567	-0.596	-1.051	-1.052	-0.789	-1.065	-0.816	-0.640	-1.020	-1.052	-0.568	-0.568	-1.026	-0.569	-0.776	-1.025	-1.011	-0.947	-0.572	-0.954	-0.555	-0.568	-0.723	-0.573	-0.579	-0.935	-0.936	-0.965	-0.936	-0.967	-0.966	-0.968	-0.930	-0.897	-0.608	-0.592	-0.994	-1.043	-0.947	-0.965	-1.005	-0.974	-0.658	-0.973	-0.961	-0.992	-0.559	-0.566	-0.830	-0.712	-0.496	-0.796	-0.769	-0.812	-0.755	-0.756	-0.735	-0.942	-0.715	-0.748	-1.086	-1.100	-1.140	-1.127	
rs11601057     -0.893	-0.894	-1.021	-1.022	-0.921	-1.021	-0.846	-0.971	-0.875	-0.894	-0.762	-0.956	-0.894	-0.747	-1.011	-1.012	-0.893	-0.815	-0.618	-0.900	-0.919	-0.821	-1.011	-0.808	-1.007	-0.769	-1.012	-0.964	-0.842	-0.798	-0.795	-1.004	-0.793	-0.804	-0.793	-0.773	-0.962	-0.958	-0.974	-0.974	-0.808	-0.927	-0.971	-0.972	-0.661	-0.971	-0.668	-0.692	-0.687	-0.688	-0.689	-0.983	-0.693	-0.559	-0.913	-0.527	-0.168	-0.556	-0.781	-0.859	-0.627	-0.952	-0.788	-0.953	-0.768	-0.795	-0.953	-0.773	-0.531	-0.734	-0.556	-0.735	-0.557	-0.567	-0.917	-1.008	-0.569	-0.598	-1.043	-1.043	-0.793	-1.055	-0.819	-0.641	-1.015	-1.043	-0.570	-0.570	-1.018	-0.571	-0.780	-1.019	-1.005	-0.926	-0.574	-0.946	-0.557	-0.570	-0.732	-0.575	-0.580	-0.917	-0.918	-0.945	-0.918	-0.946	-0.958	-0.947	-0.913	-0.885	-0.616	-0.601	-0.978	-1.035	-0.939	-0.945	-0.995	-0.954	-0.657	-0.953	-0.943	-0.976	-0.560	-0.566	-0.816	-0.711	-0.509	-0.783	-0.757	-0.809	-0.754	-0.755	-0.725	-0.924	-0.703	-0.736	-1.068	-1.082	-1.122	-1.109	
rs4756059      -0.791	-0.550	-0.892	-0.887	-0.783	-0.890	-0.749	-0.844	-0.773	-0.549	-0.657	-0.830	-0.548	-0.921	-0.867	-0.869	-0.542	-0.917	-0.900	-0.425	-0.751	-0.712	-0.896	-0.903	-0.833	-0.872	-0.898	-0.817	-0.926	-0.887	-0.885	-0.895	-0.869	-0.870	-0.864	-0.848	-0.812	-0.835	-0.817	-0.817	-0.692	-0.781	-0.791	-0.793	-0.589	-0.792	-0.594	-0.613	-0.488	-0.489	-0.490	-0.806	-0.495	-0.476	-0.718	-0.449	-0.119	-0.406	-0.608	-0.646	-0.460	-0.775	-0.614	-0.776	-0.595	-0.635	-0.777	-0.600	-0.298	-0.562	-0.323	-0.555	-0.324	-0.335	-0.729	-0.826	-0.336	-0.366	-0.862	-0.862	-0.600	-0.876	-0.627	-0.409	-0.834	-0.862	-0.337	-0.337	-0.832	-0.338	-0.588	-0.839	-0.818	-0.744	-0.341	-0.732	-0.323	-0.335	-0.543	-0.341	-0.345	-0.737	-0.739	-0.764	-0.739	-0.765	-0.745	-0.766	-0.731	-0.686	-0.372	-0.356	-0.795	-0.855	-0.723	-0.764	-0.787	-0.773	-0.426	-0.772	-0.762	-0.792	-0.325	-0.332	-0.554	-0.494	-0.317	-0.512	-0.480	-0.598	-0.538	-0.539	-0.532	-0.745	-0.404	-0.455	-0.886	-0.903	-0.941	-0.929	
rs10769190     -0.898	-0.736	-0.993	-0.991	-0.873	-0.992	-0.856	-0.951	-0.880	-0.736	-0.714	-0.937	-0.735	-0.958	-0.982	-0.983	-0.734	-0.954	-0.919	-0.751	-0.540	-0.756	-0.991	-0.927	-0.592	-0.874	-0.992	-0.769	-0.988	-0.899	-0.895	-0.987	-0.871	-0.874	-0.864	-0.842	-0.778	-0.945	-0.737	-0.737	-0.762	-0.884	-0.917	-0.918	-0.645	-0.918	-0.650	-0.670	-0.430	-0.432	-0.432	-0.929	-0.453	-0.519	-0.852	-0.490	-0.148	-0.504	-0.702	-0.790	-0.556	-0.865	-0.708	-0.866	-0.689	-0.744	-0.867	-0.693	-0.463	-0.655	-0.487	-0.653	-0.487	-0.498	-0.848	-0.939	-0.499	-0.528	-0.972	-0.973	-0.719	-0.985	-0.745	-0.569	-0.946	-0.972	-0.500	-0.500	-0.945	-0.501	-0.706	-0.950	-0.932	-0.861	-0.503	-0.870	-0.486	-0.498	-0.656	-0.504	-0.508	-0.837	-0.840	-0.875	-0.840	-0.876	-0.882	-0.876	-0.830	-0.809	-0.545	-0.529	-0.902	-0.966	-0.863	-0.876	-0.919	-0.877	-0.584	-0.877	-0.864	-0.900	-0.486	-0.493	-0.654	-0.641	-0.431	-0.608	-0.573	-0.738	-0.682	-0.683	-0.648	-0.849	-0.499	-0.546	-0.990	-1.001	-1.046	-1.034	
rs75166711     -0.809	-0.705	-0.882	-0.881	-0.756	-0.882	-0.772	-0.855	-0.793	-0.705	-0.555	-0.843	-0.705	-0.857	-0.876	-0.877	-0.704	-0.853	-0.821	-0.712	-0.756	-0.412	-0.880	-0.827	-0.693	-0.777	-0.880	-0.635	-0.890	-0.800	-0.797	-0.874	-0.774	-0.776	-0.767	-0.747	-0.646	-0.839	-0.585	-0.585	-0.632	-0.798	-0.811	-0.812	-0.574	-0.812	-0.579	-0.598	-0.344	-0.345	-0.346	-0.823	-0.362	-0.459	-0.747	-0.432	-0.103	-0.380	-0.579	-0.683	-0.437	-0.722	-0.586	-0.723	-0.566	-0.638	-0.726	-0.571	-0.371	-0.532	-0.395	-0.530	-0.395	-0.405	-0.741	-0.829	-0.406	-0.434	-0.865	-0.865	-0.626	-0.876	-0.651	-0.474	-0.835	-0.865	-0.408	-0.408	-0.841	-0.408	-0.614	-0.840	-0.829	-0.752	-0.410	-0.769	-0.394	-0.405	-0.551	-0.410	-0.415	-0.710	-0.713	-0.766	-0.713	-0.767	-0.780	-0.767	-0.699	-0.695	-0.424	-0.409	-0.791	-0.855	-0.761	-0.767	-0.816	-0.768	-0.488	-0.768	-0.737	-0.789	-0.393	-0.399	-0.622	-0.543	-0.361	-0.588	-0.561	-0.637	-0.583	-0.584	-0.564	-0.731	-0.506	-0.539	-0.877	-0.886	-0.913	-0.907	
rs12798196     -0.795	-0.888	-0.830	-0.817	-0.895	-0.826	-0.730	-0.864	-0.770	-0.888	-0.825	-0.837	-0.887	-1.038	-0.801	-0.806	-0.887	-1.036	-1.011	-0.896	-0.991	-0.880	-0.618	-1.015	-1.026	-0.972	-0.761	-0.995	-1.038	-0.992	-0.989	-0.782	-0.973	-0.975	-0.968	-0.947	-0.991	-0.807	-0.991	-0.991	-0.734	-0.766	-0.651	-0.654	-0.621	-0.653	-0.628	-0.652	-0.628	-0.629	-0.629	-0.696	-0.630	-0.535	-0.626	-0.505	-0.149	-0.453	-0.687	-0.608	-0.506	-0.950	-0.696	-0.950	-0.674	-0.809	-0.951	-0.680	-0.064	-0.636	-0.111	-0.635	-0.113	-0.131	-0.824	-0.932	-0.134	-0.186	-0.940	-0.941	-0.595	-0.960	-0.633	-0.259	-0.941	-0.940	-0.138	-0.138	-0.904	-0.139	-0.579	-0.949	-0.884	-0.935	-0.160	-0.745	-0.138	-0.159	-0.608	-0.170	-0.182	-0.913	-0.915	-0.951	-0.915	-0.952	-0.771	-0.953	-0.907	-0.826	-0.432	-0.415	-0.976	-0.975	-0.755	-0.951	-0.841	-0.956	-0.324	-0.956	-0.937	-0.974	-0.197	-0.209	-0.802	-0.413	-0.319	-0.765	-0.737	-0.573	-0.484	-0.486	-0.643	-0.922	-0.680	-0.715	-1.053	-1.069	-1.116	-1.105	
rs7120013      -0.895	-0.897	-1.028	-1.028	-0.927	-1.027	-0.847	-0.973	-0.877	-0.897	-0.771	-0.957	-0.896	-0.826	-1.015	-1.016	-0.896	-0.854	-0.808	-0.903	-0.927	-0.827	-1.015	-0.621	-1.010	-0.678	-1.015	-0.969	-0.838	-0.750	-0.743	-1.007	-0.744	-0.763	-0.746	-0.719	-0.965	-0.953	-0.978	-0.978	-0.798	-0.921	-0.968	-0.970	-0.641	-0.969	-0.648	-0.673	-0.687	-0.688	-0.688	-0.981	-0.693	-0.540	-0.910	-0.507	-0.141	-0.542	-0.774	-0.856	-0.618	-0.955	-0.781	-0.956	-0.761	-0.799	-0.956	-0.766	-0.525	-0.727	-0.550	-0.728	-0.551	-0.561	-0.914	-1.007	-0.563	-0.592	-1.043	-1.043	-0.789	-1.056	-0.816	-0.636	-1.014	-1.043	-0.564	-0.564	-1.018	-0.565	-0.777	-1.019	-1.005	-0.930	-0.568	-0.945	-0.552	-0.564	-0.727	-0.570	-0.575	-0.920	-0.921	-0.948	-0.922	-0.950	-0.957	-0.951	-0.916	-0.886	-0.612	-0.596	-0.982	-1.035	-0.938	-0.948	-0.995	-0.957	-0.653	-0.956	-0.946	-0.979	-0.555	-0.562	-0.818	-0.708	-0.505	-0.784	-0.758	-0.807	-0.751	-0.752	-0.725	-0.927	-0.705	-0.737	-1.071	-1.085	-1.125	-1.113	
rs10769191     -0.935	-0.826	-1.023	-1.018	-0.922	-1.021	-0.894	-0.992	-0.917	-0.826	-0.643	-0.978	-0.825	-1.032	-0.995	-0.996	-0.824	-1.029	-1.007	-0.833	-0.592	-0.693	-1.026	-1.010	-0.581	-0.974	-1.027	-0.824	-1.039	-0.991	-0.989	-1.025	-0.971	-0.972	-0.965	-0.949	-0.830	-0.969	-0.843	-0.843	-0.833	-0.926	-0.917	-0.919	-0.723	-0.918	-0.729	-0.747	-0.559	-0.560	-0.561	-0.932	-0.575	-0.609	-0.844	-0.581	-0.251	-0.553	-0.751	-0.775	-0.602	-0.911	-0.757	-0.912	-0.738	-0.742	-0.912	-0.743	-0.406	-0.705	-0.432	-0.699	-0.433	-0.444	-0.868	-0.961	-0.445	-0.477	-0.986	-0.986	-0.716	-1.001	-0.744	-0.521	-0.968	-0.986	-0.447	-0.447	-0.953	-0.448	-0.702	-0.973	-0.939	-0.888	-0.451	-0.851	-0.432	-0.445	-0.675	-0.451	-0.455	-0.880	-0.882	-0.905	-0.882	-0.907	-0.865	-0.908	-0.875	-0.826	-0.521	-0.504	-0.937	-0.990	-0.846	-0.905	-0.909	-0.914	-0.540	-0.913	-0.907	-0.935	-0.434	-0.442	-0.751	-0.611	-0.447	-0.714	-0.685	-0.719	-0.656	-0.657	-0.638	-0.885	-0.625	-0.662	-1.018	-1.036	-1.084	-1.073	
rs1970848      -0.900	-0.867	-0.991	-0.993	-0.885	-0.992	-0.859	-0.961	-0.884	-0.867	-0.720	-0.948	-0.867	-0.738	-0.990	-0.991	-0.866	-0.793	-0.769	-0.872	-0.874	-0.777	-0.972	-0.678	-0.974	-0.587	-0.972	-0.928	-0.723	-0.717	-0.721	-0.962	-0.756	-0.767	-0.763	-0.757	-0.924	-0.941	-0.941	-0.941	-0.812	-0.916	-0.952	-0.953	-0.675	-0.953	-0.681	-0.704	-0.671	-0.672	-0.673	-0.963	-0.675	-0.576	-0.899	-0.545	-0.192	-0.562	-0.777	-0.847	-0.630	-0.922	-0.784	-0.923	-0.766	-0.760	-0.923	-0.770	-0.528	-0.733	-0.552	-0.732	-0.553	-0.563	-0.904	-0.989	-0.564	-0.593	-1.020	-1.020	-0.783	-1.031	-0.808	-0.634	-0.995	-1.020	-0.566	-0.566	-0.997	-0.566	-0.770	-0.999	-0.985	-0.893	-0.569	-0.928	-0.553	-0.565	-0.726	-0.570	-0.574	-0.887	-0.889	-0.912	-0.889	-0.914	-0.939	-0.915	-0.884	-0.862	-0.611	-0.595	-0.948	-1.014	-0.922	-0.912	-0.974	-0.923	-0.650	-0.922	-0.914	-0.945	-0.553	-0.560	-0.791	-0.704	-0.508	-0.759	-0.733	-0.798	-0.744	-0.745	-0.704	-0.894	-0.681	-0.713	-1.039	-1.053	-1.092	-1.080	
rs12800259     -0.797	-0.889	-0.838	-0.825	-0.897	-0.833	-0.732	-0.865	-0.772	-0.889	-0.826	-0.839	-0.888	-1.040	-0.808	-0.813	-0.888	-1.037	-1.012	-0.898	-0.992	-0.880	-0.761	-1.015	-1.027	-0.972	-0.619	-0.996	-1.038	-0.992	-0.989	-0.779	-0.973	-0.975	-0.968	-0.947	-0.992	-0.806	-0.992	-0.992	-0.733	-0.764	-0.644	-0.647	-0.619	-0.646	-0.626	-0.651	-0.629	-0.630	-0.630	-0.690	-0.631	-0.533	-0.620	-0.503	-0.146	-0.451	-0.686	-0.604	-0.504	-0.951	-0.695	-0.951	-0.672	-0.810	-0.952	-0.679	-0.054	-0.634	-0.101	-0.634	-0.103	-0.121	-0.823	-0.931	-0.124	-0.177	-0.939	-0.940	-0.592	-0.960	-0.630	-0.251	-0.941	-0.939	-0.128	-0.128	-0.903	-0.130	-0.576	-0.948	-0.882	-0.935	-0.151	-0.742	-0.129	-0.150	-0.606	-0.161	-0.174	-0.914	-0.916	-0.952	-0.916	-0.953	-0.768	-0.953	-0.908	-0.827	-0.429	-0.411	-0.977	-0.975	-0.752	-0.952	-0.839	-0.957	-0.318	-0.956	-0.938	-0.974	-0.190	-0.202	-0.802	-0.407	-0.316	-0.766	-0.738	-0.569	-0.479	-0.481	-0.642	-0.923	-0.681	-0.716	-1.053	-1.069	-1.116	-1.106	
rs78059714     -0.896	-0.808	-0.994	-0.990	-0.881	-0.992	-0.855	-0.952	-0.878	-0.807	-0.595	-0.939	-0.807	-0.993	-0.975	-0.977	-0.806	-0.989	-0.964	-0.817	-0.769	-0.635	-0.995	-0.969	-0.824	-0.928	-0.996	-0.540	-1.011	-0.947	-0.944	-0.992	-0.924	-0.926	-0.919	-0.901	-0.704	-0.925	-0.671	-0.672	-0.764	-0.889	-0.903	-0.904	-0.682	-0.903	-0.687	-0.706	-0.466	-0.468	-0.468	-0.916	-0.485	-0.567	-0.833	-0.540	-0.210	-0.513	-0.713	-0.769	-0.566	-0.864	-0.719	-0.865	-0.700	-0.714	-0.866	-0.705	-0.426	-0.667	-0.451	-0.662	-0.451	-0.462	-0.831	-0.929	-0.463	-0.493	-0.953	-0.953	-0.687	-0.967	-0.714	-0.535	-0.936	-0.953	-0.465	-0.465	-0.922	-0.465	-0.673	-0.941	-0.909	-0.865	-0.468	-0.849	-0.450	-0.463	-0.645	-0.468	-0.473	-0.838	-0.840	-0.881	-0.840	-0.882	-0.862	-0.883	-0.832	-0.800	-0.522	-0.506	-0.908	-0.957	-0.843	-0.881	-0.902	-0.887	-0.551	-0.886	-0.865	-0.906	-0.451	-0.458	-0.720	-0.613	-0.417	-0.682	-0.654	-0.714	-0.656	-0.657	-0.617	-0.847	-0.595	-0.631	-0.988	-1.003	-1.043	-1.032	
rs11038774     -0.865	-0.918	-1.044	-1.040	-0.966	-1.043	-0.806	-0.919	-0.842	-0.918	-0.837	-0.894	-0.917	-0.902	-1.036	-1.037	-0.917	-0.913	-0.842	-0.926	-0.988	-0.890	-1.038	-0.838	-1.039	-0.723	-1.038	-1.011	-0.653	-0.778	-0.771	-1.035	-0.744	-0.758	-0.737	-0.697	-1.007	-0.945	-1.012	-1.012	-0.765	-0.854	-0.946	-0.947	-0.584	-0.947	-0.592	-0.620	-0.696	-0.697	-0.697	-0.963	-0.704	-0.485	-0.881	-0.451	-0.070	-0.503	-0.753	-0.824	-0.589	-0.989	-0.761	-0.989	-0.740	-0.842	-0.990	-0.745	-0.460	-0.703	-0.489	-0.706	-0.489	-0.501	-0.908	-1.014	-0.503	-0.536	-1.043	-1.043	-0.750	-1.059	-0.781	-0.584	-1.021	-1.043	-0.505	-0.505	-1.014	-0.506	-0.736	-1.027	-0.997	-0.972	-0.512	-0.932	-0.494	-0.508	-0.710	-0.514	-0.521	-0.950	-0.952	-0.989	-0.952	-0.990	-0.947	-0.991	-0.944	-0.896	-0.598	-0.583	-1.016	-1.047	-0.927	-0.989	-0.992	-0.995	-0.609	-0.994	-0.973	-1.013	-0.505	-0.513	-0.835	-0.668	-0.441	-0.799	-0.771	-0.778	-0.716	-0.717	-0.728	-0.957	-0.714	-0.749	-1.100	-1.115	-1.155	-1.142	
rs11038775     -0.900	-0.882	-1.009	-1.010	-0.904	-1.009	-0.856	-0.968	-0.883	-0.881	-0.744	-0.955	-0.881	-0.790	-1.003	-1.004	-0.880	-0.829	-0.798	-0.887	-0.899	-0.800	-0.992	-0.750	-0.991	-0.717	-0.992	-0.947	-0.778	-0.603	-0.738	-0.982	-0.753	-0.767	-0.757	-0.741	-0.943	-0.947	-0.959	-0.959	-0.807	-0.919	-0.960	-0.962	-0.661	-0.961	-0.668	-0.692	-0.679	-0.680	-0.681	-0.972	-0.684	-0.562	-0.905	-0.530	-0.171	-0.555	-0.777	-0.852	-0.626	-0.938	-0.784	-0.939	-0.765	-0.778	-0.939	-0.770	-0.528	-0.731	-0.552	-0.732	-0.553	-0.563	-0.909	-0.998	-0.565	-0.594	-1.031	-1.032	-0.787	-1.043	-0.813	-0.636	-1.004	-1.031	-0.566	-0.566	-1.007	-0.567	-0.774	-1.009	-0.995	-0.911	-0.570	-0.936	-0.553	-0.566	-0.728	-0.571	-0.576	-0.903	-0.904	-0.929	-0.904	-0.931	-0.948	-0.932	-0.899	-0.874	-0.612	-0.597	-0.964	-1.024	-0.930	-0.929	-0.984	-0.939	-0.652	-0.938	-0.929	-0.961	-0.555	-0.562	-0.804	-0.707	-0.508	-0.771	-0.745	-0.803	-0.748	-0.749	-0.715	-0.909	-0.693	-0.725	-1.054	-1.068	-1.108	-1.095	
rs7118159      -0.901	-0.879	-1.006	-1.008	-0.901	-1.006	-0.857	-0.967	-0.884	-0.879	-0.740	-0.954	-0.879	-0.784	-1.001	-1.002	-0.878	-0.825	-0.795	-0.885	-0.895	-0.797	-0.989	-0.743	-0.989	-0.721	-0.989	-0.944	-0.771	-0.738	-0.601	-0.979	-0.755	-0.769	-0.760	-0.745	-0.941	-0.946	-0.956	-0.956	-0.808	-0.919	-0.959	-0.960	-0.663	-0.960	-0.670	-0.693	-0.678	-0.679	-0.679	-0.971	-0.683	-0.564	-0.904	-0.532	-0.174	-0.556	-0.777	-0.851	-0.626	-0.936	-0.784	-0.936	-0.765	-0.776	-0.937	-0.770	-0.528	-0.732	-0.552	-0.732	-0.553	-0.563	-0.908	-0.997	-0.565	-0.594	-1.030	-1.030	-0.786	-1.041	-0.812	-0.636	-1.003	-1.030	-0.566	-0.566	-1.006	-0.567	-0.774	-1.008	-0.993	-0.908	-0.570	-0.935	-0.553	-0.565	-0.728	-0.571	-0.576	-0.900	-0.902	-0.927	-0.902	-0.928	-0.947	-0.929	-0.897	-0.872	-0.612	-0.597	-0.961	-1.023	-0.929	-0.927	-0.983	-0.937	-0.652	-0.936	-0.927	-0.959	-0.555	-0.562	-0.802	-0.707	-0.508	-0.769	-0.744	-0.803	-0.748	-0.749	-0.713	-0.907	-0.691	-0.723	-1.052	-1.066	-1.106	-1.093	
rs11038776     -0.781	-0.887	-0.839	-0.824	-0.899	-0.834	-0.714	-0.852	-0.755	-0.887	-0.820	-0.825	-0.886	-1.033	-0.795	-0.800	-0.886	-1.031	-1.004	-0.895	-0.987	-0.874	-0.782	-1.007	-1.025	-0.962	-0.779	-0.992	-1.035	-0.982	-0.979	-0.615	-0.958	-0.960	-0.952	-0.929	-0.988	-0.767	-0.989	-0.989	-0.699	-0.717	-0.516	-0.519	-0.583	-0.518	-0.590	-0.616	-0.632	-0.633	-0.633	-0.582	-0.634	-0.502	-0.540	-0.470	-0.106	-0.415	-0.657	-0.544	-0.468	-0.948	-0.667	-0.948	-0.643	-0.804	-0.949	-0.650	+0.059	-0.603	+0.006	-0.604	+0.004	-0.017	-0.797	-0.910	-0.020	-0.079	-0.915	-0.915	-0.547	-0.937	-0.587	-0.160	-0.920	-0.915	-0.024	-0.024	-0.875	-0.026	-0.530	-0.928	-0.853	-0.931	-0.053	-0.694	-0.030	-0.054	-0.575	-0.067	-0.081	-0.911	-0.913	-0.947	-0.913	-0.949	-0.724	-0.949	-0.906	-0.813	-0.387	-0.369	-0.973	-0.957	-0.708	-0.947	-0.803	-0.953	-0.241	-0.953	-0.935	-0.971	-0.109	-0.122	-0.801	-0.338	-0.273	-0.765	-0.737	-0.514	-0.416	-0.419	-0.622	-0.919	-0.680	-0.714	-1.048	-1.065	-1.113	-1.103	
rs7924340      -0.901	-0.864	-0.991	-0.993	-0.882	-0.992	-0.860	-0.960	-0.885	-0.864	-0.716	-0.948	-0.863	-0.773	-0.990	-0.991	-0.863	-0.812	-0.793	-0.869	-0.871	-0.774	-0.973	-0.744	-0.971	-0.756	-0.973	-0.924	-0.744	-0.753	-0.755	-0.958	-0.584	-0.724	-0.716	-0.709	-0.920	-0.934	-0.937	-0.937	-0.802	-0.908	-0.947	-0.948	-0.657	-0.947	-0.664	-0.687	-0.668	-0.669	-0.670	-0.958	-0.672	-0.560	-0.894	-0.528	-0.170	-0.552	-0.771	-0.843	-0.622	-0.919	-0.777	-0.920	-0.759	-0.756	-0.920	-0.763	-0.523	-0.726	-0.547	-0.726	-0.548	-0.558	-0.899	-0.984	-0.559	-0.588	-1.016	-1.016	-0.778	-1.027	-0.804	-0.629	-0.990	-1.016	-0.561	-0.561	-0.993	-0.562	-0.766	-0.995	-0.981	-0.889	-0.564	-0.924	-0.548	-0.560	-0.721	-0.565	-0.570	-0.884	-0.885	-0.908	-0.885	-0.910	-0.936	-0.911	-0.881	-0.859	-0.606	-0.591	-0.944	-1.009	-0.918	-0.908	-0.970	-0.919	-0.645	-0.918	-0.911	-0.942	-0.549	-0.556	-0.788	-0.699	-0.503	-0.756	-0.730	-0.794	-0.740	-0.741	-0.701	-0.891	-0.678	-0.710	-1.036	-1.049	-1.089	-1.077	
rs11038780     -0.901	-0.865	-0.994	-0.995	-0.884	-0.994	-0.860	-0.961	-0.885	-0.865	-0.719	-0.949	-0.864	-0.789	-0.992	-0.992	-0.864	-0.823	-0.804	-0.870	-0.874	-0.776	-0.975	-0.763	-0.972	-0.767	-0.975	-0.926	-0.758	-0.767	-0.769	-0.960	-0.724	-0.585	-0.715	-0.702	-0.922	-0.934	-0.939	-0.939	-0.799	-0.907	-0.947	-0.948	-0.652	-0.947	-0.659	-0.682	-0.668	-0.669	-0.670	-0.958	-0.672	-0.554	-0.894	-0.522	-0.162	-0.549	-0.769	-0.842	-0.619	-0.920	-0.776	-0.921	-0.757	-0.758	-0.921	-0.762	-0.521	-0.724	-0.546	-0.724	-0.546	-0.557	-0.898	-0.984	-0.558	-0.587	-1.016	-1.017	-0.778	-1.027	-0.804	-0.628	-0.990	-1.016	-0.559	-0.559	-0.993	-0.560	-0.765	-0.995	-0.981	-0.890	-0.563	-0.924	-0.547	-0.559	-0.720	-0.564	-0.569	-0.885	-0.886	-0.909	-0.886	-0.911	-0.936	-0.912	-0.882	-0.860	-0.605	-0.590	-0.945	-1.009	-0.918	-0.909	-0.971	-0.920	-0.645	-0.919	-0.912	-0.943	-0.548	-0.555	-0.789	-0.699	-0.502	-0.756	-0.731	-0.793	-0.740	-0.740	-0.702	-0.892	-0.679	-0.710	-1.037	-1.050	-1.090	-1.078	
rs11038781     -0.900	-0.860	-0.987	-0.989	-0.877	-0.987	-0.861	-0.958	-0.885	-0.859	-0.710	-0.947	-0.859	-0.772	-0.986	-0.987	-0.858	-0.809	-0.793	-0.864	-0.864	-0.767	-0.968	-0.746	-0.965	-0.763	-0.968	-0.919	-0.737	-0.757	-0.760	-0.952	-0.716	-0.715	-0.579	-0.705	-0.914	-0.931	-0.932	-0.932	-0.801	-0.906	-0.943	-0.944	-0.657	-0.944	-0.663	-0.687	-0.666	-0.666	-0.667	-0.954	-0.669	-0.559	-0.891	-0.528	-0.170	-0.552	-0.769	-0.840	-0.621	-0.914	-0.776	-0.915	-0.757	-0.751	-0.915	-0.762	-0.522	-0.724	-0.546	-0.724	-0.547	-0.557	-0.896	-0.981	-0.558	-0.587	-1.012	-1.012	-0.776	-1.023	-0.802	-0.628	-0.987	-1.012	-0.559	-0.559	-0.989	-0.560	-0.764	-0.991	-0.977	-0.883	-0.563	-0.921	-0.547	-0.559	-0.719	-0.564	-0.568	-0.879	-0.880	-0.903	-0.881	-0.904	-0.932	-0.906	-0.876	-0.855	-0.605	-0.589	-0.939	-1.005	-0.915	-0.903	-0.967	-0.914	-0.644	-0.912	-0.906	-0.936	-0.547	-0.554	-0.784	-0.698	-0.502	-0.752	-0.726	-0.792	-0.738	-0.739	-0.698	-0.886	-0.675	-0.706	-1.031	-1.044	-1.084	-1.072	
rs12287430     -0.895	-0.844	-0.968	-0.971	-0.856	-0.969	-0.859	-0.947	-0.881	-0.844	-0.690	-0.937	-0.844	-0.740	-0.972	-0.972	-0.843	-0.783	-0.773	-0.848	-0.842	-0.747	-0.947	-0.719	-0.949	-0.757	-0.947	-0.901	-0.697	-0.741	-0.745	-0.929	-0.709	-0.702	-0.705	-0.561	-0.894	-0.920	-0.913	-0.913	-0.801	-0.898	-0.932	-0.933	-0.663	-0.933	-0.670	-0.692	-0.656	-0.657	-0.657	-0.942	-0.659	-0.567	-0.883	-0.537	-0.184	-0.555	-0.766	-0.833	-0.621	-0.897	-0.773	-0.898	-0.755	-0.731	-0.898	-0.759	-0.519	-0.723	-0.543	-0.722	-0.544	-0.554	-0.888	-0.970	-0.555	-0.583	-0.999	-0.999	-0.770	-1.009	-0.795	-0.624	-0.975	-0.999	-0.556	-0.556	-0.977	-0.557	-0.758	-0.979	-0.966	-0.865	-0.560	-0.911	-0.543	-0.555	-0.715	-0.560	-0.565	-0.862	-0.864	-0.885	-0.864	-0.886	-0.922	-0.888	-0.860	-0.842	-0.601	-0.586	-0.922	-0.993	-0.904	-0.885	-0.955	-0.896	-0.639	-0.895	-0.889	-0.919	-0.543	-0.550	-0.770	-0.692	-0.500	-0.738	-0.713	-0.784	-0.732	-0.733	-0.686	-0.869	-0.662	-0.693	-1.015	-1.028	-1.068	-1.055	
rs74645698     -0.891	-0.803	-0.989	-0.985	-0.876	-0.988	-0.850	-0.948	-0.873	-0.802	-0.609	-0.934	-0.802	-0.990	-0.971	-0.972	-0.801	-0.986	-0.962	-0.812	-0.778	-0.646	-0.991	-0.965	-0.830	-0.924	-0.992	-0.704	-1.007	-0.943	-0.941	-0.988	-0.920	-0.922	-0.914	-0.894	-0.535	-0.920	-0.636	-0.637	-0.757	-0.884	-0.898	-0.899	-0.676	-0.899	-0.681	-0.700	-0.456	-0.458	-0.458	-0.911	-0.475	-0.561	-0.828	-0.534	-0.203	-0.508	-0.708	-0.764	-0.561	-0.859	-0.714	-0.860	-0.695	-0.707	-0.861	-0.700	-0.421	-0.662	-0.446	-0.657	-0.447	-0.458	-0.826	-0.924	-0.459	-0.488	-0.948	-0.949	-0.682	-0.962	-0.710	-0.531	-0.931	-0.948	-0.460	-0.460	-0.917	-0.461	-0.668	-0.936	-0.904	-0.860	-0.464	-0.844	-0.446	-0.458	-0.640	-0.464	-0.468	-0.833	-0.835	-0.876	-0.835	-0.877	-0.857	-0.878	-0.827	-0.794	-0.517	-0.501	-0.904	-0.952	-0.838	-0.876	-0.897	-0.882	-0.547	-0.881	-0.860	-0.901	-0.446	-0.453	-0.714	-0.606	-0.412	-0.676	-0.648	-0.708	-0.650	-0.651	-0.610	-0.841	-0.588	-0.624	-0.983	-0.997	-1.037	-1.027	
rs11038783     -0.822	-0.829	-0.864	-0.872	-0.801	-0.866	-0.779	-0.893	-0.805	-0.828	-0.788	-0.883	-0.828	-0.962	-0.868	-0.868	-0.827	-0.964	-0.958	-0.835	-0.945	-0.839	-0.807	-0.953	-0.969	-0.941	-0.806	-0.925	-0.945	-0.947	-0.946	-0.767	-0.934	-0.934	-0.931	-0.920	-0.920	-0.546	-0.910	-0.910	-0.825	-0.844	-0.860	-0.861	-0.666	-0.861	-0.672	-0.693	-0.563	-0.564	-0.564	-0.870	-0.559	-0.577	-0.826	-0.547	-0.205	-0.507	-0.738	-0.792	-0.582	-0.884	-0.745	-0.884	-0.726	-0.762	-0.885	-0.731	-0.449	-0.693	-0.476	-0.693	-0.477	-0.488	-0.839	-0.930	-0.490	-0.521	-0.947	-0.947	-0.715	-0.955	-0.743	-0.567	-0.935	-0.947	-0.491	-0.491	-0.929	-0.492	-0.702	-0.940	-0.918	-0.860	-0.498	-0.873	-0.481	-0.494	-0.671	-0.500	-0.506	-0.847	-0.849	-0.880	-0.849	-0.881	-0.885	-0.882	-0.841	-0.825	-0.568	-0.552	-0.911	-0.954	-0.872	-0.880	-0.919	-0.889	-0.590	-0.888	-0.870	-0.909	-0.491	-0.498	-0.745	-0.645	-0.457	-0.710	-0.684	-0.744	-0.689	-0.690	-0.686	-0.856	-0.630	-0.662	-0.998	-1.006	-1.046	-1.035	
rs143597074    -0.887	-0.809	-0.989	-0.984	-0.880	-0.987	-0.845	-0.945	-0.869	-0.808	-0.550	-0.931	-0.808	-0.999	-0.966	-0.968	-0.807	-0.996	-0.974	-0.817	-0.737	-0.585	-0.991	-0.978	-0.843	-0.941	-0.992	-0.671	-1.012	-0.959	-0.956	-0.989	-0.937	-0.939	-0.932	-0.913	-0.636	-0.910	-0.536	-0.663	-0.775	-0.880	-0.889	-0.891	-0.684	-0.890	-0.690	-0.708	-0.496	-0.498	-0.498	-0.904	-0.512	-0.572	-0.818	-0.545	-0.217	-0.505	-0.707	-0.753	-0.557	-0.862	-0.713	-0.863	-0.694	-0.690	-0.863	-0.699	-0.398	-0.661	-0.424	-0.655	-0.424	-0.435	-0.816	-0.917	-0.437	-0.467	-0.938	-0.938	-0.662	-0.954	-0.690	-0.510	-0.925	-0.938	-0.438	-0.438	-0.905	-0.439	-0.648	-0.930	-0.891	-0.860	-0.441	-0.831	-0.423	-0.436	-0.629	-0.442	-0.446	-0.835	-0.837	-0.877	-0.838	-0.878	-0.844	-0.879	-0.830	-0.791	-0.506	-0.491	-0.905	-0.946	-0.826	-0.877	-0.886	-0.883	-0.527	-0.882	-0.863	-0.902	-0.425	-0.432	-0.722	-0.591	-0.400	-0.686	-0.658	-0.695	-0.636	-0.637	-0.593	-0.841	-0.600	-0.635	-0.982	-0.998	-1.040	-1.029	
