## Summary of overall evidence for association with region:
## log10(BF for region) = -0.555881
## p-value for region = NA

## BFs for choosing among multi-SNP models:
## log10(average 1-SNP BF) = -0.48414
## log10(average 2-SNP BF) = -0.749185

## Example posterior probabilities for multi-SNP models, based on default prior: [p(l) propto 0.5^l for l=1,2,...,L]
## posterior probability of 1-SNP = 0.786413
## posterior probability of 2-SNP = 0.213587

## log10(BF) for single SNP and pair of SNPs:
rs10851512     -0.519	-0.798	-0.890	-0.883	-0.637	-0.792	-0.564	-0.901	-0.903	-0.903	-0.902	-0.897	-0.703	-0.768	-0.753	-0.899	-0.751	-0.765	-0.963	-0.788	-0.611	-0.771	-0.771	-0.775	-0.771	-0.757	-0.747	-0.757	-0.698	-0.757	-0.611	-0.963	-0.963	-0.963	-0.792	-0.759	-0.963	-0.963	-0.963	-0.769	-0.767	-0.780	-0.763	-0.763	-0.785	-0.771	-0.754	-0.772	-0.767	-0.962	-0.722	-0.780	-0.893	-0.768	-0.893	-0.893	-0.893	-0.807	-0.894	-0.894	-0.894	-0.895	-0.779	-0.768	-0.896	-0.768	-0.787	-0.891	-0.787	-0.789	-0.782	-0.754	-0.751	-0.773	-0.782	-0.773	-0.884	-0.893	-0.855	-0.780	-0.895	-0.902	-0.892	-0.895	-0.894	-0.894	-0.780	-0.766	-0.764	-0.788	-0.900	-0.896	-0.950	-0.881	-0.896	-0.775	-0.892	-0.768	-0.888	-0.890	-0.776	-0.893	-0.900	-0.906	-0.894	-0.775	-0.918	-0.896	-0.793	-0.891	-0.885	-0.949	-0.884	-0.898	-0.950	-0.769	-0.905	-0.888	-0.890	-0.892	-0.973	-0.881	-0.791	-0.892	-0.794	-0.648	-0.973	-0.895	-0.769	-0.884	-0.846	-0.895	-0.903	-0.974	-0.973	-0.948	-0.951	-0.894	-0.974	-0.884	-0.896	-0.889	-0.888	-0.887	-0.839	-0.895	-0.895	-0.891	-0.890	-0.890	-0.973	-0.889	-0.882	-0.888	-0.913	-0.767	-0.806	-0.867	
rs6493552      -0.798	-0.421	-0.718	-0.714	-0.692	-0.576	-0.645	-0.709	-0.703	-0.703	-0.705	-0.709	-0.642	-0.798	-0.672	-0.712	-0.666	-0.792	-0.778	-0.575	-0.673	-0.797	-0.803	-0.807	-0.802	-0.672	-0.778	-0.672	-0.639	-0.672	-0.673	-0.781	-0.782	-0.781	-0.579	-0.673	-0.781	-0.786	-0.781	-0.805	-0.794	-0.694	-0.677	-0.678	-0.573	-0.805	-0.669	-0.803	-0.681	-0.791	-0.659	-0.784	-0.722	-0.682	-0.722	-0.722	-0.722	-0.802	-0.722	-0.722	-0.722	-0.722	-0.784	-0.682	-0.722	-0.682	-0.793	-0.724	-0.793	-0.795	-0.585	-0.669	-0.666	-0.685	-0.786	-0.685	-0.726	-0.723	-0.707	-0.784	-0.723	-0.718	-0.724	-0.723	-0.722	-0.723	-0.784	-0.679	-0.678	-0.795	-0.720	-0.722	-0.806	-0.726	-0.722	-0.687	-0.724	-0.680	-0.725	-0.724	-0.687	-0.724	-0.722	-0.716	-0.705	-0.687	-0.754	-0.723	-0.593	-0.730	-0.751	-0.806	-0.726	-0.721	-0.803	-0.681	-0.718	-0.730	-0.725	-0.724	-0.842	-0.726	-0.591	-0.724	-0.594	-0.428	-0.832	-0.723	-0.681	-0.725	-0.665	-0.723	-0.717	-0.836	-0.840	-0.815	-0.801	-0.723	-0.836	-0.725	-0.730	-0.725	-0.725	-0.725	-0.717	-0.722	-0.723	-0.724	-0.724	-0.724	-0.834	-0.723	-0.724	-0.723	-0.772	-0.679	-0.607	-0.583	
rs3751620      -0.890	-0.718	-0.518	-0.669	-0.790	-0.699	-0.745	-0.727	-0.726	-0.726	-0.727	-0.726	-0.736	-0.888	-0.757	-0.726	-0.753	-0.883	-0.844	-0.694	-0.772	-0.887	-0.892	-0.895	-0.891	-0.759	-0.869	-0.759	-0.733	-0.759	-0.771	-0.847	-0.847	-0.847	-0.700	-0.760	-0.848	-0.850	-0.847	-0.893	-0.885	-0.781	-0.765	-0.765	-0.691	-0.894	-0.756	-0.892	-0.768	-0.855	-0.752	-0.878	-0.761	-0.769	-0.760	-0.760	-0.760	-0.895	-0.761	-0.762	-0.762	-0.763	-0.878	-0.769	-0.764	-0.769	-0.885	-0.760	-0.885	-0.887	-0.693	-0.755	-0.752	-0.774	-0.880	-0.773	-0.754	-0.763	-0.718	-0.878	-0.764	-0.768	-0.760	-0.763	-0.763	-0.763	-0.878	-0.767	-0.765	-0.887	-0.768	-0.765	-0.869	-0.752	-0.765	-0.775	-0.761	-0.769	-0.758	-0.760	-0.776	-0.761	-0.769	-0.769	-0.761	-0.776	-0.814	-0.764	-0.706	-0.752	-0.785	-0.868	-0.754	-0.766	-0.867	-0.769	-0.771	-0.748	-0.759	-0.761	-0.923	-0.752	-0.703	-0.761	-0.707	-0.528	-0.922	-0.764	-0.769	-0.753	-0.736	-0.763	-0.768	-0.920	-0.922	-0.878	-0.867	-0.763	-0.920	-0.752	-0.757	-0.757	-0.757	-0.758	-0.751	-0.763	-0.764	-0.760	-0.760	-0.760	-0.919	-0.759	-0.751	-0.758	-0.821	-0.768	-0.727	-0.788	
rs3751619      -0.883	-0.714	-0.669	-0.510	-0.781	-0.695	-0.735	-0.709	-0.706	-0.706	-0.708	-0.710	-0.728	-0.880	-0.750	-0.710	-0.746	-0.875	-0.838	-0.690	-0.762	-0.880	-0.884	-0.888	-0.884	-0.752	-0.861	-0.752	-0.724	-0.752	-0.762	-0.841	-0.841	-0.841	-0.696	-0.753	-0.841	-0.845	-0.841	-0.886	-0.877	-0.774	-0.757	-0.758	-0.687	-0.886	-0.749	-0.885	-0.761	-0.849	-0.744	-0.871	-0.749	-0.762	-0.749	-0.749	-0.749	-0.887	-0.750	-0.751	-0.751	-0.752	-0.870	-0.762	-0.752	-0.762	-0.877	-0.750	-0.877	-0.879	-0.690	-0.748	-0.745	-0.766	-0.872	-0.766	-0.745	-0.752	-0.712	-0.870	-0.752	-0.755	-0.750	-0.752	-0.752	-0.752	-0.870	-0.760	-0.758	-0.879	-0.755	-0.753	-0.865	-0.743	-0.753	-0.768	-0.751	-0.761	-0.748	-0.750	-0.769	-0.751	-0.756	-0.756	-0.749	-0.768	-0.804	-0.753	-0.702	-0.755	-0.777	-0.865	-0.745	-0.754	-0.863	-0.762	-0.757	-0.752	-0.749	-0.751	-0.917	-0.743	-0.700	-0.751	-0.703	-0.528	-0.911	-0.752	-0.762	-0.745	-0.720	-0.752	-0.755	-0.913	-0.916	-0.874	-0.862	-0.752	-0.914	-0.744	-0.760	-0.748	-0.748	-0.748	-0.745	-0.752	-0.753	-0.750	-0.750	-0.750	-0.912	-0.749	-0.743	-0.749	-0.813	-0.760	-0.722	-0.777	
rs12900962     -0.637	-0.692	-0.790	-0.781	-0.427	-0.684	-0.511	-0.802	-0.805	-0.805	-0.804	-0.797	-0.652	-0.433	-0.681	-0.798	-0.675	-0.525	-0.873	-0.679	-0.553	-0.497	-0.355	-0.333	-0.380	-0.680	-0.625	-0.680	-0.651	-0.680	-0.552	-0.873	-0.872	-0.873	-0.684	-0.681	-0.873	-0.871	-0.873	-0.263	-0.514	-0.701	-0.685	-0.685	-0.676	-0.299	-0.677	-0.363	-0.688	-0.869	-0.664	-0.657	-0.793	-0.689	-0.792	-0.792	-0.792	-0.664	-0.793	-0.794	-0.794	-0.795	-0.653	-0.689	-0.796	-0.689	-0.620	-0.789	-0.621	-0.610	-0.673	-0.676	-0.673	-0.691	-0.641	-0.691	-0.781	-0.793	-0.747	-0.647	-0.795	-0.804	-0.790	-0.795	-0.794	-0.794	-0.646	-0.685	-0.685	-0.612	-0.802	-0.797	-0.851	-0.778	-0.797	-0.693	-0.791	-0.686	-0.786	-0.789	-0.693	-0.792	-0.802	-0.810	-0.795	-0.693	-0.821	-0.796	-0.684	-0.788	-0.777	-0.849	-0.780	-0.799	-0.851	-0.687	-0.808	-0.784	-0.789	-0.791	-0.874	-0.777	-0.682	-0.791	-0.685	-0.527	-0.879	-0.795	-0.687	-0.781	-0.761	-0.794	-0.806	-0.878	-0.875	-0.845	-0.854	-0.793	-0.878	-0.781	-0.795	-0.786	-0.785	-0.785	-0.737	-0.795	-0.795	-0.790	-0.789	-0.789	-0.878	-0.787	-0.779	-0.787	-0.822	-0.685	-0.701	-0.777	
rs11852464     -0.792	-0.576	-0.699	-0.695	-0.684	-0.414	-0.636	-0.682	-0.675	-0.675	-0.678	-0.684	-0.635	-0.791	-0.666	-0.687	-0.660	-0.785	-0.755	-0.530	-0.664	-0.790	-0.796	-0.800	-0.795	-0.666	-0.771	-0.666	-0.631	-0.666	-0.664	-0.758	-0.759	-0.758	-0.535	-0.667	-0.759	-0.765	-0.758	-0.798	-0.787	-0.688	-0.671	-0.671	-0.530	-0.799	-0.663	-0.796	-0.675	-0.771	-0.652	-0.777	-0.701	-0.676	-0.701	-0.701	-0.701	-0.795	-0.701	-0.701	-0.701	-0.701	-0.777	-0.676	-0.701	-0.676	-0.786	-0.704	-0.786	-0.788	-0.557	-0.662	-0.659	-0.679	-0.779	-0.678	-0.708	-0.703	-0.692	-0.777	-0.701	-0.695	-0.704	-0.702	-0.701	-0.702	-0.777	-0.672	-0.672	-0.789	-0.697	-0.701	-0.790	-0.709	-0.701	-0.681	-0.704	-0.674	-0.706	-0.704	-0.681	-0.704	-0.699	-0.691	-0.680	-0.681	-0.735	-0.702	-0.564	-0.712	-0.738	-0.791	-0.708	-0.699	-0.787	-0.675	-0.694	-0.713	-0.705	-0.703	-0.832	-0.708	-0.562	-0.704	-0.564	-0.396	-0.821	-0.702	-0.674	-0.707	-0.643	-0.702	-0.692	-0.824	-0.830	-0.801	-0.784	-0.703	-0.825	-0.707	-0.711	-0.706	-0.706	-0.706	-0.706	-0.701	-0.702	-0.704	-0.704	-0.704	-0.823	-0.704	-0.707	-0.704	-0.758	-0.673	-0.577	-0.522	
rs2290332      -0.564	-0.645	-0.745	-0.735	-0.511	-0.636	-0.382	-0.756	-0.761	-0.761	-0.759	-0.752	-0.612	-0.280	-0.642	-0.752	-0.634	-0.350	-0.830	-0.631	-0.512	-0.301	-0.168	-0.016	-0.210	-0.639	-0.533	-0.639	-0.611	-0.640	-0.511	-0.829	-0.829	-0.829	-0.636	-0.641	-0.829	-0.827	-0.829	-0.044	-0.352	-0.659	-0.644	-0.644	-0.628	-0.093	-0.637	-0.165	-0.647	-0.825	-0.623	-0.580	-0.747	-0.649	-0.746	-0.746	-0.746	-0.585	-0.748	-0.748	-0.748	-0.750	-0.574	-0.648	-0.750	-0.648	-0.543	-0.743	-0.544	-0.529	-0.625	-0.636	-0.633	-0.650	-0.571	-0.649	-0.735	-0.747	-0.699	-0.578	-0.750	-0.759	-0.744	-0.749	-0.749	-0.748	-0.578	-0.643	-0.644	-0.533	-0.756	-0.751	-0.805	-0.732	-0.751	-0.651	-0.745	-0.645	-0.739	-0.743	-0.651	-0.746	-0.756	-0.765	-0.750	-0.651	-0.776	-0.750	-0.637	-0.742	-0.729	-0.803	-0.734	-0.753	-0.805	-0.645	-0.762	-0.737	-0.743	-0.745	-0.828	-0.731	-0.634	-0.745	-0.638	-0.476	-0.834	-0.749	-0.645	-0.735	-0.719	-0.749	-0.761	-0.833	-0.829	-0.799	-0.808	-0.748	-0.833	-0.735	-0.749	-0.740	-0.739	-0.739	-0.691	-0.749	-0.749	-0.744	-0.743	-0.743	-0.833	-0.741	-0.732	-0.741	-0.778	-0.643	-0.654	-0.733	
rs4341694      -0.901	-0.709	-0.727	-0.709	-0.802	-0.682	-0.756	-0.531	-0.659	-0.659	-0.661	-0.663	-0.747	-0.899	-0.768	-0.660	-0.764	-0.894	-0.847	-0.677	-0.783	-0.899	-0.903	-0.906	-0.902	-0.770	-0.880	-0.770	-0.744	-0.770	-0.783	-0.849	-0.850	-0.849	-0.683	-0.771	-0.850	-0.853	-0.849	-0.904	-0.896	-0.793	-0.776	-0.776	-0.673	-0.905	-0.767	-0.903	-0.779	-0.858	-0.764	-0.890	-0.730	-0.780	-0.729	-0.729	-0.729	-0.906	-0.731	-0.732	-0.732	-0.734	-0.889	-0.780	-0.734	-0.780	-0.896	-0.729	-0.896	-0.898	-0.677	-0.766	-0.763	-0.785	-0.891	-0.784	-0.721	-0.733	-0.694	-0.889	-0.735	-0.741	-0.730	-0.734	-0.734	-0.734	-0.889	-0.778	-0.777	-0.898	-0.741	-0.736	-0.870	-0.717	-0.736	-0.787	-0.731	-0.780	-0.726	-0.730	-0.788	-0.732	-0.742	-0.744	-0.734	-0.787	-0.803	-0.736	-0.692	-0.736	-0.766	-0.869	-0.722	-0.738	-0.868	-0.781	-0.744	-0.731	-0.729	-0.731	-0.929	-0.718	-0.688	-0.733	-0.693	-0.492	-0.923	-0.735	-0.781	-0.721	-0.723	-0.734	-0.741	-0.926	-0.928	-0.880	-0.868	-0.733	-0.926	-0.721	-0.744	-0.727	-0.726	-0.726	-0.737	-0.735	-0.736	-0.730	-0.730	-0.730	-0.925	-0.728	-0.719	-0.728	-0.808	-0.779	-0.717	-0.788	
rs2290334      -0.903	-0.703	-0.726	-0.706	-0.805	-0.675	-0.761	-0.659	-0.532	-0.659	-0.658	-0.653	-0.750	-0.901	-0.768	-0.656	-0.765	-0.897	-0.854	-0.669	-0.787	-0.901	-0.905	-0.908	-0.904	-0.771	-0.883	-0.771	-0.747	-0.772	-0.787	-0.856	-0.856	-0.856	-0.676	-0.773	-0.857	-0.859	-0.856	-0.906	-0.898	-0.794	-0.777	-0.777	-0.665	-0.907	-0.768	-0.905	-0.780	-0.863	-0.766	-0.892	-0.727	-0.782	-0.727	-0.726	-0.726	-0.908	-0.728	-0.730	-0.730	-0.732	-0.892	-0.782	-0.732	-0.782	-0.898	-0.725	-0.898	-0.900	-0.669	-0.768	-0.765	-0.786	-0.893	-0.786	-0.714	-0.731	-0.684	-0.891	-0.732	-0.741	-0.727	-0.731	-0.732	-0.731	-0.891	-0.779	-0.778	-0.900	-0.741	-0.734	-0.871	-0.711	-0.734	-0.788	-0.728	-0.782	-0.721	-0.726	-0.789	-0.729	-0.741	-0.746	-0.733	-0.788	-0.804	-0.734	-0.684	-0.732	-0.761	-0.870	-0.716	-0.737	-0.870	-0.782	-0.746	-0.726	-0.725	-0.728	-0.932	-0.711	-0.681	-0.729	-0.686	-0.477	-0.927	-0.732	-0.782	-0.715	-0.731	-0.731	-0.743	-0.929	-0.931	-0.880	-0.870	-0.730	-0.929	-0.715	-0.741	-0.722	-0.721	-0.721	-0.732	-0.732	-0.734	-0.727	-0.726	-0.726	-0.928	-0.724	-0.713	-0.723	-0.806	-0.781	-0.712	-0.793	
rs17707338     -0.903	-0.703	-0.726	-0.706	-0.805	-0.675	-0.761	-0.659	-0.659	-0.532	-0.658	-0.653	-0.750	-0.901	-0.768	-0.656	-0.765	-0.897	-0.854	-0.669	-0.787	-0.901	-0.905	-0.908	-0.904	-0.771	-0.883	-0.771	-0.747	-0.772	-0.787	-0.856	-0.856	-0.856	-0.676	-0.773	-0.857	-0.859	-0.856	-0.906	-0.898	-0.794	-0.777	-0.777	-0.665	-0.907	-0.768	-0.905	-0.780	-0.863	-0.766	-0.892	-0.727	-0.782	-0.726	-0.726	-0.726	-0.908	-0.728	-0.729	-0.730	-0.732	-0.892	-0.782	-0.732	-0.782	-0.898	-0.725	-0.898	-0.900	-0.669	-0.768	-0.765	-0.786	-0.893	-0.786	-0.714	-0.731	-0.684	-0.891	-0.732	-0.741	-0.727	-0.731	-0.732	-0.731	-0.891	-0.779	-0.778	-0.900	-0.741	-0.734	-0.871	-0.710	-0.734	-0.788	-0.728	-0.782	-0.721	-0.726	-0.789	-0.729	-0.741	-0.746	-0.733	-0.788	-0.804	-0.734	-0.684	-0.732	-0.761	-0.870	-0.715	-0.737	-0.870	-0.782	-0.746	-0.726	-0.725	-0.728	-0.932	-0.711	-0.681	-0.729	-0.686	-0.477	-0.927	-0.732	-0.782	-0.715	-0.731	-0.731	-0.743	-0.929	-0.931	-0.880	-0.870	-0.730	-0.929	-0.715	-0.741	-0.722	-0.721	-0.721	-0.732	-0.732	-0.734	-0.727	-0.726	-0.726	-0.928	-0.724	-0.713	-0.723	-0.806	-0.781	-0.712	-0.793	
rs17613587     -0.902	-0.705	-0.727	-0.708	-0.804	-0.678	-0.759	-0.661	-0.658	-0.658	-0.531	-0.656	-0.749	-0.900	-0.767	-0.659	-0.764	-0.895	-0.851	-0.672	-0.785	-0.899	-0.904	-0.907	-0.903	-0.770	-0.881	-0.770	-0.745	-0.770	-0.785	-0.854	-0.854	-0.854	-0.679	-0.772	-0.854	-0.857	-0.854	-0.905	-0.897	-0.793	-0.776	-0.776	-0.668	-0.905	-0.767	-0.904	-0.779	-0.861	-0.765	-0.890	-0.728	-0.781	-0.728	-0.728	-0.728	-0.907	-0.730	-0.731	-0.731	-0.733	-0.890	-0.781	-0.733	-0.781	-0.897	-0.727	-0.897	-0.899	-0.672	-0.767	-0.764	-0.785	-0.892	-0.785	-0.717	-0.732	-0.688	-0.890	-0.733	-0.741	-0.728	-0.732	-0.733	-0.732	-0.890	-0.778	-0.777	-0.899	-0.741	-0.735	-0.871	-0.713	-0.735	-0.787	-0.729	-0.780	-0.723	-0.727	-0.788	-0.730	-0.742	-0.746	-0.734	-0.787	-0.803	-0.735	-0.687	-0.734	-0.762	-0.870	-0.718	-0.737	-0.869	-0.781	-0.745	-0.728	-0.727	-0.729	-0.930	-0.714	-0.684	-0.731	-0.688	-0.483	-0.925	-0.733	-0.781	-0.717	-0.728	-0.732	-0.742	-0.928	-0.929	-0.880	-0.869	-0.731	-0.928	-0.717	-0.742	-0.724	-0.723	-0.723	-0.733	-0.733	-0.735	-0.728	-0.727	-0.727	-0.926	-0.726	-0.715	-0.725	-0.806	-0.779	-0.714	-0.791	
rs17613607     -0.897	-0.709	-0.726	-0.710	-0.797	-0.684	-0.752	-0.663	-0.653	-0.653	-0.656	-0.526	-0.743	-0.895	-0.764	-0.664	-0.760	-0.890	-0.844	-0.679	-0.779	-0.895	-0.899	-0.902	-0.898	-0.766	-0.876	-0.766	-0.740	-0.766	-0.779	-0.846	-0.847	-0.846	-0.685	-0.767	-0.847	-0.850	-0.846	-0.900	-0.892	-0.789	-0.772	-0.772	-0.675	-0.901	-0.763	-0.899	-0.775	-0.854	-0.760	-0.886	-0.730	-0.777	-0.729	-0.729	-0.729	-0.902	-0.731	-0.732	-0.732	-0.734	-0.885	-0.777	-0.734	-0.777	-0.892	-0.729	-0.892	-0.894	-0.679	-0.763	-0.760	-0.781	-0.887	-0.780	-0.721	-0.733	-0.695	-0.885	-0.734	-0.740	-0.730	-0.733	-0.733	-0.733	-0.885	-0.774	-0.773	-0.894	-0.740	-0.735	-0.867	-0.718	-0.735	-0.783	-0.731	-0.776	-0.726	-0.729	-0.784	-0.732	-0.741	-0.743	-0.733	-0.783	-0.801	-0.735	-0.693	-0.736	-0.765	-0.867	-0.722	-0.737	-0.865	-0.777	-0.743	-0.731	-0.729	-0.731	-0.926	-0.718	-0.690	-0.732	-0.694	-0.497	-0.920	-0.734	-0.777	-0.721	-0.717	-0.733	-0.740	-0.923	-0.925	-0.877	-0.865	-0.732	-0.923	-0.721	-0.743	-0.727	-0.726	-0.726	-0.734	-0.734	-0.735	-0.730	-0.729	-0.729	-0.921	-0.728	-0.719	-0.727	-0.806	-0.775	-0.718	-0.787	
rs34855483     -0.703	-0.642	-0.736	-0.728	-0.652	-0.635	-0.612	-0.747	-0.750	-0.750	-0.749	-0.743	-0.350	-0.693	-0.607	-0.744	-0.602	-0.695	-0.814	-0.631	-0.635	-0.694	-0.686	-0.678	-0.689	-0.608	-0.698	-0.608	-0.459	-0.608	-0.635	-0.814	-0.814	-0.814	-0.635	-0.610	-0.814	-0.813	-0.814	-0.678	-0.696	-0.631	-0.614	-0.614	-0.628	-0.681	-0.605	-0.686	-0.617	-0.812	-0.491	-0.692	-0.740	-0.619	-0.740	-0.740	-0.740	-0.703	-0.741	-0.741	-0.741	-0.743	-0.691	-0.619	-0.743	-0.619	-0.690	-0.737	-0.690	-0.688	-0.625	-0.604	-0.601	-0.622	-0.692	-0.622	-0.729	-0.740	-0.699	-0.692	-0.743	-0.749	-0.738	-0.742	-0.741	-0.742	-0.692	-0.615	-0.614	-0.687	-0.747	-0.744	-0.799	-0.728	-0.744	-0.624	-0.739	-0.617	-0.734	-0.737	-0.625	-0.740	-0.748	-0.755	-0.741	-0.624	-0.764	-0.743	-0.636	-0.737	-0.729	-0.797	-0.730	-0.745	-0.799	-0.618	-0.753	-0.733	-0.737	-0.739	-0.824	-0.727	-0.634	-0.739	-0.637	-0.486	-0.827	-0.742	-0.618	-0.731	-0.697	-0.742	-0.751	-0.827	-0.825	-0.796	-0.801	-0.741	-0.827	-0.730	-0.743	-0.735	-0.734	-0.734	-0.685	-0.742	-0.742	-0.738	-0.737	-0.737	-0.826	-0.735	-0.728	-0.735	-0.766	-0.616	-0.650	-0.716	
rs12441597     -0.768	-0.798	-0.888	-0.880	-0.433	-0.791	-0.280	-0.899	-0.901	-0.901	-0.900	-0.895	-0.693	-0.520	-0.756	-0.897	-0.753	-0.653	-0.961	-0.787	-0.389	-0.665	-0.642	-0.651	-0.646	-0.759	-0.634	-0.759	-0.689	-0.759	-0.386	-0.961	-0.961	-0.961	-0.791	-0.760	-0.961	-0.961	-0.961	-0.611	-0.659	-0.782	-0.765	-0.765	-0.784	-0.628	-0.756	-0.647	-0.768	-0.960	-0.713	-0.741	-0.893	-0.770	-0.892	-0.892	-0.892	-0.772	-0.893	-0.894	-0.894	-0.895	-0.739	-0.770	-0.895	-0.770	-0.745	-0.890	-0.745	-0.746	-0.781	-0.755	-0.752	-0.774	-0.742	-0.774	-0.883	-0.892	-0.853	-0.740	-0.895	-0.901	-0.891	-0.894	-0.894	-0.894	-0.740	-0.768	-0.766	-0.750	-0.899	-0.896	-0.949	-0.880	-0.896	-0.777	-0.891	-0.770	-0.887	-0.889	-0.777	-0.892	-0.900	-0.906	-0.893	-0.777	-0.917	-0.895	-0.792	-0.890	-0.883	-0.948	-0.883	-0.897	-0.949	-0.770	-0.904	-0.886	-0.890	-0.892	-0.971	-0.880	-0.790	-0.892	-0.793	-0.646	-0.973	-0.894	-0.770	-0.884	-0.847	-0.894	-0.903	-0.973	-0.972	-0.947	-0.951	-0.893	-0.973	-0.883	-0.895	-0.888	-0.887	-0.886	-0.838	-0.894	-0.895	-0.890	-0.890	-0.889	-0.972	-0.888	-0.881	-0.888	-0.913	-0.769	-0.806	-0.867	
rs11638675     -0.753	-0.672	-0.757	-0.750	-0.681	-0.666	-0.642	-0.768	-0.768	-0.768	-0.767	-0.764	-0.607	-0.756	-0.365	-0.766	-0.549	-0.754	-0.801	-0.662	-0.665	-0.756	-0.756	-0.758	-0.757	-0.549	-0.743	-0.549	-0.604	-0.549	-0.665	-0.801	-0.801	-0.801	-0.666	-0.553	-0.801	-0.798	-0.801	-0.755	-0.755	-0.552	-0.554	-0.554	-0.660	-0.756	-0.554	-0.757	-0.554	-0.796	-0.622	-0.748	-0.763	-0.557	-0.763	-0.763	-0.763	-0.761	-0.763	-0.764	-0.764	-0.765	-0.747	-0.557	-0.765	-0.557	-0.751	-0.761	-0.751	-0.752	-0.657	-0.558	-0.554	-0.561	-0.747	-0.556	-0.755	-0.763	-0.729	-0.746	-0.765	-0.769	-0.762	-0.764	-0.764	-0.764	-0.746	-0.558	-0.559	-0.751	-0.768	-0.766	-0.781	-0.753	-0.766	-0.555	-0.762	-0.554	-0.759	-0.760	-0.547	-0.763	-0.769	-0.773	-0.762	-0.553	-0.785	-0.765	-0.667	-0.761	-0.759	-0.780	-0.755	-0.767	-0.783	-0.555	-0.772	-0.758	-0.761	-0.762	-0.825	-0.753	-0.665	-0.762	-0.668	-0.529	-0.830	-0.764	-0.555	-0.756	-0.704	-0.764	-0.771	-0.829	-0.826	-0.782	-0.786	-0.763	-0.829	-0.756	-0.766	-0.759	-0.759	-0.758	-0.709	-0.764	-0.765	-0.761	-0.760	-0.760	-0.828	-0.759	-0.754	-0.759	-0.774	-0.551	-0.679	-0.730	
rs3794568      -0.899	-0.712	-0.726	-0.710	-0.798	-0.687	-0.752	-0.660	-0.656	-0.656	-0.659	-0.664	-0.744	-0.897	-0.766	-0.528	-0.762	-0.891	-0.841	-0.680	-0.780	-0.896	-0.900	-0.904	-0.900	-0.768	-0.877	-0.768	-0.741	-0.768	-0.779	-0.844	-0.844	-0.844	-0.687	-0.769	-0.844	-0.848	-0.844	-0.902	-0.893	-0.790	-0.774	-0.774	-0.677	-0.902	-0.765	-0.901	-0.777	-0.853	-0.761	-0.887	-0.729	-0.778	-0.728	-0.728	-0.728	-0.903	-0.730	-0.731	-0.731	-0.733	-0.887	-0.778	-0.733	-0.778	-0.894	-0.729	-0.894	-0.896	-0.680	-0.764	-0.761	-0.783	-0.888	-0.782	-0.721	-0.732	-0.697	-0.886	-0.733	-0.738	-0.730	-0.732	-0.733	-0.733	-0.886	-0.776	-0.774	-0.896	-0.738	-0.734	-0.867	-0.719	-0.734	-0.784	-0.731	-0.778	-0.726	-0.729	-0.785	-0.731	-0.739	-0.740	-0.731	-0.785	-0.800	-0.734	-0.695	-0.736	-0.767	-0.867	-0.722	-0.736	-0.865	-0.778	-0.741	-0.732	-0.729	-0.730	-0.926	-0.719	-0.691	-0.732	-0.696	-0.500	-0.920	-0.733	-0.778	-0.721	-0.715	-0.732	-0.738	-0.922	-0.925	-0.877	-0.865	-0.732	-0.923	-0.721	-0.743	-0.727	-0.726	-0.726	-0.737	-0.733	-0.735	-0.730	-0.729	-0.729	-0.921	-0.728	-0.720	-0.727	-0.808	-0.777	-0.719	-0.785	
rs10851513     -0.751	-0.666	-0.753	-0.746	-0.675	-0.660	-0.634	-0.764	-0.765	-0.765	-0.764	-0.760	-0.602	-0.753	-0.549	-0.762	-0.360	-0.751	-0.790	-0.656	-0.659	-0.753	-0.754	-0.756	-0.754	-0.473	-0.739	-0.473	-0.599	-0.473	-0.658	-0.790	-0.789	-0.790	-0.660	-0.482	-0.790	-0.787	-0.790	-0.754	-0.752	-0.473	-0.484	-0.484	-0.654	-0.755	-0.487	-0.755	-0.485	-0.785	-0.618	-0.744	-0.759	-0.493	-0.759	-0.759	-0.759	-0.758	-0.759	-0.760	-0.760	-0.761	-0.744	-0.493	-0.761	-0.493	-0.748	-0.757	-0.748	-0.749	-0.651	-0.500	-0.494	-0.522	-0.744	-0.515	-0.750	-0.759	-0.724	-0.743	-0.761	-0.766	-0.758	-0.760	-0.760	-0.760	-0.743	-0.519	-0.508	-0.749	-0.764	-0.762	-0.771	-0.748	-0.762	-0.515	-0.758	-0.516	-0.754	-0.756	-0.505	-0.759	-0.765	-0.770	-0.758	-0.511	-0.781	-0.762	-0.661	-0.757	-0.754	-0.770	-0.751	-0.763	-0.774	-0.517	-0.769	-0.754	-0.757	-0.758	-0.817	-0.749	-0.659	-0.758	-0.662	-0.520	-0.821	-0.760	-0.517	-0.751	-0.703	-0.760	-0.767	-0.822	-0.818	-0.773	-0.777	-0.759	-0.822	-0.751	-0.762	-0.755	-0.754	-0.754	-0.704	-0.760	-0.761	-0.757	-0.756	-0.756	-0.821	-0.755	-0.749	-0.755	-0.769	-0.513	-0.673	-0.727	
rs8025937      -0.765	-0.792	-0.883	-0.875	-0.525	-0.785	-0.350	-0.894	-0.897	-0.897	-0.895	-0.890	-0.695	-0.653	-0.754	-0.891	-0.751	-0.516	-0.957	-0.781	-0.438	-0.642	-0.624	-0.551	-0.636	-0.756	-0.648	-0.756	-0.692	-0.757	-0.435	-0.958	-0.958	-0.958	-0.785	-0.758	-0.958	-0.957	-0.958	-0.574	-0.655	-0.779	-0.762	-0.762	-0.778	-0.598	-0.753	-0.622	-0.766	-0.956	-0.714	-0.739	-0.888	-0.767	-0.887	-0.887	-0.887	-0.766	-0.888	-0.888	-0.889	-0.890	-0.737	-0.767	-0.890	-0.767	-0.744	-0.885	-0.744	-0.744	-0.775	-0.753	-0.750	-0.771	-0.745	-0.771	-0.877	-0.887	-0.847	-0.744	-0.890	-0.896	-0.885	-0.889	-0.889	-0.889	-0.744	-0.765	-0.763	-0.746	-0.894	-0.891	-0.944	-0.875	-0.891	-0.773	-0.886	-0.767	-0.882	-0.884	-0.774	-0.887	-0.895	-0.901	-0.888	-0.773	-0.913	-0.890	-0.786	-0.884	-0.877	-0.943	-0.877	-0.892	-0.944	-0.767	-0.899	-0.881	-0.884	-0.886	-0.967	-0.875	-0.783	-0.886	-0.787	-0.639	-0.968	-0.889	-0.767	-0.878	-0.843	-0.889	-0.898	-0.969	-0.967	-0.941	-0.946	-0.888	-0.969	-0.878	-0.890	-0.882	-0.882	-0.881	-0.833	-0.889	-0.889	-0.885	-0.884	-0.884	-0.968	-0.883	-0.876	-0.882	-0.909	-0.766	-0.800	-0.863	
rs2414139      -0.963	-0.778	-0.844	-0.838	-0.873	-0.755	-0.830	-0.847	-0.854	-0.854	-0.851	-0.844	-0.814	-0.961	-0.801	-0.841	-0.790	-0.957	-0.596	-0.748	-0.855	-0.961	-0.963	-0.965	-0.963	-0.797	-0.945	-0.797	-0.811	-0.797	-0.855	-0.743	-0.743	-0.743	-0.755	-0.799	-0.751	-0.732	-0.743	-0.963	-0.959	-0.824	-0.804	-0.804	-0.745	-0.964	-0.794	-0.963	-0.808	-0.753	-0.830	-0.952	-0.853	-0.810	-0.852	-0.852	-0.852	-0.970	-0.854	-0.855	-0.855	-0.857	-0.952	-0.810	-0.857	-0.810	-0.958	-0.849	-0.958	-0.959	-0.745	-0.795	-0.792	-0.822	-0.953	-0.821	-0.837	-0.854	-0.799	-0.951	-0.857	-0.869	-0.850	-0.856	-0.856	-0.855	-0.951	-0.814	-0.808	-0.959	-0.867	-0.859	-0.797	-0.832	-0.858	-0.824	-0.851	-0.818	-0.844	-0.849	-0.826	-0.852	-0.866	-0.876	-0.859	-0.824	-0.910	-0.858	-0.760	-0.841	-0.861	-0.797	-0.834	-0.862	-0.804	-0.818	-0.875	-0.835	-0.847	-0.852	-0.941	-0.833	-0.756	-0.852	-0.761	-0.564	-0.948	-0.856	-0.818	-0.838	-0.857	-0.856	-0.872	-0.945	-0.941	-0.829	-0.808	-0.854	-0.945	-0.837	-0.850	-0.844	-0.843	-0.843	-0.820	-0.856	-0.857	-0.850	-0.849	-0.849	-0.944	-0.846	-0.834	-0.846	-0.864	-0.817	-0.786	-0.879	
rs11853452     -0.788	-0.575	-0.694	-0.690	-0.679	-0.530	-0.631	-0.677	-0.669	-0.669	-0.672	-0.679	-0.631	-0.787	-0.662	-0.680	-0.656	-0.781	-0.748	-0.410	-0.660	-0.786	-0.792	-0.796	-0.791	-0.662	-0.767	-0.662	-0.627	-0.662	-0.659	-0.752	-0.753	-0.752	-0.527	-0.663	-0.752	-0.758	-0.752	-0.794	-0.783	-0.684	-0.668	-0.668	-0.523	-0.795	-0.659	-0.792	-0.671	-0.764	-0.648	-0.773	-0.695	-0.672	-0.695	-0.695	-0.695	-0.791	-0.695	-0.695	-0.695	-0.695	-0.773	-0.672	-0.695	-0.672	-0.782	-0.699	-0.782	-0.784	-0.552	-0.659	-0.656	-0.675	-0.775	-0.675	-0.703	-0.697	-0.688	-0.773	-0.695	-0.688	-0.699	-0.696	-0.695	-0.696	-0.773	-0.668	-0.668	-0.785	-0.690	-0.695	-0.785	-0.704	-0.695	-0.677	-0.699	-0.670	-0.701	-0.699	-0.677	-0.698	-0.693	-0.684	-0.673	-0.677	-0.729	-0.696	-0.559	-0.707	-0.733	-0.786	-0.703	-0.693	-0.782	-0.671	-0.687	-0.708	-0.700	-0.698	-0.827	-0.703	-0.557	-0.699	-0.559	-0.399	-0.815	-0.696	-0.671	-0.702	-0.636	-0.696	-0.685	-0.819	-0.825	-0.797	-0.779	-0.697	-0.820	-0.702	-0.705	-0.700	-0.701	-0.700	-0.702	-0.695	-0.696	-0.698	-0.698	-0.698	-0.817	-0.698	-0.702	-0.699	-0.754	-0.669	-0.570	-0.508	
rs8029205      -0.611	-0.673	-0.772	-0.762	-0.553	-0.664	-0.512	-0.783	-0.787	-0.787	-0.785	-0.779	-0.635	-0.389	-0.665	-0.780	-0.659	-0.438	-0.855	-0.660	-0.409	-0.389	-0.277	-0.147	-0.312	-0.664	-0.580	-0.664	-0.634	-0.664	-0.527	-0.855	-0.855	-0.855	-0.664	-0.665	-0.855	-0.853	-0.855	-0.167	-0.432	-0.684	-0.669	-0.669	-0.656	-0.209	-0.661	-0.273	-0.672	-0.851	-0.646	-0.620	-0.774	-0.673	-0.774	-0.774	-0.774	-0.626	-0.775	-0.775	-0.776	-0.777	-0.615	-0.673	-0.777	-0.673	-0.588	-0.771	-0.588	-0.576	-0.653	-0.660	-0.657	-0.675	-0.612	-0.674	-0.762	-0.774	-0.727	-0.618	-0.777	-0.786	-0.771	-0.776	-0.776	-0.776	-0.618	-0.668	-0.669	-0.578	-0.783	-0.778	-0.832	-0.759	-0.778	-0.676	-0.772	-0.670	-0.767	-0.770	-0.676	-0.773	-0.783	-0.792	-0.777	-0.676	-0.803	-0.777	-0.665	-0.769	-0.757	-0.830	-0.761	-0.780	-0.832	-0.670	-0.789	-0.765	-0.770	-0.773	-0.855	-0.758	-0.663	-0.773	-0.666	-0.506	-0.861	-0.776	-0.670	-0.762	-0.744	-0.776	-0.788	-0.860	-0.856	-0.826	-0.835	-0.775	-0.860	-0.762	-0.776	-0.767	-0.767	-0.766	-0.719	-0.776	-0.777	-0.771	-0.770	-0.770	-0.859	-0.768	-0.760	-0.768	-0.804	-0.668	-0.682	-0.759	
rs12438578     -0.771	-0.797	-0.887	-0.880	-0.497	-0.790	-0.301	-0.899	-0.901	-0.901	-0.899	-0.895	-0.694	-0.665	-0.756	-0.896	-0.753	-0.642	-0.961	-0.786	-0.389	-0.520	-0.644	-0.596	-0.652	-0.759	-0.632	-0.759	-0.690	-0.760	-0.386	-0.961	-0.961	-0.961	-0.790	-0.761	-0.961	-0.961	-0.961	-0.610	-0.654	-0.782	-0.765	-0.765	-0.783	-0.627	-0.756	-0.643	-0.769	-0.960	-0.714	-0.739	-0.892	-0.770	-0.891	-0.891	-0.891	-0.769	-0.892	-0.893	-0.893	-0.894	-0.736	-0.770	-0.894	-0.770	-0.748	-0.889	-0.747	-0.748	-0.780	-0.756	-0.753	-0.775	-0.746	-0.774	-0.882	-0.892	-0.852	-0.744	-0.894	-0.901	-0.890	-0.893	-0.893	-0.893	-0.745	-0.768	-0.766	-0.751	-0.898	-0.895	-0.948	-0.879	-0.895	-0.777	-0.890	-0.770	-0.886	-0.889	-0.778	-0.891	-0.899	-0.905	-0.893	-0.777	-0.917	-0.895	-0.791	-0.889	-0.882	-0.947	-0.882	-0.897	-0.948	-0.771	-0.904	-0.885	-0.889	-0.891	-0.971	-0.879	-0.788	-0.891	-0.792	-0.644	-0.972	-0.893	-0.770	-0.883	-0.847	-0.893	-0.902	-0.973	-0.971	-0.946	-0.950	-0.892	-0.972	-0.882	-0.894	-0.887	-0.886	-0.885	-0.837	-0.893	-0.894	-0.889	-0.889	-0.889	-0.971	-0.887	-0.880	-0.887	-0.913	-0.769	-0.805	-0.867	
rs3794566      -0.771	-0.803	-0.892	-0.884	-0.355	-0.796	-0.168	-0.903	-0.905	-0.905	-0.904	-0.899	-0.686	-0.642	-0.756	-0.900	-0.754	-0.624	-0.963	-0.792	-0.277	-0.644	-0.523	-0.666	-0.650	-0.760	-0.583	-0.760	-0.681	-0.761	-0.269	-0.964	-0.964	-0.964	-0.796	-0.762	-0.964	-0.964	-0.964	-0.642	-0.628	-0.784	-0.766	-0.766	-0.789	-0.651	-0.757	-0.657	-0.770	-0.963	-0.707	-0.731	-0.897	-0.771	-0.896	-0.896	-0.896	-0.768	-0.897	-0.897	-0.898	-0.899	-0.729	-0.771	-0.899	-0.771	-0.742	-0.894	-0.742	-0.745	-0.786	-0.757	-0.754	-0.776	-0.735	-0.776	-0.887	-0.896	-0.858	-0.732	-0.899	-0.905	-0.895	-0.898	-0.898	-0.898	-0.732	-0.769	-0.767	-0.749	-0.903	-0.900	-0.953	-0.884	-0.900	-0.779	-0.895	-0.772	-0.891	-0.893	-0.779	-0.896	-0.903	-0.909	-0.897	-0.779	-0.921	-0.899	-0.797	-0.894	-0.888	-0.951	-0.887	-0.901	-0.952	-0.772	-0.908	-0.890	-0.894	-0.896	-0.975	-0.885	-0.794	-0.896	-0.798	-0.652	-0.975	-0.898	-0.772	-0.888	-0.849	-0.898	-0.906	-0.976	-0.975	-0.951	-0.954	-0.897	-0.976	-0.888	-0.899	-0.892	-0.891	-0.890	-0.842	-0.898	-0.898	-0.894	-0.894	-0.893	-0.975	-0.892	-0.886	-0.892	-0.916	-0.771	-0.810	-0.870	
rs3794565      -0.775	-0.807	-0.895	-0.888	-0.333	-0.800	-0.016	-0.906	-0.908	-0.908	-0.907	-0.902	-0.678	-0.651	-0.758	-0.904	-0.756	-0.551	-0.965	-0.796	-0.147	-0.596	-0.666	-0.526	-0.664	-0.762	-0.516	-0.762	-0.673	-0.762	-0.136	-0.966	-0.966	-0.966	-0.800	-0.763	-0.966	-0.966	-0.966	-0.672	-0.594	-0.786	-0.768	-0.768	-0.793	-0.675	-0.759	-0.667	-0.772	-0.965	-0.700	-0.720	-0.900	-0.773	-0.900	-0.899	-0.899	-0.763	-0.900	-0.901	-0.901	-0.902	-0.718	-0.773	-0.902	-0.773	-0.743	-0.897	-0.743	-0.748	-0.791	-0.758	-0.755	-0.778	-0.734	-0.778	-0.891	-0.900	-0.862	-0.730	-0.902	-0.908	-0.898	-0.901	-0.901	-0.901	-0.730	-0.771	-0.769	-0.752	-0.906	-0.903	-0.956	-0.888	-0.903	-0.781	-0.899	-0.774	-0.895	-0.897	-0.782	-0.900	-0.907	-0.912	-0.900	-0.781	-0.924	-0.903	-0.801	-0.897	-0.892	-0.955	-0.891	-0.904	-0.955	-0.774	-0.911	-0.894	-0.897	-0.899	-0.978	-0.888	-0.799	-0.899	-0.802	-0.658	-0.978	-0.901	-0.774	-0.891	-0.851	-0.901	-0.910	-0.978	-0.978	-0.954	-0.957	-0.900	-0.978	-0.891	-0.902	-0.895	-0.895	-0.894	-0.846	-0.901	-0.902	-0.898	-0.897	-0.897	-0.977	-0.896	-0.889	-0.895	-0.919	-0.773	-0.814	-0.873	
rs3794564      -0.771	-0.802	-0.891	-0.884	-0.380	-0.795	-0.210	-0.902	-0.904	-0.904	-0.903	-0.898	-0.689	-0.646	-0.757	-0.900	-0.754	-0.636	-0.963	-0.791	-0.312	-0.652	-0.650	-0.664	-0.523	-0.761	-0.600	-0.761	-0.684	-0.761	-0.305	-0.963	-0.964	-0.963	-0.795	-0.762	-0.964	-0.963	-0.963	-0.634	-0.640	-0.784	-0.766	-0.766	-0.788	-0.646	-0.757	-0.654	-0.770	-0.962	-0.710	-0.734	-0.896	-0.771	-0.896	-0.895	-0.895	-0.770	-0.896	-0.897	-0.897	-0.898	-0.732	-0.771	-0.898	-0.771	-0.743	-0.893	-0.743	-0.746	-0.786	-0.757	-0.754	-0.776	-0.737	-0.776	-0.886	-0.896	-0.857	-0.734	-0.898	-0.904	-0.894	-0.897	-0.897	-0.897	-0.735	-0.769	-0.767	-0.749	-0.902	-0.899	-0.952	-0.884	-0.899	-0.779	-0.895	-0.772	-0.890	-0.893	-0.779	-0.896	-0.903	-0.909	-0.896	-0.779	-0.920	-0.899	-0.796	-0.893	-0.887	-0.951	-0.887	-0.901	-0.952	-0.772	-0.907	-0.890	-0.893	-0.895	-0.974	-0.884	-0.794	-0.895	-0.797	-0.651	-0.975	-0.898	-0.772	-0.887	-0.849	-0.897	-0.906	-0.976	-0.975	-0.950	-0.954	-0.896	-0.976	-0.887	-0.898	-0.891	-0.890	-0.890	-0.842	-0.897	-0.898	-0.894	-0.893	-0.893	-0.974	-0.891	-0.885	-0.891	-0.916	-0.771	-0.809	-0.870	
rs62016004     -0.757	-0.672	-0.759	-0.752	-0.680	-0.666	-0.639	-0.770	-0.771	-0.771	-0.770	-0.766	-0.608	-0.759	-0.549	-0.768	-0.473	-0.756	-0.797	-0.662	-0.664	-0.759	-0.760	-0.762	-0.761	-0.367	-0.745	-0.473	-0.605	-0.473	-0.664	-0.796	-0.796	-0.796	-0.666	-0.483	-0.797	-0.794	-0.796	-0.760	-0.758	-0.481	-0.486	-0.486	-0.659	-0.761	-0.486	-0.761	-0.490	-0.792	-0.624	-0.750	-0.765	-0.498	-0.764	-0.764	-0.764	-0.764	-0.765	-0.766	-0.766	-0.767	-0.750	-0.498	-0.767	-0.498	-0.754	-0.763	-0.754	-0.755	-0.657	-0.502	-0.495	-0.530	-0.750	-0.523	-0.756	-0.765	-0.729	-0.749	-0.767	-0.772	-0.763	-0.766	-0.766	-0.766	-0.749	-0.526	-0.513	-0.755	-0.770	-0.768	-0.779	-0.754	-0.768	-0.524	-0.764	-0.524	-0.760	-0.762	-0.515	-0.765	-0.771	-0.776	-0.764	-0.521	-0.787	-0.767	-0.667	-0.763	-0.760	-0.778	-0.756	-0.769	-0.781	-0.525	-0.775	-0.760	-0.762	-0.764	-0.824	-0.755	-0.664	-0.764	-0.667	-0.526	-0.828	-0.766	-0.525	-0.757	-0.709	-0.766	-0.773	-0.828	-0.825	-0.780	-0.784	-0.765	-0.828	-0.757	-0.767	-0.761	-0.760	-0.759	-0.710	-0.766	-0.767	-0.763	-0.762	-0.762	-0.827	-0.761	-0.755	-0.761	-0.776	-0.521	-0.679	-0.733	
rs2290335      -0.747	-0.778	-0.869	-0.861	-0.625	-0.771	-0.533	-0.880	-0.883	-0.883	-0.881	-0.876	-0.698	-0.634	-0.743	-0.877	-0.739	-0.648	-0.945	-0.767	-0.580	-0.632	-0.583	-0.516	-0.600	-0.745	-0.501	-0.745	-0.695	-0.745	-0.579	-0.945	-0.945	-0.945	-0.771	-0.746	-0.945	-0.944	-0.945	-0.525	-0.647	-0.766	-0.750	-0.750	-0.764	-0.549	-0.741	-0.581	-0.753	-0.943	-0.714	-0.736	-0.873	-0.755	-0.873	-0.873	-0.873	-0.754	-0.874	-0.874	-0.874	-0.875	-0.733	-0.755	-0.876	-0.755	-0.729	-0.870	-0.729	-0.725	-0.761	-0.741	-0.738	-0.758	-0.736	-0.758	-0.863	-0.873	-0.832	-0.738	-0.875	-0.882	-0.871	-0.875	-0.874	-0.874	-0.738	-0.752	-0.751	-0.727	-0.880	-0.877	-0.930	-0.860	-0.877	-0.760	-0.872	-0.753	-0.867	-0.870	-0.761	-0.873	-0.881	-0.887	-0.874	-0.760	-0.898	-0.876	-0.772	-0.870	-0.862	-0.928	-0.863	-0.878	-0.930	-0.754	-0.886	-0.866	-0.870	-0.872	-0.953	-0.860	-0.769	-0.872	-0.772	-0.625	-0.955	-0.875	-0.754	-0.863	-0.831	-0.875	-0.884	-0.955	-0.953	-0.927	-0.932	-0.874	-0.955	-0.863	-0.875	-0.868	-0.867	-0.866	-0.815	-0.875	-0.875	-0.870	-0.870	-0.870	-0.954	-0.868	-0.861	-0.868	-0.896	-0.752	-0.786	-0.850	
rs62016006     -0.757	-0.672	-0.759	-0.752	-0.680	-0.666	-0.639	-0.770	-0.771	-0.771	-0.770	-0.766	-0.608	-0.759	-0.549	-0.768	-0.473	-0.756	-0.797	-0.662	-0.664	-0.759	-0.760	-0.762	-0.761	-0.473	-0.745	-0.367	-0.605	-0.473	-0.664	-0.796	-0.796	-0.796	-0.666	-0.483	-0.797	-0.794	-0.796	-0.760	-0.758	-0.481	-0.486	-0.486	-0.659	-0.761	-0.486	-0.761	-0.490	-0.792	-0.624	-0.750	-0.765	-0.498	-0.764	-0.764	-0.764	-0.764	-0.765	-0.766	-0.766	-0.767	-0.750	-0.498	-0.767	-0.498	-0.754	-0.763	-0.754	-0.755	-0.657	-0.502	-0.495	-0.530	-0.750	-0.523	-0.756	-0.765	-0.729	-0.749	-0.767	-0.772	-0.763	-0.766	-0.766	-0.766	-0.749	-0.526	-0.513	-0.755	-0.770	-0.768	-0.779	-0.754	-0.768	-0.524	-0.764	-0.524	-0.760	-0.762	-0.515	-0.765	-0.771	-0.776	-0.764	-0.521	-0.787	-0.767	-0.667	-0.763	-0.760	-0.778	-0.756	-0.769	-0.781	-0.525	-0.775	-0.760	-0.762	-0.764	-0.824	-0.755	-0.664	-0.764	-0.667	-0.526	-0.828	-0.766	-0.525	-0.757	-0.709	-0.766	-0.773	-0.828	-0.825	-0.780	-0.784	-0.765	-0.828	-0.757	-0.767	-0.761	-0.760	-0.759	-0.710	-0.766	-0.767	-0.763	-0.762	-0.762	-0.827	-0.761	-0.755	-0.761	-0.776	-0.521	-0.679	-0.733	
rs79732515     -0.698	-0.639	-0.733	-0.724	-0.651	-0.631	-0.611	-0.744	-0.747	-0.747	-0.745	-0.740	-0.459	-0.689	-0.604	-0.741	-0.599	-0.692	-0.811	-0.627	-0.634	-0.690	-0.681	-0.673	-0.684	-0.605	-0.695	-0.605	-0.346	-0.605	-0.634	-0.811	-0.811	-0.811	-0.632	-0.607	-0.811	-0.810	-0.811	-0.673	-0.692	-0.628	-0.611	-0.611	-0.624	-0.676	-0.602	-0.681	-0.614	-0.809	-0.486	-0.688	-0.737	-0.616	-0.737	-0.736	-0.736	-0.699	-0.737	-0.738	-0.738	-0.739	-0.687	-0.616	-0.739	-0.616	-0.685	-0.734	-0.685	-0.683	-0.622	-0.601	-0.598	-0.619	-0.687	-0.619	-0.726	-0.737	-0.696	-0.688	-0.739	-0.746	-0.735	-0.739	-0.738	-0.738	-0.688	-0.612	-0.611	-0.683	-0.744	-0.740	-0.795	-0.724	-0.740	-0.621	-0.736	-0.614	-0.731	-0.734	-0.622	-0.737	-0.745	-0.751	-0.738	-0.621	-0.761	-0.740	-0.632	-0.734	-0.726	-0.794	-0.727	-0.742	-0.796	-0.615	-0.750	-0.730	-0.734	-0.736	-0.821	-0.724	-0.630	-0.736	-0.633	-0.482	-0.823	-0.739	-0.615	-0.727	-0.694	-0.738	-0.748	-0.824	-0.822	-0.793	-0.798	-0.738	-0.824	-0.727	-0.739	-0.732	-0.731	-0.730	-0.681	-0.739	-0.739	-0.734	-0.734	-0.734	-0.823	-0.732	-0.725	-0.732	-0.763	-0.613	-0.647	-0.713	
rs10444827     -0.757	-0.672	-0.759	-0.752	-0.680	-0.666	-0.640	-0.770	-0.772	-0.772	-0.770	-0.766	-0.608	-0.759	-0.549	-0.768	-0.473	-0.757	-0.797	-0.662	-0.664	-0.760	-0.761	-0.762	-0.761	-0.473	-0.745	-0.473	-0.605	-0.368	-0.664	-0.797	-0.796	-0.797	-0.666	-0.483	-0.797	-0.794	-0.797	-0.760	-0.758	-0.481	-0.486	-0.486	-0.660	-0.761	-0.486	-0.761	-0.490	-0.792	-0.624	-0.750	-0.765	-0.498	-0.765	-0.765	-0.765	-0.764	-0.765	-0.766	-0.766	-0.767	-0.750	-0.498	-0.767	-0.498	-0.754	-0.763	-0.754	-0.756	-0.657	-0.502	-0.495	-0.530	-0.750	-0.524	-0.756	-0.765	-0.730	-0.749	-0.767	-0.772	-0.764	-0.766	-0.766	-0.766	-0.749	-0.526	-0.513	-0.755	-0.770	-0.768	-0.779	-0.754	-0.768	-0.524	-0.764	-0.524	-0.760	-0.762	-0.516	-0.765	-0.771	-0.776	-0.764	-0.521	-0.788	-0.768	-0.667	-0.763	-0.760	-0.778	-0.757	-0.769	-0.781	-0.525	-0.775	-0.760	-0.763	-0.764	-0.824	-0.755	-0.665	-0.764	-0.668	-0.526	-0.828	-0.766	-0.525	-0.757	-0.710	-0.766	-0.774	-0.828	-0.825	-0.780	-0.784	-0.765	-0.828	-0.757	-0.768	-0.761	-0.760	-0.760	-0.710	-0.766	-0.767	-0.763	-0.762	-0.762	-0.828	-0.761	-0.755	-0.761	-0.776	-0.522	-0.679	-0.734	
rs2290336      -0.611	-0.673	-0.771	-0.762	-0.552	-0.664	-0.511	-0.783	-0.787	-0.787	-0.785	-0.779	-0.635	-0.386	-0.665	-0.779	-0.658	-0.435	-0.855	-0.659	-0.527	-0.386	-0.269	-0.136	-0.305	-0.664	-0.579	-0.664	-0.634	-0.664	-0.409	-0.855	-0.854	-0.855	-0.664	-0.665	-0.855	-0.853	-0.855	-0.154	-0.426	-0.684	-0.669	-0.669	-0.656	-0.198	-0.661	-0.262	-0.672	-0.851	-0.646	-0.618	-0.774	-0.673	-0.773	-0.773	-0.773	-0.624	-0.774	-0.775	-0.775	-0.776	-0.613	-0.673	-0.776	-0.673	-0.586	-0.770	-0.586	-0.574	-0.653	-0.660	-0.657	-0.674	-0.610	-0.674	-0.762	-0.773	-0.727	-0.616	-0.776	-0.785	-0.771	-0.775	-0.775	-0.775	-0.616	-0.668	-0.668	-0.577	-0.783	-0.778	-0.832	-0.759	-0.778	-0.676	-0.772	-0.669	-0.766	-0.770	-0.676	-0.773	-0.783	-0.791	-0.776	-0.676	-0.802	-0.777	-0.665	-0.769	-0.757	-0.830	-0.761	-0.780	-0.832	-0.670	-0.789	-0.764	-0.769	-0.772	-0.854	-0.758	-0.662	-0.772	-0.666	-0.506	-0.860	-0.775	-0.670	-0.762	-0.744	-0.775	-0.787	-0.859	-0.856	-0.826	-0.835	-0.774	-0.859	-0.762	-0.776	-0.767	-0.766	-0.765	-0.718	-0.775	-0.776	-0.770	-0.770	-0.770	-0.859	-0.768	-0.759	-0.767	-0.804	-0.668	-0.681	-0.759	
rs7172291      -0.963	-0.781	-0.847	-0.841	-0.873	-0.758	-0.829	-0.849	-0.856	-0.856	-0.854	-0.846	-0.814	-0.961	-0.801	-0.844	-0.790	-0.958	-0.743	-0.752	-0.855	-0.961	-0.964	-0.966	-0.963	-0.796	-0.945	-0.796	-0.811	-0.797	-0.855	-0.597	-0.729	-0.729	-0.758	-0.797	-0.740	-0.736	-0.729	-0.964	-0.959	-0.822	-0.802	-0.802	-0.747	-0.965	-0.793	-0.964	-0.807	-0.745	-0.830	-0.953	-0.855	-0.809	-0.854	-0.854	-0.854	-0.970	-0.856	-0.857	-0.857	-0.859	-0.952	-0.809	-0.859	-0.809	-0.958	-0.851	-0.958	-0.960	-0.747	-0.794	-0.791	-0.821	-0.954	-0.821	-0.839	-0.856	-0.802	-0.952	-0.859	-0.870	-0.852	-0.858	-0.858	-0.857	-0.952	-0.814	-0.808	-0.960	-0.869	-0.861	-0.801	-0.835	-0.860	-0.824	-0.853	-0.818	-0.846	-0.851	-0.826	-0.854	-0.868	-0.878	-0.861	-0.824	-0.911	-0.860	-0.762	-0.844	-0.863	-0.797	-0.836	-0.864	-0.808	-0.818	-0.876	-0.838	-0.850	-0.854	-0.941	-0.836	-0.759	-0.854	-0.764	-0.568	-0.948	-0.858	-0.818	-0.840	-0.857	-0.858	-0.873	-0.946	-0.942	-0.833	-0.812	-0.856	-0.945	-0.839	-0.853	-0.847	-0.846	-0.846	-0.823	-0.858	-0.859	-0.852	-0.851	-0.851	-0.944	-0.849	-0.837	-0.848	-0.867	-0.817	-0.788	-0.880	
rs7174068      -0.963	-0.782	-0.847	-0.841	-0.872	-0.759	-0.829	-0.850	-0.856	-0.856	-0.854	-0.847	-0.814	-0.961	-0.801	-0.844	-0.789	-0.958	-0.743	-0.753	-0.855	-0.961	-0.964	-0.966	-0.964	-0.796	-0.945	-0.796	-0.811	-0.796	-0.854	-0.729	-0.597	-0.729	-0.759	-0.797	-0.740	-0.737	-0.729	-0.964	-0.959	-0.822	-0.802	-0.802	-0.748	-0.965	-0.792	-0.964	-0.807	-0.746	-0.830	-0.953	-0.856	-0.809	-0.855	-0.855	-0.855	-0.971	-0.857	-0.857	-0.858	-0.860	-0.952	-0.809	-0.860	-0.809	-0.958	-0.852	-0.958	-0.960	-0.748	-0.793	-0.791	-0.821	-0.954	-0.821	-0.840	-0.857	-0.803	-0.952	-0.860	-0.871	-0.852	-0.858	-0.859	-0.858	-0.952	-0.814	-0.808	-0.960	-0.869	-0.861	-0.802	-0.836	-0.861	-0.824	-0.854	-0.818	-0.847	-0.852	-0.826	-0.855	-0.869	-0.878	-0.861	-0.824	-0.912	-0.860	-0.763	-0.845	-0.864	-0.798	-0.837	-0.864	-0.808	-0.818	-0.877	-0.839	-0.850	-0.854	-0.941	-0.837	-0.760	-0.855	-0.765	-0.570	-0.948	-0.859	-0.818	-0.841	-0.857	-0.858	-0.874	-0.946	-0.943	-0.834	-0.813	-0.857	-0.945	-0.840	-0.853	-0.847	-0.846	-0.846	-0.823	-0.859	-0.860	-0.852	-0.852	-0.851	-0.944	-0.849	-0.838	-0.849	-0.867	-0.817	-0.789	-0.880	
rs6493554      -0.963	-0.781	-0.847	-0.841	-0.873	-0.758	-0.829	-0.849	-0.856	-0.856	-0.854	-0.846	-0.814	-0.961	-0.801	-0.844	-0.790	-0.958	-0.743	-0.752	-0.855	-0.961	-0.964	-0.966	-0.963	-0.796	-0.945	-0.796	-0.811	-0.797	-0.855	-0.729	-0.729	-0.597	-0.758	-0.797	-0.740	-0.736	-0.729	-0.964	-0.959	-0.822	-0.802	-0.802	-0.748	-0.965	-0.793	-0.964	-0.807	-0.745	-0.830	-0.953	-0.855	-0.809	-0.854	-0.854	-0.854	-0.971	-0.856	-0.857	-0.857	-0.859	-0.952	-0.809	-0.859	-0.809	-0.958	-0.851	-0.958	-0.960	-0.748	-0.794	-0.791	-0.821	-0.954	-0.821	-0.839	-0.856	-0.802	-0.952	-0.859	-0.870	-0.852	-0.858	-0.858	-0.857	-0.952	-0.814	-0.808	-0.960	-0.869	-0.861	-0.801	-0.835	-0.860	-0.824	-0.853	-0.818	-0.846	-0.851	-0.826	-0.855	-0.868	-0.878	-0.861	-0.824	-0.911	-0.860	-0.762	-0.844	-0.864	-0.797	-0.836	-0.864	-0.808	-0.818	-0.876	-0.838	-0.850	-0.854	-0.941	-0.836	-0.759	-0.854	-0.764	-0.569	-0.948	-0.859	-0.818	-0.840	-0.857	-0.858	-0.873	-0.946	-0.942	-0.833	-0.812	-0.856	-0.945	-0.839	-0.853	-0.847	-0.846	-0.846	-0.823	-0.858	-0.859	-0.852	-0.851	-0.851	-0.944	-0.849	-0.837	-0.848	-0.867	-0.817	-0.788	-0.880	
rs113235251    -0.792	-0.579	-0.700	-0.696	-0.684	-0.535	-0.636	-0.683	-0.676	-0.676	-0.679	-0.685	-0.635	-0.791	-0.666	-0.687	-0.660	-0.785	-0.755	-0.527	-0.664	-0.790	-0.796	-0.800	-0.795	-0.666	-0.771	-0.666	-0.632	-0.666	-0.664	-0.758	-0.759	-0.758	-0.414	-0.667	-0.758	-0.764	-0.758	-0.799	-0.787	-0.688	-0.671	-0.672	-0.524	-0.799	-0.663	-0.797	-0.675	-0.770	-0.652	-0.777	-0.700	-0.676	-0.700	-0.700	-0.700	-0.795	-0.700	-0.700	-0.700	-0.700	-0.777	-0.676	-0.700	-0.676	-0.786	-0.703	-0.786	-0.789	-0.553	-0.663	-0.660	-0.679	-0.780	-0.679	-0.707	-0.702	-0.691	-0.777	-0.700	-0.694	-0.703	-0.701	-0.700	-0.701	-0.777	-0.672	-0.672	-0.789	-0.696	-0.700	-0.790	-0.708	-0.700	-0.681	-0.703	-0.674	-0.705	-0.703	-0.681	-0.703	-0.698	-0.689	-0.679	-0.681	-0.734	-0.701	-0.560	-0.711	-0.737	-0.790	-0.707	-0.698	-0.786	-0.675	-0.692	-0.712	-0.704	-0.702	-0.832	-0.707	-0.559	-0.703	-0.560	-0.389	-0.820	-0.701	-0.675	-0.706	-0.642	-0.701	-0.691	-0.824	-0.829	-0.801	-0.784	-0.702	-0.825	-0.706	-0.710	-0.705	-0.705	-0.705	-0.706	-0.700	-0.701	-0.703	-0.703	-0.703	-0.822	-0.703	-0.706	-0.703	-0.758	-0.673	-0.574	-0.517	
