## Summary of overall evidence for association with region:
## log10(BF for region) = 5.2435
## p-value for region = NA

## BFs for choosing among multi-SNP models:
## log10(average 1-SNP BF) = 5.25191
## log10(average 2-SNP BF) = 5.22619

## Example posterior probabilities for multi-SNP models, based on default prior: [p(l) propto 0.5^l for l=1,2,...,L]
## posterior probability of 1-SNP = 0.679696
## posterior probability of 2-SNP = 0.320304

## log10(BF) for single SNP and pair of SNPs:
rs12103148     -0.621	-0.892	-0.894	-0.746	-0.900	-0.900	-0.900	-0.899	-0.747	-0.888	-0.888	-0.884	-0.884	-0.884	-0.899	-0.843	-0.898	-0.886	-0.757	-0.820	-0.897	-0.737	-0.897	-0.728	-0.730	-0.730	-0.735	-0.735	-0.735	-0.729	-0.733	-0.739	-0.841	-0.948	-0.931	-0.931	-0.922	-0.900	-0.921	-0.884	+1.189	+1.347	+5.710	+5.651	+5.644	+2.738	+4.443	+4.434	+3.025	+5.669	+3.266	-0.105	+1.144	+5.102	+5.371	+2.233	+1.051	+1.049	+5.310	+0.960	+5.355	+5.393	+1.067	+1.175	+5.273	+0.780	+0.751	+5.330	+5.328	+0.990	+4.937	+4.911	+4.835	+5.039	+5.033	+0.672	+0.139	+0.768	+0.609	+0.944	+0.596	+0.705	+0.714	+0.714	+0.713	+0.713	+0.711	+4.641	+0.673	+4.660	+4.520	+0.648	+2.074	+0.653	+4.760	+0.637	+4.530	+0.606	+0.946	+2.205	+4.661	+1.046	+1.017	+4.703	+4.764	+1.020	+0.985	+1.038	+0.656	+4.757	+2.144	+0.947	+4.812	+1.100	+1.155	+1.187	+1.110	+4.649	+1.098	+1.174	+1.085	+1.161	+1.172	+1.174	+1.177	+1.090	+1.181	+1.093	+2.218	+4.693	+4.671	+4.703	+1.886	+0.940	+0.942	+0.919	+4.405	+4.751	+4.776	+0.574	+4.811	+2.833	+0.842	+2.570	
rs2967846      -0.892	-0.641	-0.683	-0.883	-0.750	-0.750	-0.749	-0.747	-0.883	-0.703	-0.703	-0.683	-0.671	-0.670	-0.743	-0.741	-0.801	-0.677	-0.888	-0.872	-0.735	-0.878	-0.732	-0.874	-0.875	-0.875	-0.877	-0.876	-0.876	-0.875	-0.876	-0.877	-0.922	-0.966	-0.949	-0.949	-0.941	-0.918	-0.939	-0.903	+1.167	+1.326	+5.677	+5.618	+5.611	+2.711	+4.413	+4.403	+3.002	+5.640	+3.243	-0.126	+1.122	+5.076	+5.339	+2.211	+1.029	+1.027	+5.279	+0.937	+5.324	+5.361	+1.045	+1.153	+5.242	+0.757	+0.730	+5.299	+5.297	+0.969	+4.906	+4.881	+4.803	+5.008	+5.003	+0.651	+0.117	+0.746	+0.588	+0.923	+0.576	+0.685	+0.694	+0.694	+0.693	+0.693	+0.691	+4.611	+0.653	+4.629	+4.489	+0.628	+2.052	+0.633	+4.728	+0.617	+4.500	+0.586	+0.925	+2.182	+4.630	+1.025	+0.996	+4.671	+4.733	+0.999	+0.964	+1.017	+0.636	+4.726	+2.121	+0.926	+4.780	+1.079	+1.134	+1.166	+1.089	+4.619	+1.077	+1.153	+1.064	+1.140	+1.151	+1.153	+1.156	+1.069	+1.160	+1.072	+2.196	+4.662	+4.641	+4.672	+1.862	+0.919	+0.921	+0.898	+4.374	+4.720	+4.745	+0.552	+4.780	+2.806	+0.822	+2.544	
rs880763       -0.894	-0.683	-0.639	-0.894	-0.808	-0.808	-0.808	-0.808	-0.894	-0.799	-0.799	-0.793	-0.790	-0.789	-0.807	-0.797	-0.823	-0.785	-0.895	-0.881	-0.807	-0.893	-0.806	-0.892	-0.893	-0.893	-0.893	-0.893	-0.893	-0.893	-0.893	-0.894	-0.916	-0.961	-0.944	-0.944	-0.936	-0.913	-0.934	-0.898	+1.169	+1.327	+5.689	+5.630	+5.623	+2.719	+4.423	+4.414	+3.004	+5.645	+3.245	-0.124	+1.124	+5.079	+5.350	+2.212	+1.031	+1.029	+5.290	+0.941	+5.335	+5.372	+1.047	+1.156	+5.253	+0.762	+0.732	+5.309	+5.307	+0.970	+4.916	+4.890	+4.814	+5.018	+5.012	+0.653	+0.124	+0.754	+0.589	+0.924	+0.577	+0.686	+0.694	+0.694	+0.693	+0.694	+0.691	+4.621	+0.654	+4.640	+4.500	+0.629	+2.054	+0.633	+4.739	+0.617	+4.510	+0.587	+0.926	+2.185	+4.641	+1.026	+0.998	+4.683	+4.744	+1.000	+0.965	+1.018	+0.636	+4.737	+2.124	+0.928	+4.791	+1.080	+1.135	+1.167	+1.090	+4.629	+1.078	+1.154	+1.065	+1.141	+1.152	+1.154	+1.157	+1.070	+1.161	+1.073	+2.198	+4.673	+4.650	+4.682	+1.868	+0.920	+0.922	+0.900	+4.385	+4.731	+4.756	+0.557	+4.791	+2.813	+0.823	+2.550	
rs28675376     -0.746	-0.883	-0.894	-0.619	-0.902	-0.902	-0.902	-0.901	-0.753	-0.894	-0.894	-0.891	-0.891	-0.891	-0.901	-0.854	-0.897	-0.893	-0.754	-0.819	-0.900	-0.751	-0.900	-0.747	-0.748	-0.748	-0.751	-0.751	-0.751	-0.748	-0.750	-0.754	-0.833	-0.946	-0.929	-0.929	-0.921	-0.898	-0.919	-0.882	+1.192	+1.351	+5.717	+5.658	+5.651	+2.744	+4.450	+4.441	+3.029	+5.675	+3.270	-0.102	+1.147	+5.107	+5.378	+2.237	+1.054	+1.053	+5.317	+0.964	+5.362	+5.400	+1.070	+1.179	+5.280	+0.784	+0.754	+5.337	+5.335	+0.993	+4.943	+4.918	+4.842	+5.045	+5.040	+0.676	+0.142	+0.771	+0.611	+0.947	+0.599	+0.708	+0.717	+0.717	+0.716	+0.716	+0.714	+4.648	+0.676	+4.667	+4.527	+0.651	+2.078	+0.656	+4.767	+0.640	+4.537	+0.609	+0.949	+2.209	+4.668	+1.049	+1.021	+4.710	+4.772	+1.023	+0.988	+1.041	+0.659	+4.764	+2.148	+0.951	+4.819	+1.103	+1.158	+1.190	+1.113	+4.656	+1.101	+1.177	+1.088	+1.164	+1.175	+1.177	+1.180	+1.093	+1.184	+1.096	+2.222	+4.700	+4.677	+4.709	+1.890	+0.943	+0.945	+0.922	+4.411	+4.758	+4.783	+0.578	+4.818	+2.838	+0.845	+2.575	
rs891261       -0.900	-0.750	-0.808	-0.902	-0.639	-0.774	-0.774	-0.774	-0.902	-0.768	-0.768	-0.762	-0.751	-0.751	-0.773	-0.794	-0.794	-0.753	-0.902	-0.887	-0.778	-0.901	-0.773	-0.900	-0.901	-0.901	-0.901	-0.901	-0.901	-0.901	-0.901	-0.901	-0.920	-0.960	-0.943	-0.943	-0.935	-0.911	-0.933	-0.897	+1.168	+1.327	+5.690	+5.631	+5.624	+2.720	+4.422	+4.414	+3.004	+5.645	+3.245	-0.124	+1.124	+5.078	+5.350	+2.212	+1.031	+1.029	+5.291	+0.941	+5.335	+5.373	+1.047	+1.155	+5.253	+0.762	+0.731	+5.310	+5.307	+0.970	+4.917	+4.891	+4.815	+5.018	+5.013	+0.653	+0.124	+0.755	+0.589	+0.924	+0.577	+0.685	+0.694	+0.694	+0.693	+0.693	+0.691	+4.622	+0.653	+4.640	+4.501	+0.629	+2.053	+0.633	+4.740	+0.617	+4.511	+0.586	+0.925	+2.185	+4.641	+1.026	+0.997	+4.683	+4.745	+1.000	+0.965	+1.018	+0.636	+4.737	+2.124	+0.927	+4.792	+1.079	+1.135	+1.167	+1.089	+4.630	+1.078	+1.154	+1.065	+1.140	+1.151	+1.153	+1.156	+1.070	+1.161	+1.073	+2.198	+4.673	+4.650	+4.682	+1.868	+0.920	+0.922	+0.899	+4.385	+4.732	+4.756	+0.557	+4.791	+2.814	+0.822	+2.551	
rs2326325      -0.900	-0.750	-0.808	-0.902	-0.774	-0.639	-0.774	-0.774	-0.902	-0.768	-0.768	-0.762	-0.751	-0.751	-0.773	-0.794	-0.794	-0.753	-0.902	-0.887	-0.778	-0.901	-0.773	-0.900	-0.901	-0.901	-0.901	-0.901	-0.901	-0.901	-0.901	-0.901	-0.920	-0.960	-0.943	-0.943	-0.935	-0.911	-0.933	-0.897	+1.168	+1.327	+5.690	+5.631	+5.624	+2.720	+4.422	+4.414	+3.004	+5.645	+3.245	-0.124	+1.124	+5.078	+5.350	+2.212	+1.031	+1.029	+5.291	+0.941	+5.335	+5.373	+1.047	+1.155	+5.253	+0.762	+0.731	+5.310	+5.307	+0.970	+4.917	+4.891	+4.815	+5.018	+5.013	+0.653	+0.124	+0.755	+0.589	+0.924	+0.577	+0.685	+0.694	+0.694	+0.693	+0.693	+0.691	+4.622	+0.653	+4.640	+4.501	+0.629	+2.053	+0.633	+4.740	+0.617	+4.511	+0.586	+0.925	+2.185	+4.641	+1.026	+0.997	+4.683	+4.745	+1.000	+0.965	+1.018	+0.636	+4.737	+2.124	+0.927	+4.792	+1.079	+1.135	+1.167	+1.089	+4.630	+1.078	+1.154	+1.065	+1.140	+1.151	+1.153	+1.156	+1.070	+1.161	+1.073	+2.198	+4.673	+4.650	+4.682	+1.868	+0.920	+0.922	+0.899	+4.385	+4.732	+4.756	+0.557	+4.792	+2.814	+0.822	+2.551	
rs891262       -0.900	-0.749	-0.808	-0.902	-0.774	-0.774	-0.639	-0.774	-0.902	-0.768	-0.768	-0.763	-0.752	-0.751	-0.773	-0.794	-0.794	-0.754	-0.902	-0.887	-0.778	-0.901	-0.773	-0.900	-0.901	-0.901	-0.901	-0.901	-0.901	-0.901	-0.901	-0.901	-0.920	-0.960	-0.943	-0.943	-0.934	-0.911	-0.933	-0.897	+1.168	+1.327	+5.690	+5.631	+5.624	+2.720	+4.423	+4.414	+3.004	+5.645	+3.245	-0.124	+1.124	+5.078	+5.351	+2.212	+1.031	+1.029	+5.291	+0.941	+5.335	+5.373	+1.047	+1.155	+5.253	+0.762	+0.732	+5.310	+5.307	+0.970	+4.917	+4.891	+4.815	+5.018	+5.013	+0.653	+0.125	+0.755	+0.589	+0.924	+0.577	+0.685	+0.694	+0.694	+0.693	+0.693	+0.691	+4.622	+0.653	+4.640	+4.501	+0.629	+2.053	+0.633	+4.740	+0.617	+4.511	+0.587	+0.925	+2.185	+4.642	+1.026	+0.997	+4.683	+4.745	+1.000	+0.965	+1.018	+0.636	+4.738	+2.124	+0.927	+4.792	+1.080	+1.135	+1.167	+1.089	+4.630	+1.078	+1.154	+1.065	+1.140	+1.151	+1.153	+1.156	+1.070	+1.161	+1.073	+2.198	+4.673	+4.650	+4.682	+1.868	+0.920	+0.922	+0.899	+4.385	+4.732	+4.757	+0.557	+4.792	+2.814	+0.822	+2.551	
rs2052905      -0.899	-0.747	-0.808	-0.901	-0.774	-0.774	-0.774	-0.638	-0.901	-0.770	-0.770	-0.764	-0.754	-0.754	-0.773	-0.795	-0.793	-0.756	-0.901	-0.887	-0.778	-0.901	-0.774	-0.900	-0.901	-0.901	-0.901	-0.901	-0.901	-0.901	-0.901	-0.901	-0.919	-0.960	-0.942	-0.943	-0.934	-0.911	-0.933	-0.896	+1.168	+1.327	+5.690	+5.631	+5.624	+2.720	+4.423	+4.414	+3.004	+5.645	+3.245	-0.124	+1.124	+5.079	+5.351	+2.212	+1.031	+1.029	+5.291	+0.941	+5.336	+5.373	+1.047	+1.155	+5.254	+0.762	+0.732	+5.310	+5.308	+0.970	+4.917	+4.891	+4.815	+5.019	+5.013	+0.653	+0.125	+0.755	+0.589	+0.924	+0.577	+0.685	+0.694	+0.694	+0.693	+0.694	+0.691	+4.622	+0.654	+4.641	+4.501	+0.629	+2.054	+0.633	+4.740	+0.617	+4.511	+0.587	+0.926	+2.185	+4.642	+1.026	+0.998	+4.684	+4.745	+1.000	+0.965	+1.018	+0.636	+4.738	+2.124	+0.928	+4.792	+1.080	+1.135	+1.167	+1.090	+4.630	+1.078	+1.154	+1.065	+1.141	+1.152	+1.154	+1.157	+1.070	+1.161	+1.073	+2.198	+4.674	+4.650	+4.682	+1.868	+0.920	+0.922	+0.899	+4.386	+4.732	+4.757	+0.557	+4.792	+2.814	+0.822	+2.551	
rs34003912     -0.747	-0.883	-0.894	-0.753	-0.902	-0.902	-0.902	-0.901	-0.619	-0.894	-0.894	-0.891	-0.891	-0.891	-0.901	-0.854	-0.897	-0.893	-0.754	-0.818	-0.900	-0.751	-0.900	-0.747	-0.749	-0.749	-0.750	-0.750	-0.750	-0.748	-0.750	-0.753	-0.832	-0.946	-0.929	-0.929	-0.921	-0.898	-0.919	-0.882	+1.192	+1.351	+5.717	+5.658	+5.651	+2.744	+4.450	+4.442	+3.029	+5.675	+3.271	-0.102	+1.147	+5.107	+5.378	+2.237	+1.054	+1.053	+5.318	+0.964	+5.362	+5.400	+1.071	+1.179	+5.280	+0.784	+0.754	+5.338	+5.335	+0.993	+4.944	+4.918	+4.842	+5.046	+5.040	+0.676	+0.142	+0.771	+0.612	+0.947	+0.599	+0.708	+0.717	+0.717	+0.716	+0.716	+0.714	+4.649	+0.676	+4.667	+4.527	+0.651	+2.078	+0.656	+4.767	+0.640	+4.538	+0.609	+0.949	+2.209	+4.669	+1.050	+1.021	+4.710	+4.772	+1.023	+0.988	+1.041	+0.659	+4.764	+2.148	+0.951	+4.819	+1.103	+1.158	+1.190	+1.113	+4.656	+1.101	+1.177	+1.088	+1.164	+1.175	+1.177	+1.180	+1.093	+1.184	+1.096	+2.222	+4.700	+4.677	+4.709	+1.890	+0.943	+0.945	+0.922	+4.412	+4.758	+4.783	+0.578	+4.818	+2.838	+0.845	+2.575	
rs2052906      -0.888	-0.703	-0.799	-0.894	-0.768	-0.768	-0.768	-0.770	-0.894	-0.633	-0.768	-0.771	-0.770	-0.770	-0.772	-0.811	-0.778	-0.780	-0.893	-0.880	-0.784	-0.896	-0.778	-0.896	-0.896	-0.896	-0.896	-0.896	-0.896	-0.896	-0.896	-0.896	-0.908	-0.953	-0.936	-0.936	-0.928	-0.905	-0.926	-0.890	+1.173	+1.332	+5.699	+5.640	+5.632	+2.727	+4.431	+4.422	+3.009	+5.651	+3.250	-0.119	+1.129	+5.084	+5.359	+2.217	+1.036	+1.035	+5.299	+0.947	+5.344	+5.381	+1.052	+1.161	+5.262	+0.768	+0.737	+5.318	+5.316	+0.975	+4.925	+4.899	+4.824	+5.026	+5.021	+0.658	+0.132	+0.762	+0.594	+0.929	+0.581	+0.690	+0.699	+0.699	+0.698	+0.698	+0.696	+4.630	+0.658	+4.649	+4.509	+0.633	+2.058	+0.638	+4.749	+0.622	+4.519	+0.591	+0.930	+2.190	+4.650	+1.031	+1.003	+4.692	+4.753	+1.005	+0.970	+1.023	+0.641	+4.746	+2.129	+0.932	+4.801	+1.084	+1.140	+1.172	+1.094	+4.638	+1.083	+1.159	+1.070	+1.145	+1.156	+1.158	+1.161	+1.075	+1.166	+1.077	+2.203	+4.682	+4.658	+4.690	+1.874	+0.925	+0.927	+0.904	+4.394	+4.740	+4.765	+0.563	+4.800	+2.821	+0.827	+2.558	
rs2052907      -0.888	-0.703	-0.799	-0.894	-0.768	-0.768	-0.768	-0.770	-0.894	-0.768	-0.633	-0.771	-0.770	-0.770	-0.772	-0.811	-0.778	-0.780	-0.893	-0.880	-0.784	-0.896	-0.778	-0.896	-0.896	-0.896	-0.896	-0.896	-0.896	-0.896	-0.896	-0.896	-0.908	-0.953	-0.936	-0.936	-0.928	-0.904	-0.926	-0.890	+1.173	+1.332	+5.699	+5.640	+5.632	+2.727	+4.431	+4.422	+3.009	+5.651	+3.250	-0.119	+1.129	+5.084	+5.359	+2.217	+1.036	+1.035	+5.299	+0.947	+5.344	+5.381	+1.052	+1.161	+5.262	+0.768	+0.737	+5.318	+5.316	+0.975	+4.925	+4.899	+4.824	+5.027	+5.021	+0.658	+0.132	+0.762	+0.594	+0.929	+0.581	+0.690	+0.699	+0.699	+0.698	+0.698	+0.696	+4.630	+0.658	+4.649	+4.509	+0.633	+2.059	+0.638	+4.749	+0.622	+4.519	+0.591	+0.930	+2.190	+4.650	+1.031	+1.003	+4.692	+4.753	+1.005	+0.970	+1.023	+0.641	+4.746	+2.129	+0.933	+4.801	+1.084	+1.140	+1.172	+1.094	+4.638	+1.083	+1.159	+1.070	+1.145	+1.156	+1.158	+1.161	+1.075	+1.166	+1.077	+2.203	+4.682	+4.658	+4.690	+1.874	+0.925	+0.927	+0.904	+4.394	+4.740	+4.765	+0.563	+4.800	+2.821	+0.827	+2.558	
rs2326327      -0.884	-0.683	-0.793	-0.891	-0.762	-0.762	-0.763	-0.764	-0.891	-0.771	-0.771	-0.630	-0.776	-0.776	-0.767	-0.818	-0.770	-0.784	-0.890	-0.876	-0.782	-0.894	-0.776	-0.894	-0.894	-0.894	-0.894	-0.894	-0.894	-0.894	-0.894	-0.895	-0.904	-0.950	-0.933	-0.933	-0.924	-0.901	-0.923	-0.886	+1.176	+1.335	+5.704	+5.645	+5.638	+2.732	+4.435	+4.427	+3.013	+5.656	+3.254	-0.116	+1.132	+5.088	+5.365	+2.220	+1.040	+1.038	+5.305	+0.951	+5.349	+5.387	+1.056	+1.164	+5.267	+0.772	+0.740	+5.324	+5.321	+0.978	+4.930	+4.904	+4.829	+5.032	+5.026	+0.661	+0.135	+0.766	+0.597	+0.932	+0.584	+0.693	+0.702	+0.702	+0.701	+0.701	+0.699	+4.635	+0.661	+4.654	+4.514	+0.636	+2.062	+0.641	+4.754	+0.625	+4.524	+0.594	+0.933	+2.194	+4.655	+1.034	+1.006	+4.697	+4.759	+1.008	+0.973	+1.026	+0.644	+4.751	+2.133	+0.936	+4.806	+1.088	+1.143	+1.175	+1.098	+4.644	+1.086	+1.162	+1.073	+1.148	+1.160	+1.161	+1.165	+1.078	+1.169	+1.081	+2.207	+4.687	+4.662	+4.694	+1.878	+0.928	+0.930	+0.907	+4.399	+4.745	+4.770	+0.567	+4.805	+2.826	+0.830	+2.562	
rs2326328      -0.884	-0.671	-0.790	-0.891	-0.751	-0.751	-0.752	-0.754	-0.891	-0.770	-0.770	-0.776	-0.632	-0.767	-0.758	-0.815	-0.764	-0.777	-0.889	-0.876	-0.776	-0.893	-0.768	-0.894	-0.894	-0.894	-0.893	-0.893	-0.893	-0.894	-0.893	-0.894	-0.904	-0.952	-0.935	-0.935	-0.926	-0.903	-0.925	-0.888	+1.174	+1.333	+5.701	+5.642	+5.635	+2.729	+4.433	+4.424	+3.010	+5.653	+3.251	-0.118	+1.130	+5.085	+5.361	+2.218	+1.037	+1.036	+5.302	+0.948	+5.346	+5.384	+1.053	+1.162	+5.264	+0.770	+0.738	+5.320	+5.318	+0.976	+4.927	+4.901	+4.826	+5.029	+5.023	+0.659	+0.133	+0.764	+0.594	+0.930	+0.582	+0.691	+0.700	+0.700	+0.699	+0.699	+0.697	+4.632	+0.659	+4.651	+4.511	+0.634	+2.059	+0.639	+4.751	+0.623	+4.521	+0.592	+0.931	+2.191	+4.652	+1.032	+1.003	+4.694	+4.756	+1.006	+0.971	+1.024	+0.642	+4.748	+2.130	+0.933	+4.803	+1.085	+1.141	+1.173	+1.095	+4.641	+1.084	+1.160	+1.071	+1.146	+1.157	+1.159	+1.162	+1.076	+1.167	+1.078	+2.204	+4.684	+4.659	+4.691	+1.876	+0.926	+0.928	+0.905	+4.396	+4.742	+4.767	+0.565	+4.802	+2.823	+0.828	+2.560	
rs2326329      -0.884	-0.670	-0.789	-0.891	-0.751	-0.751	-0.751	-0.754	-0.891	-0.770	-0.770	-0.776	-0.767	-0.632	-0.757	-0.815	-0.763	-0.777	-0.889	-0.876	-0.775	-0.893	-0.767	-0.894	-0.893	-0.894	-0.893	-0.893	-0.893	-0.894	-0.893	-0.894	-0.904	-0.952	-0.934	-0.935	-0.926	-0.903	-0.925	-0.888	+1.174	+1.333	+5.701	+5.642	+5.635	+2.729	+4.433	+4.424	+3.010	+5.653	+3.251	-0.118	+1.130	+5.085	+5.361	+2.218	+1.037	+1.036	+5.302	+0.948	+5.346	+5.384	+1.053	+1.162	+5.264	+0.770	+0.738	+5.321	+5.318	+0.976	+4.927	+4.901	+4.826	+5.029	+5.023	+0.659	+0.133	+0.764	+0.595	+0.930	+0.582	+0.691	+0.700	+0.700	+0.699	+0.699	+0.697	+4.632	+0.659	+4.651	+4.511	+0.634	+2.059	+0.639	+4.751	+0.623	+4.522	+0.592	+0.931	+2.191	+4.653	+1.032	+1.004	+4.694	+4.756	+1.006	+0.971	+1.024	+0.642	+4.749	+2.130	+0.934	+4.803	+1.085	+1.141	+1.173	+1.095	+4.641	+1.084	+1.160	+1.071	+1.146	+1.157	+1.159	+1.162	+1.076	+1.167	+1.078	+2.204	+4.684	+4.660	+4.692	+1.876	+0.926	+0.928	+0.905	+4.396	+4.743	+4.768	+0.565	+4.803	+2.823	+0.828	+2.560	
rs2326337      -0.899	-0.743	-0.807	-0.901	-0.773	-0.773	-0.773	-0.773	-0.901	-0.772	-0.772	-0.767	-0.758	-0.757	-0.638	-0.797	-0.792	-0.759	-0.901	-0.886	-0.779	-0.901	-0.774	-0.900	-0.900	-0.900	-0.901	-0.901	-0.901	-0.900	-0.901	-0.901	-0.918	-0.959	-0.942	-0.942	-0.934	-0.911	-0.932	-0.896	+1.169	+1.327	+5.691	+5.632	+5.625	+2.721	+4.424	+4.415	+3.004	+5.646	+3.245	-0.124	+1.124	+5.079	+5.352	+2.212	+1.031	+1.030	+5.292	+0.942	+5.337	+5.374	+1.047	+1.156	+5.254	+0.763	+0.732	+5.311	+5.309	+0.970	+4.918	+4.892	+4.816	+5.020	+5.014	+0.653	+0.125	+0.756	+0.589	+0.924	+0.577	+0.686	+0.695	+0.694	+0.693	+0.694	+0.692	+4.623	+0.654	+4.641	+4.502	+0.629	+2.054	+0.634	+4.741	+0.617	+4.512	+0.587	+0.926	+2.185	+4.643	+1.027	+0.998	+4.684	+4.746	+1.000	+0.965	+1.018	+0.637	+4.739	+2.124	+0.928	+4.793	+1.080	+1.135	+1.167	+1.090	+4.631	+1.078	+1.154	+1.065	+1.141	+1.152	+1.154	+1.157	+1.070	+1.161	+1.073	+2.198	+4.675	+4.651	+4.683	+1.869	+0.920	+0.922	+0.900	+4.387	+4.733	+4.758	+0.558	+4.793	+2.815	+0.823	+2.552	
rs16974202     -0.843	-0.741	-0.797	-0.854	-0.794	-0.794	-0.794	-0.795	-0.854	-0.811	-0.811	-0.818	-0.815	-0.815	-0.797	-0.479	-0.783	-0.813	-0.851	-0.841	-0.804	-0.859	-0.802	-0.861	-0.861	-0.861	-0.860	-0.860	-0.860	-0.861	-0.860	-0.860	-0.841	-0.781	-0.760	-0.760	-0.752	-0.726	-0.751	-0.713	+1.321	+1.480	+5.864	+5.805	+5.794	+2.888	+4.585	+4.578	+3.154	+5.799	+3.395	+0.023	+1.276	+5.230	+5.520	+2.361	+1.183	+1.181	+5.462	+1.098	+5.505	+5.542	+1.199	+1.307	+5.422	+0.918	+0.882	+5.478	+5.475	+1.119	+5.085	+5.059	+4.986	+5.186	+5.180	+0.801	+0.287	+0.921	+0.737	+1.072	+0.724	+0.834	+0.842	+0.842	+0.841	+0.842	+0.839	+4.790	+0.801	+4.808	+4.669	+0.777	+2.200	+0.781	+4.908	+0.765	+4.679	+0.735	+1.074	+2.334	+4.809	+1.176	+1.148	+4.852	+4.913	+1.150	+1.115	+1.168	+0.785	+4.906	+2.274	+1.077	+4.959	+1.229	+1.285	+1.317	+1.239	+4.799	+1.228	+1.304	+1.215	+1.290	+1.301	+1.303	+1.307	+1.220	+1.311	+1.222	+2.347	+4.843	+4.813	+4.845	+2.024	+1.069	+1.072	+1.049	+4.555	+4.902	+4.926	+0.715	+4.962	+2.981	+0.972	+2.717	
rs2967847      -0.898	-0.801	-0.823	-0.897	-0.794	-0.794	-0.794	-0.793	-0.897	-0.778	-0.778	-0.770	-0.764	-0.763	-0.792	-0.783	-0.638	-0.766	-0.898	-0.883	-0.790	-0.895	-0.788	-0.893	-0.894	-0.894	-0.894	-0.894	-0.894	-0.894	-0.894	-0.895	-0.919	-0.960	-0.944	-0.944	-0.935	-0.912	-0.934	-0.897	+1.169	+1.328	+5.689	+5.630	+5.623	+2.719	+4.422	+4.413	+3.004	+5.645	+3.245	-0.123	+1.124	+5.080	+5.350	+2.213	+1.031	+1.030	+5.290	+0.941	+5.335	+5.372	+1.048	+1.156	+5.253	+0.762	+0.732	+5.309	+5.307	+0.971	+4.916	+4.890	+4.814	+5.018	+5.012	+0.654	+0.124	+0.754	+0.590	+0.925	+0.578	+0.686	+0.695	+0.695	+0.694	+0.695	+0.692	+4.621	+0.655	+4.640	+4.500	+0.630	+2.054	+0.634	+4.739	+0.618	+4.510	+0.588	+0.927	+2.185	+4.641	+1.027	+0.998	+4.682	+4.744	+1.001	+0.966	+1.019	+0.637	+4.737	+2.124	+0.928	+4.791	+1.081	+1.136	+1.168	+1.090	+4.629	+1.079	+1.155	+1.066	+1.141	+1.153	+1.154	+1.158	+1.071	+1.162	+1.074	+2.198	+4.673	+4.649	+4.681	+1.867	+0.921	+0.923	+0.900	+4.385	+4.731	+4.756	+0.557	+4.791	+2.814	+0.823	+2.551	
rs2914828      -0.886	-0.677	-0.785	-0.893	-0.753	-0.753	-0.754	-0.756	-0.893	-0.780	-0.780	-0.784	-0.777	-0.777	-0.759	-0.813	-0.766	-0.632	-0.891	-0.877	-0.776	-0.895	-0.768	-0.895	-0.895	-0.895	-0.895	-0.895	-0.895	-0.895	-0.895	-0.896	-0.906	-0.953	-0.935	-0.935	-0.927	-0.904	-0.926	-0.889	+1.174	+1.333	+5.701	+5.642	+5.634	+2.729	+4.432	+4.424	+3.010	+5.652	+3.251	-0.118	+1.129	+5.084	+5.361	+2.217	+1.037	+1.035	+5.301	+0.948	+5.346	+5.383	+1.053	+1.161	+5.264	+0.769	+0.737	+5.320	+5.318	+0.975	+4.926	+4.901	+4.826	+5.028	+5.023	+0.658	+0.133	+0.764	+0.594	+0.929	+0.582	+0.690	+0.699	+0.699	+0.698	+0.699	+0.696	+4.632	+0.658	+4.651	+4.511	+0.634	+2.059	+0.638	+4.750	+0.622	+4.521	+0.592	+0.931	+2.191	+4.652	+1.032	+1.003	+4.694	+4.755	+1.005	+0.970	+1.023	+0.641	+4.748	+2.130	+0.933	+4.803	+1.085	+1.140	+1.172	+1.095	+4.640	+1.083	+1.159	+1.070	+1.146	+1.157	+1.159	+1.162	+1.075	+1.166	+1.078	+2.204	+4.684	+4.659	+4.691	+1.875	+0.925	+0.927	+0.905	+4.396	+4.742	+4.767	+0.564	+4.802	+2.823	+0.828	+2.560	
rs111721710    -0.757	-0.888	-0.895	-0.754	-0.902	-0.902	-0.902	-0.901	-0.754	-0.893	-0.893	-0.890	-0.889	-0.889	-0.901	-0.851	-0.898	-0.891	-0.620	-0.819	-0.900	-0.748	-0.899	-0.741	-0.743	-0.743	-0.746	-0.746	-0.746	-0.742	-0.745	-0.749	-0.835	-0.946	-0.930	-0.930	-0.921	-0.899	-0.920	-0.883	+1.191	+1.350	+5.715	+5.656	+5.649	+2.742	+4.448	+4.439	+3.028	+5.673	+3.269	-0.103	+1.146	+5.105	+5.376	+2.235	+1.053	+1.052	+5.315	+0.962	+5.360	+5.398	+1.069	+1.178	+5.278	+0.783	+0.753	+5.335	+5.333	+0.992	+4.942	+4.916	+4.840	+5.044	+5.038	+0.675	+0.141	+0.770	+0.611	+0.946	+0.598	+0.707	+0.716	+0.716	+0.715	+0.715	+0.713	+4.646	+0.675	+4.665	+4.525	+0.650	+2.077	+0.655	+4.765	+0.639	+4.535	+0.608	+0.948	+2.208	+4.666	+1.048	+1.020	+4.708	+4.770	+1.022	+0.987	+1.040	+0.658	+4.762	+2.147	+0.950	+4.817	+1.102	+1.157	+1.189	+1.112	+4.654	+1.100	+1.176	+1.087	+1.163	+1.174	+1.176	+1.179	+1.092	+1.183	+1.095	+2.221	+4.698	+4.675	+4.707	+1.889	+0.942	+0.944	+0.921	+4.410	+4.756	+4.781	+0.577	+4.816	+2.836	+0.844	+2.573	
rs12325428     -0.820	-0.872	-0.881	-0.819	-0.887	-0.887	-0.887	-0.887	-0.818	-0.880	-0.880	-0.876	-0.876	-0.876	-0.886	-0.841	-0.883	-0.877	-0.819	-0.616	-0.885	-0.816	-0.885	-0.813	-0.814	-0.814	-0.815	-0.815	-0.815	-0.814	-0.815	-0.816	-0.857	-0.943	-0.926	-0.926	-0.918	-0.895	-0.916	-0.879	+1.192	+1.351	+5.713	+5.654	+5.647	+2.743	+4.447	+4.438	+3.028	+5.671	+3.269	-0.101	+1.147	+5.105	+5.375	+2.236	+1.054	+1.053	+5.314	+0.964	+5.359	+5.396	+1.071	+1.179	+5.277	+0.784	+0.755	+5.334	+5.332	+0.994	+4.941	+4.915	+4.839	+5.043	+5.037	+0.676	+0.145	+0.774	+0.612	+0.948	+0.600	+0.709	+0.718	+0.717	+0.717	+0.717	+0.715	+4.645	+0.677	+4.664	+4.524	+0.652	+2.078	+0.657	+4.764	+0.640	+4.534	+0.610	+0.949	+2.209	+4.665	+1.050	+1.021	+4.707	+4.768	+1.023	+0.988	+1.042	+0.660	+4.761	+2.147	+0.951	+4.815	+1.103	+1.159	+1.191	+1.113	+4.653	+1.101	+1.178	+1.089	+1.164	+1.175	+1.177	+1.180	+1.093	+1.185	+1.096	+2.222	+4.697	+4.674	+4.706	+1.890	+0.943	+0.946	+0.923	+4.409	+4.755	+4.780	+0.579	+4.815	+2.837	+0.846	+2.574	
rs7196242      -0.897	-0.735	-0.807	-0.900	-0.778	-0.778	-0.778	-0.778	-0.900	-0.784	-0.784	-0.782	-0.776	-0.775	-0.779	-0.804	-0.790	-0.776	-0.900	-0.885	-0.635	-0.900	-0.779	-0.900	-0.900	-0.900	-0.900	-0.900	-0.900	-0.900	-0.900	-0.901	-0.915	-0.956	-0.938	-0.939	-0.930	-0.907	-0.929	-0.892	+1.172	+1.330	+5.696	+5.637	+5.630	+2.725	+4.428	+4.419	+3.007	+5.649	+3.248	-0.121	+1.127	+5.082	+5.357	+2.215	+1.034	+1.033	+5.297	+0.945	+5.341	+5.379	+1.050	+1.159	+5.259	+0.766	+0.735	+5.316	+5.313	+0.973	+4.922	+4.896	+4.821	+5.024	+5.018	+0.656	+0.129	+0.760	+0.592	+0.927	+0.580	+0.689	+0.697	+0.697	+0.696	+0.697	+0.694	+4.627	+0.657	+4.646	+4.506	+0.632	+2.057	+0.636	+4.746	+0.620	+4.517	+0.590	+0.929	+2.188	+4.648	+1.029	+1.001	+4.689	+4.751	+1.003	+0.968	+1.021	+0.639	+4.744	+2.127	+0.931	+4.798	+1.083	+1.138	+1.170	+1.093	+4.636	+1.081	+1.157	+1.068	+1.144	+1.155	+1.157	+1.160	+1.073	+1.164	+1.076	+2.201	+4.679	+4.655	+4.687	+1.872	+0.923	+0.925	+0.903	+4.391	+4.738	+4.763	+0.561	+4.798	+2.819	+0.826	+2.556	
rs12325048     -0.737	-0.878	-0.893	-0.751	-0.901	-0.901	-0.901	-0.901	-0.751	-0.896	-0.896	-0.894	-0.893	-0.893	-0.901	-0.859	-0.895	-0.895	-0.748	-0.816	-0.900	-0.617	-0.900	-0.750	-0.751	-0.751	-0.751	-0.751	-0.751	-0.751	-0.751	-0.754	-0.826	-0.944	-0.928	-0.928	-0.919	-0.896	-0.918	-0.881	+1.195	+1.354	+5.722	+5.663	+5.656	+2.748	+4.455	+4.446	+3.032	+5.678	+3.273	-0.100	+1.150	+5.110	+5.382	+2.239	+1.057	+1.055	+5.322	+0.966	+5.367	+5.404	+1.073	+1.182	+5.285	+0.786	+0.757	+5.342	+5.339	+0.996	+4.948	+4.922	+4.847	+5.050	+5.044	+0.678	+0.144	+0.774	+0.614	+0.950	+0.602	+0.710	+0.719	+0.719	+0.718	+0.719	+0.716	+4.653	+0.678	+4.672	+4.532	+0.654	+2.080	+0.658	+4.772	+0.642	+4.542	+0.611	+0.951	+2.212	+4.673	+1.052	+1.023	+4.714	+4.776	+1.026	+0.991	+1.044	+0.661	+4.768	+2.151	+0.953	+4.823	+1.105	+1.161	+1.193	+1.115	+4.660	+1.103	+1.180	+1.091	+1.166	+1.177	+1.179	+1.182	+1.095	+1.187	+1.098	+2.225	+4.704	+4.681	+4.713	+1.893	+0.945	+0.947	+0.925	+4.416	+4.763	+4.787	+0.580	+4.823	+2.842	+0.848	+2.578	
rs2967848      -0.897	-0.732	-0.806	-0.900	-0.773	-0.773	-0.773	-0.774	-0.900	-0.778	-0.778	-0.776	-0.768	-0.767	-0.774	-0.802	-0.788	-0.768	-0.899	-0.885	-0.779	-0.900	-0.637	-0.900	-0.900	-0.900	-0.900	-0.900	-0.900	-0.900	-0.900	-0.900	-0.916	-0.958	-0.940	-0.940	-0.932	-0.909	-0.931	-0.894	+1.170	+1.329	+5.693	+5.634	+5.627	+2.723	+4.426	+4.417	+3.006	+5.647	+3.246	-0.122	+1.125	+5.080	+5.354	+2.213	+1.033	+1.031	+5.294	+0.943	+5.339	+5.376	+1.049	+1.157	+5.257	+0.764	+0.733	+5.313	+5.311	+0.971	+4.920	+4.894	+4.818	+5.022	+5.016	+0.654	+0.127	+0.758	+0.590	+0.925	+0.578	+0.687	+0.696	+0.696	+0.695	+0.695	+0.693	+4.625	+0.655	+4.644	+4.504	+0.630	+2.055	+0.635	+4.743	+0.618	+4.514	+0.588	+0.927	+2.186	+4.645	+1.028	+0.999	+4.687	+4.748	+1.001	+0.966	+1.020	+0.638	+4.741	+2.125	+0.929	+4.795	+1.081	+1.136	+1.168	+1.091	+4.633	+1.079	+1.155	+1.066	+1.142	+1.153	+1.155	+1.158	+1.071	+1.162	+1.074	+2.200	+4.677	+4.653	+4.685	+1.870	+0.921	+0.924	+0.901	+4.389	+4.735	+4.760	+0.559	+4.795	+2.817	+0.824	+2.554	
rs17597460     -0.728	-0.874	-0.892	-0.747	-0.900	-0.900	-0.900	-0.900	-0.747	-0.896	-0.896	-0.894	-0.894	-0.894	-0.900	-0.861	-0.893	-0.895	-0.741	-0.813	-0.900	-0.750	-0.900	-0.616	-0.751	-0.751	-0.751	-0.751	-0.751	-0.751	-0.751	-0.754	-0.822	-0.943	-0.927	-0.927	-0.918	-0.896	-0.917	-0.880	+1.196	+1.355	+5.724	+5.665	+5.658	+2.750	+4.457	+4.448	+3.034	+5.680	+3.275	-0.099	+1.151	+5.112	+5.385	+2.241	+1.058	+1.057	+5.324	+0.968	+5.369	+5.407	+1.074	+1.183	+5.287	+0.788	+0.758	+5.344	+5.342	+0.997	+4.950	+4.924	+4.849	+5.052	+5.046	+0.679	+0.146	+0.776	+0.615	+0.951	+0.603	+0.712	+0.721	+0.720	+0.719	+0.720	+0.718	+4.655	+0.680	+4.674	+4.534	+0.655	+2.082	+0.659	+4.774	+0.643	+4.544	+0.613	+0.953	+2.214	+4.675	+1.053	+1.025	+4.717	+4.778	+1.027	+0.992	+1.045	+0.662	+4.771	+2.152	+0.954	+4.826	+1.107	+1.162	+1.194	+1.117	+4.663	+1.105	+1.181	+1.092	+1.168	+1.179	+1.181	+1.184	+1.097	+1.188	+1.100	+2.226	+4.707	+4.684	+4.716	+1.895	+0.947	+0.949	+0.926	+4.418	+4.765	+4.790	+0.582	+4.825	+2.844	+0.849	+2.580	
rs28502844     -0.730	-0.875	-0.893	-0.748	-0.901	-0.901	-0.901	-0.901	-0.749	-0.896	-0.896	-0.894	-0.894	-0.893	-0.900	-0.861	-0.894	-0.895	-0.743	-0.814	-0.900	-0.751	-0.900	-0.751	-0.617	-0.750	-0.751	-0.751	-0.751	-0.750	-0.751	-0.754	-0.823	-0.944	-0.927	-0.927	-0.918	-0.896	-0.917	-0.880	+1.196	+1.355	+5.724	+5.664	+5.657	+2.749	+4.456	+4.448	+3.033	+5.680	+3.274	-0.099	+1.151	+5.111	+5.384	+2.240	+1.058	+1.056	+5.323	+0.968	+5.368	+5.406	+1.074	+1.183	+5.286	+0.788	+0.758	+5.343	+5.341	+0.997	+4.949	+4.923	+4.848	+5.051	+5.046	+0.679	+0.145	+0.775	+0.615	+0.951	+0.602	+0.711	+0.720	+0.720	+0.719	+0.719	+0.717	+4.654	+0.679	+4.673	+4.533	+0.654	+2.081	+0.659	+4.773	+0.643	+4.543	+0.612	+0.952	+2.213	+4.675	+1.053	+1.024	+4.716	+4.778	+1.027	+0.992	+1.045	+0.662	+4.770	+2.152	+0.954	+4.825	+1.106	+1.162	+1.194	+1.116	+4.662	+1.104	+1.181	+1.092	+1.167	+1.178	+1.180	+1.183	+1.096	+1.188	+1.099	+2.226	+4.706	+4.683	+4.715	+1.894	+0.946	+0.948	+0.926	+4.417	+4.764	+4.789	+0.581	+4.824	+2.843	+0.848	+2.580	
rs28631258     -0.730	-0.875	-0.893	-0.748	-0.901	-0.901	-0.901	-0.901	-0.749	-0.896	-0.896	-0.894	-0.894	-0.894	-0.900	-0.861	-0.894	-0.895	-0.743	-0.814	-0.900	-0.751	-0.900	-0.751	-0.750	-0.617	-0.751	-0.751	-0.751	-0.750	-0.751	-0.754	-0.823	-0.944	-0.927	-0.927	-0.918	-0.896	-0.917	-0.880	+1.196	+1.355	+5.724	+5.664	+5.657	+2.749	+4.456	+4.448	+3.033	+5.680	+3.274	-0.099	+1.151	+5.111	+5.384	+2.240	+1.058	+1.056	+5.324	+0.968	+5.368	+5.406	+1.074	+1.183	+5.286	+0.788	+0.758	+5.343	+5.341	+0.997	+4.949	+4.923	+4.848	+5.051	+5.046	+0.679	+0.145	+0.775	+0.615	+0.951	+0.602	+0.711	+0.720	+0.720	+0.719	+0.719	+0.717	+4.654	+0.679	+4.673	+4.533	+0.654	+2.081	+0.659	+4.773	+0.643	+4.543	+0.612	+0.952	+2.213	+4.675	+1.053	+1.024	+4.716	+4.778	+1.027	+0.992	+1.045	+0.662	+4.770	+2.152	+0.954	+4.825	+1.106	+1.162	+1.194	+1.116	+4.662	+1.104	+1.181	+1.092	+1.167	+1.178	+1.180	+1.183	+1.096	+1.188	+1.099	+2.226	+4.706	+4.683	+4.715	+1.894	+0.946	+0.948	+0.926	+4.418	+4.764	+4.789	+0.581	+4.824	+2.843	+0.849	+2.580	
rs17825992     -0.735	-0.877	-0.893	-0.751	-0.901	-0.901	-0.901	-0.901	-0.750	-0.896	-0.896	-0.894	-0.893	-0.893	-0.901	-0.860	-0.894	-0.895	-0.746	-0.815	-0.900	-0.751	-0.900	-0.751	-0.751	-0.751	-0.617	-0.751	-0.751	-0.751	-0.751	-0.754	-0.825	-0.944	-0.927	-0.927	-0.919	-0.896	-0.917	-0.881	+1.195	+1.354	+5.723	+5.663	+5.656	+2.748	+4.455	+4.447	+3.033	+5.679	+3.274	-0.100	+1.150	+5.111	+5.383	+2.240	+1.057	+1.056	+5.323	+0.967	+5.367	+5.405	+1.073	+1.182	+5.285	+0.787	+0.757	+5.342	+5.340	+0.996	+4.948	+4.922	+4.847	+5.050	+5.045	+0.678	+0.145	+0.774	+0.614	+0.950	+0.602	+0.711	+0.720	+0.719	+0.718	+0.719	+0.717	+4.653	+0.679	+4.672	+4.532	+0.654	+2.081	+0.658	+4.772	+0.642	+4.542	+0.612	+0.952	+2.213	+4.674	+1.052	+1.024	+4.715	+4.777	+1.026	+0.991	+1.044	+0.661	+4.769	+2.151	+0.953	+4.824	+1.106	+1.161	+1.193	+1.116	+4.661	+1.104	+1.180	+1.091	+1.167	+1.178	+1.180	+1.183	+1.096	+1.187	+1.099	+2.225	+4.705	+4.682	+4.714	+1.894	+0.946	+0.948	+0.925	+4.417	+4.763	+4.788	+0.581	+4.823	+2.842	+0.848	+2.579	
rs57022515     -0.735	-0.876	-0.893	-0.751	-0.901	-0.901	-0.901	-0.901	-0.750	-0.896	-0.896	-0.894	-0.893	-0.893	-0.901	-0.860	-0.894	-0.895	-0.746	-0.815	-0.900	-0.751	-0.900	-0.751	-0.751	-0.751	-0.751	-0.617	-0.751	-0.751	-0.751	-0.754	-0.824	-0.944	-0.927	-0.927	-0.919	-0.896	-0.917	-0.881	+1.195	+1.354	+5.723	+5.663	+5.656	+2.748	+4.455	+4.447	+3.033	+5.679	+3.274	-0.099	+1.150	+5.111	+5.383	+2.240	+1.057	+1.056	+5.323	+0.967	+5.367	+5.405	+1.073	+1.182	+5.285	+0.787	+0.757	+5.342	+5.340	+0.996	+4.948	+4.923	+4.847	+5.050	+5.045	+0.678	+0.145	+0.774	+0.614	+0.950	+0.602	+0.711	+0.720	+0.719	+0.718	+0.719	+0.717	+4.653	+0.679	+4.672	+4.532	+0.654	+2.081	+0.658	+4.772	+0.642	+4.542	+0.612	+0.952	+2.213	+4.674	+1.052	+1.024	+4.715	+4.777	+1.026	+0.991	+1.044	+0.661	+4.769	+2.151	+0.953	+4.824	+1.106	+1.161	+1.193	+1.116	+4.661	+1.104	+1.180	+1.091	+1.167	+1.178	+1.180	+1.183	+1.096	+1.187	+1.099	+2.225	+4.705	+4.682	+4.714	+1.894	+0.946	+0.948	+0.925	+4.417	+4.763	+4.788	+0.581	+4.823	+2.842	+0.848	+2.579	
rs17825998     -0.735	-0.876	-0.893	-0.751	-0.901	-0.901	-0.901	-0.901	-0.750	-0.896	-0.896	-0.894	-0.893	-0.893	-0.901	-0.860	-0.894	-0.895	-0.746	-0.815	-0.900	-0.751	-0.900	-0.751	-0.751	-0.751	-0.751	-0.751	-0.617	-0.751	-0.751	-0.754	-0.824	-0.944	-0.927	-0.927	-0.919	-0.896	-0.917	-0.881	+1.195	+1.354	+5.723	+5.664	+5.656	+2.748	+4.455	+4.447	+3.033	+5.679	+3.274	-0.099	+1.150	+5.111	+5.383	+2.240	+1.057	+1.056	+5.323	+0.967	+5.367	+5.405	+1.073	+1.182	+5.285	+0.787	+0.757	+5.342	+5.340	+0.996	+4.948	+4.923	+4.847	+5.050	+5.045	+0.678	+0.145	+0.774	+0.614	+0.950	+0.602	+0.711	+0.720	+0.719	+0.719	+0.719	+0.717	+4.653	+0.679	+4.672	+4.532	+0.654	+2.081	+0.658	+4.772	+0.642	+4.542	+0.612	+0.952	+2.213	+4.674	+1.052	+1.024	+4.715	+4.777	+1.026	+0.991	+1.044	+0.661	+4.769	+2.151	+0.953	+4.824	+1.106	+1.161	+1.193	+1.116	+4.661	+1.104	+1.180	+1.091	+1.167	+1.178	+1.180	+1.183	+1.096	+1.187	+1.099	+2.225	+4.705	+4.682	+4.714	+1.894	+0.946	+0.948	+0.925	+4.417	+4.763	+4.788	+0.581	+4.823	+2.842	+0.848	+2.579	
rs28520743     -0.729	-0.875	-0.893	-0.748	-0.901	-0.901	-0.901	-0.901	-0.748	-0.896	-0.896	-0.894	-0.894	-0.894	-0.900	-0.861	-0.894	-0.895	-0.742	-0.814	-0.900	-0.751	-0.900	-0.751	-0.750	-0.750	-0.751	-0.751	-0.751	-0.617	-0.751	-0.754	-0.822	-0.943	-0.927	-0.927	-0.918	-0.896	-0.917	-0.880	+1.196	+1.355	+5.724	+5.665	+5.658	+2.749	+4.456	+4.448	+3.033	+5.680	+3.275	-0.099	+1.151	+5.112	+5.384	+2.240	+1.058	+1.057	+5.324	+0.968	+5.369	+5.406	+1.074	+1.183	+5.286	+0.788	+0.758	+5.344	+5.341	+0.997	+4.950	+4.924	+4.849	+5.051	+5.046	+0.679	+0.145	+0.775	+0.615	+0.951	+0.603	+0.711	+0.720	+0.720	+0.719	+0.720	+0.717	+4.655	+0.679	+4.673	+4.533	+0.655	+2.082	+0.659	+4.774	+0.643	+4.544	+0.612	+0.952	+2.213	+4.675	+1.053	+1.024	+4.716	+4.778	+1.027	+0.992	+1.045	+0.662	+4.770	+2.152	+0.954	+4.825	+1.106	+1.162	+1.194	+1.116	+4.662	+1.105	+1.181	+1.092	+1.167	+1.179	+1.180	+1.184	+1.097	+1.188	+1.099	+2.226	+4.706	+4.683	+4.715	+1.894	+0.946	+0.949	+0.926	+4.418	+4.764	+4.789	+0.582	+4.824	+2.843	+0.849	+2.580	
rs12325159     -0.733	-0.876	-0.893	-0.750	-0.901	-0.901	-0.901	-0.901	-0.750	-0.896	-0.896	-0.894	-0.893	-0.893	-0.901	-0.860	-0.894	-0.895	-0.745	-0.815	-0.900	-0.751	-0.900	-0.751	-0.751	-0.751	-0.751	-0.751	-0.751	-0.751	-0.617	-0.754	-0.824	-0.944	-0.927	-0.927	-0.919	-0.896	-0.917	-0.880	+1.195	+1.354	+5.723	+5.664	+5.657	+2.749	+4.456	+4.447	+3.033	+5.679	+3.274	-0.099	+1.150	+5.111	+5.383	+2.240	+1.058	+1.056	+5.323	+0.967	+5.368	+5.405	+1.074	+1.182	+5.286	+0.787	+0.757	+5.343	+5.340	+0.996	+4.949	+4.923	+4.848	+5.051	+5.045	+0.679	+0.145	+0.775	+0.614	+0.950	+0.602	+0.711	+0.720	+0.720	+0.719	+0.719	+0.717	+4.654	+0.679	+4.673	+4.533	+0.654	+2.081	+0.659	+4.773	+0.642	+4.543	+0.612	+0.952	+2.213	+4.674	+1.053	+1.024	+4.715	+4.777	+1.026	+0.991	+1.044	+0.662	+4.769	+2.152	+0.954	+4.824	+1.106	+1.161	+1.193	+1.116	+4.661	+1.104	+1.180	+1.091	+1.167	+1.178	+1.180	+1.183	+1.096	+1.187	+1.099	+2.226	+4.705	+4.682	+4.714	+1.894	+0.946	+0.948	+0.925	+4.417	+4.764	+4.789	+0.581	+4.824	+2.843	+0.848	+2.579	
rs12325555     -0.739	-0.877	-0.894	-0.754	-0.901	-0.901	-0.901	-0.901	-0.753	-0.896	-0.896	-0.895	-0.894	-0.894	-0.901	-0.860	-0.895	-0.896	-0.749	-0.816	-0.901	-0.754	-0.900	-0.754	-0.754	-0.754	-0.754	-0.754	-0.754	-0.754	-0.754	-0.617	-0.824	-0.944	-0.927	-0.927	-0.919	-0.896	-0.917	-0.881	+1.195	+1.354	+5.723	+5.664	+5.657	+2.749	+4.456	+4.447	+3.033	+5.679	+3.274	-0.099	+1.150	+5.111	+5.384	+2.240	+1.058	+1.056	+5.323	+0.967	+5.368	+5.405	+1.074	+1.182	+5.286	+0.787	+0.757	+5.343	+5.341	+0.996	+4.949	+4.923	+4.848	+5.051	+5.045	+0.679	+0.145	+0.775	+0.614	+0.950	+0.602	+0.711	+0.720	+0.720	+0.719	+0.719	+0.717	+4.654	+0.679	+4.673	+4.533	+0.654	+2.081	+0.659	+4.773	+0.642	+4.543	+0.612	+0.952	+2.213	+4.674	+1.053	+1.024	+4.716	+4.777	+1.026	+0.991	+1.044	+0.662	+4.770	+2.152	+0.954	+4.825	+1.106	+1.161	+1.193	+1.116	+4.662	+1.104	+1.180	+1.091	+1.167	+1.178	+1.180	+1.183	+1.096	+1.187	+1.099	+2.226	+4.705	+4.682	+4.715	+1.894	+0.946	+0.948	+0.925	+4.417	+4.764	+4.789	+0.581	+4.824	+2.843	+0.848	+2.579	
rs2288584      -0.841	-0.922	-0.916	-0.833	-0.920	-0.920	-0.920	-0.919	-0.832	-0.908	-0.908	-0.904	-0.904	-0.904	-0.918	-0.841	-0.919	-0.906	-0.835	-0.857	-0.915	-0.826	-0.916	-0.822	-0.823	-0.823	-0.825	-0.824	-0.824	-0.822	-0.824	-0.824	-0.605	-0.932	-0.915	-0.915	-0.907	-0.884	-0.905	-0.868	+1.204	+1.363	+5.725	+5.665	+5.659	+2.753	+4.458	+4.449	+3.041	+5.684	+3.282	-0.090	+1.159	+5.118	+5.386	+2.248	+1.066	+1.064	+5.325	+0.975	+5.370	+5.408	+1.082	+1.191	+5.288	+0.794	+0.767	+5.345	+5.343	+1.005	+4.952	+4.926	+4.849	+5.054	+5.048	+0.688	+0.154	+0.783	+0.624	+0.960	+0.612	+0.721	+0.730	+0.729	+0.728	+0.729	+0.727	+4.657	+0.689	+4.675	+4.535	+0.664	+2.090	+0.668	+4.775	+0.652	+4.545	+0.622	+0.961	+2.220	+4.676	+1.062	+1.033	+4.718	+4.779	+1.035	+1.000	+1.053	+0.671	+4.772	+2.159	+0.963	+4.826	+1.115	+1.171	+1.202	+1.125	+4.664	+1.113	+1.190	+1.100	+1.176	+1.187	+1.189	+1.192	+1.105	+1.197	+1.108	+2.234	+4.708	+4.685	+4.717	+1.900	+0.955	+0.957	+0.935	+4.420	+4.766	+4.791	+0.589	+4.826	+2.848	+0.858	+2.585	
rs2914842      -0.948	-0.966	-0.961	-0.946	-0.960	-0.960	-0.960	-0.960	-0.946	-0.953	-0.953	-0.950	-0.952	-0.952	-0.959	-0.781	-0.960	-0.953	-0.946	-0.943	-0.956	-0.944	-0.958	-0.943	-0.944	-0.944	-0.944	-0.944	-0.944	-0.943	-0.944	-0.944	-0.932	-0.474	-0.584	-0.584	-0.621	-0.577	-0.616	-0.599	+1.356	+1.516	+5.873	+5.814	+5.807	+2.897	+4.646	+4.635	+3.201	+5.853	+3.445	+0.055	+1.308	+5.277	+5.530	+2.401	+1.215	+1.214	+5.468	+1.111	+5.514	+5.551	+1.231	+1.341	+5.433	+0.941	+0.915	+5.492	+5.489	+1.157	+5.098	+5.072	+4.990	+5.200	+5.194	+0.836	+0.275	+0.901	+0.774	+1.110	+0.762	+0.872	+0.881	+0.880	+0.879	+0.880	+0.877	+4.803	+0.839	+4.821	+4.681	+0.814	+2.246	+0.818	+4.921	+0.802	+4.690	+0.771	+1.111	+2.368	+4.822	+1.211	+1.182	+4.865	+4.926	+1.185	+1.149	+1.203	+0.821	+4.919	+2.307	+1.112	+4.974	+1.266	+1.322	+1.354	+1.276	+4.811	+1.264	+1.341	+1.251	+1.328	+1.339	+1.341	+1.344	+1.256	+1.348	+1.259	+2.382	+4.854	+4.849	+4.882	+2.057	+1.104	+1.106	+1.083	+4.569	+4.912	+4.937	+0.730	+4.971	+2.997	+1.006	+2.732	
rs2914843      -0.931	-0.949	-0.944	-0.929	-0.943	-0.943	-0.943	-0.942	-0.929	-0.936	-0.936	-0.933	-0.935	-0.934	-0.942	-0.760	-0.944	-0.935	-0.930	-0.926	-0.938	-0.928	-0.940	-0.927	-0.927	-0.927	-0.927	-0.927	-0.927	-0.927	-0.927	-0.927	-0.915	-0.584	-0.456	-0.575	-0.622	-0.588	-0.617	-0.607	+1.379	+1.539	+5.896	+5.837	+5.830	+2.918	+4.674	+4.662	+3.226	+5.880	+3.470	+0.077	+1.331	+5.302	+5.552	+2.424	+1.238	+1.236	+5.489	+1.131	+5.535	+5.573	+1.254	+1.364	+5.455	+0.963	+0.938	+5.514	+5.511	+1.180	+5.120	+5.094	+5.011	+5.222	+5.216	+0.859	+0.291	+0.916	+0.797	+1.133	+0.785	+0.894	+0.903	+0.903	+0.902	+0.903	+0.900	+4.826	+0.862	+4.843	+4.704	+0.837	+2.271	+0.841	+4.943	+0.825	+4.712	+0.794	+1.134	+2.390	+4.845	+1.234	+1.204	+4.888	+4.949	+1.207	+1.171	+1.226	+0.844	+4.941	+2.330	+1.135	+4.997	+1.289	+1.345	+1.378	+1.299	+4.833	+1.287	+1.364	+1.274	+1.351	+1.362	+1.364	+1.367	+1.279	+1.371	+1.282	+2.404	+4.876	+4.874	+4.907	+2.080	+1.126	+1.129	+1.106	+4.592	+4.934	+4.959	+0.751	+4.993	+3.019	+1.028	+2.754	
rs2914844      -0.931	-0.949	-0.944	-0.929	-0.943	-0.943	-0.943	-0.943	-0.929	-0.936	-0.936	-0.933	-0.935	-0.935	-0.942	-0.760	-0.944	-0.935	-0.930	-0.926	-0.939	-0.928	-0.940	-0.927	-0.927	-0.927	-0.927	-0.927	-0.927	-0.927	-0.927	-0.927	-0.915	-0.584	-0.575	-0.456	-0.622	-0.587	-0.617	-0.607	+1.379	+1.539	+5.896	+5.836	+5.830	+2.918	+4.673	+4.662	+3.226	+5.880	+3.470	+0.077	+1.331	+5.302	+5.552	+2.424	+1.238	+1.236	+5.489	+1.131	+5.535	+5.573	+1.254	+1.364	+5.455	+0.963	+0.938	+5.514	+5.511	+1.180	+5.120	+5.094	+5.011	+5.222	+5.216	+0.858	+0.291	+0.916	+0.797	+1.133	+0.785	+0.894	+0.903	+0.903	+0.902	+0.903	+0.900	+4.826	+0.862	+4.843	+4.704	+0.836	+2.271	+0.841	+4.943	+0.824	+4.712	+0.794	+1.134	+2.390	+4.845	+1.234	+1.204	+4.887	+4.949	+1.207	+1.171	+1.225	+0.843	+4.941	+2.330	+1.135	+4.997	+1.289	+1.345	+1.377	+1.299	+4.833	+1.287	+1.364	+1.274	+1.351	+1.361	+1.364	+1.367	+1.278	+1.371	+1.282	+2.404	+4.876	+4.874	+4.907	+2.080	+1.126	+1.128	+1.106	+4.592	+4.934	+4.959	+0.751	+4.993	+3.019	+1.028	+2.754	
rs2967875      -0.922	-0.941	-0.936	-0.921	-0.935	-0.935	-0.934	-0.934	-0.921	-0.928	-0.928	-0.924	-0.926	-0.926	-0.934	-0.752	-0.935	-0.927	-0.921	-0.918	-0.930	-0.919	-0.932	-0.918	-0.918	-0.918	-0.919	-0.919	-0.919	-0.918	-0.919	-0.919	-0.907	-0.621	-0.622	-0.622	-0.447	-0.552	-0.584	-0.591	+1.395	+1.556	+5.924	+5.864	+5.857	+2.944	+4.704	+4.692	+3.239	+5.905	+3.484	+0.091	+1.347	+5.324	+5.578	+2.437	+1.253	+1.252	+5.514	+1.145	+5.561	+5.599	+1.270	+1.380	+5.481	+0.980	+0.953	+5.540	+5.537	+1.195	+5.145	+5.120	+5.035	+5.247	+5.241	+0.873	+0.302	+0.927	+0.812	+1.148	+0.800	+0.910	+0.919	+0.918	+0.918	+0.918	+0.916	+4.851	+0.877	+4.868	+4.728	+0.852	+2.283	+0.856	+4.969	+0.840	+4.737	+0.809	+1.149	+2.401	+4.870	+1.249	+1.219	+4.913	+4.975	+1.222	+1.186	+1.241	+0.859	+4.967	+2.341	+1.150	+5.023	+1.304	+1.360	+1.393	+1.315	+4.859	+1.303	+1.380	+1.289	+1.366	+1.377	+1.379	+1.382	+1.294	+1.387	+1.297	+2.415	+4.902	+4.901	+4.935	+2.096	+1.141	+1.143	+1.120	+4.618	+4.960	+4.985	+0.767	+5.019	+3.046	+1.043	+2.780	
rs2967874      -0.900	-0.918	-0.913	-0.898	-0.911	-0.911	-0.911	-0.911	-0.898	-0.905	-0.904	-0.901	-0.903	-0.903	-0.911	-0.726	-0.912	-0.904	-0.899	-0.895	-0.907	-0.896	-0.909	-0.896	-0.896	-0.896	-0.896	-0.896	-0.896	-0.896	-0.896	-0.896	-0.884	-0.577	-0.588	-0.587	-0.552	-0.423	-0.550	-0.584	+1.424	+1.585	+5.951	+5.891	+5.885	+2.970	+4.737	+4.724	+3.270	+5.936	+3.514	+0.119	+1.375	+5.352	+5.603	+2.466	+1.281	+1.280	+5.540	+1.171	+5.587	+5.624	+1.298	+1.408	+5.507	+1.007	+0.981	+5.566	+5.563	+1.224	+5.171	+5.146	+5.060	+5.273	+5.267	+0.901	+0.324	+0.948	+0.840	+1.177	+0.828	+0.938	+0.947	+0.947	+0.946	+0.946	+0.944	+4.878	+0.906	+4.895	+4.755	+0.880	+2.312	+0.884	+4.996	+0.868	+4.764	+0.837	+1.178	+2.429	+4.897	+1.277	+1.247	+4.940	+5.002	+1.250	+1.214	+1.269	+0.887	+4.994	+2.369	+1.178	+5.050	+1.333	+1.389	+1.421	+1.343	+4.886	+1.331	+1.408	+1.317	+1.395	+1.405	+1.408	+1.411	+1.322	+1.415	+1.325	+2.443	+4.929	+4.931	+4.964	+2.126	+1.169	+1.171	+1.148	+4.645	+4.987	+5.012	+0.794	+5.046	+3.073	+1.070	+2.807	
