## Summary of overall evidence for association with region:
## log10(BF for region) = -0.511406
## p-value for region = NA

## BFs for choosing among multi-SNP models:
## log10(average 1-SNP BF) = -0.434216
## log10(average 2-SNP BF) = -0.72538

## Example posterior probabilities for multi-SNP models, based on default prior: [p(l) propto 0.5^l for l=1,2,...,L]
## posterior probability of 1-SNP = 0.79634
## posterior probability of 2-SNP = 0.20366

## log10(BF) for single SNP and pair of SNPs:
rs878554       -0.557	-0.690	-0.698	-0.698	-0.691	-0.784	-0.786	-0.786	-0.855	-0.902	-0.891	-0.936	-0.952	-0.937	-0.936	-0.936	-0.952	-0.936	-0.937	-0.901	-0.948	-1.018	-1.059	-0.827	-1.059	-1.059	-1.059	-1.059	-0.823	-1.060	-1.058	-1.058	-0.945	-1.060	-1.060	-1.018	-1.058	-0.854	-0.079	-1.060	-1.017	-0.958	-1.004	-0.902	-0.424	-0.934	-0.963	-1.007	-0.973	-1.014	-0.960	-1.005	-0.861	-0.975	-1.003	-0.883	-1.000	-0.871	-0.875	-0.468	-0.870	-1.004	-0.962	-1.019	-1.003	-0.846	-0.962	-1.003	-1.019	-0.850	-1.014	-1.014	-1.014	-1.011	-0.827	-0.974	-0.975	-1.057	-1.057	-0.430	-1.057	-1.056	-0.851	-1.057	-1.021	-0.846	-1.056	-0.845	-1.003	-0.821	-0.881	-0.874	-0.826	-0.960	-0.983	-0.984	-0.985	-0.986	-0.986	-0.468	-0.927	-0.470	-0.456	-0.981	-0.989	-0.987	-0.982	-0.474	-0.989	-1.053	-1.055	-0.989	-1.054	-1.055	-0.845	-1.054	-0.989	-1.054	-0.923	-0.825	-0.896	-0.967	-0.804	-0.973	-0.805	-0.807	-0.951	-0.987	-0.993	-0.799	-0.482	-0.934	-1.058	-0.806	-0.792	-0.988	-0.988	-0.791	-0.988	-0.779	-0.928	-1.054	-0.963	-0.776	-0.699	-0.698	-1.004	-0.990	-0.988	-0.772	-0.988	-0.873	-0.990	-0.968	-0.663	-0.661	-0.989	-0.893	-0.756	-0.975	-0.820	-0.989	-0.758	-0.493	-0.988	-0.480	-0.885	-0.856	-0.866	-0.990	-0.887	-0.785	-0.898	-0.796	-0.989	-0.790	-0.794	-1.055	-1.056	-0.892	-0.896	-0.798	-0.778	-0.888	-0.953	-0.979	-0.319	-0.311	
rs11621051     -0.690	-0.558	-0.698	-0.697	-0.688	-0.786	-0.788	-0.788	-0.856	-0.903	-0.892	-0.937	-0.952	-0.938	-0.938	-0.937	-0.953	-0.937	-0.938	-0.901	-0.949	-1.019	-1.060	-0.828	-1.060	-1.060	-1.060	-1.060	-0.824	-1.061	-1.059	-1.059	-0.946	-1.061	-1.061	-1.019	-1.059	-0.855	-0.080	-1.061	-1.018	-0.959	-1.005	-0.902	-0.425	-0.935	-0.964	-1.008	-0.974	-1.015	-0.961	-1.006	-0.862	-0.976	-1.004	-0.884	-1.001	-0.872	-0.876	-0.468	-0.871	-1.005	-0.963	-1.020	-1.004	-0.847	-0.963	-1.004	-1.020	-0.851	-1.015	-1.015	-1.015	-1.012	-0.828	-0.975	-0.976	-1.058	-1.058	-0.431	-1.058	-1.057	-0.852	-1.058	-1.022	-0.847	-1.057	-0.846	-1.004	-0.822	-0.882	-0.876	-0.826	-0.961	-0.984	-0.985	-0.986	-0.987	-0.987	-0.468	-0.928	-0.470	-0.457	-0.982	-0.990	-0.988	-0.983	-0.475	-0.990	-1.054	-1.056	-0.990	-1.055	-1.056	-0.846	-1.055	-0.990	-1.055	-0.924	-0.826	-0.897	-0.968	-0.805	-0.974	-0.806	-0.807	-0.953	-0.988	-0.994	-0.800	-0.482	-0.936	-1.059	-0.807	-0.793	-0.989	-0.989	-0.792	-0.989	-0.780	-0.929	-1.055	-0.964	-0.777	-0.699	-0.699	-1.005	-0.991	-0.989	-0.773	-0.989	-0.874	-0.990	-0.968	-0.664	-0.662	-0.990	-0.894	-0.756	-0.976	-0.821	-0.990	-0.759	-0.494	-0.989	-0.481	-0.886	-0.857	-0.867	-0.991	-0.888	-0.785	-0.899	-0.797	-0.990	-0.791	-0.795	-1.056	-1.057	-0.893	-0.898	-0.798	-0.778	-0.890	-0.954	-0.980	-0.319	-0.311	
rs12432536     -0.698	-0.698	-0.564	-0.694	-0.704	-0.796	-0.798	-0.798	-0.861	-0.908	-0.897	-0.943	-0.957	-0.944	-0.943	-0.943	-0.958	-0.943	-0.944	-0.903	-0.954	-1.025	-1.066	-0.834	-1.066	-1.066	-1.066	-1.066	-0.829	-1.067	-1.065	-1.065	-0.951	-1.067	-1.067	-1.025	-1.065	-0.858	-0.080	-1.067	-1.024	-0.964	-1.011	-0.907	-0.427	-0.940	-0.970	-1.013	-0.980	-1.021	-0.967	-1.012	-0.867	-0.982	-1.010	-0.889	-1.007	-0.877	-0.882	-0.471	-0.876	-1.011	-0.968	-1.026	-1.010	-0.851	-0.968	-1.010	-1.026	-0.856	-1.021	-1.021	-1.020	-1.017	-0.833	-0.981	-0.982	-1.063	-1.064	-0.433	-1.064	-1.063	-0.856	-1.063	-1.027	-0.852	-1.063	-0.851	-1.010	-0.828	-0.886	-0.882	-0.830	-0.965	-0.989	-0.990	-0.991	-0.992	-0.992	-0.471	-0.932	-0.473	-0.459	-0.988	-0.995	-0.993	-0.989	-0.477	-0.995	-1.059	-1.061	-0.995	-1.061	-1.061	-0.852	-1.061	-0.995	-1.061	-0.928	-0.830	-0.903	-0.975	-0.809	-0.980	-0.810	-0.812	-0.959	-0.993	-1.000	-0.804	-0.485	-0.942	-1.065	-0.811	-0.797	-0.994	-0.994	-0.796	-0.994	-0.784	-0.936	-1.061	-0.968	-0.781	-0.703	-0.703	-1.010	-0.996	-0.995	-0.777	-0.994	-0.881	-0.996	-0.973	-0.668	-0.666	-0.995	-0.901	-0.760	-0.980	-0.827	-0.995	-0.763	-0.496	-0.995	-0.483	-0.890	-0.861	-0.870	-0.996	-0.891	-0.789	-0.906	-0.801	-0.996	-0.795	-0.799	-1.061	-1.063	-0.900	-0.905	-0.802	-0.782	-0.897	-0.957	-0.987	-0.321	-0.313	
rs11622657     -0.698	-0.697	-0.694	-0.564	-0.704	-0.797	-0.799	-0.799	-0.861	-0.909	-0.897	-0.944	-0.957	-0.944	-0.944	-0.944	-0.958	-0.944	-0.944	-0.903	-0.954	-1.025	-1.067	-0.835	-1.067	-1.067	-1.067	-1.067	-0.829	-1.068	-1.065	-1.065	-0.952	-1.068	-1.068	-1.026	-1.066	-0.858	-0.080	-1.067	-1.025	-0.965	-1.012	-0.907	-0.427	-0.940	-0.970	-1.014	-0.980	-1.022	-0.967	-1.013	-0.867	-0.982	-1.011	-0.889	-1.008	-0.878	-0.882	-0.471	-0.876	-1.012	-0.969	-1.027	-1.010	-0.852	-0.969	-1.011	-1.027	-0.857	-1.022	-1.021	-1.021	-1.018	-0.834	-0.981	-0.982	-1.064	-1.064	-0.433	-1.065	-1.064	-0.857	-1.064	-1.027	-0.852	-1.063	-0.851	-1.011	-0.829	-0.887	-0.882	-0.831	-0.965	-0.990	-0.991	-0.991	-0.992	-0.993	-0.471	-0.932	-0.473	-0.459	-0.988	-0.996	-0.994	-0.989	-0.478	-0.995	-1.060	-1.062	-0.996	-1.061	-1.062	-0.853	-1.061	-0.996	-1.061	-0.928	-0.830	-0.903	-0.976	-0.809	-0.981	-0.810	-0.812	-0.960	-0.993	-1.001	-0.804	-0.485	-0.943	-1.065	-0.812	-0.798	-0.995	-0.995	-0.796	-0.995	-0.784	-0.937	-1.062	-0.969	-0.781	-0.704	-0.703	-1.010	-0.997	-0.995	-0.777	-0.994	-0.881	-0.997	-0.974	-0.668	-0.666	-0.996	-0.902	-0.761	-0.981	-0.827	-0.995	-0.763	-0.496	-0.995	-0.483	-0.890	-0.861	-0.870	-0.997	-0.892	-0.790	-0.907	-0.801	-0.996	-0.795	-0.799	-1.062	-1.064	-0.901	-0.905	-0.803	-0.783	-0.897	-0.957	-0.988	-0.321	-0.313	
rs8013057      -0.691	-0.688	-0.704	-0.704	-0.561	-0.792	-0.793	-0.793	-0.859	-0.906	-0.895	-0.941	-0.955	-0.941	-0.941	-0.941	-0.956	-0.941	-0.941	-0.902	-0.952	-1.022	-1.064	-0.832	-1.064	-1.064	-1.064	-1.064	-0.827	-1.065	-1.062	-1.062	-0.949	-1.065	-1.065	-1.023	-1.062	-0.856	-0.080	-1.065	-1.022	-0.962	-1.009	-0.905	-0.426	-0.938	-0.967	-1.011	-0.977	-1.019	-0.964	-1.010	-0.865	-0.980	-1.008	-0.887	-1.005	-0.875	-0.880	-0.469	-0.874	-1.009	-0.966	-1.024	-1.007	-0.849	-0.966	-1.008	-1.024	-0.854	-1.019	-1.019	-1.018	-1.015	-0.831	-0.978	-0.979	-1.061	-1.061	-0.432	-1.062	-1.061	-0.854	-1.061	-1.025	-0.850	-1.060	-0.849	-1.008	-0.826	-0.884	-0.879	-0.829	-0.963	-0.987	-0.988	-0.989	-0.990	-0.990	-0.470	-0.930	-0.471	-0.458	-0.986	-0.993	-0.991	-0.986	-0.476	-0.993	-1.057	-1.059	-0.993	-1.059	-1.059	-0.850	-1.059	-0.993	-1.059	-0.926	-0.828	-0.900	-0.972	-0.807	-0.978	-0.808	-0.810	-0.957	-0.991	-0.998	-0.802	-0.483	-0.940	-1.062	-0.810	-0.796	-0.992	-0.992	-0.794	-0.992	-0.782	-0.933	-1.059	-0.966	-0.779	-0.702	-0.701	-1.008	-0.994	-0.993	-0.775	-0.992	-0.878	-0.994	-0.971	-0.666	-0.664	-0.993	-0.899	-0.759	-0.978	-0.824	-0.993	-0.761	-0.495	-0.993	-0.482	-0.888	-0.859	-0.869	-0.994	-0.890	-0.788	-0.903	-0.799	-0.993	-0.793	-0.797	-1.059	-1.061	-0.897	-0.902	-0.801	-0.781	-0.894	-0.956	-0.984	-0.320	-0.312	
rs12147759     -0.784	-0.786	-0.796	-0.797	-0.792	-0.507	-0.631	-0.631	-0.806	-0.848	-0.832	-0.890	-0.900	-0.891	-0.890	-0.890	-0.900	-0.890	-0.891	-0.835	-0.896	-0.968	-1.013	-0.783	-1.013	-1.013	-1.013	-1.013	-0.773	-1.014	-1.012	-1.012	-0.895	-1.014	-1.014	-0.969	-1.012	-0.797	-0.015	-1.014	-0.968	-0.908	-0.956	-0.847	-0.364	-0.881	-0.914	-0.957	-0.927	-0.966	-0.914	-0.957	-0.810	-0.927	-0.955	-0.832	-0.954	-0.821	-0.825	-0.408	-0.819	-0.956	-0.916	-0.973	-0.955	-0.795	-0.916	-0.955	-0.973	-0.800	-0.967	-0.966	-0.966	-0.962	-0.776	-0.928	-0.929	-1.010	-1.010	-0.370	-1.011	-1.010	-0.800	-1.010	-0.970	-0.795	-1.010	-0.794	-0.955	-0.776	-0.829	-0.830	-0.772	-0.906	-0.931	-0.932	-0.933	-0.934	-0.935	-0.408	-0.872	-0.410	-0.396	-0.935	-0.938	-0.936	-0.936	-0.415	-0.938	-1.005	-1.007	-0.938	-1.007	-1.007	-0.801	-1.007	-0.938	-1.007	-0.868	-0.771	-0.844	-0.922	-0.750	-0.927	-0.751	-0.753	-0.907	-0.935	-0.944	-0.744	-0.422	-0.890	-1.011	-0.752	-0.738	-0.937	-0.937	-0.737	-0.938	-0.724	-0.884	-1.007	-0.909	-0.721	-0.644	-0.643	-0.956	-0.940	-0.938	-0.717	-0.937	-0.828	-0.940	-0.917	-0.607	-0.605	-0.939	-0.849	-0.701	-0.922	-0.773	-0.939	-0.703	-0.434	-0.939	-0.421	-0.826	-0.796	-0.805	-0.941	-0.827	-0.730	-0.854	-0.742	-0.940	-0.735	-0.739	-1.008	-1.011	-0.848	-0.853	-0.743	-0.723	-0.845	-0.896	-0.935	-0.257	-0.249	
rs12147752     -0.786	-0.788	-0.798	-0.799	-0.793	-0.631	-0.506	-0.630	-0.806	-0.848	-0.832	-0.889	-0.900	-0.890	-0.889	-0.889	-0.900	-0.889	-0.890	-0.836	-0.896	-0.968	-1.012	-0.782	-1.012	-1.012	-1.012	-1.012	-0.772	-1.013	-1.011	-1.011	-0.895	-1.013	-1.013	-0.968	-1.011	-0.797	-0.015	-1.013	-0.967	-0.908	-0.955	-0.847	-0.364	-0.881	-0.914	-0.957	-0.927	-0.965	-0.913	-0.956	-0.810	-0.926	-0.954	-0.832	-0.953	-0.820	-0.824	-0.408	-0.819	-0.955	-0.915	-0.972	-0.954	-0.794	-0.915	-0.954	-0.972	-0.799	-0.966	-0.965	-0.965	-0.961	-0.776	-0.928	-0.929	-1.009	-1.009	-0.370	-1.010	-1.010	-0.799	-1.010	-0.970	-0.795	-1.009	-0.793	-0.954	-0.775	-0.828	-0.829	-0.772	-0.906	-0.931	-0.932	-0.932	-0.934	-0.934	-0.408	-0.872	-0.410	-0.396	-0.934	-0.938	-0.936	-0.935	-0.415	-0.937	-1.004	-1.006	-0.938	-1.006	-1.006	-0.800	-1.006	-0.938	-1.006	-0.868	-0.771	-0.844	-0.921	-0.749	-0.926	-0.751	-0.752	-0.905	-0.935	-0.944	-0.744	-0.422	-0.889	-1.010	-0.752	-0.738	-0.937	-0.937	-0.736	-0.937	-0.724	-0.882	-1.006	-0.909	-0.721	-0.644	-0.643	-0.955	-0.940	-0.938	-0.717	-0.937	-0.827	-0.939	-0.917	-0.607	-0.605	-0.939	-0.848	-0.700	-0.922	-0.772	-0.938	-0.703	-0.434	-0.938	-0.421	-0.826	-0.796	-0.806	-0.940	-0.828	-0.730	-0.852	-0.742	-0.940	-0.735	-0.739	-1.007	-1.010	-0.846	-0.851	-0.743	-0.723	-0.843	-0.897	-0.934	-0.257	-0.249	
rs12147754     -0.786	-0.788	-0.798	-0.799	-0.793	-0.631	-0.630	-0.506	-0.806	-0.848	-0.832	-0.889	-0.900	-0.890	-0.889	-0.889	-0.900	-0.889	-0.890	-0.836	-0.896	-0.968	-1.012	-0.782	-1.012	-1.012	-1.012	-1.012	-0.772	-1.013	-1.011	-1.011	-0.895	-1.013	-1.013	-0.968	-1.011	-0.797	-0.015	-1.013	-0.967	-0.908	-0.955	-0.847	-0.364	-0.881	-0.914	-0.957	-0.927	-0.965	-0.913	-0.956	-0.810	-0.926	-0.954	-0.832	-0.953	-0.820	-0.824	-0.408	-0.819	-0.955	-0.915	-0.972	-0.954	-0.794	-0.915	-0.954	-0.972	-0.799	-0.966	-0.965	-0.965	-0.961	-0.776	-0.928	-0.929	-1.009	-1.009	-0.370	-1.010	-1.010	-0.799	-1.010	-0.970	-0.795	-1.009	-0.793	-0.954	-0.775	-0.828	-0.829	-0.772	-0.906	-0.931	-0.932	-0.932	-0.934	-0.934	-0.408	-0.872	-0.410	-0.396	-0.934	-0.938	-0.936	-0.935	-0.415	-0.937	-1.004	-1.006	-0.938	-1.006	-1.006	-0.800	-1.006	-0.938	-1.006	-0.868	-0.771	-0.844	-0.921	-0.749	-0.926	-0.751	-0.752	-0.905	-0.935	-0.944	-0.744	-0.422	-0.889	-1.010	-0.752	-0.738	-0.937	-0.937	-0.736	-0.937	-0.724	-0.882	-1.006	-0.909	-0.721	-0.644	-0.643	-0.955	-0.940	-0.938	-0.717	-0.937	-0.827	-0.939	-0.917	-0.607	-0.605	-0.939	-0.848	-0.700	-0.922	-0.772	-0.938	-0.703	-0.434	-0.938	-0.421	-0.826	-0.796	-0.806	-0.940	-0.828	-0.730	-0.852	-0.742	-0.940	-0.735	-0.739	-1.007	-1.010	-0.846	-0.851	-0.743	-0.723	-0.843	-0.897	-0.934	-0.257	-0.249	
rs76271854     -0.855	-0.856	-0.861	-0.861	-0.859	-0.806	-0.806	-0.806	-0.438	-0.815	-0.798	-0.826	-0.832	-0.827	-0.826	-0.826	-0.833	-0.826	-0.827	-0.799	-0.829	-0.910	-0.942	-0.716	-0.942	-0.942	-0.942	-0.942	-0.715	-0.943	-0.940	-0.940	-0.828	-0.943	-0.943	-0.911	-0.940	-0.731	+0.043	-0.943	-0.910	-0.842	-0.897	-0.782	-0.306	-0.817	-0.848	-0.900	-0.864	-0.907	-0.850	-0.899	-0.738	-0.862	-0.897	-0.760	-0.895	-0.748	-0.772	-0.350	-0.747	-0.898	-0.853	-0.912	-0.896	-0.722	-0.853	-0.897	-0.912	-0.727	-0.908	-0.907	-0.906	-0.902	-0.703	-0.866	-0.866	-0.948	-0.948	-0.312	-0.949	-0.949	-0.727	-0.949	-0.902	-0.723	-0.949	-0.721	-0.897	-0.712	-0.759	-0.770	-0.701	-0.825	-0.878	-0.879	-0.879	-0.880	-0.881	-0.350	-0.789	-0.352	-0.338	-0.870	-0.884	-0.882	-0.871	-0.357	-0.883	-0.939	-0.942	-0.884	-0.942	-0.942	-0.743	-0.942	-0.884	-0.942	-0.787	-0.701	-0.802	-0.869	-0.679	-0.861	-0.680	-0.682	-0.854	-0.881	-0.889	-0.674	-0.364	-0.838	-0.945	-0.682	-0.667	-0.883	-0.883	-0.666	-0.883	-0.654	-0.832	-0.943	-0.830	-0.651	-0.575	-0.574	-0.882	-0.885	-0.884	-0.647	-0.883	-0.768	-0.885	-0.846	-0.531	-0.529	-0.884	-0.800	-0.630	-0.844	-0.706	-0.884	-0.633	-0.376	-0.884	-0.362	-0.775	-0.746	-0.756	-0.885	-0.777	-0.661	-0.805	-0.673	-0.885	-0.666	-0.671	-0.944	-0.950	-0.799	-0.803	-0.675	-0.654	-0.796	-0.849	-0.878	-0.199	-0.191	
rs7155600      -0.902	-0.903	-0.908	-0.909	-0.906	-0.848	-0.848	-0.848	-0.815	-0.515	-0.748	-0.897	-0.910	-0.898	-0.897	-0.897	-0.910	-0.897	-0.898	-0.840	-0.906	-0.951	-1.016	-0.783	-1.016	-1.016	-1.016	-1.016	-0.766	-1.017	-1.014	-1.014	-0.900	-1.017	-1.017	-0.952	-1.014	-0.805	-0.004	-1.017	-0.950	-0.913	-0.938	-0.857	-0.359	-0.890	-0.920	-0.943	-0.931	-0.950	-0.920	-0.941	-0.818	-0.933	-0.938	-0.840	-0.935	-0.828	-0.802	-0.404	-0.827	-0.940	-0.921	-0.975	-0.937	-0.802	-0.921	-0.938	-0.974	-0.807	-0.972	-0.972	-0.971	-0.968	-0.784	-0.931	-0.933	-1.008	-1.008	-0.365	-1.008	-1.007	-0.807	-1.008	-0.972	-0.803	-1.007	-0.802	-0.939	-0.775	-0.837	-0.838	-0.781	-0.911	-0.900	-0.901	-0.901	-0.903	-0.903	-0.404	-0.878	-0.406	-0.392	-0.941	-0.906	-0.904	-0.941	-0.411	-0.907	-1.006	-1.008	-0.906	-1.008	-1.008	-0.811	-1.008	-0.906	-1.008	-0.873	-0.780	-0.807	-0.895	-0.759	-0.933	-0.760	-0.762	-0.878	-0.904	-0.911	-0.754	-0.418	-0.858	-1.003	-0.762	-0.747	-0.904	-0.904	-0.746	-0.904	-0.734	-0.851	-0.998	-0.915	-0.731	-0.653	-0.653	-0.961	-0.907	-0.905	-0.727	-0.904	-0.837	-0.906	-0.924	-0.616	-0.614	-0.905	-0.812	-0.710	-0.927	-0.781	-0.905	-0.713	-0.430	-0.905	-0.417	-0.798	-0.765	-0.776	-0.906	-0.800	-0.740	-0.819	-0.751	-0.905	-0.745	-0.749	-0.999	-1.010	-0.812	-0.817	-0.753	-0.733	-0.808	-0.887	-0.891	-0.258	-0.250	
rs7147098      -0.891	-0.892	-0.897	-0.897	-0.895	-0.832	-0.832	-0.832	-0.798	-0.748	-0.495	-0.880	-0.893	-0.881	-0.880	-0.880	-0.893	-0.880	-0.881	-0.815	-0.890	-0.915	-0.990	-0.774	-0.990	-0.990	-0.990	-0.990	-0.747	-0.991	-0.987	-0.987	-0.887	-0.991	-0.991	-0.917	-0.987	-0.794	+0.018	-0.991	-0.914	-0.900	-0.900	-0.843	-0.338	-0.876	-0.906	-0.908	-0.913	-0.914	-0.903	-0.904	-0.804	-0.917	-0.900	-0.826	-0.896	-0.815	-0.784	-0.383	-0.813	-0.903	-0.904	-0.958	-0.899	-0.789	-0.904	-0.900	-0.958	-0.794	-0.956	-0.955	-0.955	-0.952	-0.771	-0.914	-0.915	-0.993	-0.993	-0.345	-0.993	-0.992	-0.794	-0.992	-0.959	-0.790	-0.992	-0.788	-0.903	-0.766	-0.823	-0.817	-0.767	-0.900	-0.896	-0.897	-0.897	-0.898	-0.898	-0.383	-0.867	-0.385	-0.371	-0.924	-0.901	-0.899	-0.925	-0.390	-0.901	-0.992	-0.994	-0.901	-0.994	-0.994	-0.788	-0.994	-0.901	-0.994	-0.863	-0.766	-0.761	-0.880	-0.745	-0.916	-0.747	-0.748	-0.863	-0.899	-0.904	-0.740	-0.398	-0.843	-0.989	-0.748	-0.734	-0.899	-0.899	-0.733	-0.899	-0.720	-0.836	-0.983	-0.903	-0.717	-0.640	-0.639	-0.946	-0.901	-0.899	-0.713	-0.899	-0.816	-0.900	-0.909	-0.604	-0.602	-0.899	-0.797	-0.697	-0.915	-0.763	-0.899	-0.700	-0.410	-0.899	-0.396	-0.801	-0.771	-0.781	-0.899	-0.803	-0.726	-0.804	-0.738	-0.898	-0.731	-0.735	-0.984	-0.995	-0.797	-0.802	-0.739	-0.719	-0.794	-0.884	-0.883	-0.239	-0.231	
rs941601       -0.936	-0.937	-0.943	-0.944	-0.941	-0.890	-0.889	-0.889	-0.826	-0.897	-0.880	-0.529	-0.901	-0.658	-0.658	-0.658	-0.902	-0.658	-0.659	-0.871	-0.897	-0.921	-1.015	-0.797	-1.015	-1.015	-1.015	-1.015	-0.793	-1.016	-1.015	-1.015	-0.900	-1.016	-1.016	-0.922	-1.015	-0.795	-0.040	-1.016	-0.923	-0.915	-0.913	-0.858	-0.389	-0.893	-0.925	-0.934	-0.944	-0.945	-0.930	-0.936	-0.818	-0.939	-0.936	-0.841	-0.937	-0.829	-0.846	-0.432	-0.827	-0.936	-0.933	-0.991	-0.937	-0.801	-0.932	-0.937	-0.991	-0.807	-0.987	-0.986	-0.986	-0.981	-0.782	-0.946	-0.946	-1.021	-1.021	-0.394	-1.022	-1.022	-0.807	-1.022	-0.971	-0.802	-1.022	-0.801	-0.937	-0.794	-0.851	-0.794	-0.795	-0.898	-0.940	-0.941	-0.941	-0.943	-0.944	-0.433	-0.861	-0.434	-0.421	-0.950	-0.948	-0.945	-0.951	-0.439	-0.948	-1.013	-1.015	-0.948	-1.015	-1.015	-0.750	-1.015	-0.948	-1.015	-0.856	-0.794	-0.884	-0.934	-0.773	-0.941	-0.774	-0.776	-0.919	-0.944	-0.958	-0.768	-0.446	-0.904	-1.018	-0.775	-0.761	-0.950	-0.950	-0.760	-0.950	-0.748	-0.898	-1.015	-0.902	-0.745	-0.667	-0.666	-0.978	-0.954	-0.951	-0.740	-0.950	-0.801	-0.953	-0.940	-0.631	-0.629	-0.952	-0.863	-0.724	-0.916	-0.789	-0.952	-0.727	-0.458	-0.952	-0.445	-0.819	-0.787	-0.797	-0.955	-0.821	-0.753	-0.869	-0.765	-0.956	-0.759	-0.763	-1.016	-1.024	-0.862	-0.868	-0.767	-0.746	-0.860	-0.911	-0.955	-0.282	-0.274	
rs8015996      -0.952	-0.952	-0.957	-0.957	-0.955	-0.900	-0.900	-0.900	-0.832	-0.910	-0.893	-0.901	-0.541	-0.903	-0.901	-0.901	-0.675	-0.900	-0.902	-0.909	-0.674	-0.975	-0.893	-0.809	-0.893	-0.893	-0.893	-0.893	-0.828	-0.897	-0.877	-0.877	-0.842	-0.895	-0.895	-0.975	-0.878	-0.848	-0.101	-0.898	-0.971	-0.863	-0.951	-0.795	-0.436	-0.842	-0.879	-0.970	-0.956	-0.973	-0.946	-0.964	-0.797	-0.900	-0.959	-0.817	-0.953	-0.807	-0.884	-0.478	-0.805	-0.963	-0.947	-0.976	-0.959	-0.783	-0.947	-0.959	-0.978	-0.787	-0.970	-0.970	-0.967	-0.955	-0.763	-0.956	-0.958	-1.029	-1.028	-0.441	-1.031	-1.033	-0.788	-1.031	-0.975	-0.784	-1.033	-0.783	-0.963	-0.801	-0.862	-0.864	-0.812	-0.896	-0.973	-0.973	-0.974	-0.974	-0.975	-0.478	-0.858	-0.479	-0.466	-0.966	-0.977	-0.976	-0.967	-0.484	-0.977	-1.014	-1.018	-0.977	-1.018	-1.019	-0.837	-1.018	-0.977	-1.018	-0.855	-0.812	-0.890	-0.976	-0.792	-0.960	-0.793	-0.795	-0.964	-0.975	-0.980	-0.787	-0.491	-0.950	-1.030	-0.794	-0.782	-0.976	-0.976	-0.780	-0.976	-0.769	-0.945	-1.032	-0.902	-0.766	-0.701	-0.700	-0.966	-0.977	-0.976	-0.762	-0.976	-0.862	-0.977	-0.947	-0.655	-0.653	-0.976	-0.916	-0.746	-0.917	-0.814	-0.976	-0.750	-0.502	-0.976	-0.489	-0.888	-0.862	-0.870	-0.976	-0.890	-0.776	-0.920	-0.787	-0.975	-0.781	-0.785	-1.032	-1.033	-0.915	-0.919	-0.789	-0.771	-0.912	-0.955	-0.963	-0.326	-0.318	
rs2228543      -0.937	-0.938	-0.944	-0.944	-0.941	-0.891	-0.890	-0.890	-0.827	-0.898	-0.881	-0.658	-0.903	-0.530	-0.656	-0.656	-0.904	-0.656	-0.658	-0.871	-0.899	-0.922	-1.016	-0.798	-1.016	-1.016	-1.016	-1.016	-0.793	-1.017	-1.016	-1.016	-0.902	-1.017	-1.017	-0.923	-1.016	-0.797	-0.040	-1.016	-0.924	-0.916	-0.913	-0.859	-0.389	-0.895	-0.926	-0.935	-0.945	-0.946	-0.931	-0.937	-0.819	-0.940	-0.937	-0.842	-0.937	-0.830	-0.846	-0.433	-0.829	-0.937	-0.933	-0.992	-0.937	-0.803	-0.933	-0.938	-0.992	-0.808	-0.988	-0.987	-0.987	-0.982	-0.784	-0.946	-0.947	-1.022	-1.022	-0.395	-1.023	-1.023	-0.808	-1.023	-0.972	-0.804	-1.023	-0.802	-0.937	-0.796	-0.852	-0.796	-0.795	-0.900	-0.941	-0.942	-0.943	-0.945	-0.945	-0.433	-0.863	-0.435	-0.421	-0.951	-0.949	-0.947	-0.952	-0.440	-0.949	-1.014	-1.016	-0.949	-1.016	-1.016	-0.753	-1.016	-0.949	-1.016	-0.858	-0.795	-0.885	-0.934	-0.773	-0.942	-0.775	-0.776	-0.919	-0.946	-0.959	-0.768	-0.447	-0.904	-1.019	-0.776	-0.762	-0.951	-0.951	-0.760	-0.951	-0.748	-0.898	-1.016	-0.904	-0.745	-0.667	-0.667	-0.978	-0.955	-0.952	-0.741	-0.951	-0.803	-0.954	-0.940	-0.631	-0.629	-0.954	-0.863	-0.724	-0.918	-0.789	-0.953	-0.727	-0.459	-0.953	-0.445	-0.821	-0.789	-0.799	-0.956	-0.823	-0.754	-0.868	-0.766	-0.957	-0.759	-0.763	-1.016	-1.025	-0.862	-0.867	-0.767	-0.747	-0.859	-0.913	-0.956	-0.282	-0.274	
rs72704334     -0.936	-0.938	-0.943	-0.944	-0.941	-0.890	-0.889	-0.889	-0.826	-0.897	-0.880	-0.658	-0.901	-0.656	-0.530	-0.656	-0.902	-0.656	-0.657	-0.871	-0.897	-0.921	-1.015	-0.797	-1.015	-1.015	-1.015	-1.015	-0.793	-1.016	-1.015	-1.015	-0.900	-1.016	-1.016	-0.922	-1.015	-0.795	-0.041	-1.016	-0.923	-0.915	-0.913	-0.858	-0.389	-0.893	-0.925	-0.934	-0.944	-0.945	-0.930	-0.936	-0.817	-0.939	-0.936	-0.841	-0.937	-0.829	-0.846	-0.433	-0.827	-0.937	-0.933	-0.991	-0.937	-0.801	-0.933	-0.937	-0.991	-0.806	-0.987	-0.986	-0.986	-0.981	-0.782	-0.946	-0.946	-1.021	-1.021	-0.395	-1.022	-1.023	-0.807	-1.022	-0.971	-0.802	-1.022	-0.801	-0.937	-0.795	-0.852	-0.794	-0.795	-0.898	-0.940	-0.941	-0.941	-0.943	-0.944	-0.433	-0.861	-0.435	-0.421	-0.950	-0.948	-0.945	-0.951	-0.439	-0.948	-1.013	-1.015	-0.948	-1.015	-1.015	-0.750	-1.015	-0.948	-1.015	-0.856	-0.794	-0.884	-0.934	-0.773	-0.941	-0.774	-0.776	-0.919	-0.944	-0.958	-0.768	-0.447	-0.905	-1.018	-0.776	-0.761	-0.950	-0.950	-0.760	-0.950	-0.748	-0.899	-1.015	-0.902	-0.745	-0.667	-0.666	-0.978	-0.954	-0.951	-0.741	-0.950	-0.801	-0.953	-0.940	-0.631	-0.629	-0.952	-0.864	-0.724	-0.916	-0.789	-0.952	-0.727	-0.458	-0.952	-0.445	-0.819	-0.786	-0.797	-0.955	-0.821	-0.754	-0.869	-0.765	-0.956	-0.759	-0.763	-1.016	-1.024	-0.863	-0.868	-0.767	-0.747	-0.860	-0.911	-0.955	-0.282	-0.274	
rs72704338     -0.936	-0.937	-0.943	-0.944	-0.941	-0.890	-0.889	-0.889	-0.826	-0.897	-0.880	-0.658	-0.901	-0.656	-0.656	-0.529	-0.902	-0.656	-0.657	-0.871	-0.897	-0.921	-1.015	-0.797	-1.015	-1.015	-1.015	-1.015	-0.793	-1.016	-1.015	-1.015	-0.900	-1.016	-1.016	-0.922	-1.015	-0.794	-0.041	-1.016	-0.923	-0.915	-0.913	-0.857	-0.389	-0.893	-0.925	-0.934	-0.944	-0.945	-0.930	-0.936	-0.817	-0.939	-0.936	-0.840	-0.937	-0.828	-0.846	-0.433	-0.827	-0.936	-0.933	-0.991	-0.937	-0.801	-0.932	-0.937	-0.991	-0.806	-0.987	-0.986	-0.986	-0.981	-0.782	-0.946	-0.946	-1.021	-1.021	-0.395	-1.022	-1.023	-0.806	-1.022	-0.971	-0.802	-1.022	-0.800	-0.937	-0.794	-0.852	-0.794	-0.795	-0.898	-0.940	-0.941	-0.941	-0.943	-0.944	-0.433	-0.860	-0.435	-0.421	-0.950	-0.948	-0.945	-0.951	-0.439	-0.947	-1.013	-1.015	-0.948	-1.015	-1.015	-0.749	-1.015	-0.948	-1.015	-0.856	-0.794	-0.884	-0.934	-0.773	-0.941	-0.774	-0.776	-0.919	-0.944	-0.958	-0.768	-0.447	-0.905	-1.018	-0.776	-0.761	-0.950	-0.950	-0.760	-0.950	-0.748	-0.899	-1.015	-0.902	-0.745	-0.667	-0.666	-0.978	-0.954	-0.951	-0.741	-0.950	-0.801	-0.953	-0.940	-0.631	-0.629	-0.952	-0.864	-0.724	-0.916	-0.789	-0.952	-0.727	-0.458	-0.952	-0.445	-0.819	-0.786	-0.797	-0.955	-0.821	-0.754	-0.870	-0.765	-0.956	-0.759	-0.763	-1.016	-1.024	-0.863	-0.868	-0.767	-0.747	-0.860	-0.911	-0.955	-0.282	-0.274	
rs3790035      -0.952	-0.953	-0.958	-0.958	-0.956	-0.900	-0.900	-0.900	-0.833	-0.910	-0.893	-0.902	-0.675	-0.904	-0.902	-0.902	-0.542	-0.901	-0.903	-0.910	-0.669	-0.975	-0.894	-0.810	-0.894	-0.894	-0.894	-0.894	-0.829	-0.898	-0.879	-0.879	-0.843	-0.897	-0.897	-0.976	-0.879	-0.849	-0.102	-0.900	-0.972	-0.864	-0.952	-0.796	-0.437	-0.843	-0.880	-0.971	-0.956	-0.974	-0.946	-0.965	-0.797	-0.901	-0.960	-0.817	-0.954	-0.807	-0.885	-0.479	-0.805	-0.964	-0.948	-0.977	-0.959	-0.783	-0.948	-0.960	-0.979	-0.787	-0.971	-0.971	-0.968	-0.956	-0.763	-0.957	-0.958	-1.029	-1.029	-0.442	-1.032	-1.033	-0.788	-1.032	-0.976	-0.784	-1.033	-0.783	-0.964	-0.802	-0.863	-0.865	-0.813	-0.897	-0.973	-0.974	-0.974	-0.975	-0.975	-0.478	-0.859	-0.480	-0.467	-0.967	-0.977	-0.976	-0.968	-0.485	-0.978	-1.015	-1.019	-0.978	-1.019	-1.020	-0.838	-1.019	-0.977	-1.019	-0.856	-0.813	-0.890	-0.976	-0.792	-0.961	-0.794	-0.795	-0.964	-0.976	-0.981	-0.788	-0.492	-0.950	-1.031	-0.795	-0.782	-0.977	-0.977	-0.781	-0.977	-0.769	-0.945	-1.033	-0.903	-0.766	-0.701	-0.700	-0.966	-0.978	-0.977	-0.762	-0.976	-0.862	-0.977	-0.947	-0.655	-0.653	-0.977	-0.916	-0.747	-0.918	-0.814	-0.977	-0.750	-0.503	-0.976	-0.490	-0.889	-0.862	-0.871	-0.977	-0.890	-0.776	-0.921	-0.787	-0.976	-0.781	-0.785	-1.033	-1.034	-0.915	-0.919	-0.789	-0.771	-0.913	-0.956	-0.964	-0.326	-0.319	
rs12437272     -0.936	-0.937	-0.943	-0.944	-0.941	-0.890	-0.889	-0.889	-0.826	-0.897	-0.880	-0.658	-0.900	-0.656	-0.656	-0.656	-0.901	-0.529	-0.656	-0.871	-0.897	-0.921	-1.015	-0.797	-1.015	-1.015	-1.015	-1.015	-0.793	-1.016	-1.015	-1.015	-0.900	-1.016	-1.016	-0.922	-1.015	-0.794	-0.041	-1.015	-0.923	-0.915	-0.913	-0.857	-0.389	-0.893	-0.925	-0.934	-0.944	-0.945	-0.930	-0.936	-0.817	-0.938	-0.936	-0.840	-0.937	-0.828	-0.847	-0.433	-0.826	-0.936	-0.932	-0.991	-0.937	-0.801	-0.932	-0.937	-0.991	-0.806	-0.987	-0.986	-0.986	-0.981	-0.781	-0.945	-0.946	-1.021	-1.021	-0.395	-1.022	-1.022	-0.806	-1.022	-0.970	-0.802	-1.022	-0.800	-0.936	-0.794	-0.851	-0.793	-0.795	-0.897	-0.940	-0.941	-0.941	-0.943	-0.943	-0.433	-0.860	-0.435	-0.421	-0.950	-0.948	-0.945	-0.951	-0.439	-0.947	-1.012	-1.015	-0.948	-1.015	-1.015	-0.749	-1.015	-0.948	-1.015	-0.855	-0.794	-0.884	-0.935	-0.773	-0.940	-0.774	-0.776	-0.920	-0.944	-0.957	-0.768	-0.447	-0.905	-1.018	-0.776	-0.761	-0.950	-0.950	-0.760	-0.950	-0.748	-0.899	-1.015	-0.902	-0.745	-0.667	-0.666	-0.978	-0.953	-0.951	-0.741	-0.949	-0.801	-0.953	-0.940	-0.631	-0.629	-0.952	-0.864	-0.724	-0.915	-0.789	-0.952	-0.727	-0.458	-0.952	-0.445	-0.818	-0.786	-0.796	-0.955	-0.820	-0.754	-0.870	-0.765	-0.956	-0.759	-0.763	-1.016	-1.024	-0.863	-0.869	-0.767	-0.747	-0.861	-0.911	-0.955	-0.282	-0.274	
rs12437224     -0.937	-0.938	-0.944	-0.944	-0.941	-0.891	-0.890	-0.890	-0.827	-0.898	-0.881	-0.659	-0.902	-0.658	-0.657	-0.657	-0.903	-0.656	-0.530	-0.871	-0.898	-0.922	-1.016	-0.798	-1.016	-1.016	-1.016	-1.016	-0.793	-1.016	-1.015	-1.015	-0.901	-1.017	-1.017	-0.923	-1.016	-0.796	-0.041	-1.016	-0.924	-0.916	-0.913	-0.858	-0.389	-0.894	-0.926	-0.935	-0.945	-0.946	-0.931	-0.937	-0.818	-0.939	-0.937	-0.841	-0.937	-0.829	-0.847	-0.433	-0.828	-0.937	-0.933	-0.992	-0.937	-0.802	-0.933	-0.937	-0.992	-0.807	-0.988	-0.987	-0.986	-0.982	-0.783	-0.946	-0.947	-1.022	-1.021	-0.395	-1.023	-1.023	-0.807	-1.022	-0.972	-0.803	-1.023	-0.801	-0.937	-0.795	-0.852	-0.795	-0.795	-0.899	-0.941	-0.942	-0.942	-0.944	-0.944	-0.433	-0.862	-0.435	-0.421	-0.951	-0.949	-0.946	-0.952	-0.440	-0.948	-1.013	-1.015	-0.949	-1.016	-1.016	-0.751	-1.016	-0.949	-1.016	-0.857	-0.795	-0.885	-0.935	-0.773	-0.941	-0.775	-0.776	-0.919	-0.945	-0.958	-0.768	-0.447	-0.905	-1.019	-0.776	-0.762	-0.951	-0.951	-0.760	-0.951	-0.748	-0.899	-1.016	-0.903	-0.745	-0.667	-0.667	-0.978	-0.954	-0.952	-0.741	-0.950	-0.802	-0.954	-0.940	-0.631	-0.629	-0.953	-0.864	-0.725	-0.917	-0.790	-0.953	-0.727	-0.459	-0.953	-0.445	-0.820	-0.787	-0.798	-0.956	-0.822	-0.754	-0.869	-0.766	-0.957	-0.759	-0.763	-1.016	-1.025	-0.863	-0.868	-0.767	-0.747	-0.860	-0.912	-0.956	-0.282	-0.275	
rs2144835      -0.901	-0.901	-0.903	-0.903	-0.902	-0.835	-0.836	-0.836	-0.799	-0.840	-0.815	-0.871	-0.909	-0.871	-0.871	-0.871	-0.910	-0.871	-0.871	-0.493	-0.907	-0.948	-0.997	-0.786	-0.997	-0.997	-0.997	-0.997	-0.770	-0.997	-0.998	-0.998	-0.903	-0.997	-0.997	-0.949	-0.998	-0.776	-0.093	-0.997	-0.945	-0.910	-0.931	-0.867	-0.429	-0.892	-0.913	-0.936	-0.907	-0.942	-0.882	-0.931	-0.835	-0.920	-0.926	-0.853	-0.922	-0.844	-0.780	-0.470	-0.843	-0.930	-0.887	-0.923	-0.925	-0.823	-0.886	-0.926	-0.922	-0.827	-0.930	-0.929	-0.931	-0.935	-0.807	-0.910	-0.909	-0.996	-0.997	-0.435	-0.996	-0.994	-0.827	-0.995	-0.969	-0.823	-0.994	-0.822	-0.929	-0.769	-0.852	-0.791	-0.805	-0.909	-0.927	-0.927	-0.927	-0.928	-0.928	-0.470	-0.878	-0.471	-0.459	-0.905	-0.929	-0.929	-0.907	-0.476	-0.930	-0.996	-0.997	-0.929	-0.997	-0.997	-0.752	-0.997	-0.929	-0.997	-0.874	-0.805	-0.792	-0.924	-0.787	-0.891	-0.788	-0.789	-0.910	-0.928	-0.929	-0.783	-0.482	-0.894	-0.998	-0.789	-0.777	-0.927	-0.927	-0.776	-0.927	-0.765	-0.888	-0.996	-0.912	-0.763	-0.690	-0.690	-0.938	-0.927	-0.927	-0.759	-0.927	-0.794	-0.926	-0.919	-0.660	-0.659	-0.926	-0.855	-0.744	-0.923	-0.773	-0.926	-0.747	-0.493	-0.926	-0.481	-0.847	-0.823	-0.830	-0.924	-0.849	-0.770	-0.861	-0.780	-0.922	-0.774	-0.778	-0.997	-0.995	-0.855	-0.859	-0.781	-0.762	-0.851	-0.912	-0.902	-0.329	-0.322	
rs11629171     -0.948	-0.949	-0.954	-0.954	-0.952	-0.896	-0.896	-0.896	-0.829	-0.906	-0.890	-0.897	-0.674	-0.899	-0.897	-0.897	-0.669	-0.897	-0.898	-0.907	-0.537	-0.971	-0.887	-0.807	-0.887	-0.887	-0.887	-0.887	-0.826	-0.891	-0.872	-0.872	-0.838	-0.890	-0.890	-0.972	-0.872	-0.847	-0.100	-0.893	-0.968	-0.859	-0.947	-0.790	-0.434	-0.837	-0.875	-0.966	-0.952	-0.969	-0.942	-0.960	-0.797	-0.896	-0.955	-0.817	-0.949	-0.806	-0.883	-0.476	-0.805	-0.960	-0.943	-0.973	-0.955	-0.783	-0.944	-0.955	-0.974	-0.787	-0.967	-0.966	-0.963	-0.951	-0.764	-0.953	-0.954	-1.025	-1.025	-0.439	-1.027	-1.029	-0.788	-1.027	-0.971	-0.784	-1.029	-0.783	-0.959	-0.798	-0.861	-0.861	-0.812	-0.892	-0.970	-0.970	-0.970	-0.971	-0.972	-0.476	-0.853	-0.477	-0.464	-0.963	-0.974	-0.972	-0.964	-0.482	-0.974	-1.010	-1.015	-0.974	-1.015	-1.015	-0.834	-1.015	-0.974	-1.015	-0.851	-0.812	-0.886	-0.973	-0.792	-0.957	-0.793	-0.795	-0.961	-0.972	-0.977	-0.787	-0.489	-0.948	-1.027	-0.794	-0.781	-0.973	-0.973	-0.780	-0.973	-0.769	-0.943	-1.028	-0.898	-0.766	-0.701	-0.700	-0.962	-0.974	-0.973	-0.762	-0.972	-0.858	-0.973	-0.944	-0.656	-0.654	-0.973	-0.914	-0.747	-0.913	-0.811	-0.973	-0.750	-0.500	-0.972	-0.487	-0.886	-0.860	-0.868	-0.973	-0.887	-0.776	-0.918	-0.787	-0.972	-0.781	-0.785	-1.029	-1.030	-0.913	-0.917	-0.788	-0.771	-0.910	-0.953	-0.959	-0.323	-0.316	
rs2144833      -1.018	-1.019	-1.025	-1.025	-1.022	-0.968	-0.968	-0.968	-0.910	-0.951	-0.915	-0.921	-0.975	-0.922	-0.921	-0.921	-0.975	-0.921	-0.922	-0.948	-0.971	-0.619	-1.068	-0.882	-1.068	-1.068	-1.068	-1.068	-0.861	-1.069	-1.066	-1.066	-0.976	-1.069	-1.069	-0.765	-1.067	-0.868	-0.105	-1.069	-0.761	-0.990	-0.789	-0.937	-0.465	-0.973	-1.004	-0.878	-1.023	-0.893	-1.011	-0.878	-0.896	-1.017	-0.875	-0.919	-0.875	-0.907	-0.892	-0.509	-0.906	-0.881	-1.013	-1.065	-0.877	-0.880	-1.013	-0.878	-1.065	-0.885	-1.063	-1.062	-1.062	-1.058	-0.860	-1.024	-1.025	-1.084	-1.084	-0.471	-1.085	-1.084	-0.886	-1.084	-1.038	-0.880	-1.085	-0.879	-0.885	-0.879	-0.933	-0.917	-0.876	-0.971	-0.949	-0.950	-0.950	-0.953	-0.953	-0.510	-0.933	-0.512	-0.498	-1.033	-0.959	-0.956	-1.034	-0.516	-0.959	-1.082	-1.084	-0.959	-1.084	-1.084	-0.886	-1.084	-0.959	-1.084	-0.928	-0.875	-0.923	-0.967	-0.854	-1.024	-0.855	-0.857	-0.948	-0.955	-0.971	-0.848	-0.524	-0.932	-1.078	-0.856	-0.842	-0.963	-0.963	-0.841	-0.964	-0.828	-0.925	-1.073	-0.976	-0.825	-0.749	-0.748	-1.060	-0.969	-0.965	-0.821	-0.963	-0.918	-0.967	-1.022	-0.711	-0.709	-0.966	-0.883	-0.805	-0.990	-0.876	-0.966	-0.807	-0.536	-0.967	-0.522	-0.812	-0.772	-0.784	-0.970	-0.815	-0.834	-0.892	-0.846	-0.972	-0.840	-0.844	-1.075	-1.092	-0.884	-0.891	-0.848	-0.828	-0.881	-0.948	-0.968	-0.355	-0.347	
rs8023023      -1.059	-1.060	-1.066	-1.067	-1.064	-1.013	-1.012	-1.012	-0.942	-1.016	-0.990	-1.015	-0.893	-1.016	-1.015	-1.015	-0.894	-1.015	-1.016	-0.997	-0.887	-1.068	-0.659	-0.897	-0.796	-0.797	-0.797	-0.797	-0.860	-0.805	-0.800	-0.800	-0.984	-0.807	-0.808	-1.069	-0.803	-0.759	-0.098	-0.810	-1.068	-1.001	-1.060	-0.945	-0.482	-0.984	-1.014	-1.065	-1.051	-1.073	-1.032	-1.066	-0.860	-1.030	-1.065	-0.889	-1.063	-0.874	-0.933	-0.529	-0.872	-1.066	-1.035	-1.070	-1.065	-0.840	-1.035	-1.065	-1.070	-0.847	-1.073	-1.071	-1.070	-1.066	-0.815	-1.053	-1.054	-1.154	-1.154	-0.490	-1.154	-1.154	-0.847	-1.154	-1.115	-0.842	-1.154	-0.840	-1.066	-0.908	-0.932	-0.972	-0.867	-1.051	-1.062	-1.063	-1.064	-1.065	-1.066	-0.530	-1.017	-0.532	-0.518	-1.062	-1.070	-1.067	-1.063	-0.537	-1.070	-1.146	-1.149	-1.070	-1.149	-1.149	-0.943	-1.149	-1.070	-1.149	-1.013	-0.867	-0.995	-1.071	-0.843	-1.053	-0.845	-0.847	-1.056	-1.067	-1.079	-0.837	-0.545	-1.039	-1.156	-0.846	-0.830	-1.070	-1.071	-0.829	-1.071	-0.815	-1.033	-1.152	-1.054	-0.812	-0.741	-0.740	-1.088	-1.074	-1.071	-0.808	-1.070	-0.971	-1.073	-1.047	-0.687	-0.685	-1.072	-0.999	-0.789	-1.067	-0.917	-1.072	-0.793	-0.557	-1.072	-0.544	-0.926	-0.894	-0.904	-1.075	-0.928	-0.823	-1.004	-0.837	-1.076	-0.830	-0.834	-1.153	-1.153	-0.998	-1.003	-0.839	-0.819	-0.995	-1.047	-1.073	-0.366	-0.358	
rs8022616      -0.827	-0.828	-0.834	-0.835	-0.832	-0.783	-0.782	-0.782	-0.716	-0.783	-0.774	-0.797	-0.809	-0.798	-0.797	-0.797	-0.810	-0.797	-0.798	-0.786	-0.807	-0.882	-0.897	-0.410	-0.897	-0.897	-0.897	-0.897	-0.699	-0.899	-0.892	-0.892	-0.780	-0.898	-0.898	-0.883	-0.892	-0.680	+0.051	-0.899	-0.880	-0.796	-0.865	-0.732	-0.293	-0.771	-0.805	-0.872	-0.839	-0.878	-0.823	-0.869	-0.723	-0.821	-0.867	-0.743	-0.863	-0.732	-0.764	-0.337	-0.731	-0.869	-0.825	-0.881	-0.866	-0.709	-0.825	-0.866	-0.882	-0.713	-0.876	-0.876	-0.874	-0.866	-0.691	-0.840	-0.840	-0.911	-0.910	-0.299	-0.913	-0.915	-0.713	-0.913	-0.854	-0.709	-0.915	-0.708	-0.868	-0.615	-0.761	-0.732	-0.709	-0.774	-0.851	-0.852	-0.852	-0.854	-0.854	-0.337	-0.734	-0.338	-0.325	-0.843	-0.858	-0.856	-0.844	-0.343	-0.857	-0.899	-0.902	-0.858	-0.902	-0.902	-0.699	-0.902	-0.858	-0.902	-0.728	-0.708	-0.776	-0.854	-0.689	-0.832	-0.690	-0.691	-0.842	-0.855	-0.865	-0.684	-0.350	-0.827	-0.915	-0.691	-0.678	-0.857	-0.857	-0.676	-0.858	-0.665	-0.822	-0.915	-0.779	-0.662	-0.587	-0.586	-0.869	-0.859	-0.858	-0.658	-0.857	-0.731	-0.860	-0.840	-0.553	-0.551	-0.859	-0.792	-0.643	-0.794	-0.689	-0.859	-0.645	-0.362	-0.859	-0.349	-0.746	-0.717	-0.725	-0.861	-0.748	-0.670	-0.796	-0.681	-0.861	-0.675	-0.679	-0.915	-0.915	-0.790	-0.795	-0.683	-0.664	-0.788	-0.821	-0.858	-0.171	-0.163	
rs2180401      -1.059	-1.060	-1.066	-1.067	-1.064	-1.013	-1.012	-1.012	-0.942	-1.016	-0.990	-1.015	-0.893	-1.016	-1.015	-1.015	-0.894	-1.015	-1.016	-0.997	-0.887	-1.068	-0.796	-0.897	-0.659	-0.796	-0.797	-0.797	-0.860	-0.804	-0.799	-0.799	-0.984	-0.806	-0.807	-1.069	-0.802	-0.759	-0.098	-0.809	-1.068	-1.001	-1.060	-0.945	-0.482	-0.984	-1.014	-1.065	-1.051	-1.073	-1.032	-1.066	-0.860	-1.030	-1.065	-0.889	-1.063	-0.874	-0.933	-0.529	-0.872	-1.066	-1.035	-1.070	-1.065	-0.840	-1.035	-1.065	-1.070	-0.847	-1.073	-1.071	-1.070	-1.066	-0.815	-1.053	-1.054	-1.154	-1.154	-0.490	-1.154	-1.154	-0.847	-1.154	-1.115	-0.842	-1.154	-0.840	-1.066	-0.908	-0.932	-0.972	-0.867	-1.051	-1.062	-1.063	-1.064	-1.065	-1.066	-0.530	-1.017	-0.532	-0.518	-1.062	-1.070	-1.067	-1.063	-0.537	-1.070	-1.146	-1.149	-1.070	-1.149	-1.149	-0.943	-1.149	-1.070	-1.149	-1.013	-0.867	-0.995	-1.071	-0.843	-1.053	-0.845	-0.847	-1.056	-1.067	-1.079	-0.837	-0.545	-1.039	-1.156	-0.846	-0.830	-1.070	-1.071	-0.829	-1.071	-0.815	-1.033	-1.152	-1.054	-0.812	-0.741	-0.740	-1.088	-1.074	-1.071	-0.808	-1.070	-0.971	-1.073	-1.047	-0.687	-0.685	-1.072	-0.999	-0.789	-1.067	-0.917	-1.072	-0.793	-0.557	-1.072	-0.544	-0.926	-0.894	-0.904	-1.075	-0.928	-0.823	-1.004	-0.837	-1.076	-0.830	-0.834	-1.153	-1.153	-0.998	-1.003	-0.839	-0.819	-0.995	-1.047	-1.073	-0.366	-0.358	
rs2144832      -1.059	-1.060	-1.066	-1.067	-1.064	-1.013	-1.012	-1.012	-0.942	-1.016	-0.990	-1.015	-0.893	-1.016	-1.015	-1.015	-0.894	-1.015	-1.016	-0.997	-0.887	-1.068	-0.797	-0.897	-0.796	-0.660	-0.796	-0.796	-0.860	-0.802	-0.797	-0.797	-0.984	-0.804	-0.805	-1.068	-0.800	-0.759	-0.098	-0.807	-1.068	-1.001	-1.060	-0.945	-0.482	-0.984	-1.014	-1.065	-1.051	-1.073	-1.032	-1.066	-0.860	-1.030	-1.065	-0.889	-1.063	-0.874	-0.933	-0.529	-0.872	-1.066	-1.035	-1.070	-1.065	-0.840	-1.035	-1.065	-1.070	-0.847	-1.073	-1.071	-1.070	-1.066	-0.815	-1.053	-1.054	-1.154	-1.154	-0.490	-1.154	-1.154	-0.847	-1.154	-1.115	-0.842	-1.154	-0.840	-1.066	-0.908	-0.932	-0.972	-0.867	-1.051	-1.062	-1.063	-1.064	-1.065	-1.066	-0.530	-1.017	-0.532	-0.518	-1.062	-1.070	-1.067	-1.063	-0.537	-1.070	-1.146	-1.149	-1.070	-1.149	-1.149	-0.943	-1.149	-1.070	-1.149	-1.013	-0.867	-0.995	-1.071	-0.843	-1.053	-0.845	-0.846	-1.056	-1.067	-1.079	-0.837	-0.545	-1.039	-1.156	-0.846	-0.830	-1.070	-1.070	-0.829	-1.071	-0.815	-1.033	-1.152	-1.054	-0.812	-0.741	-0.740	-1.088	-1.074	-1.071	-0.808	-1.070	-0.971	-1.073	-1.047	-0.687	-0.685	-1.072	-0.999	-0.789	-1.067	-0.917	-1.072	-0.793	-0.558	-1.072	-0.544	-0.926	-0.894	-0.904	-1.075	-0.928	-0.823	-1.004	-0.837	-1.076	-0.829	-0.834	-1.153	-1.153	-0.998	-1.003	-0.839	-0.819	-0.995	-1.047	-1.073	-0.366	-0.358	
rs1950661      -1.059	-1.060	-1.066	-1.067	-1.064	-1.013	-1.012	-1.012	-0.942	-1.016	-0.990	-1.015	-0.893	-1.016	-1.015	-1.015	-0.894	-1.015	-1.016	-0.997	-0.887	-1.068	-0.797	-0.897	-0.797	-0.796	-0.660	-0.796	-0.861	-0.801	-0.796	-0.796	-0.984	-0.803	-0.804	-1.068	-0.799	-0.758	-0.099	-0.806	-1.068	-1.001	-1.060	-0.945	-0.482	-0.984	-1.014	-1.065	-1.051	-1.073	-1.032	-1.066	-0.860	-1.030	-1.065	-0.889	-1.063	-0.874	-0.933	-0.529	-0.872	-1.066	-1.035	-1.070	-1.065	-0.839	-1.035	-1.065	-1.070	-0.846	-1.073	-1.071	-1.070	-1.066	-0.815	-1.053	-1.054	-1.154	-1.154	-0.490	-1.154	-1.154	-0.847	-1.154	-1.115	-0.842	-1.154	-0.840	-1.066	-0.908	-0.932	-0.972	-0.867	-1.051	-1.062	-1.063	-1.063	-1.065	-1.066	-0.530	-1.017	-0.532	-0.518	-1.062	-1.070	-1.067	-1.063	-0.537	-1.070	-1.146	-1.149	-1.070	-1.149	-1.149	-0.943	-1.149	-1.070	-1.149	-1.013	-0.867	-0.995	-1.071	-0.843	-1.053	-0.844	-0.846	-1.056	-1.067	-1.079	-0.837	-0.545	-1.039	-1.156	-0.846	-0.830	-1.070	-1.070	-0.829	-1.071	-0.815	-1.033	-1.152	-1.054	-0.812	-0.740	-0.740	-1.088	-1.074	-1.071	-0.807	-1.070	-0.971	-1.073	-1.047	-0.687	-0.685	-1.072	-0.999	-0.789	-1.067	-0.917	-1.072	-0.793	-0.558	-1.072	-0.544	-0.926	-0.894	-0.903	-1.075	-0.928	-0.823	-1.004	-0.836	-1.076	-0.829	-0.834	-1.153	-1.153	-0.998	-1.003	-0.839	-0.818	-0.995	-1.047	-1.073	-0.367	-0.358	
rs1950660      -1.059	-1.060	-1.066	-1.067	-1.064	-1.013	-1.012	-1.012	-0.942	-1.016	-0.990	-1.015	-0.893	-1.016	-1.015	-1.015	-0.894	-1.015	-1.016	-0.997	-0.887	-1.068	-0.797	-0.897	-0.797	-0.796	-0.796	-0.660	-0.861	-0.801	-0.796	-0.796	-0.984	-0.803	-0.804	-1.068	-0.799	-0.758	-0.099	-0.805	-1.068	-1.001	-1.060	-0.945	-0.482	-0.984	-1.014	-1.065	-1.051	-1.073	-1.032	-1.066	-0.860	-1.030	-1.065	-0.889	-1.063	-0.874	-0.933	-0.529	-0.872	-1.066	-1.035	-1.070	-1.065	-0.839	-1.035	-1.065	-1.070	-0.846	-1.073	-1.071	-1.070	-1.066	-0.815	-1.053	-1.054	-1.154	-1.154	-0.490	-1.154	-1.154	-0.847	-1.154	-1.115	-0.842	-1.154	-0.840	-1.066	-0.908	-0.932	-0.972	-0.867	-1.051	-1.062	-1.063	-1.063	-1.065	-1.066	-0.530	-1.017	-0.532	-0.518	-1.062	-1.070	-1.067	-1.063	-0.537	-1.070	-1.146	-1.149	-1.070	-1.149	-1.149	-0.943	-1.149	-1.070	-1.149	-1.013	-0.867	-0.995	-1.071	-0.843	-1.053	-0.844	-0.846	-1.056	-1.067	-1.079	-0.837	-0.545	-1.039	-1.156	-0.846	-0.830	-1.070	-1.070	-0.829	-1.071	-0.815	-1.033	-1.152	-1.054	-0.812	-0.740	-0.740	-1.088	-1.074	-1.071	-0.807	-1.070	-0.971	-1.073	-1.047	-0.687	-0.685	-1.072	-0.999	-0.789	-1.067	-0.917	-1.072	-0.793	-0.558	-1.072	-0.544	-0.926	-0.894	-0.903	-1.075	-0.928	-0.823	-1.004	-0.836	-1.076	-0.829	-0.834	-1.153	-1.153	-0.998	-1.003	-0.839	-0.818	-0.995	-1.047	-1.073	-0.367	-0.358	
rs11622665     -0.823	-0.824	-0.829	-0.829	-0.827	-0.773	-0.772	-0.772	-0.715	-0.766	-0.747	-0.793	-0.828	-0.793	-0.793	-0.793	-0.829	-0.793	-0.793	-0.770	-0.826	-0.861	-0.860	-0.699	-0.860	-0.860	-0.861	-0.861	-0.402	-0.859	-0.868	-0.868	-0.821	-0.861	-0.861	-0.862	-0.868	-0.611	+0.064	-0.858	-0.863	-0.830	-0.862	-0.781	-0.333	-0.808	-0.833	-0.851	-0.801	-0.863	-0.764	-0.856	-0.747	-0.841	-0.857	-0.766	-0.858	-0.756	-0.752	-0.377	-0.755	-0.855	-0.771	-0.860	-0.857	-0.733	-0.770	-0.857	-0.859	-0.738	-0.863	-0.861	-0.862	-0.864	-0.717	-0.807	-0.803	-0.915	-0.915	-0.341	-0.916	-0.917	-0.738	-0.916	-0.861	-0.734	-0.916	-0.733	-0.855	-0.684	-0.764	-0.716	-0.715	-0.787	-0.813	-0.815	-0.815	-0.818	-0.818	-0.379	-0.752	-0.380	-0.367	-0.798	-0.824	-0.820	-0.801	-0.385	-0.822	-0.907	-0.910	-0.824	-0.910	-0.910	-0.679	-0.910	-0.824	-0.910	-0.748	-0.715	-0.760	-0.858	-0.696	-0.779	-0.697	-0.698	-0.848	-0.820	-0.838	-0.691	-0.392	-0.836	-0.881	-0.698	-0.685	-0.826	-0.826	-0.684	-0.826	-0.673	-0.831	-0.886	-0.793	-0.670	-0.596	-0.595	-0.865	-0.830	-0.827	-0.667	-0.825	-0.717	-0.830	-0.840	-0.566	-0.564	-0.829	-0.805	-0.652	-0.807	-0.686	-0.829	-0.654	-0.404	-0.829	-0.391	-0.653	-0.624	-0.627	-0.835	-0.655	-0.678	-0.809	-0.688	-0.837	-0.682	-0.686	-0.886	-0.917	-0.804	-0.807	-0.690	-0.670	-0.801	-0.828	-0.846	-0.236	-0.228	
