## Summary of overall evidence for association with region:
## log10(BF for region) = 3.88975
## p-value for region = NA

## BFs for choosing among multi-SNP models:
## log10(average 1-SNP BF) = 3.96168
## log10(average 2-SNP BF) = 3.69574

## Example posterior probabilities for multi-SNP models, based on default prior: [p(l) propto 0.5^l for l=1,2,...,L]
## posterior probability of 1-SNP = 0.786759
## posterior probability of 2-SNP = 0.213241

## log10(BF) for single SNP and pair of SNPs:
rs13289115     -0.515	-0.768	-0.765	-0.531	-0.530	-0.758	-0.831	-0.910	-0.909	-0.582	-0.816	-0.946	-0.940	-0.940	-0.940	-0.942	-0.598	-0.612	-0.591	-0.617	-0.586	-0.602	-0.926	-0.731	-0.916	-0.916	-0.916	-0.911	-0.916	-0.498	-0.649	-0.620	-0.492	-0.696	-0.797	-0.938	-0.935	-0.788	-0.918	-0.496	-0.938	-0.546	-0.924	-0.950	-0.686	-0.688	-0.923	-0.923	-0.924	-0.924	-0.529	-0.930	-0.654	-0.914	-0.710	-0.973	-0.943	-0.970	-0.970	-0.954	-0.950	-0.952	-0.947	-0.812	-0.919	-0.699	-0.739	-0.751	-0.763	-0.718	-0.724	-0.683	-0.771	-0.724	-0.764	-0.820	-0.824	-0.834	-0.823	-0.823	-0.823	-0.824	-0.824	-0.825	-0.825	-0.815	-0.826	-0.827	-0.827	-0.827	-0.828	-0.838	+1.395	+1.405	+1.414	+1.606	+2.239	+1.087	+2.271	+1.326	+1.362	+2.308	+2.279	+1.956	-0.512	-0.455	-0.742	-0.643	-0.556	+0.375	+0.511	-0.763	+4.657	-0.384	+4.799	+2.292	+1.686	+1.678	+4.792	+1.689	+1.682	+0.163	+4.761	+4.671	+4.832	+3.554	+2.082	+2.158	+0.581	+1.529	+3.668	-0.022	-0.006	-0.632	-0.035	+3.559	+0.213	-0.765	+1.734	-0.516	-0.709	-0.757	-0.735	-0.745	-0.737	-0.746	-0.708	-0.799	-0.832	-0.895	-0.902	-0.696	-0.938	-0.884	-0.937	
rs10759244     -0.768	-0.429	-0.568	-0.734	-0.734	-0.729	-0.623	-0.595	-0.607	-0.752	-0.632	-0.787	-0.792	-0.792	-0.792	-0.792	-0.758	-0.763	-0.755	-0.764	-0.754	-0.759	-0.771	-0.621	-0.776	-0.776	-0.776	-0.778	-0.776	-0.711	-0.538	-0.505	-0.679	-0.753	-0.783	-0.836	-0.842	-0.777	-0.781	-0.534	-0.843	-0.578	-0.796	-0.865	-0.697	-0.699	-0.795	-0.793	-0.802	-0.802	-0.562	-0.867	-0.660	-0.858	-0.645	-0.895	-0.860	-0.894	-0.894	-0.886	-0.855	-0.856	-0.851	-0.786	-0.848	-0.673	-0.708	-0.720	-0.730	-0.688	-0.697	-0.658	-0.732	-0.694	-0.729	-0.775	-0.778	-0.786	-0.777	-0.777	-0.778	-0.778	-0.778	-0.779	-0.779	-0.771	-0.780	-0.780	-0.781	-0.781	-0.782	-0.790	+1.322	+1.333	+1.342	+1.528	+2.173	+1.171	+2.205	+1.246	+1.281	+2.241	+2.221	+1.908	-0.423	-0.374	-0.660	-0.559	-0.467	+0.491	+0.635	-0.674	+4.583	-0.321	+4.724	+2.229	+1.769	+1.761	+4.717	+1.772	+1.765	+0.230	+4.685	+4.597	+4.755	+3.472	+2.100	+2.175	+0.595	+1.539	+3.587	+0.050	+0.067	-0.575	+0.038	+3.478	+0.228	-0.699	+1.704	-0.479	-0.644	-0.692	-0.671	-0.680	-0.664	-0.677	-0.637	-0.723	-0.756	-0.821	-0.815	-0.626	-0.856	-0.799	-0.855	
rs10978931     -0.765	-0.568	-0.426	-0.733	-0.732	-0.725	-0.602	-0.580	-0.593	-0.750	-0.613	-0.780	-0.785	-0.785	-0.785	-0.785	-0.756	-0.761	-0.754	-0.762	-0.752	-0.757	-0.760	-0.614	-0.766	-0.766	-0.766	-0.768	-0.765	-0.709	-0.529	-0.495	-0.678	-0.750	-0.782	-0.833	-0.840	-0.776	-0.777	-0.534	-0.840	-0.578	-0.792	-0.862	-0.696	-0.698	-0.792	-0.789	-0.799	-0.798	-0.562	-0.865	-0.659	-0.855	-0.642	-0.893	-0.857	-0.891	-0.891	-0.883	-0.852	-0.853	-0.848	-0.785	-0.845	-0.672	-0.706	-0.717	-0.727	-0.687	-0.695	-0.655	-0.730	-0.692	-0.726	-0.772	-0.776	-0.783	-0.775	-0.775	-0.775	-0.775	-0.776	-0.776	-0.777	-0.768	-0.778	-0.778	-0.778	-0.778	-0.779	-0.787	+1.320	+1.330	+1.339	+1.526	+2.171	+1.176	+2.203	+1.243	+1.278	+2.239	+2.219	+1.906	-0.419	-0.370	-0.657	-0.555	-0.463	+0.496	+0.641	-0.672	+4.580	-0.318	+4.721	+2.228	+1.774	+1.766	+4.714	+1.777	+1.770	+0.233	+4.683	+4.595	+4.753	+3.470	+2.104	+2.179	+0.597	+1.542	+3.584	+0.054	+0.071	-0.574	+0.042	+3.476	+0.231	-0.698	+1.704	-0.478	-0.641	-0.691	-0.669	-0.679	-0.660	-0.674	-0.632	-0.720	-0.752	-0.819	-0.811	-0.623	-0.853	-0.796	-0.852	
rs10978932     -0.531	-0.734	-0.733	-0.375	-0.487	-0.440	-0.779	-0.791	-0.791	-0.516	-0.770	-0.780	-0.772	-0.772	-0.773	-0.774	-0.533	-0.534	-0.534	-0.535	-0.532	-0.536	-0.816	-0.704	-0.813	-0.813	-0.813	-0.811	-0.812	-0.502	-0.641	-0.618	-0.511	-0.593	-0.687	-0.807	-0.802	-0.679	-0.790	-0.416	-0.806	-0.462	-0.794	-0.822	-0.573	-0.576	-0.794	-0.794	-0.794	-0.794	-0.444	-0.802	-0.558	-0.786	-0.604	-0.848	-0.811	-0.845	-0.845	-0.830	-0.819	-0.821	-0.816	-0.700	-0.786	-0.575	-0.614	-0.617	-0.629	-0.592	-0.590	-0.550	-0.639	-0.590	-0.630	-0.686	-0.690	-0.700	-0.689	-0.689	-0.690	-0.690	-0.690	-0.691	-0.692	-0.681	-0.693	-0.693	-0.694	-0.694	-0.695	-0.705	+1.547	+1.556	+1.565	+1.757	+2.348	+1.180	+2.381	+1.481	+1.517	+2.417	+2.388	+2.082	-0.406	-0.349	-0.630	-0.533	-0.449	+0.479	+0.617	-0.627	+4.786	-0.274	+4.930	+2.458	+1.793	+1.785	+4.923	+1.796	+1.789	+0.276	+4.892	+4.802	+4.963	+3.703	+2.187	+2.262	+0.689	+1.678	+3.820	+0.083	+0.100	-0.487	+0.071	+3.711	+0.325	-0.627	+1.917	-0.371	-0.575	-0.620	-0.597	-0.608	-0.621	-0.613	-0.593	-0.667	-0.713	-0.761	-0.775	-0.561	-0.807	-0.753	-0.805	
rs10217330     -0.530	-0.734	-0.732	-0.487	-0.374	-0.437	-0.779	-0.791	-0.790	-0.515	-0.770	-0.779	-0.771	-0.771	-0.772	-0.773	-0.531	-0.532	-0.532	-0.533	-0.531	-0.534	-0.816	-0.704	-0.812	-0.812	-0.812	-0.810	-0.812	-0.502	-0.641	-0.618	-0.510	-0.592	-0.686	-0.806	-0.802	-0.678	-0.789	-0.415	-0.805	-0.462	-0.794	-0.821	-0.573	-0.575	-0.793	-0.793	-0.793	-0.793	-0.444	-0.801	-0.557	-0.785	-0.604	-0.847	-0.810	-0.845	-0.845	-0.829	-0.819	-0.820	-0.816	-0.699	-0.786	-0.574	-0.613	-0.616	-0.628	-0.591	-0.589	-0.549	-0.638	-0.589	-0.630	-0.686	-0.689	-0.699	-0.688	-0.689	-0.689	-0.689	-0.690	-0.691	-0.691	-0.681	-0.692	-0.693	-0.693	-0.693	-0.694	-0.705	+1.548	+1.557	+1.566	+1.758	+2.349	+1.181	+2.381	+1.482	+1.518	+2.417	+2.388	+2.082	-0.406	-0.349	-0.629	-0.532	-0.449	+0.480	+0.618	-0.627	+4.787	-0.274	+4.930	+2.459	+1.793	+1.785	+4.924	+1.797	+1.789	+0.277	+4.892	+4.803	+4.964	+3.704	+2.187	+2.263	+0.689	+1.679	+3.821	+0.084	+0.100	-0.486	+0.072	+3.711	+0.326	-0.627	+1.918	-0.370	-0.574	-0.620	-0.597	-0.607	-0.620	-0.612	-0.593	-0.666	-0.712	-0.760	-0.774	-0.560	-0.806	-0.752	-0.804	
rs10816536     -0.758	-0.729	-0.725	-0.440	-0.437	-0.481	-0.791	-0.873	-0.872	-0.491	-0.775	-0.914	-0.908	-0.908	-0.909	-0.910	-0.510	-0.526	-0.502	-0.531	-0.495	-0.514	-0.877	-0.676	-0.865	-0.864	-0.865	-0.859	-0.864	-0.396	-0.602	-0.573	-0.350	-0.602	-0.758	-0.908	-0.905	-0.750	-0.887	-0.451	-0.908	-0.502	-0.893	-0.917	-0.646	-0.648	-0.893	-0.892	-0.893	-0.893	-0.484	-0.899	-0.612	-0.883	-0.672	-0.941	-0.913	-0.938	-0.938	-0.920	-0.920	-0.922	-0.917	-0.774	-0.889	-0.663	-0.704	-0.723	-0.735	-0.683	-0.696	-0.654	-0.743	-0.695	-0.736	-0.791	-0.795	-0.805	-0.794	-0.794	-0.795	-0.795	-0.795	-0.796	-0.797	-0.786	-0.798	-0.798	-0.799	-0.799	-0.800	-0.810	+1.402	+1.412	+1.421	+1.613	+2.281	+1.133	+2.312	+1.332	+1.367	+2.349	+2.320	+1.995	-0.472	-0.415	-0.704	-0.604	-0.516	+0.419	+0.555	-0.734	+4.701	-0.343	+4.844	+2.336	+1.731	+1.723	+4.837	+1.735	+1.727	+0.205	+4.805	+4.716	+4.876	+3.604	+2.130	+2.205	+0.625	+1.553	+3.718	+0.020	+0.037	-0.602	+0.008	+3.608	+0.253	-0.734	+1.772	-0.487	-0.677	-0.727	-0.704	-0.714	-0.701	-0.714	-0.672	-0.768	-0.798	-0.864	-0.870	-0.665	-0.908	-0.853	-0.907	
rs1815709      -0.831	-0.623	-0.602	-0.779	-0.779	-0.791	-0.491	-0.673	-0.683	-0.797	-0.611	-0.851	-0.855	-0.854	-0.855	-0.855	-0.803	-0.809	-0.801	-0.810	-0.799	-0.805	-0.824	-0.567	-0.826	-0.826	-0.826	-0.826	-0.826	-0.753	-0.393	-0.326	-0.721	-0.802	-0.826	-0.896	-0.901	-0.819	-0.844	-0.560	-0.901	-0.608	-0.858	-0.921	-0.735	-0.737	-0.857	-0.855	-0.863	-0.863	-0.592	-0.922	-0.701	-0.912	-0.700	-0.952	-0.917	-0.950	-0.950	-0.941	-0.914	-0.915	-0.910	-0.834	-0.904	-0.723	-0.759	-0.771	-0.781	-0.739	-0.748	-0.708	-0.785	-0.745	-0.781	-0.828	-0.831	-0.839	-0.831	-0.831	-0.831	-0.831	-0.832	-0.832	-0.833	-0.824	-0.834	-0.834	-0.834	-0.834	-0.835	-0.843	+1.277	+1.288	+1.297	+1.484	+2.137	+1.115	+2.169	+1.202	+1.237	+2.205	+2.183	+1.867	-0.476	-0.426	-0.715	-0.613	-0.521	+0.434	+0.579	-0.736	+4.548	-0.371	+4.689	+2.192	+1.719	+1.710	+4.682	+1.722	+1.714	+0.181	+4.651	+4.562	+4.721	+3.442	+2.058	+2.133	+0.553	+1.494	+3.556	+0.001	+0.018	-0.632	-0.011	+3.447	+0.185	-0.757	+1.656	-0.533	-0.700	-0.750	-0.728	-0.738	-0.718	-0.733	-0.690	-0.780	-0.811	-0.878	-0.873	-0.683	-0.914	-0.858	-0.913	
rs10978933     -0.910	-0.595	-0.580	-0.791	-0.791	-0.873	-0.673	-0.541	-0.721	-0.814	-0.649	-0.683	-0.659	-0.659	-0.662	-0.664	-0.820	-0.827	-0.816	-0.830	-0.813	-0.822	-0.841	-0.546	-0.823	-0.823	-0.823	-0.815	-0.823	-0.758	-0.422	-0.381	-0.722	-0.832	-0.727	-0.939	-0.932	-0.718	-0.924	-0.387	-0.937	-0.451	-0.927	-0.928	-0.606	-0.609	-0.927	-0.927	-0.926	-0.926	-0.444	-0.924	-0.614	-0.905	-0.733	-0.975	-0.945	-0.973	-0.973	-0.952	-0.958	-0.960	-0.956	-0.797	-0.920	-0.684	-0.729	-0.733	-0.746	-0.708	-0.703	-0.668	-0.764	-0.712	-0.759	-0.820	-0.825	-0.835	-0.823	-0.824	-0.824	-0.824	-0.825	-0.826	-0.826	-0.815	-0.827	-0.828	-0.828	-0.829	-0.829	-0.841	+1.482	+1.492	+1.501	+1.698	+2.338	+1.061	+2.371	+1.429	+1.465	+2.409	+2.360	+2.026	-0.539	-0.479	-0.765	-0.667	-0.582	+0.340	+0.474	-0.790	+4.741	-0.407	+4.886	+2.367	+1.658	+1.651	+4.879	+1.662	+1.654	+0.148	+4.847	+4.755	+4.919	+3.654	+2.064	+2.139	+0.572	+1.506	+3.766	-0.041	-0.025	-0.635	-0.054	+3.656	+0.206	-0.773	+1.763	-0.504	-0.721	-0.766	-0.742	-0.753	-0.760	-0.760	-0.731	-0.817	-0.856	-0.912	-0.928	-0.719	-0.961	-0.908	-0.959	
rs4978494      -0.909	-0.607	-0.593	-0.791	-0.790	-0.872	-0.683	-0.721	-0.539	-0.813	-0.659	-0.704	-0.682	-0.682	-0.684	-0.685	-0.819	-0.826	-0.815	-0.829	-0.813	-0.821	-0.833	-0.562	-0.814	-0.814	-0.814	-0.806	-0.814	-0.757	-0.435	-0.394	-0.721	-0.831	-0.721	-0.937	-0.930	-0.712	-0.922	-0.385	-0.935	-0.448	-0.925	-0.925	-0.603	-0.607	-0.925	-0.925	-0.924	-0.924	-0.443	-0.921	-0.613	-0.902	-0.733	-0.975	-0.943	-0.972	-0.972	-0.951	-0.956	-0.958	-0.955	-0.797	-0.918	-0.681	-0.726	-0.730	-0.744	-0.705	-0.701	-0.666	-0.761	-0.710	-0.757	-0.818	-0.822	-0.833	-0.821	-0.822	-0.822	-0.822	-0.823	-0.824	-0.824	-0.813	-0.825	-0.826	-0.826	-0.826	-0.827	-0.839	+1.486	+1.495	+1.504	+1.701	+2.330	+1.059	+2.362	+1.424	+1.461	+2.400	+2.353	+2.020	-0.539	-0.479	-0.764	-0.667	-0.582	+0.340	+0.474	-0.789	+4.730	-0.406	+4.875	+2.363	+1.656	+1.648	+4.868	+1.659	+1.652	+0.146	+4.836	+4.744	+4.908	+3.645	+2.061	+2.136	+0.571	+1.501	+3.758	-0.041	-0.025	-0.633	-0.054	+3.649	+0.205	-0.771	+1.762	-0.500	-0.719	-0.763	-0.739	-0.750	-0.760	-0.758	-0.731	-0.815	-0.855	-0.912	-0.927	-0.718	-0.959	-0.907	-0.958	
rs7863505      -0.582	-0.752	-0.750	-0.516	-0.515	-0.491	-0.797	-0.814	-0.813	-0.400	-0.788	-0.805	-0.796	-0.796	-0.797	-0.799	-0.533	-0.536	-0.533	-0.539	-0.530	-0.537	-0.837	-0.720	-0.833	-0.832	-0.833	-0.831	-0.832	-0.489	-0.656	-0.632	-0.509	-0.611	-0.709	-0.830	-0.826	-0.701	-0.813	-0.437	-0.830	-0.483	-0.818	-0.845	-0.597	-0.599	-0.817	-0.817	-0.817	-0.817	-0.466	-0.825	-0.580	-0.810	-0.626	-0.871	-0.835	-0.869	-0.869	-0.853	-0.843	-0.845	-0.840	-0.723	-0.810	-0.600	-0.638	-0.642	-0.655	-0.616	-0.615	-0.576	-0.664	-0.616	-0.656	-0.711	-0.715	-0.725	-0.714	-0.714	-0.715	-0.715	-0.715	-0.716	-0.717	-0.706	-0.718	-0.718	-0.719	-0.719	-0.720	-0.730	+1.514	+1.523	+1.532	+1.724	+2.321	+1.160	+2.353	+1.447	+1.483	+2.389	+2.361	+2.056	-0.428	-0.370	-0.651	-0.554	-0.470	+0.459	+0.597	-0.652	+4.758	-0.295	+4.902	+2.429	+1.773	+1.765	+4.896	+1.776	+1.769	+0.255	+4.864	+4.775	+4.936	+3.675	+2.167	+2.243	+0.667	+1.654	+3.792	+0.062	+0.079	-0.513	+0.050	+3.683	+0.303	-0.652	+1.886	-0.397	-0.600	-0.645	-0.622	-0.633	-0.643	-0.637	-0.615	-0.691	-0.735	-0.785	-0.798	-0.584	-0.830	-0.776	-0.829	
rs1891654      -0.816	-0.632	-0.613	-0.770	-0.770	-0.775	-0.611	-0.649	-0.659	-0.788	-0.476	-0.834	-0.838	-0.838	-0.838	-0.838	-0.794	-0.799	-0.791	-0.801	-0.789	-0.795	-0.804	-0.577	-0.808	-0.808	-0.808	-0.809	-0.807	-0.745	-0.416	-0.353	-0.713	-0.791	-0.818	-0.881	-0.887	-0.811	-0.828	-0.558	-0.887	-0.604	-0.843	-0.908	-0.728	-0.731	-0.842	-0.840	-0.848	-0.848	-0.588	-0.910	-0.694	-0.900	-0.688	-0.939	-0.904	-0.937	-0.937	-0.928	-0.900	-0.901	-0.896	-0.824	-0.891	-0.712	-0.748	-0.760	-0.770	-0.728	-0.736	-0.697	-0.773	-0.734	-0.769	-0.816	-0.819	-0.827	-0.819	-0.819	-0.819	-0.819	-0.820	-0.820	-0.821	-0.812	-0.822	-0.822	-0.822	-0.822	-0.823	-0.831	+1.283	+1.294	+1.303	+1.490	+2.141	+1.128	+2.173	+1.208	+1.243	+2.209	+2.188	+1.873	-0.463	-0.413	-0.701	-0.599	-0.508	+0.449	+0.594	-0.722	+4.553	-0.359	+4.694	+2.198	+1.732	+1.724	+4.687	+1.735	+1.728	+0.194	+4.656	+4.567	+4.726	+3.446	+2.069	+2.143	+0.563	+1.505	+3.560	+0.014	+0.031	-0.620	+0.001	+3.451	+0.195	-0.744	+1.665	-0.522	-0.687	-0.737	-0.716	-0.725	-0.705	-0.721	-0.677	-0.767	-0.798	-0.865	-0.859	-0.670	-0.901	-0.844	-0.900	
rs4979136      -0.946	-0.787	-0.780	-0.780	-0.779	-0.914	-0.851	-0.683	-0.704	-0.805	-0.834	-0.589	-0.716	-0.716	-0.721	-0.726	-0.810	-0.819	-0.806	-0.822	-0.802	-0.813	-1.007	-0.751	-0.997	-0.997	-0.997	-0.992	-0.997	-0.741	-0.652	-0.617	-0.706	-0.841	-0.850	-0.986	-0.987	-0.842	-0.946	-0.539	-0.989	-0.595	-0.957	-1.000	-0.739	-0.742	-0.956	-0.955	-0.961	-0.960	-0.581	-0.997	-0.721	-0.982	-0.770	-1.037	-1.003	-1.035	-1.035	-1.019	-1.006	-1.008	-1.003	-0.881	-0.984	-0.776	-0.816	-0.830	-0.842	-0.796	-0.804	-0.764	-0.850	-0.804	-0.844	-0.897	-0.901	-0.910	-0.900	-0.900	-0.901	-0.901	-0.901	-0.902	-0.902	-0.893	-0.903	-0.904	-0.904	-0.904	-0.905	-0.915	+1.293	+1.303	+1.312	+1.504	+2.156	+1.046	+2.188	+1.228	+1.263	+2.225	+2.193	+1.865	-0.557	-0.505	-0.796	-0.694	-0.602	+0.345	+0.484	-0.836	+4.562	-0.443	+4.705	+2.203	+1.638	+1.630	+4.699	+1.641	+1.634	+0.104	+4.667	+4.577	+4.738	+3.479	+2.010	+2.085	+0.506	+1.427	+3.593	-0.074	-0.057	-0.713	-0.087	+3.483	+0.135	-0.841	+1.621	-0.601	-0.784	-0.834	-0.812	-0.822	-0.799	-0.819	-0.770	-0.870	-0.896	-0.968	-0.967	-0.771	-1.008	-0.953	-1.007	
rs10217796     -0.940	-0.792	-0.785	-0.772	-0.771	-0.908	-0.855	-0.659	-0.682	-0.796	-0.838	-0.716	-0.583	-0.714	-0.717	-0.720	-0.802	-0.811	-0.797	-0.814	-0.794	-0.804	-1.004	-0.756	-0.994	-0.994	-0.994	-0.990	-0.994	-0.731	-0.659	-0.625	-0.697	-0.833	-0.850	-0.980	-0.982	-0.842	-0.939	-0.542	-0.984	-0.597	-0.950	-0.996	-0.740	-0.743	-0.949	-0.948	-0.954	-0.954	-0.582	-0.993	-0.720	-0.979	-0.764	-1.033	-0.998	-1.030	-1.030	-1.015	-1.000	-1.002	-0.998	-0.878	-0.980	-0.773	-0.813	-0.827	-0.839	-0.793	-0.802	-0.762	-0.847	-0.801	-0.841	-0.894	-0.897	-0.907	-0.896	-0.897	-0.897	-0.897	-0.898	-0.898	-0.899	-0.889	-0.900	-0.900	-0.901	-0.901	-0.901	-0.911	+1.290	+1.300	+1.309	+1.501	+2.155	+1.054	+2.186	+1.224	+1.260	+2.223	+2.192	+1.864	-0.550	-0.499	-0.789	-0.688	-0.595	+0.354	+0.493	-0.830	+4.560	-0.438	+4.703	+2.200	+1.645	+1.638	+4.697	+1.649	+1.641	+0.110	+4.665	+4.575	+4.736	+3.476	+2.015	+2.090	+0.510	+1.429	+3.589	-0.067	-0.050	-0.710	-0.080	+3.479	+0.139	-0.837	+1.621	-0.599	-0.779	-0.830	-0.807	-0.818	-0.793	-0.815	-0.764	-0.865	-0.890	-0.963	-0.961	-0.767	-1.003	-0.948	-1.002	
rs10217643     -0.940	-0.792	-0.785	-0.772	-0.771	-0.908	-0.854	-0.659	-0.682	-0.796	-0.838	-0.716	-0.714	-0.583	-0.716	-0.719	-0.802	-0.811	-0.797	-0.814	-0.794	-0.804	-1.004	-0.756	-0.994	-0.994	-0.994	-0.990	-0.994	-0.731	-0.659	-0.625	-0.697	-0.833	-0.850	-0.980	-0.982	-0.842	-0.939	-0.541	-0.984	-0.597	-0.950	-0.996	-0.740	-0.743	-0.949	-0.948	-0.954	-0.954	-0.582	-0.993	-0.720	-0.979	-0.764	-1.032	-0.998	-1.030	-1.030	-1.015	-1.000	-1.002	-0.998	-0.878	-0.980	-0.773	-0.813	-0.827	-0.839	-0.793	-0.802	-0.762	-0.847	-0.801	-0.841	-0.894	-0.897	-0.906	-0.896	-0.897	-0.897	-0.897	-0.898	-0.898	-0.899	-0.889	-0.900	-0.900	-0.901	-0.901	-0.901	-0.911	+1.290	+1.300	+1.309	+1.501	+2.155	+1.054	+2.186	+1.225	+1.260	+2.223	+2.192	+1.864	-0.550	-0.499	-0.789	-0.688	-0.595	+0.354	+0.494	-0.830	+4.560	-0.438	+4.703	+2.200	+1.645	+1.638	+4.697	+1.649	+1.641	+0.110	+4.665	+4.575	+4.736	+3.476	+2.015	+2.090	+0.510	+1.429	+3.589	-0.067	-0.050	-0.710	-0.080	+3.479	+0.139	-0.837	+1.621	-0.599	-0.779	-0.830	-0.807	-0.818	-0.793	-0.815	-0.764	-0.865	-0.890	-0.963	-0.961	-0.767	-1.003	-0.948	-1.002	
rs7853054      -0.940	-0.792	-0.785	-0.773	-0.772	-0.909	-0.855	-0.662	-0.684	-0.797	-0.838	-0.721	-0.717	-0.716	-0.584	-0.717	-0.803	-0.812	-0.798	-0.815	-0.795	-0.805	-1.004	-0.755	-0.994	-0.994	-0.994	-0.990	-0.994	-0.732	-0.658	-0.624	-0.698	-0.834	-0.850	-0.981	-0.982	-0.842	-0.939	-0.541	-0.984	-0.596	-0.950	-0.996	-0.740	-0.743	-0.950	-0.948	-0.954	-0.954	-0.582	-0.993	-0.720	-0.979	-0.765	-1.033	-0.999	-1.031	-1.031	-1.016	-1.001	-1.003	-0.998	-0.879	-0.981	-0.774	-0.814	-0.828	-0.839	-0.794	-0.802	-0.762	-0.847	-0.802	-0.841	-0.894	-0.898	-0.907	-0.897	-0.897	-0.897	-0.898	-0.898	-0.899	-0.899	-0.890	-0.900	-0.901	-0.901	-0.901	-0.902	-0.912	+1.291	+1.300	+1.309	+1.502	+2.155	+1.053	+2.186	+1.225	+1.260	+2.223	+2.192	+1.864	-0.550	-0.499	-0.790	-0.688	-0.596	+0.353	+0.493	-0.831	+4.561	-0.438	+4.704	+2.200	+1.645	+1.637	+4.697	+1.648	+1.641	+0.109	+4.665	+4.576	+4.736	+3.476	+2.014	+2.089	+0.510	+1.429	+3.589	-0.068	-0.051	-0.710	-0.081	+3.479	+0.138	-0.837	+1.621	-0.599	-0.780	-0.830	-0.808	-0.818	-0.794	-0.815	-0.765	-0.866	-0.891	-0.964	-0.962	-0.767	-1.004	-0.949	-1.002	
rs6477578      -0.942	-0.792	-0.785	-0.774	-0.773	-0.910	-0.855	-0.664	-0.685	-0.799	-0.838	-0.726	-0.720	-0.719	-0.717	-0.585	-0.804	-0.813	-0.800	-0.816	-0.796	-0.806	-1.005	-0.754	-0.995	-0.995	-0.995	-0.990	-0.995	-0.734	-0.656	-0.622	-0.699	-0.836	-0.850	-0.982	-0.983	-0.842	-0.941	-0.540	-0.985	-0.596	-0.952	-0.997	-0.740	-0.743	-0.951	-0.950	-0.956	-0.956	-0.581	-0.994	-0.720	-0.980	-0.766	-1.034	-1.000	-1.032	-1.032	-1.017	-1.002	-1.004	-0.999	-0.879	-0.981	-0.775	-0.814	-0.829	-0.840	-0.794	-0.803	-0.763	-0.848	-0.803	-0.842	-0.895	-0.899	-0.908	-0.898	-0.898	-0.898	-0.899	-0.899	-0.900	-0.900	-0.890	-0.901	-0.901	-0.902	-0.902	-0.903	-0.912	+1.292	+1.301	+1.310	+1.503	+2.155	+1.051	+2.187	+1.226	+1.261	+2.224	+2.192	+1.864	-0.552	-0.501	-0.791	-0.690	-0.597	+0.351	+0.491	-0.832	+4.561	-0.440	+4.704	+2.201	+1.643	+1.635	+4.697	+1.647	+1.639	+0.108	+4.666	+4.576	+4.737	+3.477	+2.013	+2.088	+0.509	+1.428	+3.590	-0.070	-0.052	-0.711	-0.082	+3.480	+0.137	-0.838	+1.621	-0.600	-0.781	-0.831	-0.809	-0.819	-0.795	-0.816	-0.766	-0.867	-0.892	-0.965	-0.963	-0.768	-1.005	-0.950	-1.004	
rs7029115      -0.598	-0.758	-0.756	-0.533	-0.531	-0.510	-0.803	-0.820	-0.819	-0.533	-0.794	-0.810	-0.802	-0.802	-0.803	-0.804	-0.407	-0.527	-0.526	-0.531	-0.522	-0.530	-0.842	-0.725	-0.838	-0.837	-0.838	-0.836	-0.837	-0.480	-0.662	-0.638	-0.509	-0.614	-0.716	-0.837	-0.833	-0.708	-0.819	-0.444	-0.836	-0.491	-0.824	-0.852	-0.604	-0.607	-0.824	-0.823	-0.824	-0.824	-0.473	-0.832	-0.587	-0.816	-0.633	-0.877	-0.841	-0.875	-0.875	-0.859	-0.849	-0.851	-0.846	-0.730	-0.817	-0.606	-0.645	-0.649	-0.661	-0.623	-0.622	-0.583	-0.671	-0.622	-0.662	-0.718	-0.722	-0.731	-0.721	-0.721	-0.721	-0.722	-0.722	-0.723	-0.723	-0.713	-0.725	-0.725	-0.725	-0.726	-0.726	-0.737	+1.503	+1.512	+1.522	+1.713	+2.308	+1.150	+2.340	+1.436	+1.472	+2.377	+2.348	+2.043	-0.434	-0.376	-0.658	-0.561	-0.477	+0.450	+0.588	-0.658	+4.742	-0.303	+4.886	+2.413	+1.763	+1.755	+4.880	+1.766	+1.759	+0.247	+4.848	+4.759	+4.920	+3.659	+2.156	+2.232	+0.659	+1.643	+3.776	+0.055	+0.071	-0.520	+0.042	+3.667	+0.295	-0.658	+1.868	-0.404	-0.606	-0.652	-0.629	-0.639	-0.650	-0.644	-0.623	-0.697	-0.742	-0.790	-0.805	-0.591	-0.836	-0.782	-0.834	
rs7029218      -0.612	-0.763	-0.761	-0.534	-0.532	-0.526	-0.809	-0.827	-0.826	-0.536	-0.799	-0.819	-0.811	-0.811	-0.812	-0.813	-0.527	-0.416	-0.526	-0.536	-0.521	-0.532	-0.849	-0.729	-0.844	-0.844	-0.844	-0.842	-0.844	-0.471	-0.665	-0.641	-0.506	-0.621	-0.723	-0.844	-0.841	-0.715	-0.827	-0.450	-0.844	-0.497	-0.832	-0.859	-0.611	-0.614	-0.831	-0.831	-0.832	-0.832	-0.479	-0.840	-0.593	-0.824	-0.640	-0.885	-0.849	-0.883	-0.883	-0.867	-0.857	-0.859	-0.854	-0.737	-0.825	-0.614	-0.653	-0.657	-0.669	-0.631	-0.630	-0.591	-0.679	-0.631	-0.671	-0.726	-0.730	-0.740	-0.729	-0.729	-0.729	-0.730	-0.730	-0.731	-0.732	-0.721	-0.733	-0.733	-0.733	-0.734	-0.734	-0.745	+1.494	+1.503	+1.512	+1.703	+2.301	+1.144	+2.333	+1.427	+1.463	+2.370	+2.342	+2.035	-0.441	-0.383	-0.665	-0.568	-0.484	+0.444	+0.581	-0.666	+4.734	-0.310	+4.879	+2.404	+1.756	+1.748	+4.872	+1.760	+1.752	+0.240	+4.840	+4.751	+4.912	+3.652	+2.150	+2.225	+0.652	+1.634	+3.768	+0.048	+0.064	-0.528	+0.036	+3.659	+0.288	-0.667	+1.859	-0.412	-0.614	-0.660	-0.637	-0.647	-0.658	-0.652	-0.630	-0.705	-0.750	-0.798	-0.812	-0.599	-0.844	-0.790	-0.842	
rs6477579      -0.591	-0.755	-0.754	-0.534	-0.532	-0.502	-0.801	-0.816	-0.815	-0.533	-0.791	-0.806	-0.797	-0.797	-0.798	-0.800	-0.526	-0.526	-0.403	-0.526	-0.520	-0.527	-0.838	-0.724	-0.834	-0.834	-0.834	-0.832	-0.834	-0.482	-0.660	-0.637	-0.509	-0.609	-0.713	-0.833	-0.829	-0.705	-0.815	-0.442	-0.832	-0.488	-0.820	-0.848	-0.601	-0.603	-0.820	-0.819	-0.820	-0.820	-0.470	-0.828	-0.584	-0.812	-0.629	-0.873	-0.837	-0.871	-0.871	-0.856	-0.845	-0.847	-0.842	-0.726	-0.813	-0.603	-0.642	-0.645	-0.658	-0.620	-0.618	-0.579	-0.667	-0.619	-0.659	-0.714	-0.718	-0.728	-0.717	-0.717	-0.717	-0.718	-0.718	-0.719	-0.720	-0.709	-0.721	-0.721	-0.721	-0.722	-0.722	-0.733	+1.507	+1.516	+1.526	+1.717	+2.312	+1.154	+2.344	+1.441	+1.477	+2.380	+2.352	+2.047	-0.431	-0.372	-0.654	-0.557	-0.474	+0.454	+0.592	-0.654	+4.747	-0.299	+4.892	+2.418	+1.768	+1.760	+4.885	+1.771	+1.764	+0.251	+4.853	+4.764	+4.925	+3.664	+2.161	+2.236	+0.663	+1.648	+3.781	+0.059	+0.075	-0.516	+0.046	+3.672	+0.299	-0.654	+1.873	-0.400	-0.602	-0.647	-0.625	-0.635	-0.646	-0.640	-0.619	-0.693	-0.739	-0.786	-0.801	-0.587	-0.832	-0.778	-0.830	
rs6477580      -0.617	-0.764	-0.762	-0.535	-0.533	-0.531	-0.810	-0.830	-0.829	-0.539	-0.801	-0.822	-0.814	-0.814	-0.815	-0.816	-0.531	-0.536	-0.526	-0.418	-0.520	-0.533	-0.851	-0.731	-0.847	-0.846	-0.847	-0.844	-0.846	-0.468	-0.667	-0.643	-0.505	-0.623	-0.726	-0.847	-0.843	-0.718	-0.829	-0.452	-0.847	-0.499	-0.834	-0.862	-0.614	-0.616	-0.834	-0.833	-0.834	-0.834	-0.481	-0.842	-0.596	-0.827	-0.642	-0.887	-0.852	-0.885	-0.885	-0.869	-0.859	-0.861	-0.857	-0.739	-0.827	-0.617	-0.655	-0.660	-0.672	-0.634	-0.633	-0.593	-0.682	-0.633	-0.673	-0.728	-0.732	-0.742	-0.731	-0.732	-0.732	-0.732	-0.733	-0.734	-0.734	-0.724	-0.735	-0.735	-0.736	-0.736	-0.737	-0.747	+1.490	+1.500	+1.509	+1.700	+2.299	+1.141	+2.331	+1.423	+1.459	+2.367	+2.339	+2.032	-0.443	-0.385	-0.667	-0.570	-0.486	+0.441	+0.579	-0.669	+4.732	-0.312	+4.876	+2.401	+1.754	+1.746	+4.869	+1.757	+1.750	+0.237	+4.837	+4.748	+4.909	+3.649	+2.148	+2.223	+0.650	+1.632	+3.765	+0.046	+0.062	-0.531	+0.033	+3.656	+0.286	-0.669	+1.855	-0.415	-0.617	-0.662	-0.639	-0.650	-0.660	-0.654	-0.632	-0.707	-0.752	-0.801	-0.815	-0.602	-0.846	-0.793	-0.845	
rs2066355      -0.586	-0.754	-0.752	-0.532	-0.531	-0.495	-0.799	-0.813	-0.813	-0.530	-0.789	-0.802	-0.794	-0.794	-0.795	-0.796	-0.522	-0.521	-0.520	-0.520	-0.400	-0.520	-0.835	-0.722	-0.831	-0.831	-0.831	-0.829	-0.831	-0.480	-0.659	-0.635	-0.508	-0.605	-0.710	-0.830	-0.826	-0.702	-0.812	-0.439	-0.829	-0.485	-0.817	-0.845	-0.598	-0.601	-0.817	-0.816	-0.817	-0.817	-0.468	-0.825	-0.581	-0.809	-0.627	-0.871	-0.834	-0.868	-0.868	-0.853	-0.842	-0.844	-0.839	-0.724	-0.810	-0.600	-0.639	-0.642	-0.654	-0.617	-0.615	-0.576	-0.664	-0.616	-0.655	-0.711	-0.715	-0.724	-0.714	-0.714	-0.714	-0.715	-0.715	-0.716	-0.716	-0.706	-0.718	-0.718	-0.718	-0.718	-0.719	-0.730	+1.511	+1.521	+1.530	+1.721	+2.315	+1.156	+2.347	+1.445	+1.481	+2.384	+2.355	+2.050	-0.428	-0.369	-0.651	-0.555	-0.471	+0.457	+0.595	-0.651	+4.750	-0.296	+4.895	+2.422	+1.770	+1.762	+4.888	+1.774	+1.766	+0.254	+4.856	+4.767	+4.928	+3.669	+2.164	+2.239	+0.666	+1.652	+3.785	+0.061	+0.078	-0.513	+0.049	+3.676	+0.302	-0.651	+1.878	-0.396	-0.599	-0.644	-0.621	-0.632	-0.644	-0.637	-0.616	-0.690	-0.736	-0.783	-0.798	-0.584	-0.829	-0.775	-0.827	
rs7034018      -0.602	-0.759	-0.757	-0.536	-0.534	-0.514	-0.805	-0.822	-0.821	-0.537	-0.795	-0.813	-0.804	-0.804	-0.805	-0.806	-0.530	-0.532	-0.527	-0.533	-0.520	-0.409	-0.843	-0.727	-0.839	-0.839	-0.839	-0.837	-0.839	-0.476	-0.663	-0.639	-0.508	-0.615	-0.718	-0.839	-0.835	-0.710	-0.821	-0.446	-0.838	-0.492	-0.826	-0.854	-0.606	-0.609	-0.826	-0.825	-0.826	-0.826	-0.475	-0.834	-0.589	-0.818	-0.635	-0.879	-0.843	-0.877	-0.877	-0.861	-0.851	-0.853	-0.848	-0.732	-0.819	-0.608	-0.647	-0.651	-0.664	-0.625	-0.624	-0.585	-0.673	-0.625	-0.664	-0.720	-0.724	-0.734	-0.723	-0.723	-0.723	-0.724	-0.724	-0.725	-0.726	-0.715	-0.727	-0.727	-0.727	-0.728	-0.728	-0.739	+1.501	+1.510	+1.520	+1.711	+2.307	+1.149	+2.339	+1.434	+1.470	+2.375	+2.347	+2.041	-0.436	-0.377	-0.660	-0.563	-0.479	+0.449	+0.586	-0.660	+4.741	-0.304	+4.885	+2.412	+1.762	+1.754	+4.879	+1.765	+1.758	+0.245	+4.847	+4.758	+4.919	+3.659	+2.155	+2.231	+0.658	+1.642	+3.775	+0.053	+0.070	-0.522	+0.041	+3.666	+0.294	-0.660	+1.867	-0.406	-0.608	-0.653	-0.631	-0.641	-0.652	-0.646	-0.625	-0.699	-0.745	-0.792	-0.807	-0.593	-0.838	-0.784	-0.836	
rs6477581      -0.926	-0.771	-0.760	-0.816	-0.816	-0.877	-0.824	-0.841	-0.833	-0.837	-0.804	-1.007	-1.004	-1.004	-1.004	-1.005	-0.842	-0.849	-0.838	-0.851	-0.835	-0.843	-0.585	-0.652	-0.709	-0.709	-0.709	-0.702	-0.709	-0.782	-0.597	-0.561	-0.750	-0.858	-0.879	-0.994	-0.996	-0.872	-0.957	-0.586	-0.997	-0.637	-0.967	-1.012	-0.778	-0.780	-0.966	-0.965	-0.970	-0.970	-0.621	-1.004	-0.745	-0.990	-0.778	-1.038	-1.008	-1.037	-1.037	-1.023	-1.009	-1.011	-1.006	-0.894	-0.989	-0.788	-0.826	-0.841	-0.852	-0.806	-0.816	-0.775	-0.858	-0.813	-0.851	-0.902	-0.906	-0.914	-0.905	-0.905	-0.905	-0.905	-0.906	-0.907	-0.907	-0.897	-0.908	-0.908	-0.909	-0.909	-0.910	-0.919	+1.246	+1.256	+1.265	+1.454	+2.114	+1.028	+2.146	+1.175	+1.210	+2.182	+2.155	+1.832	-0.570	-0.517	-0.805	-0.703	-0.614	+0.339	+0.480	-0.828	+4.522	-0.447	+4.664	+2.168	+1.630	+1.622	+4.658	+1.634	+1.626	+0.093	+4.626	+4.537	+4.696	+3.426	+2.011	+2.087	+0.499	+1.452	+3.540	-0.092	-0.075	-0.715	-0.104	+3.430	+0.130	-0.842	+1.611	-0.608	-0.784	-0.835	-0.813	-0.823	-0.801	-0.819	-0.773	-0.868	-0.897	-0.963	-0.964	-0.764	-1.004	-0.949	-1.003	
rs7046194      -0.731	-0.621	-0.614	-0.704	-0.704	-0.676	-0.567	-0.546	-0.562	-0.720	-0.577	-0.751	-0.756	-0.756	-0.755	-0.754	-0.725	-0.729	-0.724	-0.731	-0.722	-0.727	-0.652	-0.388	-0.665	-0.665	-0.665	-0.670	-0.664	-0.683	-0.536	-0.512	-0.654	-0.716	-0.757	-0.791	-0.799	-0.751	-0.728	-0.522	-0.798	-0.563	-0.745	-0.823	-0.674	-0.677	-0.744	-0.741	-0.752	-0.752	-0.548	-0.830	-0.638	-0.822	-0.606	-0.856	-0.818	-0.855	-0.855	-0.848	-0.811	-0.812	-0.807	-0.757	-0.809	-0.640	-0.674	-0.688	-0.697	-0.655	-0.666	-0.626	-0.699	-0.662	-0.695	-0.740	-0.743	-0.750	-0.742	-0.742	-0.743	-0.743	-0.743	-0.744	-0.744	-0.736	-0.745	-0.745	-0.746	-0.746	-0.746	-0.754	+1.330	+1.340	+1.349	+1.535	+2.186	+1.220	+2.218	+1.254	+1.289	+2.254	+2.236	+1.926	-0.374	-0.326	-0.616	-0.512	-0.419	+0.545	+0.692	-0.636	+4.601	-0.278	+4.742	+2.251	+1.823	+1.815	+4.735	+1.827	+1.819	+0.281	+4.704	+4.616	+4.774	+3.486	+2.142	+2.217	+0.633	+1.582	+3.601	+0.100	+0.117	-0.541	+0.087	+3.493	+0.266	-0.663	+1.732	-0.448	-0.607	-0.656	-0.635	-0.645	-0.623	-0.639	-0.596	-0.684	-0.716	-0.780	-0.774	-0.588	-0.816	-0.759	-0.815	
rs7019543      -0.916	-0.776	-0.766	-0.813	-0.812	-0.865	-0.826	-0.823	-0.814	-0.833	-0.808	-0.997	-0.994	-0.994	-0.994	-0.995	-0.838	-0.844	-0.834	-0.847	-0.831	-0.839	-0.709	-0.665	-0.573	-0.704	-0.705	-0.703	-0.704	-0.779	-0.610	-0.575	-0.748	-0.851	-0.874	-0.983	-0.985	-0.866	-0.944	-0.584	-0.987	-0.634	-0.955	-1.003	-0.772	-0.775	-0.954	-0.953	-0.959	-0.958	-0.618	-0.994	-0.739	-0.981	-0.768	-1.029	-0.997	-1.027	-1.027	-1.014	-0.998	-1.000	-0.995	-0.886	-0.979	-0.780	-0.818	-0.833	-0.844	-0.798	-0.808	-0.767	-0.849	-0.805	-0.842	-0.893	-0.896	-0.905	-0.895	-0.895	-0.896	-0.896	-0.896	-0.897	-0.898	-0.888	-0.899	-0.899	-0.899	-0.900	-0.900	-0.909	+1.250	+1.260	+1.269	+1.458	+2.117	+1.039	+2.148	+1.179	+1.214	+2.185	+2.159	+1.837	-0.559	-0.507	-0.794	-0.693	-0.603	+0.351	+0.493	-0.817	+4.526	-0.437	+4.668	+2.174	+1.641	+1.634	+4.662	+1.645	+1.637	+0.103	+4.630	+4.541	+4.701	+3.430	+2.021	+2.097	+0.508	+1.463	+3.544	-0.082	-0.065	-0.705	-0.095	+3.435	+0.139	-0.832	+1.619	-0.600	-0.775	-0.825	-0.803	-0.813	-0.791	-0.809	-0.762	-0.858	-0.887	-0.953	-0.953	-0.753	-0.993	-0.938	-0.992	
rs7019214      -0.916	-0.776	-0.766	-0.813	-0.812	-0.864	-0.826	-0.823	-0.814	-0.832	-0.808	-0.997	-0.994	-0.994	-0.994	-0.995	-0.837	-0.844	-0.834	-0.846	-0.831	-0.839	-0.709	-0.665	-0.704	-0.573	-0.705	-0.703	-0.704	-0.779	-0.610	-0.576	-0.748	-0.851	-0.874	-0.983	-0.985	-0.866	-0.944	-0.584	-0.986	-0.634	-0.955	-1.002	-0.772	-0.775	-0.954	-0.952	-0.958	-0.958	-0.618	-0.994	-0.739	-0.981	-0.767	-1.028	-0.997	-1.027	-1.027	-1.014	-0.998	-0.999	-0.995	-0.886	-0.979	-0.780	-0.818	-0.833	-0.844	-0.797	-0.808	-0.767	-0.849	-0.805	-0.842	-0.893	-0.896	-0.905	-0.895	-0.895	-0.896	-0.896	-0.896	-0.897	-0.898	-0.888	-0.899	-0.899	-0.899	-0.899	-0.900	-0.909	+1.250	+1.260	+1.269	+1.458	+2.117	+1.040	+2.149	+1.179	+1.214	+2.185	+2.159	+1.837	-0.559	-0.507	-0.794	-0.692	-0.603	+0.352	+0.493	-0.817	+4.526	-0.437	+4.669	+2.174	+1.642	+1.634	+4.662	+1.645	+1.638	+0.103	+4.630	+4.542	+4.701	+3.431	+2.021	+2.097	+0.508	+1.463	+3.544	-0.082	-0.065	-0.705	-0.094	+3.435	+0.139	-0.832	+1.619	-0.600	-0.774	-0.825	-0.803	-0.813	-0.791	-0.809	-0.762	-0.858	-0.886	-0.953	-0.953	-0.753	-0.993	-0.938	-0.992	
rs7019670      -0.916	-0.776	-0.766	-0.813	-0.812	-0.865	-0.826	-0.823	-0.814	-0.833	-0.808	-0.997	-0.994	-0.994	-0.994	-0.995	-0.838	-0.844	-0.834	-0.847	-0.831	-0.839	-0.709	-0.665	-0.705	-0.705	-0.573	-0.703	-0.705	-0.779	-0.610	-0.575	-0.748	-0.851	-0.874	-0.983	-0.985	-0.866	-0.945	-0.584	-0.987	-0.634	-0.955	-1.003	-0.772	-0.775	-0.954	-0.953	-0.959	-0.958	-0.618	-0.994	-0.739	-0.981	-0.768	-1.029	-0.998	-1.027	-1.027	-1.014	-0.998	-1.000	-0.995	-0.886	-0.979	-0.780	-0.818	-0.833	-0.844	-0.798	-0.808	-0.767	-0.849	-0.805	-0.842	-0.893	-0.896	-0.905	-0.895	-0.896	-0.896	-0.896	-0.896	-0.897	-0.898	-0.888	-0.899	-0.899	-0.900	-0.900	-0.900	-0.910	+1.250	+1.260	+1.269	+1.458	+2.117	+1.039	+2.148	+1.179	+1.214	+2.185	+2.159	+1.837	-0.559	-0.507	-0.794	-0.693	-0.603	+0.351	+0.493	-0.817	+4.526	-0.437	+4.668	+2.174	+1.641	+1.634	+4.662	+1.645	+1.637	+0.103	+4.630	+4.541	+4.701	+3.430	+2.021	+2.097	+0.508	+1.463	+3.544	-0.082	-0.065	-0.705	-0.095	+3.435	+0.139	-0.832	+1.619	-0.600	-0.775	-0.825	-0.803	-0.813	-0.791	-0.809	-0.762	-0.858	-0.887	-0.953	-0.953	-0.753	-0.993	-0.938	-0.992	
rs7022839      -0.911	-0.778	-0.768	-0.811	-0.810	-0.859	-0.826	-0.815	-0.806	-0.831	-0.809	-0.992	-0.990	-0.990	-0.990	-0.990	-0.836	-0.842	-0.832	-0.844	-0.829	-0.837	-0.702	-0.670	-0.703	-0.703	-0.703	-0.568	-0.703	-0.778	-0.615	-0.580	-0.746	-0.848	-0.871	-0.978	-0.980	-0.864	-0.939	-0.583	-0.982	-0.633	-0.950	-0.998	-0.770	-0.773	-0.949	-0.947	-0.953	-0.953	-0.617	-0.990	-0.736	-0.977	-0.763	-1.024	-0.993	-1.022	-1.022	-1.009	-0.993	-0.995	-0.990	-0.882	-0.975	-0.776	-0.814	-0.829	-0.840	-0.794	-0.804	-0.763	-0.845	-0.801	-0.838	-0.889	-0.892	-0.901	-0.891	-0.891	-0.892	-0.892	-0.892	-0.893	-0.894	-0.884	-0.894	-0.895	-0.895	-0.895	-0.896	-0.905	+1.252	+1.263	+1.271	+1.460	+2.119	+1.044	+2.150	+1.182	+1.216	+2.187	+2.161	+1.839	-0.554	-0.502	-0.790	-0.688	-0.599	+0.357	+0.499	-0.812	+4.529	-0.432	+4.671	+2.177	+1.647	+1.639	+4.665	+1.650	+1.643	+0.107	+4.633	+4.544	+4.703	+3.433	+2.026	+2.102	+0.512	+1.469	+3.547	-0.078	-0.061	-0.701	-0.090	+3.437	+0.143	-0.827	+1.623	-0.596	-0.770	-0.821	-0.799	-0.809	-0.786	-0.805	-0.758	-0.853	-0.882	-0.948	-0.948	-0.749	-0.989	-0.933	-0.987	
rs7039322      -0.916	-0.776	-0.765	-0.812	-0.812	-0.864	-0.826	-0.823	-0.814	-0.832	-0.807	-0.997	-0.994	-0.994	-0.994	-0.995	-0.837	-0.844	-0.834	-0.846	-0.831	-0.839	-0.709	-0.664	-0.704	-0.704	-0.705	-0.703	-0.573	-0.779	-0.609	-0.574	-0.747	-0.851	-0.873	-0.983	-0.985	-0.866	-0.944	-0.584	-0.986	-0.634	-0.955	-1.002	-0.772	-0.775	-0.954	-0.952	-0.958	-0.958	-0.618	-0.994	-0.739	-0.981	-0.767	-1.028	-0.997	-1.026	-1.026	-1.013	-0.998	-0.999	-0.995	-0.885	-0.979	-0.780	-0.817	-0.833	-0.844	-0.797	-0.808	-0.767	-0.849	-0.805	-0.841	-0.892	-0.896	-0.905	-0.895	-0.895	-0.896	-0.896	-0.896	-0.897	-0.898	-0.888	-0.898	-0.899	-0.899	-0.899	-0.900	-0.909	+1.250	+1.260	+1.269	+1.458	+2.117	+1.040	+2.149	+1.179	+1.214	+2.185	+2.159	+1.837	-0.559	-0.507	-0.794	-0.692	-0.603	+0.352	+0.493	-0.817	+4.526	-0.437	+4.669	+2.174	+1.642	+1.634	+4.662	+1.645	+1.638	+0.103	+4.631	+4.542	+4.701	+3.431	+2.021	+2.097	+0.508	+1.463	+3.545	-0.082	-0.065	-0.705	-0.094	+3.435	+0.139	-0.832	+1.619	-0.600	-0.774	-0.825	-0.803	-0.813	-0.791	-0.809	-0.762	-0.857	-0.886	-0.953	-0.953	-0.753	-0.993	-0.937	-0.992	
rs10978934     -0.498	-0.711	-0.709	-0.502	-0.502	-0.396	-0.753	-0.758	-0.757	-0.489	-0.745	-0.741	-0.731	-0.731	-0.732	-0.734	-0.480	-0.471	-0.482	-0.468	-0.480	-0.476	-0.782	-0.683	-0.779	-0.779	-0.779	-0.778	-0.779	-0.337	-0.622	-0.600	-0.468	-0.514	-0.659	-0.772	-0.767	-0.651	-0.755	-0.395	-0.771	-0.441	-0.760	-0.788	-0.547	-0.549	-0.759	-0.759	-0.759	-0.759	-0.424	-0.768	-0.533	-0.753	-0.575	-0.814	-0.776	-0.812	-0.812	-0.797	-0.784	-0.786	-0.781	-0.671	-0.751	-0.543	-0.582	-0.582	-0.594	-0.560	-0.555	-0.516	-0.605	-0.556	-0.596	-0.652	-0.656	-0.666	-0.655	-0.655	-0.655	-0.656	-0.656	-0.657	-0.657	-0.647	-0.659	-0.659	-0.659	-0.660	-0.660	-0.671	+1.580	+1.590	+1.599	+1.791	+2.366	+1.198	+2.399	+1.516	+1.552	+2.435	+2.407	+2.106	-0.379	-0.320	-0.600	-0.504	-0.421	+0.502	+0.640	-0.590	+4.808	-0.247	+4.953	+2.488	+1.816	+1.808	+4.946	+1.819	+1.812	+0.303	+4.915	+4.825	+4.986	+3.729	+2.209	+2.285	+0.714	+1.710	+3.847	+0.109	+0.126	-0.449	+0.097	+3.739	+0.353	-0.591	+1.953	-0.333	-0.540	-0.584	-0.560	-0.571	-0.591	-0.577	-0.564	-0.631	-0.682	-0.724	-0.742	-0.524	-0.770	-0.717	-0.769	
rs2417801      -0.649	-0.538	-0.529	-0.641	-0.641	-0.602	-0.393	-0.422	-0.435	-0.656	-0.416	-0.652	-0.659	-0.659	-0.658	-0.656	-0.662	-0.665	-0.660	-0.667	-0.659	-0.663	-0.597	-0.536	-0.610	-0.610	-0.610	-0.615	-0.609	-0.622	-0.311	-0.424	-0.594	-0.646	-0.697	-0.712	-0.722	-0.692	-0.643	-0.480	-0.720	-0.519	-0.661	-0.745	-0.624	-0.625	-0.660	-0.657	-0.669	-0.669	-0.504	-0.759	-0.587	-0.753	-0.540	-0.781	-0.744	-0.781	-0.781	-0.777	-0.735	-0.736	-0.731	-0.697	-0.737	-0.582	-0.615	-0.622	-0.631	-0.596	-0.601	-0.562	-0.632	-0.597	-0.630	-0.673	-0.676	-0.683	-0.675	-0.675	-0.676	-0.676	-0.676	-0.677	-0.677	-0.669	-0.678	-0.678	-0.679	-0.679	-0.679	-0.686	+1.368	+1.379	+1.388	+1.572	+2.213	+1.271	+2.245	+1.290	+1.325	+2.281	+2.265	+1.961	-0.305	-0.259	-0.547	-0.444	-0.351	+0.612	+0.761	-0.563	+4.628	-0.215	+4.769	+2.288	+1.888	+1.880	+4.763	+1.891	+1.884	+0.344	+4.732	+4.644	+4.801	+3.518	+2.193	+2.267	+0.684	+1.636	+3.633	+0.163	+0.180	-0.473	+0.150	+3.525	+0.320	-0.594	+1.781	-0.382	-0.536	-0.587	-0.566	-0.576	-0.554	-0.568	-0.527	-0.612	-0.646	-0.710	-0.701	-0.516	-0.743	-0.685	-0.742	
rs6415803      -0.620	-0.505	-0.495	-0.618	-0.618	-0.573	-0.326	-0.381	-0.394	-0.632	-0.353	-0.617	-0.625	-0.625	-0.624	-0.622	-0.638	-0.641	-0.637	-0.643	-0.635	-0.639	-0.561	-0.512	-0.575	-0.576	-0.575	-0.580	-0.574	-0.600	-0.424	-0.283	-0.572	-0.621	-0.674	-0.683	-0.693	-0.670	-0.611	-0.465	-0.692	-0.503	-0.629	-0.716	-0.605	-0.607	-0.629	-0.626	-0.638	-0.638	-0.489	-0.733	-0.567	-0.727	-0.515	-0.754	-0.716	-0.753	-0.753	-0.750	-0.706	-0.708	-0.703	-0.675	-0.710	-0.559	-0.591	-0.597	-0.607	-0.572	-0.576	-0.538	-0.607	-0.573	-0.605	-0.648	-0.651	-0.658	-0.650	-0.650	-0.650	-0.651	-0.651	-0.651	-0.652	-0.644	-0.653	-0.653	-0.653	-0.653	-0.654	-0.661	+1.385	+1.396	+1.405	+1.589	+2.229	+1.297	+2.260	+1.306	+1.341	+2.296	+2.281	+1.980	-0.277	-0.230	-0.520	-0.417	-0.323	+0.641	+0.791	-0.535	+4.644	-0.189	+4.786	+2.302	+1.916	+1.908	+4.779	+1.919	+1.912	+0.370	+4.748	+4.660	+4.817	+3.532	+2.214	+2.289	+0.706	+1.659	+3.647	+0.190	+0.207	-0.448	+0.177	+3.540	+0.342	-0.568	+1.799	-0.358	-0.510	-0.561	-0.540	-0.550	-0.529	-0.542	-0.502	-0.585	-0.620	-0.683	-0.674	-0.490	-0.716	-0.658	-0.715	
rs10978936     -0.492	-0.679	-0.678	-0.511	-0.510	-0.350	-0.721	-0.722	-0.721	-0.509	-0.713	-0.706	-0.697	-0.697	-0.698	-0.699	-0.509	-0.506	-0.509	-0.505	-0.508	-0.508	-0.750	-0.654	-0.748	-0.748	-0.748	-0.746	-0.747	-0.468	-0.594	-0.572	-0.296	-0.387	-0.624	-0.734	-0.729	-0.616	-0.718	-0.364	-0.733	-0.409	-0.722	-0.752	-0.511	-0.513	-0.722	-0.722	-0.722	-0.722	-0.393	-0.731	-0.502	-0.716	-0.542	-0.778	-0.738	-0.776	-0.776	-0.761	-0.747	-0.749	-0.744	-0.638	-0.713	-0.506	-0.544	-0.541	-0.554	-0.522	-0.514	-0.475	-0.565	-0.516	-0.556	-0.612	-0.616	-0.626	-0.615	-0.616	-0.616	-0.616	-0.617	-0.618	-0.618	-0.607	-0.619	-0.619	-0.620	-0.620	-0.621	-0.632	+1.613	+1.623	+1.632	+1.823	+2.386	+1.213	+2.419	+1.549	+1.586	+2.455	+2.427	+2.126	-0.348	-0.288	-0.567	-0.471	-0.390	+0.527	+0.664	-0.551	+4.819	-0.217	+4.965	+2.508	+1.828	+1.820	+4.958	+1.831	+1.824	+0.326	+4.926	+4.837	+4.998	+3.746	+2.222	+2.297	+0.735	+1.729	+3.865	+0.132	+0.149	-0.406	+0.120	+3.757	+0.377	-0.550	+1.983	-0.289	-0.500	-0.543	-0.520	-0.530	-0.560	-0.538	-0.533	-0.593	-0.649	-0.687	-0.706	-0.486	-0.732	-0.680	-0.731	
rs10816538     -0.696	-0.753	-0.750	-0.593	-0.592	-0.602	-0.802	-0.832	-0.831	-0.611	-0.791	-0.841	-0.833	-0.833	-0.834	-0.836	-0.614	-0.621	-0.609	-0.623	-0.605	-0.615	-0.858	-0.716	-0.851	-0.851	-0.851	-0.848	-0.851	-0.514	-0.646	-0.621	-0.387	-0.422	-0.726	-0.850	-0.846	-0.718	-0.834	-0.447	-0.850	-0.495	-0.839	-0.866	-0.614	-0.617	-0.838	-0.838	-0.838	-0.838	-0.478	-0.847	-0.595	-0.831	-0.641	-0.891	-0.856	-0.888	-0.888	-0.872	-0.864	-0.866	-0.861	-0.741	-0.831	-0.620	-0.659	-0.662	-0.675	-0.638	-0.635	-0.596	-0.685	-0.637	-0.677	-0.732	-0.736	-0.746	-0.735	-0.736	-0.736	-0.736	-0.737	-0.738	-0.738	-0.728	-0.739	-0.739	-0.740	-0.740	-0.741	-0.751	+1.474	+1.484	+1.494	+1.684	+2.292	+1.133	+2.324	+1.409	+1.445	+2.361	+2.332	+2.024	-0.445	-0.386	-0.670	-0.572	-0.488	+0.437	+0.574	-0.671	+4.722	-0.315	+4.866	+2.381	+1.741	+1.733	+4.859	+1.745	+1.737	+0.229	+4.827	+4.738	+4.899	+3.638	+2.138	+2.213	+0.642	+1.614	+3.756	+0.039	+0.056	-0.532	+0.027	+3.647	+0.279	-0.671	+1.841	-0.416	-0.620	-0.664	-0.641	-0.652	-0.665	-0.657	-0.637	-0.711	-0.757	-0.804	-0.820	-0.607	-0.850	-0.797	-0.849	
rs10816540     -0.797	-0.783	-0.782	-0.687	-0.686	-0.758	-0.826	-0.727	-0.721	-0.709	-0.818	-0.850	-0.850	-0.850	-0.850	-0.850	-0.716	-0.723	-0.713	-0.726	-0.710	-0.718	-0.879	-0.757	-0.874	-0.874	-0.874	-0.871	-0.873	-0.659	-0.697	-0.674	-0.624	-0.726	-0.416	-0.676	-0.703	-0.541	-0.630	-0.377	-0.695	-0.450	-0.657	-0.671	-0.642	-0.644	-0.655	-0.650	-0.673	-0.672	-0.436	-0.777	-0.637	-0.790	-0.626	-0.841	-0.791	-0.842	-0.841	-0.845	-0.770	-0.773	-0.768	-0.771	-0.801	-0.691	-0.725	-0.728	-0.736	-0.708	-0.709	-0.676	-0.738	-0.707	-0.738	-0.776	-0.779	-0.784	-0.778	-0.778	-0.778	-0.778	-0.778	-0.779	-0.779	-0.773	-0.780	-0.780	-0.781	-0.781	-0.781	-0.787	+1.276	+1.285	+1.294	+1.486	+2.143	+1.142	+2.175	+1.206	+1.241	+2.212	+2.182	+1.857	-0.376	-0.328	-0.628	-0.522	-0.423	+0.502	+0.648	-0.646	+4.542	-0.303	+4.684	+2.194	+1.775	+1.767	+4.677	+1.778	+1.771	+0.253	+4.645	+4.556	+4.716	+3.454	+2.111	+2.186	+0.608	+1.539	+3.566	+0.083	+0.100	-0.601	+0.070	+3.456	+0.235	-0.722	+1.617	-0.522	-0.656	-0.716	-0.697	-0.706	-0.610	-0.681	-0.581	-0.714	-0.709	-0.822	-0.797	-0.619	-0.845	-0.778	-0.844	
