## Summary of overall evidence for association with region:
## log10(BF for region) = 1.65342
## p-value for region = NA

## BFs for choosing among multi-SNP models:
## log10(average 1-SNP BF) = 1.25248
## log10(average 2-SNP BF) = 1.99693

## Example posterior probabilities for multi-SNP models, based on default prior: [p(l) propto 0.5^l for l=1,2,...,L]
## posterior probability of 1-SNP = 0.264828
## posterior probability of 2-SNP = 0.735172

## log10(BF) for single SNP and pair of SNPs:
rs12929202     +0.184	+2.267	+2.202	+2.642	+2.165	+1.923	+1.928	+1.916	+1.917	+1.916	+1.918	+1.534	+1.142	+1.544	+1.538	+1.848	+1.859	+1.573	+1.859	+1.861	+1.861	+1.860	-0.057	+1.863	+1.471	+1.528	+1.818	+1.867	+1.529	+1.499	+1.541	+1.536	+1.534	+1.533	-0.051	+1.661	+1.866	-0.051	+1.537	+1.526	+1.443	+1.443	+0.886	-0.051	+1.861	+1.860	-0.051	-0.052	+1.525	-0.056	-0.067	+1.519	+1.852	+1.505	+1.505	-0.066	+1.510	-0.057	+1.492	+1.480	-0.057	+1.500	+1.519	+1.507	-0.057	+1.832	-0.063	+1.734	+1.672	+1.493	-0.210	-0.163	+1.654	-0.368	-0.138	-0.365	-0.171	-0.364	-0.171	-0.172	+0.150	-0.360	+1.738	-0.179	-0.177	+1.788	-0.177	-0.158	+1.784	-0.194	+1.238	-0.188	+1.259	+1.551	-0.209	-0.199	-0.215	-0.188	+1.208	-0.199	+1.179	+1.187	+1.188	-0.289	+1.510	+0.067	+0.064	-0.206	-0.002	+0.002	+1.352	-0.290	+1.188	-0.337	+0.055	+0.366	-0.381	+0.297	+0.281	+0.313	+0.317	+0.313	+0.312	+0.310	-0.383	+0.326	+0.308	+0.306	+0.301	-0.381	+0.301	-0.379	+0.299	+0.298	+0.310	+0.329	+0.042	+0.497	+0.572	-0.344	-0.342	+0.552	-0.106	-0.346	+0.534	+0.523	+0.526	+0.512	+0.481	+0.481	+0.481	+0.514	-0.330	+0.515	+0.504	+0.504	+0.516	+0.517	-0.280	-0.355	-0.379	-0.378	-0.378	-0.387	-0.397	+0.228	-0.381	-0.381	-0.378	-0.378	-0.373	+0.073	-0.355	-0.354	+0.217	+0.236	-0.031	-0.303	-0.317	-0.114	-0.160	-0.113	-0.113	-0.108	-0.129	-0.138	-0.129	-0.102	
rs8052420      +2.267	+2.159	+2.110	+2.541	+2.083	+1.980	+1.982	+1.978	+1.977	+1.977	+1.978	+1.846	+1.805	+1.841	+1.842	+1.950	+1.954	+1.840	+1.954	+1.955	+1.955	+1.955	+1.879	+1.956	+1.865	+1.844	+1.940	+1.957	+1.844	+1.854	+1.733	+1.841	+1.733	+1.733	+1.887	+1.773	+1.957	+1.887	+1.841	+1.845	+1.735	+1.735	+1.665	+1.887	+1.955	+1.955	+1.887	+1.886	+1.845	+1.880	+1.866	+1.846	+1.952	+1.733	+1.733	+1.869	+1.849	+1.880	+1.734	+1.859	+1.880	+1.733	+1.732	+1.849	+1.880	+1.945	+1.871	+3.134	+3.157	+3.006	+1.944	+2.033	+3.174	+1.619	+1.913	+1.635	+2.018	+1.637	+2.016	+2.015	+3.098	+1.647	+3.222	+2.003	+2.006	+4.645	+2.006	+2.030	+4.643	+1.972	+2.856	+1.966	+2.790	+3.155	+1.927	+1.953	+1.914	+1.961	+2.778	+1.941	+2.755	+2.762	+2.763	+1.559	+3.426	+1.751	+1.750	+2.021	+1.714	+1.716	+3.002	+1.917	+2.903	+1.825	+1.741	+2.262	+1.568	+2.187	+2.170	+2.206	+2.208	+2.206	+2.205	+2.202	+1.566	+2.219	+2.202	+2.200	+2.195	+1.569	+2.196	+1.570	+2.194	+2.193	+2.204	+2.214	+1.743	+2.238	+2.381	+1.540	+1.540	+2.364	+1.975	+1.541	+2.348	+2.337	+2.340	+2.327	+2.304	+2.304	+2.304	+2.328	+1.542	+2.329	+2.320	+2.320	+2.329	+2.329	+1.554	+1.537	+1.541	+1.539	+1.539	+1.541	+1.548	+2.040	+1.540	+1.541	+1.541	+1.541	+1.540	+1.656	+1.545	+1.545	+2.024	+2.043	+1.639	+1.570	+1.670	+1.959	+1.904	+1.959	+1.960	+1.966	+1.937	+1.932	+1.942	+1.981	
rs7191425      +2.202	+2.110	+2.092	+2.544	+2.040	+1.939	+1.941	+1.936	+1.936	+1.935	+1.936	+1.768	+1.728	+1.764	+1.765	+1.905	+1.909	+1.763	+1.910	+1.910	+1.910	+1.910	+1.815	+1.911	+1.785	+1.767	+1.893	+1.913	+1.766	+1.775	+1.670	+1.764	+1.670	+1.670	+1.824	+1.703	+1.912	+1.824	+1.763	+1.767	+1.669	+1.669	+1.599	+1.823	+1.911	+1.910	+1.824	+1.823	+1.767	+1.817	+1.803	+1.768	+1.907	+1.669	+1.669	+1.805	+1.771	+1.816	+1.669	+1.780	+1.817	+1.669	+1.668	+1.771	+1.817	+1.899	+1.808	+3.071	+3.093	+2.942	+1.873	+1.961	+3.109	+1.555	+1.846	+1.571	+1.946	+1.573	+1.945	+1.943	+3.017	+1.583	+3.158	+1.931	+1.935	+4.564	+1.934	+1.959	+4.562	+1.901	+2.793	+1.896	+2.726	+3.090	+1.857	+1.882	+1.844	+1.891	+2.714	+1.870	+2.690	+2.698	+2.698	+1.495	+3.357	+1.689	+1.688	+1.951	+1.652	+1.654	+2.937	+1.847	+2.837	+1.757	+1.680	+2.194	+1.504	+2.119	+2.103	+2.138	+2.141	+2.138	+2.137	+2.135	+1.502	+2.152	+2.134	+2.132	+2.128	+1.505	+2.129	+1.506	+2.126	+2.125	+2.137	+2.147	+1.680	+2.173	+2.314	+1.476	+1.476	+2.297	+1.906	+1.476	+2.280	+2.270	+2.273	+2.260	+2.237	+2.237	+2.237	+2.260	+1.478	+2.261	+2.253	+2.253	+2.262	+2.262	+1.491	+1.473	+1.476	+1.475	+1.475	+1.477	+1.483	+1.974	+1.476	+1.477	+1.476	+1.476	+1.476	+1.594	+1.481	+1.481	+1.960	+1.978	+1.577	+1.506	+1.604	+1.891	+1.837	+1.892	+1.892	+1.898	+1.870	+1.865	+1.875	+1.913	
rs1423982      +2.642	+2.541	+2.544	+2.807	+2.540	+2.752	+2.737	+2.752	+2.740	+2.739	+2.721	+2.511	+2.469	+2.505	+2.507	+2.778	+2.764	+2.504	+2.763	+2.761	+2.761	+2.761	+2.490	+2.758	+2.537	+2.510	+2.795	+2.751	+2.510	+2.523	+2.513	+2.507	+2.516	+2.516	+2.499	+2.413	+2.748	+2.498	+2.506	+2.511	+2.556	+2.557	+2.290	+2.498	+2.751	+2.751	+2.498	+2.497	+2.511	+2.492	+2.478	+2.513	+2.754	+2.528	+2.528	+2.480	+2.516	+2.491	+2.534	+2.529	+2.492	+2.529	+2.516	+2.517	+2.491	+2.770	+2.484	+3.464	+3.489	+3.376	+2.605	+2.698	+3.536	+2.241	+2.476	+2.258	+2.682	+2.260	+2.680	+2.678	+3.662	+2.271	+3.623	+2.665	+2.669	+5.089	+2.669	+2.694	+5.088	+2.633	+3.294	+2.627	+3.252	+3.566	+2.584	+2.611	+2.569	+2.621	+3.224	+2.598	+3.203	+3.210	+3.211	+2.168	+3.878	+2.342	+2.341	+2.604	+2.309	+2.311	+3.436	+2.509	+3.347	+2.421	+2.333	+2.855	+2.190	+2.791	+2.774	+2.806	+2.808	+2.805	+2.804	+2.802	+2.188	+2.820	+2.803	+2.801	+2.796	+2.192	+2.798	+2.194	+2.795	+2.794	+2.805	+2.815	+2.321	+2.885	+2.987	+2.171	+2.171	+2.969	+2.617	+2.173	+2.953	+2.943	+2.945	+2.933	+2.910	+2.910	+2.910	+2.934	+2.169	+2.935	+2.927	+2.927	+2.936	+2.936	+2.170	+2.160	+2.177	+2.175	+2.175	+2.182	+2.194	+2.650	+2.183	+2.184	+2.182	+2.182	+2.178	+2.223	+2.175	+2.175	+2.640	+2.660	+2.220	+2.188	+2.334	+2.665	+2.604	+2.666	+2.666	+2.673	+2.642	+2.634	+2.645	+2.688	
rs7189911      +2.165	+2.083	+2.040	+2.540	+2.051	+1.915	+1.917	+1.911	+1.911	+1.911	+1.912	+1.719	+1.681	+1.716	+1.717	+1.879	+1.883	+1.716	+1.883	+1.884	+1.884	+1.884	+1.777	+1.885	+1.736	+1.719	+1.866	+1.887	+1.718	+1.726	+1.631	+1.716	+1.631	+1.631	+1.786	+1.660	+1.887	+1.786	+1.716	+1.719	+1.628	+1.628	+1.559	+1.786	+1.885	+1.884	+1.786	+1.785	+1.719	+1.779	+1.766	+1.720	+1.881	+1.629	+1.629	+1.767	+1.723	+1.778	+1.629	+1.731	+1.778	+1.629	+1.629	+1.723	+1.778	+1.872	+1.770	+3.032	+3.052	+2.903	+1.830	+1.917	+3.068	+1.516	+1.807	+1.532	+1.902	+1.534	+1.901	+1.900	+2.970	+1.544	+3.117	+1.888	+1.891	+4.509	+1.891	+1.915	+4.507	+1.857	+2.753	+1.853	+2.687	+3.049	+1.814	+1.838	+1.801	+1.847	+2.674	+1.828	+2.651	+2.658	+2.659	+1.456	+3.315	+1.651	+1.650	+1.910	+1.614	+1.617	+2.898	+1.806	+2.797	+1.716	+1.642	+2.153	+1.465	+2.078	+2.062	+2.097	+2.100	+2.097	+2.097	+2.094	+1.463	+2.111	+2.093	+2.091	+2.087	+1.466	+2.088	+1.467	+2.085	+2.084	+2.096	+2.106	+1.642	+2.135	+2.272	+1.438	+1.438	+2.255	+1.863	+1.438	+2.239	+2.229	+2.231	+2.219	+2.195	+2.195	+2.196	+2.219	+1.439	+2.220	+2.211	+2.211	+2.220	+2.221	+1.452	+1.435	+1.438	+1.436	+1.436	+1.438	+1.444	+1.935	+1.437	+1.437	+1.437	+1.437	+1.437	+1.559	+1.442	+1.442	+1.921	+1.940	+1.541	+1.468	+1.563	+1.850	+1.795	+1.850	+1.851	+1.857	+1.828	+1.824	+1.833	+1.871	
rs12935798     +1.923	+1.980	+1.939	+2.752	+1.915	+1.970	+1.950	+1.944	+1.943	+1.943	+1.938	+1.585	+1.553	+1.583	+1.583	+1.908	+1.911	+1.583	+1.911	+1.912	+1.912	+1.912	+1.702	+1.912	+1.594	+1.584	+1.898	+1.912	+1.584	+1.589	+1.603	+1.583	+1.603	+1.603	+1.711	+1.555	+1.910	+1.711	+1.583	+1.585	+1.613	+1.613	+1.467	+1.710	+1.908	+1.907	+1.711	+1.710	+1.585	+1.704	+1.689	+1.585	+1.903	+1.606	+1.606	+1.692	+1.586	+1.703	+1.607	+1.591	+1.703	+1.605	+1.602	+1.586	+1.703	+1.895	+1.694	+2.739	+2.754	+2.637	+1.741	+1.825	+2.796	+1.446	+1.669	+1.463	+1.810	+1.465	+1.809	+1.808	+2.782	+1.476	+2.883	+1.796	+1.800	+4.263	+1.799	+1.823	+4.261	+1.767	+2.550	+1.764	+2.502	+2.809	+1.726	+1.750	+1.713	+1.758	+2.475	+1.739	+2.453	+2.460	+2.461	+1.371	+3.080	+1.564	+1.564	+1.776	+1.528	+1.531	+2.687	+1.678	+2.588	+1.595	+1.556	+2.046	+1.387	+1.981	+1.965	+1.996	+1.999	+1.996	+1.995	+1.993	+1.385	+2.010	+1.993	+1.991	+1.987	+1.388	+1.988	+1.389	+1.985	+1.984	+1.996	+2.006	+1.546	+2.061	+2.185	+1.361	+1.361	+2.168	+1.774	+1.362	+2.151	+2.141	+2.144	+2.131	+2.108	+2.108	+2.108	+2.133	+1.361	+2.134	+2.126	+2.126	+2.135	+2.136	+1.371	+1.356	+1.363	+1.361	+1.361	+1.365	+1.372	+1.856	+1.364	+1.365	+1.364	+1.364	+1.362	+1.465	+1.365	+1.365	+1.847	+1.866	+1.450	+1.387	+1.501	+1.805	+1.748	+1.805	+1.806	+1.812	+1.783	+1.777	+1.787	+1.826	
rs4785039      +1.928	+1.982	+1.941	+2.737	+1.917	+1.950	+1.976	+1.946	+1.946	+1.946	+1.941	+1.591	+1.560	+1.589	+1.589	+1.913	+1.916	+1.590	+1.916	+1.917	+1.917	+1.916	+1.708	+1.917	+1.601	+1.591	+1.904	+1.917	+1.591	+1.595	+1.609	+1.589	+1.609	+1.609	+1.716	+1.561	+1.915	+1.716	+1.589	+1.591	+1.619	+1.619	+1.473	+1.716	+1.912	+1.912	+1.716	+1.715	+1.591	+1.709	+1.694	+1.592	+1.908	+1.612	+1.612	+1.697	+1.593	+1.708	+1.613	+1.598	+1.709	+1.612	+1.608	+1.593	+1.708	+1.900	+1.699	+2.745	+2.759	+2.641	+1.747	+1.831	+2.801	+1.452	+1.675	+1.469	+1.817	+1.471	+1.815	+1.814	+2.788	+1.482	+2.888	+1.803	+1.806	+4.268	+1.806	+1.829	+4.266	+1.773	+2.554	+1.770	+2.507	+2.814	+1.732	+1.757	+1.719	+1.765	+2.479	+1.745	+2.458	+2.465	+2.466	+1.377	+3.085	+1.570	+1.569	+1.782	+1.534	+1.536	+2.692	+1.683	+2.593	+1.600	+1.561	+2.051	+1.392	+1.986	+1.970	+2.002	+2.004	+2.001	+2.000	+1.998	+1.390	+2.015	+1.998	+1.996	+1.992	+1.393	+1.993	+1.395	+1.990	+1.990	+2.001	+2.011	+1.551	+2.067	+2.190	+1.367	+1.367	+2.173	+1.780	+1.367	+2.156	+2.146	+2.149	+2.136	+2.113	+2.113	+2.113	+2.138	+1.367	+2.139	+2.131	+2.131	+2.140	+2.141	+1.377	+1.362	+1.368	+1.367	+1.367	+1.371	+1.378	+1.861	+1.369	+1.370	+1.369	+1.370	+1.368	+1.471	+1.371	+1.371	+1.852	+1.871	+1.455	+1.393	+1.507	+1.810	+1.753	+1.811	+1.811	+1.818	+1.789	+1.782	+1.793	+1.831	
rs4785040      +1.916	+1.978	+1.936	+2.752	+1.911	+1.944	+1.946	+1.963	+1.940	+1.940	+1.935	+1.577	+1.546	+1.575	+1.576	+1.903	+1.907	+1.576	+1.907	+1.908	+1.908	+1.908	+1.696	+1.908	+1.587	+1.577	+1.893	+1.908	+1.577	+1.581	+1.595	+1.576	+1.596	+1.596	+1.704	+1.548	+1.906	+1.704	+1.575	+1.577	+1.605	+1.605	+1.461	+1.704	+1.904	+1.903	+1.704	+1.703	+1.577	+1.697	+1.682	+1.578	+1.899	+1.598	+1.598	+1.685	+1.579	+1.696	+1.600	+1.583	+1.696	+1.598	+1.595	+1.579	+1.696	+1.890	+1.687	+2.733	+2.748	+2.631	+1.733	+1.817	+2.790	+1.439	+1.662	+1.456	+1.803	+1.458	+1.802	+1.800	+2.773	+1.469	+2.877	+1.789	+1.792	+4.255	+1.792	+1.815	+4.252	+1.760	+2.543	+1.756	+2.495	+2.803	+1.718	+1.743	+1.706	+1.751	+2.468	+1.732	+2.447	+2.454	+2.454	+1.364	+3.073	+1.558	+1.557	+1.769	+1.522	+1.524	+2.681	+1.671	+2.581	+1.588	+1.549	+2.039	+1.380	+1.974	+1.958	+1.990	+1.992	+1.989	+1.988	+1.986	+1.378	+2.003	+1.986	+1.984	+1.980	+1.381	+1.981	+1.383	+1.978	+1.978	+1.989	+1.999	+1.539	+2.055	+2.178	+1.354	+1.354	+2.161	+1.767	+1.355	+2.145	+2.134	+2.137	+2.125	+2.101	+2.101	+2.101	+2.126	+1.355	+2.127	+2.119	+2.119	+2.128	+2.129	+1.365	+1.349	+1.356	+1.355	+1.354	+1.358	+1.365	+1.849	+1.357	+1.358	+1.357	+1.357	+1.356	+1.459	+1.358	+1.358	+1.840	+1.859	+1.443	+1.380	+1.494	+1.798	+1.741	+1.798	+1.799	+1.805	+1.776	+1.770	+1.780	+1.819	
rs989293       +1.917	+1.977	+1.936	+2.740	+1.911	+1.943	+1.946	+1.940	+1.963	+1.940	+1.936	+1.578	+1.546	+1.576	+1.576	+1.906	+1.910	+1.577	+1.910	+1.910	+1.910	+1.910	+1.696	+1.911	+1.588	+1.578	+1.896	+1.911	+1.578	+1.582	+1.596	+1.577	+1.597	+1.597	+1.705	+1.549	+1.909	+1.704	+1.576	+1.578	+1.606	+1.606	+1.461	+1.704	+1.906	+1.906	+1.704	+1.703	+1.578	+1.697	+1.682	+1.579	+1.901	+1.599	+1.599	+1.685	+1.580	+1.697	+1.601	+1.584	+1.697	+1.599	+1.596	+1.580	+1.697	+1.893	+1.688	+2.733	+2.748	+2.630	+1.733	+1.817	+2.790	+1.440	+1.663	+1.457	+1.803	+1.459	+1.802	+1.800	+2.774	+1.470	+2.876	+1.789	+1.792	+4.254	+1.792	+1.816	+4.252	+1.760	+2.543	+1.756	+2.495	+2.802	+1.719	+1.743	+1.706	+1.751	+2.468	+1.732	+2.446	+2.454	+2.454	+1.364	+3.073	+1.558	+1.557	+1.769	+1.522	+1.525	+2.680	+1.671	+2.581	+1.588	+1.550	+2.039	+1.380	+1.975	+1.958	+1.990	+1.992	+1.989	+1.988	+1.986	+1.378	+2.003	+1.986	+1.985	+1.980	+1.381	+1.981	+1.383	+1.978	+1.978	+1.989	+1.999	+1.539	+2.054	+2.178	+1.355	+1.354	+2.161	+1.767	+1.355	+2.145	+2.134	+2.137	+2.125	+2.101	+2.101	+2.101	+2.126	+1.355	+2.127	+2.119	+2.119	+2.128	+2.129	+1.365	+1.350	+1.356	+1.355	+1.355	+1.358	+1.365	+1.849	+1.357	+1.358	+1.357	+1.357	+1.356	+1.459	+1.358	+1.358	+1.840	+1.859	+1.443	+1.381	+1.494	+1.798	+1.741	+1.799	+1.799	+1.805	+1.777	+1.770	+1.780	+1.819	
rs989292       +1.916	+1.977	+1.935	+2.739	+1.911	+1.943	+1.946	+1.940	+1.940	+1.962	+1.936	+1.577	+1.546	+1.575	+1.576	+1.906	+1.910	+1.576	+1.910	+1.910	+1.910	+1.910	+1.695	+1.910	+1.587	+1.577	+1.896	+1.910	+1.577	+1.581	+1.596	+1.576	+1.596	+1.596	+1.704	+1.548	+1.908	+1.704	+1.576	+1.577	+1.606	+1.606	+1.461	+1.703	+1.906	+1.906	+1.704	+1.703	+1.577	+1.697	+1.682	+1.578	+1.901	+1.599	+1.599	+1.685	+1.579	+1.696	+1.600	+1.584	+1.696	+1.599	+1.595	+1.579	+1.696	+1.893	+1.687	+2.733	+2.748	+2.630	+1.733	+1.817	+2.789	+1.439	+1.662	+1.456	+1.803	+1.458	+1.801	+1.800	+2.773	+1.469	+2.876	+1.788	+1.792	+4.254	+1.791	+1.815	+4.252	+1.759	+2.542	+1.756	+2.495	+2.802	+1.718	+1.743	+1.705	+1.751	+2.467	+1.731	+2.446	+2.453	+2.454	+1.364	+3.073	+1.558	+1.557	+1.769	+1.522	+1.524	+2.680	+1.670	+2.581	+1.587	+1.549	+2.038	+1.380	+1.974	+1.958	+1.989	+1.991	+1.989	+1.988	+1.986	+1.378	+2.003	+1.986	+1.984	+1.979	+1.381	+1.981	+1.382	+1.978	+1.977	+1.988	+1.999	+1.539	+2.054	+2.178	+1.354	+1.354	+2.160	+1.766	+1.355	+2.144	+2.134	+2.137	+2.124	+2.101	+2.101	+2.101	+2.126	+1.354	+2.127	+2.118	+2.118	+2.128	+2.128	+1.364	+1.349	+1.356	+1.354	+1.354	+1.358	+1.365	+1.849	+1.357	+1.358	+1.357	+1.357	+1.355	+1.459	+1.358	+1.358	+1.839	+1.859	+1.443	+1.380	+1.494	+1.798	+1.741	+1.798	+1.799	+1.805	+1.776	+1.770	+1.780	+1.819	
rs987686       +1.918	+1.978	+1.936	+2.721	+1.912	+1.938	+1.941	+1.935	+1.936	+1.936	+1.965	+1.579	+1.547	+1.577	+1.577	+1.902	+1.907	+1.578	+1.907	+1.907	+1.907	+1.907	+1.698	+1.907	+1.588	+1.579	+1.892	+1.908	+1.578	+1.583	+1.597	+1.577	+1.598	+1.598	+1.706	+1.550	+1.906	+1.706	+1.577	+1.579	+1.607	+1.607	+1.464	+1.706	+1.904	+1.903	+1.706	+1.705	+1.579	+1.699	+1.684	+1.579	+1.899	+1.600	+1.600	+1.687	+1.580	+1.698	+1.602	+1.585	+1.699	+1.600	+1.597	+1.581	+1.698	+1.891	+1.689	+2.734	+2.749	+2.632	+1.737	+1.821	+2.791	+1.442	+1.665	+1.459	+1.807	+1.461	+1.805	+1.804	+2.777	+1.472	+2.878	+1.792	+1.796	+4.258	+1.795	+1.819	+4.256	+1.763	+2.544	+1.760	+2.497	+2.804	+1.722	+1.746	+1.709	+1.754	+2.469	+1.735	+2.448	+2.455	+2.456	+1.367	+3.074	+1.560	+1.559	+1.772	+1.524	+1.526	+2.682	+1.674	+2.582	+1.590	+1.551	+2.040	+1.383	+1.976	+1.960	+1.991	+1.994	+1.991	+1.990	+1.988	+1.380	+2.005	+1.988	+1.986	+1.982	+1.384	+1.983	+1.385	+1.980	+1.979	+1.990	+2.001	+1.541	+2.056	+2.178	+1.357	+1.357	+2.161	+1.770	+1.358	+2.145	+2.134	+2.137	+2.125	+2.101	+2.102	+2.102	+2.126	+1.357	+2.127	+2.119	+2.119	+2.128	+2.129	+1.367	+1.352	+1.359	+1.358	+1.357	+1.361	+1.368	+1.850	+1.360	+1.361	+1.360	+1.360	+1.358	+1.460	+1.361	+1.361	+1.841	+1.860	+1.445	+1.383	+1.497	+1.800	+1.743	+1.801	+1.802	+1.808	+1.779	+1.773	+1.783	+1.822	
rs1384210      +1.534	+1.846	+1.768	+2.511	+1.719	+1.585	+1.591	+1.577	+1.578	+1.577	+1.579	+0.706	+0.439	+0.642	+0.638	+1.497	+1.510	+0.633	+1.510	+1.512	+1.512	+1.512	+1.108	+1.514	+0.611	+0.629	+1.462	+1.519	+0.627	+0.613	+0.714	+0.628	+0.708	+0.708	+1.130	+0.645	+1.517	+1.129	+0.628	+0.623	+0.643	+0.643	+0.360	+1.129	+1.512	+1.511	+1.130	+1.125	+0.621	+1.107	+1.071	+0.618	+1.501	+0.686	+0.686	+1.071	+0.614	+1.104	+0.677	+0.604	+1.104	+0.682	+0.694	+0.611	+1.102	+1.478	+1.061	+1.782	+1.773	+1.629	+0.297	+0.327	+1.790	+0.333	+0.440	+0.357	+0.322	+0.358	+0.322	+0.321	+1.227	+0.373	+1.850	+0.317	+0.319	+2.821	+0.319	+0.329	+2.818	+0.308	+1.576	+0.311	+1.432	+1.760	+0.298	+0.311	+0.295	+0.311	+1.410	+0.305	+1.386	+1.393	+1.394	+0.164	+2.015	+0.495	+0.494	+0.463	+0.443	+0.447	+1.662	+0.370	+1.544	+0.309	+0.480	+0.864	+0.179	+0.791	+0.776	+0.810	+0.814	+0.811	+0.810	+0.808	+0.179	+0.822	+0.805	+0.803	+0.799	+0.179	+0.800	+0.179	+0.797	+0.796	+0.808	+0.819	+0.335	+0.778	+1.000	+0.191	+0.193	+0.983	+0.362	+0.189	+0.966	+0.957	+0.959	+0.947	+0.922	+0.922	+0.922	+0.947	+0.201	+0.948	+0.939	+0.939	+0.949	+0.949	+0.207	+0.194	+0.172	+0.174	+0.174	+0.166	+0.158	+0.673	+0.172	+0.172	+0.174	+0.175	+0.179	+0.443	+0.198	+0.198	+0.674	+0.691	+0.389	+0.244	+0.231	+0.550	+0.497	+0.550	+0.550	+0.556	+0.532	+0.525	+0.534	+0.571	
rs17201441     +1.142	+1.805	+1.728	+2.469	+1.681	+1.553	+1.560	+1.546	+1.546	+1.546	+1.547	+0.439	+0.434	+0.446	+0.443	+1.465	+1.478	+0.461	+1.478	+1.480	+1.480	+1.480	+0.758	+1.483	+0.397	+0.434	+1.430	+1.488	+0.434	+0.415	+0.614	+0.439	+0.607	+0.607	+0.779	+0.520	+1.486	+0.778	+0.440	+0.432	+0.531	+0.531	+0.180	+0.778	+1.480	+1.480	+0.778	+0.774	+0.431	+0.758	+0.723	+0.427	+1.470	+0.583	+0.583	+0.725	+0.421	+0.755	+0.572	+0.401	+0.755	+0.579	+0.593	+0.419	+0.754	+1.446	+0.716	+1.958	+1.960	+1.777	+0.042	+0.074	+1.957	+0.028	+0.302	+0.048	+0.069	+0.049	+0.069	+0.068	+1.144	+0.062	+2.026	+0.064	+0.066	+2.963	+0.065	+0.077	+2.961	+0.054	+1.667	+0.056	+1.535	+1.954	+0.043	+0.056	+0.039	+0.057	+1.505	+0.050	+1.475	+1.484	+1.484	-0.085	+2.134	+0.287	+0.285	+0.268	+0.229	+0.233	+1.769	+0.162	+1.628	+0.092	+0.270	+0.803	-0.077	+0.718	+0.701	+0.741	+0.744	+0.741	+0.740	+0.737	-0.076	+0.754	+0.733	+0.731	+0.726	-0.078	+0.727	-0.079	+0.724	+0.723	+0.736	+0.748	+0.120	+0.595	+0.938	-0.040	-0.038	+0.917	+0.114	-0.043	+0.899	+0.887	+0.890	+0.876	+0.849	+0.849	+0.849	+0.877	-0.028	+0.878	+0.867	+0.867	+0.878	+0.878	-0.027	-0.041	-0.070	-0.067	-0.067	-0.077	-0.089	+0.560	-0.068	-0.069	-0.066	-0.065	-0.060	+0.247	-0.040	-0.040	+0.489	+0.506	+0.176	+0.010	-0.035	+0.265	+0.214	+0.265	+0.265	+0.271	+0.248	+0.241	+0.250	+0.285	
rs4785041      +1.544	+1.841	+1.764	+2.505	+1.716	+1.583	+1.589	+1.575	+1.576	+1.575	+1.577	+0.642	+0.446	+0.714	+0.644	+1.496	+1.509	+0.638	+1.509	+1.511	+1.511	+1.511	+1.118	+1.513	+0.620	+0.635	+1.461	+1.518	+0.633	+0.620	+0.716	+0.634	+0.710	+0.710	+1.140	+0.648	+1.516	+1.139	+0.633	+0.629	+0.646	+0.646	+0.366	+1.139	+1.511	+1.510	+1.140	+1.135	+0.627	+1.117	+1.082	+0.624	+1.500	+0.688	+0.688	+1.081	+0.621	+1.114	+0.679	+0.611	+1.114	+0.685	+0.696	+0.618	+1.112	+1.477	+1.071	+1.789	+1.780	+1.636	+0.305	+0.335	+1.797	+0.341	+0.448	+0.365	+0.330	+0.366	+0.330	+0.329	+1.237	+0.382	+1.857	+0.325	+0.327	+2.830	+0.327	+0.337	+2.827	+0.316	+1.584	+0.319	+1.439	+1.768	+0.306	+0.319	+0.303	+0.319	+1.417	+0.313	+1.393	+1.400	+1.401	+0.171	+2.023	+0.503	+0.501	+0.471	+0.451	+0.454	+1.669	+0.378	+1.552	+0.317	+0.488	+0.872	+0.187	+0.798	+0.784	+0.818	+0.822	+0.819	+0.818	+0.816	+0.187	+0.830	+0.813	+0.811	+0.806	+0.186	+0.807	+0.186	+0.805	+0.804	+0.816	+0.827	+0.343	+0.786	+1.007	+0.199	+0.200	+0.990	+0.370	+0.197	+0.974	+0.964	+0.967	+0.954	+0.930	+0.930	+0.930	+0.955	+0.208	+0.956	+0.946	+0.946	+0.956	+0.956	+0.215	+0.201	+0.179	+0.181	+0.181	+0.174	+0.166	+0.681	+0.180	+0.179	+0.182	+0.182	+0.186	+0.450	+0.205	+0.206	+0.681	+0.699	+0.396	+0.251	+0.239	+0.558	+0.505	+0.558	+0.559	+0.565	+0.540	+0.533	+0.542	+0.579	
rs2048319      +1.538	+1.842	+1.765	+2.507	+1.717	+1.583	+1.589	+1.576	+1.576	+1.576	+1.577	+0.638	+0.443	+0.644	+0.710	+1.497	+1.509	+0.636	+1.510	+1.512	+1.512	+1.512	+1.113	+1.514	+0.617	+0.634	+1.462	+1.519	+0.632	+0.618	+0.715	+0.632	+0.710	+0.709	+1.135	+0.647	+1.517	+1.134	+0.632	+0.628	+0.645	+0.645	+0.363	+1.134	+1.511	+1.511	+1.135	+1.130	+0.625	+1.112	+1.077	+0.622	+1.501	+0.688	+0.688	+1.076	+0.619	+1.109	+0.679	+0.609	+1.109	+0.684	+0.695	+0.616	+1.107	+1.477	+1.066	+1.786	+1.777	+1.632	+0.301	+0.331	+1.793	+0.337	+0.444	+0.362	+0.326	+0.362	+0.326	+0.326	+1.232	+0.378	+1.854	+0.322	+0.323	+2.826	+0.323	+0.333	+2.823	+0.312	+1.580	+0.315	+1.435	+1.764	+0.303	+0.315	+0.299	+0.316	+1.413	+0.309	+1.390	+1.397	+1.398	+0.168	+2.019	+0.499	+0.498	+0.467	+0.447	+0.451	+1.666	+0.374	+1.548	+0.314	+0.484	+0.868	+0.183	+0.795	+0.781	+0.815	+0.818	+0.815	+0.814	+0.812	+0.183	+0.826	+0.809	+0.807	+0.803	+0.183	+0.804	+0.183	+0.801	+0.800	+0.812	+0.823	+0.339	+0.782	+1.004	+0.195	+0.197	+0.987	+0.366	+0.193	+0.970	+0.960	+0.963	+0.950	+0.926	+0.926	+0.926	+0.951	+0.205	+0.952	+0.943	+0.943	+0.952	+0.953	+0.211	+0.198	+0.175	+0.178	+0.178	+0.170	+0.162	+0.677	+0.176	+0.176	+0.178	+0.179	+0.183	+0.447	+0.202	+0.202	+0.677	+0.695	+0.392	+0.248	+0.235	+0.554	+0.502	+0.555	+0.555	+0.561	+0.536	+0.529	+0.539	+0.575	
rs2048320      +1.848	+1.950	+1.905	+2.778	+1.879	+1.908	+1.913	+1.903	+1.906	+1.906	+1.902	+1.497	+1.465	+1.496	+1.497	+1.888	+1.868	+1.498	+1.868	+1.869	+1.869	+1.869	+1.626	+1.869	+1.506	+1.498	+1.842	+1.871	+1.498	+1.501	+1.520	+1.497	+1.521	+1.521	+1.635	+1.477	+1.869	+1.635	+1.497	+1.498	+1.526	+1.526	+1.391	+1.634	+1.865	+1.864	+1.635	+1.634	+1.498	+1.628	+1.613	+1.499	+1.857	+1.522	+1.522	+1.615	+1.499	+1.627	+1.523	+1.503	+1.627	+1.522	+1.519	+1.499	+1.627	+1.844	+1.618	+2.671	+2.685	+2.567	+1.655	+1.738	+2.726	+1.368	+1.592	+1.385	+1.724	+1.387	+1.723	+1.721	+2.688	+1.398	+2.812	+1.710	+1.714	+4.171	+1.713	+1.737	+4.169	+1.681	+2.479	+1.678	+2.430	+2.737	+1.641	+1.665	+1.628	+1.673	+2.403	+1.654	+2.381	+2.388	+2.389	+1.294	+3.005	+1.491	+1.490	+1.694	+1.454	+1.457	+2.615	+1.596	+2.515	+1.513	+1.482	+1.969	+1.309	+1.904	+1.888	+1.919	+1.921	+1.919	+1.918	+1.916	+1.307	+1.933	+1.916	+1.914	+1.909	+1.310	+1.910	+1.312	+1.908	+1.907	+1.918	+1.929	+1.470	+1.983	+2.108	+1.283	+1.283	+2.090	+1.691	+1.284	+2.074	+2.064	+2.067	+2.054	+2.031	+2.031	+2.031	+2.056	+1.284	+2.057	+2.048	+2.048	+2.058	+2.058	+1.294	+1.279	+1.284	+1.283	+1.283	+1.286	+1.293	+1.779	+1.285	+1.286	+1.285	+1.286	+1.284	+1.392	+1.287	+1.287	+1.769	+1.789	+1.375	+1.310	+1.422	+1.725	+1.668	+1.726	+1.726	+1.732	+1.704	+1.697	+1.708	+1.746	
rs7205834      +1.859	+1.954	+1.909	+2.764	+1.883	+1.911	+1.916	+1.907	+1.910	+1.910	+1.907	+1.510	+1.478	+1.509	+1.509	+1.868	+1.900	+1.511	+1.876	+1.877	+1.877	+1.876	+1.637	+1.877	+1.519	+1.511	+1.852	+1.879	+1.511	+1.514	+1.533	+1.510	+1.533	+1.533	+1.646	+1.488	+1.877	+1.645	+1.510	+1.511	+1.539	+1.540	+1.401	+1.645	+1.873	+1.873	+1.645	+1.644	+1.511	+1.638	+1.623	+1.512	+1.866	+1.535	+1.535	+1.626	+1.512	+1.638	+1.535	+1.516	+1.638	+1.534	+1.532	+1.513	+1.638	+1.854	+1.628	+2.680	+2.694	+2.576	+1.667	+1.750	+2.735	+1.379	+1.602	+1.396	+1.736	+1.398	+1.735	+1.733	+2.702	+1.409	+2.821	+1.722	+1.725	+4.184	+1.725	+1.748	+4.182	+1.693	+2.488	+1.690	+2.439	+2.746	+1.652	+1.677	+1.640	+1.684	+2.412	+1.665	+2.390	+2.398	+2.398	+1.305	+3.015	+1.501	+1.500	+1.706	+1.464	+1.467	+2.624	+1.607	+2.524	+1.525	+1.492	+1.979	+1.320	+1.914	+1.898	+1.930	+1.932	+1.929	+1.928	+1.926	+1.318	+1.943	+1.926	+1.924	+1.920	+1.321	+1.921	+1.322	+1.918	+1.918	+1.929	+1.939	+1.480	+1.993	+2.118	+1.294	+1.294	+2.101	+1.702	+1.295	+2.085	+2.074	+2.077	+2.064	+2.041	+2.041	+2.041	+2.066	+1.295	+2.067	+2.058	+2.058	+2.068	+2.068	+1.305	+1.289	+1.295	+1.294	+1.294	+1.297	+1.304	+1.790	+1.296	+1.297	+1.296	+1.297	+1.295	+1.402	+1.298	+1.298	+1.780	+1.799	+1.386	+1.321	+1.433	+1.736	+1.679	+1.737	+1.738	+1.744	+1.715	+1.709	+1.719	+1.757	
rs17258338     +1.573	+1.840	+1.763	+2.504	+1.716	+1.583	+1.590	+1.576	+1.577	+1.576	+1.578	+0.633	+0.461	+0.638	+0.636	+1.498	+1.511	+0.736	+1.511	+1.513	+1.513	+1.513	+1.115	+1.515	+0.620	+0.633	+1.464	+1.520	+0.632	+0.621	+0.716	+0.632	+0.711	+0.711	+1.136	+0.650	+1.518	+1.135	+0.632	+0.629	+0.650	+0.650	+0.383	+1.136	+1.513	+1.512	+1.137	+1.132	+0.627	+1.114	+1.080	+0.625	+1.503	+0.691	+0.691	+1.079	+0.622	+1.111	+0.682	+0.614	+1.111	+0.687	+0.698	+0.620	+1.110	+1.479	+1.069	+1.806	+1.797	+1.653	+0.328	+0.360	+1.814	+0.359	+0.469	+0.384	+0.355	+0.385	+0.354	+0.354	+1.265	+0.400	+1.874	+0.350	+0.351	+2.856	+0.351	+0.362	+2.853	+0.340	+1.601	+0.343	+1.456	+1.784	+0.330	+0.343	+0.326	+0.343	+1.434	+0.336	+1.410	+1.417	+1.418	+0.192	+2.042	+0.520	+0.518	+0.495	+0.468	+0.472	+1.687	+0.401	+1.570	+0.341	+0.505	+0.892	+0.208	+0.819	+0.805	+0.839	+0.842	+0.839	+0.838	+0.836	+0.208	+0.850	+0.833	+0.831	+0.827	+0.207	+0.828	+0.207	+0.825	+0.825	+0.836	+0.847	+0.364	+0.808	+1.028	+0.218	+0.219	+1.011	+0.394	+0.216	+0.994	+0.984	+0.987	+0.975	+0.950	+0.950	+0.950	+0.975	+0.227	+0.976	+0.967	+0.967	+0.977	+0.977	+0.233	+0.220	+0.199	+0.201	+0.201	+0.194	+0.186	+0.701	+0.199	+0.199	+0.201	+0.202	+0.206	+0.465	+0.224	+0.224	+0.701	+0.719	+0.412	+0.270	+0.261	+0.584	+0.531	+0.585	+0.585	+0.591	+0.566	+0.559	+0.569	+0.605	
rs7205365      +1.859	+1.954	+1.910	+2.763	+1.883	+1.911	+1.916	+1.907	+1.910	+1.910	+1.907	+1.510	+1.478	+1.509	+1.510	+1.868	+1.876	+1.511	+1.900	+1.877	+1.877	+1.877	+1.637	+1.878	+1.519	+1.511	+1.852	+1.879	+1.511	+1.515	+1.533	+1.510	+1.533	+1.533	+1.646	+1.488	+1.877	+1.646	+1.510	+1.511	+1.540	+1.540	+1.402	+1.645	+1.873	+1.873	+1.646	+1.645	+1.511	+1.639	+1.624	+1.512	+1.867	+1.535	+1.535	+1.626	+1.513	+1.638	+1.536	+1.517	+1.638	+1.535	+1.532	+1.513	+1.638	+1.854	+1.629	+2.680	+2.694	+2.576	+1.667	+1.750	+2.735	+1.380	+1.602	+1.396	+1.736	+1.398	+1.735	+1.734	+2.702	+1.409	+2.821	+1.722	+1.726	+4.185	+1.725	+1.749	+4.182	+1.693	+2.488	+1.690	+2.440	+2.746	+1.653	+1.677	+1.640	+1.685	+2.412	+1.666	+2.391	+2.398	+2.398	+1.305	+3.015	+1.501	+1.500	+1.706	+1.465	+1.467	+2.624	+1.608	+2.524	+1.525	+1.493	+1.979	+1.320	+1.915	+1.899	+1.930	+1.932	+1.930	+1.929	+1.926	+1.318	+1.943	+1.926	+1.925	+1.920	+1.321	+1.921	+1.323	+1.919	+1.918	+1.929	+1.940	+1.480	+1.993	+2.119	+1.294	+1.294	+2.101	+1.703	+1.295	+2.085	+2.074	+2.077	+2.065	+2.041	+2.041	+2.042	+2.066	+1.295	+2.067	+2.059	+2.059	+2.068	+2.069	+1.305	+1.290	+1.296	+1.294	+1.294	+1.298	+1.304	+1.790	+1.297	+1.298	+1.297	+1.297	+1.295	+1.402	+1.298	+1.298	+1.780	+1.799	+1.386	+1.321	+1.433	+1.737	+1.680	+1.737	+1.738	+1.744	+1.715	+1.709	+1.719	+1.758	
rs2046234      +1.861	+1.955	+1.910	+2.761	+1.884	+1.912	+1.917	+1.908	+1.910	+1.910	+1.907	+1.512	+1.480	+1.511	+1.512	+1.869	+1.877	+1.513	+1.877	+1.902	+1.878	+1.878	+1.639	+1.879	+1.522	+1.513	+1.854	+1.881	+1.513	+1.517	+1.535	+1.512	+1.535	+1.535	+1.648	+1.490	+1.878	+1.647	+1.512	+1.513	+1.542	+1.542	+1.403	+1.647	+1.875	+1.875	+1.647	+1.646	+1.514	+1.640	+1.625	+1.514	+1.868	+1.537	+1.537	+1.628	+1.515	+1.640	+1.538	+1.519	+1.640	+1.537	+1.534	+1.515	+1.640	+1.857	+1.630	+2.681	+2.695	+2.577	+1.669	+1.752	+2.736	+1.381	+1.604	+1.398	+1.738	+1.400	+1.737	+1.736	+2.704	+1.411	+2.823	+1.724	+1.728	+4.186	+1.727	+1.751	+4.184	+1.695	+2.489	+1.692	+2.441	+2.748	+1.655	+1.679	+1.642	+1.687	+2.413	+1.668	+2.392	+2.399	+2.400	+1.307	+3.017	+1.503	+1.502	+1.708	+1.466	+1.469	+2.625	+1.609	+2.526	+1.527	+1.494	+1.981	+1.322	+1.916	+1.900	+1.932	+1.934	+1.931	+1.930	+1.928	+1.320	+1.945	+1.928	+1.926	+1.922	+1.323	+1.923	+1.324	+1.920	+1.919	+1.931	+1.941	+1.482	+1.995	+2.120	+1.296	+1.296	+2.103	+1.704	+1.297	+2.086	+2.076	+2.079	+2.066	+2.043	+2.043	+2.043	+2.068	+1.297	+2.069	+2.060	+2.060	+2.070	+2.070	+1.307	+1.291	+1.297	+1.296	+1.296	+1.299	+1.306	+1.792	+1.298	+1.299	+1.298	+1.299	+1.297	+1.404	+1.300	+1.300	+1.782	+1.801	+1.387	+1.323	+1.435	+1.739	+1.682	+1.739	+1.740	+1.746	+1.717	+1.711	+1.721	+1.760	
rs1423979      +1.861	+1.955	+1.910	+2.761	+1.884	+1.912	+1.917	+1.908	+1.910	+1.910	+1.907	+1.512	+1.480	+1.511	+1.512	+1.869	+1.877	+1.513	+1.877	+1.878	+1.902	+1.878	+1.639	+1.879	+1.521	+1.513	+1.854	+1.881	+1.513	+1.517	+1.535	+1.512	+1.535	+1.535	+1.648	+1.490	+1.878	+1.647	+1.512	+1.513	+1.542	+1.542	+1.403	+1.647	+1.875	+1.875	+1.647	+1.646	+1.513	+1.640	+1.625	+1.514	+1.868	+1.537	+1.537	+1.628	+1.515	+1.640	+1.538	+1.519	+1.640	+1.537	+1.534	+1.515	+1.640	+1.857	+1.630	+2.681	+2.695	+2.577	+1.669	+1.752	+2.736	+1.381	+1.604	+1.398	+1.738	+1.400	+1.737	+1.735	+2.704	+1.411	+2.823	+1.724	+1.728	+4.186	+1.727	+1.751	+4.184	+1.695	+2.489	+1.692	+2.441	+2.747	+1.655	+1.679	+1.642	+1.687	+2.413	+1.668	+2.392	+2.399	+2.400	+1.307	+3.017	+1.503	+1.502	+1.708	+1.466	+1.469	+2.625	+1.609	+2.526	+1.527	+1.494	+1.981	+1.322	+1.916	+1.900	+1.931	+1.934	+1.931	+1.930	+1.928	+1.320	+1.945	+1.928	+1.926	+1.922	+1.323	+1.923	+1.324	+1.920	+1.919	+1.931	+1.941	+1.482	+1.995	+2.120	+1.296	+1.296	+2.103	+1.704	+1.297	+2.086	+2.076	+2.079	+2.066	+2.043	+2.043	+2.043	+2.068	+1.297	+2.069	+2.060	+2.060	+2.070	+2.070	+1.307	+1.291	+1.297	+1.296	+1.296	+1.299	+1.306	+1.792	+1.298	+1.299	+1.298	+1.299	+1.297	+1.404	+1.300	+1.300	+1.782	+1.801	+1.387	+1.323	+1.435	+1.738	+1.682	+1.739	+1.740	+1.746	+1.717	+1.711	+1.721	+1.760	
rs1423980      +1.860	+1.955	+1.910	+2.761	+1.884	+1.912	+1.916	+1.908	+1.910	+1.910	+1.907	+1.512	+1.480	+1.511	+1.512	+1.869	+1.876	+1.513	+1.877	+1.878	+1.878	+1.902	+1.639	+1.879	+1.521	+1.513	+1.854	+1.881	+1.513	+1.517	+1.535	+1.512	+1.535	+1.535	+1.648	+1.490	+1.879	+1.647	+1.512	+1.513	+1.542	+1.542	+1.403	+1.647	+1.875	+1.875	+1.647	+1.646	+1.513	+1.640	+1.625	+1.514	+1.869	+1.537	+1.537	+1.628	+1.515	+1.639	+1.538	+1.519	+1.640	+1.537	+1.534	+1.515	+1.639	+1.857	+1.630	+2.681	+2.695	+2.577	+1.669	+1.752	+2.736	+1.381	+1.604	+1.398	+1.738	+1.400	+1.737	+1.735	+2.704	+1.411	+2.822	+1.724	+1.728	+4.186	+1.727	+1.751	+4.184	+1.695	+2.489	+1.692	+2.441	+2.747	+1.654	+1.679	+1.642	+1.687	+2.413	+1.667	+2.392	+2.399	+2.399	+1.306	+3.016	+1.503	+1.502	+1.707	+1.466	+1.469	+2.625	+1.609	+2.525	+1.527	+1.494	+1.981	+1.322	+1.916	+1.900	+1.931	+1.934	+1.931	+1.930	+1.928	+1.319	+1.945	+1.928	+1.926	+1.922	+1.323	+1.923	+1.324	+1.920	+1.919	+1.930	+1.941	+1.482	+1.995	+2.120	+1.296	+1.296	+2.102	+1.704	+1.297	+2.086	+2.076	+2.079	+2.066	+2.043	+2.043	+2.043	+2.068	+1.297	+2.069	+2.060	+2.060	+2.070	+2.070	+1.307	+1.291	+1.297	+1.296	+1.296	+1.299	+1.306	+1.791	+1.298	+1.299	+1.298	+1.298	+1.297	+1.404	+1.300	+1.300	+1.782	+1.801	+1.387	+1.323	+1.435	+1.738	+1.682	+1.739	+1.740	+1.746	+1.717	+1.711	+1.721	+1.760	
rs8054343      -0.057	+1.879	+1.815	+2.490	+1.777	+1.702	+1.708	+1.696	+1.696	+1.695	+1.698	+1.108	+0.758	+1.118	+1.113	+1.626	+1.637	+1.115	+1.637	+1.639	+1.639	+1.639	-0.082	+1.641	+1.051	+1.105	+1.596	+1.646	+1.105	+1.076	+1.401	+1.111	+1.393	+1.393	-0.144	+1.230	+1.644	-0.145	+1.112	+1.101	+1.297	+1.297	+0.535	-0.147	+1.639	+1.639	-0.147	-0.147	+1.100	-0.155	-0.175	+1.094	+1.631	+1.361	+1.361	-0.170	+1.086	-0.157	+1.348	+1.058	-0.157	+1.356	+1.376	+1.083	-0.157	+1.610	-0.170	+1.663	+1.606	+1.396	-0.420	-0.370	+1.558	-0.590	-0.334	-0.586	-0.379	-0.585	-0.380	-0.381	-0.007	-0.581	+1.646	-0.389	-0.386	+1.714	-0.387	-0.366	+1.710	-0.406	+1.125	-0.406	+1.118	+1.452	-0.427	-0.416	-0.434	-0.407	+1.082	-0.418	+1.051	+1.060	+1.061	-0.515	+1.383	-0.164	-0.167	-0.402	-0.233	-0.229	+1.240	-0.494	+1.072	-0.544	-0.177	+0.145	-0.612	+0.069	+0.053	+0.088	+0.092	+0.088	+0.087	+0.085	-0.613	+0.100	+0.082	+0.080	+0.075	-0.612	+0.075	-0.611	+0.073	+0.072	+0.084	+0.102	-0.172	+0.227	+0.336	-0.554	-0.552	+0.316	-0.332	-0.557	+0.298	+0.287	+0.290	+0.277	+0.246	+0.246	+0.246	+0.278	-0.540	+0.278	+0.268	+0.268	+0.279	+0.279	-0.496	-0.568	-0.594	-0.592	-0.592	-0.603	-0.616	-0.009	-0.594	-0.595	-0.592	-0.591	-0.585	-0.114	-0.565	-0.565	-0.035	-0.017	-0.227	-0.510	-0.564	-0.358	-0.403	-0.357	-0.357	-0.352	-0.374	-0.380	-0.373	-0.346	
rs1946276      +1.863	+1.956	+1.911	+2.758	+1.885	+1.912	+1.917	+1.908	+1.911	+1.910	+1.907	+1.514	+1.483	+1.513	+1.514	+1.869	+1.877	+1.515	+1.878	+1.879	+1.879	+1.879	+1.641	+1.904	+1.524	+1.516	+1.856	+1.882	+1.516	+1.519	+1.537	+1.515	+1.538	+1.538	+1.650	+1.492	+1.881	+1.649	+1.515	+1.516	+1.545	+1.545	+1.405	+1.649	+1.877	+1.877	+1.649	+1.648	+1.516	+1.642	+1.627	+1.517	+1.871	+1.539	+1.539	+1.630	+1.518	+1.642	+1.540	+1.522	+1.642	+1.539	+1.537	+1.518	+1.642	+1.860	+1.632	+2.682	+2.696	+2.578	+1.671	+1.754	+2.737	+1.384	+1.606	+1.400	+1.741	+1.402	+1.739	+1.738	+2.707	+1.413	+2.824	+1.727	+1.730	+4.189	+1.730	+1.753	+4.186	+1.698	+2.490	+1.694	+2.442	+2.749	+1.657	+1.681	+1.644	+1.689	+2.415	+1.670	+2.393	+2.400	+2.401	+1.309	+3.018	+1.505	+1.504	+1.710	+1.468	+1.471	+2.626	+1.612	+2.527	+1.529	+1.496	+1.983	+1.324	+1.918	+1.902	+1.933	+1.936	+1.933	+1.932	+1.930	+1.322	+1.947	+1.930	+1.928	+1.924	+1.325	+1.925	+1.326	+1.922	+1.921	+1.932	+1.943	+1.484	+1.997	+2.122	+1.298	+1.298	+2.104	+1.707	+1.299	+2.088	+2.078	+2.081	+2.068	+2.045	+2.045	+2.045	+2.070	+1.299	+2.071	+2.062	+2.062	+2.072	+2.072	+1.309	+1.294	+1.299	+1.298	+1.298	+1.301	+1.308	+1.793	+1.301	+1.301	+1.301	+1.301	+1.299	+1.406	+1.302	+1.302	+1.784	+1.803	+1.389	+1.325	+1.438	+1.741	+1.684	+1.742	+1.742	+1.748	+1.720	+1.713	+1.723	+1.762	
rs8044998      +1.471	+1.865	+1.785	+2.537	+1.736	+1.594	+1.601	+1.587	+1.588	+1.587	+1.588	+0.611	+0.397	+0.620	+0.617	+1.506	+1.519	+0.620	+1.519	+1.522	+1.521	+1.521	+1.051	+1.524	+0.656	+0.614	+1.470	+1.529	+0.614	+0.593	+0.711	+0.618	+0.705	+0.704	+1.074	+0.636	+1.527	+1.073	+0.618	+0.610	+0.631	+0.631	+0.322	+1.074	+1.522	+1.521	+1.075	+1.070	+0.608	+1.052	+1.017	+0.603	+1.511	+0.680	+0.680	+1.017	+0.597	+1.049	+0.670	+0.580	+1.049	+0.676	+0.689	+0.594	+1.048	+1.487	+1.007	+1.740	+1.729	+1.585	+0.249	+0.279	+1.745	+0.284	+0.391	+0.308	+0.274	+0.309	+0.274	+0.273	+1.169	+0.324	+1.806	+0.269	+0.271	+2.763	+0.271	+0.281	+2.760	+0.260	+1.531	+0.263	+1.388	+1.716	+0.251	+0.263	+0.247	+0.264	+1.366	+0.257	+1.342	+1.349	+1.350	+0.117	+1.967	+0.450	+0.449	+0.414	+0.398	+0.401	+1.617	+0.321	+1.498	+0.261	+0.435	+0.817	+0.132	+0.744	+0.730	+0.764	+0.767	+0.764	+0.763	+0.761	+0.132	+0.775	+0.758	+0.756	+0.752	+0.132	+0.752	+0.131	+0.750	+0.749	+0.761	+0.772	+0.291	+0.732	+0.953	+0.145	+0.147	+0.936	+0.314	+0.143	+0.920	+0.910	+0.913	+0.900	+0.876	+0.876	+0.876	+0.901	+0.155	+0.902	+0.892	+0.892	+0.902	+0.903	+0.162	+0.148	+0.125	+0.128	+0.128	+0.120	+0.111	+0.627	+0.126	+0.126	+0.128	+0.129	+0.133	+0.401	+0.152	+0.152	+0.627	+0.645	+0.345	+0.198	+0.184	+0.502	+0.449	+0.502	+0.503	+0.508	+0.484	+0.477	+0.486	+0.523	
rs12598422     +1.528	+1.844	+1.767	+2.510	+1.719	+1.584	+1.591	+1.577	+1.578	+1.577	+1.579	+0.629	+0.434	+0.635	+0.634	+1.498	+1.511	+0.633	+1.511	+1.513	+1.513	+1.513	+1.105	+1.516	+0.614	+0.701	+1.464	+1.521	+0.633	+0.619	+0.716	+0.635	+0.710	+0.710	+1.128	+0.646	+1.519	+1.127	+0.635	+0.630	+0.643	+0.643	+0.356	+1.128	+1.514	+1.513	+1.129	+1.124	+0.629	+1.106	+1.071	+0.625	+1.503	+0.688	+0.688	+1.070	+0.621	+1.103	+0.679	+0.611	+1.103	+0.684	+0.696	+0.619	+1.101	+1.479	+1.060	+1.777	+1.767	+1.623	+0.292	+0.322	+1.784	+0.329	+0.435	+0.354	+0.317	+0.354	+0.317	+0.316	+1.221	+0.370	+1.844	+0.312	+0.314	+2.815	+0.314	+0.324	+2.812	+0.303	+1.571	+0.306	+1.426	+1.755	+0.294	+0.306	+0.290	+0.307	+1.404	+0.300	+1.380	+1.388	+1.388	+0.159	+2.010	+0.491	+0.489	+0.458	+0.439	+0.442	+1.657	+0.365	+1.539	+0.305	+0.476	+0.859	+0.175	+0.786	+0.772	+0.806	+0.809	+0.806	+0.805	+0.803	+0.175	+0.817	+0.800	+0.798	+0.794	+0.174	+0.795	+0.174	+0.792	+0.792	+0.803	+0.814	+0.331	+0.773	+0.995	+0.187	+0.188	+0.978	+0.357	+0.185	+0.961	+0.951	+0.954	+0.942	+0.917	+0.917	+0.917	+0.942	+0.196	+0.943	+0.934	+0.934	+0.944	+0.944	+0.203	+0.190	+0.167	+0.169	+0.169	+0.162	+0.153	+0.669	+0.168	+0.167	+0.170	+0.170	+0.174	+0.439	+0.193	+0.194	+0.669	+0.687	+0.384	+0.240	+0.226	+0.546	+0.493	+0.547	+0.547	+0.553	+0.528	+0.521	+0.531	+0.567	
rs2170490      +1.818	+1.940	+1.893	+2.795	+1.866	+1.898	+1.904	+1.893	+1.896	+1.896	+1.892	+1.462	+1.430	+1.461	+1.462	+1.842	+1.852	+1.464	+1.852	+1.854	+1.854	+1.854	+1.596	+1.856	+1.470	+1.464	+1.856	+1.860	+1.464	+1.467	+1.488	+1.463	+1.488	+1.488	+1.605	+1.446	+1.858	+1.604	+1.463	+1.464	+1.492	+1.492	+1.360	+1.604	+1.854	+1.854	+1.604	+1.603	+1.464	+1.597	+1.582	+1.465	+1.847	+1.489	+1.489	+1.585	+1.465	+1.596	+1.490	+1.469	+1.597	+1.489	+1.487	+1.466	+1.596	+1.831	+1.587	+2.641	+2.654	+2.536	+1.622	+1.708	+2.695	+1.336	+1.559	+1.353	+1.694	+1.355	+1.693	+1.691	+2.653	+1.366	+2.781	+1.680	+1.684	+4.137	+1.683	+1.707	+4.134	+1.651	+2.448	+1.648	+2.399	+2.705	+1.611	+1.635	+1.598	+1.643	+2.372	+1.623	+2.350	+2.357	+2.358	+1.263	+2.974	+1.460	+1.459	+1.662	+1.423	+1.426	+2.583	+1.564	+2.483	+1.482	+1.451	+1.937	+1.278	+1.873	+1.856	+1.888	+1.890	+1.887	+1.887	+1.884	+1.276	+1.901	+1.884	+1.883	+1.878	+1.279	+1.879	+1.280	+1.876	+1.876	+1.887	+1.898	+1.440	+1.953	+2.077	+1.252	+1.252	+2.059	+1.661	+1.253	+2.043	+2.033	+2.035	+2.023	+1.999	+2.000	+2.000	+2.024	+1.253	+2.026	+2.017	+2.017	+2.026	+2.027	+1.263	+1.248	+1.253	+1.252	+1.252	+1.255	+1.262	+1.748	+1.254	+1.255	+1.254	+1.254	+1.253	+1.362	+1.256	+1.256	+1.738	+1.758	+1.345	+1.279	+1.390	+1.693	+1.636	+1.694	+1.694	+1.700	+1.672	+1.665	+1.675	+1.714	
rs2897527      +1.867	+1.957	+1.913	+2.751	+1.887	+1.912	+1.917	+1.908	+1.911	+1.910	+1.908	+1.519	+1.488	+1.518	+1.519	+1.871	+1.879	+1.520	+1.879	+1.881	+1.881	+1.881	+1.646	+1.882	+1.529	+1.521	+1.860	+1.909	+1.521	+1.525	+1.542	+1.520	+1.543	+1.543	+1.654	+1.497	+1.884	+1.654	+1.520	+1.521	+1.550	+1.550	+1.410	+1.653	+1.881	+1.881	+1.654	+1.653	+1.521	+1.647	+1.632	+1.522	+1.875	+1.545	+1.545	+1.635	+1.523	+1.646	+1.546	+1.527	+1.646	+1.545	+1.542	+1.523	+1.646	+1.865	+1.637	+2.685	+2.699	+2.581	+1.676	+1.760	+2.740	+1.388	+1.610	+1.405	+1.746	+1.407	+1.744	+1.743	+2.712	+1.418	+2.827	+1.732	+1.735	+4.193	+1.735	+1.758	+4.191	+1.703	+2.494	+1.699	+2.445	+2.752	+1.662	+1.686	+1.649	+1.694	+2.418	+1.675	+2.396	+2.404	+2.404	+1.313	+3.022	+1.509	+1.508	+1.714	+1.473	+1.475	+2.630	+1.616	+2.530	+1.534	+1.500	+1.987	+1.328	+1.922	+1.906	+1.938	+1.940	+1.937	+1.936	+1.934	+1.326	+1.951	+1.934	+1.932	+1.928	+1.329	+1.929	+1.331	+1.926	+1.926	+1.937	+1.947	+1.488	+2.001	+2.126	+1.303	+1.303	+2.108	+1.711	+1.303	+2.092	+2.082	+2.085	+2.072	+2.049	+2.049	+2.049	+2.074	+1.303	+2.075	+2.066	+2.066	+2.076	+2.076	+1.314	+1.298	+1.304	+1.303	+1.303	+1.306	+1.313	+1.798	+1.305	+1.306	+1.305	+1.305	+1.304	+1.410	+1.307	+1.307	+1.788	+1.807	+1.394	+1.329	+1.442	+1.746	+1.689	+1.747	+1.747	+1.753	+1.725	+1.718	+1.728	+1.767	
rs2406778      +1.529	+1.844	+1.766	+2.510	+1.718	+1.584	+1.591	+1.577	+1.578	+1.577	+1.578	+0.627	+0.434	+0.633	+0.632	+1.498	+1.511	+0.632	+1.511	+1.513	+1.513	+1.513	+1.105	+1.516	+0.614	+0.633	+1.464	+1.521	+0.702	+0.621	+0.716	+0.637	+0.711	+0.710	+1.129	+0.647	+1.519	+1.128	+0.637	+0.632	+0.644	+0.644	+0.357	+1.129	+1.514	+1.513	+1.130	+1.125	+0.631	+1.107	+1.072	+0.628	+1.503	+0.688	+0.688	+1.071	+0.624	+1.104	+0.679	+0.614	+1.104	+0.685	+0.697	+0.621	+1.103	+1.480	+1.061	+1.777	+1.767	+1.624	+0.293	+0.323	+1.784	+0.330	+0.435	+0.355	+0.318	+0.356	+0.317	+0.317	+1.223	+0.371	+1.845	+0.313	+0.314	+2.816	+0.314	+0.325	+2.812	+0.304	+1.571	+0.307	+1.427	+1.755	+0.294	+0.307	+0.291	+0.307	+1.405	+0.301	+1.381	+1.388	+1.389	+0.160	+2.011	+0.491	+0.490	+0.459	+0.439	+0.443	+1.657	+0.366	+1.539	+0.306	+0.477	+0.860	+0.175	+0.787	+0.772	+0.806	+0.810	+0.807	+0.806	+0.804	+0.175	+0.818	+0.801	+0.799	+0.795	+0.175	+0.795	+0.175	+0.793	+0.792	+0.804	+0.815	+0.331	+0.773	+0.996	+0.188	+0.189	+0.979	+0.358	+0.186	+0.962	+0.952	+0.955	+0.942	+0.918	+0.918	+0.918	+0.943	+0.197	+0.944	+0.935	+0.935	+0.945	+0.945	+0.204	+0.190	+0.168	+0.170	+0.170	+0.163	+0.154	+0.670	+0.168	+0.168	+0.171	+0.171	+0.175	+0.439	+0.194	+0.194	+0.670	+0.688	+0.385	+0.240	+0.227	+0.547	+0.494	+0.548	+0.548	+0.554	+0.529	+0.522	+0.532	+0.568	
