## Summary of overall evidence for association with region:
## log10(BF for region) = 5.71317
## p-value for region = NA

## BFs for choosing among multi-SNP models:
## log10(average 1-SNP BF) = 4.20186
## log10(average 2-SNP BF) = 6.18128

## Example posterior probabilities for multi-SNP models, based on default prior: [p(l) propto 0.5^l for l=1,2,...,L]
## posterior probability of 1-SNP = 0.0205397
## posterior probability of 2-SNP = 0.97946

## log10(BF) for single SNP and pair of SNPs:
rs12375995     -0.563	-0.557	-0.957	-0.275	-0.959	-0.113	-0.111	-0.159	-0.112	-0.121	-0.202	-0.210	-0.224	-0.200	-0.281	-0.020	-0.044	-0.018	-0.336	-0.922	-0.160	-0.946	-0.964	-0.099	-0.962	-0.962	-0.009	-0.934	-0.936	-0.233	-0.257	-0.242	-0.250	-0.233	-0.884	-0.380	-0.389	-0.358	-0.332	-1.007	-1.024	-0.931	-0.910	-0.910	-0.305	-0.927	-0.928	-0.257	-0.927	-1.012	-1.011	+0.362	-1.015	+0.853	+1.777	-0.183	-0.979	-0.977	-0.979	-0.180	-0.979	-1.012	-1.009	+1.357	-0.939	+1.547	-0.997	+0.794	+1.076	+1.536	+1.227	+1.272	+1.122	-0.992	+0.946	+1.056	-1.001	-0.997	-1.003	-0.995	+0.466	+0.779	+0.350	+0.362	+0.657	+0.994	+1.019	+1.038	+0.981	+0.988	+1.141	-0.950	-0.949	+1.098	-0.950	+2.031	+1.898	-0.947	+1.764	-0.900	-0.974	-0.988	+1.170	+1.277	+0.902	-0.949	+1.146	+1.146	+1.186	-0.950	-0.953	+1.542	-0.924	-1.003	+0.910	+1.497	+1.428	-0.936	-0.942	-0.929	+1.205	+1.146	-0.876	+1.031	+1.486	-0.941	+0.957	-0.835	-0.823	+0.995	-0.793	-1.005	-0.789	-0.992	-0.875	-0.827	-0.866	-0.855	-0.861	-0.848	-1.032	-0.906	-0.938	-0.925	-0.949	-0.957	-0.916	-0.864	-0.877	-0.983	-0.916	-0.510	-0.510	+5.117	-0.302	-0.270	-0.288	+3.985	+5.598	+3.497	
rs1327404      -0.557	-0.590	-1.023	-0.429	-0.928	-0.275	-0.273	-0.318	-0.271	-0.281	-0.355	-0.363	-0.375	-0.353	-0.451	-0.208	-0.208	-0.205	-0.499	-0.877	-0.311	-0.909	-0.934	-0.252	-0.933	-0.933	-0.172	-0.894	-0.897	-0.377	-0.398	-0.385	-0.392	-0.376	-0.830	-0.514	-0.522	-0.494	-0.469	-0.996	-1.024	-0.890	-0.866	-0.863	-0.463	-0.889	-0.890	-0.399	-0.889	-1.020	-1.021	+0.191	-1.034	+0.632	+1.819	-0.355	-0.961	-0.958	-0.961	-0.352	-0.961	-1.038	-1.041	+1.126	-1.004	+1.306	-1.032	+0.587	+0.840	+1.293	+0.944	+1.009	+0.846	-1.040	+0.680	+0.825	-1.044	-1.043	-1.045	-1.042	+0.250	+0.768	+0.143	+0.172	+0.466	+0.788	+0.810	+1.075	+0.774	+0.780	+1.178	-1.012	-1.011	+0.883	-1.012	+2.093	+1.649	-1.009	+1.523	-0.976	-1.031	-1.038	+0.951	+1.053	+0.681	-1.011	+0.929	+0.929	+0.966	-1.011	-1.013	+1.588	-0.994	-1.045	+0.696	+1.263	+1.192	-1.001	-1.005	-0.997	+0.985	+0.882	-0.872	+0.807	+1.253	-1.004	+0.751	-0.921	-0.912	+0.784	-0.887	-1.060	-0.884	-1.051	-0.949	-0.916	-0.942	-0.940	-0.937	-0.927	-1.078	-0.972	-0.955	-0.940	-0.967	-0.976	-0.933	-0.877	-0.891	-1.001	-0.933	-0.521	-0.520	+5.071	-0.384	-0.353	-0.370	+4.025	+5.510	+3.533	
rs10964323     -0.957	-1.023	-0.599	-0.345	-0.890	-0.231	-0.229	-0.276	-0.229	-0.238	-0.318	-0.326	-0.339	-0.316	-0.405	-0.161	-0.162	-0.159	-0.457	-0.836	-0.275	-0.873	-0.901	-0.215	-0.899	-0.899	-0.128	-0.855	-0.859	-0.347	-0.370	-0.354	-0.362	-0.346	-0.787	-0.491	-0.500	-0.470	-0.445	-0.979	-1.008	-0.852	-0.833	-0.822	-0.427	-0.853	-0.854	-0.372	-0.853	-0.994	-0.998	+0.257	-1.014	+0.745	+1.798	-0.311	-0.936	-0.933	-0.936	-0.308	-0.937	-1.026	-1.029	+1.220	-0.996	+1.408	-1.029	+0.636	+0.901	+1.396	+1.031	+1.117	+0.926	-1.037	+0.758	+0.886	-1.041	-1.040	-1.043	-1.040	+0.322	+0.753	+0.208	+0.210	+0.527	+0.857	+0.878	+1.063	+0.841	+0.847	+1.166	-1.005	-1.005	+0.955	-1.005	+2.080	+1.751	-1.003	+1.620	-0.968	-1.028	-1.036	+1.025	+1.134	+0.731	-1.005	+1.003	+1.003	+1.042	-1.005	-1.007	+1.574	-0.986	-1.042	+0.772	+1.367	+1.288	-0.994	-0.999	-0.989	+1.069	+0.990	-0.854	+0.866	+1.349	-0.998	+0.828	-0.910	-0.900	+0.863	-0.879	-1.058	-0.877	-1.049	-0.942	-0.910	-0.935	-0.935	-0.930	-0.919	-1.075	-0.967	-0.961	-0.946	-0.973	-0.982	-0.938	-0.883	-0.897	-1.007	-0.939	-0.521	-0.520	+5.064	-0.386	-0.356	-0.373	+4.043	+5.515	+3.550	
rs2383131      -0.275	-0.429	-0.345	+0.058	-0.107	-0.021	-0.020	-0.054	-0.020	-0.027	-0.084	-0.090	-0.099	-0.082	-0.177	-0.012	+0.029	-0.011	-0.207	-0.054	-0.044	-0.108	-0.145	+0.001	-0.143	-0.143	+0.068	-0.080	-0.086	-0.087	-0.104	-0.093	-0.098	-0.086	-0.005	-0.184	-0.190	-0.170	-0.155	-0.303	-0.343	-0.086	-0.077	-0.048	-0.177	-0.097	-0.099	-0.101	-0.098	-0.288	-0.301	+0.362	-0.336	+0.756	+1.891	-0.097	-0.212	-0.207	-0.212	-0.095	-0.212	-0.372	-0.386	+1.225	-0.415	+1.393	-0.397	+0.770	+0.994	+1.379	+1.042	+1.085	+0.954	-0.424	+0.798	+0.979	-0.421	-0.424	-0.420	-0.425	+0.408	+0.974	+0.319	+0.414	+0.641	+0.918	+0.939	+1.335	+0.907	+0.912	+1.429	-0.418	-0.418	+1.006	-0.417	+2.250	+1.709	-0.417	+1.592	-0.410	-0.429	-0.428	+1.068	+1.160	+0.850	-0.417	+1.047	+1.047	+1.081	-0.417	-0.417	+1.807	-0.414	-0.421	+0.849	+1.361	+1.293	-0.416	-0.417	-0.415	+1.106	+0.967	-0.087	+0.969	+1.351	-0.414	+0.899	-0.382	-0.378	+0.928	-0.407	-0.428	-0.407	-0.440	-0.395	-0.421	-0.391	-0.430	-0.389	-0.382	-0.409	-0.405	-0.203	-0.180	-0.222	-0.221	-0.150	-0.058	-0.078	-0.247	-0.149	+0.405	+0.405	+5.884	+0.099	+0.126	+0.111	+5.036	+6.369	+4.541	
rs149085330    -0.959	-0.928	-0.890	-0.107	-0.535	+1.109	+1.111	+1.005	+1.073	+1.049	+0.888	+0.882	+0.844	+0.900	+1.032	+1.029	+1.183	+1.022	+0.908	-0.713	+0.897	-0.738	-0.762	+0.975	-0.760	-0.760	+1.165	-0.743	-0.747	+0.719	+0.658	+0.686	+0.666	+0.696	-0.684	+0.422	+0.402	+0.460	+0.493	-0.864	-0.861	-0.757	-0.756	-0.734	+0.740	-0.768	-0.769	+0.592	-0.769	-0.775	-0.783	+1.535	-0.746	+2.567	+1.745	+1.023	-0.803	-0.803	-0.803	+1.026	-0.806	-0.783	-0.758	+2.818	-0.545	+3.146	-0.784	+2.103	+2.562	+3.146	+3.158	+3.052	+2.982	-0.692	+2.717	+2.530	-0.722	-0.710	-0.735	-0.703	+1.751	+0.753	+1.538	+1.399	+1.783	+2.228	+2.261	+1.015	+2.200	+2.204	+1.117	-0.592	-0.591	+2.381	-0.595	+2.008	+3.540	-0.584	+3.348	-0.439	-0.633	-0.682	+2.477	+2.654	+2.211	-0.589	+2.459	+2.458	+2.519	-0.591	-0.599	+1.517	-0.511	-0.741	+2.202	+3.102	+2.954	-0.544	-0.563	-0.525	+2.592	+2.875	-0.836	+2.392	+3.012	-0.591	+2.139	-0.319	-0.287	+2.202	-0.609	-0.901	-0.612	-0.882	-0.489	-0.659	-0.471	-0.697	-0.460	-0.434	-0.944	-0.580	-0.894	-0.879	-0.907	-0.913	-0.867	-0.813	-0.828	-0.948	-0.869	-0.463	-0.463	+5.643	-0.079	-0.041	-0.062	+4.003	+6.044	+3.523	
rs10811281     -0.113	-0.275	-0.231	-0.021	+1.109	+0.217	+0.123	+0.102	+0.085	+0.091	+0.067	+0.070	+0.064	+0.068	-0.070	+0.025	+0.127	+0.027	-0.080	+1.078	+0.031	+0.981	+0.864	+0.050	+0.867	+0.867	+0.111	+0.973	+0.961	-0.010	-0.025	-0.018	-0.022	-0.018	+1.167	-0.031	-0.030	-0.034	-0.042	+0.966	+0.774	+0.922	+0.909	+1.005	-0.101	+0.883	+0.878	-0.040	+0.879	+0.313	+0.275	+0.403	+0.198	+0.894	+1.904	-0.056	+0.628	+0.639	+0.629	-0.055	+0.626	+0.054	+0.012	+1.356	-0.175	+1.612	-0.024	+0.747	+1.029	+1.588	+1.028	+1.092	+0.928	-0.110	+0.769	+1.012	-0.085	-0.102	-0.085	-0.106	+0.374	+1.001	+0.286	+0.312	+0.586	+0.906	+0.927	+1.195	+0.889	+0.894	+1.285	-0.172	-0.175	+1.007	-0.173	+2.085	+1.983	-0.176	+1.813	-0.206	-0.152	-0.130	+1.082	+1.198	+0.797	-0.172	+1.059	+1.059	+1.101	-0.170	-0.166	+1.645	-0.191	-0.091	+0.822	+1.532	+1.422	-0.182	-0.179	-0.188	+1.153	+0.961	+0.177	+0.957	+1.491	-0.182	+0.860	-0.222	-0.223	+0.892	-0.233	-0.107	-0.244	-0.152	-0.246	-0.243	-0.247	-0.237	-0.247	-0.248	-0.061	-0.234	-0.050	-0.028	-0.070	-0.077	-0.013	+0.086	+0.066	-0.098	-0.005	+0.497	+0.499	+5.510	+0.107	+0.131	+0.118	+5.171	+6.020	+4.609	
rs12378863     -0.111	-0.273	-0.229	-0.020	+1.111	+0.123	+0.218	+0.109	+0.088	+0.095	+0.073	+0.074	+0.068	+0.072	-0.068	+0.026	+0.130	+0.028	-0.078	+1.082	+0.033	+0.984	+0.866	+0.052	+0.870	+0.870	+0.113	+0.976	+0.963	-0.008	-0.023	-0.016	-0.020	-0.017	+1.169	-0.028	-0.028	-0.031	-0.040	+0.968	+0.778	+0.924	+0.911	+1.008	-0.100	+0.885	+0.881	-0.038	+0.882	+0.315	+0.277	+0.405	+0.200	+0.896	+1.903	-0.055	+0.631	+0.642	+0.631	-0.053	+0.629	+0.057	+0.014	+1.355	-0.173	+1.612	-0.022	+0.747	+1.029	+1.587	+1.028	+1.092	+0.929	-0.108	+0.769	+1.011	-0.083	-0.100	-0.083	-0.105	+0.375	+1.002	+0.287	+0.312	+0.586	+0.907	+0.927	+1.196	+0.889	+0.894	+1.286	-0.170	-0.173	+1.007	-0.172	+2.086	+1.982	-0.174	+1.812	-0.205	-0.150	-0.128	+1.082	+1.198	+0.797	-0.170	+1.059	+1.058	+1.101	-0.168	-0.164	+1.646	-0.189	-0.089	+0.822	+1.532	+1.422	-0.180	-0.177	-0.186	+1.153	+0.961	+0.179	+0.957	+1.491	-0.180	+0.860	-0.221	-0.222	+0.892	-0.231	-0.104	-0.242	-0.150	-0.245	-0.241	-0.245	-0.235	-0.246	-0.246	-0.058	-0.233	-0.048	-0.026	-0.068	-0.075	-0.012	+0.088	+0.068	-0.097	-0.003	+0.499	+0.501	+5.511	+0.109	+0.132	+0.119	+5.175	+6.024	+4.612	
rs1936447      -0.159	-0.318	-0.276	-0.054	+1.005	+0.102	+0.109	+0.171	+0.071	+0.078	+0.033	+0.032	+0.024	+0.031	-0.105	+0.004	+0.125	+0.006	-0.119	+0.987	+0.006	+0.890	+0.775	+0.032	+0.783	+0.783	+0.104	+0.888	+0.875	-0.041	-0.058	-0.050	-0.055	-0.050	+1.073	-0.078	-0.079	-0.078	-0.083	+0.870	+0.690	+0.839	+0.828	+0.921	-0.135	+0.802	+0.798	-0.072	+0.798	+0.244	+0.208	+0.415	+0.134	+0.927	+1.881	-0.084	+0.552	+0.563	+0.552	-0.082	+0.550	-0.004	-0.045	+1.383	-0.223	+1.650	-0.080	+0.757	+1.048	+1.624	+1.031	+1.096	+0.930	-0.163	+0.768	+1.030	-0.139	-0.155	-0.139	-0.160	+0.361	+0.973	+0.271	+0.302	+0.587	+0.914	+0.935	+1.172	+0.895	+0.901	+1.263	-0.221	-0.224	+1.018	-0.222	+2.070	+2.023	-0.224	+1.848	-0.253	-0.203	-0.182	+1.094	+1.214	+0.801	-0.221	+1.071	+1.070	+1.114	-0.219	-0.215	+1.625	-0.239	-0.144	+0.829	+1.566	+1.450	-0.230	-0.227	-0.236	+1.171	+0.962	+0.123	+0.969	+1.521	-0.230	+0.866	-0.266	-0.267	+0.898	-0.277	-0.160	-0.287	-0.204	-0.290	-0.288	-0.290	-0.283	-0.290	-0.291	-0.116	-0.279	-0.097	-0.075	-0.117	-0.124	-0.061	+0.038	+0.018	-0.145	-0.052	+0.448	+0.450	+5.477	+0.072	+0.095	+0.083	+5.122	+5.988	+4.560	
rs1419259      -0.112	-0.271	-0.229	-0.020	+1.073	+0.085	+0.088	+0.071	+0.220	+0.089	+0.091	+0.081	+0.096	+0.076	-0.071	+0.027	+0.133	+0.030	-0.081	+1.075	+0.035	+0.981	+0.861	+0.060	+0.870	+0.870	+0.108	+0.976	+0.963	-0.011	-0.014	-0.018	-0.022	-0.018	+1.168	-0.033	-0.033	-0.036	-0.029	+0.946	+0.761	+0.924	+0.913	+1.006	-0.095	+0.887	+0.883	-0.031	+0.883	+0.316	+0.279	+0.414	+0.201	+0.911	+1.905	-0.054	+0.630	+0.641	+0.630	-0.052	+0.629	+0.058	+0.016	+1.344	-0.171	+1.596	-0.022	+0.738	+1.018	+1.572	+1.024	+1.089	+0.925	-0.108	+0.767	+1.003	-0.084	-0.100	-0.084	-0.105	+0.375	+1.005	+0.288	+0.311	+0.584	+0.903	+0.922	+1.199	+0.884	+0.890	+1.288	-0.170	-0.173	+1.002	-0.171	+2.088	+1.963	-0.174	+1.795	-0.204	-0.150	-0.129	+1.076	+1.190	+0.792	-0.170	+1.053	+1.052	+1.094	-0.168	-0.164	+1.648	-0.189	-0.090	+0.818	+1.523	+1.411	-0.179	-0.176	-0.185	+1.145	+0.959	+0.180	+0.947	+1.479	-0.179	+0.857	-0.219	-0.220	+0.889	-0.227	-0.107	-0.242	-0.153	-0.243	-0.241	-0.244	-0.235	-0.244	-0.245	-0.062	-0.231	-0.051	-0.029	-0.071	-0.078	-0.015	+0.083	+0.064	-0.098	-0.006	+0.509	+0.511	+5.498	+0.111	+0.134	+0.122	+5.193	+6.041	+4.630	
rs10811282     -0.121	-0.281	-0.238	-0.027	+1.049	+0.091	+0.095	+0.078	+0.089	+0.210	+0.080	+0.072	+0.075	+0.067	-0.075	+0.022	+0.137	+0.024	-0.086	+1.042	+0.028	+0.946	+0.840	+0.053	+0.848	+0.848	+0.108	+0.954	+0.942	-0.019	-0.029	-0.023	-0.027	-0.023	+1.130	-0.044	-0.045	-0.046	-0.047	+0.923	+0.751	+0.905	+0.882	+0.987	-0.104	+0.868	+0.863	-0.044	+0.864	+0.299	+0.263	+0.411	+0.188	+0.909	+1.898	-0.060	+0.613	+0.624	+0.614	-0.059	+0.611	+0.045	+0.003	+1.354	-0.182	+1.610	-0.038	+0.741	+1.020	+1.585	+1.026	+1.091	+0.927	-0.121	+0.767	+1.005	-0.098	-0.115	-0.098	-0.119	+0.372	+0.997	+0.284	+0.309	+0.585	+0.906	+0.925	+1.191	+0.887	+0.893	+1.281	-0.181	-0.184	+1.006	-0.182	+2.082	+1.979	-0.184	+1.810	-0.214	-0.163	-0.142	+1.080	+1.196	+0.792	-0.180	+1.057	+1.057	+1.099	-0.179	-0.174	+1.642	-0.199	-0.104	+0.820	+1.535	+1.420	-0.189	-0.186	-0.195	+1.152	+0.959	+0.169	+0.951	+1.490	-0.190	+0.859	-0.229	-0.230	+0.891	-0.238	-0.115	-0.250	-0.161	-0.253	-0.250	-0.253	-0.244	-0.253	-0.254	-0.070	-0.241	-0.057	-0.035	-0.077	-0.084	-0.020	+0.079	+0.060	-0.105	-0.012	+0.497	+0.499	+5.501	+0.102	+0.125	+0.113	+5.179	+6.029	+4.616	
rs10964339     -0.202	-0.355	-0.318	-0.084	+0.888	+0.067	+0.073	+0.033	+0.091	+0.080	+0.132	+0.024	+0.020	+0.024	-0.136	-0.014	+0.164	-0.010	-0.152	+0.892	-0.005	+0.800	+0.689	+0.029	+0.696	+0.697	+0.092	+0.799	+0.787	-0.071	-0.080	-0.078	-0.084	-0.077	+0.980	-0.122	-0.124	-0.120	-0.110	+0.761	+0.588	+0.754	+0.745	+0.833	-0.160	+0.721	+0.716	-0.095	+0.717	+0.179	+0.146	+0.437	+0.073	+0.975	+1.864	-0.107	+0.477	+0.487	+0.477	-0.106	+0.475	-0.057	-0.096	+1.392	-0.267	+1.661	-0.131	+0.758	+1.051	+1.635	+1.032	+1.097	+0.929	-0.211	+0.765	+1.036	-0.188	-0.204	-0.188	-0.208	+0.351	+0.952	+0.258	+0.293	+0.585	+0.916	+0.935	+1.155	+0.895	+0.901	+1.246	-0.266	-0.268	+1.019	-0.267	+2.060	+2.033	-0.269	+1.857	-0.295	-0.249	-0.229	+1.097	+1.217	+0.800	-0.266	+1.073	+1.073	+1.116	-0.264	-0.260	+1.611	-0.282	-0.194	+0.830	+1.581	+1.459	-0.273	-0.271	-0.279	+1.177	+0.961	+0.073	+0.971	+1.529	-0.274	+0.865	-0.305	-0.305	+0.898	-0.315	-0.215	-0.327	-0.256	-0.328	-0.329	-0.328	-0.325	-0.328	-0.328	-0.173	-0.318	-0.141	-0.120	-0.161	-0.167	-0.105	-0.009	-0.028	-0.189	-0.097	+0.413	+0.415	+5.438	+0.042	+0.066	+0.053	+5.090	+5.972	+4.529	
rs4977238      -0.210	-0.363	-0.326	-0.090	+0.882	+0.070	+0.074	+0.032	+0.081	+0.072	+0.024	+0.124	+0.015	+0.031	-0.141	-0.017	+0.179	-0.013	-0.159	+0.879	-0.006	+0.786	+0.676	+0.027	+0.684	+0.684	+0.094	+0.786	+0.774	-0.075	-0.082	-0.082	-0.088	-0.081	+0.966	-0.127	-0.129	-0.124	-0.114	+0.756	+0.583	+0.740	+0.731	+0.820	-0.166	+0.707	+0.702	-0.099	+0.703	+0.168	+0.134	+0.445	+0.063	+0.990	+1.862	-0.112	+0.464	+0.475	+0.465	-0.110	+0.462	-0.067	-0.106	+1.406	-0.276	+1.679	-0.140	+0.765	+1.062	+1.652	+1.034	+1.100	+0.930	-0.220	+0.767	+1.043	-0.198	-0.213	-0.198	-0.217	+0.349	+0.947	+0.256	+0.293	+0.587	+0.920	+0.941	+1.151	+0.901	+0.907	+1.242	-0.274	-0.276	+1.026	-0.275	+2.057	+2.053	-0.277	+1.876	-0.303	-0.258	-0.238	+1.104	+1.226	+0.804	-0.273	+1.080	+1.080	+1.124	-0.272	-0.268	+1.608	-0.290	-0.203	+0.835	+1.592	+1.472	-0.282	-0.279	-0.287	+1.185	+0.963	+0.063	+0.978	+1.543	-0.282	+0.869	-0.313	-0.313	+0.902	-0.323	-0.223	-0.334	-0.264	-0.336	-0.336	-0.336	-0.333	-0.336	-0.335	-0.182	-0.326	-0.149	-0.127	-0.169	-0.176	-0.113	-0.017	-0.036	-0.197	-0.105	+0.405	+0.407	+5.433	+0.036	+0.059	+0.047	+5.081	+5.965	+4.521	
rs4977353      -0.224	-0.375	-0.339	-0.099	+0.844	+0.064	+0.068	+0.024	+0.096	+0.075	+0.020	+0.015	+0.111	+0.018	-0.150	-0.022	+0.176	-0.018	-0.168	+0.861	-0.012	+0.768	+0.658	+0.027	+0.666	+0.666	+0.095	+0.769	+0.757	-0.082	-0.090	-0.089	-0.095	-0.087	+0.948	-0.139	-0.141	-0.136	-0.124	+0.725	+0.553	+0.722	+0.714	+0.801	-0.174	+0.689	+0.685	-0.106	+0.686	+0.152	+0.118	+0.450	+0.047	+1.000	+1.856	-0.118	+0.447	+0.458	+0.448	-0.117	+0.445	-0.082	-0.121	+1.414	-0.289	+1.689	-0.155	+0.769	+1.068	+1.662	+1.037	+1.103	+0.932	-0.234	+0.768	+1.053	-0.212	-0.227	-0.212	-0.231	+0.346	+0.940	+0.252	+0.292	+0.589	+0.924	+0.943	+1.145	+0.903	+0.909	+1.237	-0.288	-0.290	+1.029	-0.289	+2.054	+2.062	-0.291	+1.884	-0.317	-0.272	-0.252	+1.108	+1.230	+0.806	-0.288	+1.084	+1.083	+1.127	-0.286	-0.282	+1.603	-0.304	-0.217	+0.838	+1.607	+1.481	-0.295	-0.293	-0.301	+1.192	+0.965	+0.049	+0.983	+1.552	-0.296	+0.872	-0.325	-0.325	+0.905	-0.335	-0.239	-0.347	-0.279	-0.348	-0.349	-0.348	-0.346	-0.348	-0.348	-0.198	-0.339	-0.163	-0.142	-0.183	-0.190	-0.128	-0.032	-0.051	-0.211	-0.120	+0.388	+0.390	+5.421	+0.025	+0.049	+0.036	+5.061	+5.951	+4.502	
rs12237769     -0.200	-0.353	-0.316	-0.082	+0.900	+0.068	+0.072	+0.031	+0.076	+0.067	+0.024	+0.031	+0.018	+0.134	-0.134	-0.013	+0.185	-0.009	-0.150	+0.911	+0.003	+0.818	+0.706	+0.034	+0.711	+0.711	+0.100	+0.814	+0.802	-0.066	-0.072	-0.073	-0.078	-0.072	+0.998	-0.113	-0.115	-0.111	-0.102	+0.787	+0.608	+0.766	+0.755	+0.846	-0.158	+0.731	+0.727	-0.090	+0.728	+0.187	+0.153	+0.448	+0.079	+0.993	+1.866	-0.105	+0.488	+0.499	+0.488	-0.104	+0.486	-0.052	-0.092	+1.407	-0.264	+1.681	-0.126	+0.768	+1.064	+1.653	+1.036	+1.101	+0.932	-0.207	+0.768	+1.046	-0.184	-0.200	-0.184	-0.204	+0.352	+0.952	+0.259	+0.296	+0.588	+0.921	+0.941	+1.155	+0.901	+0.907	+1.246	-0.262	-0.265	+1.026	-0.263	+2.060	+2.053	-0.265	+1.875	-0.292	-0.246	-0.226	+1.104	+1.226	+0.806	-0.262	+1.081	+1.080	+1.124	-0.260	-0.256	+1.611	-0.279	-0.189	+0.836	+1.592	+1.472	-0.271	-0.268	-0.276	+1.185	+0.964	+0.077	+0.979	+1.543	-0.270	+0.870	-0.303	-0.303	+0.903	-0.312	-0.210	-0.324	-0.251	-0.326	-0.326	-0.326	-0.322	-0.326	-0.326	-0.168	-0.316	-0.138	-0.116	-0.158	-0.165	-0.102	-0.005	-0.024	-0.186	-0.094	+0.417	+0.419	+5.440	+0.043	+0.066	+0.053	+5.095	+5.972	+4.534	
rs7852773      -0.281	-0.451	-0.405	-0.177	+1.032	-0.070	-0.068	-0.105	-0.071	-0.075	-0.136	-0.141	-0.150	-0.134	+0.031	+0.011	-0.011	+0.011	-0.104	+1.072	-0.111	+0.962	+0.848	-0.065	+0.855	+0.855	+0.009	+0.971	+0.955	-0.165	-0.181	-0.169	-0.175	-0.165	+1.162	-0.248	-0.253	-0.238	-0.227	+0.185	+0.081	+0.899	+0.837	+0.995	-0.176	+0.843	+0.838	-0.188	+0.838	+0.194	+0.149	+0.341	+0.067	+0.809	+1.802	-0.099	+0.561	+0.574	+0.562	-0.098	+0.558	-0.096	-0.142	+1.297	-0.340	+1.528	-0.220	+0.708	+0.980	+1.506	+1.273	+1.329	+1.137	-0.270	+0.939	+0.965	-0.248	-0.266	-0.248	-0.271	+0.377	+0.869	+0.265	+0.266	+0.551	+0.875	+0.895	+1.255	+0.857	+0.863	+1.348	-0.339	-0.342	+0.973	-0.340	+2.158	+1.889	-0.342	+1.733	-0.374	-0.319	-0.296	+1.046	+1.159	+0.764	-0.338	+1.024	+1.023	+1.065	-0.336	-0.332	+1.720	-0.358	-0.254	+0.787	+1.464	+1.363	-0.348	-0.345	-0.354	+1.112	+1.140	+0.006	+0.920	+1.431	-0.348	+0.830	-0.389	-0.390	+0.863	-0.424	-0.375	-0.429	-0.403	-0.413	-0.436	-0.413	-0.438	-0.414	-0.414	-0.343	-0.402	-0.312	-0.294	-0.327	-0.332	-0.282	-0.202	-0.218	-0.351	-0.275	+0.185	+0.187	+5.183	-0.062	-0.039	-0.052	+4.708	+5.659	+4.171	
rs4977354      -0.020	-0.208	-0.161	-0.012	+1.029	+0.025	+0.026	+0.004	+0.027	+0.022	-0.014	-0.017	-0.022	-0.013	+0.011	+0.287	+0.063	+0.173	+0.009	+1.080	+0.005	+0.995	+0.907	+0.036	+0.908	+0.908	+0.084	+1.010	+0.996	-0.026	-0.036	-0.030	-0.033	-0.027	+1.170	-0.076	-0.078	-0.070	-0.064	+0.378	+0.282	+0.946	+0.889	+1.034	-0.028	+0.898	+0.894	-0.039	+0.894	+0.347	+0.306	+0.351	+0.247	+0.739	+1.876	+0.004	+0.673	+0.684	+0.674	+0.005	+0.672	+0.099	+0.058	+1.217	-0.093	+1.410	+0.035	+0.698	+0.937	+1.393	+1.092	+1.148	+0.983	-0.012	+0.817	+0.922	+0.012	-0.007	+0.012	-0.013	+0.401	+0.987	+0.313	+0.342	+0.588	+0.880	+0.900	+1.386	+0.867	+0.872	+1.476	-0.091	-0.095	+0.968	-0.093	+2.259	+1.754	-0.096	+1.619	-0.131	-0.065	-0.040	+1.033	+1.131	+0.780	-0.091	+1.012	+1.012	+1.048	-0.089	-0.085	+1.838	-0.113	+0.001	+0.795	+1.357	+1.282	-0.101	-0.097	-0.108	+1.071	+1.007	+0.376	+0.900	+1.345	-0.101	+0.846	-0.151	-0.153	+0.876	-0.193	-0.122	-0.199	-0.153	-0.182	-0.203	-0.183	-0.202	-0.183	-0.184	-0.088	-0.170	-0.037	-0.018	-0.054	-0.056	-0.001	+0.087	+0.070	-0.074	+0.005	+0.455	+0.456	+5.392	+0.173	+0.197	+0.184	+4.913	+5.874	+4.369	
rs4977355      -0.044	-0.208	-0.162	+0.029	+1.183	+0.127	+0.130	+0.125	+0.133	+0.137	+0.164	+0.179	+0.176	+0.185	-0.011	+0.063	+0.287	+0.065	-0.014	+1.195	+0.104	+1.096	+0.997	+0.111	+1.002	+1.002	+0.146	+1.111	+1.098	+0.054	+0.056	+0.047	+0.043	+0.044	+1.280	+0.050	+0.051	+0.043	+0.046	+1.109	+0.933	+1.052	+1.014	+1.137	-0.037	+1.010	+1.006	+0.030	+1.007	+0.418	+0.378	+0.423	+0.307	+0.906	+1.936	-0.007	+0.751	+0.763	+0.752	-0.006	+0.748	+0.145	+0.100	+1.328	-0.098	+1.572	+0.055	+0.736	+1.003	+1.549	+1.028	+1.092	+0.931	-0.030	+0.775	+0.987	-0.008	-0.025	-0.008	-0.030	+0.398	+1.043	+0.314	+0.331	+0.592	+0.903	+0.923	+1.230	+0.886	+0.892	+1.319	-0.096	-0.099	+1.000	-0.097	+2.109	+1.938	-0.099	+1.774	-0.133	-0.078	-0.055	+1.072	+1.184	+0.793	-0.095	+1.050	+1.049	+1.090	-0.093	-0.089	+1.675	-0.116	-0.014	+0.819	+1.497	+1.393	-0.106	-0.103	-0.113	+1.136	+0.964	+0.259	+0.943	+1.461	-0.106	+0.860	-0.153	-0.155	+0.891	-0.159	-0.021	-0.175	-0.070	-0.179	-0.173	-0.179	-0.165	-0.180	-0.181	+0.028	-0.165	+0.023	+0.046	+0.003	-0.002	+0.062	+0.164	+0.145	-0.022	+0.072	+0.594	+0.596	+5.569	+0.162	+0.185	+0.173	+5.307	+6.117	+4.737	
rs4977356      -0.018	-0.205	-0.159	-0.011	+1.022	+0.027	+0.028	+0.006	+0.030	+0.024	-0.010	-0.013	-0.018	-0.009	+0.011	+0.173	+0.065	+0.291	+0.010	+1.080	+0.008	+0.995	+0.908	+0.038	+0.910	+0.910	+0.085	+1.011	+0.997	-0.024	-0.033	-0.028	-0.031	-0.025	+1.170	-0.073	-0.075	-0.068	-0.059	+0.369	+0.275	+0.947	+0.890	+1.033	-0.022	+0.899	+0.894	-0.036	+0.895	+0.349	+0.308	+0.352	+0.239	+0.740	+1.879	+0.006	+0.674	+0.685	+0.675	+0.007	+0.672	+0.102	+0.061	+1.216	-0.091	+1.407	+0.037	+0.698	+0.936	+1.391	+1.088	+1.144	+0.979	-0.010	+0.815	+0.922	+0.013	-0.005	+0.013	-0.011	+0.401	+0.990	+0.314	+0.345	+0.590	+0.881	+0.900	+1.390	+0.867	+0.873	+1.480	-0.089	-0.093	+0.969	-0.091	+2.262	+1.750	-0.094	+1.616	-0.129	-0.063	-0.038	+1.033	+1.131	+0.781	-0.089	+1.012	+1.012	+1.047	-0.087	-0.084	+1.842	-0.110	+0.002	+0.795	+1.354	+1.280	-0.099	-0.095	-0.106	+1.070	+1.003	+0.376	+0.900	+1.342	-0.099	+0.847	-0.148	-0.150	+0.877	-0.189	-0.123	-0.196	-0.153	-0.180	-0.200	-0.180	-0.199	-0.180	-0.181	-0.088	-0.167	-0.036	-0.017	-0.053	-0.055	-0.000	+0.087	+0.069	-0.072	+0.006	+0.467	+0.468	+5.384	+0.177	+0.201	+0.188	+4.930	+5.889	+4.385	
rs4275300      -0.336	-0.499	-0.457	-0.207	+0.908	-0.080	-0.078	-0.119	-0.081	-0.086	-0.152	-0.159	-0.168	-0.150	-0.104	+0.009	-0.014	+0.010	-0.019	+0.992	-0.122	+0.886	+0.777	-0.070	+0.787	+0.787	+0.011	+0.903	+0.887	-0.182	-0.200	-0.186	-0.192	-0.181	+1.081	-0.276	-0.281	-0.264	-0.251	+0.117	+0.016	+0.822	+0.763	+0.917	-0.196	+0.767	+0.762	-0.208	+0.765	+0.125	+0.081	+0.356	-0.002	+0.840	+1.790	-0.102	+0.489	+0.502	+0.490	-0.100	+0.487	-0.156	-0.200	+1.333	-0.392	+1.575	-0.276	+0.728	+1.008	+1.551	+1.344	+1.398	+1.200	-0.326	+0.994	+0.992	-0.304	-0.321	-0.304	-0.326	+0.389	+0.848	+0.270	+0.262	+0.556	+0.888	+0.908	+1.227	+0.868	+0.874	+1.321	-0.391	-0.394	+0.989	-0.393	+2.137	+1.938	-0.395	+1.777	-0.424	-0.372	-0.351	+1.064	+1.180	+0.774	-0.391	+1.041	+1.041	+1.083	-0.389	-0.385	+1.696	-0.409	-0.311	+0.800	+1.504	+1.399	-0.400	-0.397	-0.406	+1.137	+1.193	-0.052	+0.940	+1.468	-0.400	+0.841	-0.436	-0.437	+0.875	-0.469	-0.430	-0.474	-0.456	-0.461	-0.482	-0.461	-0.485	-0.461	-0.461	-0.400	-0.450	-0.363	-0.346	-0.378	-0.383	-0.333	-0.254	-0.270	-0.401	-0.326	+0.132	+0.134	+5.161	-0.099	-0.075	-0.088	+4.662	+5.635	+4.126	
rs7852830      -0.922	-0.877	-0.836	-0.054	-0.713	+1.078	+1.082	+0.987	+1.075	+1.042	+0.892	+0.879	+0.861	+0.911	+1.072	+1.080	+1.195	+1.080	+0.992	-0.490	+1.103	-0.640	-0.644	+1.208	-0.636	-0.636	+1.413	-0.652	-0.653	+0.929	+0.865	+0.910	+0.887	+0.919	-0.649	+0.613	+0.590	+0.652	+0.686	-0.798	-0.778	-0.691	-0.705	-0.681	+0.993	-0.710	-0.711	+0.772	-0.712	-0.583	-0.612	+1.739	-0.567	+2.824	+1.748	+1.327	-0.710	-0.712	-0.710	+1.330	-0.715	-0.636	-0.597	+3.098	-0.307	+3.390	-0.662	+2.331	+2.812	+3.389	+3.507	+3.363	+3.321	-0.519	+3.060	+2.792	-0.561	-0.546	-0.580	-0.535	+2.015	+0.765	+1.790	+1.597	+1.990	+2.442	+2.467	+1.022	+2.409	+2.412	+1.123	-0.405	-0.403	+2.594	-0.410	+2.010	+3.778	-0.395	+3.587	-0.203	-0.446	-0.512	+2.694	+2.880	+2.442	-0.399	+2.679	+2.678	+2.741	-0.401	-0.411	+1.522	-0.296	-0.592	+2.424	+3.360	+3.201	-0.334	-0.361	-0.309	+2.828	+3.187	-0.794	+2.673	+3.264	-0.395	+2.384	-0.038	+0.006	+2.450	-0.526	-0.837	-0.530	-0.817	-0.307	-0.579	-0.285	-0.619	-0.273	-0.243	-0.883	-0.412	-0.849	-0.833	-0.861	-0.867	-0.818	-0.765	-0.780	-0.903	-0.821	-0.423	-0.423	+5.822	+0.024	+0.064	+0.041	+4.058	+6.210	+3.584	
rs10811284     -0.160	-0.311	-0.275	-0.044	+0.897	+0.031	+0.033	+0.006	+0.035	+0.028	-0.005	-0.006	-0.012	+0.003	-0.111	+0.005	+0.104	+0.008	-0.122	+1.103	+0.179	+1.005	+0.893	+0.100	+0.896	+0.896	+0.162	+1.007	+0.993	-0.003	-0.002	-0.019	-0.024	-0.021	+1.200	-0.029	-0.030	-0.036	-0.029	+1.013	+0.810	+0.939	+0.924	+1.025	-0.116	+0.897	+0.892	-0.035	+0.893	+0.301	+0.263	+0.496	+0.191	+1.064	+1.886	-0.074	+0.636	+0.648	+0.637	-0.072	+0.634	+0.034	-0.009	+1.428	-0.203	+1.711	-0.047	+0.784	+1.083	+1.683	+1.045	+1.109	+0.941	-0.137	+0.778	+1.064	-0.111	-0.128	-0.110	-0.133	+0.364	+0.980	+0.272	+0.309	+0.598	+0.929	+0.950	+1.178	+0.911	+0.916	+1.269	-0.201	-0.204	+1.035	-0.202	+2.075	+2.080	-0.205	+1.898	-0.237	-0.181	-0.157	+1.114	+1.237	+0.815	-0.201	+1.090	+1.090	+1.134	-0.199	-0.194	+1.631	-0.221	-0.117	+0.846	+1.616	+1.491	-0.211	-0.208	-0.218	+1.199	+0.972	+0.162	+0.995	+1.564	-0.211	+0.880	-0.254	-0.256	+0.913	-0.263	-0.140	-0.277	-0.186	-0.280	-0.277	-0.280	-0.271	-0.281	-0.281	-0.093	-0.267	-0.077	-0.054	-0.097	-0.103	-0.038	+0.065	+0.045	-0.124	-0.028	+0.497	+0.499	+5.464	+0.066	+0.089	+0.077	+5.136	+6.003	+4.574	
rs10964344     -0.946	-0.909	-0.873	-0.108	-0.738	+0.981	+0.984	+0.890	+0.981	+0.946	+0.800	+0.786	+0.768	+0.818	+0.962	+0.995	+1.096	+0.995	+0.886	-0.640	+1.005	-0.518	-0.670	+1.114	-0.664	-0.664	+1.313	-0.680	-0.683	+0.837	+0.775	+0.819	+0.798	+0.830	-0.624	+0.528	+0.508	+0.567	+0.602	-0.827	-0.815	-0.712	-0.720	-0.692	+0.893	-0.729	-0.730	+0.687	-0.730	-0.671	-0.689	+1.645	-0.632	+2.712	+1.745	+1.222	-0.743	-0.744	-0.743	+1.225	-0.747	-0.703	-0.669	+2.955	-0.407	+3.293	-0.713	+2.241	+2.714	+3.292	+3.398	+3.258	+3.212	-0.586	+2.948	+2.695	-0.624	-0.610	-0.641	-0.601	+1.916	+0.750	+1.694	+1.508	+1.900	+2.349	+2.374	+1.014	+2.314	+2.319	+1.115	-0.480	-0.478	+2.498	-0.484	+2.007	+3.674	-0.470	+3.484	-0.292	-0.519	-0.580	+2.597	+2.780	+2.341	-0.475	+2.581	+2.580	+2.642	-0.477	-0.485	+1.516	-0.379	-0.654	+2.325	+3.254	+3.095	-0.415	-0.439	-0.391	+2.725	+3.068	-0.818	+2.527	+3.153	-0.483	+2.254	-0.155	-0.115	+2.319	-0.571	-0.873	-0.575	-0.853	-0.379	-0.623	-0.358	-0.662	-0.347	-0.317	-0.919	-0.487	-0.876	-0.861	-0.889	-0.895	-0.848	-0.795	-0.809	-0.931	-0.850	-0.451	-0.451	+5.738	-0.030	+0.009	-0.013	+4.033	+6.129	+3.557	
rs17832714     -0.964	-0.934	-0.901	-0.145	-0.762	+0.864	+0.866	+0.775	+0.861	+0.840	+0.689	+0.676	+0.658	+0.706	+0.848	+0.907	+0.997	+0.908	+0.777	-0.644	+0.893	-0.670	-0.540	+1.027	-0.681	-0.681	+1.222	-0.675	-0.680	+0.734	+0.674	+0.737	+0.715	+0.748	-0.612	+0.436	+0.417	+0.474	+0.509	-0.852	-0.844	-0.713	-0.727	-0.686	+0.799	-0.733	-0.734	+0.595	-0.734	-0.725	-0.740	+1.556	-0.692	+2.601	+1.744	+1.119	-0.768	-0.768	-0.768	+1.123	-0.772	-0.751	-0.721	+2.852	-0.478	+3.189	-0.760	+2.121	+2.585	+3.190	+3.278	+3.144	+3.096	-0.642	+2.832	+2.568	-0.684	-0.671	-0.699	-0.662	+1.815	+0.740	+1.596	+1.426	+1.814	+2.262	+2.284	+1.009	+2.227	+2.230	+1.111	-0.542	-0.540	+2.408	-0.546	+2.007	+3.576	-0.534	+3.387	-0.366	-0.587	-0.642	+2.507	+2.688	+2.226	-0.537	+2.491	+2.490	+2.552	-0.539	-0.548	+1.513	-0.448	-0.710	+2.233	+3.153	+2.997	-0.482	-0.505	-0.460	+2.633	+2.952	-0.834	+2.409	+3.055	-0.544	+2.164	-0.237	-0.199	+2.228	-0.608	-0.902	-0.611	-0.883	-0.441	-0.658	-0.421	-0.696	-0.410	-0.382	-0.946	-0.543	-0.898	-0.883	-0.911	-0.918	-0.871	-0.818	-0.832	-0.952	-0.873	-0.473	-0.473	+5.664	-0.073	-0.034	-0.056	+4.013	+6.058	+3.534	
rs2105396      -0.099	-0.252	-0.215	+0.001	+0.975	+0.050	+0.052	+0.032	+0.060	+0.053	+0.029	+0.027	+0.027	+0.034	-0.065	+0.036	+0.111	+0.038	-0.070	+1.208	+0.100	+1.114	+1.027	+0.240	+1.036	+1.036	+0.176	+1.150	+1.136	+0.052	+0.062	+0.046	+0.041	+0.041	+1.317	+0.054	+0.056	+0.041	+0.047	+1.129	+0.946	+1.073	+1.034	+1.162	-0.064	+1.028	+1.023	+0.018	+1.023	+0.402	+0.361	+0.479	+0.288	+1.012	+1.913	-0.032	+0.756	+0.768	+0.757	-0.031	+0.752	+0.119	+0.073	+1.396	-0.134	+1.668	+0.027	+0.762	+1.050	+1.641	+1.040	+1.103	+0.938	-0.062	+0.779	+1.036	-0.039	-0.057	-0.039	-0.062	+0.380	+1.015	+0.293	+0.321	+0.598	+0.922	+0.941	+1.207	+0.903	+0.908	+1.296	-0.133	-0.136	+1.023	-0.134	+2.093	+2.035	-0.137	+1.857	-0.172	-0.113	-0.088	+1.100	+1.218	+0.806	-0.133	+1.076	+1.076	+1.119	-0.131	-0.126	+1.655	-0.154	-0.046	+0.837	+1.583	+1.459	-0.143	-0.139	-0.150	+1.178	+0.970	+0.240	+0.971	+1.530	-0.144	+0.874	-0.193	-0.195	+0.906	-0.199	-0.060	-0.216	-0.110	-0.220	-0.214	-0.220	-0.206	-0.221	-0.222	-0.010	-0.205	-0.012	+0.011	-0.033	-0.038	+0.028	+0.132	+0.112	-0.058	+0.038	+0.569	+0.571	+5.512	+0.113	+0.136	+0.123	+5.217	+6.057	+4.653	
rs10964346     -0.962	-0.933	-0.899	-0.143	-0.760	+0.867	+0.870	+0.783	+0.870	+0.848	+0.696	+0.684	+0.666	+0.711	+0.855	+0.908	+1.002	+0.910	+0.787	-0.636	+0.896	-0.664	-0.681	+1.036	-0.538	-0.667	+1.233	-0.662	-0.668	+0.747	+0.684	+0.747	+0.726	+0.758	-0.598	+0.445	+0.426	+0.483	+0.518	-0.849	-0.839	-0.704	-0.720	-0.676	+0.820	-0.726	-0.727	+0.607	-0.728	-0.714	-0.731	+1.572	-0.680	+2.627	+1.745	+1.140	-0.762	-0.762	-0.762	+1.144	-0.766	-0.744	-0.713	+2.878	-0.467	+3.214	-0.756	+2.134	+2.601	+3.214	+3.307	+3.175	+3.122	-0.636	+2.858	+2.583	-0.678	-0.665	-0.694	-0.657	+1.837	+0.741	+1.616	+1.438	+1.831	+2.280	+2.304	+1.010	+2.245	+2.249	+1.112	-0.533	-0.531	+2.428	-0.538	+2.008	+3.600	-0.525	+3.410	-0.355	-0.581	-0.637	+2.527	+2.709	+2.240	-0.528	+2.511	+2.510	+2.572	-0.530	-0.539	+1.514	-0.438	-0.705	+2.252	+3.176	+3.018	-0.473	-0.496	-0.450	+2.651	+2.981	-0.833	+2.424	+3.078	-0.535	+2.183	-0.222	-0.184	+2.247	-0.604	-0.899	-0.608	-0.881	-0.434	-0.655	-0.414	-0.693	-0.403	-0.374	-0.944	-0.536	-0.897	-0.882	-0.910	-0.916	-0.869	-0.816	-0.831	-0.951	-0.872	-0.472	-0.472	+5.674	-0.069	-0.030	-0.052	+4.014	+6.067	+3.536	
rs10964347     -0.962	-0.933	-0.899	-0.143	-0.760	+0.867	+0.870	+0.783	+0.870	+0.848	+0.697	+0.684	+0.666	+0.711	+0.855	+0.908	+1.002	+0.910	+0.787	-0.636	+0.896	-0.664	-0.681	+1.036	-0.667	-0.538	+1.233	-0.662	-0.668	+0.747	+0.684	+0.747	+0.726	+0.759	-0.598	+0.445	+0.426	+0.484	+0.518	-0.849	-0.839	-0.704	-0.720	-0.676	+0.820	-0.726	-0.727	+0.607	-0.728	-0.714	-0.731	+1.572	-0.680	+2.628	+1.745	+1.141	-0.761	-0.762	-0.762	+1.144	-0.766	-0.744	-0.713	+2.878	-0.467	+3.214	-0.756	+2.135	+2.601	+3.214	+3.307	+3.175	+3.122	-0.636	+2.858	+2.583	-0.678	-0.665	-0.694	-0.657	+1.837	+0.741	+1.616	+1.438	+1.831	+2.280	+2.304	+1.010	+2.245	+2.249	+1.112	-0.533	-0.531	+2.428	-0.538	+2.008	+3.600	-0.525	+3.410	-0.355	-0.581	-0.637	+2.527	+2.709	+2.240	-0.528	+2.511	+2.510	+2.572	-0.530	-0.539	+1.514	-0.438	-0.705	+2.252	+3.177	+3.018	-0.473	-0.495	-0.450	+2.651	+2.981	-0.833	+2.424	+3.078	-0.535	+2.183	-0.222	-0.184	+2.247	-0.604	-0.899	-0.608	-0.881	-0.433	-0.655	-0.414	-0.693	-0.403	-0.374	-0.944	-0.536	-0.897	-0.882	-0.910	-0.916	-0.869	-0.816	-0.831	-0.951	-0.872	-0.472	-0.471	+5.674	-0.068	-0.030	-0.052	+4.014	+6.067	+3.536	
rs4977360      -0.009	-0.172	-0.128	+0.068	+1.165	+0.111	+0.113	+0.104	+0.108	+0.108	+0.092	+0.094	+0.095	+0.100	+0.009	+0.084	+0.146	+0.085	+0.011	+1.413	+0.162	+1.313	+1.222	+0.176	+1.233	+1.233	+0.325	+1.359	+1.345	+0.194	+0.160	+0.172	+0.168	+0.157	+1.540	+0.251	+0.254	+0.216	+0.154	+1.373	+1.178	+1.279	+1.229	+1.373	+0.007	+1.226	+1.220	+0.099	+1.220	+0.555	+0.508	+0.449	+0.430	+0.936	+1.954	+0.032	+0.937	+0.950	+0.938	+0.033	+0.933	+0.241	+0.192	+1.371	-0.036	+1.634	+0.139	+0.758	+1.036	+1.608	+1.041	+1.105	+0.943	+0.045	+0.787	+1.019	+0.069	+0.050	+0.070	+0.044	+0.409	+1.066	+0.326	+0.345	+0.607	+0.920	+0.940	+1.249	+0.903	+0.908	+1.338	-0.034	-0.037	+1.019	-0.035	+2.123	+1.999	-0.038	+1.826	-0.079	-0.012	+0.015	+1.093	+1.208	+0.809	-0.033	+1.070	+1.070	+1.111	-0.031	-0.025	+1.691	-0.058	+0.060	+0.837	+1.549	+1.434	-0.046	-0.042	-0.054	+1.164	+0.976	+0.350	+0.963	+1.505	-0.047	+0.875	-0.107	-0.109	+0.907	-0.112	+0.058	-0.128	+0.001	-0.135	-0.123	-0.136	-0.112	-0.137	-0.140	+0.113	-0.118	+0.081	+0.104	+0.059	+0.054	+0.121	+0.228	+0.208	+0.033	+0.132	+0.654	+0.656	+5.581	+0.178	+0.200	+0.188	+5.295	+6.102	+4.729	
rs17832738     -0.934	-0.894	-0.855	-0.080	-0.743	+0.973	+0.976	+0.888	+0.976	+0.954	+0.799	+0.786	+0.769	+0.814	+0.971	+1.010	+1.111	+1.011	+0.903	-0.652	+1.007	-0.680	-0.675	+1.150	-0.662	-0.662	+1.359	-0.504	-0.632	+0.893	+0.829	+0.900	+0.881	+0.915	-0.626	+0.583	+0.563	+0.623	+0.659	-0.809	-0.788	-0.676	-0.701	-0.660	+1.000	-0.701	-0.702	+0.748	-0.703	-0.581	-0.617	+1.738	-0.572	+2.844	+1.747	+1.342	-0.712	-0.714	-0.712	+1.346	-0.718	-0.650	-0.611	+3.116	-0.317	+3.409	-0.684	+2.302	+2.792	+3.411	+3.537	+3.388	+3.347	-0.533	+3.092	+2.775	-0.584	-0.569	-0.603	-0.559	+2.027	+0.758	+1.795	+1.595	+1.994	+2.452	+2.476	+1.019	+2.417	+2.421	+1.120	-0.419	-0.418	+2.606	-0.425	+2.010	+3.802	-0.410	+3.608	-0.214	-0.472	-0.537	+2.706	+2.895	+2.423	-0.414	+2.692	+2.691	+2.754	-0.416	-0.426	+1.520	-0.309	-0.616	+2.432	+3.380	+3.215	-0.349	-0.375	-0.323	+2.837	+3.206	-0.805	+2.650	+3.278	-0.412	+2.384	-0.048	-0.004	+2.449	-0.542	-0.852	-0.547	-0.832	-0.330	-0.596	-0.308	-0.635	-0.296	-0.265	-0.897	-0.433	-0.863	-0.848	-0.876	-0.881	-0.833	-0.781	-0.795	-0.917	-0.836	-0.438	-0.438	+5.780	+0.003	+0.043	+0.020	+4.042	+6.172	+3.567	
rs1419261      -0.936	-0.897	-0.859	-0.086	-0.747	+0.961	+0.963	+0.875	+0.963	+0.942	+0.787	+0.774	+0.757	+0.802	+0.955	+0.996	+1.098	+0.997	+0.887	-0.653	+0.993	-0.683	-0.680	+1.136	-0.668	-0.668	+1.345	-0.632	-0.507	+0.881	+0.818	+0.888	+0.870	+0.904	-0.624	+0.573	+0.553	+0.613	+0.649	-0.813	-0.792	-0.677	-0.702	-0.659	+0.987	-0.702	-0.704	+0.738	-0.704	-0.591	-0.626	+1.727	-0.581	+2.830	+1.747	+1.327	-0.716	-0.718	-0.717	+1.331	-0.722	-0.657	-0.618	+3.103	-0.327	+3.395	-0.690	+2.289	+2.778	+3.398	+3.519	+3.371	+3.329	-0.542	+3.074	+2.761	-0.592	-0.577	-0.611	-0.567	+2.012	+0.756	+1.780	+1.584	+1.982	+2.440	+2.463	+1.018	+2.404	+2.407	+1.119	-0.429	-0.427	+2.593	-0.435	+2.010	+3.789	-0.419	+3.595	-0.224	-0.481	-0.545	+2.694	+2.882	+2.410	-0.423	+2.679	+2.678	+2.742	-0.425	-0.435	+1.519	-0.319	-0.624	+2.420	+3.366	+3.202	-0.359	-0.385	-0.333	+2.824	+3.189	-0.807	+2.637	+3.264	-0.421	+2.372	-0.060	-0.017	+2.436	-0.547	-0.856	-0.552	-0.836	-0.338	-0.601	-0.317	-0.640	-0.304	-0.274	-0.901	-0.441	-0.867	-0.851	-0.879	-0.884	-0.837	-0.784	-0.799	-0.920	-0.840	-0.441	-0.441	+5.772	-0.003	+0.037	+0.015	+4.039	+6.164	+3.564	
rs4977239      -0.233	-0.377	-0.347	-0.087	+0.719	-0.010	-0.008	-0.041	-0.011	-0.019	-0.071	-0.075	-0.082	-0.066	-0.165	-0.026	+0.054	-0.024	-0.182	+0.929	-0.003	+0.837	+0.734	+0.052	+0.747	+0.747	+0.194	+0.893	+0.881	+0.109	-0.028	-0.024	-0.029	-0.023	+1.174	-0.031	-0.033	-0.044	-0.073	+0.977	+0.770	+0.899	+0.884	+0.987	-0.161	+0.854	+0.849	-0.067	+0.849	+0.243	+0.203	+0.627	+0.130	+1.257	+1.852	-0.105	+0.582	+0.593	+0.582	-0.104	+0.577	-0.030	-0.075	+1.575	-0.268	+1.912	-0.113	+0.857	+1.195	+1.875	+1.080	+1.145	+0.968	-0.203	+0.801	+1.175	-0.177	-0.194	-0.177	-0.199	+0.352	+0.937	+0.254	+0.312	+0.629	+0.983	+1.004	+1.143	+0.961	+0.966	+1.235	-0.266	-0.269	+1.098	-0.268	+2.052	+2.279	-0.270	+2.073	-0.302	-0.247	-0.224	+1.184	+1.320	+0.859	-0.266	+1.159	+1.158	+1.207	-0.264	-0.260	+1.601	-0.286	-0.185	+0.901	+1.787	+1.636	-0.276	-0.273	-0.283	+1.298	+1.001	+0.082	+1.067	+1.712	-0.277	+0.925	-0.318	-0.319	+0.960	-0.329	-0.207	-0.340	-0.252	-0.344	-0.340	-0.344	-0.335	-0.345	-0.345	-0.160	-0.332	-0.150	-0.128	-0.170	-0.177	-0.113	-0.012	-0.032	-0.198	-0.103	+0.406	+0.408	+5.412	+0.005	+0.028	+0.016	+5.069	+5.921	+4.507	
rs10811285     -0.257	-0.398	-0.370	-0.104	+0.658	-0.025	-0.023	-0.058	-0.014	-0.029	-0.080	-0.082	-0.090	-0.072	-0.181	-0.036	+0.056	-0.033	-0.200	+0.865	-0.002	+0.775	+0.674	+0.062	+0.684	+0.684	+0.160	+0.829	+0.818	-0.028	+0.087	-0.046	-0.052	-0.043	+1.109	-0.083	-0.085	-0.087	-0.072	+0.897	+0.695	+0.837	+0.824	+0.923	-0.173	+0.794	+0.789	-0.072	+0.790	+0.201	+0.162	+0.710	+0.090	+1.357	+1.845	-0.118	+0.531	+0.542	+0.531	-0.117	+0.526	-0.064	-0.107	+1.573	-0.294	+1.905	-0.144	+0.855	+1.194	+1.870	+1.079	+1.144	+0.967	-0.231	+0.800	+1.174	-0.207	-0.223	-0.206	-0.228	+0.347	+0.927	+0.249	+0.307	+0.627	+0.982	+1.003	+1.135	+0.959	+0.965	+1.227	-0.293	-0.295	+1.097	-0.294	+2.047	+2.273	-0.296	+2.068	-0.326	-0.275	-0.252	+1.183	+1.318	+0.858	-0.292	+1.157	+1.157	+1.205	-0.291	-0.286	+1.594	-0.311	-0.214	+0.900	+1.783	+1.630	-0.302	-0.299	-0.309	+1.295	+0.999	+0.050	+1.065	+1.705	-0.302	+0.923	-0.341	-0.341	+0.958	-0.349	-0.241	-0.363	-0.284	-0.366	-0.364	-0.366	-0.360	-0.366	-0.366	-0.196	-0.354	-0.177	-0.155	-0.197	-0.203	-0.139	-0.040	-0.059	-0.223	-0.129	+0.389	+0.391	+5.387	-0.011	+0.013	-0.000	+5.059	+5.917	+4.497	
rs4977363      -0.242	-0.385	-0.354	-0.093	+0.686	-0.018	-0.016	-0.050	-0.018	-0.023	-0.078	-0.082	-0.089	-0.073	-0.169	-0.030	+0.047	-0.028	-0.186	+0.910	-0.019	+0.819	+0.737	+0.046	+0.747	+0.747	+0.172	+0.900	+0.888	-0.024	-0.046	+0.101	+0.001	+0.007	+1.158	-0.041	-0.043	-0.054	-0.077	+0.920	+0.739	+0.908	+0.868	+0.997	-0.167	+0.861	+0.856	-0.082	+0.856	+0.243	+0.203	+0.624	+0.116	+1.257	+1.848	-0.107	+0.589	+0.601	+0.590	-0.105	+0.583	-0.034	-0.079	+1.619	-0.274	+1.971	-0.122	+0.870	+1.216	+1.933	+1.094	+1.158	+0.980	-0.207	+0.812	+1.202	-0.186	-0.203	-0.186	-0.208	+0.352	+0.930	+0.253	+0.315	+0.640	+1.000	+1.018	+1.136	+0.973	+0.979	+1.228	-0.274	-0.277	+1.114	-0.275	+2.048	+2.330	-0.278	+2.118	-0.309	-0.257	-0.234	+1.202	+1.340	+0.866	-0.274	+1.176	+1.176	+1.225	-0.272	-0.267	+1.595	-0.293	-0.194	+0.916	+1.840	+1.671	-0.283	-0.280	-0.290	+1.322	+1.008	+0.076	+1.075	+1.747	-0.284	+0.934	-0.325	-0.327	+0.969	-0.335	-0.212	-0.347	-0.259	-0.351	-0.347	-0.351	-0.341	-0.352	-0.352	-0.166	-0.339	-0.158	-0.136	-0.178	-0.186	-0.122	-0.021	-0.041	-0.207	-0.112	+0.396	+0.398	+5.404	-0.003	+0.020	+0.008	+5.055	+5.908	+4.495	
rs10811287     -0.250	-0.392	-0.362	-0.098	+0.666	-0.022	-0.020	-0.055	-0.022	-0.027	-0.084	-0.088	-0.095	-0.078	-0.175	-0.033	+0.043	-0.031	-0.192	+0.887	-0.024	+0.798	+0.715	+0.041	+0.726	+0.726	+0.168	+0.881	+0.870	-0.029	-0.052	+0.001	+0.093	+0.006	+1.142	-0.051	-0.054	-0.062	-0.083	+0.904	+0.724	+0.893	+0.854	+0.982	-0.172	+0.847	+0.842	-0.086	+0.842	+0.232	+0.191	+0.635	+0.105	+1.275	+1.844	-0.111	+0.576	+0.587	+0.576	-0.109	+0.570	-0.044	-0.088	+1.629	-0.282	+1.985	-0.131	+0.876	+1.224	+1.947	+1.097	+1.161	+0.982	-0.216	+0.814	+1.211	-0.195	-0.212	-0.195	-0.217	+0.351	+0.925	+0.252	+0.315	+0.642	+1.004	+1.022	+1.133	+0.977	+0.982	+1.225	-0.282	-0.285	+1.119	-0.284	+2.046	+2.344	-0.286	+2.131	-0.317	-0.265	-0.242	+1.207	+1.347	+0.870	-0.282	+1.182	+1.181	+1.231	-0.280	-0.276	+1.592	-0.302	-0.203	+0.920	+1.853	+1.682	-0.291	-0.288	-0.298	+1.329	+1.010	+0.066	+1.081	+1.758	-0.292	+0.937	-0.333	-0.334	+0.972	-0.343	-0.222	-0.354	-0.267	-0.359	-0.354	-0.359	-0.349	-0.359	-0.360	-0.175	-0.347	-0.166	-0.144	-0.186	-0.194	-0.130	-0.030	-0.049	-0.215	-0.120	+0.388	+0.389	+5.399	-0.009	+0.014	+0.002	+5.048	+5.902	+4.487	
rs10811288     -0.233	-0.376	-0.346	-0.086	+0.696	-0.018	-0.017	-0.050	-0.018	-0.023	-0.077	-0.081	-0.087	-0.072	-0.165	-0.027	+0.044	-0.025	-0.181	+0.919	-0.021	+0.830	+0.748	+0.041	+0.758	+0.759	+0.157	+0.915	+0.904	-0.023	-0.043	+0.007	+0.006	+0.110	+1.178	-0.031	-0.033	-0.045	-0.069	+0.941	+0.760	+0.927	+0.886	+1.017	-0.162	+0.880	+0.875	-0.077	+0.875	+0.258	+0.217	+0.612	+0.130	+1.243	+1.851	-0.103	+0.607	+0.619	+0.607	-0.101	+0.600	-0.022	-0.067	+1.609	-0.264	+1.957	-0.111	+0.863	+1.207	+1.921	+1.091	+1.155	+0.978	-0.196	+0.810	+1.194	-0.175	-0.192	-0.175	-0.197	+0.353	+0.934	+0.255	+0.315	+0.637	+0.995	+1.013	+1.140	+0.969	+0.975	+1.232	-0.264	-0.267	+1.109	-0.266	+2.050	+2.319	-0.268	+2.108	-0.300	-0.247	-0.224	+1.197	+1.334	+0.862	-0.264	+1.171	+1.171	+1.220	-0.262	-0.257	+1.598	-0.284	-0.183	+0.911	+1.829	+1.662	-0.274	-0.270	-0.280	+1.315	+1.005	+0.086	+1.068	+1.737	-0.275	+0.930	-0.317	-0.318	+0.964	-0.327	-0.202	-0.338	-0.248	-0.343	-0.338	-0.343	-0.333	-0.344	-0.344	-0.154	-0.331	-0.149	-0.127	-0.169	-0.177	-0.113	-0.012	-0.032	-0.198	-0.103	+0.405	+0.407	+5.411	+0.003	+0.027	+0.014	+5.068	+5.915	+4.506	
