## Summary of overall evidence for association with region:
## log10(BF for region) = 18.1611
## p-value for region = NA

## BFs for choosing among multi-SNP models:
## log10(average 1-SNP BF) = 12.9955
## log10(average 2-SNP BF) = 18.6382

## Example posterior probabilities for multi-SNP models, based on default prior: [p(l) propto 0.5^l for l=1,2,...,L]
## posterior probability of 1-SNP = 4.55311e-06
## posterior probability of 2-SNP = 0.999995

## log10(BF) for single SNP and pair of SNPs:
rs113564019    -0.425	+2.975	-0.579	-0.607	-0.747	-0.256	-0.239	+3.406	-0.563	+5.137	+5.138	+5.142	+5.134	+5.130	+5.127	+5.125	+5.124	+5.124	+5.123	+5.119	+5.118	-0.650	+5.117	+5.115	+5.113	+5.112	+5.110	+5.115	-0.561	+0.826	-0.558	-0.559	-0.561	-0.563	-0.541	-0.428	-0.240	-0.254	-0.329	-0.349	-0.357	-0.345	-0.349	-0.345	-0.354	-0.343	-0.349	-0.337	-0.337	-0.519	-0.348	-0.329	-0.333	-0.324	-0.332	-0.332	-0.325	-0.332	-0.331	-0.321	-0.324	-0.324	-0.330	-0.332	-0.477	-0.545	-0.690	-0.521	-0.823	-0.477	-0.488	+13.727	+0.387	+12.913	+11.224	+12.961	+10.529	+12.999	+0.388	+12.853	+14.198	+9.149	+12.280	+7.916	+9.503	+9.530	+12.755	+9.956	+12.810	+12.801	+9.971	+12.824	+12.940	+13.316	+13.008	+10.158	-0.708	-0.298	-0.081	-0.114	+12.437	+11.796	+9.999	+11.523	-0.620	-0.511	+11.879	-0.519	+2.272	-0.502	+11.742	+11.608	-0.471	+11.991	+12.008	+8.858	-0.493	+11.950	-0.486	-0.486	-0.511	+11.745	-0.467	-0.515	-0.517	-0.516	+12.112	-0.540	+11.946	+10.653	+10.539	-0.576	+11.721	+10.809	+11.595	+11.407	-0.586	+11.676	+11.014	+11.828	+11.882	-0.493	+11.395	-0.778	-0.918	-0.927	-0.914	-0.926	-0.925	-0.926	
rs72888759     +2.975	+3.682	+2.944	+2.904	+2.860	+3.151	+3.163	+4.035	+2.973	+5.554	+5.555	+5.559	+5.551	+5.548	+5.546	+5.544	+5.543	+5.543	+5.542	+5.539	+5.539	+2.887	+5.537	+5.536	+5.534	+5.534	+5.532	+5.536	+2.977	+3.186	+2.960	+2.960	+2.966	+3.123	+2.942	+3.017	+3.411	+3.398	+3.313	+3.295	+3.286	+3.298	+3.295	+3.298	+3.290	+3.300	+3.295	+3.307	+3.307	+3.296	+3.295	+3.315	+3.311	+3.320	+3.312	+3.312	+3.319	+3.313	+3.313	+3.323	+3.320	+3.320	+3.315	+3.327	+3.173	+3.433	+3.123	+3.468	+2.906	+3.536	+3.178	+19.087	+4.507	+18.422	+16.411	+18.472	+15.975	+18.515	+4.510	+16.866	+19.883	+12.922	+17.812	+12.085	+13.546	+13.575	+18.282	+13.974	+18.333	+18.323	+13.991	+18.343	+18.471	+18.862	+18.570	+15.398	+3.285	+3.339	+3.931	+3.880	+17.553	+16.913	+14.142	+16.642	+3.257	+3.123	+17.005	+3.116	+6.336	+3.129	+16.878	+16.729	+3.400	+17.132	+17.151	+12.946	+3.138	+17.086	+3.145	+3.145	+3.122	+16.876	+3.162	+3.117	+3.116	+3.118	+17.295	+3.097	+17.117	+15.773	+15.649	+3.066	+16.874	+16.007	+16.755	+16.553	+3.058	+16.826	+16.199	+16.995	+17.051	+3.138	+16.543	+2.973	+2.796	+2.816	+2.797	+2.811	+2.807	+2.810	
rs72888763     -0.579	+2.944	-0.341	-0.580	-0.589	+0.170	+0.185	+3.367	-0.584	+5.064	+5.065	+5.068	+5.060	+5.057	+5.054	+5.051	+5.051	+5.050	+5.049	+5.046	+5.045	-0.595	+5.043	+5.042	+5.040	+5.039	+5.036	+5.042	-0.575	+0.182	-0.631	-0.630	-0.616	-0.449	-0.581	-0.508	-0.189	-0.202	-0.277	-0.298	-0.305	-0.294	-0.298	-0.294	-0.302	-0.292	-0.297	-0.284	-0.284	-0.456	-0.295	-0.277	-0.280	-0.272	-0.279	-0.279	-0.272	-0.279	-0.279	-0.269	-0.272	-0.271	-0.278	-0.278	-0.422	-0.424	-0.617	-0.398	-0.725	-0.350	-0.422	+13.760	+0.601	+13.163	+10.898	+13.212	+10.816	+13.249	+0.602	+13.183	+14.567	+9.486	+12.499	+8.139	+9.754	+9.780	+12.987	+10.204	+13.040	+13.032	+10.217	+13.051	+13.163	+13.544	+13.221	+10.250	-0.638	-0.169	+0.051	+0.019	+12.008	+11.385	+9.837	+11.117	-0.552	-0.420	+11.475	-0.429	+2.359	-0.413	+11.337	+11.212	-0.368	+11.581	+11.599	+8.473	-0.404	+11.540	-0.397	-0.397	-0.422	+11.341	-0.377	-0.426	-0.428	-0.427	+11.696	-0.452	+11.537	+10.265	+10.153	-0.488	+11.318	+10.442	+11.196	+11.011	-0.498	+11.273	+10.641	+11.423	+11.475	-0.404	+10.999	-0.686	-0.838	-0.844	-0.834	-0.844	-0.843	-0.845	
rs3826607      -0.607	+2.904	-0.580	-0.377	-0.435	+0.169	+0.184	+3.328	-0.612	+5.043	+5.044	+5.048	+5.040	+5.036	+5.033	+5.031	+5.030	+5.030	+5.029	+5.025	+5.024	-0.506	+5.023	+5.021	+5.019	+5.018	+5.016	+5.021	-0.604	+0.166	-0.662	-0.661	-0.647	-0.480	-0.548	-0.463	-0.233	-0.245	-0.319	-0.339	-0.347	-0.335	-0.339	-0.335	-0.344	-0.333	-0.339	-0.326	-0.326	-0.495	-0.336	-0.318	-0.322	-0.313	-0.321	-0.321	-0.314	-0.321	-0.320	-0.311	-0.313	-0.313	-0.319	-0.315	-0.457	-0.463	-0.651	-0.438	-0.761	-0.390	-0.458	+13.693	+0.545	+13.047	+10.850	+13.095	+10.777	+13.132	+0.546	+13.104	+14.429	+9.486	+12.384	+8.143	+9.757	+9.783	+12.876	+10.210	+12.927	+12.919	+10.223	+12.941	+13.053	+13.435	+13.115	+10.163	-0.680	-0.203	+0.017	-0.014	+11.946	+11.325	+9.837	+11.056	-0.586	-0.450	+11.413	-0.459	+2.338	-0.442	+11.276	+11.150	-0.403	+11.520	+11.538	+8.466	-0.433	+11.478	-0.426	-0.426	-0.451	+11.280	-0.406	-0.456	-0.457	-0.457	+11.634	-0.481	+11.475	+10.207	+10.096	-0.517	+11.256	+10.383	+11.134	+10.950	-0.527	+11.211	+10.581	+11.361	+11.413	-0.433	+10.937	-0.724	-0.869	-0.878	-0.864	-0.877	-0.876	-0.877	
rs3826608      -0.747	+2.860	-0.589	-0.435	-0.504	-0.046	-0.030	+3.293	-0.752	+5.038	+5.039	+5.042	+5.034	+5.030	+5.027	+5.025	+5.024	+5.024	+5.023	+5.019	+5.019	-0.559	+5.017	+5.015	+5.013	+5.013	+5.010	+5.016	-0.744	+0.169	-0.796	-0.796	-0.783	-0.621	-0.517	-0.382	-0.353	-0.365	-0.439	-0.458	-0.466	-0.454	-0.458	-0.454	-0.463	-0.453	-0.458	-0.445	-0.445	-0.617	-0.456	-0.438	-0.442	-0.433	-0.441	-0.441	-0.434	-0.441	-0.440	-0.431	-0.433	-0.433	-0.439	-0.435	-0.570	-0.587	-0.772	-0.562	-0.886	-0.515	-0.579	+13.557	+0.395	+12.862	+10.745	+12.910	+10.606	+12.948	+0.396	+12.954	+14.261	+9.309	+12.206	+7.990	+9.602	+9.628	+12.696	+10.056	+12.748	+12.739	+10.069	+12.762	+12.874	+13.252	+12.938	+10.005	-0.802	-0.329	-0.113	-0.146	+11.853	+11.230	+9.747	+10.961	-0.705	-0.567	+11.317	-0.576	+2.216	-0.559	+11.182	+11.055	-0.526	+11.426	+11.444	+8.383	-0.550	+11.386	-0.543	-0.543	-0.569	+11.187	-0.524	-0.573	-0.574	-0.574	+11.542	-0.599	+11.382	+10.118	+10.006	-0.635	+11.163	+10.291	+11.041	+10.856	-0.645	+11.118	+10.488	+11.268	+11.320	-0.550	+10.844	-0.845	-0.988	-0.998	-0.983	-0.997	-0.995	-0.997	
rs2847511      -0.256	+3.151	+0.170	+0.169	-0.046	+0.064	-0.025	+3.566	-0.249	+5.142	+5.143	+5.146	+5.139	+5.135	+5.132	+5.130	+5.129	+5.129	+5.128	+5.124	+5.124	+0.099	+5.122	+5.121	+5.119	+5.118	+5.115	+5.121	-0.252	+4.892	-0.218	-0.218	-0.227	-0.226	+0.238	+0.383	+0.191	+0.178	+0.104	+0.086	+0.078	+0.090	+0.086	+0.089	+0.082	+0.091	+0.087	+0.098	+0.098	-0.070	+0.087	+0.105	+0.101	+0.110	+0.102	+0.102	+0.109	+0.102	+0.103	+0.112	+0.109	+0.110	+0.104	+0.099	-0.057	-0.060	-0.220	-0.036	-0.371	+0.010	-0.052	+15.140	+0.906	+14.118	+12.329	+14.167	+11.288	+14.204	+0.906	+13.532	+15.093	+9.663	+13.474	+8.503	+10.097	+10.124	+13.915	+10.533	+13.973	+13.963	+10.545	+13.972	+14.086	+14.413	+14.153	+11.238	-0.196	+0.174	+0.331	+0.306	+13.407	+12.753	+10.547	+12.450	-0.138	-0.075	+12.816	-0.084	+2.910	-0.067	+12.674	+12.540	-0.031	+12.926	+12.941	+9.406	-0.057	+12.887	-0.051	-0.051	-0.074	+12.681	-0.032	-0.078	-0.079	-0.079	+13.051	-0.103	+12.877	+11.619	+11.506	-0.138	+12.654	+11.695	+12.538	+12.335	-0.147	+12.608	+11.909	+12.758	+12.816	-0.057	+12.324	-0.327	-0.451	-0.459	-0.446	-0.457	-0.455	-0.457	
rs11665282     -0.239	+3.163	+0.185	+0.184	-0.030	-0.025	+0.080	+3.578	-0.232	+5.149	+5.149	+5.153	+5.145	+5.141	+5.139	+5.136	+5.136	+5.135	+5.134	+5.131	+5.130	+0.115	+5.129	+5.127	+5.125	+5.125	+5.122	+5.127	-0.235	+4.943	-0.200	-0.200	-0.208	-0.211	+0.255	+0.401	+0.206	+0.193	+0.119	+0.101	+0.093	+0.105	+0.101	+0.104	+0.097	+0.106	+0.102	+0.113	+0.113	-0.055	+0.102	+0.120	+0.116	+0.125	+0.117	+0.117	+0.124	+0.117	+0.118	+0.127	+0.124	+0.125	+0.118	+0.114	-0.041	-0.044	-0.204	-0.020	-0.355	+0.026	-0.035	+15.161	+0.923	+14.136	+12.343	+14.184	+11.300	+14.221	+0.923	+13.544	+15.106	+9.674	+13.492	+8.517	+10.108	+10.135	+13.932	+10.544	+13.990	+13.981	+10.556	+13.989	+14.104	+14.430	+14.172	+11.256	-0.180	+0.189	+0.346	+0.321	+13.431	+12.777	+10.558	+12.473	-0.122	-0.061	+12.839	-0.069	+2.928	-0.053	+12.697	+12.563	-0.016	+12.949	+12.965	+9.419	-0.043	+12.910	-0.036	-0.036	-0.060	+12.704	-0.018	-0.063	-0.065	-0.065	+13.074	-0.089	+12.901	+11.644	+11.531	-0.123	+12.677	+11.718	+12.561	+12.358	-0.132	+12.631	+11.932	+12.782	+12.839	-0.043	+12.347	-0.312	-0.435	-0.443	-0.431	-0.441	-0.439	-0.441	
rs117090508    +3.406	+4.035	+3.367	+3.328	+3.293	+3.566	+3.578	+4.135	+3.404	+5.666	+5.667	+5.670	+5.663	+5.660	+5.658	+5.656	+5.656	+5.656	+5.655	+5.652	+5.651	+3.312	+5.650	+5.649	+5.647	+5.647	+5.645	+5.649	+3.408	+3.558	+3.393	+3.393	+3.399	+3.553	+3.362	+3.433	+3.835	+3.822	+3.737	+3.719	+3.710	+3.723	+3.719	+3.722	+3.715	+3.724	+3.719	+3.731	+3.731	+3.732	+3.720	+3.739	+3.735	+3.744	+3.736	+3.736	+3.743	+3.736	+3.737	+3.747	+3.744	+3.744	+3.739	+3.752	+3.599	+3.879	+3.562	+3.914	+3.338	+3.984	+3.606	+19.563	+4.961	+18.901	+16.857	+18.951	+16.442	+18.994	+4.965	+17.259	+20.353	+13.305	+18.293	+12.504	+13.946	+13.974	+18.771	+14.378	+18.822	+18.813	+14.394	+18.833	+18.963	+19.354	+19.061	+15.877	+3.738	+3.762	+4.378	+4.326	+18.022	+17.382	+14.581	+17.101	+3.702	+3.549	+17.465	+3.542	+6.775	+3.555	+17.337	+17.188	+3.843	+17.592	+17.611	+13.389	+3.564	+17.546	+3.571	+3.571	+3.548	+17.335	+3.588	+3.543	+3.542	+3.544	+17.755	+3.524	+17.576	+16.239	+16.115	+3.493	+17.333	+16.469	+17.212	+17.010	+3.485	+17.285	+16.659	+17.455	+17.511	+3.563	+17.000	+3.405	+3.228	+3.250	+3.229	+3.245	+3.241	+3.244	
rs76842131     -0.563	+2.973	-0.584	-0.612	-0.752	-0.249	-0.232	+3.404	-0.429	+5.139	+5.139	+5.143	+5.135	+5.131	+5.128	+5.126	+5.125	+5.125	+5.124	+5.120	+5.119	-0.655	+5.118	+5.116	+5.114	+5.114	+5.111	+5.117	-0.541	+0.824	-0.538	-0.537	-0.555	-0.561	-0.545	-0.433	-0.244	-0.257	-0.333	-0.352	-0.361	-0.348	-0.353	-0.349	-0.357	-0.347	-0.352	-0.340	-0.340	-0.522	-0.352	-0.333	-0.336	-0.328	-0.336	-0.336	-0.328	-0.335	-0.335	-0.325	-0.328	-0.327	-0.334	-0.335	-0.480	-0.548	-0.694	-0.525	-0.826	-0.480	-0.491	+13.726	+0.385	+12.912	+11.210	+12.960	+10.527	+12.998	+0.386	+12.853	+14.195	+9.149	+12.278	+7.915	+9.503	+9.530	+12.754	+9.956	+12.809	+12.800	+9.971	+12.822	+12.939	+13.314	+13.006	+10.156	-0.712	-0.300	-0.084	-0.116	+12.428	+11.787	+9.994	+11.512	-0.624	-0.514	+11.868	-0.522	+2.269	-0.506	+11.731	+11.598	-0.474	+11.980	+11.997	+8.851	-0.496	+11.939	-0.489	-0.489	-0.514	+11.735	-0.470	-0.518	-0.520	-0.519	+12.101	-0.543	+11.936	+10.643	+10.529	-0.579	+11.710	+10.799	+11.584	+11.396	-0.589	+11.665	+11.003	+11.818	+11.872	-0.497	+11.384	-0.781	-0.922	-0.931	-0.918	-0.930	-0.929	-0.930	
rs8089727      +5.137	+5.554	+5.064	+5.043	+5.038	+5.142	+5.149	+5.666	+5.139	+5.873	+5.922	+5.921	+5.920	+5.918	+5.916	+5.915	+5.915	+5.915	+5.914	+5.912	+5.912	+5.045	+5.911	+5.910	+5.909	+5.909	+5.908	+5.910	+5.139	+5.053	+5.146	+5.146	+5.146	+5.257	+5.054	+5.096	+5.636	+5.622	+5.569	+5.551	+5.542	+5.555	+5.551	+5.555	+5.547	+5.557	+5.552	+5.563	+5.563	+5.554	+5.551	+5.572	+5.568	+5.577	+5.568	+5.569	+5.577	+5.569	+5.569	+5.581	+5.577	+5.578	+5.568	+5.589	+5.356	+5.599	+5.337	+5.634	+5.116	+5.706	+5.414	+20.568	+6.757	+19.930	+17.654	+19.975	+17.263	+20.011	+6.751	+18.313	+21.136	+14.479	+19.353	+13.618	+15.008	+15.035	+19.534	+15.185	+19.552	+19.547	+15.203	+19.566	+19.670	+20.060	+19.819	+16.834	+5.533	+5.485	+6.153	+6.091	+19.260	+18.624	+15.712	+18.325	+5.413	+5.286	+18.673	+5.280	+8.450	+5.293	+18.541	+18.408	+5.610	+18.792	+18.798	+14.638	+5.303	+18.723	+5.309	+5.309	+5.286	+18.534	+5.326	+5.284	+5.283	+5.284	+18.931	+5.264	+18.747	+17.534	+17.410	+5.233	+18.508	+17.520	+18.388	+18.186	+5.226	+18.460	+17.702	+18.628	+18.682	+5.302	+18.175	+5.154	+4.973	+5.004	+4.974	+4.993	+4.988	+4.992	
rs68078867     +5.138	+5.555	+5.065	+5.044	+5.039	+5.143	+5.149	+5.667	+5.139	+5.922	+5.873	+5.922	+5.920	+5.918	+5.917	+5.916	+5.915	+5.915	+5.915	+5.913	+5.912	+5.046	+5.912	+5.911	+5.910	+5.910	+5.908	+5.911	+5.140	+5.053	+5.147	+5.147	+5.146	+5.257	+5.055	+5.097	+5.637	+5.623	+5.570	+5.552	+5.542	+5.556	+5.552	+5.556	+5.548	+5.558	+5.553	+5.564	+5.564	+5.555	+5.551	+5.572	+5.569	+5.578	+5.569	+5.569	+5.577	+5.570	+5.570	+5.581	+5.578	+5.578	+5.568	+5.590	+5.357	+5.600	+5.337	+5.635	+5.117	+5.707	+5.415	+20.569	+6.758	+19.931	+17.655	+19.976	+17.264	+20.012	+6.752	+18.314	+21.137	+14.479	+19.354	+13.618	+15.009	+15.036	+19.535	+15.186	+19.553	+19.548	+15.204	+19.567	+19.671	+20.061	+19.820	+16.835	+5.534	+5.486	+6.154	+6.092	+19.260	+18.625	+15.712	+18.326	+5.414	+5.287	+18.674	+5.281	+8.451	+5.294	+18.542	+18.409	+5.611	+18.793	+18.798	+14.639	+5.303	+18.723	+5.310	+5.310	+5.287	+18.535	+5.327	+5.285	+5.284	+5.284	+18.932	+5.264	+18.748	+17.535	+17.411	+5.234	+18.509	+17.521	+18.388	+18.187	+5.227	+18.460	+17.703	+18.628	+18.682	+5.303	+18.175	+5.155	+4.974	+5.005	+4.974	+4.994	+4.989	+4.992	
rs57317126     +5.142	+5.559	+5.068	+5.048	+5.042	+5.146	+5.153	+5.670	+5.143	+5.921	+5.922	+5.877	+5.920	+5.918	+5.916	+5.915	+5.915	+5.915	+5.914	+5.912	+5.912	+5.049	+5.911	+5.910	+5.909	+5.909	+5.908	+5.910	+5.144	+5.058	+5.151	+5.151	+5.150	+5.261	+5.058	+5.100	+5.642	+5.628	+5.575	+5.557	+5.547	+5.561	+5.557	+5.561	+5.553	+5.563	+5.558	+5.569	+5.569	+5.559	+5.556	+5.577	+5.574	+5.583	+5.574	+5.574	+5.582	+5.575	+5.575	+5.586	+5.583	+5.583	+5.573	+5.595	+5.360	+5.600	+5.342	+5.635	+5.121	+5.706	+5.418	+20.578	+6.765	+19.941	+17.656	+19.986	+17.265	+20.021	+6.758	+18.317	+21.135	+14.485	+19.362	+13.623	+15.014	+15.041	+19.543	+15.191	+19.563	+19.558	+15.210	+19.577	+19.681	+20.071	+19.832	+16.845	+5.538	+5.491	+6.159	+6.097	+19.268	+18.632	+15.716	+18.333	+5.419	+5.291	+18.682	+5.285	+8.452	+5.297	+18.549	+18.416	+5.616	+18.800	+18.806	+14.645	+5.307	+18.731	+5.314	+5.314	+5.291	+18.543	+5.330	+5.289	+5.288	+5.288	+18.940	+5.268	+18.755	+17.541	+17.417	+5.238	+18.516	+17.528	+18.396	+18.194	+5.230	+18.468	+17.710	+18.636	+18.690	+5.307	+18.182	+5.159	+4.978	+5.008	+4.978	+4.998	+4.992	+4.996	
rs59414197     +5.134	+5.551	+5.060	+5.040	+5.034	+5.139	+5.145	+5.663	+5.135	+5.920	+5.920	+5.920	+5.869	+5.916	+5.914	+5.913	+5.913	+5.913	+5.912	+5.910	+5.910	+5.041	+5.909	+5.908	+5.907	+5.907	+5.906	+5.908	+5.135	+5.049	+5.142	+5.142	+5.142	+5.253	+5.050	+5.092	+5.632	+5.619	+5.566	+5.547	+5.538	+5.552	+5.547	+5.551	+5.543	+5.553	+5.548	+5.560	+5.560	+5.550	+5.547	+5.568	+5.564	+5.573	+5.565	+5.565	+5.573	+5.565	+5.566	+5.577	+5.574	+5.574	+5.564	+5.586	+5.352	+5.595	+5.333	+5.630	+5.112	+5.702	+5.411	+20.565	+6.753	+19.927	+17.650	+19.972	+17.259	+20.007	+6.747	+18.310	+21.132	+14.475	+19.349	+13.614	+15.004	+15.032	+19.531	+15.182	+19.548	+19.543	+15.200	+19.562	+19.666	+20.056	+19.816	+16.830	+5.529	+5.482	+6.150	+6.088	+19.255	+18.620	+15.708	+18.320	+5.410	+5.282	+18.669	+5.277	+8.446	+5.289	+18.536	+18.404	+5.607	+18.787	+18.793	+14.635	+5.299	+18.718	+5.306	+5.306	+5.283	+18.530	+5.322	+5.281	+5.280	+5.280	+18.927	+5.260	+18.743	+17.530	+17.406	+5.230	+18.503	+17.516	+18.383	+18.182	+5.222	+18.455	+17.698	+18.623	+18.677	+5.299	+18.170	+5.150	+4.969	+5.000	+4.970	+4.989	+4.984	+4.988	
rs60423172     +5.130	+5.548	+5.057	+5.036	+5.030	+5.135	+5.141	+5.660	+5.131	+5.918	+5.918	+5.918	+5.916	+5.865	+5.913	+5.911	+5.911	+5.911	+5.910	+5.908	+5.908	+5.037	+5.907	+5.906	+5.905	+5.905	+5.904	+5.906	+5.132	+5.045	+5.139	+5.138	+5.138	+5.249	+5.047	+5.089	+5.629	+5.615	+5.562	+5.544	+5.534	+5.548	+5.544	+5.548	+5.540	+5.549	+5.545	+5.556	+5.556	+5.546	+5.543	+5.564	+5.561	+5.570	+5.561	+5.561	+5.569	+5.562	+5.562	+5.573	+5.570	+5.570	+5.560	+5.582	+5.349	+5.591	+5.329	+5.627	+5.108	+5.698	+5.407	+20.561	+6.750	+19.923	+17.646	+19.968	+17.256	+20.003	+6.743	+18.307	+21.129	+14.472	+19.346	+13.611	+15.001	+15.029	+19.527	+15.179	+19.545	+19.540	+15.196	+19.558	+19.663	+20.053	+19.812	+16.827	+5.526	+5.478	+6.146	+6.084	+19.251	+18.616	+15.705	+18.316	+5.406	+5.279	+18.664	+5.273	+8.443	+5.286	+18.532	+18.400	+5.603	+18.783	+18.789	+14.632	+5.295	+18.714	+5.302	+5.302	+5.279	+18.526	+5.319	+5.277	+5.276	+5.276	+18.923	+5.256	+18.739	+17.526	+17.402	+5.226	+18.499	+17.512	+18.379	+18.178	+5.219	+18.451	+17.694	+18.619	+18.673	+5.295	+18.166	+5.146	+4.966	+4.996	+4.966	+4.986	+4.980	+4.984	
rs56869233     +5.127	+5.546	+5.054	+5.033	+5.027	+5.132	+5.139	+5.658	+5.128	+5.916	+5.917	+5.916	+5.914	+5.913	+5.862	+5.910	+5.910	+5.909	+5.909	+5.907	+5.907	+5.035	+5.906	+5.905	+5.904	+5.904	+5.902	+5.905	+5.129	+5.043	+5.136	+5.136	+5.135	+5.246	+5.044	+5.086	+5.626	+5.612	+5.559	+5.541	+5.532	+5.545	+5.541	+5.545	+5.537	+5.547	+5.542	+5.553	+5.553	+5.544	+5.541	+5.562	+5.558	+5.567	+5.558	+5.559	+5.567	+5.559	+5.559	+5.571	+5.567	+5.568	+5.558	+5.579	+5.346	+5.588	+5.326	+5.624	+5.106	+5.695	+5.404	+20.559	+6.747	+19.920	+17.643	+19.965	+17.253	+20.001	+6.741	+18.304	+21.126	+14.470	+19.343	+13.608	+14.999	+15.026	+19.524	+15.176	+19.542	+19.537	+15.194	+19.556	+19.660	+20.050	+19.809	+16.824	+5.523	+5.475	+6.143	+6.081	+19.248	+18.613	+15.702	+18.313	+5.403	+5.276	+18.661	+5.270	+8.440	+5.283	+18.529	+18.397	+5.600	+18.780	+18.786	+14.629	+5.293	+18.711	+5.299	+5.299	+5.276	+18.523	+5.316	+5.274	+5.273	+5.274	+18.920	+5.254	+18.735	+17.523	+17.398	+5.223	+18.496	+17.509	+18.376	+18.174	+5.216	+18.448	+17.691	+18.616	+18.670	+5.292	+18.163	+5.144	+4.963	+4.994	+4.963	+4.983	+4.978	+4.981	
rs73430928     +5.125	+5.544	+5.051	+5.031	+5.025	+5.130	+5.136	+5.656	+5.126	+5.915	+5.916	+5.915	+5.913	+5.911	+5.910	+5.860	+5.908	+5.908	+5.908	+5.906	+5.905	+5.032	+5.905	+5.904	+5.903	+5.902	+5.901	+5.904	+5.127	+5.040	+5.133	+5.133	+5.133	+5.244	+5.041	+5.083	+5.623	+5.610	+5.557	+5.538	+5.529	+5.543	+5.539	+5.543	+5.534	+5.544	+5.540	+5.551	+5.551	+5.541	+5.538	+5.559	+5.555	+5.565	+5.556	+5.556	+5.564	+5.557	+5.557	+5.568	+5.565	+5.565	+5.555	+5.577	+5.344	+5.586	+5.324	+5.621	+5.103	+5.693	+5.402	+20.556	+6.744	+19.918	+17.640	+19.963	+17.251	+19.998	+6.738	+18.302	+21.123	+14.467	+19.340	+13.606	+14.996	+15.024	+19.522	+15.174	+19.539	+19.534	+15.192	+19.553	+19.657	+20.047	+19.807	+16.821	+5.520	+5.473	+6.141	+6.079	+19.245	+18.610	+15.700	+18.310	+5.401	+5.274	+18.659	+5.268	+8.437	+5.281	+18.526	+18.394	+5.598	+18.777	+18.783	+14.627	+5.290	+18.708	+5.297	+5.297	+5.274	+18.520	+5.314	+5.272	+5.271	+5.271	+18.917	+5.251	+18.733	+17.520	+17.396	+5.221	+18.493	+17.506	+18.373	+18.172	+5.214	+18.445	+17.688	+18.613	+18.667	+5.290	+18.160	+5.141	+4.960	+4.991	+4.961	+4.980	+4.975	+4.979	
rs113270185    +5.124	+5.543	+5.051	+5.030	+5.024	+5.129	+5.136	+5.656	+5.125	+5.915	+5.915	+5.915	+5.913	+5.911	+5.910	+5.908	+5.859	+5.908	+5.907	+5.905	+5.905	+5.031	+5.904	+5.903	+5.902	+5.902	+5.901	+5.903	+5.126	+5.040	+5.133	+5.133	+5.132	+5.243	+5.041	+5.083	+5.623	+5.609	+5.556	+5.538	+5.529	+5.542	+5.538	+5.542	+5.534	+5.544	+5.539	+5.550	+5.550	+5.541	+5.538	+5.559	+5.555	+5.564	+5.555	+5.556	+5.564	+5.556	+5.557	+5.568	+5.564	+5.565	+5.555	+5.576	+5.343	+5.585	+5.323	+5.621	+5.103	+5.692	+5.401	+20.556	+6.744	+19.917	+17.640	+19.962	+17.250	+19.998	+6.738	+18.301	+21.123	+14.467	+19.340	+13.606	+14.996	+15.023	+19.521	+15.173	+19.539	+19.534	+15.191	+19.553	+19.657	+20.047	+19.806	+16.821	+5.519	+5.472	+6.140	+6.078	+19.244	+18.609	+15.699	+18.310	+5.400	+5.273	+18.658	+5.267	+8.437	+5.280	+18.526	+18.393	+5.597	+18.777	+18.782	+14.626	+5.290	+18.708	+5.296	+5.296	+5.273	+18.520	+5.313	+5.271	+5.270	+5.271	+18.916	+5.251	+18.732	+17.519	+17.395	+5.221	+18.493	+17.506	+18.372	+18.171	+5.213	+18.444	+17.688	+18.613	+18.667	+5.289	+18.159	+5.141	+4.960	+4.991	+4.960	+4.980	+4.975	+4.978	
rs111680664    +5.124	+5.543	+5.050	+5.030	+5.024	+5.129	+5.135	+5.656	+5.125	+5.915	+5.915	+5.915	+5.913	+5.911	+5.909	+5.908	+5.908	+5.859	+5.907	+5.905	+5.905	+5.031	+5.904	+5.903	+5.902	+5.902	+5.900	+5.903	+5.125	+5.039	+5.132	+5.132	+5.132	+5.243	+5.040	+5.082	+5.622	+5.609	+5.556	+5.537	+5.528	+5.542	+5.538	+5.542	+5.533	+5.543	+5.539	+5.550	+5.550	+5.540	+5.537	+5.558	+5.554	+5.564	+5.555	+5.555	+5.563	+5.556	+5.556	+5.567	+5.564	+5.564	+5.554	+5.576	+5.343	+5.585	+5.323	+5.620	+5.102	+5.692	+5.401	+20.555	+6.743	+19.917	+17.639	+19.962	+17.250	+19.997	+6.737	+18.301	+21.122	+14.466	+19.339	+13.605	+14.996	+15.023	+19.521	+15.173	+19.538	+19.533	+15.191	+19.552	+19.656	+20.046	+19.806	+16.820	+5.519	+5.472	+6.140	+6.078	+19.244	+18.609	+15.699	+18.309	+5.400	+5.273	+18.657	+5.267	+8.436	+5.280	+18.525	+18.393	+5.597	+18.776	+18.782	+14.626	+5.289	+18.707	+5.296	+5.296	+5.273	+18.519	+5.313	+5.271	+5.270	+5.270	+18.916	+5.250	+18.731	+17.519	+17.394	+5.220	+18.492	+17.505	+18.372	+18.170	+5.213	+18.444	+17.687	+18.612	+18.666	+5.289	+18.159	+5.140	+4.959	+4.990	+4.960	+4.979	+4.974	+4.978	
rs8085279      +5.123	+5.542	+5.049	+5.029	+5.023	+5.128	+5.134	+5.655	+5.124	+5.914	+5.915	+5.914	+5.912	+5.910	+5.909	+5.908	+5.907	+5.907	+5.858	+5.905	+5.904	+5.030	+5.903	+5.903	+5.901	+5.901	+5.900	+5.903	+5.125	+5.038	+5.131	+5.131	+5.131	+5.242	+5.039	+5.081	+5.621	+5.608	+5.555	+5.537	+5.527	+5.541	+5.537	+5.541	+5.532	+5.542	+5.538	+5.549	+5.549	+5.539	+5.536	+5.557	+5.553	+5.563	+5.554	+5.554	+5.562	+5.555	+5.555	+5.566	+5.563	+5.563	+5.553	+5.575	+5.342	+5.584	+5.322	+5.619	+5.101	+5.691	+5.400	+20.554	+6.742	+19.916	+17.638	+19.961	+17.249	+19.996	+6.736	+18.300	+21.121	+14.466	+19.338	+13.604	+14.995	+15.022	+19.520	+15.172	+19.537	+19.533	+15.190	+19.551	+19.656	+20.046	+19.805	+16.820	+5.518	+5.471	+6.139	+6.077	+19.243	+18.607	+15.698	+18.308	+5.399	+5.272	+18.656	+5.266	+8.435	+5.279	+18.524	+18.392	+5.596	+18.775	+18.781	+14.625	+5.288	+18.706	+5.295	+5.295	+5.272	+18.518	+5.312	+5.270	+5.269	+5.269	+18.914	+5.249	+18.730	+17.517	+17.393	+5.219	+18.491	+17.504	+18.371	+18.169	+5.212	+18.443	+17.686	+18.611	+18.665	+5.288	+18.157	+5.139	+4.958	+4.989	+4.959	+4.978	+4.973	+4.977	
rs13381081     +5.119	+5.539	+5.046	+5.025	+5.019	+5.124	+5.131	+5.652	+5.120	+5.912	+5.913	+5.912	+5.910	+5.908	+5.907	+5.906	+5.905	+5.905	+5.905	+5.854	+5.902	+5.026	+5.901	+5.901	+5.899	+5.899	+5.898	+5.901	+5.121	+5.035	+5.127	+5.127	+5.127	+5.238	+5.036	+5.078	+5.618	+5.604	+5.551	+5.533	+5.524	+5.537	+5.533	+5.537	+5.529	+5.539	+5.534	+5.545	+5.545	+5.535	+5.532	+5.553	+5.550	+5.559	+5.550	+5.551	+5.559	+5.551	+5.551	+5.562	+5.559	+5.560	+5.550	+5.571	+5.338	+5.580	+5.318	+5.615	+5.098	+5.687	+5.396	+20.550	+6.739	+19.912	+17.634	+19.957	+17.245	+19.992	+6.733	+18.296	+21.117	+14.462	+19.335	+13.601	+14.991	+15.018	+19.516	+15.169	+19.534	+19.529	+15.187	+19.548	+19.652	+20.042	+19.801	+16.816	+5.514	+5.467	+6.135	+6.073	+19.238	+18.603	+15.695	+18.304	+5.395	+5.268	+18.652	+5.262	+8.432	+5.275	+18.520	+18.388	+5.592	+18.771	+18.776	+14.621	+5.285	+18.702	+5.291	+5.291	+5.268	+18.514	+5.308	+5.266	+5.265	+5.266	+18.910	+5.246	+18.726	+17.513	+17.389	+5.215	+18.487	+17.500	+18.366	+18.165	+5.208	+18.438	+17.682	+18.607	+18.660	+5.284	+18.153	+5.135	+4.955	+4.985	+4.955	+4.974	+4.969	+4.973	
rs66858216     +5.118	+5.539	+5.045	+5.024	+5.019	+5.124	+5.130	+5.651	+5.119	+5.912	+5.912	+5.912	+5.910	+5.908	+5.907	+5.905	+5.905	+5.905	+5.904	+5.902	+5.853	+5.026	+5.901	+5.900	+5.899	+5.899	+5.897	+5.900	+5.120	+5.034	+5.127	+5.127	+5.126	+5.238	+5.035	+5.077	+5.617	+5.604	+5.551	+5.532	+5.523	+5.536	+5.532	+5.536	+5.528	+5.538	+5.533	+5.545	+5.545	+5.535	+5.532	+5.553	+5.549	+5.558	+5.550	+5.550	+5.558	+5.550	+5.551	+5.562	+5.559	+5.559	+5.549	+5.571	+5.337	+5.579	+5.318	+5.615	+5.097	+5.686	+5.395	+20.550	+6.738	+19.912	+17.633	+19.956	+17.244	+19.992	+6.732	+18.296	+21.117	+14.462	+19.334	+13.600	+14.991	+15.018	+19.515	+15.168	+19.533	+19.528	+15.186	+19.547	+19.651	+20.041	+19.801	+16.815	+5.513	+5.467	+6.134	+6.072	+19.238	+18.602	+15.694	+18.303	+5.394	+5.268	+18.651	+5.262	+8.431	+5.274	+18.519	+18.387	+5.592	+18.770	+18.776	+14.621	+5.284	+18.701	+5.291	+5.291	+5.268	+18.513	+5.308	+5.266	+5.265	+5.265	+18.909	+5.245	+18.725	+17.512	+17.388	+5.215	+18.486	+17.499	+18.366	+18.164	+5.207	+18.438	+17.681	+18.606	+18.660	+5.284	+18.152	+5.135	+4.954	+4.985	+4.954	+4.974	+4.969	+4.972	
rs8093132      -0.650	+2.887	-0.595	-0.506	-0.559	+0.099	+0.115	+3.312	-0.655	+5.045	+5.046	+5.049	+5.041	+5.037	+5.035	+5.032	+5.031	+5.031	+5.030	+5.026	+5.026	-0.416	+5.024	+5.022	+5.020	+5.020	+5.017	+5.023	-0.647	+0.164	-0.704	-0.703	-0.689	-0.523	-0.545	-0.444	-0.270	-0.283	-0.356	-0.376	-0.384	-0.372	-0.376	-0.372	-0.381	-0.371	-0.376	-0.363	-0.363	-0.533	-0.373	-0.356	-0.359	-0.351	-0.358	-0.358	-0.351	-0.358	-0.357	-0.348	-0.351	-0.350	-0.356	-0.352	-0.493	-0.502	-0.689	-0.477	-0.800	-0.430	-0.495	+13.649	+0.499	+12.991	+10.817	+13.038	+10.722	+13.075	+0.500	+13.050	+14.375	+9.426	+12.329	+8.090	+9.702	+9.728	+12.821	+10.156	+12.872	+12.864	+10.169	+12.886	+12.998	+13.379	+13.061	+10.114	-0.718	-0.243	-0.025	-0.056	+11.915	+11.294	+9.806	+11.024	-0.623	-0.487	+11.381	-0.496	+2.297	-0.479	+11.245	+11.119	-0.441	+11.488	+11.506	+8.437	-0.470	+11.447	-0.463	-0.463	-0.489	+11.249	-0.443	-0.493	-0.494	-0.494	+11.603	-0.518	+11.446	+10.179	+10.065	-0.555	+11.225	+10.355	+11.103	+10.918	-0.565	+11.180	+10.553	+11.332	+11.384	-0.470	+10.906	-0.761	-0.906	-0.915	-0.902	-0.914	-0.913	-0.914	
rs16967519     +5.117	+5.537	+5.043	+5.023	+5.017	+5.122	+5.129	+5.650	+5.118	+5.911	+5.912	+5.911	+5.909	+5.907	+5.906	+5.905	+5.904	+5.904	+5.903	+5.901	+5.901	+5.024	+5.851	+5.899	+5.898	+5.898	+5.897	+5.900	+5.119	+5.033	+5.125	+5.125	+5.125	+5.236	+5.033	+5.076	+5.616	+5.602	+5.549	+5.531	+5.521	+5.535	+5.531	+5.535	+5.527	+5.536	+5.532	+5.543	+5.543	+5.533	+5.530	+5.551	+5.548	+5.557	+5.548	+5.548	+5.557	+5.549	+5.549	+5.560	+5.557	+5.557	+5.547	+5.569	+5.336	+5.578	+5.316	+5.613	+5.095	+5.685	+5.394	+20.548	+6.737	+19.910	+17.632	+19.955	+17.243	+19.990	+6.731	+18.294	+21.115	+14.460	+19.332	+13.599	+14.989	+15.017	+19.514	+15.167	+19.532	+19.527	+15.185	+19.545	+19.650	+20.040	+19.799	+16.814	+5.512	+5.465	+6.133	+6.071	+19.236	+18.601	+15.693	+18.301	+5.393	+5.266	+18.650	+5.260	+8.430	+5.273	+18.517	+18.385	+5.590	+18.768	+18.774	+14.620	+5.283	+18.699	+5.289	+5.289	+5.266	+18.512	+5.306	+5.264	+5.263	+5.264	+18.908	+5.244	+18.724	+17.511	+17.387	+5.213	+18.484	+17.498	+18.364	+18.163	+5.206	+18.436	+17.679	+18.604	+18.658	+5.282	+18.151	+5.133	+4.952	+4.983	+4.953	+4.972	+4.967	+4.971	
rs2298601      +5.115	+5.536	+5.042	+5.021	+5.015	+5.121	+5.127	+5.649	+5.116	+5.910	+5.911	+5.910	+5.908	+5.906	+5.905	+5.904	+5.903	+5.903	+5.903	+5.901	+5.900	+5.022	+5.899	+5.850	+5.897	+5.897	+5.896	+5.899	+5.117	+5.031	+5.123	+5.123	+5.123	+5.234	+5.032	+5.074	+5.614	+5.600	+5.547	+5.529	+5.520	+5.533	+5.529	+5.533	+5.525	+5.535	+5.530	+5.541	+5.541	+5.531	+5.529	+5.550	+5.546	+5.555	+5.546	+5.547	+5.555	+5.547	+5.547	+5.559	+5.555	+5.556	+5.546	+5.567	+5.334	+5.576	+5.314	+5.611	+5.094	+5.683	+5.392	+20.547	+6.735	+19.908	+17.630	+19.953	+17.241	+19.988	+6.729	+18.293	+21.113	+14.459	+19.331	+13.597	+14.988	+15.015	+19.512	+15.165	+19.530	+19.525	+15.183	+19.544	+19.648	+20.038	+19.797	+16.812	+5.510	+5.463	+6.131	+6.069	+19.234	+18.599	+15.691	+18.299	+5.391	+5.264	+18.648	+5.258	+8.428	+5.271	+18.515	+18.383	+5.588	+18.766	+18.772	+14.618	+5.281	+18.697	+5.287	+5.288	+5.264	+18.510	+5.304	+5.263	+5.262	+5.262	+18.906	+5.242	+18.722	+17.509	+17.385	+5.212	+18.482	+17.496	+18.362	+18.161	+5.204	+18.434	+17.677	+18.602	+18.656	+5.280	+18.149	+5.131	+4.951	+4.981	+4.951	+4.970	+4.965	+4.969	
rs13381368     +5.113	+5.534	+5.040	+5.019	+5.013	+5.119	+5.125	+5.647	+5.114	+5.909	+5.910	+5.909	+5.907	+5.905	+5.904	+5.903	+5.902	+5.902	+5.901	+5.899	+5.899	+5.020	+5.898	+5.897	+5.847	+5.896	+5.895	+5.898	+5.115	+5.029	+5.121	+5.121	+5.121	+5.232	+5.030	+5.072	+5.612	+5.598	+5.545	+5.527	+5.518	+5.531	+5.527	+5.531	+5.523	+5.533	+5.528	+5.539	+5.539	+5.529	+5.527	+5.548	+5.544	+5.553	+5.544	+5.545	+5.553	+5.545	+5.545	+5.557	+5.553	+5.554	+5.544	+5.565	+5.332	+5.574	+5.312	+5.609	+5.092	+5.681	+5.390	+20.545	+6.733	+19.906	+17.627	+19.951	+17.239	+19.986	+6.727	+18.291	+21.111	+14.457	+19.329	+13.596	+14.986	+15.013	+19.510	+15.163	+19.528	+19.523	+15.181	+19.542	+19.646	+20.036	+19.795	+16.810	+5.508	+5.461	+6.129	+6.067	+19.232	+18.596	+15.689	+18.297	+5.389	+5.262	+18.645	+5.256	+8.426	+5.269	+18.513	+18.381	+5.586	+18.764	+18.770	+14.616	+5.279	+18.695	+5.285	+5.286	+5.263	+18.508	+5.302	+5.261	+5.260	+5.260	+18.903	+5.240	+18.719	+17.506	+17.382	+5.210	+18.480	+17.493	+18.360	+18.158	+5.202	+18.432	+17.675	+18.600	+18.654	+5.278	+18.146	+5.129	+4.949	+4.979	+4.949	+4.968	+4.963	+4.967	
rs13381361     +5.112	+5.534	+5.039	+5.018	+5.013	+5.118	+5.125	+5.647	+5.114	+5.909	+5.910	+5.909	+5.907	+5.905	+5.904	+5.902	+5.902	+5.902	+5.901	+5.899	+5.899	+5.020	+5.898	+5.897	+5.896	+5.847	+5.894	+5.897	+5.114	+5.029	+5.121	+5.121	+5.121	+5.232	+5.029	+5.071	+5.612	+5.598	+5.545	+5.527	+5.517	+5.531	+5.527	+5.531	+5.522	+5.532	+5.528	+5.539	+5.539	+5.529	+5.526	+5.547	+5.543	+5.553	+5.544	+5.544	+5.552	+5.545	+5.545	+5.556	+5.553	+5.553	+5.543	+5.565	+5.332	+5.574	+5.312	+5.609	+5.091	+5.680	+5.390	+20.544	+6.732	+19.906	+17.627	+19.951	+17.239	+19.986	+6.726	+18.291	+21.111	+14.457	+19.328	+13.595	+14.986	+15.013	+19.510	+15.163	+19.527	+19.523	+15.181	+19.541	+19.646	+20.036	+19.795	+16.809	+5.507	+5.461	+6.129	+6.067	+19.231	+18.596	+15.689	+18.296	+5.389	+5.262	+18.645	+5.256	+8.426	+5.269	+18.512	+18.381	+5.586	+18.764	+18.769	+14.616	+5.279	+18.694	+5.285	+5.285	+5.262	+18.507	+5.302	+5.260	+5.259	+5.260	+18.903	+5.240	+18.719	+17.506	+17.382	+5.209	+18.480	+17.493	+18.359	+18.158	+5.202	+18.431	+17.675	+18.599	+18.653	+5.278	+18.146	+5.129	+4.948	+4.979	+4.949	+4.968	+4.963	+4.967	
rs67250984     +5.110	+5.532	+5.036	+5.016	+5.010	+5.115	+5.122	+5.645	+5.111	+5.908	+5.908	+5.908	+5.906	+5.904	+5.902	+5.901	+5.901	+5.900	+5.900	+5.898	+5.897	+5.017	+5.897	+5.896	+5.895	+5.894	+5.844	+5.896	+5.111	+5.026	+5.118	+5.118	+5.118	+5.229	+5.026	+5.068	+5.609	+5.595	+5.542	+5.524	+5.514	+5.528	+5.524	+5.528	+5.520	+5.529	+5.525	+5.536	+5.536	+5.526	+5.523	+5.544	+5.541	+5.550	+5.541	+5.541	+5.550	+5.542	+5.542	+5.553	+5.550	+5.551	+5.540	+5.562	+5.329	+5.571	+5.309	+5.606	+5.088	+5.677	+5.387	+20.541	+6.730	+19.903	+17.624	+19.948	+17.236	+19.983	+6.724	+18.288	+21.108	+14.454	+19.325	+13.593	+14.983	+15.010	+19.507	+15.161	+19.525	+19.520	+15.178	+19.538	+19.643	+20.033	+19.792	+16.807	+5.504	+5.458	+6.126	+6.064	+19.228	+18.593	+15.686	+18.293	+5.386	+5.259	+18.642	+5.253	+8.423	+5.266	+18.509	+18.378	+5.583	+18.760	+18.766	+14.613	+5.276	+18.691	+5.282	+5.282	+5.259	+18.504	+5.299	+5.257	+5.256	+5.257	+18.900	+5.237	+18.716	+17.503	+17.379	+5.206	+18.476	+17.490	+18.356	+18.155	+5.199	+18.428	+17.672	+18.596	+18.650	+5.275	+18.143	+5.126	+4.945	+4.976	+4.946	+4.965	+4.960	+4.964	
rs67828662     +5.115	+5.536	+5.042	+5.021	+5.016	+5.121	+5.127	+5.649	+5.117	+5.910	+5.911	+5.910	+5.908	+5.906	+5.905	+5.904	+5.903	+5.903	+5.903	+5.901	+5.900	+5.023	+5.900	+5.899	+5.898	+5.897	+5.896	+5.850	+5.117	+5.031	+5.124	+5.124	+5.124	+5.235	+5.032	+5.074	+5.615	+5.601	+5.548	+5.530	+5.521	+5.534	+5.530	+5.534	+5.526	+5.536	+5.531	+5.542	+5.542	+5.533	+5.530	+5.551	+5.547	+5.556	+5.548	+5.548	+5.556	+5.548	+5.549	+5.560	+5.556	+5.557	+5.547	+5.569	+5.335	+5.577	+5.315	+5.612	+5.094	+5.684	+5.393	+20.547	+6.735	+19.908	+17.629	+19.953	+17.240	+19.989	+6.729	+18.292	+21.113	+14.457	+19.331	+13.596	+14.986	+15.013	+19.512	+15.164	+19.530	+19.525	+15.182	+19.544	+19.648	+20.038	+19.797	+16.812	+5.511	+5.464	+6.131	+6.069	+19.236	+18.600	+15.692	+18.301	+5.392	+5.265	+18.649	+5.259	+8.428	+5.272	+18.517	+18.385	+5.589	+18.768	+18.773	+14.619	+5.282	+18.699	+5.288	+5.288	+5.265	+18.512	+5.305	+5.263	+5.262	+5.263	+18.907	+5.243	+18.723	+17.510	+17.386	+5.212	+18.484	+17.497	+18.363	+18.162	+5.205	+18.435	+17.679	+18.604	+18.658	+5.281	+18.150	+5.132	+4.951	+4.982	+4.952	+4.971	+4.966	+4.970	
rs75398098     -0.561	+2.977	-0.575	-0.604	-0.744	-0.252	-0.235	+3.408	-0.541	+5.139	+5.140	+5.144	+5.135	+5.132	+5.129	+5.127	+5.126	+5.125	+5.125	+5.121	+5.120	-0.647	+5.119	+5.117	+5.115	+5.114	+5.111	+5.117	-0.423	+0.844	-0.516	-0.515	-0.541	-0.560	-0.536	-0.423	-0.236	-0.250	-0.325	-0.345	-0.353	-0.341	-0.345	-0.341	-0.350	-0.339	-0.345	-0.333	-0.332	-0.515	-0.344	-0.325	-0.329	-0.320	-0.328	-0.328	-0.320	-0.328	-0.327	-0.317	-0.320	-0.320	-0.326	-0.328	-0.473	-0.543	-0.687	-0.519	-0.820	-0.475	-0.484	+13.736	+0.390	+12.920	+11.227	+12.968	+10.531	+13.007	+0.391	+12.855	+14.200	+9.151	+12.287	+7.918	+9.505	+9.532	+12.763	+9.958	+12.817	+12.808	+9.973	+12.831	+12.948	+13.323	+13.015	+10.167	-0.705	-0.295	-0.078	-0.111	+12.447	+11.806	+10.004	+11.531	-0.618	-0.508	+11.887	-0.517	+2.274	-0.500	+11.749	+11.616	-0.468	+11.999	+12.016	+8.867	-0.491	+11.958	-0.483	-0.483	-0.508	+11.754	-0.464	-0.513	-0.514	-0.513	+12.120	-0.538	+11.954	+10.661	+10.547	-0.574	+11.729	+10.816	+11.602	+11.414	-0.583	+11.683	+11.021	+11.837	+11.890	-0.491	+11.402	-0.775	-0.916	-0.925	-0.912	-0.924	-0.922	-0.924	
rs579596       +0.826	+3.186	+0.182	+0.166	+0.169	+4.892	+4.943	+3.558	+0.824	+5.053	+5.053	+5.058	+5.049	+5.045	+5.043	+5.040	+5.040	+5.039	+5.038	+5.035	+5.034	+0.164	+5.033	+5.031	+5.029	+5.029	+5.026	+5.031	+0.844	+0.626	+0.707	+0.708	+0.739	+0.919	+0.179	+0.209	+0.618	+0.607	+0.544	+0.527	+0.520	+0.531	+0.527	+0.531	+0.523	+0.533	+0.527	+0.538	+0.538	+0.408	+0.529	+0.545	+0.542	+0.550	+0.542	+0.542	+0.549	+0.543	+0.543	+0.552	+0.549	+0.550	+0.543	+0.565	+0.467	+0.554	+0.311	+0.583	+0.194	+0.637	+0.445	+14.191	+1.511	+13.592	+11.454	+13.639	+11.700	+13.677	+1.512	+13.776	+15.275	+10.254	+12.963	+9.008	+10.540	+10.566	+13.425	+10.941	+13.465	+13.455	+10.957	+13.490	+13.601	+14.002	+13.679	+10.755	+0.269	+0.724	+1.163	+1.098	+12.676	+12.071	+10.762	+11.812	+0.379	+0.531	+12.160	+0.524	+3.327	+0.540	+12.030	+11.908	+0.648	+12.273	+12.287	+9.295	+0.548	+12.222	+0.555	+0.556	+0.529	+12.031	+0.576	+0.524	+0.522	+0.524	+12.387	+0.499	+12.224	+10.965	+10.856	+0.463	+12.008	+11.173	+11.882	+11.703	+0.454	+11.963	+11.350	+12.112	+12.162	+0.545	+11.690	+0.262	+0.088	+0.085	+0.091	+0.083	+0.082	+0.082	
rs7235689      -0.558	+2.960	-0.631	-0.662	-0.796	-0.218	-0.200	+3.393	-0.538	+5.146	+5.147	+5.151	+5.142	+5.139	+5.136	+5.133	+5.133	+5.132	+5.131	+5.127	+5.127	-0.704	+5.125	+5.123	+5.121	+5.121	+5.118	+5.124	-0.516	+0.707	-0.467	-0.587	-0.587	-0.554	-0.594	-0.484	-0.285	-0.298	-0.374	-0.393	-0.401	-0.389	-0.393	-0.389	-0.398	-0.388	-0.393	-0.381	-0.381	-0.562	-0.392	-0.374	-0.377	-0.369	-0.377	-0.376	-0.369	-0.376	-0.376	-0.366	-0.369	-0.368	-0.374	-0.375	-0.518	-0.578	-0.731	-0.554	-0.861	-0.509	-0.529	+13.668	+0.359	+12.862	+11.116	+12.910	+10.508	+12.948	+0.361	+12.849	+14.174	+9.154	+12.226	+7.903	+9.500	+9.527	+12.705	+9.955	+12.759	+12.750	+9.969	+12.773	+12.889	+13.263	+12.956	+10.096	-0.751	-0.326	-0.112	-0.145	+12.319	+11.680	+9.930	+11.405	-0.661	-0.544	+11.762	-0.552	+2.241	-0.536	+11.625	+11.493	-0.506	+11.874	+11.891	+8.758	-0.526	+11.833	-0.519	-0.519	-0.544	+11.629	-0.500	-0.549	-0.550	-0.549	+11.994	-0.574	+11.835	+10.545	+10.426	-0.610	+11.604	+10.704	+11.479	+11.291	-0.620	+11.559	+10.907	+11.718	+11.771	-0.527	+11.279	-0.815	-0.956	-0.965	-0.952	-0.964	-0.963	-0.964	
rs628016       -0.559	+2.960	-0.630	-0.661	-0.796	-0.218	-0.200	+3.393	-0.537	+5.146	+5.147	+5.151	+5.142	+5.138	+5.136	+5.133	+5.133	+5.132	+5.131	+5.127	+5.127	-0.703	+5.125	+5.123	+5.121	+5.121	+5.118	+5.124	-0.515	+0.708	-0.587	-0.467	-0.588	-0.554	-0.594	-0.484	-0.285	-0.298	-0.374	-0.393	-0.401	-0.389	-0.393	-0.389	-0.398	-0.388	-0.393	-0.381	-0.381	-0.562	-0.392	-0.373	-0.377	-0.368	-0.376	-0.376	-0.369	-0.376	-0.375	-0.365	-0.368	-0.368	-0.374	-0.375	-0.518	-0.577	-0.731	-0.554	-0.861	-0.509	-0.529	+13.669	+0.360	+12.862	+11.118	+12.910	+10.508	+12.948	+0.361	+12.849	+14.174	+9.154	+12.226	+7.903	+9.501	+9.527	+12.705	+9.955	+12.759	+12.750	+9.969	+12.773	+12.890	+13.263	+12.956	+10.097	-0.751	-0.326	-0.112	-0.145	+12.321	+11.682	+9.930	+11.407	-0.661	-0.544	+11.764	-0.552	+2.241	-0.536	+11.626	+11.495	-0.505	+11.875	+11.893	+8.758	-0.526	+11.835	-0.519	-0.519	-0.544	+11.631	-0.500	-0.549	-0.550	-0.549	+11.996	-0.574	+11.837	+10.547	+10.427	-0.610	+11.606	+10.705	+11.480	+11.293	-0.620	+11.561	+10.909	+11.720	+11.773	-0.527	+11.281	-0.814	-0.956	-0.965	-0.952	-0.964	-0.963	-0.964	
rs12456634     -0.561	+2.966	-0.616	-0.647	-0.783	-0.227	-0.208	+3.399	-0.555	+5.146	+5.146	+5.150	+5.142	+5.138	+5.135	+5.133	+5.132	+5.132	+5.131	+5.127	+5.126	-0.689	+5.125	+5.123	+5.121	+5.121	+5.118	+5.124	-0.541	+0.739	-0.587	-0.588	-0.455	-0.554	-0.579	-0.468	-0.273	-0.286	-0.361	-0.380	-0.389	-0.376	-0.381	-0.377	-0.385	-0.375	-0.380	-0.368	-0.368	-0.550	-0.380	-0.361	-0.364	-0.356	-0.364	-0.364	-0.356	-0.363	-0.363	-0.353	-0.356	-0.356	-0.362	-0.363	-0.506	-0.568	-0.719	-0.544	-0.850	-0.500	-0.517	+13.685	+0.368	+12.877	+11.153	+12.925	+10.513	+12.963	+0.369	+12.852	+14.180	+9.155	+12.242	+7.907	+9.503	+9.530	+12.720	+9.958	+12.774	+12.765	+9.972	+12.788	+12.905	+13.278	+12.972	+10.115	-0.738	-0.318	-0.103	-0.136	+12.352	+11.713	+9.944	+11.438	-0.649	-0.534	+11.795	-0.543	+2.250	-0.526	+11.658	+11.525	-0.496	+11.907	+11.924	+8.781	-0.517	+11.866	-0.510	-0.510	-0.535	+11.662	-0.490	-0.539	-0.540	-0.540	+12.027	-0.564	+11.862	+10.570	+10.456	-0.600	+11.637	+10.728	+11.511	+11.324	-0.610	+11.592	+10.932	+11.744	+11.798	-0.517	+11.312	-0.804	-0.945	-0.954	-0.941	-0.953	-0.952	-0.953	
rs76359337     -0.563	+3.123	-0.449	-0.480	-0.621	-0.226	-0.211	+3.553	-0.561	+5.257	+5.257	+5.261	+5.253	+5.249	+5.246	+5.244	+5.243	+5.243	+5.242	+5.238	+5.238	-0.523	+5.236	+5.234	+5.232	+5.232	+5.229	+5.235	-0.560	+0.919	-0.554	-0.554	-0.554	-0.281	-0.410	-0.296	-0.070	-0.084	-0.163	-0.183	-0.192	-0.179	-0.183	-0.179	-0.188	-0.177	-0.183	-0.170	-0.170	-0.362	-0.182	-0.162	-0.166	-0.157	-0.165	-0.165	-0.157	-0.165	-0.165	-0.154	-0.157	-0.157	-0.164	-0.167	-0.331	-0.420	-0.551	-0.396	-0.689	-0.352	-0.331	+13.898	+0.518	+13.092	+11.423	+13.141	+10.657	+13.179	+0.519	+12.947	+14.331	+9.243	+12.467	+8.025	+9.601	+9.627	+12.937	+10.054	+12.992	+12.983	+10.068	+13.008	+13.123	+13.500	+13.193	+10.283	-0.570	-0.179	+0.045	+0.014	+12.644	+12.002	+10.101	+11.729	-0.486	-0.390	+12.085	-0.398	+2.403	-0.381	+11.949	+11.813	-0.344	+12.196	+12.212	+9.069	-0.372	+12.153	-0.365	-0.365	-0.390	+11.949	-0.346	-0.394	-0.396	-0.395	+12.312	-0.419	+12.148	+10.844	+10.730	-0.455	+11.923	+11.007	+11.798	+11.610	-0.465	+11.878	+11.212	+12.031	+12.085	-0.373	+11.597	-0.654	-0.793	-0.801	-0.789	-0.800	-0.799	-0.801	
rs17740112     -0.541	+2.942	-0.581	-0.548	-0.517	+0.238	+0.255	+3.362	-0.545	+5.054	+5.055	+5.058	+5.050	+5.047	+5.044	+5.041	+5.041	+5.040	+5.039	+5.036	+5.035	-0.545	+5.033	+5.032	+5.030	+5.029	+5.026	+5.032	-0.536	+0.179	-0.594	-0.594	-0.579	-0.410	-0.314	-0.384	-0.190	-0.202	-0.275	-0.295	-0.302	-0.291	-0.295	-0.291	-0.299	-0.289	-0.295	-0.282	-0.282	-0.448	-0.292	-0.274	-0.278	-0.269	-0.277	-0.277	-0.270	-0.277	-0.276	-0.267	-0.270	-0.269	-0.275	-0.269	-0.410	-0.401	-0.594	-0.375	-0.702	-0.327	-0.409	+13.740	+0.596	+13.099	+10.932	+13.148	+10.857	+13.185	+0.597	+13.169	+14.492	+9.585	+12.433	+8.226	+9.841	+9.867	+12.927	+10.297	+12.978	+12.970	+10.309	+12.993	+13.104	+13.484	+13.166	+10.213	-0.624	-0.149	+0.069	+0.039	+12.020	+11.398	+9.890	+11.129	-0.529	-0.397	+11.486	-0.406	+2.387	-0.389	+11.349	+11.224	-0.349	+11.593	+11.609	+8.515	-0.381	+11.549	-0.373	-0.373	-0.399	+11.350	-0.354	-0.403	-0.404	-0.404	+11.705	-0.428	+11.546	+10.277	+10.165	-0.464	+11.327	+10.455	+11.205	+11.021	-0.474	+11.282	+10.654	+11.432	+11.483	-0.380	+11.008	-0.667	-0.810	-0.819	-0.806	-0.818	-0.817	-0.819	
