## Summary of overall evidence for association with region:
## log10(BF for region) = 25.9204
## p-value for region = NA

## BFs for choosing among multi-SNP models:
## log10(average 1-SNP BF) = 20.8495
## log10(average 2-SNP BF) = 26.3975

## Example posterior probabilities for multi-SNP models, based on default prior: [p(l) propto 0.5^l for l=1,2,...,L]
## posterior probability of 1-SNP = 5.66259e-06
## posterior probability of 2-SNP = 0.999994

## log10(BF) for single SNP and pair of SNPs:
rs1009398      +7.728	+7.149	+7.181	+7.182	+7.181	+7.168	+7.168	+7.247	+11.300	+7.240	+7.342	+11.316	+7.047	+11.350	+12.700	+7.265	+7.308	+7.316	+7.684	+7.923	+14.175	+14.131	+14.077	+14.065	+8.225	+8.231	+7.843	+16.151	+7.614	+7.855	+14.203	+7.718	+7.580	+7.697	+7.833	+7.722	+14.300	+7.632	+8.679	+7.965	+15.014	+15.595	+15.274	+8.051	+7.394	+15.138	+15.123	+14.687	+8.141	+15.200	+8.001	+8.002	+14.773	+7.969	+14.876	+7.986	+15.125	+15.142	+7.977	+7.976	+7.776	+7.837	+7.786	+7.786	+7.707	+7.791	+7.825	+7.859	+7.827	+7.896	+7.864	+7.828	+7.798	+7.856	+7.813	+7.829	+7.829	+7.824	+9.062	+17.016	+17.033	+17.471	+17.867	+17.866	+23.007	+17.869	+17.877	+23.032	+17.907	+23.036	+17.955	+8.940	+17.879	+17.899	+17.886	+23.230	+17.859	+22.714	+17.903	+22.724	+22.424	+17.909	+22.374	+8.973	+22.663	+22.579	+22.665	+22.656	+22.653	+22.650	+18.015	+22.628	+22.736	+22.633	+22.382	+15.347	+15.340	+15.338	+15.338	+15.062	+15.333	+15.337	+15.327	+22.804	+22.491	+21.725	+15.305	+21.434	+21.666	+22.261	+15.488	+15.270	+21.378	+15.266	+15.265	+15.265	+15.261	+15.260	+15.257	+15.257	+15.253	+21.195	+14.910	+14.892	+14.811	+14.740	+14.785	+14.786	+14.904	+14.762	+14.729	+14.397	+14.655	+14.601	+21.962	+14.617	+21.813	+20.948	+14.640	+14.619	+14.290	+14.369	+14.536	+14.605	+14.505	+14.510	+21.917	+14.516	+14.516	+14.512	+14.289	+16.229	
rs10496900     +7.149	+0.230	+0.364	+0.365	+0.361	+0.223	+0.394	-0.084	+10.569	+0.408	-0.142	+8.311	-0.224	+8.350	+8.885	+0.501	+0.583	-0.159	+1.986	+1.876	+11.045	+10.986	+10.914	+10.905	+0.070	+0.071	+1.719	+12.388	+1.163	+1.731	+11.083	+1.283	+1.092	+1.258	+0.212	+1.299	+11.203	+1.176	+1.905	+0.330	+14.506	+15.318	+14.952	-0.002	+1.320	+14.789	+14.768	+13.988	+0.063	+14.863	-0.015	-0.012	+14.350	-0.027	+14.460	-0.008	+14.759	+14.779	-0.012	-0.012	-0.101	-0.073	-0.098	-0.098	-0.035	-0.095	-0.080	-0.066	-0.079	-0.040	-0.062	-0.078	-0.091	-0.060	-0.080	-0.078	-0.078	-0.078	+0.877	+13.627	+13.643	+13.049	+13.765	+13.764	+21.397	+13.766	+13.772	+21.414	+13.799	+21.417	+13.846	+0.863	+13.770	+13.789	+13.776	+21.602	+13.727	+21.013	+13.758	+21.010	+20.672	+13.758	+20.618	+0.886	+20.940	+20.845	+20.943	+20.934	+20.930	+20.927	+13.873	+20.900	+21.026	+20.912	+20.631	+12.142	+12.133	+12.131	+12.131	+11.796	+12.124	+12.127	+12.116	+20.826	+20.716	+19.373	+12.090	+19.080	+19.343	+20.491	+12.313	+12.046	+19.014	+12.041	+12.040	+12.041	+12.034	+12.034	+12.030	+12.030	+12.023	+18.720	+11.390	+11.366	+11.287	+11.161	+11.215	+11.217	+11.341	+11.186	+11.145	+10.744	+11.053	+10.991	+19.792	+10.988	+19.872	+18.402	+11.035	+10.963	+10.639	+10.750	+10.911	+11.054	+10.874	+10.876	+20.019	+10.889	+10.888	+10.883	+10.614	+12.020	
rs17747853     +7.181	+0.364	+0.462	+0.425	+0.424	+0.373	+0.460	+0.080	+10.608	+0.491	+0.074	+8.348	-0.023	+8.387	+8.903	+0.575	+0.649	+0.056	+1.947	+1.862	+11.074	+11.016	+10.944	+10.935	+0.297	+0.298	+1.716	+12.399	+1.190	+1.728	+11.112	+1.377	+1.126	+1.352	+0.441	+1.391	+11.232	+1.205	+1.963	+0.564	+14.532	+15.340	+14.974	+0.222	+1.436	+14.812	+14.791	+14.007	+0.289	+14.885	+0.208	+0.211	+14.374	+0.196	+14.484	+0.215	+14.782	+14.802	+0.211	+0.210	+0.118	+0.147	+0.121	+0.121	+0.185	+0.124	+0.140	+0.155	+0.141	+0.182	+0.158	+0.142	+0.129	+0.161	+0.140	+0.142	+0.142	+0.141	+1.107	+13.855	+13.871	+13.067	+13.776	+13.775	+21.447	+13.777	+13.783	+21.464	+13.810	+21.467	+13.857	+1.092	+13.781	+13.800	+13.787	+21.652	+13.739	+21.064	+13.771	+21.062	+20.725	+13.771	+20.671	+1.114	+20.992	+20.897	+20.995	+20.985	+20.982	+20.979	+13.885	+20.952	+21.077	+20.965	+20.685	+12.146	+12.137	+12.136	+12.136	+11.804	+12.128	+12.132	+12.121	+20.868	+20.769	+19.418	+12.094	+19.127	+19.388	+20.545	+12.316	+12.051	+19.060	+12.045	+12.045	+12.045	+12.039	+12.038	+12.035	+12.034	+12.028	+18.768	+11.404	+11.380	+11.301	+11.178	+11.230	+11.232	+11.356	+11.202	+11.162	+10.764	+11.071	+11.009	+19.839	+11.006	+19.928	+18.451	+11.052	+10.981	+10.660	+10.771	+10.930	+11.068	+10.893	+10.896	+20.072	+10.908	+10.907	+10.902	+10.636	+12.241	
rs17815364     +7.182	+0.365	+0.425	+0.463	+0.424	+0.373	+0.460	+0.080	+10.608	+0.491	+0.075	+8.348	-0.022	+8.387	+8.903	+0.575	+0.649	+0.057	+1.947	+1.862	+11.074	+11.016	+10.944	+10.935	+0.298	+0.299	+1.716	+12.399	+1.190	+1.728	+11.112	+1.377	+1.126	+1.352	+0.442	+1.392	+11.232	+1.205	+1.963	+0.565	+14.533	+15.340	+14.974	+0.222	+1.437	+14.812	+14.791	+14.007	+0.290	+14.885	+0.209	+0.212	+14.375	+0.196	+14.485	+0.215	+14.782	+14.802	+0.211	+0.211	+0.118	+0.148	+0.122	+0.122	+0.186	+0.125	+0.141	+0.155	+0.142	+0.182	+0.159	+0.142	+0.129	+0.161	+0.140	+0.142	+0.142	+0.142	+1.107	+13.856	+13.872	+13.067	+13.776	+13.775	+21.447	+13.777	+13.784	+21.464	+13.810	+21.467	+13.857	+1.092	+13.781	+13.801	+13.788	+21.652	+13.740	+21.064	+13.771	+21.062	+20.725	+13.771	+20.671	+1.115	+20.992	+20.897	+20.995	+20.986	+20.982	+20.979	+13.886	+20.953	+21.077	+20.965	+20.685	+12.147	+12.138	+12.136	+12.136	+11.804	+12.129	+12.132	+12.122	+20.868	+20.769	+19.418	+12.095	+19.127	+19.388	+20.545	+12.316	+12.051	+19.061	+12.046	+12.045	+12.045	+12.039	+12.039	+12.035	+12.035	+12.029	+18.768	+11.405	+11.380	+11.302	+11.178	+11.231	+11.233	+11.357	+11.202	+11.162	+10.765	+11.071	+11.009	+19.839	+11.007	+19.929	+18.451	+11.053	+10.981	+10.661	+10.771	+10.930	+11.068	+10.893	+10.896	+20.072	+10.908	+10.907	+10.903	+10.636	+12.242	
rs12468990     +7.181	+0.361	+0.424	+0.424	+0.460	+0.371	+0.459	+0.078	+10.607	+0.490	+0.072	+8.347	-0.025	+8.386	+8.903	+0.574	+0.648	+0.054	+1.949	+1.863	+11.073	+11.015	+10.943	+10.934	+0.295	+0.296	+1.717	+12.399	+1.189	+1.729	+11.112	+1.375	+1.126	+1.351	+0.439	+1.390	+11.231	+1.204	+1.962	+0.562	+14.531	+15.338	+14.973	+0.219	+1.434	+14.811	+14.790	+14.006	+0.287	+14.884	+0.206	+0.209	+14.373	+0.193	+14.483	+0.212	+14.781	+14.800	+0.208	+0.208	+0.116	+0.145	+0.119	+0.119	+0.183	+0.122	+0.138	+0.152	+0.139	+0.179	+0.156	+0.139	+0.126	+0.158	+0.137	+0.139	+0.139	+0.139	+1.104	+13.852	+13.868	+13.065	+13.774	+13.773	+21.446	+13.775	+13.781	+21.462	+13.808	+21.465	+13.855	+1.089	+13.779	+13.798	+13.785	+21.650	+13.737	+21.063	+13.769	+21.060	+20.724	+13.769	+20.670	+1.112	+20.991	+20.896	+20.993	+20.984	+20.980	+20.977	+13.884	+20.951	+21.076	+20.963	+20.684	+12.144	+12.135	+12.134	+12.134	+11.802	+12.126	+12.130	+12.120	+20.867	+20.767	+19.417	+12.092	+19.126	+19.386	+20.544	+12.314	+12.049	+19.059	+12.043	+12.043	+12.043	+12.037	+12.036	+12.033	+12.032	+12.026	+18.767	+11.402	+11.378	+11.299	+11.176	+11.228	+11.230	+11.354	+11.199	+11.160	+10.762	+11.069	+11.007	+19.837	+11.004	+19.927	+18.450	+11.050	+10.979	+10.658	+10.769	+10.928	+11.066	+10.890	+10.893	+20.070	+10.905	+10.905	+10.900	+10.634	+12.238	
rs1949010      +7.168	+0.223	+0.373	+0.373	+0.371	+0.351	+0.426	-0.002	+10.577	+0.450	-0.033	+8.326	-0.120	+8.366	+8.898	+0.539	+0.617	-0.050	+1.971	+1.874	+11.055	+10.997	+10.925	+10.916	+0.182	+0.183	+1.721	+12.399	+1.179	+1.733	+11.094	+1.328	+1.111	+1.303	+0.326	+1.343	+11.213	+1.193	+1.935	+0.446	+14.502	+15.308	+14.941	+0.108	+1.372	+14.779	+14.758	+13.968	+0.174	+14.852	+0.095	+0.098	+14.339	+0.083	+14.450	+0.102	+14.748	+14.767	+0.098	+0.098	+0.007	+0.036	+0.011	+0.011	+0.074	+0.013	+0.029	+0.043	+0.030	+0.070	+0.047	+0.030	+0.018	+0.049	+0.029	+0.031	+0.031	+0.030	+1.001	+13.694	+13.710	+13.000	+13.709	+13.708	+21.424	+13.710	+13.717	+21.441	+13.743	+21.444	+13.790	+0.986	+13.714	+13.734	+13.721	+21.630	+13.673	+21.041	+13.704	+21.038	+20.701	+13.704	+20.647	+1.009	+20.968	+20.874	+20.971	+20.962	+20.958	+20.955	+13.819	+20.929	+21.054	+20.940	+20.661	+12.073	+12.064	+12.063	+12.063	+11.730	+12.055	+12.059	+12.049	+20.851	+20.745	+19.400	+12.022	+19.108	+19.369	+20.520	+12.243	+11.978	+19.041	+11.972	+11.972	+11.972	+11.966	+11.965	+11.962	+11.961	+11.955	+18.748	+11.331	+11.306	+11.228	+11.103	+11.156	+11.158	+11.282	+11.127	+11.087	+10.689	+10.996	+10.934	+19.820	+10.931	+19.903	+18.431	+10.978	+10.907	+10.586	+10.696	+10.855	+10.997	+10.817	+10.817	+20.048	+10.832	+10.832	+10.827	+10.560	+12.098	
rs7580194      +7.168	+0.394	+0.460	+0.460	+0.459	+0.426	+0.640	+0.201	+10.592	+0.552	+0.261	+8.320	+0.137	+8.359	+8.876	+0.622	+0.689	+0.241	+2.048	+1.904	+11.039	+10.981	+10.910	+10.900	+0.505	+0.506	+1.746	+12.374	+1.211	+1.757	+11.078	+1.392	+1.145	+1.369	+0.643	+1.407	+11.197	+1.224	+1.953	+0.770	+14.501	+15.310	+14.945	+0.415	+1.483	+14.784	+14.763	+13.987	+0.484	+14.857	+0.398	+0.400	+14.347	+0.384	+14.456	+0.404	+14.753	+14.773	+0.399	+0.399	+0.303	+0.334	+0.306	+0.306	+0.369	+0.309	+0.326	+0.341	+0.327	+0.369	+0.344	+0.327	+0.314	+0.347	+0.324	+0.327	+0.327	+0.327	+1.245	+14.272	+14.288	+13.158	+13.872	+13.870	+21.371	+13.873	+13.879	+21.388	+13.908	+21.391	+13.954	+1.230	+13.877	+13.896	+13.883	+21.577	+13.836	+20.989	+13.867	+20.987	+20.650	+13.867	+20.597	+1.252	+20.917	+20.823	+20.920	+20.911	+20.907	+20.904	+13.981	+20.877	+21.003	+20.889	+20.609	+12.186	+12.177	+12.175	+12.175	+11.847	+12.168	+12.172	+12.161	+20.806	+20.694	+19.353	+12.134	+19.060	+19.321	+20.470	+12.354	+12.090	+18.994	+12.085	+12.084	+12.084	+12.078	+12.078	+12.074	+12.074	+12.067	+18.701	+11.446	+11.422	+11.342	+11.220	+11.273	+11.275	+11.400	+11.244	+11.204	+10.811	+11.114	+11.053	+19.775	+11.050	+19.854	+18.385	+11.096	+11.023	+10.702	+10.815	+10.975	+11.135	+10.938	+10.941	+20.001	+10.953	+10.952	+10.948	+10.685	+12.601	
rs1370333      +7.247	-0.084	+0.080	+0.080	+0.078	-0.002	+0.201	-0.129	+11.684	+0.239	-0.468	+10.799	+0.029	+10.858	+9.385	+0.337	+0.419	-0.462	+1.726	+1.654	+13.312	+13.218	+13.121	+13.107	-0.468	-0.466	+1.520	+12.609	+0.990	+1.533	+13.335	+1.089	+0.927	+1.059	-0.325	+1.105	+13.484	+1.006	+1.718	-0.252	+15.508	+16.048	+15.630	-0.498	+0.951	+15.442	+15.420	+14.322	-0.471	+15.522	-0.504	-0.504	+14.929	-0.509	+15.070	-0.500	+15.387	+15.409	-0.501	-0.502	-0.532	-0.525	-0.531	-0.531	-0.480	-0.531	-0.526	-0.522	-0.526	-0.511	-0.520	-0.526	-0.530	-0.518	-0.515	-0.526	-0.526	-0.522	+0.509	+14.951	+14.967	+12.463	+13.179	+13.177	+21.880	+13.179	+13.186	+21.897	+13.212	+21.900	+13.258	+0.514	+13.183	+13.203	+13.189	+22.099	+13.144	+21.501	+13.167	+21.498	+21.152	+13.166	+21.097	+0.539	+21.426	+21.329	+21.429	+21.420	+21.416	+21.413	+13.283	+21.386	+21.511	+21.394	+21.106	+11.454	+11.444	+11.443	+11.443	+11.102	+11.435	+11.438	+11.428	+21.112	+21.174	+19.540	+11.401	+19.251	+19.516	+20.956	+11.621	+11.358	+19.183	+11.352	+11.352	+11.352	+11.346	+11.345	+11.342	+11.342	+11.335	+18.858	+10.701	+10.676	+10.605	+10.469	+10.524	+10.526	+10.650	+10.494	+10.454	+10.046	+10.361	+10.298	+20.031	+10.295	+20.270	+18.528	+10.342	+10.273	+9.949	+10.051	+10.215	+10.409	+10.177	+10.152	+20.407	+10.192	+10.191	+10.186	+9.913	+12.795	
rs2068854      +11.300	+10.569	+10.608	+10.608	+10.607	+10.577	+10.592	+11.684	+11.171	+10.499	+10.928	+11.021	+11.659	+11.035	+11.915	+10.523	+10.554	+10.936	+11.628	+11.482	+13.235	+13.206	+13.160	+13.153	+10.437	+10.439	+11.395	+15.487	+10.832	+11.406	+13.265	+10.549	+10.801	+10.535	+10.743	+10.550	+13.346	+10.847	+11.332	+10.833	+14.566	+15.376	+15.048	+10.426	+10.355	+14.909	+14.893	+14.504	+10.443	+14.974	+10.418	+10.418	+14.546	+10.413	+14.645	+10.424	+14.895	+14.913	+10.423	+10.423	+10.396	+10.399	+10.396	+10.396	+10.467	+10.397	+10.400	+10.403	+10.400	+10.414	+10.403	+10.400	+10.397	+10.409	+10.414	+10.400	+10.400	+10.406	+13.369	+20.488	+20.506	+18.212	+18.589	+18.588	+26.046	+18.592	+18.600	+26.073	+18.635	+26.077	+18.677	+13.339	+18.606	+18.625	+18.613	+26.296	+18.600	+25.809	+18.646	+25.832	+25.531	+18.654	+25.486	+13.378	+25.772	+25.686	+25.774	+25.765	+25.762	+25.759	+18.753	+25.732	+25.841	+25.739	+25.488	+16.389	+16.386	+16.385	+16.385	+16.138	+16.381	+16.382	+16.378	+25.819	+25.608	+24.000	+16.361	+23.706	+23.935	+25.373	+16.525	+16.335	+23.649	+16.332	+16.331	+16.331	+16.328	+16.327	+16.325	+16.325	+16.321	+23.486	+16.020	+16.005	+15.918	+15.873	+15.916	+15.917	+16.012	+15.892	+15.868	+15.579	+15.805	+15.761	+24.988	+15.771	+24.946	+23.231	+15.793	+15.769	+15.483	+15.557	+15.705	+15.742	+15.679	+15.679	+25.017	+15.689	+15.689	+15.682	+15.489	+18.779	
rs7587173      +7.240	+0.408	+0.491	+0.491	+0.490	+0.450	+0.552	+0.239	+10.499	+0.682	+0.330	+8.247	+0.183	+8.286	+8.846	+0.680	+0.745	+0.309	+2.005	+2.229	+10.971	+10.912	+10.840	+10.831	+0.595	+0.595	+1.967	+12.360	+1.329	+1.970	+11.009	+1.331	+1.227	+1.310	+0.736	+1.347	+11.129	+1.322	+1.901	+0.865	+14.402	+15.214	+14.847	+0.502	+1.431	+14.686	+14.665	+13.888	+0.576	+14.759	+0.485	+0.488	+14.247	+0.470	+14.358	+0.491	+14.655	+14.675	+0.486	+0.486	+0.384	+0.418	+0.388	+0.388	+0.448	+0.391	+0.409	+0.426	+0.410	+0.455	+0.429	+0.411	+0.397	+0.431	+0.404	+0.411	+0.411	+0.410	+1.529	+14.332	+14.348	+13.067	+13.787	+13.786	+21.383	+13.789	+13.795	+21.400	+13.823	+21.403	+13.869	+1.498	+13.793	+13.813	+13.800	+21.592	+13.754	+21.006	+13.779	+21.006	+20.669	+13.779	+20.616	+1.523	+20.937	+20.841	+20.940	+20.930	+20.927	+20.924	+13.892	+20.898	+21.022	+20.910	+20.631	+12.098	+12.089	+12.087	+12.087	+11.755	+12.080	+12.084	+12.073	+20.808	+20.717	+19.350	+12.046	+19.058	+19.320	+20.492	+12.263	+12.003	+18.992	+11.997	+11.996	+11.997	+11.991	+11.990	+11.986	+11.986	+11.980	+18.696	+11.354	+11.329	+11.256	+11.127	+11.181	+11.183	+11.308	+11.152	+11.112	+10.715	+11.022	+10.961	+19.778	+10.957	+19.873	+18.382	+11.004	+10.932	+10.611	+10.723	+10.883	+11.030	+10.846	+10.845	+20.017	+10.861	+10.861	+10.856	+10.589	+12.622	
rs141585690    +7.342	-0.142	+0.074	+0.075	+0.072	-0.033	+0.261	-0.468	+10.928	+0.330	-0.489	+8.884	-0.548	+8.928	+9.871	+0.442	+0.537	-0.627	+1.970	+1.933	+11.744	+11.678	+11.600	+11.590	-0.529	-0.533	+1.779	+13.557	+1.187	+1.792	+11.782	+1.125	+1.112	+1.097	-0.508	+1.143	+11.913	+1.200	+1.916	-0.402	+14.966	+15.665	+15.279	-0.641	+1.131	+15.106	+15.086	+14.208	-0.579	+15.182	-0.658	-0.656	+14.637	-0.671	+14.761	-0.657	+15.069	+15.090	-0.661	-0.661	-0.739	-0.717	-0.736	-0.736	-0.704	-0.734	-0.721	-0.709	-0.721	-0.689	-0.705	-0.720	-0.731	-0.708	-0.722	-0.721	-0.720	-0.720	+0.198	+13.349	+13.365	+12.609	+13.322	+13.321	+22.175	+13.323	+13.330	+22.189	+13.356	+22.192	+13.402	+0.190	+13.327	+13.346	+13.333	+22.393	+13.287	+21.775	+13.310	+21.774	+21.414	+13.309	+21.357	+0.214	+21.700	+21.604	+21.703	+21.693	+21.689	+21.686	+13.426	+21.652	+21.792	+21.654	+21.354	+11.598	+11.589	+11.587	+11.587	+11.244	+11.579	+11.582	+11.572	+21.469	+21.436	+19.900	+11.545	+19.589	+19.864	+21.194	+11.765	+11.501	+19.518	+11.495	+11.494	+11.495	+11.488	+11.488	+11.484	+11.484	+11.477	+19.181	+10.847	+10.822	+10.753	+10.614	+10.669	+10.671	+10.797	+10.639	+10.598	+10.186	+10.504	+10.440	+20.337	+10.435	+20.488	+18.838	+10.485	+10.418	+10.093	+10.191	+10.356	+10.557	+10.317	+10.291	+20.654	+10.332	+10.332	+10.327	+10.051	+11.668	
rs62155399     +11.316	+8.311	+8.348	+8.348	+8.347	+8.326	+8.320	+10.799	+11.021	+8.247	+8.884	+8.901	+10.112	+8.957	+9.607	+8.256	+8.276	+8.904	+9.100	+8.941	+11.169	+11.110	+11.040	+11.032	+8.195	+8.196	+8.868	+12.808	+8.465	+8.878	+11.203	+8.164	+8.441	+8.160	+8.341	+8.166	+11.319	+8.478	+8.679	+8.400	+14.634	+15.516	+15.199	+8.187	+8.609	+15.063	+15.048	+14.640	+8.183	+15.128	+8.185	+8.184	+14.703	+8.185	+14.806	+8.186	+15.057	+15.073	+8.186	+8.186	+8.201	+8.190	+8.200	+8.200	+8.234	+8.199	+8.194	+8.191	+8.194	+8.187	+8.190	+8.194	+8.198	+8.190	+8.223	+8.194	+8.194	+8.201	+9.346	+20.322	+20.340	+17.813	+18.222	+18.221	+25.957	+18.225	+18.233	+25.984	+18.269	+25.988	+18.315	+9.408	+18.237	+18.257	+18.244	+26.197	+18.222	+25.683	+18.264	+25.691	+25.383	+18.270	+25.338	+9.436	+25.631	+25.541	+25.633	+25.624	+25.621	+25.618	+18.378	+25.595	+25.706	+25.603	+25.347	+15.816	+15.811	+15.810	+15.811	+15.543	+15.806	+15.806	+15.802	+25.784	+25.471	+23.999	+15.784	+23.686	+23.922	+25.226	+15.971	+15.757	+23.625	+15.754	+15.753	+15.753	+15.749	+15.749	+15.746	+15.746	+15.742	+23.484	+15.406	+15.390	+15.298	+15.239	+15.288	+15.289	+15.384	+15.261	+15.234	+14.913	+15.163	+15.112	+24.925	+15.129	+24.792	+23.196	+15.150	+15.125	+14.831	+14.904	+15.055	+15.102	+15.027	+15.027	+24.873	+15.039	+15.038	+15.031	+14.820	+18.820	
rs13383929     +7.047	-0.224	-0.023	-0.022	-0.025	-0.120	+0.137	+0.029	+11.659	+0.183	-0.548	+10.112	-0.467	+10.159	+9.018	+0.287	+0.375	-0.590	+1.717	+1.666	+12.989	+12.919	+12.837	+12.826	-0.293	-0.297	+1.522	+12.440	+0.972	+1.535	+13.029	+1.856	+0.904	+1.829	-0.287	+1.883	+13.164	+0.988	+2.013	-0.161	+15.628	+16.219	+15.827	-0.433	+1.819	+15.652	+15.631	+14.689	-0.348	+15.729	-0.455	-0.452	+15.182	-0.474	+15.308	-0.453	+15.618	+15.639	-0.459	-0.459	-0.585	-0.545	-0.579	-0.579	-0.547	-0.576	-0.553	-0.532	-0.552	-0.501	-0.526	-0.552	-0.570	-0.531	-0.563	-0.552	-0.552	-0.554	+0.341	+13.088	+13.103	+13.111	+13.801	+13.799	+21.761	+13.801	+13.807	+21.776	+13.831	+21.778	+13.880	+0.337	+13.804	+13.823	+13.810	+21.967	+13.759	+21.352	+13.778	+21.341	+20.988	+13.777	+20.928	+0.365	+21.267	+21.171	+21.269	+21.259	+21.255	+21.252	+13.893	+21.218	+21.356	+21.222	+20.929	+12.070	+12.059	+12.058	+12.058	+11.703	+12.049	+12.054	+12.041	+21.027	+21.002	+19.455	+12.013	+19.159	+19.428	+20.770	+12.234	+11.966	+19.089	+11.961	+11.960	+11.960	+11.954	+11.953	+11.950	+11.950	+11.943	+18.765	+11.334	+11.309	+11.255	+11.103	+11.155	+11.157	+11.290	+11.125	+11.082	+10.659	+10.986	+10.925	+19.918	+10.908	+20.073	+18.426	+10.966	+10.908	+10.576	+10.661	+10.832	+11.051	+10.791	+10.770	+20.235	+10.807	+10.807	+10.803	+10.514	+11.328	
rs67057274     +11.350	+8.350	+8.387	+8.387	+8.386	+8.366	+8.359	+10.858	+11.035	+8.286	+8.928	+8.957	+10.159	+8.941	+9.626	+8.295	+8.314	+8.948	+9.137	+8.977	+11.170	+11.112	+11.043	+11.034	+8.235	+8.236	+8.904	+12.820	+8.502	+8.914	+11.205	+8.203	+8.478	+8.198	+8.380	+8.204	+11.320	+8.515	+8.715	+8.439	+14.643	+15.526	+15.211	+8.227	+8.646	+15.074	+15.061	+14.656	+8.223	+15.139	+8.225	+8.224	+14.717	+8.225	+14.820	+8.226	+15.069	+15.086	+8.226	+8.226	+8.242	+8.230	+8.240	+8.240	+8.274	+8.240	+8.235	+8.231	+8.234	+8.227	+8.230	+8.234	+8.238	+8.230	+8.263	+8.234	+8.234	+8.242	+9.385	+20.360	+20.378	+17.842	+18.251	+18.250	+25.981	+18.253	+18.261	+26.008	+18.298	+26.012	+18.344	+9.447	+18.265	+18.285	+18.272	+26.221	+18.250	+25.707	+18.292	+25.715	+25.407	+18.298	+25.362	+9.476	+25.655	+25.565	+25.657	+25.648	+25.645	+25.642	+18.407	+25.619	+25.730	+25.627	+25.371	+15.843	+15.838	+15.837	+15.838	+15.570	+15.833	+15.833	+15.829	+25.808	+25.495	+24.022	+15.811	+23.709	+23.945	+25.250	+15.998	+15.785	+23.648	+15.781	+15.780	+15.781	+15.777	+15.776	+15.774	+15.774	+15.769	+23.508	+15.434	+15.418	+15.326	+15.267	+15.316	+15.318	+15.412	+15.289	+15.262	+14.942	+15.191	+15.140	+24.949	+15.157	+24.817	+23.220	+15.178	+15.154	+14.860	+14.933	+15.083	+15.131	+15.055	+15.056	+24.897	+15.067	+15.067	+15.059	+14.849	+18.857	
rs1465759      +12.700	+8.885	+8.903	+8.903	+8.903	+8.898	+8.876	+9.385	+11.915	+8.846	+9.871	+9.607	+9.018	+9.626	+9.506	+8.835	+8.835	+9.897	+9.394	+9.236	+11.708	+11.672	+11.620	+11.612	+8.862	+8.859	+9.181	+12.490	+8.912	+9.189	+11.748	+9.197	+8.897	+9.187	+8.873	+9.208	+11.842	+8.919	+8.959	+8.900	+15.390	+16.322	+16.027	+8.849	+9.842	+15.900	+15.888	+15.570	+8.824	+15.962	+8.847	+8.845	+15.571	+8.852	+15.673	+8.841	+15.906	+15.922	+8.843	+8.843	+8.902	+8.876	+8.898	+8.898	+8.889	+8.896	+8.883	+8.872	+8.882	+8.853	+8.870	+8.882	+8.892	+8.864	+8.922	+8.881	+8.881	+8.891	+10.153	+19.329	+19.347	+19.199	+19.582	+19.581	+25.451	+19.585	+19.593	+25.478	+19.631	+25.482	+19.680	+10.246	+19.598	+19.617	+19.606	+25.698	+19.583	+25.186	+19.619	+25.210	+24.898	+19.624	+24.857	+10.286	+25.150	+25.061	+25.152	+25.144	+25.140	+25.137	+19.733	+25.116	+25.228	+25.126	+24.866	+16.953	+16.950	+16.949	+16.949	+16.664	+16.945	+16.944	+16.941	+25.392	+25.008	+23.745	+16.925	+23.412	+23.654	+24.752	+17.123	+16.899	+23.352	+16.896	+16.895	+16.896	+16.892	+16.892	+16.889	+16.889	+16.885	+23.229	+16.572	+16.556	+16.477	+16.405	+16.453	+16.454	+16.555	+16.425	+16.398	+16.055	+16.325	+16.272	+24.544	+16.295	+24.342	+22.947	+16.312	+16.299	+15.984	+16.045	+16.215	+16.271	+16.187	+16.190	+24.432	+16.199	+16.199	+16.191	+15.962	+18.160	
rs7603188      +7.265	+0.501	+0.575	+0.575	+0.574	+0.539	+0.622	+0.337	+10.523	+0.680	+0.442	+8.256	+0.287	+8.295	+8.835	+0.794	+0.797	+0.420	+2.005	+2.229	+10.974	+10.916	+10.844	+10.835	+0.713	+0.714	+1.959	+12.344	+1.337	+1.965	+11.012	+1.367	+1.236	+1.347	+0.853	+1.384	+11.132	+1.329	+1.915	+0.984	+14.416	+15.230	+14.865	+0.619	+1.481	+14.705	+14.684	+13.915	+0.693	+14.777	+0.601	+0.603	+14.268	+0.586	+14.377	+0.607	+14.674	+14.694	+0.602	+0.602	+0.498	+0.532	+0.502	+0.502	+0.562	+0.505	+0.524	+0.540	+0.525	+0.570	+0.544	+0.525	+0.510	+0.546	+0.518	+0.525	+0.525	+0.524	+1.640	+14.567	+14.583	+13.139	+13.861	+13.860	+21.445	+13.862	+13.869	+21.463	+13.897	+21.466	+13.943	+1.608	+13.867	+13.886	+13.873	+21.655	+13.828	+21.071	+13.853	+21.071	+20.735	+13.854	+20.682	+1.633	+21.002	+20.905	+21.004	+20.995	+20.992	+20.988	+13.967	+20.964	+21.087	+20.977	+20.698	+12.174	+12.166	+12.164	+12.164	+11.832	+12.157	+12.161	+12.150	+20.860	+20.783	+19.399	+12.123	+19.109	+19.370	+20.560	+12.340	+12.079	+19.043	+12.074	+12.073	+12.074	+12.067	+12.067	+12.063	+12.063	+12.057	+18.746	+11.430	+11.406	+11.332	+11.204	+11.258	+11.260	+11.385	+11.229	+11.189	+10.793	+11.099	+11.038	+19.833	+11.035	+19.941	+18.433	+11.081	+11.008	+10.687	+10.801	+10.961	+11.103	+10.924	+10.925	+20.081	+10.939	+10.938	+10.934	+10.667	+12.821	
rs6739229      +7.308	+0.583	+0.649	+0.649	+0.648	+0.617	+0.689	+0.419	+10.554	+0.745	+0.537	+8.276	+0.375	+8.314	+8.835	+0.797	+0.891	+0.515	+1.984	+2.146	+10.985	+10.927	+10.855	+10.846	+0.817	+0.818	+1.911	+12.339	+1.318	+1.917	+11.023	+1.413	+1.231	+1.389	+0.947	+1.425	+11.142	+1.317	+1.936	+1.090	+14.443	+15.251	+14.887	+0.721	+1.536	+14.727	+14.705	+13.942	+0.797	+14.799	+0.702	+0.705	+14.291	+0.687	+14.400	+0.708	+14.696	+14.716	+0.703	+0.703	+0.597	+0.632	+0.601	+0.601	+0.661	+0.604	+0.623	+0.640	+0.624	+0.671	+0.644	+0.625	+0.610	+0.646	+0.618	+0.625	+0.625	+0.624	+1.758	+14.676	+14.692	+13.199	+13.920	+13.919	+21.481	+13.921	+13.927	+21.498	+13.956	+21.501	+14.002	+1.716	+13.926	+13.945	+13.932	+21.688	+13.887	+21.108	+13.919	+21.105	+20.773	+13.920	+20.720	+1.736	+21.036	+20.940	+21.039	+21.030	+21.026	+21.023	+14.032	+20.999	+21.121	+21.011	+20.736	+12.246	+12.237	+12.235	+12.235	+11.910	+12.228	+12.232	+12.221	+20.888	+20.818	+19.425	+12.194	+19.140	+19.397	+20.599	+12.410	+12.150	+19.074	+12.145	+12.144	+12.145	+12.139	+12.138	+12.134	+12.134	+12.128	+18.776	+11.502	+11.477	+11.396	+11.276	+11.329	+11.331	+11.457	+11.301	+11.261	+10.871	+11.171	+11.110	+19.864	+11.106	+19.980	+18.464	+11.153	+11.080	+10.758	+10.872	+11.033	+11.166	+10.997	+10.998	+20.118	+11.012	+11.011	+11.007	+10.746	+12.917	
rs7602631      +7.316	-0.159	+0.056	+0.057	+0.054	-0.050	+0.241	-0.462	+10.936	+0.309	-0.627	+8.904	-0.590	+8.948	+9.897	+0.420	+0.515	-0.500	+1.941	+1.903	+11.780	+11.714	+11.636	+11.627	-0.501	-0.505	+1.749	+13.610	+1.161	+1.762	+11.818	+1.134	+1.086	+1.106	-0.496	+1.152	+11.949	+1.174	+1.939	-0.385	+14.988	+15.683	+15.299	-0.626	+1.150	+15.125	+15.105	+14.234	-0.557	+15.201	-0.644	-0.642	+14.656	-0.658	+14.780	-0.643	+15.089	+15.110	-0.647	-0.648	-0.734	-0.709	-0.731	-0.731	-0.700	-0.729	-0.714	-0.701	-0.714	-0.678	-0.696	-0.713	-0.725	-0.698	-0.717	-0.713	-0.713	-0.713	+0.193	+13.296	+13.312	+12.613	+13.325	+13.324	+22.126	+13.326	+13.332	+22.141	+13.358	+22.144	+13.404	+0.184	+13.330	+13.349	+13.336	+22.337	+13.290	+21.708	+13.312	+21.707	+21.347	+13.312	+21.290	+0.209	+21.632	+21.537	+21.636	+21.626	+21.622	+21.619	+13.429	+21.583	+21.725	+21.585	+21.287	+11.605	+11.596	+11.594	+11.594	+11.251	+11.586	+11.590	+11.579	+21.404	+21.368	+19.840	+11.552	+19.530	+19.804	+21.126	+11.772	+11.507	+19.459	+11.502	+11.501	+11.501	+11.495	+11.495	+11.491	+11.491	+11.484	+19.124	+10.855	+10.830	+10.761	+10.622	+10.676	+10.678	+10.805	+10.646	+10.605	+10.194	+10.511	+10.448	+20.276	+10.441	+20.424	+18.782	+10.492	+10.425	+10.100	+10.198	+10.363	+10.565	+10.324	+10.298	+20.590	+10.339	+10.339	+10.334	+10.058	+11.610	
rs7576202      +7.684	+1.986	+1.947	+1.947	+1.949	+1.971	+2.048	+1.726	+11.628	+2.005	+1.970	+9.100	+1.717	+9.137	+9.394	+2.005	+1.984	+1.941	+2.346	+2.274	+11.765	+11.710	+11.643	+11.634	+2.343	+2.345	+2.203	+12.565	+2.023	+2.210	+11.805	+2.388	+2.007	+2.373	+2.478	+2.404	+11.919	+2.028	+2.697	+2.633	+15.491	+15.862	+15.511	+2.217	+2.663	+15.357	+15.337	+14.659	+2.272	+15.428	+2.192	+2.195	+14.939	+2.172	+15.062	+2.197	+15.332	+15.351	+2.192	+2.191	+2.059	+2.105	+2.065	+2.065	+2.129	+2.068	+2.093	+2.113	+2.094	+2.151	+2.116	+2.094	+2.075	+2.121	+2.082	+2.094	+2.094	+2.091	+2.789	+14.997	+15.013	+14.271	+14.997	+14.996	+21.520	+14.999	+15.005	+21.538	+15.031	+21.541	+15.078	+2.770	+15.004	+15.023	+15.011	+21.729	+14.965	+21.154	+14.992	+21.157	+20.825	+14.993	+20.773	+2.791	+21.089	+20.997	+21.093	+21.084	+21.080	+21.077	+15.103	+21.054	+21.175	+21.067	+20.791	+13.339	+13.331	+13.329	+13.329	+13.001	+13.322	+13.327	+13.316	+20.970	+20.920	+19.823	+13.289	+19.484	+19.740	+20.658	+13.503	+13.245	+19.420	+13.239	+13.239	+13.239	+13.233	+13.232	+13.229	+13.229	+13.222	+19.125	+12.608	+12.584	+12.511	+12.393	+12.440	+12.441	+12.569	+12.413	+12.373	+11.982	+12.285	+12.225	+19.923	+12.218	+20.052	+18.822	+12.267	+12.191	+11.868	+11.989	+12.152	+12.257	+12.117	+12.139	+20.186	+12.131	+12.130	+12.126	+11.862	+13.952	
rs112470174    +7.923	+1.876	+1.862	+1.862	+1.863	+1.874	+1.904	+1.654	+11.482	+2.229	+1.933	+8.941	+1.666	+8.977	+9.236	+2.229	+2.146	+1.903	+2.274	+2.264	+11.502	+11.447	+11.380	+11.372	+2.330	+2.331	+2.218	+12.414	+2.089	+2.211	+11.541	+2.238	+2.101	+2.223	+2.462	+2.252	+11.655	+2.058	+2.527	+2.623	+15.192	+15.646	+15.295	+2.206	+2.508	+15.139	+15.120	+14.439	+2.265	+15.210	+2.181	+2.184	+14.720	+2.160	+14.840	+2.187	+15.113	+15.132	+2.181	+2.181	+2.042	+2.090	+2.048	+2.048	+2.107	+2.052	+2.076	+2.098	+2.078	+2.138	+2.101	+2.078	+2.058	+2.106	+2.061	+2.078	+2.078	+2.074	+3.122	+15.354	+15.370	+14.050	+14.777	+14.775	+21.836	+14.778	+14.784	+21.855	+14.813	+21.858	+14.859	+3.073	+14.784	+14.803	+14.790	+22.045	+14.746	+21.475	+14.773	+21.475	+21.147	+14.773	+21.096	+3.097	+21.408	+21.311	+21.410	+21.401	+21.397	+21.394	+14.882	+21.373	+21.491	+21.388	+21.116	+13.142	+13.133	+13.132	+13.132	+12.810	+13.125	+13.130	+13.118	+21.261	+21.260	+20.188	+13.091	+19.840	+20.094	+20.987	+13.302	+13.048	+19.777	+13.043	+13.042	+13.042	+13.036	+13.036	+13.032	+13.032	+13.026	+19.472	+12.408	+12.385	+12.311	+12.193	+12.242	+12.244	+12.371	+12.215	+12.175	+11.790	+12.087	+12.027	+20.201	+12.019	+20.376	+19.172	+12.070	+11.993	+11.671	+11.791	+11.953	+12.064	+11.918	+11.933	+20.503	+11.933	+11.932	+11.929	+11.670	+14.235	
rs352977       +14.175	+11.045	+11.074	+11.074	+11.073	+11.055	+11.039	+13.312	+13.235	+10.971	+11.744	+11.169	+12.989	+11.170	+11.708	+10.974	+10.985	+11.780	+11.765	+11.502	+11.683	+11.696	+11.669	+11.665	+11.478	+11.466	+11.433	+13.263	+11.069	+11.442	+11.733	+11.282	+11.052	+11.303	+11.170	+11.277	+11.798	+11.078	+10.914	+11.101	+14.971	+15.892	+15.609	+11.414	+10.910	+15.492	+15.481	+15.244	+11.333	+15.549	+11.408	+11.399	+15.190	+11.419	+15.284	+11.386	+15.498	+15.514	+11.391	+11.391	+11.541	+11.477	+11.533	+11.533	+11.400	+11.528	+11.496	+11.469	+11.494	+11.417	+11.462	+11.492	+11.515	+11.446	+11.499	+11.492	+11.491	+11.505	+11.945	+22.536	+22.554	+19.313	+19.679	+19.679	+28.103	+19.682	+19.690	+28.131	+19.726	+28.136	+19.770	+12.008	+19.696	+19.716	+19.704	+28.347	+19.690	+27.856	+19.733	+27.862	+27.564	+19.740	+27.517	+12.040	+27.798	+27.708	+27.800	+27.792	+27.789	+27.786	+19.847	+27.767	+27.875	+27.777	+27.531	+17.295	+17.292	+17.291	+17.291	+17.051	+17.288	+17.288	+17.285	+27.947	+27.652	+25.995	+17.269	+25.700	+25.926	+27.422	+17.437	+17.246	+25.642	+17.243	+17.243	+17.243	+17.239	+17.239	+17.237	+17.237	+17.233	+25.501	+16.942	+16.927	+16.841	+16.789	+16.836	+16.837	+16.926	+16.811	+16.786	+16.498	+16.721	+16.675	+27.123	+16.692	+27.006	+25.229	+16.709	+16.686	+16.406	+16.476	+16.621	+16.647	+16.596	+16.597	+27.077	+16.607	+16.607	+16.601	+16.413	+20.852	
rs352979       +14.131	+10.986	+11.016	+11.016	+11.015	+10.997	+10.981	+13.218	+13.206	+10.912	+11.678	+11.110	+12.919	+11.112	+11.672	+10.916	+10.927	+11.714	+11.710	+11.447	+11.696	+11.623	+11.628	+11.624	+11.414	+11.402	+11.378	+13.238	+11.011	+11.387	+11.708	+11.215	+10.995	+11.236	+11.108	+11.210	+11.779	+11.020	+10.855	+11.040	+14.951	+15.871	+15.586	+11.350	+10.852	+15.470	+15.458	+15.216	+11.270	+15.526	+11.344	+11.336	+15.165	+11.356	+15.260	+11.322	+15.475	+15.491	+11.328	+11.328	+11.477	+11.413	+11.469	+11.469	+11.337	+11.464	+11.432	+11.406	+11.430	+11.354	+11.399	+11.429	+11.452	+11.383	+11.436	+11.428	+11.428	+11.441	+11.887	+22.485	+22.503	+19.269	+19.637	+19.636	+28.061	+19.640	+19.648	+28.089	+19.683	+28.094	+19.727	+11.949	+19.653	+19.673	+19.661	+28.305	+19.647	+27.813	+19.691	+27.820	+27.521	+19.697	+27.475	+11.982	+27.756	+27.665	+27.758	+27.749	+27.746	+27.743	+19.804	+27.725	+27.833	+27.735	+27.489	+17.254	+17.250	+17.249	+17.250	+17.009	+17.246	+17.246	+17.243	+27.904	+27.609	+25.952	+17.227	+25.657	+25.883	+27.380	+17.396	+17.205	+25.599	+17.201	+17.201	+17.201	+17.198	+17.197	+17.195	+17.195	+17.191	+25.457	+16.900	+16.885	+16.798	+16.746	+16.793	+16.794	+16.884	+16.768	+16.743	+16.454	+16.678	+16.632	+27.081	+16.649	+26.964	+25.186	+16.666	+16.643	+16.363	+16.432	+16.578	+16.604	+16.552	+16.554	+27.034	+16.564	+16.564	+16.557	+16.370	+20.801	
rs352980       +14.077	+10.914	+10.944	+10.944	+10.943	+10.925	+10.910	+13.121	+13.160	+10.840	+11.600	+11.040	+12.837	+11.043	+11.620	+10.844	+10.855	+11.636	+11.643	+11.380	+11.669	+11.628	+11.549	+11.584	+11.337	+11.325	+11.311	+13.208	+10.941	+11.320	+11.682	+11.133	+10.924	+11.154	+11.033	+11.128	+11.761	+10.950	+10.783	+10.965	+14.928	+15.846	+15.562	+11.274	+10.781	+15.442	+15.431	+15.185	+11.193	+15.502	+11.268	+11.259	+15.136	+11.279	+15.231	+11.246	+15.450	+15.466	+11.251	+11.251	+11.400	+11.336	+11.392	+11.392	+11.261	+11.387	+11.355	+11.329	+11.353	+11.278	+11.322	+11.352	+11.374	+11.306	+11.359	+11.351	+11.351	+11.364	+11.815	+22.422	+22.440	+19.212	+19.581	+19.581	+28.007	+19.584	+19.592	+28.035	+19.629	+28.040	+19.673	+11.877	+19.598	+19.617	+19.605	+28.251	+19.591	+27.759	+19.635	+27.765	+27.466	+19.641	+27.423	+11.909	+27.704	+27.614	+27.707	+27.698	+27.695	+27.692	+19.748	+27.674	+27.782	+27.684	+27.438	+17.200	+17.196	+17.195	+17.196	+16.954	+17.192	+17.192	+17.189	+27.853	+27.558	+25.899	+17.173	+25.600	+25.826	+27.329	+17.342	+17.150	+25.542	+17.147	+17.147	+17.147	+17.143	+17.143	+17.141	+17.141	+17.137	+25.400	+16.844	+16.829	+16.743	+16.691	+16.737	+16.739	+16.828	+16.713	+16.687	+16.398	+16.622	+16.576	+27.029	+16.593	+26.912	+25.129	+16.610	+16.587	+16.307	+16.376	+16.522	+16.548	+16.496	+16.497	+26.979	+16.508	+16.507	+16.501	+16.313	+20.733	
rs352981       +14.065	+10.905	+10.935	+10.935	+10.934	+10.916	+10.900	+13.107	+13.153	+10.831	+11.590	+11.032	+12.826	+11.034	+11.612	+10.835	+10.846	+11.627	+11.634	+11.372	+11.665	+11.624	+11.584	+11.540	+11.327	+11.315	+11.303	+13.204	+10.932	+11.311	+11.682	+11.123	+10.916	+11.144	+11.024	+11.118	+11.762	+10.942	+10.774	+10.956	+14.923	+15.840	+15.556	+11.265	+10.772	+15.436	+15.423	+15.177	+11.185	+15.495	+11.259	+11.251	+15.127	+11.271	+15.222	+11.237	+15.442	+15.457	+11.243	+11.243	+11.392	+11.328	+11.384	+11.384	+11.253	+11.379	+11.347	+11.321	+11.345	+11.269	+11.314	+11.343	+11.366	+11.297	+11.350	+11.343	+11.342	+11.356	+11.807	+22.411	+22.429	+19.206	+19.575	+19.574	+28.003	+19.578	+19.586	+28.031	+19.623	+28.036	+19.667	+11.868	+19.592	+19.611	+19.599	+28.247	+19.585	+27.755	+19.629	+27.761	+27.463	+19.635	+27.419	+11.901	+27.701	+27.610	+27.703	+27.694	+27.691	+27.688	+19.742	+27.670	+27.778	+27.680	+27.434	+17.193	+17.189	+17.189	+17.189	+16.947	+17.185	+17.185	+17.182	+27.848	+27.554	+25.893	+17.166	+25.595	+25.821	+27.324	+17.335	+17.144	+25.537	+17.140	+17.140	+17.140	+17.137	+17.136	+17.134	+17.134	+17.130	+25.394	+16.837	+16.822	+16.736	+16.684	+16.730	+16.732	+16.821	+16.706	+16.680	+16.391	+16.615	+16.569	+27.023	+16.586	+26.907	+25.123	+16.603	+16.580	+16.300	+16.369	+16.515	+16.542	+16.489	+16.491	+26.975	+16.501	+16.501	+16.494	+16.306	+20.721	
rs13385783     +8.225	+0.070	+0.297	+0.298	+0.295	+0.182	+0.505	-0.468	+10.437	+0.595	-0.529	+8.195	-0.293	+8.235	+8.862	+0.713	+0.817	-0.501	+2.343	+2.330	+11.478	+11.414	+11.337	+11.327	-0.348	-0.466	+2.166	+13.324	+1.522	+2.180	+11.520	+1.080	+1.442	+1.054	-0.482	+1.098	+11.652	+1.537	+1.846	-0.398	+14.700	+15.418	+15.034	-0.542	+1.022	+14.862	+14.842	+13.957	-0.538	+14.937	-0.553	-0.554	+14.393	-0.555	+14.514	-0.559	+14.823	+14.844	-0.560	-0.560	-0.537	-0.560	-0.540	-0.540	-0.581	-0.541	-0.552	-0.559	-0.553	-0.569	-0.562	-0.553	-0.547	-0.566	-0.558	-0.554	-0.554	-0.550	+0.280	+13.679	+13.694	+12.597	+13.318	+13.317	+22.769	+13.319	+13.326	+22.783	+13.353	+22.786	+13.398	+0.270	+13.323	+13.343	+13.330	+22.988	+13.286	+22.367	+13.308	+22.366	+22.002	+13.308	+21.944	+0.294	+22.290	+22.194	+22.294	+22.284	+22.280	+22.277	+13.426	+22.244	+22.388	+22.246	+21.944	+11.577	+11.568	+11.567	+11.566	+11.225	+11.559	+11.561	+11.552	+21.996	+22.018	+20.378	+11.526	+20.072	+20.349	+21.785	+11.745	+11.483	+20.001	+11.477	+11.477	+11.477	+11.471	+11.470	+11.467	+11.467	+11.460	+19.637	+10.822	+10.797	+10.726	+10.588	+10.644	+10.646	+10.770	+10.613	+10.574	+10.164	+10.481	+10.417	+20.841	+10.417	+21.046	+19.291	+10.462	+10.392	+10.066	+10.168	+10.335	+10.533	+10.296	+10.268	+21.216	+10.311	+10.311	+10.305	+10.031	+11.921	
rs13386121     +8.231	+0.071	+0.298	+0.299	+0.296	+0.183	+0.506	-0.466	+10.439	+0.595	-0.533	+8.196	-0.297	+8.236	+8.859	+0.714	+0.818	-0.505	+2.345	+2.331	+11.466	+11.402	+11.325	+11.315	-0.466	-0.347	+2.168	+13.307	+1.524	+2.182	+11.508	+1.081	+1.444	+1.055	-0.482	+1.099	+11.639	+1.539	+1.844	-0.398	+14.702	+15.420	+15.035	-0.545	+1.023	+14.864	+14.844	+13.959	-0.540	+14.939	-0.555	-0.556	+14.395	-0.557	+14.515	-0.561	+14.825	+14.846	-0.561	-0.561	-0.541	-0.563	-0.543	-0.543	-0.582	-0.545	-0.555	-0.561	-0.556	-0.570	-0.564	-0.556	-0.550	-0.568	-0.560	-0.556	-0.556	-0.552	+0.283	+13.680	+13.695	+12.598	+13.319	+13.317	+22.772	+13.320	+13.326	+22.786	+13.353	+22.788	+13.399	+0.273	+13.324	+13.344	+13.330	+22.990	+13.286	+22.369	+13.309	+22.368	+22.004	+13.309	+21.946	+0.297	+22.292	+22.197	+22.296	+22.286	+22.283	+22.279	+13.426	+22.247	+22.389	+22.250	+21.948	+11.578	+11.569	+11.568	+11.568	+11.226	+11.560	+11.563	+11.553	+22.000	+22.021	+20.381	+11.527	+20.079	+20.357	+21.789	+11.746	+11.484	+20.008	+11.479	+11.478	+11.478	+11.472	+11.472	+11.468	+11.468	+11.461	+19.643	+10.823	+10.798	+10.727	+10.590	+10.645	+10.647	+10.771	+10.615	+10.575	+10.165	+10.482	+10.418	+20.845	+10.419	+21.050	+19.298	+10.463	+10.394	+10.068	+10.169	+10.336	+10.535	+10.297	+10.270	+21.224	+10.313	+10.312	+10.307	+10.032	+11.924	
rs1508600      +7.843	+1.719	+1.716	+1.716	+1.717	+1.721	+1.746	+1.520	+11.395	+1.967	+1.779	+8.868	+1.522	+8.904	+9.181	+1.959	+1.911	+1.749	+2.203	+2.218	+11.433	+11.378	+11.311	+11.303	+2.166	+2.168	+2.113	+12.384	+1.916	+2.122	+11.471	+2.134	+1.924	+2.119	+2.302	+2.148	+11.585	+1.907	+2.439	+2.462	+15.106	+15.575	+15.221	+2.048	+2.395	+15.066	+15.047	+14.358	+2.107	+15.137	+2.024	+2.028	+14.644	+2.004	+14.764	+2.031	+15.039	+15.058	+2.025	+2.024	+1.889	+1.936	+1.894	+1.895	+1.954	+1.898	+1.923	+1.945	+1.924	+1.984	+1.948	+1.925	+1.905	+1.952	+1.909	+1.925	+1.925	+1.921	+2.964	+15.186	+15.202	+13.931	+14.657	+14.656	+21.754	+14.658	+14.665	+21.773	+14.693	+21.776	+14.739	+2.916	+14.664	+14.683	+14.671	+21.962	+14.627	+21.392	+14.653	+21.392	+21.064	+14.653	+21.012	+2.941	+21.325	+21.228	+21.327	+21.318	+21.315	+21.311	+14.763	+21.290	+21.409	+21.304	+21.032	+13.025	+13.017	+13.015	+13.015	+12.693	+13.008	+13.013	+13.002	+21.183	+21.173	+20.095	+12.975	+19.750	+20.004	+20.902	+13.186	+12.931	+19.687	+12.926	+12.925	+12.926	+12.920	+12.919	+12.916	+12.915	+12.909	+19.382	+12.291	+12.267	+12.193	+12.075	+12.124	+12.126	+12.253	+12.097	+12.057	+11.672	+11.969	+11.909	+20.124	+11.900	+20.292	+19.081	+11.952	+11.875	+11.554	+11.672	+11.834	+11.948	+11.799	+11.813	+20.420	+11.814	+11.813	+11.810	+11.551	+14.073	
rs352991       +16.151	+12.388	+12.399	+12.399	+12.399	+12.399	+12.374	+12.609	+15.487	+12.360	+13.557	+12.808	+12.440	+12.820	+12.490	+12.344	+12.339	+13.610	+12.565	+12.414	+13.263	+13.238	+13.208	+13.204	+13.324	+13.307	+12.384	+13.062	+12.340	+12.387	+13.284	+12.281	+12.335	+12.273	+12.772	+12.281	+13.343	+12.341	+12.426	+12.660	+16.800	+17.247	+16.991	+13.211	+12.827	+16.887	+16.879	+16.745	+13.098	+16.940	+13.199	+13.187	+16.620	+13.216	+16.710	+13.165	+16.901	+16.915	+13.172	+13.172	+13.375	+13.289	+13.363	+13.363	+13.125	+13.356	+13.311	+13.275	+13.309	+13.200	+13.269	+13.307	+13.340	+13.241	+13.292	+13.306	+13.306	+13.321	+13.533	+21.327	+21.345	+21.365	+21.698	+21.697	+27.715	+21.700	+21.709	+27.744	+21.747	+27.749	+21.794	+13.610	+21.717	+21.734	+21.724	+27.959	+21.712	+27.486	+21.766	+27.502	+27.215	+21.774	+27.176	+13.645	+27.445	+27.357	+27.448	+27.440	+27.437	+27.434	+21.881	+27.420	+27.526	+27.433	+27.195	+19.094	+19.092	+19.092	+19.092	+18.844	+19.089	+19.088	+19.086	+27.685	+27.334	+26.782	+19.073	+26.462	+26.687	+27.098	+19.251	+19.052	+26.405	+19.049	+19.049	+19.049	+19.046	+19.046	+19.044	+19.043	+19.039	+26.294	+18.782	+18.767	+18.683	+18.637	+18.676	+18.677	+18.776	+18.650	+18.626	+18.325	+18.559	+18.512	+26.899	+18.533	+26.724	+26.031	+18.547	+18.536	+18.232	+18.285	+18.458	+18.477	+18.432	+18.437	+26.803	+18.444	+18.444	+18.437	+18.240	+21.190	
rs12613418     +7.614	+1.163	+1.190	+1.190	+1.189	+1.179	+1.211	+0.990	+10.832	+1.329	+1.187	+8.465	+0.972	+8.502	+8.912	+1.337	+1.318	+1.161	+2.023	+2.089	+11.069	+11.011	+10.941	+10.932	+1.522	+1.524	+1.916	+12.340	+1.537	+1.931	+11.106	+1.715	+1.494	+1.698	+1.663	+1.729	+11.222	+1.522	+2.115	+1.810	+14.559	+15.386	+15.028	+1.416	+1.903	+14.869	+14.849	+14.124	+1.472	+14.940	+1.395	+1.398	+14.440	+1.377	+14.559	+1.401	+14.840	+14.859	+1.395	+1.395	+1.275	+1.316	+1.280	+1.280	+1.340	+1.283	+1.305	+1.324	+1.306	+1.359	+1.328	+1.307	+1.289	+1.331	+1.295	+1.307	+1.307	+1.304	+2.399	+15.111	+15.127	+13.572	+14.297	+14.296	+21.660	+14.298	+14.305	+21.678	+14.334	+21.681	+14.380	+2.356	+14.304	+14.323	+14.311	+21.868	+14.266	+21.292	+14.292	+21.292	+20.961	+14.292	+20.909	+2.380	+21.223	+21.126	+21.225	+21.216	+21.213	+21.209	+14.403	+21.186	+21.307	+21.201	+20.926	+12.645	+12.636	+12.634	+12.634	+12.309	+12.627	+12.631	+12.620	+21.091	+21.062	+19.623	+12.593	+19.296	+19.553	+20.793	+12.806	+12.550	+19.231	+12.544	+12.544	+12.544	+12.538	+12.537	+12.534	+12.534	+12.527	+18.932	+11.905	+11.881	+11.806	+11.683	+11.736	+11.738	+11.863	+11.708	+11.669	+11.280	+11.580	+11.519	+20.028	+11.511	+20.177	+18.625	+11.562	+11.487	+11.165	+11.282	+11.443	+11.566	+11.407	+11.416	+20.310	+11.422	+11.422	+11.418	+11.157	+13.288	
