## Summary of overall evidence for association with region:
## log10(BF for region) = 19.0987
## p-value for region = NA

## BFs for choosing among multi-SNP models:
## log10(average 1-SNP BF) = 18.8655
## log10(average 2-SNP BF) = 19.3613

## Example posterior probabilities for multi-SNP models, based on default prior: [p(l) propto 0.5^l for l=1,2,...,L]
## posterior probability of 1-SNP = 0.389689
## posterior probability of 2-SNP = 0.610311

## log10(BF) for single SNP and pair of SNPs:
rs11212287     -0.464	-0.484	-0.466	-0.561	-0.527	-0.432	-0.597	-0.709	-0.684	-0.717	-0.595	-0.652	-0.636	-0.616	-0.608	-0.628	-0.617	-0.894	-0.595	-0.176	-0.213	-0.836	-0.213	-0.836	-0.163	-0.209	-0.213	-0.213	-0.204	-0.175	-0.202	-0.167	-0.225	-0.299	-0.378	+2.931	-0.625	+7.699	+7.559	+7.768	-0.594	+7.876	-0.575	+7.772	+7.548	-0.570	+8.064	+7.811	+7.887	+8.256	-0.574	+7.961	+8.125	+7.870	+7.939	+7.164	+8.015	+7.922	+7.933	-0.599	-0.581	+8.056	+7.221	-0.610	+8.041	+8.004	-0.629	-0.630	+7.035	+8.001	+7.920	+8.019	-0.643	-0.631	+7.958	-0.648	-0.668	-0.663	+8.785	-0.653	-0.652	-0.653	-0.661	+11.035	-0.665	-0.664	+11.390	-0.670	-0.671	-0.661	-0.644	-0.654	-0.641	-0.649	+12.825	+12.750	+13.054	-0.614	+12.886	+13.265	+9.631	+14.866	+13.511	+18.621	+17.754	+17.904	+18.047	+18.272	+18.120	+18.066	+15.204	+18.300	+18.207	+17.863	+14.662	+18.142	+14.496	+15.052	+17.980	+18.130	+14.982	+18.180	+18.718	+15.849	+19.424	+19.371	+19.371	+19.299	+19.047	+19.128	+19.324	+19.323	+19.322	+17.649	+17.650	+15.116	+14.490	+12.924	+17.737	+12.656	+13.057	+12.723	+12.671	+11.593	+12.503	+4.035	+12.084	+13.430	+10.213	+13.355	+17.660	+16.111	+17.110	+17.166	+10.506	+15.474	-0.319	+16.021	+13.518	+15.458	+14.238	+15.355	+15.125	+15.425	+15.424	+14.983	+10.973	+14.570	+11.840	+13.867	+13.988	+13.988	+11.937	+7.108	+13.856	+13.905	+14.850	+14.057	+14.033	+14.803	+14.168	-0.335	+13.978	+14.098	+14.041	+13.820	+14.551	+13.734	
rs504712       -0.484	-0.302	-0.417	-0.513	-0.522	-0.403	-0.528	-0.562	-0.536	-0.565	-0.438	-0.494	-0.479	-0.459	-0.451	-0.468	-0.460	-0.741	-0.438	-0.013	-0.054	-0.685	-0.053	-0.685	-0.001	-0.049	-0.053	-0.054	-0.043	-0.013	-0.046	-0.011	-0.070	-0.140	-0.220	+3.125	-0.489	+7.746	+7.609	+7.816	-0.459	+7.923	-0.441	+7.819	+7.571	-0.436	+8.110	+7.834	+7.908	+8.301	-0.440	+7.982	+8.145	+7.912	+7.961	+7.457	+8.036	+7.944	+7.955	-0.463	-0.446	+8.073	+7.515	-0.474	+8.062	+8.022	-0.493	-0.493	+7.329	+8.019	+7.938	+8.037	-0.506	-0.495	+7.977	-0.510	-0.530	-0.525	+8.832	-0.516	-0.515	-0.515	-0.523	+11.095	-0.527	-0.526	+11.448	-0.532	-0.533	-0.523	-0.507	-0.516	-0.504	-0.511	+12.871	+12.796	+13.107	-0.466	+12.936	+13.313	+9.862	+15.181	+13.817	+18.847	+17.985	+18.138	+18.281	+18.507	+18.357	+18.301	+15.535	+18.536	+18.442	+18.095	+14.844	+18.375	+14.681	+15.384	+18.213	+18.364	+15.315	+18.415	+18.875	+16.111	+19.591	+19.537	+19.537	+19.462	+19.212	+19.291	+19.487	+19.487	+19.486	+17.877	+17.878	+15.449	+14.673	+13.162	+17.969	+12.895	+13.271	+13.067	+13.016	+11.842	+12.841	+4.285	+12.336	+13.615	+10.321	+13.554	+17.899	+16.360	+17.350	+17.407	+10.749	+15.713	-0.143	+16.203	+13.848	+15.700	+14.450	+15.547	+15.362	+15.670	+15.669	+15.216	+11.250	+14.735	+12.076	+14.075	+14.195	+14.195	+12.142	+7.305	+14.063	+14.112	+15.050	+14.265	+14.287	+15.052	+14.369	-0.159	+14.230	+14.351	+14.294	+14.026	+14.714	+13.941	
rs661708       -0.466	-0.417	-0.292	-0.496	-0.507	-0.395	-0.513	-0.553	-0.527	-0.556	-0.429	-0.485	-0.470	-0.450	-0.442	-0.459	-0.451	-0.732	-0.429	-0.005	-0.045	-0.676	-0.044	-0.676	+0.007	-0.041	-0.045	-0.045	-0.034	-0.005	-0.037	-0.002	-0.061	-0.131	-0.211	+3.135	-0.481	+7.749	+7.612	+7.819	-0.451	+7.926	-0.433	+7.822	+7.574	-0.428	+8.113	+7.836	+7.910	+8.304	-0.432	+7.985	+8.147	+7.915	+7.963	+7.471	+8.039	+7.947	+7.957	-0.455	-0.438	+8.076	+7.529	-0.466	+8.064	+8.024	-0.485	-0.485	+7.343	+8.021	+7.941	+8.039	-0.498	-0.486	+7.979	-0.502	-0.522	-0.517	+8.835	-0.507	-0.507	-0.507	-0.515	+11.098	-0.519	-0.518	+11.451	-0.523	-0.525	-0.514	-0.499	-0.508	-0.496	-0.503	+12.874	+12.799	+13.110	-0.458	+12.939	+13.316	+9.876	+15.199	+13.836	+18.861	+18.000	+18.152	+18.296	+18.522	+18.372	+18.315	+15.555	+18.550	+18.456	+18.109	+14.854	+18.389	+14.691	+15.403	+18.228	+18.379	+15.334	+18.429	+18.885	+16.127	+19.602	+19.548	+19.548	+19.473	+19.223	+19.301	+19.498	+19.498	+19.497	+17.891	+17.892	+15.468	+14.683	+13.175	+17.983	+12.908	+13.283	+13.084	+13.033	+11.854	+12.859	+4.297	+12.348	+13.624	+10.327	+13.564	+17.913	+16.374	+17.363	+17.420	+10.761	+15.727	-0.132	+16.213	+13.866	+15.713	+14.461	+15.558	+15.375	+15.684	+15.683	+15.230	+11.267	+14.743	+12.090	+14.087	+14.208	+14.208	+12.152	+7.320	+14.076	+14.125	+15.063	+14.277	+14.302	+15.067	+14.382	-0.149	+14.246	+14.367	+14.310	+14.039	+14.723	+13.954	
rs10789624     -0.561	-0.513	-0.496	-0.431	-0.544	-0.468	-0.587	-0.680	-0.654	-0.686	-0.564	-0.621	-0.605	-0.585	-0.577	-0.597	-0.586	-0.863	-0.564	-0.146	-0.183	-0.806	-0.183	-0.806	-0.133	-0.179	-0.183	-0.184	-0.174	-0.145	-0.172	-0.137	-0.195	-0.268	-0.347	+2.965	-0.597	+7.701	+7.562	+7.771	-0.566	+7.878	-0.548	+7.774	+7.546	-0.543	+8.066	+7.809	+7.884	+8.258	-0.547	+7.959	+8.122	+7.872	+7.937	+7.207	+8.012	+7.919	+7.930	-0.571	-0.554	+8.053	+7.264	-0.582	+8.038	+8.001	-0.602	-0.602	+7.078	+7.998	+7.917	+8.016	-0.616	-0.604	+7.955	-0.620	-0.640	-0.635	+8.788	-0.625	-0.625	-0.625	-0.633	+11.040	-0.637	-0.636	+11.394	-0.642	-0.644	-0.633	-0.616	-0.626	-0.613	-0.621	+12.827	+12.752	+13.057	-0.584	+12.889	+13.268	+9.673	+14.921	+13.566	+18.662	+17.796	+17.946	+18.089	+18.314	+18.163	+18.108	+15.261	+18.342	+18.249	+17.905	+14.695	+18.183	+14.529	+15.109	+18.022	+18.172	+15.040	+18.222	+18.744	+15.893	+19.453	+19.400	+19.400	+19.327	+19.076	+19.156	+19.352	+19.351	+19.351	+17.690	+17.691	+15.174	+14.523	+12.967	+17.779	+12.699	+13.090	+12.777	+12.725	+11.632	+12.557	+4.075	+12.124	+13.459	+10.228	+13.385	+17.702	+16.151	+17.147	+17.203	+10.544	+15.514	-0.283	+16.047	+13.573	+15.498	+14.271	+15.384	+15.165	+15.465	+15.464	+15.022	+11.025	+14.592	+11.881	+13.901	+14.022	+14.022	+11.968	+7.157	+13.889	+13.938	+14.881	+14.090	+14.077	+14.845	+14.202	-0.299	+14.022	+14.142	+14.085	+13.853	+14.573	+13.768	
rs7107870      -0.527	-0.522	-0.507	-0.544	-0.414	-0.481	-0.575	-0.664	-0.639	-0.670	-0.548	-0.605	-0.589	-0.569	-0.561	-0.581	-0.570	-0.847	-0.548	-0.130	-0.168	-0.791	-0.168	-0.791	-0.117	-0.164	-0.168	-0.168	-0.159	-0.129	-0.156	-0.121	-0.180	-0.252	-0.330	+2.983	-0.583	+7.703	+7.564	+7.773	-0.552	+7.881	-0.534	+7.776	+7.546	-0.529	+8.068	+7.809	+7.884	+8.260	-0.533	+7.959	+8.123	+7.874	+7.937	+7.229	+8.013	+7.920	+7.931	-0.557	-0.540	+8.052	+7.286	-0.568	+8.039	+8.001	-0.587	-0.587	+7.100	+7.997	+7.917	+8.016	-0.601	-0.589	+7.955	-0.605	-0.626	-0.620	+8.790	-0.611	-0.610	-0.610	-0.618	+11.044	-0.622	-0.621	+11.398	-0.627	-0.629	-0.618	-0.602	-0.611	-0.599	-0.606	+12.829	+12.754	+13.060	-0.569	+12.892	+13.270	+9.695	+14.948	+13.593	+18.685	+17.819	+17.969	+18.112	+18.337	+18.186	+18.131	+15.289	+18.366	+18.272	+17.928	+14.712	+18.206	+14.547	+15.137	+18.045	+18.196	+15.068	+18.246	+18.759	+15.915	+19.469	+19.416	+19.416	+19.342	+19.092	+19.171	+19.367	+19.367	+19.366	+17.713	+17.714	+15.203	+14.540	+12.991	+17.802	+12.723	+13.108	+12.805	+12.752	+11.654	+12.584	+4.093	+12.146	+13.475	+10.237	+13.402	+17.724	+16.172	+17.166	+17.223	+10.565	+15.536	-0.265	+16.062	+13.600	+15.520	+14.289	+15.400	+15.187	+15.487	+15.486	+15.043	+11.052	+14.605	+11.902	+13.919	+14.040	+14.040	+11.986	+7.183	+13.908	+13.957	+14.898	+14.109	+14.101	+14.868	+14.221	-0.281	+14.045	+14.166	+14.109	+13.871	+14.586	+13.786	
rs646990       -0.432	-0.403	-0.395	-0.468	-0.481	-0.273	-0.485	-0.536	-0.509	-0.538	-0.411	-0.467	-0.452	-0.432	-0.425	-0.441	-0.434	-0.715	-0.411	+0.014	-0.027	-0.658	-0.027	-0.659	+0.025	-0.023	-0.027	-0.027	-0.016	+0.013	-0.019	+0.016	-0.044	-0.113	-0.192	+3.156	-0.465	+7.757	+7.620	+7.826	-0.435	+7.933	-0.417	+7.830	+7.579	-0.412	+8.121	+7.842	+7.916	+8.312	-0.416	+7.990	+8.153	+7.922	+7.969	+7.498	+8.044	+7.952	+7.963	-0.439	-0.422	+8.081	+7.557	-0.450	+8.069	+8.029	-0.469	-0.469	+7.370	+8.026	+7.946	+8.044	-0.482	-0.470	+7.984	-0.486	-0.506	-0.501	+8.843	-0.491	-0.491	-0.491	-0.498	+11.107	-0.502	-0.502	+11.460	-0.507	-0.509	-0.498	-0.482	-0.492	-0.479	-0.487	+12.881	+12.806	+13.118	-0.440	+12.947	+13.324	+9.900	+15.231	+13.867	+18.885	+18.024	+18.176	+18.320	+18.546	+18.396	+18.340	+15.587	+18.574	+18.480	+18.133	+14.874	+18.413	+14.711	+15.436	+18.252	+18.403	+15.367	+18.453	+18.901	+16.154	+19.620	+19.566	+19.567	+19.491	+19.241	+19.319	+19.516	+19.516	+19.515	+17.915	+17.916	+15.501	+14.703	+13.199	+18.007	+12.933	+13.304	+13.117	+13.066	+11.878	+12.892	+4.320	+12.373	+13.644	+10.339	+13.584	+17.937	+16.399	+17.386	+17.444	+10.785	+15.751	-0.112	+16.232	+13.898	+15.737	+14.482	+15.578	+15.399	+15.708	+15.707	+15.254	+11.295	+14.761	+12.115	+14.110	+14.230	+14.230	+12.173	+7.347	+14.098	+14.147	+15.084	+14.300	+14.328	+15.092	+14.403	-0.128	+14.272	+14.393	+14.336	+14.061	+14.740	+13.976	
rs6588969      -0.597	-0.528	-0.513	-0.587	-0.575	-0.485	-0.429	-0.678	-0.653	-0.684	-0.562	-0.618	-0.603	-0.583	-0.575	-0.595	-0.584	-0.862	-0.563	-0.144	-0.181	-0.804	-0.181	-0.804	-0.131	-0.177	-0.181	-0.182	-0.173	-0.143	-0.170	-0.136	-0.193	-0.265	-0.344	+2.966	-0.595	+7.702	+7.563	+7.772	-0.564	+7.880	-0.546	+7.775	+7.549	-0.541	+8.067	+7.812	+7.887	+8.259	-0.545	+7.962	+8.125	+7.873	+7.939	+7.195	+8.015	+7.922	+7.933	-0.569	-0.552	+8.056	+7.252	-0.580	+8.041	+8.004	-0.600	-0.600	+7.066	+8.001	+7.920	+8.019	-0.614	-0.601	+7.958	-0.618	-0.638	-0.633	+8.789	-0.623	-0.623	-0.623	-0.631	+11.041	-0.635	-0.634	+11.395	-0.640	-0.641	-0.631	-0.614	-0.624	-0.611	-0.619	+12.828	+12.753	+13.058	-0.582	+12.890	+13.269	+9.670	+14.902	+13.548	+18.644	+17.779	+17.929	+18.072	+18.297	+18.146	+18.092	+15.243	+18.326	+18.233	+17.888	+14.688	+18.167	+14.522	+15.091	+18.006	+18.156	+15.022	+18.205	+18.734	+15.880	+19.442	+19.389	+19.389	+19.316	+19.065	+19.145	+19.341	+19.341	+19.340	+17.674	+17.675	+15.156	+14.516	+12.958	+17.763	+12.691	+13.082	+12.767	+12.716	+11.630	+12.548	+4.066	+12.122	+13.457	+10.228	+13.384	+17.687	+16.142	+17.140	+17.196	+10.545	+15.503	-0.281	+16.044	+13.561	+15.488	+14.266	+15.379	+15.160	+15.456	+15.455	+15.014	+11.022	+14.591	+11.883	+13.899	+14.019	+14.019	+11.968	+7.160	+13.887	+13.936	+14.881	+14.088	+14.071	+14.842	+14.198	-0.297	+14.016	+14.136	+14.079	+13.851	+14.572	+13.766	
rs144514377    -0.709	-0.562	-0.553	-0.680	-0.664	-0.536	-0.678	-0.348	-0.559	-0.606	-0.499	-0.558	-0.540	-0.520	-0.512	-0.529	-0.521	-0.792	-0.500	-0.070	-0.102	-0.731	-0.102	-0.731	-0.053	-0.098	-0.102	-0.102	-0.096	-0.066	-0.097	-0.062	-0.118	-0.203	-0.283	+3.053	-0.498	+7.982	+7.842	+8.052	-0.465	+8.161	-0.445	+8.056	+7.833	-0.440	+8.348	+8.097	+8.172	+8.541	-0.444	+8.246	+8.410	+8.156	+8.224	+7.450	+8.300	+8.207	+8.218	-0.470	-0.452	+8.340	+7.509	-0.481	+8.326	+8.288	-0.502	-0.502	+7.320	+8.285	+8.205	+8.304	-0.518	-0.504	+8.243	-0.522	-0.544	-0.538	+9.081	-0.528	-0.527	-0.527	-0.536	+11.335	-0.540	-0.539	+11.690	-0.547	-0.547	-0.537	-0.519	-0.529	-0.516	-0.524	+13.127	+13.052	+13.354	-0.487	+13.188	+13.567	+9.676	+15.185	+13.796	+18.650	+17.763	+17.914	+18.061	+18.284	+18.127	+18.080	+15.461	+18.315	+18.223	+17.878	+14.773	+18.159	+14.607	+15.307	+18.001	+18.145	+15.236	+18.194	+18.917	+16.344	+19.609	+19.555	+19.555	+19.488	+19.230	+19.318	+19.514	+19.513	+19.512	+17.672	+17.673	+15.375	+14.603	+12.878	+17.759	+12.608	+13.189	+12.985	+12.936	+11.598	+12.779	+4.217	+12.086	+13.575	+10.502	+13.490	+17.693	+16.169	+17.209	+17.262	+10.522	+15.517	-0.274	+16.242	+13.771	+15.505	+14.337	+15.551	+15.170	+15.474	+15.473	+15.060	+10.881	+14.779	+11.952	+14.032	+14.156	+14.156	+12.052	+7.284	+14.022	+14.071	+15.050	+14.222	+14.043	+14.850	+14.327	-0.289	+13.991	+14.108	+14.051	+13.986	+14.761	+13.900	
rs3132820      -0.684	-0.536	-0.527	-0.654	-0.639	-0.509	-0.653	-0.559	-0.321	-0.583	-0.445	-0.508	-0.489	-0.467	-0.458	-0.477	-0.468	-0.751	-0.446	+0.011	-0.023	-0.686	-0.023	-0.686	+0.029	-0.018	-0.023	-0.023	-0.016	+0.016	-0.017	+0.020	-0.040	-0.143	-0.226	+3.135	-0.457	+8.158	+8.016	+8.228	-0.423	+8.337	-0.403	+8.231	+7.974	-0.398	+8.525	+8.238	+8.312	+8.717	-0.402	+8.387	+8.552	+8.340	+8.364	+7.265	+8.441	+8.347	+8.358	-0.430	-0.411	+8.479	+7.323	-0.441	+8.466	+8.427	-0.463	-0.463	+7.137	+8.423	+8.343	+8.442	-0.479	-0.465	+8.380	-0.483	-0.506	-0.500	+9.229	-0.489	-0.488	-0.488	-0.497	+11.509	-0.502	-0.501	+11.857	-0.509	-0.510	-0.499	-0.480	-0.491	-0.477	-0.485	+13.296	+13.219	+13.557	-0.472	+13.352	+13.734	+9.666	+14.663	+13.310	+18.682	+17.800	+17.951	+18.097	+18.320	+18.163	+18.116	+14.959	+18.351	+18.259	+17.914	+14.825	+18.194	+14.668	+14.813	+18.039	+18.184	+14.742	+18.233	+18.977	+15.856	+19.663	+19.609	+19.610	+19.543	+19.285	+19.373	+19.568	+19.567	+19.567	+17.712	+17.713	+14.877	+14.667	+12.931	+17.798	+12.670	+13.241	+12.560	+12.513	+11.645	+12.347	+4.103	+12.132	+13.634	+10.597	+13.548	+17.735	+16.211	+17.223	+17.276	+10.567	+15.554	-0.251	+16.266	+13.344	+15.536	+14.374	+15.602	+15.200	+15.501	+15.500	+15.062	+10.840	+14.831	+11.891	+14.024	+14.146	+14.146	+12.104	+7.191	+14.013	+14.062	+15.018	+14.212	+14.027	+14.819	+14.322	-0.266	+13.975	+14.092	+14.035	+13.977	+14.813	+13.890	
rs11212296     -0.717	-0.565	-0.556	-0.686	-0.670	-0.538	-0.684	-0.606	-0.583	-0.367	-0.524	-0.582	-0.566	-0.546	-0.538	-0.555	-0.546	-0.810	-0.526	-0.098	-0.129	-0.752	-0.129	-0.752	-0.081	-0.125	-0.129	-0.129	-0.124	-0.093	-0.126	-0.089	-0.145	-0.231	-0.311	+3.036	-0.503	+8.049	+7.908	+8.120	-0.469	+8.229	-0.449	+8.122	+7.907	-0.444	+8.417	+8.171	+8.250	+8.613	-0.448	+8.326	+8.492	+8.229	+8.304	+7.126	+8.380	+8.286	+8.297	-0.476	-0.457	+8.420	+7.184	-0.487	+8.407	+8.367	-0.508	-0.509	+6.999	+8.364	+8.282	+8.383	-0.525	-0.510	+8.321	-0.528	-0.551	-0.545	+9.082	-0.535	-0.534	-0.534	-0.543	+11.339	-0.547	-0.546	+11.696	-0.554	-0.555	-0.544	-0.526	-0.536	-0.522	-0.531	+13.137	+13.062	+13.365	-0.517	+13.199	+13.579	+9.651	+14.701	+13.343	+18.654	+17.778	+17.930	+18.076	+18.299	+18.140	+18.095	+15.010	+18.330	+18.238	+17.895	+14.782	+18.176	+14.615	+14.864	+18.016	+18.160	+14.791	+18.209	+18.923	+15.859	+19.608	+19.553	+19.554	+19.487	+19.230	+19.317	+19.512	+19.511	+19.511	+17.689	+17.690	+14.927	+14.612	+12.890	+17.776	+12.620	+13.235	+12.614	+12.560	+11.614	+12.390	+4.089	+12.101	+13.589	+10.493	+13.501	+17.704	+16.184	+17.210	+17.263	+10.535	+15.533	-0.276	+16.223	+13.393	+15.517	+14.354	+15.536	+15.183	+15.482	+15.481	+15.064	+10.824	+14.789	+11.862	+13.988	+14.110	+14.110	+12.060	+7.167	+13.976	+14.026	+14.993	+14.177	+14.020	+14.815	+14.287	-0.291	+13.966	+14.084	+14.028	+13.941	+14.771	+13.854	
rs11212302     -0.595	-0.438	-0.429	-0.564	-0.548	-0.411	-0.562	-0.499	-0.445	-0.524	-0.257	-0.476	-0.414	-0.413	-0.409	-0.437	-0.419	-0.475	-0.423	-0.175	-0.195	-0.661	-0.195	-0.661	-0.152	-0.191	-0.195	-0.195	-0.197	-0.166	-0.204	-0.167	-0.217	-0.280	-0.359	+2.909	-0.440	+7.765	+7.626	+7.836	-0.409	+7.945	-0.391	+7.839	+7.605	-0.386	+8.132	+7.868	+7.944	+8.326	-0.390	+8.019	+8.183	+7.954	+7.996	+7.051	+8.072	+7.979	+7.990	-0.412	-0.395	+8.111	+7.110	-0.421	+8.098	+8.059	-0.441	-0.442	+6.926	+8.056	+7.975	+8.074	-0.458	-0.443	+8.013	-0.460	-0.480	-0.475	+8.842	-0.465	-0.464	-0.465	-0.473	+11.105	-0.476	-0.476	+11.465	-0.484	-0.484	-0.475	-0.460	-0.470	-0.457	-0.465	+12.911	+12.836	+13.130	-0.425	+12.964	+13.345	+9.633	+14.925	+13.611	+18.604	+17.711	+17.865	+18.015	+18.237	+18.073	+18.036	+15.200	+18.269	+18.177	+17.833	+14.532	+18.113	+14.367	+15.053	+17.946	+18.100	+14.980	+18.151	+18.743	+15.824	+19.407	+19.351	+19.352	+19.282	+19.029	+19.114	+19.307	+19.307	+19.306	+17.625	+17.627	+15.116	+14.363	+12.718	+17.724	+12.455	+13.213	+12.756	+12.710	+11.434	+12.503	+4.702	+11.918	+13.358	+10.237	+13.256	+17.682	+16.140	+17.148	+17.200	+10.375	+15.493	-0.098	+16.046	+13.547	+15.490	+14.222	+15.387	+15.158	+15.462	+15.461	+15.113	+10.739	+14.575	+11.668	+13.854	+13.980	+13.980	+11.830	+6.925	+13.843	+13.892	+14.837	+14.042	+14.012	+14.780	+14.142	-0.112	+13.960	+14.076	+14.020	+13.808	+14.561	+13.724	
rs6588973      -0.652	-0.494	-0.485	-0.621	-0.605	-0.467	-0.618	-0.558	-0.508	-0.582	-0.476	-0.319	-0.506	-0.493	-0.486	-0.511	-0.496	-0.605	-0.488	-0.190	-0.210	-0.702	-0.210	-0.702	-0.166	-0.206	-0.210	-0.210	-0.212	-0.181	-0.220	-0.181	-0.233	-0.299	-0.382	+2.836	-0.495	+7.819	+7.680	+7.891	-0.464	+8.002	-0.446	+7.893	+7.644	-0.441	+8.189	+7.908	+7.986	+8.386	-0.445	+8.062	+8.227	+7.956	+8.038	+6.950	+8.115	+8.022	+8.032	-0.467	-0.450	+8.153	+7.008	-0.476	+8.141	+8.099	-0.497	-0.497	+6.825	+8.096	+8.015	+8.115	-0.513	-0.498	+8.053	-0.515	-0.536	-0.530	+8.854	-0.521	-0.520	-0.520	-0.528	+11.188	-0.532	-0.532	+11.556	-0.540	-0.539	-0.530	-0.515	-0.525	-0.512	-0.520	+13.023	+12.947	+13.229	-0.483	+13.063	+13.449	+9.510	+14.702	+13.384	+18.474	+17.588	+17.741	+17.889	+18.111	+17.949	+17.909	+14.985	+18.143	+18.051	+17.707	+14.541	+17.988	+14.369	+14.840	+17.840	+17.975	+14.767	+18.025	+18.670	+15.673	+19.347	+19.292	+19.292	+19.229	+18.969	+19.060	+19.254	+19.254	+19.253	+17.518	+17.519	+14.903	+14.361	+12.650	+17.595	+12.384	+13.076	+12.560	+12.514	+11.371	+12.358	+4.505	+11.856	+13.329	+10.275	+13.254	+17.546	+16.009	+17.021	+17.074	+10.303	+15.363	-0.160	+15.972	+13.353	+15.356	+14.130	+15.298	+15.024	+15.326	+15.325	+14.958	+10.637	+14.532	+11.612	+13.761	+13.885	+13.885	+11.807	+6.859	+13.750	+13.799	+14.754	+13.949	+13.876	+14.649	+14.054	-0.174	+13.824	+13.940	+13.884	+13.715	+14.515	+13.630	
rs10789626     -0.636	-0.479	-0.470	-0.605	-0.589	-0.452	-0.603	-0.540	-0.489	-0.566	-0.414	-0.506	-0.302	-0.432	-0.424	-0.464	-0.442	-0.542	-0.441	-0.172	-0.189	-0.701	-0.189	-0.701	-0.147	-0.185	-0.190	-0.190	-0.193	-0.161	-0.202	-0.163	-0.214	-0.277	-0.363	+2.872	-0.480	+7.783	+7.644	+7.855	-0.449	+7.964	-0.431	+7.857	+7.616	-0.426	+8.152	+7.880	+7.956	+8.346	-0.430	+8.031	+8.196	+7.981	+8.008	+7.000	+8.085	+7.992	+8.002	-0.452	-0.436	+8.123	+7.059	-0.462	+8.110	+8.070	-0.482	-0.482	+6.875	+8.067	+7.986	+8.085	-0.498	-0.484	+8.024	-0.500	-0.521	-0.515	+8.840	-0.506	-0.505	-0.505	-0.513	+11.127	-0.517	-0.516	+11.489	-0.525	-0.524	-0.515	-0.500	-0.510	-0.497	-0.505	+12.941	+12.866	+13.155	-0.465	+12.989	+13.372	+9.582	+14.829	+13.511	+18.549	+17.658	+17.812	+17.961	+18.184	+18.020	+17.982	+15.104	+18.216	+18.124	+17.780	+14.528	+18.060	+14.362	+14.958	+17.895	+18.048	+14.886	+18.098	+18.712	+15.761	+19.381	+19.325	+19.325	+19.257	+19.003	+19.088	+19.282	+19.281	+19.281	+17.573	+17.575	+15.022	+14.358	+12.691	+17.671	+12.428	+13.154	+12.675	+12.629	+11.412	+12.431	+4.582	+11.896	+13.347	+10.241	+13.250	+17.629	+16.090	+17.102	+17.154	+10.351	+15.444	-0.146	+16.019	+13.470	+15.439	+14.190	+15.354	+15.107	+15.411	+15.409	+15.056	+10.704	+14.558	+11.649	+13.822	+13.947	+13.947	+11.819	+6.900	+13.812	+13.860	+14.810	+14.010	+13.963	+14.735	+14.112	-0.160	+13.911	+14.028	+13.971	+13.776	+14.543	+13.692	
rs10789627     -0.616	-0.459	-0.450	-0.585	-0.569	-0.432	-0.583	-0.520	-0.467	-0.546	-0.413	-0.493	-0.432	-0.280	-0.388	-0.453	-0.408	-0.506	-0.434	-0.171	-0.195	-0.682	-0.195	-0.682	-0.153	-0.191	-0.196	-0.196	-0.198	-0.167	-0.206	-0.168	-0.219	-0.282	-0.364	+2.885	-0.457	+7.769	+7.630	+7.840	-0.426	+7.949	-0.408	+7.842	+7.606	-0.402	+8.136	+7.870	+7.946	+8.331	-0.407	+8.021	+8.185	+7.961	+7.998	+7.014	+8.074	+7.981	+7.992	-0.429	-0.412	+8.113	+7.072	-0.438	+8.100	+8.060	-0.459	-0.459	+6.889	+8.057	+7.976	+8.075	-0.475	-0.461	+8.014	-0.477	-0.498	-0.492	+8.838	-0.483	-0.482	-0.482	-0.490	+11.116	-0.494	-0.494	+11.478	-0.502	-0.501	-0.493	-0.478	-0.488	-0.475	-0.482	+12.927	+12.853	+13.144	-0.448	+12.977	+13.359	+9.600	+14.856	+13.540	+18.566	+17.674	+17.828	+17.978	+18.200	+18.036	+17.998	+15.131	+18.232	+18.140	+17.796	+14.528	+18.076	+14.363	+14.984	+17.910	+18.064	+14.912	+18.114	+18.723	+15.782	+19.390	+19.334	+19.334	+19.265	+19.011	+19.097	+19.290	+19.290	+19.289	+17.589	+17.590	+15.048	+14.359	+12.700	+17.687	+12.437	+13.173	+12.700	+12.654	+11.421	+12.456	+4.621	+11.905	+13.346	+10.237	+13.252	+17.645	+16.107	+17.117	+17.170	+10.360	+15.460	-0.124	+16.030	+13.497	+15.456	+14.201	+15.367	+15.124	+15.428	+15.427	+15.075	+10.717	+14.564	+11.658	+13.834	+13.960	+13.960	+11.823	+6.914	+13.824	+13.872	+14.820	+14.022	+13.979	+14.749	+14.123	-0.137	+13.927	+14.043	+13.987	+13.788	+14.550	+13.704	
rs10789628     -0.608	-0.451	-0.442	-0.577	-0.561	-0.425	-0.575	-0.512	-0.458	-0.538	-0.409	-0.486	-0.424	-0.388	-0.272	-0.446	-0.401	-0.492	-0.429	-0.171	-0.195	-0.674	-0.195	-0.674	-0.152	-0.191	-0.195	-0.195	-0.198	-0.167	-0.205	-0.167	-0.218	-0.281	-0.362	+2.889	-0.450	+7.768	+7.629	+7.839	-0.419	+7.948	-0.401	+7.842	+7.606	-0.396	+8.136	+7.869	+7.945	+8.330	-0.400	+8.020	+8.184	+7.960	+7.998	+7.019	+8.074	+7.981	+7.991	-0.422	-0.405	+8.112	+7.078	-0.431	+8.100	+8.060	-0.452	-0.452	+6.894	+8.057	+7.976	+8.075	-0.468	-0.454	+8.014	-0.470	-0.491	-0.485	+8.839	-0.476	-0.475	-0.475	-0.483	+11.115	-0.487	-0.487	+11.477	-0.495	-0.494	-0.486	-0.471	-0.481	-0.468	-0.475	+12.926	+12.851	+13.142	-0.440	+12.976	+13.358	+9.606	+14.865	+13.550	+18.570	+17.679	+17.833	+17.982	+18.205	+18.041	+18.003	+15.139	+18.237	+18.145	+17.800	+14.529	+18.081	+14.363	+14.993	+17.915	+18.068	+14.920	+18.119	+18.726	+15.788	+19.392	+19.336	+19.336	+19.267	+19.014	+19.099	+19.293	+19.292	+19.291	+17.593	+17.595	+15.056	+14.360	+12.703	+17.691	+12.440	+13.178	+12.709	+12.663	+11.424	+12.465	+4.635	+11.908	+13.348	+10.237	+13.253	+17.650	+16.112	+17.122	+17.174	+10.363	+15.465	-0.115	+16.033	+13.505	+15.461	+14.205	+15.370	+15.130	+15.433	+15.432	+15.081	+10.722	+14.567	+11.660	+13.838	+13.964	+13.964	+11.825	+6.919	+13.828	+13.876	+14.824	+14.026	+13.984	+14.755	+14.127	-0.128	+13.932	+14.048	+13.992	+13.792	+14.552	+13.708	
rs673473       -0.628	-0.468	-0.459	-0.597	-0.581	-0.441	-0.595	-0.529	-0.477	-0.555	-0.437	-0.511	-0.464	-0.453	-0.446	-0.290	-0.451	-0.535	-0.448	-0.151	-0.166	-0.690	-0.166	-0.690	-0.123	-0.161	-0.166	-0.166	-0.172	-0.139	-0.182	-0.142	-0.193	-0.253	-0.343	+2.862	-0.467	+7.797	+7.658	+7.869	-0.436	+7.979	-0.418	+7.871	+7.628	-0.413	+8.166	+7.891	+7.968	+8.362	-0.417	+8.044	+8.208	+7.999	+8.020	+6.980	+8.097	+8.003	+8.014	-0.440	-0.422	+8.135	+7.038	-0.449	+8.123	+8.082	-0.469	-0.469	+6.854	+8.078	+7.998	+8.097	-0.485	-0.471	+8.036	-0.487	-0.508	-0.502	+8.847	-0.493	-0.492	-0.492	-0.500	+11.144	-0.504	-0.504	+11.508	-0.512	-0.511	-0.503	-0.488	-0.498	-0.485	-0.492	+12.960	+12.885	+13.173	-0.454	+13.006	+13.391	+9.576	+14.863	+13.545	+18.566	+17.674	+17.827	+17.973	+18.196	+18.032	+17.994	+15.133	+18.227	+18.135	+17.794	+14.532	+18.074	+14.366	+14.985	+17.905	+18.058	+14.912	+18.108	+18.717	+15.776	+19.388	+19.332	+19.332	+19.264	+19.011	+19.095	+19.289	+19.288	+19.287	+17.586	+17.588	+15.047	+14.362	+12.696	+17.682	+12.432	+13.116	+12.630	+12.580	+11.397	+12.389	+4.603	+11.882	+13.341	+10.251	+13.254	+17.610	+16.049	+17.062	+17.115	+10.332	+15.425	-0.133	+15.999	+13.449	+15.417	+14.177	+15.331	+15.085	+15.388	+15.387	+15.030	+10.690	+14.549	+11.637	+13.797	+13.922	+13.922	+11.816	+6.911	+13.786	+13.835	+14.787	+13.985	+13.940	+14.714	+14.098	-0.147	+13.888	+14.005	+13.948	+13.751	+14.533	+13.665	
rs7931885      -0.617	-0.460	-0.451	-0.586	-0.570	-0.434	-0.584	-0.521	-0.468	-0.546	-0.419	-0.496	-0.442	-0.408	-0.401	-0.451	-0.281	-0.504	-0.426	-0.161	-0.185	-0.679	-0.185	-0.679	-0.142	-0.181	-0.185	-0.186	-0.189	-0.157	-0.197	-0.159	-0.209	-0.272	-0.356	+2.882	-0.459	+7.777	+7.637	+7.848	-0.428	+7.957	-0.409	+7.850	+7.612	-0.404	+8.144	+7.875	+7.951	+8.339	-0.408	+8.027	+8.191	+7.970	+8.004	+7.012	+8.080	+7.987	+7.997	-0.431	-0.414	+8.118	+7.070	-0.440	+8.106	+8.066	-0.460	-0.461	+6.887	+8.063	+7.982	+8.081	-0.477	-0.462	+8.020	-0.479	-0.499	-0.494	+8.842	-0.485	-0.484	-0.484	-0.492	+11.125	-0.495	-0.495	+11.487	-0.504	-0.503	-0.494	-0.479	-0.489	-0.476	-0.484	+12.937	+12.862	+13.153	-0.448	+12.986	+13.369	+9.596	+14.848	+13.533	+18.559	+17.669	+17.822	+17.971	+18.194	+18.030	+17.992	+15.124	+18.226	+18.134	+17.790	+14.531	+18.070	+14.365	+14.977	+17.904	+18.057	+14.904	+18.108	+18.721	+15.777	+19.388	+19.332	+19.333	+19.264	+19.010	+19.096	+19.289	+19.289	+19.288	+17.582	+17.584	+15.040	+14.362	+12.698	+17.680	+12.435	+13.167	+12.694	+12.647	+11.419	+12.450	+4.623	+11.903	+13.347	+10.243	+13.254	+17.637	+16.100	+17.111	+17.163	+10.356	+15.454	-0.123	+16.028	+13.490	+15.450	+14.199	+15.364	+15.118	+15.422	+15.421	+15.070	+10.714	+14.565	+11.657	+13.832	+13.957	+13.958	+11.825	+6.909	+13.821	+13.870	+14.819	+14.020	+13.974	+14.745	+14.121	-0.136	+13.922	+14.038	+13.982	+13.786	+14.550	+13.702	
rs79195254     -0.894	-0.741	-0.732	-0.863	-0.847	-0.715	-0.862	-0.792	-0.751	-0.810	-0.475	-0.605	-0.542	-0.506	-0.492	-0.535	-0.504	-0.569	-0.447	-0.084	-0.121	-0.869	-0.121	-0.869	-0.047	-0.116	-0.121	-0.121	-0.105	-0.065	-0.121	-0.072	-0.154	-0.210	-0.326	+2.766	-0.702	+7.945	+7.801	+8.019	-0.670	+8.129	-0.651	+8.019	+7.732	-0.646	+8.316	+7.995	+8.072	+8.513	-0.650	+8.148	+8.314	+8.177	+8.123	+6.892	+8.201	+8.107	+8.116	-0.675	-0.657	+8.234	+6.950	-0.685	+8.225	+8.179	-0.706	-0.706	+6.765	+8.176	+8.095	+8.195	-0.722	-0.708	+8.132	-0.725	-0.747	-0.741	+8.910	-0.731	-0.730	-0.730	-0.739	+11.297	-0.743	-0.742	+11.668	-0.750	-0.750	-0.740	-0.723	-0.733	-0.720	-0.728	+13.133	+13.057	+13.328	-0.708	+13.164	+13.549	+9.397	+14.568	+13.232	+18.396	+17.512	+17.665	+17.813	+18.036	+17.875	+17.833	+14.860	+18.068	+17.976	+17.631	+14.595	+17.913	+14.428	+14.714	+17.750	+17.898	+14.641	+17.948	+18.648	+15.617	+19.334	+19.279	+19.279	+19.213	+18.955	+19.042	+19.238	+19.237	+19.237	+17.424	+17.426	+14.778	+14.425	+12.629	+17.516	+12.358	+12.923	+12.429	+12.379	+11.348	+12.189	+3.996	+11.836	+13.340	+10.358	+13.283	+17.459	+15.923	+16.966	+17.020	+10.269	+15.274	-0.439	+15.951	+13.221	+15.264	+14.082	+15.263	+14.932	+15.232	+15.230	+14.843	+10.552	+14.528	+11.595	+13.718	+13.841	+13.841	+11.822	+6.812	+13.707	+13.756	+14.726	+13.907	+13.771	+14.576	+14.015	-0.454	+13.719	+13.836	+13.779	+13.671	+14.509	+13.585	
rs1531752      -0.595	-0.438	-0.429	-0.564	-0.548	-0.411	-0.563	-0.500	-0.446	-0.526	-0.423	-0.488	-0.441	-0.434	-0.429	-0.448	-0.426	-0.447	-0.259	-0.151	-0.183	-0.660	-0.183	-0.660	-0.126	-0.178	-0.183	-0.183	-0.173	-0.141	-0.181	-0.143	-0.206	-0.268	-0.350	+2.884	-0.441	+7.798	+7.658	+7.869	-0.410	+7.978	-0.392	+7.871	+7.628	-0.387	+8.166	+7.892	+7.968	+8.361	-0.391	+8.044	+8.208	+7.997	+8.020	+6.997	+8.097	+8.004	+8.014	-0.413	-0.397	+8.135	+7.055	-0.422	+8.123	+8.082	-0.443	-0.443	+6.872	+8.079	+7.998	+8.097	-0.459	-0.445	+8.036	-0.461	-0.482	-0.476	+8.850	-0.467	-0.466	-0.466	-0.474	+11.142	-0.478	-0.478	+11.505	-0.486	-0.485	-0.476	-0.461	-0.471	-0.458	-0.466	+12.958	+12.884	+13.173	-0.426	+13.007	+13.390	+9.575	+14.801	+13.490	+18.527	+17.637	+17.790	+17.938	+18.161	+17.998	+17.959	+15.076	+18.193	+18.101	+17.756	+14.540	+18.037	+14.372	+14.929	+17.871	+18.024	+14.856	+18.074	+18.702	+15.743	+19.375	+19.319	+19.320	+19.252	+18.997	+19.083	+19.277	+19.276	+19.275	+17.550	+17.551	+14.992	+14.369	+12.686	+17.646	+12.422	+13.139	+12.659	+12.613	+11.410	+12.417	+4.568	+11.895	+13.350	+10.253	+13.259	+17.605	+16.073	+17.085	+17.138	+10.347	+15.426	-0.100	+16.014	+13.452	+15.420	+14.181	+15.346	+15.090	+15.392	+15.391	+15.037	+10.698	+14.559	+11.650	+13.815	+13.941	+13.941	+11.824	+6.929	+13.805	+13.854	+14.804	+14.004	+13.948	+14.720	+14.105	-0.114	+13.896	+14.012	+13.956	+13.770	+14.544	+13.685	
rs7116678      -0.176	-0.013	-0.005	-0.146	-0.130	+0.014	-0.144	-0.070	+0.011	-0.098	-0.175	-0.190	-0.172	-0.171	-0.171	-0.151	-0.161	-0.084	-0.151	+0.191	+0.036	+0.083	+0.036	+0.083	+0.083	+0.037	+0.036	+0.036	+0.057	+0.074	+0.041	+0.060	+0.016	-0.073	-0.097	+2.998	-0.062	+7.792	+7.653	+7.864	-0.034	+7.973	-0.018	+7.865	+7.622	-0.013	+8.162	+7.885	+7.962	+8.358	-0.017	+8.038	+8.203	+7.992	+8.015	+7.071	+8.092	+7.997	+8.009	-0.035	-0.020	+8.130	+7.126	-0.044	+8.118	+8.077	-0.062	-0.062	+6.946	+8.074	+7.993	+8.092	-0.078	-0.064	+8.031	-0.079	-0.097	-0.092	+8.850	-0.084	-0.083	-0.084	-0.091	+11.189	-0.093	-0.094	+11.560	-0.102	-0.101	-0.094	-0.080	-0.089	-0.078	-0.084	+13.033	+12.956	+13.244	-0.013	+13.076	+13.464	+9.617	+14.895	+13.594	+18.529	+17.690	+17.843	+17.986	+18.206	+18.074	+18.006	+15.242	+18.237	+18.146	+17.808	+14.532	+18.086	+14.366	+15.093	+17.913	+18.067	+15.020	+18.117	+18.718	+15.845	+19.384	+19.328	+19.328	+19.259	+19.009	+19.091	+19.284	+19.284	+19.283	+17.600	+17.602	+15.158	+14.362	+12.717	+17.698	+12.458	+13.182	+12.769	+12.719	+11.417	+12.564	+5.048	+11.899	+13.340	+10.276	+13.253	+17.623	+16.070	+17.069	+17.124	+10.360	+15.460	+0.420	+16.013	+13.576	+15.456	+14.204	+15.351	+15.129	+15.432	+15.431	+15.083	+10.745	+14.557	+11.653	+13.823	+13.947	+13.947	+11.822	+7.158	+13.812	+13.860	+14.800	+14.010	+13.986	+14.744	+14.122	+0.407	+13.934	+14.049	+13.994	+13.777	+14.540	+13.693	
rs497164       -0.213	-0.054	-0.045	-0.183	-0.168	-0.027	-0.181	-0.102	-0.023	-0.129	-0.195	-0.210	-0.189	-0.195	-0.195	-0.166	-0.185	-0.121	-0.183	+0.036	+0.158	+0.102	+0.071	+0.102	+0.069	+0.072	+0.071	+0.071	+0.038	+0.059	+0.022	+0.045	+0.032	-0.085	-0.109	+2.991	-0.091	+7.785	+7.645	+7.856	-0.064	+7.966	-0.047	+7.858	+7.615	-0.042	+8.154	+7.878	+7.955	+8.350	-0.046	+8.031	+8.196	+7.985	+8.008	+7.095	+8.084	+7.990	+8.001	-0.065	-0.049	+8.123	+7.151	-0.073	+8.110	+8.070	-0.091	-0.092	+6.970	+8.067	+7.986	+8.085	-0.107	-0.093	+8.024	-0.108	-0.126	-0.122	+8.843	-0.113	-0.112	-0.113	-0.120	+11.166	-0.123	-0.123	+11.534	-0.131	-0.130	-0.123	-0.110	-0.118	-0.107	-0.114	+13.003	+12.927	+13.215	-0.045	+13.047	+13.434	+9.637	+14.960	+13.652	+18.567	+17.734	+17.886	+18.029	+18.250	+18.120	+18.050	+15.311	+18.282	+18.190	+17.852	+14.525	+18.131	+14.359	+15.162	+17.955	+18.111	+15.088	+18.161	+18.723	+15.854	+19.386	+19.330	+19.331	+19.261	+19.011	+19.093	+19.286	+19.286	+19.285	+17.644	+17.645	+15.226	+14.355	+12.728	+17.743	+12.470	+13.215	+12.816	+12.765	+11.422	+12.609	+5.111	+11.903	+13.337	+10.262	+13.246	+17.663	+16.102	+17.098	+17.152	+10.366	+15.499	+0.389	+16.013	+13.628	+15.496	+14.222	+15.352	+15.168	+15.471	+15.470	+15.125	+10.765	+14.551	+11.648	+13.823	+13.947	+13.947	+11.815	+7.138	+13.812	+13.860	+14.798	+14.010	+14.020	+14.775	+14.123	+0.375	+13.969	+14.084	+14.028	+13.777	+14.534	+13.692	
rs10789629     -0.836	-0.685	-0.676	-0.806	-0.791	-0.658	-0.804	-0.731	-0.686	-0.752	-0.661	-0.702	-0.701	-0.682	-0.674	-0.690	-0.679	-0.869	-0.660	+0.083	+0.102	-0.502	+0.103	-0.629	+0.156	+0.110	+0.102	+0.102	+0.069	+0.131	+0.042	+0.111	+0.043	-0.254	-0.366	+2.750	-0.667	+8.070	+7.923	+8.146	-0.636	+8.259	-0.618	+8.143	+7.863	-0.613	+8.448	+8.124	+8.208	+8.649	-0.617	+8.287	+8.457	+8.133	+8.261	+6.891	+8.342	+8.245	+8.254	-0.640	-0.623	+8.376	+6.948	-0.649	+8.367	+8.319	-0.669	-0.669	+6.763	+8.316	+8.234	+8.335	-0.685	-0.671	+8.271	-0.687	-0.708	-0.702	+9.059	-0.693	-0.692	-0.692	-0.700	+11.605	-0.704	-0.704	+11.988	-0.711	-0.711	-0.702	-0.686	-0.696	-0.683	-0.691	+13.512	+13.433	+13.699	-0.657	+13.537	+13.926	+9.412	+14.508	+13.171	+18.352	+17.481	+17.633	+17.780	+18.002	+17.851	+17.799	+14.847	+18.034	+17.942	+17.597	+14.669	+17.879	+14.486	+14.700	+17.724	+17.863	+14.627	+17.913	+18.632	+15.584	+19.328	+19.273	+19.274	+19.203	+18.949	+19.031	+19.227	+19.227	+19.226	+17.397	+17.398	+14.764	+14.467	+12.625	+17.480	+12.351	+12.907	+12.413	+12.365	+11.358	+12.229	+4.065	+11.849	+13.411	+10.635	+13.384	+17.416	+15.883	+16.906	+16.960	+10.271	+15.235	-0.332	+15.934	+13.197	+15.223	+14.062	+15.241	+14.891	+15.191	+15.190	+14.796	+10.526	+14.558	+11.613	+13.697	+13.819	+13.819	+11.887	+6.841	+13.686	+13.735	+14.711	+13.886	+13.730	+14.517	+13.996	-0.347	+13.678	+13.795	+13.738	+13.650	+14.538	+13.563	
rs616241       -0.213	-0.053	-0.044	-0.183	-0.168	-0.027	-0.181	-0.102	-0.023	-0.129	-0.195	-0.210	-0.189	-0.195	-0.195	-0.166	-0.185	-0.121	-0.183	+0.036	+0.071	+0.103	+0.158	+0.103	+0.069	+0.074	+0.072	+0.072	+0.037	+0.058	+0.022	+0.045	+0.033	-0.085	-0.110	+2.991	-0.092	+7.785	+7.645	+7.857	-0.064	+7.966	-0.048	+7.858	+7.615	-0.042	+8.155	+7.878	+7.955	+8.350	-0.047	+8.031	+8.196	+7.985	+8.008	+7.094	+8.084	+7.990	+8.001	-0.065	-0.050	+8.123	+7.151	-0.074	+8.110	+8.070	-0.091	-0.092	+6.970	+8.066	+7.986	+8.085	-0.107	-0.093	+8.024	-0.108	-0.127	-0.122	+8.843	-0.113	-0.113	-0.113	-0.120	+11.166	-0.123	-0.123	+11.534	-0.131	-0.130	-0.123	-0.110	-0.119	-0.107	-0.114	+13.003	+12.927	+13.214	-0.044	+13.047	+13.434	+9.637	+14.959	+13.651	+18.566	+17.733	+17.886	+18.029	+18.250	+18.119	+18.050	+15.310	+18.281	+18.190	+17.852	+14.525	+18.130	+14.359	+15.162	+17.955	+18.110	+15.088	+18.160	+18.723	+15.855	+19.386	+19.330	+19.331	+19.261	+19.011	+19.093	+19.286	+19.286	+19.285	+17.642	+17.643	+15.224	+14.355	+12.727	+17.741	+12.469	+13.213	+12.814	+12.763	+11.421	+12.607	+5.110	+11.903	+13.337	+10.262	+13.246	+17.663	+16.102	+17.098	+17.152	+10.365	+15.499	+0.389	+16.013	+13.627	+15.495	+14.222	+15.352	+15.168	+15.471	+15.470	+15.125	+10.765	+14.551	+11.648	+13.823	+13.947	+13.947	+11.815	+7.138	+13.812	+13.860	+14.799	+14.009	+14.020	+14.775	+14.123	+0.375	+13.969	+14.084	+14.028	+13.777	+14.534	+13.692	
rs10789630     -0.836	-0.685	-0.676	-0.806	-0.791	-0.659	-0.804	-0.731	-0.686	-0.752	-0.661	-0.702	-0.701	-0.682	-0.674	-0.690	-0.679	-0.869	-0.660	+0.083	+0.102	-0.629	+0.103	-0.502	+0.156	+0.110	+0.102	+0.102	+0.069	+0.131	+0.042	+0.112	+0.043	-0.254	-0.366	+2.750	-0.667	+8.071	+7.923	+8.146	-0.636	+8.259	-0.618	+8.143	+7.863	-0.613	+8.448	+8.124	+8.208	+8.649	-0.617	+8.287	+8.457	+8.133	+8.261	+6.891	+8.342	+8.245	+8.254	-0.640	-0.623	+8.376	+6.948	-0.649	+8.367	+8.319	-0.669	-0.669	+6.763	+8.316	+8.234	+8.335	-0.685	-0.671	+8.271	-0.687	-0.708	-0.702	+9.059	-0.693	-0.692	-0.692	-0.700	+11.605	-0.704	-0.704	+11.988	-0.712	-0.711	-0.702	-0.686	-0.696	-0.683	-0.691	+13.512	+13.433	+13.699	-0.657	+13.537	+13.927	+9.412	+14.508	+13.171	+18.352	+17.481	+17.633	+17.780	+18.002	+17.851	+17.799	+14.847	+18.034	+17.942	+17.597	+14.669	+17.879	+14.486	+14.700	+17.724	+17.863	+14.627	+17.913	+18.632	+15.584	+19.328	+19.273	+19.274	+19.203	+18.949	+19.031	+19.227	+19.227	+19.226	+17.397	+17.398	+14.764	+14.467	+12.625	+17.480	+12.351	+12.907	+12.413	+12.365	+11.358	+12.229	+4.065	+11.849	+13.411	+10.635	+13.384	+17.416	+15.883	+16.906	+16.960	+10.271	+15.235	-0.332	+15.934	+13.197	+15.223	+14.062	+15.241	+14.891	+15.191	+15.190	+14.796	+10.526	+14.558	+11.613	+13.697	+13.819	+13.819	+11.887	+6.841	+13.686	+13.735	+14.711	+13.886	+13.730	+14.517	+13.996	-0.347	+13.678	+13.795	+13.738	+13.650	+14.538	+13.563	
rs651147       -0.163	-0.001	+0.007	-0.133	-0.117	+0.025	-0.131	-0.053	+0.029	-0.081	-0.152	-0.166	-0.147	-0.153	-0.152	-0.123	-0.142	-0.047	-0.126	+0.083	+0.069	+0.156	+0.069	+0.156	+0.209	+0.070	+0.069	+0.069	+0.106	+0.118	+0.076	+0.091	+0.046	-0.054	-0.074	+3.008	-0.046	+7.797	+7.658	+7.869	-0.019	+7.979	-0.002	+7.870	+7.625	+0.003	+8.168	+7.888	+7.965	+8.364	-0.001	+8.041	+8.206	+7.999	+8.018	+7.087	+8.095	+8.000	+8.011	-0.020	-0.004	+8.133	+7.143	-0.028	+8.121	+8.080	-0.046	-0.046	+6.962	+8.076	+7.996	+8.095	-0.062	-0.048	+8.034	-0.063	-0.081	-0.076	+8.851	-0.068	-0.067	-0.068	-0.075	+11.183	-0.077	-0.078	+11.554	-0.086	-0.085	-0.078	-0.065	-0.073	-0.062	-0.069	+13.025	+12.949	+13.237	+0.002	+13.069	+13.456	+9.634	+14.930	+13.628	+18.549	+17.712	+17.865	+18.007	+18.228	+18.097	+18.028	+15.278	+18.259	+18.168	+17.830	+14.531	+18.108	+14.364	+15.129	+17.934	+18.089	+15.056	+18.139	+18.712	+15.833	+19.379	+19.323	+19.324	+19.255	+19.004	+19.087	+19.279	+19.279	+19.278	+17.623	+17.624	+15.194	+14.361	+12.724	+17.721	+12.464	+13.202	+12.800	+12.750	+11.422	+12.594	+5.073	+11.904	+13.340	+10.272	+13.253	+17.646	+16.090	+17.088	+17.143	+10.367	+15.484	+0.440	+16.009	+13.609	+15.480	+14.215	+15.346	+15.154	+15.456	+15.455	+15.110	+10.763	+14.552	+11.650	+13.819	+13.943	+13.943	+11.819	+7.184	+13.808	+13.856	+14.796	+14.006	+14.010	+14.767	+14.118	+0.427	+13.959	+14.074	+14.018	+13.773	+14.535	+13.688	
rs494957       -0.209	-0.049	-0.041	-0.179	-0.164	-0.023	-0.177	-0.098	-0.018	-0.125	-0.191	-0.206	-0.185	-0.191	-0.191	-0.161	-0.181	-0.116	-0.178	+0.037	+0.072	+0.110	+0.074	+0.110	+0.070	+0.162	+0.074	+0.073	+0.039	+0.059	+0.024	+0.046	+0.034	-0.083	-0.106	+2.993	-0.088	+7.783	+7.644	+7.855	-0.060	+7.965	-0.044	+7.856	+7.614	-0.039	+8.153	+7.877	+7.954	+8.349	-0.043	+8.030	+8.194	+7.983	+8.007	+7.097	+8.083	+7.989	+8.000	-0.061	-0.046	+8.122	+7.154	-0.070	+8.109	+8.069	-0.088	-0.088	+6.973	+8.065	+7.985	+8.084	-0.103	-0.089	+8.023	-0.104	-0.123	-0.118	+8.842	-0.110	-0.109	-0.109	-0.116	+11.164	-0.119	-0.119	+11.532	-0.128	-0.126	-0.120	-0.106	-0.115	-0.103	-0.110	+13.000	+12.924	+13.212	-0.041	+13.044	+13.431	+9.640	+14.964	+13.656	+18.569	+17.736	+17.889	+18.032	+18.253	+18.122	+18.052	+15.315	+18.284	+18.192	+17.855	+14.525	+18.133	+14.359	+15.167	+17.958	+18.113	+15.093	+18.163	+18.724	+15.858	+19.387	+19.331	+19.332	+19.262	+19.012	+19.095	+19.287	+19.287	+19.286	+17.645	+17.646	+15.229	+14.355	+12.729	+17.744	+12.471	+13.216	+12.819	+12.767	+11.423	+12.612	+5.117	+11.904	+13.337	+10.261	+13.246	+17.666	+16.104	+17.100	+17.154	+10.367	+15.501	+0.393	+16.014	+13.631	+15.498	+14.224	+15.354	+15.170	+15.474	+15.473	+15.128	+10.767	+14.552	+11.649	+13.825	+13.949	+13.949	+11.815	+7.141	+13.814	+13.862	+14.800	+14.011	+14.023	+14.778	+14.124	+0.380	+13.971	+14.086	+14.031	+13.778	+14.535	+13.694	
rs495123       -0.213	-0.053	-0.045	-0.183	-0.168	-0.027	-0.181	-0.102	-0.023	-0.129	-0.195	-0.210	-0.190	-0.196	-0.195	-0.166	-0.185	-0.121	-0.183	+0.036	+0.071	+0.102	+0.072	+0.102	+0.069	+0.074	+0.158	+0.072	+0.037	+0.058	+0.022	+0.045	+0.033	-0.086	-0.110	+2.991	-0.092	+7.785	+7.645	+7.857	-0.064	+7.967	-0.048	+7.858	+7.615	-0.043	+8.155	+7.878	+7.955	+8.350	-0.047	+8.031	+8.196	+7.985	+8.008	+7.094	+8.084	+7.990	+8.001	-0.065	-0.050	+8.123	+7.151	-0.074	+8.110	+8.070	-0.092	-0.092	+6.970	+8.067	+7.986	+8.085	-0.107	-0.093	+8.024	-0.108	-0.127	-0.122	+8.843	-0.114	-0.113	-0.113	-0.120	+11.166	-0.123	-0.123	+11.534	-0.132	-0.130	-0.124	-0.110	-0.119	-0.107	-0.114	+13.003	+12.927	+13.215	-0.045	+13.047	+13.434	+9.636	+14.959	+13.651	+18.566	+17.733	+17.886	+18.029	+18.249	+18.119	+18.049	+15.310	+18.281	+18.189	+17.852	+14.525	+18.130	+14.359	+15.161	+17.955	+18.110	+15.088	+18.160	+18.723	+15.854	+19.386	+19.330	+19.331	+19.261	+19.011	+19.093	+19.286	+19.286	+19.285	+17.642	+17.643	+15.224	+14.355	+12.727	+17.741	+12.468	+13.213	+12.814	+12.763	+11.421	+12.607	+5.110	+11.903	+13.337	+10.262	+13.246	+17.663	+16.101	+17.098	+17.151	+10.365	+15.499	+0.389	+16.013	+13.627	+15.495	+14.222	+15.352	+15.167	+15.471	+15.470	+15.125	+10.765	+14.551	+11.648	+13.823	+13.947	+13.947	+11.815	+7.138	+13.812	+13.860	+14.799	+14.009	+14.020	+14.775	+14.123	+0.375	+13.968	+14.084	+14.028	+13.777	+14.534	+13.692	
