## Summary of overall evidence for association with region:
## log10(BF for region) = -0.341656
## p-value for region = NA

## BFs for choosing among multi-SNP models:
## log10(average 1-SNP BF) = -0.282424
## log10(average 2-SNP BF) = -0.491778

## Example posterior probabilities for multi-SNP models, based on default prior: [p(l) propto 0.5^l for l=1,2,...,L]
## posterior probability of 1-SNP = 0.764084
## posterior probability of 2-SNP = 0.235916

## log10(BF) for single SNP and pair of SNPs:
rs10499674     -0.472	-0.470	-0.594	-0.592	-0.594	-0.470	-0.471	-0.591	-0.692	-0.640	-0.597	-0.700	-0.539	-0.737	-0.597	-0.599	-0.596	-0.423	-0.573	-0.583	-0.586	-0.733	-0.755	-0.841	-0.842	-0.841	-0.842	-0.634	-0.639	-0.844	-0.798	-0.845	-0.848	-0.847	-0.845	-0.844	-0.843	-0.845	-0.844	-0.767	-0.843	-0.841	-0.612	-0.830	-0.838	-0.830	-0.829	-0.738	-0.813	-0.804	-0.820	-0.784	-0.810	-0.813	-0.874	-0.869	-0.868	-0.772	-0.768	-0.784	-0.781	-0.781	-0.779	-0.767	-0.684	-0.707	-0.787	-0.395	-0.627	-0.874	-0.627	-0.934	-0.862	-0.824	-0.797	-0.928	-0.927	-0.975	-0.697	-0.826	-0.975	-0.857	-0.928	-0.836	-0.943	-0.944	-0.932	-0.695	-0.946	-0.718	-0.881	-0.946	-0.880	-0.946	-0.946	-0.682	-0.604	-0.843	-0.974	-0.634	-0.700	-0.975	-0.974	-0.614	-0.599	-0.587	+0.261	-0.582	-0.589	-0.830	-0.857	-0.938	-0.609	-0.812	-0.945	-0.744	-0.690	+0.099	-0.742	-0.731	-0.781	-0.939	-0.779	-0.766	-0.934	-0.729	-0.909	-0.732	-0.763	-0.637	-0.765	-0.670	-0.643	-0.752	+0.003	-0.646	-0.595	-0.924	-0.648	-0.630	-0.922	-0.969	+0.044	-0.650	-0.684	-0.651	-0.651	-0.651	-0.651	-0.968	-0.873	-0.651	-0.651	+0.025	-0.693	-0.840	-0.849	-0.932	-0.644	-0.928	-0.600	-0.931	-0.929	-0.490	-0.643	-0.927	-0.931	-0.615	-0.929	-0.836	-0.491	-0.933	-0.927	-0.048	-0.522	-0.630	-0.934	-0.632	-0.924	-0.036	-0.719	-0.700	-0.933	-0.666	+0.182	-0.002	
rs60243824     -0.470	-0.378	-0.477	-0.469	-0.461	-0.488	-0.492	-0.482	-0.637	-0.541	-0.435	-0.633	-0.570	-0.698	-0.480	-0.475	-0.491	-0.180	-0.541	-0.551	-0.548	-0.668	-0.679	-0.760	-0.761	-0.760	-0.761	-0.539	-0.544	-0.763	-0.719	-0.764	-0.767	-0.766	-0.764	-0.763	-0.763	-0.764	-0.763	-0.690	-0.762	-0.760	-0.547	-0.750	-0.757	-0.750	-0.749	-0.663	-0.733	-0.725	-0.740	-0.702	-0.730	-0.733	-0.791	-0.786	-0.785	-0.686	-0.683	-0.698	-0.695	-0.695	-0.693	-0.681	-0.598	-0.622	-0.698	-0.331	-0.544	-0.787	-0.537	-0.847	-0.775	-0.732	-0.700	-0.844	-0.843	-0.889	-0.606	-0.728	-0.889	-0.763	-0.844	-0.741	-0.858	-0.858	-0.847	-0.601	-0.859	-0.624	-0.794	-0.859	-0.792	-0.860	-0.859	-0.583	-0.506	-0.754	-0.887	-0.542	-0.608	-0.889	-0.887	-0.522	-0.506	-0.494	+0.336	-0.490	-0.496	-0.751	-0.776	-0.853	-0.517	-0.722	-0.857	-0.661	-0.601	+0.178	-0.659	-0.649	-0.698	-0.854	-0.696	-0.683	-0.850	-0.643	-0.826	-0.646	-0.676	-0.554	-0.678	-0.579	-0.552	-0.665	+0.082	-0.561	-0.510	-0.840	-0.556	-0.538	-0.838	-0.882	+0.157	-0.558	-0.594	-0.559	-0.559	-0.559	-0.559	-0.881	-0.786	-0.559	-0.559	+0.137	-0.609	-0.757	-0.766	-0.845	-0.552	-0.843	-0.516	-0.847	-0.844	-0.408	-0.552	-0.843	-0.846	-0.531	-0.845	-0.748	-0.410	-0.848	-0.843	+0.063	-0.440	-0.538	-0.849	-0.540	-0.838	+0.075	-0.633	-0.615	-0.849	-0.582	+0.300	+0.109	
rs62449190     -0.594	-0.477	-0.470	-0.594	-0.592	-0.477	-0.478	-0.593	-0.692	-0.638	-0.594	-0.700	-0.542	-0.736	-0.596	-0.599	-0.595	-0.417	-0.572	-0.582	-0.585	-0.732	-0.753	-0.839	-0.840	-0.839	-0.840	-0.632	-0.636	-0.842	-0.796	-0.843	-0.846	-0.845	-0.843	-0.842	-0.842	-0.843	-0.842	-0.765	-0.841	-0.839	-0.610	-0.829	-0.836	-0.828	-0.828	-0.736	-0.811	-0.802	-0.818	-0.782	-0.808	-0.811	-0.873	-0.867	-0.866	-0.770	-0.766	-0.782	-0.779	-0.779	-0.777	-0.765	-0.682	-0.706	-0.785	-0.393	-0.626	-0.872	-0.625	-0.932	-0.860	-0.822	-0.795	-0.926	-0.925	-0.973	-0.695	-0.824	-0.973	-0.855	-0.926	-0.834	-0.941	-0.942	-0.930	-0.693	-0.944	-0.716	-0.880	-0.944	-0.878	-0.944	-0.944	-0.680	-0.602	-0.841	-0.972	-0.632	-0.698	-0.974	-0.972	-0.612	-0.597	-0.585	+0.262	-0.580	-0.587	-0.828	-0.855	-0.936	-0.607	-0.810	-0.943	-0.742	-0.688	+0.101	-0.740	-0.729	-0.779	-0.937	-0.777	-0.764	-0.932	-0.727	-0.907	-0.730	-0.761	-0.635	-0.763	-0.668	-0.641	-0.750	+0.005	-0.645	-0.593	-0.922	-0.646	-0.628	-0.920	-0.967	+0.047	-0.648	-0.682	-0.649	-0.649	-0.649	-0.649	-0.966	-0.872	-0.649	-0.649	+0.027	-0.691	-0.838	-0.847	-0.930	-0.642	-0.926	-0.598	-0.929	-0.927	-0.488	-0.641	-0.926	-0.929	-0.613	-0.928	-0.834	-0.489	-0.931	-0.926	-0.045	-0.520	-0.628	-0.932	-0.630	-0.922	-0.033	-0.717	-0.698	-0.932	-0.664	+0.184	+0.000	
rs56713035     -0.592	-0.469	-0.594	-0.472	-0.594	-0.469	-0.470	-0.590	-0.692	-0.640	-0.597	-0.700	-0.538	-0.737	-0.597	-0.599	-0.596	-0.423	-0.573	-0.583	-0.586	-0.733	-0.755	-0.841	-0.842	-0.841	-0.842	-0.634	-0.639	-0.844	-0.798	-0.845	-0.848	-0.847	-0.845	-0.844	-0.844	-0.845	-0.844	-0.767	-0.843	-0.841	-0.612	-0.831	-0.838	-0.830	-0.830	-0.738	-0.813	-0.804	-0.820	-0.784	-0.810	-0.813	-0.875	-0.869	-0.868	-0.772	-0.768	-0.784	-0.781	-0.781	-0.780	-0.767	-0.684	-0.708	-0.787	-0.395	-0.628	-0.875	-0.628	-0.935	-0.862	-0.824	-0.797	-0.928	-0.927	-0.975	-0.697	-0.827	-0.975	-0.858	-0.928	-0.836	-0.944	-0.945	-0.932	-0.696	-0.946	-0.718	-0.882	-0.946	-0.880	-0.946	-0.946	-0.682	-0.604	-0.843	-0.974	-0.634	-0.700	-0.976	-0.974	-0.614	-0.599	-0.587	+0.260	-0.583	-0.589	-0.830	-0.857	-0.939	-0.609	-0.812	-0.945	-0.744	-0.691	+0.099	-0.742	-0.731	-0.781	-0.940	-0.779	-0.766	-0.934	-0.729	-0.909	-0.732	-0.763	-0.638	-0.765	-0.670	-0.643	-0.752	+0.003	-0.647	-0.595	-0.924	-0.648	-0.630	-0.922	-0.969	+0.044	-0.650	-0.685	-0.651	-0.651	-0.651	-0.651	-0.968	-0.874	-0.651	-0.651	+0.025	-0.693	-0.840	-0.849	-0.933	-0.644	-0.928	-0.600	-0.931	-0.929	-0.490	-0.643	-0.928	-0.931	-0.615	-0.930	-0.836	-0.491	-0.933	-0.928	-0.048	-0.522	-0.630	-0.934	-0.632	-0.924	-0.036	-0.719	-0.700	-0.934	-0.666	+0.182	-0.002	
rs59778503     -0.594	-0.461	-0.592	-0.594	-0.474	-0.461	-0.462	-0.591	-0.692	-0.642	-0.599	-0.700	-0.534	-0.737	-0.595	-0.600	-0.594	-0.430	-0.573	-0.583	-0.586	-0.733	-0.756	-0.842	-0.844	-0.842	-0.843	-0.636	-0.640	-0.846	-0.799	-0.847	-0.850	-0.848	-0.846	-0.845	-0.845	-0.846	-0.845	-0.768	-0.845	-0.842	-0.613	-0.832	-0.839	-0.831	-0.831	-0.739	-0.815	-0.806	-0.822	-0.785	-0.811	-0.814	-0.876	-0.870	-0.869	-0.774	-0.770	-0.786	-0.783	-0.782	-0.781	-0.768	-0.685	-0.709	-0.788	-0.395	-0.629	-0.876	-0.629	-0.936	-0.863	-0.826	-0.799	-0.930	-0.928	-0.976	-0.698	-0.829	-0.977	-0.859	-0.930	-0.838	-0.945	-0.946	-0.934	-0.697	-0.947	-0.720	-0.883	-0.947	-0.882	-0.948	-0.948	-0.684	-0.606	-0.845	-0.975	-0.636	-0.702	-0.977	-0.976	-0.616	-0.600	-0.589	+0.259	-0.584	-0.591	-0.831	-0.858	-0.940	-0.611	-0.814	-0.947	-0.745	-0.692	+0.098	-0.743	-0.733	-0.782	-0.941	-0.780	-0.767	-0.936	-0.731	-0.911	-0.734	-0.764	-0.639	-0.767	-0.672	-0.645	-0.753	+0.002	-0.648	-0.596	-0.926	-0.649	-0.632	-0.924	-0.970	+0.042	-0.651	-0.686	-0.653	-0.652	-0.652	-0.653	-0.970	-0.875	-0.653	-0.653	+0.023	-0.694	-0.841	-0.851	-0.934	-0.646	-0.929	-0.602	-0.933	-0.930	-0.491	-0.645	-0.929	-0.932	-0.617	-0.931	-0.837	-0.492	-0.934	-0.929	-0.050	-0.523	-0.632	-0.936	-0.633	-0.926	-0.038	-0.720	-0.702	-0.935	-0.668	+0.179	-0.004	
rs59539486     -0.470	-0.488	-0.477	-0.469	-0.461	-0.378	-0.492	-0.482	-0.636	-0.541	-0.435	-0.633	-0.570	-0.699	-0.480	-0.474	-0.490	-0.180	-0.541	-0.551	-0.548	-0.668	-0.679	-0.760	-0.761	-0.760	-0.761	-0.540	-0.544	-0.763	-0.719	-0.764	-0.767	-0.766	-0.764	-0.763	-0.763	-0.764	-0.763	-0.690	-0.762	-0.760	-0.547	-0.750	-0.757	-0.750	-0.749	-0.663	-0.734	-0.725	-0.740	-0.702	-0.731	-0.733	-0.791	-0.786	-0.785	-0.686	-0.683	-0.698	-0.695	-0.695	-0.693	-0.681	-0.598	-0.622	-0.698	-0.331	-0.544	-0.787	-0.537	-0.847	-0.775	-0.732	-0.700	-0.844	-0.843	-0.889	-0.606	-0.728	-0.889	-0.763	-0.844	-0.741	-0.858	-0.858	-0.847	-0.601	-0.859	-0.624	-0.794	-0.859	-0.792	-0.860	-0.859	-0.583	-0.506	-0.754	-0.887	-0.543	-0.608	-0.889	-0.887	-0.522	-0.506	-0.494	+0.336	-0.490	-0.496	-0.751	-0.777	-0.853	-0.517	-0.722	-0.857	-0.661	-0.601	+0.178	-0.659	-0.649	-0.698	-0.854	-0.696	-0.683	-0.850	-0.643	-0.826	-0.646	-0.676	-0.554	-0.678	-0.579	-0.552	-0.665	+0.082	-0.561	-0.510	-0.840	-0.556	-0.538	-0.838	-0.882	+0.157	-0.558	-0.594	-0.559	-0.559	-0.559	-0.559	-0.881	-0.786	-0.559	-0.559	+0.137	-0.609	-0.757	-0.766	-0.845	-0.552	-0.843	-0.516	-0.847	-0.844	-0.408	-0.552	-0.843	-0.846	-0.531	-0.845	-0.748	-0.410	-0.848	-0.843	+0.063	-0.440	-0.538	-0.849	-0.540	-0.838	+0.075	-0.633	-0.615	-0.849	-0.582	+0.300	+0.109	
rs62449192     -0.471	-0.492	-0.478	-0.470	-0.462	-0.492	-0.377	-0.483	-0.636	-0.540	-0.436	-0.633	-0.571	-0.698	-0.480	-0.475	-0.491	-0.180	-0.541	-0.550	-0.548	-0.667	-0.679	-0.760	-0.761	-0.759	-0.761	-0.539	-0.543	-0.763	-0.718	-0.764	-0.766	-0.765	-0.763	-0.762	-0.762	-0.763	-0.762	-0.690	-0.762	-0.759	-0.546	-0.750	-0.757	-0.749	-0.748	-0.662	-0.733	-0.724	-0.739	-0.701	-0.730	-0.733	-0.790	-0.785	-0.784	-0.686	-0.682	-0.697	-0.694	-0.694	-0.693	-0.680	-0.598	-0.621	-0.697	-0.330	-0.543	-0.786	-0.536	-0.846	-0.774	-0.732	-0.699	-0.843	-0.842	-0.888	-0.605	-0.727	-0.888	-0.762	-0.843	-0.740	-0.857	-0.857	-0.846	-0.600	-0.859	-0.623	-0.793	-0.859	-0.791	-0.859	-0.859	-0.582	-0.505	-0.753	-0.886	-0.542	-0.608	-0.889	-0.886	-0.521	-0.505	-0.493	+0.337	-0.489	-0.495	-0.750	-0.776	-0.853	-0.516	-0.721	-0.857	-0.661	-0.600	+0.178	-0.659	-0.648	-0.698	-0.854	-0.696	-0.683	-0.849	-0.642	-0.826	-0.645	-0.676	-0.554	-0.678	-0.578	-0.551	-0.664	+0.083	-0.560	-0.510	-0.839	-0.556	-0.537	-0.837	-0.881	+0.158	-0.557	-0.593	-0.559	-0.558	-0.558	-0.559	-0.880	-0.785	-0.559	-0.559	+0.138	-0.609	-0.757	-0.766	-0.844	-0.552	-0.843	-0.516	-0.846	-0.843	-0.408	-0.551	-0.842	-0.845	-0.531	-0.844	-0.747	-0.410	-0.847	-0.842	+0.063	-0.440	-0.537	-0.849	-0.539	-0.837	+0.076	-0.633	-0.614	-0.848	-0.581	+0.300	+0.110	
rs1405126      -0.591	-0.482	-0.593	-0.590	-0.591	-0.482	-0.483	-0.469	-0.692	-0.637	-0.590	-0.700	-0.544	-0.737	-0.594	-0.595	-0.595	-0.412	-0.573	-0.583	-0.586	-0.733	-0.753	-0.838	-0.840	-0.838	-0.840	-0.631	-0.636	-0.842	-0.795	-0.843	-0.846	-0.844	-0.842	-0.841	-0.841	-0.842	-0.841	-0.765	-0.841	-0.838	-0.610	-0.828	-0.836	-0.827	-0.827	-0.736	-0.811	-0.802	-0.818	-0.781	-0.808	-0.810	-0.872	-0.866	-0.865	-0.769	-0.765	-0.782	-0.779	-0.778	-0.777	-0.764	-0.681	-0.705	-0.784	-0.393	-0.625	-0.872	-0.624	-0.932	-0.859	-0.821	-0.794	-0.926	-0.924	-0.972	-0.694	-0.823	-0.972	-0.854	-0.926	-0.833	-0.941	-0.942	-0.930	-0.692	-0.943	-0.715	-0.879	-0.943	-0.877	-0.944	-0.944	-0.679	-0.601	-0.840	-0.971	-0.631	-0.697	-0.973	-0.971	-0.611	-0.596	-0.584	+0.262	-0.579	-0.586	-0.827	-0.854	-0.936	-0.606	-0.809	-0.942	-0.741	-0.688	+0.101	-0.740	-0.729	-0.778	-0.937	-0.776	-0.763	-0.932	-0.727	-0.907	-0.729	-0.760	-0.635	-0.763	-0.667	-0.640	-0.749	+0.006	-0.644	-0.592	-0.922	-0.645	-0.627	-0.920	-0.966	+0.048	-0.647	-0.681	-0.648	-0.648	-0.648	-0.648	-0.965	-0.871	-0.648	-0.648	+0.028	-0.690	-0.838	-0.847	-0.930	-0.641	-0.925	-0.598	-0.929	-0.926	-0.487	-0.640	-0.925	-0.928	-0.613	-0.927	-0.833	-0.489	-0.930	-0.925	-0.044	-0.519	-0.627	-0.932	-0.629	-0.922	-0.032	-0.716	-0.697	-0.931	-0.664	+0.186	+0.002	
rs17712293     -0.692	-0.637	-0.692	-0.692	-0.692	-0.636	-0.636	-0.692	-0.480	-0.643	-0.689	-0.608	-0.440	-0.756	-0.692	-0.692	-0.692	-0.442	-0.595	-0.605	-0.607	-0.769	-0.764	-0.850	-0.851	-0.850	-0.851	-0.646	-0.650	-0.853	-0.806	-0.854	-0.857	-0.856	-0.854	-0.853	-0.853	-0.854	-0.853	-0.776	-0.852	-0.850	-0.625	-0.840	-0.847	-0.839	-0.839	-0.747	-0.823	-0.814	-0.830	-0.792	-0.820	-0.823	-0.881	-0.876	-0.875	-0.778	-0.774	-0.790	-0.787	-0.786	-0.785	-0.772	-0.689	-0.713	-0.793	-0.408	-0.636	-0.881	-0.633	-0.939	-0.868	-0.828	-0.798	-0.935	-0.934	-0.981	-0.702	-0.827	-0.981	-0.860	-0.935	-0.838	-0.950	-0.950	-0.939	-0.698	-0.952	-0.721	-0.888	-0.952	-0.886	-0.952	-0.952	-0.684	-0.605	-0.849	-0.979	-0.639	-0.706	-0.982	-0.980	-0.619	-0.603	-0.591	+0.244	-0.587	-0.594	-0.840	-0.866	-0.945	-0.614	-0.817	-0.951	-0.752	-0.696	+0.085	-0.750	-0.740	-0.789	-0.946	-0.786	-0.774	-0.941	-0.737	-0.917	-0.740	-0.771	-0.646	-0.772	-0.675	-0.648	-0.759	-0.011	-0.657	-0.606	-0.932	-0.653	-0.635	-0.930	-0.975	+0.030	-0.655	-0.690	-0.656	-0.656	-0.656	-0.656	-0.974	-0.881	-0.656	-0.656	+0.010	-0.701	-0.848	-0.857	-0.938	-0.649	-0.935	-0.609	-0.939	-0.936	-0.499	-0.648	-0.935	-0.938	-0.624	-0.937	-0.844	-0.501	-0.940	-0.935	-0.062	-0.531	-0.635	-0.941	-0.637	-0.931	-0.049	-0.727	-0.709	-0.941	-0.674	+0.167	-0.016	
rs78575608     -0.640	-0.541	-0.638	-0.640	-0.642	-0.541	-0.540	-0.637	-0.643	-0.290	-0.647	-0.650	-0.515	-0.459	-0.638	-0.640	-0.635	-0.482	-0.245	-0.258	-0.263	-0.619	-0.575	-0.682	-0.683	-0.681	-0.683	-0.492	-0.496	-0.685	-0.624	-0.686	-0.689	-0.687	-0.686	-0.685	-0.684	-0.685	-0.684	-0.589	-0.684	-0.682	-0.419	-0.671	-0.679	-0.670	-0.670	-0.557	-0.654	-0.644	-0.661	-0.628	-0.650	-0.653	-0.699	-0.693	-0.692	-0.604	-0.599	-0.606	-0.603	-0.603	-0.601	-0.587	-0.497	-0.523	-0.626	-0.195	-0.441	-0.717	-0.479	-0.779	-0.703	-0.678	-0.653	-0.768	-0.767	-0.817	-0.543	-0.692	-0.818	-0.710	-0.768	-0.690	-0.785	-0.787	-0.774	-0.546	-0.788	-0.566	-0.726	-0.788	-0.725	-0.789	-0.790	-0.533	-0.456	-0.692	-0.813	-0.485	-0.550	-0.819	-0.813	-0.466	-0.451	-0.439	+0.452	-0.435	-0.441	-0.657	-0.687	-0.779	-0.461	-0.662	-0.789	-0.569	-0.528	+0.293	-0.568	-0.556	-0.609	-0.780	-0.606	-0.593	-0.774	-0.560	-0.751	-0.563	-0.594	-0.457	-0.613	-0.519	-0.493	-0.600	+0.190	-0.494	-0.442	-0.769	-0.497	-0.480	-0.767	-0.809	+0.222	-0.499	-0.532	-0.500	-0.500	-0.500	-0.500	-0.808	-0.723	-0.500	-0.500	+0.202	-0.540	-0.686	-0.695	-0.774	-0.493	-0.772	-0.449	-0.775	-0.773	-0.339	-0.493	-0.772	-0.775	-0.464	-0.774	-0.672	-0.340	-0.777	-0.772	+0.128	-0.370	-0.480	-0.778	-0.482	-0.767	+0.141	-0.572	-0.554	-0.778	-0.515	+0.363	+0.175	
rs6583483      -0.597	-0.435	-0.594	-0.597	-0.599	-0.435	-0.436	-0.590	-0.689	-0.647	-0.478	-0.697	-0.517	-0.736	-0.594	-0.601	-0.591	-0.453	-0.571	-0.581	-0.585	-0.731	-0.758	-0.845	-0.847	-0.845	-0.846	-0.640	-0.645	-0.849	-0.802	-0.850	-0.853	-0.851	-0.849	-0.848	-0.848	-0.849	-0.848	-0.770	-0.848	-0.845	-0.614	-0.835	-0.842	-0.834	-0.834	-0.741	-0.817	-0.808	-0.824	-0.788	-0.814	-0.817	-0.879	-0.873	-0.872	-0.777	-0.773	-0.789	-0.786	-0.786	-0.784	-0.772	-0.688	-0.712	-0.792	-0.396	-0.632	-0.880	-0.633	-0.940	-0.867	-0.830	-0.804	-0.933	-0.932	-0.980	-0.702	-0.833	-0.980	-0.864	-0.933	-0.843	-0.948	-0.950	-0.937	-0.702	-0.951	-0.724	-0.887	-0.951	-0.885	-0.951	-0.952	-0.689	-0.611	-0.849	-0.979	-0.640	-0.707	-0.981	-0.979	-0.620	-0.605	-0.593	+0.258	-0.589	-0.595	-0.834	-0.861	-0.943	-0.615	-0.818	-0.950	-0.748	-0.696	+0.095	-0.747	-0.736	-0.786	-0.944	-0.783	-0.771	-0.939	-0.735	-0.914	-0.737	-0.768	-0.642	-0.771	-0.676	-0.649	-0.757	+0.000	-0.651	-0.600	-0.929	-0.654	-0.636	-0.927	-0.974	+0.037	-0.656	-0.690	-0.657	-0.657	-0.657	-0.657	-0.973	-0.879	-0.657	-0.657	+0.017	-0.698	-0.845	-0.854	-0.938	-0.650	-0.933	-0.605	-0.936	-0.934	-0.494	-0.649	-0.932	-0.936	-0.620	-0.935	-0.841	-0.496	-0.938	-0.932	-0.055	-0.526	-0.636	-0.939	-0.638	-0.930	-0.043	-0.724	-0.705	-0.939	-0.671	+0.174	-0.009	
rs6955212      -0.700	-0.633	-0.700	-0.700	-0.700	-0.633	-0.633	-0.700	-0.608	-0.650	-0.697	-0.486	-0.415	-0.758	-0.700	-0.701	-0.699	-0.465	-0.595	-0.605	-0.608	-0.772	-0.769	-0.855	-0.857	-0.855	-0.856	-0.652	-0.656	-0.859	-0.812	-0.860	-0.862	-0.861	-0.859	-0.858	-0.858	-0.859	-0.858	-0.781	-0.858	-0.855	-0.629	-0.845	-0.853	-0.845	-0.844	-0.752	-0.828	-0.819	-0.835	-0.797	-0.825	-0.828	-0.887	-0.881	-0.880	-0.784	-0.780	-0.795	-0.792	-0.792	-0.790	-0.778	-0.694	-0.718	-0.799	-0.411	-0.641	-0.887	-0.639	-0.946	-0.874	-0.834	-0.805	-0.941	-0.940	-0.986	-0.709	-0.834	-0.987	-0.866	-0.941	-0.845	-0.956	-0.956	-0.944	-0.705	-0.958	-0.728	-0.894	-0.958	-0.892	-0.958	-0.958	-0.691	-0.613	-0.855	-0.985	-0.646	-0.713	-0.988	-0.986	-0.626	-0.610	-0.598	+0.240	-0.594	-0.600	-0.846	-0.871	-0.951	-0.621	-0.824	-0.957	-0.758	-0.702	+0.080	-0.756	-0.745	-0.795	-0.952	-0.792	-0.780	-0.947	-0.744	-0.923	-0.746	-0.777	-0.652	-0.779	-0.682	-0.655	-0.765	-0.016	-0.663	-0.611	-0.938	-0.659	-0.642	-0.936	-0.981	+0.023	-0.661	-0.696	-0.663	-0.662	-0.662	-0.662	-0.980	-0.887	-0.663	-0.663	+0.003	-0.707	-0.854	-0.863	-0.944	-0.656	-0.941	-0.615	-0.944	-0.942	-0.505	-0.655	-0.941	-0.944	-0.630	-0.943	-0.849	-0.507	-0.946	-0.941	-0.068	-0.537	-0.642	-0.947	-0.643	-0.937	-0.056	-0.733	-0.715	-0.947	-0.680	+0.160	-0.023	
rs59328053     -0.539	-0.570	-0.542	-0.538	-0.534	-0.570	-0.571	-0.544	-0.440	-0.515	-0.517	-0.415	-0.356	-0.695	-0.540	-0.538	-0.546	-0.190	-0.542	-0.551	-0.548	-0.667	-0.658	-0.742	-0.744	-0.742	-0.743	-0.529	-0.533	-0.745	-0.698	-0.746	-0.749	-0.748	-0.746	-0.745	-0.745	-0.746	-0.745	-0.669	-0.745	-0.742	-0.527	-0.733	-0.740	-0.732	-0.732	-0.641	-0.717	-0.708	-0.723	-0.682	-0.714	-0.717	-0.768	-0.763	-0.762	-0.663	-0.659	-0.673	-0.670	-0.669	-0.668	-0.655	-0.571	-0.596	-0.676	-0.309	-0.522	-0.766	-0.513	-0.823	-0.754	-0.707	-0.671	-0.823	-0.822	-0.866	-0.584	-0.698	-0.866	-0.735	-0.823	-0.713	-0.836	-0.835	-0.825	-0.574	-0.837	-0.598	-0.772	-0.837	-0.770	-0.838	-0.836	-0.555	-0.477	-0.731	-0.863	-0.519	-0.586	-0.868	-0.864	-0.498	-0.482	-0.470	+0.346	-0.465	-0.472	-0.736	-0.759	-0.833	-0.493	-0.699	-0.835	-0.641	-0.577	+0.190	-0.639	-0.629	-0.678	-0.833	-0.676	-0.663	-0.829	-0.625	-0.807	-0.627	-0.658	-0.535	-0.658	-0.556	-0.528	-0.644	+0.094	-0.547	-0.497	-0.820	-0.533	-0.514	-0.818	-0.860	+0.162	-0.534	-0.571	-0.536	-0.535	-0.535	-0.536	-0.859	-0.766	-0.536	-0.536	+0.142	-0.591	-0.739	-0.747	-0.823	-0.529	-0.823	-0.497	-0.826	-0.824	-0.391	-0.528	-0.823	-0.826	-0.512	-0.825	-0.729	-0.393	-0.827	-0.823	+0.069	-0.423	-0.514	-0.829	-0.516	-0.817	+0.082	-0.616	-0.598	-0.828	-0.563	+0.305	+0.116	
rs6949307      -0.737	-0.698	-0.736	-0.737	-0.737	-0.699	-0.698	-0.737	-0.756	-0.459	-0.736	-0.758	-0.695	-0.398	-0.737	-0.738	-0.736	-0.476	-0.550	-0.562	-0.573	-0.746	-0.645	-0.739	-0.741	-0.739	-0.740	-0.560	-0.565	-0.743	-0.697	-0.745	-0.748	-0.746	-0.744	-0.743	-0.742	-0.744	-0.743	-0.660	-0.742	-0.739	-0.519	-0.726	-0.735	-0.725	-0.724	-0.625	-0.705	-0.694	-0.713	-0.714	-0.701	-0.705	-0.781	-0.778	-0.777	-0.695	-0.690	-0.652	-0.648	-0.648	-0.646	-0.631	-0.524	-0.554	-0.681	-0.354	-0.595	-0.792	-0.601	-0.861	-0.784	-0.734	-0.695	-0.854	-0.852	-0.900	-0.618	-0.724	-0.900	-0.762	-0.854	-0.741	-0.869	-0.869	-0.858	-0.601	-0.871	-0.630	-0.798	-0.871	-0.796	-0.871	-0.871	-0.581	-0.504	-0.751	-0.899	-0.555	-0.594	-0.899	-0.899	-0.534	-0.519	-0.507	+0.310	-0.503	-0.510	-0.761	-0.786	-0.864	-0.530	-0.714	-0.870	-0.652	-0.623	+0.162	-0.650	-0.639	-0.691	-0.865	-0.688	-0.675	-0.860	-0.624	-0.835	-0.627	-0.667	-0.527	-0.647	-0.593	-0.565	-0.632	+0.060	-0.564	-0.512	-0.846	-0.569	-0.551	-0.844	-0.894	+0.171	-0.571	-0.605	-0.572	-0.572	-0.572	-0.572	-0.894	-0.783	-0.572	-0.572	+0.149	-0.586	-0.754	-0.762	-0.858	-0.565	-0.849	-0.500	-0.853	-0.850	-0.378	-0.564	-0.849	-0.853	-0.516	-0.851	-0.757	-0.381	-0.855	-0.849	+0.074	-0.414	-0.551	-0.856	-0.553	-0.849	+0.087	-0.619	-0.600	-0.856	-0.568	+0.332	+0.122	
rs6945480      -0.597	-0.480	-0.596	-0.597	-0.595	-0.480	-0.480	-0.594	-0.692	-0.638	-0.594	-0.700	-0.540	-0.737	-0.471	-0.596	-0.590	-0.417	-0.573	-0.583	-0.586	-0.732	-0.754	-0.840	-0.841	-0.840	-0.841	-0.632	-0.637	-0.843	-0.797	-0.844	-0.847	-0.845	-0.843	-0.842	-0.842	-0.843	-0.842	-0.766	-0.842	-0.840	-0.611	-0.829	-0.837	-0.829	-0.828	-0.737	-0.812	-0.803	-0.819	-0.782	-0.809	-0.812	-0.873	-0.868	-0.866	-0.771	-0.767	-0.783	-0.780	-0.779	-0.778	-0.766	-0.683	-0.706	-0.785	-0.394	-0.626	-0.873	-0.626	-0.933	-0.860	-0.822	-0.795	-0.927	-0.926	-0.973	-0.695	-0.825	-0.974	-0.856	-0.927	-0.835	-0.942	-0.943	-0.931	-0.694	-0.944	-0.716	-0.880	-0.944	-0.878	-0.945	-0.945	-0.680	-0.602	-0.842	-0.972	-0.633	-0.699	-0.974	-0.973	-0.612	-0.597	-0.585	+0.262	-0.581	-0.587	-0.828	-0.855	-0.937	-0.608	-0.810	-0.944	-0.742	-0.689	+0.100	-0.741	-0.730	-0.779	-0.938	-0.777	-0.764	-0.933	-0.728	-0.908	-0.731	-0.761	-0.636	-0.764	-0.669	-0.642	-0.750	+0.004	-0.645	-0.594	-0.923	-0.646	-0.628	-0.921	-0.967	+0.046	-0.648	-0.683	-0.649	-0.649	-0.649	-0.649	-0.967	-0.872	-0.649	-0.649	+0.027	-0.692	-0.839	-0.848	-0.931	-0.642	-0.926	-0.599	-0.930	-0.927	-0.488	-0.642	-0.926	-0.929	-0.614	-0.928	-0.834	-0.490	-0.931	-0.926	-0.046	-0.520	-0.628	-0.933	-0.630	-0.923	-0.034	-0.717	-0.699	-0.932	-0.665	+0.184	-0.000	
rs56141508     -0.599	-0.475	-0.599	-0.599	-0.600	-0.474	-0.475	-0.595	-0.692	-0.640	-0.601	-0.701	-0.538	-0.738	-0.596	-0.473	-0.593	-0.424	-0.573	-0.583	-0.587	-0.732	-0.755	-0.841	-0.843	-0.841	-0.842	-0.635	-0.639	-0.845	-0.798	-0.846	-0.849	-0.847	-0.845	-0.844	-0.844	-0.845	-0.844	-0.767	-0.844	-0.841	-0.612	-0.831	-0.838	-0.830	-0.830	-0.738	-0.814	-0.805	-0.821	-0.784	-0.810	-0.813	-0.875	-0.869	-0.868	-0.773	-0.768	-0.785	-0.782	-0.781	-0.780	-0.767	-0.684	-0.708	-0.787	-0.395	-0.628	-0.875	-0.628	-0.935	-0.862	-0.824	-0.797	-0.929	-0.927	-0.975	-0.697	-0.827	-0.976	-0.858	-0.929	-0.837	-0.944	-0.945	-0.933	-0.696	-0.946	-0.718	-0.882	-0.946	-0.880	-0.947	-0.947	-0.682	-0.604	-0.844	-0.974	-0.635	-0.701	-0.976	-0.974	-0.614	-0.599	-0.587	+0.260	-0.583	-0.589	-0.830	-0.857	-0.939	-0.610	-0.812	-0.945	-0.744	-0.691	+0.099	-0.742	-0.732	-0.781	-0.940	-0.779	-0.766	-0.935	-0.730	-0.910	-0.733	-0.763	-0.638	-0.766	-0.671	-0.644	-0.752	+0.003	-0.647	-0.595	-0.925	-0.648	-0.630	-0.923	-0.969	+0.044	-0.650	-0.685	-0.651	-0.651	-0.651	-0.651	-0.968	-0.874	-0.651	-0.651	+0.024	-0.694	-0.841	-0.850	-0.933	-0.644	-0.928	-0.601	-0.932	-0.929	-0.490	-0.644	-0.928	-0.931	-0.616	-0.930	-0.836	-0.492	-0.933	-0.928	-0.048	-0.522	-0.630	-0.935	-0.632	-0.925	-0.036	-0.719	-0.701	-0.934	-0.667	+0.181	-0.002	
rs56033844     -0.596	-0.491	-0.595	-0.596	-0.594	-0.490	-0.491	-0.595	-0.692	-0.635	-0.591	-0.699	-0.546	-0.736	-0.590	-0.593	-0.467	-0.407	-0.572	-0.582	-0.585	-0.731	-0.751	-0.837	-0.838	-0.837	-0.838	-0.629	-0.634	-0.840	-0.794	-0.841	-0.844	-0.843	-0.841	-0.840	-0.840	-0.841	-0.840	-0.763	-0.839	-0.837	-0.609	-0.827	-0.834	-0.826	-0.826	-0.734	-0.810	-0.801	-0.816	-0.780	-0.806	-0.809	-0.871	-0.865	-0.864	-0.768	-0.764	-0.780	-0.777	-0.777	-0.775	-0.763	-0.680	-0.703	-0.782	-0.392	-0.624	-0.870	-0.623	-0.930	-0.858	-0.819	-0.792	-0.924	-0.923	-0.971	-0.692	-0.821	-0.971	-0.853	-0.924	-0.831	-0.939	-0.940	-0.928	-0.691	-0.942	-0.713	-0.877	-0.942	-0.876	-0.942	-0.942	-0.677	-0.599	-0.839	-0.969	-0.630	-0.696	-0.971	-0.970	-0.609	-0.594	-0.582	+0.264	-0.578	-0.584	-0.826	-0.853	-0.934	-0.605	-0.807	-0.941	-0.740	-0.686	+0.103	-0.738	-0.727	-0.777	-0.935	-0.775	-0.762	-0.930	-0.725	-0.905	-0.728	-0.759	-0.633	-0.761	-0.666	-0.639	-0.747	+0.007	-0.642	-0.591	-0.920	-0.643	-0.625	-0.918	-0.965	+0.050	-0.645	-0.680	-0.646	-0.646	-0.646	-0.646	-0.964	-0.869	-0.646	-0.646	+0.030	-0.689	-0.836	-0.845	-0.928	-0.639	-0.924	-0.596	-0.927	-0.925	-0.486	-0.639	-0.923	-0.927	-0.611	-0.925	-0.832	-0.487	-0.929	-0.923	-0.042	-0.518	-0.625	-0.930	-0.627	-0.920	-0.030	-0.715	-0.696	-0.929	-0.662	+0.187	+0.003	
rs55991773     -0.423	-0.180	-0.417	-0.423	-0.430	-0.180	-0.180	-0.412	-0.442	-0.482	-0.453	-0.465	-0.190	-0.476	-0.417	-0.424	-0.407	-0.279	-0.289	-0.301	-0.302	-0.379	-0.590	-0.677	-0.678	-0.677	-0.678	-0.471	-0.475	-0.680	-0.632	-0.681	-0.684	-0.683	-0.681	-0.680	-0.680	-0.681	-0.680	-0.602	-0.679	-0.677	-0.445	-0.667	-0.675	-0.667	-0.667	-0.574	-0.651	-0.643	-0.658	-0.616	-0.648	-0.650	-0.693	-0.687	-0.686	-0.597	-0.591	-0.590	-0.587	-0.587	-0.585	-0.571	-0.479	-0.505	-0.617	-0.090	-0.447	-0.707	-0.479	-0.765	-0.693	-0.663	-0.648	-0.743	-0.741	-0.802	-0.526	-0.678	-0.803	-0.703	-0.743	-0.683	-0.766	-0.770	-0.752	-0.522	-0.770	-0.546	-0.712	-0.770	-0.710	-0.771	-0.774	-0.526	-0.426	-0.672	-0.809	-0.462	-0.525	-0.804	-0.809	-0.441	-0.426	-0.414	+0.511	-0.409	-0.416	-0.620	-0.653	-0.758	-0.436	-0.639	-0.775	-0.546	-0.515	+0.334	-0.544	-0.532	-0.587	-0.760	-0.584	-0.571	-0.751	-0.542	-0.716	-0.545	-0.577	-0.437	-0.579	-0.498	-0.471	-0.565	+0.233	-0.455	-0.399	-0.739	-0.475	-0.457	-0.737	-0.802	+0.212	-0.477	-0.512	-0.479	-0.478	-0.478	-0.479	-0.802	-0.696	-0.479	-0.479	+0.193	-0.495	-0.648	-0.658	-0.762	-0.471	-0.743	-0.399	-0.748	-0.744	-0.277	-0.471	-0.743	-0.748	-0.414	-0.746	-0.660	-0.278	-0.752	-0.743	+0.120	-0.310	-0.457	-0.752	-0.459	-0.754	+0.132	-0.528	-0.509	-0.752	-0.469	+0.344	+0.166	
rs6979737      -0.573	-0.541	-0.572	-0.573	-0.573	-0.541	-0.541	-0.573	-0.595	-0.245	-0.571	-0.595	-0.542	-0.550	-0.573	-0.573	-0.572	-0.289	-0.222	-0.340	-0.386	-0.586	-0.470	-0.573	-0.575	-0.573	-0.574	-0.412	-0.416	-0.577	-0.524	-0.578	-0.582	-0.580	-0.578	-0.577	-0.576	-0.578	-0.577	-0.486	-0.576	-0.573	-0.355	-0.562	-0.571	-0.561	-0.560	-0.453	-0.541	-0.531	-0.549	-0.549	-0.537	-0.541	-0.602	-0.599	-0.598	-0.518	-0.513	-0.457	-0.453	-0.452	-0.450	-0.434	-0.320	-0.351	-0.493	-0.198	-0.433	-0.624	-0.436	-0.693	-0.616	-0.552	-0.504	-0.688	-0.686	-0.732	-0.452	-0.539	-0.732	-0.578	-0.687	-0.555	-0.702	-0.701	-0.691	-0.427	-0.703	-0.458	-0.627	-0.703	-0.625	-0.703	-0.702	-0.405	-0.328	-0.577	-0.730	-0.391	-0.414	-0.733	-0.731	-0.371	-0.356	-0.344	+0.459	-0.340	-0.347	-0.605	-0.628	-0.698	-0.367	-0.538	-0.700	-0.485	-0.454	+0.320	-0.483	-0.472	-0.524	-0.699	-0.521	-0.508	-0.695	-0.459	-0.677	-0.462	-0.504	-0.361	-0.474	-0.428	-0.401	-0.459	+0.211	-0.406	-0.356	-0.679	-0.403	-0.386	-0.677	-0.727	+0.356	-0.406	-0.439	-0.407	-0.406	-0.406	-0.407	-0.727	-0.618	-0.407	-0.407	+0.332	-0.411	-0.586	-0.594	-0.690	-0.399	-0.682	-0.340	-0.686	-0.683	-0.208	-0.398	-0.682	-0.686	-0.355	-0.684	-0.586	-0.209	-0.688	-0.682	+0.255	-0.241	-0.386	-0.689	-0.387	-0.681	+0.267	-0.451	-0.431	-0.689	-0.408	+0.523	+0.304	
rs11768357     -0.583	-0.551	-0.582	-0.583	-0.583	-0.551	-0.550	-0.583	-0.605	-0.258	-0.581	-0.605	-0.551	-0.562	-0.583	-0.583	-0.582	-0.301	-0.340	-0.233	-0.392	-0.595	-0.481	-0.584	-0.585	-0.583	-0.585	-0.422	-0.426	-0.588	-0.534	-0.589	-0.593	-0.591	-0.588	-0.587	-0.587	-0.588	-0.587	-0.497	-0.587	-0.584	-0.365	-0.572	-0.581	-0.571	-0.571	-0.464	-0.552	-0.541	-0.560	-0.559	-0.548	-0.552	-0.612	-0.610	-0.609	-0.529	-0.523	-0.468	-0.464	-0.464	-0.462	-0.445	-0.332	-0.362	-0.504	-0.208	-0.442	-0.635	-0.445	-0.704	-0.627	-0.563	-0.515	-0.698	-0.697	-0.742	-0.462	-0.550	-0.742	-0.588	-0.698	-0.566	-0.712	-0.711	-0.701	-0.438	-0.713	-0.469	-0.638	-0.713	-0.635	-0.714	-0.713	-0.416	-0.339	-0.588	-0.741	-0.401	-0.424	-0.743	-0.741	-0.381	-0.366	-0.355	+0.448	-0.351	-0.357	-0.616	-0.638	-0.709	-0.377	-0.548	-0.710	-0.496	-0.464	+0.310	-0.494	-0.483	-0.534	-0.709	-0.531	-0.518	-0.705	-0.470	-0.687	-0.472	-0.514	-0.371	-0.485	-0.438	-0.411	-0.470	+0.201	-0.417	-0.366	-0.689	-0.414	-0.396	-0.687	-0.738	+0.344	-0.416	-0.450	-0.417	-0.417	-0.417	-0.417	-0.737	-0.629	-0.417	-0.417	+0.321	-0.421	-0.596	-0.604	-0.700	-0.410	-0.693	-0.350	-0.697	-0.694	-0.219	-0.409	-0.693	-0.696	-0.366	-0.695	-0.596	-0.219	-0.698	-0.693	+0.244	-0.252	-0.396	-0.700	-0.398	-0.691	+0.256	-0.461	-0.442	-0.699	-0.418	+0.511	+0.292	
rs6949736      -0.586	-0.548	-0.585	-0.586	-0.586	-0.548	-0.548	-0.586	-0.607	-0.263	-0.585	-0.608	-0.548	-0.573	-0.586	-0.587	-0.585	-0.302	-0.386	-0.392	-0.235	-0.597	-0.484	-0.587	-0.588	-0.586	-0.588	-0.425	-0.429	-0.591	-0.537	-0.592	-0.595	-0.594	-0.591	-0.590	-0.590	-0.591	-0.590	-0.500	-0.590	-0.587	-0.369	-0.575	-0.584	-0.574	-0.574	-0.467	-0.555	-0.545	-0.563	-0.560	-0.551	-0.555	-0.616	-0.613	-0.612	-0.530	-0.524	-0.473	-0.469	-0.469	-0.467	-0.450	-0.338	-0.368	-0.508	-0.210	-0.444	-0.638	-0.443	-0.705	-0.629	-0.566	-0.520	-0.699	-0.698	-0.744	-0.464	-0.556	-0.744	-0.593	-0.699	-0.570	-0.713	-0.713	-0.702	-0.446	-0.715	-0.476	-0.641	-0.715	-0.639	-0.715	-0.714	-0.420	-0.350	-0.593	-0.741	-0.404	-0.433	-0.745	-0.742	-0.384	-0.369	-0.357	+0.448	-0.353	-0.360	-0.617	-0.639	-0.710	-0.380	-0.555	-0.712	-0.500	-0.466	+0.308	-0.499	-0.488	-0.539	-0.711	-0.536	-0.523	-0.707	-0.475	-0.689	-0.478	-0.519	-0.377	-0.491	-0.440	-0.414	-0.476	+0.199	-0.416	-0.365	-0.691	-0.416	-0.399	-0.689	-0.739	+0.340	-0.418	-0.452	-0.420	-0.419	-0.419	-0.419	-0.738	-0.633	-0.420	-0.419	+0.317	-0.427	-0.600	-0.608	-0.702	-0.412	-0.694	-0.357	-0.698	-0.695	-0.226	-0.411	-0.694	-0.698	-0.372	-0.696	-0.597	-0.226	-0.699	-0.694	+0.240	-0.258	-0.398	-0.701	-0.400	-0.693	+0.252	-0.466	-0.447	-0.700	-0.424	+0.507	+0.289	
rs17712671     -0.733	-0.668	-0.732	-0.733	-0.733	-0.668	-0.667	-0.733	-0.769	-0.619	-0.731	-0.772	-0.667	-0.746	-0.732	-0.732	-0.731	-0.379	-0.586	-0.595	-0.597	-0.456	-0.747	-0.829	-0.830	-0.829	-0.830	-0.612	-0.616	-0.832	-0.788	-0.833	-0.836	-0.835	-0.833	-0.832	-0.832	-0.833	-0.832	-0.758	-0.831	-0.829	-0.611	-0.819	-0.826	-0.818	-0.818	-0.730	-0.802	-0.793	-0.809	-0.771	-0.799	-0.802	-0.864	-0.859	-0.858	-0.758	-0.754	-0.768	-0.765	-0.765	-0.763	-0.751	-0.667	-0.692	-0.770	-0.395	-0.625	-0.856	-0.617	-0.919	-0.845	-0.805	-0.773	-0.914	-0.913	-0.959	-0.679	-0.801	-0.960	-0.836	-0.914	-0.814	-0.929	-0.929	-0.918	-0.666	-0.931	-0.691	-0.864	-0.931	-0.862	-0.931	-0.931	-0.661	-0.568	-0.822	-0.959	-0.617	-0.674	-0.960	-0.960	-0.596	-0.581	-0.569	+0.267	-0.565	-0.571	-0.817	-0.844	-0.924	-0.592	-0.790	-0.930	-0.728	-0.674	+0.106	-0.726	-0.715	-0.765	-0.925	-0.763	-0.750	-0.920	-0.712	-0.895	-0.714	-0.745	-0.621	-0.746	-0.653	-0.626	-0.733	+0.013	-0.628	-0.577	-0.910	-0.631	-0.613	-0.908	-0.953	+0.076	-0.633	-0.668	-0.634	-0.634	-0.634	-0.634	-0.953	-0.856	-0.634	-0.634	+0.055	-0.676	-0.825	-0.834	-0.918	-0.627	-0.913	-0.583	-0.917	-0.914	-0.474	-0.626	-0.913	-0.916	-0.598	-0.915	-0.820	-0.475	-0.918	-0.913	-0.018	-0.506	-0.613	-0.919	-0.615	-0.909	-0.006	-0.702	-0.683	-0.919	-0.649	+0.215	+0.028	
rs6974064      -0.755	-0.679	-0.753	-0.755	-0.756	-0.679	-0.679	-0.753	-0.764	-0.575	-0.758	-0.769	-0.658	-0.645	-0.754	-0.755	-0.751	-0.590	-0.470	-0.481	-0.484	-0.747	-0.410	-0.708	-0.708	-0.708	-0.708	-0.598	-0.602	-0.709	-0.567	-0.709	-0.709	-0.709	-0.709	-0.709	-0.709	-0.709	-0.709	-0.565	-0.709	-0.709	-0.498	-0.710	-0.713	-0.710	-0.711	-0.562	-0.706	-0.701	-0.710	-0.727	-0.706	-0.709	-0.827	-0.822	-0.821	-0.704	-0.698	-0.751	-0.749	-0.748	-0.747	-0.737	-0.664	-0.685	-0.705	-0.307	-0.540	-0.818	-0.533	-0.878	-0.804	-0.780	-0.767	-0.862	-0.860	-0.914	-0.635	-0.799	-0.915	-0.820	-0.862	-0.802	-0.880	-0.884	-0.870	-0.640	-0.884	-0.662	-0.826	-0.884	-0.825	-0.885	-0.887	-0.664	-0.549	-0.790	-0.919	-0.572	-0.654	-0.907	-0.919	-0.551	-0.535	-0.523	+0.308	-0.519	-0.525	-0.745	-0.777	-0.873	-0.546	-0.760	-0.887	-0.705	-0.622	+0.156	-0.703	-0.693	-0.740	-0.874	-0.737	-0.725	-0.866	-0.691	-0.829	-0.694	-0.722	-0.600	-0.723	-0.609	-0.581	-0.711	+0.053	-0.520	-0.461	-0.855	-0.586	-0.568	-0.853	-0.909	+0.136	-0.588	-0.624	-0.589	-0.589	-0.589	-0.589	-0.908	-0.818	-0.589	-0.589	+0.116	-0.638	-0.785	-0.794	-0.875	-0.582	-0.859	-0.544	-0.864	-0.860	-0.437	-0.581	-0.859	-0.863	-0.559	-0.861	-0.776	-0.438	-0.867	-0.859	+0.040	-0.469	-0.568	-0.867	-0.570	-0.857	+0.052	-0.668	-0.649	-0.867	-0.611	+0.278	+0.087	
rs4145715      -0.841	-0.760	-0.839	-0.841	-0.842	-0.760	-0.760	-0.838	-0.850	-0.682	-0.845	-0.855	-0.742	-0.739	-0.840	-0.841	-0.837	-0.677	-0.573	-0.584	-0.587	-0.829	-0.708	-0.506	-0.631	-0.631	-0.631	-0.673	-0.677	-0.633	-0.744	-0.634	-0.635	-0.635	-0.636	-0.635	-0.635	-0.636	-0.637	-0.714	-0.637	-0.636	-0.586	-0.641	-0.652	-0.641	-0.647	-0.688	-0.633	-0.620	-0.647	-0.769	-0.634	-0.643	-0.911	-0.905	-0.904	-0.765	-0.758	-0.829	-0.826	-0.825	-0.824	-0.813	-0.735	-0.757	-0.805	-0.396	-0.632	-0.906	-0.624	-0.965	-0.892	-0.863	-0.846	-0.953	-0.951	-1.002	-0.733	-0.881	-1.003	-0.902	-0.953	-0.883	-0.969	-0.973	-0.959	-0.733	-0.974	-0.754	-0.914	-0.973	-0.913	-0.974	-0.975	-0.742	-0.645	-0.879	-1.005	-0.675	-0.742	-0.996	-1.005	-0.656	-0.641	-0.629	+0.223	-0.625	-0.632	-0.840	-0.867	-0.961	-0.651	-0.849	-0.975	-0.789	-0.716	+0.062	-0.787	-0.777	-0.824	-0.963	-0.822	-0.810	-0.955	-0.778	-0.927	-0.781	-0.809	-0.686	-0.810	-0.709	-0.684	-0.797	-0.032	-0.636	-0.580	-0.944	-0.687	-0.671	-0.941	-0.997	+0.002	-0.690	-0.722	-0.691	-0.691	-0.691	-0.691	-0.996	-0.910	-0.691	-0.691	-0.018	-0.732	-0.876	-0.885	-0.962	-0.684	-0.948	-0.639	-0.952	-0.949	-0.532	-0.683	-0.947	-0.951	-0.654	-0.950	-0.859	-0.533	-0.955	-0.947	-0.090	-0.564	-0.671	-0.956	-0.672	-0.944	-0.078	-0.761	-0.743	-0.955	-0.705	+0.139	-0.044	
rs4145714      -0.842	-0.761	-0.840	-0.842	-0.844	-0.761	-0.761	-0.840	-0.851	-0.683	-0.847	-0.857	-0.744	-0.741	-0.841	-0.843	-0.838	-0.678	-0.575	-0.585	-0.588	-0.830	-0.708	-0.631	-0.508	-0.631	-0.632	-0.674	-0.678	-0.634	-0.745	-0.635	-0.636	-0.637	-0.637	-0.636	-0.636	-0.637	-0.638	-0.714	-0.638	-0.637	-0.586	-0.641	-0.652	-0.641	-0.647	-0.688	-0.632	-0.618	-0.646	-0.770	-0.632	-0.642	-0.912	-0.906	-0.905	-0.767	-0.759	-0.830	-0.827	-0.826	-0.825	-0.814	-0.736	-0.758	-0.806	-0.398	-0.634	-0.907	-0.626	-0.967	-0.893	-0.865	-0.847	-0.954	-0.952	-1.004	-0.734	-0.883	-1.005	-0.903	-0.954	-0.884	-0.971	-0.974	-0.961	-0.735	-0.975	-0.756	-0.916	-0.975	-0.914	-0.976	-0.977	-0.743	-0.646	-0.880	-1.006	-0.677	-0.744	-0.998	-1.006	-0.657	-0.642	-0.631	+0.222	-0.627	-0.633	-0.842	-0.869	-0.963	-0.652	-0.850	-0.976	-0.790	-0.717	+0.061	-0.788	-0.778	-0.826	-0.964	-0.823	-0.811	-0.957	-0.779	-0.929	-0.782	-0.811	-0.687	-0.811	-0.710	-0.685	-0.798	-0.034	-0.638	-0.581	-0.945	-0.689	-0.672	-0.943	-0.998	+0.000	-0.691	-0.724	-0.692	-0.692	-0.692	-0.692	-0.997	-0.911	-0.692	-0.692	-0.019	-0.733	-0.877	-0.886	-0.964	-0.685	-0.949	-0.641	-0.954	-0.950	-0.533	-0.684	-0.949	-0.953	-0.655	-0.951	-0.861	-0.535	-0.957	-0.949	-0.091	-0.565	-0.672	-0.957	-0.674	-0.945	-0.079	-0.762	-0.744	-0.957	-0.706	+0.137	-0.046	
rs4342545      -0.841	-0.760	-0.839	-0.841	-0.842	-0.760	-0.759	-0.838	-0.850	-0.681	-0.845	-0.855	-0.742	-0.739	-0.840	-0.841	-0.837	-0.677	-0.573	-0.583	-0.586	-0.829	-0.708	-0.631	-0.631	-0.506	-0.631	-0.673	-0.677	-0.632	-0.744	-0.633	-0.634	-0.634	-0.635	-0.634	-0.634	-0.635	-0.636	-0.714	-0.636	-0.635	-0.586	-0.641	-0.651	-0.641	-0.647	-0.688	-0.633	-0.620	-0.647	-0.769	-0.633	-0.643	-0.910	-0.905	-0.904	-0.765	-0.757	-0.828	-0.826	-0.825	-0.824	-0.813	-0.735	-0.757	-0.805	-0.396	-0.632	-0.906	-0.624	-0.965	-0.892	-0.863	-0.846	-0.952	-0.951	-1.002	-0.733	-0.881	-1.003	-0.902	-0.952	-0.882	-0.969	-0.973	-0.959	-0.733	-0.973	-0.754	-0.914	-0.973	-0.913	-0.974	-0.975	-0.742	-0.645	-0.878	-1.005	-0.675	-0.742	-0.996	-1.005	-0.656	-0.641	-0.629	+0.223	-0.625	-0.632	-0.840	-0.867	-0.961	-0.651	-0.849	-0.975	-0.789	-0.716	+0.062	-0.787	-0.777	-0.824	-0.963	-0.822	-0.810	-0.955	-0.778	-0.927	-0.781	-0.809	-0.686	-0.810	-0.709	-0.683	-0.797	-0.032	-0.636	-0.579	-0.943	-0.687	-0.671	-0.941	-0.997	+0.002	-0.690	-0.722	-0.691	-0.690	-0.690	-0.691	-0.996	-0.910	-0.691	-0.691	-0.017	-0.732	-0.876	-0.885	-0.962	-0.684	-0.948	-0.639	-0.952	-0.949	-0.532	-0.683	-0.947	-0.951	-0.654	-0.950	-0.859	-0.533	-0.955	-0.947	-0.090	-0.564	-0.671	-0.956	-0.672	-0.944	-0.078	-0.761	-0.743	-0.955	-0.704	+0.139	-0.044	
rs11972317     -0.842	-0.761	-0.840	-0.842	-0.843	-0.761	-0.761	-0.840	-0.851	-0.683	-0.846	-0.856	-0.743	-0.740	-0.841	-0.842	-0.838	-0.678	-0.574	-0.585	-0.588	-0.830	-0.708	-0.631	-0.632	-0.631	-0.507	-0.674	-0.678	-0.633	-0.745	-0.634	-0.635	-0.636	-0.635	-0.635	-0.635	-0.636	-0.637	-0.714	-0.637	-0.636	-0.586	-0.640	-0.651	-0.640	-0.647	-0.688	-0.632	-0.618	-0.646	-0.770	-0.632	-0.642	-0.911	-0.906	-0.905	-0.766	-0.759	-0.829	-0.827	-0.826	-0.825	-0.813	-0.736	-0.758	-0.806	-0.398	-0.633	-0.907	-0.625	-0.967	-0.893	-0.864	-0.847	-0.954	-0.952	-1.003	-0.734	-0.882	-1.005	-0.903	-0.954	-0.884	-0.971	-0.974	-0.960	-0.734	-0.975	-0.755	-0.915	-0.974	-0.914	-0.975	-0.977	-0.743	-0.646	-0.880	-1.006	-0.676	-0.743	-0.997	-1.006	-0.657	-0.642	-0.630	+0.222	-0.626	-0.633	-0.841	-0.868	-0.962	-0.652	-0.850	-0.976	-0.790	-0.717	+0.061	-0.788	-0.778	-0.825	-0.964	-0.823	-0.811	-0.956	-0.779	-0.929	-0.782	-0.810	-0.687	-0.811	-0.710	-0.685	-0.798	-0.033	-0.637	-0.581	-0.945	-0.688	-0.672	-0.943	-0.998	+0.001	-0.691	-0.723	-0.692	-0.692	-0.692	-0.692	-0.997	-0.911	-0.692	-0.692	-0.019	-0.733	-0.877	-0.886	-0.963	-0.685	-0.949	-0.640	-0.953	-0.950	-0.533	-0.684	-0.948	-0.953	-0.655	-0.951	-0.860	-0.534	-0.956	-0.948	-0.091	-0.565	-0.672	-0.957	-0.673	-0.945	-0.079	-0.762	-0.744	-0.956	-0.706	+0.138	-0.045	
rs74546969     -0.634	-0.539	-0.632	-0.634	-0.636	-0.540	-0.539	-0.631	-0.646	-0.492	-0.640	-0.652	-0.529	-0.560	-0.632	-0.635	-0.629	-0.471	-0.412	-0.422	-0.425	-0.612	-0.598	-0.673	-0.674	-0.673	-0.674	-0.282	-0.378	-0.675	-0.638	-0.676	-0.677	-0.676	-0.675	-0.675	-0.675	-0.675	-0.675	-0.610	-0.675	-0.673	-0.462	-0.669	-0.673	-0.668	-0.668	-0.583	-0.658	-0.652	-0.663	-0.596	-0.656	-0.659	-0.689	-0.683	-0.681	-0.478	-0.465	-0.594	-0.590	-0.590	-0.588	-0.574	-0.483	-0.510	-0.618	-0.178	-0.435	-0.709	-0.445	-0.770	-0.695	-0.656	-0.629	-0.762	-0.760	-0.811	-0.539	-0.677	-0.811	-0.690	-0.762	-0.669	-0.778	-0.779	-0.767	-0.538	-0.780	-0.558	-0.717	-0.780	-0.715	-0.781	-0.782	-0.537	-0.448	-0.680	-0.809	-0.488	-0.539	-0.810	-0.810	-0.469	-0.455	-0.444	+0.468	-0.440	-0.446	-0.656	-0.680	-0.770	-0.464	-0.649	-0.781	-0.578	-0.520	+0.299	-0.576	-0.565	-0.615	-0.771	-0.613	-0.600	-0.765	-0.573	-0.746	-0.575	-0.605	-0.475	-0.605	-0.519	-0.495	-0.592	+0.204	-0.488	-0.436	-0.755	-0.498	-0.483	-0.753	-0.803	+0.196	-0.500	-0.530	-0.501	-0.501	-0.501	-0.501	-0.802	-0.715	-0.501	-0.501	+0.177	-0.535	-0.681	-0.689	-0.768	-0.494	-0.759	-0.442	-0.763	-0.760	-0.335	-0.494	-0.758	-0.762	-0.457	-0.761	-0.654	-0.336	-0.765	-0.758	+0.104	-0.366	-0.482	-0.766	-0.484	-0.757	+0.117	-0.567	-0.548	-0.765	-0.508	+0.333	+0.151	
rs115743493    -0.639	-0.544	-0.636	-0.639	-0.640	-0.544	-0.543	-0.636	-0.650	-0.496	-0.645	-0.656	-0.533	-0.565	-0.637	-0.639	-0.634	-0.475	-0.416	-0.426	-0.429	-0.616	-0.602	-0.677	-0.678	-0.677	-0.678	-0.378	-0.287	-0.679	-0.643	-0.679	-0.681	-0.680	-0.679	-0.679	-0.679	-0.679	-0.679	-0.614	-0.679	-0.677	-0.466	-0.672	-0.677	-0.672	-0.671	-0.587	-0.662	-0.656	-0.666	-0.601	-0.660	-0.662	-0.694	-0.687	-0.686	-0.485	-0.472	-0.598	-0.595	-0.595	-0.593	-0.579	-0.488	-0.514	-0.623	-0.184	-0.440	-0.714	-0.450	-0.775	-0.699	-0.660	-0.634	-0.766	-0.765	-0.815	-0.543	-0.681	-0.816	-0.695	-0.766	-0.673	-0.782	-0.784	-0.771	-0.543	-0.785	-0.563	-0.721	-0.785	-0.720	-0.785	-0.786	-0.541	-0.452	-0.684	-0.814	-0.492	-0.544	-0.814	-0.814	-0.473	-0.459	-0.448	+0.463	-0.444	-0.450	-0.661	-0.684	-0.774	-0.468	-0.654	-0.785	-0.582	-0.524	+0.294	-0.580	-0.569	-0.619	-0.776	-0.617	-0.604	-0.769	-0.577	-0.751	-0.580	-0.609	-0.480	-0.609	-0.523	-0.499	-0.596	+0.199	-0.492	-0.440	-0.759	-0.502	-0.487	-0.757	-0.807	+0.192	-0.504	-0.535	-0.505	-0.505	-0.505	-0.505	-0.806	-0.719	-0.505	-0.505	+0.172	-0.540	-0.685	-0.694	-0.772	-0.498	-0.763	-0.446	-0.767	-0.764	-0.339	-0.498	-0.763	-0.766	-0.461	-0.765	-0.659	-0.340	-0.769	-0.763	+0.100	-0.370	-0.486	-0.770	-0.488	-0.761	+0.112	-0.571	-0.552	-0.770	-0.512	+0.328	+0.146	
