## Summary of overall evidence for association with region:
## log10(BF for region) = 18.0118
## p-value for region = NA

## BFs for choosing among multi-SNP models:
## log10(average 1-SNP BF) = 18.0762
## log10(average 2-SNP BF) = 17.8446

## Example posterior probabilities for multi-SNP models, based on default prior: [p(l) propto 0.5^l for l=1,2,...,L]
## posterior probability of 1-SNP = 0.773179
## posterior probability of 2-SNP = 0.226821

## log10(BF) for single SNP and pair of SNPs:
rs12905452     -0.541	+0.753	-0.624	-0.593	-0.558	-0.586	-0.712	-0.576	-0.619	-0.856	-0.694	-0.783	-0.698	-0.682	-0.693	-0.668	-0.731	-0.676	-0.679	-0.858	-0.528	-1.015	-0.475	-0.464	-0.276	-0.265	-0.265	-0.265	-0.208	-0.221	-0.256	-0.478	-0.563	-0.488	-0.509	-0.588	-0.551	-0.585	-0.580	-0.597	-0.774	-0.841	+10.062	+9.559	+4.131	+13.887	+8.223	+8.233	+8.320	+14.203	+14.731	+9.483	+8.263	+0.962	+1.006	+14.375	+1.032	+8.505	+1.060	+13.856	+15.251	+17.252	+17.704	+2.573	+2.464	+16.594	+17.355	+17.705	+2.650	+17.442	+2.551	+17.351	+2.616	+17.290	+2.513	+17.201	+2.521	+17.191	+2.459	+17.026	+17.180	+17.233	+17.244	+17.207	+2.673	+17.223	+17.344	+17.353	+17.652	+17.554	+0.953	+0.949	+0.915	+1.528	+3.361	+3.315	+1.294	+1.230	+1.229	+1.226	+17.967	+17.965	+17.958	+1.276	+1.253	+17.675	+17.719	+17.868	+17.929	+18.397	+18.116	+17.841	+17.837	+17.832	
rs953066       +0.753	+1.162	+0.655	+0.665	+0.677	+0.669	+0.685	+0.745	+1.286	+0.968	+1.512	+0.615	+1.515	+1.541	+1.516	+1.560	+0.619	+1.544	+1.538	+0.617	+1.796	+0.735	+1.880	+1.897	+2.176	+2.191	+2.191	+2.191	+2.278	+2.253	+2.203	+1.637	+1.635	+1.899	+1.526	+1.593	+1.794	+1.598	+1.605	+1.578	+1.273	+1.288	+10.268	+9.766	+4.776	+14.000	+8.885	+8.895	+8.974	+14.312	+14.862	+10.038	+8.957	+3.266	+3.317	+14.497	+3.346	+9.202	+2.997	+13.925	+15.340	+17.346	+17.791	+4.665	+4.547	+16.712	+17.452	+17.796	+4.749	+17.540	+4.644	+17.452	+4.715	+17.393	+4.606	+17.307	+4.615	+17.297	+4.537	+17.136	+17.286	+17.339	+17.349	+17.312	+4.776	+17.328	+17.446	+17.457	+17.754	+17.657	+3.216	+3.211	+3.170	+3.687	+5.391	+5.349	+3.518	+3.449	+3.446	+3.442	+18.097	+18.095	+18.088	+3.501	+3.369	+17.817	+17.860	+18.006	+18.060	+18.528	+18.252	+17.980	+17.976	+17.970	
rs1983332      -0.624	+0.655	-0.250	-0.347	-0.325	-0.353	-0.563	-0.493	-0.409	-0.591	-0.359	-0.493	-0.365	-0.346	-0.358	-0.331	-0.443	-0.339	-0.343	-0.572	-0.205	-0.732	-0.152	-0.141	+0.059	+0.070	+0.070	+0.070	+0.131	+0.117	+0.080	-0.161	-0.242	-0.156	-0.206	-0.268	-0.223	-0.265	-0.260	-0.279	-0.467	-0.524	+10.046	+9.566	+4.169	+13.873	+8.307	+8.317	+8.399	+14.188	+14.713	+9.470	+8.352	+1.322	+1.367	+14.361	+1.394	+8.591	+1.323	+13.880	+15.232	+17.234	+17.686	+2.895	+2.787	+16.577	+17.337	+17.687	+2.970	+17.424	+2.872	+17.333	+2.937	+17.272	+2.836	+17.183	+2.843	+17.173	+2.780	+17.009	+17.162	+17.215	+17.226	+17.189	+2.993	+17.205	+17.326	+17.335	+17.634	+17.536	+1.324	+1.320	+1.285	+1.788	+3.686	+3.641	+1.668	+1.605	+1.604	+1.598	+17.949	+17.947	+17.940	+1.649	+1.513	+17.657	+17.701	+17.850	+17.911	+18.379	+18.099	+17.824	+17.820	+17.814	
rs1516797      -0.593	+0.665	-0.347	-0.218	-0.319	-0.337	-0.539	-0.474	-0.382	-0.562	-0.327	-0.463	-0.333	-0.314	-0.326	-0.299	-0.412	-0.307	-0.311	-0.542	-0.174	-0.701	-0.121	-0.109	+0.092	+0.103	+0.103	+0.102	+0.163	+0.149	+0.111	-0.130	-0.211	-0.125	-0.176	-0.238	-0.192	-0.235	-0.229	-0.248	-0.437	-0.493	+10.050	+9.574	+4.182	+13.878	+8.322	+8.332	+8.414	+14.193	+14.714	+9.474	+8.367	+1.350	+1.395	+14.366	+1.422	+8.606	+1.347	+13.873	+15.234	+17.235	+17.687	+2.922	+2.814	+16.578	+17.338	+17.688	+2.996	+17.425	+2.898	+17.334	+2.963	+17.273	+2.862	+17.184	+2.869	+17.174	+2.806	+17.010	+17.163	+17.217	+17.227	+17.190	+3.019	+17.206	+17.327	+17.337	+17.635	+17.537	+1.352	+1.349	+1.313	+1.813	+3.714	+3.668	+1.698	+1.634	+1.635	+1.628	+17.951	+17.950	+17.942	+1.678	+1.538	+17.659	+17.704	+17.853	+17.913	+18.382	+18.102	+17.826	+17.822	+17.817	
rs6496527      -0.558	+0.677	-0.325	-0.319	-0.183	-0.320	-0.511	-0.453	-0.350	-0.528	-0.290	-0.428	-0.296	-0.277	-0.289	-0.261	-0.378	-0.270	-0.273	-0.508	-0.137	-0.668	-0.084	-0.073	+0.130	+0.141	+0.141	+0.141	+0.202	+0.188	+0.150	-0.092	-0.174	-0.087	-0.139	-0.201	-0.155	-0.198	-0.192	-0.211	-0.401	-0.458	+10.057	+9.587	+4.202	+13.886	+8.345	+8.356	+8.437	+14.202	+14.718	+9.482	+8.391	+1.389	+1.435	+14.375	+1.462	+8.630	+1.382	+13.863	+15.239	+17.238	+17.690	+2.960	+2.853	+16.581	+17.341	+17.690	+3.034	+17.428	+2.936	+17.337	+3.001	+17.276	+2.900	+17.187	+2.908	+17.177	+2.844	+17.014	+17.167	+17.220	+17.231	+17.194	+3.057	+17.210	+17.330	+17.340	+17.638	+17.540	+1.392	+1.388	+1.353	+1.849	+3.754	+3.708	+1.740	+1.675	+1.676	+1.669	+17.956	+17.955	+17.947	+1.720	+1.574	+17.665	+17.709	+17.858	+17.919	+18.388	+18.108	+17.831	+17.828	+17.822	
rs8042988      -0.586	+0.669	-0.353	-0.337	-0.320	-0.210	-0.532	-0.469	-0.376	-0.555	-0.320	-0.453	-0.326	-0.307	-0.319	-0.292	-0.402	-0.300	-0.304	-0.533	-0.167	-0.693	-0.114	-0.103	+0.098	+0.109	+0.109	+0.109	+0.170	+0.156	+0.118	-0.124	-0.205	-0.118	-0.170	-0.231	-0.185	-0.228	-0.223	-0.241	-0.430	-0.486	+10.052	+9.577	+4.185	+13.880	+8.325	+8.335	+8.417	+14.195	+14.716	+9.476	+8.370	+1.354	+1.400	+14.368	+1.427	+8.610	+1.350	+13.875	+15.236	+17.237	+17.689	+2.926	+2.818	+16.580	+17.340	+17.690	+3.000	+17.427	+2.902	+17.336	+2.967	+17.275	+2.866	+17.186	+2.873	+17.176	+2.810	+17.012	+17.165	+17.218	+17.229	+17.192	+3.023	+17.208	+17.329	+17.338	+17.637	+17.539	+1.357	+1.353	+1.318	+1.816	+3.718	+3.673	+1.703	+1.639	+1.640	+1.633	+17.953	+17.952	+17.944	+1.683	+1.542	+17.661	+17.706	+17.855	+17.915	+18.384	+18.104	+17.828	+17.824	+17.819	
rs1879529      -0.712	+0.685	-0.563	-0.539	-0.511	-0.532	-0.314	-0.358	-0.461	-0.672	-0.438	-0.525	-0.444	-0.425	-0.437	-0.410	-0.470	-0.418	-0.422	-0.611	-0.311	-0.785	-0.259	-0.248	-0.018	-0.008	-0.008	-0.008	+0.051	+0.038	+0.001	-0.142	-0.318	-0.268	-0.197	-0.345	-0.332	-0.342	-0.336	-0.354	-0.539	-0.618	+10.185	+9.617	+4.171	+14.001	+8.253	+8.264	+8.351	+14.319	+14.904	+9.592	+8.293	+1.181	+1.225	+14.494	+1.251	+8.535	+1.354	+14.151	+15.426	+17.453	+17.899	+2.757	+2.649	+16.794	+17.554	+17.908	+2.833	+17.640	+2.735	+17.546	+2.800	+17.483	+2.700	+17.391	+2.707	+17.380	+2.643	+17.213	+17.369	+17.423	+17.434	+17.396	+2.857	+17.412	+17.535	+17.545	+17.844	+17.744	+1.181	+1.178	+1.144	+1.767	+3.569	+3.524	+1.541	+1.477	+1.477	+1.472	+18.129	+18.128	+18.120	+1.522	+1.490	+17.831	+17.876	+18.025	+18.090	+18.546	+18.268	+17.998	+17.994	+17.989	
rs3817428      -0.576	+0.745	-0.493	-0.474	-0.453	-0.469	-0.358	-0.168	-0.348	-0.547	-0.303	-0.354	-0.305	-0.290	-0.301	-0.275	-0.296	-0.283	-0.286	-0.446	-0.193	-0.636	-0.142	-0.131	+0.109	+0.120	+0.120	+0.119	+0.178	+0.164	+0.129	+0.019	-0.188	-0.146	-0.045	-0.213	-0.209	-0.210	-0.205	-0.223	-0.407	-0.489	+10.162	+9.609	+4.220	+13.980	+8.264	+8.275	+8.360	+14.298	+14.876	+9.568	+8.304	+1.296	+1.340	+14.473	+1.366	+8.545	+1.492	+14.110	+15.397	+17.438	+17.884	+2.866	+2.758	+16.778	+17.537	+17.890	+2.943	+17.623	+2.845	+17.528	+2.911	+17.465	+2.811	+17.373	+2.817	+17.363	+2.754	+17.196	+17.351	+17.405	+17.417	+17.379	+2.967	+17.395	+17.518	+17.527	+17.828	+17.728	+1.300	+1.296	+1.263	+1.888	+3.682	+3.638	+1.660	+1.600	+1.597	+1.593	+18.111	+18.109	+18.101	+1.644	+1.612	+17.807	+17.852	+18.006	+18.071	+18.528	+18.249	+17.978	+17.974	+17.969	
rs875024       -0.619	+1.286	-0.409	-0.382	-0.350	-0.376	-0.461	-0.348	-0.182	-0.438	-0.481	-0.105	-0.484	-0.472	-0.480	-0.462	-0.015	-0.468	-0.470	-0.235	-0.345	-0.569	-0.298	-0.288	-0.122	-0.112	-0.112	-0.112	-0.057	-0.069	-0.103	-0.283	-0.378	-0.307	-0.309	-0.398	-0.362	-0.396	-0.392	-0.406	-0.537	-0.578	+10.188	+9.718	+4.339	+14.038	+8.382	+8.392	+8.478	+14.354	+14.871	+9.634	+8.423	+1.147	+1.191	+14.527	+1.217	+8.666	+1.240	+13.988	+15.402	+17.403	+17.856	+2.756	+2.649	+16.752	+17.508	+17.861	+2.833	+17.598	+2.736	+17.508	+2.800	+17.447	+2.700	+17.358	+2.706	+17.349	+2.658	+17.183	+17.338	+17.391	+17.402	+17.365	+2.855	+17.381	+17.501	+17.511	+17.807	+17.710	+1.156	+1.152	+1.119	+1.704	+3.550	+3.505	+1.498	+1.434	+1.435	+1.432	+18.127	+18.126	+18.118	+1.481	+1.435	+17.835	+17.880	+18.028	+18.090	+18.555	+18.276	+18.002	+17.998	+17.993	
rs7179459      -0.856	+0.968	-0.591	-0.562	-0.528	-0.555	-0.672	-0.547	-0.438	-0.446	-0.564	-0.445	-0.571	-0.549	-0.562	-0.534	-0.362	-0.543	-0.547	-0.561	-0.420	-0.844	-0.363	-0.351	-0.078	-0.064	-0.064	-0.064	+0.010	-0.007	-0.052	-0.426	-0.451	-0.386	-0.456	-0.479	-0.455	-0.476	-0.471	-0.490	-0.682	-0.768	+10.269	+9.663	+4.232	+14.004	+8.326	+8.337	+8.424	+14.321	+14.875	+9.593	+8.365	+1.040	+1.085	+14.494	+1.112	+8.606	+1.125	+14.027	+15.376	+17.382	+17.831	+2.653	+2.544	+16.714	+17.482	+17.828	+2.730	+17.565	+2.630	+17.472	+2.696	+17.411	+2.592	+17.321	+2.600	+17.311	+2.532	+17.148	+17.299	+17.353	+17.364	+17.326	+2.753	+17.343	+17.464	+17.474	+17.776	+17.677	+1.025	+1.021	+0.987	+1.597	+3.448	+3.400	+1.365	+1.301	+1.300	+1.297	+18.084	+18.083	+18.075	+1.347	+1.319	+17.790	+17.835	+17.985	+18.046	+18.516	+18.234	+17.958	+17.954	+17.949	
rs939590       -0.694	+1.512	-0.359	-0.327	-0.290	-0.320	-0.438	-0.303	-0.481	-0.564	-0.257	+0.469	-0.390	-0.371	-0.374	-0.357	+0.632	-0.370	-0.375	+0.242	-0.389	-0.408	-0.343	-0.333	+0.025	+0.044	+0.043	+0.043	+0.143	+0.118	+0.060	-0.372	-0.401	-0.364	-0.399	-0.424	-0.421	-0.421	-0.417	-0.432	-0.548	-0.633	+10.169	+9.591	+4.199	+13.946	+8.264	+8.274	+8.359	+14.264	+14.809	+9.519	+8.302	+1.008	+1.052	+14.435	+1.079	+8.543	+1.101	+14.027	+15.328	+17.343	+17.795	+2.611	+2.501	+16.671	+17.443	+17.791	+2.688	+17.525	+2.588	+17.432	+2.654	+17.370	+2.550	+17.279	+2.557	+17.269	+2.490	+17.106	+17.257	+17.312	+17.322	+17.284	+2.711	+17.301	+17.422	+17.432	+17.737	+17.638	+0.996	+0.992	+0.958	+1.565	+3.410	+3.362	+1.333	+1.268	+1.268	+1.265	+18.045	+18.043	+18.036	+1.314	+1.290	+17.750	+17.795	+17.946	+18.006	+18.479	+18.196	+17.919	+17.915	+17.910	
rs939589       -0.783	+0.615	-0.493	-0.463	-0.428	-0.453	-0.525	-0.354	-0.105	-0.445	+0.469	-0.433	+0.447	+0.514	+0.475	+0.543	-0.520	+0.514	+0.502	-0.592	+1.323	-0.317	+1.458	+1.488	+1.174	+1.197	+1.197	+1.197	+1.329	+1.296	+1.208	+0.271	+0.423	+0.939	+0.191	+0.363	+0.776	+0.368	+0.379	+0.341	-0.068	-0.146	+10.636	+10.093	+4.502	+14.352	+8.991	+9.002	+9.078	+14.670	+15.315	+10.589	+9.058	+2.114	+2.170	+14.878	+2.207	+9.312	+1.918	+14.851	+15.772	+17.857	+18.290	+3.639	+3.512	+17.200	+17.954	+18.291	+3.719	+18.030	+3.603	+17.937	+3.678	+17.875	+3.555	+17.783	+3.566	+17.773	+3.461	+17.614	+17.760	+17.814	+17.825	+17.786	+3.739	+17.801	+17.923	+17.932	+18.245	+18.145	+1.979	+1.973	+1.927	+2.627	+4.513	+4.459	+2.388	+2.297	+2.303	+2.292	+18.499	+18.498	+18.490	+2.351	+2.217	+18.194	+18.238	+18.398	+18.461	+18.915	+18.639	+18.371	+18.367	+18.362	
rs17791430     -0.698	+1.515	-0.365	-0.333	-0.296	-0.326	-0.444	-0.305	-0.484	-0.571	-0.390	+0.447	-0.261	-0.380	-0.384	-0.366	+0.610	-0.378	-0.383	+0.224	-0.390	-0.418	-0.344	-0.333	+0.026	+0.044	+0.044	+0.044	+0.143	+0.118	+0.060	-0.373	-0.398	-0.362	-0.400	-0.422	-0.420	-0.419	-0.415	-0.430	-0.548	-0.636	+10.172	+9.593	+4.200	+13.948	+8.266	+8.276	+8.361	+14.266	+14.811	+9.521	+8.304	+1.009	+1.053	+14.438	+1.080	+8.545	+1.102	+14.033	+15.331	+17.347	+17.799	+2.614	+2.504	+16.674	+17.447	+17.795	+2.691	+17.529	+2.590	+17.435	+2.656	+17.373	+2.553	+17.282	+2.560	+17.272	+2.492	+17.109	+17.260	+17.315	+17.325	+17.288	+2.713	+17.304	+17.425	+17.435	+17.740	+17.641	+0.996	+0.993	+0.959	+1.565	+3.412	+3.364	+1.333	+1.269	+1.269	+1.266	+18.048	+18.046	+18.038	+1.315	+1.290	+17.754	+17.798	+17.950	+18.009	+18.483	+18.200	+17.922	+17.918	+17.913	
rs8025485      -0.682	+1.541	-0.346	-0.314	-0.277	-0.307	-0.425	-0.290	-0.472	-0.549	-0.371	+0.514	-0.380	-0.243	-0.364	-0.353	+0.683	-0.364	-0.368	+0.273	-0.386	-0.387	-0.341	-0.331	+0.014	+0.032	+0.031	+0.031	+0.128	+0.104	+0.047	-0.367	-0.397	-0.361	-0.393	-0.419	-0.417	-0.417	-0.413	-0.427	-0.536	-0.622	+10.166	+9.590	+4.205	+13.944	+8.262	+8.273	+8.357	+14.262	+14.807	+9.518	+8.300	+1.008	+1.052	+14.434	+1.079	+8.541	+1.102	+14.025	+15.326	+17.342	+17.794	+2.610	+2.500	+16.669	+17.442	+17.790	+2.687	+17.524	+2.587	+17.431	+2.652	+17.369	+2.549	+17.278	+2.556	+17.268	+2.490	+17.105	+17.256	+17.310	+17.321	+17.283	+2.709	+17.299	+17.421	+17.431	+17.735	+17.636	+0.997	+0.993	+0.960	+1.567	+3.407	+3.359	+1.333	+1.269	+1.269	+1.266	+18.044	+18.042	+18.034	+1.315	+1.293	+17.749	+17.794	+17.945	+18.005	+18.478	+18.195	+17.918	+17.914	+17.908	
rs7170845      -0.693	+1.516	-0.358	-0.326	-0.289	-0.319	-0.437	-0.301	-0.480	-0.562	-0.374	+0.475	-0.384	-0.364	-0.256	-0.346	+0.643	-0.360	-0.366	+0.251	-0.387	-0.403	-0.342	-0.331	+0.035	+0.054	+0.053	+0.053	+0.156	+0.129	+0.070	-0.371	-0.398	-0.362	-0.398	-0.421	-0.420	-0.419	-0.414	-0.430	-0.545	-0.631	+10.170	+9.592	+4.200	+13.947	+8.265	+8.275	+8.360	+14.265	+14.810	+9.520	+8.302	+1.008	+1.052	+14.436	+1.079	+8.543	+1.102	+14.029	+15.329	+17.345	+17.797	+2.612	+2.502	+16.672	+17.445	+17.793	+2.689	+17.527	+2.588	+17.434	+2.654	+17.372	+2.551	+17.281	+2.558	+17.270	+2.490	+17.108	+17.259	+17.313	+17.324	+17.286	+2.711	+17.302	+17.424	+17.434	+17.738	+17.639	+0.996	+0.992	+0.959	+1.565	+3.411	+3.363	+1.333	+1.269	+1.269	+1.266	+18.046	+18.045	+18.037	+1.315	+1.290	+17.752	+17.796	+17.947	+18.008	+18.481	+18.198	+17.920	+17.916	+17.911	
rs7170063      -0.668	+1.560	-0.331	-0.299	-0.261	-0.292	-0.410	-0.275	-0.462	-0.534	-0.357	+0.543	-0.366	-0.353	-0.346	-0.228	+0.717	-0.349	-0.353	+0.316	-0.381	-0.359	-0.337	-0.327	+0.009	+0.027	+0.027	+0.026	+0.122	+0.098	+0.042	-0.360	-0.391	-0.356	-0.386	-0.413	-0.411	-0.410	-0.406	-0.421	-0.523	-0.609	+10.160	+9.589	+4.213	+13.940	+8.261	+8.271	+8.356	+14.258	+14.801	+9.515	+8.298	+1.010	+1.054	+14.428	+1.080	+8.540	+1.104	+14.015	+15.319	+17.334	+17.786	+2.610	+2.501	+16.663	+17.435	+17.782	+2.687	+17.517	+2.587	+17.424	+2.652	+17.362	+2.549	+17.271	+2.557	+17.261	+2.491	+17.098	+17.249	+17.304	+17.314	+17.276	+2.709	+17.293	+17.414	+17.424	+17.728	+17.629	+1.000	+0.996	+0.962	+1.569	+3.406	+3.359	+1.335	+1.271	+1.271	+1.268	+18.037	+18.035	+18.027	+1.317	+1.296	+17.742	+17.787	+17.938	+17.998	+18.471	+18.188	+17.911	+17.907	+17.902	
rs4932440      -0.731	+0.619	-0.443	-0.412	-0.378	-0.402	-0.470	-0.296	-0.015	-0.362	+0.632	-0.520	+0.610	+0.683	+0.643	+0.717	-0.384	+0.688	+0.675	-0.437	+1.575	-0.067	+1.724	+1.756	+1.365	+1.389	+1.389	+1.389	+1.528	+1.493	+1.400	+0.384	+0.565	+1.131	+0.298	+0.502	+0.960	+0.507	+0.518	+0.478	+0.047	-0.030	+10.704	+10.159	+4.562	+14.417	+9.080	+9.090	+9.166	+14.734	+15.388	+10.688	+9.149	+2.252	+2.310	+14.946	+2.347	+9.404	+2.031	+14.944	+15.841	+17.936	+18.368	+3.767	+3.639	+17.279	+18.033	+18.369	+3.847	+18.108	+3.730	+18.015	+3.805	+17.952	+3.682	+17.861	+3.693	+17.851	+3.584	+17.692	+17.837	+17.891	+17.902	+17.863	+3.868	+17.879	+18.000	+18.009	+18.323	+18.223	+2.108	+2.102	+2.055	+2.758	+4.646	+4.590	+2.520	+2.426	+2.433	+2.420	+18.573	+18.572	+18.564	+2.481	+2.337	+18.267	+18.311	+18.472	+18.535	+18.988	+18.712	+18.445	+18.441	+18.435	
rs12917052     -0.676	+1.544	-0.339	-0.307	-0.270	-0.300	-0.418	-0.283	-0.468	-0.543	-0.370	+0.514	-0.378	-0.364	-0.360	-0.349	+0.688	-0.237	-0.347	+0.304	-0.382	-0.368	-0.337	-0.326	+0.032	+0.051	+0.051	+0.051	+0.152	+0.127	+0.068	-0.363	-0.391	-0.356	-0.389	-0.413	-0.412	-0.411	-0.406	-0.421	-0.527	-0.615	+10.163	+9.590	+4.210	+13.942	+8.262	+8.272	+8.357	+14.260	+14.804	+9.517	+8.299	+1.010	+1.054	+14.431	+1.080	+8.541	+1.103	+14.021	+15.323	+17.339	+17.791	+2.611	+2.502	+16.667	+17.439	+17.787	+2.688	+17.521	+2.588	+17.428	+2.654	+17.366	+2.550	+17.275	+2.558	+17.265	+2.491	+17.102	+17.253	+17.308	+17.318	+17.280	+2.710	+17.297	+17.418	+17.428	+17.732	+17.633	+0.999	+0.995	+0.961	+1.568	+3.409	+3.361	+1.335	+1.271	+1.271	+1.267	+18.041	+18.039	+18.032	+1.317	+1.294	+17.747	+17.791	+17.942	+18.003	+18.475	+18.192	+17.915	+17.911	+17.906	
rs3743395      -0.679	+1.538	-0.343	-0.311	-0.273	-0.304	-0.422	-0.286	-0.470	-0.547	-0.375	+0.502	-0.383	-0.368	-0.366	-0.353	+0.675	-0.347	-0.240	+0.295	-0.382	-0.373	-0.337	-0.327	+0.037	+0.056	+0.056	+0.056	+0.159	+0.133	+0.073	-0.364	-0.391	-0.357	-0.391	-0.414	-0.413	-0.411	-0.407	-0.422	-0.530	-0.618	+10.165	+9.590	+4.209	+13.943	+8.262	+8.273	+8.358	+14.261	+14.806	+9.518	+8.300	+1.010	+1.054	+14.432	+1.080	+8.541	+1.103	+14.024	+15.325	+17.340	+17.792	+2.612	+2.502	+16.669	+17.441	+17.788	+2.689	+17.523	+2.588	+17.430	+2.654	+17.368	+2.551	+17.277	+2.558	+17.266	+2.491	+17.104	+17.255	+17.309	+17.320	+17.282	+2.711	+17.298	+17.420	+17.430	+17.734	+17.635	+0.998	+0.995	+0.961	+1.568	+3.409	+3.362	+1.335	+1.271	+1.270	+1.267	+18.043	+18.041	+18.033	+1.317	+1.294	+17.748	+17.793	+17.944	+18.004	+18.477	+18.194	+17.917	+17.913	+17.908	
rs35522681     -0.858	+0.617	-0.572	-0.542	-0.508	-0.533	-0.611	-0.446	-0.235	-0.561	+0.242	-0.592	+0.224	+0.273	+0.251	+0.316	-0.437	+0.304	+0.295	-0.502	+1.081	-0.497	+1.227	+1.257	+0.975	+0.997	+0.997	+0.997	+1.125	+1.093	+1.008	+0.124	+0.257	+0.739	+0.050	+0.200	+0.583	+0.205	+0.216	+0.179	-0.209	-0.287	+10.533	+9.996	+4.404	+14.271	+8.879	+8.890	+8.967	+14.589	+15.232	+10.462	+8.946	+1.967	+2.024	+14.797	+2.059	+9.200	+1.782	+14.740	+15.690	+17.777	+18.214	+3.505	+3.379	+17.121	+17.875	+18.223	+3.592	+17.962	+3.476	+17.869	+3.551	+17.807	+3.429	+17.715	+3.440	+17.705	+3.337	+17.537	+17.692	+17.746	+17.757	+17.718	+3.613	+17.734	+17.856	+17.865	+18.176	+18.077	+1.846	+1.839	+1.794	+2.486	+4.378	+4.324	+2.249	+2.159	+2.165	+2.153	+18.430	+18.428	+18.420	+2.213	+2.083	+18.124	+18.168	+18.328	+18.391	+18.848	+18.570	+18.301	+18.297	+18.292	
rs8040072      -0.528	+1.796	-0.205	-0.174	-0.137	-0.167	-0.311	-0.193	-0.345	-0.420	-0.389	+1.323	-0.390	-0.386	-0.387	-0.381	+1.575	-0.382	-0.382	+1.081	-0.068	+0.514	-0.167	-0.157	-0.112	-0.101	-0.101	-0.101	-0.044	-0.057	-0.093	-0.284	-0.339	-0.274	-0.302	-0.352	-0.312	-0.350	-0.348	-0.356	-0.399	-0.392	+10.232	+9.594	+4.208	+13.986	+8.282	+8.293	+8.377	+14.306	+14.848	+9.530	+8.315	+1.010	+1.054	+14.474	+1.081	+8.559	+1.116	+14.169	+15.375	+17.411	+17.864	+2.605	+2.494	+16.725	+17.509	+17.856	+2.681	+17.589	+2.580	+17.494	+2.646	+17.431	+2.542	+17.338	+2.550	+17.328	+2.483	+17.164	+17.315	+17.370	+17.381	+17.342	+2.703	+17.358	+17.482	+17.491	+17.800	+17.700	+0.999	+0.995	+0.962	+1.563	+3.384	+3.337	+1.331	+1.268	+1.268	+1.265	+18.076	+18.074	+18.066	+1.313	+1.295	+17.773	+17.817	+17.974	+18.037	+18.510	+18.226	+17.947	+17.943	+17.937	
rs35727670     -1.015	+0.735	-0.732	-0.701	-0.668	-0.693	-0.785	-0.636	-0.569	-0.844	-0.408	-0.317	-0.418	-0.387	-0.403	-0.359	-0.067	-0.368	-0.373	-0.497	+0.514	-0.642	+0.682	+0.713	+0.551	+0.573	+0.573	+0.572	+0.697	+0.666	+0.588	-0.263	-0.156	+0.195	-0.319	-0.203	+0.061	-0.198	-0.189	-0.221	-0.553	-0.616	+10.269	+9.733	+4.124	+14.041	+8.567	+8.578	+8.658	+14.359	+14.964	+10.054	+8.626	+1.604	+1.659	+14.555	+1.695	+8.880	+1.420	+14.419	+15.444	+17.515	+17.956	+3.169	+3.044	+16.857	+17.614	+17.957	+3.253	+17.695	+3.138	+17.602	+3.212	+17.540	+3.091	+17.449	+3.102	+17.439	+3.010	+17.277	+17.426	+17.480	+17.491	+17.453	+3.274	+17.468	+17.590	+17.599	+17.909	+17.809	+1.497	+1.491	+1.447	+2.048	+3.910	+3.856	+1.792	+1.711	+1.713	+1.705	+18.177	+18.175	+18.167	+1.763	+1.674	+17.878	+17.922	+18.076	+18.138	+18.599	+18.320	+18.049	+18.045	+18.040	
rs884727       -0.475	+1.880	-0.152	-0.121	-0.084	-0.114	-0.259	-0.142	-0.298	-0.363	-0.343	+1.458	-0.344	-0.341	-0.342	-0.337	+1.724	-0.337	-0.337	+1.227	-0.167	+0.682	-0.010	-0.100	-0.099	-0.090	-0.090	-0.090	-0.038	-0.050	-0.083	-0.246	-0.300	-0.238	-0.262	-0.310	-0.268	-0.309	-0.307	-0.314	-0.341	-0.313	+10.208	+9.582	+4.226	+13.966	+8.270	+8.280	+8.365	+14.286	+14.826	+9.517	+8.304	+1.015	+1.058	+14.454	+1.085	+8.547	+1.135	+14.136	+15.353	+17.385	+17.839	+2.601	+2.492	+16.702	+17.484	+17.832	+2.678	+17.565	+2.578	+17.470	+2.643	+17.407	+2.540	+17.314	+2.548	+17.304	+2.483	+17.140	+17.292	+17.346	+17.357	+17.319	+2.700	+17.335	+17.458	+17.467	+17.776	+17.675	+1.006	+1.002	+0.970	+1.570	+3.382	+3.335	+1.339	+1.277	+1.277	+1.274	+18.055	+18.054	+18.046	+1.322	+1.306	+17.756	+17.801	+17.955	+18.016	+18.491	+18.207	+17.928	+17.924	+17.918	
rs8039131      -0.464	+1.897	-0.141	-0.109	-0.073	-0.103	-0.248	-0.131	-0.288	-0.351	-0.333	+1.488	-0.333	-0.331	-0.331	-0.327	+1.756	-0.326	-0.327	+1.257	-0.157	+0.713	-0.100	+0.002	-0.096	-0.087	-0.087	-0.087	-0.036	-0.048	-0.079	-0.238	-0.291	-0.231	-0.253	-0.301	-0.259	-0.300	-0.298	-0.305	-0.328	-0.298	+10.202	+9.580	+4.232	+13.962	+8.267	+8.277	+8.362	+14.281	+14.821	+9.514	+8.301	+1.016	+1.059	+14.450	+1.086	+8.544	+1.139	+14.127	+15.348	+17.380	+17.833	+2.601	+2.492	+16.697	+17.478	+17.826	+2.677	+17.559	+2.578	+17.464	+2.643	+17.401	+2.540	+17.309	+2.548	+17.298	+2.483	+17.135	+17.286	+17.341	+17.352	+17.313	+2.700	+17.329	+17.452	+17.462	+17.770	+17.670	+1.008	+1.005	+0.972	+1.572	+3.382	+3.335	+1.341	+1.279	+1.279	+1.276	+18.050	+18.049	+18.041	+1.324	+1.310	+17.752	+17.796	+17.950	+18.011	+18.486	+18.202	+17.923	+17.919	+17.914	
rs8043470      -0.276	+2.176	+0.059	+0.092	+0.130	+0.098	-0.018	+0.109	-0.122	-0.078	+0.025	+1.174	+0.026	+0.014	+0.035	+0.009	+1.365	+0.032	+0.037	+0.975	-0.112	+0.551	-0.099	-0.096	+0.200	+0.124	+0.124	+0.124	+0.178	+0.159	+0.127	-0.091	-0.041	-0.116	-0.103	-0.032	-0.132	-0.034	-0.036	-0.030	+0.139	-0.143	+10.085	+9.603	+4.538	+13.902	+8.255	+8.265	+8.352	+14.218	+14.748	+9.517	+8.296	+1.086	+1.127	+14.391	+1.152	+8.537	+1.199	+13.909	+15.267	+17.271	+17.723	+2.639	+2.535	+16.612	+17.373	+17.723	+2.714	+17.460	+2.620	+17.369	+2.682	+17.307	+2.585	+17.218	+2.591	+17.208	+2.539	+17.044	+17.197	+17.250	+17.261	+17.224	+2.737	+17.240	+17.361	+17.371	+17.670	+17.572	+1.093	+1.090	+1.059	+1.680	+3.429	+3.385	+1.433	+1.373	+1.373	+1.372	+17.983	+17.982	+17.974	+1.418	+1.431	+17.691	+17.735	+17.884	+17.945	+18.413	+18.133	+17.858	+17.854	+17.848	
rs8024551      -0.265	+2.191	+0.070	+0.103	+0.141	+0.109	-0.008	+0.120	-0.112	-0.064	+0.044	+1.197	+0.044	+0.032	+0.054	+0.027	+1.389	+0.051	+0.056	+0.997	-0.101	+0.573	-0.090	-0.087	+0.124	+0.212	+0.130	+0.130	+0.177	+0.161	+0.132	-0.082	-0.025	-0.106	-0.093	-0.016	-0.122	-0.018	-0.020	-0.013	+0.166	-0.129	+10.085	+9.605	+4.546	+13.903	+8.256	+8.267	+8.354	+14.218	+14.749	+9.519	+8.297	+1.090	+1.131	+14.391	+1.156	+8.538	+1.204	+13.907	+15.268	+17.271	+17.722	+2.642	+2.538	+16.612	+17.373	+17.723	+2.717	+17.460	+2.622	+17.369	+2.685	+17.307	+2.588	+17.218	+2.594	+17.208	+2.543	+17.044	+17.197	+17.251	+17.261	+17.224	+2.739	+17.240	+17.361	+17.371	+17.670	+17.571	+1.098	+1.094	+1.064	+1.685	+3.432	+3.388	+1.438	+1.378	+1.378	+1.377	+17.983	+17.982	+17.974	+1.423	+1.437	+17.691	+17.735	+17.884	+17.945	+18.413	+18.133	+17.858	+17.854	+17.849	
rs8029546      -0.265	+2.191	+0.070	+0.103	+0.141	+0.109	-0.008	+0.120	-0.112	-0.064	+0.043	+1.197	+0.044	+0.031	+0.053	+0.027	+1.389	+0.051	+0.056	+0.997	-0.101	+0.573	-0.090	-0.087	+0.124	+0.130	+0.212	+0.130	+0.177	+0.161	+0.132	-0.082	-0.025	-0.106	-0.093	-0.016	-0.122	-0.018	-0.020	-0.013	+0.167	-0.129	+10.085	+9.605	+4.546	+13.903	+8.256	+8.267	+8.354	+14.218	+14.749	+9.519	+8.297	+1.090	+1.131	+14.391	+1.155	+8.538	+1.204	+13.907	+15.268	+17.271	+17.723	+2.642	+2.538	+16.612	+17.373	+17.723	+2.717	+17.460	+2.622	+17.369	+2.685	+17.307	+2.587	+17.218	+2.594	+17.208	+2.543	+17.044	+17.197	+17.251	+17.261	+17.224	+2.739	+17.240	+17.361	+17.371	+17.670	+17.572	+1.098	+1.094	+1.064	+1.685	+3.432	+3.388	+1.438	+1.378	+1.378	+1.377	+17.983	+17.982	+17.974	+1.423	+1.437	+17.691	+17.735	+17.884	+17.945	+18.413	+18.133	+17.858	+17.854	+17.849	
rs8029559      -0.265	+2.191	+0.070	+0.102	+0.141	+0.109	-0.008	+0.119	-0.112	-0.064	+0.043	+1.197	+0.044	+0.031	+0.053	+0.026	+1.389	+0.051	+0.056	+0.997	-0.101	+0.572	-0.090	-0.087	+0.124	+0.130	+0.130	+0.212	+0.177	+0.161	+0.132	-0.082	-0.025	-0.106	-0.093	-0.016	-0.122	-0.018	-0.020	-0.013	+0.167	-0.129	+10.085	+9.605	+4.546	+13.903	+8.256	+8.267	+8.354	+14.218	+14.749	+9.519	+8.297	+1.090	+1.131	+14.391	+1.155	+8.538	+1.204	+13.907	+15.268	+17.271	+17.723	+2.642	+2.538	+16.612	+17.373	+17.723	+2.717	+17.460	+2.622	+17.369	+2.685	+17.307	+2.587	+17.218	+2.594	+17.208	+2.543	+17.044	+17.197	+17.251	+17.261	+17.224	+2.739	+17.240	+17.361	+17.371	+17.670	+17.572	+1.098	+1.094	+1.064	+1.685	+3.432	+3.388	+1.438	+1.378	+1.378	+1.377	+17.983	+17.982	+17.974	+1.423	+1.437	+17.691	+17.735	+17.884	+17.945	+18.413	+18.133	+17.858	+17.854	+17.849	
rs6496531      -0.208	+2.278	+0.131	+0.163	+0.202	+0.170	+0.051	+0.178	-0.057	+0.010	+0.143	+1.329	+0.143	+0.128	+0.156	+0.122	+1.528	+0.152	+0.159	+1.125	-0.044	+0.697	-0.038	-0.036	+0.178	+0.177	+0.177	+0.177	+0.274	+0.188	+0.172	-0.032	+0.057	-0.056	-0.042	+0.073	-0.065	+0.070	+0.066	+0.077	+0.306	-0.054	+10.084	+9.619	+4.594	+13.907	+8.266	+8.277	+8.364	+14.222	+14.751	+9.531	+8.308	+1.112	+1.152	+14.395	+1.176	+8.549	+1.229	+13.896	+15.269	+17.270	+17.721	+2.656	+2.553	+16.613	+17.373	+17.722	+2.731	+17.460	+2.637	+17.369	+2.700	+17.308	+2.603	+17.219	+2.610	+17.209	+2.560	+17.045	+17.198	+17.251	+17.262	+17.225	+2.754	+17.241	+17.362	+17.371	+17.669	+17.571	+1.122	+1.119	+1.089	+1.712	+3.447	+3.404	+1.462	+1.403	+1.403	+1.403	+17.984	+17.983	+17.975	+1.448	+1.466	+17.692	+17.737	+17.885	+17.946	+18.413	+18.133	+17.859	+17.855	+17.849	
rs6496532      -0.221	+2.253	+0.117	+0.149	+0.188	+0.156	+0.038	+0.164	-0.069	-0.007	+0.118	+1.296	+0.118	+0.104	+0.129	+0.098	+1.493	+0.127	+0.133	+1.093	-0.057	+0.666	-0.050	-0.048	+0.159	+0.161	+0.161	+0.161	+0.188	+0.260	+0.159	-0.043	+0.038	-0.067	-0.053	+0.052	-0.078	+0.050	+0.046	+0.057	+0.274	-0.071	+10.084	+9.615	+4.582	+13.906	+8.264	+8.274	+8.361	+14.221	+14.750	+9.527	+8.305	+1.107	+1.147	+14.394	+1.171	+8.546	+1.222	+13.899	+15.269	+17.270	+17.722	+2.653	+2.549	+16.613	+17.373	+17.723	+2.728	+17.460	+2.634	+17.369	+2.696	+17.308	+2.599	+17.218	+2.606	+17.209	+2.556	+17.044	+17.198	+17.251	+17.262	+17.225	+2.750	+17.241	+17.361	+17.371	+17.669	+17.571	+1.116	+1.113	+1.083	+1.705	+3.443	+3.400	+1.456	+1.397	+1.396	+1.396	+17.984	+17.982	+17.975	+1.441	+1.459	+17.692	+17.736	+17.885	+17.946	+18.413	+18.133	+17.858	+17.854	+17.849	
rs6496533      -0.256	+2.203	+0.080	+0.111	+0.150	+0.118	+0.001	+0.129	-0.103	-0.052	+0.060	+1.208	+0.060	+0.047	+0.070	+0.042	+1.400	+0.068	+0.073	+1.008	-0.093	+0.588	-0.083	-0.079	+0.127	+0.132	+0.132	+0.132	+0.172	+0.159	+0.222	-0.074	-0.008	-0.098	-0.085	+0.004	-0.112	+0.002	-0.001	+0.008	+0.203	-0.116	+10.085	+9.607	+4.550	+13.904	+8.258	+8.268	+8.355	+14.219	+14.749	+9.521	+8.299	+1.093	+1.134	+14.392	+1.159	+8.540	+1.207	+13.906	+15.268	+17.271	+17.723	+2.644	+2.541	+16.612	+17.374	+17.723	+2.719	+17.460	+2.625	+17.369	+2.687	+17.308	+2.590	+17.218	+2.597	+17.208	+2.545	+17.044	+17.197	+17.251	+17.262	+17.224	+2.742	+17.241	+17.361	+17.371	+17.670	+17.572	+1.101	+1.098	+1.067	+1.689	+3.435	+3.391	+1.442	+1.382	+1.382	+1.381	+17.984	+17.982	+17.975	+1.426	+1.441	+17.691	+17.736	+17.885	+17.946	+18.414	+18.133	+17.858	+17.854	+17.849	
rs12148326     -0.478	+1.637	-0.161	-0.130	-0.092	-0.124	-0.142	+0.019	-0.283	-0.426	-0.372	+0.271	-0.373	-0.367	-0.371	-0.360	+0.384	-0.363	-0.364	+0.124	-0.284	-0.263	-0.246	-0.238	-0.091	-0.082	-0.082	-0.082	-0.032	-0.043	-0.074	-0.018	-0.303	-0.254	-0.187	-0.318	-0.298	-0.316	-0.313	-0.323	-0.397	-0.437	+10.144	+9.678	+4.219	+13.979	+8.326	+8.336	+8.425	+14.294	+14.819	+9.592	+8.369	+1.097	+1.140	+14.470	+1.165	+8.611	+1.175	+13.937	+15.340	+17.338	+17.789	+2.678	+2.572	+16.684	+17.441	+17.791	+2.754	+17.530	+2.658	+17.439	+2.721	+17.379	+2.622	+17.290	+2.629	+17.280	+2.578	+17.115	+17.269	+17.322	+17.333	+17.296	+2.776	+17.312	+17.433	+17.442	+17.739	+17.641	+1.100	+1.096	+1.064	+1.638	+3.458	+3.413	+1.426	+1.363	+1.364	+1.362	+18.064	+18.063	+18.055	+1.409	+1.371	+17.772	+17.816	+17.965	+18.027	+18.492	+18.212	+17.938	+17.934	+17.929	
rs1064085      -0.563	+1.635	-0.242	-0.211	-0.174	-0.205	-0.318	-0.188	-0.378	-0.451	-0.401	+0.423	-0.398	-0.397	-0.398	-0.391	+0.565	-0.391	-0.391	+0.257	-0.339	-0.156	-0.300	-0.291	-0.041	-0.025	-0.025	-0.025	+0.057	+0.038	-0.008	-0.303	-0.110	-0.278	-0.318	-0.226	-0.324	-0.226	-0.226	-0.231	-0.122	-0.473	+10.180	+9.586	+4.269	+13.957	+8.270	+8.281	+8.365	+14.276	+14.822	+9.518	+8.307	+1.019	+1.063	+14.447	+1.090	+8.549	+1.113	+14.063	+15.344	+17.369	+17.823	+2.614	+2.505	+16.693	+17.469	+17.818	+2.691	+17.551	+2.590	+17.457	+2.656	+17.394	+2.553	+17.303	+2.560	+17.292	+2.494	+17.129	+17.281	+17.335	+17.346	+17.308	+2.713	+17.324	+17.447	+17.457	+17.764	+17.664	+1.009	+1.005	+0.972	+1.580	+3.393	+3.346	+1.346	+1.283	+1.283	+1.281	+18.045	+18.044	+18.036	+1.329	+1.317	+17.747	+17.792	+17.947	+18.007	+18.480	+18.197	+17.920	+17.916	+17.910	
rs3743392      -0.488	+1.899	-0.156	-0.125	-0.087	-0.118	-0.268	-0.146	-0.307	-0.386	-0.364	+0.939	-0.362	-0.361	-0.362	-0.356	+1.131	-0.356	-0.357	+0.739	-0.274	+0.195	-0.238	-0.231	-0.116	-0.106	-0.106	-0.106	-0.056	-0.067	-0.098	-0.254	-0.278	-0.024	-0.272	-0.286	-0.135	-0.285	-0.284	-0.289	-0.286	-0.282	+10.231	+9.591	+4.213	+13.984	+8.284	+8.294	+8.378	+14.304	+14.847	+9.531	+8.318	+1.025	+1.069	+14.473	+1.096	+8.561	+1.130	+14.147	+15.378	+17.414	+17.868	+2.622	+2.510	+16.729	+17.512	+17.862	+2.699	+17.592	+2.596	+17.497	+2.663	+17.434	+2.558	+17.341	+2.565	+17.331	+2.496	+17.167	+17.319	+17.374	+17.384	+17.346	+2.721	+17.362	+17.485	+17.495	+17.806	+17.705	+1.010	+1.006	+0.972	+1.571	+3.395	+3.348	+1.340	+1.277	+1.277	+1.274	+18.079	+18.078	+18.070	+1.323	+1.302	+17.778	+17.823	+17.980	+18.040	+18.517	+18.232	+17.952	+17.948	+17.943	
rs1879530      -0.509	+1.526	-0.206	-0.176	-0.139	-0.170	-0.197	-0.045	-0.309	-0.456	-0.399	+0.191	-0.400	-0.393	-0.398	-0.386	+0.298	-0.389	-0.391	+0.050	-0.302	-0.319	-0.262	-0.253	-0.103	-0.093	-0.093	-0.093	-0.042	-0.053	-0.085	-0.187	-0.318	-0.272	-0.051	-0.334	-0.318	-0.332	-0.329	-0.339	-0.414	-0.459	+10.151	+9.655	+4.203	+13.967	+8.311	+8.321	+8.409	+14.283	+14.814	+9.574	+8.352	+1.081	+1.124	+14.456	+1.150	+8.594	+1.176	+13.957	+15.333	+17.335	+17.788	+2.667	+2.560	+16.678	+17.438	+17.788	+2.743	+17.525	+2.646	+17.434	+2.710	+17.373	+2.609	+17.283	+2.616	+17.274	+2.560	+17.110	+17.263	+17.316	+17.327	+17.290	+2.766	+17.306	+17.426	+17.436	+17.735	+17.637	+1.080	+1.076	+1.043	+1.635	+3.454	+3.408	+1.409	+1.346	+1.346	+1.344	+18.050	+18.049	+18.041	+1.392	+1.359	+17.758	+17.802	+17.951	+18.013	+18.479	+18.199	+17.925	+17.921	+17.915	
rs12148547     -0.588	+1.593	-0.268	-0.238	-0.201	-0.231	-0.345	-0.213	-0.398	-0.479	-0.424	+0.363	-0.422	-0.419	-0.421	-0.413	+0.502	-0.413	-0.414	+0.200	-0.352	-0.203	-0.310	-0.301	-0.032	-0.016	-0.016	-0.016	+0.073	+0.052	+0.004	-0.318	-0.226	-0.286	-0.334	-0.138	-0.336	-0.238	-0.235	-0.247	-0.186	-0.499	+10.194	+9.591	+4.252	+13.968	+8.278	+8.288	+8.373	+14.287	+14.834	+9.524	+8.314	+1.019	+1.063	+14.457	+1.090	+8.556	+1.110	+14.083	+15.356	+17.383	+17.836	+2.618	+2.507	+16.705	+17.482	+17.831	+2.695	+17.563	+2.594	+17.469	+2.660	+17.407	+2.556	+17.315	+2.563	+17.305	+2.495	+17.142	+17.293	+17.348	+17.358	+17.320	+2.717	+17.337	+17.459	+17.469	+17.777	+17.677	+1.006	+1.002	+0.969	+1.575	+3.394	+3.347	+1.341	+1.278	+1.278	+1.275	+18.056	+18.054	+18.046	+1.324	+1.309	+17.761	+17.806	+17.957	+18.017	+18.491	+18.208	+17.930	+17.926	+17.921	
rs4932447      -0.551	+1.794	-0.223	-0.192	-0.155	-0.185	-0.332	-0.209	-0.362	-0.455	-0.421	+0.776	-0.420	-0.417	-0.420	-0.411	+0.960	-0.412	-0.413	+0.583	-0.312	+0.061	-0.268	-0.259	-0.132	-0.122	-0.122	-0.122	-0.065	-0.078	-0.112	-0.298	-0.324	-0.135	-0.318	-0.336	-0.094	-0.334	-0.332	-0.340	-0.368	-0.370	+10.277	+9.610	+4.183	+14.019	+8.310	+8.321	+8.404	+14.340	+14.885	+9.556	+8.343	+1.029	+1.075	+14.507	+1.102	+8.587	+1.111	+14.209	+15.416	+17.457	+17.912	+2.638	+2.524	+16.768	+17.554	+17.904	+2.716	+17.634	+2.612	+17.538	+2.680	+17.474	+2.573	+17.381	+2.580	+17.370	+2.507	+17.206	+17.358	+17.414	+17.424	+17.386	+2.738	+17.402	+17.525	+17.535	+17.847	+17.746	+1.008	+1.004	+0.969	+1.568	+3.407	+3.359	+1.335	+1.271	+1.271	+1.268	+18.115	+18.113	+18.106	+1.317	+1.291	+17.818	+17.862	+18.016	+18.076	+18.554	+18.269	+17.989	+17.985	+17.979	
rs10852114     -0.585	+1.598	-0.265	-0.235	-0.198	-0.228	-0.342	-0.210	-0.396	-0.476	-0.421	+0.368	-0.419	-0.417	-0.419	-0.410	+0.507	-0.411	-0.411	+0.205	-0.350	-0.198	-0.309	-0.300	-0.034	-0.018	-0.018	-0.018	+0.070	+0.050	+0.002	-0.316	-0.226	-0.285	-0.332	-0.238	-0.334	-0.134	-0.233	-0.243	-0.173	-0.496	+10.193	+9.591	+4.254	+13.967	+8.277	+8.288	+8.372	+14.286	+14.833	+9.524	+8.314	+1.019	+1.063	+14.456	+1.090	+8.556	+1.110	+14.082	+15.355	+17.382	+17.835	+2.618	+2.507	+16.704	+17.481	+17.830	+2.695	+17.562	+2.594	+17.468	+2.660	+17.406	+2.556	+17.314	+2.563	+17.303	+2.495	+17.141	+17.292	+17.347	+17.357	+17.319	+2.717	+17.336	+17.458	+17.468	+17.776	+17.676	+1.007	+1.003	+0.969	+1.576	+3.394	+3.348	+1.342	+1.279	+1.279	+1.276	+18.055	+18.053	+18.046	+1.324	+1.310	+17.760	+17.805	+17.957	+18.016	+18.490	+18.207	+17.929	+17.925	+17.920	
rs35729705     -0.580	+1.605	-0.260	-0.229	-0.192	-0.223	-0.336	-0.205	-0.392	-0.471	-0.417	+0.379	-0.415	-0.413	-0.414	-0.406	+0.518	-0.406	-0.407	+0.216	-0.348	-0.189	-0.307	-0.298	-0.036	-0.020	-0.020	-0.020	+0.066	+0.046	-0.001	-0.313	-0.226	-0.284	-0.329	-0.235	-0.332	-0.233	-0.129	-0.239	-0.155	-0.490	+10.190	+9.590	+4.257	+13.965	+8.276	+8.287	+8.371	+14.284	+14.831	+9.523	+8.313	+1.020	+1.064	+14.454	+1.090	+8.555	+1.111	+14.078	+15.353	+17.379	+17.833	+2.617	+2.507	+16.702	+17.479	+17.827	+2.694	+17.560	+2.594	+17.466	+2.660	+17.403	+2.556	+17.312	+2.563	+17.301	+2.495	+17.138	+17.290	+17.345	+17.355	+17.317	+2.717	+17.333	+17.456	+17.466	+17.773	+17.673	+1.007	+1.004	+0.970	+1.577	+3.394	+3.348	+1.343	+1.280	+1.280	+1.277	+18.053	+18.051	+18.044	+1.325	+1.311	+17.758	+17.803	+17.954	+18.014	+18.488	+18.205	+17.927	+17.923	+17.918	
rs11073821     -0.597	+1.578	-0.279	-0.248	-0.211	-0.241	-0.354	-0.223	-0.406	-0.490	-0.432	+0.341	-0.430	-0.427	-0.430	-0.421	+0.478	-0.421	-0.422	+0.179	-0.356	-0.221	-0.314	-0.305	-0.030	-0.013	-0.013	-0.013	+0.077	+0.057	+0.008	-0.323	-0.231	-0.289	-0.339	-0.247	-0.340	-0.243	-0.239	-0.148	-0.215	-0.509	+10.201	+9.593	+4.246	+13.974	+8.282	+8.292	+8.376	+14.293	+14.840	+9.528	+8.318	+1.019	+1.063	+14.463	+1.090	+8.560	+1.109	+14.094	+15.362	+17.390	+17.844	+2.620	+2.509	+16.712	+17.489	+17.838	+2.697	+17.570	+2.596	+17.476	+2.662	+17.413	+2.557	+17.322	+2.565	+17.311	+2.496	+17.148	+17.300	+17.355	+17.365	+17.327	+2.719	+17.343	+17.466	+17.476	+17.784	+17.684	+1.006	+1.002	+0.968	+1.573	+3.395	+3.348	+1.340	+1.277	+1.276	+1.274	+18.061	+18.060	+18.052	+1.322	+1.306	+17.767	+17.811	+17.963	+18.023	+18.497	+18.214	+17.936	+17.932	+17.926	
rs8029053      -0.774	+1.273	-0.467	-0.437	-0.401	-0.430	-0.539	-0.407	-0.537	-0.682	-0.548	-0.068	-0.548	-0.536	-0.545	-0.523	+0.047	-0.527	-0.530	-0.209	-0.399	-0.553	-0.341	-0.328	+0.139	+0.166	+0.167	+0.167	+0.306	+0.274	+0.203	-0.397	-0.122	-0.286	-0.414	-0.186	-0.368	-0.173	-0.155	-0.215	-0.343	-0.674	+10.374	+9.679	+4.149	+14.117	+8.410	+8.421	+8.502	+14.440	+14.998	+9.633	+8.443	+1.067	+1.115	+14.608	+1.144	+8.686	+1.132	+14.335	+15.523	+17.566	+18.021	+2.696	+2.579	+16.874	+17.663	+18.011	+2.773	+17.740	+2.666	+17.644	+2.736	+17.581	+2.626	+17.487	+2.633	+17.477	+2.549	+17.315	+17.465	+17.520	+17.531	+17.492	+2.795	+17.509	+17.632	+17.643	+17.957	+17.856	+1.032	+1.028	+0.991	+1.578	+3.447	+3.397	+1.348	+1.283	+1.282	+1.277	+18.211	+18.209	+18.201	+1.329	+1.286	+17.914	+17.959	+18.113	+18.172	+18.652	+18.366	+18.085	+18.081	+18.076	
rs4932449      -0.841	+1.288	-0.524	-0.493	-0.458	-0.486	-0.618	-0.489	-0.578	-0.768	-0.633	-0.146	-0.636	-0.622	-0.631	-0.609	-0.030	-0.615	-0.618	-0.287	-0.392	-0.616	-0.313	-0.298	-0.143	-0.129	-0.129	-0.129	-0.054	-0.071	-0.116	-0.437	-0.473	-0.282	-0.459	-0.499	-0.370	-0.496	-0.490	-0.509	-0.674	-0.418	+10.462	+9.851	+4.119	+14.148	+8.474	+8.485	+8.567	+14.469	+14.988	+9.661	+8.492	+1.289	+1.342	+14.619	+1.375	+8.738	+1.146	+14.417	+15.531	+17.571	+18.022	+2.954	+2.824	+16.877	+17.670	+18.016	+3.035	+17.748	+2.915	+17.651	+2.990	+17.588	+2.867	+17.495	+2.876	+17.484	+2.769	+17.321	+17.472	+17.527	+17.538	+17.498	+3.054	+17.515	+17.639	+17.648	+17.962	+17.861	+1.201	+1.195	+1.154	+1.737	+3.691	+3.635	+1.499	+1.424	+1.423	+1.419	+18.217	+18.215	+18.207	+1.474	+1.389	+17.918	+17.963	+18.116	+18.178	+18.653	+18.368	+18.088	+18.084	+18.079	
rs2280213      +10.062	+10.268	+10.046	+10.050	+10.057	+10.052	+10.185	+10.162	+10.188	+10.269	+10.169	+10.636	+10.172	+10.166	+10.170	+10.160	+10.704	+10.163	+10.165	+10.533	+10.232	+10.269	+10.208	+10.202	+10.085	+10.085	+10.085	+10.085	+10.084	+10.084	+10.085	+10.144	+10.180	+10.231	+10.151	+10.194	+10.277	+10.193	+10.190	+10.201	+10.374	+10.462	+10.916	+10.933	+10.206	+14.405	+10.926	+10.932	+10.976	+14.754	+15.090	+11.552	+11.054	+10.149	+10.160	+14.794	+10.165	+11.201	+10.372	+14.487	+15.595	+17.586	+18.103	+10.489	+10.448	+16.862	+17.675	+18.038	+10.537	+17.752	+10.501	+17.647	+10.531	+17.581	+10.494	+17.483	+10.493	+17.473	+10.509	+17.303	+17.460	+17.515	+17.527	+17.487	+10.558	+17.503	+17.631	+17.640	+17.947	+17.844	+10.186	+10.186	+10.178	+10.443	+10.999	+10.984	+10.362	+10.346	+10.341	+10.341	+18.207	+18.205	+18.197	+10.363	+10.349	+17.906	+17.951	+18.103	+18.166	+18.638	+18.353	+18.075	+18.071	+18.066	
rs3784752      +9.559	+9.766	+9.566	+9.574	+9.587	+9.577	+9.617	+9.609	+9.718	+9.663	+9.591	+10.093	+9.593	+9.590	+9.592	+9.589	+10.159	+9.590	+9.590	+9.996	+9.594	+9.733	+9.582	+9.580	+9.603	+9.605	+9.605	+9.605	+9.619	+9.615	+9.607	+9.678	+9.586	+9.591	+9.655	+9.591	+9.610	+9.591	+9.590	+9.593	+9.679	+9.851	+10.933	+10.409	+9.695	+14.534	+10.554	+10.560	+10.607	+14.889	+15.073	+11.472	+10.691	+9.619	+9.627	+14.861	+9.631	+10.851	+9.891	+14.357	+15.625	+17.609	+18.134	+9.971	+9.931	+16.862	+17.693	+18.057	+10.020	+17.767	+9.985	+17.660	+10.015	+17.592	+9.978	+17.492	+9.978	+17.482	+9.998	+17.310	+17.469	+17.524	+17.536	+17.496	+10.044	+17.512	+17.642	+17.650	+17.960	+17.856	+9.655	+9.656	+9.649	+9.994	+10.472	+10.456	+9.808	+9.793	+9.788	+9.791	+18.207	+18.205	+18.197	+9.811	+9.897	+17.901	+17.946	+18.100	+18.166	+18.640	+18.352	+18.072	+18.068	+18.063	
rs3784751      +4.131	+4.776	+4.169	+4.182	+4.202	+4.185	+4.171	+4.220	+4.339	+4.232	+4.199	+4.502	+4.200	+4.205	+4.200	+4.213	+4.562	+4.210	+4.209	+4.404	+4.208	+4.124	+4.226	+4.232	+4.538	+4.546	+4.546	+4.546	+4.594	+4.582	+4.550	+4.219	+4.269	+4.213	+4.203	+4.252	+4.183	+4.254	+4.257	+4.246	+4.149	+4.119	+10.206	+9.695	+4.800	+14.357	+8.518	+8.530	+8.620	+14.704	+15.039	+9.619	+8.507	+4.925	+4.957	+14.789	+4.972	+8.755	+4.835	+13.965	+15.583	+17.582	+18.115	+7.119	+7.024	+16.831	+17.675	+18.050	+7.200	+17.751	+7.117	+17.645	+7.177	+17.576	+7.084	+17.475	+7.092	+17.463	+7.152	+17.290	+17.450	+17.507	+17.518	+17.478	+7.236	+17.495	+17.625	+17.635	+17.945	+17.839	+5.008	+5.006	+4.982	+4.967	+7.646	+7.611	+5.127	+5.083	+5.088	+5.078	+18.178	+18.177	+18.168	+5.113	+4.811	+17.872	+17.920	+18.073	+18.136	+18.627	+18.332	+18.044	+18.040	+18.034	
rs34239095     +13.887	+14.000	+13.873	+13.878	+13.886	+13.880	+14.001	+13.980	+14.038	+14.004	+13.946	+14.352	+13.948	+13.944	+13.947	+13.940	+14.417	+13.942	+13.943	+14.271	+13.986	+14.041	+13.966	+13.962	+13.902	+13.903	+13.903	+13.903	+13.907	+13.906	+13.904	+13.979	+13.957	+13.984	+13.967	+13.968	+14.019	+13.967	+13.965	+13.974	+14.117	+14.148	+14.405	+14.534	+14.357	+14.785	+14.317	+14.314	+14.285	+15.061	+15.455	+14.230	+14.211	+13.971	+13.962	+15.128	+13.958	+14.163	+13.987	+15.498	+15.836	+17.682	+18.179	+13.924	+13.915	+17.053	+17.775	+18.125	+13.934	+17.854	+13.924	+17.761	+13.932	+17.700	+13.923	+17.613	+13.922	+17.603	+13.934	+17.448	+17.593	+17.644	+17.654	+17.618	+13.940	+17.634	+17.750	+17.759	+18.049	+17.952	+13.922	+13.922	+13.925	+13.987	+14.135	+14.128	+13.908	+13.906	+13.905	+13.905	+18.343	+18.341	+18.335	+13.907	+13.948	+18.081	+18.121	+18.254	+18.309	+18.750	+18.485	+18.230	+18.227	+18.222	
