## Summary of overall evidence for association with region:
## log10(BF for region) = -0.475884
## p-value for region = NA

## BFs for choosing among multi-SNP models:
## log10(average 1-SNP BF) = -0.404958
## log10(average 2-SNP BF) = -0.666195

## Example posterior probabilities for multi-SNP models, based on default prior: [p(l) propto 0.5^l for l=1,2,...,L]
## posterior probability of 1-SNP = 0.784936
## posterior probability of 2-SNP = 0.215064

## log10(BF) for single SNP and pair of SNPs:
rs8096961      -0.558	-0.739	-0.735	-0.805	-0.806	-0.650	-0.795	-0.679	-0.732	-0.602	-0.620	-0.789	-0.791	-0.805	-0.793	-0.671	-0.735	-0.617	-0.561	-0.610	-0.614	-0.589	-0.776	-0.720	-0.539	-0.755	-0.830	-0.542	-0.817	-0.517	-0.545	-0.648	-0.529	-0.539	-0.739	-0.647	-0.637	-0.507	-0.639	-0.642	-0.627	-0.649	-0.635	-0.623	-0.825	-0.785	-0.818	-0.677	-0.831	-0.833	-1.007	-1.008	-0.791	-0.984	-1.015	-1.010	-0.811	-0.873	-1.026	-1.022	-1.019	-1.019	-1.030	-1.030	-1.032	-0.897	-0.917	-1.034	-0.991	-0.993	-1.034	-0.987	-0.984	-0.884	-0.882	-0.813	-1.023	-0.990	-1.029	-0.990	-0.978	-0.906	-1.034	-0.904	-0.967	-0.899	-1.035	-1.032	-1.020	-0.829	-1.025	-0.948	-1.033	-0.947	-0.974	-0.884	-0.974	-0.975	-0.973	-0.996	-1.022	-1.009	-0.896	-0.896	-0.978	-0.895	-1.020	-1.022	-1.020	-0.971	-0.992	-0.980	-0.872	-0.989	-0.927	-0.957	-0.957	-0.978	-0.929	-0.949	-0.874	-0.865	-0.880	-1.025	-1.026	-0.885	-0.933	-0.826	-0.872	-0.826	-0.822	-1.033	-1.026	-0.943	-0.908	-0.864	-0.975	-0.819	-0.817	-0.914	-1.014	-0.922	-0.936	-0.799	-0.940	-0.534	-0.574	-0.577	-0.590	-0.591	-0.698	-0.587	-0.824	-0.800	-0.525	-0.811	-0.796	-0.814	-0.811	-0.857	-0.597	-0.863	-0.963	-0.629	-0.881	-0.703	-0.854	-0.843	-0.848	-0.824	-0.336	-0.795	-0.845	-0.837	-1.018	-1.020	-0.832	-0.972	-0.972	-0.973	-1.022	-0.980	-1.005	-0.665	
rs871861       -0.739	-0.555	-0.685	-0.756	-0.783	-0.580	-0.785	-0.671	-0.684	-0.545	-0.564	-0.781	-0.783	-0.798	-0.785	-0.620	-0.725	-0.561	-0.500	-0.553	-0.557	-0.531	-0.779	-0.718	-0.536	-0.748	-0.823	-0.539	-0.809	-0.514	-0.542	-0.646	-0.525	-0.536	-0.730	-0.645	-0.635	-0.504	-0.637	-0.640	-0.625	-0.648	-0.633	-0.621	-0.817	-0.777	-0.810	-0.675	-0.837	-0.831	-1.003	-1.004	-0.788	-0.978	-1.011	-1.006	-0.809	-0.869	-1.022	-1.017	-1.015	-1.015	-1.026	-1.026	-1.030	-0.893	-0.912	-1.031	-0.989	-0.990	-1.031	-0.987	-0.984	-0.880	-0.878	-0.811	-1.019	-0.988	-1.025	-0.988	-0.975	-0.904	-1.032	-0.902	-0.963	-0.895	-1.032	-1.030	-1.017	-0.827	-1.021	-0.944	-1.030	-0.943	-0.968	-0.879	-0.968	-0.968	-0.967	-0.991	-1.017	-1.004	-0.892	-0.892	-0.972	-0.891	-1.016	-1.018	-1.016	-0.965	-0.987	-0.974	-0.868	-0.984	-0.919	-0.951	-0.951	-0.973	-0.921	-0.942	-0.871	-0.859	-0.879	-1.021	-1.022	-0.882	-0.929	-0.824	-0.867	-0.824	-0.820	-1.031	-1.023	-0.940	-0.906	-0.859	-0.971	-0.817	-0.811	-0.913	-1.010	-0.920	-0.930	-0.797	-0.934	-0.528	-0.568	-0.570	-0.584	-0.584	-0.691	-0.582	-0.818	-0.794	-0.522	-0.806	-0.790	-0.808	-0.806	-0.853	-0.594	-0.858	-0.958	-0.623	-0.875	-0.694	-0.851	-0.840	-0.845	-0.822	-0.335	-0.794	-0.842	-0.833	-1.015	-1.016	-0.827	-0.969	-0.969	-0.970	-1.019	-0.978	-1.002	-0.660	
rs12454113     -0.735	-0.685	-0.554	-0.751	-0.782	-0.572	-0.786	-0.671	-0.679	-0.539	-0.558	-0.780	-0.782	-0.797	-0.784	-0.614	-0.724	-0.555	-0.494	-0.547	-0.551	-0.525	-0.780	-0.718	-0.536	-0.747	-0.822	-0.539	-0.808	-0.514	-0.542	-0.646	-0.525	-0.536	-0.729	-0.646	-0.636	-0.504	-0.637	-0.640	-0.625	-0.648	-0.633	-0.622	-0.817	-0.776	-0.810	-0.675	-0.837	-0.831	-1.003	-1.004	-0.788	-0.977	-1.010	-1.005	-0.810	-0.869	-1.022	-1.017	-1.015	-1.015	-1.026	-1.026	-1.030	-0.893	-0.912	-1.031	-0.989	-0.990	-1.031	-0.987	-0.984	-0.880	-0.878	-0.811	-1.019	-0.988	-1.025	-0.988	-0.975	-0.904	-1.032	-0.902	-0.962	-0.895	-1.032	-1.030	-1.017	-0.827	-1.021	-0.944	-1.030	-0.943	-0.967	-0.879	-0.967	-0.968	-0.967	-0.990	-1.017	-1.004	-0.892	-0.892	-0.972	-0.891	-1.016	-1.018	-1.015	-0.964	-0.986	-0.973	-0.868	-0.984	-0.918	-0.950	-0.950	-0.972	-0.921	-0.941	-0.871	-0.859	-0.880	-1.020	-1.022	-0.882	-0.929	-0.824	-0.866	-0.824	-0.820	-1.030	-1.023	-0.939	-0.906	-0.859	-0.971	-0.817	-0.810	-0.913	-1.009	-0.920	-0.929	-0.797	-0.933	-0.528	-0.568	-0.570	-0.583	-0.583	-0.690	-0.581	-0.817	-0.794	-0.522	-0.805	-0.790	-0.807	-0.805	-0.852	-0.594	-0.857	-0.957	-0.622	-0.875	-0.693	-0.852	-0.840	-0.845	-0.822	-0.336	-0.794	-0.843	-0.833	-1.015	-1.016	-0.827	-0.969	-0.969	-0.969	-1.019	-0.978	-1.002	-0.660	
rs1877415      -0.805	-0.756	-0.751	-0.489	-0.708	-0.729	-0.656	-0.632	-0.746	-0.635	-0.651	-0.742	-0.743	-0.754	-0.745	-0.695	-0.701	-0.649	-0.598	-0.642	-0.645	-0.624	-0.670	-0.646	-0.472	-0.725	-0.795	-0.475	-0.783	-0.450	-0.478	-0.570	-0.462	-0.472	-0.711	-0.569	-0.559	-0.440	-0.561	-0.564	-0.548	-0.571	-0.556	-0.544	-0.790	-0.754	-0.784	-0.600	-0.735	-0.760	-0.941	-0.943	-0.700	-0.925	-0.952	-0.948	-0.733	-0.806	-0.963	-0.958	-0.956	-0.956	-0.966	-0.966	-0.968	-0.832	-0.851	-0.970	-0.924	-0.927	-0.970	-0.920	-0.916	-0.818	-0.816	-0.736	-0.960	-0.922	-0.965	-0.922	-0.910	-0.842	-0.970	-0.840	-0.906	-0.834	-0.971	-0.968	-0.956	-0.756	-0.965	-0.875	-0.969	-0.874	-0.917	-0.811	-0.917	-0.917	-0.916	-0.938	-0.961	-0.948	-0.831	-0.831	-0.921	-0.830	-0.958	-0.960	-0.958	-0.914	-0.934	-0.922	-0.805	-0.932	-0.877	-0.901	-0.901	-0.921	-0.874	-0.893	-0.801	-0.799	-0.804	-0.964	-0.964	-0.814	-0.867	-0.751	-0.806	-0.752	-0.747	-0.970	-0.964	-0.878	-0.845	-0.799	-0.905	-0.744	-0.754	-0.851	-0.953	-0.841	-0.878	-0.722	-0.886	-0.476	-0.515	-0.528	-0.542	-0.542	-0.644	-0.528	-0.767	-0.736	-0.452	-0.748	-0.733	-0.757	-0.748	-0.794	-0.526	-0.806	-0.898	-0.578	-0.822	-0.660	-0.782	-0.769	-0.775	-0.749	-0.293	-0.718	-0.772	-0.777	-0.952	-0.954	-0.772	-0.906	-0.906	-0.907	-0.957	-0.915	-0.939	-0.618	
rs4245227      -0.806	-0.783	-0.782	-0.708	-0.543	-0.533	-0.666	-0.662	-0.649	-0.502	-0.522	-0.770	-0.772	-0.787	-0.774	-0.582	-0.714	-0.520	-0.456	-0.512	-0.516	-0.489	-0.766	-0.705	-0.524	-0.739	-0.815	-0.527	-0.802	-0.502	-0.530	-0.633	-0.513	-0.523	-0.723	-0.632	-0.622	-0.492	-0.624	-0.627	-0.611	-0.634	-0.620	-0.608	-0.810	-0.770	-0.803	-0.662	-0.821	-0.819	-0.993	-0.995	-0.776	-0.968	-1.001	-0.996	-0.798	-0.859	-1.013	-1.008	-1.005	-1.006	-1.016	-1.017	-1.020	-0.884	-0.902	-1.021	-0.980	-0.981	-1.021	-0.978	-0.974	-0.870	-0.868	-0.799	-1.009	-0.978	-1.015	-0.978	-0.964	-0.893	-1.022	-0.892	-0.952	-0.885	-1.022	-1.020	-1.007	-0.816	-1.011	-0.933	-1.020	-0.932	-0.959	-0.869	-0.959	-0.959	-0.958	-0.982	-1.008	-0.995	-0.883	-0.882	-0.963	-0.881	-1.006	-1.008	-1.006	-0.956	-0.977	-0.965	-0.858	-0.975	-0.911	-0.942	-0.942	-0.964	-0.913	-0.933	-0.860	-0.850	-0.868	-1.011	-1.013	-0.872	-0.919	-0.812	-0.858	-0.813	-0.808	-1.021	-1.013	-0.929	-0.896	-0.850	-0.960	-0.805	-0.802	-0.903	-0.999	-0.907	-0.921	-0.785	-0.925	-0.518	-0.558	-0.560	-0.573	-0.573	-0.681	-0.571	-0.807	-0.784	-0.511	-0.795	-0.780	-0.797	-0.795	-0.842	-0.583	-0.847	-0.947	-0.612	-0.865	-0.683	-0.840	-0.829	-0.834	-0.810	-0.324	-0.782	-0.831	-0.822	-1.004	-1.006	-0.817	-0.958	-0.958	-0.959	-1.008	-0.966	-0.991	-0.650	
rs10468997     -0.650	-0.580	-0.572	-0.729	-0.533	-0.366	-0.456	-0.513	-0.677	-0.575	-0.589	-0.637	-0.638	-0.650	-0.640	-0.628	-0.593	-0.587	-0.542	-0.581	-0.583	-0.564	-0.580	-0.533	-0.361	-0.599	-0.675	-0.364	-0.662	-0.339	-0.368	-0.460	-0.351	-0.361	-0.588	-0.459	-0.449	-0.329	-0.451	-0.454	-0.438	-0.462	-0.447	-0.434	-0.670	-0.632	-0.664	-0.491	-0.622	-0.651	-0.838	-0.839	-0.614	-0.821	-0.845	-0.842	-0.625	-0.698	-0.852	-0.849	-0.848	-0.848	-0.854	-0.854	-0.853	-0.721	-0.743	-0.856	-0.806	-0.810	-0.856	-0.800	-0.795	-0.707	-0.706	-0.628	-0.851	-0.804	-0.855	-0.804	-0.802	-0.726	-0.856	-0.723	-0.796	-0.723	-0.856	-0.852	-0.843	-0.647	-0.857	-0.772	-0.857	-0.772	-0.813	-0.710	-0.812	-0.813	-0.812	-0.833	-0.853	-0.840	-0.721	-0.720	-0.816	-0.720	-0.847	-0.850	-0.849	-0.809	-0.829	-0.817	-0.696	-0.827	-0.770	-0.798	-0.797	-0.817	-0.772	-0.790	-0.689	-0.694	-0.688	-0.856	-0.855	-0.702	-0.759	-0.642	-0.701	-0.643	-0.638	-0.857	-0.854	-0.766	-0.728	-0.694	-0.799	-0.635	-0.650	-0.733	-0.845	-0.740	-0.768	-0.613	-0.773	-0.334	-0.374	-0.392	-0.406	-0.407	-0.541	-0.387	-0.646	-0.613	-0.331	-0.624	-0.609	-0.636	-0.624	-0.671	-0.406	-0.686	-0.783	-0.446	-0.704	-0.543	-0.672	-0.659	-0.665	-0.639	-0.153	-0.608	-0.662	-0.665	-0.842	-0.843	-0.660	-0.796	-0.796	-0.797	-0.844	-0.800	-0.825	-0.500	
rs16949436     -0.795	-0.785	-0.786	-0.656	-0.666	-0.456	-0.540	-0.654	-0.588	-0.428	-0.450	-0.761	-0.763	-0.778	-0.765	-0.518	-0.703	-0.450	-0.382	-0.442	-0.447	-0.418	-0.770	-0.705	-0.524	-0.734	-0.810	-0.526	-0.796	-0.501	-0.529	-0.634	-0.513	-0.523	-0.718	-0.633	-0.623	-0.492	-0.625	-0.628	-0.613	-0.635	-0.621	-0.609	-0.805	-0.764	-0.797	-0.663	-0.825	-0.818	-0.990	-0.991	-0.776	-0.963	-0.998	-0.993	-0.797	-0.856	-1.010	-1.005	-1.002	-1.002	-1.014	-1.014	-1.018	-0.881	-0.899	-1.019	-0.978	-0.979	-1.019	-0.976	-0.973	-0.868	-0.865	-0.799	-1.006	-0.977	-1.012	-0.977	-0.962	-0.891	-1.019	-0.889	-0.948	-0.883	-1.020	-1.018	-1.005	-0.814	-1.007	-0.931	-1.017	-0.930	-0.953	-0.865	-0.953	-0.954	-0.953	-0.976	-1.004	-0.990	-0.880	-0.880	-0.958	-0.879	-1.002	-1.005	-1.002	-0.950	-0.972	-0.959	-0.855	-0.970	-0.904	-0.936	-0.936	-0.958	-0.906	-0.927	-0.858	-0.847	-0.867	-1.007	-1.009	-0.869	-0.916	-0.811	-0.854	-0.811	-0.807	-1.018	-1.010	-0.927	-0.894	-0.846	-0.957	-0.804	-0.797	-0.901	-0.995	-0.907	-0.916	-0.784	-0.918	-0.510	-0.550	-0.550	-0.563	-0.564	-0.673	-0.564	-0.800	-0.778	-0.507	-0.789	-0.774	-0.790	-0.789	-0.837	-0.580	-0.840	-0.943	-0.603	-0.858	-0.671	-0.838	-0.827	-0.832	-0.809	-0.323	-0.781	-0.830	-0.818	-1.001	-1.003	-0.812	-0.955	-0.956	-0.956	-1.005	-0.965	-0.989	-0.644	
rs72923588     -0.679	-0.671	-0.671	-0.632	-0.662	-0.513	-0.654	-0.230	-0.546	-0.437	-0.451	-0.508	-0.510	-0.524	-0.512	-0.493	-0.457	-0.449	-0.402	-0.442	-0.445	-0.425	-0.511	-0.412	-0.206	-0.489	-0.563	-0.209	-0.550	-0.182	-0.212	-0.332	-0.194	-0.205	-0.475	-0.331	-0.320	-0.171	-0.322	-0.325	-0.309	-0.333	-0.318	-0.305	-0.557	-0.519	-0.551	-0.364	-0.536	-0.366	-0.680	-0.683	-0.362	-0.644	-0.691	-0.685	-0.294	-0.585	-0.715	-0.706	-0.701	-0.701	-0.724	-0.725	-0.737	-0.609	-0.631	-0.735	-0.705	-0.707	-0.735	-0.700	-0.696	-0.594	-0.593	-0.305	-0.707	-0.703	-0.720	-0.703	-0.658	-0.615	-0.738	-0.612	-0.622	-0.611	-0.738	-0.741	-0.716	-0.364	-0.708	-0.591	-0.728	-0.590	-0.632	-0.491	-0.632	-0.633	-0.631	-0.664	-0.703	-0.685	-0.608	-0.608	-0.638	-0.607	-0.707	-0.709	-0.702	-0.628	-0.658	-0.640	-0.583	-0.654	-0.575	-0.609	-0.608	-0.639	-0.570	-0.597	-0.464	-0.579	-0.589	-0.708	-0.714	-0.489	-0.647	-0.353	-0.586	-0.356	-0.341	-0.731	-0.718	-0.655	-0.617	-0.579	-0.635	-0.336	-0.536	-0.619	-0.694	-0.554	-0.585	-0.276	-0.639	-0.164	-0.200	-0.207	-0.222	-0.223	-0.407	-0.215	-0.496	-0.469	-0.143	-0.480	-0.465	-0.486	-0.482	-0.533	-0.226	-0.539	-0.658	-0.273	-0.562	-0.363	-0.531	-0.512	-0.520	-0.482	+0.068	-0.442	-0.514	-0.551	-0.731	-0.733	-0.546	-0.685	-0.685	-0.685	-0.735	-0.690	-0.714	-0.379	
rs12607412     -0.732	-0.684	-0.679	-0.746	-0.649	-0.677	-0.588	-0.546	-0.383	-0.421	-0.448	-0.665	-0.665	-0.672	-0.666	-0.519	-0.636	-0.467	-0.394	-0.460	-0.466	-0.441	-0.671	-0.524	-0.361	-0.619	-0.692	-0.365	-0.679	-0.339	-0.368	-0.445	-0.351	-0.362	-0.605	-0.445	-0.433	-0.329	-0.435	-0.439	-0.422	-0.447	-0.431	-0.418	-0.687	-0.650	-0.681	-0.478	-0.641	-0.649	-0.832	-0.834	-0.570	-0.807	-0.841	-0.836	-0.618	-0.697	-0.856	-0.851	-0.847	-0.847	-0.861	-0.862	-0.867	-0.728	-0.749	-0.868	-0.827	-0.829	-0.868	-0.825	-0.821	-0.714	-0.709	-0.623	-0.852	-0.825	-0.860	-0.825	-0.802	-0.743	-0.869	-0.741	-0.799	-0.730	-0.869	-0.868	-0.851	-0.644	-0.856	-0.758	-0.865	-0.758	-0.794	-0.683	-0.794	-0.794	-0.793	-0.823	-0.850	-0.832	-0.727	-0.727	-0.797	-0.725	-0.849	-0.851	-0.848	-0.790	-0.818	-0.800	-0.698	-0.816	-0.763	-0.776	-0.776	-0.804	-0.744	-0.766	-0.687	-0.689	-0.705	-0.853	-0.853	-0.702	-0.764	-0.640	-0.696	-0.640	-0.635	-0.866	-0.855	-0.775	-0.746	-0.688	-0.789	-0.633	-0.652	-0.750	-0.844	-0.708	-0.743	-0.608	-0.760	-0.363	-0.407	-0.422	-0.435	-0.435	-0.544	-0.420	-0.656	-0.624	-0.340	-0.637	-0.620	-0.646	-0.635	-0.690	-0.414	-0.697	-0.785	-0.471	-0.714	-0.562	-0.672	-0.658	-0.664	-0.636	-0.171	-0.602	-0.661	-0.683	-0.847	-0.848	-0.678	-0.803	-0.801	-0.802	-0.846	-0.796	-0.823	-0.501	
rs12456253     -0.602	-0.545	-0.539	-0.635	-0.502	-0.575	-0.428	-0.437	-0.421	-0.261	-0.387	-0.558	-0.559	-0.563	-0.559	-0.404	-0.537	-0.415	-0.388	-0.415	-0.418	-0.412	-0.566	-0.401	-0.244	-0.509	-0.581	-0.248	-0.569	-0.223	-0.251	-0.322	-0.235	-0.245	-0.495	-0.321	-0.310	-0.212	-0.312	-0.315	-0.297	-0.323	-0.307	-0.294	-0.576	-0.540	-0.570	-0.355	-0.518	-0.527	-0.712	-0.715	-0.439	-0.687	-0.722	-0.717	-0.493	-0.578	-0.739	-0.733	-0.729	-0.729	-0.744	-0.745	-0.751	-0.611	-0.632	-0.751	-0.711	-0.712	-0.751	-0.708	-0.705	-0.596	-0.591	-0.499	-0.734	-0.709	-0.743	-0.709	-0.683	-0.627	-0.752	-0.626	-0.682	-0.613	-0.753	-0.752	-0.734	-0.522	-0.738	-0.636	-0.748	-0.635	-0.673	-0.557	-0.673	-0.674	-0.673	-0.704	-0.731	-0.713	-0.610	-0.610	-0.677	-0.608	-0.731	-0.733	-0.729	-0.669	-0.699	-0.679	-0.580	-0.696	-0.646	-0.655	-0.655	-0.685	-0.622	-0.644	-0.565	-0.571	-0.586	-0.735	-0.734	-0.580	-0.647	-0.517	-0.578	-0.518	-0.512	-0.749	-0.737	-0.659	-0.631	-0.569	-0.668	-0.511	-0.536	-0.634	-0.727	-0.579	-0.627	-0.485	-0.646	-0.257	-0.301	-0.317	-0.330	-0.331	-0.429	-0.314	-0.546	-0.513	-0.217	-0.527	-0.510	-0.537	-0.524	-0.580	-0.292	-0.586	-0.671	-0.365	-0.603	-0.458	-0.552	-0.536	-0.543	-0.513	-0.050	-0.478	-0.540	-0.569	-0.730	-0.730	-0.565	-0.686	-0.684	-0.686	-0.728	-0.676	-0.703	-0.383	
rs12606093     -0.620	-0.564	-0.558	-0.651	-0.522	-0.589	-0.450	-0.451	-0.448	-0.387	-0.277	-0.572	-0.573	-0.577	-0.573	-0.427	-0.550	-0.426	-0.391	-0.425	-0.428	-0.419	-0.579	-0.417	-0.259	-0.523	-0.595	-0.263	-0.583	-0.238	-0.267	-0.338	-0.251	-0.261	-0.509	-0.337	-0.326	-0.228	-0.328	-0.331	-0.314	-0.340	-0.323	-0.310	-0.591	-0.554	-0.585	-0.371	-0.534	-0.543	-0.728	-0.730	-0.456	-0.702	-0.738	-0.732	-0.509	-0.594	-0.754	-0.748	-0.744	-0.744	-0.759	-0.760	-0.766	-0.626	-0.648	-0.766	-0.726	-0.728	-0.766	-0.724	-0.720	-0.612	-0.607	-0.515	-0.749	-0.724	-0.758	-0.724	-0.698	-0.642	-0.767	-0.641	-0.697	-0.628	-0.768	-0.767	-0.749	-0.538	-0.753	-0.652	-0.763	-0.651	-0.689	-0.574	-0.689	-0.690	-0.688	-0.720	-0.747	-0.728	-0.625	-0.625	-0.692	-0.623	-0.746	-0.748	-0.745	-0.685	-0.715	-0.695	-0.596	-0.712	-0.661	-0.671	-0.671	-0.700	-0.638	-0.660	-0.581	-0.586	-0.601	-0.750	-0.750	-0.596	-0.663	-0.533	-0.593	-0.534	-0.528	-0.764	-0.753	-0.674	-0.646	-0.585	-0.683	-0.527	-0.551	-0.649	-0.742	-0.596	-0.643	-0.501	-0.661	-0.272	-0.316	-0.332	-0.345	-0.345	-0.444	-0.328	-0.561	-0.528	-0.233	-0.542	-0.525	-0.551	-0.539	-0.595	-0.308	-0.601	-0.686	-0.380	-0.618	-0.473	-0.567	-0.552	-0.558	-0.529	-0.065	-0.494	-0.555	-0.584	-0.746	-0.746	-0.579	-0.701	-0.700	-0.701	-0.743	-0.691	-0.718	-0.398	
rs79521170     -0.789	-0.781	-0.780	-0.742	-0.770	-0.637	-0.761	-0.508	-0.665	-0.558	-0.572	-0.363	-0.471	-0.479	-0.473	-0.613	-0.450	-0.570	-0.523	-0.563	-0.566	-0.546	-0.579	-0.504	-0.319	-0.611	-0.680	-0.322	-0.668	-0.296	-0.327	-0.425	-0.310	-0.320	-0.595	-0.424	-0.413	-0.286	-0.415	-0.418	-0.401	-0.426	-0.410	-0.396	-0.675	-0.638	-0.669	-0.458	-0.652	-0.652	-0.830	-0.831	-0.610	-0.801	-0.837	-0.832	-0.627	-0.690	-0.850	-0.844	-0.842	-0.842	-0.854	-0.854	-0.859	-0.720	-0.742	-0.860	-0.820	-0.821	-0.860	-0.818	-0.814	-0.705	-0.701	-0.630	-0.846	-0.818	-0.853	-0.818	-0.800	-0.731	-0.860	-0.729	-0.787	-0.722	-0.861	-0.859	-0.844	-0.648	-0.848	-0.766	-0.858	-0.765	-0.786	-0.695	-0.785	-0.786	-0.785	-0.816	-0.843	-0.825	-0.719	-0.719	-0.790	-0.718	-0.840	-0.842	-0.839	-0.782	-0.812	-0.792	-0.690	-0.809	-0.753	-0.767	-0.767	-0.797	-0.736	-0.757	-0.689	-0.685	-0.705	-0.847	-0.846	-0.702	-0.758	-0.644	-0.693	-0.644	-0.640	-0.858	-0.847	-0.766	-0.734	-0.685	-0.792	-0.637	-0.646	-0.736	-0.836	-0.738	-0.741	-0.615	-0.755	-0.339	-0.381	-0.389	-0.402	-0.402	-0.509	-0.395	-0.637	-0.609	-0.336	-0.622	-0.605	-0.627	-0.621	-0.671	-0.410	-0.679	-0.780	-0.441	-0.696	-0.511	-0.671	-0.658	-0.664	-0.639	-0.187	-0.608	-0.662	-0.662	-0.841	-0.844	-0.657	-0.795	-0.796	-0.796	-0.847	-0.808	-0.832	-0.497	
rs79628908     -0.791	-0.783	-0.782	-0.743	-0.772	-0.638	-0.763	-0.510	-0.665	-0.559	-0.573	-0.471	-0.365	-0.480	-0.474	-0.614	-0.448	-0.571	-0.524	-0.564	-0.567	-0.547	-0.581	-0.506	-0.321	-0.612	-0.682	-0.324	-0.669	-0.298	-0.329	-0.427	-0.312	-0.322	-0.596	-0.426	-0.415	-0.288	-0.417	-0.420	-0.403	-0.428	-0.412	-0.398	-0.677	-0.640	-0.670	-0.460	-0.654	-0.654	-0.831	-0.833	-0.612	-0.802	-0.838	-0.833	-0.629	-0.692	-0.851	-0.846	-0.843	-0.843	-0.856	-0.856	-0.861	-0.722	-0.743	-0.861	-0.821	-0.822	-0.861	-0.819	-0.816	-0.707	-0.703	-0.632	-0.847	-0.820	-0.854	-0.820	-0.802	-0.733	-0.862	-0.731	-0.789	-0.724	-0.862	-0.861	-0.845	-0.649	-0.850	-0.767	-0.859	-0.767	-0.787	-0.697	-0.787	-0.788	-0.787	-0.818	-0.845	-0.827	-0.721	-0.720	-0.792	-0.719	-0.842	-0.844	-0.841	-0.784	-0.814	-0.794	-0.692	-0.811	-0.755	-0.769	-0.769	-0.799	-0.737	-0.759	-0.691	-0.687	-0.707	-0.848	-0.848	-0.704	-0.759	-0.645	-0.694	-0.646	-0.641	-0.860	-0.849	-0.768	-0.736	-0.686	-0.794	-0.638	-0.647	-0.738	-0.838	-0.740	-0.743	-0.617	-0.757	-0.340	-0.383	-0.391	-0.404	-0.404	-0.510	-0.396	-0.638	-0.611	-0.337	-0.624	-0.607	-0.628	-0.623	-0.673	-0.412	-0.680	-0.782	-0.443	-0.698	-0.513	-0.673	-0.660	-0.666	-0.641	-0.189	-0.610	-0.663	-0.664	-0.843	-0.845	-0.659	-0.797	-0.797	-0.798	-0.849	-0.809	-0.833	-0.499	
rs953697       -0.805	-0.798	-0.797	-0.754	-0.787	-0.650	-0.778	-0.524	-0.672	-0.563	-0.577	-0.479	-0.480	-0.382	-0.483	-0.619	-0.438	-0.575	-0.527	-0.568	-0.571	-0.551	-0.599	-0.523	-0.339	-0.623	-0.694	-0.342	-0.681	-0.316	-0.347	-0.445	-0.329	-0.340	-0.607	-0.444	-0.433	-0.306	-0.435	-0.438	-0.421	-0.446	-0.430	-0.417	-0.689	-0.651	-0.682	-0.478	-0.670	-0.669	-0.846	-0.848	-0.627	-0.818	-0.853	-0.848	-0.645	-0.707	-0.866	-0.861	-0.858	-0.858	-0.870	-0.871	-0.875	-0.737	-0.758	-0.876	-0.836	-0.837	-0.876	-0.834	-0.831	-0.722	-0.718	-0.647	-0.862	-0.835	-0.869	-0.835	-0.817	-0.747	-0.877	-0.746	-0.804	-0.738	-0.877	-0.875	-0.860	-0.665	-0.865	-0.783	-0.874	-0.782	-0.803	-0.713	-0.803	-0.804	-0.802	-0.833	-0.860	-0.842	-0.736	-0.735	-0.807	-0.734	-0.857	-0.859	-0.856	-0.799	-0.829	-0.809	-0.707	-0.826	-0.769	-0.785	-0.785	-0.814	-0.754	-0.775	-0.707	-0.702	-0.722	-0.863	-0.863	-0.719	-0.774	-0.661	-0.709	-0.661	-0.657	-0.875	-0.864	-0.783	-0.751	-0.701	-0.809	-0.654	-0.661	-0.753	-0.852	-0.756	-0.759	-0.632	-0.773	-0.357	-0.399	-0.406	-0.420	-0.420	-0.526	-0.412	-0.654	-0.627	-0.353	-0.639	-0.623	-0.644	-0.638	-0.688	-0.427	-0.696	-0.797	-0.459	-0.714	-0.529	-0.689	-0.676	-0.681	-0.656	-0.201	-0.626	-0.679	-0.679	-0.858	-0.860	-0.673	-0.812	-0.812	-0.812	-0.864	-0.824	-0.848	-0.513	
rs17755606     -0.793	-0.785	-0.784	-0.745	-0.774	-0.640	-0.765	-0.512	-0.666	-0.559	-0.573	-0.473	-0.474	-0.483	-0.368	-0.614	-0.446	-0.571	-0.524	-0.564	-0.567	-0.547	-0.584	-0.508	-0.323	-0.613	-0.683	-0.326	-0.671	-0.300	-0.331	-0.429	-0.314	-0.324	-0.598	-0.429	-0.417	-0.290	-0.419	-0.422	-0.405	-0.430	-0.414	-0.401	-0.678	-0.641	-0.672	-0.462	-0.656	-0.656	-0.833	-0.835	-0.614	-0.804	-0.840	-0.835	-0.631	-0.694	-0.853	-0.848	-0.845	-0.845	-0.858	-0.858	-0.863	-0.724	-0.745	-0.863	-0.823	-0.824	-0.863	-0.821	-0.818	-0.709	-0.705	-0.634	-0.849	-0.822	-0.856	-0.822	-0.804	-0.735	-0.864	-0.733	-0.791	-0.726	-0.864	-0.863	-0.847	-0.652	-0.852	-0.769	-0.861	-0.769	-0.790	-0.699	-0.789	-0.790	-0.789	-0.820	-0.847	-0.829	-0.723	-0.723	-0.794	-0.721	-0.844	-0.846	-0.843	-0.786	-0.816	-0.796	-0.694	-0.813	-0.757	-0.771	-0.771	-0.801	-0.740	-0.761	-0.693	-0.689	-0.709	-0.850	-0.850	-0.706	-0.762	-0.647	-0.696	-0.648	-0.643	-0.862	-0.851	-0.770	-0.738	-0.689	-0.796	-0.640	-0.649	-0.740	-0.840	-0.742	-0.745	-0.619	-0.759	-0.343	-0.385	-0.393	-0.406	-0.406	-0.513	-0.399	-0.641	-0.613	-0.340	-0.626	-0.609	-0.630	-0.625	-0.675	-0.414	-0.682	-0.784	-0.445	-0.700	-0.515	-0.675	-0.662	-0.668	-0.643	-0.190	-0.612	-0.665	-0.666	-0.845	-0.847	-0.661	-0.799	-0.799	-0.800	-0.851	-0.811	-0.835	-0.501	
rs8091660      -0.671	-0.620	-0.614	-0.695	-0.582	-0.628	-0.518	-0.493	-0.519	-0.404	-0.427	-0.613	-0.614	-0.619	-0.614	-0.323	-0.588	-0.410	-0.314	-0.403	-0.408	-0.386	-0.619	-0.464	-0.305	-0.565	-0.637	-0.308	-0.625	-0.283	-0.312	-0.385	-0.296	-0.306	-0.551	-0.384	-0.373	-0.273	-0.375	-0.378	-0.361	-0.386	-0.371	-0.357	-0.633	-0.596	-0.626	-0.417	-0.580	-0.588	-0.773	-0.775	-0.505	-0.748	-0.783	-0.777	-0.555	-0.639	-0.798	-0.793	-0.789	-0.789	-0.804	-0.804	-0.810	-0.670	-0.692	-0.810	-0.770	-0.771	-0.810	-0.768	-0.764	-0.656	-0.651	-0.561	-0.794	-0.768	-0.802	-0.768	-0.743	-0.686	-0.811	-0.685	-0.741	-0.673	-0.812	-0.811	-0.793	-0.583	-0.798	-0.698	-0.808	-0.697	-0.734	-0.621	-0.734	-0.735	-0.734	-0.764	-0.791	-0.773	-0.670	-0.669	-0.738	-0.668	-0.791	-0.793	-0.789	-0.730	-0.759	-0.740	-0.640	-0.757	-0.705	-0.716	-0.716	-0.745	-0.684	-0.706	-0.626	-0.631	-0.646	-0.795	-0.795	-0.641	-0.707	-0.578	-0.638	-0.579	-0.573	-0.808	-0.797	-0.718	-0.690	-0.630	-0.729	-0.572	-0.596	-0.693	-0.786	-0.643	-0.688	-0.546	-0.706	-0.316	-0.359	-0.375	-0.388	-0.388	-0.487	-0.372	-0.605	-0.572	-0.279	-0.585	-0.569	-0.595	-0.583	-0.638	-0.354	-0.645	-0.731	-0.422	-0.662	-0.514	-0.613	-0.597	-0.604	-0.575	-0.111	-0.541	-0.601	-0.627	-0.790	-0.790	-0.623	-0.745	-0.744	-0.745	-0.788	-0.737	-0.764	-0.443	
rs17828681     -0.735	-0.725	-0.724	-0.701	-0.714	-0.593	-0.703	-0.457	-0.636	-0.537	-0.550	-0.450	-0.448	-0.438	-0.446	-0.588	-0.304	-0.548	-0.504	-0.542	-0.544	-0.526	-0.516	-0.439	-0.254	-0.568	-0.635	-0.258	-0.623	-0.231	-0.263	-0.358	-0.245	-0.256	-0.552	-0.358	-0.346	-0.221	-0.348	-0.351	-0.334	-0.360	-0.343	-0.329	-0.630	-0.594	-0.624	-0.392	-0.595	-0.596	-0.776	-0.777	-0.554	-0.745	-0.782	-0.777	-0.571	-0.635	-0.796	-0.790	-0.787	-0.787	-0.800	-0.801	-0.806	-0.666	-0.688	-0.806	-0.766	-0.767	-0.806	-0.764	-0.761	-0.651	-0.647	-0.573	-0.791	-0.765	-0.799	-0.765	-0.746	-0.678	-0.807	-0.676	-0.732	-0.668	-0.807	-0.806	-0.789	-0.592	-0.793	-0.710	-0.804	-0.710	-0.728	-0.638	-0.728	-0.728	-0.727	-0.761	-0.789	-0.769	-0.665	-0.665	-0.732	-0.664	-0.785	-0.787	-0.784	-0.724	-0.756	-0.734	-0.635	-0.754	-0.699	-0.709	-0.709	-0.742	-0.676	-0.699	-0.633	-0.631	-0.651	-0.792	-0.790	-0.646	-0.705	-0.588	-0.638	-0.588	-0.584	-0.805	-0.792	-0.713	-0.681	-0.630	-0.737	-0.580	-0.593	-0.681	-0.781	-0.681	-0.681	-0.558	-0.702	-0.289	-0.332	-0.340	-0.353	-0.354	-0.451	-0.345	-0.586	-0.558	-0.288	-0.571	-0.554	-0.576	-0.570	-0.620	-0.362	-0.628	-0.728	-0.393	-0.645	-0.460	-0.616	-0.602	-0.608	-0.582	-0.140	-0.551	-0.606	-0.610	-0.788	-0.790	-0.604	-0.742	-0.742	-0.743	-0.795	-0.756	-0.780	-0.448	
rs11082685     -0.617	-0.561	-0.555	-0.649	-0.520	-0.587	-0.450	-0.449	-0.467	-0.415	-0.426	-0.570	-0.571	-0.575	-0.571	-0.410	-0.548	-0.275	-0.345	-0.389	-0.393	-0.387	-0.577	-0.414	-0.255	-0.522	-0.594	-0.259	-0.582	-0.234	-0.263	-0.333	-0.246	-0.256	-0.508	-0.332	-0.321	-0.223	-0.323	-0.326	-0.309	-0.335	-0.318	-0.305	-0.590	-0.553	-0.584	-0.366	-0.530	-0.540	-0.726	-0.729	-0.455	-0.701	-0.736	-0.731	-0.507	-0.592	-0.752	-0.746	-0.743	-0.743	-0.758	-0.758	-0.764	-0.624	-0.646	-0.764	-0.723	-0.725	-0.764	-0.721	-0.717	-0.609	-0.605	-0.512	-0.748	-0.722	-0.756	-0.722	-0.696	-0.640	-0.765	-0.639	-0.695	-0.626	-0.766	-0.765	-0.747	-0.536	-0.752	-0.650	-0.762	-0.649	-0.688	-0.572	-0.687	-0.688	-0.687	-0.718	-0.745	-0.727	-0.623	-0.623	-0.691	-0.621	-0.745	-0.746	-0.743	-0.683	-0.713	-0.693	-0.594	-0.711	-0.660	-0.669	-0.669	-0.699	-0.636	-0.659	-0.578	-0.585	-0.599	-0.749	-0.748	-0.594	-0.661	-0.530	-0.592	-0.531	-0.525	-0.762	-0.751	-0.672	-0.644	-0.583	-0.682	-0.524	-0.551	-0.647	-0.740	-0.593	-0.641	-0.498	-0.659	-0.271	-0.314	-0.331	-0.344	-0.344	-0.442	-0.327	-0.560	-0.526	-0.231	-0.540	-0.523	-0.550	-0.538	-0.593	-0.306	-0.600	-0.684	-0.378	-0.617	-0.471	-0.565	-0.550	-0.556	-0.527	-0.064	-0.492	-0.553	-0.582	-0.744	-0.744	-0.577	-0.699	-0.698	-0.699	-0.741	-0.689	-0.717	-0.398	
rs1567656      -0.561	-0.500	-0.494	-0.598	-0.456	-0.542	-0.382	-0.402	-0.394	-0.388	-0.391	-0.523	-0.524	-0.527	-0.524	-0.314	-0.504	-0.345	-0.223	-0.338	-0.344	-0.354	-0.532	-0.361	-0.205	-0.476	-0.547	-0.208	-0.535	-0.183	-0.213	-0.281	-0.196	-0.206	-0.462	-0.280	-0.269	-0.173	-0.270	-0.273	-0.256	-0.281	-0.266	-0.252	-0.543	-0.507	-0.536	-0.313	-0.478	-0.489	-0.676	-0.678	-0.401	-0.651	-0.686	-0.681	-0.454	-0.541	-0.702	-0.697	-0.693	-0.693	-0.708	-0.708	-0.715	-0.575	-0.596	-0.715	-0.674	-0.676	-0.715	-0.672	-0.668	-0.560	-0.555	-0.460	-0.698	-0.672	-0.706	-0.672	-0.646	-0.591	-0.716	-0.589	-0.645	-0.577	-0.716	-0.716	-0.697	-0.484	-0.702	-0.599	-0.712	-0.598	-0.637	-0.520	-0.636	-0.637	-0.636	-0.668	-0.695	-0.676	-0.574	-0.573	-0.640	-0.571	-0.695	-0.696	-0.693	-0.632	-0.663	-0.642	-0.543	-0.660	-0.610	-0.618	-0.618	-0.648	-0.585	-0.607	-0.527	-0.535	-0.548	-0.699	-0.698	-0.542	-0.611	-0.479	-0.542	-0.480	-0.473	-0.712	-0.701	-0.623	-0.595	-0.533	-0.631	-0.472	-0.501	-0.597	-0.691	-0.539	-0.590	-0.446	-0.609	-0.221	-0.265	-0.283	-0.295	-0.296	-0.393	-0.278	-0.510	-0.476	-0.179	-0.490	-0.473	-0.500	-0.487	-0.544	-0.254	-0.550	-0.634	-0.329	-0.567	-0.424	-0.514	-0.498	-0.505	-0.475	-0.013	-0.440	-0.501	-0.533	-0.694	-0.694	-0.529	-0.650	-0.648	-0.649	-0.691	-0.638	-0.666	-0.348	
rs4939780      -0.610	-0.553	-0.547	-0.642	-0.512	-0.581	-0.442	-0.442	-0.460	-0.415	-0.425	-0.563	-0.564	-0.568	-0.564	-0.403	-0.542	-0.389	-0.338	-0.267	-0.388	-0.379	-0.571	-0.406	-0.248	-0.516	-0.587	-0.252	-0.575	-0.227	-0.256	-0.326	-0.239	-0.249	-0.502	-0.325	-0.313	-0.216	-0.315	-0.319	-0.301	-0.327	-0.311	-0.297	-0.583	-0.547	-0.577	-0.359	-0.523	-0.533	-0.719	-0.721	-0.447	-0.694	-0.729	-0.723	-0.499	-0.584	-0.745	-0.739	-0.735	-0.735	-0.750	-0.751	-0.757	-0.617	-0.639	-0.757	-0.716	-0.718	-0.757	-0.714	-0.710	-0.602	-0.597	-0.505	-0.740	-0.715	-0.749	-0.715	-0.689	-0.633	-0.758	-0.631	-0.687	-0.619	-0.759	-0.758	-0.740	-0.528	-0.744	-0.643	-0.754	-0.642	-0.680	-0.565	-0.680	-0.680	-0.679	-0.711	-0.738	-0.719	-0.616	-0.616	-0.683	-0.614	-0.737	-0.739	-0.735	-0.675	-0.706	-0.686	-0.586	-0.703	-0.652	-0.662	-0.662	-0.691	-0.629	-0.651	-0.571	-0.578	-0.591	-0.741	-0.741	-0.586	-0.654	-0.523	-0.585	-0.524	-0.518	-0.755	-0.744	-0.665	-0.637	-0.576	-0.674	-0.517	-0.543	-0.639	-0.733	-0.585	-0.633	-0.490	-0.652	-0.263	-0.307	-0.324	-0.337	-0.337	-0.435	-0.320	-0.552	-0.519	-0.224	-0.532	-0.515	-0.542	-0.530	-0.586	-0.298	-0.592	-0.677	-0.371	-0.609	-0.464	-0.558	-0.542	-0.549	-0.519	-0.056	-0.484	-0.545	-0.575	-0.736	-0.736	-0.570	-0.692	-0.690	-0.692	-0.734	-0.682	-0.709	-0.390	
rs3744827      -0.614	-0.557	-0.551	-0.645	-0.516	-0.583	-0.447	-0.445	-0.466	-0.418	-0.428	-0.566	-0.567	-0.571	-0.567	-0.408	-0.544	-0.393	-0.344	-0.388	-0.270	-0.381	-0.574	-0.409	-0.252	-0.518	-0.590	-0.255	-0.578	-0.230	-0.259	-0.330	-0.243	-0.253	-0.505	-0.329	-0.317	-0.220	-0.319	-0.322	-0.305	-0.330	-0.315	-0.301	-0.586	-0.549	-0.579	-0.362	-0.526	-0.536	-0.722	-0.724	-0.451	-0.697	-0.732	-0.727	-0.502	-0.588	-0.748	-0.742	-0.739	-0.739	-0.754	-0.754	-0.760	-0.620	-0.642	-0.760	-0.719	-0.721	-0.760	-0.717	-0.713	-0.605	-0.601	-0.508	-0.744	-0.718	-0.752	-0.718	-0.692	-0.636	-0.761	-0.634	-0.691	-0.622	-0.762	-0.761	-0.743	-0.531	-0.747	-0.646	-0.758	-0.645	-0.683	-0.568	-0.683	-0.684	-0.683	-0.714	-0.741	-0.722	-0.619	-0.619	-0.687	-0.617	-0.740	-0.742	-0.739	-0.679	-0.709	-0.689	-0.590	-0.706	-0.656	-0.665	-0.665	-0.695	-0.632	-0.654	-0.574	-0.581	-0.595	-0.745	-0.744	-0.589	-0.657	-0.526	-0.588	-0.527	-0.521	-0.758	-0.747	-0.668	-0.640	-0.579	-0.678	-0.520	-0.547	-0.643	-0.736	-0.589	-0.637	-0.494	-0.655	-0.267	-0.310	-0.327	-0.340	-0.340	-0.438	-0.323	-0.555	-0.522	-0.227	-0.536	-0.519	-0.546	-0.533	-0.589	-0.302	-0.596	-0.680	-0.374	-0.612	-0.467	-0.561	-0.545	-0.552	-0.522	-0.060	-0.488	-0.549	-0.578	-0.739	-0.739	-0.574	-0.695	-0.694	-0.695	-0.737	-0.685	-0.712	-0.394	
rs2175564      -0.589	-0.531	-0.525	-0.624	-0.489	-0.564	-0.418	-0.425	-0.441	-0.412	-0.419	-0.546	-0.547	-0.551	-0.547	-0.386	-0.526	-0.387	-0.354	-0.379	-0.381	-0.248	-0.554	-0.386	-0.226	-0.498	-0.570	-0.229	-0.558	-0.204	-0.234	-0.303	-0.217	-0.227	-0.484	-0.302	-0.290	-0.194	-0.292	-0.295	-0.278	-0.303	-0.287	-0.274	-0.565	-0.529	-0.559	-0.335	-0.502	-0.514	-0.700	-0.703	-0.427	-0.676	-0.710	-0.705	-0.480	-0.566	-0.726	-0.721	-0.717	-0.717	-0.732	-0.733	-0.739	-0.599	-0.621	-0.739	-0.698	-0.700	-0.739	-0.696	-0.692	-0.584	-0.579	-0.485	-0.722	-0.697	-0.730	-0.697	-0.670	-0.615	-0.740	-0.613	-0.670	-0.601	-0.741	-0.740	-0.722	-0.509	-0.726	-0.624	-0.736	-0.623	-0.662	-0.547	-0.662	-0.663	-0.662	-0.693	-0.720	-0.701	-0.598	-0.598	-0.666	-0.596	-0.719	-0.721	-0.718	-0.658	-0.688	-0.668	-0.568	-0.685	-0.635	-0.644	-0.644	-0.674	-0.611	-0.633	-0.553	-0.559	-0.573	-0.723	-0.723	-0.568	-0.636	-0.504	-0.566	-0.505	-0.499	-0.737	-0.726	-0.647	-0.619	-0.558	-0.657	-0.498	-0.525	-0.622	-0.715	-0.565	-0.614	-0.471	-0.634	-0.246	-0.290	-0.307	-0.320	-0.320	-0.417	-0.303	-0.535	-0.501	-0.206	-0.515	-0.498	-0.525	-0.513	-0.568	-0.281	-0.575	-0.659	-0.354	-0.592	-0.448	-0.539	-0.523	-0.530	-0.500	-0.039	-0.465	-0.526	-0.557	-0.718	-0.718	-0.553	-0.674	-0.672	-0.674	-0.715	-0.663	-0.690	-0.374	
rs17829286     -0.776	-0.779	-0.780	-0.670	-0.766	-0.580	-0.770	-0.511	-0.671	-0.566	-0.579	-0.579	-0.581	-0.599	-0.584	-0.619	-0.516	-0.577	-0.532	-0.571	-0.574	-0.554	-0.364	-0.553	-0.373	-0.503	-0.589	-0.375	-0.573	-0.350	-0.378	-0.489	-0.362	-0.372	-0.481	-0.488	-0.478	-0.341	-0.480	-0.483	-0.468	-0.490	-0.476	-0.465	-0.584	-0.536	-0.575	-0.516	-0.686	-0.649	-0.807	-0.810	-0.567	-0.766	-0.818	-0.810	-0.623	-0.688	-0.836	-0.829	-0.824	-0.824	-0.843	-0.843	-0.852	-0.716	-0.732	-0.851	-0.818	-0.817	-0.851	-0.819	-0.818	-0.703	-0.700	-0.625	-0.830	-0.818	-0.840	-0.818	-0.795	-0.732	-0.853	-0.730	-0.766	-0.718	-0.853	-0.855	-0.836	-0.644	-0.822	-0.755	-0.846	-0.754	-0.759	-0.669	-0.759	-0.760	-0.759	-0.782	-0.820	-0.808	-0.715	-0.715	-0.763	-0.713	-0.828	-0.830	-0.824	-0.756	-0.778	-0.767	-0.688	-0.774	-0.701	-0.739	-0.739	-0.759	-0.703	-0.727	-0.678	-0.676	-0.711	-0.821	-0.829	-0.692	-0.748	-0.639	-0.683	-0.640	-0.635	-0.847	-0.834	-0.762	-0.735	-0.675	-0.778	-0.633	-0.616	-0.748	-0.811	-0.716	-0.706	-0.610	-0.691	-0.283	-0.332	-0.335	-0.349	-0.350	-0.503	-0.347	-0.595	-0.569	-0.285	-0.583	-0.564	-0.583	-0.580	-0.645	-0.364	-0.641	-0.743	-0.389	-0.660	-0.469	-0.668	-0.655	-0.661	-0.634	-0.093	-0.603	-0.657	-0.661	-0.839	-0.839	-0.656	-0.794	-0.793	-0.794	-0.838	-0.790	-0.812	-0.473	
rs59988504     -0.720	-0.718	-0.718	-0.646	-0.705	-0.533	-0.705	-0.412	-0.524	-0.401	-0.417	-0.504	-0.506	-0.523	-0.508	-0.464	-0.439	-0.414	-0.361	-0.406	-0.409	-0.386	-0.553	-0.283	-0.304	-0.531	-0.605	-0.306	-0.592	-0.279	-0.311	-0.349	-0.293	-0.303	-0.518	-0.348	-0.334	-0.267	-0.336	-0.339	-0.321	-0.350	-0.333	-0.316	-0.600	-0.561	-0.593	-0.385	-0.620	-0.589	-0.755	-0.757	-0.519	-0.706	-0.765	-0.759	-0.570	-0.629	-0.779	-0.773	-0.770	-0.770	-0.785	-0.785	-0.791	-0.652	-0.656	-0.792	-0.752	-0.752	-0.792	-0.753	-0.751	-0.638	-0.637	-0.571	-0.775	-0.752	-0.783	-0.752	-0.735	-0.663	-0.793	-0.661	-0.696	-0.654	-0.793	-0.792	-0.779	-0.587	-0.764	-0.705	-0.790	-0.704	-0.725	-0.620	-0.725	-0.726	-0.724	-0.730	-0.765	-0.764	-0.651	-0.651	-0.730	-0.650	-0.777	-0.779	-0.776	-0.722	-0.725	-0.731	-0.627	-0.722	-0.651	-0.707	-0.707	-0.708	-0.677	-0.698	-0.617	-0.616	-0.644	-0.767	-0.783	-0.631	-0.675	-0.583	-0.624	-0.584	-0.580	-0.791	-0.784	-0.694	-0.666	-0.616	-0.723	-0.577	-0.507	-0.683	-0.755	-0.689	-0.707	-0.557	-0.681	-0.207	-0.247	-0.260	-0.275	-0.275	-0.451	-0.263	-0.543	-0.512	-0.191	-0.524	-0.508	-0.532	-0.525	-0.575	-0.273	-0.586	-0.702	-0.322	-0.607	-0.404	-0.608	-0.596	-0.601	-0.577	-0.103	-0.548	-0.598	-0.589	-0.775	-0.777	-0.583	-0.728	-0.729	-0.729	-0.779	-0.738	-0.761	-0.418	
rs8097948      -0.539	-0.536	-0.536	-0.472	-0.524	-0.361	-0.524	-0.206	-0.361	-0.244	-0.259	-0.319	-0.321	-0.339	-0.323	-0.305	-0.254	-0.255	-0.205	-0.248	-0.252	-0.226	-0.373	-0.304	-0.088	-0.388	-0.455	-0.181	-0.444	-0.170	-0.192	-0.306	-0.184	-0.188	-0.378	-0.305	-0.302	-0.162	-0.303	-0.304	-0.299	-0.307	-0.302	-0.297	-0.451	-0.416	-0.443	-0.313	-0.476	-0.409	-0.578	-0.580	-0.348	-0.524	-0.590	-0.584	-0.394	-0.450	-0.602	-0.597	-0.594	-0.594	-0.606	-0.606	-0.611	-0.470	-0.471	-0.612	-0.572	-0.572	-0.612	-0.573	-0.571	-0.455	-0.456	-0.395	-0.598	-0.572	-0.605	-0.572	-0.553	-0.479	-0.612	-0.477	-0.511	-0.472	-0.613	-0.611	-0.596	-0.408	-0.583	-0.528	-0.611	-0.528	-0.549	-0.435	-0.549	-0.550	-0.549	-0.549	-0.585	-0.587	-0.469	-0.469	-0.554	-0.468	-0.598	-0.600	-0.597	-0.546	-0.544	-0.555	-0.447	-0.541	-0.466	-0.532	-0.532	-0.527	-0.503	-0.523	-0.431	-0.436	-0.462	-0.588	-0.605	-0.445	-0.491	-0.405	-0.443	-0.405	-0.402	-0.611	-0.605	-0.512	-0.482	-0.436	-0.541	-0.399	-0.308	-0.509	-0.575	-0.523	-0.550	-0.381	-0.517	-0.019	-0.057	-0.076	-0.090	-0.091	-0.276	-0.072	-0.364	-0.330	+0.001	-0.341	-0.326	-0.354	-0.343	-0.393	-0.082	-0.408	-0.528	-0.141	-0.429	-0.223	-0.428	-0.418	-0.423	-0.400	+0.034	-0.372	-0.419	-0.399	-0.592	-0.595	-0.393	-0.545	-0.547	-0.547	-0.601	-0.566	-0.588	-0.247	
rs11663925     -0.755	-0.748	-0.747	-0.725	-0.739	-0.599	-0.734	-0.489	-0.619	-0.509	-0.523	-0.611	-0.612	-0.623	-0.613	-0.565	-0.568	-0.522	-0.476	-0.516	-0.518	-0.498	-0.503	-0.531	-0.388	-0.332	-0.510	-0.390	-0.513	-0.368	-0.394	-0.472	-0.379	-0.388	-0.503	-0.471	-0.462	-0.359	-0.464	-0.466	-0.452	-0.473	-0.460	-0.449	-0.522	-0.520	-0.529	-0.497	-0.644	-0.605	-0.803	-0.802	-0.637	-0.799	-0.809	-0.807	-0.575	-0.632	-0.807	-0.808	-0.809	-0.809	-0.804	-0.804	-0.797	-0.636	-0.690	-0.803	-0.724	-0.732	-0.803	-0.711	-0.702	-0.608	-0.624	-0.579	-0.811	-0.719	-0.809	-0.718	-0.747	-0.600	-0.801	-0.593	-0.748	-0.637	-0.802	-0.793	-0.787	-0.601	-0.822	-0.745	-0.809	-0.745	-0.791	-0.716	-0.791	-0.791	-0.790	-0.808	-0.817	-0.803	-0.639	-0.636	-0.793	-0.643	-0.799	-0.803	-0.806	-0.789	-0.805	-0.793	-0.625	-0.804	-0.760	-0.780	-0.780	-0.797	-0.762	-0.775	-0.647	-0.655	-0.670	-0.822	-0.812	-0.661	-0.706	-0.596	-0.660	-0.596	-0.591	-0.810	-0.810	-0.698	-0.615	-0.659	-0.771	-0.590	-0.657	-0.630	-0.812	-0.740	-0.761	-0.564	-0.758	-0.290	-0.311	-0.341	-0.355	-0.355	-0.505	-0.327	-0.597	-0.555	-0.298	-0.569	-0.551	-0.586	-0.567	-0.625	-0.372	-0.639	-0.775	-0.413	-0.656	-0.496	-0.636	-0.623	-0.629	-0.603	-0.197	-0.572	-0.625	-0.635	-0.806	-0.808	-0.631	-0.760	-0.760	-0.761	-0.812	-0.772	-0.797	-0.496	
rs2337069      -0.830	-0.823	-0.822	-0.795	-0.815	-0.675	-0.810	-0.563	-0.692	-0.581	-0.595	-0.680	-0.682	-0.694	-0.683	-0.637	-0.635	-0.594	-0.547	-0.587	-0.590	-0.570	-0.589	-0.605	-0.455	-0.510	-0.414	-0.458	-0.525	-0.435	-0.461	-0.543	-0.445	-0.455	-0.448	-0.543	-0.534	-0.425	-0.535	-0.538	-0.524	-0.545	-0.531	-0.520	-0.553	-0.504	-0.549	-0.570	-0.714	-0.685	-0.876	-0.876	-0.703	-0.870	-0.883	-0.881	-0.655	-0.712	-0.882	-0.882	-0.883	-0.883	-0.880	-0.880	-0.874	-0.719	-0.768	-0.879	-0.803	-0.810	-0.879	-0.791	-0.782	-0.694	-0.707	-0.659	-0.885	-0.798	-0.884	-0.797	-0.826	-0.690	-0.878	-0.684	-0.828	-0.720	-0.878	-0.870	-0.863	-0.680	-0.896	-0.819	-0.884	-0.819	-0.862	-0.784	-0.861	-0.862	-0.861	-0.880	-0.891	-0.877	-0.722	-0.719	-0.865	-0.725	-0.874	-0.878	-0.880	-0.859	-0.877	-0.865	-0.706	-0.876	-0.830	-0.850	-0.850	-0.868	-0.831	-0.845	-0.725	-0.730	-0.745	-0.895	-0.887	-0.739	-0.784	-0.675	-0.735	-0.676	-0.670	-0.885	-0.885	-0.779	-0.704	-0.733	-0.846	-0.669	-0.723	-0.717	-0.886	-0.811	-0.832	-0.644	-0.830	-0.368	-0.393	-0.418	-0.432	-0.432	-0.583	-0.408	-0.672	-0.634	-0.375	-0.647	-0.629	-0.661	-0.645	-0.703	-0.449	-0.715	-0.847	-0.487	-0.732	-0.576	-0.713	-0.700	-0.706	-0.680	-0.257	-0.650	-0.703	-0.710	-0.882	-0.884	-0.705	-0.836	-0.837	-0.837	-0.887	-0.847	-0.872	-0.565	
rs72925534     -0.542	-0.539	-0.539	-0.475	-0.527	-0.364	-0.526	-0.209	-0.365	-0.248	-0.263	-0.322	-0.324	-0.342	-0.326	-0.308	-0.258	-0.259	-0.208	-0.252	-0.255	-0.229	-0.375	-0.306	-0.181	-0.390	-0.458	-0.091	-0.447	-0.159	-0.188	-0.307	-0.180	-0.184	-0.381	-0.307	-0.304	-0.161	-0.305	-0.305	-0.301	-0.308	-0.304	-0.299	-0.453	-0.419	-0.447	-0.314	-0.479	-0.411	-0.581	-0.582	-0.351	-0.527	-0.592	-0.586	-0.396	-0.453	-0.604	-0.599	-0.596	-0.596	-0.608	-0.609	-0.613	-0.473	-0.473	-0.614	-0.575	-0.575	-0.614	-0.576	-0.573	-0.457	-0.459	-0.397	-0.601	-0.575	-0.607	-0.575	-0.555	-0.481	-0.615	-0.479	-0.514	-0.474	-0.615	-0.613	-0.599	-0.410	-0.586	-0.531	-0.613	-0.530	-0.552	-0.437	-0.552	-0.552	-0.551	-0.552	-0.588	-0.589	-0.472	-0.471	-0.557	-0.470	-0.600	-0.602	-0.600	-0.549	-0.547	-0.558	-0.449	-0.544	-0.469	-0.535	-0.534	-0.530	-0.506	-0.526	-0.433	-0.438	-0.464	-0.591	-0.607	-0.447	-0.494	-0.407	-0.446	-0.407	-0.404	-0.614	-0.607	-0.515	-0.484	-0.438	-0.544	-0.401	-0.311	-0.511	-0.578	-0.526	-0.553	-0.383	-0.520	-0.022	-0.059	-0.078	-0.093	-0.093	-0.279	-0.074	-0.367	-0.333	-0.001	-0.344	-0.329	-0.357	-0.347	-0.396	-0.084	-0.410	-0.531	-0.143	-0.432	-0.227	-0.431	-0.420	-0.425	-0.403	+0.031	-0.375	-0.422	-0.401	-0.594	-0.598	-0.395	-0.547	-0.549	-0.549	-0.604	-0.568	-0.590	-0.250	
rs907538       -0.817	-0.809	-0.808	-0.783	-0.802	-0.662	-0.796	-0.550	-0.679	-0.569	-0.583	-0.668	-0.669	-0.681	-0.671	-0.625	-0.623	-0.582	-0.535	-0.575	-0.578	-0.558	-0.573	-0.592	-0.444	-0.513	-0.525	-0.447	-0.399	-0.424	-0.450	-0.532	-0.435	-0.444	-0.460	-0.531	-0.522	-0.415	-0.523	-0.526	-0.512	-0.532	-0.519	-0.508	-0.542	-0.507	-0.544	-0.557	-0.701	-0.670	-0.863	-0.863	-0.692	-0.858	-0.869	-0.868	-0.640	-0.697	-0.868	-0.869	-0.869	-0.869	-0.866	-0.866	-0.859	-0.703	-0.754	-0.865	-0.787	-0.795	-0.865	-0.775	-0.766	-0.678	-0.692	-0.644	-0.872	-0.782	-0.870	-0.781	-0.812	-0.673	-0.863	-0.667	-0.814	-0.705	-0.863	-0.855	-0.848	-0.665	-0.882	-0.806	-0.870	-0.806	-0.849	-0.772	-0.849	-0.849	-0.849	-0.867	-0.877	-0.864	-0.706	-0.704	-0.852	-0.709	-0.860	-0.864	-0.866	-0.847	-0.865	-0.852	-0.691	-0.863	-0.818	-0.838	-0.838	-0.856	-0.819	-0.833	-0.711	-0.717	-0.731	-0.882	-0.873	-0.724	-0.770	-0.661	-0.722	-0.661	-0.656	-0.871	-0.871	-0.764	-0.687	-0.720	-0.832	-0.655	-0.712	-0.701	-0.872	-0.798	-0.820	-0.630	-0.818	-0.353	-0.377	-0.404	-0.417	-0.417	-0.570	-0.392	-0.658	-0.619	-0.360	-0.632	-0.614	-0.647	-0.630	-0.688	-0.434	-0.700	-0.834	-0.473	-0.717	-0.563	-0.699	-0.686	-0.692	-0.666	-0.246	-0.636	-0.689	-0.696	-0.868	-0.870	-0.692	-0.822	-0.823	-0.823	-0.874	-0.834	-0.858	-0.553	
rs16949586     -0.517	-0.514	-0.514	-0.450	-0.502	-0.339	-0.501	-0.182	-0.339	-0.223	-0.238	-0.296	-0.298	-0.316	-0.300	-0.283	-0.231	-0.234	-0.183	-0.227	-0.230	-0.204	-0.350	-0.279	-0.170	-0.368	-0.435	-0.159	-0.424	-0.064	-0.165	-0.283	-0.161	-0.163	-0.359	-0.283	-0.281	-0.150	-0.281	-0.282	-0.279	-0.284	-0.281	-0.277	-0.431	-0.397	-0.424	-0.289	-0.455	-0.386	-0.556	-0.557	-0.325	-0.501	-0.567	-0.561	-0.372	-0.428	-0.579	-0.574	-0.571	-0.571	-0.584	-0.584	-0.588	-0.448	-0.448	-0.589	-0.550	-0.550	-0.589	-0.551	-0.549	-0.432	-0.434	-0.373	-0.576	-0.550	-0.582	-0.550	-0.530	-0.456	-0.590	-0.454	-0.487	-0.449	-0.590	-0.589	-0.574	-0.386	-0.560	-0.506	-0.588	-0.506	-0.527	-0.411	-0.526	-0.527	-0.526	-0.526	-0.562	-0.564	-0.447	-0.446	-0.531	-0.445	-0.575	-0.578	-0.575	-0.524	-0.521	-0.533	-0.425	-0.518	-0.442	-0.509	-0.509	-0.504	-0.480	-0.500	-0.407	-0.413	-0.439	-0.565	-0.582	-0.421	-0.469	-0.382	-0.421	-0.383	-0.380	-0.589	-0.583	-0.490	-0.459	-0.413	-0.518	-0.376	-0.283	-0.487	-0.552	-0.502	-0.529	-0.358	-0.495	+0.008	-0.029	-0.050	-0.064	-0.065	-0.254	-0.045	-0.340	-0.306	+0.028	-0.317	-0.302	-0.331	-0.320	-0.369	-0.056	-0.384	-0.506	-0.116	-0.405	-0.200	-0.406	-0.395	-0.400	-0.377	+0.054	-0.350	-0.397	-0.376	-0.569	-0.573	-0.369	-0.523	-0.525	-0.524	-0.579	-0.543	-0.565	-0.225	
