## Summary of overall evidence for association with region:
## log10(BF for region) = -0.618036
## p-value for region = NA

## BFs for choosing among multi-SNP models:
## log10(average 1-SNP BF) = -0.534888
## log10(average 2-SNP BF) = -0.856127

## Example posterior probabilities for multi-SNP models, based on default prior: [p(l) propto 0.5^l for l=1,2,...,L]
## posterior probability of 1-SNP = 0.807342
## posterior probability of 2-SNP = 0.192658

## log10(BF) for single SNP and pair of SNPs:
rs1873400      -0.621	-0.792	-0.794	-0.741	-0.759	-0.756	-0.867	-1.000	-0.948	-0.944	-0.944	-0.989	-0.901	-0.897	-0.896	-0.987	-0.792	-0.805	-0.814	-0.937	-0.982	-0.988	-0.991	-0.993	-0.981	-0.977	-0.977	-0.971	-1.000	-0.989	-0.998	-0.902	-0.970	-0.990	-0.870	-1.004	-0.909	-0.996	-0.924	-0.866	-0.975	-1.075	-1.055	-0.934	-0.934	-0.657	-1.087	-1.083	-0.906	-1.083	-1.082	-1.083	-1.097	-1.090	-0.950	-0.985	-1.009	-0.987	-1.010	-1.011	-0.965	-1.015	-1.009	-1.048	-1.005	-0.989	-0.989	-0.989	-0.989	-0.989	-0.989	-0.967	-0.999	-0.989	-0.990	-1.048	-0.986	-0.991	-0.992	-0.992	-0.961	-1.020	-1.021	-0.991	-1.017	-0.992	-1.017	-0.991	-0.988	-0.944	-1.053	-1.041	-1.015	-1.055	-1.011	-0.992	-0.993	-0.720	-0.991	-0.992	-0.992	-0.990	-0.992	-1.080	-0.937	-0.988	-0.981	-0.987	-0.949	-0.989	-0.989	-0.990	-0.709	-0.991	-0.992	-1.006	-1.024	-0.994	-1.000	-0.922	-0.992	-1.020	-0.992	-0.992	-0.992	-0.994	-1.079	-1.077	-1.079	-1.084	-0.726	-1.029	-1.079	-1.084	-0.699	-1.079	-0.983	-1.084	-1.079	-1.080	-1.088	-0.967	-0.905	-1.063	-1.068	-0.997	-1.068	-1.068	-1.067	-1.066	-0.998	-1.077	-1.059	-1.084	-1.085	-1.083	-1.083	-1.083	-1.078	-1.085	-1.083	-1.027	-1.069	-1.085	-1.085	-1.082	-0.961	-1.082	-1.084	-1.082	-1.083	-0.902	-1.085	-1.085	-1.085	-1.086	-0.996	-1.086	-0.997	-1.087	-0.997	-1.087	-1.087	-0.997	-1.063	
rs1873397      -0.792	-0.564	-0.695	-0.757	-0.782	-0.769	-0.860	-0.918	-0.905	-0.902	-0.901	-0.771	-0.846	-0.842	-0.841	-0.789	-0.723	-0.730	-0.733	-0.884	-0.852	-0.859	-0.864	-0.866	-0.851	-0.847	-0.846	-0.839	-0.877	-0.861	-0.874	-0.765	-0.838	-0.858	-0.721	-0.881	-0.850	-0.870	-0.865	-0.767	-0.846	-1.033	-1.018	-0.882	-0.882	-0.608	-1.003	-0.994	-0.846	-0.995	-0.992	-0.995	-1.016	-1.007	-0.935	-0.933	-0.936	-0.935	-0.937	-0.938	-0.910	-0.943	-0.936	-0.991	-0.931	-0.936	-0.937	-0.937	-0.937	-0.936	-0.937	-0.916	-0.925	-0.937	-0.936	-0.989	-0.908	-0.939	-0.940	-0.941	-0.911	-0.972	-0.947	-0.940	-0.943	-0.941	-0.942	-0.940	-0.937	-0.882	-0.993	-0.980	-0.940	-0.995	-0.936	-0.940	-0.941	-0.665	-0.939	-0.941	-0.941	-0.939	-0.941	-1.017	-0.881	-0.913	-0.912	-0.918	-0.886	-0.938	-0.914	-0.939	-0.655	-0.940	-0.941	-0.939	-0.970	-0.942	-0.927	-0.844	-0.941	-0.965	-0.941	-0.941	-0.941	-0.942	-1.016	-1.014	-1.015	-1.023	-0.610	-0.976	-1.015	-1.023	-0.646	-1.015	-0.914	-1.024	-1.015	-1.016	-1.031	-0.917	-0.847	-0.996	-1.002	-0.944	-1.002	-1.002	-1.000	-1.000	-0.945	-1.014	-0.992	-1.023	-1.027	-1.021	-1.021	-1.021	-1.016	-1.025	-1.024	-0.971	-1.004	-1.028	-1.027	-1.021	-0.900	-1.020	-1.023	-1.020	-1.021	-0.846	-1.026	-1.026	-1.035	-1.035	-0.943	-1.035	-0.944	-1.036	-0.943	-1.036	-1.035	-0.944	-1.015	
rs1873394      -0.794	-0.695	-0.565	-0.759	-0.784	-0.771	-0.861	-0.918	-0.906	-0.902	-0.902	-0.773	-0.846	-0.843	-0.842	-0.791	-0.723	-0.731	-0.734	-0.885	-0.854	-0.860	-0.865	-0.867	-0.853	-0.848	-0.848	-0.840	-0.878	-0.863	-0.875	-0.767	-0.840	-0.860	-0.722	-0.882	-0.850	-0.871	-0.866	-0.768	-0.848	-1.034	-1.018	-0.883	-0.883	-0.609	-1.004	-0.995	-0.847	-0.996	-0.993	-0.996	-1.017	-1.008	-0.936	-0.934	-0.936	-0.936	-0.938	-0.939	-0.911	-0.944	-0.937	-0.991	-0.932	-0.937	-0.938	-0.938	-0.938	-0.937	-0.938	-0.917	-0.926	-0.938	-0.937	-0.990	-0.909	-0.940	-0.941	-0.941	-0.912	-0.972	-0.948	-0.941	-0.944	-0.941	-0.943	-0.941	-0.938	-0.883	-0.994	-0.981	-0.941	-0.996	-0.937	-0.941	-0.942	-0.666	-0.940	-0.941	-0.941	-0.940	-0.941	-1.017	-0.882	-0.914	-0.913	-0.919	-0.886	-0.939	-0.915	-0.940	-0.656	-0.941	-0.942	-0.940	-0.971	-0.943	-0.928	-0.845	-0.942	-0.966	-0.942	-0.942	-0.942	-0.943	-1.016	-1.014	-1.016	-1.024	-0.611	-0.976	-1.016	-1.024	-0.646	-1.016	-0.915	-1.025	-1.016	-1.017	-1.032	-0.918	-0.848	-0.997	-1.003	-0.945	-1.003	-1.003	-1.001	-1.001	-0.946	-1.014	-0.993	-1.024	-1.028	-1.022	-1.022	-1.022	-1.017	-1.025	-1.025	-0.972	-1.005	-1.029	-1.028	-1.022	-0.901	-1.020	-1.024	-1.021	-1.022	-0.846	-1.027	-1.027	-1.035	-1.036	-0.944	-1.036	-0.945	-1.036	-0.944	-1.037	-1.036	-0.945	-1.016	
rs13079087     -0.741	-0.757	-0.759	-0.623	-0.753	-0.757	-0.860	-1.002	-0.951	-0.946	-0.946	-0.987	-0.904	-0.900	-0.899	-0.984	-0.758	-0.771	-0.781	-0.938	-0.990	-0.995	-0.999	-1.000	-0.989	-0.985	-0.984	-0.978	-1.008	-0.996	-1.006	-0.909	-0.978	-0.997	-0.878	-1.011	-0.911	-1.003	-0.926	-0.877	-0.983	-1.075	-1.055	-0.936	-0.936	-0.657	-1.091	-1.088	-0.909	-1.088	-1.086	-1.088	-1.100	-1.094	-0.946	-0.987	-1.014	-0.989	-1.015	-1.016	-0.967	-1.020	-1.014	-1.050	-1.010	-0.990	-0.991	-0.991	-0.991	-0.990	-0.991	-0.968	-1.004	-0.991	-0.992	-1.050	-0.991	-0.992	-0.994	-0.994	-0.962	-1.021	-1.026	-0.993	-1.022	-0.994	-1.022	-0.993	-0.990	-0.946	-1.055	-1.043	-1.020	-1.057	-1.017	-0.993	-0.995	-0.722	-0.992	-0.994	-0.994	-0.992	-0.994	-1.083	-0.939	-0.992	-0.984	-0.990	-0.951	-0.990	-0.993	-0.992	-0.710	-0.993	-0.993	-1.009	-1.026	-0.995	-1.004	-0.927	-0.994	-1.022	-0.994	-0.994	-0.994	-0.996	-1.082	-1.081	-1.082	-1.086	-0.730	-1.031	-1.082	-1.086	-0.701	-1.082	-0.986	-1.087	-1.082	-1.083	-1.090	-0.968	-0.908	-1.067	-1.072	-0.998	-1.072	-1.072	-1.070	-1.070	-0.999	-1.080	-1.063	-1.087	-1.087	-1.086	-1.086	-1.086	-1.082	-1.088	-1.085	-1.030	-1.072	-1.087	-1.088	-1.086	-0.963	-1.085	-1.088	-1.085	-1.086	-0.904	-1.087	-1.087	-1.086	-1.087	-0.998	-1.087	-0.999	-1.088	-0.999	-1.088	-1.088	-0.999	-1.064	
rs1056524      -0.759	-0.782	-0.784	-0.753	-0.622	-0.758	-0.865	-1.001	-0.949	-0.945	-0.945	-0.988	-0.902	-0.899	-0.898	-0.986	-0.780	-0.793	-0.803	-0.937	-0.985	-0.990	-0.994	-0.996	-0.984	-0.980	-0.980	-0.974	-1.003	-0.992	-1.001	-0.904	-0.973	-0.993	-0.873	-1.007	-0.910	-0.998	-0.925	-0.870	-0.978	-1.075	-1.055	-0.935	-0.935	-0.657	-1.089	-1.085	-0.908	-1.085	-1.084	-1.085	-1.098	-1.091	-0.949	-0.986	-1.011	-0.988	-1.012	-1.013	-0.966	-1.017	-1.011	-1.049	-1.007	-0.990	-0.990	-0.990	-0.990	-0.989	-0.990	-0.968	-1.001	-0.990	-0.991	-1.049	-0.988	-0.992	-0.993	-0.993	-0.961	-1.020	-1.022	-0.992	-1.019	-0.993	-1.019	-0.992	-0.989	-0.945	-1.054	-1.042	-1.017	-1.056	-1.013	-0.993	-0.994	-0.721	-0.991	-0.993	-0.993	-0.991	-0.993	-1.081	-0.938	-0.990	-0.983	-0.989	-0.950	-0.990	-0.991	-0.991	-0.709	-0.992	-0.993	-1.007	-1.025	-0.995	-1.002	-0.924	-0.993	-1.021	-0.993	-0.993	-0.993	-0.995	-1.080	-1.079	-1.080	-1.085	-0.727	-1.030	-1.080	-1.085	-0.700	-1.080	-0.984	-1.085	-1.080	-1.081	-1.089	-0.968	-0.907	-1.064	-1.070	-0.997	-1.070	-1.069	-1.068	-1.067	-0.999	-1.078	-1.061	-1.085	-1.086	-1.084	-1.084	-1.084	-1.080	-1.087	-1.084	-1.029	-1.070	-1.086	-1.087	-1.084	-0.962	-1.083	-1.086	-1.083	-1.084	-0.903	-1.086	-1.086	-1.086	-1.087	-0.997	-1.087	-0.998	-1.088	-0.998	-1.088	-1.087	-0.998	-1.064	
rs1056522      -0.756	-0.769	-0.771	-0.757	-0.758	-0.623	-0.863	-1.002	-0.951	-0.946	-0.946	-0.988	-0.903	-0.900	-0.899	-0.985	-0.769	-0.781	-0.791	-0.938	-0.988	-0.993	-0.997	-0.998	-0.987	-0.983	-0.983	-0.977	-1.006	-0.995	-1.004	-0.907	-0.976	-0.996	-0.876	-1.009	-0.911	-1.001	-0.926	-0.874	-0.981	-1.075	-1.055	-0.936	-0.936	-0.658	-1.090	-1.087	-0.909	-1.087	-1.085	-1.087	-1.100	-1.093	-0.948	-0.987	-1.013	-0.989	-1.014	-1.015	-0.967	-1.019	-1.013	-1.050	-1.009	-0.990	-0.991	-0.991	-0.991	-0.990	-0.991	-0.968	-1.003	-0.991	-0.992	-1.050	-0.990	-0.992	-0.994	-0.994	-0.962	-1.021	-1.025	-0.993	-1.021	-0.994	-1.021	-0.993	-0.990	-0.946	-1.055	-1.043	-1.019	-1.057	-1.015	-0.993	-0.995	-0.722	-0.992	-0.994	-0.994	-0.992	-0.994	-1.083	-0.939	-0.992	-0.984	-0.990	-0.951	-0.991	-0.993	-0.992	-0.710	-0.993	-0.994	-1.008	-1.026	-0.995	-1.004	-0.926	-0.994	-1.022	-0.994	-0.994	-0.994	-0.996	-1.082	-1.080	-1.082	-1.086	-0.729	-1.031	-1.082	-1.086	-0.701	-1.082	-0.986	-1.086	-1.082	-1.083	-1.089	-0.969	-0.908	-1.066	-1.071	-0.998	-1.071	-1.071	-1.070	-1.069	-0.999	-1.080	-1.063	-1.087	-1.087	-1.085	-1.085	-1.085	-1.081	-1.088	-1.085	-1.030	-1.072	-1.087	-1.088	-1.085	-0.963	-1.084	-1.087	-1.084	-1.085	-0.904	-1.087	-1.087	-1.086	-1.088	-0.998	-1.088	-0.999	-1.088	-0.999	-1.089	-1.088	-0.999	-1.064	
rs12492352     -0.867	-0.860	-0.861	-0.860	-0.865	-0.863	-0.412	-0.781	-0.768	-0.765	-0.765	-0.881	-0.688	-0.683	-0.682	-0.885	-0.859	-0.860	-0.863	-0.730	-0.714	-0.720	-0.725	-0.728	-0.713	-0.707	-0.707	-0.700	-0.737	-0.723	-0.735	-0.633	-0.699	-0.737	-0.598	-0.742	-0.714	-0.731	-0.732	-0.627	-0.707	-0.896	-0.884	-0.740	-0.740	-0.471	-0.849	-0.844	-0.713	-0.844	-0.842	-0.844	-0.864	-0.853	-0.812	-0.772	-0.767	-0.773	-0.769	-0.769	-0.763	-0.775	-0.767	-0.843	-0.762	-0.775	-0.774	-0.774	-0.774	-0.775	-0.774	-0.757	-0.755	-0.774	-0.765	-0.845	-0.742	-0.782	-0.782	-0.782	-0.758	-0.825	-0.784	-0.782	-0.780	-0.782	-0.779	-0.782	-0.780	-0.752	-0.859	-0.845	-0.776	-0.860	-0.773	-0.783	-0.782	-0.522	-0.783	-0.783	-0.783	-0.784	-0.783	-0.864	-0.739	-0.818	-0.814	-0.818	-0.759	-0.783	-0.819	-0.784	-0.518	-0.784	-0.786	-0.832	-0.796	-0.783	-0.826	-0.714	-0.786	-0.782	-0.786	-0.786	-0.786	-0.784	-0.863	-0.861	-0.863	-0.880	-0.494	-0.814	-0.863	-0.880	-0.509	-0.863	-0.814	-0.881	-0.863	-0.864	-0.890	-0.760	-0.656	-0.841	-0.848	-0.782	-0.848	-0.848	-0.846	-0.845	-0.781	-0.868	-0.837	-0.870	-0.883	-0.868	-0.868	-0.868	-0.861	-0.873	-0.878	-0.799	-0.848	-0.885	-0.883	-0.867	-0.767	-0.866	-0.871	-0.866	-0.868	-0.705	-0.881	-0.881	-0.892	-0.893	-0.780	-0.893	-0.778	-0.893	-0.778	-0.893	-0.893	-0.777	-0.874	
rs1123373      -1.000	-0.918	-0.918	-1.002	-1.001	-1.002	-0.781	-0.531	-0.397	-0.374	-0.373	-0.982	-0.760	-0.756	-0.755	-0.980	-0.915	-0.919	-0.923	-0.854	-0.911	-0.916	-0.919	-0.921	-0.910	-0.906	-0.906	-0.900	-0.928	-0.917	-0.926	-0.832	-0.899	-0.920	-0.803	-0.932	-0.826	-0.924	-0.841	-0.809	-0.904	-0.981	-0.959	-0.850	-0.850	-0.560	-1.006	-1.006	-0.824	-1.006	-1.004	-1.006	-1.015	-1.009	-0.870	-0.901	-0.928	-0.903	-0.930	-0.930	-0.882	-0.935	-0.928	-0.964	-0.924	-0.904	-0.905	-0.905	-0.905	-0.904	-0.905	-0.882	-0.919	-0.905	-0.906	-0.964	-0.906	-0.906	-0.908	-0.908	-0.875	-0.936	-0.940	-0.907	-0.937	-0.908	-0.937	-0.907	-0.904	-0.863	-0.968	-0.958	-0.935	-0.970	-0.931	-0.907	-0.909	-0.627	-0.906	-0.908	-0.908	-0.906	-0.908	-0.999	-0.852	-0.910	-0.900	-0.905	-0.868	-0.904	-0.911	-0.906	-0.614	-0.907	-0.907	-0.923	-0.941	-0.909	-0.921	-0.838	-0.908	-0.937	-0.908	-0.908	-0.908	-0.910	-0.998	-0.996	-0.998	-1.004	-0.644	-0.947	-0.998	-1.004	-0.605	-0.998	-0.901	-1.004	-0.997	-0.998	-1.008	-0.882	-0.824	-0.982	-0.987	-0.912	-0.987	-0.987	-0.986	-0.985	-0.914	-0.996	-0.978	-1.002	-1.004	-1.001	-1.001	-1.001	-0.996	-1.004	-1.002	-0.946	-0.987	-1.005	-1.005	-1.001	-0.880	-1.000	-1.003	-1.000	-1.001	-0.819	-1.004	-1.004	-1.004	-1.006	-0.912	-1.006	-0.913	-1.006	-0.913	-1.007	-1.006	-0.913	-0.981	
rs12490724     -0.948	-0.905	-0.906	-0.951	-0.949	-0.951	-0.768	-0.397	-0.476	-0.597	-0.597	-0.942	-0.623	-0.613	-0.611	-0.944	-0.903	-0.906	-0.909	-0.807	-0.810	-0.816	-0.821	-0.823	-0.809	-0.805	-0.805	-0.798	-0.832	-0.819	-0.830	-0.728	-0.797	-0.814	-0.700	-0.836	-0.773	-0.827	-0.785	-0.777	-0.804	-0.949	-0.932	-0.801	-0.801	-0.532	-0.937	-0.936	-0.771	-0.937	-0.935	-0.937	-0.949	-0.940	-0.832	-0.851	-0.888	-0.853	-0.890	-0.890	-0.832	-0.895	-0.888	-0.913	-0.885	-0.855	-0.855	-0.855	-0.855	-0.855	-0.855	-0.834	-0.879	-0.855	-0.855	-0.912	-0.868	-0.857	-0.859	-0.859	-0.828	-0.889	-0.901	-0.858	-0.898	-0.859	-0.897	-0.858	-0.855	-0.809	-0.911	-0.904	-0.895	-0.913	-0.892	-0.858	-0.859	-0.593	-0.857	-0.859	-0.859	-0.857	-0.859	-0.953	-0.799	-0.842	-0.828	-0.834	-0.814	-0.856	-0.843	-0.857	-0.582	-0.858	-0.859	-0.854	-0.889	-0.860	-0.856	-0.804	-0.859	-0.885	-0.859	-0.859	-0.859	-0.861	-0.953	-0.951	-0.953	-0.955	-0.555	-0.896	-0.953	-0.955	-0.573	-0.953	-0.829	-0.955	-0.952	-0.953	-0.957	-0.834	-0.771	-0.939	-0.943	-0.863	-0.943	-0.943	-0.942	-0.941	-0.864	-0.950	-0.936	-0.956	-0.954	-0.955	-0.955	-0.955	-0.952	-0.958	-0.953	-0.893	-0.943	-0.955	-0.956	-0.955	-0.826	-0.954	-0.957	-0.954	-0.955	-0.766	-0.955	-0.955	-0.951	-0.952	-0.862	-0.952	-0.863	-0.953	-0.862	-0.953	-0.953	-0.863	-0.927	
rs11713326     -0.944	-0.902	-0.902	-0.946	-0.945	-0.946	-0.765	-0.374	-0.597	-0.471	-0.592	-0.937	-0.614	-0.603	-0.601	-0.940	-0.900	-0.902	-0.906	-0.802	-0.804	-0.810	-0.814	-0.816	-0.803	-0.798	-0.798	-0.791	-0.826	-0.812	-0.823	-0.722	-0.790	-0.807	-0.694	-0.829	-0.768	-0.820	-0.781	-0.773	-0.798	-0.945	-0.928	-0.797	-0.797	-0.529	-0.932	-0.931	-0.766	-0.931	-0.930	-0.931	-0.944	-0.935	-0.828	-0.847	-0.884	-0.849	-0.885	-0.886	-0.828	-0.890	-0.884	-0.908	-0.880	-0.851	-0.851	-0.851	-0.851	-0.850	-0.851	-0.830	-0.875	-0.851	-0.851	-0.907	-0.864	-0.853	-0.854	-0.854	-0.824	-0.884	-0.896	-0.854	-0.893	-0.855	-0.893	-0.854	-0.851	-0.805	-0.906	-0.899	-0.891	-0.909	-0.888	-0.854	-0.855	-0.589	-0.853	-0.855	-0.855	-0.853	-0.854	-0.949	-0.795	-0.837	-0.823	-0.829	-0.809	-0.851	-0.839	-0.853	-0.578	-0.854	-0.855	-0.849	-0.885	-0.856	-0.851	-0.800	-0.855	-0.880	-0.855	-0.855	-0.855	-0.856	-0.948	-0.947	-0.948	-0.951	-0.549	-0.892	-0.948	-0.951	-0.569	-0.948	-0.824	-0.951	-0.948	-0.949	-0.953	-0.830	-0.766	-0.935	-0.939	-0.858	-0.939	-0.939	-0.938	-0.937	-0.859	-0.946	-0.932	-0.952	-0.950	-0.951	-0.951	-0.951	-0.947	-0.953	-0.949	-0.889	-0.939	-0.950	-0.951	-0.951	-0.822	-0.950	-0.953	-0.950	-0.951	-0.762	-0.950	-0.950	-0.946	-0.948	-0.857	-0.948	-0.858	-0.949	-0.858	-0.949	-0.948	-0.858	-0.922	
rs6803847      -0.944	-0.901	-0.902	-0.946	-0.945	-0.946	-0.765	-0.373	-0.597	-0.592	-0.471	-0.937	-0.614	-0.603	-0.601	-0.940	-0.900	-0.902	-0.906	-0.802	-0.804	-0.809	-0.814	-0.816	-0.802	-0.798	-0.798	-0.791	-0.825	-0.812	-0.823	-0.721	-0.790	-0.807	-0.693	-0.829	-0.768	-0.820	-0.781	-0.773	-0.797	-0.945	-0.928	-0.797	-0.797	-0.528	-0.931	-0.931	-0.766	-0.931	-0.929	-0.931	-0.943	-0.935	-0.828	-0.847	-0.884	-0.849	-0.885	-0.886	-0.828	-0.890	-0.884	-0.908	-0.880	-0.850	-0.851	-0.851	-0.851	-0.850	-0.851	-0.829	-0.875	-0.851	-0.851	-0.907	-0.864	-0.853	-0.854	-0.854	-0.824	-0.884	-0.896	-0.854	-0.893	-0.854	-0.893	-0.854	-0.851	-0.805	-0.906	-0.899	-0.891	-0.908	-0.888	-0.854	-0.855	-0.589	-0.853	-0.854	-0.854	-0.853	-0.854	-0.949	-0.794	-0.837	-0.822	-0.829	-0.809	-0.851	-0.838	-0.853	-0.578	-0.854	-0.854	-0.849	-0.885	-0.856	-0.851	-0.800	-0.855	-0.880	-0.855	-0.855	-0.855	-0.856	-0.948	-0.947	-0.948	-0.950	-0.549	-0.891	-0.948	-0.950	-0.569	-0.948	-0.824	-0.951	-0.948	-0.949	-0.952	-0.830	-0.766	-0.934	-0.939	-0.858	-0.939	-0.939	-0.938	-0.937	-0.859	-0.945	-0.931	-0.952	-0.950	-0.951	-0.951	-0.951	-0.947	-0.953	-0.949	-0.888	-0.939	-0.950	-0.951	-0.951	-0.822	-0.950	-0.952	-0.950	-0.951	-0.762	-0.950	-0.950	-0.946	-0.948	-0.857	-0.948	-0.858	-0.948	-0.858	-0.949	-0.948	-0.858	-0.922	
rs869464       -0.989	-0.771	-0.773	-0.987	-0.988	-0.988	-0.881	-0.982	-0.942	-0.937	-0.937	-0.651	-0.910	-0.906	-0.905	-0.789	-0.763	-0.777	-0.788	-0.963	-0.979	-0.985	-0.989	-0.991	-0.978	-0.974	-0.974	-0.967	-1.000	-0.987	-0.998	-0.890	-0.967	-0.984	-0.854	-1.004	-0.936	-0.995	-0.952	-0.905	-0.973	-1.098	-1.079	-0.965	-0.965	-0.686	-1.101	-1.096	-0.934	-1.097	-1.095	-1.097	-1.112	-1.104	-0.983	-1.013	-1.042	-1.015	-1.044	-1.044	-0.992	-1.049	-1.042	-1.074	-1.038	-1.017	-1.017	-1.017	-1.017	-1.017	-1.017	-0.995	-1.033	-1.017	-1.018	-1.073	-1.020	-1.019	-1.020	-1.020	-0.989	-1.048	-1.054	-1.020	-1.051	-1.021	-1.051	-1.020	-1.017	-0.970	-1.079	-1.066	-1.048	-1.081	-1.045	-1.020	-1.021	-0.748	-1.019	-1.021	-1.021	-1.018	-1.020	-1.112	-0.965	-1.011	-1.005	-1.011	-0.975	-1.017	-1.012	-1.019	-0.737	-1.020	-1.020	-1.030	-1.052	-1.022	-1.024	-0.957	-1.021	-1.048	-1.021	-1.021	-1.021	-1.022	-1.112	-1.110	-1.112	-1.116	-0.740	-1.058	-1.111	-1.116	-0.728	-1.111	-1.006	-1.116	-1.111	-1.112	-1.120	-0.996	-0.933	-1.096	-1.101	-1.025	-1.101	-1.101	-1.099	-1.099	-1.026	-1.109	-1.092	-1.117	-1.117	-1.115	-1.115	-1.115	-1.111	-1.118	-1.115	-1.056	-1.101	-1.117	-1.118	-1.115	-0.987	-1.114	-1.117	-1.114	-1.115	-0.930	-1.117	-1.117	-1.117	-1.118	-1.024	-1.118	-1.025	-1.118	-1.025	-1.119	-1.118	-1.025	-1.093	
rs1873393      -0.901	-0.846	-0.846	-0.904	-0.902	-0.903	-0.688	-0.760	-0.623	-0.614	-0.614	-0.910	-0.423	-0.536	-0.536	-0.908	-0.843	-0.846	-0.850	-0.757	-0.828	-0.832	-0.835	-0.837	-0.826	-0.822	-0.822	-0.817	-0.844	-0.833	-0.842	-0.742	-0.816	-0.835	-0.716	-0.847	-0.728	-0.839	-0.743	-0.708	-0.821	-0.889	-0.868	-0.750	-0.750	-0.436	-0.915	-0.914	-0.726	-0.915	-0.913	-0.915	-0.924	-0.918	-0.778	-0.801	-0.828	-0.803	-0.829	-0.830	-0.785	-0.835	-0.828	-0.868	-0.824	-0.805	-0.806	-0.806	-0.806	-0.805	-0.806	-0.783	-0.818	-0.806	-0.807	-0.868	-0.804	-0.807	-0.809	-0.809	-0.776	-0.836	-0.839	-0.808	-0.836	-0.809	-0.836	-0.808	-0.805	-0.765	-0.873	-0.862	-0.833	-0.874	-0.830	-0.808	-0.809	-0.512	-0.807	-0.809	-0.809	-0.806	-0.809	-0.899	-0.754	-0.814	-0.805	-0.811	-0.771	-0.805	-0.816	-0.806	-0.498	-0.808	-0.808	-0.829	-0.842	-0.810	-0.826	-0.725	-0.809	-0.839	-0.809	-0.809	-0.809	-0.811	-0.898	-0.896	-0.898	-0.904	-0.538	-0.848	-0.898	-0.904	-0.488	-0.898	-0.806	-0.905	-0.897	-0.899	-0.909	-0.784	-0.725	-0.881	-0.886	-0.813	-0.886	-0.886	-0.885	-0.884	-0.815	-0.896	-0.877	-0.903	-0.905	-0.901	-0.901	-0.901	-0.896	-0.905	-0.903	-0.848	-0.887	-0.906	-0.906	-0.901	-0.782	-0.900	-0.903	-0.900	-0.901	-0.720	-0.904	-0.904	-0.907	-0.908	-0.813	-0.908	-0.814	-0.908	-0.814	-0.909	-0.908	-0.815	-0.884	
rs6782739      -0.897	-0.842	-0.843	-0.900	-0.899	-0.900	-0.683	-0.756	-0.613	-0.603	-0.603	-0.906	-0.536	-0.419	-0.533	-0.904	-0.839	-0.843	-0.847	-0.753	-0.825	-0.830	-0.833	-0.835	-0.824	-0.820	-0.820	-0.814	-0.841	-0.831	-0.840	-0.739	-0.814	-0.833	-0.713	-0.845	-0.724	-0.837	-0.739	-0.704	-0.818	-0.885	-0.864	-0.746	-0.746	-0.430	-0.912	-0.911	-0.722	-0.911	-0.910	-0.911	-0.920	-0.915	-0.775	-0.798	-0.824	-0.800	-0.825	-0.826	-0.781	-0.830	-0.824	-0.864	-0.820	-0.802	-0.802	-0.802	-0.802	-0.801	-0.802	-0.780	-0.814	-0.802	-0.804	-0.864	-0.800	-0.803	-0.805	-0.805	-0.773	-0.832	-0.835	-0.804	-0.832	-0.805	-0.831	-0.804	-0.801	-0.762	-0.869	-0.858	-0.829	-0.871	-0.826	-0.804	-0.806	-0.507	-0.803	-0.805	-0.805	-0.803	-0.805	-0.895	-0.751	-0.811	-0.802	-0.808	-0.767	-0.801	-0.812	-0.803	-0.493	-0.804	-0.804	-0.825	-0.838	-0.807	-0.823	-0.720	-0.805	-0.835	-0.805	-0.805	-0.805	-0.807	-0.894	-0.892	-0.894	-0.900	-0.534	-0.845	-0.894	-0.900	-0.483	-0.894	-0.803	-0.901	-0.893	-0.895	-0.905	-0.780	-0.722	-0.877	-0.882	-0.810	-0.882	-0.882	-0.881	-0.880	-0.811	-0.892	-0.873	-0.899	-0.901	-0.897	-0.897	-0.897	-0.892	-0.901	-0.900	-0.844	-0.883	-0.902	-0.902	-0.897	-0.778	-0.896	-0.899	-0.896	-0.897	-0.716	-0.900	-0.900	-0.903	-0.905	-0.809	-0.905	-0.811	-0.905	-0.810	-0.905	-0.905	-0.811	-0.881	
rs9863024      -0.896	-0.841	-0.842	-0.899	-0.898	-0.899	-0.682	-0.755	-0.611	-0.601	-0.601	-0.905	-0.536	-0.533	-0.418	-0.902	-0.838	-0.842	-0.846	-0.752	-0.825	-0.829	-0.832	-0.834	-0.823	-0.819	-0.819	-0.814	-0.841	-0.830	-0.839	-0.739	-0.813	-0.832	-0.713	-0.844	-0.723	-0.836	-0.738	-0.702	-0.818	-0.884	-0.863	-0.745	-0.745	-0.429	-0.911	-0.910	-0.721	-0.911	-0.909	-0.911	-0.919	-0.914	-0.774	-0.797	-0.823	-0.799	-0.824	-0.824	-0.780	-0.829	-0.823	-0.863	-0.818	-0.801	-0.801	-0.801	-0.801	-0.800	-0.801	-0.778	-0.813	-0.801	-0.803	-0.863	-0.799	-0.802	-0.804	-0.804	-0.772	-0.831	-0.834	-0.803	-0.831	-0.804	-0.830	-0.803	-0.800	-0.761	-0.868	-0.857	-0.828	-0.870	-0.824	-0.803	-0.805	-0.506	-0.802	-0.804	-0.804	-0.802	-0.804	-0.894	-0.749	-0.810	-0.801	-0.807	-0.766	-0.800	-0.812	-0.802	-0.491	-0.803	-0.803	-0.825	-0.837	-0.806	-0.822	-0.718	-0.804	-0.834	-0.804	-0.804	-0.804	-0.806	-0.893	-0.891	-0.893	-0.899	-0.533	-0.844	-0.893	-0.899	-0.482	-0.892	-0.803	-0.900	-0.892	-0.893	-0.904	-0.779	-0.721	-0.876	-0.881	-0.809	-0.881	-0.881	-0.880	-0.879	-0.810	-0.891	-0.872	-0.898	-0.900	-0.896	-0.896	-0.896	-0.891	-0.900	-0.898	-0.843	-0.882	-0.901	-0.901	-0.896	-0.777	-0.895	-0.898	-0.895	-0.896	-0.715	-0.899	-0.899	-0.902	-0.904	-0.808	-0.904	-0.810	-0.904	-0.809	-0.904	-0.904	-0.810	-0.880	
rs10934779     -0.987	-0.789	-0.791	-0.984	-0.986	-0.985	-0.885	-0.980	-0.944	-0.940	-0.940	-0.789	-0.908	-0.904	-0.902	-0.650	-0.777	-0.790	-0.800	-0.962	-0.973	-0.979	-0.984	-0.986	-0.972	-0.968	-0.968	-0.961	-0.995	-0.982	-0.992	-0.884	-0.961	-0.978	-0.847	-0.998	-0.935	-0.989	-0.950	-0.900	-0.967	-1.099	-1.079	-0.964	-0.964	-0.685	-1.098	-1.093	-0.933	-1.093	-1.092	-1.093	-1.109	-1.102	-0.984	-1.012	-1.040	-1.014	-1.042	-1.042	-0.991	-1.047	-1.040	-1.073	-1.036	-1.016	-1.016	-1.016	-1.016	-1.016	-1.016	-0.994	-1.031	-1.016	-1.017	-1.072	-1.018	-1.018	-1.019	-1.020	-0.988	-1.048	-1.052	-1.019	-1.049	-1.020	-1.049	-1.019	-1.016	-0.969	-1.077	-1.065	-1.047	-1.079	-1.043	-1.019	-1.020	-0.747	-1.018	-1.020	-1.020	-1.018	-1.019	-1.111	-0.964	-1.008	-1.003	-1.008	-0.973	-1.016	-1.009	-1.018	-0.736	-1.019	-1.019	-1.028	-1.051	-1.021	-1.021	-0.955	-1.020	-1.047	-1.020	-1.020	-1.020	-1.021	-1.110	-1.109	-1.110	-1.115	-0.736	-1.056	-1.110	-1.115	-0.727	-1.110	-1.004	-1.115	-1.110	-1.111	-1.119	-0.995	-0.931	-1.094	-1.099	-1.024	-1.099	-1.099	-1.098	-1.097	-1.025	-1.108	-1.091	-1.115	-1.116	-1.114	-1.114	-1.114	-1.109	-1.117	-1.114	-1.054	-1.100	-1.116	-1.116	-1.113	-0.986	-1.113	-1.115	-1.113	-1.114	-0.929	-1.115	-1.116	-1.116	-1.117	-1.023	-1.117	-1.024	-1.117	-1.024	-1.118	-1.117	-1.024	-1.093	
rs11719483     -0.792	-0.723	-0.723	-0.758	-0.780	-0.769	-0.859	-0.915	-0.903	-0.900	-0.900	-0.763	-0.843	-0.839	-0.838	-0.777	-0.562	-0.704	-0.705	-0.882	-0.847	-0.854	-0.858	-0.861	-0.846	-0.841	-0.841	-0.833	-0.871	-0.856	-0.868	-0.760	-0.833	-0.853	-0.715	-0.875	-0.847	-0.865	-0.863	-0.761	-0.841	-1.031	-1.016	-0.880	-0.880	-0.607	-1.000	-0.990	-0.844	-0.991	-0.988	-0.991	-1.013	-1.004	-0.934	-0.931	-0.932	-0.933	-0.934	-0.934	-0.908	-0.939	-0.932	-0.988	-0.928	-0.934	-0.935	-0.935	-0.935	-0.934	-0.935	-0.914	-0.921	-0.935	-0.934	-0.987	-0.904	-0.937	-0.938	-0.938	-0.909	-0.970	-0.943	-0.938	-0.939	-0.939	-0.939	-0.938	-0.935	-0.880	-0.991	-0.978	-0.936	-0.993	-0.933	-0.938	-0.939	-0.663	-0.937	-0.939	-0.939	-0.937	-0.938	-1.014	-0.879	-0.910	-0.910	-0.916	-0.883	-0.936	-0.911	-0.937	-0.653	-0.938	-0.939	-0.937	-0.968	-0.940	-0.925	-0.841	-0.939	-0.963	-0.939	-0.939	-0.939	-0.940	-1.013	-1.011	-1.013	-1.021	-0.607	-0.973	-1.012	-1.021	-0.643	-1.012	-0.912	-1.021	-1.012	-1.014	-1.029	-0.915	-0.845	-0.993	-0.999	-0.942	-0.999	-0.999	-0.997	-0.997	-0.943	-1.011	-0.989	-1.020	-1.024	-1.018	-1.018	-1.018	-1.013	-1.022	-1.021	-0.969	-1.001	-1.026	-1.024	-1.018	-0.898	-1.017	-1.020	-1.017	-1.018	-0.843	-1.023	-1.024	-1.032	-1.033	-0.941	-1.033	-0.942	-1.033	-0.941	-1.033	-1.033	-0.942	-1.013	
rs10934780     -0.805	-0.730	-0.731	-0.771	-0.793	-0.781	-0.860	-0.919	-0.906	-0.902	-0.902	-0.777	-0.846	-0.843	-0.842	-0.790	-0.704	-0.565	-0.698	-0.885	-0.850	-0.857	-0.862	-0.864	-0.849	-0.845	-0.844	-0.837	-0.875	-0.860	-0.872	-0.764	-0.836	-0.856	-0.718	-0.879	-0.850	-0.868	-0.866	-0.765	-0.845	-1.034	-1.018	-0.883	-0.883	-0.609	-1.003	-0.994	-0.847	-0.994	-0.992	-0.994	-1.016	-1.007	-0.935	-0.934	-0.936	-0.936	-0.937	-0.938	-0.911	-0.943	-0.936	-0.991	-0.931	-0.937	-0.938	-0.938	-0.938	-0.937	-0.938	-0.917	-0.925	-0.938	-0.937	-0.990	-0.908	-0.940	-0.941	-0.941	-0.912	-0.972	-0.947	-0.941	-0.943	-0.942	-0.942	-0.941	-0.938	-0.883	-0.994	-0.981	-0.940	-0.996	-0.936	-0.941	-0.942	-0.666	-0.940	-0.942	-0.942	-0.940	-0.941	-1.017	-0.882	-0.914	-0.914	-0.920	-0.886	-0.939	-0.915	-0.940	-0.656	-0.941	-0.942	-0.940	-0.971	-0.943	-0.928	-0.844	-0.942	-0.966	-0.942	-0.942	-0.942	-0.943	-1.016	-1.014	-1.016	-1.024	-0.611	-0.976	-1.016	-1.024	-0.646	-1.016	-0.915	-1.025	-1.016	-1.017	-1.032	-0.918	-0.848	-0.997	-1.003	-0.945	-1.003	-1.003	-1.001	-1.000	-0.946	-1.014	-0.993	-1.023	-1.027	-1.021	-1.021	-1.021	-1.016	-1.025	-1.024	-0.972	-1.005	-1.029	-1.027	-1.021	-0.901	-1.020	-1.023	-1.020	-1.022	-0.846	-1.026	-1.027	-1.035	-1.036	-0.944	-1.036	-0.945	-1.036	-0.944	-1.036	-1.036	-0.945	-1.016	
rs12636448     -0.814	-0.733	-0.734	-0.781	-0.803	-0.791	-0.863	-0.923	-0.909	-0.906	-0.906	-0.788	-0.850	-0.847	-0.846	-0.800	-0.705	-0.698	-0.569	-0.889	-0.856	-0.863	-0.868	-0.870	-0.855	-0.851	-0.850	-0.843	-0.881	-0.866	-0.878	-0.770	-0.843	-0.862	-0.725	-0.885	-0.855	-0.874	-0.870	-0.771	-0.851	-1.037	-1.022	-0.887	-0.887	-0.613	-1.008	-0.999	-0.851	-0.999	-0.997	-0.999	-1.021	-1.012	-0.938	-0.938	-0.940	-0.940	-0.942	-0.943	-0.915	-0.948	-0.940	-0.995	-0.936	-0.941	-0.942	-0.942	-0.942	-0.941	-0.942	-0.921	-0.930	-0.942	-0.941	-0.994	-0.913	-0.944	-0.945	-0.945	-0.916	-0.976	-0.951	-0.945	-0.948	-0.945	-0.947	-0.945	-0.942	-0.887	-0.998	-0.985	-0.945	-1.001	-0.941	-0.945	-0.946	-0.670	-0.944	-0.945	-0.945	-0.944	-0.945	-1.021	-0.886	-0.918	-0.918	-0.924	-0.891	-0.943	-0.920	-0.944	-0.660	-0.945	-0.946	-0.944	-0.975	-0.947	-0.933	-0.849	-0.946	-0.970	-0.946	-0.946	-0.946	-0.947	-1.020	-1.018	-1.020	-1.028	-0.617	-0.980	-1.020	-1.028	-0.650	-1.020	-0.919	-1.029	-1.020	-1.021	-1.036	-0.922	-0.852	-1.001	-1.007	-0.949	-1.007	-1.007	-1.005	-1.004	-0.950	-1.018	-0.997	-1.028	-1.031	-1.026	-1.026	-1.026	-1.020	-1.029	-1.029	-0.976	-1.009	-1.033	-1.032	-1.025	-0.905	-1.024	-1.028	-1.024	-1.026	-0.851	-1.031	-1.031	-1.039	-1.040	-0.948	-1.040	-0.949	-1.040	-0.948	-1.040	-1.040	-0.949	-1.020	
rs62264229     -0.937	-0.884	-0.885	-0.938	-0.937	-0.938	-0.730	-0.854	-0.807	-0.802	-0.802	-0.963	-0.757	-0.753	-0.752	-0.962	-0.882	-0.885	-0.889	-0.467	-0.826	-0.832	-0.835	-0.837	-0.825	-0.820	-0.820	-0.813	-0.846	-0.833	-0.843	-0.741	-0.813	-0.842	-0.711	-0.849	-0.767	-0.840	-0.781	-0.738	-0.818	-0.920	-0.901	-0.792	-0.792	-0.511	-0.929	-0.926	-0.765	-0.926	-0.924	-0.926	-0.940	-0.932	-0.809	-0.839	-0.874	-0.841	-0.875	-0.875	-0.703	-0.880	-0.874	-0.858	-0.870	-0.843	-0.843	-0.843	-0.843	-0.843	-0.843	-0.822	-0.864	-0.843	-0.845	-0.857	-0.853	-0.846	-0.848	-0.848	-0.815	-0.874	-0.887	-0.847	-0.884	-0.848	-0.883	-0.847	-0.844	-0.672	-0.866	-0.851	-0.881	-0.869	-0.878	-0.847	-0.849	-0.575	-0.846	-0.848	-0.848	-0.846	-0.848	-0.942	-0.793	-0.783	-0.777	-0.784	-0.669	-0.844	-0.785	-0.846	-0.563	-0.847	-0.847	-0.808	-0.880	-0.850	-0.799	-0.788	-0.848	-0.877	-0.848	-0.848	-0.848	-0.850	-0.941	-0.940	-0.941	-0.945	-0.577	-0.887	-0.941	-0.945	-0.554	-0.941	-0.780	-0.946	-0.941	-0.942	-0.948	-0.823	-0.765	-0.926	-0.931	-0.853	-0.931	-0.931	-0.930	-0.929	-0.854	-0.939	-0.923	-0.945	-0.945	-0.944	-0.944	-0.944	-0.940	-0.947	-0.944	-0.886	-0.931	-0.946	-0.946	-0.944	-0.708	-0.943	-0.946	-0.943	-0.944	-0.759	-0.945	-0.945	-0.942	-0.943	-0.852	-0.943	-0.854	-0.944	-0.853	-0.944	-0.944	-0.854	-0.918	
rs11712443     -0.982	-0.852	-0.854	-0.990	-0.985	-0.988	-0.714	-0.911	-0.810	-0.804	-0.804	-0.979	-0.828	-0.825	-0.825	-0.973	-0.847	-0.850	-0.856	-0.826	-0.538	-0.678	-0.679	-0.680	-0.678	-0.678	-0.678	-0.673	-0.702	-0.697	-0.699	-0.788	-0.679	-0.823	-0.735	-0.702	-0.799	-0.704	-0.792	-0.842	-0.703	-0.626	-0.559	-0.853	-0.853	-0.577	-0.811	-0.839	-0.793	-0.839	-0.841	-0.839	-0.791	-0.808	-0.639	-0.884	-0.944	-0.887	-0.945	-0.946	-0.869	-0.950	-0.944	-0.971	-0.940	-0.889	-0.890	-0.889	-0.889	-0.889	-0.890	-0.854	-0.935	-0.890	-0.897	-0.971	-0.926	-0.888	-0.891	-0.891	-0.843	-0.937	-0.957	-0.889	-0.955	-0.891	-0.954	-0.889	-0.885	-0.864	-0.968	-0.964	-0.952	-0.970	-0.949	-0.890	-0.892	-0.653	-0.887	-0.891	-0.891	-0.887	-0.890	-1.007	-0.834	-0.920	-0.898	-0.904	-0.872	-0.885	-0.921	-0.887	-0.638	-0.889	-0.888	-0.923	-0.940	-0.893	-0.932	-0.850	-0.889	-0.939	-0.889	-0.889	-0.889	-0.893	-1.006	-1.004	-1.006	-1.011	-0.662	-0.949	-1.006	-1.011	-0.629	-1.006	-0.900	-1.011	-1.005	-1.006	-1.013	-0.854	-0.823	-0.990	-0.995	-0.898	-0.995	-0.995	-0.994	-0.993	-0.900	-1.006	-0.987	-1.009	-1.010	-1.008	-1.008	-1.008	-1.004	-1.012	-1.009	-0.951	-0.995	-1.010	-1.011	-1.008	-0.878	-1.007	-1.010	-1.007	-1.008	-0.799	-1.011	-1.011	-1.008	-1.009	-0.899	-1.009	-0.902	-1.010	-0.901	-1.011	-1.010	-0.903	-0.974	
rs6794906      -0.988	-0.859	-0.860	-0.995	-0.990	-0.993	-0.720	-0.916	-0.816	-0.810	-0.809	-0.985	-0.832	-0.830	-0.829	-0.979	-0.854	-0.857	-0.863	-0.832	-0.678	-0.543	-0.679	-0.680	-0.675	-0.673	-0.673	-0.666	-0.703	-0.696	-0.699	-0.788	-0.673	-0.826	-0.734	-0.703	-0.804	-0.704	-0.798	-0.844	-0.700	-0.632	-0.565	-0.858	-0.858	-0.581	-0.817	-0.845	-0.799	-0.845	-0.847	-0.845	-0.798	-0.815	-0.646	-0.889	-0.949	-0.892	-0.949	-0.950	-0.874	-0.954	-0.948	-0.976	-0.944	-0.894	-0.894	-0.894	-0.894	-0.894	-0.894	-0.859	-0.939	-0.894	-0.902	-0.975	-0.930	-0.893	-0.895	-0.896	-0.848	-0.941	-0.962	-0.894	-0.959	-0.896	-0.958	-0.894	-0.890	-0.869	-0.973	-0.969	-0.956	-0.975	-0.953	-0.895	-0.897	-0.658	-0.892	-0.895	-0.895	-0.892	-0.895	-1.011	-0.839	-0.924	-0.903	-0.909	-0.876	-0.890	-0.925	-0.892	-0.643	-0.894	-0.893	-0.928	-0.945	-0.898	-0.936	-0.854	-0.894	-0.944	-0.894	-0.894	-0.894	-0.897	-1.010	-1.009	-1.010	-1.016	-0.666	-0.954	-1.010	-1.016	-0.634	-1.010	-0.904	-1.016	-1.010	-1.011	-1.017	-0.859	-0.828	-0.995	-1.000	-0.903	-1.000	-1.000	-0.998	-0.998	-0.905	-1.011	-0.992	-1.014	-1.015	-1.012	-1.012	-1.012	-1.008	-1.017	-1.014	-0.956	-0.999	-1.015	-1.016	-1.012	-0.883	-1.011	-1.014	-1.011	-1.012	-0.805	-1.015	-1.015	-1.013	-1.014	-0.904	-1.014	-0.906	-1.015	-0.906	-1.015	-1.015	-0.908	-0.979	
rs10934783     -0.991	-0.864	-0.865	-0.999	-0.994	-0.997	-0.725	-0.919	-0.821	-0.814	-0.814	-0.989	-0.835	-0.833	-0.832	-0.984	-0.858	-0.862	-0.868	-0.835	-0.679	-0.679	-0.547	-0.677	-0.670	-0.666	-0.666	-0.657	-0.701	-0.692	-0.697	-0.789	-0.665	-0.827	-0.733	-0.701	-0.808	-0.701	-0.801	-0.846	-0.696	-0.639	-0.573	-0.862	-0.862	-0.585	-0.820	-0.848	-0.802	-0.848	-0.850	-0.848	-0.801	-0.818	-0.652	-0.892	-0.952	-0.895	-0.953	-0.953	-0.877	-0.958	-0.952	-0.979	-0.948	-0.897	-0.898	-0.898	-0.898	-0.897	-0.898	-0.863	-0.943	-0.898	-0.905	-0.979	-0.933	-0.897	-0.899	-0.899	-0.852	-0.945	-0.965	-0.898	-0.962	-0.899	-0.962	-0.898	-0.894	-0.872	-0.976	-0.972	-0.960	-0.978	-0.957	-0.898	-0.900	-0.661	-0.896	-0.899	-0.899	-0.895	-0.899	-1.015	-0.843	-0.928	-0.907	-0.912	-0.880	-0.894	-0.929	-0.895	-0.646	-0.897	-0.897	-0.932	-0.948	-0.902	-0.940	-0.858	-0.898	-0.947	-0.898	-0.898	-0.898	-0.901	-1.014	-1.012	-1.014	-1.019	-0.670	-0.957	-1.013	-1.019	-0.637	-1.013	-0.908	-1.019	-1.013	-1.014	-1.021	-0.863	-0.831	-0.998	-1.003	-0.906	-1.003	-1.003	-1.002	-1.001	-0.909	-1.014	-0.995	-1.017	-1.018	-1.016	-1.016	-1.016	-1.012	-1.020	-1.017	-0.959	-1.002	-1.018	-1.019	-1.016	-0.886	-1.015	-1.018	-1.015	-1.016	-0.808	-1.019	-1.019	-1.016	-1.018	-0.907	-1.018	-0.910	-1.018	-0.909	-1.019	-1.018	-0.911	-0.982	
rs4679126      -0.993	-0.866	-0.867	-1.000	-0.996	-0.998	-0.728	-0.921	-0.823	-0.816	-0.816	-0.991	-0.837	-0.835	-0.834	-0.986	-0.861	-0.864	-0.870	-0.837	-0.680	-0.680	-0.677	-0.548	-0.669	-0.664	-0.664	-0.654	-0.702	-0.692	-0.697	-0.789	-0.663	-0.828	-0.733	-0.702	-0.810	-0.702	-0.803	-0.847	-0.696	-0.643	-0.576	-0.863	-0.863	-0.586	-0.823	-0.850	-0.804	-0.850	-0.852	-0.850	-0.804	-0.820	-0.654	-0.894	-0.953	-0.897	-0.954	-0.955	-0.879	-0.959	-0.953	-0.981	-0.949	-0.899	-0.900	-0.900	-0.900	-0.899	-0.900	-0.864	-0.944	-0.900	-0.907	-0.980	-0.935	-0.898	-0.901	-0.901	-0.854	-0.947	-0.967	-0.899	-0.964	-0.901	-0.963	-0.899	-0.896	-0.874	-0.977	-0.974	-0.961	-0.980	-0.958	-0.900	-0.902	-0.662	-0.898	-0.901	-0.901	-0.897	-0.900	-1.016	-0.844	-0.929	-0.908	-0.914	-0.881	-0.896	-0.930	-0.897	-0.647	-0.899	-0.899	-0.933	-0.950	-0.903	-0.941	-0.860	-0.899	-0.949	-0.899	-0.899	-0.899	-0.903	-1.015	-1.014	-1.015	-1.020	-0.671	-0.959	-1.015	-1.020	-0.639	-1.015	-0.909	-1.021	-1.015	-1.016	-1.022	-0.864	-0.832	-1.000	-1.005	-0.908	-1.005	-1.005	-1.003	-1.003	-0.910	-1.016	-0.997	-1.019	-1.020	-1.017	-1.017	-1.017	-1.013	-1.021	-1.019	-0.961	-1.004	-1.020	-1.021	-1.017	-0.888	-1.016	-1.019	-1.016	-1.017	-0.810	-1.020	-1.020	-1.018	-1.019	-0.909	-1.019	-0.912	-1.020	-0.911	-1.020	-1.020	-0.913	-0.984	
rs9637388      -0.981	-0.851	-0.853	-0.989	-0.984	-0.987	-0.713	-0.910	-0.809	-0.803	-0.802	-0.978	-0.826	-0.824	-0.823	-0.972	-0.846	-0.849	-0.855	-0.825	-0.678	-0.675	-0.670	-0.669	-0.537	-0.665	-0.665	-0.660	-0.688	-0.684	-0.687	-0.788	-0.667	-0.821	-0.736	-0.689	-0.797	-0.691	-0.790	-0.842	-0.696	-0.614	-0.546	-0.852	-0.852	-0.575	-0.803	-0.833	-0.791	-0.833	-0.835	-0.833	-0.782	-0.801	-0.633	-0.882	-0.943	-0.885	-0.943	-0.944	-0.867	-0.948	-0.942	-0.970	-0.938	-0.887	-0.888	-0.888	-0.888	-0.887	-0.888	-0.852	-0.933	-0.888	-0.895	-0.969	-0.924	-0.886	-0.889	-0.889	-0.841	-0.935	-0.956	-0.887	-0.953	-0.889	-0.952	-0.887	-0.883	-0.863	-0.966	-0.962	-0.950	-0.968	-0.948	-0.888	-0.890	-0.652	-0.885	-0.889	-0.889	-0.885	-0.888	-1.005	-0.832	-0.918	-0.897	-0.903	-0.870	-0.883	-0.919	-0.885	-0.637	-0.887	-0.886	-0.922	-0.938	-0.891	-0.930	-0.848	-0.887	-0.938	-0.887	-0.887	-0.887	-0.891	-1.004	-1.003	-1.004	-1.009	-0.661	-0.947	-1.004	-1.009	-0.628	-1.004	-0.898	-1.010	-1.004	-1.005	-1.011	-0.852	-0.821	-0.989	-0.994	-0.896	-0.994	-0.994	-0.992	-0.991	-0.898	-1.005	-0.985	-1.008	-1.009	-1.006	-1.006	-1.006	-1.002	-1.010	-1.008	-0.950	-0.993	-1.009	-1.010	-1.006	-0.877	-1.005	-1.008	-1.005	-1.006	-0.798	-1.009	-1.009	-1.007	-1.008	-0.897	-1.008	-0.900	-1.009	-0.899	-1.009	-1.009	-0.901	-0.972	
rs62264246     -0.977	-0.847	-0.848	-0.985	-0.980	-0.983	-0.707	-0.906	-0.805	-0.798	-0.798	-0.974	-0.822	-0.820	-0.819	-0.968	-0.841	-0.845	-0.851	-0.820	-0.678	-0.673	-0.666	-0.664	-0.665	-0.533	-0.662	-0.658	-0.678	-0.677	-0.676	-0.788	-0.663	-0.818	-0.736	-0.676	-0.793	-0.681	-0.785	-0.840	-0.691	-0.601	-0.532	-0.848	-0.848	-0.571	-0.794	-0.826	-0.787	-0.825	-0.828	-0.825	-0.772	-0.791	-0.624	-0.878	-0.939	-0.880	-0.940	-0.940	-0.863	-0.944	-0.938	-0.966	-0.934	-0.883	-0.883	-0.883	-0.883	-0.882	-0.883	-0.847	-0.929	-0.883	-0.891	-0.965	-0.920	-0.882	-0.884	-0.884	-0.836	-0.931	-0.952	-0.883	-0.949	-0.885	-0.948	-0.883	-0.879	-0.859	-0.962	-0.958	-0.946	-0.964	-0.944	-0.883	-0.885	-0.648	-0.881	-0.884	-0.884	-0.880	-0.884	-1.001	-0.828	-0.914	-0.893	-0.899	-0.866	-0.879	-0.916	-0.880	-0.633	-0.882	-0.882	-0.918	-0.934	-0.887	-0.927	-0.844	-0.883	-0.934	-0.883	-0.883	-0.883	-0.886	-1.000	-0.999	-1.000	-1.006	-0.657	-0.943	-1.000	-1.006	-0.624	-1.000	-0.894	-1.006	-1.000	-1.001	-1.007	-0.847	-0.817	-0.985	-0.990	-0.892	-0.990	-0.990	-0.988	-0.987	-0.894	-1.001	-0.981	-1.004	-1.005	-1.002	-1.002	-1.002	-0.998	-1.006	-1.004	-0.946	-0.989	-1.005	-1.006	-1.002	-0.873	-1.001	-1.004	-1.001	-1.002	-0.793	-1.005	-1.005	-1.003	-1.004	-0.893	-1.004	-0.895	-1.005	-0.895	-1.005	-1.005	-0.897	-0.968	
rs1520844      -0.977	-0.846	-0.848	-0.984	-0.980	-0.983	-0.707	-0.906	-0.805	-0.798	-0.798	-0.974	-0.822	-0.820	-0.819	-0.968	-0.841	-0.844	-0.850	-0.820	-0.678	-0.673	-0.666	-0.664	-0.665	-0.662	-0.532	-0.658	-0.677	-0.676	-0.675	-0.788	-0.662	-0.817	-0.737	-0.675	-0.793	-0.680	-0.785	-0.840	-0.691	-0.600	-0.531	-0.848	-0.848	-0.571	-0.794	-0.825	-0.786	-0.825	-0.827	-0.825	-0.771	-0.791	-0.624	-0.877	-0.939	-0.880	-0.939	-0.940	-0.862	-0.944	-0.938	-0.966	-0.934	-0.882	-0.883	-0.883	-0.883	-0.882	-0.883	-0.847	-0.929	-0.883	-0.891	-0.965	-0.920	-0.882	-0.884	-0.884	-0.836	-0.931	-0.952	-0.883	-0.949	-0.885	-0.948	-0.883	-0.879	-0.859	-0.962	-0.958	-0.946	-0.964	-0.943	-0.883	-0.885	-0.648	-0.881	-0.884	-0.884	-0.880	-0.884	-1.001	-0.828	-0.914	-0.893	-0.898	-0.866	-0.879	-0.915	-0.880	-0.633	-0.882	-0.882	-0.918	-0.934	-0.887	-0.926	-0.844	-0.883	-0.934	-0.883	-0.883	-0.883	-0.886	-1.000	-0.998	-1.000	-1.005	-0.657	-0.943	-1.000	-1.005	-0.624	-1.000	-0.894	-1.006	-1.000	-1.001	-1.007	-0.847	-0.817	-0.985	-0.990	-0.891	-0.989	-0.989	-0.988	-0.987	-0.894	-1.001	-0.981	-1.004	-1.005	-1.002	-1.002	-1.002	-0.998	-1.006	-1.004	-0.946	-0.989	-1.005	-1.006	-1.002	-0.872	-1.001	-1.004	-1.001	-1.002	-0.793	-1.005	-1.005	-1.003	-1.004	-0.893	-1.004	-0.895	-1.005	-0.895	-1.005	-1.005	-0.897	-0.968	
rs62264247     -0.971	-0.839	-0.840	-0.978	-0.974	-0.977	-0.700	-0.900	-0.798	-0.791	-0.791	-0.967	-0.817	-0.814	-0.814	-0.961	-0.833	-0.837	-0.843	-0.813	-0.673	-0.666	-0.657	-0.654	-0.660	-0.658	-0.658	-0.526	-0.664	-0.667	-0.663	-0.787	-0.660	-0.813	-0.737	-0.661	-0.786	-0.670	-0.778	-0.837	-0.686	-0.585	-0.515	-0.842	-0.842	-0.565	-0.783	-0.815	-0.780	-0.815	-0.817	-0.815	-0.759	-0.779	-0.613	-0.871	-0.933	-0.874	-0.934	-0.934	-0.856	-0.939	-0.933	-0.960	-0.929	-0.876	-0.877	-0.877	-0.877	-0.876	-0.877	-0.840	-0.923	-0.877	-0.885	-0.959	-0.914	-0.875	-0.878	-0.878	-0.829	-0.925	-0.946	-0.876	-0.943	-0.878	-0.943	-0.876	-0.873	-0.853	-0.956	-0.953	-0.941	-0.958	-0.938	-0.877	-0.879	-0.643	-0.874	-0.878	-0.878	-0.874	-0.877	-0.995	-0.822	-0.909	-0.887	-0.893	-0.861	-0.872	-0.910	-0.874	-0.627	-0.876	-0.876	-0.912	-0.928	-0.880	-0.921	-0.838	-0.876	-0.928	-0.876	-0.876	-0.876	-0.880	-0.994	-0.993	-0.994	-1.000	-0.651	-0.937	-0.994	-1.000	-0.618	-0.994	-0.888	-1.000	-0.994	-0.995	-1.001	-0.840	-0.811	-0.979	-0.984	-0.885	-0.984	-0.984	-0.982	-0.982	-0.888	-0.995	-0.975	-0.998	-0.999	-0.996	-0.996	-0.996	-0.992	-1.000	-0.998	-0.940	-0.983	-0.999	-1.000	-0.996	-0.867	-0.995	-0.998	-0.995	-0.996	-0.787	-0.999	-1.000	-0.997	-0.998	-0.886	-0.998	-0.889	-0.999	-0.889	-0.999	-0.999	-0.890	-0.962	
rs1112615      -1.000	-0.877	-0.878	-1.008	-1.003	-1.006	-0.737	-0.928	-0.832	-0.826	-0.825	-1.000	-0.844	-0.841	-0.841	-0.995	-0.871	-0.875	-0.881	-0.846	-0.702	-0.703	-0.701	-0.702	-0.688	-0.678	-0.677	-0.664	-0.555	-0.682	-0.693	-0.790	-0.659	-0.833	-0.729	-0.698	-0.817	-0.693	-0.811	-0.850	-0.687	-0.654	-0.588	-0.870	-0.870	-0.594	-0.831	-0.858	-0.812	-0.858	-0.860	-0.858	-0.813	-0.829	-0.663	-0.901	-0.960	-0.904	-0.961	-0.962	-0.887	-0.966	-0.960	-0.988	-0.956	-0.906	-0.907	-0.907	-0.907	-0.906	-0.907	-0.872	-0.951	-0.907	-0.914	-0.987	-0.942	-0.905	-0.908	-0.908	-0.861	-0.953	-0.973	-0.907	-0.970	-0.908	-0.970	-0.907	-0.903	-0.881	-0.984	-0.980	-0.968	-0.987	-0.965	-0.907	-0.909	-0.669	-0.905	-0.908	-0.908	-0.904	-0.907	-1.023	-0.852	-0.936	-0.915	-0.921	-0.888	-0.903	-0.937	-0.904	-0.654	-0.906	-0.906	-0.940	-0.957	-0.910	-0.948	-0.866	-0.906	-0.956	-0.906	-0.906	-0.907	-0.910	-1.022	-1.021	-1.022	-1.027	-0.678	-0.965	-1.022	-1.027	-0.645	-1.022	-0.916	-1.027	-1.022	-1.023	-1.029	-0.872	-0.839	-1.007	-1.012	-0.915	-1.012	-1.012	-1.010	-1.010	-0.917	-1.023	-1.003	-1.026	-1.027	-1.024	-1.024	-1.024	-1.020	-1.028	-1.026	-0.968	-1.011	-1.027	-1.028	-1.024	-0.895	-1.023	-1.026	-1.023	-1.024	-0.817	-1.027	-1.027	-1.025	-1.026	-0.916	-1.026	-0.918	-1.027	-0.918	-1.027	-1.027	-0.920	-0.991	
rs1112121      -0.989	-0.861	-0.863	-0.996	-0.992	-0.995	-0.723	-0.917	-0.819	-0.812	-0.812	-0.987	-0.833	-0.831	-0.830	-0.982	-0.856	-0.860	-0.866	-0.833	-0.697	-0.696	-0.692	-0.692	-0.684	-0.677	-0.676	-0.667	-0.682	-0.544	-0.678	-0.790	-0.663	-0.826	-0.733	-0.680	-0.805	-0.681	-0.798	-0.846	-0.686	-0.624	-0.556	-0.859	-0.859	-0.583	-0.811	-0.841	-0.799	-0.840	-0.843	-0.840	-0.790	-0.808	-0.642	-0.890	-0.950	-0.892	-0.951	-0.951	-0.875	-0.956	-0.950	-0.977	-0.946	-0.895	-0.895	-0.895	-0.895	-0.894	-0.895	-0.860	-0.941	-0.895	-0.903	-0.977	-0.931	-0.894	-0.896	-0.896	-0.849	-0.943	-0.963	-0.895	-0.960	-0.897	-0.960	-0.895	-0.891	-0.870	-0.974	-0.970	-0.958	-0.976	-0.955	-0.895	-0.897	-0.659	-0.893	-0.896	-0.896	-0.893	-0.896	-1.012	-0.840	-0.926	-0.904	-0.910	-0.878	-0.891	-0.927	-0.893	-0.644	-0.895	-0.894	-0.930	-0.946	-0.899	-0.938	-0.856	-0.895	-0.945	-0.895	-0.895	-0.895	-0.898	-1.011	-1.010	-1.011	-1.017	-0.668	-0.955	-1.011	-1.017	-0.635	-1.011	-0.906	-1.017	-1.011	-1.012	-1.019	-0.860	-0.829	-0.996	-1.001	-0.904	-1.001	-1.001	-1.000	-0.999	-0.906	-1.012	-0.993	-1.015	-1.016	-1.014	-1.014	-1.014	-1.010	-1.018	-1.015	-0.957	-1.000	-1.016	-1.017	-1.014	-0.884	-1.013	-1.016	-1.013	-1.014	-0.806	-1.017	-1.017	-1.014	-1.015	-0.905	-1.015	-0.907	-1.016	-0.907	-1.017	-1.016	-0.909	-0.980	
