## Summary of overall evidence for association with region:
## log10(BF for region) = 8.91905
## p-value for region = NA

## BFs for choosing among multi-SNP models:
## log10(average 1-SNP BF) = 8.97428
## log10(average 2-SNP BF) = 8.78164

## Example posterior probabilities for multi-SNP models, based on default prior: [p(l) propto 0.5^l for l=1,2,...,L]
## posterior probability of 1-SNP = 0.757078
## posterior probability of 2-SNP = 0.242922

## log10(BF) for single SNP and pair of SNPs:
rs2619102      -0.392	-0.515	-0.516	-0.507	-0.518	-0.519	-0.517	-0.515	-0.517	-0.510	-0.510	-0.503	-0.523	-0.508	-0.495	-0.534	-0.610	-0.556	-0.632	-0.714	+8.255	+8.420	+8.498	+2.150	+8.781	+8.441	+8.938	+8.926	+8.940	+8.980	+7.644	+8.816	+8.816	+8.818	+9.618	+9.615	+8.718	+9.675	+9.639	+9.637	+9.635	+9.597	+9.626	+9.627	+9.449	+9.776	+2.201	+2.594	+0.480	+1.306	+1.305	+1.393	+1.256	+1.180	+1.246	+1.444	+1.526	+1.195	+1.229	+1.480	+1.611	+0.949	+1.617	+0.118	+1.548	+1.617	+1.614	+0.096	+0.074	+0.945	+1.592	+1.620	+1.590	+1.590	+1.530	+0.062	+0.948	+1.657	+0.052	+0.545	-0.383	-0.754	-0.431	-0.157	-0.152	-0.710	-0.664	-0.005	-0.712	-0.603	+0.786	+0.919	+0.890	+1.065	-0.099	-0.426	-0.144	-0.733	-0.372	+0.093	-0.369	-0.653	+0.062	+0.252	-0.589	-0.589	-0.289	-0.281	-0.344	-0.489	-0.298	-0.381	+0.354	+0.125	-0.320	+0.396	-0.423	-0.521	-0.435	-0.691	-0.524	+0.362	-0.432	-0.400	+1.329	+1.298	+1.217	+1.310	-0.181	+1.320	+1.322	+1.322	+1.344	+1.320	+1.321	+1.321	+1.321	+1.322	+0.830	+1.325	+1.350	+1.354	+0.870	+1.401	+1.330	+1.304	+1.331	+1.305	+1.332	+1.284	+0.726	+1.310	-0.793	-0.792	-0.794	+0.947	+1.462	-0.729	+1.421	+0.986	
rs2803820      -0.515	-0.398	-0.521	-0.511	-0.522	-0.524	-0.522	-0.519	-0.522	-0.514	-0.514	-0.507	-0.530	-0.512	-0.499	-0.539	-0.614	-0.560	-0.639	-0.719	+8.248	+8.413	+8.491	+2.143	+8.774	+8.434	+8.931	+8.918	+8.933	+8.973	+7.636	+8.809	+8.809	+8.810	+9.611	+9.608	+8.710	+9.668	+9.632	+9.630	+9.627	+9.590	+9.619	+9.619	+9.442	+9.768	+2.195	+2.587	+0.474	+1.300	+1.299	+1.387	+1.249	+1.173	+1.239	+1.438	+1.519	+1.189	+1.223	+1.473	+1.604	+0.943	+1.610	+0.111	+1.541	+1.610	+1.607	+0.089	+0.067	+0.939	+1.586	+1.614	+1.584	+1.583	+1.524	+0.056	+0.941	+1.651	+0.046	+0.539	-0.389	-0.759	-0.437	-0.163	-0.158	-0.716	-0.670	-0.011	-0.718	-0.609	+0.780	+0.912	+0.883	+1.058	-0.105	-0.433	-0.150	-0.739	-0.378	+0.087	-0.375	-0.659	+0.056	+0.246	-0.595	-0.595	-0.295	-0.287	-0.350	-0.495	-0.304	-0.387	+0.348	+0.119	-0.326	+0.390	-0.429	-0.527	-0.441	-0.697	-0.530	+0.356	-0.438	-0.406	+1.323	+1.291	+1.210	+1.303	-0.187	+1.314	+1.315	+1.315	+1.337	+1.313	+1.314	+1.314	+1.315	+1.315	+0.824	+1.318	+1.344	+1.347	+0.864	+1.394	+1.324	+1.297	+1.325	+1.299	+1.325	+1.278	+0.720	+1.304	-0.799	-0.798	-0.800	+0.941	+1.455	-0.735	+1.414	+0.980	
rs363323       -0.516	-0.521	-0.133	-0.202	-0.527	-0.533	-0.213	-0.213	-0.214	-0.208	-0.207	-0.201	-0.545	-0.206	-0.198	-0.240	-0.545	-0.272	-0.592	-0.494	+8.487	+8.658	+8.740	+2.347	+8.985	+8.656	+9.138	+9.124	+9.137	+9.176	+7.872	+9.010	+9.009	+9.011	+9.796	+9.793	+8.929	+9.849	+9.810	+9.808	+9.805	+9.768	+9.797	+9.797	+9.616	+9.942	+2.455	+2.841	+0.697	+1.518	+1.517	+1.607	+1.460	+1.384	+1.450	+1.659	+1.741	+1.399	+1.434	+1.666	+1.796	+1.170	+1.802	+0.329	+1.733	+1.802	+1.799	+0.306	+0.284	+1.166	+1.777	+1.807	+1.776	+1.775	+1.716	+0.273	+1.169	+1.862	+0.255	+0.773	-0.185	-0.538	-0.231	+0.031	+0.036	-0.491	-0.447	+0.181	-0.493	-0.385	+0.950	+1.086	+1.057	+1.239	+0.126	-0.220	+0.119	-0.516	-0.119	+0.288	-0.115	-0.436	+0.256	+0.470	-0.349	-0.350	-0.066	-0.057	-0.111	-0.263	-0.080	-0.166	+0.587	+0.375	-0.087	+0.612	-0.196	-0.286	-0.208	-0.476	-0.289	+0.584	-0.205	-0.174	+1.515	+1.483	+1.403	+1.496	+0.062	+1.506	+1.507	+1.508	+1.529	+1.506	+1.507	+1.507	+1.507	+1.508	+1.068	+1.511	+1.536	+1.539	+1.108	+1.591	+1.516	+1.490	+1.517	+1.491	+1.518	+1.470	+0.938	+1.496	-0.579	-0.579	-0.579	+1.185	+1.653	-0.519	+1.612	+1.229	
rs2803818      -0.507	-0.511	-0.202	-0.119	-0.518	-0.523	-0.200	-0.200	-0.201	-0.196	-0.196	-0.191	-0.535	-0.195	-0.190	-0.226	-0.535	-0.260	-0.582	-0.482	+8.507	+8.678	+8.760	+2.363	+9.005	+8.677	+9.158	+9.144	+9.158	+9.196	+7.892	+9.030	+9.030	+9.031	+9.817	+9.814	+8.949	+9.869	+9.830	+9.828	+9.826	+9.788	+9.817	+9.817	+9.636	+9.962	+2.469	+2.856	+0.710	+1.532	+1.531	+1.620	+1.474	+1.398	+1.464	+1.673	+1.754	+1.413	+1.448	+1.680	+1.810	+1.184	+1.816	+0.341	+1.747	+1.816	+1.813	+0.319	+0.297	+1.179	+1.791	+1.821	+1.790	+1.789	+1.730	+0.286	+1.182	+1.877	+0.268	+0.786	-0.173	-0.526	-0.219	+0.044	+0.049	-0.479	-0.435	+0.194	-0.480	-0.372	+0.964	+1.100	+1.070	+1.253	+0.139	-0.208	+0.134	-0.504	-0.105	+0.301	-0.101	-0.423	+0.270	+0.484	-0.336	-0.337	-0.053	-0.044	-0.099	-0.250	-0.067	-0.153	+0.601	+0.389	-0.074	+0.625	-0.183	-0.274	-0.196	-0.463	-0.276	+0.597	-0.193	-0.162	+1.529	+1.497	+1.416	+1.510	+0.074	+1.520	+1.521	+1.521	+1.543	+1.520	+1.520	+1.521	+1.521	+1.522	+1.081	+1.524	+1.550	+1.553	+1.121	+1.605	+1.530	+1.504	+1.531	+1.505	+1.531	+1.484	+0.952	+1.510	-0.567	-0.567	-0.567	+1.198	+1.667	-0.507	+1.625	+1.243	
rs2532798      -0.518	-0.522	-0.527	-0.518	-0.407	-0.531	-0.528	-0.526	-0.529	-0.521	-0.521	-0.514	-0.540	-0.519	-0.506	-0.546	-0.620	-0.567	-0.648	-0.728	+8.237	+8.402	+8.480	+2.134	+8.763	+8.423	+8.919	+8.907	+8.921	+8.962	+7.625	+8.797	+8.797	+8.799	+9.599	+9.596	+8.699	+9.656	+9.620	+9.618	+9.615	+9.578	+9.607	+9.607	+9.430	+9.756	+2.185	+2.578	+0.465	+1.290	+1.289	+1.377	+1.240	+1.164	+1.229	+1.428	+1.509	+1.179	+1.213	+1.464	+1.594	+0.933	+1.600	+0.102	+1.531	+1.600	+1.597	+0.080	+0.058	+0.929	+1.576	+1.604	+1.574	+1.573	+1.514	+0.047	+0.932	+1.641	+0.036	+0.530	-0.398	-0.768	-0.446	-0.173	-0.168	-0.725	-0.679	-0.020	-0.727	-0.618	+0.770	+0.902	+0.873	+1.048	-0.114	-0.441	-0.159	-0.748	-0.387	+0.078	-0.383	-0.668	+0.047	+0.236	-0.603	-0.604	-0.304	-0.295	-0.359	-0.504	-0.313	-0.396	+0.339	+0.111	-0.334	+0.381	-0.437	-0.536	-0.449	-0.706	-0.538	+0.347	-0.447	-0.415	+1.313	+1.281	+1.201	+1.294	-0.195	+1.304	+1.305	+1.305	+1.327	+1.303	+1.304	+1.304	+1.305	+1.306	+0.816	+1.308	+1.334	+1.337	+0.856	+1.384	+1.314	+1.288	+1.315	+1.289	+1.316	+1.268	+0.710	+1.294	-0.808	-0.807	-0.808	+0.933	+1.445	-0.743	+1.404	+0.972	
rs363324       -0.519	-0.524	-0.533	-0.523	-0.531	-0.415	-0.534	-0.532	-0.534	-0.527	-0.526	-0.519	-0.549	-0.524	-0.511	-0.552	-0.625	-0.573	-0.656	-0.735	+8.228	+8.393	+8.471	+2.125	+8.754	+8.414	+8.910	+8.898	+8.912	+8.952	+7.616	+8.788	+8.788	+8.790	+9.589	+9.587	+8.689	+9.646	+9.610	+9.608	+9.605	+9.568	+9.597	+9.598	+9.420	+9.747	+2.177	+2.569	+0.457	+1.282	+1.281	+1.369	+1.231	+1.155	+1.221	+1.420	+1.501	+1.171	+1.204	+1.455	+1.586	+0.925	+1.592	+0.094	+1.522	+1.591	+1.589	+0.072	+0.050	+0.921	+1.567	+1.595	+1.565	+1.565	+1.505	+0.039	+0.924	+1.632	+0.029	+0.522	-0.406	-0.775	-0.454	-0.181	-0.176	-0.732	-0.686	-0.029	-0.734	-0.625	+0.762	+0.894	+0.865	+1.040	-0.122	-0.449	-0.166	-0.755	-0.394	+0.070	-0.391	-0.675	+0.039	+0.229	-0.610	-0.611	-0.311	-0.303	-0.366	-0.511	-0.321	-0.404	+0.331	+0.103	-0.341	+0.373	-0.445	-0.543	-0.457	-0.713	-0.545	+0.339	-0.454	-0.422	+1.305	+1.273	+1.192	+1.285	-0.202	+1.296	+1.297	+1.297	+1.319	+1.295	+1.296	+1.296	+1.297	+1.297	+0.808	+1.300	+1.325	+1.329	+0.848	+1.376	+1.305	+1.279	+1.307	+1.280	+1.307	+1.259	+0.703	+1.285	-0.815	-0.814	-0.816	+0.925	+1.437	-0.751	+1.396	+0.964	
rs3981210      -0.517	-0.522	-0.213	-0.200	-0.528	-0.534	-0.135	-0.208	-0.209	-0.203	-0.203	-0.197	-0.546	-0.202	-0.195	-0.239	-0.546	-0.273	-0.593	-0.495	+8.489	+8.660	+8.742	+2.347	+8.988	+8.659	+9.141	+9.127	+9.140	+9.179	+7.874	+9.013	+9.012	+9.014	+9.799	+9.796	+8.932	+9.852	+9.813	+9.811	+9.808	+9.771	+9.800	+9.800	+9.619	+9.945	+2.454	+2.841	+0.696	+1.518	+1.517	+1.606	+1.459	+1.383	+1.449	+1.658	+1.740	+1.398	+1.433	+1.665	+1.796	+1.169	+1.802	+0.327	+1.732	+1.801	+1.799	+0.305	+0.283	+1.165	+1.777	+1.806	+1.775	+1.775	+1.715	+0.271	+1.168	+1.862	+0.254	+0.771	-0.186	-0.540	-0.232	+0.031	+0.036	-0.492	-0.448	+0.181	-0.494	-0.386	+0.950	+1.086	+1.056	+1.239	+0.125	-0.221	+0.118	-0.517	-0.120	+0.287	-0.116	-0.437	+0.256	+0.469	-0.350	-0.351	-0.067	-0.058	-0.113	-0.264	-0.081	-0.167	+0.586	+0.374	-0.088	+0.611	-0.197	-0.288	-0.210	-0.477	-0.290	+0.583	-0.207	-0.176	+1.514	+1.482	+1.401	+1.495	+0.060	+1.505	+1.506	+1.506	+1.528	+1.505	+1.505	+1.506	+1.506	+1.507	+1.066	+1.509	+1.535	+1.538	+1.106	+1.590	+1.515	+1.489	+1.516	+1.490	+1.516	+1.469	+0.937	+1.495	-0.580	-0.580	-0.581	+1.184	+1.652	-0.521	+1.610	+1.228	
rs363325       -0.515	-0.519	-0.213	-0.200	-0.526	-0.532	-0.208	-0.131	-0.208	-0.203	-0.202	-0.196	-0.543	-0.201	-0.195	-0.237	-0.544	-0.271	-0.591	-0.493	+8.491	+8.662	+8.744	+2.350	+8.990	+8.661	+9.143	+9.128	+9.142	+9.180	+7.876	+9.015	+9.014	+9.015	+9.801	+9.798	+8.933	+9.853	+9.815	+9.813	+9.810	+9.772	+9.801	+9.802	+9.621	+9.946	+2.456	+2.843	+0.698	+1.520	+1.519	+1.609	+1.462	+1.386	+1.452	+1.661	+1.742	+1.401	+1.436	+1.668	+1.798	+1.172	+1.804	+0.330	+1.735	+1.804	+1.801	+0.308	+0.286	+1.168	+1.779	+1.809	+1.778	+1.777	+1.718	+0.274	+1.171	+1.864	+0.256	+0.774	-0.183	-0.537	-0.229	+0.033	+0.038	-0.489	-0.446	+0.184	-0.491	-0.383	+0.953	+1.088	+1.059	+1.241	+0.128	-0.218	+0.122	-0.514	-0.116	+0.290	-0.112	-0.434	+0.259	+0.473	-0.347	-0.348	-0.065	-0.055	-0.110	-0.261	-0.078	-0.164	+0.588	+0.377	-0.086	+0.613	-0.194	-0.285	-0.207	-0.474	-0.287	+0.585	-0.204	-0.173	+1.516	+1.484	+1.404	+1.497	+0.063	+1.507	+1.509	+1.509	+1.531	+1.507	+1.508	+1.508	+1.509	+1.509	+1.069	+1.512	+1.537	+1.541	+1.109	+1.593	+1.517	+1.491	+1.518	+1.492	+1.519	+1.472	+0.940	+1.497	-0.577	-0.577	-0.578	+1.186	+1.654	-0.518	+1.613	+1.231	
rs363326       -0.517	-0.522	-0.214	-0.201	-0.529	-0.534	-0.209	-0.208	-0.135	-0.203	-0.203	-0.197	-0.546	-0.202	-0.195	-0.239	-0.546	-0.273	-0.594	-0.496	+8.489	+8.660	+8.742	+2.347	+8.988	+8.659	+9.140	+9.126	+9.140	+9.178	+7.874	+9.012	+9.012	+9.013	+9.799	+9.796	+8.931	+9.851	+9.813	+9.811	+9.808	+9.770	+9.799	+9.800	+9.619	+9.945	+2.454	+2.841	+0.696	+1.517	+1.516	+1.606	+1.459	+1.383	+1.449	+1.658	+1.739	+1.398	+1.433	+1.665	+1.795	+1.169	+1.801	+0.327	+1.732	+1.801	+1.799	+0.305	+0.282	+1.165	+1.777	+1.806	+1.775	+1.774	+1.715	+0.271	+1.168	+1.861	+0.253	+0.771	-0.186	-0.540	-0.232	+0.030	+0.035	-0.492	-0.449	+0.180	-0.494	-0.386	+0.950	+1.086	+1.056	+1.239	+0.125	-0.222	+0.118	-0.518	-0.120	+0.287	-0.116	-0.437	+0.256	+0.469	-0.350	-0.352	-0.068	-0.058	-0.113	-0.264	-0.081	-0.167	+0.585	+0.374	-0.089	+0.610	-0.197	-0.288	-0.210	-0.477	-0.291	+0.582	-0.207	-0.176	+1.513	+1.481	+1.401	+1.495	+0.060	+1.504	+1.506	+1.506	+1.528	+1.504	+1.505	+1.505	+1.506	+1.506	+1.066	+1.509	+1.534	+1.538	+1.106	+1.590	+1.514	+1.488	+1.515	+1.489	+1.516	+1.469	+0.936	+1.494	-0.580	-0.580	-0.581	+1.183	+1.651	-0.521	+1.610	+1.228	
rs363327       -0.510	-0.514	-0.208	-0.196	-0.521	-0.527	-0.203	-0.203	-0.203	-0.124	-0.197	-0.192	-0.538	-0.196	-0.191	-0.229	-0.539	-0.263	-0.585	-0.486	+8.501	+8.672	+8.754	+2.358	+9.000	+8.671	+9.152	+9.138	+9.152	+9.190	+7.886	+9.024	+9.024	+9.025	+9.811	+9.808	+8.944	+9.864	+9.825	+9.823	+9.820	+9.782	+9.811	+9.812	+9.631	+9.957	+2.465	+2.852	+0.706	+1.528	+1.527	+1.616	+1.470	+1.394	+1.460	+1.668	+1.750	+1.409	+1.444	+1.676	+1.806	+1.180	+1.812	+0.337	+1.743	+1.812	+1.810	+0.315	+0.293	+1.175	+1.788	+1.817	+1.786	+1.785	+1.726	+0.281	+1.178	+1.873	+0.264	+0.782	-0.177	-0.530	-0.223	+0.040	+0.045	-0.483	-0.439	+0.190	-0.484	-0.376	+0.960	+1.096	+1.066	+1.249	+0.135	-0.212	+0.129	-0.508	-0.110	+0.297	-0.106	-0.427	+0.266	+0.479	-0.341	-0.342	-0.058	-0.048	-0.103	-0.255	-0.072	-0.158	+0.596	+0.384	-0.079	+0.620	-0.188	-0.279	-0.200	-0.468	-0.281	+0.592	-0.197	-0.166	+1.524	+1.492	+1.411	+1.505	+0.070	+1.515	+1.516	+1.516	+1.538	+1.515	+1.515	+1.516	+1.516	+1.517	+1.076	+1.520	+1.545	+1.548	+1.116	+1.600	+1.525	+1.499	+1.526	+1.500	+1.527	+1.479	+0.947	+1.505	-0.571	-0.571	-0.571	+1.194	+1.662	-0.511	+1.621	+1.238	
rs363328       -0.510	-0.514	-0.207	-0.196	-0.521	-0.526	-0.203	-0.202	-0.203	-0.197	-0.123	-0.191	-0.538	-0.195	-0.190	-0.228	-0.538	-0.262	-0.585	-0.486	+8.501	+8.673	+8.755	+2.358	+9.000	+8.672	+9.153	+9.139	+9.152	+9.191	+7.887	+9.025	+9.025	+9.026	+9.812	+9.809	+8.944	+9.864	+9.825	+9.823	+9.821	+9.783	+9.812	+9.812	+9.632	+9.957	+2.465	+2.852	+0.706	+1.528	+1.527	+1.617	+1.470	+1.394	+1.460	+1.668	+1.750	+1.409	+1.444	+1.676	+1.807	+1.180	+1.813	+0.338	+1.743	+1.813	+1.810	+0.316	+0.293	+1.175	+1.788	+1.817	+1.786	+1.786	+1.726	+0.282	+1.178	+1.873	+0.264	+0.782	-0.176	-0.530	-0.222	+0.040	+0.045	-0.482	-0.439	+0.191	-0.484	-0.376	+0.960	+1.096	+1.066	+1.249	+0.135	-0.211	+0.129	-0.508	-0.109	+0.297	-0.105	-0.427	+0.266	+0.479	-0.340	-0.341	-0.058	-0.048	-0.103	-0.254	-0.071	-0.157	+0.596	+0.384	-0.079	+0.621	-0.188	-0.278	-0.200	-0.467	-0.281	+0.593	-0.197	-0.166	+1.524	+1.492	+1.412	+1.505	+0.070	+1.515	+1.517	+1.517	+1.539	+1.515	+1.516	+1.516	+1.517	+1.517	+1.077	+1.520	+1.545	+1.549	+1.116	+1.601	+1.525	+1.499	+1.526	+1.500	+1.527	+1.480	+0.947	+1.505	-0.571	-0.570	-0.571	+1.194	+1.662	-0.511	+1.621	+1.238	
rs363329       -0.503	-0.507	-0.201	-0.191	-0.514	-0.519	-0.197	-0.196	-0.197	-0.192	-0.191	-0.113	-0.531	-0.190	-0.186	-0.219	-0.531	-0.251	-0.578	-0.477	+8.513	+8.684	+8.766	+2.369	+9.012	+8.684	+9.165	+9.151	+9.165	+9.203	+7.898	+9.037	+9.037	+9.038	+9.824	+9.821	+8.956	+9.876	+9.838	+9.836	+9.833	+9.795	+9.824	+9.825	+9.644	+9.969	+2.475	+2.863	+0.715	+1.538	+1.537	+1.626	+1.480	+1.404	+1.470	+1.678	+1.760	+1.419	+1.454	+1.686	+1.817	+1.189	+1.823	+0.347	+1.753	+1.823	+1.820	+0.325	+0.303	+1.185	+1.798	+1.827	+1.796	+1.796	+1.736	+0.291	+1.188	+1.883	+0.273	+0.792	-0.168	-0.521	-0.214	+0.049	+0.054	-0.474	-0.430	+0.199	-0.475	-0.367	+0.969	+1.105	+1.075	+1.258	+0.144	-0.203	+0.138	-0.499	-0.100	+0.306	-0.096	-0.418	+0.275	+0.489	-0.331	-0.332	-0.049	-0.039	-0.094	-0.246	-0.063	-0.149	+0.605	+0.394	-0.070	+0.630	-0.179	-0.270	-0.191	-0.459	-0.272	+0.602	-0.188	-0.157	+1.534	+1.502	+1.421	+1.515	+0.079	+1.525	+1.526	+1.526	+1.548	+1.525	+1.525	+1.526	+1.526	+1.527	+1.086	+1.529	+1.555	+1.558	+1.126	+1.611	+1.535	+1.509	+1.536	+1.510	+1.537	+1.489	+0.957	+1.515	-0.562	-0.562	-0.562	+1.203	+1.672	-0.502	+1.631	+1.248	
rs2532799      -0.523	-0.530	-0.545	-0.535	-0.540	-0.549	-0.546	-0.543	-0.546	-0.538	-0.538	-0.531	-0.432	-0.536	-0.523	-0.564	-0.630	-0.586	-0.669	-0.751	+8.205	+8.371	+8.449	+2.106	+8.732	+8.393	+8.889	+8.876	+8.890	+8.931	+7.594	+8.766	+8.766	+8.768	+9.566	+9.564	+8.666	+9.623	+9.587	+9.585	+9.582	+9.545	+9.574	+9.574	+9.396	+9.723	+2.160	+2.552	+0.440	+1.264	+1.263	+1.351	+1.213	+1.137	+1.203	+1.403	+1.483	+1.152	+1.186	+1.436	+1.567	+0.908	+1.573	+0.077	+1.503	+1.573	+1.570	+0.054	+0.033	+0.903	+1.548	+1.576	+1.546	+1.546	+1.486	+0.021	+0.906	+1.614	+0.011	+0.505	-0.423	-0.791	-0.470	-0.198	-0.193	-0.748	-0.702	-0.046	-0.750	-0.641	+0.743	+0.875	+0.846	+1.021	-0.138	-0.465	-0.183	-0.771	-0.410	+0.051	-0.407	-0.691	+0.021	+0.211	-0.626	-0.627	-0.327	-0.319	-0.382	-0.527	-0.337	-0.420	+0.314	+0.087	-0.357	+0.356	-0.460	-0.558	-0.472	-0.729	-0.560	+0.323	-0.470	-0.438	+1.286	+1.254	+1.174	+1.267	-0.218	+1.277	+1.278	+1.278	+1.300	+1.276	+1.277	+1.277	+1.278	+1.278	+0.792	+1.281	+1.307	+1.310	+0.832	+1.357	+1.287	+1.260	+1.288	+1.262	+1.288	+1.241	+0.685	+1.267	-0.831	-0.830	-0.831	+0.909	+1.418	-0.767	+1.377	+0.948	
rs12414934     -0.508	-0.512	-0.206	-0.195	-0.519	-0.524	-0.202	-0.201	-0.202	-0.196	-0.195	-0.190	-0.536	-0.121	-0.188	-0.224	-0.537	-0.258	-0.583	-0.483	+8.505	+8.676	+8.758	+2.361	+9.003	+8.675	+9.156	+9.142	+9.156	+9.194	+7.890	+9.028	+9.028	+9.029	+9.815	+9.812	+8.947	+9.868	+9.829	+9.827	+9.824	+9.786	+9.815	+9.816	+9.635	+9.961	+2.468	+2.855	+0.708	+1.531	+1.530	+1.619	+1.473	+1.397	+1.462	+1.671	+1.753	+1.412	+1.446	+1.679	+1.809	+1.182	+1.815	+0.340	+1.746	+1.815	+1.812	+0.318	+0.296	+1.178	+1.791	+1.820	+1.789	+1.788	+1.729	+0.284	+1.181	+1.876	+0.266	+0.785	-0.174	-0.528	-0.220	+0.043	+0.048	-0.480	-0.436	+0.193	-0.482	-0.374	+0.962	+1.098	+1.069	+1.252	+0.137	-0.209	+0.131	-0.505	-0.107	+0.299	-0.103	-0.425	+0.268	+0.482	-0.338	-0.339	-0.055	-0.046	-0.100	-0.252	-0.069	-0.155	+0.598	+0.387	-0.076	+0.623	-0.185	-0.276	-0.198	-0.465	-0.278	+0.595	-0.195	-0.164	+1.527	+1.495	+1.414	+1.508	+0.072	+1.518	+1.519	+1.519	+1.541	+1.518	+1.518	+1.519	+1.519	+1.520	+1.079	+1.522	+1.548	+1.551	+1.119	+1.603	+1.528	+1.501	+1.529	+1.503	+1.529	+1.482	+0.950	+1.508	-0.568	-0.568	-0.569	+1.196	+1.665	-0.509	+1.624	+1.241	
rs2619097      -0.495	-0.499	-0.198	-0.190	-0.506	-0.511	-0.195	-0.195	-0.195	-0.191	-0.190	-0.186	-0.523	-0.188	-0.102	-0.196	-0.524	-0.231	-0.569	-0.467	+8.528	+8.700	+8.781	+2.382	+9.027	+8.698	+9.180	+9.165	+9.179	+9.217	+7.913	+9.051	+9.051	+9.052	+9.839	+9.836	+8.971	+9.891	+9.852	+9.850	+9.847	+9.810	+9.839	+9.839	+9.658	+9.984	+2.486	+2.874	+0.725	+1.548	+1.547	+1.637	+1.490	+1.414	+1.479	+1.688	+1.770	+1.429	+1.463	+1.696	+1.826	+1.200	+1.832	+0.358	+1.763	+1.832	+1.829	+0.336	+0.313	+1.195	+1.807	+1.836	+1.805	+1.805	+1.746	+0.302	+1.198	+1.893	+0.284	+0.803	-0.158	-0.511	-0.204	+0.059	+0.064	-0.463	-0.420	+0.210	-0.465	-0.357	+0.980	+1.116	+1.086	+1.269	+0.154	-0.193	+0.150	-0.489	-0.089	+0.316	-0.085	-0.408	+0.285	+0.499	-0.321	-0.322	-0.038	-0.029	-0.084	-0.235	-0.052	-0.138	+0.617	+0.405	-0.060	+0.641	-0.169	-0.259	-0.182	-0.449	-0.262	+0.613	-0.179	-0.147	+1.544	+1.512	+1.431	+1.525	+0.089	+1.535	+1.536	+1.536	+1.558	+1.535	+1.535	+1.536	+1.536	+1.537	+1.097	+1.539	+1.565	+1.568	+1.137	+1.620	+1.545	+1.519	+1.546	+1.520	+1.546	+1.499	+0.966	+1.525	-0.552	-0.552	-0.553	+1.215	+1.682	-0.492	+1.641	+1.259	
rs363330       -0.534	-0.539	-0.240	-0.226	-0.546	-0.552	-0.239	-0.237	-0.239	-0.229	-0.228	-0.219	-0.564	-0.224	-0.196	-0.161	-0.565	-0.280	-0.613	-0.519	+8.457	+8.630	+8.710	+2.325	+8.957	+8.628	+9.109	+9.095	+9.109	+9.147	+7.842	+8.981	+8.981	+8.982	+9.768	+9.765	+8.899	+9.820	+9.781	+9.779	+9.776	+9.739	+9.768	+9.768	+9.587	+9.913	+2.425	+2.811	+0.669	+1.490	+1.489	+1.578	+1.431	+1.355	+1.420	+1.629	+1.711	+1.370	+1.404	+1.638	+1.768	+1.142	+1.774	+0.302	+1.705	+1.774	+1.771	+0.280	+0.258	+1.137	+1.749	+1.778	+1.747	+1.747	+1.688	+0.247	+1.140	+1.832	+0.229	+0.746	-0.209	-0.562	-0.256	+0.007	+0.012	-0.515	-0.471	+0.157	-0.517	-0.409	+0.924	+1.060	+1.030	+1.213	+0.100	-0.244	+0.092	-0.540	-0.145	+0.262	-0.141	-0.460	+0.231	+0.443	-0.375	-0.376	-0.091	-0.082	-0.137	-0.288	-0.105	-0.191	+0.560	+0.350	-0.113	+0.585	-0.222	-0.312	-0.234	-0.500	-0.314	+0.557	-0.232	-0.200	+1.486	+1.454	+1.373	+1.467	+0.035	+1.477	+1.478	+1.478	+1.500	+1.476	+1.477	+1.477	+1.478	+1.479	+1.042	+1.481	+1.507	+1.510	+1.082	+1.562	+1.486	+1.460	+1.487	+1.462	+1.488	+1.441	+0.908	+1.467	-0.603	-0.603	-0.603	+1.160	+1.623	-0.544	+1.582	+1.204	
rs2619096      -0.610	-0.614	-0.545	-0.535	-0.620	-0.625	-0.546	-0.544	-0.546	-0.539	-0.538	-0.531	-0.630	-0.537	-0.524	-0.565	-0.433	-0.587	-0.655	-0.746	+8.215	+8.382	+8.461	+2.089	+8.742	+8.403	+8.899	+8.886	+8.900	+8.941	+7.604	+8.776	+8.776	+8.778	+9.576	+9.573	+8.677	+9.634	+9.597	+9.596	+9.593	+9.555	+9.584	+9.585	+9.407	+9.734	+2.175	+2.570	+0.449	+1.278	+1.277	+1.365	+1.208	+1.133	+1.198	+1.416	+1.497	+1.148	+1.182	+1.431	+1.562	+0.919	+1.568	+0.071	+1.499	+1.568	+1.565	+0.049	+0.027	+0.915	+1.543	+1.571	+1.542	+1.541	+1.482	+0.016	+0.918	+1.609	+0.005	+0.500	-0.415	-0.792	-0.463	-0.189	-0.184	-0.746	-0.703	-0.035	-0.748	-0.642	+0.755	+0.888	+0.859	+1.035	-0.140	-0.467	-0.184	-0.772	-0.411	+0.053	-0.408	-0.690	+0.022	+0.212	-0.627	-0.628	-0.322	-0.313	-0.382	-0.523	-0.332	-0.416	+0.320	+0.094	-0.350	+0.367	-0.455	-0.552	-0.466	-0.730	-0.555	+0.333	-0.464	-0.431	+1.299	+1.268	+1.187	+1.280	-0.209	+1.290	+1.292	+1.292	+1.314	+1.290	+1.291	+1.291	+1.291	+1.292	+0.802	+1.295	+1.320	+1.324	+0.846	+1.372	+1.300	+1.274	+1.301	+1.275	+1.302	+1.254	+0.696	+1.280	-0.832	-0.831	-0.833	+0.923	+1.433	-0.768	+1.392	+0.963	
rs363333       -0.556	-0.560	-0.272	-0.260	-0.567	-0.573	-0.273	-0.271	-0.273	-0.263	-0.262	-0.251	-0.586	-0.258	-0.231	-0.280	-0.587	-0.193	-0.637	-0.546	+8.425	+8.596	+8.678	+2.294	+8.927	+8.598	+9.080	+9.066	+9.079	+9.118	+7.811	+8.952	+8.951	+8.953	+9.737	+9.734	+8.867	+9.790	+9.751	+9.749	+9.747	+9.709	+9.738	+9.738	+9.557	+9.883	+2.392	+2.779	+0.640	+1.460	+1.459	+1.548	+1.400	+1.324	+1.390	+1.600	+1.681	+1.339	+1.374	+1.608	+1.738	+1.112	+1.744	+0.272	+1.675	+1.744	+1.741	+0.250	+0.228	+1.107	+1.719	+1.748	+1.718	+1.717	+1.658	+0.216	+1.110	+1.801	+0.200	+0.715	-0.237	-0.590	-0.283	-0.021	-0.016	-0.543	-0.499	+0.129	-0.545	-0.437	+0.897	+1.032	+1.002	+1.185	+0.071	-0.272	+0.061	-0.568	-0.175	+0.233	-0.171	-0.488	+0.202	+0.414	-0.404	-0.405	-0.120	-0.110	-0.166	-0.316	-0.134	-0.220	+0.530	+0.320	-0.141	+0.556	-0.251	-0.340	-0.263	-0.528	-0.342	+0.527	-0.260	-0.229	+1.456	+1.424	+1.344	+1.437	+0.006	+1.447	+1.448	+1.448	+1.470	+1.446	+1.447	+1.447	+1.448	+1.449	+1.013	+1.451	+1.476	+1.480	+1.053	+1.531	+1.456	+1.430	+1.457	+1.432	+1.458	+1.411	+0.879	+1.437	-0.630	-0.630	-0.631	+1.130	+1.593	-0.571	+1.552	+1.175	
rs363338       -0.632	-0.639	-0.592	-0.582	-0.648	-0.656	-0.593	-0.591	-0.594	-0.585	-0.585	-0.578	-0.669	-0.583	-0.569	-0.613	-0.655	-0.637	-0.499	-0.817	+8.128	+8.295	+8.373	+2.033	+8.653	+8.315	+8.809	+8.796	+8.810	+8.851	+7.515	+8.686	+8.686	+8.687	+9.483	+9.480	+8.584	+9.540	+9.503	+9.501	+9.499	+9.461	+9.490	+9.491	+9.311	+9.639	+2.087	+2.478	+0.369	+1.191	+1.190	+1.277	+1.136	+1.060	+1.126	+1.329	+1.410	+1.075	+1.110	+1.357	+1.487	+0.836	+1.493	+0.003	+1.424	+1.493	+1.490	-0.019	-0.041	+0.832	+1.468	+1.497	+1.467	+1.466	+1.407	-0.052	+0.835	+1.535	-0.062	+0.434	-0.490	-0.855	-0.538	-0.268	-0.263	-0.813	-0.766	-0.119	-0.814	-0.705	+0.676	+0.810	+0.780	+0.956	-0.204	-0.532	-0.247	-0.835	-0.473	-0.014	-0.470	-0.756	-0.045	+0.145	-0.690	-0.690	-0.389	-0.380	-0.442	-0.588	-0.400	-0.483	+0.251	+0.027	-0.419	+0.293	-0.523	-0.620	-0.535	-0.793	-0.622	+0.260	-0.532	-0.502	+1.220	+1.189	+1.108	+1.201	-0.281	+1.211	+1.212	+1.213	+1.234	+1.211	+1.211	+1.212	+1.212	+1.213	+0.731	+1.215	+1.241	+1.244	+0.770	+1.292	+1.221	+1.195	+1.222	+1.196	+1.223	+1.175	+0.618	+1.201	-0.895	-0.894	-0.895	+0.847	+1.353	-0.832	+1.312	+0.887	
rs12569963     -0.714	-0.719	-0.494	-0.482	-0.728	-0.735	-0.495	-0.493	-0.496	-0.486	-0.486	-0.477	-0.751	-0.483	-0.467	-0.519	-0.746	-0.546	-0.817	-0.461	+8.133	+8.305	+8.385	+2.078	+8.617	+8.284	+8.770	+8.756	+8.770	+8.809	+7.511	+8.643	+8.643	+8.644	+9.422	+9.419	+8.558	+9.475	+9.437	+9.435	+9.433	+9.395	+9.424	+9.425	+9.240	+9.568	+2.098	+2.475	+0.370	+1.172	+1.171	+1.258	+1.142	+1.067	+1.132	+1.314	+1.393	+1.080	+1.116	+1.353	+1.482	+0.833	+1.488	+0.018	+1.420	+1.488	+1.486	-0.004	-0.025	+0.829	+1.464	+1.493	+1.462	+1.462	+1.403	-0.037	+0.832	+1.534	-0.050	+0.450	-0.481	-0.823	-0.531	-0.274	-0.269	-0.784	-0.733	-0.129	-0.785	-0.674	+0.648	+0.783	+0.753	+0.929	-0.173	-0.508	-0.201	-0.801	-0.430	-0.022	-0.427	-0.728	-0.052	+0.162	-0.650	-0.651	-0.358	-0.349	-0.392	-0.545	-0.374	-0.455	+0.265	+0.070	-0.392	+0.293	-0.497	-0.579	-0.509	-0.765	-0.582	+0.269	-0.506	-0.469	+1.203	+1.172	+1.093	+1.184	-0.241	+1.194	+1.195	+1.196	+1.217	+1.194	+1.194	+1.195	+1.195	+1.196	+0.775	+1.198	+1.224	+1.227	+0.807	+1.269	+1.203	+1.177	+1.204	+1.178	+1.205	+1.158	+0.616	+1.183	-0.863	-0.863	-0.863	+0.883	+1.328	-0.804	+1.287	+0.919	
rs181496       +8.255	+8.248	+8.487	+8.507	+8.237	+8.228	+8.489	+8.491	+8.489	+8.501	+8.501	+8.513	+8.205	+8.505	+8.528	+8.457	+8.215	+8.425	+8.128	+8.133	+8.743	+8.845	+8.886	+8.015	+9.282	+9.102	+9.382	+9.374	+9.384	+9.411	+8.513	+9.314	+9.314	+9.315	+10.022	+10.022	+9.148	+10.074	+10.055	+10.054	+10.053	+10.030	+10.048	+10.049	+9.944	+10.154	+8.103	+8.411	+7.956	+8.101	+8.101	+8.128	+8.291	+8.259	+8.288	+8.133	+8.153	+8.268	+8.285	+8.458	+8.538	+7.963	+8.543	+8.388	+8.509	+8.543	+8.542	+8.374	+8.356	+7.963	+8.530	+8.547	+8.529	+8.529	+8.499	+8.349	+7.963	+8.526	+8.403	+8.462	+8.048	+8.430	+8.066	+7.954	+7.953	+8.187	+8.403	+7.929	+8.205	+8.588	+8.084	+8.055	+8.054	+8.003	+8.083	+8.107	+8.428	+8.108	+8.192	+7.965	+8.194	+8.175	+7.958	+8.213	+8.095	+8.095	+7.915	+7.915	+7.910	+7.910	+7.915	+7.910	+7.984	+7.933	+7.917	+7.950	+7.914	+7.927	+7.913	+8.125	+7.927	+7.951	+7.912	+7.914	+8.087	+8.079	+8.060	+8.083	+7.955	+8.086	+8.086	+8.086	+8.092	+8.086	+8.086	+8.086	+8.086	+8.087	+8.204	+8.087	+8.094	+8.095	+8.195	+8.118	+8.090	+8.083	+8.090	+8.083	+8.090	+8.078	+8.042	+8.085	+8.128	+8.112	+8.118	+8.229	+8.143	+8.104	+8.129	+8.270	
rs118913       +8.420	+8.413	+8.658	+8.678	+8.402	+8.393	+8.660	+8.662	+8.660	+8.672	+8.673	+8.684	+8.371	+8.676	+8.700	+8.630	+8.382	+8.596	+8.295	+8.305	+8.845	+8.916	+8.955	+8.179	+9.337	+9.165	+9.432	+9.425	+9.434	+9.460	+8.648	+9.367	+9.367	+9.369	+10.063	+10.062	+9.204	+10.114	+10.096	+10.095	+10.094	+10.071	+10.089	+10.089	+9.988	+10.193	+8.251	+8.548	+8.133	+8.254	+8.254	+8.279	+8.441	+8.410	+8.438	+8.284	+8.303	+8.418	+8.435	+8.608	+8.687	+8.128	+8.691	+8.552	+8.658	+8.692	+8.690	+8.538	+8.520	+8.128	+8.679	+8.696	+8.678	+8.678	+8.649	+8.513	+8.129	+8.672	+8.568	+8.616	+8.231	+8.611	+8.250	+8.132	+8.130	+8.363	+8.579	+8.099	+8.381	+8.763	+8.262	+8.231	+8.230	+8.175	+8.247	+8.277	+8.598	+8.282	+8.362	+8.141	+8.364	+8.347	+8.134	+8.399	+8.266	+8.267	+8.088	+8.087	+8.081	+8.082	+8.085	+8.080	+8.151	+8.101	+8.087	+8.118	+8.085	+8.099	+8.084	+8.296	+8.099	+8.119	+8.083	+8.085	+8.260	+8.252	+8.233	+8.256	+8.123	+8.258	+8.259	+8.259	+8.265	+8.259	+8.259	+8.259	+8.259	+8.259	+8.363	+8.260	+8.267	+8.268	+8.354	+8.291	+8.263	+8.256	+8.263	+8.256	+8.263	+8.251	+8.217	+8.258	+8.285	+8.270	+8.275	+8.387	+8.316	+8.267	+8.302	+8.427	
rs409017       +8.498	+8.491	+8.740	+8.760	+8.480	+8.471	+8.742	+8.744	+8.742	+8.754	+8.755	+8.766	+8.449	+8.758	+8.781	+8.710	+8.461	+8.678	+8.373	+8.385	+8.886	+8.955	+8.992	+8.257	+9.300	+9.131	+9.393	+9.386	+9.396	+9.421	+8.837	+9.330	+9.330	+9.331	+10.013	+10.012	+9.181	+10.063	+10.044	+10.044	+10.042	+10.020	+10.038	+10.038	+9.936	+10.141	+8.298	+8.548	+8.237	+8.290	+8.290	+8.310	+8.458	+8.429	+8.455	+8.315	+8.332	+8.437	+8.452	+8.695	+8.774	+8.199	+8.779	+8.642	+8.745	+8.779	+8.778	+8.631	+8.613	+8.199	+8.766	+8.783	+8.765	+8.765	+8.736	+8.605	+8.199	+8.670	+8.663	+8.698	+8.309	+8.693	+8.382	+8.236	+8.234	+8.505	+8.770	+8.180	+8.526	+8.840	+8.326	+8.298	+8.297	+8.248	+8.335	+8.363	+8.677	+8.347	+8.441	+8.196	+8.443	+8.422	+8.191	+8.478	+8.344	+8.344	+8.163	+8.163	+8.158	+8.157	+8.161	+8.157	+8.215	+8.180	+8.165	+8.192	+8.170	+8.174	+8.170	+8.379	+8.175	+8.190	+8.168	+8.162	+8.339	+8.330	+8.311	+8.334	+8.204	+8.337	+8.337	+8.337	+8.343	+8.337	+8.337	+8.337	+8.337	+8.338	+8.447	+8.338	+8.345	+8.346	+8.438	+8.337	+8.341	+8.334	+8.341	+8.334	+8.342	+8.329	+8.271	+8.336	+8.367	+8.352	+8.358	+8.472	+8.359	+8.344	+8.346	+8.464	
rs2532655      +2.150	+2.143	+2.347	+2.363	+2.134	+2.125	+2.347	+2.350	+2.347	+2.358	+2.358	+2.369	+2.106	+2.361	+2.382	+2.325	+2.089	+2.294	+2.033	+2.078	+8.015	+8.179	+8.257	+2.468	+8.520	+8.180	+8.676	+8.660	+8.674	+8.716	+7.426	+8.542	+8.542	+8.543	+9.319	+9.316	+8.453	+9.371	+9.332	+9.330	+9.327	+9.288	+9.318	+9.318	+9.125	+9.463	+5.481	+5.718	+3.741	+4.280	+4.279	+4.384	+3.735	+3.662	+3.727	+4.371	+4.463	+3.687	+3.714	+3.836	+3.969	+4.257	+3.976	+2.158	+3.915	+3.976	+3.974	+2.146	+2.134	+4.251	+3.953	+3.985	+3.951	+3.950	+3.894	+2.128	+4.254	+4.176	+2.099	+2.727	+2.356	+2.136	+2.327	+2.575	+2.579	+2.156	+2.064	+2.638	+2.144	+2.102	+2.512	+2.613	+2.596	+2.684	+2.109	+1.993	+2.539	+2.043	+2.289	+2.767	+2.292	+2.126	+2.737	+3.179	+2.118	+2.117	+1.900	+1.904	+1.883	+1.871	+1.939	+1.897	+2.361	+2.109	+2.134	+2.389	+2.082	+1.960	+2.074	+2.107	+1.958	+2.367	+2.076	+2.035	+3.165	+3.140	+3.080	+3.149	+2.160	+3.158	+3.159	+3.160	+3.176	+3.158	+3.159	+3.159	+3.160	+3.160	+2.663	+3.162	+3.182	+3.185	+2.700	+3.268	+3.167	+3.147	+3.168	+3.148	+3.169	+3.131	+3.202	+3.152	+1.961	+1.968	+1.963	+2.756	+3.318	+2.033	+3.282	+2.823	
rs758569       +8.781	+8.774	+8.985	+9.005	+8.763	+8.754	+8.988	+8.990	+8.988	+9.000	+9.000	+9.012	+8.732	+9.003	+9.027	+8.957	+8.742	+8.927	+8.653	+8.617	+9.282	+9.337	+9.300	+8.520	+9.231	+9.136	+9.356	+9.340	+9.346	+9.372	+8.952	+9.252	+9.252	+9.252	+9.790	+9.788	+9.554	+9.834	+9.808	+9.807	+9.805	+9.779	+9.799	+9.800	+9.680	+9.910	+8.722	+8.623	+8.444	+8.469	+8.469	+8.476	+8.567	+8.548	+8.566	+8.478	+8.485	+8.553	+8.564	+8.754	+8.819	+8.530	+8.823	+8.762	+8.796	+8.823	+8.822	+8.753	+8.739	+8.529	+8.812	+8.826	+8.812	+8.811	+8.788	+8.732	+8.530	+8.727	+8.782	+8.805	+8.470	+8.588	+8.479	+8.426	+8.425	+8.591	+8.660	+8.450	+8.593	+8.710	+8.518	+8.495	+8.495	+8.487	+8.849	+8.577	+9.684	+8.600	+9.171	+8.503	+9.171	+8.680	+8.494	+9.083	+8.751	+8.749	+8.422	+8.426	+8.441	+8.413	+8.439	+8.430	+8.521	+8.497	+8.458	+8.475	+8.425	+8.461	+8.421	+8.644	+8.460	+8.479	+8.423	+8.472	+8.675	+8.664	+8.639	+8.670	+8.595	+8.673	+8.674	+8.674	+8.681	+8.673	+8.673	+8.674	+8.674	+8.674	+8.890	+8.675	+8.684	+8.685	+8.875	+8.671	+8.679	+8.669	+8.679	+8.670	+8.679	+8.663	+8.636	+8.672	+8.675	+8.656	+8.664	+8.919	+8.697	+8.616	+8.681	+8.903	
rs123276       +8.441	+8.434	+8.656	+8.677	+8.423	+8.414	+8.659	+8.661	+8.659	+8.671	+8.672	+8.684	+8.393	+8.675	+8.698	+8.628	+8.403	+8.598	+8.315	+8.284	+9.102	+9.165	+9.131	+8.180	+9.136	+8.892	+9.280	+9.252	+9.260	+9.296	+8.727	+9.120	+9.120	+9.120	+9.716	+9.713	+9.400	+9.761	+9.730	+9.729	+9.726	+9.697	+9.720	+9.720	+9.583	+9.841	+8.442	+8.336	+8.123	+8.150	+8.150	+8.160	+8.269	+8.247	+8.267	+8.163	+8.172	+8.253	+8.265	+8.471	+8.540	+8.227	+8.544	+8.472	+8.516	+8.544	+8.543	+8.463	+8.447	+8.226	+8.533	+8.547	+8.532	+8.532	+8.507	+8.440	+8.227	+8.443	+8.493	+8.518	+8.126	+8.258	+8.132	+8.094	+8.094	+8.259	+8.328	+8.132	+8.262	+8.377	+8.173	+8.159	+8.159	+8.165	+8.554	+8.268	+9.331	+8.269	+8.829	+8.174	+8.830	+8.348	+8.166	+8.753	+8.416	+8.415	+8.099	+8.104	+8.122	+8.090	+8.118	+8.108	+8.209	+8.185	+8.140	+8.158	+8.102	+8.142	+8.098	+8.313	+8.142	+8.163	+8.100	+8.156	+8.378	+8.366	+8.339	+8.372	+8.284	+8.376	+8.376	+8.376	+8.384	+8.376	+8.376	+8.376	+8.376	+8.377	+8.592	+8.378	+8.387	+8.389	+8.577	+8.373	+8.381	+8.371	+8.382	+8.372	+8.382	+8.365	+8.334	+8.374	+8.336	+8.318	+8.326	+8.622	+8.400	+8.280	+8.383	+8.605	
rs1118531      +8.938	+8.931	+9.138	+9.158	+8.919	+8.910	+9.141	+9.143	+9.140	+9.152	+9.153	+9.165	+8.889	+9.156	+9.180	+9.109	+8.899	+9.080	+8.809	+8.770	+9.382	+9.432	+9.393	+8.676	+9.356	+9.280	+9.387	+9.414	+9.419	+9.438	+9.065	+9.353	+9.353	+9.353	+9.832	+9.830	+9.629	+9.875	+9.850	+9.849	+9.847	+9.823	+9.842	+9.842	+9.730	+9.948	+8.855	+8.758	+8.594	+8.618	+8.618	+8.623	+8.707	+8.689	+8.706	+8.625	+8.630	+8.694	+8.704	+8.888	+8.951	+8.672	+8.955	+8.899	+8.929	+8.955	+8.954	+8.891	+8.876	+8.671	+8.945	+8.958	+8.944	+8.944	+8.921	+8.870	+8.672	+8.861	+8.919	+8.940	+8.628	+8.740	+8.638	+8.579	+8.579	+8.743	+8.813	+8.598	+8.746	+8.863	+8.677	+8.650	+8.650	+8.638	+8.991	+8.723	+9.847	+8.752	+9.329	+8.654	+9.329	+8.833	+8.646	+9.236	+8.904	+8.903	+8.572	+8.575	+8.590	+8.564	+8.588	+8.580	+8.667	+8.643	+8.605	+8.622	+8.575	+8.609	+8.571	+8.797	+8.609	+8.626	+8.572	+8.619	+8.817	+8.806	+8.782	+8.812	+8.740	+8.815	+8.815	+8.816	+8.823	+8.815	+8.815	+8.815	+8.816	+8.816	+9.031	+8.817	+8.826	+8.827	+9.016	+8.812	+8.820	+8.811	+8.821	+8.812	+8.821	+8.805	+8.778	+8.814	+8.829	+8.811	+8.819	+9.060	+8.837	+8.770	+8.822	+9.043	
rs2768334      +8.926	+8.918	+9.124	+9.144	+8.907	+8.898	+9.127	+9.128	+9.126	+9.138	+9.139	+9.151	+8.876	+9.142	+9.165	+9.095	+8.886	+9.066	+8.796	+8.756	+9.374	+9.425	+9.386	+8.660	+9.340	+9.252	+9.414	+9.372	+9.415	+9.435	+9.052	+9.349	+9.350	+9.349	+9.826	+9.824	+9.617	+9.869	+9.844	+9.843	+9.841	+9.816	+9.835	+9.836	+9.722	+9.943	+8.838	+8.741	+8.579	+8.603	+8.603	+8.608	+8.690	+8.672	+8.689	+8.609	+8.615	+8.677	+8.687	+8.869	+8.932	+8.656	+8.935	+8.880	+8.909	+8.936	+8.935	+8.872	+8.857	+8.655	+8.926	+8.939	+8.925	+8.925	+8.902	+8.851	+8.656	+8.842	+8.900	+8.921	+8.615	+8.725	+8.625	+8.565	+8.564	+8.729	+8.798	+8.583	+8.731	+8.849	+8.663	+8.636	+8.635	+8.623	+8.972	+8.706	+9.836	+8.737	+9.316	+8.642	+9.317	+8.818	+8.633	+9.223	+8.891	+8.890	+8.557	+8.560	+8.575	+8.549	+8.574	+8.565	+8.652	+8.628	+8.590	+8.607	+8.559	+8.594	+8.556	+8.782	+8.593	+8.611	+8.557	+8.604	+8.802	+8.791	+8.767	+8.797	+8.724	+8.800	+8.801	+8.801	+8.808	+8.800	+8.801	+8.801	+8.801	+8.801	+9.016	+8.802	+8.811	+8.812	+9.001	+8.797	+8.805	+8.797	+8.806	+8.797	+8.806	+8.790	+8.762	+8.799	+8.814	+8.796	+8.804	+9.045	+8.823	+8.755	+8.807	+9.028	
rs2532652      +8.940	+8.933	+9.137	+9.158	+8.921	+8.912	+9.140	+9.142	+9.140	+9.152	+9.152	+9.165	+8.890	+9.156	+9.179	+9.109	+8.900	+9.079	+8.810	+8.770	+9.384	+9.434	+9.396	+8.674	+9.346	+9.260	+9.419	+9.415	+9.386	+9.441	+9.062	+9.361	+9.362	+9.361	+9.830	+9.828	+9.623	+9.872	+9.847	+9.846	+9.844	+9.819	+9.839	+9.839	+9.726	+9.946	+8.848	+8.752	+8.592	+8.616	+8.616	+8.621	+8.702	+8.684	+8.700	+8.622	+8.628	+8.689	+8.698	+8.880	+8.942	+8.668	+8.946	+8.890	+8.920	+8.946	+8.945	+8.882	+8.868	+8.667	+8.936	+8.949	+8.935	+8.935	+8.912	+8.861	+8.668	+8.853	+8.910	+8.931	+8.629	+8.739	+8.640	+8.578	+8.578	+8.742	+8.811	+8.595	+8.745	+8.862	+8.677	+8.649	+8.649	+8.636	+8.983	+8.718	+9.851	+8.750	+9.331	+8.655	+9.331	+8.831	+8.647	+9.238	+8.905	+8.903	+8.570	+8.573	+8.587	+8.562	+8.586	+8.578	+8.665	+8.640	+8.603	+8.620	+8.572	+8.606	+8.569	+8.795	+8.606	+8.624	+8.570	+8.616	+8.814	+8.803	+8.780	+8.809	+8.736	+8.812	+8.813	+8.813	+8.820	+8.812	+8.813	+8.813	+8.813	+8.813	+9.028	+8.814	+8.823	+8.824	+9.013	+8.809	+8.818	+8.809	+8.818	+8.809	+8.818	+8.802	+8.774	+8.811	+8.828	+8.810	+8.818	+9.057	+8.835	+8.769	+8.819	+9.040	
rs2532651      +8.980	+8.973	+9.176	+9.196	+8.962	+8.952	+9.179	+9.180	+9.178	+9.190	+9.191	+9.203	+8.931	+9.194	+9.217	+9.147	+8.941	+9.118	+8.851	+8.809	+9.411	+9.460	+9.421	+8.716	+9.372	+9.296	+9.438	+9.435	+9.441	+9.427	+9.094	+9.390	+9.390	+9.390	+9.843	+9.841	+9.646	+9.885	+9.861	+9.860	+9.858	+9.833	+9.852	+9.853	+9.742	+9.958	+8.886	+8.790	+8.631	+8.655	+8.655	+8.660	+8.740	+8.723	+8.739	+8.662	+8.667	+8.727	+8.737	+8.915	+8.977	+8.706	+8.981	+8.927	+8.955	+8.981	+8.980	+8.919	+8.905	+8.706	+8.971	+8.984	+8.971	+8.970	+8.948	+8.899	+8.707	+8.891	+8.947	+8.968	+8.670	+8.779	+8.681	+8.619	+8.618	+8.782	+8.851	+8.635	+8.785	+8.902	+8.720	+8.691	+8.691	+8.676	+9.021	+8.757	+9.892	+8.791	+9.371	+8.695	+9.372	+8.871	+8.686	+9.276	+8.945	+8.943	+8.609	+8.613	+8.627	+8.602	+8.626	+8.617	+8.704	+8.679	+8.642	+8.659	+8.612	+8.646	+8.609	+8.836	+8.645	+8.663	+8.610	+8.655	+8.852	+8.841	+8.818	+8.847	+8.775	+8.850	+8.851	+8.851	+8.858	+8.850	+8.851	+8.851	+8.851	+8.851	+9.066	+8.852	+8.861	+8.862	+9.052	+8.847	+8.855	+8.847	+8.856	+8.847	+8.856	+8.840	+8.811	+8.849	+8.869	+8.851	+8.859	+9.095	+8.872	+8.809	+8.857	+9.078	
rs2768335      +7.644	+7.636	+7.872	+7.892	+7.625	+7.616	+7.874	+7.876	+7.874	+7.886	+7.887	+7.898	+7.594	+7.890	+7.913	+7.842	+7.604	+7.811	+7.515	+7.511	+8.513	+8.648	+8.837	+7.426	+8.952	+8.727	+9.065	+9.052	+9.062	+9.094	+8.106	+8.963	+8.963	+8.964	+9.682	+9.680	+8.860	+9.731	+9.704	+9.702	+9.700	+9.672	+9.694	+9.695	+9.563	+9.814	+7.462	+7.735	+7.362	+7.445	+7.445	+7.467	+7.613	+7.583	+7.611	+7.474	+7.493	+7.591	+7.607	+7.847	+7.927	+7.339	+7.932	+7.752	+7.898	+7.932	+7.930	+7.741	+7.724	+7.339	+7.919	+7.937	+7.918	+7.918	+7.888	+7.716	+7.339	+7.830	+7.770	+7.822	+7.431	+7.788	+7.499	+7.361	+7.359	+7.618	+7.883	+7.314	+7.638	+7.954	+7.434	+7.398	+7.397	+7.375	+7.489	+7.511	+7.817	+7.478	+7.579	+7.344	+7.581	+7.551	+7.337	+7.639	+7.474	+7.474	+7.292	+7.293	+7.291	+7.285	+7.297	+7.292	+7.369	+7.327	+7.299	+7.335	+7.295	+7.303	+7.294	+7.508	+7.304	+7.336	+7.293	+7.298	+7.531	+7.520	+7.497	+7.526	+7.357	+7.529	+7.529	+7.529	+7.536	+7.529	+7.529	+7.529	+7.529	+7.530	+7.641	+7.531	+7.539	+7.540	+7.635	+7.529	+7.534	+7.525	+7.534	+7.526	+7.534	+7.519	+7.446	+7.528	+7.489	+7.475	+7.480	+7.672	+7.555	+7.472	+7.540	+7.664	
rs2768336      +8.816	+8.809	+9.010	+9.030	+8.797	+8.788	+9.013	+9.015	+9.012	+9.024	+9.025	+9.037	+8.766	+9.028	+9.051	+8.981	+8.776	+8.952	+8.686	+8.643	+9.314	+9.367	+9.330	+8.542	+9.252	+9.120	+9.353	+9.349	+9.361	+9.390	+8.963	+9.257	+9.291	+9.291	+9.793	+9.791	+9.545	+9.836	+9.808	+9.806	+9.804	+9.777	+9.798	+9.799	+9.675	+9.911	+8.724	+8.628	+8.465	+8.490	+8.490	+8.495	+8.575	+8.557	+8.573	+8.496	+8.502	+8.562	+8.571	+8.751	+8.813	+8.541	+8.817	+8.754	+8.791	+8.817	+8.816	+8.745	+8.731	+8.540	+8.807	+8.820	+8.806	+8.806	+8.784	+8.725	+8.541	+8.725	+8.772	+8.797	+8.503	+8.610	+8.514	+8.452	+8.451	+8.616	+8.684	+8.468	+8.618	+8.735	+8.548	+8.521	+8.521	+8.510	+8.850	+8.587	+9.726	+8.623	+9.207	+8.535	+9.207	+8.703	+8.525	+9.118	+8.780	+8.778	+8.443	+8.447	+8.461	+8.435	+8.460	+8.451	+8.541	+8.515	+8.476	+8.495	+8.446	+8.479	+8.443	+8.667	+8.478	+8.499	+8.444	+8.489	+8.693	+8.682	+8.658	+8.688	+8.610	+8.691	+8.692	+8.692	+8.699	+8.691	+8.691	+8.692	+8.692	+8.692	+8.905	+8.693	+8.702	+8.703	+8.891	+8.689	+8.697	+8.688	+8.697	+8.688	+8.697	+8.681	+8.651	+8.690	+8.698	+8.680	+8.688	+8.934	+8.714	+8.641	+8.699	+8.918	
rs385983       +8.816	+8.809	+9.009	+9.030	+8.797	+8.788	+9.012	+9.014	+9.012	+9.024	+9.025	+9.037	+8.766	+9.028	+9.051	+8.981	+8.776	+8.951	+8.686	+8.643	+9.314	+9.367	+9.330	+8.542	+9.252	+9.120	+9.353	+9.350	+9.362	+9.390	+8.963	+9.291	+9.257	+9.293	+9.793	+9.791	+9.542	+9.835	+9.807	+9.806	+9.804	+9.776	+9.797	+9.798	+9.673	+9.911	+8.722	+8.626	+8.465	+8.489	+8.489	+8.494	+8.573	+8.555	+8.572	+8.496	+8.501	+8.560	+8.570	+8.748	+8.810	+8.540	+8.814	+8.751	+8.788	+8.814	+8.813	+8.743	+8.729	+8.539	+8.804	+8.818	+8.804	+8.803	+8.781	+8.722	+8.540	+8.723	+8.769	+8.794	+8.504	+8.609	+8.514	+8.451	+8.451	+8.615	+8.684	+8.467	+8.618	+8.734	+8.548	+8.521	+8.521	+8.510	+8.847	+8.585	+9.727	+8.623	+9.207	+8.534	+9.208	+8.703	+8.525	+9.119	+8.780	+8.778	+8.442	+8.446	+8.460	+8.435	+8.459	+8.450	+8.539	+8.513	+8.475	+8.494	+8.445	+8.478	+8.442	+8.667	+8.477	+8.498	+8.443	+8.488	+8.692	+8.680	+8.656	+8.686	+8.608	+8.689	+8.690	+8.690	+8.697	+8.689	+8.690	+8.690	+8.690	+8.690	+8.902	+8.691	+8.700	+8.701	+8.888	+8.687	+8.695	+8.686	+8.695	+8.686	+8.695	+8.680	+8.650	+8.688	+8.697	+8.679	+8.687	+8.932	+8.712	+8.640	+8.697	+8.916	
rs2794424      +8.818	+8.810	+9.011	+9.031	+8.799	+8.790	+9.014	+9.015	+9.013	+9.025	+9.026	+9.038	+8.768	+9.029	+9.052	+8.982	+8.778	+8.953	+8.687	+8.644	+9.315	+9.369	+9.331	+8.543	+9.252	+9.120	+9.353	+9.349	+9.361	+9.390	+8.964	+9.291	+9.293	+9.258	+9.793	+9.791	+9.542	+9.835	+9.807	+9.806	+9.804	+9.776	+9.797	+9.798	+9.673	+9.911	+8.723	+8.626	+8.466	+8.490	+8.490	+8.495	+8.573	+8.556	+8.572	+8.497	+8.502	+8.560	+8.570	+8.748	+8.810	+8.540	+8.814	+8.750	+8.788	+8.814	+8.813	+8.742	+8.728	+8.540	+8.804	+8.817	+8.803	+8.803	+8.781	+8.722	+8.541	+8.723	+8.769	+8.793	+8.505	+8.610	+8.516	+8.453	+8.452	+8.617	+8.685	+8.468	+8.619	+8.736	+8.550	+8.523	+8.523	+8.511	+8.847	+8.586	+9.729	+8.624	+9.209	+8.536	+9.210	+8.704	+8.527	+9.120	+8.781	+8.780	+8.443	+8.447	+8.460	+8.436	+8.460	+8.451	+8.540	+8.514	+8.476	+8.495	+8.446	+8.479	+8.443	+8.668	+8.478	+8.499	+8.444	+8.489	+8.692	+8.681	+8.657	+8.687	+8.609	+8.690	+8.690	+8.691	+8.698	+8.690	+8.690	+8.690	+8.691	+8.691	+8.903	+8.692	+8.701	+8.702	+8.889	+8.687	+8.695	+8.686	+8.696	+8.687	+8.696	+8.680	+8.650	+8.689	+8.699	+8.680	+8.688	+8.932	+8.713	+8.641	+8.698	+8.916	
