## Summary of overall evidence for association with region:
## log10(BF for region) = -0.596517
## p-value for region = NA

## BFs for choosing among multi-SNP models:
## log10(average 1-SNP BF) = -0.510947
## log10(average 2-SNP BF) = -0.844905

## Example posterior probabilities for multi-SNP models, based on default prior: [p(l) propto 0.5^l for l=1,2,...,L]
## posterior probability of 1-SNP = 0.811856
## posterior probability of 2-SNP = 0.188144

## log10(BF) for single SNP and pair of SNPs:
rs59953817     -0.535	-0.821	-0.827	-0.851	-0.850	-0.835	-0.851	-0.857	-0.860	-0.858	-0.861	-1.017	-0.765	-0.769	-1.013	-1.025	-0.735	-0.709	-0.689	-0.684	-0.671	-0.686	-0.647	-0.973	-0.686	-0.837	-0.765	-1.023	-0.975	-0.960	-0.987	-0.971	-0.972	-0.985	-1.004	-1.005	-0.983	-0.989	-0.988	-0.988	-0.998	-0.990	-0.988	-1.001	-0.991	-1.002	-0.981	-0.981	-0.984	-0.984	-0.980	-0.980	-0.980	-0.980	-0.981	-0.981	-0.977	-0.989	-0.990	-0.974	-0.981	-0.986	-0.971	-0.980	-0.984	-0.817	-0.942	-0.926	-0.778	-0.773	-0.861	-0.855	-0.819	-0.756	-0.749	-0.926	-0.945	-0.757	-1.007	
rs12601153     -0.821	-0.562	-0.708	-0.779	-0.782	-0.726	-0.769	-0.814	-0.822	-0.815	-0.831	-1.043	-0.789	-0.793	-1.039	-1.051	-0.757	-0.732	-0.711	-0.705	-0.693	-0.708	-0.668	-0.999	-0.708	-0.863	-0.791	-1.048	-1.000	-0.985	-1.012	-0.996	-0.996	-1.010	-1.030	-1.030	-1.009	-1.015	-1.014	-1.014	-1.023	-1.016	-1.014	-1.026	-1.016	-1.028	-1.007	-1.007	-1.010	-1.010	-1.006	-1.006	-1.006	-1.006	-1.006	-1.007	-1.003	-1.015	-1.016	-1.000	-1.007	-1.012	-0.996	-1.005	-1.010	-0.841	-0.967	-0.951	-0.802	-0.796	-0.885	-0.880	-0.843	-0.779	-0.772	-0.951	-0.970	-0.781	-1.033	
rs34588747     -0.827	-0.708	-0.569	-0.782	-0.788	-0.742	-0.779	-0.816	-0.822	-0.818	-0.825	-1.049	-0.795	-0.800	-1.045	-1.057	-0.764	-0.739	-0.718	-0.712	-0.700	-0.715	-0.676	-1.005	-0.715	-0.868	-0.796	-1.055	-1.007	-0.991	-1.018	-1.002	-1.003	-1.016	-1.036	-1.036	-1.015	-1.021	-1.020	-1.020	-1.029	-1.022	-1.020	-1.033	-1.023	-1.034	-1.013	-1.013	-1.017	-1.017	-1.012	-1.012	-1.012	-1.012	-1.013	-1.013	-1.009	-1.021	-1.022	-1.006	-1.013	-1.018	-1.002	-1.012	-1.016	-0.848	-0.973	-0.957	-0.808	-0.803	-0.892	-0.886	-0.850	-0.786	-0.779	-0.957	-0.977	-0.787	-1.039	
rs34037779     -0.851	-0.779	-0.782	-0.578	-0.734	-0.799	-0.704	-0.787	-0.792	-0.787	-0.795	-1.058	-0.804	-0.808	-1.054	-1.065	-0.773	-0.747	-0.726	-0.721	-0.708	-0.724	-0.684	-1.014	-0.724	-0.876	-0.803	-1.063	-1.015	-1.000	-1.027	-1.011	-1.012	-1.025	-1.045	-1.045	-1.023	-1.029	-1.028	-1.028	-1.038	-1.030	-1.028	-1.042	-1.032	-1.043	-1.022	-1.022	-1.025	-1.025	-1.021	-1.021	-1.021	-1.021	-1.021	-1.021	-1.018	-1.030	-1.030	-1.014	-1.021	-1.026	-1.011	-1.020	-1.024	-0.856	-0.981	-0.965	-0.817	-0.812	-0.900	-0.895	-0.858	-0.794	-0.788	-0.966	-0.985	-0.796	-1.047	
rs35400033     -0.850	-0.782	-0.788	-0.734	-0.573	-0.813	-0.747	-0.791	-0.792	-0.791	-0.788	-1.053	-0.800	-0.804	-1.049	-1.061	-0.769	-0.743	-0.722	-0.717	-0.704	-0.720	-0.680	-1.010	-0.720	-0.870	-0.798	-1.058	-1.011	-0.995	-1.022	-1.006	-1.007	-1.021	-1.040	-1.040	-1.018	-1.024	-1.023	-1.023	-1.033	-1.025	-1.023	-1.037	-1.027	-1.038	-1.018	-1.018	-1.021	-1.021	-1.016	-1.016	-1.016	-1.016	-1.017	-1.017	-1.014	-1.025	-1.026	-1.010	-1.016	-1.022	-1.006	-1.015	-1.020	-0.852	-0.977	-0.961	-0.813	-0.807	-0.896	-0.890	-0.854	-0.790	-0.783	-0.961	-0.980	-0.792	-1.043	
rs35931417     -0.835	-0.726	-0.742	-0.799	-0.813	-0.578	-0.812	-0.845	-0.842	-0.846	-0.832	-1.058	-0.805	-0.809	-1.054	-1.065	-0.775	-0.748	-0.728	-0.723	-0.710	-0.725	-0.687	-1.014	-0.726	-0.874	-0.801	-1.063	-1.016	-0.999	-1.027	-1.011	-1.012	-1.025	-1.045	-1.045	-1.022	-1.028	-1.027	-1.028	-1.037	-1.030	-1.028	-1.042	-1.032	-1.043	-1.023	-1.023	-1.026	-1.026	-1.021	-1.021	-1.021	-1.021	-1.022	-1.022	-1.018	-1.030	-1.031	-1.015	-1.021	-1.026	-1.011	-1.020	-1.024	-0.857	-0.982	-0.966	-0.818	-0.813	-0.901	-0.896	-0.859	-0.796	-0.789	-0.966	-0.985	-0.797	-1.048	
rs8064956      -0.851	-0.769	-0.779	-0.704	-0.747	-0.812	-0.585	-0.797	-0.793	-0.798	-0.778	-1.065	-0.811	-0.816	-1.060	-1.072	-0.781	-0.755	-0.734	-0.730	-0.716	-0.732	-0.693	-1.021	-0.732	-0.881	-0.808	-1.070	-1.022	-1.006	-1.034	-1.018	-1.018	-1.032	-1.051	-1.051	-1.029	-1.035	-1.034	-1.034	-1.044	-1.036	-1.034	-1.049	-1.039	-1.050	-1.029	-1.029	-1.032	-1.032	-1.028	-1.028	-1.028	-1.028	-1.028	-1.028	-1.025	-1.037	-1.037	-1.021	-1.028	-1.033	-1.017	-1.026	-1.031	-0.863	-0.988	-0.972	-0.824	-0.819	-0.907	-0.902	-0.866	-0.802	-0.795	-0.972	-0.991	-0.804	-1.054	
rs4789614      -0.857	-0.814	-0.816	-0.787	-0.791	-0.845	-0.797	-0.593	-0.727	-0.731	-0.706	-1.072	-0.819	-0.823	-1.068	-1.080	-0.788	-0.763	-0.742	-0.737	-0.724	-0.739	-0.700	-1.029	-0.739	-0.889	-0.816	-1.077	-1.030	-1.014	-1.042	-1.026	-1.026	-1.040	-1.059	-1.059	-1.037	-1.043	-1.042	-1.042	-1.052	-1.044	-1.042	-1.056	-1.046	-1.057	-1.037	-1.037	-1.040	-1.040	-1.035	-1.035	-1.035	-1.036	-1.036	-1.036	-1.033	-1.044	-1.045	-1.029	-1.035	-1.041	-1.025	-1.034	-1.039	-0.871	-0.996	-0.980	-0.832	-0.827	-0.915	-0.910	-0.873	-0.809	-0.803	-0.980	-0.999	-0.811	-1.062	
rs28556769     -0.860	-0.822	-0.822	-0.792	-0.792	-0.842	-0.793	-0.727	-0.591	-0.718	-0.717	-1.070	-0.817	-0.821	-1.066	-1.078	-0.786	-0.761	-0.740	-0.735	-0.722	-0.737	-0.698	-1.027	-0.737	-0.888	-0.815	-1.076	-1.028	-1.012	-1.040	-1.024	-1.025	-1.038	-1.057	-1.058	-1.035	-1.041	-1.041	-1.041	-1.050	-1.043	-1.041	-1.055	-1.045	-1.056	-1.035	-1.035	-1.038	-1.038	-1.034	-1.034	-1.034	-1.034	-1.034	-1.034	-1.031	-1.043	-1.043	-1.027	-1.034	-1.039	-1.023	-1.033	-1.037	-0.869	-0.994	-0.978	-0.830	-0.825	-0.913	-0.908	-0.872	-0.807	-0.801	-0.978	-0.997	-0.809	-1.060	
rs7221985      -0.858	-0.815	-0.818	-0.787	-0.791	-0.846	-0.798	-0.731	-0.718	-0.593	-0.689	-1.072	-0.819	-0.823	-1.068	-1.079	-0.788	-0.762	-0.742	-0.737	-0.724	-0.739	-0.700	-1.028	-0.739	-0.889	-0.816	-1.077	-1.030	-1.013	-1.041	-1.025	-1.026	-1.040	-1.059	-1.059	-1.037	-1.043	-1.042	-1.042	-1.052	-1.044	-1.042	-1.056	-1.046	-1.057	-1.036	-1.036	-1.040	-1.040	-1.035	-1.035	-1.035	-1.035	-1.036	-1.036	-1.032	-1.044	-1.045	-1.029	-1.035	-1.040	-1.025	-1.034	-1.038	-0.871	-0.996	-0.980	-0.832	-0.827	-0.915	-0.909	-0.873	-0.809	-0.803	-0.980	-0.999	-0.811	-1.062	
rs4789619      -0.861	-0.831	-0.825	-0.795	-0.788	-0.832	-0.778	-0.706	-0.717	-0.689	-0.584	-1.064	-0.810	-0.814	-1.060	-1.072	-0.779	-0.754	-0.733	-0.728	-0.715	-0.730	-0.691	-1.020	-0.730	-0.882	-0.810	-1.069	-1.022	-1.006	-1.034	-1.018	-1.018	-1.032	-1.051	-1.051	-1.029	-1.035	-1.034	-1.034	-1.044	-1.037	-1.035	-1.048	-1.038	-1.049	-1.028	-1.028	-1.032	-1.032	-1.027	-1.027	-1.027	-1.027	-1.028	-1.028	-1.024	-1.036	-1.037	-1.021	-1.027	-1.033	-1.017	-1.026	-1.030	-0.862	-0.988	-0.972	-0.823	-0.818	-0.906	-0.901	-0.864	-0.800	-0.794	-0.972	-0.991	-0.802	-1.054	
rs59027749     -1.017	-1.043	-1.049	-1.058	-1.053	-1.058	-1.065	-1.072	-1.070	-1.072	-1.064	-0.636	-0.856	-0.860	-0.908	-0.928	-0.825	-0.799	-0.778	-0.774	-0.761	-0.777	-0.739	-0.778	-0.777	-0.841	-0.758	-1.106	-1.061	-1.021	-1.072	-1.056	-1.057	-1.071	-1.099	-1.099	-1.076	-1.082	-1.081	-1.082	-1.092	-1.084	-1.082	-1.097	-1.088	-1.098	-1.078	-1.078	-1.082	-1.082	-1.077	-1.077	-1.077	-1.077	-1.077	-1.077	-1.074	-1.086	-1.086	-1.070	-1.077	-1.082	-1.066	-1.076	-1.080	-0.913	-1.037	-1.021	-0.874	-0.869	-0.957	-0.952	-0.916	-0.852	-0.846	-1.022	-1.041	-0.854	-1.101	
rs11654297     -0.765	-0.789	-0.795	-0.804	-0.800	-0.805	-0.811	-0.819	-0.817	-0.819	-0.810	-0.856	-0.358	-0.463	-0.855	-0.854	-0.422	-0.411	-0.365	-0.300	-0.367	-0.373	-0.312	-0.822	-0.392	-0.685	-0.613	-0.866	-0.821	-0.804	-0.833	-0.817	-0.818	-0.831	-0.848	-0.848	-0.826	-0.832	-0.831	-0.831	-0.841	-0.833	-0.831	-0.845	-0.835	-0.846	-0.825	-0.825	-0.823	-0.823	-0.819	-0.819	-0.819	-0.819	-0.819	-0.820	-0.815	-0.829	-0.829	-0.814	-0.825	-0.829	-0.813	-0.823	-0.827	-0.660	-0.787	-0.772	-0.625	-0.620	-0.704	-0.699	-0.666	-0.604	-0.598	-0.773	-0.791	-0.604	-0.847	
rs11654298     -0.769	-0.793	-0.800	-0.808	-0.804	-0.809	-0.816	-0.823	-0.821	-0.823	-0.814	-0.860	-0.463	-0.362	-0.859	-0.859	-0.414	-0.403	-0.352	-0.276	-0.358	-0.363	-0.298	-0.826	-0.385	-0.688	-0.617	-0.870	-0.825	-0.808	-0.837	-0.821	-0.822	-0.835	-0.852	-0.852	-0.830	-0.836	-0.835	-0.835	-0.845	-0.837	-0.835	-0.849	-0.839	-0.850	-0.829	-0.829	-0.827	-0.827	-0.823	-0.823	-0.823	-0.823	-0.824	-0.824	-0.820	-0.833	-0.834	-0.818	-0.829	-0.833	-0.817	-0.827	-0.831	-0.664	-0.790	-0.776	-0.628	-0.623	-0.708	-0.703	-0.669	-0.607	-0.601	-0.776	-0.795	-0.607	-0.852	
rs8066477      -1.013	-1.039	-1.045	-1.054	-1.049	-1.054	-1.060	-1.068	-1.066	-1.068	-1.060	-0.908	-0.855	-0.859	-0.632	-1.008	-0.825	-0.800	-0.779	-0.774	-0.762	-0.777	-0.738	-0.811	-0.777	-0.866	-0.788	-1.098	-1.045	-1.021	-1.058	-1.040	-1.041	-1.058	-1.095	-1.095	-1.074	-1.080	-1.079	-1.079	-1.088	-1.081	-1.079	-1.091	-1.081	-1.092	-1.071	-1.071	-1.075	-1.075	-1.071	-1.071	-1.071	-1.071	-1.072	-1.072	-1.068	-1.080	-1.081	-1.065	-1.072	-1.077	-1.062	-1.071	-1.075	-0.909	-1.033	-1.017	-0.871	-0.865	-0.953	-0.947	-0.912	-0.848	-0.842	-1.017	-1.036	-0.849	-1.099	
rs1113020      -1.025	-1.051	-1.057	-1.065	-1.061	-1.065	-1.072	-1.080	-1.078	-1.079	-1.072	-0.928	-0.854	-0.859	-1.008	-0.645	-0.820	-0.791	-0.769	-0.765	-0.752	-0.769	-0.730	-0.862	-0.769	-0.876	-0.796	-1.118	-1.057	-1.037	-1.070	-1.052	-1.053	-1.070	-1.104	-1.104	-1.083	-1.089	-1.088	-1.089	-1.098	-1.091	-1.089	-1.101	-1.091	-1.102	-1.081	-1.081	-1.089	-1.089	-1.084	-1.084	-1.084	-1.084	-1.085	-1.085	-1.081	-1.093	-1.093	-1.077	-1.085	-1.090	-1.074	-1.083	-1.088	-0.920	-1.045	-1.029	-0.881	-0.876	-0.964	-0.958	-0.922	-0.858	-0.851	-1.029	-1.048	-0.859	-1.110	
rs11651551     -0.735	-0.757	-0.764	-0.773	-0.769	-0.775	-0.781	-0.788	-0.786	-0.788	-0.779	-0.825	-0.422	-0.414	-0.825	-0.820	-0.323	-0.432	-0.405	-0.372	-0.408	-0.413	-0.375	-0.798	-0.423	-0.659	-0.588	-0.838	-0.793	-0.775	-0.804	-0.788	-0.789	-0.802	-0.818	-0.818	-0.795	-0.801	-0.800	-0.801	-0.810	-0.803	-0.801	-0.815	-0.805	-0.816	-0.794	-0.794	-0.791	-0.791	-0.787	-0.787	-0.787	-0.787	-0.788	-0.788	-0.783	-0.797	-0.798	-0.783	-0.795	-0.799	-0.784	-0.794	-0.797	-0.632	-0.758	-0.744	-0.602	-0.595	-0.676	-0.671	-0.640	-0.579	-0.573	-0.745	-0.763	-0.579	-0.816	
rs73349717     -0.709	-0.732	-0.739	-0.747	-0.743	-0.748	-0.755	-0.763	-0.761	-0.762	-0.754	-0.799	-0.411	-0.403	-0.800	-0.791	-0.432	-0.293	-0.376	-0.396	-0.399	-0.422	-0.397	-0.775	-0.428	-0.637	-0.566	-0.813	-0.769	-0.750	-0.780	-0.765	-0.765	-0.777	-0.792	-0.792	-0.770	-0.775	-0.775	-0.775	-0.784	-0.777	-0.775	-0.788	-0.778	-0.789	-0.767	-0.767	-0.763	-0.763	-0.760	-0.760	-0.760	-0.760	-0.761	-0.761	-0.756	-0.770	-0.771	-0.756	-0.769	-0.772	-0.758	-0.768	-0.771	-0.608	-0.733	-0.719	-0.576	-0.571	-0.651	-0.646	-0.616	-0.556	-0.550	-0.721	-0.738	-0.555	-0.789	
rs73349720     -0.689	-0.711	-0.718	-0.726	-0.722	-0.728	-0.734	-0.742	-0.740	-0.742	-0.733	-0.778	-0.365	-0.352	-0.779	-0.769	-0.405	-0.376	-0.269	-0.383	-0.387	-0.408	-0.389	-0.756	-0.414	-0.618	-0.548	-0.793	-0.749	-0.730	-0.759	-0.745	-0.745	-0.757	-0.771	-0.771	-0.749	-0.755	-0.754	-0.754	-0.764	-0.756	-0.754	-0.767	-0.757	-0.769	-0.747	-0.747	-0.742	-0.742	-0.738	-0.738	-0.738	-0.739	-0.739	-0.740	-0.734	-0.749	-0.750	-0.735	-0.749	-0.752	-0.737	-0.748	-0.751	-0.588	-0.713	-0.699	-0.557	-0.552	-0.631	-0.626	-0.597	-0.537	-0.531	-0.701	-0.718	-0.536	-0.768	
rs73349722     -0.684	-0.705	-0.712	-0.721	-0.717	-0.723	-0.730	-0.737	-0.735	-0.737	-0.728	-0.774	-0.300	-0.276	-0.774	-0.765	-0.372	-0.396	-0.383	-0.263	-0.394	-0.393	-0.376	-0.752	-0.400	-0.613	-0.543	-0.788	-0.743	-0.725	-0.754	-0.739	-0.740	-0.752	-0.766	-0.767	-0.744	-0.750	-0.749	-0.749	-0.759	-0.751	-0.749	-0.763	-0.753	-0.764	-0.743	-0.743	-0.737	-0.737	-0.734	-0.734	-0.734	-0.734	-0.734	-0.735	-0.729	-0.744	-0.745	-0.730	-0.744	-0.747	-0.732	-0.743	-0.746	-0.583	-0.708	-0.695	-0.552	-0.548	-0.626	-0.622	-0.592	-0.533	-0.527	-0.696	-0.714	-0.532	-0.763	
rs59959072     -0.671	-0.693	-0.700	-0.708	-0.704	-0.710	-0.716	-0.724	-0.722	-0.724	-0.715	-0.761	-0.367	-0.358	-0.762	-0.752	-0.408	-0.399	-0.387	-0.394	-0.247	-0.367	-0.357	-0.739	-0.379	-0.600	-0.530	-0.775	-0.730	-0.712	-0.741	-0.726	-0.726	-0.739	-0.753	-0.753	-0.731	-0.737	-0.736	-0.736	-0.746	-0.738	-0.736	-0.750	-0.739	-0.751	-0.729	-0.729	-0.724	-0.724	-0.720	-0.720	-0.720	-0.721	-0.721	-0.721	-0.716	-0.731	-0.732	-0.717	-0.731	-0.734	-0.719	-0.730	-0.733	-0.569	-0.695	-0.681	-0.538	-0.534	-0.613	-0.608	-0.578	-0.519	-0.513	-0.683	-0.700	-0.518	-0.750	
rs73349725     -0.686	-0.708	-0.715	-0.724	-0.720	-0.725	-0.732	-0.739	-0.737	-0.739	-0.730	-0.777	-0.373	-0.363	-0.777	-0.769	-0.413	-0.422	-0.408	-0.393	-0.367	-0.265	-0.342	-0.753	-0.375	-0.613	-0.543	-0.790	-0.744	-0.727	-0.755	-0.740	-0.741	-0.753	-0.769	-0.769	-0.746	-0.752	-0.751	-0.751	-0.761	-0.753	-0.751	-0.766	-0.756	-0.767	-0.745	-0.745	-0.740	-0.740	-0.736	-0.736	-0.737	-0.737	-0.737	-0.738	-0.732	-0.747	-0.748	-0.733	-0.747	-0.750	-0.735	-0.746	-0.749	-0.585	-0.710	-0.696	-0.553	-0.548	-0.628	-0.623	-0.593	-0.533	-0.527	-0.698	-0.715	-0.532	-0.766	
rs73349729     -0.647	-0.668	-0.676	-0.684	-0.680	-0.687	-0.693	-0.700	-0.698	-0.700	-0.691	-0.739	-0.312	-0.298	-0.738	-0.730	-0.375	-0.397	-0.389	-0.376	-0.357	-0.342	-0.220	-0.717	-0.354	-0.579	-0.509	-0.753	-0.708	-0.689	-0.718	-0.704	-0.704	-0.716	-0.730	-0.730	-0.707	-0.713	-0.712	-0.713	-0.723	-0.715	-0.713	-0.727	-0.717	-0.728	-0.707	-0.707	-0.700	-0.700	-0.697	-0.697	-0.697	-0.697	-0.698	-0.698	-0.693	-0.708	-0.709	-0.694	-0.708	-0.711	-0.696	-0.707	-0.710	-0.547	-0.672	-0.658	-0.516	-0.512	-0.590	-0.586	-0.556	-0.497	-0.491	-0.660	-0.678	-0.495	-0.727	
rs7406913      -0.973	-0.999	-1.005	-1.014	-1.010	-1.014	-1.021	-1.029	-1.027	-1.028	-1.020	-0.778	-0.822	-0.826	-0.811	-0.862	-0.798	-0.775	-0.756	-0.752	-0.739	-0.753	-0.717	-0.591	-0.753	-0.713	-0.617	-1.049	-1.033	-0.950	-1.042	-1.029	-1.030	-1.040	-1.055	-1.055	-1.029	-1.036	-1.035	-1.035	-1.047	-1.037	-1.035	-1.055	-1.047	-1.055	-1.037	-1.037	-1.038	-1.038	-1.033	-1.033	-1.033	-1.034	-1.034	-1.034	-1.031	-1.042	-1.043	-1.027	-1.034	-1.039	-1.023	-1.032	-1.037	-0.870	-0.994	-0.978	-0.831	-0.826	-0.914	-0.909	-0.874	-0.811	-0.804	-0.982	-1.000	-0.814	-1.055	
rs73349733     -0.686	-0.708	-0.715	-0.724	-0.720	-0.726	-0.732	-0.739	-0.737	-0.739	-0.730	-0.777	-0.392	-0.385	-0.777	-0.769	-0.423	-0.428	-0.414	-0.400	-0.379	-0.375	-0.354	-0.753	-0.265	-0.614	-0.544	-0.790	-0.744	-0.727	-0.756	-0.740	-0.741	-0.754	-0.769	-0.769	-0.746	-0.752	-0.751	-0.751	-0.761	-0.754	-0.751	-0.766	-0.756	-0.767	-0.746	-0.746	-0.740	-0.740	-0.736	-0.736	-0.737	-0.737	-0.737	-0.738	-0.732	-0.747	-0.748	-0.733	-0.747	-0.750	-0.735	-0.746	-0.749	-0.585	-0.710	-0.697	-0.553	-0.549	-0.628	-0.624	-0.593	-0.534	-0.528	-0.698	-0.716	-0.533	-0.766	
rs8082523      -0.837	-0.863	-0.868	-0.876	-0.870	-0.874	-0.881	-0.889	-0.888	-0.889	-0.882	-0.841	-0.685	-0.688	-0.866	-0.876	-0.659	-0.637	-0.618	-0.613	-0.600	-0.613	-0.579	-0.713	-0.614	-0.443	-0.539	-0.895	-0.739	-0.694	-0.764	-0.733	-0.734	-0.775	-0.912	-0.913	-0.903	-0.906	-0.905	-0.906	-0.910	-0.907	-0.905	-0.900	-0.885	-0.903	-0.875	-0.875	-0.885	-0.885	-0.883	-0.883	-0.883	-0.883	-0.884	-0.884	-0.879	-0.894	-0.895	-0.879	-0.896	-0.898	-0.884	-0.895	-0.898	-0.735	-0.861	-0.848	-0.701	-0.696	-0.776	-0.771	-0.737	-0.675	-0.669	-0.848	-0.866	-0.671	-0.923	
rs7220636      -0.765	-0.791	-0.796	-0.803	-0.798	-0.801	-0.808	-0.816	-0.815	-0.816	-0.810	-0.758	-0.613	-0.617	-0.788	-0.796	-0.588	-0.566	-0.548	-0.543	-0.530	-0.543	-0.509	-0.617	-0.544	-0.539	-0.366	-0.811	-0.629	-0.541	-0.658	-0.624	-0.625	-0.672	-0.837	-0.839	-0.832	-0.834	-0.834	-0.834	-0.836	-0.835	-0.834	-0.824	-0.807	-0.827	-0.797	-0.797	-0.809	-0.809	-0.807	-0.807	-0.807	-0.807	-0.808	-0.809	-0.803	-0.819	-0.820	-0.804	-0.824	-0.825	-0.811	-0.823	-0.825	-0.663	-0.791	-0.778	-0.631	-0.626	-0.704	-0.699	-0.666	-0.604	-0.598	-0.778	-0.795	-0.599	-0.851	
rs34476406     -1.023	-1.048	-1.055	-1.063	-1.058	-1.063	-1.070	-1.077	-1.076	-1.077	-1.069	-1.106	-0.866	-0.870	-1.098	-1.118	-0.838	-0.813	-0.793	-0.788	-0.775	-0.790	-0.753	-1.049	-0.790	-0.895	-0.811	-0.642	-0.679	-1.030	-0.734	-0.674	-0.677	-0.767	-1.103	-1.103	-1.083	-1.089	-1.088	-1.088	-1.097	-1.090	-1.088	-1.098	-1.087	-1.100	-1.078	-1.078	-1.076	-1.076	-1.071	-1.071	-1.071	-1.072	-1.072	-1.072	-1.068	-1.082	-1.083	-1.065	-1.077	-1.080	-1.066	-1.076	-1.079	-0.919	-1.041	-1.026	-0.882	-0.877	-0.963	-0.958	-0.923	-0.860	-0.854	-1.027	-1.045	-0.861	-1.106	
rs17782371     -0.975	-1.000	-1.007	-1.015	-1.011	-1.016	-1.022	-1.030	-1.028	-1.030	-1.022	-1.061	-0.821	-0.825	-1.045	-1.057	-0.793	-0.769	-0.749	-0.743	-0.730	-0.744	-0.708	-1.033	-0.744	-0.739	-0.629	-0.679	-0.592	-0.949	-0.734	-0.734	-0.734	-0.767	-1.055	-1.055	-1.028	-1.035	-1.034	-1.034	-1.046	-1.037	-1.034	-1.056	-1.048	-1.056	-1.038	-1.038	-1.040	-1.040	-1.035	-1.035	-1.035	-1.035	-1.036	-1.036	-1.033	-1.043	-1.044	-1.027	-1.028	-1.035	-1.019	-1.026	-1.032	-0.874	-0.988	-0.971	-0.838	-0.833	-0.917	-0.912	-0.878	-0.815	-0.809	-0.966	-0.987	-0.815	-1.062	
rs4789100      -0.960	-0.985	-0.991	-1.000	-0.995	-0.999	-1.006	-1.014	-1.012	-1.013	-1.006	-1.021	-0.804	-0.808	-1.021	-1.037	-0.775	-0.750	-0.730	-0.725	-0.712	-0.727	-0.689	-0.950	-0.727	-0.694	-0.541	-1.030	-0.949	-0.575	-0.966	-0.944	-0.945	-0.970	-1.039	-1.039	-1.020	-1.026	-1.025	-1.025	-1.033	-1.027	-1.025	-1.034	-1.023	-1.036	-1.013	-1.013	-1.019	-1.019	-1.014	-1.014	-1.015	-1.015	-1.015	-1.015	-1.011	-1.024	-1.025	-1.009	-1.018	-1.023	-1.007	-1.017	-1.021	-0.855	-0.980	-0.965	-0.818	-0.813	-0.899	-0.894	-0.858	-0.795	-0.788	-0.965	-0.984	-0.795	-1.045	
rs12452724     -0.987	-1.012	-1.018	-1.027	-1.022	-1.027	-1.034	-1.042	-1.040	-1.041	-1.034	-1.072	-0.833	-0.837	-1.058	-1.070	-0.804	-0.780	-0.759	-0.754	-0.741	-0.755	-0.718	-1.042	-0.756	-0.764	-0.658	-0.734	-0.734	-0.966	-0.604	-0.709	-0.711	-0.775	-1.067	-1.067	-1.040	-1.047	-1.046	-1.046	-1.058	-1.049	-1.046	-1.068	-1.060	-1.068	-1.049	-1.049	-1.052	-1.052	-1.047	-1.047	-1.047	-1.047	-1.047	-1.047	-1.044	-1.055	-1.055	-1.039	-1.040	-1.047	-1.031	-1.038	-1.044	-0.885	-1.000	-0.983	-0.849	-0.844	-0.928	-0.923	-0.889	-0.826	-0.820	-0.979	-1.000	-0.826	-1.073	
rs12453316     -0.971	-0.996	-1.002	-1.011	-1.006	-1.011	-1.018	-1.026	-1.024	-1.025	-1.018	-1.056	-0.817	-0.821	-1.040	-1.052	-0.788	-0.765	-0.745	-0.739	-0.726	-0.740	-0.704	-1.029	-0.740	-0.733	-0.624	-0.674	-0.734	-0.944	-0.709	-0.587	-0.720	-0.749	-1.051	-1.051	-1.023	-1.030	-1.029	-1.029	-1.042	-1.032	-1.030	-1.052	-1.044	-1.052	-1.034	-1.034	-1.036	-1.036	-1.031	-1.031	-1.031	-1.031	-1.031	-1.031	-1.029	-1.039	-1.039	-1.023	-1.023	-1.031	-1.015	-1.022	-1.028	-0.870	-0.983	-0.966	-0.834	-0.829	-0.912	-0.908	-0.874	-0.811	-0.805	-0.961	-0.983	-0.811	-1.057	
rs12453319     -0.972	-0.996	-1.003	-1.012	-1.007	-1.012	-1.018	-1.026	-1.025	-1.026	-1.018	-1.057	-0.818	-0.822	-1.041	-1.053	-0.789	-0.765	-0.745	-0.740	-0.726	-0.741	-0.704	-1.030	-0.741	-0.734	-0.625	-0.677	-0.734	-0.945	-0.711	-0.720	-0.588	-0.750	-1.052	-1.051	-1.024	-1.031	-1.030	-1.030	-1.042	-1.033	-1.030	-1.053	-1.045	-1.053	-1.035	-1.035	-1.037	-1.037	-1.032	-1.032	-1.032	-1.032	-1.032	-1.032	-1.029	-1.040	-1.040	-1.024	-1.024	-1.031	-1.016	-1.022	-1.028	-0.871	-0.984	-0.967	-0.835	-0.830	-0.913	-0.908	-0.874	-0.812	-0.806	-0.962	-0.983	-0.811	-1.058	
rs1531860      -0.985	-1.010	-1.016	-1.025	-1.021	-1.025	-1.032	-1.040	-1.038	-1.040	-1.032	-1.071	-0.831	-0.835	-1.058	-1.070	-0.802	-0.777	-0.757	-0.752	-0.739	-0.753	-0.716	-1.040	-0.754	-0.775	-0.672	-0.767	-0.767	-0.970	-0.775	-0.749	-0.750	-0.602	-1.065	-1.065	-1.038	-1.045	-1.044	-1.045	-1.056	-1.047	-1.045	-1.066	-1.057	-1.066	-1.047	-1.047	-1.050	-1.050	-1.045	-1.045	-1.045	-1.045	-1.045	-1.045	-1.042	-1.053	-1.053	-1.037	-1.038	-1.045	-1.030	-1.036	-1.042	-0.883	-0.998	-0.981	-0.847	-0.842	-0.926	-0.921	-0.887	-0.824	-0.818	-0.977	-0.998	-0.824	-1.071	
rs28457076     -1.004	-1.030	-1.036	-1.045	-1.040	-1.045	-1.051	-1.059	-1.057	-1.059	-1.051	-1.099	-0.848	-0.852	-1.095	-1.104	-0.818	-0.792	-0.771	-0.766	-0.753	-0.769	-0.730	-1.055	-0.769	-0.912	-0.837	-1.103	-1.055	-1.039	-1.067	-1.051	-1.052	-1.065	-0.623	-0.762	-0.815	-0.834	-0.833	-0.833	-0.863	-0.839	-0.834	-0.727	-0.653	-0.782	-0.760	-0.760	-0.931	-0.931	-0.948	-0.948	-0.948	-0.948	-0.950	-0.951	-0.945	-0.945	-0.945	-0.944	-0.982	-0.988	-0.950	-0.981	-0.987	-0.892	-0.938	-0.923	-0.853	-0.848	-0.941	-0.935	-0.899	-0.835	-0.829	-0.957	-0.980	-0.839	-1.081	
rs12600872     -1.005	-1.030	-1.036	-1.045	-1.040	-1.045	-1.051	-1.059	-1.058	-1.059	-1.051	-1.099	-0.848	-0.852	-1.095	-1.104	-0.818	-0.792	-0.771	-0.767	-0.753	-0.769	-0.730	-1.055	-0.769	-0.913	-0.839	-1.103	-1.055	-1.039	-1.067	-1.051	-1.051	-1.065	-0.762	-0.623	-0.818	-0.836	-0.836	-0.835	-0.863	-0.841	-0.836	-0.712	-0.631	-0.775	-0.751	-0.751	-0.929	-0.930	-0.946	-0.946	-0.947	-0.947	-0.948	-0.950	-0.943	-0.945	-0.944	-0.944	-0.983	-0.989	-0.951	-0.982	-0.988	-0.893	-0.940	-0.926	-0.854	-0.849	-0.941	-0.936	-0.900	-0.836	-0.830	-0.960	-0.982	-0.840	-1.081	
rs12941308     -0.983	-1.009	-1.015	-1.023	-1.018	-1.022	-1.029	-1.037	-1.035	-1.037	-1.029	-1.076	-0.826	-0.830	-1.074	-1.083	-0.795	-0.770	-0.749	-0.744	-0.731	-0.746	-0.707	-1.029	-0.746	-0.903	-0.832	-1.083	-1.028	-1.020	-1.040	-1.023	-1.024	-1.038	-0.815	-0.818	-0.599	-0.730	-0.734	-0.732	-0.645	-0.727	-0.731	-0.715	-0.640	-0.759	-0.718	-0.718	-0.884	-0.884	-0.863	-0.863	-0.864	-0.864	-0.867	-0.870	-0.855	-0.910	-0.914	-0.913	-0.976	-0.975	-0.941	-0.976	-0.978	-0.879	-0.948	-0.940	-0.843	-0.838	-0.923	-0.918	-0.883	-0.820	-0.814	-0.964	-0.982	-0.819	-1.056	
rs12950240     -0.989	-1.015	-1.021	-1.029	-1.024	-1.028	-1.035	-1.043	-1.041	-1.043	-1.035	-1.082	-0.832	-0.836	-1.080	-1.089	-0.801	-0.775	-0.755	-0.750	-0.737	-0.752	-0.713	-1.036	-0.752	-0.906	-0.834	-1.089	-1.035	-1.026	-1.047	-1.030	-1.031	-1.045	-0.834	-0.836	-0.730	-0.605	-0.741	-0.738	-0.703	-0.740	-0.739	-0.750	-0.685	-0.788	-0.751	-0.751	-0.900	-0.900	-0.879	-0.879	-0.880	-0.880	-0.883	-0.886	-0.872	-0.922	-0.926	-0.925	-0.981	-0.982	-0.948	-0.981	-0.984	-0.884	-0.950	-0.941	-0.847	-0.842	-0.928	-0.923	-0.888	-0.825	-0.819	-0.965	-0.984	-0.824	-1.063	
rs66725276     -0.988	-1.014	-1.020	-1.028	-1.023	-1.027	-1.034	-1.042	-1.041	-1.042	-1.034	-1.081	-0.831	-0.835	-1.079	-1.088	-0.800	-0.775	-0.754	-0.749	-0.736	-0.751	-0.712	-1.035	-0.751	-0.905	-0.834	-1.088	-1.034	-1.025	-1.046	-1.029	-1.030	-1.044	-0.833	-0.836	-0.734	-0.741	-0.605	-0.740	-0.703	-0.741	-0.740	-0.748	-0.682	-0.786	-0.748	-0.748	-0.898	-0.898	-0.877	-0.877	-0.878	-0.878	-0.881	-0.884	-0.870	-0.921	-0.924	-0.923	-0.980	-0.981	-0.947	-0.980	-0.983	-0.883	-0.949	-0.940	-0.847	-0.841	-0.927	-0.922	-0.887	-0.825	-0.818	-0.965	-0.983	-0.824	-1.062	
rs9909234      -0.988	-1.014	-1.020	-1.028	-1.023	-1.028	-1.034	-1.042	-1.041	-1.042	-1.034	-1.082	-0.831	-0.835	-1.079	-1.089	-0.801	-0.775	-0.754	-0.749	-0.736	-0.751	-0.713	-1.035	-0.751	-0.906	-0.834	-1.088	-1.034	-1.025	-1.046	-1.029	-1.030	-1.045	-0.833	-0.835	-0.732	-0.738	-0.740	-0.605	-0.697	-0.739	-0.738	-0.747	-0.681	-0.785	-0.748	-0.748	-0.898	-0.898	-0.877	-0.877	-0.878	-0.878	-0.881	-0.884	-0.870	-0.921	-0.924	-0.923	-0.980	-0.981	-0.947	-0.980	-0.983	-0.884	-0.949	-0.940	-0.847	-0.842	-0.928	-0.922	-0.888	-0.825	-0.818	-0.965	-0.983	-0.824	-1.062	
rs34198944     -0.998	-1.023	-1.029	-1.038	-1.033	-1.037	-1.044	-1.052	-1.050	-1.052	-1.044	-1.092	-0.841	-0.845	-1.088	-1.098	-0.810	-0.784	-0.764	-0.759	-0.746	-0.761	-0.723	-1.047	-0.761	-0.910	-0.836	-1.097	-1.046	-1.033	-1.058	-1.042	-1.042	-1.056	-0.863	-0.863	-0.645	-0.703	-0.703	-0.697	-0.615	-0.719	-0.700	-0.808	-0.762	-0.834	-0.807	-0.807	-0.926	-0.926	-0.906	-0.906	-0.907	-0.907	-0.909	-0.911	-0.901	-0.943	-0.945	-0.944	-0.987	-0.991	-0.955	-0.986	-0.991	-0.892	-0.949	-0.937	-0.854	-0.848	-0.936	-0.931	-0.896	-0.832	-0.826	-0.962	-0.983	-0.833	-1.073	
rs9915396      -0.990	-1.016	-1.022	-1.030	-1.025	-1.030	-1.036	-1.044	-1.043	-1.044	-1.037	-1.084	-0.833	-0.837	-1.081	-1.091	-0.803	-0.777	-0.756	-0.751	-0.738	-0.753	-0.715	-1.037	-0.754	-0.907	-0.835	-1.090	-1.037	-1.027	-1.049	-1.032	-1.033	-1.047	-0.839	-0.841	-0.727	-0.740	-0.741	-0.739	-0.719	-0.607	-0.739	-0.759	-0.696	-0.795	-0.759	-0.759	-0.903	-0.903	-0.883	-0.883	-0.884	-0.884	-0.887	-0.890	-0.876	-0.925	-0.929	-0.927	-0.982	-0.983	-0.949	-0.982	-0.985	-0.885	-0.950	-0.940	-0.848	-0.843	-0.929	-0.924	-0.889	-0.827	-0.820	-0.965	-0.984	-0.826	-1.064	
rs12941045     -0.988	-1.014	-1.020	-1.028	-1.023	-1.028	-1.034	-1.042	-1.041	-1.042	-1.035	-1.082	-0.831	-0.835	-1.079	-1.089	-0.801	-0.775	-0.754	-0.749	-0.736	-0.751	-0.713	-1.035	-0.751	-0.905	-0.834	-1.088	-1.034	-1.025	-1.046	-1.030	-1.030	-1.045	-0.834	-0.836	-0.731	-0.739	-0.740	-0.738	-0.700	-0.739	-0.605	-0.748	-0.682	-0.786	-0.748	-0.748	-0.898	-0.898	-0.877	-0.878	-0.878	-0.878	-0.881	-0.884	-0.870	-0.921	-0.924	-0.923	-0.980	-0.981	-0.947	-0.980	-0.983	-0.884	-0.949	-0.940	-0.847	-0.842	-0.928	-0.922	-0.888	-0.825	-0.818	-0.964	-0.983	-0.824	-1.062	
rs56193537     -1.001	-1.026	-1.033	-1.042	-1.037	-1.042	-1.049	-1.056	-1.055	-1.056	-1.048	-1.097	-0.845	-0.849	-1.091	-1.101	-0.815	-0.788	-0.767	-0.763	-0.750	-0.766	-0.727	-1.055	-0.766	-0.900	-0.824	-1.098	-1.056	-1.034	-1.068	-1.052	-1.053	-1.066	-0.727	-0.712	-0.715	-0.750	-0.748	-0.747	-0.808	-0.759	-0.748	-0.620	-0.740	-0.780	-0.803	-0.803	-0.937	-0.937	-0.952	-0.952	-0.952	-0.952	-0.953	-0.954	-0.952	-0.942	-0.943	-0.942	-0.964	-0.976	-0.929	-0.962	-0.971	-0.884	-0.906	-0.887	-0.842	-0.836	-0.935	-0.929	-0.891	-0.826	-0.819	-0.930	-0.957	-0.833	-1.081	
rs35611930     -0.991	-1.016	-1.023	-1.032	-1.027	-1.032	-1.039	-1.046	-1.045	-1.046	-1.038	-1.088	-0.835	-0.839	-1.081	-1.091	-0.805	-0.778	-0.757	-0.753	-0.739	-0.756	-0.717	-1.047	-0.756	-0.885	-0.807	-1.087	-1.048	-1.023	-1.060	-1.044	-1.045	-1.057	-0.653	-0.631	-0.640	-0.685	-0.682	-0.681	-0.762	-0.696	-0.682	-0.740	-0.610	-0.706	-0.800	-0.800	-0.930	-0.930	-0.944	-0.944	-0.944	-0.944	-0.945	-0.945	-0.946	-0.930	-0.930	-0.931	-0.943	-0.959	-0.907	-0.941	-0.953	-0.871	-0.879	-0.857	-0.827	-0.821	-0.923	-0.917	-0.878	-0.812	-0.805	-0.906	-0.935	-0.821	-1.073	
rs9909718      -1.002	-1.028	-1.034	-1.043	-1.038	-1.043	-1.050	-1.057	-1.056	-1.057	-1.049	-1.098	-0.846	-0.850	-1.092	-1.102	-0.816	-0.789	-0.769	-0.764	-0.751	-0.767	-0.728	-1.055	-0.767	-0.903	-0.827	-1.100	-1.056	-1.036	-1.068	-1.052	-1.053	-1.066	-0.782	-0.775	-0.759	-0.788	-0.786	-0.785	-0.834	-0.795	-0.786	-0.780	-0.706	-0.621	-0.779	-0.779	-0.938	-0.938	-0.954	-0.954	-0.954	-0.954	-0.955	-0.956	-0.953	-0.945	-0.946	-0.945	-0.970	-0.981	-0.936	-0.968	-0.977	-0.887	-0.915	-0.897	-0.846	-0.840	-0.937	-0.931	-0.894	-0.829	-0.822	-0.938	-0.964	-0.835	-1.082	
rs9903130      -0.981	-1.007	-1.013	-1.022	-1.018	-1.023	-1.029	-1.037	-1.035	-1.036	-1.028	-1.078	-0.825	-0.829	-1.071	-1.081	-0.794	-0.767	-0.747	-0.743	-0.729	-0.745	-0.707	-1.037	-0.746	-0.875	-0.797	-1.078	-1.038	-1.013	-1.049	-1.034	-1.035	-1.047	-0.760	-0.751	-0.718	-0.751	-0.748	-0.748	-0.807	-0.759	-0.748	-0.803	-0.800	-0.779	-0.599	-0.732	-0.935	-0.935	-0.949	-0.949	-0.949	-0.949	-0.949	-0.949	-0.949	-0.936	-0.936	-0.936	-0.948	-0.962	-0.915	-0.945	-0.956	-0.861	-0.883	-0.862	-0.817	-0.811	-0.913	-0.907	-0.868	-0.802	-0.795	-0.905	-0.933	-0.811	-1.064	
rs9903949      -0.981	-1.007	-1.013	-1.022	-1.018	-1.023	-1.029	-1.037	-1.035	-1.036	-1.028	-1.078	-0.825	-0.829	-1.071	-1.081	-0.794	-0.767	-0.747	-0.743	-0.729	-0.745	-0.707	-1.037	-0.746	-0.875	-0.797	-1.078	-1.038	-1.013	-1.049	-1.034	-1.035	-1.047	-0.760	-0.751	-0.718	-0.751	-0.748	-0.748	-0.807	-0.759	-0.748	-0.803	-0.800	-0.779	-0.732	-0.599	-0.935	-0.935	-0.949	-0.949	-0.949	-0.949	-0.949	-0.949	-0.949	-0.936	-0.936	-0.936	-0.948	-0.962	-0.915	-0.945	-0.956	-0.861	-0.883	-0.862	-0.817	-0.811	-0.913	-0.907	-0.868	-0.802	-0.795	-0.905	-0.933	-0.811	-1.064	
rs9909847      -0.984	-1.010	-1.017	-1.025	-1.021	-1.026	-1.032	-1.040	-1.038	-1.040	-1.032	-1.082	-0.823	-0.827	-1.075	-1.089	-0.791	-0.763	-0.742	-0.737	-0.724	-0.740	-0.700	-1.038	-0.740	-0.885	-0.809	-1.076	-1.040	-1.019	-1.052	-1.036	-1.037	-1.050	-0.931	-0.929	-0.884	-0.900	-0.898	-0.898	-0.926	-0.903	-0.898	-0.937	-0.930	-0.938	-0.935	-0.935	-0.603	-0.735	-0.822	-0.823	-0.823	-0.823	-0.823	-0.824	-0.823	-0.742	-0.742	-0.829	-0.868	-0.888	-0.802	-0.865	-0.880	-0.843	-0.787	-0.763	-0.794	-0.787	-0.901	-0.895	-0.853	-0.783	-0.775	-0.850	-0.884	-0.798	-1.052	
rs9910863      -0.984	-1.010	-1.017	-1.025	-1.021	-1.026	-1.032	-1.040	-1.038	-1.040	-1.032	-1.082	-0.823	-0.827	-1.075	-1.089	-0.791	-0.763	-0.742	-0.737	-0.724	-0.740	-0.700	-1.038	-0.740	-0.885	-0.809	-1.076	-1.040	-1.019	-1.052	-1.036	-1.037	-1.050	-0.931	-0.930	-0.884	-0.900	-0.898	-0.898	-0.926	-0.903	-0.898	-0.937	-0.930	-0.938	-0.935	-0.935	-0.735	-0.603	-0.822	-0.823	-0.823	-0.823	-0.823	-0.824	-0.823	-0.742	-0.742	-0.829	-0.868	-0.888	-0.802	-0.865	-0.880	-0.843	-0.787	-0.763	-0.794	-0.787	-0.901	-0.895	-0.853	-0.783	-0.775	-0.850	-0.884	-0.798	-1.052	
rs11077689     -0.980	-1.006	-1.012	-1.021	-1.016	-1.021	-1.028	-1.035	-1.034	-1.035	-1.027	-1.077	-0.819	-0.823	-1.071	-1.084	-0.787	-0.760	-0.738	-0.734	-0.720	-0.736	-0.697	-1.033	-0.736	-0.883	-0.807	-1.071	-1.035	-1.014	-1.047	-1.031	-1.032	-1.045	-0.948	-0.946	-0.863	-0.879	-0.877	-0.877	-0.906	-0.883	-0.877	-0.952	-0.944	-0.954	-0.949	-0.949	-0.822	-0.822	-0.598	-0.730	-0.730	-0.730	-0.731	-0.736	-0.733	-0.823	-0.820	-0.865	-0.894	-0.910	-0.846	-0.891	-0.904	-0.855	-0.828	-0.806	-0.811	-0.805	-0.906	-0.901	-0.861	-0.792	-0.785	-0.861	-0.893	-0.803	-1.049	
rs11077690     -0.980	-1.006	-1.012	-1.021	-1.016	-1.021	-1.028	-1.035	-1.034	-1.035	-1.027	-1.077	-0.819	-0.823	-1.071	-1.084	-0.787	-0.760	-0.738	-0.734	-0.720	-0.736	-0.697	-1.033	-0.736	-0.883	-0.807	-1.071	-1.035	-1.014	-1.047	-1.031	-1.032	-1.045	-0.948	-0.946	-0.863	-0.879	-0.877	-0.877	-0.906	-0.883	-0.878	-0.952	-0.944	-0.954	-0.949	-0.949	-0.823	-0.823	-0.730	-0.598	-0.730	-0.730	-0.731	-0.736	-0.733	-0.823	-0.820	-0.865	-0.894	-0.910	-0.846	-0.891	-0.904	-0.855	-0.828	-0.806	-0.811	-0.805	-0.906	-0.901	-0.861	-0.792	-0.785	-0.861	-0.893	-0.803	-1.049	
rs11077691     -0.980	-1.006	-1.012	-1.021	-1.016	-1.021	-1.028	-1.035	-1.034	-1.035	-1.027	-1.077	-0.819	-0.823	-1.071	-1.084	-0.787	-0.760	-0.738	-0.734	-0.720	-0.737	-0.697	-1.033	-0.737	-0.883	-0.807	-1.071	-1.035	-1.015	-1.047	-1.031	-1.032	-1.045	-0.948	-0.947	-0.864	-0.880	-0.878	-0.878	-0.907	-0.884	-0.878	-0.952	-0.944	-0.954	-0.949	-0.949	-0.823	-0.823	-0.730	-0.730	-0.598	-0.730	-0.731	-0.735	-0.733	-0.823	-0.820	-0.865	-0.894	-0.910	-0.846	-0.891	-0.904	-0.855	-0.828	-0.806	-0.811	-0.805	-0.907	-0.901	-0.861	-0.792	-0.785	-0.861	-0.893	-0.803	-1.049	
rs11077692     -0.980	-1.006	-1.012	-1.021	-1.016	-1.021	-1.028	-1.036	-1.034	-1.035	-1.027	-1.077	-0.819	-0.823	-1.071	-1.084	-0.787	-0.760	-0.739	-0.734	-0.721	-0.737	-0.697	-1.034	-0.737	-0.883	-0.807	-1.072	-1.035	-1.015	-1.047	-1.031	-1.032	-1.045	-0.948	-0.947	-0.864	-0.880	-0.878	-0.878	-0.907	-0.884	-0.878	-0.952	-0.944	-0.954	-0.949	-0.949	-0.823	-0.823	-0.730	-0.730	-0.730	-0.598	-0.731	-0.735	-0.732	-0.823	-0.820	-0.865	-0.894	-0.911	-0.846	-0.891	-0.904	-0.855	-0.828	-0.807	-0.811	-0.805	-0.907	-0.901	-0.861	-0.792	-0.785	-0.861	-0.893	-0.804	-1.049	
rs11870402     -0.981	-1.006	-1.013	-1.021	-1.017	-1.022	-1.028	-1.036	-1.034	-1.036	-1.028	-1.077	-0.819	-0.824	-1.072	-1.085	-0.788	-0.761	-0.739	-0.734	-0.721	-0.737	-0.698	-1.034	-0.737	-0.884	-0.808	-1.072	-1.036	-1.015	-1.047	-1.031	-1.032	-1.045	-0.950	-0.948	-0.867	-0.883	-0.881	-0.881	-0.909	-0.887	-0.881	-0.953	-0.945	-0.955	-0.949	-0.949	-0.823	-0.823	-0.731	-0.731	-0.731	-0.731	-0.598	-0.735	-0.730	-0.824	-0.820	-0.866	-0.895	-0.911	-0.848	-0.892	-0.905	-0.855	-0.830	-0.808	-0.812	-0.806	-0.907	-0.901	-0.862	-0.793	-0.786	-0.863	-0.895	-0.804	-1.050	
rs11867799     -0.981	-1.007	-1.013	-1.021	-1.017	-1.022	-1.028	-1.036	-1.034	-1.036	-1.028	-1.077	-0.820	-0.824	-1.072	-1.085	-0.788	-0.761	-0.740	-0.735	-0.721	-0.738	-0.698	-1.034	-0.738	-0.884	-0.809	-1.072	-1.036	-1.015	-1.047	-1.031	-1.032	-1.045	-0.951	-0.950	-0.870	-0.886	-0.884	-0.884	-0.911	-0.890	-0.884	-0.954	-0.945	-0.956	-0.949	-0.949	-0.824	-0.824	-0.736	-0.736	-0.735	-0.735	-0.735	-0.598	-0.723	-0.823	-0.820	-0.865	-0.896	-0.912	-0.848	-0.893	-0.905	-0.856	-0.831	-0.810	-0.812	-0.806	-0.907	-0.902	-0.862	-0.793	-0.786	-0.864	-0.895	-0.805	-1.049	
rs12103894     -0.977	-1.003	-1.009	-1.018	-1.014	-1.018	-1.025	-1.033	-1.031	-1.032	-1.024	-1.074	-0.815	-0.820	-1.068	-1.081	-0.783	-0.756	-0.734	-0.729	-0.716	-0.732	-0.693	-1.031	-0.732	-0.879	-0.803	-1.068	-1.033	-1.011	-1.044	-1.029	-1.029	-1.042	-0.945	-0.943	-0.855	-0.872	-0.870	-0.870	-0.901	-0.876	-0.870	-0.952	-0.946	-0.953	-0.949	-0.949	-0.823	-0.823	-0.733	-0.733	-0.733	-0.732	-0.730	-0.723	-0.595	-0.816	-0.811	-0.860	-0.885	-0.903	-0.835	-0.881	-0.895	-0.850	-0.815	-0.791	-0.805	-0.799	-0.902	-0.897	-0.856	-0.787	-0.779	-0.850	-0.883	-0.799	-1.047	
rs12103858     -0.989	-1.015	-1.021	-1.030	-1.025	-1.030	-1.037	-1.044	-1.043	-1.044	-1.036	-1.086	-0.829	-0.833	-1.080	-1.093	-0.797	-0.770	-0.749	-0.744	-0.731	-0.747	-0.708	-1.042	-0.747	-0.894	-0.819	-1.082	-1.043	-1.024	-1.055	-1.039	-1.040	-1.053	-0.945	-0.945	-0.910	-0.922	-0.921	-0.921	-0.943	-0.925	-0.921	-0.942	-0.930	-0.945	-0.936	-0.936	-0.742	-0.742	-0.823	-0.823	-0.823	-0.823	-0.824	-0.823	-0.816	-0.607	-0.755	-0.833	-0.885	-0.901	-0.823	-0.882	-0.895	-0.853	-0.815	-0.793	-0.806	-0.800	-0.909	-0.903	-0.863	-0.795	-0.788	-0.871	-0.902	-0.807	-1.054	
rs56373157     -0.990	-1.016	-1.022	-1.030	-1.026	-1.031	-1.037	-1.045	-1.043	-1.045	-1.037	-1.086	-0.829	-0.834	-1.081	-1.093	-0.798	-0.771	-0.750	-0.745	-0.732	-0.748	-0.709	-1.043	-0.748	-0.895	-0.820	-1.083	-1.044	-1.025	-1.055	-1.039	-1.040	-1.053	-0.945	-0.944	-0.914	-0.926	-0.924	-0.924	-0.945	-0.929	-0.924	-0.943	-0.930	-0.946	-0.936	-0.936	-0.742	-0.742	-0.820	-0.820	-0.820	-0.820	-0.820	-0.820	-0.811	-0.755	-0.608	-0.833	-0.886	-0.900	-0.827	-0.883	-0.895	-0.853	-0.818	-0.797	-0.808	-0.802	-0.910	-0.904	-0.864	-0.796	-0.789	-0.873	-0.904	-0.808	-1.054	
rs2279967      -0.974	-1.000	-1.006	-1.014	-1.010	-1.015	-1.021	-1.029	-1.027	-1.029	-1.021	-1.070	-0.814	-0.818	-1.065	-1.077	-0.783	-0.756	-0.735	-0.730	-0.717	-0.733	-0.694	-1.027	-0.733	-0.879	-0.804	-1.065	-1.027	-1.009	-1.039	-1.023	-1.024	-1.037	-0.944	-0.944	-0.913	-0.925	-0.923	-0.923	-0.944	-0.927	-0.923	-0.942	-0.931	-0.945	-0.936	-0.936	-0.829	-0.829	-0.865	-0.865	-0.865	-0.865	-0.866	-0.865	-0.860	-0.833	-0.833	-0.591	-0.823	-0.843	-0.697	-0.819	-0.835	-0.829	-0.727	-0.703	-0.781	-0.775	-0.888	-0.882	-0.840	-0.772	-0.764	-0.822	-0.857	-0.787	-1.038	
rs11650869     -0.981	-1.007	-1.013	-1.021	-1.016	-1.021	-1.028	-1.035	-1.034	-1.035	-1.027	-1.077	-0.825	-0.829	-1.072	-1.085	-0.795	-0.769	-0.749	-0.744	-0.731	-0.747	-0.708	-1.034	-0.747	-0.896	-0.824	-1.077	-1.028	-1.018	-1.040	-1.023	-1.024	-1.038	-0.982	-0.983	-0.976	-0.981	-0.980	-0.980	-0.987	-0.982	-0.980	-0.964	-0.943	-0.970	-0.948	-0.948	-0.868	-0.868	-0.894	-0.894	-0.894	-0.894	-0.895	-0.896	-0.885	-0.885	-0.886	-0.823	-0.598	-0.720	-0.844	-0.733	-0.742	-0.855	-0.854	-0.841	-0.817	-0.811	-0.894	-0.889	-0.853	-0.788	-0.781	-0.842	-0.873	-0.798	-1.022	
rs9902987      -0.986	-1.012	-1.018	-1.026	-1.022	-1.026	-1.033	-1.041	-1.039	-1.040	-1.033	-1.082	-0.829	-0.833	-1.077	-1.090	-0.799	-0.772	-0.752	-0.747	-0.734	-0.750	-0.711	-1.039	-0.750	-0.898	-0.825	-1.080	-1.035	-1.023	-1.047	-1.031	-1.031	-1.045	-0.988	-0.989	-0.975	-0.982	-0.981	-0.981	-0.991	-0.983	-0.981	-0.976	-0.959	-0.981	-0.962	-0.962	-0.888	-0.888	-0.910	-0.910	-0.910	-0.911	-0.911	-0.912	-0.903	-0.901	-0.900	-0.843	-0.720	-0.603	-0.847	-0.712	-0.733	-0.855	-0.843	-0.824	-0.813	-0.808	-0.894	-0.889	-0.850	-0.782	-0.774	-0.822	-0.859	-0.795	-1.031	
rs9904344      -0.971	-0.996	-1.002	-1.011	-1.006	-1.011	-1.017	-1.025	-1.023	-1.025	-1.017	-1.066	-0.813	-0.817	-1.062	-1.074	-0.784	-0.758	-0.737	-0.732	-0.719	-0.735	-0.696	-1.023	-0.735	-0.884	-0.811	-1.066	-1.019	-1.007	-1.031	-1.015	-1.016	-1.030	-0.950	-0.951	-0.941	-0.948	-0.947	-0.947	-0.955	-0.949	-0.947	-0.929	-0.907	-0.936	-0.915	-0.915	-0.802	-0.802	-0.846	-0.846	-0.846	-0.846	-0.848	-0.848	-0.835	-0.823	-0.827	-0.697	-0.844	-0.847	-0.586	-0.841	-0.847	-0.839	-0.780	-0.765	-0.798	-0.792	-0.893	-0.888	-0.851	-0.788	-0.781	-0.859	-0.886	-0.797	-1.025	
rs11655894     -0.980	-1.005	-1.012	-1.020	-1.015	-1.020	-1.026	-1.034	-1.033	-1.034	-1.026	-1.076	-0.823	-0.827	-1.071	-1.083	-0.794	-0.768	-0.748	-0.743	-0.730	-0.746	-0.707	-1.032	-0.746	-0.895	-0.823	-1.076	-1.026	-1.017	-1.038	-1.022	-1.022	-1.036	-0.981	-0.982	-0.976	-0.981	-0.980	-0.980	-0.986	-0.982	-0.980	-0.962	-0.941	-0.968	-0.945	-0.945	-0.865	-0.865	-0.891	-0.891	-0.891	-0.891	-0.892	-0.893	-0.881	-0.882	-0.883	-0.819	-0.733	-0.712	-0.841	-0.596	-0.733	-0.854	-0.855	-0.842	-0.817	-0.811	-0.893	-0.888	-0.853	-0.788	-0.781	-0.844	-0.874	-0.798	-1.020	
rs9905301      -0.984	-1.010	-1.016	-1.024	-1.020	-1.024	-1.031	-1.039	-1.037	-1.038	-1.030	-1.080	-0.827	-0.831	-1.075	-1.088	-0.797	-0.771	-0.751	-0.746	-0.733	-0.749	-0.710	-1.037	-0.749	-0.898	-0.825	-1.079	-1.032	-1.021	-1.044	-1.028	-1.028	-1.042	-0.987	-0.988	-0.978	-0.984	-0.983	-0.983	-0.991	-0.985	-0.983	-0.971	-0.953	-0.977	-0.956	-0.956	-0.880	-0.880	-0.904	-0.904	-0.904	-0.904	-0.905	-0.905	-0.895	-0.895	-0.895	-0.835	-0.742	-0.733	-0.847	-0.733	-0.601	-0.855	-0.849	-0.833	-0.816	-0.810	-0.895	-0.889	-0.852	-0.785	-0.778	-0.833	-0.867	-0.798	-1.027	
rs28635207     -0.817	-0.841	-0.848	-0.856	-0.852	-0.857	-0.863	-0.871	-0.869	-0.871	-0.862	-0.913	-0.660	-0.664	-0.909	-0.920	-0.632	-0.608	-0.588	-0.583	-0.569	-0.585	-0.547	-0.870	-0.585	-0.735	-0.663	-0.919	-0.874	-0.855	-0.885	-0.870	-0.871	-0.883	-0.892	-0.893	-0.879	-0.884	-0.883	-0.884	-0.892	-0.885	-0.884	-0.884	-0.871	-0.887	-0.861	-0.861	-0.843	-0.843	-0.855	-0.855	-0.855	-0.855	-0.855	-0.856	-0.850	-0.853	-0.853	-0.829	-0.855	-0.855	-0.839	-0.854	-0.855	-0.418	-0.815	-0.802	-0.518	-0.508	-0.671	-0.667	-0.638	-0.583	-0.576	-0.815	-0.832	-0.622	-0.892	
rs55703741     -0.942	-0.967	-0.973	-0.981	-0.977	-0.982	-0.988	-0.996	-0.994	-0.996	-0.988	-1.037	-0.787	-0.790	-1.033	-1.045	-0.758	-0.733	-0.713	-0.708	-0.695	-0.710	-0.672	-0.994	-0.710	-0.861	-0.791	-1.041	-0.988	-0.980	-1.000	-0.983	-0.984	-0.998	-0.938	-0.940	-0.948	-0.950	-0.949	-0.949	-0.949	-0.950	-0.949	-0.906	-0.879	-0.915	-0.883	-0.883	-0.787	-0.787	-0.828	-0.828	-0.828	-0.828	-0.830	-0.831	-0.815	-0.815	-0.818	-0.727	-0.854	-0.843	-0.780	-0.855	-0.849	-0.815	-0.555	-0.690	-0.781	-0.776	-0.865	-0.861	-0.831	-0.773	-0.766	-0.838	-0.857	-0.778	-0.980	
rs8075325      -0.926	-0.951	-0.957	-0.965	-0.961	-0.966	-0.972	-0.980	-0.978	-0.980	-0.972	-1.021	-0.772	-0.776	-1.017	-1.029	-0.744	-0.719	-0.699	-0.695	-0.681	-0.696	-0.658	-0.978	-0.697	-0.848	-0.778	-1.026	-0.971	-0.965	-0.983	-0.966	-0.967	-0.981	-0.923	-0.926	-0.940	-0.941	-0.940	-0.940	-0.937	-0.940	-0.940	-0.887	-0.857	-0.897	-0.862	-0.862	-0.763	-0.763	-0.806	-0.806	-0.806	-0.807	-0.808	-0.810	-0.791	-0.793	-0.797	-0.703	-0.841	-0.824	-0.765	-0.842	-0.833	-0.802	-0.690	-0.538	-0.772	-0.768	-0.851	-0.847	-0.820	-0.765	-0.759	-0.832	-0.846	-0.768	-0.957	
rs9915026      -0.778	-0.802	-0.808	-0.817	-0.813	-0.818	-0.824	-0.832	-0.830	-0.832	-0.823	-0.874	-0.625	-0.628	-0.871	-0.881	-0.602	-0.576	-0.557	-0.552	-0.538	-0.553	-0.516	-0.831	-0.553	-0.701	-0.631	-0.882	-0.838	-0.818	-0.849	-0.834	-0.835	-0.847	-0.853	-0.854	-0.843	-0.847	-0.847	-0.847	-0.854	-0.848	-0.847	-0.842	-0.827	-0.846	-0.817	-0.817	-0.794	-0.794	-0.811	-0.811	-0.811	-0.811	-0.812	-0.812	-0.805	-0.806	-0.808	-0.781	-0.817	-0.813	-0.798	-0.817	-0.816	-0.518	-0.781	-0.772	-0.374	-0.481	-0.612	-0.613	-0.606	-0.577	-0.571	-0.789	-0.802	-0.602	-0.850	
