## Summary of overall evidence for association with region:
## log10(BF for region) = -0.351324
## p-value for region = NA

## BFs for choosing among multi-SNP models:
## log10(average 1-SNP BF) = -0.294708
## log10(average 2-SNP BF) = -0.493076

## Example posterior probabilities for multi-SNP models, based on default prior: [p(l) propto 0.5^l for l=1,2,...,L]
## posterior probability of 1-SNP = 0.759494
## posterior probability of 2-SNP = 0.240506

## log10(BF) for single SNP and pair of SNPs:
rs113893746    -0.262	-0.365	-0.365	-0.363	-0.372	-0.359	-0.373	-0.360	-0.366	-0.372	-0.341	-0.363	-0.358	-0.411	-0.462	-0.685	-0.351	+0.273	+0.260	-0.341	-0.341	-0.335	-0.339	-0.338	-0.427	-0.699	-0.290	-0.288	-0.288	-0.260	-0.283	-0.290	-0.701	-0.236	-0.280	-0.366	-0.421	-0.412	-0.543	-0.514	-0.094	-0.560	-0.771	-0.255	-0.422	-0.126	-0.362	-0.302	-0.140	-0.030	-0.154	-0.144	-0.504	-0.203	-0.589	-0.588	-0.611	-0.611	-0.597	-0.147	-0.146	-0.144	-0.206	-0.018	-0.612	-0.637	-0.474	-0.146	-0.661	-0.661	-0.661	-0.662	-0.664	-0.662	-0.662	-0.662	-0.662	-0.662	-0.661	-0.661	-0.661	-0.661	-0.661	-0.661	-0.661	-0.662	-0.662	-0.662	-0.597	-0.606	-0.749	-0.603	-0.605	-0.609	-0.602	-0.783	-0.775	-0.768	-0.749	-0.779	-0.618	-0.760	-0.743	-0.581	-0.582	-0.413	-0.331	-0.446	-0.568	-0.494	-0.617	-0.458	-0.494	-0.653	-0.472	-0.579	-0.517	-0.641	-0.388	-0.404	-0.576	-0.440	-0.440	-0.439	-0.515	-0.577	-0.435	-0.577	-0.578	-0.497	-0.428	-0.429	-0.648	-0.581	-0.585	-0.444	-0.638	-0.638	-0.573	-0.573	-0.690	-0.499	-0.441	-0.569	-0.572	-0.428	-0.637	-0.522	-0.540	-0.428	-0.624	-0.391	-0.617	-0.404	-0.499	-0.395	-0.516	-0.447	-0.445	-0.571	
rs6930814      -0.365	-0.279	-0.376	-0.370	-0.388	-0.387	-0.393	-0.368	-0.376	-0.388	-0.338	-0.369	-0.365	-0.416	-0.475	-0.701	-0.368	+0.253	+0.240	-0.358	-0.358	-0.353	-0.357	-0.355	-0.445	-0.715	-0.308	-0.305	-0.306	-0.277	-0.300	-0.307	-0.717	-0.254	-0.297	-0.380	-0.435	-0.426	-0.559	-0.531	-0.112	-0.576	-0.786	-0.273	-0.438	-0.143	-0.378	-0.319	-0.157	-0.048	-0.171	-0.161	-0.520	-0.220	-0.605	-0.603	-0.627	-0.626	-0.612	-0.165	-0.163	-0.161	-0.223	-0.037	-0.627	-0.652	-0.490	-0.162	-0.676	-0.677	-0.677	-0.677	-0.679	-0.677	-0.677	-0.677	-0.677	-0.677	-0.677	-0.676	-0.676	-0.676	-0.676	-0.677	-0.677	-0.678	-0.677	-0.678	-0.612	-0.622	-0.764	-0.618	-0.621	-0.624	-0.617	-0.798	-0.790	-0.783	-0.765	-0.794	-0.634	-0.775	-0.759	-0.596	-0.598	-0.429	-0.347	-0.462	-0.584	-0.510	-0.632	-0.474	-0.510	-0.669	-0.488	-0.595	-0.533	-0.657	-0.404	-0.420	-0.592	-0.456	-0.456	-0.455	-0.531	-0.593	-0.451	-0.593	-0.594	-0.512	-0.444	-0.445	-0.664	-0.597	-0.601	-0.460	-0.654	-0.653	-0.589	-0.588	-0.705	-0.514	-0.457	-0.585	-0.587	-0.444	-0.653	-0.538	-0.556	-0.444	-0.640	-0.407	-0.633	-0.420	-0.515	-0.411	-0.532	-0.462	-0.461	-0.586	
rs73717014     -0.365	-0.376	-0.279	-0.370	-0.388	-0.387	-0.393	-0.368	-0.376	-0.388	-0.338	-0.369	-0.365	-0.416	-0.475	-0.701	-0.368	+0.253	+0.240	-0.358	-0.358	-0.353	-0.357	-0.355	-0.445	-0.715	-0.308	-0.305	-0.306	-0.277	-0.300	-0.307	-0.717	-0.254	-0.297	-0.380	-0.435	-0.426	-0.559	-0.531	-0.112	-0.576	-0.786	-0.273	-0.438	-0.143	-0.378	-0.319	-0.157	-0.048	-0.171	-0.161	-0.520	-0.220	-0.605	-0.603	-0.627	-0.626	-0.612	-0.165	-0.163	-0.161	-0.223	-0.037	-0.627	-0.652	-0.490	-0.162	-0.676	-0.677	-0.677	-0.677	-0.679	-0.677	-0.677	-0.677	-0.677	-0.677	-0.677	-0.676	-0.676	-0.676	-0.676	-0.676	-0.677	-0.678	-0.677	-0.677	-0.612	-0.622	-0.764	-0.618	-0.621	-0.624	-0.617	-0.798	-0.790	-0.783	-0.765	-0.794	-0.634	-0.775	-0.759	-0.596	-0.598	-0.429	-0.347	-0.462	-0.584	-0.510	-0.632	-0.474	-0.510	-0.669	-0.488	-0.594	-0.533	-0.657	-0.404	-0.420	-0.592	-0.456	-0.456	-0.455	-0.531	-0.593	-0.451	-0.593	-0.594	-0.512	-0.444	-0.445	-0.664	-0.597	-0.601	-0.460	-0.654	-0.653	-0.589	-0.588	-0.705	-0.514	-0.457	-0.585	-0.587	-0.444	-0.653	-0.538	-0.556	-0.444	-0.640	-0.407	-0.633	-0.420	-0.515	-0.411	-0.532	-0.462	-0.461	-0.586	
rs6903891      -0.363	-0.370	-0.370	-0.269	-0.377	-0.367	-0.379	-0.364	-0.370	-0.378	-0.339	-0.363	-0.361	-0.412	-0.467	-0.692	-0.358	+0.264	+0.251	-0.348	-0.348	-0.343	-0.346	-0.345	-0.434	-0.705	-0.297	-0.295	-0.295	-0.267	-0.290	-0.297	-0.708	-0.243	-0.287	-0.372	-0.427	-0.418	-0.549	-0.521	-0.102	-0.566	-0.777	-0.262	-0.429	-0.133	-0.369	-0.309	-0.147	-0.038	-0.161	-0.151	-0.510	-0.210	-0.596	-0.594	-0.618	-0.617	-0.603	-0.154	-0.152	-0.150	-0.213	-0.026	-0.618	-0.643	-0.481	-0.153	-0.667	-0.668	-0.668	-0.668	-0.670	-0.668	-0.668	-0.668	-0.668	-0.668	-0.668	-0.667	-0.667	-0.667	-0.667	-0.667	-0.668	-0.668	-0.668	-0.668	-0.603	-0.613	-0.755	-0.609	-0.612	-0.615	-0.608	-0.789	-0.781	-0.774	-0.756	-0.785	-0.625	-0.766	-0.750	-0.587	-0.589	-0.419	-0.338	-0.452	-0.575	-0.501	-0.623	-0.464	-0.500	-0.660	-0.478	-0.585	-0.524	-0.648	-0.394	-0.410	-0.583	-0.447	-0.446	-0.446	-0.521	-0.584	-0.441	-0.584	-0.585	-0.503	-0.435	-0.435	-0.655	-0.588	-0.591	-0.451	-0.645	-0.644	-0.579	-0.579	-0.696	-0.505	-0.447	-0.576	-0.578	-0.434	-0.643	-0.528	-0.547	-0.435	-0.631	-0.397	-0.624	-0.410	-0.505	-0.402	-0.523	-0.453	-0.451	-0.577	
rs7771984      -0.372	-0.388	-0.388	-0.377	-0.297	-0.407	-0.405	-0.373	-0.387	-0.394	-0.319	-0.374	-0.368	-0.422	-0.488	-0.718	-0.386	+0.232	+0.219	-0.376	-0.376	-0.371	-0.374	-0.373	-0.462	-0.731	-0.325	-0.323	-0.323	-0.295	-0.318	-0.325	-0.733	-0.271	-0.315	-0.395	-0.450	-0.441	-0.576	-0.549	-0.130	-0.592	-0.802	-0.292	-0.455	-0.162	-0.395	-0.336	-0.175	-0.065	-0.189	-0.179	-0.536	-0.238	-0.621	-0.619	-0.643	-0.642	-0.629	-0.182	-0.181	-0.179	-0.241	-0.056	-0.643	-0.668	-0.506	-0.178	-0.693	-0.693	-0.693	-0.693	-0.695	-0.693	-0.693	-0.693	-0.693	-0.693	-0.693	-0.693	-0.693	-0.693	-0.693	-0.693	-0.693	-0.694	-0.694	-0.694	-0.628	-0.637	-0.780	-0.634	-0.636	-0.640	-0.633	-0.815	-0.807	-0.800	-0.781	-0.811	-0.650	-0.792	-0.775	-0.613	-0.614	-0.445	-0.363	-0.478	-0.600	-0.526	-0.649	-0.490	-0.526	-0.685	-0.504	-0.611	-0.550	-0.673	-0.420	-0.436	-0.608	-0.473	-0.472	-0.472	-0.547	-0.609	-0.467	-0.609	-0.611	-0.529	-0.461	-0.461	-0.680	-0.614	-0.617	-0.478	-0.670	-0.669	-0.605	-0.605	-0.720	-0.531	-0.474	-0.602	-0.604	-0.461	-0.669	-0.554	-0.573	-0.461	-0.656	-0.424	-0.649	-0.436	-0.531	-0.428	-0.549	-0.478	-0.477	-0.603	
rs7748519      -0.359	-0.387	-0.387	-0.367	-0.407	-0.335	-0.429	-0.361	-0.385	-0.401	-0.270	-0.362	-0.351	-0.425	-0.514	-0.753	-0.424	+0.189	+0.176	-0.414	-0.414	-0.408	-0.412	-0.411	-0.500	-0.766	-0.362	-0.360	-0.360	-0.333	-0.355	-0.362	-0.768	-0.309	-0.352	-0.424	-0.479	-0.470	-0.611	-0.586	-0.169	-0.626	-0.835	-0.334	-0.490	-0.202	-0.431	-0.373	-0.213	-0.105	-0.227	-0.217	-0.571	-0.275	-0.656	-0.654	-0.678	-0.678	-0.664	-0.220	-0.219	-0.217	-0.278	-0.096	-0.677	-0.702	-0.539	-0.213	-0.726	-0.727	-0.727	-0.727	-0.729	-0.727	-0.727	-0.727	-0.727	-0.727	-0.727	-0.726	-0.726	-0.726	-0.726	-0.726	-0.727	-0.727	-0.727	-0.727	-0.661	-0.671	-0.814	-0.667	-0.670	-0.673	-0.666	-0.849	-0.841	-0.834	-0.815	-0.845	-0.684	-0.826	-0.808	-0.647	-0.649	-0.481	-0.398	-0.513	-0.635	-0.561	-0.683	-0.525	-0.561	-0.719	-0.540	-0.645	-0.584	-0.707	-0.455	-0.471	-0.643	-0.508	-0.507	-0.507	-0.582	-0.644	-0.503	-0.644	-0.645	-0.564	-0.496	-0.497	-0.714	-0.648	-0.652	-0.514	-0.704	-0.703	-0.640	-0.639	-0.753	-0.566	-0.510	-0.636	-0.638	-0.496	-0.703	-0.589	-0.608	-0.496	-0.690	-0.459	-0.684	-0.472	-0.566	-0.463	-0.583	-0.510	-0.512	-0.637	
rs7748540      -0.373	-0.393	-0.393	-0.379	-0.405	-0.429	-0.312	-0.374	-0.391	-0.402	-0.308	-0.375	-0.367	-0.425	-0.499	-0.732	-0.401	+0.214	+0.201	-0.391	-0.392	-0.386	-0.390	-0.389	-0.478	-0.745	-0.340	-0.338	-0.338	-0.310	-0.333	-0.340	-0.748	-0.287	-0.330	-0.407	-0.462	-0.453	-0.591	-0.564	-0.146	-0.606	-0.816	-0.309	-0.469	-0.178	-0.410	-0.351	-0.191	-0.081	-0.204	-0.195	-0.550	-0.253	-0.635	-0.633	-0.657	-0.657	-0.643	-0.198	-0.196	-0.194	-0.256	-0.073	-0.657	-0.682	-0.519	-0.192	-0.706	-0.707	-0.707	-0.707	-0.709	-0.707	-0.707	-0.707	-0.707	-0.707	-0.707	-0.706	-0.706	-0.706	-0.706	-0.707	-0.707	-0.708	-0.707	-0.707	-0.642	-0.651	-0.794	-0.648	-0.650	-0.654	-0.647	-0.829	-0.821	-0.814	-0.795	-0.825	-0.664	-0.806	-0.789	-0.627	-0.628	-0.460	-0.378	-0.493	-0.614	-0.541	-0.663	-0.505	-0.541	-0.699	-0.519	-0.625	-0.564	-0.687	-0.435	-0.451	-0.623	-0.487	-0.487	-0.486	-0.562	-0.623	-0.482	-0.623	-0.625	-0.543	-0.475	-0.476	-0.694	-0.628	-0.631	-0.493	-0.684	-0.683	-0.619	-0.619	-0.734	-0.545	-0.489	-0.616	-0.618	-0.475	-0.683	-0.569	-0.587	-0.475	-0.670	-0.438	-0.663	-0.451	-0.546	-0.442	-0.563	-0.491	-0.492	-0.617	
rs56060084     -0.360	-0.368	-0.368	-0.364	-0.373	-0.361	-0.374	-0.264	-0.367	-0.372	-0.339	-0.362	-0.357	-0.411	-0.464	-0.688	-0.353	+0.270	+0.257	-0.343	-0.343	-0.338	-0.342	-0.340	-0.430	-0.701	-0.293	-0.290	-0.291	-0.263	-0.286	-0.293	-0.704	-0.239	-0.283	-0.368	-0.423	-0.414	-0.545	-0.516	-0.097	-0.562	-0.773	-0.258	-0.424	-0.128	-0.364	-0.305	-0.143	-0.033	-0.156	-0.146	-0.506	-0.205	-0.591	-0.590	-0.614	-0.613	-0.599	-0.150	-0.148	-0.146	-0.208	-0.021	-0.614	-0.639	-0.476	-0.148	-0.663	-0.664	-0.664	-0.664	-0.666	-0.664	-0.664	-0.664	-0.664	-0.664	-0.664	-0.663	-0.663	-0.663	-0.663	-0.663	-0.664	-0.664	-0.664	-0.664	-0.599	-0.608	-0.751	-0.605	-0.608	-0.611	-0.604	-0.785	-0.777	-0.770	-0.752	-0.781	-0.621	-0.762	-0.746	-0.583	-0.584	-0.415	-0.334	-0.448	-0.570	-0.496	-0.619	-0.460	-0.496	-0.656	-0.474	-0.581	-0.520	-0.643	-0.390	-0.406	-0.579	-0.442	-0.442	-0.442	-0.517	-0.580	-0.437	-0.580	-0.581	-0.499	-0.431	-0.431	-0.651	-0.584	-0.587	-0.447	-0.640	-0.640	-0.575	-0.575	-0.692	-0.501	-0.443	-0.572	-0.574	-0.430	-0.639	-0.524	-0.543	-0.431	-0.627	-0.393	-0.620	-0.406	-0.501	-0.398	-0.519	-0.449	-0.447	-0.573	
rs55894727     -0.366	-0.376	-0.376	-0.370	-0.387	-0.385	-0.391	-0.367	-0.278	-0.387	-0.338	-0.367	-0.363	-0.415	-0.474	-0.700	-0.367	+0.254	+0.241	-0.357	-0.358	-0.352	-0.356	-0.355	-0.444	-0.714	-0.307	-0.304	-0.305	-0.276	-0.299	-0.307	-0.716	-0.253	-0.297	-0.379	-0.434	-0.426	-0.558	-0.530	-0.111	-0.575	-0.785	-0.272	-0.437	-0.142	-0.377	-0.318	-0.156	-0.047	-0.170	-0.160	-0.519	-0.219	-0.604	-0.603	-0.626	-0.625	-0.612	-0.163	-0.161	-0.159	-0.222	-0.036	-0.626	-0.651	-0.489	-0.161	-0.676	-0.676	-0.676	-0.676	-0.678	-0.677	-0.676	-0.676	-0.676	-0.676	-0.676	-0.676	-0.676	-0.676	-0.676	-0.676	-0.676	-0.677	-0.677	-0.677	-0.612	-0.621	-0.763	-0.617	-0.620	-0.623	-0.616	-0.798	-0.790	-0.782	-0.764	-0.794	-0.633	-0.774	-0.758	-0.596	-0.597	-0.428	-0.346	-0.461	-0.583	-0.509	-0.632	-0.473	-0.509	-0.668	-0.487	-0.594	-0.532	-0.656	-0.403	-0.419	-0.591	-0.455	-0.455	-0.454	-0.530	-0.592	-0.450	-0.592	-0.593	-0.512	-0.443	-0.444	-0.663	-0.596	-0.600	-0.460	-0.653	-0.652	-0.588	-0.588	-0.704	-0.514	-0.456	-0.584	-0.586	-0.443	-0.652	-0.537	-0.555	-0.443	-0.639	-0.406	-0.632	-0.419	-0.514	-0.410	-0.531	-0.461	-0.460	-0.585	
rs59126313     -0.372	-0.388	-0.388	-0.378	-0.394	-0.401	-0.402	-0.372	-0.387	-0.291	-0.324	-0.376	-0.367	-0.421	-0.484	-0.713	-0.380	+0.239	+0.226	-0.370	-0.370	-0.365	-0.368	-0.367	-0.457	-0.726	-0.319	-0.317	-0.317	-0.289	-0.312	-0.319	-0.728	-0.265	-0.309	-0.390	-0.445	-0.436	-0.571	-0.543	-0.124	-0.587	-0.797	-0.286	-0.449	-0.156	-0.390	-0.331	-0.170	-0.059	-0.183	-0.173	-0.530	-0.232	-0.616	-0.614	-0.638	-0.637	-0.623	-0.177	-0.175	-0.173	-0.235	-0.050	-0.638	-0.663	-0.500	-0.173	-0.687	-0.688	-0.688	-0.688	-0.690	-0.688	-0.688	-0.688	-0.688	-0.688	-0.688	-0.687	-0.687	-0.687	-0.687	-0.687	-0.688	-0.689	-0.688	-0.688	-0.623	-0.632	-0.775	-0.629	-0.631	-0.635	-0.628	-0.810	-0.802	-0.794	-0.776	-0.806	-0.645	-0.787	-0.770	-0.608	-0.609	-0.440	-0.358	-0.473	-0.595	-0.521	-0.643	-0.485	-0.521	-0.680	-0.499	-0.606	-0.545	-0.668	-0.415	-0.431	-0.603	-0.467	-0.467	-0.467	-0.542	-0.604	-0.462	-0.604	-0.605	-0.524	-0.456	-0.456	-0.675	-0.608	-0.612	-0.473	-0.665	-0.664	-0.600	-0.600	-0.715	-0.526	-0.469	-0.596	-0.599	-0.455	-0.664	-0.549	-0.568	-0.456	-0.651	-0.418	-0.644	-0.431	-0.526	-0.423	-0.544	-0.473	-0.472	-0.598	
rs76643298     -0.341	-0.338	-0.338	-0.339	-0.319	-0.270	-0.308	-0.339	-0.338	-0.324	-0.225	-0.339	-0.339	-0.393	-0.435	-0.652	-0.313	+0.313	+0.300	-0.303	-0.303	-0.298	-0.302	-0.301	-0.391	-0.666	-0.253	-0.251	-0.251	-0.223	-0.246	-0.253	-0.668	-0.199	-0.243	-0.335	-0.390	-0.382	-0.509	-0.478	-0.056	-0.528	-0.738	-0.219	-0.388	-0.089	-0.328	-0.267	-0.104	+0.003	-0.118	-0.108	-0.471	-0.167	-0.556	-0.555	-0.579	-0.578	-0.564	-0.111	-0.109	-0.107	-0.170	+0.020	-0.579	-0.604	-0.441	-0.113	-0.628	-0.628	-0.629	-0.629	-0.631	-0.629	-0.629	-0.629	-0.629	-0.629	-0.628	-0.628	-0.628	-0.628	-0.628	-0.628	-0.628	-0.629	-0.629	-0.629	-0.563	-0.573	-0.716	-0.569	-0.572	-0.575	-0.568	-0.750	-0.742	-0.735	-0.717	-0.746	-0.585	-0.727	-0.710	-0.547	-0.549	-0.379	-0.298	-0.411	-0.534	-0.460	-0.583	-0.423	-0.460	-0.620	-0.437	-0.545	-0.483	-0.608	-0.353	-0.369	-0.543	-0.406	-0.405	-0.405	-0.481	-0.544	-0.400	-0.544	-0.545	-0.462	-0.393	-0.394	-0.615	-0.548	-0.551	-0.410	-0.605	-0.604	-0.539	-0.539	-0.657	-0.464	-0.406	-0.536	-0.538	-0.393	-0.604	-0.488	-0.506	-0.394	-0.591	-0.356	-0.584	-0.369	-0.465	-0.361	-0.482	-0.415	-0.411	-0.537	
rs143874523    -0.363	-0.369	-0.369	-0.363	-0.374	-0.362	-0.375	-0.362	-0.367	-0.376	-0.339	-0.266	-0.359	-0.410	-0.465	-0.689	-0.355	+0.268	+0.255	-0.345	-0.345	-0.340	-0.344	-0.343	-0.432	-0.703	-0.295	-0.293	-0.293	-0.264	-0.287	-0.295	-0.705	-0.241	-0.285	-0.369	-0.425	-0.416	-0.547	-0.518	-0.099	-0.564	-0.774	-0.259	-0.426	-0.130	-0.366	-0.307	-0.144	-0.035	-0.158	-0.148	-0.508	-0.207	-0.593	-0.592	-0.615	-0.614	-0.601	-0.151	-0.149	-0.147	-0.210	-0.023	-0.616	-0.641	-0.478	-0.150	-0.665	-0.665	-0.665	-0.666	-0.667	-0.666	-0.666	-0.666	-0.666	-0.666	-0.665	-0.665	-0.665	-0.665	-0.665	-0.665	-0.665	-0.666	-0.666	-0.666	-0.601	-0.610	-0.753	-0.607	-0.609	-0.613	-0.606	-0.787	-0.779	-0.772	-0.753	-0.783	-0.622	-0.764	-0.747	-0.585	-0.586	-0.417	-0.335	-0.450	-0.572	-0.498	-0.621	-0.462	-0.498	-0.657	-0.476	-0.583	-0.521	-0.645	-0.392	-0.408	-0.580	-0.444	-0.444	-0.443	-0.519	-0.581	-0.439	-0.581	-0.582	-0.501	-0.432	-0.433	-0.652	-0.585	-0.589	-0.448	-0.642	-0.641	-0.577	-0.577	-0.693	-0.503	-0.445	-0.573	-0.576	-0.432	-0.641	-0.526	-0.544	-0.432	-0.628	-0.395	-0.621	-0.408	-0.503	-0.399	-0.520	-0.451	-0.449	-0.575	
rs58282599     -0.358	-0.365	-0.365	-0.361	-0.368	-0.351	-0.367	-0.357	-0.363	-0.367	-0.339	-0.359	-0.259	-0.408	-0.460	-0.683	-0.349	+0.276	+0.263	-0.338	-0.339	-0.333	-0.337	-0.336	-0.425	-0.697	-0.288	-0.286	-0.286	-0.258	-0.281	-0.288	-0.699	-0.234	-0.278	-0.364	-0.419	-0.410	-0.540	-0.512	-0.092	-0.558	-0.769	-0.253	-0.420	-0.123	-0.360	-0.300	-0.138	-0.028	-0.151	-0.141	-0.502	-0.201	-0.587	-0.586	-0.609	-0.608	-0.595	-0.145	-0.143	-0.141	-0.203	-0.016	-0.610	-0.635	-0.472	-0.144	-0.659	-0.659	-0.660	-0.660	-0.662	-0.660	-0.660	-0.660	-0.660	-0.660	-0.659	-0.659	-0.659	-0.659	-0.659	-0.659	-0.659	-0.660	-0.660	-0.660	-0.595	-0.604	-0.747	-0.601	-0.603	-0.607	-0.600	-0.781	-0.773	-0.766	-0.748	-0.777	-0.616	-0.758	-0.741	-0.579	-0.580	-0.411	-0.330	-0.444	-0.566	-0.492	-0.615	-0.456	-0.492	-0.651	-0.470	-0.577	-0.515	-0.639	-0.386	-0.402	-0.574	-0.438	-0.438	-0.437	-0.513	-0.575	-0.433	-0.575	-0.576	-0.495	-0.426	-0.427	-0.646	-0.579	-0.583	-0.442	-0.636	-0.636	-0.571	-0.571	-0.688	-0.497	-0.439	-0.567	-0.570	-0.426	-0.635	-0.520	-0.538	-0.426	-0.622	-0.389	-0.615	-0.402	-0.497	-0.393	-0.514	-0.445	-0.443	-0.568	
rs76936688     -0.411	-0.416	-0.416	-0.412	-0.422	-0.425	-0.425	-0.411	-0.415	-0.421	-0.393	-0.410	-0.408	-0.251	-0.454	-0.674	-0.335	+0.297	+0.284	-0.324	-0.325	-0.319	-0.323	-0.322	-0.412	-0.687	-0.274	-0.271	-0.272	-0.244	-0.267	-0.273	-0.689	-0.220	-0.264	-0.356	-0.411	-0.402	-0.529	-0.500	-0.077	-0.544	-0.760	-0.231	-0.406	-0.111	-0.346	-0.287	-0.120	-0.011	-0.134	-0.124	-0.491	-0.184	-0.577	-0.575	-0.599	-0.598	-0.584	-0.129	-0.127	-0.125	-0.188	-0.005	-0.600	-0.625	-0.460	-0.126	-0.650	-0.650	-0.651	-0.651	-0.653	-0.651	-0.651	-0.651	-0.651	-0.651	-0.651	-0.650	-0.650	-0.650	-0.650	-0.650	-0.651	-0.651	-0.651	-0.651	-0.587	-0.596	-0.738	-0.593	-0.595	-0.599	-0.592	-0.772	-0.765	-0.757	-0.739	-0.769	-0.608	-0.750	-0.732	-0.569	-0.571	-0.401	-0.320	-0.434	-0.556	-0.482	-0.605	-0.447	-0.482	-0.642	-0.460	-0.567	-0.507	-0.630	-0.377	-0.393	-0.565	-0.428	-0.428	-0.428	-0.504	-0.566	-0.423	-0.566	-0.567	-0.486	-0.416	-0.417	-0.637	-0.570	-0.574	-0.440	-0.627	-0.626	-0.561	-0.561	-0.678	-0.488	-0.436	-0.558	-0.560	-0.416	-0.626	-0.510	-0.528	-0.417	-0.613	-0.379	-0.606	-0.392	-0.488	-0.385	-0.506	-0.438	-0.434	-0.559	
rs77715289     -0.462	-0.475	-0.475	-0.467	-0.488	-0.514	-0.499	-0.464	-0.474	-0.484	-0.435	-0.465	-0.460	-0.454	-0.237	-0.672	-0.335	+0.276	+0.263	-0.324	-0.325	-0.319	-0.323	-0.321	-0.411	-0.685	-0.266	-0.263	-0.264	-0.236	-0.259	-0.266	-0.688	-0.211	-0.259	-0.310	-0.368	-0.359	-0.549	-0.532	-0.068	-0.550	-0.756	-0.214	-0.395	-0.149	-0.332	-0.281	-0.096	-0.001	-0.111	-0.100	-0.466	-0.163	-0.556	-0.555	-0.581	-0.580	-0.565	-0.105	-0.103	-0.101	-0.167	-0.013	-0.585	-0.612	-0.430	-0.088	-0.646	-0.646	-0.647	-0.647	-0.649	-0.647	-0.647	-0.647	-0.647	-0.647	-0.647	-0.647	-0.647	-0.647	-0.647	-0.647	-0.647	-0.648	-0.648	-0.648	-0.578	-0.587	-0.735	-0.584	-0.585	-0.590	-0.583	-0.772	-0.765	-0.758	-0.735	-0.768	-0.604	-0.750	-0.729	-0.560	-0.562	-0.386	-0.298	-0.419	-0.546	-0.469	-0.598	-0.443	-0.469	-0.636	-0.446	-0.558	-0.502	-0.623	-0.370	-0.387	-0.556	-0.413	-0.412	-0.412	-0.500	-0.554	-0.407	-0.554	-0.558	-0.482	-0.400	-0.401	-0.630	-0.561	-0.565	-0.447	-0.619	-0.618	-0.552	-0.552	-0.661	-0.484	-0.444	-0.548	-0.551	-0.400	-0.618	-0.498	-0.517	-0.401	-0.604	-0.362	-0.597	-0.375	-0.484	-0.378	-0.502	-0.411	-0.428	-0.549	
rs2794563      -0.685	-0.701	-0.701	-0.692	-0.718	-0.753	-0.732	-0.688	-0.700	-0.713	-0.652	-0.689	-0.683	-0.674	-0.672	-0.556	-0.578	+0.131	+0.117	-0.568	-0.568	-0.563	-0.567	-0.566	-0.661	-0.743	-0.505	-0.502	-0.502	-0.480	-0.505	-0.504	-0.743	-0.455	-0.496	-0.163	-0.255	-0.240	-0.789	-0.632	-0.306	-0.839	-1.017	-0.596	-0.707	-0.464	-0.652	-0.554	-0.456	-0.345	-0.469	-0.460	-0.785	-0.515	-0.865	-0.864	-0.889	-0.889	-0.874	-0.462	-0.461	-0.459	-0.517	-0.290	-0.884	-0.907	-0.736	-0.440	-0.923	-0.924	-0.924	-0.924	-0.928	-0.925	-0.925	-0.925	-0.925	-0.925	-0.925	-0.925	-0.925	-0.925	-0.925	-0.925	-0.926	-0.926	-0.926	-0.926	-0.854	-0.863	-1.014	-0.860	-0.861	-0.866	-0.860	-1.048	-1.040	-1.033	-1.015	-1.044	-0.886	-1.026	-1.009	-0.853	-0.855	-0.698	-0.604	-0.730	-0.847	-0.778	-0.887	-0.740	-0.778	-0.922	-0.759	-0.852	-0.796	-0.911	-0.672	-0.687	-0.849	-0.727	-0.726	-0.726	-0.794	-0.851	-0.722	-0.851	-0.852	-0.776	-0.715	-0.716	-0.917	-0.854	-0.858	-0.734	-0.908	-0.907	-0.846	-0.846	-0.944	-0.778	-0.730	-0.843	-0.845	-0.715	-0.907	-0.805	-0.823	-0.716	-0.895	-0.680	-0.889	-0.692	-0.779	-0.679	-0.795	-0.700	-0.727	-0.844	
rs12197076     -0.351	-0.368	-0.368	-0.358	-0.386	-0.424	-0.401	-0.353	-0.367	-0.380	-0.313	-0.355	-0.349	-0.335	-0.335	-0.578	-0.232	+0.033	+0.019	-0.333	-0.333	-0.334	-0.340	-0.339	-0.356	-0.603	-0.328	-0.327	-0.327	-0.315	-0.341	-0.330	-0.607	-0.290	-0.341	-0.469	-0.513	-0.506	-0.423	-0.637	-0.092	-0.416	-0.510	-0.457	-0.426	-0.271	-0.372	-0.414	-0.156	-0.037	-0.169	-0.159	-0.517	-0.214	-0.595	-0.594	-0.612	-0.612	-0.590	-0.161	-0.159	-0.157	-0.214	-0.216	-0.601	-0.620	-0.536	-0.206	-0.619	-0.619	-0.620	-0.620	-0.623	-0.622	-0.621	-0.622	-0.622	-0.622	-0.622	-0.622	-0.622	-0.622	-0.622	-0.622	-0.624	-0.624	-0.624	-0.624	-0.582	-0.589	-0.708	-0.586	-0.589	-0.591	-0.585	-0.747	-0.740	-0.733	-0.695	-0.744	-0.582	-0.727	-0.693	-0.557	-0.558	-0.432	-0.349	-0.462	-0.569	-0.505	-0.588	-0.450	-0.505	-0.619	-0.488	-0.556	-0.503	-0.610	-0.387	-0.402	-0.554	-0.456	-0.456	-0.455	-0.501	-0.557	-0.452	-0.557	-0.556	-0.484	-0.446	-0.446	-0.616	-0.558	-0.562	-0.377	-0.608	-0.607	-0.551	-0.551	-0.678	-0.486	-0.374	-0.548	-0.550	-0.445	-0.607	-0.527	-0.544	-0.446	-0.596	-0.412	-0.590	-0.423	-0.487	-0.395	-0.502	-0.461	-0.439	-0.549	
rs7753970      +0.273	+0.253	+0.253	+0.264	+0.232	+0.189	+0.214	+0.270	+0.254	+0.239	+0.313	+0.268	+0.276	+0.297	+0.276	+0.131	+0.033	+0.356	+0.273	+0.030	+0.030	+0.028	+0.028	+0.028	+0.059	+0.088	+0.008	+0.007	+0.007	+0.002	-0.000	+0.007	+0.081	+0.003	-0.002	-0.069	-0.092	-0.088	-0.041	-0.096	+0.034	+0.102	+0.025	-0.013	+0.108	+0.153	+0.158	+0.108	+0.363	+0.447	+0.351	+0.360	+0.108	+0.310	+0.010	+0.012	-0.002	-0.003	+0.031	+0.369	+0.371	+0.372	+0.319	+0.263	-0.006	-0.030	+0.022	+0.393	-0.054	-0.054	-0.053	-0.053	-0.052	-0.049	-0.049	-0.049	-0.049	-0.049	-0.047	-0.045	-0.045	-0.045	-0.045	-0.046	-0.042	-0.045	-0.045	-0.045	-0.008	-0.016	-0.150	-0.013	-0.018	-0.019	-0.012	-0.191	-0.186	-0.181	-0.140	-0.188	-0.003	-0.177	-0.138	-0.008	-0.009	+0.086	+0.170	+0.059	-0.038	+0.021	-0.033	+0.104	+0.022	-0.059	+0.036	-0.008	+0.052	-0.054	+0.166	+0.145	-0.006	+0.066	+0.067	+0.067	+0.055	-0.012	+0.071	-0.013	-0.008	+0.071	+0.076	+0.076	-0.058	-0.010	-0.013	+0.180	-0.053	-0.052	-0.004	-0.004	-0.120	+0.069	+0.183	-0.001	-0.003	+0.077	-0.052	+0.002	-0.014	+0.076	-0.044	+0.108	-0.039	+0.097	+0.069	+0.159	+0.054	+0.096	+0.116	-0.002	
rs7755154      +0.260	+0.240	+0.240	+0.251	+0.219	+0.176	+0.201	+0.257	+0.241	+0.226	+0.300	+0.255	+0.263	+0.284	+0.263	+0.117	+0.019	+0.273	+0.343	+0.016	+0.016	+0.014	+0.015	+0.014	+0.044	+0.074	-0.005	-0.005	-0.006	-0.010	-0.013	-0.006	+0.067	-0.009	-0.014	-0.079	-0.103	-0.099	-0.053	-0.109	+0.023	+0.090	+0.011	-0.023	+0.097	+0.142	+0.146	+0.097	+0.351	+0.436	+0.339	+0.348	+0.096	+0.298	-0.002	-0.000	-0.014	-0.015	+0.019	+0.357	+0.359	+0.361	+0.307	+0.252	-0.017	-0.042	+0.011	+0.381	-0.066	-0.066	-0.065	-0.065	-0.065	-0.061	-0.062	-0.061	-0.061	-0.061	-0.059	-0.057	-0.058	-0.058	-0.058	-0.058	-0.054	-0.057	-0.057	-0.057	-0.020	-0.029	-0.162	-0.025	-0.030	-0.031	-0.024	-0.203	-0.198	-0.193	-0.152	-0.200	-0.015	-0.189	-0.150	-0.020	-0.021	+0.075	+0.159	+0.047	-0.050	+0.010	-0.045	+0.092	+0.010	-0.071	+0.025	-0.020	+0.040	-0.066	+0.154	+0.140	-0.018	+0.055	+0.055	+0.056	+0.043	-0.024	+0.059	-0.025	-0.020	+0.059	+0.065	+0.064	-0.070	-0.022	-0.025	+0.168	-0.064	-0.064	-0.016	-0.016	-0.132	+0.057	+0.171	-0.013	-0.015	+0.065	-0.064	-0.010	-0.025	+0.065	-0.056	+0.097	-0.051	+0.086	+0.057	+0.147	+0.042	+0.084	+0.104	-0.014	
rs12204551     -0.341	-0.358	-0.358	-0.348	-0.376	-0.414	-0.391	-0.343	-0.357	-0.370	-0.303	-0.345	-0.338	-0.324	-0.324	-0.568	-0.333	+0.030	+0.016	-0.222	-0.325	-0.326	-0.331	-0.330	-0.325	-0.592	-0.325	-0.323	-0.324	-0.313	-0.338	-0.326	-0.596	-0.289	-0.337	-0.462	-0.507	-0.500	-0.411	-0.630	-0.098	-0.405	-0.495	-0.451	-0.417	-0.264	-0.363	-0.406	-0.146	-0.027	-0.159	-0.150	-0.508	-0.205	-0.586	-0.585	-0.603	-0.603	-0.581	-0.151	-0.149	-0.148	-0.205	-0.210	-0.592	-0.611	-0.528	-0.198	-0.609	-0.610	-0.610	-0.610	-0.613	-0.612	-0.612	-0.612	-0.612	-0.612	-0.612	-0.612	-0.612	-0.612	-0.612	-0.612	-0.614	-0.614	-0.614	-0.614	-0.572	-0.580	-0.698	-0.577	-0.580	-0.582	-0.576	-0.737	-0.730	-0.724	-0.685	-0.734	-0.572	-0.718	-0.683	-0.547	-0.549	-0.423	-0.340	-0.453	-0.560	-0.496	-0.578	-0.441	-0.495	-0.610	-0.479	-0.546	-0.494	-0.601	-0.378	-0.393	-0.544	-0.447	-0.447	-0.446	-0.491	-0.548	-0.443	-0.548	-0.546	-0.475	-0.437	-0.437	-0.607	-0.549	-0.552	-0.366	-0.598	-0.598	-0.541	-0.541	-0.669	-0.477	-0.363	-0.538	-0.540	-0.436	-0.597	-0.518	-0.535	-0.437	-0.587	-0.403	-0.581	-0.415	-0.477	-0.385	-0.493	-0.453	-0.430	-0.539	
rs6927985      -0.341	-0.358	-0.358	-0.348	-0.376	-0.414	-0.392	-0.343	-0.358	-0.370	-0.303	-0.345	-0.339	-0.325	-0.325	-0.568	-0.333	+0.030	+0.016	-0.325	-0.222	-0.325	-0.331	-0.330	-0.324	-0.592	-0.324	-0.323	-0.323	-0.313	-0.338	-0.326	-0.597	-0.289	-0.337	-0.463	-0.507	-0.500	-0.412	-0.630	-0.097	-0.405	-0.495	-0.451	-0.417	-0.264	-0.363	-0.406	-0.146	-0.027	-0.159	-0.150	-0.508	-0.205	-0.586	-0.585	-0.603	-0.603	-0.582	-0.151	-0.150	-0.148	-0.205	-0.210	-0.592	-0.611	-0.529	-0.198	-0.609	-0.610	-0.610	-0.611	-0.613	-0.612	-0.612	-0.612	-0.612	-0.612	-0.612	-0.612	-0.612	-0.612	-0.612	-0.612	-0.615	-0.614	-0.614	-0.614	-0.573	-0.580	-0.699	-0.577	-0.580	-0.582	-0.576	-0.737	-0.731	-0.724	-0.685	-0.734	-0.572	-0.718	-0.684	-0.548	-0.549	-0.423	-0.340	-0.453	-0.560	-0.496	-0.578	-0.441	-0.496	-0.610	-0.479	-0.547	-0.494	-0.601	-0.378	-0.393	-0.544	-0.447	-0.447	-0.447	-0.492	-0.548	-0.443	-0.548	-0.547	-0.475	-0.437	-0.437	-0.607	-0.549	-0.552	-0.366	-0.598	-0.598	-0.541	-0.541	-0.669	-0.477	-0.363	-0.538	-0.540	-0.436	-0.598	-0.519	-0.535	-0.437	-0.587	-0.403	-0.581	-0.415	-0.477	-0.385	-0.493	-0.453	-0.430	-0.539	
rs12195939     -0.335	-0.353	-0.353	-0.343	-0.371	-0.408	-0.386	-0.338	-0.352	-0.365	-0.298	-0.340	-0.333	-0.319	-0.319	-0.563	-0.334	+0.028	+0.014	-0.326	-0.325	-0.217	-0.324	-0.322	-0.297	-0.586	-0.321	-0.320	-0.320	-0.310	-0.335	-0.323	-0.591	-0.287	-0.335	-0.459	-0.503	-0.496	-0.405	-0.626	-0.099	-0.400	-0.488	-0.448	-0.412	-0.260	-0.359	-0.402	-0.141	-0.022	-0.154	-0.145	-0.503	-0.200	-0.581	-0.580	-0.598	-0.599	-0.577	-0.146	-0.145	-0.143	-0.200	-0.207	-0.587	-0.606	-0.524	-0.193	-0.604	-0.605	-0.605	-0.605	-0.608	-0.607	-0.607	-0.607	-0.607	-0.607	-0.607	-0.607	-0.607	-0.607	-0.607	-0.607	-0.609	-0.609	-0.609	-0.609	-0.568	-0.575	-0.693	-0.572	-0.575	-0.577	-0.571	-0.732	-0.725	-0.719	-0.680	-0.729	-0.567	-0.713	-0.678	-0.542	-0.544	-0.419	-0.335	-0.449	-0.555	-0.491	-0.573	-0.436	-0.491	-0.605	-0.474	-0.541	-0.489	-0.596	-0.373	-0.388	-0.539	-0.442	-0.442	-0.442	-0.487	-0.543	-0.438	-0.543	-0.541	-0.470	-0.432	-0.432	-0.602	-0.544	-0.547	-0.360	-0.593	-0.593	-0.536	-0.536	-0.665	-0.472	-0.357	-0.533	-0.535	-0.432	-0.592	-0.514	-0.530	-0.432	-0.582	-0.398	-0.576	-0.410	-0.472	-0.381	-0.488	-0.448	-0.425	-0.534	
rs12205879     -0.339	-0.357	-0.357	-0.346	-0.374	-0.412	-0.390	-0.342	-0.356	-0.368	-0.302	-0.344	-0.337	-0.323	-0.323	-0.567	-0.340	+0.028	+0.015	-0.331	-0.331	-0.324	-0.220	-0.326	-0.312	-0.590	-0.323	-0.321	-0.322	-0.312	-0.337	-0.324	-0.594	-0.288	-0.336	-0.461	-0.506	-0.499	-0.410	-0.629	-0.098	-0.404	-0.494	-0.450	-0.415	-0.263	-0.362	-0.405	-0.145	-0.026	-0.158	-0.148	-0.506	-0.203	-0.584	-0.583	-0.602	-0.602	-0.580	-0.150	-0.148	-0.146	-0.203	-0.209	-0.590	-0.609	-0.527	-0.196	-0.608	-0.608	-0.609	-0.609	-0.612	-0.610	-0.610	-0.610	-0.610	-0.610	-0.611	-0.611	-0.611	-0.611	-0.611	-0.610	-0.613	-0.612	-0.612	-0.612	-0.571	-0.578	-0.697	-0.575	-0.578	-0.580	-0.574	-0.735	-0.729	-0.722	-0.683	-0.732	-0.571	-0.716	-0.682	-0.546	-0.547	-0.422	-0.338	-0.452	-0.559	-0.495	-0.576	-0.439	-0.494	-0.608	-0.477	-0.545	-0.493	-0.599	-0.377	-0.392	-0.543	-0.446	-0.445	-0.445	-0.490	-0.546	-0.441	-0.546	-0.545	-0.474	-0.435	-0.436	-0.605	-0.547	-0.550	-0.364	-0.597	-0.596	-0.539	-0.539	-0.668	-0.475	-0.361	-0.536	-0.538	-0.435	-0.596	-0.517	-0.533	-0.435	-0.585	-0.401	-0.579	-0.413	-0.476	-0.384	-0.491	-0.451	-0.429	-0.537	
rs900398       -0.338	-0.355	-0.355	-0.345	-0.373	-0.411	-0.389	-0.340	-0.355	-0.367	-0.301	-0.343	-0.336	-0.322	-0.321	-0.566	-0.339	+0.028	+0.014	-0.330	-0.330	-0.322	-0.326	-0.219	-0.298	-0.589	-0.320	-0.318	-0.318	-0.309	-0.334	-0.321	-0.593	-0.284	-0.333	-0.461	-0.505	-0.498	-0.408	-0.628	-0.093	-0.402	-0.491	-0.449	-0.414	-0.262	-0.361	-0.404	-0.144	-0.024	-0.157	-0.147	-0.505	-0.202	-0.583	-0.582	-0.601	-0.601	-0.579	-0.149	-0.147	-0.145	-0.202	-0.208	-0.589	-0.608	-0.526	-0.195	-0.606	-0.607	-0.608	-0.608	-0.611	-0.609	-0.609	-0.609	-0.609	-0.609	-0.609	-0.610	-0.610	-0.610	-0.610	-0.609	-0.612	-0.611	-0.611	-0.611	-0.570	-0.577	-0.696	-0.574	-0.578	-0.579	-0.573	-0.734	-0.728	-0.721	-0.682	-0.731	-0.570	-0.715	-0.681	-0.545	-0.546	-0.421	-0.338	-0.451	-0.558	-0.494	-0.575	-0.438	-0.493	-0.607	-0.476	-0.544	-0.492	-0.598	-0.376	-0.391	-0.541	-0.445	-0.444	-0.444	-0.489	-0.545	-0.440	-0.545	-0.544	-0.472	-0.434	-0.435	-0.604	-0.546	-0.549	-0.363	-0.596	-0.595	-0.538	-0.538	-0.667	-0.474	-0.360	-0.535	-0.537	-0.434	-0.595	-0.516	-0.532	-0.434	-0.584	-0.400	-0.578	-0.412	-0.475	-0.383	-0.490	-0.451	-0.428	-0.536	
rs1545849      -0.427	-0.445	-0.445	-0.434	-0.462	-0.500	-0.478	-0.430	-0.444	-0.457	-0.391	-0.432	-0.425	-0.412	-0.411	-0.661	-0.356	+0.059	+0.044	-0.325	-0.324	-0.297	-0.312	-0.298	-0.308	-0.682	-0.286	-0.283	-0.284	-0.272	-0.317	-0.289	-0.686	-0.232	-0.317	-0.515	-0.562	-0.554	-0.505	-0.691	+0.070	-0.500	-0.614	-0.502	-0.493	-0.325	-0.440	-0.468	-0.225	-0.107	-0.238	-0.229	-0.582	-0.284	-0.661	-0.659	-0.679	-0.679	-0.658	-0.231	-0.229	-0.227	-0.284	-0.262	-0.669	-0.689	-0.595	-0.266	-0.691	-0.691	-0.692	-0.692	-0.694	-0.693	-0.693	-0.693	-0.693	-0.693	-0.693	-0.693	-0.693	-0.693	-0.693	-0.693	-0.695	-0.695	-0.695	-0.695	-0.650	-0.658	-0.779	-0.655	-0.658	-0.660	-0.654	-0.818	-0.811	-0.805	-0.768	-0.815	-0.653	-0.798	-0.766	-0.627	-0.628	-0.498	-0.414	-0.528	-0.637	-0.571	-0.658	-0.519	-0.571	-0.690	-0.554	-0.626	-0.573	-0.681	-0.456	-0.471	-0.624	-0.522	-0.522	-0.521	-0.570	-0.627	-0.517	-0.627	-0.626	-0.554	-0.511	-0.512	-0.687	-0.628	-0.631	-0.453	-0.678	-0.678	-0.620	-0.620	-0.745	-0.556	-0.450	-0.618	-0.619	-0.511	-0.677	-0.594	-0.611	-0.511	-0.667	-0.477	-0.660	-0.489	-0.556	-0.463	-0.572	-0.525	-0.508	-0.618	
rs9501863      -0.699	-0.715	-0.715	-0.705	-0.731	-0.766	-0.745	-0.701	-0.714	-0.726	-0.666	-0.703	-0.697	-0.687	-0.685	-0.743	-0.603	+0.088	+0.074	-0.592	-0.592	-0.586	-0.590	-0.589	-0.682	-0.568	-0.529	-0.527	-0.527	-0.497	-0.521	-0.529	-0.700	-0.471	-0.512	-0.201	-0.292	-0.277	-0.804	-0.655	-0.324	-0.841	-1.026	-0.586	-0.715	-0.461	-0.659	-0.573	-0.461	-0.330	-0.475	-0.465	-0.779	-0.520	-0.863	-0.861	-0.889	-0.889	-0.874	-0.468	-0.466	-0.464	-0.523	-0.307	-0.891	-0.915	-0.747	-0.434	-0.935	-0.935	-0.936	-0.936	-0.939	-0.936	-0.936	-0.936	-0.936	-0.936	-0.936	-0.936	-0.936	-0.936	-0.936	-0.936	-0.937	-0.937	-0.937	-0.937	-0.866	-0.875	-1.025	-0.872	-0.873	-0.878	-0.871	-1.059	-1.052	-1.045	-1.026	-1.056	-0.896	-1.038	-1.019	-0.864	-0.866	-0.706	-0.613	-0.738	-0.857	-0.786	-0.898	-0.749	-0.786	-0.933	-0.767	-0.863	-0.805	-0.922	-0.680	-0.695	-0.861	-0.735	-0.734	-0.734	-0.803	-0.861	-0.730	-0.861	-0.863	-0.786	-0.723	-0.724	-0.928	-0.865	-0.869	-0.742	-0.919	-0.918	-0.857	-0.857	-0.955	-0.788	-0.739	-0.854	-0.856	-0.723	-0.918	-0.814	-0.832	-0.724	-0.906	-0.688	-0.899	-0.700	-0.788	-0.687	-0.805	-0.709	-0.735	-0.855	
rs17135340     -0.290	-0.308	-0.308	-0.297	-0.325	-0.362	-0.340	-0.293	-0.307	-0.319	-0.253	-0.295	-0.288	-0.274	-0.266	-0.505	-0.328	+0.008	-0.005	-0.325	-0.324	-0.321	-0.323	-0.320	-0.286	-0.529	-0.165	-0.264	-0.264	-0.274	-0.294	-0.265	-0.533	-0.255	-0.296	-0.428	-0.471	-0.464	-0.346	-0.587	-0.087	-0.329	-0.401	-0.412	-0.366	-0.212	-0.313	-0.362	-0.095	+0.035	-0.108	-0.099	-0.454	-0.153	-0.533	-0.531	-0.549	-0.550	-0.527	-0.100	-0.098	-0.096	-0.153	-0.172	-0.541	-0.559	-0.485	-0.147	-0.554	-0.555	-0.555	-0.556	-0.559	-0.557	-0.557	-0.557	-0.557	-0.557	-0.558	-0.558	-0.558	-0.558	-0.558	-0.557	-0.560	-0.560	-0.560	-0.560	-0.521	-0.528	-0.643	-0.526	-0.529	-0.531	-0.525	-0.684	-0.678	-0.671	-0.628	-0.681	-0.518	-0.666	-0.627	-0.494	-0.495	-0.375	-0.293	-0.405	-0.510	-0.447	-0.525	-0.389	-0.446	-0.556	-0.430	-0.493	-0.442	-0.547	-0.327	-0.342	-0.491	-0.399	-0.398	-0.398	-0.439	-0.495	-0.394	-0.495	-0.493	-0.423	-0.388	-0.389	-0.553	-0.496	-0.499	-0.305	-0.545	-0.544	-0.488	-0.488	-0.618	-0.425	-0.302	-0.485	-0.487	-0.388	-0.544	-0.469	-0.485	-0.388	-0.533	-0.355	-0.528	-0.366	-0.425	-0.335	-0.441	-0.409	-0.379	-0.486	
rs12213592     -0.288	-0.305	-0.305	-0.295	-0.323	-0.360	-0.338	-0.290	-0.304	-0.317	-0.251	-0.293	-0.286	-0.271	-0.263	-0.502	-0.327	+0.007	-0.005	-0.323	-0.323	-0.320	-0.321	-0.318	-0.283	-0.527	-0.264	-0.162	-0.262	-0.273	-0.292	-0.263	-0.531	-0.254	-0.295	-0.427	-0.469	-0.462	-0.343	-0.585	-0.089	-0.327	-0.398	-0.410	-0.363	-0.210	-0.311	-0.360	-0.093	+0.038	-0.106	-0.096	-0.452	-0.151	-0.530	-0.529	-0.547	-0.547	-0.525	-0.098	-0.096	-0.094	-0.151	-0.170	-0.539	-0.557	-0.483	-0.145	-0.552	-0.553	-0.553	-0.553	-0.556	-0.555	-0.555	-0.555	-0.555	-0.555	-0.555	-0.555	-0.555	-0.555	-0.555	-0.555	-0.558	-0.557	-0.557	-0.557	-0.519	-0.526	-0.641	-0.524	-0.527	-0.528	-0.523	-0.682	-0.676	-0.669	-0.626	-0.679	-0.516	-0.663	-0.625	-0.492	-0.493	-0.373	-0.291	-0.403	-0.508	-0.445	-0.522	-0.387	-0.444	-0.554	-0.428	-0.491	-0.440	-0.545	-0.325	-0.340	-0.489	-0.396	-0.396	-0.396	-0.437	-0.493	-0.392	-0.493	-0.491	-0.421	-0.386	-0.386	-0.550	-0.493	-0.497	-0.303	-0.542	-0.542	-0.486	-0.486	-0.616	-0.423	-0.300	-0.483	-0.485	-0.386	-0.541	-0.467	-0.483	-0.386	-0.531	-0.353	-0.525	-0.364	-0.423	-0.333	-0.439	-0.407	-0.377	-0.484	
rs12213751     -0.288	-0.306	-0.306	-0.295	-0.323	-0.360	-0.338	-0.291	-0.305	-0.317	-0.251	-0.293	-0.286	-0.272	-0.264	-0.502	-0.327	+0.007	-0.006	-0.324	-0.323	-0.320	-0.322	-0.318	-0.284	-0.527	-0.264	-0.262	-0.163	-0.273	-0.292	-0.263	-0.531	-0.254	-0.295	-0.427	-0.469	-0.462	-0.344	-0.586	-0.089	-0.327	-0.398	-0.410	-0.364	-0.210	-0.311	-0.360	-0.093	+0.038	-0.106	-0.097	-0.452	-0.151	-0.531	-0.529	-0.547	-0.548	-0.525	-0.098	-0.096	-0.094	-0.151	-0.170	-0.539	-0.557	-0.484	-0.145	-0.552	-0.553	-0.553	-0.554	-0.557	-0.555	-0.555	-0.555	-0.555	-0.555	-0.556	-0.556	-0.556	-0.556	-0.556	-0.556	-0.558	-0.558	-0.558	-0.558	-0.519	-0.527	-0.641	-0.524	-0.527	-0.529	-0.523	-0.682	-0.676	-0.669	-0.626	-0.679	-0.516	-0.664	-0.625	-0.492	-0.493	-0.373	-0.291	-0.403	-0.508	-0.445	-0.523	-0.387	-0.444	-0.554	-0.428	-0.491	-0.440	-0.545	-0.326	-0.340	-0.489	-0.397	-0.396	-0.396	-0.438	-0.493	-0.392	-0.493	-0.491	-0.421	-0.386	-0.387	-0.551	-0.494	-0.497	-0.303	-0.543	-0.542	-0.486	-0.486	-0.616	-0.423	-0.300	-0.483	-0.485	-0.386	-0.542	-0.467	-0.483	-0.386	-0.531	-0.353	-0.526	-0.364	-0.423	-0.333	-0.439	-0.407	-0.377	-0.484	
rs12213864     -0.260	-0.277	-0.277	-0.267	-0.295	-0.333	-0.310	-0.263	-0.276	-0.289	-0.223	-0.264	-0.258	-0.244	-0.236	-0.480	-0.315	+0.002	-0.010	-0.313	-0.313	-0.310	-0.312	-0.309	-0.272	-0.497	-0.274	-0.273	-0.273	-0.135	-0.250	-0.273	-0.501	-0.221	-0.259	-0.410	-0.451	-0.445	-0.312	-0.565	-0.050	-0.287	-0.349	-0.393	-0.339	-0.190	-0.286	-0.338	-0.069	+0.070	-0.082	-0.072	-0.425	-0.127	-0.505	-0.503	-0.525	-0.526	-0.503	-0.073	-0.072	-0.070	-0.127	-0.151	-0.515	-0.533	-0.463	-0.120	-0.526	-0.526	-0.527	-0.527	-0.530	-0.529	-0.529	-0.529	-0.529	-0.529	-0.529	-0.530	-0.530	-0.529	-0.529	-0.529	-0.532	-0.532	-0.532	-0.532	-0.495	-0.502	-0.615	-0.499	-0.502	-0.504	-0.498	-0.655	-0.649	-0.642	-0.599	-0.652	-0.490	-0.637	-0.598	-0.466	-0.467	-0.349	-0.267	-0.378	-0.483	-0.420	-0.496	-0.363	-0.419	-0.528	-0.403	-0.465	-0.415	-0.519	-0.301	-0.316	-0.463	-0.372	-0.372	-0.371	-0.413	-0.467	-0.367	-0.467	-0.465	-0.396	-0.361	-0.362	-0.525	-0.467	-0.470	-0.278	-0.516	-0.516	-0.460	-0.459	-0.591	-0.398	-0.275	-0.457	-0.458	-0.361	-0.516	-0.442	-0.458	-0.361	-0.505	-0.328	-0.499	-0.340	-0.399	-0.309	-0.414	-0.384	-0.353	-0.458	
rs7771891      -0.283	-0.300	-0.300	-0.290	-0.318	-0.355	-0.333	-0.286	-0.299	-0.312	-0.246	-0.287	-0.281	-0.267	-0.259	-0.505	-0.341	-0.000	-0.013	-0.338	-0.338	-0.335	-0.337	-0.334	-0.317	-0.521	-0.294	-0.292	-0.292	-0.250	-0.158	-0.293	-0.525	-0.222	-0.273	-0.425	-0.467	-0.461	-0.336	-0.583	-0.036	-0.313	-0.384	-0.409	-0.360	-0.208	-0.307	-0.356	-0.090	+0.047	-0.103	-0.094	-0.446	-0.148	-0.525	-0.524	-0.546	-0.547	-0.524	-0.095	-0.093	-0.091	-0.148	-0.166	-0.536	-0.554	-0.482	-0.140	-0.547	-0.548	-0.549	-0.549	-0.552	-0.551	-0.551	-0.551	-0.551	-0.551	-0.551	-0.551	-0.551	-0.551	-0.551	-0.551	-0.554	-0.553	-0.553	-0.553	-0.516	-0.523	-0.637	-0.520	-0.523	-0.525	-0.519	-0.677	-0.670	-0.664	-0.621	-0.674	-0.512	-0.658	-0.620	-0.487	-0.488	-0.369	-0.287	-0.399	-0.504	-0.441	-0.518	-0.384	-0.440	-0.549	-0.424	-0.486	-0.436	-0.540	-0.322	-0.337	-0.484	-0.392	-0.392	-0.392	-0.434	-0.488	-0.388	-0.488	-0.486	-0.418	-0.382	-0.382	-0.546	-0.489	-0.492	-0.301	-0.538	-0.537	-0.481	-0.481	-0.612	-0.419	-0.298	-0.478	-0.480	-0.382	-0.537	-0.462	-0.478	-0.382	-0.527	-0.349	-0.521	-0.360	-0.420	-0.330	-0.435	-0.403	-0.374	-0.479	
rs12190315     -0.290	-0.307	-0.307	-0.297	-0.325	-0.362	-0.340	-0.293	-0.307	-0.319	-0.253	-0.295	-0.288	-0.273	-0.266	-0.504	-0.330	+0.007	-0.006	-0.326	-0.326	-0.323	-0.324	-0.321	-0.289	-0.529	-0.265	-0.263	-0.263	-0.273	-0.293	-0.164	-0.533	-0.255	-0.296	-0.428	-0.471	-0.464	-0.345	-0.587	-0.086	-0.329	-0.400	-0.411	-0.365	-0.211	-0.312	-0.361	-0.095	+0.036	-0.108	-0.098	-0.454	-0.153	-0.532	-0.531	-0.549	-0.549	-0.526	-0.100	-0.098	-0.096	-0.153	-0.172	-0.541	-0.559	-0.485	-0.147	-0.554	-0.554	-0.555	-0.555	-0.558	-0.557	-0.557	-0.557	-0.557	-0.557	-0.557	-0.557	-0.557	-0.557	-0.557	-0.557	-0.560	-0.559	-0.559	-0.559	-0.521	-0.528	-0.643	-0.526	-0.529	-0.530	-0.525	-0.684	-0.678	-0.671	-0.628	-0.681	-0.518	-0.665	-0.627	-0.494	-0.495	-0.375	-0.293	-0.405	-0.510	-0.447	-0.524	-0.389	-0.446	-0.555	-0.430	-0.493	-0.442	-0.547	-0.327	-0.342	-0.491	-0.398	-0.398	-0.398	-0.439	-0.495	-0.394	-0.495	-0.493	-0.423	-0.388	-0.388	-0.552	-0.495	-0.499	-0.305	-0.544	-0.544	-0.488	-0.488	-0.618	-0.425	-0.302	-0.485	-0.487	-0.387	-0.543	-0.468	-0.485	-0.388	-0.533	-0.354	-0.527	-0.366	-0.425	-0.335	-0.441	-0.409	-0.379	-0.486	
rs9503235      -0.701	-0.717	-0.717	-0.708	-0.733	-0.768	-0.748	-0.704	-0.716	-0.728	-0.668	-0.705	-0.699	-0.689	-0.688	-0.743	-0.607	+0.081	+0.067	-0.596	-0.597	-0.591	-0.594	-0.593	-0.686	-0.700	-0.533	-0.531	-0.531	-0.501	-0.525	-0.533	-0.570	-0.476	-0.517	-0.211	-0.302	-0.287	-0.807	-0.661	-0.329	-0.841	-1.028	-0.584	-0.716	-0.460	-0.661	-0.576	-0.462	-0.327	-0.475	-0.466	-0.778	-0.521	-0.862	-0.861	-0.889	-0.889	-0.873	-0.469	-0.467	-0.465	-0.524	-0.311	-0.893	-0.917	-0.749	-0.433	-0.937	-0.937	-0.938	-0.938	-0.941	-0.938	-0.938	-0.938	-0.938	-0.938	-0.938	-0.938	-0.938	-0.938	-0.938	-0.938	-0.939	-0.939	-0.939	-0.939	-0.868	-0.877	-1.027	-0.874	-0.875	-0.880	-0.874	-1.061	-1.054	-1.047	-1.028	-1.058	-0.898	-1.040	-1.021	-0.866	-0.868	-0.708	-0.615	-0.740	-0.859	-0.788	-0.900	-0.751	-0.788	-0.935	-0.769	-0.865	-0.807	-0.924	-0.681	-0.697	-0.862	-0.736	-0.736	-0.735	-0.805	-0.862	-0.731	-0.863	-0.864	-0.787	-0.725	-0.725	-0.930	-0.867	-0.871	-0.744	-0.921	-0.920	-0.859	-0.859	-0.957	-0.789	-0.741	-0.856	-0.858	-0.725	-0.920	-0.816	-0.834	-0.725	-0.908	-0.689	-0.901	-0.701	-0.790	-0.688	-0.806	-0.711	-0.736	-0.857	
rs12199629     -0.236	-0.254	-0.254	-0.243	-0.271	-0.309	-0.287	-0.239	-0.253	-0.265	-0.199	-0.241	-0.234	-0.220	-0.211	-0.455	-0.290	+0.003	-0.009	-0.289	-0.289	-0.287	-0.288	-0.284	-0.232	-0.471	-0.255	-0.254	-0.254	-0.221	-0.222	-0.255	-0.476	-0.111	-0.236	-0.394	-0.434	-0.428	-0.285	-0.545	-0.079	-0.260	-0.315	-0.377	-0.317	-0.172	-0.264	-0.319	-0.047	+0.093	-0.060	-0.050	-0.403	-0.105	-0.483	-0.481	-0.504	-0.504	-0.481	-0.051	-0.049	-0.047	-0.104	-0.134	-0.493	-0.510	-0.444	-0.100	-0.503	-0.503	-0.504	-0.504	-0.507	-0.506	-0.506	-0.506	-0.506	-0.506	-0.506	-0.507	-0.507	-0.507	-0.507	-0.506	-0.509	-0.509	-0.509	-0.509	-0.473	-0.480	-0.592	-0.477	-0.480	-0.482	-0.476	-0.633	-0.626	-0.619	-0.575	-0.630	-0.467	-0.614	-0.575	-0.443	-0.444	-0.327	-0.246	-0.357	-0.461	-0.399	-0.473	-0.341	-0.398	-0.505	-0.382	-0.442	-0.393	-0.496	-0.279	-0.294	-0.440	-0.350	-0.350	-0.350	-0.390	-0.444	-0.346	-0.445	-0.442	-0.374	-0.340	-0.341	-0.502	-0.445	-0.448	-0.254	-0.494	-0.493	-0.437	-0.437	-0.569	-0.376	-0.251	-0.434	-0.436	-0.340	-0.493	-0.420	-0.436	-0.340	-0.483	-0.307	-0.477	-0.318	-0.376	-0.287	-0.392	-0.363	-0.331	-0.435	
