## Summary of overall evidence for association with region:
## log10(BF for region) = -0.363742
## p-value for region = NA

## BFs for choosing among multi-SNP models:
## log10(average 1-SNP BF) = -0.31177
## log10(average 2-SNP BF) = -0.49115

## Example posterior probabilities for multi-SNP models, based on default prior: [p(l) propto 0.5^l for l=1,2,...,L]
## posterior probability of 1-SNP = 0.751417
## posterior probability of 2-SNP = 0.248583

## log10(BF) for single SNP and pair of SNPs:
rs12934137     -0.469	-0.585	-0.629	-0.779	-0.651	-0.641	-0.683	-0.647	-0.773	-0.610	-0.791	-0.623	-0.805	-0.791	-0.626	-0.792	-0.793	-0.793	-0.793	-0.793	-0.620	-0.749	-0.737	-0.230	-0.358	-0.744	-0.744	-0.744	-0.592	-0.366	-0.711	-0.400	-0.728	-0.413	-0.760	-0.746	-0.593	-0.687	-0.314	-0.327	-0.645	-0.772	-0.753	-0.923	-0.731	-0.939	-0.828	-0.601	-0.955	-0.869	-0.946	-0.574	-0.901	-0.954	-0.782	-0.836	-0.756	-0.933	-0.729	-0.952	-0.678	-0.370	-0.742	-0.843	-0.850	-0.849	-0.677	-0.827	-0.945	-0.447	-0.801	-0.169	-0.773	-0.851	-0.744	-0.843	-0.198	-0.712	-0.730	-0.767	-0.482	-0.933	-0.937	-0.961	-0.794	-0.965	-0.793	-0.591	-0.884	-0.964	-0.892	-0.707	-0.584	-0.911	-0.130	-0.694	-0.738	-0.754	-0.911	-0.958	-0.841	-0.640	-0.484	-0.425	-0.737	-0.207	-0.965	-0.001	+0.082	-0.918	-0.518	-0.834	-0.973	-0.866	-0.907	-0.961	-0.188	-0.178	-0.942	-0.730	-0.673	-0.874	-0.923	-0.958	-0.955	-0.948	-0.946	-0.950	-0.951	-0.936	-0.864	-0.955	-0.957	-0.947	-0.948	-0.950	-0.950	-0.961	-0.961	
rs2467442      -0.585	-0.413	-0.519	-0.629	-0.639	-0.634	-0.659	-0.641	-0.612	-0.568	-0.704	-0.580	-0.727	-0.702	-0.583	-0.704	-0.707	-0.708	-0.708	-0.708	-0.578	-0.699	-0.695	-0.203	-0.330	-0.697	-0.697	-0.697	-0.555	-0.338	-0.686	-0.369	-0.642	-0.383	-0.706	-0.685	-0.560	-0.627	-0.272	-0.286	-0.604	-0.708	-0.715	-0.860	-0.644	-0.879	-0.751	-0.519	-0.906	-0.798	-0.902	-0.515	-0.844	-0.908	-0.762	-0.776	-0.692	-0.877	-0.661	-0.901	-0.617	-0.319	-0.671	-0.803	-0.805	-0.802	-0.603	-0.761	-0.897	-0.366	-0.754	-0.081	-0.706	-0.799	-0.696	-0.802	-0.110	-0.649	-0.661	-0.699	-0.431	-0.887	-0.891	-0.913	-0.746	-0.918	-0.750	-0.543	-0.836	-0.916	-0.847	-0.637	-0.544	-0.868	-0.041	-0.638	-0.671	-0.704	-0.868	-0.909	-0.776	-0.589	-0.405	-0.343	-0.661	-0.152	-0.916	+0.054	+0.138	-0.870	-0.469	-0.780	-0.924	-0.818	-0.848	-0.912	-0.108	-0.098	-0.897	-0.680	-0.624	-0.829	-0.870	-0.909	-0.908	-0.898	-0.896	-0.903	-0.904	-0.882	-0.811	-0.904	-0.909	-0.900	-0.901	-0.902	-0.900	-0.912	-0.912	
rs1873725      -0.629	-0.519	-0.428	-0.665	-0.636	-0.629	-0.661	-0.637	-0.653	-0.579	-0.726	-0.592	-0.747	-0.724	-0.595	-0.726	-0.729	-0.729	-0.730	-0.730	-0.590	-0.711	-0.706	-0.212	-0.339	-0.709	-0.709	-0.709	-0.566	-0.346	-0.691	-0.379	-0.677	-0.392	-0.720	-0.706	-0.567	-0.642	-0.282	-0.295	-0.614	-0.724	-0.729	-0.876	-0.666	-0.895	-0.771	-0.540	-0.919	-0.816	-0.914	-0.532	-0.859	-0.921	-0.769	-0.791	-0.709	-0.892	-0.678	-0.915	-0.633	-0.333	-0.689	-0.815	-0.818	-0.815	-0.621	-0.778	-0.909	-0.386	-0.765	-0.103	-0.723	-0.813	-0.709	-0.814	-0.132	-0.665	-0.679	-0.717	-0.445	-0.899	-0.903	-0.925	-0.758	-0.930	-0.760	-0.555	-0.848	-0.928	-0.859	-0.655	-0.553	-0.879	-0.063	-0.653	-0.689	-0.716	-0.880	-0.922	-0.793	-0.602	-0.425	-0.363	-0.681	-0.166	-0.929	+0.040	+0.123	-0.883	-0.481	-0.794	-0.937	-0.830	-0.864	-0.925	-0.129	-0.119	-0.909	-0.694	-0.637	-0.841	-0.884	-0.922	-0.920	-0.911	-0.909	-0.916	-0.916	-0.896	-0.825	-0.918	-0.922	-0.913	-0.914	-0.915	-0.913	-0.925	-0.925	
rs2729615      -0.779	-0.629	-0.665	-0.479	-0.529	-0.513	-0.590	-0.529	-0.795	-0.631	-0.800	-0.644	-0.811	-0.799	-0.647	-0.800	-0.801	-0.801	-0.801	-0.801	-0.641	-0.763	-0.750	-0.256	-0.394	-0.758	-0.758	-0.758	-0.619	-0.401	-0.722	-0.433	-0.817	-0.446	-0.774	-0.783	-0.589	-0.696	-0.329	-0.342	-0.656	-0.788	-0.781	-0.936	-0.754	-0.953	-0.848	-0.627	-0.964	-0.886	-0.961	-0.586	-0.911	-0.966	-0.807	-0.853	-0.776	-0.944	-0.752	-0.963	-0.689	-0.402	-0.763	-0.859	-0.865	-0.863	-0.699	-0.845	-0.956	-0.474	-0.816	-0.200	-0.793	-0.864	-0.754	-0.858	-0.228	-0.731	-0.744	-0.786	-0.507	-0.944	-0.948	-0.971	-0.807	-0.975	-0.807	-0.608	-0.896	-0.973	-0.895	-0.728	-0.601	-0.922	-0.160	-0.705	-0.752	-0.769	-0.914	-0.969	-0.859	-0.657	-0.510	-0.451	-0.757	-0.222	-0.974	-0.018	+0.065	-0.924	-0.527	-0.846	-0.982	-0.876	-0.921	-0.969	-0.214	-0.204	-0.949	-0.732	-0.674	-0.880	-0.934	-0.968	-0.964	-0.957	-0.955	-0.959	-0.960	-0.946	-0.874	-0.965	-0.966	-0.956	-0.957	-0.960	-0.960	-0.971	-0.970	
rs4888647      -0.651	-0.639	-0.636	-0.529	-0.438	-0.560	-0.607	-0.590	-0.558	-0.568	-0.688	-0.581	-0.718	-0.686	-0.585	-0.689	-0.693	-0.694	-0.694	-0.694	-0.579	-0.730	-0.727	-0.199	-0.308	-0.728	-0.728	-0.728	-0.547	-0.315	-0.720	-0.349	-0.683	-0.364	-0.736	-0.710	-0.579	-0.638	-0.289	-0.302	-0.623	-0.722	-0.739	-0.886	-0.674	-0.905	-0.779	-0.549	-0.928	-0.824	-0.926	-0.530	-0.863	-0.930	-0.786	-0.796	-0.712	-0.898	-0.678	-0.921	-0.635	-0.332	-0.682	-0.825	-0.826	-0.823	-0.612	-0.774	-0.917	-0.370	-0.770	-0.081	-0.718	-0.819	-0.720	-0.824	-0.111	-0.661	-0.684	-0.711	-0.439	-0.907	-0.911	-0.934	-0.764	-0.939	-0.768	-0.558	-0.855	-0.936	-0.870	-0.648	-0.561	-0.888	-0.041	-0.661	-0.694	-0.720	-0.891	-0.929	-0.789	-0.604	-0.412	-0.349	-0.669	-0.174	-0.937	+0.032	+0.115	-0.891	-0.489	-0.795	-0.944	-0.836	-0.863	-0.933	-0.125	-0.115	-0.919	-0.705	-0.648	-0.852	-0.890	-0.931	-0.929	-0.920	-0.918	-0.925	-0.925	-0.905	-0.833	-0.926	-0.931	-0.922	-0.923	-0.924	-0.922	-0.934	-0.934	
rs4888649      -0.641	-0.634	-0.629	-0.513	-0.560	-0.430	-0.602	-0.593	-0.547	-0.559	-0.675	-0.573	-0.707	-0.673	-0.576	-0.676	-0.681	-0.682	-0.682	-0.682	-0.570	-0.723	-0.720	-0.190	-0.298	-0.721	-0.721	-0.721	-0.538	-0.305	-0.714	-0.339	-0.674	-0.354	-0.729	-0.702	-0.573	-0.631	-0.282	-0.296	-0.616	-0.714	-0.732	-0.878	-0.666	-0.898	-0.771	-0.541	-0.921	-0.817	-0.919	-0.522	-0.855	-0.923	-0.780	-0.788	-0.704	-0.890	-0.669	-0.914	-0.627	-0.324	-0.673	-0.818	-0.819	-0.815	-0.603	-0.765	-0.910	-0.360	-0.763	-0.070	-0.709	-0.812	-0.713	-0.817	-0.101	-0.653	-0.675	-0.702	-0.431	-0.901	-0.904	-0.927	-0.757	-0.932	-0.761	-0.551	-0.848	-0.929	-0.863	-0.639	-0.554	-0.882	-0.030	-0.653	-0.686	-0.713	-0.884	-0.922	-0.780	-0.597	-0.403	-0.339	-0.660	-0.166	-0.930	+0.040	+0.124	-0.884	-0.482	-0.788	-0.937	-0.828	-0.855	-0.926	-0.115	-0.105	-0.913	-0.698	-0.641	-0.845	-0.882	-0.924	-0.922	-0.913	-0.911	-0.918	-0.918	-0.898	-0.826	-0.919	-0.924	-0.915	-0.916	-0.917	-0.915	-0.927	-0.927	
rs12926254     -0.683	-0.659	-0.661	-0.590	-0.607	-0.602	-0.453	-0.555	-0.607	-0.585	-0.713	-0.598	-0.741	-0.711	-0.602	-0.714	-0.718	-0.718	-0.718	-0.719	-0.596	-0.746	-0.742	-0.219	-0.330	-0.744	-0.744	-0.744	-0.566	-0.337	-0.733	-0.370	-0.712	-0.384	-0.752	-0.725	-0.593	-0.654	-0.305	-0.318	-0.638	-0.738	-0.752	-0.899	-0.691	-0.918	-0.795	-0.565	-0.941	-0.840	-0.939	-0.545	-0.877	-0.943	-0.797	-0.810	-0.726	-0.911	-0.692	-0.935	-0.652	-0.349	-0.699	-0.838	-0.840	-0.836	-0.630	-0.790	-0.930	-0.392	-0.785	-0.105	-0.735	-0.833	-0.734	-0.837	-0.135	-0.678	-0.699	-0.728	-0.456	-0.921	-0.925	-0.948	-0.778	-0.952	-0.781	-0.573	-0.869	-0.950	-0.883	-0.666	-0.575	-0.902	-0.065	-0.675	-0.710	-0.735	-0.904	-0.943	-0.806	-0.619	-0.433	-0.371	-0.688	-0.189	-0.950	+0.016	+0.099	-0.904	-0.502	-0.810	-0.958	-0.849	-0.879	-0.947	-0.140	-0.130	-0.932	-0.718	-0.662	-0.864	-0.904	-0.944	-0.943	-0.933	-0.932	-0.938	-0.939	-0.919	-0.847	-0.940	-0.944	-0.935	-0.936	-0.937	-0.936	-0.947	-0.947	
rs12926267     -0.647	-0.641	-0.637	-0.529	-0.590	-0.593	-0.555	-0.433	-0.551	-0.562	-0.681	-0.575	-0.712	-0.679	-0.579	-0.682	-0.686	-0.687	-0.687	-0.688	-0.573	-0.726	-0.724	-0.195	-0.303	-0.725	-0.725	-0.725	-0.542	-0.310	-0.718	-0.344	-0.677	-0.358	-0.733	-0.700	-0.578	-0.633	-0.289	-0.302	-0.621	-0.717	-0.732	-0.878	-0.666	-0.898	-0.772	-0.542	-0.923	-0.818	-0.920	-0.522	-0.857	-0.925	-0.782	-0.789	-0.705	-0.891	-0.670	-0.916	-0.632	-0.327	-0.676	-0.820	-0.821	-0.817	-0.606	-0.768	-0.912	-0.363	-0.765	-0.074	-0.711	-0.813	-0.715	-0.819	-0.104	-0.655	-0.677	-0.704	-0.433	-0.903	-0.906	-0.929	-0.759	-0.934	-0.763	-0.553	-0.850	-0.931	-0.866	-0.641	-0.556	-0.884	-0.034	-0.656	-0.688	-0.715	-0.887	-0.924	-0.782	-0.599	-0.405	-0.342	-0.661	-0.169	-0.931	+0.037	+0.120	-0.886	-0.483	-0.789	-0.939	-0.830	-0.857	-0.928	-0.114	-0.104	-0.915	-0.701	-0.645	-0.847	-0.884	-0.926	-0.924	-0.915	-0.913	-0.920	-0.920	-0.900	-0.828	-0.921	-0.926	-0.917	-0.918	-0.919	-0.917	-0.929	-0.929	
rs11647915     -0.773	-0.612	-0.653	-0.795	-0.558	-0.547	-0.607	-0.551	-0.477	-0.618	-0.697	-0.629	-0.709	-0.698	-0.632	-0.699	-0.697	-0.696	-0.696	-0.696	-0.628	-0.758	-0.744	-0.269	-0.403	-0.752	-0.753	-0.752	-0.624	-0.410	-0.715	-0.443	-0.811	-0.456	-0.770	-0.782	-0.571	-0.685	-0.289	-0.303	-0.657	-0.788	-0.778	-0.932	-0.744	-0.950	-0.840	-0.610	-0.958	-0.880	-0.960	-0.584	-0.913	-0.961	-0.783	-0.844	-0.765	-0.941	-0.740	-0.959	-0.692	-0.387	-0.763	-0.848	-0.857	-0.856	-0.699	-0.845	-0.955	-0.475	-0.816	-0.202	-0.793	-0.861	-0.752	-0.848	-0.230	-0.731	-0.743	-0.786	-0.502	-0.943	-0.947	-0.969	-0.807	-0.974	-0.805	-0.609	-0.896	-0.972	-0.894	-0.728	-0.600	-0.920	-0.162	-0.704	-0.751	-0.769	-0.913	-0.967	-0.859	-0.657	-0.511	-0.452	-0.760	-0.220	-0.973	-0.015	+0.068	-0.924	-0.530	-0.848	-0.981	-0.878	-0.921	-0.968	-0.207	-0.198	-0.947	-0.733	-0.675	-0.877	-0.934	-0.966	-0.964	-0.955	-0.953	-0.959	-0.959	-0.942	-0.869	-0.963	-0.965	-0.956	-0.956	-0.958	-0.958	-0.969	-0.969	
rs9923521      -0.610	-0.568	-0.579	-0.631	-0.568	-0.559	-0.585	-0.562	-0.618	-0.257	-0.570	-0.359	-0.574	-0.571	-0.363	-0.571	-0.569	-0.568	-0.568	-0.568	-0.362	-0.600	-0.593	-0.065	-0.226	-0.597	-0.597	-0.597	-0.441	-0.234	-0.578	-0.270	-0.617	-0.284	-0.605	-0.576	-0.385	-0.463	-0.081	-0.096	-0.484	-0.595	-0.586	-0.721	-0.502	-0.741	-0.614	-0.368	-0.766	-0.661	-0.771	-0.363	-0.727	-0.773	-0.614	-0.636	-0.550	-0.743	-0.524	-0.766	-0.499	-0.193	-0.574	-0.660	-0.670	-0.669	-0.510	-0.656	-0.770	-0.288	-0.639	-0.016	-0.605	-0.673	-0.566	-0.660	-0.043	-0.549	-0.538	-0.599	-0.319	-0.762	-0.765	-0.784	-0.630	-0.787	-0.635	-0.437	-0.715	-0.783	-0.705	-0.541	-0.436	-0.744	+0.025	-0.501	-0.547	-0.594	-0.725	-0.781	-0.672	-0.484	-0.322	-0.263	-0.571	-0.015	-0.785	+0.198	+0.283	-0.735	-0.352	-0.666	-0.793	-0.699	-0.734	-0.778	+0.012	+0.022	-0.761	-0.530	-0.471	-0.685	-0.744	-0.775	-0.774	-0.763	-0.761	-0.770	-0.770	-0.746	-0.669	-0.770	-0.776	-0.767	-0.768	-0.768	-0.766	-0.778	-0.778	
rs7199659      -0.791	-0.704	-0.726	-0.800	-0.688	-0.675	-0.713	-0.681	-0.697	-0.570	-0.475	-0.584	-0.643	-0.596	-0.588	-0.599	-0.597	-0.597	-0.597	-0.598	-0.582	-0.755	-0.742	-0.187	-0.343	-0.750	-0.750	-0.750	-0.589	-0.351	-0.715	-0.389	-0.815	-0.403	-0.766	-0.778	-0.563	-0.678	-0.281	-0.295	-0.650	-0.779	-0.776	-0.928	-0.732	-0.946	-0.831	-0.603	-0.956	-0.872	-0.961	-0.580	-0.908	-0.961	-0.801	-0.840	-0.760	-0.938	-0.734	-0.959	-0.685	-0.375	-0.751	-0.846	-0.854	-0.853	-0.686	-0.835	-0.952	-0.456	-0.809	-0.179	-0.782	-0.856	-0.750	-0.846	-0.208	-0.721	-0.738	-0.775	-0.494	-0.941	-0.945	-0.968	-0.801	-0.972	-0.804	-0.599	-0.891	-0.970	-0.897	-0.716	-0.598	-0.921	-0.140	-0.697	-0.746	-0.762	-0.916	-0.965	-0.849	-0.648	-0.494	-0.434	-0.746	-0.215	-0.971	-0.009	+0.074	-0.924	-0.518	-0.841	-0.979	-0.875	-0.914	-0.967	-0.196	-0.186	-0.945	-0.729	-0.672	-0.878	-0.931	-0.965	-0.962	-0.954	-0.952	-0.958	-0.959	-0.941	-0.868	-0.962	-0.964	-0.955	-0.956	-0.957	-0.957	-0.968	-0.968	
rs61126528     -0.623	-0.580	-0.592	-0.644	-0.581	-0.573	-0.598	-0.575	-0.629	-0.359	-0.584	-0.271	-0.589	-0.585	-0.366	-0.585	-0.583	-0.582	-0.582	-0.582	-0.365	-0.612	-0.605	-0.055	-0.224	-0.609	-0.609	-0.609	-0.446	-0.232	-0.590	-0.270	-0.630	-0.284	-0.617	-0.589	-0.398	-0.477	-0.096	-0.111	-0.495	-0.607	-0.599	-0.734	-0.517	-0.755	-0.628	-0.383	-0.778	-0.675	-0.784	-0.378	-0.739	-0.785	-0.626	-0.649	-0.564	-0.756	-0.538	-0.779	-0.511	-0.206	-0.585	-0.673	-0.682	-0.681	-0.521	-0.667	-0.782	-0.299	-0.650	-0.026	-0.617	-0.685	-0.578	-0.673	-0.054	-0.560	-0.551	-0.610	-0.331	-0.774	-0.777	-0.796	-0.641	-0.799	-0.646	-0.448	-0.727	-0.795	-0.718	-0.552	-0.446	-0.756	+0.014	-0.514	-0.560	-0.605	-0.737	-0.793	-0.684	-0.495	-0.333	-0.274	-0.582	-0.028	-0.797	+0.185	+0.269	-0.747	-0.363	-0.678	-0.805	-0.710	-0.745	-0.791	-0.001	+0.009	-0.773	-0.543	-0.485	-0.698	-0.756	-0.787	-0.787	-0.775	-0.774	-0.782	-0.783	-0.759	-0.682	-0.783	-0.788	-0.779	-0.780	-0.780	-0.778	-0.791	-0.790	
rs8050024      -0.805	-0.727	-0.747	-0.811	-0.718	-0.707	-0.741	-0.712	-0.709	-0.574	-0.643	-0.589	-0.491	-0.642	-0.593	-0.645	-0.647	-0.648	-0.648	-0.648	-0.586	-0.774	-0.763	-0.184	-0.342	-0.770	-0.770	-0.769	-0.594	-0.350	-0.738	-0.389	-0.827	-0.404	-0.777	-0.790	-0.580	-0.692	-0.298	-0.312	-0.663	-0.791	-0.791	-0.942	-0.747	-0.960	-0.845	-0.618	-0.972	-0.887	-0.975	-0.593	-0.920	-0.976	-0.818	-0.854	-0.774	-0.952	-0.748	-0.972	-0.697	-0.392	-0.761	-0.862	-0.869	-0.867	-0.695	-0.846	-0.965	-0.464	-0.822	-0.185	-0.792	-0.869	-0.765	-0.862	-0.214	-0.730	-0.750	-0.785	-0.506	-0.955	-0.959	-0.981	-0.815	-0.986	-0.816	-0.613	-0.905	-0.984	-0.911	-0.726	-0.610	-0.934	-0.146	-0.712	-0.758	-0.775	-0.931	-0.978	-0.860	-0.661	-0.502	-0.442	-0.755	-0.230	-0.985	-0.025	+0.058	-0.938	-0.535	-0.854	-0.992	-0.888	-0.925	-0.981	-0.207	-0.198	-0.960	-0.744	-0.687	-0.892	-0.944	-0.979	-0.976	-0.968	-0.966	-0.972	-0.973	-0.955	-0.882	-0.976	-0.978	-0.969	-0.970	-0.971	-0.971	-0.982	-0.982	
rs12927636     -0.791	-0.702	-0.724	-0.799	-0.686	-0.673	-0.711	-0.679	-0.698	-0.571	-0.596	-0.585	-0.642	-0.474	-0.589	-0.598	-0.596	-0.596	-0.596	-0.596	-0.583	-0.753	-0.741	-0.189	-0.344	-0.749	-0.749	-0.749	-0.589	-0.352	-0.714	-0.390	-0.814	-0.404	-0.765	-0.777	-0.561	-0.677	-0.279	-0.294	-0.649	-0.779	-0.775	-0.927	-0.731	-0.945	-0.830	-0.602	-0.955	-0.871	-0.961	-0.579	-0.907	-0.960	-0.799	-0.839	-0.759	-0.937	-0.733	-0.958	-0.684	-0.374	-0.751	-0.845	-0.854	-0.852	-0.685	-0.834	-0.951	-0.456	-0.808	-0.179	-0.781	-0.855	-0.749	-0.845	-0.208	-0.721	-0.737	-0.775	-0.494	-0.941	-0.945	-0.967	-0.800	-0.972	-0.803	-0.599	-0.890	-0.969	-0.896	-0.716	-0.597	-0.920	-0.140	-0.696	-0.745	-0.761	-0.915	-0.964	-0.849	-0.647	-0.494	-0.434	-0.746	-0.214	-0.970	-0.009	+0.074	-0.923	-0.517	-0.840	-0.978	-0.874	-0.914	-0.966	-0.195	-0.185	-0.944	-0.728	-0.670	-0.877	-0.930	-0.964	-0.961	-0.953	-0.951	-0.957	-0.958	-0.940	-0.867	-0.961	-0.963	-0.954	-0.955	-0.956	-0.956	-0.967	-0.967	
rs16972369     -0.626	-0.583	-0.595	-0.647	-0.585	-0.576	-0.602	-0.579	-0.632	-0.363	-0.588	-0.366	-0.593	-0.589	-0.275	-0.589	-0.587	-0.586	-0.586	-0.586	-0.368	-0.616	-0.608	-0.054	-0.224	-0.612	-0.612	-0.612	-0.448	-0.232	-0.593	-0.270	-0.634	-0.284	-0.621	-0.593	-0.402	-0.481	-0.100	-0.115	-0.498	-0.610	-0.602	-0.738	-0.520	-0.758	-0.631	-0.387	-0.781	-0.678	-0.787	-0.381	-0.742	-0.789	-0.630	-0.652	-0.567	-0.759	-0.542	-0.782	-0.514	-0.209	-0.588	-0.677	-0.686	-0.684	-0.524	-0.670	-0.785	-0.302	-0.653	-0.029	-0.620	-0.688	-0.582	-0.677	-0.057	-0.563	-0.554	-0.613	-0.334	-0.777	-0.780	-0.799	-0.644	-0.802	-0.648	-0.451	-0.730	-0.798	-0.721	-0.555	-0.449	-0.759	+0.011	-0.517	-0.564	-0.608	-0.740	-0.796	-0.687	-0.498	-0.336	-0.277	-0.585	-0.031	-0.800	+0.181	+0.266	-0.750	-0.366	-0.681	-0.808	-0.713	-0.748	-0.794	-0.004	+0.005	-0.776	-0.546	-0.488	-0.702	-0.759	-0.790	-0.790	-0.778	-0.777	-0.785	-0.786	-0.762	-0.685	-0.786	-0.791	-0.783	-0.783	-0.783	-0.781	-0.794	-0.794	
rs7206578      -0.792	-0.704	-0.726	-0.800	-0.689	-0.676	-0.714	-0.682	-0.699	-0.571	-0.599	-0.585	-0.645	-0.598	-0.589	-0.476	-0.599	-0.599	-0.599	-0.599	-0.583	-0.755	-0.743	-0.188	-0.343	-0.751	-0.751	-0.750	-0.589	-0.351	-0.716	-0.389	-0.815	-0.404	-0.767	-0.778	-0.563	-0.679	-0.281	-0.296	-0.650	-0.780	-0.777	-0.928	-0.733	-0.946	-0.831	-0.604	-0.957	-0.873	-0.962	-0.580	-0.908	-0.962	-0.801	-0.840	-0.760	-0.939	-0.734	-0.959	-0.685	-0.376	-0.751	-0.847	-0.855	-0.853	-0.686	-0.835	-0.952	-0.457	-0.809	-0.180	-0.782	-0.856	-0.751	-0.847	-0.209	-0.721	-0.738	-0.775	-0.495	-0.942	-0.946	-0.968	-0.801	-0.973	-0.804	-0.600	-0.891	-0.971	-0.897	-0.716	-0.598	-0.922	-0.140	-0.698	-0.746	-0.762	-0.917	-0.965	-0.850	-0.648	-0.494	-0.435	-0.747	-0.215	-0.972	-0.010	+0.073	-0.924	-0.519	-0.841	-0.979	-0.875	-0.915	-0.967	-0.196	-0.186	-0.945	-0.729	-0.672	-0.878	-0.931	-0.965	-0.963	-0.955	-0.953	-0.958	-0.959	-0.941	-0.868	-0.962	-0.964	-0.955	-0.956	-0.958	-0.957	-0.968	-0.968	
rs7192200      -0.793	-0.707	-0.729	-0.801	-0.693	-0.681	-0.718	-0.686	-0.697	-0.569	-0.597	-0.583	-0.647	-0.596	-0.587	-0.599	-0.478	-0.598	-0.598	-0.599	-0.581	-0.758	-0.745	-0.183	-0.340	-0.753	-0.753	-0.753	-0.588	-0.348	-0.719	-0.386	-0.816	-0.401	-0.769	-0.779	-0.567	-0.681	-0.285	-0.299	-0.652	-0.781	-0.778	-0.930	-0.734	-0.948	-0.833	-0.605	-0.959	-0.874	-0.964	-0.582	-0.910	-0.964	-0.803	-0.842	-0.762	-0.940	-0.736	-0.961	-0.687	-0.377	-0.752	-0.849	-0.857	-0.855	-0.687	-0.836	-0.954	-0.457	-0.811	-0.180	-0.783	-0.858	-0.753	-0.849	-0.208	-0.722	-0.739	-0.776	-0.496	-0.943	-0.947	-0.970	-0.803	-0.975	-0.805	-0.601	-0.893	-0.972	-0.899	-0.717	-0.599	-0.923	-0.140	-0.700	-0.747	-0.763	-0.919	-0.967	-0.851	-0.650	-0.495	-0.435	-0.747	-0.217	-0.973	-0.012	+0.071	-0.926	-0.521	-0.843	-0.981	-0.877	-0.916	-0.969	-0.197	-0.187	-0.947	-0.731	-0.674	-0.880	-0.933	-0.967	-0.965	-0.956	-0.954	-0.960	-0.961	-0.943	-0.870	-0.964	-0.966	-0.957	-0.958	-0.959	-0.959	-0.970	-0.970	
rs7196975      -0.793	-0.708	-0.729	-0.801	-0.694	-0.682	-0.718	-0.687	-0.696	-0.568	-0.597	-0.582	-0.648	-0.596	-0.586	-0.599	-0.598	-0.478	-0.599	-0.599	-0.580	-0.758	-0.746	-0.182	-0.339	-0.753	-0.754	-0.753	-0.588	-0.347	-0.720	-0.386	-0.816	-0.400	-0.769	-0.780	-0.567	-0.682	-0.285	-0.300	-0.652	-0.781	-0.779	-0.930	-0.735	-0.948	-0.833	-0.605	-0.959	-0.875	-0.964	-0.582	-0.910	-0.964	-0.804	-0.842	-0.762	-0.941	-0.736	-0.961	-0.687	-0.378	-0.752	-0.849	-0.857	-0.855	-0.687	-0.836	-0.954	-0.457	-0.811	-0.180	-0.783	-0.858	-0.753	-0.849	-0.208	-0.722	-0.739	-0.776	-0.496	-0.944	-0.948	-0.970	-0.803	-0.975	-0.806	-0.601	-0.893	-0.973	-0.899	-0.717	-0.599	-0.923	-0.140	-0.700	-0.748	-0.764	-0.919	-0.967	-0.851	-0.650	-0.495	-0.435	-0.747	-0.218	-0.973	-0.012	+0.071	-0.926	-0.521	-0.843	-0.981	-0.877	-0.916	-0.969	-0.197	-0.188	-0.947	-0.732	-0.675	-0.880	-0.933	-0.967	-0.965	-0.957	-0.955	-0.960	-0.961	-0.943	-0.870	-0.964	-0.967	-0.957	-0.958	-0.960	-0.959	-0.970	-0.970	
rs7184115      -0.793	-0.708	-0.730	-0.801	-0.694	-0.682	-0.718	-0.687	-0.696	-0.568	-0.597	-0.582	-0.648	-0.596	-0.586	-0.599	-0.598	-0.599	-0.478	-0.599	-0.580	-0.758	-0.746	-0.182	-0.339	-0.754	-0.754	-0.753	-0.588	-0.347	-0.720	-0.385	-0.816	-0.400	-0.769	-0.780	-0.567	-0.682	-0.286	-0.300	-0.652	-0.781	-0.779	-0.930	-0.735	-0.948	-0.833	-0.605	-0.959	-0.875	-0.964	-0.582	-0.910	-0.964	-0.804	-0.842	-0.762	-0.941	-0.736	-0.961	-0.687	-0.378	-0.752	-0.849	-0.857	-0.855	-0.687	-0.836	-0.954	-0.457	-0.811	-0.179	-0.783	-0.858	-0.753	-0.849	-0.208	-0.722	-0.740	-0.776	-0.496	-0.944	-0.948	-0.970	-0.803	-0.975	-0.806	-0.601	-0.893	-0.973	-0.900	-0.717	-0.599	-0.923	-0.140	-0.700	-0.748	-0.764	-0.919	-0.967	-0.851	-0.650	-0.495	-0.435	-0.747	-0.218	-0.973	-0.012	+0.071	-0.926	-0.521	-0.843	-0.981	-0.877	-0.916	-0.969	-0.197	-0.188	-0.947	-0.732	-0.675	-0.880	-0.933	-0.967	-0.965	-0.957	-0.955	-0.960	-0.961	-0.943	-0.870	-0.964	-0.967	-0.957	-0.958	-0.960	-0.959	-0.971	-0.970	
rs7205922      -0.793	-0.708	-0.730	-0.801	-0.694	-0.682	-0.719	-0.688	-0.696	-0.568	-0.598	-0.582	-0.648	-0.596	-0.586	-0.599	-0.599	-0.599	-0.599	-0.478	-0.580	-0.758	-0.746	-0.181	-0.339	-0.754	-0.754	-0.753	-0.587	-0.347	-0.720	-0.385	-0.816	-0.400	-0.769	-0.780	-0.568	-0.682	-0.286	-0.300	-0.652	-0.781	-0.779	-0.930	-0.735	-0.948	-0.833	-0.606	-0.959	-0.875	-0.964	-0.582	-0.910	-0.964	-0.804	-0.843	-0.762	-0.941	-0.736	-0.961	-0.687	-0.378	-0.752	-0.849	-0.857	-0.855	-0.687	-0.836	-0.954	-0.457	-0.811	-0.179	-0.783	-0.858	-0.753	-0.849	-0.208	-0.722	-0.740	-0.777	-0.496	-0.944	-0.948	-0.970	-0.803	-0.975	-0.806	-0.601	-0.893	-0.973	-0.900	-0.717	-0.599	-0.923	-0.140	-0.700	-0.748	-0.764	-0.919	-0.967	-0.851	-0.650	-0.495	-0.435	-0.747	-0.218	-0.974	-0.012	+0.071	-0.926	-0.521	-0.843	-0.981	-0.877	-0.916	-0.969	-0.197	-0.188	-0.947	-0.732	-0.675	-0.881	-0.933	-0.968	-0.965	-0.957	-0.955	-0.960	-0.961	-0.944	-0.870	-0.964	-0.967	-0.957	-0.958	-0.960	-0.959	-0.971	-0.970	
rs73599967     -0.620	-0.578	-0.590	-0.641	-0.579	-0.570	-0.596	-0.573	-0.628	-0.362	-0.582	-0.365	-0.586	-0.583	-0.368	-0.583	-0.581	-0.580	-0.580	-0.580	-0.268	-0.610	-0.603	-0.056	-0.224	-0.607	-0.607	-0.607	-0.445	-0.232	-0.588	-0.269	-0.628	-0.283	-0.615	-0.587	-0.396	-0.475	-0.093	-0.109	-0.493	-0.605	-0.597	-0.732	-0.514	-0.752	-0.625	-0.380	-0.776	-0.672	-0.781	-0.375	-0.736	-0.783	-0.624	-0.647	-0.561	-0.753	-0.535	-0.777	-0.508	-0.203	-0.583	-0.671	-0.680	-0.679	-0.519	-0.665	-0.779	-0.297	-0.648	-0.024	-0.615	-0.683	-0.576	-0.671	-0.052	-0.558	-0.549	-0.608	-0.328	-0.771	-0.775	-0.794	-0.639	-0.797	-0.644	-0.446	-0.725	-0.793	-0.715	-0.550	-0.444	-0.754	+0.016	-0.511	-0.558	-0.603	-0.735	-0.791	-0.682	-0.493	-0.331	-0.272	-0.580	-0.024	-0.795	+0.189	+0.273	-0.745	-0.361	-0.676	-0.803	-0.708	-0.743	-0.788	+0.001	+0.011	-0.771	-0.541	-0.482	-0.696	-0.754	-0.785	-0.785	-0.773	-0.771	-0.780	-0.780	-0.757	-0.679	-0.780	-0.786	-0.777	-0.778	-0.778	-0.776	-0.788	-0.788	
rs1492561      -0.749	-0.699	-0.711	-0.763	-0.730	-0.723	-0.746	-0.726	-0.758	-0.600	-0.755	-0.612	-0.774	-0.753	-0.616	-0.755	-0.758	-0.758	-0.758	-0.758	-0.610	-0.451	-0.571	-0.231	-0.359	-0.588	-0.589	-0.590	-0.586	-0.366	-0.552	-0.398	-0.681	-0.411	-0.628	-0.743	-0.585	-0.662	-0.300	-0.314	-0.633	-0.746	-0.751	-0.904	-0.704	-0.924	-0.807	-0.575	-0.938	-0.849	-0.940	-0.554	-0.875	-0.942	-0.788	-0.812	-0.730	-0.912	-0.699	-0.936	-0.654	-0.358	-0.709	-0.835	-0.838	-0.836	-0.641	-0.798	-0.929	-0.404	-0.784	-0.120	-0.742	-0.834	-0.729	-0.834	-0.149	-0.689	-0.702	-0.736	-0.468	-0.918	-0.922	-0.945	-0.777	-0.950	-0.779	-0.573	-0.868	-0.948	-0.879	-0.674	-0.572	-0.898	-0.080	-0.667	-0.712	-0.738	-0.899	-0.942	-0.821	-0.623	-0.444	-0.382	-0.714	-0.189	-0.949	+0.017	+0.100	-0.902	-0.500	-0.817	-0.957	-0.851	-0.887	-0.943	-0.153	-0.143	-0.928	-0.714	-0.657	-0.860	-0.907	-0.942	-0.940	-0.931	-0.929	-0.936	-0.936	-0.917	-0.846	-0.938	-0.942	-0.933	-0.934	-0.935	-0.934	-0.945	-0.945	
rs2639317      -0.737	-0.695	-0.706	-0.750	-0.727	-0.720	-0.742	-0.724	-0.744	-0.593	-0.742	-0.605	-0.763	-0.741	-0.608	-0.743	-0.745	-0.746	-0.746	-0.746	-0.603	-0.571	-0.442	-0.227	-0.354	-0.573	-0.573	-0.575	-0.580	-0.361	-0.565	-0.393	-0.654	-0.406	-0.615	-0.732	-0.580	-0.651	-0.294	-0.307	-0.626	-0.735	-0.742	-0.895	-0.693	-0.916	-0.798	-0.565	-0.930	-0.840	-0.931	-0.542	-0.864	-0.933	-0.783	-0.802	-0.719	-0.903	-0.687	-0.928	-0.644	-0.354	-0.696	-0.828	-0.830	-0.827	-0.628	-0.786	-0.921	-0.390	-0.776	-0.104	-0.731	-0.825	-0.721	-0.826	-0.133	-0.680	-0.691	-0.724	-0.461	-0.911	-0.915	-0.938	-0.769	-0.942	-0.774	-0.565	-0.860	-0.940	-0.872	-0.662	-0.567	-0.891	-0.064	-0.656	-0.701	-0.732	-0.891	-0.934	-0.812	-0.618	-0.430	-0.368	-0.704	-0.180	-0.941	+0.027	+0.110	-0.894	-0.493	-0.810	-0.949	-0.844	-0.878	-0.935	-0.140	-0.130	-0.920	-0.705	-0.648	-0.852	-0.898	-0.934	-0.932	-0.923	-0.921	-0.928	-0.928	-0.908	-0.837	-0.929	-0.934	-0.925	-0.926	-0.927	-0.925	-0.937	-0.937	
rs6564491      -0.230	-0.203	-0.212	-0.256	-0.199	-0.190	-0.219	-0.195	-0.269	-0.065	-0.187	-0.055	-0.184	-0.189	-0.054	-0.188	-0.183	-0.182	-0.182	-0.181	-0.056	-0.231	-0.227	+0.152	-0.014	-0.229	-0.229	-0.229	+0.042	-0.016	-0.217	-0.030	-0.223	-0.033	-0.235	-0.189	-0.042	-0.106	+0.269	+0.253	-0.164	-0.254	-0.213	-0.310	-0.043	-0.337	-0.186	+0.091	-0.383	-0.244	-0.399	-0.005	-0.384	-0.410	-0.272	-0.271	-0.185	-0.381	-0.166	-0.408	-0.153	+0.104	-0.250	-0.290	-0.302	-0.302	-0.191	-0.323	-0.417	+0.009	-0.316	+0.266	-0.281	-0.309	-0.195	-0.290	+0.241	-0.237	-0.157	-0.274	-0.004	-0.415	-0.417	-0.426	-0.306	-0.426	-0.318	-0.136	-0.378	-0.418	-0.324	-0.222	-0.142	-0.405	+0.307	-0.116	-0.168	-0.280	-0.340	-0.425	-0.342	-0.183	-0.019	+0.037	-0.257	+0.368	-0.422	+0.594	+0.682	-0.365	-0.065	-0.342	-0.430	-0.369	-0.393	-0.411	+0.374	+0.383	-0.401	-0.131	-0.071	-0.302	-0.388	-0.405	-0.410	-0.391	-0.389	-0.405	-0.405	-0.369	-0.273	-0.399	-0.411	-0.403	-0.404	-0.400	-0.393	-0.410	-0.410	
rs1492562      -0.358	-0.330	-0.339	-0.394	-0.308	-0.298	-0.330	-0.303	-0.403	-0.226	-0.343	-0.224	-0.342	-0.344	-0.224	-0.343	-0.340	-0.339	-0.339	-0.339	-0.224	-0.359	-0.354	-0.014	+0.006	-0.356	-0.356	-0.356	+0.021	-0.067	-0.343	-0.101	-0.353	-0.107	-0.362	-0.319	-0.180	-0.245	+0.122	+0.107	-0.287	-0.378	-0.341	-0.439	-0.178	-0.464	-0.317	-0.044	-0.509	-0.374	-0.524	-0.144	-0.508	-0.535	-0.404	-0.406	-0.323	-0.510	-0.304	-0.534	-0.278	-0.031	-0.372	-0.420	-0.430	-0.429	-0.314	-0.446	-0.541	-0.112	-0.438	+0.145	-0.403	-0.434	-0.323	-0.420	+0.120	-0.358	-0.287	-0.397	-0.142	-0.539	-0.541	-0.550	-0.428	-0.550	-0.439	-0.257	-0.500	-0.542	-0.451	-0.344	-0.262	-0.527	+0.186	-0.247	-0.297	-0.401	-0.467	-0.549	-0.465	-0.304	-0.141	-0.085	-0.379	+0.226	-0.546	+0.444	+0.530	-0.490	-0.189	-0.465	-0.554	-0.492	-0.517	-0.536	+0.236	+0.245	-0.527	-0.261	-0.201	-0.428	-0.515	-0.529	-0.534	-0.514	-0.512	-0.530	-0.529	-0.490	-0.394	-0.522	-0.536	-0.528	-0.529	-0.524	-0.516	-0.533	-0.533	
rs2639314      -0.744	-0.697	-0.709	-0.758	-0.728	-0.721	-0.744	-0.725	-0.752	-0.597	-0.750	-0.609	-0.770	-0.749	-0.612	-0.751	-0.753	-0.753	-0.754	-0.754	-0.607	-0.588	-0.573	-0.229	-0.356	-0.447	-0.564	-0.566	-0.583	-0.363	-0.540	-0.395	-0.667	-0.408	-0.619	-0.738	-0.582	-0.657	-0.297	-0.310	-0.630	-0.741	-0.747	-0.901	-0.700	-0.920	-0.803	-0.571	-0.934	-0.845	-0.936	-0.549	-0.871	-0.938	-0.785	-0.808	-0.726	-0.908	-0.695	-0.933	-0.650	-0.356	-0.704	-0.832	-0.835	-0.832	-0.636	-0.793	-0.926	-0.399	-0.781	-0.115	-0.738	-0.830	-0.726	-0.831	-0.144	-0.686	-0.697	-0.731	-0.465	-0.915	-0.919	-0.942	-0.774	-0.946	-0.776	-0.570	-0.864	-0.945	-0.876	-0.669	-0.570	-0.895	-0.074	-0.663	-0.707	-0.735	-0.895	-0.938	-0.817	-0.621	-0.438	-0.377	-0.709	-0.185	-0.945	+0.022	+0.105	-0.899	-0.497	-0.814	-0.953	-0.848	-0.884	-0.940	-0.148	-0.138	-0.924	-0.710	-0.653	-0.856	-0.903	-0.938	-0.937	-0.927	-0.926	-0.932	-0.933	-0.913	-0.842	-0.934	-0.938	-0.929	-0.930	-0.931	-0.930	-0.942	-0.941	
rs2639313      -0.744	-0.697	-0.709	-0.758	-0.728	-0.721	-0.744	-0.725	-0.753	-0.597	-0.750	-0.609	-0.770	-0.749	-0.612	-0.751	-0.753	-0.754	-0.754	-0.754	-0.607	-0.589	-0.573	-0.229	-0.356	-0.564	-0.447	-0.566	-0.583	-0.363	-0.539	-0.395	-0.668	-0.409	-0.619	-0.739	-0.582	-0.657	-0.297	-0.311	-0.630	-0.741	-0.747	-0.901	-0.700	-0.921	-0.803	-0.571	-0.934	-0.846	-0.936	-0.549	-0.871	-0.938	-0.785	-0.808	-0.726	-0.908	-0.695	-0.933	-0.650	-0.356	-0.704	-0.832	-0.835	-0.832	-0.636	-0.793	-0.926	-0.399	-0.781	-0.115	-0.738	-0.830	-0.726	-0.831	-0.144	-0.686	-0.697	-0.731	-0.465	-0.915	-0.919	-0.942	-0.774	-0.946	-0.777	-0.570	-0.864	-0.945	-0.876	-0.670	-0.570	-0.895	-0.075	-0.663	-0.708	-0.735	-0.895	-0.938	-0.817	-0.621	-0.439	-0.377	-0.710	-0.185	-0.945	+0.021	+0.105	-0.899	-0.497	-0.814	-0.953	-0.848	-0.884	-0.940	-0.148	-0.138	-0.924	-0.710	-0.653	-0.857	-0.903	-0.938	-0.937	-0.928	-0.926	-0.932	-0.933	-0.913	-0.842	-0.934	-0.938	-0.929	-0.930	-0.931	-0.930	-0.942	-0.941	
rs2729609      -0.744	-0.697	-0.709	-0.758	-0.728	-0.721	-0.744	-0.725	-0.752	-0.597	-0.750	-0.609	-0.769	-0.749	-0.612	-0.750	-0.753	-0.753	-0.753	-0.753	-0.607	-0.590	-0.575	-0.229	-0.356	-0.566	-0.566	-0.447	-0.583	-0.363	-0.544	-0.395	-0.667	-0.409	-0.620	-0.738	-0.582	-0.657	-0.297	-0.311	-0.630	-0.741	-0.747	-0.901	-0.700	-0.920	-0.803	-0.571	-0.934	-0.845	-0.936	-0.549	-0.871	-0.938	-0.785	-0.808	-0.726	-0.908	-0.695	-0.933	-0.650	-0.356	-0.704	-0.832	-0.835	-0.832	-0.636	-0.793	-0.926	-0.399	-0.781	-0.114	-0.738	-0.830	-0.726	-0.831	-0.143	-0.686	-0.697	-0.731	-0.465	-0.915	-0.919	-0.942	-0.774	-0.946	-0.777	-0.570	-0.864	-0.945	-0.876	-0.669	-0.570	-0.895	-0.074	-0.663	-0.707	-0.735	-0.895	-0.938	-0.817	-0.621	-0.438	-0.377	-0.709	-0.185	-0.945	+0.022	+0.105	-0.899	-0.497	-0.814	-0.953	-0.848	-0.884	-0.940	-0.148	-0.138	-0.924	-0.710	-0.653	-0.856	-0.903	-0.938	-0.937	-0.927	-0.926	-0.932	-0.933	-0.913	-0.842	-0.934	-0.938	-0.929	-0.930	-0.931	-0.930	-0.942	-0.941	
rs1038867      -0.592	-0.555	-0.566	-0.619	-0.547	-0.538	-0.566	-0.542	-0.624	-0.441	-0.589	-0.446	-0.594	-0.589	-0.448	-0.589	-0.588	-0.588	-0.588	-0.587	-0.445	-0.586	-0.580	+0.042	+0.021	-0.583	-0.583	-0.583	-0.245	+0.002	-0.566	-0.132	-0.595	-0.161	-0.591	-0.557	-0.398	-0.470	-0.101	-0.116	-0.487	-0.590	-0.571	-0.690	-0.455	-0.712	-0.578	-0.323	-0.744	-0.629	-0.754	-0.370	-0.720	-0.760	-0.616	-0.631	-0.548	-0.733	-0.526	-0.757	-0.493	-0.218	-0.574	-0.649	-0.657	-0.655	-0.512	-0.653	-0.759	-0.298	-0.639	-0.031	-0.605	-0.659	-0.552	-0.648	-0.058	-0.553	-0.522	-0.599	-0.332	-0.753	-0.756	-0.771	-0.629	-0.774	-0.636	-0.445	-0.710	-0.768	-0.685	-0.543	-0.446	-0.738	+0.008	-0.483	-0.532	-0.597	-0.703	-0.769	-0.670	-0.492	-0.330	-0.273	-0.576	-0.007	-0.771	+0.205	+0.289	-0.718	-0.372	-0.668	-0.779	-0.698	-0.729	-0.763	+0.011	+0.021	-0.750	-0.506	-0.448	-0.664	-0.734	-0.757	-0.760	-0.744	-0.743	-0.755	-0.755	-0.725	-0.640	-0.752	-0.761	-0.753	-0.754	-0.751	-0.747	-0.761	-0.761	
rs1038865      -0.366	-0.338	-0.346	-0.401	-0.315	-0.305	-0.337	-0.310	-0.410	-0.234	-0.351	-0.232	-0.350	-0.352	-0.232	-0.351	-0.348	-0.347	-0.347	-0.347	-0.232	-0.366	-0.361	-0.016	-0.067	-0.363	-0.363	-0.363	+0.002	-0.002	-0.350	-0.106	-0.361	-0.113	-0.370	-0.326	-0.187	-0.252	+0.115	+0.100	-0.293	-0.385	-0.348	-0.447	-0.186	-0.472	-0.325	-0.053	-0.516	-0.382	-0.531	-0.152	-0.515	-0.543	-0.411	-0.413	-0.330	-0.517	-0.311	-0.542	-0.285	-0.037	-0.379	-0.427	-0.437	-0.436	-0.320	-0.453	-0.548	-0.119	-0.444	+0.139	-0.410	-0.441	-0.331	-0.427	+0.114	-0.364	-0.294	-0.403	-0.149	-0.545	-0.548	-0.557	-0.434	-0.557	-0.445	-0.263	-0.507	-0.549	-0.458	-0.351	-0.268	-0.534	+0.179	-0.254	-0.304	-0.407	-0.474	-0.556	-0.471	-0.310	-0.147	-0.092	-0.386	+0.219	-0.554	+0.437	+0.523	-0.497	-0.195	-0.472	-0.561	-0.499	-0.524	-0.543	+0.228	+0.237	-0.534	-0.268	-0.209	-0.435	-0.522	-0.536	-0.541	-0.521	-0.520	-0.537	-0.536	-0.498	-0.401	-0.529	-0.543	-0.535	-0.536	-0.531	-0.524	-0.540	-0.540	
rs2729608      -0.711	-0.686	-0.691	-0.722	-0.720	-0.714	-0.733	-0.718	-0.715	-0.578	-0.715	-0.590	-0.738	-0.714	-0.593	-0.716	-0.719	-0.720	-0.720	-0.720	-0.588	-0.552	-0.565	-0.217	-0.343	-0.540	-0.539	-0.544	-0.566	-0.350	-0.422	-0.382	-0.573	-0.395	-0.578	-0.709	-0.567	-0.631	-0.282	-0.296	-0.611	-0.710	-0.723	-0.877	-0.672	-0.897	-0.777	-0.544	-0.913	-0.820	-0.914	-0.523	-0.843	-0.916	-0.771	-0.778	-0.694	-0.882	-0.660	-0.910	-0.622	-0.345	-0.667	-0.811	-0.812	-0.809	-0.602	-0.763	-0.904	-0.362	-0.759	-0.069	-0.706	-0.805	-0.704	-0.809	-0.099	-0.662	-0.666	-0.701	-0.446	-0.897	-0.900	-0.922	-0.752	-0.926	-0.762	-0.548	-0.843	-0.923	-0.856	-0.633	-0.559	-0.877	-0.025	-0.628	-0.678	-0.722	-0.873	-0.919	-0.795	-0.609	-0.397	-0.334	-0.685	-0.160	-0.924	+0.048	+0.131	-0.877	-0.477	-0.797	-0.932	-0.829	-0.860	-0.918	-0.111	-0.101	-0.905	-0.686	-0.625	-0.834	-0.879	-0.916	-0.915	-0.905	-0.903	-0.911	-0.911	-0.890	-0.818	-0.912	-0.917	-0.908	-0.909	-0.909	-0.908	-0.919	-0.919	
rs28692599     -0.400	-0.369	-0.379	-0.433	-0.349	-0.339	-0.370	-0.344	-0.443	-0.270	-0.389	-0.270	-0.389	-0.390	-0.270	-0.389	-0.386	-0.386	-0.385	-0.385	-0.269	-0.398	-0.393	-0.030	-0.101	-0.395	-0.395	-0.395	-0.132	-0.106	-0.382	-0.037	-0.395	-0.117	-0.402	-0.361	-0.219	-0.285	+0.082	+0.068	-0.323	-0.416	-0.381	-0.481	-0.222	-0.506	-0.360	-0.089	-0.549	-0.416	-0.564	-0.184	-0.545	-0.574	-0.442	-0.444	-0.363	-0.549	-0.344	-0.573	-0.316	-0.066	-0.410	-0.459	-0.469	-0.468	-0.350	-0.483	-0.579	-0.149	-0.474	+0.110	-0.440	-0.473	-0.363	-0.459	+0.084	-0.395	-0.327	-0.434	-0.176	-0.576	-0.579	-0.588	-0.465	-0.589	-0.475	-0.293	-0.538	-0.581	-0.490	-0.381	-0.297	-0.565	+0.150	-0.287	-0.338	-0.437	-0.506	-0.587	-0.502	-0.339	-0.177	-0.122	-0.416	+0.186	-0.585	+0.404	+0.489	-0.529	-0.224	-0.503	-0.593	-0.529	-0.555	-0.575	+0.194	+0.203	-0.566	-0.301	-0.241	-0.467	-0.553	-0.568	-0.573	-0.553	-0.552	-0.569	-0.568	-0.530	-0.435	-0.561	-0.574	-0.567	-0.568	-0.563	-0.555	-0.572	-0.572	
rs328350       -0.728	-0.642	-0.677	-0.817	-0.683	-0.674	-0.712	-0.677	-0.811	-0.617	-0.815	-0.630	-0.827	-0.814	-0.634	-0.815	-0.816	-0.816	-0.816	-0.816	-0.628	-0.681	-0.654	-0.223	-0.353	-0.667	-0.668	-0.667	-0.595	-0.361	-0.573	-0.395	-0.483	-0.408	-0.700	-0.774	-0.618	-0.710	-0.337	-0.350	-0.667	-0.793	-0.769	-0.938	-0.751	-0.957	-0.845	-0.614	-0.967	-0.885	-0.963	-0.588	-0.918	-0.968	-0.774	-0.853	-0.775	-0.947	-0.751	-0.962	-0.696	-0.372	-0.767	-0.857	-0.865	-0.864	-0.703	-0.848	-0.960	-0.476	-0.821	-0.202	-0.796	-0.867	-0.757	-0.857	-0.231	-0.724	-0.748	-0.789	-0.491	-0.941	-0.945	-0.970	-0.812	-0.975	-0.797	-0.613	-0.901	-0.976	-0.899	-0.732	-0.584	-0.916	-0.163	-0.710	-0.755	-0.761	-0.927	-0.969	-0.857	-0.647	-0.514	-0.455	-0.758	-0.226	-0.976	-0.023	+0.060	-0.928	-0.542	-0.845	-0.984	-0.876	-0.922	-0.972	-0.214	-0.205	-0.954	-0.749	-0.695	-0.890	-0.936	-0.971	-0.967	-0.961	-0.959	-0.963	-0.963	-0.950	-0.878	-0.969	-0.969	-0.959	-0.960	-0.963	-0.963	-0.974	-0.974	
rs28478605     -0.413	-0.383	-0.392	-0.446	-0.364	-0.354	-0.384	-0.358	-0.456	-0.284	-0.403	-0.284	-0.404	-0.404	-0.284	-0.404	-0.401	-0.400	-0.400	-0.400	-0.283	-0.411	-0.406	-0.033	-0.107	-0.408	-0.409	-0.409	-0.161	-0.113	-0.395	-0.117	-0.408	-0.052	-0.415	-0.374	-0.232	-0.298	+0.069	+0.054	-0.335	-0.428	-0.394	-0.495	-0.238	-0.520	-0.374	-0.105	-0.562	-0.431	-0.577	-0.197	-0.558	-0.587	-0.455	-0.457	-0.376	-0.562	-0.357	-0.586	-0.329	-0.077	-0.422	-0.472	-0.482	-0.481	-0.362	-0.496	-0.592	-0.160	-0.486	+0.099	-0.452	-0.486	-0.376	-0.472	+0.073	-0.407	-0.341	-0.446	-0.188	-0.589	-0.591	-0.601	-0.477	-0.602	-0.487	-0.305	-0.551	-0.594	-0.503	-0.393	-0.309	-0.577	+0.138	-0.300	-0.351	-0.449	-0.520	-0.600	-0.515	-0.351	-0.189	-0.134	-0.428	+0.172	-0.598	+0.389	+0.474	-0.542	-0.235	-0.515	-0.606	-0.541	-0.567	-0.588	+0.180	+0.189	-0.579	-0.315	-0.255	-0.481	-0.566	-0.581	-0.586	-0.566	-0.565	-0.582	-0.581	-0.543	-0.449	-0.574	-0.588	-0.580	-0.581	-0.576	-0.569	-0.585	-0.585	
rs328349       -0.760	-0.706	-0.720	-0.774	-0.736	-0.729	-0.752	-0.733	-0.770	-0.605	-0.766	-0.617	-0.777	-0.765	-0.621	-0.767	-0.769	-0.769	-0.769	-0.769	-0.615	-0.628	-0.615	-0.235	-0.362	-0.619	-0.619	-0.620	-0.591	-0.370	-0.578	-0.402	-0.700	-0.415	-0.457	-0.750	-0.588	-0.670	-0.305	-0.319	-0.638	-0.754	-0.757	-0.910	-0.710	-0.930	-0.812	-0.581	-0.943	-0.855	-0.945	-0.562	-0.883	-0.947	-0.792	-0.819	-0.737	-0.918	-0.706	-0.942	-0.660	-0.362	-0.715	-0.841	-0.844	-0.841	-0.648	-0.804	-0.935	-0.411	-0.790	-0.127	-0.749	-0.840	-0.735	-0.840	-0.156	-0.695	-0.709	-0.742	-0.473	-0.924	-0.927	-0.950	-0.782	-0.955	-0.784	-0.578	-0.873	-0.953	-0.884	-0.680	-0.576	-0.903	-0.087	-0.675	-0.719	-0.742	-0.905	-0.947	-0.826	-0.628	-0.450	-0.389	-0.719	-0.195	-0.954	+0.011	+0.094	-0.908	-0.505	-0.822	-0.962	-0.856	-0.893	-0.949	-0.161	-0.151	-0.933	-0.720	-0.663	-0.866	-0.912	-0.948	-0.946	-0.937	-0.935	-0.941	-0.942	-0.923	-0.852	-0.944	-0.948	-0.939	-0.939	-0.941	-0.940	-0.951	-0.951	
rs454357       -0.746	-0.685	-0.706	-0.783	-0.710	-0.702	-0.725	-0.700	-0.782	-0.576	-0.778	-0.589	-0.790	-0.777	-0.593	-0.778	-0.779	-0.780	-0.780	-0.780	-0.587	-0.743	-0.732	-0.189	-0.319	-0.738	-0.739	-0.738	-0.557	-0.326	-0.709	-0.361	-0.774	-0.374	-0.750	-0.435	-0.539	-0.669	-0.220	-0.235	-0.571	-0.748	-0.614	-0.896	-0.700	-0.910	-0.798	-0.574	-0.923	-0.839	-0.905	-0.544	-0.875	-0.920	-0.753	-0.805	-0.725	-0.903	-0.701	-0.924	-0.627	-0.300	-0.711	-0.806	-0.817	-0.816	-0.645	-0.796	-0.909	-0.417	-0.759	-0.139	-0.743	-0.820	-0.710	-0.807	-0.169	-0.684	-0.703	-0.737	-0.437	-0.899	-0.903	-0.928	-0.750	-0.933	-0.756	-0.543	-0.845	-0.934	-0.856	-0.676	-0.543	-0.874	-0.100	-0.659	-0.711	-0.712	-0.875	-0.924	-0.813	-0.596	-0.454	-0.394	-0.712	-0.176	-0.934	+0.032	+0.115	-0.886	-0.481	-0.798	-0.942	-0.833	-0.880	-0.928	-0.164	-0.155	-0.907	-0.683	-0.625	-0.847	-0.890	-0.927	-0.921	-0.917	-0.915	-0.917	-0.918	-0.907	-0.835	-0.925	-0.923	-0.914	-0.915	-0.918	-0.920	-0.930	-0.929	
rs367823       -0.593	-0.560	-0.567	-0.589	-0.579	-0.573	-0.593	-0.578	-0.571	-0.385	-0.563	-0.398	-0.580	-0.561	-0.402	-0.563	-0.567	-0.567	-0.567	-0.568	-0.396	-0.585	-0.580	-0.042	-0.180	-0.582	-0.582	-0.582	-0.398	-0.187	-0.567	-0.219	-0.618	-0.232	-0.588	-0.539	-0.262	-0.564	-0.310	-0.325	-0.563	-0.606	-0.556	-0.601	-0.343	-0.617	-0.445	-0.142	-0.693	-0.513	-0.707	-0.352	-0.535	-0.733	-0.430	-0.501	-0.388	-0.674	-0.388	-0.668	-0.487	+0.035	-0.462	-0.652	-0.655	-0.652	-0.382	-0.560	-0.723	-0.113	-0.557	+0.192	-0.482	-0.652	-0.551	-0.651	+0.157	-0.363	-0.520	-0.473	-0.243	-0.686	-0.692	-0.726	-0.552	-0.735	-0.508	-0.328	-0.650	-0.740	-0.707	-0.411	-0.278	-0.655	+0.225	-0.510	-0.531	-0.475	-0.728	-0.727	-0.536	-0.336	-0.147	-0.083	-0.464	+0.052	-0.753	+0.258	+0.346	-0.704	-0.252	-0.609	-0.760	-0.637	-0.657	-0.761	+0.189	+0.204	-0.749	-0.553	-0.510	-0.671	-0.728	-0.756	-0.756	-0.742	-0.741	-0.752	-0.752	-0.725	-0.663	-0.748	-0.758	-0.750	-0.751	-0.749	-0.745	-0.757	-0.757	
rs417940       -0.687	-0.627	-0.642	-0.696	-0.638	-0.631	-0.654	-0.633	-0.685	-0.463	-0.678	-0.477	-0.692	-0.677	-0.481	-0.679	-0.681	-0.682	-0.682	-0.682	-0.475	-0.662	-0.651	-0.106	-0.245	-0.657	-0.657	-0.657	-0.470	-0.252	-0.631	-0.285	-0.710	-0.298	-0.670	-0.669	-0.564	-0.349	-0.361	-0.375	-0.645	-0.657	-0.650	-0.753	-0.465	-0.764	-0.559	-0.288	-0.791	-0.622	-0.825	-0.472	-0.691	-0.812	-0.517	-0.629	-0.526	-0.781	-0.527	-0.785	-0.534	+0.024	-0.533	-0.729	-0.738	-0.736	-0.462	-0.640	-0.781	-0.196	-0.593	+0.118	-0.565	-0.741	-0.628	-0.729	+0.080	-0.457	-0.624	-0.559	-0.299	-0.741	-0.748	-0.788	-0.587	-0.798	-0.547	-0.346	-0.698	-0.810	-0.789	-0.484	-0.298	-0.706	+0.159	-0.588	-0.631	-0.509	-0.811	-0.789	-0.626	-0.359	-0.218	-0.152	-0.557	-0.057	-0.824	+0.147	+0.232	-0.795	-0.297	-0.663	-0.832	-0.696	-0.749	-0.841	+0.055	+0.069	-0.821	-0.619	-0.569	-0.762	-0.812	-0.841	-0.840	-0.830	-0.828	-0.834	-0.835	-0.818	-0.749	-0.838	-0.840	-0.831	-0.832	-0.834	-0.833	-0.844	-0.844	
rs35590279     -0.314	-0.272	-0.282	-0.329	-0.289	-0.282	-0.305	-0.289	-0.289	-0.081	-0.281	-0.096	-0.298	-0.279	-0.100	-0.281	-0.285	-0.285	-0.286	-0.286	-0.093	-0.300	-0.294	+0.269	+0.122	-0.297	-0.297	-0.297	-0.101	+0.115	-0.282	+0.082	-0.337	+0.069	-0.305	-0.220	-0.310	-0.361	+0.039	-0.080	-0.139	-0.212	-0.252	-0.163	+0.136	-0.230	-0.041	+0.407	-0.355	-0.121	-0.342	-0.104	-0.271	-0.458	-0.176	-0.224	-0.112	-0.402	-0.132	-0.397	-0.221	+0.204	-0.204	-0.372	-0.369	-0.365	-0.137	-0.304	-0.458	+0.117	-0.313	+0.420	-0.230	-0.361	-0.266	-0.369	+0.384	-0.120	-0.223	-0.221	-0.093	-0.428	-0.433	-0.462	-0.309	-0.469	-0.270	-0.103	-0.396	-0.473	-0.427	-0.153	-0.057	-0.402	+0.460	-0.223	-0.236	-0.241	-0.450	-0.463	-0.284	-0.112	+0.103	+0.165	-0.115	+0.351	-0.458	+0.560	+0.649	-0.424	+0.132	-0.299	-0.464	-0.328	-0.333	-0.477	+0.501	+0.515	-0.453	-0.285	-0.241	-0.369	-0.433	-0.475	-0.474	-0.463	-0.461	-0.469	-0.470	-0.449	-0.384	-0.470	-0.475	-0.467	-0.467	-0.467	-0.466	-0.478	-0.477	
