## Summary of overall evidence for association with region:
## log10(BF for region) = 8.25446
## p-value for region = NA

## BFs for choosing among multi-SNP models:
## log10(average 1-SNP BF) = 7.39659
## log10(average 2-SNP BF) = 8.68944

## Example posterior probabilities for multi-SNP models, based on default prior: [p(l) propto 0.5^l for l=1,2,...,L]
## posterior probability of 1-SNP = 0.0924795
## posterior probability of 2-SNP = 0.907521

## log10(BF) for single SNP and pair of SNPs:
rs9964229      -0.161	-0.323	-0.088	-0.192	-0.017	+0.113	+0.820	+0.823	+0.341	+1.473	+0.824	+0.524	+0.649	+0.627	+0.442	+1.103	+0.518	+1.150	+0.337	+0.482	+0.491	+0.491	+0.311	-0.183	+1.060	+1.376	+4.129	-0.362	+4.056	-0.362	-0.363	-0.363	+4.027	-0.366	+0.019	+4.070	-0.384	+0.906	+0.907	+0.907	+0.907	+1.846	-0.382	+1.900	+1.880	+1.380	+4.220	+1.899	+1.899	+2.086	+2.021	+2.084	+2.086	+2.086	+2.084	+2.084	+2.042	+2.049	+1.804	+1.795	+1.768	+1.745	+1.736	+2.119	+9.528	+3.682	+8.503	+8.660	+8.645	+8.658	+3.392	+8.662	+7.331	+8.705	+8.370	+3.622	+1.263	+2.043	+1.677	+1.207	+1.677	+8.584	+8.584	+8.582	+8.579	+1.704	+1.746	+1.427	+1.427	+1.195	+1.192	+1.198	+1.198	+1.142	+1.172	+1.171	+1.171	+1.161	+1.781	+3.651	+1.161	+1.161	+1.157	+0.981	+1.144	+1.136	+1.143	+1.085	+1.134	+1.130	+1.091	+1.071	+1.074	+1.604	+1.453	+1.936	+2.007	+1.943	+1.934	+1.937	+1.947	+1.919	-0.183	+1.743	+1.845	+1.847	+1.528	+1.542	+4.124	+1.329	+1.354	+1.329	+1.701	+1.344	+1.867	+2.724	+2.448	+1.667	+1.294	+1.379	+1.338	-0.450	+6.614	+5.990	+3.225	+3.663	+6.676	+3.834	+2.984	+3.472	+3.495	+3.499	-0.450	-0.450	-0.422	-0.393	-0.545	-0.538	-0.485	-0.487	-0.486	-0.492	-0.672	-0.664	-0.673	-0.681	-0.675	-0.681	-0.676	-0.676	-0.673	-0.673	-0.676	-0.664	-0.597	-0.555	-0.536	-0.436	-0.534	-0.507	-0.505	-0.505	-0.505	-0.526	-0.507	
rs56042504     -0.323	-0.152	-0.210	-0.253	-0.180	-0.037	+0.410	+0.422	+0.243	+1.130	+0.624	+0.388	+0.904	+0.842	+0.547	+1.246	+0.658	+1.309	+0.401	+0.628	+0.637	+0.638	+0.396	-0.172	+1.053	+1.365	+4.113	-0.356	+4.043	-0.357	-0.357	-0.357	+4.014	-0.360	+0.011	+4.056	-0.378	+0.897	+0.898	+0.897	+0.897	+1.834	-0.377	+1.887	+1.867	+1.371	+4.203	+1.887	+1.887	+2.072	+2.009	+2.071	+2.072	+2.072	+2.071	+2.071	+2.028	+2.036	+1.792	+1.783	+1.755	+1.732	+1.723	+2.116	+9.430	+3.612	+8.415	+8.568	+8.554	+8.567	+3.326	+8.570	+7.259	+8.613	+8.281	+3.552	+1.264	+2.021	+1.656	+1.209	+1.657	+8.492	+8.492	+8.491	+8.487	+1.684	+1.725	+1.428	+1.429	+1.196	+1.193	+1.200	+1.199	+1.143	+1.173	+1.172	+1.172	+1.163	+1.760	+3.582	+1.163	+1.162	+1.158	+0.982	+1.146	+1.137	+1.144	+1.086	+1.135	+1.132	+1.092	+1.073	+1.075	+1.584	+1.435	+1.915	+1.986	+1.922	+1.913	+1.916	+1.926	+1.898	-0.190	+1.724	+1.826	+1.827	+1.517	+1.531	+4.045	+1.318	+1.342	+1.317	+1.687	+1.332	+1.855	+2.719	+2.441	+1.655	+1.282	+1.370	+1.329	-0.444	+6.612	+6.020	+3.319	+3.628	+6.668	+3.891	+3.069	+3.544	+3.567	+3.570	-0.444	-0.444	-0.415	-0.386	-0.537	-0.529	-0.478	-0.480	-0.480	-0.486	-0.667	-0.659	-0.667	-0.675	-0.670	-0.675	-0.670	-0.670	-0.667	-0.667	-0.671	-0.658	-0.591	-0.548	-0.529	-0.428	-0.529	-0.501	-0.499	-0.499	-0.499	-0.520	-0.501	
rs7243676      -0.088	-0.210	-0.016	-0.123	-0.077	+0.010	+0.487	+0.497	+0.246	+1.168	+0.633	+0.388	+0.520	+0.502	+0.391	+0.946	+0.414	+1.006	+0.293	+0.393	+0.401	+0.402	+0.256	-0.077	+1.223	+1.478	+4.281	-0.227	+4.208	-0.228	-0.228	-0.228	+4.178	-0.231	+0.135	+4.221	-0.250	+1.016	+1.017	+1.017	+1.017	+1.989	-0.248	+2.043	+2.023	+1.525	+4.373	+2.043	+2.043	+2.229	+2.165	+2.228	+2.229	+2.229	+2.227	+2.227	+2.185	+2.193	+1.945	+1.936	+1.908	+1.885	+1.876	+2.264	+9.776	+3.910	+8.747	+8.907	+8.891	+8.905	+3.616	+8.908	+7.576	+8.952	+8.615	+3.850	+1.401	+2.228	+1.865	+1.344	+1.865	+8.834	+8.835	+8.833	+8.830	+1.892	+1.935	+1.566	+1.566	+1.333	+1.330	+1.336	+1.336	+1.280	+1.310	+1.309	+1.309	+1.299	+1.970	+3.881	+1.299	+1.299	+1.295	+1.119	+1.282	+1.274	+1.281	+1.222	+1.272	+1.269	+1.229	+1.209	+1.212	+1.785	+1.637	+2.120	+2.193	+2.127	+2.118	+2.121	+2.131	+2.103	-0.028	+1.925	+2.028	+2.029	+1.709	+1.723	+4.359	+1.508	+1.533	+1.507	+1.884	+1.522	+2.052	+2.910	+2.632	+1.851	+1.472	+1.559	+1.516	-0.315	+6.857	+6.229	+3.436	+3.890	+6.909	+4.046	+3.185	+3.678	+3.702	+3.705	-0.315	-0.315	-0.286	-0.257	-0.411	-0.404	-0.350	-0.351	-0.351	-0.357	-0.539	-0.531	-0.540	-0.548	-0.542	-0.548	-0.542	-0.543	-0.539	-0.539	-0.543	-0.531	-0.464	-0.422	-0.402	-0.300	-0.400	-0.373	-0.371	-0.371	-0.371	-0.393	-0.373	
rs7226371      -0.192	-0.253	-0.123	-0.068	-0.088	+0.022	+0.568	+0.578	+0.266	+1.254	+0.680	+0.420	+0.552	+0.532	+0.406	+0.985	+0.438	+1.043	+0.300	+0.414	+0.422	+0.422	+0.266	-0.118	+1.168	+1.438	+4.222	-0.275	+4.148	-0.276	-0.276	-0.277	+4.119	-0.279	+0.092	+4.162	-0.298	+0.974	+0.975	+0.975	+0.975	+1.935	-0.296	+1.989	+1.969	+1.472	+4.313	+1.988	+1.988	+2.175	+2.110	+2.173	+2.175	+2.175	+2.173	+2.173	+2.130	+2.138	+1.891	+1.882	+1.854	+1.831	+1.822	+2.211	+9.679	+3.825	+8.652	+8.811	+8.796	+8.809	+3.533	+8.813	+7.485	+8.856	+8.520	+3.765	+1.349	+2.162	+1.799	+1.293	+1.799	+8.738	+8.738	+8.737	+8.733	+1.826	+1.868	+1.514	+1.514	+1.281	+1.279	+1.285	+1.284	+1.228	+1.259	+1.258	+1.258	+1.248	+1.904	+3.796	+1.248	+1.248	+1.244	+1.067	+1.231	+1.223	+1.229	+1.171	+1.220	+1.217	+1.178	+1.158	+1.161	+1.721	+1.573	+2.055	+2.128	+2.062	+2.053	+2.057	+2.066	+2.038	-0.083	+1.861	+1.964	+1.966	+1.648	+1.662	+4.270	+1.447	+1.471	+1.446	+1.821	+1.461	+1.989	+2.848	+2.570	+1.788	+1.411	+1.497	+1.454	-0.363	+6.775	+6.157	+3.370	+3.815	+6.827	+3.971	+3.120	+3.606	+3.629	+3.633	-0.363	-0.363	-0.334	-0.306	-0.459	-0.452	-0.399	-0.400	-0.400	-0.405	-0.586	-0.578	-0.587	-0.595	-0.589	-0.595	-0.590	-0.590	-0.587	-0.587	-0.590	-0.578	-0.511	-0.469	-0.450	-0.348	-0.448	-0.421	-0.419	-0.419	-0.419	-0.440	-0.420	
rs7230605      -0.017	-0.180	-0.077	-0.088	+0.015	+0.004	+0.433	+0.443	+0.234	+1.113	+0.603	+0.370	+0.502	+0.484	+0.387	+0.921	+0.400	+0.983	+0.290	+0.383	+0.390	+0.391	+0.252	-0.053	+1.257	+1.502	+4.316	-0.198	+4.242	-0.199	-0.199	-0.200	+4.213	-0.202	+0.161	+4.256	-0.221	+1.041	+1.042	+1.041	+1.041	+2.021	-0.219	+2.075	+2.056	+1.558	+4.408	+2.075	+2.075	+2.262	+2.197	+2.261	+2.262	+2.262	+2.260	+2.260	+2.217	+2.225	+1.977	+1.967	+1.940	+1.916	+1.907	+2.297	+9.825	+3.957	+8.796	+8.955	+8.940	+8.954	+3.662	+8.957	+7.624	+9.000	+8.664	+3.896	+1.431	+2.265	+1.902	+1.374	+1.902	+8.883	+8.884	+8.882	+8.879	+1.929	+1.972	+1.597	+1.597	+1.363	+1.360	+1.367	+1.366	+1.310	+1.341	+1.339	+1.339	+1.330	+2.008	+3.928	+1.330	+1.329	+1.326	+1.149	+1.313	+1.304	+1.311	+1.253	+1.302	+1.299	+1.259	+1.239	+1.242	+1.821	+1.673	+2.157	+2.230	+2.163	+2.155	+2.158	+2.168	+2.139	+0.004	+1.961	+2.064	+2.066	+1.746	+1.760	+4.406	+1.544	+1.569	+1.543	+1.921	+1.558	+2.089	+2.948	+2.670	+1.888	+1.508	+1.595	+1.552	-0.286	+6.904	+6.276	+3.477	+3.937	+6.955	+4.088	+3.226	+3.719	+3.743	+3.746	-0.286	-0.286	-0.257	-0.228	-0.382	-0.375	-0.321	-0.322	-0.322	-0.328	-0.510	-0.502	-0.511	-0.519	-0.514	-0.520	-0.514	-0.514	-0.511	-0.511	-0.514	-0.502	-0.435	-0.393	-0.374	-0.270	-0.372	-0.344	-0.342	-0.342	-0.342	-0.364	-0.344	
rs9959497      +0.113	-0.037	+0.010	+0.022	+0.004	+0.156	+0.447	+0.458	+0.241	+1.047	+0.572	+0.359	+0.496	+0.479	+0.400	+0.894	+0.395	+0.972	+0.307	+0.388	+0.395	+0.396	+0.268	+0.054	+1.390	+1.598	+4.415	-0.063	+4.345	-0.064	-0.064	-0.064	+4.317	-0.067	+0.275	+4.359	-0.086	+1.140	+1.141	+1.141	+1.141	+2.146	-0.084	+2.200	+2.180	+1.680	+4.508	+2.200	+2.200	+2.386	+2.321	+2.384	+2.386	+2.386	+2.384	+2.384	+2.342	+2.350	+2.100	+2.091	+2.063	+2.040	+2.031	+2.424	+10.062	+4.180	+9.029	+9.186	+9.170	+9.184	+3.881	+9.188	+7.833	+9.232	+8.896	+4.119	+1.582	+2.433	+2.063	+1.523	+2.063	+9.119	+9.120	+9.118	+9.115	+2.090	+2.133	+1.750	+1.750	+1.514	+1.511	+1.518	+1.517	+1.460	+1.491	+1.490	+1.490	+1.480	+2.169	+4.153	+1.480	+1.480	+1.476	+1.298	+1.463	+1.455	+1.461	+1.402	+1.452	+1.449	+1.409	+1.389	+1.392	+1.986	+1.833	+2.325	+2.400	+2.331	+2.322	+2.326	+2.336	+2.307	+0.152	+2.127	+2.231	+2.233	+1.903	+1.917	+4.634	+1.699	+1.724	+1.698	+2.079	+1.713	+2.248	+3.103	+2.822	+2.045	+1.663	+1.751	+1.709	-0.153	+7.105	+6.490	+3.675	+4.175	+7.154	+4.279	+3.418	+3.906	+3.930	+3.933	-0.153	-0.153	-0.123	-0.092	-0.249	-0.241	-0.186	-0.187	-0.186	-0.192	-0.378	-0.370	-0.379	-0.388	-0.382	-0.388	-0.382	-0.383	-0.379	-0.379	-0.383	-0.371	-0.303	-0.262	-0.242	-0.136	-0.239	-0.211	-0.209	-0.209	-0.209	-0.231	-0.211	
rs8090698      +0.820	+0.410	+0.487	+0.568	+0.433	+0.447	+0.481	+0.433	+0.343	+0.877	+0.551	+0.411	+0.522	+0.510	+0.489	+0.851	+0.456	+0.927	+0.416	+0.456	+0.461	+0.462	+0.379	+0.313	+1.737	+1.847	+4.753	+0.242	+4.684	+0.241	+0.241	+0.241	+4.654	+0.238	+0.550	+4.697	+0.219	+1.402	+1.404	+1.403	+1.403	+2.470	+0.221	+2.525	+2.505	+2.009	+4.847	+2.524	+2.524	+2.711	+2.646	+2.709	+2.711	+2.711	+2.709	+2.709	+2.667	+2.675	+2.419	+2.410	+2.381	+2.358	+2.349	+2.747	+10.527	+4.636	+9.491	+9.648	+9.632	+9.646	+4.330	+9.650	+8.302	+9.694	+9.358	+4.573	+1.888	+2.822	+2.460	+1.827	+2.460	+9.585	+9.586	+9.584	+9.581	+2.486	+2.530	+2.058	+2.058	+1.821	+1.818	+1.824	+1.824	+1.769	+1.797	+1.796	+1.796	+1.786	+2.567	+4.608	+1.787	+1.786	+1.783	+1.604	+1.770	+1.761	+1.768	+1.707	+1.759	+1.756	+1.716	+1.696	+1.699	+2.368	+2.222	+2.712	+2.791	+2.719	+2.710	+2.713	+2.723	+2.694	+0.492	+2.510	+2.616	+2.618	+2.286	+2.300	+5.090	+2.078	+2.104	+2.077	+2.465	+2.092	+2.637	+3.492	+3.208	+2.431	+2.041	+2.131	+2.087	+0.153	+7.579	+6.968	+4.117	+4.628	+7.623	+4.721	+3.850	+4.339	+4.363	+4.367	+0.153	+0.153	+0.185	+0.217	+0.057	+0.065	+0.120	+0.122	+0.122	+0.116	-0.077	-0.069	-0.078	-0.086	-0.081	-0.086	-0.081	-0.081	-0.078	-0.078	-0.082	-0.068	+0.003	+0.044	+0.064	+0.171	+0.068	+0.096	+0.099	+0.099	+0.099	+0.077	+0.097	
rs7226473      +0.823	+0.422	+0.497	+0.578	+0.443	+0.458	+0.433	+0.491	+0.349	+0.875	+0.553	+0.416	+0.525	+0.513	+0.493	+0.851	+0.460	+0.927	+0.421	+0.460	+0.465	+0.466	+0.384	+0.322	+1.749	+1.857	+4.765	+0.253	+4.696	+0.252	+0.252	+0.251	+4.666	+0.249	+0.559	+4.709	+0.230	+1.411	+1.412	+1.412	+1.412	+2.483	+0.232	+2.537	+2.517	+2.020	+4.859	+2.537	+2.537	+2.723	+2.658	+2.722	+2.723	+2.723	+2.721	+2.721	+2.680	+2.688	+2.431	+2.422	+2.393	+2.370	+2.361	+2.758	+10.542	+4.650	+9.506	+9.663	+9.648	+9.662	+4.345	+9.665	+8.314	+9.709	+9.374	+4.588	+1.899	+2.836	+2.472	+1.838	+2.473	+9.600	+9.601	+9.600	+9.596	+2.499	+2.543	+2.069	+2.069	+1.831	+1.829	+1.835	+1.835	+1.779	+1.808	+1.807	+1.807	+1.797	+2.579	+4.623	+1.797	+1.797	+1.793	+1.614	+1.780	+1.772	+1.779	+1.718	+1.770	+1.766	+1.726	+1.706	+1.710	+2.381	+2.235	+2.726	+2.805	+2.733	+2.724	+2.727	+2.737	+2.708	+0.504	+2.524	+2.630	+2.632	+2.298	+2.313	+5.105	+2.090	+2.116	+2.089	+2.478	+2.104	+2.650	+3.505	+3.221	+2.444	+2.053	+2.143	+2.100	+0.163	+7.593	+6.982	+4.130	+4.642	+7.636	+4.733	+3.862	+4.350	+4.375	+4.379	+0.163	+0.163	+0.195	+0.227	+0.067	+0.075	+0.131	+0.132	+0.132	+0.126	-0.067	-0.059	-0.068	-0.076	-0.071	-0.076	-0.071	-0.071	-0.068	-0.068	-0.072	-0.057	+0.013	+0.055	+0.075	+0.181	+0.079	+0.107	+0.109	+0.109	+0.109	+0.087	+0.107	
rs2083323      +0.341	+0.243	+0.246	+0.266	+0.234	+0.241	+0.343	+0.349	+0.460	+1.389	+0.714	+0.480	+0.491	+0.480	+0.475	+0.809	+0.431	+0.886	+0.400	+0.433	+0.438	+0.439	+0.359	+0.285	+1.669	+1.820	+4.754	+0.207	+4.684	+0.206	+0.206	+0.206	+4.655	+0.203	+0.533	+4.697	+0.187	+1.416	+1.418	+1.417	+1.417	+2.414	+0.189	+2.467	+2.447	+2.015	+4.848	+2.467	+2.467	+2.649	+2.584	+2.647	+2.649	+2.649	+2.647	+2.647	+2.606	+2.613	+2.357	+2.348	+2.319	+2.297	+2.286	+2.670	+10.312	+4.495	+9.289	+9.444	+9.429	+9.442	+4.192	+9.446	+8.313	+9.489	+9.157	+4.432	+1.823	+2.708	+2.432	+1.762	+2.433	+9.376	+9.377	+9.375	+9.372	+2.459	+2.502	+1.988	+1.988	+1.754	+1.752	+1.758	+1.757	+1.703	+1.732	+1.730	+1.730	+1.721	+2.539	+4.463	+1.721	+1.720	+1.717	+1.539	+1.704	+1.696	+1.703	+1.643	+1.693	+1.690	+1.651	+1.631	+1.634	+2.266	+2.200	+2.606	+2.682	+2.613	+2.604	+2.607	+2.617	+2.589	+0.444	+2.409	+2.512	+2.514	+2.262	+2.277	+4.938	+2.052	+2.078	+2.051	+2.436	+2.065	+2.609	+3.464	+3.178	+2.400	+2.013	+2.094	+2.050	+0.136	+7.500	+6.888	+4.052	+4.494	+7.532	+4.644	+3.781	+4.277	+4.292	+4.296	+0.138	+0.138	+0.176	+0.206	+0.045	+0.053	+0.109	+0.110	+0.110	+0.104	-0.090	-0.082	-0.092	-0.100	-0.094	-0.100	-0.095	-0.095	-0.091	-0.091	-0.095	-0.082	-0.012	+0.029	+0.050	+0.152	+0.052	+0.079	+0.082	+0.082	+0.082	+0.060	+0.080	
rs9948978      +1.473	+1.130	+1.168	+1.254	+1.113	+1.047	+0.877	+0.875	+1.389	+1.098	+0.942	+1.114	+0.863	+0.857	+0.875	+1.071	+0.837	+1.135	+0.833	+0.839	+0.842	+0.842	+0.810	+0.808	+2.297	+2.320	+5.336	+0.805	+5.268	+0.805	+0.805	+0.804	+5.239	+0.802	+1.081	+5.281	+0.785	+1.942	+1.944	+1.944	+1.944	+3.004	+0.787	+3.057	+3.038	+2.623	+5.431	+3.057	+3.057	+3.236	+3.172	+3.235	+3.236	+3.236	+3.234	+3.234	+3.194	+3.202	+2.936	+2.927	+2.898	+2.875	+2.865	+3.242	+11.076	+5.290	+10.053	+10.209	+10.193	+10.207	+4.981	+10.211	+9.111	+10.255	+9.923	+5.227	+2.384	+3.457	+3.207	+2.320	+3.207	+10.152	+10.152	+10.151	+10.148	+3.232	+3.277	+2.550	+2.550	+2.316	+2.313	+2.320	+2.319	+2.265	+2.293	+2.292	+2.292	+2.282	+3.315	+5.262	+2.283	+2.282	+2.279	+2.100	+2.266	+2.258	+2.265	+2.205	+2.256	+2.252	+2.213	+2.194	+2.197	+2.997	+2.960	+3.351	+3.434	+3.358	+3.349	+3.353	+3.363	+3.334	+1.113	+3.146	+3.253	+3.255	+3.011	+3.026	+5.744	+2.791	+2.819	+2.790	+3.191	+2.804	+3.372	+4.234	+3.938	+3.154	+2.750	+2.833	+2.786	+0.737	+8.220	+7.612	+4.753	+5.294	+8.249	+5.347	+4.476	+4.974	+4.988	+4.992	+0.740	+0.740	+0.783	+0.814	+0.646	+0.655	+0.713	+0.717	+0.717	+0.710	+0.506	+0.514	+0.503	+0.495	+0.501	+0.495	+0.500	+0.500	+0.504	+0.504	+0.500	+0.512	+0.583	+0.622	+0.643	+0.755	+0.649	+0.677	+0.679	+0.679	+0.679	+0.657	+0.677	
rs1992268      +0.824	+0.624	+0.633	+0.680	+0.603	+0.572	+0.551	+0.553	+0.714	+0.942	+0.767	+0.680	+0.641	+0.632	+0.645	+0.905	+0.599	+0.976	+0.585	+0.602	+0.606	+0.606	+0.551	+0.534	+1.976	+2.071	+5.067	+0.492	+4.997	+0.491	+0.491	+0.491	+4.968	+0.488	+0.799	+5.010	+0.472	+1.682	+1.684	+1.683	+1.683	+2.705	+0.473	+2.760	+2.740	+2.319	+5.162	+2.759	+2.759	+2.940	+2.875	+2.939	+2.940	+2.940	+2.938	+2.938	+2.899	+2.907	+2.646	+2.637	+2.608	+2.585	+2.575	+2.963	+10.690	+4.880	+9.667	+9.821	+9.805	+9.819	+4.574	+9.823	+8.718	+9.867	+9.536	+4.817	+2.117	+3.031	+2.772	+2.054	+2.773	+9.758	+9.758	+9.757	+9.754	+2.797	+2.842	+2.284	+2.285	+2.048	+2.046	+2.052	+2.052	+1.997	+2.026	+2.024	+2.024	+2.014	+2.879	+4.849	+2.015	+2.014	+2.011	+1.832	+1.998	+1.990	+1.997	+1.936	+1.988	+1.984	+1.945	+1.925	+1.928	+2.584	+2.535	+2.928	+3.007	+2.935	+2.926	+2.929	+2.938	+2.910	+0.746	+2.727	+2.831	+2.833	+2.592	+2.606	+5.327	+2.379	+2.406	+2.378	+2.767	+2.393	+2.943	+3.800	+3.511	+2.731	+2.340	+2.421	+2.375	+0.423	+7.873	+7.259	+4.399	+4.872	+7.908	+5.000	+4.129	+4.629	+4.643	+4.647	+0.425	+0.425	+0.467	+0.496	+0.332	+0.340	+0.397	+0.401	+0.401	+0.394	+0.193	+0.201	+0.191	+0.184	+0.189	+0.183	+0.188	+0.188	+0.191	+0.191	+0.188	+0.203	+0.274	+0.315	+0.336	+0.439	+0.340	+0.368	+0.370	+0.370	+0.370	+0.348	+0.368	
rs1992269      +0.524	+0.388	+0.388	+0.420	+0.370	+0.359	+0.411	+0.416	+0.480	+1.114	+0.680	+0.578	+0.541	+0.530	+0.534	+0.838	+0.488	+0.912	+0.465	+0.491	+0.495	+0.496	+0.426	+0.380	+1.788	+1.910	+4.873	+0.316	+4.803	+0.316	+0.316	+0.315	+4.773	+0.313	+0.633	+4.816	+0.296	+1.513	+1.515	+1.514	+1.514	+2.527	+0.298	+2.581	+2.561	+2.134	+4.967	+2.581	+2.581	+2.761	+2.696	+2.760	+2.761	+2.761	+2.759	+2.759	+2.720	+2.728	+2.469	+2.460	+2.431	+2.408	+2.398	+2.784	+10.461	+4.652	+9.437	+9.592	+9.576	+9.590	+4.347	+9.594	+8.474	+9.637	+9.305	+4.589	+1.936	+2.832	+2.565	+1.874	+2.565	+9.525	+9.526	+9.524	+9.521	+2.590	+2.634	+2.101	+2.102	+1.867	+1.864	+1.870	+1.870	+1.816	+1.844	+1.843	+1.843	+1.833	+2.671	+4.619	+1.833	+1.833	+1.829	+1.651	+1.817	+1.808	+1.815	+1.756	+1.806	+1.803	+1.763	+1.744	+1.747	+2.388	+2.330	+2.730	+2.807	+2.736	+2.728	+2.731	+2.740	+2.712	+0.562	+2.531	+2.635	+2.636	+2.389	+2.403	+5.096	+2.178	+2.205	+2.177	+2.564	+2.191	+2.738	+3.593	+3.307	+2.528	+2.139	+2.221	+2.176	+0.246	+7.646	+7.034	+4.188	+4.648	+7.683	+4.786	+3.919	+4.417	+4.432	+4.436	+0.248	+0.248	+0.288	+0.317	+0.155	+0.163	+0.220	+0.222	+0.222	+0.216	+0.019	+0.027	+0.017	+0.009	+0.015	+0.009	+0.014	+0.014	+0.018	+0.018	+0.014	+0.028	+0.099	+0.140	+0.160	+0.263	+0.163	+0.191	+0.194	+0.194	+0.194	+0.171	+0.191	
rs117649251    +0.649	+0.904	+0.520	+0.552	+0.502	+0.496	+0.522	+0.525	+0.491	+0.863	+0.641	+0.541	+0.743	+0.695	+0.636	+0.956	+0.640	+1.029	+0.597	+0.635	+0.636	+0.637	+0.594	+0.525	+1.963	+2.013	+4.996	+0.481	+4.919	+0.480	+0.480	+0.480	+4.890	+0.477	+0.746	+4.932	+0.458	+1.576	+1.578	+1.577	+1.577	+2.714	+0.460	+2.768	+2.748	+2.258	+5.081	+2.768	+2.768	+2.951	+2.887	+2.950	+2.951	+2.951	+2.950	+2.950	+2.908	+2.916	+2.657	+2.648	+2.618	+2.596	+2.585	+2.975	+10.763	+4.887	+9.735	+9.891	+9.875	+9.890	+4.582	+9.893	+8.572	+9.937	+9.605	+4.823	+2.126	+3.083	+2.731	+2.063	+2.731	+9.820	+9.821	+9.819	+9.816	+2.756	+2.800	+2.295	+2.295	+2.055	+2.053	+2.059	+2.059	+2.003	+2.032	+2.031	+2.031	+2.021	+2.837	+4.852	+2.021	+2.021	+2.017	+1.837	+2.004	+1.996	+2.003	+1.941	+1.994	+1.990	+1.950	+1.930	+1.933	+2.623	+2.488	+2.972	+3.054	+2.978	+2.968	+2.972	+2.982	+2.954	+0.734	+2.767	+2.874	+2.875	+2.554	+2.569	+5.328	+2.343	+2.369	+2.342	+2.734	+2.357	+2.909	+3.775	+3.486	+2.701	+2.306	+2.397	+2.353	+0.391	+7.907	+7.310	+4.561	+4.917	+7.945	+5.135	+4.279	+4.772	+4.796	+4.800	+0.392	+0.392	+0.427	+0.467	+0.305	+0.314	+0.369	+0.371	+0.371	+0.363	+0.157	+0.164	+0.155	+0.147	+0.152	+0.147	+0.152	+0.152	+0.155	+0.155	+0.152	+0.168	+0.240	+0.283	+0.303	+0.407	+0.310	+0.339	+0.341	+0.341	+0.341	+0.319	+0.339	
rs56047191     +0.627	+0.842	+0.502	+0.532	+0.484	+0.479	+0.510	+0.513	+0.480	+0.857	+0.632	+0.530	+0.695	+0.726	+0.627	+0.960	+0.633	+1.031	+0.587	+0.626	+0.628	+0.629	+0.583	+0.512	+1.943	+1.998	+4.971	+0.466	+4.894	+0.465	+0.465	+0.465	+4.865	+0.462	+0.731	+4.907	+0.443	+1.561	+1.562	+1.561	+1.561	+2.694	+0.445	+2.748	+2.728	+2.236	+5.056	+2.747	+2.747	+2.931	+2.866	+2.929	+2.930	+2.930	+2.929	+2.929	+2.888	+2.895	+2.637	+2.627	+2.598	+2.575	+2.565	+2.956	+10.729	+4.859	+9.702	+9.858	+9.842	+9.856	+4.554	+9.860	+8.538	+9.903	+9.571	+4.795	+2.107	+3.065	+2.711	+2.044	+2.711	+9.786	+9.786	+9.784	+9.781	+2.736	+2.780	+2.275	+2.276	+2.036	+2.033	+2.040	+2.039	+1.984	+2.013	+2.012	+2.012	+2.002	+2.817	+4.823	+2.002	+2.002	+1.998	+1.818	+1.985	+1.977	+1.983	+1.922	+1.975	+1.971	+1.931	+1.911	+1.914	+2.605	+2.469	+2.926	+3.035	+2.960	+2.950	+2.954	+2.963	+2.935	+0.718	+2.749	+2.855	+2.857	+2.535	+2.550	+5.299	+2.324	+2.351	+2.323	+2.715	+2.339	+2.889	+3.755	+3.467	+2.681	+2.287	+2.378	+2.334	+0.376	+7.870	+7.274	+4.529	+4.891	+7.910	+5.104	+4.248	+4.741	+4.764	+4.768	+0.377	+0.377	+0.411	+0.452	+0.290	+0.299	+0.353	+0.356	+0.356	+0.348	+0.142	+0.149	+0.140	+0.133	+0.137	+0.132	+0.137	+0.137	+0.140	+0.140	+0.137	+0.153	+0.225	+0.267	+0.288	+0.391	+0.295	+0.324	+0.326	+0.326	+0.326	+0.304	+0.324	
rs112303896    +0.442	+0.547	+0.391	+0.406	+0.387	+0.400	+0.489	+0.493	+0.475	+0.875	+0.645	+0.534	+0.636	+0.627	+0.717	+1.203	+0.588	+1.156	+0.570	+0.588	+0.592	+0.592	+0.534	+0.499	+1.892	+2.028	+4.974	+0.447	+4.891	+0.446	+0.446	+0.446	+4.862	+0.443	+0.728	+4.904	+0.423	+1.582	+1.583	+1.582	+1.582	+2.661	+0.425	+2.715	+2.695	+2.201	+5.057	+2.714	+2.714	+2.898	+2.834	+2.897	+2.898	+2.898	+2.896	+2.896	+2.852	+2.860	+2.604	+2.595	+2.567	+2.543	+2.534	+2.921	+10.720	+4.825	+9.690	+9.853	+9.837	+9.851	+4.505	+9.854	+8.520	+9.897	+9.550	+4.761	+2.080	+3.067	+2.712	+2.017	+2.712	+9.770	+9.770	+9.768	+9.764	+2.739	+2.782	+2.248	+2.248	+2.007	+2.004	+2.010	+2.010	+1.956	+1.984	+1.983	+1.983	+1.973	+2.819	+4.782	+1.973	+1.973	+1.969	+1.792	+1.956	+1.948	+1.954	+1.893	+1.945	+1.942	+1.902	+1.882	+1.885	+2.607	+2.467	+2.954	+3.020	+2.961	+2.951	+2.955	+2.965	+2.936	+0.696	+2.748	+2.855	+2.857	+2.533	+2.548	+5.259	+2.324	+2.352	+2.323	+2.720	+2.339	+2.893	+3.774	+3.489	+2.686	+2.287	+2.378	+2.332	+0.355	+7.885	+7.286	+4.515	+4.880	+7.913	+5.084	+4.225	+4.718	+4.743	+4.746	+0.355	+0.355	+0.389	+0.423	+0.262	+0.271	+0.324	+0.325	+0.325	+0.318	+0.118	+0.126	+0.117	+0.109	+0.114	+0.109	+0.114	+0.114	+0.117	+0.117	+0.113	+0.128	+0.200	+0.243	+0.263	+0.372	+0.270	+0.299	+0.302	+0.302	+0.302	+0.279	+0.299	
rs7237714      +1.103	+1.246	+0.946	+0.985	+0.921	+0.894	+0.851	+0.851	+0.809	+1.071	+0.905	+0.838	+0.956	+0.960	+1.203	+1.167	+0.971	+1.182	+1.008	+0.957	+0.956	+0.956	+0.987	+0.871	+2.329	+2.398	+5.424	+0.867	+5.339	+0.866	+0.866	+0.866	+5.310	+0.863	+1.118	+5.351	+0.843	+1.961	+1.962	+1.961	+1.961	+3.102	+0.845	+3.156	+3.136	+2.645	+5.507	+3.156	+3.156	+3.338	+3.274	+3.337	+3.338	+3.338	+3.337	+3.337	+3.293	+3.301	+3.037	+3.028	+2.999	+2.976	+2.965	+3.341	+11.298	+5.401	+10.264	+10.429	+10.413	+10.427	+5.072	+10.430	+9.098	+10.474	+10.125	+5.336	+2.502	+3.580	+3.232	+2.436	+3.232	+10.347	+10.347	+10.345	+10.342	+3.258	+3.303	+2.671	+2.671	+2.428	+2.425	+2.431	+2.431	+2.377	+2.405	+2.403	+2.403	+2.394	+3.341	+5.356	+2.394	+2.393	+2.390	+2.212	+2.377	+2.368	+2.375	+2.313	+2.366	+2.363	+2.322	+2.302	+2.305	+3.112	+2.978	+3.464	+3.531	+3.471	+3.461	+3.464	+3.474	+3.446	+1.154	+3.252	+3.362	+3.363	+3.035	+3.050	+5.838	+2.822	+2.851	+2.821	+3.227	+2.837	+3.401	+4.281	+3.994	+3.192	+2.784	+2.876	+2.829	+0.773	+8.471	+7.841	+5.067	+5.434	+8.494	+5.658	+4.768	+5.287	+5.313	+5.316	+0.774	+0.774	+0.810	+0.847	+0.682	+0.691	+0.746	+0.748	+0.748	+0.740	+0.530	+0.538	+0.529	+0.521	+0.526	+0.520	+0.526	+0.525	+0.529	+0.529	+0.525	+0.541	+0.614	+0.657	+0.678	+0.792	+0.688	+0.717	+0.719	+0.719	+0.719	+0.696	+0.717	
rs9955466      +0.518	+0.658	+0.414	+0.438	+0.400	+0.395	+0.456	+0.460	+0.431	+0.837	+0.599	+0.488	+0.640	+0.633	+0.588	+0.971	+0.655	+1.037	+0.544	+0.602	+0.605	+0.606	+0.561	+0.446	+1.872	+1.939	+4.895	+0.399	+4.821	+0.398	+0.398	+0.398	+4.791	+0.395	+0.667	+4.833	+0.376	+1.503	+1.504	+1.504	+1.504	+2.614	+0.378	+2.668	+2.648	+2.157	+4.986	+2.667	+2.667	+2.849	+2.785	+2.848	+2.849	+2.849	+2.847	+2.847	+2.806	+2.814	+2.556	+2.547	+2.519	+2.495	+2.485	+2.883	+10.641	+4.770	+9.613	+9.775	+9.760	+9.773	+4.466	+9.777	+8.453	+9.820	+9.486	+4.705	+2.037	+2.986	+2.635	+1.973	+2.635	+9.691	+9.691	+9.689	+9.685	+2.660	+2.704	+2.201	+2.201	+1.963	+1.960	+1.966	+1.966	+1.911	+1.940	+1.939	+1.939	+1.929	+2.741	+4.723	+1.929	+1.929	+1.925	+1.746	+1.912	+1.904	+1.910	+1.849	+1.902	+1.898	+1.858	+1.838	+1.841	+2.529	+2.393	+2.875	+2.956	+2.882	+2.872	+2.876	+2.886	+2.857	+0.646	+2.671	+2.777	+2.779	+2.458	+2.473	+5.200	+2.249	+2.275	+2.248	+2.639	+2.263	+2.811	+3.676	+3.391	+2.605	+2.212	+2.303	+2.258	+0.309	+7.776	+7.173	+4.433	+4.810	+7.812	+5.010	+4.151	+4.648	+4.672	+4.675	+0.309	+0.310	+0.344	+0.384	+0.223	+0.232	+0.286	+0.288	+0.288	+0.281	+0.076	+0.084	+0.074	+0.067	+0.072	+0.066	+0.071	+0.071	+0.074	+0.074	+0.071	+0.086	+0.158	+0.200	+0.221	+0.324	+0.227	+0.256	+0.258	+0.258	+0.258	+0.236	+0.256	
rs145908261    +1.150	+1.309	+1.006	+1.043	+0.983	+0.972	+0.927	+0.927	+0.886	+1.135	+0.976	+0.912	+1.029	+1.031	+1.156	+1.182	+1.037	+1.267	+1.222	+1.050	+1.049	+1.049	+1.068	+0.951	+2.399	+2.463	+5.496	+0.953	+5.416	+0.953	+0.953	+0.952	+5.386	+0.949	+1.203	+5.428	+0.929	+2.030	+2.031	+2.031	+2.031	+3.209	+0.931	+3.263	+3.243	+2.754	+5.578	+3.263	+3.263	+3.445	+3.381	+3.444	+3.446	+3.446	+3.444	+3.444	+3.399	+3.407	+3.139	+3.130	+3.100	+3.077	+3.066	+3.416	+11.434	+5.535	+10.397	+10.554	+10.538	+10.552	+5.203	+10.555	+9.235	+10.599	+10.251	+5.468	+2.574	+3.715	+3.369	+2.508	+3.369	+10.465	+10.466	+10.463	+10.460	+3.394	+3.440	+2.741	+2.741	+2.497	+2.494	+2.501	+2.501	+2.446	+2.474	+2.473	+2.473	+2.463	+3.479	+5.483	+2.463	+2.462	+2.459	+2.280	+2.446	+2.438	+2.444	+2.381	+2.435	+2.432	+2.392	+2.372	+2.375	+3.238	+3.112	+3.596	+3.664	+3.603	+3.593	+3.597	+3.607	+3.578	+1.260	+3.382	+3.494	+3.496	+3.173	+3.188	+5.960	+2.954	+2.984	+2.954	+3.365	+2.970	+3.546	+4.432	+4.138	+3.329	+2.916	+3.009	+2.964	+0.860	+8.650	+8.025	+5.233	+5.585	+8.667	+5.815	+4.925	+5.439	+5.465	+5.469	+0.861	+0.861	+0.899	+0.933	+0.767	+0.776	+0.831	+0.833	+0.833	+0.825	+0.615	+0.623	+0.613	+0.605	+0.610	+0.605	+0.610	+0.610	+0.613	+0.613	+0.610	+0.625	+0.699	+0.741	+0.762	+0.881	+0.773	+0.803	+0.805	+0.805	+0.805	+0.782	+0.803	
rs9946569      +0.337	+0.401	+0.293	+0.300	+0.290	+0.307	+0.416	+0.421	+0.400	+0.833	+0.585	+0.465	+0.597	+0.587	+0.570	+1.008	+0.544	+1.222	+0.600	+0.545	+0.550	+0.550	+0.478	+0.402	+1.789	+1.892	+4.870	+0.339	+4.787	+0.338	+0.338	+0.338	+4.757	+0.335	+0.622	+4.799	+0.316	+1.454	+1.455	+1.455	+1.455	+2.590	+0.318	+2.644	+2.624	+2.136	+4.952	+2.644	+2.644	+2.826	+2.761	+2.824	+2.825	+2.826	+2.824	+2.824	+2.781	+2.789	+2.528	+2.518	+2.490	+2.466	+2.456	+2.815	+10.635	+4.735	+9.602	+9.765	+9.749	+9.763	+4.427	+9.766	+8.460	+9.809	+9.477	+4.670	+1.967	+2.955	+2.614	+1.903	+2.615	+9.669	+9.670	+9.667	+9.663	+2.640	+2.685	+2.127	+2.127	+1.889	+1.887	+1.893	+1.893	+1.838	+1.867	+1.866	+1.866	+1.856	+2.722	+4.681	+1.856	+1.855	+1.852	+1.674	+1.839	+1.831	+1.838	+1.776	+1.828	+1.825	+1.785	+1.765	+1.768	+2.495	+2.368	+2.843	+2.925	+2.849	+2.839	+2.843	+2.853	+2.825	+0.593	+2.636	+2.743	+2.745	+2.434	+2.449	+5.158	+2.223	+2.250	+2.222	+2.618	+2.237	+2.793	+3.670	+3.382	+2.584	+2.185	+2.276	+2.231	+0.251	+7.788	+7.174	+4.410	+4.799	+7.823	+4.996	+4.126	+4.629	+4.653	+4.657	+0.251	+0.251	+0.286	+0.324	+0.163	+0.172	+0.226	+0.228	+0.228	+0.220	+0.017	+0.025	+0.016	+0.008	+0.013	+0.008	+0.013	+0.013	+0.016	+0.016	+0.012	+0.027	+0.098	+0.140	+0.161	+0.263	+0.167	+0.196	+0.198	+0.198	+0.198	+0.176	+0.196	
rs28372460     +0.482	+0.628	+0.393	+0.414	+0.383	+0.388	+0.456	+0.460	+0.433	+0.839	+0.602	+0.491	+0.635	+0.626	+0.588	+0.957	+0.602	+1.050	+0.545	+0.658	+0.626	+0.627	+0.562	+0.447	+1.874	+1.938	+4.895	+0.400	+4.825	+0.400	+0.399	+0.399	+4.796	+0.396	+0.670	+4.837	+0.377	+1.502	+1.504	+1.503	+1.504	+2.622	+0.379	+2.676	+2.656	+2.166	+4.986	+2.676	+2.676	+2.857	+2.793	+2.856	+2.857	+2.857	+2.855	+2.855	+2.814	+2.822	+2.563	+2.554	+2.525	+2.502	+2.492	+2.887	+10.637	+4.781	+9.609	+9.765	+9.749	+9.762	+4.476	+9.765	+8.450	+9.808	+9.475	+4.713	+2.036	+2.986	+2.635	+1.973	+2.635	+9.670	+9.671	+9.668	+9.665	+2.659	+2.703	+2.198	+2.198	+1.960	+1.957	+1.964	+1.963	+1.908	+1.937	+1.936	+1.935	+1.926	+2.740	+4.725	+1.926	+1.925	+1.922	+1.743	+1.909	+1.901	+1.907	+1.846	+1.898	+1.895	+1.855	+1.835	+1.838	+2.526	+2.393	+2.873	+2.954	+2.880	+2.870	+2.874	+2.884	+2.855	+0.648	+2.669	+2.776	+2.777	+2.460	+2.474	+5.197	+2.250	+2.276	+2.249	+2.639	+2.265	+2.813	+3.678	+3.391	+2.606	+2.213	+2.305	+2.261	+0.311	+7.782	+7.189	+4.448	+4.843	+7.814	+5.014	+4.163	+4.651	+4.675	+4.679	+0.311	+0.311	+0.346	+0.384	+0.224	+0.232	+0.286	+0.289	+0.289	+0.281	+0.078	+0.086	+0.076	+0.068	+0.073	+0.068	+0.073	+0.073	+0.076	+0.076	+0.073	+0.087	+0.158	+0.200	+0.220	+0.327	+0.226	+0.255	+0.257	+0.257	+0.257	+0.235	+0.255	
rs11080899     +0.491	+0.637	+0.401	+0.422	+0.390	+0.395	+0.461	+0.465	+0.438	+0.842	+0.606	+0.495	+0.636	+0.628	+0.592	+0.956	+0.605	+1.049	+0.550	+0.626	+0.666	+0.631	+0.570	+0.452	+1.882	+1.944	+4.903	+0.407	+4.833	+0.407	+0.407	+0.406	+4.803	+0.403	+0.676	+4.845	+0.384	+1.508	+1.510	+1.509	+1.509	+2.630	+0.386	+2.684	+2.664	+2.174	+4.994	+2.683	+2.683	+2.864	+2.801	+2.863	+2.864	+2.864	+2.863	+2.863	+2.822	+2.830	+2.571	+2.562	+2.532	+2.510	+2.499	+2.895	+10.650	+4.793	+9.621	+9.777	+9.761	+9.775	+4.488	+9.778	+8.463	+9.821	+9.487	+4.726	+2.043	+2.996	+2.645	+1.980	+2.645	+9.683	+9.683	+9.681	+9.677	+2.669	+2.713	+2.205	+2.205	+1.967	+1.964	+1.971	+1.970	+1.915	+1.944	+1.943	+1.943	+1.933	+2.750	+4.736	+1.933	+1.933	+1.929	+1.750	+1.916	+1.908	+1.914	+1.853	+1.906	+1.902	+1.862	+1.842	+1.845	+2.536	+2.403	+2.883	+2.964	+2.889	+2.880	+2.883	+2.893	+2.865	+0.657	+2.678	+2.785	+2.787	+2.469	+2.484	+5.208	+2.259	+2.286	+2.258	+2.649	+2.274	+2.823	+3.688	+3.400	+2.615	+2.222	+2.314	+2.270	+0.318	+7.794	+7.202	+4.461	+4.857	+7.826	+5.026	+4.175	+4.663	+4.687	+4.691	+0.318	+0.318	+0.353	+0.391	+0.231	+0.239	+0.293	+0.296	+0.296	+0.288	+0.085	+0.092	+0.083	+0.075	+0.080	+0.075	+0.080	+0.080	+0.083	+0.083	+0.080	+0.094	+0.165	+0.207	+0.227	+0.334	+0.233	+0.262	+0.264	+0.264	+0.264	+0.242	+0.262	
rs11080900     +0.491	+0.638	+0.402	+0.422	+0.391	+0.396	+0.462	+0.466	+0.439	+0.842	+0.606	+0.496	+0.637	+0.629	+0.592	+0.956	+0.606	+1.049	+0.550	+0.627	+0.631	+0.667	+0.570	+0.453	+1.883	+1.944	+4.903	+0.408	+4.833	+0.407	+0.407	+0.407	+4.804	+0.404	+0.676	+4.846	+0.385	+1.509	+1.510	+1.510	+1.510	+2.631	+0.387	+2.685	+2.665	+2.175	+4.995	+2.684	+2.684	+2.865	+2.801	+2.864	+2.865	+2.865	+2.863	+2.863	+2.823	+2.830	+2.571	+2.562	+2.533	+2.510	+2.500	+2.896	+10.651	+4.794	+9.622	+9.778	+9.762	+9.776	+4.489	+9.779	+8.464	+9.822	+9.488	+4.726	+2.044	+2.997	+2.646	+1.981	+2.646	+9.684	+9.684	+9.682	+9.678	+2.670	+2.714	+2.206	+2.206	+1.968	+1.965	+1.971	+1.971	+1.916	+1.945	+1.943	+1.943	+1.933	+2.751	+4.737	+1.934	+1.933	+1.930	+1.751	+1.917	+1.908	+1.915	+1.854	+1.906	+1.903	+1.863	+1.843	+1.846	+2.536	+2.404	+2.883	+2.965	+2.890	+2.880	+2.884	+2.894	+2.866	+0.657	+2.679	+2.786	+2.788	+2.470	+2.485	+5.209	+2.260	+2.286	+2.259	+2.650	+2.275	+2.824	+3.688	+3.401	+2.616	+2.223	+2.315	+2.271	+0.318	+7.795	+7.203	+4.462	+4.858	+7.827	+5.027	+4.176	+4.664	+4.688	+4.692	+0.319	+0.319	+0.354	+0.392	+0.231	+0.240	+0.294	+0.296	+0.296	+0.289	+0.085	+0.093	+0.084	+0.076	+0.081	+0.075	+0.081	+0.080	+0.084	+0.084	+0.080	+0.094	+0.166	+0.207	+0.228	+0.335	+0.234	+0.262	+0.264	+0.264	+0.264	+0.242	+0.262	
rs28608619     +0.311	+0.396	+0.256	+0.266	+0.252	+0.268	+0.379	+0.384	+0.359	+0.810	+0.551	+0.426	+0.594	+0.583	+0.534	+0.987	+0.561	+1.068	+0.478	+0.562	+0.570	+0.570	+0.536	+0.346	+1.753	+1.849	+4.781	+0.286	+4.707	+0.285	+0.285	+0.285	+4.677	+0.282	+0.569	+4.720	+0.263	+1.411	+1.412	+1.412	+1.412	+2.500	+0.265	+2.554	+2.534	+2.046	+4.872	+2.553	+2.553	+2.735	+2.671	+2.734	+2.735	+2.735	+2.733	+2.733	+2.692	+2.700	+2.444	+2.434	+2.406	+2.383	+2.372	+2.759	+10.487	+4.625	+9.461	+9.622	+9.607	+9.620	+4.322	+9.623	+8.312	+9.666	+9.333	+4.559	+1.923	+2.847	+2.499	+1.860	+2.499	+9.527	+9.528	+9.525	+9.522	+2.523	+2.567	+2.083	+2.083	+1.847	+1.844	+1.850	+1.850	+1.795	+1.824	+1.823	+1.823	+1.813	+2.604	+4.569	+1.813	+1.813	+1.809	+1.631	+1.796	+1.788	+1.794	+1.734	+1.785	+1.782	+1.742	+1.722	+1.725	+2.391	+2.258	+2.735	+2.814	+2.741	+2.732	+2.735	+2.745	+2.717	+0.524	+2.532	+2.637	+2.639	+2.326	+2.340	+5.046	+2.118	+2.143	+2.117	+2.506	+2.132	+2.677	+3.540	+3.256	+2.472	+2.081	+2.173	+2.129	+0.197	+7.624	+7.023	+4.289	+4.682	+7.659	+4.862	+4.007	+4.501	+4.525	+4.529	+0.198	+0.198	+0.232	+0.270	+0.111	+0.119	+0.173	+0.175	+0.175	+0.167	-0.034	-0.026	-0.035	-0.043	-0.038	-0.043	-0.038	-0.038	-0.035	-0.035	-0.039	-0.025	+0.045	+0.086	+0.106	+0.213	+0.112	+0.140	+0.142	+0.142	+0.142	+0.121	+0.140	
rs12606742     -0.183	-0.172	-0.077	-0.118	-0.053	+0.054	+0.313	+0.322	+0.285	+0.808	+0.534	+0.380	+0.525	+0.512	+0.499	+0.871	+0.446	+0.951	+0.402	+0.447	+0.452	+0.453	+0.346	+0.010	+1.283	+1.987	+4.706	-0.181	+4.629	-0.182	-0.182	-0.182	+4.599	-0.185	+0.336	+4.642	-0.204	+1.439	+1.440	+1.439	+1.439	+2.081	-0.202	+2.135	+2.115	+1.583	+4.797	+2.135	+2.135	+2.353	+2.287	+2.352	+2.353	+2.353	+2.351	+2.352	+2.328	+2.336	+2.031	+2.022	+1.995	+1.972	+1.968	+2.375	+9.644	+3.546	+8.598	+8.751	+8.737	+8.749	+3.282	+8.752	+7.373	+8.792	+8.422	+3.486	+1.586	+2.042	+1.656	+1.544	+1.656	+8.647	+8.648	+8.645	+8.641	+1.692	+1.731	+1.767	+1.768	+1.524	+1.521	+1.527	+1.527	+1.468	+1.500	+1.498	+1.498	+1.488	+1.764	+3.517	+1.488	+1.487	+1.483	+1.301	+1.469	+1.460	+1.469	+1.406	+1.458	+1.454	+1.412	+1.390	+1.393	+1.617	+1.449	+1.935	+1.996	+1.940	+1.931	+1.934	+1.943	+1.915	-0.122	+1.748	+1.844	+1.846	+1.485	+1.498	+3.969	+1.297	+1.320	+1.297	+1.651	+1.311	+1.813	+2.582	+2.318	+1.619	+1.263	+1.351	+1.314	-0.277	+6.362	+5.670	+3.127	+3.468	+6.452	+3.802	+2.918	+3.462	+3.482	+3.485	-0.278	-0.277	-0.248	-0.227	-0.378	-0.370	-0.318	-0.322	-0.322	-0.327	-0.499	-0.491	-0.499	-0.507	-0.502	-0.508	-0.502	-0.502	-0.499	-0.499	-0.503	-0.495	-0.435	-0.393	-0.374	-0.240	-0.379	-0.352	-0.351	-0.351	-0.351	-0.372	-0.352	
rs7504694      +1.060	+1.053	+1.223	+1.168	+1.257	+1.390	+1.737	+1.749	+1.669	+2.297	+1.976	+1.788	+1.963	+1.943	+1.892	+2.329	+1.872	+2.399	+1.789	+1.874	+1.882	+1.883	+1.753	+1.283	+1.038	+1.710	+3.720	+0.727	+3.654	+0.727	+0.727	+0.726	+3.632	+0.725	+0.852	+3.670	+0.719	+1.493	+1.494	+1.493	+1.493	+1.894	+0.720	+1.937	+1.921	+1.689	+3.801	+1.937	+1.937	+2.048	+1.999	+2.047	+2.048	+2.048	+2.047	+2.047	+2.031	+2.038	+1.882	+1.875	+1.855	+1.837	+1.828	+2.266	+8.914	+3.735	+8.009	+8.155	+8.143	+8.154	+3.467	+8.157	+7.426	+8.196	+7.868	+3.688	+1.567	+3.299	+3.291	+1.542	+3.291	+8.070	+8.071	+8.069	+8.066	+3.338	+3.387	+1.715	+1.715	+1.530	+1.528	+1.533	+1.532	+1.490	+1.513	+1.512	+1.512	+1.505	+3.425	+3.731	+1.505	+1.504	+1.502	+1.354	+1.492	+1.486	+1.490	+1.450	+1.485	+1.482	+1.453	+1.439	+1.441	+2.777	+3.017	+3.142	+3.196	+3.147	+3.138	+3.141	+3.152	+3.126	+1.066	+2.943	+3.042	+3.043	+2.897	+2.911	+4.162	+2.656	+2.687	+2.655	+3.074	+2.670	+3.243	+4.076	+3.753	+3.038	+2.617	+2.719	+2.665	+0.727	+7.593	+6.897	+4.432	+3.731	+7.658	+5.088	+4.196	+4.762	+4.779	+4.782	+0.739	+0.739	+0.809	+0.769	+0.612	+0.620	+0.676	+0.667	+0.667	+0.664	+0.483	+0.488	+0.482	+0.477	+0.480	+0.477	+0.480	+0.480	+0.482	+0.482	+0.479	+0.504	+0.585	+0.634	+0.652	+0.680	+0.658	+0.687	+0.690	+0.690	+0.690	+0.666	+0.688	
rs6505982      +1.376	+1.365	+1.478	+1.438	+1.502	+1.598	+1.847	+1.857	+1.820	+2.320	+2.071	+1.910	+2.013	+1.998	+2.028	+2.398	+1.939	+2.463	+1.892	+1.938	+1.944	+1.944	+1.849	+1.987	+1.710	+1.652	+3.741	+1.311	+3.676	+1.310	+1.310	+1.310	+3.652	+1.309	+1.254	+3.689	+1.307	+1.329	+1.329	+1.329	+1.329	+2.239	+1.307	+2.279	+2.265	+2.108	+3.820	+2.279	+2.279	+2.371	+2.326	+2.371	+2.372	+2.372	+2.371	+2.371	+2.365	+2.371	+2.240	+2.233	+2.214	+2.198	+2.203	+2.670	+11.045	+5.514	+10.138	+10.287	+10.273	+10.286	+5.191	+10.290	+10.029	+10.332	+10.050	+5.447	+1.967	+5.763	+6.182	+1.938	+6.182	+10.164	+10.165	+10.163	+10.160	+6.147	+6.221	+2.097	+2.097	+1.927	+1.925	+1.929	+1.929	+1.890	+1.912	+1.911	+1.911	+1.904	+6.272	+5.411	+1.905	+1.904	+1.902	+1.758	+1.893	+1.888	+1.896	+1.851	+1.886	+1.884	+1.859	+1.846	+1.848	+4.829	+5.609	+5.349	+5.452	+5.354	+5.342	+5.345	+5.356	+5.325	+2.392	+5.066	+5.198	+5.198	+5.257	+5.276	+5.924	+4.905	+4.919	+4.903	+5.532	+4.923	+5.802	+6.165	+5.754	+5.480	+4.846	+4.979	+4.891	+1.333	+9.902	+9.860	+7.606	+6.002	+10.002	+7.750	+7.268	+7.347	+7.362	+7.367	+1.348	+1.348	+1.435	+1.325	+1.185	+1.191	+1.237	+1.239	+1.239	+1.235	+1.073	+1.080	+1.070	+1.064	+1.068	+1.064	+1.068	+1.067	+1.070	+1.070	+1.067	+1.087	+1.168	+1.205	+1.225	+1.255	+1.225	+1.255	+1.257	+1.257	+1.257	+1.234	+1.256	
rs6505983      +4.129	+4.113	+4.281	+4.222	+4.316	+4.415	+4.753	+4.765	+4.754	+5.336	+5.067	+4.873	+4.996	+4.971	+4.974	+5.424	+4.895	+5.496	+4.870	+4.895	+4.903	+4.903	+4.781	+4.706	+3.720	+3.741	+4.295	+4.373	+4.265	+4.371	+4.371	+4.370	+4.253	+4.363	+3.647	+4.268	+4.311	+3.777	+3.776	+3.777	+3.777	+3.787	+4.315	+3.802	+3.797	+3.769	+4.350	+3.802	+3.802	+3.836	+3.819	+3.836	+3.837	+3.837	+3.836	+3.836	+3.833	+3.836	+3.810	+3.807	+3.800	+3.794	+3.799	+4.199	+11.073	+6.561	+10.260	+10.393	+10.382	+10.393	+6.313	+10.396	+8.646	+10.434	+10.137	+6.504	+4.006	+9.161	+7.395	+4.006	+7.394	+10.306	+10.306	+10.305	+10.302	+7.372	+7.432	+4.134	+4.134	+4.000	+3.999	+4.002	+4.002	+3.975	+3.990	+3.989	+3.989	+3.985	+7.473	+6.497	+3.986	+3.985	+3.983	+3.889	+3.978	+3.974	+3.979	+3.947	+3.973	+3.972	+3.956	+3.948	+3.949	+7.993	+6.921	+8.505	+8.580	+8.509	+8.495	+8.499	+8.510	+8.474	+5.651	+8.214	+8.346	+8.345	+6.735	+6.751	+6.972	+6.464	+6.488	+6.463	+7.018	+6.480	+7.185	+7.690	+7.347	+6.976	+6.418	+6.593	+6.514	+4.009	+10.268	+9.957	+7.825	+6.739	+10.270	+8.132	+7.504	+7.793	+7.820	+7.823	+3.978	+3.977	+3.892	+3.761	+3.656	+3.660	+3.693	+3.691	+3.691	+3.687	+3.586	+3.584	+3.587	+3.593	+3.582	+3.593	+3.583	+3.583	+3.581	+3.582	+3.583	+3.656	+3.777	+3.833	+3.865	+3.752	+3.865	+3.904	+3.906	+3.906	+3.906	+3.873	+3.905	
rs78900372     -0.362	-0.356	-0.227	-0.275	-0.198	-0.063	+0.242	+0.253	+0.207	+0.805	+0.492	+0.316	+0.481	+0.466	+0.447	+0.867	+0.399	+0.953	+0.339	+0.400	+0.407	+0.408	+0.286	-0.181	+0.727	+1.311	+4.373	-0.291	+4.295	-0.385	-0.386	-0.386	+4.266	-0.387	-0.085	+4.310	-0.393	+1.182	+1.183	+1.182	+1.182	+1.581	-0.393	+1.634	+1.614	+1.492	+4.465	+1.633	+1.633	+1.820	+1.757	+1.818	+1.820	+1.820	+1.818	+1.818	+1.777	+1.784	+1.554	+1.546	+1.519	+1.496	+1.488	+1.867	+8.753	+2.985	+7.747	+7.897	+7.884	+7.895	+2.718	+7.898	+8.181	+7.939	+7.604	+2.929	+1.064	+1.620	+1.591	+1.013	+1.591	+7.791	+7.792	+7.789	+7.785	+1.621	+1.665	+1.229	+1.229	+0.992	+0.989	+0.995	+0.995	+0.938	+0.968	+0.967	+0.967	+0.957	+1.701	+2.945	+0.957	+0.957	+0.952	+0.775	+0.939	+0.931	+0.938	+0.879	+0.928	+0.925	+0.884	+0.864	+0.867	+1.199	+1.362	+1.515	+1.574	+1.521	+1.512	+1.516	+1.525	+1.498	-0.453	+1.333	+1.431	+1.433	+1.451	+1.465	+3.383	+1.242	+1.267	+1.241	+1.623	+1.257	+1.800	+2.730	+2.435	+1.586	+1.203	+1.272	+1.231	-0.421	+6.644	+6.078	+3.241	+2.984	+6.711	+3.809	+2.990	+3.462	+3.475	+3.478	-0.400	-0.400	-0.284	-0.516	-0.669	-0.661	-0.609	-0.613	-0.613	-0.619	-0.796	-0.787	-0.797	-0.807	-0.799	-0.807	-0.800	-0.800	-0.796	-0.796	-0.800	-0.798	-0.740	-0.699	-0.681	-0.571	-0.682	-0.656	-0.655	-0.655	-0.655	-0.675	-0.656	
rs4797955      +4.056	+4.043	+4.208	+4.148	+4.242	+4.345	+4.684	+4.696	+4.684	+5.268	+4.997	+4.803	+4.919	+4.894	+4.891	+5.339	+4.821	+5.416	+4.787	+4.825	+4.833	+4.833	+4.707	+4.629	+3.654	+3.676	+4.265	+4.295	+4.219	+4.293	+4.293	+4.292	+4.220	+4.285	+3.574	+4.241	+4.233	+3.700	+3.700	+3.700	+3.700	+3.724	+4.237	+3.739	+3.734	+3.691	+4.328	+3.739	+3.739	+3.774	+3.756	+3.774	+3.775	+3.775	+3.775	+3.775	+3.771	+3.774	+3.746	+3.744	+3.737	+3.730	+3.736	+4.142	+11.024	+6.494	+10.209	+10.347	+10.336	+10.347	+6.246	+10.350	+8.601	+10.388	+10.090	+6.437	+3.943	+9.068	+7.318	+3.943	+7.318	+10.259	+10.260	+10.258	+10.256	+7.296	+7.356	+4.072	+4.072	+3.937	+3.936	+3.939	+3.939	+3.912	+3.927	+3.926	+3.927	+3.923	+7.397	+6.430	+3.923	+3.922	+3.920	+3.825	+3.915	+3.911	+3.916	+3.884	+3.910	+3.909	+3.893	+3.884	+3.886	+7.909	+6.842	+8.416	+8.491	+8.420	+8.406	+8.410	+8.421	+8.386	+5.559	+8.129	+8.259	+8.259	+6.658	+6.674	+6.910	+6.389	+6.412	+6.388	+6.943	+6.404	+7.109	+7.617	+7.275	+6.902	+6.342	+6.518	+6.435	+3.931	+10.203	+9.880	+7.746	+6.676	+10.204	+8.062	+7.423	+7.724	+7.750	+7.754	+3.902	+3.902	+3.818	+3.690	+3.584	+3.589	+3.621	+3.619	+3.619	+3.615	+3.514	+3.512	+3.515	+3.521	+3.510	+3.521	+3.511	+3.511	+3.509	+3.510	+3.511	+3.583	+3.704	+3.760	+3.792	+3.681	+3.791	+3.829	+3.832	+3.832	+3.832	+3.799	+3.830	
rs78133824     -0.362	-0.357	-0.228	-0.276	-0.199	-0.064	+0.241	+0.252	+0.206	+0.805	+0.491	+0.316	+0.480	+0.465	+0.446	+0.866	+0.398	+0.953	+0.338	+0.400	+0.407	+0.407	+0.285	-0.182	+0.727	+1.310	+4.371	-0.385	+4.293	-0.291	-0.386	-0.386	+4.264	-0.388	-0.086	+4.308	-0.393	+1.180	+1.181	+1.181	+1.181	+1.580	-0.394	+1.634	+1.614	+1.491	+4.463	+1.633	+1.633	+1.819	+1.757	+1.818	+1.820	+1.820	+1.818	+1.818	+1.777	+1.784	+1.554	+1.545	+1.519	+1.496	+1.488	+1.867	+8.753	+2.984	+7.747	+7.897	+7.884	+7.895	+2.717	+7.898	+8.178	+7.939	+7.604	+2.929	+1.064	+1.620	+1.590	+1.013	+1.590	+7.791	+7.792	+7.789	+7.785	+1.620	+1.663	+1.230	+1.230	+0.992	+0.989	+0.995	+0.995	+0.938	+0.968	+0.967	+0.967	+0.957	+1.700	+2.945	+0.957	+0.957	+0.953	+0.775	+0.939	+0.931	+0.938	+0.880	+0.928	+0.925	+0.884	+0.864	+0.867	+1.199	+1.361	+1.515	+1.574	+1.521	+1.512	+1.515	+1.525	+1.498	-0.454	+1.333	+1.431	+1.433	+1.450	+1.464	+3.383	+1.241	+1.266	+1.240	+1.622	+1.255	+1.798	+2.728	+2.434	+1.585	+1.201	+1.271	+1.230	-0.422	+6.642	+6.076	+3.239	+2.984	+6.709	+3.807	+2.988	+3.461	+3.473	+3.477	-0.402	-0.401	-0.285	-0.517	-0.670	-0.662	-0.610	-0.613	-0.613	-0.620	-0.797	-0.788	-0.797	-0.807	-0.800	-0.808	-0.800	-0.800	-0.796	-0.797	-0.801	-0.799	-0.741	-0.700	-0.681	-0.571	-0.683	-0.657	-0.655	-0.655	-0.655	-0.675	-0.656	
