## Summary of overall evidence for association with region:
## log10(BF for region) = -0.372367
## p-value for region = NA

## BFs for choosing among multi-SNP models:
## log10(average 1-SNP BF) = -0.309926
## log10(average 2-SNP BF) = -0.533045

## Example posterior probabilities for multi-SNP models, based on default prior: [p(l) propto 0.5^l for l=1,2,...,L]
## posterior probability of 1-SNP = 0.769749
## posterior probability of 2-SNP = 0.230251

## log10(BF) for single SNP and pair of SNPs:
rs43120        -0.135	-0.232	-0.231	-0.298	-0.243	-0.243	-0.243	-0.304	-0.305	-0.249	-0.249	-0.250	-0.307	-0.276	-0.601	-0.150	-0.548	-0.192	-0.159	-0.175	-0.207	-0.282	-0.294	-0.405	-0.410	-0.444	-0.169	-0.166	-0.182	-0.475	-0.200	-0.197	-0.162	-0.278	-0.274	-0.328	-0.281	-0.140	-0.287	-0.382	-0.281	-0.439	-0.441	-0.491	-0.183	-0.462	-0.497	-0.295	-0.498	-0.300	-0.302	-0.105	-0.049	-0.016	-0.397	-0.347	-0.579	-0.130	-0.348	-0.493	-0.458	-0.455	-0.324	-0.473	-0.476	-0.411	-0.576	-0.595	-0.597	-0.590	-0.551	-0.598	-0.592	-0.662	-0.561	-0.629	-0.662	-0.593	-0.599	-0.378	-0.553	-0.600	-0.599	-0.622	-0.597	-0.598	-0.369	-0.532	-0.608	-0.613	-0.615	-0.590	-0.594	-0.148	-0.620	-0.619	-0.325	-0.590	-0.590	-0.580	-0.637	-0.336	-0.519	-0.620	-0.618	-0.569	-0.616	-0.621	-0.620	-0.568	-0.561	-0.567	-0.566	-0.594	-0.518	-0.517	-0.513	-0.575	-0.602	-0.593	-0.605	-0.591	-0.582	+0.102	-0.603	-0.573	-0.566	-0.571	-0.583	-0.566	-0.564	-0.566	-0.573	-0.614	-0.583	-0.580	-0.574	-0.581	-0.573	-0.584	-0.581	-0.611	-0.577	-0.563	-0.607	-0.576	-0.572	-0.575	-0.596	-0.564	-0.589	-0.517	-0.181	-0.582	-0.582	-0.551	-0.588	-0.588	-0.265	-0.590	-0.291	-0.618	-0.289	-0.617	-0.617	-0.622	-0.329	-0.334	-0.618	-0.623	-0.621	-0.621	
rs1468202      -0.232	-0.137	-0.232	-0.300	-0.245	-0.245	-0.245	-0.306	-0.307	-0.252	-0.252	-0.252	-0.310	-0.279	-0.603	-0.152	-0.550	-0.194	-0.161	-0.177	-0.209	-0.283	-0.295	-0.406	-0.412	-0.446	-0.170	-0.167	-0.183	-0.476	-0.202	-0.199	-0.164	-0.280	-0.275	-0.330	-0.283	-0.141	-0.289	-0.383	-0.283	-0.440	-0.442	-0.492	-0.184	-0.464	-0.499	-0.297	-0.500	-0.302	-0.304	-0.106	-0.050	-0.017	-0.399	-0.349	-0.581	-0.131	-0.350	-0.495	-0.460	-0.457	-0.326	-0.475	-0.478	-0.413	-0.578	-0.597	-0.598	-0.591	-0.553	-0.599	-0.594	-0.664	-0.563	-0.631	-0.664	-0.595	-0.601	-0.380	-0.555	-0.602	-0.601	-0.624	-0.599	-0.599	-0.371	-0.534	-0.610	-0.615	-0.616	-0.592	-0.596	-0.150	-0.622	-0.620	-0.326	-0.592	-0.592	-0.582	-0.639	-0.338	-0.521	-0.621	-0.619	-0.571	-0.618	-0.623	-0.622	-0.569	-0.563	-0.569	-0.568	-0.596	-0.520	-0.519	-0.515	-0.577	-0.604	-0.595	-0.607	-0.593	-0.584	+0.100	-0.605	-0.575	-0.568	-0.572	-0.585	-0.568	-0.566	-0.568	-0.575	-0.616	-0.585	-0.582	-0.576	-0.583	-0.575	-0.586	-0.583	-0.612	-0.579	-0.564	-0.609	-0.578	-0.574	-0.576	-0.597	-0.566	-0.590	-0.519	-0.183	-0.583	-0.583	-0.553	-0.590	-0.590	-0.267	-0.592	-0.293	-0.620	-0.291	-0.619	-0.619	-0.624	-0.331	-0.335	-0.620	-0.625	-0.623	-0.623	
rs43121        -0.231	-0.232	-0.134	-0.298	-0.243	-0.243	-0.243	-0.303	-0.305	-0.249	-0.249	-0.250	-0.307	-0.276	-0.600	-0.150	-0.548	-0.191	-0.158	-0.175	-0.207	-0.282	-0.294	-0.405	-0.410	-0.444	-0.168	-0.165	-0.181	-0.474	-0.200	-0.196	-0.162	-0.278	-0.273	-0.328	-0.281	-0.140	-0.287	-0.382	-0.281	-0.439	-0.441	-0.490	-0.183	-0.462	-0.497	-0.295	-0.498	-0.300	-0.301	-0.105	-0.049	-0.016	-0.397	-0.347	-0.579	-0.129	-0.348	-0.493	-0.458	-0.455	-0.324	-0.473	-0.476	-0.411	-0.575	-0.595	-0.596	-0.589	-0.551	-0.597	-0.592	-0.661	-0.561	-0.629	-0.661	-0.592	-0.598	-0.378	-0.552	-0.600	-0.599	-0.622	-0.597	-0.597	-0.369	-0.531	-0.608	-0.613	-0.614	-0.589	-0.593	-0.148	-0.619	-0.618	-0.324	-0.590	-0.590	-0.580	-0.636	-0.336	-0.519	-0.619	-0.617	-0.568	-0.615	-0.621	-0.619	-0.567	-0.561	-0.567	-0.566	-0.594	-0.518	-0.517	-0.512	-0.575	-0.602	-0.593	-0.605	-0.591	-0.582	+0.103	-0.602	-0.573	-0.566	-0.570	-0.583	-0.566	-0.564	-0.566	-0.572	-0.613	-0.583	-0.580	-0.573	-0.581	-0.572	-0.583	-0.581	-0.610	-0.576	-0.562	-0.607	-0.576	-0.571	-0.574	-0.595	-0.564	-0.588	-0.516	-0.181	-0.581	-0.581	-0.550	-0.587	-0.588	-0.265	-0.590	-0.291	-0.618	-0.289	-0.617	-0.617	-0.622	-0.329	-0.333	-0.618	-0.623	-0.621	-0.621	
rs43124        -0.298	-0.300	-0.298	-0.182	-0.324	-0.324	-0.323	-0.381	-0.376	-0.331	-0.334	-0.334	-0.321	-0.345	-0.642	-0.190	-0.589	-0.232	-0.198	-0.214	-0.247	-0.302	-0.315	-0.435	-0.441	-0.476	-0.208	-0.205	-0.221	-0.510	-0.240	-0.236	-0.201	-0.320	-0.315	-0.361	-0.323	-0.156	-0.329	-0.415	-0.323	-0.474	-0.476	-0.528	-0.201	-0.499	-0.535	-0.337	-0.536	-0.341	-0.343	-0.121	-0.064	-0.029	-0.433	-0.381	-0.621	-0.155	-0.386	-0.538	-0.498	-0.495	-0.363	-0.518	-0.521	-0.451	-0.617	-0.637	-0.639	-0.632	-0.595	-0.640	-0.635	-0.707	-0.606	-0.675	-0.707	-0.635	-0.642	-0.424	-0.597	-0.643	-0.642	-0.668	-0.640	-0.640	-0.414	-0.575	-0.655	-0.660	-0.661	-0.632	-0.636	-0.196	-0.666	-0.665	-0.368	-0.633	-0.633	-0.622	-0.683	-0.379	-0.565	-0.665	-0.663	-0.615	-0.661	-0.667	-0.666	-0.613	-0.607	-0.613	-0.612	-0.637	-0.565	-0.565	-0.560	-0.617	-0.649	-0.640	-0.655	-0.638	-0.628	+0.052	-0.652	-0.614	-0.613	-0.617	-0.626	-0.613	-0.605	-0.613	-0.619	-0.663	-0.626	-0.622	-0.620	-0.624	-0.623	-0.633	-0.628	-0.653	-0.623	-0.604	-0.649	-0.622	-0.618	-0.615	-0.637	-0.605	-0.630	-0.556	-0.222	-0.628	-0.622	-0.591	-0.634	-0.634	-0.308	-0.636	-0.334	-0.664	-0.332	-0.663	-0.663	-0.668	-0.372	-0.377	-0.664	-0.669	-0.667	-0.667	
rs43125        -0.243	-0.245	-0.243	-0.324	-0.170	-0.269	-0.268	-0.341	-0.338	-0.278	-0.281	-0.281	-0.342	-0.311	-0.632	-0.181	-0.579	-0.223	-0.190	-0.206	-0.238	-0.299	-0.312	-0.428	-0.433	-0.468	-0.200	-0.197	-0.213	-0.500	-0.232	-0.228	-0.193	-0.310	-0.305	-0.352	-0.313	-0.155	-0.319	-0.407	-0.313	-0.465	-0.467	-0.518	-0.199	-0.489	-0.525	-0.327	-0.525	-0.332	-0.334	-0.120	-0.063	-0.029	-0.423	-0.372	-0.609	-0.150	-0.376	-0.527	-0.486	-0.483	-0.352	-0.507	-0.510	-0.439	-0.607	-0.627	-0.629	-0.622	-0.584	-0.630	-0.624	-0.695	-0.594	-0.662	-0.695	-0.625	-0.631	-0.411	-0.585	-0.632	-0.632	-0.655	-0.630	-0.630	-0.402	-0.564	-0.641	-0.646	-0.648	-0.622	-0.626	-0.181	-0.653	-0.652	-0.355	-0.622	-0.622	-0.612	-0.670	-0.366	-0.552	-0.652	-0.651	-0.601	-0.649	-0.655	-0.653	-0.600	-0.594	-0.600	-0.599	-0.626	-0.551	-0.551	-0.546	-0.607	-0.635	-0.626	-0.639	-0.624	-0.615	+0.069	-0.637	-0.605	-0.599	-0.603	-0.615	-0.599	-0.596	-0.599	-0.606	-0.648	-0.615	-0.612	-0.607	-0.613	-0.607	-0.618	-0.614	-0.643	-0.610	-0.594	-0.640	-0.609	-0.605	-0.606	-0.627	-0.596	-0.620	-0.548	-0.212	-0.614	-0.613	-0.582	-0.621	-0.621	-0.295	-0.623	-0.320	-0.651	-0.319	-0.650	-0.650	-0.655	-0.359	-0.363	-0.651	-0.656	-0.654	-0.654	
rs43126        -0.243	-0.245	-0.243	-0.324	-0.269	-0.171	-0.268	-0.341	-0.339	-0.278	-0.281	-0.281	-0.342	-0.312	-0.632	-0.182	-0.579	-0.223	-0.190	-0.206	-0.239	-0.300	-0.312	-0.428	-0.434	-0.469	-0.200	-0.197	-0.213	-0.501	-0.232	-0.228	-0.194	-0.310	-0.306	-0.353	-0.314	-0.155	-0.320	-0.407	-0.314	-0.465	-0.467	-0.518	-0.199	-0.489	-0.525	-0.328	-0.526	-0.332	-0.334	-0.120	-0.063	-0.030	-0.424	-0.372	-0.610	-0.151	-0.376	-0.527	-0.486	-0.483	-0.352	-0.508	-0.511	-0.439	-0.608	-0.628	-0.629	-0.622	-0.584	-0.630	-0.625	-0.695	-0.595	-0.663	-0.695	-0.625	-0.631	-0.412	-0.586	-0.633	-0.632	-0.656	-0.630	-0.630	-0.402	-0.565	-0.642	-0.647	-0.648	-0.622	-0.626	-0.181	-0.653	-0.652	-0.355	-0.623	-0.623	-0.613	-0.670	-0.366	-0.552	-0.653	-0.651	-0.602	-0.649	-0.655	-0.653	-0.601	-0.594	-0.600	-0.599	-0.627	-0.552	-0.551	-0.547	-0.608	-0.636	-0.627	-0.640	-0.625	-0.615	+0.068	-0.637	-0.605	-0.600	-0.604	-0.616	-0.600	-0.596	-0.599	-0.606	-0.648	-0.616	-0.612	-0.607	-0.614	-0.607	-0.618	-0.615	-0.643	-0.610	-0.595	-0.640	-0.609	-0.605	-0.606	-0.628	-0.596	-0.621	-0.549	-0.213	-0.615	-0.614	-0.583	-0.621	-0.621	-0.295	-0.624	-0.321	-0.651	-0.319	-0.651	-0.651	-0.656	-0.359	-0.364	-0.651	-0.656	-0.654	-0.654	
rs336          -0.243	-0.245	-0.243	-0.323	-0.268	-0.268	-0.168	-0.338	-0.336	-0.276	-0.279	-0.279	-0.340	-0.309	-0.629	-0.179	-0.577	-0.221	-0.188	-0.204	-0.236	-0.298	-0.310	-0.426	-0.432	-0.467	-0.198	-0.194	-0.211	-0.498	-0.229	-0.226	-0.191	-0.308	-0.303	-0.351	-0.311	-0.154	-0.317	-0.405	-0.311	-0.463	-0.465	-0.516	-0.198	-0.487	-0.523	-0.325	-0.524	-0.330	-0.331	-0.119	-0.062	-0.029	-0.421	-0.370	-0.607	-0.149	-0.374	-0.524	-0.484	-0.481	-0.350	-0.505	-0.508	-0.437	-0.605	-0.625	-0.627	-0.619	-0.581	-0.628	-0.622	-0.692	-0.592	-0.660	-0.693	-0.623	-0.629	-0.409	-0.583	-0.630	-0.629	-0.653	-0.627	-0.628	-0.399	-0.562	-0.639	-0.644	-0.645	-0.620	-0.624	-0.179	-0.650	-0.649	-0.353	-0.620	-0.620	-0.610	-0.667	-0.364	-0.550	-0.650	-0.648	-0.599	-0.647	-0.652	-0.651	-0.598	-0.591	-0.597	-0.596	-0.624	-0.549	-0.548	-0.544	-0.605	-0.633	-0.624	-0.637	-0.622	-0.613	+0.071	-0.634	-0.603	-0.597	-0.601	-0.613	-0.597	-0.594	-0.597	-0.603	-0.645	-0.613	-0.610	-0.604	-0.611	-0.604	-0.615	-0.612	-0.641	-0.607	-0.592	-0.637	-0.606	-0.602	-0.604	-0.625	-0.593	-0.618	-0.546	-0.210	-0.612	-0.611	-0.580	-0.618	-0.619	-0.293	-0.621	-0.318	-0.649	-0.317	-0.648	-0.648	-0.653	-0.357	-0.361	-0.648	-0.653	-0.652	-0.652	
rs10241805     -0.304	-0.306	-0.303	-0.381	-0.341	-0.341	-0.338	-0.238	-0.330	-0.350	-0.356	-0.355	-0.418	-0.389	-0.691	-0.238	-0.636	-0.281	-0.247	-0.263	-0.296	-0.323	-0.336	-0.463	-0.469	-0.506	-0.258	-0.254	-0.270	-0.543	-0.290	-0.286	-0.251	-0.370	-0.365	-0.388	-0.373	-0.172	-0.380	-0.445	-0.373	-0.506	-0.508	-0.563	-0.218	-0.532	-0.570	-0.388	-0.571	-0.392	-0.394	-0.136	-0.077	-0.042	-0.464	-0.409	-0.663	-0.176	-0.419	-0.592	-0.532	-0.528	-0.394	-0.573	-0.576	-0.484	-0.669	-0.689	-0.691	-0.684	-0.649	-0.692	-0.687	-0.760	-0.659	-0.728	-0.760	-0.687	-0.694	-0.472	-0.651	-0.695	-0.694	-0.721	-0.692	-0.692	-0.462	-0.630	-0.707	-0.712	-0.713	-0.684	-0.688	-0.246	-0.718	-0.717	-0.408	-0.685	-0.685	-0.674	-0.735	-0.419	-0.619	-0.717	-0.715	-0.667	-0.713	-0.719	-0.718	-0.666	-0.659	-0.665	-0.664	-0.687	-0.619	-0.619	-0.614	-0.669	-0.701	-0.692	-0.709	-0.690	-0.681	+0.003	-0.706	-0.664	-0.665	-0.670	-0.677	-0.665	-0.654	-0.665	-0.672	-0.717	-0.678	-0.671	-0.673	-0.675	-0.677	-0.688	-0.680	-0.704	-0.676	-0.655	-0.701	-0.675	-0.671	-0.664	-0.687	-0.657	-0.679	-0.608	-0.273	-0.680	-0.672	-0.643	-0.686	-0.687	-0.347	-0.689	-0.366	-0.716	-0.364	-0.716	-0.716	-0.720	-0.406	-0.411	-0.716	-0.721	-0.719	-0.719	
rs10228092     -0.305	-0.307	-0.305	-0.376	-0.338	-0.339	-0.336	-0.330	-0.221	-0.347	-0.352	-0.352	-0.409	-0.382	-0.676	-0.223	-0.621	-0.266	-0.232	-0.249	-0.281	-0.316	-0.329	-0.453	-0.459	-0.496	-0.243	-0.239	-0.256	-0.531	-0.275	-0.271	-0.236	-0.355	-0.350	-0.378	-0.358	-0.166	-0.365	-0.434	-0.358	-0.494	-0.497	-0.550	-0.212	-0.520	-0.558	-0.372	-0.559	-0.377	-0.379	-0.130	-0.072	-0.037	-0.452	-0.398	-0.649	-0.167	-0.406	-0.576	-0.519	-0.516	-0.382	-0.557	-0.560	-0.471	-0.654	-0.674	-0.676	-0.668	-0.633	-0.677	-0.671	-0.744	-0.644	-0.712	-0.744	-0.672	-0.678	-0.457	-0.635	-0.679	-0.679	-0.705	-0.677	-0.677	-0.447	-0.614	-0.691	-0.696	-0.698	-0.669	-0.673	-0.230	-0.702	-0.702	-0.394	-0.669	-0.669	-0.659	-0.719	-0.405	-0.603	-0.701	-0.699	-0.651	-0.697	-0.703	-0.702	-0.650	-0.643	-0.649	-0.649	-0.672	-0.603	-0.603	-0.598	-0.654	-0.685	-0.676	-0.692	-0.674	-0.665	+0.019	-0.690	-0.649	-0.650	-0.654	-0.662	-0.650	-0.639	-0.649	-0.656	-0.700	-0.662	-0.656	-0.657	-0.660	-0.661	-0.671	-0.664	-0.688	-0.660	-0.640	-0.685	-0.659	-0.655	-0.649	-0.672	-0.642	-0.664	-0.593	-0.258	-0.664	-0.657	-0.628	-0.671	-0.671	-0.333	-0.673	-0.352	-0.700	-0.350	-0.700	-0.700	-0.704	-0.392	-0.396	-0.700	-0.705	-0.703	-0.703	
rs43129        -0.249	-0.252	-0.249	-0.331	-0.278	-0.278	-0.276	-0.350	-0.347	-0.178	-0.281	-0.281	-0.346	-0.312	-0.639	-0.189	-0.586	-0.231	-0.198	-0.214	-0.246	-0.303	-0.316	-0.433	-0.439	-0.474	-0.208	-0.205	-0.221	-0.506	-0.240	-0.236	-0.201	-0.318	-0.313	-0.359	-0.321	-0.158	-0.327	-0.413	-0.321	-0.471	-0.473	-0.525	-0.202	-0.496	-0.532	-0.335	-0.532	-0.340	-0.342	-0.123	-0.066	-0.032	-0.430	-0.378	-0.617	-0.156	-0.383	-0.534	-0.493	-0.490	-0.359	-0.515	-0.518	-0.446	-0.615	-0.635	-0.636	-0.629	-0.591	-0.637	-0.632	-0.702	-0.602	-0.670	-0.703	-0.632	-0.639	-0.419	-0.593	-0.640	-0.639	-0.663	-0.637	-0.637	-0.409	-0.572	-0.649	-0.654	-0.655	-0.629	-0.633	-0.189	-0.660	-0.659	-0.362	-0.630	-0.630	-0.620	-0.677	-0.373	-0.559	-0.660	-0.658	-0.609	-0.656	-0.662	-0.661	-0.608	-0.601	-0.607	-0.606	-0.634	-0.559	-0.558	-0.554	-0.615	-0.643	-0.634	-0.647	-0.632	-0.622	+0.061	-0.644	-0.612	-0.607	-0.611	-0.623	-0.607	-0.603	-0.606	-0.613	-0.655	-0.623	-0.619	-0.614	-0.621	-0.614	-0.625	-0.622	-0.650	-0.617	-0.602	-0.647	-0.616	-0.612	-0.613	-0.635	-0.603	-0.628	-0.556	-0.220	-0.622	-0.620	-0.590	-0.628	-0.629	-0.302	-0.631	-0.327	-0.659	-0.326	-0.658	-0.658	-0.663	-0.366	-0.370	-0.658	-0.663	-0.661	-0.662	
rs4727156      -0.249	-0.252	-0.249	-0.334	-0.281	-0.281	-0.279	-0.356	-0.352	-0.281	-0.185	-0.284	-0.351	-0.316	-0.644	-0.195	-0.591	-0.236	-0.203	-0.219	-0.252	-0.306	-0.318	-0.437	-0.443	-0.478	-0.213	-0.210	-0.226	-0.511	-0.245	-0.241	-0.207	-0.324	-0.319	-0.363	-0.327	-0.160	-0.333	-0.417	-0.327	-0.476	-0.478	-0.529	-0.205	-0.500	-0.536	-0.341	-0.537	-0.345	-0.347	-0.125	-0.068	-0.034	-0.434	-0.382	-0.622	-0.159	-0.388	-0.540	-0.497	-0.494	-0.364	-0.521	-0.524	-0.450	-0.620	-0.640	-0.642	-0.635	-0.597	-0.643	-0.638	-0.708	-0.607	-0.676	-0.708	-0.638	-0.644	-0.424	-0.599	-0.645	-0.645	-0.669	-0.643	-0.643	-0.415	-0.577	-0.655	-0.660	-0.661	-0.635	-0.639	-0.194	-0.666	-0.665	-0.367	-0.635	-0.635	-0.625	-0.683	-0.379	-0.565	-0.666	-0.664	-0.614	-0.662	-0.668	-0.666	-0.613	-0.607	-0.613	-0.612	-0.639	-0.565	-0.564	-0.559	-0.620	-0.649	-0.639	-0.653	-0.638	-0.628	+0.055	-0.650	-0.618	-0.613	-0.617	-0.628	-0.612	-0.609	-0.612	-0.619	-0.661	-0.629	-0.625	-0.620	-0.626	-0.620	-0.631	-0.628	-0.656	-0.623	-0.607	-0.653	-0.622	-0.618	-0.619	-0.640	-0.609	-0.633	-0.561	-0.225	-0.628	-0.626	-0.595	-0.634	-0.634	-0.307	-0.636	-0.332	-0.664	-0.331	-0.664	-0.663	-0.668	-0.371	-0.375	-0.664	-0.669	-0.667	-0.667	
rs12386756     -0.250	-0.252	-0.250	-0.334	-0.281	-0.281	-0.279	-0.355	-0.352	-0.281	-0.284	-0.184	-0.350	-0.314	-0.643	-0.194	-0.591	-0.236	-0.203	-0.219	-0.251	-0.305	-0.318	-0.437	-0.442	-0.477	-0.213	-0.209	-0.225	-0.510	-0.244	-0.241	-0.206	-0.323	-0.318	-0.362	-0.326	-0.160	-0.332	-0.417	-0.326	-0.475	-0.477	-0.529	-0.205	-0.500	-0.536	-0.340	-0.537	-0.345	-0.347	-0.125	-0.068	-0.034	-0.434	-0.382	-0.621	-0.159	-0.387	-0.539	-0.497	-0.494	-0.363	-0.520	-0.523	-0.450	-0.620	-0.639	-0.641	-0.634	-0.596	-0.642	-0.637	-0.707	-0.607	-0.675	-0.708	-0.637	-0.643	-0.424	-0.598	-0.645	-0.644	-0.668	-0.642	-0.642	-0.414	-0.576	-0.654	-0.659	-0.660	-0.634	-0.638	-0.194	-0.665	-0.664	-0.367	-0.634	-0.635	-0.624	-0.682	-0.378	-0.564	-0.665	-0.663	-0.614	-0.661	-0.667	-0.665	-0.613	-0.606	-0.612	-0.611	-0.638	-0.564	-0.563	-0.559	-0.619	-0.648	-0.639	-0.652	-0.637	-0.627	+0.056	-0.649	-0.617	-0.612	-0.616	-0.628	-0.612	-0.608	-0.611	-0.618	-0.660	-0.628	-0.624	-0.619	-0.626	-0.619	-0.630	-0.627	-0.655	-0.622	-0.606	-0.652	-0.621	-0.617	-0.618	-0.639	-0.608	-0.632	-0.560	-0.224	-0.627	-0.625	-0.594	-0.633	-0.634	-0.307	-0.636	-0.332	-0.663	-0.330	-0.663	-0.663	-0.668	-0.370	-0.375	-0.663	-0.668	-0.666	-0.667	
rs12704392     -0.307	-0.310	-0.307	-0.321	-0.342	-0.342	-0.340	-0.418	-0.409	-0.346	-0.351	-0.350	-0.234	-0.364	-0.685	-0.236	-0.634	-0.279	-0.245	-0.261	-0.294	-0.324	-0.337	-0.467	-0.473	-0.510	-0.256	-0.252	-0.268	-0.546	-0.287	-0.283	-0.248	-0.367	-0.362	-0.395	-0.370	-0.174	-0.377	-0.452	-0.370	-0.511	-0.513	-0.567	-0.221	-0.538	-0.575	-0.384	-0.575	-0.389	-0.391	-0.139	-0.080	-0.044	-0.471	-0.416	-0.665	-0.185	-0.428	-0.587	-0.538	-0.535	-0.404	-0.568	-0.571	-0.491	-0.662	-0.684	-0.686	-0.678	-0.642	-0.687	-0.681	-0.755	-0.653	-0.724	-0.756	-0.681	-0.688	-0.471	-0.644	-0.690	-0.689	-0.717	-0.687	-0.687	-0.461	-0.622	-0.704	-0.709	-0.710	-0.678	-0.683	-0.243	-0.715	-0.714	-0.410	-0.679	-0.679	-0.668	-0.731	-0.422	-0.614	-0.713	-0.711	-0.663	-0.710	-0.715	-0.714	-0.662	-0.655	-0.661	-0.660	-0.683	-0.615	-0.614	-0.610	-0.663	-0.697	-0.688	-0.704	-0.686	-0.677	+0.005	-0.702	-0.660	-0.662	-0.666	-0.672	-0.662	-0.651	-0.661	-0.668	-0.712	-0.672	-0.667	-0.669	-0.670	-0.673	-0.683	-0.676	-0.699	-0.672	-0.649	-0.696	-0.671	-0.667	-0.660	-0.683	-0.651	-0.675	-0.601	-0.272	-0.676	-0.668	-0.636	-0.683	-0.683	-0.350	-0.685	-0.375	-0.712	-0.373	-0.712	-0.712	-0.716	-0.414	-0.418	-0.712	-0.717	-0.715	-0.715	
rs12704396     -0.276	-0.279	-0.276	-0.345	-0.311	-0.312	-0.309	-0.389	-0.382	-0.312	-0.316	-0.314	-0.364	-0.212	-0.667	-0.221	-0.616	-0.262	-0.229	-0.246	-0.278	-0.316	-0.329	-0.455	-0.460	-0.496	-0.240	-0.236	-0.252	-0.531	-0.271	-0.267	-0.232	-0.350	-0.345	-0.383	-0.353	-0.169	-0.360	-0.439	-0.353	-0.497	-0.500	-0.552	-0.215	-0.523	-0.559	-0.367	-0.560	-0.372	-0.374	-0.134	-0.075	-0.040	-0.457	-0.404	-0.646	-0.176	-0.413	-0.567	-0.521	-0.518	-0.389	-0.548	-0.551	-0.474	-0.645	-0.665	-0.667	-0.659	-0.622	-0.668	-0.662	-0.734	-0.633	-0.702	-0.735	-0.663	-0.669	-0.450	-0.624	-0.670	-0.670	-0.696	-0.668	-0.668	-0.441	-0.603	-0.682	-0.687	-0.688	-0.660	-0.664	-0.220	-0.693	-0.692	-0.392	-0.660	-0.660	-0.650	-0.710	-0.403	-0.593	-0.692	-0.690	-0.642	-0.689	-0.694	-0.693	-0.640	-0.634	-0.640	-0.639	-0.664	-0.593	-0.592	-0.588	-0.645	-0.676	-0.667	-0.681	-0.665	-0.656	+0.028	-0.678	-0.642	-0.640	-0.644	-0.653	-0.640	-0.632	-0.640	-0.646	-0.689	-0.653	-0.649	-0.647	-0.651	-0.648	-0.660	-0.655	-0.680	-0.650	-0.631	-0.677	-0.650	-0.646	-0.642	-0.664	-0.633	-0.657	-0.584	-0.251	-0.655	-0.649	-0.619	-0.661	-0.662	-0.331	-0.664	-0.356	-0.691	-0.354	-0.691	-0.690	-0.695	-0.394	-0.399	-0.691	-0.696	-0.694	-0.694	
rs7800039      -0.601	-0.603	-0.600	-0.642	-0.632	-0.632	-0.629	-0.691	-0.676	-0.639	-0.644	-0.643	-0.685	-0.667	-0.518	-0.503	-0.878	-0.546	-0.513	-0.529	-0.561	-0.428	-0.444	-0.431	-0.442	-0.519	-0.526	-0.519	-0.535	-0.664	-0.554	-0.550	-0.515	-0.635	-0.631	-0.570	-0.638	-0.262	-0.647	-0.635	-0.638	-0.702	-0.706	-0.774	-0.318	-0.741	-0.782	-0.652	-0.783	-0.657	-0.659	-0.230	-0.160	-0.118	-0.667	-0.598	-0.895	-0.329	-0.645	-0.858	-0.743	-0.739	-0.619	-0.849	-0.850	-0.699	-0.916	-0.940	-0.942	-0.933	-0.872	-0.943	-0.936	-1.006	-0.887	-0.951	-1.006	-0.937	-0.944	-0.734	-0.875	-0.946	-0.945	-0.940	-0.943	-0.943	-0.724	-0.845	-0.921	-0.929	-0.930	-0.933	-0.938	-0.536	-0.938	-0.937	-0.657	-0.935	-0.935	-0.923	-0.962	-0.668	-0.810	-0.972	-0.972	-0.873	-0.970	-0.975	-0.975	-0.872	-0.864	-0.871	-0.870	-0.935	-0.806	-0.805	-0.800	-0.917	-0.914	-0.902	-0.929	-0.899	-0.887	-0.311	-0.926	-0.910	-0.868	-0.873	-0.927	-0.868	-0.901	-0.867	-0.876	-0.940	-0.928	-0.917	-0.877	-0.925	-0.891	-0.910	-0.888	-0.960	-0.882	-0.903	-0.957	-0.881	-0.887	-0.907	-0.933	-0.904	-0.924	-0.854	-0.498	-0.890	-0.915	-0.889	-0.898	-0.898	-0.597	-0.901	-0.611	-0.940	-0.610	-0.939	-0.938	-0.945	-0.652	-0.657	-0.939	-0.946	-0.944	-0.944	
rs28406056     -0.150	-0.152	-0.150	-0.190	-0.181	-0.182	-0.179	-0.238	-0.223	-0.189	-0.195	-0.194	-0.236	-0.221	-0.503	-0.021	-0.466	-0.153	-0.134	-0.144	-0.159	-0.030	-0.045	-0.220	-0.226	-0.268	-0.158	-0.152	-0.163	-0.325	-0.175	-0.173	-0.155	-0.224	-0.222	-0.170	-0.225	+0.134	-0.227	-0.231	-0.225	-0.293	-0.296	-0.349	+0.086	-0.317	-0.357	-0.228	-0.358	-0.229	-0.229	+0.170	+0.231	+0.268	-0.246	-0.194	-0.244	+0.119	-0.218	-0.164	-0.011	-0.005	-0.193	-0.252	-0.245	+0.049	-0.482	-0.504	-0.507	-0.498	-0.432	-0.508	-0.501	-0.575	-0.448	-0.543	-0.575	-0.502	-0.509	-0.271	-0.434	-0.511	-0.510	-0.536	-0.508	-0.508	-0.259	-0.405	-0.521	-0.526	-0.527	-0.498	-0.503	-0.052	-0.533	-0.531	-0.179	-0.498	-0.498	-0.486	-0.547	-0.192	-0.458	-0.527	-0.528	-0.494	-0.527	-0.531	-0.533	-0.493	-0.487	-0.493	-0.492	-0.499	-0.430	-0.430	-0.425	-0.479	-0.507	-0.496	-0.500	-0.494	-0.484	+0.195	-0.497	-0.473	-0.467	-0.472	-0.490	-0.467	-0.416	-0.467	-0.474	-0.512	-0.490	-0.480	-0.475	-0.488	-0.462	-0.535	-0.483	-0.497	-0.478	-0.465	-0.493	-0.477	-0.477	-0.392	-0.426	-0.467	-0.415	-0.417	-0.046	-0.481	-0.406	-0.453	-0.488	-0.488	-0.119	-0.490	+0.081	-0.526	+0.083	-0.526	-0.526	-0.531	+0.019	+0.012	-0.526	-0.532	-0.530	-0.530	
rs73205960     -0.548	-0.550	-0.548	-0.589	-0.579	-0.579	-0.577	-0.636	-0.621	-0.586	-0.591	-0.591	-0.634	-0.616	-0.878	-0.466	-0.471	-0.513	-0.479	-0.495	-0.528	-0.420	-0.435	-0.590	-0.596	-0.640	-0.498	-0.488	-0.505	-0.693	-0.524	-0.520	-0.485	-0.608	-0.604	-0.402	-0.611	-0.257	-0.620	-0.476	-0.612	-0.559	-0.563	-0.555	-0.306	-0.511	-0.567	-0.625	-0.568	-0.629	-0.631	-0.219	-0.157	-0.120	-0.422	-0.444	-0.563	-0.283	-0.381	-0.793	-0.312	-0.306	-0.349	-0.800	-0.800	-0.255	-0.876	-0.897	-0.899	-0.891	-0.856	-0.901	-0.894	-0.972	-0.868	-0.950	-0.972	-0.895	-0.902	-0.682	-0.858	-0.903	-0.903	-0.946	-0.900	-0.901	-0.671	-0.835	-0.935	-0.938	-0.939	-0.891	-0.896	-0.472	-0.943	-0.942	-0.591	-0.892	-0.892	-0.881	-0.954	-0.603	-0.859	-0.929	-0.929	-0.895	-0.928	-0.932	-0.933	-0.894	-0.888	-0.893	-0.893	-0.892	-0.859	-0.858	-0.854	-0.875	-0.926	-0.917	-0.916	-0.916	-0.907	-0.238	-0.914	-0.867	-0.893	-0.897	-0.885	-0.893	-0.811	-0.893	-0.899	-0.925	-0.885	-0.875	-0.900	-0.883	-0.883	-0.913	-0.906	-0.889	-0.902	-0.861	-0.885	-0.901	-0.897	-0.856	-0.882	-0.863	-0.873	-0.814	-0.474	-0.904	-0.866	-0.849	-0.910	-0.910	-0.532	-0.912	-0.507	-0.937	-0.506	-0.937	-0.936	-0.940	-0.554	-0.559	-0.937	-0.941	-0.940	-0.940	
rs17351721     -0.192	-0.194	-0.191	-0.232	-0.223	-0.223	-0.221	-0.281	-0.266	-0.231	-0.236	-0.236	-0.279	-0.262	-0.546	-0.153	-0.513	-0.075	-0.135	-0.149	-0.169	-0.079	-0.094	-0.265	-0.271	-0.313	-0.171	-0.163	-0.179	-0.370	-0.196	-0.194	-0.167	-0.267	-0.265	-0.213	-0.268	+0.084	-0.271	-0.274	-0.269	-0.337	-0.340	-0.395	+0.036	-0.363	-0.404	-0.274	-0.405	-0.275	-0.275	+0.121	+0.182	+0.218	-0.292	-0.237	-0.310	+0.067	-0.266	-0.225	-0.083	-0.077	-0.241	-0.315	-0.308	-0.024	-0.528	-0.552	-0.554	-0.545	-0.483	-0.555	-0.548	-0.625	-0.498	-0.594	-0.625	-0.549	-0.556	-0.320	-0.485	-0.558	-0.557	-0.587	-0.555	-0.555	-0.307	-0.456	-0.573	-0.577	-0.579	-0.545	-0.550	-0.101	-0.584	-0.582	-0.225	-0.546	-0.546	-0.533	-0.598	-0.238	-0.508	-0.576	-0.576	-0.544	-0.576	-0.579	-0.581	-0.543	-0.537	-0.543	-0.542	-0.546	-0.484	-0.483	-0.479	-0.526	-0.559	-0.549	-0.554	-0.547	-0.537	+0.148	-0.551	-0.519	-0.520	-0.525	-0.537	-0.520	-0.470	-0.520	-0.527	-0.566	-0.538	-0.527	-0.528	-0.535	-0.517	-0.584	-0.535	-0.544	-0.531	-0.512	-0.540	-0.530	-0.530	-0.443	-0.477	-0.513	-0.466	-0.463	-0.108	-0.534	-0.456	-0.499	-0.541	-0.541	-0.164	-0.543	+0.024	-0.578	+0.026	-0.578	-0.577	-0.583	-0.038	-0.044	-0.578	-0.584	-0.581	-0.581	
rs4727163      -0.159	-0.161	-0.158	-0.198	-0.190	-0.190	-0.188	-0.247	-0.232	-0.198	-0.203	-0.203	-0.245	-0.229	-0.513	-0.134	-0.479	-0.135	-0.035	-0.119	-0.132	-0.049	-0.064	-0.235	-0.242	-0.283	-0.144	-0.138	-0.151	-0.340	-0.165	-0.163	-0.144	-0.227	-0.225	-0.185	-0.228	+0.114	-0.230	-0.245	-0.229	-0.308	-0.311	-0.365	+0.066	-0.332	-0.373	-0.232	-0.374	-0.232	-0.232	+0.150	+0.211	+0.247	-0.262	-0.209	-0.263	+0.098	-0.235	-0.168	-0.032	-0.027	-0.210	-0.258	-0.250	+0.026	-0.494	-0.516	-0.519	-0.510	-0.445	-0.520	-0.513	-0.589	-0.461	-0.558	-0.588	-0.514	-0.521	-0.283	-0.447	-0.523	-0.522	-0.551	-0.520	-0.520	-0.271	-0.418	-0.536	-0.541	-0.543	-0.510	-0.515	-0.065	-0.548	-0.546	-0.191	-0.510	-0.510	-0.498	-0.562	-0.203	-0.474	-0.539	-0.540	-0.510	-0.540	-0.543	-0.545	-0.508	-0.502	-0.508	-0.507	-0.511	-0.447	-0.447	-0.442	-0.491	-0.523	-0.512	-0.515	-0.510	-0.500	+0.184	-0.512	-0.484	-0.483	-0.488	-0.502	-0.483	-0.432	-0.483	-0.490	-0.527	-0.502	-0.492	-0.492	-0.500	-0.477	-0.549	-0.499	-0.507	-0.494	-0.477	-0.502	-0.493	-0.494	-0.402	-0.437	-0.479	-0.425	-0.428	-0.072	-0.497	-0.415	-0.465	-0.504	-0.504	-0.130	-0.507	+0.075	-0.542	+0.077	-0.541	-0.541	-0.546	+0.012	+0.006	-0.542	-0.547	-0.545	-0.545	
rs112980627    -0.175	-0.177	-0.175	-0.214	-0.206	-0.206	-0.204	-0.263	-0.249	-0.214	-0.219	-0.219	-0.261	-0.246	-0.529	-0.144	-0.495	-0.149	-0.119	-0.054	-0.144	-0.064	-0.079	-0.250	-0.256	-0.298	-0.157	-0.150	-0.165	-0.354	-0.180	-0.178	-0.155	-0.245	-0.244	-0.199	-0.246	+0.099	-0.249	-0.260	-0.247	-0.322	-0.325	-0.380	+0.051	-0.347	-0.388	-0.251	-0.389	-0.252	-0.252	+0.135	+0.196	+0.232	-0.277	-0.223	-0.286	+0.082	-0.250	-0.198	-0.057	-0.051	-0.225	-0.284	-0.277	+0.001	-0.510	-0.533	-0.535	-0.526	-0.462	-0.537	-0.529	-0.605	-0.478	-0.575	-0.605	-0.530	-0.538	-0.300	-0.465	-0.539	-0.538	-0.567	-0.536	-0.536	-0.288	-0.435	-0.553	-0.558	-0.559	-0.527	-0.532	-0.082	-0.564	-0.563	-0.207	-0.527	-0.527	-0.514	-0.578	-0.220	-0.490	-0.556	-0.557	-0.525	-0.557	-0.560	-0.562	-0.524	-0.518	-0.524	-0.523	-0.527	-0.464	-0.463	-0.459	-0.508	-0.539	-0.529	-0.532	-0.527	-0.517	+0.167	-0.529	-0.500	-0.500	-0.505	-0.519	-0.500	-0.450	-0.500	-0.507	-0.544	-0.519	-0.508	-0.508	-0.516	-0.495	-0.565	-0.516	-0.524	-0.511	-0.493	-0.520	-0.510	-0.510	-0.421	-0.455	-0.495	-0.444	-0.444	-0.089	-0.514	-0.434	-0.481	-0.521	-0.521	-0.147	-0.523	+0.052	-0.558	+0.054	-0.558	-0.558	-0.563	-0.010	-0.017	-0.558	-0.564	-0.562	-0.562	
rs12533888     -0.207	-0.209	-0.207	-0.247	-0.238	-0.239	-0.236	-0.296	-0.281	-0.246	-0.252	-0.251	-0.294	-0.278	-0.561	-0.159	-0.528	-0.169	-0.132	-0.144	-0.094	-0.094	-0.109	-0.279	-0.285	-0.327	-0.176	-0.167	-0.185	-0.384	-0.204	-0.201	-0.172	-0.281	-0.278	-0.227	-0.282	+0.069	-0.286	-0.288	-0.283	-0.352	-0.355	-0.410	+0.021	-0.377	-0.419	-0.288	-0.420	-0.290	-0.290	+0.105	+0.167	+0.203	-0.306	-0.252	-0.331	+0.052	-0.281	-0.254	-0.105	-0.100	-0.256	-0.335	-0.329	-0.047	-0.544	-0.567	-0.569	-0.560	-0.499	-0.571	-0.564	-0.641	-0.514	-0.610	-0.641	-0.564	-0.572	-0.336	-0.501	-0.574	-0.573	-0.603	-0.570	-0.571	-0.324	-0.472	-0.588	-0.593	-0.594	-0.561	-0.566	-0.117	-0.600	-0.598	-0.241	-0.561	-0.561	-0.548	-0.614	-0.254	-0.524	-0.592	-0.592	-0.560	-0.592	-0.596	-0.597	-0.558	-0.552	-0.558	-0.557	-0.561	-0.500	-0.499	-0.495	-0.542	-0.575	-0.565	-0.570	-0.563	-0.553	+0.131	-0.567	-0.535	-0.536	-0.541	-0.553	-0.536	-0.486	-0.536	-0.543	-0.582	-0.553	-0.542	-0.544	-0.551	-0.534	-0.600	-0.552	-0.560	-0.547	-0.527	-0.556	-0.546	-0.546	-0.460	-0.494	-0.529	-0.482	-0.478	-0.125	-0.550	-0.472	-0.515	-0.557	-0.557	-0.181	-0.559	+0.005	-0.594	+0.007	-0.593	-0.593	-0.598	-0.056	-0.063	-0.594	-0.600	-0.597	-0.597	
rs1987847      -0.282	-0.283	-0.282	-0.302	-0.299	-0.300	-0.298	-0.323	-0.316	-0.303	-0.306	-0.305	-0.324	-0.316	-0.428	-0.030	-0.420	-0.079	-0.049	-0.064	-0.094	+0.017	-0.078	-0.326	-0.329	-0.350	-0.055	-0.054	-0.069	-0.379	-0.087	-0.084	-0.051	-0.156	-0.152	-0.295	-0.159	-0.029	-0.165	-0.334	-0.159	-0.370	-0.371	-0.410	-0.080	-0.393	-0.414	-0.172	-0.414	-0.176	-0.178	-0.017	+0.047	+0.090	-0.352	-0.311	-0.467	-0.109	-0.317	-0.349	-0.393	-0.391	-0.299	-0.331	-0.334	-0.358	-0.448	-0.451	-0.451	-0.452	-0.415	-0.453	-0.453	-0.504	-0.424	-0.467	-0.504	-0.453	-0.453	-0.253	-0.416	-0.453	-0.453	-0.458	-0.453	-0.452	-0.250	-0.398	-0.441	-0.448	-0.449	-0.452	-0.452	-0.064	-0.455	-0.454	-0.274	-0.449	-0.449	-0.447	-0.486	-0.282	-0.360	-0.458	-0.459	-0.414	-0.454	-0.458	-0.452	-0.413	-0.406	-0.412	-0.412	-0.451	-0.355	-0.355	-0.350	-0.443	-0.448	-0.438	-0.422	-0.436	-0.426	+0.119	-0.419	-0.443	-0.409	-0.414	-0.446	-0.409	-0.442	-0.409	-0.416	-0.433	-0.446	-0.447	-0.417	-0.445	-0.381	-0.404	-0.426	-0.483	-0.421	-0.436	-0.481	-0.420	-0.417	-0.453	-0.466	-0.437	-0.462	-0.406	-0.050	-0.427	-0.459	-0.431	-0.434	-0.434	-0.227	-0.436	-0.246	-0.467	-0.245	-0.466	-0.466	-0.471	-0.276	-0.280	-0.467	-0.472	-0.470	-0.470	
rs10487012     -0.294	-0.295	-0.294	-0.315	-0.312	-0.312	-0.310	-0.336	-0.329	-0.316	-0.318	-0.318	-0.337	-0.329	-0.444	-0.045	-0.435	-0.094	-0.064	-0.079	-0.109	-0.078	+0.001	-0.338	-0.341	-0.362	-0.070	-0.069	-0.084	-0.392	-0.102	-0.098	-0.065	-0.171	-0.167	-0.306	-0.174	-0.030	-0.180	-0.345	-0.174	-0.382	-0.383	-0.423	-0.083	-0.406	-0.427	-0.187	-0.427	-0.191	-0.193	-0.019	+0.048	+0.093	-0.364	-0.322	-0.482	-0.117	-0.330	-0.365	-0.406	-0.404	-0.311	-0.347	-0.350	-0.370	-0.463	-0.467	-0.467	-0.468	-0.430	-0.468	-0.468	-0.520	-0.439	-0.483	-0.520	-0.468	-0.469	-0.268	-0.432	-0.468	-0.468	-0.474	-0.468	-0.468	-0.265	-0.413	-0.457	-0.463	-0.465	-0.468	-0.468	-0.078	-0.471	-0.470	-0.288	-0.464	-0.465	-0.462	-0.502	-0.295	-0.375	-0.474	-0.475	-0.430	-0.470	-0.475	-0.468	-0.429	-0.422	-0.428	-0.427	-0.467	-0.371	-0.371	-0.366	-0.458	-0.463	-0.454	-0.439	-0.452	-0.441	+0.105	-0.435	-0.458	-0.425	-0.429	-0.461	-0.425	-0.457	-0.424	-0.432	-0.450	-0.461	-0.462	-0.433	-0.460	-0.398	-0.420	-0.442	-0.498	-0.436	-0.451	-0.496	-0.436	-0.433	-0.468	-0.481	-0.452	-0.477	-0.420	-0.065	-0.442	-0.474	-0.446	-0.449	-0.450	-0.240	-0.452	-0.259	-0.483	-0.257	-0.482	-0.482	-0.487	-0.289	-0.293	-0.482	-0.488	-0.486	-0.486	
rs2191472      -0.405	-0.406	-0.405	-0.435	-0.428	-0.428	-0.426	-0.463	-0.453	-0.433	-0.437	-0.437	-0.467	-0.455	-0.431	-0.220	-0.590	-0.265	-0.235	-0.250	-0.279	-0.326	-0.338	-0.170	-0.281	-0.311	-0.245	-0.241	-0.255	-0.453	-0.273	-0.269	-0.237	-0.339	-0.335	-0.378	-0.341	-0.192	-0.348	-0.429	-0.342	-0.484	-0.486	-0.524	-0.236	-0.496	-0.531	-0.354	-0.531	-0.358	-0.360	-0.161	-0.105	-0.071	-0.432	-0.396	-0.599	-0.210	-0.375	-0.525	-0.461	-0.458	-0.352	-0.516	-0.518	-0.433	-0.614	-0.625	-0.626	-0.623	-0.510	-0.627	-0.624	-0.638	-0.528	-0.608	-0.636	-0.625	-0.628	-0.423	-0.513	-0.628	-0.628	-0.596	-0.627	-0.627	-0.417	-0.476	-0.575	-0.584	-0.585	-0.623	-0.625	-0.258	-0.594	-0.592	-0.416	-0.619	-0.620	-0.613	-0.631	-0.424	-0.478	-0.642	-0.640	-0.545	-0.638	-0.644	-0.641	-0.544	-0.536	-0.543	-0.542	-0.623	-0.467	-0.466	-0.460	-0.608	-0.581	-0.569	-0.511	-0.567	-0.554	-0.064	-0.507	-0.607	-0.534	-0.539	-0.614	-0.534	-0.563	-0.534	-0.542	-0.527	-0.614	-0.612	-0.544	-0.613	-0.458	-0.494	-0.555	-0.622	-0.549	-0.598	-0.618	-0.548	-0.554	-0.608	-0.626	-0.599	-0.620	-0.560	-0.196	-0.559	-0.614	-0.588	-0.567	-0.567	-0.364	-0.570	-0.372	-0.610	-0.371	-0.609	-0.609	-0.616	-0.406	-0.410	-0.610	-0.617	-0.614	-0.614	
rs2191473      -0.410	-0.412	-0.410	-0.441	-0.433	-0.434	-0.432	-0.469	-0.459	-0.439	-0.443	-0.442	-0.473	-0.460	-0.442	-0.226	-0.596	-0.271	-0.242	-0.256	-0.285	-0.329	-0.341	-0.281	-0.177	-0.319	-0.252	-0.248	-0.262	-0.459	-0.279	-0.276	-0.244	-0.345	-0.342	-0.383	-0.348	-0.194	-0.355	-0.435	-0.348	-0.490	-0.492	-0.530	-0.239	-0.502	-0.537	-0.361	-0.537	-0.365	-0.366	-0.163	-0.107	-0.073	-0.437	-0.402	-0.605	-0.213	-0.381	-0.532	-0.467	-0.464	-0.358	-0.523	-0.525	-0.439	-0.621	-0.632	-0.633	-0.630	-0.518	-0.634	-0.632	-0.646	-0.535	-0.616	-0.644	-0.632	-0.635	-0.431	-0.521	-0.636	-0.635	-0.604	-0.634	-0.634	-0.424	-0.484	-0.583	-0.592	-0.593	-0.630	-0.632	-0.265	-0.602	-0.600	-0.422	-0.627	-0.627	-0.620	-0.638	-0.430	-0.486	-0.650	-0.648	-0.553	-0.645	-0.651	-0.648	-0.552	-0.543	-0.551	-0.550	-0.630	-0.475	-0.474	-0.469	-0.615	-0.589	-0.577	-0.520	-0.574	-0.562	-0.070	-0.516	-0.614	-0.542	-0.547	-0.621	-0.542	-0.570	-0.542	-0.550	-0.536	-0.621	-0.619	-0.552	-0.620	-0.467	-0.503	-0.563	-0.629	-0.557	-0.605	-0.625	-0.556	-0.562	-0.614	-0.633	-0.606	-0.627	-0.567	-0.204	-0.566	-0.621	-0.595	-0.575	-0.575	-0.369	-0.578	-0.378	-0.617	-0.377	-0.617	-0.616	-0.623	-0.412	-0.416	-0.617	-0.624	-0.622	-0.622	
rs6955239      -0.444	-0.446	-0.444	-0.476	-0.468	-0.469	-0.467	-0.506	-0.496	-0.474	-0.478	-0.477	-0.510	-0.496	-0.519	-0.268	-0.640	-0.313	-0.283	-0.298	-0.327	-0.350	-0.362	-0.311	-0.319	-0.228	-0.294	-0.290	-0.305	-0.496	-0.322	-0.319	-0.286	-0.390	-0.386	-0.417	-0.393	-0.208	-0.399	-0.470	-0.393	-0.526	-0.529	-0.569	-0.255	-0.541	-0.577	-0.405	-0.577	-0.409	-0.411	-0.177	-0.118	-0.082	-0.475	-0.437	-0.650	-0.237	-0.422	-0.581	-0.510	-0.506	-0.399	-0.571	-0.573	-0.480	-0.666	-0.679	-0.680	-0.676	-0.569	-0.681	-0.678	-0.699	-0.588	-0.667	-0.698	-0.678	-0.682	-0.477	-0.572	-0.683	-0.682	-0.655	-0.681	-0.681	-0.470	-0.536	-0.634	-0.643	-0.644	-0.676	-0.679	-0.307	-0.653	-0.651	-0.461	-0.673	-0.673	-0.666	-0.688	-0.470	-0.537	-0.698	-0.696	-0.603	-0.693	-0.699	-0.697	-0.602	-0.593	-0.601	-0.600	-0.676	-0.527	-0.527	-0.521	-0.661	-0.640	-0.627	-0.577	-0.625	-0.613	-0.109	-0.573	-0.659	-0.593	-0.598	-0.668	-0.593	-0.618	-0.593	-0.601	-0.592	-0.668	-0.665	-0.602	-0.666	-0.525	-0.559	-0.614	-0.677	-0.608	-0.651	-0.673	-0.607	-0.613	-0.659	-0.679	-0.652	-0.673	-0.611	-0.250	-0.617	-0.666	-0.641	-0.625	-0.625	-0.408	-0.628	-0.417	-0.667	-0.416	-0.666	-0.666	-0.673	-0.451	-0.456	-0.667	-0.674	-0.671	-0.671	
rs78008951     -0.169	-0.170	-0.168	-0.208	-0.200	-0.200	-0.198	-0.258	-0.243	-0.208	-0.213	-0.213	-0.256	-0.240	-0.526	-0.158	-0.498	-0.171	-0.144	-0.157	-0.176	-0.055	-0.070	-0.245	-0.252	-0.294	-0.055	-0.136	-0.151	-0.353	-0.165	-0.163	-0.141	-0.235	-0.234	-0.198	-0.236	+0.106	-0.238	-0.258	-0.237	-0.321	-0.324	-0.380	+0.057	-0.347	-0.388	-0.239	-0.389	-0.239	-0.239	+0.141	+0.203	+0.239	-0.276	-0.222	-0.275	+0.090	-0.249	-0.185	-0.042	-0.037	-0.224	-0.270	-0.262	+0.016	-0.509	-0.533	-0.535	-0.526	-0.462	-0.537	-0.529	-0.606	-0.477	-0.577	-0.606	-0.530	-0.537	-0.300	-0.464	-0.539	-0.538	-0.570	-0.536	-0.536	-0.288	-0.435	-0.556	-0.560	-0.562	-0.526	-0.531	-0.084	-0.567	-0.565	-0.203	-0.526	-0.526	-0.513	-0.580	-0.215	-0.493	-0.556	-0.557	-0.528	-0.557	-0.560	-0.562	-0.527	-0.521	-0.527	-0.526	-0.527	-0.468	-0.468	-0.463	-0.507	-0.542	-0.532	-0.534	-0.530	-0.520	+0.164	-0.531	-0.500	-0.503	-0.508	-0.518	-0.504	-0.446	-0.503	-0.510	-0.546	-0.519	-0.508	-0.512	-0.516	-0.497	-0.568	-0.519	-0.521	-0.514	-0.492	-0.517	-0.513	-0.513	-0.413	-0.449	-0.494	-0.437	-0.443	-0.092	-0.517	-0.427	-0.480	-0.524	-0.524	-0.142	-0.527	+0.075	-0.561	+0.077	-0.560	-0.560	-0.565	+0.011	+0.004	-0.561	-0.566	-0.564	-0.564	
rs714125       -0.166	-0.167	-0.165	-0.205	-0.197	-0.197	-0.194	-0.254	-0.239	-0.205	-0.210	-0.209	-0.252	-0.236	-0.519	-0.152	-0.488	-0.163	-0.138	-0.150	-0.167	-0.054	-0.069	-0.241	-0.248	-0.290	-0.136	-0.044	-0.128	-0.348	-0.139	-0.138	-0.119	-0.217	-0.215	-0.195	-0.217	+0.105	-0.218	-0.255	-0.217	-0.317	-0.320	-0.375	+0.057	-0.343	-0.383	-0.218	-0.384	-0.218	-0.218	+0.141	+0.202	+0.238	-0.272	-0.219	-0.267	+0.089	-0.245	-0.157	-0.035	-0.029	-0.221	-0.246	-0.238	+0.024	-0.502	-0.524	-0.527	-0.518	-0.452	-0.528	-0.521	-0.596	-0.468	-0.566	-0.596	-0.522	-0.529	-0.291	-0.455	-0.531	-0.530	-0.559	-0.528	-0.528	-0.279	-0.425	-0.545	-0.550	-0.551	-0.518	-0.523	-0.074	-0.556	-0.555	-0.200	-0.518	-0.518	-0.506	-0.570	-0.212	-0.483	-0.548	-0.548	-0.518	-0.548	-0.551	-0.553	-0.517	-0.511	-0.516	-0.516	-0.519	-0.457	-0.456	-0.452	-0.499	-0.531	-0.521	-0.522	-0.519	-0.509	+0.174	-0.519	-0.492	-0.492	-0.497	-0.510	-0.492	-0.438	-0.492	-0.499	-0.533	-0.511	-0.500	-0.501	-0.508	-0.484	-0.558	-0.508	-0.513	-0.503	-0.485	-0.509	-0.502	-0.502	-0.406	-0.441	-0.487	-0.429	-0.437	-0.081	-0.506	-0.419	-0.473	-0.513	-0.513	-0.139	-0.516	+0.078	-0.550	+0.080	-0.550	-0.550	-0.555	+0.015	+0.008	-0.550	-0.556	-0.554	-0.554	
rs2024195      -0.182	-0.183	-0.181	-0.221	-0.213	-0.213	-0.211	-0.270	-0.256	-0.221	-0.226	-0.225	-0.268	-0.252	-0.535	-0.163	-0.505	-0.179	-0.151	-0.165	-0.185	-0.069	-0.084	-0.255	-0.262	-0.305	-0.151	-0.128	-0.064	-0.363	-0.152	-0.150	-0.123	-0.234	-0.235	-0.209	-0.235	+0.089	-0.238	-0.270	-0.237	-0.332	-0.335	-0.390	+0.042	-0.358	-0.398	-0.239	-0.399	-0.238	-0.238	+0.126	+0.187	+0.223	-0.287	-0.233	-0.289	+0.074	-0.261	-0.188	-0.058	-0.052	-0.235	-0.272	-0.264	+0.001	-0.518	-0.541	-0.543	-0.535	-0.470	-0.545	-0.538	-0.613	-0.486	-0.584	-0.613	-0.539	-0.546	-0.309	-0.473	-0.548	-0.547	-0.577	-0.544	-0.545	-0.297	-0.443	-0.562	-0.567	-0.568	-0.535	-0.540	-0.093	-0.574	-0.572	-0.217	-0.535	-0.535	-0.523	-0.588	-0.229	-0.500	-0.565	-0.565	-0.535	-0.565	-0.569	-0.570	-0.534	-0.528	-0.533	-0.533	-0.536	-0.475	-0.474	-0.470	-0.516	-0.549	-0.539	-0.540	-0.537	-0.527	+0.155	-0.537	-0.509	-0.510	-0.515	-0.527	-0.510	-0.456	-0.510	-0.517	-0.552	-0.527	-0.517	-0.519	-0.525	-0.503	-0.575	-0.526	-0.531	-0.521	-0.502	-0.526	-0.520	-0.520	-0.425	-0.460	-0.504	-0.448	-0.453	-0.099	-0.524	-0.438	-0.490	-0.531	-0.531	-0.156	-0.534	+0.055	-0.568	+0.057	-0.567	-0.567	-0.572	-0.008	-0.015	-0.568	-0.573	-0.571	-0.571	
rs41650        -0.475	-0.476	-0.474	-0.510	-0.500	-0.501	-0.498	-0.543	-0.531	-0.506	-0.511	-0.510	-0.546	-0.531	-0.664	-0.325	-0.693	-0.370	-0.340	-0.354	-0.384	-0.379	-0.392	-0.453	-0.459	-0.496	-0.353	-0.348	-0.363	-0.287	-0.380	-0.377	-0.345	-0.448	-0.444	-0.443	-0.451	-0.222	-0.458	-0.498	-0.451	-0.559	-0.561	-0.597	-0.272	-0.567	-0.605	-0.464	-0.606	-0.468	-0.470	-0.191	-0.130	-0.093	-0.495	-0.462	-0.680	-0.260	-0.439	-0.638	-0.524	-0.521	-0.414	-0.631	-0.633	-0.492	-0.718	-0.734	-0.735	-0.730	-0.640	-0.736	-0.732	-0.772	-0.657	-0.751	-0.771	-0.733	-0.737	-0.532	-0.642	-0.738	-0.738	-0.741	-0.736	-0.736	-0.524	-0.609	-0.725	-0.731	-0.733	-0.730	-0.733	-0.354	-0.739	-0.738	-0.505	-0.728	-0.728	-0.719	-0.765	-0.514	-0.637	-0.756	-0.754	-0.693	-0.752	-0.758	-0.756	-0.692	-0.685	-0.692	-0.691	-0.731	-0.630	-0.629	-0.624	-0.714	-0.726	-0.716	-0.666	-0.714	-0.704	-0.150	-0.663	-0.712	-0.687	-0.691	-0.722	-0.687	-0.647	-0.686	-0.694	-0.680	-0.722	-0.718	-0.695	-0.720	-0.620	-0.652	-0.704	-0.717	-0.699	-0.702	-0.713	-0.698	-0.700	-0.709	-0.730	-0.704	-0.724	-0.660	-0.299	-0.706	-0.716	-0.691	-0.713	-0.713	-0.450	-0.715	-0.459	-0.747	-0.457	-0.747	-0.747	-0.752	-0.494	-0.498	-0.747	-0.753	-0.751	-0.751	
rs12530919     -0.200	-0.202	-0.200	-0.240	-0.232	-0.232	-0.229	-0.290	-0.275	-0.240	-0.245	-0.244	-0.287	-0.271	-0.554	-0.175	-0.524	-0.196	-0.165	-0.180	-0.204	-0.087	-0.102	-0.273	-0.279	-0.322	-0.165	-0.139	-0.152	-0.380	-0.087	-0.160	-0.129	-0.254	-0.254	-0.226	-0.255	+0.072	-0.258	-0.286	-0.256	-0.349	-0.352	-0.408	+0.024	-0.376	-0.416	-0.259	-0.417	-0.259	-0.259	+0.108	+0.170	+0.206	-0.305	-0.250	-0.314	+0.056	-0.278	-0.222	-0.084	-0.079	-0.253	-0.302	-0.294	-0.024	-0.538	-0.561	-0.563	-0.554	-0.491	-0.565	-0.558	-0.634	-0.507	-0.604	-0.634	-0.558	-0.566	-0.330	-0.494	-0.568	-0.567	-0.597	-0.564	-0.565	-0.318	-0.464	-0.583	-0.588	-0.589	-0.555	-0.560	-0.114	-0.594	-0.593	-0.237	-0.555	-0.555	-0.542	-0.608	-0.250	-0.519	-0.585	-0.586	-0.555	-0.586	-0.589	-0.591	-0.554	-0.548	-0.554	-0.553	-0.556	-0.495	-0.495	-0.490	-0.536	-0.570	-0.560	-0.562	-0.558	-0.548	+0.134	-0.559	-0.529	-0.531	-0.536	-0.547	-0.531	-0.477	-0.531	-0.538	-0.574	-0.548	-0.537	-0.539	-0.545	-0.525	-0.596	-0.547	-0.551	-0.542	-0.522	-0.547	-0.541	-0.541	-0.446	-0.482	-0.524	-0.470	-0.473	-0.119	-0.545	-0.460	-0.509	-0.552	-0.552	-0.176	-0.554	+0.029	-0.589	+0.031	-0.588	-0.588	-0.593	-0.034	-0.041	-0.589	-0.594	-0.592	-0.592	
rs12530925     -0.197	-0.199	-0.196	-0.236	-0.228	-0.228	-0.226	-0.286	-0.271	-0.236	-0.241	-0.241	-0.283	-0.267	-0.550	-0.173	-0.520	-0.194	-0.163	-0.178	-0.201	-0.084	-0.098	-0.269	-0.276	-0.319	-0.163	-0.138	-0.150	-0.377	-0.160	-0.082	-0.129	-0.250	-0.250	-0.223	-0.250	+0.075	-0.254	-0.283	-0.252	-0.346	-0.349	-0.405	+0.027	-0.372	-0.413	-0.254	-0.414	-0.254	-0.254	+0.112	+0.173	+0.209	-0.302	-0.247	-0.309	+0.059	-0.275	-0.215	-0.079	-0.074	-0.250	-0.295	-0.288	-0.019	-0.534	-0.557	-0.560	-0.551	-0.487	-0.561	-0.554	-0.630	-0.503	-0.600	-0.630	-0.555	-0.562	-0.326	-0.490	-0.564	-0.563	-0.593	-0.561	-0.561	-0.314	-0.460	-0.579	-0.584	-0.585	-0.551	-0.556	-0.110	-0.590	-0.589	-0.233	-0.551	-0.551	-0.539	-0.604	-0.246	-0.516	-0.581	-0.582	-0.551	-0.582	-0.585	-0.587	-0.550	-0.544	-0.550	-0.549	-0.552	-0.491	-0.491	-0.486	-0.532	-0.566	-0.556	-0.558	-0.554	-0.544	+0.138	-0.555	-0.525	-0.527	-0.532	-0.543	-0.527	-0.473	-0.527	-0.534	-0.570	-0.544	-0.533	-0.535	-0.541	-0.520	-0.592	-0.543	-0.547	-0.538	-0.518	-0.543	-0.537	-0.537	-0.442	-0.478	-0.520	-0.466	-0.469	-0.115	-0.541	-0.456	-0.506	-0.548	-0.548	-0.173	-0.550	+0.034	-0.585	+0.036	-0.584	-0.584	-0.589	-0.029	-0.036	-0.585	-0.590	-0.588	-0.588	
