## Summary of overall evidence for association with region:
## log10(BF for region) = 0.304797
## p-value for region = NA

## BFs for choosing among multi-SNP models:
## log10(average 1-SNP BF) = -0.071368
## log10(average 2-SNP BF) = 0.639022

## Example posterior probabilities for multi-SNP models, based on default prior: [p(l) propto 0.5^l for l=1,2,...,L]
## posterior probability of 1-SNP = 0.280378
## posterior probability of 2-SNP = 0.719622

## log10(BF) for single SNP and pair of SNPs:
rs115718693    -0.383	-0.576	-0.576	-0.405	-0.338	-0.332	-0.366	-0.685	-0.352	-0.575	-0.585	-0.584	-0.584	-0.548	-0.547	-0.527	-0.729	-0.379	-0.672	-0.692	-0.240	+0.219	-0.241	-0.687	-0.307	+0.183	-0.681	-0.310	-0.285	-0.303	-0.309	-0.290	+0.264	+0.170	-0.070	+0.263	+0.296	+0.259	+0.194	+0.194	+0.279	+0.192	-0.286	-0.289	+0.206	+0.278	+0.222	-0.249	+0.219	-0.303	+0.297	+0.099	+0.253	-0.536	-0.377	-0.369	-0.125	+0.046	+0.133	+0.169	+0.246	-0.422	-0.138	-0.774	-0.601	-0.598	-0.552	-0.552	-0.338	-0.779	-0.233	-0.367	-0.599	-0.780	-0.555	-0.366	-0.595	-0.784	-0.592	-0.593	-0.595	-0.782	-0.783	-0.603	-0.227	-0.782	-0.592	-0.203	-0.783	-0.783	-0.783	-0.602	-0.597	-0.382	-0.784	-0.783	-0.592	-0.592	-0.612	-0.784	-0.595	-0.625	-0.212	-0.374	-0.785	-0.599	-0.582	-0.357	-0.588	-0.210	-0.614	-0.213	-0.614	-0.214	-0.784	-0.784	-0.199	-0.245	-0.784	-0.779	+0.271	-0.477	+0.267	-0.785	-0.207	-0.683	-0.400	-0.741	-0.787	-0.618	-0.786	-0.617	-0.227	-0.788	-0.613	-0.787	-0.596	-0.617	-0.411	-0.392	-0.597	-0.633	-0.598	-0.612	-0.600	-0.605	-0.612	-0.612	-0.787	-0.605	-0.612	-0.787	-0.786	-0.611	-0.786	-0.783	-0.703	-0.258	-0.611	-0.622	-0.613	-0.631	-0.620	-0.620	-0.622	-0.622	-0.623	-0.277	-0.439	-0.298	-0.275	-0.620	-0.632	-0.787	
rs55807147     -0.576	-0.395	-0.505	-0.388	-0.318	-0.312	-0.350	-0.689	-0.337	-0.516	-0.531	-0.532	-0.532	-0.550	-0.549	-0.528	-0.730	-0.372	-0.682	-0.701	-0.231	+0.206	-0.233	-0.696	-0.300	+0.170	-0.690	-0.304	-0.278	-0.297	-0.303	-0.305	+0.251	+0.156	-0.085	+0.250	+0.283	+0.246	+0.180	+0.180	+0.266	+0.179	-0.279	-0.282	+0.193	+0.262	+0.209	-0.241	+0.205	-0.318	+0.284	+0.082	+0.238	-0.537	-0.371	-0.364	-0.114	+0.055	+0.141	+0.178	+0.255	-0.419	-0.129	-0.783	-0.618	-0.615	-0.550	-0.551	-0.358	-0.788	-0.227	-0.386	-0.616	-0.789	-0.557	-0.385	-0.612	-0.793	-0.609	-0.610	-0.613	-0.791	-0.792	-0.620	-0.243	-0.792	-0.609	-0.219	-0.793	-0.793	-0.793	-0.601	-0.614	-0.402	-0.793	-0.793	-0.609	-0.609	-0.612	-0.794	-0.612	-0.642	-0.228	-0.394	-0.794	-0.598	-0.599	-0.376	-0.605	-0.226	-0.613	-0.229	-0.614	-0.230	-0.794	-0.794	-0.215	-0.261	-0.794	-0.788	+0.238	-0.474	+0.234	-0.794	-0.223	-0.694	-0.419	-0.755	-0.797	-0.617	-0.796	-0.617	-0.245	-0.798	-0.630	-0.797	-0.613	-0.617	-0.431	-0.411	-0.614	-0.649	-0.615	-0.629	-0.617	-0.622	-0.612	-0.612	-0.796	-0.605	-0.629	-0.796	-0.796	-0.628	-0.796	-0.793	-0.712	-0.275	-0.628	-0.638	-0.629	-0.631	-0.636	-0.637	-0.639	-0.639	-0.639	-0.293	-0.458	-0.315	-0.292	-0.620	-0.648	-0.796	
rs55739813     -0.576	-0.505	-0.395	-0.388	-0.318	-0.312	-0.350	-0.689	-0.337	-0.516	-0.531	-0.532	-0.532	-0.550	-0.548	-0.528	-0.730	-0.373	-0.682	-0.701	-0.232	+0.206	-0.233	-0.696	-0.300	+0.170	-0.690	-0.304	-0.278	-0.297	-0.303	-0.305	+0.251	+0.156	-0.085	+0.250	+0.283	+0.245	+0.180	+0.180	+0.266	+0.179	-0.279	-0.282	+0.193	+0.262	+0.209	-0.241	+0.205	-0.319	+0.283	+0.081	+0.238	-0.537	-0.371	-0.364	-0.114	+0.055	+0.141	+0.178	+0.255	-0.419	-0.129	-0.783	-0.618	-0.615	-0.551	-0.551	-0.358	-0.788	-0.227	-0.386	-0.616	-0.789	-0.557	-0.386	-0.612	-0.793	-0.609	-0.610	-0.613	-0.791	-0.792	-0.620	-0.243	-0.792	-0.609	-0.219	-0.793	-0.793	-0.793	-0.601	-0.614	-0.402	-0.793	-0.793	-0.609	-0.609	-0.612	-0.794	-0.612	-0.642	-0.229	-0.394	-0.794	-0.598	-0.599	-0.376	-0.605	-0.226	-0.613	-0.229	-0.614	-0.230	-0.794	-0.794	-0.215	-0.261	-0.794	-0.788	+0.238	-0.474	+0.234	-0.794	-0.223	-0.694	-0.419	-0.755	-0.797	-0.617	-0.796	-0.617	-0.245	-0.798	-0.630	-0.797	-0.613	-0.617	-0.431	-0.411	-0.614	-0.649	-0.615	-0.629	-0.617	-0.622	-0.612	-0.612	-0.797	-0.605	-0.629	-0.796	-0.796	-0.628	-0.796	-0.793	-0.712	-0.275	-0.628	-0.638	-0.629	-0.631	-0.636	-0.637	-0.639	-0.639	-0.639	-0.293	-0.458	-0.315	-0.292	-0.620	-0.648	-0.796	
rs2297377      -0.405	-0.388	-0.388	-0.126	-0.341	-0.337	-0.354	-0.509	-0.348	-0.379	-0.387	-0.385	-0.385	-0.176	-0.175	-0.151	-0.456	-0.387	-0.363	-0.387	-0.291	+0.680	-0.292	-0.378	-0.340	+0.649	-0.370	-0.341	-0.324	-0.337	-0.341	+0.107	+0.735	+0.642	+0.368	+0.734	+0.768	+0.732	+0.667	+0.667	+0.750	+0.666	-0.325	-0.327	+0.663	+0.706	+0.656	-0.297	+0.685	+0.091	+0.765	+0.537	+0.708	-0.444	-0.384	-0.379	-0.194	-0.061	+0.022	+0.053	+0.121	-0.405	-0.192	-0.528	-0.256	-0.252	-0.487	-0.487	-0.057	-0.530	-0.283	-0.085	-0.255	-0.531	-0.443	-0.084	-0.250	-0.532	-0.247	-0.247	-0.251	-0.532	-0.532	-0.260	+0.160	-0.532	-0.247	+0.185	-0.532	-0.532	-0.532	-0.515	-0.252	-0.101	-0.532	-0.532	-0.247	-0.247	-0.521	-0.533	-0.250	-0.287	+0.175	-0.093	-0.533	-0.514	-0.237	-0.071	-0.242	+0.177	-0.522	+0.175	-0.522	+0.174	-0.533	-0.533	+0.201	+0.141	-0.533	-0.531	+0.180	-0.434	+0.177	-0.533	+0.187	-0.415	-0.119	-0.431	-0.533	-0.524	-0.533	-0.524	+0.159	-0.533	-0.274	-0.533	-0.249	-0.524	-0.130	-0.109	-0.253	-0.303	-0.254	-0.273	-0.257	-0.262	-0.521	-0.521	-0.533	-0.517	-0.271	-0.533	-0.533	-0.269	-0.533	-0.529	-0.426	+0.128	-0.269	-0.281	-0.271	-0.530	-0.281	-0.282	-0.283	-0.283	-0.283	+0.107	-0.159	+0.082	+0.109	-0.525	-0.294	-0.534	
rs2274858      -0.338	-0.318	-0.318	-0.341	-0.057	-0.157	-0.303	-0.443	-0.299	-0.307	-0.316	-0.314	-0.313	-0.068	-0.066	-0.041	-0.378	-0.345	-0.276	-0.302	-0.258	+0.623	-0.259	-0.293	-0.303	+0.595	-0.283	-0.304	-0.289	-0.301	-0.304	+0.087	+0.676	+0.587	+0.344	+0.675	+0.709	+0.689	+0.612	+0.612	+0.692	+0.611	-0.289	-0.291	+0.610	+0.651	+0.604	-0.264	+0.631	+0.073	+0.706	+0.494	+0.654	-0.390	-0.343	-0.338	-0.165	-0.054	+0.024	+0.054	+0.121	-0.360	-0.159	-0.458	-0.164	-0.160	-0.436	-0.436	-0.061	-0.457	-0.266	-0.087	-0.163	-0.457	-0.387	-0.087	-0.158	-0.454	-0.155	-0.155	-0.159	-0.456	-0.455	-0.169	+0.270	-0.456	-0.155	+0.294	-0.456	-0.456	-0.456	-0.461	-0.160	-0.102	-0.456	-0.456	-0.155	-0.155	-0.466	-0.456	-0.159	-0.197	+0.287	-0.095	-0.455	-0.460	-0.144	-0.075	-0.150	+0.289	-0.467	+0.286	-0.467	+0.285	-0.456	-0.456	+0.313	+0.246	-0.456	-0.458	+0.226	-0.386	+0.223	-0.456	+0.299	-0.344	-0.119	-0.349	-0.453	-0.469	-0.453	-0.469	+0.270	-0.452	-0.185	-0.453	-0.157	-0.469	-0.129	-0.110	-0.161	-0.214	-0.163	-0.182	-0.165	-0.170	-0.466	-0.466	-0.454	-0.463	-0.180	-0.454	-0.455	-0.177	-0.454	-0.450	-0.347	+0.237	-0.178	-0.191	-0.180	-0.475	-0.190	-0.192	-0.192	-0.192	-0.193	+0.216	-0.156	+0.190	+0.218	-0.470	-0.204	-0.456	
rs7178957      -0.332	-0.312	-0.312	-0.337	-0.157	-0.051	-0.299	-0.437	-0.295	-0.300	-0.310	-0.307	-0.307	-0.060	-0.059	-0.033	-0.372	-0.341	-0.269	-0.295	-0.255	+0.630	-0.256	-0.286	-0.300	+0.602	-0.277	-0.300	-0.285	-0.297	-0.300	+0.094	+0.683	+0.594	+0.351	+0.682	+0.716	+0.697	+0.619	+0.619	+0.699	+0.618	-0.285	-0.287	+0.617	+0.658	+0.610	-0.260	+0.638	+0.079	+0.714	+0.500	+0.661	-0.385	-0.338	-0.334	-0.161	-0.051	+0.026	+0.057	+0.123	-0.356	-0.155	-0.452	-0.157	-0.153	-0.431	-0.431	-0.055	-0.451	-0.262	-0.081	-0.156	-0.451	-0.382	-0.080	-0.151	-0.448	-0.147	-0.148	-0.152	-0.450	-0.449	-0.162	+0.278	-0.450	-0.148	+0.302	-0.450	-0.449	-0.449	-0.456	-0.153	-0.096	-0.450	-0.450	-0.148	-0.148	-0.461	-0.450	-0.152	-0.190	+0.295	-0.088	-0.449	-0.455	-0.137	-0.068	-0.143	+0.297	-0.462	+0.294	-0.462	+0.293	-0.450	-0.450	+0.321	+0.254	-0.450	-0.452	+0.231	-0.381	+0.227	-0.449	+0.307	-0.338	-0.112	-0.342	-0.447	-0.463	-0.447	-0.463	+0.277	-0.446	-0.178	-0.446	-0.150	-0.463	-0.123	-0.104	-0.154	-0.207	-0.155	-0.175	-0.158	-0.163	-0.461	-0.461	-0.447	-0.458	-0.173	-0.448	-0.449	-0.170	-0.448	-0.443	-0.340	+0.245	-0.170	-0.184	-0.172	-0.469	-0.183	-0.185	-0.185	-0.185	-0.186	+0.224	-0.150	+0.198	+0.226	-0.465	-0.197	-0.450	
rs2297380      -0.366	-0.350	-0.350	-0.354	-0.303	-0.299	-0.086	-0.461	-0.212	-0.341	-0.350	-0.347	-0.347	-0.137	-0.136	-0.112	-0.418	-0.369	-0.326	-0.350	-0.280	+0.787	-0.281	-0.341	-0.325	+0.756	-0.333	-0.326	-0.311	-0.323	-0.327	+0.192	+0.843	+0.746	+0.470	+0.842	+0.880	+0.842	+0.775	+0.775	+0.861	+0.774	-0.311	-0.313	+0.771	+0.814	+0.764	-0.286	+0.794	+0.175	+0.874	+0.641	+0.813	-0.418	-0.367	-0.362	-0.190	-0.052	+0.029	+0.060	+0.127	-0.385	-0.183	-0.489	-0.218	-0.215	-0.462	-0.462	-0.011	-0.491	-0.269	-0.039	-0.217	-0.492	-0.416	-0.038	-0.212	-0.493	-0.209	-0.210	-0.213	-0.493	-0.493	-0.222	+0.196	-0.493	-0.209	+0.222	-0.493	-0.493	-0.493	-0.486	-0.214	-0.055	-0.494	-0.493	-0.209	-0.209	-0.491	-0.494	-0.212	-0.249	+0.212	-0.047	-0.494	-0.485	-0.198	-0.025	-0.204	+0.214	-0.492	+0.211	-0.492	+0.210	-0.494	-0.494	+0.236	+0.173	-0.494	-0.492	+0.174	-0.413	+0.170	-0.494	+0.224	-0.374	-0.073	-0.394	-0.494	-0.494	-0.494	-0.494	+0.196	-0.494	-0.236	-0.494	-0.211	-0.494	-0.084	-0.063	-0.215	-0.265	-0.216	-0.235	-0.218	-0.223	-0.491	-0.491	-0.494	-0.488	-0.233	-0.494	-0.495	-0.230	-0.494	-0.491	-0.388	+0.164	-0.230	-0.243	-0.232	-0.499	-0.242	-0.244	-0.244	-0.244	-0.245	+0.144	-0.114	+0.119	+0.145	-0.495	-0.256	-0.495	
rs11630901     -0.685	-0.689	-0.689	-0.509	-0.443	-0.437	-0.461	-0.421	-0.447	-0.690	-0.692	-0.692	-0.692	-0.630	-0.629	-0.613	-0.772	-0.452	-0.712	-0.732	-0.297	+0.583	-0.299	-0.726	-0.373	+0.540	-0.721	-0.379	-0.351	-0.370	-0.377	-0.052	+0.640	+0.516	+0.202	+0.638	+0.679	+0.622	+0.546	+0.546	+0.659	+0.545	-0.352	-0.355	+0.563	+0.630	+0.571	-0.311	+0.585	-0.070	+0.677	+0.464	+0.613	-0.566	-0.457	-0.449	-0.194	-0.077	+0.002	+0.037	+0.114	-0.528	-0.250	-0.787	-0.613	-0.610	-0.649	-0.650	-0.259	-0.794	-0.353	-0.291	-0.611	-0.795	-0.620	-0.291	-0.607	-0.801	-0.604	-0.605	-0.608	-0.798	-0.800	-0.616	-0.263	-0.799	-0.604	-0.240	-0.800	-0.800	-0.800	-0.694	-0.610	-0.309	-0.801	-0.800	-0.604	-0.604	-0.703	-0.801	-0.607	-0.639	-0.249	-0.301	-0.802	-0.691	-0.594	-0.279	-0.600	-0.247	-0.704	-0.249	-0.704	-0.250	-0.802	-0.802	-0.232	-0.281	-0.802	-0.794	+0.060	-0.581	+0.056	-0.802	-0.242	-0.714	-0.330	-0.761	-0.806	-0.707	-0.805	-0.707	-0.262	-0.807	-0.625	-0.807	-0.607	-0.707	-0.342	-0.320	-0.609	-0.644	-0.610	-0.626	-0.612	-0.617	-0.703	-0.703	-0.806	-0.697	-0.625	-0.805	-0.804	-0.624	-0.805	-0.802	-0.740	-0.294	-0.624	-0.635	-0.626	-0.719	-0.634	-0.635	-0.636	-0.636	-0.637	-0.312	-0.373	-0.333	-0.310	-0.710	-0.646	-0.804	
rs11070334     -0.352	-0.337	-0.337	-0.348	-0.299	-0.295	-0.212	-0.447	-0.072	-0.327	-0.336	-0.333	-0.333	-0.122	-0.120	-0.096	-0.404	-0.360	-0.303	-0.336	-0.272	+0.817	-0.274	-0.328	-0.318	+0.785	-0.319	-0.318	-0.303	-0.315	-0.319	+0.200	+0.873	+0.753	+0.477	+0.872	+0.910	+0.848	+0.781	+0.781	+0.891	+0.780	-0.304	-0.305	+0.800	+0.843	+0.793	-0.278	+0.823	+0.183	+0.904	+0.668	+0.842	-0.407	-0.358	-0.354	-0.184	-0.047	+0.034	+0.064	+0.131	-0.376	-0.176	-0.476	-0.206	-0.202	-0.451	-0.451	-0.001	-0.478	-0.262	-0.029	-0.205	-0.479	-0.405	-0.028	-0.200	-0.480	-0.197	-0.197	-0.201	-0.479	-0.480	-0.210	+0.207	-0.480	-0.197	+0.233	-0.480	-0.480	-0.480	-0.475	-0.201	-0.045	-0.480	-0.480	-0.197	-0.197	-0.480	-0.480	-0.200	-0.236	+0.223	-0.037	-0.481	-0.474	-0.186	-0.015	-0.192	+0.226	-0.481	+0.223	-0.481	+0.222	-0.481	-0.481	+0.247	+0.185	-0.481	-0.479	+0.178	-0.403	+0.175	-0.481	+0.235	-0.360	-0.063	-0.381	-0.481	-0.483	-0.481	-0.482	+0.207	-0.481	-0.223	-0.481	-0.198	-0.482	-0.074	-0.053	-0.203	-0.253	-0.204	-0.223	-0.206	-0.211	-0.480	-0.480	-0.481	-0.477	-0.221	-0.481	-0.481	-0.218	-0.481	-0.477	-0.374	+0.176	-0.218	-0.231	-0.220	-0.488	-0.230	-0.231	-0.232	-0.232	-0.233	+0.156	-0.104	+0.131	+0.157	-0.484	-0.244	-0.482	
rs61753586     -0.575	-0.516	-0.516	-0.379	-0.307	-0.300	-0.341	-0.690	-0.327	-0.401	-0.516	-0.521	-0.522	-0.571	-0.570	-0.550	-0.733	-0.367	-0.693	-0.710	-0.226	+0.180	-0.227	-0.706	-0.295	+0.144	-0.701	-0.298	-0.273	-0.291	-0.297	-0.321	+0.225	+0.131	-0.107	+0.224	+0.257	+0.220	+0.155	+0.154	+0.240	+0.153	-0.274	-0.276	+0.167	+0.236	+0.183	-0.235	+0.179	-0.333	+0.257	+0.067	+0.213	-0.537	-0.367	-0.359	-0.106	+0.061	+0.148	+0.185	+0.262	-0.415	-0.123	-0.787	-0.632	-0.629	-0.548	-0.548	-0.377	-0.792	-0.222	-0.405	-0.630	-0.793	-0.557	-0.404	-0.626	-0.797	-0.624	-0.624	-0.627	-0.795	-0.796	-0.635	-0.271	-0.796	-0.624	-0.247	-0.797	-0.797	-0.797	-0.599	-0.628	-0.420	-0.797	-0.797	-0.624	-0.624	-0.610	-0.798	-0.626	-0.656	-0.256	-0.412	-0.798	-0.596	-0.614	-0.395	-0.620	-0.254	-0.612	-0.256	-0.612	-0.257	-0.798	-0.798	-0.243	-0.288	-0.798	-0.792	+0.220	-0.471	+0.215	-0.798	-0.251	-0.699	-0.437	-0.764	-0.801	-0.616	-0.800	-0.615	-0.272	-0.802	-0.644	-0.801	-0.628	-0.615	-0.448	-0.429	-0.628	-0.663	-0.629	-0.643	-0.631	-0.636	-0.610	-0.610	-0.801	-0.603	-0.643	-0.800	-0.800	-0.642	-0.800	-0.797	-0.721	-0.301	-0.642	-0.652	-0.643	-0.630	-0.650	-0.651	-0.652	-0.652	-0.653	-0.319	-0.476	-0.341	-0.318	-0.618	-0.662	-0.800	
rs60736275     -0.585	-0.531	-0.531	-0.387	-0.316	-0.310	-0.350	-0.692	-0.336	-0.516	-0.401	-0.512	-0.512	-0.553	-0.552	-0.532	-0.732	-0.374	-0.686	-0.704	-0.232	+0.197	-0.234	-0.700	-0.301	+0.161	-0.694	-0.305	-0.279	-0.298	-0.304	-0.312	+0.242	+0.147	-0.093	+0.241	+0.274	+0.237	+0.171	+0.171	+0.257	+0.170	-0.280	-0.283	+0.184	+0.253	+0.200	-0.242	+0.196	-0.326	+0.274	+0.075	+0.229	-0.540	-0.373	-0.365	-0.114	+0.054	+0.141	+0.178	+0.255	-0.421	-0.130	-0.788	-0.624	-0.621	-0.553	-0.553	-0.366	-0.793	-0.228	-0.394	-0.622	-0.794	-0.560	-0.393	-0.618	-0.798	-0.616	-0.616	-0.619	-0.796	-0.797	-0.627	-0.251	-0.796	-0.616	-0.227	-0.798	-0.797	-0.797	-0.604	-0.620	-0.410	-0.798	-0.798	-0.616	-0.616	-0.614	-0.798	-0.618	-0.648	-0.236	-0.402	-0.799	-0.601	-0.606	-0.384	-0.612	-0.234	-0.616	-0.237	-0.616	-0.238	-0.798	-0.798	-0.223	-0.269	-0.798	-0.793	+0.230	-0.476	+0.226	-0.799	-0.231	-0.699	-0.427	-0.760	-0.802	-0.620	-0.800	-0.620	-0.253	-0.802	-0.637	-0.802	-0.620	-0.620	-0.438	-0.419	-0.620	-0.655	-0.621	-0.635	-0.623	-0.628	-0.614	-0.615	-0.801	-0.607	-0.635	-0.801	-0.800	-0.634	-0.801	-0.798	-0.717	-0.283	-0.634	-0.644	-0.636	-0.634	-0.643	-0.643	-0.645	-0.645	-0.646	-0.301	-0.466	-0.323	-0.300	-0.622	-0.654	-0.801	
rs2297382      -0.584	-0.532	-0.532	-0.385	-0.314	-0.307	-0.347	-0.692	-0.333	-0.521	-0.512	-0.401	-0.511	-0.558	-0.557	-0.537	-0.732	-0.372	-0.688	-0.706	-0.230	+0.192	-0.232	-0.702	-0.299	+0.156	-0.696	-0.303	-0.277	-0.296	-0.302	-0.315	+0.237	+0.142	-0.097	+0.236	+0.269	+0.232	+0.166	+0.166	+0.252	+0.165	-0.278	-0.281	+0.179	+0.248	+0.195	-0.240	+0.191	-0.328	+0.269	+0.072	+0.224	-0.539	-0.371	-0.363	-0.112	+0.057	+0.143	+0.180	+0.257	-0.419	-0.128	-0.788	-0.626	-0.623	-0.551	-0.552	-0.369	-0.793	-0.226	-0.397	-0.625	-0.794	-0.559	-0.397	-0.621	-0.798	-0.618	-0.619	-0.622	-0.796	-0.797	-0.629	-0.257	-0.797	-0.618	-0.233	-0.798	-0.798	-0.798	-0.603	-0.623	-0.413	-0.798	-0.798	-0.618	-0.618	-0.613	-0.798	-0.621	-0.651	-0.242	-0.405	-0.799	-0.599	-0.608	-0.387	-0.614	-0.240	-0.615	-0.242	-0.615	-0.243	-0.799	-0.799	-0.229	-0.274	-0.799	-0.793	+0.227	-0.475	+0.223	-0.799	-0.236	-0.699	-0.431	-0.761	-0.802	-0.619	-0.801	-0.619	-0.258	-0.802	-0.639	-0.802	-0.622	-0.619	-0.442	-0.422	-0.623	-0.658	-0.624	-0.638	-0.626	-0.631	-0.613	-0.614	-0.801	-0.606	-0.638	-0.801	-0.801	-0.637	-0.801	-0.798	-0.718	-0.288	-0.637	-0.647	-0.638	-0.633	-0.645	-0.646	-0.647	-0.647	-0.648	-0.306	-0.469	-0.328	-0.305	-0.621	-0.657	-0.801	
rs8037394      -0.584	-0.532	-0.532	-0.385	-0.313	-0.307	-0.347	-0.692	-0.333	-0.522	-0.512	-0.511	-0.401	-0.558	-0.557	-0.537	-0.732	-0.372	-0.688	-0.706	-0.230	+0.192	-0.232	-0.702	-0.299	+0.156	-0.696	-0.303	-0.277	-0.296	-0.302	-0.315	+0.237	+0.142	-0.097	+0.236	+0.269	+0.232	+0.166	+0.166	+0.252	+0.165	-0.278	-0.281	+0.179	+0.248	+0.195	-0.240	+0.191	-0.328	+0.269	+0.072	+0.224	-0.539	-0.371	-0.363	-0.112	+0.057	+0.143	+0.180	+0.257	-0.419	-0.128	-0.788	-0.626	-0.624	-0.551	-0.552	-0.369	-0.793	-0.226	-0.397	-0.625	-0.794	-0.559	-0.397	-0.621	-0.798	-0.618	-0.619	-0.622	-0.796	-0.797	-0.629	-0.257	-0.797	-0.618	-0.233	-0.798	-0.798	-0.797	-0.603	-0.623	-0.413	-0.798	-0.798	-0.618	-0.618	-0.613	-0.798	-0.621	-0.651	-0.242	-0.405	-0.799	-0.599	-0.608	-0.387	-0.614	-0.240	-0.615	-0.242	-0.615	-0.243	-0.799	-0.798	-0.228	-0.274	-0.799	-0.793	+0.227	-0.475	+0.223	-0.799	-0.236	-0.699	-0.431	-0.761	-0.802	-0.619	-0.801	-0.618	-0.258	-0.802	-0.639	-0.802	-0.622	-0.619	-0.442	-0.422	-0.623	-0.658	-0.624	-0.638	-0.626	-0.631	-0.613	-0.613	-0.801	-0.606	-0.638	-0.801	-0.800	-0.637	-0.801	-0.798	-0.718	-0.288	-0.637	-0.647	-0.638	-0.633	-0.645	-0.646	-0.647	-0.647	-0.648	-0.306	-0.469	-0.328	-0.305	-0.621	-0.657	-0.801	
rs1757461      -0.548	-0.550	-0.550	-0.176	-0.068	-0.060	-0.137	-0.630	-0.122	-0.571	-0.553	-0.558	-0.558	-0.387	-0.498	-0.486	-0.517	-0.229	-0.651	-0.644	-0.073	+0.053	-0.075	-0.649	-0.151	+0.019	-0.651	-0.156	-0.126	-0.147	-0.154	-0.400	+0.097	+0.008	-0.224	+0.096	+0.127	+0.092	+0.030	+0.030	+0.111	+0.029	-0.128	-0.131	+0.040	+0.107	+0.056	-0.085	+0.054	-0.411	+0.128	-0.018	+0.085	-0.455	-0.239	-0.230	+0.053	+0.234	+0.317	+0.357	+0.439	-0.302	+0.022	-0.765	-0.684	-0.682	-0.445	-0.446	-0.468	-0.771	-0.073	-0.493	-0.683	-0.772	-0.486	-0.493	-0.680	-0.777	-0.678	-0.679	-0.681	-0.774	-0.776	-0.687	-0.411	-0.775	-0.678	-0.391	-0.777	-0.776	-0.776	-0.504	-0.682	-0.507	-0.777	-0.777	-0.678	-0.678	-0.516	-0.777	-0.680	-0.702	-0.398	-0.500	-0.778	-0.500	-0.671	-0.484	-0.675	-0.397	-0.518	-0.399	-0.518	-0.400	-0.778	-0.778	-0.386	-0.426	-0.778	-0.771	+0.133	-0.362	+0.129	-0.778	-0.393	-0.685	-0.522	-0.775	-0.782	-0.523	-0.781	-0.522	-0.410	-0.783	-0.694	-0.782	-0.681	-0.522	-0.532	-0.515	-0.682	-0.707	-0.683	-0.692	-0.684	-0.687	-0.516	-0.516	-0.781	-0.508	-0.693	-0.781	-0.780	-0.692	-0.781	-0.778	-0.704	-0.436	-0.692	-0.699	-0.693	-0.539	-0.698	-0.698	-0.700	-0.700	-0.700	-0.451	-0.556	-0.469	-0.450	-0.525	-0.706	-0.780	
rs8023412      -0.547	-0.549	-0.548	-0.175	-0.066	-0.059	-0.136	-0.629	-0.120	-0.570	-0.552	-0.557	-0.557	-0.498	-0.386	-0.486	-0.515	-0.228	-0.650	-0.642	-0.072	+0.053	-0.073	-0.648	-0.149	+0.019	-0.650	-0.154	-0.125	-0.146	-0.153	-0.399	+0.097	+0.007	-0.223	+0.096	+0.127	+0.092	+0.030	+0.030	+0.111	+0.029	-0.126	-0.130	+0.040	+0.106	+0.056	-0.083	+0.054	-0.411	+0.128	-0.018	+0.085	-0.454	-0.237	-0.229	+0.055	+0.235	+0.318	+0.359	+0.441	-0.300	+0.024	-0.764	-0.684	-0.682	-0.444	-0.444	-0.468	-0.770	-0.072	-0.493	-0.683	-0.771	-0.485	-0.492	-0.680	-0.776	-0.678	-0.678	-0.680	-0.773	-0.775	-0.686	-0.411	-0.774	-0.678	-0.391	-0.776	-0.776	-0.776	-0.502	-0.681	-0.506	-0.776	-0.776	-0.678	-0.678	-0.515	-0.777	-0.680	-0.702	-0.398	-0.499	-0.777	-0.499	-0.670	-0.484	-0.675	-0.397	-0.517	-0.399	-0.517	-0.399	-0.777	-0.777	-0.386	-0.426	-0.777	-0.770	+0.133	-0.361	+0.129	-0.778	-0.393	-0.684	-0.521	-0.774	-0.781	-0.521	-0.780	-0.521	-0.410	-0.782	-0.694	-0.781	-0.681	-0.521	-0.531	-0.514	-0.681	-0.707	-0.682	-0.692	-0.683	-0.687	-0.515	-0.515	-0.780	-0.506	-0.692	-0.780	-0.779	-0.691	-0.780	-0.777	-0.703	-0.436	-0.691	-0.699	-0.692	-0.538	-0.697	-0.698	-0.699	-0.699	-0.699	-0.451	-0.555	-0.469	-0.450	-0.524	-0.706	-0.780	
rs2588322      -0.527	-0.528	-0.528	-0.151	-0.041	-0.033	-0.112	-0.613	-0.096	-0.550	-0.532	-0.537	-0.537	-0.486	-0.486	-0.371	-0.483	-0.207	-0.635	-0.625	-0.050	+0.052	-0.052	-0.632	-0.128	+0.019	-0.634	-0.133	-0.103	-0.125	-0.131	-0.395	+0.096	+0.007	-0.221	+0.095	+0.126	+0.091	+0.030	+0.030	+0.110	+0.029	-0.105	-0.108	+0.040	+0.105	+0.055	-0.062	+0.053	-0.406	+0.127	-0.014	+0.084	-0.436	-0.217	-0.208	+0.077	+0.258	+0.340	+0.381	+0.464	-0.281	+0.045	-0.750	-0.675	-0.673	-0.425	-0.425	-0.462	-0.756	-0.051	-0.486	-0.674	-0.757	-0.468	-0.486	-0.671	-0.762	-0.669	-0.670	-0.671	-0.759	-0.761	-0.677	-0.408	-0.761	-0.669	-0.389	-0.762	-0.762	-0.762	-0.484	-0.672	-0.500	-0.762	-0.762	-0.669	-0.669	-0.497	-0.763	-0.671	-0.693	-0.396	-0.493	-0.764	-0.481	-0.662	-0.477	-0.666	-0.394	-0.498	-0.396	-0.499	-0.397	-0.763	-0.763	-0.384	-0.423	-0.763	-0.756	+0.141	-0.341	+0.137	-0.764	-0.390	-0.670	-0.515	-0.762	-0.767	-0.503	-0.766	-0.503	-0.407	-0.768	-0.685	-0.768	-0.672	-0.503	-0.524	-0.508	-0.672	-0.697	-0.673	-0.683	-0.675	-0.678	-0.497	-0.497	-0.767	-0.488	-0.683	-0.766	-0.765	-0.682	-0.766	-0.763	-0.689	-0.433	-0.682	-0.689	-0.683	-0.520	-0.688	-0.688	-0.690	-0.690	-0.690	-0.447	-0.548	-0.465	-0.446	-0.506	-0.696	-0.766	
rs8040005      -0.729	-0.730	-0.730	-0.456	-0.378	-0.372	-0.418	-0.772	-0.404	-0.733	-0.732	-0.732	-0.732	-0.517	-0.515	-0.483	-0.496	-0.439	-0.507	-0.548	-0.295	+0.189	-0.297	-0.536	-0.366	+0.150	-0.518	-0.369	-0.343	-0.362	-0.368	-0.320	+0.236	+0.137	-0.146	+0.235	+0.270	+0.235	+0.162	+0.162	+0.252	+0.161	-0.344	-0.347	+0.167	+0.251	+0.194	-0.305	+0.185	-0.337	+0.267	+0.040	+0.216	-0.617	-0.441	-0.433	-0.178	+0.042	+0.128	+0.167	+0.248	-0.492	-0.197	-0.870	-0.663	-0.660	-0.625	-0.625	-0.450	-0.875	-0.256	-0.479	-0.662	-0.876	-0.639	-0.478	-0.657	-0.880	-0.655	-0.655	-0.658	-0.878	-0.879	-0.667	-0.301	-0.879	-0.655	-0.276	-0.880	-0.880	-0.880	-0.677	-0.661	-0.494	-0.880	-0.880	-0.655	-0.655	-0.688	-0.880	-0.658	-0.691	-0.285	-0.486	-0.881	-0.674	-0.643	-0.468	-0.651	-0.283	-0.690	-0.285	-0.690	-0.286	-0.881	-0.881	-0.271	-0.323	-0.881	-0.875	+0.141	-0.548	+0.137	-0.881	-0.279	-0.784	-0.512	-0.817	-0.884	-0.694	-0.883	-0.693	-0.302	-0.885	-0.678	-0.884	-0.660	-0.693	-0.523	-0.504	-0.660	-0.701	-0.661	-0.677	-0.664	-0.669	-0.688	-0.688	-0.883	-0.680	-0.677	-0.883	-0.883	-0.675	-0.883	-0.880	-0.773	-0.333	-0.675	-0.687	-0.677	-0.708	-0.687	-0.688	-0.687	-0.687	-0.688	-0.352	-0.551	-0.376	-0.350	-0.696	-0.698	-0.883	
rs113721358    -0.379	-0.372	-0.373	-0.387	-0.345	-0.341	-0.369	-0.452	-0.360	-0.367	-0.374	-0.372	-0.372	-0.229	-0.228	-0.207	-0.439	-0.098	-0.332	-0.363	-0.153	+1.801	-0.156	-0.354	-0.223	+1.752	-0.346	-0.232	-0.206	-0.223	-0.228	+0.823	+1.887	+1.694	+1.232	+1.885	+1.944	+1.838	+1.738	+1.738	+1.915	+1.736	-0.211	-0.214	+1.773	+1.822	+1.757	-0.175	+1.820	+0.803	+1.945	+1.567	+1.843	-0.406	-0.303	-0.300	-0.117	-0.046	+0.029	+0.062	+0.132	-0.380	-0.181	-0.455	-0.164	-0.160	-0.452	-0.452	+0.378	-0.464	-0.268	+0.335	-0.163	-0.466	-0.418	+0.336	-0.158	-0.474	-0.154	-0.155	-0.159	-0.469	-0.472	-0.170	+0.289	-0.471	-0.155	+0.318	-0.472	-0.472	-0.472	-0.468	-0.162	+0.311	-0.473	-0.472	-0.155	-0.155	-0.471	-0.474	-0.159	-0.199	+0.306	+0.321	-0.475	-0.468	-0.143	+0.352	-0.150	+0.308	-0.471	+0.305	-0.471	+0.304	-0.474	-0.474	+0.330	+0.264	-0.474	-0.464	+0.107	-0.419	+0.104	-0.475	+0.316	-0.403	+0.284	-0.370	-0.481	-0.472	-0.479	-0.472	+0.289	-0.482	-0.182	-0.481	-0.157	-0.472	+0.268	+0.296	-0.162	-0.204	-0.163	-0.186	-0.166	-0.172	-0.471	-0.471	-0.480	-0.470	-0.182	-0.479	-0.477	-0.182	-0.478	-0.477	-0.380	+0.249	-0.182	-0.196	-0.184	-0.474	-0.196	-0.197	-0.198	-0.198	-0.199	+0.226	+0.227	+0.199	+0.228	-0.473	-0.211	-0.477	
rs35679807     -0.672	-0.682	-0.682	-0.363	-0.276	-0.269	-0.326	-0.712	-0.303	-0.693	-0.686	-0.688	-0.688	-0.651	-0.650	-0.635	-0.507	-0.332	-0.458	-0.607	-0.180	+0.075	-0.182	-0.614	-0.255	+0.040	-0.616	-0.259	-0.230	-0.251	-0.258	-0.403	+0.120	+0.019	-0.229	+0.119	+0.152	+0.108	+0.042	+0.042	+0.135	+0.041	-0.232	-0.235	+0.059	+0.131	+0.079	-0.190	+0.074	-0.417	+0.151	-0.025	+0.105	-0.542	-0.339	-0.330	-0.057	+0.216	+0.303	+0.345	+0.431	-0.399	-0.084	-0.827	-0.706	-0.703	-0.538	-0.538	-0.493	-0.833	-0.102	-0.519	-0.704	-0.834	-0.570	-0.518	-0.701	-0.840	-0.699	-0.699	-0.702	-0.837	-0.838	-0.708	-0.401	-0.838	-0.699	-0.379	-0.839	-0.839	-0.839	-0.594	-0.703	-0.533	-0.840	-0.839	-0.699	-0.699	-0.606	-0.840	-0.701	-0.727	-0.387	-0.525	-0.841	-0.591	-0.690	-0.509	-0.695	-0.385	-0.608	-0.388	-0.608	-0.389	-0.840	-0.840	-0.375	-0.419	-0.840	-0.833	+0.100	-0.457	+0.096	-0.841	-0.382	-0.750	-0.549	-0.815	-0.844	-0.612	-0.843	-0.612	-0.401	-0.845	-0.717	-0.845	-0.703	-0.612	-0.559	-0.541	-0.703	-0.734	-0.704	-0.716	-0.706	-0.710	-0.606	-0.606	-0.844	-0.598	-0.716	-0.843	-0.843	-0.715	-0.843	-0.841	-0.757	-0.429	-0.715	-0.723	-0.716	-0.628	-0.723	-0.723	-0.724	-0.724	-0.724	-0.446	-0.584	-0.466	-0.444	-0.615	-0.732	-0.843	
rs1023194      -0.692	-0.701	-0.701	-0.387	-0.302	-0.295	-0.350	-0.732	-0.336	-0.710	-0.704	-0.706	-0.706	-0.644	-0.642	-0.625	-0.548	-0.363	-0.607	-0.473	-0.213	+0.090	-0.215	-0.594	-0.287	+0.054	-0.591	-0.291	-0.263	-0.283	-0.289	-0.391	+0.135	+0.041	-0.217	+0.134	+0.167	+0.132	+0.065	+0.065	+0.150	+0.064	-0.264	-0.267	+0.072	+0.147	+0.093	-0.223	+0.088	-0.406	+0.166	-0.020	+0.119	-0.566	-0.369	-0.361	-0.092	+0.171	+0.258	+0.299	+0.384	-0.427	-0.117	-0.843	-0.703	-0.701	-0.565	-0.565	-0.491	-0.849	-0.145	-0.517	-0.702	-0.850	-0.592	-0.516	-0.699	-0.855	-0.696	-0.697	-0.699	-0.852	-0.854	-0.706	-0.385	-0.854	-0.696	-0.362	-0.855	-0.855	-0.855	-0.620	-0.701	-0.531	-0.855	-0.855	-0.696	-0.696	-0.632	-0.856	-0.699	-0.727	-0.371	-0.524	-0.856	-0.617	-0.687	-0.507	-0.693	-0.369	-0.633	-0.371	-0.634	-0.372	-0.856	-0.856	-0.358	-0.404	-0.856	-0.849	+0.101	-0.485	+0.097	-0.857	-0.365	-0.764	-0.548	-0.822	-0.860	-0.638	-0.859	-0.637	-0.385	-0.861	-0.716	-0.860	-0.700	-0.637	-0.558	-0.540	-0.701	-0.734	-0.702	-0.714	-0.703	-0.708	-0.632	-0.632	-0.859	-0.624	-0.714	-0.859	-0.858	-0.713	-0.859	-0.856	-0.767	-0.414	-0.713	-0.722	-0.715	-0.653	-0.722	-0.723	-0.723	-0.723	-0.724	-0.431	-0.584	-0.452	-0.430	-0.640	-0.732	-0.859	
rs1023193      -0.240	-0.231	-0.232	-0.291	-0.258	-0.255	-0.280	-0.297	-0.272	-0.226	-0.232	-0.230	-0.230	-0.073	-0.072	-0.050	-0.295	-0.153	-0.180	-0.213	+0.048	+2.393	-0.046	-0.203	-0.072	+2.327	-0.195	-0.088	-0.084	-0.086	-0.088	+1.245	+2.476	+2.254	+1.730	+2.474	+2.542	+2.419	+2.305	+2.305	+2.510	+2.303	-0.095	-0.095	+2.346	+2.391	+2.324	-0.081	+2.403	+1.224	+2.540	+2.096	+2.420	-0.265	-0.164	-0.166	-0.070	+0.005	+0.083	+0.113	+0.176	-0.267	-0.122	-0.285	-0.004	-0.000	-0.316	-0.316	+0.687	-0.296	-0.181	+0.639	-0.003	-0.298	-0.283	+0.639	+0.003	-0.309	+0.006	+0.006	+0.002	-0.302	-0.306	-0.010	+0.464	-0.304	+0.006	+0.493	-0.306	-0.307	-0.307	-0.320	-0.002	+0.611	-0.308	-0.307	+0.005	+0.005	-0.320	-0.308	+0.002	-0.040	+0.481	+0.621	-0.310	-0.321	+0.017	+0.658	+0.011	+0.483	-0.320	+0.480	-0.320	+0.479	-0.309	-0.309	+0.505	+0.438	-0.309	-0.296	+0.164	-0.302	+0.161	-0.310	+0.491	-0.260	+0.580	-0.218	-0.318	-0.320	-0.316	-0.320	+0.464	-0.320	-0.022	-0.319	+0.004	-0.320	+0.562	+0.593	-0.002	-0.045	-0.003	-0.027	-0.006	-0.012	-0.321	-0.321	-0.316	-0.322	-0.023	-0.315	-0.313	-0.022	-0.315	-0.314	-0.231	+0.423	-0.023	-0.037	-0.025	-0.317	-0.037	-0.038	-0.039	-0.039	-0.040	+0.399	+0.517	+0.371	+0.401	-0.321	-0.053	-0.313	
rs2277537      +0.219	+0.206	+0.206	+0.680	+0.623	+0.630	+0.787	+0.583	+0.817	+0.180	+0.197	+0.192	+0.192	+0.053	+0.053	+0.052	+0.189	+1.801	+0.075	+0.090	+2.393	+0.416	+2.389	+0.082	+2.206	+0.293	+0.077	+2.186	+2.253	+2.205	+2.189	+0.236	+0.327	+0.262	+0.211	+0.326	+0.348	+0.300	+0.271	+0.271	+0.335	+0.271	+2.242	+2.235	+0.286	+0.298	+0.270	+2.334	+0.293	+0.235	+0.331	+0.211	+0.286	+1.044	+1.906	+1.920	+2.316	+1.189	+1.245	+1.286	+1.405	+1.477	+1.906	+0.058	+0.007	+0.007	+1.026	+1.025	+0.010	+0.066	+0.680	+0.008	+0.007	+0.068	+0.888	+0.008	+0.006	+0.079	+0.006	+0.006	+0.006	+0.071	+0.075	+0.006	+0.080	+0.073	+0.005	+0.089	+0.074	+0.075	+0.075	+0.915	+0.006	+0.005	+0.075	+0.074	+0.005	+0.005	+0.893	+0.076	+0.005	+0.006	+0.086	+0.005	+0.078	+0.921	+0.006	+0.007	+0.005	+0.087	+0.890	+0.086	+0.889	+0.085	+0.075	+0.075	+0.094	+0.074	+0.075	+0.061	+0.974	+1.166	+0.970	+0.077	+0.087	+0.154	+0.004	+0.035	+0.087	+0.880	+0.084	+0.881	+0.081	+0.090	+0.003	+0.088	+0.004	+0.881	+0.003	+0.004	+0.005	+0.009	+0.005	+0.005	+0.005	+0.005	+0.893	+0.892	+0.085	+0.908	+0.005	+0.084	+0.081	+0.005	+0.082	+0.088	+0.095	+0.069	+0.006	+0.006	+0.006	+0.850	+0.008	+0.008	+0.006	+0.006	+0.006	+0.063	+0.004	+0.055	+0.064	+0.877	+0.007	+0.079	
rs11639399     -0.241	-0.233	-0.233	-0.292	-0.259	-0.256	-0.281	-0.299	-0.274	-0.227	-0.234	-0.232	-0.232	-0.075	-0.073	-0.052	-0.297	-0.156	-0.182	-0.215	-0.046	+2.389	+0.046	-0.205	-0.070	+2.326	-0.196	-0.087	-0.083	-0.085	-0.087	+1.244	+2.475	+2.252	+1.729	+2.473	+2.541	+2.417	+2.304	+2.304	+2.509	+2.301	-0.095	-0.095	+2.345	+2.390	+2.323	-0.081	+2.402	+1.223	+2.540	+2.095	+2.420	-0.266	-0.164	-0.167	-0.070	+0.004	+0.082	+0.112	+0.175	-0.268	-0.123	-0.286	-0.005	-0.001	-0.318	-0.318	+0.686	-0.297	-0.182	+0.638	-0.004	-0.300	-0.284	+0.639	+0.001	-0.310	+0.005	+0.004	+0.000	-0.304	-0.307	-0.011	+0.462	-0.306	+0.005	+0.492	-0.308	-0.308	-0.308	-0.321	-0.003	+0.610	-0.309	-0.308	+0.004	+0.004	-0.321	-0.310	+0.000	-0.042	+0.480	+0.621	-0.312	-0.322	+0.016	+0.657	+0.009	+0.482	-0.321	+0.479	-0.321	+0.478	-0.310	-0.310	+0.504	+0.437	-0.310	-0.297	+0.163	-0.304	+0.159	-0.312	+0.490	-0.262	+0.579	-0.220	-0.319	-0.321	-0.317	-0.321	+0.463	-0.322	-0.023	-0.320	+0.003	-0.321	+0.561	+0.592	-0.003	-0.047	-0.004	-0.028	-0.007	-0.013	-0.322	-0.322	-0.318	-0.323	-0.024	-0.317	-0.314	-0.024	-0.316	-0.315	-0.233	+0.421	-0.024	-0.039	-0.026	-0.318	-0.038	-0.040	-0.040	-0.040	-0.041	+0.398	+0.516	+0.370	+0.400	-0.322	-0.054	-0.314	
rs16971872     -0.687	-0.696	-0.696	-0.378	-0.293	-0.286	-0.341	-0.726	-0.328	-0.706	-0.700	-0.702	-0.702	-0.649	-0.648	-0.632	-0.536	-0.354	-0.614	-0.594	-0.203	+0.082	-0.205	-0.469	-0.277	+0.046	-0.590	-0.281	-0.253	-0.273	-0.280	-0.396	+0.127	+0.033	-0.222	+0.126	+0.159	+0.124	+0.057	+0.057	+0.142	+0.056	-0.255	-0.258	+0.064	+0.138	+0.085	-0.213	+0.080	-0.411	+0.157	-0.024	+0.111	-0.559	-0.360	-0.352	-0.081	+0.185	+0.272	+0.314	+0.399	-0.418	-0.107	-0.839	-0.705	-0.702	-0.557	-0.557	-0.493	-0.845	-0.132	-0.519	-0.704	-0.846	-0.586	-0.519	-0.700	-0.851	-0.698	-0.699	-0.701	-0.848	-0.850	-0.708	-0.391	-0.849	-0.698	-0.369	-0.851	-0.850	-0.850	-0.613	-0.703	-0.533	-0.851	-0.851	-0.698	-0.698	-0.624	-0.851	-0.701	-0.728	-0.377	-0.526	-0.852	-0.609	-0.689	-0.509	-0.695	-0.375	-0.626	-0.378	-0.626	-0.379	-0.852	-0.852	-0.364	-0.410	-0.852	-0.845	+0.099	-0.477	+0.095	-0.852	-0.372	-0.760	-0.550	-0.821	-0.856	-0.630	-0.855	-0.630	-0.392	-0.857	-0.718	-0.856	-0.702	-0.630	-0.560	-0.542	-0.703	-0.735	-0.704	-0.716	-0.705	-0.710	-0.624	-0.625	-0.855	-0.616	-0.716	-0.855	-0.854	-0.715	-0.854	-0.852	-0.764	-0.420	-0.715	-0.724	-0.716	-0.646	-0.723	-0.724	-0.724	-0.724	-0.725	-0.437	-0.586	-0.458	-0.436	-0.633	-0.733	-0.854	
rs17676332     -0.307	-0.300	-0.300	-0.340	-0.303	-0.300	-0.325	-0.373	-0.318	-0.295	-0.301	-0.299	-0.299	-0.151	-0.149	-0.128	-0.366	-0.223	-0.255	-0.287	-0.072	+2.206	-0.070	-0.277	-0.023	+2.169	-0.268	-0.145	-0.118	-0.132	-0.137	+1.116	+2.316	+2.099	+1.586	+2.314	+2.381	+2.261	+2.149	+2.149	+2.349	+2.147	-0.131	-0.133	+2.190	+2.236	+2.169	-0.098	+2.244	+1.096	+2.380	+1.948	+2.264	-0.332	-0.223	-0.223	-0.082	-0.023	+0.054	+0.085	+0.150	-0.321	-0.151	-0.356	-0.084	-0.080	-0.379	-0.379	+0.586	-0.366	-0.224	+0.539	-0.083	-0.369	-0.348	+0.539	-0.078	-0.379	-0.074	-0.075	-0.079	-0.373	-0.376	-0.090	+0.374	-0.375	-0.074	+0.404	-0.377	-0.377	-0.377	-0.387	-0.082	+0.512	-0.378	-0.377	-0.075	-0.075	-0.389	-0.379	-0.079	-0.120	+0.391	+0.522	-0.381	-0.389	-0.063	+0.557	-0.070	+0.394	-0.389	+0.391	-0.389	+0.390	-0.379	-0.379	+0.415	+0.350	-0.379	-0.367	+0.129	-0.359	+0.125	-0.381	+0.401	-0.328	+0.481	-0.293	-0.388	-0.389	-0.386	-0.389	+0.375	-0.390	-0.102	-0.389	-0.077	-0.389	+0.463	+0.494	-0.082	-0.125	-0.083	-0.106	-0.086	-0.092	-0.389	-0.389	-0.387	-0.390	-0.103	-0.386	-0.383	-0.102	-0.385	-0.384	-0.304	+0.334	-0.102	-0.117	-0.105	-0.388	-0.116	-0.118	-0.118	-0.118	-0.119	+0.311	+0.419	+0.284	+0.313	-0.390	-0.132	-0.383	
rs4924552      +0.183	+0.170	+0.170	+0.649	+0.595	+0.602	+0.756	+0.540	+0.785	+0.144	+0.161	+0.156	+0.156	+0.019	+0.019	+0.019	+0.150	+1.752	+0.040	+0.054	+2.327	+0.293	+2.326	+0.046	+2.169	+0.381	+0.041	+2.139	+2.220	+2.173	+2.157	+0.216	+0.351	+0.257	+0.190	+0.349	+0.381	+0.303	+0.268	+0.268	+0.363	+0.267	+2.212	+2.205	+0.289	+0.297	+0.265	+2.304	+0.299	+0.214	+0.345	+0.196	+0.283	+1.004	+1.874	+1.887	+2.284	+1.139	+1.195	+1.236	+1.353	+1.442	+1.872	+0.029	-0.026	-0.026	+0.993	+0.992	-0.019	+0.037	+0.639	-0.022	-0.027	+0.039	+0.848	-0.022	-0.027	+0.050	-0.027	-0.027	-0.027	+0.043	+0.047	-0.028	+0.051	+0.045	-0.028	+0.061	+0.046	+0.047	+0.047	+0.881	-0.027	-0.024	+0.047	+0.046	-0.028	-0.028	+0.860	+0.047	-0.028	-0.028	+0.058	-0.024	+0.050	+0.888	-0.027	-0.022	-0.028	+0.059	+0.856	+0.058	+0.856	+0.057	+0.047	+0.047	+0.066	+0.046	+0.047	+0.033	+0.952	+1.133	+0.947	+0.049	+0.060	+0.128	-0.026	-0.001	+0.059	+0.847	+0.056	+0.848	+0.053	+0.062	-0.030	+0.060	-0.029	+0.848	-0.026	-0.026	-0.028	-0.025	-0.028	-0.028	-0.028	-0.028	+0.859	+0.859	+0.057	+0.875	-0.028	+0.056	+0.053	-0.028	+0.054	+0.060	+0.058	+0.041	-0.028	-0.028	-0.028	+0.817	-0.026	-0.026	-0.027	-0.027	-0.027	+0.034	-0.026	+0.026	+0.035	+0.844	-0.027	+0.051	
rs1200341      -0.681	-0.690	-0.690	-0.370	-0.283	-0.277	-0.333	-0.721	-0.319	-0.701	-0.694	-0.696	-0.696	-0.651	-0.650	-0.634	-0.518	-0.346	-0.616	-0.591	-0.195	+0.077	-0.196	-0.590	-0.268	+0.041	-0.465	-0.273	-0.244	-0.265	-0.271	-0.399	+0.122	+0.028	-0.224	+0.121	+0.154	+0.119	+0.052	+0.052	+0.137	+0.051	-0.246	-0.249	+0.060	+0.133	+0.080	-0.205	+0.075	-0.413	+0.152	-0.026	+0.106	-0.552	-0.352	-0.344	-0.072	+0.198	+0.285	+0.327	+0.412	-0.411	-0.099	-0.834	-0.705	-0.703	-0.550	-0.550	-0.493	-0.840	-0.121	-0.519	-0.704	-0.841	-0.580	-0.519	-0.701	-0.846	-0.698	-0.699	-0.701	-0.843	-0.845	-0.708	-0.395	-0.844	-0.699	-0.373	-0.846	-0.846	-0.846	-0.606	-0.703	-0.533	-0.846	-0.846	-0.699	-0.699	-0.617	-0.847	-0.701	-0.727	-0.381	-0.526	-0.847	-0.602	-0.689	-0.509	-0.695	-0.380	-0.619	-0.382	-0.619	-0.383	-0.847	-0.847	-0.369	-0.414	-0.847	-0.840	+0.099	-0.469	+0.095	-0.848	-0.376	-0.756	-0.550	-0.818	-0.851	-0.623	-0.850	-0.623	-0.396	-0.852	-0.717	-0.851	-0.702	-0.623	-0.560	-0.542	-0.703	-0.734	-0.704	-0.716	-0.705	-0.710	-0.617	-0.618	-0.850	-0.609	-0.716	-0.850	-0.849	-0.715	-0.850	-0.847	-0.760	-0.424	-0.715	-0.724	-0.716	-0.639	-0.723	-0.723	-0.724	-0.724	-0.725	-0.441	-0.586	-0.461	-0.439	-0.626	-0.732	-0.850	
rs12148316     -0.310	-0.304	-0.304	-0.341	-0.304	-0.300	-0.326	-0.379	-0.318	-0.298	-0.305	-0.303	-0.303	-0.156	-0.154	-0.133	-0.369	-0.232	-0.259	-0.291	-0.088	+2.186	-0.087	-0.281	-0.145	+2.139	-0.273	-0.026	-0.131	-0.144	-0.148	+1.101	+2.292	+2.076	+1.566	+2.291	+2.358	+2.238	+2.126	+2.126	+2.326	+2.124	-0.137	-0.139	+2.167	+2.214	+2.148	-0.105	+2.221	+1.081	+2.357	+1.929	+2.241	-0.337	-0.228	-0.227	-0.082	-0.022	+0.055	+0.086	+0.152	-0.324	-0.151	-0.360	-0.090	-0.086	-0.384	-0.384	+0.573	-0.371	-0.224	+0.526	-0.089	-0.373	-0.352	+0.527	-0.084	-0.383	-0.080	-0.081	-0.085	-0.377	-0.381	-0.095	+0.367	-0.379	-0.080	+0.396	-0.381	-0.381	-0.381	-0.392	-0.088	+0.499	-0.382	-0.382	-0.081	-0.081	-0.394	-0.383	-0.084	-0.125	+0.384	+0.510	-0.385	-0.393	-0.069	+0.545	-0.075	+0.386	-0.394	+0.383	-0.394	+0.382	-0.384	-0.383	+0.407	+0.342	-0.384	-0.371	+0.130	-0.361	+0.127	-0.385	+0.393	-0.332	+0.469	-0.298	-0.392	-0.395	-0.390	-0.395	+0.367	-0.394	-0.107	-0.393	-0.082	-0.395	+0.451	+0.482	-0.087	-0.130	-0.089	-0.112	-0.092	-0.097	-0.395	-0.395	-0.391	-0.395	-0.108	-0.390	-0.387	-0.108	-0.389	-0.388	-0.308	+0.327	-0.108	-0.122	-0.110	-0.393	-0.122	-0.123	-0.124	-0.124	-0.125	+0.304	+0.408	+0.276	+0.306	-0.396	-0.137	-0.388	
rs72739702     -0.285	-0.278	-0.278	-0.324	-0.289	-0.285	-0.311	-0.351	-0.303	-0.273	-0.279	-0.277	-0.277	-0.126	-0.125	-0.103	-0.343	-0.206	-0.230	-0.263	-0.084	+2.253	-0.083	-0.253	-0.118	+2.220	-0.244	-0.131	-0.000	-0.104	-0.105	+1.166	+2.380	+2.160	+1.641	+2.378	+2.447	+2.324	+2.211	+2.211	+2.415	+2.209	-0.103	-0.105	+2.254	+2.297	+2.231	-0.077	+2.309	+1.145	+2.446	+2.009	+2.329	-0.309	-0.195	-0.197	-0.073	-0.015	+0.062	+0.093	+0.158	-0.301	-0.140	-0.333	-0.058	-0.053	-0.357	-0.357	+0.622	-0.343	-0.211	+0.575	-0.056	-0.346	-0.326	+0.575	-0.051	-0.356	-0.047	-0.048	-0.052	-0.350	-0.353	-0.063	+0.405	-0.352	-0.047	+0.435	-0.354	-0.354	-0.354	-0.362	-0.055	+0.547	-0.355	-0.354	-0.048	-0.048	-0.363	-0.356	-0.052	-0.093	+0.422	+0.558	-0.358	-0.364	-0.036	+0.593	-0.043	+0.425	-0.363	+0.422	-0.363	+0.421	-0.356	-0.356	+0.446	+0.380	-0.356	-0.344	+0.138	-0.339	+0.135	-0.358	+0.432	-0.307	+0.516	-0.269	-0.365	-0.363	-0.363	-0.364	+0.405	-0.368	-0.075	-0.366	-0.050	-0.364	+0.499	+0.530	-0.055	-0.098	-0.056	-0.079	-0.059	-0.065	-0.364	-0.364	-0.364	-0.365	-0.076	-0.363	-0.360	-0.075	-0.362	-0.361	-0.280	+0.365	-0.076	-0.090	-0.078	-0.361	-0.090	-0.091	-0.091	-0.092	-0.092	+0.342	+0.455	+0.314	+0.344	-0.364	-0.105	-0.360	
rs72741804     -0.303	-0.297	-0.297	-0.337	-0.301	-0.297	-0.323	-0.370	-0.315	-0.291	-0.298	-0.296	-0.296	-0.147	-0.146	-0.125	-0.362	-0.223	-0.251	-0.283	-0.086	+2.205	-0.085	-0.273	-0.132	+2.173	-0.265	-0.144	-0.104	-0.019	-0.119	+1.129	+2.333	+2.115	+1.600	+2.332	+2.400	+2.279	+2.166	+2.166	+2.368	+2.164	-0.111	-0.113	+2.208	+2.252	+2.186	-0.075	+2.263	+1.108	+2.399	+1.967	+2.283	-0.327	-0.212	-0.212	-0.075	-0.022	+0.055	+0.086	+0.152	-0.316	-0.147	-0.352	-0.080	-0.076	-0.374	-0.374	+0.593	-0.363	-0.223	+0.546	-0.078	-0.365	-0.343	+0.546	-0.073	-0.376	-0.069	-0.070	-0.074	-0.369	-0.373	-0.085	+0.381	-0.372	-0.069	+0.410	-0.373	-0.374	-0.374	-0.381	-0.077	+0.519	-0.375	-0.374	-0.070	-0.070	-0.382	-0.375	-0.074	-0.115	+0.398	+0.529	-0.377	-0.382	-0.058	+0.565	-0.065	+0.400	-0.382	+0.397	-0.382	+0.396	-0.376	-0.376	+0.422	+0.356	-0.376	-0.363	+0.129	-0.354	+0.126	-0.377	+0.407	-0.325	+0.488	-0.289	-0.385	-0.383	-0.382	-0.383	+0.381	-0.387	-0.097	-0.386	-0.072	-0.383	+0.470	+0.501	-0.077	-0.120	-0.078	-0.101	-0.081	-0.087	-0.383	-0.383	-0.383	-0.383	-0.098	-0.382	-0.380	-0.097	-0.381	-0.381	-0.300	+0.340	-0.097	-0.112	-0.100	-0.381	-0.111	-0.113	-0.113	-0.113	-0.114	+0.317	+0.427	+0.290	+0.319	-0.384	-0.127	-0.380	
rs8024626      -0.309	-0.303	-0.303	-0.341	-0.304	-0.300	-0.327	-0.377	-0.319	-0.297	-0.304	-0.302	-0.302	-0.154	-0.153	-0.131	-0.368	-0.228	-0.258	-0.289	-0.088	+2.189	-0.087	-0.280	-0.137	+2.157	-0.271	-0.148	-0.105	-0.119	-0.025	+1.117	+2.320	+2.101	+1.587	+2.318	+2.386	+2.265	+2.152	+2.152	+2.354	+2.150	-0.111	-0.113	+2.195	+2.239	+2.172	-0.072	+2.249	+1.097	+2.386	+1.954	+2.270	-0.332	-0.216	-0.216	-0.074	-0.024	+0.053	+0.084	+0.150	-0.320	-0.149	-0.358	-0.086	-0.082	-0.379	-0.379	+0.584	-0.369	-0.226	+0.537	-0.085	-0.371	-0.349	+0.538	-0.080	-0.382	-0.076	-0.077	-0.081	-0.375	-0.379	-0.092	+0.373	-0.378	-0.076	+0.402	-0.379	-0.380	-0.380	-0.387	-0.084	+0.510	-0.381	-0.380	-0.077	-0.077	-0.388	-0.381	-0.081	-0.122	+0.390	+0.520	-0.383	-0.388	-0.065	+0.556	-0.072	+0.392	-0.388	+0.390	-0.388	+0.388	-0.382	-0.382	+0.414	+0.348	-0.382	-0.369	+0.127	-0.359	+0.123	-0.383	+0.400	-0.331	+0.480	-0.296	-0.391	-0.388	-0.388	-0.388	+0.373	-0.393	-0.104	-0.392	-0.079	-0.388	+0.462	+0.493	-0.084	-0.127	-0.085	-0.108	-0.088	-0.093	-0.389	-0.389	-0.389	-0.389	-0.105	-0.388	-0.386	-0.104	-0.387	-0.387	-0.306	+0.333	-0.104	-0.119	-0.106	-0.387	-0.118	-0.119	-0.120	-0.120	-0.121	+0.310	+0.418	+0.283	+0.312	-0.389	-0.133	-0.386	
rs2246444      -0.290	-0.305	-0.305	+0.107	+0.087	+0.094	+0.192	-0.052	+0.200	-0.321	-0.312	-0.315	-0.315	-0.400	-0.399	-0.395	-0.320	+0.823	-0.403	-0.391	+1.245	+0.236	+1.244	-0.396	+1.116	+0.216	-0.399	+1.101	+1.166	+1.129	+1.117	-0.057	+0.377	+0.248	-0.127	+0.375	+0.437	+0.387	+0.289	+0.289	+0.401	+0.287	+1.167	+1.161	+0.255	+0.287	+0.217	+1.239	+0.279	-0.194	+0.390	+0.062	+0.268	+0.305	+0.915	+0.927	+1.281	+0.653	+0.719	+0.759	+0.869	+0.635	+1.023	-0.417	-0.434	-0.433	+0.294	+0.294	-0.370	-0.411	+0.197	-0.383	-0.434	-0.410	+0.199	-0.383	-0.433	-0.402	-0.432	-0.433	-0.433	-0.408	-0.405	-0.435	-0.280	-0.407	-0.433	-0.266	-0.406	-0.405	-0.405	+0.203	-0.434	-0.391	-0.405	-0.406	-0.433	-0.433	+0.185	-0.405	-0.434	-0.441	-0.271	-0.387	-0.403	+0.208	-0.430	-0.379	-0.432	-0.270	+0.182	-0.271	+0.182	-0.272	-0.405	-0.405	-0.260	-0.289	-0.405	-0.415	+0.534	+0.416	+0.529	-0.404	-0.268	-0.311	-0.399	-0.443	-0.396	+0.175	-0.398	+0.175	-0.278	-0.394	-0.440	-0.396	-0.434	+0.175	-0.404	-0.395	-0.434	-0.441	-0.434	-0.437	-0.435	-0.436	+0.185	+0.184	-0.398	+0.198	-0.437	-0.399	-0.401	-0.437	-0.400	-0.394	-0.386	-0.296	-0.437	-0.439	-0.437	+0.150	-0.437	-0.437	-0.439	-0.439	-0.439	-0.306	-0.415	-0.318	-0.305	+0.171	-0.441	-0.402	
