## Summary of overall evidence for association with region:
## log10(BF for region) = 0.397511
## p-value for region = NA

## BFs for choosing among multi-SNP models:
## log10(average 1-SNP BF) = 0.442729
## log10(average 2-SNP BF) = 0.289902

## Example posterior probabilities for multi-SNP models, based on default prior: [p(l) propto 0.5^l for l=1,2,...,L]
## posterior probability of 1-SNP = 0.739822
## posterior probability of 2-SNP = 0.260178

## log10(BF) for single SNP and pair of SNPs:
rs9493695      +0.181	+0.073	+0.058	+0.060	+0.069	+0.068	+0.079	+0.069	+1.256	+0.036	+0.051	+1.249	+1.189	+0.863	+0.841	+0.844	+0.873	+0.024	+0.830	+0.045	+0.851	+0.040	+0.043	+0.876	+0.876	+0.919	+0.885	+0.024	+0.017	+0.852	+0.852	+0.852	+0.873	+0.836	+0.808	+0.033	+0.031	+0.022	+0.026	+0.805	+0.004	+0.863	+0.011	-0.010	+0.019	+1.014	-0.012	+0.019	+0.016	+0.972	-0.079	+0.311	+0.146	-0.285	-0.049	-0.286	-0.285	-0.297	-0.061	-0.286	-0.058	-0.058	-0.155	-0.263	-0.280	-0.130	-0.064	-0.287	-0.149	-0.073	-0.148	-0.064	-0.287	-0.074	-0.138	-0.161	-0.154	-0.076	-0.287	-0.140	-0.068	-0.287	-0.287	-0.287	-0.076	-0.288	-0.205	-0.288	-0.279	-0.204	-0.192	-0.288	-0.280	-0.272	-0.279	-0.290	-0.311	-0.287	-0.281	-0.280	-0.188	-0.290	-0.324	-0.324	-0.324	-0.279	-0.279	-0.287	-0.290	-0.278	-0.278	-0.324	-0.328	-0.274	-0.280	-0.278	-0.327	-0.303	-0.144	-0.310	-0.287	-0.174	-0.258	-0.355	-0.318	-0.291	-0.320	-0.294	-0.309	-0.294	-0.319	-0.319	-0.309	-0.319	-0.348	-0.315	-0.297	-0.216	-0.219	-0.339	-0.221	-0.282	-0.339	-0.346	-0.345	-0.349	-0.207	-0.350	-0.280	-0.206	-0.349	-0.280	-0.348	-0.203	-0.280	-0.342	-0.284	-0.284	-0.346	-0.210	-0.211	-0.346	-0.210	-0.210	-0.209	-0.298	-0.283	-0.209	-0.343	-0.285	-0.225	-0.346	-0.350	-0.204	-0.347	-0.204	-0.296	-0.209	-0.204	-0.208	
rs1468054      +0.073	+0.128	+0.015	+0.028	+0.031	+0.030	+0.068	+0.041	+1.294	-0.040	+0.023	+1.286	+1.223	+0.877	+0.854	+0.857	+0.887	-0.049	+0.843	+0.015	+0.865	-0.042	+0.012	+0.891	+0.891	+0.935	+0.901	-0.048	-0.052	+0.866	+0.866	+0.865	+0.887	+0.849	+0.822	-0.002	-0.010	-0.025	-0.023	+0.817	-0.062	+0.876	-0.060	-0.039	-0.031	+1.029	-0.046	-0.007	-0.011	+0.985	-0.129	+0.230	+0.116	-0.335	-0.103	-0.335	-0.335	-0.347	-0.115	-0.335	-0.112	-0.112	-0.202	-0.314	-0.330	-0.177	-0.118	-0.336	-0.196	-0.127	-0.195	-0.118	-0.336	-0.128	-0.192	-0.214	-0.207	-0.130	-0.337	-0.194	-0.122	-0.337	-0.337	-0.337	-0.130	-0.337	-0.256	-0.337	-0.328	-0.257	-0.246	-0.337	-0.328	-0.322	-0.328	-0.339	-0.362	-0.335	-0.329	-0.329	-0.242	-0.339	-0.373	-0.373	-0.373	-0.327	-0.327	-0.336	-0.339	-0.327	-0.327	-0.373	-0.377	-0.327	-0.328	-0.326	-0.376	-0.354	-0.190	-0.360	-0.333	-0.220	-0.306	-0.404	-0.367	-0.339	-0.369	-0.343	-0.357	-0.343	-0.368	-0.368	-0.358	-0.368	-0.398	-0.365	-0.345	-0.263	-0.266	-0.388	-0.268	-0.331	-0.388	-0.395	-0.395	-0.398	-0.253	-0.399	-0.328	-0.253	-0.398	-0.328	-0.397	-0.249	-0.328	-0.391	-0.332	-0.332	-0.396	-0.257	-0.258	-0.395	-0.257	-0.256	-0.256	-0.346	-0.332	-0.256	-0.392	-0.334	-0.273	-0.395	-0.399	-0.251	-0.396	-0.251	-0.345	-0.256	-0.251	-0.255	
rs9493698      +0.058	+0.015	+0.081	+0.019	-0.007	-0.008	+0.054	+0.014	+1.327	-0.099	-0.002	+1.319	+1.254	+0.892	+0.868	+0.872	+0.903	-0.105	+0.857	-0.010	+0.880	-0.106	-0.016	+0.906	+0.906	+0.951	+0.917	-0.105	-0.105	+0.880	+0.880	+0.880	+0.903	+0.863	+0.835	-0.030	-0.045	-0.065	-0.065	+0.830	-0.114	+0.891	-0.116	-0.062	-0.076	+1.046	-0.075	-0.028	-0.033	+1.000	-0.174	+0.156	+0.090	-0.380	-0.154	-0.380	-0.380	-0.393	-0.166	-0.380	-0.163	-0.163	-0.246	-0.360	-0.376	-0.220	-0.169	-0.381	-0.239	-0.177	-0.239	-0.169	-0.381	-0.179	-0.242	-0.263	-0.257	-0.181	-0.381	-0.244	-0.173	-0.382	-0.381	-0.381	-0.181	-0.381	-0.304	-0.381	-0.372	-0.307	-0.296	-0.381	-0.372	-0.366	-0.372	-0.383	-0.408	-0.379	-0.373	-0.373	-0.293	-0.383	-0.418	-0.419	-0.419	-0.371	-0.371	-0.380	-0.383	-0.371	-0.371	-0.417	-0.422	-0.375	-0.372	-0.370	-0.421	-0.401	-0.232	-0.407	-0.374	-0.262	-0.349	-0.449	-0.411	-0.383	-0.414	-0.387	-0.401	-0.386	-0.412	-0.412	-0.402	-0.412	-0.443	-0.411	-0.388	-0.306	-0.308	-0.432	-0.311	-0.375	-0.432	-0.440	-0.440	-0.443	-0.296	-0.443	-0.372	-0.295	-0.443	-0.372	-0.442	-0.292	-0.372	-0.436	-0.376	-0.376	-0.440	-0.300	-0.301	-0.440	-0.300	-0.299	-0.299	-0.390	-0.376	-0.299	-0.437	-0.378	-0.316	-0.440	-0.444	-0.294	-0.441	-0.294	-0.389	-0.299	-0.294	-0.298	
rs6569897      +0.060	+0.028	+0.019	+0.119	+0.014	+0.014	+0.057	+0.028	+1.296	-0.056	+0.014	+1.289	+1.226	+0.878	+0.855	+0.859	+0.889	-0.064	+0.845	+0.007	+0.866	-0.059	+0.003	+0.892	+0.892	+0.937	+0.903	-0.063	-0.066	+0.867	+0.867	+0.867	+0.889	+0.850	+0.823	-0.010	-0.020	-0.036	-0.035	+0.818	-0.075	+0.878	-0.074	-0.044	-0.043	+1.031	-0.054	-0.013	-0.017	+0.987	-0.139	+0.217	+0.110	-0.345	-0.116	-0.345	-0.344	-0.357	-0.127	-0.345	-0.124	-0.124	-0.212	-0.324	-0.340	-0.187	-0.130	-0.345	-0.206	-0.139	-0.205	-0.130	-0.345	-0.140	-0.204	-0.225	-0.219	-0.142	-0.346	-0.205	-0.134	-0.346	-0.346	-0.346	-0.142	-0.346	-0.268	-0.346	-0.337	-0.269	-0.258	-0.346	-0.337	-0.331	-0.337	-0.348	-0.372	-0.344	-0.338	-0.338	-0.254	-0.348	-0.382	-0.383	-0.383	-0.336	-0.336	-0.345	-0.348	-0.336	-0.336	-0.382	-0.386	-0.337	-0.337	-0.336	-0.386	-0.364	-0.199	-0.370	-0.341	-0.229	-0.315	-0.414	-0.376	-0.348	-0.378	-0.352	-0.366	-0.352	-0.377	-0.377	-0.367	-0.377	-0.407	-0.375	-0.354	-0.272	-0.274	-0.397	-0.277	-0.340	-0.397	-0.405	-0.405	-0.407	-0.262	-0.408	-0.337	-0.261	-0.407	-0.337	-0.406	-0.258	-0.337	-0.401	-0.342	-0.342	-0.405	-0.266	-0.267	-0.405	-0.266	-0.265	-0.265	-0.355	-0.341	-0.265	-0.401	-0.343	-0.281	-0.404	-0.408	-0.260	-0.405	-0.260	-0.354	-0.265	-0.260	-0.264	
rs6569898      +0.069	+0.031	-0.007	+0.014	+0.104	+0.019	+0.074	+0.036	+1.322	-0.064	+0.018	+1.317	+1.252	+0.891	+0.867	+0.871	+0.901	-0.071	+0.856	+0.010	+0.878	-0.067	+0.005	+0.905	+0.905	+0.949	+0.915	-0.071	-0.073	+0.879	+0.879	+0.879	+0.901	+0.861	+0.834	-0.011	-0.022	-0.039	-0.038	+0.829	-0.084	+0.889	-0.083	-0.049	-0.049	+1.044	-0.058	-0.014	-0.020	+0.999	-0.149	+0.197	+0.103	-0.358	-0.129	-0.358	-0.357	-0.370	-0.140	-0.358	-0.137	-0.137	-0.224	-0.337	-0.353	-0.199	-0.143	-0.359	-0.218	-0.152	-0.217	-0.143	-0.359	-0.154	-0.217	-0.239	-0.232	-0.155	-0.359	-0.219	-0.147	-0.359	-0.359	-0.359	-0.155	-0.359	-0.280	-0.359	-0.350	-0.282	-0.271	-0.359	-0.351	-0.345	-0.350	-0.361	-0.385	-0.358	-0.352	-0.351	-0.267	-0.361	-0.396	-0.396	-0.396	-0.350	-0.350	-0.358	-0.361	-0.349	-0.349	-0.395	-0.399	-0.351	-0.351	-0.349	-0.399	-0.378	-0.212	-0.384	-0.354	-0.242	-0.328	-0.427	-0.389	-0.361	-0.392	-0.365	-0.380	-0.365	-0.391	-0.390	-0.381	-0.390	-0.421	-0.388	-0.367	-0.285	-0.287	-0.410	-0.290	-0.353	-0.410	-0.418	-0.418	-0.421	-0.275	-0.421	-0.350	-0.274	-0.421	-0.350	-0.420	-0.271	-0.350	-0.414	-0.355	-0.355	-0.418	-0.279	-0.280	-0.418	-0.279	-0.278	-0.278	-0.369	-0.354	-0.277	-0.415	-0.356	-0.295	-0.418	-0.422	-0.272	-0.419	-0.272	-0.367	-0.277	-0.273	-0.277	
rs736572       +0.068	+0.030	-0.008	+0.014	+0.019	+0.103	+0.075	+0.036	+1.323	-0.064	+0.019	+1.319	+1.254	+0.892	+0.868	+0.872	+0.902	-0.071	+0.857	+0.010	+0.879	-0.066	+0.005	+0.906	+0.906	+0.951	+0.917	-0.070	-0.073	+0.881	+0.881	+0.880	+0.902	+0.862	+0.835	-0.011	-0.021	-0.039	-0.038	+0.830	-0.084	+0.890	-0.083	-0.049	-0.048	+1.045	-0.059	-0.014	-0.019	+1.000	-0.150	+0.196	+0.102	-0.359	-0.129	-0.359	-0.358	-0.371	-0.141	-0.359	-0.138	-0.138	-0.225	-0.338	-0.354	-0.200	-0.144	-0.360	-0.219	-0.153	-0.218	-0.144	-0.360	-0.154	-0.217	-0.239	-0.233	-0.156	-0.360	-0.219	-0.148	-0.360	-0.360	-0.360	-0.156	-0.360	-0.281	-0.360	-0.351	-0.283	-0.272	-0.360	-0.351	-0.345	-0.351	-0.362	-0.386	-0.358	-0.352	-0.352	-0.268	-0.362	-0.396	-0.397	-0.397	-0.350	-0.350	-0.359	-0.362	-0.350	-0.350	-0.396	-0.400	-0.351	-0.351	-0.350	-0.399	-0.378	-0.213	-0.384	-0.355	-0.243	-0.329	-0.428	-0.390	-0.362	-0.392	-0.366	-0.381	-0.366	-0.391	-0.391	-0.381	-0.391	-0.422	-0.389	-0.368	-0.286	-0.288	-0.411	-0.291	-0.354	-0.411	-0.419	-0.419	-0.421	-0.276	-0.422	-0.351	-0.275	-0.421	-0.351	-0.421	-0.271	-0.351	-0.415	-0.355	-0.355	-0.419	-0.280	-0.280	-0.419	-0.279	-0.279	-0.278	-0.369	-0.355	-0.278	-0.415	-0.357	-0.296	-0.419	-0.423	-0.273	-0.420	-0.273	-0.368	-0.278	-0.273	-0.278	
rs6925029      +0.079	+0.068	+0.054	+0.057	+0.074	+0.075	+0.176	+0.073	+1.268	+0.028	+0.057	+1.269	+1.207	+0.870	+0.848	+0.852	+0.880	+0.020	+0.838	+0.051	+0.859	+0.036	+0.049	+0.884	+0.884	+0.928	+0.894	+0.020	+0.012	+0.860	+0.860	+0.860	+0.881	+0.843	+0.817	+0.033	+0.037	+0.026	+0.031	+0.813	-0.002	+0.870	+0.006	-0.011	+0.026	+1.023	-0.012	+0.020	+0.016	+0.980	-0.080	+0.309	+0.142	-0.290	-0.058	-0.290	-0.290	-0.302	-0.069	-0.291	-0.066	-0.066	-0.161	-0.268	-0.285	-0.136	-0.072	-0.292	-0.155	-0.081	-0.154	-0.072	-0.291	-0.083	-0.146	-0.168	-0.161	-0.084	-0.292	-0.148	-0.076	-0.292	-0.292	-0.292	-0.084	-0.292	-0.212	-0.293	-0.284	-0.211	-0.200	-0.293	-0.284	-0.278	-0.284	-0.295	-0.316	-0.291	-0.285	-0.285	-0.196	-0.295	-0.328	-0.329	-0.329	-0.283	-0.283	-0.292	-0.294	-0.283	-0.283	-0.328	-0.333	-0.281	-0.284	-0.283	-0.332	-0.308	-0.148	-0.314	-0.291	-0.178	-0.262	-0.360	-0.322	-0.295	-0.325	-0.299	-0.313	-0.299	-0.324	-0.324	-0.314	-0.323	-0.353	-0.321	-0.301	-0.220	-0.222	-0.344	-0.225	-0.287	-0.344	-0.351	-0.351	-0.353	-0.210	-0.354	-0.284	-0.209	-0.353	-0.284	-0.353	-0.206	-0.284	-0.347	-0.289	-0.289	-0.351	-0.214	-0.215	-0.351	-0.214	-0.213	-0.213	-0.302	-0.288	-0.212	-0.347	-0.290	-0.230	-0.351	-0.355	-0.208	-0.352	-0.208	-0.301	-0.212	-0.208	-0.212	
rs7767765      +0.069	+0.041	+0.014	+0.028	+0.036	+0.036	+0.073	+0.133	+1.297	-0.025	+0.035	+1.295	+1.232	+0.882	+0.859	+0.862	+0.893	-0.032	+0.848	+0.028	+0.870	-0.021	+0.024	+0.897	+0.897	+0.941	+0.907	-0.031	-0.036	+0.871	+0.871	+0.871	+0.893	+0.854	+0.827	+0.009	+0.004	-0.011	-0.008	+0.822	-0.047	+0.882	-0.043	-0.033	-0.016	+1.034	-0.039	-0.000	-0.005	+0.990	-0.120	+0.245	+0.118	-0.330	-0.099	-0.330	-0.330	-0.343	-0.111	-0.331	-0.108	-0.108	-0.198	-0.309	-0.325	-0.173	-0.114	-0.331	-0.192	-0.123	-0.192	-0.114	-0.331	-0.124	-0.188	-0.210	-0.203	-0.126	-0.332	-0.190	-0.118	-0.332	-0.332	-0.332	-0.126	-0.332	-0.252	-0.332	-0.323	-0.253	-0.242	-0.332	-0.324	-0.318	-0.323	-0.334	-0.357	-0.331	-0.325	-0.324	-0.238	-0.334	-0.368	-0.368	-0.368	-0.322	-0.322	-0.331	-0.334	-0.322	-0.322	-0.368	-0.372	-0.322	-0.324	-0.322	-0.372	-0.349	-0.186	-0.355	-0.328	-0.216	-0.301	-0.400	-0.362	-0.334	-0.364	-0.338	-0.353	-0.338	-0.363	-0.363	-0.353	-0.363	-0.393	-0.361	-0.340	-0.258	-0.261	-0.383	-0.263	-0.326	-0.383	-0.391	-0.390	-0.393	-0.249	-0.394	-0.323	-0.248	-0.393	-0.324	-0.392	-0.244	-0.323	-0.387	-0.328	-0.328	-0.391	-0.252	-0.253	-0.391	-0.252	-0.252	-0.251	-0.342	-0.327	-0.251	-0.387	-0.329	-0.268	-0.390	-0.395	-0.246	-0.392	-0.246	-0.340	-0.251	-0.246	-0.251	
rs6569899      +1.256	+1.294	+1.327	+1.296	+1.322	+1.323	+1.268	+1.297	+1.481	+1.413	+1.284	+1.454	+1.431	+1.334	+1.330	+1.332	+1.334	+1.404	+1.330	+1.285	+1.331	+1.438	+1.296	+1.334	+1.334	+1.334	+1.332	+1.404	+1.386	+1.328	+1.328	+1.328	+1.332	+1.328	+1.324	+1.305	+1.324	+1.360	+1.369	+1.325	+1.393	+1.323	+1.419	+1.155	+1.360	+1.357	+1.197	+1.168	+1.172	+1.341	+1.184	+1.879	+1.139	+0.926	+1.029	+0.926	+0.930	+0.900	+1.022	+0.926	+1.025	+1.025	+0.926	+0.926	+0.916	+0.941	+1.021	+0.923	+0.930	+1.013	+0.931	+1.020	+0.923	+1.012	+0.968	+0.952	+0.957	+1.011	+0.921	+0.967	+1.019	+0.920	+0.920	+0.920	+1.012	+0.919	+0.924	+0.914	+0.923	+0.934	+0.942	+0.915	+0.922	+0.886	+0.922	+0.914	+0.896	+0.914	+0.922	+0.922	+0.946	+0.915	+0.879	+0.880	+0.879	+0.922	+0.922	+0.915	+0.915	+0.923	+0.923	+0.877	+0.872	+0.889	+0.922	+0.923	+0.872	+0.893	+0.984	+0.900	+0.889	+0.964	+0.914	+0.843	+0.886	+0.897	+0.883	+0.896	+0.895	+0.896	+0.884	+0.884	+0.895	+0.885	+0.846	+0.883	+0.892	+1.006	+1.004	+0.892	+1.000	+0.900	+0.892	+0.849	+0.849	+0.849	+1.015	+0.898	+0.901	+1.016	+0.849	+0.901	+0.849	+1.019	+0.901	+0.850	+0.898	+0.899	+0.848	+1.010	+1.010	+0.848	+1.011	+1.011	+1.011	+0.893	+0.899	+1.012	+0.849	+0.898	+0.932	+0.848	+0.848	+1.018	+0.848	+1.018	+0.894	+1.012	+1.017	+1.013	
rs9493710      +0.036	-0.040	-0.099	-0.056	-0.064	-0.064	+0.028	-0.025	+1.413	-0.034	-0.017	+1.436	+1.365	+1.069	+1.039	+1.045	+1.084	-0.142	+1.028	-0.027	+1.055	-0.154	-0.033	+1.088	+1.088	+1.136	+1.095	-0.141	-0.138	+1.053	+1.053	+1.052	+1.082	+1.030	+0.996	-0.054	-0.085	-0.118	-0.119	+0.989	-0.158	+1.058	-0.168	-0.098	-0.144	+1.212	-0.123	-0.054	-0.062	+1.155	-0.268	-0.024	+0.034	-0.489	-0.268	-0.490	-0.490	-0.501	-0.280	-0.490	-0.277	-0.277	-0.346	-0.469	-0.484	-0.320	-0.283	-0.490	-0.339	-0.291	-0.339	-0.283	-0.490	-0.293	-0.356	-0.377	-0.370	-0.295	-0.490	-0.358	-0.287	-0.490	-0.490	-0.490	-0.295	-0.490	-0.413	-0.488	-0.479	-0.421	-0.411	-0.488	-0.479	-0.478	-0.478	-0.490	-0.516	-0.486	-0.480	-0.480	-0.407	-0.491	-0.526	-0.526	-0.526	-0.478	-0.478	-0.487	-0.490	-0.478	-0.477	-0.525	-0.527	-0.487	-0.479	-0.477	-0.526	-0.510	-0.332	-0.516	-0.476	-0.363	-0.454	-0.560	-0.518	-0.488	-0.522	-0.492	-0.510	-0.492	-0.520	-0.520	-0.511	-0.520	-0.554	-0.520	-0.498	-0.410	-0.412	-0.538	-0.415	-0.480	-0.538	-0.549	-0.549	-0.553	-0.400	-0.552	-0.477	-0.399	-0.553	-0.477	-0.553	-0.396	-0.477	-0.548	-0.481	-0.481	-0.551	-0.404	-0.404	-0.551	-0.403	-0.402	-0.402	-0.498	-0.480	-0.402	-0.548	-0.483	-0.423	-0.551	-0.554	-0.397	-0.552	-0.397	-0.497	-0.402	-0.397	-0.401	
rs13196860     +0.051	+0.023	-0.002	+0.014	+0.018	+0.019	+0.057	+0.035	+1.284	-0.017	+0.135	+1.314	+1.249	+0.890	+0.866	+0.870	+0.901	-0.010	+0.856	+0.045	+0.878	+0.005	+0.041	+0.905	+0.905	+0.949	+0.916	-0.010	-0.018	+0.880	+0.880	+0.879	+0.901	+0.862	+0.834	+0.020	+0.022	+0.005	+0.010	+0.830	-0.033	+0.890	-0.027	-0.029	+0.003	+1.044	-0.033	+0.006	+0.001	+0.999	-0.113	+0.254	+0.117	-0.329	-0.101	-0.329	-0.328	-0.342	-0.112	-0.329	-0.109	-0.109	-0.199	-0.309	-0.324	-0.174	-0.115	-0.330	-0.193	-0.124	-0.193	-0.115	-0.330	-0.125	-0.188	-0.210	-0.203	-0.127	-0.330	-0.190	-0.119	-0.330	-0.330	-0.330	-0.127	-0.330	-0.253	-0.331	-0.321	-0.253	-0.242	-0.330	-0.322	-0.318	-0.321	-0.333	-0.355	-0.329	-0.323	-0.323	-0.238	-0.332	-0.366	-0.367	-0.367	-0.321	-0.321	-0.330	-0.332	-0.321	-0.321	-0.366	-0.370	-0.322	-0.322	-0.320	-0.370	-0.347	-0.185	-0.353	-0.327	-0.215	-0.300	-0.398	-0.360	-0.333	-0.363	-0.337	-0.351	-0.337	-0.362	-0.361	-0.352	-0.361	-0.392	-0.359	-0.339	-0.256	-0.259	-0.381	-0.261	-0.325	-0.381	-0.390	-0.389	-0.392	-0.247	-0.392	-0.322	-0.246	-0.392	-0.322	-0.391	-0.242	-0.322	-0.386	-0.326	-0.326	-0.390	-0.250	-0.251	-0.390	-0.250	-0.250	-0.249	-0.340	-0.326	-0.249	-0.386	-0.328	-0.268	-0.389	-0.393	-0.244	-0.390	-0.244	-0.339	-0.249	-0.244	-0.249	
rs12660662     +1.249	+1.286	+1.319	+1.289	+1.317	+1.319	+1.269	+1.295	+1.454	+1.436	+1.314	+1.489	+1.452	+1.354	+1.351	+1.354	+1.353	+1.445	+1.355	+1.317	+1.354	+1.480	+1.329	+1.353	+1.353	+1.348	+1.350	+1.444	+1.424	+1.349	+1.349	+1.349	+1.351	+1.349	+1.347	+1.336	+1.359	+1.398	+1.408	+1.350	+1.431	+1.340	+1.458	+1.177	+1.397	+1.364	+1.222	+1.191	+1.196	+1.348	+1.210	+1.903	+1.150	+0.935	+1.035	+0.935	+0.939	+0.908	+1.028	+0.936	+1.031	+1.031	+0.932	+0.933	+0.923	+0.947	+1.027	+0.932	+0.936	+1.019	+0.937	+1.026	+0.933	+1.019	+0.975	+0.959	+0.964	+1.018	+0.930	+0.974	+1.025	+0.929	+0.929	+0.929	+1.019	+0.928	+0.930	+0.923	+0.931	+0.941	+0.949	+0.924	+0.931	+0.893	+0.931	+0.923	+0.906	+0.923	+0.931	+0.931	+0.953	+0.924	+0.888	+0.889	+0.889	+0.931	+0.931	+0.924	+0.924	+0.931	+0.931	+0.886	+0.882	+0.897	+0.931	+0.931	+0.881	+0.903	+0.992	+0.910	+0.897	+0.972	+0.922	+0.852	+0.895	+0.905	+0.892	+0.905	+0.904	+0.905	+0.893	+0.893	+0.904	+0.893	+0.854	+0.891	+0.901	+1.016	+1.014	+0.903	+1.010	+0.908	+0.902	+0.858	+0.857	+0.858	+1.025	+0.909	+0.909	+1.026	+0.858	+0.909	+0.858	+1.029	+0.909	+0.858	+0.907	+0.907	+0.857	+1.020	+1.019	+0.857	+1.020	+1.021	+1.021	+0.902	+0.907	+1.021	+0.858	+0.907	+0.940	+0.857	+0.857	+1.027	+0.857	+1.027	+0.902	+1.022	+1.027	+1.022	
rs12660720     +1.189	+1.223	+1.254	+1.226	+1.252	+1.254	+1.207	+1.232	+1.431	+1.365	+1.249	+1.452	+1.446	+1.310	+1.307	+1.309	+1.311	+1.373	+1.308	+1.252	+1.309	+1.406	+1.263	+1.311	+1.311	+1.312	+1.309	+1.372	+1.353	+1.306	+1.306	+1.306	+1.310	+1.305	+1.301	+1.270	+1.291	+1.328	+1.337	+1.303	+1.360	+1.301	+1.386	+1.122	+1.327	+1.339	+1.171	+1.141	+1.146	+1.322	+1.159	+1.839	+1.110	+0.895	+0.993	+0.894	+0.898	+0.867	+0.987	+0.895	+0.989	+0.989	+0.893	+0.892	+0.882	+0.908	+0.985	+0.891	+0.897	+0.978	+0.898	+0.985	+0.892	+0.977	+0.934	+0.918	+0.923	+0.976	+0.889	+0.933	+0.983	+0.889	+0.888	+0.888	+0.977	+0.888	+0.890	+0.883	+0.891	+0.900	+0.908	+0.883	+0.891	+0.853	+0.891	+0.882	+0.865	+0.882	+0.890	+0.891	+0.911	+0.883	+0.848	+0.848	+0.848	+0.891	+0.891	+0.884	+0.883	+0.891	+0.891	+0.846	+0.841	+0.856	+0.890	+0.891	+0.840	+0.862	+0.953	+0.869	+0.858	+0.933	+0.883	+0.812	+0.855	+0.865	+0.852	+0.865	+0.863	+0.865	+0.853	+0.853	+0.864	+0.854	+0.814	+0.851	+0.861	+0.976	+0.974	+0.862	+0.970	+0.868	+0.861	+0.818	+0.817	+0.818	+0.985	+0.867	+0.870	+0.985	+0.818	+0.870	+0.818	+0.989	+0.870	+0.818	+0.867	+0.867	+0.817	+0.980	+0.979	+0.817	+0.980	+0.981	+0.981	+0.862	+0.867	+0.981	+0.818	+0.867	+0.901	+0.817	+0.817	+0.987	+0.817	+0.987	+0.862	+0.982	+0.987	+0.982	
rs13219946     +0.863	+0.877	+0.892	+0.878	+0.891	+0.892	+0.870	+0.882	+1.334	+1.069	+0.890	+1.354	+1.310	+1.210	+1.174	+1.179	+1.192	+1.077	+1.172	+0.891	+1.181	+1.105	+0.897	+1.193	+1.193	+1.206	+1.191	+1.075	+1.060	+1.176	+1.176	+1.175	+1.189	+1.170	+1.156	+0.902	+0.912	+0.931	+0.936	+1.156	+1.066	+1.172	+1.089	+0.823	+0.933	+1.241	+0.847	+0.835	+0.837	+1.214	+0.840	+1.502	+0.891	+0.668	+0.778	+0.668	+0.670	+0.647	+0.771	+0.668	+0.774	+0.774	+0.686	+0.673	+0.663	+0.704	+0.769	+0.665	+0.691	+0.762	+0.692	+0.769	+0.666	+0.761	+0.716	+0.700	+0.705	+0.760	+0.664	+0.715	+0.767	+0.663	+0.663	+0.663	+0.761	+0.663	+0.674	+0.659	+0.668	+0.679	+0.687	+0.660	+0.668	+0.631	+0.668	+0.658	+0.645	+0.660	+0.667	+0.668	+0.691	+0.659	+0.627	+0.627	+0.627	+0.669	+0.669	+0.660	+0.659	+0.669	+0.669	+0.625	+0.617	+0.635	+0.668	+0.669	+0.617	+0.643	+0.743	+0.648	+0.638	+0.721	+0.665	+0.591	+0.633	+0.645	+0.630	+0.643	+0.641	+0.643	+0.631	+0.632	+0.641	+0.632	+0.592	+0.629	+0.639	+0.754	+0.753	+0.645	+0.748	+0.648	+0.644	+0.596	+0.596	+0.596	+0.764	+0.641	+0.650	+0.765	+0.596	+0.650	+0.596	+0.768	+0.650	+0.596	+0.647	+0.648	+0.595	+0.759	+0.759	+0.595	+0.760	+0.760	+0.760	+0.640	+0.648	+0.761	+0.596	+0.648	+0.681	+0.595	+0.596	+0.767	+0.595	+0.767	+0.641	+0.762	+0.767	+0.762	
rs12661599     +0.841	+0.854	+0.868	+0.855	+0.867	+0.868	+0.848	+0.859	+1.330	+1.039	+0.866	+1.351	+1.307	+1.174	+1.191	+1.165	+1.179	+1.046	+1.158	+0.868	+1.167	+1.074	+0.873	+1.181	+1.181	+1.196	+1.181	+1.045	+1.036	+1.170	+1.170	+1.170	+1.177	+1.156	+1.141	+0.881	+0.891	+0.910	+0.915	+1.141	+1.035	+1.161	+1.057	+0.804	+0.911	+1.234	+0.826	+0.814	+0.816	+1.206	+0.818	+1.474	+0.874	+0.650	+0.760	+0.650	+0.652	+0.629	+0.753	+0.650	+0.756	+0.756	+0.670	+0.655	+0.645	+0.687	+0.752	+0.647	+0.675	+0.744	+0.675	+0.751	+0.648	+0.743	+0.698	+0.682	+0.687	+0.742	+0.646	+0.697	+0.749	+0.646	+0.645	+0.645	+0.743	+0.645	+0.657	+0.642	+0.651	+0.662	+0.670	+0.642	+0.650	+0.614	+0.651	+0.641	+0.628	+0.642	+0.650	+0.650	+0.673	+0.642	+0.610	+0.610	+0.610	+0.651	+0.651	+0.643	+0.642	+0.651	+0.651	+0.607	+0.599	+0.617	+0.650	+0.651	+0.599	+0.626	+0.727	+0.630	+0.621	+0.705	+0.648	+0.573	+0.616	+0.627	+0.613	+0.626	+0.624	+0.626	+0.614	+0.614	+0.624	+0.614	+0.575	+0.611	+0.622	+0.737	+0.736	+0.627	+0.731	+0.631	+0.626	+0.578	+0.578	+0.579	+0.747	+0.623	+0.633	+0.748	+0.579	+0.633	+0.579	+0.751	+0.633	+0.579	+0.630	+0.630	+0.578	+0.742	+0.742	+0.578	+0.743	+0.743	+0.743	+0.623	+0.630	+0.744	+0.578	+0.631	+0.664	+0.578	+0.578	+0.750	+0.578	+0.750	+0.623	+0.744	+0.750	+0.745	
rs13194152     +0.844	+0.857	+0.872	+0.859	+0.871	+0.872	+0.852	+0.862	+1.332	+1.045	+0.870	+1.354	+1.309	+1.179	+1.165	+1.193	+1.184	+1.053	+1.163	+0.872	+1.172	+1.080	+0.877	+1.185	+1.185	+1.200	+1.185	+1.051	+1.036	+1.167	+1.167	+1.167	+1.181	+1.160	+1.145	+0.882	+0.891	+0.911	+0.916	+1.145	+1.041	+1.164	+1.063	+0.806	+0.912	+1.235	+0.829	+0.817	+0.819	+1.208	+0.821	+1.479	+0.876	+0.652	+0.762	+0.652	+0.654	+0.631	+0.756	+0.652	+0.758	+0.758	+0.672	+0.657	+0.647	+0.689	+0.754	+0.649	+0.676	+0.746	+0.677	+0.754	+0.650	+0.745	+0.700	+0.684	+0.689	+0.744	+0.648	+0.699	+0.751	+0.648	+0.647	+0.647	+0.745	+0.647	+0.659	+0.644	+0.653	+0.664	+0.672	+0.644	+0.652	+0.616	+0.653	+0.643	+0.629	+0.644	+0.652	+0.652	+0.675	+0.643	+0.611	+0.612	+0.612	+0.653	+0.653	+0.645	+0.644	+0.653	+0.653	+0.609	+0.601	+0.619	+0.652	+0.653	+0.601	+0.627	+0.728	+0.632	+0.623	+0.706	+0.649	+0.575	+0.618	+0.629	+0.614	+0.628	+0.625	+0.628	+0.616	+0.616	+0.626	+0.616	+0.576	+0.613	+0.624	+0.739	+0.737	+0.629	+0.732	+0.633	+0.628	+0.580	+0.580	+0.581	+0.748	+0.625	+0.635	+0.749	+0.581	+0.635	+0.580	+0.752	+0.635	+0.581	+0.632	+0.632	+0.579	+0.743	+0.743	+0.579	+0.744	+0.745	+0.745	+0.625	+0.632	+0.745	+0.580	+0.632	+0.666	+0.580	+0.580	+0.751	+0.580	+0.751	+0.625	+0.746	+0.751	+0.746	
rs35439350     +0.873	+0.887	+0.903	+0.889	+0.901	+0.902	+0.880	+0.893	+1.334	+1.084	+0.901	+1.353	+1.311	+1.192	+1.179	+1.184	+1.219	+1.091	+1.179	+0.902	+1.187	+1.120	+0.908	+1.198	+1.198	+1.209	+1.197	+1.091	+1.075	+1.181	+1.181	+1.181	+1.194	+1.176	+1.163	+0.914	+0.923	+0.944	+0.949	+1.163	+1.081	+1.177	+1.104	+0.833	+0.945	+1.243	+0.857	+0.845	+0.846	+1.217	+0.849	+1.513	+0.900	+0.676	+0.786	+0.676	+0.679	+0.656	+0.780	+0.676	+0.782	+0.782	+0.695	+0.681	+0.671	+0.712	+0.778	+0.674	+0.700	+0.770	+0.700	+0.778	+0.674	+0.769	+0.724	+0.708	+0.713	+0.768	+0.672	+0.723	+0.775	+0.672	+0.672	+0.671	+0.769	+0.671	+0.683	+0.668	+0.677	+0.688	+0.696	+0.668	+0.676	+0.640	+0.677	+0.667	+0.654	+0.668	+0.676	+0.676	+0.700	+0.668	+0.636	+0.636	+0.636	+0.677	+0.677	+0.669	+0.668	+0.677	+0.677	+0.633	+0.626	+0.643	+0.676	+0.677	+0.625	+0.652	+0.752	+0.657	+0.646	+0.729	+0.673	+0.599	+0.642	+0.653	+0.639	+0.652	+0.650	+0.652	+0.640	+0.640	+0.650	+0.640	+0.601	+0.637	+0.648	+0.763	+0.761	+0.653	+0.757	+0.657	+0.652	+0.604	+0.604	+0.605	+0.772	+0.650	+0.659	+0.773	+0.605	+0.659	+0.605	+0.776	+0.659	+0.605	+0.656	+0.656	+0.604	+0.767	+0.767	+0.604	+0.768	+0.769	+0.769	+0.649	+0.656	+0.769	+0.604	+0.656	+0.690	+0.604	+0.604	+0.775	+0.604	+0.775	+0.649	+0.770	+0.775	+0.770	
rs6921832      +0.024	-0.049	-0.105	-0.064	-0.071	-0.071	+0.020	-0.032	+1.404	-0.142	-0.010	+1.445	+1.373	+1.077	+1.046	+1.053	+1.091	-0.041	+1.036	-0.019	+1.063	-0.152	-0.031	+1.096	+1.097	+1.144	+1.113	-0.137	-0.134	+1.063	+1.064	+1.063	+1.090	+1.038	+1.006	-0.053	-0.083	-0.119	-0.120	+0.997	-0.161	+1.067	-0.171	-0.098	-0.143	+1.223	-0.122	-0.051	-0.059	+1.166	-0.272	-0.032	+0.031	-0.495	-0.277	-0.495	-0.496	-0.508	-0.289	-0.496	-0.285	-0.285	-0.352	-0.476	-0.491	-0.327	-0.291	-0.496	-0.346	-0.300	-0.346	-0.291	-0.496	-0.301	-0.364	-0.385	-0.378	-0.303	-0.495	-0.366	-0.295	-0.496	-0.495	-0.495	-0.303	-0.495	-0.420	-0.494	-0.484	-0.429	-0.418	-0.494	-0.485	-0.485	-0.484	-0.496	-0.522	-0.491	-0.486	-0.486	-0.415	-0.496	-0.531	-0.532	-0.532	-0.484	-0.484	-0.493	-0.496	-0.483	-0.483	-0.531	-0.533	-0.494	-0.485	-0.483	-0.532	-0.516	-0.338	-0.522	-0.482	-0.369	-0.459	-0.566	-0.524	-0.494	-0.527	-0.498	-0.516	-0.498	-0.526	-0.526	-0.516	-0.526	-0.560	-0.527	-0.503	-0.415	-0.418	-0.544	-0.421	-0.485	-0.544	-0.555	-0.555	-0.559	-0.405	-0.557	-0.483	-0.404	-0.559	-0.483	-0.559	-0.401	-0.483	-0.554	-0.487	-0.487	-0.557	-0.409	-0.410	-0.557	-0.409	-0.408	-0.408	-0.504	-0.486	-0.407	-0.554	-0.489	-0.428	-0.557	-0.560	-0.402	-0.558	-0.402	-0.502	-0.407	-0.402	-0.407	
rs6906782      +0.830	+0.843	+0.857	+0.845	+0.856	+0.857	+0.838	+0.848	+1.330	+1.028	+0.856	+1.355	+1.308	+1.172	+1.158	+1.163	+1.179	+1.036	+1.181	+0.858	+1.167	+1.063	+0.864	+1.181	+1.181	+1.196	+1.180	+1.035	+1.019	+1.162	+1.162	+1.161	+1.176	+1.154	+1.138	+0.867	+0.878	+0.896	+0.901	+1.139	+1.024	+1.159	+1.046	+0.794	+0.897	+1.231	+0.815	+0.804	+0.806	+1.203	+0.808	+1.461	+0.865	+0.641	+0.751	+0.641	+0.643	+0.620	+0.745	+0.641	+0.747	+0.747	+0.661	+0.646	+0.636	+0.678	+0.743	+0.638	+0.666	+0.735	+0.666	+0.743	+0.639	+0.734	+0.689	+0.673	+0.678	+0.733	+0.637	+0.688	+0.740	+0.636	+0.636	+0.636	+0.734	+0.636	+0.648	+0.633	+0.642	+0.653	+0.661	+0.633	+0.641	+0.605	+0.642	+0.632	+0.618	+0.633	+0.641	+0.641	+0.664	+0.632	+0.600	+0.601	+0.601	+0.642	+0.642	+0.634	+0.633	+0.642	+0.642	+0.598	+0.590	+0.608	+0.641	+0.642	+0.590	+0.616	+0.718	+0.621	+0.612	+0.695	+0.638	+0.564	+0.607	+0.618	+0.604	+0.617	+0.614	+0.617	+0.605	+0.605	+0.615	+0.605	+0.566	+0.602	+0.613	+0.728	+0.726	+0.618	+0.722	+0.622	+0.617	+0.569	+0.569	+0.570	+0.737	+0.614	+0.624	+0.738	+0.570	+0.624	+0.569	+0.741	+0.624	+0.570	+0.621	+0.621	+0.569	+0.732	+0.732	+0.569	+0.733	+0.734	+0.734	+0.614	+0.621	+0.734	+0.569	+0.622	+0.655	+0.569	+0.569	+0.740	+0.569	+0.740	+0.614	+0.735	+0.740	+0.735	
rs12203961     +0.045	+0.015	-0.010	+0.007	+0.010	+0.010	+0.051	+0.028	+1.285	-0.027	+0.045	+1.317	+1.252	+0.891	+0.868	+0.872	+0.902	-0.019	+0.858	+0.130	+0.880	-0.005	+0.036	+0.907	+0.907	+0.951	+0.918	-0.018	-0.025	+0.881	+0.881	+0.881	+0.903	+0.863	+0.836	+0.015	+0.016	-0.001	+0.003	+0.831	-0.040	+0.891	-0.035	-0.032	-0.005	+1.045	-0.037	+0.003	-0.002	+1.000	-0.119	+0.244	+0.114	-0.334	-0.106	-0.334	-0.333	-0.347	-0.118	-0.334	-0.115	-0.114	-0.204	-0.314	-0.329	-0.179	-0.120	-0.335	-0.198	-0.129	-0.197	-0.120	-0.335	-0.131	-0.193	-0.215	-0.209	-0.133	-0.335	-0.196	-0.124	-0.335	-0.335	-0.335	-0.132	-0.335	-0.258	-0.335	-0.326	-0.258	-0.247	-0.335	-0.327	-0.323	-0.326	-0.337	-0.359	-0.334	-0.328	-0.327	-0.243	-0.337	-0.371	-0.371	-0.371	-0.326	-0.326	-0.334	-0.337	-0.325	-0.325	-0.371	-0.375	-0.327	-0.327	-0.325	-0.374	-0.352	-0.189	-0.358	-0.332	-0.219	-0.305	-0.403	-0.365	-0.338	-0.368	-0.341	-0.356	-0.341	-0.366	-0.366	-0.357	-0.366	-0.397	-0.364	-0.343	-0.261	-0.263	-0.386	-0.266	-0.329	-0.386	-0.394	-0.394	-0.397	-0.251	-0.397	-0.327	-0.250	-0.397	-0.327	-0.396	-0.247	-0.327	-0.390	-0.331	-0.331	-0.395	-0.255	-0.256	-0.394	-0.255	-0.254	-0.254	-0.345	-0.330	-0.253	-0.391	-0.333	-0.272	-0.394	-0.398	-0.248	-0.395	-0.248	-0.343	-0.253	-0.249	-0.253	
rs17398664     +0.851	+0.865	+0.880	+0.866	+0.878	+0.879	+0.859	+0.870	+1.331	+1.055	+0.878	+1.354	+1.309	+1.181	+1.167	+1.172	+1.187	+1.063	+1.167	+0.880	+1.200	+1.091	+0.886	+1.189	+1.188	+1.202	+1.188	+1.062	+1.046	+1.170	+1.170	+1.170	+1.184	+1.165	+1.150	+0.890	+0.900	+0.920	+0.925	+1.150	+1.052	+1.167	+1.074	+0.813	+0.921	+1.237	+0.836	+0.824	+0.826	+1.209	+0.829	+1.487	+0.882	+0.658	+0.769	+0.658	+0.661	+0.638	+0.762	+0.659	+0.764	+0.764	+0.678	+0.664	+0.654	+0.695	+0.760	+0.656	+0.683	+0.753	+0.683	+0.760	+0.656	+0.752	+0.707	+0.691	+0.695	+0.751	+0.655	+0.705	+0.758	+0.654	+0.654	+0.654	+0.752	+0.654	+0.665	+0.650	+0.659	+0.670	+0.678	+0.651	+0.659	+0.622	+0.659	+0.649	+0.636	+0.651	+0.658	+0.659	+0.682	+0.650	+0.618	+0.618	+0.618	+0.660	+0.660	+0.651	+0.650	+0.660	+0.660	+0.616	+0.608	+0.626	+0.659	+0.660	+0.608	+0.634	+0.735	+0.639	+0.629	+0.712	+0.656	+0.582	+0.624	+0.636	+0.621	+0.634	+0.632	+0.634	+0.622	+0.623	+0.632	+0.623	+0.583	+0.620	+0.630	+0.745	+0.744	+0.635	+0.739	+0.640	+0.635	+0.587	+0.587	+0.587	+0.755	+0.632	+0.641	+0.756	+0.587	+0.641	+0.587	+0.759	+0.641	+0.587	+0.638	+0.639	+0.586	+0.750	+0.750	+0.586	+0.751	+0.751	+0.751	+0.631	+0.639	+0.752	+0.587	+0.639	+0.672	+0.586	+0.587	+0.758	+0.586	+0.758	+0.632	+0.752	+0.758	+0.753	
rs6939216      +0.040	-0.042	-0.106	-0.059	-0.067	-0.066	+0.036	-0.021	+1.438	-0.154	+0.005	+1.480	+1.406	+1.105	+1.074	+1.080	+1.120	-0.152	+1.063	-0.005	+1.091	-0.068	-0.018	+1.126	+1.126	+1.174	+1.143	-0.150	-0.144	+1.092	+1.092	+1.091	+1.119	+1.065	+1.032	-0.047	-0.079	-0.121	-0.122	+1.022	-0.175	+1.093	-0.189	-0.100	-0.149	+1.247	-0.127	-0.049	-0.058	+1.189	-0.290	-0.076	+0.020	-0.521	-0.305	-0.521	-0.522	-0.534	-0.316	-0.522	-0.313	-0.313	-0.377	-0.502	-0.517	-0.351	-0.319	-0.521	-0.370	-0.328	-0.370	-0.319	-0.522	-0.329	-0.392	-0.412	-0.406	-0.331	-0.521	-0.393	-0.323	-0.521	-0.521	-0.521	-0.331	-0.521	-0.446	-0.519	-0.510	-0.456	-0.446	-0.519	-0.510	-0.510	-0.509	-0.522	-0.549	-0.517	-0.512	-0.511	-0.442	-0.522	-0.557	-0.558	-0.558	-0.509	-0.509	-0.518	-0.522	-0.509	-0.508	-0.557	-0.558	-0.521	-0.510	-0.508	-0.557	-0.543	-0.362	-0.549	-0.505	-0.393	-0.485	-0.592	-0.550	-0.520	-0.553	-0.524	-0.541	-0.524	-0.552	-0.551	-0.542	-0.551	-0.586	-0.553	-0.529	-0.440	-0.443	-0.569	-0.446	-0.511	-0.569	-0.581	-0.581	-0.585	-0.430	-0.583	-0.508	-0.429	-0.585	-0.508	-0.585	-0.426	-0.508	-0.580	-0.513	-0.513	-0.583	-0.434	-0.434	-0.583	-0.433	-0.433	-0.432	-0.530	-0.512	-0.432	-0.580	-0.515	-0.454	-0.583	-0.586	-0.427	-0.584	-0.427	-0.528	-0.432	-0.427	-0.432	
rs9493712      +0.043	+0.012	-0.016	+0.003	+0.005	+0.005	+0.049	+0.024	+1.296	-0.033	+0.041	+1.329	+1.263	+0.897	+0.873	+0.877	+0.908	-0.031	+0.864	+0.036	+0.886	-0.018	+0.122	+0.913	+0.913	+0.958	+0.921	-0.029	-0.035	+0.888	+0.888	+0.887	+0.910	+0.870	+0.842	+0.015	+0.011	-0.003	+0.002	+0.837	-0.046	+0.898	-0.040	-0.035	-0.011	+1.052	-0.041	+0.000	-0.004	+1.007	-0.125	+0.234	+0.110	-0.341	-0.114	-0.341	-0.340	-0.354	-0.125	-0.341	-0.122	-0.122	-0.211	-0.321	-0.337	-0.186	-0.128	-0.342	-0.205	-0.137	-0.204	-0.128	-0.342	-0.139	-0.201	-0.223	-0.216	-0.140	-0.342	-0.203	-0.132	-0.342	-0.342	-0.342	-0.140	-0.342	-0.265	-0.342	-0.333	-0.266	-0.255	-0.342	-0.334	-0.330	-0.333	-0.344	-0.367	-0.341	-0.335	-0.335	-0.251	-0.344	-0.378	-0.379	-0.379	-0.333	-0.333	-0.341	-0.344	-0.333	-0.332	-0.378	-0.382	-0.334	-0.334	-0.332	-0.381	-0.359	-0.196	-0.365	-0.339	-0.226	-0.312	-0.410	-0.372	-0.345	-0.375	-0.348	-0.363	-0.348	-0.374	-0.373	-0.364	-0.373	-0.404	-0.372	-0.351	-0.267	-0.270	-0.393	-0.273	-0.337	-0.393	-0.402	-0.401	-0.404	-0.258	-0.404	-0.334	-0.257	-0.404	-0.334	-0.403	-0.253	-0.334	-0.398	-0.338	-0.338	-0.402	-0.262	-0.262	-0.402	-0.261	-0.261	-0.260	-0.352	-0.337	-0.260	-0.398	-0.340	-0.279	-0.401	-0.405	-0.255	-0.403	-0.255	-0.350	-0.260	-0.255	-0.260	
rs12660957     +0.876	+0.891	+0.906	+0.892	+0.905	+0.906	+0.884	+0.897	+1.334	+1.088	+0.905	+1.353	+1.311	+1.193	+1.181	+1.185	+1.198	+1.096	+1.181	+0.907	+1.189	+1.126	+0.913	+1.223	+1.201	+1.211	+1.199	+1.098	+1.082	+1.185	+1.185	+1.185	+1.198	+1.182	+1.169	+0.920	+0.930	+0.951	+0.956	+1.170	+1.091	+1.182	+1.114	+0.838	+0.952	+1.246	+0.863	+0.850	+0.852	+1.219	+0.856	+1.523	+0.903	+0.680	+0.790	+0.680	+0.682	+0.659	+0.783	+0.680	+0.785	+0.785	+0.698	+0.685	+0.675	+0.715	+0.781	+0.677	+0.703	+0.774	+0.703	+0.781	+0.678	+0.773	+0.728	+0.712	+0.716	+0.772	+0.676	+0.726	+0.779	+0.675	+0.675	+0.675	+0.772	+0.675	+0.686	+0.671	+0.680	+0.692	+0.699	+0.672	+0.680	+0.643	+0.680	+0.670	+0.657	+0.672	+0.679	+0.680	+0.703	+0.671	+0.639	+0.640	+0.639	+0.681	+0.681	+0.672	+0.671	+0.681	+0.681	+0.637	+0.629	+0.647	+0.680	+0.681	+0.629	+0.656	+0.755	+0.660	+0.650	+0.732	+0.676	+0.603	+0.645	+0.656	+0.642	+0.655	+0.653	+0.655	+0.643	+0.644	+0.653	+0.644	+0.604	+0.641	+0.651	+0.766	+0.764	+0.657	+0.760	+0.660	+0.656	+0.608	+0.607	+0.608	+0.776	+0.653	+0.662	+0.777	+0.608	+0.662	+0.608	+0.780	+0.662	+0.608	+0.659	+0.659	+0.607	+0.771	+0.771	+0.607	+0.771	+0.772	+0.772	+0.652	+0.660	+0.772	+0.608	+0.660	+0.693	+0.607	+0.607	+0.779	+0.607	+0.779	+0.653	+0.773	+0.778	+0.774	
rs13200337     +0.876	+0.891	+0.906	+0.892	+0.905	+0.906	+0.884	+0.897	+1.334	+1.088	+0.905	+1.353	+1.311	+1.193	+1.181	+1.185	+1.198	+1.097	+1.181	+0.907	+1.188	+1.126	+0.913	+1.201	+1.223	+1.211	+1.199	+1.098	+1.082	+1.185	+1.185	+1.185	+1.198	+1.182	+1.169	+0.920	+0.930	+0.951	+0.956	+1.170	+1.091	+1.182	+1.114	+0.839	+0.953	+1.246	+0.863	+0.850	+0.852	+1.219	+0.856	+1.523	+0.904	+0.680	+0.790	+0.680	+0.682	+0.659	+0.783	+0.680	+0.785	+0.785	+0.698	+0.685	+0.675	+0.715	+0.781	+0.677	+0.703	+0.774	+0.703	+0.781	+0.678	+0.773	+0.728	+0.712	+0.716	+0.772	+0.676	+0.726	+0.779	+0.675	+0.675	+0.675	+0.773	+0.675	+0.686	+0.671	+0.680	+0.692	+0.700	+0.672	+0.680	+0.643	+0.680	+0.670	+0.658	+0.672	+0.679	+0.680	+0.703	+0.671	+0.639	+0.640	+0.640	+0.681	+0.681	+0.672	+0.671	+0.681	+0.681	+0.637	+0.630	+0.647	+0.680	+0.681	+0.629	+0.656	+0.755	+0.660	+0.650	+0.732	+0.676	+0.603	+0.645	+0.656	+0.642	+0.655	+0.653	+0.655	+0.643	+0.644	+0.653	+0.644	+0.604	+0.641	+0.651	+0.766	+0.764	+0.657	+0.760	+0.660	+0.656	+0.608	+0.608	+0.608	+0.776	+0.653	+0.662	+0.777	+0.608	+0.662	+0.608	+0.780	+0.662	+0.608	+0.659	+0.659	+0.607	+0.771	+0.771	+0.607	+0.771	+0.772	+0.772	+0.652	+0.660	+0.773	+0.608	+0.660	+0.693	+0.607	+0.608	+0.779	+0.607	+0.779	+0.653	+0.773	+0.778	+0.774	
rs13203797     +0.919	+0.935	+0.951	+0.937	+0.949	+0.951	+0.928	+0.941	+1.334	+1.136	+0.949	+1.348	+1.312	+1.206	+1.196	+1.200	+1.209	+1.144	+1.196	+0.951	+1.202	+1.174	+0.958	+1.211	+1.211	+1.268	+1.211	+1.146	+1.130	+1.200	+1.200	+1.200	+1.210	+1.198	+1.188	+0.965	+0.976	+0.997	+1.002	+1.188	+1.139	+1.198	+1.163	+0.881	+0.999	+1.258	+0.907	+0.893	+0.895	+1.234	+0.900	+1.557	+0.944	+0.723	+0.827	+0.723	+0.726	+0.700	+0.820	+0.723	+0.823	+0.823	+0.733	+0.725	+0.715	+0.750	+0.818	+0.720	+0.738	+0.811	+0.739	+0.818	+0.720	+0.810	+0.766	+0.750	+0.755	+0.809	+0.718	+0.765	+0.816	+0.718	+0.718	+0.718	+0.810	+0.717	+0.730	+0.713	+0.722	+0.731	+0.739	+0.714	+0.722	+0.685	+0.722	+0.713	+0.696	+0.714	+0.721	+0.722	+0.742	+0.713	+0.680	+0.680	+0.680	+0.722	+0.722	+0.714	+0.714	+0.722	+0.723	+0.678	+0.670	+0.687	+0.722	+0.723	+0.670	+0.694	+0.793	+0.699	+0.691	+0.771	+0.717	+0.645	+0.687	+0.698	+0.684	+0.697	+0.696	+0.697	+0.685	+0.686	+0.696	+0.686	+0.646	+0.682	+0.693	+0.811	+0.809	+0.703	+0.804	+0.701	+0.702	+0.650	+0.649	+0.651	+0.820	+0.699	+0.703	+0.821	+0.651	+0.703	+0.650	+0.824	+0.703	+0.650	+0.700	+0.700	+0.649	+0.815	+0.815	+0.649	+0.816	+0.816	+0.816	+0.694	+0.701	+0.817	+0.649	+0.701	+0.733	+0.649	+0.650	+0.823	+0.649	+0.823	+0.694	+0.818	+0.823	+0.818	
rs13204047     +0.885	+0.901	+0.917	+0.903	+0.915	+0.917	+0.894	+0.907	+1.332	+1.095	+0.916	+1.350	+1.309	+1.191	+1.181	+1.185	+1.197	+1.113	+1.180	+0.918	+1.188	+1.143	+0.921	+1.199	+1.199	+1.211	+1.230	+1.114	+1.098	+1.187	+1.187	+1.187	+1.197	+1.182	+1.172	+0.928	+0.942	+0.960	+0.965	+1.170	+1.102	+1.183	+1.125	+0.847	+0.965	+1.247	+0.873	+0.859	+0.861	+1.221	+0.865	+1.534	+0.910	+0.687	+0.796	+0.687	+0.689	+0.665	+0.789	+0.687	+0.792	+0.792	+0.704	+0.691	+0.681	+0.721	+0.788	+0.684	+0.709	+0.780	+0.709	+0.787	+0.684	+0.779	+0.734	+0.718	+0.723	+0.778	+0.683	+0.733	+0.785	+0.682	+0.682	+0.682	+0.779	+0.681	+0.693	+0.678	+0.687	+0.698	+0.706	+0.679	+0.687	+0.649	+0.687	+0.677	+0.664	+0.678	+0.686	+0.686	+0.710	+0.678	+0.646	+0.646	+0.646	+0.687	+0.687	+0.679	+0.678	+0.687	+0.687	+0.644	+0.636	+0.653	+0.686	+0.687	+0.636	+0.662	+0.761	+0.667	+0.656	+0.739	+0.683	+0.609	+0.652	+0.663	+0.649	+0.662	+0.660	+0.662	+0.650	+0.650	+0.660	+0.650	+0.611	+0.647	+0.658	+0.772	+0.770	+0.663	+0.766	+0.667	+0.662	+0.614	+0.614	+0.615	+0.781	+0.660	+0.669	+0.782	+0.615	+0.669	+0.615	+0.786	+0.669	+0.615	+0.666	+0.666	+0.614	+0.777	+0.776	+0.614	+0.777	+0.778	+0.778	+0.659	+0.666	+0.779	+0.614	+0.666	+0.699	+0.614	+0.614	+0.784	+0.614	+0.784	+0.659	+0.779	+0.784	+0.779	
rs9321412      +0.024	-0.048	-0.105	-0.063	-0.071	-0.070	+0.020	-0.031	+1.404	-0.141	-0.010	+1.444	+1.372	+1.075	+1.045	+1.051	+1.091	-0.137	+1.035	-0.018	+1.062	-0.150	-0.029	+1.098	+1.098	+1.146	+1.114	-0.039	-0.129	+1.066	+1.066	+1.065	+1.094	+1.042	+1.010	-0.048	-0.077	-0.114	-0.115	+1.002	-0.154	+1.072	-0.165	-0.095	-0.139	+1.227	-0.120	-0.048	-0.056	+1.170	-0.269	-0.026	+0.032	-0.493	-0.274	-0.493	-0.494	-0.506	-0.286	-0.494	-0.283	-0.283	-0.351	-0.474	-0.489	-0.325	-0.288	-0.494	-0.344	-0.297	-0.344	-0.289	-0.494	-0.299	-0.362	-0.382	-0.376	-0.301	-0.493	-0.363	-0.293	-0.494	-0.493	-0.493	-0.301	-0.493	-0.418	-0.492	-0.482	-0.426	-0.416	-0.492	-0.483	-0.483	-0.482	-0.494	-0.520	-0.490	-0.484	-0.484	-0.412	-0.494	-0.529	-0.530	-0.530	-0.482	-0.482	-0.491	-0.494	-0.482	-0.481	-0.529	-0.531	-0.492	-0.483	-0.481	-0.530	-0.514	-0.336	-0.520	-0.480	-0.367	-0.458	-0.564	-0.522	-0.492	-0.525	-0.496	-0.514	-0.496	-0.524	-0.524	-0.514	-0.524	-0.558	-0.524	-0.502	-0.414	-0.416	-0.542	-0.419	-0.484	-0.542	-0.553	-0.553	-0.557	-0.403	-0.555	-0.481	-0.402	-0.557	-0.481	-0.557	-0.399	-0.481	-0.552	-0.485	-0.485	-0.555	-0.407	-0.408	-0.555	-0.407	-0.406	-0.406	-0.502	-0.484	-0.406	-0.552	-0.487	-0.427	-0.555	-0.558	-0.400	-0.556	-0.400	-0.501	-0.405	-0.400	-0.405	
rs9493716      +0.017	-0.052	-0.105	-0.066	-0.073	-0.073	+0.012	-0.036	+1.386	-0.138	-0.018	+1.424	+1.353	+1.060	+1.036	+1.036	+1.075	-0.134	+1.019	-0.025	+1.046	-0.144	-0.035	+1.082	+1.082	+1.130	+1.098	-0.129	-0.028	+1.057	+1.057	+1.057	+1.078	+1.027	+0.996	-0.048	-0.076	-0.111	-0.113	+0.987	-0.150	+1.058	-0.158	-0.093	-0.136	+1.213	-0.118	-0.049	-0.057	+1.156	-0.262	-0.010	+0.036	-0.483	-0.264	-0.484	-0.484	-0.496	-0.275	-0.484	-0.272	-0.272	-0.341	-0.464	-0.479	-0.315	-0.278	-0.484	-0.335	-0.287	-0.334	-0.278	-0.484	-0.288	-0.351	-0.372	-0.365	-0.290	-0.484	-0.353	-0.282	-0.484	-0.484	-0.484	-0.290	-0.484	-0.408	-0.482	-0.473	-0.416	-0.405	-0.482	-0.473	-0.474	-0.472	-0.485	-0.510	-0.480	-0.475	-0.474	-0.402	-0.485	-0.519	-0.520	-0.520	-0.472	-0.472	-0.481	-0.485	-0.472	-0.471	-0.519	-0.521	-0.481	-0.473	-0.471	-0.520	-0.503	-0.326	-0.509	-0.471	-0.358	-0.448	-0.554	-0.512	-0.482	-0.516	-0.486	-0.504	-0.486	-0.514	-0.514	-0.505	-0.514	-0.548	-0.514	-0.492	-0.404	-0.406	-0.532	-0.409	-0.474	-0.532	-0.543	-0.543	-0.547	-0.394	-0.546	-0.471	-0.393	-0.547	-0.471	-0.547	-0.389	-0.471	-0.542	-0.475	-0.475	-0.545	-0.398	-0.398	-0.545	-0.397	-0.397	-0.396	-0.492	-0.475	-0.396	-0.542	-0.477	-0.417	-0.545	-0.548	-0.391	-0.546	-0.391	-0.491	-0.396	-0.391	-0.396	
rs6941465      +0.852	+0.866	+0.880	+0.867	+0.879	+0.881	+0.860	+0.871	+1.328	+1.053	+0.880	+1.349	+1.306	+1.176	+1.170	+1.167	+1.181	+1.063	+1.162	+0.881	+1.170	+1.092	+0.888	+1.185	+1.185	+1.200	+1.187	+1.066	+1.057	+1.202	+1.179	+1.179	+1.184	+1.165	+1.153	+0.897	+0.908	+0.929	+0.934	+1.153	+1.059	+1.170	+1.082	+0.818	+0.930	+1.238	+0.840	+0.828	+0.830	+1.211	+0.833	+1.495	+0.884	+0.660	+0.770	+0.660	+0.663	+0.639	+0.763	+0.660	+0.766	+0.766	+0.679	+0.665	+0.655	+0.696	+0.762	+0.658	+0.684	+0.754	+0.685	+0.761	+0.658	+0.753	+0.708	+0.692	+0.697	+0.752	+0.656	+0.707	+0.759	+0.656	+0.656	+0.655	+0.753	+0.655	+0.667	+0.652	+0.661	+0.672	+0.680	+0.652	+0.661	+0.623	+0.661	+0.651	+0.638	+0.652	+0.660	+0.660	+0.684	+0.652	+0.620	+0.620	+0.620	+0.661	+0.661	+0.653	+0.652	+0.661	+0.661	+0.618	+0.610	+0.627	+0.660	+0.661	+0.610	+0.636	+0.736	+0.641	+0.631	+0.714	+0.657	+0.583	+0.626	+0.637	+0.623	+0.636	+0.634	+0.636	+0.624	+0.624	+0.634	+0.624	+0.585	+0.621	+0.632	+0.747	+0.745	+0.637	+0.741	+0.641	+0.636	+0.588	+0.588	+0.589	+0.756	+0.634	+0.643	+0.757	+0.589	+0.643	+0.589	+0.761	+0.643	+0.589	+0.640	+0.640	+0.588	+0.752	+0.751	+0.588	+0.752	+0.753	+0.753	+0.633	+0.640	+0.753	+0.588	+0.641	+0.674	+0.588	+0.588	+0.759	+0.588	+0.759	+0.633	+0.754	+0.759	+0.754	
