## Summary of overall evidence for association with region:
## log10(BF for region) = 1.89396
## p-value for region = NA

## BFs for choosing among multi-SNP models:
## log10(average 1-SNP BF) = 1.87839
## log10(average 2-SNP BF) = 1.92353

## Example posterior probabilities for multi-SNP models, based on default prior: [p(l) propto 0.5^l for l=1,2,...,L]
## posterior probability of 1-SNP = 0.643179
## posterior probability of 2-SNP = 0.356821

## log10(BF) for single SNP and pair of SNPs:
rs75979004     +0.490	+0.973	+0.607	+1.057	+0.565	+0.544	+1.092	+1.711	+0.561	+1.012	+1.024	+1.007	+0.500	+0.122	+0.883	+1.197	+1.200	+1.204	+0.593	+1.542	+0.051	+0.582	+1.293	+1.537	+1.535	+1.591	+1.519	+1.542	+1.502	+0.581	+1.289	+1.290	+1.588	+0.550	+1.117	+1.117	+0.221	+0.151	+0.121	+1.136	+0.720	+0.700	+0.682	+0.714	+0.713	+0.965	+0.700	+0.698	+0.685	+0.696	+0.791	+0.829	+0.828	+0.790	+0.828	+0.785	+0.773	+0.965	+0.077	+0.962	+0.786	+0.744	+0.076	+0.976	+0.729	+0.989	+0.978	+1.031	+0.734	+1.041	+1.040	+1.044	+1.044	+1.051	+1.112	+1.112	+0.096	+0.096	-0.008	+2.862	+0.138	-0.008	+0.138	-0.007	+2.831	+1.363	-0.007	+2.831	+0.138	-0.007	+1.364	+0.137	-0.002	+0.553	+2.833	+0.137	-0.007	-0.007	+0.552	+0.136	+0.916	+0.551	+2.834	+2.834	+0.136	+2.845	+2.835	+0.135	+0.549	+0.135	+2.834	+1.363	+2.833	+0.547	-0.007	-0.007	+0.133	+0.544	-0.006	-0.009	+0.560	-0.006	+0.133	+0.542	-0.005	+0.548	-0.004	-0.003	+0.543	-0.005	-0.005	-0.002	+0.546	+0.131	+0.130	+0.556	+0.598	+0.589	+1.697	+0.565	+0.546	+0.548	+0.558	+0.538	+0.519	+0.424	+0.424	-0.030	-0.031	-0.031	+0.563	+0.119	-0.021	+0.516	-0.024	+0.522	+0.221	+0.227	+0.226	+0.502	+0.228	+0.111	+0.491	+0.488	+0.241	+0.242	-0.028	-0.118	-0.072	-0.028	-0.029	+0.477	+1.025	-0.071	+0.479	+0.220	+0.674	+0.343	+0.277	+0.333	+0.342	+0.345	+0.425	+0.939	+0.501	
rs984939       +0.973	+0.358	+0.465	+0.313	+0.426	+0.406	+0.337	+1.546	+0.422	+0.289	+0.295	+0.293	+0.364	+0.070	+0.230	+0.398	+0.400	+0.402	+0.462	+1.142	-0.045	+0.450	+0.464	+1.138	+1.136	+1.437	+1.120	+1.388	+1.107	+0.449	+0.461	+0.461	+1.435	+0.418	+0.346	+0.347	+0.023	+0.077	+0.053	+0.369	+0.581	+0.562	+0.545	+0.576	+0.575	+0.265	+0.562	+0.559	+0.547	+0.558	+0.648	+0.685	+0.685	+0.648	+0.685	+0.643	+0.631	+0.263	+0.004	+0.263	+0.643	+0.603	+0.003	+0.271	+0.588	+0.278	+0.272	+0.301	+0.591	+0.307	+0.306	+0.308	+0.308	+0.312	+0.346	+0.347	+0.113	+0.113	-0.095	+2.714	+0.213	-0.092	+0.212	-0.094	+2.683	+1.071	-0.094	+2.683	+0.211	-0.094	+1.072	+0.211	-0.090	+0.480	+2.685	+0.210	-0.095	-0.095	+0.479	+0.209	+0.651	+0.478	+2.686	+2.686	+0.207	+2.697	+2.687	+0.207	+0.475	+0.207	+2.686	+1.071	+2.686	+0.474	-0.095	-0.094	+0.203	+0.470	-0.094	-0.174	+0.483	-0.094	+0.201	+0.468	-0.093	+0.475	-0.171	-0.091	+0.470	-0.093	-0.093	-0.171	+0.473	+0.197	+0.195	+0.482	+0.526	+0.517	+1.403	+0.491	+0.474	+0.471	+0.481	+0.461	+0.446	+0.345	+0.345	-0.157	-0.120	-0.120	+0.481	-0.112	-0.217	+0.415	-0.218	+0.421	+0.283	+0.292	+0.290	+0.421	+0.293	-0.115	+0.409	+0.406	+0.312	+0.312	-0.169	-0.230	-0.176	-0.169	-0.169	+0.395	+1.071	-0.176	+0.397	+0.114	+0.318	+0.436	+0.167	-0.043	-0.037	-0.035	+0.049	+0.588	+0.419	
rs1813040      +0.607	+0.465	+0.435	+0.555	+0.330	+0.329	+0.554	+1.399	+0.329	+0.529	+0.536	+0.509	+0.329	+0.141	+0.433	+0.646	+0.649	+0.651	+0.308	+0.872	+0.036	+0.297	+0.709	+0.867	+0.865	+1.236	+0.852	+1.176	+0.837	+0.291	+0.707	+0.708	+1.230	+0.270	+0.596	+0.596	+0.069	+0.054	+0.141	+0.620	+0.366	+0.348	+0.332	+0.360	+0.359	+0.505	+0.341	+0.339	+0.328	+0.336	+0.409	+0.453	+0.452	+0.415	+0.452	+0.404	+0.387	+0.508	+0.025	+0.504	+0.400	+0.364	+0.025	+0.513	+0.350	+0.521	+0.515	+0.548	+0.352	+0.555	+0.554	+0.556	+0.556	+0.561	+0.600	+0.600	+0.140	+0.140	+0.071	+2.681	+0.197	+0.113	+0.197	+0.068	+2.652	+1.170	+0.068	+2.652	+0.196	+0.068	+1.171	+0.196	+0.062	+1.128	+2.654	+0.196	+0.068	+0.068	+1.126	+0.195	+0.761	+1.124	+2.655	+2.655	+0.194	+2.665	+2.656	+0.194	+1.120	+0.194	+2.655	+1.170	+2.655	+1.117	+0.068	+0.067	+0.192	+1.111	+0.066	+0.009	+1.135	+0.067	+0.191	+1.108	+0.065	+1.118	+0.014	+0.065	+1.109	+0.064	+0.064	+0.014	+1.114	+0.189	+0.188	+1.130	+1.201	+1.187	+1.458	+1.149	+1.120	+1.119	+1.135	+1.103	+1.073	+0.811	+0.811	-0.042	+0.026	+0.026	+1.016	+0.006	-0.075	+0.421	-0.076	+0.426	+0.268	+0.274	+0.273	+0.922	+0.275	+0.004	+0.900	+0.894	+0.288	+0.289	-0.034	-0.096	-0.035	-0.034	-0.034	+0.878	+0.975	-0.036	+0.879	+0.089	+0.343	+0.385	+0.123	+0.074	+0.079	+0.081	+0.151	+0.582	+0.909	
rs17374609     +1.057	+0.313	+0.555	+0.454	+0.515	+0.495	+0.385	+1.637	+0.511	+0.407	+0.411	+0.349	+0.453	+0.146	+0.296	+0.507	+0.507	+0.510	+0.548	+1.192	+0.035	+0.536	+0.595	+1.188	+1.186	+1.525	+1.170	+1.475	+1.157	+0.535	+0.583	+0.583	+1.522	+0.502	+0.442	+0.442	+0.069	+0.114	+0.129	+0.456	+0.666	+0.647	+0.630	+0.661	+0.659	+0.346	+0.646	+0.644	+0.632	+0.642	+0.734	+0.771	+0.771	+0.733	+0.771	+0.729	+0.717	+0.340	+0.046	+0.343	+0.728	+0.688	+0.045	+0.349	+0.673	+0.354	+0.349	+0.373	+0.676	+0.378	+0.378	+0.379	+0.380	+0.383	+0.412	+0.413	+0.188	+0.188	-0.019	+2.724	+0.286	-0.017	+0.286	-0.019	+2.693	+1.091	-0.019	+2.694	+0.285	-0.019	+1.092	+0.284	-0.014	+0.528	+2.695	+0.284	-0.019	-0.019	+0.527	+0.282	+0.673	+0.526	+2.696	+2.697	+0.281	+2.708	+2.697	+0.280	+0.523	+0.280	+2.697	+1.091	+2.696	+0.522	-0.019	-0.019	+0.276	+0.519	-0.018	-0.102	+0.531	-0.018	+0.275	+0.517	-0.017	+0.523	-0.100	-0.015	+0.519	-0.017	-0.017	-0.099	+0.521	+0.270	+0.269	+0.530	+0.571	+0.562	+1.419	+0.538	+0.520	+0.519	+0.529	+0.509	+0.493	+0.393	+0.393	-0.078	-0.044	-0.044	+0.529	-0.034	-0.138	+0.480	-0.139	+0.485	+0.348	+0.356	+0.354	+0.470	+0.357	-0.037	+0.459	+0.456	+0.376	+0.377	-0.095	-0.159	-0.103	-0.095	-0.095	+0.446	+1.144	-0.104	+0.448	+0.198	+0.391	+0.498	+0.252	+0.036	+0.041	+0.043	+0.129	+0.659	+0.469	
rs2926617      +0.565	+0.426	+0.330	+0.515	+0.386	+0.294	+0.515	+1.418	+0.302	+0.488	+0.496	+0.469	+0.278	+0.093	+0.393	+0.606	+0.609	+0.611	+0.288	+0.859	-0.012	+0.274	+0.669	+0.854	+0.852	+1.249	+0.838	+1.186	+0.823	+0.268	+0.668	+0.668	+1.243	+0.241	+0.556	+0.556	+0.028	+0.014	+0.093	+0.580	+0.360	+0.339	+0.321	+0.353	+0.352	+0.464	+0.330	+0.328	+0.315	+0.325	+0.405	+0.455	+0.454	+0.412	+0.454	+0.399	+0.380	+0.467	-0.018	+0.463	+0.395	+0.354	-0.018	+0.472	+0.339	+0.481	+0.474	+0.508	+0.340	+0.515	+0.514	+0.516	+0.516	+0.520	+0.560	+0.560	+0.094	+0.094	+0.021	+2.652	+0.152	+0.062	+0.152	+0.019	+2.623	+1.137	+0.018	+2.623	+0.151	+0.018	+1.138	+0.151	+0.013	+1.067	+2.625	+0.150	+0.018	+0.018	+1.066	+0.150	+0.726	+1.064	+2.626	+2.626	+0.149	+2.636	+2.627	+0.149	+1.059	+0.148	+2.626	+1.137	+2.626	+1.057	+0.018	+0.017	+0.146	+1.051	+0.017	-0.036	+1.074	+0.018	+0.145	+1.048	+0.015	+1.058	-0.032	+0.015	+1.049	+0.015	+0.015	-0.032	+1.054	+0.143	+0.142	+1.070	+1.140	+1.126	+1.422	+1.088	+1.060	+1.059	+1.075	+1.042	+1.013	+0.754	+0.754	-0.088	-0.023	-0.023	+0.957	-0.039	-0.121	+0.382	-0.123	+0.386	+0.224	+0.229	+0.228	+0.864	+0.230	-0.042	+0.843	+0.837	+0.244	+0.244	-0.081	-0.142	-0.082	-0.081	-0.081	+0.821	+0.937	-0.083	+0.822	+0.047	+0.305	+0.341	+0.082	+0.032	+0.037	+0.039	+0.110	+0.545	+0.852	
rs2926616      +0.544	+0.406	+0.329	+0.495	+0.294	+0.360	+0.495	+1.429	+0.290	+0.468	+0.475	+0.448	+0.250	+0.069	+0.372	+0.586	+0.589	+0.591	+0.279	+0.853	-0.036	+0.264	+0.649	+0.848	+0.846	+1.256	+0.832	+1.192	+0.816	+0.257	+0.648	+0.648	+1.250	+0.227	+0.535	+0.536	+0.007	-0.007	+0.069	+0.559	+0.358	+0.335	+0.316	+0.351	+0.350	+0.443	+0.326	+0.323	+0.310	+0.320	+0.404	+0.457	+0.456	+0.412	+0.456	+0.398	+0.377	+0.446	-0.040	+0.443	+0.393	+0.351	-0.040	+0.452	+0.334	+0.460	+0.454	+0.488	+0.336	+0.494	+0.493	+0.495	+0.496	+0.500	+0.539	+0.540	+0.070	+0.070	-0.004	+2.639	+0.128	+0.036	+0.128	-0.007	+2.609	+1.120	-0.007	+2.609	+0.128	-0.007	+1.122	+0.127	-0.012	+1.035	+2.611	+0.127	-0.007	-0.007	+1.033	+0.126	+0.708	+1.031	+2.612	+2.613	+0.125	+2.622	+2.613	+0.125	+1.027	+0.125	+2.612	+1.121	+2.612	+1.024	-0.007	-0.008	+0.123	+1.018	-0.008	-0.061	+1.042	-0.007	+0.122	+1.015	-0.010	+1.025	-0.056	-0.010	+1.017	-0.010	-0.010	-0.056	+1.021	+0.120	+0.119	+1.037	+1.107	+1.093	+1.405	+1.055	+1.027	+1.026	+1.042	+1.010	+0.981	+0.724	+0.724	-0.112	-0.048	-0.048	+0.926	-0.063	-0.145	+0.361	-0.147	+0.365	+0.201	+0.207	+0.205	+0.834	+0.207	-0.066	+0.812	+0.806	+0.221	+0.222	-0.105	-0.166	-0.106	-0.105	-0.105	+0.791	+0.916	-0.107	+0.792	+0.026	+0.283	+0.318	+0.060	+0.009	+0.014	+0.016	+0.087	+0.525	+0.822	
rs7830063      +1.092	+0.337	+0.554	+0.385	+0.515	+0.495	+0.480	+1.614	+0.511	+0.366	+0.371	+0.390	+0.454	+0.178	+0.349	+0.457	+0.458	+0.460	+0.553	+1.226	+0.061	+0.541	+0.515	+1.222	+1.220	+1.511	+1.205	+1.462	+1.192	+0.541	+0.512	+0.512	+1.509	+0.509	+0.412	+0.412	+0.105	+0.146	+0.161	+0.430	+0.672	+0.653	+0.636	+0.667	+0.665	+0.340	+0.653	+0.651	+0.638	+0.649	+0.739	+0.776	+0.775	+0.738	+0.776	+0.747	+0.735	+0.337	+0.084	+0.338	+0.747	+0.706	+0.084	+0.345	+0.692	+0.350	+0.345	+0.370	+0.682	+0.375	+0.374	+0.376	+0.376	+0.379	+0.409	+0.409	+0.222	+0.222	+0.012	+2.750	+0.322	+0.014	+0.321	+0.012	+2.719	+1.109	+0.012	+2.720	+0.320	+0.012	+1.110	+0.319	+0.016	+0.596	+2.721	+0.319	+0.012	+0.012	+0.595	+0.318	+0.702	+0.594	+2.722	+2.723	+0.316	+2.734	+2.723	+0.316	+0.591	+0.315	+2.723	+1.109	+2.722	+0.590	+0.012	+0.012	+0.311	+0.586	+0.012	-0.066	+0.599	+0.013	+0.310	+0.584	+0.013	+0.591	-0.063	+0.015	+0.586	+0.014	+0.014	-0.062	+0.589	+0.306	+0.304	+0.599	+0.645	+0.636	+1.453	+0.607	+0.592	+0.587	+0.597	+0.577	+0.564	+0.463	+0.463	-0.048	-0.014	-0.014	+0.602	-0.006	-0.110	+0.536	-0.112	+0.542	+0.386	+0.395	+0.393	+0.540	+0.396	-0.010	+0.529	+0.525	+0.415	+0.416	-0.064	-0.126	-0.070	-0.064	-0.064	+0.514	+1.207	-0.071	+0.517	+0.222	+0.426	+0.539	+0.283	+0.069	+0.075	+0.077	+0.163	+0.701	+0.538	
rs2980231      +1.711	+1.546	+1.399	+1.637	+1.418	+1.429	+1.614	+1.773	+1.420	+1.618	+1.623	+1.589	+1.448	+1.469	+1.534	+1.706	+1.709	+1.711	+1.388	+1.494	+1.310	+1.389	+1.755	+1.493	+1.492	+1.619	+1.487	+1.601	+1.480	+1.384	+1.755	+1.755	+1.617	+1.389	+1.668	+1.668	+1.392	+1.287	+1.478	+1.684	+1.339	+1.340	+1.341	+1.339	+1.339	+1.594	+1.342	+1.342	+1.343	+1.342	+1.334	+1.338	+1.338	+1.335	+1.338	+1.332	+1.330	+1.597	+1.259	+1.594	+1.331	+1.330	+1.259	+1.601	+1.329	+1.607	+1.603	+1.627	+1.329	+1.632	+1.632	+1.633	+1.634	+1.637	+1.670	+1.671	+1.403	+1.403	+1.364	+3.351	+1.429	+1.418	+1.429	+1.361	+3.326	+1.999	+1.360	+3.327	+1.428	+1.360	+2.000	+1.428	+1.352	+1.643	+3.328	+1.428	+1.360	+1.360	+1.642	+1.427	+1.679	+1.641	+3.330	+3.330	+1.427	+3.338	+3.331	+1.427	+1.640	+1.427	+3.330	+1.999	+3.330	+1.639	+1.360	+1.359	+1.425	+1.636	+1.358	+1.207	+1.646	+1.359	+1.425	+1.635	+1.356	+1.640	+1.208	+1.355	+1.636	+1.355	+1.355	+1.208	+1.638	+1.423	+1.423	+1.645	+1.679	+1.672	+2.333	+1.654	+1.642	+1.641	+1.649	+1.634	+1.623	+1.586	+1.586	+1.227	+1.312	+1.312	+1.680	+1.311	+1.239	+1.408	+1.237	+1.411	+1.463	+1.467	+1.466	+1.638	+1.468	+1.307	+1.630	+1.628	+1.477	+1.478	+1.250	+1.183	+1.231	+1.249	+1.249	+1.621	+1.761	+1.230	+1.622	+1.326	+1.417	+1.547	+1.354	+1.243	+1.247	+1.248	+1.292	+1.549	+1.637	
rs1117111      +0.561	+0.422	+0.329	+0.511	+0.302	+0.290	+0.511	+1.420	+0.381	+0.484	+0.492	+0.465	+0.276	+0.089	+0.389	+0.603	+0.605	+0.607	+0.288	+0.858	-0.016	+0.273	+0.665	+0.853	+0.851	+1.251	+0.836	+1.188	+0.821	+0.267	+0.664	+0.664	+1.245	+0.239	+0.552	+0.552	+0.024	+0.010	+0.089	+0.576	+0.360	+0.339	+0.321	+0.354	+0.353	+0.460	+0.330	+0.327	+0.315	+0.325	+0.406	+0.456	+0.455	+0.413	+0.455	+0.400	+0.380	+0.463	-0.022	+0.459	+0.395	+0.354	-0.022	+0.468	+0.339	+0.477	+0.470	+0.504	+0.340	+0.511	+0.510	+0.512	+0.512	+0.516	+0.556	+0.556	+0.089	+0.089	+0.016	+2.650	+0.147	+0.057	+0.147	+0.014	+2.620	+1.134	+0.014	+2.621	+0.146	+0.014	+1.135	+0.146	+0.008	+1.061	+2.622	+0.146	+0.014	+0.014	+1.060	+0.145	+0.723	+1.058	+2.623	+2.624	+0.144	+2.633	+2.624	+0.144	+1.054	+0.144	+2.623	+1.134	+2.623	+1.051	+0.014	+0.013	+0.142	+1.045	+0.012	-0.041	+1.068	+0.013	+0.141	+1.042	+0.011	+1.052	-0.036	+0.011	+1.043	+0.010	+0.010	-0.036	+1.048	+0.138	+0.137	+1.064	+1.134	+1.120	+1.418	+1.082	+1.054	+1.053	+1.069	+1.036	+1.007	+0.749	+0.749	-0.093	-0.028	-0.028	+0.952	-0.044	-0.126	+0.378	-0.127	+0.382	+0.219	+0.225	+0.224	+0.859	+0.226	-0.047	+0.837	+0.831	+0.239	+0.240	-0.085	-0.147	-0.087	-0.085	-0.085	+0.816	+0.933	-0.087	+0.817	+0.043	+0.300	+0.336	+0.078	+0.027	+0.032	+0.034	+0.105	+0.541	+0.846	
rs11787312     +1.012	+0.289	+0.529	+0.407	+0.488	+0.468	+0.366	+1.618	+0.484	+0.413	+0.390	+0.326	+0.425	+0.108	+0.267	+0.509	+0.510	+0.513	+0.521	+1.172	+0.000	+0.509	+0.610	+1.167	+1.165	+1.504	+1.150	+1.455	+1.136	+0.508	+0.599	+0.598	+1.501	+0.475	+0.431	+0.431	+0.040	+0.086	+0.092	+0.446	+0.639	+0.620	+0.603	+0.634	+0.633	+0.323	+0.620	+0.618	+0.605	+0.616	+0.708	+0.745	+0.745	+0.707	+0.745	+0.703	+0.691	+0.317	+0.016	+0.319	+0.702	+0.662	+0.015	+0.326	+0.647	+0.332	+0.326	+0.353	+0.650	+0.359	+0.358	+0.360	+0.360	+0.364	+0.396	+0.396	+0.150	+0.150	-0.055	+2.711	+0.248	-0.054	+0.248	-0.055	+2.680	+1.078	-0.055	+2.680	+0.247	-0.055	+1.079	+0.246	-0.050	+0.490	+2.682	+0.245	-0.055	-0.055	+0.490	+0.244	+0.654	+0.488	+2.683	+2.683	+0.243	+2.694	+2.684	+0.242	+0.486	+0.242	+2.683	+1.078	+2.682	+0.484	-0.055	-0.054	+0.238	+0.481	-0.054	-0.137	+0.493	-0.054	+0.236	+0.479	-0.053	+0.485	-0.135	-0.051	+0.481	-0.053	-0.053	-0.134	+0.484	+0.232	+0.230	+0.493	+0.533	+0.524	+1.399	+0.501	+0.482	+0.482	+0.491	+0.471	+0.456	+0.357	+0.357	-0.114	-0.079	-0.079	+0.492	-0.070	-0.174	+0.447	-0.176	+0.453	+0.311	+0.319	+0.317	+0.433	+0.320	-0.073	+0.423	+0.420	+0.339	+0.340	-0.131	-0.194	-0.139	-0.131	-0.131	+0.409	+1.107	-0.140	+0.411	+0.163	+0.359	+0.461	+0.218	+0.001	+0.007	+0.009	+0.094	+0.627	+0.432	
rs11994161     +1.024	+0.295	+0.536	+0.411	+0.496	+0.475	+0.371	+1.623	+0.492	+0.390	+0.424	+0.332	+0.433	+0.118	+0.275	+0.510	+0.511	+0.514	+0.528	+1.177	+0.010	+0.516	+0.607	+1.173	+1.171	+1.510	+1.155	+1.460	+1.141	+0.515	+0.597	+0.597	+1.507	+0.482	+0.435	+0.435	+0.047	+0.093	+0.102	+0.449	+0.646	+0.627	+0.610	+0.641	+0.640	+0.329	+0.627	+0.625	+0.612	+0.623	+0.715	+0.752	+0.752	+0.714	+0.752	+0.710	+0.698	+0.323	+0.024	+0.326	+0.709	+0.669	+0.023	+0.332	+0.654	+0.338	+0.332	+0.359	+0.657	+0.364	+0.364	+0.365	+0.366	+0.369	+0.400	+0.401	+0.160	+0.160	-0.046	+2.714	+0.258	-0.044	+0.258	-0.045	+2.683	+1.081	-0.045	+2.683	+0.257	-0.045	+1.082	+0.256	-0.040	+0.500	+2.685	+0.256	-0.045	-0.045	+0.499	+0.254	+0.659	+0.498	+2.686	+2.686	+0.253	+2.697	+2.687	+0.253	+0.496	+0.252	+2.686	+1.081	+2.685	+0.494	-0.045	-0.045	+0.248	+0.491	-0.045	-0.128	+0.503	-0.044	+0.247	+0.489	-0.043	+0.495	-0.125	-0.042	+0.491	-0.043	-0.043	-0.125	+0.494	+0.243	+0.241	+0.503	+0.543	+0.534	+1.404	+0.511	+0.492	+0.491	+0.501	+0.481	+0.465	+0.366	+0.366	-0.104	-0.070	-0.070	+0.502	-0.060	-0.165	+0.456	-0.166	+0.462	+0.321	+0.329	+0.327	+0.443	+0.330	-0.064	+0.432	+0.429	+0.349	+0.349	-0.121	-0.185	-0.129	-0.121	-0.121	+0.419	+1.116	-0.130	+0.421	+0.173	+0.368	+0.471	+0.227	+0.010	+0.016	+0.018	+0.103	+0.635	+0.442	
rs11995079     +1.007	+0.293	+0.509	+0.349	+0.469	+0.448	+0.390	+1.589	+0.465	+0.326	+0.332	+0.400	+0.406	+0.103	+0.304	+0.434	+0.435	+0.438	+0.505	+1.192	-0.009	+0.494	+0.503	+1.188	+1.186	+1.482	+1.170	+1.432	+1.157	+0.493	+0.499	+0.499	+1.479	+0.461	+0.380	+0.380	+0.042	+0.092	+0.086	+0.400	+0.625	+0.606	+0.589	+0.620	+0.619	+0.295	+0.606	+0.603	+0.591	+0.601	+0.693	+0.730	+0.730	+0.692	+0.730	+0.688	+0.675	+0.292	+0.021	+0.293	+0.687	+0.647	+0.020	+0.300	+0.632	+0.307	+0.301	+0.329	+0.635	+0.334	+0.334	+0.335	+0.336	+0.339	+0.372	+0.372	+0.145	+0.145	-0.061	+2.716	+0.244	-0.059	+0.244	-0.061	+2.685	+1.077	-0.061	+2.685	+0.243	-0.061	+1.078	+0.242	-0.056	+0.524	+2.687	+0.242	-0.061	-0.061	+0.523	+0.240	+0.659	+0.522	+2.688	+2.688	+0.239	+2.699	+2.689	+0.238	+0.520	+0.238	+2.688	+1.077	+2.688	+0.518	-0.061	-0.061	+0.234	+0.514	-0.060	-0.139	+0.527	-0.060	+0.233	+0.512	-0.059	+0.519	-0.136	-0.058	+0.514	-0.059	-0.059	-0.135	+0.517	+0.228	+0.227	+0.527	+0.573	+0.564	+1.407	+0.535	+0.520	+0.515	+0.525	+0.505	+0.492	+0.389	+0.389	-0.121	-0.086	-0.086	+0.528	-0.078	-0.183	+0.462	-0.184	+0.468	+0.311	+0.319	+0.317	+0.467	+0.320	-0.082	+0.455	+0.452	+0.339	+0.340	-0.137	-0.198	-0.144	-0.137	-0.137	+0.440	+1.125	-0.144	+0.443	+0.154	+0.364	+0.462	+0.207	-0.002	+0.003	+0.005	+0.092	+0.630	+0.465	
rs2014238      +0.500	+0.364	+0.329	+0.453	+0.278	+0.250	+0.454	+1.448	+0.276	+0.425	+0.433	+0.406	+0.308	+0.019	+0.329	+0.544	+0.547	+0.549	+0.283	+0.843	-0.085	+0.260	+0.607	+0.838	+0.835	+1.280	+0.820	+1.214	+0.805	+0.251	+0.606	+0.607	+1.273	+0.210	+0.493	+0.493	-0.037	-0.049	+0.018	+0.517	+0.369	+0.342	+0.319	+0.361	+0.359	+0.400	+0.328	+0.325	+0.309	+0.321	+0.414	+0.475	+0.474	+0.424	+0.473	+0.406	+0.381	+0.403	-0.085	+0.399	+0.399	+0.352	-0.085	+0.409	+0.333	+0.417	+0.411	+0.445	+0.335	+0.451	+0.451	+0.453	+0.453	+0.457	+0.497	+0.497	+0.020	+0.020	-0.057	+2.610	+0.079	-0.017	+0.079	-0.059	+2.580	+1.087	-0.059	+2.581	+0.078	-0.059	+1.088	+0.078	-0.064	+0.967	+2.583	+0.077	-0.059	-0.059	+0.965	+0.077	+0.671	+0.963	+2.583	+2.584	+0.076	+2.594	+2.584	+0.076	+0.959	+0.076	+2.584	+1.087	+2.583	+0.957	-0.059	-0.060	+0.073	+0.951	-0.060	-0.111	+0.974	-0.059	+0.072	+0.948	-0.062	+0.958	-0.107	-0.062	+0.949	-0.062	-0.062	-0.106	+0.954	+0.070	+0.069	+0.969	+1.038	+1.024	+1.366	+0.987	+0.959	+0.959	+0.974	+0.942	+0.913	+0.661	+0.661	-0.161	-0.100	-0.100	+0.861	-0.113	-0.196	+0.315	-0.197	+0.320	+0.152	+0.158	+0.157	+0.770	+0.158	-0.116	+0.749	+0.743	+0.172	+0.173	-0.155	-0.216	-0.157	-0.155	-0.155	+0.728	+0.869	-0.157	+0.729	-0.020	+0.237	+0.270	+0.015	-0.040	-0.035	-0.033	+0.039	+0.479	+0.758	
rs35133896     +0.122	+0.070	+0.141	+0.146	+0.093	+0.069	+0.178	+1.469	+0.089	+0.108	+0.118	+0.103	+0.019	-0.357	-0.001	+0.267	+0.269	+0.272	+0.125	+1.118	-0.637	+0.111	+0.349	+1.113	+1.110	+1.325	+1.092	+1.269	+1.075	+0.109	+0.346	+0.346	+1.322	+0.075	+0.198	+0.198	-0.317	-0.313	-0.496	+0.228	+0.264	+0.242	+0.222	+0.259	+0.257	+0.067	+0.243	+0.240	+0.225	+0.237	+0.344	+0.388	+0.388	+0.345	+0.388	+0.340	+0.326	+0.067	-0.419	+0.064	+0.340	+0.293	-0.421	+0.076	+0.276	+0.087	+0.078	+0.123	+0.279	+0.131	+0.131	+0.133	+0.133	+0.139	+0.188	+0.189	-0.530	-0.530	-0.723	+2.738	-0.438	-0.731	-0.438	-0.721	+2.704	+1.049	-0.721	+2.704	-0.440	-0.721	+1.050	-0.440	-0.714	-0.185	+2.706	-0.441	-0.722	-0.722	-0.186	-0.442	+0.511	-0.187	+2.707	+2.707	-0.444	+2.719	+2.707	-0.444	-0.189	-0.445	+2.707	+1.049	+2.706	-0.191	-0.722	-0.721	-0.449	-0.194	-0.721	-0.722	-0.179	-0.721	-0.451	-0.196	-0.719	-0.189	-0.718	-0.717	-0.194	-0.719	-0.718	-0.716	-0.191	-0.455	-0.457	-0.183	-0.143	-0.152	+1.801	-0.175	-0.193	-0.192	-0.182	-0.202	-0.220	-0.325	-0.325	-0.733	-0.732	-0.732	-0.196	-0.740	-0.837	-0.124	-0.838	-0.118	-0.307	-0.298	-0.300	-0.251	-0.297	-0.744	-0.262	-0.265	-0.275	-0.274	-0.802	-0.855	-0.813	-0.802	-0.803	-0.275	+0.423	-0.813	-0.273	-0.461	-0.202	-0.107	-0.404	-0.566	-0.559	-0.557	-0.457	+0.067	-0.254	
rs6472910      +0.883	+0.230	+0.433	+0.296	+0.393	+0.372	+0.349	+1.534	+0.389	+0.267	+0.275	+0.304	+0.329	-0.001	+0.286	+0.404	+0.405	+0.408	+0.429	+1.128	-0.105	+0.417	+0.485	+1.123	+1.121	+1.422	+1.105	+1.372	+1.091	+0.416	+0.481	+0.481	+1.419	+0.384	+0.337	+0.338	-0.037	+0.014	-0.017	+0.362	+0.555	+0.536	+0.518	+0.550	+0.549	+0.235	+0.536	+0.534	+0.521	+0.532	+0.624	+0.662	+0.662	+0.618	+0.662	+0.614	+0.601	+0.233	-0.060	+0.233	+0.619	+0.572	-0.061	+0.241	+0.557	+0.249	+0.242	+0.275	+0.561	+0.281	+0.281	+0.283	+0.283	+0.287	+0.325	+0.325	+0.039	+0.039	-0.161	+2.676	+0.137	-0.160	+0.137	-0.160	+2.644	+1.038	-0.160	+2.645	+0.136	-0.160	+1.040	+0.135	-0.155	+0.414	+2.646	+0.135	-0.160	-0.160	+0.413	+0.133	+0.603	+0.411	+2.647	+2.648	+0.132	+2.659	+2.648	+0.131	+0.409	+0.131	+2.647	+1.038	+2.647	+0.407	-0.161	-0.160	+0.127	+0.404	-0.160	-0.236	+0.416	-0.159	+0.126	+0.402	-0.159	+0.408	-0.234	-0.157	+0.404	-0.158	-0.158	-0.233	+0.406	+0.122	+0.120	+0.416	+0.461	+0.452	+1.349	+0.424	+0.409	+0.405	+0.415	+0.394	+0.381	+0.280	+0.280	-0.220	-0.184	-0.184	+0.417	-0.176	-0.283	+0.365	-0.284	+0.371	+0.208	+0.216	+0.215	+0.357	+0.217	-0.179	+0.345	+0.342	+0.236	+0.237	-0.235	-0.297	-0.244	-0.236	-0.236	+0.331	+1.013	-0.244	+0.333	+0.057	+0.274	+0.359	+0.110	-0.101	-0.095	-0.093	-0.008	+0.533	+0.355	
rs11786019     +1.197	+0.398	+0.646	+0.507	+0.606	+0.586	+0.457	+1.706	+0.603	+0.509	+0.510	+0.434	+0.544	+0.267	+0.404	+0.587	+0.570	+0.571	+0.634	+1.258	+0.148	+0.623	+0.626	+1.253	+1.251	+1.591	+1.236	+1.543	+1.222	+0.622	+0.621	+0.621	+1.588	+0.593	+0.519	+0.519	+0.166	+0.207	+0.250	+0.521	+0.754	+0.735	+0.718	+0.749	+0.748	+0.445	+0.735	+0.733	+0.721	+0.731	+0.822	+0.858	+0.858	+0.821	+0.858	+0.816	+0.804	+0.436	+0.143	+0.441	+0.816	+0.776	+0.142	+0.444	+0.761	+0.446	+0.442	+0.457	+0.764	+0.460	+0.460	+0.461	+0.461	+0.464	+0.484	+0.484	+0.311	+0.311	+0.097	+2.762	+0.410	+0.100	+0.410	+0.097	+2.731	+1.136	+0.097	+2.731	+0.408	+0.097	+1.137	+0.408	+0.102	+0.645	+2.733	+0.407	+0.097	+0.097	+0.644	+0.406	+0.735	+0.643	+2.734	+2.735	+0.404	+2.745	+2.735	+0.404	+0.640	+0.404	+2.734	+1.136	+2.734	+0.639	+0.097	+0.097	+0.399	+0.636	+0.098	+0.011	+0.647	+0.098	+0.398	+0.634	+0.099	+0.640	+0.013	+0.100	+0.636	+0.099	+0.099	+0.014	+0.638	+0.394	+0.392	+0.647	+0.689	+0.679	+1.475	+0.656	+0.637	+0.636	+0.646	+0.626	+0.610	+0.512	+0.512	+0.037	+0.071	+0.071	+0.649	+0.079	-0.022	+0.586	-0.023	+0.592	+0.465	+0.473	+0.471	+0.590	+0.474	+0.076	+0.579	+0.576	+0.493	+0.494	+0.021	-0.043	+0.014	+0.021	+0.021	+0.565	+1.262	+0.013	+0.568	+0.310	+0.491	+0.615	+0.364	+0.147	+0.152	+0.154	+0.239	+0.764	+0.588	
rs75276617     +1.200	+0.400	+0.649	+0.507	+0.609	+0.589	+0.458	+1.709	+0.605	+0.510	+0.511	+0.435	+0.547	+0.269	+0.405	+0.570	+0.590	+0.574	+0.637	+1.260	+0.151	+0.625	+0.628	+1.256	+1.254	+1.593	+1.238	+1.545	+1.225	+0.624	+0.624	+0.624	+1.590	+0.596	+0.523	+0.523	+0.168	+0.209	+0.252	+0.524	+0.756	+0.738	+0.721	+0.752	+0.750	+0.449	+0.738	+0.735	+0.723	+0.733	+0.824	+0.861	+0.860	+0.823	+0.860	+0.818	+0.807	+0.439	+0.145	+0.444	+0.818	+0.778	+0.144	+0.447	+0.763	+0.449	+0.445	+0.460	+0.767	+0.463	+0.463	+0.464	+0.464	+0.466	+0.486	+0.486	+0.313	+0.313	+0.099	+2.764	+0.412	+0.102	+0.412	+0.100	+2.733	+1.137	+0.100	+2.734	+0.411	+0.100	+1.138	+0.410	+0.104	+0.648	+2.736	+0.410	+0.099	+0.099	+0.647	+0.408	+0.737	+0.646	+2.737	+2.737	+0.407	+2.748	+2.738	+0.406	+0.643	+0.406	+2.737	+1.137	+2.736	+0.642	+0.099	+0.100	+0.402	+0.638	+0.100	+0.013	+0.650	+0.100	+0.400	+0.636	+0.101	+0.643	+0.016	+0.103	+0.638	+0.101	+0.101	+0.016	+0.641	+0.396	+0.394	+0.650	+0.691	+0.682	+1.477	+0.658	+0.640	+0.639	+0.648	+0.628	+0.613	+0.515	+0.515	+0.039	+0.073	+0.073	+0.651	+0.081	-0.020	+0.589	-0.021	+0.595	+0.467	+0.475	+0.474	+0.593	+0.476	+0.078	+0.582	+0.579	+0.496	+0.496	+0.023	-0.041	+0.016	+0.023	+0.023	+0.568	+1.266	+0.016	+0.570	+0.313	+0.492	+0.617	+0.367	+0.149	+0.154	+0.156	+0.242	+0.766	+0.591	
rs113135741    +1.204	+0.402	+0.651	+0.510	+0.611	+0.591	+0.460	+1.711	+0.607	+0.513	+0.514	+0.438	+0.549	+0.272	+0.408	+0.571	+0.574	+0.593	+0.639	+1.261	+0.154	+0.628	+0.630	+1.258	+1.256	+1.595	+1.240	+1.547	+1.227	+0.627	+0.625	+0.625	+1.592	+0.598	+0.526	+0.526	+0.170	+0.211	+0.255	+0.526	+0.759	+0.740	+0.723	+0.754	+0.753	+0.452	+0.740	+0.738	+0.725	+0.736	+0.826	+0.863	+0.863	+0.825	+0.863	+0.821	+0.809	+0.442	+0.148	+0.448	+0.820	+0.780	+0.147	+0.450	+0.766	+0.452	+0.448	+0.462	+0.769	+0.465	+0.465	+0.466	+0.466	+0.469	+0.488	+0.488	+0.316	+0.316	+0.102	+2.765	+0.415	+0.105	+0.415	+0.102	+2.734	+1.138	+0.103	+2.735	+0.414	+0.102	+1.139	+0.413	+0.107	+0.651	+2.737	+0.413	+0.102	+0.102	+0.650	+0.411	+0.739	+0.649	+2.738	+2.738	+0.410	+2.749	+2.739	+0.409	+0.646	+0.409	+2.738	+1.138	+2.738	+0.644	+0.102	+0.103	+0.405	+0.641	+0.103	+0.016	+0.653	+0.103	+0.403	+0.639	+0.104	+0.646	+0.019	+0.106	+0.641	+0.104	+0.104	+0.019	+0.644	+0.399	+0.397	+0.653	+0.694	+0.685	+1.478	+0.661	+0.643	+0.642	+0.651	+0.631	+0.616	+0.518	+0.518	+0.042	+0.076	+0.076	+0.654	+0.084	-0.017	+0.592	-0.018	+0.598	+0.470	+0.478	+0.477	+0.596	+0.479	+0.081	+0.585	+0.582	+0.499	+0.499	+0.026	-0.038	+0.019	+0.026	+0.026	+0.571	+1.269	+0.019	+0.573	+0.315	+0.495	+0.620	+0.370	+0.152	+0.157	+0.159	+0.244	+0.769	+0.594	
rs2926613      +0.593	+0.462	+0.308	+0.548	+0.288	+0.279	+0.553	+1.388	+0.288	+0.521	+0.528	+0.505	+0.283	+0.125	+0.429	+0.634	+0.637	+0.639	+0.418	+0.866	+0.020	+0.329	+0.697	+0.861	+0.859	+1.259	+0.845	+1.196	+0.830	+0.322	+0.696	+0.696	+1.254	+0.284	+0.553	+0.587	+0.055	+0.040	+0.125	+0.611	+0.382	+0.362	+0.344	+0.376	+0.375	+0.495	+0.352	+0.349	+0.337	+0.346	+0.422	+0.472	+0.471	+0.430	+0.471	+0.415	+0.395	+0.498	+0.011	+0.494	+0.410	+0.371	+0.011	+0.503	+0.356	+0.512	+0.505	+0.539	+0.358	+0.545	+0.545	+0.547	+0.547	+0.551	+0.591	+0.591	+0.124	+0.123	+0.055	+2.660	+0.180	+0.097	+0.180	+0.052	+2.631	+1.157	+0.052	+2.631	+0.179	+0.052	+1.158	+0.179	+0.046	+1.110	+2.633	+0.178	+0.052	+0.052	+1.108	+0.178	+0.747	+1.106	+2.634	+2.634	+0.177	+2.644	+2.635	+0.177	+1.102	+0.176	+2.634	+1.157	+2.634	+1.099	+0.052	+0.051	+0.174	+1.093	+0.050	-0.005	+1.117	+0.052	+0.173	+1.090	+0.049	+1.100	-0.000	+0.049	+1.091	+0.049	+0.048	+0.000	+1.096	+0.171	+0.170	+1.112	+1.183	+1.169	+1.437	+1.131	+1.102	+1.101	+1.117	+1.085	+1.055	+0.794	+0.794	-0.057	+0.010	+0.010	+0.999	-0.009	-0.090	+0.407	-0.091	+0.412	+0.250	+0.255	+0.254	+0.905	+0.256	-0.012	+0.883	+0.877	+0.270	+0.270	-0.050	-0.111	-0.051	-0.050	-0.050	+0.861	+0.960	-0.051	+0.862	+0.075	+0.329	+0.365	+0.108	+0.063	+0.068	+0.070	+0.141	+0.572	+0.892	
rs2926612      +1.542	+1.142	+0.872	+1.192	+0.859	+0.853	+1.226	+1.494	+0.858	+1.172	+1.177	+1.192	+0.843	+1.118	+1.128	+1.258	+1.260	+1.261	+0.866	+1.299	+0.837	+0.863	+1.307	+1.255	+1.252	+1.387	+1.233	+1.349	+1.232	+0.862	+1.306	+1.307	+1.385	+0.855	+1.222	+1.222	+0.903	+1.015	+1.086	+1.244	+0.914	+0.907	+0.900	+0.912	+0.912	+1.169	+0.909	+0.908	+0.903	+0.907	+0.957	+0.974	+0.974	+0.954	+0.974	+0.955	+0.951	+1.171	+0.949	+1.169	+0.957	+0.936	+0.948	+1.176	+0.929	+1.183	+1.178	+1.205	+0.930	+1.210	+1.210	+1.211	+1.211	+1.215	+1.249	+1.250	+1.204	+1.204	+0.873	+2.947	+1.338	+0.912	+1.338	+0.871	+2.921	+1.583	+0.871	+2.921	+1.336	+0.871	+1.584	+1.335	+0.866	+1.204	+2.923	+1.334	+0.871	+0.871	+1.203	+1.332	+1.288	+1.202	+2.924	+2.925	+1.330	+2.933	+2.925	+1.330	+1.200	+1.329	+2.925	+1.584	+2.924	+1.199	+0.871	+0.870	+1.324	+1.197	+0.869	+0.801	+1.207	+0.870	+1.321	+1.196	+0.868	+1.201	+0.799	+0.868	+1.197	+0.868	+0.868	+0.797	+1.199	+1.316	+1.313	+1.206	+1.238	+1.231	+2.740	+1.215	+1.200	+1.201	+1.209	+1.194	+1.180	+1.133	+1.133	+0.800	+0.823	+0.823	+1.232	+0.884	+0.725	+1.030	+0.724	+1.034	+1.441	+1.452	+1.449	+1.188	+1.453	+0.879	+1.180	+1.178	+1.478	+1.479	+0.806	+0.726	+0.774	+0.805	+0.805	+1.171	+1.460	+0.774	+1.172	+0.909	+1.083	+1.640	+0.946	+0.752	+0.754	+0.755	+0.788	+1.277	+1.187	
rs12678774     +0.051	-0.045	+0.036	+0.035	-0.012	-0.036	+0.061	+1.310	-0.016	+0.000	+0.010	-0.009	-0.085	-0.637	-0.105	+0.148	+0.151	+0.154	+0.020	+0.837	-0.390	+0.006	+0.225	+0.831	+0.829	+1.174	+0.812	+1.119	+0.795	+0.004	+0.223	+0.223	+1.170	-0.031	+0.084	+0.085	-0.447	-0.404	-0.648	+0.117	+0.158	+0.136	+0.116	+0.152	+0.151	-0.023	+0.136	+0.133	+0.119	+0.131	+0.237	+0.281	+0.280	+0.237	+0.280	+0.232	+0.218	-0.022	-0.500	-0.025	+0.232	+0.185	-0.502	-0.014	+0.168	-0.004	-0.012	+0.030	+0.171	+0.038	+0.037	+0.040	+0.040	+0.045	+0.092	+0.092	-0.618	-0.618	-0.619	+2.505	-0.532	-0.564	-0.532	-0.623	+2.472	+0.872	-0.623	+2.472	-0.533	-0.623	+0.874	-0.534	-0.632	-0.132	+2.474	-0.534	-0.623	-0.623	-0.133	-0.535	+0.388	-0.135	+2.475	+2.475	-0.537	+2.487	+2.476	-0.537	-0.137	-0.537	+2.475	+0.872	+2.474	-0.139	-0.623	-0.625	-0.540	-0.143	-0.625	-0.816	-0.126	-0.624	-0.541	-0.145	-0.628	-0.137	-0.814	-0.629	-0.143	-0.628	-0.628	-0.813	-0.141	-0.544	-0.546	-0.131	-0.089	-0.098	+1.117	-0.124	-0.143	-0.142	-0.132	-0.153	-0.173	-0.300	-0.300	-0.811	-0.750	-0.751	-0.159	-0.718	-0.850	-0.229	-0.852	-0.223	-0.424	-0.416	-0.418	-0.220	-0.416	-0.723	-0.233	-0.236	-0.399	-0.398	-0.808	-0.879	-0.830	-0.808	-0.808	-0.247	+0.314	-0.830	-0.245	-0.540	-0.290	-0.277	-0.488	-0.669	-0.663	-0.661	-0.575	-0.022	-0.224	
rs2926611      +0.582	+0.450	+0.297	+0.536	+0.274	+0.264	+0.541	+1.389	+0.273	+0.509	+0.516	+0.494	+0.260	+0.111	+0.417	+0.623	+0.625	+0.628	+0.329	+0.863	+0.006	+0.404	+0.685	+0.858	+0.856	+1.265	+0.841	+1.201	+0.826	+0.318	+0.684	+0.684	+1.259	+0.276	+0.575	+0.575	+0.043	+0.028	+0.111	+0.599	+0.383	+0.361	+0.343	+0.377	+0.375	+0.483	+0.350	+0.347	+0.335	+0.345	+0.422	+0.475	+0.474	+0.432	+0.473	+0.415	+0.394	+0.486	-0.002	+0.482	+0.410	+0.369	-0.002	+0.491	+0.354	+0.500	+0.493	+0.527	+0.356	+0.533	+0.533	+0.535	+0.535	+0.539	+0.579	+0.579	+0.110	+0.110	+0.040	+2.652	+0.166	+0.082	+0.166	+0.038	+2.622	+1.147	+0.037	+2.623	+0.166	+0.037	+1.148	+0.165	+0.032	+1.092	+2.624	+0.165	+0.037	+0.037	+1.090	+0.164	+0.737	+1.088	+2.625	+2.626	+0.163	+2.635	+2.626	+0.163	+1.084	+0.163	+2.625	+1.147	+2.625	+1.081	+0.038	+0.036	+0.161	+1.075	+0.036	-0.018	+1.098	+0.037	+0.160	+1.072	+0.034	+1.082	-0.014	+0.034	+1.073	+0.034	+0.034	-0.013	+1.078	+0.158	+0.157	+1.094	+1.165	+1.150	+1.427	+1.112	+1.084	+1.083	+1.099	+1.066	+1.037	+0.777	+0.777	-0.071	-0.005	-0.005	+0.981	-0.023	-0.104	+0.395	-0.105	+0.400	+0.237	+0.242	+0.241	+0.887	+0.243	-0.026	+0.865	+0.859	+0.257	+0.257	-0.063	-0.125	-0.064	-0.063	-0.064	+0.844	+0.949	-0.065	+0.845	+0.062	+0.317	+0.352	+0.096	+0.050	+0.055	+0.057	+0.128	+0.560	+0.874	
rs73689630     +1.293	+0.464	+0.709	+0.595	+0.669	+0.649	+0.515	+1.755	+0.665	+0.610	+0.607	+0.503	+0.607	+0.349	+0.485	+0.626	+0.628	+0.630	+0.697	+1.307	+0.225	+0.685	+0.677	+1.302	+1.300	+1.640	+1.285	+1.592	+1.272	+0.684	+0.661	+0.661	+1.637	+0.656	+0.604	+0.603	+0.233	+0.271	+0.332	+0.587	+0.815	+0.797	+0.780	+0.810	+0.809	+0.532	+0.796	+0.794	+0.782	+0.792	+0.882	+0.918	+0.918	+0.881	+0.918	+0.876	+0.864	+0.517	+0.211	+0.526	+0.876	+0.836	+0.210	+0.526	+0.822	+0.525	+0.523	+0.529	+0.825	+0.530	+0.530	+0.531	+0.531	+0.532	+0.544	+0.544	+0.395	+0.395	+0.176	+2.796	+0.495	+0.179	+0.495	+0.176	+2.766	+1.170	+0.176	+2.766	+0.493	+0.176	+1.171	+0.493	+0.181	+0.727	+2.768	+0.492	+0.176	+0.176	+0.726	+0.491	+0.781	+0.725	+2.769	+2.769	+0.489	+2.780	+2.770	+0.489	+0.722	+0.489	+2.769	+1.170	+2.769	+0.720	+0.176	+0.176	+0.484	+0.717	+0.177	+0.088	+0.729	+0.177	+0.483	+0.715	+0.178	+0.722	+0.091	+0.179	+0.717	+0.178	+0.178	+0.091	+0.720	+0.478	+0.476	+0.729	+0.770	+0.761	+1.521	+0.737	+0.718	+0.717	+0.727	+0.707	+0.692	+0.593	+0.593	+0.115	+0.149	+0.149	+0.730	+0.158	+0.057	+0.659	+0.056	+0.665	+0.546	+0.554	+0.553	+0.671	+0.555	+0.154	+0.660	+0.657	+0.575	+0.575	+0.100	+0.035	+0.093	+0.100	+0.100	+0.646	+1.344	+0.093	+0.649	+0.386	+0.561	+0.696	+0.441	+0.222	+0.227	+0.230	+0.314	+0.835	+0.669	
rs1824452      +1.537	+1.138	+0.867	+1.188	+0.854	+0.848	+1.222	+1.493	+0.853	+1.167	+1.173	+1.188	+0.838	+1.113	+1.123	+1.253	+1.256	+1.258	+0.861	+1.255	+0.831	+0.858	+1.302	+1.293	+1.254	+1.385	+1.235	+1.346	+1.236	+0.857	+1.302	+1.302	+1.383	+0.850	+1.217	+1.217	+0.898	+1.011	+1.082	+1.239	+0.910	+0.902	+0.895	+0.908	+0.907	+1.164	+0.904	+0.903	+0.898	+0.903	+0.952	+0.970	+0.970	+0.949	+0.970	+0.950	+0.947	+1.166	+0.944	+1.164	+0.953	+0.931	+0.943	+1.171	+0.925	+1.178	+1.173	+1.200	+0.926	+1.205	+1.205	+1.206	+1.206	+1.210	+1.245	+1.245	+1.199	+1.199	+0.868	+2.943	+1.334	+0.907	+1.333	+0.866	+2.917	+1.579	+0.865	+2.917	+1.331	+0.865	+1.580	+1.331	+0.861	+1.198	+2.919	+1.330	+0.865	+0.865	+1.197	+1.328	+1.283	+1.196	+2.920	+2.921	+1.326	+2.929	+2.921	+1.325	+1.195	+1.325	+2.921	+1.579	+2.920	+1.193	+0.865	+0.864	+1.319	+1.191	+0.864	+0.796	+1.201	+0.865	+1.317	+1.190	+0.863	+1.195	+0.794	+0.863	+1.191	+0.862	+0.862	+0.793	+1.193	+1.312	+1.309	+1.200	+1.232	+1.225	+2.738	+1.209	+1.194	+1.195	+1.203	+1.188	+1.174	+1.127	+1.127	+0.794	+0.818	+0.818	+1.226	+0.878	+0.719	+1.024	+0.719	+1.028	+1.437	+1.448	+1.445	+1.182	+1.449	+0.874	+1.174	+1.172	+1.474	+1.474	+0.800	+0.721	+0.768	+0.800	+0.800	+1.165	+1.454	+0.769	+1.166	+0.903	+1.077	+1.636	+0.941	+0.746	+0.748	+0.749	+0.783	+1.271	+1.181	
rs2926610      +1.535	+1.136	+0.865	+1.186	+0.852	+0.846	+1.220	+1.492	+0.851	+1.165	+1.171	+1.186	+0.835	+1.110	+1.121	+1.251	+1.254	+1.256	+0.859	+1.252	+0.829	+0.856	+1.300	+1.254	+1.290	+1.384	+1.235	+1.345	+1.235	+0.855	+1.300	+1.300	+1.382	+0.848	+1.215	+1.215	+0.896	+1.009	+1.079	+1.237	+0.908	+0.900	+0.893	+0.906	+0.905	+1.162	+0.902	+0.901	+0.896	+0.901	+0.950	+0.968	+0.968	+0.947	+0.968	+0.949	+0.945	+1.164	+0.942	+1.162	+0.951	+0.929	+0.941	+1.169	+0.923	+1.176	+1.171	+1.198	+0.924	+1.203	+1.203	+1.204	+1.204	+1.208	+1.243	+1.243	+1.197	+1.197	+0.865	+2.942	+1.331	+0.905	+1.331	+0.863	+2.915	+1.577	+0.863	+2.916	+1.329	+0.863	+1.578	+1.328	+0.858	+1.195	+2.918	+1.328	+0.863	+0.863	+1.195	+1.326	+1.281	+1.194	+2.919	+2.919	+1.324	+2.928	+2.920	+1.323	+1.192	+1.323	+2.919	+1.578	+2.919	+1.191	+0.863	+0.862	+1.317	+1.189	+0.861	+0.793	+1.199	+0.863	+1.315	+1.187	+0.860	+1.192	+0.792	+0.860	+1.189	+0.860	+0.860	+0.790	+1.191	+1.309	+1.307	+1.198	+1.230	+1.223	+2.736	+1.207	+1.192	+1.193	+1.200	+1.185	+1.172	+1.125	+1.125	+0.792	+0.816	+0.816	+1.223	+0.876	+0.717	+1.022	+0.716	+1.026	+1.435	+1.445	+1.443	+1.180	+1.447	+0.871	+1.172	+1.169	+1.471	+1.472	+0.798	+0.719	+0.766	+0.798	+0.797	+1.163	+1.452	+0.766	+1.163	+0.901	+1.075	+1.634	+0.939	+0.744	+0.746	+0.747	+0.780	+1.269	+1.179	
rs2980218      +1.591	+1.437	+1.236	+1.525	+1.249	+1.256	+1.511	+1.619	+1.251	+1.504	+1.510	+1.482	+1.280	+1.325	+1.422	+1.591	+1.593	+1.595	+1.259	+1.387	+1.174	+1.265	+1.640	+1.385	+1.384	+1.631	+1.378	+1.572	+1.371	+1.265	+1.639	+1.640	+1.589	+1.265	+1.555	+1.555	+1.270	+1.163	+1.337	+1.571	+1.215	+1.216	+1.217	+1.215	+1.215	+1.478	+1.211	+1.211	+1.211	+1.210	+1.208	+1.214	+1.213	+1.209	+1.213	+1.206	+1.204	+1.480	+1.131	+1.478	+1.205	+1.202	+1.131	+1.485	+1.201	+1.491	+1.486	+1.512	+1.201	+1.517	+1.517	+1.518	+1.519	+1.522	+1.556	+1.557	+1.268	+1.268	+1.229	+3.249	+1.294	+1.283	+1.294	+1.226	+3.223	+1.896	+1.225	+3.224	+1.294	+1.225	+1.897	+1.294	+1.217	+1.507	+3.225	+1.293	+1.225	+1.225	+1.506	+1.293	+1.568	+1.506	+3.227	+3.227	+1.292	+3.235	+3.228	+1.292	+1.504	+1.292	+3.227	+1.897	+3.227	+1.503	+1.225	+1.224	+1.291	+1.500	+1.223	+1.073	+1.511	+1.224	+1.290	+1.499	+1.221	+1.504	+1.074	+1.220	+1.500	+1.220	+1.220	+1.073	+1.502	+1.289	+1.288	+1.509	+1.543	+1.536	+2.219	+1.518	+1.506	+1.505	+1.513	+1.498	+1.487	+1.450	+1.450	+1.092	+1.176	+1.176	+1.543	+1.173	+1.104	+1.277	+1.102	+1.281	+1.330	+1.334	+1.334	+1.501	+1.335	+1.169	+1.493	+1.491	+1.345	+1.345	+1.113	+1.049	+1.096	+1.113	+1.113	+1.484	+1.644	+1.096	+1.485	+1.192	+1.281	+1.416	+1.221	+1.113	+1.116	+1.118	+1.163	+1.428	+1.500	
rs2980220      +1.519	+1.120	+0.852	+1.170	+0.838	+0.832	+1.205	+1.487	+0.836	+1.150	+1.155	+1.170	+0.820	+1.092	+1.105	+1.236	+1.238	+1.240	+0.845	+1.233	+0.812	+0.841	+1.285	+1.235	+1.235	+1.378	+1.273	+1.339	+1.216	+0.841	+1.284	+1.284	+1.376	+0.834	+1.199	+1.199	+0.880	+0.993	+1.062	+1.221	+0.895	+0.887	+0.880	+0.893	+0.892	+1.146	+0.889	+0.888	+0.883	+0.888	+0.938	+0.956	+0.956	+0.935	+0.956	+0.936	+0.931	+1.148	+0.926	+1.145	+0.939	+0.917	+0.925	+1.153	+0.910	+1.160	+1.155	+1.182	+0.910	+1.187	+1.186	+1.188	+1.188	+1.192	+1.226	+1.227	+1.179	+1.179	+0.848	+2.930	+1.313	+0.887	+1.313	+0.846	+2.904	+1.563	+0.846	+2.904	+1.311	+0.846	+1.564	+1.311	+0.841	+1.180	+2.906	+1.310	+0.846	+0.846	+1.179	+1.308	+1.266	+1.178	+2.907	+2.908	+1.306	+2.916	+2.908	+1.305	+1.176	+1.305	+2.908	+1.564	+2.907	+1.175	+0.846	+0.845	+1.299	+1.173	+0.844	+0.776	+1.183	+0.846	+1.297	+1.172	+0.843	+1.177	+0.774	+0.843	+1.173	+0.843	+0.843	+0.773	+1.175	+1.291	+1.289	+1.182	+1.214	+1.207	+2.717	+1.191	+1.176	+1.177	+1.184	+1.169	+1.156	+1.108	+1.108	+0.775	+0.800	+0.800	+1.207	+0.859	+0.700	+1.004	+0.700	+1.007	+1.417	+1.427	+1.425	+1.163	+1.428	+0.855	+1.155	+1.153	+1.453	+1.454	+0.781	+0.702	+0.750	+0.781	+0.781	+1.146	+1.432	+0.750	+1.147	+0.883	+1.056	+1.616	+0.920	+0.727	+0.729	+0.730	+0.763	+1.250	+1.162	
rs2980221      +1.542	+1.388	+1.176	+1.475	+1.186	+1.192	+1.462	+1.601	+1.188	+1.455	+1.460	+1.432	+1.214	+1.269	+1.372	+1.543	+1.545	+1.547	+1.196	+1.349	+1.119	+1.201	+1.592	+1.346	+1.345	+1.572	+1.339	+1.575	+1.331	+1.201	+1.591	+1.592	+1.566	+1.201	+1.505	+1.505	+1.218	+1.112	+1.281	+1.522	+1.160	+1.160	+1.161	+1.160	+1.160	+1.428	+1.156	+1.156	+1.156	+1.155	+1.157	+1.164	+1.164	+1.158	+1.164	+1.155	+1.153	+1.430	+1.080	+1.428	+1.155	+1.150	+1.079	+1.435	+1.148	+1.441	+1.436	+1.463	+1.149	+1.468	+1.467	+1.469	+1.469	+1.473	+1.507	+1.507	+1.214	+1.214	+1.173	+3.213	+1.241	+1.226	+1.241	+1.170	+3.187	+1.854	+1.169	+3.188	+1.240	+1.169	+1.855	+1.240	+1.161	+1.455	+3.189	+1.240	+1.169	+1.169	+1.455	+1.240	+1.523	+1.454	+3.190	+3.191	+1.239	+3.199	+3.192	+1.239	+1.452	+1.239	+3.191	+1.855	+3.191	+1.451	+1.170	+1.168	+1.237	+1.449	+1.167	+1.019	+1.459	+1.169	+1.237	+1.448	+1.165	+1.452	+1.020	+1.164	+1.449	+1.164	+1.164	+1.020	+1.451	+1.236	+1.235	+1.458	+1.491	+1.484	+2.176	+1.467	+1.455	+1.454	+1.461	+1.447	+1.436	+1.398	+1.398	+1.039	+1.121	+1.121	+1.491	+1.119	+1.049	+1.228	+1.047	+1.232	+1.278	+1.282	+1.282	+1.449	+1.283	+1.115	+1.441	+1.439	+1.293	+1.293	+1.059	+0.995	+1.042	+1.059	+1.059	+1.432	+1.598	+1.042	+1.433	+1.140	+1.232	+1.365	+1.170	+1.061	+1.064	+1.065	+1.112	+1.379	+1.448	
rs2926607      +1.502	+1.107	+0.837	+1.157	+0.823	+0.816	+1.192	+1.480	+0.821	+1.136	+1.141	+1.157	+0.805	+1.075	+1.091	+1.222	+1.225	+1.227	+0.830	+1.232	+0.795	+0.826	+1.272	+1.236	+1.235	+1.371	+1.216	+1.331	+1.255	+0.826	+1.271	+1.271	+1.368	+0.818	+1.185	+1.185	+0.865	+0.978	+1.045	+1.207	+0.881	+0.872	+0.865	+0.879	+0.878	+1.132	+0.875	+0.874	+0.869	+0.873	+0.924	+0.942	+0.942	+0.921	+0.942	+0.923	+0.919	+1.134	+0.911	+1.131	+0.925	+0.903	+0.910	+1.139	+0.896	+1.145	+1.141	+1.168	+0.897	+1.173	+1.172	+1.174	+1.174	+1.178	+1.212	+1.213	+1.161	+1.161	+0.831	+2.921	+1.295	+0.870	+1.295	+0.829	+2.894	+1.552	+0.829	+2.895	+1.293	+0.829	+1.553	+1.292	+0.824	+1.163	+2.897	+1.292	+0.829	+0.829	+1.162	+1.290	+1.254	+1.161	+2.898	+2.898	+1.287	+2.907	+2.899	+1.287	+1.160	+1.287	+2.898	+1.553	+2.898	+1.159	+0.829	+0.828	+1.281	+1.156	+0.827	+0.759	+1.166	+0.829	+1.279	+1.155	+0.826	+1.160	+0.757	+0.826	+1.156	+0.826	+0.826	+0.756	+1.158	+1.273	+1.271	+1.165	+1.197	+1.190	+2.702	+1.174	+1.159	+1.160	+1.168	+1.153	+1.139	+1.092	+1.092	+0.758	+0.782	+0.782	+1.191	+0.842	+0.684	+0.992	+0.683	+0.996	+1.399	+1.409	+1.407	+1.147	+1.410	+0.837	+1.139	+1.137	+1.435	+1.436	+0.764	+0.685	+0.733	+0.764	+0.764	+1.130	+1.423	+0.733	+1.131	+0.869	+1.044	+1.598	+0.907	+0.712	+0.714	+0.715	+0.748	+1.239	+1.146	
rs2980224      +0.581	+0.449	+0.291	+0.535	+0.268	+0.257	+0.541	+1.384	+0.267	+0.508	+0.515	+0.493	+0.251	+0.109	+0.416	+0.622	+0.624	+0.627	+0.322	+0.862	+0.004	+0.318	+0.684	+0.857	+0.855	+1.265	+0.841	+1.201	+0.826	+0.402	+0.683	+0.683	+1.260	+0.279	+0.574	+0.574	+0.041	+0.027	+0.110	+0.598	+0.388	+0.365	+0.346	+0.381	+0.379	+0.482	+0.353	+0.351	+0.338	+0.348	+0.426	+0.479	+0.479	+0.435	+0.478	+0.418	+0.397	+0.485	-0.003	+0.481	+0.413	+0.372	-0.003	+0.490	+0.356	+0.498	+0.492	+0.526	+0.358	+0.532	+0.532	+0.533	+0.534	+0.538	+0.578	+0.578	+0.108	+0.108	+0.039	+2.651	+0.164	+0.082	+0.164	+0.037	+2.621	+1.146	+0.037	+2.621	+0.164	+0.037	+1.147	+0.163	+0.031	+1.092	+2.623	+0.163	+0.037	+0.037	+1.091	+0.162	+0.736	+1.088	+2.624	+2.625	+0.161	+2.634	+2.625	+0.161	+1.084	+0.161	+2.624	+1.146	+2.624	+1.082	+0.037	+0.036	+0.159	+1.076	+0.035	-0.020	+1.099	+0.036	+0.158	+1.073	+0.034	+1.082	-0.016	+0.033	+1.074	+0.033	+0.033	-0.015	+1.078	+0.156	+0.155	+1.094	+1.164	+1.150	+1.425	+1.112	+1.084	+1.083	+1.099	+1.066	+1.037	+0.776	+0.776	-0.073	-0.005	-0.005	+0.980	-0.024	-0.105	+0.392	-0.106	+0.396	+0.235	+0.240	+0.239	+0.887	+0.241	-0.027	+0.865	+0.859	+0.254	+0.255	-0.065	-0.127	-0.066	-0.065	-0.065	+0.843	+0.945	-0.067	+0.844	+0.060	+0.314	+0.350	+0.094	+0.047	+0.052	+0.054	+0.125	+0.557	+0.873	
