## Summary of overall evidence for association with region:
## log10(BF for region) = 11.8252
## p-value for region = NA

## BFs for choosing among multi-SNP models:
## log10(average 1-SNP BF) = 11.885
## log10(average 2-SNP BF) = 11.6733

## Example posterior probabilities for multi-SNP models, based on default prior: [p(l) propto 0.5^l for l=1,2,...,L]
## posterior probability of 1-SNP = 0.765027
## posterior probability of 2-SNP = 0.234973

## log10(BF) for single SNP and pair of SNPs:
rs365622       +0.109	-0.034	+0.013	+0.019	+0.017	+0.014	+0.018	+0.023	+0.023	+0.003	+0.022	+0.000	+0.028	+0.017	+0.025	+0.036	+0.040	+0.040	+0.040	+0.041	-0.006	+0.036	+0.036	+0.037	+0.039	+0.072	+0.025	+0.247	+0.289	+0.160	+0.144	+0.144	+1.734	+0.172	+1.758	+1.817	+1.726	+1.124	+1.110	+0.515	+0.516	+0.516	+0.527	+0.514	+0.514	+0.513	+0.513	+0.513	+0.506	+1.169	+0.792	+0.848	+0.509	+0.509	+0.490	+0.490	+0.490	+1.150	+0.500	+0.925	+0.790	+0.791	+1.503	+1.112	+0.632	+0.953	+0.630	+0.632	+0.953	+0.665	+0.206	+0.162	+0.155	+0.647	+1.553	+1.500	+0.671	+0.686	+1.001	+1.004	+1.028	+1.157	+1.131	+1.133	+1.139	+1.140	+1.144	+1.142	+1.119	+1.160	+1.125	+1.382	+1.214	+1.159	+1.193	+1.194	+1.202	+2.503	+2.480	+2.533	+2.480	+2.480	+0.461	-0.236	+2.052	+2.344	+2.341	+1.998	+2.279	+2.273	+2.249	+2.248	-0.280	+0.425	+2.203	+2.202	-0.279	-0.256	+2.259	-0.242	-0.239	+2.231	+12.396	+6.542	+12.304	+12.369	+12.402	+12.421	+2.866	+2.865	+2.864	+12.252	+12.243	+12.140	+2.860	+2.865	+2.856	+2.860	+2.849	+12.045	+12.156	+12.044	+2.845	+12.150	+2.799	+2.770	+2.769	+2.769	+12.176	+12.143	+2.796	+12.150	+2.835	+12.122	+2.832	+5.969	+12.033	+11.899	+6.267	+4.661	+11.710	+5.103	+4.187	+4.488	+6.051	+6.078	+10.966	+10.835	+5.271	+4.496	+11.111	+4.519	+6.159	+10.986	+6.160	+4.547	+11.234	+11.175	+5.070	+11.125	+5.061	+10.892	+7.452	+10.709	+10.774	+5.270	+5.248	+5.233	+5.209	+3.895	+3.850	+0.818	+3.849	
rs11738695     -0.034	+0.044	-0.040	+0.001	-0.002	-0.005	-0.025	-0.018	-0.017	-0.043	-0.018	-0.042	+0.011	-0.020	-0.013	+0.019	+0.008	+0.008	+0.009	+0.009	-0.043	+0.002	+0.002	+0.003	+0.022	+0.045	-0.012	+0.240	+0.292	+0.162	+0.144	+0.144	+1.775	+0.175	+1.801	+1.843	+1.768	+1.146	+1.132	+0.525	+0.526	+0.526	+0.537	+0.524	+0.524	+0.523	+0.524	+0.523	+0.516	+1.183	+0.802	+0.858	+0.519	+0.519	+0.499	+0.499	+0.499	+1.164	+0.509	+0.939	+0.800	+0.801	+1.490	+1.128	+0.644	+0.965	+0.642	+0.645	+0.965	+0.680	+0.183	+0.148	+0.135	+0.661	+1.573	+1.519	+0.685	+0.700	+1.014	+1.017	+1.042	+1.174	+1.147	+1.149	+1.155	+1.156	+1.161	+1.158	+1.134	+1.177	+1.140	+1.366	+1.231	+1.175	+1.210	+1.211	+1.220	+2.536	+2.513	+2.565	+2.512	+2.512	+0.425	-0.284	+2.088	+2.374	+2.370	+2.054	+2.308	+2.302	+2.277	+2.277	-0.331	+0.388	+2.231	+2.230	-0.330	-0.305	+2.288	-0.291	-0.288	+2.259	+12.432	+6.526	+12.340	+12.406	+12.438	+12.457	+2.896	+2.895	+2.894	+12.288	+12.279	+12.175	+2.890	+2.895	+2.886	+2.890	+2.878	+12.080	+12.192	+12.079	+2.875	+12.185	+2.829	+2.799	+2.799	+2.798	+12.212	+12.178	+2.825	+12.186	+2.865	+12.157	+2.862	+5.954	+12.069	+11.934	+6.249	+4.641	+11.743	+5.083	+4.180	+4.475	+6.032	+6.059	+10.996	+10.865	+5.250	+4.481	+11.141	+4.504	+6.140	+11.015	+6.141	+4.532	+11.264	+11.204	+5.057	+11.154	+5.048	+10.920	+7.460	+10.736	+10.801	+5.250	+5.227	+5.212	+5.188	+3.869	+3.824	+0.779	+3.823	
rs187398       +0.013	-0.040	+0.103	+0.017	+0.015	+0.012	+0.017	+0.022	+0.022	+0.001	+0.021	-0.002	+0.027	+0.016	+0.024	+0.035	+0.041	+0.041	+0.041	+0.041	-0.009	+0.036	+0.036	+0.037	+0.037	+0.075	+0.024	+0.258	+0.300	+0.163	+0.146	+0.146	+1.740	+0.175	+1.765	+1.821	+1.732	+1.128	+1.114	+0.517	+0.518	+0.517	+0.529	+0.516	+0.516	+0.515	+0.515	+0.514	+0.508	+1.171	+0.793	+0.850	+0.511	+0.511	+0.492	+0.492	+0.492	+1.152	+0.501	+0.927	+0.792	+0.792	+1.501	+1.115	+0.634	+0.955	+0.632	+0.634	+0.955	+0.667	+0.204	+0.161	+0.153	+0.649	+1.556	+1.502	+0.673	+0.688	+1.003	+1.006	+1.030	+1.160	+1.133	+1.136	+1.141	+1.143	+1.147	+1.145	+1.121	+1.163	+1.127	+1.380	+1.216	+1.161	+1.196	+1.197	+1.205	+2.509	+2.486	+2.538	+2.486	+2.486	+0.457	-0.241	+2.057	+2.349	+2.345	+2.002	+2.284	+2.278	+2.253	+2.253	-0.285	+0.421	+2.208	+2.207	-0.284	-0.261	+2.264	-0.247	-0.244	+2.235	+12.400	+6.540	+12.308	+12.374	+12.407	+12.426	+2.870	+2.870	+2.869	+12.257	+12.248	+12.144	+2.864	+2.870	+2.861	+2.865	+2.853	+12.050	+12.161	+12.049	+2.849	+12.155	+2.804	+2.775	+2.774	+2.773	+12.181	+12.147	+2.800	+12.155	+2.840	+12.126	+2.837	+5.967	+12.038	+11.903	+6.265	+4.659	+11.714	+5.101	+4.187	+4.487	+6.048	+6.076	+10.970	+10.838	+5.268	+4.494	+11.115	+4.517	+6.157	+10.990	+6.158	+4.545	+11.238	+11.179	+5.068	+11.128	+5.060	+10.895	+7.453	+10.712	+10.777	+5.268	+5.246	+5.230	+5.207	+3.892	+3.847	+0.814	+3.846	
rs246103       +0.019	+0.001	+0.017	+0.303	+0.217	+0.211	+0.022	+0.024	+0.025	+0.018	+0.024	+0.019	+0.207	+0.026	+0.027	+0.224	+0.033	+0.033	+0.033	+0.033	+0.023	+0.031	+0.031	+0.031	+0.226	+0.043	+0.027	+0.105	+0.131	+0.113	+0.105	+0.105	+1.667	+0.118	+1.690	+1.843	+1.659	+0.995	+0.984	+0.473	+0.473	+0.473	+0.481	+0.472	+0.472	+0.471	+0.471	+0.471	+0.466	+1.156	+0.748	+0.804	+0.469	+0.468	+0.455	+0.456	+0.456	+1.139	+0.462	+0.856	+0.747	+0.748	+1.573	+1.033	+0.578	+0.900	+0.577	+0.579	+0.901	+0.597	+0.317	+0.234	+0.255	+0.590	+1.522	+1.470	+0.608	+0.620	+0.941	+0.943	+0.964	+1.074	+1.052	+1.054	+1.059	+1.060	+1.063	+1.062	+1.043	+1.077	+1.048	+1.459	+1.121	+1.077	+1.105	+1.106	+1.113	+2.247	+2.236	+2.280	+2.237	+2.237	+0.605	-0.091	+1.775	+2.141	+2.138	+1.836	+2.086	+2.082	+2.062	+2.062	-0.127	+0.571	+2.024	+2.025	-0.126	-0.107	+2.071	-0.095	-0.093	+2.048	+12.175	+6.611	+12.087	+12.151	+12.181	+12.198	+2.652	+2.652	+2.651	+12.035	+12.027	+11.928	+2.647	+2.653	+2.644	+2.649	+2.638	+11.835	+11.944	+11.834	+2.635	+11.937	+2.592	+2.568	+2.567	+2.567	+11.962	+11.930	+2.589	+11.938	+2.627	+11.910	+2.624	+6.184	+11.821	+11.695	+6.344	+4.901	+11.517	+5.366	+4.220	+4.756	+6.129	+6.156	+10.795	+10.669	+5.521	+4.766	+10.945	+4.786	+6.238	+10.828	+6.238	+4.813	+11.075	+11.018	+5.336	+10.970	+5.324	+10.748	+7.466	+10.570	+10.632	+5.520	+5.498	+5.483	+5.460	+4.136	+4.093	+0.986	+4.092	
rs181763       +0.017	-0.002	+0.015	+0.217	+0.299	+0.212	+0.020	+0.022	+0.022	+0.016	+0.022	+0.016	+0.207	+0.023	+0.025	+0.226	+0.031	+0.031	+0.031	+0.031	+0.021	+0.029	+0.029	+0.029	+0.228	+0.041	+0.025	+0.104	+0.129	+0.112	+0.104	+0.104	+1.673	+0.117	+1.696	+1.846	+1.664	+0.995	+0.984	+0.472	+0.472	+0.472	+0.480	+0.471	+0.471	+0.471	+0.471	+0.470	+0.465	+1.157	+0.747	+0.803	+0.468	+0.468	+0.455	+0.455	+0.455	+1.140	+0.461	+0.856	+0.747	+0.747	+1.572	+1.033	+0.578	+0.900	+0.576	+0.578	+0.900	+0.597	+0.316	+0.232	+0.254	+0.590	+1.524	+1.472	+0.607	+0.619	+0.941	+0.943	+0.964	+1.074	+1.052	+1.054	+1.059	+1.060	+1.063	+1.062	+1.043	+1.076	+1.048	+1.458	+1.121	+1.077	+1.105	+1.106	+1.113	+2.248	+2.237	+2.281	+2.238	+2.238	+0.603	-0.093	+1.775	+2.142	+2.139	+1.836	+2.087	+2.083	+2.063	+2.062	-0.130	+0.569	+2.025	+2.025	-0.129	-0.110	+2.072	-0.098	-0.096	+2.048	+12.176	+6.610	+12.088	+12.152	+12.182	+12.199	+2.653	+2.652	+2.652	+12.036	+12.028	+11.929	+2.648	+2.653	+2.645	+2.649	+2.639	+11.836	+11.945	+11.835	+2.635	+11.938	+2.593	+2.569	+2.568	+2.567	+11.963	+11.931	+2.590	+11.939	+2.627	+11.911	+2.625	+6.183	+11.822	+11.696	+6.343	+4.899	+11.517	+5.365	+4.220	+4.755	+6.128	+6.155	+10.796	+10.669	+5.520	+4.765	+10.946	+4.784	+6.237	+10.829	+6.238	+4.811	+11.075	+11.019	+5.334	+10.971	+5.323	+10.748	+7.466	+10.571	+10.632	+5.519	+5.497	+5.482	+5.459	+4.135	+4.092	+0.984	+4.091	
rs7443428      +0.014	-0.005	+0.012	+0.211	+0.212	+0.296	+0.018	+0.020	+0.020	+0.014	+0.020	+0.014	+0.208	+0.021	+0.023	+0.230	+0.029	+0.029	+0.029	+0.030	+0.019	+0.027	+0.027	+0.027	+0.232	+0.039	+0.023	+0.103	+0.128	+0.110	+0.103	+0.103	+1.681	+0.116	+1.704	+1.851	+1.672	+0.995	+0.984	+0.471	+0.471	+0.471	+0.479	+0.470	+0.470	+0.470	+0.470	+0.469	+0.465	+1.158	+0.747	+0.803	+0.467	+0.467	+0.454	+0.454	+0.454	+1.141	+0.460	+0.856	+0.747	+0.747	+1.571	+1.033	+0.577	+0.900	+0.575	+0.577	+0.900	+0.596	+0.314	+0.230	+0.252	+0.589	+1.526	+1.474	+0.607	+0.618	+0.941	+0.943	+0.963	+1.074	+1.052	+1.054	+1.059	+1.060	+1.063	+1.062	+1.043	+1.077	+1.048	+1.457	+1.121	+1.077	+1.105	+1.106	+1.113	+2.250	+2.239	+2.283	+2.239	+2.235	+0.601	-0.096	+1.776	+2.143	+2.140	+1.837	+2.088	+2.084	+2.064	+2.064	-0.133	+0.567	+2.026	+2.026	-0.132	-0.113	+2.073	-0.101	-0.099	+2.049	+12.179	+6.608	+12.091	+12.155	+12.185	+12.203	+2.654	+2.654	+2.653	+12.039	+12.031	+11.932	+2.649	+2.655	+2.646	+2.651	+2.640	+11.839	+11.948	+11.838	+2.637	+11.941	+2.594	+2.570	+2.569	+2.569	+11.966	+11.934	+2.591	+11.942	+2.628	+11.914	+2.626	+6.181	+11.825	+11.698	+6.341	+4.897	+11.519	+5.362	+4.219	+4.752	+6.126	+6.153	+10.798	+10.671	+5.517	+4.762	+10.948	+4.782	+6.235	+10.831	+6.236	+4.809	+11.077	+11.021	+5.332	+10.973	+5.320	+10.750	+7.467	+10.572	+10.634	+5.516	+5.494	+5.479	+5.456	+4.132	+4.089	+0.981	+4.088	
rs6898577      +0.018	-0.025	+0.017	+0.022	+0.020	+0.018	+0.122	+0.032	+0.033	+0.015	+0.032	+0.011	+0.032	+0.026	+0.034	+0.040	+0.050	+0.050	+0.050	+0.050	+0.003	+0.045	+0.045	+0.046	+0.042	+0.079	+0.035	+0.252	+0.294	+0.162	+0.146	+0.146	+1.728	+0.174	+1.752	+1.812	+1.719	+1.120	+1.106	+0.514	+0.515	+0.515	+0.526	+0.513	+0.513	+0.513	+0.513	+0.512	+0.506	+1.167	+0.790	+0.846	+0.508	+0.508	+0.490	+0.490	+0.490	+1.148	+0.499	+0.922	+0.788	+0.789	+1.506	+1.109	+0.630	+0.951	+0.628	+0.631	+0.951	+0.663	+0.211	+0.165	+0.159	+0.646	+1.550	+1.497	+0.669	+0.684	+0.999	+1.002	+1.026	+1.154	+1.128	+1.130	+1.136	+1.137	+1.142	+1.139	+1.116	+1.157	+1.122	+1.385	+1.210	+1.156	+1.190	+1.191	+1.199	+2.496	+2.473	+2.525	+2.473	+2.473	+0.468	-0.226	+2.045	+2.338	+2.335	+1.993	+2.273	+2.267	+2.243	+2.243	-0.270	+0.432	+2.198	+2.197	-0.269	-0.246	+2.253	-0.232	-0.229	+2.225	+12.391	+6.545	+12.299	+12.365	+12.397	+12.416	+2.859	+2.859	+2.858	+12.247	+12.239	+12.135	+2.853	+2.859	+2.850	+2.854	+2.842	+12.040	+12.152	+12.039	+2.839	+12.145	+2.793	+2.764	+2.763	+2.763	+12.171	+12.138	+2.789	+12.145	+2.829	+12.117	+2.826	+5.972	+12.028	+11.894	+6.271	+4.665	+11.705	+5.107	+4.189	+4.491	+6.055	+6.082	+10.961	+10.830	+5.274	+4.499	+11.106	+4.522	+6.164	+10.982	+6.164	+4.550	+11.230	+11.170	+5.072	+11.120	+5.064	+10.888	+7.451	+10.705	+10.769	+5.274	+5.252	+5.237	+5.213	+3.899	+3.855	+0.826	+3.854	
rs13155912     +0.023	-0.018	+0.022	+0.024	+0.022	+0.020	+0.032	+0.130	+0.038	+0.021	+0.037	+0.017	+0.035	+0.030	+0.037	+0.042	+0.052	+0.052	+0.052	+0.052	+0.008	+0.049	+0.049	+0.049	+0.045	+0.080	+0.040	+0.246	+0.288	+0.161	+0.145	+0.145	+1.721	+0.172	+1.745	+1.808	+1.713	+1.117	+1.103	+0.513	+0.514	+0.513	+0.524	+0.512	+0.512	+0.511	+0.511	+0.510	+0.504	+1.165	+0.788	+0.845	+0.507	+0.507	+0.488	+0.489	+0.489	+1.146	+0.498	+0.920	+0.787	+0.787	+1.507	+1.107	+0.629	+0.949	+0.627	+0.629	+0.949	+0.661	+0.214	+0.167	+0.162	+0.644	+1.547	+1.494	+0.667	+0.682	+0.997	+1.000	+1.024	+1.152	+1.126	+1.128	+1.134	+1.135	+1.139	+1.137	+1.114	+1.155	+1.120	+1.387	+1.208	+1.153	+1.188	+1.188	+1.197	+2.491	+2.468	+2.520	+2.468	+2.468	+0.473	-0.220	+2.040	+2.334	+2.330	+1.989	+2.269	+2.263	+2.239	+2.238	-0.263	+0.437	+2.194	+2.193	-0.262	-0.240	+2.249	-0.226	-0.223	+2.221	+12.387	+6.547	+12.295	+12.360	+12.393	+12.412	+2.855	+2.854	+2.854	+12.243	+12.234	+12.131	+2.849	+2.854	+2.846	+2.849	+2.838	+12.036	+12.147	+12.035	+2.834	+12.141	+2.789	+2.760	+2.759	+2.758	+12.167	+12.133	+2.785	+12.141	+2.824	+12.112	+2.822	+5.974	+12.024	+11.890	+6.274	+4.668	+11.701	+5.110	+4.190	+4.493	+6.057	+6.084	+10.957	+10.826	+5.277	+4.501	+11.103	+4.524	+6.166	+10.978	+6.167	+4.552	+11.226	+11.167	+5.074	+11.117	+5.065	+10.884	+7.451	+10.701	+10.766	+5.277	+5.255	+5.239	+5.216	+3.902	+3.858	+0.831	+3.857	
rs13181131     +0.023	-0.017	+0.022	+0.025	+0.022	+0.020	+0.033	+0.038	+0.131	+0.021	+0.037	+0.017	+0.035	+0.031	+0.037	+0.042	+0.052	+0.052	+0.052	+0.052	+0.008	+0.049	+0.049	+0.050	+0.045	+0.080	+0.040	+0.245	+0.287	+0.161	+0.145	+0.145	+1.721	+0.172	+1.744	+1.808	+1.712	+1.116	+1.102	+0.513	+0.514	+0.513	+0.524	+0.512	+0.512	+0.511	+0.511	+0.510	+0.504	+1.165	+0.788	+0.845	+0.507	+0.507	+0.488	+0.488	+0.488	+1.146	+0.498	+0.920	+0.787	+0.787	+1.507	+1.107	+0.629	+0.949	+0.626	+0.629	+0.949	+0.661	+0.214	+0.167	+0.162	+0.644	+1.547	+1.494	+0.667	+0.682	+0.997	+0.999	+1.024	+1.152	+1.126	+1.128	+1.133	+1.135	+1.139	+1.137	+1.114	+1.155	+1.119	+1.387	+1.208	+1.153	+1.187	+1.188	+1.197	+2.490	+2.468	+2.520	+2.468	+2.468	+0.473	-0.220	+2.039	+2.333	+2.330	+1.989	+2.269	+2.263	+2.238	+2.238	-0.263	+0.437	+2.193	+2.192	-0.262	-0.239	+2.249	-0.225	-0.223	+2.221	+12.386	+6.547	+12.295	+12.360	+12.393	+12.411	+2.854	+2.854	+2.853	+12.243	+12.234	+12.130	+2.849	+2.854	+2.845	+2.849	+2.838	+12.036	+12.147	+12.035	+2.834	+12.141	+2.788	+2.760	+2.759	+2.758	+12.167	+12.133	+2.785	+12.141	+2.824	+12.112	+2.821	+5.974	+12.024	+11.889	+6.274	+4.668	+11.701	+5.110	+4.190	+4.493	+6.057	+6.085	+10.957	+10.826	+5.277	+4.501	+11.102	+4.524	+6.166	+10.978	+6.167	+4.552	+11.226	+11.167	+5.074	+11.117	+5.066	+10.884	+7.451	+10.701	+10.766	+5.277	+5.255	+5.240	+5.216	+3.903	+3.858	+0.832	+3.857	
rs12523186     +0.003	-0.043	+0.001	+0.018	+0.016	+0.014	+0.015	+0.021	+0.021	+0.111	+0.021	+0.013	+0.030	+0.032	+0.023	+0.036	+0.040	+0.041	+0.041	+0.041	-0.006	+0.036	+0.036	+0.037	+0.039	+0.072	+0.026	+0.251	+0.297	+0.163	+0.146	+0.146	+1.731	+0.175	+1.755	+1.817	+1.723	+1.126	+1.111	+0.516	+0.517	+0.517	+0.528	+0.515	+0.515	+0.514	+0.514	+0.514	+0.507	+1.168	+0.793	+0.849	+0.510	+0.510	+0.491	+0.491	+0.491	+1.150	+0.500	+0.926	+0.791	+0.792	+1.504	+1.113	+0.632	+0.954	+0.630	+0.633	+0.954	+0.666	+0.207	+0.163	+0.156	+0.648	+1.552	+1.498	+0.671	+0.686	+1.002	+1.005	+1.029	+1.159	+1.132	+1.134	+1.140	+1.141	+1.146	+1.143	+1.120	+1.161	+1.126	+1.384	+1.215	+1.160	+1.194	+1.195	+1.204	+2.504	+2.482	+2.534	+2.481	+2.481	+0.463	-0.234	+2.051	+2.345	+2.342	+2.000	+2.280	+2.274	+2.250	+2.250	-0.279	+0.427	+2.205	+2.203	-0.277	-0.254	+2.260	-0.240	-0.238	+2.232	+12.384	+6.544	+12.292	+12.357	+12.390	+12.409	+2.866	+2.866	+2.865	+12.240	+12.231	+12.128	+2.861	+2.866	+2.857	+2.861	+2.849	+12.033	+12.144	+12.032	+2.846	+12.138	+2.800	+2.771	+2.770	+2.770	+12.164	+12.131	+2.796	+12.138	+2.836	+12.110	+2.833	+5.975	+12.021	+11.887	+6.271	+4.669	+11.698	+5.111	+4.189	+4.490	+6.054	+6.081	+10.956	+10.825	+5.279	+4.497	+11.101	+4.520	+6.163	+10.976	+6.164	+4.548	+11.224	+11.165	+5.071	+11.115	+5.063	+10.883	+7.453	+10.700	+10.764	+5.279	+5.257	+5.241	+5.218	+3.903	+3.859	+0.823	+3.858	
rs1045706      +0.022	-0.018	+0.021	+0.024	+0.022	+0.020	+0.032	+0.037	+0.037	+0.021	+0.131	+0.017	+0.035	+0.030	+0.038	+0.042	+0.051	+0.051	+0.051	+0.051	+0.008	+0.048	+0.048	+0.049	+0.045	+0.079	+0.039	+0.243	+0.285	+0.160	+0.144	+0.144	+1.720	+0.171	+1.744	+1.807	+1.712	+1.116	+1.102	+0.513	+0.514	+0.513	+0.524	+0.511	+0.511	+0.511	+0.511	+0.510	+0.504	+1.165	+0.788	+0.844	+0.507	+0.507	+0.488	+0.488	+0.488	+1.146	+0.497	+0.920	+0.787	+0.787	+1.508	+1.107	+0.628	+0.949	+0.626	+0.629	+0.949	+0.661	+0.214	+0.167	+0.162	+0.644	+1.547	+1.493	+0.667	+0.682	+0.996	+0.999	+1.023	+1.152	+1.125	+1.127	+1.133	+1.135	+1.139	+1.137	+1.113	+1.154	+1.119	+1.387	+1.207	+1.153	+1.187	+1.188	+1.196	+2.490	+2.468	+2.519	+2.467	+2.467	+0.473	-0.220	+2.039	+2.333	+2.329	+1.989	+2.268	+2.262	+2.238	+2.238	-0.263	+0.437	+2.193	+2.192	-0.262	-0.239	+2.248	-0.225	-0.223	+2.220	+12.385	+6.547	+12.294	+12.359	+12.392	+12.410	+2.854	+2.853	+2.853	+12.242	+12.233	+12.130	+2.848	+2.853	+2.845	+2.849	+2.837	+12.035	+12.146	+12.034	+2.833	+12.140	+2.788	+2.759	+2.758	+2.758	+12.166	+12.132	+2.784	+12.140	+2.824	+12.111	+2.821	+5.974	+12.023	+11.889	+6.274	+4.669	+11.700	+5.110	+4.190	+4.493	+6.058	+6.085	+10.956	+10.825	+5.278	+4.501	+11.102	+4.524	+6.167	+10.977	+6.167	+4.552	+11.225	+11.166	+5.074	+11.116	+5.066	+10.883	+7.450	+10.700	+10.765	+5.278	+5.255	+5.240	+5.216	+3.903	+3.859	+0.832	+3.858	
rs13154791     +0.000	-0.042	-0.002	+0.019	+0.016	+0.014	+0.011	+0.017	+0.017	+0.013	+0.017	+0.115	+0.031	+0.026	+0.019	+0.037	+0.035	+0.035	+0.035	+0.035	-0.007	+0.031	+0.031	+0.032	+0.039	+0.063	+0.021	+0.230	+0.277	+0.158	+0.142	+0.141	+1.723	+0.169	+1.747	+1.810	+1.715	+1.120	+1.105	+0.514	+0.515	+0.514	+0.525	+0.512	+0.512	+0.512	+0.512	+0.511	+0.505	+1.166	+0.790	+0.846	+0.508	+0.507	+0.489	+0.489	+0.489	+1.147	+0.498	+0.922	+0.788	+0.789	+1.506	+1.109	+0.630	+0.951	+0.628	+0.630	+0.951	+0.663	+0.209	+0.163	+0.157	+0.645	+1.548	+1.495	+0.668	+0.684	+0.998	+1.001	+1.026	+1.154	+1.128	+1.130	+1.136	+1.137	+1.141	+1.139	+1.116	+1.157	+1.122	+1.385	+1.210	+1.156	+1.190	+1.191	+1.199	+2.495	+2.472	+2.524	+2.472	+2.472	+0.466	-0.231	+2.044	+2.337	+2.334	+1.993	+2.273	+2.267	+2.242	+2.242	-0.275	+0.430	+2.197	+2.196	-0.274	-0.251	+2.253	-0.237	-0.234	+2.225	+12.379	+6.547	+12.288	+12.353	+12.385	+12.404	+2.859	+2.858	+2.858	+12.236	+12.227	+12.124	+2.853	+2.858	+2.850	+2.853	+2.842	+12.029	+12.140	+12.028	+2.838	+12.134	+2.793	+2.764	+2.763	+2.762	+12.160	+12.126	+2.789	+12.134	+2.828	+12.106	+2.826	+5.977	+12.017	+11.883	+6.274	+4.671	+11.695	+5.113	+4.190	+4.492	+6.057	+6.084	+10.952	+10.821	+5.280	+4.500	+11.098	+4.523	+6.166	+10.973	+6.167	+4.550	+11.221	+11.162	+5.073	+11.112	+5.065	+10.880	+7.452	+10.697	+10.761	+5.281	+5.258	+5.243	+5.220	+3.905	+3.861	+0.825	+3.860	
rs2288531      +0.028	+0.011	+0.027	+0.207	+0.207	+0.208	+0.032	+0.035	+0.035	+0.030	+0.035	+0.031	+0.317	+0.037	+0.037	+0.222	+0.043	+0.043	+0.043	+0.043	+0.033	+0.041	+0.041	+0.041	+0.223	+0.052	+0.037	+0.113	+0.138	+0.120	+0.113	+0.113	+1.648	+0.126	+1.670	+1.833	+1.640	+0.996	+0.985	+0.478	+0.478	+0.478	+0.486	+0.477	+0.477	+0.476	+0.476	+0.476	+0.471	+1.153	+0.751	+0.807	+0.474	+0.473	+0.461	+0.461	+0.461	+1.136	+0.467	+0.859	+0.751	+0.751	+1.584	+1.035	+0.583	+0.903	+0.581	+0.583	+0.904	+0.602	+0.326	+0.242	+0.264	+0.595	+1.517	+1.465	+0.612	+0.624	+0.944	+0.946	+0.967	+1.076	+1.054	+1.056	+1.061	+1.062	+1.066	+1.064	+1.045	+1.079	+1.050	+1.470	+1.123	+1.079	+1.107	+1.108	+1.115	+2.245	+2.234	+2.278	+2.235	+2.235	+0.621	-0.078	+1.773	+2.140	+2.137	+1.835	+2.085	+2.081	+2.061	+2.061	-0.114	+0.586	+2.024	+2.024	-0.114	-0.095	+2.070	-0.083	-0.081	+2.047	+12.154	+6.625	+12.067	+12.131	+12.160	+12.178	+2.650	+2.650	+2.649	+12.015	+12.007	+11.909	+2.645	+2.651	+2.642	+2.647	+2.636	+11.816	+11.924	+11.815	+2.633	+11.917	+2.590	+2.567	+2.566	+2.565	+11.942	+11.910	+2.587	+11.918	+2.625	+11.890	+2.623	+6.226	+11.801	+11.676	+6.360	+4.943	+11.503	+5.411	+4.227	+4.773	+6.145	+6.172	+10.781	+10.655	+5.566	+4.784	+10.932	+4.803	+6.254	+10.816	+6.255	+4.830	+11.062	+11.006	+5.353	+10.958	+5.342	+10.737	+7.463	+10.560	+10.621	+5.565	+5.543	+5.528	+5.505	+4.177	+4.134	+1.006	+4.133	
rs12522815     +0.017	-0.020	+0.016	+0.026	+0.023	+0.021	+0.026	+0.030	+0.031	+0.032	+0.030	+0.026	+0.037	+0.135	+0.034	+0.043	+0.047	+0.047	+0.047	+0.048	+0.008	+0.041	+0.041	+0.042	+0.046	+0.068	+0.033	+0.217	+0.262	+0.154	+0.139	+0.139	+1.710	+0.165	+1.733	+1.804	+1.701	+1.112	+1.098	+0.510	+0.511	+0.510	+0.521	+0.509	+0.509	+0.508	+0.508	+0.508	+0.501	+1.162	+0.786	+0.843	+0.504	+0.504	+0.486	+0.486	+0.486	+1.144	+0.495	+0.918	+0.785	+0.786	+1.510	+1.104	+0.625	+0.947	+0.623	+0.626	+0.947	+0.657	+0.217	+0.168	+0.164	+0.641	+1.543	+1.490	+0.663	+0.678	+0.994	+0.997	+1.021	+1.149	+1.123	+1.125	+1.131	+1.132	+1.136	+1.134	+1.111	+1.152	+1.117	+1.390	+1.204	+1.150	+1.184	+1.185	+1.194	+2.483	+2.462	+2.513	+2.461	+2.461	+0.478	-0.215	+2.030	+2.328	+2.324	+1.985	+2.263	+2.257	+2.233	+2.233	-0.259	+0.442	+2.188	+2.188	-0.258	-0.235	+2.244	-0.221	-0.219	+2.216	+12.368	+6.552	+12.276	+12.342	+12.374	+12.393	+2.849	+2.848	+2.847	+12.224	+12.216	+12.113	+2.843	+2.848	+2.840	+2.843	+2.832	+12.018	+12.129	+12.017	+2.828	+12.123	+2.783	+2.754	+2.753	+2.753	+12.148	+12.115	+2.779	+12.123	+2.818	+12.094	+2.816	+5.982	+12.006	+11.872	+6.279	+4.678	+11.685	+5.120	+4.192	+4.497	+6.063	+6.090	+10.942	+10.811	+5.288	+4.505	+11.088	+4.527	+6.172	+10.963	+6.172	+4.555	+11.211	+11.152	+5.078	+11.102	+5.069	+10.870	+7.450	+10.688	+10.752	+5.288	+5.266	+5.251	+5.227	+3.914	+3.870	+0.838	+3.869	
rs1045704      +0.025	-0.013	+0.024	+0.027	+0.025	+0.023	+0.034	+0.037	+0.037	+0.023	+0.038	+0.019	+0.037	+0.034	+0.137	+0.044	+0.055	+0.055	+0.055	+0.056	+0.012	+0.047	+0.047	+0.048	+0.047	+0.075	+0.040	+0.228	+0.272	+0.157	+0.142	+0.142	+1.717	+0.168	+1.740	+1.805	+1.708	+1.112	+1.098	+0.511	+0.512	+0.511	+0.522	+0.510	+0.510	+0.509	+0.509	+0.509	+0.502	+1.164	+0.786	+0.843	+0.505	+0.505	+0.487	+0.487	+0.487	+1.145	+0.496	+0.917	+0.785	+0.785	+1.509	+1.104	+0.626	+0.947	+0.624	+0.627	+0.947	+0.659	+0.217	+0.168	+0.165	+0.642	+1.545	+1.492	+0.664	+0.680	+0.994	+0.997	+1.021	+1.149	+1.123	+1.125	+1.130	+1.132	+1.136	+1.134	+1.111	+1.151	+1.116	+1.389	+1.204	+1.150	+1.184	+1.185	+1.193	+2.484	+2.462	+2.513	+2.461	+2.461	+0.477	-0.215	+2.033	+2.328	+2.324	+1.984	+2.264	+2.257	+2.233	+2.233	-0.258	+0.441	+2.189	+2.188	-0.257	-0.234	+2.244	-0.220	-0.218	+2.216	+12.382	+6.549	+12.290	+12.356	+12.388	+12.407	+2.849	+2.848	+2.848	+12.238	+12.230	+12.126	+2.843	+2.848	+2.840	+2.844	+2.832	+12.032	+12.143	+12.031	+2.828	+12.136	+2.783	+2.754	+2.753	+2.753	+12.162	+12.129	+2.779	+12.137	+2.819	+12.108	+2.816	+5.976	+12.019	+11.885	+6.277	+4.671	+11.697	+5.113	+4.191	+4.496	+6.060	+6.087	+10.953	+10.822	+5.280	+4.504	+11.099	+4.526	+6.169	+10.974	+6.170	+4.554	+11.222	+11.163	+5.077	+11.113	+5.068	+10.880	+7.450	+10.697	+10.762	+5.280	+5.258	+5.243	+5.219	+3.906	+3.862	+0.836	+3.861	
rs2914714      +0.036	+0.019	+0.035	+0.224	+0.226	+0.230	+0.040	+0.042	+0.042	+0.036	+0.042	+0.037	+0.222	+0.043	+0.044	+0.325	+0.050	+0.050	+0.050	+0.050	+0.041	+0.048	+0.048	+0.048	+0.245	+0.059	+0.044	+0.118	+0.142	+0.125	+0.118	+0.118	+1.662	+0.130	+1.684	+1.836	+1.653	+0.997	+0.986	+0.479	+0.479	+0.479	+0.487	+0.478	+0.478	+0.478	+0.478	+0.477	+0.473	+1.156	+0.752	+0.808	+0.475	+0.475	+0.462	+0.462	+0.462	+1.138	+0.468	+0.860	+0.751	+0.752	+1.581	+1.035	+0.584	+0.904	+0.582	+0.584	+0.904	+0.603	+0.328	+0.244	+0.266	+0.596	+1.520	+1.469	+0.613	+0.625	+0.944	+0.947	+0.967	+1.076	+1.054	+1.056	+1.061	+1.062	+1.066	+1.064	+1.045	+1.079	+1.050	+1.468	+1.123	+1.079	+1.107	+1.108	+1.115	+2.244	+2.234	+2.278	+2.234	+2.234	+0.620	-0.073	+1.774	+2.139	+2.136	+1.835	+2.085	+2.080	+2.061	+2.060	-0.109	+0.586	+2.023	+2.023	-0.108	-0.089	+2.070	-0.078	-0.076	+2.046	+12.171	+6.618	+12.083	+12.147	+12.177	+12.194	+2.650	+2.649	+2.649	+12.031	+12.023	+11.924	+2.645	+2.650	+2.642	+2.646	+2.636	+11.831	+11.940	+11.830	+2.632	+11.933	+2.590	+2.566	+2.565	+2.565	+11.958	+11.926	+2.587	+11.934	+2.624	+11.906	+2.622	+6.196	+11.817	+11.691	+6.352	+4.914	+11.514	+5.379	+4.225	+4.768	+6.137	+6.164	+10.792	+10.665	+5.534	+4.779	+10.942	+4.798	+6.246	+10.826	+6.247	+4.825	+11.072	+11.016	+5.348	+10.968	+5.337	+10.745	+7.465	+10.568	+10.629	+5.533	+5.511	+5.496	+5.473	+4.150	+4.107	+1.001	+4.106	
rs2052884      +0.040	+0.008	+0.041	+0.033	+0.031	+0.029	+0.050	+0.052	+0.052	+0.040	+0.051	+0.035	+0.043	+0.047	+0.055	+0.050	+0.157	+0.066	+0.066	+0.066	+0.026	+0.060	+0.060	+0.060	+0.053	+0.080	+0.054	+0.217	+0.262	+0.157	+0.142	+0.142	+1.702	+0.167	+1.725	+1.796	+1.693	+1.104	+1.091	+0.508	+0.509	+0.509	+0.519	+0.507	+0.507	+0.507	+0.507	+0.506	+0.500	+1.159	+0.783	+0.839	+0.503	+0.502	+0.485	+0.485	+0.485	+1.141	+0.493	+0.913	+0.782	+0.782	+1.514	+1.099	+0.623	+0.943	+0.621	+0.624	+0.943	+0.654	+0.225	+0.174	+0.172	+0.638	+1.539	+1.486	+0.661	+0.675	+0.990	+0.993	+1.017	+1.144	+1.117	+1.120	+1.125	+1.127	+1.131	+1.129	+1.106	+1.146	+1.111	+1.395	+1.198	+1.145	+1.179	+1.180	+1.188	+2.470	+2.449	+2.500	+2.449	+2.449	+0.489	-0.199	+2.019	+2.317	+2.313	+1.975	+2.253	+2.247	+2.223	+2.223	-0.242	+0.453	+2.178	+2.177	-0.241	-0.219	+2.233	-0.205	-0.203	+2.205	+12.372	+6.555	+12.280	+12.346	+12.378	+12.397	+2.838	+2.837	+2.836	+12.228	+12.219	+12.116	+2.832	+2.837	+2.829	+2.832	+2.821	+12.022	+12.133	+12.021	+2.817	+12.126	+2.772	+2.743	+2.743	+2.742	+12.152	+12.119	+2.768	+12.127	+2.808	+12.098	+2.805	+5.981	+12.009	+11.875	+6.283	+4.678	+11.688	+5.119	+4.194	+4.501	+6.067	+6.094	+10.944	+10.813	+5.287	+4.509	+11.090	+4.531	+6.176	+10.966	+6.176	+4.559	+11.214	+11.155	+5.081	+11.105	+5.072	+10.872	+7.449	+10.690	+10.754	+5.287	+5.265	+5.249	+5.226	+3.914	+3.870	+0.848	+3.869	
rs2052883      +0.040	+0.008	+0.041	+0.033	+0.031	+0.029	+0.050	+0.052	+0.052	+0.041	+0.051	+0.035	+0.043	+0.047	+0.055	+0.050	+0.066	+0.157	+0.066	+0.066	+0.026	+0.060	+0.060	+0.060	+0.053	+0.080	+0.054	+0.217	+0.262	+0.157	+0.142	+0.142	+1.702	+0.167	+1.725	+1.796	+1.693	+1.104	+1.091	+0.508	+0.509	+0.509	+0.519	+0.507	+0.507	+0.507	+0.507	+0.506	+0.500	+1.159	+0.783	+0.839	+0.503	+0.502	+0.485	+0.485	+0.485	+1.141	+0.493	+0.913	+0.782	+0.782	+1.514	+1.099	+0.623	+0.943	+0.621	+0.624	+0.943	+0.654	+0.225	+0.174	+0.172	+0.638	+1.539	+1.486	+0.661	+0.675	+0.990	+0.993	+1.017	+1.144	+1.117	+1.120	+1.125	+1.127	+1.131	+1.129	+1.106	+1.146	+1.111	+1.395	+1.198	+1.145	+1.179	+1.180	+1.188	+2.470	+2.449	+2.500	+2.449	+2.449	+0.489	-0.199	+2.019	+2.317	+2.313	+1.975	+2.253	+2.247	+2.223	+2.223	-0.242	+0.453	+2.178	+2.177	-0.241	-0.219	+2.233	-0.205	-0.203	+2.205	+12.372	+6.555	+12.280	+12.345	+12.378	+12.397	+2.838	+2.837	+2.836	+12.228	+12.219	+12.116	+2.832	+2.837	+2.829	+2.832	+2.821	+12.022	+12.133	+12.021	+2.817	+12.126	+2.772	+2.743	+2.743	+2.742	+12.152	+12.119	+2.768	+12.126	+2.807	+12.098	+2.805	+5.981	+12.009	+11.875	+6.283	+4.678	+11.688	+5.119	+4.194	+4.501	+6.067	+6.094	+10.944	+10.813	+5.287	+4.509	+11.090	+4.531	+6.176	+10.966	+6.176	+4.559	+11.213	+11.155	+5.081	+11.104	+5.073	+10.872	+7.449	+10.690	+10.754	+5.287	+5.265	+5.249	+5.226	+3.914	+3.870	+0.848	+3.869	
rs2052882      +0.040	+0.009	+0.041	+0.033	+0.031	+0.029	+0.050	+0.052	+0.052	+0.041	+0.051	+0.035	+0.043	+0.047	+0.055	+0.050	+0.066	+0.066	+0.157	+0.066	+0.026	+0.060	+0.060	+0.060	+0.053	+0.080	+0.054	+0.217	+0.262	+0.157	+0.142	+0.142	+1.702	+0.167	+1.725	+1.796	+1.693	+1.104	+1.090	+0.508	+0.509	+0.509	+0.519	+0.507	+0.507	+0.507	+0.507	+0.506	+0.500	+1.159	+0.783	+0.839	+0.503	+0.502	+0.485	+0.485	+0.485	+1.141	+0.493	+0.913	+0.782	+0.782	+1.514	+1.099	+0.623	+0.943	+0.621	+0.624	+0.943	+0.654	+0.225	+0.174	+0.172	+0.638	+1.539	+1.486	+0.661	+0.675	+0.990	+0.993	+1.017	+1.144	+1.117	+1.120	+1.125	+1.127	+1.131	+1.129	+1.106	+1.146	+1.111	+1.395	+1.198	+1.145	+1.179	+1.180	+1.188	+2.470	+2.449	+2.500	+2.449	+2.449	+0.489	-0.199	+2.019	+2.317	+2.313	+1.975	+2.253	+2.247	+2.223	+2.223	-0.242	+0.453	+2.178	+2.177	-0.241	-0.218	+2.233	-0.205	-0.203	+2.205	+12.372	+6.555	+12.280	+12.345	+12.378	+12.397	+2.838	+2.837	+2.836	+12.228	+12.219	+12.116	+2.832	+2.837	+2.829	+2.832	+2.821	+12.021	+12.133	+12.021	+2.817	+12.126	+2.772	+2.743	+2.743	+2.742	+12.152	+12.119	+2.768	+12.126	+2.807	+12.098	+2.805	+5.981	+12.009	+11.875	+6.283	+4.678	+11.688	+5.119	+4.194	+4.501	+6.067	+6.094	+10.944	+10.813	+5.287	+4.509	+11.090	+4.531	+6.176	+10.966	+6.176	+4.559	+11.213	+11.155	+5.081	+11.104	+5.073	+10.872	+7.449	+10.690	+10.754	+5.287	+5.265	+5.249	+5.226	+3.914	+3.870	+0.848	+3.869	
rs2860398      +0.041	+0.009	+0.041	+0.033	+0.031	+0.030	+0.050	+0.052	+0.052	+0.041	+0.051	+0.035	+0.043	+0.048	+0.056	+0.050	+0.066	+0.066	+0.066	+0.157	+0.027	+0.060	+0.060	+0.060	+0.053	+0.080	+0.054	+0.217	+0.262	+0.157	+0.142	+0.142	+1.701	+0.167	+1.725	+1.796	+1.693	+1.104	+1.090	+0.508	+0.509	+0.509	+0.519	+0.507	+0.507	+0.507	+0.507	+0.506	+0.500	+1.159	+0.783	+0.839	+0.503	+0.502	+0.485	+0.485	+0.485	+1.141	+0.493	+0.913	+0.782	+0.782	+1.514	+1.099	+0.623	+0.943	+0.621	+0.624	+0.943	+0.654	+0.225	+0.174	+0.172	+0.638	+1.539	+1.486	+0.660	+0.675	+0.990	+0.993	+1.017	+1.143	+1.117	+1.119	+1.125	+1.127	+1.131	+1.129	+1.106	+1.146	+1.111	+1.395	+1.198	+1.145	+1.178	+1.179	+1.188	+2.470	+2.449	+2.500	+2.448	+2.448	+0.489	-0.199	+2.019	+2.316	+2.313	+1.975	+2.253	+2.247	+2.223	+2.222	-0.242	+0.453	+2.178	+2.177	-0.240	-0.218	+2.233	-0.205	-0.202	+2.205	+12.371	+6.555	+12.280	+12.345	+12.378	+12.396	+2.837	+2.837	+2.836	+12.228	+12.219	+12.116	+2.832	+2.837	+2.828	+2.832	+2.821	+12.021	+12.132	+12.020	+2.817	+12.126	+2.772	+2.743	+2.742	+2.742	+12.152	+12.119	+2.768	+12.126	+2.807	+12.098	+2.805	+5.981	+12.009	+11.875	+6.283	+4.678	+11.688	+5.119	+4.194	+4.501	+6.067	+6.094	+10.944	+10.813	+5.287	+4.509	+11.090	+4.531	+6.176	+10.966	+6.176	+4.559	+11.213	+11.154	+5.082	+11.104	+5.073	+10.872	+7.448	+10.690	+10.754	+5.287	+5.265	+5.249	+5.226	+3.914	+3.870	+0.848	+3.869	
rs13165705     -0.006	-0.043	-0.009	+0.023	+0.021	+0.019	+0.003	+0.008	+0.008	-0.006	+0.008	-0.007	+0.033	+0.008	+0.012	+0.041	+0.026	+0.026	+0.026	+0.027	+0.130	+0.020	+0.020	+0.021	+0.043	+0.046	+0.013	+0.182	+0.230	+0.143	+0.128	+0.128	+1.705	+0.153	+1.728	+1.790	+1.696	+1.099	+1.085	+0.508	+0.509	+0.508	+0.519	+0.507	+0.507	+0.506	+0.506	+0.506	+0.499	+1.161	+0.779	+0.836	+0.502	+0.502	+0.484	+0.484	+0.484	+1.143	+0.493	+0.909	+0.778	+0.779	+1.511	+1.095	+0.624	+0.940	+0.622	+0.624	+0.940	+0.655	+0.217	+0.168	+0.164	+0.639	+1.542	+1.489	+0.661	+0.677	+0.987	+0.990	+1.013	+1.140	+1.114	+1.116	+1.122	+1.123	+1.127	+1.125	+1.102	+1.143	+1.108	+1.391	+1.195	+1.142	+1.175	+1.176	+1.184	+2.457	+2.437	+2.488	+2.436	+2.437	+0.477	-0.217	+2.021	+2.307	+2.304	+1.967	+2.244	+2.238	+2.214	+2.214	-0.262	+0.441	+2.170	+2.169	-0.260	-0.237	+2.225	-0.223	-0.221	+2.197	+12.381	+6.557	+12.290	+12.355	+12.388	+12.406	+2.830	+2.829	+2.829	+12.238	+12.229	+12.126	+2.824	+2.829	+2.821	+2.825	+2.813	+12.031	+12.142	+12.030	+2.810	+12.136	+2.765	+2.736	+2.735	+2.735	+12.162	+12.128	+2.761	+12.136	+2.800	+12.107	+2.798	+5.978	+12.019	+11.885	+6.285	+4.672	+11.698	+5.114	+4.196	+4.502	+6.068	+6.095	+10.955	+10.824	+5.281	+4.510	+11.100	+4.532	+6.178	+10.975	+6.178	+4.560	+11.224	+11.165	+5.083	+11.114	+5.074	+10.882	+7.453	+10.699	+10.764	+5.281	+5.259	+5.244	+5.220	+3.907	+3.862	+0.834	+3.862	
rs13187721     +0.036	+0.002	+0.036	+0.031	+0.029	+0.027	+0.045	+0.049	+0.049	+0.036	+0.048	+0.031	+0.041	+0.041	+0.047	+0.048	+0.060	+0.060	+0.060	+0.060	+0.020	+0.150	+0.059	+0.059	+0.050	+0.082	+0.052	+0.233	+0.280	+0.161	+0.146	+0.146	+1.707	+0.172	+1.731	+1.799	+1.699	+1.109	+1.095	+0.511	+0.512	+0.511	+0.522	+0.509	+0.509	+0.509	+0.509	+0.508	+0.502	+1.161	+0.785	+0.842	+0.505	+0.505	+0.436	+0.436	+0.487	+1.143	+0.496	+0.916	+0.784	+0.784	+1.512	+1.102	+0.626	+0.945	+0.624	+0.626	+0.946	+0.658	+0.222	+0.172	+0.169	+0.641	+1.541	+1.488	+0.664	+0.679	+0.993	+0.996	+1.020	+1.147	+1.121	+1.123	+1.129	+1.130	+1.134	+1.132	+1.109	+1.150	+1.115	+1.393	+1.202	+1.148	+1.182	+1.183	+1.191	+2.478	+2.457	+2.508	+2.456	+2.456	+0.485	-0.205	+2.027	+2.323	+2.320	+1.980	+2.259	+2.253	+2.229	+2.229	-0.247	+0.449	+2.184	+2.183	-0.246	-0.224	+2.239	-0.210	-0.208	+2.211	+12.376	+6.553	+12.285	+12.350	+12.383	+12.401	+2.844	+2.844	+2.843	+12.233	+12.224	+12.121	+2.839	+2.844	+2.835	+2.839	+2.828	+12.026	+12.137	+12.025	+2.824	+12.131	+2.779	+2.750	+2.749	+2.748	+12.157	+12.124	+2.775	+12.131	+2.814	+12.103	+2.811	+5.979	+12.014	+11.880	+6.280	+4.675	+11.693	+5.116	+4.193	+4.498	+6.064	+6.091	+10.949	+10.818	+5.284	+4.506	+11.094	+4.529	+6.173	+10.970	+6.173	+4.557	+11.218	+11.159	+5.079	+11.109	+5.070	+10.877	+7.449	+10.694	+10.758	+5.284	+5.262	+5.246	+5.223	+3.911	+3.866	+0.843	+3.865	
rs13187363     +0.036	+0.002	+0.036	+0.031	+0.029	+0.027	+0.045	+0.049	+0.049	+0.036	+0.048	+0.031	+0.041	+0.041	+0.047	+0.048	+0.060	+0.060	+0.060	+0.060	+0.020	+0.059	+0.150	+0.059	+0.050	+0.082	+0.052	+0.233	+0.280	+0.161	+0.146	+0.146	+1.707	+0.172	+1.731	+1.799	+1.699	+1.109	+1.095	+0.511	+0.512	+0.511	+0.522	+0.509	+0.509	+0.509	+0.509	+0.508	+0.502	+1.161	+0.785	+0.842	+0.505	+0.505	+0.487	+0.487	+0.487	+1.143	+0.496	+0.916	+0.784	+0.784	+1.512	+1.102	+0.626	+0.945	+0.624	+0.626	+0.946	+0.658	+0.222	+0.172	+0.169	+0.641	+1.541	+1.488	+0.664	+0.679	+0.993	+0.996	+1.020	+1.147	+1.121	+1.123	+1.129	+1.130	+1.134	+1.132	+1.109	+1.150	+1.115	+1.393	+1.202	+1.148	+1.182	+1.183	+1.191	+2.478	+2.457	+2.508	+2.456	+2.456	+0.485	-0.205	+2.027	+2.323	+2.320	+1.980	+2.259	+2.253	+2.229	+2.229	-0.247	+0.449	+2.184	+2.183	-0.246	-0.224	+2.239	-0.210	-0.208	+2.211	+12.376	+6.553	+12.285	+12.350	+12.383	+12.401	+2.844	+2.844	+2.843	+12.233	+12.224	+12.121	+2.839	+2.844	+2.835	+2.839	+2.828	+12.026	+12.137	+12.025	+2.824	+12.131	+2.779	+2.750	+2.749	+2.748	+12.157	+12.123	+2.775	+12.131	+2.814	+12.103	+2.811	+5.979	+12.014	+11.880	+6.280	+4.675	+11.693	+5.116	+4.193	+4.498	+6.064	+6.091	+10.949	+10.818	+5.284	+4.506	+11.094	+4.529	+6.173	+10.970	+6.173	+4.557	+11.218	+11.159	+5.079	+11.109	+5.070	+10.877	+7.449	+10.694	+10.758	+5.284	+5.262	+5.246	+5.223	+3.911	+3.866	+0.844	+3.865	
rs2963008      +0.037	+0.003	+0.037	+0.031	+0.029	+0.027	+0.046	+0.049	+0.050	+0.037	+0.049	+0.032	+0.041	+0.042	+0.048	+0.048	+0.060	+0.060	+0.060	+0.060	+0.021	+0.059	+0.059	+0.151	+0.051	+0.082	+0.053	+0.233	+0.280	+0.161	+0.146	+0.146	+1.707	+0.172	+1.730	+1.799	+1.698	+1.109	+1.095	+0.511	+0.512	+0.511	+0.522	+0.509	+0.509	+0.509	+0.509	+0.508	+0.502	+1.161	+0.785	+0.842	+0.505	+0.505	+0.487	+0.487	+0.487	+1.143	+0.496	+0.916	+0.784	+0.784	+1.512	+1.102	+0.626	+0.945	+0.624	+0.626	+0.946	+0.657	+0.222	+0.172	+0.170	+0.641	+1.541	+1.488	+0.663	+0.678	+0.993	+0.996	+1.019	+1.147	+1.121	+1.123	+1.128	+1.130	+1.134	+1.132	+1.109	+1.149	+1.115	+1.393	+1.202	+1.148	+1.182	+1.183	+1.191	+2.478	+2.456	+2.508	+2.456	+2.456	+0.485	-0.204	+2.027	+2.323	+2.319	+1.980	+2.259	+2.253	+2.228	+2.228	-0.247	+0.449	+2.184	+2.183	-0.246	-0.223	+2.239	-0.210	-0.207	+2.211	+12.376	+6.553	+12.284	+12.350	+12.382	+12.401	+2.844	+2.843	+2.843	+12.232	+12.224	+12.121	+2.838	+2.843	+2.835	+2.839	+2.827	+12.026	+12.137	+12.025	+2.823	+12.130	+2.778	+2.749	+2.749	+2.748	+12.156	+12.123	+2.774	+12.131	+2.814	+12.102	+2.811	+5.979	+12.014	+11.880	+6.281	+4.675	+11.692	+5.117	+4.193	+4.498	+6.064	+6.091	+10.948	+10.817	+5.284	+4.506	+11.094	+4.529	+6.173	+10.970	+6.174	+4.557	+11.218	+11.159	+5.079	+11.109	+5.070	+10.876	+7.449	+10.694	+10.758	+5.284	+5.262	+5.247	+5.223	+3.911	+3.867	+0.844	+3.866	
rs2914712      +0.039	+0.022	+0.037	+0.226	+0.228	+0.232	+0.042	+0.045	+0.045	+0.039	+0.045	+0.039	+0.223	+0.046	+0.047	+0.245	+0.053	+0.053	+0.053	+0.053	+0.043	+0.050	+0.050	+0.051	+0.328	+0.061	+0.047	+0.120	+0.144	+0.127	+0.120	+0.120	+1.662	+0.132	+1.684	+1.836	+1.653	+0.997	+0.986	+0.480	+0.480	+0.480	+0.488	+0.479	+0.479	+0.479	+0.479	+0.478	+0.474	+1.156	+0.752	+0.808	+0.476	+0.476	+0.463	+0.463	+0.463	+1.139	+0.469	+0.860	+0.752	+0.753	+1.582	+1.036	+0.585	+0.904	+0.583	+0.585	+0.905	+0.604	+0.330	+0.246	+0.268	+0.597	+1.520	+1.469	+0.614	+0.626	+0.945	+0.947	+0.967	+1.077	+1.055	+1.057	+1.062	+1.063	+1.066	+1.065	+1.046	+1.079	+1.051	+1.469	+1.124	+1.080	+1.108	+1.109	+1.116	+2.244	+2.234	+2.277	+2.234	+2.234	+0.622	-0.070	+1.774	+2.139	+2.136	+1.835	+2.085	+2.081	+2.061	+2.060	-0.106	+0.588	+2.023	+2.024	-0.105	-0.087	+2.070	-0.075	-0.073	+2.046	+12.171	+6.619	+12.083	+12.147	+12.177	+12.194	+2.650	+2.649	+2.649	+12.031	+12.023	+11.924	+2.645	+2.650	+2.642	+2.646	+2.636	+11.831	+11.939	+11.830	+2.633	+11.933	+2.590	+2.566	+2.565	+2.565	+11.958	+11.926	+2.587	+11.934	+2.624	+11.906	+2.622	+6.197	+11.817	+11.690	+6.354	+4.916	+11.514	+5.381	+4.225	+4.771	+6.138	+6.165	+10.792	+10.665	+5.536	+4.781	+10.942	+4.800	+6.248	+10.825	+6.248	+4.827	+11.072	+11.015	+5.350	+10.967	+5.339	+10.745	+7.465	+10.568	+10.629	+5.535	+5.513	+5.498	+5.475	+4.152	+4.109	+1.003	+4.108	
rs2963007      +0.072	+0.045	+0.075	+0.043	+0.041	+0.039	+0.079	+0.080	+0.080	+0.072	+0.079	+0.063	+0.052	+0.068	+0.075	+0.059	+0.080	+0.080	+0.080	+0.080	+0.046	+0.082	+0.082	+0.082	+0.061	+0.184	+0.080	+0.203	+0.247	+0.157	+0.144	+0.144	+1.675	+0.166	+1.698	+1.781	+1.667	+1.094	+1.080	+0.505	+0.506	+0.505	+0.516	+0.504	+0.504	+0.503	+0.503	+0.503	+0.497	+1.152	+0.779	+0.835	+0.499	+0.499	+0.482	+0.482	+0.482	+1.134	+0.490	+0.907	+0.778	+0.778	+1.521	+1.092	+0.619	+0.938	+0.616	+0.619	+0.938	+0.649	+0.236	+0.181	+0.182	+0.633	+1.528	+1.476	+0.655	+0.670	+0.985	+0.987	+1.011	+1.136	+1.111	+1.113	+1.118	+1.120	+1.124	+1.122	+1.099	+1.139	+1.105	+1.403	+1.191	+1.138	+1.171	+1.172	+1.180	+2.453	+2.432	+2.483	+2.432	+2.432	+0.505	-0.178	+2.001	+2.302	+2.299	+1.962	+2.239	+2.233	+2.209	+2.209	-0.220	+0.470	+2.165	+2.164	-0.219	-0.197	+2.219	-0.184	-0.181	+2.192	+12.356	+6.563	+12.264	+12.330	+12.362	+12.381	+2.823	+2.823	+2.822	+12.212	+12.204	+12.101	+2.818	+2.823	+2.814	+2.818	+2.807	+12.006	+12.117	+12.005	+2.803	+12.111	+2.758	+2.730	+2.729	+2.728	+12.137	+12.103	+2.755	+12.111	+2.794	+12.082	+2.791	+5.988	+11.994	+11.861	+6.292	+4.687	+11.675	+5.129	+4.198	+4.507	+6.076	+6.103	+10.932	+10.801	+5.296	+4.515	+11.078	+4.538	+6.185	+10.954	+6.185	+4.566	+11.202	+11.143	+5.087	+11.093	+5.079	+10.861	+7.447	+10.679	+10.743	+5.296	+5.274	+5.259	+5.235	+3.925	+3.881	+0.865	+3.880	
rs2914711      +0.025	-0.012	+0.024	+0.027	+0.025	+0.023	+0.035	+0.040	+0.040	+0.026	+0.039	+0.021	+0.037	+0.033	+0.040	+0.044	+0.054	+0.054	+0.054	+0.054	+0.013	+0.052	+0.052	+0.053	+0.047	+0.080	+0.139	+0.246	+0.297	+0.164	+0.148	+0.148	+1.718	+0.175	+1.742	+1.806	+1.710	+1.115	+1.101	+0.513	+0.514	+0.514	+0.525	+0.512	+0.512	+0.511	+0.512	+0.511	+0.504	+1.164	+0.788	+0.844	+0.507	+0.507	+0.489	+0.489	+0.489	+1.146	+0.498	+0.920	+0.787	+0.787	+1.509	+1.106	+0.629	+0.948	+0.627	+0.629	+0.949	+0.661	+0.218	+0.170	+0.165	+0.644	+1.546	+1.493	+0.667	+0.682	+0.996	+0.999	+1.023	+1.151	+1.125	+1.127	+1.133	+1.134	+1.138	+1.136	+1.113	+1.154	+1.119	+1.390	+1.207	+1.152	+1.186	+1.187	+1.196	+2.488	+2.466	+2.518	+2.465	+2.466	+0.478	-0.213	+2.037	+2.331	+2.328	+1.987	+2.267	+2.261	+2.236	+2.236	-0.256	+0.442	+2.192	+2.190	-0.255	-0.233	+2.247	-0.219	-0.217	+2.219	+12.385	+6.550	+12.293	+12.359	+12.392	+12.410	+2.852	+2.852	+2.851	+12.239	+12.231	+12.127	+2.846	+2.852	+2.843	+2.847	+2.835	+12.035	+12.144	+12.034	+2.832	+12.137	+2.786	+2.757	+2.757	+2.756	+12.163	+12.130	+2.783	+12.138	+2.822	+12.109	+2.819	+5.976	+12.023	+11.889	+6.276	+4.671	+11.700	+5.112	+4.191	+4.495	+6.060	+6.087	+10.956	+10.824	+5.280	+4.503	+11.101	+4.525	+6.169	+10.977	+6.169	+4.553	+11.225	+11.166	+5.076	+11.116	+5.067	+10.883	+7.450	+10.700	+10.765	+5.280	+5.257	+5.242	+5.218	+3.906	+3.861	+0.837	+3.860	
rs2914709      +0.247	+0.240	+0.258	+0.105	+0.104	+0.103	+0.252	+0.246	+0.245	+0.251	+0.243	+0.230	+0.113	+0.217	+0.228	+0.118	+0.217	+0.217	+0.217	+0.217	+0.182	+0.233	+0.233	+0.233	+0.120	+0.203	+0.246	+0.319	+0.260	+0.202	+0.195	+0.195	+1.600	+0.207	+1.622	+1.736	+1.593	+1.061	+1.048	+0.507	+0.508	+0.508	+0.517	+0.506	+0.506	+0.506	+0.506	+0.505	+0.500	+1.140	+0.773	+0.829	+0.502	+0.502	+0.487	+0.487	+0.487	+1.123	+0.495	+0.892	+0.772	+0.773	+1.563	+1.073	+0.615	+0.928	+0.613	+0.616	+0.929	+0.641	+0.296	+0.230	+0.240	+0.629	+1.503	+1.452	+0.649	+0.662	+0.972	+0.975	+0.997	+1.116	+1.092	+1.094	+1.099	+1.100	+1.104	+1.102	+1.081	+1.119	+1.087	+1.449	+1.167	+1.118	+1.149	+1.150	+1.158	+2.386	+2.368	+2.417	+2.367	+2.368	+0.591	-0.070	+1.938	+2.248	+2.244	+1.917	+2.187	+2.181	+2.159	+2.158	-0.108	+0.557	+2.117	+2.116	-0.107	-0.087	+2.169	-0.075	-0.073	+2.142	+12.326	+6.598	+12.235	+12.300	+12.332	+12.351	+2.768	+2.768	+2.767	+12.183	+12.174	+12.072	+2.763	+2.768	+2.759	+2.763	+2.752	+11.977	+12.088	+11.976	+2.749	+12.082	+2.704	+2.677	+2.676	+2.676	+12.108	+12.074	+2.701	+12.082	+2.739	+12.053	+2.737	+6.010	+11.965	+11.832	+6.331	+4.742	+11.651	+5.157	+4.221	+4.540	+6.116	+6.143	+10.906	+10.776	+5.324	+4.550	+11.053	+4.572	+6.225	+10.930	+6.225	+4.600	+11.178	+11.119	+5.119	+11.069	+5.110	+10.839	+7.444	+10.657	+10.721	+5.324	+5.302	+5.287	+5.264	+3.988	+3.945	+0.954	+3.944	
