## Summary of overall evidence for association with region:
## log10(BF for region) = 12.745
## p-value for region = NA

## BFs for choosing among multi-SNP models:
## log10(average 1-SNP BF) = 11.2501
## log10(average 2-SNP BF) = 13.2128

## Example posterior probabilities for multi-SNP models, based on default prior: [p(l) propto 0.5^l for l=1,2,...,L]
## posterior probability of 1-SNP = 0.0213301
## posterior probability of 2-SNP = 0.97867

## log10(BF) for single SNP and pair of SNPs:
rs4403095      +1.673	+6.311	+1.096	+1.096	+1.099	+7.657	+1.338	+1.352	+1.165	+6.271	+7.542	+7.536	+7.547	+1.365	+1.364	+7.947	+1.326	+7.767	+7.808	+8.831	+8.981	+8.893	+8.924	+8.317	+8.936	+9.211	+3.594	+8.201	+2.049	+2.047	+1.558	+1.649	+1.543	+1.543	+1.648	+1.652	+2.148	+2.154	+1.639	+1.648	+1.649	+1.655	+1.657	+1.673	+1.685	+11.345	+11.411	+1.658	+11.330	+11.337	+11.341	+11.355	+1.540	+11.360	+11.363	+11.351	+1.671	+11.376	+1.521	+1.652	+11.391	+11.395	+11.404	+11.411	+11.412	+11.413	+11.419	+11.424	+11.425	+11.433	+11.433	+11.434	+11.436	+11.439	+11.443	+11.447	+11.447	+11.449	+11.450	+11.451	+11.455	+11.457	+11.657	+11.467	+11.471	+11.401	+11.472	+11.473	+11.476	+11.478	+11.538	+11.540	+11.431	+11.487	+11.256	+11.498	+11.501	+11.506	+11.506	+11.502	+11.754	+11.514	+11.156	+11.157	+11.521	+1.664	+11.525	+11.525	+11.536	+11.540	+11.542	+11.551	+11.551	+11.553	+11.557	+11.386	+11.566	+11.571	+11.571	+11.577	+11.579	+11.623	+11.627	+11.704	+10.621	+1.747	+10.666	+1.757	+11.935	+1.759	+10.638	+10.540	+10.537	+10.538	+10.542	+10.555	+10.570	+10.578	+10.496	+10.593	+10.497	+10.603	+10.605	+10.606	+10.604	+10.614	
rs67165421     +6.311	+6.643	+5.795	+5.798	+5.793	+7.890	+5.748	+5.748	+5.792	+6.681	+7.719	+7.713	+7.726	+5.748	+5.748	+8.219	+5.754	+7.940	+7.817	+8.756	+9.050	+8.818	+8.847	+8.494	+8.956	+9.198	+7.248	+10.187	+6.199	+6.198	+6.017	+6.091	+5.973	+5.973	+6.089	+6.094	+6.276	+6.279	+6.083	+6.090	+6.091	+6.094	+6.096	+6.108	+6.118	+12.651	+12.708	+6.099	+12.628	+12.635	+12.639	+12.652	+5.994	+12.656	+12.659	+12.648	+6.109	+12.671	+5.977	+6.091	+12.684	+12.687	+12.695	+12.701	+12.703	+12.704	+12.708	+12.713	+12.714	+12.721	+12.722	+12.722	+12.724	+12.727	+12.730	+12.734	+12.734	+12.736	+12.737	+12.738	+12.741	+12.743	+12.919	+12.752	+12.755	+12.696	+12.756	+12.758	+12.760	+12.761	+12.812	+12.814	+12.740	+12.769	+12.572	+12.779	+12.782	+12.786	+12.787	+12.783	+13.024	+12.794	+12.515	+12.515	+12.801	+6.100	+12.804	+12.804	+12.814	+12.818	+12.820	+12.828	+12.828	+12.830	+12.833	+12.644	+12.841	+12.846	+12.846	+12.851	+12.853	+12.893	+12.897	+12.967	+12.049	+6.160	+12.090	+6.167	+13.143	+6.168	+12.095	+12.012	+12.010	+12.011	+12.015	+12.027	+12.041	+12.049	+11.971	+12.064	+11.989	+12.074	+12.076	+12.076	+12.076	+12.084	
rs165565       +1.096	+5.795	-0.119	-0.231	-0.226	+7.061	+0.907	+0.663	-0.215	+5.785	+6.971	+6.967	+6.976	+1.018	+0.728	+7.354	+0.141	+7.215	+7.333	+8.318	+8.368	+8.388	+8.418	+8.103	+8.389	+8.647	+2.388	+7.166	+0.850	+0.847	-0.104	-0.029	-0.074	-0.074	-0.028	-0.026	+0.945	+0.947	-0.036	-0.028	-0.027	-0.023	-0.021	-0.008	+0.003	+10.435	+10.506	-0.022	+10.425	+10.432	+10.437	+10.451	-0.132	+10.456	+10.459	+10.447	-0.010	+10.473	-0.144	-0.023	+10.489	+10.492	+10.502	+10.509	+10.511	+10.512	+10.517	+10.523	+10.524	+10.532	+10.533	+10.534	+10.536	+10.539	+10.543	+10.547	+10.548	+10.549	+10.550	+10.552	+10.556	+10.558	+10.764	+10.568	+10.572	+10.498	+10.573	+10.575	+10.578	+10.579	+10.634	+10.637	+10.520	+10.589	+10.343	+10.600	+10.604	+10.608	+10.609	+10.604	+10.699	+10.618	+10.048	+10.049	+10.625	-0.012	+10.629	+10.628	+10.641	+10.645	+10.647	+10.656	+10.656	+10.658	+10.662	+10.513	+10.671	+10.677	+10.677	+10.683	+10.686	+10.732	+10.736	+10.816	+9.471	+0.060	+9.518	+0.069	+11.073	+0.070	+9.478	+9.377	+9.373	+9.374	+9.379	+9.392	+9.408	+9.416	+9.333	+9.432	+9.327	+9.442	+9.444	+9.445	+9.444	+9.454	
rs151776       +1.096	+5.798	-0.231	-0.120	-0.230	+7.065	+0.889	+0.670	-0.215	+5.787	+6.975	+6.970	+6.980	+1.033	+0.739	+7.359	+0.143	+7.219	+7.338	+8.323	+8.372	+8.393	+8.423	+8.109	+8.393	+8.650	+2.386	+7.164	+0.848	+0.846	-0.104	-0.029	-0.075	-0.074	-0.029	-0.026	+0.943	+0.945	-0.037	-0.028	-0.028	-0.023	-0.021	-0.008	+0.003	+10.436	+10.506	-0.022	+10.425	+10.433	+10.437	+10.452	-0.133	+10.456	+10.459	+10.447	-0.011	+10.474	-0.145	-0.023	+10.490	+10.493	+10.503	+10.510	+10.511	+10.513	+10.518	+10.524	+10.524	+10.533	+10.534	+10.534	+10.537	+10.540	+10.544	+10.548	+10.548	+10.550	+10.551	+10.552	+10.556	+10.559	+10.765	+10.569	+10.572	+10.498	+10.574	+10.576	+10.578	+10.580	+10.635	+10.637	+10.521	+10.589	+10.343	+10.601	+10.605	+10.609	+10.610	+10.605	+10.699	+10.618	+10.048	+10.049	+10.626	-0.012	+10.629	+10.629	+10.641	+10.645	+10.647	+10.657	+10.657	+10.659	+10.663	+10.514	+10.672	+10.677	+10.678	+10.684	+10.687	+10.732	+10.737	+10.817	+9.471	+0.060	+9.519	+0.069	+11.074	+0.070	+9.478	+9.377	+9.373	+9.374	+9.379	+9.392	+9.407	+9.416	+9.333	+9.432	+9.327	+9.442	+9.444	+9.445	+9.444	+9.454	
rs360107       +1.099	+5.793	-0.226	-0.230	-0.117	+7.060	+1.016	+0.767	-0.213	+5.784	+6.970	+6.965	+6.975	+1.215	+0.850	+7.353	+0.153	+7.213	+7.331	+8.317	+8.367	+8.386	+8.417	+8.101	+8.388	+8.645	+2.389	+7.168	+0.852	+0.850	-0.103	-0.028	-0.074	-0.073	-0.028	-0.025	+0.947	+0.949	-0.036	-0.027	-0.026	-0.022	-0.020	-0.007	+0.004	+10.434	+10.505	-0.021	+10.424	+10.431	+10.436	+10.450	-0.131	+10.455	+10.458	+10.446	-0.010	+10.472	-0.143	-0.022	+10.488	+10.491	+10.501	+10.508	+10.510	+10.511	+10.516	+10.522	+10.523	+10.531	+10.532	+10.533	+10.535	+10.538	+10.542	+10.546	+10.547	+10.549	+10.549	+10.551	+10.555	+10.557	+10.763	+10.567	+10.571	+10.497	+10.573	+10.574	+10.577	+10.578	+10.633	+10.636	+10.519	+10.588	+10.342	+10.599	+10.603	+10.607	+10.608	+10.604	+10.698	+10.617	+10.047	+10.048	+10.624	-0.011	+10.628	+10.628	+10.640	+10.644	+10.646	+10.655	+10.655	+10.657	+10.661	+10.512	+10.671	+10.676	+10.676	+10.682	+10.685	+10.731	+10.735	+10.815	+9.470	+0.061	+9.518	+0.070	+11.072	+0.071	+9.478	+9.376	+9.373	+9.374	+9.378	+9.392	+9.407	+9.416	+9.333	+9.432	+9.327	+9.442	+9.444	+9.445	+9.444	+9.454	
rs11132565     +7.657	+7.890	+7.061	+7.065	+7.060	+7.912	+7.010	+7.009	+7.097	+7.990	+7.924	+7.922	+7.926	+7.006	+7.007	+8.134	+7.024	+8.034	+8.093	+8.864	+8.940	+8.920	+8.945	+8.857	+8.943	+9.175	+8.393	+10.942	+7.397	+7.396	+7.215	+7.284	+7.168	+7.168	+7.282	+7.287	+7.468	+7.470	+7.277	+7.283	+7.284	+7.287	+7.289	+7.300	+7.309	+13.274	+13.328	+7.292	+13.250	+13.257	+13.261	+13.273	+7.198	+13.277	+13.279	+13.270	+7.301	+13.291	+7.182	+7.284	+13.304	+13.307	+13.315	+13.321	+13.322	+13.323	+13.327	+13.332	+13.333	+13.340	+13.340	+13.341	+13.343	+13.345	+13.349	+13.352	+13.352	+13.354	+13.355	+13.356	+13.359	+13.361	+13.531	+13.369	+13.372	+13.316	+13.374	+13.375	+13.377	+13.378	+13.427	+13.429	+13.363	+13.386	+13.198	+13.396	+13.399	+13.403	+13.403	+13.400	+13.645	+13.410	+13.162	+13.162	+13.416	+7.292	+13.420	+13.420	+13.430	+13.433	+13.435	+13.443	+13.443	+13.445	+13.448	+13.255	+13.456	+13.460	+13.461	+13.465	+13.468	+13.506	+13.510	+13.577	+12.711	+7.347	+12.751	+7.354	+13.740	+7.355	+12.764	+12.684	+12.682	+12.683	+12.687	+12.699	+12.712	+12.720	+12.644	+12.735	+12.666	+12.745	+12.747	+12.747	+12.747	+12.755	
rs360106       +1.338	+5.748	+0.907	+0.889	+1.016	+7.010	+0.250	+0.154	+0.113	+5.760	+6.920	+6.916	+6.925	+0.184	+0.163	+7.294	+0.097	+7.158	+7.257	+8.250	+8.316	+8.318	+8.348	+7.997	+8.336	+8.596	+2.616	+7.324	+1.169	+1.166	+0.165	+0.233	+0.199	+0.199	+0.234	+0.236	+1.261	+1.263	+0.227	+0.234	+0.235	+0.239	+0.241	+0.253	+0.263	+10.458	+10.527	+0.241	+10.444	+10.451	+10.456	+10.470	+0.144	+10.475	+10.478	+10.466	+0.252	+10.492	+0.133	+0.242	+10.508	+10.511	+10.521	+10.528	+10.529	+10.531	+10.536	+10.542	+10.542	+10.551	+10.551	+10.552	+10.554	+10.557	+10.562	+10.566	+10.566	+10.568	+10.569	+10.570	+10.574	+10.576	+10.775	+10.587	+10.590	+10.517	+10.592	+10.593	+10.596	+10.597	+10.652	+10.654	+10.535	+10.607	+10.364	+10.618	+10.622	+10.626	+10.627	+10.622	+10.723	+10.636	+10.076	+10.077	+10.643	+0.252	+10.646	+10.646	+10.658	+10.662	+10.664	+10.674	+10.674	+10.676	+10.679	+10.521	+10.689	+10.694	+10.695	+10.700	+10.703	+10.749	+10.753	+10.833	+9.515	+0.319	+9.562	+0.327	+11.093	+0.328	+9.530	+9.430	+9.427	+9.428	+9.433	+9.446	+9.461	+9.470	+9.388	+9.486	+9.385	+9.496	+9.498	+9.499	+9.498	+9.508	
rs2012046      +1.352	+5.748	+0.663	+0.670	+0.767	+7.009	+0.154	+0.256	+0.140	+5.760	+6.919	+6.914	+6.924	+0.179	+0.177	+7.293	+0.106	+7.157	+7.249	+8.243	+8.315	+8.311	+8.341	+7.986	+8.335	+8.595	+2.619	+7.327	+1.174	+1.171	+0.170	+0.238	+0.203	+0.203	+0.238	+0.241	+1.267	+1.268	+0.231	+0.239	+0.239	+0.243	+0.245	+0.258	+0.267	+10.459	+10.529	+0.246	+10.445	+10.452	+10.457	+10.471	+0.149	+10.476	+10.479	+10.467	+0.256	+10.493	+0.138	+0.246	+10.509	+10.512	+10.522	+10.529	+10.530	+10.532	+10.537	+10.543	+10.543	+10.552	+10.552	+10.553	+10.555	+10.558	+10.563	+10.567	+10.567	+10.569	+10.570	+10.571	+10.575	+10.577	+10.776	+10.588	+10.591	+10.518	+10.593	+10.594	+10.597	+10.598	+10.653	+10.655	+10.536	+10.608	+10.366	+10.619	+10.623	+10.627	+10.628	+10.624	+10.724	+10.637	+10.078	+10.078	+10.644	+0.256	+10.647	+10.647	+10.659	+10.663	+10.665	+10.675	+10.675	+10.677	+10.680	+10.522	+10.690	+10.695	+10.696	+10.701	+10.704	+10.750	+10.754	+10.834	+9.516	+0.323	+9.564	+0.331	+11.094	+0.333	+9.532	+9.432	+9.428	+9.430	+9.434	+9.447	+9.463	+9.471	+9.390	+9.487	+9.387	+9.497	+9.499	+9.500	+9.499	+9.509	
rs360114       +1.165	+5.792	-0.215	-0.215	-0.213	+7.097	+0.113	+0.140	-0.005	+5.804	+7.006	+7.001	+7.011	+0.183	+0.170	+7.394	+0.197	+7.253	+7.284	+8.274	+8.407	+8.343	+8.373	+8.041	+8.425	+8.681	+2.434	+7.164	+0.931	+0.929	-0.018	+0.055	+0.013	+0.013	+0.055	+0.058	+1.025	+1.027	+0.047	+0.055	+0.056	+0.061	+0.062	+0.076	+0.086	+10.441	+10.512	+0.062	+10.431	+10.439	+10.443	+10.457	-0.044	+10.462	+10.465	+10.453	+0.073	+10.480	-0.056	+0.062	+10.495	+10.499	+10.509	+10.516	+10.517	+10.519	+10.524	+10.530	+10.530	+10.539	+10.540	+10.540	+10.543	+10.546	+10.550	+10.554	+10.554	+10.556	+10.557	+10.558	+10.562	+10.565	+10.773	+10.575	+10.579	+10.504	+10.580	+10.582	+10.584	+10.586	+10.641	+10.644	+10.527	+10.595	+10.349	+10.607	+10.611	+10.615	+10.616	+10.611	+10.704	+10.624	+10.053	+10.054	+10.632	+0.072	+10.635	+10.635	+10.648	+10.652	+10.653	+10.663	+10.663	+10.665	+10.669	+10.522	+10.678	+10.684	+10.684	+10.690	+10.693	+10.738	+10.743	+10.823	+9.474	+0.143	+9.521	+0.151	+11.079	+0.153	+9.480	+9.378	+9.375	+9.376	+9.380	+9.394	+9.409	+9.417	+9.335	+9.434	+9.328	+9.444	+9.446	+9.447	+9.446	+9.456	
rs12647629     +6.271	+6.681	+5.785	+5.787	+5.784	+7.990	+5.760	+5.760	+5.804	+6.651	+7.879	+7.870	+7.888	+5.760	+5.761	+8.502	+5.766	+8.101	+7.836	+8.781	+9.164	+8.844	+8.874	+8.477	+9.019	+9.224	+7.276	+10.190	+6.211	+6.210	+6.024	+6.097	+5.977	+5.978	+6.096	+6.100	+6.287	+6.290	+6.090	+6.096	+6.097	+6.101	+6.103	+6.115	+6.124	+12.673	+12.730	+6.106	+12.651	+12.657	+12.662	+12.674	+6.003	+12.678	+12.681	+12.671	+6.116	+12.693	+5.986	+6.097	+12.706	+12.709	+12.718	+12.724	+12.725	+12.726	+12.731	+12.735	+12.736	+12.743	+12.744	+12.745	+12.746	+12.749	+12.753	+12.756	+12.756	+12.758	+12.759	+12.760	+12.763	+12.765	+12.940	+12.774	+12.777	+12.718	+12.778	+12.780	+12.782	+12.783	+12.834	+12.836	+12.762	+12.791	+12.594	+12.801	+12.805	+12.808	+12.809	+12.805	+13.042	+12.816	+12.539	+12.539	+12.823	+6.106	+12.826	+12.826	+12.837	+12.840	+12.842	+12.850	+12.850	+12.852	+12.855	+12.666	+12.863	+12.868	+12.868	+12.873	+12.876	+12.915	+12.919	+12.989	+12.068	+6.166	+12.110	+6.173	+13.165	+6.174	+12.116	+12.033	+12.030	+12.031	+12.035	+12.047	+12.061	+12.069	+11.992	+12.085	+12.010	+12.095	+12.096	+12.097	+12.097	+12.105	
rs12507771     +7.542	+7.719	+6.971	+6.975	+6.970	+7.924	+6.920	+6.919	+7.006	+7.879	+7.820	+7.876	+7.881	+6.916	+6.917	+8.129	+6.933	+8.006	+8.051	+8.841	+8.944	+8.898	+8.923	+8.812	+8.934	+9.165	+8.312	+10.878	+7.310	+7.309	+7.128	+7.197	+7.080	+7.080	+7.195	+7.199	+7.382	+7.384	+7.190	+7.196	+7.196	+7.200	+7.202	+7.213	+7.222	+13.219	+13.273	+7.205	+13.195	+13.202	+13.206	+13.218	+7.110	+13.222	+13.224	+13.214	+7.214	+13.236	+7.094	+7.197	+13.249	+13.252	+13.260	+13.266	+13.267	+13.268	+13.272	+13.277	+13.278	+13.285	+13.285	+13.286	+13.288	+13.290	+13.294	+13.297	+13.297	+13.299	+13.300	+13.301	+13.304	+13.306	+13.475	+13.314	+13.317	+13.261	+13.319	+13.320	+13.322	+13.323	+13.373	+13.375	+13.308	+13.331	+13.142	+13.341	+13.344	+13.348	+13.348	+13.345	+13.588	+13.355	+13.104	+13.105	+13.362	+7.205	+13.365	+13.365	+13.375	+13.378	+13.380	+13.388	+13.388	+13.390	+13.393	+13.200	+13.401	+13.405	+13.406	+13.410	+13.413	+13.451	+13.455	+13.523	+12.652	+7.261	+12.692	+7.267	+13.686	+7.269	+12.704	+12.624	+12.622	+12.623	+12.627	+12.638	+12.652	+12.660	+12.584	+12.675	+12.605	+12.685	+12.687	+12.687	+12.687	+12.695	
rs12503820     +7.536	+7.713	+6.967	+6.970	+6.965	+7.922	+6.916	+6.914	+7.001	+7.870	+7.876	+7.815	+7.879	+6.911	+6.913	+8.129	+6.929	+8.004	+8.049	+8.840	+8.944	+8.897	+8.922	+8.809	+8.934	+9.165	+8.308	+10.874	+7.306	+7.305	+7.124	+7.192	+7.076	+7.076	+7.191	+7.195	+7.378	+7.380	+7.186	+7.191	+7.192	+7.196	+7.197	+7.209	+7.218	+13.216	+13.270	+7.200	+13.192	+13.198	+13.202	+13.214	+7.106	+13.218	+13.221	+13.211	+7.210	+13.233	+7.090	+7.192	+13.246	+13.249	+13.257	+13.262	+13.264	+13.265	+13.269	+13.274	+13.274	+13.281	+13.282	+13.283	+13.284	+13.287	+13.290	+13.294	+13.294	+13.296	+13.296	+13.297	+13.301	+13.303	+13.472	+13.311	+13.314	+13.258	+13.315	+13.317	+13.319	+13.320	+13.369	+13.371	+13.304	+13.328	+13.139	+13.338	+13.341	+13.344	+13.345	+13.341	+13.585	+13.352	+13.101	+13.101	+13.358	+7.201	+13.362	+13.362	+13.372	+13.375	+13.377	+13.385	+13.385	+13.387	+13.390	+13.197	+13.398	+13.402	+13.403	+13.407	+13.410	+13.448	+13.452	+13.520	+12.648	+7.256	+12.688	+7.263	+13.683	+7.264	+12.700	+12.621	+12.618	+12.620	+12.623	+12.635	+12.649	+12.657	+12.581	+12.672	+12.602	+12.681	+12.683	+12.684	+12.683	+12.692	
rs67617934     +7.547	+7.726	+6.976	+6.980	+6.975	+7.926	+6.925	+6.924	+7.011	+7.888	+7.881	+7.879	+7.825	+6.921	+6.923	+8.130	+6.939	+8.008	+8.053	+8.842	+8.944	+8.899	+8.924	+8.813	+8.935	+9.166	+8.316	+10.881	+7.315	+7.314	+7.133	+7.201	+7.085	+7.085	+7.200	+7.204	+7.386	+7.389	+7.195	+7.201	+7.201	+7.205	+7.207	+7.218	+7.227	+13.222	+13.276	+7.210	+13.197	+13.204	+13.208	+13.220	+7.115	+13.224	+13.227	+13.217	+7.219	+13.239	+7.099	+7.201	+13.251	+13.254	+13.262	+13.268	+13.269	+13.270	+13.275	+13.279	+13.280	+13.287	+13.288	+13.288	+13.290	+13.293	+13.296	+13.299	+13.300	+13.301	+13.302	+13.303	+13.306	+13.308	+13.478	+13.317	+13.320	+13.264	+13.321	+13.322	+13.325	+13.326	+13.375	+13.377	+13.310	+13.334	+13.145	+13.343	+13.346	+13.350	+13.351	+13.347	+13.591	+13.358	+13.107	+13.107	+13.364	+7.210	+13.367	+13.367	+13.377	+13.381	+13.383	+13.390	+13.391	+13.392	+13.395	+13.203	+13.403	+13.408	+13.408	+13.413	+13.415	+13.454	+13.458	+13.525	+12.654	+7.265	+12.694	+7.272	+13.688	+7.273	+12.706	+12.627	+12.624	+12.626	+12.629	+12.641	+12.655	+12.663	+12.587	+12.678	+12.608	+12.687	+12.689	+12.690	+12.689	+12.698	
rs360116       +1.365	+5.748	+1.018	+1.033	+1.215	+7.006	+0.184	+0.179	+0.183	+5.760	+6.916	+6.911	+6.921	+0.286	+0.185	+7.289	+0.124	+7.154	+7.250	+8.244	+8.312	+8.312	+8.342	+7.988	+8.332	+8.592	+2.641	+7.345	+1.202	+1.199	+0.193	+0.260	+0.227	+0.227	+0.261	+0.263	+1.294	+1.295	+0.254	+0.261	+0.262	+0.266	+0.268	+0.280	+0.290	+10.464	+10.533	+0.268	+10.449	+10.457	+10.461	+10.475	+0.172	+10.480	+10.483	+10.471	+0.279	+10.498	+0.161	+0.269	+10.513	+10.516	+10.526	+10.533	+10.535	+10.536	+10.541	+10.547	+10.548	+10.556	+10.557	+10.558	+10.560	+10.563	+10.567	+10.571	+10.571	+10.573	+10.574	+10.575	+10.579	+10.582	+10.780	+10.592	+10.595	+10.522	+10.597	+10.598	+10.601	+10.603	+10.657	+10.659	+10.540	+10.612	+10.370	+10.624	+10.627	+10.632	+10.632	+10.628	+10.729	+10.641	+10.083	+10.084	+10.648	+0.279	+10.652	+10.652	+10.664	+10.668	+10.670	+10.679	+10.679	+10.681	+10.685	+10.525	+10.694	+10.699	+10.700	+10.706	+10.709	+10.754	+10.758	+10.838	+9.523	+0.345	+9.571	+0.353	+11.098	+0.355	+9.539	+9.440	+9.436	+9.438	+9.442	+9.455	+9.470	+9.479	+9.398	+9.495	+9.395	+9.505	+9.507	+9.508	+9.507	+9.517	
rs360117       +1.364	+5.748	+0.728	+0.739	+0.850	+7.007	+0.163	+0.177	+0.170	+5.761	+6.917	+6.913	+6.923	+0.185	+0.273	+7.291	+0.118	+7.155	+7.247	+8.241	+8.314	+8.309	+8.339	+7.983	+8.333	+8.594	+2.632	+7.336	+1.189	+1.186	+0.183	+0.251	+0.215	+0.216	+0.251	+0.253	+1.281	+1.283	+0.244	+0.251	+0.252	+0.256	+0.258	+0.270	+0.280	+10.462	+10.532	+0.258	+10.448	+10.455	+10.460	+10.474	+0.162	+10.479	+10.482	+10.470	+0.269	+10.496	+0.152	+0.259	+10.512	+10.515	+10.525	+10.532	+10.533	+10.535	+10.540	+10.546	+10.546	+10.555	+10.555	+10.556	+10.558	+10.561	+10.565	+10.569	+10.570	+10.572	+10.573	+10.574	+10.578	+10.580	+10.779	+10.591	+10.594	+10.521	+10.596	+10.597	+10.600	+10.601	+10.656	+10.658	+10.538	+10.611	+10.369	+10.622	+10.626	+10.630	+10.631	+10.626	+10.727	+10.639	+10.081	+10.082	+10.647	+0.269	+10.650	+10.650	+10.662	+10.666	+10.668	+10.678	+10.678	+10.680	+10.683	+10.524	+10.693	+10.698	+10.699	+10.704	+10.707	+10.752	+10.757	+10.836	+9.521	+0.336	+9.568	+0.344	+11.097	+0.345	+9.536	+9.437	+9.433	+9.435	+9.439	+9.452	+9.467	+9.476	+9.395	+9.492	+9.392	+9.502	+9.504	+9.505	+9.504	+9.514	
rs11132566     +7.947	+8.219	+7.354	+7.359	+7.353	+8.134	+7.294	+7.293	+7.394	+8.502	+8.129	+8.129	+8.130	+7.289	+7.291	+8.191	+7.312	+8.184	+8.216	+8.925	+8.975	+8.978	+9.001	+8.948	+8.988	+9.215	+8.627	+11.133	+7.654	+7.653	+7.485	+7.553	+7.436	+7.437	+7.551	+7.555	+7.721	+7.724	+7.546	+7.552	+7.553	+7.556	+7.558	+7.569	+7.578	+13.435	+13.489	+7.561	+13.411	+13.417	+13.421	+13.433	+7.468	+13.437	+13.440	+13.430	+7.570	+13.452	+7.452	+7.552	+13.464	+13.467	+13.475	+13.481	+13.482	+13.483	+13.487	+13.492	+13.492	+13.499	+13.500	+13.501	+13.502	+13.505	+13.508	+13.512	+13.512	+13.514	+13.514	+13.515	+13.519	+13.520	+13.689	+13.529	+13.532	+13.476	+13.533	+13.534	+13.537	+13.538	+13.587	+13.589	+13.524	+13.546	+13.359	+13.555	+13.558	+13.562	+13.562	+13.559	+13.807	+13.570	+13.330	+13.330	+13.576	+7.561	+13.579	+13.579	+13.589	+13.592	+13.594	+13.602	+13.602	+13.604	+13.607	+13.413	+13.615	+13.619	+13.620	+13.624	+13.627	+13.665	+13.669	+13.736	+12.879	+7.616	+12.919	+7.622	+13.895	+7.624	+12.932	+12.853	+12.851	+12.852	+12.856	+12.868	+12.881	+12.889	+12.814	+12.904	+12.836	+12.914	+12.916	+12.916	+12.916	+12.924	
rs423865       +1.326	+5.754	+0.141	+0.143	+0.153	+7.024	+0.097	+0.106	+0.197	+5.766	+6.933	+6.929	+6.939	+0.124	+0.118	+7.312	+0.224	+7.175	+7.229	+8.226	+8.333	+8.294	+8.324	+7.961	+8.354	+8.613	+2.585	+7.287	+1.138	+1.135	+0.149	+0.218	+0.182	+0.182	+0.218	+0.220	+1.230	+1.232	+0.210	+0.218	+0.219	+0.223	+0.225	+0.237	+0.247	+10.449	+10.519	+0.225	+10.436	+10.444	+10.448	+10.462	+0.126	+10.467	+10.470	+10.458	+0.236	+10.485	+0.116	+0.226	+10.500	+10.504	+10.513	+10.520	+10.522	+10.523	+10.529	+10.534	+10.535	+10.543	+10.544	+10.545	+10.547	+10.550	+10.554	+10.558	+10.559	+10.560	+10.561	+10.563	+10.567	+10.569	+10.770	+10.579	+10.583	+10.509	+10.584	+10.586	+10.589	+10.590	+10.645	+10.647	+10.528	+10.599	+10.356	+10.611	+10.615	+10.619	+10.620	+10.615	+10.714	+10.628	+10.066	+10.067	+10.636	+0.236	+10.639	+10.639	+10.651	+10.655	+10.657	+10.667	+10.667	+10.669	+10.672	+10.517	+10.682	+10.687	+10.688	+10.693	+10.696	+10.742	+10.746	+10.826	+9.501	+0.303	+9.548	+0.311	+11.085	+0.313	+9.514	+9.414	+9.410	+9.412	+9.416	+9.430	+9.445	+9.453	+9.371	+9.469	+9.367	+9.480	+9.482	+9.482	+9.481	+9.491	
rs72642049     +7.767	+7.940	+7.215	+7.219	+7.213	+8.034	+7.158	+7.157	+7.253	+8.101	+8.006	+8.004	+8.008	+7.154	+7.155	+8.184	+7.175	+8.058	+8.153	+8.893	+8.960	+8.947	+8.971	+8.898	+8.967	+9.195	+8.497	+11.043	+7.525	+7.524	+7.357	+7.425	+7.308	+7.309	+7.423	+7.428	+7.591	+7.596	+7.418	+7.424	+7.425	+7.428	+7.430	+7.441	+7.450	+13.350	+13.404	+7.433	+13.325	+13.332	+13.336	+13.348	+7.339	+13.352	+13.354	+13.344	+7.442	+13.366	+7.323	+7.424	+13.379	+13.381	+13.389	+13.395	+13.396	+13.397	+13.402	+13.406	+13.407	+13.414	+13.414	+13.415	+13.417	+13.419	+13.423	+13.426	+13.426	+13.428	+13.429	+13.430	+13.433	+13.435	+13.603	+13.443	+13.446	+13.390	+13.447	+13.449	+13.451	+13.452	+13.501	+13.503	+13.437	+13.460	+13.272	+13.469	+13.472	+13.476	+13.477	+13.473	+13.720	+13.484	+13.241	+13.242	+13.490	+7.433	+13.493	+13.493	+13.503	+13.507	+13.508	+13.516	+13.516	+13.518	+13.521	+13.327	+13.529	+13.533	+13.534	+13.538	+13.541	+13.579	+13.583	+13.650	+12.770	+7.488	+12.809	+7.495	+13.810	+7.496	+12.821	+12.742	+12.740	+12.741	+12.745	+12.756	+12.770	+12.778	+12.702	+12.793	+12.724	+12.802	+12.804	+12.805	+12.804	+12.812	
rs12643939     +7.808	+7.817	+7.333	+7.338	+7.331	+8.093	+7.257	+7.249	+7.284	+7.836	+8.051	+8.049	+8.053	+7.250	+7.247	+8.216	+7.229	+8.153	+8.127	+8.888	+8.968	+8.945	+8.972	+8.800	+9.004	+9.234	+8.675	+11.255	+7.635	+7.634	+7.407	+7.468	+7.361	+7.361	+7.468	+7.471	+7.709	+7.710	+7.464	+7.469	+7.470	+7.473	+7.475	+7.486	+7.494	+13.578	+13.634	+7.478	+13.553	+13.560	+13.564	+13.576	+7.393	+13.580	+13.583	+13.573	+7.487	+13.594	+7.377	+7.471	+13.607	+13.610	+13.618	+13.624	+13.625	+13.626	+13.630	+13.635	+13.636	+13.643	+13.643	+13.644	+13.646	+13.648	+13.652	+13.655	+13.655	+13.657	+13.658	+13.658	+13.662	+13.664	+13.834	+13.672	+13.675	+13.619	+13.676	+13.678	+13.680	+13.681	+13.731	+13.732	+13.665	+13.689	+13.501	+13.699	+13.702	+13.705	+13.706	+13.702	+13.951	+13.713	+13.466	+13.467	+13.719	+7.478	+13.722	+13.723	+13.733	+13.736	+13.738	+13.745	+13.746	+13.747	+13.750	+13.553	+13.758	+13.763	+13.763	+13.768	+13.770	+13.808	+13.812	+13.880	+13.022	+7.531	+13.062	+7.538	+14.038	+7.539	+13.073	+12.993	+12.991	+12.992	+12.996	+13.007	+13.021	+13.029	+12.952	+13.044	+12.975	+13.053	+13.055	+13.056	+13.055	+13.064	
rs66763300     +8.831	+8.756	+8.318	+8.323	+8.317	+8.864	+8.250	+8.243	+8.274	+8.781	+8.841	+8.840	+8.842	+8.244	+8.241	+8.925	+8.226	+8.893	+8.888	+9.142	+9.251	+9.235	+9.251	+9.170	+9.285	+9.476	+9.676	+12.177	+8.632	+8.631	+8.371	+8.428	+8.325	+8.326	+8.428	+8.430	+8.705	+8.707	+8.424	+8.429	+8.429	+8.432	+8.434	+8.443	+8.451	+14.426	+14.486	+8.437	+14.404	+14.411	+14.415	+14.426	+8.362	+14.430	+14.433	+14.423	+8.445	+14.444	+8.348	+8.430	+14.457	+14.460	+14.468	+14.473	+14.474	+14.476	+14.480	+14.484	+14.485	+14.492	+14.492	+14.493	+14.495	+14.497	+14.501	+14.504	+14.504	+14.506	+14.507	+14.508	+14.511	+14.513	+14.678	+14.521	+14.524	+14.470	+14.525	+14.526	+14.529	+14.530	+14.579	+14.581	+14.516	+14.537	+14.354	+14.547	+14.550	+14.554	+14.554	+14.551	+14.811	+14.561	+14.338	+14.339	+14.567	+8.437	+14.570	+14.571	+14.580	+14.584	+14.585	+14.593	+14.593	+14.595	+14.598	+14.399	+14.606	+14.610	+14.611	+14.615	+14.618	+14.655	+14.659	+14.726	+13.902	+8.485	+13.942	+8.491	+14.874	+8.492	+13.955	+13.876	+13.874	+13.875	+13.879	+13.890	+13.904	+13.912	+13.835	+13.927	+13.860	+13.936	+13.938	+13.939	+13.938	+13.946	
rs66716921     +8.981	+9.050	+8.368	+8.372	+8.367	+8.940	+8.316	+8.315	+8.407	+9.164	+8.944	+8.944	+8.944	+8.312	+8.314	+8.975	+8.333	+8.960	+8.968	+9.251	+9.234	+9.286	+9.301	+9.327	+9.288	+9.451	+9.651	+12.067	+8.676	+8.675	+8.473	+8.535	+8.423	+8.424	+8.533	+8.537	+8.742	+8.745	+8.529	+8.534	+8.535	+8.538	+8.539	+8.550	+8.558	+14.292	+14.350	+8.543	+14.270	+14.276	+14.280	+14.292	+8.461	+14.296	+14.298	+14.289	+8.551	+14.310	+8.446	+8.534	+14.322	+14.325	+14.333	+14.339	+14.340	+14.341	+14.345	+14.350	+14.350	+14.357	+14.358	+14.358	+14.360	+14.362	+14.366	+14.369	+14.369	+14.371	+14.372	+14.373	+14.376	+14.378	+14.541	+14.386	+14.389	+14.335	+14.390	+14.391	+14.394	+14.395	+14.443	+14.445	+14.384	+14.402	+14.221	+14.412	+14.415	+14.418	+14.419	+14.416	+14.675	+14.426	+14.212	+14.213	+14.432	+8.542	+14.435	+14.435	+14.445	+14.448	+14.450	+14.458	+14.458	+14.460	+14.463	+14.266	+14.470	+14.475	+14.475	+14.480	+14.482	+14.519	+14.523	+14.589	+13.769	+8.593	+13.808	+8.599	+14.738	+8.600	+13.824	+13.747	+13.744	+13.745	+13.749	+13.761	+13.774	+13.782	+13.706	+13.797	+13.730	+13.806	+13.808	+13.809	+13.808	+13.816	
rs1434024      +8.893	+8.818	+8.388	+8.393	+8.386	+8.920	+8.318	+8.311	+8.343	+8.844	+8.898	+8.897	+8.899	+8.312	+8.309	+8.978	+8.294	+8.947	+8.945	+9.235	+9.286	+9.209	+9.285	+9.202	+9.314	+9.501	+9.737	+12.222	+8.694	+8.693	+8.434	+8.490	+8.388	+8.388	+8.490	+8.492	+8.766	+8.768	+8.486	+8.491	+8.491	+8.495	+8.496	+8.506	+8.513	+14.472	+14.531	+8.499	+14.449	+14.456	+14.460	+14.472	+8.425	+14.476	+14.478	+14.469	+8.508	+14.490	+8.411	+8.492	+14.502	+14.505	+14.513	+14.519	+14.520	+14.521	+14.525	+14.530	+14.530	+14.537	+14.538	+14.538	+14.540	+14.542	+14.546	+14.549	+14.549	+14.551	+14.552	+14.553	+14.556	+14.558	+14.723	+14.566	+14.569	+14.515	+14.570	+14.571	+14.574	+14.575	+14.624	+14.626	+14.562	+14.583	+14.400	+14.592	+14.595	+14.599	+14.599	+14.596	+14.856	+14.606	+14.384	+14.385	+14.612	+8.499	+14.615	+14.616	+14.625	+14.629	+14.630	+14.638	+14.638	+14.640	+14.643	+14.443	+14.651	+14.655	+14.656	+14.660	+14.663	+14.700	+14.704	+14.770	+13.948	+8.547	+13.988	+8.553	+14.918	+8.554	+14.001	+13.923	+13.920	+13.922	+13.925	+13.937	+13.950	+13.958	+13.881	+13.973	+13.906	+13.983	+13.984	+13.985	+13.985	+13.993	
rs67852655     +8.924	+8.847	+8.418	+8.423	+8.417	+8.945	+8.348	+8.341	+8.373	+8.874	+8.923	+8.922	+8.924	+8.342	+8.339	+9.001	+8.324	+8.971	+8.972	+9.251	+9.301	+9.285	+9.239	+9.218	+9.328	+9.513	+9.763	+12.243	+8.722	+8.721	+8.463	+8.518	+8.417	+8.417	+8.518	+8.521	+8.794	+8.795	+8.515	+8.520	+8.520	+8.523	+8.525	+8.534	+8.542	+14.491	+14.550	+8.528	+14.468	+14.474	+14.478	+14.490	+8.454	+14.494	+14.497	+14.487	+8.536	+14.508	+8.440	+8.520	+14.521	+14.524	+14.531	+14.537	+14.538	+14.539	+14.544	+14.548	+14.549	+14.556	+14.556	+14.557	+14.559	+14.561	+14.564	+14.568	+14.568	+14.569	+14.570	+14.571	+14.574	+14.576	+14.741	+14.585	+14.588	+14.533	+14.589	+14.590	+14.592	+14.594	+14.642	+14.644	+14.580	+14.601	+14.418	+14.611	+14.614	+14.617	+14.618	+14.614	+14.875	+14.625	+14.403	+14.404	+14.631	+8.527	+14.634	+14.634	+14.644	+14.647	+14.649	+14.657	+14.657	+14.659	+14.662	+14.462	+14.669	+14.674	+14.674	+14.679	+14.681	+14.719	+14.723	+14.789	+13.968	+8.576	+14.007	+8.581	+14.936	+8.582	+14.021	+13.942	+13.940	+13.941	+13.945	+13.956	+13.970	+13.978	+13.901	+13.993	+13.926	+14.002	+14.004	+14.005	+14.004	+14.012	
rs13103616     +8.317	+8.494	+8.103	+8.109	+8.101	+8.857	+7.997	+7.986	+8.041	+8.477	+8.812	+8.809	+8.813	+7.988	+7.983	+8.948	+7.961	+8.898	+8.800	+9.170	+9.327	+9.202	+9.218	+8.817	+9.350	+9.556	+9.603	+11.314	+8.427	+8.425	+8.032	+8.082	+7.990	+7.990	+8.083	+8.084	+8.516	+8.515	+8.079	+8.084	+8.084	+8.087	+8.088	+8.097	+8.104	+13.479	+13.533	+8.092	+13.456	+13.462	+13.466	+13.478	+8.032	+13.482	+13.485	+13.476	+8.100	+13.496	+8.019	+8.085	+13.509	+13.512	+13.519	+13.525	+13.526	+13.527	+13.532	+13.536	+13.537	+13.543	+13.544	+13.545	+13.546	+13.549	+13.552	+13.555	+13.556	+13.557	+13.558	+13.559	+13.562	+13.564	+13.726	+13.572	+13.575	+13.520	+13.577	+13.578	+13.580	+13.581	+13.627	+13.628	+13.569	+13.589	+13.410	+13.598	+13.601	+13.605	+13.605	+13.602	+13.803	+13.612	+13.332	+13.333	+13.618	+8.092	+13.621	+13.622	+13.631	+13.634	+13.636	+13.644	+13.644	+13.646	+13.648	+13.452	+13.656	+13.660	+13.661	+13.665	+13.668	+13.704	+13.708	+13.773	+12.928	+8.136	+12.966	+8.142	+13.925	+8.143	+12.983	+12.907	+12.905	+12.906	+12.910	+12.921	+12.935	+12.942	+12.881	+12.957	+12.894	+12.967	+12.968	+12.969	+12.969	+12.977	
rs9992330      +8.936	+8.956	+8.389	+8.393	+8.388	+8.943	+8.336	+8.335	+8.425	+9.019	+8.934	+8.934	+8.935	+8.332	+8.333	+8.988	+8.354	+8.967	+9.004	+9.285	+9.288	+9.314	+9.328	+9.350	+9.256	+9.454	+9.657	+12.028	+8.686	+8.685	+8.487	+8.547	+8.437	+8.438	+8.545	+8.549	+8.752	+8.752	+8.541	+8.546	+8.547	+8.550	+8.552	+8.562	+8.569	+14.259	+14.315	+8.555	+14.235	+14.242	+14.246	+14.257	+8.475	+14.261	+14.264	+14.255	+8.563	+14.275	+8.460	+8.546	+14.288	+14.291	+14.298	+14.304	+14.305	+14.306	+14.311	+14.315	+14.316	+14.322	+14.323	+14.324	+14.325	+14.328	+14.331	+14.334	+14.335	+14.336	+14.337	+14.338	+14.341	+14.343	+14.505	+14.351	+14.354	+14.300	+14.355	+14.356	+14.359	+14.360	+14.408	+14.410	+14.349	+14.368	+14.186	+14.377	+14.380	+14.383	+14.384	+14.381	+14.639	+14.391	+14.177	+14.178	+14.397	+8.554	+14.400	+14.400	+14.410	+14.413	+14.415	+14.423	+14.423	+14.425	+14.428	+14.231	+14.435	+14.440	+14.440	+14.445	+14.447	+14.484	+14.488	+14.554	+13.734	+8.604	+13.773	+8.610	+14.702	+8.611	+13.789	+13.712	+13.710	+13.711	+13.715	+13.726	+13.739	+13.747	+13.671	+13.762	+13.696	+13.772	+13.773	+13.774	+13.773	+13.781	
rs7659814      +9.211	+9.198	+8.647	+8.650	+8.645	+9.175	+8.596	+8.595	+8.681	+9.224	+9.165	+9.165	+9.166	+8.592	+8.594	+9.215	+8.613	+9.195	+9.234	+9.476	+9.451	+9.501	+9.513	+9.556	+9.454	+9.524	+9.833	+12.196	+8.934	+8.933	+8.741	+8.799	+8.691	+8.691	+8.798	+8.802	+8.997	+8.997	+8.794	+8.799	+8.800	+8.803	+8.804	+8.814	+8.822	+14.407	+14.463	+8.807	+14.384	+14.390	+14.394	+14.406	+8.730	+14.410	+14.412	+14.403	+8.815	+14.424	+8.716	+8.799	+14.436	+14.439	+14.446	+14.452	+14.453	+14.454	+14.458	+14.463	+14.463	+14.470	+14.471	+14.471	+14.473	+14.475	+14.479	+14.482	+14.482	+14.484	+14.485	+14.486	+14.489	+14.491	+14.653	+14.499	+14.502	+14.448	+14.503	+14.504	+14.506	+14.508	+14.556	+14.558	+14.497	+14.515	+14.335	+14.524	+14.527	+14.531	+14.531	+14.528	+14.787	+14.538	+14.334	+14.334	+14.544	+8.806	+14.547	+14.548	+14.557	+14.561	+14.562	+14.570	+14.570	+14.572	+14.575	+14.375	+14.582	+14.587	+14.587	+14.592	+14.594	+14.631	+14.635	+14.700	+13.889	+8.855	+13.928	+8.861	+14.846	+8.862	+13.945	+13.868	+13.866	+13.867	+13.871	+13.882	+13.896	+13.903	+13.827	+13.918	+13.853	+13.927	+13.929	+13.930	+13.930	+13.937	
rs2126307      +3.594	+7.248	+2.388	+2.386	+2.389	+8.393	+2.616	+2.619	+2.434	+7.276	+8.312	+8.308	+8.316	+2.641	+2.632	+8.627	+2.585	+8.497	+8.675	+9.676	+9.651	+9.737	+9.763	+9.603	+9.657	+9.833	+3.036	+7.864	+2.597	+2.597	+2.500	+2.561	+2.758	+2.758	+2.562	+2.564	+2.630	+2.631	+2.556	+2.562	+2.563	+2.567	+2.568	+2.579	+2.587	+10.820	+10.888	+2.568	+10.806	+10.813	+10.817	+10.831	+2.514	+10.835	+10.838	+10.827	+2.577	+10.852	+2.526	+2.589	+10.867	+10.870	+10.879	+10.886	+10.887	+10.888	+10.894	+10.899	+10.900	+10.908	+10.908	+10.909	+10.911	+10.914	+10.918	+10.922	+10.922	+10.924	+10.925	+10.926	+10.930	+10.932	+11.129	+10.942	+10.945	+10.875	+10.947	+10.948	+10.951	+10.952	+11.008	+11.010	+10.905	+10.961	+10.730	+10.972	+10.976	+10.980	+10.981	+10.976	+11.126	+10.989	+10.516	+10.517	+10.996	+2.598	+10.999	+10.999	+11.011	+11.015	+11.017	+11.025	+11.026	+11.028	+11.031	+10.869	+11.040	+11.045	+11.046	+11.051	+11.054	+11.097	+11.102	+11.178	+9.878	+2.657	+9.923	+2.664	+11.456	+2.665	+9.896	+9.801	+9.798	+9.799	+9.803	+9.816	+9.830	+9.838	+9.756	+9.854	+9.756	+9.864	+9.865	+9.866	+9.865	+9.875	
rs1350865      +8.201	+10.187	+7.166	+7.164	+7.168	+10.942	+7.324	+7.327	+7.164	+10.190	+10.878	+10.874	+10.881	+7.345	+7.336	+11.133	+7.287	+11.043	+11.255	+12.177	+12.067	+12.222	+12.243	+11.314	+12.028	+12.196	+7.864	+7.931	+8.061	+8.063	+7.079	+7.076	+7.087	+7.087	+7.075	+7.075	+7.767	+7.770	+7.075	+7.075	+7.075	+7.075	+7.075	+7.076	+7.076	+11.117	+11.217	+7.074	+11.143	+11.150	+11.154	+11.166	+7.083	+11.170	+11.172	+11.163	+7.075	+11.184	+7.080	+7.074	+11.197	+11.200	+11.208	+11.214	+11.215	+11.216	+11.221	+11.225	+11.226	+11.233	+11.233	+11.234	+11.236	+11.238	+11.242	+11.245	+11.246	+11.247	+11.248	+11.249	+11.252	+11.254	+11.426	+11.263	+11.266	+11.205	+11.267	+11.268	+11.271	+11.272	+11.318	+11.320	+11.251	+11.280	+11.087	+11.290	+11.293	+11.296	+11.297	+11.294	+11.415	+11.304	+10.938	+10.939	+11.310	+7.076	+11.314	+11.314	+11.324	+11.327	+11.329	+11.337	+11.337	+11.338	+11.341	+11.269	+11.349	+11.354	+11.354	+11.359	+11.362	+11.400	+11.404	+11.471	+10.557	+7.084	+10.595	+7.086	+11.659	+7.086	+10.605	+10.530	+10.528	+10.529	+10.533	+10.544	+10.557	+10.564	+10.511	+10.578	+10.513	+10.588	+10.589	+10.590	+10.589	+10.597	
rs7665861      +2.049	+6.199	+0.850	+0.848	+0.852	+7.397	+1.169	+1.174	+0.931	+6.211	+7.310	+7.306	+7.315	+1.202	+1.189	+7.654	+1.138	+7.525	+7.635	+8.632	+8.676	+8.694	+8.722	+8.427	+8.686	+8.934	+2.597	+8.061	+1.128	+1.125	+0.906	+0.977	+0.882	+0.883	+0.977	+0.980	+1.143	+1.146	+0.970	+0.977	+0.978	+0.982	+0.984	+0.997	+1.007	+10.745	+10.840	+0.983	+10.757	+10.764	+10.769	+10.782	+0.897	+10.787	+10.790	+10.779	+0.994	+10.804	+0.903	+0.999	+10.819	+10.823	+10.832	+10.839	+10.841	+10.842	+10.847	+10.853	+10.853	+10.862	+10.862	+10.863	+10.865	+10.868	+10.872	+10.876	+10.877	+10.879	+10.879	+10.881	+10.885	+10.887	+11.088	+10.897	+10.900	+10.827	+10.902	+10.903	+10.906	+10.908	+10.965	+10.967	+10.857	+10.917	+10.679	+10.928	+10.932	+10.936	+10.937	+10.932	+11.079	+10.945	+10.463	+10.464	+10.952	+1.009	+10.956	+10.956	+10.968	+10.971	+10.973	+10.982	+10.983	+10.985	+10.988	+10.827	+10.997	+11.003	+11.003	+11.009	+11.012	+11.056	+11.061	+11.139	+9.816	+1.079	+9.863	+1.087	+11.384	+1.088	+9.829	+9.731	+9.727	+9.728	+9.733	+9.746	+9.760	+9.769	+9.685	+9.785	+9.682	+9.794	+9.796	+9.797	+9.796	+9.806	
rs10866312     +2.047	+6.198	+0.847	+0.846	+0.850	+7.396	+1.166	+1.171	+0.929	+6.210	+7.309	+7.305	+7.314	+1.199	+1.186	+7.653	+1.135	+7.524	+7.634	+8.631	+8.675	+8.693	+8.721	+8.425	+8.685	+8.933	+2.597	+8.063	+1.125	+1.125	+0.903	+0.975	+0.880	+0.880	+0.975	+0.977	+1.142	+1.145	+0.967	+0.975	+0.976	+0.980	+0.982	+0.994	+1.004	+10.744	+10.839	+0.981	+10.756	+10.763	+10.768	+10.782	+0.895	+10.786	+10.789	+10.778	+0.991	+10.803	+0.900	+0.996	+10.818	+10.822	+10.831	+10.838	+10.840	+10.841	+10.846	+10.852	+10.852	+10.861	+10.861	+10.862	+10.864	+10.867	+10.871	+10.875	+10.876	+10.878	+10.878	+10.880	+10.884	+10.886	+11.087	+10.896	+10.899	+10.826	+10.901	+10.902	+10.905	+10.907	+10.964	+10.966	+10.856	+10.916	+10.678	+10.927	+10.931	+10.935	+10.936	+10.931	+11.078	+10.944	+10.462	+10.463	+10.951	+1.007	+10.955	+10.955	+10.967	+10.970	+10.972	+10.981	+10.982	+10.984	+10.987	+10.826	+10.997	+11.002	+11.002	+11.008	+11.011	+11.055	+11.060	+11.138	+9.815	+1.076	+9.861	+1.084	+11.383	+1.086	+9.828	+9.729	+9.726	+9.727	+9.731	+9.745	+9.759	+9.768	+9.684	+9.783	+9.680	+9.793	+9.795	+9.796	+9.795	+9.805	
rs4863066      +1.558	+6.017	-0.104	-0.104	-0.103	+7.215	+0.165	+0.170	-0.018	+6.024	+7.128	+7.124	+7.133	+0.193	+0.183	+7.485	+0.149	+7.357	+7.407	+8.371	+8.473	+8.434	+8.463	+8.032	+8.487	+8.741	+2.500	+7.079	+0.906	+0.903	+0.155	+0.090	-0.061	-0.061	+0.093	+0.092	+1.028	+1.029	+0.082	+0.091	+0.092	+0.097	+0.099	+0.115	+0.126	+10.480	+10.542	+0.085	+10.464	+10.471	+10.476	+10.490	-0.067	+10.495	+10.498	+10.486	+0.097	+10.513	-0.077	+0.071	+10.528	+10.532	+10.542	+10.549	+10.550	+10.552	+10.557	+10.563	+10.563	+10.572	+10.573	+10.574	+10.576	+10.579	+10.583	+10.587	+10.588	+10.589	+10.590	+10.592	+10.596	+10.598	+10.810	+10.608	+10.612	+10.537	+10.614	+10.615	+10.618	+10.619	+10.675	+10.677	+10.565	+10.629	+10.378	+10.641	+10.644	+10.649	+10.649	+10.645	+10.738	+10.658	+10.078	+10.079	+10.665	+0.081	+10.669	+10.669	+10.681	+10.685	+10.687	+10.697	+10.697	+10.699	+10.703	+10.545	+10.712	+10.718	+10.718	+10.724	+10.727	+10.773	+10.778	+10.858	+9.492	+0.165	+9.540	+0.176	+11.116	+0.178	+9.494	+9.392	+9.389	+9.390	+9.394	+9.408	+9.423	+9.431	+9.348	+9.448	+9.341	+9.458	+9.460	+9.461	+9.460	+9.470	
rs4863067      +1.649	+6.091	-0.029	-0.029	-0.028	+7.284	+0.233	+0.238	+0.055	+6.097	+7.197	+7.192	+7.201	+0.260	+0.251	+7.553	+0.218	+7.425	+7.468	+8.428	+8.535	+8.490	+8.518	+8.082	+8.547	+8.799	+2.561	+7.076	+0.977	+0.975	+0.090	+0.249	-0.002	-0.002	+0.157	+0.166	+1.054	+1.055	+0.151	+0.156	+0.156	+0.159	+0.160	+0.169	+0.177	+10.462	+10.528	+0.143	+10.448	+10.455	+10.460	+10.474	+0.008	+10.479	+10.482	+10.470	+0.150	+10.497	+0.000	+0.126	+10.512	+10.516	+10.526	+10.533	+10.534	+10.536	+10.541	+10.547	+10.547	+10.556	+10.557	+10.557	+10.560	+10.563	+10.567	+10.571	+10.571	+10.573	+10.574	+10.575	+10.579	+10.582	+10.790	+10.592	+10.596	+10.521	+10.597	+10.599	+10.602	+10.603	+10.658	+10.661	+10.546	+10.612	+10.365	+10.624	+10.628	+10.632	+10.633	+10.628	+10.723	+10.642	+10.068	+10.069	+10.649	+0.132	+10.653	+10.652	+10.665	+10.669	+10.671	+10.680	+10.680	+10.682	+10.686	+10.531	+10.696	+10.701	+10.701	+10.707	+10.710	+10.756	+10.761	+10.841	+9.489	+0.194	+9.537	+0.202	+11.099	+0.204	+9.496	+9.395	+9.391	+9.393	+9.397	+9.411	+9.426	+9.434	+9.351	+9.451	+9.345	+9.461	+9.463	+9.464	+9.462	+9.473	
rs1841631      +1.543	+5.973	-0.074	-0.075	-0.074	+7.168	+0.199	+0.203	+0.013	+5.977	+7.080	+7.076	+7.085	+0.227	+0.215	+7.436	+0.182	+7.308	+7.361	+8.325	+8.423	+8.388	+8.417	+7.990	+8.437	+8.691	+2.758	+7.087	+0.882	+0.880	-0.061	-0.002	+0.166	+0.076	-0.002	-0.001	+0.958	+0.960	-0.009	-0.002	-0.002	+0.002	+0.003	+0.013	+0.022	+10.491	+10.572	-0.001	+10.485	+10.492	+10.497	+10.511	-0.092	+10.516	+10.519	+10.507	+0.008	+10.533	-0.101	-0.006	+10.548	+10.552	+10.562	+10.569	+10.570	+10.571	+10.577	+10.582	+10.583	+10.591	+10.592	+10.593	+10.595	+10.598	+10.602	+10.606	+10.607	+10.609	+10.609	+10.611	+10.615	+10.617	+10.812	+10.627	+10.631	+10.557	+10.632	+10.634	+10.637	+10.638	+10.693	+10.695	+10.568	+10.647	+10.408	+10.659	+10.663	+10.667	+10.667	+10.663	+10.762	+10.676	+10.131	+10.132	+10.683	+0.003	+10.687	+10.687	+10.699	+10.703	+10.705	+10.714	+10.715	+10.716	+10.720	+10.577	+10.730	+10.735	+10.735	+10.741	+10.744	+10.789	+10.794	+10.873	+9.575	+0.062	+9.622	+0.070	+11.117	+0.071	+9.597	+9.498	+9.494	+9.496	+9.500	+9.513	+9.528	+9.537	+9.457	+9.553	+9.451	+9.563	+9.565	+9.566	+9.565	+9.575	
rs13132768     +1.543	+5.973	-0.074	-0.074	-0.073	+7.168	+0.199	+0.203	+0.013	+5.978	+7.080	+7.076	+7.085	+0.227	+0.216	+7.437	+0.182	+7.309	+7.361	+8.326	+8.424	+8.388	+8.417	+7.990	+8.438	+8.691	+2.758	+7.087	+0.883	+0.880	-0.061	-0.002	+0.076	+0.167	-0.002	-0.001	+0.959	+0.961	-0.009	-0.002	-0.002	+0.002	+0.003	+0.013	+0.022	+10.491	+10.572	-0.001	+10.485	+10.492	+10.497	+10.511	-0.092	+10.516	+10.519	+10.507	+0.008	+10.533	-0.101	-0.006	+10.549	+10.552	+10.562	+10.569	+10.570	+10.572	+10.577	+10.582	+10.583	+10.592	+10.592	+10.593	+10.595	+10.598	+10.602	+10.606	+10.607	+10.609	+10.610	+10.611	+10.615	+10.617	+10.812	+10.627	+10.631	+10.558	+10.632	+10.634	+10.637	+10.638	+10.693	+10.695	+10.568	+10.647	+10.409	+10.659	+10.663	+10.667	+10.668	+10.663	+10.762	+10.676	+10.131	+10.132	+10.684	+0.003	+10.687	+10.687	+10.699	+10.703	+10.705	+10.714	+10.715	+10.717	+10.720	+10.577	+10.730	+10.735	+10.735	+10.741	+10.744	+10.789	+10.794	+10.873	+9.575	+0.062	+9.622	+0.070	+11.117	+0.071	+9.597	+9.498	+9.494	+9.496	+9.500	+9.514	+9.529	+9.537	+9.457	+9.554	+9.451	+9.564	+9.566	+9.567	+9.566	+9.576	
rs67925757     +1.648	+6.089	-0.028	-0.029	-0.028	+7.282	+0.234	+0.238	+0.055	+6.096	+7.195	+7.191	+7.200	+0.261	+0.251	+7.551	+0.218	+7.423	+7.468	+8.428	+8.533	+8.490	+8.518	+8.083	+8.545	+8.798	+2.562	+7.075	+0.977	+0.975	+0.093	+0.157	-0.002	-0.002	+0.249	+0.159	+1.053	+1.055	+0.158	+0.163	+0.163	+0.166	+0.167	+0.176	+0.184	+10.462	+10.528	+0.148	+10.448	+10.455	+10.460	+10.474	+0.007	+10.479	+10.482	+10.470	+0.155	+10.497	-0.001	+0.129	+10.512	+10.516	+10.526	+10.533	+10.534	+10.536	+10.541	+10.547	+10.547	+10.556	+10.557	+10.557	+10.560	+10.563	+10.567	+10.571	+10.571	+10.573	+10.574	+10.575	+10.579	+10.582	+10.790	+10.592	+10.596	+10.521	+10.597	+10.599	+10.602	+10.603	+10.658	+10.661	+10.546	+10.612	+10.365	+10.624	+10.628	+10.632	+10.633	+10.628	+10.723	+10.642	+10.068	+10.069	+10.649	+0.135	+10.653	+10.652	+10.665	+10.669	+10.671	+10.680	+10.680	+10.682	+10.686	+10.531	+10.696	+10.701	+10.701	+10.707	+10.710	+10.756	+10.761	+10.841	+9.489	+0.198	+9.536	+0.206	+11.099	+0.207	+9.496	+9.394	+9.391	+9.392	+9.396	+9.410	+9.425	+9.433	+9.351	+9.450	+9.344	+9.460	+9.462	+9.463	+9.462	+9.472	
