## Summary of overall evidence for association with region:
## log10(BF for region) = -0.555836
## p-value for region = NA

## BFs for choosing among multi-SNP models:
## log10(average 1-SNP BF) = -0.48428
## log10(average 2-SNP BF) = -0.748459

## Example posterior probabilities for multi-SNP models, based on default prior: [p(l) propto 0.5^l for l=1,2,...,L]
## posterior probability of 1-SNP = 0.786077
## posterior probability of 2-SNP = 0.213923

## log10(BF) for single SNP and pair of SNPs:
rs34021886     -0.436	-0.552	-0.535	-0.601	-0.623	-0.625	-0.647	-0.782	-0.800	-0.837	-0.806	-0.724	-0.640	-0.864	-0.861	-0.833	-0.861	-0.861	-0.839	-0.812	-0.860	-0.841	-0.819	-0.830	-0.498	-0.878	-0.876	-0.876	-0.659	-0.652	-0.655	-0.878	-0.876	-0.873	-0.876	-0.643	-0.872	-0.875	-0.875	-0.875	-0.875	-0.663	-0.660	-0.872	-0.873	-0.848	-0.872	-0.872	-0.745	-0.757	-0.746	-0.684	-0.872	-0.871	-0.747	-0.872	-0.869	-0.779	-0.872	-0.757	-0.871	-0.870	-0.639	-0.868	-0.681	-0.893	-0.867	-0.869	-0.891	-0.890	-0.872	-0.870	-0.872	-0.871	-0.872	-0.872	-0.668	-0.855	-0.840	-0.624	-0.721	-0.719	-0.606	-0.606	-0.836	-0.898	-0.898	-0.677	-0.617	-0.636	-0.790	-0.714	-0.887	-0.657	-0.901	-0.885	-0.887	-0.648	-0.888	-0.700	-0.768	-0.884	-0.698	-0.697	-0.705	-0.719	-0.886	-0.787	-0.785	-0.796	-0.699	-0.888	-0.719	-0.885	-0.704	-0.772	-0.877	-0.728	-0.705	-0.876	-0.876	-0.704	-0.886	-0.901	-0.718	
rs34907858     -0.552	-0.436	-0.535	-0.601	-0.623	-0.625	-0.647	-0.782	-0.800	-0.837	-0.806	-0.724	-0.640	-0.864	-0.861	-0.833	-0.861	-0.861	-0.839	-0.812	-0.860	-0.841	-0.819	-0.830	-0.498	-0.878	-0.876	-0.876	-0.659	-0.652	-0.655	-0.878	-0.876	-0.873	-0.876	-0.643	-0.872	-0.875	-0.875	-0.875	-0.875	-0.663	-0.660	-0.872	-0.873	-0.848	-0.872	-0.872	-0.745	-0.757	-0.746	-0.684	-0.872	-0.871	-0.747	-0.872	-0.869	-0.779	-0.872	-0.757	-0.871	-0.870	-0.639	-0.868	-0.681	-0.893	-0.867	-0.869	-0.891	-0.890	-0.872	-0.870	-0.872	-0.871	-0.872	-0.872	-0.668	-0.855	-0.840	-0.624	-0.721	-0.719	-0.606	-0.606	-0.836	-0.898	-0.898	-0.677	-0.617	-0.636	-0.790	-0.714	-0.887	-0.657	-0.901	-0.885	-0.887	-0.648	-0.888	-0.700	-0.768	-0.884	-0.698	-0.697	-0.705	-0.719	-0.886	-0.787	-0.785	-0.796	-0.699	-0.888	-0.719	-0.885	-0.704	-0.772	-0.877	-0.728	-0.705	-0.876	-0.876	-0.704	-0.886	-0.901	-0.718	
rs35637464     -0.535	-0.535	-0.425	-0.594	-0.608	-0.606	-0.622	-0.774	-0.792	-0.828	-0.797	-0.715	-0.630	-0.854	-0.851	-0.824	-0.851	-0.851	-0.830	-0.804	-0.851	-0.832	-0.810	-0.820	-0.487	-0.869	-0.867	-0.867	-0.654	-0.643	-0.649	-0.868	-0.867	-0.864	-0.867	-0.638	-0.863	-0.866	-0.866	-0.866	-0.866	-0.658	-0.654	-0.863	-0.864	-0.839	-0.862	-0.863	-0.739	-0.750	-0.739	-0.676	-0.863	-0.862	-0.740	-0.863	-0.860	-0.772	-0.863	-0.751	-0.862	-0.861	-0.629	-0.859	-0.672	-0.884	-0.858	-0.860	-0.881	-0.880	-0.863	-0.861	-0.863	-0.862	-0.863	-0.863	-0.660	-0.846	-0.831	-0.616	-0.710	-0.708	-0.598	-0.598	-0.826	-0.888	-0.889	-0.669	-0.609	-0.628	-0.779	-0.706	-0.878	-0.648	-0.891	-0.875	-0.878	-0.635	-0.879	-0.689	-0.757	-0.875	-0.687	-0.686	-0.694	-0.710	-0.877	-0.776	-0.774	-0.785	-0.688	-0.879	-0.711	-0.876	-0.693	-0.761	-0.866	-0.717	-0.694	-0.866	-0.865	-0.693	-0.877	-0.891	-0.710	
rs34813452     -0.601	-0.601	-0.594	-0.420	-0.632	-0.632	-0.646	-0.768	-0.786	-0.822	-0.792	-0.710	-0.624	-0.849	-0.846	-0.819	-0.846	-0.846	-0.825	-0.798	-0.845	-0.827	-0.804	-0.815	-0.482	-0.864	-0.862	-0.862	-0.647	-0.638	-0.643	-0.863	-0.861	-0.858	-0.861	-0.631	-0.858	-0.861	-0.861	-0.861	-0.860	-0.651	-0.648	-0.858	-0.859	-0.834	-0.857	-0.858	-0.732	-0.744	-0.733	-0.670	-0.858	-0.856	-0.734	-0.858	-0.855	-0.766	-0.857	-0.744	-0.856	-0.855	-0.624	-0.853	-0.667	-0.879	-0.852	-0.855	-0.876	-0.875	-0.857	-0.855	-0.858	-0.856	-0.857	-0.858	-0.654	-0.841	-0.825	-0.610	-0.704	-0.702	-0.592	-0.592	-0.821	-0.883	-0.883	-0.663	-0.603	-0.622	-0.774	-0.700	-0.872	-0.642	-0.885	-0.870	-0.873	-0.629	-0.873	-0.683	-0.752	-0.870	-0.681	-0.680	-0.688	-0.705	-0.871	-0.770	-0.769	-0.780	-0.682	-0.873	-0.705	-0.871	-0.687	-0.756	-0.861	-0.711	-0.688	-0.861	-0.860	-0.687	-0.872	-0.885	-0.704	
rs76680494     -0.623	-0.623	-0.608	-0.632	-0.463	-0.583	-0.616	-0.806	-0.824	-0.860	-0.830	-0.749	-0.666	-0.887	-0.884	-0.856	-0.884	-0.884	-0.862	-0.835	-0.883	-0.865	-0.842	-0.853	-0.523	-0.902	-0.900	-0.900	-0.683	-0.676	-0.678	-0.902	-0.900	-0.896	-0.900	-0.667	-0.896	-0.899	-0.899	-0.899	-0.899	-0.686	-0.683	-0.896	-0.897	-0.872	-0.895	-0.896	-0.768	-0.780	-0.769	-0.709	-0.896	-0.894	-0.770	-0.896	-0.893	-0.802	-0.895	-0.780	-0.894	-0.893	-0.663	-0.891	-0.705	-0.917	-0.890	-0.893	-0.915	-0.914	-0.895	-0.893	-0.896	-0.894	-0.895	-0.896	-0.693	-0.879	-0.863	-0.649	-0.746	-0.744	-0.631	-0.631	-0.860	-0.921	-0.922	-0.701	-0.642	-0.660	-0.815	-0.739	-0.911	-0.681	-0.924	-0.908	-0.911	-0.673	-0.912	-0.725	-0.793	-0.908	-0.723	-0.722	-0.730	-0.743	-0.910	-0.812	-0.810	-0.821	-0.724	-0.912	-0.744	-0.909	-0.729	-0.797	-0.901	-0.753	-0.730	-0.899	-0.901	-0.729	-0.910	-0.924	-0.743	
rs34510150     -0.625	-0.625	-0.606	-0.632	-0.583	-0.467	-0.621	-0.808	-0.827	-0.863	-0.832	-0.751	-0.669	-0.891	-0.887	-0.859	-0.887	-0.887	-0.865	-0.838	-0.887	-0.868	-0.846	-0.856	-0.527	-0.905	-0.903	-0.903	-0.684	-0.679	-0.680	-0.905	-0.903	-0.900	-0.903	-0.668	-0.899	-0.902	-0.902	-0.902	-0.902	-0.688	-0.685	-0.899	-0.900	-0.875	-0.898	-0.899	-0.770	-0.782	-0.771	-0.711	-0.899	-0.898	-0.772	-0.899	-0.896	-0.804	-0.899	-0.783	-0.898	-0.897	-0.666	-0.895	-0.708	-0.920	-0.894	-0.896	-0.918	-0.918	-0.898	-0.896	-0.899	-0.897	-0.898	-0.899	-0.695	-0.882	-0.866	-0.651	-0.750	-0.748	-0.633	-0.633	-0.864	-0.925	-0.925	-0.704	-0.644	-0.663	-0.819	-0.741	-0.914	-0.684	-0.928	-0.912	-0.914	-0.677	-0.915	-0.728	-0.797	-0.911	-0.727	-0.726	-0.733	-0.746	-0.913	-0.815	-0.814	-0.824	-0.728	-0.915	-0.746	-0.912	-0.733	-0.800	-0.905	-0.757	-0.734	-0.902	-0.905	-0.732	-0.913	-0.928	-0.745	
rs7040564      -0.647	-0.647	-0.622	-0.646	-0.616	-0.621	-0.484	-0.822	-0.841	-0.877	-0.846	-0.765	-0.683	-0.906	-0.902	-0.873	-0.903	-0.902	-0.880	-0.852	-0.902	-0.884	-0.860	-0.871	-0.545	-0.920	-0.918	-0.918	-0.696	-0.692	-0.691	-0.920	-0.919	-0.915	-0.918	-0.680	-0.914	-0.917	-0.917	-0.917	-0.917	-0.700	-0.697	-0.914	-0.915	-0.889	-0.913	-0.914	-0.783	-0.794	-0.783	-0.725	-0.914	-0.912	-0.785	-0.914	-0.911	-0.817	-0.913	-0.795	-0.913	-0.912	-0.681	-0.909	-0.722	-0.935	-0.908	-0.911	-0.934	-0.933	-0.913	-0.911	-0.914	-0.912	-0.913	-0.914	-0.709	-0.896	-0.881	-0.665	-0.766	-0.764	-0.647	-0.647	-0.880	-0.940	-0.940	-0.718	-0.658	-0.677	-0.835	-0.755	-0.929	-0.697	-0.943	-0.927	-0.930	-0.695	-0.930	-0.745	-0.813	-0.926	-0.743	-0.742	-0.750	-0.760	-0.928	-0.832	-0.830	-0.840	-0.744	-0.931	-0.760	-0.927	-0.749	-0.816	-0.921	-0.773	-0.750	-0.917	-0.921	-0.749	-0.929	-0.943	-0.759	
rs7028269      -0.782	-0.782	-0.774	-0.768	-0.806	-0.808	-0.822	-0.480	-0.669	-0.661	-0.677	-0.699	-0.732	-0.900	-0.899	-0.879	-0.899	-0.899	-0.885	-0.863	-0.899	-0.879	-0.862	-0.870	-0.518	-0.918	-0.916	-0.917	-0.729	-0.732	-0.725	-0.916	-0.914	-0.913	-0.916	-0.714	-0.913	-0.916	-0.916	-0.916	-0.915	-0.732	-0.730	-0.913	-0.914	-0.891	-0.913	-0.914	-0.806	-0.817	-0.807	-0.761	-0.913	-0.912	-0.808	-0.913	-0.911	-0.837	-0.913	-0.817	-0.912	-0.911	-0.717	-0.909	-0.758	-0.932	-0.909	-0.910	-0.927	-0.926	-0.913	-0.911	-0.913	-0.912	-0.913	-0.913	-0.747	-0.898	-0.883	-0.708	-0.791	-0.789	-0.691	-0.691	-0.868	-0.936	-0.936	-0.754	-0.701	-0.719	-0.852	-0.788	-0.926	-0.738	-0.937	-0.924	-0.926	-0.707	-0.926	-0.771	-0.832	-0.923	-0.769	-0.768	-0.776	-0.793	-0.925	-0.850	-0.849	-0.858	-0.771	-0.926	-0.793	-0.924	-0.775	-0.835	-0.920	-0.797	-0.776	-0.916	-0.922	-0.775	-0.925	-0.937	-0.792	
rs4284147      -0.800	-0.800	-0.792	-0.786	-0.824	-0.827	-0.841	-0.669	-0.499	-0.616	-0.652	-0.689	-0.743	-0.918	-0.916	-0.896	-0.917	-0.917	-0.902	-0.880	-0.916	-0.896	-0.880	-0.888	-0.537	-0.936	-0.935	-0.935	-0.746	-0.746	-0.742	-0.934	-0.933	-0.932	-0.934	-0.731	-0.931	-0.934	-0.934	-0.934	-0.934	-0.749	-0.746	-0.931	-0.932	-0.910	-0.931	-0.932	-0.823	-0.834	-0.823	-0.776	-0.932	-0.930	-0.824	-0.931	-0.929	-0.854	-0.931	-0.834	-0.931	-0.930	-0.732	-0.928	-0.772	-0.950	-0.927	-0.929	-0.945	-0.944	-0.931	-0.929	-0.931	-0.930	-0.931	-0.932	-0.761	-0.916	-0.902	-0.722	-0.806	-0.804	-0.705	-0.705	-0.887	-0.954	-0.954	-0.769	-0.715	-0.733	-0.867	-0.803	-0.944	-0.752	-0.955	-0.942	-0.944	-0.724	-0.944	-0.786	-0.847	-0.941	-0.785	-0.784	-0.791	-0.807	-0.943	-0.866	-0.865	-0.874	-0.786	-0.944	-0.808	-0.942	-0.790	-0.850	-0.937	-0.812	-0.791	-0.934	-0.940	-0.790	-0.943	-0.955	-0.807	
rs7850541      -0.837	-0.837	-0.828	-0.822	-0.860	-0.863	-0.877	-0.661	-0.616	-0.538	-0.627	-0.677	-0.759	-0.954	-0.952	-0.930	-0.952	-0.952	-0.935	-0.912	-0.952	-0.932	-0.914	-0.923	-0.579	-0.972	-0.970	-0.970	-0.773	-0.770	-0.768	-0.970	-0.969	-0.967	-0.970	-0.757	-0.967	-0.969	-0.969	-0.969	-0.969	-0.776	-0.773	-0.967	-0.968	-0.944	-0.966	-0.967	-0.852	-0.863	-0.853	-0.801	-0.967	-0.966	-0.854	-0.967	-0.964	-0.884	-0.966	-0.864	-0.966	-0.965	-0.757	-0.963	-0.797	-0.986	-0.962	-0.964	-0.982	-0.981	-0.966	-0.965	-0.967	-0.965	-0.966	-0.967	-0.785	-0.951	-0.936	-0.744	-0.835	-0.833	-0.727	-0.727	-0.925	-0.990	-0.991	-0.794	-0.737	-0.755	-0.898	-0.829	-0.980	-0.775	-0.992	-0.978	-0.980	-0.757	-0.980	-0.815	-0.878	-0.977	-0.813	-0.812	-0.820	-0.833	-0.979	-0.897	-0.895	-0.905	-0.814	-0.981	-0.834	-0.978	-0.819	-0.881	-0.973	-0.842	-0.820	-0.970	-0.975	-0.819	-0.979	-0.992	-0.833	
rs10793952     -0.806	-0.806	-0.797	-0.792	-0.830	-0.832	-0.846	-0.677	-0.652	-0.627	-0.505	-0.688	-0.747	-0.924	-0.922	-0.902	-0.922	-0.922	-0.907	-0.885	-0.922	-0.902	-0.885	-0.893	-0.543	-0.942	-0.940	-0.940	-0.750	-0.750	-0.746	-0.940	-0.938	-0.937	-0.940	-0.735	-0.937	-0.940	-0.939	-0.939	-0.939	-0.754	-0.751	-0.937	-0.938	-0.915	-0.937	-0.937	-0.828	-0.838	-0.828	-0.780	-0.937	-0.936	-0.829	-0.937	-0.935	-0.859	-0.937	-0.839	-0.936	-0.935	-0.736	-0.933	-0.776	-0.956	-0.933	-0.934	-0.951	-0.950	-0.937	-0.935	-0.937	-0.936	-0.937	-0.937	-0.765	-0.922	-0.907	-0.726	-0.811	-0.809	-0.709	-0.709	-0.893	-0.960	-0.960	-0.773	-0.719	-0.737	-0.872	-0.807	-0.949	-0.756	-0.961	-0.947	-0.950	-0.729	-0.950	-0.791	-0.851	-0.947	-0.789	-0.788	-0.795	-0.812	-0.949	-0.871	-0.870	-0.879	-0.790	-0.950	-0.812	-0.948	-0.795	-0.855	-0.943	-0.817	-0.796	-0.940	-0.945	-0.794	-0.949	-0.961	-0.811	
rs7028259      -0.724	-0.724	-0.715	-0.710	-0.749	-0.751	-0.765	-0.699	-0.689	-0.677	-0.688	-0.418	-0.692	-0.844	-0.842	-0.823	-0.843	-0.843	-0.830	-0.809	-0.842	-0.822	-0.806	-0.814	-0.455	-0.862	-0.861	-0.861	-0.685	-0.688	-0.681	-0.858	-0.857	-0.858	-0.861	-0.671	-0.858	-0.860	-0.860	-0.860	-0.860	-0.689	-0.686	-0.858	-0.859	-0.839	-0.858	-0.859	-0.758	-0.769	-0.759	-0.716	-0.859	-0.857	-0.760	-0.858	-0.856	-0.788	-0.858	-0.769	-0.858	-0.857	-0.672	-0.855	-0.713	-0.876	-0.855	-0.856	-0.868	-0.865	-0.858	-0.857	-0.859	-0.858	-0.858	-0.859	-0.702	-0.845	-0.831	-0.666	-0.738	-0.736	-0.650	-0.650	-0.811	-0.879	-0.879	-0.709	-0.660	-0.676	-0.796	-0.742	-0.868	-0.695	-0.878	-0.867	-0.868	-0.644	-0.868	-0.719	-0.776	-0.866	-0.717	-0.716	-0.723	-0.747	-0.868	-0.797	-0.796	-0.804	-0.718	-0.869	-0.747	-0.867	-0.722	-0.779	-0.863	-0.744	-0.723	-0.861	-0.866	-0.722	-0.868	-0.878	-0.746	
rs4489379      -0.640	-0.640	-0.630	-0.624	-0.666	-0.669	-0.683	-0.732	-0.743	-0.759	-0.747	-0.692	-0.335	-0.541	-0.521	-0.430	-0.518	-0.519	-0.449	-0.349	-0.516	-0.562	-0.487	-0.527	-0.489	-0.780	-0.780	-0.780	-0.525	-0.638	-0.520	-0.772	-0.772	-0.778	-0.780	-0.508	-0.778	-0.780	-0.780	-0.780	-0.780	-0.529	-0.525	-0.779	-0.780	-0.765	-0.779	-0.780	-0.595	-0.608	-0.596	-0.664	-0.780	-0.779	-0.597	-0.780	-0.779	-0.631	-0.780	-0.608	-0.780	-0.779	-0.608	-0.778	-0.660	-0.795	-0.778	-0.779	-0.777	-0.771	-0.780	-0.779	-0.780	-0.779	-0.780	-0.780	-0.650	-0.771	-0.760	-0.625	-0.664	-0.662	-0.610	-0.610	-0.704	-0.796	-0.796	-0.657	-0.619	-0.634	-0.714	-0.688	-0.784	-0.651	-0.791	-0.784	-0.784	-0.637	-0.783	-0.645	-0.693	-0.782	-0.643	-0.642	-0.649	-0.692	-0.784	-0.717	-0.716	-0.723	-0.644	-0.783	-0.692	-0.784	-0.648	-0.697	-0.778	-0.668	-0.649	-0.782	-0.791	-0.648	-0.784	-0.791	-0.691	
rs3761821      -0.864	-0.864	-0.854	-0.849	-0.887	-0.891	-0.906	-0.900	-0.918	-0.954	-0.924	-0.844	-0.541	-0.568	-0.693	-0.684	-0.692	-0.691	-0.676	-0.489	-0.689	-0.790	-0.773	-0.792	-0.489	-0.996	-0.994	-0.994	-0.770	-0.772	-0.766	-0.997	-0.995	-0.990	-0.993	-0.754	-0.990	-0.993	-0.992	-0.992	-0.992	-0.774	-0.771	-0.989	-0.990	-0.964	-0.989	-0.990	-0.859	-0.871	-0.860	-0.804	-0.989	-0.988	-0.861	-0.989	-0.986	-0.893	-0.989	-0.871	-0.988	-0.987	-0.761	-0.985	-0.801	-1.010	-0.983	-0.986	-1.011	-1.011	-0.989	-0.986	-0.989	-0.988	-0.989	-0.989	-0.788	-0.971	-0.953	-0.745	-0.846	-0.844	-0.727	-0.727	-0.955	-1.015	-1.016	-0.797	-0.738	-0.757	-0.915	-0.834	-1.005	-0.777	-1.020	-1.003	-1.006	-0.752	-1.007	-0.825	-0.893	-1.002	-0.824	-0.822	-0.830	-0.839	-1.004	-0.911	-0.910	-0.920	-0.825	-1.007	-0.839	-1.003	-0.829	-0.896	-0.992	-0.853	-0.830	-0.992	-0.984	-0.829	-1.005	-1.020	-0.838	
rs10793957     -0.861	-0.861	-0.851	-0.846	-0.884	-0.887	-0.902	-0.899	-0.916	-0.952	-0.922	-0.842	-0.521	-0.693	-0.565	-0.703	-0.698	-0.697	-0.696	-0.551	-0.696	-0.787	-0.777	-0.793	-0.474	-0.992	-0.990	-0.990	-0.771	-0.768	-0.767	-0.993	-0.991	-0.986	-0.989	-0.755	-0.986	-0.989	-0.988	-0.988	-0.988	-0.775	-0.772	-0.985	-0.986	-0.960	-0.985	-0.985	-0.859	-0.871	-0.860	-0.801	-0.985	-0.984	-0.861	-0.985	-0.982	-0.893	-0.985	-0.871	-0.984	-0.983	-0.758	-0.981	-0.797	-1.006	-0.979	-0.982	-1.008	-1.008	-0.984	-0.982	-0.985	-0.984	-0.984	-0.985	-0.785	-0.967	-0.948	-0.742	-0.844	-0.842	-0.724	-0.724	-0.951	-1.012	-1.012	-0.794	-0.735	-0.754	-0.912	-0.831	-1.002	-0.774	-1.016	-0.999	-1.002	-0.745	-1.003	-0.823	-0.891	-0.999	-0.822	-0.821	-0.828	-0.835	-1.000	-0.909	-0.908	-0.918	-0.823	-1.003	-0.836	-1.000	-0.828	-0.894	-0.987	-0.852	-0.829	-0.988	-0.978	-0.827	-1.001	-1.016	-0.835	
rs7023066      -0.833	-0.833	-0.824	-0.819	-0.856	-0.859	-0.873	-0.879	-0.896	-0.930	-0.902	-0.823	-0.430	-0.684	-0.703	-0.534	-0.704	-0.703	-0.758	-0.738	-0.705	-0.760	-0.783	-0.782	-0.381	-0.960	-0.957	-0.957	-0.769	-0.745	-0.764	-0.962	-0.960	-0.953	-0.957	-0.753	-0.953	-0.956	-0.956	-0.956	-0.956	-0.772	-0.769	-0.952	-0.953	-0.925	-0.951	-0.952	-0.850	-0.861	-0.850	-0.777	-0.952	-0.950	-0.851	-0.952	-0.949	-0.882	-0.951	-0.861	-0.950	-0.949	-0.739	-0.948	-0.773	-0.974	-0.946	-0.948	-0.978	-0.979	-0.951	-0.949	-0.952	-0.950	-0.951	-0.952	-0.761	-0.932	-0.911	-0.720	-0.829	-0.827	-0.703	-0.702	-0.923	-0.980	-0.981	-0.769	-0.713	-0.731	-0.893	-0.806	-0.970	-0.752	-0.987	-0.967	-0.971	-0.713	-0.972	-0.809	-0.873	-0.967	-0.807	-0.806	-0.813	-0.811	-0.969	-0.892	-0.891	-0.900	-0.808	-0.972	-0.811	-0.968	-0.813	-0.876	-0.958	-0.836	-0.814	-0.957	-0.947	-0.812	-0.969	-0.987	-0.810	
rs6597610      -0.861	-0.861	-0.851	-0.846	-0.884	-0.887	-0.903	-0.899	-0.917	-0.952	-0.922	-0.843	-0.518	-0.692	-0.698	-0.704	-0.565	-0.695	-0.696	-0.553	-0.695	-0.786	-0.776	-0.792	-0.471	-0.992	-0.990	-0.990	-0.772	-0.769	-0.767	-0.993	-0.991	-0.986	-0.990	-0.756	-0.986	-0.989	-0.989	-0.989	-0.988	-0.776	-0.772	-0.985	-0.987	-0.960	-0.985	-0.986	-0.860	-0.871	-0.860	-0.801	-0.985	-0.984	-0.861	-0.985	-0.982	-0.893	-0.985	-0.872	-0.984	-0.983	-0.759	-0.981	-0.798	-1.007	-0.980	-0.982	-1.008	-1.008	-0.985	-0.982	-0.985	-0.984	-0.985	-0.985	-0.785	-0.967	-0.948	-0.742	-0.845	-0.843	-0.725	-0.724	-0.951	-1.012	-1.012	-0.794	-0.735	-0.754	-0.913	-0.831	-1.002	-0.774	-1.017	-0.999	-1.002	-0.744	-1.003	-0.824	-0.891	-0.999	-0.822	-0.821	-0.829	-0.836	-1.001	-0.910	-0.908	-0.918	-0.823	-1.003	-0.836	-1.000	-0.828	-0.895	-0.987	-0.852	-0.829	-0.989	-0.978	-0.828	-1.001	-1.016	-0.835	
rs10736860     -0.861	-0.861	-0.851	-0.846	-0.884	-0.887	-0.902	-0.899	-0.917	-0.952	-0.922	-0.843	-0.519	-0.691	-0.697	-0.703	-0.695	-0.565	-0.695	-0.550	-0.694	-0.786	-0.776	-0.792	-0.471	-0.992	-0.990	-0.990	-0.772	-0.768	-0.767	-0.993	-0.991	-0.986	-0.989	-0.756	-0.986	-0.989	-0.988	-0.988	-0.988	-0.775	-0.772	-0.985	-0.986	-0.960	-0.985	-0.985	-0.859	-0.871	-0.860	-0.801	-0.985	-0.984	-0.861	-0.985	-0.982	-0.893	-0.985	-0.872	-0.984	-0.983	-0.759	-0.981	-0.797	-1.007	-0.979	-0.982	-1.008	-1.008	-0.984	-0.982	-0.985	-0.984	-0.985	-0.985	-0.785	-0.967	-0.948	-0.742	-0.845	-0.843	-0.724	-0.724	-0.951	-1.012	-1.012	-0.794	-0.735	-0.754	-0.912	-0.831	-1.002	-0.774	-1.016	-0.999	-1.002	-0.744	-1.003	-0.824	-0.891	-0.999	-0.822	-0.821	-0.829	-0.835	-1.001	-0.909	-0.908	-0.918	-0.823	-1.003	-0.836	-1.000	-0.828	-0.894	-0.987	-0.852	-0.829	-0.988	-0.978	-0.828	-1.001	-1.016	-0.835	
rs4962106      -0.839	-0.839	-0.830	-0.825	-0.862	-0.865	-0.880	-0.885	-0.902	-0.935	-0.907	-0.830	-0.449	-0.676	-0.696	-0.758	-0.696	-0.695	-0.541	-0.627	-0.697	-0.764	-0.780	-0.783	-0.402	-0.968	-0.966	-0.966	-0.768	-0.749	-0.764	-0.970	-0.968	-0.962	-0.965	-0.753	-0.961	-0.964	-0.964	-0.964	-0.964	-0.772	-0.769	-0.960	-0.962	-0.935	-0.960	-0.961	-0.851	-0.862	-0.852	-0.781	-0.961	-0.959	-0.853	-0.960	-0.957	-0.884	-0.960	-0.863	-0.959	-0.958	-0.742	-0.956	-0.778	-0.982	-0.954	-0.957	-0.985	-0.985	-0.960	-0.957	-0.960	-0.959	-0.960	-0.960	-0.765	-0.941	-0.921	-0.724	-0.830	-0.828	-0.706	-0.706	-0.930	-0.988	-0.988	-0.774	-0.717	-0.735	-0.896	-0.811	-0.978	-0.756	-0.994	-0.975	-0.978	-0.715	-0.979	-0.810	-0.875	-0.975	-0.808	-0.807	-0.815	-0.815	-0.977	-0.894	-0.893	-0.903	-0.809	-0.980	-0.816	-0.976	-0.814	-0.878	-0.962	-0.837	-0.815	-0.964	-0.952	-0.814	-0.977	-0.994	-0.815	
rs4962107      -0.812	-0.812	-0.804	-0.798	-0.835	-0.838	-0.852	-0.863	-0.880	-0.912	-0.885	-0.809	-0.349	-0.489	-0.551	-0.738	-0.553	-0.550	-0.627	-0.511	-0.557	-0.703	-0.746	-0.739	-0.325	-0.939	-0.937	-0.937	-0.755	-0.721	-0.750	-0.942	-0.940	-0.933	-0.936	-0.740	-0.932	-0.936	-0.935	-0.935	-0.935	-0.758	-0.755	-0.932	-0.933	-0.905	-0.931	-0.932	-0.834	-0.845	-0.835	-0.754	-0.932	-0.930	-0.836	-0.931	-0.928	-0.866	-0.931	-0.846	-0.930	-0.929	-0.717	-0.927	-0.750	-0.954	-0.925	-0.928	-0.958	-0.958	-0.931	-0.928	-0.931	-0.930	-0.931	-0.931	-0.738	-0.912	-0.891	-0.697	-0.808	-0.806	-0.680	-0.680	-0.902	-0.959	-0.960	-0.746	-0.690	-0.709	-0.872	-0.783	-0.950	-0.729	-0.966	-0.947	-0.950	-0.673	-0.951	-0.788	-0.851	-0.946	-0.786	-0.785	-0.792	-0.787	-0.948	-0.872	-0.870	-0.880	-0.787	-0.951	-0.788	-0.947	-0.792	-0.854	-0.930	-0.814	-0.793	-0.935	-0.916	-0.791	-0.949	-0.966	-0.787	
rs10793959     -0.860	-0.860	-0.851	-0.845	-0.883	-0.887	-0.902	-0.899	-0.916	-0.952	-0.922	-0.842	-0.516	-0.689	-0.696	-0.705	-0.695	-0.694	-0.697	-0.557	-0.564	-0.785	-0.776	-0.791	-0.469	-0.991	-0.989	-0.989	-0.772	-0.768	-0.767	-0.993	-0.991	-0.985	-0.989	-0.755	-0.985	-0.988	-0.988	-0.988	-0.988	-0.775	-0.772	-0.984	-0.986	-0.959	-0.984	-0.985	-0.859	-0.871	-0.860	-0.800	-0.985	-0.983	-0.861	-0.984	-0.981	-0.892	-0.984	-0.871	-0.983	-0.982	-0.758	-0.980	-0.797	-1.006	-0.979	-0.981	-1.007	-1.007	-0.984	-0.982	-0.984	-0.983	-0.984	-0.984	-0.784	-0.966	-0.947	-0.742	-0.844	-0.842	-0.724	-0.724	-0.951	-1.011	-1.012	-0.793	-0.735	-0.753	-0.912	-0.830	-1.001	-0.774	-1.016	-0.998	-1.001	-0.743	-1.002	-0.823	-0.890	-0.998	-0.822	-0.820	-0.828	-0.835	-1.000	-0.909	-0.908	-0.917	-0.823	-1.002	-0.835	-0.999	-0.827	-0.894	-0.986	-0.851	-0.828	-0.988	-0.977	-0.827	-1.000	-1.016	-0.834	
rs4246169      -0.841	-0.841	-0.832	-0.827	-0.865	-0.868	-0.884	-0.879	-0.896	-0.932	-0.902	-0.822	-0.562	-0.790	-0.787	-0.760	-0.786	-0.786	-0.764	-0.703	-0.785	-0.544	-0.659	-0.699	-0.442	-0.975	-0.973	-0.973	-0.737	-0.751	-0.733	-0.976	-0.974	-0.969	-0.972	-0.721	-0.969	-0.972	-0.972	-0.972	-0.971	-0.741	-0.738	-0.968	-0.970	-0.944	-0.968	-0.969	-0.829	-0.841	-0.830	-0.784	-0.968	-0.967	-0.831	-0.968	-0.965	-0.863	-0.968	-0.842	-0.967	-0.966	-0.738	-0.964	-0.780	-0.990	-0.963	-0.965	-0.990	-0.989	-0.968	-0.966	-0.968	-0.967	-0.968	-0.968	-0.768	-0.950	-0.933	-0.724	-0.822	-0.820	-0.706	-0.706	-0.933	-0.994	-0.995	-0.776	-0.717	-0.735	-0.892	-0.814	-0.984	-0.756	-0.999	-0.982	-0.985	-0.730	-0.985	-0.801	-0.870	-0.981	-0.800	-0.799	-0.806	-0.818	-0.983	-0.887	-0.886	-0.896	-0.801	-0.986	-0.819	-0.982	-0.806	-0.873	-0.970	-0.830	-0.807	-0.972	-0.962	-0.805	-0.983	-0.998	-0.818	
rs10901249     -0.819	-0.819	-0.810	-0.804	-0.842	-0.846	-0.860	-0.862	-0.880	-0.914	-0.885	-0.806	-0.487	-0.773	-0.777	-0.783	-0.776	-0.776	-0.780	-0.746	-0.776	-0.659	-0.519	-0.652	-0.354	-0.950	-0.948	-0.948	-0.738	-0.734	-0.733	-0.952	-0.949	-0.944	-0.947	-0.722	-0.944	-0.947	-0.947	-0.946	-0.946	-0.741	-0.738	-0.943	-0.944	-0.918	-0.943	-0.943	-0.824	-0.835	-0.825	-0.766	-0.943	-0.942	-0.826	-0.943	-0.940	-0.856	-0.943	-0.836	-0.942	-0.941	-0.724	-0.939	-0.762	-0.965	-0.937	-0.940	-0.966	-0.966	-0.942	-0.940	-0.943	-0.942	-0.942	-0.943	-0.750	-0.925	-0.905	-0.708	-0.809	-0.807	-0.690	-0.690	-0.910	-0.970	-0.971	-0.758	-0.701	-0.719	-0.875	-0.795	-0.960	-0.739	-0.975	-0.957	-0.960	-0.692	-0.961	-0.788	-0.854	-0.957	-0.786	-0.785	-0.793	-0.800	-0.959	-0.872	-0.871	-0.881	-0.788	-0.961	-0.800	-0.958	-0.792	-0.858	-0.943	-0.816	-0.793	-0.946	-0.932	-0.792	-0.959	-0.975	-0.799	
rs4275286      -0.830	-0.830	-0.820	-0.815	-0.853	-0.856	-0.871	-0.870	-0.888	-0.923	-0.893	-0.814	-0.527	-0.792	-0.793	-0.782	-0.792	-0.792	-0.783	-0.739	-0.791	-0.699	-0.652	-0.531	-0.398	-0.962	-0.960	-0.960	-0.737	-0.742	-0.732	-0.963	-0.961	-0.956	-0.959	-0.721	-0.955	-0.959	-0.958	-0.958	-0.958	-0.741	-0.737	-0.955	-0.956	-0.930	-0.954	-0.955	-0.826	-0.838	-0.827	-0.774	-0.955	-0.953	-0.828	-0.955	-0.952	-0.859	-0.955	-0.838	-0.954	-0.953	-0.731	-0.951	-0.771	-0.976	-0.949	-0.951	-0.977	-0.977	-0.954	-0.952	-0.955	-0.953	-0.954	-0.955	-0.758	-0.937	-0.918	-0.715	-0.815	-0.813	-0.698	-0.697	-0.921	-0.981	-0.982	-0.767	-0.708	-0.727	-0.883	-0.804	-0.971	-0.747	-0.986	-0.969	-0.972	-0.709	-0.973	-0.794	-0.861	-0.968	-0.792	-0.791	-0.799	-0.808	-0.970	-0.879	-0.878	-0.887	-0.794	-0.973	-0.809	-0.969	-0.798	-0.865	-0.956	-0.822	-0.799	-0.958	-0.946	-0.798	-0.971	-0.986	-0.808	
rs4962110      -0.498	-0.498	-0.487	-0.482	-0.523	-0.527	-0.545	-0.518	-0.537	-0.579	-0.543	-0.455	-0.489	-0.489	-0.474	-0.381	-0.471	-0.471	-0.402	-0.325	-0.469	-0.442	-0.354	-0.398	-0.161	-0.632	-0.630	-0.630	-0.405	-0.448	-0.400	-0.635	-0.632	-0.625	-0.629	-0.388	-0.624	-0.628	-0.628	-0.628	-0.628	-0.408	-0.405	-0.623	-0.625	-0.594	-0.623	-0.624	-0.497	-0.509	-0.498	-0.479	-0.624	-0.622	-0.499	-0.623	-0.620	-0.532	-0.623	-0.510	-0.622	-0.620	-0.427	-0.615	-0.475	-0.649	-0.617	-0.619	-0.653	-0.654	-0.623	-0.620	-0.623	-0.622	-0.623	-0.623	-0.464	-0.602	-0.598	-0.419	-0.531	-0.529	-0.402	-0.402	-0.593	-0.656	-0.657	-0.473	-0.413	-0.431	-0.594	-0.508	-0.644	-0.451	-0.663	-0.640	-0.644	-0.446	-0.646	-0.512	-0.575	-0.640	-0.511	-0.510	-0.517	-0.513	-0.643	-0.587	-0.586	-0.594	-0.512	-0.646	-0.513	-0.641	-0.516	-0.578	-0.648	-0.537	-0.517	-0.628	-0.655	-0.516	-0.643	-0.663	-0.512	
rs62574565     -0.878	-0.878	-0.869	-0.864	-0.902	-0.905	-0.920	-0.918	-0.936	-0.972	-0.942	-0.862	-0.780	-0.996	-0.992	-0.960	-0.992	-0.992	-0.968	-0.939	-0.991	-0.975	-0.950	-0.962	-0.632	-0.583	-0.715	-0.715	-0.556	-0.757	-0.548	-0.732	-0.738	-0.707	-0.714	-0.529	-0.706	-0.712	-0.712	-0.712	-0.712	-0.562	-0.560	-0.705	-0.710	-0.635	-0.705	-0.709	-0.724	-0.741	-0.725	-0.792	-0.708	-0.702	-0.727	-0.707	-0.698	-0.775	-0.707	-0.743	-0.705	-0.708	-0.734	-0.712	-0.788	-0.828	-0.694	-0.704	-0.698	-0.678	-0.716	-0.714	-0.718	-0.711	-0.716	-0.718	-0.775	-0.643	-0.710	-0.722	-0.762	-0.759	-0.702	-0.702	-0.816	-0.827	-0.826	-0.785	-0.714	-0.735	-0.838	-0.825	-0.742	-0.757	-0.801	-0.746	-0.741	-0.742	-0.738	-0.736	-0.810	-0.747	-0.734	-0.733	-0.742	-0.830	-0.745	-0.851	-0.849	-0.863	-0.736	-0.739	-0.830	-0.746	-0.742	-0.815	-0.986	-0.773	-0.743	-0.756	-0.982	-0.741	-0.746	-0.803	-0.829	
rs58081338     -0.876	-0.876	-0.867	-0.862	-0.900	-0.903	-0.918	-0.916	-0.935	-0.970	-0.940	-0.861	-0.780	-0.994	-0.990	-0.957	-0.990	-0.990	-0.966	-0.937	-0.989	-0.973	-0.948	-0.960	-0.630	-0.715	-0.581	-0.712	-0.567	-0.759	-0.560	-0.719	-0.728	-0.710	-0.712	-0.541	-0.709	-0.711	-0.711	-0.711	-0.711	-0.573	-0.571	-0.711	-0.714	-0.654	-0.711	-0.712	-0.731	-0.748	-0.732	-0.794	-0.713	-0.709	-0.734	-0.713	-0.704	-0.781	-0.713	-0.749	-0.711	-0.714	-0.738	-0.718	-0.790	-0.825	-0.703	-0.710	-0.674	-0.652	-0.720	-0.719	-0.721	-0.721	-0.720	-0.721	-0.778	-0.669	-0.718	-0.725	-0.755	-0.752	-0.706	-0.706	-0.810	-0.822	-0.821	-0.787	-0.718	-0.738	-0.832	-0.827	-0.733	-0.760	-0.791	-0.740	-0.731	-0.737	-0.726	-0.729	-0.804	-0.743	-0.727	-0.726	-0.735	-0.832	-0.737	-0.845	-0.844	-0.858	-0.729	-0.727	-0.832	-0.740	-0.735	-0.809	-0.983	-0.766	-0.736	-0.757	-0.979	-0.734	-0.737	-0.794	-0.831	
rs62574567     -0.876	-0.876	-0.867	-0.862	-0.900	-0.903	-0.918	-0.917	-0.935	-0.970	-0.940	-0.861	-0.780	-0.994	-0.990	-0.957	-0.990	-0.990	-0.966	-0.937	-0.989	-0.973	-0.948	-0.960	-0.630	-0.715	-0.712	-0.581	-0.568	-0.759	-0.560	-0.719	-0.728	-0.710	-0.712	-0.541	-0.709	-0.711	-0.711	-0.711	-0.711	-0.573	-0.571	-0.711	-0.714	-0.654	-0.711	-0.712	-0.731	-0.748	-0.732	-0.794	-0.713	-0.709	-0.734	-0.713	-0.704	-0.781	-0.713	-0.750	-0.711	-0.714	-0.738	-0.718	-0.791	-0.825	-0.703	-0.710	-0.674	-0.651	-0.720	-0.719	-0.721	-0.721	-0.720	-0.721	-0.778	-0.669	-0.718	-0.725	-0.755	-0.752	-0.706	-0.706	-0.810	-0.822	-0.821	-0.787	-0.718	-0.738	-0.832	-0.827	-0.732	-0.761	-0.791	-0.739	-0.730	-0.737	-0.725	-0.729	-0.804	-0.743	-0.727	-0.726	-0.735	-0.832	-0.737	-0.845	-0.844	-0.858	-0.729	-0.727	-0.832	-0.740	-0.734	-0.808	-0.983	-0.766	-0.736	-0.757	-0.979	-0.734	-0.737	-0.793	-0.831	
rs60484807     -0.659	-0.659	-0.654	-0.647	-0.683	-0.684	-0.696	-0.729	-0.746	-0.773	-0.750	-0.685	-0.525	-0.770	-0.771	-0.769	-0.772	-0.772	-0.768	-0.755	-0.772	-0.737	-0.738	-0.737	-0.405	-0.556	-0.567	-0.568	-0.351	-0.688	-0.466	-0.508	-0.521	-0.580	-0.571	-0.458	-0.583	-0.574	-0.576	-0.576	-0.577	-0.473	-0.479	-0.592	-0.589	-0.636	-0.596	-0.594	-0.591	-0.589	-0.591	-0.711	-0.594	-0.599	-0.591	-0.596	-0.603	-0.585	-0.597	-0.592	-0.602	-0.604	-0.680	-0.614	-0.709	-0.626	-0.613	-0.609	-0.454	-0.423	-0.602	-0.610	-0.601	-0.602	-0.602	-0.601	-0.700	-0.637	-0.657	-0.670	-0.577	-0.575	-0.656	-0.656	-0.515	-0.601	-0.596	-0.706	-0.665	-0.678	-0.640	-0.731	-0.533	-0.693	-0.527	-0.548	-0.529	-0.333	-0.517	-0.554	-0.614	-0.545	-0.552	-0.551	-0.559	-0.734	-0.539	-0.667	-0.666	-0.681	-0.553	-0.521	-0.734	-0.544	-0.559	-0.619	-0.697	-0.589	-0.560	-0.606	-0.639	-0.559	-0.538	-0.530	-0.734	
rs7857390      -0.652	-0.652	-0.643	-0.638	-0.676	-0.679	-0.692	-0.732	-0.746	-0.770	-0.750	-0.688	-0.638	-0.772	-0.768	-0.745	-0.769	-0.768	-0.749	-0.721	-0.768	-0.751	-0.734	-0.742	-0.448	-0.757	-0.759	-0.759	-0.688	-0.346	-0.685	-0.738	-0.741	-0.761	-0.760	-0.677	-0.762	-0.761	-0.762	-0.762	-0.762	-0.690	-0.688	-0.765	-0.765	-0.765	-0.766	-0.766	-0.742	-0.748	-0.742	-0.497	-0.766	-0.767	-0.743	-0.766	-0.767	-0.758	-0.767	-0.749	-0.768	-0.767	-0.592	-0.770	-0.509	-0.762	-0.769	-0.769	-0.734	-0.719	-0.768	-0.768	-0.768	-0.767	-0.768	-0.768	-0.514	-0.770	-0.763	-0.556	-0.734	-0.733	-0.542	-0.542	-0.683	-0.753	-0.751	-0.518	-0.551	-0.565	-0.767	-0.520	-0.754	-0.579	-0.722	-0.757	-0.753	-0.664	-0.749	-0.722	-0.757	-0.755	-0.721	-0.720	-0.724	-0.524	-0.755	-0.760	-0.759	-0.762	-0.721	-0.751	-0.524	-0.756	-0.724	-0.759	-0.752	-0.737	-0.725	-0.766	-0.781	-0.724	-0.755	-0.724	-0.524	
rs12554580     -0.655	-0.655	-0.649	-0.643	-0.678	-0.680	-0.691	-0.725	-0.742	-0.768	-0.746	-0.681	-0.520	-0.766	-0.767	-0.764	-0.767	-0.767	-0.764	-0.750	-0.767	-0.733	-0.733	-0.732	-0.400	-0.548	-0.560	-0.560	-0.466	-0.685	-0.347	-0.500	-0.513	-0.573	-0.563	-0.458	-0.575	-0.567	-0.569	-0.569	-0.570	-0.470	-0.477	-0.585	-0.582	-0.629	-0.589	-0.587	-0.586	-0.583	-0.586	-0.708	-0.587	-0.591	-0.586	-0.589	-0.597	-0.578	-0.590	-0.586	-0.595	-0.596	-0.677	-0.607	-0.705	-0.619	-0.606	-0.602	-0.445	-0.414	-0.595	-0.603	-0.594	-0.595	-0.595	-0.594	-0.697	-0.631	-0.651	-0.667	-0.572	-0.570	-0.654	-0.654	-0.508	-0.594	-0.589	-0.703	-0.662	-0.675	-0.635	-0.728	-0.525	-0.690	-0.519	-0.540	-0.520	-0.326	-0.509	-0.549	-0.609	-0.537	-0.547	-0.546	-0.554	-0.731	-0.531	-0.663	-0.661	-0.676	-0.548	-0.513	-0.731	-0.536	-0.554	-0.614	-0.692	-0.585	-0.555	-0.599	-0.633	-0.553	-0.530	-0.522	-0.730	
rs12554336     -0.878	-0.878	-0.868	-0.863	-0.902	-0.905	-0.920	-0.916	-0.934	-0.970	-0.940	-0.858	-0.772	-0.997	-0.993	-0.962	-0.993	-0.993	-0.970	-0.942	-0.993	-0.976	-0.952	-0.963	-0.635	-0.732	-0.719	-0.719	-0.508	-0.738	-0.500	-0.583	-0.714	-0.705	-0.716	-0.479	-0.702	-0.712	-0.711	-0.710	-0.710	-0.514	-0.512	-0.696	-0.702	-0.596	-0.694	-0.697	-0.690	-0.709	-0.691	-0.774	-0.697	-0.690	-0.693	-0.696	-0.680	-0.746	-0.695	-0.710	-0.690	-0.693	-0.714	-0.692	-0.771	-0.831	-0.673	-0.684	-0.767	-0.759	-0.700	-0.695	-0.703	-0.701	-0.701	-0.703	-0.758	-0.621	-0.681	-0.701	-0.783	-0.781	-0.681	-0.681	-0.836	-0.838	-0.838	-0.767	-0.693	-0.714	-0.857	-0.809	-0.766	-0.738	-0.832	-0.762	-0.767	-0.754	-0.770	-0.759	-0.831	-0.767	-0.757	-0.755	-0.764	-0.814	-0.766	-0.867	-0.866	-0.879	-0.758	-0.769	-0.814	-0.765	-0.764	-0.835	-0.992	-0.794	-0.765	-0.747	-0.989	-0.764	-0.766	-0.833	-0.813	
rs12554595     -0.876	-0.876	-0.867	-0.861	-0.900	-0.903	-0.919	-0.914	-0.933	-0.969	-0.938	-0.857	-0.772	-0.995	-0.991	-0.960	-0.991	-0.991	-0.968	-0.940	-0.991	-0.974	-0.949	-0.961	-0.632	-0.738	-0.728	-0.728	-0.521	-0.741	-0.513	-0.714	-0.581	-0.713	-0.726	-0.492	-0.711	-0.723	-0.721	-0.721	-0.721	-0.526	-0.524	-0.709	-0.713	-0.621	-0.707	-0.710	-0.698	-0.716	-0.699	-0.777	-0.709	-0.703	-0.701	-0.708	-0.696	-0.752	-0.707	-0.718	-0.703	-0.705	-0.717	-0.704	-0.773	-0.832	-0.689	-0.700	-0.760	-0.750	-0.713	-0.709	-0.715	-0.713	-0.713	-0.715	-0.760	-0.643	-0.694	-0.704	-0.777	-0.775	-0.684	-0.684	-0.832	-0.837	-0.837	-0.770	-0.697	-0.718	-0.852	-0.811	-0.767	-0.741	-0.828	-0.764	-0.768	-0.750	-0.769	-0.753	-0.825	-0.768	-0.751	-0.749	-0.758	-0.816	-0.767	-0.862	-0.861	-0.874	-0.752	-0.769	-0.816	-0.766	-0.758	-0.830	-0.989	-0.788	-0.759	-0.754	-0.986	-0.757	-0.768	-0.829	-0.815	
rs12554339     -0.873	-0.873	-0.864	-0.858	-0.896	-0.900	-0.915	-0.913	-0.932	-0.967	-0.937	-0.858	-0.778	-0.990	-0.986	-0.953	-0.986	-0.986	-0.962	-0.933	-0.985	-0.969	-0.944	-0.956	-0.625	-0.707	-0.710	-0.710	-0.580	-0.761	-0.573	-0.705	-0.713	-0.577	-0.710	-0.554	-0.708	-0.711	-0.712	-0.712	-0.712	-0.585	-0.583	-0.714	-0.716	-0.673	-0.715	-0.717	-0.739	-0.755	-0.740	-0.796	-0.716	-0.714	-0.741	-0.716	-0.712	-0.787	-0.716	-0.756	-0.716	-0.719	-0.740	-0.724	-0.792	-0.821	-0.711	-0.717	-0.646	-0.621	-0.724	-0.724	-0.725	-0.724	-0.724	-0.725	-0.780	-0.685	-0.727	-0.728	-0.745	-0.743	-0.709	-0.709	-0.801	-0.816	-0.814	-0.789	-0.720	-0.740	-0.823	-0.828	-0.720	-0.763	-0.779	-0.729	-0.717	-0.730	-0.710	-0.720	-0.795	-0.733	-0.718	-0.716	-0.726	-0.833	-0.726	-0.837	-0.835	-0.850	-0.719	-0.711	-0.833	-0.729	-0.725	-0.799	-0.978	-0.757	-0.726	-0.757	-0.973	-0.725	-0.726	-0.782	-0.832	
rs10901253     -0.876	-0.876	-0.867	-0.861	-0.900	-0.903	-0.918	-0.916	-0.934	-0.970	-0.940	-0.861	-0.780	-0.993	-0.989	-0.957	-0.990	-0.989	-0.965	-0.936	-0.989	-0.972	-0.947	-0.959	-0.629	-0.714	-0.712	-0.712	-0.571	-0.760	-0.563	-0.716	-0.726	-0.710	-0.580	-0.544	-0.710	-0.711	-0.711	-0.711	-0.711	-0.576	-0.574	-0.711	-0.714	-0.656	-0.711	-0.712	-0.733	-0.750	-0.734	-0.795	-0.713	-0.709	-0.736	-0.712	-0.704	-0.783	-0.712	-0.751	-0.711	-0.715	-0.739	-0.719	-0.791	-0.824	-0.704	-0.710	-0.666	-0.643	-0.720	-0.719	-0.721	-0.721	-0.720	-0.721	-0.779	-0.671	-0.719	-0.726	-0.753	-0.750	-0.707	-0.707	-0.808	-0.821	-0.820	-0.788	-0.719	-0.739	-0.830	-0.827	-0.729	-0.761	-0.788	-0.737	-0.726	-0.736	-0.721	-0.727	-0.802	-0.740	-0.725	-0.724	-0.733	-0.832	-0.734	-0.844	-0.842	-0.856	-0.727	-0.722	-0.833	-0.737	-0.733	-0.807	-0.983	-0.765	-0.734	-0.757	-0.978	-0.732	-0.734	-0.791	-0.832	
rs10751502     -0.643	-0.643	-0.638	-0.631	-0.667	-0.668	-0.680	-0.714	-0.731	-0.757	-0.735	-0.671	-0.508	-0.754	-0.755	-0.753	-0.756	-0.756	-0.753	-0.740	-0.755	-0.721	-0.722	-0.721	-0.388	-0.529	-0.541	-0.541	-0.458	-0.677	-0.458	-0.479	-0.492	-0.554	-0.544	-0.335	-0.557	-0.548	-0.550	-0.550	-0.551	-0.460	-0.467	-0.566	-0.563	-0.613	-0.570	-0.568	-0.572	-0.569	-0.572	-0.700	-0.568	-0.573	-0.572	-0.570	-0.578	-0.562	-0.571	-0.571	-0.576	-0.578	-0.670	-0.589	-0.697	-0.601	-0.588	-0.583	-0.421	-0.389	-0.576	-0.584	-0.576	-0.577	-0.576	-0.576	-0.689	-0.614	-0.636	-0.660	-0.559	-0.557	-0.647	-0.647	-0.489	-0.575	-0.571	-0.695	-0.655	-0.668	-0.622	-0.719	-0.504	-0.683	-0.498	-0.519	-0.499	-0.309	-0.487	-0.536	-0.596	-0.516	-0.534	-0.533	-0.541	-0.722	-0.510	-0.650	-0.649	-0.664	-0.535	-0.491	-0.722	-0.515	-0.541	-0.600	-0.678	-0.572	-0.542	-0.580	-0.618	-0.541	-0.509	-0.502	-0.722	
rs11244052     -0.872	-0.872	-0.863	-0.858	-0.896	-0.899	-0.914	-0.913	-0.931	-0.967	-0.937	-0.858	-0.778	-0.990	-0.986	-0.953	-0.986	-0.986	-0.961	-0.932	-0.985	-0.969	-0.944	-0.955	-0.624	-0.706	-0.709	-0.709	-0.583	-0.762	-0.575	-0.702	-0.711	-0.708	-0.710	-0.557	-0.576	-0.710	-0.711	-0.711	-0.711	-0.588	-0.585	-0.713	-0.714	-0.674	-0.714	-0.715	-0.740	-0.756	-0.741	-0.796	-0.715	-0.713	-0.742	-0.715	-0.711	-0.788	-0.715	-0.757	-0.715	-0.718	-0.741	-0.723	-0.793	-0.820	-0.710	-0.716	-0.637	-0.611	-0.723	-0.723	-0.724	-0.723	-0.723	-0.724	-0.780	-0.685	-0.727	-0.728	-0.744	-0.741	-0.709	-0.709	-0.799	-0.814	-0.813	-0.789	-0.721	-0.741	-0.821	-0.828	-0.715	-0.763	-0.776	-0.725	-0.712	-0.729	-0.704	-0.718	-0.793	-0.729	-0.716	-0.715	-0.724	-0.833	-0.722	-0.836	-0.834	-0.849	-0.717	-0.706	-0.833	-0.725	-0.723	-0.798	-0.978	-0.756	-0.725	-0.756	-0.972	-0.723	-0.721	-0.779	-0.832	
rs11244053     -0.875	-0.875	-0.866	-0.861	-0.899	-0.902	-0.917	-0.916	-0.934	-0.969	-0.940	-0.860	-0.780	-0.993	-0.989	-0.956	-0.989	-0.989	-0.964	-0.936	-0.988	-0.972	-0.947	-0.959	-0.628	-0.712	-0.711	-0.711	-0.574	-0.761	-0.567	-0.712	-0.723	-0.711	-0.711	-0.548	-0.710	-0.580	-0.711	-0.711	-0.711	-0.579	-0.577	-0.710	-0.712	-0.658	-0.710	-0.711	-0.735	-0.752	-0.736	-0.796	-0.711	-0.708	-0.737	-0.711	-0.703	-0.784	-0.711	-0.753	-0.710	-0.713	-0.740	-0.718	-0.792	-0.823	-0.703	-0.709	-0.653	-0.630	-0.718	-0.718	-0.720	-0.719	-0.718	-0.720	-0.780	-0.671	-0.720	-0.727	-0.751	-0.748	-0.708	-0.708	-0.806	-0.819	-0.817	-0.789	-0.720	-0.740	-0.828	-0.828	-0.722	-0.762	-0.785	-0.732	-0.720	-0.734	-0.714	-0.725	-0.800	-0.736	-0.723	-0.722	-0.731	-0.833	-0.728	-0.842	-0.840	-0.855	-0.724	-0.715	-0.833	-0.732	-0.730	-0.804	-0.982	-0.762	-0.732	-0.755	-0.977	-0.730	-0.728	-0.787	-0.832	
rs4962114      -0.875	-0.875	-0.866	-0.861	-0.899	-0.902	-0.917	-0.916	-0.934	-0.969	-0.939	-0.860	-0.780	-0.992	-0.988	-0.956	-0.989	-0.988	-0.964	-0.935	-0.988	-0.972	-0.947	-0.958	-0.628	-0.712	-0.711	-0.711	-0.576	-0.762	-0.569	-0.711	-0.721	-0.712	-0.711	-0.550	-0.711	-0.711	-0.579	-0.710	-0.710	-0.581	-0.578	-0.709	-0.712	-0.659	-0.709	-0.710	-0.736	-0.753	-0.737	-0.796	-0.711	-0.708	-0.738	-0.710	-0.703	-0.785	-0.710	-0.754	-0.709	-0.713	-0.740	-0.718	-0.792	-0.822	-0.703	-0.709	-0.647	-0.624	-0.718	-0.718	-0.719	-0.719	-0.718	-0.719	-0.780	-0.671	-0.721	-0.727	-0.750	-0.747	-0.708	-0.708	-0.804	-0.818	-0.816	-0.789	-0.720	-0.740	-0.827	-0.828	-0.720	-0.763	-0.783	-0.730	-0.717	-0.733	-0.710	-0.724	-0.799	-0.734	-0.722	-0.721	-0.730	-0.833	-0.726	-0.841	-0.839	-0.854	-0.723	-0.712	-0.834	-0.729	-0.729	-0.803	-0.981	-0.761	-0.731	-0.755	-0.976	-0.729	-0.726	-0.785	-0.832	
rs4962115      -0.875	-0.875	-0.866	-0.861	-0.899	-0.902	-0.917	-0.916	-0.934	-0.969	-0.939	-0.860	-0.780	-0.992	-0.988	-0.956	-0.989	-0.988	-0.964	-0.935	-0.988	-0.972	-0.946	-0.958	-0.628	-0.712	-0.711	-0.711	-0.576	-0.762	-0.569	-0.710	-0.721	-0.712	-0.711	-0.550	-0.711	-0.711	-0.710	-0.579	-0.710	-0.581	-0.578	-0.709	-0.712	-0.659	-0.709	-0.710	-0.736	-0.753	-0.737	-0.796	-0.711	-0.708	-0.739	-0.710	-0.703	-0.785	-0.710	-0.754	-0.709	-0.713	-0.740	-0.718	-0.792	-0.822	-0.703	-0.709	-0.647	-0.623	-0.718	-0.718	-0.719	-0.719	-0.718	-0.719	-0.780	-0.672	-0.721	-0.728	-0.749	-0.747	-0.708	-0.708	-0.804	-0.818	-0.816	-0.789	-0.720	-0.740	-0.827	-0.828	-0.719	-0.763	-0.783	-0.729	-0.716	-0.733	-0.710	-0.724	-0.798	-0.733	-0.722	-0.720	-0.730	-0.833	-0.726	-0.841	-0.839	-0.854	-0.723	-0.711	-0.834	-0.729	-0.729	-0.803	-0.981	-0.761	-0.730	-0.755	-0.976	-0.729	-0.725	-0.785	-0.833	
rs4962116      -0.875	-0.875	-0.866	-0.860	-0.899	-0.902	-0.917	-0.915	-0.934	-0.969	-0.939	-0.860	-0.780	-0.992	-0.988	-0.956	-0.988	-0.988	-0.964	-0.935	-0.988	-0.971	-0.946	-0.958	-0.628	-0.712	-0.711	-0.711	-0.577	-0.762	-0.570	-0.710	-0.721	-0.712	-0.711	-0.551	-0.711	-0.711	-0.710	-0.710	-0.579	-0.582	-0.579	-0.709	-0.711	-0.659	-0.709	-0.710	-0.736	-0.753	-0.737	-0.796	-0.711	-0.708	-0.739	-0.710	-0.703	-0.786	-0.710	-0.754	-0.709	-0.713	-0.740	-0.718	-0.792	-0.822	-0.703	-0.709	-0.645	-0.621	-0.717	-0.718	-0.719	-0.719	-0.718	-0.719	-0.780	-0.672	-0.721	-0.728	-0.749	-0.747	-0.709	-0.708	-0.804	-0.820	-0.816	-0.789	-0.720	-0.740	-0.826	-0.828	-0.718	-0.763	-0.782	-0.729	-0.715	-0.733	-0.709	-0.723	-0.798	-0.733	-0.721	-0.720	-0.730	-0.833	-0.725	-0.840	-0.839	-0.853	-0.723	-0.710	-0.834	-0.728	-0.729	-0.803	-0.981	-0.761	-0.730	-0.755	-0.976	-0.729	-0.725	-0.784	-0.833	
rs8176757      -0.663	-0.663	-0.658	-0.651	-0.686	-0.688	-0.700	-0.732	-0.749	-0.776	-0.754	-0.689	-0.529	-0.774	-0.775	-0.772	-0.776	-0.775	-0.772	-0.758	-0.775	-0.741	-0.741	-0.741	-0.408	-0.562	-0.573	-0.573	-0.473	-0.690	-0.470	-0.514	-0.526	-0.585	-0.576	-0.460	-0.588	-0.579	-0.581	-0.581	-0.582	-0.355	-0.476	-0.596	-0.593	-0.639	-0.599	-0.597	-0.593	-0.591	-0.593	-0.714	-0.597	-0.602	-0.593	-0.599	-0.607	-0.588	-0.600	-0.594	-0.605	-0.607	-0.682	-0.617	-0.711	-0.629	-0.616	-0.612	-0.456	-0.425	-0.605	-0.613	-0.604	-0.605	-0.605	-0.604	-0.703	-0.640	-0.660	-0.672	-0.581	-0.579	-0.659	-0.659	-0.518	-0.605	-0.600	-0.709	-0.667	-0.681	-0.643	-0.734	-0.536	-0.696	-0.530	-0.551	-0.531	-0.337	-0.520	-0.557	-0.618	-0.548	-0.556	-0.554	-0.563	-0.737	-0.542	-0.671	-0.670	-0.684	-0.557	-0.524	-0.737	-0.547	-0.562	-0.622	-0.701	-0.593	-0.563	-0.609	-0.643	-0.562	-0.541	-0.533	-0.737	
rs7469795      -0.660	-0.660	-0.654	-0.648	-0.683	-0.685	-0.697	-0.730	-0.746	-0.773	-0.751	-0.686	-0.525	-0.771	-0.772	-0.769	-0.772	-0.772	-0.769	-0.755	-0.772	-0.738	-0.738	-0.737	-0.405	-0.560	-0.571	-0.571	-0.479	-0.688	-0.477	-0.512	-0.524	-0.583	-0.574	-0.467	-0.585	-0.577	-0.578	-0.578	-0.579	-0.476	-0.352	-0.592	-0.589	-0.636	-0.596	-0.594	-0.590	-0.589	-0.590	-0.712	-0.594	-0.598	-0.590	-0.595	-0.603	-0.584	-0.597	-0.590	-0.601	-0.603	-0.680	-0.614	-0.709	-0.626	-0.612	-0.608	-0.452	-0.421	-0.601	-0.609	-0.601	-0.602	-0.601	-0.601	-0.701	-0.637	-0.657	-0.670	-0.578	-0.576	-0.657	-0.657	-0.515	-0.601	-0.596	-0.707	-0.665	-0.679	-0.640	-0.732	-0.532	-0.694	-0.526	-0.547	-0.527	-0.333	-0.516	-0.554	-0.614	-0.544	-0.552	-0.551	-0.560	-0.735	-0.538	-0.668	-0.667	-0.681	-0.554	-0.520	-0.735	-0.543	-0.559	-0.619	-0.697	-0.590	-0.560	-0.605	-0.639	-0.559	-0.537	-0.530	-0.734	
rs8176748      -0.872	-0.872	-0.863	-0.858	-0.896	-0.899	-0.914	-0.913	-0.931	-0.967	-0.937	-0.858	-0.779	-0.989	-0.985	-0.952	-0.985	-0.985	-0.960	-0.932	-0.984	-0.968	-0.943	-0.955	-0.623	-0.705	-0.711	-0.711	-0.592	-0.765	-0.585	-0.696	-0.709	-0.714	-0.711	-0.566	-0.713	-0.710	-0.709	-0.709	-0.709	-0.596	-0.592	-0.576	-0.708	-0.673	-0.707	-0.709	-0.745	-0.761	-0.746	-0.799	-0.708	-0.706	-0.747	-0.708	-0.705	-0.792	-0.708	-0.762	-0.708	-0.711	-0.744	-0.719	-0.795	-0.817	-0.705	-0.711	-0.596	-0.572	-0.717	-0.719	-0.718	-0.716	-0.717	-0.718	-0.783	-0.682	-0.729	-0.731	-0.740	-0.737	-0.712	-0.712	-0.793	-0.810	-0.807	-0.792	-0.724	-0.744	-0.817	-0.831	-0.694	-0.766	-0.767	-0.709	-0.690	-0.726	-0.680	-0.714	-0.789	-0.714	-0.712	-0.710	-0.720	-0.835	-0.703	-0.832	-0.831	-0.846	-0.713	-0.682	-0.836	-0.708	-0.719	-0.793	-0.976	-0.752	-0.720	-0.752	-0.971	-0.719	-0.704	-0.770	-0.835	
