## Summary of overall evidence for association with region:
## log10(BF for region) = 8.34858
## p-value for region = NA

## BFs for choosing among multi-SNP models:
## log10(average 1-SNP BF) = 7.1125
## log10(average 2-SNP BF) = 8.80855

## Example posterior probabilities for multi-SNP models, based on default prior: [p(l) propto 0.5^l for l=1,2,...,L]
## posterior probability of 1-SNP = 0.0387104
## posterior probability of 2-SNP = 0.96129

## log10(BF) for single SNP and pair of SNPs:
rs17829890     +2.728	+3.276	+2.670	+2.738	+3.215	+3.507	+2.728	+3.018	+3.327	+3.120	+4.233	+2.641	+3.032	+2.978	+3.822	+4.929	+3.096	+2.755	+2.618	+3.106	+4.353	+3.095	+4.301	+2.536	+2.733	+2.741	+4.073	+3.033	+2.540	+4.264	+3.874	+2.689	+4.181	+3.568	+5.198	+4.792	+4.360	+4.642	+3.699	+3.833	+3.287	+3.855	+2.643	+4.197	+4.145	+3.872	+3.730	+4.940	+5.167	+4.092	+4.082	+3.023	+4.282	+2.511	+3.752	+5.611	+3.527	+3.904	+3.786	+3.134	+2.418	+2.461	+2.263	+2.399	+2.906	+4.192	+2.414	+3.738	+2.854	+2.807	+3.517	+2.353	+2.830	+5.410	+2.874	+7.146	+8.959	+3.147	+2.519	+2.506	+9.297	+9.404	+9.335	+9.548	+9.571	+9.519	+8.972	+9.625	+9.396	+9.662	+9.601	+9.118	+9.614	+9.316	+9.552	+9.144	+9.481	+9.227	+9.030	+9.637	+9.638	+9.172	+9.307	+9.181	+9.181	+8.415	+8.394	+7.961	+8.332	+8.327	+8.318	+7.891	+7.988	+7.940	+8.326	+8.246	+8.250	+8.036	+7.829	+7.886	+7.840	+7.853	+7.759	+7.851	+7.579	+7.725	+7.252	+5.785	+5.923	+5.088	+4.967	+4.388	+4.413	+2.240	+2.318	+2.433	+2.115	+2.701	+2.501	+2.125	+2.375	+2.398	+2.377	+2.273	+2.431	+2.485	+2.533	+2.317	+2.169	+2.736	+2.138	+2.248	+2.184	+2.209	+2.103	+2.555	+2.379	+2.094	+2.181	+4.123	+4.002	+3.833	+4.180	+4.221	+4.171	+4.234	+4.032	+4.109	+3.970	+3.957	
rs7180942      +3.276	-0.644	+3.030	+3.264	-0.808	+2.948	+3.256	+3.950	+2.179	+1.851	+3.315	+2.961	-0.836	-0.782	+3.210	+3.929	-0.838	+1.025	+2.942	+1.815	-0.791	-0.852	-0.803	+2.521	+3.245	+3.294	-0.855	-0.873	+2.255	-0.727	-0.324	+2.021	+3.137	+2.094	+4.833	+3.880	+3.491	+3.524	+2.183	+2.244	+2.911	+2.599	-0.844	+2.997	+2.762	+2.359	+2.133	+3.960	+4.538	+4.984	+4.962	-0.983	+2.843	-0.608	-0.979	+5.094	+4.290	+4.872	+4.568	-0.998	+0.613	+1.677	+0.503	+1.777	+2.074	+3.075	+1.620	+2.619	-0.985	+0.719	-0.634	+1.553	+2.476	+4.881	+2.574	+1.319	+8.618	-0.672	+0.629	-0.621	+6.877	+6.999	+6.925	+7.157	+7.180	+7.122	+6.509	+7.234	+6.986	+7.276	+7.211	+6.611	+7.225	+6.872	+7.158	+6.713	+7.093	+6.815	+6.600	+7.253	+7.254	+6.747	+6.894	+6.756	+6.755	+5.874	+5.849	+5.371	+5.773	+5.767	+5.758	+5.287	+5.393	+5.341	+5.766	+5.677	+5.683	+5.438	+5.205	+5.271	+5.221	+5.236	+5.132	+5.233	+4.931	+5.095	+4.585	+3.016	+3.196	+2.407	+2.270	+1.667	+1.710	-1.017	-0.953	-0.878	-1.037	-0.437	-0.826	-1.046	-0.923	-0.906	-0.922	-0.991	-0.882	-0.997	-0.762	-1.020	-1.079	-0.587	-1.087	-0.564	-1.101	-1.096	-0.858	-0.697	-0.309	-0.883	-1.069	+0.934	+0.828	+0.718	+0.991	+1.028	+0.983	+1.051	+0.908	+0.986	+0.801	+0.789	
rs16941323     +2.670	+3.030	+2.537	+2.662	+2.971	+3.358	+2.652	+2.976	+3.174	+2.967	+4.083	+2.511	+2.795	+2.742	+3.670	+4.765	+2.856	+2.595	+2.502	+2.951	+4.072	+2.856	+4.022	+2.379	+2.642	+2.653	+3.801	+2.797	+2.350	+3.992	+3.649	+2.561	+4.028	+3.412	+5.049	+4.639	+4.210	+4.488	+3.542	+3.673	+3.184	+3.700	+2.415	+4.041	+3.991	+3.714	+3.572	+4.785	+5.014	+4.090	+4.079	+2.780	+4.122	+2.298	+3.481	+5.460	+3.478	+3.879	+3.762	+2.888	+2.256	+2.324	+2.081	+2.254	+2.788	+4.047	+2.273	+3.590	+2.631	+2.647	+3.283	+2.203	+2.716	+5.271	+2.763	+6.844	+8.823	+2.859	+2.365	+2.292	+9.129	+9.236	+9.167	+9.383	+9.403	+9.351	+8.800	+9.457	+9.228	+9.494	+9.436	+8.947	+9.446	+9.147	+9.386	+8.975	+9.313	+9.059	+8.861	+9.469	+9.470	+9.003	+9.138	+9.012	+9.012	+8.245	+8.224	+7.790	+8.161	+8.156	+8.148	+7.719	+7.817	+7.768	+8.155	+8.076	+8.080	+7.865	+7.656	+7.713	+7.668	+7.681	+7.586	+7.679	+7.405	+7.553	+7.078	+5.612	+5.750	+4.920	+4.799	+4.220	+4.245	+2.055	+2.133	+2.247	+1.934	+2.519	+2.315	+1.943	+2.190	+2.213	+2.192	+2.088	+2.247	+2.288	+2.346	+2.128	+1.983	+2.547	+1.950	+2.077	+1.994	+2.019	+1.924	+2.369	+2.212	+1.915	+1.991	+3.940	+3.823	+3.656	+3.997	+4.036	+3.988	+4.053	+3.854	+3.932	+3.789	+3.776	
rs17829939     +2.738	+3.264	+2.662	+2.719	+3.203	+3.500	+2.724	+3.016	+3.320	+3.113	+4.226	+2.633	+3.021	+2.967	+3.815	+4.921	+3.084	+2.748	+2.612	+3.099	+4.339	+3.084	+4.288	+2.528	+2.728	+2.737	+4.061	+3.021	+2.530	+4.252	+3.863	+2.683	+4.175	+3.561	+5.191	+4.785	+4.353	+4.635	+3.692	+3.826	+3.281	+3.848	+2.633	+4.190	+4.138	+3.865	+3.723	+4.933	+5.160	+4.091	+4.081	+3.012	+4.275	+2.501	+3.740	+5.605	+3.524	+3.902	+3.785	+3.122	+2.410	+2.454	+2.254	+2.392	+2.900	+4.185	+2.407	+3.731	+2.843	+2.799	+3.507	+2.346	+2.825	+5.404	+2.869	+7.133	+8.953	+3.133	+2.511	+2.495	+9.289	+9.396	+9.327	+9.540	+9.563	+9.511	+8.964	+9.617	+9.389	+9.654	+9.594	+9.110	+9.606	+9.309	+9.544	+9.136	+9.473	+9.219	+9.022	+9.629	+9.630	+9.164	+9.299	+9.173	+9.173	+8.407	+8.386	+7.953	+8.324	+8.319	+8.310	+7.883	+7.980	+7.932	+8.318	+8.238	+8.242	+8.028	+7.821	+7.878	+7.832	+7.845	+7.751	+7.843	+7.570	+7.717	+7.244	+5.777	+5.915	+5.080	+4.959	+4.381	+4.405	+2.231	+2.309	+2.424	+2.107	+2.692	+2.493	+2.116	+2.366	+2.389	+2.369	+2.264	+2.423	+2.476	+2.524	+2.308	+2.160	+2.727	+2.129	+2.240	+2.175	+2.200	+2.094	+2.546	+2.371	+2.086	+2.172	+4.114	+3.993	+3.824	+4.171	+4.211	+4.162	+4.225	+4.023	+4.100	+3.961	+3.948	
rs8035239      +3.215	-0.808	+2.971	+3.203	-0.648	+2.970	+3.220	+3.908	+2.200	+1.875	+3.328	+2.926	-0.858	-0.821	+3.226	+3.937	-0.860	+1.049	+2.909	+1.838	-0.772	-0.866	-0.784	+2.489	+3.206	+3.254	-0.843	-0.884	+2.217	-0.704	-0.294	+1.996	+3.153	+2.112	+4.834	+3.886	+3.518	+3.534	+2.203	+2.259	+2.876	+2.615	-0.870	+3.009	+2.775	+2.375	+2.149	+3.968	+4.541	+4.963	+4.941	-0.995	+2.856	-0.617	-0.980	+5.092	+4.266	+4.851	+4.547	-1.006	+0.592	+1.657	+0.488	+1.753	+2.060	+3.095	+1.603	+2.642	-0.986	+0.736	-0.605	+1.533	+2.456	+4.896	+2.553	+1.380	+8.617	-0.684	+0.609	-0.630	+6.891	+7.013	+6.938	+7.171	+7.194	+7.136	+6.522	+7.248	+7.001	+7.292	+7.226	+6.625	+7.241	+6.887	+7.172	+6.727	+7.108	+6.828	+6.613	+7.269	+7.270	+6.760	+6.910	+6.769	+6.769	+5.877	+5.852	+5.374	+5.776	+5.770	+5.760	+5.290	+5.396	+5.343	+5.769	+5.679	+5.685	+5.440	+5.209	+5.275	+5.226	+5.241	+5.136	+5.238	+4.934	+5.099	+4.589	+3.021	+3.201	+2.412	+2.276	+1.671	+1.714	-1.021	-0.956	-0.882	-1.042	-0.440	-0.829	-1.051	-0.926	-0.910	-0.926	-0.995	-0.885	-1.000	-0.769	-1.024	-1.083	-0.589	-1.092	-0.570	-1.105	-1.100	-0.866	-0.700	-0.317	-0.891	-1.074	+0.928	+0.822	+0.712	+0.985	+1.022	+0.977	+1.045	+0.901	+0.979	+0.795	+0.782	
rs10163123     +3.507	+2.948	+3.358	+3.500	+2.970	+2.083	+3.504	+4.093	+1.874	+1.862	+2.550	+3.328	+3.017	+3.190	+2.166	+2.927	+2.962	+2.234	+3.369	+1.861	+1.689	+2.921	+1.702	+3.136	+3.731	+3.743	+1.761	+2.905	+2.992	+1.673	+1.560	+3.256	+2.474	+2.007	+3.514	+2.986	+2.651	+2.852	+2.098	+2.164	+4.154	+2.211	+2.360	+2.445	+2.472	+2.225	+2.121	+3.107	+3.367	+5.057	+5.049	+2.036	+2.507	+1.782	+1.787	+3.844	+4.643	+5.036	+4.778	+1.953	+2.547	+2.906	+2.105	+3.018	+3.290	+2.679	+2.927	+2.182	+2.096	+1.694	+1.785	+2.996	+3.699	+3.912	+3.766	+2.043	+7.556	+1.597	+2.687	+1.782	+7.862	+7.967	+7.901	+8.110	+8.131	+8.079	+7.553	+8.178	+7.954	+8.218	+8.157	+7.629	+8.173	+7.905	+8.110	+7.711	+8.077	+7.812	+7.620	+8.195	+8.196	+7.738	+7.868	+7.745	+7.745	+7.004	+6.983	+6.557	+6.918	+6.913	+6.904	+6.487	+6.581	+6.535	+6.911	+6.835	+6.838	+6.614	+6.209	+6.234	+6.200	+6.213	+6.123	+6.211	+5.951	+6.090	+5.637	+4.400	+4.539	+3.822	+3.713	+3.270	+3.286	+1.564	+1.625	+1.745	+1.556	+1.982	+1.810	+1.544	+1.696	+1.716	+1.695	+1.617	+1.741	+1.569	+2.208	+1.546	+1.500	+1.891	+1.498	+1.841	+1.479	+1.485	+1.659	+1.874	+2.050	+1.638	+1.502	+3.635	+3.504	+3.408	+3.693	+3.732	+3.684	+3.749	+3.619	+3.699	+3.480	+3.467	
rs62019260     +2.728	+3.256	+2.652	+2.724	+3.220	+3.504	+2.728	+3.018	+3.324	+3.119	+4.231	+2.660	+3.032	+2.988	+3.819	+4.925	+3.096	+2.753	+2.622	+3.104	+4.356	+3.096	+4.322	+2.545	+2.732	+2.740	+4.078	+3.034	+2.547	+4.270	+3.889	+2.686	+4.179	+3.566	+5.194	+4.789	+4.358	+4.638	+3.697	+3.830	+3.286	+3.853	+2.652	+4.194	+4.142	+3.870	+3.729	+4.937	+5.164	+4.093	+4.083	+3.033	+4.279	+2.522	+3.771	+5.606	+3.524	+3.903	+3.785	+3.146	+2.418	+2.458	+2.266	+2.397	+2.899	+4.192	+2.411	+3.737	+2.866	+2.806	+3.535	+2.351	+2.824	+5.410	+2.868	+7.193	+8.959	+3.177	+2.519	+2.516	+9.291	+9.398	+9.329	+9.542	+9.565	+9.513	+8.966	+9.619	+9.390	+9.656	+9.595	+9.112	+9.608	+9.310	+9.546	+9.138	+9.475	+9.221	+9.024	+9.631	+9.632	+9.166	+9.301	+9.175	+9.175	+8.410	+8.389	+7.956	+8.326	+8.321	+8.313	+7.885	+7.983	+7.934	+8.320	+8.241	+8.245	+8.031	+7.825	+7.881	+7.836	+7.849	+7.755	+7.847	+7.574	+7.721	+7.248	+5.782	+5.921	+5.086	+4.964	+4.387	+4.411	+2.240	+2.319	+2.433	+2.115	+2.700	+2.502	+2.125	+2.375	+2.398	+2.378	+2.273	+2.432	+2.486	+2.531	+2.318	+2.170	+2.736	+2.138	+2.248	+2.184	+2.209	+2.103	+2.555	+2.378	+2.094	+2.180	+4.121	+3.998	+3.829	+4.177	+4.218	+4.169	+4.231	+4.030	+4.107	+3.968	+3.956	
rs4887368      +3.018	+3.950	+2.976	+3.016	+3.908	+4.093	+3.018	+3.241	+3.670	+3.814	+5.094	+2.970	+3.954	+3.846	+4.141	+5.225	+3.993	+3.413	+2.972	+3.789	+5.577	+3.983	+5.535	+2.924	+3.054	+3.068	+5.248	+3.901	+2.925	+5.463	+4.925	+3.108	+5.004	+4.346	+5.493	+5.113	+5.189	+4.972	+4.529	+4.184	+3.701	+4.679	+3.509	+4.526	+4.475	+4.732	+4.578	+5.263	+5.471	+4.158	+4.147	+3.983	+4.623	+3.014	+4.980	+5.913	+3.620	+3.968	+3.858	+4.124	+2.895	+2.899	+2.735	+2.930	+3.122	+4.954	+2.859	+4.486	+3.722	+3.510	+4.469	+2.858	+3.051	+5.668	+3.085	+8.753	+9.193	+5.085	+3.002	+3.007	+9.652	+9.757	+9.689	+9.901	+9.921	+9.870	+9.324	+9.972	+9.747	+10.008	+9.951	+9.473	+9.961	+9.670	+9.902	+9.498	+9.825	+9.577	+9.383	+9.983	+9.985	+9.526	+9.658	+9.535	+9.535	+8.788	+8.767	+8.341	+8.708	+8.704	+8.695	+8.274	+8.369	+8.323	+8.703	+8.625	+8.629	+8.421	+8.232	+8.288	+8.242	+8.255	+8.162	+8.253	+7.984	+8.129	+7.661	+6.705	+6.848	+5.892	+5.764	+5.144	+5.168	+2.751	+2.831	+2.942	+2.619	+3.182	+3.011	+2.630	+2.884	+2.908	+2.887	+2.781	+2.942	+3.056	+3.058	+2.824	+2.671	+3.258	+2.642	+2.748	+2.717	+2.744	+2.602	+3.155	+2.885	+2.594	+2.688	+4.814	+4.695	+4.505	+4.874	+4.916	+4.865	+4.940	+4.719	+4.799	+4.653	+4.640	
rs56224969     +3.327	+2.179	+3.174	+3.320	+2.200	+1.874	+3.324	+3.670	+1.763	+1.568	+2.492	+3.143	+2.325	+2.437	+2.212	+2.874	+2.281	+1.543	+3.184	+1.544	+1.284	+2.247	+1.293	+2.941	+3.309	+3.323	+1.335	+2.232	+2.793	+1.271	+1.207	+3.051	+2.403	+1.859	+3.634	+2.941	+2.598	+2.771	+1.989	+1.972	+3.938	+2.119	+1.839	+2.329	+2.340	+2.133	+2.021	+3.052	+3.386	+4.654	+4.646	+1.555	+2.357	+1.489	+1.360	+3.901	+4.229	+4.617	+4.376	+1.499	+2.290	+2.696	+1.875	+2.597	+2.926	+2.619	+2.715	+2.082	+1.598	+1.442	+1.354	+2.564	+3.263	+4.026	+3.331	+1.853	+7.674	+1.260	+2.422	+1.488	+7.716	+7.822	+7.756	+7.967	+7.989	+7.936	+7.367	+8.040	+7.813	+8.079	+8.017	+7.482	+8.034	+7.760	+7.970	+7.564	+7.931	+7.667	+7.468	+8.055	+8.056	+7.590	+7.721	+7.597	+7.597	+6.846	+6.824	+6.389	+6.759	+6.754	+6.746	+6.320	+6.414	+6.368	+6.753	+6.675	+6.679	+6.452	+6.061	+6.090	+6.053	+6.065	+5.974	+6.063	+5.795	+5.941	+5.477	+4.281	+4.435	+3.702	+3.587	+3.117	+3.135	+1.263	+1.330	+1.453	+1.242	+1.683	+1.521	+1.232	+1.403	+1.423	+1.402	+1.320	+1.450	+1.294	+1.893	+1.250	+1.197	+1.616	+1.187	+1.552	+1.176	+1.187	+1.342	+1.647	+1.776	+1.322	+1.194	+3.351	+3.236	+3.162	+3.410	+3.449	+3.401	+3.474	+3.370	+3.451	+3.205	+3.191	
rs7165979      +3.120	+1.851	+2.967	+3.113	+1.875	+1.862	+3.119	+3.814	+1.568	+1.541	+2.467	+2.937	+2.184	+2.282	+2.057	+2.827	+2.139	+1.350	+2.978	+1.419	+1.100	+2.100	+1.110	+2.737	+3.435	+3.450	+1.152	+2.066	+2.587	+1.082	+1.011	+2.844	+2.346	+1.742	+3.528	+2.904	+2.582	+2.737	+1.844	+1.934	+3.721	+2.014	+1.700	+2.289	+2.300	+1.989	+1.863	+3.021	+3.333	+4.811	+4.803	+1.390	+2.333	+1.277	+1.190	+3.842	+4.370	+4.775	+4.522	+1.329	+2.080	+2.496	+1.677	+2.679	+2.991	+2.557	+2.503	+2.014	+1.426	+1.255	+1.157	+2.640	+3.376	+3.939	+3.446	+1.619	+7.602	+1.123	+2.208	+1.277	+7.675	+7.783	+7.715	+7.929	+7.950	+7.897	+7.360	+7.999	+7.771	+8.039	+7.977	+7.436	+7.993	+7.718	+7.929	+7.521	+7.893	+7.624	+7.426	+8.016	+8.017	+7.549	+7.682	+7.556	+7.556	+6.782	+6.760	+6.322	+6.693	+6.687	+6.679	+6.250	+6.346	+6.299	+6.686	+6.607	+6.611	+6.381	+5.992	+6.022	+5.985	+5.998	+5.905	+5.995	+5.727	+5.872	+5.403	+3.991	+4.137	+3.439	+3.327	+2.860	+2.879	+1.055	+1.123	+1.246	+1.032	+1.523	+1.312	+1.023	+1.196	+1.216	+1.195	+1.114	+1.243	+1.070	+1.638	+1.045	+0.991	+1.418	+0.977	+1.345	+0.965	+0.975	+1.149	+1.359	+1.558	+1.128	+0.986	+3.063	+2.952	+2.875	+3.120	+3.158	+3.111	+3.175	+3.068	+3.148	+2.929	+2.916	
rs10520674     +4.233	+3.315	+4.083	+4.226	+3.328	+2.550	+4.231	+5.094	+2.492	+2.467	+2.870	+4.052	+3.745	+3.804	+2.689	+3.120	+3.653	+2.606	+4.098	+2.469	+3.269	+3.615	+3.314	+3.865	+4.686	+4.696	+3.447	+3.570	+3.722	+3.231	+2.890	+3.999	+2.769	+2.932	+3.672	+3.168	+2.904	+3.071	+2.630	+2.593	+4.932	+2.762	+4.510	+2.753	+2.779	+2.615	+2.581	+3.289	+3.506	+6.055	+6.044	+3.886	+2.819	+2.529	+3.349	+3.959	+5.694	+6.106	+5.773	+3.741	+3.302	+3.638	+2.831	+3.974	+4.206	+3.188	+3.698	+2.721	+2.756	+2.385	+2.510	+3.998	+4.731	+4.248	+4.807	+2.452	+7.645	+2.383	+3.462	+2.529	+8.166	+8.267	+8.203	+8.405	+8.426	+8.375	+7.873	+8.473	+8.256	+8.512	+8.451	+7.942	+8.469	+8.218	+8.406	+8.020	+8.378	+8.119	+7.932	+8.491	+8.492	+8.047	+8.172	+8.054	+8.053	+7.358	+7.337	+6.925	+7.275	+7.270	+7.262	+6.859	+6.950	+6.905	+7.269	+7.195	+7.199	+6.979	+6.562	+6.585	+6.550	+6.562	+6.476	+6.560	+6.310	+6.445	+6.024	+4.665	+4.794	+4.172	+4.072	+3.673	+3.684	+2.297	+2.355	+2.475	+2.305	+2.688	+2.540	+2.290	+2.428	+2.447	+2.427	+2.350	+2.473	+2.282	+2.811	+2.268	+2.230	+2.572	+2.244	+2.577	+2.214	+2.216	+2.404	+2.590	+2.779	+2.383	+2.240	+4.213	+4.090	+4.009	+4.269	+4.307	+4.261	+4.319	+4.208	+4.283	+4.073	+4.060	
rs4887370      +2.641	+2.961	+2.511	+2.633	+2.926	+3.328	+2.660	+2.970	+3.143	+2.937	+4.052	+2.497	+2.750	+2.708	+3.641	+4.734	+2.813	+2.564	+2.486	+2.921	+4.030	+2.815	+3.998	+2.354	+2.625	+2.637	+3.761	+2.757	+2.319	+3.955	+3.623	+2.534	+3.999	+3.381	+5.020	+4.610	+4.183	+4.457	+3.512	+3.642	+3.160	+3.671	+2.376	+4.011	+3.960	+3.684	+3.541	+4.756	+4.986	+4.095	+4.083	+2.740	+4.092	+2.259	+3.442	+5.429	+3.469	+3.877	+3.760	+2.847	+2.223	+2.295	+2.045	+2.223	+2.761	+4.021	+2.243	+3.561	+2.596	+2.616	+3.250	+2.171	+2.690	+5.249	+2.737	+6.826	+8.801	+2.818	+2.333	+2.259	+9.093	+9.201	+9.132	+9.348	+9.368	+9.316	+8.764	+9.422	+9.192	+9.459	+9.401	+8.911	+9.411	+9.111	+9.351	+8.940	+9.278	+9.024	+8.826	+9.433	+9.435	+8.968	+9.103	+8.977	+8.977	+8.207	+8.186	+7.752	+8.124	+8.119	+8.110	+7.681	+7.779	+7.731	+8.118	+8.038	+8.042	+7.827	+7.619	+7.675	+7.630	+7.643	+7.549	+7.641	+7.368	+7.515	+7.042	+5.573	+5.712	+4.882	+4.760	+4.182	+4.208	+2.018	+2.097	+2.210	+1.897	+2.481	+2.278	+1.906	+2.153	+2.176	+2.155	+2.051	+2.210	+2.250	+2.306	+2.091	+1.947	+2.509	+1.913	+2.040	+1.957	+1.982	+1.887	+2.331	+2.175	+1.878	+1.953	+3.901	+3.782	+3.613	+3.957	+3.996	+3.949	+4.013	+3.813	+3.890	+3.750	+3.738	
rs2059588      +3.032	-0.836	+2.795	+3.021	-0.858	+3.017	+3.032	+3.954	+2.325	+2.184	+3.745	+2.750	-0.657	-0.830	+3.405	+4.101	-0.832	+1.282	+2.742	+2.151	-0.666	-0.818	-0.691	+2.337	+3.211	+3.257	-0.776	-0.851	+2.081	-0.597	-0.148	+1.908	+3.474	+2.369	+4.991	+4.056	+3.889	+3.672	+2.488	+2.372	+2.784	+2.962	-0.894	+3.156	+2.888	+2.667	+2.400	+4.087	+4.680	+4.986	+4.965	-1.002	+2.965	-0.640	-0.957	+5.272	+4.282	+4.884	+4.568	-1.007	+0.545	+1.567	+0.438	+1.758	+2.047	+3.350	+1.504	+2.967	-0.971	+0.868	-0.483	+1.525	+2.449	+5.040	+2.548	+1.690	+8.771	-0.702	+0.565	-0.652	+6.916	+7.038	+6.964	+7.197	+7.219	+7.162	+6.546	+7.274	+7.026	+7.318	+7.251	+6.651	+7.267	+6.910	+7.198	+6.752	+7.132	+6.852	+6.637	+7.294	+7.296	+6.785	+6.935	+6.794	+6.794	+5.910	+5.885	+5.406	+5.808	+5.802	+5.793	+5.321	+5.427	+5.374	+5.801	+5.711	+5.717	+5.472	+5.252	+5.321	+5.270	+5.285	+5.181	+5.282	+4.978	+5.143	+4.632	+3.105	+3.289	+2.467	+2.328	+1.709	+1.753	-1.028	-0.963	-0.888	-1.051	-0.444	-0.836	-1.060	-0.933	-0.916	-0.933	-1.002	-0.892	-1.004	-0.782	-1.029	-1.090	-0.591	-1.102	-0.584	-1.113	-1.107	-0.880	-0.706	-0.333	-0.905	-1.084	+0.913	+0.808	+0.696	+0.970	+1.007	+0.962	+1.030	+0.885	+0.962	+0.781	+0.768	
rs1110306      +2.978	-0.782	+2.742	+2.967	-0.821	+3.190	+2.988	+3.846	+2.437	+2.282	+3.804	+2.708	-0.830	-0.658	+3.524	+4.213	-0.807	+1.362	+2.701	+2.248	-0.627	-0.813	-0.642	+2.298	+3.151	+3.200	-0.728	-0.838	+2.037	-0.532	-0.054	+1.882	+3.599	+2.468	+5.143	+4.152	+3.981	+3.774	+2.541	+2.456	+2.744	+3.018	-0.917	+3.245	+2.975	+2.721	+2.474	+4.217	+4.831	+4.894	+4.873	-1.007	+3.066	-0.648	-0.950	+5.385	+4.193	+4.778	+4.477	-1.009	+0.525	+1.541	+0.421	+1.686	+2.015	+3.419	+1.470	+3.024	-0.963	+0.910	-0.427	+1.459	+2.386	+5.130	+2.487	+1.764	+8.860	-0.718	+0.545	-0.660	+6.942	+7.065	+6.990	+7.223	+7.246	+7.188	+6.571	+7.299	+7.052	+7.342	+7.277	+6.677	+7.290	+6.932	+7.223	+6.778	+7.155	+6.878	+6.663	+7.318	+7.319	+6.811	+6.959	+6.821	+6.820	+5.932	+5.907	+5.428	+5.831	+5.824	+5.815	+5.344	+5.450	+5.397	+5.823	+5.734	+5.740	+5.496	+5.281	+5.350	+5.299	+5.314	+5.209	+5.311	+5.007	+5.172	+4.661	+3.118	+3.300	+2.479	+2.340	+1.720	+1.764	-1.028	-0.963	-0.889	-1.053	-0.442	-0.836	-1.062	-0.934	-0.917	-0.933	-1.003	-0.892	-1.002	-0.786	-1.028	-1.091	-0.589	-1.103	-0.588	-1.113	-1.107	-0.885	-0.707	-0.338	-0.909	-1.086	+0.912	+0.807	+0.694	+0.969	+1.005	+0.961	+1.029	+0.883	+0.960	+0.780	+0.767	
rs1128994      +3.822	+3.210	+3.670	+3.815	+3.226	+2.166	+3.819	+4.141	+2.212	+2.057	+2.689	+3.641	+3.405	+3.524	+2.355	+2.976	+3.349	+2.508	+3.616	+2.113	+1.966	+3.309	+1.979	+3.394	+3.736	+3.787	+2.035	+3.268	+3.282	+1.943	+1.823	+3.553	+2.624	+2.214	+3.545	+3.039	+2.773	+2.927	+2.297	+2.287	+4.443	+2.383	+2.643	+2.530	+2.572	+2.421	+2.331	+3.164	+3.408	+5.047	+5.039	+2.298	+2.603	+2.047	+2.055	+3.873	+4.692	+5.073	+4.778	+2.227	+2.825	+3.180	+2.379	+3.103	+3.367	+2.829	+3.236	+2.345	+2.381	+1.930	+2.078	+3.080	+3.771	+3.949	+3.836	+2.281	+7.569	+1.821	+2.973	+2.048	+8.010	+8.113	+8.047	+8.255	+8.276	+8.224	+7.704	+8.323	+8.101	+8.361	+8.301	+7.780	+8.317	+8.057	+8.255	+7.859	+8.222	+7.960	+7.768	+8.339	+8.340	+7.885	+8.014	+7.892	+7.892	+7.169	+7.149	+6.725	+7.086	+7.081	+7.072	+6.658	+6.750	+6.705	+7.080	+7.002	+7.007	+6.784	+6.379	+6.401	+6.368	+6.380	+6.291	+6.378	+6.120	+6.259	+5.808	+4.679	+4.821	+4.109	+4.000	+3.551	+3.565	+1.822	+1.884	+2.007	+1.812	+2.230	+2.074	+1.800	+1.958	+1.978	+1.957	+1.878	+2.004	+1.849	+2.525	+1.805	+1.757	+2.168	+1.754	+2.106	+1.738	+1.749	+1.910	+2.206	+2.328	+1.891	+1.758	+3.959	+3.835	+3.753	+4.019	+4.058	+4.009	+4.081	+3.969	+4.049	+3.809	+3.795	
rs7168040      +4.929	+3.929	+4.765	+4.921	+3.937	+2.927	+4.925	+5.225	+2.874	+2.827	+3.120	+4.734	+4.101	+4.213	+2.976	+3.316	+4.062	+2.955	+4.689	+2.821	+3.685	+4.028	+3.721	+4.458	+4.794	+4.853	+3.860	+3.984	+4.350	+3.640	+3.319	+4.602	+3.072	+2.978	+3.723	+3.351	+3.170	+3.298	+2.928	+3.030	+5.377	+2.969	+4.802	+3.086	+3.065	+2.983	+2.937	+3.469	+3.626	+6.109	+6.098	+4.216	+3.072	+3.038	+3.693	+4.034	+5.834	+6.229	+5.841	+4.082	+3.749	+4.234	+3.376	+4.156	+4.387	+3.656	+4.356	+3.153	+3.151	+2.815	+2.929	+4.171	+4.891	+4.407	+4.967	+2.853	+7.618	+2.723	+3.928	+3.037	+8.546	+8.644	+8.583	+8.783	+8.804	+8.753	+8.209	+8.853	+8.638	+8.892	+8.831	+8.330	+8.849	+8.607	+8.786	+8.401	+8.755	+8.501	+8.312	+8.869	+8.870	+8.425	+8.550	+8.432	+8.432	+7.755	+7.734	+7.321	+7.674	+7.670	+7.662	+7.258	+7.348	+7.305	+7.669	+7.594	+7.600	+7.383	+6.947	+6.966	+6.930	+6.943	+6.858	+6.941	+6.690	+6.827	+6.407	+5.346	+5.490	+4.785	+4.679	+4.265	+4.275	+2.719	+2.783	+2.918	+2.715	+3.096	+2.990	+2.701	+2.868	+2.888	+2.866	+2.783	+2.915	+2.728	+3.276	+2.691	+2.647	+2.996	+2.659	+2.999	+2.631	+2.636	+2.801	+3.112	+3.222	+2.783	+2.655	+4.785	+4.662	+4.582	+4.844	+4.884	+4.835	+4.904	+4.795	+4.874	+4.638	+4.624	
rs7174995      +3.096	-0.838	+2.856	+3.084	-0.860	+2.962	+3.096	+3.993	+2.281	+2.139	+3.653	+2.813	-0.832	-0.807	+3.349	+4.062	-0.655	+1.246	+2.815	+2.105	-0.686	-0.824	-0.703	+2.403	+3.298	+3.350	-0.778	-0.855	+2.143	-0.606	-0.163	+1.938	+3.425	+2.335	+4.939	+4.010	+3.817	+3.629	+2.412	+2.338	+2.821	+2.884	-0.884	+3.116	+2.852	+2.594	+2.332	+4.036	+4.625	+5.031	+5.009	-1.000	+2.922	-0.634	-0.962	+5.224	+4.324	+4.919	+4.602	-1.006	+0.560	+1.597	+0.454	+1.774	+2.062	+3.279	+1.532	+2.882	-0.974	+0.835	-0.516	+1.543	+2.469	+4.995	+2.570	+1.628	+8.723	-0.697	+0.576	-0.647	+6.907	+7.029	+6.954	+7.187	+7.209	+7.152	+6.537	+7.263	+7.015	+7.305	+7.240	+6.640	+7.253	+6.898	+7.187	+6.743	+7.120	+6.843	+6.628	+7.281	+7.283	+6.776	+6.923	+6.785	+6.785	+5.900	+5.875	+5.397	+5.799	+5.792	+5.783	+5.313	+5.419	+5.366	+5.791	+5.702	+5.708	+5.464	+5.239	+5.307	+5.256	+5.271	+5.167	+5.268	+4.966	+5.130	+4.620	+3.083	+3.265	+2.451	+2.313	+1.698	+1.742	-1.026	-0.961	-0.887	-1.049	-0.443	-0.835	-1.058	-0.932	-0.915	-0.931	-1.001	-0.890	-1.003	-0.779	-1.028	-1.089	-0.591	-1.099	-0.581	-1.111	-1.105	-0.877	-0.705	-0.329	-0.902	-1.082	+0.916	+0.811	+0.700	+0.973	+1.009	+0.965	+1.032	+0.888	+0.966	+0.784	+0.771	
rs7175374      +2.755	+1.025	+2.595	+2.748	+1.049	+2.234	+2.753	+3.413	+1.543	+1.350	+2.606	+2.564	+1.282	+1.362	+2.508	+2.955	+1.246	+0.956	+2.561	+1.410	+0.489	+1.214	+0.495	+2.317	+2.979	+3.024	+0.526	+1.189	+2.180	+0.477	+0.455	+2.435	+2.481	+1.624	+3.835	+2.983	+2.777	+2.715	+1.702	+1.750	+3.267	+1.990	+1.006	+2.288	+2.183	+1.860	+1.692	+3.058	+3.529	+4.425	+4.417	+0.732	+2.219	+0.744	+0.567	+4.053	+3.972	+4.385	+4.129	+0.681	+1.584	+2.081	+1.241	+2.224	+2.593	+2.588	+2.079	+2.056	+0.741	+0.874	+0.522	+2.145	+2.924	+4.221	+2.998	+1.180	+7.861	+0.580	+1.697	+0.743	+7.306	+7.416	+7.348	+7.566	+7.587	+7.533	+6.954	+7.640	+7.407	+7.680	+7.617	+7.063	+7.633	+7.338	+7.569	+7.151	+7.526	+7.255	+7.052	+7.656	+7.657	+7.179	+7.315	+7.186	+7.186	+6.398	+6.375	+5.928	+6.307	+6.301	+6.292	+5.854	+5.952	+5.903	+6.300	+6.218	+6.223	+5.989	+5.619	+5.654	+5.615	+5.628	+5.533	+5.625	+5.348	+5.499	+5.022	+3.589	+3.746	+3.038	+2.920	+2.432	+2.456	+0.500	+0.564	+0.674	+0.483	+0.956	+0.738	+0.472	+0.627	+0.646	+0.626	+0.548	+0.671	+0.516	+1.017	+0.490	+0.437	+0.866	+0.427	+0.816	+0.414	+0.421	+0.596	+0.826	+1.035	+0.574	+0.435	+2.448	+2.335	+2.258	+2.505	+2.542	+2.496	+2.563	+2.454	+2.532	+2.309	+2.296	
rs55872905     +2.618	+2.942	+2.502	+2.612	+2.909	+3.369	+2.622	+2.972	+3.184	+2.978	+4.098	+2.486	+2.742	+2.701	+3.616	+4.689	+2.815	+2.561	+2.542	+2.911	+4.042	+2.841	+4.013	+2.414	+2.640	+2.657	+3.780	+2.785	+2.357	+3.968	+3.603	+2.575	+4.007	+3.424	+5.064	+4.611	+4.188	+4.501	+3.524	+3.650	+3.175	+3.682	+2.413	+4.017	+4.004	+3.695	+3.552	+4.755	+4.984	+4.101	+4.088	+2.772	+4.096	+2.296	+3.467	+5.476	+3.484	+3.881	+3.767	+2.878	+2.255	+2.325	+2.083	+2.259	+2.794	+4.057	+2.280	+3.596	+2.620	+2.652	+3.267	+2.205	+2.727	+5.257	+2.773	+6.821	+8.838	+2.869	+2.360	+2.293	+9.187	+9.295	+9.226	+9.440	+9.463	+9.411	+8.861	+9.516	+9.287	+9.553	+9.493	+9.006	+9.505	+9.205	+9.443	+9.034	+9.372	+9.117	+8.919	+9.528	+9.529	+9.062	+9.197	+9.071	+9.071	+8.297	+8.275	+7.841	+8.213	+8.208	+8.199	+7.770	+7.868	+7.819	+8.207	+8.125	+8.131	+7.915	+7.707	+7.762	+7.718	+7.731	+7.636	+7.728	+7.454	+7.602	+7.126	+5.651	+5.791	+4.950	+4.828	+4.247	+4.272	+2.056	+2.134	+2.247	+1.936	+2.531	+2.314	+1.945	+2.189	+2.211	+2.191	+2.089	+2.245	+2.291	+2.358	+2.129	+1.986	+2.565	+1.953	+2.083	+1.996	+2.022	+1.927	+2.373	+2.220	+1.917	+1.989	+3.945	+3.820	+3.649	+4.002	+4.043	+3.993	+4.057	+3.852	+3.928	+3.792	+3.779	
rs4887373      +3.106	+1.815	+2.951	+3.099	+1.838	+1.861	+3.104	+3.789	+1.544	+1.419	+2.469	+2.921	+2.151	+2.248	+2.113	+2.821	+2.105	+1.410	+2.911	+1.486	+1.065	+2.067	+1.075	+2.679	+3.359	+3.407	+1.120	+2.134	+2.553	+1.047	+0.971	+2.815	+2.346	+1.713	+3.567	+2.906	+2.602	+2.719	+1.811	+1.890	+3.668	+1.997	+1.687	+2.266	+2.270	+1.956	+1.825	+3.014	+3.363	+4.755	+4.747	+1.367	+2.294	+1.232	+1.163	+3.874	+4.339	+4.745	+4.467	+1.305	+2.031	+2.457	+1.642	+2.646	+2.951	+2.553	+2.475	+2.001	+1.445	+1.208	+1.145	+2.588	+3.342	+4.014	+3.414	+1.557	+7.647	+1.075	+2.159	+1.232	+7.551	+7.659	+7.591	+7.805	+7.826	+7.773	+7.233	+7.876	+7.647	+7.916	+7.854	+7.313	+7.870	+7.588	+7.806	+7.398	+7.770	+7.501	+7.303	+7.893	+7.894	+7.425	+7.559	+7.433	+7.432	+6.666	+6.645	+6.207	+6.577	+6.572	+6.564	+6.135	+6.231	+6.184	+6.571	+6.491	+6.496	+6.265	+5.875	+5.905	+5.869	+5.882	+5.789	+5.879	+5.611	+5.756	+5.289	+3.894	+4.040	+3.359	+3.247	+2.784	+2.804	+1.001	+1.063	+1.179	+0.989	+1.444	+1.243	+0.978	+1.131	+1.150	+1.130	+1.052	+1.176	+1.015	+1.569	+0.990	+0.940	+1.357	+0.931	+1.297	+0.916	+0.924	+1.096	+1.322	+1.511	+1.075	+0.938	+2.979	+2.859	+2.783	+3.036	+3.073	+3.027	+3.090	+2.983	+3.061	+2.838	+2.825	
rs1991287      +4.353	-0.791	+4.072	+4.339	-0.772	+1.689	+4.356	+5.577	+1.284	+1.100	+3.269	+4.030	-0.666	-0.627	+1.966	+3.685	-0.686	+0.489	+4.042	+1.065	-0.533	-0.685	-0.687	+3.545	+4.773	+4.848	-0.705	-0.728	+3.229	-0.677	-0.395	+2.612	+3.059	+1.981	+4.558	+3.636	+3.472	+3.267	+2.074	+2.006	+3.566	+2.508	+0.179	+2.733	+2.521	+2.243	+1.997	+3.657	+4.231	+6.563	+6.527	-0.479	+2.572	-0.418	-0.694	+4.817	+5.834	+6.564	+6.061	-0.579	+0.976	+2.269	+0.886	+2.762	+2.686	+2.427	+2.282	+1.874	-0.909	+0.451	-0.800	+2.512	+3.448	+3.860	+3.567	+1.397	+8.452	-0.385	+0.976	-0.435	+6.815	+6.936	+6.862	+7.093	+7.115	+7.058	+6.452	+7.169	+6.923	+7.212	+7.146	+6.546	+7.161	+6.815	+7.094	+6.652	+7.034	+6.755	+6.542	+7.188	+7.189	+6.684	+6.831	+6.693	+6.693	+5.821	+5.796	+5.321	+5.720	+5.714	+5.705	+5.238	+5.343	+5.291	+5.713	+5.625	+5.630	+5.385	+5.122	+5.182	+5.135	+5.150	+5.047	+5.147	+4.847	+5.010	+4.501	+2.983	+3.162	+2.378	+2.244	+1.660	+1.700	-0.917	-0.856	-0.782	-0.924	-0.351	-0.730	-0.935	-0.825	-0.809	-0.825	-0.892	-0.785	-0.914	-0.657	-0.929	-0.979	-0.513	-0.973	-0.428	-0.997	-0.995	-0.720	-0.602	-0.163	-0.746	-0.954	+1.032	+0.925	+0.822	+1.089	+1.126	+1.081	+1.147	+1.012	+1.089	+0.901	+0.888	
rs1991286      +3.095	-0.852	+2.856	+3.084	-0.866	+2.921	+3.096	+3.983	+2.247	+2.100	+3.615	+2.815	-0.818	-0.813	+3.309	+4.028	-0.824	+1.214	+2.841	+2.067	-0.685	-0.654	-0.711	+2.431	+3.327	+3.380	-0.790	-0.842	+2.170	-0.618	-0.183	+1.956	+3.405	+2.306	+4.913	+3.989	+3.819	+3.611	+2.400	+2.319	+2.840	+2.855	-0.868	+3.091	+2.832	+2.572	+2.311	+4.022	+4.603	+5.069	+5.047	-0.993	+2.907	-0.631	-0.962	+5.198	+4.358	+4.965	+4.638	-1.001	+0.576	+1.615	+0.465	+1.810	+2.076	+3.254	+1.558	+2.855	-0.975	+0.816	-0.526	+1.576	+2.499	+4.969	+2.598	+1.618	+8.707	-0.688	+0.593	-0.643	+6.903	+7.026	+6.951	+7.184	+7.207	+7.149	+6.534	+7.261	+7.013	+7.305	+7.239	+6.638	+7.254	+6.899	+7.185	+6.740	+7.120	+6.840	+6.625	+7.282	+7.283	+6.773	+6.922	+6.782	+6.782	+5.898	+5.873	+5.394	+5.797	+5.790	+5.781	+5.310	+5.416	+5.363	+5.789	+5.700	+5.706	+5.461	+5.238	+5.306	+5.256	+5.270	+5.166	+5.267	+4.963	+5.129	+4.617	+3.080	+3.263	+2.447	+2.308	+1.694	+1.738	-1.025	-0.960	-0.886	-1.048	-0.443	-0.834	-1.057	-0.931	-0.914	-0.930	-1.000	-0.890	-1.003	-0.777	-1.027	-1.088	-0.591	-1.098	-0.579	-1.110	-1.104	-0.875	-0.704	-0.327	-0.900	-1.080	+0.918	+0.812	+0.702	+0.974	+1.011	+0.966	+1.034	+0.890	+0.968	+0.785	+0.773	
rs3784406      +4.301	-0.803	+4.022	+4.288	-0.784	+1.702	+4.322	+5.535	+1.293	+1.110	+3.314	+3.998	-0.691	-0.642	+1.979	+3.721	-0.703	+0.495	+4.013	+1.075	-0.687	-0.711	-0.541	+3.518	+4.718	+4.791	-0.713	-0.747	+3.192	-0.670	-0.378	+2.588	+3.090	+2.007	+4.598	+3.668	+3.511	+3.292	+2.103	+2.026	+3.530	+2.545	+0.184	+2.759	+2.543	+2.272	+2.023	+3.683	+4.262	+6.538	+6.500	-0.500	+2.591	-0.428	-0.705	+4.848	+5.821	+6.532	+6.056	-0.592	+0.960	+2.252	+0.870	+2.734	+2.671	+2.437	+2.261	+1.886	-0.916	+0.453	-0.800	+2.494	+3.426	+3.870	+3.550	+1.448	+8.482	-0.396	+0.955	-0.444	+6.817	+6.938	+6.864	+7.095	+7.117	+7.060	+6.453	+7.170	+6.924	+7.213	+7.148	+6.548	+7.163	+6.816	+7.095	+6.653	+7.036	+6.757	+6.543	+7.190	+7.191	+6.686	+6.833	+6.695	+6.695	+5.822	+5.797	+5.322	+5.721	+5.715	+5.706	+5.239	+5.343	+5.291	+5.713	+5.625	+5.631	+5.386	+5.124	+5.185	+5.138	+5.152	+5.049	+5.149	+4.849	+5.012	+4.503	+2.985	+3.164	+2.379	+2.244	+1.658	+1.699	-0.924	-0.863	-0.789	-0.931	-0.357	-0.737	-0.942	-0.832	-0.816	-0.832	-0.899	-0.792	-0.920	-0.664	-0.935	-0.986	-0.519	-0.980	-0.435	-1.004	-1.002	-0.727	-0.608	-0.171	-0.754	-0.962	+1.023	+0.916	+0.814	+1.080	+1.116	+1.072	+1.138	+1.003	+1.080	+0.891	+0.879	
rs62019264     +2.536	+2.521	+2.379	+2.528	+2.489	+3.136	+2.545	+2.924	+2.941	+2.737	+3.865	+2.354	+2.337	+2.298	+3.394	+4.458	+2.403	+2.317	+2.414	+2.679	+3.545	+2.431	+3.518	+2.227	+2.539	+2.554	+3.413	+2.446	+2.116	+3.605	+3.284	+2.393	+3.770	+3.179	+4.833	+4.373	+3.957	+4.258	+3.279	+3.399	+2.991	+3.444	+2.025	+3.774	+3.759	+3.449	+3.306	+4.516	+4.751	+4.134	+4.118	+2.353	+3.847	+1.917	+2.989	+5.241	+3.431	+3.865	+3.764	+2.451	+1.985	+2.120	+1.796	+2.040	+2.618	+3.823	+2.066	+3.352	+2.242	+2.388	+2.865	+1.971	+2.553	+5.023	+2.603	+6.325	+8.618	+2.410	+2.096	+1.933	+8.920	+9.028	+8.959	+9.176	+9.197	+9.144	+8.588	+9.249	+9.019	+9.286	+9.228	+8.733	+9.238	+8.938	+9.178	+8.765	+9.106	+8.850	+8.651	+9.261	+9.263	+8.794	+8.929	+8.803	+8.803	+8.022	+8.000	+7.564	+7.938	+7.932	+7.924	+7.492	+7.591	+7.542	+7.932	+7.849	+7.855	+7.638	+7.431	+7.488	+7.444	+7.457	+7.362	+7.455	+7.179	+7.328	+6.850	+5.376	+5.517	+4.685	+4.562	+3.980	+4.006	+1.755	+1.834	+1.947	+1.639	+2.235	+2.015	+1.647	+1.891	+1.914	+1.893	+1.790	+1.946	+1.975	+2.036	+1.825	+1.685	+2.259	+1.648	+1.804	+1.690	+1.715	+1.633	+2.072	+1.942	+1.623	+1.680	+3.654	+3.536	+3.365	+3.710	+3.750	+3.702	+3.769	+3.565	+3.642	+3.503	+3.490	
rs4887374      +2.733	+3.245	+2.642	+2.728	+3.206	+3.731	+2.732	+3.054	+3.309	+3.435	+4.686	+2.625	+3.211	+3.151	+3.736	+4.794	+3.298	+2.979	+2.640	+3.359	+4.773	+3.327	+4.718	+2.539	+2.776	+2.770	+4.626	+3.343	+2.501	+4.838	+4.328	+2.804	+4.582	+3.961	+5.155	+4.719	+4.772	+4.618	+4.070	+3.778	+3.368	+4.228	+2.846	+4.132	+4.119	+4.264	+4.112	+4.864	+5.082	+4.184	+4.166	+3.267	+4.218	+2.455	+4.121	+5.570	+3.503	+3.910	+3.815	+3.388	+2.475	+2.547	+2.291	+2.443	+2.836	+4.545	+2.504	+4.066	+3.067	+3.074	+3.767	+2.395	+2.767	+5.299	+2.808	+7.811	+8.875	+4.049	+2.587	+2.474	+9.326	+9.433	+9.363	+9.578	+9.598	+9.546	+8.994	+9.648	+9.421	+9.684	+9.627	+9.141	+9.637	+9.344	+9.577	+9.170	+9.502	+9.251	+9.055	+9.660	+9.661	+9.199	+9.332	+9.208	+9.208	+8.444	+8.423	+7.993	+8.363	+8.359	+8.350	+7.924	+8.020	+7.974	+8.358	+8.276	+8.283	+8.071	+7.884	+7.941	+7.897	+7.909	+7.815	+7.907	+7.635	+7.782	+7.308	+6.257	+6.402	+5.462	+5.334	+4.716	+4.741	+2.299	+2.379	+2.492	+2.173	+2.752	+2.560	+2.182	+2.433	+2.457	+2.436	+2.331	+2.490	+2.583	+2.595	+2.368	+2.222	+2.820	+2.188	+2.327	+2.258	+2.285	+2.160	+2.703	+2.469	+2.150	+2.223	+4.345	+4.230	+4.038	+4.404	+4.445	+4.395	+4.473	+4.251	+4.330	+4.185	+4.172	
rs3784405      +2.741	+3.294	+2.653	+2.737	+3.254	+3.743	+2.740	+3.068	+3.323	+3.450	+4.696	+2.637	+3.257	+3.200	+3.787	+4.853	+3.350	+3.024	+2.657	+3.407	+4.848	+3.380	+4.791	+2.554	+2.770	+2.798	+4.703	+3.397	+2.527	+4.919	+4.399	+2.807	+4.638	+3.972	+5.166	+4.775	+4.828	+4.628	+4.121	+3.828	+3.390	+4.280	+2.888	+4.182	+4.128	+4.319	+4.166	+4.922	+5.139	+4.157	+4.142	+3.310	+4.271	+2.477	+4.186	+5.582	+3.506	+3.913	+3.803	+3.432	+2.499	+2.569	+2.313	+2.465	+2.849	+4.563	+2.519	+4.087	+3.115	+3.096	+3.824	+2.415	+2.776	+5.343	+2.817	+7.904	+8.890	+4.034	+2.610	+2.497	+9.329	+9.435	+9.366	+9.580	+9.601	+9.548	+8.997	+9.651	+9.423	+9.687	+9.629	+9.143	+9.639	+9.347	+9.580	+9.173	+9.504	+9.254	+9.059	+9.662	+9.663	+9.202	+9.334	+9.211	+9.211	+8.452	+8.431	+8.001	+8.371	+8.367	+8.358	+7.933	+8.029	+7.982	+8.366	+8.287	+8.291	+8.080	+7.893	+7.951	+7.906	+7.919	+7.825	+7.917	+7.644	+7.792	+7.318	+6.266	+6.410	+5.473	+5.345	+4.728	+4.754	+2.330	+2.413	+2.528	+2.198	+2.773	+2.598	+2.208	+2.469	+2.493	+2.471	+2.364	+2.527	+2.621	+2.620	+2.403	+2.252	+2.841	+2.216	+2.342	+2.289	+2.317	+2.182	+2.725	+2.479	+2.173	+2.252	+4.364	+4.246	+4.055	+4.423	+4.465	+4.414	+4.489	+4.267	+4.347	+4.205	+4.191	
rs3784404      +4.073	-0.855	+3.801	+4.061	-0.843	+1.761	+4.078	+5.248	+1.335	+1.152	+3.447	+3.761	-0.776	-0.728	+2.035	+3.860	-0.778	+0.526	+3.780	+1.120	-0.705	-0.790	-0.713	+3.413	+4.626	+4.703	-0.568	-0.797	+3.105	-0.564	-0.282	+2.456	+3.219	+2.124	+4.779	+3.796	+3.636	+3.418	+2.203	+2.118	+3.448	+2.661	-0.134	+2.869	+2.643	+2.373	+2.115	+3.808	+4.415	+6.239	+6.204	-0.639	+2.684	-0.479	-0.790	+4.999	+5.533	+6.223	+5.767	-0.706	+0.899	+2.129	+0.794	+2.547	+2.562	+2.466	+2.121	+1.923	-0.951	+0.460	-0.804	+2.320	+3.261	+3.907	+3.392	+1.546	+8.584	-0.456	+0.896	-0.489	+6.831	+6.953	+6.879	+7.110	+7.133	+7.075	+6.466	+7.186	+6.939	+7.228	+7.163	+6.563	+7.177	+6.828	+7.111	+6.668	+7.049	+6.770	+6.556	+7.205	+7.206	+6.701	+6.847	+6.709	+6.709	+5.831	+5.806	+5.330	+5.730	+5.724	+5.715	+5.247	+5.352	+5.300	+5.723	+5.634	+5.640	+5.395	+5.142	+5.204	+5.156	+5.171	+5.067	+5.168	+4.867	+5.030	+4.519	+2.996	+3.175	+2.383	+2.248	+1.657	+1.698	-0.949	-0.888	-0.814	-0.958	-0.381	-0.762	-0.969	-0.858	-0.841	-0.857	-0.925	-0.818	-0.942	-0.692	-0.960	-1.011	-0.540	-1.008	-0.468	-1.030	-1.027	-0.758	-0.634	-0.204	-0.785	-0.989	+0.997	+0.890	+0.786	+1.054	+1.090	+1.046	+1.112	+0.976	+1.053	+0.865	+0.853	
rs6496463      +3.033	-0.873	+2.797	+3.021	-0.884	+2.905	+3.034	+3.901	+2.232	+2.066	+3.570	+2.757	-0.851	-0.838	+3.268	+3.984	-0.855	+1.189	+2.785	+2.134	-0.728	-0.842	-0.747	+2.446	+3.343	+3.397	-0.797	-0.652	+2.189	-0.628	-0.194	+1.933	+3.359	+2.289	+4.890	+3.949	+3.771	+3.589	+2.377	+2.302	+2.846	+2.824	-0.874	+3.062	+2.816	+2.552	+2.291	+3.990	+4.575	+4.981	+4.959	-0.998	+2.883	-0.633	-0.972	+5.166	+4.287	+4.876	+4.572	-1.006	+0.582	+1.601	+0.461	+1.782	+2.065	+3.296	+1.542	+2.814	-0.974	+0.831	-0.532	+1.562	+2.482	+5.013	+2.584	+1.521	+8.647	-0.687	+0.597	-0.642	+6.895	+7.018	+6.943	+7.176	+7.198	+7.141	+6.527	+7.252	+7.005	+7.297	+7.230	+6.630	+7.245	+6.891	+7.177	+6.731	+7.112	+6.833	+6.618	+7.273	+7.275	+6.765	+6.914	+6.774	+6.774	+5.892	+5.867	+5.389	+5.791	+5.784	+5.775	+5.304	+5.410	+5.358	+5.783	+5.694	+5.700	+5.455	+5.231	+5.299	+5.249	+5.264	+5.160	+5.261	+4.957	+5.122	+4.611	+3.075	+3.258	+2.443	+2.305	+1.692	+1.735	-1.024	-0.960	-0.885	-1.046	-0.442	-0.833	-1.055	-0.930	-0.913	-0.929	-0.999	-0.889	-1.002	-0.775	-1.027	-1.087	-0.591	-1.097	-0.577	-1.109	-1.103	-0.872	-0.703	-0.324	-0.898	-1.079	+0.919	+0.813	+0.703	+0.975	+1.012	+0.967	+1.035	+0.892	+0.970	+0.787	+0.774	
rs7162431      +2.540	+2.255	+2.350	+2.530	+2.217	+2.992	+2.547	+2.925	+2.793	+2.587	+3.722	+2.319	+2.081	+2.037	+3.282	+4.350	+2.143	+2.180	+2.357	+2.553	+3.229	+2.170	+3.192	+2.116	+2.501	+2.527	+3.105	+2.189	+2.031	+3.406	+2.996	+2.295	+3.660	+3.027	+4.695	+4.272	+3.850	+4.111	+3.160	+3.281	+2.888	+3.328	+1.779	+3.663	+3.611	+3.330	+3.184	+4.413	+4.652	+4.141	+4.125	+2.082	+3.734	+1.674	+2.679	+5.099	+3.420	+3.879	+3.767	+2.179	+1.821	+2.018	+1.625	+1.922	+2.529	+3.695	+1.949	+3.215	+1.996	+2.233	+2.601	+1.848	+2.466	+4.930	+2.519	+5.963	+8.508	+2.036	+1.931	+1.690	+8.748	+8.857	+8.787	+9.005	+9.025	+8.973	+8.414	+9.078	+8.847	+9.115	+9.057	+8.533	+9.067	+8.765	+9.007	+8.593	+8.935	+8.678	+8.479	+9.090	+9.091	+8.622	+8.757	+8.631	+8.631	+7.850	+7.829	+7.390	+7.765	+7.760	+7.751	+7.319	+7.417	+7.368	+7.759	+7.679	+7.683	+7.464	+7.254	+7.311	+7.267	+7.280	+7.184	+7.278	+7.001	+7.150	+6.670	+5.191	+5.334	+4.508	+4.385	+3.802	+3.828	+1.567	+1.645	+1.763	+1.450	+2.042	+1.831	+1.458	+1.705	+1.728	+1.707	+1.604	+1.762	+1.789	+1.842	+1.641	+1.500	+2.072	+1.461	+1.614	+1.505	+1.530	+1.445	+1.883	+1.752	+1.434	+1.493	+3.455	+3.339	+3.172	+3.512	+3.551	+3.503	+3.569	+3.370	+3.447	+3.305	+3.292	
rs6496464      +4.264	-0.727	+3.992	+4.252	-0.704	+1.673	+4.270	+5.463	+1.271	+1.082	+3.231	+3.955	-0.597	-0.532	+1.943	+3.640	-0.606	+0.477	+3.968	+1.047	-0.677	-0.618	-0.670	+3.605	+4.838	+4.919	-0.564	-0.628	+3.406	-0.492	-0.440	+2.591	+3.015	+1.956	+4.549	+3.598	+3.436	+3.238	+2.047	+1.978	+3.720	+2.473	+0.314	+2.694	+2.496	+2.212	+1.966	+3.621	+4.200	+6.456	+6.421	-0.385	+2.534	-0.393	-0.624	+4.783	+5.770	+6.458	+6.001	-0.484	+1.074	+2.286	+0.919	+2.751	+2.710	+2.412	+2.300	+1.854	-0.864	+0.453	-0.790	+2.535	+3.463	+3.836	+3.595	+1.196	+8.403	-0.334	+1.066	-0.400	+6.812	+6.933	+6.859	+7.089	+7.111	+7.054	+6.450	+7.164	+6.919	+7.207	+7.142	+6.541	+7.157	+6.813	+7.090	+6.649	+7.031	+6.753	+6.540	+7.184	+7.185	+6.682	+6.827	+6.690	+6.690	+5.821	+5.796	+5.322	+5.720	+5.714	+5.705	+5.239	+5.344	+5.292	+5.713	+5.625	+5.631	+5.385	+5.115	+5.175	+5.128	+5.142	+5.039	+5.139	+4.841	+5.002	+4.496	+2.982	+3.160	+2.382	+2.249	+1.670	+1.709	-0.879	-0.819	-0.745	-0.882	-0.316	-0.694	-0.894	-0.789	-0.772	-0.788	-0.854	-0.749	-0.879	-0.614	-0.893	-0.941	-0.482	-0.930	-0.382	-0.957	-0.956	-0.670	-0.566	-0.112	-0.697	-0.912	+1.072	+0.965	+0.864	+1.129	+1.166	+1.121	+1.187	+1.054	+1.131	+0.941	+0.928	
rs6496465      +3.874	-0.324	+3.649	+3.863	-0.294	+1.560	+3.889	+4.925	+1.207	+1.011	+2.890	+3.623	-0.148	-0.054	+1.823	+3.319	-0.163	+0.455	+3.603	+0.971	-0.395	-0.183	-0.378	+3.284	+4.328	+4.399	-0.282	-0.194	+2.996	-0.440	-0.194	+3.756	+2.695	+1.695	+4.189	+3.279	+3.073	+2.952	+1.792	+1.762	+3.044	+2.179	+0.656	+2.416	+2.269	+1.961	+1.737	+3.320	+3.858	+5.968	+5.943	+0.055	+2.294	+0.048	-0.236	+4.418	+5.376	+5.975	+5.563	-0.048	+1.251	+2.701	+1.296	+3.247	+3.136	+2.362	+2.755	+1.776	-0.462	+0.512	-0.576	+3.066	+3.984	+3.759	+4.121	+0.694	+8.160	+0.061	+1.209	+0.038	+6.836	+6.954	+6.882	+7.109	+7.131	+7.075	+6.482	+7.183	+6.941	+7.225	+7.161	+6.564	+7.176	+6.844	+7.109	+6.674	+7.057	+6.779	+6.569	+7.203	+7.204	+6.706	+6.849	+6.714	+6.714	+5.864	+5.840	+5.372	+5.765	+5.759	+5.750	+5.290	+5.394	+5.342	+5.757	+5.671	+5.677	+5.432	+5.128	+5.180	+5.135	+5.150	+5.049	+5.147	+4.854	+5.012	+4.517	+3.028	+3.202	+2.456	+2.327	+1.779	+1.815	-0.595	-0.540	-0.449	-0.599	-0.061	-0.396	-0.611	-0.494	-0.477	-0.494	-0.563	-0.453	-0.601	-0.300	-0.607	-0.656	-0.173	-0.649	-0.118	-0.676	-0.675	-0.404	-0.274	+0.143	-0.431	-0.635	+1.361	+1.252	+1.153	+1.418	+1.455	+1.410	+1.475	+1.343	+1.420	+1.230	+1.217	
rs16941328     +2.689	+2.021	+2.561	+2.683	+1.996	+3.256	+2.686	+3.108	+3.051	+2.844	+3.999	+2.534	+1.908	+1.882	+3.553	+4.602	+1.938	+2.435	+2.575	+2.815	+2.612	+1.956	+2.588	+2.393	+2.804	+2.807	+2.456	+1.933	+2.295	+2.591	+3.756	+2.280	+3.943	+3.296	+4.985	+4.563	+4.131	+4.404	+3.435	+3.563	+3.975	+3.601	+1.973	+3.944	+3.888	+3.610	+3.463	+4.711	+4.944	+4.050	+4.042	+2.259	+4.022	+2.022	+2.246	+5.387	+3.479	+3.867	+3.746	+2.347	+2.217	+2.110	+1.860	+2.170	+2.572	+3.973	+2.052	+3.488	+2.151	+2.517	+2.710	+2.104	+2.511	+5.244	+2.562	+5.749	+8.826	+2.027	+2.408	+2.015	+9.069	+9.181	+9.111	+9.329	+9.349	+9.295	+8.737	+9.397	+9.166	+9.436	+9.377	+8.886	+9.387	+9.072	+9.327	+8.914	+9.266	+9.005	+8.807	+9.418	+9.420	+8.950	+9.084	+8.959	+8.959	+8.168	+8.147	+7.707	+8.083	+8.078	+8.070	+7.635	+7.736	+7.687	+8.077	+7.995	+8.000	+7.788	+7.558	+7.612	+7.571	+7.584	+7.489	+7.582	+7.306	+7.455	+6.973	+5.491	+5.634	+4.814	+4.691	+4.099	+4.127	+1.728	+1.834	+1.874	+1.674	+2.328	+1.930	+1.671	+1.827	+1.845	+1.828	+1.749	+1.872	+1.820	+2.046	+1.719	+1.643	+2.027	+1.630	+1.937	+1.645	+1.657	+1.722	+2.029	+2.124	+1.705	+1.646	+3.653	+3.534	+3.379	+3.710	+3.748	+3.702	+3.764	+3.581	+3.658	+3.509	+3.496	
