## Summary of overall evidence for association with region:
## log10(BF for region) = 0.728756
## p-value for region = NA

## BFs for choosing among multi-SNP models:
## log10(average 1-SNP BF) = 0.702321
## log10(average 2-SNP BF) = 0.777241

## Example posterior probabilities for multi-SNP models, based on default prior: [p(l) propto 0.5^l for l=1,2,...,L]
## posterior probability of 1-SNP = 0.627297
## posterior probability of 2-SNP = 0.372703

## log10(BF) for single SNP and pair of SNPs:
rs138332251    -0.449	-0.567	-0.339	-0.497	-0.482	-0.747	-0.846	-0.845	-0.749	-0.713	-0.848	-0.847	-0.847	-0.748	-0.748	-0.849	-0.848	-0.845	-0.846	-0.845	-0.851	-0.845	-0.843	-0.540	-0.645	-0.784	-0.732	-0.839	-0.844	-0.713	-0.812	-0.567	-0.054	-0.823	+0.501	+0.802	-0.726	-0.726	-0.574	-0.681	+1.251	-0.713	-0.499	-0.504	-0.683	-0.417	-0.566	+1.896	-0.584	-0.369	-0.610	-0.584	-0.707	-0.709	-0.708	+1.256	-0.470	+1.777	+0.271	+1.462	-0.687	+1.146	-0.686	+1.871	-0.687	-0.631	-0.704	-0.663	-0.635	-0.718	-0.311	-0.312	-0.719	-0.720	-0.147	-0.640	+0.214	-0.338	-0.331	-0.640	-0.326	+0.215	+0.213	-0.640	-0.334	-0.328	-0.342	-0.640	-0.639	-0.624	-0.363	-0.356	-0.638	+0.193	-0.646	-0.375	-0.368	-0.361	-0.621	-0.396	-0.173	-0.635	-0.398	+0.221	+0.219	-0.406	-0.712	-0.095	+0.144	+0.148	-0.269	-0.548	+0.201	+0.199	-0.691	-0.682	-0.695	+1.076	+0.119	+0.119	-0.276	-0.727	-0.281	+0.167	-0.701	-0.722	-0.709	+0.165	+0.161	-0.126	-0.359	-0.339	-0.764	-0.081	-0.168	-0.357	-0.362	-0.295	-0.337	-0.317	-0.211	-0.354	-0.325	-0.314	-0.307	-0.239	-0.132	+0.449	+0.643	+0.597	-0.869	+0.638	+0.591	+0.592	+0.590	+0.594	+0.668	+0.662	+0.172	+0.008	+0.579	+0.004	-0.479	+0.497	-0.028	-0.870	+0.032	-0.063	+0.575	-0.228	-0.216	-0.206	-0.221	+0.380	
rs138677428    -0.567	-0.449	-0.338	-0.496	-0.482	-0.746	-0.846	-0.845	-0.749	-0.713	-0.847	-0.847	-0.847	-0.748	-0.747	-0.849	-0.848	-0.844	-0.845	-0.845	-0.850	-0.844	-0.843	-0.540	-0.644	-0.784	-0.731	-0.839	-0.843	-0.712	-0.811	-0.567	-0.053	-0.824	+0.502	+0.798	-0.726	-0.726	-0.574	-0.682	+1.253	-0.713	-0.498	-0.504	-0.683	-0.416	-0.566	+1.892	-0.584	-0.368	-0.610	-0.584	-0.708	-0.709	-0.709	+1.251	-0.469	+1.773	+0.269	+1.464	-0.687	+1.148	-0.686	+1.868	-0.687	-0.631	-0.704	-0.664	-0.637	-0.718	-0.309	-0.310	-0.718	-0.720	-0.149	-0.641	+0.212	-0.336	-0.330	-0.641	-0.325	+0.214	+0.212	-0.642	-0.333	-0.327	-0.340	-0.642	-0.641	-0.625	-0.362	-0.355	-0.640	+0.192	-0.647	-0.374	-0.367	-0.359	-0.623	-0.394	-0.174	-0.637	-0.397	+0.220	+0.218	-0.404	-0.712	-0.093	+0.147	+0.147	-0.268	-0.548	+0.203	+0.202	-0.691	-0.681	-0.695	+1.078	+0.122	+0.121	-0.275	-0.727	-0.280	+0.170	-0.701	-0.722	-0.709	+0.168	+0.164	-0.124	-0.358	-0.338	-0.764	-0.079	-0.166	-0.355	-0.360	-0.294	-0.335	-0.316	-0.211	-0.353	-0.323	-0.313	-0.305	-0.238	-0.130	+0.451	+0.645	+0.599	-0.869	+0.640	+0.592	+0.594	+0.592	+0.595	+0.670	+0.663	+0.173	+0.009	+0.578	+0.005	-0.479	+0.497	-0.027	-0.870	+0.033	-0.062	+0.577	-0.227	-0.215	-0.205	-0.220	+0.381	
rs62039577     -0.339	-0.338	-0.006	-0.216	-0.215	-0.348	-0.436	-0.434	-0.347	-0.309	-0.438	-0.436	-0.437	-0.349	-0.348	-0.439	-0.438	-0.433	-0.434	-0.433	-0.439	-0.432	-0.431	-0.326	-0.375	-0.384	-0.326	-0.426	-0.431	-0.310	-0.407	-0.206	+0.207	-0.432	+0.662	+0.906	-0.360	-0.359	-0.213	-0.337	+1.458	-0.337	-0.288	-0.118	-0.337	-0.211	-0.205	+2.010	-0.221	-0.174	-0.263	-0.220	-0.329	-0.331	-0.330	+1.430	-0.266	+1.901	+0.385	+1.652	-0.347	+1.297	-0.339	+2.089	-0.344	-0.233	-0.305	-0.267	-0.279	-0.317	-0.125	-0.126	-0.318	-0.319	+0.064	-0.283	+0.376	-0.146	-0.141	-0.283	-0.137	+0.378	+0.376	-0.283	-0.143	-0.138	-0.148	-0.283	-0.282	-0.268	-0.166	-0.159	-0.281	+0.360	-0.286	-0.174	-0.169	-0.162	-0.265	-0.172	+0.090	-0.277	-0.174	+0.428	+0.426	-0.180	-0.312	+0.080	+0.297	+0.418	-0.012	-0.199	+0.357	+0.355	-0.292	-0.283	-0.296	+1.315	+0.288	+0.287	-0.013	-0.213	-0.017	+0.330	-0.302	-0.321	-0.309	+0.328	+0.324	+0.055	-0.089	-0.071	-0.346	+0.118	+0.049	-0.086	-0.090	-0.032	-0.069	-0.051	+0.168	-0.084	-0.058	-0.048	-0.042	+0.045	+0.128	+0.805	+0.981	+0.936	-0.435	+0.977	+0.930	+0.932	+0.930	+0.933	+0.784	+0.999	+0.472	+0.313	+0.836	+0.309	+0.013	+0.752	+0.279	-0.434	+0.334	+0.247	+0.891	+0.090	+0.102	+0.111	+0.098	+0.724	
rs139895591    -0.497	-0.496	-0.216	-0.166	-0.250	-0.497	-0.587	-0.584	-0.497	-0.457	-0.588	-0.587	-0.587	-0.498	-0.498	-0.589	-0.588	-0.584	-0.585	-0.585	-0.590	-0.584	-0.583	-0.437	-0.500	-0.528	-0.474	-0.578	-0.583	-0.458	-0.560	-0.354	+0.091	-0.594	+0.567	+0.745	-0.521	-0.521	-0.360	-0.497	+1.348	-0.504	-0.402	-0.271	-0.497	-0.324	-0.352	+1.829	-0.368	-0.285	-0.419	-0.368	-0.498	-0.500	-0.499	+1.232	-0.379	+1.722	+0.267	+1.545	-0.503	+1.198	-0.499	+1.884	-0.502	-0.386	-0.457	-0.444	-0.452	-0.469	-0.241	-0.242	-0.469	-0.470	-0.076	-0.455	+0.242	-0.263	-0.257	-0.455	-0.253	+0.244	+0.242	-0.455	-0.260	-0.255	-0.266	-0.455	-0.454	-0.442	-0.284	-0.277	-0.453	+0.225	-0.457	-0.293	-0.287	-0.281	-0.440	-0.303	-0.070	-0.450	-0.305	+0.272	+0.270	-0.311	-0.463	-0.042	+0.163	+0.237	-0.156	-0.362	+0.216	+0.215	-0.444	-0.435	-0.447	+1.179	+0.146	+0.145	-0.158	-0.368	-0.162	+0.188	-0.453	-0.472	-0.460	+0.186	+0.183	-0.068	-0.233	-0.216	-0.497	-0.026	-0.100	-0.231	-0.235	-0.177	-0.213	-0.195	+0.027	-0.229	-0.203	-0.193	-0.187	-0.101	-0.016	+0.637	+0.815	+0.770	-0.584	+0.810	+0.763	+0.765	+0.763	+0.767	+0.644	+0.831	+0.326	+0.168	+0.651	+0.163	-0.158	+0.569	+0.134	-0.583	+0.189	+0.101	+0.734	-0.055	-0.042	-0.034	-0.047	+0.561	
rs116958936    -0.482	-0.482	-0.215	-0.250	-0.151	-0.483	-0.573	-0.570	-0.483	-0.443	-0.574	-0.573	-0.573	-0.485	-0.484	-0.575	-0.574	-0.570	-0.571	-0.571	-0.576	-0.570	-0.569	-0.428	-0.489	-0.514	-0.460	-0.564	-0.569	-0.444	-0.546	-0.341	+0.100	-0.580	+0.574	+0.754	-0.507	-0.507	-0.346	-0.483	+1.355	-0.490	-0.393	-0.257	-0.483	-0.315	-0.339	+1.837	-0.355	-0.277	-0.407	-0.354	-0.484	-0.485	-0.485	+1.242	-0.370	+1.730	+0.273	+1.551	-0.489	+1.204	-0.485	+1.893	-0.488	-0.372	-0.443	-0.430	-0.437	-0.455	-0.232	-0.233	-0.455	-0.456	-0.067	-0.441	+0.249	-0.254	-0.248	-0.441	-0.244	+0.251	+0.250	-0.441	-0.251	-0.246	-0.257	-0.440	-0.440	-0.428	-0.274	-0.268	-0.439	+0.232	-0.443	-0.284	-0.278	-0.271	-0.425	-0.293	-0.061	-0.436	-0.295	+0.280	+0.278	-0.301	-0.450	-0.034	+0.172	+0.247	-0.145	-0.350	+0.225	+0.223	-0.430	-0.421	-0.433	+1.187	+0.155	+0.154	-0.148	-0.353	-0.152	+0.197	-0.439	-0.458	-0.446	+0.195	+0.192	-0.059	-0.223	-0.205	-0.483	-0.016	-0.089	-0.220	-0.224	-0.166	-0.203	-0.185	+0.041	-0.218	-0.192	-0.182	-0.176	-0.090	-0.006	+0.648	+0.825	+0.781	-0.570	+0.821	+0.774	+0.776	+0.774	+0.777	+0.653	+0.842	+0.336	+0.178	+0.660	+0.173	-0.142	+0.578	+0.144	-0.569	+0.199	+0.111	+0.744	-0.044	-0.032	-0.024	-0.036	+0.572	
rs251630       -0.747	-0.746	-0.348	-0.497	-0.483	-0.431	-0.752	-0.750	-0.560	-0.699	-0.752	-0.752	-0.752	-0.553	-0.553	-0.755	-0.757	-0.761	-0.762	-0.763	-0.761	-0.765	-0.765	-0.493	-0.602	-0.555	-0.717	-0.766	-0.769	-0.699	-0.772	-0.398	-0.068	-0.838	+0.567	+0.747	-0.774	-0.774	-0.446	-0.747	+1.357	-0.762	-0.430	-0.306	-0.747	-0.342	-0.441	+1.871	-0.466	-0.291	-0.612	-0.466	-0.757	-0.758	-0.758	+1.147	-0.400	+1.744	+0.225	+1.570	-0.751	+1.245	-0.748	+1.826	-0.750	-0.527	-0.607	-0.691	-0.708	-0.623	-0.243	-0.244	-0.623	-0.625	-0.029	-0.711	+0.173	-0.270	-0.263	-0.711	-0.258	+0.175	+0.173	-0.711	-0.267	-0.260	-0.274	-0.711	-0.710	-0.699	-0.297	-0.290	-0.709	+0.153	-0.712	-0.310	-0.303	-0.295	-0.697	-0.320	-0.018	-0.707	-0.323	+0.186	+0.184	-0.331	-0.619	+0.024	+0.052	+0.119	-0.141	-0.551	+0.111	+0.109	-0.600	-0.590	-0.604	+1.197	+0.034	+0.033	-0.155	-0.724	-0.156	+0.080	-0.613	-0.633	-0.620	+0.078	+0.074	-0.011	-0.242	-0.220	-0.746	-0.153	-0.251	-0.239	-0.244	-0.171	-0.217	-0.195	-0.212	-0.236	-0.204	-0.192	-0.184	-0.077	+0.030	+0.614	+0.819	+0.770	-0.799	+0.807	+0.762	+0.764	+0.761	+0.765	+0.555	+0.838	+0.284	+0.111	+0.547	+0.106	-0.445	+0.466	+0.073	-0.792	+0.135	+0.036	+0.739	-0.146	-0.133	-0.123	-0.138	+0.523	
rs148575773    -0.846	-0.846	-0.436	-0.587	-0.573	-0.752	-0.540	-0.677	-0.760	-0.738	-0.669	-0.668	-0.668	-0.756	-0.755	-0.672	-0.674	-0.670	-0.673	-0.674	-0.685	-0.677	-0.672	-0.600	-0.708	-0.806	-0.760	-0.663	-0.680	-0.739	-0.707	-0.550	-0.154	-0.886	+0.440	+0.639	-0.873	-0.873	-0.572	-0.846	+1.223	-0.861	-0.539	-0.473	-0.847	-0.452	-0.564	+1.669	-0.586	-0.402	-0.694	-0.586	-0.856	-0.858	-0.857	+1.053	-0.509	+1.554	+0.141	+1.436	-0.850	+1.114	-0.848	+1.658	-0.850	-0.643	-0.727	-0.781	-0.810	-0.744	-0.347	-0.348	-0.745	-0.747	-0.116	-0.813	+0.100	-0.374	-0.368	-0.813	-0.363	+0.102	+0.100	-0.813	-0.371	-0.365	-0.379	-0.813	-0.812	-0.801	-0.402	-0.394	-0.811	+0.080	-0.814	-0.415	-0.408	-0.399	-0.799	-0.422	-0.093	-0.809	-0.424	+0.123	+0.120	-0.432	-0.738	-0.096	+0.045	+0.085	-0.375	-0.632	+0.112	+0.110	-0.715	-0.704	-0.720	+1.066	+0.028	+0.027	-0.383	-0.813	-0.386	+0.078	-0.727	-0.753	-0.737	+0.075	+0.071	-0.131	-0.462	-0.443	-0.822	-0.175	-0.288	-0.460	-0.465	-0.400	-0.440	-0.421	-0.305	-0.457	-0.429	-0.418	-0.411	-0.313	-0.233	+0.335	+0.525	+0.479	-0.934	+0.519	+0.472	+0.474	+0.472	+0.476	+0.561	+0.542	+0.068	-0.092	+0.508	-0.097	-0.556	+0.429	-0.128	-0.933	-0.069	-0.162	+0.459	-0.319	-0.307	-0.297	-0.311	+0.289	
rs62037838     -0.845	-0.845	-0.434	-0.584	-0.570	-0.750	-0.677	-0.538	-0.756	-0.737	-0.680	-0.677	-0.677	-0.754	-0.753	-0.681	-0.681	-0.671	-0.674	-0.673	-0.689	-0.674	-0.669	-0.602	-0.709	-0.810	-0.759	-0.656	-0.674	-0.738	-0.697	-0.545	-0.152	-0.882	+0.437	+0.630	-0.872	-0.872	-0.568	-0.845	+1.216	-0.860	-0.543	-0.468	-0.845	-0.457	-0.560	+1.674	-0.582	-0.406	-0.689	-0.582	-0.855	-0.856	-0.856	+1.043	-0.513	+1.560	+0.145	+1.429	-0.848	+1.108	-0.846	+1.663	-0.848	-0.639	-0.724	-0.777	-0.809	-0.742	-0.352	-0.353	-0.742	-0.744	-0.125	-0.812	+0.103	-0.379	-0.373	-0.812	-0.368	+0.105	+0.103	-0.812	-0.376	-0.370	-0.384	-0.812	-0.811	-0.800	-0.406	-0.399	-0.810	+0.083	-0.813	-0.419	-0.412	-0.404	-0.798	-0.428	-0.106	-0.808	-0.431	+0.125	+0.123	-0.438	-0.736	-0.105	+0.056	+0.094	-0.375	-0.627	+0.123	+0.121	-0.712	-0.700	-0.717	+1.057	+0.039	+0.038	-0.383	-0.810	-0.386	+0.089	-0.724	-0.750	-0.734	+0.086	+0.083	-0.140	-0.463	-0.443	-0.819	-0.165	-0.279	-0.460	-0.465	-0.400	-0.441	-0.421	-0.300	-0.458	-0.429	-0.418	-0.411	-0.316	-0.235	+0.337	+0.527	+0.481	-0.934	+0.521	+0.474	+0.476	+0.474	+0.477	+0.573	+0.544	+0.072	-0.088	+0.518	-0.093	-0.556	+0.438	-0.124	-0.934	-0.065	-0.158	+0.461	-0.318	-0.306	-0.296	-0.310	+0.287	
rs62037839     -0.749	-0.749	-0.347	-0.497	-0.483	-0.560	-0.760	-0.756	-0.434	-0.701	-0.760	-0.760	-0.760	-0.559	-0.558	-0.763	-0.765	-0.767	-0.768	-0.769	-0.769	-0.770	-0.770	-0.500	-0.609	-0.577	-0.719	-0.770	-0.773	-0.701	-0.770	-0.374	-0.068	-0.838	+0.560	+0.733	-0.777	-0.777	-0.428	-0.750	+1.347	-0.765	-0.439	-0.280	-0.750	-0.352	-0.423	+1.896	-0.450	-0.301	-0.611	-0.450	-0.760	-0.762	-0.761	+1.133	-0.409	+1.768	+0.236	+1.559	-0.754	+1.234	-0.751	+1.847	-0.753	-0.515	-0.603	-0.685	-0.712	-0.620	-0.254	-0.254	-0.620	-0.622	-0.045	-0.715	+0.182	-0.280	-0.274	-0.715	-0.269	+0.184	+0.182	-0.715	-0.277	-0.271	-0.284	-0.715	-0.714	-0.703	-0.307	-0.300	-0.713	+0.162	-0.716	-0.320	-0.313	-0.305	-0.701	-0.332	-0.037	-0.711	-0.335	+0.194	+0.191	-0.342	-0.616	+0.008	+0.058	+0.124	-0.156	-0.550	+0.118	+0.116	-0.594	-0.583	-0.599	+1.183	+0.041	+0.040	-0.170	-0.725	-0.171	+0.087	-0.609	-0.631	-0.616	+0.085	+0.081	-0.026	-0.256	-0.234	-0.749	-0.148	-0.247	-0.253	-0.259	-0.187	-0.232	-0.210	-0.211	-0.251	-0.218	-0.207	-0.199	-0.093	+0.013	+0.597	+0.802	+0.752	-0.806	+0.790	+0.745	+0.746	+0.744	+0.748	+0.562	+0.821	+0.272	+0.100	+0.551	+0.095	-0.450	+0.470	+0.062	-0.801	+0.123	+0.025	+0.722	-0.156	-0.143	-0.133	-0.147	+0.508	
rs61084260     -0.713	-0.713	-0.309	-0.457	-0.443	-0.699	-0.738	-0.737	-0.701	-0.390	-0.740	-0.738	-0.738	-0.700	-0.700	-0.740	-0.738	-0.729	-0.730	-0.728	-0.739	-0.725	-0.722	-0.507	-0.608	-0.725	-0.529	-0.714	-0.721	-0.528	-0.674	-0.525	-0.019	-0.746	+0.531	+0.629	-0.740	-0.740	-0.531	-0.715	+1.263	-0.731	-0.474	-0.462	-0.715	-0.393	-0.523	+1.773	-0.541	-0.347	-0.536	-0.541	-0.726	-0.727	-0.727	+1.045	-0.446	+1.661	+0.283	+1.469	-0.717	+1.157	-0.716	+1.793	-0.717	-0.586	-0.657	-0.669	-0.685	-0.671	-0.300	-0.301	-0.671	-0.672	-0.139	-0.687	+0.241	-0.326	-0.319	-0.687	-0.315	+0.243	+0.241	-0.687	-0.322	-0.317	-0.329	-0.687	-0.686	-0.676	-0.350	-0.343	-0.685	+0.220	-0.688	-0.362	-0.355	-0.348	-0.674	-0.389	-0.153	-0.683	-0.391	+0.266	+0.264	-0.398	-0.665	-0.095	+0.224	+0.271	-0.144	-0.470	+0.292	+0.290	-0.644	-0.635	-0.648	+1.080	+0.208	+0.207	-0.151	-0.668	-0.155	+0.258	-0.654	-0.674	-0.662	+0.256	+0.252	-0.125	-0.241	-0.220	-0.612	+0.003	-0.113	-0.238	-0.243	-0.172	-0.216	-0.194	-0.138	-0.236	-0.203	-0.192	-0.184	-0.135	+0.008	+0.698	+0.911	+0.857	-0.815	+0.899	+0.846	+0.847	+0.845	+0.848	+0.767	+0.924	+0.432	+0.251	+0.721	+0.245	-0.432	+0.637	+0.208	-0.816	+0.275	+0.166	+0.848	-0.117	-0.103	-0.093	-0.107	+0.487	
rs61566288     -0.848	-0.847	-0.438	-0.588	-0.574	-0.752	-0.669	-0.680	-0.760	-0.740	-0.541	-0.670	-0.670	-0.755	-0.754	-0.674	-0.675	-0.667	-0.671	-0.671	-0.685	-0.672	-0.668	-0.603	-0.710	-0.809	-0.762	-0.656	-0.675	-0.741	-0.702	-0.547	-0.155	-0.886	+0.436	+0.634	-0.874	-0.874	-0.570	-0.848	+1.218	-0.863	-0.542	-0.470	-0.848	-0.456	-0.562	+1.671	-0.584	-0.405	-0.694	-0.584	-0.858	-0.859	-0.858	+1.048	-0.512	+1.556	+0.141	+1.431	-0.851	+1.110	-0.849	+1.659	-0.851	-0.641	-0.726	-0.780	-0.812	-0.744	-0.351	-0.351	-0.744	-0.746	-0.120	-0.815	+0.099	-0.378	-0.371	-0.814	-0.366	+0.101	+0.099	-0.814	-0.375	-0.369	-0.382	-0.814	-0.813	-0.803	-0.405	-0.398	-0.813	+0.079	-0.816	-0.418	-0.411	-0.403	-0.800	-0.426	-0.099	-0.810	-0.428	+0.121	+0.119	-0.436	-0.738	-0.101	+0.048	+0.087	-0.377	-0.631	+0.115	+0.113	-0.714	-0.703	-0.719	+1.060	+0.031	+0.030	-0.384	-0.814	-0.388	+0.081	-0.726	-0.752	-0.736	+0.078	+0.074	-0.136	-0.464	-0.445	-0.823	-0.173	-0.286	-0.462	-0.466	-0.402	-0.442	-0.423	-0.305	-0.459	-0.430	-0.420	-0.413	-0.316	-0.236	+0.334	+0.524	+0.478	-0.936	+0.518	+0.471	+0.473	+0.471	+0.475	+0.565	+0.541	+0.067	-0.092	+0.511	-0.097	-0.558	+0.431	-0.128	-0.935	-0.069	-0.163	+0.458	-0.320	-0.308	-0.299	-0.313	+0.286	
rs182355279    -0.847	-0.847	-0.436	-0.587	-0.573	-0.752	-0.668	-0.677	-0.760	-0.738	-0.670	-0.540	-0.668	-0.756	-0.755	-0.672	-0.673	-0.668	-0.671	-0.672	-0.684	-0.674	-0.669	-0.601	-0.708	-0.807	-0.760	-0.659	-0.677	-0.739	-0.705	-0.550	-0.154	-0.886	+0.439	+0.638	-0.873	-0.873	-0.572	-0.847	+1.222	-0.862	-0.539	-0.473	-0.847	-0.453	-0.564	+1.668	-0.586	-0.402	-0.694	-0.586	-0.857	-0.858	-0.857	+1.052	-0.509	+1.554	+0.141	+1.435	-0.850	+1.114	-0.848	+1.658	-0.850	-0.643	-0.727	-0.781	-0.810	-0.745	-0.347	-0.348	-0.745	-0.747	-0.116	-0.813	+0.100	-0.375	-0.368	-0.813	-0.363	+0.102	+0.100	-0.813	-0.372	-0.365	-0.379	-0.813	-0.812	-0.801	-0.402	-0.395	-0.811	+0.080	-0.814	-0.415	-0.408	-0.400	-0.799	-0.422	-0.094	-0.809	-0.425	+0.122	+0.120	-0.433	-0.739	-0.097	+0.045	+0.085	-0.375	-0.632	+0.112	+0.111	-0.715	-0.704	-0.720	+1.065	+0.029	+0.028	-0.383	-0.814	-0.387	+0.078	-0.727	-0.753	-0.737	+0.076	+0.072	-0.132	-0.463	-0.444	-0.822	-0.175	-0.288	-0.460	-0.465	-0.400	-0.441	-0.422	-0.305	-0.458	-0.429	-0.419	-0.411	-0.314	-0.234	+0.335	+0.524	+0.479	-0.935	+0.518	+0.472	+0.474	+0.471	+0.475	+0.562	+0.542	+0.067	-0.092	+0.509	-0.097	-0.556	+0.429	-0.128	-0.934	-0.069	-0.163	+0.459	-0.319	-0.307	-0.298	-0.312	+0.288	
rs143221718    -0.847	-0.847	-0.437	-0.587	-0.573	-0.752	-0.668	-0.677	-0.760	-0.738	-0.670	-0.668	-0.540	-0.756	-0.755	-0.672	-0.673	-0.668	-0.671	-0.672	-0.684	-0.674	-0.669	-0.601	-0.708	-0.807	-0.760	-0.659	-0.677	-0.739	-0.705	-0.550	-0.154	-0.886	+0.439	+0.638	-0.873	-0.873	-0.572	-0.847	+1.222	-0.862	-0.539	-0.473	-0.847	-0.453	-0.564	+1.668	-0.586	-0.402	-0.694	-0.586	-0.857	-0.858	-0.857	+1.052	-0.509	+1.554	+0.141	+1.435	-0.850	+1.114	-0.848	+1.658	-0.850	-0.643	-0.727	-0.781	-0.810	-0.745	-0.348	-0.348	-0.745	-0.747	-0.116	-0.814	+0.100	-0.375	-0.368	-0.813	-0.363	+0.102	+0.100	-0.813	-0.372	-0.365	-0.379	-0.813	-0.812	-0.801	-0.402	-0.395	-0.811	+0.080	-0.814	-0.415	-0.408	-0.400	-0.799	-0.422	-0.094	-0.809	-0.425	+0.122	+0.120	-0.433	-0.739	-0.097	+0.045	+0.085	-0.375	-0.632	+0.112	+0.111	-0.715	-0.704	-0.720	+1.065	+0.029	+0.028	-0.383	-0.814	-0.387	+0.078	-0.727	-0.753	-0.737	+0.076	+0.072	-0.132	-0.463	-0.444	-0.822	-0.175	-0.288	-0.460	-0.465	-0.400	-0.441	-0.422	-0.305	-0.458	-0.429	-0.419	-0.412	-0.314	-0.234	+0.335	+0.524	+0.479	-0.935	+0.518	+0.472	+0.474	+0.471	+0.475	+0.562	+0.542	+0.067	-0.092	+0.509	-0.097	-0.556	+0.429	-0.128	-0.934	-0.069	-0.163	+0.459	-0.319	-0.307	-0.298	-0.312	+0.288	
rs62037845     -0.748	-0.748	-0.349	-0.498	-0.485	-0.553	-0.756	-0.754	-0.559	-0.700	-0.755	-0.756	-0.756	-0.433	-0.548	-0.759	-0.760	-0.764	-0.764	-0.766	-0.764	-0.768	-0.768	-0.495	-0.605	-0.558	-0.718	-0.768	-0.771	-0.700	-0.772	-0.385	-0.070	-0.839	+0.566	+0.744	-0.776	-0.776	-0.437	-0.749	+1.356	-0.764	-0.432	-0.291	-0.749	-0.345	-0.432	+1.879	-0.458	-0.294	-0.613	-0.459	-0.759	-0.760	-0.760	+1.144	-0.402	+1.752	+0.227	+1.569	-0.753	+1.243	-0.750	+1.833	-0.752	-0.521	-0.604	-0.690	-0.710	-0.621	-0.246	-0.247	-0.621	-0.623	-0.033	-0.713	+0.174	-0.273	-0.266	-0.713	-0.261	+0.176	+0.174	-0.713	-0.269	-0.263	-0.277	-0.713	-0.712	-0.701	-0.300	-0.292	-0.711	+0.154	-0.714	-0.312	-0.305	-0.297	-0.699	-0.323	-0.022	-0.709	-0.326	+0.187	+0.185	-0.334	-0.617	+0.020	+0.052	+0.119	-0.143	-0.551	+0.112	+0.110	-0.597	-0.587	-0.601	+1.194	+0.035	+0.034	-0.157	-0.726	-0.159	+0.081	-0.611	-0.631	-0.617	+0.078	+0.075	-0.014	-0.245	-0.222	-0.748	-0.153	-0.251	-0.241	-0.247	-0.174	-0.220	-0.198	-0.213	-0.239	-0.206	-0.195	-0.186	-0.079	+0.027	+0.612	+0.817	+0.768	-0.801	+0.805	+0.760	+0.762	+0.759	+0.763	+0.556	+0.836	+0.282	+0.109	+0.547	+0.104	-0.448	+0.466	+0.071	-0.795	+0.133	+0.034	+0.737	-0.148	-0.135	-0.125	-0.140	+0.521	
rs168768       -0.748	-0.747	-0.348	-0.498	-0.484	-0.553	-0.755	-0.753	-0.558	-0.700	-0.754	-0.755	-0.755	-0.548	-0.432	-0.758	-0.759	-0.763	-0.764	-0.765	-0.763	-0.767	-0.767	-0.494	-0.604	-0.555	-0.718	-0.767	-0.770	-0.700	-0.772	-0.387	-0.069	-0.838	+0.568	+0.746	-0.775	-0.775	-0.439	-0.748	+1.358	-0.763	-0.431	-0.293	-0.748	-0.343	-0.433	+1.877	-0.459	-0.292	-0.613	-0.460	-0.758	-0.760	-0.759	+1.146	-0.401	+1.750	+0.227	+1.571	-0.752	+1.245	-0.749	+1.831	-0.751	-0.522	-0.605	-0.690	-0.710	-0.621	-0.245	-0.245	-0.621	-0.623	-0.031	-0.713	+0.174	-0.271	-0.265	-0.713	-0.260	+0.176	+0.174	-0.713	-0.268	-0.262	-0.275	-0.712	-0.712	-0.700	-0.298	-0.291	-0.711	+0.154	-0.714	-0.311	-0.304	-0.296	-0.698	-0.322	-0.020	-0.708	-0.324	+0.187	+0.185	-0.332	-0.617	+0.022	+0.052	+0.119	-0.142	-0.551	+0.111	+0.110	-0.597	-0.587	-0.601	+1.196	+0.034	+0.034	-0.155	-0.725	-0.157	+0.080	-0.611	-0.631	-0.617	+0.078	+0.075	-0.013	-0.243	-0.221	-0.747	-0.153	-0.251	-0.240	-0.245	-0.172	-0.218	-0.196	-0.212	-0.237	-0.204	-0.193	-0.185	-0.077	+0.029	+0.614	+0.819	+0.770	-0.800	+0.808	+0.762	+0.764	+0.761	+0.765	+0.556	+0.838	+0.284	+0.111	+0.547	+0.106	-0.447	+0.466	+0.073	-0.793	+0.134	+0.035	+0.739	-0.147	-0.134	-0.124	-0.138	+0.523	
rs193341       -0.849	-0.849	-0.439	-0.589	-0.575	-0.755	-0.672	-0.681	-0.763	-0.740	-0.674	-0.672	-0.672	-0.759	-0.758	-0.543	-0.672	-0.663	-0.666	-0.666	-0.679	-0.666	-0.660	-0.603	-0.711	-0.810	-0.761	-0.647	-0.669	-0.740	-0.702	-0.552	-0.157	-0.887	+0.436	+0.635	-0.876	-0.876	-0.574	-0.849	+1.219	-0.864	-0.542	-0.475	-0.849	-0.455	-0.566	+1.666	-0.588	-0.405	-0.696	-0.588	-0.859	-0.860	-0.860	+1.050	-0.512	+1.551	+0.139	+1.432	-0.853	+1.111	-0.850	+1.655	-0.852	-0.645	-0.729	-0.783	-0.813	-0.747	-0.350	-0.351	-0.747	-0.749	-0.118	-0.816	+0.098	-0.377	-0.371	-0.816	-0.365	+0.100	+0.098	-0.816	-0.374	-0.368	-0.381	-0.815	-0.815	-0.804	-0.404	-0.397	-0.814	+0.078	-0.817	-0.417	-0.410	-0.402	-0.802	-0.425	-0.096	-0.811	-0.427	+0.120	+0.118	-0.435	-0.741	-0.099	+0.046	+0.084	-0.378	-0.634	+0.113	+0.111	-0.717	-0.706	-0.722	+1.061	+0.029	+0.028	-0.386	-0.816	-0.390	+0.079	-0.729	-0.755	-0.739	+0.076	+0.072	-0.134	-0.466	-0.446	-0.823	-0.175	-0.289	-0.463	-0.468	-0.403	-0.444	-0.424	-0.307	-0.461	-0.432	-0.422	-0.414	-0.317	-0.237	+0.332	+0.522	+0.476	-0.937	+0.516	+0.469	+0.471	+0.469	+0.473	+0.563	+0.539	+0.065	-0.094	+0.508	-0.099	-0.559	+0.429	-0.130	-0.936	-0.071	-0.165	+0.456	-0.322	-0.310	-0.300	-0.315	+0.284	
rs251633       -0.848	-0.848	-0.438	-0.588	-0.574	-0.757	-0.674	-0.681	-0.765	-0.738	-0.675	-0.673	-0.673	-0.760	-0.759	-0.672	-0.542	-0.664	-0.667	-0.667	-0.677	-0.668	-0.663	-0.600	-0.708	-0.807	-0.759	-0.653	-0.672	-0.737	-0.706	-0.556	-0.156	-0.888	+0.440	+0.641	-0.875	-0.875	-0.578	-0.848	+1.224	-0.863	-0.539	-0.480	-0.848	-0.452	-0.570	+1.662	-0.592	-0.401	-0.696	-0.592	-0.858	-0.859	-0.859	+1.055	-0.509	+1.548	+0.139	+1.437	-0.852	+1.115	-0.849	+1.652	-0.851	-0.648	-0.731	-0.784	-0.812	-0.748	-0.346	-0.347	-0.748	-0.750	-0.112	-0.815	+0.098	-0.373	-0.367	-0.814	-0.362	+0.100	+0.099	-0.814	-0.370	-0.364	-0.378	-0.814	-0.813	-0.802	-0.401	-0.393	-0.812	+0.078	-0.815	-0.414	-0.407	-0.398	-0.800	-0.421	-0.090	-0.810	-0.423	+0.122	+0.119	-0.431	-0.742	-0.094	+0.042	+0.082	-0.377	-0.634	+0.109	+0.107	-0.719	-0.708	-0.724	+1.067	+0.025	+0.024	-0.385	-0.815	-0.388	+0.075	-0.730	-0.756	-0.741	+0.072	+0.068	-0.129	-0.464	-0.445	-0.822	-0.178	-0.291	-0.462	-0.467	-0.402	-0.442	-0.423	-0.307	-0.459	-0.431	-0.420	-0.413	-0.315	-0.236	+0.333	+0.522	+0.477	-0.936	+0.516	+0.470	+0.472	+0.469	+0.473	+0.559	+0.540	+0.065	-0.095	+0.505	-0.099	-0.557	+0.426	-0.131	-0.935	-0.071	-0.165	+0.456	-0.321	-0.309	-0.299	-0.314	+0.286	
rs251635       -0.845	-0.844	-0.433	-0.584	-0.570	-0.761	-0.670	-0.671	-0.767	-0.729	-0.667	-0.668	-0.668	-0.764	-0.763	-0.663	-0.664	-0.538	-0.666	-0.668	-0.668	-0.670	-0.667	-0.590	-0.699	-0.798	-0.750	-0.662	-0.678	-0.727	-0.718	-0.568	-0.152	-0.889	+0.452	+0.663	-0.871	-0.871	-0.588	-0.844	+1.242	-0.858	-0.526	-0.493	-0.844	-0.439	-0.580	+1.651	-0.601	-0.388	-0.697	-0.601	-0.853	-0.855	-0.854	+1.077	-0.496	+1.537	+0.139	+1.456	-0.848	+1.133	-0.845	+1.645	-0.847	-0.655	-0.735	-0.786	-0.806	-0.751	-0.332	-0.333	-0.752	-0.753	-0.091	-0.809	+0.101	-0.359	-0.353	-0.809	-0.347	+0.103	+0.101	-0.809	-0.356	-0.350	-0.364	-0.809	-0.808	-0.797	-0.387	-0.380	-0.807	+0.081	-0.810	-0.400	-0.393	-0.385	-0.795	-0.406	-0.066	-0.805	-0.408	+0.127	+0.124	-0.416	-0.746	-0.076	+0.032	+0.074	-0.372	-0.635	+0.098	+0.096	-0.724	-0.713	-0.728	+1.086	+0.015	+0.014	-0.380	-0.814	-0.384	+0.064	-0.735	-0.759	-0.744	+0.062	+0.058	-0.111	-0.460	-0.440	-0.817	-0.187	-0.298	-0.457	-0.462	-0.397	-0.438	-0.419	-0.307	-0.455	-0.426	-0.416	-0.408	-0.308	-0.230	+0.335	+0.524	+0.479	-0.931	+0.518	+0.472	+0.474	+0.472	+0.476	+0.547	+0.542	+0.065	-0.095	+0.497	-0.099	-0.551	+0.418	-0.130	-0.929	-0.071	-0.165	+0.458	-0.318	-0.306	-0.296	-0.310	+0.293	
rs183684       -0.846	-0.845	-0.434	-0.585	-0.571	-0.762	-0.673	-0.674	-0.768	-0.730	-0.671	-0.671	-0.671	-0.764	-0.764	-0.666	-0.667	-0.666	-0.539	-0.667	-0.667	-0.667	-0.664	-0.591	-0.700	-0.799	-0.750	-0.658	-0.675	-0.728	-0.716	-0.568	-0.153	-0.889	+0.451	+0.662	-0.871	-0.871	-0.588	-0.845	+1.241	-0.859	-0.527	-0.493	-0.845	-0.440	-0.580	+1.650	-0.601	-0.389	-0.698	-0.602	-0.854	-0.855	-0.855	+1.077	-0.497	+1.537	+0.139	+1.455	-0.849	+1.132	-0.846	+1.644	-0.848	-0.656	-0.736	-0.787	-0.807	-0.752	-0.333	-0.333	-0.752	-0.754	-0.092	-0.810	+0.101	-0.360	-0.353	-0.810	-0.348	+0.103	+0.101	-0.810	-0.357	-0.351	-0.364	-0.810	-0.809	-0.798	-0.387	-0.380	-0.808	+0.080	-0.811	-0.401	-0.394	-0.385	-0.796	-0.406	-0.066	-0.806	-0.409	+0.126	+0.124	-0.417	-0.746	-0.076	+0.032	+0.073	-0.373	-0.636	+0.098	+0.097	-0.724	-0.713	-0.728	+1.085	+0.015	+0.014	-0.381	-0.815	-0.385	+0.064	-0.735	-0.759	-0.745	+0.062	+0.058	-0.112	-0.461	-0.441	-0.818	-0.187	-0.298	-0.458	-0.463	-0.398	-0.439	-0.419	-0.308	-0.456	-0.427	-0.417	-0.409	-0.309	-0.231	+0.334	+0.523	+0.478	-0.932	+0.517	+0.471	+0.473	+0.471	+0.475	+0.547	+0.541	+0.064	-0.095	+0.497	-0.100	-0.552	+0.418	-0.131	-0.930	-0.072	-0.165	+0.457	-0.319	-0.307	-0.297	-0.311	+0.292	
rs1684552      -0.845	-0.845	-0.433	-0.585	-0.571	-0.763	-0.674	-0.673	-0.769	-0.728	-0.671	-0.672	-0.672	-0.766	-0.765	-0.666	-0.667	-0.668	-0.667	-0.538	-0.665	-0.668	-0.665	-0.589	-0.699	-0.797	-0.748	-0.660	-0.676	-0.726	-0.719	-0.572	-0.153	-0.890	+0.454	+0.667	-0.871	-0.871	-0.591	-0.844	+1.245	-0.859	-0.525	-0.497	-0.844	-0.437	-0.583	+1.647	-0.604	-0.386	-0.698	-0.604	-0.854	-0.855	-0.854	+1.082	-0.494	+1.533	+0.138	+1.459	-0.848	+1.136	-0.845	+1.641	-0.848	-0.658	-0.737	-0.788	-0.806	-0.753	-0.329	-0.330	-0.753	-0.755	-0.087	-0.809	+0.101	-0.357	-0.350	-0.809	-0.345	+0.103	+0.101	-0.809	-0.354	-0.348	-0.361	-0.809	-0.808	-0.797	-0.384	-0.377	-0.807	+0.080	-0.811	-0.398	-0.391	-0.383	-0.795	-0.403	-0.061	-0.805	-0.406	+0.127	+0.124	-0.414	-0.748	-0.072	+0.029	+0.071	-0.373	-0.637	+0.095	+0.094	-0.726	-0.715	-0.730	+1.089	+0.012	+0.011	-0.381	-0.815	-0.384	+0.061	-0.736	-0.761	-0.746	+0.059	+0.055	-0.108	-0.460	-0.441	-0.817	-0.189	-0.301	-0.458	-0.462	-0.398	-0.438	-0.419	-0.308	-0.455	-0.426	-0.416	-0.409	-0.308	-0.230	+0.334	+0.523	+0.478	-0.931	+0.517	+0.471	+0.473	+0.471	+0.475	+0.544	+0.541	+0.064	-0.096	+0.495	-0.101	-0.550	+0.415	-0.132	-0.929	-0.073	-0.166	+0.457	-0.318	-0.306	-0.297	-0.311	+0.293	
rs166133       -0.851	-0.850	-0.439	-0.590	-0.576	-0.761	-0.685	-0.689	-0.769	-0.739	-0.685	-0.684	-0.684	-0.764	-0.763	-0.679	-0.677	-0.668	-0.667	-0.665	-0.544	-0.659	-0.652	-0.600	-0.709	-0.808	-0.758	-0.637	-0.661	-0.737	-0.704	-0.560	-0.158	-0.889	+0.440	+0.644	-0.877	-0.877	-0.581	-0.850	+1.226	-0.865	-0.539	-0.483	-0.850	-0.452	-0.573	+1.657	-0.595	-0.401	-0.699	-0.595	-0.860	-0.861	-0.860	+1.058	-0.508	+1.543	+0.136	+1.439	-0.854	+1.117	-0.851	+1.648	-0.853	-0.651	-0.734	-0.787	-0.813	-0.751	-0.345	-0.346	-0.751	-0.753	-0.109	-0.816	+0.096	-0.372	-0.366	-0.816	-0.360	+0.098	+0.097	-0.816	-0.369	-0.363	-0.377	-0.816	-0.815	-0.804	-0.400	-0.392	-0.814	+0.076	-0.817	-0.413	-0.406	-0.398	-0.802	-0.420	-0.086	-0.812	-0.422	+0.120	+0.118	-0.430	-0.745	-0.092	+0.040	+0.079	-0.379	-0.637	+0.107	+0.106	-0.722	-0.710	-0.726	+1.069	+0.023	+0.023	-0.387	-0.818	-0.391	+0.073	-0.733	-0.759	-0.743	+0.071	+0.067	-0.127	-0.467	-0.448	-0.823	-0.180	-0.293	-0.464	-0.469	-0.404	-0.445	-0.425	-0.310	-0.462	-0.433	-0.423	-0.415	-0.317	-0.238	+0.330	+0.519	+0.474	-0.938	+0.513	+0.467	+0.469	+0.467	+0.470	+0.557	+0.537	+0.062	-0.097	+0.503	-0.102	-0.558	+0.424	-0.133	-0.936	-0.074	-0.167	+0.454	-0.324	-0.312	-0.302	-0.316	+0.284	
rs153007       -0.845	-0.844	-0.432	-0.584	-0.570	-0.765	-0.677	-0.674	-0.770	-0.725	-0.672	-0.674	-0.674	-0.768	-0.767	-0.666	-0.668	-0.670	-0.667	-0.668	-0.659	-0.538	-0.664	-0.586	-0.696	-0.794	-0.745	-0.661	-0.675	-0.722	-0.723	-0.576	-0.152	-0.890	+0.458	+0.673	-0.870	-0.870	-0.595	-0.843	+1.251	-0.858	-0.521	-0.502	-0.843	-0.433	-0.587	+1.642	-0.608	-0.382	-0.699	-0.608	-0.852	-0.854	-0.853	+1.089	-0.491	+1.529	+0.138	+1.465	-0.847	+1.141	-0.844	+1.638	-0.847	-0.661	-0.739	-0.789	-0.805	-0.755	-0.325	-0.325	-0.755	-0.757	-0.079	-0.808	+0.101	-0.352	-0.345	-0.808	-0.340	+0.104	+0.102	-0.808	-0.349	-0.343	-0.357	-0.808	-0.807	-0.796	-0.380	-0.372	-0.806	+0.081	-0.809	-0.393	-0.386	-0.378	-0.793	-0.398	-0.052	-0.803	-0.401	+0.128	+0.126	-0.409	-0.749	-0.066	+0.025	+0.068	-0.372	-0.638	+0.091	+0.090	-0.728	-0.717	-0.732	+1.095	+0.009	+0.008	-0.380	-0.815	-0.383	+0.058	-0.738	-0.762	-0.748	+0.055	+0.052	-0.102	-0.459	-0.440	-0.815	-0.192	-0.303	-0.457	-0.462	-0.397	-0.437	-0.418	-0.309	-0.454	-0.426	-0.415	-0.408	-0.306	-0.229	+0.334	+0.523	+0.478	-0.930	+0.517	+0.471	+0.473	+0.471	+0.475	+0.540	+0.541	+0.063	-0.097	+0.491	-0.101	-0.549	+0.412	-0.132	-0.928	-0.073	-0.166	+0.457	-0.318	-0.306	-0.296	-0.310	+0.294	
rs184373       -0.843	-0.843	-0.431	-0.583	-0.569	-0.765	-0.672	-0.669	-0.770	-0.722	-0.668	-0.669	-0.669	-0.768	-0.767	-0.660	-0.663	-0.667	-0.664	-0.665	-0.652	-0.664	-0.536	-0.583	-0.693	-0.791	-0.742	-0.662	-0.675	-0.719	-0.725	-0.579	-0.151	-0.890	+0.461	+0.679	-0.869	-0.869	-0.598	-0.842	+1.255	-0.856	-0.518	-0.505	-0.842	-0.430	-0.590	+1.640	-0.610	-0.378	-0.699	-0.610	-0.851	-0.852	-0.852	+1.094	-0.487	+1.527	+0.138	+1.470	-0.846	+1.145	-0.843	+1.637	-0.845	-0.663	-0.740	-0.789	-0.803	-0.755	-0.321	-0.321	-0.755	-0.757	-0.074	-0.806	+0.102	-0.348	-0.342	-0.806	-0.336	+0.104	+0.103	-0.806	-0.345	-0.339	-0.353	-0.806	-0.805	-0.794	-0.376	-0.369	-0.804	+0.082	-0.808	-0.390	-0.382	-0.374	-0.792	-0.394	-0.047	-0.802	-0.397	+0.130	+0.127	-0.405	-0.750	-0.061	+0.023	+0.066	-0.370	-0.637	+0.089	+0.087	-0.729	-0.718	-0.733	+1.100	+0.006	+0.005	-0.378	-0.815	-0.382	+0.055	-0.739	-0.762	-0.748	+0.053	+0.049	-0.097	-0.458	-0.439	-0.814	-0.194	-0.305	-0.455	-0.460	-0.395	-0.436	-0.417	-0.308	-0.453	-0.424	-0.414	-0.406	-0.304	-0.228	+0.335	+0.524	+0.479	-0.928	+0.518	+0.472	+0.474	+0.472	+0.476	+0.537	+0.542	+0.063	-0.096	+0.490	-0.101	-0.547	+0.410	-0.132	-0.926	-0.073	-0.166	+0.458	-0.317	-0.305	-0.295	-0.309	+0.296	
rs222916       -0.540	-0.540	-0.326	-0.437	-0.428	-0.493	-0.600	-0.602	-0.500	-0.507	-0.603	-0.601	-0.601	-0.495	-0.494	-0.603	-0.600	-0.590	-0.591	-0.589	-0.600	-0.586	-0.583	-0.222	-0.287	-0.593	-0.524	-0.574	-0.580	-0.509	-0.563	-0.287	-0.069	-0.566	+0.501	+0.569	-0.573	-0.573	-0.297	-0.536	+1.148	-0.559	-0.471	-0.181	-0.536	-0.405	-0.288	+1.703	-0.308	-0.367	-0.478	-0.308	-0.553	-0.554	-0.554	+0.960	-0.449	+1.597	+0.214	+1.352	-0.545	+1.048	-0.538	+1.752	-0.542	-0.337	-0.433	-0.369	-0.481	-0.452	-0.331	-0.332	-0.452	-0.454	-0.175	-0.485	+0.193	-0.353	-0.348	-0.484	-0.344	+0.195	+0.194	-0.484	-0.350	-0.345	-0.356	-0.484	-0.483	-0.469	-0.373	-0.367	-0.482	+0.176	-0.487	-0.383	-0.377	-0.371	-0.467	-0.396	-0.169	-0.479	-0.397	+0.234	+0.232	-0.403	-0.445	-0.128	+0.120	+0.219	-0.257	-0.423	+0.172	+0.170	-0.418	-0.406	-0.422	+0.986	+0.101	+0.101	-0.260	-0.462	-0.265	+0.144	-0.431	-0.459	-0.441	+0.142	+0.139	-0.153	-0.331	-0.315	-0.545	-0.071	-0.142	-0.329	-0.333	-0.277	-0.312	-0.296	-0.040	-0.327	-0.302	-0.293	-0.287	-0.211	-0.126	+0.453	+0.629	+0.587	-0.657	+0.627	+0.582	+0.584	+0.581	+0.585	+0.596	+0.648	+0.245	+0.087	+0.632	+0.083	-0.311	+0.548	+0.054	-0.659	+0.109	+0.022	+0.569	-0.140	-0.130	-0.120	-0.134	+0.378	
rs222917       -0.645	-0.644	-0.375	-0.500	-0.489	-0.602	-0.708	-0.709	-0.609	-0.608	-0.710	-0.708	-0.708	-0.605	-0.604	-0.711	-0.708	-0.699	-0.700	-0.699	-0.709	-0.696	-0.693	-0.287	-0.331	-0.691	-0.625	-0.685	-0.690	-0.610	-0.670	-0.401	-0.108	-0.679	+0.554	+0.527	-0.676	-0.676	-0.410	-0.641	+1.151	-0.662	-0.525	-0.303	-0.641	-0.456	-0.401	+1.656	-0.421	-0.414	-0.565	-0.421	-0.656	-0.658	-0.657	+0.928	-0.502	+1.549	+0.171	+1.361	-0.649	+1.056	-0.643	+1.695	-0.647	-0.454	-0.546	-0.492	-0.590	-0.564	-0.374	-0.375	-0.564	-0.566	-0.223	-0.593	+0.140	-0.398	-0.392	-0.593	-0.387	+0.142	+0.140	-0.593	-0.395	-0.389	-0.401	-0.593	-0.592	-0.579	-0.420	-0.414	-0.591	+0.121	-0.596	-0.430	-0.424	-0.418	-0.576	-0.453	-0.228	-0.588	-0.455	+0.171	+0.169	-0.461	-0.557	-0.178	+0.051	+0.140	-0.321	-0.508	+0.104	+0.103	-0.531	-0.519	-0.535	+0.959	+0.032	+0.032	-0.325	-0.566	-0.330	+0.076	-0.543	-0.570	-0.553	+0.074	+0.070	-0.206	-0.399	-0.381	-0.648	-0.144	-0.222	-0.397	-0.401	-0.342	-0.379	-0.362	-0.121	-0.394	-0.368	-0.359	-0.352	-0.275	-0.189	+0.395	+0.575	+0.532	-0.758	+0.572	+0.526	+0.528	+0.526	+0.529	+0.534	+0.594	+0.172	+0.013	+0.556	+0.008	-0.405	+0.473	-0.021	-0.759	+0.035	-0.054	+0.514	-0.216	-0.205	-0.195	-0.209	+0.323	
rs2450359      -0.784	-0.784	-0.384	-0.528	-0.514	-0.555	-0.806	-0.810	-0.577	-0.725	-0.809	-0.807	-0.807	-0.558	-0.555	-0.810	-0.807	-0.798	-0.799	-0.797	-0.808	-0.794	-0.791	-0.593	-0.691	-0.471	-0.744	-0.782	-0.787	-0.723	-0.745	-0.224	-0.071	-0.854	+0.426	+0.539	-0.813	-0.813	-0.280	-0.787	+1.157	-0.804	-0.520	-0.116	-0.787	-0.436	-0.270	+1.963	-0.303	-0.388	-0.586	-0.303	-0.800	-0.801	-0.800	+0.949	-0.491	+1.842	+0.595	+1.363	-0.788	+1.052	-0.788	+1.898	-0.789	-0.386	-0.518	-0.627	-0.760	-0.549	-0.351	-0.352	-0.550	-0.553	-0.213	-0.763	+0.444	-0.377	-0.371	-0.763	-0.366	+0.446	+0.443	-0.763	-0.374	-0.368	-0.381	-0.762	-0.762	-0.752	-0.402	-0.395	-0.761	+0.421	-0.763	-0.414	-0.407	-0.399	-0.750	-0.453	-0.237	-0.759	-0.455	+0.407	+0.404	-0.462	-0.540	-0.163	+0.244	+0.264	-0.338	-0.519	+0.316	+0.314	-0.502	-0.484	-0.510	+0.983	+0.226	+0.225	-0.344	-0.762	-0.348	+0.278	-0.526	-0.569	-0.539	+0.276	+0.271	-0.193	-0.424	-0.405	-0.782	+0.008	-0.118	-0.421	-0.426	-0.362	-0.402	-0.383	-0.234	-0.419	-0.391	-0.380	-0.373	-0.294	-0.204	+0.389	+0.584	+0.538	-0.812	+0.577	+0.531	+0.532	+0.530	+0.534	+0.766	+0.603	+0.108	-0.053	+0.681	-0.058	-0.517	+0.603	-0.089	-0.817	-0.030	-0.124	+0.513	-0.286	-0.274	-0.264	-0.278	+0.317	
rs181475680    -0.732	-0.731	-0.326	-0.474	-0.460	-0.717	-0.760	-0.759	-0.719	-0.529	-0.762	-0.760	-0.760	-0.718	-0.718	-0.761	-0.759	-0.750	-0.750	-0.748	-0.758	-0.745	-0.742	-0.524	-0.625	-0.744	-0.411	-0.733	-0.740	-0.523	-0.693	-0.543	-0.037	-0.765	+0.511	+0.615	-0.759	-0.759	-0.549	-0.733	+1.245	-0.749	-0.490	-0.480	-0.734	-0.409	-0.541	+1.768	-0.559	-0.362	-0.557	-0.559	-0.745	-0.746	-0.745	+1.032	-0.462	+1.656	+0.276	+1.452	-0.735	+1.139	-0.734	+1.790	-0.736	-0.604	-0.675	-0.686	-0.703	-0.689	-0.315	-0.316	-0.689	-0.691	-0.151	-0.706	+0.235	-0.341	-0.334	-0.705	-0.330	+0.237	+0.235	-0.705	-0.337	-0.332	-0.344	-0.705	-0.704	-0.694	-0.365	-0.358	-0.704	+0.214	-0.706	-0.377	-0.370	-0.363	-0.692	-0.403	-0.164	-0.701	-0.405	+0.262	+0.260	-0.412	-0.683	-0.110	+0.201	+0.248	-0.166	-0.491	+0.268	+0.266	-0.663	-0.653	-0.666	+1.064	+0.185	+0.184	-0.174	-0.688	-0.177	+0.235	-0.672	-0.693	-0.680	+0.232	+0.228	-0.140	-0.263	-0.242	-0.623	-0.020	-0.136	-0.260	-0.265	-0.194	-0.238	-0.216	-0.161	-0.258	-0.225	-0.214	-0.206	-0.156	-0.015	+0.673	+0.884	+0.830	-0.834	+0.872	+0.820	+0.822	+0.819	+0.822	+0.742	+0.899	+0.411	+0.231	+0.696	+0.225	-0.451	+0.613	+0.188	-0.835	+0.254	+0.146	+0.822	-0.135	-0.121	-0.112	-0.126	+0.467	
rs2974876      -0.839	-0.839	-0.426	-0.578	-0.564	-0.766	-0.663	-0.656	-0.770	-0.714	-0.656	-0.659	-0.659	-0.768	-0.767	-0.647	-0.653	-0.662	-0.658	-0.660	-0.637	-0.661	-0.662	-0.574	-0.685	-0.782	-0.733	-0.532	-0.669	-0.709	-0.732	-0.587	-0.147	-0.888	+0.471	+0.695	-0.864	-0.864	-0.605	-0.837	+1.270	-0.851	-0.507	-0.515	-0.837	-0.418	-0.597	+1.633	-0.617	-0.366	-0.698	-0.617	-0.846	-0.848	-0.847	+1.111	-0.476	+1.521	+0.140	+1.485	-0.841	+1.160	-0.838	+1.632	-0.841	-0.668	-0.742	-0.790	-0.798	-0.756	-0.308	-0.308	-0.757	-0.758	-0.055	-0.801	+0.106	-0.335	-0.329	-0.801	-0.323	+0.108	+0.106	-0.801	-0.332	-0.326	-0.340	-0.801	-0.800	-0.789	-0.363	-0.356	-0.799	+0.086	-0.802	-0.377	-0.370	-0.361	-0.786	-0.380	-0.026	-0.796	-0.383	+0.135	+0.133	-0.391	-0.751	-0.045	+0.015	+0.061	-0.365	-0.637	+0.081	+0.079	-0.731	-0.721	-0.735	+1.115	-0.002	-0.002	-0.374	-0.812	-0.377	+0.047	-0.741	-0.763	-0.750	+0.045	+0.041	-0.081	-0.453	-0.434	-0.808	-0.201	-0.310	-0.450	-0.455	-0.390	-0.431	-0.412	-0.307	-0.448	-0.419	-0.409	-0.402	-0.297	-0.222	+0.338	+0.527	+0.482	-0.923	+0.521	+0.475	+0.477	+0.475	+0.478	+0.528	+0.545	+0.064	-0.095	+0.484	-0.100	-0.540	+0.405	-0.131	-0.921	-0.072	-0.165	+0.460	-0.313	-0.301	-0.291	-0.306	+0.302	
rs2925566      -0.844	-0.843	-0.431	-0.583	-0.569	-0.769	-0.680	-0.674	-0.773	-0.721	-0.675	-0.677	-0.677	-0.771	-0.770	-0.669	-0.672	-0.678	-0.675	-0.676	-0.661	-0.675	-0.675	-0.580	-0.690	-0.787	-0.740	-0.669	-0.536	-0.716	-0.730	-0.585	-0.151	-0.891	+0.466	+0.688	-0.869	-0.869	-0.603	-0.842	+1.264	-0.856	-0.512	-0.512	-0.842	-0.424	-0.595	+1.634	-0.616	-0.372	-0.702	-0.616	-0.851	-0.852	-0.851	+1.105	-0.481	+1.521	+0.136	+1.478	-0.846	+1.153	-0.843	+1.631	-0.845	-0.667	-0.742	-0.792	-0.803	-0.757	-0.313	-0.314	-0.757	-0.759	-0.061	-0.806	+0.101	-0.341	-0.334	-0.806	-0.329	+0.103	+0.101	-0.806	-0.338	-0.331	-0.345	-0.805	-0.805	-0.793	-0.369	-0.361	-0.804	+0.081	-0.807	-0.383	-0.375	-0.367	-0.791	-0.385	-0.031	-0.801	-0.388	+0.129	+0.127	-0.396	-0.752	-0.051	+0.015	+0.059	-0.369	-0.641	+0.080	+0.079	-0.732	-0.721	-0.736	+1.109	-0.002	-0.003	-0.377	-0.816	-0.381	+0.047	-0.742	-0.764	-0.751	+0.044	+0.041	-0.087	-0.457	-0.437	-0.813	-0.202	-0.311	-0.454	-0.459	-0.394	-0.435	-0.415	-0.310	-0.452	-0.423	-0.413	-0.405	-0.301	-0.226	+0.334	+0.523	+0.478	-0.927	+0.517	+0.472	+0.474	+0.471	+0.475	+0.528	+0.542	+0.061	-0.099	+0.483	-0.103	-0.545	+0.403	-0.134	-0.924	-0.076	-0.168	+0.456	-0.317	-0.305	-0.295	-0.309	+0.298	
rs114697650    -0.713	-0.712	-0.310	-0.458	-0.444	-0.699	-0.739	-0.738	-0.701	-0.528	-0.741	-0.739	-0.739	-0.700	-0.700	-0.740	-0.737	-0.727	-0.728	-0.726	-0.737	-0.722	-0.719	-0.509	-0.610	-0.723	-0.523	-0.709	-0.716	-0.389	-0.665	-0.527	-0.022	-0.740	+0.527	+0.625	-0.740	-0.740	-0.533	-0.714	+1.258	-0.731	-0.476	-0.464	-0.715	-0.396	-0.525	+1.768	-0.542	-0.350	-0.534	-0.542	-0.726	-0.728	-0.727	+1.040	-0.448	+1.656	+0.278	+1.464	-0.716	+1.152	-0.716	+1.789	-0.717	-0.587	-0.658	-0.670	-0.685	-0.671	-0.303	-0.304	-0.671	-0.673	-0.143	-0.688	+0.237	-0.329	-0.323	-0.687	-0.318	+0.239	+0.237	-0.687	-0.326	-0.320	-0.333	-0.687	-0.687	-0.677	-0.353	-0.347	-0.686	+0.216	-0.688	-0.365	-0.358	-0.351	-0.675	-0.392	-0.157	-0.683	-0.394	+0.262	+0.259	-0.401	-0.665	-0.099	+0.230	+0.275	-0.136	-0.467	+0.298	+0.296	-0.645	-0.636	-0.649	+1.076	+0.214	+0.213	-0.143	-0.666	-0.147	+0.264	-0.654	-0.675	-0.662	+0.262	+0.258	-0.128	-0.234	-0.212	-0.598	+0.009	-0.109	-0.231	-0.236	-0.164	-0.209	-0.186	-0.135	-0.228	-0.196	-0.184	-0.176	-0.130	+0.017	+0.715	+0.927	+0.872	-0.815	+0.914	+0.862	+0.863	+0.860	+0.864	+0.774	+0.941	+0.455	+0.272	+0.725	+0.266	-0.434	+0.642	+0.229	-0.815	+0.296	+0.186	+0.864	-0.109	-0.095	-0.086	-0.099	+0.492	
rs153004       -0.812	-0.811	-0.407	-0.560	-0.546	-0.772	-0.707	-0.697	-0.770	-0.674	-0.702	-0.705	-0.705	-0.772	-0.772	-0.702	-0.706	-0.718	-0.716	-0.719	-0.704	-0.723	-0.725	-0.563	-0.670	-0.745	-0.693	-0.732	-0.730	-0.665	-0.504	-0.611	-0.131	-0.878	+0.462	+0.757	-0.840	-0.840	-0.624	-0.807	+1.377	-0.828	-0.448	-0.562	-0.807	-0.327	-0.617	+1.619	-0.635	-0.274	-0.695	-0.635	-0.823	-0.824	-0.824	+1.135	-0.417	+1.505	+0.131	+1.589	-0.813	+1.192	-0.809	+1.614	-0.812	-0.689	-0.752	-0.791	-0.769	-0.762	-0.286	-0.287	-0.762	-0.764	-0.052	-0.772	+0.101	-0.314	-0.307	-0.772	-0.302	+0.103	+0.101	-0.772	-0.310	-0.304	-0.318	-0.772	-0.771	-0.759	-0.341	-0.334	-0.770	+0.081	-0.774	-0.355	-0.347	-0.339	-0.757	-0.351	-0.021	-0.767	-0.354	+0.134	+0.132	-0.362	-0.759	+0.010	-0.020	+0.032	-0.359	-0.636	+0.043	+0.041	-0.744	-0.737	-0.747	+1.121	-0.037	-0.038	-0.368	-0.799	-0.370	+0.010	-0.751	-0.766	-0.757	+0.008	+0.004	-0.028	-0.445	-0.426	-0.780	-0.231	-0.336	-0.443	-0.447	-0.384	-0.424	-0.404	-0.299	-0.440	-0.412	-0.402	-0.395	-0.288	-0.216	+0.327	+0.514	+0.469	-0.894	+0.508	+0.462	+0.464	+0.462	+0.466	+0.489	+0.532	+0.052	-0.106	+0.454	-0.111	-0.497	+0.374	-0.141	-0.891	-0.083	-0.174	+0.453	-0.318	-0.306	-0.297	-0.310	+0.292	
rs153003       -0.567	-0.567	-0.206	-0.354	-0.341	-0.398	-0.550	-0.545	-0.374	-0.525	-0.547	-0.550	-0.550	-0.385	-0.387	-0.552	-0.556	-0.568	-0.568	-0.572	-0.560	-0.576	-0.579	-0.287	-0.401	-0.224	-0.543	-0.587	-0.585	-0.527	-0.611	-0.239	+0.060	-0.676	+0.855	+1.009	-0.594	-0.594	-0.394	-0.564	+1.705	-0.580	-0.201	-0.373	-0.564	-0.060	-0.396	+1.731	-0.405	-0.004	-0.476	-0.405	-0.574	-0.575	-0.575	+1.499	-0.169	+1.613	+0.233	+1.925	-0.571	+1.465	-0.566	+1.718	-0.569	-0.450	-0.458	-0.592	-0.528	-0.451	-0.007	-0.008	-0.451	-0.450	+0.211	-0.532	+0.204	-0.034	-0.027	-0.531	-0.022	+0.206	+0.204	-0.531	-0.031	-0.024	-0.038	-0.531	-0.530	-0.519	-0.062	-0.055	-0.529	+0.185	-0.533	-0.076	-0.069	-0.060	-0.516	-0.068	+0.245	-0.527	-0.071	+0.232	+0.230	-0.079	-0.458	+0.264	+0.105	+0.188	+0.114	-0.418	+0.161	+0.159	-0.470	-0.472	-0.469	+1.379	+0.089	+0.088	+0.097	-0.571	+0.097	+0.132	-0.471	-0.456	-0.465	+0.130	+0.127	+0.228	+0.007	+0.031	-0.567	-0.085	-0.167	+0.011	+0.005	+0.081	+0.033	+0.056	-0.056	+0.013	+0.048	+0.060	+0.068	+0.189	+0.302	+0.861	+1.069	+1.019	-0.564	+1.055	+1.011	+1.013	+1.010	+1.015	+0.602	+1.089	+0.497	+0.319	+0.621	+0.314	-0.233	+0.538	+0.280	-0.547	+0.342	+0.243	+0.977	+0.050	+0.064	+0.074	+0.059	+0.757	
