## Summary of overall evidence for association with region:
## log10(BF for region) = 1.70105
## p-value for region = NA

## BFs for choosing among multi-SNP models:
## log10(average 1-SNP BF) = 1.77131
## log10(average 2-SNP BF) = 1.51318

## Example posterior probabilities for multi-SNP models, based on default prior: [p(l) propto 0.5^l for l=1,2,...,L]
## posterior probability of 1-SNP = 0.783724
## posterior probability of 2-SNP = 0.216276

## log10(BF) for single SNP and pair of SNPs:
rs9327415      -0.607	-0.762	-0.767	-0.782	-0.888	-0.888	-0.774	-0.892	-0.855	-0.901	-0.901	-0.901	-0.945	-0.908	-0.958	-0.962	-0.965	-0.974	-0.965	-0.966	-0.966	-0.966	-0.970	-0.971	-0.971	-0.971	-0.968	-0.972	-0.972	-0.972	-0.972	-0.967	-0.969	-0.976	-0.981	-0.978	-0.978	-0.978	-0.977	-0.977	-0.977	-0.977	-1.027	-1.033	-1.057	-1.028	-1.021	+1.492	+1.503	+1.505	+1.547	+1.495	+1.497	+1.881	+1.512	+1.867	+1.514	-0.721	+1.515	+1.877	+1.516	+1.832	
rs6595726      -0.762	-0.623	-0.766	-0.779	-0.885	-0.885	-0.758	-0.892	-0.852	-0.908	-0.907	-0.908	-0.948	-0.908	-0.967	-0.974	-0.980	-0.982	-0.980	-0.981	-0.981	-0.981	-0.977	-0.977	-0.978	-0.978	-0.982	-0.978	-0.979	-0.979	-0.979	-0.983	-0.978	-0.983	-0.992	-0.989	-0.989	-0.988	-0.989	-0.989	-0.989	-0.989	-1.041	-1.047	-1.072	-1.042	-1.036	+1.476	+1.486	+1.488	+1.530	+1.479	+1.480	+1.864	+1.495	+1.850	+1.497	-0.734	+1.498	+1.860	+1.499	+1.814	
rs13175125     -0.767	-0.766	-0.619	-0.770	-0.884	-0.883	-0.746	-0.890	-0.852	-0.904	-0.903	-0.903	-0.947	-0.908	-0.964	-0.970	-0.975	-0.979	-0.976	-0.976	-0.976	-0.976	-0.974	-0.974	-0.975	-0.975	-0.977	-0.975	-0.976	-0.976	-0.976	-0.978	-0.975	-0.980	-0.988	-0.985	-0.985	-0.985	-0.985	-0.985	-0.985	-0.985	-1.039	-1.045	-1.069	-1.039	-1.033	+1.479	+1.489	+1.491	+1.533	+1.482	+1.483	+1.868	+1.498	+1.854	+1.500	-0.731	+1.501	+1.864	+1.502	+1.818	
rs7708051      -0.782	-0.779	-0.770	-0.616	-0.888	-0.888	-0.767	-0.893	-0.852	-0.906	-0.905	-0.905	-0.945	-0.907	-0.965	-0.971	-0.975	-0.980	-0.975	-0.975	-0.976	-0.976	-0.975	-0.975	-0.976	-0.976	-0.976	-0.976	-0.976	-0.977	-0.977	-0.977	-0.975	-0.981	-0.988	-0.985	-0.985	-0.985	-0.985	-0.985	-0.985	-0.984	-1.035	-1.041	-1.066	-1.036	-1.029	+1.482	+1.493	+1.494	+1.536	+1.485	+1.487	+1.871	+1.501	+1.857	+1.503	-0.728	+1.504	+1.867	+1.505	+1.821	
rs75704466     -0.888	-0.885	-0.884	-0.888	-0.606	-0.740	-0.883	-0.742	-0.848	-0.704	-0.731	-0.732	-0.935	-0.900	-0.909	-0.909	-0.908	-0.939	-0.907	-0.908	-0.908	-0.908	-0.937	-0.937	-0.938	-0.938	-0.911	-0.938	-0.938	-0.938	-0.938	-0.909	-0.927	-0.941	-0.943	-0.941	-0.941	-0.941	-0.939	-0.939	-0.939	-0.938	-1.024	-1.032	-1.056	-1.025	-1.019	+1.479	+1.489	+1.491	+1.533	+1.482	+1.483	+1.867	+1.498	+1.853	+1.500	-0.719	+1.501	+1.863	+1.501	+1.817	
rs12652820     -0.888	-0.885	-0.883	-0.888	-0.740	-0.606	-0.883	-0.742	-0.848	-0.704	-0.731	-0.732	-0.935	-0.900	-0.909	-0.909	-0.907	-0.939	-0.907	-0.908	-0.908	-0.908	-0.937	-0.937	-0.938	-0.938	-0.911	-0.938	-0.938	-0.938	-0.938	-0.909	-0.927	-0.941	-0.943	-0.941	-0.941	-0.941	-0.939	-0.939	-0.939	-0.938	-1.024	-1.032	-1.056	-1.025	-1.019	+1.479	+1.489	+1.491	+1.533	+1.482	+1.483	+1.867	+1.498	+1.853	+1.500	-0.719	+1.501	+1.863	+1.501	+1.817	
rs7715441      -0.774	-0.758	-0.746	-0.767	-0.883	-0.883	-0.611	-0.887	-0.855	-0.897	-0.896	-0.897	-0.945	-0.908	-0.958	-0.963	-0.966	-0.974	-0.966	-0.967	-0.967	-0.967	-0.970	-0.970	-0.971	-0.971	-0.968	-0.971	-0.971	-0.972	-0.972	-0.968	-0.969	-0.975	-0.982	-0.979	-0.978	-0.978	-0.978	-0.978	-0.978	-0.977	-1.031	-1.037	-1.061	-1.031	-1.025	+1.487	+1.498	+1.499	+1.541	+1.490	+1.492	+1.876	+1.506	+1.862	+1.508	-0.724	+1.509	+1.872	+1.510	+1.826	
rs13168628     -0.892	-0.892	-0.890	-0.893	-0.742	-0.742	-0.887	-0.611	-0.847	-0.727	-0.746	-0.746	-0.936	-0.899	-0.913	-0.914	-0.914	-0.942	-0.914	-0.914	-0.914	-0.914	-0.939	-0.939	-0.940	-0.940	-0.917	-0.940	-0.940	-0.940	-0.940	-0.915	-0.930	-0.943	-0.947	-0.945	-0.945	-0.944	-0.943	-0.943	-0.943	-0.943	-1.029	-1.036	-1.061	-1.030	-1.024	+1.474	+1.485	+1.487	+1.529	+1.477	+1.479	+1.862	+1.494	+1.848	+1.496	-0.723	+1.496	+1.858	+1.497	+1.813	
rs35058784     -0.855	-0.852	-0.852	-0.852	-0.848	-0.848	-0.855	-0.847	-0.427	-0.839	-0.841	-0.841	-0.620	-0.644	-0.808	-0.801	-0.790	-0.797	-0.789	-0.790	-0.790	-0.789	-0.803	-0.803	-0.803	-0.803	-0.794	-0.804	-0.803	-0.803	-0.803	-0.788	-0.803	-0.800	-0.782	-0.784	-0.784	-0.783	-0.776	-0.775	-0.774	-0.771	-0.854	-0.861	-0.885	-0.859	-0.852	+1.811	+1.822	+1.823	+1.867	+1.813	+1.815	+2.233	+1.830	+2.218	+1.832	-0.565	+1.833	+2.228	+1.834	+2.181	
rs1510954      -0.901	-0.908	-0.904	-0.906	-0.704	-0.704	-0.897	-0.727	-0.839	-0.627	-0.763	-0.764	-0.936	-0.895	-0.923	-0.928	-0.932	-0.948	-0.932	-0.932	-0.933	-0.933	-0.942	-0.942	-0.943	-0.943	-0.934	-0.944	-0.944	-0.944	-0.944	-0.934	-0.938	-0.949	-0.958	-0.955	-0.955	-0.954	-0.955	-0.955	-0.956	-0.956	-1.044	-1.051	-1.076	-1.046	-1.039	+1.462	+1.472	+1.474	+1.516	+1.465	+1.466	+1.850	+1.481	+1.836	+1.483	-0.737	+1.484	+1.846	+1.485	+1.800	
rs13185329     -0.901	-0.907	-0.903	-0.905	-0.731	-0.731	-0.896	-0.746	-0.841	-0.763	-0.624	-0.759	-0.936	-0.896	-0.921	-0.924	-0.928	-0.946	-0.928	-0.928	-0.928	-0.928	-0.941	-0.941	-0.942	-0.942	-0.929	-0.942	-0.942	-0.943	-0.942	-0.929	-0.936	-0.947	-0.955	-0.952	-0.952	-0.952	-0.952	-0.952	-0.952	-0.952	-1.041	-1.048	-1.073	-1.042	-1.036	+1.464	+1.475	+1.476	+1.518	+1.467	+1.469	+1.852	+1.483	+1.838	+1.485	-0.734	+1.486	+1.848	+1.487	+1.802	
rs12523591     -0.901	-0.908	-0.903	-0.905	-0.732	-0.732	-0.897	-0.746	-0.841	-0.764	-0.759	-0.624	-0.936	-0.895	-0.921	-0.924	-0.928	-0.946	-0.928	-0.928	-0.928	-0.928	-0.941	-0.941	-0.941	-0.941	-0.929	-0.942	-0.942	-0.942	-0.942	-0.929	-0.935	-0.947	-0.955	-0.952	-0.952	-0.952	-0.952	-0.952	-0.952	-0.952	-1.042	-1.048	-1.073	-1.043	-1.036	+1.464	+1.475	+1.476	+1.518	+1.467	+1.469	+1.852	+1.483	+1.838	+1.485	-0.734	+1.486	+1.848	+1.487	+1.802	
rs12518495     -0.945	-0.948	-0.947	-0.945	-0.935	-0.935	-0.945	-0.936	-0.620	-0.936	-0.936	-0.936	-0.526	-0.595	-0.906	-0.904	-0.898	-0.891	-0.898	-0.898	-0.898	-0.898	-0.892	-0.892	-0.893	-0.893	-0.901	-0.893	-0.893	-0.893	-0.893	-0.898	-0.899	-0.893	-0.885	-0.885	-0.885	-0.884	-0.880	-0.879	-0.878	-0.877	-0.943	-0.956	-0.980	-0.953	-0.947	+1.683	+1.694	+1.696	+1.739	+1.686	+1.688	+2.102	+1.703	+2.088	+1.705	-0.654	+1.706	+2.098	+1.706	+2.051	
rs1546499      -0.908	-0.908	-0.908	-0.907	-0.900	-0.900	-0.908	-0.899	-0.644	-0.895	-0.896	-0.895	-0.595	-0.488	-0.862	-0.857	-0.848	-0.848	-0.847	-0.848	-0.848	-0.847	-0.852	-0.852	-0.852	-0.852	-0.851	-0.852	-0.852	-0.852	-0.852	-0.846	-0.855	-0.850	-0.836	-0.837	-0.837	-0.836	-0.830	-0.829	-0.828	-0.826	-0.906	-0.920	-0.944	-0.918	-0.911	+1.738	+1.749	+1.751	+1.795	+1.741	+1.743	+2.159	+1.758	+2.145	+1.760	-0.621	+1.761	+2.155	+1.761	+2.108	
rs4836293      -0.958	-0.967	-0.964	-0.965	-0.909	-0.909	-0.958	-0.913	-0.808	-0.923	-0.921	-0.921	-0.906	-0.862	-0.624	-0.773	-0.763	-0.862	-0.762	-0.764	-0.764	-0.763	-0.856	-0.856	-0.857	-0.857	-0.776	-0.858	-0.858	-0.858	-0.858	-0.766	-0.835	-0.864	-0.872	-0.870	-0.870	-0.870	-0.871	-0.872	-0.872	-0.872	-1.041	-1.048	-1.073	-1.043	-1.036	+1.569	+1.579	+1.581	+1.625	+1.571	+1.573	+1.943	+1.587	+1.928	+1.589	-0.733	+1.590	+1.938	+1.591	+1.891	
rs1972091      -0.962	-0.974	-0.970	-0.971	-0.909	-0.909	-0.963	-0.914	-0.801	-0.928	-0.924	-0.924	-0.904	-0.857	-0.773	-0.632	-0.769	-0.860	-0.769	-0.770	-0.770	-0.769	-0.851	-0.851	-0.852	-0.852	-0.779	-0.853	-0.853	-0.854	-0.854	-0.774	-0.828	-0.861	-0.876	-0.873	-0.873	-0.873	-0.876	-0.876	-0.877	-0.878	-1.048	-1.056	-1.081	-1.051	-1.044	+1.552	+1.562	+1.564	+1.608	+1.554	+1.556	+1.926	+1.570	+1.912	+1.572	-0.740	+1.573	+1.922	+1.574	+1.875	
rs10463822     -0.965	-0.980	-0.975	-0.975	-0.908	-0.907	-0.966	-0.914	-0.790	-0.932	-0.928	-0.928	-0.898	-0.848	-0.763	-0.769	-0.640	-0.851	-0.776	-0.776	-0.776	-0.776	-0.839	-0.839	-0.840	-0.840	-0.778	-0.841	-0.841	-0.842	-0.841	-0.781	-0.817	-0.851	-0.874	-0.869	-0.869	-0.870	-0.875	-0.876	-0.877	-0.879	-1.056	-1.063	-1.088	-1.059	-1.052	+1.534	+1.545	+1.546	+1.590	+1.536	+1.538	+1.910	+1.553	+1.895	+1.555	-0.747	+1.555	+1.906	+1.556	+1.859	
rs13187648     -0.974	-0.982	-0.979	-0.980	-0.939	-0.939	-0.974	-0.942	-0.797	-0.948	-0.946	-0.946	-0.891	-0.848	-0.862	-0.860	-0.851	-0.613	-0.851	-0.851	-0.851	-0.850	-0.744	-0.744	-0.746	-0.746	-0.854	-0.748	-0.747	-0.748	-0.747	-0.849	-0.822	-0.754	-0.746	-0.753	-0.754	-0.754	-0.754	-0.756	-0.757	-0.760	-1.029	-1.037	-1.063	-1.036	-1.029	+1.578	+1.588	+1.590	+1.633	+1.580	+1.581	+2.011	+1.596	+1.996	+1.598	-0.721	+1.598	+2.006	+1.599	+1.958	
rs907194       -0.965	-0.980	-0.976	-0.975	-0.907	-0.907	-0.966	-0.914	-0.789	-0.932	-0.928	-0.928	-0.898	-0.847	-0.762	-0.769	-0.776	-0.851	-0.640	-0.776	-0.776	-0.777	-0.838	-0.838	-0.839	-0.839	-0.778	-0.840	-0.840	-0.841	-0.840	-0.782	-0.816	-0.851	-0.874	-0.869	-0.869	-0.869	-0.875	-0.876	-0.877	-0.879	-1.057	-1.064	-1.089	-1.059	-1.052	+1.533	+1.544	+1.545	+1.589	+1.536	+1.537	+1.909	+1.552	+1.895	+1.554	-0.748	+1.555	+1.905	+1.555	+1.858	
rs13175243     -0.966	-0.981	-0.976	-0.975	-0.908	-0.908	-0.967	-0.914	-0.790	-0.932	-0.928	-0.928	-0.898	-0.848	-0.764	-0.770	-0.776	-0.851	-0.776	-0.640	-0.776	-0.776	-0.838	-0.838	-0.839	-0.839	-0.777	-0.840	-0.840	-0.841	-0.841	-0.781	-0.816	-0.851	-0.873	-0.869	-0.869	-0.869	-0.875	-0.876	-0.877	-0.879	-1.057	-1.064	-1.089	-1.059	-1.052	+1.533	+1.544	+1.546	+1.589	+1.536	+1.538	+1.910	+1.552	+1.895	+1.554	-0.748	+1.555	+1.905	+1.556	+1.858	
rs13155478     -0.966	-0.981	-0.976	-0.976	-0.908	-0.908	-0.967	-0.914	-0.790	-0.933	-0.928	-0.928	-0.898	-0.848	-0.764	-0.770	-0.776	-0.851	-0.776	-0.776	-0.640	-0.776	-0.838	-0.838	-0.839	-0.839	-0.777	-0.840	-0.840	-0.841	-0.841	-0.780	-0.816	-0.851	-0.873	-0.869	-0.869	-0.869	-0.875	-0.876	-0.877	-0.879	-1.057	-1.064	-1.089	-1.059	-1.052	+1.534	+1.544	+1.546	+1.589	+1.536	+1.538	+1.910	+1.552	+1.895	+1.554	-0.748	+1.555	+1.905	+1.556	+1.859	
rs10463824     -0.966	-0.981	-0.976	-0.976	-0.908	-0.908	-0.967	-0.914	-0.789	-0.933	-0.928	-0.928	-0.898	-0.847	-0.763	-0.769	-0.776	-0.850	-0.777	-0.776	-0.776	-0.641	-0.837	-0.837	-0.838	-0.838	-0.777	-0.839	-0.839	-0.840	-0.840	-0.781	-0.815	-0.850	-0.873	-0.869	-0.869	-0.869	-0.875	-0.875	-0.877	-0.879	-1.057	-1.064	-1.089	-1.059	-1.053	+1.533	+1.543	+1.545	+1.588	+1.535	+1.537	+1.909	+1.551	+1.894	+1.553	-0.748	+1.554	+1.904	+1.555	+1.858	
rs13161700     -0.970	-0.977	-0.974	-0.975	-0.937	-0.937	-0.970	-0.939	-0.803	-0.942	-0.941	-0.941	-0.892	-0.852	-0.856	-0.851	-0.839	-0.744	-0.838	-0.838	-0.838	-0.837	-0.607	-0.740	-0.741	-0.741	-0.840	-0.743	-0.741	-0.741	-0.741	-0.834	-0.813	-0.741	-0.705	-0.722	-0.722	-0.723	-0.722	-0.726	-0.726	-0.731	-1.022	-1.031	-1.056	-1.029	-1.023	+1.590	+1.601	+1.602	+1.646	+1.592	+1.594	+2.026	+1.608	+2.011	+1.610	-0.715	+1.611	+2.021	+1.612	+1.973	
rs34701879     -0.971	-0.977	-0.974	-0.975	-0.937	-0.937	-0.970	-0.939	-0.803	-0.942	-0.941	-0.941	-0.892	-0.852	-0.856	-0.851	-0.839	-0.744	-0.838	-0.838	-0.838	-0.837	-0.740	-0.607	-0.741	-0.741	-0.841	-0.743	-0.741	-0.741	-0.741	-0.835	-0.814	-0.741	-0.705	-0.722	-0.723	-0.723	-0.722	-0.726	-0.727	-0.731	-1.022	-1.031	-1.056	-1.029	-1.023	+1.590	+1.601	+1.602	+1.646	+1.592	+1.594	+2.026	+1.608	+2.011	+1.610	-0.715	+1.611	+2.021	+1.611	+1.973	
rs13187192     -0.971	-0.978	-0.975	-0.976	-0.938	-0.938	-0.971	-0.940	-0.803	-0.943	-0.942	-0.941	-0.893	-0.852	-0.857	-0.852	-0.840	-0.746	-0.839	-0.839	-0.839	-0.838	-0.741	-0.741	-0.607	-0.741	-0.841	-0.743	-0.741	-0.741	-0.741	-0.835	-0.814	-0.741	-0.707	-0.723	-0.724	-0.725	-0.724	-0.727	-0.728	-0.732	-1.022	-1.032	-1.057	-1.030	-1.023	+1.589	+1.600	+1.601	+1.645	+1.591	+1.593	+2.025	+1.607	+2.010	+1.609	-0.716	+1.610	+2.020	+1.611	+1.972	
rs13167300     -0.971	-0.978	-0.975	-0.976	-0.938	-0.938	-0.971	-0.940	-0.803	-0.943	-0.942	-0.941	-0.893	-0.852	-0.857	-0.852	-0.840	-0.746	-0.839	-0.839	-0.839	-0.838	-0.741	-0.741	-0.741	-0.607	-0.842	-0.743	-0.741	-0.741	-0.741	-0.835	-0.814	-0.741	-0.707	-0.723	-0.724	-0.725	-0.724	-0.727	-0.728	-0.732	-1.023	-1.032	-1.057	-1.030	-1.024	+1.589	+1.600	+1.601	+1.645	+1.591	+1.593	+2.025	+1.607	+2.010	+1.609	-0.716	+1.610	+2.020	+1.611	+1.972	
rs7703036      -0.968	-0.982	-0.977	-0.976	-0.911	-0.911	-0.968	-0.917	-0.794	-0.934	-0.929	-0.929	-0.901	-0.851	-0.776	-0.779	-0.778	-0.854	-0.778	-0.777	-0.777	-0.777	-0.840	-0.841	-0.841	-0.842	-0.639	-0.842	-0.842	-0.843	-0.843	-0.774	-0.818	-0.852	-0.873	-0.869	-0.869	-0.869	-0.874	-0.875	-0.876	-0.878	-1.055	-1.062	-1.087	-1.057	-1.051	+1.538	+1.548	+1.550	+1.594	+1.540	+1.542	+1.914	+1.556	+1.899	+1.558	-0.746	+1.559	+1.910	+1.560	+1.863	
rs12521148     -0.972	-0.978	-0.975	-0.976	-0.938	-0.938	-0.971	-0.940	-0.804	-0.944	-0.942	-0.942	-0.893	-0.852	-0.858	-0.853	-0.841	-0.748	-0.840	-0.840	-0.840	-0.839	-0.743	-0.743	-0.743	-0.743	-0.842	-0.607	-0.743	-0.744	-0.743	-0.836	-0.815	-0.744	-0.712	-0.727	-0.728	-0.728	-0.727	-0.730	-0.731	-0.735	-1.023	-1.032	-1.057	-1.030	-1.024	+1.589	+1.600	+1.601	+1.645	+1.591	+1.593	+2.025	+1.607	+2.010	+1.609	-0.716	+1.610	+2.020	+1.611	+1.972	
rs11241905     -0.972	-0.979	-0.976	-0.976	-0.938	-0.938	-0.971	-0.940	-0.803	-0.944	-0.942	-0.942	-0.893	-0.852	-0.858	-0.853	-0.841	-0.747	-0.840	-0.840	-0.840	-0.839	-0.741	-0.741	-0.741	-0.741	-0.842	-0.743	-0.608	-0.742	-0.741	-0.836	-0.815	-0.742	-0.709	-0.725	-0.726	-0.726	-0.725	-0.729	-0.730	-0.734	-1.023	-1.032	-1.057	-1.030	-1.024	+1.588	+1.599	+1.600	+1.644	+1.590	+1.592	+2.024	+1.606	+2.009	+1.608	-0.716	+1.609	+2.019	+1.610	+1.971	
rs6884533      -0.972	-0.979	-0.976	-0.977	-0.938	-0.938	-0.972	-0.940	-0.803	-0.944	-0.943	-0.942	-0.893	-0.852	-0.858	-0.854	-0.842	-0.748	-0.841	-0.841	-0.841	-0.840	-0.741	-0.741	-0.741	-0.741	-0.843	-0.744	-0.742	-0.608	-0.742	-0.837	-0.815	-0.743	-0.711	-0.726	-0.727	-0.728	-0.727	-0.730	-0.731	-0.735	-1.023	-1.033	-1.058	-1.031	-1.024	+1.588	+1.598	+1.600	+1.644	+1.590	+1.592	+2.024	+1.606	+2.008	+1.608	-0.716	+1.608	+2.018	+1.609	+1.970	
rs12658540     -0.972	-0.979	-0.976	-0.977	-0.938	-0.938	-0.972	-0.940	-0.803	-0.944	-0.942	-0.942	-0.893	-0.852	-0.858	-0.854	-0.841	-0.747	-0.840	-0.841	-0.841	-0.840	-0.741	-0.741	-0.741	-0.741	-0.843	-0.743	-0.741	-0.742	-0.608	-0.837	-0.815	-0.742	-0.710	-0.726	-0.726	-0.727	-0.726	-0.729	-0.730	-0.734	-1.023	-1.032	-1.057	-1.031	-1.024	+1.588	+1.599	+1.600	+1.644	+1.590	+1.592	+2.024	+1.606	+2.009	+1.608	-0.716	+1.609	+2.019	+1.609	+1.971	
rs7445054      -0.967	-0.983	-0.978	-0.977	-0.909	-0.909	-0.968	-0.915	-0.788	-0.934	-0.929	-0.929	-0.898	-0.846	-0.766	-0.774	-0.781	-0.849	-0.782	-0.781	-0.780	-0.781	-0.834	-0.835	-0.835	-0.835	-0.774	-0.836	-0.836	-0.837	-0.837	-0.642	-0.811	-0.847	-0.872	-0.867	-0.867	-0.867	-0.873	-0.874	-0.875	-0.878	-1.058	-1.065	-1.090	-1.060	-1.054	+1.530	+1.541	+1.542	+1.586	+1.532	+1.534	+1.907	+1.549	+1.892	+1.551	-0.749	+1.552	+1.903	+1.552	+1.856	
rs13182914     -0.969	-0.978	-0.975	-0.975	-0.927	-0.927	-0.969	-0.930	-0.803	-0.938	-0.936	-0.935	-0.899	-0.855	-0.835	-0.828	-0.817	-0.822	-0.816	-0.816	-0.816	-0.815	-0.813	-0.814	-0.814	-0.814	-0.818	-0.815	-0.815	-0.815	-0.815	-0.811	-0.620	-0.820	-0.827	-0.826	-0.826	-0.826	-0.827	-0.827	-0.827	-0.828	-1.036	-1.044	-1.069	-1.041	-1.034	+1.568	+1.579	+1.580	+1.624	+1.570	+1.572	+1.942	+1.586	+1.927	+1.589	-0.728	+1.589	+1.937	+1.590	+1.890	
rs7719336      -0.976	-0.983	-0.980	-0.981	-0.941	-0.941	-0.975	-0.943	-0.800	-0.949	-0.947	-0.947	-0.893	-0.850	-0.864	-0.861	-0.851	-0.754	-0.851	-0.851	-0.851	-0.850	-0.741	-0.741	-0.741	-0.741	-0.852	-0.744	-0.742	-0.743	-0.742	-0.847	-0.820	-0.613	-0.732	-0.742	-0.743	-0.743	-0.744	-0.746	-0.747	-0.751	-1.028	-1.037	-1.062	-1.035	-1.029	+1.579	+1.589	+1.591	+1.635	+1.581	+1.583	+2.013	+1.597	+1.998	+1.599	-0.721	+1.600	+2.008	+1.600	+1.960	
rs4836291      -0.981	-0.992	-0.988	-0.988	-0.943	-0.943	-0.982	-0.947	-0.782	-0.958	-0.955	-0.955	-0.885	-0.836	-0.872	-0.876	-0.874	-0.746	-0.874	-0.873	-0.873	-0.873	-0.705	-0.705	-0.707	-0.707	-0.873	-0.712	-0.709	-0.711	-0.710	-0.872	-0.827	-0.732	-0.625	-0.761	-0.761	-0.761	-0.768	-0.770	-0.772	-0.775	-1.040	-1.048	-1.073	-1.046	-1.039	+1.556	+1.566	+1.568	+1.611	+1.558	+1.560	+1.986	+1.574	+1.971	+1.576	-0.732	+1.577	+1.981	+1.577	+1.933	
rs4836290      -0.978	-0.989	-0.985	-0.985	-0.941	-0.941	-0.979	-0.945	-0.784	-0.955	-0.952	-0.952	-0.885	-0.837	-0.870	-0.873	-0.869	-0.753	-0.869	-0.869	-0.869	-0.869	-0.722	-0.722	-0.723	-0.723	-0.869	-0.727	-0.725	-0.726	-0.726	-0.867	-0.826	-0.742	-0.761	-0.620	-0.754	-0.754	-0.756	-0.757	-0.758	-0.760	-1.035	-1.044	-1.069	-1.042	-1.035	+1.563	+1.574	+1.576	+1.619	+1.566	+1.568	+1.995	+1.582	+1.980	+1.584	-0.727	+1.584	+1.990	+1.585	+1.943	
rs4836289      -0.978	-0.989	-0.985	-0.985	-0.941	-0.941	-0.978	-0.945	-0.784	-0.955	-0.952	-0.952	-0.885	-0.837	-0.870	-0.873	-0.869	-0.754	-0.869	-0.869	-0.869	-0.869	-0.722	-0.723	-0.724	-0.724	-0.869	-0.728	-0.726	-0.727	-0.726	-0.867	-0.826	-0.743	-0.761	-0.754	-0.620	-0.754	-0.756	-0.757	-0.758	-0.760	-1.035	-1.044	-1.069	-1.042	-1.035	+1.564	+1.574	+1.576	+1.620	+1.566	+1.568	+1.996	+1.582	+1.980	+1.584	-0.727	+1.585	+1.991	+1.585	+1.943	
rs13189864     -0.978	-0.988	-0.985	-0.985	-0.941	-0.941	-0.978	-0.944	-0.783	-0.954	-0.952	-0.952	-0.884	-0.836	-0.870	-0.873	-0.870	-0.754	-0.869	-0.869	-0.869	-0.869	-0.723	-0.723	-0.725	-0.725	-0.869	-0.728	-0.726	-0.728	-0.727	-0.867	-0.826	-0.743	-0.761	-0.754	-0.754	-0.620	-0.755	-0.756	-0.757	-0.759	-1.035	-1.043	-1.069	-1.041	-1.035	+1.564	+1.575	+1.576	+1.620	+1.566	+1.568	+1.996	+1.582	+1.981	+1.584	-0.727	+1.585	+1.991	+1.586	+1.943	
rs12521042     -0.977	-0.989	-0.985	-0.985	-0.939	-0.939	-0.978	-0.943	-0.776	-0.955	-0.952	-0.952	-0.880	-0.830	-0.871	-0.876	-0.875	-0.754	-0.875	-0.875	-0.875	-0.875	-0.722	-0.722	-0.724	-0.724	-0.874	-0.727	-0.725	-0.727	-0.726	-0.873	-0.827	-0.744	-0.768	-0.756	-0.756	-0.755	-0.621	-0.755	-0.756	-0.757	-1.036	-1.044	-1.070	-1.042	-1.036	+1.560	+1.571	+1.572	+1.616	+1.562	+1.564	+1.992	+1.578	+1.976	+1.580	-0.728	+1.581	+1.987	+1.582	+1.939	
rs13175187     -0.977	-0.989	-0.985	-0.985	-0.939	-0.939	-0.978	-0.943	-0.775	-0.955	-0.952	-0.952	-0.879	-0.829	-0.872	-0.876	-0.876	-0.756	-0.876	-0.876	-0.876	-0.875	-0.726	-0.726	-0.727	-0.727	-0.875	-0.730	-0.729	-0.730	-0.729	-0.874	-0.827	-0.746	-0.770	-0.757	-0.757	-0.756	-0.755	-0.621	-0.755	-0.756	-1.036	-1.044	-1.069	-1.042	-1.035	+1.561	+1.571	+1.573	+1.616	+1.563	+1.565	+1.992	+1.579	+1.977	+1.581	-0.728	+1.582	+1.987	+1.582	+1.939	
rs13175761     -0.977	-0.989	-0.985	-0.985	-0.939	-0.939	-0.978	-0.943	-0.774	-0.956	-0.952	-0.952	-0.878	-0.828	-0.872	-0.877	-0.877	-0.757	-0.877	-0.877	-0.877	-0.877	-0.726	-0.727	-0.728	-0.728	-0.876	-0.731	-0.730	-0.731	-0.730	-0.875	-0.827	-0.747	-0.772	-0.758	-0.758	-0.757	-0.756	-0.755	-0.621	-0.755	-1.036	-1.044	-1.070	-1.042	-1.036	+1.560	+1.571	+1.572	+1.616	+1.562	+1.564	+1.991	+1.578	+1.976	+1.580	-0.728	+1.581	+1.986	+1.582	+1.938	
rs13176444     -0.977	-0.989	-0.985	-0.984	-0.938	-0.938	-0.977	-0.943	-0.771	-0.956	-0.952	-0.952	-0.877	-0.826	-0.872	-0.878	-0.879	-0.760	-0.879	-0.879	-0.879	-0.879	-0.731	-0.731	-0.732	-0.732	-0.878	-0.735	-0.734	-0.735	-0.734	-0.878	-0.828	-0.751	-0.775	-0.760	-0.760	-0.759	-0.757	-0.756	-0.755	-0.621	-1.036	-1.044	-1.070	-1.042	-1.036	+1.559	+1.570	+1.571	+1.615	+1.561	+1.563	+1.990	+1.577	+1.975	+1.579	-0.728	+1.580	+1.985	+1.581	+1.938	
rs10073842     -1.027	-1.041	-1.039	-1.035	-1.024	-1.024	-1.031	-1.029	-0.854	-1.044	-1.041	-1.042	-0.943	-0.906	-1.041	-1.048	-1.056	-1.029	-1.057	-1.057	-1.057	-1.057	-1.022	-1.022	-1.022	-1.023	-1.055	-1.023	-1.023	-1.023	-1.023	-1.058	-1.036	-1.028	-1.040	-1.035	-1.035	-1.035	-1.036	-1.036	-1.036	-1.036	-0.573	-0.847	-0.857	-0.934	-0.931	+1.495	+1.506	+1.507	+1.549	+1.498	+1.500	+1.892	+1.515	+1.877	+1.517	-0.697	+1.518	+1.888	+1.518	+1.841	
rs13180249     -1.033	-1.047	-1.045	-1.041	-1.032	-1.032	-1.037	-1.036	-0.861	-1.051	-1.048	-1.048	-0.956	-0.920	-1.048	-1.056	-1.063	-1.037	-1.064	-1.064	-1.064	-1.064	-1.031	-1.031	-1.032	-1.032	-1.062	-1.032	-1.032	-1.033	-1.032	-1.065	-1.044	-1.037	-1.048	-1.044	-1.044	-1.043	-1.044	-1.044	-1.044	-1.044	-0.847	-0.579	-0.782	-0.903	-0.901	+1.497	+1.508	+1.510	+1.551	+1.500	+1.502	+1.892	+1.517	+1.878	+1.519	-0.699	+1.520	+1.888	+1.521	+1.841	
rs7716198      -1.057	-1.072	-1.069	-1.066	-1.056	-1.056	-1.061	-1.061	-0.885	-1.076	-1.073	-1.073	-0.980	-0.944	-1.073	-1.081	-1.088	-1.063	-1.089	-1.089	-1.089	-1.089	-1.056	-1.056	-1.057	-1.057	-1.087	-1.057	-1.057	-1.058	-1.057	-1.090	-1.069	-1.062	-1.073	-1.069	-1.069	-1.069	-1.070	-1.069	-1.070	-1.070	-0.857	-0.782	-0.605	-0.917	-0.913	+1.501	+1.511	+1.513	+1.555	+1.503	+1.505	+1.903	+1.520	+1.888	+1.522	-0.711	+1.523	+1.898	+1.523	+1.851	
rs55801906     -1.028	-1.042	-1.039	-1.036	-1.025	-1.025	-1.031	-1.030	-0.859	-1.046	-1.042	-1.043	-0.953	-0.918	-1.043	-1.051	-1.059	-1.036	-1.059	-1.059	-1.059	-1.059	-1.029	-1.029	-1.030	-1.030	-1.057	-1.030	-1.030	-1.031	-1.031	-1.060	-1.041	-1.035	-1.046	-1.042	-1.042	-1.041	-1.042	-1.042	-1.042	-1.042	-0.934	-0.903	-0.917	-0.575	-0.713	+1.497	+1.508	+1.509	+1.551	+1.500	+1.502	+1.885	+1.517	+1.871	+1.519	-0.698	+1.520	+1.881	+1.521	+1.836	
rs60016545     -1.021	-1.036	-1.033	-1.029	-1.019	-1.019	-1.025	-1.024	-0.852	-1.039	-1.036	-1.036	-0.947	-0.911	-1.036	-1.044	-1.052	-1.029	-1.052	-1.052	-1.052	-1.053	-1.023	-1.023	-1.023	-1.024	-1.051	-1.024	-1.024	-1.024	-1.024	-1.054	-1.034	-1.029	-1.039	-1.035	-1.035	-1.035	-1.036	-1.035	-1.036	-1.036	-0.931	-0.901	-0.913	-0.713	-0.568	+1.498	+1.509	+1.510	+1.552	+1.501	+1.503	+1.888	+1.518	+1.874	+1.520	-0.693	+1.521	+1.885	+1.521	+1.839	
rs12518331     +1.492	+1.476	+1.479	+1.482	+1.479	+1.479	+1.487	+1.474	+1.811	+1.462	+1.464	+1.464	+1.683	+1.738	+1.569	+1.552	+1.534	+1.578	+1.533	+1.533	+1.534	+1.533	+1.590	+1.590	+1.589	+1.589	+1.538	+1.589	+1.588	+1.588	+1.588	+1.530	+1.568	+1.579	+1.556	+1.563	+1.564	+1.564	+1.560	+1.561	+1.560	+1.559	+1.495	+1.497	+1.501	+1.497	+1.498	+2.276	+2.319	+2.319	+2.337	+2.313	+2.314	+2.546	+2.317	+2.536	+2.316	+1.844	+2.316	+2.544	+2.316	+2.513	
rs12518228     +1.503	+1.486	+1.489	+1.493	+1.489	+1.489	+1.498	+1.485	+1.822	+1.472	+1.475	+1.475	+1.694	+1.749	+1.579	+1.562	+1.545	+1.588	+1.544	+1.544	+1.544	+1.543	+1.601	+1.601	+1.600	+1.600	+1.548	+1.600	+1.599	+1.598	+1.599	+1.541	+1.579	+1.589	+1.566	+1.574	+1.574	+1.575	+1.571	+1.571	+1.571	+1.570	+1.506	+1.508	+1.511	+1.508	+1.509	+2.319	+2.287	+2.325	+2.342	+2.319	+2.320	+2.550	+2.323	+2.540	+2.323	+1.854	+2.323	+2.548	+2.322	+2.517	
rs141117126    +1.505	+1.488	+1.491	+1.494	+1.491	+1.491	+1.499	+1.487	+1.823	+1.474	+1.476	+1.476	+1.696	+1.751	+1.581	+1.564	+1.546	+1.590	+1.545	+1.546	+1.546	+1.545	+1.602	+1.602	+1.601	+1.601	+1.550	+1.601	+1.600	+1.600	+1.600	+1.542	+1.580	+1.591	+1.568	+1.576	+1.576	+1.576	+1.572	+1.573	+1.572	+1.571	+1.507	+1.510	+1.513	+1.509	+1.510	+2.319	+2.325	+2.289	+2.343	+2.321	+2.321	+2.550	+2.325	+2.540	+2.325	+1.855	+2.325	+2.548	+2.324	+2.517	
rs72798238     +1.547	+1.530	+1.533	+1.536	+1.533	+1.533	+1.541	+1.529	+1.867	+1.516	+1.518	+1.518	+1.739	+1.795	+1.625	+1.608	+1.590	+1.633	+1.589	+1.589	+1.589	+1.588	+1.646	+1.646	+1.645	+1.645	+1.594	+1.645	+1.644	+1.644	+1.644	+1.586	+1.624	+1.635	+1.611	+1.619	+1.620	+1.620	+1.616	+1.616	+1.616	+1.615	+1.549	+1.551	+1.555	+1.551	+1.552	+2.337	+2.342	+2.343	+2.333	+2.338	+2.339	+2.570	+2.342	+2.561	+2.342	+1.896	+2.342	+2.568	+2.342	+2.538	
rs140006198    +1.495	+1.479	+1.482	+1.485	+1.482	+1.482	+1.490	+1.477	+1.813	+1.465	+1.467	+1.467	+1.686	+1.741	+1.571	+1.554	+1.536	+1.580	+1.536	+1.536	+1.536	+1.535	+1.592	+1.592	+1.591	+1.591	+1.540	+1.591	+1.590	+1.590	+1.590	+1.532	+1.570	+1.581	+1.558	+1.566	+1.566	+1.566	+1.562	+1.563	+1.562	+1.561	+1.498	+1.500	+1.503	+1.500	+1.501	+2.313	+2.319	+2.321	+2.338	+2.279	+2.317	+2.546	+2.322	+2.536	+2.322	+1.846	+2.322	+2.543	+2.321	+2.512	
rs56366269     +1.497	+1.480	+1.483	+1.487	+1.483	+1.483	+1.492	+1.479	+1.815	+1.466	+1.469	+1.469	+1.688	+1.743	+1.573	+1.556	+1.538	+1.581	+1.537	+1.538	+1.538	+1.537	+1.594	+1.594	+1.593	+1.593	+1.542	+1.593	+1.592	+1.592	+1.592	+1.534	+1.572	+1.583	+1.560	+1.568	+1.568	+1.568	+1.564	+1.565	+1.564	+1.563	+1.500	+1.502	+1.505	+1.502	+1.503	+2.314	+2.320	+2.321	+2.339	+2.317	+2.281	+2.546	+2.323	+2.536	+2.323	+1.848	+2.323	+2.544	+2.323	+2.513	
rs72798243     +1.881	+1.864	+1.868	+1.871	+1.867	+1.867	+1.876	+1.862	+2.233	+1.850	+1.852	+1.852	+2.102	+2.159	+1.943	+1.926	+1.910	+2.011	+1.909	+1.910	+1.910	+1.909	+2.026	+2.026	+2.025	+2.025	+1.914	+2.025	+2.024	+2.024	+2.024	+1.907	+1.942	+2.013	+1.986	+1.995	+1.996	+1.996	+1.992	+1.992	+1.991	+1.990	+1.892	+1.892	+1.903	+1.885	+1.888	+2.546	+2.550	+2.550	+2.570	+2.546	+2.546	+2.642	+2.552	+2.665	+2.553	+2.198	+2.553	+2.669	+2.554	+2.643	
rs149740854    +1.512	+1.495	+1.498	+1.501	+1.498	+1.498	+1.506	+1.494	+1.830	+1.481	+1.483	+1.483	+1.703	+1.758	+1.587	+1.570	+1.553	+1.596	+1.552	+1.552	+1.552	+1.551	+1.608	+1.608	+1.607	+1.607	+1.556	+1.607	+1.606	+1.606	+1.606	+1.549	+1.586	+1.597	+1.574	+1.582	+1.582	+1.582	+1.578	+1.579	+1.578	+1.577	+1.515	+1.517	+1.520	+1.517	+1.518	+2.317	+2.323	+2.325	+2.342	+2.322	+2.323	+2.552	+2.296	+2.541	+2.334	+1.863	+2.334	+2.548	+2.334	+2.517	
rs56121757     +1.867	+1.850	+1.854	+1.857	+1.853	+1.853	+1.862	+1.848	+2.218	+1.836	+1.838	+1.838	+2.088	+2.145	+1.928	+1.912	+1.895	+1.996	+1.895	+1.895	+1.895	+1.894	+2.011	+2.011	+2.010	+2.010	+1.899	+2.010	+2.009	+2.008	+2.009	+1.892	+1.927	+1.998	+1.971	+1.980	+1.980	+1.981	+1.976	+1.977	+1.976	+1.975	+1.877	+1.878	+1.888	+1.871	+1.874	+2.536	+2.540	+2.540	+2.561	+2.536	+2.536	+2.665	+2.541	+2.627	+2.542	+2.184	+2.542	+2.664	+2.543	+2.637	
rs146101575    +1.514	+1.497	+1.500	+1.503	+1.500	+1.500	+1.508	+1.496	+1.832	+1.483	+1.485	+1.485	+1.705	+1.760	+1.589	+1.572	+1.555	+1.598	+1.554	+1.554	+1.554	+1.553	+1.610	+1.610	+1.609	+1.609	+1.558	+1.609	+1.608	+1.608	+1.608	+1.551	+1.589	+1.599	+1.576	+1.584	+1.584	+1.584	+1.580	+1.581	+1.580	+1.579	+1.517	+1.519	+1.522	+1.519	+1.520	+2.316	+2.323	+2.325	+2.342	+2.322	+2.323	+2.553	+2.334	+2.542	+2.298	+1.865	+2.335	+2.549	+2.335	+2.518	
rs190612097    -0.721	-0.734	-0.731	-0.728	-0.719	-0.719	-0.724	-0.723	-0.565	-0.737	-0.734	-0.734	-0.654	-0.621	-0.733	-0.740	-0.747	-0.721	-0.748	-0.748	-0.748	-0.748	-0.715	-0.715	-0.716	-0.716	-0.746	-0.716	-0.716	-0.716	-0.716	-0.749	-0.728	-0.721	-0.732	-0.727	-0.727	-0.727	-0.728	-0.728	-0.728	-0.728	-0.697	-0.699	-0.711	-0.698	-0.693	+1.844	+1.854	+1.855	+1.896	+1.846	+1.848	+2.198	+1.863	+2.184	+1.865	-0.222	+1.866	+2.195	+1.867	+2.149	
rs72798245     +1.515	+1.498	+1.501	+1.504	+1.501	+1.501	+1.509	+1.496	+1.833	+1.484	+1.486	+1.486	+1.706	+1.761	+1.590	+1.573	+1.555	+1.598	+1.555	+1.555	+1.555	+1.554	+1.611	+1.611	+1.610	+1.610	+1.559	+1.610	+1.609	+1.608	+1.609	+1.552	+1.589	+1.600	+1.577	+1.584	+1.585	+1.585	+1.581	+1.582	+1.581	+1.580	+1.518	+1.520	+1.523	+1.520	+1.521	+2.316	+2.323	+2.325	+2.342	+2.322	+2.323	+2.553	+2.334	+2.542	+2.335	+1.866	+2.298	+2.549	+2.336	+2.518	
rs60147760     +1.877	+1.860	+1.864	+1.867	+1.863	+1.863	+1.872	+1.858	+2.228	+1.846	+1.848	+1.848	+2.098	+2.155	+1.938	+1.922	+1.906	+2.006	+1.905	+1.905	+1.905	+1.904	+2.021	+2.021	+2.020	+2.020	+1.910	+2.020	+2.019	+2.018	+2.019	+1.903	+1.937	+2.008	+1.981	+1.990	+1.991	+1.991	+1.987	+1.987	+1.986	+1.985	+1.888	+1.888	+1.898	+1.881	+1.885	+2.544	+2.548	+2.548	+2.568	+2.543	+2.544	+2.669	+2.548	+2.664	+2.549	+2.195	+2.549	+2.637	+2.549	+2.643	
rs3812062      +1.516	+1.499	+1.502	+1.505	+1.501	+1.501	+1.510	+1.497	+1.834	+1.485	+1.487	+1.487	+1.706	+1.761	+1.591	+1.574	+1.556	+1.599	+1.555	+1.556	+1.556	+1.555	+1.612	+1.611	+1.611	+1.611	+1.560	+1.611	+1.610	+1.609	+1.609	+1.552	+1.590	+1.600	+1.577	+1.585	+1.585	+1.586	+1.582	+1.582	+1.582	+1.581	+1.518	+1.521	+1.523	+1.521	+1.521	+2.316	+2.322	+2.324	+2.342	+2.321	+2.323	+2.554	+2.334	+2.543	+2.335	+1.867	+2.336	+2.549	+2.299	+2.519	
rs78767528     +1.832	+1.814	+1.818	+1.821	+1.817	+1.817	+1.826	+1.813	+2.181	+1.800	+1.802	+1.802	+2.051	+2.108	+1.891	+1.875	+1.859	+1.958	+1.858	+1.858	+1.859	+1.858	+1.973	+1.973	+1.972	+1.972	+1.863	+1.972	+1.971	+1.970	+1.971	+1.856	+1.890	+1.960	+1.933	+1.943	+1.943	+1.943	+1.939	+1.939	+1.938	+1.938	+1.841	+1.841	+1.851	+1.836	+1.839	+2.513	+2.517	+2.517	+2.538	+2.512	+2.513	+2.643	+2.517	+2.637	+2.518	+2.149	+2.518	+2.643	+2.519	+2.587	

## posterior probabilities for single SNP and pair of SNPs:
rs9327415      +0.000	+0.000	+0.000	+0.000	+0.000	+0.000	+0.000	+0.000	+0.000	+0.000	+0.000	+0.000	+0.000	+0.000	+0.000	+0.000	+0.000	+0.000	+0.000	+0.000	+0.000	+0.000	+0.000	+0.000	+0.000	+0.000	+0.000	+0.000	+0.000	+0.000	+0.000	+0.000	+0.000	+0.000	+0.000	+0.000	+0.000	+0.000	+0.000	+0.000	+0.000	+0.000	+0.000	+0.000	+0.000	+0.000	+0.000	+0.000	+0.000	+0.000	+0.000	+0.000	+0.000	+0.000	+0.000	+0.000	+0.000	+0.000	+0.000	+0.000	+0.000	+0.000	
rs6595726      +0.000	+0.000	+0.000	+0.000	+0.000	+0.000	+0.000	+0.000	+0.000	+0.000	+0.000	+0.000	+0.000	+0.000	+0.000	+0.000	+0.000	+0.000	+0.000	+0.000	+0.000	+0.000	+0.000	+0.000	+0.000	+0.000	+0.000	+0.000	+0.000	+0.000	+0.000	+0.000	+0.000	+0.000	+0.000	+0.000	+0.000	+0.000	+0.000	+0.000	+0.000	+0.000	+0.000	+0.000	+0.000	+0.000	+0.000	+0.000	+0.000	+0.000	+0.000	+0.000	+0.000	+0.000	+0.000	+0.000	+0.000	+0.000	+0.000	+0.000	+0.000	+0.000	
rs13175125     +0.000	+0.000	+0.000	+0.000	+0.000	+0.000	+0.000	+0.000	+0.000	+0.000	+0.000	+0.000	+0.000	+0.000	+0.000	+0.000	+0.000	+0.000	+0.000	+0.000	+0.000	+0.000	+0.000	+0.000	+0.000	+0.000	+0.000	+0.000	+0.000	+0.000	+0.000	+0.000	+0.000	+0.000	+0.000	+0.000	+0.000	+0.000	+0.000	+0.000	+0.000	+0.000	+0.000	+0.000	+0.000	+0.000	+0.000	+0.000	+0.000	+0.000	+0.000	+0.000	+0.000	+0.000	+0.000	+0.000	+0.000	+0.000	+0.000	+0.000	+0.000	+0.000	
rs7708051      +0.000	+0.000	+0.000	+0.000	+0.000	+0.000	+0.000	+0.000	+0.000	+0.000	+0.000	+0.000	+0.000	+0.000	+0.000	+0.000	+0.000	+0.000	+0.000	+0.000	+0.000	+0.000	+0.000	+0.000	+0.000	+0.000	+0.000	+0.000	+0.000	+0.000	+0.000	+0.000	+0.000	+0.000	+0.000	+0.000	+0.000	+0.000	+0.000	+0.000	+0.000	+0.000	+0.000	+0.000	+0.000	+0.000	+0.000	+0.000	+0.000	+0.000	+0.000	+0.000	+0.000	+0.000	+0.000	+0.000	+0.000	+0.000	+0.000	+0.000	+0.000	+0.000	
rs75704466     +0.000	+0.000	+0.000	+0.000	+0.000	+0.000	+0.000	+0.000	+0.000	+0.000	+0.000	+0.000	+0.000	+0.000	+0.000	+0.000	+0.000	+0.000	+0.000	+0.000	+0.000	+0.000	+0.000	+0.000	+0.000	+0.000	+0.000	+0.000	+0.000	+0.000	+0.000	+0.000	+0.000	+0.000	+0.000	+0.000	+0.000	+0.000	+0.000	+0.000	+0.000	+0.000	+0.000	+0.000	+0.000	+0.000	+0.000	+0.000	+0.000	+0.000	+0.000	+0.000	+0.000	+0.000	+0.000	+0.000	+0.000	+0.000	+0.000	+0.000	+0.000	+0.000	
rs12652820     +0.000	+0.000	+0.000	+0.000	+0.000	+0.000	+0.000	+0.000	+0.000	+0.000	+0.000	+0.000	+0.000	+0.000	+0.000	+0.000	+0.000	+0.000	+0.000	+0.000	+0.000	+0.000	+0.000	+0.000	+0.000	+0.000	+0.000	+0.000	+0.000	+0.000	+0.000	+0.000	+0.000	+0.000	+0.000	+0.000	+0.000	+0.000	+0.000	+0.000	+0.000	+0.000	+0.000	+0.000	+0.000	+0.000	+0.000	+0.000	+0.000	+0.000	+0.000	+0.000	+0.000	+0.000	+0.000	+0.000	+0.000	+0.000	+0.000	+0.000	+0.000	+0.000	
rs7715441      +0.000	+0.000	+0.000	+0.000	+0.000	+0.000	+0.000	+0.000	+0.000	+0.000	+0.000	+0.000	+0.000	+0.000	+0.000	+0.000	+0.000	+0.000	+0.000	+0.000	+0.000	+0.000	+0.000	+0.000	+0.000	+0.000	+0.000	+0.000	+0.000	+0.000	+0.000	+0.000	+0.000	+0.000	+0.000	+0.000	+0.000	+0.000	+0.000	+0.000	+0.000	+0.000	+0.000	+0.000	+0.000	+0.000	+0.000	+0.000	+0.000	+0.000	+0.000	+0.000	+0.000	+0.000	+0.000	+0.000	+0.000	+0.000	+0.000	+0.000	+0.000	+0.000	
rs13168628     +0.000	+0.000	+0.000	+0.000	+0.000	+0.000	+0.000	+0.000	+0.000	+0.000	+0.000	+0.000	+0.000	+0.000	+0.000	+0.000	+0.000	+0.000	+0.000	+0.000	+0.000	+0.000	+0.000	+0.000	+0.000	+0.000	+0.000	+0.000	+0.000	+0.000	+0.000	+0.000	+0.000	+0.000	+0.000	+0.000	+0.000	+0.000	+0.000	+0.000	+0.000	+0.000	+0.000	+0.000	+0.000	+0.000	+0.000	+0.000	+0.000	+0.000	+0.000	+0.000	+0.000	+0.000	+0.000	+0.000	+0.000	+0.000	+0.000	+0.000	+0.000	+0.000	
rs35058784     +0.000	+0.000	+0.000	+0.000	+0.000	+0.000	+0.000	+0.000	+0.000	+0.000	+0.000	+0.000	+0.000	+0.000	+0.000	+0.000	+0.000	+0.000	+0.000	+0.000	+0.000	+0.000	+0.000	+0.000	+0.000	+0.000	+0.000	+0.000	+0.000	+0.000	+0.000	+0.000	+0.000	+0.000	+0.000	+0.000	+0.000	+0.000	+0.000	+0.000	+0.000	+0.000	+0.000	+0.000	+0.000	+0.000	+0.000	+0.000	+0.000	+0.000	+0.000	+0.000	+0.000	+0.001	+0.000	+0.001	+0.000	+0.000	+0.000	+0.001	+0.000	+0.001	
rs1510954      +0.000	+0.000	+0.000	+0.000	+0.000	+0.000	+0.000	+0.000	+0.000	+0.000	+0.000	+0.000	+0.000	+0.000	+0.000	+0.000	+0.000	+0.000	+0.000	+0.000	+0.000	+0.000	+0.000	+0.000	+0.000	+0.000	+0.000	+0.000	+0.000	+0.000	+0.000	+0.000	+0.000	+0.000	+0.000	+0.000	+0.000	+0.000	+0.000	+0.000	+0.000	+0.000	+0.000	+0.000	+0.000	+0.000	+0.000	+0.000	+0.000	+0.000	+0.000	+0.000	+0.000	+0.000	+0.000	+0.000	+0.000	+0.000	+0.000	+0.000	+0.000	+0.000	
rs13185329     +0.000	+0.000	+0.000	+0.000	+0.000	+0.000	+0.000	+0.000	+0.000	+0.000	+0.000	+0.000	+0.000	+0.000	+0.000	+0.000	+0.000	+0.000	+0.000	+0.000	+0.000	+0.000	+0.000	+0.000	+0.000	+0.000	+0.000	+0.000	+0.000	+0.000	+0.000	+0.000	+0.000	+0.000	+0.000	+0.000	+0.000	+0.000	+0.000	+0.000	+0.000	+0.000	+0.000	+0.000	+0.000	+0.000	+0.000	+0.000	+0.000	+0.000	+0.000	+0.000	+0.000	+0.000	+0.000	+0.000	+0.000	+0.000	+0.000	+0.000	+0.000	+0.000	
rs12523591     +0.000	+0.000	+0.000	+0.000	+0.000	+0.000	+0.000	+0.000	+0.000	+0.000	+0.000	+0.000	+0.000	+0.000	+0.000	+0.000	+0.000	+0.000	+0.000	+0.000	+0.000	+0.000	+0.000	+0.000	+0.000	+0.000	+0.000	+0.000	+0.000	+0.000	+0.000	+0.000	+0.000	+0.000	+0.000	+0.000	+0.000	+0.000	+0.000	+0.000	+0.000	+0.000	+0.000	+0.000	+0.000	+0.000	+0.000	+0.000	+0.000	+0.000	+0.000	+0.000	+0.000	+0.000	+0.000	+0.000	+0.000	+0.000	+0.000	+0.000	+0.000	+0.000	
rs12518495     +0.000	+0.000	+0.000	+0.000	+0.000	+0.000	+0.000	+0.000	+0.000	+0.000	+0.000	+0.000	+0.000	+0.000	+0.000	+0.000	+0.000	+0.000	+0.000	+0.000	+0.000	+0.000	+0.000	+0.000	+0.000	+0.000	+0.000	+0.000	+0.000	+0.000	+0.000	+0.000	+0.000	+0.000	+0.000	+0.000	+0.000	+0.000	+0.000	+0.000	+0.000	+0.000	+0.000	+0.000	+0.000	+0.000	+0.000	+0.000	+0.000	+0.000	+0.000	+0.000	+0.000	+0.001	+0.000	+0.001	+0.000	+0.000	+0.000	+0.001	+0.000	+0.001	
rs1546499      +0.000	+0.000	+0.000	+0.000	+0.000	+0.000	+0.000	+0.000	+0.000	+0.000	+0.000	+0.000	+0.000	+0.000	+0.000	+0.000	+0.000	+0.000	+0.000	+0.000	+0.000	+0.000	+0.000	+0.000	+0.000	+0.000	+0.000	+0.000	+0.000	+0.000	+0.000	+0.000	+0.000	+0.000	+0.000	+0.000	+0.000	+0.000	+0.000	+0.000	+0.000	+0.000	+0.000	+0.000	+0.000	+0.000	+0.000	+0.000	+0.000	+0.000	+0.000	+0.000	+0.000	+0.001	+0.000	+0.001	+0.000	+0.000	+0.000	+0.001	+0.000	+0.001	
rs4836293      +0.000	+0.000	+0.000	+0.000	+0.000	+0.000	+0.000	+0.000	+0.000	+0.000	+0.000	+0.000	+0.000	+0.000	+0.000	+0.000	+0.000	+0.000	+0.000	+0.000	+0.000	+0.000	+0.000	+0.000	+0.000	+0.000	+0.000	+0.000	+0.000	+0.000	+0.000	+0.000	+0.000	+0.000	+0.000	+0.000	+0.000	+0.000	+0.000	+0.000	+0.000	+0.000	+0.000	+0.000	+0.000	+0.000	+0.000	+0.000	+0.000	+0.000	+0.000	+0.000	+0.000	+0.001	+0.000	+0.000	+0.000	+0.000	+0.000	+0.001	+0.000	+0.000	
rs1972091      +0.000	+0.000	+0.000	+0.000	+0.000	+0.000	+0.000	+0.000	+0.000	+0.000	+0.000	+0.000	+0.000	+0.000	+0.000	+0.000	+0.000	+0.000	+0.000	+0.000	+0.000	+0.000	+0.000	+0.000	+0.000	+0.000	+0.000	+0.000	+0.000	+0.000	+0.000	+0.000	+0.000	+0.000	+0.000	+0.000	+0.000	+0.000	+0.000	+0.000	+0.000	+0.000	+0.000	+0.000	+0.000	+0.000	+0.000	+0.000	+0.000	+0.000	+0.000	+0.000	+0.000	+0.000	+0.000	+0.000	+0.000	+0.000	+0.000	+0.000	+0.000	+0.000	
rs10463822     +0.000	+0.000	+0.000	+0.000	+0.000	+0.000	+0.000	+0.000	+0.000	+0.000	+0.000	+0.000	+0.000	+0.000	+0.000	+0.000	+0.000	+0.000	+0.000	+0.000	+0.000	+0.000	+0.000	+0.000	+0.000	+0.000	+0.000	+0.000	+0.000	+0.000	+0.000	+0.000	+0.000	+0.000	+0.000	+0.000	+0.000	+0.000	+0.000	+0.000	+0.000	+0.000	+0.000	+0.000	+0.000	+0.000	+0.000	+0.000	+0.000	+0.000	+0.000	+0.000	+0.000	+0.000	+0.000	+0.000	+0.000	+0.000	+0.000	+0.000	+0.000	+0.000	
rs13187648     +0.000	+0.000	+0.000	+0.000	+0.000	+0.000	+0.000	+0.000	+0.000	+0.000	+0.000	+0.000	+0.000	+0.000	+0.000	+0.000	+0.000	+0.000	+0.000	+0.000	+0.000	+0.000	+0.000	+0.000	+0.000	+0.000	+0.000	+0.000	+0.000	+0.000	+0.000	+0.000	+0.000	+0.000	+0.000	+0.000	+0.000	+0.000	+0.000	+0.000	+0.000	+0.000	+0.000	+0.000	+0.000	+0.000	+0.000	+0.000	+0.000	+0.000	+0.000	+0.000	+0.000	+0.001	+0.000	+0.001	+0.000	+0.000	+0.000	+0.001	+0.000	+0.001	
rs907194       +0.000	+0.000	+0.000	+0.000	+0.000	+0.000	+0.000	+0.000	+0.000	+0.000	+0.000	+0.000	+0.000	+0.000	+0.000	+0.000	+0.000	+0.000	+0.000	+0.000	+0.000	+0.000	+0.000	+0.000	+0.000	+0.000	+0.000	+0.000	+0.000	+0.000	+0.000	+0.000	+0.000	+0.000	+0.000	+0.000	+0.000	+0.000	+0.000	+0.000	+0.000	+0.000	+0.000	+0.000	+0.000	+0.000	+0.000	+0.000	+0.000	+0.000	+0.000	+0.000	+0.000	+0.000	+0.000	+0.000	+0.000	+0.000	+0.000	+0.000	+0.000	+0.000	
rs13175243     +0.000	+0.000	+0.000	+0.000	+0.000	+0.000	+0.000	+0.000	+0.000	+0.000	+0.000	+0.000	+0.000	+0.000	+0.000	+0.000	+0.000	+0.000	+0.000	+0.000	+0.000	+0.000	+0.000	+0.000	+0.000	+0.000	+0.000	+0.000	+0.000	+0.000	+0.000	+0.000	+0.000	+0.000	+0.000	+0.000	+0.000	+0.000	+0.000	+0.000	+0.000	+0.000	+0.000	+0.000	+0.000	+0.000	+0.000	+0.000	+0.000	+0.000	+0.000	+0.000	+0.000	+0.000	+0.000	+0.000	+0.000	+0.000	+0.000	+0.000	+0.000	+0.000	
rs13155478     +0.000	+0.000	+0.000	+0.000	+0.000	+0.000	+0.000	+0.000	+0.000	+0.000	+0.000	+0.000	+0.000	+0.000	+0.000	+0.000	+0.000	+0.000	+0.000	+0.000	+0.000	+0.000	+0.000	+0.000	+0.000	+0.000	+0.000	+0.000	+0.000	+0.000	+0.000	+0.000	+0.000	+0.000	+0.000	+0.000	+0.000	+0.000	+0.000	+0.000	+0.000	+0.000	+0.000	+0.000	+0.000	+0.000	+0.000	+0.000	+0.000	+0.000	+0.000	+0.000	+0.000	+0.000	+0.000	+0.000	+0.000	+0.000	+0.000	+0.000	+0.000	+0.000	
rs10463824     +0.000	+0.000	+0.000	+0.000	+0.000	+0.000	+0.000	+0.000	+0.000	+0.000	+0.000	+0.000	+0.000	+0.000	+0.000	+0.000	+0.000	+0.000	+0.000	+0.000	+0.000	+0.000	+0.000	+0.000	+0.000	+0.000	+0.000	+0.000	+0.000	+0.000	+0.000	+0.000	+0.000	+0.000	+0.000	+0.000	+0.000	+0.000	+0.000	+0.000	+0.000	+0.000	+0.000	+0.000	+0.000	+0.000	+0.000	+0.000	+0.000	+0.000	+0.000	+0.000	+0.000	+0.000	+0.000	+0.000	+0.000	+0.000	+0.000	+0.000	+0.000	+0.000	
rs13161700     +0.000	+0.000	+0.000	+0.000	+0.000	+0.000	+0.000	+0.000	+0.000	+0.000	+0.000	+0.000	+0.000	+0.000	+0.000	+0.000	+0.000	+0.000	+0.000	+0.000	+0.000	+0.000	+0.000	+0.000	+0.000	+0.000	+0.000	+0.000	+0.000	+0.000	+0.000	+0.000	+0.000	+0.000	+0.000	+0.000	+0.000	+0.000	+0.000	+0.000	+0.000	+0.000	+0.000	+0.000	+0.000	+0.000	+0.000	+0.000	+0.000	+0.000	+0.000	+0.000	+0.000	+0.001	+0.000	+0.001	+0.000	+0.000	+0.000	+0.001	+0.000	+0.001	
rs34701879     +0.000	+0.000	+0.000	+0.000	+0.000	+0.000	+0.000	+0.000	+0.000	+0.000	+0.000	+0.000	+0.000	+0.000	+0.000	+0.000	+0.000	+0.000	+0.000	+0.000	+0.000	+0.000	+0.000	+0.000	+0.000	+0.000	+0.000	+0.000	+0.000	+0.000	+0.000	+0.000	+0.000	+0.000	+0.000	+0.000	+0.000	+0.000	+0.000	+0.000	+0.000	+0.000	+0.000	+0.000	+0.000	+0.000	+0.000	+0.000	+0.000	+0.000	+0.000	+0.000	+0.000	+0.001	+0.000	+0.001	+0.000	+0.000	+0.000	+0.001	+0.000	+0.001	
rs13187192     +0.000	+0.000	+0.000	+0.000	+0.000	+0.000	+0.000	+0.000	+0.000	+0.000	+0.000	+0.000	+0.000	+0.000	+0.000	+0.000	+0.000	+0.000	+0.000	+0.000	+0.000	+0.000	+0.000	+0.000	+0.000	+0.000	+0.000	+0.000	+0.000	+0.000	+0.000	+0.000	+0.000	+0.000	+0.000	+0.000	+0.000	+0.000	+0.000	+0.000	+0.000	+0.000	+0.000	+0.000	+0.000	+0.000	+0.000	+0.000	+0.000	+0.000	+0.000	+0.000	+0.000	+0.001	+0.000	+0.001	+0.000	+0.000	+0.000	+0.001	+0.000	+0.001	
