## Summary of overall evidence for association with region:
## log10(BF for region) = -0.604211
## p-value for region = NA

## BFs for choosing among multi-SNP models:
## log10(average 1-SNP BF) = -0.523263
## log10(average 2-SNP BF) = -0.833199

## Example posterior probabilities for multi-SNP models, based on default prior: [p(l) propto 0.5^l for l=1,2,...,L]
## posterior probability of 1-SNP = 0.803261
## posterior probability of 2-SNP = 0.196739

## log10(BF) for single SNP and pair of SNPs:
rs2516232      -0.441	-0.448	-0.557	-0.558	-0.334	-0.555	-0.386	-0.593	-0.574	-0.576	-0.760	-0.834	-0.843	-0.893	-0.870	-0.853	-0.896	-0.847	-0.833	-0.882	-0.873	-0.817	-0.867	-0.811	-0.806	-0.863	-0.863	-0.866	-0.862	-0.810	-0.795	-0.806	-0.872	-0.640	-0.932	-0.828	-0.892	-0.824	-0.912	-0.823	-0.823	-0.883	-0.814	-0.823	-0.817	-0.823	-0.823	-0.823	-0.823	-0.823	-0.866	-0.823	-0.828	-0.883	-0.822	-0.882	-0.885	-0.778	-0.790	-0.884	-0.874	-0.855	-0.851	-0.956	-0.846	-0.845	-0.731	-0.738	-0.827	-0.953	-0.815	-0.817	-0.842	-0.848	-0.851	-0.852	-0.855	-0.814	-0.810	-0.853	-0.858	-0.860	-0.863	-0.839	-0.812	-0.798	-0.812	-0.500	-0.860	-0.872	-0.507	-0.910	-0.890	-0.891	-0.822	-0.828	-0.823	-0.913	-0.902	-0.917	-0.865	-0.918	-0.918	-0.861	-0.917	-0.873	-0.916	-0.897	-0.916	-0.916	-0.916	-0.879	-0.871	-0.878	-0.906	-0.870	-0.871	-0.907	-0.921	-0.530	-0.921	-0.924	-0.881	-0.884	-0.885	-0.920	-0.892	-0.919	-0.894	-0.888	-0.849	-0.896	-0.885	-0.885	-0.847	-0.885	-0.889	-0.846	-0.884	-0.843	-0.841	-0.901	-0.792	-0.854	-0.896	-0.472	-0.894	-0.841	
rs6927364      -0.448	-0.303	-0.448	-0.448	-0.376	-0.460	-0.391	-0.524	-0.516	-0.516	-0.644	-0.699	-0.709	-0.773	-0.750	-0.718	-0.776	-0.712	-0.697	-0.762	-0.754	-0.682	-0.748	-0.675	-0.670	-0.744	-0.744	-0.748	-0.743	-0.674	-0.659	-0.670	-0.753	-0.504	-0.803	-0.693	-0.771	-0.686	-0.781	-0.688	-0.688	-0.763	-0.678	-0.688	-0.681	-0.688	-0.688	-0.688	-0.688	-0.688	-0.743	-0.688	-0.693	-0.763	-0.687	-0.762	-0.765	-0.666	-0.677	-0.764	-0.755	-0.737	-0.733	-0.828	-0.728	-0.728	-0.597	-0.605	-0.709	-0.827	-0.697	-0.699	-0.724	-0.718	-0.734	-0.723	-0.726	-0.680	-0.675	-0.724	-0.728	-0.730	-0.744	-0.710	-0.678	-0.663	-0.678	-0.383	-0.742	-0.744	-0.386	-0.787	-0.768	-0.769	-0.692	-0.699	-0.710	-0.785	-0.773	-0.790	-0.747	-0.791	-0.792	-0.743	-0.791	-0.755	-0.791	-0.777	-0.790	-0.790	-0.790	-0.761	-0.752	-0.760	-0.785	-0.752	-0.752	-0.785	-0.792	-0.389	-0.799	-0.801	-0.762	-0.765	-0.766	-0.797	-0.772	-0.796	-0.775	-0.769	-0.734	-0.777	-0.767	-0.767	-0.731	-0.767	-0.771	-0.730	-0.766	-0.728	-0.725	-0.781	-0.679	-0.737	-0.776	-0.330	-0.767	-0.714	
rs563853       -0.557	-0.448	-0.441	-0.558	-0.334	-0.555	-0.386	-0.593	-0.574	-0.576	-0.760	-0.834	-0.843	-0.893	-0.870	-0.853	-0.896	-0.847	-0.832	-0.882	-0.873	-0.817	-0.867	-0.811	-0.806	-0.863	-0.863	-0.866	-0.862	-0.810	-0.795	-0.806	-0.872	-0.640	-0.932	-0.828	-0.892	-0.823	-0.912	-0.823	-0.823	-0.883	-0.814	-0.823	-0.817	-0.823	-0.823	-0.823	-0.823	-0.823	-0.866	-0.823	-0.828	-0.883	-0.822	-0.882	-0.885	-0.778	-0.790	-0.884	-0.874	-0.855	-0.851	-0.955	-0.846	-0.845	-0.731	-0.738	-0.827	-0.953	-0.815	-0.817	-0.842	-0.848	-0.851	-0.852	-0.855	-0.814	-0.810	-0.853	-0.858	-0.860	-0.863	-0.839	-0.812	-0.798	-0.812	-0.500	-0.860	-0.872	-0.506	-0.910	-0.890	-0.891	-0.821	-0.828	-0.822	-0.913	-0.902	-0.917	-0.865	-0.918	-0.918	-0.861	-0.917	-0.873	-0.916	-0.897	-0.916	-0.916	-0.916	-0.879	-0.871	-0.878	-0.906	-0.870	-0.871	-0.907	-0.921	-0.530	-0.921	-0.924	-0.881	-0.884	-0.885	-0.920	-0.892	-0.919	-0.894	-0.888	-0.849	-0.896	-0.885	-0.885	-0.847	-0.885	-0.889	-0.846	-0.884	-0.843	-0.840	-0.901	-0.792	-0.854	-0.896	-0.472	-0.894	-0.841	
rs542119       -0.558	-0.448	-0.558	-0.442	-0.333	-0.555	-0.385	-0.593	-0.574	-0.576	-0.761	-0.834	-0.843	-0.893	-0.870	-0.853	-0.897	-0.847	-0.833	-0.882	-0.874	-0.818	-0.868	-0.812	-0.806	-0.863	-0.863	-0.867	-0.862	-0.810	-0.796	-0.806	-0.872	-0.641	-0.933	-0.828	-0.892	-0.824	-0.912	-0.824	-0.824	-0.883	-0.814	-0.823	-0.818	-0.824	-0.824	-0.824	-0.824	-0.823	-0.867	-0.823	-0.829	-0.883	-0.823	-0.882	-0.885	-0.779	-0.790	-0.885	-0.874	-0.855	-0.851	-0.956	-0.846	-0.845	-0.731	-0.739	-0.828	-0.954	-0.815	-0.817	-0.843	-0.848	-0.851	-0.852	-0.855	-0.814	-0.810	-0.853	-0.858	-0.860	-0.863	-0.840	-0.812	-0.798	-0.812	-0.501	-0.861	-0.873	-0.507	-0.910	-0.890	-0.892	-0.822	-0.829	-0.823	-0.913	-0.902	-0.917	-0.865	-0.918	-0.918	-0.861	-0.917	-0.874	-0.917	-0.898	-0.916	-0.916	-0.916	-0.880	-0.871	-0.879	-0.906	-0.871	-0.871	-0.907	-0.921	-0.531	-0.922	-0.924	-0.881	-0.884	-0.885	-0.921	-0.893	-0.919	-0.895	-0.888	-0.850	-0.897	-0.885	-0.885	-0.847	-0.886	-0.890	-0.846	-0.884	-0.843	-0.841	-0.902	-0.792	-0.854	-0.897	-0.473	-0.895	-0.841	
rs515572       -0.334	-0.376	-0.334	-0.333	-0.249	-0.353	-0.380	-0.483	-0.476	-0.477	-0.593	-0.647	-0.657	-0.725	-0.703	-0.667	-0.728	-0.660	-0.646	-0.715	-0.707	-0.630	-0.701	-0.623	-0.618	-0.697	-0.697	-0.700	-0.696	-0.622	-0.607	-0.618	-0.706	-0.452	-0.754	-0.641	-0.724	-0.635	-0.733	-0.636	-0.636	-0.716	-0.626	-0.636	-0.629	-0.636	-0.636	-0.636	-0.636	-0.636	-0.695	-0.636	-0.641	-0.716	-0.635	-0.715	-0.718	-0.621	-0.632	-0.717	-0.708	-0.689	-0.686	-0.780	-0.681	-0.680	-0.546	-0.554	-0.662	-0.778	-0.650	-0.652	-0.676	-0.668	-0.687	-0.673	-0.676	-0.628	-0.623	-0.674	-0.678	-0.681	-0.697	-0.660	-0.626	-0.611	-0.626	-0.336	-0.695	-0.695	-0.340	-0.739	-0.720	-0.721	-0.642	-0.649	-0.664	-0.736	-0.723	-0.742	-0.699	-0.743	-0.743	-0.696	-0.743	-0.707	-0.742	-0.729	-0.742	-0.742	-0.742	-0.713	-0.705	-0.712	-0.737	-0.705	-0.705	-0.738	-0.743	-0.337	-0.751	-0.753	-0.714	-0.717	-0.718	-0.750	-0.725	-0.748	-0.727	-0.722	-0.686	-0.730	-0.720	-0.720	-0.684	-0.720	-0.724	-0.683	-0.719	-0.681	-0.678	-0.734	-0.632	-0.689	-0.729	-0.278	-0.718	-0.664	
rs561480       -0.555	-0.460	-0.555	-0.555	-0.353	-0.434	-0.399	-0.591	-0.574	-0.576	-0.755	-0.827	-0.836	-0.887	-0.864	-0.846	-0.890	-0.840	-0.825	-0.876	-0.868	-0.810	-0.862	-0.804	-0.799	-0.857	-0.857	-0.861	-0.856	-0.802	-0.788	-0.799	-0.866	-0.632	-0.926	-0.821	-0.886	-0.816	-0.906	-0.816	-0.816	-0.877	-0.807	-0.816	-0.810	-0.816	-0.816	-0.816	-0.816	-0.816	-0.860	-0.816	-0.821	-0.877	-0.815	-0.876	-0.879	-0.773	-0.784	-0.878	-0.868	-0.849	-0.845	-0.949	-0.840	-0.840	-0.724	-0.731	-0.822	-0.947	-0.809	-0.811	-0.837	-0.841	-0.845	-0.845	-0.848	-0.807	-0.802	-0.846	-0.851	-0.853	-0.857	-0.832	-0.805	-0.791	-0.805	-0.495	-0.855	-0.866	-0.501	-0.904	-0.884	-0.885	-0.815	-0.821	-0.817	-0.906	-0.895	-0.911	-0.859	-0.912	-0.912	-0.855	-0.911	-0.867	-0.910	-0.892	-0.910	-0.910	-0.910	-0.874	-0.865	-0.872	-0.900	-0.864	-0.865	-0.901	-0.915	-0.523	-0.915	-0.918	-0.875	-0.878	-0.879	-0.914	-0.886	-0.913	-0.889	-0.882	-0.843	-0.890	-0.879	-0.879	-0.841	-0.879	-0.883	-0.840	-0.878	-0.837	-0.835	-0.896	-0.786	-0.848	-0.890	-0.465	-0.888	-0.834	
rs482591       -0.386	-0.391	-0.386	-0.385	-0.380	-0.399	-0.261	-0.492	-0.485	-0.486	-0.603	-0.659	-0.669	-0.736	-0.714	-0.679	-0.739	-0.672	-0.657	-0.726	-0.718	-0.642	-0.712	-0.635	-0.630	-0.708	-0.708	-0.711	-0.707	-0.633	-0.619	-0.629	-0.717	-0.463	-0.765	-0.653	-0.735	-0.646	-0.743	-0.648	-0.648	-0.727	-0.638	-0.647	-0.641	-0.648	-0.648	-0.648	-0.648	-0.648	-0.707	-0.647	-0.653	-0.727	-0.647	-0.726	-0.729	-0.632	-0.643	-0.728	-0.719	-0.701	-0.697	-0.791	-0.693	-0.692	-0.557	-0.565	-0.673	-0.789	-0.661	-0.663	-0.688	-0.679	-0.698	-0.684	-0.687	-0.640	-0.635	-0.685	-0.689	-0.692	-0.708	-0.671	-0.638	-0.623	-0.638	-0.347	-0.706	-0.706	-0.350	-0.750	-0.731	-0.732	-0.653	-0.660	-0.675	-0.747	-0.735	-0.752	-0.711	-0.754	-0.754	-0.707	-0.753	-0.718	-0.753	-0.741	-0.753	-0.753	-0.753	-0.724	-0.716	-0.723	-0.748	-0.716	-0.716	-0.749	-0.754	-0.348	-0.762	-0.764	-0.726	-0.729	-0.729	-0.760	-0.736	-0.759	-0.738	-0.733	-0.698	-0.741	-0.731	-0.730	-0.695	-0.731	-0.734	-0.695	-0.730	-0.692	-0.690	-0.744	-0.644	-0.700	-0.739	-0.289	-0.728	-0.675	
rs189842397    -0.593	-0.524	-0.593	-0.593	-0.483	-0.591	-0.492	-0.271	-0.415	-0.417	-0.558	-0.660	-0.671	-0.756	-0.736	-0.681	-0.759	-0.674	-0.659	-0.747	-0.739	-0.642	-0.733	-0.635	-0.629	-0.729	-0.729	-0.732	-0.728	-0.633	-0.617	-0.629	-0.738	-0.462	-0.777	-0.653	-0.755	-0.651	-0.754	-0.648	-0.648	-0.747	-0.638	-0.648	-0.642	-0.648	-0.648	-0.648	-0.648	-0.648	-0.732	-0.648	-0.654	-0.748	-0.647	-0.747	-0.749	-0.655	-0.665	-0.749	-0.739	-0.721	-0.718	-0.806	-0.713	-0.713	-0.558	-0.566	-0.698	-0.805	-0.686	-0.688	-0.712	-0.685	-0.720	-0.690	-0.693	-0.641	-0.637	-0.691	-0.696	-0.698	-0.730	-0.676	-0.640	-0.624	-0.640	-0.358	-0.728	-0.722	-0.363	-0.771	-0.753	-0.754	-0.670	-0.677	-0.694	-0.764	-0.751	-0.769	-0.731	-0.770	-0.771	-0.727	-0.770	-0.738	-0.769	-0.760	-0.769	-0.769	-0.769	-0.744	-0.736	-0.743	-0.766	-0.736	-0.736	-0.767	-0.766	-0.364	-0.780	-0.781	-0.745	-0.748	-0.749	-0.777	-0.755	-0.776	-0.757	-0.751	-0.716	-0.758	-0.748	-0.748	-0.714	-0.748	-0.752	-0.713	-0.747	-0.711	-0.708	-0.762	-0.664	-0.721	-0.758	-0.288	-0.744	-0.688	
rs184267799    -0.574	-0.516	-0.574	-0.574	-0.476	-0.574	-0.485	-0.415	-0.255	-0.350	-0.543	-0.644	-0.656	-0.742	-0.721	-0.666	-0.745	-0.659	-0.643	-0.732	-0.725	-0.626	-0.719	-0.619	-0.614	-0.715	-0.715	-0.718	-0.714	-0.618	-0.602	-0.614	-0.724	-0.445	-0.762	-0.638	-0.741	-0.636	-0.739	-0.633	-0.633	-0.733	-0.623	-0.632	-0.626	-0.633	-0.633	-0.633	-0.633	-0.633	-0.718	-0.633	-0.639	-0.733	-0.632	-0.732	-0.735	-0.641	-0.652	-0.734	-0.725	-0.708	-0.704	-0.791	-0.700	-0.699	-0.542	-0.550	-0.684	-0.790	-0.672	-0.674	-0.698	-0.669	-0.706	-0.674	-0.677	-0.626	-0.622	-0.675	-0.680	-0.683	-0.716	-0.660	-0.624	-0.608	-0.625	-0.346	-0.714	-0.702	-0.349	-0.756	-0.739	-0.740	-0.648	-0.655	-0.681	-0.746	-0.732	-0.752	-0.717	-0.754	-0.754	-0.714	-0.754	-0.725	-0.754	-0.746	-0.754	-0.754	-0.754	-0.730	-0.723	-0.729	-0.752	-0.722	-0.723	-0.752	-0.750	-0.347	-0.765	-0.767	-0.732	-0.735	-0.735	-0.763	-0.741	-0.761	-0.743	-0.737	-0.704	-0.744	-0.734	-0.734	-0.701	-0.735	-0.738	-0.700	-0.733	-0.698	-0.696	-0.748	-0.652	-0.707	-0.743	-0.272	-0.725	-0.667	
rs184303230    -0.576	-0.516	-0.576	-0.576	-0.477	-0.576	-0.486	-0.417	-0.350	-0.256	-0.546	-0.646	-0.657	-0.743	-0.722	-0.667	-0.746	-0.661	-0.645	-0.734	-0.726	-0.628	-0.720	-0.621	-0.616	-0.716	-0.716	-0.720	-0.715	-0.620	-0.604	-0.616	-0.725	-0.447	-0.764	-0.640	-0.742	-0.638	-0.741	-0.635	-0.635	-0.734	-0.625	-0.634	-0.628	-0.635	-0.635	-0.635	-0.635	-0.635	-0.719	-0.635	-0.641	-0.735	-0.634	-0.733	-0.736	-0.642	-0.652	-0.735	-0.726	-0.709	-0.705	-0.793	-0.701	-0.700	-0.544	-0.552	-0.685	-0.791	-0.673	-0.675	-0.699	-0.671	-0.707	-0.676	-0.679	-0.628	-0.623	-0.677	-0.682	-0.684	-0.717	-0.662	-0.626	-0.610	-0.626	-0.347	-0.715	-0.704	-0.351	-0.758	-0.740	-0.741	-0.649	-0.657	-0.682	-0.748	-0.734	-0.754	-0.719	-0.755	-0.756	-0.715	-0.756	-0.726	-0.755	-0.747	-0.755	-0.755	-0.755	-0.732	-0.724	-0.731	-0.753	-0.724	-0.724	-0.754	-0.752	-0.349	-0.767	-0.768	-0.733	-0.736	-0.737	-0.764	-0.743	-0.763	-0.745	-0.738	-0.705	-0.745	-0.736	-0.735	-0.702	-0.736	-0.739	-0.702	-0.735	-0.699	-0.697	-0.749	-0.653	-0.708	-0.744	-0.274	-0.727	-0.669	
rs10948174     -0.760	-0.644	-0.760	-0.761	-0.593	-0.755	-0.603	-0.558	-0.543	-0.546	-0.475	-0.874	-0.883	-0.924	-0.902	-0.892	-0.927	-0.886	-0.873	-0.913	-0.905	-0.859	-0.899	-0.853	-0.848	-0.895	-0.895	-0.898	-0.894	-0.851	-0.837	-0.848	-0.904	-0.667	-0.953	-0.869	-0.923	-0.865	-0.930	-0.864	-0.864	-0.914	-0.855	-0.864	-0.859	-0.864	-0.864	-0.864	-0.864	-0.864	-0.898	-0.864	-0.869	-0.914	-0.863	-0.913	-0.916	-0.811	-0.822	-0.915	-0.906	-0.887	-0.883	-0.981	-0.879	-0.878	-0.759	-0.767	-0.862	-0.981	-0.850	-0.852	-0.876	-0.877	-0.884	-0.881	-0.884	-0.853	-0.849	-0.882	-0.887	-0.889	-0.895	-0.869	-0.851	-0.837	-0.851	-0.532	-0.893	-0.906	-0.539	-0.942	-0.923	-0.924	-0.857	-0.864	-0.853	-0.946	-0.938	-0.949	-0.898	-0.950	-0.950	-0.894	-0.947	-0.906	-0.947	-0.929	-0.947	-0.946	-0.946	-0.912	-0.903	-0.911	-0.936	-0.903	-0.903	-0.936	-0.945	-0.559	-0.952	-0.953	-0.913	-0.916	-0.917	-0.949	-0.924	-0.947	-0.926	-0.919	-0.883	-0.927	-0.916	-0.916	-0.880	-0.916	-0.920	-0.880	-0.915	-0.877	-0.874	-0.931	-0.827	-0.887	-0.927	-0.497	-0.929	-0.879	
rs2327616      -0.834	-0.699	-0.834	-0.834	-0.647	-0.827	-0.659	-0.660	-0.644	-0.646	-0.874	-0.549	-0.708	-0.889	-0.876	-0.699	-0.890	-0.698	-0.690	-0.885	-0.881	-0.674	-0.879	-0.677	-0.655	-0.875	-0.875	-0.877	-0.874	-0.663	-0.641	-0.664	-0.881	-0.694	-0.821	-0.693	-0.890	-0.731	-0.761	-0.687	-0.687	-0.886	-0.674	-0.696	-0.684	-0.687	-0.687	-0.687	-0.687	-0.687	-0.882	-0.687	-0.695	-0.887	-0.690	-0.891	-0.895	-0.874	-0.884	-0.892	-0.889	-0.885	-0.885	-0.927	-0.882	-0.881	-0.805	-0.810	-0.879	-0.944	-0.869	-0.872	-0.896	-0.887	-0.904	-0.890	-0.891	-0.811	-0.808	-0.891	-0.892	-0.892	-0.914	-0.886	-0.811	-0.801	-0.811	-0.632	-0.913	-0.917	-0.638	-0.968	-0.960	-0.960	-0.910	-0.913	-0.931	-0.945	-0.949	-0.938	-0.963	-0.933	-0.932	-0.960	-0.915	-0.969	-0.914	-0.983	-0.912	-0.911	-0.907	-0.972	-0.967	-0.972	-0.993	-0.967	-0.967	-0.993	-0.935	-0.596	-0.988	-0.988	-0.974	-0.976	-0.976	-0.997	-0.980	-0.997	-0.981	-0.984	-0.954	-0.990	-0.983	-0.983	-0.952	-0.983	-0.986	-0.951	-0.982	-0.949	-0.948	-0.993	-0.909	-0.959	-0.990	-0.485	-0.958	-0.942	
rs13217579     -0.843	-0.709	-0.843	-0.843	-0.657	-0.836	-0.669	-0.671	-0.656	-0.657	-0.883	-0.708	-0.558	-0.897	-0.883	-0.709	-0.898	-0.707	-0.697	-0.892	-0.888	-0.678	-0.886	-0.680	-0.658	-0.882	-0.882	-0.884	-0.881	-0.666	-0.643	-0.667	-0.888	-0.700	-0.827	-0.699	-0.898	-0.737	-0.768	-0.692	-0.692	-0.894	-0.678	-0.700	-0.688	-0.692	-0.692	-0.692	-0.692	-0.692	-0.890	-0.692	-0.700	-0.894	-0.695	-0.898	-0.902	-0.881	-0.891	-0.900	-0.896	-0.893	-0.892	-0.934	-0.889	-0.888	-0.812	-0.818	-0.886	-0.951	-0.876	-0.879	-0.903	-0.895	-0.911	-0.899	-0.900	-0.818	-0.814	-0.899	-0.901	-0.901	-0.921	-0.895	-0.817	-0.808	-0.818	-0.639	-0.920	-0.926	-0.645	-0.976	-0.968	-0.968	-0.917	-0.921	-0.938	-0.953	-0.956	-0.947	-0.970	-0.942	-0.941	-0.967	-0.925	-0.976	-0.923	-0.990	-0.921	-0.920	-0.917	-0.979	-0.974	-0.979	-1.001	-0.974	-0.974	-1.001	-0.943	-0.605	-0.995	-0.995	-0.981	-0.983	-0.983	-1.005	-0.988	-1.005	-0.989	-0.992	-0.961	-0.998	-0.991	-0.991	-0.959	-0.991	-0.994	-0.958	-0.990	-0.956	-0.955	-1.001	-0.916	-0.966	-0.998	-0.494	-0.966	-0.950	
rs6916397      -0.893	-0.773	-0.893	-0.893	-0.725	-0.887	-0.736	-0.756	-0.742	-0.743	-0.924	-0.889	-0.897	-0.591	-0.705	-0.902	-0.728	-0.898	-0.887	-0.711	-0.693	-0.875	-0.698	-0.870	-0.864	-0.662	-0.662	-0.688	-0.662	-0.868	-0.855	-0.865	-0.703	-0.769	-0.768	-0.884	-0.738	-0.887	-0.689	-0.880	-0.880	-0.723	-0.872	-0.879	-0.875	-0.880	-0.880	-0.880	-0.880	-0.880	-0.742	-0.880	-0.885	-0.724	-0.879	-0.762	-0.774	-0.811	-0.825	-0.767	-0.762	-0.776	-0.780	-0.903	-0.773	-0.773	-0.866	-0.872	-0.785	-0.927	-0.767	-0.773	-0.815	-0.959	-0.831	-0.962	-0.963	-0.909	-0.905	-0.962	-0.965	-0.966	-0.847	-0.955	-0.908	-0.897	-0.908	-0.667	-0.848	-0.976	-0.674	-0.958	-0.949	-0.948	-0.956	-0.961	-0.924	-1.008	-1.010	-1.004	-0.971	-1.001	-1.000	-0.968	-0.987	-0.977	-0.986	-0.993	-0.984	-0.983	-0.981	-0.981	-0.975	-0.981	-1.005	-0.975	-0.975	-1.006	-0.942	-0.631	-0.997	-0.997	-0.983	-0.985	-0.986	-1.009	-0.990	-1.009	-0.991	-0.998	-0.962	-1.004	-0.998	-0.998	-0.961	-0.998	-1.000	-0.960	-0.997	-0.958	-0.956	-1.008	-0.914	-0.969	-1.005	-0.504	-1.012	-0.986	
rs6916418      -0.870	-0.750	-0.870	-0.870	-0.703	-0.864	-0.714	-0.736	-0.721	-0.722	-0.902	-0.876	-0.883	-0.705	-0.567	-0.887	-0.702	-0.884	-0.876	-0.717	-0.719	-0.866	-0.724	-0.862	-0.858	-0.713	-0.713	-0.720	-0.713	-0.860	-0.849	-0.858	-0.724	-0.770	-0.712	-0.874	-0.722	-0.875	-0.627	-0.870	-0.870	-0.724	-0.864	-0.869	-0.867	-0.870	-0.870	-0.870	-0.870	-0.870	-0.750	-0.870	-0.874	-0.724	-0.869	-0.757	-0.766	-0.818	-0.830	-0.759	-0.763	-0.779	-0.783	-0.859	-0.779	-0.779	-0.858	-0.864	-0.791	-0.887	-0.778	-0.783	-0.816	-0.940	-0.829	-0.943	-0.944	-0.898	-0.895	-0.943	-0.945	-0.946	-0.842	-0.937	-0.897	-0.887	-0.897	-0.653	-0.842	-0.953	-0.659	-0.938	-0.934	-0.933	-0.940	-0.944	-0.914	-0.982	-0.987	-0.975	-0.957	-0.972	-0.971	-0.955	-0.956	-0.962	-0.955	-0.975	-0.953	-0.952	-0.949	-0.965	-0.961	-0.966	-0.985	-0.961	-0.961	-0.986	-0.908	-0.602	-0.975	-0.974	-0.967	-0.969	-0.969	-0.986	-0.973	-0.987	-0.974	-0.981	-0.950	-0.985	-0.980	-0.980	-0.949	-0.981	-0.983	-0.948	-0.980	-0.946	-0.944	-0.988	-0.907	-0.956	-0.986	-0.468	-0.988	-0.969	
rs6922482      -0.853	-0.718	-0.853	-0.853	-0.667	-0.846	-0.679	-0.681	-0.666	-0.667	-0.892	-0.699	-0.709	-0.902	-0.887	-0.567	-0.904	-0.700	-0.677	-0.897	-0.892	-0.643	-0.889	-0.651	-0.606	-0.885	-0.885	-0.887	-0.884	-0.622	-0.587	-0.627	-0.892	-0.693	-0.849	-0.680	-0.903	-0.733	-0.791	-0.669	-0.669	-0.898	-0.645	-0.683	-0.662	-0.668	-0.668	-0.668	-0.668	-0.668	-0.893	-0.668	-0.683	-0.899	-0.674	-0.903	-0.907	-0.883	-0.894	-0.905	-0.900	-0.895	-0.895	-0.950	-0.891	-0.891	-0.811	-0.817	-0.888	-0.966	-0.877	-0.880	-0.906	-0.902	-0.914	-0.905	-0.907	-0.818	-0.814	-0.906	-0.907	-0.908	-0.925	-0.900	-0.818	-0.806	-0.818	-0.646	-0.924	-0.935	-0.652	-0.983	-0.974	-0.974	-0.923	-0.927	-0.944	-0.964	-0.967	-0.958	-0.977	-0.954	-0.953	-0.974	-0.937	-0.982	-0.936	-0.998	-0.933	-0.932	-0.929	-0.986	-0.981	-0.986	-1.009	-0.980	-0.981	-1.009	-0.957	-0.616	-1.004	-1.005	-0.988	-0.990	-0.991	-1.014	-0.995	-1.014	-0.996	-0.999	-0.967	-1.005	-0.998	-0.998	-0.965	-0.998	-1.001	-0.964	-0.997	-0.962	-0.960	-1.009	-0.921	-0.972	-1.006	-0.508	-0.975	-0.957	
rs1572000      -0.896	-0.776	-0.896	-0.897	-0.728	-0.890	-0.739	-0.759	-0.745	-0.746	-0.927	-0.890	-0.898	-0.728	-0.702	-0.904	-0.595	-0.900	-0.888	-0.709	-0.689	-0.875	-0.693	-0.870	-0.864	-0.653	-0.653	-0.682	-0.653	-0.868	-0.854	-0.865	-0.699	-0.768	-0.778	-0.885	-0.740	-0.888	-0.700	-0.881	-0.881	-0.723	-0.873	-0.879	-0.875	-0.881	-0.881	-0.881	-0.881	-0.881	-0.741	-0.880	-0.885	-0.724	-0.880	-0.763	-0.776	-0.810	-0.824	-0.767	-0.762	-0.774	-0.778	-0.910	-0.771	-0.771	-0.866	-0.872	-0.782	-0.933	-0.763	-0.769	-0.813	-0.961	-0.830	-0.964	-0.966	-0.909	-0.906	-0.965	-0.967	-0.968	-0.847	-0.957	-0.908	-0.897	-0.908	-0.669	-0.848	-0.979	-0.675	-0.961	-0.951	-0.951	-0.959	-0.963	-0.925	-1.012	-1.013	-1.008	-0.973	-1.005	-1.004	-0.970	-0.992	-0.979	-0.990	-0.995	-0.989	-0.988	-0.985	-0.983	-0.977	-0.983	-1.008	-0.977	-0.977	-1.009	-0.948	-0.636	-1.001	-1.000	-0.985	-0.987	-0.988	-1.012	-0.993	-1.012	-0.994	-1.001	-0.964	-1.007	-1.000	-1.000	-0.962	-1.000	-1.003	-0.962	-0.999	-0.960	-0.957	-1.010	-0.915	-0.970	-1.008	-0.510	-1.015	-0.989	
rs10948235     -0.847	-0.712	-0.847	-0.847	-0.660	-0.840	-0.672	-0.674	-0.659	-0.661	-0.886	-0.698	-0.707	-0.898	-0.884	-0.700	-0.900	-0.561	-0.680	-0.893	-0.889	-0.653	-0.886	-0.660	-0.623	-0.882	-0.882	-0.885	-0.881	-0.636	-0.605	-0.640	-0.889	-0.696	-0.837	-0.684	-0.899	-0.733	-0.779	-0.675	-0.675	-0.895	-0.655	-0.687	-0.669	-0.674	-0.674	-0.674	-0.674	-0.674	-0.890	-0.674	-0.687	-0.895	-0.679	-0.899	-0.903	-0.882	-0.892	-0.901	-0.897	-0.893	-0.893	-0.941	-0.889	-0.889	-0.811	-0.817	-0.887	-0.958	-0.876	-0.879	-0.904	-0.897	-0.912	-0.901	-0.902	-0.817	-0.813	-0.902	-0.903	-0.903	-0.922	-0.897	-0.816	-0.806	-0.817	-0.642	-0.921	-0.929	-0.648	-0.979	-0.970	-0.970	-0.920	-0.924	-0.940	-0.957	-0.961	-0.951	-0.973	-0.947	-0.945	-0.970	-0.929	-0.979	-0.928	-0.993	-0.925	-0.924	-0.921	-0.982	-0.977	-0.982	-1.004	-0.977	-0.977	-1.004	-0.949	-0.610	-0.999	-0.999	-0.984	-0.986	-0.986	-1.009	-0.991	-1.008	-0.992	-0.995	-0.963	-1.001	-0.994	-0.994	-0.962	-0.994	-0.996	-0.961	-0.993	-0.959	-0.957	-1.004	-0.918	-0.968	-1.001	-0.500	-0.970	-0.953	
rs950720       -0.833	-0.697	-0.832	-0.833	-0.646	-0.825	-0.657	-0.659	-0.643	-0.645	-0.873	-0.690	-0.697	-0.887	-0.876	-0.677	-0.888	-0.680	-0.548	-0.884	-0.880	-0.664	-0.878	-0.669	-0.643	-0.875	-0.875	-0.877	-0.874	-0.652	-0.631	-0.655	-0.880	-0.701	-0.812	-0.681	-0.888	-0.726	-0.751	-0.676	-0.676	-0.885	-0.664	-0.687	-0.674	-0.676	-0.676	-0.676	-0.676	-0.676	-0.882	-0.676	-0.683	-0.885	-0.681	-0.890	-0.893	-0.877	-0.887	-0.891	-0.888	-0.886	-0.886	-0.921	-0.883	-0.883	-0.809	-0.814	-0.882	-0.940	-0.872	-0.874	-0.897	-0.886	-0.905	-0.890	-0.890	-0.812	-0.809	-0.890	-0.891	-0.891	-0.914	-0.887	-0.812	-0.803	-0.812	-0.633	-0.914	-0.916	-0.639	-0.967	-0.960	-0.960	-0.910	-0.914	-0.932	-0.941	-0.947	-0.934	-0.964	-0.929	-0.928	-0.961	-0.911	-0.969	-0.909	-0.982	-0.907	-0.906	-0.902	-0.972	-0.967	-0.972	-0.992	-0.967	-0.967	-0.992	-0.931	-0.593	-0.986	-0.986	-0.974	-0.976	-0.976	-0.996	-0.980	-0.996	-0.981	-0.984	-0.955	-0.989	-0.983	-0.983	-0.953	-0.983	-0.986	-0.952	-0.982	-0.951	-0.949	-0.992	-0.912	-0.959	-0.990	-0.481	-0.956	-0.943	
rs1412749      -0.882	-0.762	-0.882	-0.882	-0.715	-0.876	-0.726	-0.747	-0.732	-0.734	-0.913	-0.885	-0.892	-0.711	-0.717	-0.897	-0.709	-0.893	-0.884	-0.580	-0.704	-0.872	-0.708	-0.868	-0.863	-0.684	-0.684	-0.701	-0.684	-0.866	-0.854	-0.864	-0.710	-0.771	-0.737	-0.881	-0.723	-0.883	-0.654	-0.877	-0.877	-0.719	-0.870	-0.876	-0.873	-0.877	-0.877	-0.877	-0.877	-0.877	-0.744	-0.877	-0.881	-0.719	-0.876	-0.757	-0.768	-0.814	-0.827	-0.760	-0.761	-0.778	-0.783	-0.880	-0.777	-0.777	-0.864	-0.869	-0.789	-0.907	-0.773	-0.779	-0.816	-0.951	-0.831	-0.953	-0.955	-0.905	-0.902	-0.954	-0.956	-0.957	-0.845	-0.947	-0.904	-0.894	-0.904	-0.661	-0.846	-0.966	-0.667	-0.948	-0.941	-0.941	-0.949	-0.953	-0.919	-0.996	-0.999	-0.990	-0.965	-0.987	-0.986	-0.962	-0.972	-0.970	-0.971	-0.984	-0.969	-0.968	-0.966	-0.973	-0.968	-0.974	-0.995	-0.968	-0.968	-0.996	-0.924	-0.617	-0.986	-0.985	-0.975	-0.977	-0.978	-0.997	-0.982	-0.998	-0.983	-0.990	-0.957	-0.995	-0.989	-0.989	-0.955	-0.989	-0.992	-0.955	-0.989	-0.953	-0.951	-0.998	-0.911	-0.963	-0.996	-0.485	-1.001	-0.978	
rs6941422      -0.873	-0.754	-0.873	-0.874	-0.707	-0.868	-0.718	-0.739	-0.725	-0.726	-0.905	-0.881	-0.888	-0.693	-0.719	-0.892	-0.689	-0.889	-0.880	-0.704	-0.570	-0.870	-0.708	-0.866	-0.861	-0.691	-0.690	-0.703	-0.691	-0.864	-0.853	-0.862	-0.707	-0.772	-0.714	-0.877	-0.701	-0.879	-0.628	-0.874	-0.874	-0.706	-0.867	-0.872	-0.870	-0.874	-0.874	-0.874	-0.874	-0.874	-0.741	-0.874	-0.877	-0.706	-0.873	-0.749	-0.759	-0.815	-0.828	-0.751	-0.757	-0.778	-0.782	-0.863	-0.778	-0.778	-0.861	-0.867	-0.791	-0.891	-0.777	-0.782	-0.816	-0.944	-0.829	-0.947	-0.948	-0.902	-0.898	-0.947	-0.949	-0.950	-0.842	-0.941	-0.900	-0.891	-0.901	-0.655	-0.843	-0.957	-0.662	-0.940	-0.935	-0.934	-0.943	-0.947	-0.915	-0.986	-0.991	-0.980	-0.959	-0.976	-0.975	-0.956	-0.961	-0.964	-0.960	-0.977	-0.958	-0.957	-0.954	-0.967	-0.962	-0.968	-0.987	-0.962	-0.963	-0.988	-0.910	-0.605	-0.977	-0.976	-0.969	-0.971	-0.971	-0.988	-0.975	-0.989	-0.976	-0.983	-0.952	-0.987	-0.982	-0.982	-0.950	-0.982	-0.985	-0.950	-0.982	-0.948	-0.946	-0.990	-0.908	-0.957	-0.988	-0.471	-0.992	-0.972	
rs6941624      -0.817	-0.682	-0.817	-0.818	-0.630	-0.810	-0.642	-0.642	-0.626	-0.628	-0.859	-0.674	-0.678	-0.875	-0.866	-0.643	-0.875	-0.653	-0.664	-0.872	-0.870	-0.533	-0.868	-0.668	-0.652	-0.865	-0.865	-0.867	-0.865	-0.656	-0.646	-0.661	-0.870	-0.705	-0.785	-0.667	-0.875	-0.713	-0.721	-0.666	-0.666	-0.873	-0.663	-0.678	-0.670	-0.666	-0.666	-0.666	-0.666	-0.666	-0.872	-0.666	-0.668	-0.873	-0.671	-0.878	-0.881	-0.871	-0.880	-0.879	-0.878	-0.878	-0.878	-0.900	-0.875	-0.875	-0.805	-0.810	-0.875	-0.920	-0.866	-0.869	-0.890	-0.874	-0.897	-0.877	-0.877	-0.805	-0.802	-0.877	-0.877	-0.877	-0.905	-0.875	-0.805	-0.798	-0.805	-0.623	-0.905	-0.900	-0.629	-0.954	-0.948	-0.948	-0.899	-0.903	-0.922	-0.924	-0.931	-0.915	-0.953	-0.911	-0.909	-0.951	-0.891	-0.958	-0.889	-0.970	-0.887	-0.885	-0.882	-0.961	-0.956	-0.961	-0.979	-0.956	-0.957	-0.979	-0.912	-0.576	-0.972	-0.972	-0.962	-0.964	-0.965	-0.982	-0.968	-0.982	-0.969	-0.972	-0.945	-0.977	-0.971	-0.971	-0.943	-0.971	-0.973	-0.943	-0.971	-0.941	-0.939	-0.980	-0.904	-0.949	-0.977	-0.461	-0.941	-0.931	
rs7757205      -0.867	-0.748	-0.867	-0.868	-0.701	-0.862	-0.712	-0.733	-0.719	-0.720	-0.899	-0.879	-0.886	-0.698	-0.724	-0.889	-0.693	-0.886	-0.878	-0.708	-0.708	-0.868	-0.564	-0.863	-0.860	-0.702	-0.702	-0.710	-0.703	-0.863	-0.852	-0.861	-0.712	-0.773	-0.700	-0.875	-0.700	-0.877	-0.613	-0.872	-0.872	-0.707	-0.866	-0.871	-0.869	-0.872	-0.872	-0.872	-0.872	-0.872	-0.742	-0.872	-0.876	-0.707	-0.871	-0.748	-0.756	-0.817	-0.828	-0.749	-0.757	-0.778	-0.783	-0.853	-0.779	-0.779	-0.860	-0.865	-0.792	-0.881	-0.779	-0.784	-0.816	-0.940	-0.828	-0.943	-0.944	-0.899	-0.896	-0.943	-0.945	-0.946	-0.840	-0.937	-0.898	-0.889	-0.898	-0.651	-0.841	-0.952	-0.657	-0.934	-0.930	-0.929	-0.939	-0.943	-0.912	-0.980	-0.985	-0.973	-0.955	-0.970	-0.969	-0.953	-0.954	-0.960	-0.953	-0.972	-0.951	-0.950	-0.947	-0.963	-0.958	-0.963	-0.982	-0.958	-0.959	-0.982	-0.901	-0.598	-0.971	-0.970	-0.965	-0.966	-0.967	-0.983	-0.970	-0.983	-0.971	-0.978	-0.948	-0.982	-0.978	-0.978	-0.947	-0.978	-0.980	-0.946	-0.977	-0.945	-0.943	-0.985	-0.906	-0.954	-0.983	-0.462	-0.986	-0.967	
rs7758513      -0.811	-0.675	-0.811	-0.812	-0.623	-0.804	-0.635	-0.635	-0.619	-0.621	-0.853	-0.677	-0.680	-0.870	-0.862	-0.651	-0.870	-0.660	-0.669	-0.868	-0.866	-0.668	-0.863	-0.527	-0.662	-0.862	-0.862	-0.863	-0.861	-0.665	-0.658	-0.668	-0.866	-0.707	-0.775	-0.670	-0.870	-0.711	-0.711	-0.670	-0.670	-0.869	-0.669	-0.680	-0.674	-0.670	-0.670	-0.670	-0.670	-0.670	-0.868	-0.670	-0.670	-0.869	-0.674	-0.874	-0.877	-0.868	-0.877	-0.874	-0.874	-0.874	-0.875	-0.892	-0.872	-0.872	-0.804	-0.809	-0.872	-0.912	-0.864	-0.866	-0.886	-0.869	-0.893	-0.872	-0.873	-0.802	-0.800	-0.873	-0.873	-0.873	-0.901	-0.871	-0.802	-0.796	-0.803	-0.618	-0.901	-0.895	-0.624	-0.948	-0.943	-0.943	-0.895	-0.898	-0.918	-0.918	-0.926	-0.909	-0.949	-0.904	-0.903	-0.946	-0.884	-0.953	-0.883	-0.965	-0.880	-0.879	-0.875	-0.956	-0.952	-0.957	-0.974	-0.952	-0.952	-0.974	-0.905	-0.569	-0.967	-0.966	-0.958	-0.959	-0.960	-0.976	-0.963	-0.976	-0.964	-0.967	-0.940	-0.972	-0.966	-0.966	-0.939	-0.966	-0.968	-0.938	-0.966	-0.937	-0.935	-0.974	-0.900	-0.945	-0.972	-0.453	-0.935	-0.926	
rs11758650     -0.806	-0.670	-0.806	-0.806	-0.618	-0.799	-0.630	-0.629	-0.614	-0.616	-0.848	-0.655	-0.658	-0.864	-0.858	-0.606	-0.864	-0.623	-0.643	-0.863	-0.861	-0.652	-0.860	-0.662	-0.522	-0.857	-0.857	-0.859	-0.857	-0.652	-0.650	-0.658	-0.861	-0.706	-0.764	-0.647	-0.864	-0.701	-0.699	-0.651	-0.650	-0.863	-0.655	-0.665	-0.659	-0.651	-0.651	-0.651	-0.651	-0.651	-0.863	-0.651	-0.648	-0.863	-0.657	-0.868	-0.871	-0.866	-0.875	-0.869	-0.869	-0.870	-0.871	-0.883	-0.869	-0.868	-0.801	-0.806	-0.869	-0.904	-0.861	-0.863	-0.883	-0.863	-0.890	-0.866	-0.866	-0.798	-0.796	-0.866	-0.866	-0.866	-0.897	-0.865	-0.798	-0.793	-0.799	-0.615	-0.897	-0.888	-0.621	-0.943	-0.939	-0.939	-0.891	-0.894	-0.914	-0.911	-0.919	-0.901	-0.945	-0.896	-0.895	-0.943	-0.876	-0.949	-0.874	-0.961	-0.871	-0.870	-0.866	-0.952	-0.948	-0.953	-0.969	-0.948	-0.948	-0.969	-0.897	-0.563	-0.961	-0.961	-0.954	-0.955	-0.956	-0.971	-0.959	-0.971	-0.960	-0.963	-0.937	-0.967	-0.962	-0.962	-0.935	-0.962	-0.964	-0.935	-0.961	-0.933	-0.931	-0.970	-0.897	-0.941	-0.967	-0.446	-0.929	-0.922	
rs9463106      -0.863	-0.744	-0.863	-0.863	-0.697	-0.857	-0.708	-0.729	-0.715	-0.716	-0.895	-0.875	-0.882	-0.662	-0.713	-0.885	-0.653	-0.882	-0.875	-0.684	-0.691	-0.865	-0.702	-0.862	-0.857	-0.559	-0.690	-0.698	-0.692	-0.860	-0.850	-0.858	-0.697	-0.772	-0.686	-0.872	-0.665	-0.873	-0.596	-0.869	-0.869	-0.682	-0.863	-0.868	-0.866	-0.869	-0.869	-0.869	-0.869	-0.869	-0.735	-0.869	-0.872	-0.681	-0.868	-0.737	-0.746	-0.816	-0.827	-0.738	-0.749	-0.775	-0.780	-0.842	-0.776	-0.777	-0.858	-0.863	-0.791	-0.872	-0.779	-0.783	-0.813	-0.935	-0.825	-0.938	-0.939	-0.896	-0.894	-0.938	-0.940	-0.941	-0.836	-0.933	-0.895	-0.887	-0.896	-0.649	-0.838	-0.947	-0.655	-0.929	-0.926	-0.925	-0.935	-0.939	-0.909	-0.974	-0.980	-0.967	-0.952	-0.963	-0.962	-0.949	-0.947	-0.956	-0.946	-0.967	-0.944	-0.943	-0.940	-0.959	-0.955	-0.960	-0.977	-0.955	-0.955	-0.978	-0.893	-0.592	-0.965	-0.965	-0.961	-0.962	-0.963	-0.977	-0.966	-0.978	-0.967	-0.974	-0.945	-0.978	-0.974	-0.974	-0.944	-0.974	-0.976	-0.944	-0.973	-0.942	-0.940	-0.981	-0.904	-0.951	-0.979	-0.454	-0.981	-0.963	
rs6922969      -0.863	-0.744	-0.863	-0.863	-0.697	-0.857	-0.708	-0.729	-0.715	-0.716	-0.895	-0.875	-0.882	-0.662	-0.713	-0.885	-0.653	-0.882	-0.875	-0.684	-0.690	-0.865	-0.702	-0.862	-0.857	-0.690	-0.559	-0.698	-0.692	-0.860	-0.850	-0.858	-0.697	-0.772	-0.686	-0.872	-0.665	-0.873	-0.596	-0.869	-0.869	-0.682	-0.863	-0.868	-0.866	-0.869	-0.869	-0.869	-0.869	-0.869	-0.735	-0.869	-0.872	-0.681	-0.868	-0.737	-0.746	-0.816	-0.827	-0.738	-0.749	-0.775	-0.780	-0.842	-0.776	-0.777	-0.858	-0.863	-0.791	-0.872	-0.779	-0.783	-0.813	-0.935	-0.825	-0.938	-0.939	-0.896	-0.894	-0.938	-0.940	-0.941	-0.836	-0.933	-0.895	-0.887	-0.896	-0.649	-0.838	-0.947	-0.655	-0.929	-0.926	-0.925	-0.935	-0.939	-0.909	-0.974	-0.980	-0.967	-0.952	-0.963	-0.962	-0.949	-0.947	-0.956	-0.946	-0.967	-0.944	-0.943	-0.940	-0.959	-0.955	-0.960	-0.977	-0.955	-0.955	-0.977	-0.893	-0.592	-0.965	-0.964	-0.961	-0.962	-0.963	-0.977	-0.966	-0.978	-0.967	-0.974	-0.945	-0.978	-0.974	-0.974	-0.944	-0.974	-0.976	-0.944	-0.973	-0.942	-0.940	-0.981	-0.904	-0.951	-0.979	-0.454	-0.981	-0.963	
rs1572002      -0.866	-0.748	-0.866	-0.867	-0.700	-0.861	-0.711	-0.732	-0.718	-0.720	-0.898	-0.877	-0.884	-0.688	-0.720	-0.887	-0.682	-0.885	-0.877	-0.701	-0.703	-0.867	-0.710	-0.863	-0.859	-0.698	-0.698	-0.563	-0.699	-0.862	-0.851	-0.860	-0.708	-0.772	-0.697	-0.874	-0.690	-0.875	-0.608	-0.871	-0.871	-0.700	-0.865	-0.869	-0.867	-0.871	-0.871	-0.871	-0.871	-0.871	-0.740	-0.871	-0.874	-0.699	-0.870	-0.743	-0.753	-0.816	-0.828	-0.745	-0.753	-0.776	-0.782	-0.849	-0.777	-0.778	-0.859	-0.864	-0.792	-0.879	-0.779	-0.784	-0.815	-0.938	-0.828	-0.941	-0.942	-0.898	-0.895	-0.941	-0.943	-0.944	-0.839	-0.936	-0.897	-0.888	-0.897	-0.651	-0.840	-0.950	-0.657	-0.933	-0.929	-0.928	-0.938	-0.942	-0.911	-0.978	-0.983	-0.971	-0.954	-0.968	-0.967	-0.952	-0.952	-0.959	-0.950	-0.970	-0.948	-0.947	-0.945	-0.962	-0.957	-0.962	-0.981	-0.957	-0.958	-0.981	-0.899	-0.596	-0.969	-0.968	-0.963	-0.965	-0.966	-0.981	-0.969	-0.981	-0.970	-0.977	-0.947	-0.981	-0.976	-0.976	-0.946	-0.977	-0.979	-0.946	-0.976	-0.944	-0.942	-0.984	-0.906	-0.953	-0.982	-0.460	-0.985	-0.966	
rs9381391      -0.862	-0.743	-0.862	-0.862	-0.696	-0.856	-0.707	-0.728	-0.714	-0.715	-0.894	-0.874	-0.881	-0.662	-0.713	-0.884	-0.653	-0.881	-0.874	-0.684	-0.691	-0.865	-0.703	-0.861	-0.857	-0.692	-0.692	-0.699	-0.558	-0.860	-0.850	-0.858	-0.697	-0.772	-0.681	-0.871	-0.664	-0.872	-0.591	-0.869	-0.869	-0.681	-0.863	-0.867	-0.865	-0.869	-0.868	-0.868	-0.868	-0.868	-0.734	-0.868	-0.871	-0.681	-0.868	-0.736	-0.745	-0.816	-0.827	-0.737	-0.746	-0.773	-0.779	-0.839	-0.775	-0.776	-0.858	-0.863	-0.790	-0.869	-0.778	-0.783	-0.812	-0.934	-0.824	-0.937	-0.938	-0.896	-0.893	-0.937	-0.939	-0.939	-0.835	-0.932	-0.895	-0.886	-0.895	-0.648	-0.836	-0.945	-0.654	-0.927	-0.925	-0.924	-0.934	-0.938	-0.908	-0.972	-0.978	-0.965	-0.951	-0.961	-0.960	-0.948	-0.945	-0.955	-0.944	-0.966	-0.942	-0.941	-0.938	-0.958	-0.954	-0.958	-0.976	-0.954	-0.954	-0.976	-0.891	-0.590	-0.964	-0.963	-0.959	-0.961	-0.961	-0.976	-0.965	-0.976	-0.965	-0.973	-0.944	-0.977	-0.972	-0.972	-0.943	-0.973	-0.974	-0.943	-0.972	-0.941	-0.939	-0.979	-0.903	-0.950	-0.978	-0.452	-0.980	-0.962	
rs7760140      -0.810	-0.674	-0.810	-0.810	-0.622	-0.802	-0.633	-0.633	-0.618	-0.620	-0.851	-0.663	-0.666	-0.868	-0.860	-0.622	-0.868	-0.636	-0.652	-0.866	-0.864	-0.656	-0.863	-0.665	-0.652	-0.860	-0.860	-0.862	-0.860	-0.525	-0.648	-0.658	-0.864	-0.706	-0.770	-0.652	-0.868	-0.705	-0.706	-0.655	-0.655	-0.866	-0.658	-0.669	-0.662	-0.655	-0.655	-0.655	-0.655	-0.655	-0.866	-0.655	-0.654	-0.866	-0.661	-0.871	-0.874	-0.867	-0.877	-0.872	-0.872	-0.873	-0.873	-0.888	-0.871	-0.870	-0.803	-0.807	-0.871	-0.909	-0.863	-0.865	-0.885	-0.866	-0.892	-0.869	-0.870	-0.800	-0.798	-0.870	-0.870	-0.870	-0.900	-0.868	-0.800	-0.794	-0.800	-0.618	-0.899	-0.892	-0.624	-0.947	-0.942	-0.941	-0.894	-0.896	-0.917	-0.915	-0.923	-0.906	-0.947	-0.901	-0.899	-0.945	-0.880	-0.952	-0.879	-0.964	-0.876	-0.875	-0.871	-0.955	-0.951	-0.955	-0.972	-0.951	-0.951	-0.972	-0.902	-0.567	-0.965	-0.964	-0.956	-0.958	-0.958	-0.974	-0.962	-0.974	-0.963	-0.965	-0.939	-0.970	-0.965	-0.965	-0.938	-0.965	-0.967	-0.937	-0.964	-0.936	-0.934	-0.973	-0.899	-0.944	-0.970	-0.451	-0.933	-0.925	
rs2327617      -0.795	-0.659	-0.795	-0.796	-0.607	-0.788	-0.619	-0.617	-0.602	-0.604	-0.837	-0.641	-0.643	-0.855	-0.849	-0.587	-0.854	-0.605	-0.631	-0.854	-0.853	-0.646	-0.852	-0.658	-0.650	-0.850	-0.850	-0.851	-0.850	-0.648	-0.511	-0.653	-0.853	-0.707	-0.747	-0.632	-0.855	-0.690	-0.680	-0.639	-0.639	-0.854	-0.648	-0.655	-0.651	-0.639	-0.639	-0.639	-0.639	-0.639	-0.855	-0.639	-0.633	-0.854	-0.646	-0.859	-0.862	-0.861	-0.869	-0.860	-0.861	-0.863	-0.864	-0.869	-0.862	-0.862	-0.798	-0.802	-0.863	-0.891	-0.856	-0.858	-0.876	-0.854	-0.883	-0.857	-0.857	-0.792	-0.790	-0.857	-0.857	-0.857	-0.890	-0.857	-0.792	-0.787	-0.792	-0.607	-0.890	-0.878	-0.613	-0.934	-0.930	-0.930	-0.883	-0.886	-0.906	-0.899	-0.909	-0.890	-0.937	-0.884	-0.883	-0.935	-0.863	-0.941	-0.862	-0.952	-0.859	-0.858	-0.854	-0.944	-0.940	-0.944	-0.960	-0.940	-0.940	-0.960	-0.885	-0.551	-0.951	-0.951	-0.945	-0.947	-0.947	-0.961	-0.950	-0.961	-0.951	-0.954	-0.929	-0.958	-0.953	-0.953	-0.928	-0.953	-0.955	-0.927	-0.953	-0.926	-0.924	-0.961	-0.890	-0.933	-0.958	-0.432	-0.919	-0.914	
rs10948244     -0.806	-0.670	-0.806	-0.806	-0.618	-0.799	-0.629	-0.629	-0.614	-0.616	-0.848	-0.664	-0.667	-0.865	-0.858	-0.627	-0.865	-0.640	-0.655	-0.864	-0.862	-0.661	-0.861	-0.668	-0.658	-0.858	-0.858	-0.860	-0.858	-0.658	-0.653	-0.522	-0.861	-0.705	-0.765	-0.654	-0.865	-0.703	-0.700	-0.657	-0.657	-0.864	-0.660	-0.670	-0.653	-0.657	-0.657	-0.657	-0.657	-0.657	-0.864	-0.657	-0.655	-0.864	-0.662	-0.869	-0.872	-0.866	-0.875	-0.870	-0.869	-0.871	-0.871	-0.884	-0.869	-0.869	-0.801	-0.806	-0.869	-0.905	-0.861	-0.863	-0.883	-0.863	-0.890	-0.866	-0.866	-0.797	-0.795	-0.866	-0.866	-0.866	-0.897	-0.865	-0.797	-0.792	-0.798	-0.615	-0.897	-0.888	-0.621	-0.943	-0.939	-0.939	-0.891	-0.893	-0.914	-0.910	-0.919	-0.901	-0.945	-0.896	-0.895	-0.942	-0.875	-0.949	-0.874	-0.961	-0.871	-0.870	-0.866	-0.952	-0.948	-0.953	-0.969	-0.948	-0.948	-0.969	-0.898	-0.564	-0.961	-0.961	-0.954	-0.955	-0.956	-0.971	-0.959	-0.971	-0.960	-0.963	-0.937	-0.967	-0.962	-0.962	-0.936	-0.962	-0.964	-0.935	-0.961	-0.933	-0.931	-0.970	-0.897	-0.941	-0.967	-0.447	-0.929	-0.922	
rs9472551      -0.872	-0.753	-0.872	-0.872	-0.706	-0.866	-0.717	-0.738	-0.724	-0.725	-0.904	-0.881	-0.888	-0.703	-0.724	-0.892	-0.699	-0.889	-0.880	-0.710	-0.707	-0.870	-0.712	-0.866	-0.861	-0.697	-0.697	-0.708	-0.697	-0.864	-0.853	-0.861	-0.569	-0.772	-0.709	-0.877	-0.700	-0.878	-0.623	-0.874	-0.874	-0.706	-0.867	-0.872	-0.870	-0.874	-0.874	-0.874	-0.873	-0.873	-0.742	-0.873	-0.877	-0.706	-0.873	-0.749	-0.759	-0.816	-0.828	-0.751	-0.757	-0.778	-0.783	-0.860	-0.778	-0.779	-0.861	-0.867	-0.791	-0.888	-0.778	-0.782	-0.816	-0.943	-0.829	-0.945	-0.947	-0.901	-0.898	-0.946	-0.948	-0.949	-0.841	-0.940	-0.900	-0.891	-0.900	-0.655	-0.842	-0.956	-0.661	-0.938	-0.934	-0.933	-0.942	-0.946	-0.914	-0.984	-0.989	-0.978	-0.958	-0.974	-0.973	-0.955	-0.959	-0.963	-0.958	-0.975	-0.955	-0.955	-0.952	-0.966	-0.961	-0.966	-0.986	-0.961	-0.962	-0.986	-0.907	-0.603	-0.975	-0.974	-0.968	-0.969	-0.970	-0.987	-0.974	-0.987	-0.974	-0.981	-0.951	-0.986	-0.981	-0.981	-0.950	-0.981	-0.983	-0.949	-0.981	-0.947	-0.945	-0.989	-0.908	-0.957	-0.987	-0.468	-0.990	-0.970	
rs944767       -0.640	-0.504	-0.640	-0.641	-0.452	-0.632	-0.463	-0.462	-0.445	-0.447	-0.667	-0.694	-0.700	-0.769	-0.770	-0.693	-0.768	-0.696	-0.701	-0.771	-0.772	-0.705	-0.773	-0.707	-0.706	-0.772	-0.772	-0.772	-0.772	-0.706	-0.707	-0.705	-0.772	-0.352	-0.626	-0.702	-0.769	-0.709	-0.565	-0.703	-0.703	-0.771	-0.705	-0.705	-0.704	-0.703	-0.703	-0.703	-0.703	-0.703	-0.775	-0.703	-0.702	-0.771	-0.704	-0.774	-0.776	-0.699	-0.702	-0.774	-0.777	-0.780	-0.782	-0.743	-0.781	-0.780	-0.562	-0.561	-0.774	-0.746	-0.770	-0.771	-0.781	-0.509	-0.785	-0.523	-0.516	-0.732	-0.731	-0.521	-0.507	-0.501	-0.788	-0.555	-0.731	-0.731	-0.732	-0.469	-0.788	-0.611	-0.475	-0.809	-0.809	-0.810	-0.691	-0.688	-0.764	-0.722	-0.777	-0.699	-0.811	-0.691	-0.689	-0.809	-0.665	-0.814	-0.663	-0.820	-0.659	-0.657	-0.652	-0.816	-0.813	-0.816	-0.807	-0.813	-0.813	-0.807	-0.725	-0.392	-0.813	-0.812	-0.816	-0.817	-0.817	-0.801	-0.819	-0.802	-0.819	-0.809	-0.805	-0.810	-0.809	-0.809	-0.804	-0.810	-0.810	-0.803	-0.809	-0.802	-0.801	-0.812	-0.774	-0.807	-0.811	-0.268	-0.755	-0.772	
rs10807323     -0.932	-0.803	-0.932	-0.933	-0.754	-0.926	-0.765	-0.777	-0.762	-0.764	-0.953	-0.821	-0.827	-0.768	-0.712	-0.849	-0.778	-0.837	-0.812	-0.737	-0.714	-0.785	-0.700	-0.775	-0.764	-0.686	-0.686	-0.697	-0.681	-0.770	-0.747	-0.765	-0.709	-0.626	-0.636	-0.803	-0.763	-0.811	-0.733	-0.794	-0.794	-0.738	-0.777	-0.792	-0.785	-0.794	-0.794	-0.794	-0.794	-0.794	-0.713	-0.794	-0.804	-0.739	-0.793	-0.730	-0.743	-0.677	-0.698	-0.737	-0.711	-0.684	-0.679	-0.825	-0.667	-0.667	-0.764	-0.773	-0.652	-0.856	-0.623	-0.630	-0.694	-0.931	-0.722	-0.936	-0.941	-0.814	-0.808	-0.938	-0.945	-0.949	-0.750	-0.917	-0.813	-0.793	-0.813	-0.686	-0.748	-0.987	-0.694	-0.935	-0.897	-0.898	-0.922	-0.932	-0.855	-1.054	-1.021	-1.064	-0.906	-1.066	-1.067	-0.900	-1.071	-0.919	-1.070	-0.959	-1.070	-1.070	-1.071	-0.929	-0.914	-0.928	-1.000	-0.914	-0.915	-1.001	-1.026	-0.731	-1.003	-1.008	-0.932	-0.938	-0.940	-1.027	-0.953	-1.024	-0.956	-0.970	-0.883	-0.985	-0.966	-0.965	-0.879	-0.966	-0.973	-0.878	-0.964	-0.873	-0.869	-0.998	-0.795	-0.898	-0.990	-0.665	-1.035	-0.960	
rs9472583      -0.828	-0.693	-0.828	-0.828	-0.641	-0.821	-0.653	-0.653	-0.638	-0.640	-0.869	-0.693	-0.699	-0.884	-0.874	-0.680	-0.885	-0.684	-0.681	-0.881	-0.877	-0.667	-0.875	-0.670	-0.647	-0.872	-0.872	-0.874	-0.871	-0.652	-0.632	-0.654	-0.877	-0.702	-0.803	-0.543	-0.884	-0.721	-0.741	-0.670	-0.670	-0.881	-0.660	-0.682	-0.670	-0.670	-0.670	-0.670	-0.670	-0.670	-0.879	-0.670	-0.676	-0.881	-0.675	-0.886	-0.889	-0.875	-0.885	-0.887	-0.885	-0.883	-0.884	-0.914	-0.880	-0.880	-0.808	-0.813	-0.879	-0.933	-0.870	-0.873	-0.895	-0.882	-0.902	-0.885	-0.886	-0.809	-0.806	-0.886	-0.886	-0.887	-0.911	-0.883	-0.809	-0.801	-0.810	-0.630	-0.911	-0.911	-0.636	-0.963	-0.956	-0.956	-0.907	-0.910	-0.929	-0.936	-0.942	-0.928	-0.961	-0.923	-0.922	-0.958	-0.904	-0.966	-0.903	-0.979	-0.900	-0.899	-0.896	-0.969	-0.964	-0.969	-0.988	-0.964	-0.964	-0.988	-0.925	-0.588	-0.982	-0.982	-0.970	-0.972	-0.973	-0.992	-0.977	-0.991	-0.977	-0.980	-0.952	-0.985	-0.979	-0.979	-0.950	-0.980	-0.982	-0.950	-0.979	-0.948	-0.946	-0.988	-0.909	-0.956	-0.986	-0.475	-0.951	-0.939	
rs17617207     -0.892	-0.771	-0.892	-0.892	-0.724	-0.886	-0.735	-0.755	-0.741	-0.742	-0.923	-0.890	-0.898	-0.738	-0.722	-0.903	-0.740	-0.899	-0.888	-0.723	-0.701	-0.875	-0.700	-0.870	-0.864	-0.665	-0.665	-0.690	-0.664	-0.868	-0.855	-0.865	-0.700	-0.769	-0.763	-0.884	-0.590	-0.887	-0.683	-0.880	-0.880	-0.717	-0.872	-0.878	-0.875	-0.880	-0.880	-0.880	-0.880	-0.879	-0.740	-0.879	-0.884	-0.718	-0.879	-0.760	-0.772	-0.812	-0.825	-0.764	-0.761	-0.775	-0.779	-0.899	-0.772	-0.772	-0.866	-0.872	-0.784	-0.924	-0.767	-0.773	-0.815	-0.958	-0.831	-0.961	-0.962	-0.908	-0.905	-0.961	-0.964	-0.965	-0.847	-0.954	-0.907	-0.896	-0.907	-0.667	-0.847	-0.975	-0.673	-0.957	-0.948	-0.948	-0.956	-0.960	-0.924	-1.007	-1.009	-1.002	-0.971	-0.999	-0.998	-0.968	-0.985	-0.976	-0.984	-0.992	-0.982	-0.981	-0.979	-0.980	-0.974	-0.980	-1.004	-0.974	-0.975	-1.005	-0.940	-0.629	-0.996	-0.996	-0.982	-0.984	-0.985	-1.008	-0.990	-1.008	-0.990	-0.998	-0.962	-1.003	-0.997	-0.997	-0.960	-0.997	-1.000	-0.960	-0.996	-0.958	-0.956	-1.007	-0.914	-0.968	-1.004	-0.501	-1.011	-0.986	
