## Summary of overall evidence for association with region:
## log10(BF for region) = -0.303498
## p-value for region = NA

## BFs for choosing among multi-SNP models:
## log10(average 1-SNP BF) = -0.252698
## log10(average 2-SNP BF) = -0.42738

## Example posterior probabilities for multi-SNP models, based on default prior: [p(l) propto 0.5^l for l=1,2,...,L]
## posterior probability of 1-SNP = 0.749391
## posterior probability of 2-SNP = 0.250609

## log10(BF) for single SNP and pair of SNPs:
rs10264916     -0.580	-0.908	-0.721	-0.608	-0.632	-0.781	-0.852	-0.847	-0.844	-0.850	-0.887	-0.830	-0.889	-0.782	-0.865	-0.467	-0.877	-0.866	-0.871	-0.843	-0.850	-0.818	-0.853	-0.874	-0.871	-0.848	-0.836	-0.876	-0.859	-0.856	-0.866	-0.876	-1.031	-0.715	-0.726	-0.767	-0.940	-0.940	-0.947	-0.940	-0.946	-0.944	-0.916	-0.979	-0.945	-0.918	-0.961	-0.962	-0.962	-0.943	-0.905	-0.955	-0.909	-0.948	-0.943	-0.944	-0.944	-0.944	-0.952	-0.945	-0.945	-0.946	-0.943	-0.944	-0.944	-0.954	-0.922	-0.930	-0.926	-0.913	-0.820	-0.865	-0.863	-0.863	-0.757	-0.879	-0.877	-0.783	-0.754	-0.879	-0.879	-0.756	-0.775	-0.776	-0.793	-0.779	-0.868	-0.764	-0.850	-0.854	-0.740	-0.731	-0.859	-0.731	-0.856	-0.840	-0.824	-0.833	-0.776	-0.843	-0.828	-0.901	-0.909	-0.899	-0.677	+0.203	-0.615	-0.143	-0.803	-0.673	-0.657	-0.782	-0.643	+0.149	-0.770	+0.171	+0.048	-0.801	-0.083	
rs60814640     -0.908	-0.644	-0.900	-0.836	-0.844	-0.932	-0.876	-0.869	-0.865	-0.901	-0.926	-0.872	-0.932	-0.959	-0.919	-0.609	-0.926	-0.915	-0.920	-0.891	-0.898	-0.865	-0.901	-0.932	-0.920	-0.896	-0.884	-0.925	-0.908	-0.904	-0.915	-0.925	-1.087	-0.789	-0.812	-0.848	-1.003	-1.003	-1.009	-1.004	-1.007	-1.005	-0.975	-1.041	-1.008	-0.976	-1.022	-1.023	-1.023	-1.002	-0.962	-1.015	-0.967	-1.009	-1.004	-1.004	-1.004	-1.004	-1.014	-1.006	-1.006	-1.007	-1.004	-1.004	-1.005	-1.016	-0.982	-0.991	-0.990	-0.977	-0.872	-0.920	-0.917	-0.917	-0.817	-0.935	-0.932	-0.843	-0.814	-0.934	-0.934	-0.816	-0.835	-0.836	-0.842	-0.839	-0.922	-0.824	-0.904	-0.908	-0.801	-0.792	-0.914	-0.792	-0.911	-0.894	-0.880	-0.889	-0.826	-0.898	-0.883	-0.962	-0.968	-0.961	-0.729	+0.165	-0.679	-0.180	-0.859	-0.719	-0.704	-0.837	-0.689	+0.110	-0.824	+0.130	+0.006	-0.856	-0.119	
rs17164683     -0.721	-0.900	-0.575	-0.661	-0.675	-0.781	-0.848	-0.842	-0.840	-0.845	-0.882	-0.826	-0.885	-0.776	-0.860	-0.458	-0.871	-0.860	-0.866	-0.837	-0.845	-0.812	-0.848	-0.869	-0.866	-0.843	-0.830	-0.870	-0.854	-0.850	-0.861	-0.870	-1.026	-0.709	-0.720	-0.760	-0.935	-0.935	-0.942	-0.936	-0.941	-0.939	-0.911	-0.975	-0.940	-0.913	-0.957	-0.957	-0.958	-0.938	-0.900	-0.950	-0.905	-0.944	-0.939	-0.939	-0.939	-0.939	-0.947	-0.940	-0.940	-0.941	-0.938	-0.939	-0.939	-0.950	-0.917	-0.925	-0.921	-0.908	-0.816	-0.861	-0.859	-0.859	-0.752	-0.875	-0.873	-0.778	-0.749	-0.874	-0.874	-0.752	-0.770	-0.772	-0.789	-0.774	-0.863	-0.759	-0.846	-0.849	-0.736	-0.727	-0.855	-0.726	-0.852	-0.836	-0.820	-0.829	-0.772	-0.838	-0.823	-0.896	-0.904	-0.894	-0.673	+0.206	-0.610	-0.141	-0.799	-0.669	-0.654	-0.778	-0.640	+0.152	-0.766	+0.174	+0.051	-0.797	-0.080	
rs73232029     -0.608	-0.836	-0.661	-0.536	-0.666	-0.701	-0.815	-0.809	-0.807	-0.808	-0.846	-0.796	-0.848	-0.673	-0.826	-0.387	-0.831	-0.820	-0.825	-0.797	-0.804	-0.771	-0.807	-0.830	-0.825	-0.802	-0.789	-0.830	-0.813	-0.810	-0.821	-0.830	-0.989	-0.661	-0.672	-0.715	-0.897	-0.897	-0.905	-0.898	-0.905	-0.903	-0.875	-0.937	-0.903	-0.878	-0.920	-0.921	-0.921	-0.902	-0.865	-0.914	-0.870	-0.907	-0.902	-0.902	-0.902	-0.902	-0.910	-0.903	-0.904	-0.905	-0.902	-0.902	-0.902	-0.913	-0.880	-0.888	-0.884	-0.870	-0.783	-0.827	-0.825	-0.825	-0.716	-0.840	-0.838	-0.742	-0.713	-0.840	-0.840	-0.716	-0.734	-0.736	-0.757	-0.738	-0.829	-0.724	-0.812	-0.815	-0.700	-0.691	-0.821	-0.691	-0.818	-0.802	-0.786	-0.795	-0.740	-0.804	-0.790	-0.859	-0.868	-0.857	-0.640	+0.230	-0.571	-0.117	-0.764	-0.640	-0.625	-0.744	-0.611	+0.176	-0.732	+0.200	+0.078	-0.763	-0.053	
rs7804293      -0.632	-0.844	-0.675	-0.666	-0.540	-0.711	-0.818	-0.813	-0.811	-0.812	-0.850	-0.800	-0.852	-0.684	-0.830	-0.394	-0.835	-0.824	-0.830	-0.801	-0.809	-0.775	-0.812	-0.834	-0.830	-0.807	-0.794	-0.834	-0.818	-0.814	-0.826	-0.834	-0.993	-0.666	-0.678	-0.720	-0.902	-0.902	-0.910	-0.902	-0.909	-0.907	-0.879	-0.942	-0.907	-0.882	-0.924	-0.925	-0.925	-0.906	-0.869	-0.918	-0.874	-0.911	-0.906	-0.906	-0.906	-0.906	-0.914	-0.908	-0.908	-0.909	-0.906	-0.906	-0.907	-0.917	-0.884	-0.892	-0.888	-0.875	-0.787	-0.831	-0.829	-0.829	-0.720	-0.844	-0.842	-0.747	-0.717	-0.844	-0.844	-0.720	-0.739	-0.740	-0.761	-0.743	-0.833	-0.728	-0.816	-0.819	-0.704	-0.695	-0.824	-0.695	-0.822	-0.806	-0.790	-0.799	-0.744	-0.808	-0.793	-0.864	-0.872	-0.861	-0.644	+0.227	-0.575	-0.120	-0.768	-0.643	-0.628	-0.748	-0.615	+0.173	-0.736	+0.197	+0.074	-0.767	-0.056	
rs7804722      -0.781	-0.932	-0.781	-0.701	-0.711	-0.587	-0.858	-0.853	-0.850	-0.856	-0.893	-0.834	-0.896	-0.818	-0.871	-0.481	-0.885	-0.874	-0.879	-0.852	-0.859	-0.827	-0.862	-0.882	-0.879	-0.857	-0.845	-0.883	-0.868	-0.865	-0.874	-0.883	-1.039	-0.725	-0.737	-0.777	-0.947	-0.947	-0.954	-0.947	-0.953	-0.951	-0.922	-0.986	-0.952	-0.924	-0.968	-0.969	-0.969	-0.949	-0.911	-0.961	-0.915	-0.955	-0.950	-0.950	-0.950	-0.950	-0.959	-0.951	-0.952	-0.953	-0.950	-0.950	-0.950	-0.961	-0.928	-0.937	-0.933	-0.921	-0.826	-0.871	-0.869	-0.869	-0.763	-0.885	-0.883	-0.790	-0.760	-0.885	-0.885	-0.763	-0.782	-0.783	-0.799	-0.786	-0.874	-0.771	-0.856	-0.860	-0.747	-0.738	-0.865	-0.738	-0.863	-0.846	-0.831	-0.840	-0.781	-0.849	-0.834	-0.908	-0.916	-0.906	-0.683	+0.197	-0.622	-0.149	-0.810	-0.678	-0.663	-0.789	-0.649	+0.142	-0.776	+0.164	+0.040	-0.808	-0.088	
rs2301556      -0.852	-0.876	-0.848	-0.815	-0.818	-0.858	-0.404	-0.520	-0.518	-0.572	-0.464	-0.638	-0.435	-0.865	-0.693	-0.406	-0.725	-0.718	-0.721	-0.703	-0.708	-0.682	-0.710	-0.720	-0.722	-0.707	-0.697	-0.724	-0.714	-0.712	-0.710	-0.724	-0.871	-0.597	-0.599	-0.634	-0.778	-0.778	-0.786	-0.778	-0.785	-0.783	-0.756	-0.819	-0.783	-0.757	-0.801	-0.802	-0.802	-0.782	-0.742	-0.794	-0.747	-0.788	-0.783	-0.783	-0.783	-0.783	-0.791	-0.784	-0.784	-0.785	-0.782	-0.783	-0.783	-0.793	-0.761	-0.769	-0.762	-0.749	-0.644	-0.692	-0.690	-0.690	-0.580	-0.709	-0.706	-0.608	-0.577	-0.708	-0.707	-0.579	-0.599	-0.601	-0.613	-0.603	-0.695	-0.588	-0.677	-0.681	-0.565	-0.555	-0.687	-0.555	-0.684	-0.666	-0.651	-0.660	-0.596	-0.670	-0.653	-0.733	-0.744	-0.739	-0.499	+0.376	-0.444	+0.029	-0.631	-0.503	-0.487	-0.608	-0.473	+0.322	-0.596	+0.342	+0.217	-0.628	+0.124	
rs10249013     -0.847	-0.869	-0.842	-0.809	-0.813	-0.853	-0.520	-0.397	-0.506	-0.560	-0.449	-0.630	-0.350	-0.860	-0.686	-0.399	-0.719	-0.713	-0.716	-0.698	-0.703	-0.677	-0.705	-0.714	-0.716	-0.702	-0.693	-0.719	-0.709	-0.707	-0.705	-0.719	-0.866	-0.592	-0.593	-0.628	-0.772	-0.772	-0.780	-0.772	-0.779	-0.777	-0.750	-0.813	-0.777	-0.752	-0.795	-0.796	-0.796	-0.777	-0.737	-0.788	-0.742	-0.782	-0.777	-0.777	-0.777	-0.777	-0.785	-0.778	-0.778	-0.779	-0.776	-0.777	-0.777	-0.787	-0.755	-0.763	-0.756	-0.742	-0.637	-0.686	-0.683	-0.683	-0.573	-0.702	-0.699	-0.600	-0.570	-0.701	-0.701	-0.572	-0.592	-0.594	-0.606	-0.596	-0.689	-0.581	-0.671	-0.675	-0.557	-0.548	-0.681	-0.548	-0.678	-0.660	-0.644	-0.653	-0.589	-0.663	-0.647	-0.726	-0.738	-0.733	-0.492	+0.382	-0.437	+0.034	-0.624	-0.498	-0.482	-0.602	-0.468	+0.328	-0.589	+0.348	+0.223	-0.622	+0.132	
rs10278890     -0.844	-0.865	-0.840	-0.807	-0.811	-0.850	-0.518	-0.506	-0.394	-0.555	-0.438	-0.627	-0.333	-0.857	-0.683	-0.395	-0.717	-0.710	-0.714	-0.696	-0.701	-0.675	-0.703	-0.711	-0.714	-0.699	-0.690	-0.716	-0.707	-0.704	-0.702	-0.716	-0.863	-0.589	-0.590	-0.625	-0.769	-0.769	-0.777	-0.769	-0.776	-0.774	-0.748	-0.810	-0.774	-0.749	-0.792	-0.793	-0.793	-0.774	-0.734	-0.786	-0.739	-0.779	-0.774	-0.774	-0.774	-0.774	-0.782	-0.775	-0.775	-0.776	-0.773	-0.774	-0.774	-0.785	-0.753	-0.760	-0.753	-0.739	-0.634	-0.683	-0.680	-0.680	-0.570	-0.699	-0.696	-0.597	-0.567	-0.698	-0.698	-0.569	-0.589	-0.590	-0.603	-0.593	-0.686	-0.578	-0.668	-0.672	-0.554	-0.545	-0.678	-0.545	-0.675	-0.657	-0.641	-0.650	-0.586	-0.660	-0.644	-0.723	-0.735	-0.730	-0.489	+0.384	-0.434	+0.036	-0.621	-0.495	-0.479	-0.599	-0.465	+0.330	-0.586	+0.350	+0.225	-0.619	+0.135	
rs113793043    -0.850	-0.901	-0.845	-0.808	-0.812	-0.856	-0.572	-0.560	-0.555	-0.410	-0.638	-0.657	-0.643	-0.867	-0.704	-0.426	-0.726	-0.717	-0.721	-0.696	-0.703	-0.674	-0.705	-0.721	-0.721	-0.701	-0.690	-0.725	-0.711	-0.708	-0.712	-0.725	-0.879	-0.591	-0.606	-0.641	-0.786	-0.786	-0.792	-0.786	-0.790	-0.788	-0.758	-0.824	-0.791	-0.758	-0.805	-0.806	-0.806	-0.785	-0.744	-0.798	-0.749	-0.792	-0.787	-0.787	-0.787	-0.787	-0.797	-0.788	-0.789	-0.790	-0.787	-0.787	-0.787	-0.799	-0.766	-0.774	-0.771	-0.758	-0.653	-0.702	-0.699	-0.699	-0.594	-0.717	-0.714	-0.621	-0.591	-0.716	-0.716	-0.594	-0.613	-0.614	-0.623	-0.617	-0.704	-0.601	-0.686	-0.690	-0.578	-0.569	-0.696	-0.568	-0.693	-0.675	-0.660	-0.669	-0.606	-0.679	-0.663	-0.743	-0.752	-0.746	-0.507	+0.394	-0.454	+0.045	-0.639	-0.496	-0.479	-0.617	-0.465	+0.338	-0.604	+0.358	+0.233	-0.637	+0.110	
rs112248192    -0.887	-0.926	-0.882	-0.846	-0.850	-0.893	-0.464	-0.449	-0.438	-0.638	-0.450	-0.688	-0.578	-0.903	-0.738	-0.458	-0.757	-0.748	-0.753	-0.729	-0.736	-0.707	-0.738	-0.760	-0.753	-0.734	-0.723	-0.756	-0.744	-0.740	-0.742	-0.756	-0.911	-0.632	-0.643	-0.677	-0.820	-0.820	-0.827	-0.821	-0.826	-0.824	-0.795	-0.860	-0.825	-0.795	-0.841	-0.842	-0.842	-0.822	-0.781	-0.834	-0.786	-0.828	-0.823	-0.823	-0.823	-0.823	-0.832	-0.824	-0.825	-0.826	-0.823	-0.823	-0.823	-0.835	-0.801	-0.810	-0.806	-0.793	-0.688	-0.736	-0.734	-0.734	-0.628	-0.752	-0.749	-0.654	-0.624	-0.751	-0.751	-0.627	-0.646	-0.647	-0.658	-0.650	-0.739	-0.635	-0.721	-0.725	-0.611	-0.602	-0.731	-0.602	-0.728	-0.710	-0.695	-0.704	-0.641	-0.714	-0.697	-0.777	-0.787	-0.781	-0.543	+0.348	-0.490	+0.000	-0.674	-0.537	-0.521	-0.652	-0.507	+0.293	-0.639	+0.313	+0.188	-0.671	+0.074	
rs1972508      -0.830	-0.872	-0.826	-0.796	-0.800	-0.834	-0.638	-0.630	-0.627	-0.657	-0.688	-0.374	-0.694	-0.840	-0.609	-0.363	-0.684	-0.673	-0.678	-0.651	-0.658	-0.631	-0.661	-0.688	-0.679	-0.656	-0.643	-0.683	-0.667	-0.664	-0.670	-0.683	-0.818	-0.536	-0.559	-0.596	-0.746	-0.746	-0.757	-0.747	-0.757	-0.756	-0.735	-0.791	-0.752	-0.734	-0.774	-0.774	-0.775	-0.759	-0.723	-0.769	-0.727	-0.760	-0.756	-0.756	-0.756	-0.756	-0.761	-0.757	-0.757	-0.758	-0.756	-0.756	-0.756	-0.765	-0.734	-0.741	-0.730	-0.716	-0.646	-0.685	-0.684	-0.684	-0.610	-0.693	-0.693	-0.632	-0.607	-0.694	-0.694	-0.609	-0.625	-0.626	-0.625	-0.629	-0.687	-0.616	-0.669	-0.672	-0.595	-0.587	-0.675	-0.587	-0.673	-0.662	-0.653	-0.659	-0.607	-0.665	-0.655	-0.724	-0.705	-0.680	-0.471	+0.470	-0.432	+0.109	-0.603	-0.434	-0.417	-0.581	-0.402	+0.414	-0.569	+0.425	+0.299	-0.601	+0.160	
rs2282990      -0.889	-0.932	-0.885	-0.848	-0.852	-0.896	-0.435	-0.350	-0.333	-0.643	-0.578	-0.694	-0.455	-0.906	-0.743	-0.465	-0.758	-0.749	-0.754	-0.729	-0.736	-0.706	-0.738	-0.764	-0.754	-0.734	-0.723	-0.757	-0.744	-0.741	-0.743	-0.757	-0.915	-0.634	-0.648	-0.682	-0.825	-0.825	-0.831	-0.825	-0.830	-0.828	-0.798	-0.864	-0.830	-0.798	-0.845	-0.846	-0.846	-0.826	-0.785	-0.838	-0.790	-0.832	-0.827	-0.827	-0.827	-0.827	-0.836	-0.828	-0.829	-0.830	-0.827	-0.827	-0.827	-0.839	-0.805	-0.814	-0.811	-0.798	-0.693	-0.741	-0.739	-0.739	-0.633	-0.757	-0.754	-0.660	-0.630	-0.756	-0.756	-0.632	-0.652	-0.653	-0.663	-0.656	-0.744	-0.640	-0.726	-0.730	-0.617	-0.608	-0.736	-0.608	-0.733	-0.715	-0.700	-0.709	-0.646	-0.719	-0.702	-0.782	-0.791	-0.785	-0.547	+0.347	-0.495	-0.000	-0.678	-0.540	-0.523	-0.656	-0.509	+0.292	-0.644	+0.312	+0.187	-0.676	+0.068	
rs3731326      -0.782	-0.959	-0.776	-0.673	-0.684	-0.818	-0.865	-0.860	-0.857	-0.867	-0.903	-0.840	-0.906	-0.598	-0.880	-0.502	-0.896	-0.886	-0.891	-0.865	-0.872	-0.840	-0.874	-0.893	-0.891	-0.870	-0.858	-0.895	-0.880	-0.877	-0.885	-0.895	-1.050	-0.740	-0.753	-0.791	-0.958	-0.958	-0.964	-0.958	-0.963	-0.961	-0.933	-0.997	-0.963	-0.933	-0.978	-0.979	-0.980	-0.960	-0.920	-0.972	-0.925	-0.966	-0.961	-0.961	-0.961	-0.961	-0.969	-0.962	-0.962	-0.963	-0.960	-0.961	-0.961	-0.972	-0.939	-0.948	-0.944	-0.931	-0.833	-0.879	-0.877	-0.877	-0.774	-0.894	-0.891	-0.800	-0.770	-0.893	-0.893	-0.773	-0.792	-0.793	-0.805	-0.796	-0.882	-0.781	-0.864	-0.868	-0.757	-0.748	-0.874	-0.748	-0.871	-0.854	-0.839	-0.848	-0.788	-0.857	-0.842	-0.918	-0.926	-0.917	-0.690	+0.199	-0.633	-0.147	-0.817	-0.682	-0.666	-0.796	-0.652	+0.144	-0.784	+0.165	+0.041	-0.815	-0.088	
rs2282991      -0.865	-0.919	-0.860	-0.826	-0.830	-0.871	-0.693	-0.686	-0.683	-0.704	-0.738	-0.609	-0.743	-0.880	-0.421	-0.428	-0.737	-0.727	-0.731	-0.705	-0.712	-0.684	-0.715	-0.736	-0.732	-0.710	-0.698	-0.736	-0.721	-0.717	-0.723	-0.735	-0.869	-0.594	-0.612	-0.647	-0.794	-0.794	-0.801	-0.794	-0.800	-0.798	-0.772	-0.833	-0.799	-0.771	-0.816	-0.817	-0.817	-0.798	-0.758	-0.810	-0.763	-0.803	-0.798	-0.798	-0.798	-0.798	-0.806	-0.799	-0.799	-0.800	-0.797	-0.798	-0.798	-0.809	-0.776	-0.785	-0.777	-0.764	-0.656	-0.703	-0.701	-0.701	-0.610	-0.717	-0.714	-0.636	-0.607	-0.716	-0.715	-0.609	-0.628	-0.629	-0.627	-0.632	-0.706	-0.617	-0.685	-0.689	-0.591	-0.582	-0.694	-0.582	-0.691	-0.675	-0.664	-0.672	-0.608	-0.681	-0.666	-0.750	-0.742	-0.728	-0.507	+0.437	-0.462	+0.081	-0.641	-0.493	-0.476	-0.619	-0.461	+0.381	-0.606	+0.396	+0.268	-0.639	+0.123	
rs117892745    -0.467	-0.609	-0.458	-0.387	-0.394	-0.481	-0.406	-0.399	-0.395	-0.426	-0.458	-0.363	-0.465	-0.502	-0.428	-0.106	-0.445	-0.448	-0.447	-0.452	-0.452	-0.432	-0.452	-0.355	-0.447	-0.452	-0.450	-0.445	-0.452	-0.452	-0.446	-0.446	-0.612	-0.376	-0.357	-0.355	-0.460	-0.460	-0.431	-0.459	-0.426	-0.416	-0.329	-0.507	-0.468	-0.332	-0.451	-0.454	-0.455	-0.396	-0.302	-0.425	-0.313	-0.430	-0.412	-0.413	-0.413	-0.413	-0.451	-0.417	-0.419	-0.422	-0.411	-0.413	-0.415	-0.457	-0.435	-0.461	-0.508	-0.504	-0.374	-0.425	-0.423	-0.423	-0.301	-0.444	-0.440	-0.331	-0.298	-0.442	-0.442	-0.300	-0.322	-0.323	-0.340	-0.326	-0.429	-0.310	-0.410	-0.414	-0.284	-0.275	-0.421	-0.275	-0.418	-0.398	-0.386	-0.391	-0.323	-0.402	-0.383	-0.466	-0.483	-0.481	-0.247	+0.677	-0.201	+0.314	-0.379	-0.196	-0.179	-0.358	-0.163	+0.620	-0.345	+0.633	+0.506	-0.377	+0.394	
rs6952653      -0.877	-0.926	-0.871	-0.831	-0.835	-0.885	-0.725	-0.719	-0.717	-0.726	-0.757	-0.684	-0.758	-0.896	-0.737	-0.445	-0.451	-0.560	-0.565	-0.535	-0.552	-0.572	-0.558	-0.637	-0.574	-0.553	-0.525	-0.576	-0.572	-0.566	-0.604	-0.578	-0.884	-0.535	-0.601	-0.636	-0.799	-0.799	-0.790	-0.799	-0.788	-0.783	-0.735	-0.839	-0.805	-0.745	-0.811	-0.812	-0.813	-0.773	-0.716	-0.792	-0.724	-0.790	-0.781	-0.781	-0.781	-0.781	-0.800	-0.784	-0.784	-0.786	-0.780	-0.781	-0.782	-0.804	-0.779	-0.792	-0.799	-0.788	-0.685	-0.734	-0.731	-0.731	-0.621	-0.750	-0.747	-0.649	-0.618	-0.749	-0.749	-0.621	-0.640	-0.642	-0.655	-0.645	-0.737	-0.629	-0.719	-0.723	-0.605	-0.596	-0.729	-0.596	-0.726	-0.708	-0.693	-0.701	-0.638	-0.711	-0.694	-0.774	-0.786	-0.781	-0.550	+0.333	-0.498	-0.014	-0.679	-0.539	-0.523	-0.657	-0.509	+0.278	-0.645	+0.297	+0.173	-0.677	+0.070	
rs4729049      -0.866	-0.915	-0.860	-0.820	-0.824	-0.874	-0.718	-0.713	-0.710	-0.717	-0.748	-0.673	-0.749	-0.886	-0.727	-0.448	-0.560	-0.440	-0.561	-0.551	-0.563	-0.580	-0.566	-0.620	-0.569	-0.562	-0.544	-0.566	-0.576	-0.572	-0.597	-0.568	-0.874	-0.543	-0.600	-0.632	-0.789	-0.789	-0.778	-0.789	-0.775	-0.770	-0.719	-0.828	-0.795	-0.730	-0.799	-0.800	-0.801	-0.759	-0.700	-0.778	-0.707	-0.778	-0.768	-0.768	-0.768	-0.768	-0.788	-0.770	-0.771	-0.773	-0.767	-0.768	-0.769	-0.792	-0.767	-0.781	-0.791	-0.781	-0.675	-0.724	-0.721	-0.721	-0.610	-0.740	-0.737	-0.638	-0.607	-0.739	-0.739	-0.609	-0.629	-0.631	-0.644	-0.634	-0.727	-0.618	-0.709	-0.713	-0.594	-0.585	-0.719	-0.585	-0.716	-0.697	-0.683	-0.691	-0.628	-0.701	-0.684	-0.763	-0.776	-0.772	-0.541	+0.337	-0.489	-0.009	-0.670	-0.530	-0.515	-0.649	-0.500	+0.283	-0.636	+0.301	+0.177	-0.668	+0.080	
rs17164770     -0.871	-0.920	-0.866	-0.825	-0.830	-0.879	-0.721	-0.716	-0.714	-0.721	-0.753	-0.678	-0.754	-0.891	-0.731	-0.447	-0.565	-0.561	-0.445	-0.543	-0.557	-0.577	-0.562	-0.627	-0.570	-0.557	-0.534	-0.569	-0.573	-0.568	-0.599	-0.571	-0.878	-0.539	-0.601	-0.634	-0.794	-0.794	-0.783	-0.794	-0.781	-0.776	-0.726	-0.833	-0.800	-0.737	-0.804	-0.806	-0.806	-0.765	-0.707	-0.784	-0.715	-0.783	-0.774	-0.774	-0.774	-0.774	-0.793	-0.776	-0.777	-0.779	-0.773	-0.774	-0.775	-0.797	-0.773	-0.786	-0.795	-0.785	-0.680	-0.729	-0.726	-0.726	-0.616	-0.745	-0.742	-0.643	-0.612	-0.744	-0.744	-0.615	-0.635	-0.636	-0.649	-0.639	-0.732	-0.623	-0.713	-0.717	-0.600	-0.590	-0.724	-0.590	-0.721	-0.702	-0.688	-0.696	-0.633	-0.706	-0.689	-0.768	-0.781	-0.776	-0.545	+0.335	-0.493	-0.012	-0.675	-0.535	-0.519	-0.653	-0.504	+0.280	-0.641	+0.299	+0.175	-0.673	+0.075	
rs17164772     -0.843	-0.891	-0.837	-0.797	-0.801	-0.852	-0.703	-0.698	-0.696	-0.696	-0.729	-0.651	-0.729	-0.865	-0.705	-0.452	-0.535	-0.551	-0.543	-0.419	-0.535	-0.570	-0.536	-0.586	-0.549	-0.540	-0.534	-0.539	-0.538	-0.538	-0.575	-0.542	-0.851	-0.550	-0.591	-0.619	-0.768	-0.768	-0.750	-0.768	-0.747	-0.741	-0.685	-0.804	-0.774	-0.702	-0.774	-0.776	-0.777	-0.730	-0.666	-0.749	-0.673	-0.752	-0.741	-0.741	-0.741	-0.741	-0.763	-0.744	-0.745	-0.747	-0.740	-0.741	-0.742	-0.768	-0.744	-0.759	-0.774	-0.764	-0.653	-0.702	-0.700	-0.700	-0.587	-0.719	-0.716	-0.615	-0.584	-0.718	-0.718	-0.586	-0.606	-0.608	-0.622	-0.611	-0.705	-0.595	-0.687	-0.691	-0.571	-0.562	-0.698	-0.562	-0.694	-0.676	-0.662	-0.669	-0.606	-0.680	-0.662	-0.742	-0.756	-0.752	-0.523	+0.348	-0.470	+0.002	-0.652	-0.512	-0.496	-0.630	-0.481	+0.294	-0.618	+0.311	+0.187	-0.649	+0.103	
rs2374593      -0.850	-0.898	-0.845	-0.804	-0.809	-0.859	-0.708	-0.703	-0.701	-0.703	-0.736	-0.658	-0.736	-0.872	-0.712	-0.452	-0.552	-0.563	-0.557	-0.535	-0.426	-0.571	-0.542	-0.598	-0.561	-0.543	-0.533	-0.553	-0.546	-0.545	-0.584	-0.555	-0.858	-0.550	-0.594	-0.623	-0.775	-0.775	-0.758	-0.775	-0.755	-0.750	-0.695	-0.811	-0.781	-0.711	-0.782	-0.784	-0.784	-0.739	-0.676	-0.758	-0.683	-0.760	-0.749	-0.750	-0.750	-0.750	-0.770	-0.752	-0.753	-0.755	-0.748	-0.750	-0.750	-0.776	-0.751	-0.766	-0.779	-0.770	-0.660	-0.709	-0.707	-0.707	-0.594	-0.726	-0.723	-0.622	-0.592	-0.725	-0.725	-0.594	-0.614	-0.615	-0.629	-0.618	-0.712	-0.602	-0.694	-0.698	-0.579	-0.570	-0.704	-0.569	-0.701	-0.683	-0.669	-0.676	-0.613	-0.686	-0.669	-0.749	-0.762	-0.758	-0.529	+0.344	-0.476	-0.002	-0.658	-0.518	-0.502	-0.636	-0.487	+0.290	-0.624	+0.307	+0.183	-0.656	+0.096	
rs1541380      -0.818	-0.865	-0.812	-0.771	-0.775	-0.827	-0.682	-0.677	-0.675	-0.674	-0.707	-0.631	-0.706	-0.840	-0.684	-0.432	-0.572	-0.580	-0.577	-0.570	-0.571	-0.393	-0.572	-0.595	-0.578	-0.571	-0.567	-0.573	-0.572	-0.573	-0.589	-0.574	-0.831	-0.551	-0.585	-0.610	-0.751	-0.751	-0.734	-0.751	-0.731	-0.726	-0.671	-0.786	-0.757	-0.688	-0.757	-0.759	-0.760	-0.715	-0.653	-0.733	-0.659	-0.736	-0.726	-0.726	-0.726	-0.726	-0.746	-0.728	-0.729	-0.731	-0.725	-0.726	-0.726	-0.751	-0.728	-0.742	-0.755	-0.746	-0.631	-0.680	-0.677	-0.677	-0.564	-0.696	-0.693	-0.592	-0.561	-0.695	-0.695	-0.563	-0.583	-0.585	-0.599	-0.588	-0.683	-0.572	-0.664	-0.668	-0.548	-0.539	-0.675	-0.539	-0.672	-0.653	-0.639	-0.646	-0.583	-0.657	-0.639	-0.719	-0.733	-0.729	-0.494	+0.375	-0.449	+0.027	-0.625	-0.489	-0.473	-0.603	-0.458	+0.320	-0.590	+0.337	+0.213	-0.623	+0.125	
rs1076218      -0.853	-0.901	-0.848	-0.807	-0.812	-0.862	-0.710	-0.705	-0.703	-0.705	-0.738	-0.661	-0.738	-0.874	-0.715	-0.452	-0.558	-0.566	-0.562	-0.536	-0.542	-0.572	-0.428	-0.603	-0.565	-0.543	-0.530	-0.557	-0.548	-0.547	-0.587	-0.559	-0.861	-0.549	-0.595	-0.624	-0.778	-0.778	-0.761	-0.778	-0.758	-0.753	-0.699	-0.814	-0.783	-0.714	-0.785	-0.787	-0.788	-0.743	-0.680	-0.761	-0.687	-0.763	-0.753	-0.753	-0.753	-0.753	-0.774	-0.756	-0.756	-0.758	-0.752	-0.753	-0.753	-0.779	-0.754	-0.769	-0.782	-0.772	-0.663	-0.712	-0.709	-0.709	-0.597	-0.729	-0.725	-0.625	-0.595	-0.727	-0.727	-0.597	-0.617	-0.618	-0.632	-0.621	-0.715	-0.605	-0.697	-0.701	-0.582	-0.573	-0.707	-0.572	-0.704	-0.686	-0.671	-0.679	-0.615	-0.689	-0.672	-0.751	-0.765	-0.761	-0.531	+0.342	-0.479	-0.004	-0.660	-0.520	-0.504	-0.639	-0.490	+0.288	-0.626	+0.306	+0.182	-0.658	+0.093	
rs2374594      -0.874	-0.932	-0.869	-0.830	-0.834	-0.882	-0.720	-0.714	-0.711	-0.721	-0.760	-0.688	-0.764	-0.893	-0.736	-0.355	-0.637	-0.620	-0.627	-0.586	-0.598	-0.595	-0.603	-0.446	-0.628	-0.594	-0.574	-0.633	-0.612	-0.607	-0.644	-0.634	-0.887	-0.541	-0.551	-0.599	-0.790	-0.790	-0.792	-0.790	-0.791	-0.787	-0.748	-0.837	-0.797	-0.748	-0.811	-0.812	-0.812	-0.785	-0.732	-0.801	-0.738	-0.794	-0.787	-0.787	-0.787	-0.787	-0.801	-0.789	-0.789	-0.790	-0.786	-0.787	-0.787	-0.804	-0.777	-0.788	-0.787	-0.774	-0.685	-0.733	-0.731	-0.731	-0.625	-0.749	-0.746	-0.651	-0.621	-0.748	-0.748	-0.624	-0.643	-0.645	-0.655	-0.647	-0.736	-0.632	-0.718	-0.722	-0.608	-0.599	-0.728	-0.599	-0.725	-0.707	-0.692	-0.701	-0.638	-0.711	-0.694	-0.774	-0.784	-0.778	-0.543	+0.357	-0.490	+0.009	-0.673	-0.532	-0.516	-0.651	-0.502	+0.302	-0.639	+0.323	+0.197	-0.671	+0.074	
rs2237575      -0.871	-0.920	-0.866	-0.825	-0.830	-0.879	-0.722	-0.716	-0.714	-0.721	-0.753	-0.679	-0.754	-0.891	-0.732	-0.447	-0.574	-0.569	-0.570	-0.549	-0.561	-0.578	-0.565	-0.628	-0.446	-0.558	-0.534	-0.569	-0.573	-0.569	-0.600	-0.571	-0.878	-0.539	-0.601	-0.634	-0.794	-0.794	-0.783	-0.794	-0.781	-0.776	-0.727	-0.833	-0.800	-0.737	-0.805	-0.806	-0.807	-0.766	-0.708	-0.784	-0.715	-0.784	-0.774	-0.774	-0.774	-0.774	-0.794	-0.777	-0.777	-0.779	-0.773	-0.774	-0.775	-0.798	-0.773	-0.787	-0.795	-0.785	-0.680	-0.729	-0.727	-0.727	-0.617	-0.746	-0.743	-0.644	-0.614	-0.744	-0.744	-0.616	-0.636	-0.637	-0.650	-0.640	-0.732	-0.624	-0.714	-0.718	-0.601	-0.591	-0.724	-0.591	-0.721	-0.703	-0.689	-0.697	-0.633	-0.707	-0.690	-0.769	-0.781	-0.777	-0.546	+0.335	-0.494	-0.012	-0.675	-0.535	-0.519	-0.653	-0.504	+0.280	-0.641	+0.299	+0.175	-0.673	+0.075	
rs3802073      -0.848	-0.896	-0.843	-0.802	-0.807	-0.857	-0.707	-0.702	-0.699	-0.701	-0.734	-0.656	-0.734	-0.870	-0.710	-0.452	-0.553	-0.562	-0.557	-0.540	-0.543	-0.571	-0.543	-0.594	-0.558	-0.424	-0.531	-0.547	-0.541	-0.543	-0.581	-0.549	-0.856	-0.550	-0.593	-0.622	-0.773	-0.773	-0.756	-0.773	-0.753	-0.747	-0.692	-0.809	-0.779	-0.708	-0.780	-0.781	-0.782	-0.737	-0.673	-0.755	-0.680	-0.758	-0.747	-0.747	-0.747	-0.747	-0.768	-0.750	-0.751	-0.752	-0.746	-0.747	-0.748	-0.773	-0.749	-0.764	-0.778	-0.768	-0.658	-0.707	-0.705	-0.705	-0.592	-0.724	-0.721	-0.620	-0.590	-0.723	-0.723	-0.592	-0.611	-0.613	-0.627	-0.616	-0.710	-0.600	-0.692	-0.696	-0.576	-0.567	-0.702	-0.567	-0.699	-0.681	-0.667	-0.674	-0.611	-0.684	-0.667	-0.747	-0.760	-0.756	-0.527	+0.345	-0.474	-0.001	-0.656	-0.516	-0.500	-0.634	-0.486	+0.291	-0.622	+0.308	+0.185	-0.654	+0.098	
rs3802072      -0.836	-0.884	-0.830	-0.789	-0.794	-0.845	-0.697	-0.693	-0.690	-0.690	-0.723	-0.643	-0.723	-0.858	-0.698	-0.450	-0.525	-0.544	-0.534	-0.534	-0.533	-0.567	-0.530	-0.574	-0.534	-0.531	-0.411	-0.517	-0.522	-0.528	-0.564	-0.520	-0.844	-0.548	-0.588	-0.614	-0.761	-0.761	-0.742	-0.761	-0.739	-0.733	-0.676	-0.797	-0.767	-0.693	-0.766	-0.768	-0.769	-0.721	-0.656	-0.740	-0.663	-0.744	-0.732	-0.733	-0.733	-0.733	-0.755	-0.735	-0.736	-0.738	-0.731	-0.733	-0.733	-0.760	-0.736	-0.752	-0.768	-0.759	-0.647	-0.696	-0.693	-0.693	-0.580	-0.712	-0.709	-0.608	-0.577	-0.711	-0.711	-0.579	-0.599	-0.601	-0.615	-0.604	-0.699	-0.588	-0.680	-0.685	-0.564	-0.555	-0.691	-0.555	-0.688	-0.669	-0.655	-0.662	-0.599	-0.673	-0.655	-0.735	-0.749	-0.745	-0.517	+0.352	-0.464	+0.006	-0.646	-0.505	-0.490	-0.624	-0.475	+0.298	-0.612	+0.315	+0.191	-0.643	+0.110	
rs3731303      -0.876	-0.925	-0.870	-0.830	-0.834	-0.883	-0.724	-0.719	-0.716	-0.725	-0.756	-0.683	-0.757	-0.895	-0.736	-0.445	-0.576	-0.566	-0.569	-0.539	-0.553	-0.573	-0.557	-0.633	-0.569	-0.547	-0.517	-0.450	-0.567	-0.562	-0.601	-0.569	-0.882	-0.534	-0.600	-0.635	-0.798	-0.798	-0.788	-0.798	-0.786	-0.781	-0.733	-0.837	-0.804	-0.743	-0.809	-0.811	-0.811	-0.771	-0.714	-0.790	-0.721	-0.788	-0.779	-0.779	-0.779	-0.779	-0.798	-0.782	-0.782	-0.784	-0.778	-0.779	-0.780	-0.802	-0.777	-0.791	-0.798	-0.787	-0.684	-0.733	-0.730	-0.730	-0.620	-0.749	-0.746	-0.647	-0.617	-0.748	-0.748	-0.619	-0.639	-0.641	-0.654	-0.643	-0.736	-0.628	-0.718	-0.722	-0.604	-0.595	-0.728	-0.595	-0.725	-0.706	-0.692	-0.700	-0.637	-0.710	-0.693	-0.773	-0.785	-0.780	-0.549	+0.333	-0.497	-0.013	-0.678	-0.538	-0.522	-0.657	-0.508	+0.279	-0.644	+0.297	+0.173	-0.676	+0.071	
rs3731299      -0.859	-0.908	-0.854	-0.813	-0.818	-0.868	-0.714	-0.709	-0.707	-0.711	-0.744	-0.667	-0.744	-0.880	-0.721	-0.452	-0.572	-0.576	-0.573	-0.538	-0.546	-0.572	-0.548	-0.612	-0.573	-0.541	-0.522	-0.567	-0.435	-0.549	-0.594	-0.568	-0.867	-0.547	-0.596	-0.627	-0.784	-0.784	-0.768	-0.784	-0.766	-0.760	-0.708	-0.820	-0.789	-0.723	-0.792	-0.794	-0.794	-0.751	-0.689	-0.769	-0.695	-0.770	-0.760	-0.760	-0.760	-0.761	-0.780	-0.763	-0.764	-0.765	-0.759	-0.760	-0.761	-0.785	-0.761	-0.775	-0.786	-0.777	-0.669	-0.718	-0.715	-0.715	-0.604	-0.734	-0.731	-0.631	-0.601	-0.733	-0.733	-0.603	-0.623	-0.624	-0.638	-0.627	-0.721	-0.612	-0.703	-0.707	-0.588	-0.579	-0.713	-0.579	-0.710	-0.691	-0.677	-0.685	-0.621	-0.695	-0.678	-0.757	-0.771	-0.766	-0.537	+0.339	-0.484	-0.007	-0.666	-0.525	-0.509	-0.644	-0.495	+0.285	-0.631	+0.303	+0.179	-0.663	+0.087	
rs11977300     -0.856	-0.904	-0.850	-0.810	-0.814	-0.865	-0.712	-0.707	-0.704	-0.708	-0.740	-0.664	-0.741	-0.877	-0.717	-0.452	-0.566	-0.572	-0.568	-0.538	-0.545	-0.573	-0.547	-0.607	-0.569	-0.543	-0.528	-0.562	-0.549	-0.431	-0.590	-0.562	-0.863	-0.548	-0.595	-0.625	-0.780	-0.780	-0.764	-0.780	-0.761	-0.756	-0.702	-0.817	-0.786	-0.718	-0.788	-0.790	-0.790	-0.746	-0.683	-0.764	-0.690	-0.766	-0.756	-0.756	-0.756	-0.756	-0.776	-0.758	-0.759	-0.761	-0.755	-0.756	-0.756	-0.781	-0.757	-0.772	-0.784	-0.774	-0.666	-0.714	-0.712	-0.712	-0.600	-0.731	-0.728	-0.628	-0.597	-0.730	-0.730	-0.599	-0.619	-0.621	-0.634	-0.624	-0.717	-0.608	-0.699	-0.703	-0.584	-0.575	-0.710	-0.575	-0.706	-0.688	-0.674	-0.681	-0.618	-0.692	-0.674	-0.754	-0.767	-0.763	-0.534	+0.341	-0.481	-0.005	-0.662	-0.522	-0.506	-0.641	-0.492	+0.287	-0.628	+0.305	+0.181	-0.660	+0.090	
rs28534865     -0.866	-0.915	-0.861	-0.821	-0.826	-0.874	-0.710	-0.705	-0.702	-0.712	-0.742	-0.670	-0.743	-0.885	-0.723	-0.446	-0.604	-0.597	-0.599	-0.575	-0.584	-0.589	-0.587	-0.644	-0.600	-0.581	-0.564	-0.601	-0.594	-0.590	-0.435	-0.600	-0.873	-0.545	-0.601	-0.634	-0.791	-0.791	-0.783	-0.791	-0.780	-0.776	-0.730	-0.829	-0.797	-0.740	-0.803	-0.804	-0.805	-0.767	-0.712	-0.785	-0.719	-0.783	-0.774	-0.774	-0.775	-0.775	-0.792	-0.777	-0.777	-0.779	-0.774	-0.775	-0.775	-0.796	-0.771	-0.783	-0.789	-0.778	-0.671	-0.720	-0.717	-0.717	-0.607	-0.736	-0.733	-0.635	-0.604	-0.735	-0.735	-0.607	-0.626	-0.628	-0.641	-0.631	-0.723	-0.615	-0.705	-0.709	-0.591	-0.582	-0.715	-0.582	-0.712	-0.694	-0.679	-0.687	-0.624	-0.697	-0.680	-0.760	-0.772	-0.768	-0.536	+0.346	-0.484	-0.001	-0.665	-0.526	-0.510	-0.644	-0.495	+0.291	-0.631	+0.310	+0.186	-0.663	+0.083	
rs73710480     -0.876	-0.925	-0.870	-0.830	-0.834	-0.883	-0.724	-0.719	-0.716	-0.725	-0.756	-0.683	-0.757	-0.895	-0.735	-0.446	-0.578	-0.568	-0.571	-0.542	-0.555	-0.574	-0.559	-0.634	-0.571	-0.549	-0.520	-0.569	-0.568	-0.562	-0.600	-0.450	-0.882	-0.534	-0.600	-0.635	-0.798	-0.798	-0.788	-0.798	-0.786	-0.781	-0.732	-0.837	-0.804	-0.743	-0.809	-0.811	-0.811	-0.771	-0.714	-0.790	-0.721	-0.788	-0.779	-0.779	-0.779	-0.779	-0.798	-0.781	-0.782	-0.784	-0.778	-0.779	-0.780	-0.802	-0.777	-0.791	-0.798	-0.787	-0.684	-0.733	-0.730	-0.730	-0.620	-0.749	-0.746	-0.647	-0.617	-0.748	-0.748	-0.619	-0.639	-0.641	-0.653	-0.643	-0.736	-0.628	-0.717	-0.722	-0.604	-0.595	-0.728	-0.595	-0.725	-0.706	-0.692	-0.700	-0.637	-0.710	-0.693	-0.773	-0.785	-0.780	-0.549	+0.333	-0.497	-0.013	-0.678	-0.538	-0.522	-0.657	-0.508	+0.279	-0.644	+0.297	+0.173	-0.676	+0.071	
rs1005346      -1.031	-1.087	-1.026	-0.989	-0.993	-1.039	-0.871	-0.866	-0.863	-0.879	-0.911	-0.818	-0.915	-1.050	-0.869	-0.612	-0.884	-0.874	-0.878	-0.851	-0.858	-0.831	-0.861	-0.887	-0.878	-0.856	-0.844	-0.882	-0.867	-0.863	-0.873	-0.882	-0.611	-0.754	-0.778	-0.813	-0.970	-0.970	-0.973	-0.970	-0.972	-0.969	-0.938	-1.004	-0.975	-0.940	-0.986	-0.987	-0.987	-0.963	-0.924	-0.976	-0.929	-0.973	-0.969	-0.969	-0.969	-0.969	-0.979	-0.970	-0.970	-0.971	-0.968	-0.969	-0.969	-0.979	-0.950	-0.959	-0.957	-0.944	-0.831	-0.878	-0.876	-0.876	-0.760	-0.894	-0.891	-0.788	-0.756	-0.893	-0.893	-0.759	-0.779	-0.781	-0.800	-0.783	-0.881	-0.768	-0.865	-0.869	-0.748	-0.738	-0.875	-0.738	-0.872	-0.854	-0.838	-0.848	-0.787	-0.858	-0.841	-0.917	-0.929	-0.921	-0.698	+0.201	-0.648	-0.147	-0.827	-0.681	-0.665	-0.805	-0.651	+0.146	-0.793	+0.169	+0.043	-0.825	-0.085	
rs3731283      -0.715	-0.789	-0.709	-0.661	-0.666	-0.725	-0.597	-0.592	-0.589	-0.591	-0.632	-0.536	-0.634	-0.740	-0.594	-0.376	-0.535	-0.543	-0.539	-0.550	-0.550	-0.551	-0.549	-0.541	-0.539	-0.550	-0.548	-0.534	-0.547	-0.548	-0.545	-0.534	-0.754	-0.295	-0.475	-0.484	-0.631	-0.631	-0.592	-0.630	-0.588	-0.579	-0.497	-0.666	-0.638	-0.526	-0.623	-0.626	-0.627	-0.554	-0.470	-0.583	-0.480	-0.592	-0.576	-0.576	-0.576	-0.576	-0.612	-0.580	-0.582	-0.584	-0.574	-0.576	-0.578	-0.618	-0.604	-0.626	-0.658	-0.652	-0.541	-0.591	-0.588	-0.588	-0.472	-0.608	-0.605	-0.500	-0.469	-0.607	-0.607	-0.471	-0.492	-0.493	-0.509	-0.496	-0.594	-0.480	-0.575	-0.580	-0.456	-0.446	-0.586	-0.446	-0.583	-0.564	-0.551	-0.557	-0.492	-0.567	-0.549	-0.630	-0.646	-0.643	-0.425	+0.463	-0.366	+0.113	-0.552	-0.374	-0.357	-0.531	-0.342	+0.408	-0.519	+0.425	+0.301	-0.550	+0.205	
rs6975474      -0.726	-0.812	-0.720	-0.672	-0.678	-0.737	-0.599	-0.593	-0.590	-0.606	-0.643	-0.559	-0.648	-0.753	-0.612	-0.357	-0.601	-0.600	-0.601	-0.591	-0.594	-0.585	-0.595	-0.551	-0.601	-0.593	-0.588	-0.600	-0.596	-0.595	-0.601	-0.600	-0.778	-0.475	-0.311	-0.419	-0.640	-0.640	-0.591	-0.639	-0.586	-0.576	-0.490	-0.671	-0.647	-0.535	-0.640	-0.643	-0.644	-0.569	-0.465	-0.594	-0.474	-0.599	-0.582	-0.582	-0.582	-0.582	-0.616	-0.586	-0.587	-0.590	-0.580	-0.582	-0.582	-0.625	-0.617	-0.639	-0.663	-0.657	-0.558	-0.608	-0.606	-0.606	-0.493	-0.625	-0.622	-0.521	-0.491	-0.624	-0.624	-0.492	-0.512	-0.514	-0.527	-0.517	-0.611	-0.501	-0.593	-0.597	-0.477	-0.468	-0.603	-0.468	-0.600	-0.581	-0.568	-0.575	-0.509	-0.585	-0.567	-0.649	-0.662	-0.658	-0.439	+0.446	-0.380	+0.098	-0.566	-0.395	-0.378	-0.545	-0.363	+0.392	-0.532	+0.410	+0.285	-0.564	+0.185	
rs10246604     -0.767	-0.848	-0.760	-0.715	-0.720	-0.777	-0.634	-0.628	-0.625	-0.641	-0.677	-0.596	-0.682	-0.791	-0.647	-0.355	-0.636	-0.632	-0.634	-0.619	-0.623	-0.610	-0.624	-0.599	-0.634	-0.622	-0.614	-0.635	-0.627	-0.625	-0.634	-0.635	-0.813	-0.484	-0.419	-0.349	-0.681	-0.681	-0.642	-0.680	-0.637	-0.629	-0.553	-0.714	-0.688	-0.591	-0.686	-0.688	-0.689	-0.623	-0.530	-0.646	-0.538	-0.649	-0.633	-0.634	-0.634	-0.634	-0.663	-0.637	-0.638	-0.641	-0.632	-0.634	-0.634	-0.671	-0.660	-0.679	-0.695	-0.687	-0.594	-0.643	-0.641	-0.641	-0.530	-0.660	-0.657	-0.558	-0.527	-0.659	-0.659	-0.529	-0.549	-0.550	-0.562	-0.553	-0.646	-0.538	-0.628	-0.632	-0.514	-0.505	-0.638	-0.505	-0.635	-0.617	-0.603	-0.610	-0.545	-0.620	-0.603	-0.684	-0.696	-0.692	-0.469	+0.419	-0.412	+0.071	-0.597	-0.432	-0.415	-0.575	-0.400	+0.364	-0.563	+0.383	+0.258	-0.595	+0.152	
rs2374590      -0.940	-1.003	-0.935	-0.897	-0.902	-0.947	-0.778	-0.772	-0.769	-0.786	-0.820	-0.746	-0.825	-0.958	-0.794	-0.460	-0.799	-0.789	-0.794	-0.768	-0.775	-0.751	-0.778	-0.790	-0.794	-0.773	-0.761	-0.798	-0.784	-0.780	-0.791	-0.798	-0.970	-0.631	-0.640	-0.681	-0.511	-0.635	-0.666	-0.636	-0.659	-0.652	-0.579	-0.801	-0.683	-0.523	-0.742	-0.745	-0.746	-0.698	-0.515	-0.729	-0.538	-0.686	-0.658	-0.659	-0.659	-0.659	-0.704	-0.665	-0.667	-0.671	-0.658	-0.661	-0.663	-0.722	-0.677	-0.708	-0.707	-0.689	-0.743	-0.791	-0.788	-0.788	-0.682	-0.807	-0.804	-0.709	-0.679	-0.806	-0.806	-0.682	-0.701	-0.702	-0.713	-0.705	-0.794	-0.690	-0.776	-0.780	-0.667	-0.657	-0.786	-0.657	-0.783	-0.765	-0.750	-0.759	-0.696	-0.769	-0.752	-0.834	-0.843	-0.836	-0.588	+0.314	-0.548	-0.035	-0.722	-0.586	-0.570	-0.699	-0.556	+0.258	-0.687	+0.281	+0.154	-0.720	+0.010	
rs2106929      -0.940	-1.003	-0.935	-0.897	-0.902	-0.947	-0.778	-0.772	-0.769	-0.786	-0.820	-0.746	-0.825	-0.958	-0.794	-0.460	-0.799	-0.789	-0.794	-0.768	-0.775	-0.751	-0.778	-0.790	-0.794	-0.773	-0.761	-0.798	-0.784	-0.780	-0.791	-0.798	-0.970	-0.631	-0.640	-0.681	-0.635	-0.511	-0.666	-0.636	-0.659	-0.652	-0.579	-0.801	-0.683	-0.523	-0.742	-0.745	-0.746	-0.698	-0.515	-0.729	-0.538	-0.686	-0.658	-0.659	-0.659	-0.659	-0.704	-0.665	-0.667	-0.671	-0.657	-0.660	-0.663	-0.722	-0.677	-0.708	-0.707	-0.689	-0.743	-0.791	-0.788	-0.788	-0.682	-0.807	-0.804	-0.709	-0.679	-0.806	-0.806	-0.682	-0.701	-0.702	-0.713	-0.705	-0.794	-0.690	-0.776	-0.780	-0.667	-0.657	-0.786	-0.657	-0.783	-0.765	-0.750	-0.759	-0.696	-0.769	-0.752	-0.834	-0.843	-0.836	-0.588	+0.314	-0.548	-0.035	-0.722	-0.586	-0.570	-0.699	-0.556	+0.258	-0.687	+0.281	+0.154	-0.720	+0.010	
rs2106930      -0.947	-1.009	-0.942	-0.905	-0.910	-0.954	-0.786	-0.780	-0.777	-0.792	-0.827	-0.757	-0.831	-0.964	-0.801	-0.431	-0.790	-0.778	-0.783	-0.750	-0.758	-0.734	-0.761	-0.792	-0.783	-0.756	-0.742	-0.788	-0.768	-0.764	-0.783	-0.788	-0.973	-0.592	-0.591	-0.642	-0.666	-0.666	-0.516	-0.669	-0.640	-0.642	-0.625	-0.798	-0.699	-0.671	-0.782	-0.783	-0.784	-0.735	-0.576	-0.753	-0.588	-0.704	-0.686	-0.686	-0.686	-0.686	-0.695	-0.688	-0.689	-0.691	-0.685	-0.686	-0.686	-0.724	-0.727	-0.741	-0.630	-0.601	-0.752	-0.799	-0.797	-0.797	-0.694	-0.814	-0.812	-0.721	-0.691	-0.813	-0.813	-0.694	-0.712	-0.714	-0.722	-0.717	-0.802	-0.701	-0.784	-0.788	-0.678	-0.669	-0.794	-0.669	-0.791	-0.773	-0.759	-0.767	-0.705	-0.777	-0.761	-0.841	-0.848	-0.841	-0.576	+0.338	-0.545	-0.014	-0.715	-0.597	-0.581	-0.691	-0.566	+0.281	-0.678	+0.307	+0.178	-0.712	+0.010	
rs2158134      -0.940	-1.004	-0.936	-0.898	-0.902	-0.947	-0.778	-0.772	-0.769	-0.786	-0.821	-0.747	-0.825	-0.958	-0.794	-0.459	-0.799	-0.789	-0.794	-0.768	-0.775	-0.751	-0.778	-0.790	-0.794	-0.773	-0.761	-0.798	-0.784	-0.780	-0.791	-0.798	-0.970	-0.630	-0.639	-0.680	-0.636	-0.636	-0.669	-0.511	-0.663	-0.656	-0.585	-0.802	-0.684	-0.531	-0.744	-0.747	-0.747	-0.701	-0.522	-0.732	-0.545	-0.689	-0.662	-0.662	-0.663	-0.663	-0.706	-0.669	-0.671	-0.675	-0.661	-0.664	-0.667	-0.723	-0.679	-0.710	-0.706	-0.687	-0.743	-0.791	-0.789	-0.789	-0.683	-0.807	-0.804	-0.710	-0.680	-0.806	-0.806	-0.682	-0.701	-0.703	-0.713	-0.706	-0.794	-0.690	-0.776	-0.780	-0.667	-0.658	-0.786	-0.658	-0.783	-0.765	-0.751	-0.759	-0.697	-0.769	-0.753	-0.834	-0.843	-0.837	-0.588	+0.315	-0.548	-0.034	-0.722	-0.587	-0.571	-0.699	-0.556	+0.259	-0.686	+0.282	+0.155	-0.719	+0.010	
rs992519       -0.946	-1.007	-0.941	-0.905	-0.909	-0.953	-0.785	-0.779	-0.776	-0.790	-0.826	-0.757	-0.830	-0.963	-0.800	-0.426	-0.788	-0.775	-0.781	-0.747	-0.755	-0.731	-0.758	-0.791	-0.781	-0.753	-0.739	-0.786	-0.766	-0.761	-0.780	-0.786	-0.972	-0.588	-0.586	-0.637	-0.659	-0.659	-0.640	-0.663	-0.515	-0.644	-0.632	-0.797	-0.694	-0.675	-0.782	-0.783	-0.783	-0.737	-0.585	-0.754	-0.597	-0.704	-0.687	-0.687	-0.687	-0.687	-0.693	-0.689	-0.690	-0.692	-0.686	-0.687	-0.687	-0.722	-0.727	-0.740	-0.620	-0.591	-0.751	-0.798	-0.796	-0.796	-0.694	-0.814	-0.811	-0.720	-0.691	-0.813	-0.813	-0.693	-0.712	-0.713	-0.722	-0.716	-0.801	-0.701	-0.783	-0.787	-0.678	-0.669	-0.793	-0.669	-0.790	-0.772	-0.758	-0.767	-0.705	-0.776	-0.760	-0.840	-0.847	-0.840	-0.573	+0.342	-0.543	-0.010	-0.712	-0.596	-0.580	-0.688	-0.566	+0.285	-0.675	+0.310	+0.182	-0.710	+0.011	
rs3731267      -0.944	-1.005	-0.939	-0.903	-0.907	-0.951	-0.783	-0.777	-0.774	-0.788	-0.824	-0.756	-0.828	-0.961	-0.798	-0.416	-0.783	-0.770	-0.776	-0.741	-0.750	-0.726	-0.753	-0.787	-0.776	-0.747	-0.733	-0.781	-0.760	-0.756	-0.776	-0.781	-0.969	-0.579	-0.576	-0.629	-0.652	-0.652	-0.642	-0.656	-0.644	-0.512	-0.645	-0.793	-0.687	-0.684	-0.782	-0.783	-0.783	-0.742	-0.602	-0.756	-0.613	-0.704	-0.690	-0.690	-0.690	-0.690	-0.690	-0.691	-0.692	-0.694	-0.690	-0.690	-0.689	-0.719	-0.728	-0.738	-0.603	-0.572	-0.749	-0.797	-0.794	-0.794	-0.693	-0.812	-0.809	-0.719	-0.690	-0.811	-0.811	-0.692	-0.711	-0.712	-0.720	-0.715	-0.799	-0.700	-0.781	-0.785	-0.677	-0.668	-0.791	-0.667	-0.788	-0.771	-0.756	-0.765	-0.703	-0.774	-0.759	-0.838	-0.845	-0.838	-0.567	+0.349	-0.539	-0.003	-0.707	-0.595	-0.579	-0.683	-0.564	+0.292	-0.670	+0.319	+0.190	-0.705	+0.015	
rs929244       -0.916	-0.975	-0.911	-0.875	-0.879	-0.922	-0.756	-0.750	-0.748	-0.758	-0.795	-0.735	-0.798	-0.933	-0.772	-0.329	-0.735	-0.719	-0.726	-0.685	-0.695	-0.671	-0.699	-0.748	-0.727	-0.692	-0.676	-0.733	-0.708	-0.702	-0.730	-0.732	-0.938	-0.497	-0.490	-0.553	-0.579	-0.579	-0.625	-0.585	-0.632	-0.645	-0.480	-0.745	-0.567	-0.707	-0.752	-0.751	-0.751	-0.749	-0.680	-0.749	-0.683	-0.656	-0.654	-0.654	-0.654	-0.654	-0.601	-0.650	-0.649	-0.648	-0.656	-0.654	-0.651	-0.652	-0.695	-0.686	-0.424	-0.385	-0.726	-0.772	-0.770	-0.770	-0.675	-0.786	-0.784	-0.700	-0.672	-0.785	-0.785	-0.674	-0.692	-0.694	-0.698	-0.696	-0.774	-0.682	-0.756	-0.760	-0.658	-0.649	-0.765	-0.649	-0.763	-0.746	-0.732	-0.741	-0.680	-0.750	-0.735	-0.811	-0.816	-0.807	-0.485	+0.447	-0.495	+0.089	-0.639	-0.573	-0.558	-0.612	-0.543	+0.387	-0.598	+0.420	+0.287	-0.636	+0.052	
rs12672969     -0.979	-1.041	-0.975	-0.937	-0.942	-0.986	-0.819	-0.813	-0.810	-0.824	-0.860	-0.791	-0.864	-0.997	-0.833	-0.507	-0.839	-0.828	-0.833	-0.804	-0.811	-0.786	-0.814	-0.837	-0.833	-0.809	-0.797	-0.837	-0.820	-0.817	-0.829	-0.837	-1.004	-0.666	-0.671	-0.714	-0.801	-0.801	-0.798	-0.802	-0.797	-0.793	-0.745	-0.551	-0.796	-0.757	-0.845	-0.846	-0.847	-0.806	-0.710	-0.823	-0.718	-0.795	-0.783	-0.783	-0.783	-0.783	-0.795	-0.785	-0.786	-0.787	-0.782	-0.783	-0.783	-0.792	-0.793	-0.807	-0.738	-0.718	-0.783	-0.831	-0.828	-0.828	-0.725	-0.846	-0.843	-0.751	-0.721	-0.845	-0.845	-0.724	-0.743	-0.744	-0.753	-0.747	-0.833	-0.732	-0.816	-0.820	-0.709	-0.700	-0.826	-0.700	-0.823	-0.805	-0.790	-0.799	-0.737	-0.809	-0.793	-0.873	-0.881	-0.874	-0.616	+0.345	-0.576	-0.014	-0.753	-0.627	-0.611	-0.730	-0.597	+0.285	-0.717	+0.315	+0.182	-0.750	+0.005	
rs62466078     -0.945	-1.008	-0.940	-0.903	-0.907	-0.952	-0.783	-0.777	-0.774	-0.791	-0.825	-0.752	-0.830	-0.963	-0.799	-0.468	-0.805	-0.795	-0.800	-0.774	-0.781	-0.757	-0.783	-0.797	-0.800	-0.779	-0.767	-0.804	-0.789	-0.786	-0.797	-0.804	-0.975	-0.638	-0.647	-0.688	-0.683	-0.683	-0.699	-0.684	-0.694	-0.687	-0.567	-0.796	-0.516	-0.399	-0.733	-0.736	-0.737	-0.687	-0.433	-0.719	-0.468	-0.663	-0.623	-0.623	-0.624	-0.624	-0.680	-0.633	-0.635	-0.641	-0.622	-0.626	-0.630	-0.708	-0.656	-0.694	-0.686	-0.667	-0.748	-0.796	-0.793	-0.793	-0.687	-0.812	-0.809	-0.714	-0.684	-0.811	-0.810	-0.687	-0.706	-0.707	-0.718	-0.710	-0.798	-0.695	-0.781	-0.785	-0.672	-0.663	-0.791	-0.662	-0.788	-0.770	-0.755	-0.764	-0.701	-0.774	-0.757	-0.839	-0.848	-0.841	-0.592	+0.310	-0.552	-0.039	-0.726	-0.591	-0.575	-0.703	-0.561	+0.254	-0.690	+0.277	+0.150	-0.723	+0.005	
rs10269570     -0.918	-0.976	-0.913	-0.878	-0.882	-0.924	-0.757	-0.752	-0.749	-0.758	-0.795	-0.734	-0.798	-0.933	-0.771	-0.332	-0.745	-0.730	-0.737	-0.702	-0.711	-0.688	-0.714	-0.748	-0.737	-0.708	-0.693	-0.743	-0.723	-0.718	-0.740	-0.743	-0.940	-0.526	-0.535	-0.591	-0.523	-0.523	-0.671	-0.531	-0.675	-0.684	-0.707	-0.757	-0.399	-0.480	-0.699	-0.697	-0.696	-0.725	-0.638	-0.730	-0.646	-0.664	-0.662	-0.662	-0.662	-0.662	-0.630	-0.660	-0.659	-0.658	-0.664	-0.663	-0.662	-0.662	-0.666	-0.656	-0.468	-0.430	-0.724	-0.771	-0.769	-0.769	-0.673	-0.785	-0.783	-0.698	-0.670	-0.785	-0.785	-0.672	-0.690	-0.692	-0.696	-0.694	-0.774	-0.680	-0.755	-0.759	-0.656	-0.647	-0.765	-0.647	-0.762	-0.745	-0.731	-0.740	-0.678	-0.749	-0.734	-0.811	-0.816	-0.808	-0.512	+0.419	-0.499	+0.052	-0.658	-0.572	-0.556	-0.633	-0.542	+0.361	-0.619	+0.390	+0.259	-0.655	+0.047	
