## Summary of overall evidence for association with region:
## log10(BF for region) = -0.657722
## p-value for region = NA

## BFs for choosing among multi-SNP models:
## log10(average 1-SNP BF) = -0.584447
## log10(average 2-SNP BF) = -0.856717

## Example posterior probabilities for multi-SNP models, based on default prior: [p(l) propto 0.5^l for l=1,2,...,L]
## posterior probability of 1-SNP = 0.789194
## posterior probability of 2-SNP = 0.210806

## log10(BF) for single SNP and pair of SNPs:
rs62317625     -0.581	-0.724	-0.724	-0.729	-0.729	-0.729	-0.736	-0.734	-0.736	-0.743	-0.746	-0.746	-0.751	-0.758	-0.758	-0.758	-0.759	-0.759	-0.759	-0.765	-0.764	-0.756	-0.769	-0.731	-1.022	-1.021	-0.967	-1.021	-0.984	-1.022	-1.016	-0.983	-1.016	-1.013	-1.022	-0.953	-1.023	-0.997	-1.012	-0.833	-1.025	-1.017	-1.016	-1.012	-0.996	-0.994	-0.991	-0.991	-1.014	-1.006	-0.993	-1.012	-0.995	-0.995	-1.012	-0.995	-0.994	-1.012	-1.008	-1.013	-1.008	-1.013	-1.010	-1.008	-1.008	-1.008	-1.008	-1.006	-1.008	-1.007	-1.007	-1.006	-0.988	-0.982	-1.000	-1.000	-1.007	-1.007	-1.010	-1.010	-1.010	-1.009	-1.009	-1.010	-1.010	-1.011	-0.967	-1.013	-1.006	-1.011	-1.011	-1.015	-1.013	-1.013	-1.016	-1.021	-1.022	-1.015	-0.929	-0.998	-0.981	-0.981	-0.982	-0.982	-0.982	-0.982	-0.987	-0.980	-1.001	-1.068	-1.005	-1.018	-1.060	-1.018	-0.984	-0.984	-0.983	-1.018	-0.981	-0.980	-0.978	-0.978	-0.978	-0.978	-0.978	-0.977	-0.977	-1.019	-0.977	-1.037	-0.977	-0.977	-0.978	-0.978	-1.026	-0.976	-0.976	-0.970	-0.976	-1.015	-1.012	-0.975	-0.974	-1.014	-0.958	-0.945	-0.944	-0.944	-1.006	-0.943	-0.943	-0.942	-0.927	-0.927	-0.941	-0.938	-0.941	-0.941	-0.941	-0.941	-0.923	-1.005	-0.940	-0.940	-0.938	-0.938	-0.936	-0.931	-0.918	-0.916	-0.925	-0.947	-0.911	-0.916	-0.916	-0.916	-0.916	-0.916	-0.916	-0.938	-0.912	-0.909	-0.902	-0.912	-0.912	-0.925	
rs10024663     -0.724	-0.582	-0.717	-0.722	-0.723	-0.723	-0.727	-0.728	-0.726	-0.738	-0.741	-0.741	-0.747	-0.754	-0.754	-0.754	-0.755	-0.755	-0.756	-0.762	-0.761	-0.753	-0.766	-0.733	-1.023	-1.022	-0.968	-1.022	-0.985	-1.023	-1.017	-0.984	-1.018	-1.014	-1.024	-0.954	-1.024	-0.998	-1.013	-0.835	-1.026	-1.018	-1.018	-1.013	-0.997	-0.996	-0.992	-0.992	-1.015	-1.007	-0.994	-1.013	-0.996	-0.996	-1.013	-0.996	-0.995	-1.013	-1.009	-1.014	-1.009	-1.014	-1.011	-1.009	-1.009	-1.009	-1.009	-1.007	-1.009	-1.008	-1.008	-1.007	-0.989	-0.983	-1.001	-1.001	-1.008	-1.008	-1.011	-1.011	-1.011	-1.011	-1.011	-1.011	-1.011	-1.012	-0.968	-1.014	-1.007	-1.012	-1.012	-1.016	-1.014	-1.014	-1.018	-1.022	-1.023	-1.016	-0.930	-0.999	-0.982	-0.982	-0.983	-0.983	-0.983	-0.983	-0.988	-0.982	-1.002	-1.070	-1.006	-1.020	-1.061	-1.019	-0.985	-0.985	-0.984	-1.019	-0.982	-0.981	-0.979	-0.979	-0.979	-0.979	-0.979	-0.979	-0.978	-1.020	-0.978	-1.038	-0.978	-0.978	-0.979	-0.979	-1.027	-0.977	-0.977	-0.971	-0.977	-1.017	-1.013	-0.976	-0.975	-1.015	-0.959	-0.946	-0.945	-0.945	-1.007	-0.944	-0.944	-0.942	-0.928	-0.928	-0.942	-0.939	-0.942	-0.942	-0.942	-0.942	-0.924	-1.006	-0.941	-0.941	-0.939	-0.939	-0.937	-0.932	-0.919	-0.917	-0.926	-0.948	-0.912	-0.917	-0.917	-0.917	-0.917	-0.917	-0.917	-0.939	-0.913	-0.910	-0.903	-0.913	-0.913	-0.926	
rs1494105      -0.724	-0.717	-0.580	-0.713	-0.710	-0.710	-0.721	-0.717	-0.717	-0.724	-0.728	-0.728	-0.735	-0.745	-0.745	-0.745	-0.746	-0.746	-0.746	-0.754	-0.752	-0.751	-0.759	-0.731	-1.020	-1.019	-0.964	-1.019	-0.982	-1.020	-1.014	-0.981	-1.015	-1.011	-1.021	-0.950	-1.021	-0.994	-1.010	-0.833	-1.024	-1.015	-1.015	-1.010	-0.994	-0.993	-0.989	-0.989	-1.013	-1.004	-0.992	-1.011	-0.993	-0.993	-1.010	-0.993	-0.992	-1.010	-1.006	-1.011	-1.006	-1.011	-1.008	-1.006	-1.006	-1.006	-1.006	-1.004	-1.006	-1.005	-1.005	-1.004	-0.986	-0.980	-0.998	-0.998	-1.005	-1.005	-1.008	-1.008	-1.008	-1.008	-1.008	-1.008	-1.008	-1.009	-0.965	-1.011	-1.004	-1.010	-1.009	-1.013	-1.011	-1.011	-1.015	-1.020	-1.020	-1.013	-0.927	-0.998	-0.979	-0.979	-0.980	-0.980	-0.980	-0.980	-0.985	-0.978	-0.999	-1.068	-1.004	-1.017	-1.059	-1.016	-0.981	-0.981	-0.981	-1.016	-0.979	-0.978	-0.976	-0.976	-0.976	-0.975	-0.975	-0.975	-0.975	-1.017	-0.975	-1.036	-0.975	-0.974	-0.976	-0.976	-1.026	-0.974	-0.974	-0.968	-0.974	-1.014	-1.010	-0.972	-0.972	-1.012	-0.956	-0.943	-0.941	-0.941	-1.004	-0.940	-0.940	-0.939	-0.924	-0.924	-0.939	-0.935	-0.938	-0.938	-0.938	-0.938	-0.920	-1.003	-0.938	-0.938	-0.935	-0.935	-0.933	-0.929	-0.915	-0.914	-0.922	-0.945	-0.908	-0.913	-0.913	-0.913	-0.913	-0.913	-0.913	-0.935	-0.909	-0.906	-0.899	-0.909	-0.910	-0.922	
rs62315584     -0.729	-0.722	-0.713	-0.586	-0.719	-0.719	-0.726	-0.724	-0.726	-0.734	-0.737	-0.737	-0.744	-0.751	-0.751	-0.751	-0.751	-0.751	-0.752	-0.758	-0.757	-0.744	-0.763	-0.736	-1.028	-1.026	-0.973	-1.026	-0.990	-1.028	-1.022	-0.989	-1.022	-1.019	-1.028	-0.959	-1.028	-1.002	-1.017	-0.838	-1.031	-1.023	-1.022	-1.018	-1.002	-1.000	-0.997	-0.997	-1.020	-1.011	-0.998	-1.018	-1.001	-1.001	-1.018	-1.001	-1.000	-1.018	-1.014	-1.019	-1.014	-1.018	-1.016	-1.014	-1.014	-1.014	-1.014	-1.012	-1.013	-1.013	-1.013	-1.012	-0.994	-0.988	-1.005	-1.005	-1.012	-1.012	-1.016	-1.016	-1.015	-1.015	-1.015	-1.015	-1.016	-1.016	-0.973	-1.019	-1.012	-1.017	-1.016	-1.020	-1.019	-1.018	-1.022	-1.027	-1.027	-1.020	-0.935	-1.003	-0.987	-0.987	-0.988	-0.988	-0.988	-0.988	-0.993	-0.987	-1.007	-1.074	-1.011	-1.024	-1.065	-1.023	-0.990	-0.990	-0.989	-1.023	-0.987	-0.986	-0.984	-0.984	-0.984	-0.984	-0.984	-0.984	-0.983	-1.024	-0.983	-1.042	-0.983	-0.983	-0.984	-0.984	-1.031	-0.982	-0.982	-0.976	-0.982	-1.021	-1.018	-0.981	-0.980	-1.020	-0.964	-0.951	-0.950	-0.950	-1.011	-0.949	-0.949	-0.948	-0.933	-0.933	-0.947	-0.944	-0.947	-0.947	-0.947	-0.947	-0.929	-1.010	-0.947	-0.947	-0.944	-0.944	-0.942	-0.938	-0.925	-0.923	-0.931	-0.954	-0.918	-0.922	-0.922	-0.922	-0.922	-0.922	-0.922	-0.944	-0.919	-0.915	-0.909	-0.918	-0.919	-0.931	
rs17827274     -0.729	-0.723	-0.710	-0.719	-0.590	-0.723	-0.727	-0.727	-0.730	-0.741	-0.742	-0.742	-0.749	-0.754	-0.754	-0.754	-0.754	-0.754	-0.755	-0.760	-0.760	-0.738	-0.766	-0.739	-1.032	-1.031	-0.978	-1.031	-0.995	-1.032	-1.026	-0.995	-1.027	-1.023	-1.032	-0.965	-1.033	-1.007	-1.022	-0.841	-1.035	-1.027	-1.026	-1.022	-1.007	-1.005	-1.002	-1.002	-1.024	-1.015	-1.001	-1.022	-1.006	-1.006	-1.022	-1.006	-1.004	-1.022	-1.018	-1.023	-1.018	-1.023	-1.020	-1.018	-1.018	-1.018	-1.018	-1.016	-1.018	-1.017	-1.017	-1.016	-0.999	-0.993	-1.010	-1.010	-1.017	-1.017	-1.020	-1.020	-1.020	-1.020	-1.020	-1.020	-1.020	-1.021	-0.977	-1.023	-1.016	-1.021	-1.021	-1.025	-1.023	-1.023	-1.027	-1.031	-1.031	-1.025	-0.940	-1.006	-0.992	-0.992	-0.993	-0.993	-0.993	-0.993	-0.998	-0.991	-1.011	-1.077	-1.015	-1.028	-1.068	-1.027	-0.995	-0.995	-0.994	-1.028	-0.992	-0.991	-0.989	-0.989	-0.989	-0.989	-0.989	-0.989	-0.988	-1.029	-0.988	-1.045	-0.988	-0.988	-0.989	-0.989	-1.034	-0.987	-0.987	-0.981	-0.987	-1.025	-1.022	-0.986	-0.985	-1.024	-0.969	-0.957	-0.956	-0.955	-1.016	-0.954	-0.954	-0.953	-0.938	-0.938	-0.953	-0.950	-0.952	-0.952	-0.952	-0.952	-0.935	-1.015	-0.952	-0.952	-0.950	-0.950	-0.948	-0.943	-0.930	-0.928	-0.937	-0.959	-0.923	-0.928	-0.928	-0.927	-0.927	-0.927	-0.928	-0.949	-0.924	-0.921	-0.914	-0.924	-0.924	-0.937	
rs62315585     -0.729	-0.723	-0.710	-0.719	-0.723	-0.591	-0.727	-0.727	-0.731	-0.741	-0.742	-0.742	-0.749	-0.754	-0.754	-0.754	-0.754	-0.754	-0.755	-0.760	-0.760	-0.736	-0.766	-0.739	-1.033	-1.031	-0.979	-1.031	-0.996	-1.033	-1.027	-0.995	-1.027	-1.024	-1.033	-0.966	-1.033	-1.008	-1.023	-0.841	-1.035	-1.027	-1.027	-1.023	-1.007	-1.006	-1.002	-1.002	-1.025	-1.016	-1.002	-1.023	-1.006	-1.006	-1.023	-1.006	-1.005	-1.023	-1.019	-1.024	-1.019	-1.024	-1.021	-1.019	-1.019	-1.019	-1.019	-1.017	-1.019	-1.018	-1.018	-1.017	-0.999	-0.993	-1.011	-1.011	-1.018	-1.018	-1.021	-1.021	-1.020	-1.020	-1.020	-1.021	-1.021	-1.021	-0.978	-1.024	-1.017	-1.022	-1.022	-1.025	-1.024	-1.024	-1.027	-1.031	-1.032	-1.025	-0.941	-1.006	-0.992	-0.993	-0.993	-0.994	-0.994	-0.994	-0.999	-0.992	-1.012	-1.078	-1.015	-1.028	-1.069	-1.028	-0.995	-0.995	-0.995	-1.028	-0.993	-0.992	-0.990	-0.990	-0.990	-0.989	-0.989	-0.989	-0.989	-1.029	-0.989	-1.046	-0.989	-0.988	-0.990	-0.990	-1.035	-0.988	-0.988	-0.982	-0.988	-1.026	-1.023	-0.987	-0.986	-1.025	-0.970	-0.957	-0.956	-0.956	-1.017	-0.955	-0.955	-0.954	-0.939	-0.939	-0.954	-0.950	-0.953	-0.953	-0.953	-0.953	-0.936	-1.016	-0.953	-0.953	-0.951	-0.950	-0.949	-0.944	-0.931	-0.929	-0.937	-0.960	-0.924	-0.929	-0.928	-0.928	-0.928	-0.928	-0.928	-0.950	-0.925	-0.922	-0.915	-0.925	-0.925	-0.938	
rs28756055     -0.736	-0.727	-0.721	-0.726	-0.727	-0.727	-0.589	-0.724	-0.721	-0.733	-0.735	-0.735	-0.743	-0.749	-0.749	-0.749	-0.750	-0.750	-0.750	-0.756	-0.756	-0.739	-0.762	-0.738	-1.030	-1.029	-0.976	-1.029	-0.993	-1.030	-1.024	-0.992	-1.025	-1.021	-1.031	-0.962	-1.031	-1.005	-1.020	-0.840	-1.033	-1.025	-1.024	-1.020	-1.004	-1.003	-1.000	-1.000	-1.022	-1.014	-1.000	-1.020	-1.004	-1.004	-1.020	-1.003	-1.002	-1.020	-1.016	-1.021	-1.016	-1.021	-1.018	-1.016	-1.016	-1.016	-1.016	-1.014	-1.016	-1.015	-1.015	-1.014	-0.997	-0.991	-1.008	-1.008	-1.015	-1.015	-1.018	-1.018	-1.018	-1.018	-1.018	-1.018	-1.018	-1.019	-0.975	-1.021	-1.014	-1.019	-1.019	-1.023	-1.021	-1.021	-1.025	-1.029	-1.030	-1.023	-0.938	-1.005	-0.990	-0.990	-0.991	-0.991	-0.991	-0.991	-0.996	-0.989	-1.009	-1.076	-1.013	-1.026	-1.067	-1.026	-0.992	-0.992	-0.992	-1.026	-0.990	-0.989	-0.987	-0.987	-0.987	-0.986	-0.986	-0.986	-0.986	-1.027	-0.986	-1.044	-0.986	-0.985	-0.987	-0.987	-1.033	-0.985	-0.985	-0.979	-0.985	-1.024	-1.020	-0.984	-0.983	-1.022	-0.967	-0.954	-0.953	-0.953	-1.014	-0.952	-0.952	-0.951	-0.936	-0.936	-0.950	-0.947	-0.950	-0.950	-0.950	-0.950	-0.932	-1.013	-0.949	-0.949	-0.947	-0.947	-0.945	-0.940	-0.927	-0.926	-0.934	-0.956	-0.920	-0.925	-0.925	-0.925	-0.925	-0.925	-0.925	-0.947	-0.921	-0.918	-0.912	-0.921	-0.922	-0.934	
rs17827280     -0.734	-0.728	-0.717	-0.724	-0.727	-0.727	-0.724	-0.591	-0.727	-0.736	-0.737	-0.737	-0.745	-0.750	-0.750	-0.750	-0.750	-0.750	-0.751	-0.757	-0.757	-0.734	-0.763	-0.739	-1.033	-1.031	-0.979	-1.031	-0.996	-1.033	-1.027	-0.995	-1.027	-1.024	-1.033	-0.966	-1.033	-1.008	-1.023	-0.841	-1.035	-1.027	-1.027	-1.023	-1.007	-1.006	-1.002	-1.002	-1.025	-1.016	-1.002	-1.023	-1.006	-1.006	-1.023	-1.006	-1.005	-1.023	-1.019	-1.024	-1.019	-1.024	-1.021	-1.019	-1.019	-1.019	-1.019	-1.017	-1.019	-1.018	-1.018	-1.017	-0.999	-0.993	-1.011	-1.011	-1.018	-1.018	-1.021	-1.021	-1.020	-1.020	-1.020	-1.021	-1.021	-1.021	-0.978	-1.024	-1.017	-1.022	-1.022	-1.025	-1.024	-1.024	-1.027	-1.031	-1.032	-1.025	-0.941	-1.006	-0.993	-0.993	-0.993	-0.994	-0.994	-0.994	-0.999	-0.992	-1.012	-1.078	-1.016	-1.028	-1.069	-1.028	-0.995	-0.995	-0.995	-1.028	-0.993	-0.992	-0.990	-0.990	-0.990	-0.989	-0.989	-0.989	-0.989	-1.029	-0.989	-1.046	-0.989	-0.988	-0.990	-0.990	-1.035	-0.988	-0.988	-0.982	-0.988	-1.026	-1.023	-0.987	-0.986	-1.025	-0.970	-0.957	-0.956	-0.956	-1.017	-0.955	-0.955	-0.954	-0.939	-0.939	-0.954	-0.950	-0.953	-0.953	-0.953	-0.953	-0.935	-1.016	-0.953	-0.953	-0.950	-0.950	-0.949	-0.944	-0.931	-0.929	-0.937	-0.960	-0.924	-0.928	-0.928	-0.928	-0.928	-0.928	-0.928	-0.950	-0.925	-0.922	-0.915	-0.925	-0.925	-0.938	
rs10027772     -0.736	-0.726	-0.717	-0.726	-0.730	-0.731	-0.721	-0.727	-0.594	-0.740	-0.741	-0.741	-0.749	-0.752	-0.752	-0.752	-0.752	-0.752	-0.753	-0.758	-0.759	-0.730	-0.764	-0.741	-1.036	-1.035	-0.983	-1.035	-1.000	-1.036	-1.030	-0.999	-1.031	-1.027	-1.036	-0.970	-1.036	-1.011	-1.026	-0.843	-1.038	-1.031	-1.030	-1.026	-1.011	-1.009	-1.006	-1.006	-1.028	-1.019	-1.004	-1.026	-1.010	-1.010	-1.026	-1.010	-1.008	-1.026	-1.022	-1.027	-1.022	-1.027	-1.024	-1.022	-1.022	-1.022	-1.022	-1.020	-1.022	-1.021	-1.021	-1.020	-1.003	-0.997	-1.014	-1.014	-1.021	-1.021	-1.024	-1.024	-1.024	-1.024	-1.024	-1.024	-1.024	-1.025	-0.981	-1.027	-1.020	-1.025	-1.025	-1.029	-1.027	-1.027	-1.030	-1.034	-1.035	-1.028	-0.945	-1.009	-0.996	-0.996	-0.997	-0.997	-0.997	-0.997	-1.002	-0.996	-1.015	-1.081	-1.019	-1.031	-1.072	-1.031	-0.999	-0.999	-0.998	-1.031	-0.996	-0.995	-0.994	-0.994	-0.994	-0.993	-0.993	-0.993	-0.993	-1.032	-0.992	-1.048	-0.992	-0.992	-0.993	-0.993	-1.037	-0.992	-0.992	-0.986	-0.991	-1.029	-1.026	-0.990	-0.990	-1.028	-0.974	-0.961	-0.960	-0.960	-1.020	-0.959	-0.959	-0.958	-0.943	-0.943	-0.957	-0.954	-0.957	-0.957	-0.957	-0.957	-0.939	-1.019	-0.956	-0.956	-0.954	-0.954	-0.952	-0.948	-0.935	-0.933	-0.941	-0.963	-0.928	-0.932	-0.932	-0.932	-0.932	-0.932	-0.932	-0.954	-0.929	-0.926	-0.919	-0.929	-0.929	-0.941	
rs9996466      -0.743	-0.738	-0.724	-0.734	-0.741	-0.741	-0.733	-0.736	-0.740	-0.600	-0.731	-0.731	-0.743	-0.741	-0.741	-0.741	-0.741	-0.741	-0.742	-0.746	-0.749	-0.700	-0.755	-0.746	-1.042	-1.041	-0.990	-1.041	-1.007	-1.042	-1.036	-1.006	-1.037	-1.034	-1.042	-0.978	-1.043	-1.018	-1.032	-0.847	-1.044	-1.037	-1.036	-1.032	-1.017	-1.016	-1.012	-1.012	-1.034	-1.025	-1.009	-1.032	-1.016	-1.016	-1.032	-1.016	-1.015	-1.032	-1.029	-1.033	-1.029	-1.033	-1.031	-1.028	-1.028	-1.028	-1.028	-1.027	-1.028	-1.028	-1.028	-1.027	-1.009	-1.003	-1.021	-1.021	-1.027	-1.027	-1.031	-1.030	-1.030	-1.030	-1.030	-1.030	-1.030	-1.031	-0.988	-1.033	-1.027	-1.032	-1.031	-1.035	-1.033	-1.033	-1.037	-1.040	-1.041	-1.035	-0.952	-1.013	-1.003	-1.004	-1.004	-1.004	-1.004	-1.004	-1.009	-1.003	-1.022	-1.086	-1.025	-1.037	-1.076	-1.037	-1.006	-1.006	-1.005	-1.037	-1.003	-1.002	-1.001	-1.001	-1.001	-1.000	-1.000	-1.000	-1.000	-1.039	-0.999	-1.053	-0.999	-0.999	-1.001	-1.001	-1.042	-0.999	-0.999	-0.993	-0.998	-1.035	-1.032	-0.997	-0.997	-1.034	-0.981	-0.969	-0.968	-0.967	-1.026	-0.966	-0.967	-0.965	-0.950	-0.950	-0.965	-0.962	-0.964	-0.964	-0.964	-0.964	-0.947	-1.025	-0.964	-0.964	-0.962	-0.962	-0.960	-0.955	-0.942	-0.941	-0.949	-0.971	-0.936	-0.940	-0.940	-0.940	-0.940	-0.940	-0.940	-0.962	-0.937	-0.934	-0.927	-0.937	-0.937	-0.949	
rs62315601     -0.746	-0.741	-0.728	-0.737	-0.742	-0.742	-0.735	-0.737	-0.741	-0.731	-0.598	-0.730	-0.742	-0.741	-0.741	-0.741	-0.741	-0.741	-0.742	-0.747	-0.749	-0.707	-0.755	-0.744	-1.040	-1.039	-0.987	-1.039	-1.004	-1.040	-1.034	-1.003	-1.035	-1.031	-1.040	-0.975	-1.040	-1.016	-1.030	-0.846	-1.042	-1.034	-1.034	-1.030	-1.015	-1.013	-1.010	-1.010	-1.032	-1.023	-1.008	-1.030	-1.014	-1.014	-1.030	-1.014	-1.013	-1.030	-1.026	-1.031	-1.026	-1.031	-1.028	-1.026	-1.026	-1.026	-1.026	-1.024	-1.026	-1.025	-1.025	-1.024	-1.007	-1.001	-1.018	-1.018	-1.025	-1.025	-1.028	-1.028	-1.028	-1.028	-1.028	-1.028	-1.028	-1.029	-0.986	-1.031	-1.024	-1.029	-1.029	-1.033	-1.031	-1.031	-1.034	-1.038	-1.039	-1.032	-0.950	-1.012	-1.001	-1.001	-1.001	-1.002	-1.002	-1.002	-1.007	-1.000	-1.020	-1.084	-1.023	-1.035	-1.075	-1.035	-1.003	-1.003	-1.003	-1.035	-1.001	-1.000	-0.998	-0.998	-0.998	-0.997	-0.997	-0.997	-0.997	-1.036	-0.997	-1.051	-0.997	-0.996	-0.998	-0.998	-1.040	-0.996	-0.996	-0.990	-0.996	-1.033	-1.030	-0.995	-0.994	-1.032	-0.978	-0.966	-0.965	-0.965	-1.024	-0.964	-0.964	-0.962	-0.948	-0.948	-0.962	-0.959	-0.961	-0.961	-0.961	-0.961	-0.944	-1.023	-0.961	-0.961	-0.959	-0.959	-0.957	-0.952	-0.940	-0.938	-0.946	-0.968	-0.933	-0.937	-0.937	-0.937	-0.937	-0.937	-0.937	-0.959	-0.934	-0.931	-0.924	-0.934	-0.934	-0.946	
rs978414       -0.746	-0.741	-0.728	-0.737	-0.742	-0.742	-0.735	-0.737	-0.741	-0.731	-0.730	-0.598	-0.741	-0.741	-0.741	-0.741	-0.741	-0.741	-0.742	-0.747	-0.749	-0.707	-0.755	-0.744	-1.040	-1.038	-0.987	-1.038	-1.004	-1.040	-1.034	-1.003	-1.034	-1.031	-1.040	-0.974	-1.040	-1.016	-1.030	-0.846	-1.042	-1.034	-1.034	-1.030	-1.015	-1.013	-1.010	-1.010	-1.032	-1.023	-1.008	-1.030	-1.014	-1.014	-1.030	-1.014	-1.012	-1.030	-1.026	-1.031	-1.026	-1.031	-1.028	-1.026	-1.026	-1.026	-1.026	-1.024	-1.026	-1.025	-1.025	-1.024	-1.007	-1.001	-1.018	-1.018	-1.025	-1.025	-1.028	-1.028	-1.028	-1.028	-1.028	-1.028	-1.028	-1.029	-0.986	-1.031	-1.024	-1.029	-1.029	-1.032	-1.031	-1.031	-1.034	-1.038	-1.039	-1.032	-0.950	-1.012	-1.000	-1.001	-1.001	-1.001	-1.001	-1.002	-1.006	-1.000	-1.020	-1.084	-1.022	-1.035	-1.075	-1.035	-1.003	-1.003	-1.003	-1.035	-1.001	-0.999	-0.998	-0.998	-0.998	-0.997	-0.997	-0.997	-0.997	-1.036	-0.997	-1.051	-0.997	-0.996	-0.998	-0.998	-1.040	-0.996	-0.996	-0.990	-0.996	-1.033	-1.030	-0.995	-0.994	-1.032	-0.978	-0.966	-0.965	-0.964	-1.024	-0.963	-0.964	-0.962	-0.947	-0.947	-0.962	-0.959	-0.961	-0.961	-0.961	-0.961	-0.944	-1.023	-0.961	-0.961	-0.959	-0.959	-0.957	-0.952	-0.939	-0.938	-0.946	-0.968	-0.933	-0.937	-0.937	-0.937	-0.937	-0.937	-0.937	-0.959	-0.933	-0.930	-0.924	-0.933	-0.934	-0.946	
rs1377717      -0.751	-0.747	-0.735	-0.744	-0.749	-0.749	-0.743	-0.745	-0.749	-0.743	-0.742	-0.741	-0.600	-0.731	-0.731	-0.731	-0.731	-0.731	-0.732	-0.738	-0.740	-0.690	-0.748	-0.746	-1.042	-1.040	-0.989	-1.040	-1.006	-1.041	-1.036	-1.005	-1.036	-1.033	-1.042	-0.976	-1.042	-1.018	-1.032	-0.847	-1.044	-1.036	-1.036	-1.032	-1.016	-1.015	-1.012	-1.012	-1.034	-1.025	-1.009	-1.032	-1.016	-1.016	-1.032	-1.015	-1.014	-1.031	-1.028	-1.032	-1.028	-1.032	-1.030	-1.028	-1.028	-1.028	-1.028	-1.026	-1.028	-1.027	-1.027	-1.026	-1.008	-1.002	-1.020	-1.020	-1.027	-1.027	-1.030	-1.030	-1.029	-1.029	-1.029	-1.030	-1.030	-1.030	-0.987	-1.033	-1.026	-1.031	-1.030	-1.034	-1.032	-1.032	-1.036	-1.040	-1.040	-1.034	-0.951	-1.013	-1.002	-1.003	-1.003	-1.003	-1.003	-1.004	-1.008	-1.002	-1.021	-1.086	-1.024	-1.037	-1.076	-1.037	-1.005	-1.005	-1.005	-1.037	-1.002	-1.001	-1.000	-1.000	-1.000	-0.999	-0.999	-0.999	-0.999	-1.038	-0.999	-1.052	-0.998	-0.998	-1.000	-1.000	-1.041	-0.998	-0.998	-0.992	-0.997	-1.035	-1.031	-0.996	-0.996	-1.033	-0.980	-0.968	-0.967	-0.966	-1.026	-0.965	-0.965	-0.964	-0.949	-0.949	-0.964	-0.961	-0.963	-0.963	-0.963	-0.963	-0.946	-1.025	-0.963	-0.963	-0.961	-0.961	-0.959	-0.954	-0.941	-0.940	-0.948	-0.970	-0.935	-0.939	-0.939	-0.939	-0.939	-0.939	-0.939	-0.961	-0.935	-0.932	-0.926	-0.935	-0.936	-0.948	
rs143524533    -0.758	-0.754	-0.745	-0.751	-0.754	-0.754	-0.749	-0.750	-0.752	-0.741	-0.741	-0.741	-0.731	-0.596	-0.729	-0.729	-0.729	-0.729	-0.730	-0.737	-0.738	-0.700	-0.747	-0.744	-1.038	-1.036	-0.984	-1.036	-1.001	-1.038	-1.032	-1.001	-1.032	-1.029	-1.038	-0.971	-1.038	-1.013	-1.028	-0.846	-1.040	-1.033	-1.032	-1.028	-1.012	-1.011	-1.008	-1.008	-1.030	-1.021	-1.006	-1.028	-1.012	-1.012	-1.028	-1.011	-1.010	-1.028	-1.024	-1.029	-1.024	-1.029	-1.026	-1.024	-1.024	-1.024	-1.024	-1.022	-1.024	-1.023	-1.023	-1.022	-1.005	-0.999	-1.016	-1.016	-1.023	-1.023	-1.026	-1.026	-1.026	-1.026	-1.026	-1.026	-1.026	-1.027	-0.983	-1.029	-1.022	-1.027	-1.027	-1.031	-1.029	-1.029	-1.032	-1.036	-1.037	-1.031	-0.947	-1.011	-0.998	-0.999	-0.999	-0.999	-0.999	-0.999	-1.004	-0.998	-1.017	-1.083	-1.021	-1.033	-1.074	-1.033	-1.001	-1.001	-1.000	-1.033	-0.998	-0.997	-0.996	-0.996	-0.996	-0.995	-0.995	-0.995	-0.995	-1.035	-0.994	-1.050	-0.994	-0.994	-0.996	-0.996	-1.039	-0.994	-0.994	-0.988	-0.993	-1.031	-1.028	-0.992	-0.992	-1.030	-0.976	-0.963	-0.962	-0.962	-1.022	-0.961	-0.961	-0.959	-0.945	-0.945	-0.959	-0.956	-0.959	-0.959	-0.959	-0.959	-0.941	-1.021	-0.958	-0.958	-0.956	-0.956	-0.954	-0.950	-0.936	-0.935	-0.943	-0.965	-0.930	-0.934	-0.934	-0.934	-0.934	-0.934	-0.934	-0.956	-0.930	-0.927	-0.921	-0.930	-0.931	-0.943	
rs3959607      -0.758	-0.754	-0.745	-0.751	-0.754	-0.754	-0.749	-0.750	-0.752	-0.741	-0.741	-0.741	-0.731	-0.729	-0.596	-0.729	-0.729	-0.729	-0.730	-0.737	-0.738	-0.700	-0.747	-0.744	-1.038	-1.036	-0.984	-1.036	-1.001	-1.038	-1.032	-1.001	-1.032	-1.029	-1.038	-0.971	-1.038	-1.013	-1.028	-0.846	-1.040	-1.033	-1.032	-1.028	-1.012	-1.011	-1.008	-1.008	-1.030	-1.021	-1.006	-1.028	-1.012	-1.012	-1.028	-1.011	-1.010	-1.028	-1.024	-1.029	-1.024	-1.029	-1.026	-1.024	-1.024	-1.024	-1.024	-1.022	-1.024	-1.023	-1.023	-1.022	-1.004	-0.999	-1.016	-1.016	-1.023	-1.023	-1.026	-1.026	-1.026	-1.026	-1.026	-1.026	-1.026	-1.027	-0.983	-1.029	-1.022	-1.027	-1.027	-1.030	-1.029	-1.029	-1.032	-1.036	-1.037	-1.031	-0.947	-1.011	-0.998	-0.999	-0.999	-0.999	-0.999	-0.999	-1.004	-0.998	-1.017	-1.083	-1.021	-1.033	-1.074	-1.033	-1.001	-1.001	-1.000	-1.033	-0.998	-0.997	-0.996	-0.996	-0.996	-0.995	-0.995	-0.995	-0.995	-1.035	-0.994	-1.050	-0.994	-0.994	-0.996	-0.996	-1.039	-0.994	-0.994	-0.988	-0.993	-1.031	-1.028	-0.992	-0.992	-1.030	-0.976	-0.963	-0.962	-0.962	-1.022	-0.961	-0.961	-0.959	-0.945	-0.945	-0.959	-0.956	-0.959	-0.958	-0.959	-0.958	-0.941	-1.021	-0.958	-0.958	-0.956	-0.956	-0.954	-0.949	-0.936	-0.935	-0.943	-0.965	-0.930	-0.934	-0.934	-0.934	-0.934	-0.934	-0.934	-0.956	-0.930	-0.927	-0.921	-0.930	-0.931	-0.943	
rs4286599      -0.758	-0.754	-0.745	-0.751	-0.754	-0.754	-0.749	-0.750	-0.752	-0.741	-0.741	-0.741	-0.731	-0.729	-0.729	-0.596	-0.729	-0.729	-0.730	-0.737	-0.738	-0.700	-0.747	-0.744	-1.038	-1.036	-0.984	-1.036	-1.001	-1.038	-1.032	-1.001	-1.032	-1.029	-1.038	-0.971	-1.038	-1.013	-1.028	-0.846	-1.040	-1.033	-1.032	-1.028	-1.012	-1.011	-1.008	-1.008	-1.030	-1.021	-1.006	-1.028	-1.012	-1.012	-1.028	-1.011	-1.010	-1.028	-1.024	-1.029	-1.024	-1.029	-1.026	-1.024	-1.024	-1.024	-1.024	-1.022	-1.024	-1.023	-1.023	-1.022	-1.004	-0.999	-1.016	-1.016	-1.023	-1.023	-1.026	-1.026	-1.026	-1.026	-1.026	-1.026	-1.026	-1.027	-0.983	-1.029	-1.022	-1.027	-1.027	-1.030	-1.029	-1.029	-1.032	-1.036	-1.037	-1.031	-0.947	-1.011	-0.998	-0.999	-0.999	-0.999	-0.999	-0.999	-1.004	-0.998	-1.017	-1.083	-1.021	-1.033	-1.074	-1.033	-1.001	-1.001	-1.000	-1.033	-0.998	-0.997	-0.996	-0.996	-0.996	-0.995	-0.995	-0.995	-0.995	-1.035	-0.994	-1.050	-0.994	-0.994	-0.996	-0.996	-1.039	-0.994	-0.994	-0.988	-0.993	-1.031	-1.028	-0.992	-0.992	-1.030	-0.976	-0.963	-0.962	-0.962	-1.022	-0.961	-0.961	-0.959	-0.945	-0.945	-0.959	-0.956	-0.959	-0.958	-0.959	-0.959	-0.941	-1.021	-0.958	-0.958	-0.956	-0.956	-0.954	-0.949	-0.936	-0.935	-0.943	-0.965	-0.930	-0.934	-0.934	-0.934	-0.934	-0.934	-0.934	-0.956	-0.930	-0.927	-0.921	-0.930	-0.931	-0.943	
rs17237763     -0.759	-0.755	-0.746	-0.751	-0.754	-0.754	-0.750	-0.750	-0.752	-0.741	-0.741	-0.741	-0.731	-0.729	-0.729	-0.729	-0.596	-0.728	-0.729	-0.734	-0.735	-0.698	-0.744	-0.743	-1.037	-1.036	-0.984	-1.036	-1.001	-1.037	-1.031	-1.000	-1.032	-1.029	-1.038	-0.971	-1.038	-1.013	-1.027	-0.845	-1.040	-1.032	-1.032	-1.028	-1.012	-1.010	-1.007	-1.007	-1.030	-1.021	-1.006	-1.028	-1.011	-1.011	-1.027	-1.011	-1.010	-1.027	-1.024	-1.028	-1.024	-1.028	-1.026	-1.023	-1.023	-1.023	-1.023	-1.022	-1.023	-1.023	-1.023	-1.022	-1.004	-0.998	-1.015	-1.015	-1.022	-1.022	-1.026	-1.025	-1.025	-1.025	-1.025	-1.025	-1.025	-1.026	-0.983	-1.029	-1.022	-1.027	-1.026	-1.030	-1.028	-1.028	-1.032	-1.036	-1.037	-1.030	-0.946	-1.010	-0.997	-0.998	-0.998	-0.999	-0.999	-0.999	-1.004	-0.997	-1.017	-1.082	-1.020	-1.033	-1.073	-1.033	-1.000	-1.000	-1.000	-1.033	-0.998	-0.997	-0.995	-0.995	-0.995	-0.994	-0.994	-0.994	-0.994	-1.034	-0.994	-1.050	-0.994	-0.993	-0.995	-0.995	-1.039	-0.993	-0.993	-0.987	-0.993	-1.031	-1.027	-0.992	-0.991	-1.029	-0.975	-0.962	-0.961	-0.961	-1.021	-0.960	-0.960	-0.959	-0.944	-0.944	-0.959	-0.955	-0.958	-0.958	-0.958	-0.958	-0.941	-1.020	-0.958	-0.958	-0.955	-0.955	-0.954	-0.949	-0.936	-0.934	-0.942	-0.965	-0.929	-0.934	-0.933	-0.933	-0.933	-0.933	-0.933	-0.955	-0.930	-0.927	-0.920	-0.930	-0.930	-0.943	
rs17827298     -0.759	-0.755	-0.746	-0.751	-0.754	-0.754	-0.750	-0.750	-0.752	-0.741	-0.741	-0.741	-0.731	-0.729	-0.729	-0.729	-0.728	-0.596	-0.729	-0.734	-0.735	-0.698	-0.744	-0.743	-1.037	-1.036	-0.984	-1.036	-1.001	-1.037	-1.031	-1.000	-1.032	-1.029	-1.038	-0.971	-1.038	-1.013	-1.027	-0.845	-1.040	-1.032	-1.032	-1.028	-1.012	-1.010	-1.007	-1.007	-1.029	-1.021	-1.006	-1.028	-1.011	-1.011	-1.027	-1.011	-1.010	-1.027	-1.024	-1.028	-1.023	-1.028	-1.026	-1.023	-1.023	-1.023	-1.023	-1.022	-1.023	-1.023	-1.023	-1.022	-1.004	-0.998	-1.015	-1.015	-1.022	-1.022	-1.026	-1.025	-1.025	-1.025	-1.025	-1.025	-1.025	-1.026	-0.983	-1.029	-1.021	-1.027	-1.026	-1.030	-1.028	-1.028	-1.032	-1.036	-1.036	-1.030	-0.946	-1.010	-0.997	-0.998	-0.998	-0.998	-0.999	-0.999	-1.004	-0.997	-1.017	-1.082	-1.020	-1.033	-1.073	-1.033	-1.000	-1.000	-1.000	-1.033	-0.998	-0.996	-0.995	-0.995	-0.995	-0.994	-0.994	-0.994	-0.994	-1.034	-0.994	-1.050	-0.994	-0.993	-0.995	-0.995	-1.039	-0.993	-0.993	-0.987	-0.993	-1.031	-1.027	-0.991	-0.991	-1.029	-0.975	-0.962	-0.961	-0.961	-1.021	-0.960	-0.960	-0.959	-0.944	-0.944	-0.959	-0.955	-0.958	-0.958	-0.958	-0.958	-0.940	-1.020	-0.958	-0.958	-0.955	-0.955	-0.954	-0.949	-0.936	-0.934	-0.942	-0.965	-0.929	-0.933	-0.933	-0.933	-0.933	-0.933	-0.933	-0.955	-0.930	-0.927	-0.920	-0.930	-0.930	-0.942	
rs10008573     -0.759	-0.756	-0.746	-0.752	-0.755	-0.755	-0.750	-0.751	-0.753	-0.742	-0.742	-0.742	-0.732	-0.730	-0.730	-0.730	-0.729	-0.729	-0.596	-0.732	-0.733	-0.694	-0.741	-0.743	-1.037	-1.036	-0.984	-1.036	-1.001	-1.037	-1.031	-1.000	-1.032	-1.029	-1.038	-0.971	-1.038	-1.013	-1.027	-0.845	-1.040	-1.032	-1.032	-1.028	-1.012	-1.010	-1.007	-1.007	-1.030	-1.021	-1.006	-1.028	-1.011	-1.011	-1.027	-1.011	-1.010	-1.027	-1.024	-1.028	-1.024	-1.028	-1.026	-1.023	-1.023	-1.023	-1.023	-1.022	-1.023	-1.023	-1.023	-1.022	-1.004	-0.998	-1.015	-1.015	-1.022	-1.022	-1.026	-1.025	-1.025	-1.025	-1.025	-1.025	-1.025	-1.026	-0.983	-1.029	-1.022	-1.027	-1.026	-1.030	-1.028	-1.028	-1.032	-1.036	-1.037	-1.030	-0.946	-1.010	-0.998	-0.998	-0.999	-0.999	-0.999	-0.999	-1.004	-0.997	-1.017	-1.082	-1.020	-1.033	-1.073	-1.033	-1.000	-1.000	-1.000	-1.033	-0.998	-0.997	-0.995	-0.995	-0.995	-0.994	-0.994	-0.994	-0.994	-1.034	-0.994	-1.050	-0.994	-0.993	-0.995	-0.995	-1.039	-0.993	-0.993	-0.987	-0.993	-1.031	-1.027	-0.992	-0.991	-1.029	-0.975	-0.962	-0.961	-0.961	-1.021	-0.960	-0.960	-0.959	-0.944	-0.944	-0.959	-0.955	-0.958	-0.958	-0.958	-0.958	-0.941	-1.020	-0.958	-0.958	-0.956	-0.955	-0.954	-0.949	-0.936	-0.934	-0.942	-0.965	-0.929	-0.934	-0.933	-0.933	-0.933	-0.933	-0.933	-0.955	-0.930	-0.927	-0.920	-0.930	-0.930	-0.943	
rs17827311     -0.765	-0.762	-0.754	-0.758	-0.760	-0.760	-0.756	-0.757	-0.758	-0.746	-0.747	-0.747	-0.738	-0.737	-0.737	-0.737	-0.734	-0.734	-0.732	-0.594	-0.728	-0.698	-0.736	-0.742	-1.035	-1.034	-0.981	-1.034	-0.998	-1.035	-1.029	-0.997	-1.029	-1.026	-1.035	-0.968	-1.036	-1.010	-1.025	-0.844	-1.038	-1.030	-1.029	-1.025	-1.009	-1.008	-1.005	-1.005	-1.027	-1.019	-1.004	-1.025	-1.009	-1.009	-1.025	-1.008	-1.007	-1.025	-1.021	-1.026	-1.021	-1.026	-1.023	-1.021	-1.021	-1.021	-1.021	-1.019	-1.021	-1.020	-1.020	-1.019	-1.002	-0.996	-1.013	-1.013	-1.020	-1.020	-1.023	-1.023	-1.023	-1.023	-1.023	-1.023	-1.023	-1.024	-0.980	-1.026	-1.019	-1.024	-1.024	-1.028	-1.026	-1.026	-1.029	-1.034	-1.034	-1.028	-0.944	-1.009	-0.995	-0.995	-0.996	-0.996	-0.996	-0.996	-1.001	-0.995	-1.014	-1.081	-1.018	-1.031	-1.072	-1.031	-0.998	-0.998	-0.997	-1.031	-0.995	-0.994	-0.992	-0.992	-0.992	-0.992	-0.992	-0.992	-0.992	-1.032	-0.991	-1.048	-0.991	-0.991	-0.992	-0.992	-1.037	-0.991	-0.990	-0.984	-0.990	-1.029	-1.025	-0.989	-0.988	-1.027	-0.972	-0.959	-0.958	-0.958	-1.019	-0.957	-0.957	-0.956	-0.941	-0.941	-0.956	-0.952	-0.955	-0.955	-0.955	-0.955	-0.937	-1.018	-0.955	-0.955	-0.952	-0.952	-0.951	-0.946	-0.933	-0.931	-0.939	-0.962	-0.926	-0.930	-0.930	-0.930	-0.930	-0.930	-0.930	-0.952	-0.927	-0.924	-0.917	-0.927	-0.927	-0.939	
rs7686869      -0.764	-0.761	-0.752	-0.757	-0.760	-0.760	-0.756	-0.757	-0.759	-0.749	-0.749	-0.749	-0.740	-0.738	-0.738	-0.738	-0.735	-0.735	-0.733	-0.728	-0.596	-0.688	-0.736	-0.744	-1.038	-1.036	-0.984	-1.036	-1.001	-1.038	-1.032	-1.001	-1.032	-1.029	-1.038	-0.971	-1.038	-1.013	-1.028	-0.846	-1.040	-1.032	-1.032	-1.028	-1.012	-1.011	-1.008	-1.007	-1.030	-1.021	-1.006	-1.028	-1.012	-1.012	-1.028	-1.011	-1.010	-1.028	-1.024	-1.029	-1.024	-1.029	-1.026	-1.024	-1.024	-1.024	-1.024	-1.022	-1.024	-1.023	-1.023	-1.022	-1.004	-0.998	-1.016	-1.016	-1.023	-1.023	-1.026	-1.026	-1.026	-1.025	-1.025	-1.026	-1.026	-1.026	-0.983	-1.029	-1.022	-1.027	-1.027	-1.030	-1.029	-1.029	-1.032	-1.036	-1.037	-1.030	-0.947	-1.011	-0.998	-0.998	-0.999	-0.999	-0.999	-0.999	-1.004	-0.998	-1.017	-1.083	-1.021	-1.033	-1.074	-1.033	-1.001	-1.001	-1.000	-1.033	-0.998	-0.997	-0.996	-0.995	-0.995	-0.995	-0.995	-0.995	-0.995	-1.034	-0.994	-1.050	-0.994	-0.994	-0.995	-0.995	-1.039	-0.994	-0.994	-0.987	-0.993	-1.031	-1.028	-0.992	-0.991	-1.030	-0.976	-0.963	-0.962	-0.961	-1.022	-0.960	-0.961	-0.959	-0.944	-0.944	-0.959	-0.956	-0.958	-0.958	-0.958	-0.958	-0.941	-1.021	-0.958	-0.958	-0.956	-0.956	-0.954	-0.949	-0.936	-0.934	-0.943	-0.965	-0.929	-0.934	-0.934	-0.934	-0.934	-0.934	-0.934	-0.956	-0.930	-0.927	-0.921	-0.930	-0.931	-0.943	
rs62315606     -0.756	-0.753	-0.751	-0.744	-0.738	-0.736	-0.739	-0.734	-0.730	-0.700	-0.707	-0.707	-0.690	-0.700	-0.700	-0.700	-0.698	-0.698	-0.694	-0.698	-0.688	-0.571	-0.704	-0.725	-1.010	-1.009	-0.951	-1.009	-0.969	-1.010	-1.004	-0.969	-1.004	-1.000	-1.011	-0.937	-1.011	-0.983	-0.999	-0.828	-1.015	-1.006	-1.005	-1.001	-0.983	-0.982	-0.979	-0.978	-1.003	-0.995	-0.984	-1.001	-0.982	-0.982	-1.000	-0.982	-0.981	-1.000	-0.996	-1.001	-0.996	-1.001	-0.998	-0.996	-0.996	-0.996	-0.996	-0.994	-0.996	-0.995	-0.995	-0.994	-0.976	-0.970	-0.987	-0.987	-0.995	-0.995	-0.998	-0.998	-0.998	-0.998	-0.998	-0.998	-0.998	-0.999	-0.954	-1.002	-0.994	-0.999	-0.999	-1.003	-1.001	-1.001	-1.004	-1.010	-1.011	-1.004	-0.916	-0.992	-0.967	-0.968	-0.968	-0.968	-0.968	-0.969	-0.974	-0.967	-0.989	-1.060	-0.994	-1.009	-1.052	-1.007	-0.970	-0.970	-0.970	-1.007	-0.967	-0.966	-0.965	-0.965	-0.965	-0.964	-0.964	-0.964	-0.964	-1.008	-0.963	-1.030	-0.963	-0.963	-0.965	-0.965	-1.019	-0.963	-0.963	-0.956	-0.962	-1.005	-1.001	-0.961	-0.960	-1.003	-0.944	-0.930	-0.929	-0.928	-0.994	-0.927	-0.927	-0.926	-0.911	-0.911	-0.926	-0.922	-0.925	-0.925	-0.925	-0.925	-0.907	-0.993	-0.925	-0.925	-0.923	-0.922	-0.921	-0.916	-0.902	-0.900	-0.909	-0.932	-0.895	-0.900	-0.899	-0.899	-0.899	-0.899	-0.899	-0.922	-0.896	-0.893	-0.886	-0.896	-0.896	-0.909	
rs17237784     -0.769	-0.766	-0.759	-0.763	-0.766	-0.766	-0.762	-0.763	-0.764	-0.755	-0.755	-0.755	-0.748	-0.747	-0.747	-0.747	-0.744	-0.744	-0.741	-0.736	-0.736	-0.704	-0.595	-0.742	-1.036	-1.034	-0.982	-1.034	-0.999	-1.036	-1.030	-0.998	-1.030	-1.027	-1.036	-0.969	-1.036	-1.011	-1.026	-0.844	-1.038	-1.031	-1.030	-1.026	-1.010	-1.009	-1.006	-1.005	-1.028	-1.019	-1.005	-1.026	-1.010	-1.010	-1.026	-1.009	-1.008	-1.026	-1.022	-1.027	-1.022	-1.027	-1.024	-1.022	-1.022	-1.022	-1.022	-1.020	-1.022	-1.021	-1.021	-1.020	-1.002	-0.997	-1.014	-1.014	-1.021	-1.021	-1.024	-1.024	-1.024	-1.023	-1.023	-1.024	-1.024	-1.025	-0.981	-1.027	-1.020	-1.025	-1.025	-1.028	-1.027	-1.027	-1.030	-1.035	-1.035	-1.029	-0.945	-1.009	-0.996	-0.996	-0.997	-0.997	-0.997	-0.997	-1.002	-0.996	-1.015	-1.081	-1.019	-1.032	-1.072	-1.031	-0.999	-0.999	-0.998	-1.032	-0.996	-0.995	-0.994	-0.993	-0.993	-0.993	-0.993	-0.993	-0.993	-1.033	-0.992	-1.049	-0.992	-0.992	-0.993	-0.993	-1.038	-0.992	-0.991	-0.985	-0.991	-1.029	-1.026	-0.990	-0.989	-1.028	-0.974	-0.961	-0.959	-0.959	-1.020	-0.958	-0.958	-0.957	-0.942	-0.942	-0.957	-0.953	-0.956	-0.956	-0.956	-0.956	-0.939	-1.019	-0.956	-0.956	-0.954	-0.954	-0.952	-0.947	-0.934	-0.932	-0.940	-0.963	-0.927	-0.932	-0.931	-0.931	-0.931	-0.931	-0.931	-0.953	-0.928	-0.925	-0.918	-0.928	-0.928	-0.941	
rs72630988     -0.731	-0.733	-0.731	-0.736	-0.739	-0.739	-0.738	-0.739	-0.741	-0.746	-0.744	-0.744	-0.746	-0.744	-0.744	-0.744	-0.743	-0.743	-0.743	-0.742	-0.744	-0.725	-0.742	-0.255	-0.760	-0.760	-0.744	-0.760	-0.752	-0.760	-0.757	-0.752	-0.759	-0.758	-0.760	-0.737	-0.759	-0.753	-0.758	-0.584	-0.751	-0.751	-0.751	-0.750	-0.745	-0.741	-0.740	-0.740	-0.751	-0.732	-0.692	-0.750	-0.745	-0.745	-0.751	-0.745	-0.744	-0.751	-0.749	-0.751	-0.749	-0.751	-0.750	-0.749	-0.749	-0.749	-0.749	-0.749	-0.749	-0.749	-0.749	-0.749	-0.730	-0.727	-0.746	-0.746	-0.749	-0.749	-0.750	-0.750	-0.750	-0.750	-0.750	-0.750	-0.750	-0.751	-0.717	-0.751	-0.749	-0.751	-0.751	-0.752	-0.751	-0.751	-0.756	-0.748	-0.748	-0.745	-0.695	-0.729	-0.740	-0.740	-0.740	-0.740	-0.740	-0.740	-0.743	-0.739	-0.745	-0.774	-0.734	-0.736	-0.771	-0.747	-0.741	-0.741	-0.741	-0.747	-0.740	-0.739	-0.739	-0.738	-0.738	-0.738	-0.738	-0.738	-0.738	-0.748	-0.738	-0.759	-0.738	-0.737	-0.738	-0.738	-0.751	-0.737	-0.737	-0.734	-0.737	-0.747	-0.746	-0.736	-0.736	-0.747	-0.726	-0.722	-0.721	-0.721	-0.747	-0.720	-0.720	-0.719	-0.704	-0.704	-0.719	-0.717	-0.719	-0.718	-0.719	-0.719	-0.706	-0.747	-0.718	-0.718	-0.717	-0.717	-0.716	-0.712	-0.703	-0.702	-0.707	-0.721	-0.699	-0.702	-0.702	-0.702	-0.702	-0.702	-0.702	-0.716	-0.699	-0.697	-0.692	-0.699	-0.699	-0.707	
rs35886686     -1.022	-1.023	-1.020	-1.028	-1.032	-1.033	-1.030	-1.033	-1.036	-1.042	-1.040	-1.040	-1.042	-1.038	-1.038	-1.038	-1.037	-1.037	-1.037	-1.035	-1.038	-1.010	-1.036	-0.760	-0.625	-0.759	-0.762	-0.759	-0.797	-0.759	-0.768	-0.795	-0.757	-0.751	-0.766	-0.739	-0.763	-0.746	-0.776	-0.836	-0.902	-0.900	-0.901	-0.901	-0.882	-0.890	-0.886	-0.886	-0.902	-0.920	-0.911	-0.901	-0.889	-0.889	-0.902	-0.889	-0.888	-0.902	-0.899	-0.903	-0.899	-0.903	-0.901	-0.899	-0.899	-0.899	-0.899	-0.898	-0.899	-0.899	-0.899	-0.899	-0.898	-0.892	-0.892	-0.892	-0.899	-0.899	-0.904	-0.904	-0.904	-0.904	-0.904	-0.905	-0.905	-0.906	-0.886	-0.908	-0.902	-0.907	-0.906	-0.911	-0.908	-0.909	-0.934	-0.975	-0.975	-0.991	-0.892	-1.006	-0.933	-0.934	-0.935	-0.935	-0.935	-0.935	-0.941	-0.934	-0.956	-1.101	-0.981	-0.989	-1.081	-0.995	-0.938	-0.938	-0.937	-0.995	-0.935	-0.934	-0.932	-0.932	-0.932	-0.932	-0.932	-0.931	-0.931	-0.996	-0.931	-1.047	-0.931	-0.931	-0.933	-0.933	-1.035	-0.930	-0.930	-0.923	-0.930	-0.995	-0.993	-0.928	-0.928	-0.994	-0.909	-0.911	-0.910	-0.909	-0.999	-0.908	-0.908	-0.907	-0.896	-0.896	-0.907	-0.903	-0.906	-0.906	-0.906	-0.906	-0.886	-0.998	-0.905	-0.905	-0.903	-0.903	-0.901	-0.895	-0.880	-0.878	-0.889	-0.915	-0.872	-0.877	-0.877	-0.877	-0.877	-0.877	-0.878	-0.903	-0.873	-0.869	-0.862	-0.873	-0.873	-0.888	
rs17089520     -1.021	-1.022	-1.019	-1.026	-1.031	-1.031	-1.029	-1.031	-1.035	-1.041	-1.039	-1.038	-1.040	-1.036	-1.036	-1.036	-1.036	-1.036	-1.036	-1.034	-1.036	-1.009	-1.034	-0.760	-0.759	-0.624	-0.769	-0.758	-0.802	-0.760	-0.771	-0.800	-0.761	-0.758	-0.767	-0.747	-0.762	-0.752	-0.779	-0.838	-0.900	-0.900	-0.900	-0.900	-0.883	-0.891	-0.888	-0.887	-0.902	-0.919	-0.909	-0.901	-0.890	-0.890	-0.902	-0.891	-0.889	-0.902	-0.899	-0.902	-0.899	-0.902	-0.901	-0.899	-0.899	-0.899	-0.899	-0.898	-0.899	-0.899	-0.899	-0.899	-0.899	-0.893	-0.893	-0.893	-0.900	-0.900	-0.904	-0.904	-0.905	-0.905	-0.905	-0.905	-0.905	-0.906	-0.887	-0.908	-0.903	-0.907	-0.906	-0.911	-0.908	-0.909	-0.934	-0.974	-0.974	-0.991	-0.895	-1.006	-0.935	-0.936	-0.936	-0.937	-0.937	-0.937	-0.942	-0.936	-0.957	-1.100	-0.981	-0.988	-1.081	-0.995	-0.939	-0.939	-0.939	-0.995	-0.937	-0.936	-0.934	-0.934	-0.934	-0.933	-0.933	-0.933	-0.933	-0.996	-0.933	-1.047	-0.933	-0.932	-0.935	-0.935	-1.035	-0.932	-0.932	-0.925	-0.932	-0.994	-0.993	-0.930	-0.930	-0.994	-0.911	-0.913	-0.912	-0.912	-0.999	-0.911	-0.911	-0.909	-0.898	-0.898	-0.909	-0.905	-0.908	-0.908	-0.908	-0.908	-0.889	-0.999	-0.908	-0.908	-0.905	-0.905	-0.903	-0.898	-0.883	-0.881	-0.892	-0.917	-0.875	-0.880	-0.880	-0.880	-0.880	-0.880	-0.881	-0.906	-0.876	-0.872	-0.866	-0.876	-0.876	-0.891	
rs4865342      -0.967	-0.968	-0.964	-0.973	-0.978	-0.979	-0.976	-0.979	-0.983	-0.990	-0.987	-0.987	-0.989	-0.984	-0.984	-0.984	-0.984	-0.984	-0.984	-0.981	-0.984	-0.951	-0.982	-0.744	-0.762	-0.769	-0.592	-0.770	-0.727	-0.764	-0.782	-0.728	-0.783	-0.790	-0.759	-0.733	-0.760	-0.821	-0.800	-0.843	-0.860	-0.876	-0.878	-0.885	-0.892	-0.895	-0.896	-0.896	-0.883	-0.884	-0.843	-0.886	-0.897	-0.897	-0.887	-0.898	-0.898	-0.887	-0.891	-0.886	-0.891	-0.886	-0.889	-0.891	-0.891	-0.891	-0.891	-0.892	-0.891	-0.892	-0.892	-0.893	-0.893	-0.895	-0.896	-0.896	-0.893	-0.893	-0.894	-0.895	-0.895	-0.896	-0.896	-0.896	-0.896	-0.895	-0.900	-0.893	-0.898	-0.895	-0.896	-0.894	-0.894	-0.894	-0.919	-0.944	-0.942	-0.967	-0.917	-1.000	-0.947	-0.948	-0.948	-0.948	-0.948	-0.948	-0.951	-0.948	-0.949	-1.075	-0.956	-0.950	-1.062	-0.970	-0.950	-0.950	-0.950	-0.970	-0.949	-0.948	-0.948	-0.948	-0.948	-0.948	-0.948	-0.948	-0.948	-0.971	-0.947	-1.040	-0.947	-0.947	-0.948	-0.948	-1.030	-0.947	-0.947	-0.944	-0.947	-0.972	-0.973	-0.946	-0.946	-0.972	-0.937	-0.941	-0.940	-0.940	-0.986	-0.940	-0.940	-0.939	-0.928	-0.928	-0.939	-0.936	-0.938	-0.938	-0.938	-0.938	-0.926	-0.986	-0.938	-0.938	-0.936	-0.936	-0.935	-0.932	-0.922	-0.921	-0.927	-0.946	-0.917	-0.921	-0.920	-0.920	-0.920	-0.920	-0.921	-0.936	-0.918	-0.915	-0.910	-0.918	-0.918	-0.928	
rs28551064     -1.021	-1.022	-1.019	-1.026	-1.031	-1.031	-1.029	-1.031	-1.035	-1.041	-1.039	-1.038	-1.040	-1.036	-1.036	-1.036	-1.036	-1.036	-1.036	-1.034	-1.036	-1.009	-1.034	-0.760	-0.759	-0.758	-0.770	-0.624	-0.802	-0.760	-0.771	-0.800	-0.762	-0.758	-0.766	-0.748	-0.762	-0.752	-0.779	-0.838	-0.900	-0.900	-0.900	-0.900	-0.883	-0.891	-0.888	-0.887	-0.902	-0.919	-0.909	-0.901	-0.890	-0.890	-0.902	-0.891	-0.889	-0.902	-0.899	-0.902	-0.899	-0.902	-0.901	-0.899	-0.899	-0.899	-0.899	-0.898	-0.899	-0.899	-0.899	-0.899	-0.899	-0.893	-0.893	-0.893	-0.900	-0.900	-0.904	-0.904	-0.905	-0.905	-0.905	-0.905	-0.905	-0.906	-0.887	-0.908	-0.903	-0.907	-0.906	-0.911	-0.908	-0.909	-0.934	-0.974	-0.974	-0.991	-0.895	-1.006	-0.935	-0.936	-0.937	-0.937	-0.937	-0.937	-0.942	-0.936	-0.957	-1.100	-0.981	-0.988	-1.081	-0.995	-0.939	-0.939	-0.939	-0.995	-0.937	-0.936	-0.934	-0.934	-0.934	-0.933	-0.933	-0.933	-0.933	-0.996	-0.933	-1.047	-0.933	-0.932	-0.935	-0.935	-1.035	-0.932	-0.932	-0.925	-0.932	-0.994	-0.993	-0.930	-0.930	-0.994	-0.911	-0.913	-0.912	-0.912	-0.999	-0.911	-0.911	-0.909	-0.898	-0.898	-0.909	-0.905	-0.908	-0.908	-0.908	-0.908	-0.889	-0.999	-0.908	-0.908	-0.905	-0.905	-0.903	-0.898	-0.883	-0.881	-0.892	-0.917	-0.875	-0.880	-0.880	-0.880	-0.880	-0.880	-0.881	-0.906	-0.876	-0.872	-0.866	-0.876	-0.876	-0.891	
rs1494104      -0.984	-0.985	-0.982	-0.990	-0.995	-0.996	-0.993	-0.996	-1.000	-1.007	-1.004	-1.004	-1.006	-1.001	-1.001	-1.001	-1.001	-1.001	-1.001	-0.998	-1.001	-0.969	-0.999	-0.752	-0.797	-0.802	-0.727	-0.802	-0.605	-0.798	-0.811	-0.738	-0.811	-0.816	-0.794	-0.722	-0.795	-0.841	-0.830	-0.846	-0.884	-0.896	-0.898	-0.902	-0.904	-0.908	-0.908	-0.907	-0.901	-0.903	-0.869	-0.903	-0.911	-0.911	-0.904	-0.911	-0.911	-0.904	-0.906	-0.904	-0.906	-0.904	-0.906	-0.907	-0.907	-0.907	-0.907	-0.907	-0.907	-0.907	-0.908	-0.908	-0.907	-0.907	-0.909	-0.909	-0.908	-0.908	-0.910	-0.910	-0.911	-0.911	-0.911	-0.911	-0.911	-0.911	-0.909	-0.910	-0.912	-0.911	-0.911	-0.911	-0.910	-0.911	-0.934	-0.960	-0.959	-0.980	-0.920	-1.006	-0.953	-0.954	-0.954	-0.954	-0.954	-0.954	-0.957	-0.954	-0.959	-1.087	-0.969	-0.966	-1.073	-0.983	-0.956	-0.956	-0.956	-0.983	-0.955	-0.954	-0.953	-0.953	-0.953	-0.953	-0.953	-0.953	-0.953	-0.984	-0.952	-1.048	-0.952	-0.952	-0.954	-0.954	-1.038	-0.952	-0.952	-0.948	-0.952	-0.984	-0.985	-0.951	-0.951	-0.984	-0.939	-0.943	-0.942	-0.942	-0.996	-0.941	-0.941	-0.940	-0.930	-0.930	-0.940	-0.937	-0.939	-0.939	-0.939	-0.939	-0.925	-0.996	-0.939	-0.939	-0.937	-0.937	-0.936	-0.932	-0.921	-0.920	-0.927	-0.948	-0.916	-0.920	-0.919	-0.919	-0.919	-0.919	-0.920	-0.938	-0.916	-0.914	-0.908	-0.916	-0.917	-0.928	
