## Summary of overall evidence for association with region:
## log10(BF for region) = -0.238052
## p-value for region = NA

## BFs for choosing among multi-SNP models:
## log10(average 1-SNP BF) = -0.212756
## log10(average 2-SNP BF) = -0.293544

## Example posterior probabilities for multi-SNP models, based on default prior: [p(l) propto 0.5^l for l=1,2,...,L]
## posterior probability of 1-SNP = 0.70665
## posterior probability of 2-SNP = 0.29335

## log10(BF) for single SNP and pair of SNPs:
rs62263577     -0.362	-0.849	-0.834	-0.489	-0.606	-0.508	-0.506	-0.467	-0.505	-0.472	-0.419	-0.471	-0.468	-0.485	-0.470	-0.470	-0.418	-0.482	-0.276	-0.437	-0.456	-0.402	-0.666	-0.532	-0.108	-0.488	-0.458	-0.472	-0.513	-0.283	-0.256	-0.267	-0.245	-0.258	-0.457	-0.248	-0.258	-0.258	-0.240	-0.299	-0.260	-0.197	-0.286	-0.280	-0.290	-0.217	-0.290	-0.290	-0.303	-0.492	-0.311	-0.358	-0.243	-0.219	-0.488	-0.291	-0.303	-0.282	-0.283	-0.690	-0.209	-0.278	-0.271	-0.210	-0.242	-0.168	-0.294	-0.214	-0.492	-0.286	-0.518	-0.299	-0.299	-0.432	-0.299	-0.228	-0.737	-0.268	-0.302	-0.397	-0.289	-0.213	-0.303	-0.236	-0.250	-0.269	-0.642	-0.496	-0.709	-0.542	-0.502	-0.523	-0.554	-0.534	-0.484	-0.752	-0.527	-0.739	-0.527	-0.521	-0.527	-0.527	-0.470	-0.521	-0.532	-0.490	-0.513	-0.519	-0.480	-0.411	-0.705	-0.828	-0.827	-0.694	-0.715	-0.764	-0.764	-0.715	-0.717	-0.718	-0.718	-0.742	-0.714	-0.693	-0.724	-0.724	-0.690	-0.776	-0.737	-0.765	-0.736	-0.726	-0.735	-0.737	-0.697	-0.073	-0.732	-0.727	-0.732	-0.689	-0.689	-0.697	-0.712	-0.671	-0.688	-0.137	-0.558	-0.560	-0.665	-0.844	-0.843	-0.841	-0.840	-0.844	-0.843	-0.840	-0.794	-0.686	-0.842	-0.841	-0.844	-0.841	-0.841	-0.845	-0.844	-0.843	-0.841	-0.841	-0.841	-0.841	-0.599	-0.843	-0.846	
rs319695       -0.849	-0.624	-0.711	+0.356	-0.841	+0.228	+0.233	+0.353	-0.921	+0.341	+0.541	+0.347	+0.362	+0.290	+0.347	+0.348	+0.543	+0.305	-0.534	+0.463	+0.382	+0.598	-0.816	+0.091	-0.370	-0.876	+0.395	-0.887	+0.115	+0.723	+0.818	+0.782	+0.818	+0.812	-0.909	+0.840	+0.811	+0.811	+0.868	+0.530	+0.778	+1.009	+0.717	+0.739	+0.704	+0.938	+0.704	+0.703	+0.659	-0.872	+0.535	+0.403	+0.845	+0.930	-0.913	+0.697	+0.660	+0.728	+0.728	-0.858	+0.964	+0.731	+0.767	+0.960	+0.909	+1.097	+0.688	+0.948	-0.872	+0.712	-0.335	+0.587	+0.668	+0.198	+0.666	+0.894	-0.916	+0.747	+0.656	+0.319	+0.692	+0.930	+0.651	+0.862	+0.820	+0.749	-0.495	-0.166	-0.657	-0.267	-0.180	-0.223	-0.293	-0.248	-0.138	-0.853	-0.235	-0.827	-0.235	-0.221	-0.235	-0.235	-0.108	-0.221	-0.246	-0.376	-0.204	-0.218	-0.180	-0.059	-0.794	-1.023	-1.022	-0.780	-0.811	-0.903	-0.903	-0.811	-0.814	-0.815	-0.815	-0.849	-0.810	-0.778	-0.823	-0.823	-0.782	-0.911	-0.849	-0.897	-0.847	-0.847	-0.847	-0.851	-0.792	-0.340	-0.842	-0.836	-0.842	-0.781	-0.781	-0.793	-0.815	-0.759	-0.780	-0.402	-0.599	-0.601	-0.747	-1.054	-1.053	-1.050	-1.049	-1.055	-1.053	-1.049	-1.019	-0.874	-1.052	-1.050	-1.055	-1.051	-1.051	-1.055	-1.055	-1.053	-1.050	-1.050	-1.050	-1.050	-0.896	-1.053	-1.058	
rs319694       -0.834	-0.711	-0.614	+0.769	-0.806	+0.607	+0.613	+0.749	-0.915	+0.736	+0.930	+0.742	+0.751	+0.676	+0.743	+0.743	+0.931	+0.690	-0.506	+0.860	+0.767	+0.992	-0.763	+0.430	-0.336	-0.862	+0.793	-0.875	+0.451	+1.118	+1.226	+1.182	+1.215	+1.219	-0.902	+1.247	+1.218	+1.218	+1.281	+0.863	+1.178	+1.402	+1.112	+1.130	+1.097	+1.324	+1.097	+1.097	+1.045	-0.858	+0.898	+0.750	+1.242	+1.316	-0.905	+1.090	+1.046	+1.127	+1.117	-0.813	+1.356	+1.120	+1.162	+1.352	+1.298	+1.495	+1.080	+1.338	-0.858	+1.098	-0.152	+0.932	+1.056	+0.510	+1.055	+1.276	-0.875	+1.115	+1.043	+0.658	+1.083	+1.316	+1.037	+1.242	+1.197	+1.118	-0.327	+0.047	-0.524	-0.062	+0.036	-0.011	-0.091	-0.040	+0.079	-0.783	-0.023	-0.753	-0.023	-0.009	-0.023	-0.023	+0.112	-0.009	-0.036	-0.228	+0.009	-0.004	+0.029	+0.155	-0.717	-1.001	-0.999	-0.701	-0.736	-0.849	-0.849	-0.737	-0.739	-0.741	-0.741	-0.780	-0.735	-0.699	-0.751	-0.751	-0.706	-0.856	-0.781	-0.839	-0.779	-0.783	-0.779	-0.784	-0.717	-0.315	-0.774	-0.767	-0.774	-0.705	-0.705	-0.719	-0.743	-0.681	-0.703	-0.377	-0.502	-0.505	-0.666	-1.040	-1.037	-1.033	-1.032	-1.040	-1.037	-1.031	-1.018	-0.830	-1.035	-1.033	-1.039	-1.034	-1.034	-1.041	-1.040	-1.037	-1.033	-1.033	-1.033	-1.033	-0.881	-1.036	-1.044	
rs1061003      -0.489	+0.356	+0.769	-0.225	-0.609	-0.356	-0.355	-0.343	-0.504	-0.345	-0.300	-0.344	-0.343	-0.355	-0.344	-0.344	-0.299	-0.352	-0.231	-0.319	-0.341	-0.281	-0.634	-0.380	-0.094	-0.508	-0.334	-0.512	-0.385	-0.196	-0.151	-0.169	-0.143	-0.154	-0.497	-0.140	-0.154	-0.154	-0.125	-0.257	-0.165	-0.062	-0.201	-0.193	-0.207	-0.102	-0.207	-0.207	-0.227	-0.506	-0.259	-0.312	-0.142	-0.106	-0.510	-0.210	-0.226	-0.195	-0.198	-0.644	-0.087	-0.195	-0.180	-0.089	-0.151	-0.017	-0.214	-0.096	-0.506	-0.205	-0.506	-0.247	-0.222	-0.391	-0.222	-0.123	-0.664	-0.190	-0.227	-0.346	-0.210	-0.103	-0.229	-0.142	-0.162	-0.193	-0.512	-0.469	-0.511	-0.491	-0.472	-0.482	-0.495	-0.487	-0.462	-0.569	-0.484	-0.567	-0.484	-0.481	-0.484	-0.484	-0.453	-0.481	-0.486	-0.499	-0.477	-0.480	-0.467	-0.425	-0.613	-0.584	-0.590	-0.612	-0.615	-0.624	-0.624	-0.615	-0.615	-0.616	-0.616	-0.613	-0.616	-0.612	-0.615	-0.615	-0.615	-0.620	-0.619	-0.623	-0.619	-0.626	-0.619	-0.622	-0.617	-0.059	-0.620	-0.620	-0.620	-0.615	-0.615	-0.617	-0.620	-0.612	-0.615	-0.110	-0.563	-0.564	-0.610	-0.601	-0.613	-0.621	-0.624	-0.609	-0.615	-0.626	-0.589	-0.628	-0.620	-0.624	-0.612	-0.623	-0.629	-0.609	-0.612	-0.618	-0.625	-0.625	-0.625	-0.625	-0.535	-0.620	-0.600	
rs13066266     -0.606	-0.841	-0.806	-0.609	-0.397	-0.625	-0.624	-0.590	-0.715	-0.595	-0.548	-0.593	-0.590	-0.605	-0.593	-0.593	-0.547	-0.603	-0.421	-0.563	-0.581	-0.533	-0.719	-0.645	-0.283	-0.639	-0.582	-0.656	-0.629	-0.427	-0.402	-0.412	-0.392	-0.404	-0.700	-0.395	-0.404	-0.404	-0.388	-0.442	-0.406	-0.348	-0.430	-0.424	-0.433	-0.366	-0.433	-0.433	-0.445	-0.633	-0.452	-0.494	-0.390	-0.368	-0.698	-0.435	-0.445	-0.426	-0.427	-0.730	-0.359	-0.423	-0.416	-0.360	-0.389	-0.321	-0.437	-0.363	-0.633	-0.430	-0.626	-0.440	-0.441	-0.558	-0.441	-0.376	-0.754	-0.413	-0.444	-0.529	-0.433	-0.363	-0.446	-0.384	-0.396	-0.414	-0.737	-0.617	-0.786	-0.656	-0.623	-0.641	-0.667	-0.650	-0.607	-0.812	-0.644	-0.802	-0.644	-0.639	-0.644	-0.644	-0.595	-0.639	-0.648	-0.611	-0.632	-0.637	-0.603	-0.543	-0.781	-0.842	-0.843	-0.772	-0.788	-0.818	-0.818	-0.788	-0.790	-0.790	-0.790	-0.807	-0.788	-0.771	-0.795	-0.795	-0.769	-0.828	-0.803	-0.821	-0.803	-0.792	-0.803	-0.803	-0.774	-0.256	-0.800	-0.797	-0.800	-0.769	-0.768	-0.775	-0.786	-0.755	-0.768	-0.309	-0.661	-0.663	-0.750	-0.842	-0.846	-0.848	-0.849	-0.845	-0.847	-0.849	-0.837	-0.768	-0.848	-0.849	-0.846	-0.849	-0.852	-0.845	-0.846	-0.847	-0.849	-0.849	-0.849	-0.849	-0.673	-0.848	-0.842	
rs1684942      -0.508	+0.228	+0.607	-0.356	-0.625	-0.244	-0.353	-0.332	-0.524	-0.343	-0.286	-0.341	-0.340	-0.357	-0.341	-0.341	-0.285	-0.354	-0.248	-0.310	-0.338	-0.261	-0.650	-0.393	-0.111	-0.527	-0.328	-0.531	-0.395	-0.178	-0.128	-0.148	-0.121	-0.131	-0.517	-0.116	-0.131	-0.131	-0.099	-0.249	-0.145	-0.031	-0.184	-0.176	-0.191	-0.076	-0.191	-0.191	-0.213	-0.525	-0.251	-0.308	-0.120	-0.080	-0.530	-0.194	-0.212	-0.178	-0.182	-0.660	-0.060	-0.179	-0.161	-0.062	-0.132	+0.018	-0.198	-0.069	-0.525	-0.189	-0.519	-0.238	-0.208	-0.395	-0.208	-0.100	-0.681	-0.174	-0.213	-0.345	-0.195	-0.079	-0.216	-0.121	-0.143	-0.178	-0.530	-0.478	-0.533	-0.503	-0.482	-0.493	-0.508	-0.499	-0.470	-0.591	-0.495	-0.588	-0.495	-0.492	-0.495	-0.495	-0.461	-0.492	-0.498	-0.510	-0.488	-0.491	-0.477	-0.431	-0.631	-0.606	-0.611	-0.630	-0.633	-0.644	-0.644	-0.633	-0.633	-0.634	-0.634	-0.633	-0.634	-0.629	-0.633	-0.633	-0.633	-0.640	-0.638	-0.643	-0.638	-0.644	-0.638	-0.641	-0.634	-0.075	-0.638	-0.638	-0.638	-0.632	-0.632	-0.634	-0.638	-0.628	-0.632	-0.127	-0.576	-0.577	-0.627	-0.622	-0.634	-0.642	-0.645	-0.629	-0.635	-0.646	-0.610	-0.645	-0.640	-0.645	-0.632	-0.644	-0.649	-0.629	-0.633	-0.638	-0.645	-0.645	-0.645	-0.645	-0.554	-0.641	-0.621	
rs800762       -0.506	+0.233	+0.613	-0.355	-0.624	-0.353	-0.243	-0.332	-0.523	-0.343	-0.286	-0.341	-0.340	-0.356	-0.341	-0.341	-0.285	-0.353	-0.247	-0.310	-0.338	-0.262	-0.649	-0.392	-0.110	-0.525	-0.328	-0.529	-0.394	-0.179	-0.129	-0.149	-0.122	-0.132	-0.515	-0.117	-0.133	-0.133	-0.101	-0.250	-0.146	-0.033	-0.185	-0.177	-0.191	-0.077	-0.192	-0.192	-0.213	-0.523	-0.251	-0.308	-0.121	-0.081	-0.528	-0.195	-0.213	-0.179	-0.182	-0.659	-0.061	-0.179	-0.162	-0.063	-0.133	+0.016	-0.199	-0.071	-0.524	-0.190	-0.518	-0.239	-0.209	-0.395	-0.209	-0.101	-0.679	-0.174	-0.214	-0.345	-0.196	-0.080	-0.216	-0.122	-0.144	-0.179	-0.529	-0.478	-0.531	-0.502	-0.481	-0.492	-0.507	-0.498	-0.470	-0.589	-0.494	-0.586	-0.494	-0.491	-0.494	-0.494	-0.460	-0.491	-0.497	-0.509	-0.487	-0.490	-0.476	-0.431	-0.629	-0.604	-0.609	-0.628	-0.632	-0.642	-0.642	-0.632	-0.632	-0.632	-0.632	-0.631	-0.633	-0.628	-0.632	-0.632	-0.631	-0.638	-0.637	-0.641	-0.637	-0.643	-0.637	-0.639	-0.633	-0.074	-0.637	-0.637	-0.637	-0.631	-0.631	-0.633	-0.636	-0.627	-0.631	-0.126	-0.575	-0.576	-0.625	-0.620	-0.632	-0.640	-0.643	-0.628	-0.634	-0.644	-0.608	-0.644	-0.639	-0.643	-0.631	-0.642	-0.648	-0.628	-0.631	-0.637	-0.643	-0.643	-0.643	-0.643	-0.553	-0.639	-0.619	
rs777014       -0.467	+0.353	+0.749	-0.343	-0.590	-0.332	-0.332	-0.201	-0.480	-0.316	-0.285	-0.315	-0.316	-0.321	-0.315	-0.315	-0.284	-0.320	-0.209	-0.301	-0.319	-0.267	-0.616	-0.330	-0.073	-0.485	-0.309	-0.489	-0.351	-0.195	-0.151	-0.169	-0.144	-0.154	-0.473	-0.141	-0.155	-0.155	-0.127	-0.254	-0.165	-0.066	-0.200	-0.193	-0.206	-0.105	-0.206	-0.206	-0.225	-0.484	-0.256	-0.305	-0.144	-0.108	-0.487	-0.209	-0.224	-0.195	-0.198	-0.624	-0.091	-0.195	-0.180	-0.093	-0.153	-0.021	-0.212	-0.099	-0.484	-0.204	-0.489	-0.245	-0.220	-0.378	-0.221	-0.125	-0.643	-0.190	-0.225	-0.336	-0.209	-0.106	-0.227	-0.144	-0.163	-0.194	-0.481	-0.453	-0.474	-0.471	-0.455	-0.464	-0.474	-0.468	-0.446	-0.539	-0.465	-0.537	-0.465	-0.463	-0.465	-0.465	-0.438	-0.463	-0.467	-0.485	-0.460	-0.462	-0.453	-0.414	-0.589	-0.553	-0.559	-0.590	-0.591	-0.599	-0.599	-0.591	-0.591	-0.591	-0.592	-0.588	-0.592	-0.589	-0.590	-0.590	-0.593	-0.593	-0.594	-0.597	-0.595	-0.602	-0.595	-0.597	-0.594	-0.038	-0.595	-0.596	-0.595	-0.593	-0.593	-0.594	-0.596	-0.590	-0.593	-0.089	-0.546	-0.547	-0.589	-0.570	-0.584	-0.592	-0.596	-0.579	-0.585	-0.597	-0.566	-0.609	-0.591	-0.595	-0.582	-0.594	-0.600	-0.579	-0.583	-0.588	-0.596	-0.596	-0.596	-0.596	-0.513	-0.591	-0.569	
rs7638388      -0.505	-0.921	-0.915	-0.504	-0.715	-0.524	-0.523	-0.480	-0.448	-0.486	-0.429	-0.484	-0.481	-0.500	-0.484	-0.484	-0.428	-0.496	-0.377	-0.448	-0.469	-0.411	-0.652	-0.551	-0.217	-0.558	-0.470	-0.595	-0.531	-0.279	-0.250	-0.262	-0.239	-0.252	-0.580	-0.242	-0.252	-0.252	-0.234	-0.301	-0.262	-0.188	-0.282	-0.276	-0.286	-0.209	-0.286	-0.286	-0.301	-0.548	-0.311	-0.361	-0.236	-0.211	-0.585	-0.288	-0.300	-0.278	-0.279	-0.677	-0.200	-0.274	-0.267	-0.201	-0.235	-0.157	-0.291	-0.205	-0.548	-0.283	-0.548	-0.295	-0.296	-0.436	-0.296	-0.220	-0.737	-0.264	-0.299	-0.401	-0.286	-0.205	-0.301	-0.230	-0.244	-0.265	-0.664	-0.504	-0.737	-0.553	-0.510	-0.533	-0.567	-0.545	-0.490	-0.797	-0.537	-0.782	-0.537	-0.531	-0.537	-0.537	-0.475	-0.531	-0.543	-0.514	-0.522	-0.528	-0.486	-0.411	-0.741	-0.893	-0.892	-0.730	-0.753	-0.804	-0.804	-0.754	-0.755	-0.756	-0.756	-0.784	-0.752	-0.729	-0.764	-0.764	-0.725	-0.821	-0.778	-0.809	-0.777	-0.770	-0.777	-0.778	-0.733	-0.185	-0.773	-0.767	-0.773	-0.725	-0.725	-0.734	-0.751	-0.707	-0.723	-0.245	-0.579	-0.581	-0.698	-0.913	-0.910	-0.907	-0.906	-0.913	-0.911	-0.906	-0.847	-0.660	-0.909	-0.907	-0.912	-0.908	-0.907	-0.913	-0.912	-0.910	-0.907	-0.907	-0.907	-0.907	-0.630	-0.910	-0.916	
rs319682       -0.472	+0.341	+0.736	-0.345	-0.595	-0.343	-0.343	-0.316	-0.486	-0.207	-0.279	-0.313	-0.314	-0.321	-0.313	-0.313	-0.278	-0.319	-0.215	-0.297	-0.318	-0.259	-0.620	-0.332	-0.079	-0.491	-0.306	-0.494	-0.354	-0.189	-0.144	-0.163	-0.137	-0.147	-0.479	-0.133	-0.147	-0.147	-0.118	-0.252	-0.159	-0.056	-0.194	-0.187	-0.201	-0.096	-0.201	-0.201	-0.220	-0.489	-0.253	-0.304	-0.136	-0.100	-0.492	-0.204	-0.220	-0.189	-0.192	-0.629	-0.082	-0.190	-0.174	-0.083	-0.146	-0.010	-0.207	-0.090	-0.489	-0.199	-0.492	-0.242	-0.216	-0.380	-0.216	-0.118	-0.648	-0.185	-0.221	-0.336	-0.204	-0.098	-0.223	-0.137	-0.157	-0.189	-0.487	-0.456	-0.480	-0.474	-0.458	-0.467	-0.478	-0.471	-0.449	-0.545	-0.468	-0.542	-0.468	-0.466	-0.468	-0.468	-0.441	-0.466	-0.470	-0.488	-0.463	-0.465	-0.455	-0.416	-0.594	-0.560	-0.566	-0.594	-0.596	-0.604	-0.604	-0.596	-0.596	-0.596	-0.597	-0.593	-0.597	-0.594	-0.595	-0.595	-0.598	-0.598	-0.599	-0.602	-0.600	-0.607	-0.600	-0.602	-0.599	-0.043	-0.600	-0.601	-0.600	-0.598	-0.598	-0.599	-0.601	-0.595	-0.598	-0.094	-0.550	-0.551	-0.594	-0.577	-0.590	-0.599	-0.602	-0.585	-0.592	-0.603	-0.571	-0.614	-0.597	-0.602	-0.589	-0.601	-0.607	-0.585	-0.589	-0.595	-0.602	-0.602	-0.602	-0.602	-0.519	-0.597	-0.576	
rs319681       -0.419	+0.541	+0.930	-0.300	-0.548	-0.286	-0.286	-0.285	-0.429	-0.279	-0.150	-0.279	-0.276	-0.275	-0.279	-0.279	-0.253	-0.274	-0.164	-0.265	-0.269	-0.245	-0.574	-0.240	-0.030	-0.437	-0.281	-0.440	-0.292	-0.214	-0.180	-0.193	-0.170	-0.182	-0.422	-0.171	-0.182	-0.182	-0.161	-0.248	-0.189	-0.089	-0.217	-0.210	-0.222	-0.122	-0.222	-0.222	-0.236	-0.435	-0.259	-0.299	-0.160	-0.125	-0.436	-0.224	-0.236	-0.213	-0.213	-0.582	-0.111	-0.211	-0.200	-0.112	-0.163	-0.049	-0.227	-0.117	-0.435	-0.218	-0.451	-0.241	-0.233	-0.354	-0.233	-0.140	-0.598	-0.195	-0.237	-0.323	-0.224	-0.123	-0.238	-0.155	-0.172	-0.198	-0.424	-0.416	-0.406	-0.430	-0.418	-0.426	-0.432	-0.429	-0.411	-0.475	-0.428	-0.473	-0.428	-0.426	-0.428	-0.428	-0.405	-0.426	-0.429	-0.451	-0.424	-0.426	-0.421	-0.388	-0.540	-0.491	-0.497	-0.541	-0.541	-0.546	-0.546	-0.541	-0.541	-0.541	-0.542	-0.535	-0.542	-0.540	-0.538	-0.538	-0.545	-0.537	-0.542	-0.543	-0.543	-0.553	-0.543	-0.544	-0.545	+0.007	-0.544	-0.544	-0.544	-0.545	-0.545	-0.545	-0.546	-0.544	-0.545	-0.044	-0.508	-0.509	-0.544	-0.512	-0.525	-0.534	-0.537	-0.521	-0.528	-0.539	-0.513	-0.565	-0.532	-0.537	-0.525	-0.536	-0.543	-0.521	-0.523	-0.530	-0.538	-0.537	-0.537	-0.537	-0.465	-0.533	-0.512	
rs2631721      -0.471	+0.347	+0.742	-0.344	-0.593	-0.341	-0.341	-0.315	-0.484	-0.313	-0.279	-0.205	-0.313	-0.319	-0.312	-0.312	-0.278	-0.318	-0.213	-0.297	-0.317	-0.259	-0.619	-0.329	-0.077	-0.489	-0.305	-0.493	-0.352	-0.190	-0.145	-0.164	-0.138	-0.148	-0.477	-0.134	-0.148	-0.149	-0.120	-0.252	-0.160	-0.057	-0.195	-0.188	-0.201	-0.098	-0.201	-0.201	-0.221	-0.487	-0.254	-0.304	-0.137	-0.101	-0.490	-0.204	-0.221	-0.190	-0.193	-0.628	-0.083	-0.190	-0.175	-0.085	-0.147	-0.012	-0.208	-0.091	-0.488	-0.200	-0.491	-0.242	-0.216	-0.379	-0.217	-0.119	-0.646	-0.185	-0.221	-0.336	-0.205	-0.100	-0.223	-0.138	-0.158	-0.190	-0.485	-0.454	-0.477	-0.473	-0.457	-0.466	-0.477	-0.470	-0.448	-0.543	-0.467	-0.540	-0.467	-0.465	-0.467	-0.467	-0.440	-0.465	-0.469	-0.487	-0.462	-0.464	-0.454	-0.415	-0.592	-0.558	-0.564	-0.593	-0.594	-0.602	-0.602	-0.594	-0.594	-0.595	-0.595	-0.591	-0.595	-0.593	-0.593	-0.593	-0.596	-0.596	-0.598	-0.601	-0.598	-0.606	-0.598	-0.601	-0.597	-0.041	-0.598	-0.599	-0.598	-0.596	-0.596	-0.598	-0.600	-0.594	-0.596	-0.092	-0.549	-0.550	-0.592	-0.575	-0.588	-0.597	-0.600	-0.583	-0.590	-0.601	-0.569	-0.612	-0.595	-0.600	-0.587	-0.599	-0.605	-0.583	-0.587	-0.593	-0.600	-0.600	-0.600	-0.600	-0.517	-0.595	-0.574	
rs319692       -0.468	+0.362	+0.751	-0.343	-0.590	-0.340	-0.340	-0.316	-0.481	-0.314	-0.276	-0.313	-0.202	-0.319	-0.313	-0.313	-0.275	-0.317	-0.210	-0.293	-0.313	-0.256	-0.616	-0.319	-0.074	-0.486	-0.306	-0.490	-0.348	-0.192	-0.149	-0.166	-0.138	-0.152	-0.474	-0.138	-0.152	-0.152	-0.124	-0.251	-0.163	-0.057	-0.198	-0.188	-0.204	-0.098	-0.204	-0.204	-0.222	-0.484	-0.255	-0.305	-0.138	-0.101	-0.487	-0.207	-0.222	-0.193	-0.193	-0.625	-0.084	-0.191	-0.176	-0.086	-0.147	-0.012	-0.210	-0.092	-0.484	-0.200	-0.489	-0.242	-0.218	-0.377	-0.219	-0.119	-0.644	-0.185	-0.223	-0.336	-0.207	-0.100	-0.225	-0.138	-0.158	-0.189	-0.481	-0.452	-0.473	-0.470	-0.455	-0.463	-0.474	-0.467	-0.446	-0.539	-0.465	-0.536	-0.465	-0.462	-0.465	-0.465	-0.438	-0.462	-0.467	-0.485	-0.459	-0.462	-0.452	-0.413	-0.589	-0.554	-0.560	-0.590	-0.591	-0.599	-0.599	-0.591	-0.591	-0.592	-0.592	-0.588	-0.592	-0.589	-0.590	-0.590	-0.593	-0.593	-0.594	-0.597	-0.595	-0.603	-0.595	-0.597	-0.594	-0.038	-0.595	-0.596	-0.595	-0.593	-0.593	-0.595	-0.597	-0.591	-0.593	-0.090	-0.546	-0.547	-0.590	-0.571	-0.585	-0.593	-0.596	-0.580	-0.586	-0.597	-0.566	-0.609	-0.591	-0.596	-0.583	-0.595	-0.601	-0.579	-0.583	-0.589	-0.596	-0.596	-0.596	-0.596	-0.514	-0.592	-0.570	
rs319689       -0.485	+0.290	+0.676	-0.355	-0.605	-0.357	-0.356	-0.321	-0.500	-0.321	-0.275	-0.319	-0.319	-0.220	-0.319	-0.319	-0.274	-0.328	-0.226	-0.296	-0.321	-0.251	-0.631	-0.352	-0.090	-0.503	-0.308	-0.507	-0.367	-0.181	-0.133	-0.153	-0.126	-0.136	-0.492	-0.122	-0.137	-0.137	-0.106	-0.249	-0.149	-0.040	-0.187	-0.179	-0.193	-0.084	-0.194	-0.194	-0.214	-0.502	-0.250	-0.304	-0.126	-0.088	-0.505	-0.197	-0.214	-0.182	-0.185	-0.640	-0.068	-0.182	-0.165	-0.070	-0.137	+0.008	-0.201	-0.077	-0.502	-0.192	-0.502	-0.239	-0.210	-0.384	-0.210	-0.107	-0.660	-0.177	-0.215	-0.338	-0.198	-0.086	-0.217	-0.127	-0.148	-0.182	-0.501	-0.463	-0.497	-0.484	-0.466	-0.476	-0.488	-0.481	-0.456	-0.560	-0.477	-0.558	-0.477	-0.475	-0.477	-0.477	-0.447	-0.475	-0.480	-0.496	-0.471	-0.474	-0.463	-0.421	-0.607	-0.576	-0.581	-0.606	-0.609	-0.618	-0.618	-0.609	-0.609	-0.609	-0.609	-0.606	-0.610	-0.606	-0.608	-0.608	-0.610	-0.612	-0.613	-0.616	-0.613	-0.620	-0.613	-0.615	-0.611	-0.054	-0.613	-0.614	-0.613	-0.610	-0.610	-0.611	-0.614	-0.607	-0.610	-0.105	-0.559	-0.560	-0.605	-0.592	-0.605	-0.613	-0.617	-0.600	-0.607	-0.618	-0.585	-0.625	-0.612	-0.616	-0.604	-0.615	-0.621	-0.600	-0.604	-0.610	-0.617	-0.617	-0.617	-0.617	-0.531	-0.612	-0.591	
rs319688       -0.470	+0.347	+0.743	-0.344	-0.593	-0.341	-0.341	-0.315	-0.484	-0.313	-0.279	-0.312	-0.313	-0.319	-0.205	-0.312	-0.278	-0.318	-0.213	-0.297	-0.317	-0.259	-0.618	-0.328	-0.077	-0.489	-0.305	-0.492	-0.351	-0.190	-0.145	-0.164	-0.138	-0.148	-0.476	-0.134	-0.149	-0.149	-0.120	-0.252	-0.160	-0.058	-0.195	-0.188	-0.201	-0.098	-0.201	-0.201	-0.221	-0.487	-0.254	-0.304	-0.138	-0.102	-0.490	-0.204	-0.221	-0.190	-0.193	-0.627	-0.083	-0.191	-0.175	-0.085	-0.147	-0.012	-0.208	-0.092	-0.487	-0.200	-0.491	-0.242	-0.217	-0.379	-0.217	-0.119	-0.646	-0.185	-0.221	-0.336	-0.205	-0.100	-0.223	-0.138	-0.158	-0.190	-0.484	-0.454	-0.477	-0.473	-0.457	-0.465	-0.477	-0.470	-0.448	-0.542	-0.467	-0.540	-0.467	-0.465	-0.467	-0.467	-0.440	-0.465	-0.469	-0.487	-0.461	-0.464	-0.454	-0.415	-0.592	-0.558	-0.563	-0.592	-0.594	-0.602	-0.602	-0.594	-0.594	-0.594	-0.595	-0.591	-0.595	-0.592	-0.593	-0.593	-0.596	-0.596	-0.597	-0.600	-0.598	-0.605	-0.598	-0.600	-0.597	-0.041	-0.598	-0.599	-0.598	-0.596	-0.596	-0.597	-0.599	-0.593	-0.596	-0.092	-0.549	-0.549	-0.592	-0.575	-0.588	-0.596	-0.600	-0.583	-0.589	-0.601	-0.569	-0.612	-0.595	-0.599	-0.586	-0.598	-0.604	-0.583	-0.587	-0.592	-0.600	-0.600	-0.600	-0.600	-0.517	-0.595	-0.574	
rs74424239     -0.470	+0.348	+0.743	-0.344	-0.593	-0.341	-0.341	-0.315	-0.484	-0.313	-0.279	-0.312	-0.313	-0.319	-0.312	-0.205	-0.278	-0.318	-0.213	-0.297	-0.317	-0.259	-0.618	-0.328	-0.077	-0.489	-0.305	-0.492	-0.351	-0.190	-0.145	-0.164	-0.138	-0.148	-0.476	-0.134	-0.149	-0.149	-0.120	-0.252	-0.160	-0.058	-0.195	-0.188	-0.201	-0.098	-0.201	-0.202	-0.221	-0.487	-0.254	-0.304	-0.138	-0.102	-0.490	-0.204	-0.221	-0.190	-0.193	-0.627	-0.083	-0.191	-0.175	-0.085	-0.148	-0.012	-0.208	-0.092	-0.487	-0.200	-0.491	-0.243	-0.217	-0.379	-0.217	-0.119	-0.646	-0.186	-0.221	-0.336	-0.205	-0.100	-0.223	-0.138	-0.158	-0.190	-0.484	-0.454	-0.477	-0.473	-0.457	-0.465	-0.476	-0.470	-0.448	-0.542	-0.467	-0.540	-0.467	-0.465	-0.467	-0.467	-0.440	-0.465	-0.469	-0.487	-0.461	-0.464	-0.454	-0.415	-0.592	-0.557	-0.563	-0.592	-0.594	-0.602	-0.602	-0.594	-0.594	-0.594	-0.594	-0.591	-0.595	-0.592	-0.593	-0.593	-0.596	-0.596	-0.597	-0.600	-0.598	-0.605	-0.598	-0.600	-0.597	-0.041	-0.598	-0.599	-0.598	-0.596	-0.596	-0.597	-0.599	-0.593	-0.596	-0.092	-0.549	-0.549	-0.592	-0.574	-0.588	-0.596	-0.600	-0.583	-0.589	-0.601	-0.569	-0.612	-0.594	-0.599	-0.586	-0.598	-0.604	-0.583	-0.587	-0.592	-0.600	-0.600	-0.600	-0.600	-0.517	-0.595	-0.574	
rs777017       -0.418	+0.543	+0.931	-0.299	-0.547	-0.285	-0.285	-0.284	-0.428	-0.278	-0.253	-0.278	-0.275	-0.274	-0.278	-0.278	-0.149	-0.273	-0.164	-0.264	-0.267	-0.245	-0.573	-0.237	-0.029	-0.436	-0.280	-0.439	-0.291	-0.214	-0.180	-0.193	-0.170	-0.182	-0.421	-0.171	-0.183	-0.183	-0.161	-0.248	-0.189	-0.089	-0.217	-0.210	-0.222	-0.122	-0.222	-0.222	-0.236	-0.435	-0.259	-0.299	-0.160	-0.126	-0.435	-0.224	-0.236	-0.213	-0.213	-0.581	-0.111	-0.211	-0.200	-0.112	-0.163	-0.050	-0.227	-0.118	-0.435	-0.218	-0.450	-0.241	-0.233	-0.354	-0.233	-0.140	-0.597	-0.195	-0.236	-0.322	-0.224	-0.123	-0.238	-0.155	-0.172	-0.198	-0.423	-0.415	-0.405	-0.429	-0.418	-0.425	-0.432	-0.428	-0.410	-0.474	-0.427	-0.472	-0.427	-0.425	-0.427	-0.427	-0.405	-0.425	-0.428	-0.450	-0.423	-0.425	-0.420	-0.387	-0.539	-0.490	-0.496	-0.540	-0.540	-0.545	-0.545	-0.540	-0.540	-0.541	-0.541	-0.534	-0.542	-0.539	-0.538	-0.538	-0.544	-0.536	-0.541	-0.542	-0.542	-0.552	-0.542	-0.544	-0.544	+0.007	-0.543	-0.543	-0.543	-0.544	-0.544	-0.545	-0.545	-0.543	-0.544	-0.043	-0.508	-0.508	-0.543	-0.511	-0.524	-0.533	-0.537	-0.520	-0.527	-0.538	-0.512	-0.565	-0.531	-0.536	-0.524	-0.535	-0.542	-0.520	-0.522	-0.529	-0.537	-0.537	-0.537	-0.537	-0.464	-0.532	-0.511	
rs319686       -0.482	+0.305	+0.690	-0.352	-0.603	-0.354	-0.353	-0.320	-0.496	-0.319	-0.274	-0.318	-0.317	-0.328	-0.318	-0.318	-0.273	-0.217	-0.223	-0.294	-0.319	-0.250	-0.628	-0.345	-0.087	-0.500	-0.307	-0.504	-0.362	-0.182	-0.136	-0.154	-0.128	-0.139	-0.489	-0.124	-0.139	-0.139	-0.109	-0.249	-0.152	-0.042	-0.189	-0.181	-0.195	-0.085	-0.195	-0.195	-0.215	-0.499	-0.251	-0.304	-0.127	-0.089	-0.502	-0.198	-0.215	-0.184	-0.186	-0.637	-0.070	-0.183	-0.166	-0.072	-0.138	+0.005	-0.202	-0.079	-0.499	-0.193	-0.499	-0.239	-0.211	-0.383	-0.211	-0.108	-0.657	-0.178	-0.216	-0.338	-0.199	-0.088	-0.218	-0.129	-0.150	-0.183	-0.497	-0.461	-0.493	-0.481	-0.464	-0.473	-0.486	-0.478	-0.454	-0.556	-0.475	-0.553	-0.475	-0.473	-0.475	-0.475	-0.446	-0.473	-0.477	-0.494	-0.469	-0.471	-0.461	-0.420	-0.603	-0.572	-0.577	-0.603	-0.605	-0.614	-0.614	-0.606	-0.606	-0.606	-0.606	-0.603	-0.606	-0.603	-0.605	-0.605	-0.607	-0.608	-0.609	-0.613	-0.609	-0.617	-0.609	-0.612	-0.608	-0.051	-0.610	-0.610	-0.610	-0.607	-0.607	-0.608	-0.611	-0.604	-0.607	-0.102	-0.557	-0.558	-0.602	-0.588	-0.601	-0.610	-0.613	-0.597	-0.603	-0.614	-0.581	-0.622	-0.608	-0.613	-0.600	-0.612	-0.618	-0.596	-0.600	-0.606	-0.613	-0.613	-0.613	-0.613	-0.528	-0.608	-0.587	
rs73087122     -0.276	-0.534	-0.506	-0.231	-0.421	-0.248	-0.247	-0.209	-0.377	-0.215	-0.164	-0.213	-0.210	-0.226	-0.213	-0.213	-0.164	-0.223	+0.007	-0.181	-0.200	-0.149	-0.427	-0.270	+0.069	-0.308	-0.201	-0.323	-0.250	-0.039	-0.013	-0.024	-0.003	-0.015	-0.361	-0.006	-0.015	-0.015	+0.001	-0.056	-0.018	+0.043	-0.042	-0.036	-0.045	+0.024	-0.045	-0.045	-0.058	-0.304	-0.065	-0.109	-0.001	+0.022	-0.362	-0.047	-0.057	-0.038	-0.039	-0.448	+0.032	-0.034	-0.027	+0.031	+0.000	+0.070	-0.049	+0.027	-0.304	-0.042	-0.248	-0.052	-0.054	-0.173	-0.054	+0.013	-0.483	-0.025	-0.057	-0.147	-0.045	+0.027	-0.058	+0.006	-0.007	-0.025	-0.376	-0.242	-0.433	-0.284	-0.248	-0.267	-0.296	-0.277	-0.231	-0.468	-0.271	-0.456	-0.271	-0.265	-0.271	-0.271	-0.217	-0.265	-0.275	-0.240	-0.258	-0.263	-0.227	-0.163	-0.427	-0.523	-0.523	-0.417	-0.436	-0.473	-0.473	-0.437	-0.438	-0.439	-0.438	-0.460	-0.435	-0.416	-0.444	-0.444	-0.413	-0.489	-0.455	-0.480	-0.454	-0.443	-0.454	-0.455	-0.419	+0.060	-0.451	-0.447	-0.451	-0.412	-0.412	-0.420	-0.434	-0.397	-0.411	+0.006	-0.292	-0.294	-0.391	-0.534	-0.534	-0.534	-0.534	-0.535	-0.535	-0.534	-0.506	-0.446	-0.535	-0.534	-0.535	-0.535	-0.535	-0.535	-0.535	-0.535	-0.535	-0.535	-0.535	-0.535	-0.327	-0.535	-0.535	
rs184388       -0.437	+0.463	+0.860	-0.319	-0.563	-0.310	-0.310	-0.301	-0.448	-0.297	-0.265	-0.297	-0.293	-0.296	-0.297	-0.297	-0.264	-0.294	-0.181	-0.169	-0.284	-0.251	-0.590	-0.273	-0.046	-0.455	-0.295	-0.458	-0.315	-0.209	-0.172	-0.186	-0.162	-0.175	-0.441	-0.163	-0.175	-0.175	-0.151	-0.250	-0.183	-0.078	-0.213	-0.205	-0.218	-0.114	-0.218	-0.218	-0.234	-0.453	-0.260	-0.303	-0.150	-0.117	-0.455	-0.220	-0.233	-0.209	-0.209	-0.598	-0.101	-0.207	-0.194	-0.103	-0.158	-0.036	-0.223	-0.109	-0.453	-0.214	-0.465	-0.242	-0.230	-0.364	-0.231	-0.133	-0.615	-0.192	-0.234	-0.329	-0.221	-0.115	-0.236	-0.150	-0.168	-0.195	-0.446	-0.430	-0.431	-0.446	-0.432	-0.440	-0.449	-0.444	-0.424	-0.498	-0.442	-0.496	-0.442	-0.440	-0.442	-0.442	-0.418	-0.440	-0.444	-0.464	-0.437	-0.440	-0.433	-0.398	-0.559	-0.514	-0.520	-0.559	-0.560	-0.566	-0.566	-0.560	-0.560	-0.560	-0.560	-0.555	-0.561	-0.558	-0.558	-0.558	-0.563	-0.558	-0.562	-0.563	-0.562	-0.571	-0.562	-0.564	-0.563	-0.010	-0.563	-0.563	-0.563	-0.563	-0.563	-0.564	-0.565	-0.561	-0.563	-0.061	-0.523	-0.523	-0.561	-0.534	-0.547	-0.555	-0.559	-0.543	-0.550	-0.560	-0.533	-0.582	-0.554	-0.559	-0.547	-0.558	-0.564	-0.543	-0.545	-0.551	-0.559	-0.559	-0.559	-0.559	-0.483	-0.554	-0.534	
rs71323371     -0.456	+0.382	+0.767	-0.341	-0.581	-0.338	-0.338	-0.319	-0.469	-0.318	-0.269	-0.317	-0.313	-0.321	-0.317	-0.317	-0.267	-0.319	-0.200	-0.284	-0.190	-0.249	-0.607	-0.316	-0.064	-0.475	-0.311	-0.478	-0.343	-0.204	-0.164	-0.179	-0.153	-0.166	-0.462	-0.154	-0.167	-0.167	-0.141	-0.250	-0.176	-0.061	-0.208	-0.199	-0.214	-0.100	-0.214	-0.214	-0.231	-0.473	-0.260	-0.307	-0.140	-0.104	-0.475	-0.216	-0.231	-0.204	-0.204	-0.615	-0.087	-0.202	-0.188	-0.089	-0.149	-0.016	-0.220	-0.095	-0.473	-0.210	-0.481	-0.241	-0.227	-0.374	-0.228	-0.121	-0.633	-0.186	-0.232	-0.336	-0.217	-0.102	-0.234	-0.140	-0.159	-0.190	-0.470	-0.443	-0.460	-0.462	-0.446	-0.456	-0.466	-0.460	-0.437	-0.523	-0.458	-0.521	-0.458	-0.455	-0.458	-0.458	-0.430	-0.455	-0.460	-0.477	-0.452	-0.455	-0.446	-0.407	-0.579	-0.539	-0.545	-0.579	-0.580	-0.587	-0.587	-0.581	-0.581	-0.581	-0.581	-0.576	-0.581	-0.578	-0.579	-0.579	-0.582	-0.581	-0.583	-0.585	-0.583	-0.592	-0.583	-0.585	-0.583	-0.028	-0.584	-0.584	-0.584	-0.582	-0.582	-0.583	-0.585	-0.580	-0.582	-0.079	-0.538	-0.538	-0.579	-0.558	-0.570	-0.579	-0.582	-0.567	-0.573	-0.584	-0.554	-0.599	-0.577	-0.582	-0.570	-0.581	-0.587	-0.567	-0.569	-0.575	-0.582	-0.582	-0.582	-0.582	-0.503	-0.578	-0.558	
rs1060407      -0.402	+0.598	+0.992	-0.281	-0.533	-0.261	-0.262	-0.267	-0.411	-0.259	-0.245	-0.259	-0.256	-0.251	-0.259	-0.259	-0.245	-0.250	-0.149	-0.251	-0.249	-0.132	-0.560	-0.191	-0.015	-0.420	-0.261	-0.423	-0.264	-0.215	-0.183	-0.195	-0.174	-0.185	-0.404	-0.175	-0.185	-0.186	-0.165	-0.247	-0.192	-0.099	-0.218	-0.211	-0.222	-0.130	-0.222	-0.222	-0.235	-0.419	-0.257	-0.293	-0.164	-0.133	-0.418	-0.224	-0.235	-0.214	-0.214	-0.567	-0.119	-0.212	-0.201	-0.120	-0.167	-0.062	-0.227	-0.125	-0.419	-0.219	-0.437	-0.240	-0.232	-0.344	-0.233	-0.146	-0.582	-0.197	-0.236	-0.315	-0.224	-0.130	-0.237	-0.160	-0.176	-0.200	-0.402	-0.403	-0.381	-0.415	-0.405	-0.412	-0.416	-0.414	-0.398	-0.453	-0.413	-0.452	-0.413	-0.411	-0.413	-0.413	-0.393	-0.411	-0.414	-0.439	-0.410	-0.412	-0.409	-0.378	-0.523	-0.470	-0.477	-0.525	-0.524	-0.528	-0.528	-0.524	-0.524	-0.524	-0.524	-0.516	-0.525	-0.523	-0.521	-0.521	-0.528	-0.518	-0.525	-0.525	-0.525	-0.536	-0.525	-0.527	-0.528	+0.022	-0.526	-0.526	-0.526	-0.529	-0.529	-0.529	-0.529	-0.528	-0.529	-0.029	-0.495	-0.496	-0.528	-0.492	-0.505	-0.514	-0.518	-0.502	-0.509	-0.520	-0.496	-0.551	-0.513	-0.518	-0.505	-0.517	-0.524	-0.502	-0.504	-0.510	-0.518	-0.518	-0.518	-0.518	-0.449	-0.513	-0.492	
rs12631365     -0.666	-0.816	-0.763	-0.634	-0.719	-0.650	-0.649	-0.616	-0.652	-0.620	-0.574	-0.619	-0.616	-0.631	-0.618	-0.618	-0.573	-0.628	-0.427	-0.590	-0.607	-0.560	-0.413	-0.669	-0.286	-0.681	-0.608	-0.681	-0.654	-0.451	-0.425	-0.435	-0.415	-0.427	-0.647	-0.418	-0.427	-0.427	-0.410	-0.465	-0.429	-0.370	-0.453	-0.447	-0.456	-0.388	-0.456	-0.456	-0.469	-0.680	-0.477	-0.519	-0.413	-0.391	-0.660	-0.458	-0.469	-0.449	-0.450	-0.651	-0.381	-0.446	-0.439	-0.382	-0.412	-0.342	-0.461	-0.385	-0.680	-0.453	-0.653	-0.466	-0.465	-0.585	-0.465	-0.399	-0.656	-0.437	-0.468	-0.554	-0.456	-0.385	-0.469	-0.407	-0.419	-0.438	-0.753	-0.638	-0.798	-0.676	-0.643	-0.661	-0.686	-0.670	-0.628	-0.820	-0.664	-0.813	-0.664	-0.659	-0.664	-0.664	-0.616	-0.659	-0.668	-0.633	-0.652	-0.657	-0.624	-0.565	-0.798	-0.837	-0.839	-0.791	-0.804	-0.833	-0.833	-0.805	-0.806	-0.806	-0.806	-0.820	-0.804	-0.790	-0.810	-0.810	-0.788	-0.840	-0.817	-0.835	-0.817	-0.811	-0.817	-0.818	-0.793	-0.260	-0.815	-0.812	-0.815	-0.788	-0.788	-0.793	-0.803	-0.776	-0.787	-0.314	-0.690	-0.691	-0.771	-0.829	-0.835	-0.839	-0.841	-0.833	-0.836	-0.841	-0.856	-0.757	-0.838	-0.841	-0.835	-0.840	-0.845	-0.833	-0.835	-0.837	-0.841	-0.841	-0.841	-0.841	-0.710	-0.839	-0.828	
rs6783629      -0.532	+0.091	+0.430	-0.380	-0.645	-0.393	-0.392	-0.330	-0.551	-0.332	-0.240	-0.329	-0.319	-0.352	-0.328	-0.328	-0.237	-0.345	-0.270	-0.273	-0.316	-0.191	-0.669	-0.270	-0.132	-0.551	-0.300	-0.555	-0.402	-0.144	-0.084	-0.107	-0.073	-0.088	-0.543	-0.070	-0.089	-0.089	-0.051	-0.230	-0.106	+0.033	-0.151	-0.138	-0.159	-0.021	-0.159	-0.159	-0.183	-0.549	-0.232	-0.297	-0.073	-0.026	-0.555	-0.162	-0.183	-0.145	-0.144	-0.680	-0.003	-0.143	-0.121	-0.006	-0.089	+0.090	-0.167	-0.014	-0.549	-0.154	-0.535	-0.216	-0.179	-0.395	-0.180	-0.051	-0.703	-0.138	-0.185	-0.338	-0.165	-0.027	-0.188	-0.077	-0.103	-0.144	-0.553	-0.488	-0.561	-0.516	-0.491	-0.504	-0.522	-0.511	-0.479	-0.615	-0.507	-0.614	-0.507	-0.503	-0.507	-0.507	-0.468	-0.503	-0.510	-0.524	-0.498	-0.502	-0.486	-0.436	-0.653	-0.635	-0.640	-0.651	-0.656	-0.668	-0.668	-0.656	-0.656	-0.657	-0.657	-0.657	-0.656	-0.651	-0.656	-0.656	-0.654	-0.665	-0.662	-0.668	-0.662	-0.667	-0.662	-0.664	-0.656	-0.096	-0.662	-0.661	-0.662	-0.654	-0.654	-0.656	-0.660	-0.649	-0.653	-0.148	-0.593	-0.594	-0.647	-0.648	-0.661	-0.668	-0.671	-0.656	-0.662	-0.672	-0.637	-0.666	-0.666	-0.671	-0.659	-0.670	-0.675	-0.656	-0.660	-0.665	-0.671	-0.671	-0.671	-0.671	-0.578	-0.667	-0.648	
rs73087134     -0.108	-0.370	-0.336	-0.094	-0.283	-0.111	-0.110	-0.073	-0.217	-0.079	-0.030	-0.077	-0.074	-0.090	-0.077	-0.077	-0.029	-0.087	+0.069	-0.046	-0.064	-0.015	-0.286	-0.132	+0.191	-0.142	-0.065	-0.158	-0.112	+0.091	+0.116	+0.106	+0.126	+0.114	-0.201	+0.123	+0.114	+0.114	+0.130	+0.074	+0.111	+0.171	+0.088	+0.094	+0.085	+0.152	+0.085	+0.085	+0.073	-0.137	+0.066	+0.023	+0.128	+0.150	-0.201	+0.083	+0.073	+0.092	+0.091	-0.305	+0.160	+0.096	+0.102	+0.159	+0.129	+0.198	+0.081	+0.156	-0.137	+0.088	-0.108	+0.079	+0.076	-0.039	+0.076	+0.142	-0.336	+0.104	+0.073	-0.014	+0.085	+0.156	+0.072	+0.135	+0.123	+0.104	-0.236	-0.107	-0.290	-0.148	-0.113	-0.132	-0.159	-0.142	-0.097	-0.319	-0.135	-0.308	-0.135	-0.130	-0.135	-0.135	-0.084	-0.130	-0.140	-0.108	-0.123	-0.128	-0.093	-0.031	-0.283	-0.365	-0.365	-0.273	-0.291	-0.325	-0.325	-0.292	-0.293	-0.294	-0.292	-0.313	-0.290	-0.272	-0.299	-0.299	-0.269	-0.340	-0.309	-0.332	-0.308	-0.297	-0.308	-0.308	-0.275	+0.115	-0.305	-0.301	-0.305	-0.269	-0.269	-0.276	-0.289	-0.254	-0.268	+0.080	-0.154	-0.156	-0.248	-0.373	-0.375	-0.375	-0.375	-0.375	-0.376	-0.376	-0.349	-0.303	-0.376	-0.376	-0.376	-0.376	-0.376	-0.376	-0.376	-0.376	-0.376	-0.376	-0.376	-0.376	-0.159	-0.376	-0.374	
rs62260760     -0.488	-0.876	-0.862	-0.508	-0.639	-0.527	-0.525	-0.485	-0.558	-0.491	-0.437	-0.489	-0.486	-0.503	-0.489	-0.489	-0.436	-0.500	-0.308	-0.455	-0.475	-0.420	-0.681	-0.551	-0.142	-0.393	-0.476	-0.505	-0.532	-0.300	-0.272	-0.283	-0.261	-0.274	-0.515	-0.264	-0.274	-0.274	-0.256	-0.315	-0.276	-0.213	-0.302	-0.296	-0.306	-0.233	-0.306	-0.306	-0.319	-0.500	-0.328	-0.375	-0.259	-0.235	-0.539	-0.308	-0.319	-0.298	-0.299	-0.705	-0.225	-0.295	-0.287	-0.226	-0.258	-0.184	-0.310	-0.229	-0.500	-0.302	-0.538	-0.315	-0.315	-0.449	-0.315	-0.244	-0.754	-0.284	-0.318	-0.414	-0.306	-0.229	-0.320	-0.252	-0.266	-0.285	-0.662	-0.513	-0.729	-0.560	-0.520	-0.541	-0.572	-0.552	-0.501	-0.775	-0.545	-0.761	-0.545	-0.539	-0.545	-0.545	-0.487	-0.539	-0.550	-0.507	-0.531	-0.537	-0.497	-0.428	-0.726	-0.853	-0.852	-0.715	-0.737	-0.785	-0.785	-0.737	-0.738	-0.739	-0.739	-0.764	-0.735	-0.714	-0.746	-0.746	-0.711	-0.798	-0.759	-0.788	-0.757	-0.747	-0.757	-0.759	-0.718	-0.108	-0.754	-0.749	-0.754	-0.710	-0.710	-0.719	-0.734	-0.692	-0.709	-0.171	-0.577	-0.579	-0.686	-0.870	-0.868	-0.866	-0.866	-0.870	-0.869	-0.865	-0.817	-0.699	-0.868	-0.866	-0.870	-0.867	-0.867	-0.870	-0.870	-0.868	-0.867	-0.867	-0.867	-0.867	-0.613	-0.868	-0.872	
rs9812875      -0.458	+0.395	+0.793	-0.334	-0.582	-0.328	-0.328	-0.309	-0.470	-0.306	-0.281	-0.305	-0.306	-0.308	-0.305	-0.305	-0.280	-0.307	-0.201	-0.295	-0.311	-0.261	-0.608	-0.300	-0.065	-0.476	-0.191	-0.479	-0.334	-0.197	-0.154	-0.171	-0.146	-0.157	-0.463	-0.143	-0.157	-0.157	-0.130	-0.253	-0.167	-0.069	-0.201	-0.193	-0.206	-0.107	-0.206	-0.207	-0.225	-0.474	-0.255	-0.303	-0.145	-0.110	-0.477	-0.209	-0.224	-0.196	-0.198	-0.616	-0.093	-0.196	-0.181	-0.095	-0.154	-0.025	-0.213	-0.101	-0.474	-0.204	-0.481	-0.244	-0.221	-0.373	-0.221	-0.127	-0.634	-0.190	-0.225	-0.333	-0.210	-0.108	-0.227	-0.145	-0.164	-0.194	-0.469	-0.446	-0.458	-0.462	-0.448	-0.456	-0.466	-0.460	-0.439	-0.526	-0.457	-0.524	-0.457	-0.455	-0.457	-0.457	-0.432	-0.455	-0.459	-0.479	-0.452	-0.454	-0.446	-0.409	-0.579	-0.541	-0.548	-0.580	-0.581	-0.588	-0.588	-0.581	-0.581	-0.581	-0.581	-0.577	-0.582	-0.580	-0.580	-0.580	-0.584	-0.581	-0.584	-0.586	-0.584	-0.592	-0.584	-0.587	-0.585	-0.029	-0.585	-0.585	-0.585	-0.584	-0.584	-0.585	-0.587	-0.581	-0.584	-0.080	-0.539	-0.540	-0.581	-0.559	-0.573	-0.581	-0.585	-0.568	-0.574	-0.586	-0.555	-0.601	-0.580	-0.584	-0.571	-0.583	-0.590	-0.568	-0.572	-0.577	-0.585	-0.585	-0.585	-0.585	-0.504	-0.580	-0.558	
rs62260762     -0.472	-0.887	-0.875	-0.512	-0.656	-0.531	-0.529	-0.489	-0.595	-0.494	-0.440	-0.493	-0.490	-0.507	-0.492	-0.492	-0.439	-0.504	-0.323	-0.458	-0.478	-0.423	-0.681	-0.555	-0.158	-0.505	-0.479	-0.406	-0.536	-0.301	-0.273	-0.284	-0.262	-0.275	-0.560	-0.266	-0.275	-0.275	-0.257	-0.316	-0.277	-0.214	-0.304	-0.297	-0.307	-0.234	-0.308	-0.308	-0.321	-0.496	-0.330	-0.377	-0.260	-0.236	-0.577	-0.309	-0.321	-0.300	-0.301	-0.705	-0.226	-0.296	-0.289	-0.227	-0.259	-0.184	-0.312	-0.230	-0.496	-0.304	-0.544	-0.317	-0.317	-0.452	-0.317	-0.245	-0.756	-0.286	-0.320	-0.417	-0.307	-0.230	-0.322	-0.253	-0.267	-0.287	-0.666	-0.516	-0.735	-0.563	-0.523	-0.544	-0.576	-0.556	-0.504	-0.782	-0.548	-0.769	-0.548	-0.542	-0.548	-0.548	-0.490	-0.542	-0.553	-0.510	-0.534	-0.540	-0.500	-0.430	-0.732	-0.863	-0.862	-0.721	-0.743	-0.792	-0.792	-0.743	-0.745	-0.746	-0.746	-0.771	-0.742	-0.720	-0.753	-0.753	-0.717	-0.806	-0.766	-0.795	-0.764	-0.754	-0.764	-0.766	-0.724	-0.126	-0.761	-0.756	-0.761	-0.716	-0.716	-0.725	-0.740	-0.699	-0.715	-0.189	-0.582	-0.583	-0.692	-0.880	-0.879	-0.877	-0.876	-0.880	-0.879	-0.876	-0.825	-0.700	-0.878	-0.876	-0.880	-0.877	-0.877	-0.881	-0.880	-0.879	-0.877	-0.877	-0.877	-0.877	-0.615	-0.878	-0.882	
rs140083943    -0.513	+0.115	+0.451	-0.385	-0.629	-0.395	-0.394	-0.351	-0.531	-0.354	-0.292	-0.352	-0.348	-0.367	-0.351	-0.351	-0.291	-0.362	-0.250	-0.315	-0.343	-0.264	-0.654	-0.402	-0.112	-0.532	-0.334	-0.536	-0.250	-0.177	-0.126	-0.145	-0.117	-0.129	-0.523	-0.113	-0.130	-0.130	-0.097	-0.247	-0.142	-0.026	-0.182	-0.173	-0.189	-0.071	-0.189	-0.189	-0.211	-0.530	-0.250	-0.308	-0.116	-0.075	-0.536	-0.192	-0.210	-0.177	-0.178	-0.664	-0.055	-0.176	-0.158	-0.057	-0.127	+0.024	-0.197	-0.065	-0.530	-0.186	-0.524	-0.236	-0.206	-0.396	-0.207	-0.095	-0.686	-0.170	-0.212	-0.346	-0.193	-0.074	-0.214	-0.117	-0.140	-0.175	-0.537	-0.481	-0.542	-0.506	-0.484	-0.496	-0.512	-0.502	-0.473	-0.589	-0.499	-0.585	-0.499	-0.495	-0.499	-0.499	-0.463	-0.495	-0.501	-0.514	-0.491	-0.494	-0.479	-0.432	-0.636	-0.607	-0.613	-0.635	-0.639	-0.650	-0.650	-0.639	-0.640	-0.640	-0.640	-0.639	-0.640	-0.635	-0.639	-0.639	-0.638	-0.647	-0.645	-0.650	-0.645	-0.650	-0.645	-0.647	-0.640	-0.075	-0.645	-0.645	-0.645	-0.638	-0.638	-0.640	-0.643	-0.633	-0.637	-0.127	-0.580	-0.581	-0.631	-0.624	-0.637	-0.644	-0.648	-0.632	-0.638	-0.649	-0.617	-0.649	-0.643	-0.647	-0.635	-0.646	-0.652	-0.632	-0.636	-0.641	-0.648	-0.648	-0.648	-0.648	-0.559	-0.643	-0.623	
rs1550914      -0.283	+0.723	+1.118	-0.196	-0.427	-0.178	-0.179	-0.195	-0.279	-0.189	-0.214	-0.190	-0.192	-0.181	-0.190	-0.190	-0.214	-0.182	-0.039	-0.209	-0.204	-0.215	-0.451	-0.144	+0.091	-0.300	-0.197	-0.301	-0.177	-0.006	-0.086	-0.096	-0.085	-0.088	-0.274	-0.080	-0.088	-0.088	-0.072	-0.165	-0.101	-0.036	-0.112	-0.111	-0.115	-0.068	-0.115	-0.115	-0.120	-0.299	-0.153	-0.157	-0.091	-0.070	-0.290	-0.116	-0.120	-0.112	-0.113	-0.455	-0.058	-0.117	-0.105	-0.059	-0.102	-0.007	-0.117	-0.064	-0.299	-0.118	-0.302	-0.155	-0.122	-0.167	-0.122	-0.082	-0.463	-0.120	-0.123	-0.118	-0.120	-0.073	-0.124	-0.096	-0.106	-0.123	-0.111	-0.254	-0.056	-0.230	-0.251	-0.240	-0.220	-0.234	-0.257	-0.241	-0.238	-0.241	-0.238	-0.241	-0.238	-0.238	-0.259	-0.241	-0.235	-0.330	-0.245	-0.242	-0.277	-0.278	-0.371	-0.281	-0.291	-0.378	-0.368	-0.368	-0.368	-0.369	-0.368	-0.368	-0.369	-0.349	-0.371	-0.378	-0.362	-0.362	-0.388	-0.348	-0.365	-0.360	-0.366	-0.389	-0.366	-0.371	-0.386	+0.128	-0.368	-0.372	-0.368	-0.388	-0.388	-0.386	-0.381	-0.394	-0.389	+0.079	-0.388	-0.388	-0.396	-0.311	-0.331	-0.343	-0.348	-0.323	-0.332	-0.350	-0.357	-0.443	-0.341	-0.348	-0.328	-0.346	-0.356	-0.323	-0.329	-0.337	-0.348	-0.348	-0.348	-0.348	-0.330	-0.341	-0.309	
rs2053767      -0.256	+0.818	+1.226	-0.151	-0.402	-0.128	-0.129	-0.151	-0.250	-0.144	-0.180	-0.145	-0.149	-0.133	-0.145	-0.145	-0.180	-0.136	-0.013	-0.172	-0.164	-0.183	-0.425	-0.084	+0.116	-0.272	-0.154	-0.273	-0.126	-0.086	+0.023	-0.078	-0.074	-0.072	-0.244	-0.069	-0.073	-0.073	-0.063	-0.144	-0.085	-0.038	-0.086	-0.089	-0.088	-0.062	-0.088	-0.088	-0.089	-0.271	-0.127	-0.119	-0.080	-0.064	-0.261	-0.089	-0.089	-0.087	-0.090	-0.429	-0.055	-0.096	-0.086	-0.056	-0.090	-0.013	-0.089	-0.059	-0.271	-0.094	-0.272	-0.134	-0.093	-0.118	-0.093	-0.074	-0.435	-0.103	-0.093	-0.043	-0.095	-0.067	-0.094	-0.085	-0.092	-0.105	-0.045	-0.218	+0.014	-0.186	-0.214	-0.199	-0.175	-0.192	-0.222	-0.198	-0.196	-0.197	-0.196	-0.201	-0.196	-0.196	-0.226	-0.201	-0.193	-0.304	-0.207	-0.203	-0.245	-0.254	-0.338	-0.244	-0.254	-0.346	-0.335	-0.334	-0.334	-0.336	-0.335	-0.335	-0.335	-0.314	-0.338	-0.346	-0.328	-0.328	-0.357	-0.313	-0.331	-0.326	-0.332	-0.357	-0.332	-0.338	-0.354	+0.153	-0.335	-0.339	-0.335	-0.358	-0.358	-0.355	-0.349	-0.364	-0.358	+0.105	-0.362	-0.363	-0.367	-0.276	-0.296	-0.309	-0.315	-0.288	-0.298	-0.317	-0.328	-0.418	-0.306	-0.314	-0.293	-0.312	-0.323	-0.288	-0.294	-0.303	-0.315	-0.315	-0.315	-0.315	-0.302	-0.307	-0.274	
rs2166770      -0.267	+0.782	+1.182	-0.169	-0.412	-0.148	-0.149	-0.169	-0.262	-0.163	-0.193	-0.164	-0.166	-0.153	-0.164	-0.164	-0.193	-0.154	-0.024	-0.186	-0.179	-0.195	-0.435	-0.107	+0.106	-0.283	-0.171	-0.284	-0.145	-0.096	-0.078	+0.012	-0.077	-0.079	-0.256	-0.074	-0.079	-0.079	-0.067	-0.152	-0.092	-0.035	-0.097	-0.097	-0.099	-0.063	-0.099	-0.099	-0.101	-0.282	-0.137	-0.134	-0.083	-0.065	-0.272	-0.100	-0.101	-0.097	-0.098	-0.440	-0.054	-0.104	-0.093	-0.055	-0.094	-0.008	-0.100	-0.060	-0.282	-0.103	-0.284	-0.142	-0.104	-0.136	-0.105	-0.076	-0.446	-0.109	-0.106	-0.074	-0.105	-0.068	-0.106	-0.088	-0.097	-0.111	-0.071	-0.232	-0.013	-0.203	-0.228	-0.215	-0.192	-0.208	-0.235	-0.214	-0.213	-0.214	-0.213	-0.217	-0.213	-0.213	-0.239	-0.217	-0.209	-0.314	-0.222	-0.218	-0.258	-0.263	-0.351	-0.259	-0.268	-0.359	-0.349	-0.347	-0.347	-0.349	-0.348	-0.348	-0.349	-0.328	-0.351	-0.359	-0.341	-0.341	-0.369	-0.327	-0.344	-0.339	-0.346	-0.370	-0.346	-0.351	-0.367	+0.143	-0.348	-0.352	-0.348	-0.370	-0.370	-0.367	-0.362	-0.376	-0.370	+0.095	-0.372	-0.373	-0.378	-0.289	-0.310	-0.323	-0.328	-0.302	-0.312	-0.330	-0.339	-0.428	-0.320	-0.328	-0.307	-0.326	-0.336	-0.302	-0.308	-0.317	-0.328	-0.328	-0.328	-0.328	-0.313	-0.321	-0.288	
