## Summary of overall evidence for association with region:
## log10(BF for region) = -0.443553
## p-value for region = NA

## BFs for choosing among multi-SNP models:
## log10(average 1-SNP BF) = -0.378595
## log10(average 2-SNP BF) = -0.612754

## Example posterior probabilities for multi-SNP models, based on default prior: [p(l) propto 0.5^l for l=1,2,...,L]
## posterior probability of 1-SNP = 0.774224
## posterior probability of 2-SNP = 0.225776

## log10(BF) for single SNP and pair of SNPs:
rs12635145     -0.317	-0.642	-0.441	-0.550	-0.769	-0.516	-0.521	-0.536	-0.700	-0.655	-0.697	-0.678	-0.685	-0.682	-0.720	-0.706	-0.711	-0.654	-0.654	-0.525	-0.625	-0.776	-0.406	-0.373	-0.416	-0.484	-0.602	-0.530	-0.622	-0.653	-0.459	-0.587	-0.641	-0.650	-0.638	-0.625	-0.617	-0.733	-0.631	-0.634	-0.766	-0.618	-0.618	-0.606	-0.618	-0.631	-0.623	-0.600	-0.610	-0.583	-0.618	-0.618	-0.617	-0.636	-0.618	-0.617	-0.617	-0.618	-0.729	-0.759	-0.612	-0.651	-0.727	-0.566	-0.653	-0.724	-0.655	-0.565	-0.740	-0.634	-0.738	-0.568	-0.733	-0.639	-0.638	-0.624	-0.624	-0.274	-0.170	-0.606	-0.613	-0.272	-0.264	-0.265	-0.278	-0.648	-0.274	-0.282	-0.300	-0.656	-0.754	
rs35647328     -0.642	-0.359	-0.643	-0.542	-0.794	-0.505	-0.510	-0.527	-0.741	-0.702	-0.744	-0.727	-0.717	-0.727	-0.763	-0.751	-0.750	-0.695	-0.691	-0.566	-0.661	-0.811	-0.443	-0.414	-0.457	-0.524	-0.641	-0.570	-0.661	-0.691	-0.500	-0.627	-0.680	-0.689	-0.676	-0.664	-0.656	-0.772	-0.670	-0.673	-0.804	-0.657	-0.657	-0.646	-0.657	-0.670	-0.662	-0.641	-0.651	-0.623	-0.657	-0.657	-0.656	-0.675	-0.657	-0.656	-0.656	-0.657	-0.769	-0.796	-0.653	-0.690	-0.765	-0.608	-0.692	-0.762	-0.693	-0.606	-0.780	-0.669	-0.778	-0.608	-0.774	-0.676	-0.674	-0.659	-0.659	-0.310	-0.206	-0.640	-0.655	-0.309	-0.300	-0.301	-0.316	-0.688	-0.310	-0.319	-0.337	-0.696	-0.791	
rs73092542     -0.441	-0.643	-0.320	-0.551	-0.771	-0.518	-0.522	-0.538	-0.702	-0.657	-0.699	-0.680	-0.687	-0.684	-0.722	-0.709	-0.713	-0.657	-0.656	-0.527	-0.627	-0.778	-0.408	-0.375	-0.418	-0.486	-0.604	-0.532	-0.624	-0.656	-0.461	-0.589	-0.643	-0.653	-0.640	-0.628	-0.620	-0.735	-0.633	-0.636	-0.769	-0.620	-0.620	-0.608	-0.621	-0.633	-0.625	-0.602	-0.613	-0.585	-0.621	-0.621	-0.620	-0.638	-0.621	-0.620	-0.620	-0.621	-0.732	-0.761	-0.615	-0.653	-0.729	-0.568	-0.656	-0.726	-0.657	-0.567	-0.742	-0.636	-0.740	-0.570	-0.735	-0.641	-0.641	-0.627	-0.626	-0.276	-0.172	-0.608	-0.615	-0.275	-0.267	-0.267	-0.280	-0.650	-0.276	-0.285	-0.303	-0.658	-0.756	
rs3967208      -0.550	-0.542	-0.551	-0.449	-0.818	-0.560	-0.565	-0.578	-0.831	-0.789	-0.841	-0.826	-0.791	-0.818	-0.855	-0.845	-0.839	-0.771	-0.781	-0.671	-0.756	-0.881	-0.548	-0.502	-0.546	-0.617	-0.736	-0.664	-0.749	-0.782	-0.593	-0.720	-0.770	-0.779	-0.767	-0.755	-0.747	-0.865	-0.760	-0.763	-0.893	-0.748	-0.748	-0.739	-0.748	-0.760	-0.752	-0.734	-0.744	-0.715	-0.748	-0.748	-0.747	-0.765	-0.748	-0.747	-0.747	-0.748	-0.860	-0.886	-0.746	-0.784	-0.857	-0.702	-0.782	-0.854	-0.783	-0.692	-0.873	-0.749	-0.870	-0.696	-0.867	-0.759	-0.755	-0.738	-0.738	-0.393	-0.286	-0.717	-0.756	-0.391	-0.383	-0.383	-0.397	-0.774	-0.393	-0.402	-0.418	-0.783	-0.880	
rs2322142      -0.769	-0.794	-0.771	-0.818	-0.577	-0.790	-0.794	-0.805	-0.949	-0.906	-0.955	-0.940	-0.917	-0.935	-0.973	-0.962	-0.959	-0.891	-0.900	-0.788	-0.876	-1.005	-0.662	-0.618	-0.660	-0.731	-0.850	-0.778	-0.867	-0.900	-0.706	-0.834	-0.888	-0.897	-0.885	-0.873	-0.865	-0.981	-0.878	-0.881	-1.012	-0.866	-0.866	-0.854	-0.866	-0.878	-0.871	-0.848	-0.858	-0.829	-0.866	-0.866	-0.865	-0.883	-0.866	-0.865	-0.865	-0.866	-0.977	-1.005	-0.860	-0.899	-0.974	-0.816	-0.901	-0.971	-0.902	-0.810	-0.989	-0.873	-0.987	-0.814	-0.983	-0.882	-0.879	-0.863	-0.863	-0.513	-0.407	-0.843	-0.867	-0.511	-0.503	-0.503	-0.517	-0.891	-0.512	-0.522	-0.538	-0.899	-0.999	
rs75433452     -0.516	-0.505	-0.518	-0.560	-0.790	-0.422	-0.540	-0.542	-0.806	-0.765	-0.817	-0.803	-0.766	-0.794	-0.831	-0.821	-0.815	-0.746	-0.756	-0.648	-0.732	-0.855	-0.524	-0.479	-0.523	-0.594	-0.713	-0.641	-0.725	-0.757	-0.569	-0.697	-0.746	-0.755	-0.742	-0.730	-0.722	-0.842	-0.735	-0.738	-0.869	-0.723	-0.723	-0.716	-0.723	-0.736	-0.728	-0.711	-0.721	-0.691	-0.723	-0.723	-0.722	-0.741	-0.723	-0.722	-0.722	-0.723	-0.836	-0.861	-0.723	-0.761	-0.834	-0.678	-0.757	-0.831	-0.759	-0.667	-0.848	-0.724	-0.846	-0.671	-0.843	-0.734	-0.730	-0.713	-0.713	-0.367	-0.260	-0.692	-0.731	-0.365	-0.357	-0.358	-0.371	-0.750	-0.367	-0.376	-0.393	-0.759	-0.856	
rs79745559     -0.521	-0.510	-0.522	-0.565	-0.794	-0.540	-0.426	-0.547	-0.810	-0.768	-0.820	-0.806	-0.769	-0.797	-0.834	-0.824	-0.818	-0.749	-0.760	-0.651	-0.735	-0.859	-0.528	-0.482	-0.526	-0.597	-0.716	-0.644	-0.728	-0.761	-0.572	-0.700	-0.749	-0.758	-0.746	-0.734	-0.726	-0.845	-0.739	-0.742	-0.872	-0.726	-0.726	-0.719	-0.727	-0.739	-0.731	-0.714	-0.724	-0.694	-0.727	-0.727	-0.726	-0.744	-0.726	-0.726	-0.726	-0.726	-0.840	-0.865	-0.726	-0.764	-0.837	-0.681	-0.761	-0.834	-0.762	-0.670	-0.852	-0.727	-0.849	-0.674	-0.846	-0.737	-0.733	-0.717	-0.716	-0.371	-0.264	-0.695	-0.735	-0.369	-0.361	-0.361	-0.375	-0.754	-0.370	-0.380	-0.396	-0.762	-0.859	
rs74418162     -0.536	-0.527	-0.538	-0.578	-0.805	-0.542	-0.547	-0.438	-0.820	-0.779	-0.831	-0.817	-0.780	-0.808	-0.845	-0.835	-0.829	-0.760	-0.771	-0.662	-0.746	-0.870	-0.538	-0.493	-0.536	-0.607	-0.726	-0.655	-0.739	-0.772	-0.583	-0.710	-0.760	-0.769	-0.757	-0.745	-0.737	-0.856	-0.750	-0.753	-0.883	-0.737	-0.737	-0.730	-0.738	-0.750	-0.742	-0.724	-0.735	-0.705	-0.738	-0.738	-0.737	-0.755	-0.737	-0.737	-0.737	-0.737	-0.850	-0.875	-0.736	-0.775	-0.847	-0.692	-0.772	-0.844	-0.773	-0.681	-0.862	-0.739	-0.860	-0.685	-0.857	-0.748	-0.744	-0.728	-0.727	-0.382	-0.275	-0.706	-0.745	-0.380	-0.372	-0.373	-0.386	-0.764	-0.382	-0.391	-0.408	-0.773	-0.870	
rs2322157      -0.700	-0.741	-0.702	-0.831	-0.949	-0.806	-0.810	-0.820	-0.522	-0.759	-0.775	-0.750	-0.734	-0.817	-0.805	-0.809	-0.818	-0.846	-0.849	-0.715	-0.822	-0.933	-0.610	-0.564	-0.610	-0.680	-0.799	-0.727	-0.817	-0.850	-0.655	-0.783	-0.839	-0.848	-0.836	-0.824	-0.816	-0.929	-0.829	-0.832	-0.961	-0.817	-0.817	-0.803	-0.817	-0.829	-0.822	-0.798	-0.808	-0.778	-0.817	-0.817	-0.816	-0.834	-0.817	-0.816	-0.816	-0.817	-0.926	-0.953	-0.810	-0.848	-0.920	-0.766	-0.851	-0.917	-0.852	-0.763	-0.940	-0.820	-0.938	-0.767	-0.935	-0.829	-0.825	-0.809	-0.809	-0.468	-0.363	-0.789	-0.823	-0.466	-0.458	-0.458	-0.473	-0.842	-0.467	-0.477	-0.493	-0.850	-0.949	
rs4345038      -0.655	-0.702	-0.657	-0.789	-0.906	-0.765	-0.768	-0.779	-0.759	-0.477	-0.787	-0.775	-0.660	-0.724	-0.794	-0.797	-0.812	-0.810	-0.807	-0.683	-0.778	-0.892	-0.572	-0.528	-0.573	-0.643	-0.761	-0.690	-0.774	-0.807	-0.618	-0.746	-0.796	-0.805	-0.793	-0.781	-0.773	-0.892	-0.786	-0.789	-0.920	-0.774	-0.774	-0.765	-0.774	-0.786	-0.778	-0.760	-0.770	-0.741	-0.774	-0.774	-0.773	-0.791	-0.774	-0.773	-0.773	-0.774	-0.886	-0.912	-0.772	-0.810	-0.883	-0.729	-0.809	-0.880	-0.810	-0.718	-0.899	-0.777	-0.897	-0.722	-0.893	-0.786	-0.783	-0.767	-0.766	-0.420	-0.313	-0.746	-0.781	-0.418	-0.410	-0.410	-0.426	-0.804	-0.419	-0.429	-0.445	-0.812	-0.908	
rs6549410      -0.697	-0.744	-0.699	-0.841	-0.955	-0.817	-0.820	-0.831	-0.775	-0.787	-0.528	-0.649	-0.538	-0.767	-0.678	-0.728	-0.823	-0.852	-0.855	-0.740	-0.830	-0.930	-0.614	-0.571	-0.614	-0.685	-0.804	-0.732	-0.813	-0.849	-0.660	-0.788	-0.837	-0.846	-0.834	-0.821	-0.813	-0.938	-0.827	-0.830	-0.967	-0.814	-0.814	-0.808	-0.814	-0.827	-0.819	-0.803	-0.813	-0.783	-0.814	-0.814	-0.813	-0.832	-0.814	-0.813	-0.813	-0.814	-0.930	-0.959	-0.815	-0.853	-0.931	-0.770	-0.852	-0.928	-0.853	-0.758	-0.944	-0.825	-0.942	-0.762	-0.938	-0.834	-0.830	-0.814	-0.814	-0.454	-0.345	-0.793	-0.822	-0.452	-0.444	-0.444	-0.460	-0.844	-0.454	-0.463	-0.480	-0.852	-0.955	
rs6549411      -0.678	-0.727	-0.680	-0.826	-0.940	-0.803	-0.806	-0.817	-0.750	-0.775	-0.649	-0.511	-0.474	-0.749	-0.598	-0.689	-0.797	-0.835	-0.839	-0.728	-0.814	-0.909	-0.597	-0.555	-0.597	-0.668	-0.787	-0.715	-0.795	-0.831	-0.643	-0.771	-0.819	-0.828	-0.816	-0.803	-0.795	-0.923	-0.809	-0.813	-0.951	-0.796	-0.796	-0.791	-0.796	-0.810	-0.801	-0.786	-0.796	-0.766	-0.796	-0.796	-0.795	-0.815	-0.796	-0.795	-0.795	-0.796	-0.914	-0.943	-0.798	-0.836	-0.917	-0.754	-0.835	-0.914	-0.836	-0.740	-0.928	-0.809	-0.926	-0.744	-0.921	-0.818	-0.814	-0.798	-0.797	-0.434	-0.324	-0.777	-0.804	-0.432	-0.423	-0.423	-0.439	-0.827	-0.433	-0.443	-0.460	-0.835	-0.939	
rs9878896      -0.685	-0.717	-0.687	-0.791	-0.917	-0.766	-0.769	-0.780	-0.734	-0.660	-0.538	-0.474	-0.485	-0.661	-0.649	-0.658	-0.792	-0.824	-0.813	-0.653	-0.787	-0.943	-0.549	-0.521	-0.551	-0.622	-0.746	-0.671	-0.787	-0.818	-0.597	-0.729	-0.807	-0.815	-0.804	-0.793	-0.785	-0.877	-0.798	-0.800	-0.922	-0.786	-0.786	-0.749	-0.786	-0.798	-0.791	-0.744	-0.755	-0.724	-0.786	-0.786	-0.786	-0.803	-0.786	-0.786	-0.786	-0.786	-0.880	-0.921	-0.757	-0.799	-0.866	-0.714	-0.817	-0.862	-0.818	-0.735	-0.905	-0.786	-0.903	-0.739	-0.900	-0.794	-0.791	-0.776	-0.775	-0.458	-0.357	-0.756	-0.796	-0.457	-0.449	-0.449	-0.463	-0.797	-0.458	-0.467	-0.483	-0.805	-0.910	
rs6786206      -0.682	-0.727	-0.684	-0.818	-0.935	-0.794	-0.797	-0.808	-0.817	-0.724	-0.767	-0.749	-0.661	-0.506	-0.776	-0.791	-0.847	-0.835	-0.834	-0.709	-0.804	-0.926	-0.595	-0.551	-0.596	-0.666	-0.785	-0.713	-0.794	-0.829	-0.641	-0.769	-0.817	-0.827	-0.814	-0.802	-0.794	-0.918	-0.808	-0.811	-0.947	-0.794	-0.795	-0.789	-0.795	-0.808	-0.800	-0.783	-0.794	-0.764	-0.795	-0.795	-0.794	-0.813	-0.795	-0.794	-0.794	-0.795	-0.911	-0.939	-0.796	-0.834	-0.909	-0.752	-0.832	-0.906	-0.833	-0.740	-0.924	-0.805	-0.922	-0.744	-0.918	-0.814	-0.811	-0.795	-0.794	-0.438	-0.330	-0.774	-0.803	-0.436	-0.428	-0.428	-0.444	-0.828	-0.438	-0.447	-0.464	-0.836	-0.934	
rs4676845      -0.720	-0.763	-0.722	-0.855	-0.973	-0.831	-0.834	-0.845	-0.805	-0.794	-0.678	-0.598	-0.649	-0.776	-0.547	-0.738	-0.847	-0.869	-0.873	-0.747	-0.846	-0.958	-0.632	-0.588	-0.632	-0.702	-0.821	-0.749	-0.835	-0.869	-0.677	-0.805	-0.858	-0.867	-0.855	-0.843	-0.835	-0.954	-0.848	-0.851	-0.984	-0.835	-0.835	-0.825	-0.836	-0.848	-0.840	-0.820	-0.830	-0.801	-0.836	-0.836	-0.835	-0.853	-0.835	-0.835	-0.835	-0.835	-0.948	-0.977	-0.832	-0.871	-0.945	-0.788	-0.871	-0.942	-0.872	-0.781	-0.962	-0.843	-0.960	-0.785	-0.956	-0.852	-0.848	-0.833	-0.832	-0.482	-0.375	-0.812	-0.843	-0.480	-0.472	-0.472	-0.488	-0.863	-0.482	-0.491	-0.508	-0.871	-0.972	
rs9841733      -0.706	-0.751	-0.709	-0.845	-0.962	-0.821	-0.824	-0.835	-0.809	-0.797	-0.728	-0.689	-0.658	-0.791	-0.738	-0.535	-0.831	-0.857	-0.862	-0.736	-0.836	-0.943	-0.621	-0.577	-0.621	-0.691	-0.810	-0.739	-0.823	-0.858	-0.666	-0.795	-0.846	-0.855	-0.843	-0.831	-0.822	-0.943	-0.836	-0.839	-0.974	-0.823	-0.823	-0.814	-0.823	-0.836	-0.828	-0.809	-0.819	-0.790	-0.824	-0.824	-0.823	-0.841	-0.823	-0.823	-0.823	-0.823	-0.937	-0.966	-0.821	-0.860	-0.935	-0.777	-0.859	-0.932	-0.861	-0.769	-0.951	-0.832	-0.949	-0.773	-0.945	-0.841	-0.838	-0.822	-0.821	-0.468	-0.360	-0.801	-0.831	-0.466	-0.457	-0.458	-0.473	-0.852	-0.467	-0.477	-0.493	-0.860	-0.961	
rs2322162      -0.711	-0.750	-0.713	-0.839	-0.959	-0.815	-0.818	-0.829	-0.818	-0.812	-0.823	-0.797	-0.792	-0.847	-0.847	-0.831	-0.532	-0.855	-0.858	-0.717	-0.831	-0.931	-0.618	-0.573	-0.619	-0.688	-0.808	-0.736	-0.827	-0.859	-0.664	-0.792	-0.848	-0.857	-0.845	-0.833	-0.825	-0.938	-0.838	-0.841	-0.970	-0.826	-0.826	-0.812	-0.826	-0.838	-0.831	-0.806	-0.816	-0.787	-0.826	-0.826	-0.825	-0.843	-0.826	-0.825	-0.825	-0.826	-0.935	-0.963	-0.818	-0.857	-0.928	-0.775	-0.860	-0.925	-0.861	-0.774	-0.950	-0.830	-0.947	-0.777	-0.944	-0.838	-0.835	-0.819	-0.819	-0.479	-0.374	-0.799	-0.833	-0.477	-0.469	-0.469	-0.484	-0.851	-0.479	-0.488	-0.505	-0.859	-0.958	
rs17009073     -0.654	-0.695	-0.657	-0.771	-0.891	-0.746	-0.749	-0.760	-0.846	-0.810	-0.852	-0.835	-0.824	-0.835	-0.869	-0.857	-0.855	-0.467	-0.714	-0.691	-0.612	-0.910	-0.516	-0.462	-0.525	-0.597	-0.723	-0.646	-0.756	-0.792	-0.571	-0.706	-0.780	-0.789	-0.777	-0.765	-0.756	-0.866	-0.770	-0.773	-0.910	-0.757	-0.757	-0.725	-0.757	-0.770	-0.762	-0.720	-0.731	-0.700	-0.757	-0.757	-0.756	-0.776	-0.757	-0.756	-0.756	-0.757	-0.855	-0.903	-0.733	-0.775	-0.860	-0.689	-0.796	-0.856	-0.797	-0.701	-0.887	-0.767	-0.885	-0.705	-0.881	-0.777	-0.773	-0.756	-0.756	-0.409	-0.303	-0.735	-0.770	-0.408	-0.400	-0.400	-0.415	-0.774	-0.409	-0.418	-0.436	-0.783	-0.896	
rs78431571     -0.654	-0.691	-0.656	-0.781	-0.900	-0.756	-0.760	-0.771	-0.849	-0.807	-0.855	-0.839	-0.813	-0.834	-0.873	-0.862	-0.858	-0.714	-0.469	-0.685	-0.588	-0.886	-0.545	-0.497	-0.548	-0.619	-0.742	-0.668	-0.768	-0.802	-0.594	-0.725	-0.790	-0.799	-0.787	-0.775	-0.767	-0.876	-0.780	-0.783	-0.913	-0.768	-0.768	-0.745	-0.768	-0.780	-0.773	-0.740	-0.750	-0.720	-0.768	-0.768	-0.767	-0.785	-0.768	-0.767	-0.767	-0.768	-0.871	-0.906	-0.752	-0.792	-0.868	-0.708	-0.802	-0.865	-0.803	-0.715	-0.892	-0.771	-0.889	-0.718	-0.886	-0.780	-0.777	-0.761	-0.760	-0.418	-0.313	-0.740	-0.774	-0.417	-0.408	-0.409	-0.423	-0.788	-0.418	-0.427	-0.444	-0.797	-0.900	
rs113540862    -0.525	-0.566	-0.527	-0.671	-0.788	-0.648	-0.651	-0.662	-0.715	-0.683	-0.740	-0.728	-0.653	-0.709	-0.747	-0.736	-0.717	-0.691	-0.685	-0.337	-0.653	-0.747	-0.445	-0.402	-0.448	-0.519	-0.637	-0.566	-0.652	-0.685	-0.494	-0.622	-0.673	-0.682	-0.670	-0.658	-0.649	-0.769	-0.663	-0.666	-0.799	-0.650	-0.650	-0.641	-0.650	-0.663	-0.655	-0.636	-0.646	-0.617	-0.650	-0.650	-0.650	-0.668	-0.650	-0.650	-0.650	-0.650	-0.765	-0.789	-0.648	-0.688	-0.761	-0.604	-0.686	-0.758	-0.687	-0.594	-0.777	-0.654	-0.775	-0.597	-0.771	-0.663	-0.660	-0.643	-0.643	-0.293	-0.186	-0.622	-0.659	-0.292	-0.283	-0.284	-0.298	-0.680	-0.293	-0.302	-0.320	-0.688	-0.786	
rs112891292    -0.625	-0.661	-0.627	-0.756	-0.876	-0.732	-0.735	-0.746	-0.822	-0.778	-0.830	-0.814	-0.787	-0.804	-0.846	-0.836	-0.831	-0.612	-0.588	-0.653	-0.439	-0.842	-0.542	-0.497	-0.543	-0.612	-0.730	-0.659	-0.744	-0.776	-0.588	-0.715	-0.765	-0.774	-0.762	-0.750	-0.743	-0.858	-0.755	-0.758	-0.886	-0.743	-0.743	-0.734	-0.743	-0.755	-0.748	-0.729	-0.739	-0.710	-0.744	-0.744	-0.743	-0.760	-0.743	-0.743	-0.743	-0.743	-0.854	-0.879	-0.741	-0.779	-0.849	-0.698	-0.776	-0.846	-0.777	-0.690	-0.865	-0.743	-0.863	-0.693	-0.860	-0.751	-0.749	-0.732	-0.732	-0.397	-0.292	-0.711	-0.751	-0.395	-0.387	-0.387	-0.402	-0.772	-0.397	-0.406	-0.422	-0.780	-0.873	
rs1995453      -0.776	-0.811	-0.778	-0.881	-1.005	-0.855	-0.859	-0.870	-0.933	-0.892	-0.930	-0.909	-0.943	-0.926	-0.958	-0.943	-0.931	-0.910	-0.886	-0.747	-0.842	-0.586	-0.662	-0.609	-0.670	-0.739	-0.858	-0.786	-0.875	-0.910	-0.714	-0.842	-0.898	-0.907	-0.894	-0.882	-0.874	-0.989	-0.887	-0.890	-1.021	-0.875	-0.875	-0.861	-0.875	-0.888	-0.880	-0.856	-0.866	-0.837	-0.875	-0.875	-0.874	-0.893	-0.875	-0.874	-0.874	-0.875	-0.983	-1.011	-0.868	-0.906	-0.980	-0.826	-0.910	-0.977	-0.911	-0.820	-0.999	-0.879	-0.997	-0.824	-0.993	-0.888	-0.884	-0.868	-0.868	-0.531	-0.429	-0.847	-0.885	-0.530	-0.522	-0.522	-0.536	-0.904	-0.532	-0.540	-0.556	-0.912	-1.008	
rs7626189      -0.406	-0.443	-0.408	-0.548	-0.662	-0.524	-0.528	-0.538	-0.610	-0.572	-0.614	-0.597	-0.549	-0.595	-0.632	-0.621	-0.618	-0.516	-0.545	-0.445	-0.542	-0.662	-0.218	-0.413	-0.459	-0.509	-0.546	-0.525	-0.571	-0.580	-0.499	-0.548	-0.574	-0.581	-0.569	-0.563	-0.559	-0.566	-0.565	-0.567	-0.436	-0.559	-0.559	-0.545	-0.559	-0.565	-0.562	-0.546	-0.546	-0.547	-0.559	-0.559	-0.559	-0.568	-0.559	-0.559	-0.559	-0.559	-0.530	-0.303	-0.544	-0.547	-0.637	-0.552	-0.565	-0.638	-0.565	-0.514	-0.634	-0.464	-0.631	-0.513	-0.638	-0.491	-0.471	-0.449	-0.448	-0.295	-0.205	-0.416	-0.616	-0.294	-0.287	-0.287	-0.298	-0.568	-0.295	-0.302	-0.317	-0.565	-0.392	
rs13099461     -0.373	-0.414	-0.375	-0.502	-0.618	-0.479	-0.482	-0.493	-0.564	-0.528	-0.571	-0.555	-0.521	-0.551	-0.588	-0.577	-0.573	-0.462	-0.497	-0.402	-0.497	-0.609	-0.413	-0.170	-0.432	-0.475	-0.500	-0.491	-0.529	-0.534	-0.468	-0.503	-0.530	-0.536	-0.524	-0.520	-0.516	-0.512	-0.521	-0.523	-0.426	-0.516	-0.516	-0.503	-0.516	-0.521	-0.518	-0.505	-0.503	-0.503	-0.516	-0.516	-0.516	-0.524	-0.516	-0.516	-0.516	-0.516	-0.470	-0.306	-0.502	-0.501	-0.600	-0.514	-0.517	-0.601	-0.517	-0.475	-0.581	-0.414	-0.578	-0.473	-0.587	-0.442	-0.422	-0.398	-0.397	-0.267	-0.181	-0.365	-0.577	-0.267	-0.260	-0.260	-0.271	-0.518	-0.268	-0.274	-0.288	-0.514	-0.376	
rs2036595      -0.416	-0.457	-0.418	-0.546	-0.660	-0.523	-0.526	-0.536	-0.610	-0.573	-0.614	-0.597	-0.551	-0.596	-0.632	-0.621	-0.619	-0.525	-0.548	-0.448	-0.543	-0.670	-0.459	-0.432	-0.221	-0.404	-0.391	-0.404	-0.575	-0.579	-0.413	-0.405	-0.575	-0.581	-0.570	-0.566	-0.562	-0.443	-0.567	-0.568	-0.266	-0.562	-0.563	-0.392	-0.563	-0.567	-0.564	-0.400	-0.390	-0.408	-0.563	-0.563	-0.562	-0.569	-0.562	-0.562	-0.562	-0.562	-0.333	-0.066	-0.384	-0.381	-0.604	-0.462	-0.561	-0.606	-0.560	-0.523	-0.616	-0.450	-0.614	-0.521	-0.624	-0.480	-0.458	-0.434	-0.433	-0.322	-0.237	-0.399	-0.624	-0.321	-0.315	-0.315	-0.326	-0.441	-0.322	-0.329	-0.343	-0.425	-0.340	
rs6766437      -0.484	-0.524	-0.486	-0.617	-0.731	-0.594	-0.597	-0.607	-0.680	-0.643	-0.685	-0.668	-0.622	-0.666	-0.702	-0.691	-0.688	-0.597	-0.619	-0.519	-0.612	-0.739	-0.509	-0.475	-0.404	-0.295	-0.458	-0.441	-0.641	-0.648	-0.413	-0.460	-0.643	-0.649	-0.638	-0.633	-0.629	-0.523	-0.635	-0.636	-0.375	-0.630	-0.630	-0.452	-0.630	-0.635	-0.632	-0.460	-0.451	-0.463	-0.630	-0.630	-0.629	-0.637	-0.629	-0.629	-0.629	-0.630	-0.420	-0.186	-0.450	-0.457	-0.672	-0.519	-0.632	-0.673	-0.632	-0.588	-0.693	-0.530	-0.691	-0.587	-0.699	-0.558	-0.538	-0.515	-0.514	-0.375	-0.288	-0.482	-0.685	-0.375	-0.368	-0.368	-0.379	-0.515	-0.376	-0.382	-0.397	-0.502	-0.441	
rs6766549      -0.602	-0.641	-0.604	-0.736	-0.850	-0.713	-0.716	-0.726	-0.799	-0.761	-0.804	-0.787	-0.746	-0.785	-0.821	-0.810	-0.808	-0.723	-0.742	-0.637	-0.730	-0.858	-0.546	-0.500	-0.391	-0.458	-0.419	-0.546	-0.752	-0.764	-0.434	-0.619	-0.758	-0.765	-0.753	-0.747	-0.742	-0.728	-0.750	-0.751	-0.622	-0.743	-0.743	-0.636	-0.743	-0.750	-0.745	-0.634	-0.640	-0.616	-0.743	-0.743	-0.742	-0.753	-0.743	-0.742	-0.742	-0.743	-0.682	-0.486	-0.640	-0.667	-0.798	-0.630	-0.751	-0.798	-0.751	-0.696	-0.826	-0.669	-0.820	-0.698	-0.826	-0.692	-0.677	-0.655	-0.654	-0.468	-0.373	-0.625	-0.785	-0.466	-0.459	-0.459	-0.471	-0.671	-0.467	-0.475	-0.490	-0.670	-0.656	
rs6810056      -0.530	-0.570	-0.532	-0.664	-0.778	-0.641	-0.644	-0.655	-0.727	-0.690	-0.732	-0.715	-0.671	-0.713	-0.749	-0.739	-0.736	-0.646	-0.668	-0.566	-0.659	-0.786	-0.525	-0.491	-0.404	-0.441	-0.546	-0.344	-0.685	-0.695	-0.416	-0.532	-0.689	-0.695	-0.684	-0.679	-0.674	-0.603	-0.681	-0.682	-0.456	-0.675	-0.675	-0.512	-0.675	-0.681	-0.677	-0.517	-0.513	-0.532	-0.675	-0.675	-0.674	-0.683	-0.675	-0.674	-0.674	-0.675	-0.522	-0.279	-0.510	-0.526	-0.722	-0.558	-0.680	-0.723	-0.679	-0.633	-0.744	-0.583	-0.741	-0.632	-0.749	-0.610	-0.591	-0.569	-0.568	-0.412	-0.323	-0.536	-0.726	-0.411	-0.404	-0.404	-0.416	-0.587	-0.412	-0.419	-0.434	-0.579	-0.525	
rs62245758     -0.622	-0.661	-0.624	-0.749	-0.867	-0.725	-0.728	-0.739	-0.817	-0.774	-0.813	-0.795	-0.787	-0.794	-0.835	-0.823	-0.827	-0.756	-0.768	-0.652	-0.744	-0.875	-0.571	-0.529	-0.575	-0.641	-0.752	-0.685	-0.435	-0.616	-0.618	-0.737	-0.627	-0.641	-0.638	-0.639	-0.638	-0.847	-0.640	-0.640	-0.874	-0.638	-0.638	-0.755	-0.639	-0.640	-0.640	-0.750	-0.759	-0.733	-0.639	-0.639	-0.639	-0.642	-0.639	-0.639	-0.639	-0.639	-0.862	-0.853	-0.761	-0.796	-0.786	-0.721	-0.631	-0.782	-0.628	-0.657	-0.811	-0.736	-0.805	-0.652	-0.812	-0.745	-0.742	-0.725	-0.725	-0.378	-0.260	-0.704	-0.757	-0.378	-0.369	-0.369	-0.388	-0.790	-0.380	-0.390	-0.411	-0.797	-0.863	
rs62245759     -0.653	-0.691	-0.656	-0.782	-0.900	-0.757	-0.761	-0.772	-0.850	-0.807	-0.849	-0.831	-0.818	-0.829	-0.869	-0.858	-0.859	-0.792	-0.802	-0.685	-0.776	-0.910	-0.580	-0.534	-0.579	-0.648	-0.764	-0.695	-0.616	-0.470	-0.624	-0.749	-0.599	-0.628	-0.629	-0.615	-0.607	-0.877	-0.625	-0.629	-0.908	-0.609	-0.609	-0.768	-0.610	-0.626	-0.616	-0.763	-0.773	-0.745	-0.611	-0.611	-0.609	-0.633	-0.610	-0.609	-0.609	-0.611	-0.883	-0.893	-0.775	-0.812	-0.823	-0.733	-0.659	-0.819	-0.657	-0.647	-0.840	-0.769	-0.835	-0.645	-0.838	-0.779	-0.775	-0.759	-0.758	-0.298	-0.157	-0.737	-0.751	-0.298	-0.287	-0.288	-0.313	-0.806	-0.301	-0.313	-0.340	-0.814	-0.897	
rs6773577      -0.459	-0.500	-0.461	-0.593	-0.706	-0.569	-0.572	-0.583	-0.655	-0.618	-0.660	-0.643	-0.597	-0.641	-0.677	-0.666	-0.664	-0.571	-0.594	-0.494	-0.588	-0.714	-0.499	-0.468	-0.413	-0.413	-0.434	-0.416	-0.618	-0.624	-0.269	-0.407	-0.619	-0.625	-0.614	-0.610	-0.606	-0.479	-0.611	-0.612	-0.325	-0.606	-0.606	-0.391	-0.606	-0.611	-0.608	-0.403	-0.389	-0.409	-0.606	-0.606	-0.605	-0.613	-0.606	-0.605	-0.605	-0.606	-0.353	-0.126	-0.386	-0.397	-0.643	-0.488	-0.607	-0.645	-0.606	-0.565	-0.666	-0.501	-0.664	-0.564	-0.673	-0.530	-0.510	-0.486	-0.485	-0.356	-0.270	-0.452	-0.664	-0.355	-0.349	-0.349	-0.360	-0.475	-0.357	-0.363	-0.377	-0.458	-0.397	
rs1553573      -0.587	-0.627	-0.589	-0.720	-0.834	-0.697	-0.700	-0.710	-0.783	-0.746	-0.788	-0.771	-0.729	-0.769	-0.805	-0.795	-0.792	-0.706	-0.725	-0.622	-0.715	-0.842	-0.548	-0.503	-0.405	-0.460	-0.619	-0.532	-0.737	-0.749	-0.407	-0.403	-0.743	-0.750	-0.738	-0.732	-0.728	-0.675	-0.735	-0.736	-0.558	-0.728	-0.728	-0.572	-0.728	-0.735	-0.731	-0.572	-0.575	-0.553	-0.728	-0.728	-0.728	-0.738	-0.728	-0.728	-0.728	-0.728	-0.606	-0.399	-0.576	-0.605	-0.780	-0.592	-0.736	-0.781	-0.736	-0.685	-0.802	-0.645	-0.799	-0.684	-0.806	-0.670	-0.652	-0.631	-0.629	-0.456	-0.365	-0.599	-0.774	-0.455	-0.448	-0.448	-0.460	-0.641	-0.456	-0.464	-0.478	-0.636	-0.605	
rs62246660     -0.641	-0.680	-0.643	-0.770	-0.888	-0.746	-0.749	-0.760	-0.839	-0.796	-0.837	-0.819	-0.807	-0.817	-0.858	-0.846	-0.848	-0.780	-0.790	-0.673	-0.765	-0.898	-0.574	-0.530	-0.575	-0.643	-0.758	-0.689	-0.627	-0.599	-0.619	-0.743	-0.458	-0.612	-0.615	-0.608	-0.602	-0.865	-0.613	-0.615	-0.897	-0.603	-0.603	-0.762	-0.603	-0.614	-0.609	-0.757	-0.767	-0.739	-0.604	-0.604	-0.603	-0.621	-0.604	-0.603	-0.603	-0.605	-0.875	-0.881	-0.769	-0.805	-0.806	-0.727	-0.632	-0.802	-0.629	-0.643	-0.826	-0.757	-0.821	-0.639	-0.825	-0.767	-0.763	-0.746	-0.746	-0.306	-0.168	-0.725	-0.748	-0.306	-0.295	-0.296	-0.320	-0.799	-0.309	-0.320	-0.347	-0.807	-0.886	
rs1553574      -0.650	-0.689	-0.653	-0.779	-0.897	-0.755	-0.758	-0.769	-0.848	-0.805	-0.846	-0.828	-0.815	-0.827	-0.867	-0.855	-0.857	-0.789	-0.799	-0.682	-0.774	-0.907	-0.581	-0.536	-0.581	-0.649	-0.765	-0.695	-0.641	-0.628	-0.625	-0.750	-0.612	-0.467	-0.634	-0.623	-0.616	-0.876	-0.631	-0.633	-0.905	-0.618	-0.618	-0.768	-0.618	-0.632	-0.624	-0.763	-0.773	-0.745	-0.619	-0.619	-0.618	-0.637	-0.619	-0.618	-0.618	-0.619	-0.882	-0.889	-0.775	-0.812	-0.818	-0.733	-0.656	-0.816	-0.654	-0.651	-0.838	-0.767	-0.833	-0.649	-0.836	-0.776	-0.772	-0.756	-0.755	-0.314	-0.177	-0.735	-0.755	-0.314	-0.304	-0.305	-0.328	-0.806	-0.317	-0.328	-0.355	-0.814	-0.894	
rs2874744      -0.638	-0.676	-0.640	-0.767	-0.885	-0.742	-0.746	-0.757	-0.836	-0.793	-0.834	-0.816	-0.804	-0.814	-0.855	-0.843	-0.845	-0.777	-0.787	-0.670	-0.762	-0.894	-0.569	-0.524	-0.570	-0.638	-0.753	-0.684	-0.638	-0.629	-0.614	-0.738	-0.615	-0.634	-0.454	-0.560	-0.551	-0.861	-0.571	-0.575	-0.894	-0.554	-0.554	-0.757	-0.555	-0.573	-0.565	-0.752	-0.762	-0.734	-0.557	-0.557	-0.555	-0.586	-0.557	-0.555	-0.555	-0.558	-0.871	-0.879	-0.764	-0.800	-0.800	-0.722	-0.613	-0.795	-0.610	-0.631	-0.819	-0.754	-0.814	-0.627	-0.818	-0.763	-0.760	-0.743	-0.742	-0.318	-0.185	-0.721	-0.745	-0.318	-0.308	-0.308	-0.331	-0.794	-0.321	-0.332	-0.357	-0.802	-0.883	
rs2135318      -0.625	-0.664	-0.628	-0.755	-0.873	-0.730	-0.734	-0.745	-0.824	-0.781	-0.821	-0.803	-0.793	-0.802	-0.843	-0.831	-0.833	-0.765	-0.775	-0.658	-0.750	-0.882	-0.563	-0.520	-0.566	-0.633	-0.747	-0.679	-0.639	-0.615	-0.610	-0.732	-0.608	-0.623	-0.560	-0.441	-0.556	-0.849	-0.566	-0.567	-0.883	-0.557	-0.558	-0.751	-0.558	-0.568	-0.563	-0.746	-0.756	-0.728	-0.560	-0.560	-0.559	-0.573	-0.560	-0.559	-0.559	-0.561	-0.863	-0.866	-0.757	-0.793	-0.782	-0.716	-0.589	-0.778	-0.585	-0.630	-0.806	-0.742	-0.801	-0.626	-0.806	-0.751	-0.747	-0.731	-0.730	-0.333	-0.205	-0.709	-0.744	-0.333	-0.323	-0.324	-0.345	-0.787	-0.336	-0.346	-0.370	-0.795	-0.871	
rs61180178     -0.617	-0.656	-0.620	-0.747	-0.865	-0.722	-0.726	-0.737	-0.816	-0.773	-0.813	-0.795	-0.785	-0.794	-0.835	-0.822	-0.825	-0.756	-0.767	-0.649	-0.743	-0.874	-0.559	-0.516	-0.562	-0.629	-0.742	-0.674	-0.638	-0.607	-0.606	-0.728	-0.602	-0.616	-0.551	-0.556	-0.433	-0.840	-0.551	-0.548	-0.875	-0.549	-0.549	-0.746	-0.550	-0.551	-0.552	-0.741	-0.750	-0.723	-0.550	-0.550	-0.550	-0.554	-0.551	-0.550	-0.550	-0.552	-0.857	-0.857	-0.752	-0.788	-0.770	-0.711	-0.567	-0.766	-0.562	-0.626	-0.796	-0.733	-0.791	-0.621	-0.797	-0.743	-0.739	-0.722	-0.721	-0.338	-0.211	-0.701	-0.741	-0.337	-0.328	-0.328	-0.349	-0.782	-0.340	-0.350	-0.373	-0.789	-0.864	
rs68103358     -0.733	-0.772	-0.735	-0.865	-0.981	-0.842	-0.845	-0.856	-0.929	-0.892	-0.938	-0.923	-0.877	-0.918	-0.954	-0.943	-0.938	-0.866	-0.876	-0.769	-0.858	-0.989	-0.566	-0.512	-0.443	-0.523	-0.728	-0.603	-0.847	-0.877	-0.479	-0.675	-0.865	-0.876	-0.861	-0.849	-0.840	-0.556	-0.854	-0.857	-0.868	-0.841	-0.841	-0.703	-0.841	-0.854	-0.846	-0.696	-0.710	-0.664	-0.841	-0.841	-0.840	-0.859	-0.841	-0.840	-0.840	-0.841	-0.875	-0.796	-0.714	-0.780	-0.831	-0.674	-0.877	-0.828	-0.879	-0.784	-0.972	-0.813	-0.970	-0.785	-0.968	-0.832	-0.820	-0.800	-0.799	-0.499	-0.397	-0.772	-0.879	-0.498	-0.490	-0.491	-0.504	-0.787	-0.500	-0.508	-0.525	-0.794	-0.877	
rs77110295     -0.631	-0.670	-0.633	-0.760	-0.878	-0.735	-0.739	-0.750	-0.829	-0.786	-0.827	-0.809	-0.798	-0.808	-0.848	-0.836	-0.838	-0.770	-0.780	-0.663	-0.755	-0.887	-0.565	-0.521	-0.567	-0.635	-0.750	-0.681	-0.640	-0.625	-0.611	-0.735	-0.613	-0.631	-0.571	-0.566	-0.551	-0.854	-0.447	-0.566	-0.888	-0.552	-0.552	-0.753	-0.553	-0.565	-0.560	-0.748	-0.758	-0.730	-0.554	-0.554	-0.552	-0.576	-0.553	-0.552	-0.552	-0.554	-0.866	-0.872	-0.760	-0.796	-0.789	-0.718	-0.596	-0.785	-0.592	-0.629	-0.811	-0.747	-0.806	-0.624	-0.811	-0.756	-0.753	-0.736	-0.735	-0.323	-0.191	-0.714	-0.743	-0.323	-0.313	-0.313	-0.336	-0.790	-0.325	-0.336	-0.361	-0.798	-0.876	
rs62246663     -0.634	-0.673	-0.636	-0.763	-0.881	-0.738	-0.742	-0.753	-0.832	-0.789	-0.830	-0.813	-0.800	-0.811	-0.851	-0.839	-0.841	-0.773	-0.783	-0.666	-0.758	-0.890	-0.567	-0.523	-0.568	-0.636	-0.751	-0.682	-0.640	-0.629	-0.612	-0.736	-0.615	-0.633	-0.575	-0.567	-0.548	-0.857	-0.566	-0.450	-0.891	-0.550	-0.550	-0.755	-0.550	-0.566	-0.559	-0.750	-0.760	-0.732	-0.551	-0.551	-0.550	-0.578	-0.551	-0.550	-0.550	-0.552	-0.868	-0.875	-0.761	-0.798	-0.794	-0.720	-0.603	-0.790	-0.599	-0.629	-0.815	-0.750	-0.809	-0.625	-0.814	-0.759	-0.756	-0.739	-0.738	-0.319	-0.186	-0.718	-0.744	-0.319	-0.309	-0.309	-0.332	-0.792	-0.322	-0.333	-0.357	-0.800	-0.879	
rs11128242     -0.766	-0.804	-0.769	-0.893	-1.012	-0.869	-0.872	-0.883	-0.961	-0.920	-0.967	-0.951	-0.922	-0.947	-0.984	-0.974	-0.970	-0.910	-0.913	-0.799	-0.886	-1.021	-0.436	-0.426	-0.266	-0.375	-0.622	-0.456	-0.874	-0.908	-0.325	-0.558	-0.897	-0.905	-0.894	-0.883	-0.875	-0.868	-0.888	-0.891	-0.589	-0.875	-0.875	-0.580	-0.876	-0.888	-0.880	-0.570	-0.590	-0.538	-0.876	-0.876	-0.875	-0.893	-0.876	-0.875	-0.875	-0.876	-0.847	-0.606	-0.596	-0.687	-0.889	-0.534	-0.910	-0.885	-0.911	-0.824	-0.991	-0.875	-0.990	-0.828	-0.987	-0.886	-0.881	-0.865	-0.864	-0.521	-0.413	-0.843	-0.867	-0.519	-0.511	-0.511	-0.526	-0.714	-0.521	-0.530	-0.547	-0.725	-0.862	
rs75581813     -0.618	-0.657	-0.620	-0.748	-0.866	-0.723	-0.726	-0.737	-0.817	-0.774	-0.814	-0.796	-0.786	-0.794	-0.835	-0.823	-0.826	-0.757	-0.768	-0.650	-0.743	-0.875	-0.559	-0.516	-0.562	-0.630	-0.743	-0.675	-0.638	-0.609	-0.606	-0.728	-0.603	-0.618	-0.554	-0.557	-0.549	-0.841	-0.552	-0.550	-0.875	-0.433	-0.549	-0.746	-0.549	-0.552	-0.552	-0.741	-0.751	-0.723	-0.550	-0.550	-0.549	-0.555	-0.550	-0.550	-0.550	-0.551	-0.857	-0.858	-0.753	-0.789	-0.771	-0.711	-0.568	-0.767	-0.562	-0.626	-0.797	-0.734	-0.791	-0.621	-0.798	-0.744	-0.740	-0.723	-0.722	-0.336	-0.210	-0.701	-0.741	-0.336	-0.327	-0.327	-0.348	-0.782	-0.339	-0.349	-0.372	-0.790	-0.864	
rs62246664     -0.618	-0.657	-0.620	-0.748	-0.866	-0.723	-0.726	-0.737	-0.817	-0.774	-0.814	-0.796	-0.786	-0.795	-0.835	-0.823	-0.826	-0.757	-0.768	-0.650	-0.743	-0.875	-0.559	-0.516	-0.563	-0.630	-0.743	-0.675	-0.638	-0.609	-0.606	-0.728	-0.603	-0.618	-0.554	-0.558	-0.549	-0.841	-0.552	-0.550	-0.875	-0.549	-0.434	-0.746	-0.549	-0.552	-0.552	-0.741	-0.751	-0.723	-0.550	-0.550	-0.549	-0.555	-0.550	-0.550	-0.550	-0.551	-0.857	-0.858	-0.753	-0.789	-0.771	-0.711	-0.568	-0.767	-0.562	-0.626	-0.797	-0.734	-0.792	-0.621	-0.798	-0.744	-0.740	-0.723	-0.722	-0.336	-0.209	-0.701	-0.741	-0.336	-0.326	-0.327	-0.348	-0.782	-0.339	-0.349	-0.372	-0.790	-0.864	
rs6806777      -0.606	-0.646	-0.608	-0.739	-0.854	-0.716	-0.719	-0.730	-0.803	-0.765	-0.808	-0.791	-0.749	-0.789	-0.825	-0.814	-0.812	-0.725	-0.745	-0.641	-0.734	-0.861	-0.545	-0.503	-0.392	-0.452	-0.636	-0.512	-0.755	-0.768	-0.391	-0.572	-0.762	-0.768	-0.757	-0.751	-0.746	-0.703	-0.753	-0.755	-0.580	-0.746	-0.746	-0.423	-0.746	-0.753	-0.749	-0.542	-0.549	-0.543	-0.746	-0.746	-0.746	-0.756	-0.746	-0.746	-0.746	-0.746	-0.635	-0.420	-0.554	-0.606	-0.795	-0.577	-0.756	-0.795	-0.756	-0.703	-0.823	-0.668	-0.821	-0.702	-0.827	-0.692	-0.676	-0.654	-0.653	-0.469	-0.377	-0.623	-0.789	-0.469	-0.461	-0.462	-0.474	-0.655	-0.470	-0.477	-0.492	-0.653	-0.635	
rs55723069     -0.618	-0.657	-0.621	-0.748	-0.866	-0.723	-0.727	-0.738	-0.817	-0.774	-0.814	-0.796	-0.786	-0.795	-0.836	-0.823	-0.826	-0.757	-0.768	-0.650	-0.743	-0.875	-0.559	-0.516	-0.563	-0.630	-0.743	-0.675	-0.639	-0.610	-0.606	-0.728	-0.603	-0.618	-0.555	-0.558	-0.550	-0.841	-0.553	-0.550	-0.876	-0.549	-0.549	-0.746	-0.434	-0.552	-0.552	-0.742	-0.751	-0.723	-0.550	-0.550	-0.549	-0.555	-0.550	-0.549	-0.549	-0.551	-0.858	-0.858	-0.753	-0.789	-0.771	-0.712	-0.568	-0.767	-0.563	-0.626	-0.797	-0.734	-0.792	-0.621	-0.798	-0.744	-0.740	-0.723	-0.722	-0.336	-0.209	-0.702	-0.741	-0.336	-0.326	-0.327	-0.348	-0.782	-0.338	-0.349	-0.372	-0.790	-0.864	
rs56730964     -0.631	-0.670	-0.633	-0.760	-0.878	-0.736	-0.739	-0.750	-0.829	-0.786	-0.827	-0.810	-0.798	-0.808	-0.848	-0.836	-0.838	-0.770	-0.780	-0.663	-0.755	-0.888	-0.565	-0.521	-0.567	-0.635	-0.750	-0.681	-0.640	-0.626	-0.611	-0.735	-0.614	-0.632	-0.573	-0.568	-0.551	-0.854	-0.565	-0.566	-0.888	-0.552	-0.552	-0.753	-0.552	-0.447	-0.560	-0.748	-0.758	-0.730	-0.552	-0.552	-0.551	-0.575	-0.552	-0.551	-0.551	-0.553	-0.866	-0.872	-0.760	-0.796	-0.790	-0.718	-0.596	-0.785	-0.592	-0.629	-0.812	-0.747	-0.806	-0.624	-0.811	-0.757	-0.753	-0.736	-0.735	-0.322	-0.190	-0.715	-0.743	-0.322	-0.311	-0.312	-0.334	-0.790	-0.324	-0.335	-0.360	-0.798	-0.877	
rs62246666     -0.623	-0.662	-0.625	-0.752	-0.871	-0.728	-0.731	-0.742	-0.822	-0.778	-0.819	-0.801	-0.791	-0.800	-0.840	-0.828	-0.831	-0.762	-0.773	-0.655	-0.748	-0.880	-0.562	-0.518	-0.564	-0.632	-0.745	-0.677	-0.640	-0.616	-0.608	-0.731	-0.609	-0.624	-0.565	-0.563	-0.552	-0.846	-0.560	-0.559	-0.880	-0.552	-0.552	-0.749	-0.552	-0.560	-0.439	-0.744	-0.754	-0.726	-0.552	-0.552	-0.551	-0.564	-0.552	-0.551	-0.552	-0.553	-0.861	-0.863	-0.756	-0.792	-0.778	-0.714	-0.580	-0.774	-0.575	-0.627	-0.803	-0.739	-0.797	-0.623	-0.803	-0.749	-0.745	-0.728	-0.727	-0.332	-0.203	-0.706	-0.742	-0.332	-0.322	-0.322	-0.344	-0.785	-0.334	-0.345	-0.368	-0.793	-0.869	
rs7653594      -0.600	-0.641	-0.602	-0.734	-0.848	-0.711	-0.714	-0.724	-0.798	-0.760	-0.803	-0.786	-0.744	-0.783	-0.820	-0.809	-0.806	-0.720	-0.740	-0.636	-0.729	-0.856	-0.546	-0.505	-0.400	-0.460	-0.634	-0.517	-0.750	-0.763	-0.403	-0.572	-0.757	-0.763	-0.752	-0.746	-0.741	-0.696	-0.748	-0.750	-0.570	-0.741	-0.741	-0.542	-0.742	-0.748	-0.744	-0.418	-0.544	-0.543	-0.742	-0.742	-0.741	-0.751	-0.741	-0.741	-0.741	-0.741	-0.625	-0.408	-0.548	-0.598	-0.790	-0.575	-0.750	-0.790	-0.750	-0.698	-0.817	-0.662	-0.815	-0.698	-0.821	-0.686	-0.670	-0.648	-0.647	-0.465	-0.374	-0.617	-0.785	-0.465	-0.457	-0.458	-0.470	-0.650	-0.466	-0.473	-0.488	-0.646	-0.626	
rs9874496      -0.610	-0.651	-0.613	-0.744	-0.858	-0.721	-0.724	-0.735	-0.808	-0.770	-0.813	-0.796	-0.755	-0.794	-0.830	-0.819	-0.816	-0.731	-0.750	-0.646	-0.739	-0.866	-0.546	-0.503	-0.390	-0.451	-0.640	-0.513	-0.759	-0.773	-0.389	-0.575	-0.767	-0.773	-0.762	-0.756	-0.750	-0.710	-0.758	-0.760	-0.590	-0.751	-0.751	-0.549	-0.751	-0.758	-0.754	-0.544	-0.428	-0.543	-0.751	-0.751	-0.750	-0.761	-0.751	-0.750	-0.750	-0.751	-0.644	-0.432	-0.558	-0.612	-0.800	-0.577	-0.761	-0.800	-0.760	-0.707	-0.828	-0.674	-0.826	-0.707	-0.832	-0.697	-0.681	-0.660	-0.659	-0.473	-0.381	-0.629	-0.793	-0.472	-0.465	-0.465	-0.477	-0.660	-0.473	-0.481	-0.496	-0.657	-0.643	
rs6775673      -0.583	-0.623	-0.585	-0.715	-0.829	-0.691	-0.694	-0.705	-0.778	-0.741	-0.783	-0.766	-0.724	-0.764	-0.801	-0.790	-0.787	-0.700	-0.720	-0.617	-0.710	-0.837	-0.547	-0.503	-0.408	-0.463	-0.616	-0.532	-0.733	-0.745	-0.409	-0.553	-0.739	-0.745	-0.734	-0.728	-0.723	-0.664	-0.730	-0.732	-0.538	-0.723	-0.723	-0.543	-0.723	-0.730	-0.726	-0.543	-0.543	-0.398	-0.723	-0.723	-0.723	-0.733	-0.723	-0.723	-0.723	-0.723	-0.579	-0.370	-0.544	-0.580	-0.772	-0.577	-0.731	-0.773	-0.731	-0.680	-0.797	-0.640	-0.794	-0.680	-0.801	-0.665	-0.647	-0.625	-0.624	-0.452	-0.361	-0.594	-0.769	-0.451	-0.444	-0.444	-0.456	-0.623	-0.452	-0.459	-0.474	-0.617	-0.588	
rs148855890    -0.618	-0.657	-0.621	-0.748	-0.866	-0.723	-0.727	-0.738	-0.817	-0.774	-0.814	-0.796	-0.786	-0.795	-0.836	-0.824	-0.826	-0.757	-0.768	-0.650	-0.744	-0.875	-0.559	-0.516	-0.563	-0.630	-0.743	-0.675	-0.639	-0.611	-0.606	-0.728	-0.604	-0.619	-0.557	-0.560	-0.550	-0.841	-0.554	-0.551	-0.876	-0.550	-0.550	-0.746	-0.550	-0.552	-0.552	-0.742	-0.751	-0.723	-0.434	-0.550	-0.549	-0.555	-0.549	-0.549	-0.549	-0.550	-0.858	-0.859	-0.753	-0.789	-0.771	-0.712	-0.568	-0.767	-0.562	-0.626	-0.797	-0.734	-0.792	-0.621	-0.798	-0.744	-0.740	-0.723	-0.723	-0.335	-0.208	-0.702	-0.741	-0.335	-0.325	-0.326	-0.347	-0.783	-0.337	-0.348	-0.371	-0.790	-0.865	
rs143473521    -0.618	-0.657	-0.621	-0.748	-0.866	-0.723	-0.727	-0.738	-0.817	-0.774	-0.814	-0.796	-0.786	-0.795	-0.836	-0.824	-0.826	-0.757	-0.768	-0.650	-0.744	-0.875	-0.559	-0.516	-0.563	-0.630	-0.743	-0.675	-0.639	-0.611	-0.606	-0.728	-0.604	-0.619	-0.557	-0.560	-0.550	-0.841	-0.554	-0.551	-0.876	-0.550	-0.550	-0.746	-0.550	-0.552	-0.552	-0.742	-0.751	-0.723	-0.550	-0.434	-0.549	-0.555	-0.549	-0.549	-0.549	-0.550	-0.858	-0.859	-0.753	-0.789	-0.771	-0.712	-0.568	-0.767	-0.562	-0.626	-0.797	-0.734	-0.792	-0.621	-0.798	-0.744	-0.740	-0.723	-0.723	-0.335	-0.208	-0.702	-0.741	-0.335	-0.325	-0.326	-0.347	-0.782	-0.337	-0.348	-0.371	-0.790	-0.865	
rs62243771     -0.617	-0.656	-0.620	-0.747	-0.865	-0.722	-0.726	-0.737	-0.816	-0.773	-0.813	-0.795	-0.786	-0.794	-0.835	-0.823	-0.825	-0.756	-0.767	-0.650	-0.743	-0.874	-0.559	-0.516	-0.562	-0.629	-0.742	-0.674	-0.639	-0.609	-0.605	-0.728	-0.603	-0.618	-0.555	-0.559	-0.550	-0.840	-0.552	-0.550	-0.875	-0.549	-0.549	-0.746	-0.549	-0.551	-0.551	-0.741	-0.750	-0.723	-0.549	-0.549	-0.433	-0.553	-0.549	-0.548	-0.548	-0.550	-0.857	-0.858	-0.752	-0.788	-0.770	-0.711	-0.565	-0.766	-0.559	-0.625	-0.796	-0.733	-0.791	-0.621	-0.797	-0.743	-0.739	-0.722	-0.722	-0.336	-0.209	-0.701	-0.740	-0.336	-0.326	-0.326	-0.347	-0.782	-0.338	-0.349	-0.372	-0.789	-0.864	
rs62243772     -0.636	-0.675	-0.638	-0.765	-0.883	-0.741	-0.744	-0.755	-0.834	-0.791	-0.832	-0.815	-0.803	-0.813	-0.853	-0.841	-0.843	-0.776	-0.785	-0.668	-0.760	-0.893	-0.568	-0.524	-0.569	-0.637	-0.753	-0.683	-0.642	-0.633	-0.613	-0.738	-0.621	-0.637	-0.586	-0.573	-0.554	-0.859	-0.576	-0.578	-0.893	-0.555	-0.555	-0.756	-0.555	-0.575	-0.564	-0.751	-0.761	-0.733	-0.555	-0.555	-0.553	-0.453	-0.554	-0.553	-0.553	-0.555	-0.870	-0.878	-0.763	-0.799	-0.796	-0.721	-0.610	-0.792	-0.607	-0.630	-0.817	-0.752	-0.812	-0.626	-0.816	-0.762	-0.758	-0.741	-0.741	-0.318	-0.185	-0.720	-0.745	-0.318	-0.307	-0.308	-0.331	-0.793	-0.320	-0.331	-0.356	-0.801	-0.882	
rs149591868    -0.618	-0.657	-0.621	-0.748	-0.866	-0.723	-0.726	-0.737	-0.817	-0.774	-0.814	-0.796	-0.786	-0.795	-0.835	-0.823	-0.826	-0.757	-0.768	-0.650	-0.743	-0.875	-0.559	-0.516	-0.562	-0.629	-0.743	-0.675	-0.639	-0.610	-0.606	-0.728	-0.604	-0.619	-0.557	-0.560	-0.551	-0.841	-0.553	-0.551	-0.876	-0.550	-0.550	-0.746	-0.550	-0.552	-0.552	-0.741	-0.751	-0.723	-0.549	-0.549	-0.549	-0.554	-0.434	-0.549	-0.549	-0.550	-0.857	-0.858	-0.753	-0.789	-0.771	-0.711	-0.567	-0.767	-0.561	-0.626	-0.797	-0.734	-0.791	-0.621	-0.798	-0.744	-0.740	-0.723	-0.722	-0.335	-0.208	-0.702	-0.740	-0.335	-0.325	-0.326	-0.347	-0.782	-0.337	-0.348	-0.371	-0.790	-0.864	
rs62243773     -0.617	-0.656	-0.620	-0.747	-0.865	-0.722	-0.726	-0.737	-0.816	-0.773	-0.813	-0.795	-0.786	-0.794	-0.835	-0.823	-0.825	-0.756	-0.767	-0.650	-0.743	-0.874	-0.559	-0.516	-0.562	-0.629	-0.742	-0.674	-0.639	-0.609	-0.605	-0.728	-0.603	-0.618	-0.555	-0.559	-0.550	-0.840	-0.552	-0.550	-0.875	-0.550	-0.550	-0.746	-0.549	-0.551	-0.551	-0.741	-0.750	-0.723	-0.549	-0.549	-0.548	-0.553	-0.549	-0.433	-0.548	-0.550	-0.857	-0.858	-0.752	-0.788	-0.770	-0.711	-0.565	-0.766	-0.559	-0.625	-0.796	-0.733	-0.791	-0.621	-0.797	-0.743	-0.739	-0.722	-0.722	-0.336	-0.208	-0.701	-0.740	-0.335	-0.326	-0.326	-0.347	-0.782	-0.338	-0.348	-0.372	-0.789	-0.864	
rs62243774     -0.617	-0.656	-0.620	-0.747	-0.865	-0.722	-0.726	-0.737	-0.816	-0.773	-0.813	-0.795	-0.786	-0.794	-0.835	-0.823	-0.825	-0.756	-0.767	-0.650	-0.743	-0.874	-0.559	-0.516	-0.562	-0.629	-0.742	-0.674	-0.639	-0.609	-0.605	-0.728	-0.603	-0.618	-0.555	-0.559	-0.550	-0.840	-0.552	-0.550	-0.875	-0.550	-0.550	-0.746	-0.549	-0.551	-0.552	-0.741	-0.750	-0.723	-0.549	-0.549	-0.548	-0.553	-0.549	-0.548	-0.433	-0.550	-0.857	-0.858	-0.752	-0.788	-0.770	-0.711	-0.565	-0.766	-0.559	-0.625	-0.796	-0.733	-0.791	-0.621	-0.797	-0.743	-0.739	-0.722	-0.722	-0.336	-0.208	-0.701	-0.740	-0.335	-0.326	-0.326	-0.347	-0.782	-0.338	-0.348	-0.372	-0.789	-0.864	
rs142205154    -0.618	-0.657	-0.621	-0.748	-0.866	-0.723	-0.726	-0.737	-0.817	-0.774	-0.814	-0.796	-0.786	-0.795	-0.835	-0.823	-0.826	-0.757	-0.768	-0.650	-0.743	-0.875	-0.559	-0.516	-0.562	-0.630	-0.743	-0.675	-0.639	-0.611	-0.606	-0.728	-0.605	-0.619	-0.558	-0.561	-0.552	-0.841	-0.554	-0.552	-0.876	-0.551	-0.551	-0.746	-0.551	-0.553	-0.553	-0.741	-0.751	-0.723	-0.550	-0.550	-0.550	-0.555	-0.550	-0.550	-0.550	-0.434	-0.857	-0.858	-0.753	-0.789	-0.771	-0.711	-0.567	-0.767	-0.561	-0.626	-0.797	-0.734	-0.791	-0.621	-0.798	-0.744	-0.740	-0.723	-0.722	-0.335	-0.208	-0.702	-0.740	-0.335	-0.325	-0.326	-0.347	-0.782	-0.337	-0.348	-0.371	-0.790	-0.864	
rs11717565     -0.729	-0.769	-0.732	-0.860	-0.977	-0.836	-0.840	-0.850	-0.926	-0.886	-0.930	-0.914	-0.880	-0.911	-0.948	-0.937	-0.935	-0.855	-0.871	-0.765	-0.854	-0.983	-0.530	-0.470	-0.333	-0.420	-0.682	-0.522	-0.862	-0.883	-0.353	-0.606	-0.875	-0.882	-0.871	-0.863	-0.857	-0.875	-0.866	-0.868	-0.847	-0.857	-0.857	-0.635	-0.858	-0.866	-0.861	-0.625	-0.644	-0.579	-0.858	-0.858	-0.857	-0.870	-0.857	-0.857	-0.857	-0.857	-0.552	-0.755	-0.647	-0.695	-0.917	-0.608	-0.876	-0.915	-0.876	-0.811	-0.947	-0.808	-0.945	-0.813	-0.948	-0.828	-0.815	-0.795	-0.794	-0.549	-0.449	-0.768	-0.877	-0.548	-0.540	-0.540	-0.553	-0.749	-0.549	-0.557	-0.573	-0.757	-0.858	
rs13065604     -0.759	-0.796	-0.761	-0.886	-1.005	-0.861	-0.865	-0.875	-0.953	-0.912	-0.959	-0.943	-0.921	-0.939	-0.977	-0.966	-0.963	-0.903	-0.906	-0.789	-0.879	-1.011	-0.303	-0.306	-0.066	-0.186	-0.486	-0.279	-0.853	-0.893	-0.126	-0.399	-0.881	-0.889	-0.879	-0.866	-0.857	-0.796	-0.872	-0.875	-0.606	-0.858	-0.858	-0.420	-0.858	-0.872	-0.863	-0.408	-0.432	-0.370	-0.859	-0.859	-0.858	-0.878	-0.858	-0.858	-0.858	-0.858	-0.755	-0.582	-0.439	-0.558	-0.826	-0.369	-0.899	-0.821	-0.900	-0.805	-0.980	-0.876	-0.979	-0.811	-0.975	-0.884	-0.881	-0.866	-0.866	-0.484	-0.371	-0.846	-0.835	-0.482	-0.473	-0.473	-0.489	-0.597	-0.483	-0.493	-0.511	-0.610	-0.831	
