## Summary of overall evidence for association with region:
## log10(BF for region) = 14.232
## p-value for region = NA

## BFs for choosing among multi-SNP models:
## log10(average 1-SNP BF) = 14.2035
## log10(average 2-SNP BF) = 14.2838

## Example posterior probabilities for multi-SNP models, based on default prior: [p(l) propto 0.5^l for l=1,2,...,L]
## posterior probability of 1-SNP = 0.624385
## posterior probability of 2-SNP = 0.375615

## log10(BF) for single SNP and pair of SNPs:
rs12116726     +1.873	+13.901	+14.124	+11.978	+1.853	+11.985	+1.876	+1.845	+14.698	+14.424	+2.015	+14.408	+12.082	+14.428	+12.211	+14.439	+14.534	+14.416	+2.049	+11.964	+1.900	+12.016	+2.042	+1.913	+1.901	+2.084	+14.725	+14.528	+14.533	+12.068	+12.273	+12.009	+7.008	+14.518	+1.896	+14.516	+1.915	+1.870	+1.924	+2.202	+2.206	+2.171	+2.210	+2.101	+2.102	+2.219	+14.480	+2.296	+2.075	+14.975	+2.269	+15.055	+10.565	+2.248	+2.558	+2.518	+2.379	+2.703	+2.705	+2.355	+2.666	+7.282	+2.562	+11.507	+7.186	+3.493	+2.711	+2.396	+2.495	+10.118	+3.547	+2.837	+3.562	+2.521	+2.590	+7.953	+2.008	+2.820	+2.570	+2.840	+2.513	+2.558	+7.670	+2.599	+2.892	+2.532	+2.594	+2.829	+2.554	+2.553	+4.971	+2.614	+2.504	+2.551	+2.827	+2.595	+2.504	+2.504	+2.551	+7.779	+2.561	+2.496	+2.585	+2.857	+2.549	+2.584	+2.867	+2.549	+2.548	+2.856	+2.583	+2.841	+2.348	+2.349	+11.753	+2.629	+2.430	+2.348	+2.630	+2.341	+2.609	+2.318	+2.340	+2.338	+11.537	+2.451	+2.452	+2.344	+2.327	+2.585	+6.992	+2.337	+2.326	+2.450	+2.449	+3.815	+2.302	+2.301	+2.298	+2.553	+2.546	+2.442	+7.011	+2.274	+2.429	+2.455	+3.807	+2.427	+6.999	+2.462	+2.571	+2.460	+2.371	+2.371	+2.626	+2.516	+2.604	+6.788	+2.615	+1.739	+2.075	+1.632	+1.925	+2.520	+2.473	+1.528	+1.997	+2.016	+2.013	+2.885	+1.735	+2.874	+2.849	+2.849	+2.862	+2.874	+2.855	+1.674	+1.715	+2.814	+1.715	+1.732	+1.920	+1.535	+1.604	+1.892	+1.611	+1.897	
rs7553153      +13.901	+14.575	+14.768	+13.805	+13.763	+13.805	+13.903	+13.763	+15.235	+15.017	+13.776	+15.006	+13.811	+15.028	+13.830	+15.040	+15.135	+15.008	+13.780	+13.833	+13.915	+13.840	+13.779	+13.765	+13.916	+13.785	+15.168	+15.010	+15.015	+13.847	+13.874	+13.839	+13.772	+15.004	+13.911	+15.002	+13.923	+13.764	+13.926	+14.069	+14.070	+14.059	+14.071	+13.795	+13.795	+14.075	+14.969	+14.111	+13.791	+15.310	+14.093	+15.375	+13.763	+14.464	+14.063	+14.046	+14.521	+14.737	+14.738	+14.508	+14.718	+13.729	+14.066	+14.698	+13.717	+13.751	+14.746	+14.536	+14.039	+14.295	+13.743	+14.913	+13.741	+14.705	+14.114	+14.692	+14.586	+14.911	+14.103	+14.923	+14.688	+14.098	+14.648	+14.120	+14.963	+14.705	+14.118	+14.917	+14.096	+14.096	+13.697	+14.768	+14.682	+14.095	+14.915	+14.757	+14.684	+14.684	+14.096	+14.687	+14.732	+14.066	+14.114	+14.944	+14.720	+14.114	+14.949	+14.720	+14.719	+14.943	+14.114	+14.933	+13.985	+14.559	+14.925	+14.771	+14.026	+14.559	+14.772	+14.554	+14.760	+13.973	+14.559	+14.558	+14.841	+14.059	+14.059	+14.565	+14.551	+14.749	+13.750	+14.560	+14.550	+14.059	+14.059	+13.710	+14.535	+14.534	+14.533	+14.727	+14.723	+14.060	+13.754	+14.515	+14.052	+14.613	+13.705	+14.052	+13.753	+14.667	+14.134	+14.665	+14.026	+14.026	+14.163	+14.705	+14.153	+13.738	+14.160	+14.177	+13.974	+13.905	+14.410	+13.727	+13.733	+14.010	+14.475	+14.536	+14.533	+13.737	+14.250	+13.738	+13.740	+13.740	+13.738	+13.736	+13.739	+14.304	+14.261	+13.743	+14.255	+14.234	+14.436	+13.877	+13.951	+14.408	+13.952	+14.414	
rs4384293      +14.124	+14.768	+14.810	+14.028	+13.996	+14.028	+14.127	+13.996	+15.233	+15.044	+14.005	+15.034	+14.034	+15.052	+14.050	+15.061	+15.140	+15.038	+14.008	+14.053	+14.137	+14.059	+14.008	+13.996	+14.138	+14.013	+15.224	+15.083	+15.087	+14.066	+14.091	+14.059	+14.009	+15.078	+14.134	+15.076	+14.145	+13.996	+14.149	+14.287	+14.288	+14.277	+14.290	+14.022	+14.022	+14.293	+15.064	+14.328	+14.019	+15.377	+14.310	+15.441	+13.993	+14.679	+14.280	+14.263	+14.734	+14.948	+14.949	+14.721	+14.929	+13.957	+14.284	+14.868	+13.946	+13.988	+14.957	+14.749	+14.257	+14.483	+13.979	+15.125	+13.977	+14.919	+14.332	+14.893	+14.806	+15.122	+14.321	+15.134	+14.901	+14.316	+14.850	+14.337	+15.173	+14.918	+14.335	+15.128	+14.314	+14.314	+13.930	+14.981	+14.895	+14.313	+15.126	+14.970	+14.898	+14.897	+14.313	+14.889	+14.945	+14.284	+14.332	+15.155	+14.933	+14.331	+15.159	+14.933	+14.932	+15.154	+14.331	+15.144	+14.205	+14.773	+15.088	+14.983	+14.246	+14.773	+14.984	+14.769	+14.972	+14.194	+14.773	+14.772	+15.008	+14.278	+14.278	+14.780	+14.765	+14.961	+13.976	+14.774	+14.765	+14.278	+14.278	+13.944	+14.749	+14.749	+14.747	+14.940	+14.935	+14.279	+13.980	+14.730	+14.271	+14.826	+13.938	+14.271	+13.979	+14.880	+14.352	+14.879	+14.246	+14.246	+14.380	+14.918	+14.370	+13.966	+14.377	+14.399	+14.196	+14.140	+14.630	+13.964	+13.971	+14.236	+14.694	+14.755	+14.752	+13.975	+14.494	+13.976	+13.979	+13.979	+13.976	+13.974	+13.977	+14.549	+14.505	+13.981	+14.499	+14.478	+14.656	+14.111	+14.187	+14.628	+14.188	+14.634	
rs6704368      +11.978	+13.805	+14.028	+5.160	+13.824	+5.176	+11.999	+13.800	+14.558	+14.323	+14.352	+14.307	+5.215	+14.328	+5.351	+14.339	+14.435	+14.318	+14.461	+5.083	+12.077	+5.102	+14.439	+14.024	+12.080	+14.572	+14.624	+14.428	+14.434	+5.121	+5.199	+5.100	+4.728	+14.419	+12.012	+14.417	+12.124	+13.843	+12.150	+12.657	+12.663	+12.603	+12.670	+14.260	+14.262	+12.686	+14.279	+12.813	+14.163	+14.762	+12.772	+14.836	+4.910	+12.325	+14.489	+14.379	+12.703	+13.333	+13.336	+12.653	+13.265	+4.855	+14.490	+11.233	+4.916	+5.208	+13.346	+12.735	+14.306	+10.069	+5.162	+13.404	+5.151	+12.815	+14.184	+8.801	+9.295	+13.366	+14.142	+13.393	+12.766	+14.117	+8.629	+14.205	+13.482	+12.797	+14.190	+13.372	+14.101	+14.098	+4.840	+12.980	+12.745	+14.094	+13.368	+12.941	+12.751	+12.750	+14.093	+8.717	+12.867	+13.924	+14.163	+13.429	+12.834	+14.161	+13.435	+12.836	+12.833	+13.428	+14.160	+13.387	+13.309	+12.203	+11.499	+12.781	+13.539	+12.202	+12.787	+12.185	+12.753	+13.228	+12.182	+12.179	+11.296	+13.630	+13.631	+12.187	+12.150	+12.704	+4.706	+12.169	+12.147	+13.628	+13.626	+4.946	+12.090	+12.089	+12.082	+12.626	+12.611	+13.612	+4.698	+12.021	+13.574	+12.365	+4.885	+13.569	+4.700	+12.420	+13.933	+12.415	+13.398	+13.398	+14.094	+12.544	+14.036	+4.734	+14.066	+9.771	+11.747	+4.693	+9.798	+5.072	+5.041	+7.853	+9.935	+9.980	+9.971	+5.183	+6.549	+5.174	+5.158	+5.158	+5.167	+5.175	+5.162	+6.642	+6.563	+5.135	+6.547	+6.500	+9.585	+4.788	+4.725	+9.509	+4.733	+9.520	
rs10047124     +1.853	+13.763	+13.996	+13.824	+1.868	+13.840	+1.858	+1.845	+14.543	+14.299	+2.073	+14.283	+13.943	+14.305	+14.106	+14.316	+14.415	+14.294	+2.139	+13.874	+1.887	+13.932	+2.110	+1.900	+1.889	+2.217	+14.595	+14.392	+14.398	+13.987	+14.211	+13.921	+7.895	+14.382	+1.890	+14.380	+1.902	+1.854	+1.909	+2.169	+2.171	+2.150	+2.174	+2.055	+2.056	+2.180	+14.254	+2.239	+2.018	+14.753	+2.212	+14.828	+12.081	+2.373	+2.383	+2.337	+2.486	+2.775	+2.776	+2.465	+2.743	+8.826	+2.386	+11.030	+8.727	+4.079	+2.783	+2.503	+2.309	+9.639	+4.143	+2.923	+4.159	+2.637	+2.371	+7.589	+2.156	+2.910	+2.350	+2.928	+2.630	+2.337	+7.315	+2.379	+2.975	+2.648	+2.374	+2.919	+2.333	+2.331	+5.911	+2.723	+2.621	+2.330	+2.917	+2.707	+2.622	+2.621	+2.328	+7.421	+2.675	+2.270	+2.362	+2.944	+2.663	+2.362	+2.954	+2.664	+2.663	+2.944	+2.361	+2.931	+2.114	+2.483	+11.459	+2.751	+2.195	+2.483	+2.752	+2.475	+2.732	+2.084	+2.476	+2.475	+11.052	+2.215	+2.215	+2.481	+2.464	+2.711	+8.522	+2.474	+2.463	+2.213	+2.212	+4.446	+2.440	+2.440	+2.437	+2.684	+2.677	+2.206	+8.537	+2.414	+2.192	+2.589	+4.436	+2.190	+8.523	+2.601	+2.345	+2.598	+2.133	+2.132	+2.406	+2.650	+2.382	+8.266	+2.394	+1.882	+1.870	+1.592	+2.100	+2.710	+2.660	+1.630	+2.177	+2.198	+2.195	+3.059	+1.954	+3.047	+3.021	+3.021	+3.035	+3.047	+3.027	+1.879	+1.929	+2.987	+1.929	+1.949	+2.096	+1.513	+1.578	+2.066	+1.580	+2.071	
rs17723132     +11.985	+13.805	+14.028	+5.176	+13.840	+5.162	+12.006	+13.816	+14.557	+14.323	+14.368	+14.307	+5.220	+14.328	+5.357	+14.339	+14.435	+14.318	+14.477	+5.085	+12.084	+5.103	+14.456	+14.041	+12.087	+14.588	+14.624	+14.428	+14.434	+5.122	+5.200	+5.101	+4.727	+14.419	+12.019	+14.417	+12.131	+13.858	+12.157	+12.668	+12.674	+12.615	+12.681	+14.280	+14.282	+12.697	+14.279	+12.825	+14.184	+14.762	+12.784	+14.836	+4.909	+12.332	+14.507	+14.397	+12.711	+13.341	+13.343	+12.661	+13.273	+4.861	+14.508	+11.234	+4.922	+5.204	+13.354	+12.743	+14.324	+10.070	+5.159	+13.411	+5.147	+12.822	+14.202	+8.805	+9.302	+13.373	+14.160	+13.400	+12.774	+14.135	+8.633	+14.223	+13.489	+12.804	+14.208	+13.380	+14.118	+14.115	+4.838	+12.990	+12.753	+14.112	+13.375	+12.950	+12.759	+12.758	+14.110	+8.720	+12.875	+13.940	+14.180	+13.437	+12.842	+14.179	+13.442	+12.843	+12.841	+13.435	+14.178	+13.395	+13.324	+12.211	+11.500	+12.788	+13.556	+12.209	+12.794	+12.192	+12.760	+13.243	+12.190	+12.186	+11.297	+13.647	+13.648	+12.194	+12.157	+12.711	+4.710	+12.177	+12.155	+13.645	+13.643	+4.943	+12.097	+12.096	+12.089	+12.633	+12.618	+13.629	+4.702	+12.028	+13.591	+12.372	+4.884	+13.586	+4.704	+12.427	+13.950	+12.422	+13.415	+13.415	+14.111	+12.551	+14.052	+4.738	+14.083	+9.776	+11.759	+4.696	+9.803	+5.079	+5.048	+7.857	+9.941	+9.986	+9.976	+5.191	+6.535	+5.182	+5.165	+5.165	+5.175	+5.182	+5.170	+6.628	+6.549	+5.143	+6.533	+6.487	+9.591	+4.793	+4.727	+9.515	+4.735	+9.526	
rs17666678     +1.876	+13.903	+14.127	+11.999	+1.858	+12.006	+1.884	+1.851	+14.700	+14.426	+2.020	+14.410	+12.103	+14.430	+12.231	+14.441	+14.536	+14.418	+2.053	+11.983	+1.903	+12.035	+2.047	+1.918	+1.904	+2.089	+14.727	+14.530	+14.535	+12.087	+12.292	+12.028	+7.024	+14.520	+1.899	+14.518	+1.917	+1.876	+1.925	+2.201	+2.204	+2.170	+2.208	+2.106	+2.107	+2.217	+14.483	+2.293	+2.080	+14.978	+2.266	+15.058	+10.584	+2.252	+2.563	+2.523	+2.382	+2.704	+2.706	+2.358	+2.667	+7.300	+2.567	+11.514	+7.203	+3.507	+2.712	+2.399	+2.500	+10.125	+3.562	+2.838	+3.577	+2.524	+2.595	+7.965	+2.016	+2.821	+2.575	+2.842	+2.516	+2.564	+7.681	+2.605	+2.893	+2.535	+2.599	+2.831	+2.559	+2.558	+4.986	+2.616	+2.507	+2.557	+2.828	+2.598	+2.507	+2.507	+2.556	+7.790	+2.564	+2.501	+2.590	+2.858	+2.552	+2.589	+2.868	+2.552	+2.551	+2.858	+2.589	+2.842	+2.353	+2.353	+11.761	+2.631	+2.436	+2.352	+2.633	+2.345	+2.611	+2.324	+2.344	+2.342	+11.544	+2.457	+2.457	+2.348	+2.331	+2.587	+7.008	+2.341	+2.330	+2.456	+2.454	+3.830	+2.306	+2.305	+2.303	+2.556	+2.549	+2.448	+7.027	+2.278	+2.435	+2.458	+3.821	+2.432	+7.015	+2.465	+2.577	+2.463	+2.377	+2.377	+2.632	+2.519	+2.609	+6.804	+2.620	+1.747	+2.082	+1.642	+1.932	+2.530	+2.483	+1.537	+2.004	+2.023	+2.020	+2.896	+1.748	+2.884	+2.859	+2.859	+2.872	+2.884	+2.865	+1.686	+1.728	+2.825	+1.728	+1.745	+1.927	+1.546	+1.614	+1.900	+1.621	+1.905	
rs113366722    +1.845	+13.763	+13.996	+13.800	+1.845	+13.816	+1.851	+1.855	+14.542	+14.299	+2.075	+14.283	+13.918	+14.305	+14.081	+14.316	+14.415	+14.294	+2.144	+13.848	+1.879	+13.905	+2.129	+1.895	+1.881	+2.227	+14.595	+14.392	+14.398	+13.960	+14.185	+13.894	+7.873	+14.382	+1.882	+14.380	+1.894	+1.848	+1.901	+2.162	+2.165	+2.143	+2.167	+2.054	+2.055	+2.173	+14.253	+2.233	+2.016	+14.752	+2.206	+14.828	+12.079	+2.367	+2.380	+2.334	+2.480	+2.769	+2.770	+2.459	+2.737	+8.809	+2.383	+11.028	+8.710	+4.060	+2.777	+2.497	+2.306	+9.635	+4.124	+2.917	+4.140	+2.631	+2.368	+7.583	+2.145	+2.904	+2.346	+2.922	+2.624	+2.334	+7.309	+2.376	+2.969	+2.642	+2.370	+2.913	+2.329	+2.328	+5.888	+2.718	+2.615	+2.326	+2.911	+2.702	+2.616	+2.615	+2.325	+7.414	+2.670	+2.266	+2.359	+2.938	+2.658	+2.358	+2.948	+2.658	+2.657	+2.938	+2.358	+2.925	+2.109	+2.477	+11.456	+2.744	+2.191	+2.476	+2.746	+2.469	+2.725	+2.079	+2.469	+2.467	+11.049	+2.210	+2.211	+2.474	+2.456	+2.704	+8.505	+2.467	+2.455	+2.209	+2.207	+4.427	+2.433	+2.432	+2.430	+2.677	+2.670	+2.201	+8.519	+2.406	+2.187	+2.582	+4.418	+2.185	+8.506	+2.593	+2.342	+2.591	+2.128	+2.128	+2.402	+2.643	+2.378	+8.248	+2.390	+1.872	+1.863	+1.581	+2.090	+2.697	+2.647	+1.619	+2.168	+2.188	+2.185	+3.047	+1.939	+3.034	+3.009	+3.009	+3.023	+3.035	+3.015	+1.864	+1.913	+2.975	+1.914	+1.934	+2.086	+1.502	+1.567	+2.056	+1.568	+2.061	
rs12728431     +14.698	+15.235	+15.233	+14.558	+14.543	+14.557	+14.700	+14.542	+15.365	+15.297	+14.555	+15.294	+14.560	+15.300	+14.571	+15.303	+15.333	+15.294	+14.559	+14.569	+14.707	+14.574	+14.559	+14.544	+14.708	+14.565	+15.444	+15.343	+15.346	+14.578	+14.597	+14.574	+14.583	+15.340	+14.703	+15.339	+14.715	+14.544	+14.720	+14.869	+14.871	+14.859	+14.872	+14.575	+14.575	+14.876	+15.356	+14.914	+14.571	+15.604	+14.894	+15.663	+14.544	+15.291	+14.841	+14.824	+15.346	+15.570	+15.571	+15.332	+15.550	+14.491	+14.845	+15.295	+14.484	+14.564	+15.579	+15.362	+14.818	+14.950	+14.553	+15.758	+14.551	+15.543	+14.896	+15.376	+15.481	+15.755	+14.885	+15.768	+15.524	+14.880	+15.336	+14.902	+15.809	+15.542	+14.899	+15.761	+14.878	+14.877	+14.489	+15.588	+15.518	+14.877	+15.760	+15.577	+15.521	+15.521	+14.877	+15.374	+15.571	+14.858	+14.896	+15.790	+15.558	+14.896	+15.795	+15.558	+15.557	+15.790	+14.896	+15.778	+14.774	+15.391	+15.505	+15.611	+14.808	+15.391	+15.612	+15.386	+15.600	+14.763	+15.391	+15.390	+15.431	+14.841	+14.842	+15.398	+15.383	+15.589	+14.504	+15.392	+15.382	+14.841	+14.841	+14.507	+15.366	+15.366	+15.364	+15.566	+15.562	+14.843	+14.507	+15.346	+14.835	+15.447	+14.496	+14.835	+14.506	+15.505	+14.918	+15.503	+14.809	+14.809	+14.947	+15.544	+14.937	+14.497	+14.944	+15.005	+14.762	+14.696	+15.253	+14.515	+14.522	+14.831	+15.321	+15.385	+15.382	+14.528	+15.116	+14.529	+14.531	+14.531	+14.528	+14.526	+14.530	+15.174	+15.127	+14.538	+15.121	+15.099	+15.282	+14.665	+14.747	+15.252	+14.749	+15.259	
rs11117896     +14.424	+15.017	+15.044	+14.323	+14.299	+14.323	+14.426	+14.299	+15.297	+15.116	+14.306	+15.156	+14.328	+15.166	+14.342	+15.172	+15.222	+15.157	+14.308	+14.344	+14.432	+14.350	+14.308	+14.299	+14.433	+14.313	+15.325	+15.206	+15.210	+14.356	+14.379	+14.349	+14.319	+15.202	+14.429	+15.201	+14.439	+14.300	+14.443	+14.577	+14.578	+14.568	+14.580	+14.321	+14.321	+14.583	+15.205	+14.618	+14.318	+15.482	+14.600	+15.543	+14.295	+14.964	+14.559	+14.543	+15.018	+15.231	+15.232	+15.006	+15.212	+14.255	+14.562	+15.083	+14.245	+14.299	+15.239	+15.033	+14.537	+14.725	+14.289	+15.407	+14.287	+15.202	+14.609	+15.152	+15.100	+15.404	+14.599	+15.417	+15.185	+14.594	+15.111	+14.615	+15.455	+15.201	+14.612	+15.410	+14.592	+14.592	+14.236	+15.245	+15.179	+14.591	+15.409	+15.235	+15.181	+15.181	+14.592	+15.149	+15.228	+14.573	+14.609	+15.437	+15.216	+14.609	+15.442	+15.216	+15.216	+15.437	+14.609	+15.426	+14.496	+15.059	+15.296	+15.267	+14.527	+15.058	+15.268	+15.054	+15.256	+14.485	+15.058	+15.057	+15.220	+14.558	+14.558	+15.065	+15.051	+15.245	+14.273	+15.060	+15.050	+14.558	+14.557	+14.251	+15.035	+15.035	+15.033	+15.224	+15.220	+14.559	+14.276	+15.016	+14.552	+15.111	+14.243	+14.551	+14.276	+15.165	+14.629	+15.164	+14.527	+14.527	+14.657	+15.203	+14.647	+14.263	+14.654	+14.692	+14.482	+14.454	+14.921	+14.273	+14.281	+14.533	+14.985	+15.045	+15.043	+14.285	+14.813	+14.287	+14.289	+14.289	+14.286	+14.284	+14.288	+14.868	+14.824	+14.296	+14.818	+14.797	+14.948	+14.421	+14.504	+14.921	+14.506	+14.927	
rs12184249     +2.015	+13.776	+14.005	+14.352	+2.073	+14.368	+2.020	+2.075	+14.555	+14.306	+2.139	+14.290	+14.471	+14.310	+14.630	+14.322	+14.419	+14.299	+2.161	+14.408	+2.042	+14.466	+2.149	+2.049	+2.044	+2.197	+14.603	+14.402	+14.408	+14.520	+14.742	+14.454	+8.330	+14.393	+2.045	+14.390	+2.056	+2.055	+2.062	+2.296	+2.298	+2.279	+2.301	+2.126	+2.126	+2.306	+14.286	+2.361	+2.103	+14.782	+2.335	+14.859	+12.738	+2.521	+2.459	+2.419	+2.624	+2.885	+2.886	+2.604	+2.855	+9.332	+2.462	+11.169	+9.232	+4.468	+2.893	+2.640	+2.396	+9.789	+4.534	+3.032	+4.550	+2.774	+2.462	+7.799	+2.354	+3.021	+2.443	+3.038	+2.766	+2.432	+7.527	+2.470	+3.083	+2.784	+2.465	+3.029	+2.428	+2.427	+6.339	+2.856	+2.758	+2.425	+3.027	+2.841	+2.759	+2.758	+2.424	+7.632	+2.810	+2.372	+2.455	+3.054	+2.799	+2.454	+3.063	+2.799	+2.798	+3.053	+2.454	+3.042	+2.236	+2.630	+11.607	+2.872	+2.309	+2.630	+2.874	+2.623	+2.855	+2.210	+2.624	+2.622	+11.194	+2.328	+2.328	+2.628	+2.612	+2.835	+9.009	+2.621	+2.611	+2.326	+2.325	+4.841	+2.590	+2.590	+2.587	+2.809	+2.803	+2.320	+9.023	+2.565	+2.308	+2.718	+4.831	+2.306	+9.010	+2.731	+2.441	+2.729	+2.255	+2.255	+2.495	+2.778	+2.473	+8.749	+2.484	+2.070	+2.035	+1.839	+2.281	+2.934	+2.884	+1.848	+2.355	+2.375	+2.373	+3.279	+2.272	+3.267	+3.241	+3.241	+3.255	+3.267	+3.247	+2.193	+2.245	+3.208	+2.246	+2.267	+2.279	+1.759	+1.823	+2.250	+1.829	+2.255	
rs4147127      +14.408	+15.006	+15.034	+14.307	+14.283	+14.307	+14.410	+14.283	+15.294	+15.156	+14.290	+15.100	+14.312	+15.162	+14.327	+15.168	+15.220	+15.153	+14.292	+14.328	+14.416	+14.334	+14.292	+14.283	+14.417	+14.296	+15.317	+15.197	+15.201	+14.340	+14.363	+14.334	+14.302	+15.193	+14.413	+15.192	+14.423	+14.284	+14.427	+14.561	+14.562	+14.552	+14.564	+14.305	+14.305	+14.567	+15.194	+14.601	+14.302	+15.473	+14.584	+15.534	+14.279	+14.948	+14.542	+14.526	+15.001	+15.214	+15.215	+14.989	+15.195	+14.240	+14.546	+15.069	+14.230	+14.282	+15.223	+15.017	+14.521	+14.710	+14.272	+15.390	+14.270	+15.185	+14.593	+15.136	+15.084	+15.387	+14.582	+15.400	+15.168	+14.578	+15.095	+14.598	+15.439	+15.184	+14.596	+15.394	+14.576	+14.575	+14.219	+15.229	+15.162	+14.575	+15.392	+15.218	+15.164	+15.164	+14.575	+15.133	+15.211	+14.556	+14.593	+15.420	+15.199	+14.592	+15.425	+15.199	+15.199	+15.420	+14.592	+15.409	+14.479	+15.042	+15.282	+15.250	+14.510	+15.041	+15.252	+15.037	+15.239	+14.468	+15.041	+15.040	+15.206	+14.541	+14.541	+15.048	+15.034	+15.229	+14.257	+15.043	+15.033	+14.541	+14.541	+14.235	+15.018	+15.018	+15.016	+15.207	+15.203	+14.542	+14.261	+14.999	+14.535	+15.095	+14.227	+14.535	+14.260	+15.149	+14.613	+15.147	+14.511	+14.511	+14.640	+15.186	+14.631	+14.248	+14.637	+14.676	+14.466	+14.438	+14.905	+14.256	+14.264	+14.517	+14.969	+15.029	+15.027	+14.269	+14.796	+14.270	+14.273	+14.273	+14.270	+14.268	+14.271	+14.850	+14.806	+14.280	+14.800	+14.779	+14.932	+14.405	+14.488	+14.905	+14.489	+14.911	
rs12749938     +12.082	+13.811	+14.034	+5.215	+13.943	+5.220	+12.103	+13.918	+14.560	+14.328	+14.471	+14.312	+5.230	+14.333	+5.363	+14.344	+14.439	+14.323	+14.581	+5.126	+12.181	+5.142	+14.559	+14.147	+12.185	+14.693	+14.629	+14.434	+14.439	+5.159	+5.230	+5.140	+4.802	+14.425	+12.118	+14.423	+12.229	+13.963	+12.255	+12.766	+12.773	+12.712	+12.780	+14.384	+14.386	+12.796	+14.284	+12.923	+14.287	+14.765	+12.882	+14.840	+4.983	+12.433	+14.616	+14.505	+12.812	+13.443	+13.446	+12.763	+13.375	+4.947	+14.616	+11.261	+5.012	+5.290	+13.456	+12.844	+14.432	+10.103	+5.244	+13.512	+5.233	+12.923	+14.308	+8.851	+9.387	+13.474	+14.266	+13.501	+12.874	+14.241	+8.680	+14.329	+13.590	+12.905	+14.314	+13.481	+14.224	+14.221	+4.920	+13.093	+12.853	+14.218	+13.476	+13.053	+12.859	+12.858	+14.216	+8.767	+12.975	+14.043	+14.287	+13.538	+12.942	+14.285	+13.543	+12.944	+12.942	+13.536	+14.284	+13.495	+13.426	+12.309	+11.526	+12.887	+13.660	+12.308	+12.893	+12.291	+12.858	+13.344	+12.288	+12.285	+11.326	+13.752	+13.753	+12.293	+12.256	+12.809	+4.788	+12.275	+12.253	+13.750	+13.747	+5.025	+12.195	+12.194	+12.187	+12.732	+12.717	+13.734	+4.779	+12.126	+13.695	+12.469	+4.963	+13.690	+4.781	+12.525	+14.054	+12.520	+13.519	+13.519	+14.216	+12.650	+14.157	+4.818	+14.188	+9.866	+11.856	+4.761	+9.891	+5.139	+5.108	+7.940	+10.029	+10.074	+10.065	+5.249	+6.633	+5.240	+5.223	+5.223	+5.233	+5.240	+5.228	+6.726	+6.646	+5.202	+6.630	+6.583	+9.679	+4.859	+4.792	+9.604	+4.800	+9.614	
rs11117897     +14.428	+15.028	+15.052	+14.328	+14.305	+14.328	+14.430	+14.305	+15.300	+15.166	+14.310	+15.162	+14.333	+15.122	+14.347	+15.178	+15.229	+15.165	+14.313	+14.348	+14.436	+14.354	+14.313	+14.304	+14.437	+14.317	+15.325	+15.206	+15.210	+14.360	+14.383	+14.354	+14.324	+15.202	+14.433	+15.201	+14.443	+14.305	+14.447	+14.580	+14.582	+14.571	+14.583	+14.325	+14.325	+14.586	+15.203	+14.621	+14.323	+15.480	+14.603	+15.541	+14.300	+14.967	+14.562	+14.546	+15.021	+15.233	+15.234	+15.008	+15.214	+14.260	+14.565	+15.084	+14.250	+14.303	+15.242	+15.036	+14.540	+14.727	+14.294	+15.409	+14.291	+15.204	+14.612	+15.154	+15.105	+15.406	+14.602	+15.419	+15.187	+14.597	+15.113	+14.617	+15.458	+15.203	+14.615	+15.412	+14.595	+14.595	+14.241	+15.248	+15.181	+14.594	+15.411	+15.238	+15.183	+15.183	+14.594	+15.151	+15.230	+14.575	+14.612	+15.439	+15.218	+14.612	+15.444	+15.219	+15.218	+15.439	+14.611	+15.428	+14.499	+15.061	+15.296	+15.269	+14.530	+15.060	+15.271	+15.056	+15.258	+14.488	+15.060	+15.060	+15.221	+14.560	+14.561	+15.067	+15.053	+15.248	+14.278	+15.062	+15.052	+14.560	+14.560	+14.256	+15.037	+15.037	+15.035	+15.226	+15.222	+14.562	+14.281	+15.018	+14.554	+15.113	+14.248	+14.554	+14.281	+15.168	+14.632	+15.166	+14.531	+14.530	+14.659	+15.205	+14.650	+14.268	+14.657	+14.696	+14.485	+14.459	+14.925	+14.278	+14.286	+14.537	+14.988	+15.049	+15.046	+14.291	+14.818	+14.292	+14.295	+14.295	+14.292	+14.290	+14.293	+14.872	+14.828	+14.301	+14.822	+14.801	+14.952	+14.427	+14.510	+14.925	+14.511	+14.931	
rs6666508      +12.211	+13.830	+14.050	+5.351	+14.106	+5.357	+12.231	+14.081	+14.571	+14.342	+14.630	+14.327	+5.363	+14.347	+5.421	+14.358	+14.453	+14.337	+14.746	+5.257	+12.315	+5.266	+14.725	+14.317	+12.320	+14.858	+14.644	+14.451	+14.456	+5.278	+5.330	+5.265	+5.011	+14.442	+12.253	+14.440	+12.364	+14.133	+12.389	+12.900	+12.906	+12.847	+12.913	+14.557	+14.559	+12.929	+14.301	+13.054	+14.460	+14.777	+13.015	+14.851	+5.193	+12.570	+14.780	+14.670	+12.939	+13.564	+13.566	+12.889	+13.496	+5.183	+14.781	+11.325	+5.254	+5.525	+13.576	+12.970	+14.597	+10.179	+5.478	+13.626	+5.465	+13.043	+14.468	+8.968	+9.467	+13.587	+14.426	+13.614	+12.994	+14.401	+8.799	+14.488	+13.703	+13.024	+14.474	+13.594	+14.384	+14.381	+5.144	+13.213	+12.973	+14.378	+13.589	+13.173	+12.978	+12.978	+14.376	+8.886	+13.094	+14.202	+14.446	+13.650	+13.061	+14.444	+13.656	+13.062	+13.060	+13.648	+14.443	+13.608	+13.587	+12.433	+11.585	+13.005	+13.823	+12.431	+13.011	+12.414	+12.976	+13.506	+12.411	+12.408	+11.391	+13.910	+13.911	+12.416	+12.379	+12.927	+5.002	+12.399	+12.377	+13.908	+13.906	+5.248	+12.319	+12.318	+12.311	+12.851	+12.835	+13.892	+4.992	+12.251	+13.853	+12.588	+5.182	+13.848	+4.994	+12.645	+14.210	+12.640	+13.679	+13.678	+14.370	+12.768	+14.311	+5.036	+14.342	+9.993	+12.009	+4.942	+10.021	+5.297	+5.267	+8.078	+10.158	+10.203	+10.194	+5.401	+6.883	+5.392	+5.376	+5.376	+5.385	+5.393	+5.380	+6.977	+6.896	+5.355	+6.880	+6.832	+9.811	+5.041	+4.974	+9.737	+4.982	+9.748	
rs3818718      +14.439	+15.040	+15.061	+14.339	+14.316	+14.339	+14.441	+14.316	+15.303	+15.172	+14.322	+15.168	+14.344	+15.178	+14.358	+15.134	+15.233	+15.172	+14.325	+14.360	+14.447	+14.365	+14.324	+14.316	+14.448	+14.328	+15.329	+15.211	+15.215	+14.371	+14.394	+14.365	+14.336	+15.207	+14.444	+15.206	+14.454	+14.317	+14.458	+14.591	+14.592	+14.582	+14.594	+14.337	+14.337	+14.597	+15.209	+14.631	+14.334	+15.484	+14.614	+15.545	+14.311	+14.977	+14.572	+14.556	+15.031	+15.244	+15.245	+15.018	+15.224	+14.272	+14.576	+15.092	+14.262	+14.315	+15.252	+15.046	+14.551	+14.736	+14.306	+15.419	+14.303	+15.215	+14.622	+15.163	+15.116	+15.417	+14.612	+15.429	+15.197	+14.608	+15.123	+14.628	+15.468	+15.214	+14.626	+15.423	+14.606	+14.605	+14.252	+15.258	+15.191	+14.605	+15.421	+15.248	+15.194	+15.194	+14.605	+15.161	+15.241	+14.586	+14.622	+15.449	+15.228	+14.622	+15.454	+15.229	+15.228	+15.449	+14.622	+15.438	+14.509	+15.071	+15.304	+15.280	+14.540	+15.071	+15.281	+15.066	+15.269	+14.498	+15.071	+15.070	+15.229	+14.571	+14.571	+15.078	+15.063	+15.258	+14.289	+15.072	+15.063	+14.571	+14.571	+14.268	+15.048	+15.048	+15.046	+15.237	+15.233	+14.572	+14.292	+15.029	+14.565	+15.124	+14.260	+14.565	+14.292	+15.178	+14.643	+15.177	+14.541	+14.541	+14.670	+15.216	+14.661	+14.280	+14.667	+14.707	+14.496	+14.471	+14.936	+14.290	+14.298	+14.549	+14.999	+15.060	+15.057	+14.303	+14.830	+14.304	+14.307	+14.307	+14.304	+14.302	+14.305	+14.885	+14.840	+14.313	+14.834	+14.813	+14.963	+14.438	+14.522	+14.936	+14.523	+14.942	
rs17046650     +14.534	+15.135	+15.140	+14.435	+14.415	+14.435	+14.536	+14.415	+15.333	+15.222	+14.419	+15.220	+14.439	+15.229	+14.453	+15.233	+15.233	+15.224	+14.422	+14.454	+14.542	+14.459	+14.422	+14.414	+14.543	+14.425	+15.370	+15.262	+15.266	+14.465	+14.487	+14.459	+14.438	+15.259	+14.539	+15.257	+14.549	+14.416	+14.553	+14.683	+14.685	+14.675	+14.686	+14.433	+14.433	+14.689	+15.264	+14.723	+14.431	+15.523	+14.706	+15.584	+14.409	+15.071	+14.667	+14.652	+15.125	+15.336	+15.338	+15.114	+15.315	+14.369	+14.670	+15.169	+14.359	+14.417	+15.345	+15.140	+14.646	+14.819	+14.407	+15.512	+14.405	+15.308	+14.717	+15.251	+15.210	+15.509	+14.707	+15.522	+15.291	+14.703	+15.211	+14.723	+15.560	+15.308	+14.720	+15.515	+14.701	+14.700	+14.351	+15.355	+15.285	+14.700	+15.514	+15.345	+15.287	+15.287	+14.700	+15.249	+15.334	+14.680	+14.717	+15.542	+15.322	+14.717	+15.547	+15.322	+15.322	+15.541	+14.717	+15.532	+14.603	+15.165	+15.381	+15.371	+14.636	+15.165	+15.374	+15.160	+15.360	+14.593	+15.165	+15.164	+15.308	+14.666	+14.667	+15.171	+15.157	+15.349	+14.385	+15.166	+15.157	+14.666	+14.666	+14.368	+15.142	+15.141	+15.140	+15.330	+15.326	+14.668	+14.388	+15.123	+14.660	+15.217	+14.359	+14.660	+14.388	+15.271	+14.738	+15.270	+14.637	+14.637	+14.764	+15.309	+14.756	+14.376	+14.762	+14.803	+14.593	+14.572	+15.028	+14.391	+14.398	+14.644	+15.091	+15.152	+15.149	+14.405	+14.938	+14.406	+14.409	+14.409	+14.406	+14.404	+14.407	+14.993	+14.949	+14.416	+14.943	+14.922	+15.056	+14.538	+14.622	+15.028	+14.623	+15.035	
rs954868       +14.416	+15.008	+15.038	+14.318	+14.294	+14.318	+14.418	+14.294	+15.294	+15.157	+14.299	+15.153	+14.323	+15.165	+14.337	+15.172	+15.224	+15.111	+14.302	+14.338	+14.424	+14.344	+14.302	+14.293	+14.425	+14.306	+15.320	+15.200	+15.203	+14.349	+14.372	+14.343	+14.313	+15.195	+14.421	+15.194	+14.431	+14.294	+14.435	+14.568	+14.569	+14.559	+14.570	+14.314	+14.314	+14.573	+15.194	+14.608	+14.311	+15.472	+14.590	+15.533	+14.289	+14.955	+14.550	+14.534	+15.009	+15.222	+15.223	+14.996	+15.201	+14.249	+14.553	+15.072	+14.239	+14.292	+15.230	+15.024	+14.528	+14.715	+14.282	+15.398	+14.280	+15.193	+14.600	+15.142	+15.094	+15.395	+14.590	+15.407	+15.175	+14.585	+15.102	+14.605	+15.446	+15.192	+14.603	+15.401	+14.583	+14.583	+14.230	+15.237	+15.170	+14.582	+15.399	+15.226	+15.172	+15.172	+14.582	+15.140	+15.219	+14.564	+14.600	+15.427	+15.207	+14.600	+15.432	+15.207	+15.206	+15.427	+14.600	+15.417	+14.487	+15.049	+15.284	+15.258	+14.518	+15.049	+15.259	+15.045	+15.247	+14.476	+15.049	+15.048	+15.208	+14.549	+14.549	+15.056	+15.041	+15.236	+14.267	+15.050	+15.041	+14.549	+14.548	+14.245	+15.026	+15.026	+15.024	+15.215	+15.211	+14.550	+14.270	+15.007	+14.543	+15.102	+14.237	+14.542	+14.270	+15.156	+14.620	+15.155	+14.519	+14.519	+14.647	+15.194	+14.638	+14.257	+14.645	+14.685	+14.474	+14.448	+14.913	+14.267	+14.275	+14.526	+14.976	+15.037	+15.034	+14.280	+14.806	+14.281	+14.284	+14.284	+14.281	+14.279	+14.282	+14.860	+14.816	+14.290	+14.810	+14.788	+14.940	+14.416	+14.499	+14.913	+14.500	+14.919	
rs77352572     +2.049	+13.780	+14.008	+14.461	+2.139	+14.477	+2.053	+2.144	+14.559	+14.308	+2.161	+14.292	+14.581	+14.313	+14.746	+14.325	+14.422	+14.302	+2.191	+14.537	+2.074	+14.597	+2.178	+2.103	+2.076	+2.217	+14.606	+14.405	+14.411	+14.654	+14.876	+14.588	+8.424	+14.396	+2.077	+14.393	+2.087	+2.131	+2.093	+2.322	+2.324	+2.306	+2.327	+2.150	+2.150	+2.332	+14.293	+2.385	+2.129	+14.789	+2.360	+14.866	+12.866	+2.549	+2.476	+2.438	+2.650	+2.908	+2.909	+2.631	+2.878	+9.457	+2.480	+11.199	+9.356	+4.551	+2.915	+2.666	+2.415	+9.821	+4.617	+3.055	+4.634	+2.799	+2.481	+7.841	+2.393	+3.043	+2.463	+3.061	+2.792	+2.452	+7.570	+2.489	+3.105	+2.810	+2.484	+3.052	+2.448	+2.447	+6.432	+2.881	+2.784	+2.445	+3.050	+2.866	+2.785	+2.784	+2.444	+7.674	+2.836	+2.393	+2.474	+3.076	+2.824	+2.474	+3.085	+2.825	+2.824	+3.076	+2.473	+3.064	+2.260	+2.658	+11.639	+2.897	+2.332	+2.658	+2.899	+2.651	+2.880	+2.235	+2.651	+2.650	+11.225	+2.350	+2.351	+2.656	+2.640	+2.860	+9.128	+2.649	+2.639	+2.349	+2.348	+4.926	+2.618	+2.618	+2.615	+2.835	+2.829	+2.343	+9.142	+2.594	+2.331	+2.744	+4.916	+2.329	+9.129	+2.757	+2.461	+2.755	+2.280	+2.280	+2.514	+2.803	+2.493	+8.866	+2.504	+2.107	+2.067	+1.886	+2.317	+2.979	+2.929	+1.890	+2.389	+2.410	+2.407	+3.323	+2.335	+3.312	+3.286	+3.286	+3.300	+3.312	+3.292	+2.255	+2.308	+3.253	+2.308	+2.329	+2.315	+1.806	+1.871	+2.286	+1.877	+2.292	
rs34943766     +11.964	+13.833	+14.053	+5.083	+13.874	+5.085	+11.983	+13.848	+14.569	+14.344	+14.408	+14.328	+5.126	+14.348	+5.257	+14.360	+14.454	+14.338	+14.537	+5.058	+12.080	+5.097	+14.518	+14.119	+12.087	+14.654	+14.607	+14.408	+14.414	+5.121	+5.222	+5.097	+4.589	+14.399	+12.022	+14.396	+12.133	+13.930	+12.159	+12.671	+12.677	+12.617	+12.684	+14.351	+14.352	+12.700	+14.260	+12.826	+14.252	+14.754	+12.788	+14.828	+4.936	+12.319	+14.563	+14.452	+12.704	+13.342	+13.345	+12.651	+13.267	+4.834	+14.564	+11.139	+4.906	+4.986	+13.354	+12.736	+14.378	+9.962	+4.946	+13.408	+4.936	+12.815	+14.249	+8.687	+9.227	+13.368	+14.206	+13.397	+12.765	+14.181	+8.515	+14.269	+13.486	+12.795	+14.255	+13.376	+14.164	+14.161	+4.656	+12.991	+12.744	+14.158	+13.371	+12.951	+12.749	+12.749	+14.156	+8.603	+12.866	+13.974	+14.226	+13.431	+12.832	+14.225	+13.438	+12.834	+12.832	+13.430	+14.224	+13.391	+13.351	+12.196	+11.407	+12.778	+13.594	+12.195	+12.784	+12.177	+12.748	+13.268	+12.174	+12.171	+11.198	+13.687	+13.689	+12.179	+12.142	+12.698	+4.651	+12.161	+12.139	+13.686	+13.683	+4.757	+12.080	+12.080	+12.072	+12.622	+12.606	+13.668	+4.641	+12.011	+13.629	+12.360	+4.707	+13.625	+4.644	+12.412	+13.993	+12.407	+13.451	+13.451	+14.156	+12.538	+14.097	+4.684	+14.127	+9.734	+11.763	+4.590	+9.750	+5.054	+5.022	+7.797	+9.895	+9.941	+9.932	+5.170	+6.223	+5.161	+5.143	+5.143	+5.153	+5.161	+5.148	+6.311	+6.237	+5.121	+6.224	+6.179	+9.544	+4.684	+4.622	+9.468	+4.629	+9.479	
rs61828865     +1.900	+13.915	+14.137	+12.077	+1.887	+12.084	+1.903	+1.879	+14.707	+14.432	+2.042	+14.416	+12.181	+14.436	+12.315	+14.447	+14.542	+14.424	+2.074	+12.080	+1.936	+12.135	+2.068	+1.942	+1.937	+2.109	+14.733	+14.536	+14.541	+12.189	+12.395	+12.130	+7.106	+14.527	+1.932	+14.524	+1.948	+1.901	+1.955	+2.208	+2.212	+2.180	+2.215	+2.127	+2.128	+2.224	+14.492	+2.298	+2.102	+14.986	+2.272	+15.066	+10.680	+2.270	+2.583	+2.543	+2.396	+2.712	+2.714	+2.373	+2.676	+7.392	+2.587	+11.536	+7.295	+3.577	+2.720	+2.413	+2.520	+10.148	+3.632	+2.847	+3.647	+2.538	+2.617	+8.007	+2.050	+2.830	+2.596	+2.850	+2.530	+2.585	+7.724	+2.626	+2.902	+2.549	+2.620	+2.840	+2.581	+2.579	+5.058	+2.629	+2.521	+2.578	+2.837	+2.611	+2.522	+2.522	+2.577	+7.833	+2.578	+2.523	+2.611	+2.867	+2.566	+2.610	+2.877	+2.566	+2.565	+2.867	+2.610	+2.851	+2.377	+2.371	+11.780	+2.644	+2.458	+2.370	+2.646	+2.362	+2.624	+2.348	+2.362	+2.360	+11.565	+2.480	+2.480	+2.366	+2.349	+2.601	+7.094	+2.359	+2.348	+2.479	+2.477	+3.901	+2.324	+2.324	+2.321	+2.570	+2.564	+2.471	+7.112	+2.297	+2.458	+2.474	+3.892	+2.456	+7.101	+2.481	+2.598	+2.479	+2.401	+2.400	+2.653	+2.534	+2.630	+6.889	+2.642	+1.780	+2.110	+1.688	+1.962	+2.569	+2.521	+1.578	+2.033	+2.051	+2.049	+2.932	+1.805	+2.921	+2.896	+2.896	+2.909	+2.921	+2.902	+1.742	+1.785	+2.862	+1.785	+1.802	+1.958	+1.590	+1.658	+1.930	+1.666	+1.936	
rs3790731      +12.016	+13.840	+14.059	+5.102	+13.932	+5.103	+12.035	+13.905	+14.574	+14.350	+14.466	+14.334	+5.142	+14.354	+5.266	+14.365	+14.459	+14.344	+14.597	+5.097	+12.135	+5.100	+14.579	+14.182	+12.143	+14.716	+14.609	+14.411	+14.417	+5.144	+5.225	+5.114	+4.635	+14.402	+12.078	+14.399	+12.189	+13.992	+12.216	+12.722	+12.729	+12.668	+12.736	+14.407	+14.409	+12.752	+14.262	+12.878	+14.309	+14.755	+12.840	+14.829	+5.015	+12.374	+14.623	+14.511	+12.759	+13.397	+13.400	+12.706	+13.322	+4.888	+14.624	+11.155	+4.962	+5.043	+13.409	+12.791	+14.438	+9.984	+5.002	+13.463	+4.992	+12.870	+14.308	+8.715	+9.274	+13.422	+14.265	+13.452	+12.819	+14.241	+8.544	+14.328	+13.541	+12.850	+14.314	+13.431	+14.223	+14.220	+4.708	+13.047	+12.799	+14.217	+13.426	+13.007	+12.804	+12.803	+14.215	+8.631	+12.921	+14.031	+14.285	+13.486	+12.887	+14.284	+13.493	+12.889	+12.887	+13.484	+14.283	+13.445	+13.408	+12.250	+11.423	+12.832	+13.652	+12.249	+12.838	+12.231	+12.802	+13.325	+12.228	+12.225	+11.216	+13.746	+13.747	+12.233	+12.195	+12.752	+4.699	+12.215	+12.193	+13.744	+13.741	+4.809	+12.134	+12.133	+12.126	+12.676	+12.660	+13.727	+4.689	+12.065	+13.688	+12.413	+4.759	+13.683	+4.691	+12.466	+14.051	+12.461	+13.509	+13.509	+14.214	+12.592	+14.155	+4.733	+14.186	+9.787	+11.821	+4.630	+9.801	+5.087	+5.054	+7.846	+9.946	+9.992	+9.983	+5.201	+6.294	+5.192	+5.175	+5.175	+5.185	+5.193	+5.179	+6.383	+6.308	+5.153	+6.295	+6.249	+9.595	+4.721	+4.662	+9.519	+4.669	+9.529	
rs12124165     +2.042	+13.779	+14.008	+14.439	+2.110	+14.456	+2.047	+2.129	+14.559	+14.308	+2.149	+14.292	+14.559	+14.313	+14.725	+14.324	+14.422	+14.302	+2.178	+14.518	+2.068	+14.579	+2.181	+2.089	+2.069	+2.211	+14.606	+14.405	+14.411	+14.637	+14.859	+14.567	+8.410	+14.396	+2.070	+14.393	+2.080	+2.115	+2.086	+2.316	+2.319	+2.300	+2.321	+2.145	+2.145	+2.326	+14.292	+2.380	+2.123	+14.788	+2.355	+14.865	+12.873	+2.544	+2.473	+2.434	+2.645	+2.903	+2.904	+2.626	+2.873	+9.444	+2.476	+11.197	+9.344	+4.538	+2.910	+2.661	+2.411	+9.818	+4.603	+3.050	+4.620	+2.795	+2.478	+7.837	+2.385	+3.038	+2.459	+3.056	+2.787	+2.448	+7.565	+2.485	+3.100	+2.805	+2.480	+3.047	+2.444	+2.443	+6.413	+2.876	+2.780	+2.442	+3.044	+2.861	+2.780	+2.780	+2.440	+7.670	+2.831	+2.389	+2.471	+3.071	+2.820	+2.470	+3.080	+2.820	+2.819	+3.070	+2.470	+3.059	+2.256	+2.653	+11.637	+2.892	+2.328	+2.653	+2.893	+2.646	+2.874	+2.230	+2.645	+2.644	+11.223	+2.346	+2.346	+2.649	+2.634	+2.854	+9.117	+2.643	+2.633	+2.345	+2.344	+4.912	+2.612	+2.612	+2.609	+2.829	+2.823	+2.339	+9.131	+2.588	+2.327	+2.738	+4.902	+2.325	+9.118	+2.751	+2.457	+2.749	+2.275	+2.275	+2.510	+2.798	+2.489	+8.855	+2.500	+2.099	+2.061	+1.878	+2.309	+2.969	+2.919	+1.882	+2.381	+2.402	+2.400	+3.314	+2.324	+3.302	+3.276	+3.276	+3.290	+3.302	+3.282	+2.244	+2.296	+3.243	+2.296	+2.318	+2.307	+1.797	+1.862	+2.278	+1.868	+2.284	
rs10863331     +1.913	+13.765	+13.996	+14.024	+1.900	+14.041	+1.918	+1.895	+14.544	+14.299	+2.049	+14.283	+14.147	+14.304	+14.317	+14.316	+14.414	+14.293	+2.103	+14.119	+1.942	+14.182	+2.089	+1.966	+1.944	+2.166	+14.596	+14.393	+14.399	+14.242	+14.470	+14.175	+8.080	+14.383	+1.945	+14.380	+1.956	+1.915	+1.963	+2.214	+2.216	+2.195	+2.218	+2.072	+2.073	+2.224	+14.261	+2.282	+2.040	+14.759	+2.255	+14.835	+12.301	+2.422	+2.405	+2.361	+2.531	+2.814	+2.815	+2.511	+2.783	+9.040	+2.408	+11.068	+8.941	+4.233	+2.822	+2.548	+2.335	+9.680	+4.298	+2.962	+4.314	+2.682	+2.398	+7.659	+2.229	+2.950	+2.378	+2.968	+2.674	+2.366	+7.387	+2.406	+3.014	+2.692	+2.401	+2.958	+2.361	+2.360	+6.083	+2.761	+2.666	+2.359	+2.956	+2.745	+2.666	+2.666	+2.357	+7.492	+2.719	+2.302	+2.390	+2.984	+2.707	+2.389	+2.993	+2.708	+2.707	+2.983	+2.389	+2.971	+2.154	+2.532	+11.498	+2.795	+2.230	+2.531	+2.796	+2.524	+2.776	+2.126	+2.525	+2.523	+11.090	+2.249	+2.250	+2.530	+2.513	+2.756	+8.728	+2.523	+2.512	+2.248	+2.247	+4.603	+2.490	+2.489	+2.487	+2.729	+2.723	+2.241	+8.742	+2.464	+2.228	+2.635	+4.594	+2.226	+8.729	+2.648	+2.376	+2.646	+2.171	+2.171	+2.434	+2.696	+2.411	+8.470	+2.423	+1.950	+1.926	+1.682	+2.167	+2.798	+2.748	+1.710	+2.242	+2.263	+2.260	+3.147	+2.075	+3.135	+3.109	+3.109	+3.123	+3.135	+3.115	+1.999	+2.049	+3.066	+2.050	+2.070	+2.164	+1.603	+1.667	+2.134	+1.669	+2.139	
rs3790732      +1.901	+13.916	+14.138	+12.080	+1.889	+12.087	+1.904	+1.881	+14.708	+14.433	+2.044	+14.417	+12.185	+14.437	+12.320	+14.448	+14.543	+14.425	+2.076	+12.087	+1.937	+12.143	+2.069	+1.944	+1.939	+2.110	+14.733	+14.537	+14.542	+12.199	+12.405	+12.140	+7.111	+14.527	+1.934	+14.524	+1.950	+1.902	+1.957	+2.209	+2.212	+2.180	+2.216	+2.129	+2.129	+2.225	+14.493	+2.298	+2.103	+14.987	+2.272	+15.067	+10.690	+2.271	+2.583	+2.544	+2.397	+2.713	+2.715	+2.373	+2.677	+7.402	+2.587	+11.537	+7.305	+3.583	+2.721	+2.414	+2.521	+10.150	+3.638	+2.848	+3.653	+2.539	+2.618	+8.010	+2.052	+2.831	+2.597	+2.851	+2.531	+2.586	+7.726	+2.627	+2.902	+2.550	+2.621	+2.840	+2.582	+2.580	+5.064	+2.630	+2.522	+2.579	+2.838	+2.612	+2.523	+2.522	+2.578	+7.835	+2.579	+2.524	+2.612	+2.868	+2.566	+2.611	+2.878	+2.567	+2.566	+2.867	+2.611	+2.852	+2.378	+2.371	+11.782	+2.645	+2.460	+2.371	+2.646	+2.363	+2.625	+2.349	+2.363	+2.361	+11.567	+2.481	+2.481	+2.367	+2.350	+2.602	+7.103	+2.359	+2.349	+2.480	+2.478	+3.907	+2.325	+2.325	+2.322	+2.571	+2.564	+2.472	+7.122	+2.298	+2.459	+2.474	+3.898	+2.457	+7.111	+2.482	+2.599	+2.480	+2.402	+2.402	+2.654	+2.535	+2.631	+6.898	+2.643	+1.782	+2.112	+1.691	+1.964	+2.571	+2.523	+1.580	+2.034	+2.053	+2.050	+2.935	+1.809	+2.923	+2.898	+2.898	+2.912	+2.923	+2.904	+1.746	+1.789	+2.864	+1.789	+1.806	+1.960	+1.593	+1.661	+1.932	+1.669	+1.937	
rs3790733      +2.084	+13.785	+14.013	+14.572	+2.217	+14.588	+2.089	+2.227	+14.565	+14.313	+2.197	+14.296	+14.693	+14.317	+14.858	+14.328	+14.425	+14.306	+2.217	+14.654	+2.109	+14.716	+2.211	+2.166	+2.110	+2.245	+14.610	+14.410	+14.416	+14.774	+14.997	+14.708	+8.516	+14.401	+2.111	+14.398	+2.121	+2.218	+2.127	+2.351	+2.353	+2.335	+2.355	+2.177	+2.178	+2.360	+14.302	+2.413	+2.158	+14.797	+2.388	+14.874	+12.986	+2.579	+2.496	+2.459	+2.678	+2.932	+2.933	+2.659	+2.903	+9.578	+2.499	+11.229	+9.477	+4.636	+2.939	+2.694	+2.437	+9.854	+4.702	+3.079	+4.718	+2.827	+2.503	+7.884	+2.433	+3.067	+2.485	+3.085	+2.819	+2.474	+7.613	+2.510	+3.129	+2.837	+2.506	+3.076	+2.470	+2.469	+6.527	+2.907	+2.812	+2.468	+3.074	+2.892	+2.812	+2.812	+2.467	+7.717	+2.862	+2.417	+2.496	+3.100	+2.851	+2.496	+3.109	+2.852	+2.851	+3.100	+2.495	+3.088	+2.288	+2.687	+11.670	+2.923	+2.358	+2.687	+2.925	+2.680	+2.906	+2.263	+2.681	+2.679	+11.256	+2.376	+2.376	+2.685	+2.669	+2.887	+9.244	+2.678	+2.669	+2.375	+2.374	+5.012	+2.648	+2.647	+2.645	+2.861	+2.856	+2.369	+9.258	+2.624	+2.357	+2.772	+5.002	+2.355	+9.244	+2.785	+2.484	+2.783	+2.308	+2.307	+2.535	+2.831	+2.515	+8.981	+2.526	+2.146	+2.103	+1.938	+2.354	+3.026	+2.976	+1.935	+2.426	+2.447	+2.444	+3.370	+2.402	+3.358	+3.332	+3.332	+3.346	+3.358	+3.338	+2.320	+2.374	+3.300	+2.374	+2.396	+2.353	+1.857	+1.922	+2.324	+1.928	+2.330	
rs1889027      +14.725	+15.168	+15.224	+14.624	+14.595	+14.624	+14.727	+14.595	+15.444	+15.325	+14.603	+15.317	+14.629	+15.325	+14.644	+15.329	+15.370	+15.320	+14.606	+14.607	+14.733	+14.609	+14.606	+14.596	+14.733	+14.610	+15.419	+15.391	+15.392	+14.612	+14.623	+14.609	+14.610	+15.387	+14.729	+15.386	+14.740	+14.596	+14.743	+14.878	+14.879	+14.869	+14.880	+14.618	+14.618	+14.883	+15.306	+14.918	+14.615	+15.538	+14.901	+15.590	+14.615	+15.272	+14.863	+14.848	+15.327	+15.544	+15.545	+15.316	+15.522	+14.537	+14.867	+15.215	+14.533	+14.579	+15.552	+15.342	+14.841	+14.908	+14.571	+15.721	+14.569	+15.514	+14.915	+15.342	+15.405	+15.718	+14.904	+15.731	+15.496	+14.900	+15.307	+14.920	+15.770	+15.513	+14.918	+15.725	+14.897	+14.897	+14.529	+15.560	+15.490	+14.896	+15.723	+15.550	+15.492	+15.492	+14.897	+15.342	+15.540	+14.876	+14.915	+15.750	+15.527	+14.914	+15.756	+15.527	+15.527	+15.750	+14.914	+15.741	+14.798	+15.368	+15.407	+15.577	+14.831	+15.368	+15.581	+15.363	+15.566	+14.787	+15.367	+15.367	+15.345	+14.863	+14.863	+15.374	+15.360	+15.555	+14.544	+15.369	+15.359	+14.863	+14.863	+14.540	+15.344	+15.344	+15.342	+15.536	+15.532	+14.864	+14.546	+15.325	+14.857	+15.421	+14.536	+14.856	+14.546	+15.477	+14.936	+15.475	+14.832	+14.832	+14.964	+15.515	+14.955	+14.541	+14.961	+15.000	+14.786	+14.773	+15.230	+14.552	+14.557	+14.839	+15.296	+15.359	+15.356	+14.562	+15.049	+14.563	+14.565	+14.565	+14.563	+14.561	+14.564	+15.100	+15.059	+14.569	+15.054	+15.034	+15.261	+14.734	+14.825	+15.234	+14.828	+15.240	
