## Summary of overall evidence for association with region:
## log10(BF for region) = -0.518692
## p-value for region = NA

## BFs for choosing among multi-SNP models:
## log10(average 1-SNP BF) = -0.451637
## log10(average 2-SNP BF) = -0.695161

## Example posterior probabilities for multi-SNP models, based on default prior: [p(l) propto 0.5^l for l=1,2,...,L]
## posterior probability of 1-SNP = 0.777971
## posterior probability of 2-SNP = 0.222029

## log10(BF) for single SNP and pair of SNPs:
rs2530663      -0.367	-0.717	-0.716	-0.516	-0.518	-0.566	-0.566	-0.515	-0.580	-0.514	-0.645	-0.565	+0.035	-0.642	-0.590	-0.552	-0.565	-0.007	-0.578	-0.802	-0.632	+0.042	-0.022	-0.583	-0.579	-0.577	-0.583	-0.071	-0.578	-0.078	+0.032	-0.612	-0.648	-0.857	-0.484	-0.480	-0.845	-0.476	-0.839	-0.516	-0.520	-0.537	-0.508	-0.480	-0.480	-0.864	-0.850	-0.030	-0.853	-0.006	-0.845	-0.675	-0.677	-0.677	-0.677	-0.004	-0.844	-0.842	-0.677	-0.677	-0.678	-0.839	-0.678	-0.677	-0.837	-0.678	-0.677	-0.677	-0.676	-0.677	-0.676	-0.677	-0.677	-0.777	-0.734	-0.676	-0.784	-0.677	-0.677	-0.770	-0.841	-0.760	-0.749	-0.669	-0.665	-0.747	-0.669	-0.774	-0.668	-0.755	-0.644	-0.767	-0.775	-0.523	-0.777	-0.775	-0.774	-0.775	-0.774	-0.775	-0.664	-0.664	-0.641	-0.642	-0.778	-0.754	-0.644	-0.749	-0.659	-0.725	-0.662	-0.662	-0.703	-0.662	-0.437	-0.762	-0.795	-0.791	-0.791	-0.666	-0.666	-0.666	-0.663	-0.825	-0.825	-0.664	-0.818	-0.868	-0.867	-0.867	-0.664	-0.869	-0.805	-0.806	-0.887	-0.661	-0.868	-0.661	-0.870	-0.661	-0.661	-0.661	-0.806	-0.801	-0.870	-0.824	-0.870	-0.661	-0.870	-0.869	-0.870	-0.869	-0.811	-0.813	-0.868	-0.661	-0.661	-0.661	-0.870	-0.663	-0.661	-0.658	-0.662	-0.554	-0.660	-0.866	-0.660	-0.660	-0.660	-0.660	-0.814	-0.660	-0.660	-0.662	-0.657	-0.869	-0.812	-0.659	-0.659	-0.654	-0.658	-0.810	-0.662	-0.662	-0.662	
rs2531849      -0.717	-0.511	-0.636	-0.642	-0.644	-0.807	-0.807	-0.641	-0.707	-0.640	-0.700	-0.819	-0.669	-0.680	-0.803	-0.800	-0.819	-0.690	-0.803	-0.795	-0.669	-0.666	-0.697	-0.793	-0.845	-0.806	-0.795	-0.720	-0.804	-0.723	-0.669	-0.669	-0.806	-0.966	-0.784	-0.781	-0.974	-0.779	-0.975	-0.809	-0.814	-0.821	-0.800	-0.780	-0.780	-0.947	-0.981	-0.150	-0.984	-0.123	-0.985	-0.816	-0.812	-0.814	-0.814	-0.121	-0.985	-0.982	-0.814	-0.816	-0.813	-0.984	-0.813	-0.816	-0.983	-0.816	-0.813	-0.813	-0.815	-0.813	-0.815	-0.813	-0.813	-0.958	-0.840	-0.815	-0.962	-0.813	-0.813	-0.954	-0.974	-0.949	-0.942	-0.787	-0.780	-0.941	-0.788	-0.957	-0.787	-0.945	-0.877	-0.953	-0.957	-0.683	-0.958	-0.957	-0.956	-0.957	-0.956	-0.957	-0.744	-0.744	-0.874	-0.875	-0.959	-0.945	-0.876	-0.942	-0.738	-0.926	-0.774	-0.775	-0.907	-0.774	-0.573	-0.949	-0.965	-0.947	-0.947	-0.782	-0.782	-0.781	-0.778	-0.971	-0.971	-0.777	-0.968	-0.979	-0.980	-0.979	-0.777	-0.977	-0.966	-0.966	-1.007	-0.772	-0.979	-0.772	-0.977	-0.772	-0.772	-0.772	-0.964	-0.962	-0.975	-0.972	-0.975	-0.772	-0.975	-0.979	-0.976	-0.978	-0.969	-0.970	-0.976	-0.773	-0.771	-0.772	-0.978	-0.775	-0.771	-0.767	-0.773	-0.684	-0.771	-0.981	-0.771	-0.770	-0.771	-0.770	-0.970	-0.770	-0.770	-0.774	-0.766	-0.979	-0.969	-0.768	-0.768	-0.761	-0.766	-0.969	-0.774	-0.774	-0.774	
rs2530664      -0.716	-0.636	-0.510	-0.641	-0.643	-0.806	-0.807	-0.640	-0.707	-0.639	-0.700	-0.819	-0.669	-0.680	-0.803	-0.799	-0.819	-0.690	-0.803	-0.794	-0.669	-0.666	-0.697	-0.793	-0.845	-0.806	-0.795	-0.720	-0.804	-0.723	-0.669	-0.669	-0.805	-0.965	-0.783	-0.781	-0.974	-0.778	-0.974	-0.808	-0.813	-0.820	-0.800	-0.780	-0.780	-0.946	-0.981	-0.151	-0.983	-0.124	-0.984	-0.815	-0.812	-0.814	-0.814	-0.122	-0.984	-0.982	-0.814	-0.815	-0.813	-0.984	-0.812	-0.815	-0.982	-0.815	-0.812	-0.813	-0.814	-0.813	-0.814	-0.812	-0.812	-0.958	-0.839	-0.815	-0.961	-0.813	-0.813	-0.954	-0.974	-0.948	-0.942	-0.787	-0.780	-0.940	-0.787	-0.957	-0.786	-0.944	-0.876	-0.953	-0.957	-0.683	-0.958	-0.957	-0.956	-0.957	-0.956	-0.957	-0.743	-0.743	-0.874	-0.875	-0.958	-0.944	-0.876	-0.941	-0.737	-0.926	-0.774	-0.774	-0.907	-0.774	-0.573	-0.948	-0.965	-0.946	-0.946	-0.782	-0.781	-0.781	-0.777	-0.971	-0.971	-0.777	-0.967	-0.979	-0.980	-0.979	-0.777	-0.977	-0.966	-0.966	-1.007	-0.772	-0.979	-0.772	-0.976	-0.771	-0.771	-0.771	-0.964	-0.961	-0.975	-0.971	-0.975	-0.772	-0.975	-0.979	-0.975	-0.978	-0.969	-0.969	-0.976	-0.772	-0.771	-0.771	-0.978	-0.774	-0.771	-0.766	-0.773	-0.683	-0.770	-0.980	-0.770	-0.770	-0.770	-0.770	-0.970	-0.770	-0.770	-0.773	-0.765	-0.979	-0.969	-0.767	-0.767	-0.760	-0.766	-0.968	-0.773	-0.773	-0.773	
rs79585302     -0.516	-0.642	-0.641	-0.268	-0.369	-0.589	-0.590	-0.369	-0.501	-0.371	-0.568	-0.602	-0.470	-0.572	-0.596	-0.581	-0.602	-0.489	-0.585	-0.602	-0.564	-0.466	-0.497	-0.575	-0.629	-0.589	-0.578	-0.518	-0.586	-0.522	-0.461	-0.536	-0.588	-0.794	-0.578	-0.575	-0.789	-0.573	-0.786	-0.601	-0.605	-0.613	-0.593	-0.573	-0.573	-0.791	-0.790	-0.068	-0.792	-0.045	-0.787	-0.599	-0.595	-0.597	-0.597	-0.044	-0.787	-0.784	-0.597	-0.599	-0.596	-0.784	-0.595	-0.598	-0.781	-0.598	-0.596	-0.596	-0.598	-0.596	-0.598	-0.595	-0.595	-0.738	-0.652	-0.598	-0.744	-0.596	-0.596	-0.732	-0.780	-0.725	-0.716	-0.569	-0.561	-0.714	-0.569	-0.736	-0.568	-0.720	-0.683	-0.730	-0.736	-0.543	-0.737	-0.736	-0.735	-0.736	-0.735	-0.736	-0.588	-0.588	-0.681	-0.681	-0.738	-0.719	-0.683	-0.715	-0.583	-0.695	-0.556	-0.556	-0.676	-0.555	-0.422	-0.725	-0.749	-0.734	-0.734	-0.564	-0.563	-0.563	-0.559	-0.769	-0.768	-0.559	-0.763	-0.797	-0.796	-0.797	-0.559	-0.797	-0.755	-0.755	-0.795	-0.554	-0.797	-0.554	-0.797	-0.553	-0.553	-0.553	-0.755	-0.751	-0.796	-0.767	-0.796	-0.554	-0.796	-0.797	-0.797	-0.797	-0.759	-0.760	-0.796	-0.554	-0.553	-0.553	-0.797	-0.556	-0.552	-0.548	-0.555	-0.505	-0.552	-0.796	-0.552	-0.552	-0.552	-0.552	-0.761	-0.552	-0.552	-0.555	-0.547	-0.797	-0.759	-0.549	-0.549	-0.542	-0.548	-0.758	-0.555	-0.555	-0.556	
rs75285883     -0.518	-0.644	-0.643	-0.369	-0.271	-0.591	-0.592	-0.365	-0.503	-0.366	-0.570	-0.604	-0.472	-0.574	-0.598	-0.583	-0.604	-0.492	-0.587	-0.604	-0.565	-0.468	-0.499	-0.577	-0.630	-0.591	-0.579	-0.521	-0.588	-0.524	-0.463	-0.537	-0.590	-0.796	-0.580	-0.577	-0.791	-0.575	-0.788	-0.603	-0.608	-0.615	-0.595	-0.575	-0.575	-0.793	-0.791	-0.069	-0.794	-0.046	-0.789	-0.601	-0.597	-0.599	-0.599	-0.045	-0.789	-0.786	-0.599	-0.601	-0.598	-0.786	-0.597	-0.600	-0.783	-0.600	-0.598	-0.598	-0.600	-0.598	-0.600	-0.597	-0.597	-0.740	-0.654	-0.600	-0.745	-0.598	-0.598	-0.734	-0.782	-0.726	-0.717	-0.571	-0.563	-0.715	-0.571	-0.737	-0.570	-0.722	-0.685	-0.732	-0.738	-0.545	-0.739	-0.738	-0.737	-0.738	-0.737	-0.738	-0.590	-0.590	-0.682	-0.683	-0.739	-0.721	-0.684	-0.717	-0.585	-0.697	-0.558	-0.558	-0.677	-0.557	-0.424	-0.726	-0.751	-0.736	-0.736	-0.566	-0.565	-0.565	-0.561	-0.770	-0.770	-0.561	-0.765	-0.799	-0.798	-0.798	-0.561	-0.799	-0.756	-0.757	-0.796	-0.556	-0.799	-0.556	-0.799	-0.555	-0.555	-0.555	-0.757	-0.753	-0.798	-0.769	-0.798	-0.556	-0.798	-0.799	-0.798	-0.799	-0.761	-0.762	-0.798	-0.556	-0.555	-0.555	-0.799	-0.558	-0.555	-0.550	-0.557	-0.507	-0.554	-0.798	-0.554	-0.554	-0.554	-0.554	-0.763	-0.554	-0.554	-0.557	-0.549	-0.799	-0.761	-0.551	-0.551	-0.544	-0.550	-0.760	-0.557	-0.558	-0.558	
rs2079648      -0.566	-0.807	-0.806	-0.589	-0.591	-0.451	-0.569	-0.588	-0.668	-0.587	-0.736	-0.588	-0.131	-0.740	-0.656	-0.624	-0.589	-0.172	-0.587	-0.851	-0.731	-0.125	-0.187	-0.580	-0.637	-0.589	-0.582	-0.234	-0.590	-0.240	-0.180	-0.705	-0.720	-0.943	-0.600	-0.597	-0.933	-0.593	-0.928	-0.632	-0.637	-0.651	-0.623	-0.597	-0.597	-0.943	-0.938	-0.148	-0.940	-0.125	-0.934	-0.756	-0.755	-0.756	-0.756	-0.123	-0.934	-0.932	-0.756	-0.756	-0.756	-0.930	-0.757	-0.757	-0.928	-0.757	-0.756	-0.756	-0.756	-0.756	-0.756	-0.755	-0.756	-0.877	-0.803	-0.756	-0.884	-0.756	-0.756	-0.871	-0.929	-0.862	-0.853	-0.741	-0.737	-0.851	-0.741	-0.875	-0.741	-0.858	-0.753	-0.869	-0.876	-0.608	-0.877	-0.876	-0.874	-0.876	-0.874	-0.876	-0.725	-0.725	-0.750	-0.751	-0.878	-0.857	-0.752	-0.853	-0.719	-0.831	-0.732	-0.733	-0.810	-0.732	-0.532	-0.864	-0.892	-0.868	-0.868	-0.738	-0.737	-0.737	-0.734	-0.915	-0.915	-0.734	-0.909	-0.949	-0.949	-0.949	-0.734	-0.950	-0.899	-0.899	-0.963	-0.731	-0.950	-0.731	-0.950	-0.731	-0.730	-0.730	-0.900	-0.895	-0.950	-0.914	-0.950	-0.731	-0.950	-0.950	-0.950	-0.950	-0.904	-0.906	-0.949	-0.731	-0.730	-0.731	-0.950	-0.733	-0.730	-0.727	-0.731	-0.631	-0.730	-0.948	-0.730	-0.730	-0.730	-0.730	-0.906	-0.729	-0.729	-0.732	-0.726	-0.950	-0.904	-0.727	-0.728	-0.722	-0.727	-0.903	-0.732	-0.732	-0.732	
rs6006219      -0.566	-0.807	-0.807	-0.590	-0.592	-0.569	-0.452	-0.589	-0.669	-0.588	-0.737	-0.588	-0.133	-0.740	-0.656	-0.625	-0.589	-0.174	-0.586	-0.851	-0.732	-0.127	-0.189	-0.579	-0.637	-0.588	-0.581	-0.236	-0.590	-0.242	-0.182	-0.705	-0.720	-0.943	-0.601	-0.598	-0.933	-0.594	-0.928	-0.633	-0.638	-0.652	-0.624	-0.598	-0.598	-0.944	-0.939	-0.149	-0.941	-0.126	-0.935	-0.756	-0.756	-0.757	-0.757	-0.124	-0.934	-0.932	-0.757	-0.757	-0.757	-0.931	-0.757	-0.757	-0.929	-0.758	-0.756	-0.756	-0.757	-0.756	-0.757	-0.756	-0.756	-0.878	-0.803	-0.757	-0.884	-0.756	-0.756	-0.872	-0.929	-0.863	-0.854	-0.742	-0.737	-0.851	-0.742	-0.876	-0.741	-0.858	-0.754	-0.869	-0.876	-0.609	-0.878	-0.877	-0.875	-0.877	-0.875	-0.877	-0.725	-0.725	-0.750	-0.752	-0.878	-0.858	-0.753	-0.853	-0.720	-0.832	-0.733	-0.733	-0.810	-0.733	-0.532	-0.864	-0.892	-0.869	-0.869	-0.738	-0.738	-0.738	-0.735	-0.916	-0.916	-0.735	-0.910	-0.950	-0.949	-0.950	-0.735	-0.951	-0.900	-0.900	-0.964	-0.731	-0.950	-0.731	-0.951	-0.731	-0.731	-0.731	-0.900	-0.896	-0.951	-0.915	-0.950	-0.731	-0.951	-0.950	-0.951	-0.950	-0.905	-0.906	-0.949	-0.732	-0.731	-0.731	-0.951	-0.733	-0.731	-0.728	-0.732	-0.632	-0.730	-0.949	-0.730	-0.730	-0.730	-0.730	-0.907	-0.730	-0.730	-0.732	-0.727	-0.951	-0.905	-0.728	-0.728	-0.723	-0.728	-0.904	-0.732	-0.733	-0.733	
rs76603041     -0.515	-0.641	-0.640	-0.369	-0.365	-0.588	-0.589	-0.268	-0.500	-0.363	-0.566	-0.601	-0.470	-0.571	-0.595	-0.580	-0.601	-0.490	-0.584	-0.600	-0.562	-0.466	-0.497	-0.574	-0.627	-0.588	-0.576	-0.518	-0.585	-0.522	-0.461	-0.534	-0.587	-0.793	-0.577	-0.575	-0.788	-0.572	-0.785	-0.601	-0.605	-0.612	-0.592	-0.573	-0.573	-0.790	-0.789	-0.066	-0.791	-0.043	-0.786	-0.598	-0.594	-0.596	-0.596	-0.042	-0.786	-0.783	-0.596	-0.598	-0.595	-0.783	-0.594	-0.598	-0.780	-0.597	-0.595	-0.595	-0.597	-0.595	-0.597	-0.594	-0.595	-0.737	-0.652	-0.597	-0.742	-0.595	-0.595	-0.731	-0.779	-0.723	-0.714	-0.568	-0.560	-0.712	-0.568	-0.734	-0.567	-0.718	-0.683	-0.729	-0.735	-0.543	-0.736	-0.735	-0.734	-0.735	-0.734	-0.735	-0.588	-0.588	-0.680	-0.681	-0.736	-0.718	-0.682	-0.714	-0.583	-0.694	-0.555	-0.555	-0.674	-0.554	-0.421	-0.723	-0.748	-0.733	-0.733	-0.563	-0.562	-0.562	-0.558	-0.767	-0.767	-0.558	-0.762	-0.796	-0.795	-0.796	-0.558	-0.796	-0.753	-0.754	-0.794	-0.553	-0.796	-0.553	-0.796	-0.552	-0.552	-0.552	-0.754	-0.750	-0.796	-0.766	-0.796	-0.553	-0.796	-0.796	-0.796	-0.796	-0.758	-0.759	-0.795	-0.553	-0.552	-0.552	-0.796	-0.555	-0.552	-0.547	-0.554	-0.505	-0.551	-0.795	-0.551	-0.551	-0.551	-0.551	-0.760	-0.551	-0.551	-0.554	-0.546	-0.797	-0.758	-0.548	-0.548	-0.541	-0.547	-0.757	-0.554	-0.555	-0.555	
rs2857644      -0.580	-0.707	-0.707	-0.501	-0.503	-0.668	-0.669	-0.500	-0.349	-0.499	-0.634	-0.681	-0.523	-0.668	-0.662	-0.658	-0.681	-0.543	-0.665	-0.700	-0.662	-0.519	-0.551	-0.655	-0.706	-0.668	-0.657	-0.574	-0.666	-0.577	-0.523	-0.609	-0.664	-0.850	-0.637	-0.634	-0.854	-0.632	-0.853	-0.662	-0.667	-0.675	-0.654	-0.633	-0.633	-0.836	-0.853	-0.131	-0.855	-0.107	-0.855	-0.672	-0.669	-0.671	-0.671	-0.106	-0.855	-0.852	-0.671	-0.672	-0.670	-0.854	-0.669	-0.672	-0.852	-0.672	-0.670	-0.670	-0.671	-0.670	-0.672	-0.669	-0.669	-0.826	-0.697	-0.672	-0.830	-0.670	-0.670	-0.822	-0.847	-0.816	-0.809	-0.644	-0.637	-0.808	-0.645	-0.824	-0.644	-0.811	-0.740	-0.820	-0.825	-0.565	-0.826	-0.825	-0.824	-0.825	-0.824	-0.825	-0.605	-0.605	-0.738	-0.739	-0.825	-0.812	-0.740	-0.809	-0.599	-0.793	-0.632	-0.632	-0.775	-0.631	-0.471	-0.816	-0.832	-0.809	-0.809	-0.639	-0.639	-0.638	-0.635	-0.841	-0.841	-0.634	-0.837	-0.852	-0.852	-0.852	-0.634	-0.850	-0.835	-0.835	-0.870	-0.629	-0.852	-0.629	-0.850	-0.629	-0.629	-0.629	-0.833	-0.830	-0.849	-0.840	-0.849	-0.630	-0.848	-0.852	-0.849	-0.851	-0.838	-0.838	-0.849	-0.630	-0.628	-0.629	-0.851	-0.632	-0.628	-0.624	-0.630	-0.540	-0.628	-0.852	-0.628	-0.627	-0.628	-0.627	-0.839	-0.627	-0.627	-0.631	-0.623	-0.852	-0.838	-0.625	-0.625	-0.618	-0.623	-0.837	-0.631	-0.631	-0.631	
rs111849505    -0.514	-0.640	-0.639	-0.371	-0.366	-0.587	-0.588	-0.363	-0.499	-0.266	-0.565	-0.600	-0.469	-0.569	-0.594	-0.579	-0.600	-0.489	-0.583	-0.599	-0.561	-0.465	-0.496	-0.573	-0.626	-0.586	-0.575	-0.518	-0.584	-0.521	-0.459	-0.533	-0.586	-0.792	-0.576	-0.574	-0.787	-0.571	-0.784	-0.600	-0.604	-0.611	-0.592	-0.572	-0.572	-0.789	-0.787	-0.065	-0.790	-0.042	-0.785	-0.597	-0.593	-0.595	-0.595	-0.041	-0.784	-0.782	-0.595	-0.597	-0.594	-0.781	-0.593	-0.596	-0.779	-0.596	-0.594	-0.594	-0.596	-0.594	-0.596	-0.593	-0.593	-0.736	-0.651	-0.596	-0.741	-0.594	-0.594	-0.730	-0.778	-0.722	-0.713	-0.567	-0.559	-0.711	-0.567	-0.733	-0.566	-0.717	-0.682	-0.727	-0.733	-0.543	-0.735	-0.734	-0.732	-0.734	-0.732	-0.734	-0.587	-0.587	-0.679	-0.680	-0.735	-0.717	-0.681	-0.713	-0.582	-0.692	-0.553	-0.554	-0.673	-0.553	-0.420	-0.722	-0.747	-0.732	-0.732	-0.562	-0.561	-0.561	-0.557	-0.766	-0.766	-0.557	-0.761	-0.795	-0.794	-0.795	-0.557	-0.795	-0.752	-0.752	-0.792	-0.552	-0.795	-0.552	-0.795	-0.551	-0.551	-0.551	-0.752	-0.748	-0.794	-0.765	-0.794	-0.552	-0.795	-0.795	-0.795	-0.795	-0.757	-0.758	-0.794	-0.552	-0.550	-0.551	-0.795	-0.554	-0.550	-0.546	-0.553	-0.504	-0.550	-0.794	-0.550	-0.550	-0.550	-0.550	-0.758	-0.550	-0.550	-0.553	-0.545	-0.795	-0.757	-0.547	-0.547	-0.540	-0.546	-0.756	-0.553	-0.553	-0.553	
rs2527336      -0.645	-0.700	-0.700	-0.568	-0.570	-0.736	-0.737	-0.566	-0.634	-0.565	-0.437	-0.749	-0.615	-0.690	-0.733	-0.730	-0.749	-0.635	-0.732	-0.721	-0.684	-0.612	-0.642	-0.722	-0.775	-0.735	-0.724	-0.664	-0.733	-0.668	-0.615	-0.524	-0.736	-0.898	-0.724	-0.721	-0.909	-0.719	-0.911	-0.748	-0.752	-0.760	-0.740	-0.720	-0.720	-0.875	-0.906	-0.147	-0.909	-0.120	-0.912	-0.747	-0.743	-0.745	-0.745	-0.118	-0.912	-0.908	-0.745	-0.747	-0.744	-0.913	-0.743	-0.746	-0.910	-0.746	-0.744	-0.744	-0.746	-0.744	-0.746	-0.743	-0.743	-0.897	-0.768	-0.746	-0.899	-0.744	-0.744	-0.893	-0.901	-0.889	-0.883	-0.717	-0.710	-0.882	-0.717	-0.896	-0.716	-0.885	-0.825	-0.892	-0.896	-0.637	-0.897	-0.896	-0.895	-0.896	-0.895	-0.896	-0.668	-0.668	-0.823	-0.824	-0.897	-0.885	-0.825	-0.883	-0.661	-0.869	-0.704	-0.704	-0.852	-0.703	-0.519	-0.888	-0.900	-0.876	-0.876	-0.712	-0.711	-0.711	-0.707	-0.901	-0.901	-0.707	-0.898	-0.900	-0.901	-0.900	-0.707	-0.897	-0.901	-0.901	-0.936	-0.701	-0.900	-0.701	-0.897	-0.701	-0.701	-0.701	-0.898	-0.896	-0.895	-0.901	-0.895	-0.702	-0.894	-0.900	-0.895	-0.899	-0.903	-0.903	-0.896	-0.702	-0.700	-0.701	-0.898	-0.704	-0.700	-0.696	-0.702	-0.610	-0.700	-0.903	-0.700	-0.700	-0.700	-0.700	-0.903	-0.699	-0.699	-0.703	-0.695	-0.900	-0.903	-0.697	-0.697	-0.689	-0.695	-0.903	-0.703	-0.703	-0.703	
rs8135737      -0.565	-0.819	-0.819	-0.602	-0.604	-0.588	-0.588	-0.601	-0.681	-0.600	-0.749	-0.463	-0.170	-0.753	-0.665	-0.634	-0.582	-0.209	-0.569	-0.857	-0.745	-0.163	-0.224	-0.554	-0.645	-0.574	-0.557	-0.270	-0.576	-0.276	-0.217	-0.718	-0.729	-0.954	-0.619	-0.616	-0.945	-0.612	-0.940	-0.650	-0.655	-0.669	-0.641	-0.615	-0.616	-0.954	-0.950	-0.166	-0.952	-0.143	-0.947	-0.767	-0.767	-0.767	-0.768	-0.141	-0.946	-0.944	-0.768	-0.768	-0.768	-0.943	-0.768	-0.768	-0.941	-0.768	-0.767	-0.767	-0.767	-0.767	-0.767	-0.767	-0.767	-0.891	-0.813	-0.767	-0.897	-0.767	-0.767	-0.885	-0.941	-0.876	-0.867	-0.751	-0.747	-0.865	-0.752	-0.889	-0.751	-0.872	-0.768	-0.883	-0.889	-0.622	-0.891	-0.890	-0.888	-0.890	-0.888	-0.890	-0.734	-0.734	-0.765	-0.766	-0.891	-0.871	-0.768	-0.867	-0.728	-0.845	-0.742	-0.743	-0.824	-0.742	-0.546	-0.878	-0.905	-0.880	-0.880	-0.748	-0.747	-0.747	-0.744	-0.928	-0.928	-0.744	-0.922	-0.961	-0.960	-0.961	-0.744	-0.961	-0.912	-0.913	-0.975	-0.741	-0.961	-0.741	-0.962	-0.741	-0.740	-0.740	-0.913	-0.908	-0.961	-0.927	-0.961	-0.741	-0.961	-0.961	-0.961	-0.961	-0.917	-0.919	-0.960	-0.741	-0.740	-0.740	-0.962	-0.743	-0.740	-0.737	-0.741	-0.644	-0.740	-0.960	-0.740	-0.739	-0.739	-0.739	-0.919	-0.739	-0.739	-0.742	-0.736	-0.962	-0.917	-0.737	-0.737	-0.732	-0.737	-0.916	-0.742	-0.742	-0.742	
rs16987914     +0.035	-0.669	-0.669	-0.470	-0.472	-0.131	-0.133	-0.470	-0.523	-0.469	-0.615	-0.170	-0.267	-0.641	-0.333	-0.308	-0.170	-0.406	-0.115	-0.636	-0.636	-0.397	-0.404	-0.081	-0.297	-0.124	-0.087	-0.407	-0.121	-0.408	-0.452	-0.595	-0.470	-0.717	-0.610	-0.610	-0.736	-0.608	-0.742	-0.614	-0.617	-0.617	-0.614	-0.608	-0.608	-0.685	-0.741	-0.200	-0.744	-0.180	-0.751	-0.513	-0.500	-0.505	-0.505	-0.179	-0.751	-0.748	-0.505	-0.511	-0.502	-0.754	-0.500	-0.510	-0.753	-0.509	-0.502	-0.502	-0.508	-0.502	-0.509	-0.501	-0.501	-0.758	-0.525	-0.509	-0.759	-0.503	-0.503	-0.756	-0.751	-0.754	-0.751	-0.449	-0.432	-0.750	-0.449	-0.758	-0.447	-0.751	-0.712	-0.756	-0.758	-0.536	-0.758	-0.758	-0.758	-0.758	-0.757	-0.758	-0.395	-0.395	-0.710	-0.711	-0.757	-0.752	-0.712	-0.750	-0.390	-0.741	-0.422	-0.423	-0.729	-0.422	-0.469	-0.753	-0.757	-0.380	-0.380	-0.439	-0.438	-0.438	-0.431	-0.755	-0.755	-0.431	-0.754	-0.742	-0.745	-0.743	-0.430	-0.739	-0.758	-0.758	-0.781	-0.421	-0.742	-0.421	-0.739	-0.420	-0.420	-0.420	-0.755	-0.754	-0.737	-0.755	-0.737	-0.421	-0.736	-0.743	-0.737	-0.740	-0.759	-0.759	-0.740	-0.422	-0.418	-0.420	-0.740	-0.426	-0.418	-0.412	-0.423	-0.476	-0.418	-0.744	-0.418	-0.417	-0.417	-0.417	-0.759	-0.417	-0.417	-0.423	-0.408	-0.742	-0.759	-0.412	-0.412	-0.399	-0.411	-0.760	-0.424	-0.424	-0.425	
rs2530677      -0.642	-0.680	-0.680	-0.572	-0.574	-0.740	-0.740	-0.571	-0.668	-0.569	-0.690	-0.753	-0.641	-0.451	-0.740	-0.737	-0.753	-0.661	-0.736	-0.681	-0.570	-0.638	-0.668	-0.725	-0.780	-0.739	-0.727	-0.689	-0.737	-0.692	-0.641	-0.676	-0.744	-0.883	-0.745	-0.743	-0.901	-0.740	-0.905	-0.768	-0.771	-0.779	-0.760	-0.741	-0.741	-0.853	-0.910	-0.166	-0.913	-0.139	-0.917	-0.757	-0.753	-0.755	-0.755	-0.137	-0.917	-0.913	-0.755	-0.757	-0.754	-0.919	-0.753	-0.757	-0.917	-0.757	-0.754	-0.754	-0.756	-0.754	-0.756	-0.753	-0.753	-0.909	-0.774	-0.756	-0.911	-0.754	-0.754	-0.906	-0.921	-0.903	-0.898	-0.726	-0.718	-0.897	-0.726	-0.909	-0.725	-0.900	-0.846	-0.906	-0.909	-0.685	-0.909	-0.909	-0.908	-0.909	-0.908	-0.909	-0.671	-0.671	-0.844	-0.845	-0.909	-0.900	-0.846	-0.898	-0.664	-0.886	-0.712	-0.713	-0.870	-0.712	-0.596	-0.902	-0.911	-0.881	-0.881	-0.720	-0.720	-0.720	-0.716	-0.921	-0.921	-0.715	-0.919	-0.920	-0.921	-0.920	-0.715	-0.917	-0.921	-0.921	-0.955	-0.710	-0.920	-0.710	-0.917	-0.710	-0.709	-0.709	-0.918	-0.916	-0.915	-0.921	-0.915	-0.710	-0.914	-0.920	-0.915	-0.918	-0.923	-0.923	-0.916	-0.710	-0.709	-0.710	-0.918	-0.712	-0.709	-0.704	-0.711	-0.646	-0.708	-0.922	-0.708	-0.708	-0.708	-0.708	-0.923	-0.708	-0.708	-0.711	-0.703	-0.920	-0.922	-0.705	-0.705	-0.698	-0.704	-0.923	-0.712	-0.712	-0.712	
rs78827556     -0.590	-0.803	-0.803	-0.596	-0.598	-0.656	-0.656	-0.595	-0.662	-0.594	-0.733	-0.665	-0.333	-0.740	-0.440	-0.604	-0.665	-0.364	-0.650	-0.832	-0.731	-0.327	-0.376	-0.640	-0.699	-0.653	-0.642	-0.411	-0.651	-0.417	-0.345	-0.702	-0.712	-0.937	-0.622	-0.619	-0.929	-0.615	-0.925	-0.652	-0.657	-0.670	-0.643	-0.618	-0.618	-0.935	-0.933	-0.164	-0.935	-0.141	-0.930	-0.753	-0.751	-0.752	-0.752	-0.139	-0.930	-0.928	-0.752	-0.753	-0.752	-0.927	-0.752	-0.753	-0.925	-0.753	-0.752	-0.752	-0.753	-0.752	-0.753	-0.751	-0.751	-0.879	-0.790	-0.753	-0.885	-0.752	-0.752	-0.873	-0.924	-0.865	-0.856	-0.732	-0.726	-0.854	-0.732	-0.877	-0.731	-0.860	-0.773	-0.871	-0.877	-0.620	-0.878	-0.877	-0.876	-0.877	-0.876	-0.877	-0.708	-0.708	-0.770	-0.771	-0.879	-0.860	-0.772	-0.855	-0.702	-0.835	-0.721	-0.722	-0.814	-0.721	-0.534	-0.866	-0.892	-0.874	-0.874	-0.728	-0.727	-0.727	-0.724	-0.912	-0.912	-0.724	-0.907	-0.942	-0.942	-0.942	-0.724	-0.943	-0.898	-0.898	-0.954	-0.719	-0.942	-0.719	-0.943	-0.719	-0.719	-0.719	-0.898	-0.894	-0.942	-0.911	-0.942	-0.719	-0.942	-0.943	-0.942	-0.942	-0.902	-0.904	-0.941	-0.720	-0.718	-0.719	-0.943	-0.722	-0.718	-0.715	-0.720	-0.626	-0.718	-0.941	-0.718	-0.718	-0.718	-0.718	-0.904	-0.718	-0.718	-0.720	-0.714	-0.943	-0.902	-0.715	-0.715	-0.709	-0.715	-0.901	-0.721	-0.721	-0.721	
rs75006331     -0.552	-0.800	-0.799	-0.581	-0.583	-0.624	-0.625	-0.580	-0.658	-0.579	-0.730	-0.634	-0.308	-0.737	-0.604	-0.434	-0.634	-0.340	-0.614	-0.821	-0.729	-0.302	-0.353	-0.601	-0.677	-0.620	-0.606	-0.390	-0.618	-0.395	-0.323	-0.699	-0.701	-0.933	-0.613	-0.610	-0.926	-0.606	-0.922	-0.644	-0.648	-0.661	-0.634	-0.609	-0.610	-0.930	-0.930	-0.165	-0.932	-0.142	-0.927	-0.747	-0.745	-0.746	-0.747	-0.140	-0.927	-0.925	-0.747	-0.747	-0.746	-0.924	-0.746	-0.748	-0.922	-0.748	-0.746	-0.746	-0.747	-0.746	-0.747	-0.745	-0.746	-0.877	-0.784	-0.747	-0.883	-0.746	-0.746	-0.871	-0.921	-0.863	-0.854	-0.726	-0.720	-0.852	-0.726	-0.875	-0.725	-0.858	-0.763	-0.869	-0.875	-0.609	-0.876	-0.875	-0.874	-0.875	-0.874	-0.875	-0.701	-0.700	-0.760	-0.761	-0.877	-0.858	-0.763	-0.854	-0.695	-0.834	-0.715	-0.716	-0.813	-0.715	-0.532	-0.864	-0.889	-0.866	-0.866	-0.722	-0.721	-0.721	-0.718	-0.909	-0.909	-0.718	-0.904	-0.938	-0.938	-0.938	-0.718	-0.938	-0.895	-0.895	-0.948	-0.713	-0.938	-0.713	-0.938	-0.713	-0.713	-0.713	-0.895	-0.891	-0.938	-0.908	-0.938	-0.713	-0.938	-0.938	-0.938	-0.938	-0.900	-0.901	-0.937	-0.714	-0.712	-0.713	-0.939	-0.716	-0.712	-0.709	-0.714	-0.621	-0.712	-0.937	-0.712	-0.712	-0.712	-0.712	-0.902	-0.712	-0.712	-0.714	-0.708	-0.939	-0.900	-0.709	-0.709	-0.703	-0.709	-0.899	-0.715	-0.715	-0.715	
rs6006225      -0.565	-0.819	-0.819	-0.602	-0.604	-0.589	-0.589	-0.601	-0.681	-0.600	-0.749	-0.582	-0.170	-0.753	-0.665	-0.634	-0.463	-0.209	-0.570	-0.857	-0.745	-0.163	-0.224	-0.554	-0.645	-0.574	-0.558	-0.270	-0.576	-0.276	-0.217	-0.718	-0.729	-0.954	-0.619	-0.615	-0.945	-0.612	-0.940	-0.650	-0.655	-0.669	-0.641	-0.615	-0.615	-0.954	-0.950	-0.166	-0.952	-0.143	-0.947	-0.767	-0.767	-0.767	-0.768	-0.141	-0.946	-0.944	-0.768	-0.768	-0.768	-0.943	-0.768	-0.768	-0.941	-0.768	-0.767	-0.767	-0.767	-0.767	-0.767	-0.767	-0.767	-0.891	-0.813	-0.767	-0.897	-0.767	-0.767	-0.885	-0.941	-0.876	-0.867	-0.752	-0.747	-0.865	-0.752	-0.889	-0.751	-0.872	-0.768	-0.883	-0.889	-0.622	-0.891	-0.890	-0.888	-0.890	-0.888	-0.890	-0.734	-0.734	-0.765	-0.766	-0.891	-0.871	-0.768	-0.867	-0.728	-0.845	-0.742	-0.743	-0.824	-0.742	-0.546	-0.878	-0.905	-0.880	-0.880	-0.748	-0.747	-0.747	-0.744	-0.928	-0.928	-0.744	-0.922	-0.961	-0.960	-0.961	-0.744	-0.961	-0.912	-0.912	-0.975	-0.741	-0.961	-0.741	-0.962	-0.741	-0.740	-0.740	-0.913	-0.908	-0.961	-0.927	-0.961	-0.741	-0.961	-0.961	-0.961	-0.961	-0.917	-0.919	-0.960	-0.741	-0.740	-0.740	-0.962	-0.743	-0.740	-0.737	-0.741	-0.644	-0.740	-0.960	-0.740	-0.739	-0.739	-0.739	-0.919	-0.739	-0.739	-0.742	-0.736	-0.962	-0.917	-0.737	-0.737	-0.732	-0.737	-0.916	-0.742	-0.742	-0.742	
rs2530678      -0.007	-0.690	-0.690	-0.489	-0.492	-0.172	-0.174	-0.490	-0.543	-0.489	-0.635	-0.209	-0.406	-0.661	-0.364	-0.340	-0.209	-0.290	-0.155	-0.657	-0.655	-0.396	-0.415	-0.123	-0.332	-0.165	-0.129	-0.426	-0.162	-0.424	-0.459	-0.614	-0.496	-0.740	-0.628	-0.628	-0.759	-0.626	-0.764	-0.634	-0.637	-0.637	-0.633	-0.626	-0.626	-0.708	-0.763	-0.215	-0.766	-0.195	-0.772	-0.538	-0.525	-0.530	-0.530	-0.194	-0.773	-0.770	-0.530	-0.536	-0.527	-0.776	-0.525	-0.535	-0.774	-0.534	-0.527	-0.527	-0.533	-0.527	-0.534	-0.526	-0.526	-0.778	-0.549	-0.534	-0.780	-0.528	-0.528	-0.777	-0.774	-0.774	-0.771	-0.476	-0.458	-0.770	-0.476	-0.778	-0.474	-0.772	-0.731	-0.776	-0.778	-0.554	-0.779	-0.778	-0.778	-0.778	-0.778	-0.778	-0.421	-0.421	-0.729	-0.730	-0.777	-0.772	-0.730	-0.770	-0.415	-0.761	-0.449	-0.450	-0.748	-0.449	-0.487	-0.773	-0.778	-0.416	-0.415	-0.466	-0.464	-0.464	-0.458	-0.777	-0.777	-0.457	-0.776	-0.766	-0.768	-0.767	-0.457	-0.763	-0.780	-0.780	-0.802	-0.447	-0.766	-0.447	-0.763	-0.447	-0.447	-0.446	-0.777	-0.775	-0.761	-0.777	-0.761	-0.448	-0.760	-0.766	-0.761	-0.764	-0.781	-0.781	-0.763	-0.449	-0.445	-0.447	-0.764	-0.453	-0.445	-0.439	-0.450	-0.500	-0.445	-0.768	-0.445	-0.444	-0.444	-0.444	-0.781	-0.444	-0.444	-0.450	-0.435	-0.766	-0.781	-0.439	-0.439	-0.426	-0.437	-0.781	-0.451	-0.451	-0.451	
rs12166986     -0.578	-0.803	-0.803	-0.585	-0.587	-0.587	-0.586	-0.584	-0.665	-0.583	-0.732	-0.569	-0.115	-0.736	-0.650	-0.614	-0.570	-0.155	-0.448	-0.849	-0.727	-0.107	-0.171	-0.560	-0.625	-0.575	-0.570	-0.218	-0.578	-0.225	-0.166	-0.701	-0.715	-0.939	-0.592	-0.589	-0.929	-0.585	-0.924	-0.624	-0.629	-0.643	-0.615	-0.589	-0.589	-0.940	-0.935	-0.143	-0.937	-0.119	-0.931	-0.753	-0.752	-0.753	-0.753	-0.118	-0.930	-0.928	-0.753	-0.753	-0.754	-0.927	-0.754	-0.754	-0.925	-0.754	-0.753	-0.753	-0.753	-0.753	-0.753	-0.752	-0.753	-0.874	-0.800	-0.753	-0.880	-0.753	-0.753	-0.868	-0.925	-0.859	-0.849	-0.739	-0.734	-0.847	-0.739	-0.871	-0.738	-0.854	-0.747	-0.865	-0.872	-0.604	-0.873	-0.872	-0.870	-0.872	-0.870	-0.872	-0.722	-0.722	-0.744	-0.745	-0.874	-0.853	-0.747	-0.849	-0.717	-0.827	-0.730	-0.730	-0.805	-0.730	-0.527	-0.860	-0.888	-0.865	-0.865	-0.735	-0.735	-0.735	-0.732	-0.912	-0.912	-0.732	-0.906	-0.946	-0.946	-0.946	-0.732	-0.947	-0.896	-0.896	-0.961	-0.728	-0.947	-0.728	-0.947	-0.728	-0.728	-0.728	-0.896	-0.892	-0.947	-0.911	-0.947	-0.728	-0.947	-0.947	-0.947	-0.947	-0.901	-0.902	-0.946	-0.729	-0.728	-0.728	-0.947	-0.730	-0.728	-0.725	-0.729	-0.628	-0.727	-0.945	-0.727	-0.727	-0.727	-0.727	-0.903	-0.727	-0.727	-0.729	-0.724	-0.947	-0.901	-0.725	-0.725	-0.720	-0.725	-0.900	-0.729	-0.730	-0.730	
rs2530679      -0.802	-0.795	-0.794	-0.602	-0.604	-0.851	-0.851	-0.600	-0.700	-0.599	-0.721	-0.857	-0.636	-0.681	-0.832	-0.821	-0.857	-0.657	-0.849	-0.530	-0.668	-0.631	-0.665	-0.844	-0.874	-0.851	-0.845	-0.690	-0.849	-0.693	-0.643	-0.680	-0.832	-0.939	-0.788	-0.786	-0.906	-0.783	-0.895	-0.811	-0.813	-0.824	-0.804	-0.784	-0.784	-0.962	-0.936	-0.044	-0.940	-0.017	-0.926	-0.835	-0.833	-0.834	-0.834	-0.015	-0.925	-0.927	-0.835	-0.836	-0.834	-0.917	-0.834	-0.836	-0.918	-0.836	-0.834	-0.834	-0.835	-0.834	-0.835	-0.833	-0.833	-0.835	-0.849	-0.835	-0.842	-0.834	-0.834	-0.822	-0.935	-0.809	-0.794	-0.812	-0.806	-0.791	-0.812	-0.828	-0.811	-0.802	-0.587	-0.819	-0.829	-0.531	-0.832	-0.830	-0.827	-0.830	-0.827	-0.830	-0.759	-0.759	-0.583	-0.585	-0.835	-0.802	-0.588	-0.796	-0.752	-0.765	-0.801	-0.801	-0.746	-0.800	-0.474	-0.816	-0.863	-0.977	-0.977	-0.808	-0.807	-0.807	-0.803	-0.918	-0.917	-0.803	-0.909	-0.983	-0.981	-0.982	-0.803	-0.987	-0.889	-0.889	-0.985	-0.799	-0.984	-0.799	-0.987	-0.798	-0.798	-0.798	-0.892	-0.886	-0.988	-0.917	-0.988	-0.799	-0.989	-0.985	-0.988	-0.986	-0.897	-0.899	-0.986	-0.799	-0.798	-0.798	-0.987	-0.801	-0.798	-0.794	-0.799	-0.696	-0.798	-0.982	-0.797	-0.797	-0.797	-0.797	-0.900	-0.797	-0.797	-0.800	-0.793	-0.986	-0.896	-0.795	-0.795	-0.788	-0.793	-0.895	-0.800	-0.800	-0.800	
rs2267152      -0.632	-0.669	-0.669	-0.564	-0.565	-0.731	-0.732	-0.562	-0.662	-0.561	-0.684	-0.745	-0.636	-0.570	-0.731	-0.729	-0.745	-0.655	-0.727	-0.668	-0.443	-0.633	-0.662	-0.716	-0.772	-0.730	-0.719	-0.684	-0.728	-0.687	-0.636	-0.672	-0.735	-0.873	-0.739	-0.737	-0.892	-0.734	-0.896	-0.761	-0.765	-0.772	-0.754	-0.735	-0.735	-0.842	-0.901	-0.174	-0.904	-0.148	-0.909	-0.749	-0.745	-0.747	-0.747	-0.146	-0.909	-0.905	-0.747	-0.749	-0.746	-0.911	-0.745	-0.749	-0.909	-0.749	-0.746	-0.746	-0.748	-0.746	-0.748	-0.745	-0.746	-0.902	-0.766	-0.748	-0.904	-0.746	-0.746	-0.900	-0.913	-0.897	-0.892	-0.718	-0.710	-0.891	-0.718	-0.902	-0.717	-0.893	-0.841	-0.899	-0.902	-0.682	-0.903	-0.902	-0.902	-0.902	-0.902	-0.902	-0.662	-0.662	-0.839	-0.840	-0.903	-0.894	-0.841	-0.891	-0.655	-0.880	-0.704	-0.704	-0.864	-0.704	-0.595	-0.896	-0.904	-0.873	-0.873	-0.712	-0.711	-0.711	-0.707	-0.913	-0.913	-0.707	-0.911	-0.911	-0.913	-0.911	-0.707	-0.908	-0.914	-0.914	-0.947	-0.702	-0.911	-0.702	-0.908	-0.701	-0.701	-0.701	-0.911	-0.909	-0.906	-0.914	-0.906	-0.702	-0.906	-0.911	-0.907	-0.910	-0.915	-0.916	-0.908	-0.702	-0.700	-0.701	-0.909	-0.704	-0.700	-0.696	-0.703	-0.638	-0.700	-0.913	-0.700	-0.700	-0.700	-0.700	-0.916	-0.700	-0.700	-0.703	-0.695	-0.911	-0.915	-0.697	-0.697	-0.689	-0.695	-0.916	-0.703	-0.703	-0.703	
rs1008515      +0.042	-0.666	-0.666	-0.466	-0.468	-0.125	-0.127	-0.466	-0.519	-0.465	-0.612	-0.163	-0.397	-0.638	-0.327	-0.302	-0.163	-0.396	-0.107	-0.631	-0.633	-0.264	-0.385	-0.073	-0.291	-0.116	-0.079	-0.381	-0.113	-0.382	-0.445	-0.591	-0.465	-0.711	-0.606	-0.606	-0.731	-0.605	-0.737	-0.610	-0.613	-0.612	-0.610	-0.604	-0.604	-0.679	-0.736	-0.197	-0.739	-0.177	-0.746	-0.509	-0.496	-0.501	-0.501	-0.176	-0.746	-0.743	-0.501	-0.507	-0.498	-0.750	-0.496	-0.506	-0.748	-0.505	-0.497	-0.498	-0.504	-0.498	-0.505	-0.497	-0.497	-0.754	-0.520	-0.505	-0.755	-0.499	-0.499	-0.753	-0.748	-0.751	-0.748	-0.445	-0.428	-0.747	-0.445	-0.754	-0.443	-0.748	-0.710	-0.753	-0.754	-0.532	-0.755	-0.754	-0.754	-0.754	-0.754	-0.754	-0.390	-0.390	-0.708	-0.708	-0.753	-0.749	-0.709	-0.747	-0.385	-0.738	-0.418	-0.419	-0.726	-0.418	-0.466	-0.749	-0.753	-0.369	-0.369	-0.435	-0.434	-0.434	-0.427	-0.751	-0.752	-0.426	-0.751	-0.739	-0.742	-0.740	-0.426	-0.736	-0.755	-0.755	-0.777	-0.416	-0.739	-0.416	-0.735	-0.416	-0.415	-0.415	-0.752	-0.751	-0.733	-0.752	-0.733	-0.417	-0.733	-0.739	-0.734	-0.737	-0.756	-0.756	-0.736	-0.418	-0.414	-0.416	-0.737	-0.422	-0.414	-0.408	-0.419	-0.476	-0.414	-0.741	-0.413	-0.413	-0.413	-0.413	-0.756	-0.413	-0.413	-0.419	-0.404	-0.739	-0.756	-0.407	-0.408	-0.394	-0.406	-0.756	-0.420	-0.420	-0.420	
rs2530680      -0.022	-0.697	-0.697	-0.497	-0.499	-0.187	-0.189	-0.497	-0.551	-0.496	-0.642	-0.224	-0.404	-0.668	-0.376	-0.353	-0.224	-0.415	-0.171	-0.665	-0.662	-0.385	-0.298	-0.138	-0.344	-0.179	-0.143	-0.421	-0.176	-0.423	-0.459	-0.622	-0.504	-0.748	-0.634	-0.633	-0.767	-0.632	-0.772	-0.640	-0.643	-0.643	-0.639	-0.632	-0.632	-0.717	-0.771	-0.220	-0.774	-0.200	-0.780	-0.546	-0.534	-0.539	-0.538	-0.199	-0.781	-0.778	-0.539	-0.545	-0.536	-0.784	-0.534	-0.543	-0.782	-0.543	-0.535	-0.536	-0.542	-0.536	-0.542	-0.535	-0.535	-0.785	-0.558	-0.542	-0.787	-0.537	-0.537	-0.784	-0.782	-0.782	-0.778	-0.485	-0.468	-0.777	-0.485	-0.785	-0.483	-0.779	-0.738	-0.784	-0.786	-0.561	-0.786	-0.786	-0.785	-0.786	-0.785	-0.786	-0.431	-0.431	-0.736	-0.736	-0.785	-0.779	-0.737	-0.777	-0.425	-0.768	-0.458	-0.459	-0.755	-0.458	-0.494	-0.780	-0.785	-0.425	-0.425	-0.475	-0.474	-0.473	-0.467	-0.784	-0.784	-0.466	-0.784	-0.774	-0.776	-0.775	-0.466	-0.771	-0.787	-0.787	-0.810	-0.457	-0.774	-0.457	-0.771	-0.456	-0.456	-0.456	-0.784	-0.783	-0.768	-0.785	-0.769	-0.457	-0.768	-0.774	-0.769	-0.772	-0.788	-0.788	-0.771	-0.458	-0.454	-0.456	-0.772	-0.462	-0.454	-0.448	-0.459	-0.508	-0.454	-0.776	-0.454	-0.453	-0.453	-0.453	-0.788	-0.453	-0.453	-0.459	-0.444	-0.774	-0.788	-0.448	-0.448	-0.435	-0.447	-0.789	-0.460	-0.460	-0.460	
rs17462054     -0.583	-0.793	-0.793	-0.575	-0.577	-0.580	-0.579	-0.574	-0.655	-0.573	-0.722	-0.554	-0.081	-0.725	-0.640	-0.601	-0.554	-0.123	-0.560	-0.844	-0.716	-0.073	-0.138	-0.438	-0.608	-0.562	-0.562	-0.184	-0.565	-0.191	-0.132	-0.691	-0.706	-0.930	-0.576	-0.573	-0.919	-0.569	-0.914	-0.609	-0.613	-0.628	-0.599	-0.573	-0.573	-0.932	-0.925	-0.129	-0.927	-0.105	-0.921	-0.743	-0.743	-0.744	-0.744	-0.103	-0.921	-0.919	-0.744	-0.744	-0.744	-0.917	-0.745	-0.745	-0.915	-0.745	-0.744	-0.744	-0.744	-0.744	-0.744	-0.743	-0.744	-0.863	-0.792	-0.744	-0.869	-0.744	-0.743	-0.857	-0.916	-0.847	-0.838	-0.730	-0.726	-0.835	-0.730	-0.860	-0.730	-0.842	-0.734	-0.854	-0.861	-0.592	-0.862	-0.861	-0.859	-0.861	-0.859	-0.861	-0.715	-0.715	-0.731	-0.732	-0.863	-0.842	-0.734	-0.837	-0.710	-0.815	-0.722	-0.722	-0.794	-0.722	-0.516	-0.849	-0.878	-0.855	-0.855	-0.727	-0.727	-0.726	-0.724	-0.902	-0.902	-0.724	-0.896	-0.937	-0.936	-0.937	-0.724	-0.938	-0.885	-0.885	-0.952	-0.720	-0.937	-0.720	-0.938	-0.720	-0.720	-0.720	-0.886	-0.881	-0.938	-0.901	-0.938	-0.720	-0.938	-0.938	-0.938	-0.938	-0.890	-0.892	-0.937	-0.721	-0.720	-0.720	-0.938	-0.722	-0.720	-0.717	-0.721	-0.618	-0.719	-0.936	-0.719	-0.719	-0.719	-0.719	-0.892	-0.719	-0.719	-0.721	-0.716	-0.938	-0.891	-0.717	-0.717	-0.712	-0.717	-0.889	-0.721	-0.722	-0.722	
rs73390944     -0.579	-0.845	-0.845	-0.629	-0.630	-0.637	-0.637	-0.627	-0.706	-0.626	-0.775	-0.645	-0.297	-0.780	-0.699	-0.677	-0.645	-0.332	-0.625	-0.874	-0.772	-0.291	-0.344	-0.608	-0.489	-0.626	-0.609	-0.383	-0.625	-0.389	-0.328	-0.745	-0.755	-0.982	-0.666	-0.663	-0.975	-0.660	-0.971	-0.696	-0.701	-0.713	-0.687	-0.662	-0.662	-0.980	-0.978	-0.199	-0.980	-0.176	-0.976	-0.792	-0.791	-0.792	-0.792	-0.174	-0.975	-0.973	-0.792	-0.792	-0.792	-0.972	-0.792	-0.793	-0.970	-0.793	-0.791	-0.791	-0.792	-0.791	-0.792	-0.791	-0.791	-0.924	-0.834	-0.792	-0.930	-0.791	-0.791	-0.919	-0.969	-0.910	-0.901	-0.774	-0.768	-0.899	-0.774	-0.922	-0.773	-0.905	-0.808	-0.916	-0.922	-0.650	-0.924	-0.923	-0.921	-0.923	-0.921	-0.923	-0.753	-0.753	-0.805	-0.806	-0.924	-0.905	-0.807	-0.901	-0.748	-0.881	-0.764	-0.764	-0.860	-0.763	-0.574	-0.911	-0.937	-0.906	-0.906	-0.770	-0.769	-0.769	-0.766	-0.958	-0.958	-0.766	-0.952	-0.987	-0.986	-0.987	-0.766	-0.987	-0.943	-0.943	-0.997	-0.762	-0.987	-0.762	-0.987	-0.762	-0.762	-0.762	-0.943	-0.939	-0.987	-0.956	-0.987	-0.762	-0.987	-0.987	-0.987	-0.987	-0.948	-0.949	-0.986	-0.762	-0.761	-0.762	-0.987	-0.764	-0.761	-0.758	-0.763	-0.669	-0.761	-0.986	-0.761	-0.761	-0.761	-0.761	-0.950	-0.760	-0.760	-0.763	-0.757	-0.988	-0.948	-0.758	-0.758	-0.752	-0.758	-0.947	-0.763	-0.763	-0.763	
rs5997506      -0.577	-0.806	-0.806	-0.589	-0.591	-0.589	-0.588	-0.588	-0.668	-0.586	-0.735	-0.574	-0.124	-0.739	-0.653	-0.620	-0.574	-0.165	-0.575	-0.851	-0.730	-0.116	-0.179	-0.562	-0.626	-0.451	-0.560	-0.223	-0.570	-0.230	-0.170	-0.704	-0.718	-0.942	-0.597	-0.594	-0.932	-0.590	-0.927	-0.629	-0.634	-0.648	-0.620	-0.594	-0.594	-0.943	-0.938	-0.147	-0.940	-0.123	-0.934	-0.755	-0.755	-0.756	-0.756	-0.122	-0.933	-0.931	-0.756	-0.756	-0.756	-0.930	-0.756	-0.756	-0.928	-0.757	-0.755	-0.755	-0.756	-0.755	-0.756	-0.755	-0.755	-0.877	-0.803	-0.756	-0.883	-0.755	-0.755	-0.871	-0.928	-0.862	-0.852	-0.741	-0.736	-0.850	-0.741	-0.874	-0.740	-0.857	-0.751	-0.868	-0.875	-0.607	-0.876	-0.875	-0.874	-0.875	-0.874	-0.875	-0.725	-0.725	-0.748	-0.749	-0.877	-0.856	-0.751	-0.852	-0.719	-0.830	-0.732	-0.733	-0.809	-0.732	-0.531	-0.863	-0.891	-0.867	-0.867	-0.737	-0.737	-0.737	-0.734	-0.915	-0.915	-0.734	-0.909	-0.949	-0.948	-0.949	-0.734	-0.950	-0.899	-0.899	-0.963	-0.731	-0.949	-0.731	-0.950	-0.731	-0.730	-0.730	-0.899	-0.895	-0.950	-0.914	-0.950	-0.731	-0.950	-0.950	-0.950	-0.950	-0.904	-0.905	-0.948	-0.731	-0.730	-0.730	-0.950	-0.733	-0.730	-0.727	-0.731	-0.631	-0.730	-0.948	-0.730	-0.729	-0.729	-0.729	-0.906	-0.729	-0.729	-0.732	-0.726	-0.950	-0.904	-0.727	-0.727	-0.722	-0.727	-0.903	-0.732	-0.732	-0.732	
rs11090576     -0.583	-0.795	-0.795	-0.578	-0.579	-0.582	-0.581	-0.576	-0.657	-0.575	-0.724	-0.557	-0.087	-0.727	-0.642	-0.606	-0.558	-0.129	-0.570	-0.845	-0.719	-0.079	-0.143	-0.562	-0.609	-0.560	-0.440	-0.188	-0.563	-0.195	-0.135	-0.693	-0.708	-0.932	-0.580	-0.577	-0.921	-0.573	-0.916	-0.612	-0.617	-0.631	-0.603	-0.577	-0.577	-0.933	-0.927	-0.131	-0.930	-0.108	-0.923	-0.745	-0.745	-0.746	-0.746	-0.106	-0.923	-0.921	-0.746	-0.746	-0.746	-0.919	-0.747	-0.747	-0.917	-0.747	-0.746	-0.746	-0.746	-0.746	-0.746	-0.745	-0.746	-0.865	-0.794	-0.746	-0.871	-0.746	-0.745	-0.859	-0.918	-0.850	-0.840	-0.732	-0.728	-0.838	-0.732	-0.862	-0.732	-0.845	-0.737	-0.856	-0.863	-0.595	-0.864	-0.863	-0.862	-0.863	-0.862	-0.863	-0.717	-0.717	-0.734	-0.735	-0.865	-0.844	-0.737	-0.840	-0.711	-0.818	-0.724	-0.724	-0.796	-0.723	-0.518	-0.851	-0.880	-0.856	-0.857	-0.729	-0.728	-0.728	-0.725	-0.904	-0.904	-0.726	-0.898	-0.939	-0.938	-0.939	-0.726	-0.940	-0.887	-0.888	-0.954	-0.722	-0.939	-0.722	-0.940	-0.722	-0.722	-0.722	-0.888	-0.883	-0.940	-0.903	-0.940	-0.722	-0.940	-0.940	-0.940	-0.940	-0.893	-0.894	-0.939	-0.722	-0.721	-0.722	-0.940	-0.724	-0.721	-0.718	-0.723	-0.620	-0.721	-0.938	-0.721	-0.721	-0.721	-0.721	-0.895	-0.721	-0.721	-0.723	-0.718	-0.940	-0.893	-0.719	-0.719	-0.714	-0.719	-0.891	-0.723	-0.723	-0.723	
rs2527340      -0.071	-0.720	-0.720	-0.518	-0.521	-0.234	-0.236	-0.518	-0.574	-0.518	-0.664	-0.270	-0.407	-0.689	-0.411	-0.390	-0.270	-0.426	-0.218	-0.690	-0.684	-0.381	-0.421	-0.184	-0.383	-0.223	-0.188	-0.323	-0.219	-0.439	-0.463	-0.643	-0.533	-0.775	-0.652	-0.652	-0.792	-0.650	-0.797	-0.660	-0.664	-0.664	-0.658	-0.650	-0.650	-0.744	-0.796	-0.237	-0.799	-0.216	-0.805	-0.573	-0.561	-0.566	-0.565	-0.215	-0.805	-0.802	-0.566	-0.571	-0.563	-0.808	-0.560	-0.570	-0.806	-0.570	-0.562	-0.563	-0.568	-0.563	-0.569	-0.562	-0.561	-0.808	-0.585	-0.569	-0.810	-0.564	-0.563	-0.806	-0.806	-0.804	-0.800	-0.512	-0.496	-0.799	-0.513	-0.808	-0.511	-0.801	-0.757	-0.806	-0.808	-0.581	-0.808	-0.808	-0.808	-0.808	-0.807	-0.808	-0.459	-0.459	-0.756	-0.756	-0.807	-0.801	-0.757	-0.799	-0.453	-0.789	-0.487	-0.488	-0.776	-0.486	-0.514	-0.802	-0.808	-0.463	-0.463	-0.503	-0.502	-0.501	-0.495	-0.808	-0.808	-0.494	-0.807	-0.799	-0.801	-0.800	-0.494	-0.796	-0.810	-0.810	-0.834	-0.485	-0.799	-0.485	-0.796	-0.484	-0.484	-0.484	-0.807	-0.806	-0.794	-0.809	-0.794	-0.486	-0.794	-0.799	-0.795	-0.797	-0.811	-0.811	-0.796	-0.486	-0.483	-0.485	-0.797	-0.490	-0.483	-0.477	-0.487	-0.531	-0.482	-0.801	-0.482	-0.482	-0.482	-0.481	-0.812	-0.481	-0.481	-0.487	-0.473	-0.799	-0.811	-0.476	-0.477	-0.464	-0.475	-0.812	-0.488	-0.489	-0.489	
rs1970776      -0.578	-0.804	-0.804	-0.586	-0.588	-0.590	-0.590	-0.585	-0.666	-0.584	-0.733	-0.576	-0.121	-0.737	-0.651	-0.618	-0.576	-0.162	-0.578	-0.849	-0.728	-0.113	-0.176	-0.565	-0.625	-0.570	-0.563	-0.219	-0.448	-0.226	-0.166	-0.702	-0.715	-0.940	-0.593	-0.590	-0.930	-0.586	-0.925	-0.625	-0.630	-0.644	-0.616	-0.590	-0.590	-0.941	-0.935	-0.144	-0.938	-0.120	-0.932	-0.753	-0.753	-0.754	-0.754	-0.119	-0.931	-0.929	-0.754	-0.754	-0.754	-0.927	-0.754	-0.755	-0.925	-0.755	-0.753	-0.753	-0.754	-0.753	-0.754	-0.753	-0.753	-0.875	-0.801	-0.754	-0.881	-0.754	-0.753	-0.868	-0.926	-0.859	-0.850	-0.739	-0.735	-0.848	-0.739	-0.872	-0.739	-0.855	-0.749	-0.866	-0.873	-0.604	-0.874	-0.873	-0.871	-0.873	-0.871	-0.873	-0.723	-0.723	-0.746	-0.747	-0.875	-0.854	-0.748	-0.850	-0.717	-0.828	-0.730	-0.731	-0.806	-0.730	-0.528	-0.861	-0.889	-0.865	-0.865	-0.736	-0.735	-0.735	-0.732	-0.913	-0.913	-0.732	-0.907	-0.947	-0.946	-0.947	-0.732	-0.948	-0.896	-0.897	-0.961	-0.729	-0.947	-0.729	-0.948	-0.729	-0.728	-0.728	-0.897	-0.892	-0.948	-0.912	-0.947	-0.729	-0.948	-0.947	-0.948	-0.947	-0.901	-0.903	-0.946	-0.729	-0.728	-0.729	-0.948	-0.731	-0.728	-0.725	-0.729	-0.629	-0.728	-0.946	-0.728	-0.728	-0.728	-0.728	-0.904	-0.727	-0.727	-0.730	-0.724	-0.948	-0.902	-0.725	-0.726	-0.720	-0.725	-0.900	-0.730	-0.730	-0.730	
rs2857629      -0.078	-0.723	-0.723	-0.522	-0.524	-0.240	-0.242	-0.522	-0.577	-0.521	-0.668	-0.276	-0.408	-0.692	-0.417	-0.395	-0.276	-0.424	-0.225	-0.693	-0.687	-0.382	-0.423	-0.191	-0.389	-0.230	-0.195	-0.439	-0.226	-0.326	-0.463	-0.646	-0.537	-0.778	-0.655	-0.654	-0.796	-0.653	-0.800	-0.663	-0.667	-0.667	-0.661	-0.653	-0.653	-0.748	-0.800	-0.239	-0.803	-0.219	-0.808	-0.577	-0.565	-0.570	-0.569	-0.218	-0.809	-0.806	-0.570	-0.575	-0.567	-0.812	-0.564	-0.574	-0.810	-0.573	-0.566	-0.567	-0.572	-0.567	-0.573	-0.566	-0.565	-0.811	-0.589	-0.573	-0.813	-0.567	-0.567	-0.810	-0.809	-0.807	-0.803	-0.516	-0.500	-0.802	-0.517	-0.811	-0.515	-0.804	-0.760	-0.809	-0.811	-0.584	-0.812	-0.811	-0.811	-0.811	-0.811	-0.811	-0.463	-0.463	-0.758	-0.759	-0.810	-0.804	-0.760	-0.802	-0.457	-0.792	-0.491	-0.492	-0.779	-0.490	-0.517	-0.805	-0.811	-0.469	-0.468	-0.507	-0.506	-0.506	-0.499	-0.812	-0.812	-0.499	-0.811	-0.803	-0.805	-0.804	-0.498	-0.800	-0.813	-0.814	-0.837	-0.489	-0.803	-0.489	-0.799	-0.489	-0.488	-0.488	-0.810	-0.809	-0.797	-0.812	-0.798	-0.490	-0.797	-0.803	-0.798	-0.801	-0.815	-0.815	-0.800	-0.490	-0.487	-0.489	-0.801	-0.494	-0.487	-0.481	-0.491	-0.534	-0.487	-0.804	-0.486	-0.486	-0.486	-0.486	-0.815	-0.485	-0.485	-0.492	-0.477	-0.803	-0.815	-0.481	-0.481	-0.468	-0.479	-0.815	-0.493	-0.493	-0.493	
