## Summary of overall evidence for association with region:
## log10(BF for region) = -0.346638
## p-value for region = NA

## BFs for choosing among multi-SNP models:
## log10(average 1-SNP BF) = -0.292469
## log10(average 2-SNP BF) = -0.480755

## Example posterior probabilities for multi-SNP models, based on default prior: [p(l) propto 0.5^l for l=1,2,...,L]
## posterior probability of 1-SNP = 0.755228
## posterior probability of 2-SNP = 0.244772

## log10(BF) for single SNP and pair of SNPs:
rs2937541      -0.255	-0.389	-0.513	-0.513	-0.512	-0.493	-0.484	-0.493	-0.482	-0.477	-0.484	-0.485	-0.485	-0.485	-0.485	-0.486	-0.486	-0.489	-0.499	-0.506	-0.491	-0.631	-0.561	-0.640	-0.562	-0.561	-0.477	-0.534	+0.581	+0.506	+0.211	+0.496	-0.590	-0.095	-0.076	-0.015	+0.073	-0.002	-0.599	-0.609	-0.003	-0.667	-0.666	-0.666	-0.666	-0.661	+0.197	-0.669	-0.672	-0.677	+0.021	-0.151	-0.132	-0.530	-0.614	-0.032	-0.047	-0.036	-0.156	-0.023	-0.026	-0.096	-0.617	-0.621	-0.617	-0.470	-0.060	-0.394	+0.251	+0.082	-0.511	-0.045	-0.087	-0.493	-0.122	-0.485	-0.477	-0.452	-0.461	-0.727	-0.394	-0.701	-0.737	-0.759	-0.387	-0.760	-0.761	-0.724	-0.760	-0.730	-0.378	-0.414	-0.238	-0.424	-0.436	-0.728	-0.727	-0.438	-0.727	-0.468	-0.722	-0.449	-0.460	-0.392	-0.717	-0.717	-0.717	-0.708	-0.716	-0.708	-0.714	-0.563	-0.718	-0.714	-0.641	-0.744	-0.735	-0.745	-0.746	-0.746	-0.741	-0.651	-0.741	-0.774	-0.690	-0.718	-0.681	-0.455	-0.571	-0.750	-0.739	-0.747	-0.645	-0.640	-0.179	-0.772	-0.766	-0.772	-0.770	-0.723	-0.460	-0.505	-0.720	-0.511	-0.442	-0.438	-0.444	-0.656	-0.620	-0.515	-0.431	-0.471	-0.359	-0.399	-0.466	-0.290	-0.642	-0.666	-0.397	-0.681	-0.470	-0.677	-0.718	-0.544	-0.541	-0.545	-0.339	+0.266	+0.265	-0.612	-0.621	
rs4484459      -0.389	-0.152	-0.375	-0.375	-0.375	-0.379	-0.379	-0.379	-0.379	-0.379	-0.379	-0.379	-0.379	-0.379	-0.379	-0.379	-0.379	-0.379	-0.379	-0.377	-0.379	-0.390	-0.364	-0.370	-0.363	-0.365	-0.398	-0.634	+0.099	+0.100	-0.190	+0.092	-0.408	-0.324	-0.310	-0.264	-0.132	-0.255	-0.409	-0.425	-0.255	-0.537	-0.537	-0.536	-0.536	-0.530	+0.013	-0.540	-0.544	-0.550	-0.234	-0.343	-0.331	-0.320	-0.431	-0.275	-0.287	-0.278	-0.347	-0.267	-0.270	-0.323	-0.437	-0.442	-0.436	-0.228	-0.295	-0.150	+0.038	-0.180	-0.495	-0.286	-0.014	-0.354	-0.369	-0.368	-0.392	-0.368	-0.377	-0.611	-0.491	-0.678	-0.631	-0.672	-0.492	-0.670	-0.669	-0.597	-0.670	-0.612	-0.259	-0.510	-0.112	-0.382	-0.524	-0.605	-0.605	-0.525	-0.604	-0.542	-0.595	-0.533	-0.540	-0.471	-0.579	-0.575	-0.576	-0.511	-0.573	-0.512	-0.567	-0.466	-0.534	-0.527	-0.551	-0.655	-0.679	-0.652	-0.647	-0.682	-0.681	-0.560	-0.629	-0.658	-0.500	-0.576	-0.587	-0.481	-0.555	-0.645	-0.655	-0.656	-0.596	-0.590	+0.017	-0.687	-0.689	-0.691	-0.689	-0.635	-0.373	-0.414	-0.645	-0.420	-0.355	-0.351	-0.357	-0.581	-0.542	-0.423	-0.344	-0.359	-0.235	-0.278	-0.350	-0.171	-0.566	-0.580	-0.271	-0.591	-0.347	-0.595	-0.629	-0.477	-0.474	-0.478	-0.226	+0.425	+0.424	-0.518	-0.528	
rs13160898     -0.513	-0.375	-0.326	-0.429	-0.428	-0.408	-0.393	-0.408	-0.389	-0.384	-0.394	-0.395	-0.395	-0.396	-0.397	-0.397	-0.399	-0.404	-0.422	-0.433	-0.420	-0.653	-0.518	-0.648	-0.518	-0.519	-0.506	-0.790	+0.062	-0.093	-0.306	-0.100	-0.580	-0.427	-0.412	-0.356	-0.246	-0.345	-0.570	-0.585	-0.346	-0.668	-0.668	-0.667	-0.667	-0.660	-0.074	-0.671	-0.677	-0.683	-0.324	-0.440	-0.427	-0.491	-0.591	-0.368	-0.380	-0.371	-0.445	-0.359	-0.362	-0.419	-0.597	-0.602	-0.596	-0.402	-0.389	-0.321	-0.047	-0.274	-0.603	-0.381	-0.088	-0.564	-0.472	-0.570	-0.549	-0.524	-0.533	-0.775	-0.621	-0.833	-0.794	-0.843	-0.621	-0.842	-0.842	-0.761	-0.842	-0.775	-0.435	-0.641	-0.293	-0.514	-0.657	-0.769	-0.768	-0.658	-0.767	-0.679	-0.758	-0.666	-0.674	-0.603	-0.754	-0.751	-0.752	-0.709	-0.749	-0.709	-0.744	-0.634	-0.728	-0.722	-0.711	-0.820	-0.837	-0.817	-0.814	-0.841	-0.840	-0.721	-0.799	-0.827	-0.684	-0.753	-0.749	-0.625	-0.709	-0.806	-0.815	-0.817	-0.752	-0.746	-0.165	-0.847	-0.848	-0.851	-0.849	-0.797	-0.530	-0.571	-0.804	-0.578	-0.514	-0.510	-0.517	-0.740	-0.698	-0.583	-0.503	-0.524	-0.403	-0.445	-0.516	-0.340	-0.724	-0.741	-0.445	-0.753	-0.515	-0.755	-0.791	-0.634	-0.632	-0.635	-0.394	+0.245	+0.245	-0.683	-0.693	
rs13185087     -0.513	-0.375	-0.429	-0.325	-0.428	-0.408	-0.393	-0.408	-0.390	-0.384	-0.395	-0.395	-0.395	-0.397	-0.397	-0.397	-0.399	-0.404	-0.422	-0.432	-0.420	-0.652	-0.516	-0.646	-0.517	-0.518	-0.506	-0.789	+0.062	-0.091	-0.305	-0.099	-0.579	-0.427	-0.412	-0.355	-0.246	-0.345	-0.569	-0.584	-0.345	-0.667	-0.667	-0.666	-0.666	-0.659	-0.073	-0.670	-0.676	-0.682	-0.323	-0.440	-0.426	-0.490	-0.590	-0.368	-0.380	-0.371	-0.444	-0.358	-0.361	-0.419	-0.596	-0.601	-0.595	-0.401	-0.389	-0.320	-0.046	-0.273	-0.603	-0.380	-0.088	-0.563	-0.471	-0.569	-0.548	-0.523	-0.533	-0.774	-0.620	-0.832	-0.793	-0.842	-0.620	-0.841	-0.841	-0.760	-0.841	-0.774	-0.434	-0.640	-0.292	-0.513	-0.656	-0.768	-0.768	-0.657	-0.766	-0.678	-0.757	-0.665	-0.673	-0.603	-0.753	-0.750	-0.751	-0.708	-0.748	-0.708	-0.743	-0.633	-0.727	-0.721	-0.710	-0.819	-0.836	-0.816	-0.813	-0.841	-0.839	-0.720	-0.798	-0.826	-0.683	-0.752	-0.748	-0.624	-0.708	-0.805	-0.814	-0.816	-0.752	-0.745	-0.163	-0.847	-0.847	-0.850	-0.848	-0.796	-0.529	-0.570	-0.803	-0.577	-0.513	-0.509	-0.516	-0.739	-0.698	-0.582	-0.502	-0.523	-0.402	-0.444	-0.515	-0.338	-0.723	-0.740	-0.444	-0.752	-0.514	-0.754	-0.790	-0.633	-0.631	-0.634	-0.393	+0.246	+0.246	-0.682	-0.692	
rs11746647     -0.512	-0.375	-0.428	-0.428	-0.324	-0.408	-0.393	-0.408	-0.390	-0.384	-0.395	-0.395	-0.395	-0.397	-0.397	-0.398	-0.399	-0.404	-0.421	-0.432	-0.420	-0.651	-0.516	-0.646	-0.516	-0.517	-0.505	-0.789	+0.062	-0.091	-0.305	-0.098	-0.578	-0.427	-0.412	-0.355	-0.246	-0.344	-0.569	-0.584	-0.345	-0.666	-0.666	-0.666	-0.665	-0.658	-0.073	-0.670	-0.675	-0.681	-0.323	-0.440	-0.426	-0.490	-0.590	-0.367	-0.380	-0.370	-0.444	-0.358	-0.361	-0.419	-0.596	-0.601	-0.595	-0.401	-0.388	-0.319	-0.046	-0.273	-0.603	-0.380	-0.088	-0.563	-0.471	-0.568	-0.548	-0.523	-0.532	-0.774	-0.620	-0.831	-0.793	-0.842	-0.620	-0.841	-0.840	-0.760	-0.841	-0.774	-0.434	-0.640	-0.292	-0.513	-0.655	-0.768	-0.767	-0.657	-0.766	-0.677	-0.757	-0.665	-0.673	-0.602	-0.753	-0.750	-0.750	-0.708	-0.748	-0.708	-0.743	-0.633	-0.726	-0.720	-0.710	-0.819	-0.836	-0.816	-0.812	-0.840	-0.838	-0.720	-0.798	-0.826	-0.683	-0.752	-0.748	-0.624	-0.707	-0.805	-0.814	-0.815	-0.751	-0.745	-0.163	-0.846	-0.847	-0.850	-0.848	-0.795	-0.528	-0.570	-0.803	-0.576	-0.513	-0.509	-0.516	-0.738	-0.697	-0.582	-0.502	-0.523	-0.401	-0.443	-0.514	-0.338	-0.723	-0.740	-0.443	-0.752	-0.514	-0.754	-0.790	-0.633	-0.631	-0.634	-0.392	+0.247	+0.246	-0.682	-0.691	
rs17359426     -0.493	-0.379	-0.408	-0.408	-0.408	-0.299	-0.392	-0.400	-0.391	-0.387	-0.393	-0.393	-0.393	-0.394	-0.394	-0.394	-0.395	-0.398	-0.407	-0.413	-0.409	-0.624	-0.483	-0.618	-0.483	-0.484	-0.489	-0.768	+0.068	-0.063	-0.277	-0.071	-0.554	-0.411	-0.397	-0.339	-0.232	-0.329	-0.542	-0.558	-0.329	-0.640	-0.640	-0.640	-0.639	-0.633	-0.058	-0.644	-0.650	-0.655	-0.308	-0.424	-0.410	-0.463	-0.564	-0.352	-0.364	-0.355	-0.428	-0.343	-0.346	-0.402	-0.570	-0.575	-0.569	-0.373	-0.372	-0.292	-0.031	-0.258	-0.589	-0.364	-0.080	-0.540	-0.454	-0.545	-0.526	-0.501	-0.511	-0.752	-0.600	-0.810	-0.771	-0.819	-0.600	-0.818	-0.817	-0.738	-0.818	-0.752	-0.411	-0.620	-0.268	-0.495	-0.636	-0.746	-0.745	-0.637	-0.744	-0.657	-0.735	-0.645	-0.653	-0.583	-0.729	-0.726	-0.726	-0.683	-0.724	-0.683	-0.719	-0.610	-0.702	-0.696	-0.687	-0.796	-0.814	-0.793	-0.789	-0.818	-0.816	-0.697	-0.774	-0.802	-0.657	-0.727	-0.725	-0.605	-0.687	-0.781	-0.791	-0.792	-0.730	-0.724	-0.136	-0.824	-0.825	-0.827	-0.826	-0.773	-0.506	-0.547	-0.780	-0.553	-0.491	-0.487	-0.493	-0.716	-0.675	-0.559	-0.480	-0.498	-0.376	-0.418	-0.490	-0.313	-0.701	-0.717	-0.418	-0.729	-0.488	-0.731	-0.767	-0.611	-0.609	-0.612	-0.368	+0.276	+0.275	-0.658	-0.668	
rs11748292     -0.484	-0.379	-0.393	-0.393	-0.393	-0.392	-0.287	-0.392	-0.387	-0.384	-0.388	-0.388	-0.388	-0.389	-0.389	-0.389	-0.390	-0.392	-0.398	-0.401	-0.402	-0.611	-0.467	-0.604	-0.467	-0.468	-0.481	-0.757	+0.072	-0.050	-0.264	-0.058	-0.542	-0.404	-0.389	-0.332	-0.225	-0.321	-0.530	-0.546	-0.322	-0.628	-0.628	-0.628	-0.627	-0.620	-0.050	-0.632	-0.637	-0.643	-0.300	-0.416	-0.402	-0.450	-0.551	-0.344	-0.356	-0.347	-0.420	-0.335	-0.338	-0.395	-0.557	-0.563	-0.557	-0.360	-0.365	-0.279	-0.024	-0.250	-0.582	-0.356	-0.075	-0.529	-0.446	-0.534	-0.516	-0.491	-0.501	-0.741	-0.591	-0.799	-0.760	-0.808	-0.591	-0.807	-0.806	-0.727	-0.807	-0.741	-0.399	-0.611	-0.257	-0.487	-0.626	-0.735	-0.735	-0.627	-0.733	-0.648	-0.725	-0.636	-0.643	-0.573	-0.717	-0.714	-0.715	-0.671	-0.712	-0.671	-0.707	-0.599	-0.690	-0.684	-0.676	-0.785	-0.803	-0.782	-0.778	-0.807	-0.806	-0.686	-0.763	-0.791	-0.644	-0.716	-0.714	-0.596	-0.677	-0.770	-0.780	-0.781	-0.720	-0.714	-0.123	-0.813	-0.814	-0.816	-0.815	-0.762	-0.495	-0.536	-0.770	-0.542	-0.480	-0.476	-0.482	-0.705	-0.664	-0.548	-0.469	-0.486	-0.364	-0.406	-0.478	-0.301	-0.690	-0.706	-0.406	-0.718	-0.476	-0.720	-0.756	-0.600	-0.598	-0.601	-0.356	+0.289	+0.289	-0.647	-0.657	
rs12374568     -0.493	-0.379	-0.408	-0.408	-0.408	-0.400	-0.392	-0.299	-0.390	-0.386	-0.392	-0.393	-0.393	-0.393	-0.394	-0.394	-0.395	-0.398	-0.407	-0.413	-0.409	-0.624	-0.482	-0.617	-0.482	-0.484	-0.489	-0.767	+0.068	-0.063	-0.277	-0.070	-0.553	-0.411	-0.396	-0.339	-0.232	-0.329	-0.542	-0.557	-0.329	-0.640	-0.640	-0.639	-0.639	-0.632	-0.057	-0.643	-0.649	-0.655	-0.307	-0.423	-0.410	-0.462	-0.563	-0.351	-0.363	-0.354	-0.427	-0.342	-0.345	-0.402	-0.569	-0.574	-0.569	-0.373	-0.372	-0.291	-0.031	-0.257	-0.589	-0.364	-0.079	-0.540	-0.454	-0.545	-0.526	-0.501	-0.511	-0.751	-0.600	-0.809	-0.770	-0.819	-0.600	-0.818	-0.817	-0.737	-0.818	-0.751	-0.410	-0.620	-0.268	-0.495	-0.635	-0.745	-0.745	-0.637	-0.744	-0.657	-0.735	-0.645	-0.652	-0.582	-0.729	-0.725	-0.726	-0.682	-0.723	-0.682	-0.718	-0.610	-0.701	-0.695	-0.687	-0.796	-0.813	-0.793	-0.789	-0.818	-0.816	-0.697	-0.774	-0.802	-0.656	-0.727	-0.725	-0.604	-0.686	-0.781	-0.791	-0.792	-0.730	-0.724	-0.136	-0.823	-0.824	-0.827	-0.825	-0.772	-0.506	-0.547	-0.780	-0.553	-0.490	-0.486	-0.493	-0.716	-0.675	-0.558	-0.479	-0.498	-0.376	-0.418	-0.489	-0.313	-0.700	-0.717	-0.418	-0.729	-0.488	-0.731	-0.767	-0.611	-0.608	-0.612	-0.368	+0.276	+0.275	-0.658	-0.667	
rs11749280     -0.482	-0.379	-0.389	-0.390	-0.390	-0.391	-0.387	-0.390	-0.284	-0.383	-0.387	-0.387	-0.387	-0.387	-0.388	-0.388	-0.388	-0.390	-0.395	-0.398	-0.400	-0.608	-0.462	-0.600	-0.462	-0.464	-0.479	-0.755	+0.073	-0.046	-0.260	-0.054	-0.539	-0.401	-0.387	-0.329	-0.223	-0.319	-0.526	-0.542	-0.319	-0.625	-0.625	-0.624	-0.624	-0.617	-0.048	-0.628	-0.634	-0.640	-0.297	-0.413	-0.400	-0.446	-0.548	-0.341	-0.353	-0.344	-0.417	-0.332	-0.335	-0.392	-0.554	-0.559	-0.553	-0.356	-0.362	-0.275	-0.021	-0.248	-0.580	-0.353	-0.074	-0.527	-0.443	-0.531	-0.513	-0.488	-0.498	-0.738	-0.588	-0.796	-0.757	-0.805	-0.588	-0.804	-0.803	-0.724	-0.804	-0.738	-0.396	-0.608	-0.254	-0.484	-0.623	-0.732	-0.732	-0.624	-0.731	-0.645	-0.722	-0.633	-0.640	-0.570	-0.714	-0.711	-0.712	-0.668	-0.709	-0.668	-0.704	-0.596	-0.687	-0.681	-0.673	-0.782	-0.800	-0.779	-0.775	-0.804	-0.803	-0.683	-0.760	-0.788	-0.641	-0.713	-0.711	-0.593	-0.674	-0.767	-0.777	-0.778	-0.717	-0.711	-0.120	-0.810	-0.811	-0.814	-0.812	-0.759	-0.492	-0.533	-0.767	-0.540	-0.477	-0.473	-0.479	-0.702	-0.661	-0.545	-0.466	-0.483	-0.361	-0.403	-0.475	-0.298	-0.687	-0.703	-0.403	-0.715	-0.473	-0.717	-0.753	-0.598	-0.595	-0.599	-0.353	+0.293	+0.292	-0.644	-0.653	
rs12652219     -0.477	-0.379	-0.384	-0.384	-0.384	-0.387	-0.384	-0.386	-0.383	-0.278	-0.383	-0.383	-0.383	-0.383	-0.384	-0.384	-0.384	-0.385	-0.389	-0.391	-0.395	-0.602	-0.454	-0.594	-0.454	-0.456	-0.474	-0.750	+0.075	-0.041	-0.255	-0.048	-0.534	-0.398	-0.383	-0.326	-0.220	-0.315	-0.521	-0.537	-0.316	-0.619	-0.619	-0.619	-0.618	-0.611	-0.044	-0.623	-0.629	-0.635	-0.294	-0.410	-0.396	-0.441	-0.543	-0.338	-0.350	-0.341	-0.414	-0.329	-0.332	-0.389	-0.549	-0.554	-0.548	-0.350	-0.359	-0.270	-0.018	-0.244	-0.576	-0.350	-0.071	-0.521	-0.440	-0.526	-0.508	-0.484	-0.493	-0.733	-0.584	-0.791	-0.752	-0.800	-0.584	-0.799	-0.798	-0.719	-0.799	-0.733	-0.391	-0.604	-0.249	-0.480	-0.619	-0.727	-0.727	-0.620	-0.726	-0.640	-0.717	-0.628	-0.636	-0.566	-0.709	-0.706	-0.706	-0.662	-0.704	-0.662	-0.699	-0.591	-0.681	-0.675	-0.668	-0.777	-0.795	-0.774	-0.770	-0.799	-0.798	-0.678	-0.755	-0.782	-0.636	-0.707	-0.706	-0.589	-0.669	-0.762	-0.772	-0.773	-0.712	-0.706	-0.114	-0.805	-0.806	-0.809	-0.807	-0.754	-0.487	-0.528	-0.762	-0.534	-0.472	-0.468	-0.474	-0.697	-0.656	-0.540	-0.461	-0.478	-0.355	-0.397	-0.469	-0.292	-0.682	-0.698	-0.397	-0.710	-0.467	-0.712	-0.748	-0.593	-0.590	-0.594	-0.347	+0.299	+0.299	-0.639	-0.648	
rs13168912     -0.484	-0.379	-0.394	-0.395	-0.395	-0.393	-0.388	-0.392	-0.387	-0.383	-0.287	-0.387	-0.387	-0.388	-0.388	-0.388	-0.389	-0.391	-0.396	-0.400	-0.401	-0.611	-0.466	-0.604	-0.466	-0.468	-0.481	-0.758	+0.072	-0.050	-0.264	-0.058	-0.542	-0.404	-0.389	-0.332	-0.225	-0.321	-0.530	-0.546	-0.322	-0.628	-0.628	-0.628	-0.627	-0.620	-0.050	-0.632	-0.637	-0.644	-0.300	-0.416	-0.402	-0.450	-0.552	-0.344	-0.356	-0.347	-0.420	-0.335	-0.338	-0.395	-0.558	-0.563	-0.557	-0.360	-0.365	-0.279	-0.024	-0.250	-0.582	-0.356	-0.075	-0.530	-0.446	-0.535	-0.516	-0.491	-0.501	-0.741	-0.591	-0.799	-0.760	-0.808	-0.591	-0.807	-0.806	-0.727	-0.807	-0.741	-0.400	-0.611	-0.257	-0.487	-0.626	-0.735	-0.735	-0.628	-0.734	-0.648	-0.725	-0.636	-0.643	-0.573	-0.718	-0.714	-0.715	-0.671	-0.712	-0.671	-0.707	-0.600	-0.690	-0.684	-0.676	-0.785	-0.803	-0.782	-0.778	-0.807	-0.806	-0.686	-0.763	-0.791	-0.645	-0.716	-0.714	-0.596	-0.677	-0.770	-0.780	-0.782	-0.720	-0.714	-0.123	-0.813	-0.814	-0.817	-0.815	-0.762	-0.495	-0.536	-0.770	-0.543	-0.480	-0.476	-0.482	-0.705	-0.664	-0.548	-0.469	-0.486	-0.364	-0.406	-0.478	-0.301	-0.690	-0.707	-0.406	-0.719	-0.476	-0.720	-0.756	-0.600	-0.598	-0.602	-0.356	+0.289	+0.288	-0.647	-0.657	
rs34546912     -0.485	-0.379	-0.395	-0.395	-0.395	-0.393	-0.388	-0.393	-0.387	-0.383	-0.387	-0.288	-0.387	-0.388	-0.388	-0.388	-0.389	-0.391	-0.396	-0.400	-0.401	-0.612	-0.466	-0.604	-0.467	-0.468	-0.481	-0.758	+0.072	-0.050	-0.264	-0.058	-0.543	-0.404	-0.389	-0.332	-0.225	-0.322	-0.530	-0.546	-0.322	-0.629	-0.629	-0.628	-0.628	-0.621	-0.051	-0.632	-0.638	-0.644	-0.300	-0.416	-0.403	-0.451	-0.552	-0.344	-0.356	-0.347	-0.420	-0.335	-0.338	-0.395	-0.558	-0.563	-0.557	-0.360	-0.365	-0.279	-0.024	-0.250	-0.582	-0.356	-0.075	-0.530	-0.446	-0.535	-0.516	-0.491	-0.501	-0.741	-0.591	-0.799	-0.760	-0.808	-0.591	-0.807	-0.806	-0.727	-0.807	-0.741	-0.400	-0.611	-0.258	-0.487	-0.627	-0.736	-0.735	-0.628	-0.734	-0.648	-0.725	-0.636	-0.643	-0.574	-0.718	-0.715	-0.715	-0.671	-0.713	-0.671	-0.707	-0.600	-0.690	-0.684	-0.676	-0.785	-0.803	-0.782	-0.778	-0.808	-0.806	-0.686	-0.763	-0.791	-0.645	-0.716	-0.714	-0.596	-0.677	-0.770	-0.780	-0.782	-0.720	-0.714	-0.124	-0.813	-0.814	-0.817	-0.815	-0.762	-0.495	-0.536	-0.770	-0.543	-0.480	-0.476	-0.483	-0.706	-0.665	-0.548	-0.469	-0.487	-0.364	-0.406	-0.478	-0.301	-0.690	-0.707	-0.406	-0.719	-0.477	-0.721	-0.756	-0.601	-0.598	-0.602	-0.357	+0.289	+0.288	-0.647	-0.657	
rs35371171     -0.485	-0.379	-0.395	-0.395	-0.395	-0.393	-0.388	-0.393	-0.387	-0.383	-0.387	-0.387	-0.287	-0.388	-0.388	-0.388	-0.389	-0.391	-0.396	-0.400	-0.401	-0.612	-0.466	-0.604	-0.466	-0.468	-0.481	-0.758	+0.072	-0.050	-0.264	-0.058	-0.542	-0.404	-0.389	-0.332	-0.225	-0.322	-0.530	-0.546	-0.322	-0.629	-0.629	-0.628	-0.628	-0.621	-0.051	-0.632	-0.638	-0.644	-0.300	-0.416	-0.402	-0.450	-0.552	-0.344	-0.356	-0.347	-0.420	-0.335	-0.338	-0.395	-0.558	-0.563	-0.557	-0.360	-0.365	-0.279	-0.024	-0.250	-0.582	-0.356	-0.075	-0.530	-0.446	-0.535	-0.516	-0.491	-0.501	-0.741	-0.591	-0.799	-0.760	-0.808	-0.591	-0.807	-0.806	-0.727	-0.807	-0.741	-0.400	-0.611	-0.257	-0.487	-0.627	-0.736	-0.735	-0.628	-0.734	-0.648	-0.725	-0.636	-0.643	-0.574	-0.718	-0.715	-0.715	-0.671	-0.713	-0.671	-0.707	-0.600	-0.690	-0.684	-0.676	-0.785	-0.803	-0.782	-0.778	-0.808	-0.806	-0.686	-0.763	-0.791	-0.645	-0.716	-0.714	-0.596	-0.677	-0.770	-0.780	-0.782	-0.720	-0.714	-0.124	-0.813	-0.814	-0.817	-0.815	-0.762	-0.495	-0.536	-0.770	-0.543	-0.480	-0.476	-0.483	-0.705	-0.665	-0.548	-0.469	-0.487	-0.364	-0.406	-0.478	-0.301	-0.690	-0.707	-0.406	-0.719	-0.477	-0.721	-0.756	-0.601	-0.598	-0.602	-0.357	+0.289	+0.288	-0.647	-0.657	
rs148946067    -0.485	-0.379	-0.396	-0.397	-0.397	-0.394	-0.389	-0.393	-0.387	-0.383	-0.388	-0.388	-0.388	-0.288	-0.388	-0.388	-0.389	-0.391	-0.396	-0.400	-0.401	-0.612	-0.467	-0.605	-0.467	-0.468	-0.481	-0.758	+0.072	-0.051	-0.265	-0.059	-0.543	-0.405	-0.390	-0.333	-0.226	-0.322	-0.531	-0.547	-0.322	-0.629	-0.629	-0.629	-0.628	-0.622	-0.051	-0.633	-0.639	-0.645	-0.301	-0.416	-0.403	-0.451	-0.553	-0.345	-0.357	-0.348	-0.420	-0.336	-0.339	-0.395	-0.559	-0.564	-0.558	-0.361	-0.365	-0.280	-0.025	-0.251	-0.582	-0.357	-0.076	-0.530	-0.447	-0.535	-0.517	-0.492	-0.502	-0.742	-0.592	-0.800	-0.761	-0.809	-0.592	-0.808	-0.807	-0.728	-0.808	-0.742	-0.401	-0.612	-0.258	-0.487	-0.627	-0.736	-0.736	-0.628	-0.735	-0.649	-0.726	-0.637	-0.644	-0.574	-0.719	-0.715	-0.716	-0.672	-0.713	-0.672	-0.708	-0.601	-0.691	-0.685	-0.677	-0.786	-0.804	-0.783	-0.779	-0.808	-0.807	-0.687	-0.764	-0.792	-0.646	-0.717	-0.715	-0.596	-0.678	-0.771	-0.781	-0.782	-0.721	-0.715	-0.125	-0.814	-0.815	-0.817	-0.816	-0.763	-0.496	-0.537	-0.771	-0.543	-0.481	-0.477	-0.483	-0.706	-0.665	-0.549	-0.470	-0.488	-0.365	-0.407	-0.479	-0.302	-0.691	-0.707	-0.407	-0.720	-0.477	-0.721	-0.757	-0.601	-0.599	-0.603	-0.357	+0.288	+0.287	-0.648	-0.658	
rs8180512      -0.485	-0.379	-0.397	-0.397	-0.397	-0.394	-0.389	-0.394	-0.388	-0.384	-0.388	-0.388	-0.388	-0.388	-0.289	-0.388	-0.389	-0.391	-0.397	-0.400	-0.401	-0.613	-0.467	-0.605	-0.467	-0.469	-0.481	-0.759	+0.071	-0.052	-0.266	-0.059	-0.544	-0.405	-0.390	-0.333	-0.226	-0.322	-0.532	-0.547	-0.323	-0.630	-0.630	-0.629	-0.629	-0.622	-0.051	-0.633	-0.639	-0.645	-0.301	-0.417	-0.403	-0.452	-0.553	-0.345	-0.357	-0.348	-0.421	-0.336	-0.339	-0.396	-0.559	-0.564	-0.559	-0.362	-0.366	-0.281	-0.025	-0.251	-0.583	-0.357	-0.076	-0.531	-0.447	-0.536	-0.517	-0.492	-0.502	-0.743	-0.592	-0.800	-0.761	-0.809	-0.592	-0.808	-0.807	-0.728	-0.808	-0.742	-0.401	-0.612	-0.259	-0.488	-0.628	-0.737	-0.736	-0.629	-0.735	-0.649	-0.726	-0.637	-0.644	-0.574	-0.719	-0.716	-0.716	-0.672	-0.714	-0.672	-0.708	-0.601	-0.691	-0.685	-0.677	-0.786	-0.804	-0.783	-0.779	-0.809	-0.807	-0.687	-0.764	-0.792	-0.646	-0.717	-0.715	-0.597	-0.678	-0.772	-0.781	-0.783	-0.721	-0.715	-0.125	-0.814	-0.815	-0.818	-0.816	-0.763	-0.496	-0.537	-0.771	-0.544	-0.481	-0.477	-0.484	-0.707	-0.666	-0.549	-0.470	-0.488	-0.365	-0.408	-0.479	-0.303	-0.691	-0.708	-0.408	-0.720	-0.478	-0.722	-0.757	-0.602	-0.599	-0.603	-0.358	+0.287	+0.287	-0.648	-0.658	
rs7444015      -0.486	-0.379	-0.397	-0.397	-0.398	-0.394	-0.389	-0.394	-0.388	-0.384	-0.388	-0.388	-0.388	-0.388	-0.388	-0.289	-0.389	-0.391	-0.397	-0.400	-0.401	-0.613	-0.467	-0.605	-0.467	-0.469	-0.482	-0.759	+0.071	-0.052	-0.266	-0.059	-0.544	-0.405	-0.390	-0.333	-0.226	-0.322	-0.532	-0.547	-0.323	-0.630	-0.630	-0.629	-0.629	-0.622	-0.051	-0.633	-0.639	-0.645	-0.301	-0.417	-0.403	-0.452	-0.553	-0.345	-0.357	-0.348	-0.421	-0.336	-0.339	-0.396	-0.559	-0.564	-0.559	-0.362	-0.366	-0.281	-0.025	-0.251	-0.583	-0.357	-0.076	-0.531	-0.447	-0.536	-0.517	-0.493	-0.502	-0.743	-0.592	-0.801	-0.762	-0.809	-0.592	-0.808	-0.808	-0.728	-0.808	-0.742	-0.401	-0.612	-0.259	-0.488	-0.628	-0.737	-0.736	-0.629	-0.735	-0.649	-0.726	-0.637	-0.644	-0.575	-0.719	-0.716	-0.716	-0.672	-0.714	-0.672	-0.709	-0.601	-0.691	-0.685	-0.678	-0.786	-0.804	-0.783	-0.779	-0.809	-0.807	-0.687	-0.765	-0.792	-0.646	-0.717	-0.715	-0.597	-0.678	-0.772	-0.781	-0.783	-0.721	-0.715	-0.125	-0.814	-0.816	-0.818	-0.816	-0.763	-0.496	-0.537	-0.771	-0.544	-0.481	-0.477	-0.484	-0.707	-0.666	-0.549	-0.470	-0.488	-0.365	-0.408	-0.479	-0.303	-0.691	-0.708	-0.408	-0.720	-0.478	-0.722	-0.757	-0.602	-0.599	-0.603	-0.358	+0.287	+0.287	-0.648	-0.658	
rs66584056     -0.486	-0.379	-0.399	-0.399	-0.399	-0.395	-0.390	-0.395	-0.388	-0.384	-0.389	-0.389	-0.389	-0.389	-0.389	-0.389	-0.289	-0.391	-0.397	-0.400	-0.401	-0.613	-0.468	-0.606	-0.468	-0.469	-0.482	-0.760	+0.071	-0.053	-0.267	-0.060	-0.545	-0.405	-0.391	-0.333	-0.226	-0.323	-0.533	-0.548	-0.323	-0.631	-0.631	-0.630	-0.630	-0.623	-0.052	-0.634	-0.640	-0.646	-0.302	-0.417	-0.404	-0.453	-0.554	-0.346	-0.358	-0.349	-0.421	-0.336	-0.339	-0.396	-0.560	-0.565	-0.559	-0.363	-0.366	-0.282	-0.025	-0.252	-0.583	-0.358	-0.076	-0.532	-0.448	-0.537	-0.518	-0.493	-0.503	-0.743	-0.593	-0.801	-0.762	-0.810	-0.593	-0.809	-0.808	-0.729	-0.809	-0.743	-0.402	-0.613	-0.259	-0.488	-0.628	-0.737	-0.737	-0.629	-0.736	-0.650	-0.727	-0.638	-0.645	-0.575	-0.720	-0.716	-0.717	-0.673	-0.715	-0.673	-0.709	-0.602	-0.692	-0.686	-0.678	-0.787	-0.805	-0.784	-0.780	-0.809	-0.808	-0.688	-0.765	-0.793	-0.647	-0.718	-0.716	-0.597	-0.679	-0.772	-0.782	-0.784	-0.722	-0.716	-0.126	-0.815	-0.816	-0.819	-0.817	-0.764	-0.497	-0.538	-0.772	-0.545	-0.482	-0.478	-0.484	-0.707	-0.666	-0.550	-0.471	-0.489	-0.366	-0.409	-0.480	-0.303	-0.692	-0.709	-0.408	-0.721	-0.479	-0.722	-0.758	-0.603	-0.600	-0.604	-0.359	+0.286	+0.286	-0.649	-0.659	
rs12188176     -0.489	-0.379	-0.404	-0.404	-0.404	-0.398	-0.392	-0.398	-0.390	-0.385	-0.391	-0.391	-0.391	-0.391	-0.391	-0.391	-0.391	-0.293	-0.400	-0.403	-0.402	-0.617	-0.472	-0.610	-0.472	-0.474	-0.484	-0.763	+0.070	-0.057	-0.271	-0.064	-0.548	-0.408	-0.393	-0.336	-0.229	-0.325	-0.536	-0.552	-0.326	-0.635	-0.634	-0.634	-0.633	-0.627	-0.054	-0.638	-0.644	-0.650	-0.304	-0.420	-0.406	-0.457	-0.558	-0.348	-0.360	-0.351	-0.424	-0.339	-0.342	-0.399	-0.564	-0.569	-0.563	-0.367	-0.369	-0.285	-0.028	-0.254	-0.585	-0.360	-0.077	-0.535	-0.450	-0.540	-0.521	-0.496	-0.506	-0.747	-0.596	-0.804	-0.766	-0.813	-0.596	-0.812	-0.812	-0.732	-0.812	-0.746	-0.405	-0.616	-0.263	-0.491	-0.631	-0.741	-0.740	-0.632	-0.739	-0.653	-0.730	-0.641	-0.648	-0.578	-0.723	-0.720	-0.720	-0.677	-0.718	-0.677	-0.713	-0.605	-0.696	-0.690	-0.682	-0.791	-0.808	-0.787	-0.784	-0.813	-0.811	-0.691	-0.769	-0.796	-0.651	-0.722	-0.719	-0.600	-0.682	-0.776	-0.785	-0.787	-0.725	-0.719	-0.130	-0.818	-0.820	-0.822	-0.820	-0.767	-0.500	-0.541	-0.775	-0.548	-0.485	-0.481	-0.488	-0.711	-0.670	-0.553	-0.474	-0.492	-0.370	-0.412	-0.484	-0.307	-0.695	-0.712	-0.412	-0.724	-0.482	-0.726	-0.762	-0.606	-0.603	-0.607	-0.362	+0.282	+0.282	-0.653	-0.662	
rs66702892     -0.499	-0.379	-0.422	-0.422	-0.421	-0.407	-0.398	-0.407	-0.395	-0.389	-0.396	-0.396	-0.396	-0.396	-0.397	-0.397	-0.397	-0.400	-0.307	-0.414	-0.407	-0.631	-0.488	-0.625	-0.488	-0.489	-0.492	-0.774	+0.067	-0.071	-0.285	-0.079	-0.561	-0.416	-0.401	-0.344	-0.236	-0.334	-0.550	-0.566	-0.334	-0.648	-0.648	-0.647	-0.647	-0.640	-0.063	-0.652	-0.657	-0.663	-0.313	-0.429	-0.415	-0.471	-0.572	-0.357	-0.369	-0.360	-0.433	-0.348	-0.351	-0.408	-0.577	-0.583	-0.577	-0.381	-0.378	-0.300	-0.036	-0.262	-0.592	-0.369	-0.082	-0.547	-0.460	-0.552	-0.533	-0.508	-0.517	-0.759	-0.607	-0.816	-0.777	-0.826	-0.606	-0.825	-0.824	-0.744	-0.825	-0.758	-0.418	-0.626	-0.276	-0.500	-0.642	-0.753	-0.752	-0.643	-0.751	-0.664	-0.742	-0.651	-0.659	-0.589	-0.736	-0.733	-0.733	-0.690	-0.731	-0.690	-0.726	-0.617	-0.709	-0.703	-0.694	-0.803	-0.820	-0.800	-0.796	-0.825	-0.823	-0.704	-0.781	-0.809	-0.664	-0.735	-0.732	-0.611	-0.693	-0.789	-0.798	-0.799	-0.737	-0.730	-0.144	-0.831	-0.832	-0.834	-0.832	-0.780	-0.513	-0.554	-0.787	-0.560	-0.497	-0.493	-0.500	-0.723	-0.682	-0.566	-0.486	-0.506	-0.384	-0.426	-0.497	-0.321	-0.707	-0.724	-0.426	-0.736	-0.496	-0.738	-0.774	-0.618	-0.615	-0.619	-0.375	+0.267	+0.266	-0.665	-0.675	
rs72730786     -0.506	-0.377	-0.433	-0.432	-0.432	-0.413	-0.401	-0.413	-0.398	-0.391	-0.400	-0.400	-0.400	-0.400	-0.400	-0.400	-0.400	-0.403	-0.414	-0.316	-0.406	-0.640	-0.497	-0.634	-0.497	-0.498	-0.496	-0.782	+0.066	-0.082	-0.296	-0.089	-0.570	-0.422	-0.407	-0.350	-0.241	-0.340	-0.560	-0.575	-0.340	-0.658	-0.658	-0.657	-0.657	-0.650	-0.069	-0.661	-0.667	-0.673	-0.318	-0.435	-0.421	-0.481	-0.581	-0.363	-0.375	-0.366	-0.439	-0.353	-0.356	-0.414	-0.587	-0.592	-0.587	-0.392	-0.384	-0.310	-0.042	-0.268	-0.597	-0.375	-0.084	-0.556	-0.466	-0.561	-0.541	-0.516	-0.525	-0.767	-0.614	-0.824	-0.786	-0.834	-0.614	-0.833	-0.833	-0.752	-0.833	-0.766	-0.426	-0.634	-0.284	-0.507	-0.649	-0.761	-0.760	-0.651	-0.759	-0.671	-0.750	-0.659	-0.666	-0.596	-0.745	-0.742	-0.742	-0.699	-0.740	-0.699	-0.734	-0.626	-0.718	-0.712	-0.702	-0.811	-0.828	-0.808	-0.805	-0.833	-0.831	-0.712	-0.790	-0.818	-0.674	-0.744	-0.740	-0.618	-0.701	-0.797	-0.806	-0.808	-0.745	-0.738	-0.154	-0.839	-0.840	-0.842	-0.841	-0.788	-0.521	-0.562	-0.795	-0.569	-0.506	-0.502	-0.508	-0.731	-0.690	-0.574	-0.495	-0.515	-0.393	-0.435	-0.507	-0.330	-0.716	-0.733	-0.435	-0.745	-0.506	-0.746	-0.782	-0.626	-0.624	-0.627	-0.385	+0.256	+0.255	-0.674	-0.684	
rs72730787     -0.491	-0.379	-0.420	-0.420	-0.420	-0.409	-0.402	-0.409	-0.400	-0.395	-0.401	-0.401	-0.401	-0.401	-0.401	-0.401	-0.401	-0.402	-0.407	-0.406	-0.297	-0.619	-0.470	-0.612	-0.470	-0.471	-0.483	-0.766	+0.071	-0.062	-0.276	-0.069	-0.552	-0.411	-0.396	-0.339	-0.231	-0.328	-0.541	-0.556	-0.329	-0.639	-0.639	-0.638	-0.638	-0.631	-0.058	-0.642	-0.648	-0.654	-0.307	-0.423	-0.409	-0.461	-0.562	-0.351	-0.363	-0.354	-0.427	-0.342	-0.345	-0.402	-0.568	-0.573	-0.567	-0.371	-0.372	-0.290	-0.031	-0.257	-0.586	-0.363	-0.078	-0.538	-0.454	-0.544	-0.525	-0.500	-0.509	-0.750	-0.600	-0.808	-0.769	-0.817	-0.600	-0.816	-0.815	-0.736	-0.816	-0.750	-0.409	-0.619	-0.267	-0.493	-0.635	-0.744	-0.743	-0.636	-0.742	-0.657	-0.733	-0.644	-0.652	-0.581	-0.727	-0.723	-0.724	-0.680	-0.721	-0.680	-0.716	-0.609	-0.699	-0.693	-0.685	-0.794	-0.812	-0.791	-0.787	-0.816	-0.815	-0.695	-0.772	-0.800	-0.654	-0.725	-0.723	-0.603	-0.685	-0.779	-0.789	-0.790	-0.729	-0.722	-0.134	-0.822	-0.823	-0.825	-0.824	-0.771	-0.504	-0.545	-0.779	-0.552	-0.489	-0.485	-0.491	-0.714	-0.673	-0.557	-0.478	-0.496	-0.374	-0.416	-0.488	-0.311	-0.699	-0.715	-0.417	-0.728	-0.487	-0.729	-0.765	-0.609	-0.607	-0.610	-0.366	+0.277	+0.277	-0.656	-0.666	
rs2562534      -0.631	-0.390	-0.653	-0.652	-0.651	-0.624	-0.611	-0.624	-0.608	-0.602	-0.611	-0.612	-0.612	-0.612	-0.613	-0.613	-0.613	-0.617	-0.631	-0.640	-0.619	-0.508	-0.714	-0.635	-0.716	-0.714	-0.609	-0.941	+0.048	-0.291	-0.538	-0.300	-0.757	-0.529	-0.514	-0.460	-0.335	-0.449	-0.759	-0.773	-0.450	-0.872	-0.872	-0.872	-0.872	-0.866	-0.176	-0.875	-0.882	-0.885	-0.427	-0.549	-0.535	-0.683	-0.779	-0.474	-0.486	-0.477	-0.554	-0.464	-0.467	-0.528	-0.785	-0.789	-0.784	-0.601	-0.496	-0.515	-0.147	-0.376	-0.678	-0.488	-0.158	-0.700	-0.586	-0.724	-0.697	-0.667	-0.679	-0.936	-0.758	-0.989	-0.954	-1.010	-0.756	-1.009	-1.009	-0.920	-1.009	-0.934	-0.602	-0.778	-0.461	-0.633	-0.795	-0.929	-0.928	-0.796	-0.927	-0.821	-0.917	-0.805	-0.814	-0.741	-0.929	-0.926	-0.926	-0.891	-0.924	-0.891	-0.919	-0.796	-0.908	-0.902	-0.876	-0.988	-0.997	-0.985	-0.982	-1.003	-1.000	-0.889	-0.974	-1.003	-0.879	-0.936	-0.918	-0.758	-0.854	-0.983	-0.983	-0.986	-0.902	-0.894	-0.375	-1.012	-1.011	-1.014	-1.013	-0.962	-0.695	-0.739	-0.967	-0.745	-0.680	-0.676	-0.683	-0.904	-0.862	-0.750	-0.669	-0.708	-0.592	-0.632	-0.701	-0.528	-0.889	-0.907	-0.629	-0.919	-0.703	-0.921	-0.957	-0.796	-0.794	-0.797	-0.574	+0.026	+0.025	-0.856	-0.865	
rs13166425     -0.561	-0.364	-0.518	-0.516	-0.516	-0.483	-0.467	-0.482	-0.462	-0.454	-0.466	-0.466	-0.466	-0.467	-0.467	-0.467	-0.468	-0.472	-0.488	-0.497	-0.470	-0.714	-0.404	-0.714	-0.520	-0.520	-0.424	-0.853	+0.080	-0.193	-0.406	-0.200	-0.664	-0.456	-0.440	-0.386	-0.266	-0.375	-0.662	-0.677	-0.375	-0.758	-0.758	-0.757	-0.757	-0.751	-0.101	-0.761	-0.767	-0.772	-0.353	-0.474	-0.459	-0.586	-0.682	-0.399	-0.412	-0.402	-0.478	-0.389	-0.393	-0.452	-0.688	-0.693	-0.687	-0.503	-0.421	-0.420	-0.073	-0.301	-0.627	-0.412	-0.082	-0.634	-0.509	-0.641	-0.603	-0.573	-0.584	-0.842	-0.674	-0.899	-0.861	-0.912	-0.672	-0.911	-0.911	-0.826	-0.911	-0.841	-0.485	-0.694	-0.339	-0.547	-0.710	-0.835	-0.834	-0.711	-0.833	-0.735	-0.823	-0.720	-0.728	-0.656	-0.828	-0.825	-0.825	-0.784	-0.823	-0.784	-0.818	-0.692	-0.802	-0.796	-0.775	-0.891	-0.905	-0.889	-0.885	-0.911	-0.908	-0.792	-0.877	-0.904	-0.773	-0.836	-0.821	-0.675	-0.768	-0.883	-0.887	-0.890	-0.815	-0.808	-0.265	-0.919	-0.919	-0.922	-0.920	-0.868	-0.596	-0.639	-0.874	-0.645	-0.583	-0.579	-0.585	-0.809	-0.767	-0.651	-0.572	-0.601	-0.480	-0.522	-0.593	-0.420	-0.794	-0.814	-0.522	-0.826	-0.593	-0.826	-0.863	-0.702	-0.699	-0.703	-0.468	+0.153	+0.153	-0.760	-0.769	
rs2731888      -0.640	-0.370	-0.648	-0.646	-0.646	-0.618	-0.604	-0.617	-0.600	-0.594	-0.604	-0.604	-0.604	-0.605	-0.605	-0.605	-0.606	-0.610	-0.625	-0.634	-0.612	-0.635	-0.714	-0.517	-0.716	-0.714	-0.601	-0.948	+0.061	-0.304	-0.545	-0.312	-0.768	-0.530	-0.514	-0.461	-0.340	-0.450	-0.771	-0.785	-0.450	-0.881	-0.881	-0.881	-0.880	-0.875	-0.177	-0.884	-0.891	-0.894	-0.428	-0.551	-0.536	-0.696	-0.791	-0.475	-0.488	-0.478	-0.556	-0.465	-0.469	-0.530	-0.796	-0.801	-0.796	-0.615	-0.497	-0.529	-0.148	-0.377	-0.673	-0.489	-0.158	-0.713	-0.589	-0.734	-0.706	-0.676	-0.688	-0.944	-0.763	-0.997	-0.963	-1.018	-0.761	-1.018	-1.018	-0.928	-1.018	-0.942	-0.612	-0.783	-0.470	-0.634	-0.800	-0.937	-0.936	-0.802	-0.935	-0.826	-0.925	-0.811	-0.819	-0.747	-0.939	-0.936	-0.936	-0.902	-0.934	-0.903	-0.930	-0.805	-0.919	-0.914	-0.885	-0.996	-1.005	-0.994	-0.992	-1.012	-1.009	-0.898	-0.983	-1.012	-0.889	-0.945	-0.927	-0.763	-0.861	-0.992	-0.991	-0.994	-0.910	-0.902	-0.384	-1.020	-1.019	-1.023	-1.021	-0.971	-0.703	-0.747	-0.975	-0.753	-0.687	-0.683	-0.690	-0.912	-0.870	-0.759	-0.677	-0.719	-0.603	-0.643	-0.711	-0.538	-0.897	-0.916	-0.641	-0.928	-0.714	-0.929	-0.965	-0.804	-0.802	-0.805	-0.584	+0.013	+0.012	-0.865	-0.874	
rs35659611     -0.562	-0.363	-0.518	-0.517	-0.516	-0.483	-0.467	-0.482	-0.462	-0.454	-0.466	-0.467	-0.466	-0.467	-0.467	-0.467	-0.468	-0.472	-0.488	-0.497	-0.470	-0.716	-0.520	-0.716	-0.407	-0.517	-0.419	-0.855	+0.080	-0.196	-0.409	-0.204	-0.667	-0.457	-0.442	-0.387	-0.267	-0.376	-0.665	-0.679	-0.376	-0.761	-0.761	-0.760	-0.760	-0.753	-0.103	-0.764	-0.770	-0.774	-0.354	-0.475	-0.461	-0.589	-0.685	-0.400	-0.413	-0.403	-0.480	-0.391	-0.394	-0.454	-0.691	-0.695	-0.690	-0.506	-0.422	-0.423	-0.074	-0.303	-0.628	-0.414	-0.082	-0.636	-0.510	-0.644	-0.605	-0.575	-0.587	-0.844	-0.675	-0.901	-0.863	-0.914	-0.674	-0.914	-0.913	-0.828	-0.914	-0.843	-0.488	-0.695	-0.342	-0.548	-0.712	-0.837	-0.837	-0.713	-0.835	-0.737	-0.826	-0.722	-0.730	-0.658	-0.830	-0.827	-0.828	-0.786	-0.825	-0.787	-0.820	-0.694	-0.805	-0.799	-0.778	-0.894	-0.908	-0.891	-0.888	-0.913	-0.911	-0.795	-0.879	-0.907	-0.776	-0.838	-0.823	-0.676	-0.770	-0.886	-0.890	-0.892	-0.817	-0.810	-0.268	-0.921	-0.921	-0.924	-0.922	-0.871	-0.598	-0.641	-0.876	-0.648	-0.585	-0.581	-0.588	-0.812	-0.770	-0.654	-0.574	-0.603	-0.483	-0.525	-0.596	-0.423	-0.796	-0.816	-0.525	-0.828	-0.596	-0.828	-0.866	-0.704	-0.702	-0.705	-0.471	+0.150	+0.149	-0.762	-0.772	
rs55959609     -0.561	-0.365	-0.519	-0.518	-0.517	-0.484	-0.468	-0.484	-0.464	-0.456	-0.468	-0.468	-0.468	-0.468	-0.469	-0.469	-0.469	-0.474	-0.489	-0.498	-0.471	-0.714	-0.520	-0.714	-0.517	-0.404	-0.419	-0.853	+0.081	-0.193	-0.407	-0.201	-0.665	-0.456	-0.441	-0.386	-0.266	-0.375	-0.663	-0.677	-0.375	-0.758	-0.758	-0.758	-0.757	-0.751	-0.102	-0.762	-0.768	-0.772	-0.353	-0.474	-0.460	-0.586	-0.683	-0.399	-0.412	-0.402	-0.478	-0.389	-0.393	-0.453	-0.688	-0.693	-0.688	-0.504	-0.421	-0.420	-0.073	-0.301	-0.627	-0.413	-0.081	-0.635	-0.509	-0.642	-0.603	-0.573	-0.585	-0.843	-0.674	-0.899	-0.861	-0.912	-0.673	-0.912	-0.911	-0.826	-0.912	-0.841	-0.486	-0.694	-0.339	-0.547	-0.711	-0.835	-0.835	-0.712	-0.833	-0.735	-0.824	-0.721	-0.729	-0.656	-0.828	-0.825	-0.825	-0.784	-0.823	-0.784	-0.818	-0.692	-0.802	-0.796	-0.776	-0.892	-0.906	-0.889	-0.886	-0.911	-0.909	-0.793	-0.877	-0.905	-0.773	-0.836	-0.821	-0.675	-0.768	-0.884	-0.888	-0.890	-0.815	-0.808	-0.266	-0.919	-0.919	-0.922	-0.920	-0.869	-0.596	-0.639	-0.874	-0.646	-0.583	-0.579	-0.586	-0.810	-0.768	-0.652	-0.572	-0.601	-0.481	-0.523	-0.593	-0.421	-0.794	-0.814	-0.523	-0.826	-0.594	-0.827	-0.864	-0.702	-0.700	-0.704	-0.469	+0.153	+0.152	-0.760	-0.770	
rs2731891      -0.477	-0.398	-0.506	-0.506	-0.505	-0.489	-0.481	-0.489	-0.479	-0.474	-0.481	-0.481	-0.481	-0.481	-0.481	-0.482	-0.482	-0.484	-0.492	-0.496	-0.483	-0.609	-0.424	-0.601	-0.419	-0.419	-0.289	-0.760	+0.099	-0.047	-0.266	-0.056	-0.548	-0.392	-0.378	-0.320	-0.210	-0.310	-0.537	-0.552	-0.310	-0.636	-0.636	-0.636	-0.635	-0.629	-0.039	-0.640	-0.646	-0.651	-0.288	-0.406	-0.392	-0.466	-0.558	-0.333	-0.345	-0.336	-0.410	-0.324	-0.327	-0.385	-0.564	-0.570	-0.564	-0.379	-0.354	-0.299	-0.012	-0.242	-0.572	-0.345	-0.053	-0.537	-0.437	-0.541	-0.499	-0.469	-0.480	-0.744	-0.588	-0.803	-0.763	-0.808	-0.587	-0.807	-0.806	-0.729	-0.807	-0.743	-0.368	-0.607	-0.218	-0.479	-0.623	-0.737	-0.736	-0.624	-0.735	-0.646	-0.726	-0.633	-0.640	-0.568	-0.713	-0.709	-0.709	-0.661	-0.707	-0.661	-0.701	-0.582	-0.681	-0.675	-0.668	-0.785	-0.807	-0.782	-0.777	-0.812	-0.810	-0.688	-0.768	-0.796	-0.651	-0.722	-0.717	-0.594	-0.679	-0.775	-0.785	-0.786	-0.723	-0.716	-0.157	-0.818	-0.819	-0.821	-0.820	-0.766	-0.485	-0.529	-0.776	-0.536	-0.478	-0.474	-0.481	-0.709	-0.668	-0.542	-0.467	-0.484	-0.359	-0.402	-0.475	-0.306	-0.693	-0.714	-0.401	-0.724	-0.473	-0.725	-0.762	-0.604	-0.602	-0.605	-0.354	+0.288	+0.287	-0.655	-0.664	
rs62354588     -0.534	-0.634	-0.790	-0.789	-0.789	-0.768	-0.757	-0.767	-0.755	-0.750	-0.758	-0.758	-0.758	-0.758	-0.759	-0.759	-0.760	-0.763	-0.774	-0.782	-0.766	-0.941	-0.853	-0.948	-0.855	-0.853	-0.760	-0.580	-0.072	-0.413	-0.620	-0.420	-0.850	-0.557	-0.539	-0.486	-0.337	-0.474	-0.859	-0.871	-0.475	-0.947	-0.947	-0.947	-0.947	-0.941	-0.129	-0.950	-0.957	-0.959	-0.449	-0.588	-0.573	-0.794	-0.876	-0.502	-0.516	-0.505	-0.594	-0.491	-0.495	-0.562	-0.881	-0.886	-0.881	-0.723	-0.527	-0.638	-0.080	-0.379	-0.797	-0.518	-0.222	-0.803	-0.619	-0.808	-0.776	-0.749	-0.759	-0.971	-0.831	-1.058	-0.999	-1.074	-0.831	-1.074	-1.073	-0.959	-1.074	-0.976	-0.696	-0.853	-0.560	-0.718	-0.869	-0.970	-0.969	-0.871	-0.968	-0.892	-0.956	-0.879	-0.887	-0.819	-0.975	-0.971	-0.971	-0.939	-0.969	-0.939	-0.963	-0.876	-0.954	-0.948	-0.950	-1.045	-1.064	-1.042	-1.038	-1.069	-1.067	-0.958	-1.025	-1.065	-0.938	-0.992	-0.985	-0.831	-0.928	-1.045	-1.047	-1.050	-0.975	-0.967	-0.430	-1.079	-1.079	-1.082	-1.080	-1.029	-0.758	-0.799	-1.036	-0.806	-0.744	-0.741	-0.748	-0.972	-0.929	-0.812	-0.735	-0.779	-0.661	-0.702	-0.770	-0.603	-0.957	-0.975	-0.706	-0.986	-0.773	-0.988	-1.025	-0.864	-0.861	-0.865	-0.643	-0.056	-0.057	-0.928	-0.937	
rs9292633      +0.581	+0.099	+0.062	+0.062	+0.062	+0.068	+0.072	+0.068	+0.073	+0.075	+0.072	+0.072	+0.072	+0.072	+0.071	+0.071	+0.071	+0.070	+0.067	+0.066	+0.071	+0.048	+0.080	+0.061	+0.080	+0.081	+0.099	-0.072	+0.419	+0.148	+0.059	+0.144	+0.334	-0.014	-0.008	+0.014	+0.115	+0.018	+0.320	+0.299	+0.018	+0.058	+0.058	+0.059	+0.059	+0.067	+0.239	+0.055	+0.052	+0.043	+0.029	-0.018	-0.013	+0.575	+0.292	+0.008	+0.002	+0.006	-0.020	+0.012	+0.011	-0.014	+0.282	+0.275	+0.284	+0.740	-0.001	+0.847	+0.240	+0.087	+0.042	+0.005	+0.577	+0.463	-0.027	+0.328	+0.136	+0.143	+0.140	+0.125	-0.042	-0.086	+0.130	+0.009	-0.045	+0.015	+0.020	+0.211	+0.015	+0.177	+0.334	-0.054	+0.489	+0.146	-0.060	+0.191	+0.193	-0.061	+0.195	-0.064	+0.212	-0.064	-0.066	-0.017	+0.276	+0.281	+0.280	+0.359	+0.284	+0.359	+0.299	+0.088	+0.303	+0.315	+0.011	+0.004	-0.101	+0.017	+0.030	-0.088	-0.093	+0.000	+0.105	-0.004	+0.312	+0.231	-0.027	+0.014	-0.037	-0.062	-0.052	-0.074	-0.074	-0.070	+0.504	-0.125	-0.133	-0.129	-0.128	-0.076	+0.190	+0.152	-0.115	+0.145	+0.149	+0.153	+0.147	-0.041	+0.004	+0.141	+0.158	+0.146	+0.266	+0.226	+0.157	+0.257	-0.027	-0.041	+0.228	-0.037	+0.156	-0.049	-0.077	+0.046	+0.047	+0.045	+0.261	+0.811	+0.810	+0.014	+0.006	
rs34641347     +0.506	+0.100	-0.093	-0.091	-0.091	-0.063	-0.050	-0.063	-0.046	-0.041	-0.050	-0.050	-0.050	-0.051	-0.052	-0.052	-0.053	-0.057	-0.071	-0.082	-0.062	-0.291	-0.193	-0.304	-0.196	-0.193	-0.047	-0.413	+0.148	+0.095	-0.191	+0.006	-0.190	-0.190	-0.178	-0.135	-0.056	-0.126	-0.202	-0.217	-0.126	-0.284	-0.284	-0.284	-0.284	-0.277	+0.160	-0.288	-0.298	-0.299	-0.108	-0.188	-0.178	-0.007	-0.222	-0.145	-0.155	-0.147	-0.192	-0.137	-0.140	-0.186	-0.228	-0.233	-0.227	+0.099	-0.162	+0.218	+0.159	+0.024	-0.007	-0.153	+0.903	-0.089	-0.222	-0.104	-0.097	-0.060	-0.075	-0.125	-0.304	-0.433	-0.090	-0.373	-0.305	-0.369	-0.366	+0.013	-0.369	-0.032	+0.117	-0.320	+0.295	-0.013	-0.333	-0.023	-0.021	-0.333	-0.019	-0.346	+0.008	-0.340	-0.345	-0.280	-0.195	-0.190	-0.191	-0.141	-0.188	-0.141	-0.176	-0.166	-0.177	-0.168	-0.277	-0.368	-0.443	-0.358	-0.348	-0.443	-0.445	-0.310	-0.323	-0.389	-0.165	-0.256	-0.346	-0.293	-0.360	-0.414	-0.399	-0.416	-0.388	-0.382	+0.177	-0.457	-0.463	-0.462	-0.460	-0.404	-0.106	-0.151	-0.434	-0.159	-0.151	-0.147	-0.154	-0.354	-0.297	-0.163	-0.142	-0.187	-0.074	-0.113	-0.179	-0.074	-0.338	-0.363	-0.125	-0.365	-0.182	-0.369	-0.403	-0.249	-0.246	-0.250	-0.058	+0.391	+0.391	-0.349	-0.356	
rs7730843      +0.211	-0.190	-0.306	-0.305	-0.305	-0.277	-0.264	-0.277	-0.260	-0.255	-0.264	-0.264	-0.264	-0.265	-0.266	-0.266	-0.267	-0.271	-0.285	-0.296	-0.276	-0.538	-0.406	-0.545	-0.409	-0.407	-0.266	-0.620	+0.059	-0.191	-0.143	-0.198	-0.387	-0.379	-0.367	-0.322	-0.158	-0.312	-0.398	-0.413	-0.313	-0.561	-0.561	-0.561	-0.561	-0.556	-0.039	-0.564	-0.569	-0.571	-0.293	-0.385	-0.374	-0.229	-0.419	-0.332	-0.343	-0.335	-0.389	-0.324	-0.327	-0.376	-0.425	-0.430	-0.424	-0.123	-0.350	-0.005	-0.028	-0.201	-0.386	-0.342	+0.690	-0.065	-0.413	-0.215	-0.319	-0.283	-0.297	-0.373	-0.492	-0.651	-0.359	-0.608	-0.494	-0.604	-0.602	-0.267	-0.604	-0.307	-0.105	-0.511	+0.070	-0.244	-0.525	-0.297	-0.296	-0.526	-0.293	-0.544	-0.269	-0.533	-0.539	-0.469	-0.454	-0.450	-0.450	-0.390	-0.447	-0.390	-0.437	-0.381	-0.423	-0.415	-0.491	-0.601	-0.659	-0.593	-0.585	-0.660	-0.661	-0.525	-0.563	-0.616	-0.418	-0.500	-0.558	-0.483	-0.561	-0.639	-0.632	-0.640	-0.587	-0.579	-0.056	-0.672	-0.676	-0.676	-0.675	-0.620	-0.338	-0.383	-0.644	-0.390	-0.371	-0.367	-0.374	-0.567	-0.516	-0.395	-0.362	-0.405	-0.292	-0.331	-0.396	-0.280	-0.552	-0.578	-0.332	-0.579	-0.400	-0.583	-0.618	-0.460	-0.458	-0.461	-0.271	+0.196	+0.196	-0.556	-0.564	
rs13177646     +0.496	+0.092	-0.100	-0.099	-0.098	-0.071	-0.058	-0.070	-0.054	-0.048	-0.058	-0.058	-0.058	-0.059	-0.059	-0.059	-0.060	-0.064	-0.079	-0.089	-0.069	-0.300	-0.200	-0.312	-0.204	-0.201	-0.056	-0.420	+0.144	+0.006	-0.198	+0.086	-0.199	-0.196	-0.185	-0.141	-0.062	-0.132	-0.210	-0.224	-0.133	-0.292	-0.292	-0.291	-0.291	-0.284	+0.154	-0.295	-0.305	-0.306	-0.113	-0.194	-0.184	-0.015	-0.229	-0.151	-0.161	-0.153	-0.199	-0.143	-0.145	-0.192	-0.235	-0.240	-0.235	+0.092	-0.168	+0.211	+0.154	+0.018	-0.015	-0.159	+0.895	-0.098	-0.229	-0.112	-0.105	-0.068	-0.083	-0.137	-0.310	-0.440	-0.102	-0.381	-0.312	-0.377	-0.374	-0.000	-0.377	-0.044	+0.108	-0.327	+0.286	-0.021	-0.339	-0.036	-0.034	-0.340	-0.032	-0.353	-0.005	-0.346	-0.352	-0.287	-0.204	-0.199	-0.200	-0.149	-0.197	-0.149	-0.185	-0.174	-0.185	-0.176	-0.284	-0.376	-0.451	-0.366	-0.356	-0.451	-0.453	-0.318	-0.331	-0.396	-0.173	-0.265	-0.353	-0.299	-0.367	-0.422	-0.407	-0.423	-0.395	-0.389	+0.170	-0.464	-0.470	-0.469	-0.467	-0.411	-0.114	-0.159	-0.441	-0.167	-0.159	-0.155	-0.162	-0.361	-0.305	-0.172	-0.150	-0.195	-0.082	-0.121	-0.187	-0.081	-0.346	-0.370	-0.132	-0.372	-0.190	-0.376	-0.410	-0.257	-0.254	-0.258	-0.066	+0.384	+0.384	-0.355	-0.363	
