## Summary of overall evidence for association with region:
## log10(BF for region) = -0.596301
## p-value for region = NA

## BFs for choosing among multi-SNP models:
## log10(average 1-SNP BF) = -0.512367
## log10(average 2-SNP BF) = -0.837699

## Example posterior probabilities for multi-SNP models, based on default prior: [p(l) propto 0.5^l for l=1,2,...,L]
## posterior probability of 1-SNP = 0.808803
## posterior probability of 2-SNP = 0.191197

## log10(BF) for single SNP and pair of SNPs:
rs180675       -0.455	-0.579	-0.579	-0.579	-0.581	-0.585	-0.586	-0.590	-0.675	-0.686	-0.783	-0.787	-0.850	-0.849	-0.843	-0.797	-0.789	-0.793	-0.770	-0.788	-0.696	-0.691	-0.964	-0.926	-0.861	-0.837	-0.930	-0.797	-0.848	-0.866	-0.879	-0.880	-0.879	-0.868	-0.868	-0.870	-0.875	-0.875	-0.873	-0.873	-0.869	-0.880	-0.869	-0.869	-0.874	-0.386	-0.382	-0.386	-0.405	-0.879	-0.879	-0.851	-0.892	-0.893	-0.899	-0.871	-0.909	-0.866	-0.862	-0.855	-0.845	-0.879	-0.877	-0.848	-0.844	-0.852	-0.700	-0.725	-0.422	-0.886	-0.860	-0.863	-0.882	-0.926	-0.938	-0.926	-0.927	-0.927	-0.928	-0.926	-0.918	-0.899	-0.952	-0.934	-0.925	-0.933	-0.938	-0.932	-0.941	-0.900	-0.939	-0.942	-0.944	-0.943	-0.942	-0.737	-0.680	-0.928	-0.930	-0.910	-0.693	-0.937	-0.912	-0.693	-0.917	-0.937	-0.917	-0.917	-0.917	-0.917	-0.937	-0.917	-0.917	-0.648	-0.910	-0.914	-0.960	-0.875	-0.812	-0.951	-0.953	-0.808	-0.830	-0.938	-0.939	-0.918	-0.906	-0.923	-0.856	-0.874	-0.820	-0.863	-0.848	-0.904	-0.904	-0.871	-0.904	-0.905	-0.762	-0.904	-0.758	-0.890	-0.905	-0.905	-0.836	-0.829	-0.902	-0.851	-0.819	-0.900	-0.900	-0.901	-0.836	-0.858	-0.749	-0.746	-0.871	-0.747	-0.894	-0.759	-0.895	-0.764	-0.723	-0.760	-0.790	-0.865	-0.763	-0.868	-0.897	-0.768	-0.882	-0.772	-0.790	-0.874	-0.791	-0.895	-0.873	-0.767	-0.892	-0.780	-0.768	-0.768	-0.885	-0.770	-0.879	
rs180674       -0.579	-0.460	-0.581	-0.579	-0.578	-0.583	-0.584	-0.592	-0.679	-0.691	-0.784	-0.791	-0.853	-0.852	-0.846	-0.799	-0.793	-0.797	-0.774	-0.792	-0.700	-0.696	-0.968	-0.930	-0.865	-0.841	-0.934	-0.801	-0.852	-0.871	-0.883	-0.884	-0.883	-0.872	-0.872	-0.874	-0.879	-0.879	-0.878	-0.877	-0.873	-0.885	-0.873	-0.874	-0.878	-0.390	-0.387	-0.391	-0.410	-0.883	-0.884	-0.856	-0.896	-0.897	-0.904	-0.875	-0.913	-0.871	-0.866	-0.859	-0.849	-0.883	-0.882	-0.853	-0.848	-0.856	-0.705	-0.730	-0.426	-0.890	-0.864	-0.868	-0.886	-0.930	-0.942	-0.931	-0.931	-0.931	-0.932	-0.930	-0.922	-0.903	-0.956	-0.939	-0.929	-0.938	-0.942	-0.936	-0.945	-0.904	-0.944	-0.947	-0.948	-0.947	-0.946	-0.741	-0.685	-0.932	-0.934	-0.914	-0.697	-0.941	-0.916	-0.697	-0.921	-0.941	-0.921	-0.921	-0.921	-0.921	-0.941	-0.921	-0.921	-0.652	-0.915	-0.918	-0.964	-0.879	-0.816	-0.956	-0.957	-0.812	-0.834	-0.942	-0.943	-0.923	-0.910	-0.927	-0.861	-0.878	-0.825	-0.867	-0.853	-0.909	-0.909	-0.876	-0.909	-0.910	-0.766	-0.908	-0.762	-0.894	-0.909	-0.909	-0.840	-0.833	-0.906	-0.855	-0.823	-0.904	-0.904	-0.905	-0.840	-0.862	-0.754	-0.751	-0.876	-0.752	-0.898	-0.763	-0.899	-0.769	-0.727	-0.765	-0.795	-0.870	-0.768	-0.872	-0.901	-0.773	-0.886	-0.777	-0.794	-0.879	-0.796	-0.899	-0.878	-0.772	-0.897	-0.785	-0.773	-0.773	-0.890	-0.775	-0.884	
rs180673       -0.579	-0.581	-0.462	-0.581	-0.578	-0.584	-0.584	-0.592	-0.681	-0.693	-0.785	-0.793	-0.854	-0.853	-0.847	-0.800	-0.795	-0.799	-0.776	-0.794	-0.702	-0.698	-0.971	-0.932	-0.867	-0.843	-0.936	-0.803	-0.855	-0.873	-0.886	-0.886	-0.885	-0.874	-0.874	-0.876	-0.881	-0.881	-0.880	-0.879	-0.875	-0.887	-0.876	-0.876	-0.880	-0.393	-0.389	-0.393	-0.412	-0.885	-0.886	-0.858	-0.898	-0.899	-0.906	-0.877	-0.916	-0.873	-0.868	-0.862	-0.851	-0.885	-0.884	-0.855	-0.851	-0.858	-0.707	-0.732	-0.428	-0.892	-0.867	-0.870	-0.888	-0.932	-0.945	-0.933	-0.933	-0.933	-0.934	-0.932	-0.925	-0.905	-0.958	-0.941	-0.931	-0.940	-0.944	-0.939	-0.947	-0.906	-0.946	-0.949	-0.950	-0.949	-0.948	-0.744	-0.687	-0.935	-0.936	-0.916	-0.699	-0.943	-0.918	-0.699	-0.923	-0.943	-0.923	-0.923	-0.923	-0.923	-0.943	-0.923	-0.923	-0.654	-0.917	-0.920	-0.966	-0.881	-0.818	-0.958	-0.959	-0.815	-0.836	-0.944	-0.945	-0.925	-0.912	-0.930	-0.863	-0.880	-0.827	-0.869	-0.855	-0.911	-0.911	-0.878	-0.911	-0.912	-0.768	-0.910	-0.764	-0.897	-0.911	-0.911	-0.842	-0.835	-0.908	-0.857	-0.826	-0.907	-0.906	-0.907	-0.842	-0.864	-0.756	-0.753	-0.878	-0.754	-0.901	-0.765	-0.902	-0.771	-0.730	-0.767	-0.797	-0.872	-0.770	-0.874	-0.903	-0.775	-0.888	-0.779	-0.796	-0.881	-0.798	-0.901	-0.880	-0.774	-0.899	-0.787	-0.775	-0.775	-0.892	-0.777	-0.886	
rs180672       -0.579	-0.579	-0.581	-0.460	-0.578	-0.583	-0.584	-0.592	-0.679	-0.691	-0.785	-0.792	-0.853	-0.852	-0.846	-0.799	-0.794	-0.797	-0.775	-0.793	-0.701	-0.696	-0.969	-0.931	-0.866	-0.841	-0.935	-0.802	-0.853	-0.871	-0.884	-0.885	-0.884	-0.873	-0.873	-0.875	-0.880	-0.880	-0.878	-0.877	-0.874	-0.885	-0.874	-0.874	-0.879	-0.391	-0.387	-0.391	-0.410	-0.884	-0.884	-0.856	-0.896	-0.898	-0.904	-0.875	-0.914	-0.871	-0.867	-0.860	-0.850	-0.884	-0.882	-0.853	-0.849	-0.857	-0.705	-0.730	-0.427	-0.890	-0.865	-0.868	-0.887	-0.931	-0.943	-0.931	-0.932	-0.932	-0.932	-0.931	-0.923	-0.904	-0.957	-0.939	-0.930	-0.938	-0.942	-0.937	-0.946	-0.905	-0.944	-0.947	-0.949	-0.948	-0.946	-0.742	-0.685	-0.933	-0.934	-0.915	-0.698	-0.941	-0.917	-0.697	-0.921	-0.942	-0.921	-0.921	-0.921	-0.922	-0.942	-0.922	-0.922	-0.653	-0.915	-0.919	-0.964	-0.879	-0.817	-0.956	-0.958	-0.813	-0.835	-0.943	-0.944	-0.923	-0.910	-0.928	-0.861	-0.879	-0.825	-0.868	-0.853	-0.909	-0.909	-0.876	-0.909	-0.910	-0.767	-0.909	-0.763	-0.895	-0.910	-0.909	-0.841	-0.833	-0.906	-0.856	-0.824	-0.905	-0.905	-0.906	-0.840	-0.863	-0.754	-0.751	-0.876	-0.752	-0.899	-0.764	-0.900	-0.769	-0.728	-0.765	-0.795	-0.870	-0.768	-0.872	-0.902	-0.773	-0.887	-0.777	-0.795	-0.879	-0.796	-0.900	-0.878	-0.772	-0.897	-0.785	-0.773	-0.773	-0.890	-0.775	-0.884	
rs180671       -0.581	-0.578	-0.578	-0.578	-0.442	-0.562	-0.562	-0.566	-0.664	-0.674	-0.776	-0.776	-0.842	-0.840	-0.835	-0.789	-0.778	-0.782	-0.760	-0.777	-0.684	-0.679	-0.953	-0.914	-0.849	-0.825	-0.918	-0.786	-0.837	-0.855	-0.868	-0.868	-0.867	-0.856	-0.856	-0.858	-0.863	-0.863	-0.862	-0.861	-0.857	-0.869	-0.858	-0.858	-0.862	-0.374	-0.370	-0.374	-0.393	-0.867	-0.868	-0.840	-0.880	-0.881	-0.887	-0.859	-0.897	-0.855	-0.850	-0.844	-0.833	-0.867	-0.866	-0.837	-0.833	-0.840	-0.688	-0.713	-0.410	-0.874	-0.848	-0.852	-0.870	-0.915	-0.927	-0.915	-0.915	-0.916	-0.916	-0.914	-0.907	-0.887	-0.940	-0.923	-0.913	-0.922	-0.926	-0.921	-0.929	-0.888	-0.928	-0.931	-0.932	-0.931	-0.930	-0.726	-0.669	-0.917	-0.918	-0.899	-0.681	-0.925	-0.901	-0.681	-0.905	-0.925	-0.905	-0.905	-0.905	-0.906	-0.926	-0.906	-0.906	-0.636	-0.899	-0.903	-0.948	-0.863	-0.800	-0.940	-0.941	-0.797	-0.818	-0.926	-0.927	-0.907	-0.894	-0.911	-0.845	-0.862	-0.809	-0.851	-0.837	-0.893	-0.893	-0.860	-0.893	-0.894	-0.750	-0.892	-0.746	-0.878	-0.893	-0.893	-0.824	-0.817	-0.890	-0.839	-0.808	-0.889	-0.888	-0.889	-0.824	-0.846	-0.737	-0.734	-0.860	-0.735	-0.882	-0.747	-0.883	-0.752	-0.711	-0.748	-0.778	-0.854	-0.751	-0.856	-0.885	-0.756	-0.870	-0.760	-0.778	-0.863	-0.780	-0.883	-0.862	-0.755	-0.881	-0.768	-0.756	-0.756	-0.874	-0.758	-0.868	
rs180670       -0.585	-0.583	-0.584	-0.583	-0.562	-0.448	-0.566	-0.571	-0.669	-0.679	-0.778	-0.781	-0.845	-0.844	-0.838	-0.792	-0.783	-0.787	-0.764	-0.782	-0.689	-0.684	-0.957	-0.919	-0.854	-0.830	-0.923	-0.790	-0.841	-0.860	-0.872	-0.873	-0.872	-0.861	-0.861	-0.863	-0.868	-0.868	-0.867	-0.866	-0.862	-0.873	-0.862	-0.862	-0.867	-0.379	-0.375	-0.379	-0.398	-0.872	-0.873	-0.845	-0.885	-0.886	-0.892	-0.864	-0.902	-0.860	-0.855	-0.848	-0.838	-0.872	-0.871	-0.841	-0.837	-0.845	-0.693	-0.718	-0.414	-0.879	-0.853	-0.857	-0.875	-0.919	-0.931	-0.919	-0.920	-0.920	-0.921	-0.919	-0.911	-0.892	-0.945	-0.928	-0.918	-0.927	-0.931	-0.925	-0.934	-0.893	-0.933	-0.936	-0.937	-0.936	-0.935	-0.731	-0.674	-0.921	-0.923	-0.903	-0.686	-0.930	-0.905	-0.686	-0.910	-0.930	-0.910	-0.910	-0.910	-0.910	-0.930	-0.910	-0.911	-0.641	-0.904	-0.908	-0.953	-0.868	-0.805	-0.944	-0.946	-0.801	-0.823	-0.931	-0.932	-0.912	-0.899	-0.916	-0.849	-0.867	-0.813	-0.856	-0.841	-0.898	-0.898	-0.864	-0.898	-0.899	-0.755	-0.897	-0.751	-0.883	-0.898	-0.898	-0.829	-0.822	-0.895	-0.844	-0.812	-0.893	-0.893	-0.894	-0.829	-0.851	-0.742	-0.739	-0.864	-0.740	-0.887	-0.752	-0.888	-0.757	-0.716	-0.753	-0.783	-0.858	-0.756	-0.861	-0.890	-0.761	-0.875	-0.765	-0.783	-0.868	-0.784	-0.888	-0.866	-0.760	-0.886	-0.773	-0.761	-0.761	-0.879	-0.763	-0.872	
rs180669       -0.586	-0.584	-0.584	-0.584	-0.562	-0.566	-0.448	-0.572	-0.669	-0.679	-0.778	-0.781	-0.845	-0.844	-0.838	-0.792	-0.783	-0.787	-0.765	-0.782	-0.689	-0.685	-0.958	-0.919	-0.854	-0.830	-0.923	-0.791	-0.842	-0.860	-0.873	-0.873	-0.872	-0.861	-0.861	-0.863	-0.868	-0.869	-0.867	-0.866	-0.862	-0.874	-0.863	-0.863	-0.867	-0.379	-0.375	-0.379	-0.398	-0.872	-0.873	-0.845	-0.885	-0.886	-0.893	-0.864	-0.902	-0.860	-0.855	-0.849	-0.838	-0.872	-0.871	-0.842	-0.838	-0.845	-0.693	-0.718	-0.415	-0.879	-0.853	-0.857	-0.875	-0.920	-0.932	-0.920	-0.921	-0.921	-0.921	-0.919	-0.912	-0.892	-0.945	-0.928	-0.918	-0.927	-0.931	-0.926	-0.935	-0.893	-0.933	-0.936	-0.937	-0.936	-0.935	-0.731	-0.674	-0.922	-0.923	-0.904	-0.686	-0.930	-0.906	-0.686	-0.910	-0.931	-0.910	-0.910	-0.910	-0.911	-0.931	-0.911	-0.911	-0.641	-0.904	-0.908	-0.953	-0.868	-0.805	-0.945	-0.946	-0.802	-0.824	-0.931	-0.932	-0.912	-0.899	-0.917	-0.850	-0.867	-0.814	-0.856	-0.842	-0.898	-0.898	-0.865	-0.898	-0.899	-0.755	-0.898	-0.751	-0.884	-0.898	-0.898	-0.829	-0.822	-0.895	-0.844	-0.813	-0.894	-0.894	-0.894	-0.829	-0.851	-0.742	-0.739	-0.865	-0.741	-0.887	-0.752	-0.889	-0.757	-0.716	-0.753	-0.783	-0.859	-0.756	-0.861	-0.890	-0.762	-0.875	-0.766	-0.783	-0.868	-0.785	-0.889	-0.867	-0.760	-0.886	-0.774	-0.761	-0.761	-0.879	-0.763	-0.873	
rs180668       -0.590	-0.592	-0.592	-0.592	-0.566	-0.571	-0.572	-0.455	-0.674	-0.685	-0.781	-0.787	-0.850	-0.848	-0.842	-0.796	-0.789	-0.793	-0.770	-0.788	-0.696	-0.691	-0.964	-0.926	-0.861	-0.836	-0.929	-0.797	-0.848	-0.866	-0.879	-0.880	-0.878	-0.867	-0.867	-0.869	-0.875	-0.875	-0.873	-0.872	-0.868	-0.880	-0.869	-0.869	-0.874	-0.385	-0.381	-0.385	-0.404	-0.879	-0.879	-0.851	-0.891	-0.893	-0.899	-0.870	-0.909	-0.866	-0.862	-0.855	-0.845	-0.878	-0.877	-0.848	-0.844	-0.851	-0.700	-0.725	-0.421	-0.885	-0.860	-0.863	-0.881	-0.926	-0.938	-0.926	-0.927	-0.927	-0.927	-0.925	-0.918	-0.899	-0.951	-0.934	-0.924	-0.933	-0.937	-0.932	-0.941	-0.900	-0.939	-0.942	-0.943	-0.942	-0.941	-0.737	-0.680	-0.928	-0.929	-0.910	-0.692	-0.936	-0.912	-0.692	-0.916	-0.937	-0.916	-0.916	-0.916	-0.917	-0.937	-0.917	-0.917	-0.647	-0.910	-0.914	-0.959	-0.874	-0.811	-0.951	-0.953	-0.808	-0.830	-0.938	-0.938	-0.918	-0.906	-0.923	-0.856	-0.874	-0.820	-0.862	-0.848	-0.904	-0.904	-0.871	-0.904	-0.905	-0.761	-0.904	-0.757	-0.890	-0.904	-0.904	-0.835	-0.828	-0.901	-0.850	-0.819	-0.900	-0.900	-0.901	-0.835	-0.858	-0.749	-0.745	-0.871	-0.747	-0.894	-0.758	-0.895	-0.764	-0.722	-0.760	-0.790	-0.865	-0.762	-0.867	-0.897	-0.768	-0.881	-0.772	-0.789	-0.874	-0.791	-0.895	-0.873	-0.766	-0.892	-0.780	-0.767	-0.768	-0.885	-0.769	-0.879	
rs11197495     -0.675	-0.679	-0.681	-0.679	-0.664	-0.669	-0.669	-0.674	-0.369	-0.514	-0.722	-0.687	-0.773	-0.771	-0.764	-0.714	-0.689	-0.694	-0.670	-0.709	-0.619	-0.615	-0.890	-0.853	-0.788	-0.762	-0.856	-0.722	-0.774	-0.792	-0.805	-0.806	-0.805	-0.794	-0.794	-0.796	-0.801	-0.801	-0.799	-0.799	-0.795	-0.806	-0.795	-0.795	-0.800	-0.306	-0.302	-0.306	-0.325	-0.805	-0.805	-0.777	-0.818	-0.819	-0.825	-0.797	-0.835	-0.793	-0.788	-0.781	-0.771	-0.804	-0.803	-0.775	-0.771	-0.778	-0.621	-0.647	-0.340	-0.808	-0.783	-0.792	-0.805	-0.850	-0.863	-0.851	-0.851	-0.851	-0.852	-0.850	-0.842	-0.825	-0.877	-0.859	-0.849	-0.858	-0.862	-0.857	-0.866	-0.827	-0.864	-0.867	-0.869	-0.868	-0.866	-0.658	-0.602	-0.853	-0.854	-0.833	-0.615	-0.861	-0.835	-0.613	-0.839	-0.861	-0.840	-0.840	-0.840	-0.840	-0.862	-0.840	-0.840	-0.566	-0.833	-0.837	-0.886	-0.798	-0.736	-0.879	-0.880	-0.732	-0.755	-0.865	-0.866	-0.846	-0.834	-0.851	-0.782	-0.800	-0.746	-0.788	-0.774	-0.830	-0.830	-0.797	-0.831	-0.831	-0.687	-0.830	-0.683	-0.816	-0.831	-0.831	-0.762	-0.754	-0.828	-0.777	-0.745	-0.826	-0.826	-0.827	-0.761	-0.784	-0.675	-0.671	-0.798	-0.673	-0.821	-0.684	-0.821	-0.690	-0.649	-0.686	-0.716	-0.791	-0.689	-0.793	-0.823	-0.694	-0.808	-0.698	-0.715	-0.800	-0.717	-0.821	-0.799	-0.693	-0.819	-0.706	-0.694	-0.694	-0.811	-0.696	-0.805	
rs11197496     -0.686	-0.691	-0.693	-0.691	-0.674	-0.679	-0.679	-0.685	-0.514	-0.400	-0.737	-0.720	-0.793	-0.791	-0.784	-0.732	-0.722	-0.727	-0.703	-0.735	-0.647	-0.642	-0.917	-0.880	-0.816	-0.789	-0.883	-0.748	-0.801	-0.819	-0.832	-0.833	-0.831	-0.820	-0.820	-0.822	-0.827	-0.828	-0.826	-0.825	-0.821	-0.833	-0.822	-0.822	-0.827	-0.334	-0.330	-0.335	-0.353	-0.831	-0.832	-0.804	-0.844	-0.846	-0.853	-0.823	-0.862	-0.819	-0.815	-0.808	-0.798	-0.831	-0.830	-0.801	-0.797	-0.805	-0.651	-0.677	-0.368	-0.836	-0.810	-0.819	-0.832	-0.877	-0.890	-0.878	-0.878	-0.878	-0.879	-0.877	-0.869	-0.852	-0.904	-0.886	-0.876	-0.885	-0.889	-0.884	-0.893	-0.854	-0.891	-0.894	-0.895	-0.895	-0.893	-0.685	-0.630	-0.880	-0.881	-0.860	-0.643	-0.888	-0.862	-0.640	-0.866	-0.888	-0.866	-0.866	-0.866	-0.867	-0.888	-0.867	-0.867	-0.594	-0.860	-0.864	-0.913	-0.825	-0.763	-0.906	-0.907	-0.759	-0.782	-0.892	-0.893	-0.873	-0.860	-0.877	-0.809	-0.827	-0.773	-0.815	-0.801	-0.857	-0.857	-0.824	-0.857	-0.858	-0.714	-0.857	-0.710	-0.843	-0.858	-0.857	-0.789	-0.781	-0.855	-0.804	-0.771	-0.853	-0.853	-0.854	-0.788	-0.811	-0.702	-0.699	-0.825	-0.700	-0.847	-0.712	-0.848	-0.717	-0.676	-0.713	-0.743	-0.818	-0.716	-0.820	-0.850	-0.721	-0.835	-0.725	-0.742	-0.827	-0.743	-0.848	-0.826	-0.720	-0.846	-0.733	-0.721	-0.721	-0.838	-0.723	-0.832	
rs180631       -0.783	-0.784	-0.785	-0.785	-0.776	-0.778	-0.778	-0.781	-0.722	-0.737	-0.473	-0.827	-0.852	-0.851	-0.849	-0.812	-0.828	-0.830	-0.814	-0.694	-0.711	-0.707	-0.979	-0.942	-0.876	-0.851	-0.946	-0.812	-0.863	-0.881	-0.894	-0.894	-0.893	-0.882	-0.882	-0.884	-0.889	-0.890	-0.888	-0.887	-0.883	-0.895	-0.884	-0.884	-0.888	-0.409	-0.405	-0.409	-0.427	-0.893	-0.894	-0.866	-0.906	-0.907	-0.916	-0.885	-0.925	-0.881	-0.877	-0.870	-0.860	-0.893	-0.892	-0.864	-0.859	-0.867	-0.723	-0.747	-0.448	-0.906	-0.881	-0.875	-0.902	-0.944	-0.955	-0.944	-0.944	-0.944	-0.945	-0.943	-0.936	-0.912	-0.968	-0.951	-0.942	-0.951	-0.955	-0.949	-0.958	-0.912	-0.956	-0.959	-0.960	-0.959	-0.958	-0.753	-0.696	-0.946	-0.947	-0.927	-0.707	-0.954	-0.929	-0.709	-0.934	-0.954	-0.934	-0.934	-0.934	-0.934	-0.954	-0.934	-0.934	-0.665	-0.928	-0.931	-0.974	-0.890	-0.826	-0.964	-0.966	-0.823	-0.845	-0.950	-0.951	-0.930	-0.919	-0.936	-0.871	-0.889	-0.837	-0.875	-0.860	-0.919	-0.920	-0.888	-0.920	-0.920	-0.773	-0.919	-0.769	-0.906	-0.920	-0.920	-0.850	-0.840	-0.917	-0.865	-0.830	-0.916	-0.915	-0.916	-0.847	-0.875	-0.764	-0.760	-0.886	-0.761	-0.908	-0.773	-0.911	-0.778	-0.737	-0.774	-0.804	-0.877	-0.777	-0.879	-0.913	-0.782	-0.894	-0.786	-0.801	-0.886	-0.802	-0.911	-0.885	-0.781	-0.907	-0.794	-0.782	-0.782	-0.898	-0.784	-0.891	
rs11197517     -0.787	-0.791	-0.793	-0.792	-0.776	-0.781	-0.781	-0.787	-0.687	-0.720	-0.827	-0.460	-0.782	-0.781	-0.780	-0.747	-0.601	-0.658	-0.652	-0.363	-0.702	-0.697	-0.968	-0.934	-0.871	-0.840	-0.937	-0.796	-0.851	-0.870	-0.882	-0.883	-0.882	-0.871	-0.871	-0.873	-0.878	-0.878	-0.877	-0.876	-0.872	-0.884	-0.873	-0.873	-0.877	-0.404	-0.400	-0.404	-0.422	-0.882	-0.883	-0.855	-0.895	-0.896	-0.909	-0.874	-0.918	-0.869	-0.865	-0.858	-0.848	-0.882	-0.881	-0.851	-0.847	-0.855	-0.724	-0.748	-0.447	-0.900	-0.876	-0.862	-0.896	-0.935	-0.945	-0.935	-0.935	-0.936	-0.936	-0.934	-0.927	-0.900	-0.957	-0.942	-0.933	-0.941	-0.945	-0.940	-0.948	-0.901	-0.947	-0.949	-0.951	-0.950	-0.949	-0.738	-0.685	-0.937	-0.938	-0.918	-0.695	-0.944	-0.920	-0.692	-0.924	-0.944	-0.924	-0.924	-0.924	-0.924	-0.944	-0.924	-0.925	-0.647	-0.918	-0.922	-0.961	-0.879	-0.814	-0.950	-0.952	-0.810	-0.833	-0.936	-0.937	-0.916	-0.904	-0.921	-0.858	-0.878	-0.826	-0.863	-0.848	-0.908	-0.908	-0.876	-0.908	-0.909	-0.760	-0.908	-0.756	-0.894	-0.908	-0.908	-0.837	-0.827	-0.905	-0.852	-0.818	-0.904	-0.904	-0.905	-0.834	-0.863	-0.750	-0.747	-0.873	-0.748	-0.895	-0.759	-0.899	-0.765	-0.723	-0.761	-0.791	-0.865	-0.764	-0.867	-0.901	-0.769	-0.882	-0.773	-0.788	-0.874	-0.789	-0.899	-0.873	-0.767	-0.894	-0.781	-0.769	-0.769	-0.885	-0.771	-0.879	
rs7071452      -0.850	-0.853	-0.854	-0.853	-0.842	-0.845	-0.845	-0.850	-0.773	-0.793	-0.852	-0.782	-0.524	-0.660	-0.669	-0.583	-0.783	-0.796	-0.780	-0.612	-0.762	-0.757	-1.027	-0.990	-0.925	-0.902	-0.994	-0.862	-0.913	-0.931	-0.943	-0.944	-0.943	-0.932	-0.932	-0.934	-0.939	-0.939	-0.938	-0.937	-0.933	-0.944	-0.934	-0.934	-0.938	-0.463	-0.459	-0.463	-0.481	-0.943	-0.944	-0.916	-0.956	-0.957	-0.964	-0.935	-0.973	-0.929	-0.925	-0.918	-0.908	-0.941	-0.940	-0.912	-0.908	-0.915	-0.772	-0.797	-0.498	-0.954	-0.929	-0.924	-0.950	-0.991	-1.003	-0.991	-0.992	-0.992	-0.993	-0.991	-0.984	-0.961	-1.015	-0.999	-0.990	-0.998	-1.002	-0.997	-1.005	-0.962	-1.004	-1.007	-1.008	-1.007	-1.006	-0.798	-0.743	-0.993	-0.995	-0.975	-0.754	-1.001	-0.977	-0.753	-0.982	-1.001	-0.982	-0.982	-0.982	-0.982	-1.002	-0.982	-0.982	-0.707	-0.976	-0.979	-1.021	-0.938	-0.873	-1.011	-1.013	-0.870	-0.892	-0.998	-0.998	-0.978	-0.965	-0.983	-0.918	-0.936	-0.883	-0.923	-0.908	-0.967	-0.967	-0.934	-0.967	-0.968	-0.821	-0.966	-0.817	-0.953	-0.967	-0.967	-0.896	-0.888	-0.964	-0.911	-0.879	-0.963	-0.963	-0.963	-0.895	-0.921	-0.809	-0.806	-0.932	-0.807	-0.954	-0.818	-0.958	-0.824	-0.782	-0.820	-0.850	-0.925	-0.823	-0.928	-0.959	-0.828	-0.942	-0.832	-0.849	-0.935	-0.850	-0.958	-0.933	-0.827	-0.953	-0.840	-0.828	-0.828	-0.946	-0.830	-0.940	
rs1061413      -0.849	-0.852	-0.853	-0.852	-0.840	-0.844	-0.844	-0.848	-0.771	-0.791	-0.851	-0.781	-0.660	-0.522	-0.667	-0.582	-0.782	-0.795	-0.779	-0.607	-0.760	-0.756	-1.025	-0.988	-0.923	-0.900	-0.992	-0.860	-0.911	-0.929	-0.942	-0.942	-0.941	-0.931	-0.931	-0.933	-0.938	-0.938	-0.936	-0.935	-0.932	-0.943	-0.932	-0.932	-0.937	-0.461	-0.458	-0.462	-0.479	-0.941	-0.942	-0.915	-0.954	-0.955	-0.962	-0.933	-0.972	-0.927	-0.923	-0.917	-0.907	-0.939	-0.938	-0.910	-0.906	-0.913	-0.770	-0.795	-0.496	-0.952	-0.928	-0.922	-0.948	-0.990	-1.001	-0.990	-0.990	-0.990	-0.991	-0.989	-0.982	-0.959	-1.013	-0.997	-0.988	-0.997	-1.001	-0.995	-1.004	-0.960	-1.002	-1.005	-1.006	-1.005	-1.004	-0.796	-0.742	-0.992	-0.993	-0.974	-0.752	-1.000	-0.976	-0.751	-0.980	-1.000	-0.980	-0.980	-0.980	-0.980	-1.000	-0.980	-0.981	-0.706	-0.974	-0.977	-1.019	-0.936	-0.872	-1.009	-1.011	-0.868	-0.891	-0.996	-0.996	-0.976	-0.964	-0.981	-0.916	-0.935	-0.882	-0.921	-0.906	-0.965	-0.965	-0.932	-0.965	-0.966	-0.819	-0.965	-0.815	-0.951	-0.965	-0.965	-0.894	-0.886	-0.962	-0.909	-0.877	-0.961	-0.961	-0.962	-0.893	-0.919	-0.807	-0.804	-0.930	-0.805	-0.952	-0.817	-0.956	-0.822	-0.780	-0.818	-0.848	-0.923	-0.821	-0.926	-0.958	-0.826	-0.940	-0.830	-0.847	-0.933	-0.849	-0.956	-0.932	-0.825	-0.951	-0.838	-0.826	-0.826	-0.944	-0.828	-0.938	
rs1078080      -0.843	-0.846	-0.847	-0.846	-0.835	-0.838	-0.838	-0.842	-0.764	-0.784	-0.849	-0.780	-0.669	-0.667	-0.514	-0.615	-0.781	-0.793	-0.778	-0.594	-0.753	-0.748	-1.018	-0.981	-0.915	-0.893	-0.984	-0.853	-0.905	-0.922	-0.934	-0.935	-0.934	-0.924	-0.924	-0.926	-0.931	-0.931	-0.929	-0.928	-0.925	-0.936	-0.925	-0.925	-0.930	-0.455	-0.451	-0.455	-0.473	-0.934	-0.935	-0.908	-0.947	-0.948	-0.954	-0.927	-0.964	-0.920	-0.916	-0.909	-0.900	-0.932	-0.930	-0.903	-0.899	-0.906	-0.763	-0.787	-0.490	-0.945	-0.920	-0.915	-0.941	-0.982	-0.993	-0.982	-0.983	-0.983	-0.984	-0.982	-0.975	-0.952	-1.006	-0.990	-0.981	-0.989	-0.993	-0.988	-0.996	-0.953	-0.995	-0.998	-0.999	-0.998	-0.997	-0.789	-0.734	-0.984	-0.986	-0.967	-0.744	-0.992	-0.969	-0.743	-0.973	-0.992	-0.973	-0.973	-0.973	-0.973	-0.992	-0.973	-0.973	-0.698	-0.967	-0.970	-1.012	-0.929	-0.864	-1.002	-1.004	-0.860	-0.883	-0.989	-0.989	-0.969	-0.956	-0.974	-0.909	-0.927	-0.874	-0.914	-0.899	-0.958	-0.958	-0.925	-0.958	-0.959	-0.812	-0.957	-0.808	-0.943	-0.958	-0.958	-0.886	-0.879	-0.955	-0.901	-0.869	-0.953	-0.953	-0.954	-0.886	-0.912	-0.799	-0.796	-0.922	-0.797	-0.945	-0.809	-0.949	-0.814	-0.772	-0.810	-0.840	-0.916	-0.813	-0.918	-0.950	-0.818	-0.933	-0.822	-0.840	-0.925	-0.841	-0.948	-0.924	-0.817	-0.944	-0.830	-0.818	-0.818	-0.936	-0.820	-0.930	
rs10885848     -0.797	-0.799	-0.800	-0.799	-0.789	-0.792	-0.792	-0.796	-0.714	-0.732	-0.812	-0.747	-0.583	-0.582	-0.615	-0.457	-0.746	-0.755	-0.747	-0.490	-0.698	-0.694	-0.964	-0.927	-0.860	-0.840	-0.930	-0.801	-0.851	-0.869	-0.881	-0.882	-0.881	-0.870	-0.870	-0.872	-0.877	-0.877	-0.876	-0.875	-0.871	-0.882	-0.872	-0.872	-0.876	-0.403	-0.400	-0.404	-0.421	-0.881	-0.881	-0.855	-0.893	-0.894	-0.900	-0.873	-0.910	-0.865	-0.862	-0.855	-0.845	-0.878	-0.876	-0.849	-0.845	-0.852	-0.711	-0.736	-0.439	-0.893	-0.869	-0.860	-0.889	-0.930	-0.941	-0.930	-0.930	-0.930	-0.931	-0.929	-0.922	-0.897	-0.953	-0.937	-0.928	-0.936	-0.940	-0.935	-0.943	-0.898	-0.942	-0.945	-0.946	-0.945	-0.944	-0.735	-0.680	-0.932	-0.933	-0.914	-0.690	-0.939	-0.916	-0.690	-0.920	-0.940	-0.920	-0.920	-0.920	-0.921	-0.940	-0.921	-0.921	-0.644	-0.914	-0.918	-0.958	-0.877	-0.810	-0.947	-0.949	-0.806	-0.829	-0.933	-0.934	-0.913	-0.900	-0.918	-0.854	-0.873	-0.820	-0.860	-0.845	-0.904	-0.904	-0.871	-0.904	-0.905	-0.758	-0.903	-0.754	-0.889	-0.904	-0.904	-0.832	-0.825	-0.901	-0.847	-0.815	-0.899	-0.899	-0.900	-0.832	-0.857	-0.745	-0.742	-0.868	-0.743	-0.890	-0.755	-0.894	-0.760	-0.718	-0.756	-0.786	-0.862	-0.759	-0.864	-0.896	-0.764	-0.879	-0.768	-0.786	-0.871	-0.787	-0.894	-0.870	-0.763	-0.890	-0.776	-0.764	-0.764	-0.882	-0.766	-0.876	
rs2302105      -0.789	-0.793	-0.795	-0.794	-0.778	-0.783	-0.783	-0.789	-0.689	-0.722	-0.828	-0.601	-0.783	-0.782	-0.781	-0.746	-0.463	-0.651	-0.645	-0.358	-0.704	-0.700	-0.970	-0.936	-0.873	-0.842	-0.939	-0.799	-0.854	-0.872	-0.884	-0.885	-0.884	-0.873	-0.873	-0.875	-0.880	-0.881	-0.879	-0.878	-0.874	-0.886	-0.875	-0.875	-0.879	-0.405	-0.401	-0.405	-0.423	-0.884	-0.885	-0.857	-0.897	-0.898	-0.911	-0.876	-0.920	-0.871	-0.867	-0.860	-0.850	-0.884	-0.883	-0.853	-0.849	-0.857	-0.725	-0.750	-0.448	-0.901	-0.878	-0.865	-0.898	-0.936	-0.947	-0.937	-0.937	-0.937	-0.938	-0.936	-0.929	-0.902	-0.959	-0.944	-0.935	-0.943	-0.947	-0.942	-0.950	-0.903	-0.949	-0.951	-0.953	-0.952	-0.951	-0.740	-0.687	-0.939	-0.940	-0.920	-0.697	-0.946	-0.922	-0.694	-0.926	-0.946	-0.926	-0.926	-0.926	-0.926	-0.946	-0.926	-0.927	-0.649	-0.920	-0.924	-0.963	-0.881	-0.816	-0.953	-0.955	-0.812	-0.835	-0.939	-0.940	-0.918	-0.907	-0.924	-0.861	-0.880	-0.828	-0.865	-0.850	-0.910	-0.910	-0.878	-0.910	-0.911	-0.762	-0.910	-0.758	-0.897	-0.910	-0.910	-0.839	-0.829	-0.907	-0.854	-0.820	-0.906	-0.906	-0.907	-0.836	-0.865	-0.752	-0.748	-0.875	-0.749	-0.897	-0.761	-0.901	-0.766	-0.725	-0.762	-0.793	-0.867	-0.765	-0.869	-0.903	-0.771	-0.884	-0.775	-0.790	-0.876	-0.791	-0.901	-0.875	-0.769	-0.896	-0.783	-0.770	-0.770	-0.887	-0.772	-0.881	
rs11593254     -0.793	-0.797	-0.799	-0.797	-0.782	-0.787	-0.787	-0.793	-0.694	-0.727	-0.830	-0.658	-0.796	-0.795	-0.793	-0.755	-0.651	-0.466	-0.590	-0.325	-0.708	-0.703	-0.973	-0.938	-0.875	-0.846	-0.942	-0.802	-0.857	-0.875	-0.888	-0.889	-0.888	-0.877	-0.877	-0.879	-0.884	-0.884	-0.882	-0.882	-0.878	-0.889	-0.878	-0.878	-0.883	-0.405	-0.401	-0.405	-0.423	-0.888	-0.888	-0.861	-0.901	-0.902	-0.913	-0.880	-0.922	-0.874	-0.870	-0.864	-0.853	-0.888	-0.886	-0.857	-0.852	-0.860	-0.726	-0.751	-0.448	-0.903	-0.879	-0.869	-0.899	-0.939	-0.950	-0.939	-0.940	-0.940	-0.940	-0.938	-0.931	-0.906	-0.962	-0.947	-0.938	-0.946	-0.950	-0.945	-0.953	-0.907	-0.951	-0.954	-0.955	-0.954	-0.953	-0.743	-0.690	-0.941	-0.942	-0.922	-0.700	-0.949	-0.924	-0.697	-0.928	-0.949	-0.928	-0.928	-0.928	-0.928	-0.949	-0.928	-0.929	-0.651	-0.922	-0.926	-0.967	-0.884	-0.819	-0.957	-0.959	-0.815	-0.838	-0.943	-0.944	-0.923	-0.911	-0.928	-0.864	-0.883	-0.830	-0.867	-0.852	-0.913	-0.913	-0.881	-0.913	-0.914	-0.764	-0.913	-0.760	-0.899	-0.913	-0.913	-0.840	-0.832	-0.911	-0.855	-0.822	-0.909	-0.909	-0.910	-0.839	-0.868	-0.752	-0.749	-0.876	-0.750	-0.899	-0.762	-0.904	-0.767	-0.725	-0.763	-0.794	-0.869	-0.766	-0.872	-0.906	-0.771	-0.886	-0.775	-0.792	-0.879	-0.793	-0.904	-0.878	-0.770	-0.898	-0.783	-0.771	-0.771	-0.890	-0.773	-0.884	
rs11598215     -0.770	-0.774	-0.776	-0.775	-0.760	-0.764	-0.765	-0.770	-0.670	-0.703	-0.814	-0.652	-0.780	-0.779	-0.778	-0.747	-0.645	-0.590	-0.442	-0.249	-0.686	-0.681	-0.951	-0.916	-0.852	-0.824	-0.919	-0.780	-0.835	-0.853	-0.866	-0.866	-0.865	-0.855	-0.855	-0.857	-0.862	-0.862	-0.860	-0.860	-0.856	-0.867	-0.856	-0.856	-0.861	-0.383	-0.379	-0.383	-0.401	-0.866	-0.866	-0.838	-0.878	-0.880	-0.890	-0.858	-0.899	-0.852	-0.848	-0.841	-0.831	-0.865	-0.864	-0.834	-0.830	-0.838	-0.705	-0.729	-0.428	-0.882	-0.858	-0.846	-0.878	-0.917	-0.928	-0.917	-0.918	-0.918	-0.918	-0.917	-0.910	-0.883	-0.940	-0.925	-0.916	-0.924	-0.928	-0.923	-0.931	-0.884	-0.929	-0.932	-0.933	-0.933	-0.931	-0.720	-0.668	-0.919	-0.920	-0.900	-0.678	-0.927	-0.902	-0.674	-0.907	-0.927	-0.907	-0.907	-0.907	-0.907	-0.927	-0.907	-0.907	-0.629	-0.901	-0.904	-0.945	-0.861	-0.797	-0.934	-0.936	-0.793	-0.816	-0.920	-0.921	-0.900	-0.888	-0.905	-0.842	-0.860	-0.807	-0.845	-0.829	-0.891	-0.891	-0.858	-0.891	-0.892	-0.741	-0.890	-0.737	-0.877	-0.891	-0.891	-0.817	-0.809	-0.888	-0.832	-0.799	-0.887	-0.887	-0.887	-0.816	-0.845	-0.729	-0.726	-0.853	-0.727	-0.876	-0.739	-0.882	-0.744	-0.702	-0.740	-0.771	-0.847	-0.743	-0.849	-0.883	-0.748	-0.864	-0.752	-0.769	-0.856	-0.771	-0.882	-0.855	-0.747	-0.875	-0.760	-0.748	-0.748	-0.868	-0.750	-0.861	
rs72834524     -0.788	-0.792	-0.794	-0.793	-0.777	-0.782	-0.782	-0.788	-0.709	-0.735	-0.694	-0.363	-0.612	-0.607	-0.594	-0.490	-0.358	-0.325	-0.249	-0.460	-0.699	-0.695	-0.969	-0.931	-0.869	-0.840	-0.934	-0.798	-0.852	-0.870	-0.883	-0.884	-0.883	-0.872	-0.872	-0.874	-0.879	-0.879	-0.877	-0.876	-0.873	-0.884	-0.873	-0.873	-0.878	-0.382	-0.378	-0.382	-0.402	-0.883	-0.883	-0.855	-0.896	-0.897	-0.904	-0.875	-0.913	-0.871	-0.866	-0.859	-0.849	-0.883	-0.882	-0.852	-0.848	-0.856	-0.703	-0.728	-0.411	-0.883	-0.857	-0.872	-0.880	-0.926	-0.939	-0.926	-0.927	-0.927	-0.927	-0.925	-0.917	-0.904	-0.954	-0.935	-0.924	-0.933	-0.938	-0.932	-0.942	-0.906	-0.940	-0.943	-0.944	-0.943	-0.942	-0.740	-0.684	-0.928	-0.929	-0.908	-0.698	-0.937	-0.910	-0.695	-0.915	-0.937	-0.915	-0.915	-0.915	-0.915	-0.937	-0.915	-0.915	-0.650	-0.908	-0.912	-0.964	-0.875	-0.816	-0.958	-0.960	-0.813	-0.834	-0.946	-0.947	-0.927	-0.914	-0.930	-0.861	-0.880	-0.828	-0.868	-0.854	-0.909	-0.910	-0.878	-0.910	-0.910	-0.769	-0.909	-0.765	-0.897	-0.910	-0.909	-0.846	-0.835	-0.907	-0.861	-0.825	-0.906	-0.906	-0.906	-0.842	-0.865	-0.761	-0.758	-0.881	-0.759	-0.904	-0.771	-0.901	-0.776	-0.736	-0.772	-0.801	-0.872	-0.775	-0.874	-0.903	-0.780	-0.888	-0.784	-0.797	-0.880	-0.798	-0.901	-0.879	-0.778	-0.901	-0.791	-0.779	-0.780	-0.891	-0.781	-0.885	
rs11197530     -0.696	-0.700	-0.702	-0.701	-0.684	-0.689	-0.689	-0.696	-0.619	-0.647	-0.711	-0.702	-0.762	-0.760	-0.753	-0.698	-0.704	-0.708	-0.686	-0.699	-0.366	-0.472	-0.880	-0.834	-0.761	-0.750	-0.838	-0.725	-0.762	-0.782	-0.796	-0.797	-0.796	-0.783	-0.783	-0.786	-0.791	-0.791	-0.789	-0.789	-0.785	-0.797	-0.785	-0.785	-0.790	-0.277	-0.273	-0.277	-0.297	-0.796	-0.796	-0.766	-0.809	-0.811	-0.804	-0.787	-0.816	-0.788	-0.782	-0.775	-0.764	-0.802	-0.801	-0.767	-0.763	-0.771	-0.608	-0.635	-0.279	-0.791	-0.764	-0.787	-0.787	-0.833	-0.848	-0.833	-0.834	-0.834	-0.835	-0.833	-0.824	-0.821	-0.865	-0.843	-0.832	-0.842	-0.847	-0.840	-0.851	-0.822	-0.849	-0.853	-0.854	-0.853	-0.852	-0.656	-0.604	-0.836	-0.838	-0.814	-0.617	-0.847	-0.817	-0.610	-0.822	-0.847	-0.822	-0.822	-0.822	-0.822	-0.847	-0.822	-0.823	-0.564	-0.815	-0.819	-0.881	-0.771	-0.733	-0.877	-0.878	-0.729	-0.752	-0.865	-0.866	-0.847	-0.834	-0.850	-0.779	-0.798	-0.747	-0.772	-0.756	-0.828	-0.828	-0.797	-0.828	-0.829	-0.663	-0.828	-0.659	-0.815	-0.829	-0.828	-0.746	-0.735	-0.826	-0.762	-0.724	-0.824	-0.824	-0.825	-0.742	-0.784	-0.656	-0.652	-0.784	-0.654	-0.807	-0.666	-0.820	-0.671	-0.629	-0.667	-0.699	-0.774	-0.670	-0.777	-0.821	-0.676	-0.793	-0.680	-0.693	-0.784	-0.694	-0.820	-0.783	-0.674	-0.806	-0.688	-0.675	-0.675	-0.797	-0.677	-0.790	
rs11197531     -0.691	-0.696	-0.698	-0.696	-0.679	-0.684	-0.685	-0.691	-0.615	-0.642	-0.707	-0.697	-0.757	-0.756	-0.748	-0.694	-0.700	-0.703	-0.681	-0.695	-0.472	-0.361	-0.875	-0.829	-0.754	-0.745	-0.833	-0.722	-0.758	-0.777	-0.792	-0.792	-0.791	-0.779	-0.779	-0.781	-0.787	-0.787	-0.785	-0.784	-0.780	-0.793	-0.780	-0.781	-0.786	-0.271	-0.267	-0.271	-0.291	-0.791	-0.792	-0.762	-0.805	-0.806	-0.798	-0.782	-0.810	-0.783	-0.778	-0.770	-0.759	-0.798	-0.797	-0.763	-0.758	-0.767	-0.602	-0.630	-0.271	-0.785	-0.758	-0.783	-0.781	-0.828	-0.842	-0.828	-0.829	-0.829	-0.830	-0.828	-0.819	-0.817	-0.860	-0.838	-0.826	-0.837	-0.842	-0.835	-0.846	-0.818	-0.844	-0.847	-0.849	-0.848	-0.846	-0.651	-0.600	-0.830	-0.832	-0.808	-0.613	-0.842	-0.811	-0.605	-0.816	-0.842	-0.817	-0.817	-0.817	-0.817	-0.842	-0.817	-0.817	-0.560	-0.810	-0.814	-0.876	-0.765	-0.728	-0.873	-0.874	-0.724	-0.747	-0.861	-0.861	-0.843	-0.830	-0.846	-0.775	-0.794	-0.743	-0.767	-0.750	-0.824	-0.824	-0.793	-0.824	-0.825	-0.658	-0.824	-0.653	-0.811	-0.824	-0.824	-0.741	-0.729	-0.821	-0.757	-0.719	-0.820	-0.820	-0.821	-0.737	-0.780	-0.651	-0.648	-0.779	-0.649	-0.803	-0.661	-0.816	-0.666	-0.624	-0.662	-0.694	-0.769	-0.665	-0.772	-0.817	-0.671	-0.788	-0.675	-0.688	-0.779	-0.689	-0.815	-0.778	-0.669	-0.801	-0.683	-0.671	-0.671	-0.792	-0.673	-0.785	
rs7070267      -0.964	-0.968	-0.971	-0.969	-0.953	-0.957	-0.958	-0.964	-0.890	-0.917	-0.979	-0.968	-1.027	-1.025	-1.018	-0.964	-0.970	-0.973	-0.951	-0.969	-0.880	-0.875	-0.657	-0.783	-0.678	-0.952	-0.945	-0.860	-0.967	-0.991	-1.010	-1.011	-1.010	-0.993	-0.993	-0.996	-1.003	-1.003	-1.001	-1.000	-0.994	-1.011	-0.995	-0.995	-1.002	-0.511	-0.506	-0.511	-0.533	-1.008	-1.009	-0.972	-1.025	-1.027	-0.898	-0.997	-0.921	-1.039	-1.030	-1.022	-1.010	-1.054	-1.053	-1.015	-1.010	-1.019	-0.816	-0.854	-0.525	-1.049	-1.022	-1.052	-1.045	-1.100	-1.113	-1.100	-1.101	-1.101	-1.101	-1.099	-1.092	-1.080	-1.126	-1.109	-1.098	-1.107	-1.112	-1.106	-1.115	-1.083	-1.114	-1.117	-1.118	-1.117	-1.116	-0.914	-0.865	-1.102	-1.104	-1.083	-0.877	-1.112	-1.087	-0.871	-1.092	-1.113	-1.092	-1.092	-1.092	-1.092	-1.113	-1.092	-1.093	-0.824	-1.086	-1.089	-1.137	-1.041	-0.995	-1.130	-1.132	-0.992	-1.016	-1.115	-1.119	-1.096	-1.079	-1.101	-1.045	-1.064	-1.012	-1.050	-1.036	-1.094	-1.094	-1.062	-1.094	-1.095	-0.949	-1.094	-0.945	-1.081	-1.094	-1.094	-1.024	-1.016	-1.092	-1.039	-1.006	-1.090	-1.090	-1.091	-1.023	-1.049	-0.938	-0.935	-1.060	-0.936	-1.083	-0.948	-1.085	-0.953	-0.912	-0.949	-0.979	-1.053	-0.952	-1.055	-1.087	-0.957	-1.070	-0.961	-0.977	-1.062	-0.978	-1.085	-1.061	-0.956	-1.081	-0.969	-0.957	-0.957	-1.073	-0.959	-1.067	
rs2694805      -0.926	-0.930	-0.932	-0.931	-0.914	-0.919	-0.919	-0.926	-0.853	-0.880	-0.942	-0.934	-0.990	-0.988	-0.981	-0.927	-0.936	-0.938	-0.916	-0.931	-0.834	-0.829	-0.783	-0.620	-0.753	-0.852	-0.939	-0.717	-0.871	-0.903	-0.930	-0.931	-0.929	-0.905	-0.905	-0.909	-0.918	-0.918	-0.915	-0.914	-0.907	-0.929	-0.907	-0.908	-0.916	-0.543	-0.539	-0.543	-0.563	-0.925	-0.926	-0.878	-0.949	-0.951	-0.920	-0.911	-0.932	-0.991	-0.980	-0.968	-0.953	-1.017	-1.018	-0.959	-0.953	-0.966	-0.842	-0.873	-0.567	-1.037	-1.014	-1.009	-1.034	-1.077	-1.087	-1.077	-1.078	-1.078	-1.078	-1.076	-1.070	-1.036	-1.094	-1.084	-1.076	-1.083	-1.086	-1.082	-1.089	-1.040	-1.088	-1.090	-1.091	-1.090	-1.089	-0.899	-0.840	-1.079	-1.080	-1.063	-0.853	-1.086	-1.065	-0.857	-1.069	-1.086	-1.069	-1.069	-1.069	-1.069	-1.086	-1.069	-1.070	-0.814	-1.064	-1.067	-1.097	-1.024	-0.965	-1.085	-1.087	-0.962	-0.983	-1.067	-1.074	-1.046	-1.027	-1.054	-1.008	-1.027	-0.973	-1.013	-0.998	-1.057	-1.058	-1.024	-1.058	-1.058	-0.910	-1.057	-0.906	-1.043	-1.058	-1.058	-0.982	-0.977	-1.055	-0.998	-0.968	-1.053	-1.053	-1.054	-0.984	-1.011	-0.895	-0.891	-1.019	-0.893	-1.044	-0.905	-1.048	-0.910	-0.869	-0.906	-0.936	-1.015	-0.909	-1.017	-1.050	-0.914	-1.032	-0.918	-0.939	-1.024	-0.940	-1.048	-1.023	-0.913	-1.040	-0.926	-0.914	-0.914	-1.036	-0.916	-1.029	
rs10787620     -0.861	-0.865	-0.867	-0.866	-0.849	-0.854	-0.854	-0.861	-0.788	-0.816	-0.876	-0.871	-0.925	-0.923	-0.915	-0.860	-0.873	-0.875	-0.852	-0.869	-0.761	-0.754	-0.678	-0.753	-0.555	-0.713	-0.903	-0.522	-0.736	-0.775	-0.812	-0.813	-0.811	-0.779	-0.779	-0.783	-0.795	-0.795	-0.791	-0.790	-0.781	-0.810	-0.781	-0.782	-0.793	-0.538	-0.534	-0.538	-0.555	-0.804	-0.806	-0.745	-0.834	-0.836	-0.907	-0.786	-0.910	-0.914	-0.900	-0.884	-0.866	-0.950	-0.953	-0.873	-0.866	-0.882	-0.836	-0.860	-0.573	-0.995	-0.976	-0.939	-0.993	-1.026	-1.034	-1.026	-1.027	-1.027	-1.027	-1.026	-1.020	-0.963	-1.038	-1.032	-1.025	-1.031	-1.034	-1.030	-1.036	-0.968	-1.035	-1.036	-1.037	-1.037	-1.036	-0.854	-0.788	-1.027	-1.028	-1.012	-0.799	-1.033	-1.013	-0.814	-1.017	-1.033	-1.017	-1.017	-1.017	-1.017	-1.033	-1.017	-1.018	-0.774	-1.012	-1.015	-1.035	-0.978	-0.907	-1.021	-1.023	-0.905	-0.922	-1.001	-1.010	-0.980	-0.961	-0.990	-0.948	-0.964	-0.910	-0.945	-0.929	-0.995	-0.995	-0.961	-0.995	-0.996	-0.837	-0.995	-0.833	-0.980	-0.996	-0.996	-0.909	-0.907	-0.992	-0.926	-0.897	-0.991	-0.990	-0.991	-0.915	-0.948	-0.820	-0.816	-0.948	-0.818	-0.975	-0.830	-0.985	-0.836	-0.793	-0.831	-0.863	-0.946	-0.834	-0.949	-0.987	-0.840	-0.964	-0.844	-0.868	-0.956	-0.869	-0.985	-0.955	-0.838	-0.970	-0.852	-0.839	-0.840	-0.968	-0.842	-0.961	
rs2694814      -0.837	-0.841	-0.843	-0.841	-0.825	-0.830	-0.830	-0.836	-0.762	-0.789	-0.851	-0.840	-0.902	-0.900	-0.893	-0.840	-0.842	-0.846	-0.824	-0.840	-0.750	-0.745	-0.952	-0.852	-0.713	-0.522	-0.788	-0.744	-0.659	-0.652	-0.632	-0.630	-0.634	-0.651	-0.652	-0.647	-0.635	-0.634	-0.639	-0.644	-0.655	-0.625	-0.655	-0.655	-0.663	-0.497	-0.493	-0.497	-0.515	-0.664	-0.666	-0.699	-0.633	-0.637	-0.719	-0.687	-0.749	-0.832	-0.809	-0.820	-0.825	-0.800	-0.786	-0.825	-0.827	-0.822	-0.672	-0.705	-0.438	-0.910	-0.881	-0.932	-0.906	-0.952	-0.968	-0.952	-0.953	-0.953	-0.954	-0.952	-0.942	-0.938	-0.991	-0.963	-0.950	-0.961	-0.967	-0.960	-0.972	-0.950	-0.970	-0.974	-0.976	-0.975	-0.973	-0.703	-0.652	-0.955	-0.957	-0.939	-0.662	-0.969	-0.941	-0.651	-0.948	-0.969	-0.948	-0.948	-0.948	-0.949	-0.969	-0.949	-0.949	-0.594	-0.941	-0.945	-1.014	-0.917	-0.827	-1.015	-1.016	-0.821	-0.858	-1.005	-1.004	-0.988	-0.976	-0.989	-0.917	-0.935	-0.881	-0.931	-0.919	-0.966	-0.966	-0.932	-0.966	-0.966	-0.837	-0.965	-0.834	-0.951	-0.966	-0.966	-0.910	-0.901	-0.963	-0.924	-0.892	-0.961	-0.961	-0.962	-0.907	-0.919	-0.826	-0.823	-0.944	-0.825	-0.965	-0.836	-0.957	-0.841	-0.801	-0.837	-0.866	-0.935	-0.840	-0.937	-0.958	-0.845	-0.950	-0.849	-0.863	-0.943	-0.865	-0.957	-0.942	-0.844	-0.963	-0.856	-0.845	-0.845	-0.954	-0.847	-0.948	
rs3781518      -0.930	-0.934	-0.936	-0.935	-0.918	-0.923	-0.923	-0.929	-0.856	-0.883	-0.946	-0.937	-0.994	-0.992	-0.984	-0.930	-0.939	-0.942	-0.919	-0.934	-0.838	-0.833	-0.945	-0.939	-0.903	-0.788	-0.623	-0.611	-0.812	-0.849	-0.884	-0.885	-0.883	-0.852	-0.852	-0.857	-0.868	-0.868	-0.864	-0.863	-0.854	-0.882	-0.855	-0.855	-0.866	-0.532	-0.528	-0.532	-0.553	-0.877	-0.878	-0.820	-0.906	-0.908	-0.748	-0.860	-0.786	-0.976	-0.961	-0.946	-0.929	-1.007	-1.009	-0.936	-0.929	-0.944	-0.811	-0.847	-0.559	-1.027	-1.005	-1.002	-1.025	-1.070	-1.079	-1.070	-1.071	-1.071	-1.071	-1.070	-1.064	-1.027	-1.083	-1.076	-1.069	-1.075	-1.078	-1.074	-1.081	-1.032	-1.080	-1.082	-1.082	-1.082	-1.081	-0.903	-0.844	-1.071	-1.073	-1.058	-0.856	-1.079	-1.060	-0.861	-1.064	-1.079	-1.065	-1.065	-1.065	-1.065	-1.079	-1.065	-1.065	-0.818	-1.060	-1.063	-1.083	-1.023	-0.968	-1.068	-1.071	-0.965	-0.986	-1.047	-1.058	-1.025	-1.002	-1.036	-1.004	-1.032	-0.980	-1.017	-1.002	-1.061	-1.061	-1.030	-1.061	-1.062	-0.915	-1.061	-0.911	-1.048	-1.061	-1.061	-0.992	-0.982	-1.059	-1.007	-0.972	-1.057	-1.057	-1.058	-0.989	-1.017	-0.906	-0.903	-1.028	-0.904	-1.052	-0.916	-1.053	-0.921	-0.881	-0.917	-0.947	-1.019	-0.920	-1.022	-1.054	-0.925	-1.036	-0.929	-0.943	-1.028	-0.945	-1.052	-1.027	-0.924	-1.049	-0.937	-0.925	-0.925	-1.040	-0.927	-1.033	
rs7086868      -0.797	-0.801	-0.803	-0.802	-0.786	-0.790	-0.791	-0.797	-0.722	-0.748	-0.812	-0.796	-0.862	-0.860	-0.853	-0.801	-0.799	-0.802	-0.780	-0.798	-0.725	-0.722	-0.860	-0.717	-0.522	-0.744	-0.611	-0.478	-0.740	-0.732	-0.715	-0.714	-0.716	-0.731	-0.731	-0.729	-0.724	-0.724	-0.726	-0.727	-0.731	-0.716	-0.731	-0.731	-0.730	-0.481	-0.478	-0.482	-0.499	-0.728	-0.728	-0.750	-0.708	-0.708	-0.514	-0.739	-0.558	-0.800	-0.778	-0.792	-0.799	-0.762	-0.747	-0.798	-0.800	-0.793	-0.536	-0.577	-0.316	-0.829	-0.796	-0.899	-0.825	-0.874	-0.895	-0.874	-0.875	-0.875	-0.876	-0.874	-0.862	-0.903	-0.924	-0.887	-0.872	-0.886	-0.893	-0.884	-0.899	-0.916	-0.896	-0.902	-0.904	-0.902	-0.900	-0.659	-0.602	-0.877	-0.880	-0.861	-0.613	-0.896	-0.865	-0.607	-0.873	-0.896	-0.874	-0.874	-0.874	-0.874	-0.897	-0.874	-0.875	-0.551	-0.865	-0.870	-0.962	-0.840	-0.783	-0.970	-0.970	-0.777	-0.815	-0.962	-0.961	-0.948	-0.935	-0.946	-0.875	-0.893	-0.840	-0.885	-0.872	-0.923	-0.924	-0.891	-0.924	-0.924	-0.787	-0.923	-0.783	-0.909	-0.924	-0.924	-0.862	-0.852	-0.921	-0.877	-0.843	-0.920	-0.919	-0.920	-0.859	-0.878	-0.776	-0.773	-0.897	-0.775	-0.918	-0.786	-0.915	-0.791	-0.750	-0.787	-0.817	-0.888	-0.790	-0.890	-0.916	-0.795	-0.904	-0.799	-0.813	-0.897	-0.814	-0.915	-0.896	-0.794	-0.917	-0.807	-0.795	-0.795	-0.907	-0.797	-0.901	
rs2694815      -0.848	-0.852	-0.855	-0.853	-0.837	-0.841	-0.842	-0.848	-0.774	-0.801	-0.863	-0.851	-0.913	-0.911	-0.905	-0.851	-0.854	-0.857	-0.835	-0.852	-0.762	-0.758	-0.967	-0.871	-0.736	-0.659	-0.812	-0.740	-0.534	-0.664	-0.655	-0.653	-0.656	-0.664	-0.664	-0.661	-0.651	-0.650	-0.654	-0.657	-0.667	-0.644	-0.667	-0.667	-0.674	-0.503	-0.499	-0.503	-0.521	-0.676	-0.678	-0.698	-0.650	-0.655	-0.743	-0.696	-0.772	-0.845	-0.824	-0.833	-0.836	-0.817	-0.804	-0.837	-0.838	-0.834	-0.690	-0.722	-0.453	-0.924	-0.895	-0.941	-0.920	-0.965	-0.982	-0.966	-0.967	-0.967	-0.967	-0.965	-0.955	-0.949	-1.004	-0.976	-0.964	-0.975	-0.981	-0.973	-0.986	-0.961	-0.983	-0.987	-0.989	-0.988	-0.986	-0.720	-0.669	-0.968	-0.970	-0.952	-0.679	-0.982	-0.955	-0.668	-0.961	-0.982	-0.962	-0.962	-0.962	-0.962	-0.982	-0.962	-0.962	-0.612	-0.954	-0.958	-1.026	-0.930	-0.841	-1.026	-1.027	-0.835	-0.871	-1.016	-1.015	-0.999	-0.986	-1.000	-0.929	-0.947	-0.893	-0.942	-0.929	-0.977	-0.977	-0.944	-0.977	-0.978	-0.848	-0.977	-0.844	-0.963	-0.977	-0.977	-0.921	-0.911	-0.974	-0.935	-0.902	-0.973	-0.973	-0.974	-0.917	-0.931	-0.836	-0.833	-0.955	-0.835	-0.975	-0.846	-0.968	-0.852	-0.812	-0.848	-0.877	-0.946	-0.850	-0.948	-0.970	-0.856	-0.961	-0.859	-0.874	-0.954	-0.875	-0.968	-0.953	-0.854	-0.974	-0.867	-0.855	-0.855	-0.964	-0.857	-0.959	
rs10787621     -0.866	-0.871	-0.873	-0.871	-0.855	-0.860	-0.860	-0.866	-0.792	-0.819	-0.881	-0.870	-0.931	-0.929	-0.922	-0.869	-0.872	-0.875	-0.853	-0.870	-0.782	-0.777	-0.991	-0.903	-0.775	-0.652	-0.849	-0.732	-0.664	-0.554	-0.697	-0.696	-0.697	-0.684	-0.684	-0.684	-0.685	-0.684	-0.684	-0.685	-0.686	-0.689	-0.686	-0.686	-0.697	-0.512	-0.508	-0.512	-0.530	-0.702	-0.704	-0.689	-0.692	-0.696	-0.781	-0.709	-0.809	-0.867	-0.846	-0.853	-0.854	-0.845	-0.833	-0.855	-0.855	-0.854	-0.718	-0.749	-0.477	-0.946	-0.918	-0.956	-0.942	-0.987	-1.003	-0.988	-0.989	-0.989	-0.989	-0.987	-0.978	-0.968	-1.025	-0.998	-0.986	-0.997	-1.002	-0.995	-1.007	-0.978	-1.005	-1.009	-1.010	-1.009	-1.008	-0.748	-0.696	-0.990	-0.992	-0.974	-0.706	-1.003	-0.976	-0.697	-0.983	-1.003	-0.983	-0.983	-0.983	-0.983	-1.004	-0.983	-0.984	-0.643	-0.975	-0.980	-1.045	-0.950	-0.864	-1.044	-1.045	-0.858	-0.892	-1.033	-1.033	-1.016	-1.003	-1.017	-0.947	-0.965	-0.912	-0.959	-0.946	-0.996	-0.996	-0.963	-0.996	-0.996	-0.863	-0.995	-0.860	-0.981	-0.996	-0.996	-0.937	-0.927	-0.993	-0.951	-0.918	-0.991	-0.991	-0.992	-0.934	-0.949	-0.853	-0.850	-0.971	-0.851	-0.992	-0.863	-0.987	-0.868	-0.828	-0.864	-0.893	-0.963	-0.867	-0.965	-0.988	-0.872	-0.978	-0.875	-0.890	-0.971	-0.891	-0.987	-0.970	-0.870	-0.991	-0.883	-0.871	-0.871	-0.981	-0.873	-0.976	
