## Summary of overall evidence for association with region:
## log10(BF for region) = 5.36093
## p-value for region = NA

## BFs for choosing among multi-SNP models:
## log10(average 1-SNP BF) = 5.42811
## log10(average 2-SNP BF) = 5.18402

## Example posterior probabilities for multi-SNP models, based on default prior: [p(l) propto 0.5^l for l=1,2,...,L]
## posterior probability of 1-SNP = 0.778193
## posterior probability of 2-SNP = 0.221807

## log10(BF) for single SNP and pair of SNPs:
rs6545928      -0.587	-0.783	-0.785	-0.785	-0.837	-0.839	-0.778	-0.836	-0.769	-0.748	-0.771	-0.761	-0.772	-0.773	-0.790	-0.797	-0.822	-0.779	-0.821	-0.820	-0.788	-0.788	-0.767	-0.776	-0.762	-0.771	-0.787	-0.788	-0.823	-0.768	-0.820	-0.773	-0.773	-0.773	-0.761	-0.818	-0.797	-0.814	-0.764	-0.785	-0.817	-0.773	-0.784	-0.773	-0.761	-0.779	-0.780	-0.767	-0.850	-0.969	-0.892	-0.886	+4.984	+1.641	+5.697	-0.902	-0.896	+5.052	-0.888	+5.099	-0.889	-0.695	-0.978	-0.883	-0.988	-0.881	-0.885	-0.704	-0.885	+5.165	-0.884	+5.169	-0.885	-0.717	-0.893	-0.978	-0.753	-0.751	-0.761	+5.216	-0.757	-0.761	-0.866	-0.764	-0.714	+5.233	+5.269	+5.271	+5.635	+5.274	+5.258	+5.293	-0.739	-0.932	+5.586	+5.560	+5.672	+5.589	-0.802	+5.590	+5.561	-0.622	+5.549	-0.669	-0.806	+5.361	-0.770	+5.227	+5.141	-0.893	-0.893	-0.886	-0.801	-0.806	-0.772	-0.867	-0.808	-0.757	-0.628	-0.809	-0.809	-0.792	-0.880	-0.719	-0.850	-0.707	-0.750	-0.901	-0.702	-0.903	-0.888	-0.670	-0.132	-0.939	-0.232	-0.686	-0.686	-0.675	-0.679	+0.005	
rs3922971      -0.783	-0.588	-0.736	-0.736	-0.810	-0.813	-0.742	-0.812	-0.733	-0.707	-0.737	-0.728	-0.741	-0.741	-0.757	-0.768	-0.799	-0.744	-0.796	-0.796	-0.757	-0.757	-0.730	-0.740	-0.724	-0.735	-0.756	-0.756	-0.800	-0.731	-0.794	-0.740	-0.739	-0.738	-0.722	-0.791	-0.767	-0.788	-0.727	-0.752	-0.789	-0.737	-0.753	-0.740	-0.723	-0.748	-0.749	-0.734	-0.852	-0.969	-0.893	-0.887	+4.986	+1.631	+5.697	-0.902	-0.896	+5.052	-0.889	+5.098	-0.890	-0.698	-0.979	-0.884	-0.989	-0.882	-0.885	-0.706	-0.885	+5.165	-0.885	+5.169	-0.886	-0.719	-0.894	-0.980	-0.755	-0.754	-0.763	+5.216	-0.759	-0.764	-0.866	-0.766	-0.715	+5.233	+5.268	+5.270	+5.634	+5.273	+5.257	+5.292	-0.740	-0.934	+5.585	+5.560	+5.671	+5.588	-0.802	+5.590	+5.560	-0.623	+5.549	-0.671	-0.808	+5.360	-0.770	+5.226	+5.140	-0.894	-0.894	-0.887	-0.802	-0.807	-0.774	-0.868	-0.809	-0.759	-0.629	-0.810	-0.810	-0.793	-0.881	-0.721	-0.851	-0.709	-0.751	-0.902	-0.703	-0.905	-0.889	-0.670	-0.133	-0.940	-0.234	-0.686	-0.686	-0.675	-0.679	+0.005	
rs6755155      -0.785	-0.736	-0.588	-0.720	-0.812	-0.815	-0.733	-0.813	-0.714	-0.671	-0.713	-0.699	-0.719	-0.718	-0.759	-0.769	-0.797	-0.746	-0.793	-0.792	-0.758	-0.758	-0.732	-0.743	-0.727	-0.738	-0.758	-0.758	-0.798	-0.733	-0.792	-0.741	-0.740	-0.740	-0.725	-0.788	-0.768	-0.789	-0.729	-0.754	-0.787	-0.740	-0.755	-0.741	-0.726	-0.749	-0.750	-0.735	-0.851	-0.969	-0.892	-0.886	+4.986	+1.632	+5.697	-0.902	-0.896	+5.052	-0.889	+5.099	-0.889	-0.697	-0.978	-0.883	-0.989	-0.881	-0.885	-0.706	-0.885	+5.165	-0.885	+5.169	-0.885	-0.719	-0.893	-0.979	-0.754	-0.753	-0.763	+5.217	-0.759	-0.763	-0.866	-0.766	-0.714	+5.233	+5.268	+5.270	+5.635	+5.274	+5.258	+5.292	-0.740	-0.933	+5.586	+5.560	+5.671	+5.589	-0.801	+5.590	+5.560	-0.622	+5.549	-0.670	-0.807	+5.361	-0.770	+5.227	+5.141	-0.893	-0.894	-0.886	-0.801	-0.807	-0.773	-0.867	-0.808	-0.758	-0.628	-0.809	-0.809	-0.793	-0.881	-0.720	-0.850	-0.709	-0.751	-0.902	-0.702	-0.904	-0.888	-0.670	-0.133	-0.939	-0.233	-0.686	-0.686	-0.675	-0.679	+0.005	
rs6755181      -0.785	-0.736	-0.720	-0.588	-0.812	-0.815	-0.732	-0.813	-0.713	-0.668	-0.711	-0.696	-0.717	-0.717	-0.759	-0.769	-0.797	-0.747	-0.793	-0.792	-0.758	-0.758	-0.732	-0.743	-0.727	-0.738	-0.758	-0.758	-0.798	-0.733	-0.792	-0.741	-0.741	-0.740	-0.725	-0.788	-0.769	-0.789	-0.729	-0.754	-0.787	-0.740	-0.755	-0.742	-0.726	-0.750	-0.750	-0.736	-0.851	-0.969	-0.892	-0.886	+4.986	+1.632	+5.697	-0.902	-0.896	+5.052	-0.888	+5.099	-0.889	-0.697	-0.978	-0.883	-0.988	-0.881	-0.885	-0.706	-0.885	+5.165	-0.885	+5.169	-0.885	-0.719	-0.893	-0.979	-0.754	-0.753	-0.762	+5.217	-0.758	-0.763	-0.866	-0.766	-0.714	+5.233	+5.268	+5.270	+5.635	+5.274	+5.258	+5.293	-0.739	-0.933	+5.586	+5.560	+5.671	+5.589	-0.801	+5.590	+5.560	-0.622	+5.549	-0.670	-0.807	+5.361	-0.770	+5.227	+5.141	-0.893	-0.894	-0.886	-0.801	-0.807	-0.773	-0.867	-0.808	-0.758	-0.628	-0.809	-0.809	-0.793	-0.880	-0.720	-0.850	-0.708	-0.751	-0.902	-0.702	-0.904	-0.888	-0.670	-0.133	-0.939	-0.233	-0.686	-0.686	-0.675	-0.679	+0.005	
rs12995151     -0.837	-0.810	-0.812	-0.812	-0.550	-0.683	-0.811	-0.684	-0.792	-0.771	-0.797	-0.786	-0.796	-0.798	-0.691	-0.709	-0.844	-0.681	-0.845	-0.846	-0.698	-0.699	-0.665	-0.675	-0.665	-0.674	-0.698	-0.698	-0.844	-0.667	-0.845	-0.681	-0.680	-0.672	-0.655	-0.845	-0.707	-0.730	-0.662	-0.692	-0.842	-0.672	-0.695	-0.682	-0.659	-0.690	-0.691	-0.675	-0.814	-0.931	-0.856	-0.851	+5.018	+1.671	+5.727	-0.868	-0.862	+5.083	-0.855	+5.130	-0.855	-0.656	-0.943	-0.849	-0.953	-0.848	-0.851	-0.665	-0.851	+5.196	-0.851	+5.200	-0.851	-0.678	-0.859	-0.943	-0.714	-0.713	-0.722	+5.248	-0.718	-0.723	-0.832	-0.726	-0.680	+5.264	+5.299	+5.302	+5.666	+5.305	+5.289	+5.324	-0.705	-0.897	+5.617	+5.591	+5.703	+5.620	-0.769	+5.621	+5.592	-0.588	+5.580	-0.635	-0.768	+5.392	-0.738	+5.258	+5.172	-0.859	-0.859	-0.851	-0.768	-0.773	-0.735	-0.830	-0.774	-0.720	-0.593	-0.775	-0.776	-0.759	-0.846	-0.682	-0.816	-0.670	-0.715	-0.867	-0.667	-0.867	-0.852	-0.637	-0.100	-0.904	-0.198	-0.653	-0.653	-0.642	-0.646	+0.038	
rs9751083      -0.839	-0.813	-0.815	-0.815	-0.683	-0.551	-0.813	-0.689	-0.797	-0.777	-0.802	-0.791	-0.801	-0.802	-0.688	-0.707	-0.846	-0.678	-0.847	-0.848	-0.696	-0.696	-0.662	-0.672	-0.661	-0.671	-0.696	-0.696	-0.846	-0.664	-0.847	-0.678	-0.677	-0.669	-0.651	-0.846	-0.705	-0.729	-0.659	-0.690	-0.844	-0.669	-0.693	-0.679	-0.656	-0.688	-0.689	-0.672	-0.816	-0.933	-0.857	-0.853	+5.019	+1.669	+5.727	-0.869	-0.863	+5.083	-0.856	+5.130	-0.857	-0.658	-0.945	-0.851	-0.955	-0.849	-0.853	-0.667	-0.853	+5.196	-0.852	+5.200	-0.853	-0.680	-0.861	-0.945	-0.716	-0.715	-0.724	+5.248	-0.720	-0.725	-0.834	-0.727	-0.681	+5.264	+5.299	+5.301	+5.666	+5.304	+5.289	+5.323	-0.706	-0.899	+5.617	+5.591	+5.702	+5.620	-0.770	+5.621	+5.591	-0.589	+5.580	-0.637	-0.770	+5.391	-0.739	+5.257	+5.171	-0.860	-0.860	-0.852	-0.769	-0.774	-0.737	-0.831	-0.776	-0.722	-0.595	-0.777	-0.777	-0.761	-0.847	-0.683	-0.817	-0.671	-0.717	-0.869	-0.669	-0.868	-0.854	-0.639	-0.101	-0.906	-0.200	-0.655	-0.655	-0.644	-0.647	+0.037	
rs6759654      -0.778	-0.742	-0.733	-0.732	-0.811	-0.813	-0.588	-0.810	-0.727	-0.693	-0.723	-0.713	-0.728	-0.727	-0.754	-0.761	-0.793	-0.740	-0.789	-0.786	-0.749	-0.749	-0.725	-0.736	-0.720	-0.731	-0.749	-0.749	-0.794	-0.726	-0.787	-0.732	-0.731	-0.734	-0.718	-0.782	-0.763	-0.782	-0.722	-0.748	-0.782	-0.733	-0.746	-0.732	-0.719	-0.741	-0.741	-0.726	-0.852	-0.969	-0.893	-0.887	+4.987	+1.631	+5.698	-0.902	-0.896	+5.052	-0.889	+5.099	-0.889	-0.698	-0.979	-0.883	-0.989	-0.881	-0.885	-0.706	-0.885	+5.165	-0.885	+5.169	-0.885	-0.719	-0.893	-0.979	-0.755	-0.754	-0.763	+5.217	-0.759	-0.764	-0.866	-0.766	-0.715	+5.233	+5.268	+5.270	+5.635	+5.273	+5.258	+5.292	-0.740	-0.934	+5.586	+5.560	+5.671	+5.589	-0.801	+5.590	+5.560	-0.623	+5.549	-0.670	-0.808	+5.360	-0.770	+5.226	+5.140	-0.894	-0.894	-0.887	-0.802	-0.807	-0.774	-0.867	-0.808	-0.759	-0.629	-0.809	-0.809	-0.793	-0.881	-0.721	-0.851	-0.709	-0.751	-0.902	-0.702	-0.905	-0.889	-0.670	-0.133	-0.940	-0.234	-0.686	-0.686	-0.675	-0.679	+0.005	
rs7568056      -0.836	-0.812	-0.813	-0.813	-0.684	-0.689	-0.810	-0.549	-0.791	-0.773	-0.798	-0.787	-0.797	-0.798	-0.689	-0.707	-0.843	-0.678	-0.844	-0.846	-0.696	-0.696	-0.662	-0.672	-0.662	-0.672	-0.696	-0.696	-0.844	-0.664	-0.844	-0.678	-0.677	-0.669	-0.652	-0.844	-0.704	-0.728	-0.659	-0.690	-0.842	-0.669	-0.693	-0.679	-0.656	-0.687	-0.688	-0.671	-0.813	-0.931	-0.855	-0.851	+5.020	+1.672	+5.729	-0.867	-0.861	+5.085	-0.854	+5.131	-0.855	-0.656	-0.943	-0.849	-0.952	-0.847	-0.851	-0.664	-0.850	+5.198	-0.850	+5.202	-0.851	-0.677	-0.859	-0.943	-0.714	-0.712	-0.722	+5.250	-0.718	-0.723	-0.832	-0.725	-0.679	+5.266	+5.301	+5.303	+5.668	+5.306	+5.291	+5.325	-0.704	-0.897	+5.619	+5.593	+5.704	+5.621	-0.768	+5.623	+5.593	-0.587	+5.582	-0.635	-0.767	+5.393	-0.737	+5.259	+5.173	-0.858	-0.858	-0.850	-0.767	-0.772	-0.734	-0.829	-0.774	-0.719	-0.593	-0.775	-0.775	-0.758	-0.845	-0.681	-0.815	-0.669	-0.714	-0.866	-0.667	-0.866	-0.852	-0.637	-0.099	-0.904	-0.198	-0.653	-0.653	-0.641	-0.645	+0.039	
rs67712041     -0.769	-0.733	-0.714	-0.713	-0.792	-0.797	-0.727	-0.791	-0.585	-0.718	-0.739	-0.732	-0.743	-0.740	-0.724	-0.739	-0.781	-0.711	-0.774	-0.772	-0.726	-0.726	-0.695	-0.706	-0.690	-0.701	-0.726	-0.726	-0.782	-0.695	-0.772	-0.707	-0.706	-0.703	-0.685	-0.766	-0.738	-0.763	-0.692	-0.720	-0.765	-0.703	-0.723	-0.708	-0.688	-0.717	-0.718	-0.701	-0.850	-0.965	-0.890	-0.883	+4.993	+1.630	+5.704	-0.899	-0.892	+5.057	-0.885	+5.103	-0.886	-0.696	-0.975	-0.880	-0.986	-0.878	-0.881	-0.705	-0.881	+5.170	-0.881	+5.174	-0.882	-0.718	-0.890	-0.976	-0.753	-0.752	-0.761	+5.222	-0.757	-0.762	-0.862	-0.764	-0.711	+5.237	+5.272	+5.274	+5.639	+5.277	+5.262	+5.296	-0.737	-0.932	+5.590	+5.564	+5.676	+5.593	-0.797	+5.594	+5.565	-0.619	+5.554	-0.667	-0.806	+5.365	-0.766	+5.230	+5.144	-0.890	-0.890	-0.883	-0.798	-0.803	-0.771	-0.864	-0.805	-0.756	-0.625	-0.806	-0.806	-0.789	-0.878	-0.718	-0.847	-0.706	-0.748	-0.899	-0.699	-0.902	-0.885	-0.666	-0.128	-0.937	-0.230	-0.682	-0.682	-0.670	-0.674	+0.010	
rs11679660     -0.748	-0.707	-0.671	-0.668	-0.771	-0.777	-0.693	-0.773	-0.718	-0.584	-0.712	-0.717	-0.723	-0.713	-0.693	-0.704	-0.752	-0.677	-0.742	-0.739	-0.689	-0.689	-0.658	-0.671	-0.653	-0.666	-0.688	-0.688	-0.754	-0.659	-0.738	-0.666	-0.665	-0.668	-0.648	-0.730	-0.707	-0.732	-0.655	-0.688	-0.730	-0.668	-0.685	-0.668	-0.652	-0.679	-0.680	-0.661	-0.850	-0.964	-0.889	-0.882	+4.999	+1.628	+5.710	-0.897	-0.891	+5.060	-0.883	+5.106	-0.884	-0.697	-0.974	-0.878	-0.985	-0.876	-0.880	-0.705	-0.880	+5.173	-0.879	+5.177	-0.880	-0.718	-0.888	-0.976	-0.754	-0.752	-0.762	+5.226	-0.758	-0.762	-0.860	-0.765	-0.710	+5.240	+5.274	+5.276	+5.642	+5.280	+5.264	+5.298	-0.736	-0.932	+5.593	+5.567	+5.678	+5.596	-0.795	+5.597	+5.567	-0.618	+5.556	-0.666	-0.806	+5.367	-0.764	+5.232	+5.147	-0.888	-0.889	-0.882	-0.797	-0.802	-0.771	-0.863	-0.803	-0.756	-0.624	-0.804	-0.805	-0.788	-0.877	-0.718	-0.846	-0.706	-0.746	-0.897	-0.697	-0.901	-0.884	-0.663	-0.126	-0.936	-0.229	-0.679	-0.679	-0.668	-0.672	+0.012	
rs11673860     -0.771	-0.737	-0.713	-0.711	-0.797	-0.802	-0.723	-0.798	-0.739	-0.712	-0.589	-0.720	-0.726	-0.722	-0.729	-0.734	-0.776	-0.713	-0.768	-0.765	-0.721	-0.721	-0.696	-0.709	-0.691	-0.703	-0.721	-0.721	-0.777	-0.696	-0.766	-0.701	-0.700	-0.705	-0.688	-0.759	-0.739	-0.759	-0.693	-0.722	-0.759	-0.706	-0.718	-0.702	-0.689	-0.712	-0.713	-0.695	-0.853	-0.969	-0.893	-0.887	+4.990	+1.627	+5.701	-0.902	-0.896	+5.053	-0.888	+5.100	-0.889	-0.700	-0.979	-0.883	-0.989	-0.881	-0.885	-0.708	-0.885	+5.166	-0.885	+5.170	-0.885	-0.721	-0.893	-0.980	-0.757	-0.755	-0.765	+5.218	-0.761	-0.765	-0.865	-0.768	-0.715	+5.234	+5.268	+5.270	+5.635	+5.274	+5.258	+5.292	-0.740	-0.935	+5.586	+5.561	+5.671	+5.589	-0.801	+5.591	+5.561	-0.623	+5.550	-0.670	-0.809	+5.361	-0.769	+5.226	+5.141	-0.893	-0.894	-0.887	-0.801	-0.807	-0.775	-0.867	-0.808	-0.760	-0.629	-0.809	-0.809	-0.793	-0.881	-0.722	-0.851	-0.710	-0.751	-0.902	-0.702	-0.905	-0.889	-0.669	-0.132	-0.940	-0.234	-0.685	-0.685	-0.674	-0.678	+0.006	
rs4401198      -0.761	-0.728	-0.699	-0.696	-0.786	-0.791	-0.713	-0.787	-0.732	-0.717	-0.720	-0.587	-0.728	-0.721	-0.712	-0.721	-0.766	-0.696	-0.757	-0.753	-0.707	-0.707	-0.679	-0.692	-0.673	-0.687	-0.707	-0.707	-0.768	-0.679	-0.754	-0.686	-0.685	-0.689	-0.670	-0.747	-0.724	-0.747	-0.676	-0.706	-0.747	-0.689	-0.704	-0.687	-0.672	-0.697	-0.698	-0.680	-0.852	-0.967	-0.892	-0.885	+4.993	+1.627	+5.705	-0.900	-0.894	+5.056	-0.887	+5.102	-0.887	-0.699	-0.977	-0.881	-0.988	-0.879	-0.883	-0.707	-0.883	+5.169	-0.883	+5.173	-0.883	-0.720	-0.891	-0.978	-0.756	-0.754	-0.764	+5.221	-0.760	-0.764	-0.863	-0.767	-0.713	+5.236	+5.271	+5.273	+5.638	+5.276	+5.261	+5.295	-0.738	-0.934	+5.589	+5.563	+5.674	+5.592	-0.799	+5.593	+5.564	-0.621	+5.552	-0.669	-0.808	+5.364	-0.767	+5.229	+5.143	-0.891	-0.892	-0.885	-0.800	-0.805	-0.773	-0.866	-0.806	-0.758	-0.627	-0.807	-0.808	-0.791	-0.879	-0.720	-0.849	-0.708	-0.749	-0.900	-0.700	-0.903	-0.887	-0.667	-0.130	-0.938	-0.232	-0.683	-0.683	-0.672	-0.676	+0.009	
rs6715590      -0.772	-0.741	-0.719	-0.717	-0.796	-0.801	-0.728	-0.797	-0.743	-0.723	-0.726	-0.728	-0.589	-0.726	-0.726	-0.732	-0.775	-0.709	-0.767	-0.763	-0.718	-0.718	-0.693	-0.705	-0.687	-0.700	-0.718	-0.718	-0.776	-0.693	-0.764	-0.698	-0.697	-0.702	-0.685	-0.757	-0.736	-0.757	-0.690	-0.719	-0.757	-0.703	-0.715	-0.699	-0.686	-0.709	-0.710	-0.692	-0.854	-0.969	-0.894	-0.887	+4.989	+1.626	+5.700	-0.902	-0.896	+5.053	-0.889	+5.099	-0.890	-0.700	-0.979	-0.883	-0.990	-0.881	-0.885	-0.709	-0.885	+5.166	-0.885	+5.169	-0.885	-0.721	-0.894	-0.980	-0.757	-0.756	-0.765	+5.218	-0.761	-0.766	-0.866	-0.768	-0.715	+5.233	+5.268	+5.270	+5.635	+5.273	+5.258	+5.292	-0.740	-0.935	+5.586	+5.560	+5.671	+5.589	-0.801	+5.590	+5.561	-0.623	+5.549	-0.671	-0.810	+5.361	-0.769	+5.226	+5.140	-0.894	-0.894	-0.887	-0.802	-0.807	-0.775	-0.868	-0.808	-0.760	-0.629	-0.809	-0.810	-0.793	-0.881	-0.722	-0.851	-0.710	-0.751	-0.902	-0.703	-0.905	-0.889	-0.669	-0.132	-0.940	-0.234	-0.685	-0.685	-0.674	-0.678	+0.006	
rs13026691     -0.773	-0.741	-0.718	-0.717	-0.798	-0.802	-0.727	-0.798	-0.740	-0.713	-0.722	-0.721	-0.726	-0.588	-0.728	-0.734	-0.774	-0.712	-0.766	-0.763	-0.720	-0.720	-0.695	-0.707	-0.689	-0.702	-0.720	-0.720	-0.775	-0.695	-0.763	-0.700	-0.699	-0.704	-0.687	-0.757	-0.738	-0.758	-0.692	-0.721	-0.757	-0.705	-0.717	-0.701	-0.688	-0.711	-0.712	-0.694	-0.853	-0.968	-0.893	-0.886	+4.990	+1.627	+5.701	-0.902	-0.896	+5.053	-0.888	+5.100	-0.889	-0.699	-0.978	-0.883	-0.989	-0.881	-0.885	-0.708	-0.884	+5.166	-0.884	+5.170	-0.885	-0.721	-0.893	-0.980	-0.756	-0.755	-0.764	+5.219	-0.760	-0.765	-0.865	-0.767	-0.714	+5.234	+5.269	+5.271	+5.636	+5.274	+5.258	+5.293	-0.740	-0.935	+5.587	+5.561	+5.672	+5.589	-0.801	+5.591	+5.561	-0.622	+5.550	-0.670	-0.809	+5.361	-0.769	+5.227	+5.141	-0.893	-0.893	-0.886	-0.801	-0.806	-0.774	-0.867	-0.808	-0.759	-0.628	-0.809	-0.809	-0.792	-0.881	-0.721	-0.850	-0.709	-0.751	-0.902	-0.702	-0.905	-0.888	-0.669	-0.132	-0.940	-0.233	-0.685	-0.685	-0.674	-0.678	+0.007	
rs11125916     -0.790	-0.757	-0.759	-0.759	-0.691	-0.688	-0.754	-0.689	-0.724	-0.693	-0.729	-0.712	-0.726	-0.728	-0.500	-0.652	-0.742	-0.634	-0.749	-0.753	-0.650	-0.650	-0.625	-0.629	-0.636	-0.640	-0.650	-0.650	-0.742	-0.627	-0.751	-0.642	-0.642	-0.627	-0.618	-0.754	-0.647	-0.657	-0.623	-0.645	-0.752	-0.628	-0.648	-0.642	-0.622	-0.646	-0.647	-0.638	-0.765	-0.884	-0.807	-0.806	+5.039	+1.717	+5.752	-0.822	-0.817	+5.107	-0.809	+5.154	-0.810	-0.605	-0.898	-0.804	-0.906	-0.802	-0.806	-0.613	-0.806	+5.221	-0.806	+5.225	-0.806	-0.627	-0.814	-0.897	-0.663	-0.662	-0.672	+5.272	-0.668	-0.672	-0.787	-0.675	-0.631	+5.290	+5.326	+5.328	+5.692	+5.331	+5.316	+5.350	-0.656	-0.852	+5.643	+5.617	+5.729	+5.646	-0.724	+5.647	+5.618	-0.539	+5.606	-0.587	-0.718	+5.419	-0.693	+5.286	+5.200	-0.813	-0.813	-0.804	-0.725	-0.730	-0.685	-0.782	-0.731	-0.670	-0.549	-0.732	-0.732	-0.716	-0.801	-0.632	-0.772	-0.620	-0.667	-0.822	-0.623	-0.819	-0.806	-0.592	-0.051	-0.858	-0.145	-0.608	-0.608	-0.597	-0.601	+0.086	
rs6545929      -0.797	-0.768	-0.769	-0.769	-0.709	-0.707	-0.761	-0.707	-0.739	-0.704	-0.734	-0.721	-0.732	-0.734	-0.652	-0.506	-0.743	-0.633	-0.750	-0.754	-0.631	-0.631	-0.624	-0.634	-0.635	-0.644	-0.631	-0.631	-0.743	-0.624	-0.752	-0.619	-0.618	-0.632	-0.621	-0.756	-0.650	-0.644	-0.622	-0.646	-0.753	-0.633	-0.630	-0.621	-0.622	-0.628	-0.629	-0.618	-0.772	-0.890	-0.814	-0.812	+5.032	+1.709	+5.745	-0.828	-0.823	+5.101	-0.816	+5.148	-0.816	-0.612	-0.904	-0.810	-0.913	-0.808	-0.812	-0.621	-0.812	+5.214	-0.812	+5.218	-0.812	-0.634	-0.820	-0.903	-0.671	-0.669	-0.679	+5.265	-0.675	-0.680	-0.793	-0.682	-0.638	+5.284	+5.320	+5.322	+5.686	+5.325	+5.309	+5.344	-0.663	-0.858	+5.637	+5.610	+5.723	+5.639	-0.730	+5.641	+5.611	-0.546	+5.600	-0.593	-0.725	+5.412	-0.699	+5.280	+5.194	-0.819	-0.819	-0.811	-0.731	-0.736	-0.692	-0.789	-0.737	-0.677	-0.556	-0.738	-0.739	-0.722	-0.807	-0.639	-0.778	-0.627	-0.673	-0.828	-0.630	-0.825	-0.812	-0.598	-0.058	-0.865	-0.152	-0.615	-0.614	-0.603	-0.607	+0.079	
rs6737838      -0.822	-0.799	-0.797	-0.797	-0.844	-0.846	-0.793	-0.843	-0.781	-0.752	-0.776	-0.766	-0.775	-0.774	-0.742	-0.743	-0.577	-0.723	-0.707	-0.712	-0.730	-0.730	-0.709	-0.720	-0.704	-0.716	-0.730	-0.730	-0.711	-0.709	-0.706	-0.713	-0.712	-0.717	-0.702	-0.704	-0.746	-0.763	-0.706	-0.732	-0.702	-0.717	-0.727	-0.713	-0.702	-0.722	-0.723	-0.707	-0.841	-0.960	-0.882	-0.877	+4.994	+1.642	+5.705	-0.892	-0.886	+5.062	-0.879	+5.108	-0.880	-0.687	-0.969	-0.874	-0.979	-0.872	-0.876	-0.695	-0.875	+5.175	-0.875	+5.179	-0.876	-0.708	-0.884	-0.969	-0.744	-0.742	-0.752	+5.226	-0.748	-0.753	-0.856	-0.755	-0.704	+5.243	+5.279	+5.281	+5.645	+5.284	+5.268	+5.303	-0.729	-0.923	+5.596	+5.570	+5.682	+5.599	-0.792	+5.600	+5.570	-0.612	+5.559	-0.660	-0.797	+5.371	-0.761	+5.237	+5.151	-0.884	-0.884	-0.877	-0.792	-0.797	-0.763	-0.858	-0.799	-0.748	-0.619	-0.800	-0.800	-0.783	-0.871	-0.710	-0.841	-0.698	-0.741	-0.892	-0.693	-0.894	-0.879	-0.661	-0.123	-0.930	-0.222	-0.677	-0.677	-0.666	-0.670	+0.015	
rs6709579      -0.779	-0.744	-0.746	-0.747	-0.681	-0.678	-0.740	-0.678	-0.711	-0.677	-0.713	-0.696	-0.709	-0.712	-0.634	-0.633	-0.723	-0.493	-0.732	-0.737	-0.634	-0.634	-0.613	-0.620	-0.628	-0.634	-0.634	-0.634	-0.724	-0.615	-0.734	-0.630	-0.630	-0.618	-0.612	-0.738	-0.630	-0.634	-0.611	-0.632	-0.736	-0.619	-0.633	-0.630	-0.612	-0.633	-0.633	-0.627	-0.760	-0.878	-0.802	-0.801	+5.041	+1.723	+5.754	-0.817	-0.811	+5.110	-0.804	+5.157	-0.805	-0.599	-0.892	-0.799	-0.900	-0.797	-0.800	-0.607	-0.800	+5.224	-0.800	+5.227	-0.801	-0.621	-0.808	-0.891	-0.657	-0.656	-0.666	+5.274	-0.662	-0.667	-0.782	-0.669	-0.625	+5.294	+5.329	+5.332	+5.695	+5.335	+5.319	+5.354	-0.650	-0.846	+5.646	+5.620	+5.732	+5.649	-0.719	+5.650	+5.621	-0.533	+5.610	-0.581	-0.712	+5.422	-0.688	+5.290	+5.204	-0.807	-0.807	-0.799	-0.720	-0.725	-0.680	-0.776	-0.726	-0.664	-0.544	-0.727	-0.727	-0.711	-0.796	-0.626	-0.766	-0.614	-0.661	-0.816	-0.618	-0.813	-0.800	-0.587	-0.046	-0.853	-0.139	-0.603	-0.603	-0.592	-0.596	+0.092	
rs6713620      -0.821	-0.796	-0.793	-0.793	-0.845	-0.847	-0.789	-0.844	-0.774	-0.742	-0.768	-0.757	-0.767	-0.766	-0.749	-0.750	-0.707	-0.732	-0.575	-0.712	-0.738	-0.738	-0.717	-0.728	-0.713	-0.724	-0.738	-0.738	-0.705	-0.718	-0.705	-0.721	-0.720	-0.725	-0.711	-0.706	-0.753	-0.768	-0.714	-0.739	-0.704	-0.725	-0.735	-0.721	-0.711	-0.729	-0.730	-0.716	-0.839	-0.959	-0.881	-0.875	+4.995	+1.645	+5.705	-0.891	-0.885	+5.063	-0.878	+5.109	-0.879	-0.685	-0.968	-0.872	-0.977	-0.870	-0.874	-0.693	-0.874	+5.176	-0.874	+5.180	-0.874	-0.706	-0.882	-0.968	-0.742	-0.741	-0.750	+5.227	-0.746	-0.751	-0.855	-0.753	-0.702	+5.244	+5.280	+5.282	+5.647	+5.285	+5.270	+5.304	-0.727	-0.921	+5.597	+5.571	+5.683	+5.600	-0.791	+5.602	+5.572	-0.610	+5.560	-0.658	-0.795	+5.372	-0.760	+5.238	+5.152	-0.883	-0.883	-0.876	-0.791	-0.796	-0.762	-0.856	-0.797	-0.747	-0.618	-0.799	-0.799	-0.782	-0.869	-0.709	-0.839	-0.697	-0.739	-0.891	-0.692	-0.893	-0.878	-0.660	-0.121	-0.928	-0.220	-0.676	-0.676	-0.665	-0.669	+0.016	
rs12616942     -0.820	-0.796	-0.792	-0.792	-0.846	-0.848	-0.786	-0.846	-0.772	-0.739	-0.765	-0.753	-0.763	-0.763	-0.753	-0.754	-0.712	-0.737	-0.712	-0.575	-0.742	-0.742	-0.722	-0.732	-0.718	-0.728	-0.742	-0.742	-0.709	-0.722	-0.712	-0.726	-0.725	-0.730	-0.716	-0.708	-0.756	-0.771	-0.719	-0.743	-0.711	-0.729	-0.739	-0.726	-0.716	-0.734	-0.734	-0.721	-0.839	-0.958	-0.880	-0.875	+4.995	+1.646	+5.705	-0.891	-0.885	+5.063	-0.878	+5.109	-0.878	-0.684	-0.968	-0.872	-0.977	-0.870	-0.874	-0.693	-0.874	+5.176	-0.874	+5.180	-0.874	-0.706	-0.882	-0.967	-0.742	-0.740	-0.750	+5.227	-0.746	-0.750	-0.855	-0.753	-0.702	+5.244	+5.280	+5.282	+5.646	+5.285	+5.269	+5.304	-0.727	-0.921	+5.597	+5.571	+5.683	+5.600	-0.791	+5.601	+5.571	-0.610	+5.560	-0.658	-0.795	+5.372	-0.759	+5.238	+5.152	-0.883	-0.883	-0.875	-0.791	-0.796	-0.761	-0.856	-0.797	-0.746	-0.618	-0.798	-0.799	-0.782	-0.869	-0.709	-0.839	-0.697	-0.739	-0.891	-0.692	-0.893	-0.878	-0.660	-0.121	-0.928	-0.220	-0.676	-0.676	-0.665	-0.669	+0.016	
rs12617013     -0.788	-0.757	-0.758	-0.758	-0.698	-0.696	-0.749	-0.696	-0.726	-0.689	-0.721	-0.707	-0.718	-0.720	-0.650	-0.631	-0.730	-0.634	-0.738	-0.742	-0.500	-0.624	-0.624	-0.632	-0.635	-0.642	-0.624	-0.624	-0.729	-0.623	-0.739	-0.616	-0.616	-0.630	-0.622	-0.744	-0.642	-0.628	-0.622	-0.642	-0.741	-0.630	-0.624	-0.618	-0.621	-0.624	-0.624	-0.618	-0.766	-0.884	-0.808	-0.807	+5.036	+1.717	+5.749	-0.823	-0.817	+5.105	-0.810	+5.151	-0.811	-0.605	-0.899	-0.805	-0.907	-0.803	-0.807	-0.614	-0.806	+5.218	-0.806	+5.222	-0.807	-0.627	-0.815	-0.897	-0.664	-0.663	-0.672	+5.269	-0.668	-0.673	-0.788	-0.675	-0.632	+5.288	+5.324	+5.326	+5.690	+5.329	+5.313	+5.348	-0.657	-0.852	+5.641	+5.614	+5.727	+5.643	-0.725	+5.645	+5.615	-0.539	+5.604	-0.587	-0.719	+5.416	-0.694	+5.284	+5.198	-0.813	-0.814	-0.805	-0.726	-0.731	-0.686	-0.783	-0.732	-0.671	-0.550	-0.733	-0.733	-0.717	-0.802	-0.632	-0.772	-0.621	-0.668	-0.822	-0.625	-0.819	-0.806	-0.593	-0.052	-0.859	-0.146	-0.609	-0.609	-0.598	-0.602	+0.086	
rs11893909     -0.788	-0.757	-0.758	-0.758	-0.699	-0.696	-0.749	-0.696	-0.726	-0.689	-0.721	-0.707	-0.718	-0.720	-0.650	-0.631	-0.730	-0.634	-0.738	-0.742	-0.624	-0.500	-0.624	-0.632	-0.635	-0.642	-0.624	-0.624	-0.729	-0.623	-0.740	-0.616	-0.616	-0.630	-0.622	-0.744	-0.642	-0.628	-0.622	-0.642	-0.741	-0.630	-0.624	-0.618	-0.621	-0.624	-0.624	-0.618	-0.766	-0.884	-0.808	-0.807	+5.036	+1.717	+5.749	-0.823	-0.817	+5.105	-0.810	+5.151	-0.811	-0.605	-0.899	-0.805	-0.907	-0.803	-0.807	-0.614	-0.806	+5.218	-0.806	+5.222	-0.807	-0.627	-0.815	-0.897	-0.664	-0.663	-0.672	+5.269	-0.668	-0.673	-0.788	-0.676	-0.632	+5.288	+5.324	+5.326	+5.690	+5.329	+5.313	+5.348	-0.657	-0.852	+5.641	+5.614	+5.727	+5.643	-0.725	+5.645	+5.615	-0.539	+5.604	-0.587	-0.719	+5.416	-0.694	+5.284	+5.198	-0.813	-0.814	-0.805	-0.726	-0.731	-0.686	-0.783	-0.732	-0.671	-0.550	-0.733	-0.733	-0.717	-0.802	-0.632	-0.772	-0.621	-0.668	-0.822	-0.625	-0.819	-0.806	-0.593	-0.052	-0.859	-0.146	-0.609	-0.609	-0.598	-0.602	+0.086	
rs11125917     -0.767	-0.730	-0.732	-0.732	-0.665	-0.662	-0.725	-0.662	-0.695	-0.658	-0.696	-0.679	-0.693	-0.695	-0.625	-0.624	-0.709	-0.613	-0.717	-0.722	-0.624	-0.624	-0.486	-0.612	-0.625	-0.629	-0.624	-0.624	-0.708	-0.610	-0.719	-0.624	-0.623	-0.612	-0.610	-0.724	-0.614	-0.614	-0.607	-0.623	-0.722	-0.612	-0.623	-0.624	-0.609	-0.625	-0.625	-0.622	-0.752	-0.871	-0.795	-0.794	+5.046	+1.731	+5.759	-0.810	-0.804	+5.115	-0.797	+5.162	-0.798	-0.591	-0.886	-0.792	-0.893	-0.790	-0.794	-0.600	-0.794	+5.228	-0.793	+5.232	-0.794	-0.613	-0.802	-0.884	-0.650	-0.648	-0.658	+5.279	-0.654	-0.659	-0.775	-0.661	-0.618	+5.299	+5.335	+5.337	+5.700	+5.340	+5.324	+5.359	-0.643	-0.839	+5.651	+5.625	+5.737	+5.654	-0.712	+5.655	+5.626	-0.526	+5.615	-0.574	-0.705	+5.428	-0.681	+5.295	+5.209	-0.800	-0.801	-0.792	-0.713	-0.718	-0.672	-0.769	-0.719	-0.657	-0.537	-0.720	-0.720	-0.704	-0.789	-0.619	-0.759	-0.607	-0.654	-0.809	-0.612	-0.805	-0.793	-0.580	-0.038	-0.846	-0.132	-0.596	-0.596	-0.585	-0.589	+0.099	
rs4611630      -0.776	-0.740	-0.743	-0.743	-0.675	-0.672	-0.736	-0.672	-0.706	-0.671	-0.709	-0.692	-0.705	-0.707	-0.629	-0.634	-0.720	-0.620	-0.728	-0.732	-0.632	-0.632	-0.612	-0.490	-0.627	-0.630	-0.632	-0.632	-0.719	-0.614	-0.730	-0.629	-0.628	-0.612	-0.607	-0.734	-0.625	-0.628	-0.611	-0.629	-0.732	-0.612	-0.631	-0.628	-0.611	-0.631	-0.631	-0.626	-0.756	-0.875	-0.799	-0.798	+5.044	+1.726	+5.757	-0.814	-0.808	+5.113	-0.801	+5.160	-0.802	-0.596	-0.889	-0.796	-0.897	-0.794	-0.797	-0.604	-0.797	+5.226	-0.797	+5.230	-0.798	-0.617	-0.805	-0.888	-0.654	-0.653	-0.662	+5.277	-0.658	-0.663	-0.779	-0.666	-0.622	+5.296	+5.332	+5.334	+5.698	+5.337	+5.322	+5.356	-0.647	-0.843	+5.648	+5.623	+5.734	+5.651	-0.716	+5.653	+5.623	-0.530	+5.612	-0.578	-0.709	+5.425	-0.685	+5.292	+5.207	-0.804	-0.805	-0.796	-0.717	-0.722	-0.676	-0.773	-0.723	-0.661	-0.541	-0.724	-0.724	-0.708	-0.793	-0.623	-0.763	-0.611	-0.658	-0.813	-0.615	-0.810	-0.797	-0.584	-0.042	-0.850	-0.136	-0.600	-0.600	-0.589	-0.593	+0.095	
rs4502391      -0.762	-0.724	-0.727	-0.727	-0.665	-0.661	-0.720	-0.662	-0.690	-0.653	-0.691	-0.673	-0.687	-0.689	-0.636	-0.635	-0.704	-0.628	-0.713	-0.718	-0.635	-0.635	-0.625	-0.627	-0.478	-0.604	-0.635	-0.635	-0.703	-0.626	-0.715	-0.635	-0.635	-0.627	-0.625	-0.720	-0.627	-0.626	-0.624	-0.633	-0.717	-0.626	-0.634	-0.634	-0.624	-0.634	-0.634	-0.633	-0.745	-0.864	-0.787	-0.787	+5.046	+1.735	+5.760	-0.803	-0.797	+5.116	-0.790	+5.162	-0.791	-0.584	-0.879	-0.785	-0.886	-0.783	-0.787	-0.593	-0.787	+5.229	-0.786	+5.233	-0.787	-0.606	-0.795	-0.877	-0.643	-0.641	-0.651	+5.279	-0.647	-0.652	-0.768	-0.654	-0.612	+5.299	+5.335	+5.337	+5.701	+5.340	+5.324	+5.359	-0.637	-0.832	+5.651	+5.625	+5.737	+5.654	-0.705	+5.656	+5.626	-0.520	+5.615	-0.567	-0.698	+5.428	-0.675	+5.295	+5.209	-0.793	-0.794	-0.784	-0.707	-0.711	-0.665	-0.762	-0.713	-0.650	-0.531	-0.714	-0.714	-0.698	-0.782	-0.612	-0.753	-0.600	-0.648	-0.802	-0.605	-0.798	-0.786	-0.574	-0.033	-0.839	-0.126	-0.590	-0.590	-0.579	-0.583	+0.104	
rs4375851      -0.771	-0.735	-0.738	-0.738	-0.674	-0.671	-0.731	-0.672	-0.701	-0.666	-0.703	-0.687	-0.700	-0.702	-0.640	-0.644	-0.716	-0.634	-0.724	-0.728	-0.642	-0.642	-0.629	-0.630	-0.604	-0.483	-0.642	-0.642	-0.715	-0.630	-0.726	-0.640	-0.640	-0.629	-0.626	-0.730	-0.636	-0.638	-0.628	-0.640	-0.728	-0.629	-0.641	-0.639	-0.627	-0.641	-0.641	-0.637	-0.750	-0.868	-0.792	-0.791	+5.045	+1.730	+5.758	-0.807	-0.801	+5.114	-0.794	+5.160	-0.795	-0.589	-0.883	-0.789	-0.891	-0.787	-0.791	-0.597	-0.791	+5.227	-0.791	+5.231	-0.791	-0.611	-0.799	-0.881	-0.647	-0.646	-0.656	+5.278	-0.652	-0.656	-0.772	-0.659	-0.616	+5.296	+5.332	+5.334	+5.698	+5.338	+5.322	+5.357	-0.641	-0.836	+5.649	+5.623	+5.735	+5.652	-0.709	+5.653	+5.624	-0.524	+5.613	-0.572	-0.702	+5.425	-0.678	+5.293	+5.207	-0.797	-0.798	-0.789	-0.711	-0.715	-0.670	-0.766	-0.717	-0.655	-0.535	-0.718	-0.718	-0.702	-0.786	-0.616	-0.757	-0.604	-0.652	-0.806	-0.609	-0.803	-0.791	-0.578	-0.037	-0.843	-0.130	-0.594	-0.594	-0.583	-0.587	+0.100	
rs4359635      -0.787	-0.756	-0.758	-0.758	-0.698	-0.696	-0.749	-0.696	-0.726	-0.688	-0.721	-0.707	-0.718	-0.720	-0.650	-0.631	-0.730	-0.634	-0.738	-0.742	-0.624	-0.624	-0.624	-0.632	-0.635	-0.642	-0.500	-0.624	-0.729	-0.623	-0.739	-0.616	-0.616	-0.630	-0.622	-0.743	-0.642	-0.627	-0.622	-0.641	-0.741	-0.630	-0.624	-0.618	-0.621	-0.624	-0.624	-0.617	-0.766	-0.884	-0.808	-0.807	+5.036	+1.717	+5.749	-0.823	-0.817	+5.105	-0.810	+5.152	-0.810	-0.605	-0.898	-0.805	-0.906	-0.803	-0.806	-0.614	-0.806	+5.218	-0.806	+5.222	-0.807	-0.627	-0.814	-0.897	-0.664	-0.662	-0.672	+5.269	-0.668	-0.673	-0.788	-0.675	-0.632	+5.288	+5.324	+5.326	+5.690	+5.329	+5.313	+5.349	-0.657	-0.852	+5.641	+5.614	+5.727	+5.644	-0.725	+5.645	+5.615	-0.539	+5.604	-0.587	-0.718	+5.417	-0.694	+5.284	+5.198	-0.813	-0.813	-0.805	-0.726	-0.731	-0.686	-0.782	-0.732	-0.671	-0.550	-0.733	-0.733	-0.717	-0.802	-0.632	-0.772	-0.621	-0.667	-0.822	-0.624	-0.819	-0.806	-0.593	-0.051	-0.859	-0.146	-0.609	-0.609	-0.598	-0.602	+0.086	
rs7572248      -0.788	-0.756	-0.758	-0.758	-0.698	-0.696	-0.749	-0.696	-0.726	-0.688	-0.721	-0.707	-0.718	-0.720	-0.650	-0.631	-0.730	-0.634	-0.738	-0.742	-0.624	-0.624	-0.624	-0.632	-0.635	-0.642	-0.624	-0.500	-0.729	-0.623	-0.739	-0.616	-0.616	-0.630	-0.622	-0.743	-0.642	-0.627	-0.622	-0.641	-0.741	-0.630	-0.623	-0.618	-0.621	-0.624	-0.624	-0.617	-0.766	-0.884	-0.808	-0.807	+5.036	+1.717	+5.749	-0.823	-0.817	+5.105	-0.810	+5.152	-0.810	-0.605	-0.898	-0.805	-0.906	-0.803	-0.806	-0.614	-0.806	+5.218	-0.806	+5.222	-0.807	-0.627	-0.814	-0.897	-0.664	-0.662	-0.672	+5.269	-0.668	-0.673	-0.788	-0.675	-0.632	+5.288	+5.324	+5.326	+5.690	+5.329	+5.313	+5.349	-0.656	-0.852	+5.641	+5.614	+5.727	+5.644	-0.725	+5.645	+5.615	-0.539	+5.604	-0.587	-0.718	+5.417	-0.694	+5.284	+5.198	-0.813	-0.813	-0.805	-0.726	-0.731	-0.686	-0.782	-0.732	-0.671	-0.550	-0.733	-0.733	-0.717	-0.802	-0.632	-0.772	-0.620	-0.667	-0.822	-0.624	-0.819	-0.806	-0.593	-0.051	-0.859	-0.146	-0.609	-0.609	-0.598	-0.601	+0.086	
rs11893236     -0.823	-0.800	-0.798	-0.798	-0.844	-0.846	-0.794	-0.844	-0.782	-0.754	-0.777	-0.768	-0.776	-0.775	-0.742	-0.743	-0.711	-0.724	-0.705	-0.709	-0.729	-0.729	-0.708	-0.719	-0.703	-0.715	-0.729	-0.729	-0.577	-0.708	-0.703	-0.712	-0.711	-0.716	-0.701	-0.702	-0.745	-0.762	-0.705	-0.731	-0.699	-0.716	-0.726	-0.712	-0.701	-0.721	-0.722	-0.706	-0.841	-0.960	-0.882	-0.876	+4.995	+1.643	+5.705	-0.892	-0.886	+5.062	-0.879	+5.109	-0.880	-0.687	-0.969	-0.874	-0.978	-0.872	-0.875	-0.695	-0.875	+5.175	-0.875	+5.179	-0.876	-0.708	-0.884	-0.969	-0.744	-0.742	-0.752	+5.226	-0.748	-0.752	-0.856	-0.755	-0.704	+5.243	+5.279	+5.281	+5.645	+5.284	+5.268	+5.303	-0.729	-0.923	+5.596	+5.570	+5.682	+5.599	-0.792	+5.601	+5.571	-0.612	+5.559	-0.659	-0.797	+5.371	-0.761	+5.237	+5.151	-0.884	-0.884	-0.877	-0.792	-0.797	-0.763	-0.857	-0.799	-0.748	-0.619	-0.800	-0.800	-0.783	-0.871	-0.710	-0.840	-0.698	-0.741	-0.892	-0.693	-0.894	-0.879	-0.661	-0.123	-0.929	-0.222	-0.677	-0.677	-0.666	-0.670	+0.015	
rs11887689     -0.768	-0.731	-0.733	-0.733	-0.667	-0.664	-0.726	-0.664	-0.695	-0.659	-0.696	-0.679	-0.693	-0.695	-0.627	-0.624	-0.709	-0.615	-0.718	-0.722	-0.623	-0.623	-0.610	-0.614	-0.626	-0.630	-0.623	-0.623	-0.708	-0.486	-0.720	-0.623	-0.623	-0.613	-0.611	-0.724	-0.614	-0.614	-0.609	-0.622	-0.722	-0.614	-0.623	-0.623	-0.610	-0.624	-0.624	-0.623	-0.753	-0.871	-0.795	-0.794	+5.045	+1.731	+5.758	-0.810	-0.805	+5.115	-0.798	+5.161	-0.798	-0.592	-0.886	-0.792	-0.894	-0.791	-0.794	-0.600	-0.794	+5.228	-0.794	+5.232	-0.794	-0.614	-0.802	-0.884	-0.650	-0.649	-0.659	+5.279	-0.655	-0.659	-0.775	-0.662	-0.619	+5.298	+5.334	+5.336	+5.700	+5.339	+5.324	+5.359	-0.644	-0.840	+5.651	+5.625	+5.737	+5.653	-0.712	+5.655	+5.625	-0.526	+5.614	-0.574	-0.705	+5.427	-0.682	+5.295	+5.209	-0.801	-0.801	-0.792	-0.714	-0.719	-0.673	-0.770	-0.720	-0.658	-0.538	-0.721	-0.721	-0.705	-0.789	-0.619	-0.760	-0.607	-0.655	-0.810	-0.612	-0.806	-0.794	-0.581	-0.039	-0.846	-0.132	-0.597	-0.597	-0.586	-0.589	+0.098	
rs11898467     -0.820	-0.794	-0.792	-0.792	-0.845	-0.847	-0.787	-0.844	-0.772	-0.738	-0.766	-0.754	-0.764	-0.763	-0.751	-0.752	-0.706	-0.734	-0.705	-0.712	-0.739	-0.740	-0.719	-0.730	-0.715	-0.726	-0.739	-0.739	-0.703	-0.720	-0.575	-0.723	-0.722	-0.727	-0.713	-0.706	-0.754	-0.769	-0.716	-0.740	-0.704	-0.727	-0.736	-0.723	-0.713	-0.731	-0.732	-0.718	-0.838	-0.958	-0.880	-0.874	+4.996	+1.646	+5.706	-0.890	-0.884	+5.064	-0.877	+5.110	-0.878	-0.684	-0.967	-0.872	-0.976	-0.870	-0.873	-0.692	-0.873	+5.177	-0.873	+5.181	-0.874	-0.705	-0.882	-0.967	-0.741	-0.740	-0.749	+5.228	-0.745	-0.750	-0.854	-0.752	-0.702	+5.245	+5.281	+5.283	+5.647	+5.286	+5.270	+5.305	-0.727	-0.920	+5.598	+5.572	+5.684	+5.601	-0.790	+5.602	+5.572	-0.609	+5.561	-0.657	-0.794	+5.373	-0.759	+5.239	+5.153	-0.882	-0.882	-0.875	-0.790	-0.795	-0.761	-0.855	-0.797	-0.746	-0.617	-0.798	-0.798	-0.781	-0.869	-0.708	-0.838	-0.696	-0.739	-0.890	-0.691	-0.892	-0.877	-0.659	-0.121	-0.927	-0.219	-0.675	-0.675	-0.664	-0.668	+0.017	
rs11898473     -0.773	-0.740	-0.741	-0.741	-0.681	-0.678	-0.732	-0.678	-0.707	-0.666	-0.701	-0.686	-0.698	-0.700	-0.642	-0.619	-0.713	-0.630	-0.721	-0.726	-0.616	-0.616	-0.624	-0.629	-0.635	-0.640	-0.616	-0.616	-0.712	-0.623	-0.723	-0.491	-0.614	-0.628	-0.624	-0.728	-0.632	-0.607	-0.622	-0.636	-0.725	-0.628	-0.617	-0.615	-0.622	-0.619	-0.619	-0.616	-0.757	-0.876	-0.800	-0.799	+5.040	+1.725	+5.754	-0.815	-0.809	+5.110	-0.802	+5.156	-0.803	-0.596	-0.890	-0.797	-0.898	-0.795	-0.799	-0.605	-0.798	+5.223	-0.798	+5.227	-0.799	-0.618	-0.807	-0.889	-0.655	-0.653	-0.663	+5.274	-0.659	-0.664	-0.780	-0.667	-0.623	+5.293	+5.329	+5.331	+5.695	+5.334	+5.319	+5.354	-0.648	-0.844	+5.646	+5.619	+5.732	+5.649	-0.717	+5.650	+5.620	-0.531	+5.609	-0.579	-0.710	+5.422	-0.686	+5.290	+5.203	-0.805	-0.805	-0.796	-0.718	-0.723	-0.677	-0.774	-0.724	-0.662	-0.542	-0.725	-0.725	-0.709	-0.794	-0.624	-0.764	-0.612	-0.659	-0.814	-0.617	-0.811	-0.798	-0.585	-0.043	-0.851	-0.137	-0.601	-0.601	-0.590	-0.594	+0.094	
rs72899532     -0.773	-0.739	-0.740	-0.741	-0.680	-0.677	-0.731	-0.677	-0.706	-0.665	-0.700	-0.685	-0.697	-0.699	-0.642	-0.618	-0.712	-0.630	-0.720	-0.725	-0.616	-0.616	-0.623	-0.628	-0.635	-0.640	-0.616	-0.616	-0.711	-0.623	-0.722	-0.614	-0.490	-0.627	-0.623	-0.727	-0.630	-0.605	-0.622	-0.635	-0.725	-0.627	-0.615	-0.614	-0.621	-0.617	-0.617	-0.614	-0.756	-0.875	-0.799	-0.798	+5.041	+1.726	+5.754	-0.814	-0.808	+5.111	-0.801	+5.157	-0.802	-0.595	-0.890	-0.796	-0.898	-0.794	-0.798	-0.604	-0.798	+5.224	-0.797	+5.228	-0.798	-0.617	-0.806	-0.888	-0.654	-0.653	-0.662	+5.275	-0.658	-0.663	-0.779	-0.666	-0.623	+5.294	+5.330	+5.332	+5.696	+5.335	+5.319	+5.355	-0.647	-0.843	+5.647	+5.620	+5.733	+5.650	-0.716	+5.651	+5.621	-0.530	+5.610	-0.578	-0.709	+5.423	-0.685	+5.290	+5.204	-0.804	-0.805	-0.796	-0.717	-0.722	-0.676	-0.773	-0.723	-0.661	-0.541	-0.724	-0.724	-0.708	-0.793	-0.623	-0.763	-0.611	-0.658	-0.813	-0.616	-0.810	-0.797	-0.584	-0.042	-0.850	-0.136	-0.600	-0.600	-0.589	-0.593	+0.095	
rs79950782     -0.773	-0.738	-0.740	-0.740	-0.672	-0.669	-0.734	-0.669	-0.703	-0.668	-0.705	-0.689	-0.702	-0.704	-0.627	-0.632	-0.717	-0.618	-0.725	-0.730	-0.630	-0.630	-0.612	-0.612	-0.627	-0.629	-0.630	-0.630	-0.716	-0.613	-0.727	-0.628	-0.627	-0.488	-0.606	-0.731	-0.622	-0.625	-0.610	-0.627	-0.729	-0.611	-0.628	-0.627	-0.609	-0.628	-0.628	-0.624	-0.754	-0.873	-0.797	-0.796	+5.045	+1.729	+5.758	-0.812	-0.806	+5.115	-0.799	+5.161	-0.800	-0.593	-0.888	-0.794	-0.895	-0.792	-0.796	-0.602	-0.795	+5.228	-0.795	+5.232	-0.796	-0.615	-0.804	-0.886	-0.652	-0.651	-0.660	+5.279	-0.656	-0.661	-0.777	-0.664	-0.620	+5.298	+5.333	+5.336	+5.699	+5.339	+5.324	+5.358	-0.645	-0.841	+5.650	+5.624	+5.736	+5.653	-0.714	+5.654	+5.625	-0.528	+5.614	-0.576	-0.707	+5.427	-0.683	+5.294	+5.208	-0.802	-0.803	-0.794	-0.715	-0.720	-0.674	-0.771	-0.721	-0.659	-0.539	-0.722	-0.722	-0.706	-0.791	-0.621	-0.761	-0.609	-0.656	-0.811	-0.613	-0.808	-0.795	-0.582	-0.040	-0.848	-0.134	-0.598	-0.598	-0.587	-0.591	+0.097	
rs79387404     -0.761	-0.722	-0.725	-0.725	-0.655	-0.651	-0.718	-0.652	-0.685	-0.648	-0.688	-0.670	-0.685	-0.687	-0.618	-0.621	-0.702	-0.612	-0.711	-0.716	-0.622	-0.622	-0.610	-0.607	-0.625	-0.626	-0.622	-0.622	-0.701	-0.611	-0.713	-0.624	-0.623	-0.606	-0.480	-0.718	-0.610	-0.609	-0.608	-0.619	-0.715	-0.606	-0.620	-0.622	-0.608	-0.621	-0.621	-0.620	-0.746	-0.865	-0.789	-0.788	+5.050	+1.737	+5.763	-0.804	-0.799	+5.120	-0.791	+5.166	-0.792	-0.585	-0.880	-0.786	-0.888	-0.784	-0.788	-0.594	-0.788	+5.233	-0.788	+5.237	-0.788	-0.607	-0.796	-0.878	-0.644	-0.642	-0.652	+5.283	-0.648	-0.653	-0.769	-0.655	-0.613	+5.303	+5.339	+5.341	+5.705	+5.344	+5.329	+5.363	-0.638	-0.834	+5.655	+5.630	+5.741	+5.658	-0.706	+5.660	+5.630	-0.520	+5.619	-0.568	-0.699	+5.432	-0.676	+5.300	+5.214	-0.795	-0.795	-0.786	-0.708	-0.713	-0.666	-0.763	-0.714	-0.651	-0.532	-0.715	-0.715	-0.699	-0.783	-0.613	-0.754	-0.601	-0.649	-0.804	-0.606	-0.800	-0.788	-0.575	-0.033	-0.840	-0.126	-0.591	-0.591	-0.580	-0.584	+0.104	
rs34629022     -0.818	-0.791	-0.788	-0.788	-0.845	-0.846	-0.782	-0.844	-0.766	-0.730	-0.759	-0.747	-0.757	-0.757	-0.754	-0.756	-0.704	-0.738	-0.706	-0.708	-0.744	-0.744	-0.724	-0.734	-0.720	-0.730	-0.743	-0.743	-0.702	-0.724	-0.706	-0.728	-0.727	-0.731	-0.718	-0.573	-0.757	-0.772	-0.721	-0.744	-0.705	-0.731	-0.740	-0.727	-0.717	-0.735	-0.736	-0.722	-0.836	-0.956	-0.878	-0.873	+4.998	+1.649	+5.707	-0.888	-0.882	+5.065	-0.875	+5.112	-0.876	-0.682	-0.965	-0.870	-0.974	-0.868	-0.872	-0.690	-0.871	+5.179	-0.871	+5.182	-0.872	-0.703	-0.880	-0.965	-0.739	-0.737	-0.747	+5.229	-0.743	-0.748	-0.852	-0.750	-0.700	+5.247	+5.283	+5.285	+5.649	+5.288	+5.272	+5.307	-0.725	-0.918	+5.600	+5.574	+5.686	+5.603	-0.788	+5.604	+5.574	-0.607	+5.563	-0.655	-0.792	+5.375	-0.757	+5.241	+5.155	-0.880	-0.880	-0.873	-0.788	-0.794	-0.759	-0.854	-0.795	-0.744	-0.615	-0.796	-0.796	-0.780	-0.867	-0.706	-0.837	-0.694	-0.737	-0.888	-0.689	-0.890	-0.875	-0.658	-0.119	-0.925	-0.217	-0.674	-0.674	-0.663	-0.666	+0.019	
rs7586079      -0.797	-0.767	-0.768	-0.769	-0.707	-0.705	-0.763	-0.704	-0.738	-0.707	-0.739	-0.724	-0.736	-0.738	-0.647	-0.650	-0.746	-0.630	-0.753	-0.756	-0.642	-0.642	-0.614	-0.625	-0.627	-0.636	-0.642	-0.642	-0.745	-0.614	-0.754	-0.632	-0.630	-0.622	-0.610	-0.757	-0.502	-0.639	-0.610	-0.638	-0.755	-0.621	-0.638	-0.630	-0.607	-0.635	-0.636	-0.626	-0.768	-0.887	-0.810	-0.809	+5.042	+1.716	+5.753	-0.825	-0.819	+5.110	-0.812	+5.157	-0.813	-0.608	-0.901	-0.807	-0.909	-0.805	-0.808	-0.617	-0.808	+5.224	-0.808	+5.228	-0.809	-0.630	-0.817	-0.899	-0.667	-0.665	-0.675	+5.274	-0.671	-0.676	-0.790	-0.678	-0.634	+5.294	+5.329	+5.332	+5.696	+5.335	+5.319	+5.354	-0.659	-0.855	+5.646	+5.620	+5.732	+5.649	-0.726	+5.651	+5.621	-0.541	+5.610	-0.589	-0.721	+5.423	-0.696	+5.290	+5.204	-0.815	-0.816	-0.807	-0.727	-0.732	-0.688	-0.785	-0.734	-0.673	-0.552	-0.735	-0.735	-0.719	-0.804	-0.635	-0.774	-0.623	-0.669	-0.824	-0.626	-0.821	-0.809	-0.594	-0.053	-0.861	-0.147	-0.610	-0.610	-0.599	-0.603	+0.085	
rs7559519      -0.814	-0.788	-0.789	-0.789	-0.730	-0.729	-0.782	-0.728	-0.763	-0.732	-0.759	-0.747	-0.757	-0.758	-0.657	-0.644	-0.763	-0.634	-0.768	-0.771	-0.628	-0.628	-0.614	-0.628	-0.626	-0.638	-0.627	-0.627	-0.762	-0.614	-0.769	-0.607	-0.605	-0.625	-0.609	-0.772	-0.639	-0.514	-0.610	-0.644	-0.769	-0.624	-0.623	-0.607	-0.606	-0.619	-0.619	-0.602	-0.780	-0.898	-0.821	-0.819	+5.034	+1.704	+5.745	-0.835	-0.829	+5.102	-0.822	+5.149	-0.823	-0.620	-0.911	-0.817	-0.920	-0.815	-0.819	-0.628	-0.819	+5.215	-0.819	+5.219	-0.819	-0.642	-0.827	-0.910	-0.678	-0.677	-0.686	+5.266	-0.682	-0.687	-0.800	-0.690	-0.645	+5.285	+5.321	+5.323	+5.687	+5.326	+5.310	+5.345	-0.670	-0.865	+5.638	+5.612	+5.724	+5.641	-0.737	+5.642	+5.612	-0.552	+5.601	-0.600	-0.733	+5.413	-0.706	+5.281	+5.195	-0.826	-0.826	-0.818	-0.738	-0.743	-0.700	-0.796	-0.744	-0.685	-0.562	-0.745	-0.745	-0.729	-0.814	-0.646	-0.784	-0.634	-0.680	-0.835	-0.637	-0.832	-0.819	-0.604	-0.063	-0.872	-0.159	-0.620	-0.620	-0.609	-0.613	+0.074	
rs11690771     -0.764	-0.727	-0.729	-0.729	-0.662	-0.659	-0.722	-0.659	-0.692	-0.655	-0.693	-0.676	-0.690	-0.692	-0.623	-0.622	-0.706	-0.611	-0.714	-0.719	-0.622	-0.622	-0.607	-0.611	-0.624	-0.628	-0.622	-0.622	-0.705	-0.609	-0.716	-0.622	-0.622	-0.610	-0.608	-0.721	-0.610	-0.610	-0.482	-0.619	-0.718	-0.608	-0.619	-0.620	-0.603	-0.620	-0.620	-0.618	-0.749	-0.868	-0.791	-0.791	+5.049	+1.735	+5.762	-0.807	-0.801	+5.118	-0.794	+5.165	-0.795	-0.588	-0.882	-0.789	-0.890	-0.787	-0.790	-0.596	-0.790	+5.231	-0.790	+5.235	-0.791	-0.610	-0.798	-0.881	-0.646	-0.645	-0.655	+5.282	-0.651	-0.655	-0.772	-0.658	-0.615	+5.302	+5.338	+5.340	+5.704	+5.343	+5.328	+5.362	-0.640	-0.836	+5.654	+5.628	+5.740	+5.657	-0.709	+5.659	+5.629	-0.523	+5.618	-0.570	-0.701	+5.431	-0.678	+5.298	+5.212	-0.797	-0.797	-0.788	-0.710	-0.715	-0.669	-0.766	-0.716	-0.654	-0.534	-0.717	-0.717	-0.701	-0.786	-0.615	-0.756	-0.603	-0.651	-0.806	-0.608	-0.802	-0.790	-0.577	-0.035	-0.843	-0.128	-0.593	-0.593	-0.582	-0.586	+0.102	
