## Summary of overall evidence for association with region:
## log10(BF for region) = 10.7821
## p-value for region = NA

## BFs for choosing among multi-SNP models:
## log10(average 1-SNP BF) = 10.6389
## log10(average 2-SNP BF) = 10.9758

## Example posterior probabilities for multi-SNP models, based on default prior: [p(l) propto 0.5^l for l=1,2,...,L]
## posterior probability of 1-SNP = 0.479401
## posterior probability of 2-SNP = 0.520599

## log10(BF) for single SNP and pair of SNPs:
rs3806009      -0.366	+1.065	+1.059	+1.073	+1.056	+2.135	+3.001	+1.514	+1.462	+0.905	+2.154	+0.250	+1.271	+0.213	+0.201	+0.205	-0.094	+2.078	-0.635	+1.937	-0.116	-0.635	-0.136	-0.145	-0.636	-0.161	+7.158	-0.636	+7.157	+1.591	-0.176	+7.153	+7.124	+7.220	-0.636	+7.253	-0.637	+7.181	-0.638	-0.638	-0.215	-0.638	+7.130	+7.205	+7.090	+7.086	+1.597	+1.596	+7.162	+7.092	-0.223	+6.406	-0.690	-0.636	-0.635	+10.082	+10.080	+10.073	+10.069	+10.528	+9.988	+9.978	+9.968	+10.011	+9.950	-0.635	+9.651	+9.721	+1.524	+9.586	+4.188	+9.882	+9.877	+4.171	-0.635	+11.155	+10.629	-0.635	+10.804	-0.635	+10.768	+10.642	+10.744	-0.635	+10.645	+10.743	-0.637	+11.188	-0.692	-0.635	-0.692	+10.600	+11.128	-0.632	+0.916	+9.999	+4.017	+0.792	+0.809	+0.748	+3.935	+9.570	+3.997	+9.584	+9.440	+0.748	+9.527	+9.530	+9.505	+3.946	+0.708	+9.971	+0.850	+9.591	+9.590	+9.590	+9.518	+0.771	+9.591	+3.916	+0.854	-0.667	+3.892	+10.029	+1.049	+9.932	+9.870	+9.928	+9.918	+9.941	+9.615	+0.658	+0.616	+0.761	+0.835	+9.797	+9.746	+9.821	+9.364	+3.749	+9.835	+9.239	+3.690	+3.664	+3.684	+3.682	+3.665	+9.653	-0.627	+3.622	+3.622	-0.637	-0.639	-0.639	-0.639	-0.639	-0.639	+1.578	-0.623	+1.174	-0.627	+1.156	+2.773	+1.441	+1.442	+1.343	+1.444	+1.446	+1.457	+1.461	+1.461	+1.435	-0.625	+1.464	+1.461	+1.330	+1.465	+1.590	+1.450	
rs9446188      +1.065	+0.990	+0.927	+0.931	+0.921	+2.488	+3.197	+1.880	+1.837	+1.763	+2.444	+1.296	+1.003	+1.266	+1.256	+1.259	+0.970	+3.068	+0.661	+3.522	+0.950	+0.660	+0.935	+0.927	+0.660	+0.915	+7.247	+0.660	+7.247	+3.165	+0.902	+7.242	+7.215	+7.308	+0.660	+7.340	+0.661	+7.269	+0.661	+0.661	+0.871	+0.661	+7.221	+7.293	+7.182	+7.178	+3.180	+3.179	+7.240	+7.173	+0.863	+6.530	+0.604	+0.661	+0.661	+10.144	+10.142	+10.136	+10.132	+10.601	+10.053	+10.044	+10.034	+10.077	+10.017	+0.660	+9.728	+9.796	+3.102	+9.666	+4.752	+9.953	+9.948	+4.738	+0.660	+11.275	+10.759	+0.660	+11.024	+0.660	+10.895	+10.772	+10.871	+0.660	+10.775	+10.871	+0.660	+11.308	+0.603	+0.660	+0.603	+10.731	+11.262	+0.661	+2.414	+10.196	+4.717	+2.278	+2.227	+2.175	+4.642	+9.674	+4.699	+9.687	+9.547	+2.176	+9.635	+9.638	+9.741	+4.651	+2.196	+10.144	+2.341	+9.805	+9.805	+9.805	+9.628	+2.258	+9.805	+4.624	+2.348	+0.627	+4.599	+10.201	+2.544	+10.108	+10.047	+10.104	+10.094	+10.011	+9.722	+2.044	+2.030	+2.191	+2.289	+9.982	+9.933	+10.007	+9.505	+3.871	+10.020	+9.490	+3.827	+3.806	+3.825	+3.823	+3.808	+9.840	+0.664	+3.771	+3.771	+0.663	+0.666	+0.666	+0.668	+0.666	+0.666	+2.610	+0.728	+2.190	+0.721	+2.172	+3.322	+2.388	+2.389	+2.325	+2.391	+2.393	+2.403	+2.407	+2.407	+2.387	+0.724	+2.409	+2.406	+2.313	+2.410	+2.520	+2.396	
rs12530055     +1.059	+0.927	+0.993	+0.943	+0.931	+2.485	+3.194	+1.879	+1.836	+1.764	+2.443	+1.299	+1.009	+1.267	+1.258	+1.261	+0.971	+3.072	+0.664	+3.529	+0.953	+0.663	+0.937	+0.929	+0.663	+0.917	+7.247	+0.663	+7.246	+3.172	+0.904	+7.241	+7.214	+7.307	+0.663	+7.339	+0.664	+7.269	+0.664	+0.664	+0.873	+0.664	+7.221	+7.293	+7.182	+7.178	+3.187	+3.186	+7.239	+7.172	+0.865	+6.529	+0.607	+0.664	+0.664	+10.144	+10.142	+10.136	+10.131	+10.601	+10.053	+10.044	+10.034	+10.077	+10.017	+0.663	+9.728	+9.796	+3.114	+9.666	+4.755	+9.951	+9.947	+4.740	+0.663	+11.274	+10.757	+0.663	+11.024	+0.663	+10.893	+10.770	+10.869	+0.663	+10.773	+10.869	+0.663	+11.308	+0.606	+0.663	+0.606	+10.729	+11.263	+0.664	+2.420	+10.197	+4.721	+2.284	+2.236	+2.181	+4.645	+9.674	+4.703	+9.688	+9.547	+2.182	+9.635	+9.638	+9.741	+4.655	+2.202	+10.144	+2.348	+9.806	+9.806	+9.806	+9.628	+2.265	+9.806	+4.627	+2.355	+0.630	+4.602	+10.202	+2.550	+10.108	+10.048	+10.104	+10.095	+10.011	+9.722	+2.052	+2.039	+2.200	+2.295	+9.982	+9.933	+10.006	+9.503	+3.869	+10.020	+9.490	+3.825	+3.804	+3.823	+3.821	+3.806	+9.840	+0.667	+3.770	+3.769	+0.667	+0.669	+0.669	+0.671	+0.669	+0.669	+2.610	+0.731	+2.190	+0.725	+2.172	+3.323	+2.390	+2.391	+2.326	+2.393	+2.395	+2.405	+2.408	+2.408	+2.389	+0.728	+2.411	+2.408	+2.312	+2.412	+2.521	+2.398	
rs1885339      +1.073	+0.931	+0.943	+1.001	+0.940	+2.488	+3.197	+1.882	+1.839	+1.770	+2.446	+1.305	+1.015	+1.274	+1.265	+1.268	+0.978	+3.078	+0.672	+3.541	+0.959	+0.672	+0.944	+0.936	+0.671	+0.924	+7.247	+0.671	+7.247	+3.183	+0.911	+7.242	+7.215	+7.308	+0.671	+7.340	+0.672	+7.269	+0.672	+0.672	+0.880	+0.673	+7.221	+7.294	+7.182	+7.178	+3.199	+3.198	+7.240	+7.172	+0.872	+6.529	+0.616	+0.672	+0.672	+10.144	+10.142	+10.136	+10.132	+10.601	+10.053	+10.044	+10.035	+10.077	+10.017	+0.672	+9.728	+9.796	+3.125	+9.666	+4.759	+9.952	+9.947	+4.744	+0.671	+11.274	+10.757	+0.671	+11.024	+0.671	+10.893	+10.770	+10.869	+0.671	+10.773	+10.869	+0.672	+11.308	+0.614	+0.671	+0.614	+10.730	+11.262	+0.672	+2.431	+10.197	+4.726	+2.295	+2.246	+2.191	+4.650	+9.675	+4.707	+9.688	+9.548	+2.192	+9.636	+9.639	+9.742	+4.660	+2.213	+10.144	+2.359	+9.806	+9.806	+9.806	+9.628	+2.275	+9.806	+4.632	+2.365	+0.639	+4.607	+10.202	+2.561	+10.108	+10.048	+10.104	+10.095	+10.012	+9.722	+2.061	+2.049	+2.210	+2.305	+9.982	+9.934	+10.006	+9.503	+3.870	+10.020	+9.490	+3.827	+3.805	+3.824	+3.823	+3.807	+9.841	+0.675	+3.771	+3.771	+0.675	+0.677	+0.678	+0.679	+0.678	+0.678	+2.616	+0.740	+2.195	+0.734	+2.178	+3.328	+2.395	+2.397	+2.332	+2.398	+2.400	+2.410	+2.414	+2.414	+2.394	+0.736	+2.416	+2.414	+2.318	+2.417	+2.526	+2.403	
rs3806021      +1.056	+0.921	+0.931	+0.940	+1.000	+2.483	+3.191	+1.878	+1.834	+1.768	+2.438	+1.303	+1.026	+1.271	+1.262	+1.265	+0.976	+3.073	+0.670	+3.539	+0.957	+0.670	+0.941	+0.934	+0.669	+0.921	+7.243	+0.669	+7.242	+3.181	+0.909	+7.238	+7.211	+7.304	+0.669	+7.336	+0.670	+7.265	+0.670	+0.670	+0.878	+0.671	+7.217	+7.289	+7.178	+7.174	+3.197	+3.196	+7.236	+7.169	+0.869	+6.524	+0.614	+0.670	+0.670	+10.141	+10.139	+10.133	+10.128	+10.596	+10.050	+10.041	+10.031	+10.074	+10.014	+0.670	+9.724	+9.792	+3.125	+9.662	+4.755	+9.948	+9.943	+4.740	+0.669	+11.265	+10.750	+0.669	+11.010	+0.670	+10.887	+10.763	+10.863	+0.670	+10.766	+10.862	+0.670	+11.298	+0.613	+0.670	+0.612	+10.723	+11.252	+0.670	+2.430	+10.186	+4.722	+2.294	+2.245	+2.190	+4.646	+9.669	+4.703	+9.683	+9.543	+2.191	+9.630	+9.634	+9.729	+4.656	+2.212	+10.134	+2.357	+9.795	+9.794	+9.794	+9.623	+2.274	+9.795	+4.628	+2.364	+0.637	+4.603	+10.191	+2.560	+10.098	+10.037	+10.094	+10.084	+10.008	+9.717	+2.060	+2.047	+2.209	+2.304	+9.971	+9.922	+9.995	+9.496	+3.865	+10.009	+9.477	+3.821	+3.800	+3.819	+3.817	+3.802	+9.829	+0.673	+3.765	+3.765	+0.673	+0.675	+0.676	+0.677	+0.676	+0.676	+2.609	+0.738	+2.188	+0.732	+2.171	+3.325	+2.388	+2.389	+2.324	+2.391	+2.393	+2.403	+2.406	+2.406	+2.387	+0.734	+2.409	+2.406	+2.311	+2.410	+2.519	+2.396	
rs2208608      +2.135	+2.488	+2.485	+2.488	+2.483	+2.593	+3.366	+2.435	+2.409	+2.345	+2.589	+2.230	+2.583	+2.221	+2.219	+2.221	+2.220	+4.836	+2.291	+3.420	+2.208	+2.292	+2.197	+2.192	+2.292	+2.184	+7.469	+2.292	+7.468	+3.188	+2.176	+7.465	+7.438	+7.527	+2.291	+7.556	+2.284	+7.492	+2.278	+2.277	+2.154	+2.274	+7.451	+7.519	+7.415	+7.411	+3.217	+3.217	+7.467	+7.402	+2.142	+6.839	+2.224	+2.284	+2.284	+10.422	+10.420	+10.415	+10.411	+10.660	+10.335	+10.327	+10.317	+10.359	+10.301	+2.287	+10.040	+10.106	+3.251	+9.998	+5.229	+10.239	+10.234	+5.221	+2.286	+11.270	+11.045	+2.286	+10.897	+2.286	+11.174	+11.054	+11.151	+2.286	+11.058	+11.150	+2.276	+11.303	+2.213	+2.287	+2.211	+11.017	+11.262	+2.298	+2.917	+10.207	+5.486	+2.831	+2.870	+2.824	+5.418	+10.100	+5.472	+10.113	+9.982	+2.841	+10.085	+10.088	+9.737	+5.431	+2.772	+10.191	+2.895	+9.844	+9.844	+9.844	+10.078	+2.835	+9.845	+5.406	+2.899	+2.228	+5.379	+10.248	+3.057	+10.156	+10.098	+10.152	+10.143	+10.427	+10.169	+2.786	+2.757	+2.855	+2.882	+10.034	+9.987	+10.057	+9.937	+5.501	+10.071	+9.501	+5.456	+5.434	+5.452	+5.451	+5.437	+9.901	+2.307	+5.398	+5.398	+2.261	+2.242	+2.241	+2.234	+2.240	+2.240	+3.805	+2.148	+3.504	+2.150	+3.488	+4.919	+3.750	+3.751	+3.653	+3.753	+3.755	+3.765	+3.769	+3.769	+3.735	+2.148	+3.772	+3.770	+3.639	+3.774	+3.884	+3.759	
rs1535390      +3.001	+3.197	+3.194	+3.197	+3.191	+3.366	+3.576	+3.125	+3.116	+3.146	+3.248	+3.122	+3.266	+3.123	+3.123	+3.123	+3.053	+5.696	+3.250	+4.012	+3.044	+3.251	+3.036	+3.033	+3.250	+3.027	+7.671	+3.250	+7.670	+3.809	+3.022	+7.667	+7.642	+7.726	+3.250	+7.753	+3.242	+7.694	+3.236	+3.234	+3.007	+3.231	+7.657	+7.722	+7.623	+7.620	+3.836	+3.836	+7.670	+7.607	+2.998	+7.095	+3.174	+3.241	+3.241	+10.604	+10.602	+10.597	+10.594	+10.737	+10.520	+10.512	+10.503	+10.544	+10.488	+3.245	+10.242	+10.306	+3.873	+10.208	+5.724	+10.427	+10.423	+5.718	+3.243	+11.372	+11.236	+3.243	+11.037	+3.243	+11.361	+11.244	+11.339	+3.244	+11.248	+11.338	+3.232	+11.404	+3.164	+3.245	+3.162	+11.209	+11.391	+3.257	+3.587	+10.379	+6.064	+3.513	+3.551	+3.512	+5.999	+10.334	+6.050	+10.346	+10.219	+3.529	+10.326	+10.329	+9.933	+6.012	+3.465	+10.364	+3.572	+10.038	+10.038	+10.038	+10.318	+3.520	+10.038	+5.988	+3.576	+3.178	+5.960	+10.420	+3.712	+10.330	+10.274	+10.327	+10.318	+10.651	+10.407	+3.484	+3.457	+3.542	+3.562	+10.214	+10.169	+10.236	+10.179	+6.358	+10.250	+9.708	+6.314	+6.293	+6.310	+6.309	+6.295	+10.087	+3.266	+6.258	+6.258	+3.215	+3.194	+3.193	+3.184	+3.192	+3.192	+4.473	+3.089	+4.192	+3.091	+4.178	+5.595	+4.427	+4.428	+4.335	+4.430	+4.432	+4.441	+4.445	+4.445	+4.412	+3.090	+4.448	+4.446	+4.321	+4.450	+4.553	+4.436	
rs9454968      +1.514	+1.880	+1.879	+1.882	+1.878	+2.435	+3.125	+2.097	+2.055	+2.107	+2.453	+1.888	+1.958	+1.872	+1.868	+1.870	+1.636	+4.562	+1.836	+2.659	+1.631	+1.833	+1.626	+1.623	+1.832	+1.620	+7.312	+1.832	+7.312	+2.452	+1.617	+7.306	+7.277	+7.376	+1.832	+7.411	+1.839	+7.334	+1.845	+1.846	+1.609	+1.848	+7.277	+7.355	+7.236	+7.232	+2.475	+2.475	+7.315	+7.243	+1.607	+6.531	+1.682	+1.823	+1.823	+10.182	+10.180	+10.173	+10.168	+10.699	+10.087	+10.077	+10.067	+10.110	+10.048	+1.819	+9.744	+9.813	+2.495	+9.675	+5.224	+9.980	+9.974	+5.215	+1.819	+11.361	+10.716	+1.819	+11.048	+1.819	+10.856	+10.729	+10.831	+1.818	+10.732	+10.831	+1.827	+11.394	+1.696	+1.817	+1.698	+10.687	+11.391	+1.808	+2.190	+10.354	+5.441	+2.117	+2.148	+2.110	+5.369	+9.671	+5.425	+9.684	+9.544	+2.119	+9.632	+9.635	+9.894	+5.382	+2.063	+10.326	+2.165	+9.991	+9.991	+9.991	+9.624	+2.115	+9.991	+5.355	+2.169	+1.758	+5.328	+10.383	+2.300	+10.291	+10.233	+10.287	+10.278	+10.029	+9.719	+2.078	+2.050	+2.131	+2.160	+10.170	+10.122	+10.193	+9.477	+5.150	+10.207	+9.658	+5.103	+5.081	+5.099	+5.098	+5.083	+10.036	+1.797	+5.046	+5.045	+1.832	+1.851	+1.853	+1.863	+1.853	+1.853	+2.877	+1.941	+2.613	+1.929	+2.599	+3.889	+2.823	+2.824	+2.743	+2.826	+2.828	+2.836	+2.840	+2.840	+2.828	+1.933	+2.842	+2.840	+2.732	+2.844	+2.941	+2.831	
rs1535391      +1.462	+1.837	+1.836	+1.839	+1.834	+2.409	+3.116	+2.055	+2.041	+2.065	+2.425	+1.840	+1.916	+1.824	+1.820	+1.822	+1.586	+4.505	+1.777	+2.617	+1.580	+1.774	+1.575	+1.573	+1.773	+1.569	+7.319	+1.773	+7.318	+2.409	+1.566	+7.313	+7.283	+7.383	+1.773	+7.418	+1.780	+7.340	+1.786	+1.787	+1.558	+1.789	+7.283	+7.361	+7.242	+7.237	+2.432	+2.432	+7.322	+7.250	+1.556	+6.530	+1.627	+1.765	+1.765	+10.185	+10.183	+10.176	+10.172	+10.688	+10.090	+10.080	+10.070	+10.113	+10.051	+1.761	+9.745	+9.815	+2.451	+9.676	+5.187	+9.983	+9.977	+5.178	+1.761	+11.347	+10.717	+1.761	+11.029	+1.760	+10.856	+10.730	+10.832	+1.760	+10.732	+10.831	+1.769	+11.379	+1.641	+1.759	+1.642	+10.687	+11.374	+1.750	+2.143	+10.334	+5.398	+2.070	+2.102	+2.064	+5.326	+9.667	+5.383	+9.681	+9.540	+2.072	+9.628	+9.631	+9.871	+5.339	+2.016	+10.306	+2.118	+9.970	+9.969	+9.969	+9.619	+2.068	+9.970	+5.312	+2.122	+1.701	+5.285	+10.363	+2.254	+10.271	+10.212	+10.267	+10.257	+10.027	+9.715	+2.030	+2.002	+2.085	+2.113	+10.149	+10.101	+10.172	+9.471	+5.112	+10.186	+9.635	+5.065	+5.043	+5.061	+5.059	+5.045	+10.015	+1.739	+5.008	+5.007	+1.773	+1.793	+1.794	+1.804	+1.794	+1.794	+2.834	+1.881	+2.569	+1.869	+2.555	+3.852	+2.780	+2.781	+2.699	+2.782	+2.784	+2.793	+2.796	+2.796	+2.784	+1.873	+2.799	+2.797	+2.687	+2.800	+2.898	+2.788	
rs9446195      +0.905	+1.763	+1.764	+1.770	+1.768	+2.345	+3.146	+2.107	+2.065	+1.544	+2.504	+1.259	+1.893	+1.253	+1.253	+1.253	+1.155	+3.728	+1.193	+2.558	+1.144	+1.194	+1.134	+1.129	+1.193	+1.122	+7.444	+1.193	+7.444	+2.305	+1.114	+7.439	+7.413	+7.504	+1.193	+7.536	+1.188	+7.467	+1.184	+1.182	+1.095	+1.181	+7.423	+7.495	+7.386	+7.382	+2.321	+2.320	+7.445	+7.379	+1.086	+6.740	+1.125	+1.189	+1.189	+10.420	+10.418	+10.412	+10.408	+10.734	+10.332	+10.323	+10.313	+10.356	+10.296	+1.191	+10.005	+10.071	+2.322	+9.937	+4.487	+10.234	+10.229	+4.473	+1.190	+11.347	+11.018	+1.190	+10.953	+1.191	+11.152	+11.030	+11.128	+1.191	+11.034	+11.127	+1.184	+11.380	+1.114	+1.192	+1.113	+10.992	+11.354	+1.200	+1.961	+10.262	+4.572	+1.871	+1.925	+1.876	+4.499	+10.054	+4.556	+10.067	+9.933	+1.896	+10.045	+10.048	+9.779	+4.512	+1.815	+10.257	+1.939	+9.894	+9.894	+9.894	+10.035	+1.877	+9.895	+4.485	+1.942	+1.139	+4.458	+10.314	+2.108	+10.220	+10.160	+10.216	+10.207	+10.405	+10.126	+1.840	+1.801	+1.906	+1.936	+10.091	+10.041	+10.115	+9.879	+5.161	+10.128	+9.531	+5.116	+5.092	+5.111	+5.109	+5.093	+9.956	+1.208	+5.048	+5.048	+1.174	+1.160	+1.160	+1.155	+1.159	+1.159	+2.996	+1.100	+2.671	+1.100	+2.656	+3.731	+2.947	+2.949	+2.835	+2.950	+2.953	+2.963	+2.967	+2.967	+2.934	+1.100	+2.970	+2.968	+2.823	+2.973	+3.093	+2.958	
rs9446196      +2.154	+2.444	+2.443	+2.446	+2.438	+2.589	+3.248	+2.453	+2.425	+2.504	+2.564	+2.169	+2.525	+2.166	+2.166	+2.166	+2.091	+6.128	+2.228	+3.277	+2.081	+2.229	+2.073	+2.069	+2.229	+2.063	+7.499	+2.229	+7.500	+3.053	+2.057	+7.494	+7.470	+7.556	+2.228	+7.587	+2.222	+7.521	+2.216	+2.214	+2.043	+2.212	+7.480	+7.547	+7.443	+7.440	+3.083	+3.083	+7.496	+7.433	+2.045	+6.873	+2.148	+2.222	+2.222	+10.451	+10.449	+10.443	+10.440	+10.700	+10.364	+10.355	+10.347	+10.389	+10.331	+2.225	+10.073	+10.139	+3.110	+10.035	+5.495	+10.271	+10.267	+5.487	+2.224	+11.319	+11.070	+2.224	+10.942	+2.224	+11.200	+11.080	+11.177	+2.224	+11.083	+11.176	+2.214	+11.352	+2.142	+2.226	+2.141	+11.042	+11.293	+2.236	+2.749	+10.245	+5.805	+2.668	+2.718	+2.676	+5.733	+10.109	+5.789	+10.122	+9.990	+2.691	+10.094	+10.097	+9.769	+5.746	+2.614	+10.234	+2.728	+9.883	+9.882	+9.882	+10.086	+2.672	+9.883	+5.719	+2.733	+2.164	+5.690	+10.292	+2.877	+10.199	+10.141	+10.196	+10.186	+10.445	+10.177	+2.643	+2.608	+2.702	+2.723	+10.076	+10.029	+10.101	+9.941	+5.698	+10.114	+9.534	+5.650	+5.628	+5.646	+5.645	+5.631	+9.942	+2.247	+5.594	+5.594	+2.203	+2.186	+2.184	+2.178	+2.184	+2.184	+3.737	+2.099	+3.422	+2.100	+3.405	+5.122	+3.672	+3.674	+3.568	+3.675	+3.677	+3.687	+3.691	+3.691	+3.658	+2.099	+3.694	+3.691	+3.555	+3.695	+3.806	+3.680	
rs78133550     +0.250	+1.296	+1.299	+1.305	+1.303	+2.230	+3.122	+1.888	+1.840	+1.259	+2.169	+0.804	+1.440	+0.756	+0.754	+0.754	+0.533	+4.167	+0.471	+2.069	+0.519	+0.472	+0.507	+0.501	+0.471	+0.492	+7.404	+0.471	+7.404	+1.802	+0.483	+7.399	+7.372	+7.466	+0.471	+7.498	+0.467	+7.427	+0.463	+0.462	+0.460	+0.460	+7.380	+7.453	+7.341	+7.337	+1.820	+1.819	+7.405	+7.337	+0.460	+6.674	+0.401	+0.468	+0.469	+10.375	+10.373	+10.367	+10.363	+10.751	+10.285	+10.276	+10.267	+10.310	+10.250	+0.471	+9.954	+10.022	+1.812	+9.887	+4.443	+10.186	+10.181	+4.428	+0.470	+11.352	+10.963	+0.470	+10.931	+0.470	+11.098	+10.975	+11.074	+0.470	+10.978	+11.074	+0.464	+11.385	+0.393	+0.471	+0.392	+10.935	+11.319	+0.479	+1.384	+10.208	+4.457	+1.289	+1.355	+1.301	+4.380	+9.956	+4.439	+9.969	+9.832	+1.316	+9.939	+9.943	+9.703	+4.392	+1.226	+10.204	+1.354	+9.823	+9.823	+9.823	+9.930	+1.289	+9.823	+4.364	+1.357	+0.420	+4.336	+10.262	+1.528	+10.167	+10.105	+10.163	+10.153	+10.317	+10.023	+1.261	+1.215	+1.327	+1.356	+10.034	+9.983	+10.058	+9.767	+4.719	+10.072	+9.449	+4.670	+4.646	+4.665	+4.664	+4.647	+9.894	+0.488	+4.603	+4.603	+0.456	+0.444	+0.444	+0.439	+0.443	+0.443	+2.499	+0.393	+2.143	+0.392	+2.126	+3.464	+2.434	+2.435	+2.312	+2.437	+2.439	+2.450	+2.454	+2.454	+2.421	+0.392	+2.457	+2.454	+2.299	+2.459	+2.586	+2.444	
rs3806027      +1.271	+1.003	+1.009	+1.015	+1.026	+2.583	+3.266	+1.958	+1.916	+1.893	+2.525	+1.440	+1.166	+1.407	+1.398	+1.401	+1.111	+3.200	+0.829	+3.724	+1.092	+0.828	+1.077	+1.069	+0.828	+1.057	+7.255	+0.828	+7.254	+3.364	+1.045	+7.250	+7.222	+7.316	+0.828	+7.347	+0.829	+7.277	+0.829	+0.830	+1.015	+0.830	+7.229	+7.301	+7.190	+7.186	+3.380	+3.379	+7.247	+7.180	+1.006	+6.538	+0.770	+0.829	+0.829	+10.148	+10.145	+10.139	+10.135	+10.602	+10.057	+10.047	+10.038	+10.080	+10.021	+0.828	+9.731	+9.799	+3.307	+9.669	+4.845	+9.955	+9.950	+4.831	+0.828	+11.272	+10.757	+0.828	+11.020	+0.828	+10.893	+10.770	+10.869	+0.828	+10.773	+10.869	+0.829	+11.305	+0.769	+0.828	+0.769	+10.730	+11.260	+0.829	+2.607	+10.199	+4.823	+2.469	+2.416	+2.362	+4.748	+9.679	+4.805	+9.693	+9.553	+2.363	+9.641	+9.644	+9.744	+4.758	+2.388	+10.147	+2.534	+9.810	+9.809	+9.809	+9.633	+2.450	+9.810	+4.730	+2.541	+0.794	+4.705	+10.204	+2.737	+10.111	+10.051	+10.107	+10.097	+10.017	+9.727	+2.229	+2.218	+2.381	+2.478	+9.984	+9.936	+10.008	+9.507	+3.898	+10.022	+9.494	+3.856	+3.834	+3.853	+3.852	+3.837	+9.844	+0.831	+3.801	+3.801	+0.832	+0.835	+0.836	+0.837	+0.836	+0.836	+2.726	+0.905	+2.305	+0.898	+2.287	+3.415	+2.500	+2.501	+2.439	+2.503	+2.505	+2.514	+2.518	+2.518	+2.498	+0.901	+2.520	+2.518	+2.425	+2.521	+2.628	+2.507	
rs1535392      +0.213	+1.266	+1.267	+1.274	+1.271	+2.221	+3.123	+1.872	+1.824	+1.253	+2.166	+0.756	+1.407	+0.760	+0.730	+0.732	+0.498	+4.124	+0.429	+2.031	+0.485	+0.430	+0.473	+0.467	+0.430	+0.457	+7.396	+0.430	+7.395	+1.763	+0.448	+7.391	+7.363	+7.458	+0.430	+7.490	+0.425	+7.419	+0.421	+0.420	+0.425	+0.419	+7.371	+7.444	+7.332	+7.328	+1.781	+1.780	+7.397	+7.328	+0.424	+6.661	+0.359	+0.427	+0.427	+10.359	+10.357	+10.351	+10.347	+10.750	+10.269	+10.260	+10.251	+10.294	+10.233	+0.429	+9.937	+10.005	+1.776	+9.870	+4.436	+10.168	+10.162	+4.420	+0.429	+11.346	+10.941	+0.429	+10.920	+0.429	+11.078	+10.954	+11.053	+0.429	+10.957	+11.053	+0.423	+11.379	+0.352	+0.430	+0.351	+10.914	+11.310	+0.438	+1.344	+10.194	+4.428	+1.249	+1.318	+1.263	+4.351	+9.934	+4.411	+9.948	+9.810	+1.277	+9.916	+9.919	+9.686	+4.363	+1.186	+10.189	+1.314	+9.806	+9.805	+9.805	+9.907	+1.250	+9.806	+4.334	+1.317	+0.378	+4.307	+10.247	+1.488	+10.151	+10.090	+10.147	+10.137	+10.296	+10.000	+1.224	+1.178	+1.290	+1.316	+10.018	+9.967	+10.040	+9.740	+4.674	+10.055	+9.430	+4.625	+4.601	+4.621	+4.619	+4.602	+9.877	+0.447	+4.558	+4.558	+0.415	+0.403	+0.403	+0.398	+0.402	+0.402	+2.453	+0.351	+2.097	+0.350	+2.080	+3.427	+2.391	+2.392	+2.267	+2.394	+2.396	+2.407	+2.411	+2.411	+2.378	+0.350	+2.414	+2.411	+2.253	+2.416	+2.542	+2.401	
rs1535393      +0.201	+1.256	+1.258	+1.265	+1.262	+2.219	+3.123	+1.868	+1.820	+1.253	+2.166	+0.754	+1.398	+0.730	+0.747	+0.728	+0.489	+4.106	+0.417	+2.019	+0.476	+0.418	+0.463	+0.457	+0.417	+0.448	+7.394	+0.417	+7.394	+1.752	+0.438	+7.389	+7.361	+7.456	+0.417	+7.488	+0.413	+7.417	+0.409	+0.408	+0.415	+0.406	+7.368	+7.442	+7.329	+7.325	+1.769	+1.769	+7.395	+7.326	+0.414	+6.659	+0.347	+0.415	+0.415	+10.355	+10.352	+10.347	+10.342	+10.750	+10.264	+10.255	+10.246	+10.289	+10.229	+0.417	+9.932	+10.000	+1.762	+9.865	+4.434	+10.164	+10.159	+4.418	+0.416	+11.344	+10.937	+0.416	+10.917	+0.416	+11.074	+10.950	+11.050	+0.417	+10.953	+11.049	+0.410	+11.378	+0.339	+0.417	+0.338	+10.910	+11.308	+0.425	+1.333	+10.190	+4.421	+1.238	+1.305	+1.251	+4.343	+9.927	+4.403	+9.940	+9.803	+1.266	+9.909	+9.912	+9.681	+4.355	+1.175	+10.184	+1.303	+9.800	+9.800	+9.800	+9.900	+1.238	+9.800	+4.327	+1.305	+0.367	+4.299	+10.242	+1.476	+10.147	+10.085	+10.143	+10.133	+10.289	+9.992	+1.211	+1.165	+1.277	+1.305	+10.013	+9.962	+10.037	+9.735	+4.664	+10.051	+9.425	+4.615	+4.591	+4.610	+4.609	+4.592	+9.872	+0.434	+4.548	+4.548	+0.403	+0.391	+0.390	+0.386	+0.390	+0.390	+2.441	+0.339	+2.085	+0.338	+2.068	+3.418	+2.377	+2.378	+2.253	+2.380	+2.382	+2.392	+2.397	+2.397	+2.364	+0.338	+2.400	+2.397	+2.241	+2.401	+2.528	+2.387	
rs1535394      +0.205	+1.259	+1.261	+1.268	+1.265	+2.221	+3.123	+1.870	+1.822	+1.253	+2.166	+0.754	+1.401	+0.732	+0.728	+0.751	+0.492	+4.114	+0.421	+2.022	+0.478	+0.422	+0.465	+0.460	+0.421	+0.450	+7.394	+0.422	+7.394	+1.755	+0.441	+7.389	+7.362	+7.456	+0.421	+7.489	+0.417	+7.417	+0.413	+0.412	+0.418	+0.411	+7.369	+7.442	+7.330	+7.326	+1.772	+1.772	+7.395	+7.327	+0.417	+6.659	+0.351	+0.419	+0.419	+10.355	+10.353	+10.347	+10.343	+10.750	+10.265	+10.255	+10.246	+10.290	+10.229	+0.421	+9.933	+10.001	+1.765	+9.866	+4.435	+10.165	+10.160	+4.419	+0.420	+11.345	+10.938	+0.420	+10.917	+0.421	+11.074	+10.951	+11.050	+0.421	+10.954	+11.050	+0.414	+11.378	+0.343	+0.422	+0.342	+10.910	+11.308	+0.429	+1.336	+10.190	+4.421	+1.241	+1.308	+1.254	+4.344	+9.928	+4.404	+9.941	+9.804	+1.269	+9.910	+9.913	+9.681	+4.356	+1.178	+10.185	+1.306	+9.801	+9.801	+9.801	+9.901	+1.241	+9.801	+4.327	+1.308	+0.371	+4.300	+10.243	+1.480	+10.147	+10.086	+10.143	+10.133	+10.290	+9.993	+1.215	+1.168	+1.280	+1.308	+10.013	+9.963	+10.038	+9.736	+4.667	+10.052	+9.425	+4.618	+4.594	+4.613	+4.612	+4.595	+9.873	+0.439	+4.551	+4.551	+0.407	+0.395	+0.394	+0.390	+0.394	+0.394	+2.443	+0.343	+2.088	+0.342	+2.071	+3.419	+2.379	+2.381	+2.256	+2.382	+2.385	+2.395	+2.399	+2.400	+2.366	+0.342	+2.403	+2.400	+2.244	+2.404	+2.531	+2.389	
rs7755777      -0.094	+0.970	+0.971	+0.978	+0.976	+2.220	+3.053	+1.636	+1.586	+1.155	+2.091	+0.533	+1.111	+0.498	+0.489	+0.492	+0.356	+3.895	+0.130	+1.500	+0.259	+0.128	+0.249	+0.246	+0.128	+0.240	+8.116	+0.128	+8.127	+1.246	+0.236	+8.108	+8.085	+8.187	+0.128	+8.240	+0.133	+8.133	+0.138	+0.139	+0.231	+0.141	+8.052	+8.142	+8.000	+7.995	+1.262	+1.262	+8.126	+8.048	+0.195	+7.180	+0.080	+0.122	+0.122	+10.794	+10.791	+10.782	+10.777	+10.709	+10.684	+10.674	+10.658	+10.702	+10.635	+0.119	+10.319	+10.396	+1.260	+10.208	+4.321	+10.562	+10.554	+4.306	+0.119	+11.361	+11.208	+0.119	+10.804	+0.119	+11.363	+11.224	+11.336	+0.119	+11.225	+11.334	+0.125	+11.394	+0.108	+0.118	+0.109	+11.173	+11.303	+0.110	+0.858	+10.203	+4.247	+0.770	+0.909	+0.856	+4.168	+9.785	+4.228	+9.800	+9.645	+0.861	+9.726	+9.730	+9.557	+4.180	+0.703	+10.180	+0.821	+9.818	+9.817	+9.817	+9.718	+0.761	+9.818	+4.151	+0.824	+0.146	+4.125	+10.238	+0.981	+10.142	+10.080	+10.138	+10.128	+10.188	+9.821	+0.810	+0.769	+0.875	+0.822	+10.000	+9.949	+10.018	+9.768	+4.023	+10.035	+9.300	+3.974	+3.951	+3.970	+3.968	+3.952	+9.850	+0.101	+3.913	+3.913	+0.127	+0.143	+0.144	+0.151	+0.144	+0.144	+1.748	+0.229	+1.423	+0.219	+1.407	+2.883	+1.742	+1.743	+1.579	+1.745	+1.747	+1.756	+1.760	+1.760	+1.742	+0.222	+1.763	+1.760	+1.565	+1.764	+1.881	+1.750	
rs17712300     +2.078	+3.068	+3.072	+3.078	+3.073	+4.836	+5.696	+4.562	+4.505	+3.728	+6.128	+4.167	+3.200	+4.124	+4.106	+4.114	+3.895	+2.813	+2.391	+3.656	+3.851	+2.393	+3.815	+3.798	+2.392	+3.769	+8.185	+2.392	+8.184	+3.404	+3.740	+8.180	+8.154	+8.242	+2.392	+8.270	+2.386	+8.205	+2.380	+2.378	+3.660	+2.376	+8.164	+8.232	+8.130	+8.126	+3.421	+3.420	+8.187	+8.126	+3.518	+7.510	+2.339	+2.387	+2.388	+10.994	+10.992	+10.987	+10.983	+11.043	+10.910	+10.901	+10.892	+10.932	+10.876	+2.391	+10.586	+10.650	+3.424	+10.517	+4.937	+10.817	+10.814	+4.928	+2.390	+11.672	+11.596	+2.390	+11.389	+2.390	+11.723	+11.606	+11.701	+2.390	+11.609	+11.700	+2.381	+11.705	+2.323	+2.392	+2.321	+11.570	+11.762	+2.403	+3.083	+10.692	+4.804	+2.992	+3.010	+2.961	+4.741	+10.621	+4.791	+10.634	+10.501	+2.957	+10.580	+10.583	+10.243	+4.752	+2.972	+10.645	+3.035	+10.316	+10.315	+10.315	+10.574	+2.972	+10.316	+4.729	+3.036	+2.347	+4.709	+10.701	+3.205	+10.611	+10.553	+10.607	+10.598	+10.915	+10.665	+2.898	+2.867	+2.970	+3.021	+10.491	+10.446	+10.517	+10.465	+6.071	+10.529	+10.001	+6.029	+6.007	+6.025	+6.023	+6.008	+10.358	+2.417	+5.970	+5.970	+2.370	+2.352	+2.350	+2.344	+2.350	+2.350	+3.599	+2.259	+3.325	+2.261	+3.311	+4.172	+3.533	+3.535	+3.463	+3.536	+3.538	+3.548	+3.552	+3.552	+3.521	+2.259	+3.554	+3.552	+3.454	+3.556	+3.709	+3.544	
rs17712342     -0.635	+0.661	+0.664	+0.672	+0.670	+2.291	+3.250	+1.836	+1.777	+1.193	+2.228	+0.471	+0.829	+0.429	+0.417	+0.421	+0.130	+2.391	-0.385	+1.328	+0.103	-0.493	+0.078	+0.066	-0.493	+0.046	+7.971	-0.493	+7.970	+1.038	+0.026	+7.965	+7.934	+8.037	-0.493	+8.073	-0.495	+7.995	-0.496	-0.496	-0.023	-0.497	+7.935	+8.016	+7.892	+7.888	+1.054	+1.053	+7.978	+7.902	-0.033	+7.168	-0.653	-0.517	-0.517	+11.025	+11.022	+11.015	+11.010	+11.393	+10.921	+10.911	+10.898	+10.945	+10.878	-0.517	+10.570	+10.646	+1.034	+10.512	+4.663	+10.805	+10.798	+4.645	-0.519	+12.048	+11.532	-0.519	+11.639	-0.519	+11.680	+11.543	+11.654	-0.519	+11.546	+11.652	-0.523	+12.082	-0.651	-0.519	-0.651	+11.497	+12.016	-0.516	+0.549	+10.818	+4.474	+0.443	+0.514	+0.452	+4.388	+10.409	+4.453	+10.424	+10.264	+0.447	+10.372	+10.376	+10.257	+4.400	+0.357	+10.779	+0.491	+10.370	+10.370	+10.370	+10.362	+0.422	+10.370	+4.368	+0.494	-0.606	+4.344	+10.839	+0.674	+10.737	+10.671	+10.732	+10.722	+10.839	+10.467	+0.399	+0.339	+0.461	+0.503	+10.582	+10.525	+10.603	+10.185	+3.963	+10.618	+9.972	+3.909	+3.884	+3.904	+3.902	+3.886	+10.422	-0.523	+3.844	+3.844	-0.545	-0.547	-0.548	-0.546	-0.548	-0.548	+1.621	-0.532	+1.228	-0.540	+1.209	+3.329	+1.545	+1.546	+1.422	+1.548	+1.550	+1.561	+1.565	+1.565	+1.528	-0.538	+1.568	+1.565	+1.407	+1.569	+1.706	+1.553	
rs3793056      +1.937	+3.522	+3.529	+3.541	+3.539	+3.420	+4.012	+2.659	+2.617	+2.558	+3.277	+2.069	+3.724	+2.031	+2.019	+2.022	+1.500	+3.656	+1.328	+1.703	+1.487	+1.327	+1.474	+1.467	+1.327	+1.456	+7.298	+1.327	+7.297	+1.691	+1.446	+7.293	+7.265	+7.358	+1.327	+7.388	+1.328	+7.320	+1.328	+1.329	+1.419	+1.329	+7.274	+7.346	+7.236	+7.232	+1.605	+1.605	+7.305	+7.238	+1.411	+6.601	+1.272	+1.327	+1.327	+10.189	+10.186	+10.180	+10.175	+10.671	+10.094	+10.084	+10.074	+10.118	+10.056	+1.327	+9.753	+9.823	+1.488	+9.686	+5.126	+9.988	+9.983	+5.119	+1.327	+11.222	+10.781	+1.327	+10.773	+1.327	+10.927	+10.796	+10.901	+1.327	+10.798	+10.901	+1.327	+11.255	+1.280	+1.326	+1.280	+10.751	+11.191	+1.327	+1.384	+10.060	+5.117	+1.387	+1.333	+1.331	+5.045	+9.674	+5.100	+9.688	+9.545	+1.327	+9.631	+9.635	+9.551	+5.059	+1.379	+10.073	+1.369	+9.665	+9.665	+9.665	+9.623	+1.376	+9.665	+5.033	+1.367	+1.299	+5.008	+10.131	+1.376	+10.036	+9.976	+10.032	+10.023	+10.039	+9.719	+1.303	+1.323	+1.326	+1.337	+9.906	+9.857	+9.929	+9.470	+9.307	+9.944	+9.300	+9.169	+9.126	+9.147	+9.144	+9.126	+9.770	+1.329	+9.059	+9.058	+1.330	+1.334	+1.334	+1.336	+1.334	+1.334	+2.232	+1.324	+2.038	+1.320	+2.026	+4.068	+2.320	+2.321	+2.204	+2.323	+2.325	+2.333	+2.337	+2.337	+2.316	+1.321	+2.339	+2.337	+2.194	+2.341	+2.447	+2.329	
rs72916716     -0.116	+0.950	+0.953	+0.959	+0.957	+2.208	+3.044	+1.631	+1.580	+1.144	+2.081	+0.519	+1.092	+0.485	+0.476	+0.478	+0.259	+3.851	+0.103	+1.487	+0.330	+0.102	+0.251	+0.248	+0.102	+0.242	+8.199	+0.102	+8.193	+1.231	+0.238	+8.192	+8.150	+8.271	+0.102	+8.306	+0.107	+8.219	+0.112	+0.113	+0.231	+0.115	+8.129	+8.220	+8.078	+8.073	+1.248	+1.247	+8.204	+8.112	+0.183	+7.234	+0.055	+0.096	+0.096	+10.849	+10.846	+10.837	+10.832	+10.694	+10.739	+10.728	+10.712	+10.756	+10.689	+0.093	+10.371	+10.449	+1.244	+10.258	+4.313	+10.605	+10.597	+4.298	+0.093	+11.343	+11.246	+0.093	+10.794	+0.093	+11.401	+11.261	+11.374	+0.093	+11.262	+11.372	+0.099	+11.376	+0.082	+0.092	+0.084	+11.210	+11.286	+0.085	+0.843	+10.184	+4.233	+0.755	+0.891	+0.840	+4.154	+9.803	+4.214	+9.817	+9.662	+0.845	+9.743	+9.746	+9.546	+4.166	+0.687	+10.162	+0.805	+9.798	+9.797	+9.797	+9.734	+0.745	+9.798	+4.137	+0.808	+0.117	+4.111	+10.220	+0.966	+10.124	+10.062	+10.120	+10.110	+10.208	+9.838	+0.792	+0.751	+0.857	+0.806	+9.982	+9.931	+10.005	+9.793	+4.002	+10.018	+9.288	+3.953	+3.930	+3.949	+3.948	+3.932	+9.832	+0.075	+3.892	+3.892	+0.101	+0.116	+0.117	+0.125	+0.118	+0.118	+1.726	+0.202	+1.400	+0.192	+1.384	+2.880	+1.716	+1.718	+1.555	+1.719	+1.721	+1.731	+1.735	+1.735	+1.717	+0.195	+1.738	+1.735	+1.543	+1.739	+1.856	+1.724	
rs75209831     -0.635	+0.660	+0.663	+0.672	+0.670	+2.292	+3.251	+1.833	+1.774	+1.194	+2.229	+0.472	+0.828	+0.430	+0.418	+0.422	+0.128	+2.393	-0.493	+1.327	+0.102	-0.385	+0.077	+0.065	-0.493	+0.045	+7.967	-0.493	+7.967	+1.038	+0.025	+7.961	+7.931	+8.034	-0.493	+8.069	-0.494	+7.992	-0.495	-0.495	-0.025	-0.495	+7.932	+8.013	+7.889	+7.884	+1.053	+1.053	+7.975	+7.898	-0.034	+7.165	-0.653	-0.517	-0.517	+11.021	+11.019	+11.011	+11.006	+11.396	+10.918	+10.908	+10.895	+10.941	+10.875	-0.517	+10.567	+10.643	+1.033	+10.509	+4.665	+10.801	+10.795	+4.648	-0.518	+12.052	+11.529	-0.518	+11.643	-0.518	+11.677	+11.541	+11.651	-0.518	+11.543	+11.649	-0.522	+12.085	-0.650	-0.518	-0.651	+11.494	+12.020	-0.516	+0.549	+10.821	+4.476	+0.443	+0.514	+0.452	+4.390	+10.406	+4.455	+10.421	+10.261	+0.447	+10.369	+10.373	+10.260	+4.402	+0.357	+10.783	+0.491	+10.374	+10.373	+10.373	+10.359	+0.422	+10.373	+4.370	+0.494	-0.606	+4.346	+10.842	+0.674	+10.740	+10.675	+10.736	+10.725	+10.837	+10.464	+0.399	+0.339	+0.461	+0.503	+10.585	+10.528	+10.606	+10.182	+3.962	+10.622	+9.975	+3.908	+3.883	+3.903	+3.902	+3.885	+10.425	-0.523	+3.843	+3.843	-0.544	-0.546	-0.546	-0.545	-0.546	-0.546	+1.620	-0.530	+1.227	-0.538	+1.208	+3.326	+1.544	+1.545	+1.421	+1.547	+1.549	+1.560	+1.564	+1.564	+1.527	-0.536	+1.567	+1.564	+1.406	+1.568	+1.705	+1.552	
rs3793057      -0.136	+0.935	+0.937	+0.944	+0.941	+2.197	+3.036	+1.626	+1.575	+1.134	+2.073	+0.507	+1.077	+0.473	+0.463	+0.465	+0.249	+3.815	+0.078	+1.474	+0.251	+0.077	+0.307	+0.231	+0.077	+0.223	+8.232	+0.076	+8.225	+1.217	+0.215	+8.224	+8.182	+8.304	+0.077	+8.339	+0.082	+8.251	+0.086	+0.087	+0.202	+0.089	+8.161	+8.252	+8.110	+8.104	+1.233	+1.232	+8.236	+8.143	+0.161	+7.261	+0.029	+0.071	+0.071	+10.871	+10.868	+10.859	+10.853	+10.687	+10.760	+10.749	+10.733	+10.778	+10.710	+0.068	+10.392	+10.470	+1.229	+10.278	+4.308	+10.626	+10.617	+4.293	+0.068	+11.333	+11.264	+0.068	+10.789	+0.068	+11.420	+11.280	+11.393	+0.068	+11.281	+11.391	+0.074	+11.366	+0.056	+0.067	+0.058	+11.228	+11.277	+0.060	+0.827	+10.174	+4.224	+0.738	+0.874	+0.822	+4.144	+9.811	+4.205	+9.825	+9.670	+0.827	+9.750	+9.754	+9.539	+4.156	+0.670	+10.152	+0.788	+9.787	+9.786	+9.786	+9.741	+0.728	+9.787	+4.127	+0.792	+0.091	+4.101	+10.210	+0.949	+10.114	+10.052	+10.110	+10.100	+10.218	+9.845	+0.775	+0.733	+0.839	+0.790	+9.972	+9.921	+9.995	+9.807	+3.989	+10.008	+9.281	+3.941	+3.918	+3.936	+3.935	+3.919	+9.822	+0.051	+3.879	+3.879	+0.076	+0.091	+0.092	+0.099	+0.092	+0.092	+1.712	+0.176	+1.385	+0.165	+1.369	+2.878	+1.701	+1.702	+1.540	+1.704	+1.706	+1.716	+1.720	+1.720	+1.701	+0.169	+1.723	+1.720	+1.528	+1.724	+1.841	+1.709	
rs10485243     -0.145	+0.927	+0.929	+0.936	+0.934	+2.192	+3.033	+1.623	+1.573	+1.129	+2.069	+0.501	+1.069	+0.467	+0.457	+0.460	+0.246	+3.798	+0.066	+1.467	+0.248	+0.065	+0.231	+0.295	+0.065	+0.216	+8.249	+0.065	+8.242	+1.210	+0.207	+8.242	+8.199	+8.321	+0.065	+8.356	+0.070	+8.268	+0.074	+0.075	+0.191	+0.077	+8.178	+8.269	+8.126	+8.121	+1.226	+1.225	+8.254	+8.160	+0.152	+7.276	+0.017	+0.059	+0.059	+10.884	+10.881	+10.872	+10.866	+10.683	+10.773	+10.762	+10.746	+10.790	+10.723	+0.057	+10.404	+10.483	+1.222	+10.290	+4.306	+10.638	+10.630	+4.291	+0.056	+11.329	+11.275	+0.056	+10.787	+0.056	+11.431	+11.291	+11.404	+0.056	+11.292	+11.402	+0.062	+11.361	+0.044	+0.055	+0.046	+11.239	+11.272	+0.048	+0.819	+10.168	+4.219	+0.730	+0.865	+0.814	+4.140	+9.816	+4.200	+9.831	+9.675	+0.818	+9.755	+9.758	+9.536	+4.152	+0.662	+10.147	+0.780	+9.781	+9.780	+9.780	+9.746	+0.720	+9.781	+4.123	+0.784	+0.079	+4.097	+10.205	+0.942	+10.109	+10.047	+10.105	+10.095	+10.223	+9.850	+0.766	+0.724	+0.830	+0.782	+9.967	+9.916	+9.990	+9.815	+3.983	+10.003	+9.278	+3.935	+3.911	+3.930	+3.929	+3.913	+9.817	+0.040	+3.873	+3.873	+0.064	+0.079	+0.080	+0.087	+0.080	+0.080	+1.705	+0.163	+1.378	+0.153	+1.362	+2.877	+1.694	+1.695	+1.533	+1.697	+1.699	+1.709	+1.713	+1.713	+1.694	+0.156	+1.716	+1.713	+1.521	+1.717	+1.834	+1.702	
rs77666373     -0.636	+0.660	+0.663	+0.671	+0.669	+2.292	+3.250	+1.832	+1.773	+1.193	+2.229	+0.471	+0.828	+0.430	+0.417	+0.421	+0.128	+2.392	-0.493	+1.327	+0.102	-0.493	+0.077	+0.065	-0.385	+0.045	+7.968	-0.493	+7.968	+1.038	+0.025	+7.962	+7.931	+8.034	-0.493	+8.070	-0.494	+7.992	-0.495	-0.495	-0.025	-0.495	+7.933	+8.013	+7.889	+7.885	+1.053	+1.052	+7.975	+7.899	-0.034	+7.166	-0.653	-0.516	-0.517	+11.022	+11.020	+11.012	+11.007	+11.396	+10.919	+10.909	+10.896	+10.942	+10.876	-0.517	+10.568	+10.644	+1.033	+10.510	+4.665	+10.802	+10.796	+4.647	-0.518	+12.052	+11.530	-0.518	+11.642	-0.518	+11.678	+11.542	+11.652	-0.518	+11.544	+11.650	-0.522	+12.085	-0.651	-0.518	-0.651	+11.495	+12.019	-0.516	+0.548	+10.821	+4.476	+0.443	+0.514	+0.451	+4.390	+10.408	+4.455	+10.423	+10.262	+0.447	+10.370	+10.374	+10.259	+4.402	+0.357	+10.782	+0.491	+10.373	+10.372	+10.372	+10.360	+0.421	+10.373	+4.370	+0.494	-0.606	+4.345	+10.841	+0.674	+10.739	+10.674	+10.735	+10.725	+10.838	+10.465	+0.398	+0.339	+0.461	+0.503	+10.584	+10.528	+10.605	+10.183	+3.962	+10.621	+9.975	+3.908	+3.883	+3.903	+3.902	+3.885	+10.425	-0.523	+3.843	+3.843	-0.544	-0.546	-0.546	-0.545	-0.546	-0.546	+1.620	-0.529	+1.227	-0.538	+1.208	+3.327	+1.544	+1.545	+1.420	+1.547	+1.549	+1.560	+1.564	+1.564	+1.527	-0.536	+1.567	+1.564	+1.406	+1.568	+1.705	+1.552	
rs3828770      -0.161	+0.915	+0.917	+0.924	+0.921	+2.184	+3.027	+1.620	+1.569	+1.122	+2.063	+0.492	+1.057	+0.457	+0.448	+0.450	+0.240	+3.769	+0.046	+1.456	+0.242	+0.045	+0.223	+0.216	+0.045	+0.277	+8.280	+0.045	+8.273	+1.198	+0.196	+8.273	+8.230	+8.353	+0.045	+8.387	+0.050	+8.299	+0.054	+0.055	+0.175	+0.057	+8.207	+8.299	+8.156	+8.151	+1.214	+1.213	+8.284	+8.190	+0.138	+7.302	-0.003	+0.040	+0.039	+10.905	+10.901	+10.893	+10.887	+10.677	+10.793	+10.782	+10.766	+10.810	+10.743	+0.037	+10.424	+10.503	+1.210	+10.309	+4.303	+10.658	+10.650	+4.287	+0.037	+11.321	+11.293	+0.037	+10.783	+0.037	+11.449	+11.308	+11.422	+0.036	+11.309	+11.420	+0.042	+11.353	+0.023	+0.035	+0.025	+11.256	+11.265	+0.029	+0.806	+10.160	+4.212	+0.717	+0.851	+0.800	+4.132	+9.824	+4.192	+9.839	+9.683	+0.804	+9.763	+9.766	+9.531	+4.144	+0.648	+10.138	+0.767	+9.771	+9.771	+9.771	+9.754	+0.707	+9.771	+4.115	+0.770	+0.058	+4.089	+10.196	+0.928	+10.100	+10.039	+10.096	+10.086	+10.233	+9.858	+0.752	+0.710	+0.816	+0.768	+9.959	+9.907	+9.981	+9.829	+3.973	+9.995	+9.272	+3.924	+3.901	+3.920	+3.919	+3.903	+9.809	+0.020	+3.863	+3.863	+0.045	+0.059	+0.060	+0.067	+0.060	+0.060	+1.695	+0.142	+1.366	+0.132	+1.350	+2.876	+1.683	+1.684	+1.522	+1.685	+1.688	+1.697	+1.701	+1.701	+1.683	+0.135	+1.704	+1.701	+1.510	+1.705	+1.823	+1.690	
rs2208609      +7.158	+7.247	+7.247	+7.247	+7.243	+7.469	+7.671	+7.312	+7.319	+7.444	+7.499	+7.404	+7.255	+7.396	+7.394	+7.394	+8.116	+8.185	+7.971	+7.298	+8.199	+7.967	+8.232	+8.249	+7.968	+8.280	+7.956	+7.968	+7.979	+7.265	+8.309	+7.985	+7.961	+8.017	+7.969	+8.030	+7.985	+7.989	+7.998	+8.002	+8.379	+8.008	+7.944	+7.982	+7.925	+7.923	+7.267	+7.267	+7.945	+7.911	+8.451	+7.694	+8.287	+7.939	+7.938	+10.409	+10.407	+10.402	+10.399	+11.606	+10.328	+10.320	+10.313	+10.351	+10.298	+7.928	+10.047	+10.106	+7.283	+9.999	+8.149	+10.243	+10.240	+8.150	+7.928	+12.405	+11.001	+7.927	+11.643	+7.927	+11.119	+11.010	+11.098	+7.926	+11.013	+11.098	+7.948	+12.433	+8.375	+7.922	+8.380	+10.978	+12.469	+7.893	+7.247	+11.452	+8.370	+7.239	+7.265	+7.258	+8.331	+10.427	+8.363	+10.437	+10.339	+7.261	+10.414	+10.416	+11.055	+8.340	+7.234	+11.649	+7.244	+11.201	+11.201	+11.201	+10.412	+7.238	+11.202	+8.326	+7.243	+8.098	+8.308	+11.695	+7.273	+11.621	+11.576	+11.618	+11.610	+10.840	+10.485	+7.289	+7.246	+7.264	+7.261	+11.512	+11.477	+11.536	+10.264	+8.584	+11.540	+10.881	+8.528	+8.515	+8.526	+8.525	+8.516	+11.397	+7.843	+8.496	+8.496	+7.914	+7.955	+7.958	+7.979	+7.959	+7.959	+7.274	+7.985	+7.233	+7.964	+7.231	+7.534	+7.380	+7.380	+7.298	+7.381	+7.382	+7.385	+7.387	+7.387	+7.386	+7.968	+7.389	+7.388	+7.296	+7.390	+7.446	+7.384	
rs78423529     -0.636	+0.660	+0.663	+0.671	+0.669	+2.292	+3.250	+1.832	+1.773	+1.193	+2.229	+0.471	+0.828	+0.430	+0.417	+0.422	+0.128	+2.392	-0.493	+1.327	+0.102	-0.493	+0.076	+0.065	-0.493	+0.045	+7.968	-0.385	+7.967	+1.038	+0.025	+7.962	+7.931	+8.034	-0.493	+8.070	-0.494	+7.992	-0.495	-0.495	-0.025	-0.495	+7.932	+8.013	+7.889	+7.885	+1.053	+1.052	+7.975	+7.899	-0.034	+7.165	-0.653	-0.516	-0.516	+11.022	+11.019	+11.012	+11.007	+11.396	+10.919	+10.908	+10.896	+10.942	+10.876	-0.517	+10.568	+10.643	+1.033	+10.510	+4.665	+10.802	+10.796	+4.648	-0.518	+12.052	+11.530	-0.518	+11.642	-0.518	+11.678	+11.541	+11.652	-0.518	+11.544	+11.650	-0.521	+12.085	-0.651	-0.518	-0.651	+11.495	+12.020	-0.516	+0.548	+10.821	+4.476	+0.443	+0.514	+0.451	+4.390	+10.407	+4.455	+10.422	+10.262	+0.447	+10.370	+10.374	+10.260	+4.402	+0.357	+10.783	+0.491	+10.374	+10.373	+10.373	+10.360	+0.421	+10.373	+4.370	+0.494	-0.606	+4.346	+10.842	+0.674	+10.740	+10.675	+10.736	+10.725	+10.838	+10.465	+0.398	+0.339	+0.461	+0.503	+10.585	+10.528	+10.606	+10.183	+3.962	+10.621	+9.975	+3.908	+3.883	+3.903	+3.902	+3.885	+10.425	-0.523	+3.843	+3.843	-0.544	-0.546	-0.546	-0.545	-0.546	-0.546	+1.620	-0.529	+1.227	-0.538	+1.208	+3.327	+1.544	+1.545	+1.420	+1.547	+1.549	+1.560	+1.564	+1.564	+1.527	-0.535	+1.567	+1.564	+1.406	+1.568	+1.705	+1.552	
rs6940436      +7.157	+7.247	+7.246	+7.247	+7.242	+7.468	+7.670	+7.312	+7.318	+7.444	+7.500	+7.404	+7.254	+7.395	+7.394	+7.394	+8.127	+8.184	+7.970	+7.297	+8.193	+7.967	+8.225	+8.242	+7.968	+8.273	+7.979	+7.967	+7.955	+7.264	+8.302	+7.976	+7.969	+8.009	+7.968	+8.039	+7.984	+7.983	+7.998	+8.002	+8.372	+8.007	+7.943	+7.981	+7.923	+7.922	+7.266	+7.266	+7.945	+7.911	+8.445	+7.695	+8.288	+7.939	+7.938	+10.409	+10.407	+10.402	+10.398	+11.606	+10.328	+10.320	+10.313	+10.351	+10.298	+7.928	+10.046	+10.105	+7.283	+9.999	+8.150	+10.240	+10.237	+8.151	+7.927	+12.404	+10.997	+7.927	+11.643	+7.926	+11.116	+11.006	+11.094	+7.926	+11.010	+11.095	+7.948	+12.433	+8.376	+7.922	+8.380	+10.974	+12.470	+7.892	+7.246	+11.452	+8.371	+7.239	+7.265	+7.257	+8.332	+10.426	+8.364	+10.437	+10.339	+7.260	+10.413	+10.416	+11.054	+8.341	+7.234	+11.648	+7.243	+11.201	+11.201	+11.201	+10.411	+7.237	+11.201	+8.327	+7.243	+8.111	+8.309	+11.695	+7.272	+11.620	+11.575	+11.617	+11.610	+10.840	+10.485	+7.289	+7.246	+7.265	+7.260	+11.512	+11.477	+11.528	+10.256	+8.581	+11.539	+10.879	+8.525	+8.511	+8.523	+8.522	+8.513	+11.398	+7.843	+8.493	+8.492	+7.914	+7.955	+7.958	+7.979	+7.959	+7.959	+7.273	+7.984	+7.232	+7.964	+7.230	+7.534	+7.381	+7.381	+7.298	+7.382	+7.383	+7.386	+7.388	+7.388	+7.387	+7.968	+7.390	+7.389	+7.295	+7.391	+7.447	+7.385	
rs16868567     +1.591	+3.165	+3.172	+3.183	+3.181	+3.188	+3.809	+2.452	+2.409	+2.305	+3.053	+1.802	+3.364	+1.763	+1.752	+1.755	+1.246	+3.404	+1.038	+1.691	+1.231	+1.038	+1.217	+1.210	+1.038	+1.198	+7.265	+1.038	+7.264	+1.400	+1.186	+7.259	+7.231	+7.326	+1.038	+7.358	+1.038	+7.287	+1.039	+1.039	+1.158	+1.039	+7.238	+7.311	+7.198	+7.194	+1.357	+1.356	+7.267	+7.198	+1.150	+6.539	+0.982	+1.038	+1.038	+10.218	+10.215	+10.208	+10.204	+10.627	+10.120	+10.111	+10.100	+10.144	+10.081	+1.038	+9.771	+9.842	+1.294	+9.701	+4.935	+10.012	+10.006	+4.927	+1.038	+11.204	+10.841	+1.038	+10.776	+1.038	+10.991	+10.857	+10.965	+1.038	+10.859	+10.964	+1.038	+11.237	+0.989	+1.038	+0.989	+10.811	+11.161	+1.039	+1.104	+10.024	+4.912	+1.085	+1.077	+1.062	+4.838	+9.678	+4.894	+9.692	+9.545	+1.059	+9.632	+9.635	+9.507	+4.852	+1.068	+10.025	+1.086	+9.620	+9.619	+9.619	+9.623	+1.077	+9.620	+4.825	+1.086	+1.010	+4.801	+10.084	+1.134	+9.988	+9.927	+9.984	+9.974	+10.037	+9.721	+1.042	+1.039	+1.062	+1.075	+9.855	+9.805	+9.879	+9.470	+8.834	+9.893	+9.251	+8.700	+8.658	+8.679	+8.676	+8.657	+9.716	+1.042	+8.592	+8.591	+1.041	+1.043	+1.044	+1.045	+1.044	+1.044	+2.045	+1.034	+1.833	+1.031	+1.820	+3.844	+2.119	+2.120	+2.002	+2.122	+2.124	+2.132	+2.136	+2.136	+2.114	+1.032	+2.139	+2.136	+1.992	+2.140	+2.248	+2.128	
