## Summary of overall evidence for association with region:
## log10(BF for region) = 7.35681
## p-value for region = NA

## BFs for choosing among multi-SNP models:
## log10(average 1-SNP BF) = 7.31323
## log10(average 2-SNP BF) = 7.43271

## Example posterior probabilities for multi-SNP models, based on default prior: [p(l) propto 0.5^l for l=1,2,...,L]
## posterior probability of 1-SNP = 0.603014
## posterior probability of 2-SNP = 0.396986

## log10(BF) for single SNP and pair of SNPs:
rs729229       -0.270	-0.322	+2.585	+2.990	-0.522	+2.954	-0.543	+2.879	+5.495	+5.456	+5.394	+5.382	+0.095	-0.028	+5.987	+6.044	+0.384	-0.587	+5.831	-0.588	+5.901	+6.412	-0.588	+5.675	+5.807	+4.235	+5.824	-0.589	-0.589	+5.828	+0.328	-0.589	+5.877	+0.329	-0.589	+4.192	+5.916	+7.173	+0.387	+7.060	+7.362	-0.589	+5.939	+7.220	+0.389	+6.761	+7.285	+7.328	+7.151	-0.589	-0.589	+4.272	+0.364	+0.348	+7.225	+7.271	+7.271	-0.589	-0.589	-0.589	+7.254	+7.167	+0.387	+7.195	+4.869	-0.590	+4.753	+6.019	-0.586	-0.590	-0.590	+7.195	+7.193	-0.590	+6.995	-0.590	+0.218	-0.589	+7.178	+7.013	+0.072	+6.961	+6.779	-0.586	-0.167	+6.457	-0.556	-0.600	-0.625	-0.626	-0.607	-0.408	-0.630	-0.628	-0.622	-0.624	-0.630	-0.630	-0.280	-0.630	
rs7193875      -0.322	-0.179	+2.592	+2.990	-0.412	+2.955	-0.458	+2.882	+5.485	+5.446	+5.387	+5.373	+0.234	+0.010	+5.974	+6.034	+0.545	-0.487	+5.820	-0.483	+5.890	+6.398	-0.481	+5.668	+5.797	+4.585	+5.814	-0.483	-0.483	+5.818	+0.487	-0.486	+5.867	+0.487	-0.483	+4.542	+5.909	+7.167	+0.546	+7.054	+7.353	-0.482	+5.931	+7.212	+0.548	+6.757	+7.275	+7.319	+7.145	-0.480	-0.480	+4.298	+0.523	+0.506	+7.216	+7.260	+7.259	-0.483	-0.483	-0.483	+7.242	+7.160	+0.546	+7.186	+5.280	-0.484	+5.161	+6.007	-0.478	-0.484	-0.484	+7.186	+7.184	-0.484	+6.987	-0.484	+0.371	-0.483	+7.169	+7.006	+0.218	+6.955	+6.775	-0.484	-0.033	+6.458	-0.455	-0.511	-0.539	-0.540	-0.513	-0.318	-0.544	-0.542	-0.537	-0.539	-0.544	-0.544	-0.189	-0.544	
rs9924714      +2.585	+2.592	+3.200	+3.564	+2.595	+3.506	+3.446	+3.362	+5.872	+5.807	+5.745	+5.714	+2.532	+2.687	+6.346	+6.421	+2.556	+2.578	+6.100	+2.577	+6.184	+6.843	+2.576	+5.920	+6.056	+3.627	+6.075	+2.576	+2.576	+6.079	+2.550	+2.576	+6.136	+2.550	+2.576	+3.606	+6.192	+7.330	+2.555	+7.207	+7.520	+2.576	+6.217	+7.375	+2.556	+6.910	+7.439	+7.484	+7.307	+2.575	+2.575	+4.843	+2.556	+2.553	+7.376	+7.444	+7.443	+2.576	+2.576	+2.576	+7.425	+7.342	+2.556	+7.344	+4.053	+2.576	+3.997	+6.224	+2.588	+2.576	+2.576	+7.343	+7.341	+2.576	+7.126	+2.576	+2.534	+2.577	+7.325	+7.158	+2.525	+7.098	+6.915	+2.588	+2.533	+6.595	+3.644	+2.702	+2.671	+2.665	+2.757	+2.900	+2.666	+2.665	+2.662	+2.663	+2.665	+2.664	+3.050	+2.664	
rs12444679     +2.990	+2.990	+3.564	+3.620	+3.004	+3.618	+3.961	+3.537	+5.787	+5.733	+5.660	+5.650	+2.933	+3.059	+6.259	+6.313	+2.944	+2.979	+6.051	+2.979	+6.127	+6.729	+2.979	+5.880	+6.017	+3.926	+6.035	+2.978	+2.978	+6.038	+2.939	+2.979	+6.090	+2.939	+2.978	+3.906	+6.127	+7.310	+2.943	+7.198	+7.499	+2.978	+6.150	+7.357	+2.943	+6.908	+7.421	+7.465	+7.289	+2.978	+2.978	+5.019	+2.943	+2.941	+7.362	+7.416	+7.416	+2.979	+2.979	+2.979	+7.398	+7.309	+2.943	+7.331	+4.363	+2.979	+4.308	+6.201	+2.992	+2.979	+2.979	+7.331	+7.329	+2.979	+7.131	+2.979	+2.927	+2.979	+7.314	+7.152	+2.924	+7.101	+6.927	+2.991	+2.943	+6.638	+4.160	+3.106	+3.075	+3.069	+3.177	+3.325	+3.071	+3.069	+3.066	+3.067	+3.069	+3.069	+3.482	+3.069	
rs56342387     -0.522	-0.412	+2.595	+3.004	-0.370	+2.968	-0.635	+2.893	+5.519	+5.480	+5.419	+5.406	+0.080	-0.053	+6.013	+6.071	+0.411	-0.619	+5.857	-0.623	+5.928	+6.440	-0.625	+5.701	+5.832	+4.804	+5.850	-0.626	-0.626	+5.853	+0.351	-0.625	+5.903	+0.352	-0.626	+4.757	+5.944	+7.200	+0.415	+7.085	+7.388	-0.626	+5.966	+7.246	+0.417	+6.786	+7.310	+7.354	+7.177	-0.627	-0.627	+4.268	+0.389	+0.372	+7.250	+7.298	+7.297	-0.626	-0.626	-0.626	+7.281	+7.195	+0.415	+7.220	+5.626	-0.627	+5.489	+6.048	-0.634	-0.627	-0.627	+7.220	+7.218	-0.627	+7.019	-0.627	+0.230	-0.627	+7.203	+7.037	+0.069	+6.983	+6.800	-0.627	-0.193	+6.474	-0.678	-0.697	-0.720	-0.720	-0.712	-0.517	-0.725	-0.722	-0.716	-0.718	-0.724	-0.724	-0.390	-0.723	
rs4785210      +2.954	+2.955	+3.506	+3.618	+2.968	+3.582	+3.912	+3.515	+5.796	+5.741	+5.667	+5.656	+2.898	+3.025	+6.268	+6.322	+2.909	+2.944	+6.055	+2.944	+6.133	+6.743	+2.944	+5.880	+6.020	+3.899	+6.038	+2.943	+2.943	+6.041	+2.904	+2.943	+6.094	+2.904	+2.943	+3.879	+6.130	+7.310	+2.909	+7.197	+7.501	+2.943	+6.153	+7.357	+2.909	+6.906	+7.422	+7.466	+7.288	+2.943	+2.943	+4.999	+2.909	+2.907	+7.362	+7.419	+7.418	+2.943	+2.943	+2.943	+7.401	+7.310	+2.909	+7.332	+4.334	+2.944	+4.279	+6.202	+2.957	+2.944	+2.944	+7.331	+7.329	+2.944	+7.129	+2.944	+2.893	+2.944	+7.314	+7.151	+2.889	+7.099	+6.923	+2.956	+2.907	+6.631	+4.118	+3.071	+3.040	+3.034	+3.141	+3.288	+3.036	+3.034	+3.031	+3.032	+3.034	+3.034	+3.445	+3.033	
rs139682485    -0.543	-0.458	+3.446	+3.961	-0.635	+3.912	-0.375	+3.772	+5.731	+5.690	+5.629	+5.617	-0.321	+0.082	+6.221	+6.280	-0.173	-0.673	+6.050	-0.689	+6.130	+6.648	-0.695	+5.900	+6.032	+2.209	+6.050	-0.694	-0.694	+6.054	-0.206	-0.686	+6.104	-0.205	-0.695	+2.177	+6.147	+7.486	-0.159	+7.369	+7.680	-0.695	+6.170	+7.536	-0.158	+7.098	+7.601	+7.646	+7.465	-0.702	-0.700	+4.601	-0.180	-0.191	+7.541	+7.656	+7.656	-0.694	-0.694	-0.694	+7.639	+7.549	-0.159	+7.510	+2.364	-0.692	+2.287	+6.920	-0.704	-0.694	-0.694	+7.510	+7.509	-0.693	+7.306	-0.693	-0.284	-0.693	+7.494	+7.327	-0.386	+7.277	+7.092	-0.681	-0.549	+6.763	-0.737	-0.716	-0.730	-0.726	-0.748	-0.542	-0.733	-0.729	-0.721	-0.724	-0.731	-0.731	-0.411	-0.731	
rs4785211      +2.879	+2.882	+3.362	+3.537	+2.893	+3.515	+3.772	+3.506	+5.793	+5.740	+5.682	+5.654	+2.824	+2.961	+6.271	+6.350	+2.839	+2.870	+6.136	+2.870	+6.224	+6.763	+2.870	+5.955	+6.092	+3.792	+6.111	+2.870	+2.870	+6.115	+2.827	+2.870	+6.173	+2.827	+2.870	+3.772	+6.235	+7.358	+2.832	+7.233	+7.550	+2.870	+6.261	+7.403	+2.832	+6.934	+7.467	+7.514	+7.335	+2.870	+2.870	+4.975	+2.832	+2.830	+7.403	+7.475	+7.475	+2.870	+2.870	+2.870	+7.456	+7.374	+2.832	+7.370	+4.214	+2.870	+4.160	+6.250	+2.884	+2.870	+2.870	+7.369	+7.367	+2.870	+7.154	+2.870	+2.818	+2.871	+7.351	+7.183	+2.817	+7.120	+6.936	+2.882	+2.841	+6.612	+4.110	+3.016	+2.965	+2.968	+3.099	+3.207	+2.972	+2.969	+2.963	+2.965	+2.969	+2.969	+3.363	+2.969	
rs63423061     +5.495	+5.485	+5.872	+5.787	+5.519	+5.796	+5.731	+5.793	+6.233	+6.245	+6.209	+6.213	+5.749	+5.526	+6.563	+6.610	+5.555	+5.520	+6.435	+5.531	+6.485	+7.034	+5.534	+6.340	+6.420	+5.718	+6.431	+5.532	+5.532	+6.434	+5.558	+5.527	+6.468	+5.558	+5.533	+5.709	+6.498	+7.604	+5.532	+7.513	+7.747	+5.533	+6.514	+7.635	+5.532	+7.306	+7.684	+7.720	+7.588	+5.537	+5.537	+6.278	+5.545	+5.550	+7.636	+7.688	+7.688	+5.533	+5.533	+5.533	+7.675	+7.620	+5.532	+7.612	+6.151	+5.533	+6.110	+6.956	+5.560	+5.534	+5.534	+7.614	+7.612	+5.533	+7.475	+5.533	+5.595	+5.535	+7.601	+7.476	+5.667	+7.447	+7.319	+5.544	+5.813	+7.151	+8.227	+5.596	+5.610	+5.576	+5.723	+5.955	+5.575	+5.575	+5.575	+5.575	+5.574	+5.574	+6.148	+5.574	
rs3826173      +5.456	+5.446	+5.807	+5.733	+5.480	+5.741	+5.690	+5.740	+6.245	+6.193	+6.184	+6.186	+5.701	+5.485	+6.554	+6.603	+5.512	+5.481	+6.422	+5.492	+6.474	+7.055	+5.496	+6.323	+6.406	+5.685	+6.418	+5.494	+5.494	+6.420	+5.515	+5.489	+6.455	+5.514	+5.494	+5.676	+6.485	+7.592	+5.490	+7.500	+7.737	+5.495	+6.501	+7.624	+5.489	+7.291	+7.673	+7.709	+7.576	+5.499	+5.498	+6.249	+5.502	+5.507	+7.624	+7.676	+7.676	+5.494	+5.494	+5.494	+7.663	+7.607	+5.489	+7.601	+6.119	+5.494	+6.078	+6.936	+5.522	+5.495	+5.495	+7.602	+7.601	+5.495	+7.463	+5.495	+5.551	+5.496	+7.590	+7.463	+5.622	+7.433	+7.303	+5.506	+5.767	+7.133	+8.163	+5.557	+5.571	+5.537	+5.684	+5.915	+5.536	+5.536	+5.537	+5.536	+5.535	+5.535	+6.108	+5.535	
rs62029962     +5.394	+5.387	+5.745	+5.660	+5.419	+5.667	+5.629	+5.682	+6.209	+6.184	+6.133	+6.143	+5.648	+5.427	+6.539	+6.608	+5.458	+5.419	+6.404	+5.431	+6.458	+7.050	+5.434	+6.298	+6.386	+5.626	+6.399	+5.432	+5.432	+6.401	+5.462	+5.427	+6.437	+5.462	+5.433	+5.616	+6.470	+7.571	+5.436	+7.479	+7.726	+5.433	+6.486	+7.610	+5.436	+7.261	+7.662	+7.698	+7.553	+5.437	+5.436	+6.210	+5.449	+5.454	+7.613	+7.664	+7.664	+5.433	+5.433	+5.433	+7.651	+7.582	+5.436	+7.589	+6.053	+5.433	+6.012	+6.912	+5.459	+5.434	+5.434	+7.590	+7.589	+5.433	+7.448	+5.433	+5.498	+5.434	+7.578	+7.448	+5.570	+7.418	+7.285	+5.444	+5.717	+7.110	+8.073	+5.499	+5.513	+5.478	+5.625	+5.852	+5.478	+5.478	+5.478	+5.478	+5.477	+5.477	+6.044	+5.477	
rs11649380     +5.382	+5.373	+5.714	+5.650	+5.406	+5.656	+5.617	+5.654	+6.213	+6.186	+6.143	+6.119	+5.620	+5.410	+6.546	+6.597	+5.435	+5.407	+6.402	+5.419	+6.457	+7.092	+5.422	+6.295	+6.383	+5.623	+6.396	+5.420	+5.420	+6.398	+5.438	+5.415	+6.435	+5.437	+5.421	+5.614	+6.465	+7.577	+5.413	+7.484	+7.725	+5.421	+6.482	+7.610	+5.413	+7.270	+7.660	+7.696	+7.560	+5.425	+5.424	+6.203	+5.425	+5.430	+7.610	+7.661	+7.661	+5.420	+5.421	+5.421	+7.648	+7.590	+5.413	+7.587	+6.063	+5.420	+6.021	+6.904	+5.448	+5.421	+5.422	+7.588	+7.586	+5.421	+7.445	+5.421	+5.473	+5.422	+7.575	+7.446	+5.543	+7.415	+7.283	+5.432	+5.688	+7.106	+8.069	+5.484	+5.498	+5.464	+5.611	+5.844	+5.464	+5.463	+5.464	+5.463	+5.462	+5.462	+6.037	+5.462	
rs28510819     +0.095	+0.234	+2.532	+2.933	+0.080	+2.898	-0.321	+2.824	+5.749	+5.701	+5.648	+5.620	-0.051	+0.084	+6.340	+6.436	-0.091	+0.128	+6.109	+0.086	+6.192	+6.843	+0.071	+5.962	+6.091	+2.840	+6.109	+0.077	+0.075	+6.112	-0.149	+0.093	+6.168	-0.148	+0.074	+2.783	+6.230	+7.409	-0.107	+7.281	+7.595	+0.072	+6.254	+7.450	-0.106	+6.934	+7.511	+7.556	+7.383	+0.057	+0.061	+4.212	-0.123	-0.135	+7.444	+7.445	+7.444	+0.074	+0.074	+0.074	+7.426	+7.350	-0.108	+7.410	+2.673	+0.075	+2.570	+5.975	+0.012	+0.071	+0.071	+7.409	+7.407	+0.074	+7.160	+0.073	-0.220	+0.071	+7.391	+7.221	-0.275	+7.154	+6.964	+0.066	-0.276	+6.593	-0.034	-0.401	-0.397	-0.387	-0.430	-0.173	-0.397	-0.391	-0.380	-0.384	-0.395	-0.394	-0.017	-0.394	
rs9926131      -0.028	+0.010	+2.687	+3.059	-0.053	+3.025	+0.082	+2.961	+5.526	+5.485	+5.427	+5.410	+0.084	+0.370	+6.073	+6.134	+0.205	-0.072	+5.874	-0.074	+5.951	+6.523	-0.076	+5.722	+5.855	+2.742	+5.872	-0.076	-0.076	+5.875	+0.185	-0.074	+5.926	+0.185	-0.076	+2.714	+5.973	+7.696	+0.225	+7.564	+7.907	-0.076	+5.996	+7.741	+0.226	+7.178	+7.813	+7.863	+7.665	-0.077	-0.076	+4.265	+0.205	+0.196	+7.740	+7.734	+7.734	-0.076	-0.076	-0.076	+7.714	+7.624	+0.225	+7.704	+2.801	-0.075	+2.725	+6.116	-0.066	-0.075	-0.075	+7.706	+7.703	-0.075	+7.422	-0.075	+0.132	-0.075	+7.685	+7.493	+0.064	+7.411	+7.197	-0.064	-0.035	+6.766	+0.463	-0.001	+0.009	+0.027	-0.019	+0.302	+0.015	+0.022	+0.037	+0.031	+0.018	+0.019	+0.446	+0.019	
rs3813755      +5.987	+5.974	+6.346	+6.259	+6.013	+6.268	+6.221	+6.271	+6.563	+6.554	+6.539	+6.546	+6.340	+6.073	+6.736	+6.780	+6.112	+6.016	+6.665	+6.025	+6.695	+7.045	+6.029	+6.605	+6.654	+6.129	+6.662	+6.027	+6.027	+6.663	+6.116	+6.022	+6.685	+6.116	+6.028	+6.123	+6.708	+7.750	+6.083	+7.666	+7.874	+6.028	+6.719	+7.775	+6.082	+7.488	+7.817	+7.849	+7.735	+6.032	+6.032	+6.644	+6.099	+6.106	+7.774	+7.831	+7.831	+6.027	+6.028	+6.028	+7.820	+7.775	+6.083	+7.753	+6.539	+6.028	+6.501	+7.226	+6.056	+6.029	+6.029	+7.755	+7.754	+6.028	+7.638	+6.028	+6.161	+6.029	+7.744	+7.634	+6.247	+7.610	+7.498	+6.039	+6.417	+7.361	+9.032	+6.086	+6.109	+6.066	+6.223	+6.450	+6.065	+6.065	+6.065	+6.065	+6.064	+6.064	+6.643	+6.064	
rs1872691      +6.044	+6.034	+6.421	+6.313	+6.071	+6.322	+6.280	+6.350	+6.610	+6.603	+6.608	+6.597	+6.436	+6.134	+6.780	+6.799	+6.200	+6.074	+6.703	+6.084	+6.731	+7.056	+6.087	+6.649	+6.693	+6.170	+6.700	+6.085	+6.086	+6.701	+6.205	+6.080	+6.721	+6.204	+6.086	+6.163	+6.739	+7.756	+6.169	+7.671	+7.891	+6.086	+6.750	+7.793	+6.168	+7.496	+7.836	+7.867	+7.742	+6.091	+6.090	+6.687	+6.186	+6.194	+7.793	+7.851	+7.851	+6.086	+6.086	+6.086	+7.840	+7.780	+6.169	+7.773	+6.563	+6.086	+6.526	+7.254	+6.113	+6.087	+6.087	+7.775	+7.774	+6.086	+7.663	+6.087	+6.252	+6.088	+7.765	+7.655	+6.343	+7.633	+7.522	+6.097	+6.519	+7.390	+9.106	+6.147	+6.172	+6.127	+6.288	+6.512	+6.127	+6.126	+6.126	+6.125	+6.125	+6.125	+6.706	+6.125	
rs1064448      +0.384	+0.545	+2.556	+2.944	+0.411	+2.909	-0.173	+2.839	+5.555	+5.512	+5.458	+5.435	-0.091	+0.205	+6.112	+6.200	+0.100	+0.505	+5.912	+0.453	+5.990	+6.591	+0.435	+5.766	+5.893	+2.840	+5.911	+0.442	+0.440	+5.914	-0.049	+0.463	+5.967	-0.049	+0.438	+2.781	+6.024	+7.235	-0.038	+7.111	+7.419	+0.436	+6.047	+7.276	-0.038	+6.785	+7.337	+7.382	+7.210	+0.417	+0.423	+4.193	-0.039	-0.045	+7.273	+7.290	+7.290	+0.439	+0.439	+0.438	+7.272	+7.195	-0.039	+7.241	+2.670	+0.439	+2.563	+5.933	+0.352	+0.435	+0.434	+7.241	+7.239	+0.438	+7.011	+0.437	-0.073	+0.434	+7.223	+7.056	-0.028	+6.996	+6.809	+0.421	+0.189	+6.460	+0.142	-0.255	-0.250	-0.236	-0.288	-0.022	-0.246	-0.240	-0.227	-0.232	-0.244	-0.243	+0.137	-0.243	
rs4785407      -0.587	-0.487	+2.578	+2.979	-0.619	+2.944	-0.673	+2.870	+5.520	+5.481	+5.419	+5.407	+0.128	-0.072	+6.016	+6.074	+0.505	-0.420	+5.862	-0.551	+5.933	+6.446	-0.551	+5.701	+5.838	+5.640	+5.855	-0.553	-0.553	+5.858	+0.438	-0.555	+5.908	+0.439	-0.553	+5.586	+5.945	+7.200	+0.508	+7.089	+7.394	-0.554	+5.967	+7.247	+0.510	+6.786	+7.316	+7.359	+7.178	-0.552	-0.553	+4.254	+0.481	+0.461	+7.255	+7.304	+7.304	-0.555	-0.555	-0.555	+7.287	+7.196	+0.508	+7.225	+6.764	-0.560	+6.604	+6.056	-0.594	-0.560	-0.560	+7.225	+7.223	-0.560	+7.024	-0.560	+0.305	-0.560	+7.208	+7.038	+0.129	+6.987	+6.799	-0.582	-0.161	+6.471	-0.732	-0.744	-0.766	-0.765	-0.744	-0.539	-0.770	-0.767	-0.761	-0.764	-0.770	-0.769	-0.406	-0.769	
rs7195228      +5.831	+5.820	+6.100	+6.051	+5.857	+6.055	+6.050	+6.136	+6.435	+6.422	+6.404	+6.402	+6.109	+5.874	+6.665	+6.703	+5.912	+5.862	+6.577	+5.875	+6.644	+6.992	+5.878	+6.519	+6.585	+5.973	+6.592	+5.876	+5.877	+6.593	+5.973	+5.871	+6.618	+5.973	+5.877	+5.966	+6.632	+7.645	+5.939	+7.557	+7.785	+5.878	+6.645	+7.676	+5.939	+7.360	+7.723	+7.758	+7.629	+5.882	+5.881	+6.533	+5.955	+5.963	+7.676	+7.728	+7.728	+5.877	+5.877	+5.877	+7.715	+7.662	+5.939	+7.654	+6.365	+5.877	+6.327	+7.057	+5.905	+5.878	+5.878	+7.655	+7.653	+5.877	+7.522	+5.878	+6.019	+5.879	+7.643	+7.522	+6.106	+7.494	+7.371	+5.889	+6.278	+7.217	+8.964	+5.944	+5.945	+5.918	+6.129	+6.302	+5.922	+5.920	+5.914	+5.916	+5.919	+5.919	+6.497	+5.919	
rs72786265     -0.588	-0.483	+2.577	+2.979	-0.623	+2.944	-0.689	+2.870	+5.531	+5.492	+5.431	+5.419	+0.086	-0.074	+6.025	+6.084	+0.453	-0.551	+5.875	-0.437	+5.946	+6.460	-0.561	+5.716	+5.850	+5.498	+5.868	-0.561	-0.561	+5.871	+0.388	-0.558	+5.921	+0.389	-0.562	+5.444	+5.961	+7.215	+0.457	+7.101	+7.407	-0.563	+5.983	+7.262	+0.459	+6.800	+7.328	+7.372	+7.193	-0.565	-0.565	+4.254	+0.430	+0.411	+7.267	+7.317	+7.317	-0.564	-0.564	-0.564	+7.300	+7.212	+0.457	+7.237	+6.595	-0.568	+6.436	+6.069	-0.610	-0.569	-0.569	+7.237	+7.235	-0.568	+7.036	-0.569	+0.257	-0.569	+7.220	+7.053	+0.085	+6.998	+6.813	-0.590	-0.200	+6.482	-0.751	-0.761	-0.783	-0.782	-0.762	-0.558	-0.787	-0.784	-0.778	-0.780	-0.786	-0.786	-0.425	-0.786	
rs7196135      +5.901	+5.890	+6.184	+6.127	+5.928	+6.133	+6.130	+6.224	+6.485	+6.474	+6.458	+6.457	+6.192	+5.951	+6.695	+6.731	+5.990	+5.933	+6.644	+5.946	+6.647	+7.006	+5.950	+6.574	+6.631	+6.033	+6.636	+5.948	+5.948	+6.636	+6.054	+5.943	+6.657	+6.053	+5.949	+6.026	+6.667	+7.659	+6.019	+7.573	+7.797	+5.949	+6.678	+7.689	+6.018	+7.379	+7.736	+7.770	+7.643	+5.954	+5.953	+6.573	+6.035	+6.044	+7.690	+7.742	+7.742	+5.948	+5.949	+5.949	+7.730	+7.676	+6.018	+7.668	+6.417	+5.949	+6.381	+7.087	+5.976	+5.950	+5.950	+7.669	+7.667	+5.949	+7.540	+5.949	+6.101	+5.950	+7.657	+7.538	+6.190	+7.511	+7.390	+5.960	+6.365	+7.240	+9.110	+6.014	+6.019	+5.988	+6.195	+6.368	+5.992	+5.989	+5.984	+5.985	+5.989	+5.989	+6.562	+5.989	
rs7184802      +6.412	+6.398	+6.843	+6.729	+6.440	+6.743	+6.648	+6.763	+7.034	+7.055	+7.050	+7.092	+6.843	+6.523	+7.045	+7.056	+6.591	+6.446	+6.992	+6.460	+7.006	+7.168	+6.464	+6.977	+7.000	+6.501	+6.997	+6.461	+6.462	+6.996	+6.601	+6.456	+6.998	+6.600	+6.462	+6.495	+6.992	+7.885	+6.563	+7.810	+7.995	+6.463	+6.996	+7.906	+6.562	+7.650	+7.944	+7.973	+7.872	+6.467	+6.466	+6.949	+6.581	+6.589	+7.905	+7.964	+7.964	+6.462	+6.462	+6.462	+7.954	+7.914	+6.562	+7.887	+6.879	+6.462	+6.844	+7.442	+6.491	+6.463	+6.463	+7.889	+7.888	+6.462	+7.790	+6.463	+6.652	+6.464	+7.880	+7.780	+6.747	+7.764	+7.664	+6.473	+6.930	+7.555	+9.611	+6.510	+6.536	+6.490	+6.665	+6.895	+6.490	+6.490	+6.489	+6.489	+6.489	+6.489	+7.093	+6.489	
rs66973381     -0.588	-0.481	+2.576	+2.979	-0.625	+2.944	-0.695	+2.870	+5.534	+5.496	+5.434	+5.422	+0.071	-0.076	+6.029	+6.087	+0.435	-0.551	+5.878	-0.561	+5.950	+6.464	-0.444	+5.720	+5.854	+5.454	+5.871	-0.565	-0.565	+5.875	+0.371	-0.560	+5.925	+0.372	-0.566	+5.401	+5.965	+7.219	+0.440	+7.105	+7.411	-0.567	+5.987	+7.266	+0.442	+6.803	+7.332	+7.376	+7.196	-0.571	-0.570	+4.254	+0.412	+0.393	+7.271	+7.321	+7.321	-0.567	-0.568	-0.568	+7.304	+7.216	+0.439	+7.241	+6.543	-0.571	+6.385	+6.074	-0.616	-0.573	-0.573	+7.241	+7.239	-0.572	+7.040	-0.572	+0.241	-0.573	+7.224	+7.056	+0.069	+7.001	+6.816	-0.594	-0.213	+6.484	-0.758	-0.767	-0.789	-0.788	-0.769	-0.565	-0.793	-0.790	-0.784	-0.786	-0.792	-0.792	-0.432	-0.792	
rs7204026      +5.675	+5.668	+5.920	+5.880	+5.701	+5.880	+5.900	+5.955	+6.340	+6.323	+6.298	+6.295	+5.962	+5.722	+6.605	+6.649	+5.766	+5.701	+6.519	+5.716	+6.574	+6.977	+5.720	+6.420	+6.515	+5.824	+6.526	+5.718	+5.718	+6.528	+5.833	+5.713	+6.561	+5.832	+5.719	+5.817	+6.621	+7.591	+5.798	+7.503	+7.749	+5.719	+6.638	+7.630	+5.797	+7.284	+7.685	+7.721	+7.574	+5.724	+5.723	+6.412	+5.814	+5.822	+7.636	+7.685	+7.685	+5.719	+5.719	+5.719	+7.672	+7.600	+5.797	+7.612	+6.205	+5.719	+6.168	+6.989	+5.745	+5.720	+5.720	+7.613	+7.612	+5.719	+7.471	+5.720	+5.880	+5.721	+7.600	+7.468	+5.968	+7.442	+7.306	+5.731	+6.142	+7.136	+8.824	+5.795	+5.799	+5.769	+5.978	+6.141	+5.773	+5.770	+5.764	+5.766	+5.770	+5.770	+6.332	+5.770	
rs7193683      +5.807	+5.797	+6.056	+6.017	+5.832	+6.020	+6.032	+6.092	+6.420	+6.406	+6.386	+6.383	+6.091	+5.855	+6.654	+6.693	+5.893	+5.838	+6.585	+5.850	+6.631	+7.000	+5.854	+6.515	+6.552	+5.946	+6.599	+5.852	+5.852	+6.599	+5.960	+5.847	+6.625	+5.960	+5.853	+5.939	+6.632	+7.629	+5.926	+7.540	+7.772	+5.854	+6.645	+7.661	+5.925	+7.338	+7.709	+7.745	+7.613	+5.858	+5.857	+6.498	+5.942	+5.950	+7.661	+7.711	+7.711	+5.853	+5.853	+5.853	+7.698	+7.643	+5.925	+7.638	+6.331	+5.853	+6.295	+7.043	+5.881	+5.854	+5.854	+7.639	+7.638	+5.853	+7.503	+5.854	+6.008	+5.855	+7.627	+7.504	+6.096	+7.474	+7.350	+5.865	+6.271	+7.190	+9.019	+5.922	+5.928	+5.896	+6.106	+6.276	+5.900	+5.898	+5.892	+5.893	+5.897	+5.897	+6.469	+5.897	
rs8046783      +4.235	+4.585	+3.627	+3.926	+4.804	+3.899	+2.209	+3.792	+5.718	+5.685	+5.626	+5.623	+2.840	+2.742	+6.129	+6.170	+2.840	+5.640	+5.973	+5.498	+6.033	+6.501	+5.454	+5.824	+5.946	+2.595	+5.961	+5.476	+5.470	+5.965	+3.018	+5.524	+6.009	+3.016	+5.464	+2.564	+6.039	+7.289	+2.861	+7.189	+7.468	+5.456	+6.059	+7.335	+2.858	+6.931	+7.398	+7.437	+7.269	+5.408	+5.419	+5.059	+2.954	+2.980	+7.344	+7.407	+7.407	+5.462	+5.460	+5.460	+7.392	+7.306	+2.859	+7.317	+2.612	+5.445	+2.565	+6.488	+5.075	+5.433	+5.432	+7.318	+7.316	+5.440	+7.154	+5.438	+3.139	+5.430	+7.303	+7.150	+3.378	+7.109	+6.942	+5.304	+3.766	+6.678	+2.458	+2.137	+2.128	+2.142	+2.068	+2.280	+2.133	+2.138	+2.149	+2.145	+2.135	+2.135	+2.431	+2.136	
rs11644043     +5.824	+5.814	+6.075	+6.035	+5.850	+6.038	+6.050	+6.111	+6.431	+6.418	+6.399	+6.396	+6.109	+5.872	+6.662	+6.700	+5.911	+5.855	+6.592	+5.868	+6.636	+6.997	+5.871	+6.526	+6.599	+5.961	+6.570	+5.870	+5.870	+6.610	+5.980	+5.865	+6.635	+5.979	+5.871	+5.954	+6.640	+7.633	+5.945	+7.544	+7.776	+5.871	+6.653	+7.664	+5.944	+7.343	+7.712	+7.748	+7.616	+5.876	+5.875	+6.510	+5.961	+5.969	+7.665	+7.715	+7.715	+5.871	+5.871	+5.871	+7.702	+7.647	+5.945	+7.642	+6.345	+5.871	+6.308	+7.050	+5.899	+5.872	+5.872	+7.643	+7.641	+5.871	+7.508	+5.871	+6.027	+5.873	+7.631	+7.508	+6.116	+7.478	+7.354	+5.883	+6.292	+7.196	+9.044	+5.940	+5.945	+5.914	+6.124	+6.293	+5.917	+5.915	+5.909	+5.911	+5.915	+5.915	+6.486	+5.914	
rs4785408      -0.589	-0.483	+2.576	+2.978	-0.626	+2.943	-0.694	+2.870	+5.532	+5.494	+5.432	+5.420	+0.077	-0.076	+6.027	+6.085	+0.442	-0.553	+5.876	-0.561	+5.948	+6.461	-0.565	+5.718	+5.852	+5.476	+5.870	-0.442	-0.562	+5.873	+0.378	-0.557	+5.923	+0.379	-0.563	+5.424	+5.963	+7.218	+0.448	+7.103	+7.409	-0.563	+5.985	+7.265	+0.449	+6.802	+7.331	+7.374	+7.195	-0.566	-0.566	+4.254	+0.420	+0.401	+7.270	+7.320	+7.319	-0.564	-0.564	-0.564	+7.302	+7.215	+0.447	+7.239	+6.570	-0.568	+6.411	+6.072	-0.614	-0.569	-0.569	+7.239	+7.237	-0.569	+7.038	-0.569	+0.248	-0.569	+7.222	+7.055	+0.076	+7.000	+6.815	-0.591	-0.208	+6.483	-0.756	-0.765	-0.787	-0.786	-0.767	-0.563	-0.791	-0.788	-0.782	-0.784	-0.790	-0.790	-0.430	-0.790	
rs4785409      -0.589	-0.483	+2.576	+2.978	-0.626	+2.943	-0.694	+2.870	+5.532	+5.494	+5.432	+5.420	+0.075	-0.076	+6.027	+6.086	+0.440	-0.553	+5.877	-0.561	+5.948	+6.462	-0.565	+5.718	+5.852	+5.470	+5.870	-0.562	-0.443	+5.873	+0.376	-0.557	+5.923	+0.377	-0.563	+5.418	+5.964	+7.218	+0.445	+7.104	+7.410	-0.564	+5.986	+7.265	+0.447	+6.803	+7.331	+7.375	+7.196	-0.567	-0.566	+4.254	+0.418	+0.399	+7.270	+7.320	+7.320	-0.564	-0.564	-0.564	+7.303	+7.215	+0.445	+7.240	+6.563	-0.568	+6.405	+6.072	-0.614	-0.570	-0.570	+7.240	+7.238	-0.569	+7.039	-0.569	+0.246	-0.570	+7.223	+7.055	+0.074	+7.000	+6.815	-0.592	-0.209	+6.484	-0.757	-0.766	-0.788	-0.787	-0.767	-0.563	-0.792	-0.789	-0.782	-0.785	-0.791	-0.791	-0.431	-0.791	
rs34582796     +5.828	+5.818	+6.079	+6.038	+5.853	+6.041	+6.054	+6.115	+6.434	+6.420	+6.401	+6.398	+6.112	+5.875	+6.663	+6.701	+5.914	+5.858	+6.593	+5.871	+6.636	+6.996	+5.875	+6.528	+6.599	+5.965	+6.610	+5.873	+5.873	+6.573	+5.983	+5.868	+6.636	+5.983	+5.874	+5.957	+6.642	+7.633	+5.949	+7.544	+7.776	+5.875	+6.655	+7.665	+5.948	+7.344	+7.713	+7.748	+7.617	+5.879	+5.878	+6.512	+5.965	+5.973	+7.665	+7.715	+7.715	+5.874	+5.874	+5.874	+7.702	+7.647	+5.948	+7.642	+6.347	+5.874	+6.310	+7.051	+5.902	+5.875	+5.875	+7.643	+7.642	+5.874	+7.508	+5.875	+6.031	+5.876	+7.631	+7.508	+6.120	+7.479	+7.355	+5.886	+6.296	+7.197	+9.046	+5.943	+5.948	+5.917	+6.127	+6.296	+5.921	+5.918	+5.913	+5.914	+5.918	+5.918	+6.489	+5.918	
rs12325247     +0.328	+0.487	+2.550	+2.939	+0.351	+2.904	-0.206	+2.827	+5.558	+5.515	+5.462	+5.438	-0.149	+0.185	+6.116	+6.205	-0.049	+0.438	+5.973	+0.388	+6.054	+6.601	+0.371	+5.833	+5.960	+3.018	+5.980	+0.378	+0.376	+5.983	+0.065	+0.398	+6.038	-0.032	+0.375	+2.960	+6.099	+7.307	-0.023	+7.180	+7.491	+0.372	+6.123	+7.347	-0.022	+6.844	+7.407	+7.453	+7.281	+0.354	+0.359	+4.190	-0.018	-0.027	+7.342	+7.351	+7.351	+0.375	+0.375	+0.374	+7.333	+7.258	-0.024	+7.309	+2.783	+0.375	+2.672	+5.940	+0.291	+0.371	+0.370	+7.309	+7.307	+0.374	+7.071	+0.373	-0.073	+0.370	+7.291	+7.123	-0.006	+7.060	+6.872	+0.357	+0.254	+6.513	+0.122	-0.289	-0.285	-0.276	-0.315	-0.058	-0.285	-0.279	-0.268	-0.272	-0.283	-0.282	+0.099	-0.282	
rs7205089      -0.589	-0.486	+2.576	+2.979	-0.625	+2.943	-0.686	+2.870	+5.527	+5.489	+5.427	+5.415	+0.093	-0.074	+6.022	+6.080	+0.463	-0.555	+5.871	-0.558	+5.943	+6.456	-0.560	+5.713	+5.847	+5.524	+5.865	-0.557	-0.557	+5.868	+0.398	-0.434	+5.918	+0.399	-0.557	+5.472	+5.958	+7.213	+0.468	+7.099	+7.404	-0.558	+5.981	+7.260	+0.470	+6.798	+7.326	+7.370	+7.191	-0.558	-0.558	+4.254	+0.440	+0.421	+7.265	+7.315	+7.314	-0.558	-0.558	-0.558	+7.297	+7.210	+0.467	+7.235	+6.627	-0.564	+6.468	+6.066	-0.606	-0.565	-0.565	+7.234	+7.233	-0.564	+7.034	-0.564	+0.267	-0.565	+7.218	+7.051	+0.094	+6.996	+6.811	-0.587	-0.192	+6.480	-0.748	-0.757	-0.780	-0.779	-0.758	-0.554	-0.784	-0.781	-0.774	-0.777	-0.783	-0.783	-0.421	-0.783	
rs34222100     +5.877	+5.867	+6.136	+6.090	+5.903	+6.094	+6.104	+6.173	+6.468	+6.455	+6.437	+6.435	+6.168	+5.926	+6.685	+6.721	+5.967	+5.908	+6.618	+5.921	+6.657	+6.998	+5.925	+6.561	+6.625	+6.009	+6.635	+5.923	+5.923	+6.636	+6.038	+5.918	+6.624	+6.037	+5.924	+6.001	+6.663	+7.647	+6.003	+7.559	+7.787	+5.925	+6.675	+7.678	+6.002	+7.362	+7.725	+7.760	+7.631	+5.929	+5.928	+6.550	+6.019	+6.028	+7.678	+7.729	+7.729	+5.924	+5.924	+5.924	+7.717	+7.663	+6.002	+7.656	+6.388	+5.924	+6.351	+7.078	+5.952	+5.925	+5.925	+7.657	+7.655	+5.924	+7.523	+5.925	+6.086	+5.926	+7.645	+7.524	+6.177	+7.495	+7.373	+5.936	+6.354	+7.220	+9.122	+5.992	+5.998	+5.966	+6.177	+6.345	+5.970	+5.968	+5.962	+5.964	+5.968	+5.967	+6.539	+5.967	
rs4467073      +0.329	+0.487	+2.550	+2.939	+0.352	+2.904	-0.205	+2.827	+5.558	+5.514	+5.462	+5.437	-0.148	+0.185	+6.116	+6.204	-0.049	+0.439	+5.973	+0.389	+6.053	+6.600	+0.372	+5.832	+5.960	+3.016	+5.979	+0.379	+0.377	+5.983	-0.032	+0.399	+6.037	+0.066	+0.376	+2.959	+6.099	+7.307	-0.022	+7.180	+7.492	+0.374	+6.123	+7.347	-0.021	+6.845	+7.408	+7.454	+7.282	+0.355	+0.360	+4.190	-0.015	-0.024	+7.342	+7.352	+7.351	+0.376	+0.376	+0.376	+7.333	+7.258	-0.022	+7.309	+2.783	+0.376	+2.672	+5.940	+0.292	+0.372	+0.372	+7.309	+7.307	+0.375	+7.071	+0.374	-0.070	+0.371	+7.292	+7.123	+0.002	+7.061	+6.872	+0.359	+0.269	+6.513	+0.124	-0.288	-0.284	-0.275	-0.314	-0.057	-0.284	-0.278	-0.267	-0.271	-0.282	-0.281	+0.100	-0.281	
rs7194251      -0.589	-0.483	+2.576	+2.978	-0.626	+2.943	-0.695	+2.870	+5.533	+5.494	+5.433	+5.421	+0.074	-0.076	+6.028	+6.086	+0.438	-0.553	+5.877	-0.562	+5.949	+6.462	-0.566	+5.719	+5.853	+5.464	+5.871	-0.563	-0.563	+5.874	+0.375	-0.557	+5.924	+0.376	-0.443	+5.413	+5.964	+7.219	+0.444	+7.105	+7.410	-0.564	+5.987	+7.266	+0.446	+6.803	+7.332	+7.376	+7.196	-0.567	-0.566	+4.254	+0.416	+0.397	+7.271	+7.321	+7.321	-0.564	-0.564	-0.564	+7.304	+7.216	+0.443	+7.241	+6.558	-0.568	+6.400	+6.073	-0.615	-0.570	-0.570	+7.240	+7.238	-0.569	+7.040	-0.569	+0.244	-0.570	+7.223	+7.056	+0.072	+7.001	+6.816	-0.592	-0.211	+6.484	-0.758	-0.766	-0.788	-0.787	-0.768	-0.564	-0.792	-0.789	-0.783	-0.786	-0.792	-0.791	-0.431	-0.791	
rs9939430      +4.192	+4.542	+3.606	+3.906	+4.757	+3.879	+2.177	+3.772	+5.709	+5.676	+5.616	+5.614	+2.783	+2.714	+6.123	+6.163	+2.781	+5.586	+5.966	+5.444	+6.026	+6.495	+5.401	+5.817	+5.939	+2.564	+5.954	+5.424	+5.418	+5.957	+2.960	+5.472	+6.001	+2.959	+5.413	+2.562	+6.031	+7.280	+2.810	+7.180	+7.460	+5.406	+6.051	+7.326	+2.807	+6.920	+7.389	+7.428	+7.260	+5.359	+5.370	+5.039	+2.901	+2.927	+7.334	+7.397	+7.397	+5.413	+5.411	+5.411	+7.382	+7.296	+2.808	+7.308	+2.597	+5.396	+2.549	+6.471	+5.027	+5.384	+5.383	+7.308	+7.307	+5.391	+7.143	+5.389	+3.084	+5.381	+7.293	+7.140	+3.321	+7.099	+6.932	+5.256	+3.708	+6.666	+2.421	+2.105	+2.096	+2.111	+2.036	+2.248	+2.102	+2.107	+2.118	+2.113	+2.103	+2.104	+2.399	+2.104	
rs4347626      +5.916	+5.909	+6.192	+6.127	+5.944	+6.130	+6.147	+6.235	+6.498	+6.485	+6.470	+6.465	+6.230	+5.973	+6.708	+6.739	+6.024	+5.945	+6.632	+5.961	+6.667	+6.992	+5.965	+6.621	+6.632	+6.039	+6.640	+5.963	+5.964	+6.642	+6.099	+5.958	+6.663	+6.099	+5.964	+6.031	+6.666	+7.648	+6.065	+7.568	+7.800	+5.965	+6.717	+7.686	+6.064	+7.362	+7.739	+7.773	+7.632	+5.969	+5.969	+6.588	+6.082	+6.091	+7.693	+7.745	+7.745	+5.964	+5.965	+5.965	+7.732	+7.662	+6.064	+7.671	+6.403	+5.964	+6.367	+7.107	+5.991	+5.965	+5.966	+7.672	+7.671	+5.965	+7.544	+5.965	+6.152	+5.966	+7.660	+7.534	+6.245	+7.514	+7.386	+5.977	+6.427	+7.236	+9.166	+6.036	+6.041	+6.010	+6.225	+6.384	+6.014	+6.012	+6.005	+6.007	+6.012	+6.011	+6.577	+6.011	
rs4595801      +7.173	+7.167	+7.330	+7.310	+7.200	+7.310	+7.486	+7.358	+7.604	+7.592	+7.571	+7.577	+7.409	+7.696	+7.750	+7.756	+7.235	+7.200	+7.645	+7.215	+7.659	+7.885	+7.219	+7.591	+7.629	+7.289	+7.633	+7.218	+7.218	+7.633	+7.307	+7.213	+7.647	+7.307	+7.219	+7.280	+7.648	+7.977	+7.279	+7.960	+8.119	+7.219	+7.654	+8.037	+7.278	+7.869	+8.067	+8.095	+8.013	+7.224	+7.223	+7.527	+7.291	+7.299	+8.032	+8.042	+8.041	+7.219	+7.219	+7.219	+8.032	+7.990	+7.279	+8.015	+7.271	+7.219	+7.255	+7.647	+7.245	+7.220	+7.220	+8.014	+8.013	+7.219	+7.913	+7.220	+7.354	+7.221	+8.006	+7.941	+7.438	+7.911	+7.865	+7.231	+7.601	+7.766	+9.366	+7.328	+7.359	+7.265	+7.432	+7.705	+7.263	+7.264	+7.266	+7.265	+7.262	+7.262	+7.911	+7.262	
rs13339322     +0.387	+0.546	+2.555	+2.943	+0.415	+2.909	-0.159	+2.832	+5.532	+5.490	+5.436	+5.413	-0.107	+0.225	+6.083	+6.169	-0.038	+0.508	+5.939	+0.457	+6.019	+6.563	+0.440	+5.798	+5.926	+2.861	+5.945	+0.448	+0.445	+5.949	-0.023	+0.468	+6.003	-0.022	+0.444	+2.810	+6.065	+7.279	+0.119	+7.154	+7.464	+0.442	+6.089	+7.320	+0.025	+6.838	+7.381	+7.427	+7.255	+0.423	+0.428	+4.193	-0.015	-0.018	+7.316	+7.368	+7.368	+0.445	+0.444	+0.444	+7.349	+7.275	+0.023	+7.283	+2.694	+0.444	+2.585	+5.946	+0.359	+0.440	+0.440	+7.283	+7.281	+0.443	+7.048	+0.442	-0.031	+0.439	+7.266	+7.098	+0.055	+7.036	+6.848	+0.426	+0.344	+6.492	+0.192	-0.237	-0.233	-0.227	-0.261	-0.006	-0.235	-0.230	-0.219	-0.223	-0.233	-0.233	+0.152	-0.233	
rs9930290      +7.060	+7.054	+7.207	+7.198	+7.085	+7.197	+7.369	+7.233	+7.513	+7.500	+7.479	+7.484	+7.281	+7.564	+7.666	+7.671	+7.111	+7.089	+7.557	+7.101	+7.573	+7.810	+7.105	+7.503	+7.540	+7.189	+7.544	+7.103	+7.104	+7.544	+7.180	+7.099	+7.559	+7.180	+7.105	+7.180	+7.568	+7.960	+7.154	+7.861	+8.095	+7.105	+7.574	+7.980	+7.153	+7.761	+8.034	+8.066	+7.946	+7.109	+7.108	+7.418	+7.165	+7.173	+7.990	+7.995	+7.994	+7.105	+7.105	+7.105	+7.984	+7.933	+7.153	+7.970	+7.170	+7.105	+7.153	+7.555	+7.132	+7.106	+7.106	+7.968	+7.967	+7.105	+7.846	+7.105	+7.226	+7.106	+7.958	+7.864	+7.308	+7.841	+7.771	+7.117	+7.468	+7.674	+9.227	+7.212	+7.246	+7.151	+7.312	+7.588	+7.149	+7.150	+7.152	+7.151	+7.149	+7.149	+7.793	+7.149	
rs8059133      +7.362	+7.353	+7.520	+7.499	+7.388	+7.501	+7.680	+7.550	+7.747	+7.737	+7.726	+7.725	+7.595	+7.907	+7.874	+7.891	+7.419	+7.394	+7.785	+7.407	+7.797	+7.995	+7.411	+7.749	+7.772	+7.468	+7.776	+7.409	+7.410	+7.776	+7.491	+7.404	+7.787	+7.492	+7.410	+7.460	+7.800	+8.119	+7.464	+8.095	+8.166	+7.411	+7.805	+8.146	+7.464	+8.019	+8.177	+8.197	+8.112	+7.416	+7.415	+7.711	+7.476	+7.484	+8.156	+8.139	+8.139	+7.411	+7.411	+7.411	+8.131	+8.094	+7.464	+8.147	+7.450	+7.410	+7.434	+7.799	+7.438	+7.412	+7.412	+8.143	+8.143	+7.411	+8.050	+7.411	+7.539	+7.412	+8.138	+8.098	+7.623	+8.072	+8.044	+7.423	+7.788	+7.932	+9.597	+7.510	+7.545	+7.450	+7.615	+7.899	+7.448	+7.449	+7.451	+7.450	+7.447	+7.447	+8.106	+7.447	
rs111428776    -0.589	-0.482	+2.576	+2.978	-0.626	+2.943	-0.695	+2.870	+5.533	+5.495	+5.433	+5.421	+0.072	-0.076	+6.028	+6.086	+0.436	-0.554	+5.878	-0.563	+5.949	+6.463	-0.567	+5.719	+5.854	+5.456	+5.871	-0.563	-0.564	+5.875	+0.372	-0.558	+5.925	+0.374	-0.564	+5.406	+5.965	+7.219	+0.442	+7.105	+7.411	-0.444	+5.987	+7.267	+0.444	+6.804	+7.333	+7.376	+7.197	-0.567	-0.566	+4.254	+0.414	+0.395	+7.272	+7.322	+7.321	-0.563	-0.564	-0.564	+7.304	+7.217	+0.441	+7.241	+6.551	-0.568	+6.393	+6.074	-0.615	-0.569	-0.569	+7.241	+7.239	-0.569	+7.040	-0.569	+0.243	-0.569	+7.224	+7.057	+0.071	+7.002	+6.816	-0.592	-0.212	+6.485	-0.758	-0.767	-0.789	-0.788	-0.769	-0.565	-0.793	-0.790	-0.784	-0.786	-0.792	-0.792	-0.432	-0.792	
rs11639573     +5.939	+5.931	+6.217	+6.150	+5.966	+6.153	+6.170	+6.261	+6.514	+6.501	+6.486	+6.482	+6.254	+5.996	+6.719	+6.750	+6.047	+5.967	+6.645	+5.983	+6.678	+6.996	+5.987	+6.638	+6.645	+6.059	+6.653	+5.985	+5.986	+6.655	+6.123	+5.981	+6.675	+6.123	+5.987	+6.051	+6.717	+7.654	+6.089	+7.574	+7.805	+5.987	+6.689	+7.692	+6.088	+7.370	+7.745	+7.778	+7.638	+5.992	+5.991	+6.605	+6.106	+6.115	+7.699	+7.751	+7.751	+5.987	+5.987	+5.987	+7.738	+7.668	+6.088	+7.677	+6.421	+5.987	+6.386	+7.119	+6.014	+5.988	+5.988	+7.678	+7.677	+5.987	+7.551	+5.988	+6.177	+5.989	+7.666	+7.541	+6.270	+7.521	+7.394	+5.999	+6.452	+7.246	+9.194	+6.058	+6.063	+6.032	+6.247	+6.406	+6.037	+6.034	+6.027	+6.029	+6.034	+6.034	+6.599	+6.033	
rs11644259     +7.220	+7.212	+7.375	+7.357	+7.246	+7.357	+7.536	+7.403	+7.635	+7.624	+7.610	+7.610	+7.450	+7.741	+7.775	+7.793	+7.276	+7.247	+7.676	+7.262	+7.689	+7.906	+7.266	+7.630	+7.661	+7.335	+7.664	+7.265	+7.265	+7.665	+7.347	+7.260	+7.678	+7.347	+7.266	+7.326	+7.686	+8.037	+7.320	+7.980	+8.146	+7.267	+7.692	+8.022	+7.320	+7.896	+8.095	+8.123	+8.027	+7.271	+7.270	+7.571	+7.332	+7.340	+8.062	+8.063	+8.063	+7.266	+7.266	+7.266	+8.054	+8.012	+7.320	+8.046	+7.317	+7.266	+7.300	+7.681	+7.293	+7.267	+7.267	+8.045	+8.044	+7.267	+7.944	+7.267	+7.395	+7.268	+8.037	+7.990	+7.478	+7.949	+7.918	+7.278	+7.641	+7.807	+9.439	+7.372	+7.402	+7.309	+7.479	+7.756	+7.308	+7.308	+7.310	+7.309	+7.307	+7.307	+7.962	+7.307	
rs56006163     +0.389	+0.548	+2.556	+2.943	+0.417	+2.909	-0.158	+2.832	+5.532	+5.489	+5.436	+5.413	-0.106	+0.226	+6.082	+6.168	-0.038	+0.510	+5.939	+0.459	+6.018	+6.562	+0.442	+5.797	+5.925	+2.858	+5.944	+0.449	+0.447	+5.948	-0.022	+0.470	+6.002	-0.021	+0.446	+2.807	+6.064	+7.278	+0.025	+7.153	+7.464	+0.444	+6.088	+7.320	+0.120	+6.838	+7.381	+7.426	+7.254	+0.425	+0.430	+4.194	-0.014	-0.017	+7.316	+7.368	+7.367	+0.447	+0.446	+0.446	+7.349	+7.274	+0.024	+7.283	+2.692	+0.446	+2.584	+5.946	+0.361	+0.442	+0.442	+7.283	+7.281	+0.445	+7.047	+0.444	-0.029	+0.441	+7.265	+7.097	+0.059	+7.035	+6.848	+0.428	+0.351	+6.492	+0.194	-0.236	-0.231	-0.225	-0.260	-0.005	-0.234	-0.229	-0.218	-0.222	-0.232	-0.232	+0.153	-0.231	
rs11644386     +6.761	+6.757	+6.910	+6.908	+6.786	+6.906	+7.098	+6.934	+7.306	+7.291	+7.261	+7.270	+6.934	+7.178	+7.488	+7.496	+6.785	+6.786	+7.360	+6.800	+7.379	+7.650	+6.803	+7.284	+7.338	+6.931	+7.343	+6.802	+6.803	+7.344	+6.844	+6.798	+7.362	+6.845	+6.803	+6.920	+7.362	+7.869	+6.838	+7.761	+8.019	+6.804	+7.370	+7.896	+6.838	+7.556	+7.943	+7.985	+7.850	+6.808	+6.807	+7.141	+6.833	+6.840	+7.888	+7.919	+7.918	+6.803	+6.804	+6.804	+7.904	+7.851	+6.838	+7.862	+6.907	+6.803	+6.887	+7.326	+6.829	+6.804	+6.804	+7.861	+7.859	+6.804	+7.705	+6.804	+6.887	+6.805	+7.847	+7.727	+6.962	+7.691	+7.587	+6.816	+7.110	+7.467	+8.813	+6.926	+6.939	+6.854	+7.029	+7.282	+6.853	+6.853	+6.853	+6.853	+6.852	+6.852	+7.483	+6.852	
rs9937923      +7.285	+7.275	+7.439	+7.421	+7.310	+7.422	+7.601	+7.467	+7.684	+7.673	+7.662	+7.660	+7.511	+7.813	+7.817	+7.836	+7.337	+7.316	+7.723	+7.328	+7.736	+7.944	+7.332	+7.685	+7.709	+7.398	+7.712	+7.331	+7.331	+7.713	+7.407	+7.326	+7.725	+7.408	+7.332	+7.389	+7.739	+8.067	+7.381	+8.034	+8.177	+7.333	+7.745	+8.095	+7.381	+7.943	+8.087	+8.157	+8.058	+7.337	+7.336	+7.635	+7.393	+7.401	+8.107	+8.097	+8.096	+7.332	+7.332	+7.332	+8.088	+8.047	+7.381	+8.095	+7.379	+7.332	+7.363	+7.733	+7.360	+7.333	+7.333	+8.092	+8.091	+7.332	+7.992	+7.333	+7.455	+7.334	+8.085	+8.031	+7.538	+8.007	+7.969	+7.344	+7.701	+7.861	+9.503	+7.432	+7.467	+7.373	+7.537	+7.820	+7.371	+7.371	+7.374	+7.373	+7.370	+7.370	+8.027	+7.370	
rs28633835     +7.328	+7.319	+7.484	+7.465	+7.354	+7.466	+7.646	+7.514	+7.720	+7.709	+7.698	+7.696	+7.556	+7.863	+7.849	+7.867	+7.382	+7.359	+7.758	+7.372	+7.770	+7.973	+7.376	+7.721	+7.745	+7.437	+7.748	+7.374	+7.375	+7.748	+7.453	+7.370	+7.760	+7.454	+7.376	+7.428	+7.773	+8.095	+7.427	+8.066	+8.197	+7.376	+7.778	+8.123	+7.426	+7.985	+8.157	+8.131	+8.088	+7.381	+7.380	+7.677	+7.439	+7.447	+8.133	+8.120	+8.119	+7.376	+7.376	+7.376	+8.112	+8.073	+7.426	+8.122	+7.418	+7.376	+7.402	+7.770	+7.403	+7.377	+7.377	+8.120	+8.119	+7.376	+8.024	+7.376	+7.501	+7.378	+8.114	+8.067	+7.584	+8.043	+8.010	+7.388	+7.748	+7.900	+9.549	+7.476	+7.511	+7.416	+7.579	+7.862	+7.414	+7.415	+7.417	+7.416	+7.413	+7.413	+8.069	+7.413	
rs4494538      +7.151	+7.145	+7.307	+7.289	+7.177	+7.288	+7.465	+7.335	+7.588	+7.576	+7.553	+7.560	+7.383	+7.665	+7.735	+7.742	+7.210	+7.178	+7.629	+7.193	+7.643	+7.872	+7.196	+7.574	+7.613	+7.269	+7.616	+7.195	+7.196	+7.617	+7.281	+7.191	+7.631	+7.282	+7.196	+7.260	+7.632	+8.013	+7.255	+7.946	+8.112	+7.197	+7.638	+8.027	+7.254	+7.850	+8.058	+8.088	+7.954	+7.201	+7.200	+7.505	+7.267	+7.275	+8.022	+8.032	+8.031	+7.196	+7.197	+7.197	+8.022	+7.978	+7.254	+8.005	+7.250	+7.196	+7.234	+7.629	+7.223	+7.197	+7.197	+8.004	+8.003	+7.197	+7.899	+7.197	+7.329	+7.198	+7.995	+7.927	+7.412	+7.897	+7.847	+7.209	+7.575	+7.748	+9.331	+7.306	+7.337	+7.243	+7.409	+7.680	+7.241	+7.242	+7.244	+7.243	+7.240	+7.240	+7.885	+7.240	
rs12596309     -0.589	-0.480	+2.575	+2.978	-0.627	+2.943	-0.702	+2.870	+5.537	+5.499	+5.437	+5.425	+0.057	-0.077	+6.032	+6.091	+0.417	-0.552	+5.882	-0.565	+5.954	+6.467	-0.571	+5.724	+5.858	+5.408	+5.876	-0.566	-0.567	+5.879	+0.354	-0.558	+5.929	+0.355	-0.567	+5.359	+5.969	+7.224	+0.423	+7.109	+7.416	-0.567	+5.992	+7.271	+0.425	+6.808	+7.337	+7.381	+7.201	-0.451	-0.571	+4.255	+0.396	+0.377	+7.276	+7.327	+7.326	-0.566	-0.566	-0.566	+7.309	+7.221	+0.423	+7.246	+6.496	-0.570	+6.339	+6.079	-0.621	-0.572	-0.572	+7.246	+7.244	-0.571	+7.045	-0.571	+0.225	-0.572	+7.228	+7.061	+0.055	+7.006	+6.820	-0.595	-0.226	+6.488	-0.766	-0.774	-0.796	-0.794	-0.776	-0.572	-0.799	-0.796	-0.790	-0.792	-0.798	-0.798	-0.439	-0.798	
rs72786280     -0.589	-0.480	+2.575	+2.978	-0.627	+2.943	-0.700	+2.870	+5.537	+5.498	+5.436	+5.424	+0.061	-0.076	+6.032	+6.090	+0.423	-0.553	+5.881	-0.565	+5.953	+6.466	-0.570	+5.723	+5.857	+5.419	+5.875	-0.566	-0.566	+5.878	+0.359	-0.558	+5.928	+0.360	-0.566	+5.370	+5.969	+7.223	+0.428	+7.108	+7.415	-0.566	+5.991	+7.270	+0.430	+6.807	+7.336	+7.380	+7.200	-0.571	-0.449	+4.255	+0.401	+0.382	+7.275	+7.325	+7.325	-0.565	-0.565	-0.566	+7.308	+7.220	+0.428	+7.245	+6.511	-0.570	+6.354	+6.077	-0.619	-0.571	-0.571	+7.244	+7.243	-0.570	+7.043	-0.571	+0.230	-0.571	+7.227	+7.060	+0.059	+7.005	+6.819	-0.594	-0.222	+6.487	-0.764	-0.772	-0.794	-0.792	-0.774	-0.570	-0.797	-0.794	-0.788	-0.791	-0.797	-0.796	-0.437	-0.796	
rs72786282     +4.272	+4.298	+4.843	+5.019	+4.268	+4.999	+4.601	+4.975	+6.278	+6.249	+6.210	+6.203	+4.212	+4.265	+6.644	+6.687	+4.193	+4.254	+6.533	+4.254	+6.573	+6.949	+4.254	+6.412	+6.498	+5.059	+6.510	+4.254	+4.254	+6.512	+4.190	+4.254	+6.550	+4.190	+4.254	+5.039	+6.588	+7.527	+4.193	+7.418	+7.711	+4.254	+6.605	+7.571	+4.194	+7.141	+7.635	+7.677	+7.505	+4.255	+4.255	+5.053	+4.191	+4.191	+7.576	+7.613	+7.613	+4.254	+4.254	+4.254	+7.597	+7.517	+4.194	+7.547	+5.058	+4.255	+5.013	+6.594	+4.272	+4.255	+4.255	+7.547	+7.545	+4.255	+7.355	+4.255	+4.190	+4.255	+7.531	+7.373	+4.205	+7.326	+7.159	+4.268	+4.256	+6.899	+6.748	+4.406	+4.445	+4.351	+4.549	+4.873	+4.348	+4.349	+4.353	+4.352	+4.348	+4.348	+5.097	+4.348	
rs4643314      +0.364	+0.523	+2.556	+2.943	+0.389	+2.909	-0.180	+2.832	+5.545	+5.502	+5.449	+5.425	-0.123	+0.205	+6.099	+6.186	-0.039	+0.481	+5.955	+0.430	+6.035	+6.581	+0.412	+5.814	+5.942	+2.954	+5.961	+0.420	+0.418	+5.965	-0.018	+0.440	+6.019	-0.015	+0.416	+2.901	+6.082	+7.291	-0.015	+7.165	+7.476	+0.414	+6.106	+7.332	-0.014	+6.833	+7.393	+7.439	+7.267	+0.396	+0.401	+4.191	+0.093	-0.009	+7.328	+7.339	+7.339	+0.417	+0.417	+0.417	+7.320	+7.245	-0.014	+7.295	+2.747	+0.417	+2.637	+5.938	+0.331	+0.413	+0.412	+7.295	+7.293	+0.416	+7.058	+0.415	-0.030	+0.412	+7.277	+7.109	+0.089	+7.047	+6.859	+0.399	+0.405	+6.502	+0.161	-0.262	-0.257	-0.248	-0.289	-0.031	-0.258	-0.252	-0.241	-0.245	-0.256	-0.255	+0.128	-0.255	
rs9924797      +0.348	+0.506	+2.553	+2.941	+0.372	+2.907	-0.191	+2.830	+5.550	+5.507	+5.454	+5.430	-0.135	+0.196	+6.106	+6.194	-0.045	+0.461	+5.963	+0.411	+6.044	+6.589	+0.393	+5.822	+5.950	+2.980	+5.969	+0.401	+0.399	+5.973	-0.027	+0.421	+6.028	-0.024	+0.397	+2.927	+6.091	+7.299	-0.018	+7.173	+7.484	+0.395	+6.115	+7.340	-0.017	+6.840	+7.401	+7.447	+7.275	+0.377	+0.382	+4.191	-0.009	+0.081	+7.336	+7.346	+7.346	+0.398	+0.398	+0.398	+7.327	+7.252	-0.018	+7.303	+2.765	+0.398	+2.654	+5.939	+0.313	+0.394	+0.393	+7.303	+7.301	+0.397	+7.065	+0.396	-0.048	+0.393	+7.285	+7.117	+0.053	+7.054	+6.866	+0.380	+0.352	+6.508	+0.145	-0.274	-0.269	-0.260	-0.301	-0.043	-0.270	-0.264	-0.253	-0.257	-0.267	-0.267	+0.115	-0.267	
rs147750632    +7.225	+7.216	+7.376	+7.362	+7.250	+7.362	+7.541	+7.403	+7.636	+7.624	+7.613	+7.610	+7.444	+7.740	+7.774	+7.793	+7.273	+7.255	+7.676	+7.267	+7.690	+7.905	+7.271	+7.636	+7.661	+7.344	+7.665	+7.270	+7.270	+7.665	+7.342	+7.265	+7.678	+7.342	+7.271	+7.334	+7.693	+8.032	+7.316	+7.990	+8.156	+7.272	+7.699	+8.062	+7.316	+7.888	+8.107	+8.133	+8.022	+7.276	+7.275	+7.576	+7.328	+7.336	+8.026	+8.067	+8.067	+7.271	+7.271	+7.271	+8.058	+8.014	+7.316	+8.060	+7.324	+7.271	+7.307	+7.683	+7.299	+7.272	+7.272	+8.058	+8.057	+7.272	+7.950	+7.272	+7.389	+7.273	+8.050	+7.984	+7.471	+7.960	+7.914	+7.283	+7.632	+7.809	+9.426	+7.373	+7.407	+7.313	+7.475	+7.757	+7.311	+7.312	+7.315	+7.313	+7.310	+7.310	+7.964	+7.310	
