## Summary of overall evidence for association with region:
## log10(BF for region) = -0.189459
## p-value for region = NA

## BFs for choosing among multi-SNP models:
## log10(average 1-SNP BF) = -0.138011
## log10(average 2-SNP BF) = -0.315285

## Example posterior probabilities for multi-SNP models, based on default prior: [p(l) propto 0.5^l for l=1,2,...,L]
## posterior probability of 1-SNP = 0.75051
## posterior probability of 2-SNP = 0.24949

## log10(BF) for single SNP and pair of SNPs:
rs11202943     -0.526	-0.571	-0.583	-0.571	-0.422	-0.406	-0.584	-0.584	-0.585	-0.979	-0.550	-0.793	-0.301	-0.603	+0.414	-0.418	-0.472	-0.474	-0.498	-0.519	-0.494	-0.771	-0.499	-0.490	-0.285	-0.285	-0.347	-0.343	-0.306	+0.120	-0.327	-0.208	-0.207	-0.207	-0.740	-0.982	-0.988	+0.002	-0.022	-0.784	-0.967	-0.786	+0.102	+0.282	-0.771	+0.305	-0.505	-0.708	+0.109	+0.075	-0.062	-0.926	-0.764	-0.922	-0.917	-0.831	-0.898	-0.902	-0.834	-0.784	-0.700	-0.812	-0.661	-0.641	-0.757	-0.874	-0.825	-0.834	-0.840	-0.834	-0.836	-0.834	-0.827	-0.828	-0.825	-0.805	-0.850	-0.408	-1.001	-1.021	-1.015	-1.011	-1.003	-1.003	-0.412	-1.011	-0.713	-0.713	-0.713	-0.977	-0.991	-1.003	-1.003	-0.481	-1.013	-0.405	-1.012	-0.408	-1.007	-1.008	-1.010	-0.397	-1.010	-1.002	-0.978	-0.994	-0.989	-0.681	-0.642	-0.364	-0.874	-0.867	-0.888	-0.720	-0.901	-0.803	-0.559	-0.700	-0.878	-1.015	-1.029	-0.898	-0.831	-0.646	-0.658	-1.029	-1.028	-0.911	-0.822	-1.027	-1.021	-0.919	-1.027	-0.828	-0.884	-0.918	-0.817	-0.920	-0.920	-0.832	-1.024	-1.028	-0.847	-0.951	-0.889	-0.904	-0.903	-0.902	-0.903	-0.904	-0.859	-0.903	-0.899	-1.026	-0.905	-0.901	
rs80218027     -0.571	-0.300	-0.408	-0.401	-0.347	-0.333	-0.408	-0.408	-0.409	-0.787	-0.430	-0.486	-0.139	-0.428	+0.604	-0.251	-0.304	-0.306	-0.329	-0.349	-0.326	-0.573	-0.330	-0.321	-0.124	-0.125	-0.184	-0.180	-0.141	+0.256	-0.145	-0.046	-0.046	-0.046	-0.542	-0.776	-0.783	+0.177	+0.153	-0.585	-0.759	-0.586	+0.290	+0.431	-0.571	+0.460	-0.323	-0.519	+0.261	+0.228	+0.126	-0.728	-0.573	-0.726	-0.721	-0.637	-0.703	-0.706	-0.640	-0.591	-0.511	-0.619	-0.473	-0.452	-0.566	-0.671	-0.618	-0.627	-0.632	-0.627	-0.629	-0.626	-0.624	-0.619	-0.617	-0.598	-0.652	-0.214	-0.796	-0.817	-0.812	-0.806	-0.799	-0.798	-0.218	-0.809	-0.516	-0.516	-0.516	-0.774	-0.789	-0.798	-0.798	-0.287	-0.808	-0.211	-0.807	-0.215	-0.802	-0.803	-0.805	-0.203	-0.808	-0.798	-0.776	-0.789	-0.784	-0.477	-0.441	-0.160	-0.680	-0.674	-0.695	-0.515	-0.706	-0.610	-0.372	-0.502	-0.683	-0.805	-0.823	-0.701	-0.624	-0.448	-0.460	-0.824	-0.824	-0.714	-0.616	-0.823	-0.813	-0.721	-0.824	-0.621	-0.681	-0.720	-0.611	-0.722	-0.722	-0.625	-0.816	-0.822	-0.641	-0.750	-0.683	-0.705	-0.704	-0.703	-0.704	-0.704	-0.662	-0.704	-0.700	-0.823	-0.706	-0.702	
rs1319097      -0.583	-0.408	-0.308	-0.408	-0.344	-0.333	-0.410	-0.411	-0.411	-0.795	-0.432	-0.498	-0.145	-0.434	+0.598	-0.257	-0.310	-0.312	-0.335	-0.355	-0.332	-0.580	-0.336	-0.327	-0.130	-0.131	-0.190	-0.186	-0.147	+0.251	-0.152	-0.052	-0.052	-0.052	-0.549	-0.783	-0.790	+0.171	+0.146	-0.592	-0.767	-0.593	+0.284	+0.426	-0.579	+0.454	-0.329	-0.526	+0.255	+0.222	+0.119	-0.735	-0.581	-0.733	-0.728	-0.644	-0.710	-0.713	-0.647	-0.598	-0.518	-0.626	-0.480	-0.459	-0.573	-0.678	-0.626	-0.634	-0.639	-0.634	-0.637	-0.633	-0.632	-0.627	-0.624	-0.605	-0.659	-0.221	-0.804	-0.825	-0.819	-0.813	-0.806	-0.805	-0.226	-0.816	-0.523	-0.523	-0.523	-0.782	-0.796	-0.805	-0.805	-0.294	-0.816	-0.219	-0.815	-0.222	-0.809	-0.810	-0.812	-0.210	-0.815	-0.805	-0.783	-0.797	-0.791	-0.484	-0.448	-0.168	-0.687	-0.682	-0.702	-0.522	-0.713	-0.618	-0.379	-0.510	-0.690	-0.813	-0.831	-0.709	-0.632	-0.456	-0.467	-0.832	-0.832	-0.721	-0.624	-0.831	-0.820	-0.728	-0.831	-0.629	-0.688	-0.728	-0.618	-0.729	-0.729	-0.633	-0.824	-0.829	-0.649	-0.757	-0.691	-0.713	-0.711	-0.711	-0.712	-0.712	-0.669	-0.712	-0.708	-0.831	-0.713	-0.710	
rs1319096      -0.571	-0.401	-0.408	-0.300	-0.347	-0.333	-0.408	-0.408	-0.409	-0.787	-0.430	-0.486	-0.139	-0.428	+0.605	-0.251	-0.304	-0.306	-0.329	-0.349	-0.326	-0.573	-0.330	-0.321	-0.124	-0.125	-0.184	-0.180	-0.141	+0.256	-0.145	-0.046	-0.046	-0.046	-0.542	-0.776	-0.783	+0.177	+0.153	-0.585	-0.759	-0.586	+0.290	+0.431	-0.571	+0.460	-0.323	-0.519	+0.261	+0.228	+0.126	-0.728	-0.573	-0.726	-0.721	-0.637	-0.703	-0.706	-0.640	-0.591	-0.511	-0.619	-0.473	-0.452	-0.566	-0.671	-0.618	-0.627	-0.632	-0.627	-0.629	-0.626	-0.624	-0.619	-0.617	-0.598	-0.652	-0.214	-0.796	-0.817	-0.812	-0.806	-0.799	-0.798	-0.218	-0.809	-0.516	-0.516	-0.516	-0.774	-0.789	-0.798	-0.798	-0.287	-0.808	-0.211	-0.807	-0.215	-0.802	-0.803	-0.805	-0.203	-0.808	-0.798	-0.776	-0.789	-0.784	-0.477	-0.441	-0.160	-0.680	-0.674	-0.695	-0.515	-0.706	-0.610	-0.372	-0.502	-0.683	-0.805	-0.823	-0.701	-0.624	-0.448	-0.460	-0.824	-0.824	-0.714	-0.616	-0.823	-0.813	-0.721	-0.824	-0.621	-0.681	-0.720	-0.611	-0.722	-0.722	-0.625	-0.816	-0.822	-0.641	-0.750	-0.683	-0.705	-0.704	-0.703	-0.704	-0.704	-0.662	-0.704	-0.700	-0.823	-0.706	-0.702	
rs181696603    -0.422	-0.347	-0.344	-0.347	-0.139	-0.216	-0.344	-0.344	-0.344	-0.647	-0.336	-0.229	-0.022	-0.304	+0.725	-0.131	-0.183	-0.185	-0.207	-0.227	-0.204	-0.430	-0.209	-0.200	-0.005	-0.006	-0.065	-0.061	-0.022	+0.362	-0.018	+0.072	+0.072	+0.072	-0.398	-0.635	-0.643	+0.297	+0.273	-0.442	-0.618	-0.443	+0.418	+0.540	-0.429	+0.572	-0.201	-0.379	+0.380	+0.347	+0.252	-0.594	-0.443	-0.592	-0.587	-0.510	-0.570	-0.573	-0.513	-0.465	-0.382	-0.492	-0.345	-0.328	-0.440	-0.528	-0.477	-0.485	-0.489	-0.485	-0.487	-0.482	-0.481	-0.475	-0.474	-0.456	-0.510	-0.081	-0.656	-0.677	-0.672	-0.666	-0.659	-0.658	-0.085	-0.672	-0.383	-0.383	-0.383	-0.639	-0.653	-0.658	-0.658	-0.154	-0.668	-0.078	-0.667	-0.081	-0.662	-0.663	-0.665	-0.069	-0.671	-0.657	-0.641	-0.649	-0.644	-0.336	-0.302	-0.024	-0.543	-0.538	-0.558	-0.381	-0.569	-0.472	-0.233	-0.362	-0.545	-0.667	-0.684	-0.563	-0.489	-0.307	-0.319	-0.685	-0.685	-0.575	-0.480	-0.684	-0.674	-0.582	-0.684	-0.486	-0.541	-0.582	-0.475	-0.583	-0.584	-0.490	-0.678	-0.683	-0.505	-0.610	-0.547	-0.566	-0.565	-0.564	-0.565	-0.566	-0.522	-0.565	-0.561	-0.683	-0.567	-0.564	
rs150123721    -0.406	-0.333	-0.333	-0.333	-0.216	-0.128	-0.332	-0.332	-0.332	-0.636	-0.327	-0.211	-0.014	-0.295	+0.734	-0.122	-0.174	-0.176	-0.198	-0.218	-0.196	-0.420	-0.200	-0.191	+0.003	+0.002	-0.056	-0.052	-0.013	+0.369	-0.008	+0.080	+0.080	+0.081	-0.388	-0.625	-0.632	+0.306	+0.282	-0.431	-0.608	-0.433	+0.427	+0.548	-0.418	+0.580	-0.192	-0.369	+0.388	+0.356	+0.261	-0.585	-0.434	-0.583	-0.577	-0.500	-0.560	-0.563	-0.503	-0.456	-0.373	-0.482	-0.335	-0.319	-0.431	-0.518	-0.466	-0.475	-0.479	-0.475	-0.476	-0.472	-0.470	-0.465	-0.463	-0.446	-0.500	-0.071	-0.646	-0.667	-0.662	-0.656	-0.649	-0.648	-0.075	-0.662	-0.373	-0.373	-0.373	-0.629	-0.643	-0.648	-0.648	-0.145	-0.658	-0.068	-0.657	-0.072	-0.652	-0.653	-0.655	-0.060	-0.661	-0.647	-0.631	-0.639	-0.634	-0.326	-0.292	-0.013	-0.533	-0.528	-0.548	-0.370	-0.559	-0.462	-0.223	-0.351	-0.535	-0.656	-0.674	-0.553	-0.479	-0.296	-0.308	-0.675	-0.675	-0.565	-0.470	-0.674	-0.664	-0.572	-0.674	-0.476	-0.531	-0.572	-0.465	-0.573	-0.574	-0.479	-0.668	-0.673	-0.495	-0.600	-0.537	-0.556	-0.555	-0.554	-0.555	-0.555	-0.512	-0.555	-0.551	-0.673	-0.557	-0.553	
rs78924853     -0.584	-0.408	-0.410	-0.408	-0.344	-0.332	-0.309	-0.411	-0.411	-0.796	-0.432	-0.498	-0.145	-0.434	+0.597	-0.258	-0.311	-0.312	-0.335	-0.356	-0.332	-0.580	-0.337	-0.328	-0.131	-0.131	-0.191	-0.187	-0.148	+0.250	-0.153	-0.053	-0.052	-0.052	-0.550	-0.784	-0.791	+0.170	+0.146	-0.592	-0.767	-0.594	+0.283	+0.425	-0.579	+0.454	-0.330	-0.526	+0.255	+0.222	+0.119	-0.736	-0.581	-0.734	-0.728	-0.645	-0.711	-0.714	-0.648	-0.599	-0.519	-0.626	-0.481	-0.459	-0.573	-0.679	-0.626	-0.635	-0.640	-0.635	-0.637	-0.634	-0.632	-0.627	-0.625	-0.606	-0.660	-0.222	-0.804	-0.825	-0.820	-0.814	-0.807	-0.806	-0.226	-0.817	-0.523	-0.523	-0.523	-0.782	-0.797	-0.806	-0.806	-0.294	-0.816	-0.219	-0.815	-0.222	-0.810	-0.811	-0.813	-0.211	-0.816	-0.806	-0.784	-0.797	-0.792	-0.484	-0.449	-0.168	-0.688	-0.682	-0.703	-0.523	-0.714	-0.618	-0.380	-0.510	-0.691	-0.813	-0.831	-0.709	-0.633	-0.456	-0.468	-0.832	-0.832	-0.722	-0.624	-0.831	-0.821	-0.729	-0.832	-0.630	-0.689	-0.728	-0.619	-0.730	-0.730	-0.633	-0.825	-0.830	-0.649	-0.758	-0.691	-0.713	-0.712	-0.711	-0.712	-0.712	-0.669	-0.712	-0.708	-0.831	-0.714	-0.710	
rs17378029     -0.584	-0.408	-0.411	-0.408	-0.344	-0.332	-0.411	-0.309	-0.411	-0.796	-0.432	-0.498	-0.146	-0.435	+0.597	-0.258	-0.311	-0.313	-0.336	-0.356	-0.332	-0.581	-0.337	-0.328	-0.131	-0.131	-0.191	-0.187	-0.148	+0.250	-0.153	-0.053	-0.053	-0.052	-0.550	-0.784	-0.791	+0.170	+0.146	-0.593	-0.767	-0.594	+0.283	+0.425	-0.579	+0.454	-0.330	-0.526	+0.254	+0.222	+0.119	-0.736	-0.581	-0.734	-0.729	-0.645	-0.711	-0.714	-0.648	-0.599	-0.519	-0.627	-0.481	-0.460	-0.574	-0.679	-0.626	-0.635	-0.640	-0.635	-0.637	-0.634	-0.633	-0.628	-0.625	-0.606	-0.660	-0.222	-0.804	-0.825	-0.820	-0.814	-0.807	-0.806	-0.226	-0.817	-0.524	-0.524	-0.524	-0.783	-0.797	-0.806	-0.806	-0.295	-0.816	-0.219	-0.815	-0.223	-0.810	-0.811	-0.813	-0.211	-0.816	-0.806	-0.784	-0.798	-0.792	-0.485	-0.449	-0.169	-0.688	-0.683	-0.703	-0.523	-0.714	-0.618	-0.380	-0.511	-0.691	-0.813	-0.832	-0.709	-0.633	-0.456	-0.468	-0.833	-0.832	-0.722	-0.624	-0.832	-0.821	-0.729	-0.832	-0.630	-0.689	-0.728	-0.619	-0.730	-0.730	-0.634	-0.825	-0.830	-0.650	-0.758	-0.692	-0.713	-0.712	-0.712	-0.713	-0.713	-0.670	-0.712	-0.708	-0.831	-0.714	-0.711	
rs113841290    -0.585	-0.409	-0.411	-0.409	-0.344	-0.332	-0.411	-0.411	-0.309	-0.797	-0.432	-0.499	-0.146	-0.435	+0.597	-0.258	-0.311	-0.313	-0.336	-0.356	-0.333	-0.581	-0.337	-0.328	-0.131	-0.132	-0.191	-0.187	-0.148	+0.250	-0.153	-0.053	-0.053	-0.053	-0.551	-0.784	-0.791	+0.170	+0.145	-0.593	-0.768	-0.594	+0.282	+0.425	-0.580	+0.453	-0.330	-0.527	+0.254	+0.221	+0.118	-0.736	-0.582	-0.734	-0.729	-0.646	-0.711	-0.715	-0.648	-0.600	-0.520	-0.627	-0.481	-0.460	-0.574	-0.680	-0.627	-0.636	-0.641	-0.636	-0.638	-0.635	-0.633	-0.628	-0.626	-0.607	-0.660	-0.222	-0.805	-0.826	-0.820	-0.814	-0.807	-0.807	-0.227	-0.817	-0.524	-0.524	-0.524	-0.783	-0.797	-0.807	-0.807	-0.295	-0.817	-0.220	-0.816	-0.223	-0.811	-0.812	-0.814	-0.211	-0.816	-0.806	-0.784	-0.798	-0.793	-0.485	-0.450	-0.169	-0.689	-0.683	-0.704	-0.524	-0.715	-0.619	-0.381	-0.511	-0.691	-0.814	-0.832	-0.710	-0.633	-0.457	-0.469	-0.833	-0.833	-0.722	-0.625	-0.832	-0.822	-0.729	-0.832	-0.630	-0.690	-0.729	-0.620	-0.730	-0.731	-0.634	-0.825	-0.831	-0.650	-0.758	-0.692	-0.714	-0.712	-0.712	-0.713	-0.713	-0.670	-0.713	-0.709	-0.832	-0.714	-0.711	
rs7085850      -0.979	-0.787	-0.795	-0.787	-0.647	-0.636	-0.796	-0.796	-0.797	-0.644	-0.746	-0.938	-0.404	-0.707	+0.349	-0.520	-0.574	-0.576	-0.600	-0.622	-0.597	-0.879	-0.601	-0.592	-0.389	-0.390	-0.452	-0.448	-0.412	+0.011	-0.433	-0.314	-0.314	-0.314	-0.847	-1.090	-1.097	-0.076	-0.102	-0.891	-1.074	-0.893	+0.021	+0.176	-0.881	+0.199	-0.611	-0.814	+0.012	-0.022	-0.168	-1.036	-0.875	-1.033	-1.028	-0.939	-1.009	-1.012	-0.942	-0.892	-0.809	-0.920	-0.769	-0.747	-0.865	-0.986	-0.936	-0.945	-0.951	-0.945	-0.948	-0.946	-0.940	-0.940	-0.937	-0.916	-0.956	-0.516	-1.111	-1.131	-1.126	-1.122	-1.114	-1.113	-0.520	-1.122	-0.822	-0.822	-0.822	-1.087	-1.102	-1.113	-1.113	-0.589	-1.123	-0.513	-1.122	-0.517	-1.117	-1.118	-1.120	-0.505	-1.120	-1.113	-1.088	-1.105	-1.099	-0.790	-0.752	-0.478	-0.982	-0.975	-0.997	-0.832	-1.010	-0.912	-0.665	-0.810	-0.989	-1.126	-1.140	-1.009	-0.943	-0.756	-0.768	-1.140	-1.139	-1.022	-0.935	-1.138	-1.132	-1.029	-1.138	-0.940	-0.995	-1.029	-0.930	-1.031	-1.031	-0.944	-1.135	-1.139	-0.960	-1.062	-1.002	-1.015	-1.013	-1.013	-1.014	-1.014	-0.969	-1.013	-1.009	-1.136	-1.015	-1.012	
rs11814535     -0.550	-0.430	-0.432	-0.430	-0.336	-0.327	-0.432	-0.432	-0.432	-0.746	-0.244	-0.461	-0.087	-0.378	+0.667	-0.199	-0.253	-0.255	-0.278	-0.298	-0.275	-0.522	-0.279	-0.270	-0.069	-0.070	-0.130	-0.126	-0.087	+0.310	-0.100	+0.009	+0.009	+0.010	-0.490	-0.728	-0.736	+0.234	+0.209	-0.534	-0.711	-0.535	+0.351	+0.485	-0.522	+0.515	-0.273	-0.467	+0.320	+0.287	+0.182	-0.679	-0.522	-0.676	-0.671	-0.589	-0.653	-0.656	-0.592	-0.543	-0.458	-0.570	-0.420	-0.403	-0.517	-0.623	-0.571	-0.579	-0.584	-0.580	-0.581	-0.578	-0.575	-0.571	-0.569	-0.551	-0.603	-0.160	-0.749	-0.771	-0.765	-0.759	-0.752	-0.751	-0.164	-0.762	-0.465	-0.465	-0.465	-0.727	-0.742	-0.751	-0.751	-0.233	-0.762	-0.157	-0.760	-0.160	-0.755	-0.756	-0.758	-0.149	-0.761	-0.751	-0.729	-0.743	-0.737	-0.430	-0.387	-0.116	-0.634	-0.628	-0.649	-0.471	-0.660	-0.564	-0.325	-0.454	-0.636	-0.760	-0.777	-0.655	-0.580	-0.400	-0.412	-0.778	-0.778	-0.667	-0.572	-0.777	-0.767	-0.674	-0.777	-0.577	-0.634	-0.674	-0.566	-0.675	-0.675	-0.581	-0.771	-0.776	-0.597	-0.703	-0.639	-0.658	-0.657	-0.656	-0.657	-0.658	-0.614	-0.657	-0.653	-0.776	-0.659	-0.656	
rs76787568     -0.793	-0.486	-0.498	-0.486	-0.229	-0.211	-0.498	-0.498	-0.499	-0.938	-0.461	-0.452	-0.219	-0.528	+0.494	-0.339	-0.394	-0.396	-0.420	-0.442	-0.417	-0.703	-0.421	-0.412	-0.201	-0.202	-0.265	-0.261	-0.224	+0.220	-0.250	-0.124	-0.123	-0.123	-0.670	-0.915	-0.922	+0.083	+0.059	-0.714	-0.900	-0.716	+0.180	+0.376	-0.703	+0.396	-0.431	-0.637	+0.193	+0.159	+0.011	-0.859	-0.697	-0.856	-0.851	-0.763	-0.832	-0.836	-0.766	-0.716	-0.632	-0.744	-0.593	-0.572	-0.689	-0.807	-0.757	-0.767	-0.772	-0.767	-0.769	-0.767	-0.760	-0.760	-0.758	-0.737	-0.780	-0.334	-0.933	-0.954	-0.948	-0.946	-0.936	-0.935	-0.338	-0.945	-0.643	-0.643	-0.643	-0.911	-0.926	-0.935	-0.935	-0.408	-0.946	-0.331	-0.944	-0.334	-0.939	-0.940	-0.942	-0.323	-0.944	-0.935	-0.913	-0.926	-0.921	-0.610	-0.570	-0.296	-0.807	-0.799	-0.821	-0.655	-0.834	-0.736	-0.491	-0.632	-0.812	-0.949	-0.963	-0.831	-0.767	-0.577	-0.589	-0.963	-0.962	-0.845	-0.758	-0.961	-0.955	-0.852	-0.961	-0.764	-0.817	-0.852	-0.753	-0.853	-0.854	-0.768	-0.958	-0.962	-0.783	-0.884	-0.825	-0.837	-0.835	-0.835	-0.836	-0.836	-0.792	-0.836	-0.832	-0.959	-0.838	-0.834	
rs1892336      -0.301	-0.139	-0.145	-0.139	-0.022	-0.014	-0.145	-0.146	-0.146	-0.404	-0.087	-0.219	+0.145	+0.078	+0.649	-0.082	-0.084	-0.086	-0.091	-0.093	-0.090	-0.086	-0.092	-0.090	-0.005	-0.004	-0.040	-0.038	-0.022	+0.301	-0.029	+0.045	+0.046	+0.046	-0.036	-0.332	-0.349	+0.325	+0.302	-0.099	-0.300	-0.102	+0.428	+0.444	-0.110	+0.467	-0.134	-0.041	+0.383	+0.354	+0.212	-0.366	-0.254	-0.368	-0.365	-0.298	-0.352	-0.355	-0.300	-0.261	-0.205	-0.283	-0.173	-0.149	-0.239	-0.255	-0.206	-0.214	-0.215	-0.214	-0.215	-0.211	-0.213	-0.203	-0.201	-0.186	-0.256	+0.214	-0.392	-0.408	-0.402	-0.387	-0.394	-0.393	+0.207	-0.402	-0.120	-0.120	-0.120	-0.372	-0.386	-0.393	-0.393	+0.131	-0.403	+0.214	-0.401	+0.210	-0.397	-0.398	-0.399	+0.224	-0.400	-0.393	-0.374	-0.385	-0.379	-0.099	-0.027	+0.185	-0.283	-0.277	-0.297	-0.172	-0.310	-0.222	+0.019	-0.101	-0.282	-0.405	-0.416	-0.300	-0.249	-0.047	-0.059	-0.416	-0.414	-0.311	-0.242	-0.412	-0.410	-0.317	-0.412	-0.246	-0.271	-0.317	-0.237	-0.319	-0.319	-0.250	-0.413	-0.416	-0.263	-0.344	-0.300	-0.303	-0.301	-0.301	-0.303	-0.303	-0.262	-0.302	-0.299	-0.409	-0.304	-0.301	
rs6586173      -0.603	-0.428	-0.434	-0.428	-0.304	-0.295	-0.434	-0.435	-0.435	-0.707	-0.378	-0.528	+0.078	-0.189	+0.485	-0.240	-0.260	-0.264	-0.288	-0.308	-0.286	-0.412	-0.291	-0.282	-0.142	-0.137	-0.196	-0.193	-0.176	+0.259	-0.199	-0.081	-0.081	-0.080	-0.366	-0.645	-0.659	+0.122	+0.099	-0.424	-0.617	-0.426	+0.222	+0.378	-0.430	+0.394	-0.360	-0.358	+0.201	+0.170	+0.028	-0.656	-0.530	-0.656	-0.653	-0.579	-0.638	-0.641	-0.582	-0.539	-0.476	-0.563	-0.442	-0.418	-0.516	-0.563	-0.512	-0.521	-0.524	-0.521	-0.523	-0.520	-0.521	-0.513	-0.510	-0.492	-0.556	-0.091	-0.695	-0.712	-0.706	-0.693	-0.697	-0.696	-0.097	-0.702	-0.416	-0.416	-0.416	-0.671	-0.685	-0.697	-0.696	-0.170	-0.706	-0.090	-0.705	-0.094	-0.700	-0.701	-0.703	-0.081	-0.701	-0.696	-0.673	-0.688	-0.683	-0.395	-0.333	-0.101	-0.579	-0.571	-0.591	-0.458	-0.605	-0.514	-0.270	-0.397	-0.578	-0.708	-0.719	-0.597	-0.545	-0.343	-0.355	-0.719	-0.717	-0.609	-0.537	-0.715	-0.713	-0.616	-0.715	-0.542	-0.575	-0.615	-0.532	-0.617	-0.617	-0.545	-0.716	-0.719	-0.560	-0.645	-0.597	-0.601	-0.599	-0.599	-0.600	-0.600	-0.558	-0.600	-0.596	-0.712	-0.601	-0.598	
rs4934454      +0.414	+0.604	+0.598	+0.605	+0.725	+0.734	+0.597	+0.597	+0.597	+0.349	+0.667	+0.494	+0.649	+0.485	+0.869	+0.579	+0.526	+0.526	+0.517	+0.509	+0.519	+0.519	+0.517	+0.521	+0.671	+0.678	+0.642	+0.644	+0.643	+0.940	+0.641	+0.701	+0.702	+0.702	+0.494	+0.789	+0.883	+0.527	+0.520	+0.489	+0.698	+0.491	+0.566	+1.010	+0.546	+1.039	+0.526	+0.490	+0.703	+0.684	+0.782	+0.324	+0.431	+0.329	+0.331	+0.343	+0.341	+0.339	+0.342	+0.364	+0.443	+0.351	+0.471	+0.434	+0.379	+0.507	+0.508	+0.505	+0.510	+0.504	+0.509	+0.521	+0.567	+0.532	+0.528	+0.528	+0.451	+0.803	+0.351	+0.330	+0.338	+0.312	+0.349	+0.350	+0.799	+0.304	+0.511	+0.511	+0.511	+0.308	+0.306	+0.350	+0.350	+0.726	+0.334	+0.805	+0.336	+0.803	+0.344	+0.342	+0.340	+0.813	+0.303	+0.350	+0.308	+0.361	+0.369	+0.604	+0.689	+0.804	+0.410	+0.411	+0.395	+0.492	+0.388	+0.460	+0.625	+0.537	+0.388	+0.307	+0.303	+0.380	+0.396	+0.580	+0.570	+0.303	+0.307	+0.373	+0.400	+0.309	+0.303	+0.371	+0.309	+0.397	+0.447	+0.371	+0.402	+0.370	+0.370	+0.395	+0.302	+0.301	+0.388	+0.363	+0.371	+0.376	+0.376	+0.376	+0.376	+0.376	+0.396	+0.376	+0.378	+0.308	+0.376	+0.377	
rs74230649     -0.418	-0.251	-0.257	-0.251	-0.131	-0.122	-0.258	-0.258	-0.258	-0.520	-0.199	-0.339	-0.082	-0.240	+0.579	+0.015	-0.168	-0.171	-0.181	-0.187	-0.180	-0.212	-0.183	-0.179	-0.069	-0.066	-0.110	-0.107	-0.095	+0.273	-0.108	-0.018	-0.018	-0.017	-0.160	-0.446	-0.463	+0.230	+0.207	-0.221	-0.414	-0.223	+0.327	+0.402	-0.233	+0.422	-0.236	-0.160	+0.290	+0.260	+0.119	-0.474	-0.358	-0.477	-0.473	-0.399	-0.459	-0.462	-0.402	-0.360	-0.304	-0.384	-0.270	-0.239	-0.337	-0.378	-0.324	-0.332	-0.337	-0.333	-0.334	-0.331	-0.334	-0.324	-0.322	-0.303	-0.380	+0.067	-0.511	-0.528	-0.524	-0.502	-0.514	-0.513	+0.060	-0.516	-0.248	-0.248	-0.248	-0.486	-0.500	-0.513	-0.513	-0.009	-0.521	+0.067	-0.520	+0.064	-0.516	-0.517	-0.519	+0.076	-0.515	-0.513	-0.488	-0.505	-0.500	-0.226	-0.167	+0.070	-0.397	-0.394	-0.413	-0.283	-0.424	-0.337	-0.105	-0.218	-0.398	-0.520	-0.533	-0.416	-0.363	-0.165	-0.177	-0.533	-0.531	-0.427	-0.356	-0.530	-0.527	-0.434	-0.530	-0.360	-0.389	-0.433	-0.351	-0.435	-0.435	-0.364	-0.529	-0.533	-0.378	-0.461	-0.415	-0.419	-0.418	-0.418	-0.419	-0.419	-0.377	-0.418	-0.415	-0.528	-0.420	-0.417	
rs10788635     -0.472	-0.304	-0.310	-0.304	-0.183	-0.174	-0.311	-0.311	-0.311	-0.574	-0.253	-0.394	-0.084	-0.260	+0.526	-0.168	-0.045	-0.137	-0.150	-0.158	-0.152	-0.272	-0.158	-0.154	-0.092	-0.088	-0.137	-0.134	-0.122	+0.270	-0.139	-0.040	-0.039	-0.039	-0.223	-0.508	-0.524	+0.179	+0.157	-0.283	-0.478	-0.285	+0.282	+0.392	-0.292	+0.410	-0.279	-0.222	+0.252	+0.222	+0.084	-0.531	-0.413	-0.533	-0.529	-0.460	-0.516	-0.519	-0.463	-0.422	-0.363	-0.445	-0.330	-0.305	-0.400	-0.427	-0.379	-0.387	-0.389	-0.388	-0.389	-0.385	-0.385	-0.378	-0.376	-0.359	-0.430	+0.044	-0.564	-0.580	-0.575	-0.558	-0.566	-0.566	+0.036	-0.569	-0.286	-0.286	-0.286	-0.538	-0.552	-0.566	-0.566	-0.037	-0.574	+0.043	-0.573	+0.040	-0.569	-0.570	-0.572	+0.053	-0.568	-0.565	-0.539	-0.557	-0.552	-0.274	-0.203	+0.019	-0.448	-0.442	-0.462	-0.335	-0.476	-0.387	-0.146	-0.268	-0.448	-0.577	-0.587	-0.467	-0.418	-0.214	-0.226	-0.586	-0.584	-0.478	-0.411	-0.582	-0.582	-0.485	-0.583	-0.415	-0.442	-0.485	-0.406	-0.486	-0.486	-0.419	-0.584	-0.587	-0.433	-0.514	-0.469	-0.470	-0.469	-0.468	-0.470	-0.470	-0.428	-0.469	-0.465	-0.579	-0.471	-0.468	
rs61853069     -0.474	-0.306	-0.312	-0.306	-0.185	-0.176	-0.312	-0.313	-0.313	-0.576	-0.255	-0.396	-0.086	-0.264	+0.526	-0.171	-0.137	-0.047	-0.143	-0.150	-0.145	-0.274	-0.152	-0.148	-0.092	-0.087	-0.137	-0.134	-0.123	+0.271	-0.140	-0.040	-0.040	-0.039	-0.225	-0.509	-0.525	+0.178	+0.155	-0.285	-0.480	-0.287	+0.280	+0.392	-0.294	+0.410	-0.281	-0.223	+0.251	+0.221	+0.082	-0.533	-0.415	-0.535	-0.531	-0.462	-0.518	-0.521	-0.465	-0.424	-0.366	-0.447	-0.333	-0.306	-0.402	-0.430	-0.381	-0.389	-0.391	-0.389	-0.391	-0.387	-0.387	-0.380	-0.378	-0.361	-0.432	+0.039	-0.566	-0.582	-0.577	-0.559	-0.568	-0.568	+0.031	-0.571	-0.289	-0.289	-0.289	-0.540	-0.554	-0.568	-0.568	-0.042	-0.576	+0.038	-0.575	+0.035	-0.571	-0.572	-0.573	+0.048	-0.570	-0.567	-0.542	-0.559	-0.554	-0.275	-0.207	+0.017	-0.451	-0.444	-0.464	-0.337	-0.478	-0.389	-0.149	-0.270	-0.451	-0.578	-0.588	-0.469	-0.420	-0.216	-0.229	-0.588	-0.586	-0.480	-0.412	-0.584	-0.583	-0.487	-0.585	-0.417	-0.444	-0.487	-0.407	-0.488	-0.488	-0.420	-0.586	-0.589	-0.434	-0.516	-0.471	-0.472	-0.471	-0.471	-0.472	-0.472	-0.430	-0.471	-0.468	-0.581	-0.473	-0.470	
rs10887924     -0.498	-0.329	-0.335	-0.329	-0.207	-0.198	-0.335	-0.336	-0.336	-0.600	-0.278	-0.420	-0.091	-0.288	+0.517	-0.181	-0.150	-0.143	-0.073	-0.173	-0.160	-0.300	-0.168	-0.162	-0.099	-0.094	-0.146	-0.143	-0.132	+0.274	-0.151	-0.046	-0.046	-0.045	-0.251	-0.534	-0.550	+0.163	+0.140	-0.310	-0.505	-0.313	+0.265	+0.392	-0.319	+0.409	-0.298	-0.248	+0.238	+0.208	+0.069	-0.556	-0.437	-0.558	-0.554	-0.484	-0.541	-0.543	-0.487	-0.446	-0.387	-0.469	-0.354	-0.328	-0.424	-0.454	-0.405	-0.413	-0.416	-0.414	-0.415	-0.411	-0.412	-0.404	-0.402	-0.385	-0.456	+0.015	-0.590	-0.606	-0.601	-0.584	-0.592	-0.591	+0.007	-0.595	-0.312	-0.312	-0.312	-0.564	-0.578	-0.592	-0.591	-0.066	-0.600	+0.014	-0.599	+0.011	-0.595	-0.596	-0.597	+0.024	-0.594	-0.591	-0.565	-0.583	-0.578	-0.299	-0.231	-0.006	-0.474	-0.468	-0.488	-0.360	-0.502	-0.413	-0.172	-0.294	-0.474	-0.602	-0.612	-0.493	-0.443	-0.240	-0.253	-0.612	-0.610	-0.504	-0.436	-0.608	-0.607	-0.511	-0.609	-0.440	-0.468	-0.511	-0.431	-0.512	-0.512	-0.444	-0.610	-0.612	-0.458	-0.539	-0.494	-0.496	-0.495	-0.494	-0.495	-0.496	-0.454	-0.495	-0.491	-0.605	-0.497	-0.494	
rs7074977      -0.519	-0.349	-0.355	-0.349	-0.227	-0.218	-0.356	-0.356	-0.356	-0.622	-0.298	-0.442	-0.093	-0.308	+0.509	-0.187	-0.158	-0.150	-0.173	-0.097	-0.173	-0.324	-0.181	-0.173	-0.103	-0.098	-0.153	-0.149	-0.139	+0.280	-0.160	-0.050	-0.049	-0.048	-0.275	-0.557	-0.572	+0.151	+0.128	-0.334	-0.528	-0.336	+0.253	+0.395	-0.342	+0.410	-0.312	-0.272	+0.228	+0.197	+0.059	-0.576	-0.456	-0.578	-0.574	-0.504	-0.561	-0.563	-0.507	-0.465	-0.406	-0.489	-0.372	-0.346	-0.443	-0.476	-0.427	-0.435	-0.438	-0.436	-0.437	-0.433	-0.434	-0.426	-0.424	-0.407	-0.476	-0.006	-0.611	-0.628	-0.623	-0.606	-0.614	-0.613	-0.014	-0.616	-0.333	-0.333	-0.333	-0.585	-0.599	-0.613	-0.613	-0.086	-0.622	-0.007	-0.621	-0.010	-0.616	-0.617	-0.619	+0.003	-0.615	-0.613	-0.587	-0.605	-0.600	-0.319	-0.252	-0.026	-0.496	-0.489	-0.509	-0.380	-0.523	-0.434	-0.193	-0.316	-0.496	-0.624	-0.634	-0.514	-0.464	-0.262	-0.274	-0.634	-0.632	-0.526	-0.457	-0.630	-0.629	-0.532	-0.631	-0.462	-0.490	-0.532	-0.452	-0.534	-0.534	-0.465	-0.631	-0.634	-0.479	-0.561	-0.516	-0.518	-0.516	-0.516	-0.517	-0.517	-0.475	-0.517	-0.513	-0.627	-0.518	-0.515	
rs11203023     -0.494	-0.326	-0.332	-0.326	-0.204	-0.196	-0.332	-0.332	-0.333	-0.597	-0.275	-0.417	-0.090	-0.286	+0.519	-0.180	-0.152	-0.145	-0.160	-0.173	-0.070	-0.296	-0.159	-0.153	-0.097	-0.092	-0.144	-0.140	-0.130	+0.276	-0.149	-0.044	-0.044	-0.043	-0.248	-0.531	-0.546	+0.165	+0.143	-0.307	-0.501	-0.309	+0.267	+0.394	-0.315	+0.411	-0.295	-0.245	+0.240	+0.210	+0.071	-0.553	-0.434	-0.555	-0.551	-0.482	-0.538	-0.540	-0.484	-0.443	-0.385	-0.467	-0.351	-0.325	-0.421	-0.451	-0.402	-0.410	-0.412	-0.410	-0.412	-0.408	-0.408	-0.401	-0.399	-0.382	-0.452	+0.020	-0.586	-0.603	-0.598	-0.581	-0.589	-0.588	+0.012	-0.591	-0.308	-0.308	-0.308	-0.560	-0.575	-0.588	-0.588	-0.061	-0.597	+0.019	-0.596	+0.016	-0.591	-0.592	-0.594	+0.029	-0.590	-0.588	-0.562	-0.580	-0.575	-0.295	-0.227	-0.003	-0.471	-0.465	-0.485	-0.357	-0.499	-0.410	-0.168	-0.291	-0.471	-0.599	-0.609	-0.489	-0.439	-0.237	-0.249	-0.609	-0.607	-0.501	-0.432	-0.605	-0.604	-0.508	-0.605	-0.437	-0.465	-0.507	-0.427	-0.509	-0.509	-0.440	-0.606	-0.609	-0.454	-0.536	-0.491	-0.493	-0.491	-0.491	-0.492	-0.492	-0.450	-0.492	-0.488	-0.602	-0.493	-0.490	
rs76165117     -0.771	-0.573	-0.580	-0.573	-0.430	-0.420	-0.580	-0.581	-0.581	-0.879	-0.522	-0.703	-0.086	-0.412	+0.519	-0.212	-0.272	-0.274	-0.300	-0.324	-0.296	-0.375	-0.302	-0.291	-0.077	-0.078	-0.145	-0.141	-0.097	+0.364	-0.124	+0.009	+0.009	+0.010	-0.596	-0.837	-0.836	+0.102	+0.077	-0.635	-0.830	-0.637	+0.205	+0.424	-0.583	+0.447	-0.358	-0.576	+0.235	+0.199	+0.079	-0.787	-0.627	-0.786	-0.781	-0.711	-0.762	-0.765	-0.714	-0.666	-0.564	-0.693	-0.525	-0.527	-0.640	-0.719	-0.685	-0.690	-0.687	-0.691	-0.685	-0.676	-0.662	-0.666	-0.670	-0.666	-0.696	-0.268	-0.856	-0.879	-0.873	-0.881	-0.858	-0.857	-0.271	-0.880	-0.572	-0.572	-0.572	-0.849	-0.862	-0.857	-0.857	-0.341	-0.869	-0.264	-0.868	-0.267	-0.862	-0.863	-0.866	-0.256	-0.879	-0.857	-0.850	-0.848	-0.842	-0.496	-0.491	-0.205	-0.737	-0.731	-0.752	-0.569	-0.765	-0.667	-0.419	-0.565	-0.747	-0.880	-0.894	-0.766	-0.703	-0.511	-0.523	-0.894	-0.893	-0.779	-0.695	-0.892	-0.886	-0.786	-0.892	-0.700	-0.749	-0.786	-0.690	-0.788	-0.788	-0.704	-0.889	-0.893	-0.719	-0.817	-0.760	-0.772	-0.770	-0.770	-0.771	-0.771	-0.729	-0.771	-0.767	-0.891	-0.772	-0.769	
rs7091822      -0.499	-0.330	-0.336	-0.330	-0.209	-0.200	-0.337	-0.337	-0.337	-0.601	-0.279	-0.421	-0.092	-0.291	+0.517	-0.183	-0.158	-0.152	-0.168	-0.181	-0.159	-0.302	-0.075	-0.154	-0.098	-0.093	-0.145	-0.142	-0.132	+0.278	-0.151	-0.045	-0.044	-0.043	-0.253	-0.535	-0.551	+0.163	+0.140	-0.312	-0.506	-0.314	+0.265	+0.395	-0.320	+0.411	-0.298	-0.250	+0.238	+0.208	+0.069	-0.558	-0.439	-0.559	-0.556	-0.486	-0.542	-0.545	-0.489	-0.448	-0.389	-0.471	-0.356	-0.329	-0.425	-0.455	-0.406	-0.415	-0.417	-0.415	-0.416	-0.413	-0.413	-0.406	-0.403	-0.386	-0.456	+0.016	-0.591	-0.608	-0.602	-0.586	-0.593	-0.593	+0.008	-0.596	-0.313	-0.313	-0.313	-0.565	-0.579	-0.593	-0.593	-0.065	-0.601	+0.015	-0.600	+0.012	-0.596	-0.597	-0.599	+0.025	-0.595	-0.592	-0.567	-0.584	-0.579	-0.299	-0.232	-0.007	-0.476	-0.469	-0.489	-0.361	-0.503	-0.415	-0.173	-0.296	-0.476	-0.604	-0.614	-0.494	-0.444	-0.242	-0.254	-0.614	-0.611	-0.505	-0.436	-0.610	-0.609	-0.512	-0.610	-0.441	-0.470	-0.512	-0.432	-0.513	-0.514	-0.444	-0.611	-0.614	-0.458	-0.541	-0.495	-0.498	-0.496	-0.496	-0.497	-0.497	-0.455	-0.496	-0.493	-0.607	-0.498	-0.495	
rs11812888     -0.490	-0.321	-0.327	-0.321	-0.200	-0.191	-0.328	-0.328	-0.328	-0.592	-0.270	-0.412	-0.090	-0.282	+0.521	-0.179	-0.154	-0.148	-0.162	-0.173	-0.153	-0.291	-0.154	-0.064	-0.095	-0.090	-0.141	-0.138	-0.128	+0.277	-0.146	-0.042	-0.042	-0.041	-0.242	-0.525	-0.541	+0.168	+0.146	-0.302	-0.496	-0.304	+0.270	+0.395	-0.310	+0.412	-0.292	-0.240	+0.243	+0.212	+0.074	-0.548	-0.430	-0.550	-0.547	-0.477	-0.533	-0.536	-0.480	-0.439	-0.381	-0.462	-0.348	-0.321	-0.417	-0.446	-0.397	-0.405	-0.407	-0.405	-0.407	-0.403	-0.404	-0.396	-0.394	-0.377	-0.447	+0.025	-0.582	-0.598	-0.593	-0.576	-0.584	-0.583	+0.018	-0.586	-0.303	-0.303	-0.303	-0.555	-0.570	-0.583	-0.583	-0.056	-0.592	+0.025	-0.591	+0.021	-0.587	-0.587	-0.589	+0.035	-0.586	-0.583	-0.557	-0.575	-0.570	-0.290	-0.222	+0.002	-0.467	-0.460	-0.480	-0.352	-0.494	-0.405	-0.164	-0.286	-0.466	-0.594	-0.604	-0.484	-0.435	-0.232	-0.244	-0.604	-0.602	-0.496	-0.427	-0.600	-0.599	-0.503	-0.601	-0.432	-0.460	-0.502	-0.422	-0.504	-0.504	-0.435	-0.601	-0.604	-0.449	-0.531	-0.486	-0.488	-0.486	-0.486	-0.487	-0.487	-0.446	-0.487	-0.483	-0.597	-0.488	-0.485	
rs11203030     -0.285	-0.124	-0.130	-0.124	-0.005	+0.003	-0.131	-0.131	-0.131	-0.389	-0.069	-0.201	-0.005	-0.142	+0.671	-0.069	-0.092	-0.092	-0.099	-0.103	-0.097	-0.077	-0.098	-0.095	+0.169	+0.076	+0.051	+0.052	+0.016	+0.374	-0.000	+0.083	+0.083	+0.083	-0.022	-0.301	-0.321	+0.322	+0.300	-0.084	-0.266	-0.086	+0.442	+0.456	-0.095	+0.478	-0.137	-0.031	+0.388	+0.360	+0.211	-0.346	-0.236	-0.349	-0.346	-0.276	-0.333	-0.335	-0.278	-0.238	-0.184	-0.261	-0.151	-0.121	-0.215	-0.244	-0.187	-0.196	-0.202	-0.197	-0.199	-0.196	-0.199	-0.189	-0.186	-0.166	-0.234	+0.251	-0.376	-0.396	-0.391	-0.372	-0.378	-0.377	+0.242	-0.381	-0.094	-0.094	-0.094	-0.344	-0.360	-0.377	-0.377	+0.168	-0.386	+0.249	-0.385	+0.245	-0.381	-0.382	-0.383	+0.260	-0.380	-0.377	-0.346	-0.369	-0.364	-0.075	-0.015	+0.216	-0.267	-0.263	-0.282	-0.154	-0.293	-0.208	+0.025	-0.085	-0.266	-0.388	-0.400	-0.284	-0.234	-0.030	-0.043	-0.400	-0.398	-0.295	-0.226	-0.396	-0.394	-0.301	-0.397	-0.231	-0.255	-0.301	-0.222	-0.302	-0.302	-0.234	-0.397	-0.399	-0.248	-0.328	-0.284	-0.287	-0.285	-0.285	-0.286	-0.286	-0.246	-0.286	-0.282	-0.394	-0.287	-0.284	
rs11203031     -0.285	-0.125	-0.131	-0.125	-0.006	+0.002	-0.131	-0.131	-0.132	-0.390	-0.070	-0.202	-0.004	-0.137	+0.678	-0.066	-0.088	-0.087	-0.094	-0.098	-0.092	-0.078	-0.093	-0.090	+0.076	+0.169	+0.083	+0.083	+0.022	+0.391	+0.004	+0.090	+0.090	+0.090	-0.024	-0.303	-0.323	+0.329	+0.307	-0.086	-0.269	-0.088	+0.434	+0.457	-0.096	+0.479	-0.133	-0.034	+0.383	+0.354	+0.207	-0.349	-0.241	-0.352	-0.349	-0.281	-0.337	-0.339	-0.284	-0.245	-0.190	-0.266	-0.157	-0.129	-0.222	-0.251	-0.188	-0.197	-0.202	-0.197	-0.199	-0.196	-0.208	-0.189	-0.186	-0.168	-0.232	+0.248	-0.375	-0.395	-0.391	-0.374	-0.378	-0.377	+0.238	-0.384	-0.097	-0.097	-0.097	-0.348	-0.363	-0.377	-0.377	+0.165	-0.386	+0.245	-0.385	+0.242	-0.380	-0.381	-0.383	+0.256	-0.383	-0.376	-0.350	-0.368	-0.363	-0.071	-0.016	+0.214	-0.264	-0.261	-0.280	-0.156	-0.292	-0.205	+0.031	-0.082	-0.264	-0.390	-0.400	-0.282	-0.236	-0.027	-0.039	-0.400	-0.398	-0.293	-0.228	-0.396	-0.395	-0.300	-0.396	-0.233	-0.255	-0.299	-0.224	-0.301	-0.301	-0.236	-0.398	-0.400	-0.250	-0.328	-0.286	-0.286	-0.284	-0.284	-0.285	-0.285	-0.244	-0.285	-0.281	-0.393	-0.286	-0.283	
rs11203032     -0.347	-0.184	-0.190	-0.184	-0.065	-0.056	-0.191	-0.191	-0.191	-0.452	-0.130	-0.265	-0.040	-0.196	+0.642	-0.110	-0.137	-0.137	-0.146	-0.153	-0.144	-0.145	-0.145	-0.141	+0.051	+0.083	+0.101	+0.039	-0.011	+0.413	-0.033	+0.071	+0.071	+0.071	-0.092	-0.369	-0.388	+0.287	+0.265	-0.152	-0.336	-0.155	+0.390	+0.442	-0.162	+0.463	-0.179	-0.099	+0.346	+0.317	+0.170	-0.409	-0.297	-0.411	-0.408	-0.339	-0.395	-0.398	-0.342	-0.302	-0.246	-0.324	-0.212	-0.184	-0.279	-0.313	-0.251	-0.260	-0.265	-0.260	-0.262	-0.258	-0.270	-0.252	-0.249	-0.230	-0.293	+0.183	-0.437	-0.457	-0.452	-0.437	-0.439	-0.438	+0.173	-0.446	-0.159	-0.159	-0.159	-0.410	-0.425	-0.439	-0.438	+0.100	-0.448	+0.181	-0.447	+0.177	-0.442	-0.443	-0.445	+0.191	-0.445	-0.438	-0.412	-0.430	-0.425	-0.132	-0.079	+0.154	-0.325	-0.322	-0.341	-0.215	-0.353	-0.265	-0.030	-0.144	-0.325	-0.451	-0.462	-0.344	-0.296	-0.089	-0.102	-0.462	-0.460	-0.355	-0.289	-0.458	-0.457	-0.361	-0.458	-0.293	-0.317	-0.361	-0.284	-0.363	-0.363	-0.297	-0.459	-0.462	-0.311	-0.389	-0.347	-0.347	-0.346	-0.345	-0.347	-0.347	-0.305	-0.346	-0.342	-0.455	-0.348	-0.345	
rs11203033     -0.343	-0.180	-0.186	-0.180	-0.061	-0.052	-0.187	-0.187	-0.187	-0.448	-0.126	-0.261	-0.038	-0.193	+0.644	-0.107	-0.134	-0.134	-0.143	-0.149	-0.140	-0.141	-0.142	-0.138	+0.052	+0.083	+0.039	+0.106	-0.008	+0.412	-0.030	+0.072	+0.073	+0.073	-0.088	-0.365	-0.384	+0.290	+0.267	-0.148	-0.332	-0.150	+0.393	+0.443	-0.158	+0.464	-0.176	-0.094	+0.348	+0.319	+0.173	-0.405	-0.294	-0.407	-0.404	-0.335	-0.391	-0.394	-0.338	-0.298	-0.242	-0.320	-0.209	-0.181	-0.275	-0.309	-0.247	-0.256	-0.260	-0.256	-0.258	-0.254	-0.266	-0.247	-0.245	-0.226	-0.289	+0.187	-0.433	-0.453	-0.448	-0.433	-0.435	-0.434	+0.178	-0.442	-0.155	-0.155	-0.155	-0.406	-0.421	-0.435	-0.434	+0.105	-0.444	+0.185	-0.443	+0.182	-0.438	-0.439	-0.441	+0.195	-0.441	-0.434	-0.408	-0.426	-0.420	-0.128	-0.075	+0.158	-0.321	-0.318	-0.337	-0.211	-0.349	-0.261	-0.026	-0.140	-0.321	-0.447	-0.458	-0.340	-0.292	-0.085	-0.098	-0.458	-0.456	-0.351	-0.285	-0.454	-0.453	-0.357	-0.454	-0.290	-0.313	-0.357	-0.280	-0.359	-0.359	-0.293	-0.455	-0.458	-0.307	-0.385	-0.343	-0.343	-0.342	-0.341	-0.343	-0.343	-0.301	-0.342	-0.338	-0.451	-0.344	-0.341	
rs3802658      -0.306	-0.141	-0.147	-0.141	-0.022	-0.013	-0.148	-0.148	-0.148	-0.412	-0.087	-0.224	-0.022	-0.176	+0.643	-0.095	-0.122	-0.123	-0.132	-0.139	-0.130	-0.097	-0.132	-0.128	+0.016	+0.022	-0.011	-0.008	+0.142	+0.613	+0.022	+0.155	+0.155	+0.150	-0.040	-0.319	-0.340	+0.297	+0.275	-0.103	-0.284	-0.106	+0.406	+0.441	-0.116	+0.461	-0.160	-0.050	+0.357	+0.329	+0.179	-0.372	-0.261	-0.372	-0.369	-0.305	-0.357	-0.359	-0.307	-0.269	-0.211	-0.290	-0.178	-0.153	-0.245	-0.276	-0.208	-0.218	-0.224	-0.218	-0.221	-0.218	-0.235	-0.212	-0.209	-0.188	-0.254	+0.235	-0.396	-0.416	-0.411	-0.395	-0.398	-0.397	+0.226	-0.406	-0.125	-0.125	-0.125	-0.371	-0.386	-0.397	-0.397	+0.152	-0.407	+0.234	-0.405	+0.230	-0.401	-0.401	-0.403	+0.245	-0.405	-0.396	-0.373	-0.388	-0.383	-0.087	-0.034	+0.201	-0.287	-0.283	-0.303	-0.181	-0.313	-0.227	+0.006	-0.110	-0.286	-0.408	-0.421	-0.304	-0.250	-0.057	-0.069	-0.421	-0.419	-0.315	-0.242	-0.418	-0.414	-0.321	-0.418	-0.247	-0.276	-0.321	-0.238	-0.323	-0.323	-0.251	-0.417	-0.420	-0.265	-0.349	-0.302	-0.307	-0.305	-0.305	-0.306	-0.306	-0.265	-0.306	-0.302	-0.416	-0.307	-0.305	
rs3802657      +0.120	+0.256	+0.251	+0.256	+0.362	+0.369	+0.250	+0.250	+0.250	+0.011	+0.310	+0.220	+0.301	+0.259	+0.940	+0.273	+0.270	+0.271	+0.274	+0.280	+0.276	+0.364	+0.278	+0.277	+0.374	+0.391	+0.413	+0.412	+0.613	+0.607	+0.498	+0.502	+0.502	+0.495	+0.427	+0.138	+0.112	+0.625	+0.603	+0.356	+0.182	+0.353	+0.741	+0.619	+0.332	+0.644	+0.195	+0.401	+0.657	+0.632	+0.475	+0.041	+0.138	+0.040	+0.043	+0.102	+0.053	+0.051	+0.099	+0.135	+0.185	+0.115	+0.216	+0.241	+0.156	+0.146	+0.223	+0.212	+0.205	+0.212	+0.209	+0.211	+0.184	+0.218	+0.222	+0.244	+0.162	+0.672	+0.027	+0.007	+0.012	+0.035	+0.025	+0.026	+0.665	+0.018	+0.292	+0.292	+0.292	+0.053	+0.038	+0.026	+0.026	+0.589	+0.017	+0.673	+0.018	+0.669	+0.023	+0.022	+0.020	+0.685	+0.019	+0.026	+0.051	+0.035	+0.040	+0.327	+0.395	+0.621	+0.128	+0.130	+0.111	+0.221	+0.102	+0.183	+0.411	+0.308	+0.131	+0.017	+0.004	+0.114	+0.166	+0.361	+0.349	+0.004	+0.005	+0.104	+0.173	+0.007	+0.010	+0.098	+0.006	+0.169	+0.149	+0.099	+0.178	+0.097	+0.097	+0.165	+0.008	+0.004	+0.152	+0.073	+0.116	+0.112	+0.114	+0.114	+0.113	+0.113	+0.152	+0.113	+0.117	+0.009	+0.112	+0.115	
rs4078488      -0.327	-0.145	-0.152	-0.145	-0.018	-0.008	-0.153	-0.153	-0.153	-0.433	-0.100	-0.250	-0.029	-0.199	+0.641	-0.108	-0.139	-0.140	-0.151	-0.160	-0.149	-0.124	-0.151	-0.146	-0.000	+0.004	-0.033	-0.030	+0.022	+0.498	+0.120	+0.108	+0.109	+0.107	-0.068	-0.347	-0.366	+0.291	+0.269	-0.130	-0.313	-0.132	+0.401	+0.444	-0.141	+0.464	-0.170	-0.076	+0.356	+0.327	+0.178	-0.393	-0.279	-0.393	-0.389	-0.325	-0.377	-0.379	-0.327	-0.288	-0.227	-0.310	-0.194	-0.172	-0.265	-0.296	-0.231	-0.241	-0.246	-0.241	-0.243	-0.241	-0.254	-0.234	-0.231	-0.211	-0.273	+0.225	-0.417	-0.438	-0.433	-0.418	-0.420	-0.419	+0.218	-0.428	-0.142	-0.142	-0.142	-0.394	-0.408	-0.419	-0.419	+0.142	-0.429	+0.226	-0.427	+0.222	-0.423	-0.424	-0.425	+0.236	-0.428	-0.418	-0.395	-0.410	-0.405	-0.108	-0.047	+0.175	-0.308	-0.304	-0.323	-0.207	-0.335	-0.248	-0.013	-0.129	-0.307	-0.432	-0.443	-0.325	-0.276	-0.075	-0.087	-0.443	-0.441	-0.336	-0.269	-0.440	-0.438	-0.343	-0.440	-0.273	-0.298	-0.342	-0.264	-0.344	-0.344	-0.277	-0.441	-0.443	-0.291	-0.371	-0.327	-0.328	-0.327	-0.326	-0.328	-0.328	-0.286	-0.327	-0.324	-0.437	-0.329	-0.326	
rs10887932     -0.208	-0.046	-0.052	-0.046	+0.072	+0.080	-0.053	-0.053	-0.053	-0.314	+0.009	-0.124	+0.045	-0.081	+0.701	-0.018	-0.040	-0.040	-0.046	-0.050	-0.044	+0.009	-0.045	-0.042	+0.083	+0.090	+0.071	+0.072	+0.155	+0.502	+0.108	+0.251	+0.195	+0.191	+0.068	-0.215	-0.236	+0.362	+0.340	+0.003	-0.178	+0.000	+0.473	+0.470	-0.012	+0.491	-0.084	+0.055	+0.417	+0.389	+0.238	-0.279	-0.173	-0.279	-0.276	-0.214	-0.265	-0.267	-0.217	-0.179	-0.124	-0.200	-0.092	-0.068	-0.157	-0.178	-0.109	-0.118	-0.125	-0.118	-0.121	-0.119	-0.137	-0.112	-0.109	-0.088	-0.157	+0.338	-0.298	-0.318	-0.313	-0.296	-0.300	-0.299	+0.329	-0.308	-0.029	-0.029	-0.029	-0.274	-0.288	-0.299	-0.299	+0.254	-0.309	+0.337	-0.307	+0.333	-0.303	-0.304	-0.305	+0.348	-0.308	-0.299	-0.276	-0.290	-0.285	+0.010	+0.066	+0.297	-0.191	-0.188	-0.207	-0.089	-0.218	-0.133	+0.100	-0.013	-0.190	-0.310	-0.323	-0.207	-0.154	+0.040	+0.028	-0.323	-0.321	-0.218	-0.147	-0.320	-0.316	-0.225	-0.320	-0.152	-0.178	-0.224	-0.142	-0.226	-0.226	-0.155	-0.319	-0.322	-0.169	-0.251	-0.206	-0.210	-0.209	-0.209	-0.210	-0.210	-0.169	-0.209	-0.206	-0.318	-0.211	-0.208	
rs4417181      -0.207	-0.046	-0.052	-0.046	+0.072	+0.080	-0.052	-0.053	-0.053	-0.314	+0.009	-0.123	+0.046	-0.081	+0.702	-0.018	-0.039	-0.040	-0.046	-0.049	-0.044	+0.009	-0.044	-0.042	+0.083	+0.090	+0.071	+0.073	+0.155	+0.502	+0.109	+0.195	+0.251	+0.191	+0.068	-0.215	-0.236	+0.362	+0.340	+0.003	-0.177	+0.001	+0.473	+0.470	-0.012	+0.491	-0.083	+0.055	+0.417	+0.389	+0.238	-0.279	-0.173	-0.279	-0.276	-0.214	-0.264	-0.267	-0.217	-0.179	-0.124	-0.200	-0.092	-0.068	-0.157	-0.178	-0.108	-0.118	-0.125	-0.118	-0.121	-0.119	-0.137	-0.112	-0.109	-0.088	-0.156	+0.338	-0.297	-0.318	-0.313	-0.296	-0.300	-0.299	+0.329	-0.308	-0.029	-0.029	-0.029	-0.274	-0.288	-0.299	-0.299	+0.254	-0.308	+0.337	-0.307	+0.333	-0.302	-0.303	-0.305	+0.348	-0.307	-0.298	-0.275	-0.290	-0.285	+0.011	+0.066	+0.297	-0.191	-0.188	-0.207	-0.089	-0.217	-0.132	+0.100	-0.013	-0.189	-0.310	-0.322	-0.207	-0.154	+0.041	+0.029	-0.323	-0.321	-0.218	-0.147	-0.320	-0.316	-0.224	-0.320	-0.152	-0.178	-0.224	-0.142	-0.226	-0.226	-0.155	-0.319	-0.322	-0.169	-0.251	-0.206	-0.210	-0.209	-0.208	-0.210	-0.210	-0.169	-0.209	-0.206	-0.317	-0.211	-0.208	
rs4511206      -0.207	-0.046	-0.052	-0.046	+0.072	+0.081	-0.052	-0.052	-0.053	-0.314	+0.010	-0.123	+0.046	-0.080	+0.702	-0.017	-0.039	-0.039	-0.045	-0.048	-0.043	+0.010	-0.043	-0.041	+0.083	+0.090	+0.071	+0.073	+0.150	+0.495	+0.107	+0.191	+0.191	+0.252	+0.069	-0.214	-0.236	+0.362	+0.340	+0.004	-0.177	+0.002	+0.473	+0.471	-0.011	+0.492	-0.083	+0.056	+0.416	+0.388	+0.237	-0.278	-0.173	-0.279	-0.276	-0.214	-0.264	-0.266	-0.217	-0.179	-0.124	-0.200	-0.092	-0.068	-0.157	-0.177	-0.108	-0.118	-0.124	-0.118	-0.121	-0.118	-0.137	-0.112	-0.108	-0.087	-0.156	+0.339	-0.297	-0.318	-0.313	-0.295	-0.299	-0.298	+0.330	-0.308	-0.029	-0.029	-0.029	-0.273	-0.288	-0.298	-0.298	+0.255	-0.308	+0.337	-0.307	+0.334	-0.302	-0.303	-0.305	+0.348	-0.307	-0.298	-0.275	-0.290	-0.284	+0.011	+0.066	+0.297	-0.191	-0.188	-0.207	-0.088	-0.217	-0.132	+0.100	-0.012	-0.189	-0.309	-0.322	-0.207	-0.154	+0.041	+0.029	-0.322	-0.321	-0.218	-0.146	-0.319	-0.316	-0.224	-0.320	-0.151	-0.177	-0.224	-0.142	-0.225	-0.225	-0.154	-0.318	-0.322	-0.168	-0.251	-0.205	-0.210	-0.208	-0.208	-0.209	-0.209	-0.169	-0.209	-0.205	-0.317	-0.210	-0.207	
rs13500        -0.740	-0.542	-0.549	-0.542	-0.398	-0.388	-0.550	-0.550	-0.551	-0.847	-0.490	-0.670	-0.036	-0.366	+0.494	-0.160	-0.223	-0.225	-0.251	-0.275	-0.248	-0.596	-0.253	-0.242	-0.022	-0.024	-0.092	-0.088	-0.040	+0.427	-0.068	+0.068	+0.068	+0.069	-0.339	-0.765	-0.754	+0.086	+0.061	-0.480	-0.771	-0.484	+0.185	+0.627	-0.539	+0.649	-0.274	-0.507	+0.206	+0.171	+0.241	-0.736	-0.547	-0.737	-0.731	-0.669	-0.711	-0.715	-0.672	-0.622	-0.506	-0.650	-0.464	-0.482	-0.597	-0.666	-0.653	-0.656	-0.651	-0.657	-0.648	-0.637	-0.604	-0.626	-0.632	-0.634	-0.689	-0.233	-0.832	-0.853	-0.847	-0.845	-0.835	-0.834	-0.236	-0.844	-0.547	-0.547	-0.547	-0.809	-0.824	-0.834	-0.834	-0.316	-0.843	-0.229	-0.843	-0.232	-0.838	-0.839	-0.841	-0.221	-0.843	-0.833	-0.811	-0.825	-0.820	-0.499	-0.454	-0.149	-0.695	-0.688	-0.710	-0.532	-0.724	-0.623	-0.357	-0.516	-0.706	-0.842	-0.860	-0.726	-0.644	-0.460	-0.473	-0.861	-0.860	-0.740	-0.635	-0.859	-0.849	-0.748	-0.859	-0.641	-0.714	-0.747	-0.629	-0.749	-0.749	-0.645	-0.852	-0.858	-0.662	-0.781	-0.707	-0.732	-0.731	-0.730	-0.731	-0.731	-0.688	-0.731	-0.727	-0.859	-0.733	-0.729	
