## Summary of overall evidence for association with region:
## log10(BF for region) = 0.0488239
## p-value for region = NA

## BFs for choosing among multi-SNP models:
## log10(average 1-SNP BF) = 0.0921601
## log10(average 2-SNP BF) = -0.0534763

## Example posterior probabilities for multi-SNP models, based on default prior: [p(l) propto 0.5^l for l=1,2,...,L]
## posterior probability of 1-SNP = 0.736623
## posterior probability of 2-SNP = 0.263377

## log10(BF) for single SNP and pair of SNPs:
rs7606197      -0.607	-0.859	-0.860	+0.667	+0.569	-0.897	+0.620	+0.566	+0.670	-0.550	+0.164	-0.460	-0.406	-0.318	-0.424	-0.416	-0.464	-0.365	-0.329	-0.368	-0.343	-0.340	-0.812	-0.789	-0.290	-0.397	-0.835	-0.831	-0.097	-0.863	-0.838	-0.826	-0.825	-0.825	-0.473	+0.081	-1.099	-1.103	-1.103	-1.098	-1.099	-1.099	-1.099	-1.099	-1.099	-1.102	-1.095	-0.831	-0.835	-1.095	-0.903	-0.689	-1.090	-0.783	-0.905	-0.673	-0.835	-0.668	-0.836	-0.680	-0.885	-0.791	-0.910	-0.802	-0.788	-0.681	-0.867	-0.838	-0.681	-0.878	-0.785	-0.701	-0.702	-0.841	-0.830	-0.793	-0.839	-0.760	-0.838	-0.909	-0.881	-0.840	-1.009	-0.879	-1.077	-1.005	-0.941	-1.071	-0.996	-1.060	-0.919	-0.944	-1.057	-0.989	-1.089	-1.036	-0.992	-0.951	-0.951	
rs34653086     -0.859	-0.450	-0.571	+0.755	+0.661	-0.717	+0.710	+0.658	+0.757	-0.416	+0.275	-0.293	-0.237	-0.144	-0.256	-0.248	-0.297	-0.195	-0.158	-0.199	-0.173	-0.161	-0.716	-0.695	-0.119	-0.229	-0.741	-0.737	+0.075	-0.759	-0.739	-0.728	-0.728	-0.728	-0.398	+0.255	-0.954	-0.957	-0.957	-0.952	-0.953	-0.953	-0.953	-0.953	-0.954	-0.956	-0.950	-0.674	-0.678	-0.949	-0.766	-0.591	-0.945	-0.671	-0.768	-0.566	-0.678	-0.561	-0.679	-0.573	-0.746	-0.678	-0.772	-0.687	-0.675	-0.585	-0.728	-0.681	-0.584	-0.740	-0.673	-0.592	-0.593	-0.703	-0.672	-0.673	-0.684	-0.644	-0.678	-0.781	-0.726	-0.681	-0.879	-0.724	-0.927	-0.875	-0.810	-0.925	-0.867	-0.918	-0.782	-0.805	-0.917	-0.851	-0.942	-0.896	-0.847	-0.811	-0.812	
rs35703634     -0.860	-0.571	-0.451	+0.754	+0.660	-0.718	+0.709	+0.658	+0.756	-0.416	+0.274	-0.293	-0.238	-0.145	-0.257	-0.249	-0.297	-0.196	-0.159	-0.200	-0.174	-0.161	-0.717	-0.696	-0.120	-0.230	-0.741	-0.737	+0.075	-0.760	-0.739	-0.729	-0.729	-0.728	-0.398	+0.255	-0.954	-0.957	-0.958	-0.953	-0.954	-0.954	-0.954	-0.954	-0.954	-0.957	-0.950	-0.675	-0.679	-0.950	-0.767	-0.591	-0.945	-0.671	-0.768	-0.566	-0.679	-0.562	-0.679	-0.573	-0.747	-0.679	-0.772	-0.688	-0.676	-0.585	-0.729	-0.682	-0.585	-0.740	-0.674	-0.592	-0.593	-0.703	-0.673	-0.673	-0.685	-0.645	-0.679	-0.781	-0.726	-0.681	-0.879	-0.724	-0.928	-0.875	-0.811	-0.925	-0.868	-0.919	-0.782	-0.805	-0.917	-0.852	-0.943	-0.897	-0.847	-0.812	-0.812	
rs6431121      +0.667	+0.755	+0.754	+1.137	+1.091	+0.728	+1.108	+1.085	+1.127	+1.032	+0.912	+0.756	+0.777	+0.817	+0.770	+0.773	+0.755	+0.795	+0.811	+0.793	+0.804	+0.838	+0.535	+0.540	+0.837	+0.781	+0.599	+0.603	+0.954	+0.610	+0.614	+0.616	+0.616	+0.617	+0.779	+1.086	+0.477	+0.480	+0.481	+0.476	+0.477	+0.477	+0.477	+0.477	+0.477	+0.480	+0.477	+0.779	+0.775	+0.477	+0.726	+0.985	+0.483	+0.866	+0.727	+0.965	+0.774	+0.971	+0.774	+0.956	+0.750	+0.856	+0.719	+0.842	+0.860	+0.988	+0.769	+0.771	+0.989	+0.758	+0.864	+0.934	+0.933	+0.800	+0.782	+0.836	+0.774	+0.888	+0.736	+0.670	+0.702	+0.735	+0.572	+0.703	+0.502	+0.576	+0.637	+0.512	+0.592	+0.531	+0.658	+0.634	+0.534	+0.549	+0.492	+0.560	+0.587	+0.627	+0.627	
rs72969731     +0.569	+0.661	+0.660	+1.091	+1.037	+0.634	+1.053	+1.021	+1.088	+0.940	+0.829	+0.672	+0.695	+0.737	+0.687	+0.690	+0.670	+0.713	+0.730	+0.712	+0.724	+0.758	+0.447	+0.453	+0.757	+0.699	+0.509	+0.514	+0.878	+0.519	+0.524	+0.527	+0.527	+0.527	+0.697	+1.013	+0.386	+0.388	+0.390	+0.385	+0.386	+0.386	+0.386	+0.386	+0.386	+0.389	+0.386	+0.686	+0.681	+0.386	+0.633	+0.889	+0.392	+0.771	+0.633	+0.869	+0.680	+0.874	+0.680	+0.860	+0.656	+0.761	+0.626	+0.747	+0.765	+0.892	+0.675	+0.678	+0.892	+0.664	+0.769	+0.838	+0.837	+0.705	+0.688	+0.741	+0.681	+0.793	+0.645	+0.579	+0.610	+0.643	+0.481	+0.611	+0.411	+0.486	+0.546	+0.422	+0.501	+0.440	+0.567	+0.543	+0.443	+0.460	+0.401	+0.469	+0.496	+0.536	+0.536	
rs10196438     -0.897	-0.717	-0.718	+0.728	+0.634	-0.441	+0.684	+0.633	+0.732	-0.382	+0.271	-0.296	-0.241	-0.149	-0.260	-0.252	-0.300	-0.199	-0.162	-0.203	-0.177	-0.170	-0.671	-0.648	-0.122	-0.232	-0.672	-0.669	+0.075	-0.703	-0.678	-0.665	-0.665	-0.665	-0.315	+0.258	-0.948	-0.951	-0.951	-0.947	-0.948	-0.948	-0.948	-0.948	-0.948	-0.950	-0.945	-0.673	-0.677	-0.944	-0.738	-0.547	-0.940	-0.640	-0.741	-0.528	-0.678	-0.523	-0.678	-0.536	-0.719	-0.647	-0.745	-0.658	-0.644	-0.542	-0.700	-0.680	-0.541	-0.712	-0.642	-0.556	-0.557	-0.673	-0.672	-0.646	-0.682	-0.614	-0.679	-0.761	-0.724	-0.681	-0.858	-0.722	-0.924	-0.854	-0.792	-0.918	-0.846	-0.906	-0.773	-0.797	-0.904	-0.846	-0.936	-0.881	-0.840	-0.803	-0.803	
rs17013910     +0.620	+0.710	+0.709	+1.108	+1.053	+0.684	+1.090	+1.049	+1.107	+0.988	+0.873	+0.716	+0.738	+0.778	+0.730	+0.733	+0.715	+0.756	+0.772	+0.754	+0.766	+0.800	+0.493	+0.499	+0.799	+0.742	+0.556	+0.561	+0.917	+0.567	+0.571	+0.574	+0.574	+0.574	+0.740	+1.051	+0.434	+0.437	+0.438	+0.433	+0.434	+0.434	+0.434	+0.434	+0.434	+0.437	+0.434	+0.735	+0.731	+0.434	+0.683	+0.939	+0.440	+0.821	+0.683	+0.921	+0.730	+0.926	+0.730	+0.912	+0.707	+0.811	+0.676	+0.797	+0.815	+0.943	+0.726	+0.727	+0.943	+0.714	+0.819	+0.890	+0.889	+0.756	+0.738	+0.792	+0.730	+0.843	+0.693	+0.627	+0.659	+0.691	+0.529	+0.660	+0.459	+0.533	+0.594	+0.469	+0.549	+0.488	+0.615	+0.591	+0.491	+0.507	+0.449	+0.517	+0.544	+0.584	+0.584	
rs6758976      +0.566	+0.658	+0.658	+1.085	+1.021	+0.633	+1.049	+1.036	+1.093	+0.939	+0.830	+0.670	+0.693	+0.734	+0.685	+0.688	+0.668	+0.711	+0.728	+0.709	+0.721	+0.755	+0.445	+0.451	+0.755	+0.697	+0.508	+0.513	+0.875	+0.518	+0.523	+0.526	+0.526	+0.526	+0.695	+1.009	+0.384	+0.387	+0.388	+0.384	+0.384	+0.384	+0.385	+0.385	+0.385	+0.387	+0.384	+0.684	+0.679	+0.385	+0.631	+0.888	+0.391	+0.770	+0.631	+0.868	+0.679	+0.874	+0.678	+0.859	+0.655	+0.760	+0.624	+0.746	+0.764	+0.891	+0.674	+0.676	+0.891	+0.662	+0.768	+0.837	+0.836	+0.704	+0.687	+0.740	+0.679	+0.792	+0.643	+0.577	+0.608	+0.641	+0.480	+0.610	+0.410	+0.484	+0.544	+0.420	+0.500	+0.440	+0.565	+0.541	+0.442	+0.458	+0.400	+0.469	+0.495	+0.534	+0.534	
rs2083414      +0.670	+0.757	+0.756	+1.127	+1.088	+0.732	+1.107	+1.093	+1.142	+1.036	+0.920	+0.758	+0.779	+0.817	+0.772	+0.774	+0.757	+0.796	+0.811	+0.794	+0.805	+0.839	+0.538	+0.543	+0.837	+0.782	+0.602	+0.607	+0.952	+0.614	+0.618	+0.620	+0.620	+0.620	+0.780	+1.084	+0.480	+0.483	+0.485	+0.480	+0.480	+0.480	+0.481	+0.481	+0.481	+0.484	+0.480	+0.783	+0.778	+0.480	+0.729	+0.990	+0.487	+0.871	+0.730	+0.970	+0.777	+0.975	+0.777	+0.961	+0.754	+0.861	+0.723	+0.846	+0.865	+0.993	+0.773	+0.774	+0.993	+0.761	+0.868	+0.939	+0.938	+0.803	+0.786	+0.841	+0.778	+0.893	+0.739	+0.673	+0.705	+0.737	+0.576	+0.706	+0.506	+0.580	+0.640	+0.516	+0.596	+0.536	+0.661	+0.637	+0.538	+0.552	+0.496	+0.565	+0.591	+0.630	+0.630	
rs72831518     -0.550	-0.416	-0.416	+1.032	+0.940	-0.382	+0.988	+0.939	+1.036	-0.011	+0.601	+0.042	+0.097	+0.185	+0.078	+0.086	+0.039	+0.138	+0.174	+0.134	+0.160	+0.172	-0.382	-0.363	+0.215	+0.105	-0.364	-0.359	+0.413	-0.383	-0.362	-0.351	-0.351	-0.350	-0.010	+0.598	-0.581	-0.585	-0.586	-0.578	-0.580	-0.580	-0.580	-0.581	-0.581	-0.584	-0.576	-0.263	-0.268	-0.576	-0.372	-0.142	-0.571	-0.248	-0.376	-0.077	-0.268	-0.070	-0.268	-0.085	-0.354	-0.257	-0.380	-0.269	-0.253	-0.140	-0.336	-0.272	-0.140	-0.347	-0.251	-0.108	-0.109	-0.309	-0.261	-0.216	-0.280	-0.239	-0.306	-0.390	-0.352	-0.308	-0.509	-0.350	-0.550	-0.506	-0.422	-0.554	-0.480	-0.547	-0.385	-0.413	-0.545	-0.475	-0.572	-0.524	-0.464	-0.420	-0.420	
rs10187979     +0.164	+0.275	+0.274	+0.912	+0.829	+0.271	+0.873	+0.830	+0.920	+0.601	+0.668	+0.377	+0.409	+0.465	+0.398	+0.402	+0.375	+0.434	+0.456	+0.432	+0.447	+0.487	+0.114	+0.123	+0.490	+0.415	+0.175	+0.180	+0.632	+0.177	+0.188	+0.193	+0.193	+0.194	+0.413	+0.786	+0.034	+0.034	+0.034	+0.035	+0.034	+0.034	+0.034	+0.034	+0.034	+0.034	+0.036	+0.326	+0.322	+0.036	+0.249	+0.514	+0.041	+0.401	+0.249	+0.487	+0.321	+0.492	+0.321	+0.479	+0.271	+0.392	+0.243	+0.378	+0.395	+0.514	+0.289	+0.319	+0.515	+0.278	+0.399	+0.457	+0.456	+0.318	+0.328	+0.367	+0.322	+0.426	+0.284	+0.197	+0.254	+0.282	+0.116	+0.255	+0.059	+0.120	+0.168	+0.072	+0.132	+0.078	+0.216	+0.192	+0.080	+0.123	+0.048	+0.102	+0.145	+0.185	+0.185	
rs6707672      -0.460	-0.293	-0.293	+0.756	+0.672	-0.296	+0.716	+0.670	+0.758	+0.042	+0.377	+0.049	+0.024	+0.105	+0.001	+0.014	-0.020	+0.074	+0.128	+0.067	+0.100	+0.045	-0.388	-0.375	+0.143	+0.027	-0.340	-0.337	+0.565	-0.331	-0.331	-0.330	-0.330	-0.329	-0.150	+0.664	-0.502	-0.508	-0.509	-0.500	-0.502	-0.502	-0.502	-0.502	-0.502	-0.507	-0.498	-0.251	-0.253	-0.496	-0.359	-0.080	-0.492	-0.179	-0.359	-0.153	-0.256	-0.149	-0.256	-0.160	-0.340	-0.188	-0.364	-0.199	-0.184	-0.079	-0.325	-0.256	-0.079	-0.334	-0.181	-0.177	-0.178	-0.298	-0.250	-0.250	-0.247	-0.153	-0.270	-0.304	-0.300	-0.271	-0.391	-0.299	-0.489	-0.386	-0.338	-0.474	-0.374	-0.445	-0.335	-0.358	-0.442	-0.408	-0.491	-0.413	-0.404	-0.365	-0.365	
rs10203999     -0.406	-0.237	-0.238	+0.777	+0.695	-0.241	+0.738	+0.693	+0.779	+0.097	+0.409	+0.024	+0.109	+0.101	+0.034	+0.041	+0.023	+0.076	+0.111	+0.072	+0.093	+0.061	-0.342	-0.330	+0.131	+0.047	-0.285	-0.282	+0.447	-0.275	-0.276	-0.276	-0.276	-0.276	-0.113	+0.588	-0.449	-0.454	-0.456	-0.446	-0.448	-0.448	-0.448	-0.448	-0.448	-0.453	-0.444	-0.197	-0.199	-0.442	-0.309	-0.024	-0.438	-0.124	-0.308	-0.103	-0.202	-0.098	-0.202	-0.109	-0.289	-0.132	-0.313	-0.144	-0.129	-0.023	-0.274	-0.203	-0.023	-0.283	-0.126	-0.126	-0.127	-0.247	-0.196	-0.198	-0.193	-0.098	-0.217	-0.249	-0.246	-0.219	-0.336	-0.245	-0.435	-0.331	-0.284	-0.420	-0.319	-0.390	-0.281	-0.305	-0.387	-0.355	-0.437	-0.358	-0.350	-0.311	-0.312	
rs10204012     -0.318	-0.144	-0.145	+0.817	+0.737	-0.149	+0.778	+0.734	+0.817	+0.185	+0.465	+0.105	+0.101	+0.207	+0.096	+0.101	+0.107	+0.108	+0.122	+0.106	+0.115	+0.101	-0.263	-0.252	+0.138	+0.098	-0.195	-0.192	+0.318	-0.181	-0.185	-0.186	-0.186	-0.186	-0.049	+0.480	-0.359	-0.365	-0.366	-0.355	-0.358	-0.358	-0.358	-0.358	-0.358	-0.364	-0.353	-0.108	-0.110	-0.352	-0.221	+0.070	-0.348	-0.032	-0.221	-0.017	-0.113	-0.013	-0.113	-0.024	-0.206	-0.040	-0.225	-0.052	-0.037	+0.070	-0.191	-0.113	+0.070	-0.200	-0.034	-0.041	-0.042	-0.164	-0.107	-0.111	-0.102	-0.006	-0.129	-0.155	-0.157	-0.130	-0.244	-0.156	-0.346	-0.239	-0.190	-0.331	-0.226	-0.298	-0.193	-0.216	-0.295	-0.267	-0.346	-0.265	-0.261	-0.223	-0.223	
rs6706862      -0.424	-0.256	-0.257	+0.770	+0.687	-0.260	+0.730	+0.685	+0.772	+0.078	+0.398	+0.001	+0.034	+0.096	+0.088	+0.026	-0.000	+0.068	+0.106	+0.063	+0.087	+0.053	-0.358	-0.345	+0.128	+0.034	-0.304	-0.301	+0.460	-0.294	-0.295	-0.294	-0.294	-0.294	-0.126	+0.600	-0.467	-0.473	-0.474	-0.464	-0.466	-0.466	-0.466	-0.466	-0.466	-0.471	-0.462	-0.216	-0.218	-0.461	-0.326	-0.043	-0.457	-0.143	-0.325	-0.119	-0.220	-0.115	-0.220	-0.126	-0.307	-0.151	-0.330	-0.163	-0.148	-0.042	-0.291	-0.221	-0.042	-0.301	-0.145	-0.143	-0.144	-0.264	-0.214	-0.215	-0.211	-0.116	-0.235	-0.268	-0.264	-0.236	-0.354	-0.263	-0.453	-0.349	-0.302	-0.438	-0.337	-0.408	-0.299	-0.323	-0.405	-0.373	-0.455	-0.376	-0.368	-0.330	-0.330	
rs62157360     -0.416	-0.248	-0.249	+0.773	+0.690	-0.252	+0.733	+0.688	+0.774	+0.086	+0.402	+0.014	+0.041	+0.101	+0.026	+0.097	+0.012	+0.075	+0.113	+0.070	+0.094	+0.058	-0.351	-0.339	+0.132	+0.042	-0.296	-0.293	+0.471	-0.286	-0.286	-0.286	-0.286	-0.286	-0.120	+0.601	-0.459	-0.465	-0.466	-0.456	-0.458	-0.458	-0.458	-0.459	-0.459	-0.464	-0.454	-0.208	-0.210	-0.453	-0.318	-0.035	-0.449	-0.134	-0.318	-0.112	-0.212	-0.108	-0.212	-0.119	-0.299	-0.143	-0.323	-0.155	-0.139	-0.034	-0.284	-0.213	-0.033	-0.293	-0.137	-0.136	-0.137	-0.256	-0.206	-0.208	-0.203	-0.108	-0.227	-0.260	-0.256	-0.229	-0.346	-0.256	-0.445	-0.341	-0.294	-0.430	-0.329	-0.400	-0.292	-0.315	-0.397	-0.365	-0.447	-0.369	-0.361	-0.322	-0.322	
rs10177926     -0.464	-0.297	-0.297	+0.755	+0.670	-0.300	+0.715	+0.668	+0.757	+0.039	+0.375	-0.020	+0.023	+0.107	-0.000	+0.012	+0.044	+0.074	+0.129	+0.067	+0.104	+0.045	-0.391	-0.378	+0.144	+0.027	-0.344	-0.340	+0.578	-0.335	-0.335	-0.333	-0.333	-0.333	-0.152	+0.669	-0.506	-0.512	-0.513	-0.503	-0.506	-0.506	-0.506	-0.506	-0.506	-0.511	-0.501	-0.255	-0.257	-0.500	-0.363	-0.084	-0.496	-0.183	-0.363	-0.157	-0.260	-0.153	-0.260	-0.164	-0.344	-0.192	-0.367	-0.203	-0.188	-0.083	-0.328	-0.260	-0.083	-0.338	-0.185	-0.181	-0.182	-0.301	-0.254	-0.253	-0.251	-0.158	-0.274	-0.308	-0.304	-0.275	-0.394	-0.303	-0.492	-0.390	-0.342	-0.477	-0.378	-0.448	-0.339	-0.362	-0.445	-0.412	-0.494	-0.417	-0.408	-0.369	-0.369	
rs6713953      -0.365	-0.195	-0.196	+0.795	+0.713	-0.199	+0.756	+0.711	+0.796	+0.138	+0.434	+0.074	+0.076	+0.108	+0.068	+0.075	+0.074	+0.154	+0.120	+0.094	+0.107	+0.081	-0.307	-0.295	+0.136	+0.078	-0.242	-0.239	+0.399	-0.230	-0.233	-0.233	-0.233	-0.233	-0.085	+0.550	-0.407	-0.413	-0.415	-0.404	-0.406	-0.406	-0.407	-0.407	-0.407	-0.412	-0.402	-0.156	-0.158	-0.401	-0.270	+0.019	-0.397	-0.081	-0.270	-0.064	-0.161	-0.060	-0.161	-0.071	-0.251	-0.090	-0.274	-0.102	-0.086	+0.020	-0.236	-0.161	+0.020	-0.245	-0.083	-0.088	-0.089	-0.208	-0.155	-0.159	-0.151	-0.055	-0.177	-0.208	-0.205	-0.178	-0.293	-0.205	-0.394	-0.289	-0.242	-0.379	-0.276	-0.348	-0.240	-0.264	-0.345	-0.314	-0.395	-0.315	-0.309	-0.271	-0.271	
rs10185573     -0.329	-0.158	-0.159	+0.811	+0.730	-0.162	+0.772	+0.728	+0.811	+0.174	+0.456	+0.128	+0.111	+0.122	+0.106	+0.113	+0.129	+0.120	+0.194	+0.119	+0.131	+0.104	-0.275	-0.264	+0.146	+0.112	-0.204	-0.201	+0.373	-0.190	-0.195	-0.196	-0.196	-0.196	-0.058	+0.518	-0.371	-0.377	-0.379	-0.368	-0.370	-0.370	-0.370	-0.371	-0.371	-0.376	-0.366	-0.120	-0.122	-0.365	-0.237	+0.057	-0.361	-0.044	-0.236	-0.031	-0.125	-0.027	-0.125	-0.038	-0.217	-0.053	-0.240	-0.065	-0.049	+0.057	-0.202	-0.125	+0.057	-0.211	-0.047	-0.055	-0.056	-0.175	-0.119	-0.124	-0.115	-0.018	-0.141	-0.171	-0.170	-0.143	-0.256	-0.169	-0.359	-0.252	-0.205	-0.342	-0.239	-0.311	-0.205	-0.228	-0.308	-0.278	-0.359	-0.278	-0.274	-0.235	-0.235	
rs10175396     -0.368	-0.199	-0.200	+0.793	+0.712	-0.203	+0.754	+0.709	+0.794	+0.134	+0.432	+0.067	+0.072	+0.106	+0.063	+0.070	+0.067	+0.094	+0.119	+0.150	+0.107	+0.079	-0.310	-0.298	+0.136	+0.076	-0.246	-0.243	+0.407	-0.234	-0.236	-0.237	-0.237	-0.237	-0.087	+0.554	-0.411	-0.417	-0.418	-0.408	-0.410	-0.410	-0.410	-0.410	-0.410	-0.415	-0.405	-0.160	-0.162	-0.404	-0.274	+0.015	-0.400	-0.085	-0.273	-0.068	-0.165	-0.063	-0.165	-0.074	-0.254	-0.094	-0.277	-0.105	-0.090	+0.016	-0.239	-0.165	+0.016	-0.248	-0.087	-0.091	-0.092	-0.212	-0.158	-0.162	-0.155	-0.059	-0.180	-0.211	-0.209	-0.182	-0.297	-0.208	-0.398	-0.292	-0.246	-0.382	-0.280	-0.351	-0.244	-0.267	-0.348	-0.318	-0.399	-0.319	-0.313	-0.274	-0.274	
rs6729313      -0.343	-0.173	-0.174	+0.804	+0.724	-0.177	+0.766	+0.721	+0.805	+0.160	+0.447	+0.100	+0.093	+0.115	+0.087	+0.094	+0.104	+0.107	+0.131	+0.107	+0.178	+0.095	-0.288	-0.276	+0.140	+0.098	-0.219	-0.216	+0.385	-0.206	-0.210	-0.211	-0.211	-0.211	-0.069	+0.527	-0.385	-0.391	-0.393	-0.382	-0.385	-0.385	-0.385	-0.385	-0.385	-0.390	-0.380	-0.135	-0.137	-0.379	-0.250	+0.042	-0.375	-0.059	-0.249	-0.045	-0.139	-0.040	-0.139	-0.051	-0.231	-0.068	-0.254	-0.080	-0.064	+0.042	-0.215	-0.140	+0.042	-0.225	-0.062	-0.068	-0.069	-0.188	-0.133	-0.138	-0.129	-0.033	-0.155	-0.186	-0.184	-0.157	-0.271	-0.183	-0.373	-0.266	-0.220	-0.357	-0.253	-0.325	-0.219	-0.242	-0.322	-0.293	-0.373	-0.293	-0.288	-0.249	-0.249	
rs13404761     -0.340	-0.161	-0.161	+0.838	+0.758	-0.170	+0.800	+0.755	+0.839	+0.172	+0.487	+0.045	+0.061	+0.101	+0.053	+0.058	+0.045	+0.081	+0.104	+0.079	+0.095	+0.192	-0.278	-0.266	+0.123	+0.066	-0.218	-0.215	+0.310	-0.206	-0.208	-0.208	-0.208	-0.208	-0.057	+0.475	-0.381	-0.387	-0.388	-0.378	-0.380	-0.380	-0.381	-0.381	-0.381	-0.386	-0.376	-0.127	-0.129	-0.375	-0.238	+0.048	-0.371	-0.053	-0.237	-0.038	-0.132	-0.034	-0.132	-0.045	-0.218	-0.062	-0.242	-0.074	-0.058	+0.049	-0.202	-0.132	+0.049	-0.212	-0.055	-0.062	-0.063	-0.175	-0.126	-0.132	-0.121	-0.027	-0.146	-0.181	-0.176	-0.148	-0.268	-0.175	-0.367	-0.263	-0.215	-0.351	-0.251	-0.318	-0.215	-0.238	-0.315	-0.288	-0.367	-0.285	-0.283	-0.245	-0.245	
rs7599147      -0.812	-0.716	-0.717	+0.535	+0.447	-0.671	+0.493	+0.445	+0.538	-0.382	+0.114	-0.388	-0.342	-0.263	-0.358	-0.351	-0.391	-0.307	-0.275	-0.310	-0.288	-0.278	-0.377	-0.479	-0.240	-0.335	-0.694	-0.691	-0.064	-0.700	-0.690	-0.684	-0.684	-0.684	-0.427	+0.104	-0.880	-0.878	-0.877	-0.881	-0.880	-0.880	-0.880	-0.880	-0.880	-0.878	-0.880	-0.614	-0.618	-0.880	-0.635	-0.463	-0.875	-0.569	-0.645	-0.473	-0.619	-0.467	-0.619	-0.479	-0.619	-0.575	-0.648	-0.586	-0.572	-0.469	-0.599	-0.621	-0.469	-0.612	-0.570	-0.500	-0.501	-0.568	-0.613	-0.588	-0.621	-0.549	-0.626	-0.719	-0.666	-0.628	-0.806	-0.665	-0.859	-0.802	-0.748	-0.850	-0.791	-0.843	-0.714	-0.736	-0.841	-0.800	-0.870	-0.820	-0.776	-0.742	-0.743	
rs10185485     -0.789	-0.695	-0.696	+0.540	+0.453	-0.648	+0.499	+0.451	+0.543	-0.363	+0.123	-0.375	-0.330	-0.252	-0.345	-0.339	-0.378	-0.295	-0.264	-0.298	-0.276	-0.266	-0.479	-0.354	-0.229	-0.322	-0.677	-0.673	-0.055	-0.681	-0.672	-0.667	-0.667	-0.666	-0.417	+0.112	-0.858	-0.856	-0.855	-0.859	-0.858	-0.858	-0.858	-0.858	-0.858	-0.856	-0.858	-0.592	-0.596	-0.858	-0.612	-0.440	-0.853	-0.547	-0.621	-0.451	-0.597	-0.446	-0.597	-0.458	-0.596	-0.553	-0.625	-0.564	-0.550	-0.447	-0.576	-0.599	-0.447	-0.589	-0.547	-0.478	-0.479	-0.544	-0.591	-0.566	-0.599	-0.527	-0.605	-0.698	-0.644	-0.607	-0.784	-0.643	-0.837	-0.781	-0.727	-0.828	-0.769	-0.821	-0.693	-0.715	-0.819	-0.779	-0.848	-0.798	-0.754	-0.721	-0.721	
rs62157395     -0.290	-0.119	-0.120	+0.837	+0.757	-0.122	+0.799	+0.755	+0.837	+0.215	+0.490	+0.143	+0.131	+0.138	+0.128	+0.132	+0.144	+0.136	+0.146	+0.136	+0.140	+0.123	-0.240	-0.229	+0.240	+0.133	-0.165	-0.162	+0.330	-0.150	-0.155	-0.157	-0.157	-0.157	-0.027	+0.506	-0.333	-0.339	-0.341	-0.330	-0.332	-0.332	-0.333	-0.333	-0.333	-0.338	-0.327	-0.081	-0.083	-0.326	-0.198	+0.100	-0.323	-0.002	-0.197	+0.008	-0.086	+0.013	-0.086	+0.002	-0.178	-0.011	-0.202	-0.023	-0.007	+0.103	-0.163	-0.086	+0.103	-0.172	-0.005	-0.015	-0.016	-0.136	-0.080	-0.085	-0.075	+0.024	-0.104	-0.130	-0.131	-0.105	-0.217	-0.130	-0.320	-0.212	-0.165	-0.304	-0.199	-0.272	-0.165	-0.189	-0.269	-0.241	-0.321	-0.239	-0.235	-0.196	-0.196	
rs10183848     -0.397	-0.229	-0.230	+0.781	+0.699	-0.232	+0.742	+0.697	+0.782	+0.105	+0.415	+0.027	+0.047	+0.098	+0.034	+0.042	+0.027	+0.078	+0.112	+0.076	+0.098	+0.066	-0.335	-0.322	+0.133	+0.118	-0.276	-0.273	+0.452	-0.265	-0.266	-0.266	-0.266	-0.266	-0.108	+0.583	-0.439	-0.445	-0.447	-0.437	-0.439	-0.439	-0.439	-0.439	-0.439	-0.444	-0.434	-0.189	-0.191	-0.433	-0.301	-0.015	-0.429	-0.115	-0.300	-0.095	-0.193	-0.090	-0.193	-0.101	-0.281	-0.123	-0.305	-0.135	-0.120	-0.014	-0.266	-0.194	-0.014	-0.275	-0.117	-0.119	-0.119	-0.239	-0.187	-0.190	-0.184	-0.089	-0.208	-0.240	-0.237	-0.210	-0.326	-0.237	-0.426	-0.322	-0.275	-0.411	-0.309	-0.380	-0.273	-0.296	-0.378	-0.346	-0.428	-0.349	-0.341	-0.303	-0.303	
rs7575163      -0.835	-0.741	-0.741	+0.599	+0.509	-0.672	+0.556	+0.508	+0.602	-0.364	+0.175	-0.340	-0.285	-0.195	-0.304	-0.296	-0.344	-0.242	-0.204	-0.246	-0.219	-0.218	-0.694	-0.677	-0.165	-0.276	-0.387	-0.501	+0.056	-0.540	-0.537	-0.531	-0.531	-0.531	-0.180	+0.257	-0.896	-0.899	-0.899	-0.894	-0.896	-0.896	-0.896	-0.896	-0.896	-0.898	-0.893	-0.633	-0.637	-0.892	-0.708	-0.498	-0.887	-0.588	-0.708	-0.509	-0.638	-0.504	-0.638	-0.516	-0.685	-0.595	-0.711	-0.606	-0.592	-0.491	-0.667	-0.640	-0.491	-0.679	-0.589	-0.535	-0.536	-0.640	-0.632	-0.617	-0.637	-0.565	-0.643	-0.713	-0.681	-0.645	-0.806	-0.680	-0.872	-0.802	-0.744	-0.864	-0.792	-0.849	-0.726	-0.749	-0.847	-0.800	-0.883	-0.823	-0.789	-0.756	-0.756	
rs10195452     -0.831	-0.737	-0.737	+0.603	+0.514	-0.669	+0.561	+0.513	+0.607	-0.359	+0.180	-0.337	-0.282	-0.192	-0.301	-0.293	-0.340	-0.239	-0.201	-0.243	-0.216	-0.215	-0.691	-0.673	-0.162	-0.273	-0.501	-0.382	+0.060	-0.525	-0.523	-0.518	-0.519	-0.518	-0.167	+0.264	-0.892	-0.894	-0.895	-0.890	-0.891	-0.891	-0.891	-0.891	-0.892	-0.894	-0.888	-0.629	-0.633	-0.888	-0.704	-0.494	-0.883	-0.584	-0.704	-0.505	-0.634	-0.500	-0.634	-0.512	-0.682	-0.591	-0.707	-0.601	-0.588	-0.487	-0.663	-0.636	-0.486	-0.675	-0.585	-0.531	-0.532	-0.636	-0.628	-0.613	-0.633	-0.561	-0.639	-0.709	-0.677	-0.641	-0.802	-0.676	-0.868	-0.798	-0.740	-0.860	-0.788	-0.845	-0.723	-0.745	-0.842	-0.796	-0.879	-0.819	-0.785	-0.752	-0.752	
rs10198719     -0.097	+0.075	+0.075	+0.954	+0.878	+0.075	+0.917	+0.875	+0.952	+0.413	+0.632	+0.565	+0.447	+0.318	+0.460	+0.471	+0.578	+0.399	+0.373	+0.407	+0.385	+0.310	-0.064	-0.055	+0.330	+0.452	+0.056	+0.060	+0.461	+0.095	+0.079	+0.072	+0.072	+0.072	+0.133	+0.569	-0.137	-0.144	-0.146	-0.133	-0.136	-0.136	-0.136	-0.136	-0.137	-0.143	-0.131	+0.114	+0.113	-0.130	-0.025	+0.306	-0.126	+0.200	-0.023	+0.185	+0.109	+0.189	+0.109	+0.178	-0.005	+0.191	-0.028	+0.179	+0.195	+0.306	+0.009	+0.110	+0.306	+0.000	+0.198	+0.162	+0.161	+0.036	+0.115	+0.097	+0.124	+0.228	+0.081	+0.062	+0.060	+0.080	-0.016	+0.061	-0.130	-0.012	+0.027	-0.110	+0.004	-0.072	+0.027	+0.003	-0.069	-0.046	-0.126	-0.038	-0.043	-0.004	-0.004	
rs13425545     -0.863	-0.759	-0.760	+0.610	+0.519	-0.703	+0.567	+0.518	+0.614	-0.383	+0.177	-0.331	-0.275	-0.181	-0.294	-0.286	-0.335	-0.230	-0.190	-0.234	-0.206	-0.206	-0.700	-0.681	-0.150	-0.265	-0.540	-0.525	+0.095	-0.413	-0.506	-0.485	-0.484	-0.484	-0.055	+0.325	-0.921	-0.924	-0.924	-0.919	-0.920	-0.920	-0.920	-0.921	-0.921	-0.923	-0.917	-0.657	-0.661	-0.917	-0.732	-0.523	-0.912	-0.613	-0.733	-0.531	-0.662	-0.526	-0.662	-0.538	-0.710	-0.620	-0.736	-0.631	-0.617	-0.516	-0.692	-0.664	-0.516	-0.704	-0.615	-0.557	-0.558	-0.666	-0.656	-0.640	-0.662	-0.590	-0.668	-0.740	-0.706	-0.670	-0.831	-0.705	-0.898	-0.827	-0.771	-0.889	-0.817	-0.874	-0.752	-0.774	-0.871	-0.824	-0.908	-0.848	-0.814	-0.781	-0.781	
rs28847293     -0.838	-0.739	-0.739	+0.614	+0.524	-0.678	+0.571	+0.523	+0.618	-0.362	+0.188	-0.331	-0.276	-0.185	-0.295	-0.286	-0.335	-0.233	-0.195	-0.236	-0.210	-0.208	-0.690	-0.672	-0.155	-0.266	-0.537	-0.523	+0.079	-0.506	-0.387	-0.492	-0.491	-0.491	-0.109	+0.301	-0.897	-0.899	-0.900	-0.895	-0.896	-0.896	-0.896	-0.897	-0.897	-0.899	-0.893	-0.634	-0.637	-0.893	-0.709	-0.500	-0.888	-0.589	-0.710	-0.510	-0.638	-0.505	-0.639	-0.516	-0.687	-0.596	-0.713	-0.607	-0.593	-0.492	-0.669	-0.640	-0.492	-0.681	-0.590	-0.535	-0.536	-0.642	-0.632	-0.618	-0.638	-0.566	-0.645	-0.716	-0.683	-0.647	-0.808	-0.681	-0.874	-0.804	-0.747	-0.865	-0.793	-0.849	-0.728	-0.751	-0.847	-0.800	-0.884	-0.823	-0.790	-0.757	-0.757	
rs7582940      -0.826	-0.728	-0.729	+0.616	+0.527	-0.665	+0.574	+0.526	+0.620	-0.351	+0.193	-0.330	-0.276	-0.186	-0.294	-0.286	-0.333	-0.233	-0.196	-0.237	-0.211	-0.208	-0.684	-0.667	-0.157	-0.266	-0.531	-0.518	+0.072	-0.485	-0.492	-0.374	-0.486	-0.486	-0.132	+0.290	-0.885	-0.887	-0.888	-0.883	-0.884	-0.884	-0.884	-0.885	-0.885	-0.887	-0.881	-0.622	-0.626	-0.881	-0.698	-0.487	-0.876	-0.577	-0.698	-0.499	-0.627	-0.494	-0.627	-0.506	-0.676	-0.584	-0.702	-0.595	-0.581	-0.480	-0.658	-0.629	-0.480	-0.669	-0.578	-0.525	-0.526	-0.631	-0.621	-0.607	-0.626	-0.554	-0.634	-0.705	-0.671	-0.636	-0.796	-0.670	-0.862	-0.792	-0.736	-0.853	-0.781	-0.837	-0.717	-0.739	-0.835	-0.789	-0.872	-0.811	-0.778	-0.745	-0.746	
rs7593853      -0.825	-0.728	-0.729	+0.616	+0.527	-0.665	+0.574	+0.526	+0.620	-0.351	+0.193	-0.330	-0.276	-0.186	-0.294	-0.286	-0.333	-0.233	-0.196	-0.237	-0.211	-0.208	-0.684	-0.667	-0.157	-0.266	-0.531	-0.519	+0.072	-0.484	-0.491	-0.486	-0.374	-0.486	-0.132	+0.290	-0.885	-0.887	-0.888	-0.883	-0.884	-0.884	-0.884	-0.884	-0.884	-0.887	-0.881	-0.622	-0.626	-0.881	-0.698	-0.487	-0.876	-0.577	-0.698	-0.499	-0.627	-0.494	-0.627	-0.506	-0.676	-0.584	-0.701	-0.595	-0.581	-0.480	-0.658	-0.629	-0.479	-0.669	-0.578	-0.525	-0.526	-0.631	-0.621	-0.606	-0.626	-0.554	-0.634	-0.705	-0.671	-0.636	-0.796	-0.670	-0.862	-0.792	-0.736	-0.853	-0.781	-0.837	-0.717	-0.739	-0.835	-0.789	-0.872	-0.811	-0.778	-0.745	-0.746	
rs6431156      -0.825	-0.728	-0.728	+0.617	+0.527	-0.665	+0.574	+0.526	+0.620	-0.350	+0.194	-0.329	-0.276	-0.186	-0.294	-0.286	-0.333	-0.233	-0.196	-0.237	-0.211	-0.208	-0.684	-0.666	-0.157	-0.266	-0.531	-0.518	+0.072	-0.484	-0.491	-0.486	-0.486	-0.373	-0.133	+0.290	-0.884	-0.887	-0.887	-0.883	-0.884	-0.884	-0.884	-0.884	-0.884	-0.886	-0.881	-0.622	-0.625	-0.880	-0.698	-0.487	-0.875	-0.576	-0.698	-0.499	-0.626	-0.494	-0.626	-0.505	-0.675	-0.583	-0.701	-0.594	-0.580	-0.479	-0.657	-0.628	-0.479	-0.669	-0.578	-0.524	-0.525	-0.630	-0.620	-0.606	-0.625	-0.554	-0.633	-0.704	-0.671	-0.635	-0.795	-0.669	-0.861	-0.791	-0.735	-0.852	-0.780	-0.837	-0.716	-0.738	-0.834	-0.788	-0.871	-0.811	-0.778	-0.745	-0.745	
rs13421176     -0.473	-0.398	-0.398	+0.779	+0.697	-0.315	+0.740	+0.695	+0.780	-0.010	+0.413	-0.150	-0.113	-0.049	-0.126	-0.120	-0.152	-0.085	-0.058	-0.087	-0.069	-0.057	-0.427	-0.417	-0.027	-0.108	-0.180	-0.167	+0.133	-0.055	-0.109	-0.132	-0.132	-0.133	+0.007	+0.299	-0.539	-0.540	-0.540	-0.538	-0.539	-0.539	-0.539	-0.539	-0.539	-0.539	-0.537	-0.279	-0.282	-0.537	-0.348	-0.091	-0.532	-0.192	-0.346	-0.150	-0.284	-0.145	-0.284	-0.157	-0.320	-0.199	-0.347	-0.212	-0.196	-0.081	-0.301	-0.285	-0.081	-0.314	-0.193	-0.175	-0.176	-0.272	-0.278	-0.256	-0.278	-0.170	-0.299	-0.352	-0.329	-0.301	-0.447	-0.328	-0.514	-0.443	-0.384	-0.505	-0.430	-0.485	-0.371	-0.393	-0.482	-0.458	-0.523	-0.456	-0.435	-0.399	-0.400	
rs76035044     +0.081	+0.255	+0.255	+1.086	+1.013	+0.258	+1.051	+1.009	+1.084	+0.598	+0.786	+0.664	+0.588	+0.480	+0.600	+0.601	+0.669	+0.550	+0.518	+0.554	+0.527	+0.475	+0.104	+0.112	+0.506	+0.583	+0.257	+0.264	+0.569	+0.325	+0.301	+0.290	+0.290	+0.290	+0.299	+0.667	+0.044	+0.035	+0.033	+0.048	+0.044	+0.044	+0.044	+0.044	+0.044	+0.037	+0.050	+0.297	+0.297	+0.052	+0.140	+0.499	+0.054	+0.391	+0.142	+0.354	+0.292	+0.358	+0.292	+0.348	+0.160	+0.381	+0.138	+0.368	+0.385	+0.502	+0.174	+0.293	+0.502	+0.165	+0.388	+0.332	+0.332	+0.200	+0.298	+0.270	+0.310	+0.419	+0.254	+0.242	+0.240	+0.253	+0.168	+0.240	+0.047	+0.173	+0.206	+0.070	+0.190	+0.110	+0.205	+0.182	+0.114	+0.133	+0.053	+0.147	+0.135	+0.174	+0.174	
rs6760443      -1.099	-0.954	-0.954	+0.477	+0.386	-0.948	+0.434	+0.384	+0.480	-0.581	+0.034	-0.502	-0.449	-0.359	-0.467	-0.459	-0.506	-0.407	-0.371	-0.411	-0.385	-0.381	-0.880	-0.858	-0.333	-0.439	-0.896	-0.892	-0.137	-0.921	-0.897	-0.885	-0.885	-0.884	-0.539	+0.044	-0.653	-0.786	-0.779	-0.806	-0.812	-0.812	-0.813	-0.813	-0.813	-0.815	-0.819	-0.865	-0.869	-0.815	-0.528	-0.725	-0.876	-0.825	-0.569	-0.684	-0.869	-0.678	-0.870	-0.692	-0.522	-0.833	-0.580	-0.844	-0.830	-0.724	-0.487	-0.872	-0.723	-0.509	-0.827	-0.715	-0.716	-0.447	-0.864	-0.815	-0.876	-0.804	-0.875	-0.953	-0.920	-0.877	-1.033	-0.918	-1.115	-1.029	-0.985	-1.109	-1.025	-1.100	-0.964	-0.987	-1.097	-1.020	-1.129	-1.075	-1.030	-0.994	-0.994	
rs6714816      -1.103	-0.957	-0.957	+0.480	+0.388	-0.951	+0.437	+0.387	+0.483	-0.585	+0.034	-0.508	-0.454	-0.365	-0.473	-0.465	-0.512	-0.413	-0.377	-0.417	-0.391	-0.387	-0.878	-0.856	-0.339	-0.445	-0.899	-0.894	-0.144	-0.924	-0.899	-0.887	-0.887	-0.887	-0.540	+0.035	-0.786	-0.655	-0.792	-0.764	-0.787	-0.787	-0.788	-0.789	-0.789	-0.816	-0.786	-0.870	-0.874	-0.776	-0.573	-0.733	-0.864	-0.831	-0.610	-0.695	-0.874	-0.690	-0.874	-0.703	-0.566	-0.839	-0.622	-0.850	-0.836	-0.731	-0.533	-0.877	-0.730	-0.553	-0.833	-0.725	-0.727	-0.494	-0.869	-0.824	-0.880	-0.809	-0.879	-0.952	-0.924	-0.881	-1.030	-0.922	-1.119	-1.025	-0.984	-1.111	-1.022	-1.101	-0.963	-0.987	-1.099	-1.016	-1.131	-1.076	-1.031	-0.994	-0.994	
rs6720586      -1.103	-0.957	-0.958	+0.481	+0.390	-0.951	+0.438	+0.388	+0.485	-0.586	+0.034	-0.509	-0.456	-0.366	-0.474	-0.466	-0.513	-0.415	-0.379	-0.418	-0.393	-0.388	-0.877	-0.855	-0.341	-0.447	-0.899	-0.895	-0.146	-0.924	-0.900	-0.888	-0.888	-0.887	-0.540	+0.033	-0.779	-0.792	-0.656	-0.746	-0.776	-0.776	-0.777	-0.779	-0.779	-0.814	-0.773	-0.871	-0.875	-0.761	-0.589	-0.735	-0.859	-0.833	-0.624	-0.698	-0.875	-0.693	-0.875	-0.706	-0.581	-0.840	-0.635	-0.851	-0.837	-0.733	-0.548	-0.878	-0.732	-0.568	-0.835	-0.729	-0.730	-0.510	-0.870	-0.827	-0.881	-0.811	-0.880	-0.951	-0.925	-0.882	-1.028	-0.923	-1.120	-1.023	-0.983	-1.112	-1.021	-1.101	-0.962	-0.987	-1.099	-1.015	-1.132	-1.076	-1.031	-0.994	-0.994	
rs6724089      -1.098	-0.952	-0.953	+0.476	+0.385	-0.947	+0.433	+0.384	+0.480	-0.578	+0.035	-0.500	-0.446	-0.355	-0.464	-0.456	-0.503	-0.404	-0.368	-0.408	-0.382	-0.378	-0.881	-0.859	-0.330	-0.437	-0.894	-0.890	-0.133	-0.919	-0.895	-0.883	-0.883	-0.883	-0.538	+0.048	-0.806	-0.764	-0.746	-0.651	-0.797	-0.797	-0.797	-0.796	-0.796	-0.789	-0.811	-0.863	-0.867	-0.808	-0.497	-0.721	-0.872	-0.822	-0.541	-0.678	-0.867	-0.672	-0.867	-0.686	-0.492	-0.830	-0.553	-0.841	-0.827	-0.720	-0.456	-0.870	-0.720	-0.478	-0.824	-0.709	-0.710	-0.416	-0.861	-0.811	-0.874	-0.802	-0.873	-0.954	-0.918	-0.875	-1.034	-0.916	-1.113	-1.030	-0.985	-1.108	-1.026	-1.099	-0.964	-0.987	-1.096	-1.021	-1.128	-1.075	-1.030	-0.994	-0.994	
rs17740782     -1.099	-0.953	-0.954	+0.477	+0.386	-0.948	+0.434	+0.384	+0.480	-0.580	+0.034	-0.502	-0.448	-0.358	-0.466	-0.458	-0.506	-0.406	-0.370	-0.410	-0.385	-0.380	-0.880	-0.858	-0.332	-0.439	-0.896	-0.891	-0.136	-0.920	-0.896	-0.884	-0.884	-0.884	-0.539	+0.044	-0.812	-0.787	-0.776	-0.797	-0.652	-0.788	-0.788	-0.788	-0.788	-0.787	-0.800	-0.865	-0.869	-0.794	-0.511	-0.724	-0.868	-0.825	-0.555	-0.682	-0.869	-0.677	-0.869	-0.690	-0.507	-0.832	-0.567	-0.844	-0.829	-0.723	-0.472	-0.872	-0.722	-0.493	-0.827	-0.713	-0.714	-0.431	-0.863	-0.814	-0.875	-0.804	-0.875	-0.953	-0.920	-0.877	-1.033	-0.918	-1.115	-1.028	-0.985	-1.109	-1.025	-1.099	-0.964	-0.987	-1.097	-1.020	-1.129	-1.075	-1.030	-0.994	-0.994	
rs17740812     -1.099	-0.953	-0.954	+0.477	+0.386	-0.948	+0.434	+0.384	+0.480	-0.580	+0.034	-0.502	-0.448	-0.358	-0.466	-0.458	-0.506	-0.406	-0.370	-0.410	-0.385	-0.380	-0.880	-0.858	-0.332	-0.439	-0.896	-0.891	-0.136	-0.920	-0.896	-0.884	-0.884	-0.884	-0.539	+0.044	-0.812	-0.787	-0.776	-0.797	-0.788	-0.652	-0.788	-0.788	-0.788	-0.787	-0.800	-0.865	-0.869	-0.793	-0.511	-0.724	-0.868	-0.825	-0.555	-0.682	-0.869	-0.677	-0.869	-0.691	-0.507	-0.832	-0.567	-0.844	-0.829	-0.723	-0.472	-0.872	-0.722	-0.493	-0.827	-0.713	-0.714	-0.431	-0.863	-0.814	-0.875	-0.804	-0.875	-0.953	-0.920	-0.877	-1.033	-0.918	-1.115	-1.028	-0.985	-1.109	-1.025	-1.099	-0.964	-0.987	-1.097	-1.020	-1.129	-1.075	-1.030	-0.994	-0.994	
rs34559809     -1.099	-0.953	-0.954	+0.477	+0.386	-0.948	+0.434	+0.385	+0.481	-0.580	+0.034	-0.502	-0.448	-0.358	-0.466	-0.458	-0.506	-0.407	-0.370	-0.410	-0.385	-0.381	-0.880	-0.858	-0.333	-0.439	-0.896	-0.891	-0.136	-0.920	-0.896	-0.884	-0.884	-0.884	-0.539	+0.044	-0.813	-0.788	-0.777	-0.797	-0.788	-0.788	-0.652	-0.788	-0.789	-0.787	-0.799	-0.865	-0.869	-0.793	-0.513	-0.724	-0.868	-0.825	-0.556	-0.683	-0.869	-0.677	-0.869	-0.691	-0.509	-0.833	-0.568	-0.844	-0.829	-0.723	-0.473	-0.872	-0.723	-0.494	-0.827	-0.714	-0.715	-0.432	-0.863	-0.815	-0.875	-0.804	-0.875	-0.953	-0.920	-0.877	-1.033	-0.918	-1.115	-1.028	-0.985	-1.109	-1.025	-1.099	-0.964	-0.987	-1.097	-1.020	-1.129	-1.075	-1.030	-0.994	-0.994	
rs4663032      -1.099	-0.953	-0.954	+0.477	+0.386	-0.948	+0.434	+0.385	+0.481	-0.581	+0.034	-0.502	-0.448	-0.358	-0.466	-0.459	-0.506	-0.407	-0.371	-0.410	-0.385	-0.381	-0.880	-0.858	-0.333	-0.439	-0.896	-0.891	-0.136	-0.921	-0.897	-0.885	-0.884	-0.884	-0.539	+0.044	-0.813	-0.789	-0.779	-0.796	-0.788	-0.788	-0.788	-0.652	-0.789	-0.787	-0.798	-0.865	-0.869	-0.791	-0.514	-0.724	-0.868	-0.825	-0.557	-0.683	-0.869	-0.678	-0.869	-0.691	-0.510	-0.833	-0.569	-0.844	-0.830	-0.723	-0.474	-0.872	-0.723	-0.496	-0.827	-0.714	-0.715	-0.433	-0.864	-0.815	-0.875	-0.804	-0.875	-0.953	-0.920	-0.877	-1.033	-0.918	-1.115	-1.028	-0.985	-1.109	-1.025	-1.099	-0.964	-0.987	-1.097	-1.020	-1.129	-1.075	-1.030	-0.994	-0.994	
rs6723263      -1.099	-0.954	-0.954	+0.477	+0.386	-0.948	+0.434	+0.385	+0.481	-0.581	+0.034	-0.502	-0.448	-0.358	-0.466	-0.459	-0.506	-0.407	-0.371	-0.410	-0.385	-0.381	-0.880	-0.858	-0.333	-0.439	-0.896	-0.892	-0.137	-0.921	-0.897	-0.885	-0.884	-0.884	-0.539	+0.044	-0.813	-0.789	-0.779	-0.796	-0.788	-0.788	-0.789	-0.789	-0.652	-0.787	-0.798	-0.865	-0.869	-0.791	-0.514	-0.724	-0.868	-0.825	-0.557	-0.683	-0.869	-0.678	-0.869	-0.691	-0.510	-0.833	-0.569	-0.844	-0.830	-0.723	-0.475	-0.872	-0.723	-0.496	-0.827	-0.714	-0.715	-0.434	-0.864	-0.815	-0.875	-0.804	-0.875	-0.953	-0.920	-0.877	-1.033	-0.918	-1.115	-1.028	-0.985	-1.109	-1.025	-1.099	-0.964	-0.987	-1.097	-1.020	-1.129	-1.075	-1.030	-0.994	-0.994	
rs6714089      -1.102	-0.956	-0.957	+0.480	+0.389	-0.950	+0.437	+0.387	+0.484	-0.584	+0.034	-0.507	-0.453	-0.364	-0.471	-0.464	-0.511	-0.412	-0.376	-0.415	-0.390	-0.386	-0.878	-0.856	-0.338	-0.444	-0.898	-0.894	-0.143	-0.923	-0.899	-0.887	-0.887	-0.886	-0.539	+0.037	-0.815	-0.816	-0.814	-0.789	-0.787	-0.787	-0.787	-0.787	-0.787	-0.655	-0.766	-0.869	-0.873	-0.751	-0.559	-0.731	-0.859	-0.830	-0.598	-0.694	-0.873	-0.688	-0.873	-0.702	-0.553	-0.838	-0.610	-0.849	-0.835	-0.729	-0.519	-0.876	-0.729	-0.540	-0.832	-0.724	-0.725	-0.480	-0.868	-0.823	-0.879	-0.808	-0.879	-0.952	-0.923	-0.881	-1.029	-0.921	-1.118	-1.025	-0.983	-1.110	-1.021	-1.100	-0.963	-0.987	-1.098	-1.016	-1.131	-1.076	-1.031	-0.994	-0.994	
rs6714256      -1.095	-0.950	-0.950	+0.477	+0.386	-0.945	+0.434	+0.384	+0.480	-0.576	+0.036	-0.498	-0.444	-0.353	-0.462	-0.454	-0.501	-0.402	-0.366	-0.405	-0.380	-0.376	-0.880	-0.858	-0.327	-0.434	-0.893	-0.888	-0.131	-0.917	-0.893	-0.881	-0.881	-0.881	-0.537	+0.050	-0.819	-0.786	-0.773	-0.811	-0.800	-0.800	-0.799	-0.798	-0.798	-0.766	-0.649	-0.860	-0.864	-0.791	-0.475	-0.717	-0.869	-0.819	-0.522	-0.674	-0.864	-0.669	-0.865	-0.683	-0.472	-0.827	-0.534	-0.839	-0.824	-0.717	-0.435	-0.867	-0.717	-0.457	-0.821	-0.705	-0.707	-0.393	-0.859	-0.808	-0.871	-0.799	-0.870	-0.953	-0.916	-0.872	-1.033	-0.914	-1.111	-1.029	-0.984	-1.106	-1.025	-1.097	-0.963	-0.986	-1.095	-1.021	-1.126	-1.073	-1.028	-0.992	-0.993	
rs13018552     -0.831	-0.674	-0.675	+0.779	+0.686	-0.673	+0.735	+0.684	+0.783	-0.263	+0.326	-0.251	-0.197	-0.108	-0.216	-0.208	-0.255	-0.156	-0.120	-0.160	-0.135	-0.127	-0.614	-0.592	-0.081	-0.189	-0.633	-0.629	+0.114	-0.657	-0.634	-0.622	-0.622	-0.622	-0.279	+0.297	-0.865	-0.870	-0.871	-0.863	-0.865	-0.865	-0.865	-0.865	-0.865	-0.869	-0.860	-0.354	-0.460	-0.859	-0.687	-0.455	-0.855	-0.551	-0.689	-0.439	-0.475	-0.434	-0.475	-0.447	-0.669	-0.559	-0.694	-0.571	-0.556	-0.448	-0.652	-0.477	-0.448	-0.663	-0.553	-0.470	-0.471	-0.626	-0.490	-0.566	-0.502	-0.525	-0.613	-0.686	-0.652	-0.615	-0.772	-0.650	-0.851	-0.767	-0.717	-0.839	-0.769	-0.827	-0.701	-0.724	-0.825	-0.767	-0.861	-0.802	-0.768	-0.731	-0.731	
rs12998280     -0.835	-0.678	-0.679	+0.775	+0.681	-0.677	+0.731	+0.679	+0.778	-0.268	+0.322	-0.253	-0.199	-0.110	-0.218	-0.210	-0.257	-0.158	-0.122	-0.162	-0.137	-0.129	-0.618	-0.596	-0.083	-0.191	-0.637	-0.633	+0.113	-0.661	-0.637	-0.626	-0.626	-0.625	-0.282	+0.297	-0.869	-0.874	-0.875	-0.867	-0.869	-0.869	-0.869	-0.869	-0.869	-0.873	-0.864	-0.460	-0.359	-0.863	-0.689	-0.459	-0.860	-0.556	-0.692	-0.439	-0.476	-0.433	-0.477	-0.446	-0.672	-0.564	-0.697	-0.575	-0.561	-0.453	-0.654	-0.480	-0.453	-0.665	-0.558	-0.470	-0.471	-0.628	-0.492	-0.567	-0.507	-0.530	-0.616	-0.690	-0.655	-0.618	-0.776	-0.654	-0.855	-0.772	-0.721	-0.843	-0.773	-0.831	-0.705	-0.728	-0.829	-0.771	-0.865	-0.806	-0.772	-0.734	-0.735	
rs12611684     -1.095	-0.949	-0.950	+0.477	+0.386	-0.944	+0.434	+0.385	+0.480	-0.576	+0.036	-0.496	-0.442	-0.352	-0.461	-0.453	-0.500	-0.401	-0.365	-0.404	-0.379	-0.375	-0.880	-0.858	-0.326	-0.433	-0.892	-0.888	-0.130	-0.917	-0.893	-0.881	-0.881	-0.880	-0.537	+0.052	-0.815	-0.776	-0.761	-0.808	-0.794	-0.793	-0.793	-0.791	-0.791	-0.751	-0.791	-0.859	-0.863	-0.648	-0.466	-0.716	-0.866	-0.818	-0.514	-0.673	-0.863	-0.667	-0.864	-0.681	-0.464	-0.826	-0.526	-0.838	-0.823	-0.716	-0.426	-0.866	-0.716	-0.449	-0.820	-0.704	-0.705	-0.384	-0.858	-0.806	-0.870	-0.798	-0.869	-0.953	-0.915	-0.871	-1.033	-0.913	-1.110	-1.029	-0.984	-1.105	-1.025	-1.096	-0.962	-0.985	-1.094	-1.021	-1.125	-1.073	-1.027	-0.992	-0.992	
rs66591115     -0.903	-0.766	-0.767	+0.726	+0.633	-0.738	+0.683	+0.631	+0.729	-0.372	+0.249	-0.359	-0.309	-0.221	-0.326	-0.318	-0.363	-0.270	-0.237	-0.274	-0.250	-0.238	-0.635	-0.612	-0.198	-0.301	-0.708	-0.704	-0.025	-0.732	-0.709	-0.698	-0.698	-0.698	-0.348	+0.140	-0.528	-0.573	-0.589	-0.497	-0.511	-0.511	-0.513	-0.514	-0.514	-0.559	-0.475	-0.687	-0.689	-0.466	-0.441	-0.602	-0.481	-0.673	-0.625	-0.617	-0.691	-0.613	-0.691	-0.623	-0.630	-0.680	-0.637	-0.688	-0.677	-0.595	-0.616	-0.692	-0.595	-0.623	-0.675	-0.639	-0.640	-0.602	-0.685	-0.703	-0.686	-0.641	-0.699	-0.751	-0.733	-0.701	-0.783	-0.732	-0.917	-0.777	-0.782	-0.886	-0.783	-0.855	-0.769	-0.792	-0.853	-0.763	-0.905	-0.823	-0.833	-0.799	-0.799	
rs1822010      -0.689	-0.591	-0.591	+0.985	+0.889	-0.547	+0.939	+0.888	+0.990	-0.142	+0.514	-0.080	-0.024	+0.070	-0.043	-0.035	-0.084	+0.019	+0.057	+0.015	+0.042	+0.048	-0.463	-0.440	+0.100	-0.015	-0.498	-0.494	+0.306	-0.523	-0.500	-0.487	-0.487	-0.487	-0.091	+0.499	-0.725	-0.733	-0.735	-0.721	-0.724	-0.724	-0.724	-0.724	-0.724	-0.731	-0.717	-0.455	-0.459	-0.716	-0.602	-0.209	-0.711	-0.377	-0.604	-0.417	-0.460	-0.413	-0.461	-0.423	-0.587	-0.379	-0.608	-0.375	-0.379	-0.351	-0.571	-0.463	-0.351	-0.581	-0.379	-0.439	-0.440	-0.548	-0.455	-0.499	-0.468	-0.415	-0.457	-0.589	-0.508	-0.460	-0.683	-0.506	-0.715	-0.680	-0.616	-0.716	-0.673	-0.714	-0.581	-0.602	-0.712	-0.607	-0.733	-0.694	-0.635	-0.608	-0.609	
rs72831529     -1.090	-0.945	-0.945	+0.483	+0.392	-0.940	+0.440	+0.391	+0.487	-0.571	+0.041	-0.492	-0.438	-0.348	-0.457	-0.449	-0.496	-0.397	-0.361	-0.400	-0.375	-0.371	-0.875	-0.853	-0.323	-0.429	-0.887	-0.883	-0.126	-0.912	-0.888	-0.876	-0.876	-0.875	-0.532	+0.054	-0.876	-0.864	-0.859	-0.872	-0.868	-0.868	-0.868	-0.868	-0.868	-0.859	-0.869	-0.855	-0.860	-0.866	-0.481	-0.711	-0.643	-0.806	-0.452	-0.652	-0.859	-0.646	-0.859	-0.660	-0.399	-0.814	-0.470	-0.826	-0.811	-0.699	-0.359	-0.862	-0.699	-0.383	-0.808	-0.684	-0.685	-0.314	-0.854	-0.791	-0.866	-0.787	-0.865	-0.948	-0.911	-0.868	-1.026	-0.909	-1.104	-1.022	-0.979	-1.099	-1.018	-1.091	-0.958	-0.981	-1.089	-1.013	-1.119	-1.067	-1.023	-0.987	-0.988	
rs76227175     -0.783	-0.671	-0.671	+0.866	+0.771	-0.640	+0.821	+0.770	+0.871	-0.248	+0.401	-0.179	-0.124	-0.032	-0.143	-0.134	-0.183	-0.081	-0.044	-0.085	-0.059	-0.053	-0.569	-0.547	-0.002	-0.115	-0.588	-0.584	+0.200	-0.613	-0.589	-0.577	-0.577	-0.576	-0.192	+0.391	-0.825	-0.831	-0.833	-0.822	-0.825	-0.825	-0.825	-0.825	-0.825	-0.830	-0.819	-0.551	-0.556	-0.818	-0.673	-0.377	-0.806	-0.314	-0.680	-0.449	-0.557	-0.444	-0.557	-0.457	-0.661	-0.431	-0.684	-0.436	-0.429	-0.292	-0.645	-0.560	-0.291	-0.655	-0.428	-0.476	-0.477	-0.621	-0.551	-0.557	-0.563	-0.479	-0.554	-0.673	-0.603	-0.557	-0.765	-0.601	-0.811	-0.761	-0.702	-0.807	-0.754	-0.801	-0.671	-0.693	-0.799	-0.704	-0.825	-0.778	-0.728	-0.699	-0.699	
rs4663034      -0.905	-0.768	-0.768	+0.727	+0.633	-0.741	+0.683	+0.631	+0.730	-0.376	+0.249	-0.359	-0.308	-0.221	-0.325	-0.318	-0.363	-0.270	-0.236	-0.273	-0.249	-0.237	-0.645	-0.621	-0.197	-0.300	-0.708	-0.704	-0.023	-0.733	-0.710	-0.698	-0.698	-0.698	-0.346	+0.142	-0.569	-0.610	-0.624	-0.541	-0.555	-0.555	-0.556	-0.557	-0.557	-0.598	-0.522	-0.689	-0.692	-0.514	-0.625	-0.604	-0.452	-0.680	-0.443	-0.624	-0.694	-0.620	-0.694	-0.630	-0.587	-0.687	-0.591	-0.694	-0.684	-0.605	-0.571	-0.695	-0.605	-0.579	-0.682	-0.646	-0.647	-0.562	-0.688	-0.709	-0.689	-0.649	-0.702	-0.757	-0.736	-0.704	-0.782	-0.734	-0.918	-0.776	-0.788	-0.884	-0.782	-0.854	-0.773	-0.796	-0.851	-0.760	-0.906	-0.821	-0.836	-0.802	-0.802	
