## Summary of overall evidence for association with region:
## log10(BF for region) = -0.453606
## p-value for region = NA

## BFs for choosing among multi-SNP models:
## log10(average 1-SNP BF) = -0.38609
## log10(average 2-SNP BF) = -0.631695

## Example posterior probabilities for multi-SNP models, based on default prior: [p(l) propto 0.5^l for l=1,2,...,L]
## posterior probability of 1-SNP = 0.778798
## posterior probability of 2-SNP = 0.221202

## log10(BF) for single SNP and pair of SNPs:
rs113893746    -0.462	-0.582	-0.582	-0.583	-0.581	-0.593	-0.575	-0.582	-0.583	-0.583	-0.592	-0.584	-0.581	-0.560	-0.499	-0.091	-0.712	-0.896	-0.894	-0.719	-0.719	-0.710	-0.730	-0.712	-0.728	-0.121	-0.717	-0.720	-0.720	-0.757	-0.750	-0.717	-0.139	-0.754	-0.740	-0.864	-0.899	-0.896	-0.858	-0.697	-0.758	-0.495	-0.541	-0.951	-0.738	-0.896	-0.735	-0.672	-0.709	-0.964	-0.704	-0.700	-0.888	-0.698	-0.869	-0.877	-0.911	-0.912	-0.857	-0.707	-0.707	-0.707	-0.681	-0.793	-0.786	-0.755	-0.916	-0.897	-0.706	-0.706	-0.709	-0.710	-0.699	-0.708	-0.699	-0.698	-0.698	-0.697	-0.692	-0.688	-0.688	-0.687	-0.687	-0.686	-0.720	-0.707	-0.705	-0.704	-0.787	-0.785	-0.816	-0.777	-0.799	-0.775	-0.748	-0.907	-0.915	-0.907	-0.760	-0.914	-0.657	-0.859	-0.807	-0.746	-0.746	-0.890	-0.945	-0.896	-0.854	-0.859	-0.723	-0.501	-0.850	-0.840	-0.843	-0.727	-0.473	-0.838	-0.613	-0.657	-0.715	-0.839	-0.839	-0.839	-0.472	-0.807	-0.842	-0.807	-0.711	-0.457	-0.838	-0.839	-0.834	-0.709	-0.703	-0.578	-0.839	-0.839	-0.714	-0.714	-0.923	-0.492	-0.618	-0.724	-0.715	-0.845	-0.840	-0.759	-0.765	-0.842	-0.839	-0.841	-0.840	-0.820	-0.444	-0.624	-0.440	-0.868	-0.661	-0.716	
rs6930814      -0.582	-0.462	-0.580	-0.580	-0.580	-0.591	-0.575	-0.582	-0.581	-0.585	-0.592	-0.582	-0.582	-0.556	-0.498	-0.091	-0.712	-0.897	-0.894	-0.719	-0.719	-0.710	-0.730	-0.713	-0.729	-0.121	-0.717	-0.721	-0.720	-0.757	-0.750	-0.717	-0.139	-0.754	-0.740	-0.864	-0.899	-0.896	-0.858	-0.697	-0.758	-0.495	-0.541	-0.951	-0.738	-0.896	-0.735	-0.672	-0.709	-0.964	-0.704	-0.700	-0.888	-0.698	-0.869	-0.877	-0.911	-0.912	-0.857	-0.706	-0.707	-0.706	-0.681	-0.793	-0.786	-0.755	-0.916	-0.897	-0.706	-0.706	-0.709	-0.710	-0.699	-0.708	-0.699	-0.698	-0.698	-0.697	-0.692	-0.688	-0.688	-0.687	-0.687	-0.686	-0.720	-0.707	-0.705	-0.704	-0.787	-0.785	-0.816	-0.776	-0.799	-0.775	-0.748	-0.907	-0.915	-0.907	-0.760	-0.914	-0.657	-0.859	-0.807	-0.746	-0.746	-0.890	-0.945	-0.896	-0.854	-0.859	-0.723	-0.501	-0.850	-0.840	-0.843	-0.727	-0.473	-0.838	-0.613	-0.657	-0.715	-0.839	-0.839	-0.839	-0.472	-0.807	-0.842	-0.807	-0.711	-0.457	-0.838	-0.839	-0.834	-0.709	-0.703	-0.578	-0.839	-0.839	-0.714	-0.714	-0.923	-0.492	-0.618	-0.724	-0.715	-0.845	-0.840	-0.759	-0.765	-0.842	-0.839	-0.841	-0.840	-0.820	-0.444	-0.624	-0.440	-0.868	-0.661	-0.715	
rs73717014     -0.582	-0.580	-0.462	-0.580	-0.580	-0.591	-0.575	-0.582	-0.581	-0.585	-0.592	-0.582	-0.582	-0.556	-0.498	-0.091	-0.712	-0.897	-0.894	-0.719	-0.719	-0.710	-0.730	-0.713	-0.729	-0.121	-0.717	-0.721	-0.720	-0.757	-0.750	-0.717	-0.139	-0.754	-0.740	-0.864	-0.899	-0.896	-0.858	-0.697	-0.758	-0.495	-0.541	-0.951	-0.738	-0.896	-0.735	-0.672	-0.709	-0.964	-0.704	-0.700	-0.888	-0.698	-0.869	-0.877	-0.911	-0.912	-0.857	-0.706	-0.707	-0.706	-0.681	-0.793	-0.786	-0.755	-0.916	-0.897	-0.706	-0.706	-0.709	-0.710	-0.699	-0.708	-0.699	-0.698	-0.698	-0.697	-0.692	-0.688	-0.688	-0.687	-0.687	-0.686	-0.720	-0.707	-0.705	-0.704	-0.787	-0.785	-0.816	-0.776	-0.799	-0.775	-0.748	-0.907	-0.915	-0.907	-0.760	-0.914	-0.657	-0.859	-0.807	-0.746	-0.746	-0.890	-0.945	-0.896	-0.854	-0.859	-0.723	-0.501	-0.850	-0.840	-0.843	-0.727	-0.473	-0.838	-0.613	-0.657	-0.715	-0.839	-0.839	-0.839	-0.472	-0.807	-0.842	-0.807	-0.711	-0.457	-0.838	-0.839	-0.834	-0.709	-0.703	-0.578	-0.839	-0.839	-0.714	-0.714	-0.923	-0.492	-0.618	-0.724	-0.715	-0.845	-0.840	-0.759	-0.765	-0.842	-0.839	-0.841	-0.840	-0.820	-0.444	-0.624	-0.440	-0.868	-0.661	-0.715	
rs6903891      -0.583	-0.580	-0.580	-0.461	-0.576	-0.589	-0.569	-0.581	-0.580	-0.581	-0.590	-0.580	-0.581	-0.561	-0.499	-0.091	-0.711	-0.896	-0.893	-0.718	-0.718	-0.709	-0.729	-0.712	-0.728	-0.121	-0.717	-0.720	-0.719	-0.756	-0.749	-0.716	-0.139	-0.753	-0.739	-0.864	-0.899	-0.895	-0.857	-0.696	-0.758	-0.494	-0.540	-0.950	-0.738	-0.895	-0.734	-0.672	-0.708	-0.963	-0.704	-0.699	-0.887	-0.697	-0.869	-0.876	-0.911	-0.912	-0.857	-0.706	-0.706	-0.706	-0.681	-0.792	-0.785	-0.754	-0.915	-0.896	-0.705	-0.705	-0.709	-0.710	-0.699	-0.708	-0.699	-0.697	-0.697	-0.697	-0.692	-0.687	-0.687	-0.687	-0.687	-0.685	-0.719	-0.706	-0.704	-0.704	-0.787	-0.784	-0.815	-0.776	-0.798	-0.774	-0.748	-0.906	-0.914	-0.906	-0.760	-0.913	-0.657	-0.858	-0.806	-0.745	-0.745	-0.890	-0.944	-0.895	-0.853	-0.859	-0.723	-0.500	-0.849	-0.839	-0.842	-0.727	-0.472	-0.838	-0.612	-0.656	-0.714	-0.838	-0.838	-0.839	-0.471	-0.807	-0.842	-0.806	-0.710	-0.456	-0.838	-0.839	-0.833	-0.708	-0.702	-0.577	-0.839	-0.839	-0.714	-0.714	-0.922	-0.492	-0.617	-0.723	-0.715	-0.844	-0.839	-0.758	-0.764	-0.842	-0.838	-0.841	-0.840	-0.819	-0.443	-0.623	-0.439	-0.867	-0.660	-0.715	
rs7771984      -0.581	-0.580	-0.580	-0.576	-0.465	-0.587	-0.585	-0.576	-0.583	-0.585	-0.592	-0.578	-0.573	-0.528	-0.490	-0.090	-0.716	-0.900	-0.898	-0.723	-0.723	-0.714	-0.734	-0.717	-0.733	-0.121	-0.721	-0.724	-0.724	-0.760	-0.754	-0.721	-0.138	-0.758	-0.744	-0.865	-0.901	-0.897	-0.860	-0.702	-0.762	-0.497	-0.545	-0.954	-0.741	-0.899	-0.738	-0.676	-0.711	-0.966	-0.706	-0.702	-0.890	-0.700	-0.872	-0.879	-0.914	-0.915	-0.860	-0.709	-0.709	-0.709	-0.683	-0.796	-0.788	-0.758	-0.918	-0.899	-0.708	-0.708	-0.712	-0.712	-0.701	-0.711	-0.701	-0.700	-0.700	-0.699	-0.695	-0.690	-0.690	-0.690	-0.689	-0.688	-0.722	-0.709	-0.707	-0.707	-0.789	-0.787	-0.818	-0.779	-0.801	-0.777	-0.750	-0.910	-0.918	-0.910	-0.763	-0.917	-0.660	-0.862	-0.810	-0.748	-0.748	-0.893	-0.947	-0.899	-0.856	-0.862	-0.725	-0.504	-0.852	-0.842	-0.845	-0.729	-0.476	-0.841	-0.616	-0.659	-0.717	-0.842	-0.842	-0.842	-0.475	-0.810	-0.845	-0.809	-0.713	-0.460	-0.841	-0.842	-0.836	-0.711	-0.705	-0.581	-0.842	-0.842	-0.716	-0.717	-0.925	-0.495	-0.621	-0.726	-0.718	-0.848	-0.842	-0.762	-0.768	-0.845	-0.841	-0.844	-0.843	-0.823	-0.447	-0.627	-0.443	-0.869	-0.663	-0.718	
rs7748519      -0.593	-0.591	-0.591	-0.589	-0.587	-0.464	-0.584	-0.590	-0.592	-0.589	-0.596	-0.590	-0.588	-0.552	-0.496	-0.092	-0.714	-0.899	-0.896	-0.722	-0.722	-0.712	-0.732	-0.715	-0.731	-0.122	-0.720	-0.723	-0.722	-0.759	-0.752	-0.719	-0.140	-0.756	-0.742	-0.865	-0.901	-0.897	-0.859	-0.700	-0.761	-0.496	-0.543	-0.953	-0.740	-0.898	-0.737	-0.674	-0.710	-0.965	-0.706	-0.701	-0.889	-0.699	-0.871	-0.878	-0.913	-0.914	-0.859	-0.708	-0.708	-0.708	-0.683	-0.795	-0.788	-0.757	-0.918	-0.899	-0.708	-0.707	-0.711	-0.712	-0.701	-0.710	-0.701	-0.700	-0.699	-0.699	-0.694	-0.690	-0.689	-0.689	-0.689	-0.688	-0.722	-0.709	-0.706	-0.706	-0.789	-0.786	-0.818	-0.778	-0.800	-0.777	-0.750	-0.909	-0.917	-0.909	-0.762	-0.916	-0.659	-0.861	-0.809	-0.747	-0.748	-0.892	-0.946	-0.898	-0.855	-0.861	-0.725	-0.503	-0.851	-0.842	-0.845	-0.729	-0.475	-0.840	-0.615	-0.659	-0.717	-0.841	-0.841	-0.841	-0.474	-0.809	-0.844	-0.808	-0.713	-0.459	-0.840	-0.841	-0.835	-0.710	-0.704	-0.580	-0.841	-0.841	-0.716	-0.716	-0.924	-0.494	-0.620	-0.726	-0.717	-0.847	-0.842	-0.761	-0.767	-0.844	-0.841	-0.843	-0.842	-0.822	-0.446	-0.626	-0.442	-0.869	-0.663	-0.717	
rs7748540      -0.575	-0.575	-0.575	-0.569	-0.585	-0.584	-0.466	-0.568	-0.580	-0.585	-0.591	-0.572	-0.564	-0.509	-0.484	-0.090	-0.718	-0.902	-0.900	-0.726	-0.725	-0.716	-0.736	-0.719	-0.735	-0.120	-0.723	-0.726	-0.726	-0.762	-0.756	-0.723	-0.138	-0.760	-0.746	-0.866	-0.901	-0.898	-0.861	-0.705	-0.764	-0.499	-0.547	-0.956	-0.742	-0.900	-0.739	-0.677	-0.712	-0.967	-0.708	-0.703	-0.891	-0.701	-0.873	-0.880	-0.915	-0.916	-0.861	-0.710	-0.710	-0.710	-0.685	-0.797	-0.790	-0.759	-0.919	-0.901	-0.709	-0.709	-0.713	-0.714	-0.702	-0.712	-0.702	-0.701	-0.701	-0.701	-0.696	-0.691	-0.691	-0.691	-0.691	-0.689	-0.723	-0.710	-0.708	-0.708	-0.790	-0.788	-0.820	-0.780	-0.802	-0.778	-0.751	-0.912	-0.919	-0.911	-0.764	-0.918	-0.661	-0.864	-0.811	-0.749	-0.749	-0.894	-0.948	-0.900	-0.858	-0.864	-0.727	-0.505	-0.854	-0.844	-0.847	-0.731	-0.477	-0.842	-0.617	-0.661	-0.718	-0.843	-0.843	-0.843	-0.477	-0.811	-0.846	-0.810	-0.714	-0.462	-0.843	-0.844	-0.837	-0.712	-0.706	-0.583	-0.843	-0.843	-0.717	-0.718	-0.926	-0.497	-0.623	-0.727	-0.719	-0.849	-0.843	-0.763	-0.769	-0.846	-0.842	-0.845	-0.844	-0.824	-0.448	-0.628	-0.444	-0.870	-0.665	-0.719	
rs56060084     -0.582	-0.582	-0.582	-0.581	-0.576	-0.590	-0.568	-0.461	-0.580	-0.578	-0.588	-0.581	-0.579	-0.562	-0.500	-0.091	-0.711	-0.895	-0.893	-0.718	-0.718	-0.709	-0.729	-0.711	-0.727	-0.121	-0.716	-0.719	-0.719	-0.756	-0.749	-0.716	-0.139	-0.753	-0.739	-0.864	-0.899	-0.895	-0.857	-0.696	-0.757	-0.494	-0.540	-0.950	-0.738	-0.895	-0.734	-0.671	-0.708	-0.963	-0.704	-0.699	-0.887	-0.697	-0.869	-0.876	-0.910	-0.912	-0.857	-0.706	-0.706	-0.706	-0.681	-0.792	-0.785	-0.754	-0.915	-0.896	-0.705	-0.705	-0.709	-0.710	-0.698	-0.708	-0.698	-0.697	-0.697	-0.697	-0.692	-0.687	-0.687	-0.687	-0.687	-0.685	-0.719	-0.706	-0.704	-0.704	-0.786	-0.784	-0.815	-0.776	-0.798	-0.774	-0.748	-0.906	-0.914	-0.906	-0.760	-0.913	-0.657	-0.858	-0.806	-0.745	-0.745	-0.889	-0.944	-0.895	-0.853	-0.859	-0.723	-0.500	-0.849	-0.839	-0.842	-0.727	-0.472	-0.838	-0.612	-0.656	-0.714	-0.838	-0.838	-0.838	-0.471	-0.807	-0.841	-0.806	-0.710	-0.456	-0.838	-0.839	-0.833	-0.708	-0.702	-0.577	-0.838	-0.839	-0.714	-0.714	-0.922	-0.492	-0.617	-0.723	-0.715	-0.844	-0.839	-0.758	-0.764	-0.841	-0.838	-0.840	-0.839	-0.819	-0.443	-0.623	-0.439	-0.867	-0.660	-0.715	
rs55894727     -0.583	-0.581	-0.581	-0.580	-0.583	-0.592	-0.580	-0.580	-0.463	-0.586	-0.594	-0.580	-0.579	-0.546	-0.495	-0.091	-0.713	-0.897	-0.895	-0.720	-0.720	-0.711	-0.731	-0.714	-0.730	-0.121	-0.718	-0.722	-0.721	-0.758	-0.751	-0.718	-0.139	-0.755	-0.741	-0.864	-0.900	-0.896	-0.858	-0.699	-0.759	-0.495	-0.542	-0.952	-0.739	-0.897	-0.736	-0.673	-0.709	-0.964	-0.705	-0.700	-0.888	-0.698	-0.870	-0.877	-0.912	-0.913	-0.858	-0.707	-0.707	-0.707	-0.682	-0.794	-0.786	-0.755	-0.917	-0.898	-0.706	-0.706	-0.710	-0.711	-0.700	-0.709	-0.700	-0.698	-0.698	-0.698	-0.693	-0.689	-0.688	-0.688	-0.688	-0.687	-0.721	-0.708	-0.705	-0.705	-0.788	-0.785	-0.817	-0.777	-0.799	-0.776	-0.749	-0.908	-0.916	-0.907	-0.761	-0.915	-0.658	-0.860	-0.808	-0.746	-0.746	-0.891	-0.945	-0.897	-0.854	-0.860	-0.724	-0.502	-0.850	-0.841	-0.843	-0.728	-0.474	-0.839	-0.614	-0.657	-0.716	-0.840	-0.840	-0.840	-0.473	-0.808	-0.843	-0.807	-0.711	-0.458	-0.839	-0.840	-0.834	-0.709	-0.703	-0.579	-0.840	-0.840	-0.715	-0.715	-0.923	-0.493	-0.619	-0.725	-0.716	-0.846	-0.840	-0.760	-0.766	-0.843	-0.839	-0.842	-0.841	-0.821	-0.445	-0.625	-0.441	-0.868	-0.661	-0.716	
rs59126313     -0.583	-0.585	-0.585	-0.581	-0.585	-0.589	-0.585	-0.578	-0.586	-0.464	-0.592	-0.583	-0.575	-0.535	-0.492	-0.091	-0.715	-0.900	-0.897	-0.723	-0.723	-0.714	-0.733	-0.716	-0.732	-0.121	-0.721	-0.724	-0.723	-0.760	-0.753	-0.720	-0.139	-0.757	-0.743	-0.865	-0.901	-0.897	-0.860	-0.702	-0.762	-0.497	-0.545	-0.954	-0.741	-0.898	-0.737	-0.675	-0.711	-0.966	-0.706	-0.702	-0.890	-0.700	-0.872	-0.879	-0.913	-0.915	-0.860	-0.709	-0.709	-0.709	-0.683	-0.796	-0.788	-0.757	-0.918	-0.899	-0.708	-0.708	-0.712	-0.712	-0.701	-0.711	-0.701	-0.700	-0.700	-0.699	-0.695	-0.690	-0.690	-0.690	-0.689	-0.688	-0.722	-0.709	-0.707	-0.707	-0.789	-0.787	-0.818	-0.779	-0.801	-0.777	-0.750	-0.910	-0.918	-0.909	-0.763	-0.917	-0.660	-0.862	-0.810	-0.748	-0.748	-0.893	-0.947	-0.898	-0.856	-0.862	-0.725	-0.504	-0.852	-0.842	-0.845	-0.729	-0.476	-0.841	-0.615	-0.659	-0.717	-0.841	-0.842	-0.842	-0.475	-0.810	-0.845	-0.809	-0.713	-0.460	-0.841	-0.842	-0.836	-0.711	-0.705	-0.581	-0.841	-0.842	-0.716	-0.716	-0.925	-0.495	-0.621	-0.726	-0.717	-0.848	-0.842	-0.762	-0.768	-0.845	-0.841	-0.844	-0.842	-0.823	-0.447	-0.627	-0.442	-0.869	-0.663	-0.718	
rs76643298     -0.592	-0.592	-0.592	-0.590	-0.592	-0.596	-0.591	-0.588	-0.594	-0.592	-0.465	-0.591	-0.586	-0.544	-0.494	-0.092	-0.715	-0.900	-0.898	-0.723	-0.723	-0.714	-0.733	-0.716	-0.732	-0.122	-0.721	-0.724	-0.724	-0.760	-0.753	-0.720	-0.140	-0.757	-0.744	-0.866	-0.901	-0.898	-0.860	-0.702	-0.762	-0.497	-0.545	-0.955	-0.741	-0.899	-0.738	-0.676	-0.711	-0.966	-0.707	-0.702	-0.890	-0.700	-0.872	-0.879	-0.914	-0.915	-0.860	-0.709	-0.709	-0.709	-0.684	-0.796	-0.789	-0.758	-0.918	-0.900	-0.708	-0.708	-0.712	-0.713	-0.702	-0.711	-0.702	-0.700	-0.700	-0.700	-0.695	-0.690	-0.690	-0.690	-0.690	-0.688	-0.722	-0.709	-0.707	-0.707	-0.789	-0.787	-0.818	-0.779	-0.801	-0.777	-0.751	-0.910	-0.918	-0.910	-0.763	-0.917	-0.660	-0.862	-0.810	-0.748	-0.748	-0.893	-0.947	-0.899	-0.856	-0.862	-0.726	-0.504	-0.852	-0.843	-0.845	-0.730	-0.476	-0.841	-0.616	-0.659	-0.717	-0.842	-0.842	-0.842	-0.475	-0.810	-0.845	-0.809	-0.713	-0.460	-0.841	-0.842	-0.836	-0.711	-0.705	-0.581	-0.842	-0.842	-0.717	-0.717	-0.925	-0.495	-0.621	-0.726	-0.718	-0.848	-0.842	-0.762	-0.768	-0.845	-0.841	-0.844	-0.843	-0.823	-0.447	-0.627	-0.443	-0.870	-0.664	-0.718	
rs143874523    -0.584	-0.582	-0.582	-0.580	-0.578	-0.590	-0.572	-0.581	-0.580	-0.583	-0.591	-0.462	-0.580	-0.555	-0.498	-0.091	-0.711	-0.896	-0.894	-0.719	-0.719	-0.710	-0.729	-0.712	-0.728	-0.121	-0.717	-0.720	-0.720	-0.756	-0.750	-0.717	-0.139	-0.754	-0.740	-0.864	-0.899	-0.896	-0.857	-0.697	-0.758	-0.494	-0.540	-0.951	-0.738	-0.896	-0.735	-0.672	-0.708	-0.963	-0.704	-0.699	-0.888	-0.698	-0.869	-0.877	-0.911	-0.912	-0.857	-0.706	-0.706	-0.706	-0.681	-0.793	-0.785	-0.754	-0.916	-0.897	-0.706	-0.705	-0.709	-0.710	-0.699	-0.708	-0.699	-0.698	-0.697	-0.697	-0.692	-0.688	-0.688	-0.687	-0.687	-0.686	-0.720	-0.707	-0.705	-0.704	-0.787	-0.785	-0.816	-0.776	-0.799	-0.775	-0.748	-0.907	-0.915	-0.906	-0.760	-0.914	-0.657	-0.858	-0.807	-0.745	-0.746	-0.890	-0.944	-0.896	-0.853	-0.859	-0.723	-0.501	-0.849	-0.840	-0.842	-0.727	-0.473	-0.838	-0.613	-0.656	-0.715	-0.839	-0.839	-0.839	-0.472	-0.807	-0.842	-0.806	-0.711	-0.457	-0.838	-0.839	-0.833	-0.708	-0.702	-0.578	-0.839	-0.839	-0.714	-0.714	-0.922	-0.492	-0.617	-0.724	-0.715	-0.845	-0.840	-0.759	-0.765	-0.842	-0.839	-0.841	-0.840	-0.820	-0.444	-0.624	-0.439	-0.868	-0.660	-0.715	
rs58282599     -0.581	-0.582	-0.582	-0.581	-0.573	-0.588	-0.564	-0.579	-0.579	-0.575	-0.586	-0.580	-0.461	-0.565	-0.501	-0.091	-0.710	-0.895	-0.893	-0.717	-0.717	-0.708	-0.728	-0.711	-0.727	-0.121	-0.716	-0.719	-0.718	-0.755	-0.748	-0.715	-0.139	-0.752	-0.739	-0.863	-0.899	-0.895	-0.856	-0.695	-0.757	-0.493	-0.539	-0.950	-0.737	-0.894	-0.734	-0.671	-0.707	-0.962	-0.703	-0.699	-0.887	-0.697	-0.868	-0.876	-0.910	-0.911	-0.856	-0.705	-0.705	-0.705	-0.680	-0.791	-0.784	-0.753	-0.915	-0.896	-0.705	-0.704	-0.708	-0.709	-0.698	-0.707	-0.698	-0.697	-0.696	-0.696	-0.691	-0.687	-0.687	-0.686	-0.686	-0.685	-0.719	-0.706	-0.704	-0.703	-0.786	-0.784	-0.815	-0.775	-0.798	-0.774	-0.747	-0.905	-0.913	-0.905	-0.759	-0.912	-0.656	-0.857	-0.806	-0.745	-0.745	-0.889	-0.943	-0.895	-0.852	-0.858	-0.722	-0.500	-0.848	-0.839	-0.841	-0.726	-0.471	-0.837	-0.612	-0.655	-0.714	-0.837	-0.838	-0.838	-0.471	-0.806	-0.841	-0.805	-0.710	-0.456	-0.837	-0.838	-0.832	-0.708	-0.702	-0.576	-0.838	-0.838	-0.713	-0.713	-0.921	-0.491	-0.616	-0.723	-0.714	-0.844	-0.839	-0.757	-0.764	-0.841	-0.838	-0.840	-0.839	-0.819	-0.442	-0.623	-0.438	-0.867	-0.659	-0.714	
rs76936688     -0.560	-0.556	-0.556	-0.561	-0.528	-0.552	-0.509	-0.562	-0.546	-0.535	-0.544	-0.555	-0.565	-0.431	-0.507	-0.079	-0.674	-0.862	-0.859	-0.681	-0.681	-0.672	-0.692	-0.674	-0.691	-0.109	-0.681	-0.684	-0.684	-0.721	-0.714	-0.680	-0.127	-0.718	-0.705	-0.842	-0.877	-0.873	-0.830	-0.655	-0.723	-0.468	-0.506	-0.918	-0.711	-0.866	-0.706	-0.639	-0.683	-0.936	-0.679	-0.674	-0.860	-0.672	-0.842	-0.849	-0.884	-0.885	-0.830	-0.680	-0.680	-0.680	-0.656	-0.762	-0.756	-0.725	-0.888	-0.869	-0.680	-0.679	-0.683	-0.684	-0.673	-0.682	-0.673	-0.672	-0.671	-0.671	-0.666	-0.662	-0.662	-0.661	-0.661	-0.660	-0.694	-0.681	-0.679	-0.678	-0.761	-0.759	-0.788	-0.750	-0.772	-0.749	-0.722	-0.877	-0.885	-0.876	-0.732	-0.884	-0.630	-0.828	-0.779	-0.719	-0.719	-0.861	-0.917	-0.867	-0.824	-0.830	-0.697	-0.470	-0.820	-0.812	-0.812	-0.701	-0.442	-0.811	-0.584	-0.627	-0.689	-0.809	-0.809	-0.810	-0.442	-0.780	-0.813	-0.779	-0.685	-0.426	-0.809	-0.810	-0.806	-0.683	-0.677	-0.548	-0.812	-0.812	-0.688	-0.688	-0.896	-0.462	-0.588	-0.698	-0.689	-0.815	-0.812	-0.728	-0.734	-0.813	-0.811	-0.811	-0.812	-0.790	-0.413	-0.595	-0.409	-0.844	-0.632	-0.689	
rs77715289     -0.499	-0.498	-0.498	-0.499	-0.490	-0.496	-0.484	-0.500	-0.495	-0.492	-0.494	-0.498	-0.501	-0.507	-0.173	+0.129	-0.433	-0.634	-0.632	-0.441	-0.441	-0.431	-0.452	-0.434	-0.451	+0.100	-0.438	-0.441	-0.441	-0.481	-0.473	-0.437	+0.082	-0.478	-0.467	-0.612	-0.648	-0.645	-0.608	-0.447	-0.483	-0.221	-0.254	-0.683	-0.488	-0.649	-0.479	-0.403	-0.465	-0.717	-0.461	-0.457	-0.650	-0.455	-0.633	-0.639	-0.671	-0.672	-0.622	-0.462	-0.462	-0.462	-0.438	-0.536	-0.544	-0.514	-0.658	-0.648	-0.461	-0.461	-0.465	-0.465	-0.455	-0.463	-0.454	-0.453	-0.453	-0.452	-0.448	-0.443	-0.443	-0.442	-0.442	-0.441	-0.475	-0.462	-0.460	-0.460	-0.536	-0.534	-0.567	-0.525	-0.548	-0.524	-0.496	-0.658	-0.666	-0.657	-0.510	-0.665	-0.410	-0.609	-0.557	-0.503	-0.503	-0.634	-0.697	-0.640	-0.594	-0.600	-0.482	-0.236	-0.589	-0.592	-0.580	-0.486	-0.207	-0.591	-0.353	-0.398	-0.474	-0.577	-0.577	-0.577	-0.206	-0.565	-0.581	-0.564	-0.470	-0.190	-0.576	-0.577	-0.587	-0.468	-0.462	-0.332	-0.592	-0.592	-0.473	-0.474	-0.673	-0.227	-0.372	-0.483	-0.475	-0.584	-0.592	-0.491	-0.497	-0.581	-0.591	-0.579	-0.592	-0.556	-0.176	-0.364	-0.172	-0.617	-0.402	-0.475	
rs2794563      -0.091	-0.091	-0.091	-0.091	-0.090	-0.092	-0.090	-0.091	-0.091	-0.091	-0.092	-0.091	-0.091	-0.079	+0.129	+0.274	-0.137	-0.225	-0.225	-0.141	-0.141	-0.136	-0.147	-0.137	-0.145	+0.128	-0.142	-0.144	-0.144	-0.161	-0.158	-0.142	+0.119	-0.160	-0.153	-0.176	-0.145	-0.149	-0.114	-0.210	-0.160	+0.007	-0.082	-0.045	-0.046	-0.120	-0.014	-0.050	-0.039	-0.204	-0.037	-0.034	-0.226	-0.032	-0.223	-0.223	-0.220	-0.218	-0.224	-0.035	-0.035	-0.035	-0.017	-0.117	-0.143	-0.121	-0.226	-0.148	+0.106	+0.106	+0.101	+0.100	+0.101	+0.103	+0.115	+0.117	+0.118	+0.118	+0.125	+0.131	+0.131	+0.132	+0.132	+0.134	+0.090	+0.108	+0.111	+0.112	-0.112	-0.109	-0.121	-0.102	-0.123	-0.101	-0.075	-0.241	-0.246	-0.240	-0.064	-0.245	+0.142	-0.196	-0.118	-0.048	-0.048	-0.175	-0.250	-0.182	-0.134	-0.134	-0.024	+0.263	-0.122	-0.144	-0.112	-0.028	+0.298	-0.143	+0.145	+0.095	-0.016	-0.109	-0.109	-0.109	+0.298	-0.116	-0.113	-0.115	-0.011	+0.316	-0.108	-0.109	-0.139	-0.009	-0.003	+0.179	-0.144	-0.144	-0.015	-0.015	-0.230	+0.276	+0.133	-0.024	-0.016	-0.116	-0.144	-0.021	-0.027	-0.113	-0.143	-0.112	-0.144	-0.087	+0.331	+0.128	+0.335	-0.163	+0.090	-0.016	
rs12197076     -0.712	-0.712	-0.712	-0.711	-0.716	-0.714	-0.718	-0.711	-0.713	-0.715	-0.715	-0.711	-0.710	-0.674	-0.433	-0.137	-0.388	-0.732	-0.733	-0.509	-0.510	-0.510	-0.521	-0.515	-0.529	-0.164	-0.551	-0.554	-0.554	-0.578	-0.581	-0.553	-0.181	-0.580	-0.583	-0.834	-0.854	-0.852	-0.777	-0.720	-0.583	-0.494	-0.577	-0.873	-0.652	-0.822	-0.664	-0.659	-0.625	-0.891	-0.621	-0.616	-0.791	-0.613	-0.766	-0.775	-0.819	-0.820	-0.764	-0.624	-0.624	-0.624	-0.597	-0.726	-0.676	-0.640	-0.857	-0.817	-0.651	-0.650	-0.654	-0.655	-0.645	-0.653	-0.644	-0.643	-0.643	-0.643	-0.638	-0.634	-0.634	-0.633	-0.633	-0.632	-0.665	-0.652	-0.650	-0.650	-0.733	-0.731	-0.777	-0.723	-0.744	-0.722	-0.698	-0.835	-0.843	-0.835	-0.729	-0.842	-0.597	-0.790	-0.766	-0.662	-0.662	-0.830	-0.869	-0.835	-0.797	-0.803	-0.638	-0.454	-0.794	-0.765	-0.789	-0.642	-0.426	-0.762	-0.563	-0.604	-0.629	-0.785	-0.785	-0.785	-0.425	-0.725	-0.788	-0.724	-0.624	-0.411	-0.785	-0.785	-0.756	-0.622	-0.616	-0.471	-0.763	-0.764	-0.628	-0.628	-0.853	-0.445	-0.514	-0.638	-0.629	-0.790	-0.764	-0.710	-0.716	-0.788	-0.763	-0.787	-0.765	-0.768	-0.398	-0.574	-0.394	-0.820	-0.608	-0.629	
rs7753970      -0.896	-0.897	-0.897	-0.896	-0.900	-0.899	-0.902	-0.895	-0.897	-0.900	-0.900	-0.896	-0.895	-0.862	-0.634	-0.225	-0.732	-0.582	-0.714	-0.740	-0.740	-0.729	-0.754	-0.732	-0.754	-0.256	-0.744	-0.748	-0.748	-0.795	-0.788	-0.744	-0.274	-0.792	-0.778	-0.963	-0.994	-0.991	-0.957	-0.764	-0.801	-0.622	-0.671	-1.055	-0.841	-0.999	-0.847	-0.803	-0.812	-1.072	-0.807	-0.802	-0.999	-0.801	-0.980	-0.987	-1.023	-1.024	-0.972	-0.811	-0.812	-0.811	-0.785	-0.906	-0.897	-0.867	-1.031	-1.007	-0.802	-0.802	-0.806	-0.807	-0.796	-0.805	-0.795	-0.794	-0.794	-0.793	-0.788	-0.784	-0.783	-0.783	-0.783	-0.782	-0.818	-0.805	-0.802	-0.802	-0.902	-0.899	-0.934	-0.891	-0.913	-0.890	-0.864	-1.022	-1.030	-1.022	-0.881	-1.029	-0.759	-0.977	-0.925	-0.848	-0.848	-1.007	-1.053	-1.012	-0.973	-0.978	-0.825	-0.626	-0.969	-0.948	-0.963	-0.828	-0.598	-0.946	-0.735	-0.777	-0.816	-0.959	-0.959	-0.960	-0.597	-0.911	-0.962	-0.910	-0.811	-0.582	-0.959	-0.960	-0.941	-0.809	-0.803	-0.686	-0.947	-0.948	-0.815	-0.815	-1.035	-0.617	-0.726	-0.825	-0.816	-0.965	-0.948	-0.883	-0.889	-0.962	-0.947	-0.961	-0.948	-0.941	-0.570	-0.746	-0.565	-0.985	-0.781	-0.816	
rs7755154      -0.894	-0.894	-0.894	-0.893	-0.898	-0.896	-0.900	-0.893	-0.895	-0.897	-0.898	-0.894	-0.893	-0.859	-0.632	-0.225	-0.733	-0.714	-0.580	-0.742	-0.742	-0.731	-0.755	-0.734	-0.755	-0.256	-0.746	-0.750	-0.749	-0.796	-0.789	-0.745	-0.274	-0.793	-0.779	-0.962	-0.993	-0.990	-0.955	-0.765	-0.801	-0.620	-0.671	-1.053	-0.839	-0.997	-0.845	-0.802	-0.809	-1.070	-0.805	-0.800	-0.997	-0.798	-0.978	-0.985	-1.020	-1.022	-0.970	-0.809	-0.809	-0.809	-0.783	-0.904	-0.895	-0.865	-1.029	-1.005	-0.800	-0.800	-0.804	-0.805	-0.794	-0.803	-0.793	-0.792	-0.791	-0.791	-0.786	-0.781	-0.781	-0.781	-0.780	-0.779	-0.816	-0.802	-0.800	-0.799	-0.900	-0.897	-0.933	-0.889	-0.911	-0.888	-0.862	-1.020	-1.028	-1.020	-0.879	-1.027	-0.757	-0.975	-0.923	-0.846	-0.846	-1.005	-1.051	-1.010	-0.971	-0.977	-0.822	-0.624	-0.967	-0.946	-0.961	-0.826	-0.596	-0.944	-0.733	-0.775	-0.813	-0.957	-0.957	-0.958	-0.595	-0.909	-0.960	-0.908	-0.809	-0.580	-0.957	-0.958	-0.938	-0.807	-0.800	-0.684	-0.945	-0.945	-0.812	-0.813	-1.033	-0.615	-0.724	-0.823	-0.814	-0.963	-0.946	-0.881	-0.887	-0.960	-0.945	-0.959	-0.946	-0.939	-0.568	-0.744	-0.564	-0.984	-0.779	-0.814	
rs12204551     -0.719	-0.719	-0.719	-0.718	-0.723	-0.722	-0.726	-0.718	-0.720	-0.723	-0.723	-0.719	-0.717	-0.681	-0.441	-0.141	-0.509	-0.740	-0.742	-0.395	-0.512	-0.508	-0.523	-0.513	-0.531	-0.169	-0.553	-0.555	-0.555	-0.583	-0.585	-0.554	-0.185	-0.585	-0.587	-0.840	-0.861	-0.859	-0.784	-0.724	-0.589	-0.500	-0.579	-0.881	-0.660	-0.829	-0.671	-0.665	-0.633	-0.898	-0.628	-0.623	-0.799	-0.621	-0.774	-0.783	-0.827	-0.828	-0.772	-0.632	-0.632	-0.632	-0.605	-0.733	-0.684	-0.649	-0.864	-0.824	-0.658	-0.658	-0.661	-0.662	-0.652	-0.660	-0.651	-0.650	-0.650	-0.650	-0.645	-0.641	-0.641	-0.640	-0.640	-0.639	-0.672	-0.660	-0.658	-0.657	-0.740	-0.738	-0.784	-0.731	-0.751	-0.729	-0.705	-0.842	-0.851	-0.842	-0.735	-0.850	-0.605	-0.797	-0.773	-0.670	-0.670	-0.837	-0.876	-0.842	-0.805	-0.810	-0.646	-0.461	-0.802	-0.772	-0.796	-0.650	-0.433	-0.770	-0.570	-0.611	-0.636	-0.792	-0.792	-0.792	-0.432	-0.733	-0.795	-0.732	-0.632	-0.418	-0.792	-0.792	-0.764	-0.630	-0.623	-0.479	-0.771	-0.771	-0.636	-0.636	-0.860	-0.452	-0.522	-0.646	-0.637	-0.797	-0.772	-0.717	-0.723	-0.795	-0.770	-0.794	-0.772	-0.775	-0.405	-0.581	-0.401	-0.827	-0.615	-0.637	
rs6927985      -0.719	-0.719	-0.719	-0.718	-0.723	-0.722	-0.725	-0.718	-0.720	-0.723	-0.723	-0.719	-0.717	-0.681	-0.441	-0.141	-0.510	-0.740	-0.742	-0.512	-0.395	-0.508	-0.522	-0.513	-0.530	-0.169	-0.552	-0.555	-0.555	-0.583	-0.585	-0.554	-0.185	-0.585	-0.586	-0.840	-0.861	-0.859	-0.784	-0.724	-0.589	-0.499	-0.579	-0.881	-0.660	-0.829	-0.671	-0.665	-0.633	-0.898	-0.628	-0.623	-0.799	-0.621	-0.774	-0.783	-0.827	-0.828	-0.771	-0.632	-0.632	-0.632	-0.605	-0.733	-0.684	-0.649	-0.864	-0.824	-0.658	-0.657	-0.661	-0.662	-0.652	-0.660	-0.651	-0.650	-0.650	-0.650	-0.645	-0.641	-0.641	-0.640	-0.640	-0.639	-0.672	-0.660	-0.657	-0.657	-0.740	-0.738	-0.784	-0.730	-0.751	-0.729	-0.705	-0.842	-0.850	-0.842	-0.735	-0.850	-0.605	-0.797	-0.773	-0.669	-0.670	-0.837	-0.876	-0.842	-0.804	-0.810	-0.645	-0.461	-0.801	-0.772	-0.796	-0.650	-0.433	-0.770	-0.570	-0.611	-0.636	-0.792	-0.792	-0.792	-0.432	-0.733	-0.795	-0.731	-0.632	-0.418	-0.792	-0.792	-0.764	-0.630	-0.623	-0.478	-0.771	-0.771	-0.636	-0.636	-0.860	-0.452	-0.522	-0.646	-0.637	-0.797	-0.772	-0.717	-0.723	-0.795	-0.770	-0.794	-0.772	-0.775	-0.405	-0.581	-0.401	-0.827	-0.615	-0.637	
rs12195939     -0.710	-0.710	-0.710	-0.709	-0.714	-0.712	-0.716	-0.709	-0.711	-0.714	-0.714	-0.710	-0.708	-0.672	-0.431	-0.136	-0.510	-0.729	-0.731	-0.508	-0.508	-0.386	-0.508	-0.504	-0.518	-0.164	-0.545	-0.547	-0.547	-0.571	-0.575	-0.546	-0.180	-0.573	-0.577	-0.833	-0.853	-0.851	-0.775	-0.719	-0.577	-0.492	-0.577	-0.872	-0.650	-0.820	-0.662	-0.658	-0.624	-0.889	-0.619	-0.614	-0.789	-0.612	-0.764	-0.773	-0.817	-0.819	-0.762	-0.622	-0.622	-0.622	-0.596	-0.724	-0.674	-0.639	-0.856	-0.815	-0.649	-0.649	-0.652	-0.653	-0.644	-0.651	-0.643	-0.642	-0.641	-0.641	-0.636	-0.632	-0.632	-0.632	-0.632	-0.630	-0.663	-0.651	-0.649	-0.649	-0.731	-0.729	-0.775	-0.722	-0.742	-0.721	-0.697	-0.833	-0.842	-0.834	-0.727	-0.841	-0.596	-0.788	-0.765	-0.660	-0.660	-0.829	-0.867	-0.834	-0.796	-0.802	-0.636	-0.453	-0.793	-0.763	-0.787	-0.640	-0.425	-0.761	-0.562	-0.603	-0.627	-0.783	-0.784	-0.784	-0.424	-0.723	-0.786	-0.722	-0.623	-0.409	-0.783	-0.784	-0.755	-0.620	-0.614	-0.468	-0.762	-0.762	-0.626	-0.627	-0.851	-0.443	-0.512	-0.637	-0.628	-0.789	-0.763	-0.709	-0.714	-0.786	-0.761	-0.785	-0.763	-0.766	-0.397	-0.572	-0.393	-0.819	-0.606	-0.628	
rs12205879     -0.730	-0.730	-0.730	-0.729	-0.734	-0.732	-0.736	-0.729	-0.731	-0.733	-0.733	-0.729	-0.728	-0.692	-0.452	-0.147	-0.521	-0.754	-0.755	-0.523	-0.522	-0.508	-0.406	-0.512	-0.535	-0.175	-0.555	-0.558	-0.558	-0.591	-0.592	-0.556	-0.192	-0.592	-0.592	-0.849	-0.870	-0.868	-0.795	-0.730	-0.598	-0.507	-0.583	-0.891	-0.670	-0.840	-0.681	-0.674	-0.644	-0.908	-0.639	-0.634	-0.810	-0.632	-0.785	-0.794	-0.837	-0.839	-0.782	-0.642	-0.642	-0.642	-0.616	-0.743	-0.695	-0.660	-0.874	-0.835	-0.667	-0.667	-0.671	-0.671	-0.662	-0.670	-0.661	-0.660	-0.660	-0.659	-0.655	-0.650	-0.650	-0.650	-0.650	-0.649	-0.681	-0.669	-0.667	-0.667	-0.750	-0.747	-0.793	-0.740	-0.760	-0.739	-0.715	-0.852	-0.861	-0.853	-0.744	-0.860	-0.615	-0.807	-0.782	-0.680	-0.681	-0.847	-0.887	-0.852	-0.814	-0.820	-0.656	-0.471	-0.811	-0.783	-0.806	-0.661	-0.443	-0.780	-0.580	-0.621	-0.647	-0.802	-0.802	-0.802	-0.442	-0.743	-0.805	-0.742	-0.643	-0.428	-0.801	-0.802	-0.775	-0.641	-0.634	-0.490	-0.781	-0.782	-0.647	-0.647	-0.870	-0.462	-0.534	-0.657	-0.648	-0.807	-0.782	-0.727	-0.732	-0.805	-0.781	-0.804	-0.783	-0.785	-0.415	-0.591	-0.411	-0.836	-0.625	-0.648	
rs900398       -0.712	-0.713	-0.713	-0.712	-0.717	-0.715	-0.719	-0.711	-0.714	-0.716	-0.716	-0.712	-0.711	-0.674	-0.434	-0.137	-0.515	-0.732	-0.734	-0.513	-0.513	-0.504	-0.512	-0.388	-0.519	-0.165	-0.545	-0.547	-0.547	-0.572	-0.575	-0.546	-0.182	-0.574	-0.578	-0.835	-0.855	-0.853	-0.777	-0.720	-0.579	-0.494	-0.578	-0.874	-0.653	-0.823	-0.664	-0.660	-0.626	-0.892	-0.621	-0.616	-0.792	-0.614	-0.767	-0.776	-0.820	-0.821	-0.764	-0.625	-0.625	-0.625	-0.598	-0.727	-0.677	-0.641	-0.858	-0.818	-0.651	-0.651	-0.655	-0.655	-0.646	-0.654	-0.645	-0.644	-0.644	-0.643	-0.639	-0.634	-0.634	-0.634	-0.634	-0.633	-0.665	-0.653	-0.651	-0.651	-0.734	-0.731	-0.778	-0.724	-0.744	-0.723	-0.699	-0.835	-0.844	-0.836	-0.730	-0.843	-0.598	-0.791	-0.767	-0.663	-0.663	-0.831	-0.870	-0.836	-0.798	-0.804	-0.639	-0.455	-0.795	-0.765	-0.790	-0.643	-0.427	-0.763	-0.564	-0.605	-0.630	-0.786	-0.786	-0.786	-0.426	-0.726	-0.789	-0.725	-0.625	-0.412	-0.785	-0.786	-0.757	-0.623	-0.617	-0.471	-0.764	-0.764	-0.629	-0.629	-0.854	-0.446	-0.515	-0.639	-0.630	-0.791	-0.765	-0.711	-0.717	-0.789	-0.764	-0.788	-0.766	-0.769	-0.399	-0.575	-0.395	-0.821	-0.609	-0.630	
rs1545849      -0.728	-0.729	-0.729	-0.728	-0.733	-0.731	-0.735	-0.727	-0.730	-0.732	-0.732	-0.728	-0.727	-0.691	-0.451	-0.145	-0.529	-0.754	-0.755	-0.531	-0.530	-0.518	-0.535	-0.519	-0.405	-0.175	-0.556	-0.559	-0.558	-0.590	-0.591	-0.556	-0.191	-0.591	-0.591	-0.848	-0.869	-0.867	-0.794	-0.730	-0.597	-0.507	-0.583	-0.890	-0.669	-0.839	-0.680	-0.673	-0.642	-0.907	-0.638	-0.633	-0.809	-0.631	-0.784	-0.793	-0.836	-0.838	-0.781	-0.641	-0.641	-0.641	-0.615	-0.742	-0.694	-0.659	-0.873	-0.834	-0.666	-0.666	-0.670	-0.670	-0.661	-0.669	-0.660	-0.659	-0.659	-0.658	-0.654	-0.649	-0.649	-0.649	-0.649	-0.648	-0.680	-0.668	-0.666	-0.666	-0.749	-0.746	-0.792	-0.739	-0.759	-0.738	-0.714	-0.852	-0.860	-0.852	-0.743	-0.859	-0.614	-0.807	-0.781	-0.679	-0.680	-0.846	-0.886	-0.851	-0.813	-0.819	-0.656	-0.470	-0.810	-0.781	-0.804	-0.660	-0.442	-0.779	-0.579	-0.620	-0.646	-0.801	-0.801	-0.801	-0.442	-0.742	-0.804	-0.741	-0.642	-0.427	-0.800	-0.801	-0.773	-0.640	-0.633	-0.488	-0.780	-0.781	-0.646	-0.646	-0.869	-0.461	-0.532	-0.656	-0.647	-0.806	-0.781	-0.726	-0.731	-0.804	-0.780	-0.803	-0.782	-0.784	-0.414	-0.590	-0.410	-0.836	-0.624	-0.647	
rs9501863      -0.121	-0.121	-0.121	-0.121	-0.121	-0.122	-0.120	-0.121	-0.121	-0.121	-0.122	-0.121	-0.121	-0.109	+0.100	+0.128	-0.164	-0.256	-0.256	-0.169	-0.169	-0.164	-0.175	-0.165	-0.175	+0.243	-0.170	-0.172	-0.172	-0.193	-0.190	-0.170	+0.158	-0.192	-0.185	-0.200	-0.169	-0.172	-0.143	-0.238	-0.192	-0.033	-0.117	-0.075	-0.076	-0.148	-0.045	-0.077	-0.069	-0.226	-0.066	-0.063	-0.252	-0.061	-0.250	-0.249	-0.250	-0.248	-0.254	-0.065	-0.065	-0.064	-0.046	-0.147	-0.171	-0.149	-0.257	-0.172	+0.072	+0.072	+0.067	+0.066	+0.067	+0.068	+0.081	+0.083	+0.083	+0.084	+0.090	+0.097	+0.097	+0.097	+0.097	+0.099	+0.056	+0.074	+0.077	+0.077	-0.142	-0.140	-0.153	-0.133	-0.154	-0.131	-0.106	-0.271	-0.276	-0.269	-0.097	-0.274	+0.108	-0.225	-0.150	-0.079	-0.079	-0.207	-0.280	-0.214	-0.164	-0.167	-0.056	+0.231	-0.155	-0.174	-0.146	-0.060	+0.265	-0.173	+0.105	+0.056	-0.047	-0.142	-0.142	-0.142	+0.266	-0.145	-0.146	-0.144	-0.043	+0.283	-0.141	-0.143	-0.169	-0.041	-0.034	+0.140	-0.174	-0.174	-0.046	-0.047	-0.260	+0.243	+0.095	-0.056	-0.048	-0.150	-0.174	-0.050	-0.056	-0.146	-0.173	-0.145	-0.175	-0.121	+0.298	+0.089	+0.302	-0.197	+0.051	-0.048	
rs17135340     -0.717	-0.717	-0.717	-0.717	-0.721	-0.720	-0.723	-0.716	-0.718	-0.721	-0.721	-0.717	-0.716	-0.681	-0.438	-0.142	-0.551	-0.744	-0.746	-0.553	-0.552	-0.545	-0.555	-0.545	-0.556	-0.170	-0.393	-0.511	-0.511	-0.544	-0.551	-0.510	-0.187	-0.548	-0.557	-0.838	-0.858	-0.856	-0.781	-0.724	-0.559	-0.503	-0.580	-0.880	-0.656	-0.828	-0.668	-0.663	-0.629	-0.896	-0.625	-0.620	-0.798	-0.618	-0.773	-0.782	-0.825	-0.827	-0.770	-0.628	-0.628	-0.628	-0.601	-0.731	-0.679	-0.644	-0.862	-0.822	-0.656	-0.656	-0.659	-0.660	-0.650	-0.658	-0.649	-0.648	-0.648	-0.648	-0.643	-0.639	-0.639	-0.638	-0.638	-0.637	-0.670	-0.658	-0.656	-0.655	-0.738	-0.736	-0.782	-0.729	-0.749	-0.727	-0.704	-0.841	-0.850	-0.842	-0.734	-0.849	-0.603	-0.797	-0.771	-0.666	-0.666	-0.835	-0.873	-0.840	-0.803	-0.808	-0.642	-0.460	-0.800	-0.769	-0.794	-0.646	-0.432	-0.767	-0.569	-0.610	-0.633	-0.790	-0.790	-0.791	-0.431	-0.729	-0.793	-0.728	-0.628	-0.417	-0.790	-0.791	-0.761	-0.626	-0.620	-0.474	-0.768	-0.768	-0.632	-0.632	-0.857	-0.451	-0.518	-0.642	-0.633	-0.796	-0.769	-0.716	-0.721	-0.793	-0.767	-0.792	-0.769	-0.773	-0.404	-0.579	-0.400	-0.826	-0.613	-0.633	
rs12213592     -0.720	-0.721	-0.721	-0.720	-0.724	-0.723	-0.726	-0.719	-0.722	-0.724	-0.724	-0.720	-0.719	-0.684	-0.441	-0.144	-0.554	-0.748	-0.750	-0.555	-0.555	-0.547	-0.558	-0.547	-0.559	-0.172	-0.511	-0.396	-0.512	-0.548	-0.554	-0.510	-0.189	-0.551	-0.560	-0.841	-0.861	-0.859	-0.784	-0.726	-0.563	-0.505	-0.581	-0.883	-0.659	-0.831	-0.671	-0.666	-0.633	-0.899	-0.628	-0.623	-0.801	-0.621	-0.776	-0.785	-0.829	-0.830	-0.774	-0.631	-0.631	-0.631	-0.605	-0.734	-0.683	-0.647	-0.865	-0.825	-0.659	-0.659	-0.662	-0.663	-0.653	-0.661	-0.653	-0.651	-0.651	-0.651	-0.646	-0.642	-0.642	-0.641	-0.641	-0.640	-0.673	-0.661	-0.659	-0.658	-0.741	-0.739	-0.785	-0.732	-0.752	-0.730	-0.707	-0.844	-0.853	-0.845	-0.737	-0.852	-0.606	-0.800	-0.774	-0.669	-0.669	-0.838	-0.876	-0.843	-0.806	-0.811	-0.645	-0.463	-0.803	-0.772	-0.797	-0.649	-0.435	-0.770	-0.572	-0.613	-0.636	-0.793	-0.793	-0.793	-0.434	-0.732	-0.796	-0.731	-0.632	-0.420	-0.793	-0.794	-0.764	-0.629	-0.623	-0.477	-0.771	-0.771	-0.635	-0.636	-0.860	-0.454	-0.521	-0.646	-0.637	-0.799	-0.772	-0.719	-0.724	-0.796	-0.770	-0.795	-0.772	-0.776	-0.407	-0.582	-0.403	-0.829	-0.616	-0.637	
rs12213751     -0.720	-0.720	-0.720	-0.719	-0.724	-0.722	-0.726	-0.719	-0.721	-0.723	-0.724	-0.720	-0.718	-0.684	-0.441	-0.144	-0.554	-0.748	-0.749	-0.555	-0.555	-0.547	-0.558	-0.547	-0.558	-0.172	-0.511	-0.512	-0.396	-0.547	-0.553	-0.510	-0.189	-0.551	-0.559	-0.841	-0.860	-0.859	-0.784	-0.726	-0.563	-0.505	-0.581	-0.883	-0.659	-0.831	-0.671	-0.666	-0.632	-0.898	-0.628	-0.622	-0.801	-0.620	-0.776	-0.785	-0.828	-0.829	-0.773	-0.631	-0.631	-0.631	-0.604	-0.734	-0.682	-0.647	-0.864	-0.825	-0.658	-0.658	-0.662	-0.662	-0.653	-0.661	-0.652	-0.651	-0.651	-0.650	-0.646	-0.642	-0.641	-0.641	-0.641	-0.640	-0.672	-0.660	-0.658	-0.658	-0.741	-0.738	-0.784	-0.731	-0.751	-0.730	-0.706	-0.844	-0.852	-0.844	-0.736	-0.851	-0.605	-0.800	-0.774	-0.669	-0.669	-0.838	-0.876	-0.843	-0.805	-0.811	-0.645	-0.462	-0.802	-0.772	-0.797	-0.649	-0.435	-0.770	-0.571	-0.612	-0.636	-0.793	-0.793	-0.793	-0.434	-0.732	-0.796	-0.731	-0.631	-0.419	-0.792	-0.793	-0.764	-0.629	-0.623	-0.477	-0.771	-0.771	-0.635	-0.635	-0.860	-0.453	-0.521	-0.645	-0.636	-0.798	-0.771	-0.718	-0.724	-0.796	-0.770	-0.795	-0.772	-0.776	-0.407	-0.582	-0.403	-0.828	-0.616	-0.636	
rs12213864     -0.757	-0.757	-0.757	-0.756	-0.760	-0.759	-0.762	-0.756	-0.758	-0.760	-0.760	-0.756	-0.755	-0.721	-0.481	-0.161	-0.578	-0.795	-0.796	-0.583	-0.583	-0.571	-0.591	-0.572	-0.590	-0.193	-0.544	-0.548	-0.547	-0.434	-0.556	-0.543	-0.210	-0.556	-0.558	-0.870	-0.892	-0.890	-0.821	-0.746	-0.579	-0.535	-0.590	-0.918	-0.697	-0.867	-0.707	-0.694	-0.670	-0.935	-0.665	-0.660	-0.840	-0.658	-0.816	-0.825	-0.864	-0.866	-0.809	-0.668	-0.668	-0.668	-0.642	-0.769	-0.721	-0.686	-0.899	-0.862	-0.693	-0.693	-0.697	-0.697	-0.688	-0.696	-0.687	-0.686	-0.686	-0.685	-0.681	-0.677	-0.676	-0.676	-0.676	-0.675	-0.707	-0.695	-0.693	-0.693	-0.775	-0.773	-0.817	-0.766	-0.786	-0.764	-0.740	-0.879	-0.887	-0.879	-0.768	-0.886	-0.641	-0.834	-0.807	-0.707	-0.707	-0.873	-0.912	-0.877	-0.839	-0.845	-0.683	-0.497	-0.836	-0.809	-0.831	-0.687	-0.469	-0.806	-0.606	-0.647	-0.674	-0.827	-0.827	-0.827	-0.468	-0.770	-0.830	-0.769	-0.670	-0.454	-0.827	-0.827	-0.801	-0.668	-0.661	-0.519	-0.807	-0.808	-0.674	-0.674	-0.896	-0.488	-0.562	-0.684	-0.675	-0.832	-0.808	-0.752	-0.758	-0.830	-0.807	-0.829	-0.809	-0.810	-0.441	-0.617	-0.437	-0.862	-0.651	-0.675	
rs7771891      -0.750	-0.750	-0.750	-0.749	-0.754	-0.752	-0.756	-0.749	-0.751	-0.753	-0.753	-0.750	-0.748	-0.714	-0.473	-0.158	-0.581	-0.788	-0.789	-0.585	-0.585	-0.575	-0.592	-0.575	-0.591	-0.190	-0.551	-0.554	-0.553	-0.556	-0.427	-0.550	-0.207	-0.552	-0.558	-0.865	-0.886	-0.884	-0.814	-0.743	-0.578	-0.530	-0.590	-0.912	-0.690	-0.860	-0.700	-0.689	-0.662	-0.928	-0.658	-0.653	-0.833	-0.651	-0.809	-0.817	-0.857	-0.858	-0.802	-0.661	-0.661	-0.661	-0.635	-0.763	-0.714	-0.678	-0.892	-0.855	-0.687	-0.687	-0.690	-0.691	-0.681	-0.689	-0.681	-0.679	-0.679	-0.679	-0.674	-0.670	-0.670	-0.670	-0.669	-0.668	-0.701	-0.689	-0.687	-0.686	-0.769	-0.767	-0.811	-0.759	-0.780	-0.758	-0.734	-0.872	-0.880	-0.872	-0.763	-0.880	-0.634	-0.827	-0.801	-0.700	-0.700	-0.866	-0.906	-0.871	-0.833	-0.839	-0.676	-0.491	-0.830	-0.802	-0.824	-0.680	-0.463	-0.800	-0.600	-0.641	-0.667	-0.820	-0.821	-0.821	-0.462	-0.763	-0.824	-0.762	-0.663	-0.448	-0.820	-0.821	-0.794	-0.661	-0.654	-0.511	-0.800	-0.801	-0.666	-0.667	-0.889	-0.482	-0.555	-0.677	-0.668	-0.826	-0.801	-0.746	-0.751	-0.824	-0.800	-0.823	-0.802	-0.804	-0.435	-0.610	-0.431	-0.856	-0.644	-0.668	
rs12190315     -0.717	-0.717	-0.717	-0.716	-0.721	-0.719	-0.723	-0.716	-0.718	-0.720	-0.720	-0.717	-0.715	-0.680	-0.437	-0.142	-0.553	-0.744	-0.745	-0.554	-0.554	-0.546	-0.556	-0.546	-0.556	-0.170	-0.510	-0.510	-0.510	-0.543	-0.550	-0.392	-0.187	-0.546	-0.556	-0.838	-0.858	-0.856	-0.780	-0.724	-0.558	-0.502	-0.580	-0.880	-0.656	-0.828	-0.668	-0.663	-0.629	-0.895	-0.624	-0.619	-0.797	-0.617	-0.772	-0.781	-0.825	-0.826	-0.770	-0.628	-0.628	-0.628	-0.601	-0.731	-0.678	-0.643	-0.861	-0.822	-0.655	-0.655	-0.659	-0.659	-0.650	-0.658	-0.649	-0.648	-0.648	-0.647	-0.643	-0.638	-0.638	-0.638	-0.638	-0.637	-0.669	-0.657	-0.655	-0.655	-0.737	-0.735	-0.781	-0.728	-0.748	-0.727	-0.703	-0.841	-0.849	-0.841	-0.734	-0.848	-0.602	-0.796	-0.771	-0.665	-0.666	-0.835	-0.873	-0.839	-0.802	-0.808	-0.641	-0.459	-0.799	-0.768	-0.793	-0.646	-0.432	-0.766	-0.568	-0.609	-0.632	-0.790	-0.790	-0.790	-0.431	-0.729	-0.793	-0.727	-0.628	-0.416	-0.789	-0.790	-0.760	-0.626	-0.619	-0.473	-0.767	-0.768	-0.632	-0.632	-0.857	-0.450	-0.517	-0.642	-0.633	-0.795	-0.768	-0.715	-0.721	-0.792	-0.767	-0.792	-0.769	-0.773	-0.404	-0.579	-0.400	-0.825	-0.613	-0.633	
rs9503235      -0.139	-0.139	-0.139	-0.139	-0.138	-0.140	-0.138	-0.139	-0.139	-0.139	-0.140	-0.139	-0.139	-0.127	+0.082	+0.119	-0.181	-0.274	-0.274	-0.185	-0.185	-0.180	-0.192	-0.182	-0.191	+0.158	-0.187	-0.189	-0.189	-0.210	-0.207	-0.187	+0.224	-0.209	-0.202	-0.220	-0.189	-0.193	-0.161	-0.255	-0.208	-0.048	-0.132	-0.094	-0.094	-0.167	-0.063	-0.094	-0.086	-0.244	-0.084	-0.080	-0.269	-0.079	-0.267	-0.267	-0.268	-0.266	-0.271	-0.082	-0.082	-0.082	-0.063	-0.165	-0.188	-0.166	-0.275	-0.191	+0.052	+0.052	+0.047	+0.046	+0.047	+0.049	+0.061	+0.063	+0.064	+0.064	+0.071	+0.077	+0.077	+0.078	+0.078	+0.080	+0.037	+0.054	+0.057	+0.058	-0.160	-0.157	-0.171	-0.150	-0.171	-0.149	-0.124	-0.288	-0.293	-0.286	-0.115	-0.292	+0.089	-0.242	-0.168	-0.097	-0.097	-0.225	-0.297	-0.232	-0.182	-0.185	-0.074	+0.212	-0.173	-0.192	-0.164	-0.078	+0.247	-0.191	+0.087	+0.037	-0.065	-0.160	-0.160	-0.161	+0.247	-0.162	-0.164	-0.161	-0.060	+0.264	-0.160	-0.161	-0.187	-0.058	-0.052	+0.121	-0.191	-0.192	-0.064	-0.064	-0.278	+0.225	+0.077	-0.074	-0.065	-0.168	-0.192	-0.069	-0.075	-0.165	-0.191	-0.163	-0.192	-0.139	+0.279	+0.070	+0.284	-0.215	+0.033	-0.065	
rs12199629     -0.754	-0.754	-0.754	-0.753	-0.758	-0.756	-0.760	-0.753	-0.755	-0.757	-0.757	-0.754	-0.752	-0.718	-0.478	-0.160	-0.580	-0.792	-0.793	-0.585	-0.585	-0.573	-0.592	-0.574	-0.591	-0.192	-0.548	-0.551	-0.551	-0.556	-0.552	-0.546	-0.209	-0.431	-0.555	-0.868	-0.890	-0.888	-0.818	-0.744	-0.577	-0.533	-0.589	-0.916	-0.694	-0.864	-0.704	-0.692	-0.667	-0.932	-0.662	-0.657	-0.837	-0.655	-0.813	-0.822	-0.861	-0.863	-0.806	-0.665	-0.665	-0.665	-0.639	-0.767	-0.718	-0.683	-0.896	-0.859	-0.691	-0.691	-0.694	-0.695	-0.685	-0.693	-0.684	-0.683	-0.683	-0.683	-0.678	-0.674	-0.674	-0.673	-0.673	-0.672	-0.705	-0.693	-0.690	-0.690	-0.772	-0.770	-0.815	-0.763	-0.783	-0.762	-0.738	-0.876	-0.884	-0.876	-0.766	-0.884	-0.638	-0.831	-0.804	-0.704	-0.705	-0.870	-0.910	-0.875	-0.837	-0.843	-0.681	-0.494	-0.834	-0.806	-0.828	-0.685	-0.467	-0.804	-0.603	-0.645	-0.672	-0.824	-0.824	-0.825	-0.466	-0.767	-0.827	-0.766	-0.667	-0.451	-0.824	-0.825	-0.798	-0.665	-0.658	-0.516	-0.804	-0.805	-0.671	-0.671	-0.893	-0.485	-0.559	-0.681	-0.672	-0.830	-0.805	-0.749	-0.755	-0.827	-0.804	-0.826	-0.806	-0.807	-0.439	-0.614	-0.435	-0.859	-0.648	-0.672	
