## Summary of overall evidence for association with region:
## log10(BF for region) = 11.823
## p-value for region = NA

## BFs for choosing among multi-SNP models:
## log10(average 1-SNP BF) = 11.9163
## log10(average 2-SNP BF) = 11.5395

## Example posterior probabilities for multi-SNP models, based on default prior: [p(l) propto 0.5^l for l=1,2,...,L]
## posterior probability of 1-SNP = 0.826484
## posterior probability of 2-SNP = 0.173516

## log10(BF) for single SNP and pair of SNPs:
rs9327415      -0.534	-0.692	-0.695	-0.684	-0.825	-0.825	-0.697	-0.827	-0.906	-0.828	-0.827	-0.827	-0.928	-0.925	-0.763	-0.793	-0.789	-0.709	-0.793	-0.792	-0.793	-0.795	-0.684	-0.685	-0.689	-0.689	-0.787	-0.695	-0.690	-0.689	-0.690	-0.780	-0.641	-0.680	-0.668	-0.679	-0.679	-0.680	-0.685	-0.688	-0.694	-0.699	-0.744	-0.887	-0.865	-0.685	-0.622	+11.552	+11.662	+11.686	+11.255	+11.723	+11.735	+9.336	+11.848	+9.350	+11.865	-0.698	+11.871	+9.387	+11.877	+9.463	
rs6595726      -0.692	-0.556	-0.691	-0.652	-0.846	-0.846	-0.687	-0.847	-0.933	-0.842	-0.839	-0.838	-0.952	-0.950	-0.808	-0.835	-0.832	-0.758	-0.835	-0.835	-0.835	-0.837	-0.735	-0.736	-0.739	-0.739	-0.830	-0.745	-0.741	-0.740	-0.740	-0.824	-0.696	-0.732	-0.719	-0.730	-0.730	-0.731	-0.735	-0.737	-0.742	-0.747	-0.764	-0.907	-0.885	-0.706	-0.642	+11.525	+11.636	+11.660	+11.228	+11.696	+11.708	+9.309	+11.819	+9.323	+11.836	-0.718	+11.842	+9.359	+11.848	+9.435	
rs13175125     -0.695	-0.691	-0.547	-0.649	-0.834	-0.834	-0.674	-0.835	-0.922	-0.833	-0.831	-0.831	-0.942	-0.939	-0.786	-0.815	-0.810	-0.733	-0.814	-0.814	-0.814	-0.816	-0.708	-0.709	-0.713	-0.713	-0.808	-0.719	-0.714	-0.713	-0.714	-0.801	-0.667	-0.705	-0.692	-0.703	-0.703	-0.704	-0.709	-0.711	-0.717	-0.721	-0.756	-0.899	-0.878	-0.698	-0.634	+11.534	+11.645	+11.669	+11.237	+11.705	+11.717	+9.320	+11.828	+9.334	+11.845	-0.710	+11.850	+9.370	+11.856	+9.446	
rs7708051      -0.684	-0.652	-0.649	-0.513	-0.794	-0.795	-0.662	-0.797	-0.877	-0.806	-0.807	-0.807	-0.901	-0.897	-0.720	-0.753	-0.748	-0.663	-0.752	-0.752	-0.752	-0.754	-0.636	-0.637	-0.641	-0.641	-0.745	-0.647	-0.642	-0.641	-0.642	-0.737	-0.589	-0.632	-0.619	-0.631	-0.631	-0.632	-0.637	-0.641	-0.647	-0.652	-0.723	-0.867	-0.845	-0.664	-0.601	+11.569	+11.680	+11.703	+11.273	+11.740	+11.751	+9.357	+11.862	+9.371	+11.879	-0.679	+11.885	+9.407	+11.891	+9.483	
rs75704466     -0.825	-0.846	-0.834	-0.794	-0.601	-0.734	-0.822	-0.733	-0.965	-0.678	-0.655	-0.650	-0.979	-0.977	-0.794	-0.823	-0.819	-0.748	-0.823	-0.822	-0.823	-0.825	-0.720	-0.721	-0.725	-0.725	-0.816	-0.732	-0.726	-0.725	-0.726	-0.809	-0.660	-0.716	-0.703	-0.716	-0.716	-0.717	-0.724	-0.727	-0.734	-0.740	-0.800	-0.945	-0.923	-0.744	-0.679	+11.453	+11.563	+11.587	+11.155	+11.624	+11.636	+9.237	+11.748	+9.250	+11.765	-0.756	+11.770	+9.287	+11.777	+9.363	
rs12652820     -0.825	-0.846	-0.834	-0.795	-0.734	-0.601	-0.822	-0.733	-0.965	-0.678	-0.655	-0.651	-0.979	-0.977	-0.794	-0.823	-0.818	-0.747	-0.822	-0.822	-0.822	-0.824	-0.719	-0.720	-0.724	-0.724	-0.815	-0.731	-0.725	-0.724	-0.725	-0.809	-0.659	-0.715	-0.702	-0.715	-0.715	-0.717	-0.723	-0.727	-0.733	-0.739	-0.800	-0.945	-0.923	-0.744	-0.679	+11.453	+11.564	+11.587	+11.155	+11.624	+11.636	+9.237	+11.748	+9.250	+11.765	-0.755	+11.770	+9.287	+11.777	+9.363	
rs7715441      -0.697	-0.687	-0.674	-0.662	-0.822	-0.822	-0.538	-0.823	-0.910	-0.824	-0.823	-0.823	-0.931	-0.928	-0.764	-0.794	-0.789	-0.709	-0.793	-0.793	-0.793	-0.795	-0.683	-0.684	-0.687	-0.687	-0.786	-0.693	-0.688	-0.687	-0.688	-0.779	-0.638	-0.679	-0.666	-0.677	-0.678	-0.679	-0.683	-0.686	-0.692	-0.697	-0.747	-0.891	-0.869	-0.689	-0.625	+11.543	+11.654	+11.677	+11.246	+11.714	+11.725	+9.329	+11.836	+9.342	+11.853	-0.702	+11.859	+9.378	+11.865	+9.455	
rs13168628     -0.827	-0.847	-0.835	-0.797	-0.733	-0.733	-0.823	-0.597	-0.960	-0.687	-0.666	-0.661	-0.975	-0.973	-0.782	-0.813	-0.807	-0.734	-0.812	-0.811	-0.812	-0.814	-0.705	-0.706	-0.710	-0.710	-0.804	-0.717	-0.712	-0.711	-0.712	-0.797	-0.643	-0.701	-0.688	-0.701	-0.702	-0.703	-0.710	-0.714	-0.720	-0.726	-0.796	-0.942	-0.920	-0.740	-0.676	+11.455	+11.566	+11.590	+11.158	+11.627	+11.638	+9.239	+11.750	+9.252	+11.767	-0.752	+11.773	+9.289	+11.779	+9.365	
rs35058784     -0.906	-0.933	-0.922	-0.877	-0.965	-0.965	-0.910	-0.960	-0.618	-0.927	-0.915	-0.914	-0.810	-0.820	-1.006	-1.008	-1.009	-0.961	-1.009	-1.009	-1.009	-1.009	-0.950	-0.951	-0.952	-0.952	-1.009	-0.955	-0.953	-0.952	-0.953	-1.009	-0.956	-0.949	-0.940	-0.945	-0.945	-0.945	-0.946	-0.947	-0.949	-0.950	-0.817	-0.958	-0.935	-0.764	-0.700	+11.565	+11.676	+11.700	+11.264	+11.737	+11.749	+9.352	+11.861	+9.366	+11.878	-0.765	+11.884	+9.402	+11.890	+9.480	
rs1510954      -0.828	-0.842	-0.833	-0.806	-0.678	-0.678	-0.824	-0.687	-0.927	-0.572	-0.700	-0.699	-0.946	-0.943	-0.709	-0.747	-0.740	-0.658	-0.745	-0.744	-0.745	-0.747	-0.625	-0.626	-0.630	-0.630	-0.735	-0.638	-0.632	-0.630	-0.632	-0.727	-0.549	-0.620	-0.605	-0.621	-0.621	-0.623	-0.631	-0.636	-0.643	-0.651	-0.772	-0.918	-0.897	-0.715	-0.651	+11.473	+11.584	+11.608	+11.176	+11.644	+11.656	+9.259	+11.768	+9.273	+11.785	-0.729	+11.790	+9.309	+11.797	+9.385	
rs13185329     -0.827	-0.839	-0.831	-0.807	-0.655	-0.655	-0.823	-0.666	-0.915	-0.700	-0.564	-0.694	-0.936	-0.933	-0.684	-0.721	-0.713	-0.628	-0.719	-0.718	-0.718	-0.721	-0.593	-0.594	-0.599	-0.599	-0.708	-0.607	-0.600	-0.599	-0.600	-0.698	-0.510	-0.588	-0.573	-0.589	-0.590	-0.592	-0.601	-0.605	-0.613	-0.621	-0.764	-0.911	-0.889	-0.707	-0.643	+11.479	+11.590	+11.614	+11.182	+11.650	+11.662	+9.265	+11.773	+9.279	+11.790	-0.722	+11.796	+9.315	+11.802	+9.391	
rs12523591     -0.827	-0.838	-0.831	-0.807	-0.650	-0.651	-0.823	-0.661	-0.914	-0.699	-0.694	-0.563	-0.934	-0.931	-0.680	-0.717	-0.709	-0.624	-0.715	-0.713	-0.714	-0.717	-0.588	-0.589	-0.593	-0.593	-0.703	-0.602	-0.595	-0.594	-0.595	-0.694	-0.504	-0.583	-0.568	-0.584	-0.585	-0.587	-0.596	-0.600	-0.609	-0.617	-0.762	-0.909	-0.888	-0.706	-0.641	+11.480	+11.591	+11.614	+11.183	+11.651	+11.663	+9.266	+11.774	+9.280	+11.791	-0.721	+11.797	+9.316	+11.803	+9.393	
rs12518495     -0.928	-0.952	-0.942	-0.901	-0.979	-0.979	-0.931	-0.975	-0.810	-0.946	-0.936	-0.934	-0.616	-0.758	-0.983	-0.990	-0.989	-0.910	-0.990	-0.990	-0.990	-0.990	-0.895	-0.895	-0.897	-0.897	-0.988	-0.901	-0.898	-0.897	-0.898	-0.986	-0.903	-0.892	-0.882	-0.889	-0.889	-0.890	-0.892	-0.893	-0.897	-0.899	-0.811	-0.958	-0.935	-0.765	-0.701	+11.628	+11.740	+11.764	+11.327	+11.801	+11.812	+9.422	+11.925	+9.435	+11.942	-0.768	+11.948	+9.472	+11.954	+9.550	
rs1546499      -0.925	-0.950	-0.939	-0.897	-0.977	-0.977	-0.928	-0.973	-0.820	-0.943	-0.933	-0.931	-0.758	-0.620	-0.987	-0.994	-0.992	-0.918	-0.993	-0.993	-0.993	-0.994	-0.903	-0.903	-0.905	-0.905	-0.992	-0.908	-0.906	-0.905	-0.906	-0.990	-0.911	-0.900	-0.890	-0.897	-0.897	-0.898	-0.900	-0.901	-0.904	-0.907	-0.815	-0.960	-0.938	-0.768	-0.704	+11.615	+11.726	+11.750	+11.313	+11.787	+11.799	+9.405	+11.912	+9.419	+11.929	-0.770	+11.934	+9.456	+11.941	+9.533	
rs4836293      -0.763	-0.808	-0.786	-0.720	-0.794	-0.794	-0.764	-0.782	-1.006	-0.709	-0.684	-0.680	-0.983	-0.987	-0.657	-0.801	-0.813	-0.862	-0.812	-0.813	-0.813	-0.812	-0.844	-0.844	-0.847	-0.847	-0.820	-0.852	-0.848	-0.847	-0.848	-0.822	-0.778	-0.841	-0.831	-0.840	-0.841	-0.842	-0.846	-0.849	-0.853	-0.857	-0.855	-0.994	-0.971	-0.801	-0.737	+11.570	+11.681	+11.705	+11.270	+11.742	+11.754	+9.284	+11.865	+9.297	+11.882	-0.803	+11.888	+9.334	+11.894	+9.410	
rs1972091      -0.793	-0.835	-0.815	-0.753	-0.823	-0.823	-0.794	-0.813	-1.008	-0.747	-0.721	-0.717	-0.990	-0.994	-0.801	-0.657	-0.801	-0.839	-0.802	-0.803	-0.803	-0.803	-0.816	-0.816	-0.820	-0.820	-0.805	-0.826	-0.821	-0.820	-0.821	-0.802	-0.718	-0.812	-0.801	-0.812	-0.813	-0.814	-0.820	-0.824	-0.829	-0.835	-0.855	-0.995	-0.973	-0.801	-0.737	+11.591	+11.702	+11.726	+11.290	+11.762	+11.774	+9.299	+11.886	+9.312	+11.903	-0.804	+11.908	+9.349	+11.914	+9.425	
rs10463822     -0.789	-0.832	-0.810	-0.748	-0.819	-0.818	-0.789	-0.807	-1.009	-0.740	-0.713	-0.709	-0.989	-0.992	-0.813	-0.801	-0.658	-0.844	-0.794	-0.795	-0.795	-0.794	-0.822	-0.822	-0.825	-0.825	-0.798	-0.831	-0.826	-0.825	-0.826	-0.797	-0.726	-0.818	-0.807	-0.818	-0.819	-0.820	-0.826	-0.829	-0.834	-0.839	-0.856	-0.996	-0.973	-0.802	-0.738	+11.582	+11.694	+11.718	+11.282	+11.754	+11.766	+9.293	+11.878	+9.306	+11.895	-0.804	+11.900	+9.343	+11.906	+9.419	
rs13187648     -0.709	-0.758	-0.733	-0.663	-0.748	-0.747	-0.709	-0.734	-0.961	-0.658	-0.628	-0.624	-0.910	-0.918	-0.862	-0.839	-0.844	-0.643	-0.841	-0.842	-0.841	-0.840	-0.773	-0.773	-0.776	-0.776	-0.850	-0.781	-0.777	-0.776	-0.777	-0.856	-0.844	-0.772	-0.768	-0.779	-0.779	-0.781	-0.791	-0.794	-0.798	-0.803	-0.844	-0.980	-0.957	-0.782	-0.717	+11.484	+11.595	+11.619	+11.183	+11.655	+11.667	+9.291	+11.779	+9.304	+11.796	-0.788	+11.801	+9.340	+11.808	+9.417	
rs907194       -0.793	-0.835	-0.814	-0.752	-0.823	-0.822	-0.793	-0.812	-1.009	-0.745	-0.719	-0.715	-0.990	-0.993	-0.812	-0.802	-0.794	-0.841	-0.658	-0.795	-0.795	-0.795	-0.817	-0.818	-0.821	-0.821	-0.797	-0.827	-0.822	-0.821	-0.822	-0.795	-0.718	-0.813	-0.802	-0.814	-0.814	-0.815	-0.822	-0.825	-0.830	-0.836	-0.856	-0.996	-0.973	-0.802	-0.738	+11.586	+11.698	+11.722	+11.286	+11.758	+11.770	+9.296	+11.881	+9.309	+11.898	-0.804	+11.904	+9.345	+11.910	+9.422	
rs13175243     -0.792	-0.835	-0.814	-0.752	-0.822	-0.822	-0.793	-0.811	-1.009	-0.744	-0.718	-0.713	-0.990	-0.993	-0.813	-0.803	-0.795	-0.842	-0.795	-0.658	-0.795	-0.795	-0.818	-0.819	-0.822	-0.822	-0.797	-0.828	-0.823	-0.822	-0.823	-0.795	-0.720	-0.814	-0.803	-0.815	-0.815	-0.816	-0.823	-0.826	-0.831	-0.837	-0.856	-0.996	-0.973	-0.802	-0.738	+11.585	+11.696	+11.720	+11.284	+11.757	+11.768	+9.295	+11.880	+9.308	+11.897	-0.804	+11.902	+9.344	+11.909	+9.421	
rs13155478     -0.793	-0.835	-0.814	-0.752	-0.823	-0.822	-0.793	-0.812	-1.009	-0.745	-0.718	-0.714	-0.990	-0.993	-0.813	-0.803	-0.795	-0.841	-0.795	-0.795	-0.658	-0.795	-0.818	-0.819	-0.821	-0.821	-0.796	-0.827	-0.822	-0.821	-0.822	-0.794	-0.718	-0.814	-0.802	-0.814	-0.814	-0.816	-0.822	-0.825	-0.831	-0.836	-0.856	-0.996	-0.973	-0.802	-0.738	+11.585	+11.696	+11.720	+11.285	+11.757	+11.769	+9.295	+11.880	+9.308	+11.897	-0.804	+11.903	+9.345	+11.909	+9.421	
rs10463824     -0.795	-0.837	-0.816	-0.754	-0.825	-0.824	-0.795	-0.814	-1.009	-0.747	-0.721	-0.717	-0.990	-0.994	-0.812	-0.803	-0.794	-0.840	-0.795	-0.795	-0.795	-0.658	-0.816	-0.816	-0.819	-0.819	-0.795	-0.825	-0.820	-0.819	-0.820	-0.793	-0.715	-0.812	-0.800	-0.812	-0.812	-0.814	-0.820	-0.823	-0.829	-0.834	-0.856	-0.996	-0.973	-0.802	-0.738	+11.586	+11.698	+11.722	+11.286	+11.758	+11.770	+9.296	+11.882	+9.309	+11.899	-0.804	+11.904	+9.346	+11.910	+9.422	
rs13161700     -0.684	-0.735	-0.708	-0.636	-0.720	-0.719	-0.683	-0.705	-0.950	-0.625	-0.593	-0.588	-0.895	-0.903	-0.844	-0.816	-0.822	-0.773	-0.817	-0.818	-0.818	-0.816	-0.638	-0.773	-0.774	-0.774	-0.827	-0.776	-0.774	-0.774	-0.774	-0.833	-0.844	-0.774	-0.775	-0.780	-0.780	-0.781	-0.789	-0.791	-0.793	-0.798	-0.840	-0.975	-0.952	-0.776	-0.711	+11.473	+11.584	+11.608	+11.172	+11.644	+11.656	+9.278	+11.768	+9.291	+11.785	-0.783	+11.791	+9.327	+11.797	+9.404	
rs34701879     -0.685	-0.736	-0.709	-0.637	-0.721	-0.720	-0.684	-0.706	-0.951	-0.626	-0.594	-0.589	-0.895	-0.903	-0.844	-0.816	-0.822	-0.773	-0.818	-0.819	-0.819	-0.816	-0.773	-0.638	-0.774	-0.774	-0.827	-0.776	-0.774	-0.774	-0.774	-0.834	-0.844	-0.773	-0.775	-0.780	-0.780	-0.781	-0.789	-0.791	-0.793	-0.798	-0.841	-0.976	-0.953	-0.776	-0.711	+11.473	+11.584	+11.608	+11.172	+11.645	+11.656	+9.278	+11.768	+9.291	+11.785	-0.783	+11.791	+9.327	+11.797	+9.404	
rs13187192     -0.689	-0.739	-0.713	-0.641	-0.725	-0.724	-0.687	-0.710	-0.952	-0.630	-0.599	-0.593	-0.897	-0.905	-0.847	-0.820	-0.825	-0.776	-0.821	-0.822	-0.821	-0.819	-0.774	-0.774	-0.639	-0.774	-0.829	-0.776	-0.774	-0.774	-0.774	-0.836	-0.844	-0.773	-0.774	-0.780	-0.780	-0.781	-0.789	-0.792	-0.794	-0.798	-0.841	-0.976	-0.953	-0.777	-0.712	+11.473	+11.584	+11.608	+11.173	+11.645	+11.657	+9.279	+11.769	+9.292	+11.786	-0.784	+11.791	+9.328	+11.798	+9.405	
rs13167300     -0.689	-0.739	-0.713	-0.641	-0.725	-0.724	-0.687	-0.710	-0.952	-0.630	-0.599	-0.593	-0.897	-0.905	-0.847	-0.820	-0.825	-0.776	-0.821	-0.822	-0.821	-0.819	-0.774	-0.774	-0.774	-0.639	-0.830	-0.776	-0.774	-0.774	-0.774	-0.836	-0.844	-0.773	-0.774	-0.780	-0.780	-0.781	-0.789	-0.792	-0.794	-0.798	-0.841	-0.976	-0.953	-0.777	-0.712	+11.473	+11.584	+11.608	+11.173	+11.645	+11.657	+9.279	+11.769	+9.292	+11.786	-0.784	+11.791	+9.328	+11.798	+9.405	
rs7703036      -0.787	-0.830	-0.808	-0.745	-0.816	-0.815	-0.786	-0.804	-1.009	-0.735	-0.708	-0.703	-0.988	-0.992	-0.820	-0.805	-0.798	-0.850	-0.797	-0.797	-0.796	-0.795	-0.827	-0.827	-0.829	-0.830	-0.659	-0.835	-0.830	-0.829	-0.830	-0.795	-0.734	-0.822	-0.811	-0.823	-0.823	-0.824	-0.830	-0.833	-0.838	-0.843	-0.856	-0.996	-0.974	-0.803	-0.738	+11.576	+11.688	+11.712	+11.276	+11.748	+11.760	+9.289	+11.872	+9.302	+11.889	-0.805	+11.894	+9.339	+11.900	+9.416	
rs12521148     -0.695	-0.745	-0.719	-0.647	-0.732	-0.731	-0.693	-0.717	-0.955	-0.638	-0.607	-0.602	-0.901	-0.908	-0.852	-0.826	-0.831	-0.781	-0.827	-0.828	-0.827	-0.825	-0.776	-0.776	-0.776	-0.776	-0.835	-0.640	-0.777	-0.777	-0.777	-0.841	-0.845	-0.775	-0.775	-0.781	-0.781	-0.783	-0.791	-0.794	-0.796	-0.801	-0.842	-0.977	-0.955	-0.779	-0.714	+11.475	+11.586	+11.610	+11.175	+11.647	+11.659	+9.281	+11.771	+9.294	+11.788	-0.785	+11.793	+9.331	+11.799	+9.407	
rs11241905     -0.690	-0.741	-0.714	-0.642	-0.726	-0.725	-0.688	-0.712	-0.953	-0.632	-0.600	-0.595	-0.898	-0.906	-0.848	-0.821	-0.826	-0.777	-0.822	-0.823	-0.822	-0.820	-0.774	-0.774	-0.774	-0.774	-0.830	-0.777	-0.639	-0.774	-0.774	-0.837	-0.844	-0.773	-0.774	-0.780	-0.780	-0.781	-0.789	-0.792	-0.794	-0.799	-0.841	-0.977	-0.954	-0.778	-0.712	+11.473	+11.585	+11.609	+11.173	+11.645	+11.657	+9.279	+11.769	+9.292	+11.786	-0.784	+11.791	+9.328	+11.798	+9.405	
rs6884533      -0.689	-0.740	-0.713	-0.641	-0.725	-0.724	-0.687	-0.711	-0.952	-0.630	-0.599	-0.594	-0.897	-0.905	-0.847	-0.820	-0.825	-0.776	-0.821	-0.822	-0.821	-0.819	-0.774	-0.774	-0.774	-0.774	-0.829	-0.777	-0.774	-0.639	-0.774	-0.836	-0.844	-0.773	-0.774	-0.780	-0.780	-0.781	-0.789	-0.792	-0.794	-0.798	-0.841	-0.976	-0.953	-0.777	-0.712	+11.473	+11.584	+11.608	+11.173	+11.645	+11.657	+9.279	+11.769	+9.292	+11.786	-0.784	+11.791	+9.328	+11.797	+9.405	
rs12658540     -0.690	-0.740	-0.714	-0.642	-0.726	-0.725	-0.688	-0.712	-0.953	-0.632	-0.600	-0.595	-0.898	-0.906	-0.848	-0.821	-0.826	-0.777	-0.822	-0.823	-0.822	-0.820	-0.774	-0.774	-0.774	-0.774	-0.830	-0.777	-0.774	-0.774	-0.639	-0.837	-0.844	-0.773	-0.774	-0.780	-0.780	-0.781	-0.789	-0.792	-0.794	-0.798	-0.841	-0.977	-0.954	-0.778	-0.712	+11.473	+11.585	+11.609	+11.173	+11.645	+11.657	+9.279	+11.769	+9.292	+11.786	-0.784	+11.791	+9.328	+11.798	+9.405	
rs7445054      -0.780	-0.824	-0.801	-0.737	-0.809	-0.809	-0.779	-0.797	-1.009	-0.727	-0.698	-0.694	-0.986	-0.990	-0.822	-0.802	-0.797	-0.856	-0.795	-0.795	-0.794	-0.793	-0.833	-0.834	-0.836	-0.836	-0.795	-0.841	-0.837	-0.836	-0.837	-0.658	-0.746	-0.829	-0.818	-0.829	-0.829	-0.830	-0.836	-0.838	-0.843	-0.848	-0.856	-0.996	-0.973	-0.803	-0.738	+11.571	+11.683	+11.707	+11.271	+11.743	+11.755	+9.286	+11.867	+9.299	+11.884	-0.804	+11.889	+9.335	+11.896	+9.412	
rs13182914     -0.641	-0.696	-0.667	-0.589	-0.660	-0.659	-0.638	-0.643	-0.956	-0.549	-0.510	-0.504	-0.903	-0.911	-0.778	-0.718	-0.726	-0.844	-0.718	-0.720	-0.718	-0.715	-0.844	-0.844	-0.844	-0.844	-0.734	-0.845	-0.844	-0.844	-0.844	-0.746	-0.636	-0.843	-0.840	-0.841	-0.841	-0.842	-0.843	-0.844	-0.844	-0.846	-0.838	-0.973	-0.950	-0.778	-0.713	+11.474	+11.586	+11.610	+11.174	+11.646	+11.658	+9.222	+11.770	+9.236	+11.787	-0.780	+11.793	+9.272	+11.799	+9.349	
rs7719336      -0.680	-0.732	-0.705	-0.632	-0.716	-0.715	-0.679	-0.701	-0.949	-0.620	-0.588	-0.583	-0.892	-0.900	-0.841	-0.812	-0.818	-0.772	-0.813	-0.814	-0.814	-0.812	-0.774	-0.773	-0.773	-0.773	-0.822	-0.775	-0.773	-0.773	-0.773	-0.829	-0.843	-0.637	-0.774	-0.778	-0.778	-0.779	-0.786	-0.789	-0.790	-0.795	-0.839	-0.974	-0.951	-0.775	-0.710	+11.471	+11.582	+11.606	+11.171	+11.643	+11.655	+9.276	+11.767	+9.289	+11.784	-0.782	+11.789	+9.325	+11.795	+9.402	
rs4836291      -0.668	-0.719	-0.692	-0.619	-0.703	-0.702	-0.666	-0.688	-0.940	-0.605	-0.573	-0.568	-0.882	-0.890	-0.831	-0.801	-0.807	-0.768	-0.802	-0.803	-0.802	-0.800	-0.775	-0.775	-0.774	-0.774	-0.811	-0.775	-0.774	-0.774	-0.774	-0.818	-0.840	-0.774	-0.630	-0.768	-0.768	-0.769	-0.773	-0.774	-0.774	-0.778	-0.833	-0.968	-0.945	-0.769	-0.703	+11.475	+11.586	+11.610	+11.175	+11.647	+11.659	+9.280	+11.771	+9.293	+11.788	-0.775	+11.793	+9.329	+11.799	+9.406	
rs4836290      -0.679	-0.730	-0.703	-0.631	-0.716	-0.715	-0.677	-0.701	-0.945	-0.621	-0.589	-0.584	-0.889	-0.897	-0.840	-0.812	-0.818	-0.779	-0.814	-0.815	-0.814	-0.812	-0.780	-0.780	-0.780	-0.780	-0.823	-0.781	-0.780	-0.780	-0.780	-0.829	-0.841	-0.778	-0.768	-0.631	-0.766	-0.766	-0.768	-0.770	-0.771	-0.774	-0.834	-0.969	-0.946	-0.770	-0.705	+11.482	+11.594	+11.618	+11.182	+11.654	+11.666	+9.289	+11.778	+9.302	+11.795	-0.776	+11.800	+9.338	+11.807	+9.415	
rs4836289      -0.679	-0.730	-0.703	-0.631	-0.716	-0.715	-0.678	-0.702	-0.945	-0.621	-0.590	-0.585	-0.889	-0.897	-0.841	-0.813	-0.819	-0.779	-0.814	-0.815	-0.814	-0.812	-0.780	-0.780	-0.780	-0.780	-0.823	-0.781	-0.780	-0.780	-0.780	-0.829	-0.841	-0.778	-0.768	-0.766	-0.631	-0.766	-0.768	-0.770	-0.771	-0.774	-0.834	-0.969	-0.946	-0.770	-0.705	+11.483	+11.594	+11.618	+11.182	+11.654	+11.666	+9.289	+11.778	+9.302	+11.795	-0.776	+11.800	+9.338	+11.807	+9.415	
rs13189864     -0.680	-0.731	-0.704	-0.632	-0.717	-0.717	-0.679	-0.703	-0.945	-0.623	-0.592	-0.587	-0.890	-0.898	-0.842	-0.814	-0.820	-0.781	-0.815	-0.816	-0.816	-0.814	-0.781	-0.781	-0.781	-0.781	-0.824	-0.783	-0.781	-0.781	-0.781	-0.830	-0.842	-0.779	-0.769	-0.766	-0.766	-0.630	-0.767	-0.768	-0.769	-0.772	-0.834	-0.969	-0.946	-0.770	-0.704	+11.484	+11.595	+11.619	+11.184	+11.656	+11.668	+9.291	+11.780	+9.304	+11.797	-0.776	+11.802	+9.340	+11.808	+9.417	
rs12521042     -0.685	-0.735	-0.709	-0.637	-0.724	-0.723	-0.683	-0.710	-0.946	-0.631	-0.601	-0.596	-0.892	-0.900	-0.846	-0.820	-0.826	-0.791	-0.822	-0.823	-0.822	-0.820	-0.789	-0.789	-0.789	-0.789	-0.830	-0.791	-0.789	-0.789	-0.789	-0.836	-0.843	-0.786	-0.773	-0.768	-0.768	-0.767	-0.628	-0.763	-0.763	-0.764	-0.832	-0.967	-0.944	-0.768	-0.703	+11.493	+11.604	+11.628	+11.192	+11.664	+11.676	+9.301	+11.788	+9.314	+11.805	-0.774	+11.810	+9.350	+11.817	+9.427	
rs13175187     -0.688	-0.737	-0.711	-0.641	-0.727	-0.727	-0.686	-0.714	-0.947	-0.636	-0.605	-0.600	-0.893	-0.901	-0.849	-0.824	-0.829	-0.794	-0.825	-0.826	-0.825	-0.823	-0.791	-0.791	-0.792	-0.792	-0.833	-0.794	-0.792	-0.792	-0.792	-0.838	-0.844	-0.789	-0.774	-0.770	-0.770	-0.768	-0.763	-0.628	-0.763	-0.763	-0.831	-0.966	-0.943	-0.767	-0.702	+11.495	+11.607	+11.631	+11.195	+11.667	+11.679	+9.305	+11.791	+9.317	+11.808	-0.773	+11.813	+9.354	+11.819	+9.431	
rs13175761     -0.694	-0.742	-0.717	-0.647	-0.734	-0.733	-0.692	-0.720	-0.949	-0.643	-0.613	-0.609	-0.897	-0.904	-0.853	-0.829	-0.834	-0.798	-0.830	-0.831	-0.831	-0.829	-0.793	-0.793	-0.794	-0.794	-0.838	-0.796	-0.794	-0.794	-0.794	-0.843	-0.844	-0.790	-0.774	-0.771	-0.771	-0.769	-0.763	-0.763	-0.629	-0.763	-0.832	-0.967	-0.944	-0.768	-0.703	+11.499	+11.610	+11.634	+11.198	+11.671	+11.682	+9.309	+11.794	+9.321	+11.811	-0.774	+11.816	+9.358	+11.823	+9.435	
rs13176444     -0.699	-0.747	-0.721	-0.652	-0.740	-0.739	-0.697	-0.726	-0.950	-0.651	-0.621	-0.617	-0.899	-0.907	-0.857	-0.835	-0.839	-0.803	-0.836	-0.837	-0.836	-0.834	-0.798	-0.798	-0.798	-0.798	-0.843	-0.801	-0.799	-0.798	-0.798	-0.848	-0.846	-0.795	-0.778	-0.774	-0.774	-0.772	-0.764	-0.763	-0.763	-0.628	-0.831	-0.967	-0.944	-0.768	-0.703	+11.504	+11.615	+11.639	+11.203	+11.675	+11.687	+9.314	+11.799	+9.327	+11.816	-0.774	+11.821	+9.363	+11.827	+9.440	
rs10073842     -0.744	-0.764	-0.756	-0.723	-0.800	-0.800	-0.747	-0.796	-0.817	-0.772	-0.764	-0.762	-0.811	-0.815	-0.855	-0.855	-0.856	-0.844	-0.856	-0.856	-0.856	-0.856	-0.840	-0.841	-0.841	-0.841	-0.856	-0.842	-0.841	-0.841	-0.841	-0.856	-0.838	-0.839	-0.833	-0.834	-0.834	-0.834	-0.832	-0.831	-0.832	-0.831	-0.343	-0.612	-0.635	-0.618	-0.570	+11.486	+11.596	+11.621	+11.186	+11.658	+11.670	+9.267	+11.782	+9.281	+11.799	-0.556	+11.805	+9.317	+11.811	+9.393	
rs13180249     -0.887	-0.907	-0.899	-0.867	-0.945	-0.945	-0.891	-0.942	-0.958	-0.918	-0.911	-0.909	-0.958	-0.960	-0.994	-0.995	-0.996	-0.980	-0.996	-0.996	-0.996	-0.996	-0.975	-0.976	-0.976	-0.976	-0.996	-0.977	-0.977	-0.976	-0.977	-0.996	-0.973	-0.974	-0.968	-0.969	-0.969	-0.969	-0.967	-0.966	-0.967	-0.967	-0.612	-0.491	-0.676	-0.626	-0.556	+11.517	+11.628	+11.652	+11.216	+11.688	+11.700	+9.301	+11.812	+9.314	+11.829	-0.679	+11.835	+9.350	+11.841	+9.425	
rs7716198      -0.865	-0.885	-0.878	-0.845	-0.923	-0.923	-0.869	-0.920	-0.935	-0.897	-0.889	-0.888	-0.935	-0.938	-0.971	-0.973	-0.973	-0.957	-0.973	-0.973	-0.973	-0.973	-0.952	-0.953	-0.953	-0.953	-0.974	-0.955	-0.954	-0.953	-0.954	-0.973	-0.950	-0.951	-0.945	-0.946	-0.946	-0.946	-0.944	-0.943	-0.944	-0.944	-0.635	-0.676	-0.467	-0.638	-0.575	+11.492	+11.603	+11.627	+11.191	+11.664	+11.675	+9.276	+11.788	+9.289	+11.805	-0.662	+11.810	+9.325	+11.816	+9.400	
rs55801906     -0.685	-0.706	-0.698	-0.664	-0.744	-0.744	-0.689	-0.740	-0.764	-0.715	-0.707	-0.706	-0.765	-0.768	-0.801	-0.801	-0.802	-0.782	-0.802	-0.802	-0.802	-0.802	-0.776	-0.776	-0.777	-0.777	-0.803	-0.779	-0.778	-0.777	-0.778	-0.803	-0.778	-0.775	-0.769	-0.770	-0.770	-0.770	-0.768	-0.767	-0.768	-0.768	-0.618	-0.626	-0.638	-0.286	-0.336	+11.491	+11.602	+11.626	+11.192	+11.663	+11.675	+9.382	+11.788	+9.396	+11.805	-0.506	+11.810	+9.432	+11.817	+9.511	
rs60016545     -0.622	-0.642	-0.634	-0.601	-0.679	-0.679	-0.625	-0.676	-0.700	-0.651	-0.643	-0.641	-0.701	-0.704	-0.737	-0.737	-0.738	-0.717	-0.738	-0.738	-0.738	-0.738	-0.711	-0.711	-0.712	-0.712	-0.738	-0.714	-0.712	-0.712	-0.712	-0.738	-0.713	-0.710	-0.703	-0.705	-0.705	-0.704	-0.703	-0.702	-0.703	-0.703	-0.570	-0.556	-0.575	-0.336	-0.218	+11.502	+11.613	+11.637	+11.202	+11.674	+11.686	+9.426	+11.798	+9.440	+11.815	-0.447	+11.821	+9.476	+11.827	+9.555	
rs12518331     +11.552	+11.525	+11.534	+11.569	+11.453	+11.453	+11.543	+11.455	+11.565	+11.473	+11.479	+11.480	+11.628	+11.615	+11.570	+11.591	+11.582	+11.484	+11.586	+11.585	+11.585	+11.586	+11.473	+11.473	+11.473	+11.473	+11.576	+11.475	+11.473	+11.473	+11.473	+11.571	+11.474	+11.471	+11.475	+11.482	+11.483	+11.484	+11.493	+11.495	+11.499	+11.504	+11.486	+11.517	+11.492	+11.491	+11.502	+12.519	+12.693	+12.707	+12.505	+12.730	+12.737	+12.282	+12.808	+12.290	+12.819	+11.737	+12.822	+12.305	+12.826	+12.338	
rs12518228     +11.662	+11.636	+11.645	+11.680	+11.563	+11.564	+11.654	+11.566	+11.676	+11.584	+11.590	+11.591	+11.740	+11.726	+11.681	+11.702	+11.694	+11.595	+11.698	+11.696	+11.696	+11.698	+11.584	+11.584	+11.584	+11.584	+11.688	+11.586	+11.585	+11.584	+11.585	+11.683	+11.586	+11.582	+11.586	+11.594	+11.594	+11.595	+11.604	+11.607	+11.610	+11.615	+11.596	+11.628	+11.603	+11.602	+11.613	+12.693	+12.631	+12.758	+12.585	+12.777	+12.784	+12.364	+12.848	+12.372	+12.858	+11.847	+12.862	+12.386	+12.865	+12.418	
rs141117126    +11.686	+11.660	+11.669	+11.703	+11.587	+11.587	+11.677	+11.590	+11.700	+11.608	+11.614	+11.614	+11.764	+11.750	+11.705	+11.726	+11.718	+11.619	+11.722	+11.720	+11.720	+11.722	+11.608	+11.608	+11.608	+11.608	+11.712	+11.610	+11.609	+11.608	+11.609	+11.707	+11.610	+11.606	+11.610	+11.618	+11.618	+11.619	+11.628	+11.631	+11.634	+11.639	+11.621	+11.652	+11.627	+11.626	+11.637	+12.707	+12.758	+12.655	+12.604	+12.789	+12.795	+12.382	+12.858	+12.388	+12.868	+11.871	+12.871	+12.402	+12.875	+12.433	
rs72798238     +11.255	+11.228	+11.237	+11.273	+11.155	+11.155	+11.246	+11.158	+11.264	+11.176	+11.182	+11.183	+11.327	+11.313	+11.270	+11.290	+11.282	+11.183	+11.286	+11.284	+11.285	+11.286	+11.172	+11.172	+11.173	+11.173	+11.276	+11.175	+11.173	+11.173	+11.173	+11.271	+11.174	+11.171	+11.175	+11.182	+11.182	+11.184	+11.192	+11.195	+11.198	+11.203	+11.186	+11.216	+11.191	+11.192	+11.202	+12.505	+12.585	+12.604	+12.216	+12.632	+12.642	+12.070	+12.728	+12.078	+12.741	+11.437	+12.745	+12.094	+12.749	+12.130	
rs140006198    +11.723	+11.696	+11.705	+11.740	+11.624	+11.624	+11.714	+11.627	+11.737	+11.644	+11.650	+11.651	+11.801	+11.787	+11.742	+11.762	+11.754	+11.655	+11.758	+11.757	+11.757	+11.758	+11.644	+11.645	+11.645	+11.645	+11.748	+11.647	+11.645	+11.645	+11.645	+11.743	+11.646	+11.643	+11.647	+11.654	+11.654	+11.656	+11.664	+11.667	+11.671	+11.675	+11.658	+11.688	+11.664	+11.663	+11.674	+12.730	+12.777	+12.789	+12.632	+12.693	+12.813	+12.409	+12.874	+12.414	+12.884	+11.908	+12.887	+12.427	+12.890	+12.458	
rs56366269     +11.735	+11.708	+11.717	+11.751	+11.636	+11.636	+11.725	+11.638	+11.749	+11.656	+11.662	+11.663	+11.812	+11.799	+11.754	+11.774	+11.766	+11.667	+11.770	+11.768	+11.769	+11.770	+11.656	+11.656	+11.657	+11.657	+11.760	+11.659	+11.657	+11.657	+11.657	+11.755	+11.658	+11.655	+11.659	+11.666	+11.666	+11.668	+11.676	+11.679	+11.682	+11.687	+11.670	+11.700	+11.675	+11.675	+11.686	+12.737	+12.784	+12.795	+12.642	+12.813	+12.704	+12.418	+12.879	+12.423	+12.889	+11.920	+12.892	+12.435	+12.895	+12.466	
rs72798243     +9.336	+9.309	+9.320	+9.357	+9.237	+9.237	+9.329	+9.239	+9.352	+9.259	+9.265	+9.266	+9.422	+9.405	+9.284	+9.299	+9.293	+9.291	+9.296	+9.295	+9.295	+9.296	+9.278	+9.278	+9.279	+9.279	+9.289	+9.281	+9.279	+9.279	+9.279	+9.286	+9.222	+9.276	+9.280	+9.289	+9.289	+9.291	+9.301	+9.305	+9.309	+9.314	+9.267	+9.301	+9.276	+9.382	+9.426	+12.282	+12.364	+12.382	+12.070	+12.409	+12.418	+10.235	+12.507	+10.320	+12.521	+9.500	+12.526	+10.338	+12.532	+10.379	
rs149740854    +11.848	+11.819	+11.828	+11.862	+11.748	+11.748	+11.836	+11.750	+11.861	+11.768	+11.773	+11.774	+11.925	+11.912	+11.865	+11.886	+11.878	+11.779	+11.881	+11.880	+11.880	+11.882	+11.768	+11.768	+11.769	+11.769	+11.872	+11.771	+11.769	+11.769	+11.769	+11.867	+11.770	+11.767	+11.771	+11.778	+11.778	+11.780	+11.788	+11.791	+11.794	+11.799	+11.782	+11.812	+11.788	+11.788	+11.798	+12.808	+12.848	+12.858	+12.728	+12.874	+12.879	+12.507	+12.817	+12.508	+12.941	+12.032	+12.943	+12.517	+12.947	+12.545	
rs56121757     +9.350	+9.323	+9.334	+9.371	+9.250	+9.250	+9.342	+9.252	+9.366	+9.273	+9.279	+9.280	+9.435	+9.419	+9.297	+9.312	+9.306	+9.304	+9.309	+9.308	+9.308	+9.309	+9.291	+9.291	+9.292	+9.292	+9.302	+9.294	+9.292	+9.292	+9.292	+9.299	+9.236	+9.289	+9.293	+9.302	+9.302	+9.304	+9.314	+9.317	+9.321	+9.327	+9.281	+9.314	+9.289	+9.396	+9.440	+12.290	+12.372	+12.388	+12.078	+12.414	+12.423	+10.320	+12.508	+10.248	+12.521	+9.514	+12.526	+10.346	+12.531	+10.387	
rs146101575    +11.865	+11.836	+11.845	+11.879	+11.765	+11.765	+11.853	+11.767	+11.878	+11.785	+11.790	+11.791	+11.942	+11.929	+11.882	+11.903	+11.895	+11.796	+11.898	+11.897	+11.897	+11.899	+11.785	+11.785	+11.786	+11.786	+11.889	+11.788	+11.786	+11.786	+11.786	+11.884	+11.787	+11.784	+11.788	+11.795	+11.795	+11.797	+11.805	+11.808	+11.811	+11.816	+11.799	+11.829	+11.805	+11.805	+11.815	+12.819	+12.858	+12.868	+12.741	+12.884	+12.889	+12.521	+12.941	+12.521	+12.834	+12.050	+12.952	+12.530	+12.955	+12.558	
rs190612097    -0.698	-0.718	-0.710	-0.679	-0.756	-0.755	-0.702	-0.752	-0.765	-0.729	-0.722	-0.721	-0.768	-0.770	-0.803	-0.804	-0.804	-0.788	-0.804	-0.804	-0.804	-0.804	-0.783	-0.783	-0.784	-0.784	-0.805	-0.785	-0.784	-0.784	-0.784	-0.804	-0.780	-0.782	-0.775	-0.776	-0.776	-0.776	-0.774	-0.773	-0.774	-0.774	-0.556	-0.679	-0.662	-0.506	-0.447	+11.737	+11.847	+11.871	+11.437	+11.908	+11.920	+9.500	+12.032	+9.514	+12.050	-0.270	+12.055	+9.551	+12.062	+9.627	
rs72798245     +11.871	+11.842	+11.850	+11.885	+11.770	+11.770	+11.859	+11.773	+11.884	+11.790	+11.796	+11.797	+11.948	+11.934	+11.888	+11.908	+11.900	+11.801	+11.904	+11.902	+11.903	+11.904	+11.791	+11.791	+11.791	+11.791	+11.894	+11.793	+11.791	+11.791	+11.791	+11.889	+11.793	+11.789	+11.793	+11.800	+11.800	+11.802	+11.810	+11.813	+11.816	+11.821	+11.805	+11.835	+11.810	+11.810	+11.821	+12.822	+12.862	+12.871	+12.745	+12.887	+12.892	+12.526	+12.943	+12.526	+12.952	+12.055	+12.840	+12.535	+12.958	+12.562	
rs60147760     +9.387	+9.359	+9.370	+9.407	+9.287	+9.287	+9.378	+9.289	+9.402	+9.309	+9.315	+9.316	+9.472	+9.456	+9.334	+9.349	+9.343	+9.340	+9.345	+9.344	+9.345	+9.346	+9.327	+9.327	+9.328	+9.328	+9.339	+9.331	+9.328	+9.328	+9.328	+9.335	+9.272	+9.325	+9.329	+9.338	+9.338	+9.340	+9.350	+9.354	+9.358	+9.363	+9.317	+9.350	+9.325	+9.432	+9.476	+12.305	+12.386	+12.402	+12.094	+12.427	+12.435	+10.338	+12.517	+10.346	+12.530	+9.551	+12.535	+10.285	+12.540	+10.403	
rs3812062      +11.877	+11.848	+11.856	+11.891	+11.777	+11.777	+11.865	+11.779	+11.890	+11.797	+11.802	+11.803	+11.954	+11.941	+11.894	+11.914	+11.906	+11.808	+11.910	+11.909	+11.909	+11.910	+11.797	+11.797	+11.798	+11.798	+11.900	+11.799	+11.798	+11.797	+11.798	+11.896	+11.799	+11.795	+11.799	+11.807	+11.807	+11.808	+11.817	+11.819	+11.823	+11.827	+11.811	+11.841	+11.816	+11.817	+11.827	+12.826	+12.865	+12.875	+12.749	+12.890	+12.895	+12.532	+12.947	+12.531	+12.955	+12.062	+12.958	+12.540	+12.846	+12.567	
rs78767528     +9.463	+9.435	+9.446	+9.483	+9.363	+9.363	+9.455	+9.365	+9.480	+9.385	+9.391	+9.393	+9.550	+9.533	+9.410	+9.425	+9.419	+9.417	+9.422	+9.421	+9.421	+9.422	+9.404	+9.404	+9.405	+9.405	+9.416	+9.407	+9.405	+9.405	+9.405	+9.412	+9.349	+9.402	+9.406	+9.415	+9.415	+9.417	+9.427	+9.431	+9.435	+9.440	+9.393	+9.425	+9.400	+9.511	+9.555	+12.338	+12.418	+12.433	+12.130	+12.458	+12.466	+10.379	+12.545	+10.387	+12.558	+9.627	+12.562	+10.403	+12.567	+10.361	

## posterior probabilities for single SNP and pair of SNPs:
rs9327415      +0.000	+0.000	+0.000	+0.000	+0.000	+0.000	+0.000	+0.000	+0.000	+0.000	+0.000	+0.000	+0.000	+0.000	+0.000	+0.000	+0.000	+0.000	+0.000	+0.000	+0.000	+0.000	+0.000	+0.000	+0.000	+0.000	+0.000	+0.000	+0.000	+0.000	+0.000	+0.000	+0.000	+0.000	+0.000	+0.000	+0.000	+0.000	+0.000	+0.000	+0.000	+0.000	+0.000	+0.000	+0.000	+0.000	+0.000	+0.000	+0.000	+0.000	+0.000	+0.000	+0.000	+0.000	+0.000	+0.000	+0.000	+0.000	+0.000	+0.000	+0.000	+0.000	
rs6595726      +0.000	+0.000	+0.000	+0.000	+0.000	+0.000	+0.000	+0.000	+0.000	+0.000	+0.000	+0.000	+0.000	+0.000	+0.000	+0.000	+0.000	+0.000	+0.000	+0.000	+0.000	+0.000	+0.000	+0.000	+0.000	+0.000	+0.000	+0.000	+0.000	+0.000	+0.000	+0.000	+0.000	+0.000	+0.000	+0.000	+0.000	+0.000	+0.000	+0.000	+0.000	+0.000	+0.000	+0.000	+0.000	+0.000	+0.000	+0.000	+0.000	+0.000	+0.000	+0.000	+0.000	+0.000	+0.000	+0.000	+0.000	+0.000	+0.000	+0.000	+0.000	+0.000	
rs13175125     +0.000	+0.000	+0.000	+0.000	+0.000	+0.000	+0.000	+0.000	+0.000	+0.000	+0.000	+0.000	+0.000	+0.000	+0.000	+0.000	+0.000	+0.000	+0.000	+0.000	+0.000	+0.000	+0.000	+0.000	+0.000	+0.000	+0.000	+0.000	+0.000	+0.000	+0.000	+0.000	+0.000	+0.000	+0.000	+0.000	+0.000	+0.000	+0.000	+0.000	+0.000	+0.000	+0.000	+0.000	+0.000	+0.000	+0.000	+0.000	+0.000	+0.000	+0.000	+0.000	+0.000	+0.000	+0.000	+0.000	+0.000	+0.000	+0.000	+0.000	+0.000	+0.000	
rs7708051      +0.000	+0.000	+0.000	+0.000	+0.000	+0.000	+0.000	+0.000	+0.000	+0.000	+0.000	+0.000	+0.000	+0.000	+0.000	+0.000	+0.000	+0.000	+0.000	+0.000	+0.000	+0.000	+0.000	+0.000	+0.000	+0.000	+0.000	+0.000	+0.000	+0.000	+0.000	+0.000	+0.000	+0.000	+0.000	+0.000	+0.000	+0.000	+0.000	+0.000	+0.000	+0.000	+0.000	+0.000	+0.000	+0.000	+0.000	+0.000	+0.000	+0.000	+0.000	+0.000	+0.000	+0.000	+0.000	+0.000	+0.000	+0.000	+0.000	+0.000	+0.000	+0.000	
rs75704466     +0.000	+0.000	+0.000	+0.000	+0.000	+0.000	+0.000	+0.000	+0.000	+0.000	+0.000	+0.000	+0.000	+0.000	+0.000	+0.000	+0.000	+0.000	+0.000	+0.000	+0.000	+0.000	+0.000	+0.000	+0.000	+0.000	+0.000	+0.000	+0.000	+0.000	+0.000	+0.000	+0.000	+0.000	+0.000	+0.000	+0.000	+0.000	+0.000	+0.000	+0.000	+0.000	+0.000	+0.000	+0.000	+0.000	+0.000	+0.000	+0.000	+0.000	+0.000	+0.000	+0.000	+0.000	+0.000	+0.000	+0.000	+0.000	+0.000	+0.000	+0.000	+0.000	
rs12652820     +0.000	+0.000	+0.000	+0.000	+0.000	+0.000	+0.000	+0.000	+0.000	+0.000	+0.000	+0.000	+0.000	+0.000	+0.000	+0.000	+0.000	+0.000	+0.000	+0.000	+0.000	+0.000	+0.000	+0.000	+0.000	+0.000	+0.000	+0.000	+0.000	+0.000	+0.000	+0.000	+0.000	+0.000	+0.000	+0.000	+0.000	+0.000	+0.000	+0.000	+0.000	+0.000	+0.000	+0.000	+0.000	+0.000	+0.000	+0.000	+0.000	+0.000	+0.000	+0.000	+0.000	+0.000	+0.000	+0.000	+0.000	+0.000	+0.000	+0.000	+0.000	+0.000	
rs7715441      +0.000	+0.000	+0.000	+0.000	+0.000	+0.000	+0.000	+0.000	+0.000	+0.000	+0.000	+0.000	+0.000	+0.000	+0.000	+0.000	+0.000	+0.000	+0.000	+0.000	+0.000	+0.000	+0.000	+0.000	+0.000	+0.000	+0.000	+0.000	+0.000	+0.000	+0.000	+0.000	+0.000	+0.000	+0.000	+0.000	+0.000	+0.000	+0.000	+0.000	+0.000	+0.000	+0.000	+0.000	+0.000	+0.000	+0.000	+0.000	+0.000	+0.000	+0.000	+0.000	+0.000	+0.000	+0.000	+0.000	+0.000	+0.000	+0.000	+0.000	+0.000	+0.000	
rs13168628     +0.000	+0.000	+0.000	+0.000	+0.000	+0.000	+0.000	+0.000	+0.000	+0.000	+0.000	+0.000	+0.000	+0.000	+0.000	+0.000	+0.000	+0.000	+0.000	+0.000	+0.000	+0.000	+0.000	+0.000	+0.000	+0.000	+0.000	+0.000	+0.000	+0.000	+0.000	+0.000	+0.000	+0.000	+0.000	+0.000	+0.000	+0.000	+0.000	+0.000	+0.000	+0.000	+0.000	+0.000	+0.000	+0.000	+0.000	+0.000	+0.000	+0.000	+0.000	+0.000	+0.000	+0.000	+0.000	+0.000	+0.000	+0.000	+0.000	+0.000	+0.000	+0.000	
rs35058784     +0.000	+0.000	+0.000	+0.000	+0.000	+0.000	+0.000	+0.000	+0.000	+0.000	+0.000	+0.000	+0.000	+0.000	+0.000	+0.000	+0.000	+0.000	+0.000	+0.000	+0.000	+0.000	+0.000	+0.000	+0.000	+0.000	+0.000	+0.000	+0.000	+0.000	+0.000	+0.000	+0.000	+0.000	+0.000	+0.000	+0.000	+0.000	+0.000	+0.000	+0.000	+0.000	+0.000	+0.000	+0.000	+0.000	+0.000	+0.000	+0.000	+0.000	+0.000	+0.000	+0.000	+0.000	+0.000	+0.000	+0.000	+0.000	+0.000	+0.000	+0.000	+0.000	
rs1510954      +0.000	+0.000	+0.000	+0.000	+0.000	+0.000	+0.000	+0.000	+0.000	+0.000	+0.000	+0.000	+0.000	+0.000	+0.000	+0.000	+0.000	+0.000	+0.000	+0.000	+0.000	+0.000	+0.000	+0.000	+0.000	+0.000	+0.000	+0.000	+0.000	+0.000	+0.000	+0.000	+0.000	+0.000	+0.000	+0.000	+0.000	+0.000	+0.000	+0.000	+0.000	+0.000	+0.000	+0.000	+0.000	+0.000	+0.000	+0.000	+0.000	+0.000	+0.000	+0.000	+0.000	+0.000	+0.000	+0.000	+0.000	+0.000	+0.000	+0.000	+0.000	+0.000	
rs13185329     +0.000	+0.000	+0.000	+0.000	+0.000	+0.000	+0.000	+0.000	+0.000	+0.000	+0.000	+0.000	+0.000	+0.000	+0.000	+0.000	+0.000	+0.000	+0.000	+0.000	+0.000	+0.000	+0.000	+0.000	+0.000	+0.000	+0.000	+0.000	+0.000	+0.000	+0.000	+0.000	+0.000	+0.000	+0.000	+0.000	+0.000	+0.000	+0.000	+0.000	+0.000	+0.000	+0.000	+0.000	+0.000	+0.000	+0.000	+0.000	+0.000	+0.000	+0.000	+0.000	+0.000	+0.000	+0.000	+0.000	+0.000	+0.000	+0.000	+0.000	+0.000	+0.000	
rs12523591     +0.000	+0.000	+0.000	+0.000	+0.000	+0.000	+0.000	+0.000	+0.000	+0.000	+0.000	+0.000	+0.000	+0.000	+0.000	+0.000	+0.000	+0.000	+0.000	+0.000	+0.000	+0.000	+0.000	+0.000	+0.000	+0.000	+0.000	+0.000	+0.000	+0.000	+0.000	+0.000	+0.000	+0.000	+0.000	+0.000	+0.000	+0.000	+0.000	+0.000	+0.000	+0.000	+0.000	+0.000	+0.000	+0.000	+0.000	+0.000	+0.000	+0.000	+0.000	+0.000	+0.000	+0.000	+0.000	+0.000	+0.000	+0.000	+0.000	+0.000	+0.000	+0.000	
rs12518495     +0.000	+0.000	+0.000	+0.000	+0.000	+0.000	+0.000	+0.000	+0.000	+0.000	+0.000	+0.000	+0.000	+0.000	+0.000	+0.000	+0.000	+0.000	+0.000	+0.000	+0.000	+0.000	+0.000	+0.000	+0.000	+0.000	+0.000	+0.000	+0.000	+0.000	+0.000	+0.000	+0.000	+0.000	+0.000	+0.000	+0.000	+0.000	+0.000	+0.000	+0.000	+0.000	+0.000	+0.000	+0.000	+0.000	+0.000	+0.000	+0.000	+0.000	+0.000	+0.000	+0.000	+0.000	+0.000	+0.000	+0.000	+0.000	+0.000	+0.000	+0.000	+0.000	
rs1546499      +0.000	+0.000	+0.000	+0.000	+0.000	+0.000	+0.000	+0.000	+0.000	+0.000	+0.000	+0.000	+0.000	+0.000	+0.000	+0.000	+0.000	+0.000	+0.000	+0.000	+0.000	+0.000	+0.000	+0.000	+0.000	+0.000	+0.000	+0.000	+0.000	+0.000	+0.000	+0.000	+0.000	+0.000	+0.000	+0.000	+0.000	+0.000	+0.000	+0.000	+0.000	+0.000	+0.000	+0.000	+0.000	+0.000	+0.000	+0.000	+0.000	+0.000	+0.000	+0.000	+0.000	+0.000	+0.000	+0.000	+0.000	+0.000	+0.000	+0.000	+0.000	+0.000	
rs4836293      +0.000	+0.000	+0.000	+0.000	+0.000	+0.000	+0.000	+0.000	+0.000	+0.000	+0.000	+0.000	+0.000	+0.000	+0.000	+0.000	+0.000	+0.000	+0.000	+0.000	+0.000	+0.000	+0.000	+0.000	+0.000	+0.000	+0.000	+0.000	+0.000	+0.000	+0.000	+0.000	+0.000	+0.000	+0.000	+0.000	+0.000	+0.000	+0.000	+0.000	+0.000	+0.000	+0.000	+0.000	+0.000	+0.000	+0.000	+0.000	+0.000	+0.000	+0.000	+0.000	+0.000	+0.000	+0.000	+0.000	+0.000	+0.000	+0.000	+0.000	+0.000	+0.000	
rs1972091      +0.000	+0.000	+0.000	+0.000	+0.000	+0.000	+0.000	+0.000	+0.000	+0.000	+0.000	+0.000	+0.000	+0.000	+0.000	+0.000	+0.000	+0.000	+0.000	+0.000	+0.000	+0.000	+0.000	+0.000	+0.000	+0.000	+0.000	+0.000	+0.000	+0.000	+0.000	+0.000	+0.000	+0.000	+0.000	+0.000	+0.000	+0.000	+0.000	+0.000	+0.000	+0.000	+0.000	+0.000	+0.000	+0.000	+0.000	+0.000	+0.000	+0.000	+0.000	+0.000	+0.000	+0.000	+0.000	+0.000	+0.000	+0.000	+0.000	+0.000	+0.000	+0.000	
rs10463822     +0.000	+0.000	+0.000	+0.000	+0.000	+0.000	+0.000	+0.000	+0.000	+0.000	+0.000	+0.000	+0.000	+0.000	+0.000	+0.000	+0.000	+0.000	+0.000	+0.000	+0.000	+0.000	+0.000	+0.000	+0.000	+0.000	+0.000	+0.000	+0.000	+0.000	+0.000	+0.000	+0.000	+0.000	+0.000	+0.000	+0.000	+0.000	+0.000	+0.000	+0.000	+0.000	+0.000	+0.000	+0.000	+0.000	+0.000	+0.000	+0.000	+0.000	+0.000	+0.000	+0.000	+0.000	+0.000	+0.000	+0.000	+0.000	+0.000	+0.000	+0.000	+0.000	
rs13187648     +0.000	+0.000	+0.000	+0.000	+0.000	+0.000	+0.000	+0.000	+0.000	+0.000	+0.000	+0.000	+0.000	+0.000	+0.000	+0.000	+0.000	+0.000	+0.000	+0.000	+0.000	+0.000	+0.000	+0.000	+0.000	+0.000	+0.000	+0.000	+0.000	+0.000	+0.000	+0.000	+0.000	+0.000	+0.000	+0.000	+0.000	+0.000	+0.000	+0.000	+0.000	+0.000	+0.000	+0.000	+0.000	+0.000	+0.000	+0.000	+0.000	+0.000	+0.000	+0.000	+0.000	+0.000	+0.000	+0.000	+0.000	+0.000	+0.000	+0.000	+0.000	+0.000	
rs907194       +0.000	+0.000	+0.000	+0.000	+0.000	+0.000	+0.000	+0.000	+0.000	+0.000	+0.000	+0.000	+0.000	+0.000	+0.000	+0.000	+0.000	+0.000	+0.000	+0.000	+0.000	+0.000	+0.000	+0.000	+0.000	+0.000	+0.000	+0.000	+0.000	+0.000	+0.000	+0.000	+0.000	+0.000	+0.000	+0.000	+0.000	+0.000	+0.000	+0.000	+0.000	+0.000	+0.000	+0.000	+0.000	+0.000	+0.000	+0.000	+0.000	+0.000	+0.000	+0.000	+0.000	+0.000	+0.000	+0.000	+0.000	+0.000	+0.000	+0.000	+0.000	+0.000	
rs13175243     +0.000	+0.000	+0.000	+0.000	+0.000	+0.000	+0.000	+0.000	+0.000	+0.000	+0.000	+0.000	+0.000	+0.000	+0.000	+0.000	+0.000	+0.000	+0.000	+0.000	+0.000	+0.000	+0.000	+0.000	+0.000	+0.000	+0.000	+0.000	+0.000	+0.000	+0.000	+0.000	+0.000	+0.000	+0.000	+0.000	+0.000	+0.000	+0.000	+0.000	+0.000	+0.000	+0.000	+0.000	+0.000	+0.000	+0.000	+0.000	+0.000	+0.000	+0.000	+0.000	+0.000	+0.000	+0.000	+0.000	+0.000	+0.000	+0.000	+0.000	+0.000	+0.000	
rs13155478     +0.000	+0.000	+0.000	+0.000	+0.000	+0.000	+0.000	+0.000	+0.000	+0.000	+0.000	+0.000	+0.000	+0.000	+0.000	+0.000	+0.000	+0.000	+0.000	+0.000	+0.000	+0.000	+0.000	+0.000	+0.000	+0.000	+0.000	+0.000	+0.000	+0.000	+0.000	+0.000	+0.000	+0.000	+0.000	+0.000	+0.000	+0.000	+0.000	+0.000	+0.000	+0.000	+0.000	+0.000	+0.000	+0.000	+0.000	+0.000	+0.000	+0.000	+0.000	+0.000	+0.000	+0.000	+0.000	+0.000	+0.000	+0.000	+0.000	+0.000	+0.000	+0.000	
rs10463824     +0.000	+0.000	+0.000	+0.000	+0.000	+0.000	+0.000	+0.000	+0.000	+0.000	+0.000	+0.000	+0.000	+0.000	+0.000	+0.000	+0.000	+0.000	+0.000	+0.000	+0.000	+0.000	+0.000	+0.000	+0.000	+0.000	+0.000	+0.000	+0.000	+0.000	+0.000	+0.000	+0.000	+0.000	+0.000	+0.000	+0.000	+0.000	+0.000	+0.000	+0.000	+0.000	+0.000	+0.000	+0.000	+0.000	+0.000	+0.000	+0.000	+0.000	+0.000	+0.000	+0.000	+0.000	+0.000	+0.000	+0.000	+0.000	+0.000	+0.000	+0.000	+0.000	
rs13161700     +0.000	+0.000	+0.000	+0.000	+0.000	+0.000	+0.000	+0.000	+0.000	+0.000	+0.000	+0.000	+0.000	+0.000	+0.000	+0.000	+0.000	+0.000	+0.000	+0.000	+0.000	+0.000	+0.000	+0.000	+0.000	+0.000	+0.000	+0.000	+0.000	+0.000	+0.000	+0.000	+0.000	+0.000	+0.000	+0.000	+0.000	+0.000	+0.000	+0.000	+0.000	+0.000	+0.000	+0.000	+0.000	+0.000	+0.000	+0.000	+0.000	+0.000	+0.000	+0.000	+0.000	+0.000	+0.000	+0.000	+0.000	+0.000	+0.000	+0.000	+0.000	+0.000	
