## Summary of overall evidence for association with region:
## log10(BF for region) = -0.485612
## p-value for region = NA

## BFs for choosing among multi-SNP models:
## log10(average 1-SNP BF) = -0.413974
## log10(average 2-SNP BF) = -0.678535

## Example posterior probabilities for multi-SNP models, based on default prior: [p(l) propto 0.5^l for l=1,2,...,L]
## posterior probability of 1-SNP = 0.786225
## posterior probability of 2-SNP = 0.213775

## log10(BF) for single SNP and pair of SNPs:
rs177662       +0.043	-0.032	-0.001	-0.444	-0.445	-0.447	-0.442	-0.164	-0.340	-0.327	-0.444	-0.358	-0.289	-0.313	-0.470	-0.471	-0.374	-0.494	-0.375	-0.402	-0.330	-0.448	-0.448	-0.402	-0.447	-0.442	-0.422	-0.476	-0.387	-0.476	-0.385	-0.465	-0.476	-0.476	-0.387	-0.477	-0.476	-0.477	-0.421	-0.478	-0.466	-0.478	-0.482	-0.476	-0.422	-0.338	-0.422	-0.482	-0.345	-0.482	-0.482	-0.482	-0.419	-0.344	-0.482	-0.358	-0.420	-0.485	-0.482	-0.482	-0.482	-0.481	-0.436	-0.480	-0.480	-0.346	-0.479	-0.481	-0.482	-0.482	-0.482	-0.355	-0.482	-0.482	-0.482	-0.419	-0.482	-0.482	-0.482	-0.496	-0.346	-0.481	-0.371	-0.481	-0.423	-0.421	-0.398	-0.473	-0.473	-0.346	-0.501	-0.474	-0.371	-0.371	-0.508	-0.465	-0.528	-0.346	-0.433	-0.472	-0.466	-0.472	-0.473	-0.472	-0.472	-0.457	-0.506	-0.457	-0.472	-0.480	-0.537	-0.476	-0.513	-0.476	-0.533	-0.347	-0.420	-0.485	-0.072	-0.476	-0.532	-0.077	-0.074	-0.463	-0.533	-0.474	-0.534	-0.346	-0.476	-0.476	-0.463	-0.534	-0.444	-0.532	-0.474	-0.079	-0.476	-0.365	-0.475	-0.346	-0.535	-0.535	-0.535	-0.536	-0.346	-0.536	-0.478	-0.535	-0.477	-0.084	-0.524	-0.445	-0.526	-0.527	+0.425	-0.400	-0.438	-0.527	+0.426	-0.446	+0.426	-0.419	-0.446	-0.527	-0.316	+0.425	-0.058	-0.529	-0.444	-0.454	-0.524	-0.522	-0.063	+0.406	-0.062	+0.406	-0.062	-0.440	-0.216	-0.327	
rs63963        -0.032	+0.059	+0.010	-0.431	-0.432	-0.433	-0.429	-0.150	-0.326	-0.315	-0.431	-0.343	-0.271	-0.297	-0.455	-0.457	-0.359	-0.480	-0.360	-0.387	-0.316	-0.434	-0.433	-0.387	-0.433	-0.431	-0.409	-0.463	-0.375	-0.464	-0.372	-0.453	-0.463	-0.463	-0.374	-0.465	-0.464	-0.464	-0.408	-0.465	-0.452	-0.465	-0.470	-0.464	-0.409	-0.324	-0.409	-0.469	-0.331	-0.469	-0.469	-0.469	-0.404	-0.330	-0.469	-0.344	-0.406	-0.471	-0.469	-0.469	-0.469	-0.467	-0.421	-0.467	-0.467	-0.332	-0.465	-0.468	-0.469	-0.469	-0.469	-0.342	-0.469	-0.469	-0.469	-0.404	-0.469	-0.469	-0.469	-0.483	-0.332	-0.468	-0.357	-0.467	-0.407	-0.406	-0.382	-0.458	-0.458	-0.332	-0.489	-0.459	-0.357	-0.356	-0.495	-0.451	-0.516	-0.333	-0.417	-0.457	-0.451	-0.457	-0.458	-0.457	-0.457	-0.442	-0.493	-0.442	-0.457	-0.466	-0.524	-0.462	-0.500	-0.461	-0.520	-0.333	-0.407	-0.476	-0.057	-0.467	-0.520	-0.062	-0.058	-0.449	-0.521	-0.466	-0.521	-0.332	-0.468	-0.468	-0.448	-0.521	-0.436	-0.519	-0.466	-0.064	-0.468	-0.347	-0.466	-0.332	-0.523	-0.523	-0.523	-0.524	-0.332	-0.524	-0.469	-0.523	-0.469	-0.068	-0.512	-0.437	-0.515	-0.516	+0.413	-0.391	-0.431	-0.516	+0.413	-0.439	+0.413	-0.412	-0.439	-0.516	-0.304	+0.412	-0.059	-0.517	-0.437	-0.447	-0.513	-0.511	-0.064	+0.394	-0.063	+0.394	-0.063	-0.428	-0.202	-0.315	
rs8180855      -0.001	+0.010	+0.135	-0.363	-0.364	-0.366	-0.360	-0.078	-0.253	-0.265	-0.368	-0.290	-0.194	-0.223	-0.389	-0.391	-0.305	-0.421	-0.306	-0.333	-0.250	-0.377	-0.377	-0.331	-0.376	-0.360	-0.342	-0.397	-0.315	-0.398	-0.313	-0.383	-0.397	-0.398	-0.315	-0.399	-0.398	-0.398	-0.341	-0.399	-0.385	-0.399	-0.411	-0.398	-0.342	-0.256	-0.342	-0.403	-0.265	-0.402	-0.403	-0.403	-0.333	-0.264	-0.403	-0.279	-0.340	-0.398	-0.403	-0.403	-0.403	-0.401	-0.352	-0.400	-0.400	-0.266	-0.399	-0.402	-0.403	-0.403	-0.403	-0.277	-0.402	-0.403	-0.402	-0.333	-0.403	-0.402	-0.402	-0.417	-0.266	-0.401	-0.289	-0.401	-0.340	-0.338	-0.314	-0.392	-0.392	-0.266	-0.425	-0.392	-0.290	-0.288	-0.432	-0.385	-0.453	-0.267	-0.350	-0.390	-0.384	-0.390	-0.392	-0.390	-0.390	-0.375	-0.429	-0.375	-0.390	-0.400	-0.460	-0.395	-0.436	-0.395	-0.457	-0.267	-0.341	-0.411	+0.012	-0.402	-0.456	+0.007	+0.011	-0.380	-0.457	-0.401	-0.458	-0.264	-0.403	-0.403	-0.380	-0.458	-0.368	-0.456	-0.401	+0.005	-0.403	-0.273	-0.401	-0.264	-0.459	-0.459	-0.459	-0.460	-0.264	-0.460	-0.404	-0.459	-0.404	+0.000	-0.449	-0.372	-0.443	-0.444	+0.483	-0.320	-0.363	-0.444	+0.484	-0.374	+0.484	-0.343	-0.374	-0.444	-0.242	+0.483	+0.007	-0.446	-0.372	-0.382	-0.441	-0.439	+0.002	+0.464	+0.003	+0.464	+0.003	-0.370	-0.132	-0.252	
rs17863129     -0.444	-0.431	-0.363	-0.540	-0.675	-0.679	-0.682	-0.714	-0.683	-0.857	-0.888	-0.814	-0.859	-0.863	-0.968	-0.969	-0.832	-0.964	-0.834	-0.847	-0.820	-0.916	-0.903	-0.851	-0.902	-0.961	-0.925	-0.955	-0.856	-0.956	-0.853	-0.978	-0.955	-0.955	-0.855	-0.959	-0.956	-0.957	-0.925	-0.959	-0.967	-0.959	-0.894	-0.956	-0.925	-0.839	-0.925	-0.972	-0.837	-0.972	-0.970	-0.971	-0.959	-0.836	-0.971	-0.835	-0.921	-0.991	-0.971	-0.971	-0.971	-0.974	-0.955	-0.975	-0.975	-0.838	-0.974	-0.973	-0.971	-0.971	-0.972	-0.828	-0.973	-0.971	-0.973	-0.959	-0.971	-0.973	-0.973	-0.979	-0.839	-0.976	-0.872	-0.976	-0.935	-0.934	-0.918	-0.979	-0.979	-0.839	-0.985	-0.979	-0.872	-0.876	-0.991	-0.954	-0.981	-0.839	-0.944	-0.978	-0.976	-0.978	-0.979	-0.978	-0.978	-0.968	-0.990	-0.968	-0.978	-0.979	-0.996	-0.979	-0.997	-0.979	-0.988	-0.839	-0.923	-0.930	-0.595	-0.931	-0.988	-0.600	-0.597	-0.982	-0.990	-0.930	-0.990	-0.846	-0.932	-0.932	-0.982	-0.990	-0.897	-0.986	-0.930	-0.602	-0.932	-0.923	-0.930	-0.846	-0.993	-0.994	-0.994	-0.995	-0.846	-0.996	-0.934	-0.993	-0.933	-0.606	-0.996	-0.893	-1.030	-1.030	-0.126	-0.951	-0.890	-1.030	-0.125	-0.895	-0.125	-0.865	-0.895	-1.030	-0.771	-0.126	-0.577	-1.031	-0.893	-0.905	-1.029	-1.028	-0.582	-0.144	-0.582	-0.144	-0.581	-0.863	-0.755	-0.789	
rs11563857     -0.445	-0.432	-0.364	-0.675	-0.541	-0.671	-0.671	-0.715	-0.679	-0.858	-0.888	-0.815	-0.860	-0.864	-0.969	-0.970	-0.833	-0.965	-0.834	-0.848	-0.821	-0.917	-0.904	-0.852	-0.904	-0.962	-0.926	-0.956	-0.857	-0.957	-0.854	-0.979	-0.956	-0.956	-0.856	-0.959	-0.957	-0.957	-0.926	-0.959	-0.967	-0.959	-0.895	-0.957	-0.926	-0.840	-0.926	-0.972	-0.838	-0.972	-0.971	-0.971	-0.960	-0.837	-0.972	-0.836	-0.922	-0.992	-0.971	-0.971	-0.971	-0.975	-0.956	-0.976	-0.976	-0.839	-0.975	-0.974	-0.971	-0.972	-0.972	-0.828	-0.973	-0.971	-0.973	-0.960	-0.971	-0.974	-0.974	-0.980	-0.840	-0.976	-0.873	-0.977	-0.935	-0.935	-0.919	-0.980	-0.980	-0.840	-0.985	-0.980	-0.873	-0.877	-0.992	-0.955	-0.981	-0.840	-0.945	-0.979	-0.976	-0.979	-0.979	-0.979	-0.979	-0.969	-0.991	-0.969	-0.979	-0.980	-0.997	-0.980	-0.998	-0.980	-0.989	-0.841	-0.924	-0.931	-0.596	-0.932	-0.988	-0.600	-0.598	-0.983	-0.990	-0.930	-0.991	-0.847	-0.932	-0.932	-0.983	-0.991	-0.898	-0.987	-0.930	-0.602	-0.933	-0.924	-0.930	-0.846	-0.994	-0.994	-0.994	-0.996	-0.846	-0.996	-0.934	-0.993	-0.934	-0.607	-0.997	-0.894	-1.030	-1.031	-0.127	-0.952	-0.890	-1.031	-0.126	-0.895	-0.126	-0.866	-0.895	-1.031	-0.772	-0.127	-0.578	-1.031	-0.894	-0.905	-1.029	-1.028	-0.583	-0.144	-0.582	-0.145	-0.582	-0.864	-0.756	-0.790	
rs17867686     -0.447	-0.433	-0.366	-0.679	-0.671	-0.544	-0.669	-0.717	-0.675	-0.861	-0.892	-0.818	-0.863	-0.867	-0.972	-0.972	-0.836	-0.968	-0.837	-0.851	-0.824	-0.920	-0.907	-0.856	-0.907	-0.965	-0.929	-0.959	-0.861	-0.959	-0.859	-0.982	-0.959	-0.959	-0.860	-0.962	-0.959	-0.960	-0.928	-0.962	-0.970	-0.962	-0.899	-0.960	-0.929	-0.842	-0.929	-0.975	-0.841	-0.975	-0.974	-0.974	-0.962	-0.840	-0.974	-0.839	-0.924	-0.994	-0.974	-0.974	-0.974	-0.978	-0.958	-0.978	-0.978	-0.842	-0.978	-0.977	-0.974	-0.974	-0.975	-0.832	-0.976	-0.974	-0.976	-0.962	-0.974	-0.976	-0.976	-0.982	-0.842	-0.979	-0.875	-0.979	-0.938	-0.937	-0.921	-0.982	-0.982	-0.842	-0.988	-0.982	-0.875	-0.880	-0.995	-0.957	-0.985	-0.843	-0.947	-0.982	-0.979	-0.981	-0.982	-0.981	-0.981	-0.971	-0.993	-0.971	-0.981	-0.982	-1.000	-0.982	-1.000	-0.982	-0.992	-0.843	-0.926	-0.934	-0.598	-0.935	-0.991	-0.602	-0.600	-0.986	-0.994	-0.933	-0.994	-0.849	-0.935	-0.935	-0.986	-0.994	-0.901	-0.990	-0.933	-0.604	-0.936	-0.927	-0.934	-0.849	-0.997	-0.997	-0.997	-0.999	-0.849	-1.000	-0.937	-0.997	-0.937	-0.609	-1.000	-0.897	-1.032	-1.033	-0.129	-0.955	-0.894	-1.033	-0.128	-0.899	-0.128	-0.869	-0.899	-1.033	-0.774	-0.129	-0.580	-1.034	-0.897	-0.909	-1.031	-1.031	-0.585	-0.147	-0.584	-0.147	-0.584	-0.868	-0.758	-0.792	
rs11563846     -0.442	-0.429	-0.360	-0.682	-0.671	-0.669	-0.537	-0.712	-0.679	-0.852	-0.882	-0.810	-0.856	-0.860	-0.966	-0.966	-0.828	-0.961	-0.829	-0.843	-0.818	-0.912	-0.899	-0.847	-0.899	-0.958	-0.923	-0.951	-0.849	-0.952	-0.847	-0.974	-0.951	-0.951	-0.849	-0.955	-0.952	-0.953	-0.922	-0.955	-0.963	-0.955	-0.888	-0.952	-0.922	-0.836	-0.922	-0.968	-0.834	-0.968	-0.967	-0.967	-0.956	-0.834	-0.967	-0.831	-0.918	-0.988	-0.967	-0.967	-0.967	-0.971	-0.952	-0.972	-0.971	-0.836	-0.971	-0.970	-0.967	-0.968	-0.968	-0.823	-0.969	-0.967	-0.969	-0.956	-0.967	-0.969	-0.969	-0.975	-0.836	-0.972	-0.869	-0.973	-0.932	-0.931	-0.915	-0.976	-0.976	-0.836	-0.980	-0.976	-0.869	-0.874	-0.987	-0.950	-0.976	-0.837	-0.941	-0.975	-0.973	-0.975	-0.976	-0.975	-0.975	-0.965	-0.986	-0.965	-0.975	-0.976	-0.992	-0.976	-0.993	-0.976	-0.984	-0.837	-0.920	-0.925	-0.593	-0.927	-0.983	-0.597	-0.595	-0.980	-0.985	-0.925	-0.986	-0.843	-0.927	-0.927	-0.980	-0.986	-0.892	-0.982	-0.925	-0.599	-0.928	-0.920	-0.926	-0.843	-0.989	-0.989	-0.989	-0.991	-0.843	-0.991	-0.929	-0.988	-0.929	-0.604	-0.992	-0.889	-1.026	-1.027	-0.124	-0.948	-0.885	-1.027	-0.123	-0.890	-0.123	-0.860	-0.890	-1.027	-0.769	-0.124	-0.576	-1.028	-0.888	-0.900	-1.026	-1.025	-0.580	-0.141	-0.580	-0.142	-0.579	-0.858	-0.752	-0.787	
rs118051516    -0.164	-0.150	-0.078	-0.714	-0.715	-0.717	-0.712	-0.285	-0.605	-0.652	-0.730	-0.555	-0.636	-0.638	-0.746	-0.748	-0.574	-0.713	-0.575	-0.593	-0.444	-0.668	-0.655	-0.597	-0.655	-0.766	-0.660	-0.750	-0.740	-0.751	-0.738	-0.776	-0.750	-0.750	-0.739	-0.752	-0.751	-0.751	-0.662	-0.752	-0.744	-0.752	-0.755	-0.751	-0.659	-0.619	-0.659	-0.758	-0.481	-0.758	-0.758	-0.758	-0.693	-0.480	-0.758	-0.640	-0.642	-0.756	-0.758	-0.758	-0.758	-0.758	-0.702	-0.757	-0.757	-0.484	-0.756	-0.758	-0.758	-0.758	-0.758	-0.639	-0.758	-0.758	-0.758	-0.693	-0.758	-0.758	-0.758	-0.771	-0.484	-0.758	-0.644	-0.758	-0.703	-0.702	-0.680	-0.752	-0.752	-0.485	-0.785	-0.753	-0.644	-0.649	-0.785	-0.741	-0.802	-0.486	-0.713	-0.751	-0.746	-0.751	-0.752	-0.751	-0.751	-0.737	-0.781	-0.737	-0.751	-0.758	-0.809	-0.755	-0.784	-0.754	-0.806	-0.487	-0.653	-0.754	-0.357	-0.741	-0.806	-0.362	-0.359	-0.726	-0.807	-0.740	-0.807	-0.604	-0.741	-0.741	-0.726	-0.807	-0.715	-0.805	-0.740	-0.364	-0.742	-0.622	-0.740	-0.604	-0.808	-0.808	-0.808	-0.809	-0.604	-0.809	-0.743	-0.808	-0.743	-0.368	-0.806	-0.708	-0.793	-0.794	+0.107	-0.667	-0.709	-0.794	+0.108	-0.710	+0.108	-0.689	-0.710	-0.794	-0.559	+0.107	-0.347	-0.796	-0.708	-0.719	-0.790	-0.788	-0.352	+0.090	-0.351	+0.090	-0.351	-0.708	-0.510	-0.574	
rs993357       -0.340	-0.326	-0.253	-0.683	-0.679	-0.675	-0.679	-0.605	-0.417	-0.676	-0.680	-0.681	-0.742	-0.748	-0.854	-0.853	-0.700	-0.820	-0.701	-0.710	-0.710	-0.788	-0.770	-0.716	-0.770	-0.835	-0.812	-0.832	-0.685	-0.833	-0.682	-0.855	-0.833	-0.833	-0.684	-0.836	-0.833	-0.834	-0.811	-0.837	-0.852	-0.837	-0.735	-0.834	-0.812	-0.719	-0.812	-0.852	-0.726	-0.852	-0.850	-0.851	-0.842	-0.726	-0.851	-0.684	-0.806	-0.878	-0.851	-0.851	-0.851	-0.856	-0.840	-0.857	-0.857	-0.728	-0.857	-0.855	-0.851	-0.851	-0.852	-0.665	-0.853	-0.851	-0.854	-0.841	-0.851	-0.854	-0.854	-0.858	-0.728	-0.858	-0.763	-0.859	-0.823	-0.823	-0.810	-0.866	-0.866	-0.728	-0.831	-0.866	-0.763	-0.766	-0.844	-0.834	-0.840	-0.729	-0.833	-0.866	-0.864	-0.866	-0.865	-0.866	-0.866	-0.857	-0.843	-0.857	-0.865	-0.863	-0.860	-0.865	-0.855	-0.865	-0.850	-0.729	-0.809	-0.779	-0.498	-0.796	-0.849	-0.502	-0.499	-0.866	-0.851	-0.794	-0.852	-0.735	-0.797	-0.797	-0.866	-0.852	-0.745	-0.847	-0.794	-0.503	-0.797	-0.808	-0.795	-0.735	-0.856	-0.856	-0.856	-0.859	-0.735	-0.859	-0.799	-0.855	-0.798	-0.508	-0.859	-0.755	-0.918	-0.918	-0.031	-0.825	-0.736	-0.918	-0.030	-0.757	-0.030	-0.708	-0.757	-0.918	-0.666	-0.031	-0.459	-0.919	-0.755	-0.768	-0.918	-0.918	-0.464	-0.048	-0.463	-0.048	-0.463	-0.682	-0.644	-0.683	
rs7780149      -0.327	-0.315	-0.265	-0.857	-0.858	-0.861	-0.852	-0.652	-0.676	-0.497	-0.878	-0.851	-0.818	-0.817	-0.931	-0.931	-0.865	-0.951	-0.866	-0.884	-0.727	-0.928	-0.923	-0.885	-0.922	-0.930	-0.878	-0.915	-0.924	-0.916	-0.923	-0.946	-0.915	-0.915	-0.923	-0.919	-0.916	-0.917	-0.879	-0.919	-0.929	-0.919	-0.941	-0.916	-0.878	-0.776	-0.878	-0.932	-0.752	-0.932	-0.931	-0.931	-0.910	-0.751	-0.932	-0.808	-0.869	-0.930	-0.931	-0.931	-0.931	-0.935	-0.910	-0.936	-0.936	-0.753	-0.935	-0.934	-0.931	-0.932	-0.932	-0.815	-0.933	-0.931	-0.933	-0.910	-0.931	-0.933	-0.933	-0.947	-0.754	-0.936	-0.803	-0.937	-0.897	-0.896	-0.881	-0.941	-0.941	-0.754	-0.915	-0.941	-0.804	-0.811	-0.908	-0.916	-0.979	-0.755	-0.906	-0.941	-0.938	-0.941	-0.941	-0.941	-0.941	-0.931	-0.898	-0.931	-0.941	-0.941	-0.982	-0.941	-0.902	-0.941	-0.981	-0.756	-0.874	-0.935	-0.436	-0.928	-0.981	-0.442	-0.438	-0.940	-0.981	-0.927	-0.981	-0.795	-0.929	-0.929	-0.940	-0.982	-0.883	-0.981	-0.927	-0.444	-0.929	-0.877	-0.928	-0.794	-0.982	-0.982	-0.982	-0.982	-0.794	-0.982	-0.930	-0.982	-0.930	-0.450	-0.973	-0.898	-0.950	-0.951	+0.018	-0.916	-0.876	-0.951	+0.019	-0.899	+0.019	-0.855	-0.899	-0.951	-0.712	+0.018	-0.495	-0.954	-0.898	-0.908	-0.946	-0.944	-0.500	-0.001	-0.499	-0.001	-0.499	-0.900	-0.706	-0.733	
rs11563839     -0.444	-0.431	-0.368	-0.888	-0.888	-0.892	-0.882	-0.730	-0.680	-0.878	-0.571	-0.848	-0.890	-0.892	-0.993	-0.995	-0.866	-0.981	-0.867	-0.882	-0.848	-0.949	-0.937	-0.887	-0.937	-1.005	-0.956	-0.993	-0.875	-0.994	-0.872	-1.016	-0.993	-0.993	-0.874	-0.995	-0.994	-0.994	-0.956	-0.996	-0.991	-0.996	-0.919	-0.994	-0.956	-0.872	-0.956	-1.003	-0.865	-1.002	-1.002	-1.002	-0.987	-0.864	-1.002	-0.838	-0.950	-1.011	-1.002	-1.002	-1.002	-1.003	-0.984	-1.002	-1.002	-0.866	-1.001	-1.003	-1.002	-1.002	-1.003	-0.841	-1.003	-1.002	-1.003	-0.987	-1.002	-1.003	-1.003	-1.014	-0.866	-1.003	-0.893	-1.003	-0.952	-0.951	-0.931	-1.001	-1.001	-0.866	-0.947	-1.001	-0.893	-0.898	-0.956	-0.987	-1.000	-0.867	-0.964	-1.000	-0.995	-1.000	-1.001	-1.000	-1.000	-0.987	-0.944	-0.987	-0.999	-1.005	-1.010	-1.003	-0.953	-1.003	-1.006	-0.867	-0.953	-0.983	-0.601	-0.964	-1.005	-0.606	-0.603	-1.011	-1.007	-0.963	-1.007	-0.866	-0.965	-0.965	-1.011	-1.007	-0.951	-1.005	-0.963	-0.608	-0.965	-0.958	-0.963	-0.865	-1.009	-1.009	-1.009	-1.010	-0.865	-1.011	-0.967	-1.009	-0.966	-0.613	-1.004	-0.929	-1.003	-1.004	-0.134	-0.984	-0.944	-1.004	-0.133	-0.930	-0.133	-0.923	-0.930	-1.004	-0.784	-0.134	-0.589	-1.006	-0.929	-0.940	-1.000	-0.999	-0.594	-0.152	-0.593	-0.152	-0.593	-0.871	-0.774	-0.804	
rs7794069      -0.358	-0.343	-0.290	-0.814	-0.815	-0.818	-0.810	-0.555	-0.681	-0.851	-0.848	-0.443	-0.737	-0.751	-0.804	-0.800	-0.577	-0.741	-0.577	-0.726	-0.764	-0.570	-0.742	-0.746	-0.751	-0.688	-0.812	-0.750	-0.875	-0.752	-0.874	-0.734	-0.750	-0.750	-0.875	-0.758	-0.752	-0.753	-0.810	-0.758	-0.818	-0.758	-0.899	-0.752	-0.812	-0.710	-0.812	-0.792	-0.773	-0.792	-0.788	-0.788	-0.866	-0.772	-0.790	-0.746	-0.816	-0.902	-0.789	-0.789	-0.789	-0.805	-0.853	-0.809	-0.809	-0.773	-0.809	-0.800	-0.789	-0.791	-0.792	-0.756	-0.795	-0.789	-0.796	-0.866	-0.789	-0.797	-0.797	-0.825	-0.773	-0.808	-0.780	-0.811	-0.815	-0.815	-0.816	-0.838	-0.838	-0.773	-0.921	-0.837	-0.780	-0.781	-0.918	-0.777	-0.932	-0.773	-0.822	-0.839	-0.844	-0.839	-0.837	-0.839	-0.839	-0.839	-0.918	-0.839	-0.839	-0.821	-0.933	-0.832	-0.920	-0.833	-0.933	-0.773	-0.813	-0.830	-0.554	-0.832	-0.933	-0.558	-0.556	-0.888	-0.934	-0.831	-0.934	-0.738	-0.833	-0.833	-0.888	-0.934	-0.822	-0.933	-0.831	-0.560	-0.833	-0.847	-0.831	-0.737	-0.934	-0.934	-0.934	-0.934	-0.737	-0.934	-0.835	-0.934	-0.835	-0.564	-0.932	-0.794	-0.897	-0.899	-0.156	-0.874	-0.817	-0.899	-0.156	-0.796	-0.156	-0.793	-0.796	-0.899	-0.653	-0.156	-0.541	-0.901	-0.794	-0.806	-0.894	-0.891	-0.545	-0.172	-0.544	-0.172	-0.544	-0.859	-0.597	-0.673	
rs2374330      -0.289	-0.271	-0.194	-0.859	-0.860	-0.863	-0.856	-0.636	-0.742	-0.818	-0.890	-0.737	-0.465	-0.601	-0.903	-0.904	-0.755	-0.905	-0.756	-0.806	-0.745	-0.841	-0.857	-0.808	-0.857	-0.912	-0.855	-0.898	-0.869	-0.899	-0.867	-0.924	-0.898	-0.898	-0.869	-0.901	-0.899	-0.899	-0.855	-0.901	-0.901	-0.901	-0.890	-0.899	-0.855	-0.774	-0.855	-0.910	-0.763	-0.910	-0.909	-0.909	-0.881	-0.762	-0.910	-0.797	-0.849	-0.931	-0.909	-0.909	-0.909	-0.911	-0.882	-0.911	-0.911	-0.764	-0.910	-0.911	-0.909	-0.910	-0.910	-0.798	-0.910	-0.909	-0.910	-0.881	-0.909	-0.911	-0.911	-0.920	-0.765	-0.912	-0.655	-0.912	-0.864	-0.863	-0.844	-0.911	-0.911	-0.765	-0.942	-0.911	-0.656	-0.667	-0.944	-0.892	-0.928	-0.765	-0.874	-0.910	-0.906	-0.910	-0.911	-0.910	-0.910	-0.898	-0.941	-0.898	-0.910	-0.915	-0.941	-0.912	-0.949	-0.912	-0.935	-0.765	-0.852	-0.887	-0.508	-0.868	-0.935	-0.512	-0.509	-0.887	-0.936	-0.866	-0.937	-0.758	-0.868	-0.868	-0.887	-0.937	-0.851	-0.934	-0.866	-0.514	-0.869	-0.823	-0.867	-0.758	-0.939	-0.939	-0.939	-0.941	-0.758	-0.941	-0.870	-0.938	-0.870	-0.519	-0.950	-0.831	-0.953	-0.953	-0.027	-0.861	-0.844	-0.953	-0.027	-0.833	-0.027	-0.822	-0.833	-0.953	-0.671	-0.028	-0.483	-0.955	-0.831	-0.842	-0.951	-0.949	-0.488	-0.045	-0.487	-0.045	-0.487	-0.831	-0.680	-0.692	
rs6465272      -0.313	-0.297	-0.223	-0.863	-0.864	-0.867	-0.860	-0.638	-0.748	-0.817	-0.892	-0.751	-0.601	-0.467	-0.905	-0.906	-0.769	-0.908	-0.770	-0.810	-0.750	-0.852	-0.861	-0.812	-0.860	-0.913	-0.858	-0.901	-0.868	-0.902	-0.866	-0.926	-0.901	-0.901	-0.867	-0.904	-0.902	-0.902	-0.857	-0.904	-0.902	-0.904	-0.894	-0.902	-0.857	-0.776	-0.857	-0.912	-0.767	-0.912	-0.912	-0.912	-0.882	-0.767	-0.912	-0.800	-0.852	-0.933	-0.912	-0.912	-0.912	-0.913	-0.884	-0.913	-0.913	-0.769	-0.912	-0.913	-0.912	-0.912	-0.912	-0.799	-0.913	-0.912	-0.913	-0.882	-0.912	-0.913	-0.913	-0.923	-0.769	-0.914	-0.684	-0.914	-0.865	-0.864	-0.844	-0.912	-0.912	-0.769	-0.944	-0.912	-0.685	-0.693	-0.946	-0.895	-0.935	-0.770	-0.874	-0.911	-0.907	-0.911	-0.912	-0.911	-0.911	-0.899	-0.944	-0.899	-0.911	-0.916	-0.946	-0.913	-0.951	-0.913	-0.941	-0.770	-0.855	-0.893	-0.513	-0.876	-0.941	-0.517	-0.515	-0.888	-0.942	-0.874	-0.943	-0.765	-0.876	-0.876	-0.888	-0.943	-0.857	-0.940	-0.874	-0.520	-0.876	-0.819	-0.874	-0.764	-0.945	-0.945	-0.945	-0.946	-0.764	-0.946	-0.878	-0.944	-0.878	-0.524	-0.954	-0.840	-0.952	-0.953	-0.037	-0.857	-0.851	-0.953	-0.036	-0.841	-0.036	-0.829	-0.841	-0.953	-0.682	-0.037	-0.491	-0.954	-0.840	-0.851	-0.950	-0.948	-0.496	-0.055	-0.495	-0.055	-0.495	-0.837	-0.681	-0.702	
rs1978094      -0.470	-0.455	-0.389	-0.968	-0.969	-0.972	-0.966	-0.746	-0.854	-0.931	-0.993	-0.804	-0.903	-0.905	-0.586	-0.719	-0.824	-0.948	-0.825	-0.833	-0.857	-0.920	-0.901	-0.842	-0.900	-0.844	-0.964	-0.721	-0.954	-0.725	-0.952	-0.877	-0.723	-0.723	-0.953	-0.737	-0.726	-0.729	-0.964	-0.737	-0.808	-0.737	-0.964	-0.726	-0.964	-0.836	-0.964	-0.787	-0.875	-0.788	-0.783	-0.784	-0.993	-0.874	-0.786	-0.908	-0.958	-1.030	-0.784	-0.784	-0.784	-0.802	-0.990	-0.804	-0.803	-0.876	-0.803	-0.795	-0.784	-0.786	-0.787	-0.907	-0.791	-0.784	-0.791	-0.993	-0.784	-0.793	-0.793	-0.858	-0.876	-0.803	-0.908	-0.804	-0.807	-0.805	-0.778	-0.816	-0.816	-0.876	-1.039	-0.817	-0.909	-0.914	-1.044	-0.811	-1.025	-0.877	-0.824	-0.815	-0.806	-0.815	-0.817	-0.815	-0.815	-0.806	-1.043	-0.806	-0.814	-0.826	-1.038	-0.821	-1.043	-0.821	-1.032	-0.877	-0.961	-0.877	-0.625	-0.871	-1.031	-0.629	-0.626	-1.015	-1.033	-0.868	-1.034	-0.881	-0.872	-0.872	-1.015	-1.034	-0.911	-1.030	-0.869	-0.631	-0.872	-0.962	-0.869	-0.881	-1.036	-1.036	-1.036	-1.038	-0.881	-1.038	-0.874	-1.036	-0.874	-0.636	-1.041	-0.822	-1.047	-1.048	-0.146	-0.984	-0.904	-1.048	-0.145	-0.824	-0.145	-0.877	-0.824	-1.048	-0.798	-0.146	-0.598	-1.049	-0.822	-0.838	-1.045	-1.044	-0.603	-0.164	-0.602	-0.164	-0.602	-0.923	-0.790	-0.817	
rs9690523      -0.471	-0.457	-0.391	-0.969	-0.970	-0.972	-0.966	-0.748	-0.853	-0.931	-0.995	-0.800	-0.904	-0.906	-0.719	-0.587	-0.820	-0.945	-0.822	-0.828	-0.857	-0.917	-0.897	-0.838	-0.897	-0.850	-0.965	-0.731	-0.957	-0.735	-0.955	-0.881	-0.733	-0.733	-0.956	-0.746	-0.736	-0.739	-0.964	-0.746	-0.808	-0.746	-0.967	-0.736	-0.964	-0.838	-0.964	-0.792	-0.875	-0.792	-0.788	-0.789	-0.993	-0.874	-0.791	-0.908	-0.959	-1.030	-0.789	-0.789	-0.789	-0.804	-0.991	-0.806	-0.806	-0.876	-0.805	-0.799	-0.789	-0.791	-0.792	-0.908	-0.795	-0.789	-0.795	-0.993	-0.789	-0.796	-0.796	-0.862	-0.876	-0.805	-0.910	-0.806	-0.804	-0.802	-0.773	-0.814	-0.814	-0.876	-1.041	-0.815	-0.910	-0.915	-1.045	-0.815	-1.027	-0.877	-0.821	-0.812	-0.802	-0.812	-0.814	-0.812	-0.812	-0.802	-1.044	-0.802	-0.812	-0.827	-1.040	-0.820	-1.044	-0.820	-1.034	-0.877	-0.961	-0.883	-0.625	-0.876	-1.033	-0.629	-0.626	-1.016	-1.035	-0.874	-1.036	-0.883	-0.877	-0.877	-1.016	-1.036	-0.915	-1.032	-0.874	-0.631	-0.878	-0.962	-0.875	-0.882	-1.038	-1.038	-1.038	-1.040	-0.882	-1.040	-0.880	-1.038	-0.880	-0.636	-1.043	-0.828	-1.047	-1.048	-0.144	-0.983	-0.908	-1.048	-0.144	-0.831	-0.144	-0.881	-0.831	-1.048	-0.799	-0.145	-0.597	-1.049	-0.828	-0.844	-1.045	-1.043	-0.602	-0.163	-0.601	-0.163	-0.601	-0.925	-0.792	-0.819	
rs2888807      -0.374	-0.359	-0.305	-0.832	-0.833	-0.836	-0.828	-0.574	-0.700	-0.865	-0.866	-0.577	-0.755	-0.769	-0.824	-0.820	-0.461	-0.766	-0.587	-0.739	-0.779	-0.608	-0.762	-0.760	-0.770	-0.714	-0.830	-0.772	-0.891	-0.774	-0.890	-0.758	-0.773	-0.773	-0.891	-0.780	-0.774	-0.776	-0.827	-0.780	-0.837	-0.780	-0.915	-0.775	-0.830	-0.729	-0.830	-0.813	-0.788	-0.814	-0.809	-0.810	-0.883	-0.788	-0.812	-0.764	-0.833	-0.920	-0.810	-0.810	-0.810	-0.826	-0.870	-0.830	-0.829	-0.789	-0.830	-0.821	-0.810	-0.812	-0.813	-0.774	-0.817	-0.810	-0.817	-0.883	-0.810	-0.818	-0.818	-0.845	-0.789	-0.829	-0.797	-0.832	-0.833	-0.834	-0.833	-0.857	-0.857	-0.789	-0.938	-0.856	-0.797	-0.797	-0.935	-0.798	-0.948	-0.789	-0.840	-0.859	-0.863	-0.859	-0.857	-0.859	-0.859	-0.858	-0.935	-0.858	-0.858	-0.841	-0.950	-0.852	-0.937	-0.853	-0.950	-0.789	-0.831	-0.849	-0.569	-0.851	-0.950	-0.572	-0.570	-0.905	-0.950	-0.849	-0.950	-0.755	-0.851	-0.851	-0.905	-0.950	-0.840	-0.950	-0.849	-0.574	-0.852	-0.863	-0.849	-0.755	-0.951	-0.951	-0.951	-0.951	-0.755	-0.951	-0.853	-0.951	-0.853	-0.578	-0.949	-0.813	-0.916	-0.917	-0.166	-0.890	-0.834	-0.917	-0.165	-0.815	-0.165	-0.811	-0.815	-0.917	-0.671	-0.166	-0.555	-0.920	-0.813	-0.825	-0.913	-0.910	-0.559	-0.182	-0.558	-0.182	-0.558	-0.874	-0.617	-0.691	
rs10277877     -0.494	-0.480	-0.421	-0.964	-0.965	-0.968	-0.961	-0.713	-0.820	-0.951	-0.981	-0.741	-0.905	-0.908	-0.948	-0.945	-0.766	-0.586	-0.767	-0.682	-0.879	-0.870	-0.804	-0.738	-0.803	-0.856	-0.947	-0.908	-1.001	-0.910	-0.999	-0.896	-0.908	-0.908	-1.000	-0.915	-0.909	-0.911	-0.946	-0.915	-0.959	-0.915	-1.020	-0.910	-0.947	-0.856	-0.947	-0.944	-0.892	-0.944	-0.941	-0.941	-1.000	-0.892	-0.943	-0.887	-0.949	-1.042	-0.941	-0.941	-0.941	-0.954	-0.989	-0.956	-0.956	-0.894	-0.956	-0.950	-0.941	-0.943	-0.944	-0.894	-0.947	-0.941	-0.947	-1.000	-0.941	-0.947	-0.948	-0.970	-0.894	-0.956	-0.914	-0.958	-0.947	-0.947	-0.941	-0.976	-0.975	-0.894	-1.054	-0.975	-0.914	-0.918	-1.049	-0.930	-1.067	-0.894	-0.954	-0.976	-0.978	-0.976	-0.975	-0.976	-0.976	-0.972	-1.051	-0.972	-0.976	-0.968	-1.075	-0.972	-1.052	-0.973	-1.072	-0.894	-0.948	-0.962	-0.658	-0.957	-1.071	-0.662	-0.659	-1.012	-1.073	-0.956	-1.073	-0.883	-0.958	-0.958	-1.012	-1.073	-0.950	-1.071	-0.956	-0.664	-0.959	-0.980	-0.956	-0.882	-1.074	-1.074	-1.074	-1.075	-0.882	-1.075	-0.960	-1.074	-0.960	-0.668	-1.074	-0.918	-1.069	-1.071	-0.213	-1.005	-0.944	-1.071	-0.212	-0.920	-0.212	-0.920	-0.920	-1.071	-0.802	-0.213	-0.646	-1.072	-0.918	-0.930	-1.068	-1.066	-0.651	-0.230	-0.650	-0.230	-0.650	-0.966	-0.763	-0.822	
rs439          -0.375	-0.360	-0.306	-0.834	-0.834	-0.837	-0.829	-0.575	-0.701	-0.866	-0.867	-0.577	-0.756	-0.770	-0.825	-0.822	-0.587	-0.767	-0.462	-0.740	-0.780	-0.607	-0.762	-0.760	-0.771	-0.715	-0.831	-0.773	-0.892	-0.775	-0.891	-0.760	-0.774	-0.774	-0.892	-0.781	-0.775	-0.777	-0.829	-0.781	-0.838	-0.781	-0.916	-0.776	-0.831	-0.730	-0.831	-0.814	-0.789	-0.815	-0.810	-0.811	-0.884	-0.789	-0.813	-0.765	-0.835	-0.921	-0.811	-0.811	-0.811	-0.827	-0.872	-0.831	-0.830	-0.790	-0.831	-0.822	-0.811	-0.813	-0.814	-0.775	-0.818	-0.811	-0.818	-0.884	-0.811	-0.819	-0.819	-0.846	-0.790	-0.830	-0.798	-0.833	-0.834	-0.835	-0.834	-0.858	-0.858	-0.790	-0.939	-0.857	-0.798	-0.799	-0.936	-0.800	-0.949	-0.790	-0.841	-0.860	-0.864	-0.860	-0.858	-0.860	-0.860	-0.859	-0.936	-0.859	-0.859	-0.843	-0.951	-0.853	-0.938	-0.854	-0.951	-0.790	-0.832	-0.850	-0.570	-0.852	-0.951	-0.573	-0.571	-0.906	-0.951	-0.850	-0.951	-0.756	-0.852	-0.852	-0.906	-0.951	-0.841	-0.951	-0.850	-0.575	-0.853	-0.865	-0.850	-0.756	-0.952	-0.952	-0.952	-0.952	-0.756	-0.952	-0.854	-0.952	-0.854	-0.579	-0.950	-0.814	-0.917	-0.919	-0.166	-0.891	-0.836	-0.919	-0.166	-0.816	-0.166	-0.812	-0.816	-0.919	-0.672	-0.167	-0.556	-0.921	-0.814	-0.826	-0.914	-0.911	-0.560	-0.183	-0.559	-0.183	-0.559	-0.875	-0.618	-0.692	
rs17862241     -0.402	-0.387	-0.333	-0.847	-0.848	-0.851	-0.843	-0.593	-0.710	-0.884	-0.882	-0.726	-0.806	-0.810	-0.833	-0.828	-0.739	-0.682	-0.740	-0.484	-0.798	-0.783	-0.689	-0.687	-0.687	-0.704	-0.858	-0.776	-0.917	-0.778	-0.915	-0.754	-0.777	-0.777	-0.916	-0.785	-0.779	-0.780	-0.856	-0.785	-0.848	-0.785	-0.936	-0.779	-0.858	-0.747	-0.858	-0.820	-0.808	-0.821	-0.816	-0.816	-0.905	-0.808	-0.819	-0.782	-0.859	-0.936	-0.817	-0.817	-0.817	-0.834	-0.896	-0.838	-0.838	-0.809	-0.838	-0.829	-0.817	-0.819	-0.820	-0.792	-0.824	-0.817	-0.824	-0.905	-0.817	-0.825	-0.825	-0.853	-0.809	-0.837	-0.822	-0.840	-0.846	-0.847	-0.848	-0.868	-0.867	-0.809	-0.957	-0.866	-0.823	-0.826	-0.952	-0.807	-0.974	-0.809	-0.854	-0.869	-0.874	-0.869	-0.867	-0.869	-0.869	-0.870	-0.953	-0.870	-0.869	-0.854	-0.979	-0.861	-0.954	-0.863	-0.977	-0.809	-0.858	-0.852	-0.582	-0.853	-0.976	-0.586	-0.584	-0.918	-0.977	-0.851	-0.977	-0.780	-0.853	-0.853	-0.919	-0.977	-0.848	-0.976	-0.851	-0.588	-0.854	-0.890	-0.851	-0.780	-0.978	-0.978	-0.978	-0.979	-0.780	-0.979	-0.855	-0.978	-0.855	-0.592	-0.977	-0.812	-0.960	-0.961	-0.171	-0.918	-0.842	-0.961	-0.170	-0.814	-0.170	-0.818	-0.814	-0.961	-0.698	-0.171	-0.564	-0.963	-0.812	-0.825	-0.957	-0.955	-0.568	-0.187	-0.568	-0.187	-0.567	-0.892	-0.645	-0.717	
rs17862242     -0.330	-0.316	-0.250	-0.820	-0.821	-0.824	-0.818	-0.444	-0.710	-0.727	-0.848	-0.764	-0.745	-0.750	-0.857	-0.857	-0.779	-0.879	-0.780	-0.798	-0.417	-0.846	-0.841	-0.800	-0.841	-0.849	-0.561	-0.842	-0.662	-0.843	-0.658	-0.866	-0.842	-0.842	-0.661	-0.846	-0.843	-0.844	-0.549	-0.846	-0.856	-0.846	-0.714	-0.843	-0.565	-0.724	-0.565	-0.859	-0.571	-0.859	-0.858	-0.858	-0.741	-0.571	-0.859	-0.752	-0.604	-0.837	-0.858	-0.858	-0.858	-0.863	-0.684	-0.863	-0.863	-0.571	-0.863	-0.861	-0.858	-0.859	-0.859	-0.754	-0.860	-0.858	-0.861	-0.741	-0.858	-0.861	-0.861	-0.867	-0.573	-0.864	-0.763	-0.865	-0.825	-0.824	-0.809	-0.869	-0.869	-0.575	-0.819	-0.869	-0.763	-0.766	-0.831	-0.841	-0.828	-0.575	-0.834	-0.869	-0.866	-0.869	-0.869	-0.869	-0.869	-0.859	-0.832	-0.859	-0.869	-0.869	-0.849	-0.869	-0.846	-0.869	-0.838	-0.579	-0.587	-0.802	-0.488	-0.773	-0.838	-0.492	-0.490	-0.774	-0.841	-0.771	-0.842	-0.642	-0.774	-0.774	-0.775	-0.842	-0.765	-0.837	-0.772	-0.494	-0.775	-0.774	-0.772	-0.642	-0.846	-0.846	-0.846	-0.849	-0.641	-0.849	-0.776	-0.845	-0.776	-0.499	-0.849	-0.729	-0.913	-0.912	-0.032	-0.825	-0.757	-0.912	-0.031	-0.731	-0.031	-0.730	-0.731	-0.912	-0.511	-0.032	-0.496	-0.913	-0.729	-0.743	-0.912	-0.912	-0.501	-0.051	-0.500	-0.051	-0.500	-0.766	-0.438	-0.541	
rs12704550     -0.448	-0.434	-0.377	-0.916	-0.917	-0.920	-0.912	-0.668	-0.788	-0.928	-0.949	-0.570	-0.841	-0.852	-0.920	-0.917	-0.608	-0.870	-0.607	-0.783	-0.846	-0.543	-0.811	-0.781	-0.818	-0.819	-0.911	-0.865	-0.963	-0.867	-0.961	-0.859	-0.866	-0.866	-0.962	-0.872	-0.867	-0.869	-0.909	-0.872	-0.920	-0.873	-0.984	-0.867	-0.911	-0.813	-0.911	-0.902	-0.857	-0.902	-0.898	-0.899	-0.960	-0.856	-0.900	-0.849	-0.913	-1.000	-0.899	-0.899	-0.899	-0.913	-0.950	-0.916	-0.915	-0.857	-0.916	-0.909	-0.899	-0.901	-0.902	-0.856	-0.905	-0.899	-0.905	-0.960	-0.899	-0.906	-0.906	-0.931	-0.858	-0.915	-0.874	-0.918	-0.910	-0.911	-0.907	-0.938	-0.938	-0.858	-1.016	-0.937	-0.874	-0.875	-1.014	-0.887	-1.025	-0.858	-0.918	-0.939	-0.942	-0.939	-0.938	-0.939	-0.939	-0.937	-1.014	-0.937	-0.939	-0.926	-1.029	-0.934	-1.017	-0.935	-1.027	-0.858	-0.911	-0.931	-0.631	-0.929	-1.027	-0.635	-0.632	-0.984	-1.028	-0.928	-1.028	-0.836	-0.930	-0.930	-0.984	-1.028	-0.919	-1.027	-0.928	-0.637	-0.930	-0.939	-0.928	-0.835	-1.029	-1.029	-1.029	-1.029	-0.835	-1.029	-0.932	-1.029	-0.932	-0.641	-1.028	-0.892	-1.006	-1.007	-0.202	-0.966	-0.912	-1.007	-0.201	-0.893	-0.201	-0.889	-0.893	-1.007	-0.752	-0.202	-0.615	-1.009	-0.891	-0.903	-1.003	-1.001	-0.619	-0.219	-0.619	-0.219	-0.619	-0.939	-0.707	-0.772	
rs11769455     -0.448	-0.433	-0.377	-0.903	-0.904	-0.907	-0.899	-0.655	-0.770	-0.923	-0.937	-0.742	-0.857	-0.861	-0.901	-0.897	-0.762	-0.804	-0.762	-0.689	-0.841	-0.811	-0.537	-0.654	-0.701	-0.771	-0.909	-0.834	-0.961	-0.836	-0.960	-0.817	-0.834	-0.835	-0.961	-0.842	-0.836	-0.838	-0.907	-0.842	-0.899	-0.842	-0.980	-0.836	-0.909	-0.802	-0.909	-0.875	-0.852	-0.875	-0.871	-0.871	-0.955	-0.852	-0.874	-0.838	-0.910	-0.990	-0.872	-0.872	-0.872	-0.888	-0.946	-0.891	-0.891	-0.853	-0.892	-0.883	-0.872	-0.874	-0.875	-0.846	-0.878	-0.872	-0.879	-0.955	-0.872	-0.880	-0.880	-0.907	-0.853	-0.891	-0.872	-0.894	-0.895	-0.895	-0.894	-0.918	-0.918	-0.853	-1.009	-0.917	-0.873	-0.876	-1.005	-0.861	-1.022	-0.854	-0.902	-0.919	-0.923	-0.919	-0.917	-0.919	-0.919	-0.919	-1.005	-0.919	-0.919	-0.907	-1.029	-0.913	-1.007	-0.914	-1.026	-0.854	-0.909	-0.906	-0.624	-0.904	-1.026	-0.628	-0.625	-0.970	-1.027	-0.902	-1.027	-0.831	-0.905	-0.905	-0.970	-1.027	-0.901	-1.025	-0.902	-0.630	-0.905	-0.937	-0.903	-0.831	-1.028	-1.028	-1.028	-1.029	-0.831	-1.029	-0.907	-1.028	-0.907	-0.634	-1.027	-0.864	-1.015	-1.016	-0.197	-0.965	-0.893	-1.016	-0.196	-0.866	-0.196	-0.869	-0.866	-1.016	-0.749	-0.197	-0.605	-1.018	-0.864	-0.876	-1.013	-1.011	-0.610	-0.214	-0.609	-0.214	-0.609	-0.933	-0.702	-0.769	
rs13234216     -0.402	-0.387	-0.331	-0.851	-0.852	-0.856	-0.847	-0.597	-0.716	-0.885	-0.887	-0.746	-0.808	-0.812	-0.842	-0.838	-0.760	-0.738	-0.760	-0.687	-0.800	-0.781	-0.654	-0.486	-0.640	-0.689	-0.858	-0.764	-0.917	-0.766	-0.915	-0.740	-0.764	-0.765	-0.916	-0.772	-0.766	-0.768	-0.856	-0.773	-0.840	-0.773	-0.937	-0.766	-0.858	-0.746	-0.858	-0.810	-0.809	-0.810	-0.805	-0.806	-0.907	-0.809	-0.808	-0.786	-0.860	-0.940	-0.806	-0.806	-0.806	-0.825	-0.897	-0.829	-0.828	-0.810	-0.830	-0.819	-0.807	-0.808	-0.810	-0.795	-0.814	-0.807	-0.814	-0.907	-0.806	-0.815	-0.815	-0.845	-0.810	-0.828	-0.824	-0.832	-0.842	-0.842	-0.845	-0.861	-0.861	-0.810	-0.960	-0.860	-0.824	-0.828	-0.956	-0.797	-0.976	-0.810	-0.849	-0.863	-0.868	-0.863	-0.860	-0.863	-0.863	-0.864	-0.956	-0.864	-0.862	-0.848	-0.982	-0.855	-0.958	-0.856	-0.979	-0.811	-0.858	-0.850	-0.585	-0.851	-0.979	-0.589	-0.586	-0.919	-0.980	-0.849	-0.980	-0.781	-0.852	-0.852	-0.919	-0.980	-0.850	-0.978	-0.849	-0.591	-0.852	-0.892	-0.850	-0.780	-0.981	-0.981	-0.981	-0.982	-0.780	-0.982	-0.854	-0.981	-0.854	-0.594	-0.979	-0.810	-0.966	-0.967	-0.172	-0.920	-0.842	-0.967	-0.171	-0.812	-0.171	-0.817	-0.812	-0.967	-0.698	-0.172	-0.567	-0.969	-0.810	-0.823	-0.964	-0.962	-0.572	-0.189	-0.571	-0.189	-0.571	-0.893	-0.645	-0.717	
rs13234217     -0.447	-0.433	-0.376	-0.902	-0.904	-0.907	-0.899	-0.655	-0.770	-0.922	-0.937	-0.751	-0.857	-0.860	-0.900	-0.897	-0.770	-0.803	-0.771	-0.687	-0.841	-0.818	-0.701	-0.640	-0.536	-0.768	-0.909	-0.829	-0.961	-0.831	-0.959	-0.810	-0.829	-0.829	-0.960	-0.836	-0.831	-0.832	-0.907	-0.837	-0.896	-0.837	-0.980	-0.831	-0.909	-0.801	-0.909	-0.871	-0.852	-0.871	-0.866	-0.867	-0.955	-0.852	-0.869	-0.838	-0.910	-0.989	-0.867	-0.867	-0.867	-0.884	-0.946	-0.887	-0.887	-0.853	-0.888	-0.879	-0.868	-0.869	-0.870	-0.846	-0.874	-0.868	-0.875	-0.955	-0.867	-0.875	-0.875	-0.903	-0.853	-0.887	-0.871	-0.890	-0.892	-0.892	-0.891	-0.915	-0.915	-0.853	-1.009	-0.914	-0.872	-0.875	-1.004	-0.857	-1.022	-0.853	-0.900	-0.916	-0.920	-0.916	-0.914	-0.916	-0.916	-0.916	-1.005	-0.916	-0.916	-0.904	-1.029	-0.910	-1.007	-0.911	-1.026	-0.854	-0.909	-0.903	-0.624	-0.901	-1.025	-0.627	-0.625	-0.969	-1.026	-0.899	-1.027	-0.831	-0.902	-0.902	-0.969	-1.027	-0.898	-1.025	-0.900	-0.629	-0.903	-0.937	-0.900	-0.831	-1.028	-1.028	-1.028	-1.029	-0.831	-1.029	-0.904	-1.028	-0.904	-0.633	-1.027	-0.861	-1.016	-1.017	-0.197	-0.964	-0.891	-1.017	-0.197	-0.862	-0.196	-0.866	-0.862	-1.017	-0.749	-0.197	-0.605	-1.019	-0.861	-0.873	-1.014	-1.012	-0.610	-0.214	-0.609	-0.214	-0.609	-0.933	-0.702	-0.768	
rs6945415      -0.442	-0.431	-0.360	-0.961	-0.962	-0.965	-0.958	-0.766	-0.835	-0.930	-1.005	-0.688	-0.912	-0.913	-0.844	-0.850	-0.714	-0.856	-0.715	-0.704	-0.849	-0.819	-0.771	-0.689	-0.768	-0.596	-0.968	-0.875	-0.986	-0.875	-0.984	-0.741	-0.876	-0.876	-0.985	-0.875	-0.876	-0.876	-0.968	-0.875	-0.835	-0.875	-1.017	-0.876	-0.968	-0.864	-0.968	-0.871	-0.864	-0.871	-0.873	-0.873	-1.010	-0.864	-0.872	-0.915	-0.959	-1.049	-0.872	-0.872	-0.872	-0.862	-1.007	-0.859	-0.860	-0.866	-0.857	-0.865	-0.872	-0.872	-0.871	-0.917	-0.869	-0.872	-0.869	-1.010	-0.872	-0.868	-0.868	-0.929	-0.866	-0.861	-0.917	-0.858	-0.797	-0.793	-0.750	-0.827	-0.827	-0.866	-1.044	-0.829	-0.917	-0.922	-1.053	-0.881	-1.067	-0.867	-0.814	-0.822	-0.804	-0.822	-0.827	-0.822	-0.822	-0.801	-1.043	-0.801	-0.822	-0.860	-1.075	-0.843	-1.050	-0.841	-1.072	-0.867	-0.964	-0.978	-0.613	-0.973	-1.071	-0.617	-0.614	-1.031	-1.072	-0.971	-1.073	-0.893	-0.974	-0.974	-1.031	-1.073	-0.974	-1.071	-0.972	-0.620	-0.974	-0.973	-0.972	-0.892	-1.074	-1.074	-1.074	-1.075	-0.892	-1.076	-0.975	-1.074	-0.975	-0.624	-1.069	-0.938	-1.062	-1.062	-0.101	-0.992	-0.968	-1.062	-0.100	-0.940	-0.100	-0.947	-0.940	-1.062	-0.810	-0.101	-0.568	-1.064	-0.938	-0.949	-1.059	-1.057	-0.574	-0.120	-0.573	-0.120	-0.573	-0.967	-0.808	-0.830	
rs17864075     -0.422	-0.409	-0.342	-0.925	-0.926	-0.929	-0.923	-0.660	-0.812	-0.878	-0.956	-0.812	-0.855	-0.858	-0.964	-0.965	-0.830	-0.947	-0.831	-0.858	-0.561	-0.911	-0.909	-0.858	-0.909	-0.968	-0.534	-0.957	-0.849	-0.958	-0.846	-0.981	-0.957	-0.957	-0.848	-0.960	-0.958	-0.958	-0.664	-0.960	-0.961	-0.960	-0.887	-0.958	-0.666	-0.836	-0.666	-0.970	-0.587	-0.970	-0.969	-0.969	-0.828	-0.585	-0.969	-0.860	-0.666	-0.932	-0.969	-0.969	-0.969	-0.971	-0.810	-0.971	-0.971	-0.591	-0.970	-0.971	-0.969	-0.969	-0.970	-0.861	-0.970	-0.969	-0.970	-0.828	-0.969	-0.971	-0.971	-0.980	-0.594	-0.972	-0.865	-0.972	-0.925	-0.924	-0.906	-0.971	-0.971	-0.595	-0.972	-0.971	-0.865	-0.870	-0.978	-0.952	-0.970	-0.598	-0.934	-0.970	-0.966	-0.970	-0.971	-0.970	-0.970	-0.958	-0.975	-0.959	-0.970	-0.974	-0.984	-0.972	-0.981	-0.972	-0.978	-0.603	-0.692	-0.939	-0.459	-0.918	-0.978	-0.466	-0.462	-0.885	-0.980	-0.916	-0.980	-0.808	-0.918	-0.918	-0.885	-0.980	-0.904	-0.977	-0.916	-0.469	-0.919	-0.847	-0.917	-0.807	-0.983	-0.983	-0.983	-0.985	-0.807	-0.985	-0.920	-0.982	-0.920	-0.476	-0.984	-0.879	-1.002	-1.002	+0.065	-0.863	-0.898	-1.002	+0.066	-0.881	+0.066	-0.874	-0.881	-1.002	-0.716	+0.065	-0.418	-1.004	-0.879	-0.891	-1.000	-0.999	-0.425	+0.043	-0.424	+0.043	-0.424	-0.898	-0.681	-0.738	
rs10281028     -0.476	-0.463	-0.397	-0.955	-0.956	-0.959	-0.951	-0.750	-0.832	-0.915	-0.993	-0.750	-0.898	-0.901	-0.721	-0.731	-0.772	-0.908	-0.773	-0.776	-0.842	-0.865	-0.834	-0.764	-0.829	-0.875	-0.957	-0.582	-0.973	-0.713	-0.971	-0.880	-0.716	-0.716	-0.972	-0.714	-0.716	-0.717	-0.957	-0.714	-0.616	-0.714	-0.984	-0.716	-0.957	-0.837	-0.957	-0.694	-0.857	-0.690	-0.701	-0.700	-0.982	-0.857	-0.695	-0.903	-0.949	-1.016	-0.699	-0.699	-0.699	-0.661	-0.983	-0.645	-0.647	-0.859	-0.639	-0.664	-0.699	-0.696	-0.692	-0.904	-0.681	-0.699	-0.679	-0.982	-0.699	-0.679	-0.679	-0.843	-0.859	-0.641	-0.909	-0.629	-0.651	-0.645	-0.583	-0.574	-0.574	-0.859	-1.036	-0.583	-0.909	-0.914	-1.040	-0.778	-1.033	-0.860	-0.691	-0.557	-0.489	-0.557	-0.579	-0.557	-0.557	-0.550	-1.037	-0.550	-0.558	-0.701	-1.042	-0.648	-1.035	-0.641	-1.038	-0.860	-0.953	-0.917	-0.606	-0.914	-1.038	-0.610	-0.607	-1.007	-1.039	-0.913	-1.040	-0.882	-0.915	-0.915	-1.007	-1.040	-0.938	-1.038	-0.913	-0.612	-0.916	-0.942	-0.913	-0.882	-1.041	-1.042	-1.042	-1.043	-0.882	-1.043	-0.917	-1.041	-0.917	-0.617	-1.043	-0.875	-1.023	-1.024	-0.105	-0.961	-0.932	-1.024	-0.105	-0.877	-0.105	-0.908	-0.877	-1.024	-0.805	-0.106	-0.568	-1.026	-0.875	-0.888	-1.020	-1.018	-0.573	-0.124	-0.572	-0.124	-0.572	-0.941	-0.792	-0.824	
rs6465273      -0.387	-0.375	-0.315	-0.856	-0.857	-0.861	-0.849	-0.740	-0.685	-0.924	-0.875	-0.875	-0.869	-0.868	-0.954	-0.957	-0.891	-1.001	-0.892	-0.917	-0.662	-0.963	-0.961	-0.917	-0.961	-0.986	-0.849	-0.973	-0.554	-0.973	-0.683	-0.989	-0.973	-0.973	-0.685	-0.973	-0.973	-0.973	-0.853	-0.973	-0.949	-0.973	-0.846	-0.973	-0.848	-0.855	-0.849	-0.973	-0.686	-0.972	-0.973	-0.973	-0.908	-0.685	-0.973	-0.836	-0.828	-0.837	-0.973	-0.973	-0.973	-0.969	-0.915	-0.967	-0.967	-0.688	-0.966	-0.970	-0.973	-0.973	-0.973	-0.846	-0.972	-0.973	-0.972	-0.908	-0.973	-0.972	-0.972	-0.985	-0.689	-0.968	-0.874	-0.967	-0.904	-0.902	-0.874	-0.955	-0.955	-0.689	-0.650	-0.956	-0.875	-0.880	-0.745	-0.960	-0.916	-0.691	-0.917	-0.953	-0.944	-0.953	-0.955	-0.953	-0.953	-0.936	-0.615	-0.937	-0.953	-0.966	-0.908	-0.960	-0.674	-0.960	-0.914	-0.693	-0.840	-0.979	-0.457	-0.966	-0.917	-0.463	-0.459	-0.960	-0.917	-0.965	-0.916	-0.862	-0.967	-0.967	-0.960	-0.916	-0.954	-0.919	-0.965	-0.466	-0.967	-0.885	-0.965	-0.862	-0.915	-0.915	-0.915	-0.914	-0.862	-0.914	-0.968	-0.916	-0.968	-0.472	-0.885	-0.940	-0.802	-0.802	+0.036	-0.903	-0.949	-0.802	+0.037	-0.941	+0.037	-0.932	-0.941	-0.802	-0.797	+0.036	-0.433	-0.809	-0.939	-0.948	-0.791	-0.788	-0.439	+0.015	-0.439	+0.015	-0.438	-0.907	-0.777	-0.814	
rs4141386      -0.476	-0.464	-0.398	-0.956	-0.957	-0.959	-0.952	-0.751	-0.833	-0.916	-0.994	-0.752	-0.899	-0.902	-0.725	-0.735	-0.774	-0.910	-0.775	-0.778	-0.843	-0.867	-0.836	-0.766	-0.831	-0.875	-0.958	-0.713	-0.973	-0.582	-0.971	-0.881	-0.716	-0.716	-0.972	-0.714	-0.716	-0.717	-0.958	-0.714	-0.621	-0.714	-0.984	-0.717	-0.958	-0.837	-0.958	-0.697	-0.858	-0.692	-0.703	-0.702	-0.983	-0.858	-0.698	-0.903	-0.950	-1.017	-0.702	-0.702	-0.702	-0.665	-0.984	-0.649	-0.651	-0.860	-0.643	-0.668	-0.702	-0.699	-0.695	-0.905	-0.684	-0.702	-0.682	-0.983	-0.702	-0.682	-0.682	-0.844	-0.860	-0.646	-0.910	-0.634	-0.655	-0.648	-0.587	-0.579	-0.580	-0.860	-1.036	-0.588	-0.910	-0.914	-1.040	-0.779	-1.034	-0.861	-0.694	-0.562	-0.496	-0.563	-0.584	-0.563	-0.563	-0.555	-1.037	-0.556	-0.564	-0.704	-1.043	-0.653	-1.036	-0.645	-1.039	-0.861	-0.954	-0.917	-0.606	-0.914	-1.039	-0.611	-0.608	-1.008	-1.040	-0.912	-1.040	-0.883	-0.915	-0.915	-1.007	-1.040	-0.938	-1.038	-0.912	-0.613	-0.915	-0.943	-0.913	-0.883	-1.042	-1.042	-1.042	-1.043	-0.883	-1.043	-0.917	-1.042	-0.917	-0.618	-1.044	-0.874	-1.024	-1.025	-0.107	-0.962	-0.932	-1.025	-0.106	-0.876	-0.106	-0.908	-0.876	-1.025	-0.806	-0.107	-0.569	-1.027	-0.874	-0.887	-1.021	-1.019	-0.574	-0.125	-0.573	-0.125	-0.573	-0.941	-0.793	-0.824	
