## Summary of overall evidence for association with region:
## log10(BF for region) = -0.552089
## p-value for region = NA

## BFs for choosing among multi-SNP models:
## log10(average 1-SNP BF) = -0.472655
## log10(average 2-SNP BF) = -0.774947

## Example posterior probabilities for multi-SNP models, based on default prior: [p(l) propto 0.5^l for l=1,2,...,L]
## posterior probability of 1-SNP = 0.800464
## posterior probability of 2-SNP = 0.199536

## log10(BF) for single SNP and pair of SNPs:
rs9565685      -0.501	-0.624	-0.676	-0.922	-0.927	-0.915	-0.932	-0.915	-0.909	-0.680	-0.926	-0.929	-0.928	-0.915	-0.920	-0.908	-0.926	-0.927	-0.926	-0.743	-0.988	-0.933	-0.921	-0.913	-0.744	-0.925	-0.929	-0.930	-0.926	-0.921	-0.907	-0.683	-0.928	-0.930	-0.745	-0.927	-0.931	-0.683	-0.670	-0.945	-0.953	-0.941	-0.897	-0.731	-0.739	-0.961	-0.744	-0.973	-0.980	-0.943	-0.892	-0.905	-0.890	-0.888	-0.891	-0.891	-0.899	-0.901	-0.850	-0.909	-0.956	-0.908	-0.865	-0.784	-0.898	-0.897	-0.897	-0.815	-0.813	-0.807	-0.684	-0.772	-0.810	-0.779	-0.784	-0.784	-0.655	-0.657	-0.668	-0.711	-0.444	-0.778	-0.778	-0.699	-0.777	-0.777	-0.713	-0.776	-0.974	-0.937	-0.775	-0.775	-0.776	-0.777	-0.938	-0.939	-0.778	-0.779	-0.778	-0.733	-0.736	-0.778	-0.731	-0.739	-0.781	-0.779	-0.790	-0.739	-0.940	-0.734	-0.938	-0.734	-0.375	-0.968	-0.779	-0.940	-0.941	-0.780	-0.803	-0.941	-0.942	-0.781	-0.942	-0.758	-0.782	-0.796	-0.942	-0.756	-0.905	-0.805	-0.780	-0.901	-0.771	-0.951	-0.942	-0.902	-0.753	-0.942	-0.942	-0.781	-0.902	-0.942	-0.781	-0.901	-0.782	-0.781	-0.901	-0.781	-0.850	-0.782	-0.748	-0.919	-0.907	-0.907	-0.751	-0.907	-0.906	-0.943	-0.798	-0.943	-0.763	-0.903	-0.783	-0.943	-0.772	-0.783	-0.674	-0.943	-0.765	-0.765	-0.771	-0.670	-0.753	-0.786	-0.943	-0.668	-0.731	-0.769	-0.841	-0.775	-0.703	-0.687	
rs9565686      -0.624	-0.500	-0.676	-0.922	-0.927	-0.915	-0.932	-0.915	-0.908	-0.679	-0.926	-0.929	-0.928	-0.915	-0.920	-0.908	-0.926	-0.927	-0.926	-0.742	-0.988	-0.933	-0.921	-0.912	-0.743	-0.925	-0.929	-0.930	-0.926	-0.921	-0.907	-0.683	-0.927	-0.930	-0.744	-0.927	-0.931	-0.683	-0.670	-0.945	-0.953	-0.941	-0.897	-0.731	-0.739	-0.960	-0.743	-0.973	-0.980	-0.942	-0.892	-0.905	-0.890	-0.888	-0.890	-0.890	-0.899	-0.901	-0.849	-0.908	-0.955	-0.908	-0.864	-0.784	-0.898	-0.897	-0.897	-0.814	-0.813	-0.807	-0.683	-0.772	-0.810	-0.778	-0.783	-0.783	-0.655	-0.657	-0.667	-0.710	-0.443	-0.778	-0.778	-0.698	-0.776	-0.776	-0.713	-0.776	-0.974	-0.936	-0.775	-0.775	-0.775	-0.777	-0.938	-0.939	-0.777	-0.779	-0.778	-0.732	-0.736	-0.777	-0.730	-0.739	-0.780	-0.778	-0.790	-0.738	-0.940	-0.733	-0.938	-0.733	-0.374	-0.967	-0.779	-0.940	-0.941	-0.779	-0.803	-0.941	-0.942	-0.781	-0.942	-0.758	-0.782	-0.795	-0.942	-0.755	-0.904	-0.804	-0.780	-0.900	-0.771	-0.951	-0.942	-0.901	-0.752	-0.942	-0.942	-0.781	-0.901	-0.942	-0.781	-0.900	-0.781	-0.781	-0.900	-0.781	-0.850	-0.782	-0.748	-0.918	-0.907	-0.907	-0.751	-0.906	-0.905	-0.943	-0.797	-0.943	-0.762	-0.903	-0.782	-0.943	-0.771	-0.783	-0.673	-0.943	-0.765	-0.765	-0.770	-0.670	-0.752	-0.786	-0.942	-0.667	-0.731	-0.768	-0.841	-0.775	-0.702	-0.687	
rs9574936      -0.676	-0.676	-0.491	-0.916	-0.921	-0.906	-0.926	-0.906	-0.900	-0.619	-0.919	-0.923	-0.921	-0.906	-0.911	-0.902	-0.920	-0.920	-0.920	-0.734	-0.977	-0.927	-0.912	-0.904	-0.734	-0.919	-0.922	-0.923	-0.919	-0.912	-0.901	-0.624	-0.921	-0.923	-0.735	-0.921	-0.924	-0.629	-0.638	-0.938	-0.946	-0.934	-0.888	-0.722	-0.730	-0.953	-0.734	-0.966	-0.972	-0.934	-0.883	-0.896	-0.882	-0.880	-0.882	-0.882	-0.890	-0.892	-0.842	-0.899	-0.946	-0.899	-0.857	-0.777	-0.888	-0.887	-0.887	-0.806	-0.804	-0.798	-0.674	-0.769	-0.806	-0.773	-0.778	-0.778	-0.645	-0.647	-0.657	-0.703	-0.433	-0.769	-0.769	-0.692	-0.768	-0.768	-0.706	-0.768	-0.966	-0.928	-0.766	-0.766	-0.767	-0.768	-0.930	-0.931	-0.769	-0.770	-0.770	-0.725	-0.729	-0.769	-0.724	-0.732	-0.772	-0.770	-0.782	-0.731	-0.931	-0.726	-0.930	-0.726	-0.363	-0.959	-0.771	-0.931	-0.933	-0.771	-0.795	-0.933	-0.934	-0.772	-0.933	-0.751	-0.773	-0.788	-0.933	-0.748	-0.896	-0.796	-0.772	-0.892	-0.762	-0.943	-0.934	-0.893	-0.745	-0.934	-0.934	-0.773	-0.893	-0.934	-0.773	-0.893	-0.773	-0.773	-0.893	-0.772	-0.842	-0.773	-0.739	-0.910	-0.899	-0.899	-0.742	-0.898	-0.897	-0.934	-0.790	-0.934	-0.753	-0.895	-0.774	-0.934	-0.764	-0.774	-0.664	-0.934	-0.758	-0.758	-0.763	-0.660	-0.744	-0.777	-0.934	-0.658	-0.724	-0.762	-0.832	-0.766	-0.693	-0.677	
rs9545808      -0.922	-0.922	-0.916	-0.571	-0.704	-0.880	-0.702	-0.880	-0.868	-0.917	-0.704	-0.704	-0.705	-0.880	-0.890	-0.695	-0.705	-0.705	-0.705	-0.819	-0.941	-0.703	-0.892	-0.875	-0.819	-0.706	-0.706	-0.723	-0.706	-0.893	-0.730	-0.918	-0.711	-0.707	-0.820	-0.709	-0.710	-0.916	-0.900	-0.838	-0.836	-0.838	-0.849	-0.810	-0.816	-0.842	-0.819	-0.828	-0.803	-0.742	-0.895	-0.928	-0.894	-0.890	-0.895	-0.895	-0.910	-0.915	-0.791	-0.930	-0.986	-0.930	-0.813	-0.769	-0.936	-0.935	-0.935	-0.877	-0.877	-0.870	-0.772	-0.873	-0.899	-0.853	-0.857	-0.857	-0.745	-0.746	-0.756	-0.822	-0.562	-0.847	-0.847	-0.812	-0.844	-0.844	-0.825	-0.844	-1.046	-1.000	-0.842	-0.842	-0.843	-0.844	-1.001	-1.002	-0.845	-0.847	-0.846	-0.842	-0.845	-0.845	-0.840	-0.848	-0.848	-0.846	-0.910	-0.848	-1.003	-0.843	-1.001	-0.843	-0.495	-1.043	-0.847	-1.003	-1.005	-0.847	-0.921	-1.005	-1.006	-0.849	-1.006	-0.865	-0.850	-0.914	-1.006	-0.863	-0.994	-0.922	-0.901	-0.991	-0.838	-1.032	-1.006	-0.992	-0.860	-1.006	-1.006	-0.849	-0.992	-1.006	-0.849	-0.991	-0.849	-0.849	-0.991	-0.849	-0.952	-0.850	-0.842	-1.010	-1.000	-1.000	-0.845	-1.000	-0.999	-1.007	-0.900	-1.007	-0.855	-0.997	-0.850	-1.008	-0.893	-0.851	-0.786	-1.008	-0.871	-0.871	-0.893	-0.782	-0.874	-0.855	-1.008	-0.780	-0.840	-0.875	-0.914	-0.840	-0.812	-0.798	
rs2876773      -0.927	-0.927	-0.921	-0.704	-0.577	-0.888	-0.710	-0.888	-0.876	-0.922	-0.707	-0.710	-0.709	-0.888	-0.898	-0.688	-0.708	-0.708	-0.708	-0.824	-0.949	-0.711	-0.899	-0.883	-0.824	-0.708	-0.711	-0.728	-0.709	-0.901	-0.728	-0.923	-0.715	-0.712	-0.825	-0.713	-0.717	-0.922	-0.905	-0.843	-0.843	-0.843	-0.858	-0.815	-0.821	-0.849	-0.824	-0.838	-0.815	-0.754	-0.902	-0.935	-0.901	-0.897	-0.902	-0.902	-0.917	-0.922	-0.800	-0.937	-0.992	-0.937	-0.822	-0.776	-0.942	-0.941	-0.941	-0.883	-0.883	-0.875	-0.777	-0.879	-0.904	-0.858	-0.863	-0.863	-0.750	-0.751	-0.761	-0.826	-0.564	-0.853	-0.853	-0.816	-0.850	-0.849	-0.829	-0.849	-1.051	-1.005	-0.847	-0.847	-0.848	-0.850	-1.006	-1.008	-0.850	-0.852	-0.851	-0.846	-0.849	-0.850	-0.844	-0.852	-0.854	-0.851	-0.914	-0.851	-1.008	-0.847	-1.006	-0.847	-0.497	-1.048	-0.852	-1.008	-1.010	-0.852	-0.925	-1.010	-1.011	-0.854	-1.011	-0.869	-0.855	-0.919	-1.011	-0.867	-0.999	-0.926	-0.905	-0.996	-0.844	-1.037	-1.012	-0.997	-0.864	-1.012	-1.012	-0.854	-0.997	-1.012	-0.854	-0.996	-0.855	-0.854	-0.996	-0.854	-0.956	-0.855	-0.847	-1.015	-1.005	-1.005	-0.850	-1.005	-1.004	-1.013	-0.904	-1.013	-0.860	-1.002	-0.856	-1.014	-0.898	-0.856	-0.790	-1.014	-0.875	-0.875	-0.897	-0.787	-0.878	-0.860	-1.013	-0.784	-0.844	-0.879	-0.919	-0.845	-0.816	-0.802	
rs9593574      -0.915	-0.915	-0.906	-0.880	-0.888	-0.559	-0.896	-0.690	-0.684	-0.909	-0.885	-0.891	-0.889	-0.690	-0.699	-0.859	-0.886	-0.887	-0.886	-0.805	-0.952	-0.897	-0.699	-0.689	-0.806	-0.885	-0.890	-0.893	-0.885	-0.703	-0.852	-0.910	-0.888	-0.892	-0.807	-0.888	-0.894	-0.908	-0.888	-0.921	-0.935	-0.916	-0.685	-0.796	-0.803	-0.949	-0.806	-0.973	-0.992	-0.977	-0.865	-0.867	-0.862	-0.861	-0.862	-0.862	-0.867	-0.867	-0.920	-0.870	-0.899	-0.871	-0.933	-0.828	-0.870	-0.870	-0.870	-0.839	-0.836	-0.834	-0.665	-0.856	-0.887	-0.844	-0.848	-0.848	-0.655	-0.657	-0.670	-0.734	-0.460	-0.837	-0.837	-0.722	-0.835	-0.835	-0.737	-0.835	-1.015	-0.991	-0.833	-0.833	-0.834	-0.835	-0.992	-0.994	-0.835	-0.837	-0.836	-0.761	-0.765	-0.835	-0.759	-0.768	-0.839	-0.837	-0.828	-0.767	-0.994	-0.762	-0.992	-0.762	-0.397	-1.017	-0.837	-0.994	-0.996	-0.838	-0.841	-0.996	-0.997	-0.839	-0.997	-0.788	-0.840	-0.834	-0.997	-0.785	-0.967	-0.843	-0.817	-0.963	-0.829	-1.013	-0.997	-0.964	-0.782	-0.997	-0.997	-0.839	-0.964	-0.997	-0.839	-0.963	-0.840	-0.839	-0.963	-0.839	-0.905	-0.840	-0.784	-0.973	-0.961	-0.961	-0.787	-0.961	-0.960	-0.998	-0.832	-0.998	-0.799	-0.957	-0.841	-0.998	-0.809	-0.841	-0.679	-0.999	-0.795	-0.795	-0.808	-0.675	-0.787	-0.845	-0.998	-0.672	-0.760	-0.799	-0.874	-0.828	-0.710	-0.694	
rs2876774      -0.932	-0.932	-0.926	-0.702	-0.710	-0.896	-0.582	-0.896	-0.884	-0.928	-0.708	-0.712	-0.712	-0.896	-0.906	-0.678	-0.709	-0.710	-0.709	-0.829	-0.957	-0.717	-0.907	-0.892	-0.829	-0.709	-0.713	-0.731	-0.710	-0.909	-0.724	-0.928	-0.716	-0.715	-0.830	-0.715	-0.722	-0.927	-0.910	-0.848	-0.850	-0.848	-0.866	-0.820	-0.826	-0.857	-0.829	-0.848	-0.827	-0.767	-0.910	-0.941	-0.908	-0.905	-0.909	-0.910	-0.924	-0.929	-0.810	-0.944	-0.999	-0.943	-0.831	-0.784	-0.949	-0.947	-0.947	-0.888	-0.888	-0.881	-0.782	-0.884	-0.910	-0.864	-0.868	-0.868	-0.755	-0.756	-0.766	-0.830	-0.566	-0.858	-0.858	-0.819	-0.855	-0.855	-0.832	-0.855	-1.057	-1.011	-0.853	-0.853	-0.854	-0.855	-1.012	-1.013	-0.856	-0.858	-0.857	-0.850	-0.853	-0.856	-0.848	-0.856	-0.859	-0.857	-0.918	-0.855	-1.014	-0.851	-1.012	-0.851	-0.499	-1.054	-0.858	-1.014	-1.016	-0.858	-0.929	-1.016	-1.017	-0.860	-1.017	-0.873	-0.861	-0.923	-1.017	-0.871	-1.004	-0.930	-0.909	-1.001	-0.849	-1.042	-1.017	-1.002	-0.868	-1.017	-1.017	-0.860	-1.001	-1.017	-0.860	-1.001	-0.860	-0.860	-1.001	-0.860	-0.961	-0.861	-0.852	-1.020	-1.010	-1.010	-0.854	-1.009	-1.009	-1.018	-0.908	-1.018	-0.865	-1.007	-0.861	-1.019	-0.902	-0.862	-0.794	-1.019	-0.879	-0.879	-0.901	-0.791	-0.882	-0.866	-1.019	-0.788	-0.848	-0.883	-0.924	-0.851	-0.820	-0.806	
rs13378758     -0.915	-0.915	-0.906	-0.880	-0.888	-0.690	-0.896	-0.560	-0.683	-0.909	-0.886	-0.891	-0.889	-0.689	-0.699	-0.860	-0.887	-0.888	-0.886	-0.806	-0.952	-0.897	-0.699	-0.689	-0.806	-0.885	-0.891	-0.893	-0.886	-0.703	-0.852	-0.910	-0.889	-0.893	-0.807	-0.889	-0.895	-0.908	-0.888	-0.922	-0.935	-0.916	-0.684	-0.796	-0.803	-0.949	-0.806	-0.973	-0.992	-0.978	-0.865	-0.867	-0.862	-0.862	-0.863	-0.863	-0.867	-0.868	-0.920	-0.870	-0.899	-0.871	-0.933	-0.828	-0.870	-0.870	-0.870	-0.840	-0.836	-0.834	-0.666	-0.856	-0.888	-0.844	-0.848	-0.848	-0.655	-0.658	-0.670	-0.734	-0.460	-0.837	-0.837	-0.723	-0.835	-0.835	-0.738	-0.835	-1.016	-0.992	-0.833	-0.833	-0.834	-0.835	-0.993	-0.994	-0.836	-0.838	-0.837	-0.761	-0.765	-0.836	-0.759	-0.768	-0.839	-0.837	-0.828	-0.768	-0.995	-0.762	-0.993	-0.762	-0.398	-1.018	-0.838	-0.995	-0.996	-0.838	-0.842	-0.996	-0.997	-0.839	-0.997	-0.788	-0.840	-0.834	-0.997	-0.786	-0.967	-0.843	-0.818	-0.963	-0.829	-1.013	-0.997	-0.964	-0.782	-0.997	-0.997	-0.840	-0.964	-0.997	-0.840	-0.963	-0.840	-0.840	-0.963	-0.840	-0.905	-0.840	-0.784	-0.974	-0.962	-0.962	-0.787	-0.961	-0.960	-0.998	-0.832	-0.998	-0.799	-0.958	-0.841	-0.999	-0.809	-0.841	-0.680	-0.999	-0.796	-0.796	-0.808	-0.676	-0.788	-0.845	-0.998	-0.673	-0.760	-0.800	-0.874	-0.828	-0.711	-0.694	
rs9601662      -0.909	-0.908	-0.900	-0.868	-0.876	-0.684	-0.884	-0.683	-0.552	-0.902	-0.874	-0.879	-0.877	-0.683	-0.687	-0.847	-0.874	-0.875	-0.874	-0.799	-0.943	-0.885	-0.686	-0.685	-0.800	-0.873	-0.878	-0.881	-0.874	-0.690	-0.839	-0.903	-0.877	-0.880	-0.800	-0.876	-0.883	-0.901	-0.882	-0.911	-0.924	-0.905	-0.691	-0.790	-0.796	-0.938	-0.800	-0.963	-0.983	-0.974	-0.859	-0.859	-0.857	-0.856	-0.857	-0.857	-0.860	-0.861	-0.917	-0.862	-0.888	-0.863	-0.930	-0.826	-0.860	-0.861	-0.861	-0.831	-0.827	-0.826	-0.653	-0.849	-0.880	-0.837	-0.841	-0.841	-0.644	-0.646	-0.659	-0.725	-0.450	-0.830	-0.830	-0.713	-0.828	-0.828	-0.728	-0.828	-1.008	-0.985	-0.826	-0.826	-0.827	-0.828	-0.985	-0.987	-0.829	-0.831	-0.830	-0.752	-0.755	-0.829	-0.750	-0.759	-0.832	-0.830	-0.818	-0.758	-0.987	-0.753	-0.985	-0.753	-0.388	-1.010	-0.831	-0.987	-0.989	-0.831	-0.832	-0.989	-0.990	-0.832	-0.990	-0.779	-0.833	-0.824	-0.990	-0.776	-0.959	-0.833	-0.808	-0.956	-0.822	-1.006	-0.990	-0.957	-0.773	-0.990	-0.990	-0.833	-0.957	-0.990	-0.833	-0.956	-0.833	-0.833	-0.956	-0.833	-0.897	-0.833	-0.775	-0.966	-0.954	-0.954	-0.778	-0.953	-0.952	-0.991	-0.823	-0.991	-0.790	-0.949	-0.834	-0.992	-0.799	-0.834	-0.668	-0.992	-0.786	-0.786	-0.798	-0.664	-0.778	-0.838	-0.991	-0.662	-0.751	-0.790	-0.865	-0.821	-0.700	-0.683	
rs9574938      -0.680	-0.679	-0.619	-0.917	-0.922	-0.909	-0.928	-0.909	-0.902	-0.495	-0.921	-0.925	-0.923	-0.909	-0.914	-0.904	-0.922	-0.922	-0.921	-0.738	-0.981	-0.928	-0.915	-0.906	-0.738	-0.921	-0.924	-0.925	-0.921	-0.915	-0.903	-0.626	-0.923	-0.925	-0.739	-0.922	-0.926	-0.627	-0.631	-0.941	-0.948	-0.937	-0.891	-0.726	-0.734	-0.956	-0.738	-0.969	-0.975	-0.937	-0.886	-0.899	-0.885	-0.883	-0.885	-0.885	-0.893	-0.896	-0.848	-0.902	-0.949	-0.902	-0.862	-0.779	-0.892	-0.891	-0.891	-0.809	-0.808	-0.802	-0.678	-0.774	-0.811	-0.777	-0.782	-0.782	-0.650	-0.651	-0.662	-0.708	-0.437	-0.772	-0.772	-0.696	-0.771	-0.771	-0.711	-0.771	-0.970	-0.932	-0.770	-0.770	-0.770	-0.772	-0.933	-0.934	-0.772	-0.774	-0.773	-0.730	-0.734	-0.772	-0.728	-0.737	-0.775	-0.773	-0.788	-0.736	-0.935	-0.731	-0.933	-0.731	-0.368	-0.963	-0.774	-0.935	-0.936	-0.774	-0.801	-0.936	-0.937	-0.776	-0.937	-0.755	-0.777	-0.793	-0.937	-0.753	-0.901	-0.802	-0.778	-0.897	-0.766	-0.947	-0.937	-0.898	-0.750	-0.937	-0.937	-0.776	-0.898	-0.937	-0.776	-0.897	-0.776	-0.776	-0.897	-0.776	-0.847	-0.776	-0.743	-0.915	-0.904	-0.904	-0.746	-0.903	-0.902	-0.938	-0.795	-0.938	-0.758	-0.900	-0.777	-0.938	-0.770	-0.778	-0.669	-0.938	-0.762	-0.762	-0.769	-0.666	-0.750	-0.781	-0.938	-0.663	-0.729	-0.766	-0.836	-0.770	-0.698	-0.683	
rs9574939      -0.926	-0.926	-0.919	-0.704	-0.707	-0.885	-0.708	-0.886	-0.874	-0.921	-0.575	-0.708	-0.708	-0.886	-0.896	-0.690	-0.707	-0.707	-0.707	-0.822	-0.947	-0.708	-0.897	-0.881	-0.823	-0.708	-0.710	-0.726	-0.708	-0.899	-0.729	-0.922	-0.714	-0.710	-0.824	-0.711	-0.714	-0.920	-0.904	-0.841	-0.841	-0.841	-0.855	-0.814	-0.820	-0.847	-0.823	-0.835	-0.811	-0.751	-0.900	-0.933	-0.899	-0.895	-0.900	-0.901	-0.915	-0.920	-0.797	-0.935	-0.991	-0.935	-0.819	-0.774	-0.941	-0.940	-0.939	-0.881	-0.881	-0.874	-0.776	-0.877	-0.903	-0.857	-0.861	-0.861	-0.749	-0.750	-0.760	-0.825	-0.564	-0.851	-0.851	-0.815	-0.848	-0.848	-0.828	-0.848	-1.050	-1.004	-0.846	-0.846	-0.847	-0.848	-1.005	-1.006	-0.849	-0.851	-0.850	-0.845	-0.848	-0.849	-0.843	-0.851	-0.853	-0.850	-0.913	-0.851	-1.007	-0.846	-1.005	-0.846	-0.497	-1.047	-0.851	-1.007	-1.009	-0.851	-0.924	-1.009	-1.010	-0.853	-1.010	-0.868	-0.854	-0.917	-1.010	-0.866	-0.998	-0.925	-0.904	-0.995	-0.842	-1.036	-1.010	-0.995	-0.863	-1.010	-1.010	-0.853	-0.995	-1.010	-0.853	-0.995	-0.853	-0.853	-0.995	-0.853	-0.955	-0.854	-0.846	-1.014	-1.004	-1.004	-0.849	-1.003	-1.003	-1.011	-0.903	-1.012	-0.859	-1.001	-0.854	-1.012	-0.897	-0.855	-0.789	-1.012	-0.874	-0.874	-0.896	-0.786	-0.877	-0.859	-1.012	-0.783	-0.843	-0.878	-0.918	-0.844	-0.815	-0.801	
rs7326992      -0.929	-0.929	-0.923	-0.704	-0.710	-0.891	-0.712	-0.891	-0.879	-0.925	-0.708	-0.579	-0.710	-0.891	-0.901	-0.684	-0.709	-0.709	-0.709	-0.826	-0.952	-0.714	-0.903	-0.886	-0.826	-0.709	-0.713	-0.729	-0.710	-0.904	-0.727	-0.925	-0.715	-0.714	-0.827	-0.714	-0.718	-0.924	-0.907	-0.845	-0.845	-0.845	-0.861	-0.817	-0.823	-0.852	-0.826	-0.842	-0.819	-0.759	-0.905	-0.937	-0.904	-0.900	-0.904	-0.905	-0.920	-0.924	-0.804	-0.940	-0.995	-0.939	-0.825	-0.779	-0.945	-0.944	-0.943	-0.885	-0.885	-0.878	-0.779	-0.881	-0.907	-0.860	-0.865	-0.865	-0.752	-0.753	-0.763	-0.827	-0.565	-0.855	-0.855	-0.817	-0.852	-0.851	-0.830	-0.851	-1.053	-1.008	-0.850	-0.850	-0.850	-0.852	-1.008	-1.010	-0.852	-0.854	-0.853	-0.848	-0.851	-0.852	-0.846	-0.854	-0.856	-0.854	-0.915	-0.853	-1.011	-0.848	-1.008	-0.848	-0.498	-1.051	-0.854	-1.011	-1.012	-0.855	-0.926	-1.012	-1.014	-0.856	-1.013	-0.871	-0.858	-0.920	-1.013	-0.869	-1.001	-0.928	-0.906	-0.998	-0.846	-1.039	-1.014	-0.999	-0.866	-1.014	-1.014	-0.857	-0.999	-1.014	-0.857	-0.998	-0.857	-0.857	-0.998	-0.857	-0.958	-0.857	-0.849	-1.017	-1.007	-1.007	-0.852	-1.007	-1.006	-1.015	-0.906	-1.015	-0.862	-1.004	-0.858	-1.016	-0.899	-0.859	-0.792	-1.016	-0.877	-0.877	-0.898	-0.788	-0.880	-0.863	-1.015	-0.786	-0.846	-0.880	-0.921	-0.848	-0.818	-0.804	
rs7328616      -0.928	-0.928	-0.921	-0.705	-0.709	-0.889	-0.712	-0.889	-0.877	-0.923	-0.708	-0.710	-0.577	-0.889	-0.899	-0.687	-0.708	-0.709	-0.708	-0.824	-0.950	-0.712	-0.901	-0.884	-0.825	-0.709	-0.712	-0.728	-0.709	-0.902	-0.728	-0.924	-0.715	-0.713	-0.826	-0.713	-0.717	-0.922	-0.906	-0.844	-0.844	-0.843	-0.859	-0.816	-0.822	-0.850	-0.825	-0.839	-0.816	-0.756	-0.903	-0.936	-0.902	-0.898	-0.903	-0.903	-0.918	-0.923	-0.801	-0.938	-0.993	-0.938	-0.823	-0.777	-0.943	-0.942	-0.942	-0.883	-0.884	-0.876	-0.778	-0.880	-0.905	-0.859	-0.863	-0.863	-0.751	-0.752	-0.762	-0.826	-0.564	-0.853	-0.853	-0.816	-0.850	-0.850	-0.829	-0.850	-1.052	-1.006	-0.848	-0.848	-0.849	-0.850	-1.007	-1.008	-0.851	-0.853	-0.852	-0.847	-0.850	-0.851	-0.845	-0.853	-0.855	-0.852	-0.914	-0.852	-1.009	-0.847	-1.007	-0.847	-0.498	-1.049	-0.853	-1.009	-1.011	-0.853	-0.925	-1.011	-1.012	-0.855	-1.012	-0.870	-0.856	-0.919	-1.012	-0.868	-1.000	-0.926	-0.905	-0.997	-0.844	-1.038	-1.012	-0.997	-0.865	-1.012	-1.012	-0.855	-0.997	-1.012	-0.855	-0.997	-0.855	-0.855	-0.997	-0.855	-0.957	-0.856	-0.848	-1.016	-1.006	-1.006	-0.850	-1.005	-1.005	-1.014	-0.905	-1.014	-0.861	-1.002	-0.856	-1.014	-0.898	-0.857	-0.791	-1.015	-0.876	-0.876	-0.897	-0.787	-0.879	-0.861	-1.014	-0.785	-0.845	-0.879	-0.920	-0.846	-0.816	-0.802	
rs9601663      -0.915	-0.915	-0.906	-0.880	-0.888	-0.690	-0.896	-0.689	-0.683	-0.909	-0.886	-0.891	-0.889	-0.560	-0.698	-0.859	-0.886	-0.887	-0.886	-0.806	-0.952	-0.897	-0.698	-0.689	-0.806	-0.885	-0.890	-0.893	-0.886	-0.702	-0.852	-0.910	-0.889	-0.892	-0.807	-0.888	-0.894	-0.908	-0.888	-0.922	-0.935	-0.916	-0.684	-0.796	-0.803	-0.949	-0.806	-0.973	-0.992	-0.978	-0.865	-0.867	-0.862	-0.861	-0.862	-0.862	-0.867	-0.867	-0.920	-0.870	-0.899	-0.871	-0.933	-0.828	-0.870	-0.870	-0.870	-0.839	-0.836	-0.834	-0.665	-0.856	-0.887	-0.844	-0.848	-0.848	-0.655	-0.657	-0.670	-0.734	-0.460	-0.837	-0.837	-0.722	-0.835	-0.835	-0.737	-0.835	-1.015	-0.992	-0.833	-0.833	-0.834	-0.835	-0.992	-0.994	-0.836	-0.837	-0.836	-0.761	-0.765	-0.836	-0.759	-0.768	-0.839	-0.837	-0.828	-0.767	-0.994	-0.762	-0.992	-0.762	-0.397	-1.017	-0.838	-0.994	-0.996	-0.838	-0.842	-0.996	-0.997	-0.839	-0.997	-0.788	-0.840	-0.834	-0.997	-0.786	-0.967	-0.843	-0.817	-0.963	-0.829	-1.013	-0.997	-0.964	-0.782	-0.997	-0.997	-0.839	-0.964	-0.997	-0.840	-0.963	-0.840	-0.840	-0.963	-0.839	-0.905	-0.840	-0.784	-0.973	-0.961	-0.961	-0.787	-0.961	-0.960	-0.998	-0.832	-0.998	-0.799	-0.957	-0.841	-0.999	-0.809	-0.841	-0.679	-0.999	-0.795	-0.795	-0.808	-0.675	-0.788	-0.845	-0.998	-0.673	-0.760	-0.799	-0.874	-0.828	-0.711	-0.694	
rs9601664      -0.920	-0.920	-0.911	-0.890	-0.898	-0.699	-0.906	-0.699	-0.687	-0.914	-0.896	-0.901	-0.899	-0.698	-0.565	-0.870	-0.896	-0.897	-0.896	-0.810	-0.959	-0.907	-0.696	-0.696	-0.811	-0.895	-0.900	-0.903	-0.896	-0.701	-0.863	-0.915	-0.899	-0.902	-0.812	-0.898	-0.904	-0.913	-0.893	-0.931	-0.944	-0.925	-0.675	-0.801	-0.808	-0.957	-0.811	-0.981	-0.999	-0.980	-0.867	-0.873	-0.865	-0.864	-0.865	-0.865	-0.870	-0.872	-0.921	-0.875	-0.906	-0.876	-0.934	-0.828	-0.876	-0.876	-0.876	-0.845	-0.842	-0.840	-0.674	-0.862	-0.893	-0.849	-0.853	-0.854	-0.663	-0.666	-0.678	-0.742	-0.467	-0.842	-0.842	-0.730	-0.840	-0.840	-0.745	-0.840	-1.021	-0.997	-0.838	-0.838	-0.839	-0.840	-0.998	-0.999	-0.841	-0.843	-0.842	-0.768	-0.772	-0.841	-0.766	-0.775	-0.844	-0.842	-0.836	-0.775	-1.000	-0.769	-0.998	-0.769	-0.405	-1.023	-0.843	-1.000	-1.001	-0.843	-0.849	-1.001	-1.002	-0.844	-1.002	-0.795	-0.846	-0.842	-1.002	-0.793	-0.972	-0.850	-0.825	-0.969	-0.834	-1.018	-1.003	-0.969	-0.789	-1.003	-1.003	-0.845	-0.969	-1.002	-0.845	-0.969	-0.845	-0.845	-0.969	-0.845	-0.911	-0.845	-0.791	-0.980	-0.968	-0.968	-0.794	-0.967	-0.966	-1.003	-0.839	-1.003	-0.806	-0.963	-0.846	-1.004	-0.817	-0.846	-0.688	-1.004	-0.803	-0.803	-0.816	-0.684	-0.795	-0.850	-1.004	-0.681	-0.767	-0.807	-0.880	-0.834	-0.719	-0.702	
rs4432145      -0.908	-0.908	-0.902	-0.695	-0.688	-0.859	-0.678	-0.860	-0.847	-0.904	-0.690	-0.684	-0.687	-0.859	-0.870	-0.556	-0.690	-0.689	-0.690	-0.805	-0.919	-0.678	-0.871	-0.855	-0.806	-0.693	-0.688	-0.705	-0.692	-0.873	-0.733	-0.904	-0.694	-0.686	-0.806	-0.692	-0.689	-0.903	-0.888	-0.822	-0.818	-0.823	-0.828	-0.797	-0.803	-0.822	-0.806	-0.803	-0.772	-0.711	-0.877	-0.912	-0.876	-0.872	-0.877	-0.877	-0.893	-0.897	-0.767	-0.914	-0.970	-0.913	-0.789	-0.749	-0.921	-0.919	-0.919	-0.863	-0.863	-0.855	-0.759	-0.859	-0.884	-0.838	-0.843	-0.843	-0.732	-0.733	-0.743	-0.813	-0.556	-0.833	-0.833	-0.802	-0.830	-0.829	-0.815	-0.829	-1.032	-0.985	-0.828	-0.828	-0.828	-0.830	-0.986	-0.988	-0.830	-0.832	-0.831	-0.832	-0.835	-0.830	-0.830	-0.838	-0.834	-0.832	-0.899	-0.837	-0.989	-0.833	-0.986	-0.833	-0.490	-1.029	-0.832	-0.989	-0.990	-0.833	-0.909	-0.990	-0.992	-0.834	-0.991	-0.855	-0.836	-0.903	-0.991	-0.853	-0.982	-0.911	-0.890	-0.978	-0.824	-1.018	-0.992	-0.979	-0.850	-0.992	-0.992	-0.835	-0.979	-0.992	-0.835	-0.979	-0.835	-0.835	-0.979	-0.835	-0.940	-0.835	-0.831	-0.998	-0.988	-0.988	-0.833	-0.987	-0.987	-0.993	-0.889	-0.993	-0.843	-0.985	-0.836	-0.994	-0.883	-0.837	-0.775	-0.994	-0.861	-0.861	-0.882	-0.772	-0.864	-0.841	-0.993	-0.769	-0.830	-0.864	-0.900	-0.826	-0.801	-0.787	
rs7319518      -0.926	-0.926	-0.920	-0.705	-0.708	-0.886	-0.709	-0.887	-0.874	-0.922	-0.707	-0.709	-0.708	-0.886	-0.896	-0.690	-0.575	-0.707	-0.707	-0.823	-0.947	-0.709	-0.898	-0.882	-0.823	-0.707	-0.709	-0.726	-0.708	-0.899	-0.729	-0.922	-0.713	-0.710	-0.824	-0.711	-0.714	-0.921	-0.905	-0.842	-0.841	-0.842	-0.856	-0.814	-0.820	-0.847	-0.823	-0.836	-0.812	-0.751	-0.901	-0.934	-0.899	-0.896	-0.900	-0.901	-0.916	-0.920	-0.798	-0.936	-0.991	-0.935	-0.820	-0.775	-0.941	-0.940	-0.940	-0.881	-0.882	-0.874	-0.776	-0.878	-0.903	-0.857	-0.861	-0.862	-0.749	-0.750	-0.760	-0.825	-0.564	-0.852	-0.852	-0.815	-0.849	-0.848	-0.828	-0.848	-1.050	-1.004	-0.846	-0.846	-0.847	-0.849	-1.005	-1.007	-0.849	-0.851	-0.850	-0.845	-0.849	-0.849	-0.844	-0.851	-0.853	-0.850	-0.913	-0.851	-1.007	-0.846	-1.005	-0.846	-0.497	-1.047	-0.851	-1.007	-1.009	-0.851	-0.924	-1.009	-1.010	-0.853	-1.010	-0.868	-0.854	-0.918	-1.010	-0.866	-0.998	-0.925	-0.904	-0.995	-0.843	-1.036	-1.011	-0.996	-0.863	-1.011	-1.011	-0.853	-0.996	-1.011	-0.853	-0.995	-0.854	-0.853	-0.995	-0.853	-0.956	-0.854	-0.846	-1.014	-1.004	-1.004	-0.849	-1.004	-1.003	-1.012	-0.903	-1.012	-0.859	-1.001	-0.855	-1.013	-0.897	-0.855	-0.789	-1.013	-0.875	-0.875	-0.896	-0.786	-0.878	-0.859	-1.012	-0.784	-0.844	-0.878	-0.918	-0.844	-0.815	-0.801	
rs7319938      -0.927	-0.927	-0.920	-0.705	-0.708	-0.887	-0.710	-0.888	-0.875	-0.922	-0.707	-0.709	-0.709	-0.887	-0.897	-0.689	-0.707	-0.576	-0.707	-0.823	-0.948	-0.709	-0.899	-0.883	-0.824	-0.708	-0.710	-0.727	-0.708	-0.900	-0.728	-0.923	-0.714	-0.711	-0.825	-0.712	-0.715	-0.921	-0.905	-0.842	-0.842	-0.842	-0.857	-0.815	-0.821	-0.848	-0.824	-0.837	-0.813	-0.753	-0.902	-0.934	-0.900	-0.897	-0.901	-0.902	-0.917	-0.921	-0.799	-0.936	-0.992	-0.936	-0.821	-0.776	-0.942	-0.941	-0.940	-0.882	-0.882	-0.875	-0.777	-0.879	-0.904	-0.858	-0.862	-0.862	-0.750	-0.751	-0.761	-0.826	-0.564	-0.852	-0.852	-0.815	-0.849	-0.849	-0.829	-0.849	-1.051	-1.005	-0.847	-0.847	-0.848	-0.849	-1.006	-1.007	-0.850	-0.852	-0.851	-0.846	-0.849	-0.850	-0.844	-0.852	-0.854	-0.851	-0.914	-0.851	-1.008	-0.847	-1.006	-0.847	-0.497	-1.048	-0.852	-1.008	-1.010	-0.852	-0.925	-1.010	-1.011	-0.854	-1.011	-0.869	-0.855	-0.918	-1.011	-0.867	-0.999	-0.926	-0.905	-0.996	-0.843	-1.037	-1.011	-0.996	-0.864	-1.011	-1.011	-0.854	-0.996	-1.011	-0.854	-0.996	-0.854	-0.854	-0.996	-0.854	-0.956	-0.855	-0.847	-1.015	-1.005	-1.005	-0.850	-1.004	-1.004	-1.012	-0.904	-1.013	-0.860	-1.002	-0.855	-1.013	-0.897	-0.856	-0.790	-1.013	-0.875	-0.875	-0.897	-0.786	-0.878	-0.860	-1.013	-0.784	-0.844	-0.879	-0.919	-0.845	-0.816	-0.802	
rs7320410      -0.926	-0.926	-0.920	-0.705	-0.708	-0.886	-0.709	-0.886	-0.874	-0.921	-0.707	-0.709	-0.708	-0.886	-0.896	-0.690	-0.707	-0.707	-0.575	-0.823	-0.947	-0.708	-0.898	-0.881	-0.823	-0.707	-0.709	-0.726	-0.708	-0.899	-0.728	-0.922	-0.713	-0.710	-0.824	-0.711	-0.714	-0.921	-0.904	-0.842	-0.841	-0.841	-0.856	-0.814	-0.820	-0.847	-0.823	-0.835	-0.811	-0.751	-0.901	-0.933	-0.899	-0.896	-0.900	-0.901	-0.916	-0.920	-0.798	-0.935	-0.991	-0.935	-0.819	-0.775	-0.941	-0.940	-0.940	-0.881	-0.882	-0.874	-0.776	-0.878	-0.903	-0.857	-0.861	-0.861	-0.749	-0.750	-0.760	-0.825	-0.564	-0.852	-0.851	-0.815	-0.848	-0.848	-0.828	-0.848	-1.050	-1.004	-0.846	-0.846	-0.847	-0.849	-1.005	-1.006	-0.849	-0.851	-0.850	-0.845	-0.848	-0.849	-0.844	-0.851	-0.853	-0.850	-0.913	-0.851	-1.007	-0.846	-1.005	-0.846	-0.497	-1.047	-0.851	-1.007	-1.009	-0.851	-0.924	-1.009	-1.010	-0.853	-1.010	-0.868	-0.854	-0.918	-1.010	-0.866	-0.998	-0.925	-0.904	-0.995	-0.842	-1.036	-1.011	-0.996	-0.863	-1.011	-1.011	-0.853	-0.996	-1.010	-0.853	-0.995	-0.853	-0.853	-0.995	-0.853	-0.956	-0.854	-0.846	-1.014	-1.004	-1.004	-0.849	-1.004	-1.003	-1.012	-0.903	-1.012	-0.859	-1.001	-0.855	-1.012	-0.897	-0.855	-0.789	-1.013	-0.875	-0.875	-0.896	-0.786	-0.877	-0.859	-1.012	-0.783	-0.844	-0.878	-0.918	-0.844	-0.815	-0.801	
rs189852728    -0.743	-0.742	-0.734	-0.819	-0.824	-0.805	-0.829	-0.806	-0.799	-0.738	-0.822	-0.826	-0.824	-0.806	-0.810	-0.805	-0.823	-0.823	-0.823	-0.374	-0.866	-0.830	-0.811	-0.803	-0.480	-0.822	-0.825	-0.826	-0.822	-0.812	-0.803	-0.740	-0.824	-0.826	-0.481	-0.824	-0.827	-0.736	-0.711	-0.839	-0.846	-0.835	-0.788	-0.485	-0.496	-0.854	-0.499	-0.865	-0.872	-0.804	-0.781	-0.794	-0.779	-0.777	-0.780	-0.780	-0.788	-0.790	-0.761	-0.797	-0.844	-0.797	-0.775	-0.675	-0.786	-0.785	-0.785	-0.703	-0.701	-0.695	-0.571	-0.698	-0.725	-0.676	-0.680	-0.681	-0.545	-0.546	-0.557	-0.597	-0.343	-0.667	-0.667	-0.585	-0.663	-0.662	-0.600	-0.662	-0.863	-0.825	-0.660	-0.660	-0.661	-0.663	-0.827	-0.828	-0.663	-0.666	-0.664	-0.619	-0.623	-0.663	-0.618	-0.626	-0.668	-0.665	-0.699	-0.626	-0.829	-0.620	-0.827	-0.620	-0.275	-0.861	-0.666	-0.829	-0.830	-0.666	-0.711	-0.830	-0.831	-0.668	-0.831	-0.645	-0.669	-0.704	-0.831	-0.643	-0.800	-0.712	-0.689	-0.797	-0.656	-0.846	-0.831	-0.797	-0.640	-0.831	-0.831	-0.668	-0.797	-0.831	-0.668	-0.797	-0.668	-0.668	-0.797	-0.668	-0.749	-0.669	-0.642	-0.816	-0.804	-0.804	-0.645	-0.803	-0.803	-0.832	-0.685	-0.832	-0.656	-0.800	-0.670	-0.832	-0.681	-0.670	-0.577	-0.832	-0.652	-0.652	-0.680	-0.573	-0.660	-0.675	-0.832	-0.571	-0.618	-0.656	-0.730	-0.661	-0.605	-0.590	
rs9593575      -0.988	-0.988	-0.977	-0.941	-0.949	-0.952	-0.957	-0.952	-0.943	-0.981	-0.947	-0.952	-0.950	-0.952	-0.959	-0.919	-0.947	-0.948	-0.947	-0.866	-0.646	-0.958	-0.960	-0.948	-0.866	-0.946	-0.951	-0.955	-0.946	-0.961	-0.911	-0.983	-0.950	-0.953	-0.868	-0.949	-0.955	-0.980	-0.958	-0.988	-1.001	-0.982	-0.927	-0.854	-0.863	-1.015	-0.868	-1.037	-1.054	-0.951	-0.981	-1.000	-0.979	-0.977	-0.980	-0.980	-0.990	-0.993	-0.995	-1.002	-1.038	-1.002	-1.009	-0.899	-0.999	-0.998	-0.998	-0.940	-0.939	-0.934	-0.808	-0.937	-0.968	-0.925	-0.930	-0.930	-0.786	-0.787	-0.798	-0.843	-0.537	-0.917	-0.917	-0.831	-0.915	-0.914	-0.846	-0.914	-1.109	-1.072	-0.913	-0.913	-0.913	-0.915	-1.074	-1.075	-0.915	-0.917	-0.916	-0.868	-0.871	-0.915	-0.866	-0.874	-0.919	-0.916	-0.933	-0.874	-1.076	-0.868	-1.074	-0.869	-0.473	-1.102	-0.917	-1.076	-1.077	-0.917	-0.945	-1.077	-1.078	-0.919	-1.078	-0.893	-0.920	-0.938	-1.078	-0.891	-1.048	-0.947	-0.923	-1.045	-0.909	-1.094	-1.078	-1.045	-0.888	-1.078	-1.078	-0.919	-1.045	-1.078	-0.919	-1.045	-0.920	-0.919	-1.045	-0.919	-0.995	-0.920	-0.889	-1.060	-1.049	-1.049	-0.892	-1.048	-1.048	-1.079	-0.933	-1.079	-0.903	-1.045	-0.921	-1.079	-0.915	-0.921	-0.813	-1.079	-0.900	-0.900	-0.914	-0.809	-0.894	-0.925	-1.079	-0.807	-0.866	-0.904	-0.975	-0.912	-0.841	-0.826	
rs9531232      -0.933	-0.933	-0.927	-0.703	-0.711	-0.897	-0.717	-0.897	-0.885	-0.928	-0.708	-0.714	-0.712	-0.897	-0.907	-0.678	-0.709	-0.709	-0.708	-0.830	-0.958	-0.583	-0.908	-0.892	-0.830	-0.707	-0.713	-0.731	-0.708	-0.910	-0.724	-0.929	-0.716	-0.715	-0.831	-0.714	-0.720	-0.928	-0.911	-0.849	-0.850	-0.848	-0.867	-0.821	-0.827	-0.857	-0.830	-0.849	-0.828	-0.768	-0.910	-0.942	-0.909	-0.905	-0.910	-0.910	-0.925	-0.929	-0.810	-0.944	-0.999	-0.944	-0.832	-0.785	-0.949	-0.948	-0.948	-0.889	-0.889	-0.882	-0.783	-0.885	-0.911	-0.864	-0.869	-0.869	-0.756	-0.757	-0.767	-0.830	-0.566	-0.859	-0.859	-0.820	-0.856	-0.855	-0.833	-0.855	-1.057	-1.012	-0.854	-0.854	-0.854	-0.856	-1.012	-1.014	-0.856	-0.858	-0.857	-0.850	-0.854	-0.856	-0.849	-0.857	-0.860	-0.858	-0.919	-0.856	-1.015	-0.851	-1.012	-0.851	-0.500	-1.054	-0.858	-1.015	-1.017	-0.859	-0.930	-1.016	-1.018	-0.860	-1.018	-0.874	-0.862	-0.923	-1.017	-0.872	-1.005	-0.931	-0.910	-1.001	-0.850	-1.043	-1.018	-1.002	-0.869	-1.018	-1.018	-0.861	-1.002	-1.018	-0.861	-1.001	-0.861	-0.861	-1.001	-0.861	-0.962	-0.861	-0.852	-1.021	-1.011	-1.011	-0.855	-1.010	-1.010	-1.019	-0.909	-1.019	-0.865	-1.007	-0.862	-1.020	-0.902	-0.863	-0.795	-1.020	-0.880	-0.880	-0.901	-0.791	-0.883	-0.867	-1.019	-0.789	-0.849	-0.883	-0.925	-0.852	-0.821	-0.807	
rs17293024     -0.921	-0.921	-0.912	-0.892	-0.899	-0.699	-0.907	-0.699	-0.686	-0.915	-0.897	-0.903	-0.901	-0.698	-0.696	-0.871	-0.898	-0.899	-0.898	-0.811	-0.960	-0.908	-0.566	-0.694	-0.812	-0.896	-0.902	-0.904	-0.897	-0.701	-0.864	-0.916	-0.900	-0.904	-0.813	-0.900	-0.906	-0.913	-0.894	-0.932	-0.945	-0.926	-0.671	-0.801	-0.808	-0.959	-0.812	-0.982	-1.000	-0.981	-0.868	-0.873	-0.866	-0.864	-0.866	-0.866	-0.871	-0.872	-0.921	-0.876	-0.907	-0.877	-0.935	-0.828	-0.877	-0.877	-0.877	-0.846	-0.843	-0.841	-0.675	-0.863	-0.894	-0.850	-0.854	-0.854	-0.664	-0.667	-0.679	-0.743	-0.469	-0.843	-0.843	-0.731	-0.841	-0.841	-0.746	-0.841	-1.022	-0.998	-0.839	-0.839	-0.840	-0.841	-0.998	-1.000	-0.842	-0.843	-0.842	-0.769	-0.773	-0.842	-0.768	-0.776	-0.845	-0.843	-0.837	-0.776	-1.000	-0.770	-0.998	-0.770	-0.406	-1.024	-0.843	-1.001	-1.002	-0.844	-0.850	-1.002	-1.003	-0.845	-1.003	-0.796	-0.846	-0.843	-1.003	-0.794	-0.973	-0.851	-0.826	-0.970	-0.835	-1.019	-1.003	-0.970	-0.790	-1.003	-1.003	-0.845	-0.970	-1.003	-0.846	-0.970	-0.846	-0.846	-0.970	-0.845	-0.912	-0.846	-0.792	-0.981	-0.968	-0.968	-0.795	-0.968	-0.967	-1.004	-0.840	-1.004	-0.807	-0.964	-0.847	-1.005	-0.818	-0.847	-0.689	-1.005	-0.804	-0.804	-0.817	-0.685	-0.796	-0.851	-1.004	-0.682	-0.768	-0.808	-0.881	-0.834	-0.720	-0.703	
rs7322750      -0.913	-0.912	-0.904	-0.875	-0.883	-0.689	-0.892	-0.689	-0.685	-0.906	-0.881	-0.886	-0.884	-0.689	-0.696	-0.855	-0.882	-0.883	-0.881	-0.803	-0.948	-0.892	-0.694	-0.557	-0.804	-0.880	-0.886	-0.888	-0.881	-0.698	-0.847	-0.908	-0.884	-0.888	-0.805	-0.884	-0.890	-0.905	-0.886	-0.917	-0.931	-0.912	-0.686	-0.794	-0.800	-0.945	-0.804	-0.969	-0.988	-0.976	-0.863	-0.864	-0.860	-0.860	-0.860	-0.860	-0.864	-0.865	-0.919	-0.867	-0.895	-0.868	-0.932	-0.827	-0.866	-0.867	-0.867	-0.836	-0.833	-0.831	-0.661	-0.853	-0.885	-0.841	-0.845	-0.846	-0.651	-0.653	-0.666	-0.730	-0.456	-0.834	-0.834	-0.719	-0.832	-0.832	-0.734	-0.832	-1.013	-0.989	-0.831	-0.831	-0.831	-0.833	-0.990	-0.991	-0.833	-0.835	-0.834	-0.758	-0.761	-0.833	-0.756	-0.764	-0.836	-0.834	-0.824	-0.764	-0.992	-0.758	-0.990	-0.758	-0.394	-1.014	-0.835	-0.992	-0.993	-0.835	-0.838	-0.993	-0.994	-0.837	-0.994	-0.785	-0.838	-0.830	-0.994	-0.782	-0.964	-0.839	-0.814	-0.960	-0.827	-1.010	-0.995	-0.961	-0.779	-0.995	-0.995	-0.837	-0.961	-0.995	-0.837	-0.960	-0.837	-0.837	-0.960	-0.837	-0.902	-0.838	-0.781	-0.971	-0.958	-0.958	-0.784	-0.958	-0.957	-0.996	-0.829	-0.996	-0.796	-0.954	-0.838	-0.996	-0.805	-0.839	-0.675	-0.996	-0.792	-0.792	-0.804	-0.671	-0.784	-0.842	-0.996	-0.668	-0.756	-0.796	-0.871	-0.826	-0.707	-0.690	
rs9545823      -0.744	-0.743	-0.734	-0.819	-0.824	-0.806	-0.829	-0.806	-0.800	-0.738	-0.823	-0.826	-0.825	-0.806	-0.811	-0.806	-0.823	-0.824	-0.823	-0.480	-0.866	-0.830	-0.812	-0.804	-0.375	-0.822	-0.826	-0.827	-0.823	-0.812	-0.803	-0.740	-0.825	-0.827	-0.482	-0.824	-0.828	-0.737	-0.712	-0.839	-0.847	-0.835	-0.788	-0.484	-0.495	-0.854	-0.499	-0.866	-0.872	-0.805	-0.782	-0.794	-0.780	-0.778	-0.780	-0.780	-0.788	-0.791	-0.762	-0.798	-0.845	-0.798	-0.776	-0.675	-0.787	-0.786	-0.786	-0.703	-0.702	-0.696	-0.572	-0.699	-0.725	-0.677	-0.681	-0.681	-0.545	-0.547	-0.558	-0.597	-0.343	-0.668	-0.667	-0.586	-0.664	-0.663	-0.600	-0.663	-0.864	-0.826	-0.661	-0.661	-0.662	-0.664	-0.828	-0.829	-0.664	-0.666	-0.665	-0.620	-0.624	-0.664	-0.618	-0.627	-0.668	-0.665	-0.700	-0.626	-0.829	-0.621	-0.828	-0.621	-0.276	-0.862	-0.666	-0.830	-0.831	-0.667	-0.712	-0.831	-0.832	-0.668	-0.832	-0.646	-0.670	-0.705	-0.832	-0.644	-0.801	-0.713	-0.690	-0.797	-0.657	-0.846	-0.832	-0.798	-0.640	-0.832	-0.832	-0.669	-0.798	-0.832	-0.669	-0.797	-0.669	-0.669	-0.797	-0.669	-0.750	-0.670	-0.643	-0.817	-0.805	-0.805	-0.646	-0.804	-0.804	-0.833	-0.686	-0.833	-0.657	-0.801	-0.670	-0.833	-0.682	-0.671	-0.578	-0.833	-0.653	-0.653	-0.681	-0.574	-0.660	-0.676	-0.833	-0.572	-0.619	-0.657	-0.731	-0.662	-0.605	-0.590	
rs7330017      -0.925	-0.925	-0.919	-0.706	-0.708	-0.885	-0.709	-0.885	-0.873	-0.921	-0.708	-0.709	-0.709	-0.885	-0.895	-0.693	-0.707	-0.708	-0.707	-0.822	-0.946	-0.707	-0.896	-0.880	-0.822	-0.575	-0.708	-0.725	-0.706	-0.898	-0.728	-0.921	-0.712	-0.708	-0.823	-0.709	-0.711	-0.920	-0.904	-0.840	-0.840	-0.840	-0.854	-0.813	-0.820	-0.845	-0.822	-0.833	-0.809	-0.749	-0.900	-0.932	-0.898	-0.895	-0.899	-0.900	-0.915	-0.919	-0.796	-0.934	-0.990	-0.934	-0.818	-0.773	-0.940	-0.939	-0.939	-0.881	-0.881	-0.873	-0.775	-0.877	-0.902	-0.856	-0.861	-0.861	-0.748	-0.750	-0.759	-0.825	-0.563	-0.851	-0.851	-0.814	-0.848	-0.847	-0.828	-0.847	-1.049	-1.003	-0.845	-0.845	-0.846	-0.848	-1.004	-1.006	-0.848	-0.850	-0.849	-0.845	-0.848	-0.848	-0.843	-0.851	-0.852	-0.849	-0.912	-0.850	-1.006	-0.845	-1.004	-0.846	-0.497	-1.047	-0.850	-1.007	-1.008	-0.850	-0.923	-1.008	-1.010	-0.852	-1.009	-0.868	-0.853	-0.917	-1.009	-0.866	-0.997	-0.924	-0.903	-0.994	-0.842	-1.035	-1.010	-0.995	-0.863	-1.010	-1.010	-0.852	-0.995	-1.010	-0.852	-0.994	-0.853	-0.852	-0.994	-0.852	-0.955	-0.853	-0.845	-1.014	-1.004	-1.004	-0.848	-1.003	-1.002	-1.011	-0.903	-1.011	-0.858	-1.000	-0.854	-1.012	-0.896	-0.854	-0.789	-1.012	-0.874	-0.874	-0.895	-0.785	-0.877	-0.859	-1.011	-0.783	-0.843	-0.877	-0.917	-0.843	-0.814	-0.801	
rs7329698      -0.929	-0.929	-0.922	-0.706	-0.711	-0.890	-0.713	-0.891	-0.878	-0.924	-0.710	-0.713	-0.712	-0.890	-0.900	-0.688	-0.709	-0.710	-0.709	-0.825	-0.951	-0.713	-0.902	-0.886	-0.826	-0.708	-0.578	-0.727	-0.708	-0.903	-0.726	-0.925	-0.714	-0.711	-0.827	-0.712	-0.716	-0.923	-0.907	-0.844	-0.844	-0.844	-0.860	-0.817	-0.823	-0.850	-0.826	-0.840	-0.817	-0.757	-0.904	-0.937	-0.903	-0.899	-0.904	-0.904	-0.919	-0.924	-0.803	-0.939	-0.994	-0.939	-0.824	-0.779	-0.944	-0.943	-0.943	-0.884	-0.885	-0.877	-0.779	-0.881	-0.906	-0.860	-0.864	-0.864	-0.752	-0.753	-0.762	-0.827	-0.565	-0.854	-0.854	-0.817	-0.851	-0.851	-0.830	-0.851	-1.053	-1.007	-0.849	-0.849	-0.850	-0.851	-1.008	-1.009	-0.852	-0.854	-0.853	-0.847	-0.850	-0.852	-0.846	-0.853	-0.856	-0.853	-0.915	-0.853	-1.010	-0.848	-1.008	-0.848	-0.498	-1.050	-0.854	-1.010	-1.012	-0.854	-0.926	-1.012	-1.013	-0.856	-1.013	-0.870	-0.857	-0.920	-1.013	-0.868	-1.001	-0.927	-0.906	-0.997	-0.845	-1.039	-1.013	-0.998	-0.865	-1.013	-1.013	-0.856	-0.998	-1.013	-0.856	-0.997	-0.856	-0.856	-0.997	-0.856	-0.958	-0.857	-0.848	-1.017	-1.007	-1.007	-0.851	-1.006	-1.006	-1.014	-0.905	-1.015	-0.861	-1.003	-0.857	-1.015	-0.899	-0.858	-0.791	-1.015	-0.877	-0.877	-0.898	-0.788	-0.880	-0.862	-1.015	-0.786	-0.846	-0.880	-0.921	-0.847	-0.817	-0.803	
rs1602205      -0.930	-0.930	-0.923	-0.723	-0.728	-0.893	-0.731	-0.893	-0.881	-0.925	-0.726	-0.729	-0.728	-0.893	-0.903	-0.705	-0.726	-0.727	-0.726	-0.826	-0.955	-0.731	-0.904	-0.888	-0.827	-0.725	-0.727	-0.579	-0.725	-0.905	-0.734	-0.926	-0.729	-0.728	-0.828	-0.728	-0.732	-0.924	-0.908	-0.849	-0.850	-0.848	-0.863	-0.818	-0.824	-0.856	-0.827	-0.847	-0.826	-0.764	-0.906	-0.939	-0.905	-0.901	-0.906	-0.907	-0.921	-0.926	-0.807	-0.941	-0.996	-0.940	-0.828	-0.781	-0.946	-0.945	-0.944	-0.885	-0.886	-0.878	-0.780	-0.881	-0.907	-0.861	-0.865	-0.865	-0.753	-0.754	-0.763	-0.828	-0.564	-0.856	-0.856	-0.817	-0.853	-0.852	-0.830	-0.852	-1.054	-1.008	-0.850	-0.851	-0.851	-0.853	-1.009	-1.011	-0.853	-0.855	-0.854	-0.848	-0.851	-0.853	-0.846	-0.854	-0.857	-0.854	-0.916	-0.853	-1.011	-0.849	-1.009	-0.849	-0.498	-1.051	-0.855	-1.011	-1.013	-0.855	-0.927	-1.013	-1.014	-0.857	-1.014	-0.871	-0.858	-0.920	-1.014	-0.869	-1.001	-0.928	-0.907	-0.998	-0.847	-1.039	-1.015	-0.999	-0.866	-1.015	-1.015	-0.857	-0.999	-1.014	-0.857	-0.998	-0.858	-0.857	-0.998	-0.857	-0.959	-0.858	-0.849	-1.018	-1.007	-1.007	-0.852	-1.007	-1.006	-1.016	-0.906	-1.016	-0.862	-1.004	-0.859	-1.016	-0.899	-0.859	-0.792	-1.017	-0.877	-0.877	-0.898	-0.788	-0.880	-0.863	-1.016	-0.786	-0.846	-0.881	-0.922	-0.848	-0.818	-0.804	
rs6563247      -0.926	-0.926	-0.919	-0.706	-0.709	-0.885	-0.710	-0.886	-0.874	-0.921	-0.708	-0.710	-0.709	-0.886	-0.896	-0.692	-0.708	-0.708	-0.708	-0.822	-0.946	-0.708	-0.897	-0.881	-0.823	-0.706	-0.708	-0.725	-0.575	-0.898	-0.728	-0.922	-0.712	-0.708	-0.824	-0.709	-0.711	-0.920	-0.904	-0.841	-0.840	-0.841	-0.855	-0.814	-0.820	-0.846	-0.823	-0.834	-0.810	-0.750	-0.900	-0.933	-0.899	-0.895	-0.900	-0.900	-0.915	-0.920	-0.797	-0.935	-0.990	-0.935	-0.819	-0.774	-0.941	-0.939	-0.939	-0.881	-0.881	-0.874	-0.776	-0.877	-0.903	-0.857	-0.861	-0.861	-0.749	-0.750	-0.760	-0.825	-0.564	-0.851	-0.851	-0.815	-0.848	-0.848	-0.828	-0.848	-1.050	-1.004	-0.846	-0.846	-0.847	-0.848	-1.005	-1.006	-0.849	-0.851	-0.850	-0.845	-0.848	-0.849	-0.843	-0.851	-0.852	-0.850	-0.913	-0.851	-1.007	-0.846	-1.005	-0.846	-0.497	-1.047	-0.851	-1.007	-1.009	-0.851	-0.924	-1.009	-1.010	-0.853	-1.010	-0.868	-0.854	-0.917	-1.010	-0.866	-0.998	-0.925	-0.904	-0.995	-0.842	-1.036	-1.010	-0.995	-0.863	-1.010	-1.010	-0.853	-0.995	-1.010	-0.853	-0.995	-0.853	-0.853	-0.995	-0.853	-0.955	-0.854	-0.846	-1.014	-1.004	-1.004	-0.849	-1.003	-1.003	-1.011	-0.903	-1.011	-0.859	-1.001	-0.854	-1.012	-0.897	-0.855	-0.789	-1.012	-0.874	-0.874	-0.896	-0.786	-0.877	-0.859	-1.012	-0.783	-0.843	-0.878	-0.918	-0.844	-0.815	-0.801	
rs1387750      -0.921	-0.921	-0.912	-0.893	-0.901	-0.703	-0.909	-0.703	-0.690	-0.915	-0.899	-0.904	-0.902	-0.702	-0.701	-0.873	-0.899	-0.900	-0.899	-0.812	-0.961	-0.910	-0.701	-0.698	-0.812	-0.898	-0.903	-0.905	-0.898	-0.566	-0.866	-0.916	-0.901	-0.905	-0.813	-0.901	-0.907	-0.914	-0.894	-0.933	-0.946	-0.928	-0.670	-0.802	-0.809	-0.959	-0.812	-0.983	-1.001	-0.981	-0.868	-0.874	-0.865	-0.865	-0.865	-0.866	-0.871	-0.872	-0.921	-0.876	-0.908	-0.877	-0.935	-0.828	-0.877	-0.878	-0.878	-0.847	-0.844	-0.841	-0.676	-0.863	-0.894	-0.851	-0.855	-0.855	-0.665	-0.668	-0.680	-0.744	-0.470	-0.843	-0.843	-0.732	-0.841	-0.841	-0.747	-0.841	-1.023	-0.998	-0.839	-0.839	-0.840	-0.842	-0.999	-1.000	-0.842	-0.844	-0.843	-0.770	-0.774	-0.842	-0.768	-0.777	-0.845	-0.843	-0.838	-0.777	-1.001	-0.771	-0.999	-0.771	-0.407	-1.025	-0.844	-1.001	-1.002	-0.844	-0.851	-1.002	-1.004	-0.846	-1.003	-0.797	-0.847	-0.844	-1.003	-0.795	-0.974	-0.852	-0.827	-0.970	-0.836	-1.020	-1.004	-0.971	-0.791	-1.004	-1.004	-0.846	-0.971	-1.004	-0.846	-0.970	-0.846	-0.846	-0.970	-0.846	-0.913	-0.847	-0.792	-0.981	-0.969	-0.969	-0.795	-0.968	-0.968	-1.005	-0.841	-1.005	-0.807	-0.965	-0.847	-1.005	-0.819	-0.848	-0.690	-1.005	-0.804	-0.805	-0.818	-0.686	-0.797	-0.851	-1.005	-0.683	-0.769	-0.808	-0.882	-0.835	-0.721	-0.704	
