## Summary of overall evidence for association with region:
## log10(BF for region) = 2.80917
## p-value for region = NA

## BFs for choosing among multi-SNP models:
## log10(average 1-SNP BF) = 2.82529
## log10(average 2-SNP BF) = 2.77502

## Example posterior probabilities for multi-SNP models, based on default prior: [p(l) propto 0.5^l for l=1,2,...,L]
## posterior probability of 1-SNP = 0.691874
## posterior probability of 2-SNP = 0.308126

## log10(BF) for single SNP and pair of SNPs:
rs8031646      -0.630	-0.976	-0.966	-0.923	-0.855	-0.747	-1.082	-1.057	-0.890	-0.898	-0.834	-0.841	-0.980	-0.819	-0.979	-0.979	-0.787	-0.844	-0.861	-0.899	-0.879	-0.883	-0.998	-0.858	-0.832	-0.851	-0.862	-0.154	-0.613	-0.960	-0.180	-0.971	-0.044	-0.576	-0.856	-0.974	-1.000	-0.186	-1.002	+2.099	+2.084	+2.084	+2.088	+2.296	+2.283	+2.283	+2.284	+2.442	+0.235	+2.331	+2.289	+2.326	+2.401	+2.401	+2.199	+2.199	+2.247	+2.247	+2.248	-0.755	-0.755	-0.755	-0.755	-0.540	-0.576	+2.290	+2.146	+2.305	+2.294	+1.701	+2.322	+2.322	+2.511	+3.008	-0.048	-0.046	+2.554	+2.382	+2.383	+1.814	+2.645	+1.652	+2.893	+3.103	+2.909	+0.018	+1.761	+1.562	+1.725	+2.459	+2.664	+1.747	+2.956	+0.493	+2.894	+3.063	+3.121	+2.189	+2.081	+0.694	+3.182	-0.025	+0.783	+2.267	+0.788	-0.828	-0.676	-0.666	+1.971	+2.411	+2.324	-0.830	+3.242	-0.097	-0.008	-0.618	+1.952	-0.828	+2.282	-0.065	+1.940	-0.674	-0.801	-1.009	-0.038	-0.039	-0.032	-0.653	+0.659	-0.335	-0.335	-0.342	+1.270	-0.765	+0.271	-0.711	+0.252	+0.306	-0.639	
rs7171736      -0.976	-0.490	-0.618	-0.575	-0.560	-0.375	-0.950	-0.924	-0.750	-0.759	-0.704	-0.711	-0.849	-0.691	-0.847	-0.847	-0.681	-0.714	-0.730	-0.773	-0.749	-0.753	-0.869	-0.730	-0.704	-0.719	-0.730	-0.016	-0.487	-0.827	-0.039	-0.838	+0.024	-0.451	-0.727	-0.842	-0.867	-0.097	-0.870	+2.163	+2.147	+2.148	+2.151	+2.358	+2.345	+2.345	+2.345	+2.505	+0.299	+2.393	+2.350	+2.390	+2.462	+2.462	+2.260	+2.261	+2.308	+2.308	+2.309	-0.626	-0.626	-0.626	-0.626	-0.412	-0.448	+2.352	+2.207	+2.367	+2.339	+1.773	+2.383	+2.383	+2.574	+3.076	+0.090	+0.092	+2.616	+2.443	+2.444	+1.885	+2.708	+1.721	+2.960	+3.171	+2.975	+0.157	+1.829	+1.630	+1.794	+2.519	+2.726	+1.815	+3.026	+0.556	+2.963	+3.135	+3.193	+2.270	+2.168	+0.769	+3.236	+0.112	+0.857	+2.351	+0.861	-0.700	-0.549	-0.539	+2.045	+2.497	+2.408	-0.702	+3.314	+0.040	+0.130	-0.494	+2.019	-0.700	+2.327	+0.072	+2.008	-0.548	-0.673	-0.876	+0.099	+0.099	+0.105	-0.528	+0.735	-0.218	-0.218	-0.225	+1.378	-0.638	+0.350	-0.588	+0.331	+0.384	-0.516	
rs1021392      -0.966	-0.618	-0.480	-0.571	-0.561	-0.382	-0.940	-0.914	-0.740	-0.750	-0.694	-0.701	-0.839	-0.681	-0.837	-0.837	-0.672	-0.704	-0.720	-0.763	-0.739	-0.743	-0.860	-0.720	-0.694	-0.709	-0.720	-0.006	-0.478	-0.818	-0.029	-0.828	+0.031	-0.442	-0.717	-0.832	-0.857	-0.089	-0.860	+2.167	+2.151	+2.152	+2.155	+2.361	+2.348	+2.348	+2.349	+2.509	+0.305	+2.396	+2.354	+2.394	+2.466	+2.466	+2.264	+2.264	+2.312	+2.312	+2.313	-0.616	-0.616	-0.616	-0.616	-0.402	-0.438	+2.355	+2.210	+2.370	+2.342	+1.778	+2.386	+2.387	+2.577	+3.080	+0.100	+0.102	+2.620	+2.446	+2.448	+1.890	+2.711	+1.726	+2.964	+3.175	+2.979	+0.167	+1.834	+1.636	+1.799	+2.523	+2.729	+1.820	+3.030	+0.563	+2.967	+3.139	+3.197	+2.276	+2.175	+0.775	+3.239	+0.123	+0.863	+2.356	+0.868	-0.690	-0.539	-0.530	+2.050	+2.503	+2.413	-0.692	+3.318	+0.050	+0.140	-0.484	+2.025	-0.691	+2.331	+0.083	+2.013	-0.538	-0.663	-0.866	+0.109	+0.109	+0.115	-0.519	+0.742	-0.209	-0.209	-0.216	+1.386	-0.629	+0.357	-0.578	+0.337	+0.390	-0.506	
rs4965115      -0.923	-0.575	-0.571	-0.432	-0.574	-0.432	-0.896	-0.869	-0.696	-0.706	-0.650	-0.657	-0.794	-0.638	-0.792	-0.792	-0.631	-0.660	-0.676	-0.720	-0.695	-0.698	-0.815	-0.676	-0.650	-0.664	-0.675	+0.039	-0.436	-0.773	+0.017	-0.784	+0.066	-0.400	-0.673	-0.787	-0.813	-0.052	-0.815	+2.187	+2.171	+2.172	+2.175	+2.380	+2.367	+2.367	+2.368	+2.528	+0.336	+2.415	+2.373	+2.413	+2.484	+2.484	+2.283	+2.283	+2.331	+2.331	+2.331	-0.573	-0.573	-0.573	-0.573	-0.359	-0.395	+2.374	+2.228	+2.389	+2.358	+1.804	+2.405	+2.405	+2.596	+3.100	+0.146	+0.148	+2.638	+2.465	+2.466	+1.916	+2.730	+1.751	+2.984	+3.195	+2.999	+0.213	+1.860	+1.666	+1.824	+2.541	+2.748	+1.846	+3.052	+0.593	+2.989	+3.162	+3.220	+2.305	+2.206	+0.808	+3.257	+0.168	+0.896	+2.386	+0.901	-0.646	-0.497	-0.487	+2.077	+2.534	+2.443	-0.648	+3.341	+0.095	+0.185	-0.442	+2.050	-0.647	+2.352	+0.128	+2.039	-0.496	-0.620	-0.822	+0.155	+0.154	+0.161	-0.477	+0.775	-0.166	-0.166	-0.173	+1.427	-0.585	+0.386	-0.535	+0.366	+0.420	-0.463	
rs4965117      -0.855	-0.560	-0.561	-0.574	-0.359	-0.355	-0.831	-0.794	-0.638	-0.647	-0.582	-0.586	-0.724	-0.570	-0.723	-0.722	-0.575	-0.589	-0.605	-0.645	-0.625	-0.628	-0.742	-0.606	-0.580	-0.588	-0.599	+0.117	-0.372	-0.704	+0.096	-0.715	+0.131	-0.336	-0.603	-0.718	-0.743	+0.018	-0.746	+2.243	+2.228	+2.228	+2.232	+2.435	+2.422	+2.422	+2.422	+2.583	+0.397	+2.469	+2.427	+2.469	+2.536	+2.536	+2.337	+2.337	+2.384	+2.384	+2.385	-0.507	-0.507	-0.507	-0.507	-0.295	-0.331	+2.429	+2.280	+2.442	+2.405	+1.868	+2.459	+2.459	+2.651	+3.123	+0.225	+0.228	+2.694	+2.519	+2.520	+1.980	+2.784	+1.815	+3.007	+3.218	+3.022	+0.293	+1.922	+1.742	+1.887	+2.595	+2.803	+1.908	+3.078	+0.654	+3.014	+3.187	+3.246	+2.336	+2.240	+0.843	+3.275	+0.248	+0.929	+2.418	+0.933	-0.576	-0.432	-0.422	+2.144	+2.567	+2.475	-0.578	+3.365	+0.174	+0.265	-0.378	+2.113	-0.577	+2.405	+0.207	+2.102	-0.431	-0.550	-0.752	+0.234	+0.234	+0.240	-0.413	+0.809	-0.110	-0.110	-0.117	+1.477	-0.515	+0.418	-0.467	+0.399	+0.452	-0.394	
rs11634101     -0.747	-0.375	-0.382	-0.432	-0.355	-0.242	-0.723	-0.683	-0.533	-0.543	-0.473	-0.477	-0.614	-0.462	-0.613	-0.613	-0.471	-0.480	-0.496	-0.535	-0.515	-0.519	-0.632	-0.497	-0.471	-0.479	-0.489	+0.229	-0.265	-0.594	+0.209	-0.605	+0.231	-0.230	-0.494	-0.608	-0.634	+0.121	-0.636	+2.325	+2.310	+2.310	+2.314	+2.515	+2.502	+2.503	+2.503	+2.664	+0.492	+2.549	+2.508	+2.550	+2.616	+2.616	+2.417	+2.417	+2.464	+2.464	+2.465	-0.399	-0.399	-0.399	-0.399	-0.187	-0.223	+2.510	+2.359	+2.521	+2.481	+1.958	+2.539	+2.540	+2.731	+3.193	+0.337	+0.340	+2.774	+2.599	+2.601	+2.070	+2.865	+1.904	+3.076	+3.288	+3.092	+0.405	+2.011	+1.838	+1.976	+2.675	+2.883	+1.998	+3.151	+0.749	+3.086	+3.261	+3.320	+2.420	+2.327	+0.934	+3.341	+0.360	+1.019	+2.504	+1.024	-0.467	-0.325	-0.315	+2.238	+2.653	+2.560	-0.469	+3.439	+0.286	+0.377	-0.271	+2.204	-0.468	+2.489	+0.319	+2.193	-0.324	-0.441	-0.642	+0.346	+0.346	+0.352	-0.306	+0.900	-0.004	-0.004	-0.010	+1.579	-0.407	+0.505	-0.359	+0.485	+0.538	-0.286	
rs1062702      -1.082	-0.950	-0.940	-0.896	-0.831	-0.723	-0.607	-0.874	-0.562	-0.578	-0.815	-0.789	-0.953	-0.802	-0.951	-0.951	-0.796	-0.793	-0.813	-0.875	-0.832	-0.837	-0.960	-0.810	-0.780	-0.821	-0.832	-0.152	-0.599	-0.943	-0.179	-0.953	-0.035	-0.563	-0.806	-0.956	-0.978	-0.171	-0.980	+2.115	+2.099	+2.100	+2.103	+2.310	+2.296	+2.297	+2.297	+2.451	+0.246	+2.345	+2.302	+2.338	+2.414	+2.414	+2.215	+2.215	+2.263	+2.263	+2.264	-0.737	-0.737	-0.737	-0.737	-0.526	-0.562	+2.304	+2.158	+2.313	+2.305	+1.699	+2.336	+2.336	+2.521	+3.009	-0.048	-0.046	+2.563	+2.395	+2.396	+1.812	+2.655	+1.646	+2.893	+3.103	+2.909	+0.019	+1.760	+1.590	+1.720	+2.472	+2.673	+1.741	+2.958	+0.513	+2.896	+3.064	+3.122	+2.204	+2.100	+0.690	+3.178	-0.026	+0.800	+2.267	+0.805	-0.775	-0.650	-0.640	+1.968	+2.416	+2.325	-0.777	+3.256	-0.098	-0.009	-0.593	+1.945	-0.775	+2.263	-0.066	+1.933	-0.649	-0.745	-0.988	-0.039	-0.039	-0.033	-0.628	+0.675	-0.323	-0.323	-0.330	+1.254	-0.707	+0.288	-0.652	+0.270	+0.324	-0.576	
rs6496272      -1.057	-0.924	-0.914	-0.869	-0.794	-0.683	-0.874	-0.583	-0.558	-0.574	-0.779	-0.796	-0.930	-0.766	-0.928	-0.928	-0.599	-0.799	-0.816	-0.854	-0.834	-0.837	-0.954	-0.814	-0.788	-0.806	-0.817	-0.102	-0.550	-0.903	-0.129	-0.915	-0.017	-0.513	-0.811	-0.919	-0.946	-0.147	-0.949	+2.177	+2.161	+2.162	+2.165	+2.375	+2.361	+2.361	+2.362	+2.528	+0.271	+2.410	+2.367	+2.413	+2.481	+2.481	+2.275	+2.275	+2.324	+2.325	+2.325	-0.696	-0.696	-0.696	-0.696	-0.476	-0.513	+2.368	+2.220	+2.386	+2.359	+1.753	+2.400	+2.401	+2.598	+3.069	+0.004	+0.006	+2.641	+2.461	+2.462	+1.866	+2.734	+1.702	+2.953	+3.164	+2.968	+0.071	+1.810	+1.644	+1.775	+2.539	+2.753	+1.797	+3.020	+0.527	+2.957	+3.130	+3.188	+2.251	+2.141	+0.756	+3.236	+0.026	+0.825	+2.323	+0.830	-0.784	-0.625	-0.615	+2.047	+2.469	+2.381	-0.786	+3.349	-0.047	+0.043	-0.567	+2.022	-0.784	+2.343	-0.014	+2.010	-0.624	-0.757	-0.961	+0.013	+0.012	+0.019	-0.602	+0.701	-0.293	-0.293	-0.299	+1.310	-0.722	+0.327	-0.668	+0.307	+0.361	-0.597	
rs190524788    -0.890	-0.750	-0.740	-0.696	-0.638	-0.533	-0.562	-0.558	-0.398	-0.542	-0.628	-0.548	-0.748	-0.616	-0.746	-0.746	-0.669	-0.552	-0.577	-0.674	-0.598	-0.604	-0.742	-0.573	-0.537	-0.613	-0.624	-0.063	-0.432	-0.762	-0.086	-0.768	+0.200	-0.397	-0.568	-0.770	-0.784	+0.009	-0.785	+2.229	+2.214	+2.215	+2.218	+2.421	+2.408	+2.408	+2.408	+2.551	+0.472	+2.455	+2.413	+2.442	+2.522	+2.522	+2.330	+2.330	+2.377	+2.378	+2.378	-0.558	-0.558	-0.558	-0.558	-0.359	-0.394	+2.415	+2.268	+2.411	+2.498	+1.737	+2.447	+2.448	+2.621	+3.059	+0.039	+0.041	+2.662	+2.506	+2.508	+1.848	+2.752	+1.693	+2.956	+3.153	+2.971	+0.102	+1.788	+1.757	+1.766	+2.584	+2.772	+1.787	+3.035	+0.756	+2.974	+3.130	+3.187	+2.214	+2.105	+0.885	+3.325	+0.062	+1.035	+2.305	+1.040	-0.531	-0.461	-0.451	+2.049	+2.443	+2.362	-0.534	+3.354	-0.006	+0.078	-0.403	+2.015	-0.532	+2.384	+0.025	+2.003	-0.460	-0.497	-0.794	+0.049	+0.049	+0.056	-0.437	+0.907	-0.143	-0.143	-0.149	+1.323	-0.456	+0.490	-0.394	+0.476	+0.531	-0.311	
rs145368286    -0.898	-0.759	-0.750	-0.706	-0.647	-0.543	-0.578	-0.574	-0.542	-0.406	-0.636	-0.558	-0.756	-0.624	-0.753	-0.753	-0.675	-0.562	-0.586	-0.683	-0.607	-0.613	-0.751	-0.582	-0.546	-0.624	-0.635	-0.069	-0.438	-0.770	-0.091	-0.776	+0.193	-0.403	-0.577	-0.778	-0.793	+0.002	-0.793	+2.226	+2.211	+2.211	+2.215	+2.418	+2.404	+2.405	+2.405	+2.548	+0.465	+2.452	+2.410	+2.439	+2.519	+2.519	+2.327	+2.327	+2.374	+2.374	+2.375	-0.564	-0.564	-0.564	-0.564	-0.363	-0.399	+2.412	+2.265	+2.408	+2.493	+1.735	+2.444	+2.445	+2.617	+3.057	+0.034	+0.036	+2.658	+2.503	+2.504	+1.846	+2.749	+1.691	+2.954	+3.151	+2.969	+0.097	+1.786	+1.746	+1.764	+2.581	+2.769	+1.785	+3.033	+0.749	+2.972	+3.128	+3.185	+2.213	+2.105	+0.879	+3.321	+0.057	+1.028	+2.303	+1.033	-0.541	-0.466	-0.457	+2.045	+2.442	+2.360	-0.543	+3.351	-0.011	+0.073	-0.413	+2.012	-0.541	+2.379	+0.020	+2.000	-0.465	-0.506	-0.802	+0.045	+0.044	+0.051	-0.446	+0.900	-0.148	-0.148	-0.154	+1.321	-0.465	+0.483	-0.409	+0.469	+0.524	-0.327	
rs72756716     -0.834	-0.704	-0.694	-0.650	-0.582	-0.473	-0.815	-0.779	-0.628	-0.636	-0.329	-0.567	-0.669	-0.458	-0.669	-0.669	-0.549	-0.571	-0.588	-0.587	-0.606	-0.610	-0.709	-0.586	-0.560	-0.437	-0.452	+0.138	-0.151	-0.677	+0.112	-0.686	+0.182	-0.077	-0.583	-0.688	-0.707	+0.052	-0.708	+2.388	+2.372	+2.373	+2.376	+2.590	+2.576	+2.576	+2.576	+2.743	+0.470	+2.626	+2.582	+2.626	+2.698	+2.698	+2.489	+2.489	+2.539	+2.539	+2.540	-0.420	-0.420	-0.420	-0.420	-0.068	-0.131	+2.583	+2.434	+2.601	+2.569	+1.969	+2.615	+2.616	+2.814	+3.339	+0.246	+0.248	+2.857	+2.677	+2.678	+2.083	+2.952	+1.917	+3.215	+3.436	+3.230	+0.314	+2.025	+2.093	+1.991	+2.754	+2.969	+2.013	+3.273	+0.730	+3.210	+3.389	+3.449	+2.467	+2.358	+0.934	+3.487	+0.269	+1.026	+2.545	+1.030	-0.556	-0.350	-0.338	+2.240	+2.693	+2.603	-0.558	+3.566	+0.195	+0.287	-0.275	+2.217	-0.556	+2.538	+0.228	+2.206	-0.349	-0.528	-0.719	+0.256	+0.255	+0.262	-0.322	+0.902	+0.067	+0.067	+0.059	+1.806	-0.492	+0.529	-0.436	+0.510	+0.563	-0.364	
rs35598712     -0.841	-0.711	-0.701	-0.657	-0.586	-0.477	-0.789	-0.796	-0.548	-0.558	-0.567	-0.341	-0.718	-0.554	-0.717	-0.717	-0.440	-0.448	-0.453	-0.638	-0.479	-0.479	-0.740	-0.495	-0.478	-0.615	-0.625	+0.188	-0.345	-0.499	+0.159	-0.527	+0.337	-0.308	-0.507	-0.535	-0.602	+0.213	-0.610	+2.355	+2.339	+2.339	+2.343	+2.557	+2.544	+2.544	+2.544	+2.704	+0.636	+2.594	+2.549	+2.585	+2.667	+2.667	+2.458	+2.458	+2.507	+2.507	+2.508	-0.491	-0.490	-0.491	-0.491	-0.274	-0.310	+2.551	+2.405	+2.566	+2.556	+2.378	+2.583	+2.584	+2.775	+3.277	+0.299	+0.301	+2.818	+2.644	+2.646	+2.504	+2.912	+2.306	+3.163	+3.374	+3.178	+0.369	+2.440	+1.779	+2.385	+2.722	+2.930	+2.410	+3.225	+0.914	+3.161	+3.330	+3.390	+2.944	+2.855	+1.163	+3.464	+0.321	+1.250	+3.023	+1.255	-0.494	-0.413	-0.404	+2.646	+3.202	+3.087	-0.496	+3.525	+0.243	+0.339	-0.356	+2.608	-0.494	+2.917	+0.278	+2.595	-0.413	-0.465	-0.635	+0.305	+0.305	+0.311	-0.391	+1.114	+0.082	+0.082	+0.074	+1.997	-0.428	+0.686	-0.392	+0.666	+0.727	-0.293	
rs7162717      -0.980	-0.849	-0.839	-0.794	-0.724	-0.614	-0.953	-0.930	-0.748	-0.756	-0.669	-0.718	-0.501	-0.640	-0.624	-0.624	-0.650	-0.721	-0.738	-0.749	-0.756	-0.760	-0.754	-0.736	-0.710	-0.546	-0.563	+0.261	-0.375	-0.827	+0.219	-0.838	+0.089	-0.326	-0.734	-0.841	-0.866	-0.048	-0.869	+2.240	+2.224	+2.225	+2.228	+2.440	+2.426	+2.426	+2.427	+2.585	+0.382	+2.475	+2.432	+2.470	+2.546	+2.546	+2.341	+2.341	+2.390	+2.390	+2.391	-0.569	-0.569	-0.569	-0.569	-0.266	-0.316	+2.433	+2.288	+2.447	+2.422	+1.842	+2.465	+2.466	+2.655	+3.161	+0.373	+0.376	+2.697	+2.525	+2.527	+1.956	+2.789	+1.789	+3.048	+3.256	+3.064	+0.452	+1.903	+1.910	+1.863	+2.602	+2.807	+1.884	+3.109	+0.646	+3.047	+3.214	+3.273	+2.331	+2.224	+0.865	+3.322	+0.383	+0.953	+2.412	+0.958	-0.706	-0.490	-0.478	+2.116	+2.560	+2.469	-0.708	+3.392	+0.287	+0.406	-0.426	+2.098	-0.707	+2.424	+0.331	+2.086	-0.489	-0.679	-0.878	+0.364	+0.365	+0.372	-0.468	+0.821	-0.207	-0.207	-0.214	+1.651	-0.643	+0.423	-0.589	+0.403	+0.459	-0.517	
rs7177806      -0.819	-0.691	-0.681	-0.638	-0.570	-0.462	-0.802	-0.766	-0.616	-0.624	-0.458	-0.554	-0.640	-0.312	-0.642	-0.642	-0.547	-0.557	-0.574	-0.565	-0.592	-0.596	-0.690	-0.572	-0.547	-0.373	-0.389	+0.149	-0.136	-0.665	+0.122	-0.671	+0.178	-0.053	-0.570	-0.673	-0.687	+0.049	-0.687	+2.365	+2.349	+2.349	+2.353	+2.565	+2.552	+2.552	+2.552	+2.717	+0.464	+2.601	+2.557	+2.600	+2.673	+2.673	+2.465	+2.466	+2.515	+2.515	+2.516	-0.420	-0.420	-0.420	-0.420	-0.059	-0.127	+2.559	+2.411	+2.575	+2.545	+1.949	+2.591	+2.592	+2.788	+3.310	+0.254	+0.257	+2.831	+2.652	+2.653	+2.063	+2.925	+1.898	+3.188	+3.407	+3.203	+0.322	+2.006	+2.166	+1.972	+2.729	+2.942	+1.994	+3.246	+0.724	+3.183	+3.360	+3.420	+2.445	+2.336	+0.925	+3.460	+0.278	+1.017	+2.523	+1.022	-0.543	-0.360	-0.348	+2.221	+2.670	+2.582	-0.544	+3.537	+0.204	+0.295	-0.289	+2.199	-0.543	+2.520	+0.237	+2.188	-0.359	-0.515	-0.700	+0.264	+0.264	+0.271	-0.334	+0.894	+0.120	+0.120	+0.112	+1.883	-0.479	+0.526	-0.424	+0.506	+0.560	-0.352	
rs66510110     -0.979	-0.847	-0.837	-0.792	-0.723	-0.613	-0.951	-0.928	-0.746	-0.753	-0.669	-0.717	-0.624	-0.642	-0.499	-0.622	-0.652	-0.720	-0.737	-0.749	-0.755	-0.759	-0.754	-0.735	-0.709	-0.536	-0.553	+0.276	-0.380	-0.826	+0.233	-0.837	+0.086	-0.332	-0.732	-0.840	-0.865	-0.051	-0.868	+2.240	+2.224	+2.225	+2.228	+2.439	+2.425	+2.426	+2.426	+2.585	+0.379	+2.474	+2.431	+2.469	+2.545	+2.545	+2.340	+2.341	+2.389	+2.389	+2.390	-0.571	-0.571	-0.571	-0.571	-0.273	-0.322	+2.432	+2.287	+2.447	+2.422	+1.844	+2.464	+2.465	+2.654	+3.159	+0.388	+0.391	+2.697	+2.524	+2.526	+1.957	+2.789	+1.790	+3.047	+3.254	+3.062	+0.467	+1.905	+1.919	+1.864	+2.602	+2.807	+1.885	+3.108	+0.642	+3.046	+3.213	+3.272	+2.331	+2.226	+0.861	+3.321	+0.395	+0.949	+2.413	+0.954	-0.705	-0.493	-0.481	+2.117	+2.562	+2.471	-0.707	+3.392	+0.299	+0.419	-0.430	+2.100	-0.706	+2.426	+0.343	+2.088	-0.492	-0.678	-0.877	+0.376	+0.377	+0.384	-0.471	+0.818	-0.205	-0.204	-0.211	+1.662	-0.642	+0.421	-0.588	+0.401	+0.457	-0.516	
rs73465486     -0.979	-0.847	-0.837	-0.792	-0.722	-0.613	-0.951	-0.928	-0.746	-0.753	-0.669	-0.717	-0.624	-0.642	-0.622	-0.499	-0.652	-0.720	-0.737	-0.749	-0.755	-0.759	-0.754	-0.735	-0.709	-0.536	-0.553	+0.277	-0.381	-0.826	+0.234	-0.837	+0.086	-0.332	-0.732	-0.840	-0.865	-0.051	-0.868	+2.240	+2.224	+2.225	+2.228	+2.439	+2.425	+2.426	+2.426	+2.585	+0.379	+2.474	+2.431	+2.469	+2.545	+2.545	+2.340	+2.341	+2.389	+2.389	+2.390	-0.571	-0.571	-0.571	-0.571	-0.273	-0.322	+2.432	+2.287	+2.447	+2.422	+1.844	+2.464	+2.465	+2.654	+3.159	+0.388	+0.391	+2.697	+2.524	+2.526	+1.958	+2.789	+1.790	+3.047	+3.254	+3.062	+0.468	+1.905	+1.920	+1.864	+2.602	+2.807	+1.886	+3.108	+0.642	+3.046	+3.213	+3.272	+2.331	+2.226	+0.860	+3.321	+0.396	+0.949	+2.413	+0.954	-0.705	-0.493	-0.481	+2.118	+2.562	+2.471	-0.707	+3.392	+0.299	+0.419	-0.430	+2.100	-0.705	+2.426	+0.343	+2.088	-0.492	-0.678	-0.877	+0.376	+0.377	+0.384	-0.471	+0.818	-0.204	-0.204	-0.211	+1.662	-0.642	+0.421	-0.588	+0.401	+0.457	-0.516	
rs4561450      -0.787	-0.681	-0.672	-0.631	-0.575	-0.471	-0.796	-0.599	-0.669	-0.675	-0.549	-0.440	-0.650	-0.547	-0.652	-0.652	-0.310	-0.443	-0.471	-0.608	-0.496	-0.502	-0.703	-0.466	-0.427	-0.114	-0.135	+0.516	-0.386	-0.680	+0.471	-0.684	+0.035	-0.354	-0.455	-0.684	-0.688	-0.122	-0.686	+2.132	+2.116	+2.117	+2.120	+2.324	+2.311	+2.311	+2.311	+2.473	+0.316	+2.359	+2.316	+2.360	+2.429	+2.429	+2.227	+2.227	+2.275	+2.275	+2.275	-0.505	-0.505	-0.505	-0.505	-0.326	-0.358	+2.318	+2.178	+2.341	+2.307	+1.740	+2.349	+2.350	+2.542	+3.037	+0.620	+0.622	+2.583	+2.408	+2.410	+1.855	+2.674	+1.697	+2.926	+3.132	+2.941	+0.699	+1.789	+1.684	+1.771	+2.485	+2.693	+1.793	+2.983	+0.579	+2.920	+3.089	+3.147	+2.276	+2.145	+0.855	+3.219	+0.634	+0.920	+2.328	+0.925	-0.412	-0.415	-0.406	+2.001	+2.462	+2.387	-0.415	+3.273	+0.539	+0.654	-0.361	+1.975	-0.413	+2.315	+0.582	+1.963	-0.413	-0.374	-0.706	+0.612	+0.614	+0.621	-0.391	+0.774	-0.256	-0.256	-0.262	+1.298	-0.331	+0.328	-0.266	+0.308	+0.359	-0.168	
rs34468353     -0.844	-0.714	-0.704	-0.660	-0.589	-0.480	-0.793	-0.799	-0.552	-0.562	-0.571	-0.448	-0.721	-0.557	-0.720	-0.720	-0.443	-0.344	-0.455	-0.641	-0.477	-0.478	-0.743	-0.494	-0.476	-0.618	-0.627	+0.184	-0.349	-0.498	+0.156	-0.527	+0.337	-0.312	-0.506	-0.535	-0.603	+0.211	-0.611	+2.352	+2.336	+2.336	+2.340	+2.555	+2.541	+2.541	+2.542	+2.702	+0.636	+2.591	+2.547	+2.582	+2.664	+2.665	+2.455	+2.455	+2.504	+2.504	+2.505	-0.494	-0.494	-0.494	-0.494	-0.277	-0.314	+2.548	+2.402	+2.563	+2.553	+2.380	+2.580	+2.581	+2.772	+3.275	+0.295	+0.297	+2.816	+2.642	+2.643	+2.506	+2.910	+2.308	+3.160	+3.371	+3.176	+0.365	+2.442	+1.775	+2.387	+2.720	+2.927	+2.411	+3.222	+0.915	+3.159	+3.327	+3.387	+2.947	+2.858	+1.163	+3.461	+0.317	+1.250	+3.025	+1.256	-0.493	-0.417	-0.407	+2.648	+3.205	+3.089	-0.495	+3.522	+0.239	+0.335	-0.359	+2.609	-0.494	+2.920	+0.275	+2.597	-0.416	-0.464	-0.636	+0.301	+0.301	+0.307	-0.394	+1.114	+0.081	+0.081	+0.073	+2.000	-0.426	+0.685	-0.391	+0.665	+0.726	-0.289	
rs4398093      -0.861	-0.730	-0.720	-0.676	-0.605	-0.496	-0.813	-0.816	-0.577	-0.586	-0.588	-0.453	-0.738	-0.574	-0.737	-0.737	-0.471	-0.455	-0.364	-0.658	-0.497	-0.499	-0.760	-0.503	-0.476	-0.624	-0.634	+0.160	-0.365	-0.537	+0.131	-0.564	+0.303	-0.328	-0.512	-0.571	-0.634	+0.179	-0.642	+2.363	+2.347	+2.348	+2.351	+2.568	+2.554	+2.554	+2.555	+2.715	+0.601	+2.604	+2.560	+2.595	+2.679	+2.679	+2.467	+2.468	+2.517	+2.517	+2.518	-0.510	-0.510	-0.510	-0.510	-0.293	-0.330	+2.561	+2.415	+2.575	+2.570	+2.325	+2.593	+2.594	+2.785	+3.288	+0.270	+0.272	+2.829	+2.655	+2.657	+2.449	+2.924	+2.254	+3.174	+3.385	+3.190	+0.340	+2.386	+1.778	+2.333	+2.733	+2.941	+2.357	+3.236	+0.878	+3.172	+3.340	+3.400	+2.886	+2.796	+1.122	+3.481	+0.293	+1.209	+2.964	+1.214	-0.494	-0.432	-0.423	+2.593	+3.143	+3.028	-0.496	+3.538	+0.215	+0.310	-0.375	+2.555	-0.494	+2.865	+0.250	+2.543	-0.432	-0.459	-0.664	+0.277	+0.276	+0.282	-0.410	+1.075	+0.047	+0.047	+0.040	+1.942	-0.416	+0.651	-0.380	+0.631	+0.691	-0.267	
rs72756727     -0.899	-0.773	-0.763	-0.720	-0.645	-0.535	-0.875	-0.854	-0.674	-0.683	-0.587	-0.638	-0.749	-0.565	-0.749	-0.749	-0.608	-0.641	-0.658	-0.408	-0.676	-0.680	-0.737	-0.656	-0.631	-0.545	-0.559	+0.056	-0.309	-0.750	+0.029	-0.759	+0.110	-0.257	-0.654	-0.762	-0.781	-0.019	-0.782	+2.356	+2.340	+2.340	+2.344	+2.563	+2.549	+2.549	+2.549	+2.714	+0.397	+2.599	+2.554	+2.597	+2.672	+2.672	+2.460	+2.460	+2.511	+2.511	+2.511	-0.509	-0.509	-0.509	-0.509	-0.228	-0.277	+2.556	+2.402	+2.567	+2.570	+1.907	+2.589	+2.590	+2.787	+3.212	+0.161	+0.163	+2.830	+2.651	+2.652	+2.022	+2.926	+1.856	+3.096	+3.307	+3.111	+0.228	+1.961	+1.880	+1.930	+2.727	+2.941	+1.952	+3.157	+0.657	+3.095	+3.266	+3.324	+2.388	+2.280	+0.878	+3.380	+0.184	+0.973	+2.470	+0.977	-0.627	-0.439	-0.428	+2.175	+2.614	+2.527	-0.629	+3.446	+0.111	+0.201	-0.372	+2.151	-0.627	+2.487	+0.144	+2.139	-0.439	-0.600	-0.793	+0.171	+0.170	+0.177	-0.414	+0.849	+0.074	+0.074	+0.066	+1.868	-0.565	+0.485	-0.510	+0.465	+0.518	-0.439	
rs28500670     -0.879	-0.749	-0.739	-0.695	-0.625	-0.515	-0.832	-0.834	-0.598	-0.607	-0.606	-0.479	-0.756	-0.592	-0.755	-0.755	-0.496	-0.477	-0.497	-0.676	-0.385	-0.496	-0.777	-0.495	-0.454	-0.634	-0.645	+0.136	-0.383	-0.556	+0.108	-0.583	+0.283	-0.346	-0.507	-0.590	-0.652	+0.158	-0.660	+2.362	+2.346	+2.347	+2.350	+2.568	+2.554	+2.554	+2.555	+2.714	+0.570	+2.604	+2.560	+2.594	+2.679	+2.679	+2.467	+2.467	+2.517	+2.517	+2.518	-0.528	-0.528	-0.528	-0.528	-0.311	-0.348	+2.561	+2.415	+2.575	+2.573	+2.278	+2.594	+2.594	+2.785	+3.289	+0.245	+0.248	+2.829	+2.656	+2.657	+2.402	+2.924	+2.208	+3.175	+3.385	+3.190	+0.315	+2.363	+1.770	+2.287	+2.734	+2.941	+2.311	+3.236	+0.845	+3.172	+3.340	+3.400	+2.835	+2.773	+1.100	+3.486	+0.268	+1.187	+2.941	+1.193	-0.484	-0.450	-0.441	+2.570	+3.119	+3.005	-0.487	+3.541	+0.191	+0.286	-0.393	+2.532	-0.484	+2.841	+0.226	+2.520	-0.449	-0.441	-0.682	+0.253	+0.252	+0.258	-0.427	+1.053	+0.026	+0.026	+0.018	+1.918	-0.390	+0.629	-0.360	+0.609	+0.669	-0.261	
rs28396781     -0.883	-0.753	-0.743	-0.698	-0.628	-0.519	-0.837	-0.837	-0.604	-0.613	-0.610	-0.479	-0.760	-0.596	-0.759	-0.759	-0.502	-0.478	-0.499	-0.680	-0.496	-0.390	-0.781	-0.493	-0.449	-0.636	-0.646	+0.131	-0.387	-0.564	+0.102	-0.590	+0.276	-0.350	-0.505	-0.597	-0.659	+0.151	-0.666	+2.365	+2.349	+2.349	+2.353	+2.571	+2.557	+2.557	+2.558	+2.717	+0.563	+2.607	+2.563	+2.596	+2.682	+2.682	+2.470	+2.470	+2.520	+2.520	+2.521	-0.532	-0.532	-0.532	-0.532	-0.315	-0.351	+2.564	+2.418	+2.578	+2.577	+2.268	+2.597	+2.597	+2.789	+3.292	+0.240	+0.242	+2.833	+2.659	+2.661	+2.391	+2.928	+2.198	+3.178	+3.389	+3.194	+0.310	+2.352	+1.771	+2.277	+2.737	+2.944	+2.301	+3.240	+0.838	+3.176	+3.343	+3.404	+2.824	+2.761	+1.092	+3.490	+0.263	+1.180	+2.929	+1.185	-0.481	-0.454	-0.444	+2.560	+3.107	+2.993	-0.484	+3.545	+0.186	+0.280	-0.396	+2.522	-0.481	+2.831	+0.220	+2.510	-0.453	-0.435	-0.688	+0.247	+0.247	+0.253	-0.431	+1.046	+0.019	+0.019	+0.011	+1.907	-0.382	+0.622	-0.355	+0.602	+0.662	-0.252	
rs7170981      -0.998	-0.869	-0.860	-0.815	-0.742	-0.632	-0.960	-0.954	-0.742	-0.751	-0.709	-0.740	-0.754	-0.690	-0.754	-0.754	-0.703	-0.743	-0.760	-0.737	-0.777	-0.781	-0.521	-0.758	-0.733	-0.572	-0.587	+0.232	-0.456	-0.855	+0.191	-0.865	+0.054	-0.413	-0.756	-0.868	-0.891	-0.090	-0.893	+2.206	+2.190	+2.191	+2.194	+2.407	+2.394	+2.394	+2.394	+2.551	+0.346	+2.442	+2.399	+2.436	+2.513	+2.513	+2.309	+2.309	+2.357	+2.358	+2.358	-0.624	-0.624	-0.624	-0.624	-0.366	-0.410	+2.401	+2.254	+2.412	+2.396	+1.808	+2.433	+2.433	+2.621	+3.133	+0.342	+0.345	+2.663	+2.493	+2.494	+1.921	+2.756	+1.754	+3.012	+3.228	+3.027	+0.420	+1.869	+1.825	+1.827	+2.570	+2.773	+1.849	+3.076	+0.608	+3.014	+3.191	+3.250	+2.350	+2.252	+0.780	+3.289	+0.353	+0.868	+2.443	+0.873	-0.729	-0.549	-0.539	+2.080	+2.601	+2.501	-0.731	+3.382	+0.261	+0.375	-0.486	+2.063	-0.729	+2.377	+0.303	+2.051	-0.548	-0.702	-0.902	+0.335	+0.335	+0.342	-0.525	+0.744	-0.185	-0.185	-0.192	+1.834	-0.667	+0.366	-0.613	+0.347	+0.400	-0.543	
rs75834869     -0.858	-0.730	-0.720	-0.676	-0.606	-0.497	-0.810	-0.814	-0.573	-0.582	-0.586	-0.495	-0.736	-0.572	-0.735	-0.735	-0.466	-0.494	-0.503	-0.656	-0.495	-0.493	-0.758	-0.362	-0.448	-0.629	-0.638	+0.165	-0.364	-0.496	+0.136	-0.526	+0.324	-0.327	-0.492	-0.534	-0.606	+0.200	-0.614	+2.348	+2.332	+2.333	+2.336	+2.552	+2.539	+2.539	+2.539	+2.699	+0.611	+2.589	+2.544	+2.579	+2.663	+2.663	+2.452	+2.452	+2.502	+2.502	+2.503	-0.509	-0.509	-0.509	-0.509	-0.293	-0.329	+2.546	+2.400	+2.560	+2.554	+2.342	+2.578	+2.579	+2.770	+3.274	+0.274	+0.277	+2.814	+2.640	+2.642	+2.466	+2.908	+2.270	+3.160	+3.370	+3.175	+0.345	+2.429	+1.765	+2.349	+2.718	+2.926	+2.373	+3.221	+0.889	+3.157	+3.326	+3.386	+2.902	+2.845	+1.151	+3.466	+0.297	+1.239	+3.014	+1.244	-0.479	-0.432	-0.422	+2.638	+3.195	+3.078	-0.481	+3.523	+0.219	+0.315	-0.374	+2.598	-0.480	+2.908	+0.254	+2.586	-0.431	-0.443	-0.640	+0.281	+0.280	+0.286	-0.409	+1.103	+0.068	+0.068	+0.060	+1.986	-0.398	+0.671	-0.372	+0.650	+0.712	-0.279	
rs4558396      -0.832	-0.704	-0.694	-0.650	-0.580	-0.471	-0.780	-0.788	-0.537	-0.546	-0.560	-0.478	-0.710	-0.547	-0.709	-0.709	-0.427	-0.476	-0.476	-0.631	-0.454	-0.449	-0.733	-0.448	-0.332	-0.618	-0.627	+0.200	-0.340	-0.436	+0.171	-0.469	+0.368	-0.303	-0.474	-0.478	-0.557	+0.244	-0.567	+2.336	+2.319	+2.320	+2.324	+2.538	+2.524	+2.525	+2.525	+2.685	+0.656	+2.574	+2.530	+2.566	+2.648	+2.648	+2.438	+2.439	+2.488	+2.488	+2.489	-0.485	-0.485	-0.485	-0.485	-0.269	-0.305	+2.531	+2.386	+2.546	+2.536	+2.407	+2.564	+2.564	+2.755	+3.259	+0.310	+0.313	+2.799	+2.625	+2.627	+2.532	+2.893	+2.333	+3.144	+3.355	+3.160	+0.381	+2.497	+1.762	+2.413	+2.703	+2.910	+2.437	+3.206	+0.936	+3.142	+3.312	+3.371	+2.973	+2.920	+1.203	+3.445	+0.333	+1.291	+3.087	+1.296	-0.474	-0.408	-0.399	+2.706	+3.270	+3.151	-0.476	+3.505	+0.255	+0.350	-0.351	+2.664	-0.475	+2.973	+0.290	+2.652	-0.407	-0.449	-0.596	+0.317	+0.316	+0.322	-0.386	+1.154	+0.115	+0.115	+0.108	+2.061	-0.414	+0.716	-0.387	+0.696	+0.758	-0.306	
rs8030721      -0.851	-0.719	-0.709	-0.664	-0.588	-0.479	-0.821	-0.806	-0.613	-0.624	-0.437	-0.615	-0.546	-0.373	-0.536	-0.536	-0.114	-0.618	-0.624	-0.545	-0.634	-0.636	-0.572	-0.629	-0.618	-0.365	-0.484	-0.044	+0.073	-0.090	-0.068	-0.153	+0.775	+0.143	-0.631	-0.169	-0.337	+0.645	-0.352	+2.197	+2.181	+2.182	+2.185	+2.389	+2.375	+2.376	+2.376	+2.536	+1.082	+2.423	+2.381	+2.424	+2.492	+2.492	+2.296	+2.296	+2.344	+2.344	+2.345	-0.220	-0.220	-0.220	-0.220	+0.178	+0.117	+2.383	+2.237	+2.397	+2.362	+2.165	+2.414	+2.415	+2.605	+3.112	+0.057	+0.060	+2.646	+2.473	+2.474	+2.282	+2.737	+2.102	+2.995	+3.206	+3.010	+0.122	+2.219	+1.674	+2.181	+2.549	+2.755	+2.204	+3.056	+1.388	+2.996	+3.166	+3.223	+2.719	+2.642	+1.760	+3.255	+0.079	+1.829	+2.781	+1.836	-0.619	-0.141	-0.126	+2.410	+2.942	+2.841	-0.620	+3.331	+0.008	+0.095	-0.062	+2.357	-0.620	+2.630	+0.040	+2.347	-0.142	-0.603	-0.446	+0.066	+0.065	+0.072	-0.122	+1.655	+0.039	+0.040	+0.032	+1.419	-0.578	+1.050	-0.539	+1.030	+1.106	-0.482	
rs8038397      -0.862	-0.730	-0.720	-0.675	-0.599	-0.489	-0.832	-0.817	-0.624	-0.635	-0.452	-0.625	-0.563	-0.389	-0.553	-0.553	-0.135	-0.627	-0.634	-0.559	-0.645	-0.646	-0.587	-0.638	-0.627	-0.484	-0.376	-0.046	+0.051	-0.122	-0.071	-0.183	+0.752	+0.120	-0.640	-0.198	-0.362	+0.622	-0.376	+2.192	+2.177	+2.177	+2.181	+2.384	+2.371	+2.372	+2.372	+2.532	+1.058	+2.419	+2.377	+2.420	+2.488	+2.488	+2.292	+2.292	+2.340	+2.340	+2.340	-0.239	-0.239	-0.239	-0.239	+0.155	+0.094	+2.379	+2.233	+2.393	+2.359	+2.149	+2.410	+2.410	+2.600	+3.107	+0.055	+0.058	+2.642	+2.469	+2.470	+2.266	+2.733	+2.087	+2.990	+3.201	+3.006	+0.121	+2.203	+1.679	+2.165	+2.545	+2.751	+2.189	+3.052	+1.364	+2.991	+3.162	+3.219	+2.702	+2.624	+1.732	+3.252	+0.077	+1.802	+2.764	+1.808	-0.629	-0.159	-0.144	+2.395	+2.925	+2.825	-0.630	+3.328	+0.006	+0.093	-0.080	+2.342	-0.629	+2.616	+0.038	+2.332	-0.161	-0.611	-0.466	+0.064	+0.063	+0.070	-0.139	+1.629	+0.026	+0.026	+0.019	+1.412	-0.587	+1.028	-0.547	+1.007	+1.083	-0.489	
rs72756742     -0.154	-0.016	-0.006	+0.039	+0.117	+0.229	-0.152	-0.102	-0.063	-0.069	+0.138	+0.188	+0.261	+0.149	+0.276	+0.277	+0.516	+0.184	+0.160	+0.056	+0.136	+0.131	+0.232	+0.165	+0.200	-0.044	-0.046	+0.452	+0.354	-0.022	+0.386	-0.029	+1.426	+0.393	+0.169	-0.031	-0.049	+1.248	-0.050	+2.605	+2.590	+2.591	+2.594	+2.788	+2.776	+2.776	+2.776	+2.930	+1.762	+2.822	+2.781	+2.824	+2.887	+2.887	+2.714	+2.714	+2.762	+2.762	+2.762	+0.208	+0.208	+0.208	+0.208	+0.429	+0.391	+2.783	+2.640	+2.794	+2.774	+2.163	+2.813	+2.814	+2.996	+3.488	+0.457	+0.459	+3.037	+2.870	+2.871	+2.268	+3.125	+2.113	+3.377	+3.580	+3.392	+0.509	+2.205	+2.138	+2.184	+2.947	+3.145	+2.205	+3.439	+2.054	+3.381	+3.544	+3.600	+2.639	+2.540	+2.327	+3.646	+0.461	+2.431	+2.699	+2.437	+0.206	+0.276	+0.286	+2.401	+2.838	+2.753	+0.203	+3.701	+0.408	+0.475	+0.335	+2.369	+0.205	+2.661	+0.431	+2.359	+0.277	+0.243	-0.058	+0.450	+0.450	+0.454	+0.300	+2.268	+1.071	+1.071	+1.062	+1.825	+0.289	+1.732	+0.364	+1.711	+1.783	+0.458	
rs28418823     -0.613	-0.487	-0.478	-0.436	-0.372	-0.265	-0.599	-0.550	-0.432	-0.438	-0.151	-0.345	-0.375	-0.136	-0.380	-0.381	-0.386	-0.349	-0.365	-0.309	-0.383	-0.387	-0.456	-0.364	-0.340	+0.073	+0.051	+0.354	-0.070	-0.446	+0.329	-0.444	+0.314	-0.112	-0.363	-0.442	-0.435	+0.182	-0.431	+2.372	+2.356	+2.357	+2.360	+2.565	+2.552	+2.553	+2.553	+2.708	+0.593	+2.600	+2.558	+2.593	+2.670	+2.670	+2.470	+2.470	+2.517	+2.517	+2.518	-0.243	-0.243	-0.243	-0.243	-0.117	-0.148	+2.559	+2.418	+2.574	+2.558	+1.999	+2.590	+2.591	+2.777	+3.270	+0.463	+0.465	+2.819	+2.649	+2.651	+2.109	+2.910	+1.953	+3.156	+3.364	+3.171	+0.531	+2.059	+2.667	+2.025	+2.726	+2.928	+2.046	+3.220	+0.847	+3.158	+3.326	+3.384	+2.480	+2.372	+1.038	+3.440	+0.486	+1.133	+2.565	+1.138	-0.336	-0.267	-0.262	+2.279	+2.704	+2.621	-0.338	+3.508	+0.411	+0.503	-0.233	+2.263	-0.337	+2.586	+0.445	+2.251	-0.267	-0.309	-0.451	+0.473	+0.473	+0.480	-0.257	+1.015	+0.509	+0.509	+0.501	+2.386	-0.273	+0.669	-0.212	+0.649	+0.700	-0.139	
rs8026076      -0.960	-0.827	-0.818	-0.773	-0.704	-0.594	-0.943	-0.903	-0.762	-0.770	-0.677	-0.499	-0.827	-0.665	-0.826	-0.826	-0.680	-0.498	-0.537	-0.750	-0.556	-0.564	-0.855	-0.496	-0.436	-0.090	-0.122	-0.022	-0.446	-0.477	-0.047	-0.613	+0.045	-0.404	-0.468	-0.611	-0.637	-0.082	-0.630	+2.285	+2.269	+2.270	+2.273	+2.485	+2.472	+2.472	+2.472	+2.629	+0.331	+2.520	+2.477	+2.510	+2.593	+2.593	+2.388	+2.388	+2.436	+2.436	+2.437	-0.604	-0.604	-0.604	-0.604	-0.370	-0.411	+2.478	+2.338	+2.495	+2.497	+1.926	+2.510	+2.511	+2.698	+3.181	+0.083	+0.085	+2.741	+2.571	+2.572	+2.047	+2.834	+1.868	+3.070	+3.277	+3.085	+0.149	+1.991	+2.308	+1.945	+2.649	+2.852	+1.968	+3.136	+0.593	+3.073	+3.239	+3.298	+2.469	+2.376	+0.811	+3.382	+0.106	+0.898	+2.551	+0.903	-0.416	-0.534	-0.524	+2.201	+2.713	+2.613	-0.420	+3.439	+0.033	+0.123	-0.476	+2.166	-0.416	+2.477	+0.066	+2.155	-0.533	-0.360	-0.711	+0.093	+0.093	+0.100	-0.513	+0.771	-0.195	-0.195	-0.202	+1.391	-0.296	+0.384	-0.218	+0.364	+0.419	-0.100	
rs58965013     -0.180	-0.039	-0.029	+0.017	+0.096	+0.209	-0.179	-0.129	-0.086	-0.091	+0.112	+0.159	+0.219	+0.122	+0.233	+0.234	+0.471	+0.156	+0.131	+0.029	+0.108	+0.102	+0.191	+0.136	+0.171	-0.068	-0.071	+0.386	+0.329	-0.047	+0.425	-0.055	+1.376	+0.368	+0.141	-0.058	-0.075	+1.222	-0.076	+2.589	+2.574	+2.575	+2.578	+2.772	+2.760	+2.760	+2.760	+2.919	+1.711	+2.806	+2.765	+2.812	+2.871	+2.871	+2.697	+2.697	+2.745	+2.745	+2.746	+0.176	+0.176	+0.176	+0.176	+0.400	+0.363	+2.766	+2.623	+2.782	+2.744	+2.153	+2.796	+2.797	+2.985	+3.478	+0.472	+0.474	+3.025	+2.853	+2.854	+2.258	+3.113	+2.098	+3.361	+3.569	+3.376	+0.533	+2.196	+2.125	+2.170	+2.930	+3.133	+2.190	+3.423	+2.006	+3.364	+3.534	+3.589	+2.626	+2.530	+2.283	+3.615	+0.469	+2.387	+2.687	+2.393	+0.177	+0.252	+0.262	+2.388	+2.830	+2.741	+0.175	+3.692	+0.408	+0.486	+0.311	+2.356	+0.177	+2.639	+0.434	+2.346	+0.253	+0.214	-0.084	+0.455	+0.455	+0.458	+0.275	+2.227	+1.063	+1.063	+1.054	+1.811	+0.260	+1.702	+0.334	+1.679	+1.751	+0.427	
rs8030387      -0.971	-0.838	-0.828	-0.784	-0.715	-0.605	-0.953	-0.915	-0.768	-0.776	-0.686	-0.527	-0.838	-0.671	-0.837	-0.837	-0.684	-0.527	-0.564	-0.759	-0.583	-0.590	-0.865	-0.526	-0.469	-0.153	-0.183	-0.029	-0.444	-0.613	-0.055	-0.489	+0.047	-0.400	-0.499	-0.616	-0.654	-0.081	-0.649	+2.274	+2.258	+2.258	+2.262	+2.473	+2.460	+2.460	+2.460	+2.618	+0.333	+2.509	+2.465	+2.499	+2.581	+2.581	+2.376	+2.376	+2.424	+2.424	+2.425	-0.606	-0.606	-0.606	-0.607	-0.366	-0.408	+2.466	+2.326	+2.484	+2.478	+1.936	+2.498	+2.499	+2.688	+3.172	+0.075	+0.077	+2.730	+2.559	+2.560	+2.057	+2.823	+1.878	+3.059	+3.267	+3.074	+0.142	+2.001	+2.274	+1.956	+2.637	+2.841	+1.979	+3.125	+0.596	+3.062	+3.230	+3.288	+2.483	+2.389	+0.817	+3.364	+0.098	+0.904	+2.565	+0.909	-0.448	-0.535	-0.525	+2.212	+2.726	+2.627	-0.452	+3.428	+0.025	+0.115	-0.477	+2.176	-0.448	+2.493	+0.058	+2.165	-0.535	-0.394	-0.728	+0.085	+0.085	+0.092	-0.514	+0.775	-0.206	-0.206	-0.212	+1.384	-0.332	+0.384	-0.258	+0.365	+0.420	-0.143	
rs4965371      -0.044	+0.024	+0.031	+0.066	+0.131	+0.231	-0.035	-0.017	+0.200	+0.193	+0.182	+0.337	+0.089	+0.178	+0.086	+0.086	+0.035	+0.337	+0.303	+0.110	+0.283	+0.276	+0.054	+0.324	+0.368	+0.775	+0.752	+1.426	+0.314	+0.045	+1.376	+0.047	+0.463	+0.343	+0.339	+0.047	+0.057	+0.218	+0.060	+2.202	+2.186	+2.187	+2.190	+2.399	+2.386	+2.386	+2.386	+2.541	+0.532	+2.434	+2.391	+2.425	+2.504	+2.504	+2.302	+2.302	+2.351	+2.351	+2.351	+0.207	+0.207	+0.207	+0.207	+0.364	+0.334	+2.392	+2.246	+2.402	+2.419	+1.842	+2.424	+2.424	+2.610	+3.101	+1.570	+1.574	+2.652	+2.484	+2.486	+1.961	+2.745	+1.806	+2.991	+3.196	+3.006	+1.659	+1.882	+1.725	+1.881	+2.560	+2.761	+1.903	+3.043	+0.764	+2.981	+3.148	+3.205	+2.315	+2.194	+0.914	+3.298	+1.585	+0.968	+2.371	+0.973	+0.387	+0.330	+0.339	+2.087	+2.510	+2.429	+0.383	+3.330	+1.482	+1.608	+0.387	+2.054	+0.386	+2.437	+1.529	+2.043	+0.332	+0.432	+0.026	+1.559	+1.565	+1.572	+0.358	+0.841	+0.139	+0.140	+0.136	+1.431	+0.482	+0.533	+0.554	+0.521	+0.564	+0.654	
rs150519139    -0.576	-0.451	-0.442	-0.400	-0.336	-0.230	-0.563	-0.513	-0.397	-0.403	-0.077	-0.308	-0.326	-0.053	-0.332	-0.332	-0.354	-0.312	-0.328	-0.257	-0.346	-0.350	-0.413	-0.327	-0.303	+0.143	+0.120	+0.393	-0.112	-0.404	+0.368	-0.400	+0.343	-0.027	-0.326	-0.398	-0.388	+0.210	-0.383	+2.385	+2.370	+2.370	+2.373	+2.578	+2.565	+2.565	+2.566	+2.720	+0.621	+2.613	+2.570	+2.604	+2.682	+2.682	+2.483	+2.483	+2.530	+2.530	+2.531	-0.188	-0.188	-0.188	-0.188	-0.102	-0.126	+2.572	+2.432	+2.586	+2.572	+2.018	+2.603	+2.603	+2.788	+3.277	+0.502	+0.504	+2.829	+2.662	+2.663	+2.128	+2.920	+1.972	+3.165	+3.371	+3.180	+0.570	+2.079	+2.748	+2.044	+2.738	+2.938	+2.066	+3.229	+0.875	+3.167	+3.333	+3.391	+2.498	+2.389	+1.064	+3.451	+0.525	+1.160	+2.583	+1.165	-0.299	-0.237	-0.233	+2.299	+2.721	+2.639	-0.301	+3.517	+0.450	+0.542	-0.208	+2.284	-0.300	+2.608	+0.484	+2.272	-0.237	-0.273	-0.405	+0.512	+0.512	+0.519	-0.229	+1.042	+0.574	+0.574	+0.565	+2.470	-0.236	+0.699	-0.175	+0.679	+0.730	-0.102	
rs9972490      -0.856	-0.727	-0.717	-0.673	-0.603	-0.494	-0.806	-0.811	-0.568	-0.577	-0.583	-0.507	-0.734	-0.570	-0.732	-0.732	-0.455	-0.506	-0.512	-0.654	-0.507	-0.505	-0.756	-0.492	-0.474	-0.631	-0.640	+0.169	-0.363	-0.468	+0.141	-0.499	+0.339	-0.326	-0.359	-0.508	-0.585	+0.211	-0.594	+2.337	+2.321	+2.322	+2.325	+2.541	+2.527	+2.528	+2.528	+2.691	+0.625	+2.578	+2.533	+2.571	+2.652	+2.652	+2.441	+2.441	+2.491	+2.491	+2.491	-0.507	-0.507	-0.507	-0.507	-0.292	-0.328	+2.534	+2.389	+2.552	+2.541	+2.357	+2.567	+2.568	+2.762	+3.266	+0.280	+0.283	+2.806	+2.629	+2.631	+2.482	+2.901	+2.296	+3.149	+3.363	+3.164	+0.351	+2.447	+1.757	+2.376	+2.708	+2.919	+2.401	+3.212	+0.904	+3.147	+3.320	+3.380	+2.937	+2.868	+1.170	+3.454	+0.304	+1.257	+3.049	+1.263	-0.466	-0.431	-0.421	+2.668	+3.216	+3.113	-0.469	+3.518	+0.226	+0.322	-0.374	+2.627	-0.467	+2.939	+0.261	+2.615	-0.430	-0.432	-0.626	+0.288	+0.287	+0.293	-0.408	+1.120	+0.081	+0.081	+0.073	+2.013	-0.392	+0.684	-0.377	+0.664	+0.724	-0.287	
rs7180197      -0.974	-0.842	-0.832	-0.787	-0.718	-0.608	-0.956	-0.919	-0.770	-0.778	-0.688	-0.535	-0.841	-0.673	-0.840	-0.840	-0.684	-0.535	-0.571	-0.762	-0.590	-0.597	-0.868	-0.534	-0.478	-0.169	-0.198	-0.031	-0.442	-0.611	-0.058	-0.616	+0.047	-0.398	-0.508	-0.493	-0.658	-0.080	-0.654	+2.269	+2.253	+2.253	+2.257	+2.468	+2.454	+2.455	+2.455	+2.613	+0.334	+2.503	+2.460	+2.494	+2.576	+2.576	+2.371	+2.371	+2.419	+2.419	+2.420	-0.607	-0.607	-0.607	-0.607	-0.364	-0.406	+2.461	+2.320	+2.479	+2.472	+1.943	+2.493	+2.494	+2.682	+3.167	+0.073	+0.075	+2.725	+2.554	+2.555	+2.064	+2.818	+1.885	+3.055	+3.263	+3.070	+0.140	+2.008	+2.260	+1.963	+2.632	+2.836	+1.986	+3.120	+0.598	+3.057	+3.225	+3.284	+2.492	+2.399	+0.820	+3.358	+0.096	+0.907	+2.574	+0.912	-0.456	-0.535	-0.525	+2.219	+2.736	+2.637	-0.460	+3.423	+0.023	+0.113	-0.476	+2.183	-0.457	+2.500	+0.056	+2.172	-0.535	-0.403	-0.731	+0.083	+0.083	+0.090	-0.514	+0.778	-0.210	-0.209	-0.216	+1.381	-0.341	+0.385	-0.268	+0.365	+0.420	-0.154	
rs6598496      -1.000	-0.867	-0.857	-0.813	-0.743	-0.634	-0.978	-0.946	-0.784	-0.793	-0.707	-0.602	-0.866	-0.687	-0.865	-0.865	-0.688	-0.603	-0.634	-0.781	-0.652	-0.659	-0.891	-0.606	-0.557	-0.337	-0.362	-0.049	-0.435	-0.637	-0.075	-0.654	+0.057	-0.388	-0.585	-0.658	-0.520	-0.070	-0.658	+2.228	+2.212	+2.213	+2.216	+2.426	+2.413	+2.413	+2.413	+2.590	+0.344	+2.461	+2.418	+2.471	+2.533	+2.533	+2.329	+2.329	+2.377	+2.377	+2.378	-0.600	-0.600	-0.600	-0.601	-0.351	-0.395	+2.420	+2.278	+2.455	+2.424	+1.956	+2.451	+2.452	+2.659	+3.147	+0.056	+0.059	+2.702	+2.512	+2.513	+2.077	+2.795	+1.942	+3.018	+3.243	+3.033	+0.123	+2.020	+2.177	+2.021	+2.589	+2.813	+2.045	+3.083	+0.612	+3.020	+3.205	+3.264	+2.565	+2.414	+0.844	+3.312	+0.079	+0.929	+2.648	+0.934	-0.538	-0.536	-0.525	+2.280	+2.749	+2.712	-0.542	+3.401	+0.006	+0.096	-0.475	+2.239	-0.539	+2.557	+0.039	+2.228	-0.535	-0.491	-0.769	+0.066	+0.065	+0.072	-0.515	+0.797	-0.232	-0.232	-0.239	+1.366	-0.436	+0.392	-0.365	+0.372	+0.428	-0.260	
rs4246339      -0.186	-0.097	-0.089	-0.052	+0.018	+0.121	-0.171	-0.147	+0.009	+0.002	+0.052	+0.213	-0.048	+0.049	-0.051	-0.051	-0.122	+0.211	+0.179	-0.019	+0.158	+0.151	-0.090	+0.200	+0.244	+0.645	+0.622	+1.248	+0.182	-0.082	+1.222	-0.081	+0.218	+0.210	+0.211	-0.080	-0.070	+0.324	-0.067	+2.247	+2.230	+2.231	+2.234	+2.450	+2.436	+2.436	+2.437	+2.613	+0.439	+2.490	+2.442	+2.482	+2.561	+2.562	+2.348	+2.348	+2.402	+2.402	+2.402	+0.079	+0.079	+0.079	+0.079	+0.233	+0.204	+2.443	+2.273	+2.445	+2.366	+2.017	+2.476	+2.477	+2.687	+3.182	+1.418	+1.421	+2.735	+2.542	+2.544	+2.165	+2.837	+1.962	+3.053	+3.284	+3.068	+1.505	+2.017	+1.647	+2.045	+2.620	+2.849	+2.070	+3.078	+0.676	+3.010	+3.192	+3.256	+2.434	+2.311	+0.847	+3.243	+1.433	+0.917	+2.449	+0.921	+0.262	+0.187	+0.196	+2.189	+2.608	+2.513	+0.259	+3.332	+1.333	+1.459	+0.242	+2.112	+0.262	+2.380	+1.376	+2.098	+0.189	+0.307	-0.100	+1.411	+1.415	+1.424	+0.214	+0.795	+0.028	+0.028	+0.024	+1.363	+0.356	+0.487	+0.427	+0.474	+0.519	+0.527	
rs58608426     -1.002	-0.870	-0.860	-0.815	-0.746	-0.636	-0.980	-0.949	-0.785	-0.793	-0.708	-0.610	-0.869	-0.687	-0.868	-0.868	-0.686	-0.611	-0.642	-0.782	-0.660	-0.666	-0.893	-0.614	-0.567	-0.352	-0.376	-0.050	-0.431	-0.630	-0.076	-0.649	+0.060	-0.383	-0.594	-0.654	-0.658	-0.067	-0.523	+2.224	+2.209	+2.209	+2.213	+2.422	+2.409	+2.409	+2.410	+2.585	+0.348	+2.458	+2.415	+2.467	+2.529	+2.529	+2.325	+2.325	+2.374	+2.374	+2.374	-0.598	-0.598	-0.598	-0.598	-0.346	-0.391	+2.416	+2.274	+2.450	+2.420	+1.966	+2.448	+2.448	+2.654	+3.144	+0.055	+0.058	+2.697	+2.508	+2.509	+2.087	+2.790	+1.953	+3.016	+3.239	+3.031	+0.123	+2.031	+2.158	+2.032	+2.586	+2.808	+2.056	+3.080	+0.615	+3.017	+3.201	+3.260	+2.579	+2.426	+0.849	+3.309	+0.078	+0.934	+2.663	+0.939	-0.548	-0.533	-0.522	+2.292	+2.762	+2.727	-0.552	+3.396	+0.005	+0.095	-0.472	+2.251	-0.549	+2.567	+0.038	+2.240	-0.532	-0.502	-0.770	+0.065	+0.065	+0.071	-0.512	+0.802	-0.235	-0.235	-0.242	+1.365	-0.448	+0.395	-0.376	+0.375	+0.431	-0.272	
