## Summary of overall evidence for association with region:
## log10(BF for region) = 0.102707
## p-value for region = NA

## BFs for choosing among multi-SNP models:
## log10(average 1-SNP BF) = 0.12976
## log10(average 2-SNP BF) = 0.042953

## Example posterior probabilities for multi-SNP models, based on default prior: [p(l) propto 0.5^l for l=1,2,...,L]
## posterior probability of 1-SNP = 0.709515
## posterior probability of 2-SNP = 0.290485

## log10(BF) for single SNP and pair of SNPs:
rs1595810      -0.558	-0.691	-0.690	-1.031	-1.027	-1.029	-1.033	-0.768	-0.467	-0.792	-1.029	-0.815	-0.826	-0.612	-0.680	-0.808	-0.667	-0.600	-0.594	-0.617	-0.441	-0.773	-0.898	-0.898	-0.891	-0.762	-0.910	-0.757	-0.782	-0.889	-0.889	-0.894	-0.893	-0.892	-0.892	-0.892	-0.894	-0.891	-0.879	-0.891	-0.880	-0.897	+0.028	-0.831	-0.879	-0.880	-0.833	-0.883	-0.647	-0.889	-0.900	-0.903	-0.554	-0.909	-0.966	-0.917	-0.903	-0.906	-0.902	-0.902	-0.902	-0.900	-0.899	-0.911	-0.898	-0.912	-0.909	-0.954	-0.979	-0.908	-0.917	-0.950	-0.917	-0.895	-0.885	-0.875	-0.875	-0.875	-0.872	-0.857	-0.316	-0.800	-0.190	-0.871	-0.246	-0.142	+0.015	+0.070	+0.071	-0.070	+0.157	-0.724	-0.783	-0.782	-0.732	-0.463	-0.785	-0.723	-0.782	-0.782	-0.778	-0.780	-0.774	-0.781	-0.779	-0.785	-0.786	-0.479	-0.623	-1.028	-0.762	-0.642	-0.156	-0.161	-0.175	-0.155	-0.170	-0.146	-0.596	-0.608	-0.210	-0.609	-0.610	-0.205	-0.607	-0.174	+0.269	-0.145	-0.162	-0.615	-0.228	-0.209	-0.209	-0.558	-0.501	-0.211	-0.712	-0.715	-1.018	-0.702	-0.715	-0.524	-0.527	-0.459	-1.014	-0.456	-0.721	-0.736	-0.426	-0.452	-0.715	-1.018	-0.462	-0.895	+0.403	-1.014	-1.006	+0.465	-0.820	+0.527	-0.449	-1.006	+0.498	-0.450	-0.299	+0.379	+0.356	-0.317	-0.441	-0.767	-0.444	+0.313	+0.320	+0.325	+0.312	+0.321	+0.305	+0.313	+0.315	+0.325	+0.322	+0.325	+0.395	-0.495	-0.495	-0.437	-0.436	-0.436	-0.435	-0.435	-0.435	-0.433	
rs2581055      -0.691	-0.558	-0.685	-1.031	-1.027	-1.029	-1.033	-0.769	-0.468	-0.792	-1.029	-0.815	-0.826	-0.609	-0.678	-0.809	-0.664	-0.597	-0.591	-0.613	-0.437	-0.773	-0.898	-0.898	-0.891	-0.762	-0.910	-0.757	-0.782	-0.890	-0.890	-0.894	-0.893	-0.892	-0.892	-0.892	-0.894	-0.891	-0.879	-0.891	-0.880	-0.897	+0.028	-0.831	-0.879	-0.880	-0.833	-0.883	-0.647	-0.889	-0.900	-0.903	-0.554	-0.909	-0.966	-0.917	-0.903	-0.906	-0.902	-0.902	-0.902	-0.900	-0.900	-0.911	-0.898	-0.912	-0.909	-0.954	-0.979	-0.908	-0.917	-0.950	-0.918	-0.895	-0.885	-0.875	-0.875	-0.875	-0.873	-0.857	-0.316	-0.800	-0.190	-0.871	-0.246	-0.142	+0.015	+0.070	+0.070	-0.071	+0.157	-0.724	-0.783	-0.782	-0.732	-0.462	-0.785	-0.723	-0.782	-0.782	-0.778	-0.780	-0.774	-0.781	-0.779	-0.785	-0.786	-0.479	-0.623	-1.028	-0.761	-0.642	-0.156	-0.161	-0.175	-0.155	-0.170	-0.146	-0.596	-0.608	-0.210	-0.609	-0.609	-0.205	-0.607	-0.174	+0.269	-0.145	-0.161	-0.615	-0.228	-0.209	-0.209	-0.558	-0.501	-0.211	-0.712	-0.715	-1.018	-0.702	-0.715	-0.524	-0.527	-0.459	-1.014	-0.456	-0.721	-0.736	-0.426	-0.452	-0.715	-1.018	-0.462	-0.895	+0.403	-1.014	-1.006	+0.465	-0.820	+0.527	-0.449	-1.006	+0.498	-0.450	-0.299	+0.380	+0.356	-0.317	-0.441	-0.768	-0.444	+0.313	+0.320	+0.326	+0.312	+0.322	+0.305	+0.314	+0.315	+0.325	+0.322	+0.325	+0.395	-0.495	-0.495	-0.437	-0.436	-0.436	-0.435	-0.435	-0.435	-0.433	
rs2581054      -0.690	-0.685	-0.554	-1.028	-1.024	-1.025	-1.030	-0.762	-0.460	-0.789	-1.025	-0.813	-0.824	-0.616	-0.683	-0.803	-0.670	-0.604	-0.598	-0.620	-0.446	-0.771	-0.896	-0.896	-0.889	-0.760	-0.907	-0.755	-0.780	-0.886	-0.886	-0.891	-0.890	-0.889	-0.889	-0.889	-0.891	-0.888	-0.876	-0.888	-0.877	-0.894	+0.030	-0.830	-0.876	-0.877	-0.832	-0.880	-0.644	-0.886	-0.897	-0.900	-0.553	-0.906	-0.963	-0.914	-0.900	-0.903	-0.899	-0.899	-0.899	-0.897	-0.896	-0.908	-0.895	-0.909	-0.906	-0.952	-0.976	-0.905	-0.914	-0.947	-0.915	-0.892	-0.882	-0.872	-0.872	-0.872	-0.869	-0.853	-0.312	-0.798	-0.186	-0.869	-0.242	-0.138	+0.019	+0.075	+0.075	-0.067	+0.162	-0.721	-0.780	-0.779	-0.730	-0.460	-0.782	-0.720	-0.779	-0.779	-0.775	-0.777	-0.771	-0.778	-0.776	-0.782	-0.783	-0.476	-0.620	-1.025	-0.759	-0.640	-0.155	-0.158	-0.173	-0.153	-0.168	-0.145	-0.594	-0.606	-0.208	-0.607	-0.607	-0.203	-0.605	-0.172	+0.270	-0.144	-0.160	-0.613	-0.225	-0.206	-0.205	-0.555	-0.498	-0.208	-0.709	-0.712	-1.015	-0.699	-0.712	-0.521	-0.524	-0.456	-1.011	-0.453	-0.718	-0.733	-0.422	-0.449	-0.712	-1.015	-0.459	-0.893	+0.405	-1.011	-1.003	+0.468	-0.818	+0.529	-0.446	-1.003	+0.500	-0.447	-0.296	+0.382	+0.359	-0.314	-0.438	-0.764	-0.441	+0.316	+0.322	+0.328	+0.314	+0.324	+0.307	+0.316	+0.317	+0.327	+0.325	+0.328	+0.397	-0.492	-0.492	-0.434	-0.433	-0.433	-0.432	-0.432	-0.432	-0.431	
rs4009152      -1.031	-1.031	-1.028	-0.642	-1.036	-0.740	-1.022	-0.818	-0.586	-0.860	-1.067	-0.864	-0.876	-0.797	-0.850	-0.924	-0.839	-0.787	-0.783	-0.799	-0.658	-0.816	-0.963	-0.963	-0.955	-0.804	-0.977	-0.798	-0.826	-0.976	-0.976	-0.981	-0.980	-0.979	-0.979	-0.979	-0.980	-0.978	-0.968	-0.969	-0.958	-0.975	-0.023	-0.904	-0.954	-0.955	-0.906	-0.958	-0.724	-0.963	-0.975	-0.978	-0.623	-0.984	-1.046	-0.999	-0.979	-0.982	-0.978	-0.977	-0.978	-0.976	-0.975	-0.987	-0.973	-0.988	-0.985	-1.031	-1.056	-0.984	-0.998	-1.026	-0.998	-0.971	-0.960	-0.950	-0.950	-0.950	-0.947	-0.932	-0.406	-0.880	-0.285	-0.945	-0.341	-0.239	-0.083	-0.028	-0.026	-0.167	+0.057	-0.794	-0.855	-0.854	-0.804	-0.530	-0.856	-0.799	-0.853	-0.853	-0.850	-0.852	-0.846	-0.852	-0.851	-0.857	-0.858	-0.547	-0.693	-1.101	-0.833	-0.713	-0.217	-0.223	-0.238	-0.217	-0.232	-0.207	-0.667	-0.679	-0.271	-0.679	-0.680	-0.266	-0.677	-0.234	+0.207	-0.206	-0.223	-0.686	-0.293	-0.270	-0.270	-0.626	-0.568	-0.273	-0.778	-0.782	-1.095	-0.767	-0.781	-0.589	-0.593	-0.541	-1.091	-0.538	-0.787	-0.803	-0.519	-0.534	-0.781	-1.095	-0.544	-0.967	+0.347	-1.090	-1.082	+0.409	-0.893	+0.471	-0.531	-1.082	+0.442	-0.532	-0.359	+0.322	+0.297	-0.378	-0.523	-0.837	-0.526	+0.255	+0.261	+0.267	+0.253	+0.263	+0.245	+0.255	+0.256	+0.266	+0.263	+0.265	+0.336	-0.577	-0.577	-0.519	-0.518	-0.518	-0.517	-0.517	-0.516	-0.515	
rs2716621      -1.027	-1.027	-1.024	-1.036	-0.655	-1.030	-0.906	-0.615	-0.332	-0.880	-0.992	-0.890	-0.902	-0.780	-0.837	-0.836	-0.826	-0.770	-0.765	-0.783	-0.634	-0.847	-0.976	-0.976	-0.969	-0.836	-0.989	-0.831	-0.857	-0.977	-0.977	-0.982	-0.981	-0.980	-0.980	-0.980	-0.982	-0.979	-0.968	-0.984	-0.973	-0.990	-0.023	-0.913	-0.970	-0.971	-0.915	-0.974	-0.740	-0.979	-0.991	-0.993	-0.630	-0.999	-1.058	-1.005	-0.994	-0.997	-0.993	-0.992	-0.993	-0.991	-0.990	-1.002	-0.988	-1.003	-0.999	-1.044	-1.069	-0.999	-1.006	-1.039	-1.006	-0.986	-0.975	-0.965	-0.965	-0.966	-0.963	-0.947	-0.417	-0.892	-0.298	-0.962	-0.355	-0.253	-0.098	-0.043	-0.043	-0.180	+0.042	-0.805	-0.870	-0.869	-0.819	-0.540	-0.872	-0.812	-0.869	-0.869	-0.865	-0.868	-0.861	-0.868	-0.866	-0.872	-0.873	-0.558	-0.704	-1.115	-0.849	-0.729	-0.234	-0.244	-0.259	-0.239	-0.253	-0.224	-0.682	-0.694	-0.288	-0.695	-0.696	-0.283	-0.693	-0.251	+0.191	-0.223	-0.240	-0.701	-0.309	-0.286	-0.286	-0.641	-0.584	-0.292	-0.795	-0.798	-1.108	-0.785	-0.798	-0.608	-0.612	-0.554	-1.103	-0.551	-0.804	-0.819	-0.533	-0.547	-0.798	-1.108	-0.557	-0.981	+0.319	-1.103	-1.094	+0.382	-0.905	+0.443	-0.544	-1.094	+0.414	-0.545	-0.382	+0.296	+0.270	-0.402	-0.536	-0.853	-0.539	+0.228	+0.234	+0.240	+0.226	+0.236	+0.219	+0.228	+0.229	+0.239	+0.236	+0.239	+0.309	-0.590	-0.590	-0.532	-0.531	-0.531	-0.530	-0.530	-0.530	-0.529	
rs12623991     -1.029	-1.029	-1.025	-0.740	-1.030	-0.644	-1.015	-0.847	-0.611	-0.854	-1.068	-0.877	-0.889	-0.780	-0.835	-0.933	-0.824	-0.770	-0.765	-0.782	-0.640	-0.832	-0.971	-0.971	-0.963	-0.820	-0.984	-0.815	-0.842	-0.978	-0.978	-0.982	-0.981	-0.980	-0.980	-0.981	-0.982	-0.980	-0.970	-0.967	-0.956	-0.974	-0.039	-0.907	-0.951	-0.952	-0.909	-0.955	-0.728	-0.961	-0.973	-0.976	-0.627	-0.983	-1.047	-1.000	-0.983	-0.986	-0.982	-0.981	-0.982	-0.980	-0.979	-0.990	-0.977	-0.991	-0.988	-1.033	-1.059	-0.987	-0.999	-1.029	-0.999	-0.975	-0.965	-0.955	-0.955	-0.956	-0.953	-0.937	-0.405	-0.879	-0.285	-0.951	-0.346	-0.244	-0.088	-0.034	-0.034	-0.167	+0.051	-0.802	-0.862	-0.861	-0.811	-0.541	-0.864	-0.804	-0.861	-0.861	-0.857	-0.859	-0.853	-0.860	-0.858	-0.864	-0.865	-0.558	-0.703	-1.106	-0.838	-0.718	-0.227	-0.234	-0.249	-0.229	-0.243	-0.217	-0.672	-0.684	-0.281	-0.685	-0.686	-0.276	-0.683	-0.245	+0.198	-0.216	-0.233	-0.691	-0.308	-0.286	-0.286	-0.637	-0.580	-0.286	-0.789	-0.793	-1.097	-0.779	-0.792	-0.602	-0.605	-0.538	-1.093	-0.535	-0.798	-0.814	-0.521	-0.532	-0.792	-1.097	-0.541	-0.973	+0.332	-1.093	-1.085	+0.394	-0.899	+0.456	-0.529	-1.085	+0.427	-0.530	-0.372	+0.308	+0.282	-0.392	-0.521	-0.848	-0.524	+0.239	+0.246	+0.252	+0.238	+0.248	+0.230	+0.240	+0.241	+0.251	+0.248	+0.250	+0.320	-0.575	-0.575	-0.516	-0.515	-0.515	-0.514	-0.514	-0.514	-0.513	
rs1530145      -1.033	-1.033	-1.030	-1.022	-0.906	-1.015	-0.657	-0.540	-0.264	-0.881	-0.957	-0.890	-0.902	-0.788	-0.845	-0.817	-0.834	-0.778	-0.773	-0.791	-0.644	-0.846	-0.975	-0.975	-0.968	-0.835	-0.988	-0.830	-0.856	-0.987	-0.987	-0.991	-0.990	-0.989	-0.989	-0.990	-0.991	-0.989	-0.978	-0.986	-0.975	-0.991	-0.042	-0.910	-0.972	-0.972	-0.913	-0.975	-0.741	-0.981	-0.992	-0.995	-0.623	-1.000	-1.060	-1.011	-0.995	-0.998	-0.994	-0.993	-0.994	-0.992	-0.991	-1.003	-0.989	-1.004	-1.000	-1.044	-1.070	-1.000	-1.011	-1.039	-1.011	-0.987	-0.976	-0.966	-0.966	-0.966	-0.964	-0.949	-0.417	-0.894	-0.300	-0.963	-0.356	-0.254	-0.098	-0.043	-0.042	-0.182	+0.042	-0.809	-0.872	-0.872	-0.822	-0.545	-0.875	-0.814	-0.871	-0.871	-0.867	-0.870	-0.864	-0.870	-0.869	-0.875	-0.875	-0.562	-0.708	-1.118	-0.850	-0.729	-0.234	-0.243	-0.257	-0.237	-0.252	-0.224	-0.683	-0.695	-0.288	-0.696	-0.696	-0.283	-0.694	-0.251	+0.191	-0.223	-0.240	-0.702	-0.311	-0.288	-0.288	-0.643	-0.585	-0.289	-0.795	-0.799	-1.110	-0.785	-0.798	-0.609	-0.612	-0.555	-1.105	-0.552	-0.804	-0.820	-0.535	-0.548	-0.798	-1.110	-0.558	-0.984	+0.321	-1.105	-1.096	+0.383	-0.906	+0.445	-0.546	-1.096	+0.416	-0.547	-0.383	+0.297	+0.272	-0.402	-0.537	-0.853	-0.540	+0.230	+0.236	+0.242	+0.228	+0.238	+0.221	+0.230	+0.231	+0.241	+0.238	+0.241	+0.311	-0.591	-0.591	-0.533	-0.533	-0.532	-0.532	-0.532	-0.531	-0.530	
rs6432244      -0.768	-0.769	-0.762	-0.818	-0.615	-0.847	-0.540	-0.416	-0.466	-0.563	-0.756	-0.439	-0.462	-0.407	-0.481	-0.760	-0.467	-0.394	-0.388	-0.411	-0.266	-0.376	-0.574	-0.574	-0.561	-0.361	-0.604	-0.355	-0.395	-0.763	-0.763	-0.766	-0.765	-0.765	-0.765	-0.765	-0.766	-0.764	-0.758	-0.760	-0.749	-0.765	+0.067	-0.749	-0.739	-0.739	-0.751	-0.744	-0.465	-0.749	-0.761	-0.764	-0.507	-0.769	-0.819	-0.784	-0.769	-0.771	-0.768	-0.768	-0.768	-0.767	-0.766	-0.776	-0.764	-0.777	-0.773	-0.806	-0.832	-0.773	-0.774	-0.802	-0.774	-0.761	-0.751	-0.741	-0.741	-0.741	-0.738	-0.721	-0.249	-0.672	-0.089	-0.732	-0.174	-0.070	+0.077	+0.128	+0.112	+0.029	+0.213	-0.598	-0.654	-0.652	-0.603	-0.376	-0.653	-0.585	-0.646	-0.646	-0.643	-0.645	-0.640	-0.645	-0.644	-0.649	-0.650	-0.392	-0.527	-0.894	-0.613	-0.503	-0.067	-0.059	-0.073	-0.054	-0.070	-0.058	-0.458	-0.470	-0.119	-0.471	-0.471	-0.115	-0.467	-0.085	+0.348	-0.057	-0.073	-0.476	-0.178	-0.162	-0.162	-0.484	-0.432	-0.163	-0.617	-0.620	-0.882	-0.607	-0.619	-0.434	-0.437	-0.359	-0.880	-0.356	-0.625	-0.639	-0.264	-0.353	-0.619	-0.882	-0.362	-0.751	+0.476	-0.879	-0.873	+0.537	-0.717	+0.596	-0.350	-0.873	+0.566	-0.351	-0.179	+0.453	+0.422	-0.205	-0.343	-0.674	-0.347	+0.379	+0.385	+0.391	+0.377	+0.387	+0.371	+0.379	+0.380	+0.390	+0.388	+0.386	+0.452	-0.398	-0.398	-0.344	-0.343	-0.343	-0.342	-0.342	-0.342	-0.341	
rs4477888      -0.467	-0.468	-0.460	-0.586	-0.332	-0.611	-0.264	-0.466	-0.137	-0.413	-0.232	+0.072	+0.037	-0.107	-0.185	-0.485	-0.170	-0.094	-0.087	-0.112	+0.016	+0.153	-0.098	-0.098	-0.079	+0.171	-0.143	+0.177	+0.123	-0.501	-0.501	-0.502	-0.502	-0.502	-0.502	-0.502	-0.503	-0.502	-0.500	-0.508	-0.503	-0.510	+0.267	-0.480	-0.497	-0.497	-0.482	-0.499	-0.237	-0.503	-0.508	-0.509	-0.249	-0.514	-0.563	-0.518	-0.483	-0.487	-0.482	-0.481	-0.482	-0.479	-0.478	-0.495	-0.475	-0.496	-0.490	-0.510	-0.540	-0.489	-0.497	-0.506	-0.498	-0.472	-0.457	-0.444	-0.444	-0.444	-0.441	-0.424	-0.046	-0.430	+0.133	-0.468	+0.043	+0.147	+0.286	+0.336	+0.313	+0.248	+0.419	-0.350	-0.408	-0.406	-0.358	-0.105	-0.406	-0.348	-0.403	-0.403	-0.400	-0.402	-0.397	-0.402	-0.401	-0.406	-0.407	-0.123	-0.258	-0.627	-0.353	-0.248	+0.158	+0.162	+0.149	+0.168	+0.152	+0.166	-0.203	-0.215	+0.106	-0.216	-0.216	+0.111	-0.212	+0.140	+0.568	+0.167	+0.152	-0.220	+0.066	+0.081	+0.081	-0.235	-0.186	+0.073	-0.365	-0.368	-0.618	-0.356	-0.368	-0.176	-0.179	-0.095	-0.616	-0.093	-0.373	-0.387	+0.010	-0.089	-0.367	-0.618	-0.098	-0.481	+0.723	-0.615	-0.609	+0.783	-0.458	+0.841	-0.086	-0.609	+0.811	-0.088	+0.079	+0.699	+0.666	+0.051	-0.080	-0.422	-0.084	+0.624	+0.630	+0.635	+0.622	+0.632	+0.616	+0.624	+0.625	+0.635	+0.633	+0.629	+0.693	-0.136	-0.136	-0.082	-0.081	-0.081	-0.080	-0.080	-0.080	-0.079	
rs74519310     -0.792	-0.792	-0.789	-0.860	-0.880	-0.854	-0.881	-0.563	-0.413	-0.365	-0.887	-0.621	-0.634	-0.581	-0.630	-0.687	-0.620	-0.573	-0.568	-0.584	-0.442	-0.575	-0.712	-0.712	-0.704	-0.563	-0.726	-0.558	-0.585	-0.724	-0.724	-0.728	-0.727	-0.726	-0.726	-0.726	-0.728	-0.725	-0.717	-0.721	-0.712	-0.725	+0.210	-0.613	-0.710	-0.710	-0.615	-0.714	-0.492	-0.718	-0.727	-0.729	-0.316	-0.735	-0.797	-0.746	-0.715	-0.719	-0.714	-0.713	-0.713	-0.711	-0.710	-0.726	-0.708	-0.727	-0.722	-0.764	-0.792	-0.721	-0.741	-0.758	-0.742	-0.705	-0.692	-0.680	-0.680	-0.681	-0.677	-0.662	-0.162	-0.634	-0.041	-0.699	-0.097	+0.006	+0.161	+0.216	+0.215	+0.077	+0.302	-0.553	-0.615	-0.614	-0.564	-0.259	-0.618	-0.560	-0.616	-0.616	-0.612	-0.615	-0.608	-0.615	-0.614	-0.619	-0.620	-0.278	-0.428	-0.850	-0.585	-0.464	+0.024	+0.011	-0.004	+0.016	+0.001	+0.034	-0.418	-0.430	-0.030	-0.431	-0.431	-0.025	-0.428	+0.006	+0.454	+0.035	+0.019	-0.437	-0.036	-0.015	-0.015	-0.373	-0.316	-0.015	-0.533	-0.536	-0.845	-0.522	-0.535	-0.338	-0.342	-0.261	-0.841	-0.258	-0.542	-0.557	-0.258	-0.254	-0.536	-0.845	-0.264	-0.718	+0.603	-0.840	-0.832	+0.667	-0.636	+0.729	-0.251	-0.832	+0.699	-0.252	-0.117	+0.580	+0.553	-0.138	-0.242	-0.591	-0.245	+0.510	+0.517	+0.522	+0.509	+0.518	+0.501	+0.510	+0.512	+0.522	+0.519	+0.523	+0.594	-0.298	-0.299	-0.237	-0.236	-0.236	-0.236	-0.235	-0.235	-0.234	
rs10187322     -1.029	-1.029	-1.025	-1.067	-0.992	-1.068	-0.957	-0.756	-0.232	-0.887	-0.658	-0.872	-0.886	-0.782	-0.839	-0.808	-0.828	-0.772	-0.767	-0.785	-0.639	-0.827	-0.962	-0.962	-0.955	-0.816	-0.977	-0.811	-0.838	-0.989	-0.989	-0.993	-0.992	-0.991	-0.991	-0.991	-0.993	-0.990	-0.980	-0.987	-0.976	-0.993	-0.048	-0.919	-0.974	-0.975	-0.922	-0.978	-0.741	-0.983	-0.995	-0.998	-0.638	-1.004	-1.062	-1.013	-1.000	-1.003	-0.999	-0.999	-0.999	-0.998	-0.997	-1.008	-0.995	-1.008	-1.005	-1.047	-1.072	-1.005	-1.012	-1.042	-1.012	-0.992	-0.982	-0.972	-0.972	-0.973	-0.970	-0.954	-0.418	-0.895	-0.300	-0.965	-0.357	-0.256	-0.100	-0.045	-0.044	-0.182	+0.041	-0.812	-0.875	-0.874	-0.824	-0.556	-0.877	-0.815	-0.873	-0.873	-0.869	-0.872	-0.865	-0.872	-0.871	-0.876	-0.877	-0.573	-0.717	-1.122	-0.852	-0.731	-0.237	-0.243	-0.258	-0.238	-0.252	-0.227	-0.685	-0.696	-0.291	-0.697	-0.698	-0.286	-0.695	-0.254	+0.188	-0.226	-0.242	-0.703	-0.323	-0.301	-0.301	-0.651	-0.594	-0.300	-0.803	-0.806	-1.112	-0.792	-0.805	-0.617	-0.620	-0.555	-1.108	-0.552	-0.812	-0.827	-0.535	-0.548	-0.806	-1.112	-0.558	-0.987	+0.315	-1.108	-1.099	+0.378	-0.912	+0.439	-0.545	-1.099	+0.410	-0.546	-0.388	+0.292	+0.266	-0.408	-0.537	-0.861	-0.540	+0.223	+0.230	+0.236	+0.222	+0.232	+0.215	+0.223	+0.225	+0.235	+0.232	+0.235	+0.304	-0.591	-0.591	-0.533	-0.532	-0.531	-0.531	-0.531	-0.530	-0.529	
rs16858133     -0.815	-0.815	-0.813	-0.864	-0.890	-0.877	-0.890	-0.439	+0.072	-0.621	-0.872	-0.391	-0.521	-0.624	-0.669	-0.274	-0.660	-0.616	-0.612	-0.626	-0.494	-0.496	-0.614	-0.614	-0.620	-0.491	-0.605	-0.494	-0.536	-0.729	-0.729	-0.734	-0.733	-0.731	-0.731	-0.732	-0.734	-0.730	-0.718	-0.722	-0.709	-0.729	+0.156	-0.613	-0.709	-0.710	-0.615	-0.713	-0.552	-0.720	-0.734	-0.737	-0.303	-0.747	-0.816	-0.761	-0.753	-0.755	-0.752	-0.752	-0.752	-0.751	-0.750	-0.759	-0.748	-0.760	-0.757	-0.792	-0.818	-0.757	-0.763	-0.787	-0.763	-0.746	-0.737	-0.728	-0.728	-0.728	-0.725	-0.710	-0.092	-0.622	-0.048	-0.731	-0.080	+0.024	+0.185	+0.239	+0.230	+0.070	+0.327	-0.569	-0.642	-0.641	-0.592	-0.314	-0.647	-0.572	-0.642	-0.642	-0.638	-0.640	-0.634	-0.641	-0.639	-0.645	-0.646	-0.331	-0.474	-0.879	-0.616	-0.488	+0.000	-0.014	-0.028	-0.008	-0.023	+0.010	-0.443	-0.455	-0.054	-0.455	-0.456	-0.049	-0.453	-0.018	+0.431	+0.011	-0.006	-0.461	-0.079	-0.059	-0.059	-0.411	-0.356	-0.059	-0.568	-0.571	-0.864	-0.558	-0.571	-0.387	-0.390	-0.278	-0.861	-0.275	-0.577	-0.592	-0.290	-0.271	-0.571	-0.864	-0.281	-0.752	+0.534	-0.860	-0.853	+0.597	-0.665	+0.659	-0.268	-0.853	+0.630	-0.269	-0.172	+0.512	+0.488	-0.190	-0.259	-0.623	-0.263	+0.445	+0.451	+0.457	+0.443	+0.453	+0.437	+0.445	+0.446	+0.456	+0.453	+0.459	+0.528	-0.314	-0.314	-0.253	-0.252	-0.252	-0.251	-0.251	-0.250	-0.249	
rs34774368     -0.826	-0.826	-0.824	-0.876	-0.902	-0.889	-0.902	-0.462	+0.037	-0.634	-0.886	-0.521	-0.403	-0.633	-0.678	-0.307	-0.669	-0.625	-0.621	-0.636	-0.503	-0.477	-0.626	-0.626	-0.631	-0.472	-0.623	-0.478	-0.531	-0.741	-0.741	-0.746	-0.745	-0.743	-0.743	-0.744	-0.746	-0.742	-0.730	-0.734	-0.721	-0.741	+0.147	-0.628	-0.721	-0.722	-0.630	-0.725	-0.559	-0.732	-0.746	-0.749	-0.320	-0.758	-0.827	-0.773	-0.765	-0.767	-0.764	-0.763	-0.764	-0.762	-0.761	-0.771	-0.760	-0.771	-0.769	-0.804	-0.830	-0.768	-0.775	-0.799	-0.775	-0.757	-0.748	-0.739	-0.739	-0.739	-0.737	-0.721	-0.109	-0.634	-0.062	-0.742	-0.096	+0.008	+0.169	+0.223	+0.215	+0.057	+0.311	-0.581	-0.653	-0.652	-0.604	-0.325	-0.658	-0.584	-0.653	-0.653	-0.649	-0.652	-0.645	-0.652	-0.650	-0.656	-0.657	-0.342	-0.485	-0.890	-0.628	-0.500	-0.012	-0.026	-0.040	-0.020	-0.035	-0.002	-0.455	-0.467	-0.066	-0.468	-0.468	-0.061	-0.465	-0.030	+0.418	-0.002	-0.018	-0.473	-0.092	-0.071	-0.071	-0.422	-0.368	-0.071	-0.580	-0.582	-0.876	-0.569	-0.582	-0.398	-0.401	-0.291	-0.872	-0.288	-0.588	-0.603	-0.302	-0.284	-0.582	-0.876	-0.294	-0.763	+0.523	-0.872	-0.864	+0.587	-0.676	+0.648	-0.281	-0.864	+0.619	-0.282	-0.182	+0.501	+0.477	-0.201	-0.273	-0.635	-0.276	+0.434	+0.441	+0.446	+0.433	+0.442	+0.426	+0.434	+0.436	+0.445	+0.443	+0.448	+0.517	-0.327	-0.328	-0.266	-0.265	-0.265	-0.265	-0.265	-0.264	-0.263	
rs7563182      -0.612	-0.609	-0.616	-0.797	-0.780	-0.780	-0.788	-0.407	-0.107	-0.581	-0.782	-0.624	-0.633	-0.319	-0.434	-0.503	-0.443	-0.422	-0.420	-0.434	-0.367	-0.587	-0.696	-0.696	-0.691	-0.577	-0.705	-0.573	-0.595	-0.657	-0.657	-0.663	-0.662	-0.660	-0.660	-0.660	-0.662	-0.658	-0.642	-0.676	-0.667	-0.682	+0.169	-0.660	-0.669	-0.669	-0.662	-0.672	-0.432	-0.676	-0.684	-0.686	-0.402	-0.692	-0.744	-0.694	-0.668	-0.672	-0.666	-0.666	-0.666	-0.664	-0.663	-0.679	-0.661	-0.680	-0.676	-0.743	-0.766	-0.675	-0.695	-0.739	-0.695	-0.658	-0.645	-0.635	-0.635	-0.635	-0.632	-0.618	-0.125	-0.588	+0.050	-0.669	-0.041	+0.063	+0.217	+0.273	+0.274	+0.173	+0.359	-0.550	-0.591	-0.590	-0.543	-0.231	-0.591	-0.530	-0.588	-0.588	-0.585	-0.587	-0.581	-0.587	-0.586	-0.591	-0.592	-0.245	-0.392	-0.810	-0.583	-0.466	-0.004	-0.011	-0.025	-0.006	-0.020	+0.006	-0.424	-0.435	-0.055	-0.435	-0.436	-0.051	-0.433	-0.021	+0.405	+0.006	-0.009	-0.440	-0.038	-0.020	-0.019	-0.362	-0.308	-0.026	-0.506	-0.510	-0.797	-0.496	-0.509	-0.327	-0.331	-0.246	-0.794	-0.242	-0.515	-0.530	-0.181	-0.238	-0.509	-0.797	-0.248	-0.683	+0.565	-0.793	-0.785	+0.628	-0.611	+0.688	-0.236	-0.785	+0.660	-0.236	-0.108	+0.544	+0.536	-0.114	-0.227	-0.553	-0.230	+0.493	+0.500	+0.505	+0.492	+0.501	+0.485	+0.494	+0.495	+0.505	+0.503	+0.506	+0.575	-0.280	-0.280	-0.222	-0.221	-0.221	-0.220	-0.220	-0.219	-0.218	
rs10929775     -0.680	-0.678	-0.683	-0.850	-0.837	-0.835	-0.845	-0.481	-0.185	-0.630	-0.839	-0.669	-0.678	-0.434	-0.372	-0.569	-0.478	-0.417	-0.410	-0.446	-0.338	-0.631	-0.742	-0.742	-0.737	-0.621	-0.752	-0.617	-0.639	-0.708	-0.708	-0.714	-0.713	-0.711	-0.711	-0.712	-0.714	-0.710	-0.695	-0.725	-0.716	-0.730	+0.132	-0.702	-0.717	-0.717	-0.703	-0.720	-0.481	-0.725	-0.733	-0.735	-0.440	-0.740	-0.793	-0.744	-0.719	-0.723	-0.717	-0.717	-0.717	-0.715	-0.714	-0.730	-0.712	-0.731	-0.727	-0.791	-0.814	-0.726	-0.745	-0.787	-0.745	-0.710	-0.697	-0.686	-0.687	-0.687	-0.684	-0.669	-0.171	-0.636	-0.002	-0.715	-0.090	+0.014	+0.169	+0.224	+0.225	+0.120	+0.310	-0.593	-0.636	-0.635	-0.588	-0.282	-0.636	-0.575	-0.634	-0.634	-0.630	-0.632	-0.626	-0.633	-0.631	-0.637	-0.638	-0.296	-0.443	-0.859	-0.626	-0.509	-0.043	-0.049	-0.064	-0.044	-0.058	-0.033	-0.466	-0.477	-0.094	-0.477	-0.478	-0.090	-0.475	-0.059	+0.369	-0.032	-0.048	-0.482	-0.083	-0.065	-0.065	-0.408	-0.354	-0.071	-0.553	-0.557	-0.846	-0.544	-0.556	-0.374	-0.377	-0.295	-0.843	-0.292	-0.562	-0.577	-0.235	-0.288	-0.557	-0.846	-0.298	-0.730	+0.524	-0.842	-0.835	+0.587	-0.658	+0.647	-0.285	-0.834	+0.619	-0.286	-0.153	+0.503	+0.492	-0.161	-0.276	-0.602	-0.279	+0.449	+0.455	+0.461	+0.448	+0.457	+0.441	+0.449	+0.451	+0.461	+0.459	+0.462	+0.531	-0.330	-0.330	-0.271	-0.271	-0.270	-0.270	-0.270	-0.269	-0.268	
rs12328935     -0.808	-0.809	-0.803	-0.924	-0.836	-0.933	-0.817	-0.760	-0.485	-0.687	-0.808	-0.274	-0.307	-0.503	-0.569	-0.445	-0.557	-0.492	-0.486	-0.507	-0.304	-0.182	-0.544	-0.544	-0.529	-0.163	-0.578	-0.158	-0.229	-0.789	-0.789	-0.793	-0.792	-0.791	-0.792	-0.792	-0.793	-0.791	-0.782	-0.795	-0.787	-0.799	+0.072	-0.772	-0.781	-0.782	-0.774	-0.785	-0.498	-0.789	-0.798	-0.799	-0.527	-0.805	-0.860	-0.811	-0.787	-0.790	-0.786	-0.786	-0.786	-0.784	-0.783	-0.797	-0.781	-0.798	-0.793	-0.835	-0.860	-0.793	-0.808	-0.830	-0.808	-0.777	-0.765	-0.754	-0.754	-0.754	-0.751	-0.734	-0.294	-0.707	-0.119	-0.772	-0.215	-0.113	+0.034	+0.085	+0.092	-0.002	+0.170	-0.635	-0.677	-0.675	-0.626	-0.363	-0.675	-0.617	-0.673	-0.673	-0.669	-0.671	-0.665	-0.671	-0.670	-0.675	-0.676	-0.382	-0.524	-0.916	-0.656	-0.546	-0.107	-0.105	-0.119	-0.100	-0.115	-0.097	-0.501	-0.513	-0.159	-0.514	-0.514	-0.154	-0.511	-0.124	+0.300	-0.096	-0.112	-0.518	-0.178	-0.159	-0.159	-0.492	-0.437	-0.159	-0.630	-0.633	-0.910	-0.621	-0.633	-0.443	-0.446	-0.373	-0.908	-0.370	-0.638	-0.653	-0.299	-0.366	-0.633	-0.911	-0.376	-0.791	+0.447	-0.907	-0.900	+0.508	-0.732	+0.567	-0.364	-0.900	+0.539	-0.365	-0.221	+0.424	+0.395	-0.245	-0.356	-0.688	-0.359	+0.352	+0.358	+0.364	+0.350	+0.360	+0.344	+0.352	+0.353	+0.363	+0.361	+0.361	+0.427	-0.411	-0.411	-0.355	-0.354	-0.354	-0.354	-0.354	-0.353	-0.352	
rs1550399      -0.667	-0.664	-0.670	-0.839	-0.826	-0.824	-0.834	-0.467	-0.170	-0.620	-0.828	-0.660	-0.669	-0.443	-0.478	-0.557	-0.362	-0.428	-0.421	-0.451	-0.347	-0.622	-0.733	-0.733	-0.728	-0.612	-0.743	-0.608	-0.630	-0.698	-0.698	-0.704	-0.703	-0.701	-0.701	-0.701	-0.704	-0.700	-0.684	-0.716	-0.706	-0.721	+0.139	-0.693	-0.707	-0.708	-0.695	-0.711	-0.471	-0.715	-0.723	-0.725	-0.433	-0.731	-0.783	-0.734	-0.708	-0.712	-0.707	-0.707	-0.707	-0.705	-0.704	-0.720	-0.702	-0.720	-0.716	-0.781	-0.804	-0.715	-0.735	-0.777	-0.735	-0.699	-0.687	-0.676	-0.676	-0.677	-0.673	-0.659	-0.162	-0.627	+0.009	-0.706	-0.080	+0.024	+0.179	+0.234	+0.235	+0.131	+0.320	-0.585	-0.627	-0.626	-0.579	-0.272	-0.627	-0.566	-0.625	-0.625	-0.621	-0.623	-0.618	-0.624	-0.622	-0.628	-0.629	-0.286	-0.432	-0.849	-0.617	-0.501	-0.035	-0.042	-0.056	-0.037	-0.051	-0.026	-0.457	-0.468	-0.087	-0.469	-0.470	-0.082	-0.467	-0.052	+0.376	-0.025	-0.041	-0.474	-0.074	-0.056	-0.056	-0.399	-0.345	-0.062	-0.544	-0.548	-0.836	-0.534	-0.547	-0.364	-0.368	-0.285	-0.833	-0.282	-0.553	-0.568	-0.224	-0.278	-0.547	-0.837	-0.288	-0.721	+0.532	-0.833	-0.825	+0.595	-0.649	+0.655	-0.275	-0.825	+0.627	-0.276	-0.144	+0.511	+0.501	-0.152	-0.267	-0.592	-0.270	+0.458	+0.464	+0.470	+0.456	+0.466	+0.450	+0.458	+0.459	+0.469	+0.467	+0.470	+0.540	-0.320	-0.320	-0.262	-0.261	-0.261	-0.260	-0.260	-0.259	-0.258	
rs1550398      -0.600	-0.597	-0.604	-0.787	-0.770	-0.770	-0.778	-0.394	-0.094	-0.573	-0.772	-0.616	-0.625	-0.422	-0.417	-0.492	-0.428	-0.310	-0.415	-0.426	-0.369	-0.579	-0.687	-0.687	-0.683	-0.570	-0.696	-0.566	-0.587	-0.647	-0.647	-0.654	-0.652	-0.650	-0.651	-0.651	-0.653	-0.649	-0.633	-0.668	-0.658	-0.673	+0.176	-0.653	-0.660	-0.660	-0.654	-0.664	-0.423	-0.668	-0.675	-0.677	-0.395	-0.683	-0.735	-0.686	-0.659	-0.663	-0.657	-0.657	-0.657	-0.655	-0.654	-0.670	-0.652	-0.671	-0.667	-0.735	-0.757	-0.666	-0.686	-0.731	-0.686	-0.649	-0.636	-0.625	-0.626	-0.626	-0.623	-0.608	-0.117	-0.579	+0.060	-0.660	-0.032	+0.072	+0.226	+0.282	+0.283	+0.182	+0.368	-0.543	-0.583	-0.582	-0.535	-0.222	-0.583	-0.522	-0.580	-0.580	-0.577	-0.579	-0.573	-0.579	-0.578	-0.583	-0.584	-0.236	-0.383	-0.802	-0.575	-0.459	+0.003	-0.004	-0.018	+0.001	-0.013	+0.013	-0.416	-0.427	-0.048	-0.428	-0.428	-0.044	-0.426	-0.014	+0.411	+0.013	-0.003	-0.433	-0.029	-0.012	-0.011	-0.354	-0.300	-0.019	-0.498	-0.501	-0.788	-0.488	-0.501	-0.319	-0.322	-0.237	-0.785	-0.234	-0.507	-0.522	-0.171	-0.230	-0.501	-0.788	-0.239	-0.674	+0.572	-0.784	-0.777	+0.635	-0.602	+0.695	-0.227	-0.776	+0.667	-0.228	-0.100	+0.551	+0.544	-0.106	-0.218	-0.545	-0.221	+0.501	+0.507	+0.513	+0.500	+0.509	+0.493	+0.501	+0.503	+0.513	+0.511	+0.514	+0.583	-0.271	-0.271	-0.213	-0.212	-0.212	-0.211	-0.211	-0.211	-0.210	
rs10929776     -0.594	-0.591	-0.598	-0.783	-0.765	-0.765	-0.773	-0.388	-0.087	-0.568	-0.767	-0.612	-0.621	-0.420	-0.410	-0.486	-0.421	-0.415	-0.305	-0.423	-0.371	-0.575	-0.683	-0.683	-0.678	-0.565	-0.692	-0.561	-0.583	-0.643	-0.643	-0.649	-0.648	-0.646	-0.646	-0.646	-0.648	-0.645	-0.628	-0.663	-0.654	-0.668	+0.180	-0.649	-0.656	-0.656	-0.650	-0.659	-0.419	-0.663	-0.671	-0.673	-0.392	-0.678	-0.730	-0.681	-0.654	-0.658	-0.653	-0.652	-0.653	-0.650	-0.649	-0.666	-0.647	-0.666	-0.662	-0.730	-0.753	-0.661	-0.682	-0.726	-0.682	-0.644	-0.631	-0.621	-0.621	-0.621	-0.618	-0.604	-0.113	-0.575	+0.065	-0.656	-0.028	+0.077	+0.231	+0.286	+0.288	+0.187	+0.372	-0.539	-0.579	-0.578	-0.531	-0.218	-0.578	-0.518	-0.576	-0.576	-0.572	-0.575	-0.569	-0.575	-0.574	-0.579	-0.580	-0.231	-0.378	-0.797	-0.571	-0.455	+0.007	-0.000	-0.015	+0.005	-0.009	+0.016	-0.412	-0.423	-0.045	-0.424	-0.424	-0.040	-0.422	-0.010	+0.415	+0.017	+0.001	-0.429	-0.025	-0.007	-0.007	-0.350	-0.296	-0.014	-0.493	-0.497	-0.783	-0.484	-0.496	-0.315	-0.318	-0.232	-0.780	-0.229	-0.502	-0.517	-0.166	-0.225	-0.496	-0.784	-0.235	-0.670	+0.576	-0.780	-0.772	+0.639	-0.598	+0.699	-0.222	-0.772	+0.671	-0.223	-0.096	+0.555	+0.548	-0.101	-0.214	-0.540	-0.216	+0.506	+0.512	+0.518	+0.504	+0.514	+0.497	+0.506	+0.507	+0.517	+0.515	+0.518	+0.587	-0.267	-0.267	-0.209	-0.208	-0.208	-0.207	-0.207	-0.206	-0.205	
rs10210269     -0.617	-0.613	-0.620	-0.799	-0.783	-0.782	-0.791	-0.411	-0.112	-0.584	-0.785	-0.626	-0.636	-0.434	-0.446	-0.507	-0.451	-0.426	-0.423	-0.322	-0.366	-0.589	-0.698	-0.698	-0.693	-0.579	-0.707	-0.575	-0.597	-0.659	-0.659	-0.665	-0.664	-0.662	-0.662	-0.662	-0.665	-0.661	-0.644	-0.679	-0.669	-0.684	+0.167	-0.662	-0.671	-0.671	-0.664	-0.675	-0.434	-0.679	-0.686	-0.688	-0.404	-0.694	-0.746	-0.697	-0.670	-0.674	-0.669	-0.668	-0.669	-0.667	-0.666	-0.682	-0.663	-0.682	-0.678	-0.745	-0.768	-0.677	-0.697	-0.741	-0.698	-0.661	-0.648	-0.637	-0.637	-0.638	-0.635	-0.620	-0.128	-0.590	+0.048	-0.671	-0.044	+0.061	+0.215	+0.270	+0.272	+0.170	+0.357	-0.552	-0.593	-0.592	-0.545	-0.233	-0.593	-0.532	-0.590	-0.590	-0.587	-0.589	-0.583	-0.590	-0.588	-0.593	-0.594	-0.247	-0.394	-0.812	-0.585	-0.468	-0.006	-0.013	-0.027	-0.008	-0.022	+0.004	-0.426	-0.437	-0.058	-0.438	-0.438	-0.053	-0.436	-0.023	+0.403	+0.004	-0.012	-0.442	-0.040	-0.022	-0.022	-0.365	-0.310	-0.028	-0.508	-0.512	-0.799	-0.498	-0.511	-0.329	-0.332	-0.248	-0.796	-0.245	-0.517	-0.532	-0.183	-0.241	-0.511	-0.799	-0.251	-0.685	+0.564	-0.795	-0.788	+0.626	-0.613	+0.686	-0.238	-0.787	+0.658	-0.239	-0.110	+0.542	+0.534	-0.116	-0.229	-0.555	-0.232	+0.492	+0.498	+0.504	+0.490	+0.500	+0.483	+0.492	+0.493	+0.503	+0.501	+0.504	+0.573	-0.283	-0.283	-0.224	-0.224	-0.223	-0.223	-0.223	-0.222	-0.221	
rs10202517     -0.441	-0.437	-0.446	-0.658	-0.634	-0.640	-0.644	-0.266	+0.016	-0.442	-0.639	-0.494	-0.503	-0.367	-0.338	-0.304	-0.347	-0.369	-0.371	-0.366	-0.167	-0.460	-0.548	-0.548	-0.542	-0.451	-0.558	-0.448	-0.467	-0.525	-0.525	-0.530	-0.529	-0.527	-0.527	-0.528	-0.529	-0.527	-0.513	-0.537	-0.528	-0.541	+0.253	-0.543	-0.530	-0.530	-0.544	-0.534	-0.304	-0.537	-0.543	-0.545	-0.296	-0.550	-0.591	-0.549	-0.517	-0.522	-0.516	-0.516	-0.516	-0.513	-0.512	-0.531	-0.510	-0.531	-0.527	-0.608	-0.628	-0.525	-0.552	-0.604	-0.553	-0.507	-0.493	-0.482	-0.482	-0.483	-0.479	-0.465	-0.025	-0.451	+0.162	-0.541	+0.060	+0.161	+0.311	+0.366	+0.370	+0.282	+0.450	-0.425	-0.467	-0.466	-0.420	-0.094	-0.465	-0.405	-0.463	-0.463	-0.460	-0.462	-0.457	-0.462	-0.461	-0.466	-0.467	-0.106	-0.253	-0.671	-0.469	-0.357	+0.095	+0.085	+0.071	+0.090	+0.077	+0.104	-0.316	-0.326	+0.045	-0.327	-0.327	+0.050	-0.325	+0.079	+0.511	+0.105	+0.090	-0.332	+0.076	+0.093	+0.093	-0.243	-0.191	+0.083	-0.380	-0.384	-0.654	-0.371	-0.383	-0.202	-0.205	-0.108	-0.652	-0.105	-0.389	-0.404	-0.029	-0.101	-0.383	-0.654	-0.111	-0.547	+0.659	-0.651	-0.644	+0.721	-0.478	+0.780	-0.098	-0.644	+0.752	-0.099	+0.005	+0.638	+0.635	+0.003	-0.090	-0.424	-0.092	+0.593	+0.599	+0.604	+0.591	+0.601	+0.584	+0.593	+0.594	+0.604	+0.602	+0.605	+0.673	-0.142	-0.142	-0.085	-0.084	-0.084	-0.083	-0.083	-0.082	-0.081	
rs13025618     -0.773	-0.773	-0.771	-0.816	-0.847	-0.832	-0.846	-0.376	+0.153	-0.575	-0.827	-0.496	-0.477	-0.587	-0.631	-0.182	-0.622	-0.579	-0.575	-0.589	-0.460	-0.344	-0.525	-0.525	-0.540	-0.454	-0.511	-0.463	-0.496	-0.683	-0.683	-0.689	-0.688	-0.686	-0.686	-0.686	-0.688	-0.685	-0.672	-0.676	-0.663	-0.683	+0.193	-0.563	-0.663	-0.663	-0.565	-0.667	-0.521	-0.674	-0.688	-0.692	-0.249	-0.702	-0.773	-0.718	-0.710	-0.713	-0.710	-0.709	-0.710	-0.708	-0.707	-0.716	-0.706	-0.717	-0.714	-0.748	-0.774	-0.714	-0.720	-0.743	-0.720	-0.703	-0.694	-0.686	-0.686	-0.686	-0.683	-0.668	-0.035	-0.575	-0.007	-0.691	-0.035	+0.069	+0.231	+0.285	+0.275	+0.111	+0.373	-0.528	-0.603	-0.602	-0.554	-0.274	-0.608	-0.531	-0.603	-0.603	-0.599	-0.601	-0.595	-0.602	-0.600	-0.606	-0.607	-0.291	-0.434	-0.837	-0.577	-0.448	+0.039	+0.024	+0.010	+0.030	+0.014	+0.049	-0.403	-0.415	-0.015	-0.416	-0.416	-0.010	-0.413	+0.021	+0.470	+0.049	+0.033	-0.421	-0.039	-0.019	-0.019	-0.371	-0.317	-0.019	-0.528	-0.531	-0.821	-0.518	-0.531	-0.348	-0.351	-0.230	-0.818	-0.227	-0.536	-0.551	-0.247	-0.223	-0.531	-0.821	-0.233	-0.711	+0.570	-0.818	-0.810	+0.633	-0.623	+0.694	-0.220	-0.810	+0.665	-0.221	-0.135	+0.548	+0.524	-0.154	-0.212	-0.583	-0.215	+0.481	+0.488	+0.493	+0.480	+0.489	+0.474	+0.482	+0.483	+0.493	+0.490	+0.495	+0.564	-0.267	-0.267	-0.205	-0.204	-0.204	-0.203	-0.203	-0.202	-0.201	
rs12478633     -0.898	-0.898	-0.896	-0.963	-0.976	-0.971	-0.975	-0.574	-0.098	-0.712	-0.962	-0.614	-0.626	-0.696	-0.742	-0.544	-0.733	-0.687	-0.683	-0.698	-0.548	-0.525	-0.484	-0.606	-0.605	-0.502	-0.618	-0.500	-0.559	-0.807	-0.807	-0.813	-0.812	-0.810	-0.810	-0.811	-0.813	-0.809	-0.797	-0.811	-0.799	-0.818	+0.097	-0.710	-0.798	-0.798	-0.712	-0.802	-0.608	-0.808	-0.822	-0.825	-0.407	-0.833	-0.901	-0.849	-0.838	-0.841	-0.837	-0.837	-0.837	-0.836	-0.835	-0.844	-0.833	-0.845	-0.842	-0.877	-0.903	-0.842	-0.848	-0.872	-0.849	-0.831	-0.821	-0.812	-0.812	-0.812	-0.810	-0.794	-0.172	-0.713	-0.119	-0.808	-0.154	-0.049	+0.113	+0.168	+0.159	+0.000	+0.257	-0.654	-0.719	-0.718	-0.669	-0.396	-0.723	-0.653	-0.719	-0.719	-0.715	-0.717	-0.711	-0.718	-0.716	-0.722	-0.723	-0.413	-0.557	-0.961	-0.690	-0.563	-0.075	-0.085	-0.100	-0.080	-0.095	-0.065	-0.518	-0.529	-0.129	-0.530	-0.531	-0.125	-0.528	-0.093	+0.346	-0.065	-0.081	-0.536	-0.157	-0.137	-0.137	-0.489	-0.433	-0.135	-0.646	-0.649	-0.950	-0.636	-0.649	-0.463	-0.467	-0.372	-0.946	-0.369	-0.655	-0.670	-0.373	-0.365	-0.649	-0.950	-0.375	-0.831	+0.470	-0.946	-0.938	+0.533	-0.748	+0.595	-0.362	-0.937	+0.565	-0.363	-0.240	+0.447	+0.422	-0.259	-0.353	-0.703	-0.357	+0.380	+0.386	+0.392	+0.378	+0.388	+0.372	+0.380	+0.381	+0.391	+0.388	+0.393	+0.462	-0.408	-0.408	-0.348	-0.347	-0.346	-0.346	-0.346	-0.345	-0.344	
rs12478664     -0.898	-0.898	-0.896	-0.963	-0.976	-0.971	-0.975	-0.574	-0.098	-0.712	-0.962	-0.614	-0.626	-0.696	-0.742	-0.544	-0.733	-0.687	-0.683	-0.698	-0.548	-0.525	-0.606	-0.484	-0.605	-0.502	-0.618	-0.500	-0.558	-0.807	-0.807	-0.813	-0.812	-0.810	-0.810	-0.811	-0.813	-0.809	-0.797	-0.811	-0.799	-0.818	+0.097	-0.710	-0.798	-0.798	-0.712	-0.802	-0.608	-0.808	-0.822	-0.825	-0.407	-0.833	-0.901	-0.849	-0.838	-0.840	-0.837	-0.837	-0.837	-0.836	-0.835	-0.844	-0.833	-0.845	-0.842	-0.877	-0.903	-0.842	-0.848	-0.872	-0.849	-0.831	-0.821	-0.812	-0.812	-0.812	-0.810	-0.794	-0.172	-0.713	-0.119	-0.808	-0.154	-0.049	+0.113	+0.168	+0.160	+0.000	+0.257	-0.654	-0.719	-0.718	-0.669	-0.396	-0.723	-0.653	-0.719	-0.719	-0.715	-0.717	-0.711	-0.718	-0.716	-0.722	-0.723	-0.413	-0.557	-0.961	-0.690	-0.563	-0.075	-0.085	-0.100	-0.080	-0.095	-0.065	-0.518	-0.529	-0.129	-0.530	-0.531	-0.125	-0.528	-0.093	+0.346	-0.065	-0.081	-0.536	-0.157	-0.137	-0.137	-0.489	-0.433	-0.135	-0.646	-0.649	-0.950	-0.636	-0.649	-0.463	-0.467	-0.372	-0.946	-0.369	-0.654	-0.670	-0.373	-0.365	-0.649	-0.950	-0.375	-0.831	+0.470	-0.946	-0.938	+0.533	-0.748	+0.595	-0.362	-0.937	+0.565	-0.363	-0.240	+0.447	+0.422	-0.259	-0.353	-0.703	-0.357	+0.380	+0.386	+0.392	+0.378	+0.388	+0.372	+0.380	+0.381	+0.391	+0.388	+0.393	+0.462	-0.408	-0.408	-0.347	-0.347	-0.346	-0.346	-0.346	-0.345	-0.344	
rs12478705     -0.891	-0.891	-0.889	-0.955	-0.969	-0.963	-0.968	-0.561	-0.079	-0.704	-0.955	-0.620	-0.631	-0.691	-0.737	-0.529	-0.728	-0.683	-0.678	-0.693	-0.542	-0.540	-0.605	-0.605	-0.476	-0.518	-0.608	-0.515	-0.568	-0.799	-0.799	-0.805	-0.804	-0.802	-0.802	-0.803	-0.805	-0.801	-0.788	-0.803	-0.791	-0.810	+0.103	-0.701	-0.790	-0.790	-0.703	-0.794	-0.604	-0.800	-0.814	-0.817	-0.397	-0.826	-0.894	-0.841	-0.831	-0.834	-0.830	-0.830	-0.830	-0.829	-0.828	-0.837	-0.826	-0.838	-0.835	-0.869	-0.895	-0.835	-0.841	-0.864	-0.841	-0.824	-0.814	-0.806	-0.806	-0.806	-0.803	-0.787	-0.160	-0.705	-0.109	-0.800	-0.145	-0.039	+0.123	+0.178	+0.169	+0.010	+0.267	-0.647	-0.712	-0.711	-0.662	-0.389	-0.716	-0.645	-0.712	-0.712	-0.708	-0.710	-0.704	-0.711	-0.709	-0.715	-0.716	-0.406	-0.550	-0.954	-0.683	-0.556	-0.069	-0.079	-0.093	-0.073	-0.088	-0.059	-0.510	-0.522	-0.123	-0.523	-0.524	-0.118	-0.521	-0.086	+0.352	-0.058	-0.074	-0.529	-0.150	-0.130	-0.130	-0.482	-0.426	-0.128	-0.639	-0.642	-0.942	-0.629	-0.642	-0.457	-0.460	-0.363	-0.939	-0.360	-0.648	-0.663	-0.366	-0.356	-0.642	-0.943	-0.366	-0.824	+0.476	-0.938	-0.930	+0.539	-0.741	+0.600	-0.353	-0.930	+0.571	-0.354	-0.234	+0.453	+0.429	-0.254	-0.345	-0.696	-0.348	+0.386	+0.392	+0.398	+0.384	+0.394	+0.378	+0.386	+0.387	+0.397	+0.394	+0.399	+0.468	-0.400	-0.400	-0.339	-0.338	-0.338	-0.337	-0.337	-0.336	-0.335	
rs34424904     -0.762	-0.762	-0.760	-0.804	-0.836	-0.820	-0.835	-0.361	+0.171	-0.563	-0.816	-0.491	-0.472	-0.577	-0.621	-0.163	-0.612	-0.570	-0.565	-0.579	-0.451	-0.454	-0.502	-0.502	-0.518	-0.332	-0.480	-0.447	-0.475	-0.671	-0.671	-0.677	-0.676	-0.674	-0.674	-0.674	-0.677	-0.673	-0.660	-0.664	-0.651	-0.672	+0.202	-0.548	-0.651	-0.651	-0.551	-0.655	-0.513	-0.662	-0.677	-0.680	-0.233	-0.690	-0.762	-0.706	-0.700	-0.702	-0.699	-0.699	-0.699	-0.697	-0.697	-0.705	-0.695	-0.706	-0.703	-0.737	-0.763	-0.703	-0.709	-0.731	-0.709	-0.692	-0.684	-0.675	-0.675	-0.675	-0.673	-0.658	-0.017	-0.562	+0.004	-0.681	-0.023	+0.082	+0.243	+0.298	+0.288	+0.122	+0.386	-0.518	-0.593	-0.592	-0.544	-0.265	-0.598	-0.521	-0.593	-0.593	-0.589	-0.592	-0.585	-0.592	-0.591	-0.596	-0.597	-0.281	-0.424	-0.826	-0.567	-0.437	+0.049	+0.034	+0.019	+0.039	+0.024	+0.059	-0.393	-0.404	-0.005	-0.405	-0.406	-0.000	-0.402	+0.031	+0.480	+0.059	+0.043	-0.411	-0.029	-0.009	-0.009	-0.361	-0.307	-0.009	-0.518	-0.521	-0.810	-0.508	-0.521	-0.338	-0.341	-0.217	-0.807	-0.214	-0.527	-0.541	-0.236	-0.210	-0.521	-0.810	-0.220	-0.701	+0.579	-0.807	-0.799	+0.642	-0.612	+0.703	-0.207	-0.799	+0.673	-0.208	-0.126	+0.557	+0.533	-0.145	-0.199	-0.573	-0.202	+0.490	+0.497	+0.503	+0.489	+0.499	+0.483	+0.491	+0.492	+0.502	+0.499	+0.505	+0.573	-0.254	-0.254	-0.192	-0.191	-0.191	-0.190	-0.190	-0.189	-0.188	
rs41378155     -0.910	-0.910	-0.907	-0.977	-0.989	-0.984	-0.988	-0.604	-0.143	-0.726	-0.977	-0.605	-0.623	-0.705	-0.752	-0.578	-0.743	-0.696	-0.692	-0.707	-0.558	-0.511	-0.618	-0.618	-0.608	-0.480	-0.497	-0.475	-0.541	-0.822	-0.822	-0.828	-0.827	-0.825	-0.825	-0.825	-0.827	-0.824	-0.812	-0.826	-0.813	-0.832	+0.084	-0.726	-0.812	-0.813	-0.729	-0.816	-0.615	-0.822	-0.836	-0.839	-0.425	-0.847	-0.914	-0.862	-0.850	-0.853	-0.850	-0.849	-0.849	-0.848	-0.847	-0.857	-0.845	-0.858	-0.855	-0.890	-0.916	-0.854	-0.861	-0.885	-0.861	-0.843	-0.833	-0.824	-0.824	-0.824	-0.822	-0.806	-0.190	-0.728	-0.133	-0.819	-0.170	-0.064	+0.097	+0.152	+0.144	-0.014	+0.240	-0.667	-0.731	-0.730	-0.681	-0.409	-0.735	-0.666	-0.731	-0.731	-0.727	-0.729	-0.723	-0.730	-0.728	-0.734	-0.735	-0.426	-0.570	-0.973	-0.702	-0.576	-0.088	-0.098	-0.112	-0.092	-0.107	-0.078	-0.530	-0.542	-0.142	-0.543	-0.544	-0.137	-0.540	-0.106	+0.334	-0.077	-0.094	-0.549	-0.170	-0.150	-0.150	-0.502	-0.446	-0.148	-0.658	-0.661	-0.962	-0.648	-0.661	-0.475	-0.478	-0.387	-0.959	-0.383	-0.667	-0.682	-0.385	-0.379	-0.661	-0.963	-0.389	-0.843	+0.459	-0.958	-0.950	+0.522	-0.761	+0.583	-0.377	-0.950	+0.554	-0.378	-0.250	+0.436	+0.411	-0.270	-0.368	-0.715	-0.371	+0.368	+0.374	+0.380	+0.366	+0.376	+0.360	+0.368	+0.369	+0.379	+0.377	+0.381	+0.450	-0.423	-0.423	-0.362	-0.362	-0.361	-0.361	-0.361	-0.360	-0.359	
rs71446446     -0.757	-0.757	-0.755	-0.798	-0.831	-0.815	-0.830	-0.355	+0.177	-0.558	-0.811	-0.494	-0.478	-0.573	-0.617	-0.158	-0.608	-0.566	-0.561	-0.575	-0.448	-0.463	-0.500	-0.500	-0.515	-0.447	-0.475	-0.326	-0.459	-0.666	-0.666	-0.672	-0.671	-0.669	-0.669	-0.669	-0.672	-0.668	-0.655	-0.659	-0.645	-0.666	+0.205	-0.541	-0.645	-0.646	-0.543	-0.649	-0.511	-0.656	-0.671	-0.675	-0.224	-0.685	-0.757	-0.701	-0.695	-0.697	-0.694	-0.694	-0.694	-0.693	-0.692	-0.700	-0.690	-0.701	-0.698	-0.731	-0.757	-0.698	-0.704	-0.725	-0.704	-0.688	-0.679	-0.670	-0.670	-0.670	-0.668	-0.653	-0.009	-0.556	+0.008	-0.676	-0.018	+0.087	+0.248	+0.303	+0.292	+0.126	+0.391	-0.512	-0.588	-0.587	-0.539	-0.260	-0.593	-0.515	-0.588	-0.588	-0.584	-0.587	-0.580	-0.587	-0.586	-0.591	-0.592	-0.277	-0.419	-0.821	-0.563	-0.433	+0.052	+0.038	+0.023	+0.043	+0.028	+0.062	-0.389	-0.400	-0.001	-0.401	-0.402	+0.004	-0.398	+0.035	+0.483	+0.063	+0.046	-0.407	-0.024	-0.004	-0.004	-0.356	-0.302	-0.003	-0.514	-0.516	-0.805	-0.503	-0.516	-0.334	-0.337	-0.212	-0.802	-0.208	-0.522	-0.537	-0.230	-0.204	-0.516	-0.805	-0.214	-0.697	+0.582	-0.802	-0.795	+0.645	-0.608	+0.706	-0.201	-0.794	+0.676	-0.202	-0.123	+0.560	+0.536	-0.142	-0.193	-0.568	-0.196	+0.494	+0.500	+0.506	+0.492	+0.502	+0.486	+0.494	+0.495	+0.505	+0.502	+0.508	+0.576	-0.248	-0.248	-0.186	-0.185	-0.185	-0.184	-0.184	-0.183	-0.182	
rs35951700     -0.782	-0.782	-0.780	-0.826	-0.857	-0.842	-0.856	-0.395	+0.123	-0.585	-0.838	-0.536	-0.531	-0.595	-0.639	-0.229	-0.630	-0.587	-0.583	-0.597	-0.467	-0.496	-0.559	-0.558	-0.568	-0.475	-0.541	-0.459	-0.354	-0.692	-0.692	-0.698	-0.697	-0.695	-0.695	-0.696	-0.698	-0.694	-0.682	-0.686	-0.672	-0.693	+0.184	-0.568	-0.672	-0.673	-0.571	-0.676	-0.530	-0.683	-0.698	-0.701	-0.253	-0.711	-0.782	-0.727	-0.720	-0.722	-0.719	-0.719	-0.719	-0.718	-0.717	-0.726	-0.715	-0.726	-0.724	-0.757	-0.783	-0.723	-0.729	-0.751	-0.729	-0.713	-0.704	-0.695	-0.695	-0.695	-0.693	-0.677	-0.045	-0.583	-0.021	-0.701	-0.050	+0.054	+0.214	+0.269	+0.259	+0.097	+0.357	-0.538	-0.613	-0.612	-0.564	-0.287	-0.618	-0.540	-0.613	-0.613	-0.609	-0.612	-0.605	-0.612	-0.611	-0.616	-0.617	-0.303	-0.446	-0.846	-0.586	-0.457	+0.029	+0.015	-0.000	+0.020	+0.005	+0.039	-0.413	-0.424	-0.025	-0.425	-0.426	-0.020	-0.422	+0.011	+0.460	+0.039	+0.023	-0.431	-0.051	-0.031	-0.031	-0.382	-0.326	-0.027	-0.537	-0.540	-0.830	-0.527	-0.540	-0.356	-0.360	-0.240	-0.828	-0.236	-0.545	-0.560	-0.256	-0.232	-0.539	-0.831	-0.242	-0.722	+0.561	-0.827	-0.820	+0.624	-0.634	+0.685	-0.229	-0.820	+0.655	-0.230	-0.145	+0.538	+0.515	-0.163	-0.221	-0.592	-0.224	+0.472	+0.479	+0.484	+0.471	+0.480	+0.465	+0.472	+0.474	+0.484	+0.481	+0.486	+0.555	-0.276	-0.276	-0.214	-0.213	-0.213	-0.212	-0.212	-0.211	-0.210	
