## Summary of overall evidence for association with region:
## log10(BF for region) = 5.53847
## p-value for region = NA

## BFs for choosing among multi-SNP models:
## log10(average 1-SNP BF) = 5.53377
## log10(average 2-SNP BF) = 5.54771

## Example posterior probabilities for multi-SNP models, based on default prior: [p(l) propto 0.5^l for l=1,2,...,L]
## posterior probability of 1-SNP = 0.659495
## posterior probability of 2-SNP = 0.340505

## log10(BF) for single SNP and pair of SNPs:
rs77197374     -0.595	-1.002	-0.757	-1.003	-1.007	-0.728	-0.728	-0.777	-0.728	-0.724	-0.715	-0.721	-1.006	-0.727	-0.701	-0.729	-0.973	-1.012	-0.972	-0.971	-0.939	-0.966	-0.940	-1.001	-1.033	-0.925	-1.079	-1.076	-0.720	-1.067	-1.079	-0.521	-0.723	-0.731	-1.060	-1.060	-0.763	-0.771	-0.774	-1.060	-1.061	-1.061	-0.772	-0.765	-0.761	-0.766	-0.704	-0.764	-1.061	-0.710	-0.645	-0.821	-0.776	-0.785	-0.785	-0.785	-0.785	-0.742	-0.809	-0.940	-0.944	-0.221	+0.332	+0.427	-0.303	+0.482	+1.767	+2.959	+0.067	+0.525	+3.243	+0.506	+3.227	+0.505	+0.530	+0.022	+0.505	+0.530	+0.021	+0.490	+0.479	+0.504	+0.510	+0.518	+0.011	+0.010	+3.255	+0.778	-0.002	+0.735	+3.295	+3.300	+3.214	+3.022	+3.273	+0.941	+0.851	+0.824	+0.875	+2.122	+0.832	+3.244	+0.852	+3.375	+0.856	+5.958	+0.906	+5.957	+5.959	+0.862	+0.833	+0.834	+0.834	+3.343	+5.967	+3.350	+2.122	+3.357	+3.360	+5.991	+2.170	+2.547	+4.713	+3.379	+5.204	+3.380	+0.946	+3.380	+0.946	+5.216	+2.210	+5.219	+5.219	+5.220	+5.306	+3.326	+2.607	+3.380	+5.188	+5.189	+5.191	+5.191	+5.205	+5.192	+5.192	+5.194	+3.378	+5.406	+5.201	+5.208	+5.207	+5.217	+5.012	+2.020	+4.995	+5.230	
rs10741113     -1.002	-0.646	-1.033	-0.782	-0.945	-1.000	-1.000	-1.037	-0.993	-0.992	-0.986	-0.987	-0.789	-0.990	-0.969	-1.037	-1.011	-1.060	-1.009	-1.008	-1.033	-1.001	-0.970	-1.041	-1.071	-0.952	-1.130	-1.129	-0.730	-1.118	-1.125	-0.545	-0.771	-0.778	-1.108	-1.108	-0.812	-0.819	-0.823	-1.108	-1.110	-1.109	-0.820	-0.813	-0.809	-0.814	-0.752	-0.812	-1.109	-0.758	-0.694	-0.864	-0.818	-0.827	-0.827	-0.827	-0.828	-0.791	-0.852	-0.985	-0.990	-0.298	+0.291	+0.388	-0.336	+0.466	+1.778	+2.979	+0.041	+0.506	+3.266	+0.487	+3.250	+0.486	+0.511	-0.005	+0.486	+0.511	-0.006	+0.471	+0.459	+0.485	+0.491	+0.499	-0.016	-0.017	+3.278	+0.755	-0.030	+0.712	+3.318	+3.323	+3.236	+3.042	+3.296	+0.919	+0.829	+0.801	+0.853	+2.107	+0.808	+3.266	+0.830	+3.398	+0.834	+6.016	+0.884	+6.016	+6.018	+0.840	+0.811	+0.811	+0.811	+3.366	+6.026	+3.374	+2.107	+3.380	+3.383	+6.051	+2.172	+2.559	+4.752	+3.402	+5.251	+3.403	+0.925	+3.404	+0.925	+5.263	+2.197	+5.266	+5.267	+5.267	+5.355	+3.368	+2.639	+3.403	+5.236	+5.237	+5.239	+5.239	+5.254	+5.240	+5.240	+5.242	+3.402	+5.452	+5.249	+5.256	+5.256	+5.266	+5.059	+1.986	+5.042	+5.273	
rs10829023     -0.757	-1.033	-0.624	-1.033	-0.984	-0.752	-0.753	-0.763	-0.740	-0.735	-0.720	-0.723	-1.031	-0.731	-0.690	-0.921	-0.975	-1.028	-0.972	-0.971	-1.004	-0.964	-0.933	-1.009	-1.046	-0.912	-1.109	-1.108	-0.692	-1.098	-1.104	-0.497	-0.749	-0.757	-1.087	-1.087	-0.790	-0.798	-0.801	-1.087	-1.089	-1.088	-0.798	-0.792	-0.788	-0.792	-0.731	-0.791	-1.088	-0.737	-0.672	-0.842	-0.796	-0.805	-0.805	-0.806	-0.806	-0.770	-0.830	-0.964	-0.969	-0.276	+0.314	+0.410	-0.314	+0.485	+1.798	+3.010	+0.066	+0.525	+3.296	+0.506	+3.280	+0.506	+0.531	+0.019	+0.505	+0.530	+0.019	+0.490	+0.479	+0.504	+0.511	+0.519	+0.008	+0.007	+3.310	+0.774	-0.005	+0.730	+3.350	+3.355	+3.267	+3.074	+3.327	+0.937	+0.847	+0.819	+0.871	+2.123	+0.825	+3.297	+0.848	+3.429	+0.852	+6.024	+0.902	+6.023	+6.025	+0.858	+0.829	+0.829	+0.829	+3.398	+6.033	+3.405	+2.123	+3.412	+3.414	+6.057	+2.192	+2.591	+4.776	+3.434	+5.262	+3.435	+0.943	+3.435	+0.943	+5.274	+2.212	+5.277	+5.278	+5.278	+5.366	+3.383	+2.651	+3.435	+5.246	+5.247	+5.249	+5.249	+5.264	+5.250	+5.250	+5.252	+3.433	+5.465	+5.259	+5.266	+5.266	+5.275	+5.070	+2.007	+5.054	+5.279	
rs10764632     -1.003	-0.782	-1.033	-0.646	-0.946	-1.000	-1.001	-1.037	-0.994	-0.993	-0.987	-0.987	-0.790	-0.990	-0.970	-1.037	-1.011	-1.060	-1.009	-1.008	-1.033	-1.001	-0.970	-1.042	-1.072	-0.952	-1.130	-1.129	-0.731	-1.118	-1.125	-0.546	-0.771	-0.779	-1.108	-1.108	-0.812	-0.819	-0.823	-1.108	-1.110	-1.109	-0.820	-0.814	-0.809	-0.814	-0.752	-0.812	-1.110	-0.758	-0.694	-0.864	-0.818	-0.827	-0.827	-0.827	-0.828	-0.791	-0.852	-0.986	-0.990	-0.298	+0.290	+0.388	-0.336	+0.466	+1.777	+2.979	+0.040	+0.505	+3.265	+0.486	+3.249	+0.486	+0.511	-0.006	+0.485	+0.511	-0.006	+0.470	+0.459	+0.484	+0.491	+0.499	-0.016	-0.018	+3.277	+0.755	-0.030	+0.712	+3.317	+3.322	+3.235	+3.041	+3.295	+0.919	+0.828	+0.801	+0.852	+2.106	+0.807	+3.265	+0.829	+3.397	+0.833	+6.015	+0.884	+6.015	+6.017	+0.839	+0.810	+0.811	+0.811	+3.365	+6.025	+3.373	+2.106	+3.379	+3.382	+6.050	+2.172	+2.558	+4.751	+3.402	+5.250	+3.402	+0.925	+3.403	+0.925	+5.262	+2.196	+5.265	+5.266	+5.266	+5.354	+3.367	+2.638	+3.403	+5.236	+5.236	+5.238	+5.238	+5.253	+5.239	+5.240	+5.241	+3.401	+5.451	+5.248	+5.255	+5.255	+5.265	+5.058	+1.985	+5.041	+5.272	
rs7091260      -1.007	-0.945	-0.984	-0.946	-0.576	-1.006	-1.006	-0.990	-1.003	-1.002	-0.999	-0.999	-0.951	-1.001	-0.987	-0.995	-0.963	-1.001	-0.961	-0.960	-0.965	-0.954	-0.924	-0.984	-1.014	-0.909	-1.064	-1.063	-0.700	-1.049	-1.061	-0.496	-0.704	-0.711	-1.041	-1.041	-0.744	-0.751	-0.755	-1.041	-1.043	-1.042	-0.752	-0.746	-0.741	-0.746	-0.684	-0.744	-1.043	-0.691	-0.625	-0.784	-0.737	-0.746	-0.746	-0.746	-0.747	-0.722	-0.772	-0.912	-0.917	-0.202	+0.371	+0.461	-0.277	+0.514	+1.807	+2.985	+0.102	+0.558	+3.269	+0.539	+3.253	+0.538	+0.563	+0.056	+0.538	+0.563	+0.055	+0.523	+0.512	+0.537	+0.543	+0.551	+0.045	+0.044	+3.282	+0.812	+0.031	+0.768	+3.321	+3.326	+3.240	+3.048	+3.299	+0.975	+0.884	+0.857	+0.908	+2.143	+0.865	+3.270	+0.886	+3.401	+0.890	+5.982	+0.941	+5.981	+5.983	+0.896	+0.867	+0.867	+0.867	+3.369	+5.991	+3.376	+2.142	+3.383	+3.386	+6.015	+2.211	+2.574	+4.739	+3.405	+5.226	+3.405	+0.980	+3.406	+0.980	+5.238	+2.229	+5.241	+5.241	+5.242	+5.328	+3.336	+2.617	+3.405	+5.210	+5.211	+5.212	+5.213	+5.227	+5.214	+5.214	+5.215	+3.404	+5.431	+5.222	+5.229	+5.229	+5.238	+5.034	+2.060	+5.015	+5.249	
rs11597181     -0.728	-1.000	-0.752	-1.000	-1.006	-0.594	-0.726	-0.771	-0.727	-0.723	-0.716	-0.721	-1.004	-0.726	-0.702	-0.722	-0.972	-1.011	-0.971	-0.970	-0.937	-0.965	-0.939	-1.000	-1.032	-0.924	-1.077	-1.075	-0.719	-1.065	-1.077	-0.520	-0.722	-0.729	-1.058	-1.058	-0.762	-0.770	-0.773	-1.058	-1.060	-1.059	-0.770	-0.764	-0.760	-0.764	-0.703	-0.762	-1.059	-0.709	-0.644	-0.819	-0.774	-0.783	-0.783	-0.783	-0.784	-0.741	-0.808	-0.938	-0.943	-0.219	+0.334	+0.428	-0.302	+0.483	+1.768	+2.960	+0.068	+0.526	+3.243	+0.507	+3.228	+0.506	+0.531	+0.023	+0.506	+0.531	+0.022	+0.491	+0.480	+0.505	+0.512	+0.520	+0.012	+0.011	+3.256	+0.780	-0.001	+0.737	+3.295	+3.300	+3.214	+3.022	+3.273	+0.942	+0.852	+0.825	+0.876	+2.123	+0.834	+3.244	+0.854	+3.375	+0.858	+5.958	+0.908	+5.958	+5.960	+0.864	+0.835	+0.835	+0.835	+3.343	+5.968	+3.351	+2.124	+3.357	+3.360	+5.992	+2.171	+2.547	+4.714	+3.379	+5.205	+3.380	+0.948	+3.381	+0.948	+5.217	+2.212	+5.220	+5.220	+5.221	+5.307	+3.327	+2.608	+3.380	+5.189	+5.190	+5.192	+5.192	+5.206	+5.193	+5.193	+5.195	+3.378	+5.407	+5.202	+5.209	+5.208	+5.218	+5.013	+2.021	+4.996	+5.231	
rs10829024     -0.728	-1.000	-0.753	-1.001	-1.006	-0.726	-0.594	-0.773	-0.727	-0.723	-0.715	-0.720	-1.004	-0.725	-0.700	-0.723	-0.972	-1.011	-0.971	-0.970	-0.938	-0.965	-0.939	-1.000	-1.032	-0.924	-1.078	-1.075	-0.719	-1.066	-1.077	-0.521	-0.722	-0.729	-1.059	-1.059	-0.762	-0.770	-0.773	-1.059	-1.060	-1.059	-0.770	-0.764	-0.760	-0.765	-0.703	-0.763	-1.059	-0.709	-0.644	-0.820	-0.775	-0.783	-0.784	-0.784	-0.784	-0.741	-0.808	-0.939	-0.943	-0.219	+0.334	+0.428	-0.302	+0.483	+1.768	+2.960	+0.068	+0.526	+3.244	+0.507	+3.228	+0.506	+0.531	+0.023	+0.506	+0.531	+0.022	+0.491	+0.480	+0.505	+0.512	+0.519	+0.012	+0.011	+3.256	+0.780	-0.001	+0.737	+3.295	+3.301	+3.214	+3.022	+3.273	+0.942	+0.852	+0.825	+0.876	+2.123	+0.834	+3.245	+0.854	+3.375	+0.857	+5.958	+0.908	+5.957	+5.960	+0.863	+0.835	+0.835	+0.835	+3.344	+5.967	+3.351	+2.123	+3.357	+3.360	+5.991	+2.171	+2.547	+4.714	+3.379	+5.205	+3.380	+0.948	+3.381	+0.948	+5.217	+2.211	+5.220	+5.220	+5.221	+5.307	+3.327	+2.608	+3.380	+5.189	+5.190	+5.192	+5.192	+5.206	+5.193	+5.193	+5.195	+3.379	+5.407	+5.201	+5.209	+5.208	+5.218	+5.013	+2.021	+4.996	+5.231	
rs7096433      -0.777	-1.037	-0.763	-1.037	-0.990	-0.771	-0.773	-0.627	-0.760	-0.756	-0.741	-0.744	-1.035	-0.751	-0.712	-0.926	-0.979	-1.032	-0.977	-0.976	-1.006	-0.969	-0.937	-1.013	-1.050	-0.917	-1.112	-1.111	-0.697	-1.101	-1.107	-0.503	-0.752	-0.760	-1.090	-1.090	-0.793	-0.801	-0.804	-1.090	-1.092	-1.091	-0.801	-0.795	-0.791	-0.796	-0.734	-0.794	-1.091	-0.740	-0.675	-0.846	-0.800	-0.809	-0.809	-0.809	-0.809	-0.773	-0.834	-0.968	-0.972	-0.279	+0.309	+0.406	-0.319	+0.480	+1.791	+3.004	+0.061	+0.520	+3.290	+0.501	+3.274	+0.500	+0.526	+0.015	+0.500	+0.525	+0.014	+0.485	+0.474	+0.499	+0.506	+0.514	+0.004	+0.003	+3.303	+0.769	-0.009	+0.725	+3.343	+3.348	+3.261	+3.068	+3.321	+0.932	+0.842	+0.815	+0.866	+2.118	+0.820	+3.290	+0.843	+3.423	+0.847	+6.016	+0.897	+6.015	+6.018	+0.853	+0.824	+0.824	+0.824	+3.391	+6.025	+3.399	+2.118	+3.405	+3.408	+6.049	+2.186	+2.585	+4.768	+3.427	+5.254	+3.428	+0.938	+3.429	+0.938	+5.266	+2.206	+5.269	+5.270	+5.270	+5.358	+3.376	+2.645	+3.428	+5.238	+5.239	+5.241	+5.241	+5.256	+5.242	+5.242	+5.244	+3.427	+5.457	+5.251	+5.258	+5.258	+5.267	+5.062	+2.002	+5.046	+5.271	
rs7096704      -0.728	-0.993	-0.740	-0.994	-1.003	-0.727	-0.727	-0.760	-0.589	-0.724	-0.720	-0.718	-0.998	-0.721	-0.709	-0.705	-0.969	-1.008	-0.968	-0.967	-0.932	-0.962	-0.936	-0.996	-1.029	-0.921	-1.073	-1.071	-0.717	-1.061	-1.073	-0.518	-0.717	-0.725	-1.054	-1.054	-0.758	-0.765	-0.769	-1.054	-1.056	-1.055	-0.766	-0.760	-0.755	-0.760	-0.698	-0.758	-1.055	-0.705	-0.640	-0.816	-0.771	-0.779	-0.779	-0.779	-0.780	-0.737	-0.804	-0.934	-0.939	-0.213	+0.338	+0.432	-0.298	+0.486	+1.771	+2.961	+0.072	+0.529	+3.244	+0.510	+3.229	+0.510	+0.535	+0.026	+0.509	+0.534	+0.026	+0.495	+0.483	+0.508	+0.515	+0.523	+0.015	+0.014	+3.257	+0.784	+0.002	+0.741	+3.296	+3.301	+3.215	+3.024	+3.274	+0.946	+0.856	+0.829	+0.880	+2.127	+0.838	+3.246	+0.857	+3.376	+0.861	+5.961	+0.912	+5.960	+5.963	+0.867	+0.839	+0.839	+0.839	+3.344	+5.970	+3.352	+2.127	+3.358	+3.361	+5.994	+2.175	+2.549	+4.717	+3.380	+5.208	+3.381	+0.951	+3.381	+0.952	+5.220	+2.216	+5.223	+5.223	+5.224	+5.310	+3.330	+2.611	+3.381	+5.192	+5.193	+5.195	+5.195	+5.209	+5.196	+5.196	+5.198	+3.379	+5.410	+5.205	+5.212	+5.211	+5.221	+5.016	+2.026	+4.999	+5.234	
rs7081291      -0.724	-0.992	-0.735	-0.993	-1.002	-0.723	-0.723	-0.756	-0.724	-0.589	-0.717	-0.721	-0.997	-0.724	-0.708	-0.700	-0.968	-1.007	-0.968	-0.967	-0.930	-0.962	-0.936	-0.996	-1.029	-0.921	-1.073	-1.070	-0.717	-1.060	-1.072	-0.517	-0.717	-0.724	-1.054	-1.054	-0.757	-0.765	-0.768	-1.054	-1.055	-1.054	-0.765	-0.759	-0.755	-0.759	-0.698	-0.758	-1.054	-0.704	-0.639	-0.815	-0.770	-0.779	-0.779	-0.779	-0.779	-0.736	-0.803	-0.934	-0.938	-0.212	+0.339	+0.433	-0.297	+0.487	+1.772	+2.961	+0.072	+0.530	+3.245	+0.511	+3.229	+0.511	+0.536	+0.027	+0.510	+0.535	+0.026	+0.496	+0.484	+0.509	+0.516	+0.524	+0.016	+0.015	+3.257	+0.784	+0.003	+0.742	+3.296	+3.302	+3.215	+3.024	+3.274	+0.947	+0.857	+0.830	+0.881	+2.128	+0.838	+3.246	+0.858	+3.376	+0.862	+5.962	+0.913	+5.961	+5.963	+0.868	+0.839	+0.840	+0.840	+3.345	+5.971	+3.352	+2.128	+3.358	+3.361	+5.995	+2.176	+2.549	+4.718	+3.380	+5.209	+3.381	+0.952	+3.382	+0.952	+5.220	+2.216	+5.223	+5.224	+5.224	+5.311	+3.331	+2.611	+3.381	+5.193	+5.194	+5.195	+5.196	+5.210	+5.197	+5.197	+5.198	+3.380	+5.411	+5.205	+5.213	+5.212	+5.222	+5.017	+2.027	+5.000	+5.235	
rs12355051     -0.715	-0.986	-0.720	-0.987	-0.999	-0.716	-0.715	-0.741	-0.720	-0.717	-0.584	-0.719	-0.990	-0.720	-0.712	-0.680	-0.965	-1.003	-0.964	-0.964	-0.924	-0.959	-0.933	-0.992	-1.026	-0.919	-1.068	-1.065	-0.715	-1.056	-1.068	-0.514	-0.712	-0.720	-1.049	-1.049	-0.753	-0.760	-0.764	-1.049	-1.051	-1.050	-0.761	-0.755	-0.750	-0.755	-0.693	-0.753	-1.050	-0.700	-0.634	-0.811	-0.766	-0.775	-0.775	-0.775	-0.775	-0.731	-0.799	-0.929	-0.934	-0.206	+0.343	+0.437	-0.293	+0.491	+1.775	+2.962	+0.076	+0.534	+3.246	+0.515	+3.230	+0.514	+0.539	+0.030	+0.514	+0.539	+0.030	+0.499	+0.488	+0.513	+0.520	+0.527	+0.020	+0.019	+3.258	+0.788	+0.006	+0.745	+3.297	+3.303	+3.216	+3.025	+3.275	+0.951	+0.861	+0.834	+0.885	+2.132	+0.842	+3.247	+0.862	+3.377	+0.866	+5.965	+0.916	+5.964	+5.966	+0.872	+0.843	+0.844	+0.844	+3.346	+5.974	+3.353	+2.132	+3.359	+3.362	+5.998	+2.179	+2.551	+4.721	+3.381	+5.212	+3.382	+0.956	+3.383	+0.956	+5.224	+2.220	+5.227	+5.227	+5.228	+5.314	+3.334	+2.615	+3.382	+5.196	+5.197	+5.199	+5.199	+5.213	+5.200	+5.200	+5.202	+3.381	+5.414	+5.208	+5.216	+5.215	+5.225	+5.020	+2.031	+5.003	+5.238	
rs12354674     -0.721	-0.987	-0.723	-0.987	-0.999	-0.721	-0.720	-0.744	-0.718	-0.721	-0.719	-0.585	-0.991	-0.718	-0.713	-0.684	-0.965	-1.004	-0.965	-0.964	-0.925	-0.959	-0.933	-0.993	-1.026	-0.919	-1.069	-1.066	-0.715	-1.056	-1.069	-0.515	-0.713	-0.721	-1.050	-1.050	-0.753	-0.761	-0.764	-1.050	-1.051	-1.051	-0.762	-0.755	-0.751	-0.756	-0.694	-0.754	-1.051	-0.700	-0.635	-0.811	-0.766	-0.775	-0.775	-0.775	-0.776	-0.732	-0.799	-0.930	-0.934	-0.207	+0.342	+0.437	-0.294	+0.490	+1.774	+2.962	+0.075	+0.533	+3.245	+0.514	+3.230	+0.514	+0.539	+0.030	+0.513	+0.538	+0.029	+0.498	+0.487	+0.512	+0.519	+0.527	+0.019	+0.018	+3.258	+0.788	+0.006	+0.745	+3.297	+3.302	+3.216	+3.025	+3.275	+0.950	+0.860	+0.833	+0.884	+2.131	+0.842	+3.247	+0.861	+3.377	+0.865	+5.964	+0.916	+5.963	+5.966	+0.871	+0.843	+0.843	+0.843	+3.345	+5.974	+3.353	+2.132	+3.359	+3.362	+5.998	+2.178	+2.550	+4.720	+3.381	+5.211	+3.382	+0.956	+3.382	+0.956	+5.223	+2.220	+5.226	+5.227	+5.227	+5.314	+3.333	+2.614	+3.382	+5.196	+5.196	+5.198	+5.198	+5.213	+5.199	+5.200	+5.201	+3.380	+5.414	+5.208	+5.215	+5.215	+5.224	+5.019	+2.030	+5.002	+5.238	
rs10741114     -1.006	-0.789	-1.031	-0.790	-0.951	-1.004	-1.004	-1.035	-0.998	-0.997	-0.990	-0.991	-0.646	-0.994	-0.974	-1.037	-1.012	-1.060	-1.010	-1.009	-1.032	-1.002	-0.971	-1.042	-1.072	-0.953	-1.130	-1.129	-0.732	-1.118	-1.125	-0.547	-0.771	-0.779	-1.108	-1.108	-0.812	-0.820	-0.823	-1.108	-1.110	-1.109	-0.820	-0.814	-0.810	-0.814	-0.753	-0.812	-1.110	-0.759	-0.694	-0.865	-0.819	-0.828	-0.828	-0.828	-0.828	-0.791	-0.853	-0.986	-0.991	-0.297	+0.289	+0.387	-0.338	+0.463	+1.774	+2.975	+0.039	+0.503	+3.262	+0.484	+3.246	+0.483	+0.509	-0.007	+0.483	+0.508	-0.008	+0.468	+0.457	+0.482	+0.489	+0.497	-0.018	-0.019	+3.274	+0.753	-0.031	+0.709	+3.314	+3.319	+3.232	+3.038	+3.292	+0.917	+0.826	+0.799	+0.850	+2.103	+0.805	+3.262	+0.827	+3.394	+0.831	+6.011	+0.881	+6.010	+6.012	+0.837	+0.808	+0.808	+0.808	+3.362	+6.020	+3.370	+2.103	+3.376	+3.379	+6.045	+2.168	+2.555	+4.747	+3.399	+5.246	+3.399	+0.922	+3.400	+0.922	+5.258	+2.193	+5.261	+5.262	+5.262	+5.350	+3.364	+2.635	+3.400	+5.231	+5.232	+5.234	+5.234	+5.249	+5.235	+5.235	+5.237	+3.398	+5.447	+5.244	+5.251	+5.251	+5.260	+5.054	+1.983	+5.037	+5.268	
rs10764633     -0.727	-0.990	-0.731	-0.990	-1.001	-0.726	-0.725	-0.751	-0.721	-0.724	-0.720	-0.718	-0.994	-0.587	-0.712	-0.693	-0.967	-1.005	-0.966	-0.965	-0.928	-0.961	-0.934	-0.994	-1.027	-0.920	-1.071	-1.068	-0.716	-1.058	-1.070	-0.516	-0.715	-0.722	-1.052	-1.052	-0.755	-0.763	-0.766	-1.052	-1.053	-1.052	-0.763	-0.757	-0.753	-0.758	-0.696	-0.756	-1.053	-0.702	-0.637	-0.813	-0.768	-0.777	-0.777	-0.777	-0.777	-0.734	-0.801	-0.932	-0.936	-0.210	+0.340	+0.435	-0.296	+0.489	+1.773	+2.962	+0.074	+0.532	+3.245	+0.513	+3.229	+0.512	+0.537	+0.028	+0.512	+0.537	+0.028	+0.497	+0.485	+0.510	+0.517	+0.525	+0.017	+0.016	+3.257	+0.786	+0.004	+0.743	+3.297	+3.302	+3.215	+3.024	+3.275	+0.948	+0.858	+0.831	+0.882	+2.130	+0.840	+3.246	+0.860	+3.377	+0.864	+5.963	+0.914	+5.962	+5.965	+0.870	+0.841	+0.841	+0.841	+3.345	+5.972	+3.352	+2.130	+3.359	+3.362	+5.996	+2.177	+2.550	+4.719	+3.381	+5.210	+3.381	+0.954	+3.382	+0.954	+5.222	+2.218	+5.225	+5.225	+5.226	+5.312	+3.332	+2.613	+3.382	+5.194	+5.195	+5.197	+5.197	+5.211	+5.198	+5.198	+5.200	+3.380	+5.412	+5.207	+5.214	+5.213	+5.223	+5.018	+2.028	+5.001	+5.236	
rs11015175     -0.701	-0.969	-0.690	-0.970	-0.987	-0.702	-0.700	-0.712	-0.709	-0.708	-0.712	-0.713	-0.974	-0.712	-0.570	-0.600	-0.953	-0.990	-0.952	-0.952	-0.905	-0.947	-0.921	-0.980	-1.014	-0.908	-1.055	-1.051	-0.706	-1.042	-1.054	-0.503	-0.699	-0.706	-1.036	-1.036	-0.739	-0.747	-0.750	-1.036	-1.037	-1.037	-0.747	-0.741	-0.737	-0.742	-0.680	-0.740	-1.037	-0.686	-0.621	-0.798	-0.753	-0.762	-0.762	-0.762	-0.762	-0.718	-0.786	-0.916	-0.921	-0.189	+0.357	+0.451	-0.280	+0.504	+1.787	+2.971	+0.087	+0.547	+3.254	+0.528	+3.239	+0.528	+0.552	+0.042	+0.527	+0.552	+0.042	+0.512	+0.501	+0.526	+0.533	+0.541	+0.031	+0.030	+3.267	+0.802	+0.018	+0.759	+3.306	+3.311	+3.225	+3.034	+3.284	+0.965	+0.875	+0.848	+0.899	+2.147	+0.857	+3.255	+0.876	+3.386	+0.880	+5.978	+0.930	+5.977	+5.979	+0.886	+0.857	+0.858	+0.858	+3.354	+5.987	+3.361	+2.147	+3.368	+3.371	+6.011	+2.192	+2.560	+4.734	+3.390	+5.225	+3.391	+0.970	+3.391	+0.970	+5.237	+2.235	+5.240	+5.241	+5.241	+5.328	+3.346	+2.627	+3.391	+5.210	+5.211	+5.212	+5.213	+5.227	+5.214	+5.214	+5.215	+3.389	+5.428	+5.222	+5.229	+5.229	+5.238	+5.034	+2.046	+5.017	+5.253	
rs7899859      -0.729	-1.037	-0.921	-1.037	-0.995	-0.722	-0.723	-0.926	-0.705	-0.700	-0.680	-0.684	-1.037	-0.693	-0.600	-0.599	-0.945	-0.998	-0.943	-0.942	-0.954	-0.935	-0.905	-0.980	-1.012	-0.884	-1.083	-1.082	-0.667	-1.072	-1.081	-0.501	-0.726	-0.733	-1.063	-1.063	-0.767	-0.774	-0.778	-1.063	-1.065	-1.064	-0.775	-0.768	-0.764	-0.769	-0.707	-0.767	-1.064	-0.713	-0.648	-0.822	-0.776	-0.785	-0.785	-0.786	-0.786	-0.746	-0.810	-0.942	-0.947	-0.245	+0.329	+0.425	-0.302	+0.490	+1.783	+3.009	+0.079	+0.531	+3.296	+0.512	+3.280	+0.512	+0.537	+0.033	+0.511	+0.536	+0.033	+0.496	+0.485	+0.510	+0.517	+0.525	+0.022	+0.021	+3.309	+0.781	+0.009	+0.738	+3.349	+3.354	+3.267	+3.073	+3.326	+0.944	+0.854	+0.826	+0.877	+2.128	+0.833	+3.296	+0.855	+3.429	+0.859	+5.980	+0.909	+5.979	+5.981	+0.865	+0.836	+0.836	+0.836	+3.397	+5.989	+3.404	+2.128	+3.411	+3.413	+6.013	+2.180	+2.591	+4.734	+3.433	+5.222	+3.434	+0.949	+3.434	+0.949	+5.234	+2.216	+5.237	+5.238	+5.238	+5.325	+3.349	+2.628	+3.433	+5.207	+5.208	+5.209	+5.210	+5.224	+5.211	+5.211	+5.212	+3.432	+5.425	+5.219	+5.226	+5.226	+5.236	+5.031	+2.014	+5.012	+5.244	
rs1539407      -0.973	-1.011	-0.975	-1.011	-0.963	-0.972	-0.972	-0.979	-0.969	-0.968	-0.965	-0.965	-1.012	-0.967	-0.953	-0.945	-0.532	-0.766	-0.667	-0.667	-0.435	-0.670	-0.674	-0.795	-0.972	-0.637	-1.013	-1.015	-0.452	-0.994	-1.016	-0.449	-0.662	-0.670	-1.001	-1.001	-0.702	-0.710	-0.714	-1.001	-1.002	-1.001	-0.711	-0.704	-0.700	-0.705	-0.643	-0.703	-1.002	-0.648	-0.585	-0.762	-0.717	-0.726	-0.726	-0.726	-0.726	-0.682	-0.750	-0.881	-0.885	-0.172	+0.360	+0.454	-0.265	+0.514	+1.801	+3.012	+0.106	+0.556	+3.298	+0.537	+3.282	+0.536	+0.561	+0.060	+0.536	+0.561	+0.060	+0.521	+0.510	+0.535	+0.542	+0.549	+0.050	+0.049	+3.309	+0.809	+0.036	+0.766	+3.349	+3.354	+3.267	+3.075	+3.327	+0.970	+0.881	+0.854	+0.905	+2.161	+0.862	+3.298	+0.882	+3.429	+0.886	+5.998	+0.936	+5.997	+6.000	+0.892	+0.863	+0.864	+0.864	+3.397	+6.007	+3.404	+2.161	+3.411	+3.414	+6.031	+2.200	+2.596	+4.756	+3.433	+5.242	+3.434	+0.976	+3.434	+0.976	+5.254	+2.249	+5.257	+5.258	+5.258	+5.345	+3.370	+2.651	+3.434	+5.227	+5.228	+5.229	+5.230	+5.244	+5.231	+5.231	+5.232	+3.432	+5.445	+5.239	+5.246	+5.246	+5.256	+5.051	+2.040	+5.033	+5.267	
rs787016       -1.012	-1.060	-1.028	-1.060	-1.001	-1.011	-1.011	-1.032	-1.008	-1.007	-1.003	-1.004	-1.060	-1.005	-0.990	-0.998	-0.766	-0.577	-0.757	-0.756	-0.711	-0.739	-0.715	-0.737	-1.000	-0.678	-1.052	-1.053	-0.452	-1.044	-1.059	-0.488	-0.705	-0.712	-1.042	-1.042	-0.745	-0.753	-0.756	-1.042	-1.044	-1.043	-0.753	-0.747	-0.743	-0.747	-0.686	-0.746	-1.043	-0.691	-0.628	-0.804	-0.758	-0.767	-0.767	-0.767	-0.767	-0.725	-0.791	-0.922	-0.927	-0.219	+0.336	+0.432	-0.293	+0.494	+1.786	+3.005	+0.082	+0.535	+3.291	+0.516	+3.275	+0.516	+0.541	+0.036	+0.515	+0.540	+0.036	+0.501	+0.489	+0.514	+0.521	+0.529	+0.026	+0.025	+3.302	+0.787	+0.012	+0.744	+3.342	+3.347	+3.260	+3.067	+3.320	+0.949	+0.859	+0.832	+0.883	+2.136	+0.840	+3.290	+0.861	+3.422	+0.864	+5.982	+0.915	+5.981	+5.983	+0.871	+0.842	+0.842	+0.842	+3.390	+5.991	+3.397	+2.135	+3.404	+3.407	+6.015	+2.183	+2.585	+4.735	+3.426	+5.224	+3.427	+0.955	+3.427	+0.955	+5.236	+2.224	+5.239	+5.240	+5.240	+5.327	+3.348	+2.628	+3.426	+5.209	+5.210	+5.211	+5.212	+5.226	+5.213	+5.213	+5.214	+3.425	+5.427	+5.221	+5.229	+5.228	+5.238	+5.033	+2.020	+5.015	+5.247	
rs17669071     -0.972	-1.009	-0.972	-1.009	-0.961	-0.971	-0.971	-0.977	-0.968	-0.968	-0.964	-0.965	-1.010	-0.966	-0.952	-0.943	-0.667	-0.757	-0.530	-0.656	-0.390	-0.664	-0.675	-0.791	-0.972	-0.640	-1.011	-1.013	-0.459	-0.991	-1.014	-0.446	-0.660	-0.668	-0.999	-0.999	-0.700	-0.708	-0.711	-0.999	-1.000	-0.999	-0.708	-0.702	-0.698	-0.703	-0.641	-0.701	-1.000	-0.646	-0.583	-0.760	-0.715	-0.724	-0.724	-0.724	-0.724	-0.680	-0.748	-0.879	-0.883	-0.169	+0.359	+0.453	-0.265	+0.513	+1.798	+3.008	+0.105	+0.554	+3.293	+0.535	+3.277	+0.535	+0.560	+0.059	+0.535	+0.560	+0.059	+0.520	+0.509	+0.533	+0.540	+0.548	+0.049	+0.048	+3.304	+0.808	+0.036	+0.765	+3.344	+3.349	+3.262	+3.070	+3.322	+0.969	+0.880	+0.853	+0.904	+2.161	+0.861	+3.293	+0.881	+3.424	+0.885	+5.995	+0.935	+5.994	+5.997	+0.891	+0.862	+0.863	+0.863	+3.392	+6.004	+3.400	+2.161	+3.406	+3.409	+6.028	+2.198	+2.593	+4.754	+3.428	+5.240	+3.429	+0.975	+3.429	+0.975	+5.252	+2.249	+5.255	+5.255	+5.256	+5.342	+3.369	+2.649	+3.429	+5.224	+5.225	+5.227	+5.227	+5.241	+5.228	+5.228	+5.230	+3.427	+5.443	+5.237	+5.244	+5.243	+5.253	+5.049	+2.038	+5.030	+5.265	
rs11814809     -0.971	-1.008	-0.971	-1.008	-0.960	-0.970	-0.970	-0.976	-0.967	-0.967	-0.964	-0.964	-1.009	-0.965	-0.952	-0.942	-0.667	-0.756	-0.656	-0.529	-0.384	-0.664	-0.676	-0.790	-0.971	-0.641	-1.010	-1.012	-0.461	-0.990	-1.013	-0.445	-0.659	-0.667	-0.998	-0.998	-0.699	-0.707	-0.710	-0.998	-0.999	-0.998	-0.708	-0.701	-0.697	-0.702	-0.640	-0.700	-0.999	-0.645	-0.582	-0.759	-0.714	-0.723	-0.723	-0.723	-0.723	-0.679	-0.747	-0.878	-0.882	-0.168	+0.360	+0.454	-0.264	+0.513	+1.798	+3.007	+0.105	+0.555	+3.292	+0.536	+3.277	+0.535	+0.560	+0.060	+0.535	+0.560	+0.059	+0.520	+0.509	+0.534	+0.541	+0.548	+0.049	+0.048	+3.304	+0.808	+0.036	+0.765	+3.344	+3.349	+3.262	+3.070	+3.322	+0.970	+0.880	+0.853	+0.904	+2.161	+0.861	+3.292	+0.882	+3.424	+0.885	+5.995	+0.935	+5.994	+5.997	+0.891	+0.863	+0.863	+0.863	+3.392	+6.004	+3.399	+2.161	+3.406	+3.408	+6.028	+2.198	+2.592	+4.755	+3.428	+5.240	+3.428	+0.975	+3.429	+0.975	+5.252	+2.249	+5.255	+5.255	+5.256	+5.342	+3.369	+2.650	+3.428	+5.224	+5.225	+5.227	+5.227	+5.242	+5.228	+5.228	+5.230	+3.427	+5.443	+5.237	+5.244	+5.243	+5.253	+5.049	+2.038	+5.031	+5.265	
rs11815280     -0.939	-1.033	-1.004	-1.033	-0.965	-0.937	-0.938	-1.006	-0.932	-0.930	-0.924	-0.925	-1.032	-0.928	-0.905	-0.954	-0.435	-0.711	-0.390	-0.384	-0.544	-0.356	-0.355	-0.665	-0.932	-0.234	-1.027	-1.024	-0.116	-1.021	-1.028	-0.453	-0.675	-0.683	-1.011	-1.011	-0.716	-0.724	-0.727	-1.011	-1.012	-1.012	-0.724	-0.718	-0.714	-0.718	-0.657	-0.717	-1.012	-0.663	-0.598	-0.769	-0.723	-0.732	-0.732	-0.733	-0.733	-0.695	-0.757	-0.890	-0.895	-0.206	+0.434	+0.533	-0.218	+0.612	+1.950	+3.254	+0.195	+0.653	+3.553	+0.633	+3.535	+0.633	+0.658	+0.148	+0.632	+0.658	+0.148	+0.617	+0.605	+0.631	+0.638	+0.646	+0.137	+0.136	+3.561	+0.893	+0.123	+0.849	+3.602	+3.608	+3.517	+3.316	+3.579	+1.060	+0.967	+0.939	+0.992	+2.222	+0.943	+3.547	+0.969	+3.685	+0.973	+6.123	+1.024	+6.122	+6.124	+0.979	+0.949	+0.950	+0.950	+3.652	+6.132	+3.659	+2.222	+3.666	+3.669	+6.156	+2.330	+2.812	+4.867	+3.689	+5.357	+3.689	+1.065	+3.690	+1.065	+5.369	+2.311	+5.372	+5.373	+5.373	+5.461	+3.455	+2.730	+3.689	+5.342	+5.343	+5.345	+5.345	+5.359	+5.346	+5.346	+5.348	+3.687	+5.557	+5.354	+5.362	+5.361	+5.371	+5.163	+2.140	+5.146	+5.364	
rs74128368     -0.966	-1.001	-0.964	-1.001	-0.954	-0.965	-0.965	-0.969	-0.962	-0.962	-0.959	-0.959	-1.002	-0.961	-0.947	-0.935	-0.670	-0.739	-0.664	-0.664	-0.356	-0.522	-0.672	-0.778	-0.966	-0.641	-1.003	-1.005	-0.471	-0.981	-1.006	-0.439	-0.652	-0.659	-0.991	-0.991	-0.692	-0.700	-0.703	-0.991	-0.993	-0.992	-0.700	-0.694	-0.690	-0.694	-0.633	-0.693	-0.992	-0.638	-0.575	-0.753	-0.708	-0.717	-0.717	-0.717	-0.717	-0.672	-0.741	-0.871	-0.876	-0.161	+0.362	+0.456	-0.261	+0.514	+1.796	+3.004	+0.107	+0.555	+3.288	+0.537	+3.272	+0.536	+0.561	+0.062	+0.536	+0.561	+0.062	+0.521	+0.510	+0.535	+0.541	+0.549	+0.052	+0.050	+3.300	+0.810	+0.038	+0.767	+3.340	+3.345	+3.258	+3.066	+3.318	+0.971	+0.882	+0.855	+0.905	+2.164	+0.863	+3.289	+0.883	+3.420	+0.887	+5.994	+0.937	+5.993	+5.995	+0.893	+0.864	+0.865	+0.865	+3.388	+6.003	+3.395	+2.163	+3.402	+3.404	+6.027	+2.197	+2.590	+4.754	+3.424	+5.239	+3.424	+0.977	+3.425	+0.977	+5.250	+2.251	+5.253	+5.254	+5.254	+5.341	+3.369	+2.650	+3.424	+5.223	+5.224	+5.226	+5.226	+5.240	+5.227	+5.227	+5.229	+3.423	+5.442	+5.235	+5.243	+5.242	+5.252	+5.047	+2.039	+5.029	+5.265	
rs7897115      -0.940	-0.970	-0.933	-0.970	-0.924	-0.939	-0.939	-0.937	-0.936	-0.936	-0.933	-0.933	-0.971	-0.934	-0.921	-0.905	-0.674	-0.715	-0.675	-0.676	-0.355	-0.672	-0.489	-0.732	-0.942	-0.630	-0.970	-0.974	-0.490	-0.949	-0.975	-0.404	-0.620	-0.627	-0.960	-0.960	-0.660	-0.668	-0.671	-0.960	-0.962	-0.961	-0.668	-0.662	-0.657	-0.662	-0.600	-0.660	-0.961	-0.605	-0.543	-0.722	-0.677	-0.686	-0.686	-0.686	-0.686	-0.640	-0.710	-0.840	-0.845	-0.121	+0.385	+0.478	-0.238	+0.534	+1.810	+3.011	+0.128	+0.576	+3.295	+0.557	+3.279	+0.557	+0.582	+0.083	+0.557	+0.581	+0.082	+0.542	+0.531	+0.556	+0.562	+0.570	+0.072	+0.071	+3.308	+0.833	+0.059	+0.790	+3.347	+3.352	+3.266	+3.074	+3.325	+0.994	+0.905	+0.878	+0.929	+2.192	+0.887	+3.296	+0.906	+3.427	+0.910	+6.013	+0.960	+6.012	+6.014	+0.916	+0.887	+0.888	+0.888	+3.395	+6.022	+3.403	+2.191	+3.409	+3.412	+6.046	+2.215	+2.601	+4.780	+3.431	+5.259	+3.432	+1.000	+3.432	+1.000	+5.271	+2.279	+5.274	+5.275	+5.275	+5.362	+3.394	+2.676	+3.432	+5.244	+5.244	+5.246	+5.246	+5.261	+5.247	+5.247	+5.249	+3.430	+5.462	+5.256	+5.263	+5.262	+5.272	+5.068	+2.061	+5.050	+5.289	
rs4749165      -1.001	-1.041	-1.009	-1.042	-0.984	-1.000	-1.000	-1.013	-0.996	-0.996	-0.992	-0.993	-1.042	-0.994	-0.980	-0.980	-0.795	-0.737	-0.791	-0.790	-0.665	-0.778	-0.732	-0.558	-0.992	-0.701	-1.031	-1.034	-0.496	-1.024	-1.042	-0.466	-0.686	-0.694	-1.025	-1.025	-0.727	-0.734	-0.738	-1.025	-1.026	-1.025	-0.735	-0.729	-0.724	-0.729	-0.668	-0.727	-1.025	-0.673	-0.610	-0.786	-0.741	-0.750	-0.750	-0.750	-0.750	-0.708	-0.774	-0.905	-0.909	-0.192	+0.344	+0.440	-0.284	+0.497	+1.780	+2.987	+0.086	+0.539	+3.271	+0.521	+3.256	+0.520	+0.545	+0.040	+0.520	+0.545	+0.040	+0.505	+0.494	+0.519	+0.525	+0.533	+0.030	+0.029	+3.283	+0.795	+0.016	+0.752	+3.323	+3.328	+3.241	+3.049	+3.301	+0.956	+0.867	+0.840	+0.891	+2.150	+0.848	+3.272	+0.868	+3.403	+0.872	+5.980	+0.922	+5.980	+5.982	+0.878	+0.849	+0.850	+0.850	+3.371	+5.990	+3.378	+2.149	+3.385	+3.388	+6.014	+2.182	+2.572	+4.742	+3.407	+5.225	+3.408	+0.962	+3.408	+0.962	+5.237	+2.237	+5.240	+5.241	+5.241	+5.328	+3.353	+2.634	+3.408	+5.210	+5.211	+5.212	+5.212	+5.227	+5.213	+5.214	+5.215	+3.406	+5.428	+5.222	+5.229	+5.229	+5.238	+5.034	+2.026	+5.016	+5.253	
rs6482566      -1.033	-1.071	-1.046	-1.072	-1.014	-1.032	-1.032	-1.050	-1.029	-1.029	-1.026	-1.026	-1.072	-1.027	-1.014	-1.012	-0.972	-1.000	-0.972	-0.971	-0.932	-0.966	-0.942	-0.992	-0.591	-0.929	-0.961	-0.938	-0.732	-1.068	-1.075	-0.508	-0.727	-0.734	-1.054	-1.054	-0.767	-0.775	-0.778	-1.054	-1.054	-1.054	-0.775	-0.769	-0.765	-0.770	-0.709	-0.768	-1.051	-0.715	-0.651	-0.832	-0.789	-0.797	-0.797	-0.797	-0.798	-0.747	-0.820	-0.942	-0.946	-0.200	+0.335	+0.430	-0.291	+0.484	+1.779	+2.932	+0.080	+0.530	+3.215	+0.511	+3.199	+0.510	+0.535	+0.034	+0.510	+0.535	+0.034	+0.495	+0.484	+0.509	+0.516	+0.523	+0.023	+0.022	+3.228	+0.788	+0.010	+0.745	+3.267	+3.272	+3.186	+2.995	+3.245	+0.950	+0.860	+0.833	+0.884	+2.101	+0.842	+3.216	+0.862	+3.347	+0.865	+5.935	+0.916	+5.934	+5.936	+0.872	+0.843	+0.843	+0.843	+3.315	+5.944	+3.323	+2.101	+3.329	+3.332	+5.968	+2.190	+2.522	+4.697	+3.351	+5.183	+3.352	+0.955	+3.352	+0.955	+5.194	+2.188	+5.197	+5.198	+5.198	+5.285	+3.309	+2.591	+3.352	+5.167	+5.167	+5.169	+5.169	+5.184	+5.170	+5.170	+5.172	+3.350	+5.382	+5.179	+5.186	+5.185	+5.195	+4.992	+2.034	+4.974	+5.207	
rs16927137     -0.925	-0.952	-0.912	-0.952	-0.909	-0.924	-0.924	-0.917	-0.921	-0.921	-0.919	-0.919	-0.953	-0.920	-0.908	-0.884	-0.637	-0.678	-0.640	-0.641	-0.234	-0.641	-0.630	-0.701	-0.929	-0.472	-0.952	-0.957	-0.499	-0.931	-0.959	-0.386	-0.604	-0.611	-0.944	-0.944	-0.644	-0.652	-0.655	-0.944	-0.946	-0.945	-0.652	-0.646	-0.641	-0.646	-0.584	-0.644	-0.945	-0.589	-0.527	-0.706	-0.661	-0.670	-0.670	-0.670	-0.670	-0.624	-0.694	-0.824	-0.829	-0.100	+0.393	+0.486	-0.229	+0.539	+1.810	+3.008	+0.134	+0.581	+3.291	+0.563	+3.276	+0.562	+0.587	+0.089	+0.562	+0.587	+0.088	+0.547	+0.536	+0.561	+0.568	+0.575	+0.078	+0.077	+3.305	+0.839	+0.065	+0.797	+3.344	+3.349	+3.263	+3.071	+3.322	+1.000	+0.911	+0.884	+0.935	+2.205	+0.894	+3.293	+0.912	+3.423	+0.916	+6.019	+0.966	+6.018	+6.020	+0.922	+0.894	+0.894	+0.894	+3.392	+6.028	+3.399	+2.204	+3.406	+3.408	+6.052	+2.217	+2.601	+4.790	+3.428	+5.266	+3.428	+1.006	+3.429	+1.006	+5.278	+2.292	+5.281	+5.282	+5.282	+5.369	+3.406	+2.688	+3.429	+5.251	+5.251	+5.253	+5.253	+5.268	+5.254	+5.255	+5.256	+3.427	+5.469	+5.263	+5.270	+5.270	+5.279	+5.076	+2.066	+5.058	+5.298	
rs1815724      -1.079	-1.130	-1.109	-1.130	-1.064	-1.077	-1.078	-1.112	-1.073	-1.073	-1.068	-1.069	-1.130	-1.071	-1.055	-1.083	-1.013	-1.052	-1.011	-1.010	-1.027	-1.003	-0.970	-1.031	-0.961	-0.952	-0.644	-0.816	-0.711	-1.114	-1.125	-0.552	-0.770	-0.777	-1.104	-1.104	-0.810	-0.818	-0.821	-1.104	-1.105	-1.105	-0.818	-0.812	-0.808	-0.813	-0.751	-0.811	-1.105	-0.757	-0.693	-0.860	-0.814	-0.823	-0.823	-0.823	-0.823	-0.790	-0.848	-0.982	-0.987	-0.292	+0.288	+0.383	-0.342	+0.446	+1.746	+2.938	+0.035	+0.488	+3.224	+0.469	+3.208	+0.469	+0.494	-0.011	+0.468	+0.493	-0.011	+0.454	+0.442	+0.467	+0.474	+0.482	-0.021	-0.023	+3.236	+0.738	-0.035	+0.695	+3.276	+3.281	+3.194	+3.001	+3.254	+0.901	+0.811	+0.784	+0.835	+2.085	+0.791	+3.225	+0.812	+3.356	+0.816	+5.928	+0.867	+5.927	+5.929	+0.822	+0.793	+0.794	+0.794	+3.324	+5.937	+3.331	+2.085	+3.338	+3.341	+5.961	+2.144	+2.525	+4.683	+3.360	+5.171	+3.361	+0.906	+3.361	+0.906	+5.183	+2.174	+5.186	+5.186	+5.187	+5.273	+3.297	+2.576	+3.361	+5.155	+5.156	+5.158	+5.158	+5.172	+5.159	+5.159	+5.161	+3.359	+5.375	+5.168	+5.175	+5.174	+5.184	+4.979	+1.977	+4.961	+5.193	
rs4749167      -1.076	-1.129	-1.108	-1.129	-1.063	-1.075	-1.075	-1.111	-1.071	-1.070	-1.065	-1.066	-1.129	-1.068	-1.051	-1.082	-1.015	-1.053	-1.013	-1.012	-1.024	-1.005	-0.974	-1.034	-0.938	-0.957	-0.816	-0.643	-0.723	-1.112	-1.124	-0.548	-0.768	-0.776	-1.102	-1.102	-0.808	-0.816	-0.819	-1.102	-1.104	-1.103	-0.816	-0.810	-0.806	-0.811	-0.749	-0.809	-1.104	-0.755	-0.691	-0.855	-0.808	-0.817	-0.817	-0.817	-0.818	-0.788	-0.842	-0.979	-0.983	-0.295	+0.284	+0.379	-0.346	+0.443	+1.738	+2.944	+0.031	+0.484	+3.230	+0.465	+3.214	+0.465	+0.490	-0.015	+0.465	+0.490	-0.015	+0.450	+0.438	+0.463	+0.470	+0.478	-0.025	-0.027	+3.243	+0.735	-0.039	+0.692	+3.283	+3.288	+3.201	+3.008	+3.260	+0.897	+0.807	+0.780	+0.831	+2.093	+0.787	+3.232	+0.809	+3.363	+0.813	+5.932	+0.863	+5.931	+5.933	+0.819	+0.790	+0.790	+0.790	+3.331	+5.941	+3.338	+2.092	+3.345	+3.348	+5.965	+2.136	+2.530	+4.687	+3.367	+5.174	+3.368	+0.903	+3.368	+0.903	+5.186	+2.181	+5.189	+5.190	+5.190	+5.277	+3.301	+2.580	+3.368	+5.159	+5.159	+5.161	+5.161	+5.176	+5.162	+5.163	+5.164	+3.366	+5.379	+5.171	+5.178	+5.178	+5.187	+4.982	+1.970	+4.964	+5.195	
rs72788603     -0.720	-0.730	-0.692	-0.731	-0.700	-0.719	-0.719	-0.697	-0.717	-0.717	-0.715	-0.715	-0.732	-0.716	-0.706	-0.667	-0.452	-0.452	-0.459	-0.461	-0.116	-0.471	-0.490	-0.496	-0.732	-0.499	-0.711	-0.723	-0.240	-0.715	-0.747	-0.157	-0.403	-0.411	-0.730	-0.730	-0.442	-0.450	-0.453	-0.730	-0.732	-0.731	-0.450	-0.444	-0.440	-0.444	-0.385	-0.442	-0.731	-0.388	-0.329	-0.482	-0.436	-0.445	-0.445	-0.445	-0.445	-0.423	-0.470	-0.606	-0.610	+0.120	+0.578	+0.670	-0.048	+0.717	+1.962	+3.187	+0.326	+0.760	+3.471	+0.742	+3.455	+0.742	+0.766	+0.282	+0.741	+0.766	+0.281	+0.727	+0.716	+0.740	+0.747	+0.755	+0.271	+0.270	+3.489	+1.031	+0.259	+0.989	+3.527	+3.532	+3.447	+3.254	+3.505	+1.191	+1.103	+1.076	+1.126	+2.423	+1.087	+3.478	+1.104	+3.606	+1.108	+6.199	+1.158	+6.198	+6.200	+1.114	+1.085	+1.086	+1.086	+3.575	+6.208	+3.583	+2.420	+3.589	+3.592	+6.232	+2.386	+2.796	+4.989	+3.611	+5.449	+3.612	+1.198	+3.612	+1.198	+5.461	+2.509	+5.464	+5.464	+5.464	+5.551	+3.598	+2.879	+3.612	+5.433	+5.433	+5.435	+5.435	+5.450	+5.436	+5.437	+5.438	+3.611	+5.654	+5.445	+5.452	+5.452	+5.461	+5.259	+2.245	+5.241	+5.467	
rs7078123      -1.067	-1.118	-1.098	-1.118	-1.049	-1.065	-1.066	-1.101	-1.061	-1.060	-1.056	-1.056	-1.118	-1.058	-1.042	-1.072	-0.994	-1.044	-0.991	-0.990	-1.021	-0.981	-0.949	-1.024	-1.068	-0.931	-1.114	-1.112	-0.715	-0.633	-0.996	-0.462	-0.759	-0.767	-1.095	-1.095	-0.799	-0.807	-0.810	-1.095	-1.097	-1.096	-0.808	-0.801	-0.797	-0.802	-0.741	-0.800	-1.096	-0.746	-0.682	-0.851	-0.805	-0.814	-0.814	-0.814	-0.815	-0.780	-0.839	-0.973	-0.978	-0.287	+0.405	+0.509	-0.266	+0.576	+1.836	+2.964	+0.072	+0.616	+3.254	+0.596	+3.237	+0.595	+0.622	+0.025	+0.595	+0.621	+0.024	+0.579	+0.567	+0.594	+0.600	+0.609	+0.014	+0.013	+3.267	+0.870	+0.001	+0.824	+3.307	+3.312	+3.224	+3.028	+3.284	+1.040	+0.946	+0.917	+0.971	+2.117	+0.931	+3.256	+0.947	+3.388	+0.951	+5.927	+1.003	+5.926	+5.929	+0.958	+0.927	+0.928	+0.928	+3.356	+5.936	+3.363	+2.117	+3.370	+3.372	+5.960	+2.231	+2.542	+4.682	+3.392	+5.170	+3.392	+1.045	+3.393	+1.045	+5.182	+2.206	+5.185	+5.186	+5.186	+5.273	+3.308	+2.591	+3.392	+5.155	+5.156	+5.157	+5.158	+5.172	+5.159	+5.159	+5.160	+3.391	+5.374	+5.167	+5.175	+5.174	+5.184	+4.979	+2.051	+4.961	+5.194	
rs4747572      -1.079	-1.125	-1.104	-1.125	-1.061	-1.077	-1.077	-1.107	-1.073	-1.072	-1.068	-1.069	-1.125	-1.070	-1.054	-1.081	-1.016	-1.059	-1.014	-1.013	-1.028	-1.006	-0.975	-1.042	-1.075	-0.959	-1.125	-1.124	-0.747	-0.996	-0.641	-0.455	-0.766	-0.773	-1.096	-1.096	-0.806	-0.814	-0.817	-1.096	-1.098	-1.097	-0.814	-0.808	-0.804	-0.809	-0.746	-0.807	-1.098	-0.752	-0.687	-0.856	-0.810	-0.819	-0.819	-0.819	-0.820	-0.785	-0.844	-0.978	-0.983	-0.291	+0.334	+0.435	-0.299	+0.529	+1.792	+3.053	+0.047	+0.570	+3.342	+0.549	+3.327	+0.549	+0.575	+0.000	+0.548	+0.575	-0.000	+0.533	+0.521	+0.547	+0.554	+0.563	-0.010	-0.011	+3.354	+0.823	-0.024	+0.778	+3.395	+3.400	+3.311	+3.116	+3.371	+0.993	+0.899	+0.870	+0.924	+2.089	+0.882	+3.343	+0.900	+3.477	+0.904	+5.956	+0.958	+5.955	+5.958	+0.911	+0.880	+0.881	+0.881	+3.445	+5.966	+3.452	+2.088	+3.459	+3.462	+5.990	+2.188	+2.620	+4.718	+3.482	+5.198	+3.483	+0.998	+3.483	+0.998	+5.210	+2.177	+5.213	+5.214	+5.214	+5.301	+3.298	+2.578	+3.483	+5.183	+5.184	+5.186	+5.186	+5.200	+5.187	+5.187	+5.189	+3.481	+5.409	+5.195	+5.203	+5.202	+5.212	+5.008	+1.989	+4.986	+5.218	
rs112827465    -0.521	-0.545	-0.497	-0.546	-0.496	-0.520	-0.521	-0.503	-0.518	-0.517	-0.514	-0.515	-0.547	-0.516	-0.503	-0.501	-0.449	-0.488	-0.446	-0.445	-0.453	-0.439	-0.404	-0.466	-0.508	-0.386	-0.552	-0.548	-0.157	-0.462	-0.455	-0.018	-0.250	-0.257	-0.281	-0.280	-0.284	-0.290	-0.294	-0.279	-0.307	-0.290	-0.291	-0.285	-0.282	-0.286	-0.231	-0.284	-0.341	-0.231	-0.177	-0.345	-0.308	-0.316	-0.316	-0.316	-0.316	-0.261	-0.336	-0.432	-0.435	+0.153	+0.982	+1.063	+0.308	+1.085	+2.319	+4.055	+0.862	+1.132	+4.356	+1.112	+4.339	+1.111	+1.137	+0.808	+1.111	+1.137	+0.807	+1.095	+1.084	+1.110	+1.117	+1.125	+0.796	+0.794	+4.366	+1.402	+0.781	+1.357	+4.407	+4.413	+4.319	+4.116	+4.381	+1.571	+1.477	+1.449	+1.502	+2.621	+1.452	+4.353	+1.478	+4.493	+1.482	+6.273	+1.534	+6.272	+6.275	+1.489	+1.459	+1.459	+1.459	+4.459	+6.282	+4.467	+2.623	+4.475	+4.478	+6.306	+2.734	+3.604	+5.052	+4.499	+5.538	+4.500	+1.577	+4.501	+1.577	+5.550	+2.711	+5.553	+5.553	+5.554	+5.639	+3.540	+2.846	+4.501	+5.524	+5.525	+5.526	+5.526	+5.540	+5.527	+5.528	+5.529	+4.499	+5.769	+5.536	+5.543	+5.543	+5.552	+5.352	+2.625	+5.335	+5.553	
rs10829053     -0.723	-0.771	-0.749	-0.771	-0.704	-0.722	-0.722	-0.752	-0.717	-0.717	-0.712	-0.713	-0.771	-0.715	-0.699	-0.726	-0.662	-0.705	-0.660	-0.659	-0.675	-0.652	-0.620	-0.686	-0.727	-0.604	-0.770	-0.768	-0.403	-0.759	-0.766	-0.250	-0.254	-0.358	-0.720	-0.720	-0.382	-0.380	-0.381	-0.720	-0.727	-0.723	-0.381	-0.382	-0.382	-0.383	-0.374	-0.383	-0.734	-0.386	-0.350	-0.451	-0.399	-0.410	-0.410	-0.410	-0.411	-0.425	-0.439	-0.600	-0.605	+0.004	+1.097	+1.148	+0.146	+1.049	+2.013	+3.537	+0.383	+1.091	+3.817	+1.070	+3.805	+1.070	+1.098	+0.335	+1.069	+1.097	+0.335	+1.053	+1.041	+1.068	+1.075	+1.085	+0.324	+0.323	+3.831	+1.384	+0.311	+1.335	+3.872	+3.877	+3.787	+3.597	+3.848	+1.563	+1.463	+1.433	+1.489	+3.214	+1.443	+3.816	+1.464	+3.954	+1.468	+6.265	+1.526	+6.264	+6.266	+1.475	+1.443	+1.444	+1.444	+3.921	+6.274	+3.929	+3.217	+3.935	+3.938	+6.298	+2.419	+3.138	+5.054	+3.958	+5.539	+3.958	+1.565	+3.959	+1.565	+5.550	+3.309	+5.553	+5.554	+5.554	+5.640	+3.662	+2.932	+3.958	+5.523	+5.523	+5.525	+5.525	+5.539	+5.526	+5.527	+5.528	+3.957	+5.746	+5.535	+5.542	+5.542	+5.551	+5.345	+2.360	+5.327	+5.518	
rs7090448      -0.731	-0.778	-0.757	-0.779	-0.711	-0.729	-0.729	-0.760	-0.725	-0.724	-0.720	-0.721	-0.779	-0.722	-0.706	-0.733	-0.670	-0.712	-0.668	-0.667	-0.683	-0.659	-0.627	-0.694	-0.734	-0.611	-0.777	-0.776	-0.411	-0.767	-0.773	-0.257	-0.358	-0.262	-0.729	-0.728	-0.389	-0.387	-0.389	-0.728	-0.735	-0.731	-0.389	-0.388	-0.388	-0.390	-0.376	-0.390	-0.742	-0.389	-0.351	-0.459	-0.408	-0.418	-0.418	-0.419	-0.419	-0.430	-0.447	-0.608	-0.613	-0.003	+1.083	+1.134	+0.137	+1.038	+2.006	+3.526	+0.376	+1.079	+3.806	+1.059	+3.794	+1.058	+1.086	+0.328	+1.058	+1.086	+0.327	+1.042	+1.029	+1.057	+1.064	+1.073	+0.317	+0.316	+3.820	+1.372	+0.304	+1.323	+3.861	+3.866	+3.776	+3.586	+3.838	+1.551	+1.451	+1.421	+1.477	+3.196	+1.431	+3.805	+1.452	+3.943	+1.456	+6.256	+1.514	+6.255	+6.258	+1.463	+1.431	+1.432	+1.432	+3.910	+6.265	+3.918	+3.199	+3.924	+3.927	+6.289	+2.413	+3.127	+5.045	+3.947	+5.529	+3.948	+1.552	+3.948	+1.552	+5.541	+3.291	+5.544	+5.545	+5.545	+5.631	+3.653	+2.923	+3.947	+5.513	+5.514	+5.516	+5.516	+5.530	+5.517	+5.517	+5.519	+3.946	+5.737	+5.526	+5.533	+5.532	+5.542	+5.336	+2.351	+5.318	+5.510	
rs1780183      -1.060	-1.108	-1.087	-1.108	-1.041	-1.058	-1.059	-1.090	-1.054	-1.054	-1.049	-1.050	-1.108	-1.052	-1.036	-1.063	-1.001	-1.042	-0.999	-0.998	-1.011	-0.991	-0.960	-1.025	-1.054	-0.944	-1.104	-1.102	-0.730	-1.095	-1.096	-0.281	-0.720	-0.729	-0.621	-0.755	-0.764	-0.772	-0.776	-0.755	-0.754	-0.759	-0.773	-0.766	-0.762	-0.767	-0.702	-0.765	-0.722	-0.711	-0.641	-0.843	-0.798	-0.807	-0.807	-0.807	-0.807	-0.745	-0.831	-0.963	-0.967	-0.175	+0.322	+0.417	-0.321	+0.471	+1.755	+3.045	+0.079	+0.511	+3.337	+0.492	+3.320	+0.491	+0.516	+0.031	+0.491	+0.516	+0.031	+0.476	+0.465	+0.490	+0.496	+0.505	+0.020	+0.019	+3.348	+0.766	+0.007	+0.723	+3.389	+3.394	+3.305	+3.109	+3.365	+0.929	+0.839	+0.812	+0.863	+2.103	+0.818	+3.336	+0.840	+3.471	+0.844	+5.994	+0.895	+5.993	+5.995	+0.850	+0.821	+0.822	+0.822	+3.438	+6.003	+3.446	+2.103	+3.453	+3.456	+6.027	+2.155	+2.623	+4.725	+3.476	+5.228	+3.477	+0.935	+3.477	+0.935	+5.240	+2.191	+5.243	+5.243	+5.244	+5.331	+3.428	+2.679	+3.477	+5.212	+5.213	+5.214	+5.215	+5.229	+5.216	+5.216	+5.217	+3.476	+5.423	+5.224	+5.231	+5.231	+5.241	+5.034	+2.000	+5.019	+5.256	
