## Summary of overall evidence for association with region:
## log10(BF for region) = -0.57211
## p-value for region = NA

## BFs for choosing among multi-SNP models:
## log10(average 1-SNP BF) = -0.496408
## log10(average 2-SNP BF) = -0.780318

## Example posterior probabilities for multi-SNP models, based on default prior: [p(l) propto 0.5^l for l=1,2,...,L]
## posterior probability of 1-SNP = 0.793618
## posterior probability of 2-SNP = 0.206382

## log10(BF) for single SNP and pair of SNPs:
rs3806009      -0.236	-0.579	-0.578	-0.577	-0.572	-0.657	-0.638	-0.632	-0.621	-0.548	-0.667	-0.552	-0.587	-0.540	-0.539	-0.537	-0.475	-0.554	-0.491	-0.644	-0.485	-0.495	-0.498	-0.494	-0.498	-0.490	-0.574	-0.498	-0.575	-0.664	-0.476	-0.573	-0.572	-0.564	-0.498	-0.569	-0.499	-0.566	-0.500	-0.500	-0.507	-0.501	-0.582	-0.588	-0.590	-0.588	-0.643	-0.643	-0.672	-0.678	-0.452	-0.688	-0.569	-0.502	-0.503	-0.731	-0.731	-0.732	-0.732	-0.729	-0.730	-0.730	-0.729	-0.729	-0.729	-0.503	-0.737	-0.738	-0.454	-0.742	-0.517	-0.734	-0.733	-0.525	-0.504	-0.660	-0.740	-0.504	-0.744	-0.503	-0.738	-0.740	-0.738	-0.503	-0.740	-0.739	-0.504	-0.664	-0.516	-0.503	-0.515	-0.742	-0.636	-0.499	-0.476	-0.703	-0.461	-0.497	-0.370	-0.327	-0.450	-0.694	-0.468	-0.695	-0.698	-0.271	-0.673	-0.672	-0.743	-0.464	-0.364	-0.704	-0.434	-0.703	-0.703	-0.703	-0.679	-0.447	-0.703	-0.460	-0.424	-0.538	-0.463	-0.703	-0.478	-0.702	-0.699	-0.702	-0.702	-0.641	-0.635	-0.215	-0.187	-0.211	-0.467	-0.680	-0.682	-0.682	-0.720	-0.618	-0.676	-0.736	-0.645	-0.650	-0.651	-0.651	-0.646	-0.676	-0.471	-0.657	-0.657	-0.461	-0.453	-0.453	-0.457	-0.453	-0.453	-0.730	-0.490	-0.736	-0.506	-0.733	-0.588	-0.722	-0.723	-0.745	-0.723	-0.723	-0.724	-0.724	-0.724	-0.726	-0.510	-0.725	-0.725	-0.740	-0.725	-0.709	-0.727	
rs9446188      -0.579	-0.382	-0.506	-0.501	-0.494	-0.809	-0.792	-0.776	-0.767	-0.663	-0.743	-0.709	-0.565	-0.701	-0.700	-0.699	-0.660	-0.700	-0.623	-0.816	-0.668	-0.627	-0.680	-0.676	-0.631	-0.672	-0.629	-0.631	-0.631	-0.829	-0.661	-0.629	-0.628	-0.618	-0.632	-0.624	-0.632	-0.620	-0.633	-0.634	-0.687	-0.635	-0.639	-0.647	-0.650	-0.648	-0.814	-0.813	-0.754	-0.761	-0.640	-0.785	-0.714	-0.637	-0.637	-0.842	-0.843	-0.843	-0.843	-0.855	-0.840	-0.841	-0.839	-0.839	-0.839	-0.638	-0.853	-0.855	-0.657	-0.865	-0.684	-0.846	-0.844	-0.691	-0.638	-0.819	-0.877	-0.638	-0.879	-0.638	-0.876	-0.877	-0.876	-0.638	-0.878	-0.877	-0.639	-0.823	-0.670	-0.638	-0.670	-0.879	-0.801	-0.633	-0.672	-0.855	-0.625	-0.690	-0.574	-0.536	-0.614	-0.839	-0.631	-0.839	-0.842	-0.487	-0.820	-0.820	-0.875	-0.628	-0.576	-0.854	-0.636	-0.855	-0.855	-0.855	-0.825	-0.647	-0.855	-0.624	-0.626	-0.685	-0.627	-0.853	-0.673	-0.852	-0.850	-0.852	-0.852	-0.790	-0.786	-0.432	-0.409	-0.432	-0.664	-0.836	-0.838	-0.838	-0.862	-0.741	-0.833	-0.876	-0.769	-0.775	-0.775	-0.775	-0.771	-0.832	-0.600	-0.783	-0.783	-0.589	-0.580	-0.580	-0.584	-0.580	-0.580	-0.876	-0.617	-0.879	-0.636	-0.877	-0.762	-0.867	-0.867	-0.885	-0.867	-0.868	-0.868	-0.869	-0.869	-0.870	-0.640	-0.869	-0.869	-0.882	-0.870	-0.855	-0.871	
rs12530055     -0.578	-0.506	-0.373	-0.488	-0.484	-0.800	-0.783	-0.769	-0.759	-0.655	-0.732	-0.700	-0.551	-0.691	-0.690	-0.689	-0.648	-0.691	-0.614	-0.806	-0.657	-0.618	-0.669	-0.665	-0.622	-0.661	-0.616	-0.623	-0.617	-0.819	-0.650	-0.615	-0.614	-0.604	-0.623	-0.610	-0.623	-0.606	-0.624	-0.625	-0.676	-0.626	-0.626	-0.634	-0.637	-0.635	-0.804	-0.804	-0.741	-0.749	-0.629	-0.773	-0.705	-0.628	-0.628	-0.832	-0.832	-0.833	-0.833	-0.845	-0.830	-0.830	-0.828	-0.829	-0.829	-0.629	-0.843	-0.845	-0.646	-0.855	-0.673	-0.835	-0.833	-0.680	-0.629	-0.811	-0.868	-0.629	-0.870	-0.629	-0.867	-0.868	-0.867	-0.629	-0.868	-0.868	-0.630	-0.815	-0.660	-0.629	-0.660	-0.870	-0.793	-0.624	-0.661	-0.846	-0.614	-0.679	-0.563	-0.526	-0.603	-0.830	-0.621	-0.831	-0.834	-0.476	-0.812	-0.812	-0.866	-0.617	-0.565	-0.845	-0.625	-0.846	-0.846	-0.846	-0.817	-0.636	-0.846	-0.613	-0.615	-0.675	-0.616	-0.844	-0.663	-0.844	-0.841	-0.844	-0.843	-0.782	-0.779	-0.421	-0.398	-0.421	-0.654	-0.827	-0.829	-0.829	-0.853	-0.728	-0.824	-0.866	-0.757	-0.763	-0.763	-0.764	-0.759	-0.824	-0.592	-0.771	-0.771	-0.580	-0.571	-0.571	-0.575	-0.571	-0.571	-0.867	-0.609	-0.870	-0.627	-0.868	-0.752	-0.858	-0.858	-0.876	-0.858	-0.859	-0.859	-0.860	-0.860	-0.861	-0.631	-0.860	-0.860	-0.873	-0.861	-0.847	-0.862	
rs1885339      -0.577	-0.501	-0.488	-0.366	-0.479	-0.794	-0.777	-0.763	-0.754	-0.649	-0.724	-0.693	-0.541	-0.684	-0.683	-0.682	-0.641	-0.684	-0.608	-0.799	-0.649	-0.612	-0.661	-0.658	-0.616	-0.654	-0.607	-0.616	-0.608	-0.812	-0.642	-0.606	-0.604	-0.595	-0.616	-0.600	-0.617	-0.597	-0.618	-0.618	-0.669	-0.619	-0.617	-0.625	-0.627	-0.625	-0.797	-0.797	-0.733	-0.740	-0.621	-0.765	-0.698	-0.622	-0.622	-0.824	-0.825	-0.825	-0.825	-0.838	-0.822	-0.823	-0.821	-0.821	-0.821	-0.623	-0.835	-0.838	-0.638	-0.848	-0.666	-0.827	-0.826	-0.673	-0.623	-0.805	-0.862	-0.623	-0.863	-0.623	-0.861	-0.862	-0.861	-0.623	-0.862	-0.861	-0.624	-0.809	-0.654	-0.623	-0.653	-0.863	-0.787	-0.617	-0.654	-0.840	-0.606	-0.672	-0.556	-0.518	-0.595	-0.825	-0.613	-0.825	-0.828	-0.469	-0.806	-0.806	-0.859	-0.609	-0.558	-0.839	-0.618	-0.840	-0.840	-0.840	-0.812	-0.629	-0.840	-0.606	-0.608	-0.669	-0.608	-0.838	-0.655	-0.838	-0.835	-0.837	-0.837	-0.777	-0.773	-0.414	-0.390	-0.413	-0.647	-0.821	-0.823	-0.823	-0.847	-0.720	-0.818	-0.860	-0.749	-0.754	-0.755	-0.755	-0.750	-0.818	-0.585	-0.763	-0.763	-0.574	-0.565	-0.565	-0.569	-0.565	-0.565	-0.860	-0.602	-0.864	-0.621	-0.862	-0.744	-0.852	-0.852	-0.870	-0.852	-0.852	-0.853	-0.854	-0.854	-0.855	-0.625	-0.854	-0.854	-0.867	-0.854	-0.840	-0.856	
rs3806021      -0.572	-0.494	-0.484	-0.479	-0.349	-0.778	-0.761	-0.749	-0.740	-0.635	-0.704	-0.675	-0.510	-0.667	-0.666	-0.665	-0.621	-0.667	-0.592	-0.782	-0.629	-0.596	-0.642	-0.638	-0.600	-0.634	-0.581	-0.600	-0.582	-0.795	-0.622	-0.580	-0.579	-0.569	-0.600	-0.574	-0.601	-0.571	-0.602	-0.602	-0.649	-0.603	-0.591	-0.599	-0.602	-0.600	-0.780	-0.780	-0.710	-0.718	-0.601	-0.743	-0.682	-0.606	-0.606	-0.805	-0.805	-0.806	-0.806	-0.821	-0.803	-0.803	-0.801	-0.802	-0.802	-0.607	-0.816	-0.819	-0.620	-0.829	-0.646	-0.808	-0.806	-0.653	-0.607	-0.791	-0.846	-0.607	-0.846	-0.607	-0.845	-0.846	-0.845	-0.607	-0.846	-0.845	-0.608	-0.794	-0.637	-0.607	-0.637	-0.847	-0.773	-0.601	-0.636	-0.825	-0.587	-0.654	-0.538	-0.500	-0.576	-0.810	-0.593	-0.811	-0.813	-0.450	-0.792	-0.792	-0.842	-0.590	-0.539	-0.823	-0.599	-0.824	-0.824	-0.824	-0.797	-0.610	-0.824	-0.586	-0.590	-0.652	-0.589	-0.823	-0.637	-0.822	-0.820	-0.822	-0.822	-0.763	-0.760	-0.395	-0.372	-0.395	-0.628	-0.806	-0.808	-0.808	-0.832	-0.697	-0.803	-0.843	-0.727	-0.733	-0.734	-0.734	-0.729	-0.803	-0.570	-0.742	-0.742	-0.558	-0.549	-0.549	-0.553	-0.549	-0.549	-0.844	-0.587	-0.848	-0.605	-0.845	-0.725	-0.836	-0.836	-0.853	-0.836	-0.837	-0.838	-0.838	-0.838	-0.839	-0.609	-0.838	-0.838	-0.851	-0.839	-0.825	-0.840	
rs2208608      -0.657	-0.809	-0.800	-0.794	-0.778	-0.550	-0.735	-0.787	-0.768	-0.719	-0.732	-0.829	-0.832	-0.819	-0.819	-0.817	-0.848	-0.874	-0.749	-0.997	-0.856	-0.755	-0.867	-0.863	-0.761	-0.860	-0.828	-0.761	-0.828	-0.999	-0.850	-0.827	-0.825	-0.817	-0.761	-0.821	-0.763	-0.819	-0.764	-0.764	-0.873	-0.766	-0.838	-0.844	-0.847	-0.845	-0.996	-0.996	-0.939	-0.945	-0.830	-0.964	-0.878	-0.771	-0.771	-1.014	-1.014	-1.015	-1.015	-0.989	-1.013	-1.013	-1.012	-1.013	-1.013	-0.773	-1.020	-1.021	-0.896	-1.024	-0.849	-1.016	-1.015	-0.856	-0.773	-0.930	-1.016	-0.773	-1.014	-0.773	-1.013	-1.016	-1.014	-0.773	-1.016	-1.014	-0.774	-0.935	-0.846	-0.773	-0.846	-1.019	-0.911	-0.765	-0.899	-0.982	-0.808	-0.913	-0.806	-0.775	-0.798	-0.957	-0.814	-0.958	-0.961	-0.733	-0.932	-0.931	-1.015	-0.811	-0.825	-0.980	-0.871	-0.982	-0.982	-0.982	-0.939	-0.880	-0.982	-0.807	-0.864	-0.851	-0.810	-0.979	-0.898	-0.978	-0.975	-0.978	-0.978	-0.890	-0.888	-0.673	-0.661	-0.685	-0.888	-0.956	-0.959	-0.959	-0.992	-0.999	-0.952	-1.012	-1.006	-1.007	-1.007	-1.007	-1.006	-0.952	-0.721	-1.007	-1.007	-0.707	-0.695	-0.695	-0.701	-0.695	-0.695	-1.029	-0.728	-1.033	-0.754	-1.030	-0.982	-1.014	-1.015	-1.041	-1.015	-1.015	-1.016	-1.017	-1.017	-1.019	-0.760	-1.017	-1.017	-1.036	-1.018	-0.999	-1.020	
rs1535390      -0.638	-0.792	-0.783	-0.777	-0.761	-0.735	-0.519	-0.765	-0.747	-0.703	-0.599	-0.788	-0.813	-0.776	-0.775	-0.774	-0.801	-0.844	-0.719	-0.964	-0.809	-0.724	-0.820	-0.817	-0.730	-0.813	-0.753	-0.731	-0.753	-0.965	-0.802	-0.752	-0.750	-0.740	-0.731	-0.745	-0.732	-0.743	-0.734	-0.734	-0.827	-0.736	-0.764	-0.772	-0.775	-0.773	-0.965	-0.964	-0.881	-0.888	-0.781	-0.912	-0.850	-0.741	-0.741	-0.973	-0.973	-0.974	-0.974	-0.953	-0.971	-0.972	-0.970	-0.971	-0.971	-0.743	-0.981	-0.983	-0.875	-0.988	-0.798	-0.975	-0.974	-0.806	-0.743	-0.908	-0.987	-0.743	-0.978	-0.743	-0.985	-0.987	-0.986	-0.743	-0.987	-0.986	-0.744	-0.912	-0.818	-0.743	-0.818	-0.990	-0.890	-0.734	-0.878	-0.955	-0.760	-0.891	-0.787	-0.758	-0.750	-0.934	-0.767	-0.935	-0.938	-0.717	-0.910	-0.910	-0.979	-0.764	-0.806	-0.953	-0.850	-0.956	-0.956	-0.956	-0.917	-0.859	-0.956	-0.760	-0.844	-0.822	-0.763	-0.953	-0.876	-0.952	-0.949	-0.952	-0.951	-0.871	-0.868	-0.657	-0.646	-0.670	-0.867	-0.932	-0.934	-0.934	-0.966	-0.970	-0.928	-0.980	-0.978	-0.979	-0.979	-0.979	-0.978	-0.928	-0.691	-0.979	-0.979	-0.676	-0.665	-0.664	-0.670	-0.664	-0.664	-1.002	-0.697	-1.005	-0.723	-1.002	-0.947	-0.988	-0.989	-1.012	-0.989	-0.989	-0.990	-0.990	-0.990	-0.993	-0.730	-0.991	-0.991	-1.008	-0.991	-0.974	-0.993	
rs9454968      -0.632	-0.776	-0.769	-0.763	-0.749	-0.787	-0.765	-0.458	-0.571	-0.718	-0.629	-0.740	-0.794	-0.727	-0.725	-0.724	-0.575	-0.787	-0.698	-0.898	-0.589	-0.701	-0.607	-0.602	-0.704	-0.596	-0.504	-0.705	-0.506	-0.893	-0.579	-0.503	-0.501	-0.487	-0.705	-0.494	-0.705	-0.492	-0.706	-0.706	-0.619	-0.707	-0.523	-0.534	-0.539	-0.536	-0.899	-0.899	-0.695	-0.706	-0.544	-0.754	-0.769	-0.709	-0.709	-0.865	-0.865	-0.865	-0.866	-0.917	-0.861	-0.862	-0.860	-0.860	-0.860	-0.710	-0.880	-0.884	-0.838	-0.899	-0.748	-0.868	-0.866	-0.755	-0.710	-0.883	-0.926	-0.710	-0.940	-0.710	-0.925	-0.926	-0.925	-0.710	-0.926	-0.925	-0.711	-0.887	-0.709	-0.710	-0.708	-0.926	-0.865	-0.706	-0.840	-0.921	-0.708	-0.851	-0.761	-0.734	-0.697	-0.894	-0.715	-0.895	-0.898	-0.696	-0.877	-0.877	-0.938	-0.711	-0.777	-0.919	-0.816	-0.921	-0.921	-0.921	-0.882	-0.824	-0.920	-0.708	-0.810	-0.740	-0.710	-0.918	-0.838	-0.918	-0.915	-0.917	-0.917	-0.845	-0.843	-0.641	-0.630	-0.652	-0.832	-0.901	-0.903	-0.903	-0.917	-0.901	-0.898	-0.940	-0.912	-0.914	-0.914	-0.914	-0.912	-0.897	-0.678	-0.915	-0.915	-0.668	-0.660	-0.660	-0.664	-0.660	-0.660	-0.944	-0.690	-0.945	-0.708	-0.944	-0.834	-0.936	-0.937	-0.947	-0.937	-0.937	-0.938	-0.938	-0.938	-0.939	-0.712	-0.938	-0.938	-0.946	-0.939	-0.927	-0.940	
rs1535391      -0.621	-0.767	-0.759	-0.754	-0.740	-0.768	-0.747	-0.571	-0.441	-0.707	-0.600	-0.721	-0.784	-0.707	-0.706	-0.704	-0.548	-0.770	-0.683	-0.881	-0.561	-0.686	-0.580	-0.575	-0.689	-0.569	-0.471	-0.690	-0.473	-0.876	-0.552	-0.470	-0.468	-0.454	-0.690	-0.461	-0.690	-0.459	-0.691	-0.691	-0.593	-0.692	-0.491	-0.502	-0.507	-0.504	-0.883	-0.883	-0.667	-0.679	-0.516	-0.728	-0.751	-0.694	-0.694	-0.844	-0.844	-0.845	-0.845	-0.900	-0.841	-0.841	-0.839	-0.839	-0.839	-0.695	-0.860	-0.865	-0.824	-0.881	-0.727	-0.848	-0.846	-0.735	-0.695	-0.870	-0.910	-0.695	-0.923	-0.695	-0.910	-0.910	-0.910	-0.695	-0.910	-0.910	-0.696	-0.873	-0.691	-0.695	-0.690	-0.910	-0.852	-0.691	-0.826	-0.906	-0.688	-0.837	-0.749	-0.722	-0.678	-0.881	-0.695	-0.882	-0.884	-0.684	-0.865	-0.864	-0.921	-0.692	-0.764	-0.904	-0.803	-0.906	-0.906	-0.906	-0.870	-0.810	-0.906	-0.688	-0.797	-0.723	-0.690	-0.903	-0.824	-0.903	-0.901	-0.903	-0.903	-0.834	-0.832	-0.630	-0.619	-0.641	-0.818	-0.887	-0.889	-0.889	-0.902	-0.884	-0.884	-0.924	-0.895	-0.897	-0.897	-0.897	-0.896	-0.883	-0.664	-0.899	-0.899	-0.654	-0.646	-0.646	-0.650	-0.646	-0.646	-0.928	-0.675	-0.930	-0.693	-0.929	-0.815	-0.921	-0.922	-0.931	-0.922	-0.922	-0.923	-0.923	-0.923	-0.924	-0.697	-0.923	-0.923	-0.931	-0.923	-0.912	-0.924	
rs9446195      -0.548	-0.663	-0.655	-0.649	-0.635	-0.719	-0.703	-0.718	-0.707	-0.338	-0.664	-0.423	-0.683	-0.381	-0.375	-0.370	-0.517	-0.673	-0.550	-0.804	-0.529	-0.556	-0.545	-0.541	-0.562	-0.535	-0.614	-0.562	-0.616	-0.804	-0.520	-0.613	-0.612	-0.603	-0.562	-0.608	-0.564	-0.605	-0.565	-0.566	-0.555	-0.567	-0.626	-0.633	-0.636	-0.634	-0.804	-0.804	-0.737	-0.744	-0.483	-0.761	-0.684	-0.573	-0.573	-0.823	-0.823	-0.824	-0.824	-0.815	-0.822	-0.822	-0.821	-0.821	-0.821	-0.575	-0.830	-0.832	-0.722	-0.837	-0.509	-0.826	-0.824	-0.521	-0.575	-0.778	-0.840	-0.575	-0.833	-0.575	-0.838	-0.840	-0.839	-0.575	-0.840	-0.839	-0.575	-0.781	-0.652	-0.574	-0.652	-0.842	-0.759	-0.566	-0.722	-0.815	-0.508	-0.735	-0.635	-0.607	-0.495	-0.792	-0.517	-0.793	-0.796	-0.565	-0.770	-0.769	-0.833	-0.513	-0.652	-0.814	-0.694	-0.815	-0.815	-0.815	-0.776	-0.703	-0.815	-0.508	-0.688	-0.656	-0.510	-0.813	-0.719	-0.812	-0.810	-0.812	-0.812	-0.734	-0.731	-0.508	-0.496	-0.519	-0.712	-0.795	-0.797	-0.797	-0.820	-0.809	-0.792	-0.835	-0.817	-0.818	-0.818	-0.818	-0.817	-0.791	-0.522	-0.818	-0.818	-0.507	-0.496	-0.496	-0.501	-0.495	-0.495	-0.841	-0.529	-0.844	-0.555	-0.841	-0.747	-0.827	-0.827	-0.851	-0.828	-0.828	-0.829	-0.829	-0.829	-0.832	-0.562	-0.829	-0.830	-0.847	-0.830	-0.813	-0.832	
rs9446196      -0.667	-0.743	-0.732	-0.724	-0.704	-0.732	-0.599	-0.629	-0.600	-0.664	-0.571	-0.833	-0.767	-0.836	-0.836	-0.835	-0.903	-0.896	-0.782	-1.008	-0.909	-0.787	-0.918	-0.915	-0.792	-0.913	-0.943	-0.792	-0.944	-1.015	-0.904	-0.942	-0.941	-0.935	-0.793	-0.938	-0.794	-0.936	-0.795	-0.795	-0.923	-0.797	-0.949	-0.954	-0.956	-0.954	-1.008	-1.008	-1.012	-1.015	-0.892	-1.020	-0.897	-0.801	-0.801	-1.045	-1.045	-1.045	-1.045	-0.994	-1.045	-1.045	-1.045	-1.046	-1.046	-0.803	-1.045	-1.044	-0.883	-1.038	-0.934	-1.046	-1.046	-0.938	-0.803	-0.881	-1.007	-0.803	-1.025	-0.803	-1.001	-1.006	-1.003	-0.802	-1.006	-1.003	-0.803	-0.888	-0.858	-0.802	-0.858	-1.012	-0.855	-0.795	-0.889	-0.957	-0.886	-0.905	-0.784	-0.751	-0.878	-0.921	-0.892	-0.923	-0.928	-0.707	-0.890	-0.890	-1.028	-0.889	-0.808	-0.956	-0.859	-0.958	-0.958	-0.958	-0.899	-0.869	-0.958	-0.886	-0.851	-0.871	-0.888	-0.954	-0.889	-0.953	-0.948	-0.953	-0.952	-0.837	-0.835	-0.640	-0.630	-0.655	-0.877	-0.920	-0.923	-0.923	-0.969	-1.031	-0.914	-1.012	-1.033	-1.033	-1.033	-1.033	-1.033	-0.914	-0.754	-1.031	-1.031	-0.741	-0.730	-0.730	-0.735	-0.730	-0.730	-1.038	-0.764	-1.043	-0.788	-1.039	-1.017	-1.019	-1.020	-1.054	-1.020	-1.020	-1.022	-1.022	-1.022	-1.026	-0.794	-1.022	-1.023	-1.047	-1.024	-1.002	-1.026	
rs78133550     -0.552	-0.709	-0.700	-0.693	-0.675	-0.829	-0.788	-0.740	-0.721	-0.423	-0.833	-0.480	-0.735	-0.600	-0.596	-0.595	-0.761	-0.812	-0.694	-0.932	-0.769	-0.699	-0.780	-0.777	-0.705	-0.774	-0.874	-0.705	-0.875	-0.937	-0.763	-0.873	-0.873	-0.866	-0.705	-0.870	-0.707	-0.868	-0.708	-0.708	-0.787	-0.710	-0.880	-0.885	-0.887	-0.885	-0.931	-0.931	-0.945	-0.948	-0.749	-0.952	-0.814	-0.714	-0.714	-0.977	-0.977	-0.978	-0.978	-0.943	-0.977	-0.977	-0.977	-0.977	-0.977	-0.716	-0.977	-0.977	-0.814	-0.972	-0.819	-0.979	-0.978	-0.825	-0.716	-0.850	-0.948	-0.716	-0.965	-0.716	-0.944	-0.948	-0.945	-0.716	-0.948	-0.946	-0.717	-0.856	-0.776	-0.716	-0.776	-0.953	-0.826	-0.708	-0.819	-0.910	-0.781	-0.834	-0.718	-0.686	-0.772	-0.874	-0.787	-0.875	-0.880	-0.643	-0.846	-0.845	-0.967	-0.784	-0.740	-0.909	-0.789	-0.911	-0.911	-0.911	-0.854	-0.799	-0.910	-0.781	-0.781	-0.787	-0.783	-0.908	-0.818	-0.907	-0.903	-0.907	-0.906	-0.800	-0.797	-0.579	-0.568	-0.593	-0.807	-0.879	-0.881	-0.882	-0.915	-0.951	-0.874	-0.955	-0.953	-0.953	-0.953	-0.953	-0.953	-0.874	-0.666	-0.951	-0.951	-0.653	-0.642	-0.642	-0.647	-0.642	-0.642	-0.961	-0.677	-0.965	-0.701	-0.961	-0.925	-0.943	-0.943	-0.975	-0.944	-0.944	-0.945	-0.946	-0.946	-0.949	-0.707	-0.946	-0.947	-0.969	-0.947	-0.926	-0.949	
rs3806027      -0.587	-0.565	-0.551	-0.541	-0.510	-0.832	-0.813	-0.794	-0.784	-0.683	-0.767	-0.735	-0.408	-0.727	-0.726	-0.725	-0.687	-0.725	-0.647	-0.842	-0.696	-0.651	-0.707	-0.704	-0.655	-0.700	-0.645	-0.655	-0.646	-0.855	-0.688	-0.644	-0.643	-0.633	-0.655	-0.638	-0.656	-0.635	-0.657	-0.657	-0.715	-0.658	-0.655	-0.663	-0.666	-0.664	-0.840	-0.840	-0.771	-0.779	-0.668	-0.803	-0.739	-0.661	-0.661	-0.863	-0.863	-0.863	-0.864	-0.876	-0.860	-0.861	-0.859	-0.859	-0.860	-0.662	-0.874	-0.876	-0.686	-0.886	-0.711	-0.866	-0.864	-0.718	-0.662	-0.842	-0.900	-0.662	-0.902	-0.662	-0.898	-0.899	-0.899	-0.662	-0.900	-0.899	-0.663	-0.846	-0.695	-0.662	-0.694	-0.901	-0.824	-0.656	-0.700	-0.878	-0.652	-0.718	-0.603	-0.565	-0.642	-0.860	-0.659	-0.861	-0.864	-0.516	-0.842	-0.841	-0.897	-0.655	-0.606	-0.877	-0.665	-0.878	-0.878	-0.878	-0.847	-0.676	-0.878	-0.652	-0.655	-0.710	-0.654	-0.876	-0.702	-0.875	-0.873	-0.875	-0.875	-0.811	-0.808	-0.461	-0.438	-0.462	-0.692	-0.859	-0.861	-0.861	-0.884	-0.761	-0.856	-0.898	-0.789	-0.795	-0.796	-0.796	-0.791	-0.855	-0.624	-0.803	-0.803	-0.612	-0.603	-0.603	-0.607	-0.603	-0.603	-0.900	-0.640	-0.904	-0.659	-0.901	-0.789	-0.891	-0.891	-0.909	-0.891	-0.892	-0.892	-0.893	-0.893	-0.894	-0.663	-0.893	-0.893	-0.906	-0.894	-0.879	-0.895	
rs1535392      -0.540	-0.701	-0.691	-0.684	-0.667	-0.819	-0.776	-0.727	-0.707	-0.381	-0.836	-0.600	-0.727	-0.479	-0.602	-0.602	-0.770	-0.811	-0.695	-0.930	-0.778	-0.700	-0.788	-0.785	-0.705	-0.782	-0.879	-0.706	-0.880	-0.936	-0.772	-0.879	-0.878	-0.872	-0.706	-0.875	-0.707	-0.873	-0.708	-0.709	-0.795	-0.710	-0.886	-0.890	-0.892	-0.890	-0.929	-0.929	-0.947	-0.950	-0.758	-0.953	-0.813	-0.714	-0.715	-0.977	-0.977	-0.977	-0.977	-0.940	-0.977	-0.977	-0.977	-0.977	-0.977	-0.716	-0.976	-0.976	-0.810	-0.970	-0.825	-0.978	-0.978	-0.830	-0.716	-0.842	-0.945	-0.716	-0.963	-0.716	-0.940	-0.944	-0.942	-0.716	-0.944	-0.942	-0.717	-0.849	-0.775	-0.716	-0.774	-0.949	-0.819	-0.708	-0.815	-0.905	-0.786	-0.830	-0.713	-0.681	-0.778	-0.868	-0.792	-0.870	-0.874	-0.638	-0.840	-0.840	-0.965	-0.789	-0.736	-0.904	-0.785	-0.906	-0.906	-0.906	-0.848	-0.795	-0.906	-0.786	-0.778	-0.786	-0.788	-0.903	-0.815	-0.902	-0.898	-0.902	-0.901	-0.793	-0.790	-0.573	-0.563	-0.588	-0.803	-0.873	-0.876	-0.876	-0.911	-0.951	-0.868	-0.952	-0.952	-0.953	-0.953	-0.953	-0.952	-0.868	-0.667	-0.951	-0.951	-0.653	-0.643	-0.643	-0.648	-0.642	-0.642	-0.959	-0.677	-0.964	-0.701	-0.960	-0.926	-0.942	-0.942	-0.974	-0.942	-0.942	-0.944	-0.944	-0.944	-0.947	-0.707	-0.944	-0.945	-0.968	-0.945	-0.924	-0.948	
rs1535393      -0.539	-0.700	-0.690	-0.683	-0.666	-0.819	-0.775	-0.725	-0.706	-0.375	-0.836	-0.596	-0.726	-0.602	-0.479	-0.599	-0.770	-0.811	-0.694	-0.930	-0.778	-0.700	-0.789	-0.786	-0.705	-0.782	-0.879	-0.705	-0.880	-0.936	-0.772	-0.879	-0.878	-0.872	-0.706	-0.875	-0.707	-0.873	-0.708	-0.708	-0.795	-0.710	-0.885	-0.890	-0.892	-0.890	-0.929	-0.929	-0.947	-0.950	-0.759	-0.952	-0.812	-0.714	-0.714	-0.977	-0.977	-0.977	-0.977	-0.939	-0.977	-0.977	-0.977	-0.977	-0.977	-0.716	-0.976	-0.975	-0.809	-0.970	-0.825	-0.978	-0.977	-0.830	-0.716	-0.841	-0.944	-0.716	-0.963	-0.716	-0.940	-0.943	-0.941	-0.716	-0.944	-0.941	-0.717	-0.848	-0.774	-0.716	-0.774	-0.949	-0.818	-0.708	-0.814	-0.904	-0.786	-0.830	-0.712	-0.681	-0.778	-0.868	-0.792	-0.869	-0.874	-0.638	-0.839	-0.839	-0.964	-0.789	-0.735	-0.904	-0.785	-0.905	-0.905	-0.905	-0.847	-0.794	-0.905	-0.786	-0.777	-0.786	-0.788	-0.902	-0.814	-0.901	-0.897	-0.901	-0.900	-0.792	-0.789	-0.573	-0.562	-0.587	-0.803	-0.872	-0.875	-0.875	-0.910	-0.950	-0.867	-0.951	-0.952	-0.952	-0.952	-0.952	-0.952	-0.867	-0.667	-0.950	-0.950	-0.653	-0.642	-0.642	-0.647	-0.642	-0.642	-0.959	-0.677	-0.963	-0.701	-0.959	-0.926	-0.941	-0.941	-0.974	-0.942	-0.942	-0.943	-0.944	-0.944	-0.947	-0.707	-0.944	-0.945	-0.967	-0.945	-0.924	-0.947	
rs1535394      -0.537	-0.699	-0.689	-0.682	-0.665	-0.817	-0.774	-0.724	-0.704	-0.370	-0.835	-0.595	-0.725	-0.602	-0.599	-0.478	-0.771	-0.810	-0.694	-0.929	-0.779	-0.699	-0.789	-0.786	-0.705	-0.783	-0.880	-0.705	-0.880	-0.935	-0.773	-0.879	-0.878	-0.872	-0.705	-0.876	-0.707	-0.874	-0.708	-0.708	-0.796	-0.710	-0.886	-0.890	-0.892	-0.891	-0.928	-0.928	-0.947	-0.950	-0.759	-0.952	-0.812	-0.714	-0.714	-0.976	-0.976	-0.976	-0.976	-0.938	-0.976	-0.976	-0.976	-0.976	-0.976	-0.716	-0.976	-0.975	-0.809	-0.969	-0.825	-0.977	-0.977	-0.831	-0.716	-0.840	-0.944	-0.716	-0.962	-0.716	-0.939	-0.943	-0.940	-0.716	-0.943	-0.941	-0.716	-0.846	-0.774	-0.715	-0.773	-0.948	-0.817	-0.708	-0.814	-0.903	-0.787	-0.829	-0.712	-0.680	-0.778	-0.867	-0.792	-0.868	-0.873	-0.637	-0.838	-0.838	-0.964	-0.789	-0.734	-0.903	-0.784	-0.904	-0.904	-0.904	-0.846	-0.794	-0.904	-0.786	-0.776	-0.785	-0.788	-0.901	-0.813	-0.900	-0.896	-0.900	-0.900	-0.791	-0.788	-0.572	-0.561	-0.586	-0.802	-0.871	-0.874	-0.874	-0.910	-0.950	-0.866	-0.951	-0.952	-0.952	-0.952	-0.952	-0.952	-0.866	-0.666	-0.950	-0.950	-0.653	-0.642	-0.642	-0.647	-0.642	-0.642	-0.958	-0.677	-0.963	-0.701	-0.959	-0.926	-0.941	-0.941	-0.974	-0.941	-0.941	-0.943	-0.943	-0.943	-0.947	-0.707	-0.943	-0.944	-0.967	-0.945	-0.924	-0.947	
rs7755777      -0.475	-0.660	-0.648	-0.641	-0.621	-0.848	-0.801	-0.575	-0.548	-0.517	-0.903	-0.761	-0.687	-0.770	-0.770	-0.771	-0.509	-0.831	-0.605	-0.929	-0.653	-0.614	-0.656	-0.656	-0.623	-0.658	-0.920	-0.624	-0.920	-0.942	-0.657	-0.919	-0.918	-0.915	-0.624	-0.917	-0.627	-0.916	-0.629	-0.630	-0.664	-0.633	-0.924	-0.927	-0.928	-0.927	-0.928	-0.927	-0.949	-0.949	-0.673	-0.940	-0.807	-0.645	-0.646	-0.960	-0.960	-0.960	-0.960	-0.963	-0.962	-0.962	-0.963	-0.963	-0.963	-0.649	-0.951	-0.948	-0.767	-0.931	-0.901	-0.960	-0.961	-0.904	-0.649	-0.854	-0.877	-0.649	-0.981	-0.649	-0.868	-0.875	-0.871	-0.649	-0.876	-0.871	-0.650	-0.861	-0.795	-0.648	-0.794	-0.884	-0.826	-0.636	-0.778	-0.920	-0.856	-0.797	-0.683	-0.648	-0.849	-0.790	-0.860	-0.792	-0.799	-0.602	-0.752	-0.751	-0.984	-0.858	-0.684	-0.918	-0.744	-0.920	-0.920	-0.920	-0.763	-0.756	-0.920	-0.856	-0.735	-0.768	-0.858	-0.916	-0.781	-0.915	-0.910	-0.915	-0.914	-0.683	-0.685	-0.528	-0.520	-0.547	-0.762	-0.882	-0.885	-0.885	-0.823	-0.975	-0.876	-0.964	-0.971	-0.970	-0.970	-0.970	-0.971	-0.876	-0.572	-0.966	-0.966	-0.554	-0.539	-0.539	-0.547	-0.539	-0.539	-0.944	-0.605	-0.954	-0.640	-0.948	-0.938	-0.929	-0.929	-0.969	-0.930	-0.930	-0.932	-0.932	-0.932	-0.939	-0.649	-0.933	-0.934	-0.958	-0.934	-0.906	-0.937	
rs17712300     -0.554	-0.700	-0.691	-0.684	-0.667	-0.874	-0.844	-0.787	-0.770	-0.673	-0.896	-0.812	-0.725	-0.811	-0.811	-0.810	-0.831	-0.471	-0.688	-0.922	-0.837	-0.693	-0.845	-0.843	-0.699	-0.840	-0.880	-0.699	-0.881	-0.928	-0.832	-0.880	-0.879	-0.873	-0.699	-0.876	-0.701	-0.875	-0.702	-0.702	-0.850	-0.704	-0.886	-0.890	-0.892	-0.891	-0.921	-0.920	-0.945	-0.948	-0.821	-0.948	-0.804	-0.708	-0.708	-0.966	-0.966	-0.966	-0.966	-0.921	-0.966	-0.966	-0.966	-0.966	-0.966	-0.709	-0.965	-0.964	-0.798	-0.957	-0.809	-0.967	-0.967	-0.814	-0.709	-0.814	-0.929	-0.709	-0.948	-0.709	-0.924	-0.928	-0.926	-0.709	-0.929	-0.926	-0.710	-0.821	-0.765	-0.709	-0.765	-0.934	-0.794	-0.702	-0.805	-0.884	-0.744	-0.820	-0.700	-0.668	-0.735	-0.847	-0.750	-0.849	-0.853	-0.623	-0.816	-0.816	-0.950	-0.747	-0.726	-0.882	-0.774	-0.883	-0.883	-0.883	-0.825	-0.784	-0.883	-0.744	-0.766	-0.778	-0.747	-0.880	-0.804	-0.879	-0.874	-0.879	-0.878	-0.766	-0.764	-0.557	-0.547	-0.572	-0.792	-0.848	-0.851	-0.851	-0.893	-0.942	-0.842	-0.935	-0.943	-0.943	-0.943	-0.943	-0.943	-0.842	-0.660	-0.941	-0.941	-0.647	-0.636	-0.636	-0.641	-0.636	-0.636	-0.941	-0.671	-0.947	-0.695	-0.942	-0.904	-0.922	-0.922	-0.958	-0.922	-0.923	-0.924	-0.924	-0.924	-0.928	-0.701	-0.925	-0.926	-0.951	-0.926	-0.905	-0.929	
rs17712342     -0.491	-0.623	-0.614	-0.608	-0.592	-0.749	-0.719	-0.698	-0.683	-0.550	-0.782	-0.694	-0.647	-0.695	-0.694	-0.694	-0.605	-0.688	-0.339	-0.813	-0.614	-0.443	-0.627	-0.623	-0.444	-0.619	-0.725	-0.444	-0.726	-0.816	-0.606	-0.724	-0.723	-0.716	-0.444	-0.720	-0.444	-0.718	-0.445	-0.446	-0.635	-0.445	-0.732	-0.737	-0.739	-0.738	-0.812	-0.812	-0.810	-0.815	-0.587	-0.821	-0.544	-0.470	-0.470	-0.850	-0.850	-0.850	-0.850	-0.822	-0.849	-0.849	-0.849	-0.849	-0.849	-0.471	-0.853	-0.853	-0.708	-0.853	-0.750	-0.851	-0.851	-0.754	-0.473	-0.711	-0.840	-0.473	-0.842	-0.473	-0.837	-0.839	-0.838	-0.473	-0.840	-0.838	-0.475	-0.718	-0.395	-0.473	-0.394	-0.843	-0.684	-0.475	-0.712	-0.775	-0.696	-0.726	-0.617	-0.587	-0.689	-0.777	-0.701	-0.779	-0.782	-0.545	-0.752	-0.752	-0.844	-0.699	-0.637	-0.774	-0.683	-0.774	-0.774	-0.774	-0.759	-0.692	-0.774	-0.696	-0.676	-0.482	-0.698	-0.773	-0.710	-0.772	-0.767	-0.772	-0.771	-0.712	-0.708	-0.484	-0.472	-0.497	-0.701	-0.741	-0.744	-0.744	-0.813	-0.822	-0.735	-0.828	-0.827	-0.828	-0.828	-0.828	-0.827	-0.736	-0.459	-0.827	-0.827	-0.452	-0.444	-0.444	-0.451	-0.444	-0.444	-0.843	-0.517	-0.846	-0.538	-0.843	-0.766	-0.829	-0.829	-0.853	-0.830	-0.830	-0.831	-0.831	-0.831	-0.834	-0.543	-0.831	-0.832	-0.849	-0.832	-0.815	-0.834	
rs3793056      -0.644	-0.816	-0.806	-0.799	-0.782	-0.997	-0.964	-0.898	-0.881	-0.804	-1.008	-0.932	-0.842	-0.930	-0.930	-0.929	-0.929	-0.922	-0.813	-0.602	-0.936	-0.818	-0.945	-0.943	-0.823	-0.940	-0.937	-0.823	-0.938	-0.729	-0.931	-0.936	-0.935	-0.928	-0.823	-0.931	-0.825	-0.930	-0.826	-0.826	-0.951	-0.828	-0.945	-0.951	-0.953	-0.951	-0.763	-0.763	-1.026	-1.030	-0.916	-1.039	-0.922	-0.832	-0.832	-1.059	-1.059	-1.059	-1.059	-1.050	-1.058	-1.059	-1.058	-1.058	-1.058	-0.833	-1.061	-1.062	-0.481	-1.059	-0.953	-1.060	-1.060	-0.958	-0.833	-0.955	-1.032	-0.833	-1.061	-0.833	-1.027	-1.031	-1.028	-0.833	-1.031	-1.029	-0.834	-0.961	-0.881	-0.833	-0.880	-1.036	-0.933	-0.826	-0.647	-1.013	-0.897	-0.689	-0.500	-0.422	-0.888	-0.961	-0.903	-0.963	-0.967	-0.335	-0.931	-0.931	-1.065	-0.900	-0.488	-1.014	-0.597	-1.013	-1.013	-1.013	-0.940	-0.618	-1.013	-0.897	-0.579	-0.898	-0.899	-1.013	-0.679	-1.012	-1.008	-1.012	-1.011	-0.886	-0.879	-0.281	-0.184	-0.223	-0.675	-0.984	-0.987	-0.987	-1.004	-1.054	-0.979	-1.056	-1.055	-1.055	-1.055	-1.055	-1.055	-0.979	-0.786	-1.052	-1.052	-0.772	-0.762	-0.762	-0.767	-0.762	-0.762	-1.041	-0.796	-1.052	-0.819	-1.048	-1.036	-1.035	-1.036	-1.064	-1.036	-1.036	-1.038	-1.038	-1.038	-1.041	-0.825	-1.038	-1.039	-1.058	-1.039	-1.019	-1.042	
rs72916716     -0.485	-0.668	-0.657	-0.649	-0.629	-0.856	-0.809	-0.589	-0.561	-0.529	-0.909	-0.769	-0.696	-0.778	-0.778	-0.779	-0.653	-0.837	-0.614	-0.936	-0.515	-0.623	-0.643	-0.643	-0.632	-0.645	-0.922	-0.633	-0.923	-0.949	-0.642	-0.922	-0.921	-0.917	-0.633	-0.919	-0.635	-0.918	-0.638	-0.638	-0.656	-0.641	-0.926	-0.929	-0.930	-0.930	-0.934	-0.934	-0.954	-0.954	-0.664	-0.945	-0.813	-0.653	-0.654	-0.966	-0.966	-0.966	-0.966	-0.969	-0.968	-0.967	-0.969	-0.969	-0.969	-0.657	-0.957	-0.954	-0.775	-0.938	-0.905	-0.966	-0.967	-0.909	-0.657	-0.861	-0.884	-0.657	-0.987	-0.657	-0.876	-0.882	-0.878	-0.657	-0.883	-0.879	-0.658	-0.867	-0.799	-0.657	-0.799	-0.892	-0.832	-0.644	-0.787	-0.926	-0.860	-0.805	-0.691	-0.657	-0.854	-0.797	-0.865	-0.799	-0.806	-0.611	-0.760	-0.759	-0.990	-0.863	-0.693	-0.924	-0.753	-0.927	-0.927	-0.927	-0.771	-0.764	-0.927	-0.860	-0.744	-0.775	-0.862	-0.922	-0.789	-0.921	-0.917	-0.921	-0.921	-0.691	-0.693	-0.537	-0.529	-0.555	-0.771	-0.888	-0.891	-0.891	-0.831	-0.980	-0.882	-0.970	-0.977	-0.976	-0.976	-0.976	-0.977	-0.882	-0.581	-0.972	-0.972	-0.563	-0.548	-0.548	-0.556	-0.548	-0.548	-0.950	-0.614	-0.960	-0.648	-0.954	-0.944	-0.935	-0.935	-0.974	-0.936	-0.936	-0.938	-0.938	-0.938	-0.944	-0.657	-0.938	-0.940	-0.964	-0.940	-0.912	-0.943	
rs75209831     -0.495	-0.627	-0.618	-0.612	-0.596	-0.755	-0.724	-0.701	-0.686	-0.556	-0.787	-0.699	-0.651	-0.700	-0.700	-0.699	-0.614	-0.693	-0.443	-0.818	-0.623	-0.345	-0.636	-0.632	-0.449	-0.627	-0.732	-0.450	-0.733	-0.821	-0.615	-0.731	-0.730	-0.723	-0.450	-0.727	-0.450	-0.725	-0.451	-0.452	-0.644	-0.452	-0.739	-0.744	-0.746	-0.745	-0.817	-0.817	-0.816	-0.821	-0.596	-0.827	-0.554	-0.476	-0.476	-0.855	-0.855	-0.856	-0.856	-0.828	-0.855	-0.855	-0.854	-0.854	-0.854	-0.477	-0.858	-0.859	-0.712	-0.858	-0.755	-0.857	-0.856	-0.759	-0.479	-0.717	-0.845	-0.479	-0.848	-0.479	-0.841	-0.844	-0.842	-0.479	-0.844	-0.842	-0.481	-0.724	-0.409	-0.479	-0.409	-0.848	-0.690	-0.480	-0.716	-0.781	-0.701	-0.730	-0.621	-0.591	-0.694	-0.781	-0.706	-0.783	-0.786	-0.549	-0.756	-0.756	-0.850	-0.703	-0.642	-0.780	-0.688	-0.780	-0.780	-0.780	-0.763	-0.697	-0.780	-0.701	-0.680	-0.493	-0.703	-0.779	-0.715	-0.778	-0.773	-0.778	-0.777	-0.715	-0.712	-0.488	-0.476	-0.500	-0.705	-0.747	-0.750	-0.750	-0.817	-0.827	-0.741	-0.833	-0.832	-0.833	-0.833	-0.833	-0.832	-0.742	-0.460	-0.832	-0.832	-0.452	-0.443	-0.443	-0.450	-0.443	-0.443	-0.848	-0.519	-0.851	-0.540	-0.848	-0.773	-0.834	-0.834	-0.858	-0.834	-0.834	-0.835	-0.836	-0.836	-0.838	-0.546	-0.836	-0.837	-0.854	-0.837	-0.819	-0.839	
rs3793057      -0.498	-0.680	-0.669	-0.661	-0.642	-0.867	-0.820	-0.607	-0.580	-0.545	-0.918	-0.780	-0.707	-0.788	-0.789	-0.789	-0.656	-0.845	-0.627	-0.945	-0.643	-0.636	-0.523	-0.648	-0.645	-0.647	-0.926	-0.645	-0.927	-0.957	-0.639	-0.926	-0.926	-0.921	-0.646	-0.924	-0.648	-0.922	-0.650	-0.651	-0.664	-0.654	-0.931	-0.934	-0.935	-0.934	-0.944	-0.943	-0.961	-0.962	-0.660	-0.954	-0.821	-0.665	-0.666	-0.975	-0.975	-0.975	-0.975	-0.978	-0.977	-0.977	-0.978	-0.978	-0.978	-0.669	-0.966	-0.964	-0.786	-0.948	-0.912	-0.975	-0.976	-0.915	-0.669	-0.870	-0.896	-0.669	-0.995	-0.669	-0.888	-0.894	-0.890	-0.669	-0.895	-0.891	-0.670	-0.877	-0.806	-0.669	-0.805	-0.904	-0.842	-0.657	-0.798	-0.935	-0.866	-0.816	-0.702	-0.668	-0.859	-0.810	-0.871	-0.812	-0.819	-0.622	-0.773	-0.773	-0.998	-0.868	-0.705	-0.933	-0.764	-0.936	-0.936	-0.936	-0.784	-0.775	-0.936	-0.866	-0.755	-0.784	-0.868	-0.932	-0.800	-0.930	-0.926	-0.930	-0.930	-0.706	-0.707	-0.549	-0.540	-0.567	-0.782	-0.898	-0.901	-0.901	-0.844	-0.988	-0.892	-0.979	-0.985	-0.984	-0.984	-0.984	-0.985	-0.891	-0.594	-0.980	-0.980	-0.577	-0.562	-0.562	-0.569	-0.562	-0.562	-0.960	-0.626	-0.969	-0.660	-0.963	-0.951	-0.944	-0.945	-0.984	-0.945	-0.945	-0.947	-0.948	-0.948	-0.954	-0.669	-0.948	-0.949	-0.973	-0.949	-0.922	-0.953	
rs10485243     -0.494	-0.676	-0.665	-0.658	-0.638	-0.863	-0.817	-0.602	-0.575	-0.541	-0.915	-0.777	-0.704	-0.785	-0.786	-0.786	-0.656	-0.843	-0.623	-0.943	-0.643	-0.632	-0.648	-0.521	-0.641	-0.646	-0.925	-0.642	-0.926	-0.955	-0.639	-0.925	-0.924	-0.920	-0.642	-0.922	-0.644	-0.921	-0.646	-0.647	-0.661	-0.650	-0.930	-0.933	-0.934	-0.933	-0.941	-0.941	-0.959	-0.959	-0.661	-0.951	-0.819	-0.662	-0.662	-0.972	-0.972	-0.972	-0.972	-0.975	-0.974	-0.974	-0.975	-0.975	-0.975	-0.665	-0.963	-0.961	-0.783	-0.945	-0.910	-0.972	-0.974	-0.913	-0.665	-0.867	-0.893	-0.665	-0.993	-0.665	-0.885	-0.891	-0.887	-0.665	-0.892	-0.887	-0.666	-0.874	-0.804	-0.665	-0.804	-0.900	-0.839	-0.653	-0.794	-0.932	-0.865	-0.813	-0.699	-0.665	-0.858	-0.806	-0.869	-0.808	-0.815	-0.619	-0.769	-0.769	-0.996	-0.867	-0.702	-0.931	-0.761	-0.933	-0.933	-0.933	-0.780	-0.772	-0.933	-0.864	-0.752	-0.781	-0.866	-0.929	-0.797	-0.928	-0.923	-0.928	-0.927	-0.701	-0.703	-0.545	-0.537	-0.563	-0.779	-0.895	-0.898	-0.898	-0.840	-0.985	-0.889	-0.977	-0.982	-0.982	-0.982	-0.982	-0.982	-0.889	-0.590	-0.978	-0.978	-0.572	-0.558	-0.557	-0.565	-0.557	-0.557	-0.957	-0.622	-0.966	-0.657	-0.960	-0.949	-0.942	-0.942	-0.981	-0.942	-0.943	-0.944	-0.945	-0.945	-0.951	-0.665	-0.945	-0.946	-0.970	-0.947	-0.919	-0.950	
rs77666373     -0.498	-0.631	-0.622	-0.616	-0.600	-0.761	-0.730	-0.704	-0.689	-0.562	-0.792	-0.705	-0.655	-0.705	-0.705	-0.705	-0.623	-0.699	-0.444	-0.823	-0.632	-0.449	-0.645	-0.641	-0.351	-0.636	-0.739	-0.454	-0.740	-0.826	-0.624	-0.739	-0.738	-0.731	-0.454	-0.734	-0.455	-0.732	-0.456	-0.457	-0.652	-0.458	-0.746	-0.751	-0.753	-0.752	-0.822	-0.822	-0.823	-0.827	-0.606	-0.833	-0.564	-0.481	-0.482	-0.861	-0.861	-0.861	-0.861	-0.834	-0.860	-0.860	-0.860	-0.860	-0.860	-0.483	-0.864	-0.864	-0.717	-0.863	-0.760	-0.862	-0.862	-0.764	-0.484	-0.724	-0.849	-0.484	-0.853	-0.484	-0.846	-0.848	-0.847	-0.485	-0.849	-0.847	-0.486	-0.730	-0.424	-0.485	-0.423	-0.852	-0.697	-0.484	-0.721	-0.787	-0.706	-0.735	-0.625	-0.595	-0.698	-0.785	-0.711	-0.787	-0.790	-0.553	-0.760	-0.759	-0.855	-0.708	-0.646	-0.787	-0.692	-0.786	-0.786	-0.786	-0.767	-0.701	-0.786	-0.705	-0.685	-0.505	-0.708	-0.785	-0.719	-0.784	-0.779	-0.784	-0.783	-0.718	-0.715	-0.492	-0.480	-0.504	-0.710	-0.753	-0.756	-0.756	-0.821	-0.832	-0.748	-0.839	-0.837	-0.838	-0.838	-0.838	-0.837	-0.748	-0.460	-0.837	-0.837	-0.451	-0.441	-0.442	-0.449	-0.442	-0.442	-0.852	-0.520	-0.856	-0.543	-0.853	-0.779	-0.838	-0.838	-0.863	-0.839	-0.839	-0.840	-0.840	-0.840	-0.843	-0.548	-0.840	-0.841	-0.859	-0.841	-0.824	-0.843	
rs3828770      -0.490	-0.672	-0.661	-0.654	-0.634	-0.860	-0.813	-0.596	-0.569	-0.535	-0.913	-0.774	-0.700	-0.782	-0.782	-0.783	-0.658	-0.840	-0.619	-0.940	-0.645	-0.627	-0.647	-0.646	-0.636	-0.518	-0.924	-0.637	-0.924	-0.952	-0.638	-0.923	-0.923	-0.919	-0.637	-0.921	-0.640	-0.919	-0.642	-0.643	-0.656	-0.646	-0.928	-0.931	-0.932	-0.931	-0.938	-0.938	-0.956	-0.956	-0.661	-0.948	-0.816	-0.658	-0.658	-0.969	-0.969	-0.969	-0.969	-0.972	-0.971	-0.971	-0.972	-0.972	-0.972	-0.661	-0.960	-0.957	-0.779	-0.941	-0.908	-0.969	-0.970	-0.911	-0.661	-0.864	-0.888	-0.661	-0.990	-0.661	-0.880	-0.886	-0.882	-0.661	-0.887	-0.883	-0.662	-0.870	-0.802	-0.661	-0.801	-0.896	-0.836	-0.649	-0.790	-0.929	-0.863	-0.809	-0.695	-0.661	-0.856	-0.802	-0.867	-0.804	-0.811	-0.615	-0.764	-0.764	-0.993	-0.865	-0.697	-0.927	-0.757	-0.930	-0.930	-0.930	-0.776	-0.768	-0.930	-0.862	-0.748	-0.778	-0.864	-0.926	-0.793	-0.925	-0.920	-0.924	-0.924	-0.696	-0.698	-0.541	-0.533	-0.559	-0.775	-0.892	-0.895	-0.895	-0.836	-0.983	-0.886	-0.974	-0.980	-0.979	-0.979	-0.979	-0.980	-0.885	-0.586	-0.975	-0.975	-0.568	-0.553	-0.553	-0.560	-0.553	-0.553	-0.953	-0.618	-0.963	-0.653	-0.957	-0.946	-0.938	-0.938	-0.978	-0.939	-0.939	-0.941	-0.942	-0.942	-0.948	-0.661	-0.942	-0.943	-0.967	-0.943	-0.916	-0.947	
rs2208609      -0.574	-0.629	-0.616	-0.607	-0.581	-0.828	-0.753	-0.504	-0.471	-0.614	-0.943	-0.874	-0.645	-0.879	-0.879	-0.880	-0.920	-0.880	-0.725	-0.937	-0.922	-0.732	-0.926	-0.925	-0.739	-0.924	-0.573	-0.740	-0.711	-0.957	-0.919	-0.704	-0.711	-0.703	-0.740	-0.711	-0.742	-0.708	-0.744	-0.744	-0.929	-0.747	-0.730	-0.732	-0.731	-0.731	-0.934	-0.933	-0.574	-0.540	-0.910	-0.636	-0.883	-0.754	-0.754	-0.807	-0.806	-0.806	-0.806	-0.863	-0.815	-0.814	-0.819	-0.820	-0.819	-0.757	-0.779	-0.768	-0.735	-0.716	-0.939	-0.806	-0.812	-0.942	-0.757	-0.670	-0.616	-0.757	-0.888	-0.757	-0.596	-0.610	-0.601	-0.757	-0.613	-0.602	-0.758	-0.682	-0.867	-0.756	-0.867	-0.635	-0.640	-0.746	-0.764	-0.779	-0.907	-0.788	-0.648	-0.610	-0.902	-0.490	-0.911	-0.494	-0.510	-0.556	-0.418	-0.417	-0.930	-0.910	-0.662	-0.803	-0.725	-0.784	-0.784	-0.784	-0.442	-0.739	-0.784	-0.907	-0.714	-0.857	-0.909	-0.800	-0.771	-0.798	-0.790	-0.797	-0.797	-0.358	-0.292	-0.501	-0.462	-0.492	-0.767	-0.739	-0.745	-0.745	-0.606	-1.010	-0.729	-0.888	-1.000	-0.997	-0.997	-0.997	-0.999	-0.730	-0.693	-0.990	-0.990	-0.678	-0.666	-0.665	-0.672	-0.665	-0.665	-0.923	-0.720	-0.943	-0.750	-0.934	-0.978	-0.921	-0.921	-0.978	-0.922	-0.922	-0.925	-0.926	-0.926	-0.934	-0.757	-0.926	-0.928	-0.962	-0.928	-0.895	-0.933	
rs78423529     -0.498	-0.631	-0.623	-0.616	-0.600	-0.761	-0.731	-0.705	-0.690	-0.562	-0.792	-0.705	-0.655	-0.706	-0.705	-0.705	-0.624	-0.699	-0.444	-0.823	-0.633	-0.450	-0.645	-0.642	-0.454	-0.637	-0.740	-0.351	-0.741	-0.827	-0.625	-0.739	-0.738	-0.731	-0.454	-0.735	-0.455	-0.733	-0.457	-0.457	-0.653	-0.458	-0.747	-0.752	-0.754	-0.752	-0.822	-0.822	-0.823	-0.828	-0.606	-0.834	-0.565	-0.482	-0.482	-0.862	-0.862	-0.862	-0.862	-0.834	-0.861	-0.861	-0.860	-0.860	-0.861	-0.483	-0.864	-0.865	-0.717	-0.864	-0.760	-0.863	-0.862	-0.764	-0.485	-0.724	-0.850	-0.485	-0.854	-0.485	-0.846	-0.849	-0.847	-0.485	-0.849	-0.847	-0.487	-0.731	-0.426	-0.485	-0.425	-0.853	-0.697	-0.484	-0.721	-0.787	-0.706	-0.735	-0.626	-0.595	-0.699	-0.786	-0.711	-0.787	-0.791	-0.553	-0.760	-0.760	-0.856	-0.709	-0.646	-0.787	-0.692	-0.787	-0.787	-0.787	-0.767	-0.702	-0.787	-0.706	-0.685	-0.506	-0.708	-0.786	-0.720	-0.785	-0.780	-0.784	-0.784	-0.719	-0.716	-0.492	-0.480	-0.505	-0.710	-0.754	-0.757	-0.757	-0.822	-0.833	-0.748	-0.840	-0.838	-0.839	-0.839	-0.839	-0.838	-0.749	-0.459	-0.838	-0.838	-0.451	-0.441	-0.441	-0.449	-0.441	-0.441	-0.853	-0.520	-0.856	-0.543	-0.853	-0.780	-0.839	-0.839	-0.864	-0.839	-0.839	-0.840	-0.841	-0.841	-0.844	-0.549	-0.841	-0.842	-0.859	-0.842	-0.824	-0.844	
rs6940436      -0.575	-0.631	-0.617	-0.608	-0.582	-0.828	-0.753	-0.506	-0.473	-0.616	-0.944	-0.875	-0.646	-0.880	-0.880	-0.880	-0.920	-0.881	-0.726	-0.938	-0.923	-0.733	-0.927	-0.926	-0.740	-0.924	-0.711	-0.741	-0.574	-0.957	-0.920	-0.711	-0.706	-0.708	-0.741	-0.706	-0.743	-0.712	-0.745	-0.745	-0.929	-0.748	-0.732	-0.734	-0.733	-0.734	-0.934	-0.934	-0.582	-0.524	-0.911	-0.632	-0.884	-0.755	-0.755	-0.808	-0.808	-0.807	-0.807	-0.864	-0.816	-0.815	-0.820	-0.821	-0.820	-0.757	-0.780	-0.770	-0.736	-0.717	-0.940	-0.806	-0.812	-0.942	-0.757	-0.672	-0.616	-0.758	-0.889	-0.757	-0.595	-0.610	-0.600	-0.757	-0.612	-0.602	-0.759	-0.684	-0.868	-0.757	-0.867	-0.635	-0.641	-0.747	-0.765	-0.780	-0.908	-0.789	-0.650	-0.611	-0.902	-0.492	-0.912	-0.496	-0.513	-0.557	-0.420	-0.420	-0.931	-0.910	-0.662	-0.804	-0.726	-0.785	-0.785	-0.785	-0.445	-0.739	-0.785	-0.908	-0.715	-0.858	-0.909	-0.801	-0.772	-0.799	-0.791	-0.799	-0.798	-0.360	-0.294	-0.503	-0.464	-0.494	-0.768	-0.741	-0.746	-0.746	-0.605	-1.011	-0.731	-0.889	-1.000	-0.998	-0.998	-0.998	-1.000	-0.732	-0.694	-0.991	-0.991	-0.679	-0.666	-0.666	-0.673	-0.666	-0.666	-0.924	-0.721	-0.944	-0.750	-0.935	-0.979	-0.922	-0.923	-0.979	-0.923	-0.924	-0.926	-0.927	-0.927	-0.935	-0.758	-0.927	-0.929	-0.963	-0.929	-0.896	-0.934	
rs16868567     -0.664	-0.829	-0.819	-0.812	-0.795	-0.999	-0.965	-0.893	-0.876	-0.804	-1.015	-0.937	-0.855	-0.936	-0.936	-0.935	-0.942	-0.928	-0.816	-0.729	-0.949	-0.821	-0.957	-0.955	-0.826	-0.952	-0.957	-0.827	-0.957	-0.608	-0.943	-0.956	-0.955	-0.948	-0.827	-0.951	-0.828	-0.950	-0.829	-0.830	-0.962	-0.831	-0.964	-0.969	-0.971	-0.970	-0.734	-0.733	-1.039	-1.043	-0.929	-1.049	-0.928	-0.835	-0.835	-1.067	-1.067	-1.067	-1.067	-1.053	-1.066	-1.066	-1.066	-1.066	-1.066	-0.837	-1.068	-1.067	-0.329	-1.063	-0.965	-1.068	-1.067	-0.970	-0.837	-0.949	-1.029	-0.837	-1.064	-0.837	-1.024	-1.028	-1.025	-0.837	-1.029	-1.026	-0.838	-0.955	-0.889	-0.837	-0.889	-1.034	-0.926	-0.829	-0.578	-1.010	-0.910	-0.630	-0.421	-0.331	-0.901	-0.953	-0.915	-0.955	-0.960	-0.234	-0.921	-0.921	-1.069	-0.913	-0.397	-1.012	-0.522	-1.011	-1.011	-1.011	-0.931	-0.547	-1.010	-0.910	-0.500	-0.904	-0.912	-1.011	-0.621	-1.010	-1.005	-1.009	-1.009	-0.874	-0.866	-0.187	-0.068	-0.109	-0.619	-0.980	-0.983	-0.983	-0.999	-1.058	-0.975	-1.057	-1.060	-1.060	-1.060	-1.060	-1.060	-0.975	-0.788	-1.058	-1.058	-0.775	-0.765	-0.765	-0.770	-0.764	-0.764	-1.040	-0.801	-1.053	-0.824	-1.048	-1.044	-1.034	-1.034	-1.066	-1.034	-1.035	-1.036	-1.037	-1.037	-1.040	-0.830	-1.037	-1.038	-1.059	-1.038	-1.016	-1.041	
rs17712597     -0.476	-0.661	-0.650	-0.642	-0.622	-0.850	-0.802	-0.579	-0.552	-0.520	-0.904	-0.763	-0.688	-0.772	-0.772	-0.773	-0.657	-0.832	-0.606	-0.931	-0.642	-0.615	-0.639	-0.639	-0.624	-0.638	-0.919	-0.625	-0.920	-0.943	-0.510	-0.919	-0.918	-0.914	-0.625	-0.917	-0.627	-0.915	-0.630	-0.630	-0.641	-0.633	-0.923	-0.926	-0.927	-0.926	-0.929	-0.928	-0.949	-0.948	-0.662	-0.939	-0.807	-0.646	-0.646	-0.960	-0.960	-0.960	-0.959	-0.964	-0.962	-0.962	-0.963	-0.963	-0.963	-0.649	-0.950	-0.947	-0.768	-0.931	-0.902	-0.960	-0.961	-0.905	-0.649	-0.854	-0.876	-0.649	-0.981	-0.649	-0.868	-0.874	-0.870	-0.649	-0.875	-0.871	-0.650	-0.861	-0.795	-0.649	-0.795	-0.884	-0.826	-0.637	-0.780	-0.920	-0.857	-0.798	-0.684	-0.650	-0.850	-0.789	-0.861	-0.791	-0.798	-0.604	-0.751	-0.751	-0.984	-0.859	-0.686	-0.918	-0.746	-0.921	-0.921	-0.921	-0.763	-0.757	-0.921	-0.857	-0.737	-0.769	-0.859	-0.917	-0.783	-0.915	-0.911	-0.915	-0.915	-0.682	-0.684	-0.529	-0.522	-0.548	-0.764	-0.882	-0.885	-0.885	-0.823	-0.975	-0.876	-0.965	-0.972	-0.971	-0.971	-0.971	-0.972	-0.876	-0.573	-0.967	-0.967	-0.554	-0.539	-0.539	-0.547	-0.539	-0.539	-0.944	-0.606	-0.954	-0.641	-0.948	-0.939	-0.929	-0.929	-0.969	-0.929	-0.930	-0.932	-0.932	-0.932	-0.938	-0.650	-0.932	-0.933	-0.958	-0.934	-0.906	-0.937	
