## Summary of overall evidence for association with region:
## log10(BF for region) = -0.601388
## p-value for region = NA

## BFs for choosing among multi-SNP models:
## log10(average 1-SNP BF) = -0.526138
## log10(average 2-SNP BF) = -0.80786

## Example posterior probabilities for multi-SNP models, based on default prior: [p(l) propto 0.5^l for l=1,2,...,L]
## posterior probability of 1-SNP = 0.792792
## posterior probability of 2-SNP = 0.207208

## log10(BF) for single SNP and pair of SNPs:
rs9854338      -0.530	-0.662	-0.746	-0.676	-0.658	-0.677	-0.677	-0.678	-0.687	-0.687	-0.687	-0.687	-0.678	-0.677	-0.660	-0.680	-0.699	-0.680	-0.679	-0.680	-0.677	-0.733	-0.746	-0.800	-0.806	-0.814	-0.814	-0.815	-0.815	-0.815	-0.806	-0.903	-0.815	-0.790	-0.815	-0.792	-0.811	-0.817	-0.814	-0.887	-0.857	-0.897	-0.825	-0.857	-0.895	-0.935	-0.889	-0.943	-0.932	-0.891	-0.858	-0.943	-0.900	-0.921	-0.916	-0.916	-0.815	-0.904	-0.908	-0.852	-0.907	-0.907	-0.950	-0.907	-0.916	-0.852	-0.822	-0.852	-0.849	-0.850	-0.850	-0.917	-0.918	-0.922	-0.838	-0.944	-0.845	-0.837	-0.590	-0.951	-0.953	-0.834	-0.818	-0.957	-0.662	-0.955	-0.862	-0.958	-0.691	-0.861	-0.522	-0.856	-0.868	-0.862	-0.957	-0.402	-0.860	-0.957	-0.862	-0.410	-0.957	-0.957	-0.957	-0.957	-0.707	-0.867	-0.556	-0.955	-0.983	-0.489	-0.519	-0.520	-0.831	-0.847	-0.519	-0.521	-0.526	-0.536	-0.524	-0.527	-0.827	-0.869	-0.527	-0.559	-0.853	-0.980	-0.841	-0.851	-0.983	-0.982	-0.982	-0.983	-0.834	-0.984	-0.833	-0.870	-0.833	-0.984	-0.832	-0.985	-0.832	-0.987	-0.985	-0.974	-0.984	-0.986	-0.987	-0.986	-0.986	-0.835	-0.983	-0.979	-0.988	-0.951	-0.986	-0.988	-0.984	-0.987	-0.984	-0.984	-0.866	-0.920	-0.838	-0.980	-0.983	-0.973	-0.911	-0.859	-0.791	-0.981	-0.854	-0.869	-0.849	-0.854	-0.971	-0.794	-0.813	-0.811	-0.950	
rs2344952      -0.662	-0.545	-0.746	-0.702	-0.696	-0.703	-0.703	-0.703	-0.703	-0.703	-0.703	-0.704	-0.704	-0.704	-0.697	-0.706	-0.712	-0.707	-0.707	-0.707	-0.707	-0.751	-0.751	-0.803	-0.825	-0.829	-0.829	-0.830	-0.830	-0.830	-0.826	-0.912	-0.831	-0.791	-0.831	-0.793	-0.830	-0.833	-0.831	-0.908	-0.872	-0.904	-0.840	-0.872	-0.916	-0.952	-0.911	-0.960	-0.950	-0.912	-0.872	-0.960	-0.920	-0.940	-0.936	-0.936	-0.840	-0.925	-0.928	-0.865	-0.927	-0.927	-0.963	-0.927	-0.936	-0.865	-0.846	-0.865	-0.862	-0.864	-0.864	-0.936	-0.937	-0.942	-0.851	-0.958	-0.859	-0.850	-0.595	-0.968	-0.969	-0.847	-0.830	-0.973	-0.694	-0.971	-0.875	-0.974	-0.697	-0.874	-0.557	-0.869	-0.881	-0.875	-0.973	-0.404	-0.873	-0.973	-0.875	-0.411	-0.973	-0.973	-0.973	-0.973	-0.714	-0.880	-0.589	-0.970	-0.995	-0.491	-0.553	-0.555	-0.853	-0.868	-0.554	-0.555	-0.561	-0.571	-0.559	-0.561	-0.851	-0.883	-0.562	-0.592	-0.874	-0.993	-0.857	-0.872	-0.997	-0.995	-0.995	-0.997	-0.850	-0.997	-0.849	-0.891	-0.849	-0.997	-0.848	-0.998	-0.848	-1.000	-0.998	-0.985	-0.997	-1.000	-1.001	-1.000	-0.999	-0.851	-0.995	-0.994	-1.002	-0.969	-0.999	-1.001	-0.997	-1.000	-0.997	-0.997	-0.886	-0.929	-0.854	-0.992	-0.998	-0.985	-0.927	-0.874	-0.797	-0.994	-0.862	-0.877	-0.865	-0.869	-0.982	-0.800	-0.826	-0.819	-0.961	
rs9868240      -0.746	-0.746	-0.488	-0.735	-0.726	-0.735	-0.735	-0.735	-0.740	-0.740	-0.740	-0.740	-0.735	-0.734	-0.726	-0.735	-0.745	-0.734	-0.734	-0.734	-0.733	-0.758	-0.773	-0.799	-0.763	-0.779	-0.779	-0.780	-0.780	-0.780	-0.762	-0.883	-0.779	-0.739	-0.779	-0.740	-0.769	-0.779	-0.774	-0.837	-0.813	-0.863	-0.786	-0.813	-0.846	-0.873	-0.840	-0.883	-0.888	-0.841	-0.814	-0.883	-0.851	-0.871	-0.864	-0.864	-0.743	-0.851	-0.855	-0.812	-0.854	-0.854	-0.913	-0.854	-0.864	-0.812	-0.751	-0.812	-0.810	-0.811	-0.811	-0.865	-0.866	-0.872	-0.801	-0.908	-0.806	-0.798	-0.577	-0.906	-0.908	-0.797	-0.782	-0.915	-0.565	-0.911	-0.822	-0.915	-0.673	-0.821	-0.418	-0.818	-0.826	-0.822	-0.914	-0.395	-0.821	-0.914	-0.822	-0.402	-0.914	-0.914	-0.914	-0.914	-0.686	-0.826	-0.456	-0.882	-0.941	-0.480	-0.415	-0.416	-0.781	-0.797	-0.415	-0.417	-0.424	-0.435	-0.422	-0.424	-0.709	-0.828	-0.425	-0.459	-0.787	-0.942	-0.794	-0.784	-0.944	-0.944	-0.944	-0.944	-0.786	-0.944	-0.785	-0.806	-0.784	-0.947	-0.783	-0.948	-0.783	-0.948	-0.947	-0.941	-0.947	-0.948	-0.948	-0.945	-0.948	-0.787	-0.946	-0.927	-0.947	-0.905	-0.948	-0.948	-0.947	-0.949	-0.947	-0.947	-0.801	-0.892	-0.790	-0.944	-0.940	-0.939	-0.865	-0.816	-0.774	-0.945	-0.833	-0.846	-0.803	-0.808	-0.937	-0.777	-0.773	-0.788	-0.918	
rs9868392      -0.676	-0.702	-0.735	-0.561	-0.694	-0.692	-0.692	-0.692	-0.682	-0.681	-0.682	-0.683	-0.694	-0.697	-0.695	-0.698	-0.693	-0.700	-0.701	-0.701	-0.701	-0.751	-0.740	-0.804	-0.838	-0.838	-0.838	-0.839	-0.839	-0.839	-0.839	-0.918	-0.840	-0.785	-0.840	-0.787	-0.841	-0.842	-0.842	-0.928	-0.886	-0.910	-0.857	-0.886	-0.935	-0.968	-0.930	-0.975	-0.967	-0.931	-0.886	-0.976	-0.939	-0.958	-0.954	-0.954	-0.861	-0.944	-0.947	-0.879	-0.946	-0.946	-0.976	-0.946	-0.954	-0.879	-0.866	-0.879	-0.876	-0.878	-0.877	-0.954	-0.955	-0.959	-0.865	-0.973	-0.873	-0.864	-0.598	-0.984	-0.985	-0.861	-0.844	-0.988	-0.722	-0.986	-0.889	-0.989	-0.702	-0.888	-0.588	-0.883	-0.895	-0.889	-0.988	-0.403	-0.887	-0.988	-0.889	-0.411	-0.988	-0.988	-0.988	-0.988	-0.721	-0.894	-0.619	-0.985	-1.008	-0.492	-0.584	-0.585	-0.873	-0.888	-0.584	-0.586	-0.591	-0.601	-0.589	-0.591	-0.873	-0.897	-0.592	-0.621	-0.895	-1.007	-0.872	-0.893	-1.011	-1.008	-1.008	-1.011	-0.865	-1.011	-0.864	-0.911	-0.864	-1.010	-0.863	-1.011	-0.863	-1.014	-1.011	-0.996	-1.010	-1.013	-1.014	-1.015	-1.012	-0.866	-1.008	-1.010	-1.016	-0.986	-1.012	-1.015	-1.010	-1.013	-1.009	-1.009	-0.906	-0.938	-0.869	-1.004	-1.014	-0.996	-0.943	-0.889	-0.802	-1.006	-0.868	-0.884	-0.880	-0.884	-0.994	-0.805	-0.841	-0.826	-0.973	
rs9831246      -0.658	-0.696	-0.726	-0.694	-0.573	-0.694	-0.694	-0.694	-0.671	-0.669	-0.671	-0.673	-0.697	-0.703	-0.707	-0.703	-0.684	-0.708	-0.710	-0.709	-0.712	-0.758	-0.735	-0.804	-0.850	-0.847	-0.847	-0.848	-0.848	-0.848	-0.852	-0.923	-0.850	-0.781	-0.850	-0.783	-0.853	-0.852	-0.853	-0.946	-0.898	-0.914	-0.870	-0.898	-0.953	-0.983	-0.948	-0.989	-0.982	-0.949	-0.898	-0.989	-0.957	-0.974	-0.970	-0.970	-0.881	-0.961	-0.963	-0.890	-0.963	-0.963	-0.986	-0.963	-0.970	-0.890	-0.885	-0.890	-0.887	-0.888	-0.888	-0.971	-0.971	-0.975	-0.875	-0.984	-0.884	-0.874	-0.599	-0.997	-0.998	-0.872	-0.854	-1.001	-0.750	-1.000	-0.899	-1.001	-0.705	-0.898	-0.619	-0.894	-0.906	-0.899	-1.001	-0.402	-0.897	-1.001	-0.900	-0.409	-1.001	-1.001	-1.001	-1.001	-0.726	-0.905	-0.649	-0.998	-1.018	-0.492	-0.615	-0.616	-0.892	-0.906	-0.616	-0.617	-0.622	-0.631	-0.620	-0.622	-0.893	-0.908	-0.623	-0.650	-0.913	-1.017	-0.885	-0.911	-1.021	-1.019	-1.019	-1.022	-0.879	-1.022	-0.877	-0.928	-0.877	-1.020	-0.877	-1.021	-0.877	-1.024	-1.021	-1.005	-1.020	-1.023	-1.025	-1.027	-1.022	-0.879	-1.017	-1.022	-1.028	-1.001	-1.022	-1.025	-1.020	-1.024	-1.019	-1.019	-0.924	-0.945	-0.882	-1.014	-1.026	-1.005	-0.956	-0.901	-0.805	-1.016	-0.873	-0.888	-0.893	-0.897	-1.003	-0.808	-0.852	-0.831	-0.981	
rs66930226     -0.677	-0.703	-0.735	-0.692	-0.694	-0.561	-0.692	-0.692	-0.682	-0.681	-0.682	-0.683	-0.693	-0.696	-0.694	-0.696	-0.692	-0.699	-0.700	-0.699	-0.700	-0.751	-0.740	-0.804	-0.837	-0.837	-0.838	-0.838	-0.838	-0.839	-0.839	-0.918	-0.840	-0.785	-0.840	-0.787	-0.841	-0.842	-0.842	-0.928	-0.886	-0.910	-0.857	-0.886	-0.935	-0.968	-0.930	-0.976	-0.967	-0.931	-0.886	-0.976	-0.939	-0.958	-0.954	-0.954	-0.861	-0.944	-0.947	-0.879	-0.946	-0.946	-0.976	-0.946	-0.954	-0.879	-0.866	-0.879	-0.876	-0.878	-0.878	-0.954	-0.955	-0.959	-0.865	-0.973	-0.873	-0.864	-0.598	-0.984	-0.985	-0.861	-0.844	-0.988	-0.722	-0.987	-0.889	-0.989	-0.702	-0.888	-0.588	-0.883	-0.895	-0.889	-0.988	-0.403	-0.887	-0.988	-0.889	-0.411	-0.988	-0.988	-0.988	-0.988	-0.721	-0.894	-0.619	-0.985	-1.008	-0.493	-0.584	-0.585	-0.874	-0.888	-0.584	-0.586	-0.591	-0.600	-0.589	-0.591	-0.873	-0.897	-0.592	-0.621	-0.895	-1.007	-0.872	-0.893	-1.011	-1.009	-1.009	-1.011	-0.866	-1.011	-0.864	-0.911	-0.864	-1.010	-0.864	-1.011	-0.863	-1.014	-1.011	-0.996	-1.010	-1.013	-1.014	-1.015	-1.012	-0.866	-1.008	-1.010	-1.016	-0.986	-1.012	-1.015	-1.010	-1.014	-1.010	-1.010	-0.906	-0.938	-0.869	-1.004	-1.014	-0.997	-0.943	-0.889	-0.802	-1.006	-0.868	-0.884	-0.880	-0.885	-0.994	-0.806	-0.841	-0.826	-0.973	
rs9837036      -0.677	-0.703	-0.735	-0.692	-0.694	-0.692	-0.561	-0.692	-0.682	-0.681	-0.682	-0.683	-0.693	-0.696	-0.694	-0.696	-0.692	-0.699	-0.699	-0.699	-0.699	-0.751	-0.740	-0.804	-0.837	-0.837	-0.838	-0.838	-0.838	-0.839	-0.839	-0.918	-0.840	-0.785	-0.840	-0.787	-0.841	-0.842	-0.842	-0.928	-0.886	-0.910	-0.857	-0.886	-0.935	-0.969	-0.930	-0.976	-0.967	-0.931	-0.887	-0.976	-0.939	-0.958	-0.954	-0.954	-0.861	-0.944	-0.947	-0.880	-0.946	-0.946	-0.976	-0.946	-0.954	-0.880	-0.866	-0.879	-0.876	-0.878	-0.878	-0.954	-0.955	-0.959	-0.865	-0.973	-0.873	-0.864	-0.598	-0.984	-0.985	-0.861	-0.844	-0.988	-0.722	-0.987	-0.889	-0.989	-0.702	-0.888	-0.588	-0.883	-0.895	-0.889	-0.988	-0.403	-0.887	-0.988	-0.889	-0.411	-0.988	-0.988	-0.988	-0.988	-0.721	-0.894	-0.619	-0.985	-1.008	-0.493	-0.584	-0.585	-0.874	-0.888	-0.584	-0.586	-0.591	-0.600	-0.589	-0.591	-0.873	-0.897	-0.592	-0.621	-0.895	-1.007	-0.872	-0.893	-1.011	-1.009	-1.009	-1.011	-0.866	-1.011	-0.865	-0.911	-0.864	-1.010	-0.864	-1.011	-0.864	-1.014	-1.011	-0.996	-1.010	-1.013	-1.014	-1.015	-1.012	-0.867	-1.008	-1.010	-1.017	-0.986	-1.012	-1.015	-1.010	-1.014	-1.010	-1.010	-0.906	-0.938	-0.869	-1.004	-1.014	-0.997	-0.943	-0.889	-0.802	-1.006	-0.868	-0.884	-0.880	-0.885	-0.994	-0.806	-0.841	-0.826	-0.973	
rs9874586      -0.678	-0.703	-0.735	-0.692	-0.694	-0.692	-0.692	-0.561	-0.681	-0.681	-0.681	-0.683	-0.693	-0.696	-0.694	-0.696	-0.691	-0.699	-0.699	-0.699	-0.699	-0.751	-0.739	-0.804	-0.837	-0.837	-0.838	-0.838	-0.839	-0.839	-0.839	-0.919	-0.840	-0.785	-0.840	-0.787	-0.841	-0.842	-0.842	-0.928	-0.886	-0.910	-0.858	-0.886	-0.936	-0.969	-0.930	-0.976	-0.967	-0.931	-0.887	-0.976	-0.940	-0.958	-0.954	-0.954	-0.861	-0.944	-0.947	-0.880	-0.946	-0.946	-0.976	-0.946	-0.954	-0.880	-0.866	-0.879	-0.876	-0.878	-0.878	-0.955	-0.955	-0.959	-0.865	-0.973	-0.873	-0.864	-0.598	-0.984	-0.985	-0.861	-0.845	-0.988	-0.722	-0.987	-0.889	-0.989	-0.702	-0.888	-0.588	-0.883	-0.896	-0.889	-0.988	-0.403	-0.887	-0.988	-0.890	-0.411	-0.988	-0.988	-0.988	-0.988	-0.721	-0.894	-0.619	-0.985	-1.008	-0.493	-0.584	-0.585	-0.874	-0.888	-0.584	-0.586	-0.591	-0.600	-0.589	-0.591	-0.873	-0.897	-0.592	-0.621	-0.895	-1.007	-0.872	-0.893	-1.011	-1.009	-1.009	-1.011	-0.866	-1.011	-0.865	-0.911	-0.864	-1.010	-0.864	-1.011	-0.864	-1.014	-1.011	-0.997	-1.010	-1.013	-1.014	-1.015	-1.012	-0.867	-1.008	-1.010	-1.017	-0.986	-1.012	-1.015	-1.010	-1.014	-1.010	-1.010	-0.906	-0.939	-0.869	-1.004	-1.014	-0.997	-0.943	-0.889	-0.802	-1.007	-0.869	-0.884	-0.880	-0.885	-0.994	-0.806	-0.841	-0.826	-0.973	
rs6801679      -0.687	-0.703	-0.740	-0.682	-0.671	-0.682	-0.682	-0.681	-0.550	-0.679	-0.679	-0.680	-0.681	-0.681	-0.667	-0.682	-0.693	-0.682	-0.682	-0.682	-0.680	-0.741	-0.741	-0.803	-0.823	-0.827	-0.827	-0.828	-0.828	-0.828	-0.824	-0.913	-0.829	-0.787	-0.829	-0.789	-0.828	-0.831	-0.829	-0.910	-0.875	-0.905	-0.845	-0.875	-0.918	-0.955	-0.913	-0.962	-0.953	-0.914	-0.875	-0.962	-0.923	-0.942	-0.938	-0.938	-0.841	-0.927	-0.930	-0.869	-0.930	-0.929	-0.966	-0.929	-0.938	-0.869	-0.847	-0.869	-0.866	-0.867	-0.867	-0.939	-0.939	-0.944	-0.855	-0.962	-0.862	-0.853	-0.596	-0.970	-0.972	-0.851	-0.835	-0.976	-0.696	-0.974	-0.878	-0.976	-0.698	-0.878	-0.559	-0.873	-0.885	-0.878	-0.975	-0.403	-0.876	-0.975	-0.879	-0.411	-0.976	-0.975	-0.975	-0.975	-0.716	-0.884	-0.591	-0.973	-0.999	-0.492	-0.555	-0.556	-0.856	-0.871	-0.555	-0.557	-0.562	-0.572	-0.560	-0.563	-0.854	-0.886	-0.563	-0.593	-0.878	-0.997	-0.860	-0.875	-1.000	-0.998	-0.998	-1.000	-0.853	-1.001	-0.852	-0.894	-0.852	-1.000	-0.851	-1.001	-0.851	-1.003	-1.001	-0.988	-1.000	-1.003	-1.004	-1.004	-1.002	-0.854	-0.998	-0.998	-1.005	-0.972	-1.002	-1.004	-1.000	-1.003	-1.000	-1.000	-0.890	-0.932	-0.857	-0.995	-1.002	-0.988	-0.930	-0.877	-0.799	-0.997	-0.864	-0.879	-0.868	-0.872	-0.985	-0.802	-0.830	-0.821	-0.965	
rs6764038      -0.687	-0.703	-0.740	-0.681	-0.669	-0.681	-0.681	-0.681	-0.679	-0.549	-0.679	-0.680	-0.680	-0.680	-0.665	-0.681	-0.693	-0.681	-0.681	-0.681	-0.679	-0.741	-0.741	-0.803	-0.823	-0.826	-0.827	-0.827	-0.828	-0.828	-0.824	-0.912	-0.828	-0.788	-0.828	-0.789	-0.827	-0.830	-0.829	-0.910	-0.874	-0.905	-0.844	-0.874	-0.918	-0.954	-0.912	-0.962	-0.952	-0.913	-0.875	-0.962	-0.922	-0.942	-0.937	-0.937	-0.840	-0.926	-0.929	-0.868	-0.929	-0.929	-0.965	-0.929	-0.937	-0.868	-0.846	-0.868	-0.865	-0.867	-0.867	-0.938	-0.939	-0.943	-0.854	-0.961	-0.862	-0.853	-0.596	-0.970	-0.971	-0.851	-0.834	-0.975	-0.695	-0.973	-0.878	-0.976	-0.698	-0.877	-0.557	-0.873	-0.884	-0.878	-0.975	-0.403	-0.876	-0.975	-0.878	-0.411	-0.975	-0.975	-0.975	-0.975	-0.716	-0.883	-0.590	-0.973	-0.998	-0.492	-0.553	-0.555	-0.855	-0.870	-0.554	-0.556	-0.561	-0.571	-0.559	-0.561	-0.853	-0.886	-0.562	-0.592	-0.877	-0.996	-0.859	-0.875	-0.999	-0.998	-0.998	-1.000	-0.852	-1.000	-0.851	-0.893	-0.851	-0.999	-0.850	-1.001	-0.850	-1.003	-1.000	-0.988	-1.000	-1.002	-1.003	-1.003	-1.001	-0.853	-0.998	-0.997	-1.005	-0.971	-1.001	-1.004	-0.999	-1.003	-0.999	-0.999	-0.889	-0.931	-0.856	-0.994	-1.001	-0.987	-0.930	-0.877	-0.798	-0.996	-0.863	-0.878	-0.867	-0.872	-0.985	-0.802	-0.830	-0.821	-0.964	
rs6764124      -0.687	-0.703	-0.740	-0.682	-0.671	-0.682	-0.682	-0.681	-0.679	-0.679	-0.550	-0.680	-0.681	-0.681	-0.667	-0.682	-0.693	-0.682	-0.682	-0.682	-0.680	-0.741	-0.741	-0.803	-0.823	-0.827	-0.827	-0.828	-0.828	-0.828	-0.824	-0.913	-0.829	-0.787	-0.829	-0.789	-0.828	-0.831	-0.829	-0.910	-0.875	-0.905	-0.845	-0.875	-0.918	-0.955	-0.913	-0.962	-0.953	-0.914	-0.875	-0.962	-0.923	-0.942	-0.938	-0.938	-0.841	-0.927	-0.930	-0.869	-0.930	-0.929	-0.966	-0.929	-0.938	-0.869	-0.847	-0.869	-0.866	-0.867	-0.867	-0.939	-0.939	-0.944	-0.855	-0.962	-0.862	-0.853	-0.596	-0.970	-0.972	-0.851	-0.835	-0.976	-0.696	-0.974	-0.878	-0.976	-0.698	-0.878	-0.559	-0.873	-0.885	-0.878	-0.975	-0.403	-0.876	-0.975	-0.879	-0.411	-0.976	-0.975	-0.975	-0.975	-0.716	-0.884	-0.591	-0.973	-0.999	-0.492	-0.555	-0.556	-0.856	-0.871	-0.555	-0.557	-0.562	-0.572	-0.560	-0.563	-0.854	-0.886	-0.563	-0.594	-0.878	-0.997	-0.860	-0.875	-1.000	-0.998	-0.998	-1.000	-0.853	-1.001	-0.852	-0.894	-0.852	-1.000	-0.851	-1.001	-0.851	-1.003	-1.001	-0.988	-1.000	-1.003	-1.004	-1.004	-1.002	-0.854	-0.998	-0.998	-1.005	-0.972	-1.002	-1.004	-1.000	-1.003	-1.000	-1.000	-0.890	-0.932	-0.857	-0.995	-1.002	-0.988	-0.930	-0.877	-0.799	-0.997	-0.864	-0.879	-0.868	-0.872	-0.985	-0.802	-0.830	-0.821	-0.965	
rs9846523      -0.687	-0.704	-0.740	-0.683	-0.673	-0.683	-0.683	-0.683	-0.680	-0.680	-0.680	-0.550	-0.682	-0.682	-0.669	-0.683	-0.693	-0.683	-0.683	-0.683	-0.681	-0.742	-0.741	-0.803	-0.824	-0.828	-0.828	-0.829	-0.829	-0.829	-0.825	-0.913	-0.829	-0.787	-0.830	-0.789	-0.828	-0.831	-0.830	-0.911	-0.876	-0.906	-0.846	-0.875	-0.919	-0.956	-0.914	-0.963	-0.954	-0.915	-0.876	-0.963	-0.924	-0.943	-0.939	-0.939	-0.842	-0.928	-0.931	-0.870	-0.931	-0.930	-0.966	-0.930	-0.939	-0.870	-0.848	-0.869	-0.867	-0.868	-0.868	-0.940	-0.940	-0.945	-0.856	-0.963	-0.863	-0.854	-0.596	-0.971	-0.972	-0.852	-0.835	-0.976	-0.698	-0.974	-0.879	-0.977	-0.699	-0.878	-0.561	-0.874	-0.885	-0.879	-0.976	-0.403	-0.877	-0.976	-0.880	-0.411	-0.976	-0.976	-0.976	-0.976	-0.717	-0.884	-0.593	-0.974	-0.999	-0.492	-0.557	-0.558	-0.857	-0.872	-0.557	-0.559	-0.564	-0.574	-0.562	-0.564	-0.855	-0.887	-0.565	-0.595	-0.879	-0.997	-0.861	-0.877	-1.001	-0.999	-0.999	-1.001	-0.854	-1.001	-0.853	-0.895	-0.853	-1.001	-0.852	-1.002	-0.852	-1.004	-1.001	-0.989	-1.001	-1.003	-1.004	-1.004	-1.003	-0.855	-0.999	-0.998	-1.006	-0.973	-1.002	-1.005	-1.001	-1.004	-1.000	-1.000	-0.891	-0.932	-0.858	-0.996	-1.002	-0.988	-0.931	-0.878	-0.799	-0.997	-0.864	-0.879	-0.869	-0.873	-0.986	-0.802	-0.831	-0.821	-0.965	
rs4296600      -0.678	-0.704	-0.735	-0.694	-0.697	-0.693	-0.693	-0.693	-0.681	-0.680	-0.681	-0.682	-0.563	-0.696	-0.695	-0.696	-0.690	-0.698	-0.699	-0.699	-0.699	-0.751	-0.739	-0.804	-0.838	-0.838	-0.838	-0.839	-0.839	-0.839	-0.840	-0.919	-0.840	-0.785	-0.840	-0.787	-0.842	-0.842	-0.842	-0.930	-0.887	-0.911	-0.859	-0.887	-0.937	-0.970	-0.932	-0.977	-0.969	-0.933	-0.888	-0.977	-0.941	-0.959	-0.956	-0.956	-0.863	-0.945	-0.948	-0.881	-0.948	-0.947	-0.977	-0.947	-0.955	-0.881	-0.868	-0.881	-0.878	-0.879	-0.879	-0.956	-0.957	-0.961	-0.866	-0.974	-0.874	-0.865	-0.598	-0.985	-0.986	-0.863	-0.846	-0.990	-0.725	-0.988	-0.890	-0.990	-0.703	-0.889	-0.590	-0.885	-0.897	-0.890	-0.989	-0.403	-0.888	-0.989	-0.891	-0.411	-0.990	-0.989	-0.989	-0.989	-0.722	-0.896	-0.621	-0.987	-1.009	-0.493	-0.586	-0.588	-0.875	-0.890	-0.587	-0.588	-0.593	-0.603	-0.591	-0.594	-0.875	-0.898	-0.594	-0.623	-0.896	-1.008	-0.874	-0.894	-1.012	-1.010	-1.010	-1.012	-0.867	-1.013	-0.866	-0.913	-0.866	-1.011	-0.865	-1.012	-0.865	-1.015	-1.012	-0.998	-1.011	-1.014	-1.016	-1.016	-1.013	-0.868	-1.009	-1.011	-1.018	-0.988	-1.013	-1.016	-1.011	-1.015	-1.011	-1.011	-0.908	-0.939	-0.871	-1.006	-1.015	-0.998	-0.945	-0.890	-0.803	-1.008	-0.869	-0.885	-0.882	-0.886	-0.995	-0.806	-0.842	-0.827	-0.974	
rs148218415    -0.677	-0.704	-0.734	-0.697	-0.703	-0.696	-0.696	-0.696	-0.681	-0.680	-0.681	-0.682	-0.696	-0.565	-0.701	-0.699	-0.689	-0.702	-0.703	-0.702	-0.703	-0.752	-0.738	-0.804	-0.840	-0.839	-0.839	-0.840	-0.840	-0.840	-0.842	-0.920	-0.841	-0.783	-0.841	-0.785	-0.843	-0.843	-0.844	-0.932	-0.890	-0.911	-0.861	-0.890	-0.940	-0.973	-0.935	-0.980	-0.971	-0.936	-0.890	-0.980	-0.944	-0.962	-0.958	-0.958	-0.866	-0.948	-0.951	-0.883	-0.950	-0.950	-0.979	-0.950	-0.958	-0.883	-0.871	-0.883	-0.880	-0.881	-0.881	-0.959	-0.959	-0.963	-0.868	-0.977	-0.876	-0.867	-0.599	-0.987	-0.988	-0.865	-0.848	-0.992	-0.729	-0.990	-0.892	-0.992	-0.703	-0.891	-0.595	-0.887	-0.899	-0.892	-0.991	-0.403	-0.890	-0.991	-0.893	-0.411	-0.992	-0.991	-0.991	-0.991	-0.723	-0.898	-0.626	-0.989	-1.011	-0.493	-0.591	-0.592	-0.879	-0.894	-0.591	-0.593	-0.598	-0.608	-0.596	-0.598	-0.878	-0.901	-0.599	-0.628	-0.900	-1.010	-0.876	-0.897	-1.014	-1.012	-1.012	-1.014	-0.870	-1.014	-0.869	-0.916	-0.868	-1.013	-0.868	-1.014	-0.867	-1.017	-1.014	-0.999	-1.013	-1.016	-1.017	-1.018	-1.015	-0.870	-1.011	-1.013	-1.020	-0.990	-1.015	-1.018	-1.013	-1.017	-1.013	-1.012	-0.911	-0.941	-0.873	-1.007	-1.017	-0.999	-0.947	-0.893	-0.803	-1.009	-0.870	-0.885	-0.884	-0.888	-0.997	-0.807	-0.845	-0.828	-0.976	
rs73140379     -0.660	-0.697	-0.726	-0.695	-0.707	-0.694	-0.694	-0.694	-0.667	-0.665	-0.667	-0.669	-0.695	-0.701	-0.575	-0.700	-0.677	-0.705	-0.707	-0.706	-0.709	-0.757	-0.733	-0.804	-0.851	-0.847	-0.848	-0.848	-0.848	-0.849	-0.853	-0.924	-0.850	-0.780	-0.850	-0.782	-0.854	-0.852	-0.854	-0.948	-0.900	-0.915	-0.872	-0.900	-0.955	-0.985	-0.950	-0.991	-0.984	-0.951	-0.900	-0.991	-0.959	-0.976	-0.972	-0.972	-0.883	-0.963	-0.965	-0.892	-0.965	-0.965	-0.988	-0.965	-0.972	-0.892	-0.887	-0.892	-0.889	-0.890	-0.890	-0.973	-0.973	-0.977	-0.877	-0.986	-0.885	-0.876	-0.600	-0.999	-1.000	-0.873	-0.856	-1.003	-0.753	-1.001	-0.901	-1.003	-0.706	-0.900	-0.623	-0.895	-0.908	-0.901	-1.002	-0.402	-0.899	-1.002	-0.902	-0.410	-1.003	-1.002	-1.002	-1.002	-0.727	-0.907	-0.652	-1.000	-1.020	-0.493	-0.618	-0.620	-0.894	-0.909	-0.619	-0.620	-0.625	-0.634	-0.623	-0.625	-0.896	-0.910	-0.626	-0.653	-0.915	-1.019	-0.887	-0.913	-1.023	-1.020	-1.020	-1.024	-0.881	-1.024	-0.880	-0.931	-0.880	-1.022	-0.879	-1.023	-0.879	-1.026	-1.022	-1.006	-1.021	-1.025	-1.026	-1.028	-1.024	-0.882	-1.019	-1.024	-1.030	-1.003	-1.024	-1.027	-1.021	-1.026	-1.021	-1.021	-0.926	-0.946	-0.884	-1.015	-1.028	-1.007	-0.958	-0.903	-0.806	-1.018	-0.874	-0.890	-0.895	-0.899	-1.004	-0.809	-0.854	-0.832	-0.982	
rs9829982      -0.680	-0.706	-0.735	-0.698	-0.703	-0.696	-0.696	-0.696	-0.682	-0.681	-0.682	-0.683	-0.696	-0.699	-0.700	-0.565	-0.687	-0.698	-0.699	-0.698	-0.699	-0.751	-0.737	-0.804	-0.840	-0.839	-0.839	-0.840	-0.840	-0.840	-0.841	-0.921	-0.841	-0.784	-0.841	-0.786	-0.843	-0.843	-0.843	-0.932	-0.890	-0.912	-0.862	-0.890	-0.940	-0.973	-0.935	-0.980	-0.971	-0.936	-0.890	-0.980	-0.944	-0.962	-0.958	-0.958	-0.866	-0.948	-0.951	-0.883	-0.950	-0.950	-0.979	-0.950	-0.958	-0.883	-0.871	-0.883	-0.880	-0.882	-0.881	-0.959	-0.959	-0.963	-0.869	-0.977	-0.877	-0.867	-0.599	-0.987	-0.988	-0.865	-0.848	-0.992	-0.729	-0.990	-0.893	-0.992	-0.704	-0.892	-0.595	-0.887	-0.899	-0.893	-0.992	-0.404	-0.891	-0.992	-0.893	-0.412	-0.992	-0.992	-0.992	-0.992	-0.724	-0.898	-0.626	-0.989	-1.012	-0.494	-0.591	-0.592	-0.879	-0.894	-0.591	-0.593	-0.598	-0.607	-0.596	-0.598	-0.878	-0.901	-0.599	-0.628	-0.900	-1.010	-0.876	-0.898	-1.014	-1.012	-1.012	-1.015	-0.870	-1.015	-0.869	-0.916	-0.869	-1.013	-0.868	-1.015	-0.868	-1.017	-1.014	-1.000	-1.013	-1.016	-1.018	-1.019	-1.015	-0.871	-1.011	-1.014	-1.020	-0.990	-1.015	-1.018	-1.013	-1.017	-1.013	-1.013	-0.911	-0.941	-0.874	-1.008	-1.018	-1.000	-0.947	-0.893	-0.804	-1.010	-0.871	-0.886	-0.884	-0.889	-0.997	-0.807	-0.845	-0.828	-0.976	
rs11717903     -0.699	-0.712	-0.745	-0.693	-0.684	-0.692	-0.692	-0.691	-0.693	-0.693	-0.693	-0.693	-0.690	-0.689	-0.677	-0.687	-0.546	-0.684	-0.684	-0.684	-0.681	-0.739	-0.742	-0.802	-0.818	-0.823	-0.823	-0.824	-0.824	-0.824	-0.819	-0.910	-0.824	-0.788	-0.824	-0.789	-0.822	-0.826	-0.824	-0.904	-0.871	-0.904	-0.841	-0.871	-0.913	-0.950	-0.907	-0.958	-0.948	-0.908	-0.871	-0.958	-0.917	-0.937	-0.933	-0.933	-0.835	-0.921	-0.925	-0.865	-0.924	-0.924	-0.962	-0.924	-0.933	-0.865	-0.841	-0.865	-0.862	-0.864	-0.864	-0.933	-0.934	-0.939	-0.852	-0.958	-0.859	-0.850	-0.595	-0.966	-0.967	-0.848	-0.831	-0.972	-0.689	-0.969	-0.875	-0.972	-0.697	-0.874	-0.551	-0.870	-0.881	-0.875	-0.971	-0.403	-0.873	-0.971	-0.876	-0.411	-0.971	-0.971	-0.971	-0.971	-0.715	-0.880	-0.584	-0.969	-0.996	-0.492	-0.547	-0.548	-0.851	-0.866	-0.547	-0.549	-0.554	-0.564	-0.552	-0.555	-0.848	-0.883	-0.555	-0.586	-0.873	-0.993	-0.856	-0.871	-0.997	-0.995	-0.995	-0.997	-0.849	-0.997	-0.848	-0.890	-0.847	-0.997	-0.847	-0.998	-0.847	-1.000	-0.998	-0.985	-0.997	-1.000	-1.001	-1.000	-0.999	-0.850	-0.995	-0.994	-1.002	-0.968	-0.999	-1.001	-0.997	-1.000	-0.997	-0.997	-0.885	-0.930	-0.853	-0.992	-0.998	-0.985	-0.926	-0.873	-0.798	-0.994	-0.862	-0.877	-0.864	-0.868	-0.983	-0.801	-0.827	-0.819	-0.962	
rs9830443      -0.680	-0.707	-0.734	-0.700	-0.708	-0.699	-0.699	-0.699	-0.682	-0.681	-0.682	-0.683	-0.698	-0.702	-0.705	-0.698	-0.684	-0.568	-0.701	-0.699	-0.700	-0.751	-0.735	-0.804	-0.841	-0.840	-0.840	-0.841	-0.841	-0.841	-0.843	-0.922	-0.843	-0.783	-0.843	-0.785	-0.845	-0.845	-0.845	-0.936	-0.892	-0.913	-0.864	-0.892	-0.943	-0.975	-0.938	-0.982	-0.974	-0.939	-0.893	-0.983	-0.947	-0.965	-0.961	-0.961	-0.869	-0.951	-0.954	-0.886	-0.954	-0.953	-0.981	-0.953	-0.961	-0.886	-0.874	-0.885	-0.882	-0.884	-0.884	-0.962	-0.963	-0.966	-0.871	-0.979	-0.879	-0.870	-0.600	-0.990	-0.991	-0.867	-0.850	-0.994	-0.734	-0.993	-0.895	-0.995	-0.705	-0.894	-0.600	-0.889	-0.902	-0.895	-0.994	-0.404	-0.893	-0.994	-0.895	-0.411	-0.995	-0.994	-0.994	-0.994	-0.725	-0.900	-0.631	-0.992	-1.014	-0.494	-0.596	-0.598	-0.883	-0.897	-0.597	-0.598	-0.603	-0.613	-0.601	-0.604	-0.882	-0.903	-0.604	-0.633	-0.903	-1.013	-0.879	-0.901	-1.016	-1.014	-1.014	-1.017	-0.873	-1.017	-0.871	-0.919	-0.871	-1.016	-0.871	-1.017	-0.870	-1.019	-1.016	-1.001	-1.015	-1.019	-1.020	-1.021	-1.018	-0.873	-1.013	-1.016	-1.023	-0.993	-1.017	-1.021	-1.015	-1.019	-1.015	-1.015	-0.915	-0.943	-0.876	-1.010	-1.020	-1.002	-0.950	-0.895	-0.805	-1.012	-0.872	-0.887	-0.887	-0.891	-0.999	-0.808	-0.847	-0.830	-0.978	
rs11710988     -0.679	-0.707	-0.734	-0.701	-0.710	-0.700	-0.699	-0.699	-0.682	-0.681	-0.682	-0.683	-0.699	-0.703	-0.707	-0.699	-0.684	-0.701	-0.569	-0.701	-0.702	-0.752	-0.734	-0.804	-0.843	-0.841	-0.841	-0.842	-0.842	-0.842	-0.845	-0.922	-0.844	-0.783	-0.844	-0.784	-0.846	-0.846	-0.846	-0.938	-0.894	-0.913	-0.866	-0.894	-0.945	-0.977	-0.940	-0.984	-0.976	-0.941	-0.894	-0.984	-0.949	-0.967	-0.963	-0.963	-0.871	-0.953	-0.956	-0.887	-0.955	-0.955	-0.982	-0.955	-0.963	-0.887	-0.876	-0.886	-0.883	-0.885	-0.885	-0.963	-0.964	-0.968	-0.872	-0.981	-0.880	-0.871	-0.600	-0.991	-0.992	-0.868	-0.851	-0.996	-0.736	-0.994	-0.896	-0.996	-0.705	-0.895	-0.603	-0.890	-0.903	-0.896	-0.995	-0.404	-0.894	-0.995	-0.897	-0.411	-0.996	-0.995	-0.995	-0.995	-0.725	-0.901	-0.634	-0.993	-1.015	-0.494	-0.599	-0.601	-0.884	-0.899	-0.600	-0.601	-0.606	-0.616	-0.604	-0.607	-0.884	-0.904	-0.607	-0.636	-0.905	-1.014	-0.880	-0.903	-1.017	-1.015	-1.015	-1.018	-0.874	-1.018	-0.873	-0.921	-0.873	-1.016	-0.872	-1.018	-0.872	-1.021	-1.017	-1.002	-1.016	-1.020	-1.021	-1.022	-1.019	-0.875	-1.014	-1.017	-1.024	-0.995	-1.018	-1.022	-1.016	-1.020	-1.016	-1.016	-0.916	-0.943	-0.878	-1.011	-1.021	-1.002	-0.951	-0.897	-0.805	-1.013	-0.872	-0.888	-0.888	-0.892	-1.000	-0.808	-0.848	-0.830	-0.979	
rs9834936      -0.680	-0.707	-0.734	-0.701	-0.709	-0.699	-0.699	-0.699	-0.682	-0.681	-0.682	-0.683	-0.699	-0.702	-0.706	-0.698	-0.684	-0.699	-0.701	-0.569	-0.701	-0.751	-0.734	-0.804	-0.842	-0.840	-0.841	-0.841	-0.841	-0.842	-0.844	-0.922	-0.843	-0.783	-0.843	-0.784	-0.845	-0.845	-0.845	-0.936	-0.893	-0.913	-0.865	-0.893	-0.944	-0.976	-0.939	-0.983	-0.975	-0.940	-0.893	-0.983	-0.948	-0.966	-0.962	-0.962	-0.870	-0.952	-0.955	-0.886	-0.954	-0.954	-0.982	-0.954	-0.962	-0.886	-0.875	-0.886	-0.883	-0.884	-0.884	-0.962	-0.963	-0.967	-0.871	-0.980	-0.879	-0.870	-0.600	-0.991	-0.992	-0.868	-0.851	-0.995	-0.735	-0.993	-0.895	-0.995	-0.705	-0.894	-0.601	-0.890	-0.902	-0.895	-0.995	-0.404	-0.893	-0.995	-0.896	-0.411	-0.995	-0.995	-0.995	-0.995	-0.725	-0.901	-0.632	-0.992	-1.014	-0.494	-0.597	-0.599	-0.883	-0.898	-0.598	-0.599	-0.604	-0.614	-0.602	-0.605	-0.883	-0.904	-0.605	-0.634	-0.904	-1.013	-0.880	-0.902	-1.017	-1.015	-1.015	-1.017	-0.873	-1.017	-0.872	-0.920	-0.872	-1.016	-0.871	-1.017	-0.871	-1.020	-1.017	-1.002	-1.016	-1.019	-1.020	-1.022	-1.018	-0.874	-1.014	-1.017	-1.023	-0.994	-1.018	-1.021	-1.016	-1.020	-1.015	-1.015	-0.915	-0.943	-0.877	-1.010	-1.021	-1.002	-0.950	-0.896	-0.805	-1.012	-0.872	-0.887	-0.887	-0.892	-1.000	-0.808	-0.848	-0.830	-0.978	
rs6808288      -0.677	-0.707	-0.733	-0.701	-0.712	-0.700	-0.699	-0.699	-0.680	-0.679	-0.680	-0.681	-0.699	-0.703	-0.709	-0.699	-0.681	-0.700	-0.702	-0.701	-0.571	-0.752	-0.733	-0.804	-0.844	-0.842	-0.842	-0.843	-0.843	-0.843	-0.846	-0.923	-0.844	-0.782	-0.844	-0.784	-0.847	-0.846	-0.847	-0.940	-0.895	-0.914	-0.867	-0.895	-0.947	-0.978	-0.942	-0.985	-0.977	-0.943	-0.895	-0.985	-0.951	-0.969	-0.965	-0.965	-0.873	-0.955	-0.958	-0.888	-0.957	-0.957	-0.984	-0.957	-0.965	-0.888	-0.878	-0.888	-0.885	-0.886	-0.886	-0.965	-0.966	-0.970	-0.873	-0.982	-0.881	-0.872	-0.600	-0.993	-0.994	-0.870	-0.852	-0.997	-0.739	-0.996	-0.897	-0.997	-0.706	-0.896	-0.607	-0.891	-0.904	-0.897	-0.997	-0.404	-0.895	-0.997	-0.898	-0.411	-0.997	-0.997	-0.997	-0.997	-0.726	-0.903	-0.637	-0.994	-1.016	-0.494	-0.603	-0.604	-0.886	-0.901	-0.603	-0.605	-0.609	-0.619	-0.608	-0.610	-0.886	-0.906	-0.611	-0.639	-0.907	-1.015	-0.882	-0.905	-1.019	-1.016	-1.016	-1.019	-0.875	-1.019	-0.874	-0.923	-0.874	-1.018	-0.873	-1.019	-0.873	-1.022	-1.019	-1.003	-1.018	-1.021	-1.022	-1.024	-1.020	-0.876	-1.015	-1.019	-1.025	-0.996	-1.020	-1.023	-1.018	-1.021	-1.017	-1.017	-0.918	-0.944	-0.879	-1.012	-1.023	-1.003	-0.953	-0.898	-0.806	-1.014	-0.873	-0.888	-0.890	-0.894	-1.001	-0.809	-0.850	-0.831	-0.980	
rs9857101      -0.733	-0.751	-0.758	-0.751	-0.758	-0.751	-0.751	-0.751	-0.741	-0.741	-0.741	-0.742	-0.751	-0.752	-0.757	-0.751	-0.739	-0.751	-0.752	-0.751	-0.752	-0.567	-0.701	-0.801	-0.852	-0.850	-0.850	-0.851	-0.851	-0.851	-0.853	-0.927	-0.852	-0.794	-0.852	-0.795	-0.855	-0.854	-0.855	-0.941	-0.891	-0.917	-0.867	-0.891	-0.948	-0.971	-0.943	-0.978	-0.978	-0.944	-0.892	-0.978	-0.952	-0.969	-0.966	-0.966	-0.877	-0.956	-0.959	-0.885	-0.958	-0.958	-0.984	-0.958	-0.965	-0.885	-0.881	-0.885	-0.882	-0.883	-0.883	-0.966	-0.967	-0.970	-0.870	-0.982	-0.878	-0.869	-0.604	-0.993	-0.994	-0.867	-0.850	-0.997	-0.742	-0.996	-0.894	-0.998	-0.708	-0.893	-0.611	-0.889	-0.901	-0.894	-0.997	-0.410	-0.892	-0.997	-0.895	-0.418	-0.998	-0.997	-0.997	-0.997	-0.725	-0.900	-0.640	-0.994	-1.016	-0.499	-0.607	-0.608	-0.890	-0.904	-0.607	-0.609	-0.613	-0.623	-0.611	-0.614	-0.886	-0.902	-0.614	-0.642	-0.905	-1.014	-0.878	-0.903	-1.018	-1.016	-1.016	-1.018	-0.871	-1.019	-0.870	-0.921	-0.870	-1.017	-0.869	-1.018	-0.869	-1.021	-1.018	-1.002	-1.017	-1.020	-1.021	-1.023	-1.019	-0.872	-1.015	-1.015	-1.024	-0.992	-1.019	-1.022	-1.017	-1.021	-1.016	-1.016	-0.917	-0.943	-0.875	-1.011	-1.022	-1.003	-0.947	-0.894	-0.807	-1.013	-0.873	-0.889	-0.886	-0.890	-1.000	-0.810	-0.847	-0.831	-0.978	
rs67386536     -0.746	-0.751	-0.773	-0.740	-0.735	-0.740	-0.740	-0.739	-0.741	-0.741	-0.741	-0.741	-0.739	-0.738	-0.733	-0.737	-0.742	-0.735	-0.734	-0.734	-0.733	-0.701	-0.522	-0.791	-0.778	-0.790	-0.790	-0.791	-0.791	-0.791	-0.777	-0.902	-0.791	-0.783	-0.791	-0.784	-0.783	-0.791	-0.787	-0.859	-0.848	-0.891	-0.816	-0.847	-0.868	-0.912	-0.862	-0.921	-0.910	-0.863	-0.848	-0.921	-0.873	-0.897	-0.892	-0.892	-0.774	-0.879	-0.883	-0.844	-0.882	-0.882	-0.937	-0.882	-0.892	-0.844	-0.782	-0.843	-0.841	-0.842	-0.842	-0.893	-0.894	-0.899	-0.831	-0.937	-0.837	-0.829	-0.589	-0.933	-0.934	-0.827	-0.811	-0.940	-0.620	-0.937	-0.853	-0.941	-0.688	-0.853	-0.473	-0.849	-0.859	-0.854	-0.940	-0.404	-0.852	-0.940	-0.854	-0.412	-0.940	-0.940	-0.940	-0.940	-0.703	-0.858	-0.509	-0.944	-0.978	-0.490	-0.469	-0.470	-0.825	-0.840	-0.470	-0.471	-0.478	-0.488	-0.475	-0.478	-0.810	-0.860	-0.479	-0.514	-0.832	-0.971	-0.829	-0.829	-0.974	-0.973	-0.973	-0.974	-0.822	-0.975	-0.820	-0.850	-0.820	-0.975	-0.819	-0.977	-0.819	-0.978	-0.976	-0.967	-0.976	-0.978	-0.978	-0.976	-0.977	-0.823	-0.974	-0.966	-0.978	-0.935	-0.977	-0.978	-0.975	-0.978	-0.976	-0.976	-0.845	-0.915	-0.826	-0.972	-0.972	-0.966	-0.896	-0.849	-0.788	-0.973	-0.850	-0.865	-0.838	-0.842	-0.963	-0.792	-0.805	-0.807	-0.944	
rs11128045     -0.800	-0.803	-0.799	-0.804	-0.804	-0.804	-0.804	-0.804	-0.803	-0.803	-0.803	-0.803	-0.804	-0.804	-0.804	-0.804	-0.802	-0.804	-0.804	-0.804	-0.804	-0.801	-0.791	-0.386	-0.821	-0.823	-0.823	-0.823	-0.823	-0.823	-0.820	-0.827	-0.824	-0.793	-0.824	-0.794	-0.822	-0.824	-0.823	-0.567	-0.701	-0.759	-0.676	-0.700	-0.586	-0.720	-0.573	-0.735	-0.669	-0.575	-0.702	-0.735	-0.595	-0.645	-0.636	-0.636	-0.799	-0.611	-0.617	-0.710	-0.616	-0.616	-0.754	-0.616	-0.635	-0.710	-0.803	-0.710	-0.710	-0.710	-0.710	-0.638	-0.639	-0.650	-0.706	-0.803	-0.706	-0.702	-0.530	-0.723	-0.726	-0.701	-0.693	-0.741	-0.665	-0.733	-0.721	-0.744	-0.616	-0.721	-0.501	-0.720	-0.721	-0.721	-0.740	-0.357	-0.720	-0.740	-0.721	-0.365	-0.741	-0.740	-0.740	-0.740	-0.624	-0.720	-0.515	-0.844	-0.864	-0.438	-0.498	-0.499	-0.755	-0.768	-0.498	-0.500	-0.504	-0.513	-0.503	-0.505	-0.721	-0.720	-0.505	-0.512	-0.710	-0.837	-0.675	-0.705	-0.839	-0.841	-0.841	-0.838	-0.665	-0.839	-0.663	-0.728	-0.663	-0.846	-0.662	-0.847	-0.661	-0.845	-0.846	-0.822	-0.847	-0.846	-0.844	-0.835	-0.847	-0.667	-0.847	-0.823	-0.838	-0.765	-0.847	-0.844	-0.846	-0.845	-0.847	-0.847	-0.722	-0.801	-0.670	-0.847	-0.825	-0.846	-0.709	-0.706	-0.706	-0.847	-0.754	-0.764	-0.686	-0.693	-0.843	-0.713	-0.675	-0.717	-0.829	
rs9864222      -0.806	-0.825	-0.763	-0.838	-0.850	-0.837	-0.837	-0.837	-0.823	-0.823	-0.823	-0.824	-0.838	-0.840	-0.851	-0.840	-0.818	-0.841	-0.843	-0.842	-0.844	-0.852	-0.778	-0.821	-0.604	-0.712	-0.713	-0.712	-0.713	-0.713	-0.741	-0.930	-0.720	-0.641	-0.721	-0.645	-0.739	-0.733	-0.742	-0.950	-0.926	-0.904	-0.902	-0.926	-0.958	-1.000	-0.952	-1.007	-0.988	-0.953	-0.927	-1.007	-0.962	-0.981	-0.977	-0.977	-0.857	-0.966	-0.969	-0.917	-0.969	-0.969	-0.995	-0.969	-0.976	-0.917	-0.862	-0.917	-0.913	-0.915	-0.915	-0.977	-0.978	-0.982	-0.901	-1.013	-0.911	-0.901	-0.604	-1.005	-1.006	-0.898	-0.879	-1.009	-0.743	-1.008	-0.926	-1.009	-0.715	-0.925	-0.603	-0.920	-0.934	-0.926	-1.008	-0.399	-0.924	-1.008	-0.927	-0.407	-1.009	-1.008	-1.008	-1.008	-0.738	-0.932	-0.638	-1.008	-1.043	-0.492	-0.599	-0.601	-0.939	-0.953	-0.600	-0.602	-0.607	-0.618	-0.605	-0.608	-0.904	-0.936	-0.609	-0.642	-0.929	-1.030	-0.916	-0.926	-1.034	-1.031	-1.031	-1.035	-0.910	-1.035	-0.909	-0.945	-0.909	-1.032	-0.908	-1.034	-0.908	-1.037	-1.033	-1.018	-1.032	-1.036	-1.038	-1.042	-1.035	-0.911	-1.029	-1.039	-1.042	-1.018	-1.034	-1.039	-1.032	-1.037	-1.031	-1.031	-0.941	-0.953	-0.914	-1.025	-1.042	-1.016	-0.984	-0.930	-0.799	-1.028	-0.872	-0.889	-0.923	-0.927	-1.013	-0.803	-0.880	-0.835	-0.997	
rs4541416      -0.814	-0.829	-0.779	-0.838	-0.847	-0.837	-0.837	-0.837	-0.827	-0.826	-0.827	-0.828	-0.838	-0.839	-0.847	-0.839	-0.823	-0.840	-0.841	-0.840	-0.842	-0.850	-0.790	-0.823	-0.712	-0.586	-0.719	-0.719	-0.719	-0.719	-0.708	-0.926	-0.720	-0.677	-0.720	-0.679	-0.721	-0.728	-0.726	-0.920	-0.910	-0.904	-0.883	-0.910	-0.929	-0.978	-0.923	-0.985	-0.965	-0.924	-0.910	-0.985	-0.933	-0.955	-0.950	-0.950	-0.820	-0.939	-0.942	-0.902	-0.941	-0.941	-0.981	-0.941	-0.950	-0.902	-0.827	-0.902	-0.898	-0.900	-0.900	-0.951	-0.952	-0.956	-0.887	-0.996	-0.895	-0.886	-0.605	-0.985	-0.986	-0.883	-0.866	-0.990	-0.693	-0.988	-0.911	-0.990	-0.713	-0.910	-0.545	-0.905	-0.918	-0.911	-0.990	-0.405	-0.909	-0.989	-0.912	-0.413	-0.990	-0.990	-0.990	-0.990	-0.734	-0.917	-0.583	-0.990	-1.030	-0.497	-0.542	-0.543	-0.912	-0.926	-0.542	-0.544	-0.551	-0.562	-0.548	-0.551	-0.870	-0.920	-0.552	-0.588	-0.899	-1.015	-0.897	-0.897	-1.019	-1.017	-1.017	-1.020	-0.891	-1.020	-0.890	-0.917	-0.890	-1.019	-0.889	-1.020	-0.889	-1.023	-1.020	-1.007	-1.019	-1.022	-1.023	-1.025	-1.021	-0.891	-1.016	-1.021	-1.026	-0.995	-1.021	-1.024	-1.019	-1.023	-1.018	-1.018	-0.912	-0.947	-0.894	-1.013	-1.024	-1.005	-0.964	-0.913	-0.800	-1.015	-0.870	-0.887	-0.905	-0.909	-1.002	-0.804	-0.864	-0.832	-0.987	
rs9878136      -0.814	-0.829	-0.779	-0.838	-0.847	-0.838	-0.838	-0.838	-0.827	-0.827	-0.827	-0.828	-0.838	-0.839	-0.848	-0.839	-0.823	-0.840	-0.841	-0.841	-0.842	-0.850	-0.790	-0.823	-0.713	-0.719	-0.586	-0.719	-0.719	-0.719	-0.709	-0.926	-0.720	-0.676	-0.721	-0.679	-0.721	-0.728	-0.726	-0.920	-0.910	-0.904	-0.883	-0.910	-0.929	-0.978	-0.923	-0.986	-0.965	-0.924	-0.910	-0.986	-0.934	-0.955	-0.951	-0.951	-0.821	-0.939	-0.942	-0.902	-0.942	-0.941	-0.982	-0.941	-0.950	-0.902	-0.828	-0.902	-0.899	-0.900	-0.900	-0.951	-0.952	-0.957	-0.887	-0.997	-0.895	-0.886	-0.605	-0.985	-0.986	-0.883	-0.866	-0.990	-0.694	-0.988	-0.911	-0.991	-0.713	-0.910	-0.546	-0.905	-0.918	-0.911	-0.990	-0.405	-0.909	-0.990	-0.912	-0.413	-0.990	-0.990	-0.990	-0.990	-0.734	-0.917	-0.584	-0.990	-1.030	-0.497	-0.542	-0.544	-0.912	-0.926	-0.543	-0.545	-0.551	-0.562	-0.549	-0.552	-0.870	-0.920	-0.553	-0.589	-0.900	-1.016	-0.897	-0.897	-1.019	-1.017	-1.017	-1.020	-0.891	-1.020	-0.890	-0.917	-0.890	-1.019	-0.889	-1.020	-0.889	-1.023	-1.020	-1.008	-1.019	-1.022	-1.024	-1.025	-1.021	-0.892	-1.017	-1.021	-1.026	-0.995	-1.021	-1.024	-1.019	-1.023	-1.018	-1.018	-0.912	-0.947	-0.895	-1.013	-1.024	-1.005	-0.964	-0.913	-0.800	-1.015	-0.870	-0.887	-0.905	-0.909	-1.003	-0.804	-0.864	-0.832	-0.987	
rs13314970     -0.815	-0.830	-0.780	-0.839	-0.848	-0.838	-0.838	-0.838	-0.828	-0.827	-0.828	-0.829	-0.839	-0.840	-0.848	-0.840	-0.824	-0.841	-0.842	-0.841	-0.843	-0.851	-0.791	-0.823	-0.712	-0.719	-0.719	-0.586	-0.719	-0.719	-0.707	-0.926	-0.720	-0.677	-0.720	-0.680	-0.720	-0.728	-0.725	-0.920	-0.910	-0.904	-0.883	-0.910	-0.928	-0.977	-0.922	-0.985	-0.964	-0.924	-0.910	-0.985	-0.933	-0.955	-0.950	-0.950	-0.820	-0.938	-0.942	-0.902	-0.941	-0.941	-0.981	-0.941	-0.950	-0.902	-0.827	-0.902	-0.898	-0.900	-0.900	-0.951	-0.952	-0.956	-0.887	-0.996	-0.895	-0.886	-0.605	-0.985	-0.986	-0.883	-0.866	-0.990	-0.693	-0.988	-0.911	-0.990	-0.713	-0.910	-0.544	-0.905	-0.918	-0.911	-0.989	-0.406	-0.909	-0.989	-0.912	-0.413	-0.990	-0.989	-0.990	-0.990	-0.734	-0.917	-0.583	-0.990	-1.030	-0.497	-0.541	-0.543	-0.912	-0.926	-0.542	-0.544	-0.550	-0.561	-0.548	-0.551	-0.870	-0.920	-0.552	-0.588	-0.899	-1.015	-0.897	-0.897	-1.019	-1.017	-1.017	-1.020	-0.891	-1.020	-0.890	-0.917	-0.890	-1.019	-0.889	-1.020	-0.889	-1.023	-1.020	-1.007	-1.019	-1.022	-1.023	-1.025	-1.021	-0.891	-1.017	-1.021	-1.026	-0.995	-1.021	-1.024	-1.019	-1.023	-1.018	-1.018	-0.912	-0.947	-0.894	-1.013	-1.024	-1.005	-0.964	-0.913	-0.801	-1.015	-0.870	-0.887	-0.905	-0.909	-1.003	-0.804	-0.864	-0.832	-0.987	
rs62271193     -0.815	-0.830	-0.780	-0.839	-0.848	-0.838	-0.838	-0.839	-0.828	-0.828	-0.828	-0.829	-0.839	-0.840	-0.848	-0.840	-0.824	-0.841	-0.842	-0.841	-0.843	-0.851	-0.791	-0.823	-0.713	-0.719	-0.719	-0.719	-0.586	-0.719	-0.708	-0.926	-0.720	-0.677	-0.720	-0.680	-0.720	-0.728	-0.726	-0.920	-0.910	-0.904	-0.883	-0.910	-0.929	-0.978	-0.923	-0.985	-0.965	-0.924	-0.910	-0.986	-0.933	-0.955	-0.951	-0.950	-0.820	-0.939	-0.942	-0.902	-0.941	-0.941	-0.982	-0.941	-0.950	-0.902	-0.827	-0.902	-0.899	-0.900	-0.900	-0.951	-0.952	-0.957	-0.887	-0.997	-0.895	-0.886	-0.605	-0.985	-0.986	-0.883	-0.866	-0.990	-0.693	-0.988	-0.911	-0.990	-0.713	-0.910	-0.545	-0.905	-0.918	-0.911	-0.990	-0.406	-0.909	-0.990	-0.912	-0.413	-0.990	-0.990	-0.990	-0.990	-0.734	-0.917	-0.583	-0.990	-1.030	-0.497	-0.542	-0.543	-0.912	-0.926	-0.542	-0.544	-0.551	-0.562	-0.549	-0.551	-0.870	-0.920	-0.552	-0.588	-0.900	-1.016	-0.897	-0.897	-1.019	-1.017	-1.017	-1.020	-0.891	-1.020	-0.890	-0.917	-0.890	-1.019	-0.889	-1.020	-0.889	-1.023	-1.020	-1.008	-1.019	-1.022	-1.024	-1.025	-1.021	-0.892	-1.017	-1.021	-1.026	-0.995	-1.021	-1.024	-1.019	-1.023	-1.018	-1.018	-0.912	-0.947	-0.895	-1.013	-1.024	-1.005	-0.964	-0.913	-0.801	-1.015	-0.871	-0.887	-0.905	-0.909	-1.003	-0.804	-0.864	-0.832	-0.987	
rs28790673     -0.815	-0.830	-0.780	-0.839	-0.848	-0.839	-0.839	-0.839	-0.828	-0.828	-0.828	-0.829	-0.839	-0.840	-0.849	-0.840	-0.824	-0.841	-0.842	-0.842	-0.843	-0.851	-0.791	-0.823	-0.713	-0.719	-0.719	-0.719	-0.719	-0.587	-0.708	-0.926	-0.720	-0.676	-0.720	-0.679	-0.721	-0.728	-0.726	-0.920	-0.910	-0.904	-0.883	-0.910	-0.929	-0.978	-0.923	-0.986	-0.965	-0.925	-0.910	-0.986	-0.934	-0.956	-0.951	-0.951	-0.821	-0.939	-0.943	-0.902	-0.942	-0.942	-0.982	-0.942	-0.951	-0.902	-0.828	-0.902	-0.899	-0.900	-0.900	-0.952	-0.952	-0.957	-0.887	-0.997	-0.896	-0.886	-0.605	-0.985	-0.986	-0.884	-0.866	-0.990	-0.694	-0.988	-0.911	-0.991	-0.713	-0.910	-0.546	-0.905	-0.919	-0.911	-0.990	-0.406	-0.909	-0.990	-0.912	-0.413	-0.991	-0.990	-0.990	-0.990	-0.734	-0.917	-0.584	-0.991	-1.030	-0.497	-0.543	-0.544	-0.913	-0.927	-0.543	-0.545	-0.552	-0.563	-0.549	-0.552	-0.871	-0.920	-0.553	-0.589	-0.900	-1.016	-0.898	-0.898	-1.020	-1.017	-1.017	-1.020	-0.891	-1.020	-0.890	-0.917	-0.890	-1.019	-0.889	-1.021	-0.889	-1.023	-1.020	-1.008	-1.019	-1.022	-1.024	-1.025	-1.021	-0.892	-1.017	-1.021	-1.027	-0.995	-1.021	-1.024	-1.019	-1.023	-1.019	-1.019	-0.913	-0.947	-0.895	-1.013	-1.024	-1.005	-0.965	-0.913	-0.801	-1.015	-0.871	-0.887	-0.905	-0.910	-1.003	-0.804	-0.864	-0.832	-0.987	
rs11712182     -0.806	-0.826	-0.762	-0.839	-0.852	-0.839	-0.839	-0.839	-0.824	-0.824	-0.824	-0.825	-0.840	-0.842	-0.853	-0.841	-0.819	-0.843	-0.845	-0.844	-0.846	-0.853	-0.777	-0.820	-0.741	-0.708	-0.709	-0.707	-0.708	-0.708	-0.607	-0.930	-0.716	-0.632	-0.716	-0.636	-0.740	-0.730	-0.741	-0.956	-0.929	-0.904	-0.906	-0.930	-0.963	-1.004	-0.958	-1.011	-0.992	-0.959	-0.930	-1.011	-0.967	-0.986	-0.982	-0.982	-0.864	-0.972	-0.975	-0.920	-0.974	-0.974	-0.998	-0.974	-0.982	-0.920	-0.869	-0.920	-0.916	-0.918	-0.918	-0.982	-0.983	-0.987	-0.904	-1.016	-0.913	-0.903	-0.603	-1.009	-1.010	-0.901	-0.882	-1.012	-0.754	-1.011	-0.929	-1.012	-0.715	-0.928	-0.616	-0.922	-0.937	-0.929	-1.012	-0.398	-0.927	-1.012	-0.930	-0.405	-1.013	-1.012	-1.012	-1.012	-0.739	-0.935	-0.650	-1.011	-1.045	-0.491	-0.612	-0.613	-0.945	-0.959	-0.612	-0.614	-0.620	-0.630	-0.618	-0.620	-0.911	-0.939	-0.621	-0.653	-0.935	-1.033	-0.920	-0.933	-1.037	-1.034	-1.034	-1.038	-0.914	-1.038	-0.913	-0.951	-0.913	-1.035	-0.912	-1.036	-0.912	-1.040	-1.036	-1.019	-1.034	-1.039	-1.041	-1.045	-1.037	-0.914	-1.032	-1.043	-1.046	-1.022	-1.037	-1.042	-1.035	-1.040	-1.034	-1.034	-0.947	-0.954	-0.917	-1.027	-1.045	-1.018	-0.988	-0.934	-0.799	-1.030	-0.872	-0.890	-0.927	-0.931	-1.015	-0.802	-0.883	-0.835	-0.999	
