## Summary of overall evidence for association with region:
## log10(BF for region) = -0.525207
## p-value for region = NA

## BFs for choosing among multi-SNP models:
## log10(average 1-SNP BF) = -0.44989
## log10(average 2-SNP BF) = -0.731932

## Example posterior probabilities for multi-SNP models, based on default prior: [p(l) propto 0.5^l for l=1,2,...,L]
## posterior probability of 1-SNP = 0.792913
## posterior probability of 2-SNP = 0.207087

## log10(BF) for single SNP and pair of SNPs:
rs7259426      -0.522	-0.690	-0.523	-0.287	-0.254	-0.383	-0.930	-0.938	-0.503	-0.953	-0.336	-0.500	-0.273	-0.885	-0.900	-0.885	-0.998	-0.997	-1.006	-1.015	-1.014	-1.014	-0.778	-0.778	-0.961	-0.907	-0.777	-0.893	-0.764	-0.925	-0.924	-0.886	-0.958	-0.795	-0.842	-0.839	-0.839	-0.776	-0.769	-0.810	-0.978	-0.783	-0.787	-0.847	-0.806	-0.987	-0.869	-0.868	-0.980	-0.891	-0.875	-0.881	-0.936	-0.873	-0.893	-0.961	-0.908	-0.946	-0.939	-0.961	-0.937	-0.938	-0.906	-0.807	-0.937	-0.961	-0.999	-0.949	-0.884	-0.967	-0.884	-0.883	-0.883	-0.959	-0.961	-0.961	-0.952	-0.915	-0.887	-0.915	-0.850	-0.608	-0.886	-0.958	-0.972	-0.972	-0.964	-0.964	-0.900	-0.880	-0.962	-0.947	-0.961	-0.962	-0.965	-0.963	-0.978	-0.961	-0.961	-0.962	-0.877	-0.942	-0.603	
rs973679       -0.690	-0.464	-0.541	-0.309	-0.278	-0.505	-0.830	-0.851	-0.642	-0.869	-0.355	-0.503	-0.294	-0.841	-0.857	-0.841	-0.937	-0.936	-0.947	-0.961	-0.960	-0.960	-0.734	-0.734	-0.903	-0.845	-0.732	-0.840	-0.704	-0.866	-0.866	-0.832	-0.900	-0.736	-0.797	-0.795	-0.795	-0.732	-0.725	-0.768	-0.921	-0.739	-0.742	-0.803	-0.764	-0.930	-0.811	-0.809	-0.921	-0.846	-0.825	-0.827	-0.878	-0.824	-0.845	-0.907	-0.858	-0.888	-0.880	-0.907	-0.882	-0.880	-0.856	-0.762	-0.879	-0.907	-0.944	-0.889	-0.832	-0.910	-0.832	-0.830	-0.831	-0.902	-0.907	-0.907	-0.891	-0.860	-0.839	-0.860	-0.803	-0.538	-0.832	-0.900	-0.915	-0.915	-0.910	-0.907	-0.854	-0.829	-0.908	-0.887	-0.907	-0.909	-0.912	-0.909	-0.921	-0.908	-0.908	-0.909	-0.830	-0.882	-0.533	
rs76756285     -0.523	-0.541	-0.119	-0.007	+0.024	-0.364	-0.582	-0.595	-0.439	-0.611	-0.052	-0.209	+0.010	-0.494	-0.514	-0.494	-0.665	-0.664	-0.669	-0.661	-0.662	-0.659	-0.458	-0.458	-0.621	-0.565	-0.457	-0.548	-0.427	-0.584	-0.584	-0.540	-0.617	-0.458	-0.505	-0.502	-0.503	-0.456	-0.449	-0.489	-0.637	-0.463	-0.466	-0.523	-0.485	-0.646	-0.532	-0.530	-0.638	-0.564	-0.533	-0.535	-0.596	-0.532	-0.554	-0.616	-0.567	-0.606	-0.598	-0.616	-0.586	-0.597	-0.566	-0.485	-0.597	-0.617	-0.657	-0.608	-0.540	-0.626	-0.539	-0.538	-0.538	-0.619	-0.617	-0.617	-0.610	-0.568	-0.559	-0.568	-0.525	-0.235	-0.540	-0.617	-0.631	-0.631	-0.621	-0.623	-0.572	-0.536	-0.618	-0.606	-0.618	-0.618	-0.622	-0.619	-0.637	-0.618	-0.618	-0.618	-0.550	-0.601	-0.229	
rs8103534      -0.287	-0.309	-0.007	+0.120	+0.042	-0.192	-0.316	-0.280	-0.241	-0.257	-0.035	-0.123	-0.011	-0.302	-0.302	-0.303	+0.010	+0.011	-0.049	-0.175	-0.163	-0.181	-0.175	-0.175	-0.338	-0.293	-0.175	-0.285	-0.128	-0.298	-0.297	-0.277	-0.334	-0.162	-0.240	-0.237	-0.237	-0.175	-0.167	-0.190	-0.355	-0.183	-0.185	-0.227	-0.185	-0.366	-0.238	-0.236	-0.368	-0.277	-0.270	-0.272	-0.313	-0.269	-0.295	-0.347	-0.306	-0.324	-0.317	-0.347	-0.332	-0.315	-0.305	-0.210	-0.315	-0.347	-0.385	-0.337	-0.277	-0.346	-0.277	-0.275	-0.275	-0.336	-0.346	-0.346	-0.339	-0.304	-0.284	-0.304	-0.249	-0.025	-0.277	-0.335	-0.351	-0.351	-0.348	-0.342	-0.285	-0.273	-0.347	-0.338	-0.345	-0.348	-0.349	-0.349	-0.358	-0.346	-0.347	-0.349	-0.276	-0.330	-0.019	
rs79213102     -0.254	-0.278	+0.024	+0.042	+0.154	-0.166	-0.281	-0.243	-0.213	-0.219	-0.002	-0.084	+0.011	-0.266	-0.266	-0.266	+0.058	+0.059	-0.003	-0.134	-0.122	-0.140	-0.144	-0.144	-0.306	-0.261	-0.144	-0.252	-0.095	-0.266	-0.265	-0.245	-0.302	-0.129	-0.208	-0.205	-0.205	-0.143	-0.136	-0.158	-0.323	-0.152	-0.154	-0.195	-0.153	-0.334	-0.205	-0.203	-0.336	-0.245	-0.238	-0.240	-0.280	-0.237	-0.263	-0.315	-0.274	-0.292	-0.285	-0.315	-0.300	-0.283	-0.273	-0.179	-0.282	-0.315	-0.352	-0.305	-0.245	-0.314	-0.245	-0.243	-0.243	-0.304	-0.314	-0.314	-0.307	-0.271	-0.252	-0.271	-0.217	+0.008	-0.245	-0.303	-0.319	-0.319	-0.316	-0.310	-0.253	-0.241	-0.315	-0.306	-0.312	-0.316	-0.317	-0.317	-0.326	-0.314	-0.315	-0.316	-0.244	-0.298	+0.014	
rs8107178      -0.383	-0.505	-0.364	-0.192	-0.166	-0.212	-0.474	-0.394	-0.427	-0.431	-0.234	-0.347	-0.179	-0.616	-0.629	-0.616	-0.694	-0.693	-0.706	-0.722	-0.722	-0.722	-0.503	-0.503	-0.675	-0.617	-0.501	-0.598	-0.481	-0.640	-0.640	-0.593	-0.672	-0.513	-0.555	-0.552	-0.552	-0.500	-0.493	-0.540	-0.691	-0.507	-0.510	-0.575	-0.536	-0.699	-0.584	-0.582	-0.689	-0.614	-0.584	-0.589	-0.652	-0.583	-0.601	-0.669	-0.616	-0.660	-0.654	-0.669	-0.636	-0.652	-0.614	-0.530	-0.652	-0.669	-0.710	-0.659	-0.593	-0.680	-0.592	-0.591	-0.591	-0.673	-0.669	-0.669	-0.662	-0.622	-0.604	-0.622	-0.570	-0.295	-0.594	-0.671	-0.685	-0.685	-0.673	-0.677	-0.622	-0.589	-0.670	-0.658	-0.670	-0.670	-0.674	-0.671	-0.691	-0.670	-0.670	-0.671	-0.595	-0.651	-0.289	
rs11671965     -0.930	-0.830	-0.582	-0.316	-0.281	-0.474	-0.592	-0.938	-0.611	-0.943	-0.364	-0.534	-0.296	-0.951	-0.966	-0.952	-1.040	-1.039	-1.051	-1.050	-1.047	-1.050	-0.834	-0.834	-1.025	-0.974	-0.834	-0.960	-0.826	-0.987	-0.987	-0.948	-1.021	-0.857	-0.901	-0.898	-0.898	-0.833	-0.826	-0.862	-1.041	-0.841	-0.844	-0.900	-0.857	-1.050	-0.931	-0.929	-1.045	-0.946	-0.938	-0.945	-0.997	-0.936	-0.958	-1.024	-0.973	-1.007	-1.001	-1.024	-1.006	-0.999	-0.971	-0.864	-0.999	-1.025	-1.062	-1.014	-0.947	-1.030	-0.948	-0.946	-0.946	-1.021	-1.024	-1.024	-1.016	-0.980	-0.945	-0.980	-0.908	-0.696	-0.949	-1.019	-1.035	-1.034	-1.026	-1.026	-0.955	-0.942	-1.025	-1.013	-1.023	-1.025	-1.028	-1.026	-1.041	-1.024	-1.025	-1.026	-0.936	-1.008	-0.691	
rs7260181      -0.938	-0.851	-0.595	-0.280	-0.243	-0.394	-0.938	-0.617	-0.557	-0.757	-0.331	-0.509	-0.259	-0.966	-0.981	-0.966	-1.038	-1.036	-1.052	-1.043	-1.040	-1.045	-0.860	-0.860	-1.042	-0.993	-0.860	-0.985	-0.843	-1.004	-1.003	-0.975	-1.038	-0.875	-0.931	-0.928	-0.928	-0.859	-0.852	-0.884	-1.059	-0.867	-0.870	-0.922	-0.879	-1.069	-0.950	-0.948	-1.066	-0.970	-0.965	-0.971	-1.015	-0.963	-0.985	-1.046	-1.000	-1.026	-1.019	-1.047	-1.030	-1.018	-0.998	-0.892	-1.017	-1.047	-1.083	-1.035	-0.974	-1.049	-0.974	-0.972	-0.972	-1.040	-1.046	-1.046	-1.037	-1.004	-0.972	-1.004	-0.935	-0.718	-0.975	-1.039	-1.054	-1.054	-1.048	-1.046	-0.979	-0.969	-1.047	-1.034	-1.045	-1.047	-1.049	-1.048	-1.061	-1.046	-1.047	-1.048	-0.963	-1.029	-0.713	
rs10408152     -0.503	-0.642	-0.439	-0.241	-0.213	-0.427	-0.611	-0.557	-0.308	-0.587	-0.285	-0.431	-0.228	-0.713	-0.725	-0.713	-0.779	-0.778	-0.792	-0.814	-0.813	-0.813	-0.589	-0.589	-0.765	-0.708	-0.587	-0.690	-0.570	-0.730	-0.729	-0.685	-0.762	-0.602	-0.644	-0.641	-0.642	-0.587	-0.579	-0.625	-0.780	-0.594	-0.597	-0.660	-0.621	-0.789	-0.673	-0.672	-0.780	-0.701	-0.675	-0.680	-0.741	-0.674	-0.692	-0.760	-0.707	-0.750	-0.744	-0.760	-0.729	-0.742	-0.705	-0.617	-0.741	-0.760	-0.800	-0.750	-0.684	-0.770	-0.683	-0.682	-0.682	-0.763	-0.760	-0.760	-0.753	-0.713	-0.693	-0.713	-0.658	-0.394	-0.685	-0.761	-0.775	-0.775	-0.764	-0.768	-0.709	-0.680	-0.762	-0.749	-0.761	-0.761	-0.765	-0.762	-0.781	-0.761	-0.761	-0.762	-0.684	-0.743	-0.389	
rs4603680      -0.953	-0.869	-0.611	-0.257	-0.219	-0.431	-0.943	-0.757	-0.587	-0.627	-0.307	-0.489	-0.234	-0.968	-0.983	-0.968	-1.052	-1.051	-1.065	-1.057	-1.054	-1.058	-0.871	-0.871	-1.053	-1.003	-0.871	-0.995	-0.854	-1.015	-1.015	-0.985	-1.049	-0.886	-0.941	-0.938	-0.938	-0.870	-0.863	-0.896	-1.070	-0.878	-0.881	-0.933	-0.891	-1.080	-0.961	-0.959	-1.077	-0.981	-0.975	-0.981	-1.026	-0.973	-0.995	-1.057	-1.010	-1.037	-1.030	-1.057	-1.040	-1.029	-1.008	-0.902	-1.028	-1.057	-1.094	-1.046	-0.984	-1.060	-0.984	-0.982	-0.982	-1.051	-1.056	-1.056	-1.048	-1.014	-0.983	-1.014	-0.946	-0.727	-0.985	-1.050	-1.065	-1.065	-1.059	-1.057	-0.990	-0.979	-1.057	-1.044	-1.056	-1.058	-1.060	-1.059	-1.071	-1.057	-1.057	-1.058	-0.973	-1.040	-0.722	
rs62136949     -0.336	-0.355	-0.052	-0.035	-0.002	-0.234	-0.364	-0.331	-0.285	-0.307	+0.070	-0.150	+0.002	-0.347	-0.347	-0.347	-0.035	-0.033	-0.095	-0.222	-0.210	-0.228	-0.220	-0.220	-0.384	-0.339	-0.221	-0.333	-0.175	-0.344	-0.343	-0.324	-0.380	-0.209	-0.287	-0.284	-0.285	-0.220	-0.213	-0.236	-0.402	-0.229	-0.231	-0.273	-0.231	-0.412	-0.285	-0.284	-0.414	-0.323	-0.317	-0.320	-0.359	-0.316	-0.343	-0.394	-0.354	-0.371	-0.363	-0.395	-0.379	-0.361	-0.353	-0.256	-0.361	-0.395	-0.431	-0.383	-0.325	-0.392	-0.324	-0.323	-0.323	-0.382	-0.393	-0.393	-0.385	-0.351	-0.330	-0.351	-0.294	-0.072	-0.325	-0.381	-0.398	-0.397	-0.395	-0.389	-0.331	-0.321	-0.394	-0.384	-0.392	-0.395	-0.397	-0.396	-0.404	-0.393	-0.394	-0.396	-0.321	-0.376	-0.066	
rs8110912      -0.500	-0.503	-0.209	-0.123	-0.084	-0.347	-0.534	-0.509	-0.431	-0.489	-0.150	-0.102	-0.077	-0.508	-0.510	-0.509	-0.229	-0.227	-0.286	-0.410	-0.399	-0.415	-0.378	-0.378	-0.546	-0.500	-0.379	-0.495	-0.338	-0.506	-0.505	-0.486	-0.542	-0.372	-0.448	-0.445	-0.445	-0.378	-0.371	-0.395	-0.564	-0.387	-0.389	-0.433	-0.391	-0.574	-0.448	-0.447	-0.575	-0.483	-0.478	-0.482	-0.521	-0.477	-0.503	-0.556	-0.515	-0.532	-0.525	-0.557	-0.541	-0.523	-0.513	-0.414	-0.523	-0.557	-0.593	-0.545	-0.486	-0.555	-0.486	-0.484	-0.484	-0.545	-0.555	-0.555	-0.547	-0.513	-0.490	-0.513	-0.454	-0.236	-0.487	-0.544	-0.560	-0.560	-0.558	-0.551	-0.492	-0.482	-0.556	-0.545	-0.554	-0.557	-0.559	-0.558	-0.567	-0.556	-0.556	-0.558	-0.481	-0.538	-0.230	
rs7258489      -0.273	-0.294	+0.010	-0.011	+0.011	-0.179	-0.296	-0.259	-0.228	-0.234	+0.002	-0.077	+0.136	-0.273	-0.272	-0.273	+0.073	+0.075	+0.008	-0.139	-0.126	-0.145	-0.158	-0.158	-0.319	-0.274	-0.159	-0.271	-0.110	-0.279	-0.278	-0.262	-0.316	-0.144	-0.227	-0.224	-0.224	-0.158	-0.151	-0.173	-0.337	-0.167	-0.169	-0.211	-0.168	-0.348	-0.220	-0.218	-0.350	-0.260	-0.256	-0.257	-0.294	-0.255	-0.281	-0.331	-0.292	-0.306	-0.298	-0.331	-0.317	-0.296	-0.291	-0.194	-0.296	-0.331	-0.368	-0.319	-0.262	-0.328	-0.262	-0.261	-0.261	-0.317	-0.330	-0.330	-0.321	-0.288	-0.268	-0.288	-0.232	-0.009	-0.262	-0.316	-0.333	-0.332	-0.332	-0.324	-0.269	-0.259	-0.331	-0.320	-0.328	-0.332	-0.333	-0.333	-0.340	-0.330	-0.331	-0.332	-0.260	-0.312	-0.003	
rs57848713     -0.885	-0.841	-0.494	-0.302	-0.266	-0.616	-0.951	-0.966	-0.713	-0.968	-0.347	-0.508	-0.273	-0.504	-0.670	-0.640	-0.153	-0.164	-0.318	-0.708	-0.695	-0.716	-0.737	-0.737	-0.916	-0.863	-0.737	-0.879	-0.702	-0.874	-0.873	-0.869	-0.912	-0.737	-0.831	-0.828	-0.828	-0.738	-0.729	-0.762	-0.935	-0.745	-0.748	-0.800	-0.757	-0.946	-0.817	-0.815	-0.945	-0.852	-0.861	-0.865	-0.890	-0.860	-0.883	-0.934	-0.895	-0.902	-0.894	-0.934	-0.924	-0.893	-0.894	-0.776	-0.892	-0.934	-0.968	-0.913	-0.869	-0.927	-0.868	-0.867	-0.867	-0.917	-0.933	-0.933	-0.915	-0.896	-0.857	-0.896	-0.820	-0.605	-0.869	-0.915	-0.933	-0.932	-0.935	-0.923	-0.864	-0.865	-0.934	-0.913	-0.931	-0.935	-0.936	-0.936	-0.940	-0.933	-0.934	-0.936	-0.849	-0.907	-0.599	
rs4267438      -0.900	-0.857	-0.514	-0.302	-0.266	-0.629	-0.966	-0.981	-0.725	-0.983	-0.347	-0.510	-0.272	-0.670	-0.521	-0.665	-0.121	-0.134	-0.307	-0.726	-0.712	-0.734	-0.754	-0.754	-0.934	-0.880	-0.754	-0.895	-0.722	-0.892	-0.891	-0.885	-0.930	-0.756	-0.847	-0.844	-0.844	-0.754	-0.746	-0.779	-0.952	-0.762	-0.765	-0.818	-0.774	-0.963	-0.835	-0.834	-0.962	-0.869	-0.877	-0.880	-0.908	-0.875	-0.898	-0.950	-0.911	-0.920	-0.912	-0.951	-0.939	-0.911	-0.909	-0.792	-0.910	-0.951	-0.985	-0.930	-0.885	-0.944	-0.884	-0.883	-0.883	-0.934	-0.949	-0.949	-0.932	-0.912	-0.875	-0.912	-0.836	-0.621	-0.885	-0.933	-0.950	-0.949	-0.951	-0.940	-0.881	-0.881	-0.950	-0.929	-0.948	-0.951	-0.952	-0.952	-0.957	-0.949	-0.950	-0.952	-0.865	-0.924	-0.615	
rs1126510      -0.885	-0.841	-0.494	-0.303	-0.266	-0.616	-0.952	-0.966	-0.713	-0.968	-0.347	-0.509	-0.273	-0.640	-0.665	-0.504	-0.142	-0.152	-0.310	-0.705	-0.691	-0.713	-0.736	-0.736	-0.915	-0.862	-0.737	-0.879	-0.702	-0.873	-0.872	-0.869	-0.911	-0.736	-0.831	-0.828	-0.828	-0.737	-0.728	-0.761	-0.934	-0.744	-0.747	-0.800	-0.756	-0.945	-0.816	-0.815	-0.944	-0.851	-0.861	-0.864	-0.890	-0.860	-0.883	-0.933	-0.895	-0.902	-0.894	-0.934	-0.924	-0.892	-0.894	-0.775	-0.892	-0.934	-0.968	-0.912	-0.869	-0.926	-0.868	-0.867	-0.867	-0.916	-0.932	-0.932	-0.915	-0.896	-0.857	-0.896	-0.819	-0.605	-0.869	-0.915	-0.932	-0.932	-0.934	-0.923	-0.864	-0.865	-0.934	-0.912	-0.931	-0.935	-0.936	-0.936	-0.940	-0.933	-0.934	-0.935	-0.848	-0.906	-0.599	
rs2229129      -0.998	-0.937	-0.665	+0.010	+0.058	-0.694	-1.040	-1.038	-0.779	-1.052	-0.035	-0.229	+0.073	-0.153	-0.121	-0.142	-0.634	-0.778	-0.762	-0.934	-0.936	-0.932	-0.887	-0.887	-1.068	-1.017	-0.887	-0.996	-0.875	-1.033	-1.032	-0.990	-1.065	-0.906	-0.943	-0.940	-0.940	-0.886	-0.879	-0.919	-1.084	-0.893	-0.896	-0.955	-0.914	-1.093	-0.978	-0.977	-1.087	-0.999	-0.978	-0.986	-1.043	-0.976	-0.995	-1.065	-1.011	-1.053	-1.046	-1.066	-1.042	-1.045	-1.008	-0.915	-1.044	-1.066	-1.104	-1.057	-0.988	-1.074	-0.988	-0.986	-0.986	-1.066	-1.065	-1.066	-1.059	-1.019	-0.994	-1.019	-0.958	-0.722	-0.990	-1.064	-1.079	-1.079	-1.069	-1.071	-1.007	-0.983	-1.067	-1.055	-1.066	-1.067	-1.070	-1.068	-1.084	-1.066	-1.066	-1.067	-0.985	-1.051	-0.717	
rs11667255     -0.997	-0.936	-0.664	+0.011	+0.059	-0.693	-1.039	-1.036	-0.778	-1.051	-0.033	-0.227	+0.075	-0.164	-0.134	-0.152	-0.778	-0.633	-0.748	-0.930	-0.933	-0.928	-0.886	-0.886	-1.067	-1.016	-0.886	-0.995	-0.874	-1.032	-1.031	-0.988	-1.064	-0.905	-0.942	-0.939	-0.939	-0.885	-0.878	-0.918	-1.083	-0.892	-0.895	-0.954	-0.913	-1.091	-0.977	-0.976	-1.086	-0.998	-0.977	-0.985	-1.042	-0.975	-0.994	-1.064	-1.009	-1.052	-1.045	-1.065	-1.041	-1.044	-1.007	-0.914	-1.043	-1.065	-1.103	-1.056	-0.987	-1.073	-0.987	-0.985	-0.985	-1.065	-1.064	-1.064	-1.058	-1.018	-0.993	-1.018	-0.957	-0.721	-0.989	-1.063	-1.078	-1.077	-1.068	-1.070	-1.006	-0.982	-1.066	-1.054	-1.065	-1.066	-1.069	-1.067	-1.083	-1.065	-1.065	-1.066	-0.984	-1.050	-0.716	
rs12459883     -1.006	-0.947	-0.669	-0.049	-0.003	-0.706	-1.051	-1.052	-0.792	-1.065	-0.095	-0.286	+0.008	-0.318	-0.307	-0.310	-0.762	-0.748	-0.641	-0.944	-0.944	-0.943	-0.891	-0.891	-1.072	-1.020	-0.891	-1.004	-0.878	-1.036	-1.035	-0.997	-1.068	-0.910	-0.951	-0.948	-0.948	-0.890	-0.883	-0.922	-1.088	-0.897	-0.900	-0.958	-0.917	-1.097	-0.983	-0.981	-1.091	-1.003	-0.986	-0.992	-1.047	-0.984	-1.003	-1.072	-1.018	-1.057	-1.050	-1.072	-1.049	-1.048	-1.016	-0.920	-1.048	-1.072	-1.109	-1.062	-0.995	-1.078	-0.995	-0.993	-0.993	-1.070	-1.072	-1.072	-1.064	-1.025	-0.999	-1.026	-0.963	-0.730	-0.997	-1.068	-1.083	-1.083	-1.075	-1.075	-1.012	-0.990	-1.073	-1.060	-1.072	-1.073	-1.076	-1.074	-1.089	-1.072	-1.072	-1.073	-0.990	-1.055	-0.725	
rs10419732     -1.015	-0.961	-0.661	-0.175	-0.134	-0.722	-1.050	-1.043	-0.814	-1.057	-0.222	-0.410	-0.139	-0.708	-0.726	-0.705	-0.934	-0.930	-0.944	-0.646	-0.782	-0.786	-0.892	-0.892	-1.074	-1.022	-0.891	-1.007	-0.881	-1.037	-1.036	-1.002	-1.070	-0.912	-0.958	-0.955	-0.955	-0.891	-0.883	-0.921	-1.090	-0.898	-0.901	-0.958	-0.917	-1.099	-0.985	-0.984	-1.094	-1.004	-0.992	-0.998	-1.048	-0.990	-1.010	-1.076	-1.025	-1.058	-1.051	-1.077	-1.055	-1.050	-1.023	-0.922	-1.050	-1.077	-1.113	-1.064	-1.001	-1.080	-1.001	-0.999	-0.999	-1.072	-1.076	-1.076	-1.066	-1.031	-1.002	-1.031	-0.965	-0.734	-1.003	-1.070	-1.085	-1.085	-1.079	-1.077	-1.013	-0.997	-1.078	-1.062	-1.076	-1.078	-1.080	-1.079	-1.091	-1.077	-1.077	-1.078	-0.992	-1.058	-0.729	
rs10420570     -1.014	-0.960	-0.662	-0.163	-0.122	-0.722	-1.047	-1.040	-0.813	-1.054	-0.210	-0.399	-0.126	-0.695	-0.712	-0.691	-0.936	-0.933	-0.944	-0.782	-0.645	-0.781	-0.892	-0.892	-1.074	-1.022	-0.891	-1.005	-0.880	-1.037	-1.036	-1.001	-1.070	-0.912	-0.957	-0.954	-0.954	-0.891	-0.883	-0.922	-1.090	-0.898	-0.901	-0.958	-0.917	-1.099	-0.985	-0.983	-1.094	-1.004	-0.991	-0.997	-1.048	-0.989	-1.009	-1.076	-1.024	-1.058	-1.051	-1.076	-1.054	-1.050	-1.022	-0.922	-1.049	-1.076	-1.112	-1.064	-1.000	-1.080	-1.000	-0.998	-0.998	-1.072	-1.076	-1.076	-1.066	-1.030	-1.001	-1.031	-0.965	-0.732	-1.002	-1.070	-1.085	-1.085	-1.079	-1.077	-1.013	-0.996	-1.077	-1.062	-1.075	-1.077	-1.080	-1.078	-1.091	-1.076	-1.076	-1.077	-0.992	-1.057	-0.727	
rs1124638      -1.014	-0.960	-0.659	-0.181	-0.140	-0.722	-1.050	-1.045	-0.813	-1.058	-0.228	-0.415	-0.145	-0.716	-0.734	-0.713	-0.932	-0.928	-0.943	-0.786	-0.781	-0.645	-0.891	-0.891	-1.073	-1.021	-0.890	-1.007	-0.880	-1.036	-1.035	-1.002	-1.069	-0.912	-0.958	-0.955	-0.955	-0.890	-0.882	-0.920	-1.090	-0.897	-0.900	-0.957	-0.915	-1.098	-0.985	-0.983	-1.094	-1.003	-0.992	-0.998	-1.048	-0.990	-1.010	-1.076	-1.024	-1.058	-1.050	-1.076	-1.055	-1.049	-1.022	-0.921	-1.049	-1.076	-1.112	-1.063	-1.001	-1.079	-1.001	-0.999	-0.999	-1.071	-1.076	-1.076	-1.066	-1.031	-1.001	-1.031	-0.964	-0.734	-1.002	-1.070	-1.085	-1.084	-1.079	-1.076	-1.012	-0.996	-1.077	-1.062	-1.076	-1.077	-1.080	-1.078	-1.091	-1.077	-1.077	-1.078	-0.992	-1.057	-0.729	
rs314662       -0.778	-0.734	-0.458	-0.175	-0.144	-0.503	-0.834	-0.860	-0.589	-0.871	-0.220	-0.378	-0.158	-0.737	-0.754	-0.736	-0.887	-0.886	-0.891	-0.892	-0.892	-0.891	-0.394	-0.517	-0.822	-0.790	-0.551	-0.689	-0.729	-0.816	-0.816	-0.761	-0.823	-0.752	-0.740	-0.738	-0.738	-0.557	-0.550	-0.655	-0.819	-0.564	-0.563	-0.669	-0.653	-0.816	-0.801	-0.801	-0.784	-0.674	-0.759	-0.754	-0.821	-0.759	-0.782	-0.823	-0.790	-0.823	-0.821	-0.823	-0.778	-0.821	-0.790	-0.621	-0.821	-0.823	-0.812	-0.805	-0.762	-0.826	-0.761	-0.761	-0.761	-0.825	-0.826	-0.826	-0.804	-0.778	-0.640	-0.778	-0.635	-0.532	-0.760	-0.827	-0.825	-0.825	-0.832	-0.826	-0.693	-0.760	-0.828	-0.808	-0.830	-0.826	-0.833	-0.827	-0.824	-0.829	-0.827	-0.827	-0.629	-0.802	-0.527	
rs178346       -0.778	-0.734	-0.458	-0.175	-0.144	-0.503	-0.834	-0.860	-0.589	-0.871	-0.220	-0.378	-0.158	-0.737	-0.754	-0.736	-0.887	-0.886	-0.891	-0.892	-0.892	-0.891	-0.517	-0.394	-0.821	-0.789	-0.545	-0.688	-0.729	-0.815	-0.815	-0.761	-0.823	-0.752	-0.740	-0.738	-0.738	-0.552	-0.544	-0.653	-0.818	-0.559	-0.557	-0.667	-0.651	-0.815	-0.801	-0.801	-0.783	-0.671	-0.759	-0.754	-0.820	-0.759	-0.782	-0.823	-0.790	-0.823	-0.820	-0.823	-0.778	-0.821	-0.790	-0.618	-0.821	-0.823	-0.811	-0.804	-0.762	-0.826	-0.761	-0.761	-0.761	-0.824	-0.826	-0.826	-0.804	-0.778	-0.636	-0.778	-0.632	-0.532	-0.760	-0.826	-0.824	-0.824	-0.832	-0.825	-0.691	-0.760	-0.827	-0.807	-0.829	-0.826	-0.833	-0.827	-0.823	-0.828	-0.826	-0.826	-0.626	-0.801	-0.527	
rs314661       -0.961	-0.903	-0.621	-0.338	-0.306	-0.675	-1.025	-1.042	-0.765	-1.053	-0.384	-0.546	-0.319	-0.916	-0.934	-0.915	-1.068	-1.067	-1.072	-1.074	-1.074	-1.073	-0.822	-0.821	-0.589	-0.793	-0.817	-0.853	-0.806	-0.712	-0.709	-0.890	-0.766	-0.838	-0.807	-0.802	-0.802	-0.817	-0.809	-0.825	-0.771	-0.824	-0.827	-0.864	-0.821	-0.762	-0.910	-0.909	-0.848	-0.907	-0.869	-0.893	-0.808	-0.863	-0.864	-0.991	-0.886	-0.814	-0.807	-0.990	-0.948	-0.808	-0.880	-0.858	-0.808	-0.990	-0.844	-0.872	-0.886	-0.834	-0.889	-0.884	-0.884	-0.836	-0.993	-0.993	-0.875	-0.923	-0.927	-0.924	-0.899	-0.708	-0.894	-0.837	-0.841	-0.841	-1.000	-0.838	-0.926	-0.879	-0.995	-0.885	-0.997	-0.994	-1.001	-0.995	-0.841	-0.996	-0.995	-0.994	-0.922	-0.892	-0.703	
rs314660       -0.907	-0.845	-0.565	-0.293	-0.261	-0.617	-0.974	-0.993	-0.708	-1.003	-0.339	-0.500	-0.274	-0.863	-0.880	-0.862	-1.017	-1.016	-1.020	-1.022	-1.022	-1.021	-0.790	-0.789	-0.793	-0.533	-0.785	-0.790	-0.801	-0.791	-0.791	-0.820	-0.799	-0.829	-0.727	-0.720	-0.720	-0.785	-0.778	-0.831	-0.790	-0.792	-0.794	-0.860	-0.827	-0.780	-0.889	-0.888	-0.557	-0.892	-0.798	-0.827	-0.827	-0.793	-0.837	-0.938	-0.860	-0.828	-0.825	-0.937	-0.891	-0.827	-0.855	-0.822	-0.827	-0.938	-0.813	-0.773	-0.820	-0.831	-0.822	-0.817	-0.817	-0.834	-0.941	-0.941	-0.774	-0.890	-0.879	-0.891	-0.857	-0.664	-0.829	-0.837	-0.831	-0.831	-0.948	-0.834	-0.904	-0.811	-0.943	-0.796	-0.946	-0.942	-0.949	-0.942	-0.828	-0.944	-0.942	-0.942	-0.875	-0.809	-0.659	
rs314659       -0.777	-0.732	-0.457	-0.175	-0.144	-0.501	-0.834	-0.860	-0.587	-0.871	-0.221	-0.379	-0.159	-0.737	-0.754	-0.737	-0.887	-0.886	-0.891	-0.891	-0.891	-0.890	-0.551	-0.545	-0.817	-0.785	-0.394	-0.687	-0.729	-0.811	-0.811	-0.760	-0.818	-0.752	-0.740	-0.738	-0.738	-0.522	-0.509	-0.644	-0.812	-0.529	-0.524	-0.656	-0.642	-0.809	-0.801	-0.800	-0.774	-0.658	-0.758	-0.754	-0.816	-0.758	-0.782	-0.820	-0.790	-0.818	-0.816	-0.820	-0.773	-0.817	-0.790	-0.604	-0.817	-0.820	-0.804	-0.799	-0.762	-0.821	-0.760	-0.760	-0.760	-0.819	-0.823	-0.823	-0.798	-0.778	-0.617	-0.778	-0.616	-0.537	-0.760	-0.822	-0.819	-0.819	-0.830	-0.821	-0.681	-0.760	-0.825	-0.802	-0.827	-0.823	-0.830	-0.824	-0.818	-0.826	-0.824	-0.824	-0.607	-0.797	-0.531	
rs314658       -0.893	-0.840	-0.548	-0.285	-0.252	-0.598	-0.960	-0.985	-0.690	-0.995	-0.333	-0.495	-0.271	-0.879	-0.895	-0.879	-0.996	-0.995	-1.004	-1.007	-1.005	-1.007	-0.689	-0.688	-0.853	-0.790	-0.687	-0.519	-0.779	-0.796	-0.795	-0.879	-0.845	-0.809	-0.845	-0.842	-0.842	-0.685	-0.677	-0.710	-0.881	-0.697	-0.698	-0.758	-0.704	-0.894	-0.878	-0.877	-0.899	-0.816	-0.873	-0.875	-0.825	-0.872	-0.893	-0.949	-0.905	-0.837	-0.827	-0.949	-0.919	-0.825	-0.903	-0.729	-0.825	-0.949	-0.928	-0.860	-0.880	-0.873	-0.879	-0.878	-0.878	-0.865	-0.950	-0.950	-0.865	-0.904	-0.827	-0.904	-0.784	-0.627	-0.880	-0.859	-0.884	-0.884	-0.953	-0.870	-0.835	-0.876	-0.951	-0.871	-0.951	-0.950	-0.955	-0.951	-0.892	-0.951	-0.950	-0.951	-0.817	-0.867	-0.622	
rs12461848     -0.764	-0.704	-0.427	-0.128	-0.095	-0.481	-0.826	-0.843	-0.570	-0.854	-0.175	-0.338	-0.110	-0.702	-0.722	-0.702	-0.875	-0.874	-0.878	-0.881	-0.880	-0.880	-0.729	-0.729	-0.806	-0.801	-0.729	-0.779	-0.382	-0.801	-0.801	-0.702	-0.803	-0.511	-0.618	-0.612	-0.613	-0.728	-0.723	-0.753	-0.798	-0.733	-0.736	-0.775	-0.750	-0.793	-0.415	-0.423	-0.801	-0.797	-0.677	-0.704	-0.803	-0.673	-0.674	-0.637	-0.701	-0.805	-0.806	-0.634	-0.538	-0.805	-0.695	-0.748	-0.805	-0.635	-0.792	-0.810	-0.697	-0.804	-0.699	-0.696	-0.697	-0.804	-0.648	-0.648	-0.811	-0.739	-0.794	-0.740	-0.775	-0.557	-0.707	-0.806	-0.803	-0.803	-0.668	-0.806	-0.801	-0.690	-0.653	-0.808	-0.666	-0.647	-0.675	-0.646	-0.802	-0.659	-0.652	-0.647	-0.789	-0.808	-0.553	
rs2871987      -0.925	-0.866	-0.584	-0.298	-0.266	-0.640	-0.987	-1.004	-0.730	-1.015	-0.344	-0.506	-0.279	-0.874	-0.892	-0.873	-1.033	-1.032	-1.036	-1.037	-1.037	-1.036	-0.816	-0.815	-0.712	-0.791	-0.811	-0.796	-0.801	-0.550	-0.680	-0.841	-0.679	-0.830	-0.751	-0.745	-0.745	-0.811	-0.804	-0.819	-0.628	-0.818	-0.820	-0.852	-0.815	-0.571	-0.893	-0.892	-0.790	-0.885	-0.818	-0.846	-0.779	-0.812	-0.806	-0.949	-0.830	-0.777	-0.774	-0.948	-0.901	-0.778	-0.823	-0.846	-0.778	-0.949	-0.758	-0.838	-0.838	-0.776	-0.841	-0.835	-0.836	-0.785	-0.952	-0.952	-0.839	-0.875	-0.904	-0.876	-0.881	-0.680	-0.847	-0.790	-0.777	-0.777	-0.960	-0.783	-0.901	-0.830	-0.954	-0.853	-0.957	-0.953	-0.961	-0.953	-0.771	-0.956	-0.953	-0.953	-0.900	-0.860	-0.675	
rs2312289      -0.924	-0.866	-0.584	-0.297	-0.265	-0.640	-0.987	-1.003	-0.729	-1.015	-0.343	-0.505	-0.278	-0.873	-0.891	-0.872	-1.032	-1.031	-1.035	-1.036	-1.036	-1.035	-0.816	-0.815	-0.709	-0.791	-0.811	-0.795	-0.801	-0.680	-0.549	-0.840	-0.677	-0.830	-0.750	-0.744	-0.744	-0.811	-0.804	-0.819	-0.624	-0.818	-0.820	-0.851	-0.815	-0.565	-0.892	-0.891	-0.789	-0.885	-0.817	-0.846	-0.779	-0.811	-0.806	-0.948	-0.829	-0.776	-0.773	-0.948	-0.900	-0.777	-0.822	-0.846	-0.778	-0.948	-0.757	-0.838	-0.838	-0.775	-0.840	-0.835	-0.835	-0.784	-0.952	-0.952	-0.839	-0.874	-0.904	-0.875	-0.881	-0.680	-0.846	-0.789	-0.776	-0.776	-0.959	-0.782	-0.901	-0.829	-0.954	-0.852	-0.957	-0.952	-0.960	-0.953	-0.769	-0.955	-0.953	-0.953	-0.899	-0.860	-0.675	
rs874460       -0.886	-0.832	-0.540	-0.277	-0.245	-0.593	-0.948	-0.975	-0.685	-0.985	-0.324	-0.486	-0.262	-0.869	-0.885	-0.869	-0.990	-0.988	-0.997	-1.002	-1.001	-1.002	-0.761	-0.761	-0.890	-0.820	-0.760	-0.879	-0.702	-0.841	-0.840	-0.508	-0.884	-0.738	-0.433	-0.415	-0.416	-0.759	-0.752	-0.792	-0.913	-0.766	-0.771	-0.829	-0.788	-0.924	-0.823	-0.821	-0.916	-0.874	-0.660	-0.679	-0.862	-0.656	-0.753	-0.942	-0.765	-0.875	-0.865	-0.943	-0.925	-0.865	-0.761	-0.790	-0.864	-0.943	-0.949	-0.879	-0.685	-0.902	-0.680	-0.674	-0.674	-0.892	-0.942	-0.942	-0.882	-0.770	-0.871	-0.770	-0.834	-0.597	-0.680	-0.891	-0.909	-0.909	-0.945	-0.899	-0.883	-0.675	-0.943	-0.879	-0.941	-0.944	-0.946	-0.945	-0.917	-0.942	-0.943	-0.944	-0.861	-0.881	-0.591	
rs314666       -0.958	-0.900	-0.617	-0.334	-0.302	-0.672	-1.021	-1.038	-0.762	-1.049	-0.380	-0.542	-0.316	-0.912	-0.930	-0.911	-1.065	-1.064	-1.068	-1.070	-1.070	-1.069	-0.823	-0.823	-0.766	-0.799	-0.818	-0.845	-0.803	-0.679	-0.677	-0.884	-0.584	-0.835	-0.801	-0.795	-0.795	-0.818	-0.809	-0.824	-0.752	-0.825	-0.827	-0.862	-0.820	-0.716	-0.908	-0.907	-0.840	-0.904	-0.863	-0.888	-0.796	-0.857	-0.854	-0.986	-0.878	-0.801	-0.800	-0.985	-0.943	-0.795	-0.872	-0.857	-0.795	-0.986	-0.827	-0.866	-0.879	-0.819	-0.883	-0.879	-0.879	-0.827	-0.989	-0.989	-0.872	-0.916	-0.924	-0.917	-0.898	-0.705	-0.889	-0.823	-0.831	-0.830	-0.996	-0.829	-0.923	-0.874	-0.991	-0.883	-0.993	-0.989	-0.997	-0.990	-0.830	-0.992	-0.990	-0.990	-0.920	-0.890	-0.700	
rs874462       -0.795	-0.736	-0.458	-0.162	-0.129	-0.513	-0.857	-0.875	-0.602	-0.886	-0.209	-0.372	-0.144	-0.737	-0.756	-0.736	-0.906	-0.905	-0.910	-0.912	-0.912	-0.912	-0.752	-0.752	-0.838	-0.829	-0.752	-0.809	-0.511	-0.830	-0.830	-0.738	-0.835	-0.415	-0.656	-0.651	-0.651	-0.751	-0.746	-0.777	-0.833	-0.757	-0.759	-0.800	-0.773	-0.829	-0.542	-0.545	-0.836	-0.825	-0.714	-0.739	-0.833	-0.709	-0.711	-0.687	-0.738	-0.836	-0.836	-0.684	-0.594	-0.835	-0.732	-0.773	-0.835	-0.685	-0.829	-0.842	-0.732	-0.837	-0.735	-0.732	-0.732	-0.837	-0.697	-0.697	-0.843	-0.774	-0.822	-0.775	-0.801	-0.583	-0.742	-0.838	-0.837	-0.837	-0.715	-0.839	-0.829	-0.726	-0.702	-0.839	-0.713	-0.696	-0.721	-0.696	-0.836	-0.707	-0.700	-0.696	-0.817	-0.839	-0.578	
rs141409639    -0.842	-0.797	-0.505	-0.240	-0.208	-0.555	-0.901	-0.931	-0.644	-0.941	-0.287	-0.448	-0.227	-0.831	-0.847	-0.831	-0.943	-0.942	-0.951	-0.958	-0.957	-0.958	-0.740	-0.740	-0.807	-0.727	-0.740	-0.845	-0.618	-0.751	-0.750	-0.433	-0.801	-0.656	-0.461	-0.580	-0.580	-0.739	-0.732	-0.770	-0.832	-0.746	-0.749	-0.805	-0.766	-0.847	-0.746	-0.745	-0.838	-0.846	-0.588	-0.514	-0.774	-0.600	-0.726	-0.894	-0.718	-0.788	-0.777	-0.895	-0.883	-0.776	-0.720	-0.768	-0.775	-0.895	-0.882	-0.794	-0.584	-0.821	-0.546	-0.541	-0.541	-0.809	-0.894	-0.894	-0.797	-0.676	-0.842	-0.676	-0.809	-0.541	-0.510	-0.807	-0.830	-0.829	-0.896	-0.816	-0.854	-0.576	-0.895	-0.794	-0.892	-0.896	-0.897	-0.897	-0.839	-0.894	-0.895	-0.896	-0.833	-0.800	-0.536	
rs78320072     -0.839	-0.795	-0.502	-0.237	-0.205	-0.552	-0.898	-0.928	-0.641	-0.938	-0.284	-0.445	-0.224	-0.828	-0.844	-0.828	-0.940	-0.939	-0.948	-0.955	-0.954	-0.955	-0.738	-0.738	-0.802	-0.720	-0.738	-0.842	-0.612	-0.745	-0.744	-0.415	-0.795	-0.651	-0.580	-0.457	-0.576	-0.737	-0.730	-0.768	-0.827	-0.744	-0.747	-0.802	-0.764	-0.842	-0.741	-0.739	-0.832	-0.844	-0.571	-0.495	-0.767	-0.588	-0.722	-0.891	-0.713	-0.782	-0.770	-0.891	-0.880	-0.770	-0.715	-0.766	-0.769	-0.891	-0.877	-0.788	-0.568	-0.815	-0.525	-0.517	-0.517	-0.803	-0.890	-0.890	-0.791	-0.669	-0.839	-0.669	-0.806	-0.537	-0.480	-0.801	-0.824	-0.824	-0.892	-0.811	-0.852	-0.560	-0.891	-0.788	-0.889	-0.892	-0.893	-0.893	-0.834	-0.890	-0.891	-0.893	-0.831	-0.795	-0.532	
rs137882482    -0.839	-0.795	-0.503	-0.237	-0.205	-0.552	-0.898	-0.928	-0.642	-0.938	-0.285	-0.445	-0.224	-0.828	-0.844	-0.828	-0.940	-0.939	-0.948	-0.955	-0.954	-0.955	-0.738	-0.738	-0.802	-0.720	-0.738	-0.842	-0.613	-0.745	-0.744	-0.416	-0.795	-0.651	-0.580	-0.576	-0.457	-0.737	-0.730	-0.768	-0.827	-0.744	-0.747	-0.803	-0.764	-0.842	-0.741	-0.740	-0.832	-0.844	-0.571	-0.496	-0.768	-0.588	-0.722	-0.891	-0.713	-0.782	-0.770	-0.891	-0.880	-0.770	-0.716	-0.766	-0.769	-0.892	-0.877	-0.788	-0.569	-0.815	-0.525	-0.518	-0.517	-0.804	-0.890	-0.890	-0.791	-0.669	-0.839	-0.669	-0.806	-0.537	-0.481	-0.801	-0.824	-0.824	-0.892	-0.811	-0.852	-0.560	-0.891	-0.788	-0.889	-0.892	-0.893	-0.893	-0.834	-0.890	-0.892	-0.893	-0.831	-0.795	-0.532	
rs9916965      -0.776	-0.732	-0.456	-0.175	-0.143	-0.500	-0.833	-0.859	-0.587	-0.870	-0.220	-0.378	-0.158	-0.738	-0.754	-0.737	-0.886	-0.885	-0.890	-0.891	-0.891	-0.890	-0.557	-0.552	-0.817	-0.785	-0.522	-0.685	-0.728	-0.811	-0.811	-0.759	-0.818	-0.751	-0.739	-0.737	-0.737	-0.393	-0.515	-0.645	-0.812	-0.533	-0.528	-0.657	-0.642	-0.809	-0.800	-0.799	-0.774	-0.658	-0.758	-0.753	-0.816	-0.758	-0.781	-0.819	-0.789	-0.818	-0.816	-0.819	-0.772	-0.817	-0.789	-0.604	-0.817	-0.819	-0.803	-0.799	-0.761	-0.821	-0.760	-0.759	-0.759	-0.819	-0.822	-0.822	-0.798	-0.777	-0.617	-0.777	-0.616	-0.536	-0.759	-0.821	-0.819	-0.819	-0.829	-0.820	-0.680	-0.759	-0.824	-0.802	-0.826	-0.822	-0.829	-0.823	-0.818	-0.825	-0.823	-0.822	-0.606	-0.796	-0.531	
rs3859426      -0.769	-0.725	-0.449	-0.167	-0.136	-0.493	-0.826	-0.852	-0.579	-0.863	-0.213	-0.371	-0.151	-0.729	-0.746	-0.728	-0.879	-0.878	-0.883	-0.883	-0.883	-0.882	-0.550	-0.544	-0.809	-0.778	-0.509	-0.677	-0.723	-0.804	-0.804	-0.752	-0.809	-0.746	-0.732	-0.730	-0.730	-0.515	-0.385	-0.637	-0.803	-0.520	-0.512	-0.648	-0.635	-0.799	-0.794	-0.793	-0.764	-0.645	-0.751	-0.746	-0.809	-0.750	-0.774	-0.812	-0.782	-0.810	-0.808	-0.811	-0.764	-0.809	-0.782	-0.595	-0.809	-0.812	-0.794	-0.790	-0.754	-0.812	-0.752	-0.752	-0.752	-0.811	-0.814	-0.815	-0.789	-0.769	-0.602	-0.769	-0.603	-0.529	-0.751	-0.813	-0.810	-0.810	-0.821	-0.812	-0.669	-0.751	-0.816	-0.794	-0.819	-0.815	-0.822	-0.815	-0.809	-0.817	-0.815	-0.815	-0.591	-0.788	-0.524	
rs6509290      -0.810	-0.768	-0.489	-0.190	-0.158	-0.540	-0.862	-0.884	-0.625	-0.896	-0.236	-0.395	-0.173	-0.762	-0.779	-0.761	-0.919	-0.918	-0.922	-0.921	-0.922	-0.920	-0.655	-0.653	-0.825	-0.831	-0.644	-0.710	-0.753	-0.819	-0.819	-0.792	-0.824	-0.777	-0.770	-0.768	-0.768	-0.645	-0.637	-0.428	-0.816	-0.649	-0.649	-0.562	-0.547	-0.811	-0.826	-0.825	-0.836	-0.534	-0.790	-0.787	-0.826	-0.790	-0.811	-0.848	-0.823	-0.827	-0.825	-0.847	-0.799	-0.826	-0.822	-0.686	-0.826	-0.847	-0.810	-0.846	-0.794	-0.829	-0.793	-0.793	-0.793	-0.828	-0.850	-0.851	-0.846	-0.823	-0.717	-0.823	-0.709	-0.569	-0.792	-0.831	-0.827	-0.827	-0.858	-0.829	-0.641	-0.792	-0.852	-0.848	-0.855	-0.851	-0.858	-0.851	-0.825	-0.853	-0.851	-0.851	-0.711	-0.843	-0.564	
rs8105742      -0.978	-0.921	-0.637	-0.355	-0.323	-0.691	-1.041	-1.059	-0.780	-1.070	-0.402	-0.564	-0.337	-0.935	-0.952	-0.934	-1.084	-1.083	-1.088	-1.090	-1.090	-1.090	-0.819	-0.818	-0.771	-0.790	-0.812	-0.881	-0.798	-0.628	-0.624	-0.913	-0.752	-0.833	-0.832	-0.827	-0.827	-0.812	-0.803	-0.816	-0.606	-0.820	-0.822	-0.859	-0.810	-0.760	-0.910	-0.908	-0.861	-0.907	-0.890	-0.913	-0.777	-0.886	-0.885	-1.006	-0.907	-0.790	-0.781	-1.006	-0.966	-0.777	-0.901	-0.856	-0.777	-1.006	-0.857	-0.871	-0.907	-0.825	-0.909	-0.905	-0.905	-0.826	-1.008	-1.008	-0.876	-0.941	-0.931	-0.942	-0.902	-0.719	-0.914	-0.824	-0.837	-0.837	-1.015	-0.830	-0.929	-0.900	-1.010	-0.886	-1.012	-1.009	-1.016	-1.010	-0.840	-1.011	-1.010	-1.010	-0.927	-0.894	-0.714	
rs7257145      -0.783	-0.739	-0.463	-0.183	-0.152	-0.507	-0.841	-0.867	-0.594	-0.878	-0.229	-0.387	-0.167	-0.745	-0.762	-0.744	-0.893	-0.892	-0.897	-0.898	-0.898	-0.897	-0.564	-0.559	-0.824	-0.792	-0.529	-0.697	-0.733	-0.818	-0.818	-0.766	-0.825	-0.757	-0.746	-0.744	-0.744	-0.533	-0.520	-0.649	-0.820	-0.400	-0.532	-0.662	-0.647	-0.817	-0.806	-0.805	-0.783	-0.666	-0.765	-0.760	-0.823	-0.764	-0.788	-0.826	-0.796	-0.825	-0.822	-0.826	-0.779	-0.823	-0.796	-0.609	-0.823	-0.826	-0.813	-0.806	-0.768	-0.828	-0.767	-0.766	-0.766	-0.826	-0.829	-0.829	-0.805	-0.784	-0.626	-0.784	-0.624	-0.542	-0.766	-0.828	-0.826	-0.826	-0.836	-0.828	-0.688	-0.766	-0.831	-0.809	-0.833	-0.829	-0.836	-0.830	-0.825	-0.832	-0.830	-0.829	-0.616	-0.803	-0.537	
rs12461093     -0.787	-0.742	-0.466	-0.185	-0.154	-0.510	-0.844	-0.870	-0.597	-0.881	-0.231	-0.389	-0.169	-0.748	-0.765	-0.747	-0.896	-0.895	-0.900	-0.901	-0.901	-0.900	-0.563	-0.557	-0.827	-0.794	-0.524	-0.698	-0.736	-0.820	-0.820	-0.771	-0.827	-0.759	-0.749	-0.747	-0.747	-0.528	-0.512	-0.649	-0.822	-0.532	-0.404	-0.664	-0.647	-0.819	-0.809	-0.808	-0.785	-0.667	-0.768	-0.764	-0.825	-0.768	-0.791	-0.830	-0.799	-0.827	-0.825	-0.830	-0.784	-0.825	-0.799	-0.610	-0.825	-0.830	-0.815	-0.808	-0.772	-0.830	-0.770	-0.770	-0.770	-0.828	-0.833	-0.833	-0.807	-0.788	-0.627	-0.788	-0.626	-0.546	-0.769	-0.831	-0.829	-0.829	-0.840	-0.830	-0.690	-0.769	-0.835	-0.811	-0.837	-0.833	-0.840	-0.834	-0.828	-0.836	-0.834	-0.833	-0.618	-0.806	-0.540	
rs11083845     -0.847	-0.803	-0.523	-0.227	-0.195	-0.575	-0.900	-0.922	-0.660	-0.933	-0.273	-0.433	-0.211	-0.800	-0.818	-0.800	-0.955	-0.954	-0.958	-0.958	-0.958	-0.957	-0.669	-0.667	-0.864	-0.860	-0.656	-0.758	-0.775	-0.852	-0.851	-0.829	-0.862	-0.800	-0.805	-0.802	-0.803	-0.657	-0.648	-0.562	-0.859	-0.662	-0.664	-0.466	-0.551	-0.856	-0.853	-0.852	-0.878	-0.633	-0.826	-0.823	-0.860	-0.826	-0.847	-0.886	-0.859	-0.863	-0.860	-0.886	-0.841	-0.861	-0.858	-0.707	-0.861	-0.886	-0.858	-0.882	-0.831	-0.868	-0.829	-0.829	-0.829	-0.866	-0.889	-0.889	-0.882	-0.860	-0.756	-0.860	-0.739	-0.601	-0.829	-0.868	-0.868	-0.868	-0.895	-0.868	-0.697	-0.828	-0.890	-0.883	-0.893	-0.889	-0.896	-0.890	-0.867	-0.891	-0.890	-0.889	-0.749	-0.878	-0.596	
rs6509291      -0.806	-0.764	-0.485	-0.185	-0.153	-0.536	-0.857	-0.879	-0.621	-0.891	-0.231	-0.391	-0.168	-0.757	-0.774	-0.756	-0.914	-0.913	-0.917	-0.917	-0.917	-0.915	-0.653	-0.651	-0.821	-0.827	-0.642	-0.704	-0.750	-0.815	-0.815	-0.788	-0.820	-0.773	-0.766	-0.764	-0.764	-0.642	-0.635	-0.547	-0.810	-0.647	-0.647	-0.551	-0.423	-0.805	-0.822	-0.821	-0.831	-0.519	-0.786	-0.782	-0.822	-0.785	-0.807	-0.843	-0.818	-0.823	-0.821	-0.842	-0.794	-0.822	-0.817	-0.683	-0.822	-0.842	-0.804	-0.842	-0.790	-0.823	-0.788	-0.788	-0.788	-0.823	-0.845	-0.846	-0.841	-0.819	-0.712	-0.819	-0.704	-0.565	-0.788	-0.826	-0.821	-0.821	-0.853	-0.824	-0.632	-0.787	-0.847	-0.844	-0.850	-0.846	-0.853	-0.846	-0.819	-0.848	-0.846	-0.846	-0.706	-0.839	-0.560	
rs7250264      -0.987	-0.930	-0.646	-0.366	-0.334	-0.699	-1.050	-1.069	-0.789	-1.080	-0.412	-0.574	-0.348	-0.946	-0.963	-0.945	-1.093	-1.091	-1.097	-1.099	-1.099	-1.098	-0.816	-0.815	-0.762	-0.780	-0.809	-0.894	-0.793	-0.571	-0.565	-0.924	-0.716	-0.829	-0.847	-0.842	-0.842	-0.809	-0.799	-0.811	-0.760	-0.817	-0.819	-0.856	-0.805	-0.615	-0.910	-0.908	-0.864	-0.908	-0.903	-0.924	-0.764	-0.898	-0.899	-1.016	-0.921	-0.779	-0.772	-1.016	-0.978	-0.765	-0.915	-0.855	-0.765	-1.016	-0.871	-0.871	-0.918	-0.824	-0.921	-0.917	-0.917	-0.825	-1.018	-1.018	-0.878	-0.952	-0.934	-0.953	-0.903	-0.725	-0.926	-0.820	-0.842	-0.841	-1.024	-0.832	-0.931	-0.912	-1.020	-0.888	-1.021	-1.019	-1.026	-1.020	-0.847	-1.021	-1.019	-1.019	-0.929	-0.896	-0.720	
rs62134780     -0.869	-0.811	-0.532	-0.238	-0.205	-0.584	-0.931	-0.950	-0.673	-0.961	-0.285	-0.448	-0.220	-0.817	-0.835	-0.816	-0.978	-0.977	-0.983	-0.985	-0.985	-0.985	-0.801	-0.801	-0.910	-0.889	-0.801	-0.878	-0.415	-0.893	-0.892	-0.823	-0.908	-0.542	-0.746	-0.741	-0.741	-0.800	-0.794	-0.826	-0.910	-0.806	-0.809	-0.853	-0.822	-0.910	-0.492	-0.617	-0.914	-0.885	-0.799	-0.820	-0.897	-0.795	-0.801	-0.788	-0.825	-0.903	-0.900	-0.786	-0.707	-0.899	-0.820	-0.825	-0.899	-0.786	-0.914	-0.910	-0.816	-0.910	-0.817	-0.815	-0.815	-0.907	-0.796	-0.796	-0.911	-0.855	-0.883	-0.855	-0.858	-0.639	-0.823	-0.908	-0.911	-0.911	-0.810	-0.910	-0.891	-0.809	-0.799	-0.907	-0.808	-0.795	-0.816	-0.795	-0.913	-0.804	-0.798	-0.795	-0.877	-0.906	-0.634	
rs62134781     -0.868	-0.809	-0.530	-0.236	-0.203	-0.582	-0.929	-0.948	-0.672	-0.959	-0.284	-0.447	-0.218	-0.815	-0.834	-0.815	-0.977	-0.976	-0.981	-0.984	-0.983	-0.983	-0.801	-0.801	-0.909	-0.888	-0.800	-0.877	-0.423	-0.892	-0.891	-0.821	-0.907	-0.545	-0.745	-0.739	-0.740	-0.799	-0.793	-0.825	-0.908	-0.805	-0.808	-0.852	-0.821	-0.908	-0.617	-0.491	-0.913	-0.884	-0.797	-0.818	-0.896	-0.793	-0.799	-0.786	-0.823	-0.902	-0.899	-0.783	-0.704	-0.898	-0.818	-0.824	-0.898	-0.784	-0.912	-0.909	-0.814	-0.909	-0.816	-0.813	-0.813	-0.906	-0.793	-0.794	-0.910	-0.853	-0.882	-0.854	-0.857	-0.638	-0.822	-0.906	-0.910	-0.910	-0.808	-0.909	-0.890	-0.807	-0.797	-0.906	-0.806	-0.793	-0.814	-0.792	-0.911	-0.801	-0.796	-0.793	-0.876	-0.905	-0.633	
rs4511639      -0.980	-0.921	-0.638	-0.368	-0.336	-0.689	-1.045	-1.066	-0.780	-1.077	-0.414	-0.575	-0.350	-0.945	-0.962	-0.944	-1.087	-1.086	-1.091	-1.094	-1.094	-1.094	-0.784	-0.783	-0.848	-0.557	-0.774	-0.899	-0.801	-0.790	-0.789	-0.916	-0.840	-0.836	-0.838	-0.832	-0.832	-0.774	-0.764	-0.836	-0.861	-0.783	-0.785	-0.878	-0.831	-0.864	-0.914	-0.913	-0.609	-0.925	-0.896	-0.917	-0.839	-0.892	-0.929	-1.014	-0.949	-0.850	-0.843	-1.014	-0.978	-0.840	-0.945	-0.827	-0.840	-1.014	-0.916	-0.806	-0.912	-0.881	-0.915	-0.911	-0.911	-0.878	-1.016	-1.016	-0.815	-0.971	-0.911	-0.971	-0.879	-0.718	-0.919	-0.876	-0.892	-0.891	-1.022	-0.884	-0.943	-0.906	-1.018	-0.833	-1.019	-1.017	-1.023	-1.018	-0.896	-1.019	-1.018	-1.018	-0.907	-0.846	-0.713	
rs314672       -0.891	-0.846	-0.564	-0.277	-0.245	-0.614	-0.946	-0.970	-0.701	-0.981	-0.323	-0.483	-0.260	-0.852	-0.869	-0.851	-0.999	-0.998	-1.003	-1.004	-1.004	-1.003	-0.674	-0.671	-0.907	-0.892	-0.658	-0.816	-0.797	-0.885	-0.885	-0.874	-0.904	-0.825	-0.846	-0.844	-0.844	-0.658	-0.645	-0.534	-0.907	-0.666	-0.667	-0.633	-0.519	-0.908	-0.885	-0.884	-0.925	-0.514	-0.870	-0.869	-0.892	-0.869	-0.891	-0.931	-0.904	-0.896	-0.892	-0.931	-0.889	-0.892	-0.902	-0.705	-0.892	-0.931	-0.907	-0.917	-0.876	-0.907	-0.874	-0.874	-0.874	-0.903	-0.933	-0.933	-0.918	-0.905	-0.784	-0.906	-0.755	-0.639	-0.874	-0.905	-0.908	-0.908	-0.940	-0.906	-0.729	-0.872	-0.935	-0.919	-0.937	-0.934	-0.940	-0.934	-0.909	-0.936	-0.934	-0.934	-0.774	-0.914	-0.634	
rs314675       -0.875	-0.825	-0.533	-0.270	-0.238	-0.584	-0.938	-0.965	-0.675	-0.975	-0.317	-0.478	-0.256	-0.861	-0.877	-0.861	-0.978	-0.977	-0.986	-0.992	-0.991	-0.992	-0.759	-0.759	-0.869	-0.798	-0.758	-0.873	-0.677	-0.818	-0.817	-0.660	-0.863	-0.714	-0.588	-0.571	-0.571	-0.758	-0.751	-0.790	-0.890	-0.765	-0.768	-0.826	-0.786	-0.903	-0.799	-0.797	-0.896	-0.870	-0.497	-0.617	-0.835	-0.628	-0.746	-0.929	-0.754	-0.849	-0.839	-0.930	-0.915	-0.838	-0.753	-0.787	-0.837	-0.930	-0.930	-0.854	-0.657	-0.879	-0.621	-0.635	-0.635	-0.866	-0.929	-0.929	-0.857	-0.742	-0.866	-0.742	-0.830	-0.582	-0.628	-0.866	-0.886	-0.886	-0.931	-0.874	-0.878	-0.646	-0.930	-0.853	-0.928	-0.931	-0.932	-0.932	-0.894	-0.929	-0.930	-0.931	-0.856	-0.857	-0.577	
rs56010181     -0.881	-0.827	-0.535	-0.272	-0.240	-0.589	-0.945	-0.971	-0.680	-0.981	-0.320	-0.482	-0.257	-0.865	-0.880	-0.864	-0.986	-0.985	-0.992	-0.998	-0.997	-0.998	-0.754	-0.754	-0.893	-0.827	-0.754	-0.875	-0.704	-0.846	-0.846	-0.679	-0.888	-0.739	-0.514	-0.495	-0.496	-0.753	-0.746	-0.787	-0.913	-0.760	-0.764	-0.823	-0.782	-0.924	-0.820	-0.818	-0.917	-0.869	-0.617	-0.504	-0.861	-0.610	-0.736	-0.937	-0.755	-0.875	-0.865	-0.938	-0.920	-0.864	-0.752	-0.783	-0.864	-0.938	-0.946	-0.879	-0.669	-0.901	-0.650	-0.654	-0.654	-0.890	-0.937	-0.937	-0.881	-0.757	-0.865	-0.758	-0.828	-0.594	-0.664	-0.890	-0.908	-0.908	-0.940	-0.897	-0.877	-0.654	-0.938	-0.878	-0.937	-0.939	-0.941	-0.940	-0.915	-0.938	-0.938	-0.939	-0.855	-0.879	-0.588	
rs10413222     -0.936	-0.878	-0.596	-0.313	-0.280	-0.652	-0.997	-1.015	-0.741	-1.026	-0.359	-0.521	-0.294	-0.890	-0.908	-0.890	-1.043	-1.042	-1.047	-1.048	-1.048	-1.048	-0.821	-0.820	-0.808	-0.827	-0.816	-0.825	-0.803	-0.779	-0.779	-0.862	-0.796	-0.833	-0.774	-0.767	-0.768	-0.816	-0.809	-0.826	-0.777	-0.823	-0.825	-0.860	-0.822	-0.764	-0.897	-0.896	-0.839	-0.892	-0.835	-0.861	-0.561	-0.829	-0.821	-0.952	-0.850	-0.711	-0.729	-0.951	-0.902	-0.708	-0.843	-0.838	-0.709	-0.951	-0.717	-0.816	-0.852	-0.709	-0.856	-0.852	-0.852	-0.739	-0.955	-0.955	-0.824	-0.890	-0.899	-0.891	-0.876	-0.688	-0.863	-0.734	-0.734	-0.735	-0.962	-0.744	-0.896	-0.847	-0.957	-0.838	-0.960	-0.955	-0.965	-0.956	-0.726	-0.958	-0.956	-0.956	-0.896	-0.848	-0.683	
