## Summary of overall evidence for association with region:
## log10(BF for region) = 2.58564
## p-value for region = NA

## BFs for choosing among multi-SNP models:
## log10(average 1-SNP BF) = 2.61316
## log10(average 2-SNP BF) = 2.52473

## Example posterior probabilities for multi-SNP models, based on default prior: [p(l) propto 0.5^l for l=1,2,...,L]
## posterior probability of 1-SNP = 0.710288
## posterior probability of 2-SNP = 0.289712

## log10(BF) for single SNP and pair of SNPs:
rs1940995      -0.634	-0.557	-0.774	-0.778	-0.502	-0.603	-0.573	-0.545	-0.571	-0.774	-0.401	-0.795	-0.617	-0.483	-0.499	-0.511	-0.323	-0.824	-0.709	-0.573	-0.400	-1.059	-0.400	-0.344	-0.674	-0.673	-0.922	-1.065	-0.663	-1.066	-0.694	-0.452	-0.921	-1.064	-0.475	-1.066	-0.922	-0.479	-0.686	-0.486	-1.057	-1.037	-1.036	-0.442	-1.050	-0.650	-1.048	-0.663	-0.659	-0.659	-0.660	-0.415	-0.454	-1.047	-0.459	-0.488	+0.023	+0.023	-0.941	-0.942	-0.731	-1.055	-0.811	-0.117	-1.046	-0.131	-0.828	-0.830	-1.079	-0.845	-0.838	-0.845	-0.827	-0.844	-0.845	-0.850	-1.021	-1.021	-1.021	-0.855	-1.022	-1.023	-1.023	-1.024	-1.024	-1.025	-0.854	-0.849	-1.020	-1.026	-1.016	-0.929	-0.926	-1.063	-0.933	-0.839	-0.901	-0.380	+0.145	-1.115	-0.636	-0.637	-0.677	-1.012	-0.676	-0.662	-1.039	+0.358	-0.657	-1.013	-0.550	-1.051	-0.581	-0.613	+0.048	+0.208	-0.988	+0.250	+0.257	-0.078	-1.126	-0.072	-1.030	+2.127	+2.442	+3.003	+3.180	+2.423	+2.438	+2.359	+2.366	+2.354	+2.352	+2.362	+2.348	+2.346	+2.355	+2.353	+2.351	+2.339	+2.355	+2.338	+2.347	+2.346	+2.336	+2.323	+2.346	+2.346	+2.332	+2.332	+2.365	+2.329	+2.336	+2.296	+2.408	+2.308	+2.225	+2.202	+2.163	+2.155	+2.149	-0.331	-0.830	-0.836	+1.972	-0.463	+1.968	+1.972	+1.972	+1.968	-0.368	
rs16948569     -0.557	-0.374	-0.546	-0.572	-0.520	-0.797	-0.572	-0.529	-0.571	-0.814	-0.475	-0.814	-0.599	-0.528	-0.537	-0.544	-0.417	-0.812	-0.583	-0.376	-0.232	-0.829	-0.232	-0.179	-0.481	-0.481	-0.676	-0.834	-0.471	-0.835	-0.503	-0.278	-0.676	-0.833	-0.299	-0.835	-0.676	-0.303	-0.493	-0.310	-0.827	-0.814	-0.813	-0.228	-0.828	-0.412	-0.818	-0.425	-0.421	-0.421	-0.422	-0.221	-0.239	-0.818	-0.244	-0.273	+0.180	+0.181	-0.721	-0.723	-0.526	-0.826	-0.634	+0.020	-0.819	+0.008	-0.632	-0.558	-0.837	-0.574	-0.590	-0.574	-0.555	-0.573	-0.575	-0.580	-0.796	-0.797	-0.797	-0.586	-0.797	-0.798	-0.798	-0.798	-0.798	-0.798	-0.584	-0.578	-0.796	-0.799	-0.794	-0.669	-0.665	-0.826	-0.674	-0.553	-0.637	-0.166	+0.211	-0.866	-0.335	-0.336	-0.380	-0.757	-0.379	-0.363	-0.784	+0.612	-0.359	-0.760	-0.392	-0.792	-0.422	-0.310	+0.354	+0.517	-0.742	+0.560	+0.567	+0.205	-0.878	+0.211	-0.804	+2.459	+2.758	+3.348	+3.530	+2.757	+2.778	+2.699	+2.705	+2.694	+2.691	+2.701	+2.687	+2.685	+2.695	+2.692	+2.691	+2.679	+2.694	+2.677	+2.687	+2.685	+2.675	+2.662	+2.685	+2.685	+2.671	+2.671	+2.705	+2.668	+2.675	+2.639	+2.748	+2.647	+2.563	+2.540	+2.499	+2.492	+2.486	-0.072	-0.582	-0.588	+2.289	-0.239	+2.284	+2.289	+2.289	+2.285	-0.106	
rs11081206     -0.774	-0.546	-0.633	-0.778	-0.497	-0.591	-0.568	-0.539	-0.565	-0.765	-0.392	-0.786	-0.612	-0.476	-0.491	-0.503	-0.315	-0.816	-0.706	-0.571	-0.398	-1.059	-0.397	-0.342	-0.671	-0.670	-0.921	-1.064	-0.660	-1.066	-0.691	-0.450	-0.921	-1.064	-0.472	-1.065	-0.921	-0.477	-0.684	-0.484	-1.057	-1.036	-1.035	-0.441	-1.049	-0.649	-1.048	-0.661	-0.657	-0.658	-0.659	-0.415	-0.453	-1.047	-0.457	-0.487	+0.022	+0.022	-0.941	-0.943	-0.732	-1.055	-0.810	-0.117	-1.045	-0.130	-0.828	-0.831	-1.078	-0.845	-0.838	-0.845	-0.827	-0.844	-0.846	-0.850	-1.020	-1.020	-1.020	-0.855	-1.021	-1.022	-1.022	-1.023	-1.023	-1.023	-0.854	-0.849	-1.018	-1.025	-1.015	-0.929	-0.925	-1.062	-0.933	-0.839	-0.901	-0.378	+0.149	-1.114	-0.637	-0.637	-0.677	-1.012	-0.676	-0.662	-1.039	+0.358	-0.658	-1.013	-0.548	-1.050	-0.579	-0.614	+0.046	+0.207	-0.987	+0.248	+0.255	-0.079	-1.125	-0.073	-1.029	+2.124	+2.441	+3.001	+3.178	+2.422	+2.437	+2.358	+2.364	+2.353	+2.351	+2.360	+2.347	+2.344	+2.354	+2.352	+2.350	+2.338	+2.354	+2.337	+2.346	+2.345	+2.334	+2.322	+2.345	+2.344	+2.331	+2.331	+2.364	+2.328	+2.335	+2.294	+2.406	+2.307	+2.224	+2.201	+2.162	+2.154	+2.148	-0.332	-0.829	-0.836	+1.971	-0.462	+1.967	+1.971	+1.971	+1.967	-0.369	
rs9960907      -0.778	-0.572	-0.778	-0.637	-0.513	-0.624	-0.584	-0.555	-0.581	-0.790	-0.414	-0.811	-0.627	-0.496	-0.511	-0.523	-0.337	-0.838	-0.716	-0.578	-0.406	-1.062	-0.405	-0.350	-0.679	-0.678	-0.925	-1.068	-0.668	-1.070	-0.699	-0.458	-0.925	-1.067	-0.480	-1.069	-0.925	-0.485	-0.691	-0.492	-1.060	-1.040	-1.039	-0.447	-1.053	-0.654	-1.051	-0.667	-0.663	-0.663	-0.664	-0.418	-0.459	-1.050	-0.463	-0.493	+0.021	+0.021	-0.943	-0.945	-0.733	-1.059	-0.815	-0.121	-1.049	-0.134	-0.831	-0.833	-1.083	-0.848	-0.842	-0.847	-0.830	-0.847	-0.848	-0.853	-1.025	-1.025	-1.025	-0.858	-1.026	-1.027	-1.027	-1.028	-1.029	-1.029	-0.857	-0.852	-1.024	-1.030	-1.020	-0.932	-0.929	-1.067	-0.936	-0.841	-0.904	-0.385	+0.138	-1.118	-0.638	-0.639	-0.679	-1.015	-0.678	-0.664	-1.042	+0.354	-0.660	-1.016	-0.555	-1.054	-0.586	-0.616	+0.047	+0.208	-0.991	+0.249	+0.256	-0.080	-1.129	-0.073	-1.034	+2.128	+2.440	+3.002	+3.179	+2.421	+2.436	+2.357	+2.364	+2.353	+2.350	+2.360	+2.346	+2.344	+2.353	+2.351	+2.349	+2.338	+2.353	+2.336	+2.346	+2.344	+2.334	+2.322	+2.344	+2.344	+2.330	+2.330	+2.363	+2.327	+2.334	+2.294	+2.406	+2.306	+2.224	+2.201	+2.161	+2.154	+2.148	-0.334	-0.833	-0.839	+1.970	-0.468	+1.965	+1.969	+1.970	+1.965	-0.370	
rs72870338     -0.502	-0.520	-0.497	-0.513	-0.170	-0.629	-0.335	-0.401	-0.335	-0.614	-0.386	-0.610	-0.336	-0.415	-0.419	-0.422	-0.336	-0.604	-0.417	-0.116	-0.049	-0.661	-0.048	+0.004	-0.236	-0.235	-0.481	-0.665	-0.225	-0.666	-0.260	-0.093	-0.482	-0.664	-0.114	-0.665	-0.482	-0.119	-0.248	-0.126	-0.660	-0.637	-0.637	-0.030	-0.658	-0.136	-0.654	-0.150	-0.146	-0.146	-0.147	-0.070	-0.042	-0.653	-0.046	-0.075	+0.416	+0.417	-0.485	-0.485	-0.306	-0.616	-0.404	+0.239	-0.606	+0.227	-0.423	-0.371	-0.649	-0.387	-0.363	-0.386	-0.367	-0.386	-0.388	-0.392	-0.607	-0.607	-0.607	-0.398	-0.607	-0.608	-0.608	-0.608	-0.608	-0.608	-0.396	-0.390	-0.606	-0.609	-0.605	-0.479	-0.476	-0.632	-0.485	-0.361	-0.448	-0.016	+0.330	-0.676	-0.258	-0.259	-0.293	-0.582	-0.292	-0.280	-0.594	+0.810	-0.276	-0.583	-0.230	-0.598	-0.260	-0.237	+0.418	+0.577	-0.551	+0.615	+0.622	+0.276	-0.684	+0.284	-0.614	+2.451	+2.971	+3.569	+3.755	+2.985	+3.008	+2.927	+2.934	+2.922	+2.920	+2.930	+2.916	+2.913	+2.923	+2.921	+2.919	+2.907	+2.922	+2.905	+2.915	+2.914	+2.903	+2.890	+2.913	+2.913	+2.900	+2.899	+2.934	+2.897	+2.903	+2.868	+2.978	+2.875	+2.791	+2.767	+2.727	+2.719	+2.713	+0.049	-0.442	-0.447	+2.515	-0.067	+2.510	+2.514	+2.515	+2.510	+0.015	
rs9956417      -0.603	-0.797	-0.591	-0.624	-0.629	-0.522	-0.686	-0.648	-0.684	-0.700	-0.630	-0.688	-0.715	-0.679	-0.687	-0.694	-0.568	-0.669	-0.704	-0.494	-0.384	-0.954	-0.383	-0.330	-0.605	-0.604	-0.813	-0.959	-0.595	-0.961	-0.628	-0.429	-0.813	-0.958	-0.450	-0.960	-0.813	-0.454	-0.617	-0.461	-0.951	-0.930	-0.929	-0.378	-0.958	-0.516	-0.942	-0.529	-0.525	-0.525	-0.527	-0.280	-0.389	-0.941	-0.393	-0.421	+0.213	+0.214	-0.745	-0.746	-0.537	-0.929	-0.711	-0.028	-0.915	-0.041	-0.707	-0.669	-0.974	-0.687	-0.718	-0.686	-0.665	-0.686	-0.687	-0.692	-0.925	-0.925	-0.925	-0.699	-0.926	-0.926	-0.926	-0.926	-0.926	-0.926	-0.696	-0.690	-0.926	-0.927	-0.925	-0.789	-0.785	-0.947	-0.796	-0.663	-0.754	-0.343	+0.106	-1.007	-0.543	-0.543	-0.582	-0.899	-0.581	-0.567	-0.886	+0.392	-0.563	-0.901	-0.507	-0.910	-0.537	-0.520	+0.127	+0.289	-0.881	+0.329	+0.336	-0.013	-1.017	-0.007	-0.935	+2.183	+2.527	+3.090	+3.267	+2.510	+2.526	+2.448	+2.454	+2.443	+2.441	+2.450	+2.437	+2.434	+2.444	+2.442	+2.440	+2.428	+2.443	+2.427	+2.436	+2.435	+2.424	+2.412	+2.434	+2.434	+2.421	+2.421	+2.454	+2.418	+2.424	+2.389	+2.496	+2.397	+2.315	+2.292	+2.252	+2.245	+2.239	-0.218	-0.718	-0.725	+2.048	-0.412	+2.044	+2.048	+2.048	+2.044	-0.251	
rs59603970     -0.573	-0.572	-0.568	-0.584	-0.335	-0.686	-0.237	-0.449	-0.341	-0.678	-0.413	-0.675	-0.354	-0.449	-0.455	-0.459	-0.368	-0.670	-0.474	-0.187	-0.110	-0.719	-0.109	-0.057	-0.305	-0.304	-0.545	-0.723	-0.294	-0.724	-0.328	-0.155	-0.545	-0.723	-0.175	-0.724	-0.545	-0.180	-0.317	-0.187	-0.718	-0.695	-0.695	-0.095	-0.717	-0.211	-0.711	-0.225	-0.220	-0.221	-0.222	-0.119	-0.107	-0.711	-0.111	-0.140	+0.349	+0.349	-0.551	-0.552	-0.371	-0.680	-0.468	+0.173	-0.670	+0.161	-0.487	-0.434	-0.712	-0.450	-0.427	-0.449	-0.430	-0.449	-0.450	-0.455	-0.669	-0.669	-0.669	-0.461	-0.670	-0.670	-0.670	-0.670	-0.671	-0.671	-0.459	-0.453	-0.669	-0.672	-0.667	-0.542	-0.539	-0.695	-0.548	-0.426	-0.511	-0.077	+0.289	-0.738	-0.315	-0.316	-0.351	-0.644	-0.350	-0.338	-0.656	+0.746	-0.334	-0.645	-0.287	-0.663	-0.317	-0.294	+0.365	+0.524	-0.614	+0.562	+0.569	+0.224	-0.747	+0.231	-0.676	+2.408	+2.911	+3.507	+3.693	+2.922	+2.945	+2.864	+2.870	+2.859	+2.856	+2.866	+2.853	+2.850	+2.860	+2.857	+2.856	+2.844	+2.859	+2.842	+2.852	+2.850	+2.840	+2.827	+2.850	+2.850	+2.836	+2.836	+2.871	+2.833	+2.840	+2.804	+2.914	+2.812	+2.727	+2.704	+2.663	+2.655	+2.649	-0.006	-0.499	-0.505	+2.452	-0.123	+2.447	+2.452	+2.452	+2.448	-0.040	
rs75419896     -0.545	-0.529	-0.539	-0.555	-0.401	-0.648	-0.449	-0.176	-0.447	-0.677	-0.380	-0.678	-0.471	-0.419	-0.425	-0.430	-0.321	-0.677	-0.417	-0.234	-0.053	-0.672	-0.052	+0.001	-0.334	-0.333	-0.492	-0.676	-0.324	-0.677	-0.354	-0.099	-0.492	-0.675	-0.120	-0.677	-0.493	-0.124	-0.345	-0.131	-0.671	-0.660	-0.659	-0.050	-0.667	-0.276	-0.664	-0.288	-0.284	-0.284	-0.285	-0.142	-0.062	-0.663	-0.066	-0.095	+0.310	+0.310	-0.547	-0.549	-0.379	-0.649	-0.451	+0.171	-0.642	+0.159	-0.468	-0.365	-0.655	-0.382	-0.361	-0.381	-0.361	-0.381	-0.382	-0.388	-0.623	-0.623	-0.623	-0.394	-0.623	-0.624	-0.624	-0.624	-0.625	-0.625	-0.392	-0.386	-0.623	-0.625	-0.621	-0.484	-0.480	-0.648	-0.490	-0.361	-0.450	-0.003	+0.311	-0.694	-0.147	-0.148	-0.193	-0.575	-0.192	-0.176	-0.615	+0.751	-0.171	-0.578	-0.268	-0.621	-0.297	-0.121	+0.547	+0.708	-0.567	+0.752	+0.760	+0.394	-0.706	+0.400	-0.629	+2.690	+2.915	+3.477	+3.657	+2.901	+2.916	+2.837	+2.844	+2.832	+2.830	+2.840	+2.826	+2.824	+2.833	+2.831	+2.829	+2.817	+2.833	+2.816	+2.825	+2.824	+2.814	+2.801	+2.824	+2.824	+2.810	+2.810	+2.844	+2.807	+2.813	+2.776	+2.886	+2.786	+2.703	+2.680	+2.640	+2.633	+2.626	+0.034	-0.454	-0.460	+2.435	-0.081	+2.430	+2.435	+2.435	+2.431	-0.000	
rs60239469     -0.571	-0.571	-0.565	-0.581	-0.335	-0.684	-0.341	-0.447	-0.235	-0.676	-0.412	-0.672	-0.352	-0.448	-0.453	-0.458	-0.367	-0.667	-0.472	-0.185	-0.108	-0.717	-0.107	-0.055	-0.302	-0.302	-0.543	-0.721	-0.292	-0.723	-0.326	-0.153	-0.543	-0.721	-0.173	-0.722	-0.543	-0.178	-0.315	-0.185	-0.716	-0.694	-0.693	-0.093	-0.715	-0.209	-0.709	-0.222	-0.218	-0.219	-0.220	-0.118	-0.105	-0.709	-0.109	-0.138	+0.350	+0.351	-0.549	-0.550	-0.369	-0.678	-0.467	+0.175	-0.668	+0.163	-0.485	-0.432	-0.710	-0.448	-0.425	-0.447	-0.428	-0.447	-0.448	-0.453	-0.667	-0.667	-0.667	-0.459	-0.668	-0.668	-0.668	-0.668	-0.669	-0.669	-0.457	-0.451	-0.667	-0.670	-0.665	-0.540	-0.537	-0.693	-0.545	-0.424	-0.508	-0.075	+0.291	-0.736	-0.313	-0.314	-0.349	-0.642	-0.348	-0.336	-0.654	+0.748	-0.332	-0.643	-0.286	-0.661	-0.315	-0.292	+0.367	+0.526	-0.612	+0.564	+0.571	+0.226	-0.745	+0.233	-0.674	+2.409	+2.913	+3.510	+3.695	+2.925	+2.948	+2.867	+2.873	+2.862	+2.859	+2.869	+2.856	+2.853	+2.863	+2.860	+2.859	+2.847	+2.862	+2.845	+2.855	+2.853	+2.843	+2.830	+2.853	+2.853	+2.839	+2.839	+2.873	+2.836	+2.843	+2.807	+2.916	+2.814	+2.730	+2.706	+2.665	+2.658	+2.652	-0.005	-0.497	-0.503	+2.455	-0.121	+2.450	+2.454	+2.454	+2.450	-0.039	
rs1941007      -0.774	-0.814	-0.765	-0.790	-0.614	-0.700	-0.678	-0.677	-0.676	-0.601	-0.630	-0.737	-0.713	-0.686	-0.696	-0.705	-0.562	-0.738	-0.757	-0.566	-0.429	-1.030	-0.428	-0.374	-0.674	-0.673	-0.889	-1.035	-0.664	-1.037	-0.696	-0.476	-0.889	-1.035	-0.498	-1.036	-0.889	-0.502	-0.686	-0.509	-1.028	-1.007	-1.006	-0.441	-1.028	-0.604	-1.019	-0.617	-0.613	-0.613	-0.615	-0.372	-0.452	-1.018	-0.456	-0.485	+0.122	+0.123	-0.844	-0.845	-0.630	-1.008	-0.779	-0.090	-0.996	-0.102	-0.781	-0.766	-1.052	-0.783	-0.801	-0.782	-0.762	-0.782	-0.783	-0.788	-1.000	-1.000	-1.000	-0.794	-1.001	-1.001	-1.001	-1.002	-1.002	-1.002	-0.792	-0.786	-1.000	-1.003	-0.998	-0.878	-0.875	-1.028	-0.884	-0.760	-0.846	-0.395	+0.088	-1.084	-0.610	-0.611	-0.650	-0.978	-0.649	-0.635	-0.981	+0.351	-0.631	-0.980	-0.562	-1.000	-0.592	-0.588	+0.058	+0.218	-0.957	+0.258	+0.265	-0.073	-1.094	-0.066	-1.009	+2.116	+2.454	+3.014	+3.191	+2.435	+2.451	+2.373	+2.379	+2.368	+2.365	+2.375	+2.362	+2.359	+2.369	+2.366	+2.365	+2.353	+2.368	+2.352	+2.361	+2.360	+2.349	+2.337	+2.359	+2.359	+2.346	+2.346	+2.379	+2.343	+2.349	+2.311	+2.421	+2.321	+2.239	+2.216	+2.177	+2.170	+2.164	-0.288	-0.798	-0.805	+1.981	-0.464	+1.976	+1.980	+1.980	+1.976	-0.322	
rs57058681     -0.401	-0.475	-0.392	-0.414	-0.386	-0.630	-0.413	-0.380	-0.412	-0.630	-0.162	-0.627	-0.426	-0.280	-0.265	-0.261	-0.253	-0.623	-0.406	-0.210	-0.019	-0.646	-0.018	+0.035	-0.312	-0.312	-0.468	-0.650	-0.303	-0.651	-0.333	-0.065	-0.468	-0.649	-0.087	-0.651	-0.469	-0.091	-0.324	-0.098	-0.644	-0.639	-0.639	-0.004	-0.644	-0.244	-0.636	-0.256	-0.252	-0.252	-0.254	-0.098	-0.016	-0.636	-0.020	-0.050	+0.336	+0.337	-0.526	-0.527	-0.363	-0.631	-0.443	+0.182	-0.623	+0.171	-0.460	-0.375	-0.637	-0.391	-0.370	-0.390	-0.372	-0.390	-0.391	-0.396	-0.600	-0.600	-0.600	-0.402	-0.601	-0.601	-0.601	-0.602	-0.602	-0.602	-0.399	-0.394	-0.599	-0.603	-0.598	-0.479	-0.476	-0.629	-0.484	-0.367	-0.449	-0.003	+0.318	-0.674	-0.113	-0.113	-0.160	-0.547	-0.159	-0.142	-0.596	+0.794	-0.138	-0.551	-0.246	-0.604	-0.275	-0.086	+0.608	+0.774	-0.545	+0.819	+0.827	+0.448	-0.685	+0.456	-0.606	+2.764	+2.943	+3.540	+3.722	+2.958	+2.982	+2.901	+2.908	+2.897	+2.894	+2.904	+2.890	+2.888	+2.897	+2.895	+2.893	+2.881	+2.897	+2.880	+2.889	+2.888	+2.877	+2.865	+2.888	+2.887	+2.874	+2.874	+2.908	+2.871	+2.877	+2.841	+2.951	+2.849	+2.766	+2.742	+2.702	+2.694	+2.688	+0.086	-0.418	-0.424	+2.491	-0.021	+2.486	+2.490	+2.491	+2.486	+0.052	
rs1941008      -0.795	-0.814	-0.786	-0.811	-0.610	-0.688	-0.675	-0.678	-0.672	-0.737	-0.627	-0.607	-0.710	-0.684	-0.694	-0.703	-0.558	-0.744	-0.760	-0.572	-0.431	-1.036	-0.430	-0.377	-0.679	-0.678	-0.894	-1.041	-0.669	-1.043	-0.701	-0.479	-0.894	-1.040	-0.500	-1.042	-0.895	-0.505	-0.691	-0.512	-1.034	-1.013	-1.012	-0.445	-1.033	-0.611	-1.024	-0.624	-0.620	-0.620	-0.622	-0.379	-0.456	-1.024	-0.461	-0.489	+0.113	+0.114	-0.853	-0.854	-0.639	-1.015	-0.785	-0.096	-1.002	-0.108	-0.787	-0.773	-1.058	-0.790	-0.807	-0.789	-0.770	-0.789	-0.790	-0.795	-1.005	-1.006	-1.006	-0.801	-1.006	-1.007	-1.007	-1.007	-1.007	-1.007	-0.799	-0.794	-1.005	-1.008	-1.003	-0.885	-0.881	-1.034	-0.891	-0.768	-0.853	-0.399	+0.089	-1.090	-0.616	-0.616	-0.655	-0.984	-0.655	-0.641	-0.988	+0.349	-0.637	-0.986	-0.565	-1.007	-0.595	-0.593	+0.054	+0.214	-0.963	+0.254	+0.261	-0.076	-1.100	-0.069	-1.014	+2.113	+2.449	+3.009	+3.186	+2.431	+2.447	+2.368	+2.374	+2.363	+2.361	+2.370	+2.357	+2.354	+2.364	+2.362	+2.360	+2.348	+2.363	+2.347	+2.356	+2.355	+2.344	+2.332	+2.355	+2.354	+2.341	+2.341	+2.374	+2.338	+2.344	+2.306	+2.416	+2.317	+2.235	+2.212	+2.172	+2.165	+2.159	-0.294	-0.804	-0.810	+1.976	-0.468	+1.972	+1.976	+1.976	+1.972	-0.329	
rs55963638     -0.617	-0.599	-0.612	-0.627	-0.336	-0.715	-0.354	-0.471	-0.352	-0.713	-0.426	-0.710	-0.271	-0.466	-0.472	-0.477	-0.376	-0.705	-0.502	-0.221	-0.139	-0.749	-0.138	-0.086	-0.337	-0.336	-0.577	-0.753	-0.327	-0.755	-0.361	-0.184	-0.578	-0.753	-0.205	-0.754	-0.578	-0.209	-0.350	-0.216	-0.748	-0.726	-0.725	-0.126	-0.747	-0.247	-0.741	-0.260	-0.256	-0.256	-0.258	-0.147	-0.138	-0.741	-0.142	-0.171	+0.318	+0.319	-0.584	-0.585	-0.403	-0.712	-0.499	+0.144	-0.702	+0.132	-0.517	-0.467	-0.743	-0.483	-0.461	-0.482	-0.463	-0.482	-0.483	-0.488	-0.701	-0.701	-0.701	-0.494	-0.701	-0.702	-0.702	-0.702	-0.702	-0.702	-0.492	-0.486	-0.700	-0.703	-0.698	-0.575	-0.571	-0.727	-0.580	-0.460	-0.543	-0.107	+0.268	-0.770	-0.344	-0.345	-0.380	-0.676	-0.380	-0.367	-0.689	+0.709	-0.363	-0.677	-0.314	-0.696	-0.344	-0.323	+0.335	+0.495	-0.646	+0.533	+0.540	+0.196	-0.780	+0.203	-0.708	+2.379	+2.869	+3.462	+3.647	+2.878	+2.900	+2.819	+2.826	+2.814	+2.812	+2.822	+2.808	+2.805	+2.815	+2.812	+2.811	+2.799	+2.814	+2.797	+2.807	+2.806	+2.795	+2.782	+2.805	+2.805	+2.791	+2.791	+2.826	+2.788	+2.795	+2.759	+2.869	+2.767	+2.683	+2.659	+2.619	+2.611	+2.605	-0.035	-0.528	-0.534	+2.409	-0.154	+2.404	+2.408	+2.409	+2.404	-0.069	
rs6506313      -0.483	-0.528	-0.476	-0.496	-0.415	-0.679	-0.449	-0.419	-0.448	-0.686	-0.280	-0.684	-0.466	-0.219	-0.329	-0.334	-0.247	-0.680	-0.454	-0.258	-0.070	-0.696	-0.069	-0.016	-0.360	-0.359	-0.522	-0.700	-0.351	-0.702	-0.381	-0.116	-0.522	-0.700	-0.137	-0.701	-0.523	-0.142	-0.372	-0.149	-0.694	-0.689	-0.688	-0.058	-0.694	-0.294	-0.687	-0.306	-0.302	-0.303	-0.304	-0.140	-0.070	-0.686	-0.074	-0.104	+0.294	+0.294	-0.577	-0.578	-0.410	-0.682	-0.491	+0.140	-0.675	+0.129	-0.507	-0.429	-0.690	-0.445	-0.426	-0.444	-0.426	-0.444	-0.445	-0.450	-0.652	-0.653	-0.653	-0.456	-0.653	-0.654	-0.654	-0.654	-0.654	-0.655	-0.454	-0.448	-0.652	-0.655	-0.650	-0.533	-0.530	-0.682	-0.538	-0.423	-0.503	-0.054	+0.285	-0.727	-0.174	-0.175	-0.220	-0.602	-0.219	-0.203	-0.649	+0.738	-0.198	-0.606	-0.289	-0.657	-0.318	-0.148	+0.544	+0.710	-0.598	+0.755	+0.763	+0.389	-0.738	+0.396	-0.658	+2.694	+2.880	+3.472	+3.654	+2.890	+2.913	+2.833	+2.839	+2.828	+2.825	+2.835	+2.821	+2.819	+2.828	+2.826	+2.824	+2.813	+2.828	+2.811	+2.821	+2.819	+2.809	+2.796	+2.819	+2.819	+2.805	+2.805	+2.840	+2.802	+2.808	+2.772	+2.883	+2.781	+2.698	+2.675	+2.634	+2.627	+2.621	+0.036	-0.467	-0.474	+2.424	-0.074	+2.420	+2.424	+2.424	+2.420	+0.001	
rs8087991      -0.499	-0.537	-0.491	-0.511	-0.419	-0.687	-0.455	-0.425	-0.453	-0.696	-0.265	-0.694	-0.472	-0.329	-0.229	-0.337	-0.242	-0.691	-0.462	-0.267	-0.079	-0.706	-0.078	-0.025	-0.370	-0.369	-0.532	-0.710	-0.360	-0.712	-0.390	-0.125	-0.532	-0.710	-0.147	-0.711	-0.533	-0.151	-0.381	-0.158	-0.704	-0.698	-0.698	-0.068	-0.704	-0.304	-0.696	-0.316	-0.312	-0.312	-0.314	-0.149	-0.079	-0.696	-0.084	-0.114	+0.285	+0.286	-0.586	-0.588	-0.420	-0.692	-0.500	+0.132	-0.684	+0.121	-0.516	-0.439	-0.700	-0.455	-0.436	-0.454	-0.436	-0.454	-0.455	-0.460	-0.662	-0.663	-0.663	-0.466	-0.663	-0.664	-0.664	-0.664	-0.664	-0.664	-0.464	-0.458	-0.662	-0.665	-0.660	-0.543	-0.540	-0.692	-0.548	-0.433	-0.513	-0.064	+0.279	-0.737	-0.184	-0.185	-0.231	-0.612	-0.230	-0.213	-0.659	+0.727	-0.209	-0.616	-0.298	-0.667	-0.327	-0.158	+0.534	+0.700	-0.608	+0.745	+0.752	+0.378	-0.748	+0.386	-0.668	+2.682	+2.869	+3.461	+3.642	+2.880	+2.902	+2.822	+2.829	+2.817	+2.815	+2.825	+2.811	+2.809	+2.818	+2.816	+2.814	+2.802	+2.817	+2.801	+2.810	+2.809	+2.798	+2.786	+2.809	+2.808	+2.795	+2.795	+2.829	+2.792	+2.798	+2.762	+2.872	+2.770	+2.687	+2.664	+2.623	+2.616	+2.610	+0.026	-0.477	-0.483	+2.414	-0.085	+2.409	+2.413	+2.413	+2.409	-0.009	
rs8088114      -0.511	-0.544	-0.503	-0.523	-0.422	-0.694	-0.459	-0.430	-0.458	-0.705	-0.261	-0.703	-0.477	-0.334	-0.337	-0.238	-0.239	-0.700	-0.469	-0.275	-0.087	-0.713	-0.086	-0.032	-0.377	-0.376	-0.540	-0.718	-0.367	-0.719	-0.398	-0.133	-0.540	-0.717	-0.154	-0.718	-0.541	-0.159	-0.388	-0.166	-0.712	-0.706	-0.705	-0.076	-0.711	-0.312	-0.704	-0.324	-0.320	-0.320	-0.321	-0.155	-0.088	-0.703	-0.092	-0.122	+0.279	+0.280	-0.594	-0.595	-0.426	-0.699	-0.507	+0.126	-0.692	+0.115	-0.523	-0.448	-0.708	-0.463	-0.444	-0.462	-0.444	-0.462	-0.464	-0.468	-0.670	-0.670	-0.670	-0.474	-0.671	-0.671	-0.672	-0.672	-0.672	-0.672	-0.472	-0.467	-0.669	-0.673	-0.668	-0.551	-0.548	-0.700	-0.556	-0.441	-0.521	-0.071	+0.275	-0.744	-0.192	-0.193	-0.239	-0.620	-0.238	-0.222	-0.667	+0.719	-0.217	-0.624	-0.304	-0.675	-0.333	-0.166	+0.525	+0.691	-0.616	+0.736	+0.744	+0.370	-0.755	+0.377	-0.676	+2.673	+2.860	+3.452	+3.633	+2.871	+2.893	+2.813	+2.820	+2.808	+2.806	+2.816	+2.802	+2.800	+2.809	+2.807	+2.805	+2.793	+2.808	+2.792	+2.801	+2.800	+2.789	+2.777	+2.800	+2.799	+2.786	+2.786	+2.820	+2.783	+2.789	+2.753	+2.863	+2.761	+2.678	+2.655	+2.614	+2.607	+2.601	+0.019	-0.485	-0.491	+2.405	-0.093	+2.400	+2.404	+2.405	+2.400	-0.016	
rs16948579     -0.323	-0.417	-0.315	-0.337	-0.336	-0.568	-0.368	-0.321	-0.367	-0.562	-0.253	-0.558	-0.376	-0.247	-0.242	-0.239	-0.088	-0.553	-0.338	-0.142	+0.052	-0.584	+0.053	+0.106	-0.245	-0.244	-0.399	-0.588	-0.235	-0.589	-0.266	+0.006	-0.399	-0.587	-0.016	-0.589	-0.400	-0.020	-0.256	-0.027	-0.582	-0.577	-0.577	+0.071	-0.582	-0.173	-0.575	-0.185	-0.182	-0.182	-0.183	-0.053	+0.059	-0.575	+0.055	+0.024	+0.399	+0.400	-0.459	-0.461	-0.300	-0.563	-0.379	+0.246	-0.556	+0.235	-0.396	-0.308	-0.569	-0.324	-0.302	-0.324	-0.305	-0.323	-0.325	-0.329	-0.533	-0.533	-0.533	-0.335	-0.533	-0.534	-0.534	-0.534	-0.535	-0.535	-0.333	-0.327	-0.532	-0.536	-0.530	-0.412	-0.409	-0.562	-0.417	-0.299	-0.382	+0.062	+0.355	-0.607	-0.037	-0.038	-0.085	-0.477	-0.084	-0.067	-0.529	+0.856	-0.063	-0.481	-0.189	-0.534	-0.217	-0.011	+0.680	+0.846	-0.478	+0.892	+0.899	+0.519	-0.617	+0.526	-0.538	+2.840	+3.006	+3.604	+3.787	+3.023	+3.047	+2.967	+2.973	+2.962	+2.959	+2.969	+2.955	+2.953	+2.963	+2.960	+2.958	+2.947	+2.962	+2.945	+2.955	+2.953	+2.943	+2.930	+2.953	+2.953	+2.939	+2.939	+2.974	+2.936	+2.942	+2.907	+3.017	+2.916	+2.832	+2.809	+2.768	+2.761	+2.755	+0.147	-0.355	-0.361	+2.556	+0.042	+2.551	+2.556	+2.556	+2.552	+0.113	
rs7243271      -0.824	-0.812	-0.816	-0.838	-0.604	-0.669	-0.670	-0.677	-0.667	-0.738	-0.623	-0.744	-0.705	-0.680	-0.691	-0.700	-0.553	-0.614	-0.763	-0.578	-0.433	-1.042	-0.432	-0.378	-0.685	-0.684	-0.901	-1.048	-0.675	-1.049	-0.707	-0.481	-0.901	-1.047	-0.503	-1.049	-0.901	-0.507	-0.697	-0.514	-1.040	-1.019	-1.019	-0.449	-1.039	-0.620	-1.031	-0.632	-0.628	-0.629	-0.630	-0.387	-0.461	-1.030	-0.465	-0.494	+0.102	+0.102	-0.863	-0.864	-0.650	-1.022	-0.792	-0.102	-1.010	-0.115	-0.795	-0.782	-1.065	-0.799	-0.815	-0.798	-0.779	-0.798	-0.799	-0.804	-1.011	-1.011	-1.011	-0.810	-1.012	-1.013	-1.013	-1.013	-1.013	-1.013	-0.808	-0.802	-1.011	-1.014	-1.009	-0.893	-0.889	-1.040	-0.899	-0.777	-0.861	-0.402	+0.092	-1.097	-0.622	-0.622	-0.662	-0.991	-0.661	-0.647	-0.997	+0.348	-0.643	-0.993	-0.568	-1.015	-0.598	-0.599	+0.049	+0.209	-0.969	+0.250	+0.257	-0.079	-1.107	-0.073	-1.020	+2.110	+2.445	+3.005	+3.182	+2.426	+2.442	+2.363	+2.370	+2.359	+2.356	+2.366	+2.352	+2.350	+2.359	+2.357	+2.355	+2.344	+2.359	+2.342	+2.352	+2.350	+2.340	+2.328	+2.350	+2.350	+2.337	+2.336	+2.369	+2.334	+2.340	+2.301	+2.412	+2.312	+2.230	+2.207	+2.168	+2.160	+2.154	-0.302	-0.811	-0.817	+1.973	-0.472	+1.968	+1.972	+1.973	+1.968	-0.337	
rs60994778     -0.709	-0.583	-0.706	-0.716	-0.417	-0.704	-0.474	-0.417	-0.472	-0.757	-0.406	-0.760	-0.502	-0.454	-0.462	-0.469	-0.338	-0.763	-0.258	-0.273	-0.090	-0.745	-0.089	-0.034	-0.378	-0.377	-0.575	-0.750	-0.368	-0.751	-0.400	-0.138	-0.575	-0.749	-0.160	-0.750	-0.576	-0.165	-0.390	-0.172	-0.744	-0.728	-0.727	-0.091	-0.739	-0.322	-0.737	-0.334	-0.330	-0.330	-0.332	-0.170	-0.103	-0.737	-0.108	-0.138	+0.306	+0.306	-0.619	-0.620	-0.431	-0.729	-0.522	+0.140	-0.721	+0.128	-0.537	-0.453	-0.739	-0.470	-0.454	-0.470	-0.449	-0.469	-0.471	-0.476	-0.701	-0.702	-0.702	-0.482	-0.702	-0.703	-0.703	-0.703	-0.703	-0.703	-0.480	-0.474	-0.701	-0.704	-0.699	-0.570	-0.566	-0.731	-0.576	-0.456	-0.537	-0.067	+0.354	-0.773	-0.247	-0.248	-0.292	-0.663	-0.291	-0.276	-0.690	+0.658	-0.271	-0.666	-0.310	-0.697	-0.339	-0.222	+0.413	+0.578	-0.647	+0.620	+0.628	+0.280	-0.778	+0.287	-0.709	+2.515	+2.784	+3.345	+3.523	+2.772	+2.787	+2.708	+2.714	+2.703	+2.701	+2.710	+2.697	+2.694	+2.704	+2.702	+2.700	+2.688	+2.703	+2.687	+2.696	+2.695	+2.684	+2.672	+2.695	+2.694	+2.681	+2.681	+2.715	+2.678	+2.685	+2.646	+2.757	+2.658	+2.575	+2.552	+2.513	+2.506	+2.500	-0.016	-0.513	-0.519	+2.313	-0.149	+2.309	+2.313	+2.313	+2.309	-0.051	
rs4798384      -0.573	-0.376	-0.571	-0.578	-0.116	-0.494	-0.187	-0.234	-0.185	-0.566	-0.210	-0.572	-0.221	-0.258	-0.267	-0.275	-0.142	-0.578	-0.273	-0.086	-0.194	-0.051	-0.193	-0.150	-0.318	-0.318	-0.326	-0.068	-0.316	-0.073	-0.330	-0.231	-0.324	-0.065	-0.247	-0.071	-0.327	-0.250	-0.321	-0.255	-0.044	-0.399	-0.398	-0.213	-0.219	-0.332	-0.016	-0.337	-0.335	-0.335	-0.336	-0.000	-0.221	-0.015	-0.224	-0.244	+0.165	+0.165	-0.473	-0.474	-0.300	-0.549	-0.261	+0.049	-0.540	+0.038	-0.334	-0.365	-0.569	-0.377	-0.341	-0.376	-0.363	-0.376	-0.377	-0.381	-0.452	-0.453	-0.453	-0.385	-0.454	-0.456	-0.457	-0.457	-0.459	-0.459	-0.384	-0.380	-0.448	-0.462	-0.443	-0.434	-0.432	-0.555	-0.437	-0.313	-0.415	+0.206	+0.440	-0.579	+0.355	+0.353	+0.274	-0.436	+0.274	+0.301	-0.536	+0.763	+0.306	-0.453	-0.175	-0.544	-0.202	+0.387	+0.813	+1.032	-0.464	+1.086	+1.094	+0.556	-0.606	+0.563	-0.513	+3.048	+2.719	+3.264	+3.435	+2.712	+2.728	+2.651	+2.657	+2.646	+2.644	+2.654	+2.640	+2.638	+2.647	+2.645	+2.644	+2.632	+2.647	+2.631	+2.640	+2.639	+2.628	+2.617	+2.638	+2.638	+2.625	+2.625	+2.657	+2.622	+2.629	+2.588	+2.698	+2.602	+2.523	+2.501	+2.464	+2.457	+2.451	+0.187	-0.342	-0.348	+2.284	+0.064	+2.280	+2.284	+2.284	+2.280	+0.166	
rs6417033      -0.400	-0.232	-0.398	-0.406	-0.049	-0.384	-0.110	-0.053	-0.108	-0.429	-0.019	-0.431	-0.139	-0.070	-0.079	-0.087	+0.052	-0.433	-0.090	-0.194	+0.099	+0.025	+0.023	+0.054	-0.248	-0.247	-0.233	+0.011	-0.244	+0.005	-0.255	-0.018	-0.233	+0.013	-0.022	+0.008	-0.233	-0.022	-0.251	-0.022	+0.032	-0.073	-0.072	-0.089	-0.156	-0.225	+0.057	-0.231	-0.229	-0.229	-0.230	+0.237	-0.096	+0.058	-0.098	-0.113	+0.276	+0.277	-0.276	-0.277	+0.017	-0.360	-0.027	+0.193	-0.348	+0.184	-0.024	-0.193	-0.362	-0.205	-0.221	-0.204	-0.190	-0.204	-0.205	-0.209	-0.293	-0.294	-0.294	-0.213	-0.295	-0.298	-0.298	-0.299	-0.300	-0.300	-0.212	-0.208	-0.290	-0.302	-0.284	-0.264	-0.262	-0.387	-0.268	-0.117	-0.243	+0.471	+0.628	-0.425	+0.200	+0.199	+0.146	-0.327	+0.147	+0.165	-0.359	+0.963	+0.170	-0.333	+0.004	-0.371	-0.024	+0.228	+0.697	+0.899	-0.290	+0.939	+0.946	+0.473	-0.443	+0.479	-0.358	+2.759	+2.920	+3.465	+3.636	+2.912	+2.929	+2.853	+2.859	+2.848	+2.845	+2.855	+2.842	+2.840	+2.849	+2.847	+2.845	+2.834	+2.848	+2.832	+2.842	+2.840	+2.830	+2.818	+2.840	+2.840	+2.827	+2.827	+2.859	+2.824	+2.830	+2.790	+2.900	+2.804	+2.725	+2.703	+2.665	+2.658	+2.652	+0.277	-0.218	-0.223	+2.483	+0.174	+2.479	+2.483	+2.483	+2.479	+0.259	
rs12457177     -1.059	-0.829	-1.059	-1.062	-0.661	-0.954	-0.719	-0.672	-0.717	-1.030	-0.646	-1.036	-0.749	-0.696	-0.706	-0.713	-0.584	-1.042	-0.745	-0.051	+0.025	-0.580	+0.026	+0.097	-0.172	-0.170	-0.863	-0.720	-0.154	-0.719	-0.228	-0.054	-0.863	-0.721	-0.086	-0.720	-0.863	-0.092	-0.194	-0.103	-0.718	-0.918	-0.917	-0.132	-0.878	-0.285	-0.711	-0.304	-0.298	-0.299	-0.301	-0.280	-0.148	-0.715	-0.154	-0.193	+0.155	+0.155	-0.900	-0.901	-0.710	-0.979	-0.759	+0.211	-0.968	+0.193	-0.761	-0.692	-1.014	-0.712	-0.717	-0.711	-0.688	-0.710	-0.712	-0.718	-0.966	-0.966	-0.966	-0.725	-0.966	-0.967	-0.967	-0.967	-0.967	-0.967	-0.725	-0.718	-0.967	-0.968	-0.966	-0.830	-0.826	-1.005	-0.837	-0.740	-0.793	-0.388	+0.103	-1.062	-0.613	-0.614	-0.651	-0.964	-0.651	-0.638	-0.997	+0.352	-0.633	-0.964	-0.553	-1.005	-0.584	-0.591	+0.045	+0.201	-0.928	+0.241	+0.248	-0.070	-1.070	-0.063	-0.978	+2.101	+2.455	+3.012	+3.187	+2.435	+2.450	+2.372	+2.378	+2.367	+2.364	+2.374	+2.361	+2.358	+2.368	+2.366	+2.364	+2.352	+2.367	+2.351	+2.360	+2.359	+2.348	+2.336	+2.359	+2.358	+2.345	+2.345	+2.378	+2.342	+2.348	+2.311	+2.420	+2.321	+2.239	+2.216	+2.177	+2.169	+2.163	-0.330	-0.813	-0.819	+1.997	-0.463	+1.992	+1.996	+1.996	+1.992	-0.366	
rs1941010      -0.400	-0.232	-0.397	-0.405	-0.048	-0.383	-0.109	-0.052	-0.107	-0.428	-0.018	-0.430	-0.138	-0.069	-0.078	-0.086	+0.053	-0.432	-0.089	-0.193	+0.023	+0.026	+0.100	+0.055	-0.247	-0.247	-0.232	+0.013	-0.244	+0.007	-0.255	-0.017	-0.232	+0.014	-0.020	+0.010	-0.232	-0.020	-0.250	-0.020	+0.034	-0.072	-0.070	-0.089	-0.154	-0.224	+0.059	-0.230	-0.228	-0.229	-0.229	+0.238	-0.095	+0.060	-0.097	-0.113	+0.276	+0.277	-0.275	-0.276	+0.018	-0.359	-0.026	+0.193	-0.347	+0.184	-0.023	-0.192	-0.361	-0.204	-0.220	-0.204	-0.189	-0.203	-0.204	-0.208	-0.292	-0.293	-0.293	-0.212	-0.294	-0.296	-0.297	-0.297	-0.299	-0.299	-0.211	-0.207	-0.289	-0.301	-0.282	-0.263	-0.261	-0.386	-0.267	-0.116	-0.242	+0.472	+0.628	-0.424	+0.201	+0.200	+0.147	-0.326	+0.148	+0.166	-0.359	+0.963	+0.171	-0.333	+0.004	-0.370	-0.023	+0.229	+0.697	+0.899	-0.289	+0.939	+0.946	+0.473	-0.443	+0.480	-0.357	+2.758	+2.920	+3.464	+3.636	+2.912	+2.929	+2.852	+2.859	+2.848	+2.845	+2.855	+2.842	+2.839	+2.849	+2.846	+2.845	+2.834	+2.848	+2.832	+2.841	+2.840	+2.830	+2.818	+2.840	+2.840	+2.827	+2.826	+2.859	+2.824	+2.830	+2.790	+2.899	+2.804	+2.724	+2.703	+2.665	+2.658	+2.652	+0.278	-0.217	-0.223	+2.483	+0.175	+2.479	+2.483	+2.483	+2.479	+0.260	
rs4797216      -0.344	-0.179	-0.342	-0.350	+0.004	-0.330	-0.057	+0.001	-0.055	-0.374	+0.035	-0.377	-0.086	-0.016	-0.025	-0.032	+0.106	-0.378	-0.034	-0.150	+0.054	+0.097	+0.055	+0.159	-0.199	-0.199	-0.177	+0.083	-0.197	+0.077	-0.206	+0.031	-0.177	+0.084	+0.035	+0.080	-0.177	+0.037	-0.202	+0.039	+0.104	-0.006	-0.005	-0.051	-0.092	-0.180	+0.129	-0.185	-0.183	-0.183	-0.184	+0.288	-0.057	+0.130	-0.059	-0.072	+0.305	+0.305	-0.222	-0.223	+0.075	-0.304	+0.033	+0.228	-0.292	+0.219	+0.037	-0.139	-0.304	-0.151	-0.168	-0.150	-0.136	-0.150	-0.151	-0.155	-0.234	-0.235	-0.235	-0.159	-0.236	-0.239	-0.239	-0.240	-0.241	-0.241	-0.158	-0.154	-0.231	-0.244	-0.224	-0.209	-0.207	-0.331	-0.212	-0.059	-0.188	+0.539	+0.674	-0.369	+0.263	+0.262	+0.209	-0.271	+0.209	+0.228	-0.304	+1.015	+0.233	-0.278	+0.054	-0.316	+0.027	+0.291	+0.749	+0.953	-0.234	+0.993	+1.000	+0.521	-0.388	+0.527	-0.302	+2.809	+2.965	+3.508	+3.680	+2.958	+2.975	+2.898	+2.904	+2.893	+2.891	+2.901	+2.887	+2.885	+2.894	+2.892	+2.891	+2.879	+2.894	+2.878	+2.887	+2.886	+2.875	+2.864	+2.885	+2.885	+2.872	+2.872	+2.904	+2.869	+2.876	+2.835	+2.945	+2.849	+2.770	+2.748	+2.711	+2.704	+2.698	+0.326	-0.168	-0.173	+2.530	+0.227	+2.526	+2.529	+2.530	+2.526	+0.309	
rs1941011      -0.674	-0.481	-0.671	-0.679	-0.236	-0.605	-0.305	-0.334	-0.302	-0.674	-0.312	-0.679	-0.337	-0.360	-0.370	-0.377	-0.245	-0.685	-0.378	-0.318	-0.248	-0.172	-0.247	-0.199	-0.196	-0.299	-0.373	-0.188	-0.293	-0.193	-0.337	-0.288	-0.370	-0.185	-0.306	-0.190	-0.374	-0.309	-0.307	-0.315	-0.164	-0.542	-0.540	-0.272	-0.416	-0.415	-0.136	-0.423	-0.420	-0.420	-0.421	-0.049	-0.281	-0.135	-0.285	-0.307	+0.134	+0.134	-0.567	-0.569	-0.380	-0.643	-0.339	+0.014	-0.633	+0.002	-0.409	-0.464	-0.670	-0.476	-0.446	-0.476	-0.462	-0.475	-0.476	-0.480	-0.558	-0.559	-0.559	-0.484	-0.560	-0.562	-0.563	-0.563	-0.565	-0.565	-0.483	-0.479	-0.555	-0.567	-0.550	-0.535	-0.533	-0.656	-0.539	-0.423	-0.516	+0.100	+0.352	-0.678	+0.158	+0.156	+0.084	-0.555	+0.084	+0.109	-0.640	+0.664	+0.114	-0.568	-0.265	-0.648	-0.292	+0.187	+0.646	+0.852	-0.567	+0.902	+0.911	+0.416	-0.705	+0.423	-0.611	+2.845	+2.641	+3.188	+3.360	+2.634	+2.650	+2.573	+2.579	+2.569	+2.566	+2.575	+2.563	+2.560	+2.569	+2.567	+2.565	+2.554	+2.569	+2.553	+2.562	+2.560	+2.550	+2.539	+2.560	+2.560	+2.547	+2.547	+2.579	+2.544	+2.551	+2.510	+2.620	+2.524	+2.444	+2.422	+2.384	+2.377	+2.372	+0.062	-0.451	-0.457	+2.206	-0.067	+2.202	+2.206	+2.206	+2.202	+0.039	
rs1941012      -0.673	-0.481	-0.670	-0.678	-0.235	-0.604	-0.304	-0.333	-0.302	-0.673	-0.312	-0.678	-0.336	-0.359	-0.369	-0.376	-0.244	-0.684	-0.377	-0.318	-0.247	-0.170	-0.247	-0.199	-0.299	-0.195	-0.371	-0.186	-0.293	-0.191	-0.336	-0.287	-0.369	-0.183	-0.305	-0.189	-0.373	-0.309	-0.306	-0.315	-0.162	-0.540	-0.539	-0.271	-0.415	-0.414	-0.135	-0.422	-0.420	-0.420	-0.421	-0.048	-0.281	-0.133	-0.284	-0.307	+0.134	+0.134	-0.566	-0.568	-0.379	-0.642	-0.338	+0.014	-0.632	+0.003	-0.408	-0.463	-0.669	-0.475	-0.446	-0.475	-0.461	-0.474	-0.475	-0.479	-0.557	-0.558	-0.558	-0.483	-0.559	-0.561	-0.562	-0.562	-0.564	-0.564	-0.482	-0.479	-0.554	-0.566	-0.549	-0.534	-0.532	-0.655	-0.538	-0.422	-0.515	+0.101	+0.353	-0.677	+0.159	+0.158	+0.086	-0.554	+0.086	+0.111	-0.639	+0.665	+0.115	-0.567	-0.264	-0.647	-0.291	+0.189	+0.647	+0.853	-0.566	+0.904	+0.912	+0.417	-0.704	+0.424	-0.610	+2.846	+2.641	+3.189	+3.361	+2.634	+2.650	+2.574	+2.580	+2.569	+2.567	+2.576	+2.563	+2.561	+2.570	+2.568	+2.566	+2.555	+2.569	+2.553	+2.562	+2.561	+2.551	+2.539	+2.561	+2.561	+2.548	+2.548	+2.579	+2.545	+2.552	+2.511	+2.621	+2.524	+2.445	+2.423	+2.385	+2.378	+2.372	+0.063	-0.451	-0.456	+2.206	-0.066	+2.202	+2.207	+2.207	+2.203	+0.040	
rs8082870      -0.922	-0.676	-0.921	-0.925	-0.481	-0.813	-0.545	-0.492	-0.543	-0.889	-0.468	-0.894	-0.577	-0.522	-0.532	-0.540	-0.399	-0.901	-0.575	-0.326	-0.233	-0.863	-0.232	-0.177	-0.373	-0.371	-0.431	-0.869	-0.359	-0.871	-0.401	-0.283	-0.545	-0.868	-0.305	-0.870	-0.546	-0.310	-0.388	-0.317	-0.861	-0.836	-0.835	-0.257	-0.861	-0.376	-0.852	-0.390	-0.386	-0.386	-0.388	-0.216	-0.269	-0.851	-0.273	-0.303	+0.275	+0.275	-0.745	-0.745	-0.492	-0.864	-0.621	+0.098	-0.854	+0.085	-0.616	-0.633	-0.887	-0.648	-0.648	-0.648	-0.630	-0.647	-0.649	-0.654	-0.847	-0.847	-0.847	-0.659	-0.847	-0.848	-0.849	-0.849	-0.849	-0.850	-0.657	-0.652	-0.845	-0.851	-0.843	-0.737	-0.733	-0.886	-0.742	-0.643	-0.707	-0.196	+0.314	-0.924	-0.403	-0.404	-0.449	-0.819	-0.449	-0.433	-0.852	+0.589	-0.428	-0.820	-0.361	-0.862	-0.393	-0.379	+0.285	+0.448	-0.800	+0.493	+0.501	+0.165	-0.936	+0.171	-0.853	+2.451	+2.708	+3.275	+3.453	+2.686	+2.701	+2.621	+2.628	+2.616	+2.614	+2.624	+2.610	+2.607	+2.617	+2.615	+2.613	+2.601	+2.617	+2.600	+2.609	+2.608	+2.597	+2.585	+2.608	+2.608	+2.594	+2.594	+2.627	+2.591	+2.597	+2.557	+2.670	+2.569	+2.486	+2.462	+2.422	+2.415	+2.409	-0.137	-0.640	-0.646	+2.227	-0.281	+2.222	+2.226	+2.227	+2.222	-0.174	
rs6650612      -1.065	-0.834	-1.064	-1.068	-0.665	-0.959	-0.723	-0.676	-0.721	-1.035	-0.650	-1.041	-0.753	-0.700	-0.710	-0.718	-0.588	-1.048	-0.750	-0.068	+0.011	-0.720	+0.013	+0.083	-0.188	-0.186	-0.869	-0.586	-0.170	-0.725	-0.243	-0.066	-0.869	-0.724	-0.098	-0.724	-0.869	-0.105	-0.210	-0.115	-0.718	-0.921	-0.920	-0.143	-0.881	-0.299	-0.706	-0.317	-0.311	-0.312	-0.314	-0.275	-0.159	-0.711	-0.165	-0.204	+0.147	+0.147	-0.905	-0.906	-0.714	-0.985	-0.765	+0.198	-0.974	+0.180	-0.767	-0.700	-1.020	-0.719	-0.724	-0.718	-0.696	-0.718	-0.720	-0.725	-0.972	-0.972	-0.972	-0.733	-0.972	-0.972	-0.972	-0.972	-0.972	-0.972	-0.732	-0.725	-0.972	-0.973	-0.972	-0.837	-0.832	-1.010	-0.843	-0.747	-0.799	-0.393	+0.104	-1.068	-0.618	-0.619	-0.656	-0.969	-0.655	-0.642	-1.003	+0.350	-0.638	-0.970	-0.558	-1.011	-0.588	-0.596	+0.041	+0.198	-0.933	+0.238	+0.245	-0.074	-1.075	-0.067	-0.984	+2.099	+2.449	+3.006	+3.182	+2.430	+2.445	+2.366	+2.372	+2.361	+2.359	+2.369	+2.355	+2.353	+2.362	+2.360	+2.358	+2.347	+2.362	+2.345	+2.355	+2.353	+2.343	+2.330	+2.353	+2.353	+2.339	+2.339	+2.372	+2.336	+2.343	+2.305	+2.414	+2.315	+2.233	+2.210	+2.171	+2.164	+2.158	-0.333	-0.817	-0.823	+1.990	-0.467	+1.986	+1.989	+1.990	+1.986	-0.369	
rs6650613      -0.663	-0.471	-0.660	-0.668	-0.225	-0.595	-0.294	-0.324	-0.292	-0.664	-0.303	-0.669	-0.327	-0.351	-0.360	-0.367	-0.235	-0.675	-0.368	-0.316	-0.244	-0.154	-0.244	-0.197	-0.293	-0.293	-0.359	-0.170	-0.185	-0.174	-0.327	-0.284	-0.357	-0.167	-0.301	-0.172	-0.361	-0.305	-0.296	-0.311	-0.145	-0.530	-0.529	-0.267	-0.402	-0.409	-0.118	-0.416	-0.414	-0.414	-0.415	-0.039	-0.276	-0.116	-0.279	-0.302	+0.136	+0.136	-0.557	-0.559	-0.371	-0.633	-0.328	+0.018	-0.622	+0.007	-0.399	-0.455	-0.660	-0.466	-0.436	-0.466	-0.452	-0.465	-0.466	-0.470	-0.547	-0.547	-0.547	-0.474	-0.548	-0.551	-0.551	-0.552	-0.553	-0.553	-0.473	-0.470	-0.543	-0.556	-0.538	-0.525	-0.523	-0.645	-0.529	-0.412	-0.506	+0.112	+0.360	-0.667	+0.174	+0.173	+0.100	-0.543	+0.100	+0.125	-0.629	+0.673	+0.130	-0.557	-0.256	-0.638	-0.283	+0.204	+0.659	+0.865	-0.556	+0.916	+0.924	+0.427	-0.695	+0.434	-0.600	+2.859	+2.648	+3.195	+3.367	+2.641	+2.657	+2.580	+2.586	+2.576	+2.573	+2.582	+2.570	+2.567	+2.576	+2.574	+2.572	+2.561	+2.576	+2.560	+2.569	+2.568	+2.558	+2.546	+2.567	+2.567	+2.554	+2.554	+2.586	+2.551	+2.558	+2.517	+2.627	+2.531	+2.452	+2.430	+2.392	+2.385	+2.379	+0.073	-0.442	-0.447	+2.213	-0.057	+2.209	+2.213	+2.214	+2.209	+0.049	
rs4797217      -1.066	-0.835	-1.066	-1.070	-0.666	-0.961	-0.724	-0.677	-0.723	-1.037	-0.651	-1.043	-0.755	-0.702	-0.712	-0.719	-0.589	-1.049	-0.751	-0.073	+0.005	-0.719	+0.007	+0.077	-0.193	-0.191	-0.871	-0.725	-0.174	-0.588	-0.248	-0.072	-0.871	-0.724	-0.103	-0.724	-0.871	-0.110	-0.214	-0.120	-0.716	-0.922	-0.922	-0.147	-0.882	-0.302	-0.702	-0.321	-0.315	-0.315	-0.317	-0.274	-0.163	-0.703	-0.169	-0.208	+0.145	+0.145	-0.907	-0.908	-0.716	-0.988	-0.767	+0.195	-0.977	+0.177	-0.769	-0.702	-1.022	-0.722	-0.727	-0.721	-0.698	-0.720	-0.722	-0.728	-0.973	-0.973	-0.973	-0.735	-0.974	-0.974	-0.974	-0.974	-0.974	-0.974	-0.734	-0.728	-0.974	-0.975	-0.973	-0.839	-0.835	-1.012	-0.846	-0.749	-0.802	-0.394	+0.104	-1.070	-0.619	-0.620	-0.657	-0.971	-0.657	-0.643	-1.004	+0.350	-0.639	-0.971	-0.559	-1.013	-0.589	-0.597	+0.040	+0.197	-0.935	+0.238	+0.245	-0.075	-1.077	-0.069	-0.986	+2.099	+2.448	+3.005	+3.181	+2.428	+2.444	+2.365	+2.371	+2.360	+2.358	+2.368	+2.354	+2.352	+2.361	+2.359	+2.357	+2.346	+2.361	+2.344	+2.353	+2.352	+2.342	+2.329	+2.352	+2.352	+2.338	+2.338	+2.371	+2.335	+2.342	+2.304	+2.413	+2.314	+2.232	+2.209	+2.170	+2.163	+2.157	-0.333	-0.818	-0.824	+1.989	-0.468	+1.984	+1.988	+1.989	+1.985	-0.369	
rs4797218      -0.694	-0.503	-0.691	-0.699	-0.260	-0.628	-0.328	-0.354	-0.326	-0.696	-0.333	-0.701	-0.361	-0.381	-0.390	-0.398	-0.266	-0.707	-0.400	-0.330	-0.255	-0.228	-0.255	-0.206	-0.337	-0.336	-0.401	-0.243	-0.327	-0.248	-0.219	-0.296	-0.399	-0.240	-0.315	-0.245	-0.402	-0.319	-0.345	-0.325	-0.220	-0.569	-0.568	-0.282	-0.452	-0.429	-0.194	-0.437	-0.434	-0.434	-0.435	-0.074	-0.292	-0.192	-0.295	-0.318	+0.129	+0.129	-0.586	-0.588	-0.396	-0.663	-0.357	+0.007	-0.652	-0.005	-0.426	-0.479	-0.692	-0.491	-0.460	-0.490	-0.476	-0.490	-0.491	-0.495	-0.587	-0.587	-0.588	-0.499	-0.589	-0.591	-0.591	-0.592	-0.593	-0.593	-0.498	-0.494	-0.584	-0.596	-0.579	-0.554	-0.552	-0.678	-0.557	-0.436	-0.533	+0.080	+0.333	-0.702	+0.121	+0.119	+0.049	-0.578	+0.049	+0.074	-0.660	+0.643	+0.078	-0.591	-0.284	-0.668	-0.312	+0.151	+0.612	+0.816	-0.588	+0.866	+0.874	+0.387	-0.727	+0.394	-0.635	+2.801	+2.622	+3.169	+3.342	+2.614	+2.630	+2.553	+2.559	+2.549	+2.546	+2.556	+2.543	+2.540	+2.550	+2.547	+2.546	+2.535	+2.549	+2.533	+2.542	+2.541	+2.531	+2.519	+2.540	+2.540	+2.527	+2.527	+2.559	+2.525	+2.531	+2.490	+2.600	+2.504	+2.425	+2.403	+2.365	+2.358	+2.352	+0.033	-0.476	-0.481	+2.186	-0.098	+2.182	+2.186	+2.186	+2.182	+0.010	
rs7241653      -0.452	-0.278	-0.450	-0.458	-0.093	-0.429	-0.155	-0.099	-0.153	-0.476	-0.065	-0.479	-0.184	-0.116	-0.125	-0.133	+0.006	-0.481	-0.138	-0.231	-0.018	-0.054	-0.017	+0.031	-0.288	-0.287	-0.283	-0.066	-0.284	-0.072	-0.296	+0.047	-0.283	-0.065	-0.044	-0.069	-0.283	-0.045	-0.292	-0.047	-0.046	-0.144	-0.143	-0.119	-0.221	-0.264	-0.022	-0.270	-0.268	-0.269	-0.269	+0.180	-0.127	-0.021	-0.129	-0.146	+0.250	+0.251	-0.326	-0.326	-0.038	-0.407	-0.073	+0.165	-0.394	+0.156	-0.071	-0.240	-0.414	-0.252	-0.267	-0.251	-0.237	-0.251	-0.252	-0.256	-0.346	-0.347	-0.347	-0.260	-0.348	-0.350	-0.350	-0.351	-0.352	-0.353	-0.259	-0.255	-0.343	-0.355	-0.337	-0.312	-0.310	-0.437	-0.316	-0.167	-0.291	+0.412	+0.585	-0.473	+0.145	+0.144	+0.092	-0.376	+0.092	+0.111	-0.410	+0.914	+0.116	-0.382	-0.040	-0.421	-0.068	+0.172	+0.649	+0.849	-0.340	+0.890	+0.897	+0.430	-0.492	+0.436	-0.405	+2.712	+2.877	+3.421	+3.593	+2.868	+2.885	+2.808	+2.814	+2.803	+2.801	+2.811	+2.797	+2.795	+2.804	+2.802	+2.801	+2.789	+2.804	+2.788	+2.797	+2.796	+2.785	+2.774	+2.795	+2.795	+2.782	+2.782	+2.814	+2.779	+2.786	+2.746	+2.855	+2.759	+2.680	+2.658	+2.620	+2.613	+2.608	+0.225	-0.267	-0.273	+2.439	+0.123	+2.434	+2.438	+2.439	+2.435	+0.207	
