## Summary of overall evidence for association with region:
## log10(BF for region) = 0.357469
## p-value for region = NA

## BFs for choosing among multi-SNP models:
## log10(average 1-SNP BF) = 0.354163
## log10(average 2-SNP BF) = 0.364008

## Example posterior probabilities for multi-SNP models, based on default prior: [p(l) propto 0.5^l for l=1,2,...,L]
## posterior probability of 1-SNP = 0.66161
## posterior probability of 2-SNP = 0.33839

## log10(BF) for single SNP and pair of SNPs:
rs729229       +0.133	-0.006	-0.170	-0.206	+0.152	-0.199	+0.005	-0.151	-0.013	-0.010	-0.010	+0.021	-0.361	+0.007	-0.086	-0.095	-0.394	+0.393	-0.084	+0.400	-0.065	-0.102	+0.448	-0.049	-0.054	-0.372	-0.039	+0.454	+0.456	-0.030	-0.389	+0.491	-0.033	-0.390	+0.464	-0.372	-0.042	+0.273	-0.398	+0.306	+0.259	+0.470	-0.046	+0.261	-0.398	+0.199	+0.266	+0.247	+0.257	+0.485	+0.462	-0.061	-0.391	-0.393	+0.256	+0.190	+0.190	+0.476	+0.478	+0.478	+0.188	+0.196	-0.397	+0.252	-0.356	+0.492	-0.357	+0.136	+0.703	+0.496	+0.496	+0.246	+0.246	+0.496	+0.275	+0.496	-0.396	+0.496	+0.244	+0.251	-0.393	+0.245	+0.244	+0.503	-0.383	+0.232	-0.311	-0.039	-0.103	-0.163	-0.007	-0.088	-0.145	-0.129	-0.176	-0.170	-0.144	-0.144	-0.109	-0.144	
rs7193875      -0.006	+0.071	-0.222	-0.257	+0.153	-0.251	-0.059	-0.203	-0.064	-0.061	-0.063	-0.029	-0.419	-0.038	-0.137	-0.148	-0.451	+0.398	-0.136	+0.405	-0.116	-0.154	+0.456	-0.102	-0.106	-0.427	-0.090	+0.462	+0.465	-0.081	-0.447	+0.502	-0.084	-0.448	+0.474	-0.427	-0.095	+0.219	-0.455	+0.253	+0.208	+0.480	-0.099	+0.211	-0.455	+0.145	+0.216	+0.197	+0.204	+0.496	+0.472	-0.116	-0.449	-0.450	+0.206	+0.139	+0.139	+0.486	+0.489	+0.489	+0.137	+0.142	-0.454	+0.201	-0.414	+0.503	-0.414	+0.087	+0.724	+0.508	+0.507	+0.195	+0.195	+0.507	+0.225	+0.508	-0.453	+0.508	+0.194	+0.200	-0.449	+0.194	+0.193	+0.510	-0.440	+0.181	-0.367	-0.098	-0.161	-0.221	-0.064	-0.145	-0.203	-0.187	-0.234	-0.228	-0.202	-0.202	-0.167	-0.202	
rs9924714      -0.170	-0.222	-0.209	-0.348	+0.078	-0.350	-0.100	-0.344	-0.322	-0.319	-0.322	-0.286	-0.630	-0.200	-0.404	-0.415	-0.529	+0.412	-0.407	+0.418	-0.389	-0.422	+0.465	-0.379	-0.382	-0.184	-0.367	+0.471	+0.473	-0.358	-0.575	+0.506	-0.361	-0.573	+0.481	-0.194	-0.372	-0.085	-0.523	-0.047	-0.095	+0.487	-0.376	-0.093	-0.522	-0.162	-0.087	-0.108	-0.102	+0.501	+0.480	-0.427	-0.567	-0.559	-0.099	-0.164	-0.164	+0.492	+0.494	+0.495	-0.167	-0.162	-0.523	-0.103	-0.442	+0.507	-0.434	-0.184	+0.714	+0.511	+0.511	-0.110	-0.111	+0.511	-0.079	+0.511	-0.531	+0.511	-0.113	-0.106	-0.500	-0.118	-0.120	+0.524	-0.534	-0.143	-0.622	-0.319	-0.441	-0.477	-0.290	-0.386	-0.459	-0.443	-0.491	-0.485	-0.458	-0.458	-0.416	-0.458	
rs12444679     -0.206	-0.257	-0.348	-0.259	+0.045	-0.363	-0.174	-0.354	-0.329	-0.327	-0.332	-0.289	-0.686	-0.230	-0.424	-0.438	-0.590	+0.374	-0.428	+0.382	-0.407	-0.444	+0.428	-0.398	-0.399	-0.262	-0.382	+0.435	+0.437	-0.372	-0.634	+0.470	-0.375	-0.631	+0.445	-0.271	-0.390	-0.090	-0.583	-0.049	-0.099	+0.451	-0.395	-0.098	-0.583	-0.171	-0.090	-0.113	-0.108	+0.465	+0.444	-0.461	-0.625	-0.618	-0.102	-0.171	-0.171	+0.456	+0.458	+0.459	-0.173	-0.171	-0.584	-0.107	-0.504	+0.471	-0.497	-0.185	+0.678	+0.475	+0.475	-0.115	-0.115	+0.475	-0.083	+0.476	-0.591	+0.476	-0.117	-0.111	-0.560	-0.124	-0.128	+0.488	-0.593	-0.154	-0.667	-0.365	-0.490	-0.522	-0.337	-0.437	-0.503	-0.487	-0.536	-0.529	-0.502	-0.502	-0.467	-0.502	
rs56342387     +0.152	+0.153	+0.078	+0.045	+0.420	+0.051	+0.283	+0.096	+0.235	+0.238	+0.236	+0.268	-0.014	+0.230	+0.165	+0.155	-0.076	+0.493	+0.165	+0.501	+0.184	+0.149	+0.545	+0.198	+0.195	-0.081	+0.210	+0.551	+0.553	+0.219	-0.057	+0.586	+0.216	-0.058	+0.561	-0.079	+0.206	+0.517	-0.083	+0.550	+0.507	+0.566	+0.201	+0.508	-0.084	+0.444	+0.514	+0.495	+0.502	+0.581	+0.559	+0.198	-0.062	-0.067	+0.504	+0.438	+0.438	+0.572	+0.574	+0.574	+0.436	+0.441	-0.083	+0.500	-0.005	+0.587	-0.010	+0.379	+0.789	+0.591	+0.591	+0.494	+0.494	+0.591	+0.523	+0.591	-0.082	+0.591	+0.492	+0.498	-0.089	+0.494	+0.493	+0.594	-0.070	+0.484	-0.049	+0.215	+0.165	+0.095	+0.258	+0.193	+0.112	+0.128	+0.082	+0.088	+0.113	+0.113	+0.174	+0.113	
rs4785210      -0.199	-0.251	-0.350	-0.363	+0.051	-0.249	-0.159	-0.354	-0.328	-0.325	-0.331	-0.289	-0.674	-0.225	-0.420	-0.434	-0.577	+0.380	-0.424	+0.389	-0.404	-0.440	+0.435	-0.395	-0.396	-0.246	-0.380	+0.441	+0.443	-0.370	-0.621	+0.476	-0.373	-0.619	+0.451	-0.255	-0.387	-0.090	-0.571	-0.049	-0.099	+0.457	-0.392	-0.098	-0.570	-0.171	-0.090	-0.113	-0.108	+0.471	+0.450	-0.455	-0.613	-0.605	-0.102	-0.170	-0.170	+0.463	+0.465	+0.465	-0.173	-0.170	-0.571	-0.107	-0.491	+0.477	-0.483	-0.185	+0.684	+0.482	+0.481	-0.115	-0.115	+0.481	-0.083	+0.482	-0.578	+0.482	-0.117	-0.111	-0.548	-0.123	-0.127	+0.494	-0.580	-0.153	-0.658	-0.356	-0.481	-0.513	-0.328	-0.427	-0.494	-0.478	-0.527	-0.520	-0.493	-0.493	-0.458	-0.494	
rs139682485    +0.005	-0.059	-0.100	-0.174	+0.283	-0.159	-0.314	-0.069	-0.168	-0.164	-0.169	-0.122	-0.840	-0.072	-0.277	-0.296	-0.814	+0.519	-0.281	+0.527	-0.249	-0.305	+0.577	-0.234	-0.237	-0.715	-0.215	+0.584	+0.586	-0.203	-0.830	+0.622	-0.206	-0.829	+0.595	-0.720	-0.223	+0.180	-0.816	+0.224	+0.170	+0.601	-0.229	+0.172	-0.815	+0.099	+0.181	+0.155	+0.161	+0.616	+0.593	-0.292	-0.828	-0.825	+0.167	+0.109	+0.109	+0.607	+0.609	+0.609	+0.106	+0.109	-0.816	+0.161	-0.774	+0.623	-0.770	+0.215	+0.841	+0.628	+0.628	+0.154	+0.153	+0.628	+0.192	+0.628	-0.813	+0.628	+0.151	+0.158	-0.795	+0.146	+0.143	+0.632	-0.802	+0.117	-0.675	-0.399	-0.578	-0.549	-0.360	-0.510	-0.527	-0.507	-0.566	-0.558	-0.526	-0.526	-0.540	-0.526	
rs4785211      -0.151	-0.203	-0.344	-0.354	+0.096	-0.354	-0.069	-0.179	-0.313	-0.310	-0.313	-0.279	-0.598	-0.182	-0.388	-0.398	-0.495	+0.427	-0.385	+0.434	-0.368	-0.404	+0.480	-0.358	-0.361	-0.106	-0.347	+0.486	+0.488	-0.338	-0.530	+0.520	-0.341	-0.527	+0.496	-0.117	-0.351	-0.073	-0.474	-0.035	-0.083	+0.501	-0.355	-0.081	-0.473	-0.150	-0.075	-0.097	-0.090	+0.516	+0.494	-0.405	-0.521	-0.512	-0.087	-0.152	-0.152	+0.507	+0.509	+0.509	-0.154	-0.150	-0.475	-0.092	-0.386	+0.522	-0.377	-0.170	+0.728	+0.526	+0.525	-0.099	-0.099	+0.525	-0.067	+0.526	-0.483	+0.526	-0.101	-0.094	-0.451	-0.106	-0.109	+0.539	-0.488	-0.132	-0.594	-0.302	-0.414	-0.455	-0.275	-0.359	-0.438	-0.422	-0.469	-0.463	-0.437	-0.437	-0.389	-0.437	
rs63423061     -0.013	-0.064	-0.322	-0.329	+0.235	-0.328	-0.168	-0.313	-0.025	-0.115	-0.126	-0.086	-0.378	-0.121	-0.183	-0.186	-0.238	+0.516	-0.201	+0.523	-0.196	-0.172	+0.568	-0.202	-0.198	+0.250	-0.191	+0.574	+0.576	-0.186	-0.299	+0.608	-0.188	-0.295	+0.584	+0.235	-0.200	+0.008	-0.243	+0.047	+0.000	+0.589	-0.203	+0.001	-0.242	-0.070	+0.009	-0.013	-0.009	+0.603	+0.582	-0.277	-0.288	-0.277	-0.003	-0.072	-0.072	+0.595	+0.597	+0.597	-0.075	-0.073	-0.244	-0.008	-0.157	+0.609	-0.147	-0.119	+0.810	+0.613	+0.613	-0.015	-0.015	+0.612	+0.014	+0.613	-0.241	+0.613	-0.017	-0.012	-0.202	-0.023	-0.026	+0.626	-0.253	-0.050	-0.449	-0.116	-0.249	-0.297	-0.126	-0.234	-0.277	-0.260	-0.311	-0.305	-0.276	-0.276	-0.264	-0.276	
rs3826173      -0.010	-0.061	-0.319	-0.327	+0.238	-0.325	-0.164	-0.310	-0.115	-0.021	-0.124	-0.087	-0.373	-0.119	-0.180	-0.181	-0.233	+0.519	-0.197	+0.525	-0.192	-0.165	+0.570	-0.199	-0.194	+0.257	-0.188	+0.576	+0.578	-0.183	-0.294	+0.610	-0.185	-0.290	+0.586	+0.242	-0.197	+0.009	-0.238	+0.047	+0.001	+0.591	-0.200	+0.001	-0.237	-0.069	+0.009	-0.012	-0.008	+0.605	+0.584	-0.273	-0.283	-0.272	-0.002	-0.071	-0.071	+0.597	+0.599	+0.599	-0.073	-0.072	-0.239	-0.007	-0.152	+0.611	-0.142	-0.118	+0.812	+0.615	+0.615	-0.014	-0.014	+0.614	+0.014	+0.615	-0.236	+0.615	-0.016	-0.011	-0.197	-0.022	-0.025	+0.628	-0.249	-0.049	-0.445	-0.112	-0.245	-0.293	-0.122	-0.230	-0.273	-0.256	-0.307	-0.301	-0.273	-0.272	-0.260	-0.273	
rs62029962     -0.010	-0.063	-0.322	-0.332	+0.236	-0.331	-0.169	-0.313	-0.126	-0.124	-0.026	-0.097	-0.375	-0.122	-0.190	-0.180	-0.234	+0.518	-0.204	+0.524	-0.198	-0.177	+0.568	-0.197	-0.200	+0.261	-0.193	+0.575	+0.577	-0.188	-0.295	+0.608	-0.190	-0.291	+0.584	+0.247	-0.196	+0.010	-0.238	+0.048	-0.000	+0.590	-0.199	+0.001	-0.237	-0.069	+0.008	-0.013	-0.007	+0.604	+0.583	-0.277	-0.284	-0.273	-0.004	-0.073	-0.073	+0.595	+0.597	+0.597	-0.075	-0.071	-0.240	-0.009	-0.151	+0.609	-0.141	-0.120	+0.811	+0.613	+0.613	-0.016	-0.016	+0.613	+0.013	+0.613	-0.237	+0.613	-0.018	-0.012	-0.197	-0.023	-0.027	+0.626	-0.250	-0.051	-0.449	-0.117	-0.248	-0.297	-0.126	-0.234	-0.278	-0.261	-0.312	-0.305	-0.277	-0.277	-0.263	-0.277	
rs11649380     +0.021	-0.029	-0.286	-0.289	+0.268	-0.289	-0.122	-0.279	-0.086	-0.087	-0.097	+0.019	-0.325	-0.094	-0.132	-0.129	-0.181	+0.547	-0.154	+0.554	-0.155	-0.104	+0.598	-0.166	-0.160	+0.325	-0.157	+0.604	+0.607	-0.154	-0.244	+0.638	-0.156	-0.240	+0.614	+0.310	-0.166	+0.017	-0.186	+0.053	+0.010	+0.619	-0.168	+0.010	-0.185	-0.056	+0.017	-0.003	+0.001	+0.633	+0.613	-0.240	-0.232	-0.222	+0.006	-0.058	-0.058	+0.625	+0.627	+0.627	-0.060	-0.058	-0.188	+0.002	-0.101	+0.639	-0.090	-0.100	+0.840	+0.643	+0.643	-0.004	-0.005	+0.642	+0.023	+0.643	-0.185	+0.643	-0.006	-0.001	-0.145	-0.011	-0.014	+0.656	-0.198	-0.035	-0.407	-0.073	-0.205	-0.255	-0.086	-0.193	-0.236	-0.219	-0.270	-0.263	-0.235	-0.235	-0.223	-0.235	
rs28510819     -0.361	-0.419	-0.630	-0.686	-0.014	-0.674	-0.840	-0.598	-0.378	-0.373	-0.375	-0.325	-0.654	-0.294	-0.496	-0.513	-0.663	+0.438	-0.501	+0.446	-0.467	-0.523	+0.506	-0.444	-0.451	-0.771	-0.426	+0.514	+0.517	-0.412	-0.801	+0.560	-0.417	-0.797	+0.527	-0.780	-0.433	-0.058	-0.740	-0.011	-0.075	+0.534	-0.440	-0.071	-0.739	-0.166	-0.065	-0.093	-0.081	+0.553	+0.525	-0.631	-0.788	-0.774	-0.080	-0.178	-0.178	+0.542	+0.544	+0.545	-0.181	-0.173	-0.742	-0.087	-0.930	+0.558	-0.923	-0.268	+0.805	+0.564	+0.563	-0.095	-0.096	+0.563	-0.063	+0.564	-0.731	+0.563	-0.099	-0.089	-0.679	-0.108	-0.111	+0.561	-0.787	-0.147	-0.941	-0.731	-0.874	-0.871	-0.670	-0.810	-0.850	-0.832	-0.887	-0.880	-0.849	-0.849	-0.840	-0.849	
rs9926131      +0.007	-0.038	-0.200	-0.230	+0.230	-0.225	-0.072	-0.182	-0.121	-0.119	-0.122	-0.094	-0.294	+0.126	-0.180	-0.188	-0.187	+0.485	-0.176	+0.492	-0.163	-0.193	+0.533	-0.155	-0.156	-0.216	-0.144	+0.539	+0.541	-0.137	-0.237	+0.570	-0.139	-0.234	+0.548	-0.222	-0.149	+0.062	-0.195	+0.090	+0.055	+0.553	-0.152	+0.056	-0.194	+0.006	+0.062	+0.046	+0.050	+0.566	+0.547	-0.154	-0.229	-0.220	+0.053	+0.005	+0.005	+0.558	+0.560	+0.560	+0.004	+0.006	-0.196	+0.050	-0.271	+0.571	-0.265	-0.007	+0.763	+0.575	+0.575	+0.045	+0.045	+0.575	+0.073	+0.575	-0.192	+0.575	+0.044	+0.048	-0.161	+0.045	+0.044	+0.587	-0.197	+0.037	-0.291	+0.066	-0.008	-0.059	+0.068	-0.127	-0.033	-0.011	-0.079	-0.070	-0.032	-0.032	-0.145	-0.032	
rs3813755      -0.086	-0.137	-0.404	-0.424	+0.165	-0.420	-0.277	-0.388	-0.183	-0.180	-0.190	-0.132	-0.496	-0.180	-0.128	-0.255	-0.362	+0.450	-0.272	+0.458	-0.253	-0.261	+0.503	-0.248	-0.245	+0.088	-0.229	+0.510	+0.512	-0.219	-0.419	+0.544	-0.222	-0.416	+0.519	+0.074	-0.243	+0.011	-0.366	+0.057	+0.003	+0.525	-0.249	+0.003	-0.365	-0.084	+0.013	-0.013	-0.010	+0.539	+0.518	-0.356	-0.409	-0.399	-0.001	-0.086	-0.086	+0.531	+0.533	+0.533	-0.089	-0.088	-0.367	-0.008	-0.287	+0.545	-0.277	-0.149	+0.748	+0.549	+0.549	-0.016	-0.016	+0.549	+0.015	+0.549	-0.364	+0.549	-0.019	-0.013	-0.326	-0.028	-0.033	+0.562	-0.374	-0.067	-0.544	-0.217	-0.347	-0.392	-0.218	-0.329	-0.372	-0.355	-0.407	-0.400	-0.372	-0.371	-0.359	-0.372	
rs1872691      -0.095	-0.148	-0.415	-0.438	+0.155	-0.434	-0.296	-0.398	-0.186	-0.181	-0.180	-0.129	-0.513	-0.188	-0.255	-0.146	-0.378	+0.440	-0.280	+0.448	-0.258	-0.271	+0.494	-0.245	-0.248	+0.075	-0.231	+0.500	+0.502	-0.219	-0.435	+0.535	-0.224	-0.432	+0.510	+0.061	-0.239	+0.019	-0.382	+0.069	+0.007	+0.516	-0.245	+0.007	-0.381	-0.080	+0.016	-0.010	-0.002	+0.530	+0.508	-0.369	-0.425	-0.415	+0.002	-0.086	-0.086	+0.521	+0.523	+0.523	-0.089	-0.084	-0.383	-0.005	-0.301	+0.535	-0.292	-0.153	+0.740	+0.540	+0.539	-0.013	-0.014	+0.539	+0.018	+0.540	-0.380	+0.540	-0.016	-0.010	-0.343	-0.026	-0.032	+0.552	-0.391	-0.068	-0.560	-0.234	-0.364	-0.409	-0.234	-0.346	-0.389	-0.372	-0.423	-0.417	-0.388	-0.388	-0.375	-0.388	
rs1064448      -0.394	-0.451	-0.529	-0.590	-0.076	-0.577	-0.814	-0.495	-0.238	-0.233	-0.234	-0.181	-0.663	-0.187	-0.362	-0.378	-0.624	+0.348	-0.370	+0.356	-0.332	-0.390	+0.415	-0.305	-0.314	-0.857	-0.287	+0.424	+0.427	-0.272	-0.787	+0.468	-0.277	-0.789	+0.437	-0.863	-0.293	+0.095	-0.812	+0.145	+0.075	+0.444	-0.301	+0.080	-0.812	-0.022	+0.086	+0.056	+0.071	+0.462	+0.434	-0.539	-0.795	-0.799	+0.069	-0.038	-0.039	+0.451	+0.453	+0.454	-0.042	-0.031	-0.813	+0.062	-0.957	+0.467	-0.953	-0.154	+0.711	+0.473	+0.472	+0.053	+0.053	+0.472	+0.085	+0.473	-0.809	+0.473	+0.050	+0.061	-0.798	+0.039	+0.037	+0.472	-0.833	-0.005	-0.867	-0.715	-0.862	-0.850	-0.644	-0.773	-0.830	-0.812	-0.865	-0.858	-0.829	-0.829	-0.802	-0.829	
rs4785407      +0.393	+0.398	+0.412	+0.374	+0.493	+0.380	+0.519	+0.427	+0.516	+0.519	+0.518	+0.547	+0.438	+0.485	+0.450	+0.440	+0.348	+0.746	+0.448	+0.695	+0.466	+0.433	+0.728	+0.481	+0.475	+0.327	+0.490	+0.732	+0.734	+0.498	+0.386	+0.766	+0.496	+0.383	+0.741	+0.332	+0.488	+0.795	+0.334	+0.823	+0.780	+0.745	+0.484	+0.786	+0.333	+0.724	+0.788	+0.769	+0.781	+0.759	+0.738	+0.494	+0.375	+0.366	+0.778	+0.713	+0.713	+0.750	+0.752	+0.752	+0.711	+0.720	+0.335	+0.774	+0.508	+0.760	+0.499	+0.652	+0.925	+0.764	+0.763	+0.768	+0.768	+0.763	+0.795	+0.764	+0.335	+0.764	+0.767	+0.777	+0.314	+0.770	+0.773	+0.743	+0.346	+0.766	+0.255	+0.517	+0.477	+0.398	+0.497	+0.447	+0.415	+0.430	+0.386	+0.392	+0.416	+0.416	+0.432	+0.416	
rs7195228      -0.084	-0.136	-0.407	-0.428	+0.165	-0.424	-0.281	-0.385	-0.201	-0.197	-0.204	-0.154	-0.501	-0.176	-0.272	-0.280	-0.370	+0.448	-0.126	+0.455	-0.209	-0.274	+0.500	-0.214	-0.204	+0.122	-0.183	+0.506	+0.508	-0.169	-0.407	+0.540	-0.177	-0.404	+0.516	+0.107	-0.209	+0.030	-0.353	+0.080	+0.023	+0.521	-0.216	+0.022	-0.352	-0.071	+0.033	+0.006	+0.009	+0.536	+0.514	-0.356	-0.397	-0.387	+0.018	-0.073	-0.073	+0.527	+0.529	+0.529	-0.076	-0.075	-0.355	+0.012	-0.268	+0.541	-0.258	-0.144	+0.744	+0.545	+0.545	+0.003	+0.002	+0.545	+0.033	+0.546	-0.351	+0.546	-0.001	+0.005	-0.313	-0.012	-0.018	+0.558	-0.363	-0.057	-0.540	-0.230	-0.350	-0.398	-0.229	-0.329	-0.379	-0.363	-0.412	-0.406	-0.379	-0.379	-0.358	-0.379	
rs72786265     +0.400	+0.405	+0.418	+0.382	+0.501	+0.389	+0.527	+0.434	+0.523	+0.525	+0.524	+0.554	+0.446	+0.492	+0.458	+0.448	+0.356	+0.695	+0.455	+0.755	+0.472	+0.440	+0.743	+0.486	+0.482	+0.335	+0.496	+0.748	+0.750	+0.505	+0.394	+0.783	+0.502	+0.391	+0.756	+0.340	+0.493	+0.798	+0.342	+0.829	+0.787	+0.761	+0.489	+0.789	+0.341	+0.726	+0.794	+0.775	+0.783	+0.775	+0.752	+0.501	+0.383	+0.374	+0.784	+0.719	+0.719	+0.766	+0.768	+0.768	+0.717	+0.723	+0.343	+0.780	+0.516	+0.774	+0.507	+0.658	+0.932	+0.778	+0.778	+0.774	+0.774	+0.777	+0.802	+0.778	+0.343	+0.778	+0.773	+0.779	+0.322	+0.776	+0.776	+0.750	+0.354	+0.769	+0.263	+0.522	+0.484	+0.404	+0.502	+0.455	+0.421	+0.436	+0.393	+0.398	+0.422	+0.422	+0.440	+0.422	
rs7196135      -0.065	-0.116	-0.389	-0.407	+0.184	-0.404	-0.249	-0.368	-0.196	-0.192	-0.198	-0.155	-0.467	-0.163	-0.253	-0.258	-0.332	+0.466	-0.209	+0.472	-0.099	-0.248	+0.517	-0.202	-0.193	+0.178	-0.178	+0.524	+0.526	-0.167	-0.370	+0.558	-0.174	-0.367	+0.533	+0.163	-0.199	+0.027	-0.315	+0.074	+0.019	+0.539	-0.204	+0.019	-0.314	-0.070	+0.029	+0.003	+0.006	+0.553	+0.532	-0.335	-0.360	-0.349	+0.015	-0.072	-0.072	+0.544	+0.546	+0.547	-0.075	-0.074	-0.316	+0.008	-0.227	+0.559	-0.217	-0.138	+0.762	+0.563	+0.562	-0.000	-0.001	+0.562	+0.030	+0.563	-0.313	+0.563	-0.003	+0.002	-0.274	-0.013	-0.019	+0.575	-0.325	-0.055	-0.514	-0.203	-0.320	-0.373	-0.204	-0.302	-0.354	-0.337	-0.387	-0.380	-0.353	-0.353	-0.332	-0.353	
rs7184802      -0.102	-0.154	-0.422	-0.444	+0.149	-0.440	-0.305	-0.404	-0.172	-0.165	-0.177	-0.104	-0.523	-0.193	-0.261	-0.271	-0.390	+0.433	-0.274	+0.440	-0.248	-0.153	+0.485	-0.241	-0.236	+0.060	-0.215	+0.492	+0.494	-0.202	-0.445	+0.526	-0.208	-0.442	+0.502	+0.045	-0.235	+0.023	-0.392	+0.072	+0.015	+0.507	-0.241	+0.015	-0.392	-0.079	+0.025	-0.002	+0.001	+0.521	+0.500	-0.374	-0.435	-0.425	+0.010	-0.082	-0.082	+0.513	+0.515	+0.515	-0.085	-0.084	-0.394	+0.003	-0.312	+0.527	-0.303	-0.153	+0.731	+0.531	+0.531	-0.006	-0.006	+0.531	+0.025	+0.531	-0.390	+0.531	-0.009	-0.003	-0.353	-0.020	-0.027	+0.544	-0.401	-0.066	-0.567	-0.242	-0.372	-0.416	-0.243	-0.354	-0.396	-0.379	-0.430	-0.424	-0.395	-0.395	-0.384	-0.395	
rs66973381     +0.448	+0.456	+0.465	+0.428	+0.545	+0.435	+0.577	+0.480	+0.568	+0.570	+0.568	+0.598	+0.506	+0.533	+0.503	+0.494	+0.415	+0.728	+0.500	+0.743	+0.517	+0.485	+0.807	+0.531	+0.527	+0.394	+0.541	+0.765	+0.767	+0.549	+0.454	+0.790	+0.547	+0.451	+0.771	+0.400	+0.538	+0.842	+0.400	+0.873	+0.830	+0.774	+0.534	+0.833	+0.400	+0.771	+0.838	+0.819	+0.827	+0.784	+0.769	+0.547	+0.443	+0.434	+0.828	+0.763	+0.763	+0.778	+0.779	+0.779	+0.761	+0.767	+0.401	+0.824	+0.586	+0.783	+0.576	+0.702	+0.927	+0.787	+0.786	+0.818	+0.818	+0.786	+0.846	+0.787	+0.402	+0.786	+0.817	+0.823	+0.380	+0.821	+0.820	+0.767	+0.412	+0.813	+0.311	+0.570	+0.535	+0.453	+0.549	+0.503	+0.470	+0.485	+0.441	+0.447	+0.470	+0.470	+0.488	+0.470	
rs7204026      -0.049	-0.102	-0.379	-0.398	+0.198	-0.395	-0.234	-0.358	-0.202	-0.199	-0.197	-0.166	-0.444	-0.155	-0.248	-0.245	-0.305	+0.481	-0.214	+0.486	-0.202	-0.241	+0.531	-0.083	-0.191	+0.229	-0.179	+0.537	+0.539	-0.170	-0.342	+0.571	-0.175	-0.338	+0.546	+0.214	-0.175	+0.031	-0.285	+0.074	+0.016	+0.552	-0.180	+0.019	-0.284	-0.064	+0.025	+0.000	+0.011	+0.566	+0.545	-0.322	-0.331	-0.320	+0.011	-0.072	-0.072	+0.557	+0.559	+0.560	-0.075	-0.069	-0.286	+0.005	-0.194	+0.571	-0.183	-0.136	+0.774	+0.576	+0.575	-0.003	-0.003	+0.575	+0.027	+0.576	-0.283	+0.576	-0.006	+0.003	-0.243	-0.015	-0.018	+0.588	-0.296	-0.052	-0.498	-0.190	-0.303	-0.359	-0.191	-0.287	-0.340	-0.324	-0.373	-0.367	-0.340	-0.340	-0.316	-0.340	
rs7193683      -0.054	-0.106	-0.382	-0.399	+0.195	-0.396	-0.237	-0.361	-0.198	-0.194	-0.200	-0.160	-0.451	-0.156	-0.245	-0.248	-0.314	+0.475	-0.204	+0.482	-0.193	-0.236	+0.527	-0.191	-0.086	+0.209	-0.165	+0.533	+0.535	-0.155	-0.351	+0.567	-0.161	-0.347	+0.543	+0.194	-0.188	+0.027	-0.294	+0.074	+0.020	+0.548	-0.193	+0.020	-0.293	-0.067	+0.030	+0.004	+0.007	+0.562	+0.541	-0.324	-0.340	-0.329	+0.015	-0.070	-0.070	+0.554	+0.556	+0.556	-0.073	-0.071	-0.296	+0.009	-0.206	+0.568	-0.196	-0.135	+0.770	+0.572	+0.572	+0.001	+0.000	+0.571	+0.031	+0.572	-0.292	+0.572	-0.002	+0.004	-0.253	-0.011	-0.017	+0.584	-0.305	-0.052	-0.501	-0.192	-0.307	-0.361	-0.193	-0.290	-0.342	-0.326	-0.375	-0.369	-0.342	-0.342	-0.320	-0.342	
rs8046783      -0.372	-0.427	-0.184	-0.262	-0.081	-0.246	-0.715	-0.106	+0.250	+0.257	+0.261	+0.325	-0.771	-0.216	+0.088	+0.075	-0.857	+0.327	+0.122	+0.335	+0.178	+0.060	+0.394	+0.229	+0.209	-0.512	+0.248	+0.403	+0.405	+0.270	-0.829	+0.447	+0.262	-0.830	+0.415	-0.646	+0.246	+0.683	-0.854	+0.745	+0.648	+0.422	+0.234	+0.657	-0.855	+0.517	+0.662	+0.624	+0.651	+0.441	+0.413	-0.269	-0.835	-0.839	+0.640	+0.483	+0.483	+0.429	+0.432	+0.432	+0.478	+0.500	-0.854	+0.630	-0.764	+0.446	-0.766	+0.265	+0.688	+0.452	+0.451	+0.617	+0.616	+0.451	+0.649	+0.452	-0.854	+0.452	+0.612	+0.630	-0.859	+0.596	+0.595	+0.451	-0.851	+0.524	-0.811	-0.616	-0.749	-0.738	-0.550	-0.686	-0.717	-0.698	-0.753	-0.746	-0.715	-0.715	-0.712	-0.715	
rs11644043     -0.039	-0.090	-0.367	-0.382	+0.210	-0.380	-0.215	-0.347	-0.191	-0.188	-0.193	-0.157	-0.426	-0.144	-0.229	-0.231	-0.287	+0.490	-0.183	+0.496	-0.178	-0.215	+0.541	-0.179	-0.165	+0.248	-0.065	+0.547	+0.549	-0.148	-0.323	+0.581	-0.153	-0.320	+0.557	+0.233	-0.176	+0.026	-0.266	+0.071	+0.018	+0.562	-0.180	+0.019	-0.265	-0.065	+0.028	+0.003	+0.007	+0.576	+0.555	-0.308	-0.313	-0.301	+0.015	-0.067	-0.067	+0.568	+0.570	+0.570	-0.070	-0.068	-0.267	+0.009	-0.176	+0.582	-0.166	-0.129	+0.784	+0.586	+0.586	+0.001	+0.000	+0.586	+0.030	+0.586	-0.264	+0.586	-0.002	+0.003	-0.224	-0.011	-0.016	+0.598	-0.277	-0.049	-0.481	-0.172	-0.286	-0.342	-0.175	-0.271	-0.323	-0.307	-0.356	-0.350	-0.323	-0.323	-0.300	-0.323	
rs4785408      +0.454	+0.462	+0.471	+0.435	+0.551	+0.441	+0.584	+0.486	+0.574	+0.576	+0.575	+0.604	+0.514	+0.539	+0.510	+0.500	+0.424	+0.732	+0.506	+0.748	+0.524	+0.492	+0.765	+0.537	+0.533	+0.403	+0.547	+0.814	+0.772	+0.555	+0.463	+0.795	+0.553	+0.460	+0.777	+0.409	+0.543	+0.847	+0.409	+0.879	+0.836	+0.780	+0.539	+0.838	+0.408	+0.776	+0.843	+0.825	+0.833	+0.790	+0.775	+0.553	+0.452	+0.443	+0.833	+0.769	+0.769	+0.784	+0.785	+0.785	+0.767	+0.773	+0.410	+0.829	+0.596	+0.788	+0.586	+0.707	+0.929	+0.791	+0.791	+0.824	+0.824	+0.791	+0.851	+0.791	+0.410	+0.791	+0.823	+0.829	+0.388	+0.826	+0.826	+0.771	+0.421	+0.819	+0.318	+0.575	+0.541	+0.459	+0.554	+0.510	+0.475	+0.490	+0.447	+0.452	+0.476	+0.476	+0.495	+0.476	
rs4785409      +0.456	+0.465	+0.473	+0.437	+0.553	+0.443	+0.586	+0.488	+0.576	+0.578	+0.577	+0.607	+0.517	+0.541	+0.512	+0.502	+0.427	+0.734	+0.508	+0.750	+0.526	+0.494	+0.767	+0.539	+0.535	+0.405	+0.549	+0.772	+0.816	+0.558	+0.466	+0.795	+0.555	+0.463	+0.778	+0.412	+0.546	+0.849	+0.412	+0.881	+0.838	+0.781	+0.542	+0.840	+0.411	+0.778	+0.845	+0.827	+0.835	+0.791	+0.776	+0.556	+0.455	+0.446	+0.835	+0.771	+0.771	+0.785	+0.786	+0.786	+0.769	+0.775	+0.413	+0.831	+0.599	+0.789	+0.590	+0.709	+0.929	+0.792	+0.792	+0.826	+0.826	+0.792	+0.853	+0.792	+0.413	+0.792	+0.825	+0.831	+0.391	+0.828	+0.828	+0.772	+0.423	+0.821	+0.320	+0.578	+0.544	+0.461	+0.556	+0.512	+0.477	+0.492	+0.449	+0.454	+0.478	+0.478	+0.497	+0.478	
rs34582796     -0.030	-0.081	-0.358	-0.372	+0.219	-0.370	-0.203	-0.338	-0.186	-0.183	-0.188	-0.154	-0.412	-0.137	-0.219	-0.219	-0.272	+0.498	-0.169	+0.505	-0.167	-0.202	+0.549	-0.170	-0.155	+0.270	-0.148	+0.555	+0.558	-0.053	-0.308	+0.589	-0.146	-0.304	+0.565	+0.256	-0.168	+0.026	-0.250	+0.070	+0.018	+0.570	-0.170	+0.019	-0.249	-0.063	+0.028	+0.004	+0.007	+0.584	+0.563	-0.298	-0.297	-0.286	+0.015	-0.065	-0.065	+0.576	+0.578	+0.578	-0.068	-0.066	-0.251	+0.009	-0.160	+0.590	-0.149	-0.125	+0.792	+0.594	+0.594	+0.001	+0.001	+0.594	+0.030	+0.594	-0.248	+0.594	-0.002	+0.004	-0.208	-0.010	-0.015	+0.606	-0.262	-0.046	-0.470	-0.160	-0.274	-0.331	-0.164	-0.259	-0.312	-0.296	-0.345	-0.339	-0.312	-0.312	-0.289	-0.312	
rs12325247     -0.389	-0.447	-0.575	-0.634	-0.057	-0.621	-0.830	-0.530	-0.299	-0.294	-0.295	-0.244	-0.801	-0.237	-0.419	-0.435	-0.787	+0.386	-0.407	+0.394	-0.370	-0.445	+0.454	-0.342	-0.351	-0.829	-0.323	+0.463	+0.466	-0.308	-0.641	+0.509	-0.313	-0.777	+0.476	-0.835	-0.329	+0.062	-0.771	+0.111	+0.042	+0.483	-0.337	+0.047	-0.770	-0.055	+0.053	+0.023	+0.037	+0.502	+0.474	-0.576	-0.778	-0.771	+0.036	-0.071	-0.071	+0.491	+0.493	+0.494	-0.074	-0.064	-0.773	+0.029	-0.951	+0.507	-0.946	-0.184	+0.755	+0.513	+0.512	+0.020	+0.020	+0.512	+0.052	+0.513	-0.762	+0.513	+0.017	+0.028	-0.729	+0.006	+0.004	+0.510	-0.818	-0.037	-0.893	-0.727	-0.875	-0.864	-0.658	-0.792	-0.844	-0.825	-0.879	-0.872	-0.843	-0.842	-0.822	-0.843	
rs7205089      +0.491	+0.502	+0.506	+0.470	+0.586	+0.476	+0.622	+0.520	+0.608	+0.610	+0.608	+0.638	+0.560	+0.570	+0.544	+0.535	+0.468	+0.766	+0.540	+0.783	+0.558	+0.526	+0.790	+0.571	+0.567	+0.447	+0.581	+0.795	+0.795	+0.589	+0.509	+0.853	+0.587	+0.505	+0.799	+0.454	+0.577	+0.880	+0.453	+0.912	+0.869	+0.800	+0.573	+0.872	+0.452	+0.810	+0.876	+0.858	+0.866	+0.807	+0.797	+0.589	+0.498	+0.488	+0.867	+0.802	+0.802	+0.802	+0.803	+0.804	+0.800	+0.806	+0.454	+0.863	+0.648	+0.805	+0.638	+0.740	+0.931	+0.807	+0.807	+0.857	+0.857	+0.806	+0.884	+0.807	+0.454	+0.807	+0.856	+0.862	+0.432	+0.859	+0.859	+0.788	+0.464	+0.852	+0.354	+0.611	+0.580	+0.495	+0.589	+0.546	+0.511	+0.526	+0.483	+0.489	+0.512	+0.512	+0.531	+0.512	
rs34222100     -0.033	-0.084	-0.361	-0.375	+0.216	-0.373	-0.206	-0.341	-0.188	-0.185	-0.190	-0.156	-0.417	-0.139	-0.222	-0.224	-0.277	+0.496	-0.177	+0.502	-0.174	-0.208	+0.547	-0.175	-0.161	+0.262	-0.153	+0.553	+0.555	-0.146	-0.313	+0.587	-0.057	-0.310	+0.563	+0.248	-0.171	+0.026	-0.255	+0.070	+0.018	+0.568	-0.174	+0.019	-0.254	-0.063	+0.028	+0.004	+0.007	+0.582	+0.561	-0.301	-0.302	-0.291	+0.015	-0.066	-0.066	+0.573	+0.575	+0.576	-0.068	-0.067	-0.257	+0.009	-0.165	+0.588	-0.155	-0.126	+0.790	+0.592	+0.591	+0.001	+0.001	+0.591	+0.031	+0.592	-0.253	+0.592	-0.002	+0.004	-0.213	-0.010	-0.015	+0.604	-0.267	-0.047	-0.474	-0.164	-0.278	-0.334	-0.167	-0.263	-0.316	-0.299	-0.348	-0.342	-0.315	-0.315	-0.293	-0.315	
rs4467073      -0.390	-0.448	-0.573	-0.631	-0.058	-0.619	-0.829	-0.527	-0.295	-0.290	-0.291	-0.240	-0.797	-0.234	-0.416	-0.432	-0.789	+0.383	-0.404	+0.391	-0.367	-0.442	+0.451	-0.338	-0.347	-0.830	-0.320	+0.460	+0.463	-0.304	-0.777	+0.505	-0.310	-0.641	+0.473	-0.837	-0.325	+0.066	-0.772	+0.115	+0.046	+0.480	-0.333	+0.051	-0.771	-0.051	+0.057	+0.027	+0.041	+0.499	+0.471	-0.574	-0.777	-0.770	+0.040	-0.067	-0.067	+0.487	+0.490	+0.490	-0.071	-0.060	-0.773	+0.033	-0.952	+0.504	-0.947	-0.181	+0.751	+0.510	+0.509	+0.024	+0.024	+0.509	+0.056	+0.510	-0.763	+0.509	+0.021	+0.032	-0.731	+0.010	+0.008	+0.507	-0.818	-0.033	-0.891	-0.726	-0.874	-0.863	-0.658	-0.791	-0.843	-0.825	-0.878	-0.872	-0.842	-0.842	-0.821	-0.842	
rs7194251      +0.464	+0.474	+0.481	+0.445	+0.561	+0.451	+0.595	+0.496	+0.584	+0.586	+0.584	+0.614	+0.527	+0.548	+0.519	+0.510	+0.437	+0.741	+0.516	+0.756	+0.533	+0.502	+0.771	+0.546	+0.543	+0.415	+0.557	+0.777	+0.778	+0.565	+0.476	+0.799	+0.563	+0.473	+0.825	+0.422	+0.553	+0.857	+0.422	+0.888	+0.845	+0.786	+0.549	+0.848	+0.421	+0.786	+0.853	+0.834	+0.842	+0.795	+0.781	+0.563	+0.465	+0.456	+0.843	+0.778	+0.778	+0.789	+0.790	+0.791	+0.776	+0.782	+0.423	+0.839	+0.611	+0.793	+0.601	+0.717	+0.930	+0.796	+0.796	+0.833	+0.833	+0.796	+0.860	+0.796	+0.423	+0.796	+0.832	+0.838	+0.401	+0.835	+0.835	+0.776	+0.433	+0.828	+0.328	+0.585	+0.552	+0.469	+0.564	+0.520	+0.485	+0.500	+0.457	+0.462	+0.486	+0.486	+0.505	+0.486	
rs9939430      -0.372	-0.427	-0.194	-0.271	-0.079	-0.255	-0.720	-0.117	+0.235	+0.242	+0.247	+0.310	-0.780	-0.222	+0.074	+0.061	-0.863	+0.332	+0.107	+0.340	+0.163	+0.045	+0.400	+0.214	+0.194	-0.646	+0.233	+0.409	+0.412	+0.256	-0.835	+0.454	+0.248	-0.837	+0.422	-0.516	+0.233	+0.671	-0.860	+0.732	+0.636	+0.429	+0.222	+0.646	-0.860	+0.506	+0.650	+0.612	+0.639	+0.447	+0.419	-0.277	-0.841	-0.845	+0.629	+0.472	+0.472	+0.436	+0.438	+0.439	+0.468	+0.490	-0.859	+0.619	-0.768	+0.453	-0.770	+0.256	+0.696	+0.459	+0.458	+0.606	+0.605	+0.458	+0.638	+0.459	-0.859	+0.458	+0.601	+0.619	-0.864	+0.585	+0.584	+0.458	-0.856	+0.514	-0.816	-0.620	-0.753	-0.742	-0.554	-0.690	-0.721	-0.702	-0.757	-0.750	-0.720	-0.720	-0.716	-0.720	
rs4347626      -0.042	-0.095	-0.372	-0.390	+0.206	-0.387	-0.223	-0.351	-0.200	-0.197	-0.196	-0.166	-0.433	-0.149	-0.243	-0.239	-0.293	+0.488	-0.209	+0.493	-0.199	-0.235	+0.538	-0.175	-0.188	+0.246	-0.176	+0.543	+0.546	-0.168	-0.329	+0.577	-0.171	-0.325	+0.553	+0.233	-0.073	+0.032	-0.270	+0.075	+0.017	+0.558	-0.168	+0.020	-0.269	-0.062	+0.026	+0.002	+0.012	+0.572	+0.551	-0.314	-0.317	-0.306	+0.013	-0.070	-0.070	+0.564	+0.566	+0.566	-0.072	-0.066	-0.272	+0.007	-0.178	+0.578	-0.168	-0.132	+0.781	+0.582	+0.582	-0.001	-0.002	+0.582	+0.028	+0.582	-0.269	+0.582	-0.004	+0.004	-0.229	-0.013	-0.016	+0.594	-0.282	-0.050	-0.489	-0.181	-0.293	-0.350	-0.183	-0.278	-0.332	-0.315	-0.364	-0.358	-0.331	-0.331	-0.307	-0.331	
rs4595801      +0.273	+0.219	-0.085	-0.090	+0.517	-0.090	+0.180	-0.073	+0.008	+0.009	+0.010	+0.017	-0.058	+0.062	+0.011	+0.019	+0.095	+0.795	+0.030	+0.798	+0.027	+0.023	+0.842	+0.031	+0.027	+0.683	+0.026	+0.847	+0.849	+0.026	+0.062	+0.880	+0.026	+0.066	+0.857	+0.671	+0.032	+0.306	+0.127	+0.261	+0.224	+0.862	+0.033	+0.230	+0.128	+0.194	+0.228	+0.217	+0.234	+0.876	+0.855	+0.073	+0.074	+0.087	+0.221	+0.172	+0.172	+0.867	+0.869	+0.869	+0.172	+0.182	+0.125	+0.219	+0.568	+0.881	+0.584	+0.091	+1.083	+0.885	+0.885	+0.214	+0.214	+0.884	+0.214	+0.885	+0.127	+0.885	+0.213	+0.221	+0.170	+0.204	+0.204	+0.898	+0.109	+0.169	-0.157	+0.155	+0.094	+0.012	+0.171	+0.064	+0.032	+0.049	-0.003	+0.003	+0.032	+0.032	+0.035	+0.032	
rs13339322     -0.398	-0.455	-0.523	-0.583	-0.083	-0.571	-0.816	-0.474	-0.243	-0.238	-0.238	-0.186	-0.740	-0.195	-0.366	-0.382	-0.812	+0.334	-0.353	+0.342	-0.315	-0.392	+0.400	-0.285	-0.294	-0.854	-0.266	+0.409	+0.412	-0.250	-0.771	+0.453	-0.255	-0.772	+0.422	-0.860	-0.270	+0.127	-0.624	+0.178	+0.106	+0.429	-0.278	+0.111	-0.758	+0.015	+0.118	+0.087	+0.102	+0.447	+0.419	-0.538	-0.776	-0.781	+0.100	+0.008	+0.008	+0.436	+0.438	+0.439	+0.005	+0.017	-0.759	+0.093	-0.954	+0.452	-0.950	-0.118	+0.694	+0.458	+0.457	+0.084	+0.083	+0.457	+0.116	+0.458	-0.798	+0.457	+0.080	+0.092	-0.789	+0.069	+0.067	+0.457	-0.826	+0.024	-0.860	-0.712	-0.862	-0.848	-0.640	-0.773	-0.828	-0.809	-0.863	-0.856	-0.827	-0.826	-0.802	-0.827	
rs9930290      +0.306	+0.253	-0.047	-0.049	+0.550	-0.049	+0.224	-0.035	+0.047	+0.047	+0.048	+0.053	-0.011	+0.090	+0.057	+0.069	+0.145	+0.823	+0.080	+0.829	+0.074	+0.072	+0.873	+0.074	+0.074	+0.745	+0.071	+0.879	+0.881	+0.070	+0.111	+0.912	+0.070	+0.115	+0.888	+0.732	+0.075	+0.261	+0.178	+0.348	+0.256	+0.893	+0.076	+0.251	+0.179	+0.229	+0.259	+0.253	+0.256	+0.907	+0.886	+0.122	+0.124	+0.137	+0.256	+0.215	+0.215	+0.899	+0.900	+0.901	+0.215	+0.216	+0.176	+0.254	+0.631	+0.912	+0.647	+0.124	+1.113	+0.916	+0.916	+0.252	+0.252	+0.916	+0.240	+0.916	+0.178	+0.916	+0.251	+0.246	+0.221	+0.240	+0.233	+0.930	+0.159	+0.198	-0.117	+0.196	+0.137	+0.052	+0.211	+0.103	+0.072	+0.089	+0.037	+0.044	+0.072	+0.072	+0.074	+0.072	
rs8059133      +0.259	+0.208	-0.095	-0.099	+0.507	-0.099	+0.170	-0.083	+0.000	+0.001	-0.000	+0.010	-0.075	+0.055	+0.003	+0.007	+0.075	+0.780	+0.023	+0.787	+0.019	+0.015	+0.830	+0.016	+0.020	+0.648	+0.018	+0.836	+0.838	+0.018	+0.042	+0.869	+0.018	+0.046	+0.845	+0.636	+0.017	+0.224	+0.106	+0.256	+0.294	+0.850	+0.017	+0.226	+0.107	+0.173	+0.236	+0.224	+0.213	+0.864	+0.844	+0.063	+0.054	+0.067	+0.228	+0.172	+0.172	+0.856	+0.858	+0.858	+0.172	+0.164	+0.105	+0.225	+0.533	+0.870	+0.549	+0.085	+1.071	+0.874	+0.873	+0.220	+0.220	+0.873	+0.216	+0.874	+0.106	+0.874	+0.219	+0.216	+0.148	+0.206	+0.198	+0.887	+0.090	+0.162	-0.167	+0.147	+0.082	+0.003	+0.162	+0.053	+0.023	+0.040	-0.012	-0.006	+0.023	+0.023	+0.024	+0.023	
rs111428776    +0.470	+0.480	+0.487	+0.451	+0.566	+0.457	+0.601	+0.501	+0.589	+0.591	+0.590	+0.619	+0.534	+0.553	+0.525	+0.516	+0.444	+0.745	+0.521	+0.761	+0.539	+0.507	+0.774	+0.552	+0.548	+0.422	+0.562	+0.780	+0.781	+0.570	+0.483	+0.800	+0.568	+0.480	+0.786	+0.429	+0.558	+0.862	+0.429	+0.893	+0.850	+0.831	+0.554	+0.853	+0.428	+0.791	+0.858	+0.839	+0.847	+0.798	+0.785	+0.569	+0.473	+0.463	+0.848	+0.783	+0.783	+0.793	+0.794	+0.794	+0.781	+0.787	+0.429	+0.844	+0.619	+0.796	+0.610	+0.722	+0.930	+0.799	+0.799	+0.838	+0.838	+0.799	+0.866	+0.799	+0.430	+0.799	+0.837	+0.843	+0.408	+0.841	+0.840	+0.779	+0.440	+0.833	+0.334	+0.591	+0.558	+0.475	+0.569	+0.526	+0.491	+0.506	+0.463	+0.468	+0.492	+0.492	+0.511	+0.492	
rs11639573     -0.046	-0.099	-0.376	-0.395	+0.201	-0.392	-0.229	-0.355	-0.203	-0.200	-0.199	-0.168	-0.440	-0.152	-0.249	-0.245	-0.301	+0.484	-0.216	+0.489	-0.204	-0.241	+0.534	-0.180	-0.193	+0.234	-0.180	+0.539	+0.542	-0.170	-0.337	+0.573	-0.174	-0.333	+0.549	+0.222	-0.168	+0.033	-0.278	+0.076	+0.017	+0.554	-0.079	+0.021	-0.277	-0.062	+0.027	+0.002	+0.013	+0.568	+0.547	-0.319	-0.325	-0.314	+0.013	-0.070	-0.070	+0.560	+0.562	+0.562	-0.073	-0.066	-0.280	+0.007	-0.186	+0.574	-0.176	-0.134	+0.777	+0.578	+0.578	-0.001	-0.001	+0.578	+0.028	+0.578	-0.277	+0.578	-0.004	+0.005	-0.237	-0.013	-0.016	+0.590	-0.290	-0.050	-0.495	-0.186	-0.299	-0.356	-0.188	-0.283	-0.337	-0.321	-0.370	-0.364	-0.337	-0.337	-0.313	-0.337	
rs11644259     +0.261	+0.211	-0.093	-0.098	+0.508	-0.098	+0.172	-0.081	+0.001	+0.001	+0.001	+0.010	-0.071	+0.056	+0.003	+0.007	+0.080	+0.786	+0.022	+0.789	+0.019	+0.015	+0.833	+0.019	+0.020	+0.657	+0.019	+0.838	+0.840	+0.019	+0.047	+0.872	+0.019	+0.051	+0.848	+0.646	+0.020	+0.230	+0.111	+0.251	+0.226	+0.853	+0.021	+0.296	+0.112	+0.178	+0.230	+0.219	+0.219	+0.867	+0.846	+0.064	+0.059	+0.072	+0.223	+0.170	+0.170	+0.858	+0.860	+0.860	+0.169	+0.169	+0.110	+0.220	+0.543	+0.872	+0.559	+0.086	+1.074	+0.876	+0.876	+0.215	+0.215	+0.876	+0.213	+0.876	+0.112	+0.876	+0.214	+0.223	+0.154	+0.203	+0.203	+0.889	+0.095	+0.164	-0.165	+0.146	+0.083	+0.003	+0.162	+0.054	+0.023	+0.040	-0.012	-0.005	+0.023	+0.023	+0.025	+0.023	
rs56006163     -0.398	-0.455	-0.522	-0.583	-0.084	-0.570	-0.815	-0.473	-0.242	-0.237	-0.237	-0.185	-0.739	-0.194	-0.365	-0.381	-0.812	+0.333	-0.352	+0.341	-0.314	-0.392	+0.400	-0.284	-0.293	-0.855	-0.265	+0.408	+0.411	-0.249	-0.770	+0.452	-0.254	-0.771	+0.421	-0.860	-0.269	+0.128	-0.758	+0.179	+0.107	+0.428	-0.277	+0.112	-0.623	+0.017	+0.119	+0.088	+0.103	+0.446	+0.419	-0.537	-0.775	-0.781	+0.101	+0.009	+0.009	+0.435	+0.438	+0.438	+0.006	+0.018	-0.759	+0.094	-0.954	+0.452	-0.950	-0.117	+0.693	+0.457	+0.456	+0.085	+0.084	+0.456	+0.117	+0.457	-0.798	+0.457	+0.081	+0.093	-0.789	+0.070	+0.068	+0.456	-0.826	+0.025	-0.860	-0.711	-0.862	-0.848	-0.640	-0.773	-0.827	-0.809	-0.863	-0.856	-0.826	-0.826	-0.802	-0.826	
rs11644386     +0.199	+0.145	-0.162	-0.171	+0.444	-0.171	+0.099	-0.150	-0.070	-0.069	-0.069	-0.056	-0.166	+0.006	-0.084	-0.080	-0.022	+0.724	-0.071	+0.726	-0.070	-0.079	+0.771	-0.064	-0.067	+0.517	-0.065	+0.776	+0.778	-0.063	-0.055	+0.810	-0.063	-0.051	+0.786	+0.506	-0.062	+0.194	+0.015	+0.229	+0.173	+0.791	-0.062	+0.178	+0.017	+0.215	+0.180	+0.160	+0.176	+0.805	+0.784	-0.029	-0.042	-0.031	+0.169	+0.113	+0.113	+0.796	+0.798	+0.798	+0.112	+0.122	+0.014	+0.164	+0.406	+0.810	+0.420	+0.034	+1.013	+0.814	+0.814	+0.157	+0.157	+0.814	+0.170	+0.814	+0.007	+0.814	+0.155	+0.164	+0.048	+0.145	+0.144	+0.827	-0.008	+0.107	-0.241	+0.065	+0.003	-0.075	+0.086	-0.018	-0.056	-0.039	-0.090	-0.083	-0.055	-0.055	-0.047	-0.055	
rs9937923      +0.266	+0.216	-0.087	-0.090	+0.514	-0.090	+0.181	-0.075	+0.009	+0.009	+0.008	+0.017	-0.065	+0.062	+0.013	+0.016	+0.086	+0.788	+0.033	+0.794	+0.029	+0.025	+0.838	+0.025	+0.030	+0.662	+0.028	+0.843	+0.845	+0.028	+0.053	+0.876	+0.028	+0.057	+0.853	+0.650	+0.026	+0.228	+0.118	+0.259	+0.236	+0.858	+0.027	+0.230	+0.119	+0.180	+0.304	+0.230	+0.218	+0.872	+0.851	+0.074	+0.066	+0.078	+0.235	+0.181	+0.181	+0.863	+0.865	+0.865	+0.181	+0.171	+0.116	+0.232	+0.548	+0.877	+0.564	+0.092	+1.078	+0.881	+0.880	+0.228	+0.228	+0.880	+0.221	+0.881	+0.118	+0.881	+0.227	+0.223	+0.160	+0.213	+0.206	+0.894	+0.101	+0.169	-0.158	+0.156	+0.091	+0.012	+0.171	+0.061	+0.032	+0.049	-0.004	+0.003	+0.032	+0.032	+0.033	+0.032	
rs28633835     +0.247	+0.197	-0.108	-0.113	+0.495	-0.113	+0.155	-0.097	-0.013	-0.012	-0.013	-0.003	-0.093	+0.046	-0.013	-0.010	+0.056	+0.769	+0.006	+0.775	+0.003	-0.002	+0.819	+0.000	+0.004	+0.624	+0.003	+0.825	+0.827	+0.004	+0.023	+0.858	+0.004	+0.027	+0.834	+0.612	+0.002	+0.217	+0.087	+0.253	+0.224	+0.839	+0.002	+0.219	+0.088	+0.160	+0.230	+0.280	+0.206	+0.853	+0.833	+0.047	+0.036	+0.048	+0.221	+0.160	+0.160	+0.845	+0.847	+0.847	+0.159	+0.152	+0.086	+0.217	+0.510	+0.858	+0.525	+0.075	+1.060	+0.862	+0.862	+0.212	+0.212	+0.862	+0.210	+0.863	+0.087	+0.863	+0.210	+0.208	+0.129	+0.197	+0.189	+0.876	+0.071	+0.152	-0.181	+0.133	+0.067	-0.011	+0.149	+0.039	+0.009	+0.026	-0.026	-0.020	+0.009	+0.009	+0.010	+0.009	
rs4494538      +0.257	+0.204	-0.102	-0.108	+0.502	-0.108	+0.161	-0.090	-0.009	-0.008	-0.007	+0.001	-0.081	+0.050	-0.010	-0.002	+0.071	+0.781	+0.009	+0.783	+0.006	+0.001	+0.827	+0.011	+0.007	+0.651	+0.007	+0.833	+0.835	+0.007	+0.037	+0.866	+0.007	+0.041	+0.842	+0.639	+0.012	+0.234	+0.102	+0.256	+0.213	+0.847	+0.013	+0.219	+0.103	+0.176	+0.218	+0.206	+0.286	+0.861	+0.840	+0.051	+0.050	+0.063	+0.211	+0.157	+0.157	+0.853	+0.855	+0.855	+0.156	+0.166	+0.101	+0.207	+0.537	+0.866	+0.553	+0.078	+1.069	+0.870	+0.870	+0.203	+0.203	+0.870	+0.205	+0.870	+0.103	+0.870	+0.201	+0.210	+0.145	+0.192	+0.192	+0.884	+0.085	+0.155	-0.175	+0.137	+0.075	-0.006	+0.154	+0.046	+0.014	+0.031	-0.021	-0.015	+0.014	+0.014	+0.017	+0.014	
rs12596309     +0.485	+0.496	+0.501	+0.465	+0.581	+0.471	+0.616	+0.516	+0.603	+0.605	+0.604	+0.633	+0.553	+0.566	+0.539	+0.530	+0.462	+0.759	+0.536	+0.775	+0.553	+0.521	+0.784	+0.566	+0.562	+0.441	+0.576	+0.790	+0.791	+0.584	+0.502	+0.807	+0.582	+0.499	+0.795	+0.447	+0.572	+0.876	+0.447	+0.907	+0.864	+0.798	+0.568	+0.867	+0.446	+0.805	+0.872	+0.853	+0.861	+0.848	+0.794	+0.584	+0.491	+0.482	+0.862	+0.797	+0.797	+0.801	+0.802	+0.802	+0.795	+0.801	+0.448	+0.858	+0.641	+0.803	+0.631	+0.736	+0.931	+0.806	+0.805	+0.852	+0.852	+0.805	+0.879	+0.806	+0.448	+0.806	+0.851	+0.857	+0.426	+0.854	+0.854	+0.786	+0.459	+0.847	+0.349	+0.606	+0.574	+0.490	+0.584	+0.541	+0.506	+0.521	+0.478	+0.483	+0.507	+0.507	+0.526	+0.507	
rs72786280     +0.462	+0.472	+0.480	+0.444	+0.559	+0.450	+0.593	+0.494	+0.582	+0.584	+0.583	+0.613	+0.525	+0.547	+0.518	+0.508	+0.434	+0.738	+0.514	+0.752	+0.532	+0.500	+0.769	+0.545	+0.541	+0.413	+0.555	+0.775	+0.776	+0.563	+0.474	+0.797	+0.561	+0.471	+0.781	+0.419	+0.551	+0.855	+0.419	+0.886	+0.844	+0.785	+0.547	+0.846	+0.419	+0.784	+0.851	+0.833	+0.840	+0.794	+0.823	+0.562	+0.463	+0.453	+0.841	+0.776	+0.776	+0.789	+0.790	+0.790	+0.774	+0.780	+0.420	+0.837	+0.608	+0.793	+0.599	+0.715	+0.930	+0.796	+0.796	+0.832	+0.831	+0.796	+0.859	+0.796	+0.421	+0.796	+0.830	+0.837	+0.399	+0.834	+0.833	+0.776	+0.431	+0.827	+0.327	+0.584	+0.551	+0.467	+0.562	+0.519	+0.483	+0.499	+0.455	+0.461	+0.484	+0.484	+0.504	+0.484	
rs72786282     -0.061	-0.116	-0.427	-0.461	+0.198	-0.455	-0.292	-0.405	-0.277	-0.273	-0.277	-0.240	-0.631	-0.154	-0.356	-0.369	-0.539	+0.494	-0.356	+0.501	-0.335	-0.374	+0.547	-0.322	-0.324	-0.269	-0.308	+0.553	+0.556	-0.298	-0.576	+0.589	-0.301	-0.574	+0.563	-0.277	-0.314	+0.073	-0.538	+0.122	+0.063	+0.569	-0.319	+0.064	-0.537	-0.029	+0.074	+0.047	+0.051	+0.584	+0.562	-0.161	-0.569	-0.562	+0.059	-0.031	-0.031	+0.575	+0.577	+0.577	-0.034	-0.032	-0.539	+0.053	-0.369	+0.590	-0.360	-0.100	+0.798	+0.594	+0.594	+0.045	+0.044	+0.594	+0.075	+0.594	-0.536	+0.594	+0.042	+0.048	-0.506	+0.032	+0.026	+0.606	-0.536	-0.013	-0.583	-0.284	-0.372	-0.426	-0.261	-0.382	-0.405	-0.387	-0.441	-0.434	-0.404	-0.404	-0.411	-0.404	
rs4643314      -0.391	-0.449	-0.567	-0.625	-0.062	-0.613	-0.828	-0.521	-0.288	-0.283	-0.284	-0.232	-0.788	-0.229	-0.409	-0.425	-0.795	+0.375	-0.397	+0.383	-0.360	-0.435	+0.443	-0.331	-0.340	-0.835	-0.313	+0.452	+0.455	-0.297	-0.778	+0.498	-0.302	-0.777	+0.465	-0.841	-0.317	+0.074	-0.776	+0.124	+0.054	+0.473	-0.325	+0.059	-0.775	-0.042	+0.066	+0.036	+0.050	+0.491	+0.463	-0.569	-0.638	-0.771	+0.049	-0.059	-0.059	+0.480	+0.483	+0.483	-0.062	-0.051	-0.777	+0.042	-0.952	+0.497	-0.947	-0.174	+0.743	+0.502	+0.502	+0.033	+0.032	+0.501	+0.065	+0.502	-0.768	+0.502	+0.029	+0.041	-0.739	+0.019	+0.017	+0.500	-0.818	-0.025	-0.887	-0.725	-0.873	-0.862	-0.656	-0.789	-0.841	-0.823	-0.877	-0.870	-0.840	-0.840	-0.818	-0.840	
rs9924797      -0.393	-0.450	-0.559	-0.618	-0.067	-0.605	-0.825	-0.512	-0.277	-0.272	-0.273	-0.222	-0.774	-0.220	-0.399	-0.415	-0.799	+0.366	-0.387	+0.374	-0.349	-0.425	+0.434	-0.320	-0.329	-0.839	-0.301	+0.443	+0.446	-0.286	-0.771	+0.488	-0.291	-0.770	+0.456	-0.845	-0.306	+0.087	-0.781	+0.137	+0.067	+0.463	-0.314	+0.072	-0.781	-0.031	+0.078	+0.048	+0.063	+0.482	+0.453	-0.562	-0.771	-0.635	+0.061	-0.048	-0.048	+0.470	+0.473	+0.473	-0.051	-0.040	-0.782	+0.054	-0.953	+0.487	-0.948	-0.165	+0.732	+0.492	+0.492	+0.045	+0.044	+0.492	+0.077	+0.492	-0.774	+0.492	+0.041	+0.053	-0.750	+0.031	+0.029	+0.490	-0.819	-0.013	-0.881	-0.722	-0.871	-0.859	-0.653	-0.785	-0.838	-0.820	-0.874	-0.867	-0.837	-0.837	-0.815	-0.837	
rs147750632    +0.256	+0.206	-0.099	-0.102	+0.504	-0.102	+0.167	-0.087	-0.003	-0.002	-0.004	+0.006	-0.080	+0.053	-0.001	+0.002	+0.069	+0.778	+0.018	+0.784	+0.015	+0.010	+0.828	+0.011	+0.015	+0.640	+0.015	+0.833	+0.835	+0.015	+0.036	+0.867	+0.015	+0.040	+0.843	+0.629	+0.013	+0.221	+0.100	+0.256	+0.228	+0.848	+0.013	+0.223	+0.101	+0.169	+0.235	+0.221	+0.211	+0.862	+0.841	+0.059	+0.049	+0.061	+0.291	+0.170	+0.170	+0.853	+0.855	+0.855	+0.169	+0.161	+0.099	+0.225	+0.527	+0.867	+0.543	+0.083	+1.068	+0.871	+0.871	+0.220	+0.220	+0.871	+0.215	+0.871	+0.101	+0.871	+0.219	+0.216	+0.143	+0.205	+0.197	+0.884	+0.085	+0.160	-0.171	+0.143	+0.078	-0.001	+0.159	+0.050	+0.019	+0.037	-0.016	-0.009	+0.020	+0.020	+0.021	+0.020	
