## Summary of overall evidence for association with region:
## log10(BF for region) = -0.543752
## p-value for region = NA

## BFs for choosing among multi-SNP models:
## log10(average 1-SNP BF) = -0.47171
## log10(average 2-SNP BF) = -0.738166

## Example posterior probabilities for multi-SNP models, based on default prior: [p(l) propto 0.5^l for l=1,2,...,L]
## posterior probability of 1-SNP = 0.786958
## posterior probability of 2-SNP = 0.213042

## log10(BF) for single SNP and pair of SNPs:
rs730819       -0.635	-0.971	-0.896	-0.947	-0.879	-0.782	-0.796	-0.889	-0.809	-1.083	-0.967	-0.811	-0.965	-0.804	-0.970	-0.787	-0.813	-0.861	-0.954	-0.964	-0.778	-0.866	-0.905	-0.866	-0.866	-0.894	-0.804	-0.781	-0.784	-0.728	-0.781	-0.892	-0.869	-0.914	-0.866	-0.885	-0.961	-0.956	-0.824	-0.913	-0.919	-0.919	-0.781	-0.820	-0.969	-0.896	-0.780	-0.936	-0.969	-0.940	-0.963	-0.897	-0.942	-0.920	-0.853	-0.853	-0.973	-0.849	-0.946	-0.828	-0.751	-0.951	-0.747	-0.767	-0.761	-0.901	-0.817	-0.747	-0.881	-0.889	-0.772	-0.781	-0.830	-0.967	-0.816	-0.714	-0.856	-0.707	-0.810	-0.969	-0.780	-0.780	-0.761	-0.834	-0.973	-0.780	-0.789	-0.797	-0.790	-0.797	-0.797	-0.797	-0.803	-0.981	-0.981	-0.981	-0.981	-0.812	-0.804	-0.990	-0.822	-1.076	-0.712	-0.883	-0.855	-0.672	-0.798	-0.815	-0.816	-0.815	-0.965	-1.068	-1.000	-0.764	-0.818	-1.000	-0.874	-1.041	-0.994	-0.786	-0.709	-0.800	-0.938	-0.715	-0.715	-0.777	-0.805	-0.561	-0.696	-0.777	-0.644	-0.758	-0.684	-0.792	-1.019	-0.789	-0.592	-0.640	-0.952	-0.645	-0.649	-0.656	-0.997	-0.543	-0.662	-0.652	-0.575	-0.760	-0.653	-0.650	-0.650	-0.828	-0.547	-0.663	-0.784	-0.905	-0.998	-0.977	-0.684	-1.009	-0.983	-1.010	-1.009	-0.964	-0.964	-0.755	-0.942	-0.973	-1.035	-0.978	-1.040	-0.943	-0.899	-0.974	-0.748	-0.969	
rs677344       -0.971	-0.659	-0.899	-0.794	-0.880	-0.780	-0.795	-0.892	-0.811	-1.046	-0.823	-0.813	-0.822	-0.802	-0.825	-0.786	-0.815	-0.810	-0.826	-0.835	-0.776	-0.820	-1.053	-0.820	-0.821	-0.897	-0.808	-0.779	-0.782	-0.723	-0.779	-0.895	-0.825	-1.047	-0.866	-0.842	-0.834	-0.842	-0.824	-0.872	-1.043	-1.043	-0.778	-0.824	-0.927	-0.853	-0.777	-1.003	-0.829	-1.005	-0.843	-0.855	-1.006	-1.043	-0.852	-0.852	-0.830	-0.847	-0.849	-0.783	-0.699	-0.964	-0.691	-0.705	-0.695	-0.793	-0.818	-0.694	-0.762	-0.774	-0.770	-0.779	-1.051	-0.985	-0.819	-0.630	-0.859	-0.621	-0.807	-1.059	-0.778	-0.778	-1.031	-0.835	-0.993	-0.781	-0.788	-0.796	-0.677	-0.796	-0.796	-0.796	-0.803	-1.004	-1.004	-1.005	-1.005	-0.813	-0.803	-1.019	-0.824	-1.052	-0.643	-0.889	-0.746	-0.610	-0.806	-0.816	-0.817	-0.696	-1.048	-1.045	-1.042	-0.762	-0.819	-1.052	-0.879	-1.029	-1.056	-0.677	-0.563	-0.675	-1.003	-0.574	-0.574	-0.680	-0.705	-0.305	-0.564	-0.680	-0.639	-0.623	-0.540	-0.662	-1.008	-0.684	-0.392	-0.436	-1.012	-0.488	-0.455	-0.510	-1.057	-0.329	-0.519	-0.469	-0.396	-0.936	-0.481	-0.506	-0.506	-0.830	-0.349	-0.497	-0.940	-0.977	-0.998	-0.978	-0.580	-1.056	-1.027	-1.052	-1.050	-1.010	-1.010	-0.801	-1.003	-1.022	-1.047	-1.025	-1.053	-1.004	-0.938	-1.022	-0.680	-1.019	
rs555414       -0.896	-0.899	-0.401	-0.902	-0.760	-0.469	-0.488	-0.767	-0.522	-0.860	-0.900	-0.524	-0.901	-0.488	-0.900	-0.477	-0.527	-0.879	-0.901	-0.900	-0.466	-0.879	-0.905	-0.879	-0.879	-0.770	-0.528	-0.469	-0.474	-0.397	-0.470	-0.768	-0.880	-0.907	-0.749	-0.885	-0.901	-0.903	-0.520	-0.892	-0.907	-0.907	-0.470	-0.538	-0.898	-0.888	-0.469	-0.783	-0.900	-0.786	-0.902	-0.889	-0.787	-0.907	-0.740	-0.740	-0.899	-0.737	-0.900	-0.859	-0.832	-0.808	-0.830	-0.837	-0.833	-0.894	-0.523	-0.830	-0.889	-0.892	-0.463	-0.475	-0.879	-0.821	-0.534	-0.812	-0.551	-0.812	-0.511	-0.861	-0.474	-0.476	-0.891	-0.537	-0.826	-0.507	-0.489	-0.499	-0.836	-0.500	-0.500	-0.500	-0.510	-0.832	-0.832	-0.832	-0.833	-0.524	-0.519	-0.841	-0.538	-0.868	-0.811	-0.585	-0.883	-0.797	-0.548	-0.534	-0.537	-0.870	-0.879	-0.868	-0.852	-0.479	-0.540	-0.854	-0.588	-0.870	-0.853	-0.863	-0.838	-0.866	-0.782	-0.840	-0.840	-0.847	-0.870	-0.785	-0.835	-0.861	-0.366	-0.853	-0.831	-0.864	-0.859	-0.865	-0.796	-0.813	-0.792	-0.817	-0.817	-0.821	-0.854	-0.780	-0.823	-0.817	-0.784	-0.731	-0.817	-0.818	-0.818	-0.559	-0.779	-0.820	-0.741	-0.753	-0.856	-0.845	-0.816	-0.857	-0.810	-0.856	-0.855	-0.791	-0.791	-0.587	-0.780	-0.804	-0.826	-0.807	-0.831	-0.782	-0.718	-0.804	-0.839	-0.800	
rs628248       -0.947	-0.794	-0.902	-0.655	-0.859	-0.784	-0.799	-0.871	-0.814	-1.038	-0.796	-0.816	-0.799	-0.807	-0.792	-0.790	-0.818	-0.838	-0.821	-0.818	-0.780	-0.847	-1.043	-0.847	-0.847	-0.877	-0.810	-0.783	-0.787	-0.729	-0.783	-0.875	-0.850	-1.035	-0.843	-0.865	-0.823	-0.832	-0.828	-0.888	-1.030	-1.030	-0.783	-0.827	-0.932	-0.874	-0.782	-1.003	-0.802	-1.005	-0.826	-0.875	-1.007	-1.030	-0.828	-0.828	-0.797	-0.824	-0.852	-0.815	-0.740	-0.948	-0.732	-0.746	-0.736	-0.821	-0.822	-0.735	-0.797	-0.806	-0.774	-0.783	-1.050	-0.971	-0.822	-0.678	-0.861	-0.670	-0.812	-1.060	-0.782	-0.783	-1.023	-0.839	-0.979	-0.785	-0.792	-0.800	-0.721	-0.800	-0.800	-0.801	-0.807	-0.991	-0.991	-0.991	-0.992	-0.817	-0.807	-1.007	-0.827	-1.048	-0.688	-0.890	-0.785	-0.658	-0.808	-0.819	-0.821	-0.742	-1.041	-1.042	-1.032	-0.766	-0.823	-1.044	-0.881	-1.032	-1.050	-0.725	-0.625	-0.724	-1.003	-0.635	-0.636	-0.725	-0.753	-0.395	-0.626	-0.727	-0.645	-0.679	-0.604	-0.714	-1.013	-0.732	-0.471	-0.513	-1.012	-0.558	-0.531	-0.577	-1.050	-0.414	-0.586	-0.542	-0.473	-0.945	-0.553	-0.573	-0.573	-0.833	-0.431	-0.566	-0.949	-0.979	-1.004	-0.986	-0.635	-1.048	-1.025	-1.043	-1.041	-1.009	-1.009	-0.804	-1.003	-1.021	-1.041	-1.023	-1.047	-1.005	-0.938	-1.021	-0.725	-1.018	
rs6138921      -0.879	-0.880	-0.760	-0.859	-0.469	-0.653	-0.666	-0.601	-0.676	-0.753	-0.875	-0.677	-0.873	-0.674	-0.878	-0.658	-0.679	-0.763	-0.861	-0.872	-0.649	-0.767	-0.870	-0.767	-0.767	-0.621	-0.669	-0.652	-0.655	-0.603	-0.652	-0.621	-0.770	-0.880	-0.598	-0.784	-0.867	-0.865	-0.691	-0.809	-0.885	-0.885	-0.651	-0.686	-0.846	-0.794	-0.651	-0.861	-0.876	-0.862	-0.872	-0.795	-0.863	-0.886	-0.581	-0.581	-0.880	-0.577	-0.854	-0.736	-0.673	-0.656	-0.669	-0.684	-0.678	-0.813	-0.684	-0.669	-0.796	-0.803	-0.643	-0.651	-0.809	-0.630	-0.682	-0.640	-0.721	-0.633	-0.676	-0.848	-0.650	-0.651	-0.825	-0.700	-0.625	-0.647	-0.659	-0.666	-0.734	-0.666	-0.666	-0.666	-0.671	-0.615	-0.615	-0.615	-0.614	-0.679	-0.670	-0.581	-0.688	-0.735	-0.633	-0.745	-0.772	-0.602	-0.668	-0.682	-0.683	-0.734	-0.915	-0.718	-0.503	-0.634	-0.684	-0.397	-0.735	-0.626	-0.259	-0.714	-0.654	-0.724	-0.860	-0.659	-0.659	-0.700	-0.728	-0.539	-0.646	-0.708	-0.517	-0.690	-0.636	-0.717	-0.583	-0.715	-0.566	-0.600	-0.865	-0.606	-0.607	-0.614	-0.304	-0.530	-0.618	-0.608	-0.546	-0.788	-0.609	-0.608	-0.608	-0.692	-0.531	-0.616	-0.792	-0.841	-0.540	-0.496	-0.622	-0.581	-0.872	-0.612	-0.621	-0.857	-0.857	-0.599	-0.857	-0.870	-0.807	-0.872	-0.814	-0.859	-0.735	-0.870	-0.677	-0.867	
rs622601       -0.782	-0.780	-0.469	-0.784	-0.653	-0.269	-0.383	-0.660	-0.409	-0.711	-0.781	-0.409	-0.782	-0.407	-0.780	-0.375	-0.409	-0.770	-0.784	-0.782	-0.371	-0.770	-0.778	-0.770	-0.771	-0.662	-0.418	-0.373	-0.375	-0.331	-0.373	-0.661	-0.771	-0.782	-0.643	-0.775	-0.783	-0.783	-0.400	-0.780	-0.784	-0.784	-0.374	-0.415	-0.783	-0.778	-0.373	-0.649	-0.781	-0.652	-0.781	-0.778	-0.653	-0.784	-0.634	-0.634	-0.780	-0.631	-0.782	-0.754	-0.731	-0.697	-0.729	-0.734	-0.731	-0.782	-0.395	-0.728	-0.779	-0.781	-0.376	-0.382	-0.740	-0.709	-0.416	-0.712	-0.426	-0.712	-0.426	-0.735	-0.384	-0.385	-0.767	-0.410	-0.713	-0.420	-0.392	-0.398	-0.736	-0.398	-0.398	-0.398	-0.405	-0.719	-0.719	-0.719	-0.719	-0.414	-0.420	-0.726	-0.423	-0.735	-0.711	-0.437	-0.775	-0.698	-0.465	-0.429	-0.433	-0.764	-0.758	-0.748	-0.735	-0.411	-0.435	-0.736	-0.447	-0.751	-0.733	-0.759	-0.737	-0.761	-0.647	-0.739	-0.739	-0.744	-0.764	-0.686	-0.734	-0.757	-0.332	-0.749	-0.731	-0.759	-0.749	-0.760	-0.698	-0.713	-0.659	-0.717	-0.716	-0.721	-0.735	-0.683	-0.722	-0.716	-0.686	-0.603	-0.717	-0.718	-0.718	-0.473	-0.682	-0.719	-0.593	-0.615	-0.748	-0.740	-0.715	-0.740	-0.680	-0.739	-0.738	-0.660	-0.660	-0.471	-0.647	-0.671	-0.720	-0.675	-0.724	-0.648	-0.600	-0.672	-0.735	-0.668	
rs497518       -0.796	-0.795	-0.488	-0.799	-0.666	-0.383	-0.285	-0.673	-0.423	-0.729	-0.796	-0.423	-0.797	-0.414	-0.795	-0.383	-0.424	-0.784	-0.799	-0.797	-0.378	-0.784	-0.793	-0.784	-0.784	-0.676	-0.431	-0.380	-0.382	-0.328	-0.380	-0.674	-0.785	-0.796	-0.656	-0.789	-0.798	-0.798	-0.416	-0.794	-0.798	-0.798	-0.381	-0.431	-0.797	-0.791	-0.380	-0.664	-0.796	-0.667	-0.797	-0.792	-0.669	-0.798	-0.647	-0.647	-0.795	-0.645	-0.797	-0.767	-0.743	-0.711	-0.741	-0.747	-0.744	-0.796	-0.411	-0.741	-0.793	-0.795	-0.382	-0.389	-0.756	-0.723	-0.431	-0.725	-0.441	-0.725	-0.435	-0.750	-0.391	-0.393	-0.782	-0.427	-0.727	-0.430	-0.402	-0.408	-0.748	-0.408	-0.408	-0.408	-0.416	-0.733	-0.733	-0.733	-0.733	-0.427	-0.431	-0.740	-0.437	-0.751	-0.724	-0.454	-0.789	-0.710	-0.475	-0.441	-0.445	-0.777	-0.773	-0.763	-0.749	-0.417	-0.448	-0.750	-0.463	-0.766	-0.747	-0.772	-0.749	-0.774	-0.662	-0.751	-0.751	-0.757	-0.777	-0.698	-0.746	-0.770	-0.334	-0.762	-0.743	-0.772	-0.763	-0.773	-0.710	-0.726	-0.675	-0.730	-0.729	-0.733	-0.749	-0.695	-0.735	-0.728	-0.699	-0.619	-0.729	-0.730	-0.730	-0.484	-0.694	-0.732	-0.609	-0.630	-0.761	-0.753	-0.727	-0.754	-0.696	-0.753	-0.753	-0.675	-0.675	-0.485	-0.662	-0.687	-0.733	-0.691	-0.737	-0.663	-0.614	-0.687	-0.748	-0.683	
rs1324392      -0.889	-0.892	-0.767	-0.871	-0.601	-0.660	-0.673	-0.478	-0.683	-0.767	-0.886	-0.684	-0.885	-0.681	-0.890	-0.665	-0.686	-0.777	-0.873	-0.883	-0.656	-0.780	-0.882	-0.780	-0.781	-0.623	-0.676	-0.659	-0.662	-0.610	-0.659	-0.622	-0.783	-0.891	-0.590	-0.797	-0.879	-0.877	-0.699	-0.822	-0.896	-0.896	-0.658	-0.694	-0.858	-0.807	-0.658	-0.869	-0.888	-0.870	-0.884	-0.808	-0.871	-0.897	-0.563	-0.563	-0.891	-0.557	-0.866	-0.749	-0.687	-0.667	-0.683	-0.698	-0.692	-0.826	-0.691	-0.683	-0.809	-0.816	-0.650	-0.658	-0.822	-0.644	-0.689	-0.654	-0.728	-0.647	-0.683	-0.859	-0.657	-0.658	-0.838	-0.707	-0.640	-0.654	-0.666	-0.673	-0.747	-0.673	-0.673	-0.673	-0.678	-0.632	-0.631	-0.631	-0.631	-0.687	-0.677	-0.601	-0.696	-0.749	-0.648	-0.752	-0.785	-0.617	-0.676	-0.689	-0.690	-0.748	-0.924	-0.733	-0.526	-0.641	-0.691	-0.427	-0.743	-0.643	-0.297	-0.728	-0.669	-0.738	-0.868	-0.673	-0.674	-0.713	-0.742	-0.556	-0.661	-0.722	-0.523	-0.705	-0.651	-0.731	-0.600	-0.730	-0.582	-0.616	-0.874	-0.621	-0.623	-0.629	-0.336	-0.546	-0.633	-0.624	-0.563	-0.798	-0.624	-0.624	-0.624	-0.699	-0.547	-0.632	-0.802	-0.848	-0.558	-0.514	-0.638	-0.600	-0.880	-0.630	-0.638	-0.865	-0.865	-0.609	-0.865	-0.878	-0.817	-0.880	-0.824	-0.867	-0.745	-0.878	-0.691	-0.875	
rs670988       -0.809	-0.811	-0.522	-0.814	-0.676	-0.409	-0.423	-0.683	-0.298	-0.750	-0.812	-0.398	-0.812	-0.441	-0.811	-0.412	-0.400	-0.795	-0.814	-0.812	-0.402	-0.795	-0.808	-0.795	-0.795	-0.685	-0.420	-0.406	-0.410	-0.346	-0.406	-0.684	-0.796	-0.812	-0.665	-0.801	-0.813	-0.813	-0.449	-0.806	-0.813	-0.813	-0.406	-0.413	-0.811	-0.803	-0.405	-0.679	-0.812	-0.682	-0.812	-0.804	-0.684	-0.813	-0.656	-0.656	-0.811	-0.654	-0.811	-0.777	-0.752	-0.721	-0.750	-0.756	-0.753	-0.809	-0.440	-0.750	-0.805	-0.807	-0.399	-0.409	-0.773	-0.734	-0.413	-0.733	-0.478	-0.733	-0.454	-0.766	-0.409	-0.411	-0.798	-0.458	-0.738	-0.439	-0.421	-0.429	-0.757	-0.429	-0.429	-0.429	-0.437	-0.744	-0.744	-0.745	-0.745	-0.448	-0.446	-0.753	-0.458	-0.769	-0.732	-0.493	-0.800	-0.718	-0.484	-0.458	-0.461	-0.788	-0.784	-0.776	-0.762	-0.423	-0.464	-0.764	-0.495	-0.780	-0.762	-0.782	-0.758	-0.784	-0.677	-0.760	-0.760	-0.767	-0.787	-0.706	-0.755	-0.780	-0.302	-0.772	-0.752	-0.782	-0.774	-0.783	-0.718	-0.734	-0.689	-0.738	-0.737	-0.741	-0.763	-0.702	-0.743	-0.737	-0.706	-0.629	-0.738	-0.739	-0.738	-0.498	-0.702	-0.740	-0.627	-0.646	-0.772	-0.764	-0.736	-0.767	-0.710	-0.767	-0.766	-0.689	-0.689	-0.496	-0.677	-0.701	-0.744	-0.705	-0.749	-0.678	-0.626	-0.702	-0.758	-0.698	
rs619498       -1.083	-1.046	-0.860	-1.038	-0.753	-0.711	-0.729	-0.767	-0.750	-0.640	-1.044	-0.752	-1.043	-0.741	-1.045	-0.718	-0.755	-0.983	-1.039	-1.043	-0.707	-0.985	-1.116	-0.986	-0.986	-0.775	-0.750	-0.710	-0.714	-0.648	-0.710	-0.772	-0.987	-1.115	-0.731	-0.998	-1.041	-1.039	-0.764	-1.014	-1.113	-1.113	-0.710	-0.766	-1.034	-1.005	-0.709	-0.997	-1.044	-0.999	-1.042	-1.005	-1.001	-1.113	-0.712	-0.712	-1.045	-0.706	-1.035	-0.957	-0.905	-0.872	-0.902	-0.915	-0.910	-1.012	-0.757	-0.901	-1.000	-1.005	-0.701	-0.711	-1.105	-0.899	-0.760	-0.875	-0.807	-0.872	-0.745	-1.077	-0.710	-0.711	-1.102	-0.777	-0.909	-0.720	-0.722	-0.731	-0.934	-0.731	-0.731	-0.731	-0.739	-0.923	-0.923	-0.924	-0.924	-0.751	-0.739	-0.942	-0.763	-0.859	-0.874	-0.841	-0.984	-0.847	-0.750	-0.755	-0.757	-0.956	-1.101	-0.885	-0.967	-0.694	-0.759	-0.976	-0.829	-0.775	-0.979	-0.941	-0.892	-0.949	-0.997	-0.896	-0.896	-0.921	-0.952	-0.811	-0.885	-0.937	-0.566	-0.922	-0.877	-0.944	-0.777	-0.943	-0.826	-0.856	-1.006	-0.861	-0.862	-0.868	-0.980	-0.796	-0.872	-0.863	-0.811	-0.985	-0.864	-0.864	-0.864	-0.778	-0.798	-0.870	-0.989	-0.970	-0.741	-0.697	-0.872	-0.989	-1.021	-0.986	-0.984	-1.004	-1.004	-0.787	-0.996	-1.015	-1.005	-1.018	-1.011	-0.998	-0.924	-1.016	-0.918	-1.012	
rs148078       -0.967	-0.823	-0.900	-0.796	-0.875	-0.781	-0.796	-0.886	-0.812	-1.044	-0.658	-0.814	-0.795	-0.804	-0.795	-0.787	-0.816	-0.807	-0.806	-0.815	-0.777	-0.817	-1.049	-0.817	-0.818	-0.892	-0.809	-0.780	-0.784	-0.725	-0.780	-0.890	-0.821	-1.043	-0.859	-0.839	-0.815	-0.826	-0.826	-0.869	-1.038	-1.038	-0.780	-0.825	-0.924	-0.850	-0.779	-1.003	-0.803	-1.005	-0.826	-0.851	-1.007	-1.038	-0.845	-0.845	-0.801	-0.841	-0.838	-0.781	-0.697	-0.960	-0.688	-0.702	-0.692	-0.782	-0.819	-0.691	-0.750	-0.761	-0.771	-0.780	-1.049	-0.981	-0.820	-0.626	-0.860	-0.616	-0.809	-1.060	-0.779	-0.780	-1.027	-0.837	-0.989	-0.783	-0.789	-0.797	-0.672	-0.798	-0.798	-0.798	-0.804	-1.001	-1.001	-1.001	-1.001	-0.814	-0.804	-1.016	-0.825	-1.050	-0.639	-0.889	-0.735	-0.606	-0.807	-0.817	-0.819	-0.685	-1.045	-1.044	-1.039	-0.763	-0.821	-1.050	-0.880	-1.029	-1.055	-0.666	-0.548	-0.663	-1.003	-0.560	-0.560	-0.674	-0.699	-0.269	-0.551	-0.670	-0.640	-0.609	-0.524	-0.650	-1.008	-0.674	-0.366	-0.410	-1.012	-0.469	-0.432	-0.492	-1.055	-0.303	-0.503	-0.447	-0.377	-0.938	-0.463	-0.491	-0.490	-0.831	-0.326	-0.480	-0.942	-0.978	-0.998	-0.978	-0.571	-1.054	-1.027	-1.050	-1.047	-1.010	-1.010	-0.802	-1.003	-1.022	-1.047	-1.025	-1.052	-1.005	-0.938	-1.022	-0.676	-1.019	
rs533493       -0.811	-0.813	-0.524	-0.816	-0.677	-0.409	-0.423	-0.684	-0.398	-0.752	-0.814	-0.300	-0.814	-0.442	-0.813	-0.412	-0.401	-0.796	-0.815	-0.814	-0.401	-0.797	-0.810	-0.797	-0.797	-0.687	-0.421	-0.406	-0.410	-0.345	-0.406	-0.685	-0.798	-0.813	-0.667	-0.802	-0.814	-0.815	-0.450	-0.808	-0.815	-0.815	-0.406	-0.414	-0.813	-0.805	-0.405	-0.681	-0.813	-0.684	-0.814	-0.805	-0.685	-0.815	-0.658	-0.658	-0.812	-0.655	-0.813	-0.779	-0.754	-0.723	-0.752	-0.758	-0.754	-0.810	-0.441	-0.751	-0.806	-0.809	-0.398	-0.409	-0.775	-0.736	-0.413	-0.734	-0.479	-0.734	-0.455	-0.768	-0.409	-0.410	-0.800	-0.459	-0.740	-0.439	-0.421	-0.429	-0.759	-0.429	-0.429	-0.429	-0.437	-0.746	-0.746	-0.746	-0.746	-0.448	-0.446	-0.754	-0.459	-0.771	-0.733	-0.494	-0.801	-0.720	-0.485	-0.459	-0.462	-0.789	-0.786	-0.777	-0.764	-0.422	-0.464	-0.766	-0.496	-0.781	-0.763	-0.783	-0.760	-0.786	-0.679	-0.762	-0.762	-0.768	-0.789	-0.707	-0.757	-0.781	-0.300	-0.773	-0.753	-0.784	-0.776	-0.784	-0.719	-0.735	-0.691	-0.739	-0.738	-0.743	-0.765	-0.704	-0.745	-0.738	-0.707	-0.631	-0.739	-0.740	-0.740	-0.499	-0.703	-0.742	-0.629	-0.647	-0.774	-0.765	-0.737	-0.769	-0.711	-0.768	-0.767	-0.691	-0.691	-0.498	-0.678	-0.703	-0.746	-0.706	-0.750	-0.680	-0.628	-0.703	-0.759	-0.699	
rs1161237      -0.965	-0.822	-0.901	-0.799	-0.873	-0.782	-0.797	-0.885	-0.812	-1.043	-0.795	-0.814	-0.658	-0.804	-0.794	-0.788	-0.816	-0.811	-0.807	-0.815	-0.778	-0.821	-1.048	-0.821	-0.822	-0.890	-0.809	-0.781	-0.784	-0.725	-0.781	-0.888	-0.825	-1.042	-0.857	-0.842	-0.816	-0.826	-0.826	-0.871	-1.037	-1.037	-0.780	-0.826	-0.925	-0.853	-0.780	-1.003	-0.801	-1.005	-0.825	-0.854	-1.007	-1.037	-0.843	-0.843	-0.800	-0.839	-0.840	-0.785	-0.702	-0.958	-0.693	-0.707	-0.697	-0.787	-0.820	-0.696	-0.755	-0.767	-0.772	-0.781	-1.049	-0.980	-0.820	-0.632	-0.860	-0.622	-0.809	-1.060	-0.780	-0.780	-1.027	-0.837	-0.988	-0.783	-0.790	-0.798	-0.677	-0.798	-0.798	-0.798	-0.804	-0.999	-1.000	-1.000	-1.000	-0.815	-0.805	-1.015	-0.825	-1.050	-0.644	-0.890	-0.741	-0.612	-0.807	-0.818	-0.819	-0.691	-1.045	-1.044	-1.038	-0.764	-0.821	-1.049	-0.880	-1.030	-1.054	-0.673	-0.555	-0.669	-1.003	-0.567	-0.567	-0.679	-0.705	-0.282	-0.558	-0.676	-0.641	-0.617	-0.532	-0.657	-1.009	-0.680	-0.377	-0.421	-1.012	-0.478	-0.442	-0.501	-1.054	-0.313	-0.512	-0.457	-0.386	-0.939	-0.472	-0.498	-0.498	-0.832	-0.336	-0.488	-0.943	-0.978	-0.999	-0.979	-0.579	-1.053	-1.027	-1.049	-1.047	-1.010	-1.010	-0.802	-1.003	-1.022	-1.046	-1.025	-1.052	-1.005	-0.938	-1.022	-0.682	-1.019	
rs679790       -0.804	-0.802	-0.488	-0.807	-0.674	-0.407	-0.414	-0.681	-0.441	-0.741	-0.804	-0.442	-0.804	-0.294	-0.803	-0.408	-0.443	-0.791	-0.806	-0.804	-0.401	-0.792	-0.801	-0.792	-0.792	-0.683	-0.447	-0.404	-0.406	-0.353	-0.404	-0.682	-0.792	-0.804	-0.664	-0.796	-0.805	-0.807	-0.440	-0.802	-0.806	-0.806	-0.404	-0.449	-0.805	-0.799	-0.403	-0.672	-0.803	-0.675	-0.806	-0.799	-0.677	-0.806	-0.655	-0.655	-0.802	-0.652	-0.806	-0.775	-0.750	-0.718	-0.748	-0.754	-0.751	-0.803	-0.434	-0.748	-0.800	-0.802	-0.402	-0.409	-0.763	-0.731	-0.448	-0.732	-0.429	-0.732	-0.426	-0.756	-0.410	-0.412	-0.790	-0.449	-0.735	-0.442	-0.420	-0.427	-0.756	-0.427	-0.427	-0.427	-0.434	-0.740	-0.741	-0.741	-0.741	-0.444	-0.446	-0.748	-0.454	-0.759	-0.731	-0.445	-0.796	-0.717	-0.485	-0.456	-0.459	-0.785	-0.782	-0.773	-0.757	-0.427	-0.462	-0.758	-0.464	-0.773	-0.755	-0.779	-0.756	-0.782	-0.671	-0.758	-0.758	-0.764	-0.784	-0.706	-0.753	-0.777	-0.341	-0.770	-0.750	-0.780	-0.772	-0.780	-0.716	-0.733	-0.683	-0.736	-0.736	-0.739	-0.757	-0.701	-0.741	-0.736	-0.706	-0.627	-0.737	-0.737	-0.737	-0.484	-0.701	-0.739	-0.618	-0.639	-0.768	-0.761	-0.735	-0.762	-0.706	-0.761	-0.760	-0.685	-0.685	-0.493	-0.671	-0.697	-0.740	-0.701	-0.744	-0.672	-0.622	-0.698	-0.756	-0.694	
rs1748066      -0.970	-0.825	-0.900	-0.792	-0.878	-0.780	-0.795	-0.890	-0.811	-1.045	-0.795	-0.813	-0.794	-0.803	-0.659	-0.786	-0.815	-0.800	-0.801	-0.813	-0.776	-0.810	-1.050	-0.811	-0.811	-0.895	-0.808	-0.779	-0.783	-0.723	-0.779	-0.893	-0.815	-1.045	-0.863	-0.833	-0.812	-0.824	-0.825	-0.864	-1.040	-1.040	-0.779	-0.825	-0.922	-0.845	-0.778	-1.003	-0.803	-1.005	-0.825	-0.846	-1.007	-1.040	-0.849	-0.849	-0.803	-0.845	-0.834	-0.773	-0.687	-0.962	-0.677	-0.692	-0.681	-0.772	-0.819	-0.681	-0.738	-0.750	-0.770	-0.779	-1.049	-0.984	-0.819	-0.614	-0.859	-0.604	-0.808	-1.059	-0.778	-0.779	-1.028	-0.836	-0.991	-0.782	-0.788	-0.797	-0.660	-0.797	-0.797	-0.797	-0.803	-1.003	-1.003	-1.003	-1.003	-0.813	-0.804	-1.018	-0.824	-1.051	-0.627	-0.889	-0.723	-0.594	-0.806	-0.816	-0.818	-0.671	-1.046	-1.044	-1.041	-0.762	-0.820	-1.051	-0.879	-1.028	-1.055	-0.652	-0.529	-0.647	-1.003	-0.542	-0.542	-0.661	-0.686	-0.239	-0.533	-0.656	-0.639	-0.592	-0.505	-0.634	-1.007	-0.660	-0.342	-0.386	-1.012	-0.448	-0.408	-0.472	-1.056	-0.277	-0.483	-0.425	-0.355	-0.936	-0.442	-0.471	-0.471	-0.830	-0.302	-0.459	-0.941	-0.977	-0.996	-0.976	-0.556	-1.055	-1.028	-1.051	-1.049	-1.010	-1.010	-0.801	-1.003	-1.022	-1.048	-1.025	-1.054	-1.005	-0.938	-1.022	-0.665	-1.019	
rs556559       -0.787	-0.786	-0.477	-0.790	-0.658	-0.375	-0.383	-0.665	-0.412	-0.718	-0.787	-0.412	-0.788	-0.408	-0.786	-0.275	-0.412	-0.775	-0.789	-0.787	-0.368	-0.775	-0.784	-0.775	-0.776	-0.667	-0.421	-0.369	-0.373	-0.322	-0.369	-0.666	-0.776	-0.787	-0.648	-0.780	-0.788	-0.788	-0.401	-0.785	-0.789	-0.789	-0.371	-0.419	-0.788	-0.783	-0.370	-0.654	-0.786	-0.657	-0.787	-0.783	-0.659	-0.789	-0.639	-0.639	-0.785	-0.636	-0.788	-0.759	-0.735	-0.702	-0.733	-0.739	-0.736	-0.787	-0.396	-0.733	-0.784	-0.786	-0.373	-0.379	-0.746	-0.714	-0.419	-0.717	-0.430	-0.717	-0.427	-0.741	-0.382	-0.383	-0.773	-0.412	-0.718	-0.422	-0.391	-0.397	-0.740	-0.397	-0.397	-0.398	-0.405	-0.724	-0.724	-0.724	-0.724	-0.415	-0.421	-0.732	-0.425	-0.741	-0.716	-0.441	-0.780	-0.703	-0.467	-0.431	-0.434	-0.769	-0.763	-0.753	-0.740	-0.410	-0.437	-0.741	-0.451	-0.757	-0.738	-0.763	-0.741	-0.766	-0.653	-0.743	-0.743	-0.749	-0.769	-0.690	-0.738	-0.762	-0.330	-0.754	-0.736	-0.764	-0.754	-0.765	-0.703	-0.718	-0.665	-0.722	-0.721	-0.725	-0.740	-0.688	-0.727	-0.721	-0.691	-0.609	-0.721	-0.722	-0.722	-0.476	-0.687	-0.724	-0.599	-0.621	-0.753	-0.745	-0.719	-0.745	-0.686	-0.745	-0.744	-0.665	-0.665	-0.476	-0.652	-0.677	-0.725	-0.681	-0.729	-0.654	-0.605	-0.678	-0.740	-0.674	
rs648919       -0.813	-0.815	-0.527	-0.818	-0.679	-0.409	-0.424	-0.686	-0.400	-0.755	-0.816	-0.401	-0.816	-0.443	-0.815	-0.412	-0.302	-0.798	-0.817	-0.816	-0.401	-0.799	-0.812	-0.799	-0.799	-0.689	-0.422	-0.406	-0.410	-0.344	-0.406	-0.687	-0.799	-0.815	-0.668	-0.804	-0.817	-0.817	-0.451	-0.810	-0.817	-0.817	-0.406	-0.415	-0.815	-0.807	-0.405	-0.683	-0.815	-0.686	-0.816	-0.807	-0.688	-0.817	-0.660	-0.660	-0.814	-0.657	-0.815	-0.781	-0.755	-0.725	-0.753	-0.759	-0.756	-0.812	-0.442	-0.753	-0.808	-0.810	-0.398	-0.408	-0.778	-0.738	-0.414	-0.736	-0.481	-0.736	-0.455	-0.770	-0.409	-0.410	-0.802	-0.460	-0.742	-0.440	-0.421	-0.429	-0.761	-0.429	-0.429	-0.430	-0.437	-0.748	-0.748	-0.748	-0.748	-0.449	-0.446	-0.756	-0.459	-0.773	-0.735	-0.496	-0.803	-0.721	-0.485	-0.460	-0.462	-0.791	-0.788	-0.780	-0.766	-0.422	-0.465	-0.768	-0.498	-0.783	-0.765	-0.785	-0.761	-0.788	-0.681	-0.763	-0.763	-0.770	-0.791	-0.709	-0.758	-0.783	-0.298	-0.775	-0.755	-0.786	-0.777	-0.786	-0.721	-0.737	-0.693	-0.741	-0.740	-0.745	-0.767	-0.705	-0.746	-0.740	-0.709	-0.633	-0.741	-0.742	-0.742	-0.500	-0.705	-0.743	-0.632	-0.650	-0.776	-0.767	-0.739	-0.771	-0.713	-0.770	-0.769	-0.693	-0.693	-0.500	-0.681	-0.705	-0.748	-0.709	-0.752	-0.682	-0.630	-0.705	-0.761	-0.701	
rs577116       -0.861	-0.810	-0.879	-0.838	-0.763	-0.770	-0.784	-0.777	-0.795	-0.983	-0.807	-0.796	-0.811	-0.791	-0.800	-0.775	-0.798	-0.606	-0.836	-0.819	-0.766	-0.762	-0.904	-0.762	-0.762	-0.784	-0.789	-0.769	-0.772	-0.718	-0.769	-0.782	-0.763	-0.883	-0.746	-0.751	-0.828	-0.833	-0.810	-0.724	-0.868	-0.868	-0.768	-0.806	-0.723	-0.736	-0.768	-0.973	-0.805	-0.975	-0.820	-0.735	-0.976	-0.868	-0.729	-0.729	-0.797	-0.724	-0.864	-0.786	-0.732	-0.867	-0.724	-0.733	-0.725	-0.899	-0.803	-0.728	-0.901	-0.900	-0.760	-0.769	-0.968	-0.894	-0.801	-0.668	-0.840	-0.658	-0.796	-1.015	-0.767	-0.768	-0.976	-0.819	-0.903	-0.767	-0.777	-0.784	-0.880	-0.784	-0.784	-0.784	-0.790	-0.918	-0.918	-0.919	-0.919	-0.798	-0.790	-0.939	-0.808	-1.009	-0.691	-0.865	-0.906	-0.665	-0.785	-0.801	-0.802	-0.899	-0.990	-1.008	-0.972	-0.752	-0.804	-0.989	-0.856	-1.016	-1.001	-0.895	-0.862	-0.895	-0.974	-0.865	-0.865	-0.888	-0.902	-0.782	-0.860	-0.894	-0.634	-0.881	-0.853	-0.893	-1.005	-0.897	-0.802	-0.824	-0.979	-0.835	-0.830	-0.841	-1.000	-0.776	-0.844	-0.831	-0.792	-0.948	-0.834	-0.838	-0.838	-0.813	-0.779	-0.838	-0.951	-0.955	-1.004	-0.993	-0.850	-0.992	-0.986	-0.984	-0.981	-0.972	-0.972	-0.775	-0.972	-0.985	-0.962	-0.987	-0.969	-0.974	-0.909	-0.984	-0.886	-0.982	
rs570673       -0.954	-0.826	-0.901	-0.821	-0.861	-0.784	-0.799	-0.873	-0.814	-1.039	-0.806	-0.815	-0.807	-0.806	-0.801	-0.789	-0.817	-0.836	-0.655	-0.788	-0.780	-0.834	-1.041	-0.834	-0.834	-0.875	-0.810	-0.783	-0.786	-0.728	-0.783	-0.873	-0.837	-1.036	-0.844	-0.859	-0.794	-0.826	-0.827	-0.887	-1.031	-1.031	-0.782	-0.826	-0.931	-0.872	-0.781	-1.003	-0.806	-1.005	-0.828	-0.873	-1.006	-1.031	-0.831	-0.831	-0.801	-0.826	-0.851	-0.811	-0.735	-0.949	-0.727	-0.741	-0.731	-0.816	-0.821	-0.730	-0.792	-0.801	-0.774	-0.783	-1.050	-0.972	-0.821	-0.671	-0.861	-0.663	-0.811	-1.061	-0.781	-0.782	-1.024	-0.838	-0.980	-0.784	-0.792	-0.800	-0.714	-0.800	-0.800	-0.800	-0.806	-0.992	-0.992	-0.992	-0.993	-0.816	-0.806	-1.008	-0.826	-1.048	-0.681	-0.890	-0.777	-0.650	-0.808	-0.819	-0.820	-0.732	-1.041	-1.042	-1.033	-0.765	-0.822	-1.045	-0.880	-1.031	-1.051	-0.714	-0.611	-0.713	-1.003	-0.621	-0.622	-0.716	-0.742	-0.373	-0.612	-0.717	-0.644	-0.667	-0.590	-0.703	-1.012	-0.721	-0.451	-0.494	-1.011	-0.541	-0.512	-0.561	-1.051	-0.392	-0.570	-0.525	-0.455	-0.944	-0.536	-0.558	-0.558	-0.833	-0.411	-0.551	-0.948	-0.978	-1.003	-0.984	-0.624	-1.049	-1.025	-1.044	-1.041	-1.009	-1.009	-0.803	-1.003	-1.020	-1.042	-1.023	-1.048	-1.004	-0.937	-1.021	-0.717	-1.018	
rs585035       -0.964	-0.835	-0.900	-0.818	-0.872	-0.782	-0.797	-0.883	-0.812	-1.043	-0.815	-0.814	-0.815	-0.804	-0.813	-0.787	-0.816	-0.819	-0.788	-0.657	-0.778	-0.816	-1.045	-0.816	-0.816	-0.885	-0.809	-0.781	-0.784	-0.725	-0.781	-0.883	-0.820	-1.041	-0.855	-0.844	-0.795	-0.827	-0.826	-0.876	-1.037	-1.037	-0.780	-0.825	-0.928	-0.858	-0.779	-1.002	-0.815	-1.005	-0.833	-0.860	-1.006	-1.036	-0.841	-0.841	-0.813	-0.837	-0.846	-0.791	-0.710	-0.957	-0.701	-0.715	-0.705	-0.795	-0.820	-0.704	-0.766	-0.776	-0.771	-0.781	-1.049	-0.979	-0.820	-0.641	-0.860	-0.632	-0.809	-1.060	-0.779	-0.780	-1.026	-0.837	-0.987	-0.783	-0.790	-0.798	-0.685	-0.798	-0.798	-0.798	-0.804	-0.998	-0.998	-0.999	-0.999	-0.814	-0.804	-1.014	-0.825	-1.050	-0.651	-0.889	-0.747	-0.619	-0.807	-0.817	-0.819	-0.697	-1.044	-1.043	-1.037	-0.763	-0.820	-1.048	-0.879	-1.029	-1.053	-0.678	-0.563	-0.675	-1.002	-0.575	-0.576	-0.683	-0.709	-0.297	-0.566	-0.681	-0.641	-0.624	-0.541	-0.663	-1.008	-0.685	-0.388	-0.432	-1.011	-0.487	-0.452	-0.509	-1.053	-0.326	-0.519	-0.467	-0.398	-0.939	-0.482	-0.508	-0.508	-0.831	-0.348	-0.498	-0.943	-0.977	-0.999	-0.979	-0.584	-1.052	-1.026	-1.048	-1.045	-1.009	-1.009	-0.801	-1.002	-1.021	-1.045	-1.024	-1.051	-1.004	-0.937	-1.021	-0.686	-1.018	
rs508518       -0.778	-0.776	-0.466	-0.780	-0.649	-0.371	-0.378	-0.656	-0.402	-0.707	-0.777	-0.401	-0.778	-0.401	-0.776	-0.368	-0.401	-0.766	-0.780	-0.778	-0.264	-0.767	-0.774	-0.767	-0.767	-0.659	-0.410	-0.364	-0.366	-0.322	-0.364	-0.657	-0.767	-0.778	-0.639	-0.771	-0.779	-0.779	-0.389	-0.776	-0.780	-0.780	-0.365	-0.406	-0.779	-0.774	-0.364	-0.644	-0.777	-0.647	-0.777	-0.774	-0.649	-0.780	-0.630	-0.630	-0.775	-0.628	-0.778	-0.750	-0.727	-0.693	-0.725	-0.731	-0.728	-0.778	-0.379	-0.725	-0.775	-0.777	-0.364	-0.371	-0.735	-0.705	-0.406	-0.709	-0.415	-0.709	-0.418	-0.731	-0.374	-0.375	-0.763	-0.397	-0.709	-0.414	-0.382	-0.387	-0.732	-0.387	-0.387	-0.388	-0.394	-0.715	-0.715	-0.715	-0.715	-0.403	-0.409	-0.722	-0.412	-0.731	-0.708	-0.423	-0.771	-0.695	-0.460	-0.419	-0.423	-0.760	-0.754	-0.743	-0.731	-0.403	-0.425	-0.732	-0.434	-0.747	-0.729	-0.755	-0.733	-0.757	-0.643	-0.735	-0.735	-0.741	-0.760	-0.683	-0.730	-0.753	-0.325	-0.746	-0.727	-0.756	-0.745	-0.756	-0.695	-0.710	-0.655	-0.714	-0.713	-0.717	-0.731	-0.680	-0.719	-0.713	-0.683	-0.599	-0.713	-0.714	-0.714	-0.466	-0.679	-0.716	-0.589	-0.611	-0.744	-0.736	-0.711	-0.736	-0.676	-0.735	-0.734	-0.655	-0.655	-0.467	-0.642	-0.667	-0.716	-0.671	-0.720	-0.644	-0.596	-0.668	-0.732	-0.664	
rs598147       -0.866	-0.820	-0.879	-0.847	-0.767	-0.770	-0.784	-0.780	-0.795	-0.985	-0.817	-0.797	-0.821	-0.792	-0.810	-0.775	-0.799	-0.762	-0.834	-0.816	-0.767	-0.607	-0.903	-0.741	-0.741	-0.783	-0.790	-0.769	-0.773	-0.719	-0.769	-0.780	-0.741	-0.886	-0.747	-0.754	-0.824	-0.837	-0.810	-0.749	-0.874	-0.874	-0.769	-0.806	-0.743	-0.756	-0.768	-0.974	-0.814	-0.976	-0.828	-0.755	-0.977	-0.873	-0.732	-0.732	-0.806	-0.727	-0.869	-0.789	-0.734	-0.869	-0.726	-0.735	-0.727	-0.902	-0.803	-0.730	-0.904	-0.903	-0.761	-0.769	-0.971	-0.896	-0.802	-0.670	-0.840	-0.660	-0.796	-1.017	-0.768	-0.768	-0.979	-0.819	-0.906	-0.767	-0.777	-0.784	-0.881	-0.784	-0.784	-0.785	-0.790	-0.921	-0.921	-0.921	-0.921	-0.799	-0.790	-0.941	-0.808	-1.011	-0.689	-0.866	-0.908	-0.664	-0.785	-0.801	-0.803	-0.900	-0.992	-1.009	-0.974	-0.752	-0.804	-0.991	-0.857	-1.017	-1.003	-0.895	-0.861	-0.895	-0.975	-0.864	-0.864	-0.887	-0.902	-0.780	-0.859	-0.894	-0.635	-0.881	-0.852	-0.893	-1.006	-0.897	-0.800	-0.822	-0.980	-0.833	-0.828	-0.840	-1.001	-0.775	-0.843	-0.830	-0.790	-0.948	-0.833	-0.837	-0.837	-0.814	-0.777	-0.837	-0.951	-0.956	-1.005	-0.993	-0.849	-0.994	-0.988	-0.986	-0.983	-0.973	-0.973	-0.776	-0.973	-0.986	-0.964	-0.988	-0.971	-0.975	-0.910	-0.986	-0.885	-0.983	
rs6138928      -0.905	-1.053	-0.905	-1.043	-0.870	-0.778	-0.793	-0.882	-0.808	-1.116	-1.049	-0.810	-1.048	-0.801	-1.050	-0.784	-0.812	-0.904	-1.041	-1.045	-0.774	-0.903	-0.658	-0.903	-0.903	-0.883	-0.805	-0.777	-0.780	-0.721	-0.777	-0.881	-0.905	-0.800	-0.853	-0.923	-1.044	-1.043	-0.823	-0.949	-0.794	-0.794	-0.776	-0.820	-0.994	-0.934	-0.775	-0.981	-1.049	-0.984	-1.046	-0.935	-0.985	-0.795	-0.840	-0.840	-1.051	-0.836	-1.039	-0.873	-0.800	-0.956	-0.796	-0.815	-0.809	-1.014	-0.816	-0.795	-1.002	-1.007	-0.768	-0.777	-0.789	-0.977	-0.816	-0.762	-0.857	-0.757	-0.809	-1.002	-0.776	-0.777	-0.959	-0.834	-0.984	-0.779	-0.786	-0.795	-0.925	-0.795	-0.795	-0.795	-0.801	-0.995	-0.995	-0.995	-0.996	-0.811	-0.803	-1.009	-0.822	-1.115	-0.761	-0.887	-0.985	-0.722	-0.794	-0.815	-0.816	-0.957	-1.029	-1.105	-1.029	-0.760	-0.818	-1.037	-0.878	-1.091	-1.039	-0.938	-0.884	-0.947	-0.982	-0.888	-0.889	-0.924	-0.951	-0.782	-0.880	-0.935	-0.637	-0.922	-0.872	-0.942	-1.067	-0.940	-0.802	-0.837	-0.993	-0.841	-0.843	-0.849	-1.040	-0.768	-0.853	-0.844	-0.787	-0.888	-0.845	-0.844	-0.844	-0.830	-0.770	-0.852	-0.882	-0.954	-1.056	-1.039	-0.860	-1.042	-1.017	-1.039	-1.037	-0.999	-0.999	-0.811	-0.984	-1.009	-1.032	-1.013	-1.038	-0.986	-0.949	-1.010	-0.906	-1.006	
rs598971       -0.866	-0.820	-0.879	-0.847	-0.767	-0.770	-0.784	-0.780	-0.795	-0.986	-0.817	-0.797	-0.821	-0.792	-0.811	-0.775	-0.799	-0.762	-0.834	-0.816	-0.767	-0.741	-0.903	-0.607	-0.741	-0.783	-0.790	-0.769	-0.773	-0.719	-0.769	-0.780	-0.741	-0.886	-0.747	-0.754	-0.824	-0.837	-0.810	-0.749	-0.874	-0.874	-0.769	-0.806	-0.743	-0.756	-0.768	-0.974	-0.814	-0.976	-0.828	-0.755	-0.977	-0.873	-0.732	-0.732	-0.806	-0.727	-0.869	-0.789	-0.734	-0.869	-0.726	-0.735	-0.727	-0.902	-0.803	-0.730	-0.904	-0.903	-0.761	-0.769	-0.971	-0.896	-0.802	-0.670	-0.840	-0.659	-0.796	-1.017	-0.768	-0.769	-0.979	-0.819	-0.906	-0.767	-0.777	-0.784	-0.881	-0.784	-0.784	-0.785	-0.790	-0.921	-0.921	-0.921	-0.921	-0.799	-0.790	-0.941	-0.808	-1.011	-0.689	-0.866	-0.908	-0.663	-0.785	-0.801	-0.803	-0.900	-0.992	-1.009	-0.974	-0.752	-0.804	-0.991	-0.857	-1.017	-1.003	-0.895	-0.861	-0.895	-0.975	-0.864	-0.864	-0.887	-0.902	-0.780	-0.859	-0.894	-0.635	-0.881	-0.852	-0.893	-1.006	-0.896	-0.800	-0.822	-0.980	-0.833	-0.828	-0.840	-1.001	-0.774	-0.843	-0.830	-0.790	-0.948	-0.832	-0.837	-0.837	-0.814	-0.777	-0.837	-0.951	-0.956	-1.005	-0.993	-0.849	-0.994	-0.988	-0.986	-0.983	-0.973	-0.973	-0.776	-0.973	-0.986	-0.964	-0.988	-0.971	-0.975	-0.910	-0.986	-0.885	-0.983	
rs600832       -0.866	-0.821	-0.879	-0.847	-0.767	-0.771	-0.784	-0.781	-0.795	-0.986	-0.818	-0.797	-0.822	-0.792	-0.811	-0.776	-0.799	-0.762	-0.834	-0.816	-0.767	-0.741	-0.903	-0.741	-0.607	-0.783	-0.790	-0.769	-0.773	-0.719	-0.769	-0.780	-0.741	-0.886	-0.748	-0.754	-0.825	-0.837	-0.810	-0.749	-0.874	-0.874	-0.769	-0.806	-0.744	-0.756	-0.768	-0.975	-0.815	-0.976	-0.828	-0.756	-0.977	-0.874	-0.733	-0.733	-0.806	-0.728	-0.869	-0.788	-0.734	-0.870	-0.725	-0.735	-0.727	-0.902	-0.803	-0.730	-0.904	-0.903	-0.761	-0.769	-0.971	-0.896	-0.802	-0.670	-0.841	-0.659	-0.796	-1.017	-0.768	-0.769	-0.979	-0.819	-0.906	-0.767	-0.777	-0.784	-0.881	-0.784	-0.784	-0.785	-0.790	-0.921	-0.921	-0.921	-0.922	-0.799	-0.790	-0.941	-0.808	-1.011	-0.688	-0.866	-0.908	-0.662	-0.785	-0.801	-0.803	-0.900	-0.992	-1.009	-0.974	-0.752	-0.804	-0.991	-0.857	-1.017	-1.003	-0.894	-0.861	-0.895	-0.975	-0.864	-0.864	-0.887	-0.902	-0.779	-0.859	-0.894	-0.635	-0.880	-0.852	-0.892	-1.006	-0.896	-0.799	-0.822	-0.980	-0.833	-0.828	-0.839	-1.002	-0.774	-0.842	-0.829	-0.790	-0.948	-0.832	-0.836	-0.836	-0.814	-0.776	-0.837	-0.951	-0.956	-1.005	-0.993	-0.849	-0.994	-0.988	-0.987	-0.983	-0.973	-0.973	-0.776	-0.973	-0.986	-0.964	-0.988	-0.971	-0.975	-0.910	-0.986	-0.885	-0.983	
rs6138930      -0.894	-0.897	-0.770	-0.877	-0.621	-0.662	-0.676	-0.623	-0.685	-0.775	-0.892	-0.687	-0.890	-0.683	-0.895	-0.667	-0.689	-0.784	-0.875	-0.885	-0.659	-0.783	-0.883	-0.783	-0.783	-0.480	-0.679	-0.661	-0.664	-0.612	-0.661	-0.603	-0.785	-0.895	-0.594	-0.802	-0.881	-0.881	-0.701	-0.828	-0.901	-0.901	-0.661	-0.696	-0.863	-0.813	-0.660	-0.871	-0.893	-0.872	-0.889	-0.814	-0.873	-0.901	-0.586	-0.586	-0.896	-0.580	-0.872	-0.756	-0.694	-0.676	-0.690	-0.706	-0.700	-0.832	-0.694	-0.690	-0.816	-0.822	-0.653	-0.661	-0.828	-0.657	-0.691	-0.662	-0.731	-0.655	-0.686	-0.864	-0.659	-0.660	-0.844	-0.709	-0.652	-0.657	-0.668	-0.675	-0.753	-0.675	-0.675	-0.676	-0.681	-0.645	-0.644	-0.644	-0.644	-0.689	-0.680	-0.616	-0.698	-0.756	-0.656	-0.755	-0.792	-0.625	-0.678	-0.691	-0.692	-0.755	-0.927	-0.739	-0.546	-0.643	-0.694	-0.453	-0.745	-0.651	-0.334	-0.735	-0.676	-0.745	-0.870	-0.681	-0.681	-0.720	-0.748	-0.564	-0.668	-0.729	-0.526	-0.712	-0.659	-0.738	-0.609	-0.736	-0.590	-0.624	-0.876	-0.629	-0.631	-0.637	-0.370	-0.555	-0.641	-0.632	-0.571	-0.801	-0.632	-0.632	-0.632	-0.702	-0.556	-0.640	-0.805	-0.851	-0.567	-0.524	-0.645	-0.612	-0.882	-0.641	-0.648	-0.867	-0.867	-0.611	-0.867	-0.880	-0.819	-0.882	-0.826	-0.869	-0.747	-0.880	-0.698	-0.877	
rs12481210     -0.804	-0.808	-0.528	-0.810	-0.669	-0.418	-0.431	-0.676	-0.420	-0.750	-0.809	-0.421	-0.809	-0.447	-0.808	-0.421	-0.422	-0.789	-0.810	-0.809	-0.410	-0.790	-0.805	-0.790	-0.790	-0.679	-0.291	-0.414	-0.417	-0.357	-0.414	-0.677	-0.790	-0.808	-0.658	-0.795	-0.809	-0.809	-0.456	-0.801	-0.809	-0.809	-0.413	-0.430	-0.807	-0.798	-0.412	-0.675	-0.808	-0.678	-0.809	-0.798	-0.680	-0.809	-0.649	-0.649	-0.807	-0.647	-0.808	-0.771	-0.746	-0.716	-0.743	-0.750	-0.746	-0.804	-0.442	-0.743	-0.800	-0.802	-0.404	-0.414	-0.771	-0.729	-0.427	-0.726	-0.484	-0.726	-0.456	-0.763	-0.414	-0.415	-0.795	-0.463	-0.733	-0.441	-0.425	-0.433	-0.751	-0.433	-0.433	-0.433	-0.440	-0.739	-0.739	-0.739	-0.739	-0.450	-0.447	-0.747	-0.460	-0.768	-0.725	-0.500	-0.794	-0.711	-0.478	-0.459	-0.462	-0.782	-0.780	-0.773	-0.757	-0.420	-0.463	-0.759	-0.499	-0.776	-0.757	-0.776	-0.752	-0.778	-0.674	-0.754	-0.754	-0.760	-0.781	-0.699	-0.749	-0.774	-0.291	-0.765	-0.745	-0.776	-0.769	-0.777	-0.711	-0.727	-0.685	-0.731	-0.730	-0.734	-0.759	-0.695	-0.736	-0.730	-0.699	-0.626	-0.731	-0.732	-0.731	-0.496	-0.694	-0.733	-0.625	-0.642	-0.767	-0.758	-0.729	-0.763	-0.705	-0.762	-0.761	-0.685	-0.685	-0.490	-0.673	-0.697	-0.738	-0.701	-0.743	-0.675	-0.621	-0.698	-0.751	-0.694	
rs6051459      -0.781	-0.779	-0.469	-0.783	-0.652	-0.373	-0.380	-0.659	-0.406	-0.710	-0.780	-0.406	-0.781	-0.404	-0.779	-0.369	-0.406	-0.769	-0.783	-0.781	-0.364	-0.769	-0.777	-0.769	-0.769	-0.661	-0.414	-0.267	-0.367	-0.322	-0.364	-0.660	-0.770	-0.781	-0.642	-0.774	-0.781	-0.782	-0.391	-0.779	-0.783	-0.783	-0.365	-0.410	-0.782	-0.777	-0.364	-0.647	-0.780	-0.650	-0.780	-0.777	-0.652	-0.783	-0.633	-0.633	-0.778	-0.630	-0.781	-0.753	-0.730	-0.696	-0.728	-0.733	-0.730	-0.781	-0.383	-0.727	-0.778	-0.779	-0.366	-0.371	-0.738	-0.708	-0.410	-0.711	-0.417	-0.711	-0.420	-0.734	-0.374	-0.375	-0.766	-0.399	-0.712	-0.416	-0.382	-0.388	-0.735	-0.388	-0.388	-0.388	-0.395	-0.717	-0.718	-0.718	-0.718	-0.404	-0.412	-0.725	-0.413	-0.734	-0.710	-0.425	-0.774	-0.697	-0.461	-0.420	-0.424	-0.763	-0.757	-0.746	-0.734	-0.403	-0.426	-0.735	-0.436	-0.750	-0.732	-0.758	-0.736	-0.760	-0.646	-0.738	-0.738	-0.743	-0.763	-0.685	-0.733	-0.756	-0.326	-0.748	-0.730	-0.758	-0.748	-0.759	-0.697	-0.712	-0.658	-0.716	-0.715	-0.720	-0.734	-0.682	-0.721	-0.715	-0.686	-0.602	-0.716	-0.717	-0.717	-0.468	-0.682	-0.718	-0.592	-0.614	-0.746	-0.739	-0.714	-0.738	-0.679	-0.738	-0.737	-0.658	-0.658	-0.470	-0.645	-0.670	-0.719	-0.674	-0.723	-0.647	-0.599	-0.671	-0.734	-0.667	
rs6051460      -0.784	-0.782	-0.474	-0.787	-0.655	-0.375	-0.382	-0.662	-0.410	-0.714	-0.784	-0.410	-0.784	-0.406	-0.783	-0.373	-0.410	-0.772	-0.786	-0.784	-0.366	-0.773	-0.780	-0.773	-0.773	-0.664	-0.417	-0.367	-0.271	-0.323	-0.367	-0.663	-0.773	-0.784	-0.645	-0.777	-0.785	-0.785	-0.396	-0.782	-0.786	-0.786	-0.368	-0.414	-0.785	-0.780	-0.367	-0.651	-0.783	-0.654	-0.784	-0.780	-0.656	-0.786	-0.636	-0.636	-0.782	-0.633	-0.784	-0.756	-0.733	-0.699	-0.731	-0.736	-0.733	-0.784	-0.388	-0.730	-0.781	-0.783	-0.368	-0.374	-0.742	-0.711	-0.414	-0.714	-0.421	-0.714	-0.423	-0.737	-0.376	-0.378	-0.770	-0.404	-0.715	-0.418	-0.385	-0.390	-0.738	-0.390	-0.390	-0.390	-0.397	-0.721	-0.721	-0.721	-0.721	-0.408	-0.415	-0.729	-0.416	-0.737	-0.713	-0.430	-0.777	-0.700	-0.464	-0.423	-0.427	-0.766	-0.760	-0.750	-0.737	-0.404	-0.430	-0.738	-0.441	-0.753	-0.735	-0.761	-0.739	-0.763	-0.650	-0.741	-0.741	-0.746	-0.766	-0.688	-0.736	-0.759	-0.326	-0.751	-0.733	-0.761	-0.751	-0.762	-0.700	-0.715	-0.662	-0.719	-0.718	-0.723	-0.737	-0.685	-0.724	-0.718	-0.688	-0.606	-0.719	-0.720	-0.720	-0.471	-0.685	-0.721	-0.596	-0.617	-0.749	-0.742	-0.717	-0.742	-0.683	-0.741	-0.741	-0.662	-0.662	-0.474	-0.649	-0.674	-0.722	-0.678	-0.726	-0.651	-0.602	-0.675	-0.738	-0.671	
rs62207188     -0.728	-0.723	-0.397	-0.729	-0.603	-0.331	-0.328	-0.610	-0.346	-0.648	-0.725	-0.345	-0.725	-0.353	-0.723	-0.322	-0.344	-0.718	-0.728	-0.725	-0.322	-0.719	-0.721	-0.719	-0.719	-0.612	-0.357	-0.322	-0.323	-0.207	-0.322	-0.611	-0.719	-0.725	-0.593	-0.723	-0.726	-0.726	-0.320	-0.727	-0.728	-0.728	-0.324	-0.345	-0.728	-0.725	-0.323	-0.591	-0.724	-0.594	-0.725	-0.725	-0.596	-0.728	-0.584	-0.584	-0.722	-0.582	-0.727	-0.704	-0.682	-0.645	-0.680	-0.685	-0.682	-0.729	-0.306	-0.680	-0.726	-0.728	-0.329	-0.329	-0.679	-0.657	-0.347	-0.664	-0.340	-0.664	-0.369	-0.677	-0.334	-0.334	-0.710	-0.325	-0.660	-0.374	-0.335	-0.337	-0.687	-0.337	-0.337	-0.337	-0.341	-0.666	-0.666	-0.666	-0.666	-0.346	-0.360	-0.673	-0.352	-0.675	-0.664	-0.341	-0.723	-0.651	-0.421	-0.367	-0.371	-0.714	-0.702	-0.689	-0.681	-0.372	-0.372	-0.681	-0.360	-0.696	-0.677	-0.709	-0.688	-0.711	-0.590	-0.690	-0.690	-0.695	-0.713	-0.639	-0.685	-0.707	-0.313	-0.700	-0.683	-0.709	-0.696	-0.710	-0.651	-0.665	-0.602	-0.669	-0.668	-0.672	-0.679	-0.637	-0.674	-0.668	-0.640	-0.544	-0.669	-0.670	-0.670	-0.419	-0.636	-0.671	-0.531	-0.556	-0.696	-0.690	-0.667	-0.685	-0.624	-0.685	-0.684	-0.603	-0.603	-0.418	-0.589	-0.615	-0.668	-0.619	-0.672	-0.591	-0.546	-0.615	-0.686	-0.611	
rs1621041      -0.781	-0.779	-0.470	-0.783	-0.652	-0.373	-0.380	-0.659	-0.406	-0.710	-0.780	-0.406	-0.781	-0.404	-0.779	-0.369	-0.406	-0.769	-0.783	-0.781	-0.364	-0.769	-0.777	-0.769	-0.769	-0.661	-0.414	-0.364	-0.367	-0.322	-0.267	-0.660	-0.770	-0.781	-0.642	-0.774	-0.781	-0.782	-0.391	-0.779	-0.783	-0.783	-0.365	-0.410	-0.782	-0.777	-0.364	-0.647	-0.780	-0.650	-0.780	-0.777	-0.652	-0.783	-0.633	-0.633	-0.778	-0.630	-0.781	-0.753	-0.730	-0.696	-0.728	-0.733	-0.730	-0.781	-0.383	-0.727	-0.778	-0.780	-0.366	-0.371	-0.738	-0.708	-0.410	-0.711	-0.417	-0.711	-0.420	-0.734	-0.374	-0.375	-0.766	-0.399	-0.712	-0.416	-0.382	-0.388	-0.735	-0.388	-0.388	-0.388	-0.395	-0.718	-0.718	-0.718	-0.718	-0.404	-0.411	-0.725	-0.413	-0.734	-0.710	-0.425	-0.774	-0.697	-0.461	-0.420	-0.424	-0.763	-0.757	-0.746	-0.734	-0.403	-0.426	-0.735	-0.436	-0.750	-0.732	-0.758	-0.736	-0.760	-0.646	-0.738	-0.738	-0.743	-0.763	-0.685	-0.733	-0.756	-0.326	-0.748	-0.730	-0.758	-0.748	-0.759	-0.697	-0.712	-0.658	-0.716	-0.715	-0.720	-0.734	-0.682	-0.721	-0.715	-0.686	-0.602	-0.716	-0.717	-0.717	-0.468	-0.682	-0.718	-0.592	-0.614	-0.746	-0.739	-0.714	-0.738	-0.679	-0.738	-0.737	-0.658	-0.658	-0.470	-0.645	-0.670	-0.719	-0.674	-0.723	-0.647	-0.599	-0.671	-0.734	-0.667	
