## Summary of overall evidence for association with region:
## log10(BF for region) = 0.0633173
## p-value for region = NA

## BFs for choosing among multi-SNP models:
## log10(average 1-SNP BF) = 0.0655332
## log10(average 2-SNP BF) = 0.0588512

## Example posterior probabilities for multi-SNP models, based on default prior: [p(l) propto 0.5^l for l=1,2,...,L]
## posterior probability of 1-SNP = 0.670077
## posterior probability of 2-SNP = 0.329923

## log10(BF) for single SNP and pair of SNPs:
rs9298503      +0.177	-0.012	-0.183	-0.167	-0.183	-0.183	-0.187	-0.179	-0.179	-0.162	+1.141	+1.216	+0.017	-0.172	+0.089	-0.163	+0.074	+0.074	+0.073	-0.129	+0.069	+1.050	-0.156	+0.069	-0.154	-0.048	+0.065	-0.153	+0.067	-0.052	-0.063	-0.044	-0.044	-0.063	-0.043	-0.049	-0.048	+1.148	-0.056	-0.141	-0.179	+1.142	-0.087	-0.094	-0.023	-0.091	-0.092	-0.019	-0.147	-0.038	-0.017	+0.062	-0.014	-0.015	-0.013	-0.013	-0.012	+0.074	+0.081	+0.081	-0.192	+0.059	+0.069	-0.103	-0.102	+0.073	+0.061	+0.056	+0.074	-0.058	+0.029	-0.098	+0.027	+0.020	+0.014	-0.013	-0.060	-0.049	-0.138	+0.017	-0.009	-0.097	-0.228	-0.098	+0.854	-0.144	+1.003	-0.283	-0.282	-0.292	-0.292	-0.283	-0.144	-0.286	-0.268	-0.144	-0.144	-0.144	+0.906	-0.144	-0.139	+0.826	-0.093	-0.117	-0.274	-0.117	-0.239	-0.266	-0.292	-0.188	-0.193	-0.191	-0.207	-0.351	-0.216	-0.212	-0.218	-0.218	-0.213	-0.220	-0.216	-0.223	-0.158	-0.165	-0.164	-0.143	-0.200	-0.050	-0.179	-0.118	-0.114	-0.111	-0.111	-0.111	-0.123	+0.042	-0.069	-0.084	-0.087	-0.089	-0.144	-0.113	-0.112	-0.101	-0.098	-0.081	-0.150	-0.141	-0.063	-0.039	
rs10102293     -0.012	-0.541	-0.735	-0.715	-0.735	-0.735	-0.741	-0.729	-0.729	-0.708	+0.669	+0.767	-0.683	-0.720	-0.106	-0.707	-0.126	-0.129	-0.137	-0.665	-0.140	+0.567	-0.699	-0.119	-0.696	+0.580	-0.077	-0.695	-0.132	+0.557	-0.727	+0.590	+0.592	-0.727	+0.593	+0.565	+0.567	+0.689	+0.544	-0.679	+0.341	+0.682	-0.726	-0.723	+0.649	-0.725	-0.725	+0.659	-0.686	+0.595	+0.664	-0.205	+0.672	+0.669	+0.674	+0.675	+0.678	-0.051	-0.033	-0.033	-0.652	-0.138	-0.058	-0.733	-0.733	-0.048	-0.120	-0.371	-0.268	-0.751	-0.241	-0.768	-0.142	-0.145	-0.159	-0.509	-0.718	-0.708	-0.793	-0.707	-0.666	-0.751	-0.877	-0.752	+0.017	-0.795	+0.223	-0.936	-0.935	-0.935	-0.935	-0.936	-0.795	-0.937	-0.924	-0.795	-0.795	-0.795	+0.060	-0.795	-0.790	-0.009	-0.743	-0.767	-0.929	-0.767	-0.886	-0.893	-0.926	-0.817	-0.823	-0.821	-0.838	-1.003	-0.847	-0.842	-0.848	-0.848	-0.844	-0.850	-0.848	-0.855	-0.789	-0.795	-0.795	-0.772	-0.835	-0.667	-0.842	-0.788	-0.783	-0.730	-0.730	-0.730	-0.742	-0.576	-0.754	-0.702	-0.705	-0.707	-0.819	-0.793	-0.791	-0.719	-0.716	-0.696	-0.825	-0.817	-0.677	-0.652	
rs34053340     -0.183	-0.735	-0.493	-0.610	-0.616	-0.616	-0.617	-0.616	-0.616	-0.607	+0.635	+0.722	-0.710	-0.616	-0.256	-0.613	-0.270	-0.272	-0.278	-0.572	-0.280	+0.554	-0.612	-0.262	-0.610	-0.182	-0.221	-0.610	-0.273	-0.195	-0.769	-0.175	-0.174	-0.770	-0.173	-0.189	-0.187	+0.655	-0.202	-0.596	-0.467	+0.649	-0.788	-0.794	-0.135	-0.792	-0.792	-0.128	-0.605	-0.169	-0.124	-0.331	-0.119	-0.121	-0.118	-0.117	-0.115	-0.198	-0.183	-0.183	-0.867	-0.277	-0.203	-0.802	-0.801	-0.195	-0.262	-0.459	-0.383	-0.766	-0.355	-0.796	-0.257	-0.255	-0.265	-0.455	-0.643	-0.647	-0.724	-0.659	-0.601	-0.678	-0.814	-0.682	+0.065	-0.729	+0.264	-0.897	-0.896	-0.887	-0.887	-0.897	-0.729	-0.897	-0.887	-0.729	-0.729	-0.729	+0.107	-0.729	-0.723	+0.039	-0.674	-0.700	-0.890	-0.700	-0.841	-0.854	-0.887	-0.778	-0.784	-0.782	-0.798	-0.964	-0.807	-0.802	-0.809	-0.809	-0.804	-0.811	-0.808	-0.815	-0.750	-0.757	-0.756	-0.735	-0.791	-0.612	-0.808	-0.756	-0.752	-0.681	-0.682	-0.681	-0.694	-0.526	-0.719	-0.653	-0.656	-0.659	-0.783	-0.757	-0.756	-0.671	-0.668	-0.649	-0.788	-0.780	-0.630	-0.605	
rs71517565     -0.167	-0.715	-0.610	-0.480	-0.610	-0.610	-0.609	-0.613	-0.613	-0.602	+0.637	+0.724	-0.689	-0.606	-0.240	-0.609	-0.254	-0.256	-0.262	-0.582	-0.264	+0.557	-0.611	-0.246	-0.610	-0.199	-0.204	-0.610	-0.257	-0.213	-0.749	-0.192	-0.191	-0.749	-0.190	-0.208	-0.206	+0.657	-0.220	-0.601	-0.476	+0.652	-0.768	-0.774	-0.153	-0.772	-0.773	-0.146	-0.608	-0.187	-0.143	-0.316	-0.138	-0.140	-0.136	-0.136	-0.134	-0.181	-0.167	-0.167	-0.849	-0.261	-0.187	-0.782	-0.782	-0.179	-0.246	-0.444	-0.367	-0.745	-0.339	-0.776	-0.241	-0.238	-0.249	-0.443	-0.630	-0.634	-0.711	-0.648	-0.589	-0.665	-0.801	-0.669	+0.076	-0.716	+0.274	-0.885	-0.884	-0.876	-0.876	-0.886	-0.716	-0.886	-0.876	-0.716	-0.716	-0.716	+0.118	-0.716	-0.711	+0.050	-0.661	-0.687	-0.879	-0.687	-0.830	-0.842	-0.876	-0.767	-0.772	-0.770	-0.787	-0.953	-0.796	-0.791	-0.798	-0.798	-0.793	-0.799	-0.797	-0.804	-0.739	-0.746	-0.745	-0.724	-0.780	-0.600	-0.797	-0.745	-0.741	-0.670	-0.670	-0.670	-0.682	-0.514	-0.707	-0.642	-0.645	-0.647	-0.771	-0.746	-0.744	-0.659	-0.656	-0.637	-0.776	-0.769	-0.618	-0.593	
rs6992599      -0.183	-0.735	-0.616	-0.610	-0.493	-0.616	-0.617	-0.616	-0.616	-0.607	+0.635	+0.722	-0.710	-0.616	-0.256	-0.613	-0.270	-0.272	-0.278	-0.572	-0.280	+0.554	-0.612	-0.262	-0.610	-0.182	-0.220	-0.610	-0.273	-0.195	-0.769	-0.175	-0.174	-0.769	-0.173	-0.189	-0.187	+0.655	-0.202	-0.596	-0.467	+0.649	-0.788	-0.794	-0.135	-0.791	-0.792	-0.128	-0.605	-0.169	-0.125	-0.331	-0.120	-0.121	-0.118	-0.117	-0.116	-0.198	-0.183	-0.183	-0.867	-0.277	-0.203	-0.802	-0.801	-0.195	-0.261	-0.459	-0.382	-0.766	-0.355	-0.795	-0.257	-0.255	-0.265	-0.455	-0.643	-0.646	-0.724	-0.659	-0.601	-0.678	-0.814	-0.682	+0.065	-0.729	+0.264	-0.897	-0.896	-0.887	-0.887	-0.897	-0.729	-0.897	-0.887	-0.729	-0.729	-0.729	+0.107	-0.729	-0.723	+0.039	-0.674	-0.700	-0.890	-0.700	-0.841	-0.854	-0.887	-0.778	-0.783	-0.782	-0.798	-0.964	-0.807	-0.802	-0.809	-0.809	-0.804	-0.811	-0.808	-0.815	-0.750	-0.757	-0.756	-0.735	-0.791	-0.612	-0.808	-0.756	-0.752	-0.681	-0.682	-0.681	-0.694	-0.526	-0.719	-0.653	-0.656	-0.659	-0.783	-0.757	-0.756	-0.671	-0.668	-0.649	-0.788	-0.780	-0.630	-0.605	
rs6988546      -0.183	-0.735	-0.616	-0.610	-0.616	-0.493	-0.617	-0.616	-0.616	-0.607	+0.635	+0.722	-0.710	-0.616	-0.256	-0.613	-0.270	-0.272	-0.278	-0.572	-0.280	+0.554	-0.612	-0.262	-0.610	-0.182	-0.220	-0.610	-0.273	-0.195	-0.769	-0.175	-0.174	-0.769	-0.173	-0.189	-0.187	+0.655	-0.202	-0.596	-0.467	+0.649	-0.788	-0.794	-0.135	-0.791	-0.792	-0.128	-0.605	-0.169	-0.125	-0.331	-0.120	-0.121	-0.118	-0.117	-0.115	-0.198	-0.183	-0.183	-0.867	-0.277	-0.203	-0.802	-0.801	-0.195	-0.261	-0.459	-0.382	-0.766	-0.355	-0.795	-0.257	-0.255	-0.265	-0.455	-0.643	-0.647	-0.724	-0.659	-0.601	-0.678	-0.814	-0.682	+0.065	-0.729	+0.264	-0.897	-0.896	-0.887	-0.887	-0.897	-0.729	-0.897	-0.887	-0.729	-0.729	-0.729	+0.107	-0.729	-0.723	+0.039	-0.674	-0.700	-0.890	-0.700	-0.841	-0.854	-0.887	-0.778	-0.784	-0.782	-0.798	-0.964	-0.807	-0.802	-0.809	-0.809	-0.804	-0.811	-0.808	-0.815	-0.750	-0.757	-0.756	-0.735	-0.791	-0.612	-0.808	-0.756	-0.752	-0.681	-0.682	-0.681	-0.694	-0.526	-0.719	-0.653	-0.656	-0.659	-0.783	-0.757	-0.756	-0.671	-0.668	-0.649	-0.788	-0.780	-0.630	-0.605	
rs6992754      -0.187	-0.741	-0.617	-0.609	-0.617	-0.617	-0.496	-0.617	-0.617	-0.605	+0.635	+0.722	-0.715	-0.616	-0.260	-0.611	-0.274	-0.276	-0.282	-0.567	-0.284	+0.554	-0.610	-0.266	-0.608	-0.177	-0.224	-0.608	-0.277	-0.190	-0.774	-0.170	-0.168	-0.775	-0.167	-0.184	-0.182	+0.655	-0.197	-0.593	-0.464	+0.649	-0.793	-0.799	-0.130	-0.797	-0.797	-0.122	-0.603	-0.163	-0.119	-0.335	-0.114	-0.116	-0.112	-0.112	-0.110	-0.202	-0.187	-0.187	-0.871	-0.281	-0.207	-0.807	-0.806	-0.199	-0.265	-0.462	-0.386	-0.771	-0.359	-0.801	-0.261	-0.259	-0.269	-0.458	-0.647	-0.650	-0.727	-0.662	-0.604	-0.681	-0.817	-0.685	+0.063	-0.732	+0.261	-0.899	-0.898	-0.890	-0.890	-0.899	-0.732	-0.900	-0.890	-0.732	-0.732	-0.732	+0.105	-0.732	-0.726	+0.037	-0.677	-0.703	-0.893	-0.703	-0.844	-0.856	-0.890	-0.780	-0.786	-0.784	-0.801	-0.967	-0.810	-0.805	-0.812	-0.811	-0.807	-0.813	-0.811	-0.818	-0.753	-0.760	-0.759	-0.738	-0.794	-0.615	-0.811	-0.759	-0.755	-0.684	-0.684	-0.684	-0.697	-0.529	-0.722	-0.656	-0.659	-0.662	-0.785	-0.760	-0.758	-0.674	-0.671	-0.652	-0.790	-0.783	-0.632	-0.608	
rs7011369      -0.179	-0.729	-0.616	-0.613	-0.616	-0.616	-0.617	-0.490	-0.612	-0.606	+0.636	+0.723	-0.704	-0.618	-0.252	-0.615	-0.266	-0.268	-0.274	-0.580	-0.276	+0.555	-0.615	-0.258	-0.614	-0.187	-0.216	-0.613	-0.269	-0.200	-0.764	-0.180	-0.179	-0.764	-0.178	-0.195	-0.193	+0.656	-0.207	-0.601	-0.470	+0.650	-0.783	-0.789	-0.141	-0.786	-0.787	-0.133	-0.609	-0.174	-0.130	-0.327	-0.125	-0.127	-0.123	-0.123	-0.121	-0.194	-0.179	-0.179	-0.862	-0.273	-0.199	-0.797	-0.796	-0.191	-0.258	-0.455	-0.379	-0.761	-0.351	-0.791	-0.253	-0.251	-0.261	-0.452	-0.640	-0.643	-0.721	-0.656	-0.598	-0.675	-0.811	-0.678	+0.068	-0.726	+0.266	-0.894	-0.893	-0.884	-0.884	-0.894	-0.726	-0.894	-0.885	-0.725	-0.725	-0.725	+0.110	-0.725	-0.720	+0.042	-0.671	-0.697	-0.887	-0.697	-0.838	-0.851	-0.884	-0.775	-0.781	-0.779	-0.795	-0.962	-0.804	-0.799	-0.806	-0.806	-0.801	-0.808	-0.805	-0.812	-0.748	-0.754	-0.753	-0.733	-0.789	-0.609	-0.805	-0.753	-0.749	-0.678	-0.679	-0.678	-0.691	-0.523	-0.716	-0.650	-0.653	-0.656	-0.780	-0.754	-0.753	-0.668	-0.665	-0.646	-0.785	-0.777	-0.627	-0.602	
rs80028633     -0.179	-0.729	-0.616	-0.613	-0.616	-0.616	-0.617	-0.612	-0.490	-0.606	+0.636	+0.723	-0.704	-0.618	-0.252	-0.615	-0.266	-0.268	-0.274	-0.580	-0.276	+0.555	-0.615	-0.258	-0.614	-0.187	-0.216	-0.613	-0.269	-0.200	-0.764	-0.180	-0.179	-0.764	-0.178	-0.195	-0.193	+0.656	-0.208	-0.601	-0.470	+0.650	-0.783	-0.789	-0.141	-0.786	-0.787	-0.134	-0.609	-0.174	-0.130	-0.327	-0.125	-0.127	-0.124	-0.123	-0.121	-0.194	-0.179	-0.179	-0.862	-0.273	-0.199	-0.797	-0.796	-0.191	-0.257	-0.455	-0.379	-0.761	-0.351	-0.790	-0.253	-0.251	-0.261	-0.452	-0.640	-0.643	-0.721	-0.656	-0.598	-0.675	-0.811	-0.678	+0.068	-0.726	+0.266	-0.894	-0.893	-0.884	-0.884	-0.894	-0.726	-0.894	-0.884	-0.725	-0.725	-0.725	+0.110	-0.725	-0.720	+0.042	-0.671	-0.697	-0.887	-0.697	-0.838	-0.851	-0.884	-0.775	-0.781	-0.779	-0.795	-0.961	-0.804	-0.799	-0.806	-0.806	-0.801	-0.808	-0.805	-0.812	-0.747	-0.754	-0.753	-0.732	-0.788	-0.609	-0.805	-0.753	-0.749	-0.678	-0.679	-0.678	-0.691	-0.523	-0.716	-0.650	-0.653	-0.656	-0.780	-0.754	-0.753	-0.668	-0.665	-0.646	-0.785	-0.777	-0.627	-0.602	
rs34364723     -0.162	-0.708	-0.607	-0.602	-0.607	-0.607	-0.605	-0.606	-0.606	-0.477	+0.638	+0.725	-0.682	-0.605	-0.235	-0.609	-0.249	-0.251	-0.258	-0.587	-0.259	+0.558	-0.611	-0.241	-0.611	-0.205	-0.200	-0.611	-0.252	-0.218	-0.743	-0.198	-0.196	-0.743	-0.195	-0.213	-0.211	+0.658	-0.225	-0.603	-0.479	+0.653	-0.762	-0.768	-0.159	-0.766	-0.767	-0.152	-0.609	-0.193	-0.149	-0.311	-0.144	-0.146	-0.142	-0.142	-0.140	-0.177	-0.162	-0.162	-0.844	-0.256	-0.182	-0.776	-0.776	-0.174	-0.241	-0.440	-0.363	-0.739	-0.335	-0.770	-0.236	-0.234	-0.244	-0.440	-0.626	-0.630	-0.707	-0.645	-0.585	-0.661	-0.798	-0.665	+0.079	-0.712	+0.278	-0.882	-0.881	-0.872	-0.872	-0.882	-0.712	-0.882	-0.873	-0.712	-0.712	-0.712	+0.121	-0.712	-0.707	+0.053	-0.657	-0.684	-0.875	-0.683	-0.826	-0.839	-0.873	-0.763	-0.769	-0.767	-0.784	-0.950	-0.793	-0.788	-0.794	-0.794	-0.790	-0.796	-0.794	-0.800	-0.736	-0.742	-0.742	-0.721	-0.777	-0.597	-0.793	-0.741	-0.737	-0.666	-0.666	-0.666	-0.679	-0.511	-0.704	-0.638	-0.641	-0.644	-0.768	-0.742	-0.741	-0.656	-0.653	-0.634	-0.773	-0.765	-0.614	-0.590	
rs55892921     +1.141	+0.669	+0.635	+0.637	+0.635	+0.635	+0.635	+0.636	+0.636	+0.638	+1.141	+1.176	+0.650	+0.637	+1.079	+0.638	+1.066	+1.065	+1.059	+0.646	+1.057	+1.042	+0.638	+1.070	+0.639	+0.851	+1.102	+0.639	+1.062	+0.844	+0.681	+0.855	+0.855	+0.681	+0.856	+0.847	+0.848	+1.106	+0.841	+0.641	+0.801	+1.102	+0.695	+0.701	+0.875	+0.698	+0.699	+0.879	+0.640	+0.858	+0.881	+1.015	+0.884	+0.883	+0.885	+0.885	+0.886	+1.119	+1.132	+1.132	+0.785	+1.059	+1.115	+0.702	+0.701	+1.123	+1.071	+0.925	+0.974	+0.666	+0.994	+0.682	+1.072	+1.078	+1.074	+0.832	+0.879	+0.885	+0.794	+0.870	+0.930	+0.840	+0.696	+0.840	+1.656	+0.790	+1.864	+0.642	+0.643	+0.633	+0.633	+0.641	+0.789	+0.638	+0.657	+0.790	+0.790	+0.790	+1.700	+0.790	+0.795	+1.629	+0.847	+0.821	+0.650	+0.821	+0.688	+0.661	+0.643	+0.723	+0.718	+0.719	+0.704	+0.581	+0.695	+0.700	+0.694	+0.694	+0.698	+0.692	+0.697	+0.690	+0.754	+0.749	+0.749	+0.788	+0.723	+0.892	+0.804	+0.877	+0.878	+0.817	+0.816	+0.817	+0.806	+0.970	+0.915	+0.844	+0.841	+0.839	+0.828	+0.862	+0.865	+0.826	+0.829	+0.850	+0.818	+0.830	+0.870	+0.899	
rs2656230      +1.216	+0.767	+0.722	+0.724	+0.722	+0.722	+0.722	+0.723	+0.723	+0.725	+1.176	+1.235	+0.747	+0.724	+1.155	+0.725	+1.142	+1.141	+1.135	+0.732	+1.133	+1.122	+0.725	+1.146	+0.725	+0.926	+1.177	+0.725	+1.138	+0.919	+0.780	+0.930	+0.930	+0.780	+0.931	+0.922	+0.923	+1.166	+0.916	+0.728	+0.880	+1.163	+0.795	+0.801	+0.950	+0.798	+0.799	+0.954	+0.726	+0.933	+0.955	+1.092	+0.958	+0.957	+0.959	+0.959	+0.960	+1.194	+1.206	+1.206	+0.889	+1.135	+1.190	+0.802	+0.801	+1.198	+1.146	+1.004	+1.052	+0.764	+1.071	+0.781	+1.148	+1.154	+1.150	+0.911	+0.965	+0.971	+0.879	+0.958	+1.015	+0.925	+0.782	+0.925	+1.747	+0.875	+1.956	+0.730	+0.732	+0.721	+0.721	+0.730	+0.875	+0.727	+0.746	+0.875	+0.875	+0.875	+1.791	+0.875	+0.880	+1.720	+0.932	+0.906	+0.739	+0.906	+0.776	+0.748	+0.730	+0.809	+0.803	+0.805	+0.790	+0.669	+0.781	+0.786	+0.780	+0.780	+0.784	+0.778	+0.783	+0.777	+0.840	+0.835	+0.835	+0.874	+0.810	+0.979	+0.895	+0.969	+0.970	+0.903	+0.903	+0.903	+0.892	+1.057	+1.007	+0.930	+0.927	+0.925	+0.919	+0.954	+0.957	+0.913	+0.916	+0.937	+0.909	+0.921	+0.956	+0.985	
rs2719348      +0.017	-0.683	-0.710	-0.689	-0.710	-0.710	-0.715	-0.704	-0.704	-0.682	+0.650	+0.747	-0.525	-0.693	-0.075	-0.680	-0.096	-0.098	-0.106	-0.637	-0.109	+0.550	-0.672	-0.089	-0.668	+0.659	-0.045	-0.667	-0.101	+0.662	-0.676	+0.669	+0.671	-0.676	+0.672	+0.670	+0.673	+0.670	+0.649	-0.651	+0.448	+0.663	-0.663	-0.656	+0.730	-0.660	-0.659	+0.741	-0.659	+0.702	+0.746	-0.175	+0.754	+0.751	+0.756	+0.757	+0.760	-0.019	-0.001	-0.001	-0.525	-0.107	-0.026	-0.673	-0.674	-0.016	-0.089	-0.344	-0.239	-0.718	-0.212	-0.731	-0.113	-0.108	-0.123	-0.492	-0.703	-0.693	-0.778	-0.692	-0.651	-0.736	-0.862	-0.737	+0.032	-0.780	+0.239	-0.920	-0.919	-0.920	-0.920	-0.921	-0.780	-0.922	-0.909	-0.780	-0.780	-0.780	+0.076	-0.780	-0.775	+0.006	-0.728	-0.752	-0.913	-0.752	-0.871	-0.877	-0.911	-0.801	-0.807	-0.805	-0.822	-0.988	-0.831	-0.826	-0.833	-0.833	-0.828	-0.835	-0.832	-0.839	-0.773	-0.780	-0.779	-0.756	-0.819	-0.651	-0.826	-0.772	-0.767	-0.714	-0.714	-0.714	-0.726	-0.560	-0.738	-0.686	-0.689	-0.691	-0.804	-0.777	-0.776	-0.703	-0.700	-0.681	-0.810	-0.802	-0.661	-0.637	
rs71517566     -0.172	-0.720	-0.616	-0.606	-0.616	-0.616	-0.616	-0.618	-0.618	-0.605	+0.637	+0.724	-0.693	-0.483	-0.244	-0.606	-0.258	-0.260	-0.266	-0.574	-0.268	+0.556	-0.607	-0.250	-0.606	-0.193	-0.208	-0.606	-0.261	-0.207	-0.753	-0.186	-0.185	-0.754	-0.184	-0.202	-0.200	+0.657	-0.214	-0.595	-0.473	+0.651	-0.773	-0.779	-0.147	-0.776	-0.777	-0.140	-0.603	-0.181	-0.137	-0.320	-0.132	-0.134	-0.130	-0.129	-0.128	-0.186	-0.171	-0.171	-0.853	-0.265	-0.191	-0.787	-0.786	-0.183	-0.250	-0.448	-0.371	-0.750	-0.343	-0.780	-0.245	-0.243	-0.253	-0.446	-0.633	-0.637	-0.714	-0.651	-0.592	-0.668	-0.805	-0.672	+0.073	-0.719	+0.272	-0.888	-0.887	-0.879	-0.879	-0.888	-0.719	-0.889	-0.879	-0.719	-0.719	-0.719	+0.115	-0.719	-0.714	+0.047	-0.664	-0.691	-0.882	-0.690	-0.833	-0.845	-0.879	-0.769	-0.775	-0.773	-0.790	-0.956	-0.799	-0.794	-0.800	-0.800	-0.796	-0.802	-0.800	-0.806	-0.742	-0.749	-0.748	-0.727	-0.783	-0.604	-0.799	-0.748	-0.743	-0.673	-0.673	-0.673	-0.685	-0.517	-0.710	-0.645	-0.648	-0.650	-0.774	-0.748	-0.747	-0.662	-0.659	-0.640	-0.779	-0.772	-0.621	-0.596	
rs4738801      +0.089	-0.106	-0.256	-0.240	-0.256	-0.256	-0.260	-0.252	-0.252	-0.235	+1.079	+1.155	-0.075	-0.244	+0.100	-0.235	+0.024	+0.022	+0.019	-0.202	+0.016	+0.988	-0.229	+0.023	-0.227	-0.094	+0.031	-0.226	+0.017	-0.099	-0.150	-0.090	-0.090	-0.151	-0.089	-0.096	-0.095	+1.086	-0.102	-0.214	-0.232	+1.080	-0.173	-0.180	-0.068	-0.178	-0.179	-0.064	-0.219	-0.084	-0.062	-0.006	-0.059	-0.060	-0.058	-0.058	-0.057	+0.045	+0.056	+0.056	-0.274	+0.009	+0.039	-0.189	-0.188	+0.044	+0.017	-0.037	-0.011	-0.146	-0.037	-0.184	-0.017	-0.024	-0.031	-0.073	-0.129	-0.119	-0.207	-0.058	-0.078	-0.166	-0.297	-0.167	+0.769	-0.213	+0.922	-0.352	-0.351	-0.360	-0.360	-0.353	-0.213	-0.355	-0.338	-0.213	-0.213	-0.213	+0.821	-0.213	-0.208	+0.742	-0.162	-0.186	-0.343	-0.186	-0.307	-0.334	-0.360	-0.255	-0.261	-0.259	-0.275	-0.420	-0.284	-0.279	-0.286	-0.286	-0.281	-0.287	-0.284	-0.291	-0.226	-0.233	-0.232	-0.211	-0.268	-0.116	-0.250	-0.189	-0.185	-0.178	-0.178	-0.178	-0.190	-0.024	-0.141	-0.151	-0.154	-0.156	-0.215	-0.185	-0.183	-0.168	-0.165	-0.148	-0.221	-0.212	-0.129	-0.106	
rs79169193     -0.163	-0.707	-0.613	-0.609	-0.613	-0.613	-0.611	-0.615	-0.615	-0.609	+0.638	+0.725	-0.680	-0.606	-0.235	-0.476	-0.248	-0.250	-0.256	-0.573	-0.258	+0.557	-0.598	-0.240	-0.597	-0.203	-0.198	-0.597	-0.251	-0.216	-0.740	-0.195	-0.194	-0.740	-0.193	-0.210	-0.208	+0.658	-0.222	-0.588	-0.477	+0.652	-0.759	-0.765	-0.156	-0.763	-0.764	-0.149	-0.594	-0.189	-0.146	-0.310	-0.141	-0.143	-0.139	-0.139	-0.137	-0.175	-0.161	-0.161	-0.842	-0.255	-0.181	-0.773	-0.773	-0.173	-0.240	-0.439	-0.362	-0.735	-0.334	-0.766	-0.235	-0.233	-0.243	-0.440	-0.626	-0.630	-0.707	-0.644	-0.584	-0.661	-0.797	-0.664	+0.079	-0.712	+0.278	-0.881	-0.881	-0.872	-0.872	-0.882	-0.712	-0.882	-0.872	-0.712	-0.712	-0.712	+0.121	-0.712	-0.706	+0.053	-0.657	-0.683	-0.875	-0.683	-0.826	-0.838	-0.872	-0.763	-0.769	-0.767	-0.783	-0.949	-0.792	-0.787	-0.794	-0.794	-0.789	-0.796	-0.793	-0.800	-0.736	-0.742	-0.742	-0.721	-0.776	-0.597	-0.793	-0.741	-0.737	-0.666	-0.666	-0.666	-0.678	-0.510	-0.704	-0.638	-0.641	-0.643	-0.767	-0.742	-0.740	-0.656	-0.652	-0.634	-0.772	-0.765	-0.614	-0.590	
rs12335302     +0.074	-0.126	-0.270	-0.254	-0.270	-0.270	-0.274	-0.266	-0.266	-0.249	+1.066	+1.142	-0.096	-0.258	+0.024	-0.248	+0.085	+0.022	+0.018	-0.215	+0.016	+0.974	-0.242	+0.024	-0.240	-0.104	+0.032	-0.239	+0.018	-0.108	-0.168	-0.100	-0.099	-0.169	-0.098	-0.105	-0.104	+1.072	-0.111	-0.227	-0.242	+1.066	-0.191	-0.198	-0.077	-0.196	-0.197	-0.073	-0.233	-0.093	-0.071	-0.009	-0.068	-0.069	-0.067	-0.067	-0.066	+0.048	+0.060	+0.060	-0.291	+0.009	+0.041	-0.207	-0.206	+0.047	+0.018	-0.047	-0.013	-0.164	-0.043	-0.202	-0.023	-0.031	-0.038	-0.084	-0.142	-0.132	-0.220	-0.072	-0.092	-0.179	-0.310	-0.180	+0.754	-0.226	+0.906	-0.366	-0.364	-0.373	-0.373	-0.366	-0.226	-0.368	-0.351	-0.226	-0.226	-0.226	+0.805	-0.226	-0.221	+0.726	-0.175	-0.199	-0.357	-0.199	-0.321	-0.347	-0.373	-0.268	-0.273	-0.271	-0.288	-0.433	-0.296	-0.292	-0.298	-0.298	-0.293	-0.300	-0.297	-0.303	-0.239	-0.245	-0.244	-0.224	-0.280	-0.128	-0.264	-0.203	-0.199	-0.190	-0.190	-0.190	-0.202	-0.037	-0.155	-0.163	-0.166	-0.168	-0.229	-0.199	-0.197	-0.180	-0.177	-0.160	-0.235	-0.226	-0.142	-0.118	
rs10958401     +0.074	-0.129	-0.272	-0.256	-0.272	-0.272	-0.276	-0.268	-0.268	-0.251	+1.065	+1.141	-0.098	-0.260	+0.022	-0.250	+0.022	+0.083	+0.017	-0.217	+0.015	+0.972	-0.244	+0.024	-0.242	-0.105	+0.032	-0.241	+0.017	-0.109	-0.171	-0.101	-0.100	-0.172	-0.100	-0.106	-0.105	+1.070	-0.113	-0.229	-0.244	+1.064	-0.194	-0.201	-0.078	-0.198	-0.199	-0.074	-0.234	-0.094	-0.072	-0.010	-0.070	-0.071	-0.068	-0.068	-0.067	+0.048	+0.060	+0.060	-0.294	+0.008	+0.041	-0.209	-0.208	+0.047	+0.017	-0.049	-0.014	-0.166	-0.045	-0.204	-0.024	-0.032	-0.039	-0.086	-0.144	-0.134	-0.222	-0.074	-0.094	-0.181	-0.312	-0.182	+0.751	-0.228	+0.904	-0.368	-0.366	-0.375	-0.375	-0.368	-0.228	-0.370	-0.353	-0.228	-0.228	-0.227	+0.803	-0.228	-0.223	+0.724	-0.177	-0.201	-0.359	-0.201	-0.322	-0.349	-0.375	-0.270	-0.275	-0.273	-0.289	-0.435	-0.298	-0.293	-0.300	-0.300	-0.295	-0.301	-0.299	-0.305	-0.240	-0.247	-0.246	-0.226	-0.282	-0.130	-0.265	-0.205	-0.201	-0.192	-0.192	-0.192	-0.204	-0.038	-0.157	-0.165	-0.168	-0.170	-0.231	-0.201	-0.199	-0.182	-0.179	-0.162	-0.237	-0.228	-0.143	-0.120	
rs7816139      +0.073	-0.137	-0.278	-0.262	-0.278	-0.278	-0.282	-0.274	-0.274	-0.258	+1.059	+1.135	-0.106	-0.266	+0.019	-0.256	+0.018	+0.017	+0.077	-0.224	+0.012	+0.967	-0.250	+0.021	-0.248	-0.109	+0.030	-0.247	+0.014	-0.113	-0.178	-0.105	-0.104	-0.179	-0.103	-0.110	-0.109	+1.064	-0.116	-0.235	-0.248	+1.059	-0.201	-0.208	-0.082	-0.205	-0.206	-0.078	-0.241	-0.098	-0.076	-0.015	-0.073	-0.074	-0.072	-0.072	-0.071	+0.047	+0.060	+0.060	-0.301	+0.005	+0.040	-0.217	-0.216	+0.046	+0.015	-0.057	-0.022	-0.174	-0.050	-0.211	-0.027	-0.035	-0.043	-0.091	-0.150	-0.140	-0.228	-0.081	-0.100	-0.187	-0.318	-0.188	+0.744	-0.234	+0.897	-0.373	-0.372	-0.381	-0.381	-0.374	-0.234	-0.376	-0.359	-0.233	-0.233	-0.233	+0.796	-0.233	-0.228	+0.717	-0.183	-0.207	-0.364	-0.207	-0.328	-0.354	-0.380	-0.275	-0.281	-0.279	-0.295	-0.441	-0.304	-0.299	-0.306	-0.306	-0.301	-0.307	-0.304	-0.311	-0.246	-0.253	-0.252	-0.232	-0.288	-0.136	-0.272	-0.211	-0.207	-0.197	-0.198	-0.198	-0.210	-0.044	-0.163	-0.171	-0.174	-0.176	-0.237	-0.207	-0.205	-0.188	-0.185	-0.167	-0.243	-0.234	-0.149	-0.125	
rs77515033     -0.129	-0.665	-0.572	-0.582	-0.572	-0.572	-0.567	-0.580	-0.580	-0.587	+0.646	+0.732	-0.637	-0.574	-0.202	-0.573	-0.215	-0.217	-0.224	-0.450	-0.225	+0.566	-0.579	-0.207	-0.580	-0.232	-0.165	-0.581	-0.218	-0.243	-0.699	-0.225	-0.224	-0.699	-0.223	-0.238	-0.236	+0.666	-0.250	-0.584	-0.489	+0.661	-0.719	-0.725	-0.187	-0.723	-0.723	-0.181	-0.584	-0.218	-0.178	-0.278	-0.173	-0.175	-0.171	-0.171	-0.169	-0.142	-0.127	-0.127	-0.805	-0.222	-0.147	-0.733	-0.732	-0.139	-0.207	-0.408	-0.330	-0.694	-0.302	-0.726	-0.202	-0.200	-0.211	-0.415	-0.598	-0.603	-0.680	-0.620	-0.557	-0.633	-0.771	-0.637	+0.102	-0.685	+0.301	-0.857	-0.857	-0.847	-0.847	-0.858	-0.685	-0.858	-0.849	-0.685	-0.685	-0.685	+0.144	-0.685	-0.680	+0.076	-0.629	-0.656	-0.851	-0.656	-0.801	-0.814	-0.848	-0.739	-0.745	-0.743	-0.759	-0.925	-0.768	-0.763	-0.770	-0.770	-0.765	-0.772	-0.769	-0.776	-0.711	-0.718	-0.717	-0.696	-0.752	-0.571	-0.768	-0.716	-0.712	-0.641	-0.641	-0.641	-0.653	-0.485	-0.679	-0.613	-0.616	-0.618	-0.743	-0.717	-0.716	-0.630	-0.627	-0.609	-0.748	-0.740	-0.589	-0.564	
rs12542396     +0.069	-0.140	-0.280	-0.264	-0.280	-0.280	-0.284	-0.276	-0.276	-0.259	+1.057	+1.133	-0.109	-0.268	+0.016	-0.258	+0.016	+0.015	+0.012	-0.225	+0.075	+0.964	-0.252	+0.021	-0.250	-0.110	+0.030	-0.249	+0.015	-0.115	-0.181	-0.106	-0.105	-0.182	-0.105	-0.111	-0.110	+1.061	-0.118	-0.237	-0.250	+1.055	-0.203	-0.211	-0.083	-0.208	-0.209	-0.079	-0.242	-0.099	-0.077	-0.015	-0.075	-0.076	-0.074	-0.073	-0.072	+0.048	+0.061	+0.061	-0.303	+0.006	+0.041	-0.219	-0.218	+0.047	+0.016	-0.059	-0.020	-0.176	-0.050	-0.214	-0.027	-0.036	-0.044	-0.092	-0.152	-0.142	-0.230	-0.083	-0.102	-0.189	-0.319	-0.190	+0.742	-0.235	+0.895	-0.375	-0.374	-0.382	-0.382	-0.375	-0.235	-0.378	-0.360	-0.235	-0.235	-0.235	+0.794	-0.235	-0.230	+0.715	-0.184	-0.208	-0.366	-0.208	-0.330	-0.356	-0.382	-0.277	-0.283	-0.281	-0.297	-0.442	-0.306	-0.301	-0.307	-0.307	-0.303	-0.309	-0.306	-0.313	-0.248	-0.254	-0.254	-0.233	-0.290	-0.137	-0.273	-0.213	-0.209	-0.199	-0.199	-0.199	-0.211	-0.046	-0.164	-0.172	-0.175	-0.178	-0.239	-0.209	-0.207	-0.189	-0.186	-0.169	-0.245	-0.235	-0.151	-0.127	
rs2719353      +1.050	+0.567	+0.554	+0.557	+0.554	+0.554	+0.554	+0.555	+0.555	+0.558	+1.042	+1.122	+0.550	+0.556	+0.988	+0.557	+0.974	+0.972	+0.967	+0.566	+0.964	+1.053	+0.558	+0.977	+0.558	+0.782	+1.028	+0.559	+0.969	+0.775	+0.591	+0.786	+0.786	+0.591	+0.787	+0.778	+0.779	+1.070	+0.772	+0.561	+0.729	+1.065	+0.605	+0.609	+0.807	+0.607	+0.608	+0.811	+0.560	+0.789	+0.813	+0.923	+0.815	+0.814	+0.816	+0.817	+0.818	+1.046	+1.058	+1.058	+0.691	+0.966	+1.041	+0.610	+0.610	+1.049	+0.978	+0.836	+0.884	+0.575	+0.920	+0.591	+0.998	+1.004	+0.998	+0.752	+0.795	+0.800	+0.711	+0.788	+0.843	+0.756	+0.614	+0.755	+1.567	+0.704	+1.774	+0.561	+0.563	+0.552	+0.552	+0.561	+0.704	+0.558	+0.577	+0.704	+0.704	+0.704	+1.612	+0.704	+0.709	+1.540	+0.760	+0.735	+0.570	+0.735	+0.607	+0.581	+0.562	+0.643	+0.637	+0.639	+0.623	+0.501	+0.615	+0.620	+0.613	+0.614	+0.618	+0.612	+0.617	+0.610	+0.673	+0.668	+0.668	+0.706	+0.642	+0.813	+0.720	+0.792	+0.794	+0.737	+0.736	+0.737	+0.725	+0.890	+0.829	+0.764	+0.761	+0.758	+0.744	+0.778	+0.780	+0.746	+0.749	+0.771	+0.734	+0.745	+0.790	+0.819	
rs3942820      -0.156	-0.699	-0.612	-0.611	-0.612	-0.612	-0.610	-0.615	-0.615	-0.611	+0.638	+0.725	-0.672	-0.607	-0.229	-0.598	-0.242	-0.244	-0.250	-0.579	-0.252	+0.558	-0.471	-0.234	-0.592	-0.209	-0.192	-0.591	-0.245	-0.222	-0.731	-0.202	-0.201	-0.731	-0.200	-0.216	-0.214	+0.658	-0.228	-0.583	-0.481	+0.652	-0.750	-0.756	-0.163	-0.754	-0.755	-0.156	-0.588	-0.196	-0.153	-0.304	-0.148	-0.150	-0.146	-0.146	-0.144	-0.169	-0.154	-0.154	-0.834	-0.249	-0.174	-0.764	-0.763	-0.166	-0.233	-0.433	-0.355	-0.726	-0.328	-0.757	-0.229	-0.226	-0.237	-0.435	-0.621	-0.625	-0.702	-0.640	-0.579	-0.656	-0.792	-0.659	+0.083	-0.707	+0.282	-0.877	-0.876	-0.867	-0.867	-0.877	-0.707	-0.877	-0.868	-0.707	-0.707	-0.707	+0.125	-0.707	-0.701	+0.057	-0.652	-0.678	-0.871	-0.678	-0.821	-0.834	-0.868	-0.759	-0.765	-0.763	-0.779	-0.945	-0.788	-0.783	-0.790	-0.790	-0.785	-0.792	-0.789	-0.796	-0.731	-0.738	-0.737	-0.716	-0.772	-0.592	-0.788	-0.736	-0.732	-0.661	-0.662	-0.662	-0.674	-0.506	-0.699	-0.634	-0.637	-0.639	-0.763	-0.737	-0.736	-0.651	-0.648	-0.629	-0.768	-0.760	-0.610	-0.585	
rs10112815     +0.069	-0.119	-0.262	-0.246	-0.262	-0.262	-0.266	-0.258	-0.258	-0.241	+1.070	+1.146	-0.089	-0.250	+0.023	-0.240	+0.024	+0.024	+0.021	-0.207	+0.021	+0.977	-0.234	+0.093	-0.231	-0.099	+0.035	-0.230	+0.024	-0.104	-0.161	-0.095	-0.094	-0.161	-0.094	-0.100	-0.099	+1.074	-0.107	-0.218	-0.237	+1.069	-0.183	-0.190	-0.073	-0.188	-0.189	-0.069	-0.224	-0.089	-0.067	+0.004	-0.064	-0.065	-0.063	-0.063	-0.062	+0.052	+0.064	+0.064	-0.283	+0.017	+0.045	-0.199	-0.198	+0.051	+0.025	-0.035	+0.006	-0.156	-0.033	-0.194	-0.018	-0.026	-0.034	-0.078	-0.135	-0.125	-0.213	-0.065	-0.085	-0.172	-0.303	-0.173	+0.762	-0.218	+0.915	-0.358	-0.357	-0.366	-0.366	-0.358	-0.219	-0.361	-0.343	-0.218	-0.218	-0.218	+0.814	-0.218	-0.213	+0.735	-0.168	-0.192	-0.349	-0.191	-0.313	-0.340	-0.365	-0.261	-0.266	-0.264	-0.281	-0.425	-0.289	-0.285	-0.291	-0.291	-0.286	-0.293	-0.290	-0.296	-0.231	-0.238	-0.237	-0.217	-0.273	-0.121	-0.256	-0.196	-0.191	-0.183	-0.183	-0.183	-0.195	-0.030	-0.147	-0.157	-0.159	-0.162	-0.221	-0.191	-0.189	-0.173	-0.170	-0.153	-0.227	-0.218	-0.135	-0.111	
rs2174357      -0.154	-0.696	-0.610	-0.610	-0.610	-0.610	-0.608	-0.614	-0.614	-0.611	+0.639	+0.725	-0.668	-0.606	-0.227	-0.597	-0.240	-0.242	-0.248	-0.580	-0.250	+0.558	-0.592	-0.231	-0.470	-0.212	-0.190	-0.590	-0.243	-0.224	-0.728	-0.205	-0.203	-0.728	-0.202	-0.219	-0.217	+0.659	-0.231	-0.583	-0.482	+0.653	-0.747	-0.753	-0.166	-0.751	-0.752	-0.159	-0.588	-0.198	-0.155	-0.301	-0.151	-0.152	-0.149	-0.148	-0.147	-0.166	-0.152	-0.152	-0.831	-0.246	-0.172	-0.761	-0.760	-0.164	-0.231	-0.431	-0.353	-0.722	-0.325	-0.754	-0.226	-0.224	-0.235	-0.434	-0.619	-0.623	-0.700	-0.638	-0.577	-0.654	-0.791	-0.658	+0.085	-0.705	+0.284	-0.875	-0.875	-0.865	-0.865	-0.876	-0.705	-0.876	-0.867	-0.705	-0.705	-0.705	+0.126	-0.705	-0.700	+0.059	-0.650	-0.676	-0.869	-0.676	-0.820	-0.833	-0.866	-0.757	-0.763	-0.761	-0.777	-0.943	-0.786	-0.782	-0.788	-0.788	-0.784	-0.790	-0.788	-0.794	-0.730	-0.736	-0.736	-0.715	-0.771	-0.590	-0.787	-0.735	-0.731	-0.660	-0.660	-0.660	-0.672	-0.504	-0.697	-0.632	-0.635	-0.637	-0.761	-0.736	-0.734	-0.649	-0.646	-0.627	-0.766	-0.759	-0.608	-0.583	
rs1900746      -0.048	+0.580	-0.182	-0.199	-0.182	-0.182	-0.177	-0.187	-0.187	-0.205	+0.851	+0.926	+0.659	-0.193	-0.094	-0.203	-0.104	-0.105	-0.109	-0.232	-0.110	+0.782	-0.209	-0.099	-0.212	+0.036	-0.077	-0.213	-0.106	-0.082	+0.554	-0.052	-0.051	+0.553	-0.051	-0.080	-0.080	+0.864	-0.086	-0.225	-0.172	+0.858	+0.502	+0.485	-0.030	+0.493	+0.490	-0.025	-0.220	-0.072	-0.022	-0.140	-0.019	-0.020	-0.017	-0.017	-0.016	-0.063	-0.054	-0.054	+0.247	-0.108	-0.066	+0.464	+0.466	-0.061	-0.099	-0.196	-0.168	+0.562	-0.155	+0.457	-0.091	-0.081	-0.085	-0.077	-0.118	-0.131	-0.202	-0.135	-0.087	-0.155	-0.299	-0.160	+0.622	-0.209	+0.791	-0.394	-0.394	-0.386	-0.386	-0.395	-0.210	-0.395	-0.385	-0.209	-0.209	-0.209	+0.665	-0.209	-0.204	+0.595	-0.154	-0.181	-0.387	-0.181	-0.338	-0.366	-0.391	-0.294	-0.299	-0.297	-0.313	-0.457	-0.321	-0.317	-0.323	-0.323	-0.318	-0.324	-0.321	-0.327	-0.266	-0.272	-0.272	-0.249	-0.299	-0.123	-0.292	-0.235	-0.232	-0.196	-0.197	-0.197	-0.209	-0.043	-0.191	-0.170	-0.173	-0.175	-0.260	-0.232	-0.230	-0.187	-0.184	-0.166	-0.265	-0.257	-0.148	-0.123	
rs2889135      +0.065	-0.077	-0.221	-0.204	-0.220	-0.220	-0.224	-0.216	-0.216	-0.200	+1.102	+1.177	-0.045	-0.208	+0.031	-0.198	+0.032	+0.032	+0.030	-0.165	+0.030	+1.028	-0.192	+0.035	-0.190	-0.077	+0.135	-0.189	+0.033	-0.081	-0.104	-0.073	-0.073	-0.105	-0.072	-0.078	-0.077	+1.105	-0.085	-0.176	-0.210	+1.099	-0.127	-0.135	-0.052	-0.132	-0.133	-0.048	-0.182	-0.067	-0.046	+0.021	-0.043	-0.044	-0.042	-0.042	-0.041	+0.089	+0.099	+0.099	-0.231	+0.028	+0.082	-0.143	-0.142	+0.087	+0.034	+0.000	+0.027	-0.099	+0.053	-0.138	+0.015	+0.002	-0.005	-0.044	-0.098	-0.085	-0.175	-0.024	-0.045	-0.135	-0.265	-0.135	+0.808	-0.179	+0.959	-0.320	-0.318	-0.327	-0.327	-0.320	-0.179	-0.322	-0.304	-0.179	-0.179	-0.179	+0.859	-0.179	-0.174	+0.780	-0.128	-0.152	-0.310	-0.152	-0.274	-0.302	-0.327	-0.223	-0.229	-0.227	-0.243	-0.387	-0.252	-0.247	-0.254	-0.253	-0.249	-0.255	-0.252	-0.259	-0.194	-0.200	-0.200	-0.179	-0.236	-0.084	-0.217	-0.156	-0.152	-0.145	-0.146	-0.146	-0.158	+0.008	-0.107	-0.119	-0.122	-0.124	-0.182	-0.152	-0.150	-0.136	-0.133	-0.116	-0.188	-0.179	-0.097	-0.074	
rs1900745      -0.153	-0.695	-0.610	-0.610	-0.610	-0.610	-0.608	-0.613	-0.613	-0.611	+0.639	+0.725	-0.667	-0.606	-0.226	-0.597	-0.239	-0.241	-0.247	-0.581	-0.249	+0.559	-0.591	-0.230	-0.590	-0.213	-0.189	-0.469	-0.242	-0.225	-0.726	-0.206	-0.204	-0.727	-0.203	-0.220	-0.217	+0.659	-0.232	-0.583	-0.482	+0.653	-0.746	-0.752	-0.167	-0.750	-0.751	-0.160	-0.587	-0.199	-0.157	-0.301	-0.152	-0.154	-0.150	-0.149	-0.148	-0.166	-0.151	-0.151	-0.830	-0.246	-0.171	-0.760	-0.759	-0.163	-0.230	-0.430	-0.352	-0.721	-0.324	-0.753	-0.225	-0.223	-0.234	-0.433	-0.618	-0.622	-0.699	-0.638	-0.577	-0.653	-0.790	-0.657	+0.085	-0.704	+0.284	-0.875	-0.874	-0.865	-0.865	-0.875	-0.705	-0.875	-0.866	-0.704	-0.704	-0.704	+0.127	-0.704	-0.699	+0.059	-0.649	-0.676	-0.868	-0.676	-0.819	-0.832	-0.866	-0.757	-0.762	-0.760	-0.777	-0.943	-0.786	-0.781	-0.788	-0.788	-0.783	-0.789	-0.787	-0.794	-0.729	-0.736	-0.735	-0.714	-0.770	-0.589	-0.786	-0.734	-0.730	-0.659	-0.659	-0.659	-0.672	-0.503	-0.697	-0.631	-0.634	-0.637	-0.761	-0.735	-0.734	-0.649	-0.646	-0.627	-0.766	-0.758	-0.607	-0.583	
rs7844284      +0.067	-0.132	-0.273	-0.257	-0.273	-0.273	-0.277	-0.269	-0.269	-0.252	+1.062	+1.138	-0.101	-0.261	+0.017	-0.251	+0.018	+0.017	+0.014	-0.218	+0.015	+0.969	-0.245	+0.024	-0.243	-0.106	+0.033	-0.242	+0.082	-0.111	-0.173	-0.102	-0.101	-0.173	-0.101	-0.107	-0.106	+1.066	-0.114	-0.230	-0.245	+1.060	-0.195	-0.202	-0.080	-0.199	-0.200	-0.075	-0.235	-0.095	-0.074	-0.005	-0.071	-0.072	-0.070	-0.069	-0.068	+0.051	+0.064	+0.064	-0.295	+0.012	+0.044	-0.211	-0.210	+0.050	+0.021	-0.048	-0.006	-0.167	-0.042	-0.205	-0.023	-0.032	-0.040	-0.087	-0.146	-0.135	-0.223	-0.076	-0.095	-0.183	-0.313	-0.183	+0.750	-0.229	+0.903	-0.368	-0.367	-0.376	-0.376	-0.369	-0.229	-0.371	-0.353	-0.229	-0.229	-0.229	+0.802	-0.229	-0.224	+0.723	-0.178	-0.202	-0.359	-0.202	-0.323	-0.350	-0.376	-0.271	-0.276	-0.274	-0.290	-0.435	-0.299	-0.294	-0.301	-0.301	-0.296	-0.302	-0.300	-0.306	-0.241	-0.248	-0.247	-0.227	-0.283	-0.131	-0.266	-0.206	-0.202	-0.193	-0.193	-0.193	-0.205	-0.040	-0.158	-0.166	-0.169	-0.171	-0.232	-0.202	-0.200	-0.183	-0.180	-0.163	-0.238	-0.229	-0.144	-0.120	
rs1847568      -0.052	+0.557	-0.195	-0.213	-0.195	-0.195	-0.190	-0.200	-0.200	-0.218	+0.844	+0.919	+0.662	-0.207	-0.099	-0.216	-0.108	-0.109	-0.113	-0.243	-0.115	+0.775	-0.222	-0.104	-0.224	-0.082	-0.081	-0.225	-0.111	+0.029	+0.558	-0.079	-0.078	+0.557	-0.078	-0.060	-0.059	+0.857	-0.068	-0.237	-0.167	+0.851	+0.506	+0.489	-0.058	+0.497	+0.494	-0.054	-0.232	-0.050	-0.052	-0.144	-0.048	-0.050	-0.047	-0.047	-0.046	-0.067	-0.058	-0.058	+0.248	-0.113	-0.071	+0.468	+0.470	-0.065	-0.104	-0.201	-0.173	+0.567	-0.160	+0.460	-0.096	-0.089	-0.093	-0.087	-0.127	-0.138	-0.211	-0.142	-0.093	-0.165	-0.307	-0.170	+0.615	-0.219	+0.784	-0.400	-0.399	-0.393	-0.393	-0.401	-0.219	-0.401	-0.390	-0.219	-0.219	-0.219	+0.657	-0.219	-0.213	+0.589	-0.164	-0.191	-0.393	-0.191	-0.344	-0.373	-0.398	-0.301	-0.306	-0.304	-0.320	-0.464	-0.328	-0.324	-0.330	-0.330	-0.325	-0.331	-0.328	-0.335	-0.273	-0.279	-0.279	-0.257	-0.306	-0.131	-0.298	-0.242	-0.239	-0.204	-0.204	-0.204	-0.216	-0.051	-0.197	-0.177	-0.180	-0.182	-0.267	-0.239	-0.237	-0.194	-0.191	-0.174	-0.272	-0.264	-0.155	-0.130	
rs1847569      -0.063	-0.727	-0.769	-0.749	-0.769	-0.769	-0.774	-0.764	-0.764	-0.743	+0.681	+0.780	-0.676	-0.753	-0.150	-0.740	-0.168	-0.171	-0.178	-0.699	-0.181	+0.591	-0.731	-0.161	-0.728	+0.554	-0.104	-0.726	-0.173	+0.558	-0.565	+0.565	+0.567	-0.696	+0.569	+0.567	+0.571	+0.704	+0.548	-0.710	+0.342	+0.697	-0.697	-0.694	+0.628	-0.696	-0.695	+0.640	-0.718	+0.601	+0.645	-0.243	+0.652	+0.650	+0.655	+0.656	+0.659	-0.077	-0.060	-0.060	-0.620	-0.178	-0.084	-0.713	-0.713	-0.074	-0.160	-0.407	-0.305	-0.729	-0.267	-0.761	-0.169	-0.165	-0.179	-0.529	-0.739	-0.730	-0.814	-0.729	-0.688	-0.772	-0.898	-0.773	-0.005	-0.817	+0.200	-0.959	-0.958	-0.957	-0.957	-0.959	-0.817	-0.960	-0.947	-0.817	-0.817	-0.817	+0.038	-0.817	-0.812	-0.030	-0.765	-0.789	-0.952	-0.789	-0.909	-0.915	-0.949	-0.839	-0.845	-0.843	-0.860	-1.026	-0.869	-0.864	-0.871	-0.870	-0.866	-0.872	-0.870	-0.877	-0.811	-0.818	-0.817	-0.794	-0.857	-0.688	-0.865	-0.812	-0.807	-0.752	-0.752	-0.752	-0.764	-0.598	-0.777	-0.724	-0.727	-0.729	-0.843	-0.816	-0.815	-0.741	-0.738	-0.718	-0.848	-0.840	-0.699	-0.674	
rs7812790      -0.044	+0.590	-0.175	-0.192	-0.175	-0.175	-0.170	-0.180	-0.180	-0.198	+0.855	+0.930	+0.669	-0.186	-0.090	-0.195	-0.100	-0.101	-0.105	-0.225	-0.106	+0.786	-0.202	-0.095	-0.205	-0.052	-0.073	-0.206	-0.102	-0.079	+0.565	+0.041	-0.049	+0.565	-0.048	-0.077	-0.076	+0.867	-0.083	-0.218	-0.165	+0.862	+0.514	+0.497	-0.029	+0.504	+0.502	-0.024	-0.213	-0.069	-0.022	-0.136	-0.018	-0.020	-0.017	-0.017	-0.016	-0.059	-0.050	-0.050	+0.257	-0.104	-0.062	+0.476	+0.478	-0.057	-0.095	-0.191	-0.163	+0.574	-0.151	+0.468	-0.087	-0.077	-0.081	-0.072	-0.112	-0.126	-0.197	-0.129	-0.081	-0.150	-0.293	-0.155	+0.628	-0.204	+0.797	-0.389	-0.388	-0.380	-0.380	-0.389	-0.204	-0.390	-0.380	-0.204	-0.204	-0.204	+0.670	-0.204	-0.198	+0.601	-0.148	-0.176	-0.382	-0.176	-0.333	-0.361	-0.386	-0.289	-0.294	-0.292	-0.307	-0.452	-0.316	-0.311	-0.318	-0.317	-0.313	-0.319	-0.316	-0.322	-0.260	-0.267	-0.266	-0.244	-0.294	-0.118	-0.287	-0.230	-0.227	-0.191	-0.191	-0.191	-0.204	-0.038	-0.185	-0.164	-0.167	-0.170	-0.255	-0.227	-0.225	-0.181	-0.178	-0.161	-0.260	-0.252	-0.143	-0.118	
rs7831799      -0.044	+0.592	-0.174	-0.191	-0.174	-0.174	-0.168	-0.179	-0.179	-0.196	+0.855	+0.930	+0.671	-0.185	-0.090	-0.194	-0.099	-0.100	-0.104	-0.224	-0.105	+0.786	-0.201	-0.094	-0.203	-0.051	-0.073	-0.204	-0.101	-0.078	+0.567	-0.049	+0.042	+0.567	-0.048	-0.076	-0.076	+0.868	-0.082	-0.217	-0.164	+0.862	+0.516	+0.499	-0.028	+0.506	+0.504	-0.024	-0.211	-0.068	-0.021	-0.135	-0.018	-0.020	-0.017	-0.017	-0.015	-0.058	-0.049	-0.049	+0.259	-0.103	-0.062	+0.478	+0.480	-0.057	-0.094	-0.191	-0.163	+0.577	-0.150	+0.470	-0.086	-0.076	-0.080	-0.071	-0.111	-0.125	-0.196	-0.128	-0.080	-0.149	-0.292	-0.154	+0.629	-0.203	+0.798	-0.388	-0.387	-0.380	-0.380	-0.388	-0.203	-0.389	-0.379	-0.203	-0.203	-0.203	+0.671	-0.203	-0.197	+0.602	-0.147	-0.175	-0.381	-0.175	-0.332	-0.360	-0.385	-0.288	-0.293	-0.291	-0.307	-0.451	-0.315	-0.310	-0.317	-0.317	-0.312	-0.318	-0.315	-0.321	-0.260	-0.266	-0.266	-0.243	-0.293	-0.117	-0.286	-0.229	-0.226	-0.190	-0.190	-0.190	-0.203	-0.037	-0.184	-0.163	-0.166	-0.169	-0.254	-0.226	-0.224	-0.181	-0.178	-0.160	-0.259	-0.251	-0.142	-0.117	
rs2656226      -0.063	-0.727	-0.770	-0.749	-0.769	-0.769	-0.775	-0.764	-0.764	-0.743	+0.681	+0.780	-0.676	-0.754	-0.151	-0.740	-0.169	-0.172	-0.179	-0.699	-0.182	+0.591	-0.731	-0.161	-0.728	+0.553	-0.105	-0.727	-0.173	+0.557	-0.696	+0.565	+0.567	-0.565	+0.568	+0.567	+0.570	+0.704	+0.548	-0.711	+0.341	+0.697	-0.697	-0.695	+0.628	-0.696	-0.696	+0.639	-0.718	+0.601	+0.644	-0.244	+0.652	+0.649	+0.655	+0.656	+0.658	-0.078	-0.060	-0.060	-0.620	-0.179	-0.085	-0.713	-0.713	-0.075	-0.160	-0.407	-0.306	-0.729	-0.268	-0.761	-0.169	-0.165	-0.180	-0.529	-0.739	-0.730	-0.814	-0.729	-0.688	-0.773	-0.899	-0.773	-0.005	-0.817	+0.200	-0.959	-0.958	-0.958	-0.958	-0.959	-0.817	-0.961	-0.948	-0.817	-0.817	-0.817	+0.038	-0.817	-0.812	-0.031	-0.765	-0.789	-0.952	-0.789	-0.909	-0.915	-0.949	-0.839	-0.845	-0.843	-0.860	-1.027	-0.869	-0.864	-0.871	-0.871	-0.866	-0.873	-0.870	-0.877	-0.812	-0.818	-0.817	-0.795	-0.857	-0.689	-0.866	-0.812	-0.807	-0.752	-0.752	-0.752	-0.764	-0.598	-0.778	-0.724	-0.727	-0.729	-0.843	-0.817	-0.815	-0.741	-0.738	-0.719	-0.849	-0.841	-0.699	-0.675	
rs7813103      -0.043	+0.593	-0.173	-0.190	-0.173	-0.173	-0.167	-0.178	-0.178	-0.195	+0.856	+0.931	+0.672	-0.184	-0.089	-0.193	-0.098	-0.100	-0.103	-0.223	-0.105	+0.787	-0.200	-0.094	-0.202	-0.051	-0.072	-0.203	-0.101	-0.078	+0.569	-0.048	-0.048	+0.568	+0.043	-0.076	-0.075	+0.868	-0.081	-0.216	-0.163	+0.863	+0.518	+0.501	-0.028	+0.508	+0.506	-0.023	-0.210	-0.068	-0.021	-0.134	-0.018	-0.019	-0.017	-0.016	-0.015	-0.058	-0.049	-0.049	+0.261	-0.103	-0.061	+0.480	+0.482	-0.056	-0.094	-0.190	-0.162	+0.578	-0.149	+0.472	-0.086	-0.076	-0.080	-0.071	-0.110	-0.124	-0.195	-0.128	-0.079	-0.148	-0.292	-0.153	+0.630	-0.202	+0.798	-0.387	-0.387	-0.379	-0.379	-0.388	-0.203	-0.388	-0.378	-0.202	-0.202	-0.202	+0.672	-0.202	-0.197	+0.603	-0.146	-0.174	-0.380	-0.174	-0.331	-0.359	-0.384	-0.287	-0.292	-0.290	-0.306	-0.450	-0.314	-0.310	-0.316	-0.316	-0.311	-0.317	-0.314	-0.321	-0.259	-0.265	-0.265	-0.243	-0.292	-0.116	-0.285	-0.228	-0.225	-0.189	-0.190	-0.190	-0.202	-0.036	-0.183	-0.163	-0.166	-0.168	-0.253	-0.225	-0.223	-0.180	-0.177	-0.160	-0.258	-0.250	-0.141	-0.116	
rs5021916      -0.049	+0.565	-0.189	-0.208	-0.189	-0.189	-0.184	-0.195	-0.195	-0.213	+0.847	+0.922	+0.670	-0.202	-0.096	-0.210	-0.105	-0.106	-0.110	-0.238	-0.111	+0.778	-0.216	-0.100	-0.219	-0.080	-0.078	-0.220	-0.107	-0.060	+0.567	-0.077	-0.076	+0.567	-0.076	+0.033	-0.057	+0.860	-0.064	-0.231	-0.161	+0.854	+0.516	+0.499	-0.057	+0.506	+0.504	-0.052	-0.226	-0.049	-0.050	-0.141	-0.047	-0.049	-0.046	-0.046	-0.045	-0.064	-0.055	-0.055	+0.257	-0.109	-0.067	+0.478	+0.480	-0.062	-0.100	-0.198	-0.169	+0.577	-0.156	+0.469	-0.092	-0.086	-0.090	-0.083	-0.123	-0.133	-0.207	-0.138	-0.089	-0.161	-0.303	-0.165	+0.620	-0.214	+0.788	-0.396	-0.395	-0.388	-0.388	-0.396	-0.215	-0.397	-0.386	-0.214	-0.214	-0.214	+0.662	-0.214	-0.209	+0.593	-0.159	-0.186	-0.389	-0.186	-0.340	-0.368	-0.394	-0.297	-0.302	-0.300	-0.316	-0.459	-0.324	-0.319	-0.326	-0.326	-0.321	-0.327	-0.324	-0.330	-0.269	-0.275	-0.274	-0.252	-0.302	-0.127	-0.294	-0.237	-0.234	-0.200	-0.200	-0.200	-0.212	-0.046	-0.193	-0.173	-0.176	-0.178	-0.263	-0.235	-0.233	-0.190	-0.187	-0.170	-0.268	-0.259	-0.151	-0.126	
rs2889134      -0.048	+0.567	-0.187	-0.206	-0.187	-0.187	-0.182	-0.193	-0.193	-0.211	+0.848	+0.923	+0.673	-0.200	-0.095	-0.208	-0.104	-0.105	-0.109	-0.236	-0.110	+0.779	-0.214	-0.099	-0.217	-0.080	-0.077	-0.217	-0.106	-0.059	+0.571	-0.076	-0.076	+0.570	-0.075	-0.057	+0.035	+0.861	-0.063	-0.229	-0.159	+0.855	+0.519	+0.502	-0.056	+0.510	+0.507	-0.052	-0.224	-0.048	-0.050	-0.140	-0.047	-0.048	-0.046	-0.046	-0.045	-0.063	-0.054	-0.054	+0.260	-0.108	-0.066	+0.481	+0.483	-0.061	-0.099	-0.196	-0.168	+0.581	-0.155	+0.473	-0.091	-0.085	-0.089	-0.082	-0.122	-0.132	-0.206	-0.136	-0.087	-0.159	-0.301	-0.164	+0.622	-0.213	+0.790	-0.394	-0.394	-0.387	-0.387	-0.395	-0.213	-0.395	-0.385	-0.213	-0.213	-0.213	+0.663	-0.213	-0.207	+0.595	-0.158	-0.185	-0.387	-0.185	-0.339	-0.367	-0.392	-0.295	-0.300	-0.298	-0.314	-0.458	-0.322	-0.318	-0.324	-0.324	-0.320	-0.326	-0.322	-0.329	-0.267	-0.274	-0.273	-0.251	-0.300	-0.125	-0.292	-0.236	-0.233	-0.198	-0.198	-0.198	-0.211	-0.045	-0.191	-0.171	-0.174	-0.177	-0.261	-0.233	-0.231	-0.188	-0.185	-0.168	-0.266	-0.258	-0.150	-0.125	
