## Summary of overall evidence for association with region:
## log10(BF for region) = -0.115625
## p-value for region = NA

## BFs for choosing among multi-SNP models:
## log10(average 1-SNP BF) = -0.0668817
## log10(average 2-SNP BF) = -0.233417

## Example posterior probabilities for multi-SNP models, based on default prior: [p(l) propto 0.5^l for l=1,2,...,L]
## posterior probability of 1-SNP = 0.745852
## posterior probability of 2-SNP = 0.254148

## log10(BF) for single SNP and pair of SNPs:
rs10505943     -0.144	-0.262	-0.265	-0.416	-0.282	-0.469	-0.505	-0.468	-0.475	-0.475	-0.403	-0.451	-0.471	-0.136	-0.148	-0.147	-0.146	-0.146	-0.146	-0.143	-0.098	-0.100	-0.100	-0.094	-0.055	+0.196	-0.568	-0.569	-0.583	-0.581	-0.593	-0.587	-0.568	+0.118	-0.584	-0.600	-0.016	+0.248	+0.221	+0.221	+0.193	+0.156	+0.152	+0.152	+0.153	+0.169	-0.050	+0.186	+0.189	+0.209	+0.242	+0.248	+0.269	+0.532	-0.267	-0.459	+0.555	+0.555	+0.609	-0.465	-0.470	-0.474	-0.487	+0.516	+0.370	+0.094	+0.100	+0.033	+0.284	+0.291	+0.244	-0.537	-0.547	-0.553	-0.548	+0.294	-0.552	-0.562	-0.548	-0.547	-0.545	-0.552	-0.552	-0.553	-0.205	-0.548	-0.548	+0.248	-0.339	+0.241	+0.248	-0.098	-0.517	-0.480	-0.518	-0.528	-0.526	-0.526	-0.525	-0.522	-0.466	-0.466	-0.476	-0.557	-0.562	-0.478	-0.493	-0.495	-0.568	+0.157	+0.078	-0.246	+0.071	+0.068	-0.495	-0.148	-0.602	-0.495	-0.598	-0.608	-0.613	-0.613	-0.613	-0.613	-0.618	-0.611	-0.611	-0.611	-0.610	-0.559	-0.610	-0.610	-0.609	-0.609	-0.601	-0.344	-0.611	-0.489	-0.489	-0.432	-0.621	-0.615	-0.462	-0.518	-0.490	-0.624	-0.624	-0.485	-0.624	-0.590	-0.498	-0.486	-0.541	-0.553	
rs12368034     -0.262	-0.191	-0.286	-0.448	-0.321	-0.518	-0.546	-0.512	-0.519	-0.518	-0.442	-0.491	-0.514	-0.179	-0.191	-0.190	-0.189	-0.189	-0.189	-0.186	-0.141	-0.142	-0.143	-0.136	-0.098	+0.152	-0.611	-0.612	-0.626	-0.624	-0.636	-0.630	-0.611	+0.074	-0.627	-0.643	-0.059	+0.209	+0.182	+0.181	+0.154	+0.116	+0.112	+0.113	+0.114	+0.130	-0.094	+0.147	+0.150	+0.170	+0.203	+0.209	+0.230	+0.493	-0.310	-0.502	+0.515	+0.515	+0.569	-0.508	-0.513	-0.517	-0.530	+0.476	+0.330	+0.050	+0.056	-0.008	+0.244	+0.251	+0.204	-0.580	-0.590	-0.596	-0.590	+0.255	-0.595	-0.604	-0.591	-0.589	-0.588	-0.594	-0.595	-0.595	-0.248	-0.591	-0.591	+0.208	-0.383	+0.201	+0.209	-0.140	-0.560	-0.522	-0.561	-0.571	-0.569	-0.568	-0.568	-0.565	-0.507	-0.507	-0.517	-0.598	-0.604	-0.518	-0.534	-0.536	-0.610	+0.108	+0.035	-0.292	+0.029	+0.026	-0.538	-0.194	-0.645	-0.538	-0.641	-0.652	-0.656	-0.656	-0.656	-0.657	-0.660	-0.654	-0.654	-0.654	-0.653	-0.603	-0.653	-0.653	-0.653	-0.653	-0.644	-0.388	-0.654	-0.532	-0.531	-0.476	-0.664	-0.658	-0.506	-0.561	-0.532	-0.667	-0.667	-0.528	-0.667	-0.633	-0.541	-0.529	-0.584	-0.596	
rs11047586     -0.265	-0.286	-0.193	-0.449	-0.321	-0.520	-0.547	-0.514	-0.521	-0.520	-0.444	-0.493	-0.516	-0.181	-0.192	-0.191	-0.191	-0.191	-0.191	-0.188	-0.143	-0.144	-0.145	-0.138	-0.100	+0.151	-0.613	-0.614	-0.628	-0.626	-0.638	-0.632	-0.613	+0.072	-0.629	-0.645	-0.061	+0.207	+0.180	+0.180	+0.152	+0.115	+0.111	+0.111	+0.112	+0.128	-0.096	+0.145	+0.148	+0.168	+0.201	+0.207	+0.228	+0.491	-0.312	-0.504	+0.514	+0.514	+0.567	-0.510	-0.514	-0.518	-0.532	+0.475	+0.328	+0.049	+0.054	-0.009	+0.242	+0.249	+0.203	-0.582	-0.592	-0.598	-0.592	+0.253	-0.597	-0.606	-0.593	-0.591	-0.590	-0.596	-0.597	-0.597	-0.249	-0.593	-0.593	+0.207	-0.385	+0.199	+0.207	-0.142	-0.562	-0.524	-0.563	-0.573	-0.571	-0.570	-0.570	-0.567	-0.509	-0.509	-0.518	-0.600	-0.606	-0.520	-0.536	-0.538	-0.611	+0.106	+0.033	-0.294	+0.027	+0.024	-0.540	-0.196	-0.647	-0.540	-0.643	-0.654	-0.658	-0.658	-0.658	-0.659	-0.662	-0.656	-0.656	-0.656	-0.655	-0.605	-0.655	-0.655	-0.655	-0.655	-0.646	-0.390	-0.656	-0.534	-0.533	-0.478	-0.666	-0.660	-0.508	-0.563	-0.534	-0.669	-0.669	-0.530	-0.669	-0.635	-0.543	-0.531	-0.586	-0.598	
rs61914313     -0.416	-0.448	-0.449	-0.280	-0.474	-0.491	-0.568	-0.591	-0.578	-0.589	-0.535	-0.580	-0.591	-0.240	-0.251	-0.250	-0.250	-0.250	-0.250	-0.246	-0.201	-0.202	-0.202	-0.196	-0.156	+0.098	-0.680	-0.681	-0.696	-0.694	-0.707	-0.700	-0.680	+0.012	-0.697	-0.714	-0.124	+0.142	+0.114	+0.114	+0.086	+0.049	+0.045	+0.046	+0.046	+0.062	-0.158	+0.080	+0.082	+0.103	+0.136	+0.142	+0.163	+0.396	-0.402	-0.589	+0.418	+0.418	+0.471	-0.594	-0.599	-0.603	-0.616	+0.379	+0.235	-0.012	-0.007	-0.108	+0.150	+0.157	+0.111	-0.661	-0.671	-0.676	-0.671	+0.161	-0.676	-0.684	-0.672	-0.670	-0.669	-0.675	-0.676	-0.676	-0.344	-0.672	-0.672	+0.116	-0.458	+0.108	+0.116	-0.241	-0.641	-0.605	-0.642	-0.651	-0.649	-0.649	-0.648	-0.646	-0.589	-0.589	-0.599	-0.679	-0.684	-0.600	-0.615	-0.617	-0.689	+0.036	-0.039	-0.370	-0.047	-0.050	-0.617	-0.282	-0.728	-0.617	-0.717	-0.734	-0.738	-0.738	-0.738	-0.738	-0.739	-0.736	-0.736	-0.736	-0.736	-0.689	-0.736	-0.735	-0.735	-0.735	-0.726	-0.465	-0.736	-0.612	-0.612	-0.560	-0.742	-0.737	-0.589	-0.645	-0.612	-0.746	-0.745	-0.608	-0.745	-0.715	-0.629	-0.613	-0.664	-0.675	
rs75721087     -0.282	-0.321	-0.321	-0.474	-0.238	-0.566	-0.584	-0.556	-0.563	-0.563	-0.484	-0.533	-0.559	-0.221	-0.233	-0.232	-0.232	-0.232	-0.232	-0.228	-0.184	-0.185	-0.185	-0.178	-0.140	+0.110	-0.655	-0.656	-0.670	-0.668	-0.680	-0.674	-0.655	+0.032	-0.671	-0.687	-0.102	+0.167	+0.139	+0.139	+0.111	+0.074	+0.070	+0.071	+0.071	+0.087	-0.136	+0.104	+0.107	+0.127	+0.160	+0.167	+0.187	+0.450	-0.353	-0.545	+0.472	+0.473	+0.526	-0.551	-0.556	-0.560	-0.573	+0.433	+0.287	+0.008	+0.014	-0.049	+0.201	+0.208	+0.162	-0.623	-0.633	-0.640	-0.634	+0.212	-0.639	-0.648	-0.634	-0.633	-0.632	-0.638	-0.639	-0.639	-0.293	-0.635	-0.635	+0.166	-0.428	+0.159	+0.166	-0.186	-0.603	-0.566	-0.605	-0.615	-0.613	-0.612	-0.612	-0.609	-0.550	-0.550	-0.560	-0.642	-0.647	-0.562	-0.577	-0.579	-0.653	+0.061	-0.012	-0.338	-0.020	-0.023	-0.582	-0.240	-0.690	-0.582	-0.684	-0.696	-0.701	-0.701	-0.701	-0.701	-0.704	-0.699	-0.699	-0.699	-0.698	-0.649	-0.698	-0.698	-0.697	-0.698	-0.689	-0.434	-0.699	-0.576	-0.575	-0.521	-0.708	-0.703	-0.551	-0.606	-0.576	-0.711	-0.711	-0.572	-0.711	-0.678	-0.586	-0.574	-0.629	-0.641	
rs7305120      -0.469	-0.518	-0.520	-0.491	-0.566	-0.478	-0.639	-0.756	-0.742	-0.754	-0.699	-0.748	-0.757	-0.421	-0.432	-0.431	-0.431	-0.431	-0.431	-0.427	-0.382	-0.383	-0.383	-0.376	-0.337	-0.084	-0.864	-0.865	-0.879	-0.877	-0.890	-0.884	-0.864	-0.176	-0.880	-0.897	-0.310	-0.043	-0.071	-0.071	-0.099	-0.136	-0.140	-0.139	-0.139	-0.123	-0.344	-0.106	-0.103	-0.083	-0.050	-0.043	-0.022	+0.220	-0.584	-0.772	+0.242	+0.242	+0.295	-0.777	-0.782	-0.786	-0.798	+0.203	+0.059	-0.200	-0.194	-0.278	-0.025	-0.018	-0.064	-0.844	-0.854	-0.859	-0.854	-0.014	-0.859	-0.867	-0.854	-0.853	-0.852	-0.858	-0.859	-0.859	-0.531	-0.855	-0.855	-0.059	-0.651	-0.066	-0.059	-0.428	-0.824	-0.788	-0.825	-0.834	-0.833	-0.832	-0.832	-0.829	-0.765	-0.765	-0.775	-0.857	-0.863	-0.777	-0.792	-0.794	-0.869	-0.171	-0.245	-0.565	-0.252	-0.256	-0.800	-0.483	-0.911	-0.800	-0.905	-0.917	-0.920	-0.920	-0.920	-0.921	-0.921	-0.919	-0.919	-0.919	-0.919	-0.877	-0.918	-0.918	-0.918	-0.918	-0.908	-0.653	-0.919	-0.794	-0.794	-0.742	-0.926	-0.921	-0.771	-0.829	-0.795	-0.929	-0.929	-0.790	-0.929	-0.899	-0.812	-0.798	-0.850	-0.861	
rs10161444     -0.505	-0.546	-0.547	-0.568	-0.584	-0.639	-0.432	-0.681	-0.652	-0.673	-0.671	-0.717	-0.681	-0.374	-0.386	-0.384	-0.384	-0.384	-0.384	-0.380	-0.334	-0.335	-0.335	-0.328	-0.289	-0.035	-0.818	-0.820	-0.834	-0.832	-0.845	-0.839	-0.819	-0.130	-0.836	-0.852	-0.266	+0.002	-0.026	-0.026	-0.054	-0.091	-0.095	-0.094	-0.094	-0.078	-0.299	-0.061	-0.058	-0.038	-0.005	+0.002	+0.023	+0.263	-0.547	-0.731	+0.285	+0.285	+0.338	-0.737	-0.742	-0.745	-0.758	+0.246	+0.103	-0.154	-0.149	-0.237	+0.018	+0.025	-0.021	-0.802	-0.811	-0.817	-0.812	+0.029	-0.816	-0.824	-0.812	-0.811	-0.809	-0.815	-0.816	-0.816	-0.486	-0.812	-0.812	-0.016	-0.605	-0.023	-0.016	-0.383	-0.781	-0.746	-0.783	-0.792	-0.790	-0.789	-0.789	-0.786	-0.724	-0.724	-0.733	-0.815	-0.821	-0.735	-0.751	-0.753	-0.827	-0.121	-0.196	-0.517	-0.203	-0.207	-0.757	-0.440	-0.867	-0.757	-0.863	-0.873	-0.877	-0.877	-0.877	-0.877	-0.878	-0.875	-0.875	-0.875	-0.874	-0.829	-0.874	-0.874	-0.874	-0.874	-0.865	-0.606	-0.875	-0.752	-0.752	-0.699	-0.883	-0.878	-0.728	-0.786	-0.753	-0.886	-0.886	-0.748	-0.886	-0.856	-0.770	-0.755	-0.807	-0.818	
rs7963898      -0.468	-0.512	-0.514	-0.591	-0.556	-0.756	-0.681	-0.440	-0.526	-0.572	-0.633	-0.687	-0.579	-0.384	-0.396	-0.395	-0.394	-0.394	-0.394	-0.390	-0.345	-0.346	-0.346	-0.338	-0.298	-0.042	-0.833	-0.834	-0.849	-0.847	-0.859	-0.853	-0.833	-0.146	-0.850	-0.866	-0.279	-0.014	-0.042	-0.042	-0.070	-0.107	-0.111	-0.110	-0.110	-0.094	-0.313	-0.077	-0.074	-0.054	-0.021	-0.014	+0.007	+0.257	-0.543	-0.736	+0.279	+0.279	+0.333	-0.742	-0.746	-0.750	-0.763	+0.240	+0.096	-0.170	-0.164	-0.237	+0.012	+0.019	-0.027	-0.811	-0.820	-0.826	-0.821	+0.024	-0.825	-0.834	-0.821	-0.820	-0.818	-0.825	-0.825	-0.826	-0.508	-0.821	-0.821	-0.021	-0.631	-0.029	-0.021	-0.405	-0.791	-0.754	-0.792	-0.801	-0.800	-0.799	-0.799	-0.796	-0.722	-0.722	-0.733	-0.819	-0.825	-0.734	-0.751	-0.753	-0.832	-0.163	-0.237	-0.540	-0.241	-0.245	-0.766	-0.457	-0.880	-0.766	-0.873	-0.887	-0.889	-0.889	-0.889	-0.889	-0.889	-0.888	-0.888	-0.888	-0.888	-0.853	-0.888	-0.888	-0.887	-0.887	-0.877	-0.623	-0.887	-0.759	-0.758	-0.708	-0.894	-0.889	-0.737	-0.795	-0.759	-0.897	-0.897	-0.754	-0.897	-0.868	-0.778	-0.765	-0.819	-0.830	
rs7963816      -0.475	-0.519	-0.521	-0.578	-0.563	-0.742	-0.652	-0.526	-0.441	-0.567	-0.623	-0.679	-0.555	-0.391	-0.402	-0.401	-0.401	-0.401	-0.401	-0.397	-0.352	-0.353	-0.353	-0.345	-0.306	-0.051	-0.837	-0.838	-0.852	-0.850	-0.862	-0.856	-0.837	-0.152	-0.853	-0.869	-0.284	-0.019	-0.047	-0.047	-0.074	-0.112	-0.115	-0.115	-0.114	-0.098	-0.318	-0.081	-0.078	-0.058	-0.026	-0.019	+0.002	+0.257	-0.539	-0.734	+0.279	+0.279	+0.332	-0.740	-0.745	-0.749	-0.762	+0.240	+0.095	-0.175	-0.170	-0.236	+0.011	+0.018	-0.027	-0.811	-0.820	-0.826	-0.821	+0.023	-0.826	-0.835	-0.821	-0.820	-0.819	-0.825	-0.826	-0.826	-0.508	-0.822	-0.822	-0.022	-0.634	-0.029	-0.021	-0.405	-0.791	-0.754	-0.793	-0.802	-0.800	-0.799	-0.799	-0.796	-0.722	-0.722	-0.733	-0.819	-0.825	-0.735	-0.751	-0.753	-0.832	-0.168	-0.241	-0.542	-0.245	-0.249	-0.766	-0.455	-0.880	-0.766	-0.873	-0.887	-0.890	-0.890	-0.890	-0.890	-0.890	-0.889	-0.889	-0.889	-0.889	-0.855	-0.888	-0.888	-0.888	-0.888	-0.878	-0.626	-0.888	-0.759	-0.758	-0.708	-0.895	-0.890	-0.738	-0.795	-0.759	-0.898	-0.898	-0.754	-0.898	-0.869	-0.777	-0.765	-0.820	-0.831	
rs964447       -0.475	-0.518	-0.520	-0.589	-0.563	-0.754	-0.673	-0.572	-0.567	-0.444	-0.632	-0.687	-0.583	-0.391	-0.403	-0.401	-0.401	-0.401	-0.401	-0.397	-0.352	-0.353	-0.353	-0.345	-0.305	-0.050	-0.838	-0.839	-0.854	-0.852	-0.864	-0.858	-0.838	-0.153	-0.855	-0.871	-0.285	-0.020	-0.048	-0.048	-0.075	-0.112	-0.116	-0.116	-0.115	-0.099	-0.319	-0.082	-0.079	-0.059	-0.026	-0.020	+0.001	+0.253	-0.544	-0.738	+0.275	+0.275	+0.329	-0.744	-0.749	-0.753	-0.766	+0.237	+0.092	-0.176	-0.170	-0.240	+0.008	+0.015	-0.030	-0.814	-0.824	-0.830	-0.824	+0.020	-0.829	-0.838	-0.825	-0.823	-0.822	-0.828	-0.829	-0.829	-0.512	-0.825	-0.825	-0.025	-0.636	-0.032	-0.025	-0.409	-0.794	-0.758	-0.796	-0.805	-0.803	-0.803	-0.802	-0.800	-0.726	-0.726	-0.736	-0.822	-0.828	-0.738	-0.754	-0.756	-0.835	-0.169	-0.242	-0.544	-0.247	-0.250	-0.769	-0.459	-0.883	-0.770	-0.877	-0.890	-0.893	-0.893	-0.893	-0.893	-0.893	-0.892	-0.892	-0.892	-0.892	-0.857	-0.891	-0.891	-0.891	-0.891	-0.881	-0.628	-0.891	-0.762	-0.762	-0.712	-0.898	-0.893	-0.741	-0.798	-0.762	-0.901	-0.901	-0.757	-0.901	-0.872	-0.781	-0.769	-0.823	-0.834	
rs4963789      -0.403	-0.442	-0.444	-0.535	-0.484	-0.699	-0.671	-0.633	-0.623	-0.632	-0.325	-0.488	-0.633	-0.292	-0.303	-0.302	-0.301	-0.301	-0.301	-0.298	-0.254	-0.255	-0.255	-0.248	-0.210	+0.041	-0.709	-0.711	-0.726	-0.724	-0.737	-0.731	-0.710	-0.030	-0.727	-0.745	-0.159	+0.074	+0.047	+0.047	+0.020	-0.017	-0.021	-0.020	-0.019	-0.004	-0.200	+0.013	+0.016	+0.036	+0.068	+0.074	+0.094	+0.338	-0.404	-0.610	+0.359	+0.359	+0.412	-0.616	-0.621	-0.625	-0.637	+0.322	+0.180	-0.054	-0.049	-0.145	+0.097	+0.104	+0.058	-0.700	-0.709	-0.715	-0.710	+0.107	-0.714	-0.722	-0.710	-0.708	-0.707	-0.713	-0.714	-0.714	-0.406	-0.710	-0.710	+0.062	-0.510	+0.055	+0.062	-0.307	-0.678	-0.642	-0.680	-0.689	-0.687	-0.686	-0.686	-0.683	-0.610	-0.610	-0.620	-0.704	-0.711	-0.622	-0.638	-0.641	-0.717	-0.042	-0.112	-0.443	-0.115	-0.119	-0.641	-0.337	-0.767	-0.641	-0.763	-0.774	-0.776	-0.776	-0.776	-0.776	-0.775	-0.775	-0.775	-0.775	-0.775	-0.731	-0.775	-0.775	-0.774	-0.774	-0.764	-0.525	-0.774	-0.630	-0.629	-0.589	-0.780	-0.775	-0.620	-0.680	-0.630	-0.783	-0.783	-0.626	-0.783	-0.750	-0.661	-0.647	-0.701	-0.713	
rs4963589      -0.451	-0.491	-0.493	-0.580	-0.533	-0.748	-0.717	-0.687	-0.679	-0.687	-0.488	-0.380	-0.687	-0.346	-0.357	-0.356	-0.356	-0.355	-0.355	-0.352	-0.308	-0.309	-0.310	-0.302	-0.265	-0.014	-0.763	-0.765	-0.780	-0.777	-0.791	-0.784	-0.764	-0.086	-0.781	-0.798	-0.215	+0.020	-0.006	-0.006	-0.034	-0.070	-0.074	-0.073	-0.073	-0.057	-0.256	-0.040	-0.038	-0.018	+0.014	+0.021	+0.041	+0.286	-0.459	-0.663	+0.307	+0.307	+0.360	-0.670	-0.674	-0.678	-0.691	+0.270	+0.128	-0.110	-0.105	-0.197	+0.045	+0.052	+0.006	-0.752	-0.761	-0.767	-0.762	+0.055	-0.766	-0.775	-0.762	-0.761	-0.760	-0.765	-0.766	-0.766	-0.458	-0.763	-0.763	+0.011	-0.564	+0.003	+0.011	-0.359	-0.731	-0.695	-0.732	-0.741	-0.739	-0.739	-0.738	-0.736	-0.662	-0.662	-0.672	-0.756	-0.763	-0.673	-0.690	-0.692	-0.769	-0.098	-0.169	-0.495	-0.172	-0.176	-0.695	-0.390	-0.819	-0.695	-0.815	-0.826	-0.828	-0.828	-0.828	-0.829	-0.828	-0.828	-0.827	-0.827	-0.827	-0.784	-0.827	-0.827	-0.827	-0.826	-0.816	-0.577	-0.826	-0.684	-0.684	-0.642	-0.832	-0.828	-0.672	-0.732	-0.685	-0.836	-0.835	-0.680	-0.835	-0.802	-0.714	-0.699	-0.754	-0.766	
rs1982781      -0.471	-0.514	-0.516	-0.591	-0.559	-0.757	-0.681	-0.579	-0.555	-0.583	-0.633	-0.687	-0.442	-0.387	-0.398	-0.397	-0.397	-0.397	-0.397	-0.393	-0.347	-0.348	-0.348	-0.340	-0.301	-0.045	-0.835	-0.836	-0.850	-0.848	-0.861	-0.855	-0.835	-0.148	-0.852	-0.868	-0.281	-0.016	-0.044	-0.044	-0.072	-0.109	-0.113	-0.112	-0.111	-0.096	-0.316	-0.078	-0.076	-0.055	-0.023	-0.016	+0.005	+0.255	-0.544	-0.737	+0.277	+0.278	+0.331	-0.743	-0.748	-0.752	-0.764	+0.239	+0.094	-0.172	-0.166	-0.239	+0.010	+0.017	-0.028	-0.812	-0.822	-0.828	-0.822	+0.022	-0.827	-0.836	-0.823	-0.821	-0.820	-0.826	-0.827	-0.827	-0.510	-0.823	-0.823	-0.023	-0.633	-0.030	-0.022	-0.407	-0.792	-0.756	-0.794	-0.803	-0.801	-0.801	-0.800	-0.798	-0.724	-0.724	-0.734	-0.820	-0.826	-0.736	-0.752	-0.754	-0.833	-0.165	-0.239	-0.541	-0.243	-0.247	-0.767	-0.458	-0.881	-0.767	-0.875	-0.888	-0.891	-0.891	-0.891	-0.891	-0.890	-0.890	-0.890	-0.890	-0.889	-0.855	-0.889	-0.889	-0.889	-0.889	-0.879	-0.625	-0.889	-0.760	-0.760	-0.709	-0.896	-0.891	-0.739	-0.796	-0.760	-0.899	-0.898	-0.756	-0.898	-0.870	-0.779	-0.767	-0.821	-0.832	
rs11047629     -0.136	-0.179	-0.181	-0.240	-0.221	-0.421	-0.374	-0.384	-0.391	-0.391	-0.292	-0.346	-0.387	-0.053	-0.145	-0.146	-0.145	-0.145	-0.145	-0.149	-0.136	-0.139	-0.140	-0.141	-0.109	+0.256	-0.537	-0.537	-0.541	-0.540	-0.543	-0.542	-0.537	-0.073	-0.541	-0.544	-0.175	+0.051	+0.029	+0.028	+0.006	-0.025	-0.028	-0.027	-0.027	-0.013	-0.199	+0.001	+0.004	+0.021	+0.048	+0.054	+0.071	+0.298	-0.225	-0.400	+0.318	+0.318	+0.366	-0.406	-0.410	-0.414	-0.426	+0.284	+0.157	-0.086	-0.082	-0.117	+0.085	+0.091	+0.053	-0.458	-0.467	-0.473	-0.468	+0.097	-0.472	-0.481	-0.468	-0.467	-0.466	-0.472	-0.473	-0.473	-0.285	-0.468	-0.468	+0.059	-0.371	+0.053	+0.059	-0.200	-0.434	-0.398	-0.435	-0.444	-0.442	-0.442	-0.441	-0.439	-0.369	-0.370	-0.380	-0.468	-0.474	-0.383	-0.398	-0.400	-0.480	-0.018	-0.113	-0.270	-0.112	-0.114	-0.411	-0.052	-0.512	-0.412	-0.485	-0.517	-0.523	-0.523	-0.523	-0.524	-0.532	-0.521	-0.520	-0.520	-0.519	-0.441	-0.519	-0.519	-0.519	-0.519	-0.511	-0.333	-0.521	-0.409	-0.408	-0.363	-0.536	-0.530	-0.391	-0.436	-0.409	-0.540	-0.539	-0.406	-0.539	-0.514	-0.417	-0.406	-0.437	-0.450	
rs11047630     -0.148	-0.191	-0.192	-0.251	-0.233	-0.432	-0.386	-0.396	-0.402	-0.403	-0.303	-0.357	-0.398	-0.145	-0.066	-0.147	-0.147	-0.147	-0.147	-0.149	-0.132	-0.136	-0.136	-0.138	-0.103	+0.312	-0.548	-0.547	-0.552	-0.551	-0.553	-0.553	-0.548	-0.078	-0.552	-0.555	-0.181	+0.045	+0.023	+0.022	-0.001	-0.031	-0.034	-0.033	-0.033	-0.019	-0.206	-0.005	-0.003	+0.014	+0.042	+0.048	+0.066	+0.293	-0.236	-0.411	+0.313	+0.313	+0.361	-0.416	-0.421	-0.425	-0.437	+0.279	+0.152	-0.093	-0.088	-0.124	+0.079	+0.085	+0.047	-0.470	-0.479	-0.484	-0.479	+0.091	-0.484	-0.492	-0.480	-0.478	-0.477	-0.483	-0.484	-0.484	-0.295	-0.479	-0.479	+0.052	-0.382	+0.046	+0.053	-0.210	-0.445	-0.409	-0.446	-0.456	-0.454	-0.453	-0.453	-0.450	-0.380	-0.381	-0.391	-0.479	-0.485	-0.394	-0.409	-0.411	-0.491	-0.026	-0.121	-0.280	-0.120	-0.122	-0.423	-0.065	-0.523	-0.423	-0.497	-0.529	-0.535	-0.535	-0.535	-0.535	-0.543	-0.532	-0.532	-0.532	-0.531	-0.453	-0.531	-0.531	-0.530	-0.530	-0.523	-0.343	-0.532	-0.420	-0.420	-0.374	-0.547	-0.542	-0.402	-0.447	-0.420	-0.551	-0.551	-0.417	-0.551	-0.525	-0.429	-0.417	-0.449	-0.462	
rs61913090     -0.147	-0.190	-0.191	-0.250	-0.232	-0.431	-0.384	-0.395	-0.401	-0.401	-0.302	-0.356	-0.397	-0.146	-0.147	-0.064	-0.146	-0.146	-0.146	-0.147	-0.130	-0.133	-0.134	-0.137	-0.101	+0.320	-0.547	-0.546	-0.551	-0.550	-0.552	-0.551	-0.547	-0.078	-0.551	-0.554	-0.181	+0.046	+0.023	+0.023	-0.000	-0.030	-0.033	-0.033	-0.032	-0.019	-0.205	-0.005	-0.002	+0.015	+0.043	+0.048	+0.066	+0.293	-0.234	-0.410	+0.313	+0.314	+0.362	-0.415	-0.420	-0.424	-0.436	+0.279	+0.152	-0.092	-0.088	-0.124	+0.079	+0.086	+0.047	-0.468	-0.478	-0.483	-0.478	+0.091	-0.483	-0.491	-0.478	-0.477	-0.476	-0.482	-0.483	-0.483	-0.294	-0.478	-0.478	+0.053	-0.381	+0.047	+0.054	-0.209	-0.444	-0.408	-0.445	-0.454	-0.453	-0.452	-0.452	-0.449	-0.379	-0.380	-0.390	-0.478	-0.484	-0.393	-0.408	-0.410	-0.490	-0.026	-0.120	-0.279	-0.119	-0.121	-0.422	-0.064	-0.522	-0.422	-0.496	-0.527	-0.534	-0.534	-0.534	-0.534	-0.542	-0.531	-0.531	-0.531	-0.530	-0.452	-0.530	-0.530	-0.529	-0.529	-0.522	-0.342	-0.531	-0.419	-0.419	-0.373	-0.546	-0.541	-0.401	-0.446	-0.419	-0.550	-0.550	-0.416	-0.549	-0.524	-0.427	-0.416	-0.447	-0.460	
rs11047631     -0.146	-0.189	-0.191	-0.250	-0.232	-0.431	-0.384	-0.394	-0.401	-0.401	-0.301	-0.356	-0.397	-0.145	-0.147	-0.146	-0.064	-0.146	-0.146	-0.147	-0.130	-0.133	-0.134	-0.136	-0.101	+0.320	-0.547	-0.546	-0.550	-0.550	-0.552	-0.551	-0.547	-0.078	-0.551	-0.553	-0.181	+0.046	+0.023	+0.023	+0.000	-0.030	-0.033	-0.033	-0.032	-0.019	-0.205	-0.004	-0.002	+0.015	+0.043	+0.049	+0.066	+0.293	-0.234	-0.410	+0.314	+0.314	+0.362	-0.415	-0.420	-0.424	-0.436	+0.279	+0.152	-0.092	-0.088	-0.124	+0.079	+0.086	+0.048	-0.468	-0.477	-0.483	-0.478	+0.091	-0.482	-0.491	-0.478	-0.477	-0.476	-0.482	-0.482	-0.483	-0.294	-0.478	-0.478	+0.053	-0.381	+0.047	+0.054	-0.209	-0.444	-0.408	-0.445	-0.454	-0.452	-0.452	-0.451	-0.449	-0.379	-0.380	-0.390	-0.478	-0.484	-0.393	-0.408	-0.410	-0.490	-0.026	-0.120	-0.279	-0.119	-0.121	-0.421	-0.063	-0.522	-0.422	-0.496	-0.527	-0.533	-0.533	-0.533	-0.534	-0.542	-0.531	-0.531	-0.530	-0.530	-0.451	-0.529	-0.529	-0.529	-0.529	-0.521	-0.342	-0.531	-0.419	-0.419	-0.373	-0.546	-0.540	-0.401	-0.446	-0.419	-0.550	-0.549	-0.416	-0.549	-0.524	-0.427	-0.416	-0.447	-0.460	
rs11047633     -0.146	-0.189	-0.191	-0.250	-0.232	-0.431	-0.384	-0.394	-0.401	-0.401	-0.301	-0.355	-0.397	-0.145	-0.147	-0.146	-0.146	-0.064	-0.146	-0.147	-0.129	-0.133	-0.134	-0.136	-0.101	+0.320	-0.547	-0.546	-0.550	-0.550	-0.552	-0.551	-0.547	-0.078	-0.551	-0.553	-0.181	+0.046	+0.023	+0.023	+0.000	-0.030	-0.033	-0.033	-0.032	-0.019	-0.205	-0.004	-0.002	+0.015	+0.043	+0.049	+0.066	+0.293	-0.234	-0.409	+0.314	+0.314	+0.362	-0.415	-0.420	-0.423	-0.436	+0.279	+0.152	-0.092	-0.088	-0.124	+0.080	+0.086	+0.048	-0.468	-0.477	-0.483	-0.478	+0.091	-0.482	-0.491	-0.478	-0.477	-0.476	-0.482	-0.482	-0.482	-0.294	-0.478	-0.478	+0.053	-0.380	+0.047	+0.054	-0.209	-0.444	-0.408	-0.445	-0.454	-0.452	-0.452	-0.451	-0.449	-0.379	-0.379	-0.390	-0.478	-0.484	-0.393	-0.408	-0.410	-0.490	-0.026	-0.120	-0.279	-0.119	-0.121	-0.421	-0.063	-0.522	-0.422	-0.495	-0.527	-0.533	-0.533	-0.533	-0.534	-0.542	-0.531	-0.531	-0.530	-0.530	-0.451	-0.529	-0.529	-0.529	-0.529	-0.521	-0.342	-0.531	-0.419	-0.418	-0.373	-0.546	-0.540	-0.401	-0.446	-0.419	-0.550	-0.549	-0.416	-0.549	-0.523	-0.427	-0.415	-0.447	-0.460	
rs11047634     -0.146	-0.189	-0.191	-0.250	-0.232	-0.431	-0.384	-0.394	-0.401	-0.401	-0.301	-0.355	-0.397	-0.145	-0.147	-0.146	-0.146	-0.146	-0.064	-0.147	-0.129	-0.133	-0.134	-0.136	-0.101	+0.320	-0.547	-0.546	-0.550	-0.550	-0.552	-0.551	-0.547	-0.078	-0.550	-0.553	-0.181	+0.046	+0.023	+0.023	+0.000	-0.030	-0.033	-0.033	-0.032	-0.019	-0.205	-0.004	-0.002	+0.015	+0.043	+0.049	+0.066	+0.293	-0.234	-0.409	+0.314	+0.314	+0.362	-0.415	-0.420	-0.423	-0.436	+0.279	+0.152	-0.092	-0.088	-0.123	+0.080	+0.086	+0.048	-0.468	-0.477	-0.483	-0.478	+0.091	-0.482	-0.491	-0.478	-0.477	-0.476	-0.482	-0.482	-0.482	-0.294	-0.478	-0.478	+0.053	-0.380	+0.047	+0.054	-0.209	-0.443	-0.408	-0.445	-0.454	-0.452	-0.452	-0.451	-0.449	-0.379	-0.379	-0.390	-0.478	-0.484	-0.393	-0.408	-0.410	-0.490	-0.026	-0.120	-0.279	-0.119	-0.121	-0.421	-0.063	-0.522	-0.422	-0.495	-0.527	-0.533	-0.533	-0.533	-0.534	-0.542	-0.531	-0.530	-0.530	-0.530	-0.451	-0.529	-0.529	-0.529	-0.529	-0.521	-0.342	-0.531	-0.419	-0.418	-0.373	-0.546	-0.540	-0.401	-0.446	-0.419	-0.550	-0.549	-0.416	-0.549	-0.523	-0.427	-0.415	-0.447	-0.460	
rs17370086     -0.143	-0.186	-0.188	-0.246	-0.228	-0.427	-0.380	-0.390	-0.397	-0.397	-0.298	-0.352	-0.393	-0.149	-0.149	-0.147	-0.147	-0.147	-0.147	-0.060	-0.118	-0.121	-0.122	-0.127	-0.091	+0.376	-0.543	-0.542	-0.547	-0.546	-0.548	-0.547	-0.543	-0.076	-0.547	-0.549	-0.179	+0.047	+0.025	+0.025	+0.002	-0.029	-0.032	-0.031	-0.031	-0.017	-0.203	-0.003	-0.000	+0.017	+0.044	+0.050	+0.068	+0.295	-0.231	-0.406	+0.315	+0.315	+0.363	-0.412	-0.416	-0.420	-0.432	+0.280	+0.154	-0.090	-0.086	-0.122	+0.081	+0.087	+0.049	-0.465	-0.474	-0.479	-0.474	+0.093	-0.479	-0.487	-0.474	-0.473	-0.472	-0.478	-0.479	-0.479	-0.291	-0.474	-0.474	+0.055	-0.377	+0.049	+0.055	-0.206	-0.440	-0.404	-0.441	-0.450	-0.449	-0.448	-0.448	-0.445	-0.375	-0.376	-0.386	-0.474	-0.480	-0.389	-0.404	-0.406	-0.486	-0.024	-0.118	-0.275	-0.117	-0.119	-0.418	-0.059	-0.518	-0.418	-0.491	-0.523	-0.529	-0.529	-0.529	-0.530	-0.538	-0.527	-0.527	-0.526	-0.526	-0.447	-0.525	-0.525	-0.525	-0.525	-0.517	-0.339	-0.527	-0.415	-0.415	-0.369	-0.542	-0.537	-0.397	-0.442	-0.415	-0.546	-0.545	-0.412	-0.545	-0.519	-0.423	-0.412	-0.443	-0.456	
rs61913091     -0.098	-0.141	-0.143	-0.201	-0.184	-0.382	-0.334	-0.345	-0.352	-0.352	-0.254	-0.308	-0.347	-0.136	-0.132	-0.130	-0.130	-0.129	-0.129	-0.118	-0.011	-0.090	-0.091	-0.101	-0.075	+0.338	-0.500	-0.499	-0.503	-0.502	-0.504	-0.503	-0.500	-0.054	-0.503	-0.505	-0.153	+0.069	+0.047	+0.047	+0.025	-0.005	-0.008	-0.007	-0.007	+0.006	-0.176	+0.020	+0.023	+0.039	+0.067	+0.072	+0.089	+0.313	-0.190	-0.363	+0.333	+0.333	+0.381	-0.369	-0.373	-0.377	-0.389	+0.299	+0.175	-0.066	-0.062	-0.094	+0.104	+0.110	+0.073	-0.420	-0.429	-0.435	-0.430	+0.115	-0.434	-0.443	-0.430	-0.429	-0.428	-0.434	-0.434	-0.435	-0.255	-0.430	-0.430	+0.078	-0.337	+0.072	+0.079	-0.172	-0.395	-0.360	-0.397	-0.406	-0.404	-0.403	-0.403	-0.400	-0.330	-0.330	-0.341	-0.430	-0.435	-0.344	-0.359	-0.361	-0.442	+0.007	-0.089	-0.234	-0.088	-0.089	-0.373	-0.013	-0.472	-0.373	-0.445	-0.478	-0.484	-0.484	-0.484	-0.485	-0.493	-0.482	-0.481	-0.481	-0.480	-0.398	-0.480	-0.480	-0.480	-0.480	-0.472	-0.297	-0.482	-0.371	-0.370	-0.324	-0.498	-0.492	-0.352	-0.397	-0.371	-0.501	-0.501	-0.368	-0.501	-0.475	-0.378	-0.366	-0.397	-0.410	
rs61913112     -0.100	-0.142	-0.144	-0.202	-0.185	-0.383	-0.335	-0.346	-0.353	-0.353	-0.255	-0.309	-0.348	-0.139	-0.136	-0.133	-0.133	-0.133	-0.133	-0.121	-0.090	-0.012	-0.091	-0.100	-0.075	+0.346	-0.501	-0.500	-0.504	-0.503	-0.505	-0.504	-0.501	-0.054	-0.504	-0.505	-0.153	+0.068	+0.046	+0.046	+0.024	-0.006	-0.009	-0.008	-0.008	+0.005	-0.177	+0.020	+0.022	+0.039	+0.066	+0.071	+0.089	+0.312	-0.191	-0.364	+0.332	+0.332	+0.380	-0.370	-0.375	-0.378	-0.390	+0.298	+0.174	-0.067	-0.063	-0.095	+0.103	+0.109	+0.072	-0.421	-0.430	-0.436	-0.431	+0.114	-0.435	-0.444	-0.431	-0.430	-0.429	-0.435	-0.435	-0.436	-0.256	-0.431	-0.431	+0.077	-0.338	+0.071	+0.078	-0.173	-0.396	-0.361	-0.398	-0.407	-0.405	-0.404	-0.404	-0.401	-0.330	-0.331	-0.341	-0.430	-0.436	-0.345	-0.360	-0.362	-0.442	+0.006	-0.090	-0.235	-0.089	-0.090	-0.374	-0.014	-0.473	-0.374	-0.447	-0.479	-0.485	-0.485	-0.485	-0.486	-0.494	-0.482	-0.482	-0.482	-0.481	-0.399	-0.481	-0.481	-0.481	-0.481	-0.473	-0.298	-0.483	-0.372	-0.371	-0.325	-0.498	-0.493	-0.353	-0.398	-0.372	-0.502	-0.502	-0.369	-0.502	-0.476	-0.379	-0.367	-0.398	-0.411	
rs12368831     -0.100	-0.143	-0.145	-0.202	-0.185	-0.383	-0.335	-0.346	-0.353	-0.353	-0.255	-0.310	-0.348	-0.140	-0.136	-0.134	-0.134	-0.134	-0.134	-0.122	-0.091	-0.091	-0.013	-0.101	-0.075	+0.347	-0.501	-0.501	-0.504	-0.503	-0.505	-0.505	-0.501	-0.055	-0.504	-0.506	-0.154	+0.068	+0.046	+0.046	+0.023	-0.006	-0.009	-0.008	-0.008	+0.005	-0.177	+0.019	+0.022	+0.038	+0.066	+0.071	+0.088	+0.312	-0.191	-0.365	+0.332	+0.332	+0.380	-0.370	-0.375	-0.379	-0.391	+0.298	+0.174	-0.067	-0.063	-0.095	+0.102	+0.109	+0.071	-0.422	-0.431	-0.436	-0.431	+0.114	-0.436	-0.444	-0.432	-0.430	-0.429	-0.435	-0.436	-0.436	-0.257	-0.431	-0.431	+0.077	-0.339	+0.071	+0.078	-0.173	-0.397	-0.361	-0.398	-0.407	-0.405	-0.405	-0.404	-0.402	-0.331	-0.332	-0.342	-0.431	-0.437	-0.345	-0.360	-0.362	-0.443	+0.005	-0.090	-0.236	-0.089	-0.091	-0.374	-0.015	-0.474	-0.374	-0.447	-0.479	-0.486	-0.485	-0.486	-0.486	-0.494	-0.483	-0.483	-0.482	-0.482	-0.400	-0.481	-0.481	-0.481	-0.481	-0.474	-0.299	-0.483	-0.372	-0.372	-0.326	-0.499	-0.493	-0.353	-0.399	-0.372	-0.502	-0.502	-0.369	-0.502	-0.476	-0.379	-0.368	-0.398	-0.412	
rs11047646     -0.094	-0.136	-0.138	-0.196	-0.178	-0.376	-0.328	-0.338	-0.345	-0.345	-0.248	-0.302	-0.340	-0.141	-0.138	-0.137	-0.136	-0.136	-0.136	-0.127	-0.101	-0.100	-0.101	-0.003	-0.060	+0.460	-0.492	-0.492	-0.495	-0.494	-0.495	-0.495	-0.492	-0.051	-0.495	-0.496	-0.149	+0.070	+0.049	+0.048	+0.026	-0.003	-0.006	-0.006	-0.005	+0.008	-0.173	+0.022	+0.024	+0.041	+0.068	+0.073	+0.091	+0.314	-0.184	-0.357	+0.334	+0.334	+0.381	-0.362	-0.367	-0.371	-0.383	+0.300	+0.176	-0.064	-0.060	-0.092	+0.105	+0.111	+0.074	-0.413	-0.422	-0.428	-0.423	+0.117	-0.427	-0.436	-0.423	-0.422	-0.421	-0.427	-0.427	-0.427	-0.251	-0.423	-0.423	+0.079	-0.331	+0.074	+0.080	-0.167	-0.388	-0.353	-0.390	-0.399	-0.397	-0.396	-0.396	-0.393	-0.322	-0.323	-0.333	-0.422	-0.428	-0.336	-0.351	-0.353	-0.434	+0.010	-0.086	-0.228	-0.085	-0.087	-0.366	-0.006	-0.465	-0.366	-0.437	-0.470	-0.477	-0.477	-0.477	-0.477	-0.486	-0.474	-0.474	-0.474	-0.473	-0.390	-0.472	-0.472	-0.472	-0.472	-0.465	-0.291	-0.474	-0.364	-0.363	-0.317	-0.490	-0.485	-0.345	-0.390	-0.364	-0.494	-0.494	-0.361	-0.494	-0.468	-0.371	-0.359	-0.390	-0.403	
rs4255624      -0.055	-0.098	-0.100	-0.156	-0.140	-0.337	-0.289	-0.298	-0.306	-0.305	-0.210	-0.265	-0.301	-0.109	-0.103	-0.101	-0.101	-0.101	-0.101	-0.091	-0.075	-0.075	-0.075	-0.060	+0.039	+0.410	-0.455	-0.454	-0.456	-0.456	-0.456	-0.456	-0.454	-0.029	-0.456	-0.457	-0.124	+0.092	+0.070	+0.070	+0.048	+0.020	+0.017	+0.017	+0.018	+0.031	-0.147	+0.044	+0.047	+0.063	+0.090	+0.095	+0.112	+0.333	-0.147	-0.319	+0.352	+0.352	+0.399	-0.325	-0.329	-0.333	-0.345	+0.319	+0.197	-0.041	-0.037	-0.066	+0.127	+0.133	+0.097	-0.375	-0.384	-0.389	-0.384	+0.139	-0.389	-0.397	-0.385	-0.383	-0.382	-0.388	-0.389	-0.389	-0.218	-0.384	-0.384	+0.102	-0.296	+0.096	+0.103	-0.136	-0.349	-0.313	-0.351	-0.360	-0.358	-0.357	-0.357	-0.354	-0.284	-0.285	-0.295	-0.384	-0.390	-0.298	-0.313	-0.315	-0.396	+0.038	-0.060	-0.192	-0.058	-0.059	-0.327	+0.036	-0.426	-0.327	-0.397	-0.431	-0.438	-0.438	-0.438	-0.438	-0.447	-0.435	-0.435	-0.434	-0.434	-0.349	-0.433	-0.433	-0.433	-0.433	-0.426	-0.255	-0.435	-0.325	-0.325	-0.279	-0.452	-0.446	-0.306	-0.351	-0.325	-0.455	-0.455	-0.322	-0.455	-0.429	-0.332	-0.320	-0.350	-0.363	
rs11486        +0.196	+0.152	+0.151	+0.098	+0.110	-0.084	-0.035	-0.042	-0.051	-0.050	+0.041	-0.014	-0.045	+0.256	+0.312	+0.320	+0.320	+0.320	+0.320	+0.376	+0.338	+0.346	+0.347	+0.460	+0.410	+0.317	-0.202	-0.201	-0.199	-0.199	-0.196	-0.198	-0.202	+0.134	-0.198	-0.194	+0.057	+0.249	+0.231	+0.231	+0.211	+0.186	+0.184	+0.184	+0.185	+0.196	+0.040	+0.208	+0.211	+0.225	+0.249	+0.254	+0.269	+0.474	+0.095	-0.073	+0.492	+0.492	+0.536	-0.078	-0.083	-0.087	-0.098	+0.462	+0.350	+0.128	+0.132	+0.115	+0.286	+0.292	+0.260	-0.124	-0.132	-0.138	-0.133	+0.298	-0.137	-0.146	-0.133	-0.132	-0.131	-0.137	-0.137	-0.138	+0.001	-0.133	-0.133	+0.265	-0.058	+0.260	+0.266	+0.077	-0.096	-0.060	-0.097	-0.107	-0.105	-0.104	-0.104	-0.101	-0.034	-0.035	-0.045	-0.135	-0.140	-0.049	-0.063	-0.065	-0.146	+0.237	+0.128	+0.051	+0.132	+0.132	-0.074	+0.307	-0.170	-0.074	-0.137	-0.175	-0.182	-0.182	-0.182	-0.183	-0.194	-0.179	-0.179	-0.179	-0.178	-0.079	-0.177	-0.177	-0.177	-0.177	-0.170	-0.015	-0.180	-0.073	-0.073	-0.028	-0.200	-0.193	-0.056	-0.098	-0.074	-0.203	-0.203	-0.071	-0.203	-0.178	-0.078	-0.066	-0.089	-0.103	
rs2353483      -0.568	-0.611	-0.613	-0.680	-0.655	-0.864	-0.818	-0.833	-0.837	-0.838	-0.709	-0.763	-0.835	-0.537	-0.548	-0.547	-0.547	-0.547	-0.547	-0.543	-0.500	-0.501	-0.501	-0.492	-0.455	-0.202	-0.536	-0.679	-0.665	-0.669	-0.663	-0.671	-0.680	-0.241	-0.681	-0.668	-0.398	-0.154	-0.184	-0.184	-0.213	-0.252	-0.256	-0.255	-0.255	-0.239	-0.435	-0.221	-0.219	-0.198	-0.164	-0.158	-0.136	+0.120	-0.466	-0.695	+0.142	+0.142	+0.197	-0.704	-0.710	-0.716	-0.734	+0.101	-0.049	-0.288	-0.282	-0.390	-0.135	-0.128	-0.173	-0.772	-0.793	-0.805	-0.795	-0.121	-0.804	-0.832	-0.796	-0.793	-0.790	-0.803	-0.805	-0.805	-0.649	-0.802	-0.802	-0.168	-0.752	-0.176	-0.168	-0.553	-0.805	-0.747	-0.809	-0.827	-0.823	-0.822	-0.821	-0.816	-0.842	-0.841	-0.850	-0.914	-0.918	-0.851	-0.865	-0.867	-0.922	-0.325	-0.384	-0.664	-0.391	-0.396	-0.854	-0.543	-0.957	-0.854	-0.955	-0.963	-0.968	-0.968	-0.968	-0.968	-0.973	-0.966	-0.966	-0.966	-0.965	-0.917	-0.965	-0.965	-0.965	-0.965	-0.957	-0.732	-0.966	-0.850	-0.849	-0.807	-0.979	-0.974	-0.834	-0.879	-0.850	-0.982	-0.982	-0.845	-0.982	-0.961	-0.861	-0.850	-0.900	-0.911	
rs2353482      -0.569	-0.612	-0.614	-0.681	-0.656	-0.865	-0.820	-0.834	-0.838	-0.839	-0.711	-0.765	-0.836	-0.537	-0.547	-0.546	-0.546	-0.546	-0.546	-0.542	-0.499	-0.500	-0.501	-0.492	-0.454	-0.201	-0.679	-0.537	-0.679	-0.681	-0.676	-0.681	-0.684	-0.236	-0.689	-0.680	-0.395	-0.150	-0.181	-0.181	-0.210	-0.249	-0.253	-0.253	-0.252	-0.236	-0.432	-0.219	-0.216	-0.195	-0.161	-0.154	-0.133	+0.124	-0.473	-0.701	+0.145	+0.146	+0.201	-0.710	-0.716	-0.721	-0.739	+0.105	-0.046	-0.284	-0.278	-0.388	-0.133	-0.125	-0.170	-0.777	-0.798	-0.810	-0.799	-0.118	-0.809	-0.836	-0.800	-0.797	-0.794	-0.807	-0.809	-0.809	-0.649	-0.806	-0.806	-0.165	-0.752	-0.173	-0.165	-0.553	-0.808	-0.752	-0.813	-0.830	-0.827	-0.826	-0.825	-0.820	-0.842	-0.842	-0.850	-0.915	-0.919	-0.851	-0.866	-0.867	-0.923	-0.324	-0.382	-0.664	-0.389	-0.394	-0.855	-0.546	-0.959	-0.855	-0.957	-0.964	-0.969	-0.969	-0.969	-0.969	-0.974	-0.967	-0.967	-0.967	-0.966	-0.919	-0.966	-0.966	-0.966	-0.966	-0.958	-0.733	-0.967	-0.851	-0.850	-0.808	-0.981	-0.976	-0.835	-0.881	-0.851	-0.983	-0.983	-0.846	-0.983	-0.962	-0.863	-0.851	-0.902	-0.913	
rs2353481      -0.583	-0.626	-0.628	-0.696	-0.670	-0.879	-0.834	-0.849	-0.852	-0.854	-0.726	-0.780	-0.850	-0.541	-0.552	-0.551	-0.550	-0.550	-0.550	-0.547	-0.503	-0.504	-0.504	-0.495	-0.456	-0.199	-0.665	-0.679	-0.551	-0.681	-0.687	-0.688	-0.673	-0.229	-0.693	-0.697	-0.392	-0.147	-0.178	-0.178	-0.207	-0.247	-0.252	-0.251	-0.250	-0.234	-0.430	-0.216	-0.213	-0.193	-0.158	-0.152	-0.130	+0.128	-0.493	-0.720	+0.150	+0.150	+0.207	-0.728	-0.735	-0.740	-0.758	+0.110	-0.044	-0.280	-0.274	-0.390	-0.131	-0.123	-0.168	-0.796	-0.816	-0.828	-0.817	-0.116	-0.826	-0.853	-0.818	-0.815	-0.813	-0.825	-0.827	-0.827	-0.656	-0.824	-0.824	-0.163	-0.761	-0.171	-0.163	-0.559	-0.825	-0.769	-0.829	-0.846	-0.842	-0.841	-0.841	-0.836	-0.852	-0.852	-0.861	-0.927	-0.931	-0.862	-0.876	-0.878	-0.935	-0.327	-0.383	-0.674	-0.391	-0.396	-0.869	-0.559	-0.973	-0.869	-0.970	-0.979	-0.983	-0.983	-0.983	-0.984	-0.988	-0.982	-0.982	-0.981	-0.981	-0.934	-0.981	-0.981	-0.980	-0.980	-0.972	-0.745	-0.981	-0.864	-0.864	-0.821	-0.994	-0.990	-0.848	-0.895	-0.865	-0.997	-0.997	-0.860	-0.997	-0.975	-0.877	-0.865	-0.915	-0.927	
rs1872644      -0.581	-0.624	-0.626	-0.694	-0.668	-0.877	-0.832	-0.847	-0.850	-0.852	-0.724	-0.777	-0.848	-0.540	-0.551	-0.550	-0.550	-0.550	-0.550	-0.546	-0.502	-0.503	-0.503	-0.494	-0.456	-0.199	-0.669	-0.681	-0.681	-0.549	-0.685	-0.686	-0.674	-0.230	-0.692	-0.694	-0.392	-0.147	-0.178	-0.178	-0.207	-0.247	-0.252	-0.251	-0.250	-0.234	-0.430	-0.217	-0.214	-0.193	-0.158	-0.152	-0.130	+0.128	-0.490	-0.717	+0.150	+0.150	+0.206	-0.726	-0.732	-0.737	-0.755	+0.109	-0.044	-0.280	-0.274	-0.390	-0.131	-0.123	-0.168	-0.793	-0.813	-0.825	-0.815	-0.116	-0.824	-0.851	-0.816	-0.813	-0.810	-0.823	-0.824	-0.824	-0.655	-0.822	-0.822	-0.163	-0.759	-0.171	-0.163	-0.558	-0.823	-0.767	-0.827	-0.844	-0.840	-0.839	-0.838	-0.833	-0.851	-0.851	-0.859	-0.925	-0.929	-0.861	-0.875	-0.877	-0.933	-0.326	-0.382	-0.673	-0.391	-0.395	-0.867	-0.557	-0.971	-0.867	-0.968	-0.977	-0.981	-0.981	-0.981	-0.982	-0.986	-0.980	-0.979	-0.979	-0.979	-0.932	-0.979	-0.979	-0.978	-0.978	-0.970	-0.743	-0.979	-0.862	-0.862	-0.819	-0.992	-0.988	-0.846	-0.893	-0.863	-0.995	-0.995	-0.858	-0.995	-0.973	-0.875	-0.863	-0.913	-0.925	
rs6487419      -0.593	-0.636	-0.638	-0.707	-0.680	-0.890	-0.845	-0.859	-0.862	-0.864	-0.737	-0.791	-0.861	-0.543	-0.553	-0.552	-0.552	-0.552	-0.552	-0.548	-0.504	-0.505	-0.505	-0.495	-0.456	-0.196	-0.663	-0.676	-0.687	-0.685	-0.562	-0.688	-0.651	-0.219	-0.693	-0.710	-0.386	-0.141	-0.173	-0.173	-0.202	-0.243	-0.247	-0.247	-0.246	-0.230	-0.425	-0.212	-0.209	-0.188	-0.153	-0.146	-0.124	+0.136	-0.512	-0.737	+0.158	+0.158	+0.215	-0.745	-0.752	-0.757	-0.774	+0.117	-0.038	-0.272	-0.266	-0.390	-0.126	-0.119	-0.164	-0.812	-0.832	-0.843	-0.833	-0.111	-0.842	-0.868	-0.834	-0.831	-0.828	-0.840	-0.842	-0.842	-0.660	-0.839	-0.839	-0.159	-0.766	-0.167	-0.159	-0.562	-0.839	-0.784	-0.843	-0.859	-0.856	-0.855	-0.854	-0.849	-0.859	-0.859	-0.868	-0.936	-0.940	-0.869	-0.884	-0.886	-0.944	-0.328	-0.381	-0.681	-0.390	-0.395	-0.879	-0.570	-0.984	-0.879	-0.981	-0.990	-0.994	-0.994	-0.994	-0.994	-0.998	-0.992	-0.992	-0.992	-0.991	-0.945	-0.991	-0.991	-0.991	-0.991	-0.983	-0.754	-0.992	-0.874	-0.874	-0.831	-1.005	-1.000	-0.858	-0.905	-0.874	-1.008	-1.007	-0.870	-1.007	-0.985	-0.887	-0.875	-0.926	-0.937	
rs7296995      -0.587	-0.630	-0.632	-0.700	-0.674	-0.884	-0.839	-0.853	-0.856	-0.858	-0.731	-0.784	-0.855	-0.542	-0.553	-0.551	-0.551	-0.551	-0.551	-0.547	-0.503	-0.504	-0.505	-0.495	-0.456	-0.198	-0.671	-0.681	-0.688	-0.686	-0.688	-0.556	-0.661	-0.225	-0.692	-0.701	-0.390	-0.144	-0.176	-0.176	-0.205	-0.246	-0.250	-0.249	-0.249	-0.232	-0.427	-0.214	-0.211	-0.190	-0.156	-0.149	-0.128	+0.131	-0.502	-0.728	+0.154	+0.154	+0.210	-0.736	-0.742	-0.747	-0.765	+0.113	-0.041	-0.277	-0.271	-0.390	-0.129	-0.121	-0.166	-0.803	-0.823	-0.834	-0.824	-0.114	-0.833	-0.859	-0.825	-0.822	-0.819	-0.831	-0.833	-0.833	-0.658	-0.830	-0.830	-0.161	-0.763	-0.169	-0.161	-0.561	-0.831	-0.775	-0.835	-0.852	-0.848	-0.847	-0.846	-0.841	-0.855	-0.855	-0.864	-0.931	-0.935	-0.865	-0.880	-0.882	-0.939	-0.327	-0.382	-0.677	-0.391	-0.395	-0.873	-0.564	-0.978	-0.873	-0.975	-0.983	-0.988	-0.988	-0.988	-0.988	-0.992	-0.986	-0.986	-0.986	-0.985	-0.939	-0.985	-0.985	-0.985	-0.985	-0.976	-0.749	-0.986	-0.869	-0.868	-0.825	-0.999	-0.994	-0.852	-0.899	-0.869	-1.002	-1.001	-0.864	-1.001	-0.979	-0.881	-0.869	-0.920	-0.931	
rs1054277      -0.568	-0.611	-0.613	-0.680	-0.655	-0.864	-0.819	-0.833	-0.837	-0.838	-0.710	-0.764	-0.835	-0.537	-0.548	-0.547	-0.547	-0.547	-0.547	-0.543	-0.500	-0.501	-0.501	-0.492	-0.454	-0.202	-0.680	-0.684	-0.673	-0.674	-0.651	-0.661	-0.536	-0.240	-0.673	-0.653	-0.397	-0.152	-0.183	-0.183	-0.212	-0.251	-0.255	-0.254	-0.254	-0.238	-0.434	-0.220	-0.217	-0.197	-0.163	-0.156	-0.135	+0.121	-0.468	-0.697	+0.143	+0.143	+0.199	-0.706	-0.712	-0.718	-0.736	+0.103	-0.048	-0.287	-0.281	-0.389	-0.134	-0.127	-0.172	-0.773	-0.794	-0.806	-0.795	-0.120	-0.804	-0.833	-0.796	-0.793	-0.790	-0.803	-0.805	-0.805	-0.649	-0.802	-0.802	-0.167	-0.752	-0.175	-0.167	-0.553	-0.805	-0.748	-0.809	-0.827	-0.823	-0.822	-0.821	-0.816	-0.842	-0.842	-0.850	-0.914	-0.918	-0.851	-0.865	-0.867	-0.922	-0.325	-0.384	-0.664	-0.391	-0.396	-0.854	-0.545	-0.958	-0.854	-0.955	-0.963	-0.968	-0.968	-0.968	-0.968	-0.973	-0.966	-0.966	-0.966	-0.965	-0.917	-0.965	-0.965	-0.965	-0.965	-0.957	-0.732	-0.966	-0.850	-0.850	-0.807	-0.979	-0.975	-0.835	-0.880	-0.850	-0.982	-0.982	-0.846	-0.982	-0.961	-0.861	-0.850	-0.900	-0.911	
rs4963801      +0.118	+0.074	+0.072	+0.012	+0.032	-0.176	-0.130	-0.146	-0.152	-0.153	-0.030	-0.086	-0.148	-0.073	-0.078	-0.078	-0.078	-0.078	-0.078	-0.076	-0.054	-0.054	-0.055	-0.051	-0.029	+0.134	-0.241	-0.236	-0.229	-0.230	-0.219	-0.225	-0.240	+0.201	-0.226	-0.211	+0.034	+0.116	+0.094	+0.094	+0.074	+0.047	+0.044	+0.045	+0.045	+0.055	+0.024	+0.067	+0.069	+0.083	+0.107	+0.112	+0.127	+0.332	-0.087	-0.224	+0.351	+0.351	+0.399	-0.228	-0.231	-0.234	-0.242	+0.317	+0.196	+0.049	+0.052	-0.039	+0.131	+0.136	+0.102	-0.240	-0.244	-0.246	-0.244	+0.140	-0.246	-0.244	-0.245	-0.244	-0.243	-0.246	-0.246	-0.246	-0.148	-0.242	-0.242	+0.106	-0.057	+0.101	+0.107	-0.098	-0.212	-0.193	-0.212	-0.215	-0.215	-0.215	-0.215	-0.214	-0.066	-0.067	-0.080	-0.198	-0.206	-0.085	-0.102	-0.105	-0.215	+0.050	-0.006	-0.044	-0.007	-0.009	-0.173	+0.114	-0.261	-0.173	-0.249	-0.265	-0.274	-0.274	-0.274	-0.274	-0.289	-0.270	-0.269	-0.269	-0.268	-0.183	-0.268	-0.268	-0.267	-0.268	-0.263	-0.117	-0.271	-0.174	-0.174	-0.138	-0.303	-0.299	-0.163	-0.199	-0.174	-0.306	-0.305	-0.169	-0.305	-0.298	-0.181	-0.169	-0.217	-0.229	
rs7310300      -0.584	-0.627	-0.629	-0.697	-0.671	-0.880	-0.836	-0.850	-0.853	-0.855	-0.727	-0.781	-0.852	-0.541	-0.552	-0.551	-0.551	-0.551	-0.550	-0.547	-0.503	-0.504	-0.504	-0.495	-0.456	-0.198	-0.681	-0.689	-0.693	-0.692	-0.693	-0.692	-0.673	-0.226	-0.553	-0.688	-0.390	-0.145	-0.176	-0.176	-0.205	-0.246	-0.250	-0.249	-0.249	-0.232	-0.428	-0.215	-0.212	-0.191	-0.156	-0.150	-0.128	+0.131	-0.496	-0.723	+0.153	+0.153	+0.209	-0.731	-0.737	-0.743	-0.760	+0.112	-0.042	-0.277	-0.271	-0.390	-0.129	-0.122	-0.167	-0.798	-0.818	-0.829	-0.819	-0.114	-0.828	-0.855	-0.820	-0.817	-0.814	-0.827	-0.829	-0.829	-0.656	-0.826	-0.826	-0.162	-0.761	-0.169	-0.162	-0.559	-0.827	-0.771	-0.831	-0.848	-0.844	-0.843	-0.842	-0.837	-0.853	-0.853	-0.862	-0.928	-0.932	-0.863	-0.877	-0.879	-0.936	-0.327	-0.382	-0.675	-0.390	-0.395	-0.870	-0.561	-0.974	-0.870	-0.972	-0.980	-0.985	-0.985	-0.985	-0.985	-0.989	-0.983	-0.983	-0.983	-0.982	-0.935	-0.982	-0.982	-0.982	-0.982	-0.973	-0.746	-0.983	-0.866	-0.865	-0.822	-0.996	-0.991	-0.850	-0.896	-0.866	-0.999	-0.998	-0.861	-0.998	-0.977	-0.878	-0.866	-0.917	-0.928	
rs1471844      -0.600	-0.643	-0.645	-0.714	-0.687	-0.897	-0.852	-0.866	-0.869	-0.871	-0.745	-0.798	-0.868	-0.544	-0.555	-0.554	-0.553	-0.553	-0.553	-0.549	-0.505	-0.505	-0.506	-0.496	-0.457	-0.194	-0.668	-0.680	-0.697	-0.694	-0.710	-0.701	-0.653	-0.211	-0.688	-0.570	-0.381	-0.136	-0.168	-0.168	-0.198	-0.239	-0.243	-0.243	-0.242	-0.225	-0.420	-0.207	-0.204	-0.183	-0.148	-0.141	-0.119	+0.142	-0.526	-0.749	+0.164	+0.165	+0.222	-0.757	-0.764	-0.769	-0.786	+0.123	-0.033	-0.266	-0.260	-0.388	-0.122	-0.114	-0.160	-0.824	-0.843	-0.854	-0.844	-0.106	-0.853	-0.878	-0.845	-0.842	-0.840	-0.852	-0.853	-0.853	-0.663	-0.850	-0.850	-0.155	-0.769	-0.163	-0.155	-0.564	-0.849	-0.795	-0.853	-0.869	-0.865	-0.864	-0.864	-0.859	-0.864	-0.864	-0.873	-0.942	-0.946	-0.874	-0.889	-0.891	-0.951	-0.327	-0.378	-0.686	-0.388	-0.393	-0.886	-0.577	-0.991	-0.886	-0.988	-0.997	-1.002	-1.002	-1.002	-1.002	-1.005	-1.000	-1.000	-1.000	-0.999	-0.954	-0.999	-0.999	-0.999	-0.999	-0.990	-0.760	-1.000	-0.881	-0.881	-0.837	-1.012	-1.007	-0.865	-0.912	-0.881	-1.015	-1.015	-0.877	-1.015	-0.992	-0.894	-0.883	-0.933	-0.945	
