## Summary of overall evidence for association with region:
## log10(BF for region) = -0.50805
## p-value for region = NA

## BFs for choosing among multi-SNP models:
## log10(average 1-SNP BF) = -0.43579
## log10(average 2-SNP BF) = -0.703264

## Example posterior probabilities for multi-SNP models, based on default prior: [p(l) propto 0.5^l for l=1,2,...,L]
## posterior probability of 1-SNP = 0.78735
## posterior probability of 2-SNP = 0.21265

## log10(BF) for single SNP and pair of SNPs:
rs75251133     -0.434	-0.540	-0.528	-0.569	-0.589	-0.556	-0.591	-0.765	-0.580	-0.569	-0.769	-0.792	-0.832	-0.723	-0.377	-0.628	-0.600	-0.672	-0.662	-0.685	-0.635	-0.369	-0.676	-0.676	-0.814	-0.813	-0.608	-0.625	-0.918	-0.704	-0.816	-0.538	-0.699	-0.809	-0.706	-0.436	-0.741	-0.571	-0.551	-0.556	-0.425	-0.549	-0.460	-0.811	-0.522	-0.543	-0.545	-0.547	-0.527	-0.526	-0.526	-0.536	-0.121	-0.418	-0.529	-0.519	-0.424	-0.518	-0.936	-0.511	-0.857	-0.843	-0.843	-0.844	-0.843	-0.873	-0.874	-0.842	-0.843	-0.843	-0.842	-0.842	-0.842	-0.875	-0.832	-0.842	-0.842	-0.875	-0.841	-0.841	-0.886	-0.826	-0.671	-0.666	-0.668	-0.836	-0.889	-0.686	-0.864	-0.682	-0.817	-0.869	-0.804	-0.704	-0.699	-0.688	-0.687	-0.804	-0.820	-0.875	-0.702	-0.820	-0.780	-0.717	-0.613	-0.731	-0.809	-0.867	-0.802	-0.823	-0.826	-0.715	-0.728	-0.876	-0.864	-0.869	-0.774	-0.862	-0.862	-0.864	-0.864	-0.839	-0.756	-0.754	-0.930	-0.914	-0.929	-0.937	-0.740	-0.740	-0.740	-0.744	-0.755	-0.935	-0.768	-0.843	-0.791	-0.934	-0.804	-0.814	-0.931	-0.856	-0.784	-0.787	-0.848	-0.934	-0.935	-0.792	-0.844	-0.793	-0.935	-0.934	-0.737	-0.934	-0.935	-0.844	-0.844	-0.827	-0.935	-0.935	-0.844	-0.934	-0.845	-0.935	-0.935	-0.806	-0.934	-0.681	-0.928	-0.687	-0.928	-0.930	
rs12124177     -0.540	-0.432	-0.545	-0.571	-0.564	-0.559	-0.567	-0.751	-0.582	-0.571	-0.757	-0.795	-0.833	-0.704	-0.382	-0.605	-0.578	-0.668	-0.659	-0.682	-0.622	-0.372	-0.673	-0.673	-0.813	-0.812	-0.578	-0.628	-0.916	-0.701	-0.815	-0.476	-0.696	-0.808	-0.704	-0.439	-0.743	-0.575	-0.555	-0.503	-0.428	-0.553	-0.462	-0.821	-0.526	-0.547	-0.549	-0.551	-0.531	-0.530	-0.530	-0.540	-0.133	-0.421	-0.533	-0.523	-0.427	-0.523	-0.934	-0.516	-0.863	-0.833	-0.833	-0.834	-0.833	-0.866	-0.867	-0.832	-0.833	-0.833	-0.833	-0.832	-0.832	-0.869	-0.821	-0.832	-0.832	-0.869	-0.831	-0.831	-0.882	-0.814	-0.654	-0.650	-0.652	-0.826	-0.884	-0.671	-0.864	-0.667	-0.804	-0.869	-0.790	-0.689	-0.684	-0.672	-0.672	-0.790	-0.807	-0.874	-0.676	-0.808	-0.768	-0.703	-0.596	-0.731	-0.796	-0.867	-0.789	-0.811	-0.814	-0.701	-0.714	-0.872	-0.864	-0.869	-0.758	-0.862	-0.862	-0.864	-0.864	-0.830	-0.756	-0.753	-0.930	-0.915	-0.929	-0.936	-0.724	-0.724	-0.724	-0.744	-0.759	-0.934	-0.758	-0.836	-0.803	-0.934	-0.793	-0.803	-0.930	-0.862	-0.774	-0.799	-0.841	-0.934	-0.934	-0.804	-0.838	-0.783	-0.934	-0.933	-0.737	-0.933	-0.934	-0.838	-0.838	-0.836	-0.933	-0.933	-0.838	-0.933	-0.839	-0.933	-0.933	-0.817	-0.933	-0.692	-0.928	-0.697	-0.928	-0.930	
rs12116579     -0.528	-0.545	-0.431	-0.571	-0.553	-0.559	-0.558	-0.746	-0.582	-0.571	-0.752	-0.795	-0.832	-0.697	-0.382	-0.597	-0.569	-0.667	-0.657	-0.680	-0.616	-0.372	-0.671	-0.671	-0.811	-0.811	-0.568	-0.627	-0.915	-0.700	-0.814	-0.457	-0.694	-0.807	-0.702	-0.439	-0.742	-0.574	-0.555	-0.487	-0.428	-0.553	-0.462	-0.822	-0.526	-0.547	-0.549	-0.551	-0.531	-0.530	-0.530	-0.540	-0.135	-0.420	-0.533	-0.523	-0.427	-0.522	-0.933	-0.516	-0.864	-0.829	-0.829	-0.830	-0.829	-0.863	-0.864	-0.829	-0.829	-0.829	-0.829	-0.828	-0.828	-0.866	-0.817	-0.828	-0.828	-0.866	-0.827	-0.827	-0.879	-0.810	-0.649	-0.644	-0.646	-0.822	-0.882	-0.666	-0.863	-0.662	-0.800	-0.868	-0.786	-0.684	-0.679	-0.668	-0.667	-0.786	-0.803	-0.873	-0.668	-0.804	-0.764	-0.698	-0.591	-0.730	-0.791	-0.866	-0.784	-0.807	-0.810	-0.696	-0.709	-0.870	-0.863	-0.868	-0.753	-0.861	-0.861	-0.863	-0.863	-0.826	-0.755	-0.752	-0.929	-0.915	-0.929	-0.935	-0.719	-0.719	-0.719	-0.743	-0.759	-0.933	-0.754	-0.833	-0.804	-0.932	-0.789	-0.799	-0.928	-0.862	-0.771	-0.801	-0.838	-0.932	-0.933	-0.805	-0.835	-0.780	-0.933	-0.932	-0.736	-0.932	-0.932	-0.835	-0.835	-0.837	-0.932	-0.932	-0.835	-0.931	-0.836	-0.932	-0.932	-0.818	-0.932	-0.693	-0.927	-0.698	-0.927	-0.929	
rs11589113     -0.569	-0.571	-0.571	-0.253	-0.555	-0.343	-0.556	-0.621	-0.361	-0.362	-0.626	-0.659	-0.672	-0.573	-0.282	-0.562	-0.539	-0.521	-0.511	-0.533	-0.569	-0.247	-0.525	-0.525	-0.647	-0.648	-0.551	-0.432	-0.759	-0.549	-0.649	-0.485	-0.544	-0.639	-0.551	-0.352	-0.555	-0.383	-0.363	-0.493	-0.344	-0.360	-0.371	-0.703	-0.331	-0.354	-0.356	-0.358	-0.337	-0.337	-0.337	-0.347	-0.121	-0.338	-0.340	-0.329	-0.344	-0.329	-0.769	-0.322	-0.736	-0.702	-0.702	-0.703	-0.702	-0.727	-0.728	-0.701	-0.702	-0.702	-0.701	-0.701	-0.701	-0.729	-0.689	-0.701	-0.701	-0.729	-0.700	-0.700	-0.742	-0.685	-0.594	-0.590	-0.592	-0.695	-0.740	-0.605	-0.690	-0.602	-0.674	-0.698	-0.662	-0.619	-0.615	-0.606	-0.606	-0.661	-0.677	-0.706	-0.574	-0.677	-0.679	-0.630	-0.543	-0.566	-0.666	-0.695	-0.660	-0.680	-0.683	-0.629	-0.639	-0.732	-0.691	-0.699	-0.636	-0.688	-0.688	-0.692	-0.692	-0.693	-0.591	-0.589	-0.750	-0.725	-0.749	-0.767	-0.618	-0.618	-0.617	-0.558	-0.551	-0.761	-0.657	-0.700	-0.656	-0.763	-0.668	-0.675	-0.760	-0.709	-0.670	-0.652	-0.700	-0.763	-0.765	-0.657	-0.702	-0.678	-0.765	-0.762	-0.561	-0.762	-0.766	-0.702	-0.702	-0.688	-0.767	-0.767	-0.702	-0.768	-0.703	-0.767	-0.766	-0.670	-0.766	-0.536	-0.744	-0.542	-0.744	-0.747	
rs76029399     -0.589	-0.564	-0.553	-0.555	-0.419	-0.543	-0.534	-0.750	-0.567	-0.555	-0.755	-0.780	-0.817	-0.708	-0.363	-0.626	-0.565	-0.659	-0.649	-0.672	-0.632	-0.355	-0.663	-0.663	-0.801	-0.801	-0.608	-0.612	-0.905	-0.691	-0.803	-0.494	-0.686	-0.797	-0.694	-0.423	-0.728	-0.558	-0.538	-0.519	-0.412	-0.536	-0.446	-0.798	-0.509	-0.530	-0.531	-0.533	-0.514	-0.513	-0.513	-0.523	-0.108	-0.404	-0.515	-0.506	-0.410	-0.505	-0.924	-0.498	-0.844	-0.834	-0.834	-0.835	-0.834	-0.864	-0.864	-0.833	-0.834	-0.834	-0.833	-0.833	-0.833	-0.866	-0.821	-0.833	-0.833	-0.866	-0.832	-0.832	-0.876	-0.817	-0.661	-0.656	-0.658	-0.828	-0.879	-0.676	-0.851	-0.672	-0.808	-0.856	-0.796	-0.693	-0.688	-0.677	-0.677	-0.796	-0.811	-0.862	-0.694	-0.812	-0.769	-0.707	-0.603	-0.718	-0.800	-0.854	-0.794	-0.814	-0.817	-0.705	-0.718	-0.866	-0.852	-0.857	-0.766	-0.849	-0.849	-0.851	-0.851	-0.830	-0.743	-0.740	-0.918	-0.902	-0.917	-0.925	-0.732	-0.732	-0.731	-0.731	-0.742	-0.922	-0.757	-0.834	-0.781	-0.922	-0.796	-0.805	-0.918	-0.845	-0.773	-0.778	-0.838	-0.922	-0.923	-0.783	-0.835	-0.782	-0.923	-0.922	-0.724	-0.922	-0.923	-0.835	-0.835	-0.817	-0.923	-0.922	-0.835	-0.922	-0.836	-0.922	-0.922	-0.797	-0.922	-0.672	-0.916	-0.678	-0.916	-0.918	
rs16853640     -0.556	-0.559	-0.559	-0.343	-0.543	-0.239	-0.544	-0.608	-0.354	-0.357	-0.613	-0.648	-0.660	-0.560	-0.282	-0.550	-0.527	-0.509	-0.500	-0.521	-0.556	-0.250	-0.513	-0.513	-0.635	-0.636	-0.539	-0.420	-0.747	-0.537	-0.637	-0.473	-0.532	-0.627	-0.539	-0.348	-0.543	-0.372	-0.351	-0.480	-0.340	-0.348	-0.366	-0.692	-0.320	-0.342	-0.344	-0.346	-0.325	-0.325	-0.325	-0.335	-0.118	-0.334	-0.328	-0.318	-0.340	-0.317	-0.757	-0.310	-0.724	-0.689	-0.689	-0.691	-0.690	-0.714	-0.716	-0.689	-0.690	-0.689	-0.689	-0.689	-0.689	-0.717	-0.677	-0.689	-0.689	-0.717	-0.688	-0.688	-0.729	-0.673	-0.584	-0.580	-0.582	-0.683	-0.728	-0.595	-0.678	-0.592	-0.662	-0.686	-0.650	-0.609	-0.605	-0.596	-0.596	-0.649	-0.664	-0.694	-0.562	-0.665	-0.668	-0.620	-0.534	-0.554	-0.654	-0.683	-0.648	-0.668	-0.671	-0.619	-0.629	-0.720	-0.679	-0.686	-0.624	-0.676	-0.676	-0.680	-0.680	-0.681	-0.579	-0.576	-0.738	-0.713	-0.736	-0.755	-0.605	-0.605	-0.605	-0.545	-0.538	-0.749	-0.646	-0.688	-0.644	-0.751	-0.656	-0.662	-0.748	-0.697	-0.659	-0.641	-0.687	-0.751	-0.752	-0.645	-0.690	-0.667	-0.753	-0.750	-0.548	-0.750	-0.754	-0.690	-0.690	-0.676	-0.755	-0.755	-0.690	-0.756	-0.691	-0.755	-0.754	-0.658	-0.754	-0.525	-0.732	-0.531	-0.732	-0.735	
rs12121752     -0.591	-0.567	-0.558	-0.556	-0.534	-0.544	-0.420	-0.750	-0.567	-0.556	-0.755	-0.780	-0.818	-0.707	-0.364	-0.626	-0.565	-0.659	-0.650	-0.672	-0.632	-0.356	-0.664	-0.664	-0.802	-0.801	-0.608	-0.613	-0.906	-0.692	-0.804	-0.491	-0.686	-0.797	-0.694	-0.424	-0.729	-0.559	-0.539	-0.517	-0.413	-0.536	-0.447	-0.799	-0.510	-0.530	-0.532	-0.534	-0.515	-0.514	-0.514	-0.524	-0.110	-0.405	-0.516	-0.506	-0.411	-0.506	-0.924	-0.499	-0.845	-0.834	-0.834	-0.835	-0.834	-0.864	-0.865	-0.833	-0.834	-0.834	-0.834	-0.833	-0.833	-0.866	-0.821	-0.833	-0.833	-0.866	-0.832	-0.832	-0.877	-0.817	-0.661	-0.656	-0.658	-0.828	-0.879	-0.676	-0.852	-0.672	-0.808	-0.857	-0.796	-0.693	-0.688	-0.677	-0.677	-0.795	-0.811	-0.863	-0.694	-0.812	-0.769	-0.707	-0.603	-0.718	-0.800	-0.855	-0.794	-0.814	-0.817	-0.705	-0.718	-0.867	-0.852	-0.857	-0.766	-0.850	-0.850	-0.852	-0.852	-0.830	-0.743	-0.741	-0.918	-0.902	-0.918	-0.926	-0.732	-0.732	-0.731	-0.732	-0.743	-0.923	-0.757	-0.834	-0.783	-0.923	-0.796	-0.805	-0.919	-0.846	-0.773	-0.779	-0.839	-0.923	-0.923	-0.784	-0.835	-0.782	-0.923	-0.923	-0.725	-0.923	-0.923	-0.835	-0.835	-0.818	-0.923	-0.923	-0.835	-0.923	-0.837	-0.923	-0.923	-0.798	-0.923	-0.673	-0.917	-0.679	-0.917	-0.918	
rs9730271      -0.765	-0.751	-0.746	-0.621	-0.750	-0.608	-0.750	-0.512	-0.632	-0.620	-0.638	-0.835	-0.877	-0.628	-0.417	-0.766	-0.744	-0.750	-0.741	-0.762	-0.764	-0.419	-0.754	-0.754	-0.881	-0.881	-0.761	-0.681	-0.984	-0.780	-0.885	-0.718	-0.775	-0.877	-0.782	-0.490	-0.798	-0.620	-0.599	-0.725	-0.479	-0.596	-0.514	-0.901	-0.569	-0.590	-0.593	-0.594	-0.574	-0.573	-0.573	-0.583	-0.126	-0.471	-0.576	-0.566	-0.478	-0.565	-1.015	-0.558	-0.944	-0.886	-0.886	-0.887	-0.886	-0.919	-0.919	-0.886	-0.886	-0.886	-0.886	-0.886	-0.886	-0.920	-0.877	-0.886	-0.886	-0.920	-0.885	-0.885	-0.922	-0.876	-0.767	-0.763	-0.764	-0.883	-0.931	-0.781	-0.928	-0.777	-0.870	-0.935	-0.860	-0.797	-0.792	-0.782	-0.782	-0.860	-0.872	-0.941	-0.834	-0.873	-0.869	-0.810	-0.711	-0.776	-0.864	-0.932	-0.858	-0.875	-0.876	-0.808	-0.820	-0.905	-0.929	-0.935	-0.837	-0.926	-0.926	-0.929	-0.929	-0.888	-0.799	-0.797	-0.988	-0.967	-0.987	-0.999	-0.853	-0.853	-0.852	-0.809	-0.800	-0.996	-0.857	-0.889	-0.775	-0.997	-0.867	-0.875	-0.994	-0.870	-0.873	-0.770	-0.902	-0.997	-0.998	-0.776	-0.890	-0.881	-0.998	-0.997	-0.802	-0.996	-0.999	-0.890	-0.890	-0.822	-0.999	-0.999	-0.890	-0.999	-0.891	-0.999	-0.999	-0.795	-0.999	-0.654	-0.989	-0.661	-0.989	-0.991	
rs56949555     -0.580	-0.582	-0.582	-0.361	-0.567	-0.354	-0.567	-0.632	-0.265	-0.358	-0.637	-0.668	-0.682	-0.585	-0.279	-0.573	-0.550	-0.532	-0.522	-0.543	-0.580	-0.241	-0.536	-0.536	-0.658	-0.659	-0.562	-0.444	-0.770	-0.560	-0.660	-0.497	-0.555	-0.650	-0.562	-0.355	-0.567	-0.395	-0.375	-0.504	-0.347	-0.372	-0.375	-0.713	-0.343	-0.366	-0.368	-0.370	-0.349	-0.349	-0.349	-0.359	-0.125	-0.340	-0.352	-0.341	-0.347	-0.341	-0.780	-0.334	-0.746	-0.713	-0.713	-0.714	-0.713	-0.738	-0.739	-0.712	-0.713	-0.713	-0.712	-0.712	-0.712	-0.740	-0.700	-0.712	-0.712	-0.740	-0.711	-0.711	-0.753	-0.696	-0.602	-0.599	-0.600	-0.706	-0.751	-0.614	-0.702	-0.610	-0.685	-0.709	-0.673	-0.628	-0.624	-0.615	-0.615	-0.672	-0.688	-0.717	-0.586	-0.688	-0.688	-0.639	-0.552	-0.577	-0.677	-0.706	-0.671	-0.691	-0.694	-0.638	-0.648	-0.743	-0.703	-0.710	-0.647	-0.699	-0.699	-0.703	-0.703	-0.704	-0.602	-0.600	-0.762	-0.737	-0.760	-0.778	-0.629	-0.629	-0.628	-0.569	-0.563	-0.773	-0.666	-0.711	-0.667	-0.774	-0.679	-0.685	-0.772	-0.720	-0.680	-0.664	-0.711	-0.774	-0.776	-0.668	-0.713	-0.687	-0.776	-0.773	-0.572	-0.773	-0.777	-0.713	-0.713	-0.699	-0.778	-0.778	-0.713	-0.779	-0.714	-0.778	-0.777	-0.681	-0.777	-0.548	-0.756	-0.553	-0.756	-0.759	
rs73045671     -0.569	-0.571	-0.571	-0.362	-0.555	-0.357	-0.556	-0.620	-0.358	-0.252	-0.625	-0.658	-0.671	-0.573	-0.280	-0.562	-0.539	-0.521	-0.511	-0.533	-0.568	-0.245	-0.525	-0.525	-0.647	-0.647	-0.551	-0.431	-0.759	-0.549	-0.649	-0.485	-0.544	-0.639	-0.551	-0.352	-0.555	-0.383	-0.362	-0.492	-0.343	-0.360	-0.371	-0.703	-0.331	-0.353	-0.355	-0.357	-0.337	-0.336	-0.336	-0.347	-0.122	-0.337	-0.339	-0.329	-0.344	-0.328	-0.769	-0.321	-0.736	-0.701	-0.701	-0.702	-0.701	-0.726	-0.727	-0.701	-0.701	-0.701	-0.701	-0.701	-0.701	-0.729	-0.689	-0.700	-0.700	-0.729	-0.700	-0.700	-0.741	-0.684	-0.594	-0.590	-0.592	-0.695	-0.740	-0.605	-0.690	-0.602	-0.674	-0.698	-0.661	-0.619	-0.615	-0.606	-0.606	-0.660	-0.676	-0.706	-0.574	-0.677	-0.678	-0.630	-0.543	-0.566	-0.666	-0.695	-0.659	-0.680	-0.683	-0.628	-0.639	-0.731	-0.691	-0.698	-0.636	-0.688	-0.688	-0.692	-0.691	-0.692	-0.591	-0.588	-0.750	-0.725	-0.748	-0.766	-0.617	-0.617	-0.617	-0.557	-0.550	-0.761	-0.656	-0.700	-0.656	-0.762	-0.668	-0.674	-0.760	-0.709	-0.670	-0.653	-0.699	-0.763	-0.765	-0.657	-0.701	-0.678	-0.765	-0.762	-0.560	-0.762	-0.766	-0.701	-0.701	-0.688	-0.767	-0.767	-0.701	-0.768	-0.703	-0.767	-0.766	-0.670	-0.766	-0.537	-0.744	-0.543	-0.744	-0.747	
rs10158768     -0.769	-0.757	-0.752	-0.626	-0.755	-0.613	-0.755	-0.638	-0.637	-0.625	-0.516	-0.840	-0.882	-0.619	-0.423	-0.770	-0.748	-0.753	-0.744	-0.766	-0.769	-0.424	-0.757	-0.757	-0.885	-0.885	-0.765	-0.686	-0.988	-0.783	-0.889	-0.720	-0.778	-0.881	-0.786	-0.496	-0.803	-0.625	-0.605	-0.728	-0.484	-0.602	-0.519	-0.906	-0.575	-0.596	-0.598	-0.600	-0.579	-0.579	-0.578	-0.589	-0.133	-0.476	-0.581	-0.571	-0.483	-0.570	-1.019	-0.564	-0.948	-0.888	-0.888	-0.889	-0.889	-0.922	-0.922	-0.888	-0.889	-0.888	-0.888	-0.888	-0.888	-0.923	-0.879	-0.888	-0.888	-0.923	-0.888	-0.888	-0.926	-0.877	-0.767	-0.763	-0.765	-0.885	-0.935	-0.781	-0.933	-0.777	-0.872	-0.939	-0.861	-0.798	-0.793	-0.783	-0.782	-0.861	-0.874	-0.946	-0.837	-0.874	-0.870	-0.811	-0.711	-0.779	-0.865	-0.936	-0.859	-0.877	-0.877	-0.809	-0.821	-0.909	-0.933	-0.939	-0.838	-0.931	-0.930	-0.933	-0.933	-0.891	-0.802	-0.800	-0.992	-0.971	-0.991	-1.003	-0.856	-0.856	-0.856	-0.813	-0.806	-1.001	-0.859	-0.892	-0.782	-1.001	-0.869	-0.877	-0.998	-0.877	-0.874	-0.778	-0.905	-1.001	-1.002	-0.784	-0.893	-0.883	-1.002	-1.001	-0.806	-1.001	-1.003	-0.893	-0.893	-0.829	-1.003	-1.003	-0.893	-1.003	-0.894	-1.003	-1.003	-0.803	-1.003	-0.662	-0.993	-0.669	-0.993	-0.995	
rs67939704     -0.792	-0.795	-0.795	-0.659	-0.780	-0.648	-0.780	-0.835	-0.668	-0.658	-0.840	-0.501	-0.665	-0.786	-0.494	-0.785	-0.764	-0.747	-0.738	-0.758	-0.792	-0.478	-0.751	-0.751	-0.872	-0.872	-0.775	-0.678	-0.948	-0.774	-0.874	-0.710	-0.770	-0.865	-0.776	-0.548	-0.790	-0.624	-0.604	-0.717	-0.537	-0.601	-0.569	-0.864	-0.575	-0.595	-0.597	-0.599	-0.579	-0.579	-0.579	-0.589	-0.269	-0.531	-0.582	-0.572	-0.537	-0.571	-0.973	-0.565	-0.913	-0.906	-0.906	-0.907	-0.906	-0.931	-0.932	-0.906	-0.906	-0.906	-0.906	-0.905	-0.905	-0.934	-0.892	-0.905	-0.905	-0.934	-0.904	-0.904	-0.950	-0.887	-0.777	-0.773	-0.775	-0.899	-0.947	-0.790	-0.928	-0.786	-0.875	-0.930	-0.861	-0.805	-0.801	-0.791	-0.790	-0.862	-0.878	-0.933	-0.789	-0.878	-0.872	-0.817	-0.723	-0.783	-0.866	-0.929	-0.858	-0.882	-0.886	-0.816	-0.827	-0.943	-0.928	-0.930	-0.828	-0.927	-0.926	-0.927	-0.927	-0.896	-0.810	-0.808	-0.991	-0.975	-0.991	-1.000	-0.833	-0.833	-0.832	-0.807	-0.770	-0.996	-0.850	-0.913	-0.894	-0.996	-0.872	-0.881	-0.992	-0.942	-0.865	-0.892	-0.910	-0.996	-0.997	-0.895	-0.914	-0.873	-0.997	-0.996	-0.802	-0.996	-0.997	-0.914	-0.914	-0.923	-0.997	-0.997	-0.914	-0.996	-0.916	-0.997	-0.997	-0.907	-0.997	-0.785	-0.987	-0.791	-0.987	-0.988	
rs16853647     -0.832	-0.833	-0.832	-0.672	-0.817	-0.660	-0.818	-0.877	-0.682	-0.671	-0.882	-0.665	-0.540	-0.830	-0.500	-0.826	-0.802	-0.780	-0.771	-0.791	-0.832	-0.482	-0.784	-0.784	-0.909	-0.909	-0.816	-0.717	-0.988	-0.808	-0.911	-0.751	-0.803	-0.902	-0.810	-0.560	-0.829	-0.663	-0.643	-0.757	-0.549	-0.640	-0.582	-0.903	-0.614	-0.635	-0.637	-0.639	-0.619	-0.618	-0.618	-0.628	-0.280	-0.542	-0.621	-0.611	-0.548	-0.611	-1.011	-0.604	-0.951	-0.949	-0.949	-0.951	-0.950	-0.974	-0.975	-0.949	-0.950	-0.949	-0.949	-0.949	-0.949	-0.977	-0.935	-0.949	-0.948	-0.977	-0.948	-0.948	-0.992	-0.931	-0.806	-0.802	-0.804	-0.943	-0.989	-0.819	-0.964	-0.815	-0.920	-0.966	-0.906	-0.834	-0.830	-0.820	-0.819	-0.907	-0.923	-0.970	-0.837	-0.923	-0.903	-0.847	-0.751	-0.822	-0.911	-0.965	-0.904	-0.926	-0.930	-0.845	-0.857	-0.983	-0.963	-0.966	-0.875	-0.962	-0.962	-0.962	-0.963	-0.940	-0.848	-0.845	-1.028	-1.012	-1.027	-1.036	-0.874	-0.874	-0.874	-0.842	-0.815	-1.033	-0.883	-0.953	-0.925	-1.032	-0.914	-0.923	-1.029	-0.975	-0.899	-0.922	-0.952	-1.032	-1.033	-0.926	-0.955	-0.907	-1.033	-1.032	-0.837	-1.032	-1.033	-0.955	-0.955	-0.955	-1.033	-1.033	-0.955	-1.033	-0.956	-1.033	-1.033	-0.938	-1.033	-0.813	-1.023	-0.818	-1.023	-1.025	
rs12143004     -0.723	-0.704	-0.697	-0.573	-0.708	-0.560	-0.707	-0.628	-0.585	-0.573	-0.619	-0.786	-0.830	-0.469	-0.363	-0.724	-0.701	-0.713	-0.705	-0.725	-0.718	-0.369	-0.717	-0.717	-0.840	-0.841	-0.721	-0.632	-0.944	-0.742	-0.844	-0.690	-0.737	-0.835	-0.744	-0.443	-0.751	-0.572	-0.551	-0.697	-0.431	-0.548	-0.467	-0.860	-0.520	-0.542	-0.544	-0.546	-0.525	-0.524	-0.524	-0.535	-0.067	-0.423	-0.527	-0.517	-0.430	-0.516	-0.975	-0.509	-0.903	-0.855	-0.855	-0.855	-0.855	-0.884	-0.883	-0.855	-0.855	-0.855	-0.855	-0.855	-0.855	-0.883	-0.849	-0.855	-0.855	-0.883	-0.855	-0.855	-0.880	-0.850	-0.754	-0.750	-0.752	-0.855	-0.892	-0.767	-0.887	-0.763	-0.848	-0.894	-0.840	-0.782	-0.777	-0.768	-0.767	-0.841	-0.849	-0.901	-0.803	-0.849	-0.848	-0.794	-0.700	-0.745	-0.843	-0.891	-0.839	-0.851	-0.850	-0.792	-0.804	-0.861	-0.888	-0.894	-0.823	-0.885	-0.884	-0.888	-0.888	-0.859	-0.763	-0.762	-0.945	-0.922	-0.944	-0.958	-0.818	-0.818	-0.817	-0.767	-0.750	-0.955	-0.834	-0.853	-0.706	-0.956	-0.844	-0.849	-0.953	-0.812	-0.849	-0.701	-0.868	-0.956	-0.957	-0.708	-0.854	-0.857	-0.957	-0.956	-0.759	-0.955	-0.958	-0.854	-0.854	-0.757	-0.958	-0.959	-0.854	-0.959	-0.855	-0.959	-0.958	-0.728	-0.958	-0.583	-0.946	-0.591	-0.946	-0.949	
rs12143033     -0.377	-0.382	-0.382	-0.282	-0.363	-0.282	-0.364	-0.417	-0.279	-0.280	-0.423	-0.494	-0.500	-0.363	-0.047	-0.368	-0.346	-0.340	-0.331	-0.351	-0.376	-0.213	-0.344	-0.344	-0.463	-0.463	-0.356	-0.265	-0.574	-0.366	-0.465	-0.285	-0.361	-0.456	-0.367	-0.244	-0.377	-0.201	-0.180	-0.293	-0.239	-0.177	-0.255	-0.534	-0.149	-0.171	-0.173	-0.176	-0.155	-0.154	-0.154	-0.165	-0.037	-0.235	-0.157	-0.147	-0.238	-0.146	-0.585	-0.139	-0.561	-0.506	-0.507	-0.508	-0.507	-0.531	-0.532	-0.506	-0.507	-0.506	-0.506	-0.506	-0.506	-0.534	-0.493	-0.506	-0.505	-0.534	-0.505	-0.505	-0.549	-0.488	-0.422	-0.419	-0.420	-0.499	-0.546	-0.433	-0.503	-0.430	-0.477	-0.511	-0.463	-0.447	-0.443	-0.434	-0.434	-0.462	-0.479	-0.519	-0.370	-0.480	-0.502	-0.459	-0.373	-0.374	-0.468	-0.508	-0.461	-0.483	-0.487	-0.456	-0.466	-0.540	-0.504	-0.512	-0.427	-0.501	-0.501	-0.505	-0.505	-0.496	-0.400	-0.397	-0.568	-0.541	-0.566	-0.583	-0.426	-0.426	-0.426	-0.364	-0.378	-0.578	-0.472	-0.510	-0.475	-0.580	-0.477	-0.483	-0.577	-0.521	-0.486	-0.472	-0.512	-0.580	-0.582	-0.476	-0.511	-0.493	-0.582	-0.579	-0.370	-0.579	-0.583	-0.511	-0.511	-0.507	-0.583	-0.584	-0.511	-0.585	-0.513	-0.584	-0.583	-0.489	-0.583	-0.358	-0.562	-0.364	-0.562	-0.565	
rs28913568     -0.628	-0.605	-0.597	-0.562	-0.626	-0.550	-0.626	-0.766	-0.573	-0.562	-0.770	-0.785	-0.826	-0.724	-0.368	-0.429	-0.599	-0.669	-0.659	-0.682	-0.539	-0.361	-0.673	-0.673	-0.810	-0.809	-0.565	-0.619	-0.915	-0.701	-0.813	-0.507	-0.695	-0.806	-0.703	-0.429	-0.735	-0.563	-0.544	-0.529	-0.418	-0.541	-0.453	-0.794	-0.514	-0.535	-0.537	-0.539	-0.519	-0.518	-0.518	-0.528	-0.109	-0.410	-0.521	-0.511	-0.417	-0.510	-0.930	-0.504	-0.843	-0.848	-0.849	-0.850	-0.849	-0.877	-0.877	-0.848	-0.849	-0.848	-0.848	-0.848	-0.848	-0.879	-0.839	-0.848	-0.848	-0.879	-0.847	-0.847	-0.888	-0.833	-0.680	-0.675	-0.677	-0.843	-0.891	-0.694	-0.861	-0.690	-0.825	-0.866	-0.813	-0.711	-0.706	-0.695	-0.695	-0.812	-0.827	-0.872	-0.716	-0.828	-0.785	-0.724	-0.622	-0.725	-0.817	-0.864	-0.811	-0.830	-0.833	-0.722	-0.735	-0.878	-0.861	-0.866	-0.784	-0.859	-0.859	-0.861	-0.861	-0.844	-0.750	-0.748	-0.927	-0.911	-0.926	-0.935	-0.747	-0.747	-0.747	-0.739	-0.752	-0.932	-0.771	-0.846	-0.786	-0.932	-0.811	-0.819	-0.928	-0.852	-0.787	-0.783	-0.851	-0.932	-0.932	-0.787	-0.847	-0.796	-0.932	-0.931	-0.732	-0.931	-0.932	-0.847	-0.847	-0.822	-0.932	-0.932	-0.847	-0.932	-0.848	-0.932	-0.932	-0.802	-0.932	-0.676	-0.925	-0.682	-0.925	-0.927	
rs28914538     -0.600	-0.578	-0.569	-0.539	-0.565	-0.527	-0.565	-0.744	-0.550	-0.539	-0.748	-0.764	-0.802	-0.701	-0.346	-0.599	-0.402	-0.644	-0.634	-0.657	-0.602	-0.338	-0.648	-0.648	-0.786	-0.786	-0.578	-0.596	-0.890	-0.676	-0.788	-0.437	-0.671	-0.781	-0.679	-0.406	-0.712	-0.541	-0.521	-0.477	-0.395	-0.518	-0.429	-0.781	-0.492	-0.512	-0.514	-0.516	-0.496	-0.496	-0.496	-0.506	-0.089	-0.387	-0.498	-0.488	-0.393	-0.488	-0.909	-0.481	-0.827	-0.822	-0.822	-0.823	-0.822	-0.851	-0.852	-0.822	-0.822	-0.822	-0.822	-0.822	-0.822	-0.853	-0.810	-0.822	-0.821	-0.853	-0.821	-0.821	-0.863	-0.806	-0.651	-0.646	-0.648	-0.816	-0.866	-0.666	-0.836	-0.662	-0.798	-0.841	-0.786	-0.683	-0.678	-0.667	-0.666	-0.785	-0.800	-0.847	-0.688	-0.801	-0.757	-0.696	-0.593	-0.702	-0.790	-0.839	-0.784	-0.804	-0.806	-0.694	-0.707	-0.853	-0.836	-0.841	-0.756	-0.834	-0.834	-0.836	-0.836	-0.818	-0.727	-0.725	-0.902	-0.886	-0.902	-0.911	-0.722	-0.722	-0.722	-0.716	-0.726	-0.907	-0.745	-0.821	-0.764	-0.907	-0.785	-0.794	-0.904	-0.829	-0.761	-0.761	-0.826	-0.907	-0.908	-0.766	-0.823	-0.770	-0.908	-0.907	-0.709	-0.907	-0.908	-0.823	-0.823	-0.800	-0.908	-0.908	-0.823	-0.907	-0.824	-0.908	-0.908	-0.780	-0.908	-0.655	-0.901	-0.661	-0.901	-0.903	
rs114031061    -0.672	-0.668	-0.667	-0.521	-0.659	-0.509	-0.659	-0.750	-0.532	-0.521	-0.753	-0.747	-0.780	-0.713	-0.340	-0.669	-0.644	-0.360	-0.465	-0.471	-0.672	-0.325	-0.468	-0.468	-0.749	-0.748	-0.658	-0.569	-0.843	-0.463	-0.751	-0.604	-0.469	-0.746	-0.463	-0.387	-0.684	-0.520	-0.501	-0.609	-0.376	-0.499	-0.410	-0.791	-0.473	-0.493	-0.495	-0.497	-0.478	-0.477	-0.477	-0.487	-0.102	-0.369	-0.479	-0.470	-0.375	-0.469	-0.866	-0.463	-0.824	-0.810	-0.810	-0.811	-0.810	-0.834	-0.834	-0.809	-0.810	-0.810	-0.809	-0.809	-0.809	-0.835	-0.799	-0.809	-0.809	-0.835	-0.809	-0.808	-0.843	-0.796	-0.517	-0.512	-0.514	-0.805	-0.844	-0.533	-0.804	-0.528	-0.787	-0.807	-0.777	-0.554	-0.548	-0.535	-0.534	-0.776	-0.789	-0.810	-0.700	-0.790	-0.647	-0.571	-0.449	-0.672	-0.780	-0.805	-0.775	-0.792	-0.794	-0.568	-0.583	-0.832	-0.804	-0.807	-0.750	-0.802	-0.802	-0.802	-0.803	-0.801	-0.696	-0.694	-0.870	-0.858	-0.870	-0.873	-0.720	-0.720	-0.720	-0.680	-0.713	-0.869	-0.670	-0.802	-0.737	-0.868	-0.766	-0.774	-0.863	-0.799	-0.688	-0.734	-0.805	-0.868	-0.867	-0.738	-0.803	-0.698	-0.867	-0.868	-0.672	-0.868	-0.866	-0.803	-0.803	-0.772	-0.866	-0.865	-0.803	-0.864	-0.804	-0.865	-0.866	-0.752	-0.866	-0.611	-0.866	-0.617	-0.866	-0.867	
rs11583272     -0.662	-0.659	-0.657	-0.511	-0.649	-0.500	-0.650	-0.741	-0.522	-0.511	-0.744	-0.738	-0.771	-0.705	-0.331	-0.659	-0.634	-0.465	-0.349	-0.462	-0.662	-0.317	-0.467	-0.467	-0.739	-0.738	-0.649	-0.560	-0.833	-0.446	-0.742	-0.595	-0.460	-0.736	-0.445	-0.379	-0.675	-0.511	-0.492	-0.600	-0.368	-0.490	-0.401	-0.784	-0.464	-0.484	-0.486	-0.488	-0.469	-0.468	-0.468	-0.478	-0.095	-0.360	-0.471	-0.461	-0.366	-0.460	-0.855	-0.454	-0.816	-0.801	-0.801	-0.802	-0.801	-0.825	-0.825	-0.801	-0.801	-0.801	-0.801	-0.801	-0.801	-0.827	-0.791	-0.800	-0.800	-0.827	-0.800	-0.800	-0.834	-0.788	-0.501	-0.495	-0.498	-0.796	-0.835	-0.517	-0.795	-0.512	-0.778	-0.798	-0.768	-0.538	-0.532	-0.519	-0.518	-0.767	-0.780	-0.801	-0.691	-0.781	-0.632	-0.556	-0.432	-0.663	-0.772	-0.796	-0.766	-0.783	-0.786	-0.552	-0.567	-0.823	-0.795	-0.798	-0.742	-0.793	-0.793	-0.793	-0.794	-0.791	-0.687	-0.685	-0.861	-0.849	-0.861	-0.863	-0.711	-0.711	-0.711	-0.671	-0.705	-0.859	-0.658	-0.793	-0.728	-0.858	-0.757	-0.765	-0.854	-0.789	-0.676	-0.724	-0.796	-0.858	-0.858	-0.729	-0.794	-0.686	-0.858	-0.858	-0.663	-0.858	-0.857	-0.794	-0.794	-0.763	-0.856	-0.856	-0.794	-0.854	-0.795	-0.855	-0.856	-0.743	-0.856	-0.601	-0.857	-0.607	-0.857	-0.858	
rs11588143     -0.685	-0.682	-0.680	-0.533	-0.672	-0.521	-0.672	-0.762	-0.543	-0.533	-0.766	-0.758	-0.791	-0.725	-0.351	-0.682	-0.657	-0.471	-0.462	-0.375	-0.685	-0.337	-0.476	-0.476	-0.762	-0.761	-0.671	-0.582	-0.856	-0.487	-0.764	-0.617	-0.493	-0.759	-0.488	-0.400	-0.697	-0.532	-0.513	-0.622	-0.389	-0.511	-0.422	-0.801	-0.485	-0.505	-0.507	-0.509	-0.490	-0.489	-0.489	-0.499	-0.112	-0.381	-0.492	-0.482	-0.387	-0.481	-0.879	-0.475	-0.835	-0.822	-0.822	-0.823	-0.822	-0.846	-0.847	-0.822	-0.822	-0.822	-0.822	-0.821	-0.821	-0.848	-0.811	-0.821	-0.821	-0.848	-0.821	-0.820	-0.856	-0.808	-0.537	-0.532	-0.534	-0.817	-0.857	-0.553	-0.816	-0.549	-0.799	-0.820	-0.788	-0.574	-0.568	-0.555	-0.555	-0.788	-0.801	-0.823	-0.712	-0.801	-0.665	-0.591	-0.470	-0.685	-0.792	-0.818	-0.786	-0.804	-0.806	-0.587	-0.603	-0.845	-0.816	-0.820	-0.761	-0.814	-0.814	-0.815	-0.816	-0.813	-0.709	-0.706	-0.883	-0.871	-0.882	-0.886	-0.733	-0.733	-0.733	-0.694	-0.724	-0.882	-0.686	-0.815	-0.752	-0.881	-0.778	-0.786	-0.876	-0.813	-0.704	-0.748	-0.818	-0.881	-0.881	-0.753	-0.816	-0.714	-0.881	-0.881	-0.686	-0.881	-0.880	-0.816	-0.816	-0.787	-0.879	-0.879	-0.816	-0.877	-0.817	-0.878	-0.879	-0.767	-0.879	-0.626	-0.879	-0.632	-0.879	-0.880	
rs2791935      -0.635	-0.622	-0.616	-0.569	-0.632	-0.556	-0.632	-0.764	-0.580	-0.568	-0.769	-0.792	-0.832	-0.718	-0.376	-0.539	-0.602	-0.672	-0.662	-0.685	-0.434	-0.368	-0.676	-0.676	-0.814	-0.814	-0.559	-0.626	-0.918	-0.704	-0.817	-0.477	-0.699	-0.810	-0.707	-0.436	-0.741	-0.571	-0.551	-0.503	-0.425	-0.549	-0.460	-0.807	-0.522	-0.543	-0.545	-0.547	-0.527	-0.526	-0.526	-0.536	-0.121	-0.417	-0.529	-0.519	-0.424	-0.518	-0.935	-0.511	-0.853	-0.848	-0.849	-0.850	-0.849	-0.878	-0.879	-0.848	-0.849	-0.848	-0.848	-0.848	-0.848	-0.880	-0.838	-0.848	-0.848	-0.880	-0.847	-0.847	-0.891	-0.832	-0.677	-0.672	-0.674	-0.842	-0.893	-0.692	-0.866	-0.688	-0.823	-0.871	-0.811	-0.709	-0.704	-0.693	-0.692	-0.810	-0.826	-0.876	-0.710	-0.826	-0.784	-0.722	-0.619	-0.731	-0.815	-0.868	-0.809	-0.829	-0.832	-0.720	-0.733	-0.881	-0.866	-0.871	-0.781	-0.864	-0.863	-0.865	-0.866	-0.844	-0.756	-0.753	-0.932	-0.916	-0.931	-0.940	-0.745	-0.745	-0.745	-0.744	-0.758	-0.936	-0.771	-0.847	-0.797	-0.936	-0.809	-0.819	-0.932	-0.860	-0.787	-0.793	-0.852	-0.936	-0.937	-0.798	-0.849	-0.796	-0.937	-0.936	-0.737	-0.936	-0.937	-0.849	-0.849	-0.832	-0.936	-0.936	-0.849	-0.936	-0.850	-0.936	-0.936	-0.812	-0.936	-0.686	-0.930	-0.692	-0.930	-0.931	
rs28914503     -0.369	-0.372	-0.372	-0.247	-0.355	-0.250	-0.356	-0.419	-0.241	-0.245	-0.424	-0.478	-0.482	-0.369	-0.213	-0.361	-0.338	-0.325	-0.317	-0.337	-0.368	-0.030	-0.329	-0.329	-0.448	-0.449	-0.349	-0.217	-0.559	-0.353	-0.450	-0.279	-0.348	-0.438	-0.355	-0.201	-0.346	-0.174	-0.152	-0.284	-0.200	-0.149	-0.211	-0.528	-0.120	-0.143	-0.146	-0.148	-0.126	-0.126	-0.126	-0.136	-0.031	-0.196	-0.129	-0.118	-0.200	-0.118	-0.571	-0.111	-0.553	-0.490	-0.491	-0.492	-0.491	-0.517	-0.518	-0.490	-0.491	-0.490	-0.490	-0.490	-0.490	-0.520	-0.476	-0.490	-0.489	-0.520	-0.489	-0.488	-0.536	-0.471	-0.426	-0.423	-0.424	-0.483	-0.534	-0.437	-0.490	-0.434	-0.459	-0.498	-0.445	-0.450	-0.447	-0.438	-0.438	-0.444	-0.462	-0.508	-0.365	-0.463	-0.503	-0.459	-0.380	-0.370	-0.450	-0.495	-0.443	-0.466	-0.470	-0.459	-0.468	-0.528	-0.491	-0.499	-0.421	-0.488	-0.488	-0.492	-0.492	-0.481	-0.395	-0.393	-0.548	-0.520	-0.546	-0.567	-0.401	-0.401	-0.401	-0.321	-0.339	-0.561	-0.475	-0.495	-0.474	-0.563	-0.461	-0.467	-0.561	-0.522	-0.488	-0.471	-0.491	-0.563	-0.566	-0.475	-0.497	-0.495	-0.566	-0.562	-0.335	-0.563	-0.568	-0.497	-0.497	-0.504	-0.569	-0.569	-0.497	-0.571	-0.498	-0.569	-0.568	-0.487	-0.568	-0.361	-0.542	-0.366	-0.542	-0.545	
rs28914497     -0.676	-0.673	-0.671	-0.525	-0.663	-0.513	-0.664	-0.754	-0.536	-0.525	-0.757	-0.751	-0.784	-0.717	-0.344	-0.673	-0.648	-0.468	-0.467	-0.476	-0.676	-0.329	-0.365	-0.471	-0.753	-0.752	-0.663	-0.573	-0.847	-0.471	-0.756	-0.608	-0.476	-0.750	-0.471	-0.392	-0.689	-0.524	-0.505	-0.614	-0.381	-0.503	-0.414	-0.794	-0.477	-0.497	-0.499	-0.501	-0.482	-0.481	-0.481	-0.491	-0.106	-0.373	-0.484	-0.474	-0.379	-0.473	-0.870	-0.467	-0.828	-0.814	-0.814	-0.815	-0.814	-0.838	-0.838	-0.813	-0.814	-0.814	-0.814	-0.813	-0.813	-0.840	-0.803	-0.813	-0.813	-0.840	-0.813	-0.813	-0.847	-0.800	-0.523	-0.518	-0.521	-0.809	-0.848	-0.540	-0.808	-0.535	-0.791	-0.811	-0.780	-0.560	-0.554	-0.542	-0.541	-0.780	-0.793	-0.815	-0.704	-0.794	-0.653	-0.578	-0.456	-0.677	-0.784	-0.810	-0.779	-0.796	-0.798	-0.574	-0.589	-0.836	-0.808	-0.811	-0.754	-0.806	-0.806	-0.807	-0.807	-0.805	-0.700	-0.698	-0.874	-0.863	-0.874	-0.877	-0.724	-0.724	-0.724	-0.685	-0.716	-0.873	-0.675	-0.806	-0.742	-0.872	-0.770	-0.778	-0.868	-0.803	-0.693	-0.739	-0.809	-0.872	-0.872	-0.743	-0.807	-0.703	-0.872	-0.872	-0.677	-0.872	-0.871	-0.808	-0.808	-0.777	-0.870	-0.870	-0.808	-0.868	-0.809	-0.870	-0.870	-0.757	-0.870	-0.616	-0.870	-0.622	-0.870	-0.871	
rs79657632     -0.676	-0.673	-0.671	-0.525	-0.663	-0.513	-0.664	-0.754	-0.536	-0.525	-0.757	-0.751	-0.784	-0.717	-0.344	-0.673	-0.648	-0.468	-0.467	-0.476	-0.676	-0.329	-0.471	-0.365	-0.753	-0.752	-0.663	-0.573	-0.847	-0.471	-0.756	-0.608	-0.476	-0.750	-0.471	-0.392	-0.689	-0.524	-0.505	-0.614	-0.381	-0.503	-0.414	-0.794	-0.477	-0.497	-0.499	-0.501	-0.482	-0.481	-0.481	-0.491	-0.106	-0.373	-0.484	-0.474	-0.379	-0.474	-0.870	-0.467	-0.828	-0.814	-0.814	-0.815	-0.814	-0.838	-0.839	-0.814	-0.814	-0.814	-0.814	-0.813	-0.813	-0.840	-0.804	-0.813	-0.813	-0.840	-0.813	-0.813	-0.847	-0.800	-0.524	-0.518	-0.521	-0.809	-0.849	-0.540	-0.808	-0.535	-0.791	-0.811	-0.781	-0.560	-0.554	-0.542	-0.541	-0.780	-0.793	-0.815	-0.704	-0.794	-0.653	-0.578	-0.456	-0.677	-0.784	-0.810	-0.779	-0.796	-0.798	-0.574	-0.589	-0.836	-0.808	-0.811	-0.754	-0.806	-0.806	-0.807	-0.807	-0.805	-0.700	-0.698	-0.874	-0.863	-0.874	-0.877	-0.724	-0.724	-0.724	-0.685	-0.717	-0.873	-0.675	-0.807	-0.742	-0.872	-0.770	-0.778	-0.868	-0.804	-0.693	-0.739	-0.809	-0.872	-0.872	-0.744	-0.808	-0.703	-0.872	-0.872	-0.677	-0.872	-0.871	-0.808	-0.808	-0.777	-0.870	-0.870	-0.808	-0.868	-0.809	-0.870	-0.871	-0.757	-0.870	-0.616	-0.870	-0.622	-0.870	-0.871	
rs6672395      -0.814	-0.813	-0.811	-0.647	-0.801	-0.635	-0.802	-0.881	-0.658	-0.647	-0.885	-0.872	-0.909	-0.840	-0.463	-0.810	-0.786	-0.749	-0.739	-0.762	-0.814	-0.448	-0.753	-0.753	-0.519	-0.644	-0.799	-0.518	-0.946	-0.781	-0.675	-0.742	-0.776	-0.680	-0.784	-0.517	-0.739	-0.474	-0.442	-0.747	-0.505	-0.439	-0.540	-0.914	-0.399	-0.431	-0.434	-0.437	-0.407	-0.406	-0.406	-0.422	-0.045	-0.498	-0.412	-0.398	-0.504	-0.397	-1.020	-0.389	-0.955	-0.937	-0.937	-0.938	-0.937	-0.962	-0.963	-0.937	-0.937	-0.937	-0.937	-0.936	-0.936	-0.964	-0.925	-0.936	-0.936	-0.964	-0.935	-0.935	-0.975	-0.921	-0.743	-0.739	-0.741	-0.930	-0.975	-0.757	-0.884	-0.753	-0.910	-0.890	-0.898	-0.775	-0.770	-0.759	-0.758	-0.897	-0.912	-0.898	-0.831	-0.913	-0.850	-0.791	-0.684	-0.808	-0.902	-0.887	-0.896	-0.916	-0.919	-0.786	-0.800	-0.966	-0.884	-0.891	-0.866	-0.881	-0.881	-0.887	-0.885	-0.929	-0.833	-0.831	-0.994	-0.980	-0.994	-1.006	-0.857	-0.857	-0.857	-0.821	-0.831	-0.998	-0.835	-0.936	-0.882	-0.999	-0.897	-0.907	-0.996	-0.940	-0.851	-0.879	-0.939	-0.999	-0.999	-0.883	-0.938	-0.861	-0.999	-0.999	-0.814	-0.998	-0.999	-0.938	-0.938	-0.916	-0.999	-0.999	-0.938	-0.998	-0.939	-0.999	-0.999	-0.897	-0.999	-0.759	-0.991	-0.765	-0.991	-0.993	
rs2011265      -0.813	-0.812	-0.811	-0.648	-0.801	-0.636	-0.801	-0.881	-0.659	-0.647	-0.885	-0.872	-0.909	-0.841	-0.463	-0.809	-0.786	-0.748	-0.738	-0.761	-0.814	-0.449	-0.752	-0.752	-0.644	-0.518	-0.799	-0.508	-0.946	-0.780	-0.672	-0.742	-0.775	-0.674	-0.783	-0.517	-0.734	-0.463	-0.431	-0.747	-0.506	-0.428	-0.540	-0.914	-0.387	-0.419	-0.423	-0.426	-0.395	-0.394	-0.394	-0.411	-0.035	-0.499	-0.401	-0.386	-0.505	-0.385	-1.019	-0.377	-0.954	-0.937	-0.937	-0.938	-0.937	-0.962	-0.963	-0.937	-0.937	-0.937	-0.937	-0.937	-0.936	-0.964	-0.925	-0.936	-0.936	-0.964	-0.936	-0.935	-0.975	-0.921	-0.745	-0.740	-0.742	-0.931	-0.975	-0.759	-0.882	-0.755	-0.910	-0.888	-0.898	-0.776	-0.771	-0.760	-0.760	-0.897	-0.913	-0.897	-0.831	-0.913	-0.851	-0.792	-0.686	-0.808	-0.903	-0.885	-0.896	-0.916	-0.919	-0.788	-0.801	-0.965	-0.882	-0.889	-0.867	-0.879	-0.879	-0.885	-0.883	-0.929	-0.833	-0.830	-0.993	-0.979	-0.993	-1.005	-0.857	-0.857	-0.857	-0.820	-0.829	-0.997	-0.836	-0.936	-0.880	-0.998	-0.897	-0.907	-0.995	-0.939	-0.853	-0.877	-0.939	-0.998	-0.998	-0.882	-0.937	-0.862	-0.998	-0.998	-0.814	-0.998	-0.999	-0.937	-0.938	-0.914	-0.998	-0.998	-0.937	-0.998	-0.939	-0.998	-0.998	-0.895	-0.998	-0.757	-0.990	-0.763	-0.990	-0.992	
rs2816192      -0.608	-0.578	-0.568	-0.551	-0.608	-0.539	-0.608	-0.761	-0.562	-0.551	-0.765	-0.775	-0.816	-0.721	-0.356	-0.565	-0.578	-0.658	-0.649	-0.671	-0.559	-0.349	-0.663	-0.663	-0.799	-0.799	-0.417	-0.608	-0.904	-0.690	-0.802	-0.483	-0.685	-0.794	-0.693	-0.417	-0.724	-0.552	-0.532	-0.506	-0.406	-0.529	-0.441	-0.783	-0.503	-0.524	-0.526	-0.527	-0.507	-0.507	-0.507	-0.517	-0.096	-0.399	-0.509	-0.499	-0.405	-0.499	-0.920	-0.492	-0.832	-0.837	-0.837	-0.838	-0.837	-0.865	-0.866	-0.837	-0.837	-0.837	-0.837	-0.837	-0.837	-0.867	-0.827	-0.836	-0.836	-0.867	-0.836	-0.836	-0.876	-0.822	-0.670	-0.665	-0.667	-0.831	-0.879	-0.684	-0.850	-0.680	-0.814	-0.855	-0.802	-0.701	-0.696	-0.685	-0.685	-0.801	-0.816	-0.860	-0.703	-0.817	-0.775	-0.714	-0.612	-0.714	-0.806	-0.853	-0.800	-0.819	-0.822	-0.712	-0.725	-0.866	-0.850	-0.855	-0.773	-0.847	-0.847	-0.849	-0.850	-0.833	-0.739	-0.737	-0.916	-0.899	-0.915	-0.924	-0.734	-0.734	-0.734	-0.729	-0.739	-0.921	-0.761	-0.835	-0.771	-0.921	-0.800	-0.808	-0.917	-0.839	-0.777	-0.768	-0.839	-0.921	-0.921	-0.773	-0.836	-0.786	-0.921	-0.920	-0.722	-0.920	-0.921	-0.836	-0.836	-0.808	-0.921	-0.921	-0.836	-0.921	-0.837	-0.921	-0.921	-0.787	-0.921	-0.662	-0.914	-0.668	-0.914	-0.916	
rs34535070     -0.625	-0.628	-0.627	-0.432	-0.612	-0.420	-0.613	-0.681	-0.444	-0.431	-0.686	-0.678	-0.717	-0.632	-0.265	-0.619	-0.596	-0.569	-0.560	-0.582	-0.626	-0.217	-0.573	-0.573	-0.518	-0.508	-0.608	-0.313	-0.743	-0.600	-0.532	-0.543	-0.595	-0.555	-0.602	-0.294	-0.587	-0.458	-0.438	-0.548	-0.282	-0.437	-0.320	-0.754	-0.409	-0.430	-0.432	-0.434	-0.414	-0.414	-0.414	-0.425	-0.080	-0.274	-0.417	-0.407	-0.281	-0.407	-0.821	-0.401	-0.788	-0.735	-0.735	-0.736	-0.735	-0.762	-0.763	-0.734	-0.735	-0.735	-0.734	-0.734	-0.734	-0.765	-0.720	-0.734	-0.733	-0.765	-0.733	-0.733	-0.782	-0.714	-0.530	-0.525	-0.527	-0.726	-0.780	-0.545	-0.748	-0.541	-0.701	-0.745	-0.687	-0.563	-0.558	-0.546	-0.546	-0.685	-0.704	-0.743	-0.628	-0.705	-0.642	-0.585	-0.472	-0.610	-0.692	-0.746	-0.684	-0.708	-0.712	-0.576	-0.590	-0.774	-0.746	-0.744	-0.648	-0.746	-0.746	-0.745	-0.744	-0.725	-0.637	-0.634	-0.825	-0.818	-0.825	-0.827	-0.663	-0.663	-0.663	-0.628	-0.690	-0.824	-0.625	-0.742	-0.733	-0.823	-0.696	-0.710	-0.820	-0.778	-0.643	-0.731	-0.746	-0.823	-0.822	-0.734	-0.743	-0.653	-0.822	-0.823	-0.620	-0.823	-0.821	-0.743	-0.743	-0.761	-0.820	-0.820	-0.743	-0.818	-0.745	-0.819	-0.820	-0.745	-0.820	-0.627	-0.824	-0.632	-0.824	-0.825	
rs12132572     -0.918	-0.916	-0.915	-0.759	-0.905	-0.747	-0.906	-0.984	-0.770	-0.759	-0.988	-0.948	-0.988	-0.944	-0.574	-0.915	-0.890	-0.843	-0.833	-0.856	-0.918	-0.559	-0.847	-0.847	-0.946	-0.946	-0.904	-0.743	-0.629	-0.877	-0.946	-0.849	-0.871	-0.938	-0.879	-0.628	-0.895	-0.695	-0.673	-0.854	-0.617	-0.670	-0.651	-0.979	-0.639	-0.663	-0.666	-0.668	-0.646	-0.645	-0.645	-0.657	-0.288	-0.610	-0.648	-0.637	-0.616	-0.636	-1.107	-0.629	-1.024	-1.049	-1.049	-1.050	-1.049	-1.075	-1.076	-1.048	-1.049	-1.049	-1.048	-1.048	-1.048	-1.077	-1.037	-1.048	-1.048	-1.077	-1.047	-1.047	-1.088	-1.033	-0.867	-0.863	-0.865	-1.042	-1.088	-0.881	-0.977	-0.877	-1.022	-0.988	-1.011	-0.897	-0.892	-0.882	-0.881	-1.010	-1.025	-0.995	-0.930	-1.025	-0.971	-0.910	-0.810	-0.912	-1.015	-0.984	-1.009	-1.028	-1.031	-0.908	-0.921	-1.077	-0.980	-0.988	-0.982	-0.976	-0.976	-0.982	-0.981	-1.041	-0.936	-0.934	-1.106	-1.090	-1.106	-1.119	-0.960	-0.960	-0.960	-0.927	-0.945	-1.111	-0.957	-1.044	-0.984	-1.111	-1.007	-1.015	-1.108	-1.040	-0.973	-0.980	-1.046	-1.111	-1.112	-0.985	-1.046	-0.981	-1.112	-1.111	-0.921	-1.111	-1.112	-1.046	-1.046	-1.018	-1.112	-1.112	-1.046	-1.112	-1.047	-1.112	-1.112	-0.998	-1.112	-0.860	-1.101	-0.866	-1.102	-1.103	
rs17362310     -0.704	-0.701	-0.700	-0.549	-0.691	-0.537	-0.692	-0.780	-0.560	-0.549	-0.783	-0.774	-0.808	-0.742	-0.366	-0.701	-0.676	-0.463	-0.446	-0.487	-0.704	-0.353	-0.471	-0.471	-0.781	-0.780	-0.690	-0.600	-0.877	-0.396	-0.784	-0.635	-0.503	-0.778	-0.508	-0.417	-0.715	-0.550	-0.531	-0.641	-0.406	-0.529	-0.439	-0.813	-0.503	-0.523	-0.525	-0.526	-0.507	-0.507	-0.507	-0.516	-0.126	-0.398	-0.509	-0.500	-0.404	-0.499	-0.899	-0.492	-0.849	-0.839	-0.839	-0.840	-0.839	-0.864	-0.864	-0.839	-0.839	-0.839	-0.839	-0.839	-0.839	-0.866	-0.829	-0.839	-0.839	-0.866	-0.838	-0.838	-0.874	-0.825	-0.569	-0.564	-0.566	-0.834	-0.876	-0.585	-0.835	-0.580	-0.816	-0.838	-0.805	-0.604	-0.599	-0.586	-0.586	-0.804	-0.818	-0.842	-0.730	-0.818	-0.694	-0.621	-0.503	-0.703	-0.809	-0.837	-0.803	-0.821	-0.823	-0.618	-0.633	-0.863	-0.835	-0.838	-0.777	-0.833	-0.833	-0.834	-0.834	-0.831	-0.727	-0.725	-0.901	-0.889	-0.901	-0.905	-0.751	-0.751	-0.751	-0.713	-0.740	-0.901	-0.711	-0.833	-0.773	-0.900	-0.796	-0.805	-0.896	-0.833	-0.728	-0.770	-0.835	-0.900	-0.900	-0.774	-0.834	-0.738	-0.900	-0.900	-0.705	-0.900	-0.899	-0.834	-0.834	-0.808	-0.899	-0.899	-0.834	-0.897	-0.835	-0.898	-0.899	-0.788	-0.899	-0.648	-0.897	-0.654	-0.897	-0.898	
rs1807915      -0.816	-0.815	-0.814	-0.649	-0.803	-0.637	-0.804	-0.885	-0.660	-0.649	-0.889	-0.874	-0.911	-0.844	-0.465	-0.813	-0.788	-0.751	-0.742	-0.764	-0.817	-0.450	-0.756	-0.756	-0.675	-0.672	-0.802	-0.532	-0.946	-0.784	-0.521	-0.745	-0.778	-0.660	-0.786	-0.518	-0.745	-0.485	-0.454	-0.750	-0.507	-0.452	-0.542	-0.917	-0.412	-0.443	-0.446	-0.449	-0.419	-0.418	-0.418	-0.435	-0.057	-0.500	-0.424	-0.410	-0.506	-0.409	-1.023	-0.401	-0.957	-0.938	-0.939	-0.940	-0.939	-0.964	-0.964	-0.938	-0.939	-0.938	-0.938	-0.938	-0.938	-0.966	-0.926	-0.938	-0.938	-0.966	-0.937	-0.937	-0.977	-0.922	-0.743	-0.739	-0.741	-0.932	-0.977	-0.757	-0.883	-0.753	-0.911	-0.889	-0.899	-0.775	-0.770	-0.759	-0.758	-0.898	-0.914	-0.897	-0.833	-0.914	-0.850	-0.791	-0.684	-0.810	-0.904	-0.886	-0.897	-0.917	-0.920	-0.787	-0.800	-0.968	-0.883	-0.890	-0.867	-0.880	-0.880	-0.886	-0.884	-0.931	-0.835	-0.833	-0.996	-0.982	-0.995	-1.007	-0.859	-0.859	-0.859	-0.823	-0.833	-1.000	-0.835	-0.938	-0.885	-1.000	-0.899	-0.909	-0.997	-0.943	-0.852	-0.881	-0.941	-1.000	-1.000	-0.886	-0.940	-0.861	-1.000	-1.000	-0.816	-1.000	-1.000	-0.940	-0.940	-0.919	-1.000	-1.000	-0.940	-0.999	-0.941	-1.000	-1.000	-0.899	-1.000	-0.762	-0.992	-0.768	-0.992	-0.994	
rs113411890    -0.538	-0.476	-0.457	-0.485	-0.494	-0.473	-0.491	-0.718	-0.497	-0.485	-0.720	-0.710	-0.751	-0.690	-0.285	-0.507	-0.437	-0.604	-0.595	-0.617	-0.477	-0.279	-0.608	-0.608	-0.742	-0.742	-0.483	-0.543	-0.849	-0.635	-0.745	-0.352	-0.630	-0.737	-0.637	-0.349	-0.662	-0.484	-0.463	-0.488	-0.338	-0.460	-0.374	-0.702	-0.433	-0.455	-0.457	-0.459	-0.438	-0.437	-0.437	-0.448	-0.012	-0.330	-0.440	-0.430	-0.337	-0.429	-0.863	-0.422	-0.756	-0.794	-0.794	-0.795	-0.795	-0.819	-0.819	-0.794	-0.795	-0.794	-0.794	-0.794	-0.794	-0.820	-0.785	-0.794	-0.794	-0.820	-0.794	-0.793	-0.825	-0.783	-0.639	-0.634	-0.636	-0.790	-0.829	-0.651	-0.792	-0.647	-0.776	-0.797	-0.766	-0.667	-0.662	-0.652	-0.651	-0.766	-0.778	-0.803	-0.680	-0.778	-0.736	-0.679	-0.582	-0.654	-0.770	-0.795	-0.765	-0.780	-0.782	-0.677	-0.689	-0.814	-0.792	-0.798	-0.742	-0.789	-0.789	-0.792	-0.792	-0.791	-0.680	-0.677	-0.858	-0.839	-0.857	-0.868	-0.695	-0.695	-0.695	-0.670	-0.674	-0.864	-0.719	-0.788	-0.697	-0.864	-0.761	-0.768	-0.861	-0.772	-0.735	-0.693	-0.793	-0.864	-0.865	-0.699	-0.789	-0.743	-0.865	-0.864	-0.663	-0.864	-0.865	-0.789	-0.789	-0.737	-0.865	-0.865	-0.789	-0.865	-0.790	-0.865	-0.865	-0.714	-0.865	-0.593	-0.857	-0.599	-0.857	-0.859	
