## Summary of overall evidence for association with region:
## log10(BF for region) = -0.500172
## p-value for region = NA

## BFs for choosing among multi-SNP models:
## log10(average 1-SNP BF) = -0.429546
## log10(average 2-SNP BF) = -0.689393

## Example posterior probabilities for multi-SNP models, based on default prior: [p(l) propto 0.5^l for l=1,2,...,L]
## posterior probability of 1-SNP = 0.784395
## posterior probability of 2-SNP = 0.215605

## log10(BF) for single SNP and pair of SNPs:
rs1781637      -0.609	-0.743	-0.777	-0.744	-0.755	-0.748	-0.734	-0.734	-0.734	-0.748	-0.747	-0.742	-0.759	-0.750	-0.749	-0.699	-1.006	-1.006	-1.006	-1.006	-0.707	-0.709	-0.760	-0.754	-0.754	-0.906	-0.738	-0.731	-0.724	-0.849	-0.743	-0.865	-0.864	-0.881	-0.874	-0.861	-0.867	-0.848	-0.879	-0.965	-0.874	-0.896	-0.877	-0.837	-0.885	-0.856	-0.886	-0.891	-0.835	-0.832	-0.713	-0.731	-0.705	-0.705	-0.829	-1.053	-0.743	-0.574	-0.557	-0.720	-0.541	-0.538	-0.689	-0.929	-0.995	-0.712	-0.948	-0.955	-0.955	-0.939	-0.955	-0.940	-1.012	-0.929	-0.927	-1.014	-1.056	-0.954	-1.013	-1.073	-1.012	-1.071	-1.009	-0.984	-1.006	-1.008	-1.060	-0.992	-0.993	-1.010	-1.098	-0.943	-1.098	-1.098	-0.892	-1.011	-0.941	-1.097	-1.011	-1.011	-1.011	-1.011	-1.010	-1.011	-1.010	-0.949	-1.010	-1.010	-1.022	-1.010	-0.948	-1.010	-1.010	-1.010	-1.010	-1.008	-0.939	-1.009	-0.939	-0.940	-1.008	-0.941	-0.496	-0.526	-1.007	-0.531	-0.944	-0.534	-1.007	-1.007	-0.948	-0.948	-0.397	-0.587	-0.940	-0.862	-0.933	-0.537	-0.964	-0.550	-0.937	-0.971	-0.903	-0.967	-0.967	-0.965	-0.911	-0.938	-0.969	-0.966	-0.966	-0.910	-0.966	-0.967	-0.941	-0.965	-0.892	-0.892	-0.943	-0.960	-0.963	-0.965	-0.967	-0.526	-0.890	-0.889	-0.966	-0.932	-0.967	-0.895	-0.968	-0.969	-0.882	-0.970	-0.942	-0.941	-0.941	-0.941	
rs1748284      -0.743	-0.609	-0.777	-0.744	-0.755	-0.748	-0.734	-0.734	-0.734	-0.748	-0.747	-0.742	-0.759	-0.750	-0.749	-0.699	-1.006	-1.006	-1.006	-1.006	-0.707	-0.710	-0.760	-0.754	-0.754	-0.906	-0.738	-0.731	-0.724	-0.849	-0.743	-0.865	-0.864	-0.881	-0.874	-0.861	-0.867	-0.848	-0.879	-0.965	-0.874	-0.896	-0.877	-0.837	-0.885	-0.856	-0.886	-0.891	-0.835	-0.832	-0.713	-0.731	-0.705	-0.705	-0.829	-1.053	-0.743	-0.574	-0.557	-0.720	-0.541	-0.538	-0.689	-0.929	-0.995	-0.712	-0.948	-0.955	-0.955	-0.939	-0.955	-0.940	-1.012	-0.929	-0.927	-1.014	-1.056	-0.954	-1.013	-1.073	-1.012	-1.071	-1.009	-0.984	-1.006	-1.008	-1.060	-0.992	-0.993	-1.010	-1.098	-0.943	-1.098	-1.098	-0.892	-1.011	-0.941	-1.097	-1.011	-1.011	-1.011	-1.011	-1.010	-1.011	-1.010	-0.949	-1.010	-1.010	-1.022	-1.010	-0.948	-1.010	-1.010	-1.010	-1.010	-1.008	-0.939	-1.009	-0.939	-0.940	-1.008	-0.941	-0.496	-0.526	-1.007	-0.531	-0.944	-0.534	-1.007	-1.007	-0.948	-0.948	-0.397	-0.587	-0.940	-0.862	-0.933	-0.537	-0.964	-0.550	-0.937	-0.971	-0.903	-0.967	-0.967	-0.965	-0.911	-0.938	-0.969	-0.966	-0.966	-0.910	-0.966	-0.967	-0.941	-0.965	-0.892	-0.892	-0.943	-0.960	-0.963	-0.965	-0.967	-0.526	-0.890	-0.889	-0.966	-0.932	-0.967	-0.895	-0.968	-0.969	-0.882	-0.970	-0.942	-0.941	-0.941	-0.941	
rs1781636      -0.777	-0.777	-0.595	-0.774	-0.787	-0.788	-0.785	-0.785	-0.785	-0.788	-0.788	-0.787	-0.793	-0.788	-0.788	-0.690	-0.989	-0.989	-0.989	-0.989	-0.697	-0.730	-0.779	-0.788	-0.789	-0.896	-0.784	-0.725	-0.730	-0.819	-0.731	-0.856	-0.854	-0.867	-0.861	-0.852	-0.858	-0.839	-0.866	-0.954	-0.865	-0.887	-0.864	-0.821	-0.875	-0.843	-0.877	-0.881	-0.822	-0.819	-0.702	-0.719	-0.694	-0.693	-0.816	-1.040	-0.730	-0.562	-0.546	-0.707	-0.529	-0.526	-0.676	-0.914	-0.980	-0.699	-0.936	-0.941	-0.940	-0.927	-0.940	-0.927	-1.000	-0.916	-0.914	-1.001	-1.043	-0.940	-1.001	-1.060	-1.000	-1.058	-0.997	-0.971	-0.993	-0.993	-1.046	-0.980	-0.981	-0.996	-1.085	-0.930	-1.085	-1.085	-0.878	-0.997	-0.928	-1.083	-0.996	-0.996	-0.996	-0.996	-0.996	-0.996	-0.996	-0.936	-0.996	-0.996	-1.008	-0.996	-0.935	-0.996	-0.996	-0.996	-0.996	-0.994	-0.926	-0.995	-0.927	-0.927	-0.994	-0.929	-0.486	-0.516	-0.993	-0.521	-0.931	-0.523	-0.993	-0.993	-0.935	-0.935	-0.388	-0.574	-0.925	-0.850	-0.918	-0.525	-0.951	-0.538	-0.922	-0.958	-0.891	-0.955	-0.955	-0.952	-0.899	-0.923	-0.956	-0.954	-0.954	-0.898	-0.954	-0.953	-0.926	-0.953	-0.881	-0.880	-0.928	-0.948	-0.951	-0.952	-0.954	-0.506	-0.878	-0.878	-0.953	-0.917	-0.955	-0.884	-0.955	-0.956	-0.871	-0.957	-0.927	-0.927	-0.927	-0.926	
rs1781634      -0.744	-0.744	-0.774	-0.612	-0.751	-0.743	-0.725	-0.725	-0.725	-0.742	-0.742	-0.736	-0.756	-0.746	-0.744	-0.686	-1.010	-1.010	-1.010	-1.010	-0.695	-0.697	-0.756	-0.749	-0.749	-0.907	-0.729	-0.721	-0.715	-0.852	-0.745	-0.866	-0.865	-0.883	-0.876	-0.862	-0.869	-0.849	-0.882	-0.967	-0.876	-0.898	-0.880	-0.841	-0.886	-0.859	-0.887	-0.892	-0.837	-0.834	-0.715	-0.733	-0.707	-0.706	-0.831	-1.055	-0.745	-0.575	-0.559	-0.722	-0.543	-0.540	-0.691	-0.931	-0.998	-0.714	-0.950	-0.958	-0.957	-0.942	-0.957	-0.942	-1.014	-0.931	-0.929	-1.016	-1.058	-0.957	-1.016	-1.076	-1.015	-1.073	-1.012	-0.986	-1.008	-1.010	-1.062	-0.994	-0.995	-1.013	-1.101	-0.945	-1.101	-1.101	-0.894	-1.014	-0.943	-1.099	-1.013	-1.013	-1.013	-1.013	-1.013	-1.013	-1.013	-0.951	-1.013	-1.013	-1.025	-1.012	-0.950	-1.012	-1.012	-1.012	-1.012	-1.011	-0.941	-1.011	-0.942	-0.942	-1.011	-0.944	-0.497	-0.527	-1.010	-0.532	-0.946	-0.535	-1.010	-1.010	-0.950	-0.950	-0.398	-0.589	-0.943	-0.863	-0.936	-0.539	-0.966	-0.552	-0.939	-0.973	-0.904	-0.969	-0.969	-0.968	-0.913	-0.941	-0.972	-0.968	-0.968	-0.912	-0.968	-0.969	-0.943	-0.968	-0.894	-0.893	-0.946	-0.962	-0.965	-0.967	-0.969	-0.529	-0.892	-0.891	-0.968	-0.935	-0.969	-0.897	-0.970	-0.971	-0.884	-0.972	-0.944	-0.944	-0.944	-0.944	
rs1748285      -0.755	-0.755	-0.787	-0.751	-0.603	-0.736	-0.731	-0.731	-0.731	-0.736	-0.736	-0.733	-0.749	-0.738	-0.737	-0.706	-0.997	-0.997	-0.997	-0.997	-0.714	-0.717	-0.755	-0.744	-0.745	-0.903	-0.734	-0.737	-0.733	-0.834	-0.738	-0.863	-0.861	-0.875	-0.869	-0.858	-0.865	-0.846	-0.874	-0.961	-0.872	-0.894	-0.872	-0.831	-0.882	-0.851	-0.883	-0.888	-0.830	-0.827	-0.709	-0.726	-0.701	-0.700	-0.824	-1.048	-0.738	-0.569	-0.553	-0.715	-0.537	-0.534	-0.684	-0.922	-0.989	-0.707	-0.943	-0.949	-0.948	-0.934	-0.948	-0.934	-1.007	-0.924	-0.922	-1.009	-1.050	-0.948	-1.009	-1.068	-1.007	-1.066	-1.005	-0.979	-1.001	-1.002	-1.054	-0.988	-0.989	-1.004	-1.093	-0.938	-1.093	-1.093	-0.886	-1.005	-0.936	-1.091	-1.005	-1.005	-1.005	-1.005	-1.005	-1.005	-1.005	-0.944	-1.005	-1.004	-1.017	-1.004	-0.943	-1.004	-1.004	-1.004	-1.004	-1.002	-0.934	-1.003	-0.934	-0.935	-1.002	-0.936	-0.494	-0.523	-1.001	-0.528	-0.939	-0.531	-1.001	-1.001	-0.943	-0.943	-0.395	-0.581	-0.934	-0.858	-0.927	-0.532	-0.959	-0.546	-0.930	-0.966	-0.898	-0.962	-0.962	-0.960	-0.907	-0.932	-0.964	-0.962	-0.962	-0.906	-0.961	-0.961	-0.934	-0.961	-0.888	-0.887	-0.937	-0.956	-0.958	-0.960	-0.962	-0.516	-0.886	-0.885	-0.961	-0.926	-0.963	-0.891	-0.963	-0.964	-0.878	-0.965	-0.935	-0.935	-0.935	-0.935	
rs1781632      -0.748	-0.748	-0.788	-0.743	-0.736	-0.601	-0.734	-0.734	-0.734	-0.734	-0.734	-0.732	-0.746	-0.735	-0.735	-0.717	-0.993	-0.993	-0.993	-0.993	-0.724	-0.725	-0.754	-0.743	-0.743	-0.902	-0.736	-0.742	-0.741	-0.831	-0.736	-0.861	-0.860	-0.873	-0.866	-0.857	-0.864	-0.845	-0.872	-0.959	-0.871	-0.892	-0.870	-0.828	-0.880	-0.849	-0.882	-0.887	-0.828	-0.825	-0.707	-0.724	-0.699	-0.698	-0.822	-1.046	-0.736	-0.567	-0.551	-0.713	-0.535	-0.532	-0.682	-0.919	-0.986	-0.705	-0.941	-0.947	-0.946	-0.932	-0.946	-0.932	-1.005	-0.922	-0.919	-1.007	-1.048	-0.945	-1.006	-1.065	-1.005	-1.063	-1.002	-0.977	-0.999	-0.999	-1.052	-0.985	-0.987	-1.002	-1.090	-0.936	-1.090	-1.090	-0.883	-1.003	-0.933	-1.089	-1.002	-1.002	-1.002	-1.002	-1.002	-1.002	-1.002	-0.941	-1.002	-1.002	-1.014	-1.002	-0.940	-1.001	-1.001	-1.001	-1.001	-1.000	-0.932	-1.000	-0.932	-0.933	-1.000	-0.934	-0.492	-0.522	-0.999	-0.527	-0.937	-0.530	-0.999	-0.999	-0.941	-0.941	-0.394	-0.579	-0.931	-0.856	-0.924	-0.530	-0.956	-0.543	-0.927	-0.964	-0.896	-0.960	-0.960	-0.958	-0.905	-0.929	-0.962	-0.960	-0.960	-0.904	-0.959	-0.959	-0.932	-0.959	-0.886	-0.886	-0.934	-0.953	-0.956	-0.958	-0.959	-0.513	-0.884	-0.883	-0.959	-0.923	-0.960	-0.889	-0.961	-0.962	-0.876	-0.963	-0.933	-0.932	-0.932	-0.932	
rs1781631      -0.734	-0.734	-0.785	-0.725	-0.731	-0.734	-0.590	-0.722	-0.722	-0.734	-0.734	-0.736	-0.743	-0.733	-0.734	-0.742	-0.979	-0.980	-0.980	-0.979	-0.746	-0.746	-0.755	-0.742	-0.742	-0.894	-0.744	-0.757	-0.758	-0.816	-0.726	-0.854	-0.853	-0.863	-0.856	-0.850	-0.857	-0.838	-0.861	-0.950	-0.864	-0.885	-0.859	-0.816	-0.873	-0.839	-0.875	-0.879	-0.818	-0.815	-0.698	-0.715	-0.690	-0.689	-0.812	-1.036	-0.727	-0.558	-0.542	-0.704	-0.526	-0.523	-0.672	-0.908	-0.975	-0.695	-0.931	-0.936	-0.935	-0.922	-0.935	-0.922	-0.996	-0.912	-0.910	-0.997	-1.038	-0.934	-0.997	-1.055	-0.996	-1.053	-0.993	-0.967	-0.989	-0.988	-1.042	-0.976	-0.977	-0.991	-1.080	-0.926	-1.080	-1.079	-0.873	-0.992	-0.924	-1.079	-0.992	-0.992	-0.992	-0.992	-0.992	-0.992	-0.992	-0.932	-0.992	-0.992	-1.004	-0.991	-0.931	-0.991	-0.991	-0.991	-0.991	-0.990	-0.922	-0.990	-0.923	-0.923	-0.989	-0.925	-0.485	-0.514	-0.988	-0.519	-0.927	-0.522	-0.988	-0.988	-0.931	-0.931	-0.388	-0.569	-0.920	-0.847	-0.913	-0.521	-0.947	-0.534	-0.916	-0.954	-0.888	-0.951	-0.951	-0.948	-0.896	-0.918	-0.952	-0.950	-0.950	-0.895	-0.950	-0.949	-0.921	-0.949	-0.878	-0.877	-0.923	-0.944	-0.947	-0.949	-0.949	-0.499	-0.875	-0.875	-0.950	-0.912	-0.951	-0.881	-0.952	-0.953	-0.868	-0.953	-0.922	-0.922	-0.921	-0.921	
rs1748286      -0.734	-0.734	-0.785	-0.725	-0.731	-0.734	-0.722	-0.590	-0.722	-0.734	-0.734	-0.736	-0.743	-0.733	-0.734	-0.742	-0.979	-0.980	-0.980	-0.979	-0.746	-0.746	-0.755	-0.742	-0.742	-0.894	-0.744	-0.758	-0.758	-0.816	-0.726	-0.854	-0.853	-0.863	-0.856	-0.850	-0.857	-0.838	-0.861	-0.950	-0.864	-0.885	-0.859	-0.816	-0.873	-0.839	-0.875	-0.879	-0.818	-0.815	-0.698	-0.715	-0.690	-0.689	-0.812	-1.036	-0.727	-0.558	-0.542	-0.704	-0.526	-0.523	-0.672	-0.908	-0.975	-0.695	-0.931	-0.936	-0.935	-0.922	-0.935	-0.922	-0.996	-0.912	-0.910	-0.997	-1.038	-0.934	-0.997	-1.055	-0.996	-1.053	-0.993	-0.967	-0.989	-0.988	-1.042	-0.976	-0.977	-0.991	-1.080	-0.926	-1.079	-1.079	-0.873	-0.992	-0.924	-1.078	-0.992	-0.992	-0.992	-0.992	-0.992	-0.992	-0.992	-0.932	-0.992	-0.992	-1.004	-0.991	-0.931	-0.991	-0.991	-0.991	-0.991	-0.990	-0.922	-0.990	-0.923	-0.923	-0.989	-0.925	-0.485	-0.514	-0.988	-0.519	-0.927	-0.522	-0.988	-0.988	-0.931	-0.931	-0.388	-0.569	-0.920	-0.847	-0.913	-0.521	-0.946	-0.534	-0.916	-0.954	-0.888	-0.951	-0.951	-0.948	-0.896	-0.918	-0.952	-0.950	-0.950	-0.895	-0.950	-0.949	-0.921	-0.949	-0.878	-0.877	-0.923	-0.944	-0.947	-0.949	-0.949	-0.499	-0.875	-0.875	-0.950	-0.912	-0.951	-0.881	-0.952	-0.953	-0.868	-0.953	-0.922	-0.922	-0.921	-0.921	
rs1748287      -0.734	-0.734	-0.785	-0.725	-0.731	-0.734	-0.722	-0.722	-0.590	-0.734	-0.734	-0.736	-0.743	-0.733	-0.734	-0.742	-0.979	-0.980	-0.980	-0.979	-0.746	-0.746	-0.755	-0.742	-0.742	-0.894	-0.744	-0.758	-0.758	-0.816	-0.726	-0.854	-0.853	-0.863	-0.856	-0.850	-0.857	-0.838	-0.861	-0.950	-0.864	-0.885	-0.859	-0.816	-0.873	-0.839	-0.875	-0.879	-0.818	-0.815	-0.698	-0.715	-0.690	-0.689	-0.812	-1.036	-0.727	-0.558	-0.542	-0.704	-0.526	-0.523	-0.672	-0.908	-0.975	-0.695	-0.931	-0.936	-0.935	-0.922	-0.935	-0.922	-0.996	-0.912	-0.910	-0.997	-1.038	-0.934	-0.997	-1.055	-0.996	-1.053	-0.993	-0.967	-0.989	-0.988	-1.042	-0.976	-0.977	-0.991	-1.080	-0.926	-1.080	-1.079	-0.873	-0.992	-0.924	-1.078	-0.992	-0.992	-0.992	-0.992	-0.992	-0.992	-0.992	-0.932	-0.992	-0.992	-1.004	-0.991	-0.931	-0.991	-0.991	-0.991	-0.991	-0.990	-0.922	-0.990	-0.923	-0.923	-0.989	-0.925	-0.485	-0.514	-0.988	-0.519	-0.927	-0.522	-0.988	-0.988	-0.931	-0.931	-0.388	-0.569	-0.920	-0.847	-0.913	-0.521	-0.946	-0.534	-0.916	-0.954	-0.888	-0.951	-0.951	-0.948	-0.896	-0.918	-0.952	-0.950	-0.950	-0.895	-0.950	-0.949	-0.921	-0.949	-0.878	-0.877	-0.923	-0.944	-0.947	-0.949	-0.949	-0.499	-0.875	-0.875	-0.950	-0.912	-0.951	-0.881	-0.952	-0.953	-0.868	-0.953	-0.922	-0.922	-0.921	-0.921	
rs13212763     -0.748	-0.748	-0.788	-0.742	-0.736	-0.734	-0.734	-0.734	-0.734	-0.601	-0.734	-0.732	-0.746	-0.735	-0.735	-0.717	-0.993	-0.993	-0.993	-0.993	-0.724	-0.725	-0.754	-0.743	-0.743	-0.902	-0.736	-0.742	-0.741	-0.831	-0.736	-0.861	-0.860	-0.873	-0.866	-0.857	-0.864	-0.845	-0.871	-0.959	-0.870	-0.892	-0.869	-0.828	-0.880	-0.849	-0.882	-0.887	-0.828	-0.825	-0.707	-0.724	-0.699	-0.698	-0.822	-1.046	-0.736	-0.567	-0.551	-0.713	-0.535	-0.532	-0.682	-0.919	-0.986	-0.705	-0.941	-0.947	-0.946	-0.932	-0.946	-0.932	-1.005	-0.922	-0.919	-1.007	-1.048	-0.945	-1.006	-1.065	-1.005	-1.063	-1.002	-0.977	-0.998	-0.999	-1.052	-0.985	-0.987	-1.002	-1.090	-0.936	-1.090	-1.090	-0.883	-1.003	-0.933	-1.089	-1.002	-1.002	-1.002	-1.002	-1.002	-1.002	-1.002	-0.941	-1.002	-1.002	-1.014	-1.002	-0.940	-1.001	-1.001	-1.001	-1.001	-1.000	-0.932	-1.000	-0.932	-0.933	-1.000	-0.934	-0.492	-0.522	-0.999	-0.527	-0.937	-0.530	-0.999	-0.999	-0.941	-0.941	-0.394	-0.579	-0.931	-0.856	-0.924	-0.530	-0.956	-0.543	-0.927	-0.964	-0.896	-0.960	-0.960	-0.958	-0.905	-0.929	-0.962	-0.960	-0.960	-0.904	-0.959	-0.959	-0.932	-0.959	-0.886	-0.885	-0.934	-0.953	-0.956	-0.958	-0.959	-0.513	-0.884	-0.883	-0.959	-0.923	-0.960	-0.889	-0.961	-0.962	-0.876	-0.963	-0.933	-0.932	-0.932	-0.932	
rs1748288      -0.747	-0.747	-0.788	-0.742	-0.736	-0.734	-0.734	-0.734	-0.734	-0.734	-0.601	-0.732	-0.746	-0.735	-0.734	-0.717	-0.993	-0.993	-0.993	-0.993	-0.725	-0.725	-0.754	-0.743	-0.743	-0.902	-0.736	-0.742	-0.741	-0.831	-0.736	-0.861	-0.860	-0.873	-0.866	-0.857	-0.864	-0.845	-0.871	-0.959	-0.870	-0.892	-0.869	-0.827	-0.880	-0.849	-0.882	-0.887	-0.828	-0.825	-0.707	-0.724	-0.699	-0.698	-0.821	-1.046	-0.736	-0.567	-0.551	-0.713	-0.535	-0.532	-0.682	-0.919	-0.986	-0.705	-0.941	-0.946	-0.946	-0.932	-0.946	-0.932	-1.005	-0.922	-0.919	-1.006	-1.048	-0.945	-1.006	-1.065	-1.005	-1.063	-1.002	-0.977	-0.998	-0.999	-1.052	-0.985	-0.987	-1.002	-1.090	-0.936	-1.090	-1.090	-0.883	-1.002	-0.933	-1.088	-1.002	-1.002	-1.002	-1.002	-1.002	-1.002	-1.002	-0.941	-1.002	-1.002	-1.014	-1.001	-0.940	-1.001	-1.001	-1.001	-1.001	-1.000	-0.932	-1.000	-0.932	-0.933	-0.999	-0.934	-0.492	-0.522	-0.999	-0.527	-0.937	-0.529	-0.999	-0.999	-0.940	-0.941	-0.394	-0.579	-0.931	-0.856	-0.924	-0.530	-0.956	-0.543	-0.927	-0.964	-0.896	-0.960	-0.960	-0.958	-0.905	-0.929	-0.961	-0.960	-0.959	-0.904	-0.959	-0.959	-0.932	-0.959	-0.886	-0.885	-0.934	-0.953	-0.956	-0.958	-0.959	-0.513	-0.884	-0.883	-0.959	-0.923	-0.960	-0.889	-0.961	-0.962	-0.876	-0.963	-0.933	-0.932	-0.932	-0.932	
rs1748289      -0.742	-0.742	-0.787	-0.736	-0.733	-0.732	-0.736	-0.736	-0.736	-0.732	-0.732	-0.598	-0.744	-0.733	-0.733	-0.723	-0.990	-0.990	-0.990	-0.990	-0.730	-0.730	-0.754	-0.742	-0.742	-0.900	-0.737	-0.746	-0.745	-0.827	-0.734	-0.860	-0.858	-0.871	-0.864	-0.856	-0.862	-0.843	-0.869	-0.957	-0.869	-0.891	-0.867	-0.825	-0.879	-0.847	-0.881	-0.885	-0.826	-0.823	-0.705	-0.722	-0.697	-0.696	-0.819	-1.044	-0.734	-0.565	-0.549	-0.711	-0.533	-0.530	-0.680	-0.917	-0.984	-0.703	-0.939	-0.944	-0.943	-0.930	-0.943	-0.930	-1.003	-0.920	-0.917	-1.004	-1.046	-0.943	-1.004	-1.063	-1.003	-1.061	-1.000	-0.974	-0.996	-0.997	-1.050	-0.983	-0.985	-0.999	-1.088	-0.934	-1.088	-1.088	-0.881	-1.000	-0.931	-1.086	-1.000	-1.000	-1.000	-1.000	-1.000	-1.000	-1.000	-0.939	-1.000	-1.000	-1.012	-0.999	-0.938	-0.999	-0.999	-0.999	-0.999	-0.998	-0.930	-0.998	-0.930	-0.931	-0.997	-0.932	-0.491	-0.520	-0.997	-0.525	-0.935	-0.528	-0.996	-0.997	-0.938	-0.939	-0.393	-0.577	-0.928	-0.854	-0.922	-0.528	-0.954	-0.542	-0.925	-0.962	-0.895	-0.958	-0.958	-0.955	-0.903	-0.927	-0.959	-0.958	-0.958	-0.902	-0.957	-0.957	-0.929	-0.957	-0.885	-0.884	-0.932	-0.952	-0.954	-0.956	-0.957	-0.510	-0.882	-0.882	-0.957	-0.921	-0.958	-0.888	-0.959	-0.960	-0.875	-0.961	-0.930	-0.930	-0.930	-0.930	
rs1781627      -0.759	-0.759	-0.793	-0.756	-0.749	-0.746	-0.743	-0.743	-0.743	-0.746	-0.746	-0.744	-0.603	-0.746	-0.746	-0.724	-0.996	-0.997	-0.997	-0.996	-0.731	-0.731	-0.761	-0.752	-0.752	-0.903	-0.744	-0.748	-0.744	-0.836	-0.738	-0.863	-0.861	-0.875	-0.868	-0.859	-0.865	-0.846	-0.873	-0.961	-0.872	-0.894	-0.871	-0.830	-0.882	-0.851	-0.884	-0.888	-0.830	-0.827	-0.709	-0.726	-0.701	-0.700	-0.823	-1.048	-0.738	-0.569	-0.553	-0.715	-0.537	-0.534	-0.684	-0.921	-0.988	-0.707	-0.943	-0.949	-0.948	-0.934	-0.948	-0.934	-1.007	-0.924	-0.922	-1.008	-1.050	-0.947	-1.008	-1.067	-1.007	-1.065	-1.004	-0.979	-1.000	-1.001	-1.054	-0.987	-0.988	-1.004	-1.092	-0.938	-1.092	-1.092	-0.885	-1.005	-0.935	-1.091	-1.004	-1.004	-1.004	-1.004	-1.004	-1.004	-1.004	-0.943	-1.004	-1.004	-1.016	-1.004	-0.942	-1.003	-1.003	-1.003	-1.003	-1.002	-0.934	-1.002	-0.934	-0.935	-1.002	-0.936	-0.494	-0.523	-1.001	-0.529	-0.939	-0.531	-1.001	-1.001	-0.942	-0.943	-0.396	-0.581	-0.933	-0.858	-0.926	-0.532	-0.958	-0.545	-0.930	-0.965	-0.898	-0.962	-0.962	-0.960	-0.907	-0.931	-0.963	-0.961	-0.961	-0.906	-0.961	-0.961	-0.934	-0.961	-0.888	-0.887	-0.936	-0.955	-0.958	-0.960	-0.961	-0.516	-0.886	-0.885	-0.961	-0.925	-0.962	-0.891	-0.963	-0.964	-0.878	-0.965	-0.935	-0.935	-0.934	-0.934	
rs1748292      -0.750	-0.750	-0.788	-0.746	-0.738	-0.735	-0.733	-0.733	-0.733	-0.735	-0.735	-0.733	-0.746	-0.602	-0.734	-0.715	-0.994	-0.995	-0.995	-0.994	-0.722	-0.722	-0.754	-0.742	-0.742	-0.902	-0.734	-0.741	-0.739	-0.832	-0.737	-0.862	-0.860	-0.874	-0.867	-0.858	-0.864	-0.845	-0.872	-0.960	-0.871	-0.893	-0.870	-0.829	-0.881	-0.850	-0.883	-0.887	-0.829	-0.826	-0.708	-0.725	-0.700	-0.699	-0.822	-1.047	-0.737	-0.568	-0.552	-0.714	-0.536	-0.533	-0.683	-0.920	-0.987	-0.706	-0.942	-0.948	-0.947	-0.933	-0.947	-0.933	-1.006	-0.923	-0.920	-1.007	-1.049	-0.946	-1.007	-1.066	-1.006	-1.064	-1.003	-0.978	-0.999	-1.000	-1.053	-0.986	-0.987	-1.003	-1.091	-0.937	-1.091	-1.091	-0.884	-1.004	-0.934	-1.090	-1.003	-1.003	-1.003	-1.003	-1.003	-1.003	-1.003	-0.942	-1.003	-1.003	-1.015	-1.003	-0.941	-1.002	-1.002	-1.002	-1.002	-1.001	-0.933	-1.001	-0.933	-0.933	-1.001	-0.935	-0.493	-0.522	-1.000	-0.527	-0.938	-0.530	-1.000	-1.000	-0.941	-0.942	-0.394	-0.580	-0.932	-0.857	-0.925	-0.531	-0.957	-0.544	-0.928	-0.964	-0.897	-0.961	-0.961	-0.959	-0.906	-0.930	-0.962	-0.960	-0.960	-0.905	-0.960	-0.960	-0.933	-0.960	-0.887	-0.886	-0.935	-0.954	-0.957	-0.959	-0.960	-0.514	-0.885	-0.884	-0.960	-0.924	-0.961	-0.890	-0.962	-0.963	-0.877	-0.964	-0.934	-0.934	-0.933	-0.933	
rs1781626      -0.749	-0.749	-0.788	-0.744	-0.737	-0.735	-0.734	-0.734	-0.734	-0.735	-0.734	-0.733	-0.746	-0.734	-0.601	-0.717	-0.993	-0.994	-0.994	-0.993	-0.724	-0.724	-0.754	-0.741	-0.742	-0.902	-0.734	-0.742	-0.740	-0.831	-0.736	-0.861	-0.860	-0.873	-0.867	-0.857	-0.864	-0.845	-0.872	-0.959	-0.871	-0.892	-0.870	-0.828	-0.881	-0.849	-0.882	-0.887	-0.828	-0.825	-0.707	-0.724	-0.699	-0.698	-0.822	-1.046	-0.736	-0.568	-0.552	-0.713	-0.535	-0.532	-0.682	-0.920	-0.986	-0.705	-0.941	-0.947	-0.946	-0.932	-0.946	-0.932	-1.005	-0.922	-0.920	-1.007	-1.048	-0.946	-1.007	-1.065	-1.005	-1.063	-1.003	-0.977	-0.999	-0.999	-1.052	-0.986	-0.987	-1.002	-1.090	-0.936	-1.090	-1.090	-0.883	-1.003	-0.934	-1.089	-1.003	-1.002	-1.002	-1.002	-1.002	-1.002	-1.002	-0.942	-1.002	-1.002	-1.014	-1.002	-0.941	-1.002	-1.002	-1.002	-1.002	-1.000	-0.932	-1.001	-0.932	-0.933	-1.000	-0.934	-0.492	-0.522	-0.999	-0.527	-0.937	-0.530	-0.999	-0.999	-0.941	-0.941	-0.394	-0.579	-0.931	-0.856	-0.924	-0.530	-0.957	-0.544	-0.928	-0.964	-0.897	-0.960	-0.960	-0.958	-0.905	-0.929	-0.962	-0.960	-0.960	-0.904	-0.960	-0.959	-0.932	-0.959	-0.887	-0.886	-0.934	-0.954	-0.956	-0.958	-0.960	-0.513	-0.884	-0.884	-0.959	-0.923	-0.961	-0.890	-0.961	-0.962	-0.877	-0.963	-0.933	-0.933	-0.933	-0.933	
rs1781625      -0.699	-0.699	-0.690	-0.686	-0.706	-0.717	-0.742	-0.742	-0.742	-0.717	-0.717	-0.723	-0.724	-0.715	-0.717	-0.565	-0.948	-0.948	-0.948	-0.948	-0.698	-0.719	-0.707	-0.719	-0.718	-0.876	-0.732	-0.704	-0.746	-0.731	-0.705	-0.838	-0.836	-0.839	-0.833	-0.834	-0.840	-0.822	-0.838	-0.929	-0.847	-0.867	-0.836	-0.787	-0.856	-0.816	-0.858	-0.862	-0.795	-0.792	-0.677	-0.694	-0.669	-0.668	-0.789	-1.014	-0.704	-0.538	-0.522	-0.681	-0.506	-0.503	-0.650	-0.882	-0.950	-0.672	-0.908	-0.911	-0.910	-0.900	-0.909	-0.900	-0.973	-0.889	-0.887	-0.975	-1.014	-0.909	-0.974	-1.031	-0.973	-1.029	-0.971	-0.944	-0.967	-0.964	-1.018	-0.954	-0.956	-0.967	-1.056	-0.903	-1.056	-1.055	-0.848	-0.968	-0.901	-1.055	-0.967	-0.967	-0.967	-0.967	-0.967	-0.967	-0.967	-0.909	-0.967	-0.967	-0.980	-0.967	-0.908	-0.967	-0.967	-0.967	-0.967	-0.965	-0.900	-0.966	-0.900	-0.900	-0.965	-0.902	-0.467	-0.497	-0.964	-0.502	-0.904	-0.504	-0.964	-0.964	-0.908	-0.908	-0.373	-0.547	-0.894	-0.827	-0.887	-0.498	-0.923	-0.512	-0.891	-0.932	-0.867	-0.929	-0.929	-0.925	-0.875	-0.893	-0.928	-0.928	-0.928	-0.874	-0.928	-0.926	-0.895	-0.928	-0.857	-0.856	-0.898	-0.923	-0.925	-0.927	-0.926	-0.467	-0.855	-0.854	-0.928	-0.886	-0.929	-0.860	-0.930	-0.931	-0.848	-0.931	-0.896	-0.896	-0.896	-0.896	
rs11155935     -1.006	-1.006	-0.989	-1.010	-0.997	-0.993	-0.979	-0.979	-0.979	-0.993	-0.993	-0.990	-0.996	-0.994	-0.993	-0.948	-0.597	-0.729	-0.729	-0.729	-0.949	-0.955	-0.988	-0.991	-0.992	-0.894	-0.982	-0.959	-0.923	-1.022	-0.722	-0.850	-0.848	-0.866	-0.858	-0.846	-0.852	-0.833	-0.864	-0.955	-0.859	-0.882	-0.862	-0.842	-0.870	-0.838	-0.871	-0.876	-0.815	-0.812	-0.689	-0.707	-0.681	-0.680	-0.809	-1.041	-0.719	-0.547	-0.530	-0.695	-0.514	-0.511	-0.663	-0.923	-0.986	-0.687	-0.938	-0.947	-0.947	-0.929	-0.947	-0.929	-1.000	-0.919	-0.917	-1.002	-1.045	-0.946	-1.001	-1.061	-1.000	-1.059	-0.997	-0.973	-0.993	-0.998	-1.049	-0.979	-0.981	-1.001	-1.087	-0.922	-1.087	-1.087	-0.882	-1.001	-0.919	-1.079	-1.001	-1.001	-1.000	-1.001	-1.000	-1.000	-1.000	-0.928	-1.000	-1.000	-1.012	-1.000	-0.927	-1.000	-1.000	-1.000	-1.000	-0.998	-0.917	-0.999	-0.917	-0.918	-0.998	-0.920	-0.438	-0.469	-0.997	-0.475	-0.923	-0.478	-0.997	-0.997	-0.927	-0.928	-0.340	-0.582	-0.934	-0.833	-0.928	-0.527	-0.946	-0.540	-0.930	-0.958	-0.876	-0.954	-0.954	-0.948	-0.885	-0.932	-0.953	-0.953	-0.953	-0.885	-0.953	-0.949	-0.934	-0.952	-0.865	-0.864	-0.935	-0.947	-0.950	-0.952	-0.950	-0.537	-0.863	-0.862	-0.953	-0.927	-0.954	-0.869	-0.955	-0.956	-0.854	-0.957	-0.934	-0.934	-0.934	-0.934	
rs11155936     -1.006	-1.006	-0.989	-1.010	-0.997	-0.993	-0.980	-0.980	-0.980	-0.993	-0.993	-0.990	-0.997	-0.995	-0.994	-0.948	-0.729	-0.597	-0.729	-0.729	-0.950	-0.955	-0.989	-0.992	-0.992	-0.895	-0.983	-0.959	-0.923	-1.022	-0.722	-0.850	-0.849	-0.866	-0.858	-0.846	-0.853	-0.833	-0.864	-0.956	-0.860	-0.882	-0.862	-0.842	-0.870	-0.838	-0.872	-0.877	-0.816	-0.812	-0.689	-0.707	-0.681	-0.680	-0.809	-1.041	-0.719	-0.547	-0.531	-0.695	-0.514	-0.511	-0.663	-0.923	-0.986	-0.687	-0.938	-0.948	-0.947	-0.929	-0.947	-0.930	-1.000	-0.919	-0.917	-1.002	-1.046	-0.947	-1.002	-1.061	-1.000	-1.060	-0.997	-0.973	-0.993	-0.999	-1.049	-0.980	-0.981	-1.001	-1.087	-0.922	-1.087	-1.087	-0.882	-1.001	-0.919	-1.079	-1.001	-1.001	-1.001	-1.001	-1.001	-1.001	-1.001	-0.928	-1.001	-1.000	-1.012	-1.000	-0.927	-1.000	-1.000	-1.000	-1.000	-0.998	-0.918	-0.999	-0.917	-0.918	-0.998	-0.920	-0.439	-0.470	-0.998	-0.475	-0.923	-0.478	-0.997	-0.997	-0.928	-0.928	-0.341	-0.582	-0.934	-0.833	-0.928	-0.527	-0.947	-0.540	-0.931	-0.958	-0.877	-0.954	-0.954	-0.948	-0.886	-0.932	-0.953	-0.954	-0.954	-0.885	-0.953	-0.950	-0.934	-0.953	-0.866	-0.865	-0.935	-0.947	-0.950	-0.952	-0.950	-0.538	-0.863	-0.863	-0.953	-0.927	-0.955	-0.869	-0.955	-0.956	-0.855	-0.957	-0.934	-0.934	-0.934	-0.934	
rs11155937     -1.006	-1.006	-0.989	-1.010	-0.997	-0.993	-0.980	-0.980	-0.980	-0.993	-0.993	-0.990	-0.997	-0.995	-0.994	-0.948	-0.729	-0.729	-0.597	-0.729	-0.950	-0.955	-0.989	-0.992	-0.992	-0.895	-0.983	-0.959	-0.923	-1.022	-0.722	-0.850	-0.849	-0.866	-0.858	-0.846	-0.853	-0.833	-0.864	-0.956	-0.860	-0.882	-0.862	-0.842	-0.870	-0.838	-0.872	-0.877	-0.816	-0.812	-0.689	-0.707	-0.681	-0.680	-0.809	-1.041	-0.719	-0.548	-0.531	-0.695	-0.514	-0.511	-0.663	-0.923	-0.987	-0.687	-0.938	-0.948	-0.947	-0.929	-0.947	-0.930	-1.000	-0.919	-0.917	-1.002	-1.046	-0.947	-1.002	-1.061	-1.001	-1.060	-0.998	-0.973	-0.993	-0.999	-1.049	-0.980	-0.981	-1.001	-1.087	-0.922	-1.087	-1.087	-0.882	-1.001	-0.919	-1.079	-1.001	-1.001	-1.001	-1.001	-1.001	-1.001	-1.001	-0.928	-1.001	-1.000	-1.012	-1.000	-0.927	-1.000	-1.000	-1.000	-1.000	-0.998	-0.918	-0.999	-0.917	-0.918	-0.998	-0.920	-0.439	-0.470	-0.998	-0.475	-0.923	-0.478	-0.997	-0.997	-0.928	-0.928	-0.341	-0.582	-0.934	-0.833	-0.928	-0.527	-0.947	-0.540	-0.931	-0.958	-0.877	-0.954	-0.954	-0.948	-0.886	-0.932	-0.953	-0.954	-0.954	-0.885	-0.953	-0.950	-0.934	-0.953	-0.866	-0.865	-0.935	-0.947	-0.950	-0.952	-0.950	-0.538	-0.863	-0.863	-0.953	-0.927	-0.955	-0.869	-0.955	-0.956	-0.855	-0.957	-0.934	-0.934	-0.934	-0.934	
rs11155938     -1.006	-1.006	-0.989	-1.010	-0.997	-0.993	-0.979	-0.979	-0.979	-0.993	-0.993	-0.990	-0.996	-0.994	-0.993	-0.948	-0.729	-0.729	-0.729	-0.597	-0.949	-0.955	-0.988	-0.991	-0.992	-0.895	-0.982	-0.959	-0.923	-1.022	-0.722	-0.850	-0.848	-0.866	-0.858	-0.846	-0.852	-0.833	-0.864	-0.955	-0.859	-0.882	-0.862	-0.842	-0.870	-0.838	-0.871	-0.876	-0.815	-0.812	-0.689	-0.707	-0.681	-0.680	-0.809	-1.041	-0.719	-0.547	-0.530	-0.695	-0.514	-0.511	-0.663	-0.923	-0.986	-0.687	-0.938	-0.947	-0.947	-0.929	-0.947	-0.929	-1.000	-0.919	-0.917	-1.002	-1.045	-0.946	-1.001	-1.061	-1.000	-1.059	-0.997	-0.973	-0.993	-0.998	-1.049	-0.979	-0.981	-1.001	-1.087	-0.922	-1.087	-1.087	-0.882	-1.001	-0.919	-1.079	-1.001	-1.001	-1.000	-1.001	-1.000	-1.001	-1.000	-0.928	-1.000	-1.000	-1.012	-1.000	-0.927	-1.000	-1.000	-1.000	-1.000	-0.998	-0.917	-0.999	-0.917	-0.918	-0.998	-0.920	-0.438	-0.470	-0.997	-0.475	-0.923	-0.478	-0.997	-0.997	-0.927	-0.928	-0.340	-0.582	-0.934	-0.833	-0.928	-0.527	-0.946	-0.540	-0.930	-0.958	-0.876	-0.954	-0.954	-0.948	-0.885	-0.932	-0.953	-0.953	-0.953	-0.885	-0.953	-0.949	-0.934	-0.952	-0.866	-0.865	-0.935	-0.947	-0.950	-0.952	-0.950	-0.537	-0.863	-0.862	-0.953	-0.927	-0.954	-0.869	-0.955	-0.956	-0.854	-0.957	-0.934	-0.934	-0.934	-0.934	
rs1781624      -0.707	-0.707	-0.697	-0.695	-0.714	-0.724	-0.746	-0.746	-0.746	-0.724	-0.725	-0.730	-0.731	-0.722	-0.724	-0.698	-0.949	-0.950	-0.950	-0.949	-0.566	-0.719	-0.710	-0.722	-0.721	-0.877	-0.734	-0.704	-0.746	-0.734	-0.706	-0.839	-0.837	-0.840	-0.834	-0.835	-0.841	-0.823	-0.839	-0.930	-0.848	-0.868	-0.837	-0.789	-0.857	-0.817	-0.859	-0.863	-0.796	-0.793	-0.678	-0.695	-0.670	-0.669	-0.790	-1.015	-0.705	-0.539	-0.523	-0.682	-0.507	-0.504	-0.651	-0.883	-0.951	-0.673	-0.909	-0.912	-0.911	-0.901	-0.911	-0.901	-0.974	-0.890	-0.888	-0.976	-1.015	-0.910	-0.975	-1.032	-0.974	-1.030	-0.972	-0.945	-0.968	-0.965	-1.019	-0.955	-0.957	-0.968	-1.057	-0.904	-1.057	-1.057	-0.849	-0.969	-0.902	-1.056	-0.968	-0.968	-0.968	-0.968	-0.968	-0.968	-0.968	-0.910	-0.968	-0.968	-0.981	-0.968	-0.909	-0.968	-0.968	-0.968	-0.968	-0.966	-0.901	-0.967	-0.901	-0.901	-0.966	-0.903	-0.468	-0.498	-0.965	-0.503	-0.905	-0.505	-0.965	-0.965	-0.909	-0.909	-0.374	-0.548	-0.895	-0.828	-0.888	-0.499	-0.924	-0.513	-0.892	-0.933	-0.868	-0.930	-0.930	-0.926	-0.876	-0.894	-0.929	-0.929	-0.929	-0.875	-0.929	-0.927	-0.896	-0.929	-0.858	-0.857	-0.899	-0.924	-0.926	-0.928	-0.927	-0.468	-0.856	-0.855	-0.929	-0.887	-0.930	-0.861	-0.931	-0.932	-0.849	-0.932	-0.897	-0.897	-0.897	-0.897	
rs1748276      -0.709	-0.710	-0.730	-0.697	-0.717	-0.725	-0.746	-0.746	-0.746	-0.725	-0.725	-0.730	-0.731	-0.722	-0.724	-0.719	-0.955	-0.955	-0.955	-0.955	-0.719	-0.571	-0.702	-0.718	-0.718	-0.881	-0.732	-0.722	-0.749	-0.753	-0.711	-0.842	-0.841	-0.845	-0.838	-0.838	-0.844	-0.826	-0.843	-0.934	-0.851	-0.872	-0.842	-0.794	-0.860	-0.821	-0.862	-0.866	-0.801	-0.798	-0.682	-0.699	-0.674	-0.674	-0.795	-1.019	-0.710	-0.544	-0.528	-0.687	-0.511	-0.508	-0.655	-0.888	-0.956	-0.677	-0.914	-0.917	-0.916	-0.905	-0.916	-0.905	-0.979	-0.895	-0.893	-0.980	-1.020	-0.915	-0.980	-1.037	-0.979	-1.035	-0.976	-0.950	-0.972	-0.969	-1.024	-0.960	-0.961	-0.973	-1.061	-0.909	-1.061	-1.061	-0.854	-0.973	-0.907	-1.060	-0.973	-0.973	-0.973	-0.973	-0.973	-0.973	-0.973	-0.914	-0.973	-0.973	-0.986	-0.973	-0.913	-0.972	-0.972	-0.972	-0.972	-0.971	-0.905	-0.971	-0.905	-0.906	-0.971	-0.907	-0.472	-0.501	-0.970	-0.506	-0.910	-0.509	-0.970	-0.970	-0.913	-0.914	-0.377	-0.553	-0.900	-0.832	-0.893	-0.504	-0.929	-0.517	-0.897	-0.938	-0.872	-0.934	-0.934	-0.930	-0.880	-0.899	-0.934	-0.934	-0.934	-0.880	-0.933	-0.931	-0.901	-0.933	-0.862	-0.862	-0.904	-0.928	-0.930	-0.932	-0.932	-0.475	-0.860	-0.859	-0.933	-0.892	-0.935	-0.865	-0.935	-0.936	-0.853	-0.937	-0.903	-0.902	-0.902	-0.902	
rs1748277      -0.760	-0.760	-0.779	-0.756	-0.755	-0.754	-0.755	-0.755	-0.755	-0.754	-0.754	-0.754	-0.761	-0.754	-0.754	-0.707	-0.988	-0.989	-0.989	-0.988	-0.710	-0.702	-0.597	-0.748	-0.748	-0.899	-0.744	-0.725	-0.731	-0.816	-0.733	-0.858	-0.857	-0.869	-0.862	-0.854	-0.861	-0.842	-0.868	-0.955	-0.868	-0.889	-0.866	-0.823	-0.877	-0.845	-0.879	-0.884	-0.824	-0.821	-0.704	-0.721	-0.696	-0.695	-0.818	-1.042	-0.732	-0.565	-0.549	-0.710	-0.532	-0.529	-0.678	-0.915	-0.982	-0.701	-0.937	-0.942	-0.941	-0.928	-0.941	-0.929	-1.001	-0.918	-0.916	-1.003	-1.044	-0.941	-1.002	-1.061	-1.001	-1.059	-0.999	-0.973	-0.995	-0.995	-1.048	-0.982	-0.983	-0.998	-1.086	-0.932	-1.086	-1.086	-0.879	-0.998	-0.930	-1.085	-0.998	-0.998	-0.998	-0.998	-0.998	-0.998	-0.998	-0.938	-0.998	-0.998	-1.010	-0.998	-0.937	-0.997	-0.997	-0.997	-0.997	-0.996	-0.928	-0.996	-0.928	-0.929	-0.996	-0.930	-0.489	-0.519	-0.995	-0.524	-0.933	-0.527	-0.995	-0.995	-0.937	-0.937	-0.392	-0.576	-0.926	-0.853	-0.920	-0.526	-0.952	-0.539	-0.923	-0.960	-0.893	-0.956	-0.956	-0.954	-0.901	-0.925	-0.958	-0.956	-0.956	-0.901	-0.956	-0.955	-0.927	-0.955	-0.883	-0.882	-0.930	-0.950	-0.952	-0.954	-0.955	-0.507	-0.881	-0.880	-0.955	-0.919	-0.957	-0.886	-0.957	-0.958	-0.873	-0.959	-0.928	-0.928	-0.928	-0.928	
rs1781623      -0.754	-0.754	-0.788	-0.749	-0.744	-0.743	-0.742	-0.742	-0.742	-0.743	-0.743	-0.742	-0.752	-0.742	-0.741	-0.719	-0.991	-0.992	-0.992	-0.991	-0.722	-0.718	-0.748	-0.599	-0.732	-0.900	-0.724	-0.735	-0.733	-0.824	-0.734	-0.860	-0.858	-0.871	-0.865	-0.856	-0.862	-0.843	-0.870	-0.957	-0.869	-0.891	-0.868	-0.826	-0.879	-0.847	-0.881	-0.885	-0.826	-0.823	-0.706	-0.723	-0.698	-0.697	-0.820	-1.045	-0.735	-0.566	-0.550	-0.712	-0.534	-0.530	-0.680	-0.918	-0.985	-0.703	-0.939	-0.945	-0.944	-0.931	-0.944	-0.931	-1.004	-0.920	-0.918	-1.005	-1.046	-0.944	-1.005	-1.064	-1.004	-1.061	-1.001	-0.975	-0.997	-0.997	-1.050	-0.984	-0.985	-1.000	-1.088	-0.934	-1.088	-1.088	-0.882	-1.001	-0.932	-1.087	-1.001	-1.000	-1.001	-1.000	-1.000	-1.001	-1.000	-0.940	-1.001	-1.000	-1.013	-1.000	-0.939	-1.000	-1.000	-1.000	-1.000	-0.998	-0.930	-0.999	-0.931	-0.931	-0.998	-0.933	-0.491	-0.520	-0.997	-0.526	-0.935	-0.528	-0.997	-0.997	-0.939	-0.939	-0.393	-0.578	-0.929	-0.854	-0.922	-0.529	-0.955	-0.542	-0.926	-0.962	-0.895	-0.959	-0.959	-0.956	-0.903	-0.927	-0.960	-0.958	-0.958	-0.903	-0.958	-0.957	-0.930	-0.957	-0.885	-0.884	-0.932	-0.952	-0.955	-0.957	-0.958	-0.511	-0.883	-0.882	-0.958	-0.921	-0.959	-0.888	-0.959	-0.961	-0.875	-0.961	-0.931	-0.931	-0.931	-0.931	
rs1748279      -0.754	-0.754	-0.789	-0.749	-0.745	-0.743	-0.742	-0.742	-0.742	-0.743	-0.743	-0.742	-0.752	-0.742	-0.742	-0.718	-0.992	-0.992	-0.992	-0.992	-0.721	-0.718	-0.748	-0.732	-0.599	-0.900	-0.724	-0.735	-0.733	-0.824	-0.735	-0.860	-0.859	-0.871	-0.865	-0.856	-0.862	-0.843	-0.870	-0.958	-0.869	-0.891	-0.868	-0.826	-0.879	-0.847	-0.881	-0.885	-0.826	-0.823	-0.706	-0.723	-0.698	-0.697	-0.820	-1.045	-0.735	-0.566	-0.550	-0.712	-0.534	-0.530	-0.680	-0.918	-0.985	-0.703	-0.939	-0.945	-0.944	-0.931	-0.944	-0.931	-1.004	-0.920	-0.918	-1.005	-1.046	-0.944	-1.005	-1.064	-1.004	-1.062	-1.001	-0.975	-0.997	-0.997	-1.050	-0.984	-0.985	-1.000	-1.089	-0.934	-1.089	-1.088	-0.882	-1.001	-0.932	-1.087	-1.001	-1.001	-1.001	-1.001	-1.001	-1.001	-1.001	-0.940	-1.001	-1.000	-1.013	-1.000	-0.939	-1.000	-1.000	-1.000	-1.000	-0.998	-0.931	-0.999	-0.931	-0.931	-0.998	-0.933	-0.491	-0.520	-0.997	-0.526	-0.935	-0.528	-0.997	-0.997	-0.939	-0.939	-0.393	-0.578	-0.929	-0.854	-0.922	-0.529	-0.955	-0.542	-0.926	-0.962	-0.895	-0.959	-0.959	-0.956	-0.903	-0.928	-0.960	-0.958	-0.958	-0.903	-0.958	-0.957	-0.930	-0.957	-0.885	-0.884	-0.933	-0.952	-0.955	-0.957	-0.958	-0.511	-0.883	-0.882	-0.958	-0.922	-0.959	-0.888	-0.959	-0.961	-0.875	-0.961	-0.931	-0.931	-0.931	-0.931	
rs1781622      -0.906	-0.906	-0.896	-0.907	-0.903	-0.902	-0.894	-0.894	-0.894	-0.902	-0.902	-0.900	-0.903	-0.902	-0.902	-0.876	-0.894	-0.895	-0.895	-0.895	-0.877	-0.881	-0.899	-0.900	-0.900	-0.438	-0.896	-0.882	-0.856	-0.904	-0.600	-0.671	-0.669	-0.721	-0.716	-0.666	-0.674	-0.652	-0.720	-0.793	-0.682	-0.706	-0.719	-0.692	-0.693	-0.702	-0.695	-0.700	-0.683	-0.681	-0.570	-0.586	-0.562	-0.561	-0.678	-0.890	-0.594	-0.434	-0.418	-0.573	-0.402	-0.399	-0.542	-0.774	-0.843	-0.559	-0.780	-0.799	-0.798	-0.772	-0.798	-0.772	-0.844	-0.761	-0.759	-0.846	-0.889	-0.798	-0.846	-0.909	-0.844	-0.906	-0.841	-0.818	-0.836	-0.852	-0.894	-0.820	-0.822	-0.853	-0.939	-0.787	-0.939	-0.939	-0.731	-0.853	-0.785	-0.938	-0.853	-0.853	-0.852	-0.853	-0.852	-0.852	-0.852	-0.793	-0.852	-0.852	-0.863	-0.851	-0.792	-0.851	-0.851	-0.851	-0.851	-0.848	-0.784	-0.851	-0.784	-0.784	-0.850	-0.786	-0.340	-0.370	-0.849	-0.375	-0.788	-0.377	-0.849	-0.849	-0.791	-0.792	-0.250	-0.382	-0.784	-0.711	-0.778	-0.322	-0.806	-0.336	-0.781	-0.799	-0.750	-0.795	-0.795	-0.808	-0.758	-0.783	-0.811	-0.794	-0.794	-0.758	-0.794	-0.809	-0.785	-0.793	-0.740	-0.740	-0.786	-0.787	-0.790	-0.792	-0.809	-0.364	-0.738	-0.738	-0.794	-0.777	-0.795	-0.743	-0.796	-0.797	-0.731	-0.798	-0.785	-0.785	-0.785	-0.785	
rs1748280      -0.738	-0.738	-0.784	-0.729	-0.734	-0.736	-0.744	-0.744	-0.744	-0.736	-0.736	-0.737	-0.744	-0.734	-0.734	-0.732	-0.982	-0.983	-0.983	-0.982	-0.734	-0.732	-0.744	-0.724	-0.724	-0.896	-0.592	-0.743	-0.744	-0.811	-0.729	-0.856	-0.854	-0.865	-0.858	-0.852	-0.858	-0.839	-0.863	-0.952	-0.865	-0.886	-0.862	-0.818	-0.875	-0.841	-0.876	-0.881	-0.820	-0.817	-0.700	-0.717	-0.692	-0.691	-0.814	-1.038	-0.729	-0.560	-0.544	-0.706	-0.528	-0.525	-0.674	-0.910	-0.978	-0.697	-0.933	-0.938	-0.937	-0.924	-0.937	-0.925	-0.998	-0.914	-0.912	-0.999	-1.040	-0.937	-0.999	-1.057	-0.998	-1.055	-0.995	-0.969	-0.991	-0.990	-1.044	-0.978	-0.979	-0.993	-1.082	-0.928	-1.082	-1.082	-0.875	-0.994	-0.926	-1.080	-0.994	-0.994	-0.994	-0.994	-0.994	-0.994	-0.994	-0.934	-0.994	-0.994	-1.006	-0.993	-0.933	-0.993	-0.993	-0.993	-0.993	-0.992	-0.924	-0.992	-0.925	-0.925	-0.991	-0.927	-0.487	-0.516	-0.990	-0.521	-0.929	-0.524	-0.990	-0.990	-0.933	-0.933	-0.389	-0.572	-0.922	-0.849	-0.915	-0.523	-0.948	-0.536	-0.919	-0.956	-0.889	-0.953	-0.953	-0.950	-0.898	-0.920	-0.954	-0.952	-0.952	-0.897	-0.952	-0.951	-0.923	-0.951	-0.880	-0.879	-0.925	-0.946	-0.949	-0.951	-0.951	-0.502	-0.877	-0.877	-0.952	-0.914	-0.953	-0.883	-0.953	-0.955	-0.870	-0.955	-0.924	-0.924	-0.924	-0.924	
rs1781621      -0.731	-0.731	-0.725	-0.721	-0.737	-0.742	-0.757	-0.758	-0.758	-0.742	-0.742	-0.746	-0.748	-0.741	-0.742	-0.704	-0.959	-0.959	-0.959	-0.959	-0.704	-0.722	-0.725	-0.735	-0.735	-0.882	-0.743	-0.573	-0.737	-0.748	-0.712	-0.843	-0.842	-0.847	-0.840	-0.839	-0.845	-0.827	-0.845	-0.936	-0.852	-0.873	-0.844	-0.796	-0.862	-0.823	-0.863	-0.868	-0.803	-0.800	-0.684	-0.701	-0.676	-0.675	-0.796	-1.021	-0.711	-0.545	-0.529	-0.689	-0.513	-0.510	-0.657	-0.890	-0.958	-0.679	-0.916	-0.919	-0.918	-0.907	-0.918	-0.907	-0.980	-0.897	-0.894	-0.982	-1.022	-0.917	-0.982	-1.039	-0.980	-1.037	-0.978	-0.951	-0.974	-0.972	-1.026	-0.961	-0.963	-0.975	-1.063	-0.911	-1.063	-1.063	-0.856	-0.976	-0.909	-1.062	-0.975	-0.975	-0.975	-0.975	-0.975	-0.975	-0.975	-0.916	-0.975	-0.975	-0.988	-0.975	-0.915	-0.975	-0.975	-0.975	-0.975	-0.973	-0.907	-0.974	-0.907	-0.908	-0.973	-0.909	-0.473	-0.502	-0.972	-0.508	-0.912	-0.510	-0.972	-0.972	-0.915	-0.916	-0.378	-0.554	-0.902	-0.834	-0.895	-0.505	-0.931	-0.519	-0.899	-0.939	-0.874	-0.936	-0.936	-0.932	-0.882	-0.901	-0.936	-0.936	-0.935	-0.881	-0.935	-0.933	-0.903	-0.935	-0.864	-0.863	-0.906	-0.930	-0.932	-0.934	-0.934	-0.477	-0.862	-0.861	-0.935	-0.894	-0.936	-0.867	-0.937	-0.938	-0.854	-0.939	-0.905	-0.904	-0.904	-0.904	
rs613454       -0.724	-0.724	-0.730	-0.715	-0.733	-0.741	-0.758	-0.758	-0.758	-0.741	-0.741	-0.745	-0.744	-0.739	-0.740	-0.746	-0.923	-0.923	-0.923	-0.923	-0.746	-0.749	-0.731	-0.733	-0.733	-0.856	-0.744	-0.737	-0.539	-0.448	-0.682	-0.819	-0.817	-0.815	-0.809	-0.815	-0.821	-0.803	-0.814	-0.906	-0.827	-0.848	-0.812	-0.758	-0.837	-0.792	-0.838	-0.843	-0.772	-0.769	-0.655	-0.672	-0.647	-0.646	-0.766	-0.991	-0.681	-0.517	-0.501	-0.658	-0.484	-0.481	-0.627	-0.855	-0.926	-0.648	-0.884	-0.885	-0.884	-0.875	-0.884	-0.875	-0.950	-0.864	-0.862	-0.951	-0.989	-0.883	-0.951	-1.007	-0.950	-1.005	-0.948	-0.920	-0.944	-0.939	-0.994	-0.932	-0.933	-0.942	-1.032	-0.880	-1.032	-1.032	-0.823	-0.943	-0.878	-1.030	-0.943	-0.943	-0.943	-0.943	-0.943	-0.943	-0.943	-0.886	-0.943	-0.943	-0.956	-0.943	-0.885	-0.942	-0.942	-0.942	-0.942	-0.941	-0.877	-0.941	-0.877	-0.877	-0.940	-0.879	-0.448	-0.477	-0.940	-0.482	-0.881	-0.485	-0.939	-0.940	-0.885	-0.885	-0.355	-0.522	-0.868	-0.806	-0.861	-0.474	-0.900	-0.487	-0.865	-0.909	-0.845	-0.906	-0.906	-0.901	-0.853	-0.867	-0.905	-0.906	-0.906	-0.853	-0.906	-0.902	-0.870	-0.905	-0.836	-0.835	-0.873	-0.900	-0.903	-0.904	-0.903	-0.436	-0.833	-0.833	-0.905	-0.860	-0.907	-0.839	-0.907	-0.908	-0.826	-0.909	-0.871	-0.871	-0.871	-0.871	
rs595001       -0.849	-0.849	-0.819	-0.852	-0.834	-0.831	-0.816	-0.816	-0.816	-0.831	-0.831	-0.827	-0.836	-0.832	-0.831	-0.731	-1.022	-1.022	-1.022	-1.022	-0.734	-0.753	-0.816	-0.824	-0.824	-0.904	-0.811	-0.748	-0.448	-0.612	-0.744	-0.863	-0.861	-0.883	-0.876	-0.858	-0.865	-0.846	-0.882	-0.966	-0.872	-0.895	-0.880	-0.841	-0.883	-0.858	-0.884	-0.889	-0.837	-0.834	-0.715	-0.732	-0.706	-0.706	-0.831	-1.055	-0.745	-0.574	-0.558	-0.722	-0.542	-0.538	-0.690	-0.931	-0.999	-0.714	-0.949	-0.958	-0.957	-0.940	-0.957	-0.940	-1.014	-0.930	-0.928	-1.016	-1.058	-0.956	-1.015	-1.076	-1.014	-1.074	-1.011	-0.985	-1.007	-1.011	-1.062	-0.993	-0.995	-1.014	-1.101	-0.945	-1.101	-1.101	-0.895	-1.014	-0.943	-1.099	-1.014	-1.014	-1.014	-1.014	-1.013	-1.014	-1.014	-0.951	-1.014	-1.013	-1.025	-1.013	-0.950	-1.013	-1.013	-1.013	-1.013	-1.011	-0.941	-1.012	-0.941	-0.942	-1.011	-0.943	-0.494	-0.524	-1.010	-0.529	-0.946	-0.532	-1.010	-1.010	-0.950	-0.950	-0.394	-0.587	-0.943	-0.862	-0.936	-0.537	-0.966	-0.550	-0.939	-0.972	-0.903	-0.968	-0.968	-0.968	-0.912	-0.941	-0.972	-0.968	-0.968	-0.911	-0.967	-0.969	-0.943	-0.967	-0.893	-0.892	-0.946	-0.961	-0.964	-0.966	-0.969	-0.529	-0.890	-0.890	-0.967	-0.935	-0.969	-0.896	-0.969	-0.970	-0.883	-0.971	-0.944	-0.944	-0.944	-0.944	
rs2181247      -0.743	-0.743	-0.731	-0.745	-0.738	-0.736	-0.726	-0.726	-0.726	-0.736	-0.736	-0.734	-0.738	-0.737	-0.736	-0.705	-0.722	-0.722	-0.722	-0.722	-0.706	-0.711	-0.733	-0.734	-0.735	-0.600	-0.729	-0.712	-0.682	-0.744	-0.250	-0.548	-0.546	-0.397	-0.424	-0.544	-0.550	-0.531	-0.405	-0.623	-0.557	-0.579	-0.417	-0.512	-0.567	-0.451	-0.569	-0.573	-0.463	-0.467	-0.365	-0.381	-0.354	-0.357	-0.464	-0.699	-0.443	-0.268	-0.247	-0.429	-0.230	-0.227	-0.409	-0.600	-0.678	-0.428	-0.673	-0.627	-0.626	-0.666	-0.626	-0.666	-0.692	-0.658	-0.656	-0.694	-0.731	-0.625	-0.694	-0.749	-0.693	-0.747	-0.690	-0.700	-0.686	-0.687	-0.736	-0.674	-0.675	-0.688	-0.768	-0.613	-0.768	-0.768	-0.563	-0.688	-0.612	-0.774	-0.688	-0.688	-0.687	-0.688	-0.686	-0.687	-0.687	-0.615	-0.687	-0.686	-0.699	-0.686	-0.614	-0.686	-0.686	-0.686	-0.686	-0.682	-0.612	-0.685	-0.612	-0.612	-0.685	-0.612	-0.261	-0.288	-0.684	-0.293	-0.613	-0.295	-0.684	-0.684	-0.613	-0.613	-0.178	-0.241	-0.610	-0.581	-0.602	-0.102	-0.628	-0.117	-0.606	-0.633	-0.608	-0.629	-0.628	-0.628	-0.614	-0.608	-0.629	-0.628	-0.628	-0.614	-0.627	-0.629	-0.611	-0.627	-0.603	-0.603	-0.613	-0.620	-0.623	-0.626	-0.629	-0.138	-0.602	-0.601	-0.627	-0.600	-0.629	-0.605	-0.629	-0.631	-0.598	-0.632	-0.612	-0.611	-0.611	-0.611	
