## Summary of overall evidence for association with region:
## log10(BF for region) = -0.276951
## p-value for region = NA

## BFs for choosing among multi-SNP models:
## log10(average 1-SNP BF) = -0.237181
## log10(average 2-SNP BF) = -0.369427

## Example posterior probabilities for multi-SNP models, based on default prior: [p(l) propto 0.5^l for l=1,2,...,L]
## posterior probability of 1-SNP = 0.730597
## posterior probability of 2-SNP = 0.269403

## log10(BF) for single SNP and pair of SNPs:
rs12644754     -0.544	-0.723	-0.997	-0.398	-0.406	-0.407	-0.409	-0.407	-0.407	-0.408	-0.566	-0.411	-0.411	-0.982	-0.418	-0.420	-0.983	-0.423	-0.990	-0.428	-0.430	-0.430	-0.563	-0.562	-0.563	-0.554	-0.436	-0.437	-0.446	-0.442	-0.443	-0.456	-0.458	-0.459	-0.459	-0.459	-0.460	-0.462	-0.467	-0.468	-0.476	-0.469	-0.479	-0.484	-0.487	-0.491	-0.491	-0.493	-0.489	-0.490	-0.480	-0.492	-0.493	-0.494	-0.495	-0.496	-0.496	-0.844	-0.987	-0.498	-0.856	-0.972	-0.991	-0.494	-0.972	-0.989	-0.989	-0.852	-0.505	-0.972	-0.494	-0.989	-0.989	-0.853	-0.494	-0.974	-0.846	-0.974	-0.974	-0.975	-0.975	-0.845	-0.845	-0.975	-0.845	-0.845	-0.976	-0.976	-0.844	-0.843	-0.842	-0.978	-0.978	-0.840	-0.862	-0.842	-0.978	-0.979	-0.842	-0.977	-0.979	-0.979	-0.841	-0.841	-0.979	-0.840	-0.841	-0.979	-0.841	-0.979	-0.979	-0.979	-0.970	-0.838	-0.981	-0.893	-0.893	-0.981	-0.472	-0.890	-0.889	-0.889	-0.982	-0.824	-0.621	-0.982	-0.888	-0.887	-0.887	-0.887	-0.995	-0.878	-0.886	-0.886	-0.885	-0.462	-0.985	-0.884	-0.884	-0.985	-0.884	-0.695	-0.983	-0.694	-0.983	-0.694	-0.984	-0.457	-0.694	-0.975	-0.695	-0.592	-0.696	-0.705	-0.982	-0.454	-0.698	-0.978	-0.450	-0.598	-0.695	-0.978	-0.572	-0.437	-0.684	-0.684	-0.685	-0.983	-0.983	-0.439	-0.983	-0.687	-0.687	-0.983	-0.687	-0.688	-0.441	-0.688	-0.983	-0.688	-0.570	-0.660	-0.689	-0.689	-0.587	-0.983	
rs114468107    -0.723	-0.296	-0.726	-0.239	-0.246	-0.247	-0.249	-0.247	-0.248	-0.248	-0.393	-0.251	-0.251	-0.730	-0.258	-0.259	-0.731	-0.262	-0.746	-0.267	-0.269	-0.269	-0.391	-0.391	-0.391	-0.383	-0.275	-0.276	-0.284	-0.281	-0.281	-0.293	-0.295	-0.296	-0.296	-0.297	-0.297	-0.299	-0.305	-0.305	-0.310	-0.306	-0.315	-0.320	-0.322	-0.326	-0.327	-0.328	-0.325	-0.326	-0.317	-0.328	-0.329	-0.329	-0.331	-0.331	-0.331	-0.644	-0.733	-0.333	-0.653	-0.711	-0.740	-0.329	-0.711	-0.738	-0.737	-0.650	-0.339	-0.710	-0.330	-0.736	-0.737	-0.651	-0.330	-0.714	-0.645	-0.714	-0.714	-0.714	-0.715	-0.645	-0.645	-0.716	-0.644	-0.644	-0.716	-0.716	-0.644	-0.643	-0.643	-0.720	-0.720	-0.640	-0.658	-0.642	-0.720	-0.720	-0.642	-0.718	-0.720	-0.721	-0.642	-0.642	-0.721	-0.641	-0.642	-0.721	-0.641	-0.721	-0.721	-0.721	-0.708	-0.639	-0.724	-0.689	-0.689	-0.724	-0.309	-0.686	-0.686	-0.686	-0.726	-0.628	-0.456	-0.726	-0.685	-0.685	-0.685	-0.684	-0.748	-0.677	-0.683	-0.683	-0.683	-0.300	-0.730	-0.682	-0.682	-0.731	-0.682	-0.521	-0.751	-0.520	-0.751	-0.520	-0.750	-0.294	-0.520	-0.753	-0.521	-0.422	-0.522	-0.530	-0.751	-0.292	-0.524	-0.754	-0.288	-0.427	-0.521	-0.754	-0.403	-0.276	-0.511	-0.511	-0.512	-0.751	-0.751	-0.278	-0.751	-0.513	-0.514	-0.750	-0.514	-0.514	-0.280	-0.515	-0.750	-0.515	-0.402	-0.485	-0.515	-0.515	-0.418	-0.752	
rs11944087     -0.997	-0.726	-0.608	-0.346	-0.355	-0.357	-0.359	-0.357	-0.357	-0.359	-0.561	-0.361	-0.362	-1.033	-0.371	-0.373	-1.034	-0.376	-1.040	-0.382	-0.385	-0.385	-0.546	-0.546	-0.546	-0.536	-0.393	-0.394	-0.405	-0.402	-0.402	-0.417	-0.420	-0.421	-0.421	-0.422	-0.423	-0.425	-0.432	-0.433	-0.448	-0.433	-0.445	-0.452	-0.455	-0.460	-0.460	-0.463	-0.459	-0.460	-0.449	-0.463	-0.464	-0.465	-0.467	-0.467	-0.467	-0.862	-1.040	-0.470	-0.876	-1.027	-1.044	-0.465	-1.027	-1.043	-1.042	-0.872	-0.478	-1.027	-0.466	-1.042	-1.043	-0.873	-0.466	-1.029	-0.864	-1.029	-1.029	-1.029	-1.030	-0.864	-0.864	-1.030	-0.863	-0.863	-1.030	-1.031	-0.863	-0.862	-0.861	-1.033	-1.033	-0.857	-0.884	-0.860	-1.033	-1.033	-0.860	-1.032	-1.033	-1.033	-0.859	-0.859	-1.033	-0.858	-0.859	-1.034	-0.859	-1.034	-1.034	-1.034	-1.025	-0.855	-1.035	-0.912	-0.912	-1.035	-0.441	-0.908	-0.908	-0.907	-1.036	-0.839	-0.607	-1.037	-0.906	-0.905	-0.905	-0.904	-1.048	-0.894	-0.903	-0.903	-0.903	-0.429	-1.039	-0.902	-0.901	-1.039	-0.901	-0.660	-1.028	-0.659	-1.028	-0.658	-1.028	-0.423	-0.658	-1.017	-0.660	-0.544	-0.661	-0.673	-1.026	-0.420	-0.663	-1.019	-0.413	-0.551	-0.660	-1.019	-0.519	-0.400	-0.646	-0.647	-0.648	-1.027	-1.027	-0.402	-1.027	-0.650	-0.650	-1.027	-0.651	-0.651	-0.405	-0.652	-1.028	-0.652	-0.517	-0.630	-0.653	-0.653	-0.538	-1.027	
rs12500215     -0.398	-0.239	-0.346	+0.074	+0.011	+0.011	+0.010	+0.011	+0.010	+0.010	-0.051	+0.008	+0.008	-0.212	+0.003	+0.003	-0.213	+0.000	-0.259	-0.003	-0.004	-0.004	-0.008	-0.008	-0.008	-0.017	-0.008	-0.009	-0.015	-0.017	-0.017	-0.021	-0.023	-0.023	-0.024	-0.024	-0.024	-0.026	-0.029	-0.030	-0.065	-0.031	-0.036	-0.040	-0.037	-0.039	-0.040	-0.041	-0.048	-0.048	-0.047	-0.049	-0.050	-0.051	-0.052	-0.052	-0.052	-0.278	-0.208	-0.053	-0.271	-0.153	-0.228	-0.057	-0.153	-0.220	-0.217	-0.273	-0.059	-0.152	-0.057	-0.217	-0.218	-0.273	-0.058	-0.160	-0.278	-0.161	-0.161	-0.161	-0.162	-0.278	-0.278	-0.165	-0.278	-0.278	-0.165	-0.166	-0.279	-0.279	-0.280	-0.175	-0.175	-0.281	-0.268	-0.280	-0.175	-0.176	-0.280	-0.171	-0.176	-0.179	-0.280	-0.280	-0.177	-0.281	-0.281	-0.178	-0.281	-0.178	-0.179	-0.179	-0.148	-0.282	-0.185	-0.327	-0.327	-0.185	-0.056	-0.329	-0.329	-0.329	-0.190	-0.288	-0.208	-0.191	-0.329	-0.330	-0.330	-0.330	-0.250	-0.335	-0.330	-0.330	-0.331	-0.053	-0.200	-0.331	-0.331	-0.203	-0.331	-0.270	-0.284	-0.270	-0.284	-0.270	-0.279	-0.052	-0.270	-0.329	-0.270	-0.189	-0.271	-0.273	-0.292	-0.051	-0.272	-0.322	-0.059	-0.190	-0.270	-0.322	-0.181	-0.043	-0.267	-0.267	-0.267	-0.288	-0.287	-0.044	-0.286	-0.268	-0.268	-0.285	-0.268	-0.268	-0.045	-0.268	-0.284	-0.268	-0.180	-0.252	-0.268	-0.268	-0.187	-0.292	
rs35670594     -0.406	-0.246	-0.355	+0.011	+0.065	+0.006	+0.005	+0.006	+0.005	+0.005	-0.061	+0.003	+0.003	-0.222	-0.002	-0.003	-0.224	-0.005	-0.269	-0.008	-0.010	-0.010	-0.021	-0.022	-0.022	-0.029	-0.015	-0.015	-0.021	-0.023	-0.024	-0.028	-0.030	-0.030	-0.031	-0.031	-0.031	-0.033	-0.037	-0.037	-0.071	-0.038	-0.043	-0.048	-0.045	-0.047	-0.048	-0.049	-0.055	-0.056	-0.054	-0.057	-0.058	-0.058	-0.059	-0.059	-0.060	-0.286	-0.219	-0.060	-0.280	-0.164	-0.238	-0.064	-0.163	-0.231	-0.228	-0.282	-0.066	-0.163	-0.065	-0.227	-0.229	-0.282	-0.065	-0.171	-0.287	-0.171	-0.171	-0.172	-0.173	-0.287	-0.287	-0.175	-0.287	-0.287	-0.176	-0.177	-0.288	-0.288	-0.289	-0.185	-0.185	-0.290	-0.277	-0.289	-0.186	-0.186	-0.289	-0.182	-0.187	-0.189	-0.289	-0.289	-0.188	-0.290	-0.289	-0.188	-0.289	-0.189	-0.189	-0.189	-0.159	-0.291	-0.196	-0.335	-0.335	-0.195	-0.062	-0.337	-0.337	-0.337	-0.201	-0.296	-0.215	-0.201	-0.338	-0.338	-0.338	-0.338	-0.260	-0.343	-0.339	-0.339	-0.339	-0.059	-0.210	-0.339	-0.339	-0.213	-0.340	-0.277	-0.294	-0.277	-0.294	-0.277	-0.289	-0.057	-0.277	-0.339	-0.277	-0.195	-0.278	-0.280	-0.301	-0.057	-0.279	-0.332	-0.064	-0.197	-0.277	-0.332	-0.187	-0.049	-0.274	-0.274	-0.274	-0.297	-0.297	-0.049	-0.296	-0.274	-0.275	-0.295	-0.275	-0.276	-0.050	-0.275	-0.293	-0.275	-0.186	-0.259	-0.275	-0.275	-0.193	-0.302	
rs35263733     -0.407	-0.247	-0.357	+0.011	+0.006	+0.064	+0.004	+0.005	+0.004	+0.004	-0.063	+0.002	+0.002	-0.224	-0.003	-0.004	-0.226	-0.006	-0.271	-0.009	-0.011	-0.011	-0.023	-0.023	-0.023	-0.031	-0.015	-0.016	-0.022	-0.024	-0.024	-0.029	-0.031	-0.031	-0.031	-0.032	-0.032	-0.033	-0.037	-0.038	-0.072	-0.039	-0.044	-0.048	-0.046	-0.048	-0.048	-0.050	-0.056	-0.056	-0.055	-0.058	-0.059	-0.059	-0.060	-0.060	-0.060	-0.288	-0.220	-0.061	-0.281	-0.165	-0.240	-0.065	-0.165	-0.232	-0.229	-0.284	-0.067	-0.165	-0.065	-0.229	-0.230	-0.283	-0.066	-0.173	-0.288	-0.173	-0.173	-0.174	-0.175	-0.288	-0.288	-0.177	-0.289	-0.289	-0.178	-0.179	-0.289	-0.289	-0.290	-0.187	-0.187	-0.291	-0.279	-0.290	-0.188	-0.188	-0.290	-0.183	-0.188	-0.191	-0.291	-0.291	-0.190	-0.291	-0.291	-0.190	-0.291	-0.190	-0.191	-0.191	-0.160	-0.292	-0.197	-0.337	-0.337	-0.197	-0.063	-0.339	-0.339	-0.339	-0.202	-0.298	-0.216	-0.203	-0.339	-0.339	-0.340	-0.340	-0.261	-0.344	-0.340	-0.340	-0.340	-0.060	-0.212	-0.341	-0.341	-0.215	-0.341	-0.278	-0.295	-0.278	-0.296	-0.278	-0.291	-0.058	-0.278	-0.340	-0.278	-0.196	-0.279	-0.282	-0.303	-0.057	-0.280	-0.333	-0.065	-0.198	-0.279	-0.333	-0.188	-0.049	-0.275	-0.275	-0.275	-0.299	-0.299	-0.050	-0.298	-0.276	-0.276	-0.296	-0.276	-0.276	-0.051	-0.276	-0.295	-0.276	-0.188	-0.260	-0.276	-0.276	-0.194	-0.303	
rs76490583     -0.409	-0.249	-0.359	+0.010	+0.005	+0.004	+0.062	+0.004	+0.004	+0.003	-0.065	+0.001	+0.001	-0.226	-0.004	-0.005	-0.228	-0.007	-0.272	-0.010	-0.012	-0.012	-0.026	-0.026	-0.026	-0.033	-0.017	-0.017	-0.023	-0.025	-0.025	-0.030	-0.032	-0.032	-0.033	-0.033	-0.033	-0.035	-0.039	-0.039	-0.074	-0.040	-0.046	-0.050	-0.047	-0.049	-0.050	-0.051	-0.057	-0.058	-0.056	-0.059	-0.060	-0.060	-0.061	-0.062	-0.062	-0.290	-0.222	-0.063	-0.283	-0.167	-0.242	-0.066	-0.167	-0.234	-0.231	-0.285	-0.069	-0.167	-0.067	-0.231	-0.232	-0.285	-0.067	-0.175	-0.290	-0.175	-0.175	-0.176	-0.177	-0.290	-0.290	-0.179	-0.290	-0.290	-0.180	-0.181	-0.291	-0.291	-0.292	-0.189	-0.189	-0.293	-0.281	-0.292	-0.190	-0.190	-0.292	-0.185	-0.190	-0.193	-0.292	-0.292	-0.192	-0.293	-0.292	-0.192	-0.292	-0.192	-0.193	-0.193	-0.162	-0.294	-0.199	-0.338	-0.338	-0.199	-0.064	-0.340	-0.340	-0.340	-0.204	-0.299	-0.217	-0.205	-0.341	-0.341	-0.341	-0.341	-0.263	-0.346	-0.342	-0.342	-0.342	-0.061	-0.214	-0.342	-0.342	-0.217	-0.343	-0.280	-0.297	-0.280	-0.298	-0.279	-0.293	-0.059	-0.279	-0.342	-0.280	-0.198	-0.280	-0.283	-0.305	-0.058	-0.281	-0.335	-0.066	-0.199	-0.280	-0.335	-0.190	-0.050	-0.276	-0.276	-0.277	-0.301	-0.300	-0.051	-0.299	-0.277	-0.277	-0.298	-0.277	-0.277	-0.052	-0.277	-0.297	-0.277	-0.189	-0.261	-0.278	-0.278	-0.195	-0.305	
rs13145842     -0.407	-0.247	-0.357	+0.011	+0.006	+0.005	+0.004	+0.064	+0.005	+0.004	-0.063	+0.003	+0.002	-0.223	-0.002	-0.003	-0.225	-0.005	-0.270	-0.008	-0.010	-0.010	-0.021	-0.022	-0.022	-0.029	-0.014	-0.015	-0.021	-0.023	-0.023	-0.028	-0.029	-0.030	-0.030	-0.030	-0.031	-0.032	-0.036	-0.036	-0.072	-0.037	-0.043	-0.047	-0.044	-0.046	-0.047	-0.048	-0.054	-0.055	-0.053	-0.056	-0.057	-0.057	-0.058	-0.059	-0.059	-0.287	-0.219	-0.060	-0.280	-0.164	-0.239	-0.064	-0.164	-0.231	-0.228	-0.283	-0.066	-0.164	-0.064	-0.228	-0.229	-0.283	-0.064	-0.172	-0.287	-0.172	-0.172	-0.172	-0.174	-0.288	-0.288	-0.176	-0.288	-0.288	-0.177	-0.177	-0.288	-0.289	-0.289	-0.186	-0.186	-0.290	-0.278	-0.289	-0.187	-0.187	-0.290	-0.182	-0.187	-0.190	-0.290	-0.290	-0.188	-0.290	-0.290	-0.189	-0.290	-0.189	-0.190	-0.190	-0.159	-0.291	-0.196	-0.336	-0.336	-0.196	-0.062	-0.338	-0.338	-0.338	-0.201	-0.297	-0.215	-0.202	-0.338	-0.339	-0.339	-0.339	-0.260	-0.344	-0.340	-0.340	-0.340	-0.059	-0.211	-0.340	-0.340	-0.214	-0.340	-0.278	-0.294	-0.278	-0.295	-0.278	-0.290	-0.057	-0.278	-0.339	-0.278	-0.196	-0.278	-0.283	-0.302	-0.056	-0.279	-0.332	-0.064	-0.198	-0.278	-0.333	-0.188	-0.048	-0.274	-0.274	-0.275	-0.298	-0.298	-0.049	-0.297	-0.275	-0.275	-0.295	-0.275	-0.276	-0.050	-0.276	-0.294	-0.276	-0.187	-0.259	-0.276	-0.276	-0.194	-0.302	
rs34940948     -0.407	-0.248	-0.357	+0.010	+0.005	+0.004	+0.004	+0.005	+0.063	+0.004	-0.064	+0.002	+0.002	-0.224	-0.003	-0.004	-0.226	-0.006	-0.271	-0.009	-0.010	-0.010	-0.022	-0.022	-0.022	-0.030	-0.015	-0.015	-0.021	-0.023	-0.023	-0.028	-0.029	-0.030	-0.030	-0.030	-0.031	-0.032	-0.036	-0.037	-0.072	-0.038	-0.043	-0.047	-0.046	-0.047	-0.047	-0.048	-0.055	-0.055	-0.054	-0.056	-0.057	-0.058	-0.059	-0.059	-0.059	-0.288	-0.220	-0.060	-0.281	-0.165	-0.240	-0.064	-0.165	-0.232	-0.229	-0.283	-0.066	-0.164	-0.064	-0.229	-0.230	-0.283	-0.064	-0.172	-0.288	-0.173	-0.173	-0.173	-0.174	-0.288	-0.288	-0.177	-0.288	-0.289	-0.178	-0.178	-0.289	-0.289	-0.290	-0.187	-0.187	-0.291	-0.279	-0.290	-0.187	-0.188	-0.290	-0.183	-0.188	-0.190	-0.290	-0.290	-0.189	-0.291	-0.291	-0.190	-0.291	-0.190	-0.191	-0.191	-0.160	-0.292	-0.197	-0.337	-0.337	-0.197	-0.062	-0.338	-0.339	-0.339	-0.202	-0.297	-0.216	-0.203	-0.339	-0.339	-0.340	-0.340	-0.261	-0.344	-0.340	-0.340	-0.340	-0.059	-0.212	-0.341	-0.341	-0.214	-0.341	-0.279	-0.295	-0.278	-0.296	-0.278	-0.290	-0.057	-0.278	-0.340	-0.279	-0.196	-0.279	-0.282	-0.303	-0.056	-0.280	-0.333	-0.064	-0.198	-0.279	-0.333	-0.188	-0.048	-0.275	-0.275	-0.275	-0.299	-0.298	-0.049	-0.297	-0.276	-0.276	-0.296	-0.276	-0.276	-0.050	-0.276	-0.295	-0.276	-0.188	-0.260	-0.276	-0.276	-0.194	-0.303	
rs34428277     -0.408	-0.248	-0.359	+0.010	+0.005	+0.004	+0.003	+0.004	+0.004	+0.062	-0.065	+0.002	+0.001	-0.225	-0.003	-0.004	-0.227	-0.006	-0.272	-0.009	-0.011	-0.011	-0.023	-0.023	-0.023	-0.031	-0.015	-0.016	-0.021	-0.024	-0.024	-0.028	-0.030	-0.030	-0.031	-0.031	-0.031	-0.033	-0.036	-0.037	-0.073	-0.038	-0.044	-0.047	-0.044	-0.047	-0.047	-0.048	-0.055	-0.055	-0.054	-0.057	-0.058	-0.058	-0.059	-0.059	-0.059	-0.289	-0.221	-0.060	-0.282	-0.166	-0.241	-0.064	-0.166	-0.233	-0.230	-0.284	-0.066	-0.165	-0.065	-0.230	-0.231	-0.284	-0.065	-0.173	-0.289	-0.174	-0.174	-0.174	-0.175	-0.289	-0.289	-0.178	-0.289	-0.289	-0.178	-0.179	-0.290	-0.290	-0.291	-0.187	-0.187	-0.292	-0.279	-0.291	-0.188	-0.189	-0.291	-0.184	-0.189	-0.191	-0.291	-0.291	-0.190	-0.292	-0.291	-0.191	-0.292	-0.191	-0.191	-0.192	-0.161	-0.293	-0.198	-0.338	-0.338	-0.198	-0.062	-0.339	-0.339	-0.340	-0.203	-0.298	-0.216	-0.204	-0.340	-0.340	-0.340	-0.341	-0.262	-0.345	-0.341	-0.341	-0.341	-0.059	-0.213	-0.341	-0.342	-0.215	-0.342	-0.279	-0.296	-0.279	-0.296	-0.279	-0.291	-0.057	-0.279	-0.341	-0.279	-0.197	-0.280	-0.282	-0.304	-0.057	-0.281	-0.334	-0.064	-0.199	-0.279	-0.334	-0.189	-0.049	-0.276	-0.276	-0.276	-0.300	-0.299	-0.049	-0.298	-0.277	-0.277	-0.297	-0.277	-0.277	-0.050	-0.277	-0.296	-0.277	-0.188	-0.261	-0.277	-0.277	-0.195	-0.304	
rs34927386     -0.566	-0.393	-0.561	-0.051	-0.061	-0.063	-0.065	-0.063	-0.064	-0.065	-0.114	-0.068	-0.069	-0.472	-0.079	-0.081	-0.473	-0.085	-0.505	-0.092	-0.095	-0.095	-0.239	-0.239	-0.239	-0.233	-0.105	-0.105	-0.118	-0.116	-0.116	-0.131	-0.134	-0.135	-0.136	-0.136	-0.137	-0.139	-0.147	-0.148	-0.183	-0.150	-0.163	-0.167	-0.169	-0.174	-0.175	-0.177	-0.176	-0.177	-0.168	-0.180	-0.181	-0.182	-0.184	-0.184	-0.184	-0.478	-0.469	-0.187	-0.480	-0.427	-0.484	-0.184	-0.427	-0.478	-0.476	-0.479	-0.195	-0.427	-0.185	-0.476	-0.477	-0.480	-0.185	-0.433	-0.479	-0.434	-0.434	-0.434	-0.435	-0.479	-0.479	-0.436	-0.479	-0.479	-0.437	-0.438	-0.479	-0.479	-0.479	-0.444	-0.444	-0.478	-0.481	-0.479	-0.445	-0.445	-0.479	-0.441	-0.445	-0.447	-0.479	-0.479	-0.446	-0.478	-0.479	-0.446	-0.479	-0.447	-0.447	-0.447	-0.423	-0.478	-0.452	-0.522	-0.522	-0.452	-0.165	-0.522	-0.522	-0.522	-0.456	-0.475	-0.344	-0.456	-0.522	-0.522	-0.522	-0.522	-0.500	-0.521	-0.521	-0.521	-0.521	-0.155	-0.463	-0.521	-0.521	-0.465	-0.521	-0.411	-0.523	-0.410	-0.523	-0.410	-0.520	-0.149	-0.410	-0.550	-0.411	-0.314	-0.411	-0.417	-0.528	-0.147	-0.413	-0.546	-0.149	-0.318	-0.411	-0.546	-0.299	-0.128	-0.404	-0.404	-0.404	-0.525	-0.525	-0.130	-0.524	-0.405	-0.406	-0.524	-0.406	-0.406	-0.132	-0.406	-0.523	-0.406	-0.297	-0.384	-0.407	-0.407	-0.310	-0.528	
rs35518034     -0.411	-0.251	-0.361	+0.008	+0.003	+0.002	+0.001	+0.003	+0.002	+0.002	-0.068	+0.060	+0.000	-0.228	-0.004	-0.005	-0.230	-0.007	-0.275	-0.011	-0.012	-0.012	-0.026	-0.026	-0.026	-0.034	-0.016	-0.017	-0.023	-0.025	-0.025	-0.030	-0.031	-0.031	-0.032	-0.032	-0.032	-0.034	-0.038	-0.038	-0.074	-0.039	-0.045	-0.049	-0.045	-0.048	-0.048	-0.049	-0.056	-0.057	-0.055	-0.058	-0.059	-0.059	-0.060	-0.060	-0.060	-0.291	-0.224	-0.061	-0.284	-0.169	-0.243	-0.065	-0.168	-0.236	-0.233	-0.287	-0.068	-0.168	-0.066	-0.232	-0.234	-0.286	-0.066	-0.176	-0.291	-0.176	-0.176	-0.177	-0.178	-0.291	-0.291	-0.180	-0.292	-0.292	-0.181	-0.182	-0.292	-0.292	-0.293	-0.190	-0.190	-0.294	-0.282	-0.293	-0.191	-0.191	-0.293	-0.187	-0.191	-0.194	-0.294	-0.294	-0.193	-0.294	-0.294	-0.193	-0.294	-0.194	-0.194	-0.194	-0.163	-0.295	-0.201	-0.340	-0.340	-0.200	-0.063	-0.342	-0.342	-0.342	-0.206	-0.301	-0.218	-0.206	-0.342	-0.343	-0.343	-0.343	-0.265	-0.347	-0.343	-0.343	-0.343	-0.060	-0.215	-0.344	-0.344	-0.218	-0.344	-0.281	-0.299	-0.281	-0.299	-0.281	-0.294	-0.058	-0.281	-0.343	-0.281	-0.199	-0.282	-0.284	-0.306	-0.058	-0.283	-0.336	-0.066	-0.201	-0.281	-0.337	-0.191	-0.050	-0.278	-0.278	-0.278	-0.302	-0.302	-0.050	-0.301	-0.278	-0.279	-0.300	-0.279	-0.279	-0.051	-0.279	-0.298	-0.279	-0.190	-0.263	-0.279	-0.279	-0.197	-0.306	
rs77513366     -0.411	-0.251	-0.362	+0.008	+0.003	+0.002	+0.001	+0.002	+0.002	+0.001	-0.069	+0.000	+0.059	-0.230	-0.005	-0.006	-0.231	-0.008	-0.276	-0.011	-0.012	-0.013	-0.028	-0.028	-0.028	-0.035	-0.017	-0.017	-0.023	-0.025	-0.025	-0.030	-0.031	-0.032	-0.032	-0.032	-0.033	-0.034	-0.038	-0.038	-0.075	-0.040	-0.045	-0.049	-0.046	-0.048	-0.049	-0.050	-0.056	-0.057	-0.055	-0.058	-0.059	-0.060	-0.060	-0.061	-0.061	-0.292	-0.225	-0.062	-0.285	-0.170	-0.244	-0.066	-0.169	-0.237	-0.234	-0.288	-0.068	-0.169	-0.066	-0.233	-0.235	-0.287	-0.066	-0.177	-0.292	-0.177	-0.177	-0.178	-0.179	-0.292	-0.292	-0.181	-0.293	-0.293	-0.182	-0.183	-0.293	-0.293	-0.294	-0.191	-0.191	-0.295	-0.283	-0.294	-0.192	-0.192	-0.294	-0.188	-0.192	-0.195	-0.294	-0.294	-0.194	-0.295	-0.295	-0.194	-0.295	-0.195	-0.195	-0.195	-0.165	-0.296	-0.202	-0.341	-0.341	-0.201	-0.064	-0.342	-0.343	-0.343	-0.207	-0.301	-0.219	-0.207	-0.343	-0.343	-0.343	-0.344	-0.266	-0.348	-0.344	-0.344	-0.344	-0.061	-0.216	-0.345	-0.345	-0.219	-0.345	-0.282	-0.300	-0.282	-0.300	-0.282	-0.295	-0.059	-0.282	-0.344	-0.282	-0.199	-0.282	-0.285	-0.307	-0.058	-0.283	-0.337	-0.066	-0.201	-0.282	-0.338	-0.191	-0.050	-0.278	-0.278	-0.279	-0.303	-0.303	-0.051	-0.302	-0.279	-0.279	-0.301	-0.279	-0.279	-0.052	-0.280	-0.299	-0.280	-0.191	-0.263	-0.280	-0.280	-0.197	-0.307	
rs2340728      -0.982	-0.730	-1.033	-0.212	-0.222	-0.224	-0.226	-0.223	-0.224	-0.225	-0.472	-0.228	-0.230	-0.589	-0.239	-0.241	-0.723	-0.245	-0.712	-0.251	-0.254	-0.254	-0.451	-0.451	-0.451	-0.439	-0.264	-0.264	-0.276	-0.273	-0.273	-0.290	-0.293	-0.294	-0.295	-0.295	-0.296	-0.299	-0.307	-0.308	-0.346	-0.310	-0.326	-0.332	-0.334	-0.339	-0.340	-0.343	-0.341	-0.342	-0.329	-0.345	-0.347	-0.348	-0.350	-0.350	-0.351	-0.699	-0.764	-0.354	-0.723	-0.719	-0.773	-0.347	-0.719	-0.769	-0.768	-0.716	-0.362	-0.719	-0.348	-0.768	-0.769	-0.717	-0.348	-0.727	-0.703	-0.728	-0.728	-0.728	-0.729	-0.702	-0.702	-0.731	-0.701	-0.701	-0.732	-0.733	-0.700	-0.699	-0.697	-0.741	-0.741	-0.693	-0.733	-0.697	-0.742	-0.742	-0.696	-0.739	-0.742	-0.750	-0.695	-0.695	-0.744	-0.693	-0.695	-0.744	-0.694	-0.744	-0.745	-0.745	-0.728	-0.689	-0.750	-0.714	-0.714	-0.750	-0.319	-0.705	-0.705	-0.704	-0.754	-0.665	-0.447	-0.755	-0.702	-0.700	-0.700	-0.699	-0.778	-0.680	-0.697	-0.697	-0.696	-0.305	-0.761	-0.694	-0.693	-0.762	-0.692	-0.466	-0.832	-0.465	-0.832	-0.464	-0.835	-0.298	-0.464	-0.791	-0.466	-0.400	-0.469	-0.486	-0.827	-0.295	-0.474	-0.800	-0.295	-0.408	-0.468	-0.800	-0.368	-0.271	-0.448	-0.448	-0.450	-0.830	-0.830	-0.274	-0.831	-0.453	-0.453	-0.831	-0.454	-0.455	-0.277	-0.455	-0.832	-0.455	-0.366	-0.451	-0.457	-0.457	-0.393	-0.829	
rs4557289      -0.418	-0.258	-0.371	+0.003	-0.002	-0.003	-0.004	-0.002	-0.003	-0.003	-0.079	-0.004	-0.005	-0.239	+0.051	-0.010	-0.240	-0.012	-0.284	-0.015	-0.016	-0.017	-0.037	-0.037	-0.037	-0.044	-0.021	-0.021	-0.027	-0.029	-0.029	-0.034	-0.035	-0.036	-0.036	-0.036	-0.036	-0.038	-0.041	-0.042	-0.080	-0.043	-0.049	-0.053	-0.049	-0.052	-0.052	-0.053	-0.060	-0.061	-0.059	-0.062	-0.063	-0.063	-0.064	-0.064	-0.064	-0.299	-0.233	-0.065	-0.292	-0.178	-0.252	-0.069	-0.178	-0.245	-0.242	-0.295	-0.072	-0.177	-0.070	-0.241	-0.243	-0.295	-0.070	-0.185	-0.299	-0.186	-0.186	-0.186	-0.187	-0.299	-0.299	-0.189	-0.300	-0.300	-0.190	-0.191	-0.300	-0.300	-0.301	-0.199	-0.199	-0.302	-0.290	-0.301	-0.200	-0.200	-0.301	-0.196	-0.201	-0.203	-0.301	-0.301	-0.202	-0.302	-0.302	-0.202	-0.302	-0.203	-0.203	-0.203	-0.173	-0.303	-0.210	-0.348	-0.348	-0.209	-0.067	-0.349	-0.350	-0.350	-0.215	-0.308	-0.225	-0.215	-0.350	-0.350	-0.350	-0.351	-0.273	-0.355	-0.351	-0.351	-0.351	-0.064	-0.224	-0.352	-0.352	-0.227	-0.352	-0.288	-0.307	-0.288	-0.308	-0.288	-0.303	-0.062	-0.287	-0.352	-0.288	-0.205	-0.288	-0.291	-0.315	-0.061	-0.289	-0.345	-0.069	-0.207	-0.288	-0.345	-0.197	-0.052	-0.284	-0.284	-0.285	-0.311	-0.310	-0.053	-0.309	-0.285	-0.285	-0.308	-0.285	-0.285	-0.054	-0.285	-0.307	-0.285	-0.196	-0.269	-0.286	-0.286	-0.203	-0.315	
rs4274878      -0.420	-0.259	-0.373	+0.003	-0.003	-0.004	-0.005	-0.003	-0.004	-0.004	-0.081	-0.005	-0.006	-0.241	-0.010	+0.049	-0.242	-0.013	-0.286	-0.016	-0.017	-0.017	-0.039	-0.043	-0.039	-0.046	-0.022	-0.022	-0.028	-0.029	-0.030	-0.034	-0.036	-0.036	-0.037	-0.037	-0.037	-0.038	-0.042	-0.043	-0.081	-0.044	-0.050	-0.054	-0.050	-0.052	-0.053	-0.054	-0.061	-0.061	-0.059	-0.063	-0.064	-0.064	-0.065	-0.065	-0.065	-0.300	-0.234	-0.066	-0.294	-0.179	-0.254	-0.070	-0.179	-0.246	-0.243	-0.296	-0.072	-0.179	-0.071	-0.243	-0.245	-0.296	-0.071	-0.187	-0.301	-0.187	-0.187	-0.188	-0.189	-0.301	-0.301	-0.191	-0.301	-0.301	-0.192	-0.193	-0.301	-0.302	-0.302	-0.201	-0.201	-0.304	-0.291	-0.303	-0.202	-0.202	-0.303	-0.197	-0.202	-0.205	-0.303	-0.303	-0.204	-0.303	-0.303	-0.204	-0.303	-0.205	-0.205	-0.205	-0.174	-0.305	-0.211	-0.349	-0.349	-0.211	-0.067	-0.351	-0.351	-0.351	-0.216	-0.310	-0.226	-0.217	-0.352	-0.352	-0.352	-0.352	-0.275	-0.357	-0.353	-0.353	-0.353	-0.064	-0.226	-0.353	-0.353	-0.229	-0.353	-0.289	-0.309	-0.289	-0.309	-0.289	-0.304	-0.062	-0.289	-0.353	-0.289	-0.206	-0.290	-0.292	-0.316	-0.061	-0.290	-0.346	-0.070	-0.208	-0.289	-0.347	-0.198	-0.053	-0.285	-0.286	-0.286	-0.313	-0.312	-0.054	-0.311	-0.286	-0.286	-0.310	-0.286	-0.287	-0.055	-0.287	-0.309	-0.287	-0.197	-0.270	-0.287	-0.287	-0.204	-0.317	
rs4256251      -0.983	-0.731	-1.034	-0.213	-0.224	-0.226	-0.228	-0.225	-0.226	-0.227	-0.473	-0.230	-0.231	-0.723	-0.240	-0.242	-0.590	-0.246	-0.709	-0.252	-0.255	-0.255	-0.452	-0.451	-0.452	-0.440	-0.264	-0.265	-0.277	-0.273	-0.273	-0.290	-0.294	-0.295	-0.295	-0.296	-0.296	-0.299	-0.307	-0.308	-0.346	-0.311	-0.326	-0.332	-0.334	-0.339	-0.340	-0.343	-0.341	-0.342	-0.329	-0.345	-0.347	-0.348	-0.350	-0.350	-0.351	-0.698	-0.759	-0.354	-0.722	-0.711	-0.768	-0.346	-0.711	-0.764	-0.763	-0.716	-0.362	-0.710	-0.348	-0.763	-0.764	-0.717	-0.348	-0.719	-0.702	-0.720	-0.720	-0.720	-0.722	-0.701	-0.701	-0.724	-0.701	-0.700	-0.725	-0.726	-0.700	-0.698	-0.696	-0.734	-0.734	-0.692	-0.732	-0.696	-0.735	-0.736	-0.695	-0.732	-0.736	-0.744	-0.695	-0.695	-0.737	-0.692	-0.694	-0.738	-0.694	-0.738	-0.739	-0.739	-0.722	-0.688	-0.744	-0.712	-0.712	-0.744	-0.318	-0.704	-0.703	-0.702	-0.749	-0.664	-0.447	-0.749	-0.701	-0.699	-0.699	-0.698	-0.773	-0.678	-0.695	-0.695	-0.694	-0.305	-0.755	-0.692	-0.692	-0.757	-0.691	-0.464	-0.830	-0.463	-0.830	-0.463	-0.833	-0.298	-0.463	-0.788	-0.465	-0.399	-0.467	-0.484	-0.825	-0.295	-0.472	-0.797	-0.295	-0.407	-0.466	-0.797	-0.367	-0.271	-0.446	-0.446	-0.448	-0.828	-0.828	-0.274	-0.829	-0.451	-0.451	-0.829	-0.452	-0.453	-0.276	-0.453	-0.830	-0.453	-0.365	-0.450	-0.455	-0.455	-0.392	-0.827	
rs4557290      -0.423	-0.262	-0.376	+0.000	-0.005	-0.006	-0.007	-0.005	-0.006	-0.006	-0.085	-0.007	-0.008	-0.245	-0.012	-0.013	-0.246	+0.046	-0.290	-0.018	-0.019	-0.019	-0.044	-0.044	-0.044	-0.051	-0.023	-0.024	-0.029	-0.031	-0.031	-0.036	-0.037	-0.038	-0.038	-0.038	-0.039	-0.040	-0.043	-0.044	-0.083	-0.045	-0.052	-0.055	-0.051	-0.054	-0.054	-0.055	-0.062	-0.063	-0.061	-0.064	-0.065	-0.065	-0.066	-0.066	-0.066	-0.304	-0.238	-0.068	-0.297	-0.183	-0.258	-0.072	-0.183	-0.250	-0.247	-0.299	-0.074	-0.183	-0.072	-0.247	-0.248	-0.299	-0.072	-0.191	-0.304	-0.191	-0.191	-0.191	-0.193	-0.304	-0.304	-0.195	-0.304	-0.304	-0.196	-0.196	-0.305	-0.305	-0.306	-0.205	-0.205	-0.307	-0.295	-0.306	-0.205	-0.206	-0.306	-0.201	-0.206	-0.209	-0.306	-0.306	-0.207	-0.306	-0.306	-0.208	-0.306	-0.208	-0.209	-0.209	-0.178	-0.308	-0.215	-0.352	-0.352	-0.215	-0.069	-0.354	-0.354	-0.354	-0.220	-0.313	-0.228	-0.221	-0.355	-0.355	-0.355	-0.355	-0.279	-0.360	-0.356	-0.356	-0.356	-0.065	-0.230	-0.356	-0.356	-0.232	-0.356	-0.292	-0.312	-0.291	-0.313	-0.291	-0.308	-0.063	-0.291	-0.357	-0.292	-0.208	-0.292	-0.295	-0.320	-0.062	-0.293	-0.350	-0.071	-0.210	-0.292	-0.350	-0.200	-0.054	-0.288	-0.288	-0.288	-0.316	-0.316	-0.054	-0.315	-0.289	-0.289	-0.313	-0.289	-0.289	-0.056	-0.289	-0.312	-0.289	-0.199	-0.273	-0.290	-0.290	-0.206	-0.320	
rs4487380      -0.990	-0.746	-1.040	-0.259	-0.269	-0.271	-0.272	-0.270	-0.271	-0.272	-0.505	-0.275	-0.276	-0.712	-0.284	-0.286	-0.709	-0.290	-0.598	-0.296	-0.299	-0.299	-0.486	-0.486	-0.487	-0.475	-0.308	-0.309	-0.320	-0.316	-0.317	-0.333	-0.336	-0.337	-0.337	-0.338	-0.339	-0.341	-0.349	-0.350	-0.384	-0.352	-0.367	-0.373	-0.374	-0.380	-0.380	-0.383	-0.381	-0.382	-0.369	-0.385	-0.387	-0.388	-0.390	-0.390	-0.390	-0.735	-0.723	-0.394	-0.757	-0.649	-0.747	-0.386	-0.649	-0.737	-0.734	-0.751	-0.401	-0.649	-0.387	-0.734	-0.736	-0.752	-0.388	-0.664	-0.739	-0.665	-0.665	-0.666	-0.668	-0.738	-0.738	-0.672	-0.737	-0.737	-0.674	-0.676	-0.736	-0.735	-0.733	-0.691	-0.691	-0.729	-0.766	-0.733	-0.693	-0.693	-0.733	-0.687	-0.693	-0.708	-0.732	-0.732	-0.696	-0.730	-0.731	-0.697	-0.731	-0.697	-0.698	-0.699	-0.669	-0.726	-0.709	-0.754	-0.754	-0.708	-0.359	-0.747	-0.746	-0.745	-0.716	-0.703	-0.491	-0.717	-0.744	-0.742	-0.742	-0.741	-0.765	-0.724	-0.739	-0.739	-0.738	-0.346	-0.729	-0.736	-0.736	-0.733	-0.735	-0.516	-0.854	-0.515	-0.854	-0.514	-0.856	-0.339	-0.514	-0.820	-0.516	-0.445	-0.519	-0.534	-0.851	-0.336	-0.523	-0.827	-0.336	-0.453	-0.517	-0.827	-0.414	-0.314	-0.499	-0.499	-0.501	-0.852	-0.853	-0.316	-0.853	-0.503	-0.504	-0.854	-0.504	-0.505	-0.319	-0.506	-0.854	-0.506	-0.412	-0.499	-0.507	-0.507	-0.438	-0.852	
rs74401960     -0.428	-0.267	-0.382	-0.003	-0.008	-0.009	-0.010	-0.008	-0.009	-0.009	-0.092	-0.011	-0.011	-0.251	-0.015	-0.016	-0.252	-0.018	-0.296	+0.040	-0.022	-0.022	-0.051	-0.051	-0.051	-0.057	-0.027	-0.027	-0.032	-0.034	-0.034	-0.039	-0.040	-0.041	-0.041	-0.041	-0.042	-0.043	-0.046	-0.047	-0.086	-0.048	-0.055	-0.058	-0.054	-0.057	-0.057	-0.058	-0.065	-0.066	-0.064	-0.067	-0.068	-0.068	-0.069	-0.069	-0.069	-0.309	-0.244	-0.071	-0.302	-0.189	-0.263	-0.075	-0.189	-0.256	-0.253	-0.305	-0.077	-0.189	-0.075	-0.252	-0.254	-0.304	-0.075	-0.197	-0.309	-0.197	-0.197	-0.197	-0.198	-0.309	-0.309	-0.201	-0.309	-0.309	-0.202	-0.202	-0.310	-0.310	-0.311	-0.210	-0.210	-0.312	-0.300	-0.311	-0.211	-0.212	-0.311	-0.207	-0.212	-0.214	-0.311	-0.311	-0.213	-0.311	-0.311	-0.214	-0.311	-0.214	-0.214	-0.215	-0.184	-0.313	-0.221	-0.357	-0.357	-0.220	-0.071	-0.359	-0.359	-0.359	-0.226	-0.318	-0.232	-0.226	-0.360	-0.360	-0.360	-0.360	-0.284	-0.364	-0.361	-0.361	-0.361	-0.068	-0.235	-0.361	-0.361	-0.238	-0.361	-0.296	-0.318	-0.296	-0.318	-0.296	-0.313	-0.066	-0.296	-0.362	-0.296	-0.212	-0.296	-0.299	-0.325	-0.065	-0.297	-0.355	-0.073	-0.214	-0.296	-0.355	-0.204	-0.056	-0.292	-0.292	-0.293	-0.322	-0.321	-0.056	-0.320	-0.293	-0.293	-0.319	-0.293	-0.293	-0.058	-0.293	-0.318	-0.293	-0.203	-0.277	-0.294	-0.294	-0.210	-0.326	
rs4487381      -0.430	-0.269	-0.385	-0.004	-0.010	-0.011	-0.012	-0.010	-0.010	-0.011	-0.095	-0.012	-0.012	-0.254	-0.016	-0.017	-0.255	-0.019	-0.299	-0.022	+0.038	-0.024	-0.055	-0.055	-0.055	-0.061	-0.028	-0.028	-0.034	-0.035	-0.035	-0.040	-0.041	-0.042	-0.042	-0.042	-0.043	-0.044	-0.048	-0.048	-0.088	-0.049	-0.057	-0.060	-0.056	-0.058	-0.058	-0.059	-0.066	-0.067	-0.065	-0.068	-0.069	-0.069	-0.070	-0.070	-0.071	-0.311	-0.246	-0.072	-0.305	-0.192	-0.266	-0.076	-0.192	-0.258	-0.255	-0.307	-0.078	-0.191	-0.076	-0.255	-0.256	-0.307	-0.076	-0.199	-0.311	-0.199	-0.199	-0.200	-0.201	-0.311	-0.311	-0.203	-0.311	-0.312	-0.204	-0.205	-0.312	-0.312	-0.313	-0.213	-0.213	-0.314	-0.302	-0.313	-0.214	-0.214	-0.313	-0.209	-0.214	-0.217	-0.313	-0.313	-0.216	-0.314	-0.313	-0.216	-0.313	-0.216	-0.217	-0.217	-0.186	-0.315	-0.223	-0.360	-0.360	-0.223	-0.072	-0.361	-0.361	-0.361	-0.228	-0.320	-0.234	-0.229	-0.362	-0.362	-0.362	-0.362	-0.287	-0.367	-0.363	-0.363	-0.363	-0.069	-0.238	-0.363	-0.363	-0.240	-0.363	-0.298	-0.320	-0.297	-0.321	-0.297	-0.316	-0.067	-0.297	-0.364	-0.298	-0.214	-0.298	-0.301	-0.328	-0.066	-0.299	-0.358	-0.074	-0.216	-0.298	-0.358	-0.205	-0.056	-0.294	-0.294	-0.294	-0.324	-0.323	-0.057	-0.322	-0.295	-0.295	-0.321	-0.295	-0.295	-0.058	-0.295	-0.320	-0.295	-0.204	-0.279	-0.295	-0.296	-0.211	-0.328	
rs114773134    -0.430	-0.269	-0.385	-0.004	-0.010	-0.011	-0.012	-0.010	-0.010	-0.011	-0.095	-0.012	-0.013	-0.254	-0.017	-0.017	-0.255	-0.019	-0.299	-0.022	-0.024	+0.038	-0.055	-0.055	-0.055	-0.061	-0.028	-0.028	-0.034	-0.035	-0.035	-0.040	-0.042	-0.042	-0.042	-0.043	-0.043	-0.044	-0.048	-0.048	-0.088	-0.050	-0.057	-0.060	-0.056	-0.058	-0.058	-0.059	-0.067	-0.067	-0.065	-0.068	-0.069	-0.070	-0.070	-0.071	-0.071	-0.311	-0.247	-0.072	-0.305	-0.192	-0.266	-0.076	-0.192	-0.258	-0.256	-0.307	-0.079	-0.191	-0.076	-0.255	-0.257	-0.307	-0.076	-0.199	-0.311	-0.200	-0.200	-0.200	-0.201	-0.312	-0.312	-0.204	-0.312	-0.312	-0.204	-0.205	-0.312	-0.312	-0.313	-0.213	-0.213	-0.314	-0.302	-0.313	-0.214	-0.214	-0.313	-0.210	-0.215	-0.217	-0.313	-0.313	-0.216	-0.314	-0.314	-0.216	-0.314	-0.217	-0.217	-0.217	-0.187	-0.315	-0.224	-0.360	-0.360	-0.223	-0.072	-0.361	-0.362	-0.362	-0.228	-0.320	-0.234	-0.229	-0.362	-0.362	-0.362	-0.363	-0.287	-0.367	-0.363	-0.363	-0.363	-0.069	-0.238	-0.363	-0.364	-0.241	-0.364	-0.298	-0.321	-0.298	-0.321	-0.298	-0.316	-0.067	-0.298	-0.365	-0.298	-0.214	-0.298	-0.301	-0.328	-0.066	-0.299	-0.358	-0.074	-0.216	-0.298	-0.358	-0.205	-0.056	-0.294	-0.294	-0.294	-0.324	-0.324	-0.057	-0.323	-0.295	-0.295	-0.322	-0.295	-0.295	-0.058	-0.295	-0.320	-0.295	-0.204	-0.279	-0.296	-0.296	-0.212	-0.328	
rs149289605    -0.563	-0.391	-0.546	-0.008	-0.021	-0.023	-0.026	-0.021	-0.022	-0.023	-0.239	-0.026	-0.028	-0.451	-0.037	-0.039	-0.452	-0.044	-0.486	-0.051	-0.055	-0.055	-0.112	-0.186	-0.186	-0.181	-0.066	-0.067	-0.081	-0.079	-0.080	-0.098	-0.101	-0.102	-0.103	-0.104	-0.105	-0.107	-0.117	-0.118	-0.172	-0.121	-0.134	-0.143	-0.143	-0.149	-0.150	-0.152	-0.153	-0.154	-0.143	-0.157	-0.159	-0.160	-0.162	-0.162	-0.162	-0.466	-0.444	-0.165	-0.466	-0.399	-0.460	-0.162	-0.399	-0.454	-0.452	-0.466	-0.174	-0.399	-0.163	-0.451	-0.453	-0.466	-0.164	-0.406	-0.467	-0.406	-0.406	-0.406	-0.407	-0.467	-0.467	-0.409	-0.467	-0.467	-0.410	-0.410	-0.467	-0.467	-0.467	-0.417	-0.417	-0.466	-0.466	-0.467	-0.418	-0.418	-0.467	-0.414	-0.418	-0.420	-0.467	-0.467	-0.419	-0.467	-0.467	-0.420	-0.467	-0.420	-0.420	-0.421	-0.395	-0.467	-0.426	-0.511	-0.511	-0.425	-0.142	-0.511	-0.511	-0.511	-0.430	-0.465	-0.341	-0.430	-0.511	-0.511	-0.511	-0.511	-0.477	-0.511	-0.511	-0.511	-0.511	-0.131	-0.437	-0.511	-0.511	-0.440	-0.511	-0.409	-0.503	-0.408	-0.504	-0.408	-0.500	-0.124	-0.408	-0.534	-0.409	-0.312	-0.409	-0.415	-0.509	-0.122	-0.411	-0.529	-0.129	-0.315	-0.409	-0.529	-0.297	-0.100	-0.402	-0.402	-0.403	-0.506	-0.506	-0.102	-0.505	-0.404	-0.404	-0.504	-0.404	-0.404	-0.105	-0.405	-0.503	-0.405	-0.296	-0.384	-0.405	-0.405	-0.308	-0.509	
rs144502518    -0.562	-0.391	-0.546	-0.008	-0.022	-0.023	-0.026	-0.022	-0.022	-0.023	-0.239	-0.026	-0.028	-0.451	-0.037	-0.043	-0.451	-0.044	-0.486	-0.051	-0.055	-0.055	-0.186	-0.112	-0.186	-0.181	-0.066	-0.067	-0.081	-0.079	-0.080	-0.098	-0.101	-0.102	-0.103	-0.104	-0.105	-0.107	-0.117	-0.118	-0.172	-0.121	-0.134	-0.143	-0.143	-0.149	-0.150	-0.152	-0.153	-0.154	-0.143	-0.157	-0.159	-0.160	-0.162	-0.162	-0.162	-0.466	-0.444	-0.165	-0.466	-0.399	-0.460	-0.162	-0.399	-0.454	-0.451	-0.466	-0.174	-0.399	-0.163	-0.451	-0.452	-0.466	-0.164	-0.406	-0.467	-0.406	-0.406	-0.406	-0.407	-0.467	-0.467	-0.409	-0.466	-0.466	-0.410	-0.410	-0.467	-0.467	-0.467	-0.417	-0.417	-0.466	-0.466	-0.467	-0.418	-0.418	-0.467	-0.414	-0.418	-0.420	-0.467	-0.467	-0.419	-0.467	-0.467	-0.419	-0.467	-0.420	-0.420	-0.420	-0.395	-0.466	-0.425	-0.511	-0.511	-0.425	-0.142	-0.511	-0.511	-0.511	-0.429	-0.465	-0.341	-0.430	-0.511	-0.511	-0.511	-0.511	-0.477	-0.511	-0.511	-0.511	-0.511	-0.131	-0.437	-0.511	-0.511	-0.439	-0.511	-0.409	-0.503	-0.408	-0.504	-0.408	-0.500	-0.124	-0.408	-0.534	-0.409	-0.312	-0.409	-0.415	-0.509	-0.122	-0.411	-0.529	-0.129	-0.315	-0.409	-0.529	-0.297	-0.100	-0.402	-0.402	-0.403	-0.506	-0.505	-0.103	-0.505	-0.404	-0.404	-0.504	-0.404	-0.404	-0.105	-0.405	-0.503	-0.405	-0.296	-0.384	-0.405	-0.405	-0.308	-0.509	
rs139540874    -0.563	-0.391	-0.546	-0.008	-0.022	-0.023	-0.026	-0.022	-0.022	-0.023	-0.239	-0.026	-0.028	-0.451	-0.037	-0.039	-0.452	-0.044	-0.487	-0.051	-0.055	-0.055	-0.186	-0.186	-0.112	-0.181	-0.066	-0.067	-0.081	-0.079	-0.079	-0.097	-0.101	-0.102	-0.103	-0.103	-0.104	-0.107	-0.116	-0.118	-0.172	-0.121	-0.134	-0.143	-0.143	-0.149	-0.149	-0.152	-0.153	-0.154	-0.143	-0.157	-0.159	-0.160	-0.161	-0.162	-0.162	-0.466	-0.445	-0.165	-0.466	-0.400	-0.460	-0.162	-0.399	-0.454	-0.452	-0.466	-0.174	-0.399	-0.163	-0.451	-0.453	-0.466	-0.163	-0.406	-0.467	-0.406	-0.406	-0.406	-0.407	-0.467	-0.467	-0.409	-0.467	-0.467	-0.410	-0.411	-0.467	-0.467	-0.467	-0.417	-0.417	-0.467	-0.466	-0.467	-0.418	-0.418	-0.467	-0.414	-0.418	-0.421	-0.467	-0.467	-0.419	-0.467	-0.467	-0.420	-0.467	-0.420	-0.421	-0.421	-0.395	-0.467	-0.426	-0.511	-0.511	-0.425	-0.141	-0.511	-0.511	-0.511	-0.430	-0.465	-0.341	-0.430	-0.511	-0.511	-0.511	-0.511	-0.477	-0.511	-0.511	-0.511	-0.511	-0.130	-0.438	-0.511	-0.511	-0.440	-0.511	-0.409	-0.504	-0.408	-0.504	-0.408	-0.500	-0.124	-0.408	-0.534	-0.409	-0.312	-0.410	-0.415	-0.509	-0.122	-0.411	-0.530	-0.129	-0.315	-0.409	-0.530	-0.297	-0.100	-0.402	-0.402	-0.403	-0.506	-0.506	-0.102	-0.505	-0.404	-0.404	-0.504	-0.404	-0.405	-0.105	-0.405	-0.503	-0.405	-0.296	-0.384	-0.405	-0.405	-0.308	-0.509	
rs77317643     -0.554	-0.383	-0.536	-0.017	-0.029	-0.031	-0.033	-0.029	-0.030	-0.031	-0.233	-0.034	-0.035	-0.439	-0.044	-0.046	-0.440	-0.051	-0.475	-0.057	-0.061	-0.061	-0.181	-0.181	-0.181	-0.102	-0.071	-0.072	-0.085	-0.083	-0.083	-0.100	-0.104	-0.105	-0.105	-0.106	-0.107	-0.109	-0.118	-0.119	-0.169	-0.122	-0.134	-0.143	-0.143	-0.148	-0.149	-0.151	-0.152	-0.153	-0.143	-0.156	-0.158	-0.158	-0.160	-0.161	-0.161	-0.457	-0.432	-0.164	-0.456	-0.387	-0.448	-0.161	-0.387	-0.442	-0.440	-0.457	-0.172	-0.386	-0.162	-0.440	-0.441	-0.457	-0.162	-0.393	-0.458	-0.394	-0.394	-0.394	-0.395	-0.458	-0.458	-0.397	-0.458	-0.458	-0.397	-0.398	-0.458	-0.458	-0.458	-0.405	-0.405	-0.458	-0.456	-0.458	-0.406	-0.406	-0.458	-0.402	-0.406	-0.408	-0.458	-0.458	-0.407	-0.458	-0.458	-0.407	-0.458	-0.408	-0.408	-0.408	-0.382	-0.458	-0.413	-0.502	-0.502	-0.413	-0.141	-0.502	-0.502	-0.502	-0.417	-0.457	-0.335	-0.418	-0.502	-0.502	-0.502	-0.502	-0.465	-0.503	-0.502	-0.502	-0.502	-0.131	-0.425	-0.502	-0.502	-0.428	-0.502	-0.402	-0.492	-0.402	-0.493	-0.402	-0.489	-0.125	-0.402	-0.524	-0.402	-0.306	-0.403	-0.408	-0.498	-0.122	-0.404	-0.519	-0.129	-0.310	-0.403	-0.519	-0.292	-0.102	-0.396	-0.396	-0.397	-0.495	-0.495	-0.104	-0.494	-0.397	-0.398	-0.493	-0.398	-0.398	-0.106	-0.398	-0.492	-0.398	-0.291	-0.378	-0.399	-0.399	-0.303	-0.498	
rs77552188     -0.436	-0.275	-0.393	-0.008	-0.015	-0.015	-0.017	-0.014	-0.015	-0.015	-0.105	-0.016	-0.017	-0.264	-0.021	-0.022	-0.264	-0.023	-0.308	-0.027	-0.028	-0.028	-0.066	-0.066	-0.066	-0.071	+0.030	-0.032	-0.038	-0.039	-0.039	-0.044	-0.046	-0.046	-0.046	-0.047	-0.047	-0.048	-0.052	-0.052	-0.093	-0.054	-0.061	-0.064	-0.060	-0.062	-0.063	-0.064	-0.071	-0.071	-0.069	-0.073	-0.074	-0.074	-0.075	-0.075	-0.075	-0.318	-0.255	-0.076	-0.312	-0.200	-0.274	-0.080	-0.200	-0.267	-0.264	-0.314	-0.083	-0.200	-0.081	-0.263	-0.265	-0.314	-0.081	-0.208	-0.318	-0.208	-0.208	-0.209	-0.210	-0.319	-0.319	-0.212	-0.319	-0.319	-0.213	-0.213	-0.319	-0.319	-0.320	-0.222	-0.222	-0.321	-0.310	-0.320	-0.222	-0.223	-0.320	-0.218	-0.223	-0.225	-0.320	-0.320	-0.224	-0.321	-0.321	-0.225	-0.321	-0.225	-0.225	-0.226	-0.195	-0.322	-0.232	-0.367	-0.367	-0.231	-0.076	-0.368	-0.368	-0.369	-0.237	-0.327	-0.240	-0.237	-0.369	-0.369	-0.369	-0.369	-0.295	-0.374	-0.370	-0.370	-0.370	-0.072	-0.246	-0.370	-0.370	-0.249	-0.371	-0.304	-0.328	-0.303	-0.329	-0.303	-0.324	-0.070	-0.303	-0.372	-0.304	-0.219	-0.304	-0.307	-0.336	-0.069	-0.305	-0.365	-0.077	-0.221	-0.304	-0.365	-0.210	-0.059	-0.300	-0.300	-0.300	-0.332	-0.331	-0.060	-0.330	-0.301	-0.301	-0.329	-0.301	-0.301	-0.061	-0.301	-0.328	-0.301	-0.209	-0.285	-0.301	-0.301	-0.217	-0.336	
rs12502203     -0.437	-0.276	-0.394	-0.009	-0.015	-0.016	-0.017	-0.015	-0.015	-0.016	-0.105	-0.017	-0.017	-0.264	-0.021	-0.022	-0.265	-0.024	-0.309	-0.027	-0.028	-0.028	-0.067	-0.067	-0.067	-0.072	-0.032	+0.029	-0.038	-0.039	-0.039	-0.045	-0.046	-0.047	-0.047	-0.047	-0.047	-0.049	-0.052	-0.053	-0.093	-0.054	-0.062	-0.065	-0.061	-0.063	-0.063	-0.064	-0.071	-0.072	-0.069	-0.073	-0.074	-0.074	-0.075	-0.075	-0.075	-0.319	-0.256	-0.077	-0.313	-0.201	-0.275	-0.080	-0.201	-0.267	-0.264	-0.315	-0.083	-0.201	-0.081	-0.264	-0.266	-0.315	-0.081	-0.209	-0.319	-0.209	-0.209	-0.209	-0.210	-0.319	-0.319	-0.213	-0.319	-0.319	-0.213	-0.214	-0.320	-0.320	-0.321	-0.222	-0.222	-0.322	-0.310	-0.321	-0.223	-0.223	-0.321	-0.219	-0.224	-0.226	-0.321	-0.321	-0.225	-0.321	-0.321	-0.225	-0.321	-0.226	-0.226	-0.226	-0.196	-0.323	-0.233	-0.367	-0.367	-0.232	-0.076	-0.369	-0.369	-0.369	-0.237	-0.327	-0.240	-0.238	-0.370	-0.370	-0.370	-0.370	-0.296	-0.374	-0.370	-0.370	-0.371	-0.072	-0.247	-0.371	-0.371	-0.250	-0.371	-0.304	-0.329	-0.304	-0.329	-0.304	-0.324	-0.070	-0.304	-0.373	-0.304	-0.220	-0.305	-0.308	-0.336	-0.069	-0.306	-0.366	-0.078	-0.222	-0.304	-0.366	-0.211	-0.059	-0.300	-0.300	-0.301	-0.333	-0.332	-0.060	-0.331	-0.301	-0.301	-0.330	-0.301	-0.302	-0.061	-0.302	-0.329	-0.302	-0.210	-0.285	-0.302	-0.302	-0.217	-0.337	
rs59237653     -0.446	-0.284	-0.405	-0.015	-0.021	-0.022	-0.023	-0.021	-0.021	-0.021	-0.118	-0.023	-0.023	-0.276	-0.027	-0.028	-0.277	-0.029	-0.320	-0.032	-0.034	-0.034	-0.081	-0.081	-0.081	-0.085	-0.038	-0.038	+0.019	-0.044	-0.044	-0.050	-0.052	-0.052	-0.052	-0.052	-0.053	-0.054	-0.058	-0.058	-0.100	-0.060	-0.068	-0.071	-0.067	-0.069	-0.069	-0.070	-0.077	-0.077	-0.074	-0.079	-0.080	-0.080	-0.081	-0.081	-0.081	-0.328	-0.266	-0.082	-0.322	-0.212	-0.286	-0.086	-0.212	-0.278	-0.275	-0.324	-0.089	-0.212	-0.086	-0.275	-0.276	-0.324	-0.086	-0.220	-0.328	-0.220	-0.220	-0.220	-0.221	-0.329	-0.329	-0.224	-0.329	-0.329	-0.225	-0.225	-0.329	-0.329	-0.330	-0.233	-0.233	-0.331	-0.320	-0.330	-0.234	-0.234	-0.330	-0.230	-0.235	-0.237	-0.330	-0.330	-0.236	-0.331	-0.330	-0.236	-0.331	-0.237	-0.237	-0.237	-0.207	-0.332	-0.243	-0.377	-0.377	-0.243	-0.081	-0.378	-0.378	-0.378	-0.248	-0.336	-0.248	-0.249	-0.379	-0.379	-0.379	-0.379	-0.306	-0.383	-0.380	-0.380	-0.380	-0.076	-0.258	-0.380	-0.380	-0.260	-0.380	-0.312	-0.339	-0.311	-0.340	-0.311	-0.335	-0.074	-0.311	-0.383	-0.312	-0.226	-0.312	-0.315	-0.347	-0.073	-0.313	-0.376	-0.082	-0.229	-0.312	-0.376	-0.217	-0.062	-0.308	-0.308	-0.308	-0.343	-0.342	-0.063	-0.341	-0.309	-0.309	-0.340	-0.309	-0.309	-0.064	-0.309	-0.339	-0.309	-0.216	-0.293	-0.309	-0.309	-0.224	-0.347	
