## Summary of overall evidence for association with region:
## log10(BF for region) = -0.603376
## p-value for region = NA

## BFs for choosing among multi-SNP models:
## log10(average 1-SNP BF) = -0.520376
## log10(average 2-SNP BF) = -0.840842

## Example posterior probabilities for multi-SNP models, based on default prior: [p(l) propto 0.5^l for l=1,2,...,L]
## posterior probability of 1-SNP = 0.807064
## posterior probability of 2-SNP = 0.192936

## log10(BF) for single SNP and pair of SNPs:
rs7203657      -0.573	-0.732	-0.709	-0.700	-0.706	-0.753	-0.722	-0.691	-0.777	-0.821	-0.826	-0.841	-0.824	-0.861	-0.855	-0.861	-0.870	-0.863	-0.862	-0.888	-0.880	-0.887	-1.054	-1.025	-1.043	-0.946	-1.027	-1.040	-1.030	-1.019	-1.016	-1.031	-1.017	-1.022	-1.019	-0.952	-1.064	-1.065	-1.016	-1.028	-1.015	-0.932	-0.931	-0.933	-0.939	-0.939	-0.944	-0.940	-0.937	-0.941	-0.942	-0.942	-0.943	-0.913	-0.913	-0.913	-0.916	-0.888	-0.913	-0.913	-0.909	-0.912	-1.076	-0.913	-1.072	-0.987	-1.060	-1.023	-0.953	-1.027	-1.046	-0.943	-1.070	-0.944	-1.043	-1.069	-1.068	-1.045	-1.036	-1.068	-1.045	-0.924	-1.062	-1.045	-0.947	-0.960	-1.040	-0.946	-0.964	-0.972	-0.895	-0.912	-0.921	-0.875	-0.875	-0.876	-0.877	-0.879	-0.880	-0.885	-0.882	-0.883	-0.883	-0.892	-0.889	-0.900	-0.907	-0.976	-0.982	-0.911	-1.066	-0.881	-0.878	-0.880	-0.875	-1.064	-0.868	-0.856	-1.036	-1.070	-1.072	-1.072	-1.071	-1.071	-1.071	-1.034	-0.859	-1.039	-1.071	-0.863	-0.865	-1.066	-0.878	-0.960	-0.960	-0.946	-0.978	-0.968	-0.961	-0.862	-1.045	-1.041	-1.040	-1.042	-1.042	-1.042	-0.908	-0.907	-0.812	-0.880	-0.780	-0.791	-0.803	-0.808	-0.893	-0.959	-0.862	-0.849	-0.832	-0.928	-0.928	-0.927	-0.926	-0.795	-0.924	
rs13334870     -0.732	-0.565	-0.731	-0.736	-0.746	-0.776	-0.754	-0.741	-0.789	-0.815	-0.820	-0.835	-0.818	-0.855	-0.849	-0.855	-0.864	-0.857	-0.856	-0.881	-0.874	-0.880	-1.047	-1.018	-1.036	-0.938	-1.020	-1.033	-1.023	-1.012	-1.008	-1.023	-1.009	-1.014	-1.012	-0.945	-1.056	-1.057	-1.009	-1.021	-1.007	-0.925	-0.924	-0.926	-0.931	-0.932	-0.937	-0.933	-0.930	-0.934	-0.934	-0.934	-0.935	-0.905	-0.905	-0.905	-0.908	-0.880	-0.905	-0.905	-0.901	-0.905	-1.069	-0.905	-1.065	-0.980	-1.053	-1.015	-0.945	-1.019	-1.038	-0.936	-1.063	-0.937	-1.035	-1.062	-1.061	-1.038	-1.028	-1.061	-1.038	-0.917	-1.055	-1.037	-0.940	-0.953	-1.033	-0.939	-0.957	-0.964	-0.888	-0.905	-0.913	-0.868	-0.868	-0.869	-0.870	-0.872	-0.873	-0.878	-0.875	-0.876	-0.876	-0.885	-0.882	-0.892	-0.900	-0.969	-0.976	-0.904	-1.059	-0.874	-0.871	-0.873	-0.868	-1.057	-0.861	-0.848	-1.030	-1.063	-1.065	-1.064	-1.064	-1.064	-1.064	-1.028	-0.851	-1.032	-1.064	-0.856	-0.858	-1.059	-0.870	-0.952	-0.952	-0.938	-0.971	-0.961	-0.953	-0.854	-1.038	-1.034	-1.033	-1.035	-1.034	-1.035	-0.901	-0.899	-0.806	-0.873	-0.773	-0.783	-0.796	-0.801	-0.887	-0.951	-0.854	-0.842	-0.825	-0.921	-0.921	-0.920	-0.918	-0.787	-0.916	
rs1133610      -0.709	-0.731	-0.575	-0.699	-0.701	-0.748	-0.718	-0.676	-0.776	-0.822	-0.827	-0.842	-0.825	-0.863	-0.856	-0.862	-0.872	-0.865	-0.864	-0.889	-0.882	-0.888	-1.056	-1.027	-1.044	-0.948	-1.029	-1.041	-1.031	-1.020	-1.018	-1.033	-1.019	-1.024	-1.021	-0.954	-1.066	-1.066	-1.017	-1.030	-1.017	-0.934	-0.933	-0.935	-0.941	-0.941	-0.946	-0.942	-0.939	-0.943	-0.944	-0.944	-0.945	-0.915	-0.915	-0.915	-0.918	-0.890	-0.915	-0.915	-0.911	-0.915	-1.078	-0.915	-1.074	-0.989	-1.062	-1.025	-0.955	-1.029	-1.048	-0.945	-1.072	-0.946	-1.045	-1.071	-1.070	-1.047	-1.038	-1.070	-1.047	-0.926	-1.064	-1.047	-0.949	-0.962	-1.042	-0.948	-0.966	-0.974	-0.897	-0.914	-0.922	-0.877	-0.877	-0.878	-0.879	-0.881	-0.882	-0.887	-0.884	-0.885	-0.885	-0.894	-0.891	-0.901	-0.909	-0.977	-0.984	-0.913	-1.068	-0.883	-0.880	-0.882	-0.877	-1.066	-0.870	-0.858	-1.038	-1.072	-1.074	-1.073	-1.073	-1.073	-1.073	-1.036	-0.861	-1.041	-1.073	-0.865	-0.867	-1.068	-0.880	-0.961	-0.961	-0.948	-0.980	-0.970	-0.963	-0.864	-1.047	-1.043	-1.042	-1.044	-1.044	-1.044	-0.910	-0.908	-0.814	-0.882	-0.782	-0.793	-0.805	-0.810	-0.895	-0.961	-0.865	-0.851	-0.834	-0.930	-0.930	-0.929	-0.928	-0.797	-0.925	
rs1133611      -0.700	-0.736	-0.699	-0.567	-0.717	-0.759	-0.729	-0.716	-0.776	-0.816	-0.821	-0.836	-0.819	-0.856	-0.850	-0.856	-0.866	-0.858	-0.858	-0.883	-0.875	-0.882	-1.049	-1.020	-1.037	-0.940	-1.022	-1.034	-1.024	-1.014	-1.010	-1.025	-1.011	-1.016	-1.013	-0.947	-1.058	-1.059	-1.010	-1.023	-1.009	-0.927	-0.925	-0.928	-0.933	-0.933	-0.939	-0.934	-0.931	-0.935	-0.936	-0.936	-0.937	-0.907	-0.907	-0.907	-0.910	-0.882	-0.907	-0.907	-0.903	-0.907	-1.070	-0.907	-1.067	-0.981	-1.054	-1.017	-0.947	-1.021	-1.040	-0.938	-1.065	-0.938	-1.037	-1.064	-1.062	-1.039	-1.030	-1.062	-1.040	-0.919	-1.057	-1.039	-0.941	-0.954	-1.035	-0.940	-0.959	-0.966	-0.890	-0.906	-0.915	-0.870	-0.870	-0.870	-0.872	-0.874	-0.874	-0.880	-0.877	-0.878	-0.878	-0.886	-0.883	-0.894	-0.902	-0.970	-0.977	-0.905	-1.060	-0.876	-0.873	-0.874	-0.870	-1.058	-0.863	-0.850	-1.031	-1.065	-1.066	-1.066	-1.066	-1.065	-1.065	-1.029	-0.853	-1.034	-1.065	-0.858	-0.860	-1.061	-0.872	-0.954	-0.954	-0.940	-0.972	-0.963	-0.955	-0.856	-1.039	-1.035	-1.035	-1.037	-1.036	-1.037	-0.902	-0.901	-0.807	-0.874	-0.774	-0.785	-0.798	-0.803	-0.888	-0.953	-0.856	-0.844	-0.826	-0.923	-0.922	-0.922	-0.920	-0.789	-0.918	
rs4584817      -0.706	-0.746	-0.701	-0.717	-0.559	-0.750	-0.701	-0.714	-0.754	-0.810	-0.815	-0.830	-0.813	-0.850	-0.844	-0.850	-0.859	-0.852	-0.851	-0.876	-0.868	-0.875	-1.042	-1.013	-1.030	-0.932	-1.015	-1.027	-1.017	-1.007	-1.002	-1.018	-1.004	-1.008	-1.006	-0.939	-1.051	-1.052	-1.003	-1.016	-1.002	-0.919	-0.918	-0.920	-0.925	-0.926	-0.931	-0.927	-0.924	-0.928	-0.928	-0.929	-0.930	-0.900	-0.900	-0.900	-0.902	-0.874	-0.900	-0.900	-0.896	-0.899	-1.063	-0.899	-1.059	-0.974	-1.047	-1.009	-0.940	-1.014	-1.033	-0.930	-1.057	-0.931	-1.030	-1.057	-1.055	-1.032	-1.023	-1.055	-1.032	-0.912	-1.049	-1.032	-0.934	-0.947	-1.027	-0.933	-0.952	-0.958	-0.882	-0.899	-0.908	-0.863	-0.862	-0.863	-0.865	-0.867	-0.867	-0.872	-0.869	-0.870	-0.871	-0.879	-0.876	-0.887	-0.895	-0.963	-0.970	-0.898	-1.053	-0.868	-0.865	-0.867	-0.862	-1.051	-0.855	-0.843	-1.024	-1.057	-1.059	-1.059	-1.058	-1.058	-1.058	-1.022	-0.846	-1.026	-1.058	-0.850	-0.852	-1.053	-0.865	-0.946	-0.946	-0.933	-0.965	-0.955	-0.948	-0.849	-1.032	-1.028	-1.027	-1.029	-1.029	-1.029	-0.895	-0.894	-0.800	-0.867	-0.767	-0.778	-0.790	-0.795	-0.881	-0.945	-0.848	-0.836	-0.819	-0.915	-0.915	-0.914	-0.912	-0.781	-0.910	
rs8060558      -0.753	-0.776	-0.748	-0.759	-0.750	-0.544	-0.755	-0.732	-0.759	-0.796	-0.800	-0.816	-0.799	-0.836	-0.829	-0.835	-0.845	-0.837	-0.837	-0.862	-0.854	-0.861	-1.028	-0.999	-1.016	-0.917	-1.001	-1.014	-1.004	-0.993	-0.988	-1.003	-0.989	-0.994	-0.992	-0.924	-1.037	-1.038	-0.990	-1.002	-0.987	-0.904	-0.903	-0.905	-0.911	-0.911	-0.917	-0.912	-0.909	-0.913	-0.914	-0.914	-0.915	-0.885	-0.885	-0.885	-0.888	-0.859	-0.885	-0.885	-0.881	-0.884	-1.049	-0.884	-1.045	-0.960	-1.033	-0.994	-0.925	-0.999	-1.018	-0.916	-1.043	-0.917	-1.016	-1.043	-1.041	-1.018	-1.009	-1.041	-1.018	-0.897	-1.035	-1.018	-0.920	-0.933	-1.013	-0.919	-0.937	-0.943	-0.868	-0.885	-0.893	-0.848	-0.848	-0.848	-0.850	-0.852	-0.852	-0.858	-0.855	-0.856	-0.856	-0.864	-0.861	-0.872	-0.880	-0.949	-0.956	-0.884	-1.039	-0.854	-0.851	-0.853	-0.848	-1.037	-0.841	-0.828	-1.010	-1.044	-1.045	-1.045	-1.044	-1.044	-1.044	-1.008	-0.830	-1.013	-1.044	-0.835	-0.837	-1.040	-0.851	-0.931	-0.931	-0.918	-0.950	-0.940	-0.933	-0.834	-1.018	-1.014	-1.013	-1.015	-1.015	-1.015	-0.881	-0.880	-0.786	-0.853	-0.752	-0.763	-0.776	-0.781	-0.867	-0.932	-0.835	-0.822	-0.805	-0.901	-0.901	-0.900	-0.898	-0.767	-0.896	
rs10459806     -0.722	-0.754	-0.718	-0.729	-0.701	-0.755	-0.563	-0.715	-0.761	-0.814	-0.818	-0.834	-0.817	-0.854	-0.847	-0.853	-0.863	-0.855	-0.855	-0.880	-0.872	-0.879	-1.045	-1.017	-1.034	-0.936	-1.018	-1.031	-1.021	-1.010	-1.006	-1.022	-1.008	-1.012	-1.010	-0.943	-1.055	-1.056	-1.007	-1.020	-1.005	-0.923	-0.922	-0.924	-0.929	-0.930	-0.935	-0.931	-0.928	-0.932	-0.932	-0.933	-0.934	-0.904	-0.904	-0.904	-0.906	-0.878	-0.904	-0.904	-0.900	-0.903	-1.067	-0.903	-1.063	-0.978	-1.051	-1.013	-0.944	-1.018	-1.037	-0.934	-1.061	-0.935	-1.034	-1.060	-1.059	-1.036	-1.027	-1.059	-1.036	-0.916	-1.053	-1.036	-0.938	-0.951	-1.031	-0.937	-0.956	-0.962	-0.886	-0.903	-0.912	-0.867	-0.866	-0.867	-0.869	-0.871	-0.871	-0.876	-0.873	-0.874	-0.875	-0.883	-0.880	-0.891	-0.899	-0.967	-0.973	-0.902	-1.057	-0.872	-0.869	-0.871	-0.866	-1.055	-0.859	-0.847	-1.028	-1.061	-1.063	-1.062	-1.062	-1.062	-1.062	-1.026	-0.850	-1.030	-1.062	-0.854	-0.856	-1.057	-0.869	-0.950	-0.950	-0.937	-0.969	-0.959	-0.952	-0.853	-1.036	-1.032	-1.031	-1.033	-1.033	-1.033	-0.899	-0.898	-0.804	-0.871	-0.771	-0.781	-0.794	-0.799	-0.885	-0.949	-0.852	-0.840	-0.823	-0.919	-0.919	-0.918	-0.916	-0.785	-0.914	
rs3885882      -0.691	-0.741	-0.676	-0.716	-0.714	-0.732	-0.715	-0.523	-0.613	-0.779	-0.784	-0.799	-0.782	-0.818	-0.812	-0.818	-0.827	-0.820	-0.819	-0.844	-0.836	-0.842	-1.008	-0.980	-0.997	-0.898	-0.982	-0.994	-0.984	-0.974	-0.968	-0.983	-0.970	-0.974	-0.972	-0.905	-1.017	-1.018	-0.971	-0.983	-0.968	-0.885	-0.884	-0.886	-0.891	-0.892	-0.897	-0.893	-0.890	-0.894	-0.894	-0.895	-0.896	-0.866	-0.866	-0.866	-0.868	-0.840	-0.866	-0.866	-0.861	-0.865	-1.029	-0.865	-1.026	-0.940	-1.013	-0.975	-0.905	-0.979	-0.998	-0.896	-1.024	-0.897	-0.996	-1.023	-1.022	-0.998	-0.989	-1.021	-0.999	-0.879	-1.016	-0.998	-0.901	-0.914	-0.993	-0.900	-0.918	-0.924	-0.849	-0.866	-0.874	-0.829	-0.829	-0.830	-0.831	-0.833	-0.834	-0.839	-0.836	-0.837	-0.837	-0.846	-0.843	-0.853	-0.861	-0.930	-0.936	-0.865	-1.019	-0.835	-0.832	-0.834	-0.829	-1.017	-0.822	-0.809	-0.991	-1.024	-1.025	-1.025	-1.025	-1.024	-1.024	-0.988	-0.810	-0.993	-1.024	-0.815	-0.817	-1.020	-0.831	-0.912	-0.912	-0.898	-0.931	-0.921	-0.913	-0.815	-0.999	-0.995	-0.994	-0.996	-0.995	-0.996	-0.861	-0.860	-0.766	-0.834	-0.732	-0.743	-0.756	-0.761	-0.849	-0.911	-0.813	-0.800	-0.785	-0.881	-0.880	-0.879	-0.878	-0.745	-0.876	
rs9930570      -0.777	-0.789	-0.776	-0.776	-0.754	-0.759	-0.761	-0.613	-0.562	-0.812	-0.817	-0.832	-0.815	-0.852	-0.846	-0.852	-0.861	-0.854	-0.853	-0.878	-0.871	-0.877	-1.045	-1.016	-1.033	-0.936	-1.017	-1.030	-1.020	-1.009	-1.006	-1.022	-1.007	-1.013	-1.009	-0.943	-1.054	-1.055	-1.006	-1.019	-1.005	-0.923	-0.922	-0.924	-0.929	-0.930	-0.935	-0.931	-0.928	-0.932	-0.932	-0.932	-0.933	-0.904	-0.904	-0.904	-0.906	-0.878	-0.904	-0.904	-0.899	-0.903	-1.066	-0.903	-1.062	-0.977	-1.050	-1.013	-0.943	-1.017	-1.036	-0.934	-1.061	-0.934	-1.033	-1.060	-1.058	-1.035	-1.026	-1.058	-1.035	-0.915	-1.052	-1.035	-0.937	-0.950	-1.030	-0.936	-0.955	-0.962	-0.885	-0.902	-0.911	-0.866	-0.866	-0.866	-0.868	-0.870	-0.870	-0.875	-0.872	-0.873	-0.874	-0.882	-0.879	-0.890	-0.898	-0.966	-0.973	-0.901	-1.056	-0.871	-0.868	-0.870	-0.866	-1.054	-0.858	-0.846	-1.027	-1.061	-1.062	-1.062	-1.062	-1.061	-1.061	-1.025	-0.848	-1.029	-1.061	-0.853	-0.855	-1.057	-0.868	-0.949	-0.949	-0.936	-0.968	-0.958	-0.951	-0.852	-1.035	-1.031	-1.030	-1.033	-1.032	-1.033	-0.898	-0.897	-0.803	-0.870	-0.770	-0.780	-0.793	-0.798	-0.884	-0.949	-0.853	-0.839	-0.822	-0.918	-0.918	-0.917	-0.915	-0.784	-0.913	
rs11644542     -0.821	-0.815	-0.822	-0.816	-0.810	-0.796	-0.814	-0.779	-0.812	-0.382	-0.507	-0.505	-0.516	-0.535	-0.541	-0.535	-0.529	-0.536	-0.529	-0.523	-0.547	-0.549	-0.876	-0.851	-0.874	-0.753	-0.864	-0.872	-0.866	-0.848	-0.826	-0.835	-0.829	-0.823	-0.831	-0.761	-0.873	-0.880	-0.846	-0.855	-0.828	-0.740	-0.739	-0.741	-0.748	-0.748	-0.754	-0.749	-0.746	-0.751	-0.751	-0.752	-0.753	-0.718	-0.718	-0.718	-0.721	-0.689	-0.718	-0.718	-0.713	-0.717	-0.896	-0.717	-0.895	-0.808	-0.880	-0.832	-0.769	-0.842	-0.861	-0.754	-0.889	-0.756	-0.852	-0.888	-0.889	-0.878	-0.852	-0.892	-0.864	-0.725	-0.889	-0.863	-0.751	-0.767	-0.856	-0.750	-0.772	-0.776	-0.700	-0.719	-0.729	-0.679	-0.679	-0.680	-0.681	-0.684	-0.684	-0.690	-0.686	-0.688	-0.688	-0.697	-0.694	-0.705	-0.714	-0.823	-0.829	-0.718	-0.888	-0.686	-0.682	-0.684	-0.679	-0.888	-0.672	-0.655	-0.873	-0.890	-0.890	-0.890	-0.891	-0.891	-0.891	-0.870	-0.654	-0.874	-0.890	-0.659	-0.661	-0.879	-0.690	-0.759	-0.759	-0.743	-0.781	-0.769	-0.761	-0.675	-0.866	-0.862	-0.861	-0.863	-0.863	-0.863	-0.730	-0.729	-0.643	-0.706	-0.602	-0.613	-0.626	-0.631	-0.726	-0.792	-0.699	-0.666	-0.652	-0.749	-0.748	-0.747	-0.745	-0.608	-0.743	
rs11641789     -0.826	-0.820	-0.827	-0.821	-0.815	-0.800	-0.818	-0.784	-0.817	-0.507	-0.387	-0.521	-0.524	-0.531	-0.538	-0.531	-0.526	-0.533	-0.542	-0.524	-0.548	-0.551	-0.881	-0.855	-0.879	-0.759	-0.868	-0.877	-0.871	-0.853	-0.832	-0.840	-0.834	-0.829	-0.837	-0.767	-0.879	-0.886	-0.851	-0.860	-0.833	-0.745	-0.744	-0.747	-0.753	-0.754	-0.760	-0.755	-0.752	-0.756	-0.756	-0.757	-0.758	-0.724	-0.724	-0.724	-0.726	-0.694	-0.724	-0.724	-0.719	-0.723	-0.902	-0.723	-0.900	-0.813	-0.885	-0.837	-0.774	-0.848	-0.867	-0.759	-0.894	-0.761	-0.857	-0.893	-0.894	-0.883	-0.857	-0.897	-0.869	-0.730	-0.894	-0.868	-0.756	-0.772	-0.861	-0.755	-0.777	-0.782	-0.706	-0.724	-0.734	-0.685	-0.684	-0.685	-0.687	-0.689	-0.689	-0.695	-0.692	-0.693	-0.693	-0.702	-0.699	-0.711	-0.719	-0.828	-0.833	-0.723	-0.893	-0.691	-0.687	-0.689	-0.684	-0.893	-0.677	-0.661	-0.877	-0.896	-0.895	-0.895	-0.896	-0.896	-0.896	-0.875	-0.660	-0.879	-0.895	-0.664	-0.667	-0.884	-0.696	-0.765	-0.765	-0.749	-0.787	-0.775	-0.767	-0.681	-0.871	-0.867	-0.866	-0.868	-0.868	-0.868	-0.735	-0.735	-0.648	-0.711	-0.607	-0.618	-0.631	-0.636	-0.731	-0.797	-0.704	-0.671	-0.657	-0.754	-0.753	-0.752	-0.750	-0.613	-0.748	
rs74022450     -0.841	-0.835	-0.842	-0.836	-0.830	-0.816	-0.834	-0.799	-0.832	-0.505	-0.521	-0.404	-0.514	-0.558	-0.560	-0.558	-0.558	-0.560	-0.554	-0.560	-0.577	-0.581	-0.896	-0.871	-0.893	-0.775	-0.882	-0.891	-0.885	-0.868	-0.848	-0.857	-0.850	-0.846	-0.853	-0.783	-0.895	-0.901	-0.866	-0.875	-0.849	-0.762	-0.761	-0.764	-0.770	-0.770	-0.777	-0.772	-0.769	-0.773	-0.773	-0.774	-0.775	-0.741	-0.741	-0.741	-0.744	-0.712	-0.741	-0.741	-0.736	-0.740	-0.917	-0.740	-0.915	-0.829	-0.901	-0.854	-0.791	-0.864	-0.883	-0.776	-0.910	-0.778	-0.873	-0.909	-0.910	-0.897	-0.873	-0.913	-0.885	-0.748	-0.909	-0.884	-0.774	-0.789	-0.878	-0.772	-0.794	-0.799	-0.723	-0.741	-0.751	-0.702	-0.702	-0.702	-0.704	-0.706	-0.706	-0.712	-0.709	-0.710	-0.710	-0.719	-0.716	-0.728	-0.736	-0.841	-0.847	-0.740	-0.909	-0.708	-0.705	-0.707	-0.702	-0.908	-0.694	-0.678	-0.891	-0.911	-0.911	-0.911	-0.912	-0.912	-0.911	-0.889	-0.678	-0.893	-0.911	-0.682	-0.685	-0.900	-0.712	-0.782	-0.782	-0.767	-0.804	-0.792	-0.784	-0.696	-0.887	-0.883	-0.882	-0.884	-0.883	-0.884	-0.751	-0.750	-0.663	-0.727	-0.623	-0.634	-0.647	-0.652	-0.746	-0.811	-0.718	-0.687	-0.673	-0.770	-0.769	-0.768	-0.767	-0.630	-0.764	
rs11647579     -0.824	-0.818	-0.825	-0.819	-0.813	-0.799	-0.817	-0.782	-0.815	-0.516	-0.524	-0.514	-0.385	-0.523	-0.530	-0.523	-0.517	-0.525	-0.517	-0.517	-0.543	-0.546	-0.879	-0.854	-0.877	-0.756	-0.867	-0.875	-0.869	-0.851	-0.830	-0.839	-0.832	-0.827	-0.835	-0.765	-0.876	-0.883	-0.850	-0.858	-0.831	-0.744	-0.742	-0.745	-0.751	-0.752	-0.758	-0.753	-0.750	-0.754	-0.755	-0.755	-0.756	-0.722	-0.722	-0.722	-0.725	-0.693	-0.722	-0.722	-0.717	-0.721	-0.900	-0.721	-0.898	-0.812	-0.883	-0.835	-0.773	-0.846	-0.865	-0.757	-0.892	-0.759	-0.855	-0.891	-0.892	-0.881	-0.855	-0.895	-0.867	-0.728	-0.892	-0.867	-0.754	-0.770	-0.859	-0.753	-0.775	-0.780	-0.704	-0.722	-0.732	-0.683	-0.682	-0.683	-0.685	-0.687	-0.687	-0.693	-0.690	-0.691	-0.691	-0.700	-0.697	-0.708	-0.717	-0.827	-0.832	-0.721	-0.891	-0.689	-0.685	-0.688	-0.682	-0.891	-0.675	-0.659	-0.876	-0.894	-0.893	-0.893	-0.894	-0.894	-0.894	-0.873	-0.657	-0.878	-0.893	-0.662	-0.665	-0.882	-0.693	-0.762	-0.762	-0.747	-0.784	-0.773	-0.764	-0.677	-0.869	-0.865	-0.864	-0.866	-0.866	-0.866	-0.733	-0.733	-0.646	-0.710	-0.605	-0.616	-0.629	-0.634	-0.730	-0.795	-0.701	-0.669	-0.655	-0.752	-0.752	-0.751	-0.749	-0.612	-0.746	
rs11076061     -0.861	-0.855	-0.863	-0.856	-0.850	-0.836	-0.854	-0.818	-0.852	-0.535	-0.531	-0.558	-0.523	-0.427	-0.539	-0.544	-0.553	-0.551	-0.562	-0.579	-0.594	-0.600	-0.916	-0.891	-0.912	-0.798	-0.900	-0.910	-0.903	-0.888	-0.871	-0.880	-0.873	-0.869	-0.875	-0.806	-0.917	-0.923	-0.886	-0.895	-0.871	-0.785	-0.784	-0.786	-0.793	-0.793	-0.799	-0.794	-0.791	-0.795	-0.796	-0.796	-0.797	-0.764	-0.764	-0.764	-0.767	-0.736	-0.764	-0.764	-0.759	-0.763	-0.937	-0.763	-0.935	-0.850	-0.922	-0.876	-0.813	-0.886	-0.904	-0.798	-0.930	-0.799	-0.895	-0.929	-0.930	-0.916	-0.894	-0.933	-0.906	-0.770	-0.929	-0.905	-0.796	-0.811	-0.899	-0.795	-0.816	-0.821	-0.745	-0.763	-0.772	-0.724	-0.724	-0.724	-0.726	-0.728	-0.728	-0.734	-0.731	-0.732	-0.732	-0.741	-0.738	-0.750	-0.758	-0.858	-0.864	-0.762	-0.929	-0.730	-0.727	-0.729	-0.724	-0.929	-0.716	-0.701	-0.910	-0.932	-0.932	-0.932	-0.932	-0.932	-0.932	-0.908	-0.701	-0.912	-0.931	-0.705	-0.708	-0.921	-0.733	-0.805	-0.805	-0.789	-0.826	-0.814	-0.806	-0.718	-0.908	-0.904	-0.903	-0.905	-0.904	-0.904	-0.771	-0.771	-0.683	-0.747	-0.643	-0.654	-0.667	-0.672	-0.765	-0.831	-0.738	-0.708	-0.694	-0.791	-0.790	-0.789	-0.787	-0.651	-0.785	
rs11076062     -0.855	-0.849	-0.856	-0.850	-0.844	-0.829	-0.847	-0.812	-0.846	-0.541	-0.538	-0.560	-0.530	-0.539	-0.420	-0.541	-0.546	-0.547	-0.559	-0.568	-0.586	-0.591	-0.910	-0.885	-0.906	-0.791	-0.895	-0.904	-0.897	-0.881	-0.864	-0.873	-0.866	-0.862	-0.869	-0.799	-0.910	-0.916	-0.880	-0.889	-0.864	-0.778	-0.777	-0.779	-0.786	-0.786	-0.792	-0.787	-0.784	-0.789	-0.789	-0.790	-0.790	-0.757	-0.757	-0.757	-0.760	-0.728	-0.757	-0.757	-0.752	-0.756	-0.931	-0.756	-0.929	-0.844	-0.915	-0.869	-0.806	-0.879	-0.898	-0.791	-0.924	-0.792	-0.888	-0.923	-0.924	-0.910	-0.887	-0.926	-0.899	-0.763	-0.923	-0.899	-0.788	-0.804	-0.892	-0.787	-0.809	-0.813	-0.737	-0.755	-0.765	-0.717	-0.716	-0.717	-0.719	-0.721	-0.721	-0.727	-0.723	-0.725	-0.725	-0.734	-0.731	-0.742	-0.751	-0.853	-0.859	-0.755	-0.923	-0.723	-0.719	-0.721	-0.716	-0.922	-0.709	-0.693	-0.904	-0.925	-0.925	-0.925	-0.926	-0.926	-0.925	-0.902	-0.693	-0.906	-0.925	-0.697	-0.700	-0.914	-0.726	-0.797	-0.797	-0.782	-0.818	-0.807	-0.799	-0.711	-0.901	-0.897	-0.896	-0.898	-0.898	-0.898	-0.765	-0.764	-0.677	-0.741	-0.637	-0.648	-0.661	-0.666	-0.759	-0.825	-0.731	-0.701	-0.687	-0.784	-0.784	-0.783	-0.781	-0.644	-0.778	
rs4619399      -0.861	-0.855	-0.862	-0.856	-0.850	-0.835	-0.853	-0.818	-0.852	-0.535	-0.531	-0.558	-0.523	-0.544	-0.541	-0.427	-0.550	-0.547	-0.559	-0.575	-0.591	-0.597	-0.916	-0.891	-0.911	-0.798	-0.900	-0.910	-0.903	-0.887	-0.870	-0.880	-0.872	-0.869	-0.875	-0.806	-0.917	-0.922	-0.885	-0.895	-0.871	-0.785	-0.784	-0.786	-0.792	-0.793	-0.799	-0.794	-0.791	-0.795	-0.795	-0.796	-0.797	-0.764	-0.764	-0.764	-0.766	-0.735	-0.764	-0.764	-0.759	-0.763	-0.937	-0.763	-0.935	-0.850	-0.921	-0.876	-0.812	-0.886	-0.904	-0.798	-0.930	-0.799	-0.895	-0.929	-0.930	-0.916	-0.893	-0.932	-0.906	-0.770	-0.929	-0.905	-0.795	-0.811	-0.899	-0.794	-0.816	-0.820	-0.745	-0.762	-0.772	-0.724	-0.723	-0.724	-0.726	-0.728	-0.728	-0.734	-0.731	-0.732	-0.732	-0.741	-0.738	-0.749	-0.758	-0.858	-0.864	-0.762	-0.929	-0.730	-0.727	-0.729	-0.724	-0.928	-0.716	-0.701	-0.910	-0.932	-0.931	-0.932	-0.932	-0.932	-0.932	-0.908	-0.700	-0.912	-0.931	-0.705	-0.707	-0.921	-0.733	-0.804	-0.804	-0.789	-0.825	-0.814	-0.806	-0.718	-0.908	-0.903	-0.902	-0.905	-0.904	-0.904	-0.771	-0.770	-0.683	-0.747	-0.643	-0.654	-0.667	-0.672	-0.765	-0.831	-0.737	-0.708	-0.694	-0.790	-0.790	-0.789	-0.787	-0.651	-0.785	
rs7197518      -0.870	-0.864	-0.872	-0.866	-0.859	-0.845	-0.863	-0.827	-0.861	-0.529	-0.526	-0.558	-0.517	-0.553	-0.546	-0.550	-0.437	-0.555	-0.558	-0.587	-0.599	-0.607	-0.925	-0.900	-0.920	-0.809	-0.908	-0.918	-0.911	-0.896	-0.881	-0.891	-0.883	-0.880	-0.886	-0.817	-0.927	-0.932	-0.894	-0.904	-0.881	-0.796	-0.794	-0.797	-0.803	-0.803	-0.809	-0.805	-0.802	-0.806	-0.806	-0.807	-0.808	-0.775	-0.775	-0.775	-0.777	-0.746	-0.775	-0.775	-0.770	-0.774	-0.946	-0.774	-0.944	-0.860	-0.931	-0.886	-0.822	-0.896	-0.914	-0.809	-0.940	-0.810	-0.906	-0.939	-0.940	-0.925	-0.904	-0.942	-0.916	-0.781	-0.938	-0.915	-0.806	-0.821	-0.909	-0.805	-0.827	-0.831	-0.755	-0.773	-0.783	-0.734	-0.734	-0.734	-0.736	-0.738	-0.739	-0.744	-0.741	-0.742	-0.743	-0.752	-0.748	-0.760	-0.768	-0.866	-0.872	-0.772	-0.939	-0.740	-0.737	-0.739	-0.734	-0.938	-0.727	-0.712	-0.918	-0.941	-0.941	-0.941	-0.942	-0.942	-0.941	-0.916	-0.711	-0.921	-0.941	-0.716	-0.718	-0.931	-0.743	-0.816	-0.816	-0.801	-0.837	-0.825	-0.817	-0.728	-0.918	-0.913	-0.912	-0.915	-0.914	-0.914	-0.781	-0.780	-0.692	-0.757	-0.653	-0.664	-0.677	-0.682	-0.774	-0.841	-0.747	-0.718	-0.703	-0.800	-0.800	-0.799	-0.797	-0.661	-0.795	
rs7196347      -0.863	-0.857	-0.865	-0.858	-0.852	-0.837	-0.855	-0.820	-0.854	-0.536	-0.533	-0.560	-0.525	-0.551	-0.547	-0.547	-0.555	-0.429	-0.562	-0.578	-0.593	-0.600	-0.918	-0.893	-0.913	-0.800	-0.902	-0.911	-0.904	-0.889	-0.872	-0.883	-0.874	-0.872	-0.877	-0.808	-0.919	-0.924	-0.887	-0.897	-0.873	-0.787	-0.786	-0.788	-0.794	-0.795	-0.801	-0.796	-0.793	-0.797	-0.798	-0.798	-0.799	-0.766	-0.766	-0.766	-0.769	-0.737	-0.766	-0.766	-0.761	-0.765	-0.939	-0.765	-0.937	-0.852	-0.924	-0.878	-0.815	-0.888	-0.906	-0.800	-0.932	-0.801	-0.898	-0.931	-0.932	-0.918	-0.896	-0.934	-0.908	-0.772	-0.931	-0.907	-0.798	-0.813	-0.901	-0.797	-0.818	-0.823	-0.747	-0.765	-0.775	-0.726	-0.726	-0.727	-0.728	-0.731	-0.731	-0.737	-0.733	-0.735	-0.735	-0.744	-0.741	-0.752	-0.760	-0.860	-0.866	-0.764	-0.931	-0.733	-0.729	-0.731	-0.726	-0.931	-0.719	-0.704	-0.912	-0.934	-0.934	-0.934	-0.934	-0.934	-0.934	-0.909	-0.703	-0.914	-0.933	-0.707	-0.710	-0.923	-0.735	-0.806	-0.806	-0.791	-0.828	-0.816	-0.808	-0.720	-0.910	-0.905	-0.905	-0.907	-0.906	-0.906	-0.773	-0.772	-0.685	-0.749	-0.645	-0.656	-0.669	-0.674	-0.767	-0.833	-0.739	-0.710	-0.696	-0.793	-0.792	-0.791	-0.789	-0.653	-0.787	
rs4784448      -0.862	-0.856	-0.864	-0.858	-0.851	-0.837	-0.855	-0.819	-0.853	-0.529	-0.542	-0.554	-0.517	-0.562	-0.559	-0.559	-0.558	-0.562	-0.428	-0.579	-0.593	-0.599	-0.917	-0.892	-0.913	-0.799	-0.901	-0.911	-0.904	-0.889	-0.872	-0.881	-0.874	-0.870	-0.876	-0.807	-0.918	-0.924	-0.887	-0.896	-0.872	-0.786	-0.785	-0.787	-0.794	-0.794	-0.800	-0.795	-0.792	-0.797	-0.797	-0.798	-0.798	-0.765	-0.765	-0.765	-0.768	-0.737	-0.765	-0.765	-0.760	-0.764	-0.938	-0.764	-0.936	-0.851	-0.922	-0.877	-0.814	-0.887	-0.905	-0.799	-0.931	-0.801	-0.896	-0.930	-0.931	-0.917	-0.895	-0.933	-0.907	-0.772	-0.930	-0.906	-0.797	-0.812	-0.900	-0.796	-0.818	-0.822	-0.746	-0.764	-0.773	-0.725	-0.725	-0.725	-0.727	-0.729	-0.729	-0.735	-0.732	-0.733	-0.733	-0.742	-0.739	-0.751	-0.759	-0.859	-0.865	-0.763	-0.930	-0.731	-0.728	-0.730	-0.725	-0.930	-0.717	-0.702	-0.911	-0.933	-0.933	-0.933	-0.933	-0.933	-0.933	-0.909	-0.702	-0.913	-0.932	-0.706	-0.709	-0.922	-0.734	-0.806	-0.806	-0.790	-0.827	-0.815	-0.807	-0.718	-0.909	-0.904	-0.904	-0.906	-0.905	-0.905	-0.772	-0.771	-0.684	-0.748	-0.645	-0.656	-0.669	-0.674	-0.766	-0.832	-0.739	-0.709	-0.695	-0.792	-0.791	-0.790	-0.788	-0.652	-0.786	
rs112049821    -0.888	-0.881	-0.889	-0.883	-0.876	-0.862	-0.880	-0.844	-0.878	-0.523	-0.524	-0.560	-0.517	-0.579	-0.568	-0.575	-0.587	-0.578	-0.579	-0.457	-0.582	-0.594	-0.942	-0.917	-0.934	-0.829	-0.921	-0.932	-0.924	-0.912	-0.900	-0.911	-0.902	-0.900	-0.905	-0.837	-0.946	-0.950	-0.910	-0.921	-0.901	-0.816	-0.815	-0.817	-0.823	-0.823	-0.829	-0.824	-0.822	-0.826	-0.826	-0.827	-0.828	-0.795	-0.795	-0.795	-0.798	-0.767	-0.795	-0.795	-0.791	-0.794	-0.963	-0.795	-0.961	-0.878	-0.949	-0.906	-0.841	-0.915	-0.933	-0.828	-0.958	-0.830	-0.926	-0.957	-0.957	-0.940	-0.923	-0.958	-0.934	-0.803	-0.954	-0.934	-0.827	-0.842	-0.927	-0.826	-0.847	-0.852	-0.776	-0.793	-0.803	-0.755	-0.755	-0.755	-0.757	-0.759	-0.759	-0.765	-0.762	-0.763	-0.763	-0.772	-0.769	-0.780	-0.789	-0.877	-0.883	-0.792	-0.956	-0.761	-0.758	-0.760	-0.755	-0.955	-0.747	-0.733	-0.933	-0.959	-0.959	-0.959	-0.960	-0.959	-0.959	-0.930	-0.734	-0.935	-0.959	-0.738	-0.741	-0.950	-0.765	-0.837	-0.837	-0.823	-0.858	-0.847	-0.839	-0.748	-0.936	-0.932	-0.931	-0.934	-0.933	-0.933	-0.798	-0.797	-0.708	-0.774	-0.672	-0.683	-0.695	-0.700	-0.789	-0.857	-0.764	-0.737	-0.721	-0.819	-0.819	-0.818	-0.816	-0.681	-0.813	
rs4636903      -0.880	-0.874	-0.882	-0.875	-0.868	-0.854	-0.872	-0.836	-0.871	-0.547	-0.548	-0.577	-0.543	-0.594	-0.586	-0.591	-0.599	-0.593	-0.593	-0.582	-0.448	-0.574	-0.934	-0.909	-0.927	-0.821	-0.914	-0.925	-0.917	-0.905	-0.892	-0.901	-0.894	-0.890	-0.896	-0.828	-0.938	-0.942	-0.903	-0.913	-0.892	-0.807	-0.806	-0.808	-0.814	-0.815	-0.820	-0.816	-0.813	-0.817	-0.817	-0.818	-0.819	-0.786	-0.786	-0.786	-0.789	-0.758	-0.786	-0.786	-0.782	-0.786	-0.955	-0.786	-0.953	-0.870	-0.940	-0.896	-0.832	-0.906	-0.924	-0.820	-0.949	-0.821	-0.916	-0.949	-0.949	-0.932	-0.914	-0.950	-0.926	-0.794	-0.946	-0.925	-0.819	-0.833	-0.919	-0.818	-0.839	-0.842	-0.765	-0.783	-0.793	-0.745	-0.744	-0.745	-0.747	-0.749	-0.749	-0.755	-0.752	-0.753	-0.753	-0.762	-0.759	-0.770	-0.779	-0.871	-0.877	-0.782	-0.948	-0.751	-0.747	-0.749	-0.744	-0.947	-0.737	-0.723	-0.926	-0.951	-0.951	-0.951	-0.951	-0.951	-0.951	-0.923	-0.722	-0.928	-0.950	-0.727	-0.729	-0.942	-0.756	-0.828	-0.828	-0.813	-0.849	-0.838	-0.830	-0.739	-0.928	-0.924	-0.923	-0.925	-0.925	-0.925	-0.790	-0.789	-0.701	-0.766	-0.664	-0.675	-0.687	-0.692	-0.782	-0.850	-0.756	-0.728	-0.713	-0.810	-0.810	-0.809	-0.807	-0.671	-0.805	
rs7205720      -0.887	-0.880	-0.888	-0.882	-0.875	-0.861	-0.879	-0.842	-0.877	-0.549	-0.551	-0.581	-0.546	-0.600	-0.591	-0.597	-0.607	-0.600	-0.599	-0.594	-0.574	-0.456	-0.940	-0.916	-0.932	-0.828	-0.919	-0.930	-0.922	-0.911	-0.899	-0.909	-0.901	-0.898	-0.904	-0.835	-0.945	-0.949	-0.909	-0.920	-0.899	-0.815	-0.814	-0.816	-0.822	-0.822	-0.828	-0.823	-0.820	-0.825	-0.825	-0.826	-0.826	-0.794	-0.794	-0.794	-0.797	-0.766	-0.794	-0.794	-0.789	-0.793	-0.961	-0.793	-0.959	-0.876	-0.947	-0.904	-0.839	-0.913	-0.931	-0.827	-0.956	-0.829	-0.924	-0.955	-0.956	-0.938	-0.922	-0.957	-0.933	-0.802	-0.953	-0.932	-0.826	-0.841	-0.926	-0.825	-0.846	-0.850	-0.773	-0.791	-0.801	-0.752	-0.752	-0.753	-0.754	-0.757	-0.757	-0.763	-0.759	-0.761	-0.761	-0.770	-0.766	-0.778	-0.786	-0.876	-0.882	-0.790	-0.955	-0.759	-0.755	-0.757	-0.752	-0.954	-0.745	-0.730	-0.931	-0.957	-0.958	-0.958	-0.958	-0.958	-0.958	-0.929	-0.731	-0.934	-0.957	-0.735	-0.738	-0.949	-0.763	-0.836	-0.836	-0.821	-0.857	-0.846	-0.838	-0.747	-0.935	-0.931	-0.930	-0.932	-0.932	-0.932	-0.797	-0.796	-0.708	-0.773	-0.671	-0.682	-0.694	-0.700	-0.788	-0.857	-0.763	-0.735	-0.720	-0.817	-0.817	-0.816	-0.814	-0.679	-0.812	
rs3922616      -1.054	-1.047	-1.056	-1.049	-1.042	-1.028	-1.045	-1.008	-1.045	-0.876	-0.881	-0.896	-0.879	-0.916	-0.910	-0.916	-0.925	-0.918	-0.917	-0.942	-0.934	-0.940	-0.637	-1.030	-0.846	-0.955	-0.810	-0.842	-0.813	-1.026	-1.015	-0.970	-1.017	-0.953	-1.020	-0.969	-1.020	-1.030	-1.025	-1.037	-1.019	-0.953	-0.952	-0.954	-0.961	-0.962	-0.969	-0.963	-0.961	-0.965	-0.965	-0.966	-0.967	-0.930	-0.930	-0.930	-0.934	-0.900	-0.930	-0.930	-0.925	-0.930	-0.972	-0.930	-0.970	-1.020	-1.038	-1.004	-0.954	-1.013	-1.016	-0.970	-1.020	-0.971	-0.994	-1.017	-1.025	-1.023	-1.063	-1.040	-1.062	-0.947	-1.035	-1.061	-0.974	-0.990	-1.056	-0.972	-0.995	-0.964	-0.903	-0.924	-0.936	-0.883	-0.883	-0.884	-0.886	-0.888	-0.888	-0.895	-0.891	-0.893	-0.893	-0.903	-0.899	-0.912	-0.921	-0.929	-0.938	-0.925	-1.078	-0.890	-0.886	-0.889	-0.883	-1.077	-0.875	-0.849	-1.015	-1.076	-1.075	-1.076	-1.076	-1.076	-1.076	-0.984	-0.848	-1.018	-1.075	-0.855	-0.856	-1.067	-0.862	-0.969	-0.969	-0.952	-0.993	-0.980	-0.971	-0.854	-1.069	-1.064	-1.063	-1.065	-1.064	-1.067	-0.969	-0.967	-0.874	-0.940	-0.843	-0.853	-0.865	-0.870	-0.954	-1.023	-0.928	-0.901	-0.892	-0.984	-0.983	-0.982	-0.981	-0.844	-0.978	
rs4622507      -1.025	-1.018	-1.027	-1.020	-1.013	-0.999	-1.017	-0.980	-1.016	-0.851	-0.855	-0.871	-0.854	-0.891	-0.885	-0.891	-0.900	-0.893	-0.892	-0.917	-0.909	-0.916	-1.030	-0.607	-1.016	-0.841	-1.000	-1.013	-1.003	-0.765	-0.780	-0.914	-0.787	-0.895	-0.798	-0.846	-1.002	-1.010	-0.803	-0.826	-0.831	-0.837	-0.835	-0.839	-0.849	-0.850	-0.861	-0.853	-0.852	-0.855	-0.855	-0.857	-0.858	-0.807	-0.807	-0.807	-0.812	-0.765	-0.807	-0.807	-0.799	-0.806	-1.047	-0.806	-1.043	-0.924	-0.987	-0.870	-0.914	-0.940	-0.963	-0.874	-1.044	-0.877	-1.001	-1.044	-1.045	-1.039	-1.043	-1.058	-0.986	-0.864	-1.053	-0.986	-0.897	-0.917	-0.978	-0.896	-0.924	-0.948	-0.845	-0.866	-0.875	-0.816	-0.816	-0.817	-0.819	-0.822	-0.822	-0.829	-0.825	-0.827	-0.827	-0.838	-0.834	-0.847	-0.858	-0.956	-0.964	-0.862	-1.054	-0.824	-0.820	-0.823	-0.817	-1.054	-0.808	-0.776	-1.026	-1.067	-1.067	-1.067	-1.067	-1.067	-1.067	-1.033	-0.827	-1.029	-1.066	-0.833	-0.835	-1.061	-0.856	-0.932	-0.932	-0.915	-0.956	-0.944	-0.934	-0.848	-1.054	-1.049	-1.048	-1.050	-1.050	-1.054	-0.939	-0.938	-0.838	-0.905	-0.807	-0.818	-0.831	-0.837	-0.925	-0.990	-0.898	-0.883	-0.864	-0.961	-0.961	-0.960	-0.958	-0.829	-0.956	
rs12444195     -1.043	-1.036	-1.044	-1.037	-1.030	-1.016	-1.034	-0.997	-1.033	-0.874	-0.879	-0.893	-0.877	-0.912	-0.906	-0.911	-0.920	-0.913	-0.913	-0.934	-0.927	-0.932	-0.846	-1.016	-0.624	-0.921	-0.739	-0.761	-0.751	-1.015	-0.982	-0.905	-0.984	-0.883	-0.987	-0.939	-0.976	-0.994	-1.016	-1.022	-0.988	-0.923	-0.921	-0.924	-0.932	-0.933	-0.941	-0.935	-0.933	-0.936	-0.937	-0.938	-0.939	-0.897	-0.897	-0.897	-0.901	-0.864	-0.897	-0.897	-0.891	-0.896	-0.911	-0.897	-0.916	-1.002	-1.005	-0.958	-0.934	-0.991	-0.992	-0.943	-1.000	-0.946	-0.964	-0.998	-1.010	-1.026	-1.042	-1.031	-1.047	-0.916	-1.030	-1.047	-0.946	-0.964	-1.039	-0.944	-0.970	-0.937	-0.882	-0.902	-0.909	-0.853	-0.853	-0.854	-0.856	-0.858	-0.859	-0.865	-0.862	-0.863	-0.863	-0.874	-0.870	-0.883	-0.893	-0.948	-0.956	-0.898	-1.062	-0.860	-0.857	-0.859	-0.853	-1.064	-0.845	-0.814	-1.015	-1.058	-1.055	-1.057	-1.058	-1.058	-1.057	-0.985	-0.811	-1.018	-1.056	-0.819	-0.820	-1.048	-0.824	-0.940	-0.940	-0.922	-0.967	-0.953	-0.943	-0.823	-1.049	-1.043	-1.042	-1.044	-1.044	-1.048	-0.956	-0.955	-0.868	-0.930	-0.834	-0.844	-0.855	-0.860	-0.942	-1.013	-0.922	-0.882	-0.880	-0.968	-0.968	-0.967	-0.965	-0.823	-0.962	
rs4628965      -0.946	-0.938	-0.948	-0.940	-0.932	-0.917	-0.936	-0.898	-0.936	-0.753	-0.759	-0.775	-0.756	-0.798	-0.791	-0.798	-0.809	-0.800	-0.799	-0.829	-0.821	-0.828	-0.955	-0.841	-0.921	-0.524	-0.894	-0.917	-0.899	-0.811	-0.885	-0.939	-0.887	-0.934	-0.888	-0.758	-0.970	-0.960	-0.816	-0.854	-0.900	-0.765	-0.765	-0.766	-0.769	-0.770	-0.772	-0.771	-0.772	-0.772	-0.772	-0.772	-0.773	-0.757	-0.757	-0.757	-0.760	-0.730	-0.757	-0.757	-0.754	-0.758	-0.978	-0.758	-0.971	-0.795	-0.955	-0.945	-0.861	-0.950	-0.977	-0.794	-0.998	-0.797	-0.980	-0.998	-0.992	-0.958	-0.934	-0.991	-0.958	-0.822	-0.982	-0.958	-0.840	-0.849	-0.962	-0.840	-0.853	-0.915	-0.818	-0.834	-0.840	-0.796	-0.795	-0.796	-0.798	-0.800	-0.800	-0.806	-0.803	-0.804	-0.804	-0.813	-0.809	-0.820	-0.828	-0.851	-0.860	-0.831	-0.983	-0.802	-0.799	-0.801	-0.796	-0.979	-0.789	-0.786	-0.938	-0.997	-1.002	-1.001	-0.999	-0.998	-0.998	-0.942	-0.803	-0.942	-1.000	-0.808	-0.809	-1.004	-0.847	-0.901	-0.901	-0.889	-0.916	-0.908	-0.902	-0.830	-1.000	-0.997	-0.996	-0.997	-0.997	-0.997	-0.861	-0.860	-0.773	-0.836	-0.737	-0.747	-0.759	-0.764	-0.841	-0.900	-0.801	-0.798	-0.785	-0.881	-0.881	-0.880	-0.878	-0.742	-0.875	
rs35522831     -1.027	-1.020	-1.029	-1.022	-1.015	-1.001	-1.018	-0.982	-1.017	-0.864	-0.868	-0.882	-0.867	-0.900	-0.895	-0.900	-0.908	-0.902	-0.901	-0.921	-0.914	-0.919	-0.810	-1.000	-0.739	-0.894	-0.607	-0.750	-0.770	-1.001	-0.955	-0.867	-0.957	-0.842	-0.961	-0.913	-0.945	-0.969	-1.004	-1.006	-0.963	-0.898	-0.896	-0.899	-0.908	-0.909	-0.917	-0.910	-0.908	-0.912	-0.912	-0.913	-0.915	-0.870	-0.870	-0.870	-0.875	-0.836	-0.871	-0.871	-0.865	-0.870	-0.876	-0.870	-0.885	-0.984	-0.981	-0.927	-0.908	-0.964	-0.963	-0.920	-0.975	-0.923	-0.932	-0.972	-0.987	-1.014	-1.022	-1.013	-1.027	-0.892	-1.013	-1.026	-0.923	-0.941	-1.018	-0.921	-0.948	-0.908	-0.855	-0.877	-0.884	-0.826	-0.826	-0.827	-0.829	-0.831	-0.832	-0.838	-0.835	-0.836	-0.836	-0.847	-0.843	-0.857	-0.867	-0.950	-0.957	-0.872	-1.044	-0.833	-0.829	-0.832	-0.826	-1.046	-0.818	-0.784	-1.006	-1.038	-1.033	-1.037	-1.037	-1.038	-1.037	-0.976	-0.780	-1.008	-1.036	-0.788	-0.789	-1.025	-0.793	-0.913	-0.913	-0.895	-0.941	-0.926	-0.917	-0.792	-1.027	-1.020	-1.019	-1.022	-1.021	-1.027	-0.940	-0.939	-0.855	-0.915	-0.819	-0.829	-0.840	-0.845	-0.926	-0.999	-0.908	-0.863	-0.864	-0.951	-0.950	-0.949	-0.947	-0.803	-0.944	
rs28640989     -1.040	-1.033	-1.041	-1.034	-1.027	-1.014	-1.031	-0.994	-1.030	-0.872	-0.877	-0.891	-0.875	-0.910	-0.904	-0.910	-0.918	-0.911	-0.911	-0.932	-0.925	-0.930	-0.842	-1.013	-0.761	-0.917	-0.750	-0.621	-0.750	-1.013	-0.978	-0.898	-0.979	-0.876	-0.983	-0.935	-0.971	-0.990	-1.014	-1.019	-0.984	-0.919	-0.917	-0.920	-0.928	-0.929	-0.937	-0.930	-0.929	-0.932	-0.933	-0.934	-0.935	-0.893	-0.893	-0.893	-0.897	-0.859	-0.893	-0.893	-0.887	-0.892	-0.905	-0.892	-0.911	-0.999	-1.001	-0.953	-0.930	-0.987	-0.987	-0.939	-0.996	-0.942	-0.959	-0.994	-1.007	-1.025	-1.038	-1.028	-1.044	-0.912	-1.027	-1.043	-0.943	-0.960	-1.036	-0.940	-0.966	-0.932	-0.877	-0.898	-0.905	-0.849	-0.849	-0.849	-0.851	-0.854	-0.854	-0.861	-0.857	-0.858	-0.859	-0.869	-0.865	-0.879	-0.889	-0.949	-0.956	-0.893	-1.059	-0.856	-0.852	-0.855	-0.849	-1.061	-0.840	-0.809	-1.014	-1.054	-1.051	-1.054	-1.054	-1.055	-1.054	-0.983	-0.806	-1.016	-1.053	-0.814	-0.815	-1.044	-0.820	-0.936	-0.936	-0.918	-0.962	-0.948	-0.939	-0.819	-1.046	-1.040	-1.039	-1.041	-1.040	-1.045	-0.953	-0.952	-0.865	-0.927	-0.831	-0.841	-0.852	-0.857	-0.939	-1.011	-0.919	-0.879	-0.878	-0.965	-0.965	-0.964	-0.961	-0.820	-0.959	
rs7192839      -1.030	-1.023	-1.031	-1.024	-1.017	-1.004	-1.021	-0.984	-1.020	-0.866	-0.871	-0.885	-0.869	-0.903	-0.897	-0.903	-0.911	-0.904	-0.904	-0.924	-0.917	-0.922	-0.813	-1.003	-0.751	-0.899	-0.770	-0.750	-0.610	-1.004	-0.960	-0.869	-0.961	-0.845	-0.965	-0.917	-0.948	-0.971	-1.006	-1.008	-0.967	-0.902	-0.900	-0.903	-0.912	-0.912	-0.921	-0.914	-0.912	-0.916	-0.916	-0.917	-0.918	-0.875	-0.875	-0.875	-0.879	-0.840	-0.875	-0.875	-0.869	-0.874	-0.876	-0.874	-0.885	-0.987	-0.984	-0.932	-0.911	-0.968	-0.967	-0.924	-0.977	-0.926	-0.935	-0.975	-0.990	-1.016	-1.025	-1.015	-1.030	-0.895	-1.015	-1.029	-0.927	-0.945	-1.021	-0.924	-0.951	-0.912	-0.859	-0.881	-0.887	-0.830	-0.830	-0.830	-0.832	-0.835	-0.835	-0.842	-0.838	-0.840	-0.840	-0.851	-0.847	-0.861	-0.871	-0.950	-0.957	-0.876	-1.046	-0.837	-0.833	-0.836	-0.830	-1.049	-0.821	-0.788	-1.007	-1.041	-1.036	-1.039	-1.040	-1.041	-1.040	-0.976	-0.785	-1.009	-1.038	-0.793	-0.794	-1.028	-0.797	-0.918	-0.918	-0.899	-0.945	-0.931	-0.921	-0.797	-1.031	-1.024	-1.023	-1.026	-1.025	-1.030	-0.943	-0.942	-0.857	-0.918	-0.822	-0.832	-0.843	-0.847	-0.928	-1.002	-0.911	-0.866	-0.868	-0.953	-0.953	-0.952	-0.950	-0.806	-0.947	
rs12925836     -1.019	-1.012	-1.020	-1.014	-1.007	-0.993	-1.010	-0.974	-1.009	-0.848	-0.853	-0.868	-0.851	-0.888	-0.881	-0.887	-0.896	-0.889	-0.889	-0.912	-0.905	-0.911	-1.026	-0.765	-1.015	-0.811	-1.001	-1.013	-1.004	-0.599	-0.711	-0.879	-0.713	-0.857	-0.720	-0.810	-0.983	-0.995	-0.796	-0.800	-0.779	-0.806	-0.804	-0.808	-0.820	-0.821	-0.834	-0.824	-0.824	-0.826	-0.827	-0.828	-0.830	-0.772	-0.772	-0.772	-0.778	-0.726	-0.772	-0.772	-0.764	-0.771	-1.037	-0.772	-1.035	-0.909	-0.970	-0.824	-0.893	-0.913	-0.938	-0.850	-1.033	-0.854	-0.982	-1.033	-1.036	-1.037	-1.034	-1.051	-0.968	-0.839	-1.047	-0.967	-0.875	-0.897	-0.958	-0.873	-0.905	-0.928	-0.820	-0.843	-0.852	-0.790	-0.790	-0.790	-0.792	-0.795	-0.796	-0.803	-0.799	-0.801	-0.801	-0.812	-0.808	-0.823	-0.834	-0.962	-0.969	-0.839	-1.045	-0.798	-0.794	-0.796	-0.790	-1.046	-0.781	-0.746	-1.025	-1.058	-1.057	-1.058	-1.058	-1.058	-1.058	-1.031	-0.806	-1.028	-1.057	-0.812	-0.814	-1.049	-0.837	-0.911	-0.911	-0.893	-0.938	-0.924	-0.914	-0.829	-1.043	-1.038	-1.037	-1.039	-1.039	-1.044	-0.932	-0.931	-0.837	-0.900	-0.798	-0.809	-0.823	-0.828	-0.919	-0.986	-0.896	-0.876	-0.857	-0.954	-0.953	-0.952	-0.951	-0.822	-0.949	
rs12927600     -1.016	-1.008	-1.018	-1.010	-1.002	-0.988	-1.006	-0.968	-1.006	-0.826	-0.832	-0.848	-0.830	-0.871	-0.864	-0.870	-0.881	-0.872	-0.872	-0.900	-0.892	-0.899	-1.015	-0.780	-0.982	-0.885	-0.955	-0.978	-0.960	-0.711	-0.598	-0.933	-0.742	-0.922	-0.755	-0.870	-0.975	-0.967	-0.680	-0.762	-0.819	-0.865	-0.864	-0.867	-0.873	-0.874	-0.880	-0.875	-0.874	-0.877	-0.877	-0.878	-0.879	-0.846	-0.846	-0.846	-0.850	-0.816	-0.847	-0.847	-0.842	-0.846	-1.025	-0.846	-1.018	-0.933	-0.985	-0.940	-0.937	-0.950	-0.998	-0.893	-1.040	-0.896	-1.005	-1.040	-1.035	-1.007	-1.031	-1.040	-0.975	-0.897	-1.031	-0.974	-0.921	-0.935	-0.978	-0.920	-0.939	-0.983	-0.881	-0.900	-0.907	-0.858	-0.857	-0.858	-0.860	-0.862	-0.862	-0.868	-0.865	-0.866	-0.866	-0.876	-0.872	-0.884	-0.893	-0.889	-0.899	-0.897	-1.023	-0.864	-0.861	-0.863	-0.858	-1.019	-0.850	-0.826	-0.983	-1.042	-1.046	-1.046	-1.044	-1.043	-1.043	-0.994	-0.861	-0.988	-1.044	-0.866	-0.868	-1.049	-0.892	-0.968	-0.968	-0.955	-0.987	-0.977	-0.970	-0.880	-1.057	-1.053	-1.053	-1.054	-1.054	-1.055	-0.928	-0.927	-0.800	-0.883	-0.806	-0.816	-0.828	-0.833	-0.907	-0.970	-0.870	-0.872	-0.854	-0.953	-0.953	-0.952	-0.950	-0.818	-0.948	
rs12444175     -1.031	-1.023	-1.033	-1.025	-1.018	-1.003	-1.022	-0.983	-1.022	-0.835	-0.840	-0.857	-0.839	-0.880	-0.873	-0.880	-0.891	-0.883	-0.881	-0.911	-0.901	-0.909	-0.970	-0.914	-0.905	-0.939	-0.867	-0.898	-0.869	-0.879	-0.933	-0.615	-0.933	-0.745	-0.933	-0.942	-1.047	-1.038	-0.859	-0.904	-0.944	-0.934	-0.933	-0.935	-0.939	-0.939	-0.943	-0.940	-0.938	-0.941	-0.941	-0.942	-0.943	-0.920	-0.920	-0.920	-0.923	-0.897	-0.920	-0.920	-0.917	-0.920	-0.966	-0.920	-0.956	-0.975	-0.864	-0.964	-0.978	-1.005	-1.017	-0.949	-1.055	-0.952	-1.050	-1.056	-1.049	-1.000	-1.056	-1.041	-1.001	-0.941	-1.030	-1.001	-0.961	-0.971	-1.009	-0.959	-0.975	-1.000	-0.917	-0.934	-0.940	-0.895	-0.895	-0.895	-0.897	-0.899	-0.899	-0.905	-0.902	-0.903	-0.903	-0.912	-0.909	-0.920	-0.927	-0.912	-0.921	-0.931	-1.046	-0.901	-0.898	-0.900	-0.895	-1.041	-0.888	-0.871	-1.006	-1.066	-1.071	-1.070	-1.068	-1.066	-1.067	-0.965	-0.898	-1.010	-1.068	-0.903	-0.904	-1.076	-0.929	-1.000	-1.000	-0.988	-1.017	-1.008	-1.001	-0.913	-1.082	-1.079	-1.078	-1.080	-1.079	-1.079	-0.947	-0.946	-0.818	-0.899	-0.801	-0.814	-0.829	-0.835	-0.934	-0.987	-0.885	-0.889	-0.868	-0.969	-0.969	-0.968	-0.966	-0.834	-0.964	
rs62034614     -1.017	-1.009	-1.019	-1.011	-1.004	-0.989	-1.008	-0.970	-1.007	-0.829	-0.834	-0.850	-0.832	-0.873	-0.866	-0.872	-0.883	-0.874	-0.874	-0.902	-0.894	-0.901	-1.017	-0.787	-0.984	-0.887	-0.957	-0.979	-0.961	-0.713	-0.742	-0.933	-0.600	-0.922	-0.748	-0.871	-0.976	-0.968	-0.677	-0.760	-0.818	-0.867	-0.866	-0.868	-0.875	-0.876	-0.882	-0.877	-0.876	-0.878	-0.879	-0.880	-0.881	-0.848	-0.848	-0.848	-0.852	-0.817	-0.848	-0.848	-0.843	-0.848	-1.026	-0.848	-1.019	-0.935	-0.986	-0.940	-0.939	-0.951	-0.999	-0.895	-1.042	-0.898	-1.006	-1.042	-1.037	-1.009	-1.033	-1.041	-0.976	-0.898	-1.033	-0.976	-0.922	-0.936	-0.979	-0.922	-0.941	-0.985	-0.883	-0.901	-0.908	-0.859	-0.859	-0.859	-0.861	-0.863	-0.864	-0.870	-0.866	-0.868	-0.868	-0.877	-0.874	-0.885	-0.894	-0.890	-0.900	-0.898	-1.025	-0.865	-0.862	-0.864	-0.859	-1.021	-0.851	-0.827	-0.985	-1.044	-1.048	-1.047	-1.046	-1.044	-1.045	-0.996	-0.862	-0.989	-1.046	-0.868	-0.869	-1.050	-0.893	-0.970	-0.970	-0.956	-0.988	-0.979	-0.971	-0.881	-1.058	-1.055	-1.054	-1.056	-1.055	-1.057	-0.930	-0.929	-0.802	-0.884	-0.807	-0.817	-0.830	-0.835	-0.908	-0.971	-0.871	-0.874	-0.856	-0.955	-0.954	-0.953	-0.952	-0.819	-0.950	
