## Summary of overall evidence for association with region:
## log10(BF for region) = -0.559812
## p-value for region = NA

## BFs for choosing among multi-SNP models:
## log10(average 1-SNP BF) = -0.485273
## log10(average 2-SNP BF) = -0.763572

## Example posterior probabilities for multi-SNP models, based on default prior: [p(l) propto 0.5^l for l=1,2,...,L]
## posterior probability of 1-SNP = 0.791494
## posterior probability of 2-SNP = 0.208506

## log10(BF) for single SNP and pair of SNPs:
rs2346747      -0.633	-0.671	-0.701	-0.715	-0.706	-0.744	-0.777	-0.854	-0.843	-0.847	-0.845	-0.842	-0.844	-0.837	-0.847	-0.848	-0.851	-0.855	-0.855	-0.861	-0.879	-0.880	-0.880	-0.880	-0.880	-0.880	-0.882	-0.880	-0.881	-0.880	-0.881	-0.881	-0.881	-0.884	-0.880	-0.859	-0.881	-0.881	-0.881	-0.869	-0.875	-0.875	-0.874	-0.875	-0.875	-0.880	-0.877	-0.887	-0.674	-0.598	-0.830	-0.826	-0.832	-0.858	-0.860	-1.044	-0.854	-0.952	-0.834	-0.805	-0.916	-1.069	-1.064	-1.081	-1.068	-0.764	-1.089	-1.098	-1.083	-1.085	-1.085	-1.085	-1.089	-1.078	-1.081	-1.096	-1.093	-1.094	-1.082	-1.094	-1.088	-1.095	-1.088	-1.086	-1.083	-1.083	-1.067	-1.080	-1.075	-1.082	-1.076	-0.801	-1.072	-1.071	-1.071	-1.066	-1.066	-1.065	-1.066	-1.064	-1.062	-1.058	-1.060	-1.057	-1.053	-1.051	-1.054	-1.061	-1.067	-1.047	-1.065	-1.050	-0.779	-0.778	-1.057	-1.056	-1.048	-1.056	-1.023	-0.776	-1.026	-0.987	-0.676	-0.682	-0.996	-0.994	-0.940	-0.936	-1.073	-0.936	-0.878	-0.935	-0.878	-0.938	-0.882	-0.423	-0.706	-0.948	-0.992	-0.966	-1.008	-0.682	-0.966	-0.683	-0.685	-0.966	-1.003	-0.885	-0.884	-0.691	-0.692	-0.905	-0.728	-0.736	-0.735	-0.736	-0.758	-0.679	-0.962	-0.737	-0.965	-0.972	-0.904	-1.033	-1.076	-0.901	-0.931	-0.899	-0.927	-0.905	-0.993	-0.900	-0.901	-0.965	-0.902	-1.021	-0.936	-0.901	-0.897	-1.101	-0.924	-0.994	-1.038	
rs2724711      -0.671	-0.610	-0.744	-0.742	-0.743	-0.741	-0.726	-0.764	-0.732	-0.740	-0.734	-0.727	-0.733	-0.714	-0.739	-0.742	-0.750	-0.758	-0.756	-0.773	-0.829	-0.831	-0.830	-0.830	-0.831	-0.829	-0.854	-0.832	-0.837	-0.841	-0.841	-0.841	-0.839	-0.857	-0.847	-0.755	-0.840	-0.843	-0.843	-0.864	-0.866	-0.866	-0.866	-0.866	-0.866	-0.868	-0.867	-0.864	-0.676	-0.617	-0.833	-0.830	-0.836	-0.860	-0.862	-1.032	-0.856	-0.945	-0.837	-0.808	-0.913	-1.051	-1.046	-1.062	-1.050	-0.765	-1.069	-1.078	-1.064	-1.066	-1.067	-1.066	-1.070	-1.060	-1.062	-1.077	-1.074	-1.075	-1.063	-1.074	-1.069	-1.075	-1.069	-1.067	-1.065	-1.064	-1.051	-1.062	-1.056	-1.063	-1.058	-0.801	-1.054	-1.053	-1.052	-1.043	-1.047	-1.047	-1.048	-1.046	-1.039	-1.040	-1.042	-1.040	-1.035	-1.033	-1.037	-1.038	-1.043	-1.030	-1.041	-1.033	-0.779	-0.778	-1.039	-1.039	-1.030	-1.039	-1.007	-0.776	-1.009	-0.971	-0.680	-0.686	-0.980	-0.978	-0.925	-0.922	-1.054	-0.921	-0.867	-0.921	-0.867	-0.923	-0.871	-0.414	-0.710	-0.933	-0.966	-0.951	-0.991	-0.686	-0.951	-0.687	-0.689	-0.951	-0.978	-0.874	-0.874	-0.695	-0.696	-0.891	-0.730	-0.738	-0.738	-0.738	-0.759	-0.682	-0.945	-0.740	-0.938	-0.944	-0.892	-1.004	-1.054	-0.872	-0.905	-0.870	-0.907	-0.881	-0.963	-0.875	-0.879	-0.935	-0.878	-0.999	-0.899	-0.879	-0.872	-1.078	-0.895	-0.968	-1.011	
rs2622744      -0.701	-0.744	-0.613	-0.748	-0.747	-0.751	-0.743	-0.778	-0.749	-0.756	-0.751	-0.745	-0.750	-0.733	-0.755	-0.758	-0.765	-0.773	-0.771	-0.787	-0.837	-0.839	-0.839	-0.839	-0.839	-0.837	-0.859	-0.840	-0.844	-0.848	-0.847	-0.848	-0.846	-0.862	-0.854	-0.770	-0.847	-0.850	-0.850	-0.867	-0.869	-0.869	-0.869	-0.869	-0.869	-0.871	-0.870	-0.869	-0.677	-0.616	-0.833	-0.830	-0.837	-0.861	-0.863	-1.034	-0.857	-0.947	-0.837	-0.809	-0.914	-1.054	-1.049	-1.065	-1.053	-0.766	-1.073	-1.081	-1.068	-1.069	-1.070	-1.070	-1.073	-1.063	-1.066	-1.080	-1.077	-1.078	-1.067	-1.078	-1.072	-1.079	-1.073	-1.071	-1.068	-1.068	-1.054	-1.065	-1.059	-1.066	-1.061	-0.802	-1.057	-1.056	-1.056	-1.047	-1.051	-1.050	-1.051	-1.049	-1.042	-1.043	-1.045	-1.043	-1.038	-1.037	-1.040	-1.041	-1.047	-1.033	-1.045	-1.036	-0.780	-0.779	-1.042	-1.042	-1.033	-1.042	-1.010	-0.777	-1.012	-0.974	-0.681	-0.687	-0.983	-0.981	-0.928	-0.925	-1.057	-0.924	-0.870	-0.924	-0.870	-0.926	-0.874	-0.416	-0.710	-0.936	-0.970	-0.954	-0.994	-0.687	-0.954	-0.688	-0.690	-0.954	-0.982	-0.876	-0.876	-0.696	-0.697	-0.894	-0.731	-0.739	-0.738	-0.739	-0.760	-0.683	-0.948	-0.740	-0.942	-0.949	-0.894	-1.008	-1.058	-0.876	-0.909	-0.874	-0.911	-0.885	-0.968	-0.879	-0.883	-0.940	-0.881	-1.002	-0.905	-0.883	-0.876	-1.081	-0.900	-0.972	-1.016	
rs2622743      -0.715	-0.742	-0.748	-0.615	-0.749	-0.755	-0.750	-0.786	-0.757	-0.765	-0.760	-0.754	-0.759	-0.743	-0.764	-0.767	-0.774	-0.781	-0.779	-0.794	-0.842	-0.843	-0.843	-0.843	-0.843	-0.842	-0.862	-0.844	-0.848	-0.851	-0.851	-0.851	-0.850	-0.865	-0.857	-0.778	-0.850	-0.853	-0.853	-0.868	-0.871	-0.871	-0.870	-0.871	-0.870	-0.873	-0.872	-0.871	-0.677	-0.615	-0.834	-0.830	-0.837	-0.861	-0.863	-1.035	-0.857	-0.947	-0.838	-0.809	-0.915	-1.055	-1.051	-1.067	-1.054	-0.766	-1.074	-1.083	-1.069	-1.071	-1.071	-1.071	-1.075	-1.065	-1.067	-1.082	-1.079	-1.080	-1.068	-1.079	-1.073	-1.080	-1.074	-1.072	-1.069	-1.069	-1.055	-1.066	-1.061	-1.068	-1.063	-0.802	-1.058	-1.057	-1.057	-1.048	-1.052	-1.051	-1.053	-1.051	-1.044	-1.045	-1.047	-1.044	-1.040	-1.038	-1.041	-1.043	-1.049	-1.034	-1.047	-1.037	-0.780	-0.780	-1.043	-1.043	-1.035	-1.043	-1.011	-0.778	-1.014	-0.975	-0.681	-0.687	-0.984	-0.982	-0.929	-0.926	-1.059	-0.925	-0.871	-0.925	-0.871	-0.927	-0.875	-0.417	-0.710	-0.938	-0.972	-0.955	-0.996	-0.687	-0.955	-0.688	-0.690	-0.955	-0.984	-0.877	-0.877	-0.696	-0.697	-0.895	-0.731	-0.739	-0.739	-0.739	-0.761	-0.683	-0.949	-0.741	-0.944	-0.951	-0.895	-1.011	-1.060	-0.879	-0.911	-0.877	-0.912	-0.887	-0.970	-0.881	-0.885	-0.942	-0.883	-1.004	-0.907	-0.885	-0.878	-1.083	-0.902	-0.974	-1.018	
rs2622742      -0.706	-0.743	-0.747	-0.749	-0.614	-0.752	-0.744	-0.780	-0.751	-0.758	-0.753	-0.747	-0.752	-0.735	-0.757	-0.760	-0.767	-0.774	-0.773	-0.788	-0.838	-0.840	-0.839	-0.839	-0.840	-0.838	-0.859	-0.840	-0.845	-0.848	-0.848	-0.848	-0.847	-0.862	-0.854	-0.771	-0.847	-0.850	-0.850	-0.867	-0.869	-0.869	-0.869	-0.869	-0.869	-0.871	-0.870	-0.869	-0.677	-0.615	-0.834	-0.830	-0.837	-0.861	-0.863	-1.034	-0.857	-0.947	-0.837	-0.809	-0.914	-1.054	-1.050	-1.066	-1.053	-0.766	-1.073	-1.082	-1.068	-1.070	-1.070	-1.070	-1.074	-1.063	-1.066	-1.080	-1.077	-1.078	-1.067	-1.078	-1.072	-1.079	-1.073	-1.071	-1.068	-1.068	-1.054	-1.065	-1.060	-1.067	-1.061	-0.802	-1.057	-1.056	-1.056	-1.047	-1.051	-1.050	-1.051	-1.050	-1.043	-1.043	-1.045	-1.043	-1.038	-1.037	-1.040	-1.042	-1.048	-1.033	-1.046	-1.036	-0.780	-0.779	-1.042	-1.042	-1.034	-1.042	-1.010	-0.777	-1.012	-0.974	-0.681	-0.687	-0.983	-0.981	-0.928	-0.925	-1.058	-0.924	-0.870	-0.924	-0.870	-0.926	-0.874	-0.416	-0.710	-0.936	-0.971	-0.954	-0.995	-0.687	-0.954	-0.688	-0.690	-0.954	-0.983	-0.876	-0.876	-0.696	-0.697	-0.894	-0.731	-0.739	-0.738	-0.739	-0.760	-0.683	-0.948	-0.740	-0.943	-0.949	-0.895	-1.009	-1.058	-0.877	-0.910	-0.875	-0.911	-0.885	-0.969	-0.880	-0.883	-0.941	-0.882	-1.003	-0.905	-0.883	-0.877	-1.082	-0.900	-0.973	-1.016	
rs2251550      -0.744	-0.741	-0.751	-0.755	-0.752	-0.618	-0.764	-0.800	-0.775	-0.782	-0.777	-0.768	-0.776	-0.757	-0.780	-0.783	-0.789	-0.795	-0.792	-0.807	-0.850	-0.851	-0.851	-0.851	-0.851	-0.850	-0.867	-0.852	-0.855	-0.858	-0.858	-0.858	-0.857	-0.870	-0.862	-0.793	-0.857	-0.860	-0.860	-0.869	-0.873	-0.873	-0.873	-0.873	-0.873	-0.875	-0.874	-0.875	-0.677	-0.613	-0.833	-0.830	-0.837	-0.861	-0.863	-1.037	-0.857	-0.949	-0.837	-0.809	-0.915	-1.058	-1.053	-1.069	-1.057	-0.766	-1.077	-1.086	-1.072	-1.073	-1.074	-1.074	-1.078	-1.067	-1.070	-1.084	-1.081	-1.082	-1.071	-1.082	-1.076	-1.083	-1.077	-1.075	-1.072	-1.072	-1.057	-1.069	-1.063	-1.070	-1.065	-0.802	-1.061	-1.060	-1.060	-1.051	-1.054	-1.054	-1.055	-1.053	-1.047	-1.047	-1.049	-1.046	-1.042	-1.040	-1.043	-1.046	-1.052	-1.037	-1.050	-1.040	-0.780	-0.780	-1.046	-1.046	-1.037	-1.046	-1.013	-0.778	-1.016	-0.977	-0.680	-0.686	-0.986	-0.984	-0.931	-0.928	-1.061	-0.927	-0.872	-0.927	-0.872	-0.929	-0.876	-0.418	-0.710	-0.939	-0.976	-0.957	-0.998	-0.686	-0.957	-0.687	-0.689	-0.957	-0.988	-0.879	-0.878	-0.696	-0.696	-0.897	-0.731	-0.739	-0.738	-0.739	-0.761	-0.683	-0.951	-0.741	-0.948	-0.954	-0.897	-1.014	-1.063	-0.882	-0.915	-0.880	-0.915	-0.890	-0.974	-0.885	-0.887	-0.946	-0.887	-1.007	-0.912	-0.887	-0.882	-1.086	-0.906	-0.978	-1.021	
rs6798385      -0.777	-0.726	-0.743	-0.750	-0.744	-0.764	-0.625	-0.823	-0.804	-0.809	-0.805	-0.800	-0.804	-0.792	-0.808	-0.810	-0.815	-0.819	-0.818	-0.829	-0.862	-0.863	-0.863	-0.863	-0.863	-0.863	-0.874	-0.864	-0.866	-0.867	-0.868	-0.868	-0.867	-0.876	-0.870	-0.816	-0.867	-0.869	-0.869	-0.871	-0.875	-0.875	-0.875	-0.875	-0.875	-0.879	-0.877	-0.881	-0.677	-0.609	-0.832	-0.829	-0.835	-0.860	-0.862	-1.040	-0.856	-0.951	-0.837	-0.808	-0.916	-1.063	-1.058	-1.075	-1.062	-0.767	-1.082	-1.091	-1.077	-1.078	-1.079	-1.079	-1.083	-1.072	-1.075	-1.089	-1.086	-1.087	-1.076	-1.087	-1.081	-1.088	-1.082	-1.080	-1.077	-1.077	-1.062	-1.074	-1.068	-1.075	-1.070	-0.803	-1.066	-1.065	-1.065	-1.058	-1.059	-1.059	-1.060	-1.058	-1.054	-1.052	-1.054	-1.051	-1.047	-1.045	-1.048	-1.053	-1.058	-1.041	-1.056	-1.044	-0.781	-0.780	-1.051	-1.050	-1.042	-1.051	-1.018	-0.778	-1.020	-0.982	-0.680	-0.686	-0.991	-0.989	-0.935	-0.932	-1.067	-0.931	-0.875	-0.931	-0.875	-0.934	-0.879	-0.421	-0.710	-0.944	-0.983	-0.961	-1.003	-0.686	-0.961	-0.687	-0.689	-0.961	-0.995	-0.882	-0.882	-0.695	-0.696	-0.901	-0.731	-0.739	-0.738	-0.739	-0.761	-0.682	-0.956	-0.741	-0.955	-0.962	-0.901	-1.022	-1.068	-0.890	-0.922	-0.888	-0.920	-0.896	-0.982	-0.891	-0.893	-0.954	-0.893	-1.013	-0.922	-0.893	-0.888	-1.093	-0.913	-0.985	-1.028	
rs539905       -0.854	-0.764	-0.778	-0.786	-0.780	-0.800	-0.823	-0.635	-0.760	-0.764	-0.761	-0.765	-0.761	-0.751	-0.764	-0.766	-0.776	-0.779	-0.784	-0.788	-0.794	-0.792	-0.793	-0.793	-0.792	-0.796	-0.776	-0.793	-0.789	-0.780	-0.784	-0.784	-0.788	-0.784	-0.777	-0.820	-0.788	-0.784	-0.783	-0.732	-0.753	-0.753	-0.749	-0.753	-0.752	-0.770	-0.761	-0.796	-0.654	-0.567	-0.809	-0.805	-0.812	-0.840	-0.841	-1.036	-0.835	-0.942	-0.815	-0.785	-0.902	-1.067	-1.062	-1.079	-1.066	-0.746	-1.088	-1.097	-1.082	-1.084	-1.084	-1.084	-1.088	-1.077	-1.080	-1.095	-1.092	-1.093	-1.081	-1.093	-1.086	-1.094	-1.087	-1.085	-1.082	-1.082	-1.063	-1.079	-1.073	-1.081	-1.075	-0.785	-1.070	-1.069	-1.069	-1.069	-1.064	-1.063	-1.064	-1.062	-1.065	-1.056	-1.058	-1.055	-1.050	-1.049	-1.052	-1.064	-1.070	-1.045	-1.067	-1.048	-0.762	-0.761	-1.054	-1.054	-1.045	-1.054	-1.020	-0.759	-1.023	-0.983	-0.655	-0.661	-0.993	-0.991	-0.935	-0.931	-1.072	-0.931	-0.870	-0.931	-0.870	-0.933	-0.874	-0.415	-0.686	-0.944	-0.996	-0.962	-1.006	-0.661	-0.962	-0.662	-0.664	-0.962	-1.007	-0.877	-0.877	-0.671	-0.672	-0.900	-0.709	-0.717	-0.716	-0.717	-0.740	-0.659	-0.959	-0.719	-0.971	-0.977	-0.898	-1.036	-1.077	-0.906	-0.934	-0.904	-0.926	-0.907	-0.997	-0.903	-0.902	-0.970	-0.904	-1.022	-0.944	-0.902	-0.900	-1.103	-0.928	-0.997	-1.041	
rs7430719      -0.843	-0.732	-0.749	-0.757	-0.751	-0.775	-0.804	-0.760	-0.636	-0.771	-0.772	-0.780	-0.772	-0.773	-0.773	-0.773	-0.780	-0.779	-0.787	-0.783	-0.769	-0.766	-0.768	-0.768	-0.766	-0.772	-0.740	-0.767	-0.760	-0.746	-0.752	-0.752	-0.758	-0.750	-0.740	-0.833	-0.758	-0.751	-0.750	-0.679	-0.709	-0.709	-0.704	-0.709	-0.707	-0.732	-0.720	-0.768	-0.646	-0.554	-0.801	-0.796	-0.803	-0.832	-0.834	-1.033	-0.827	-0.937	-0.808	-0.776	-0.896	-1.066	-1.062	-1.079	-1.065	-0.739	-1.088	-1.097	-1.081	-1.083	-1.084	-1.084	-1.088	-1.076	-1.080	-1.095	-1.092	-1.093	-1.080	-1.092	-1.086	-1.093	-1.087	-1.085	-1.082	-1.081	-1.062	-1.078	-1.072	-1.080	-1.074	-0.778	-1.070	-1.069	-1.068	-1.070	-1.063	-1.062	-1.063	-1.061	-1.066	-1.055	-1.057	-1.054	-1.049	-1.048	-1.051	-1.065	-1.071	-1.044	-1.069	-1.047	-0.755	-0.754	-1.054	-1.053	-1.044	-1.053	-1.019	-0.752	-1.022	-0.982	-0.646	-0.653	-0.991	-0.989	-0.933	-0.930	-1.072	-0.929	-0.867	-0.929	-0.867	-0.931	-0.871	-0.411	-0.679	-0.942	-0.997	-0.961	-1.004	-0.653	-0.961	-0.654	-0.656	-0.961	-1.009	-0.874	-0.874	-0.663	-0.664	-0.898	-0.701	-0.709	-0.709	-0.709	-0.733	-0.651	-0.958	-0.711	-0.973	-0.979	-0.895	-1.040	-1.078	-0.909	-0.936	-0.907	-0.926	-0.909	-1.000	-0.904	-0.902	-0.973	-0.906	-1.023	-0.949	-0.902	-0.902	-1.105	-0.932	-1.000	-1.044	
rs4564909      -0.847	-0.740	-0.756	-0.765	-0.758	-0.782	-0.809	-0.764	-0.771	-0.636	-0.771	-0.778	-0.771	-0.770	-0.772	-0.773	-0.780	-0.780	-0.787	-0.785	-0.775	-0.773	-0.774	-0.774	-0.773	-0.777	-0.748	-0.774	-0.767	-0.754	-0.759	-0.759	-0.765	-0.758	-0.749	-0.830	-0.765	-0.758	-0.758	-0.691	-0.719	-0.719	-0.714	-0.719	-0.717	-0.741	-0.730	-0.774	-0.648	-0.557	-0.803	-0.798	-0.805	-0.834	-0.835	-1.034	-0.829	-0.938	-0.809	-0.778	-0.897	-1.067	-1.062	-1.079	-1.066	-0.741	-1.088	-1.097	-1.081	-1.083	-1.084	-1.084	-1.088	-1.077	-1.080	-1.095	-1.092	-1.093	-1.080	-1.093	-1.086	-1.094	-1.087	-1.085	-1.082	-1.082	-1.063	-1.079	-1.073	-1.080	-1.075	-0.780	-1.070	-1.069	-1.069	-1.070	-1.063	-1.062	-1.064	-1.062	-1.066	-1.055	-1.057	-1.055	-1.050	-1.048	-1.051	-1.065	-1.071	-1.044	-1.069	-1.047	-0.757	-0.756	-1.054	-1.054	-1.045	-1.054	-1.020	-0.754	-1.022	-0.982	-0.648	-0.655	-0.992	-0.990	-0.934	-0.930	-1.072	-0.930	-0.868	-0.929	-0.867	-0.932	-0.872	-0.412	-0.680	-0.943	-0.997	-0.961	-1.005	-0.655	-0.961	-0.656	-0.658	-0.961	-1.009	-0.875	-0.875	-0.665	-0.665	-0.899	-0.703	-0.711	-0.711	-0.711	-0.735	-0.652	-0.958	-0.713	-0.972	-0.979	-0.896	-1.039	-1.078	-0.908	-0.936	-0.907	-0.926	-0.908	-1.000	-0.904	-0.902	-0.973	-0.906	-1.023	-0.948	-0.902	-0.901	-1.105	-0.932	-0.999	-1.043	
rs2724709      -0.845	-0.734	-0.751	-0.760	-0.753	-0.777	-0.805	-0.761	-0.772	-0.771	-0.636	-0.778	-0.771	-0.771	-0.771	-0.771	-0.778	-0.777	-0.785	-0.781	-0.767	-0.764	-0.766	-0.766	-0.764	-0.770	-0.738	-0.766	-0.757	-0.744	-0.749	-0.749	-0.755	-0.748	-0.738	-0.831	-0.755	-0.748	-0.747	-0.676	-0.707	-0.707	-0.702	-0.707	-0.705	-0.731	-0.719	-0.767	-0.646	-0.554	-0.801	-0.796	-0.804	-0.832	-0.834	-1.033	-0.827	-0.937	-0.808	-0.777	-0.896	-1.066	-1.062	-1.079	-1.065	-0.739	-1.088	-1.097	-1.081	-1.083	-1.084	-1.084	-1.088	-1.076	-1.080	-1.095	-1.092	-1.093	-1.080	-1.092	-1.086	-1.093	-1.087	-1.085	-1.082	-1.081	-1.062	-1.078	-1.072	-1.080	-1.074	-0.779	-1.070	-1.069	-1.068	-1.070	-1.063	-1.062	-1.063	-1.061	-1.066	-1.055	-1.057	-1.054	-1.049	-1.048	-1.051	-1.065	-1.071	-1.044	-1.069	-1.047	-0.755	-0.754	-1.054	-1.053	-1.044	-1.054	-1.019	-0.752	-1.022	-0.982	-0.647	-0.653	-0.991	-0.989	-0.933	-0.930	-1.072	-0.929	-0.867	-0.929	-0.867	-0.932	-0.871	-0.411	-0.679	-0.942	-0.997	-0.961	-1.004	-0.653	-0.961	-0.654	-0.656	-0.961	-1.009	-0.874	-0.874	-0.663	-0.664	-0.898	-0.701	-0.709	-0.709	-0.709	-0.733	-0.651	-0.958	-0.711	-0.973	-0.979	-0.895	-1.040	-1.078	-0.909	-0.936	-0.907	-0.926	-0.909	-1.000	-0.904	-0.902	-0.973	-0.906	-1.023	-0.949	-0.902	-0.901	-1.105	-0.932	-0.999	-1.044	
rs13059645     -0.842	-0.727	-0.745	-0.754	-0.747	-0.768	-0.800	-0.765	-0.780	-0.778	-0.778	-0.635	-0.779	-0.775	-0.778	-0.778	-0.783	-0.781	-0.785	-0.783	-0.764	-0.761	-0.762	-0.762	-0.761	-0.767	-0.732	-0.762	-0.754	-0.739	-0.745	-0.744	-0.751	-0.742	-0.732	-0.836	-0.751	-0.743	-0.743	-0.664	-0.696	-0.696	-0.694	-0.697	-0.697	-0.721	-0.710	-0.759	-0.643	-0.549	-0.798	-0.793	-0.800	-0.829	-0.831	-1.031	-0.824	-0.936	-0.805	-0.774	-0.893	-1.065	-1.061	-1.078	-1.064	-0.736	-1.087	-1.096	-1.080	-1.082	-1.083	-1.083	-1.087	-1.075	-1.079	-1.094	-1.091	-1.092	-1.079	-1.091	-1.085	-1.092	-1.086	-1.084	-1.081	-1.081	-1.061	-1.077	-1.071	-1.079	-1.073	-0.776	-1.068	-1.068	-1.067	-1.069	-1.062	-1.061	-1.062	-1.060	-1.066	-1.054	-1.056	-1.053	-1.048	-1.047	-1.050	-1.065	-1.070	-1.043	-1.068	-1.046	-0.752	-0.751	-1.052	-1.052	-1.043	-1.052	-1.018	-0.749	-1.020	-0.980	-0.643	-0.649	-0.990	-0.988	-0.932	-0.928	-1.071	-0.928	-0.865	-0.927	-0.865	-0.930	-0.869	-0.409	-0.675	-0.941	-0.997	-0.959	-1.003	-0.649	-0.959	-0.650	-0.653	-0.959	-1.008	-0.872	-0.872	-0.659	-0.660	-0.896	-0.698	-0.706	-0.706	-0.706	-0.730	-0.647	-0.956	-0.708	-0.972	-0.979	-0.893	-1.040	-1.078	-0.908	-0.935	-0.907	-0.925	-0.908	-1.000	-0.904	-0.901	-0.974	-0.905	-1.022	-0.950	-0.902	-0.901	-1.105	-0.932	-0.999	-1.043	
rs6807551      -0.844	-0.733	-0.750	-0.759	-0.752	-0.776	-0.804	-0.761	-0.772	-0.771	-0.771	-0.779	-0.636	-0.772	-0.771	-0.771	-0.777	-0.776	-0.784	-0.779	-0.764	-0.761	-0.762	-0.762	-0.761	-0.767	-0.734	-0.762	-0.754	-0.739	-0.745	-0.745	-0.751	-0.744	-0.733	-0.831	-0.751	-0.744	-0.743	-0.671	-0.702	-0.703	-0.697	-0.703	-0.701	-0.727	-0.715	-0.764	-0.646	-0.554	-0.801	-0.796	-0.803	-0.832	-0.833	-1.033	-0.827	-0.937	-0.807	-0.776	-0.896	-1.066	-1.062	-1.079	-1.065	-0.739	-1.088	-1.097	-1.081	-1.083	-1.084	-1.084	-1.088	-1.076	-1.080	-1.095	-1.091	-1.093	-1.080	-1.092	-1.086	-1.093	-1.087	-1.085	-1.082	-1.081	-1.062	-1.078	-1.072	-1.080	-1.074	-0.778	-1.069	-1.068	-1.068	-1.070	-1.063	-1.062	-1.063	-1.061	-1.066	-1.055	-1.057	-1.054	-1.049	-1.048	-1.051	-1.065	-1.071	-1.044	-1.069	-1.047	-0.755	-0.754	-1.053	-1.053	-1.044	-1.053	-1.019	-0.752	-1.021	-0.981	-0.646	-0.652	-0.991	-0.989	-0.933	-0.929	-1.071	-0.929	-0.867	-0.929	-0.866	-0.931	-0.871	-0.411	-0.678	-0.942	-0.997	-0.961	-1.004	-0.652	-0.961	-0.653	-0.656	-0.961	-1.009	-0.874	-0.874	-0.662	-0.663	-0.898	-0.701	-0.709	-0.708	-0.709	-0.733	-0.650	-0.957	-0.711	-0.973	-0.979	-0.895	-1.040	-1.078	-0.909	-0.936	-0.907	-0.926	-0.909	-1.000	-0.904	-0.902	-0.974	-0.906	-1.023	-0.949	-0.902	-0.902	-1.105	-0.932	-1.000	-1.044	
rs2622708      -0.837	-0.714	-0.733	-0.743	-0.735	-0.757	-0.792	-0.751	-0.773	-0.770	-0.771	-0.775	-0.772	-0.635	-0.770	-0.769	-0.775	-0.772	-0.778	-0.774	-0.749	-0.745	-0.747	-0.747	-0.745	-0.752	-0.713	-0.746	-0.736	-0.719	-0.726	-0.726	-0.734	-0.725	-0.712	-0.836	-0.734	-0.725	-0.724	-0.639	-0.676	-0.676	-0.673	-0.676	-0.677	-0.704	-0.692	-0.746	-0.641	-0.546	-0.796	-0.791	-0.798	-0.827	-0.829	-1.031	-0.822	-0.934	-0.803	-0.771	-0.892	-1.065	-1.060	-1.078	-1.064	-0.734	-1.087	-1.096	-1.080	-1.082	-1.083	-1.083	-1.087	-1.075	-1.079	-1.094	-1.091	-1.092	-1.079	-1.091	-1.085	-1.092	-1.086	-1.084	-1.081	-1.080	-1.061	-1.077	-1.071	-1.079	-1.073	-0.774	-1.068	-1.067	-1.067	-1.070	-1.062	-1.061	-1.062	-1.060	-1.066	-1.054	-1.056	-1.053	-1.048	-1.046	-1.050	-1.065	-1.070	-1.042	-1.068	-1.046	-0.750	-0.750	-1.052	-1.052	-1.043	-1.052	-1.018	-0.748	-1.020	-0.980	-0.641	-0.647	-0.990	-0.988	-0.931	-0.928	-1.071	-0.927	-0.864	-0.927	-0.864	-0.930	-0.869	-0.408	-0.673	-0.941	-0.997	-0.959	-1.003	-0.647	-0.959	-0.648	-0.651	-0.959	-1.009	-0.872	-0.871	-0.657	-0.658	-0.896	-0.696	-0.704	-0.704	-0.704	-0.728	-0.645	-0.956	-0.706	-0.973	-0.980	-0.893	-1.041	-1.078	-0.909	-0.936	-0.908	-0.925	-0.908	-1.001	-0.904	-0.902	-0.975	-0.906	-1.023	-0.951	-0.902	-0.902	-1.105	-0.933	-1.000	-1.044	
rs2622721      -0.847	-0.739	-0.755	-0.764	-0.757	-0.780	-0.808	-0.764	-0.773	-0.772	-0.771	-0.778	-0.771	-0.770	-0.636	-0.771	-0.777	-0.776	-0.783	-0.780	-0.767	-0.763	-0.764	-0.764	-0.763	-0.769	-0.737	-0.764	-0.756	-0.742	-0.748	-0.748	-0.754	-0.747	-0.736	-0.829	-0.754	-0.746	-0.746	-0.675	-0.707	-0.707	-0.702	-0.707	-0.705	-0.731	-0.719	-0.767	-0.647	-0.555	-0.802	-0.797	-0.804	-0.833	-0.834	-1.033	-0.828	-0.938	-0.808	-0.777	-0.896	-1.067	-1.062	-1.079	-1.065	-0.740	-1.088	-1.097	-1.081	-1.083	-1.084	-1.084	-1.088	-1.076	-1.080	-1.095	-1.092	-1.093	-1.080	-1.092	-1.086	-1.093	-1.087	-1.085	-1.082	-1.082	-1.062	-1.078	-1.072	-1.080	-1.074	-0.779	-1.070	-1.069	-1.068	-1.070	-1.063	-1.062	-1.063	-1.062	-1.066	-1.055	-1.057	-1.054	-1.049	-1.048	-1.051	-1.065	-1.071	-1.044	-1.069	-1.047	-0.756	-0.755	-1.054	-1.054	-1.044	-1.054	-1.019	-0.753	-1.022	-0.982	-0.647	-0.653	-0.991	-0.989	-0.933	-0.930	-1.072	-0.929	-0.867	-0.929	-0.867	-0.932	-0.872	-0.411	-0.679	-0.943	-0.997	-0.961	-1.005	-0.654	-0.961	-0.654	-0.657	-0.961	-1.009	-0.874	-0.874	-0.663	-0.664	-0.898	-0.702	-0.710	-0.709	-0.710	-0.734	-0.651	-0.958	-0.712	-0.972	-0.979	-0.895	-1.040	-1.078	-0.908	-0.936	-0.907	-0.926	-0.908	-1.000	-0.904	-0.902	-0.973	-0.906	-1.023	-0.949	-0.902	-0.901	-1.105	-0.932	-0.999	-1.043	
rs2622722      -0.848	-0.742	-0.758	-0.767	-0.760	-0.783	-0.810	-0.766	-0.773	-0.773	-0.771	-0.778	-0.771	-0.769	-0.771	-0.635	-0.776	-0.776	-0.782	-0.779	-0.767	-0.764	-0.765	-0.765	-0.764	-0.769	-0.738	-0.764	-0.756	-0.742	-0.748	-0.748	-0.754	-0.748	-0.737	-0.827	-0.754	-0.747	-0.746	-0.676	-0.707	-0.708	-0.703	-0.708	-0.706	-0.732	-0.719	-0.768	-0.648	-0.556	-0.802	-0.797	-0.805	-0.833	-0.835	-1.033	-0.828	-0.938	-0.809	-0.778	-0.897	-1.067	-1.062	-1.079	-1.066	-0.740	-1.088	-1.097	-1.081	-1.083	-1.084	-1.084	-1.088	-1.076	-1.080	-1.095	-1.092	-1.093	-1.080	-1.092	-1.086	-1.093	-1.087	-1.085	-1.082	-1.082	-1.062	-1.078	-1.073	-1.080	-1.074	-0.780	-1.070	-1.069	-1.068	-1.070	-1.063	-1.062	-1.063	-1.062	-1.066	-1.055	-1.057	-1.054	-1.050	-1.048	-1.051	-1.065	-1.071	-1.044	-1.068	-1.047	-0.756	-0.755	-1.054	-1.054	-1.045	-1.054	-1.019	-0.753	-1.022	-0.982	-0.648	-0.654	-0.991	-0.990	-0.934	-0.930	-1.072	-0.929	-0.867	-0.929	-0.867	-0.932	-0.872	-0.412	-0.680	-0.943	-0.997	-0.961	-1.005	-0.654	-0.961	-0.655	-0.657	-0.961	-1.009	-0.875	-0.874	-0.664	-0.665	-0.898	-0.702	-0.710	-0.710	-0.710	-0.734	-0.652	-0.958	-0.712	-0.972	-0.979	-0.895	-1.039	-1.078	-0.908	-0.935	-0.907	-0.926	-0.908	-1.000	-0.904	-0.902	-0.973	-0.906	-1.023	-0.948	-0.902	-0.901	-1.105	-0.932	-0.999	-1.043	
rs9819806      -0.851	-0.750	-0.765	-0.774	-0.767	-0.789	-0.815	-0.776	-0.780	-0.780	-0.778	-0.783	-0.777	-0.775	-0.777	-0.776	-0.636	-0.770	-0.775	-0.771	-0.760	-0.754	-0.756	-0.756	-0.754	-0.760	-0.728	-0.755	-0.746	-0.730	-0.736	-0.735	-0.743	-0.739	-0.724	-0.822	-0.742	-0.733	-0.733	-0.661	-0.697	-0.697	-0.691	-0.697	-0.695	-0.723	-0.710	-0.762	-0.648	-0.557	-0.803	-0.798	-0.805	-0.834	-0.835	-1.034	-0.829	-0.938	-0.810	-0.779	-0.898	-1.067	-1.062	-1.079	-1.066	-0.741	-1.088	-1.097	-1.082	-1.083	-1.084	-1.084	-1.088	-1.077	-1.080	-1.095	-1.092	-1.093	-1.080	-1.093	-1.086	-1.094	-1.087	-1.085	-1.082	-1.082	-1.063	-1.079	-1.073	-1.080	-1.075	-0.780	-1.070	-1.069	-1.069	-1.070	-1.063	-1.062	-1.064	-1.062	-1.066	-1.055	-1.057	-1.055	-1.050	-1.048	-1.051	-1.065	-1.071	-1.044	-1.069	-1.048	-0.757	-0.756	-1.054	-1.054	-1.045	-1.054	-1.020	-0.754	-1.022	-0.982	-0.649	-0.655	-0.992	-0.990	-0.934	-0.930	-1.072	-0.930	-0.868	-0.929	-0.868	-0.932	-0.872	-0.412	-0.681	-0.943	-0.997	-0.961	-1.005	-0.655	-0.961	-0.656	-0.658	-0.961	-1.009	-0.875	-0.875	-0.665	-0.666	-0.899	-0.703	-0.711	-0.711	-0.711	-0.735	-0.653	-0.958	-0.713	-0.972	-0.979	-0.896	-1.039	-1.078	-0.908	-0.936	-0.907	-0.926	-0.908	-1.000	-0.904	-0.902	-0.973	-0.906	-1.023	-0.948	-0.902	-0.901	-1.105	-0.931	-0.999	-1.043	
rs6774473      -0.855	-0.758	-0.773	-0.781	-0.774	-0.795	-0.819	-0.779	-0.779	-0.780	-0.777	-0.781	-0.776	-0.772	-0.776	-0.776	-0.770	-0.635	-0.774	-0.772	-0.766	-0.761	-0.762	-0.762	-0.761	-0.766	-0.737	-0.761	-0.753	-0.738	-0.744	-0.744	-0.750	-0.747	-0.733	-0.819	-0.750	-0.742	-0.741	-0.674	-0.707	-0.707	-0.702	-0.708	-0.705	-0.732	-0.720	-0.768	-0.649	-0.560	-0.805	-0.800	-0.807	-0.835	-0.837	-1.034	-0.830	-0.939	-0.811	-0.780	-0.899	-1.067	-1.062	-1.079	-1.066	-0.743	-1.088	-1.097	-1.082	-1.084	-1.084	-1.084	-1.088	-1.077	-1.080	-1.095	-1.092	-1.093	-1.081	-1.093	-1.086	-1.094	-1.087	-1.085	-1.082	-1.082	-1.063	-1.079	-1.073	-1.081	-1.075	-0.782	-1.070	-1.069	-1.069	-1.070	-1.063	-1.063	-1.064	-1.062	-1.066	-1.055	-1.058	-1.055	-1.050	-1.048	-1.052	-1.065	-1.070	-1.045	-1.068	-1.048	-0.758	-0.758	-1.054	-1.054	-1.045	-1.054	-1.020	-0.756	-1.022	-0.983	-0.650	-0.657	-0.992	-0.990	-0.935	-0.931	-1.072	-0.930	-0.868	-0.930	-0.868	-0.933	-0.873	-0.413	-0.682	-0.944	-0.997	-0.962	-1.005	-0.657	-0.962	-0.658	-0.660	-0.962	-1.009	-0.876	-0.875	-0.667	-0.668	-0.899	-0.705	-0.713	-0.712	-0.713	-0.736	-0.654	-0.958	-0.715	-0.972	-0.979	-0.896	-1.039	-1.078	-0.908	-0.935	-0.906	-0.927	-0.908	-0.999	-0.904	-0.902	-0.972	-0.905	-1.023	-0.947	-0.902	-0.901	-1.105	-0.931	-0.999	-1.043	
rs2724724      -0.855	-0.756	-0.771	-0.779	-0.773	-0.792	-0.818	-0.784	-0.787	-0.787	-0.785	-0.785	-0.784	-0.778	-0.783	-0.782	-0.775	-0.774	-0.636	-0.771	-0.759	-0.752	-0.754	-0.754	-0.752	-0.758	-0.726	-0.753	-0.743	-0.726	-0.732	-0.731	-0.739	-0.737	-0.719	-0.820	-0.739	-0.729	-0.728	-0.651	-0.690	-0.690	-0.687	-0.690	-0.691	-0.718	-0.706	-0.758	-0.648	-0.556	-0.803	-0.798	-0.805	-0.834	-0.835	-1.034	-0.829	-0.938	-0.810	-0.779	-0.898	-1.067	-1.062	-1.079	-1.066	-0.741	-1.088	-1.097	-1.082	-1.083	-1.084	-1.084	-1.088	-1.077	-1.080	-1.095	-1.092	-1.093	-1.080	-1.093	-1.086	-1.094	-1.087	-1.085	-1.082	-1.082	-1.063	-1.079	-1.073	-1.080	-1.075	-0.780	-1.070	-1.069	-1.069	-1.070	-1.063	-1.062	-1.064	-1.062	-1.066	-1.055	-1.057	-1.055	-1.050	-1.048	-1.051	-1.065	-1.071	-1.044	-1.069	-1.048	-0.757	-0.756	-1.054	-1.054	-1.045	-1.054	-1.020	-0.754	-1.022	-0.982	-0.649	-0.655	-0.992	-0.990	-0.934	-0.930	-1.072	-0.930	-0.868	-0.930	-0.868	-0.932	-0.872	-0.412	-0.681	-0.943	-0.997	-0.961	-1.005	-0.655	-0.961	-0.656	-0.658	-0.961	-1.009	-0.875	-0.875	-0.665	-0.666	-0.899	-0.703	-0.711	-0.711	-0.711	-0.735	-0.653	-0.958	-0.713	-0.972	-0.979	-0.896	-1.039	-1.078	-0.908	-0.935	-0.907	-0.926	-0.908	-1.000	-0.904	-0.902	-0.973	-0.906	-1.023	-0.948	-0.902	-0.901	-1.105	-0.931	-0.999	-1.043	
rs9864090      -0.861	-0.773	-0.787	-0.794	-0.788	-0.807	-0.829	-0.788	-0.783	-0.785	-0.781	-0.783	-0.779	-0.774	-0.780	-0.779	-0.771	-0.772	-0.771	-0.635	-0.771	-0.765	-0.766	-0.766	-0.765	-0.770	-0.744	-0.765	-0.757	-0.744	-0.748	-0.748	-0.754	-0.753	-0.738	-0.811	-0.753	-0.745	-0.744	-0.681	-0.714	-0.714	-0.709	-0.715	-0.712	-0.739	-0.727	-0.773	-0.652	-0.564	-0.807	-0.802	-0.810	-0.838	-0.839	-1.035	-0.833	-0.941	-0.814	-0.783	-0.901	-1.067	-1.063	-1.080	-1.066	-0.745	-1.089	-1.098	-1.082	-1.084	-1.085	-1.084	-1.089	-1.077	-1.081	-1.096	-1.092	-1.094	-1.081	-1.093	-1.087	-1.094	-1.088	-1.085	-1.083	-1.082	-1.064	-1.079	-1.073	-1.081	-1.075	-0.784	-1.071	-1.070	-1.069	-1.070	-1.064	-1.063	-1.064	-1.063	-1.066	-1.056	-1.058	-1.055	-1.051	-1.049	-1.052	-1.065	-1.070	-1.045	-1.068	-1.048	-0.761	-0.760	-1.055	-1.055	-1.046	-1.055	-1.021	-0.758	-1.023	-0.983	-0.653	-0.659	-0.993	-0.991	-0.935	-0.932	-1.072	-0.931	-0.870	-0.931	-0.870	-0.933	-0.874	-0.414	-0.685	-0.944	-0.997	-0.962	-1.006	-0.660	-0.962	-0.660	-0.663	-0.963	-1.008	-0.877	-0.877	-0.669	-0.670	-0.900	-0.707	-0.715	-0.715	-0.715	-0.739	-0.657	-0.959	-0.717	-0.972	-0.978	-0.897	-1.038	-1.078	-0.907	-0.935	-0.906	-0.927	-0.908	-0.998	-0.903	-0.902	-0.971	-0.905	-1.023	-0.946	-0.902	-0.901	-1.104	-0.930	-0.998	-1.042	
rs6439787      -0.879	-0.829	-0.837	-0.842	-0.838	-0.850	-0.862	-0.794	-0.769	-0.775	-0.767	-0.764	-0.764	-0.749	-0.767	-0.767	-0.760	-0.766	-0.759	-0.771	-0.630	-0.770	-0.770	-0.770	-0.770	-0.770	-0.775	-0.770	-0.769	-0.764	-0.766	-0.766	-0.769	-0.781	-0.766	-0.739	-0.769	-0.766	-0.766	-0.739	-0.761	-0.762	-0.758	-0.762	-0.760	-0.778	-0.770	-0.798	-0.662	-0.582	-0.817	-0.813	-0.820	-0.847	-0.848	-1.036	-0.842	-0.944	-0.823	-0.793	-0.907	-1.065	-1.060	-1.077	-1.064	-0.753	-1.085	-1.094	-1.079	-1.081	-1.082	-1.081	-1.085	-1.074	-1.078	-1.092	-1.089	-1.090	-1.078	-1.090	-1.084	-1.091	-1.084	-1.082	-1.080	-1.079	-1.062	-1.076	-1.071	-1.078	-1.072	-0.791	-1.068	-1.067	-1.067	-1.064	-1.062	-1.061	-1.062	-1.060	-1.060	-1.054	-1.056	-1.053	-1.048	-1.047	-1.050	-1.059	-1.065	-1.043	-1.063	-1.046	-0.768	-0.768	-1.052	-1.052	-1.044	-1.052	-1.019	-0.766	-1.022	-0.982	-0.663	-0.670	-0.992	-0.990	-0.935	-0.931	-1.069	-0.931	-0.872	-0.930	-0.872	-0.933	-0.876	-0.417	-0.695	-0.944	-0.991	-0.962	-1.004	-0.670	-0.962	-0.671	-0.673	-0.962	-1.002	-0.879	-0.878	-0.679	-0.680	-0.900	-0.717	-0.724	-0.724	-0.724	-0.747	-0.667	-0.958	-0.726	-0.965	-0.971	-0.898	-1.027	-1.073	-0.898	-0.928	-0.897	-0.923	-0.902	-0.988	-0.898	-0.898	-0.961	-0.899	-1.018	-0.933	-0.898	-0.895	-1.098	-0.920	-0.990	-1.033	
rs6439788      -0.880	-0.831	-0.839	-0.843	-0.840	-0.851	-0.863	-0.792	-0.766	-0.773	-0.764	-0.761	-0.761	-0.745	-0.763	-0.764	-0.754	-0.761	-0.752	-0.765	-0.770	-0.630	-0.765	-0.765	-0.765	-0.765	-0.772	-0.765	-0.765	-0.760	-0.762	-0.762	-0.764	-0.779	-0.762	-0.729	-0.764	-0.761	-0.761	-0.737	-0.760	-0.760	-0.757	-0.760	-0.759	-0.776	-0.769	-0.797	-0.663	-0.584	-0.818	-0.814	-0.821	-0.848	-0.849	-1.037	-0.843	-0.945	-0.824	-0.794	-0.908	-1.065	-1.060	-1.077	-1.064	-0.755	-1.085	-1.094	-1.079	-1.081	-1.082	-1.082	-1.086	-1.075	-1.078	-1.092	-1.089	-1.090	-1.078	-1.090	-1.084	-1.091	-1.085	-1.083	-1.080	-1.079	-1.062	-1.076	-1.071	-1.078	-1.073	-0.792	-1.068	-1.067	-1.067	-1.064	-1.062	-1.061	-1.062	-1.060	-1.060	-1.054	-1.056	-1.053	-1.049	-1.047	-1.050	-1.059	-1.065	-1.043	-1.063	-1.046	-0.770	-0.769	-1.053	-1.052	-1.044	-1.053	-1.019	-0.767	-1.022	-0.983	-0.665	-0.671	-0.992	-0.990	-0.935	-0.931	-1.069	-0.931	-0.872	-0.931	-0.872	-0.933	-0.876	-0.418	-0.696	-0.944	-0.990	-0.962	-1.004	-0.671	-0.962	-0.672	-0.674	-0.962	-1.002	-0.879	-0.879	-0.681	-0.681	-0.901	-0.718	-0.726	-0.725	-0.726	-0.748	-0.668	-0.958	-0.727	-0.964	-0.971	-0.899	-1.027	-1.073	-0.897	-0.928	-0.897	-0.923	-0.902	-0.988	-0.898	-0.898	-0.961	-0.899	-1.018	-0.933	-0.898	-0.895	-1.098	-0.920	-0.989	-1.033	
rs6439789      -0.880	-0.830	-0.839	-0.843	-0.839	-0.851	-0.863	-0.793	-0.768	-0.774	-0.766	-0.762	-0.762	-0.747	-0.764	-0.765	-0.756	-0.762	-0.754	-0.766	-0.770	-0.765	-0.630	-0.765	-0.765	-0.765	-0.772	-0.765	-0.764	-0.759	-0.761	-0.761	-0.764	-0.778	-0.762	-0.731	-0.764	-0.760	-0.760	-0.736	-0.759	-0.760	-0.756	-0.760	-0.758	-0.776	-0.768	-0.796	-0.663	-0.584	-0.818	-0.814	-0.821	-0.848	-0.849	-1.037	-0.843	-0.945	-0.824	-0.794	-0.908	-1.065	-1.060	-1.077	-1.064	-0.754	-1.085	-1.094	-1.079	-1.081	-1.082	-1.082	-1.086	-1.075	-1.078	-1.093	-1.089	-1.090	-1.078	-1.090	-1.084	-1.091	-1.085	-1.083	-1.080	-1.080	-1.062	-1.077	-1.071	-1.078	-1.073	-0.792	-1.068	-1.067	-1.067	-1.064	-1.062	-1.061	-1.062	-1.060	-1.060	-1.054	-1.056	-1.053	-1.049	-1.047	-1.050	-1.059	-1.065	-1.043	-1.063	-1.046	-0.769	-0.769	-1.053	-1.053	-1.044	-1.053	-1.019	-0.767	-1.022	-0.983	-0.665	-0.671	-0.992	-0.990	-0.935	-0.931	-1.070	-0.931	-0.872	-0.931	-0.872	-0.933	-0.876	-0.418	-0.696	-0.944	-0.991	-0.962	-1.005	-0.671	-0.962	-0.672	-0.674	-0.962	-1.002	-0.879	-0.879	-0.680	-0.681	-0.901	-0.718	-0.726	-0.725	-0.725	-0.748	-0.668	-0.958	-0.727	-0.964	-0.971	-0.899	-1.027	-1.073	-0.898	-0.929	-0.897	-0.923	-0.903	-0.988	-0.898	-0.898	-0.961	-0.900	-1.018	-0.933	-0.898	-0.895	-1.098	-0.920	-0.990	-1.033	
rs6791157      -0.880	-0.830	-0.839	-0.843	-0.839	-0.851	-0.863	-0.793	-0.768	-0.774	-0.766	-0.762	-0.762	-0.747	-0.764	-0.765	-0.756	-0.762	-0.754	-0.766	-0.770	-0.765	-0.765	-0.630	-0.765	-0.765	-0.772	-0.765	-0.764	-0.760	-0.761	-0.761	-0.764	-0.778	-0.762	-0.731	-0.764	-0.761	-0.760	-0.736	-0.759	-0.760	-0.756	-0.760	-0.758	-0.776	-0.768	-0.797	-0.663	-0.584	-0.818	-0.814	-0.821	-0.848	-0.849	-1.037	-0.843	-0.945	-0.824	-0.794	-0.908	-1.065	-1.060	-1.077	-1.064	-0.754	-1.085	-1.094	-1.079	-1.081	-1.082	-1.082	-1.086	-1.075	-1.078	-1.093	-1.089	-1.090	-1.078	-1.090	-1.084	-1.091	-1.085	-1.083	-1.080	-1.080	-1.062	-1.077	-1.071	-1.078	-1.073	-0.792	-1.068	-1.067	-1.067	-1.064	-1.062	-1.061	-1.062	-1.060	-1.060	-1.054	-1.056	-1.053	-1.049	-1.047	-1.050	-1.059	-1.065	-1.043	-1.063	-1.046	-0.769	-0.769	-1.053	-1.053	-1.044	-1.053	-1.019	-0.767	-1.022	-0.983	-0.665	-0.671	-0.992	-0.990	-0.935	-0.931	-1.070	-0.931	-0.872	-0.931	-0.872	-0.933	-0.876	-0.418	-0.696	-0.944	-0.991	-0.962	-1.005	-0.671	-0.962	-0.672	-0.674	-0.962	-1.002	-0.879	-0.879	-0.680	-0.681	-0.901	-0.718	-0.726	-0.725	-0.725	-0.748	-0.668	-0.958	-0.727	-0.964	-0.971	-0.899	-1.027	-1.073	-0.898	-0.929	-0.897	-0.923	-0.903	-0.988	-0.898	-0.898	-0.961	-0.900	-1.018	-0.933	-0.898	-0.895	-1.098	-0.920	-0.990	-1.033	
rs6791248      -0.880	-0.831	-0.839	-0.843	-0.840	-0.851	-0.863	-0.792	-0.766	-0.773	-0.764	-0.761	-0.761	-0.745	-0.763	-0.764	-0.754	-0.761	-0.752	-0.765	-0.770	-0.765	-0.765	-0.765	-0.630	-0.765	-0.773	-0.765	-0.765	-0.760	-0.762	-0.762	-0.764	-0.779	-0.762	-0.729	-0.764	-0.761	-0.761	-0.737	-0.760	-0.761	-0.757	-0.761	-0.759	-0.777	-0.769	-0.797	-0.663	-0.584	-0.818	-0.814	-0.821	-0.848	-0.849	-1.037	-0.843	-0.945	-0.824	-0.794	-0.908	-1.065	-1.060	-1.077	-1.064	-0.755	-1.085	-1.094	-1.079	-1.081	-1.082	-1.082	-1.086	-1.075	-1.078	-1.092	-1.089	-1.090	-1.078	-1.090	-1.084	-1.091	-1.085	-1.083	-1.080	-1.079	-1.062	-1.076	-1.071	-1.078	-1.073	-0.792	-1.068	-1.067	-1.067	-1.064	-1.062	-1.061	-1.062	-1.060	-1.060	-1.054	-1.056	-1.053	-1.049	-1.047	-1.050	-1.059	-1.065	-1.043	-1.063	-1.046	-0.770	-0.769	-1.053	-1.052	-1.044	-1.053	-1.019	-0.767	-1.022	-0.983	-0.665	-0.671	-0.992	-0.990	-0.935	-0.931	-1.069	-0.931	-0.872	-0.931	-0.872	-0.933	-0.876	-0.418	-0.696	-0.944	-0.990	-0.962	-1.004	-0.671	-0.962	-0.672	-0.674	-0.962	-1.002	-0.879	-0.879	-0.681	-0.682	-0.901	-0.718	-0.726	-0.725	-0.726	-0.748	-0.668	-0.958	-0.727	-0.964	-0.971	-0.899	-1.027	-1.073	-0.897	-0.928	-0.897	-0.923	-0.902	-0.988	-0.897	-0.898	-0.961	-0.899	-1.018	-0.933	-0.898	-0.895	-1.098	-0.920	-0.989	-1.033	
rs2622738      -0.880	-0.829	-0.837	-0.842	-0.838	-0.850	-0.863	-0.796	-0.772	-0.777	-0.770	-0.767	-0.767	-0.752	-0.769	-0.769	-0.760	-0.766	-0.758	-0.770	-0.770	-0.765	-0.765	-0.765	-0.765	-0.631	-0.770	-0.765	-0.764	-0.758	-0.760	-0.760	-0.763	-0.776	-0.759	-0.736	-0.763	-0.758	-0.758	-0.731	-0.756	-0.756	-0.752	-0.756	-0.755	-0.773	-0.765	-0.795	-0.662	-0.583	-0.817	-0.813	-0.820	-0.847	-0.849	-1.037	-0.842	-0.945	-0.823	-0.793	-0.907	-1.065	-1.061	-1.077	-1.064	-0.754	-1.086	-1.095	-1.080	-1.081	-1.082	-1.082	-1.086	-1.075	-1.078	-1.093	-1.090	-1.091	-1.079	-1.090	-1.084	-1.091	-1.085	-1.083	-1.080	-1.080	-1.063	-1.077	-1.071	-1.079	-1.073	-0.792	-1.068	-1.067	-1.067	-1.065	-1.062	-1.061	-1.062	-1.061	-1.061	-1.054	-1.056	-1.054	-1.049	-1.047	-1.051	-1.060	-1.065	-1.043	-1.063	-1.047	-0.769	-0.768	-1.053	-1.053	-1.044	-1.053	-1.020	-0.766	-1.022	-0.983	-0.664	-0.670	-0.992	-0.990	-0.936	-0.932	-1.070	-0.931	-0.872	-0.931	-0.872	-0.933	-0.876	-0.418	-0.695	-0.944	-0.991	-0.962	-1.005	-0.670	-0.962	-0.671	-0.674	-0.962	-1.003	-0.879	-0.879	-0.680	-0.681	-0.901	-0.717	-0.725	-0.725	-0.725	-0.748	-0.667	-0.958	-0.727	-0.965	-0.972	-0.899	-1.028	-1.073	-0.898	-0.929	-0.898	-0.924	-0.903	-0.989	-0.898	-0.899	-0.962	-0.900	-1.019	-0.934	-0.899	-0.895	-1.098	-0.921	-0.990	-1.034	
rs2724714      -0.882	-0.854	-0.859	-0.862	-0.859	-0.867	-0.874	-0.776	-0.740	-0.748	-0.738	-0.732	-0.734	-0.713	-0.737	-0.738	-0.728	-0.737	-0.726	-0.744	-0.775	-0.772	-0.772	-0.772	-0.773	-0.770	-0.624	-0.773	-0.778	-0.781	-0.781	-0.781	-0.780	-0.767	-0.788	-0.689	-0.780	-0.782	-0.782	-0.750	-0.769	-0.769	-0.766	-0.769	-0.768	-0.781	-0.776	-0.792	-0.666	-0.593	-0.823	-0.819	-0.826	-0.852	-0.853	-1.035	-0.847	-0.945	-0.828	-0.799	-0.910	-1.061	-1.057	-1.073	-1.060	-0.758	-1.081	-1.090	-1.075	-1.077	-1.078	-1.078	-1.081	-1.071	-1.074	-1.088	-1.085	-1.086	-1.074	-1.086	-1.080	-1.087	-1.081	-1.079	-1.076	-1.076	-1.059	-1.073	-1.067	-1.074	-1.069	-0.795	-1.064	-1.064	-1.063	-1.058	-1.058	-1.057	-1.059	-1.057	-1.054	-1.051	-1.053	-1.050	-1.045	-1.044	-1.047	-1.053	-1.059	-1.040	-1.057	-1.043	-0.773	-0.772	-1.049	-1.049	-1.041	-1.049	-1.017	-0.770	-1.019	-0.980	-0.670	-0.676	-0.989	-0.988	-0.934	-0.929	-1.066	-0.928	-0.871	-0.928	-0.871	-0.930	-0.875	-0.418	-0.700	-0.942	-0.984	-0.960	-1.002	-0.676	-0.960	-0.677	-0.679	-0.960	-0.996	-0.878	-0.877	-0.685	-0.686	-0.899	-0.722	-0.730	-0.729	-0.730	-0.752	-0.672	-0.955	-0.731	-0.957	-0.964	-0.897	-1.017	-1.067	-0.889	-0.922	-0.889	-0.919	-0.896	-0.978	-0.891	-0.893	-0.950	-0.893	-1.013	-0.919	-0.893	-0.888	-1.091	-0.909	-0.981	-1.025	
rs6801371      -0.880	-0.832	-0.840	-0.844	-0.840	-0.852	-0.864	-0.793	-0.767	-0.774	-0.766	-0.762	-0.762	-0.746	-0.764	-0.764	-0.755	-0.761	-0.753	-0.765	-0.770	-0.765	-0.765	-0.765	-0.765	-0.765	-0.773	-0.630	-0.765	-0.760	-0.762	-0.762	-0.764	-0.779	-0.762	-0.729	-0.764	-0.761	-0.761	-0.738	-0.760	-0.761	-0.757	-0.761	-0.759	-0.777	-0.769	-0.797	-0.663	-0.584	-0.818	-0.814	-0.821	-0.848	-0.849	-1.037	-0.843	-0.945	-0.824	-0.794	-0.908	-1.065	-1.060	-1.077	-1.064	-0.755	-1.085	-1.094	-1.079	-1.081	-1.082	-1.082	-1.086	-1.075	-1.078	-1.092	-1.089	-1.090	-1.078	-1.090	-1.084	-1.091	-1.085	-1.083	-1.080	-1.080	-1.062	-1.076	-1.071	-1.078	-1.073	-0.792	-1.068	-1.067	-1.067	-1.064	-1.062	-1.061	-1.062	-1.060	-1.060	-1.054	-1.056	-1.053	-1.049	-1.047	-1.050	-1.059	-1.065	-1.043	-1.063	-1.046	-0.770	-0.769	-1.053	-1.053	-1.044	-1.053	-1.019	-0.767	-1.022	-0.983	-0.665	-0.671	-0.992	-0.990	-0.935	-0.931	-1.070	-0.931	-0.872	-0.931	-0.872	-0.933	-0.876	-0.418	-0.696	-0.944	-0.990	-0.962	-1.004	-0.671	-0.962	-0.672	-0.674	-0.962	-1.002	-0.879	-0.879	-0.681	-0.682	-0.901	-0.718	-0.726	-0.725	-0.726	-0.749	-0.668	-0.958	-0.728	-0.964	-0.971	-0.899	-1.027	-1.073	-0.897	-0.928	-0.897	-0.923	-0.902	-0.988	-0.898	-0.898	-0.961	-0.899	-1.018	-0.933	-0.898	-0.895	-1.098	-0.920	-0.989	-1.033	
rs4678256      -0.881	-0.837	-0.844	-0.848	-0.845	-0.855	-0.866	-0.789	-0.760	-0.767	-0.757	-0.754	-0.754	-0.736	-0.756	-0.756	-0.746	-0.753	-0.743	-0.757	-0.769	-0.765	-0.764	-0.764	-0.765	-0.764	-0.778	-0.765	-0.629	-0.762	-0.763	-0.762	-0.764	-0.782	-0.765	-0.713	-0.764	-0.762	-0.762	-0.746	-0.767	-0.767	-0.764	-0.767	-0.766	-0.782	-0.775	-0.800	-0.664	-0.587	-0.820	-0.815	-0.822	-0.849	-0.851	-1.036	-0.844	-0.945	-0.825	-0.795	-0.908	-1.064	-1.060	-1.076	-1.063	-0.756	-1.085	-1.093	-1.079	-1.080	-1.081	-1.081	-1.085	-1.074	-1.077	-1.092	-1.088	-1.090	-1.078	-1.089	-1.083	-1.090	-1.084	-1.082	-1.079	-1.079	-1.062	-1.076	-1.070	-1.077	-1.072	-0.793	-1.067	-1.067	-1.066	-1.063	-1.061	-1.060	-1.061	-1.060	-1.059	-1.053	-1.055	-1.053	-1.048	-1.047	-1.050	-1.058	-1.064	-1.043	-1.062	-1.046	-0.771	-0.770	-1.052	-1.052	-1.043	-1.052	-1.019	-0.768	-1.021	-0.982	-0.666	-0.673	-0.992	-0.990	-0.935	-0.931	-1.069	-0.931	-0.872	-0.930	-0.872	-0.933	-0.876	-0.418	-0.697	-0.944	-0.989	-0.962	-1.004	-0.673	-0.962	-0.673	-0.676	-0.962	-1.001	-0.879	-0.879	-0.682	-0.683	-0.901	-0.719	-0.727	-0.727	-0.727	-0.750	-0.670	-0.957	-0.729	-0.963	-0.970	-0.899	-1.025	-1.072	-0.896	-0.927	-0.895	-0.922	-0.901	-0.986	-0.896	-0.897	-0.959	-0.898	-1.017	-0.930	-0.897	-0.894	-1.096	-0.918	-0.988	-1.032	
rs2622741      -0.880	-0.841	-0.848	-0.851	-0.848	-0.858	-0.867	-0.780	-0.746	-0.754	-0.744	-0.739	-0.739	-0.719	-0.742	-0.742	-0.730	-0.738	-0.726	-0.744	-0.764	-0.760	-0.759	-0.760	-0.760	-0.758	-0.781	-0.760	-0.762	-0.627	-0.762	-0.762	-0.763	-0.785	-0.768	-0.692	-0.763	-0.763	-0.763	-0.757	-0.774	-0.775	-0.772	-0.775	-0.773	-0.787	-0.781	-0.802	-0.666	-0.590	-0.821	-0.817	-0.824	-0.850	-0.852	-1.036	-0.846	-0.945	-0.827	-0.797	-0.909	-1.063	-1.059	-1.075	-1.062	-0.757	-1.083	-1.092	-1.077	-1.079	-1.080	-1.080	-1.084	-1.073	-1.076	-1.090	-1.087	-1.088	-1.076	-1.088	-1.082	-1.089	-1.083	-1.081	-1.078	-1.078	-1.061	-1.075	-1.069	-1.076	-1.071	-0.794	-1.066	-1.065	-1.065	-1.061	-1.060	-1.059	-1.060	-1.059	-1.057	-1.052	-1.054	-1.052	-1.047	-1.046	-1.049	-1.056	-1.062	-1.042	-1.060	-1.045	-0.772	-0.771	-1.051	-1.051	-1.042	-1.051	-1.018	-0.769	-1.020	-0.981	-0.668	-0.674	-0.991	-0.989	-0.935	-0.930	-1.068	-0.930	-0.872	-0.930	-0.872	-0.932	-0.876	-0.418	-0.699	-0.943	-0.987	-0.961	-1.003	-0.674	-0.961	-0.675	-0.677	-0.961	-0.999	-0.879	-0.879	-0.684	-0.684	-0.900	-0.720	-0.728	-0.728	-0.728	-0.751	-0.671	-0.957	-0.730	-0.961	-0.968	-0.898	-1.022	-1.070	-0.893	-0.925	-0.893	-0.921	-0.900	-0.984	-0.894	-0.896	-0.956	-0.896	-1.016	-0.927	-0.896	-0.892	-1.095	-0.915	-0.986	-1.029	
