## Summary of overall evidence for association with region:
## log10(BF for region) = 7.27764
## p-value for region = NA

## BFs for choosing among multi-SNP models:
## log10(average 1-SNP BF) = 7.29854
## log10(average 2-SNP BF) = 7.23255

## Example posterior probabilities for multi-SNP models, based on default prior: [p(l) propto 0.5^l for l=1,2,...,L]
## posterior probability of 1-SNP = 0.699541
## posterior probability of 2-SNP = 0.300459

## log10(BF) for single SNP and pair of SNPs:
rs217702       -0.333	-0.406	-0.619	+4.974	+4.974	+4.884	-0.732	-0.793	+0.461	-0.792	-0.769	+0.040	+6.940	-0.515	+7.131	+6.469	-0.769	+7.125	+7.143	+7.128	+4.360	+7.145	+7.141	-0.528	+4.877	-0.017	+7.204	+7.107	-0.717	+7.047	+7.096	+0.286	+7.095	-0.769	+6.965	-0.769	+7.076	-0.768	-0.046	+7.068	-0.512	-0.768	-0.768	-0.769	+0.049	-0.722	+7.077	+7.006	+7.035	-0.550	+7.012	+7.020	+7.009	+6.967	+6.962	+0.280	-0.553	+0.849	-0.234	+4.137	+6.642	+6.626	+0.409	-0.247	-0.565	+6.570	+0.266	+0.347	+0.272	-0.618	-0.600	+2.966	+3.045	-0.612	-0.601	-0.590	-0.592	-0.593	-0.592	-0.593	+2.987	-0.592	-0.595	-0.580	+0.905	-0.561	-0.585	-0.584	-0.583	-0.581	-0.587	-0.589	-0.391	+0.652	-0.576	-0.576	+0.607	-0.527	-0.623	-0.619	-0.394	-0.457	-0.512	-0.548	-0.547	-0.513	-0.512	-0.549	-0.553	-0.512	-0.530	
rs217642       -0.406	-0.029	+0.172	+5.000	+5.001	+4.914	-0.254	-0.474	+0.596	-0.470	-0.440	+0.128	+6.971	-0.293	+7.158	+6.499	-0.458	+7.152	+7.170	+7.155	+4.455	+7.172	+7.168	-0.297	+4.817	+0.402	+7.230	+7.134	-0.484	+7.074	+7.122	+0.379	+7.122	-0.446	+6.992	-0.445	+7.103	-0.449	+0.379	+7.095	-0.292	-0.448	-0.448	-0.445	+0.484	-0.484	+7.103	+7.033	+7.062	-0.313	+7.039	+7.047	+7.036	+6.995	+6.990	+0.380	-0.305	+1.304	+0.934	+4.021	+6.671	+6.655	+0.458	-0.201	-0.313	+6.599	+0.698	+0.788	+0.713	-0.441	-0.433	+2.947	+3.026	-0.327	-0.318	-0.309	-0.322	-0.322	-0.311	-0.322	+2.968	-0.311	-0.311	-0.297	+0.924	-0.285	-0.303	-0.302	-0.302	-0.299	-0.304	-0.306	-0.236	+0.686	-0.297	-0.297	+0.625	-0.347	-0.330	-0.329	-0.128	-0.188	-0.237	-0.275	-0.274	-0.238	-0.237	-0.275	-0.279	-0.237	-0.257	
rs217686       -0.619	+0.172	-0.537	+5.205	+5.204	+5.050	-0.917	-0.952	+3.570	-0.953	-0.941	+1.749	+7.281	-0.736	+7.551	+6.818	-0.938	+7.544	+7.563	+7.547	+4.621	+7.564	+7.560	-0.746	+5.144	-0.716	+7.626	+7.523	-0.862	+7.457	+7.510	+2.137	+7.508	-0.940	+7.362	-0.940	+7.486	-0.938	-0.730	+7.477	-0.732	-0.939	-0.939	-0.941	-0.673	-0.868	+7.484	+7.404	+7.441	-0.774	+7.416	+7.403	+7.412	+7.367	+7.362	+2.091	-0.768	-0.035	-0.536	+4.151	+7.011	+6.994	+1.456	+0.195	-0.780	+6.929	-0.452	-0.394	-0.444	-0.740	-0.720	+2.872	+2.953	-0.776	-0.758	-0.738	-0.735	-0.735	-0.742	-0.736	+2.893	-0.742	-0.754	-0.737	+1.019	-0.705	-0.747	-0.744	-0.744	-0.740	-0.749	-0.753	-0.443	+0.719	-0.725	-0.725	+0.533	-0.612	-0.812	-0.800	-0.502	-0.566	-0.641	-0.664	-0.663	-0.642	-0.642	-0.665	-0.671	-0.642	-0.642	
rs217683       +4.974	+5.000	+5.205	+5.794	+5.839	+5.782	+5.064	+5.215	+5.499	+5.199	+5.209	+5.251	+7.455	+5.224	+8.070	+7.081	+5.247	+8.045	+8.049	+8.045	+5.730	+8.067	+8.060	+5.220	+5.871	+4.962	+8.136	+7.999	+5.475	+7.895	+7.969	+5.511	+7.958	+5.213	+7.740	+5.211	+7.920	+5.224	+4.963	+7.909	+5.225	+5.222	+5.222	+5.211	+4.970	+5.455	+7.911	+7.805	+7.857	+5.204	+7.822	+7.778	+7.816	+7.753	+7.745	+5.510	+5.217	+5.358	+4.955	+5.590	+7.273	+7.251	+5.270	+4.984	+5.209	+7.173	+5.112	+5.147	+5.120	+5.678	+5.707	+5.511	+5.544	+5.327	+5.361	+5.410	+5.430	+5.429	+5.401	+5.428	+5.520	+5.402	+5.370	+5.398	+5.671	+5.482	+5.389	+5.395	+5.395	+5.403	+5.385	+5.378	+5.553	+5.456	+5.440	+5.440	+5.820	+5.311	+5.232	+5.267	+5.756	+5.659	+5.527	+5.521	+5.523	+5.524	+5.525	+5.520	+5.510	+5.525	+5.561	
rs217681       +4.974	+5.001	+5.204	+5.839	+5.795	+5.782	+5.064	+5.215	+5.499	+5.199	+5.209	+5.251	+7.458	+5.224	+8.101	+7.090	+5.247	+8.075	+8.079	+8.076	+5.728	+8.097	+8.090	+5.221	+5.869	+4.962	+8.166	+8.027	+5.475	+7.921	+7.996	+5.511	+7.985	+5.213	+7.761	+5.212	+7.945	+5.224	+4.963	+7.934	+5.225	+5.222	+5.222	+5.211	+4.970	+5.455	+7.936	+7.828	+7.881	+5.204	+7.845	+7.797	+7.839	+7.775	+7.767	+5.509	+5.217	+5.357	+4.955	+5.588	+7.285	+7.262	+5.269	+4.984	+5.210	+7.182	+5.112	+5.146	+5.120	+5.678	+5.706	+5.510	+5.543	+5.329	+5.363	+5.412	+5.432	+5.431	+5.403	+5.431	+5.519	+5.404	+5.372	+5.399	+5.669	+5.483	+5.391	+5.396	+5.397	+5.405	+5.386	+5.379	+5.553	+5.455	+5.441	+5.441	+5.820	+5.311	+5.233	+5.267	+5.757	+5.660	+5.527	+5.522	+5.524	+5.525	+5.526	+5.522	+5.512	+5.526	+5.562	
rs58511        +4.884	+4.914	+5.050	+5.782	+5.782	+5.706	+4.956	+5.090	+5.457	+5.076	+5.090	+5.194	+7.936	+5.128	+7.659	+6.974	+5.125	+7.650	+7.664	+7.652	+5.597	+7.670	+7.665	+5.124	+5.924	+4.865	+7.731	+7.626	+5.344	+7.559	+7.611	+5.464	+7.609	+5.094	+7.465	+5.093	+7.586	+5.105	+4.865	+7.578	+5.130	+5.103	+5.103	+5.093	+4.874	+5.325	+7.586	+7.510	+7.543	+5.105	+7.518	+7.518	+7.514	+7.470	+7.465	+5.461	+5.119	+5.279	+4.847	+5.613	+7.137	+7.122	+5.224	+4.903	+5.110	+7.067	+5.026	+5.061	+5.033	+5.545	+5.574	+5.520	+5.556	+5.226	+5.259	+5.309	+5.326	+5.325	+5.300	+5.324	+5.529	+5.301	+5.269	+5.289	+5.644	+5.371	+5.280	+5.286	+5.286	+5.294	+5.276	+5.269	+5.433	+5.412	+5.332	+5.332	+5.765	+5.194	+5.131	+5.163	+5.642	+5.543	+5.415	+5.406	+5.408	+5.413	+5.413	+5.405	+5.395	+5.413	+5.446	
rs7148769      -0.732	-0.254	-0.917	+5.064	+5.064	+4.956	-0.515	-0.806	+0.904	-0.807	-0.692	+0.333	+7.070	-0.699	+7.275	+6.597	-0.709	+7.269	+7.287	+7.272	+4.437	+7.288	+7.285	-0.711	+4.895	-0.538	+7.349	+7.249	-0.440	+7.188	+7.238	+0.622	+7.237	-0.689	+7.100	-0.691	+7.216	-0.678	-0.557	+7.209	-0.695	-0.681	-0.681	-0.691	-0.488	-0.456	+7.216	+7.146	+7.175	-0.737	+7.151	+7.161	+7.148	+7.106	+7.100	+0.605	-0.735	+0.236	-0.542	+4.076	+6.772	+6.756	+0.894	-0.043	-0.747	+6.700	-0.229	-0.164	-0.221	-0.293	-0.234	+2.992	+3.075	-0.780	-0.766	-0.751	-0.757	-0.757	-0.754	-0.758	+3.012	-0.754	-0.760	-0.741	+1.027	-0.714	-0.748	-0.746	-0.746	-0.743	-0.750	-0.753	-0.447	+0.728	-0.731	-0.731	+0.471	-0.609	-0.800	-0.792	-0.528	-0.594	-0.656	-0.692	-0.691	-0.658	-0.657	-0.692	-0.697	-0.657	-0.671	
rs217669       -0.793	-0.474	-0.952	+5.215	+5.215	+5.090	-0.806	-0.602	+0.773	-0.751	-0.867	+0.201	+7.229	-0.792	+7.455	+6.764	-0.887	+7.449	+7.466	+7.452	+4.519	+7.468	+7.464	-0.803	+5.049	-0.651	+7.529	+7.428	-0.786	+7.365	+7.416	+0.495	+7.414	-0.869	+7.273	-0.870	+7.393	-0.868	-0.669	+7.385	-0.789	-0.868	-0.868	-0.870	-0.602	-0.794	+7.392	+7.323	+7.351	-0.830	+7.327	+7.337	+7.323	+7.280	+7.275	+0.475	-0.825	+0.101	-0.549	+4.212	+6.939	+6.923	+0.527	-0.291	-0.838	+6.867	-0.353	-0.290	-0.345	-0.657	-0.624	+3.115	+3.199	-0.860	-0.846	-0.831	-0.836	-0.836	-0.834	-0.837	+3.131	-0.834	-0.841	-0.824	+0.862	-0.799	-0.831	-0.829	-0.829	-0.826	-0.833	-0.836	-0.578	+0.575	-0.817	-0.817	+0.375	-0.732	-0.882	-0.875	-0.617	-0.680	-0.743	-0.774	-0.773	-0.744	-0.743	-0.774	-0.779	-0.743	-0.754	
rs8008341      +0.461	+0.596	+3.570	+5.499	+5.499	+5.457	+0.904	+0.773	+0.966	+0.786	+0.675	+0.719	+7.331	+0.709	+7.476	+6.844	+0.645	+7.471	+7.488	+7.473	+4.973	+7.489	+7.486	+0.696	+5.638	+1.820	+7.546	+7.454	+0.530	+7.397	+7.444	+0.735	+7.443	+0.663	+7.318	+0.664	+7.425	+0.654	+1.797	+7.418	+0.711	+0.655	+0.655	+0.665	+1.937	+0.537	+7.425	+7.356	+7.386	+0.680	+7.364	+7.363	+7.361	+7.322	+7.317	+0.733	+0.674	+2.782	+3.472	+4.820	+7.015	+7.001	+0.780	+0.529	+0.663	+6.946	+2.079	+2.199	+2.099	+0.499	+0.497	+3.618	+3.690	+0.625	+0.631	+0.637	+0.620	+0.620	+0.636	+0.620	+3.634	+0.636	+0.639	+0.647	+1.472	+0.652	+0.642	+0.643	+0.643	+0.645	+0.642	+0.640	+0.580	+1.299	+0.642	+0.642	+1.421	+0.511	+0.637	+0.632	+0.790	+0.731	+0.689	+0.649	+0.649	+0.688	+0.688	+0.649	+0.646	+0.688	+0.665	
rs217672       -0.792	-0.470	-0.953	+5.199	+5.199	+5.076	-0.807	-0.751	+0.786	-0.601	-0.862	+0.212	+7.213	-0.792	+7.439	+6.748	-0.881	+7.433	+7.449	+7.435	+4.509	+7.452	+7.448	-0.802	+5.034	-0.646	+7.512	+7.412	-0.773	+7.349	+7.400	+0.504	+7.398	-0.864	+7.257	-0.864	+7.377	-0.862	-0.664	+7.369	-0.789	-0.862	-0.862	-0.864	-0.596	-0.782	+7.376	+7.306	+7.335	-0.829	+7.311	+7.321	+7.307	+7.264	+7.259	+0.484	-0.825	+0.106	-0.549	+4.201	+6.924	+6.908	+0.543	-0.281	-0.837	+6.851	-0.349	-0.286	-0.341	-0.641	-0.606	+3.109	+3.197	-0.859	-0.845	-0.830	-0.835	-0.835	-0.833	-0.835	+3.126	-0.833	-0.840	-0.823	+0.871	-0.798	-0.830	-0.828	-0.828	-0.825	-0.832	-0.835	-0.572	+0.582	-0.815	-0.815	+0.378	-0.727	-0.881	-0.873	-0.616	-0.679	-0.741	-0.773	-0.772	-0.742	-0.742	-0.773	-0.778	-0.742	-0.753	
rs2274070      -0.769	-0.440	-0.941	+5.209	+5.209	+5.090	-0.692	-0.867	+0.675	-0.862	-0.585	+0.145	+7.242	-0.774	+7.463	+6.774	-0.782	+7.456	+7.472	+7.459	+4.547	+7.475	+7.471	-0.785	+5.054	-0.652	+7.537	+7.435	-0.562	+7.372	+7.423	+0.427	+7.421	-0.725	+7.280	-0.725	+7.401	-0.723	-0.669	+7.393	-0.771	-0.724	-0.724	-0.726	-0.604	-0.579	+7.399	+7.330	+7.358	-0.811	+7.334	+7.345	+7.330	+7.288	+7.282	+0.412	-0.808	+0.078	-0.435	+4.221	+6.947	+6.931	+0.692	-0.203	-0.820	+6.875	-0.365	-0.304	-0.357	-0.472	-0.415	+3.171	+3.259	-0.843	-0.829	-0.814	-0.819	-0.819	-0.817	-0.819	+3.190	-0.817	-0.824	-0.808	+0.851	-0.783	-0.815	-0.813	-0.813	-0.810	-0.817	-0.820	-0.582	+0.569	-0.801	-0.801	+0.387	-0.730	-0.866	-0.859	-0.601	-0.664	-0.727	-0.757	-0.757	-0.728	-0.727	-0.758	-0.763	-0.728	-0.737	
rs2296179      +0.040	+0.128	+1.749	+5.251	+5.251	+5.194	+0.333	+0.201	+0.719	+0.212	+0.145	+0.483	+7.122	+0.239	+7.283	+6.641	+0.118	+7.278	+7.296	+7.281	+4.702	+7.297	+7.293	+0.228	+4.986	+1.027	+7.355	+7.260	+0.036	+7.203	+7.250	+0.523	+7.249	+0.136	+7.122	+0.137	+7.230	+0.128	+1.005	+7.223	+0.241	+0.130	+0.130	+0.137	+1.122	+0.040	+7.231	+7.161	+7.191	+0.210	+7.169	+7.171	+7.165	+7.125	+7.120	+0.507	+0.207	+1.932	+2.169	+4.206	+6.811	+6.796	+0.558	+0.120	+0.195	+6.741	+1.304	+1.406	+1.321	+0.034	+0.035	+3.134	+3.208	+0.163	+0.171	+0.179	+0.164	+0.164	+0.177	+0.164	+3.152	+0.177	+0.178	+0.188	+1.158	+0.198	+0.184	+0.185	+0.185	+0.187	+0.183	+0.181	+0.158	+0.962	+0.187	+0.187	+0.995	+0.077	+0.166	+0.164	+0.349	+0.289	+0.240	+0.203	+0.203	+0.239	+0.240	+0.203	+0.199	+0.240	+0.220	
rs912376       +6.940	+6.971	+7.281	+7.455	+7.458	+7.936	+7.070	+7.229	+7.331	+7.213	+7.242	+7.122	+7.836	+7.211	+8.004	+7.691	+7.289	+8.002	+8.015	+8.004	+7.950	+8.014	+8.012	+7.208	+7.355	+6.943	+8.052	+7.992	+7.544	+7.959	+7.987	+7.334	+7.988	+7.251	+7.917	+7.249	+7.978	+7.263	+6.947	+7.973	+7.211	+7.261	+7.261	+7.249	+6.944	+7.522	+7.979	+7.940	+7.955	+7.192	+7.942	+7.955	+7.940	+7.918	+7.916	+7.341	+7.205	+7.271	+6.970	+7.276	+7.767	+7.761	+7.101	+6.926	+7.198	+7.740	+7.056	+7.086	+7.064	+7.755	+7.785	+7.199	+7.216	+7.367	+7.414	+7.463	+7.492	+7.491	+7.452	+7.490	+7.204	+7.453	+7.415	+7.405	+7.499	+7.497	+7.398	+7.404	+7.404	+7.413	+7.393	+7.386	+7.499	+7.333	+7.455	+7.455	+7.742	+7.295	+7.230	+7.268	+7.784	+7.685	+7.538	+7.543	+7.545	+7.536	+7.537	+7.542	+7.531	+7.536	+7.585	
rs217675       -0.515	-0.293	-0.736	+5.224	+5.224	+5.128	-0.699	-0.792	+0.709	-0.792	-0.774	+0.239	+7.211	-0.318	+7.402	+6.735	-0.785	+7.396	+7.413	+7.399	+4.636	+7.416	+7.412	-0.428	+5.038	-0.424	+7.475	+7.377	-0.762	+7.317	+7.366	+0.634	+7.366	-0.776	+7.234	-0.776	+7.346	-0.777	-0.440	+7.339	-0.422	-0.777	-0.777	-0.776	-0.376	-0.765	+7.347	+7.276	+7.306	-0.475	+7.282	+7.291	+7.279	+7.237	+7.232	+0.624	-0.429	+0.306	-0.288	+4.228	+6.910	+6.895	+0.559	-0.169	-0.467	+6.838	-0.131	-0.070	-0.123	-0.680	-0.667	+3.147	+3.229	-0.604	-0.589	-0.574	-0.581	-0.581	-0.578	-0.581	+3.169	-0.577	-0.584	-0.565	+1.029	-0.541	-0.572	-0.570	-0.570	-0.567	-0.574	-0.577	-0.378	+0.761	-0.558	-0.558	+0.621	-0.521	-0.624	-0.617	-0.353	-0.419	-0.482	-0.515	-0.514	-0.484	-0.483	-0.516	-0.520	-0.483	-0.494	
rs217679       +7.131	+7.158	+7.551	+8.070	+8.101	+7.659	+7.275	+7.455	+7.476	+7.439	+7.463	+7.283	+8.004	+7.402	+8.020	+7.972	+7.516	+8.071	+8.075	+8.072	+7.735	+8.080	+8.078	+7.400	+7.629	+7.142	+8.108	+8.060	+7.784	+8.031	+8.052	+7.481	+8.050	+7.474	+7.993	+7.472	+8.039	+7.487	+7.147	+8.036	+7.402	+7.485	+7.485	+7.472	+7.140	+7.761	+8.037	+8.008	+8.021	+7.388	+8.012	+8.004	+8.011	+7.996	+7.994	+7.489	+7.399	+7.435	+7.192	+7.575	+7.921	+7.918	+7.253	+7.119	+7.394	+7.904	+7.235	+7.262	+7.242	+7.993	+8.023	+7.341	+7.352	+7.569	+7.617	+7.667	+7.698	+7.697	+7.655	+7.696	+7.345	+7.656	+7.616	+7.613	+7.613	+7.708	+7.606	+7.612	+7.613	+7.622	+7.601	+7.594	+7.717	+7.464	+7.662	+7.662	+7.880	+7.509	+7.428	+7.468	+7.998	+7.901	+7.748	+7.758	+7.760	+7.746	+7.747	+7.757	+7.746	+7.746	+7.800	
rs217680       +6.469	+6.499	+6.818	+7.081	+7.090	+6.974	+6.597	+6.764	+6.844	+6.748	+6.774	+6.641	+7.691	+6.735	+7.972	+7.338	+6.825	+7.962	+7.963	+7.965	+6.958	+7.983	+7.978	+6.732	+6.926	+6.472	+8.037	+7.927	+7.084	+7.846	+7.903	+6.855	+7.893	+6.785	+7.737	+6.783	+7.864	+6.798	+6.476	+7.855	+6.735	+6.796	+6.796	+6.783	+6.472	+7.062	+7.857	+7.780	+7.816	+6.719	+7.790	+7.768	+7.786	+7.742	+7.737	+6.852	+6.731	+6.798	+6.503	+6.852	+7.467	+7.456	+6.626	+6.455	+6.724	+7.421	+6.584	+6.613	+6.591	+7.279	+7.309	+6.729	+6.745	+6.883	+6.923	+6.977	+6.998	+6.998	+6.966	+6.997	+6.734	+6.967	+6.937	+6.922	+7.003	+7.010	+6.914	+6.920	+6.921	+6.929	+6.910	+6.903	+7.052	+6.846	+6.969	+6.968	+7.241	+6.846	+6.751	+6.788	+7.291	+7.196	+7.054	+7.055	+7.057	+7.052	+7.052	+7.054	+7.044	+7.052	+7.096	
rs11158366     -0.769	-0.458	-0.938	+5.247	+5.247	+5.125	-0.709	-0.887	+0.645	-0.881	-0.782	+0.118	+7.289	-0.785	+7.516	+6.825	-0.595	+7.510	+7.525	+7.512	+4.580	+7.529	+7.525	-0.796	+5.102	-0.672	+7.591	+7.488	-0.723	+7.425	+7.476	+0.399	+7.475	-0.784	+7.333	-0.784	+7.454	-0.787	-0.689	+7.446	-0.782	-0.787	-0.787	-0.784	-0.624	-0.733	+7.453	+7.383	+7.411	-0.822	+7.387	+7.399	+7.384	+7.341	+7.335	+0.384	-0.819	+0.053	-0.436	+4.137	+6.998	+6.982	+0.664	-0.228	-0.831	+6.926	-0.386	-0.326	-0.379	-0.609	-0.570	+3.110	+3.196	-0.852	-0.837	-0.822	-0.828	-0.829	-0.825	-0.829	+3.130	-0.825	-0.832	-0.818	+0.838	-0.793	-0.824	-0.822	-0.822	-0.819	-0.826	-0.829	-0.609	+0.555	-0.810	-0.810	+0.376	-0.753	-0.876	-0.868	-0.611	-0.674	-0.736	-0.766	-0.766	-0.738	-0.737	-0.767	-0.772	-0.737	-0.746	
rs217645       +7.125	+7.152	+7.544	+8.045	+8.075	+7.650	+7.269	+7.449	+7.471	+7.433	+7.456	+7.278	+8.002	+7.396	+8.071	+7.962	+7.510	+8.014	+8.073	+8.070	+7.728	+8.078	+8.076	+7.394	+7.623	+7.136	+8.106	+8.057	+7.777	+8.029	+8.049	+7.475	+8.047	+7.468	+7.990	+7.466	+8.036	+7.481	+7.141	+8.033	+7.396	+7.478	+7.478	+7.465	+7.134	+7.754	+8.034	+8.005	+8.018	+7.382	+8.009	+8.000	+8.007	+7.992	+7.990	+7.483	+7.394	+7.429	+7.186	+7.569	+7.916	+7.913	+7.247	+7.113	+7.389	+7.899	+7.229	+7.257	+7.237	+7.986	+8.016	+7.336	+7.346	+7.564	+7.612	+7.662	+7.693	+7.692	+7.650	+7.691	+7.340	+7.651	+7.611	+7.607	+7.607	+7.703	+7.601	+7.607	+7.608	+7.617	+7.596	+7.589	+7.712	+7.458	+7.657	+7.657	+7.874	+7.503	+7.423	+7.463	+7.993	+7.895	+7.743	+7.753	+7.755	+7.740	+7.741	+7.751	+7.740	+7.741	+7.794	
rs217647       +7.143	+7.170	+7.563	+8.049	+8.079	+7.664	+7.287	+7.466	+7.488	+7.449	+7.472	+7.296	+8.015	+7.413	+8.075	+7.963	+7.525	+8.073	+8.032	+8.074	+7.746	+8.082	+8.080	+7.412	+7.638	+7.154	+8.109	+8.062	+7.793	+8.035	+8.055	+7.492	+8.053	+7.484	+7.997	+7.482	+8.042	+7.497	+7.159	+8.039	+7.414	+7.494	+7.494	+7.482	+7.152	+7.770	+8.041	+8.012	+8.025	+7.400	+8.016	+8.009	+8.014	+7.999	+7.998	+7.501	+7.411	+7.446	+7.203	+7.584	+7.924	+7.921	+7.265	+7.131	+7.406	+7.907	+7.246	+7.273	+7.254	+8.001	+8.031	+7.353	+7.364	+7.581	+7.630	+7.679	+7.710	+7.710	+7.668	+7.709	+7.357	+7.669	+7.629	+7.623	+7.622	+7.718	+7.617	+7.623	+7.624	+7.632	+7.612	+7.605	+7.725	+7.473	+7.673	+7.673	+7.888	+7.518	+7.439	+7.479	+8.008	+7.911	+7.758	+7.769	+7.771	+7.756	+7.757	+7.767	+7.756	+7.756	+7.810	
rs217648       +7.128	+7.155	+7.547	+8.045	+8.076	+7.652	+7.272	+7.452	+7.473	+7.435	+7.459	+7.281	+8.004	+7.399	+8.072	+7.965	+7.512	+8.070	+8.074	+8.017	+7.731	+8.080	+8.078	+7.397	+7.627	+7.139	+8.107	+8.059	+7.780	+8.031	+8.051	+7.477	+8.049	+7.470	+7.992	+7.469	+8.038	+7.484	+7.144	+8.035	+7.399	+7.481	+7.481	+7.468	+7.137	+7.757	+8.036	+8.007	+8.020	+7.385	+8.011	+8.002	+8.010	+7.995	+7.993	+7.486	+7.397	+7.432	+7.189	+7.572	+7.920	+7.917	+7.250	+7.116	+7.391	+7.903	+7.232	+7.259	+7.239	+7.989	+8.019	+7.339	+7.349	+7.567	+7.615	+7.665	+7.696	+7.695	+7.653	+7.694	+7.342	+7.654	+7.614	+7.610	+7.609	+7.706	+7.604	+7.610	+7.611	+7.619	+7.599	+7.592	+7.715	+7.461	+7.660	+7.660	+7.877	+7.506	+7.425	+7.466	+7.996	+7.898	+7.746	+7.756	+7.758	+7.743	+7.744	+7.754	+7.743	+7.744	+7.797	
rs217649       +4.360	+4.455	+4.621	+5.730	+5.728	+5.597	+4.437	+4.519	+4.973	+4.509	+4.547	+4.702	+7.950	+4.636	+7.735	+6.958	+4.580	+7.728	+7.746	+7.731	+5.204	+7.752	+7.747	+4.630	+5.695	+4.370	+7.818	+7.703	+4.782	+7.627	+7.685	+4.944	+7.681	+4.555	+7.519	+4.554	+7.655	+4.564	+4.369	+7.646	+4.638	+4.563	+4.563	+4.553	+4.382	+4.765	+7.652	+7.569	+7.606	+4.605	+7.579	+7.571	+7.575	+7.526	+7.520	+4.951	+4.619	+4.829	+4.338	+5.318	+7.148	+7.131	+4.730	+4.408	+4.607	+7.067	+4.555	+4.593	+4.563	+5.007	+5.044	+5.142	+5.182	+4.736	+4.777	+4.818	+4.838	+4.838	+4.809	+4.837	+5.153	+4.809	+4.777	+4.769	+5.216	+4.845	+4.763	+4.768	+4.769	+4.776	+4.759	+4.753	+5.051	+5.017	+4.807	+4.807	+5.341	+4.824	+4.621	+4.649	+5.111	+5.017	+4.889	+4.876	+4.878	+4.886	+4.887	+4.875	+4.865	+4.887	+4.914	
rs217650       +7.145	+7.172	+7.564	+8.067	+8.097	+7.670	+7.288	+7.468	+7.489	+7.452	+7.475	+7.297	+8.014	+7.416	+8.080	+7.983	+7.529	+8.078	+8.082	+8.080	+7.752	+8.034	+8.087	+7.414	+7.647	+7.156	+8.116	+8.070	+7.797	+8.043	+8.062	+7.493	+8.060	+7.487	+8.007	+7.485	+8.050	+7.500	+7.161	+8.047	+7.416	+7.498	+7.498	+7.485	+7.154	+7.773	+8.048	+8.021	+8.033	+7.402	+8.025	+8.014	+8.024	+8.010	+8.008	+7.501	+7.414	+7.448	+7.206	+7.594	+7.944	+7.941	+7.265	+7.133	+7.408	+7.927	+7.248	+7.275	+7.256	+8.005	+8.035	+7.354	+7.364	+7.584	+7.633	+7.682	+7.714	+7.713	+7.671	+7.712	+7.358	+7.672	+7.632	+7.628	+7.626	+7.724	+7.622	+7.628	+7.629	+7.637	+7.617	+7.610	+7.733	+7.477	+7.678	+7.678	+7.893	+7.524	+7.443	+7.483	+8.013	+7.916	+7.763	+7.773	+7.775	+7.761	+7.761	+7.772	+7.761	+7.761	+7.815	
rs217651       +7.141	+7.168	+7.560	+8.060	+8.090	+7.665	+7.285	+7.464	+7.486	+7.448	+7.471	+7.293	+8.012	+7.412	+8.078	+7.978	+7.525	+8.076	+8.080	+8.078	+7.747	+8.087	+8.030	+7.410	+7.643	+7.153	+8.114	+8.068	+7.793	+8.041	+8.060	+7.489	+8.059	+7.483	+8.005	+7.481	+8.048	+7.496	+7.157	+8.045	+7.412	+7.494	+7.494	+7.481	+7.150	+7.769	+8.046	+8.019	+8.031	+7.398	+8.023	+8.012	+8.021	+8.007	+8.006	+7.497	+7.410	+7.444	+7.202	+7.590	+7.940	+7.937	+7.262	+7.129	+7.405	+7.923	+7.245	+7.272	+7.252	+8.001	+8.031	+7.351	+7.361	+7.581	+7.629	+7.678	+7.710	+7.709	+7.667	+7.708	+7.354	+7.668	+7.628	+7.624	+7.622	+7.720	+7.618	+7.624	+7.625	+7.634	+7.613	+7.606	+7.730	+7.473	+7.674	+7.674	+7.890	+7.521	+7.439	+7.479	+8.010	+7.912	+7.759	+7.769	+7.771	+7.757	+7.758	+7.768	+7.757	+7.757	+7.811	
rs217652       -0.528	-0.297	-0.746	+5.220	+5.221	+5.124	-0.711	-0.803	+0.696	-0.802	-0.785	+0.228	+7.208	-0.428	+7.400	+6.732	-0.796	+7.394	+7.412	+7.397	+4.630	+7.414	+7.410	-0.330	+5.035	-0.437	+7.473	+7.375	-0.772	+7.315	+7.364	+0.613	+7.364	-0.787	+7.232	-0.787	+7.344	-0.788	-0.454	+7.337	-0.421	-0.787	-0.787	-0.787	-0.390	-0.775	+7.345	+7.274	+7.303	-0.488	+7.280	+7.289	+7.277	+7.235	+7.230	+0.603	-0.451	+0.292	-0.303	+4.225	+6.908	+6.892	+0.560	-0.172	-0.486	+6.835	-0.145	-0.084	-0.137	-0.690	-0.677	+3.145	+3.227	-0.614	-0.600	-0.585	-0.591	-0.591	-0.588	-0.591	+3.167	-0.588	-0.594	-0.576	+1.016	-0.551	-0.583	-0.581	-0.580	-0.577	-0.584	-0.587	-0.390	+0.748	-0.569	-0.569	+0.610	-0.532	-0.635	-0.628	-0.364	-0.430	-0.493	-0.526	-0.525	-0.494	-0.494	-0.526	-0.531	-0.494	-0.505	
rs217654       +4.877	+4.817	+5.144	+5.871	+5.869	+5.924	+4.895	+5.049	+5.638	+5.034	+5.054	+4.986	+7.355	+5.038	+7.629	+6.926	+5.102	+7.623	+7.638	+7.627	+5.695	+7.647	+7.643	+5.035	+5.586	+4.782	+7.711	+7.603	+5.350	+7.534	+7.588	+5.198	+7.587	+5.065	+7.437	+5.064	+7.563	+5.079	+4.784	+7.555	+5.039	+5.077	+5.077	+5.063	+4.784	+5.330	+7.562	+7.483	+7.518	+5.021	+7.492	+7.487	+7.488	+7.442	+7.437	+5.205	+5.033	+5.132	+4.800	+5.319	+7.096	+7.080	+5.275	+4.774	+5.027	+7.023	+4.907	+4.939	+4.915	+5.553	+5.587	+5.171	+5.197	+5.180	+5.226	+5.272	+5.299	+5.299	+5.262	+5.298	+5.179	+5.263	+5.227	+5.230	+5.606	+5.319	+5.222	+5.227	+5.228	+5.236	+5.218	+5.211	+5.407	+5.405	+5.277	+5.277	+5.560	+5.193	+5.056	+5.095	+5.623	+5.526	+5.378	+5.381	+5.384	+5.375	+5.376	+5.380	+5.370	+5.376	+5.422	
rs12589981     -0.017	+0.402	-0.716	+4.962	+4.962	+4.865	-0.538	-0.651	+1.820	-0.646	-0.652	+1.027	+6.943	-0.424	+7.142	+6.472	-0.672	+7.136	+7.154	+7.139	+4.370	+7.156	+7.153	-0.437	+4.782	-0.265	+7.216	+7.118	-0.704	+7.057	+7.106	+1.413	+7.106	-0.658	+6.974	-0.657	+7.086	-0.662	-0.390	+7.079	-0.419	-0.661	-0.661	-0.657	-0.353	-0.704	+7.087	+7.014	+7.045	-0.486	+7.022	+7.028	+7.018	+6.976	+6.971	+1.408	-0.470	+0.172	-0.490	+3.976	+6.647	+6.631	+1.160	+0.211	-0.491	+6.573	-0.300	-0.244	-0.295	-0.654	-0.646	+3.214	+3.294	-0.444	-0.418	-0.387	-0.406	-0.406	-0.394	-0.407	+3.231	-0.393	-0.416	-0.444	+1.034	-0.414	-0.457	-0.454	-0.453	-0.449	-0.460	-0.464	-0.330	+0.761	-0.438	-0.438	+0.777	-0.469	-0.544	-0.529	-0.193	-0.250	-0.343	-0.339	-0.338	-0.345	-0.345	-0.340	-0.347	-0.345	-0.315	
rs217656       +7.204	+7.230	+7.626	+8.136	+8.166	+7.731	+7.349	+7.529	+7.546	+7.512	+7.537	+7.355	+8.052	+7.475	+8.108	+8.037	+7.591	+8.106	+8.109	+8.107	+7.818	+8.116	+8.114	+7.473	+7.711	+7.216	+8.094	+8.100	+7.860	+8.076	+8.093	+7.550	+8.091	+7.549	+8.046	+7.547	+8.083	+7.562	+7.221	+8.080	+7.475	+7.559	+7.559	+7.546	+7.213	+7.836	+8.081	+8.057	+8.068	+7.461	+8.061	+8.050	+8.060	+8.048	+8.047	+7.557	+7.473	+7.505	+7.267	+7.659	+7.995	+7.993	+7.323	+7.192	+7.468	+7.980	+7.307	+7.334	+7.314	+8.068	+8.098	+7.410	+7.420	+7.644	+7.693	+7.743	+7.774	+7.773	+7.731	+7.773	+7.414	+7.732	+7.692	+7.688	+7.681	+7.784	+7.682	+7.688	+7.688	+7.697	+7.677	+7.669	+7.793	+7.533	+7.738	+7.738	+7.950	+7.584	+7.502	+7.543	+8.074	+7.976	+7.823	+7.833	+7.835	+7.821	+7.821	+7.832	+7.821	+7.821	+7.875	
rs217657       +7.107	+7.134	+7.523	+7.999	+8.027	+7.626	+7.249	+7.428	+7.454	+7.412	+7.435	+7.260	+7.992	+7.377	+8.060	+7.927	+7.488	+8.057	+8.062	+8.059	+7.703	+8.070	+8.068	+7.375	+7.603	+7.118	+8.100	+7.995	+7.756	+8.021	+8.043	+7.456	+8.041	+7.447	+7.983	+7.445	+8.031	+7.460	+7.123	+8.027	+7.378	+7.458	+7.458	+7.445	+7.116	+7.732	+8.028	+7.998	+8.012	+7.363	+8.002	+7.992	+8.001	+7.985	+7.983	+7.464	+7.375	+7.410	+7.166	+7.552	+7.908	+7.905	+7.228	+7.095	+7.370	+7.890	+7.211	+7.238	+7.218	+7.964	+7.994	+7.318	+7.328	+7.545	+7.594	+7.643	+7.674	+7.673	+7.632	+7.673	+7.321	+7.633	+7.593	+7.589	+7.591	+7.684	+7.583	+7.589	+7.589	+7.598	+7.578	+7.571	+7.696	+7.442	+7.639	+7.639	+7.857	+7.487	+7.404	+7.444	+7.975	+7.877	+7.724	+7.734	+7.736	+7.722	+7.723	+7.733	+7.722	+7.722	+7.776	
rs12894805     -0.717	-0.484	-0.862	+5.475	+5.475	+5.344	-0.440	-0.786	+0.530	-0.773	-0.562	+0.036	+7.544	-0.762	+7.784	+7.084	-0.723	+7.777	+7.793	+7.780	+4.782	+7.797	+7.793	-0.772	+5.350	-0.704	+7.860	+7.756	-0.563	+7.692	+7.743	+0.314	+7.742	-0.578	+7.596	-0.573	+7.720	-0.602	-0.719	+7.713	-0.759	-0.598	-0.598	-0.572	-0.660	-0.704	+7.718	+7.649	+7.677	-0.798	+7.653	+7.665	+7.649	+7.605	+7.600	+0.301	-0.794	-0.003	-0.186	+4.504	+7.258	+7.241	+0.508	-0.313	-0.806	+7.185	-0.425	-0.367	-0.417	-0.677	-0.648	+3.466	+3.558	-0.817	-0.801	-0.785	-0.788	-0.788	-0.788	-0.789	+3.484	-0.788	-0.797	-0.790	+0.773	-0.768	-0.796	-0.795	-0.794	-0.791	-0.798	-0.801	-0.628	+0.506	-0.784	-0.784	+0.395	-0.762	-0.845	-0.838	-0.590	-0.650	-0.712	-0.739	-0.738	-0.713	-0.713	-0.740	-0.745	-0.713	-0.720	
rs2119759      +7.047	+7.074	+7.457	+7.895	+7.921	+7.559	+7.188	+7.365	+7.397	+7.349	+7.372	+7.203	+7.959	+7.317	+8.031	+7.846	+7.425	+8.029	+8.035	+8.031	+7.627	+8.043	+8.041	+7.315	+7.534	+7.057	+8.076	+8.021	+7.692	+7.933	+8.014	+7.398	+8.013	+7.384	+7.945	+7.382	+8.001	+7.397	+7.062	+7.997	+7.317	+7.395	+7.395	+7.382	+7.055	+7.668	+7.998	+7.963	+7.979	+7.303	+7.967	+7.958	+7.966	+7.947	+7.945	+7.406	+7.315	+7.352	+7.104	+7.484	+7.850	+7.846	+7.170	+7.034	+7.309	+7.830	+7.151	+7.179	+7.159	+7.899	+7.929	+7.261	+7.272	+7.483	+7.532	+7.581	+7.612	+7.611	+7.569	+7.610	+7.265	+7.570	+7.530	+7.528	+7.535	+7.623	+7.521	+7.527	+7.528	+7.537	+7.516	+7.509	+7.636	+7.385	+7.577	+7.577	+7.801	+7.427	+7.343	+7.383	+7.913	+7.816	+7.663	+7.673	+7.675	+7.661	+7.661	+7.671	+7.660	+7.661	+7.715	
rs2119760      +7.096	+7.122	+7.510	+7.969	+7.996	+7.611	+7.238	+7.416	+7.444	+7.400	+7.423	+7.250	+7.987	+7.366	+8.052	+7.903	+7.476	+8.049	+8.055	+8.051	+7.685	+8.062	+8.060	+7.364	+7.588	+7.106	+8.093	+8.043	+7.743	+8.014	+7.983	+7.445	+8.035	+7.435	+7.975	+7.433	+8.025	+7.448	+7.111	+8.021	+7.366	+7.445	+7.445	+7.433	+7.104	+7.720	+8.022	+7.991	+8.005	+7.352	+7.995	+7.985	+7.994	+7.978	+7.976	+7.453	+7.364	+7.399	+7.155	+7.539	+7.897	+7.894	+7.217	+7.083	+7.359	+7.879	+7.199	+7.227	+7.207	+7.951	+7.981	+7.307	+7.318	+7.533	+7.582	+7.630	+7.662	+7.661	+7.619	+7.660	+7.311	+7.620	+7.580	+7.577	+7.580	+7.673	+7.571	+7.577	+7.578	+7.587	+7.566	+7.559	+7.685	+7.431	+7.627	+7.627	+7.846	+7.476	+7.392	+7.433	+7.963	+7.866	+7.713	+7.723	+7.725	+7.710	+7.711	+7.721	+7.710	+7.711	+7.765	
rs10483748     +0.286	+0.379	+2.137	+5.511	+5.511	+5.464	+0.622	+0.495	+0.735	+0.504	+0.427	+0.523	+7.334	+0.634	+7.481	+6.855	+0.399	+7.475	+7.492	+7.477	+4.944	+7.493	+7.489	+0.613	+5.198	+1.413	+7.550	+7.456	+0.314	+7.398	+7.445	+0.775	+7.444	+0.418	+7.318	+0.419	+7.425	+0.410	+1.379	+7.418	+0.637	+0.412	+0.412	+0.420	+1.503	+0.317	+7.425	+7.355	+7.386	+0.588	+7.364	+7.364	+7.360	+7.321	+7.316	+0.662	+0.574	+2.358	+2.591	+4.429	+7.011	+6.996	+0.711	+0.357	+0.556	+6.941	+1.698	+1.799	+1.707	+0.305	+0.306	+3.346	+3.419	+0.439	+0.447	+0.455	+0.440	+0.440	+0.453	+0.440	+3.364	+0.453	+0.454	+0.464	+1.393	+0.472	+0.459	+0.460	+0.460	+0.462	+0.459	+0.456	+0.423	+1.203	+0.461	+0.461	+1.291	+0.344	+0.444	+0.442	+0.623	+0.562	+0.514	+0.476	+0.477	+0.513	+0.514	+0.476	+0.472	+0.514	+0.493	
rs2610546      +7.095	+7.122	+7.508	+7.958	+7.985	+7.609	+7.237	+7.414	+7.443	+7.398	+7.421	+7.249	+7.988	+7.366	+8.050	+7.893	+7.475	+8.047	+8.053	+8.049	+7.681	+8.060	+8.059	+7.364	+7.587	+7.106	+8.091	+8.041	+7.742	+8.013	+8.035	+7.444	+7.983	+7.433	+7.979	+7.431	+8.028	+7.446	+7.110	+8.021	+7.365	+7.444	+7.444	+7.431	+7.104	+7.718	+8.026	+7.994	+8.008	+7.352	+7.999	+7.987	+7.997	+7.981	+7.979	+7.451	+7.364	+7.399	+7.153	+7.542	+7.904	+7.901	+7.215	+7.083	+7.359	+7.886	+7.199	+7.226	+7.206	+7.949	+7.979	+7.306	+7.317	+7.532	+7.582	+7.630	+7.661	+7.661	+7.619	+7.660	+7.310	+7.620	+7.580	+7.577	+7.582	+7.671	+7.570	+7.576	+7.577	+7.585	+7.565	+7.558	+7.687	+7.432	+7.626	+7.626	+7.848	+7.478	+7.392	+7.432	+7.962	+7.865	+7.712	+7.722	+7.724	+7.710	+7.711	+7.721	+7.710	+7.710	+7.764	
rs1475241      -0.769	-0.446	-0.940	+5.213	+5.213	+5.094	-0.689	-0.869	+0.663	-0.864	-0.725	+0.136	+7.251	-0.776	+7.474	+6.785	-0.784	+7.468	+7.484	+7.470	+4.555	+7.487	+7.483	-0.787	+5.065	-0.658	+7.549	+7.447	-0.578	+7.384	+7.435	+0.418	+7.433	-0.587	+7.292	-0.719	+7.412	-0.719	-0.675	+7.405	-0.773	-0.720	-0.720	-0.719	-0.610	-0.593	+7.411	+7.342	+7.370	-0.813	+7.346	+7.357	+7.342	+7.299	+7.294	+0.403	-0.810	+0.070	-0.426	+4.233	+6.959	+6.943	+0.681	-0.211	-0.822	+6.886	-0.371	-0.310	-0.363	-0.487	-0.431	+3.181	+3.270	-0.845	-0.830	-0.815	-0.820	-0.820	-0.818	-0.820	+3.201	-0.818	-0.825	-0.810	+0.845	-0.785	-0.817	-0.815	-0.815	-0.811	-0.818	-0.821	-0.587	+0.563	-0.802	-0.802	+0.384	-0.735	-0.868	-0.861	-0.603	-0.666	-0.728	-0.759	-0.758	-0.730	-0.729	-0.759	-0.764	-0.729	-0.739	
rs2023213      +6.965	+6.992	+7.362	+7.740	+7.761	+7.465	+7.100	+7.273	+7.318	+7.257	+7.280	+7.122	+7.917	+7.234	+7.993	+7.737	+7.333	+7.990	+7.997	+7.992	+7.519	+8.007	+8.005	+7.232	+7.437	+6.974	+8.046	+7.983	+7.596	+7.945	+7.975	+7.318	+7.979	+7.292	+7.849	+7.290	+7.966	+7.305	+6.978	+7.961	+7.234	+7.302	+7.302	+7.290	+6.972	+7.572	+7.964	+7.921	+7.940	+7.220	+7.926	+7.917	+7.924	+7.901	+7.898	+7.325	+7.232	+7.272	+7.016	+7.389	+7.775	+7.771	+7.088	+6.952	+7.227	+7.753	+7.070	+7.097	+7.077	+7.801	+7.831	+7.184	+7.195	+7.399	+7.448	+7.496	+7.527	+7.527	+7.485	+7.526	+7.188	+7.486	+7.446	+7.443	+7.462	+7.537	+7.436	+7.442	+7.442	+7.451	+7.431	+7.424	+7.558	+7.311	+7.491	+7.491	+7.725	+7.348	+7.259	+7.299	+7.826	+7.730	+7.578	+7.588	+7.590	+7.575	+7.576	+7.586	+7.575	+7.576	+7.629	
rs2023211      -0.769	-0.445	-0.940	+5.211	+5.212	+5.093	-0.691	-0.870	+0.664	-0.864	-0.725	+0.137	+7.249	-0.776	+7.472	+6.783	-0.784	+7.466	+7.482	+7.469	+4.554	+7.485	+7.481	-0.787	+5.064	-0.657	+7.547	+7.445	-0.573	+7.382	+7.433	+0.419	+7.431	-0.719	+7.290	-0.587	+7.411	-0.719	-0.674	+7.403	-0.773	-0.719	-0.719	-0.719	-0.609	-0.589	+7.409	+7.340	+7.368	-0.813	+7.344	+7.355	+7.340	+7.298	+7.292	+0.404	-0.810	+0.071	-0.427	+4.231	+6.957	+6.941	+0.683	-0.210	-0.822	+6.884	-0.370	-0.309	-0.363	-0.483	-0.427	+3.180	+3.268	-0.845	-0.830	-0.815	-0.820	-0.820	-0.818	-0.820	+3.200	-0.818	-0.825	-0.810	+0.846	-0.785	-0.817	-0.815	-0.814	-0.811	-0.818	-0.821	-0.587	+0.564	-0.802	-0.802	+0.385	-0.734	-0.868	-0.861	-0.603	-0.666	-0.728	-0.759	-0.758	-0.730	-0.729	-0.759	-0.764	-0.729	-0.739	
rs2209227      +7.076	+7.103	+7.486	+7.920	+7.945	+7.586	+7.216	+7.393	+7.425	+7.377	+7.401	+7.230	+7.978	+7.346	+8.039	+7.864	+7.454	+8.036	+8.042	+8.038	+7.655	+8.050	+8.048	+7.344	+7.563	+7.086	+8.083	+8.031	+7.720	+8.001	+8.025	+7.425	+8.028	+7.412	+7.966	+7.411	+7.963	+7.425	+7.091	+8.014	+7.346	+7.423	+7.423	+7.410	+7.084	+7.696	+8.016	+7.983	+7.998	+7.332	+7.987	+7.976	+7.986	+7.969	+7.967	+7.432	+7.344	+7.380	+7.133	+7.520	+7.885	+7.882	+7.196	+7.063	+7.339	+7.866	+7.180	+7.207	+7.187	+7.927	+7.957	+7.288	+7.298	+7.512	+7.562	+7.610	+7.641	+7.640	+7.599	+7.640	+7.291	+7.600	+7.560	+7.557	+7.564	+7.651	+7.550	+7.556	+7.557	+7.566	+7.545	+7.538	+7.668	+7.414	+7.606	+7.606	+7.829	+7.459	+7.372	+7.412	+7.941	+7.846	+7.692	+7.702	+7.704	+7.690	+7.691	+7.701	+7.690	+7.690	+7.744	
rs35693214     -0.768	-0.449	-0.938	+5.224	+5.224	+5.105	-0.678	-0.868	+0.654	-0.862	-0.723	+0.128	+7.263	-0.777	+7.487	+6.798	-0.787	+7.481	+7.497	+7.484	+4.564	+7.500	+7.496	-0.788	+5.079	-0.662	+7.562	+7.460	-0.602	+7.397	+7.448	+0.410	+7.446	-0.719	+7.305	-0.719	+7.425	-0.587	-0.678	+7.418	-0.774	-0.719	-0.719	-0.719	-0.614	-0.613	+7.424	+7.355	+7.383	-0.814	+7.359	+7.370	+7.355	+7.312	+7.307	+0.395	-0.811	+0.065	-0.417	+4.246	+6.972	+6.955	+0.669	-0.219	-0.823	+6.899	-0.375	-0.314	-0.368	-0.506	-0.451	+3.193	+3.281	-0.845	-0.830	-0.815	-0.820	-0.820	-0.818	-0.820	+3.212	-0.818	-0.825	-0.810	+0.840	-0.786	-0.817	-0.815	-0.815	-0.812	-0.819	-0.822	-0.591	+0.559	-0.803	-0.803	+0.384	-0.737	-0.869	-0.861	-0.603	-0.666	-0.729	-0.759	-0.758	-0.730	-0.730	-0.760	-0.764	-0.730	-0.739	
rs12433612     -0.046	+0.379	-0.730	+4.963	+4.963	+4.865	-0.557	-0.669	+1.797	-0.664	-0.669	+1.005	+6.947	-0.440	+7.147	+6.476	-0.689	+7.141	+7.159	+7.144	+4.369	+7.161	+7.157	-0.454	+4.784	-0.390	+7.221	+7.123	-0.719	+7.062	+7.111	+1.379	+7.110	-0.675	+6.978	-0.674	+7.091	-0.678	-0.281	+7.083	-0.436	-0.678	-0.678	-0.674	-0.331	-0.719	+7.092	+7.019	+7.050	-0.502	+7.026	+7.032	+7.023	+6.981	+6.976	+1.374	-0.486	+0.182	-0.498	+3.978	+6.651	+6.635	+1.140	+0.193	-0.507	+6.577	-0.300	-0.240	-0.293	-0.668	-0.660	+3.202	+3.281	-0.462	-0.435	-0.405	-0.423	-0.423	-0.411	-0.424	+3.219	-0.410	-0.433	-0.460	+1.017	-0.431	-0.473	-0.470	-0.470	-0.465	-0.476	-0.480	-0.346	+0.745	-0.454	-0.454	+0.757	-0.486	-0.560	-0.544	-0.211	-0.268	-0.361	-0.357	-0.356	-0.362	-0.362	-0.358	-0.364	-0.362	-0.332	
rs217636       +7.068	+7.095	+7.477	+7.909	+7.934	+7.578	+7.209	+7.385	+7.418	+7.369	+7.393	+7.223	+7.973	+7.339	+8.036	+7.855	+7.446	+8.033	+8.039	+8.035	+7.646	+8.047	+8.045	+7.337	+7.555	+7.079	+8.080	+8.027	+7.713	+7.997	+8.021	+7.418	+8.021	+7.405	+7.961	+7.403	+8.014	+7.418	+7.083	+7.955	+7.338	+7.415	+7.415	+7.402	+7.077	+7.688	+8.012	+7.978	+7.994	+7.325	+7.983	+7.972	+7.981	+7.964	+7.962	+7.425	+7.337	+7.373	+7.125	+7.512	+7.879	+7.875	+7.189	+7.056	+7.332	+7.859	+7.173	+7.200	+7.180	+7.919	+7.949	+7.281	+7.291	+7.505	+7.554	+7.602	+7.633	+7.633	+7.591	+7.632	+7.284	+7.592	+7.552	+7.550	+7.557	+7.644	+7.543	+7.549	+7.549	+7.558	+7.538	+7.531	+7.661	+7.407	+7.599	+7.599	+7.822	+7.451	+7.365	+7.405	+7.934	+7.838	+7.685	+7.695	+7.697	+7.682	+7.683	+7.693	+7.682	+7.683	+7.737	
rs217635       -0.512	-0.292	-0.732	+5.225	+5.225	+5.130	-0.695	-0.789	+0.711	-0.789	-0.771	+0.241	+7.211	-0.422	+7.402	+6.735	-0.782	+7.396	+7.414	+7.399	+4.638	+7.416	+7.412	-0.421	+5.039	-0.419	+7.475	+7.378	-0.759	+7.317	+7.366	+0.637	+7.365	-0.773	+7.234	-0.773	+7.346	-0.774	-0.436	+7.338	-0.314	-0.773	-0.773	-0.773	-0.371	-0.762	+7.347	+7.275	+7.305	-0.472	+7.282	+7.291	+7.278	+7.237	+7.232	+0.627	-0.425	+0.312	-0.282	+4.228	+6.910	+6.894	+0.559	-0.169	-0.464	+6.837	-0.126	-0.065	-0.118	-0.677	-0.664	+3.147	+3.229	-0.600	-0.586	-0.571	-0.578	-0.578	-0.574	-0.578	+3.169	-0.574	-0.581	-0.562	+1.032	-0.537	-0.569	-0.567	-0.566	-0.563	-0.570	-0.573	-0.374	+0.764	-0.555	-0.555	+0.623	-0.517	-0.621	-0.614	-0.350	-0.415	-0.479	-0.512	-0.511	-0.480	-0.480	-0.512	-0.517	-0.480	-0.491	
rs9323375      -0.768	-0.448	-0.939	+5.222	+5.222	+5.103	-0.681	-0.868	+0.655	-0.862	-0.724	+0.130	+7.261	-0.777	+7.485	+6.796	-0.787	+7.478	+7.494	+7.481	+4.563	+7.498	+7.494	-0.787	+5.077	-0.661	+7.559	+7.458	-0.598	+7.395	+7.445	+0.412	+7.444	-0.720	+7.302	-0.719	+7.423	-0.719	-0.678	+7.415	-0.773	-0.587	-0.719	-0.719	-0.613	-0.608	+7.422	+7.352	+7.381	-0.814	+7.357	+7.367	+7.353	+7.310	+7.305	+0.397	-0.811	+0.066	-0.419	+4.244	+6.969	+6.953	+0.672	-0.217	-0.823	+6.897	-0.374	-0.313	-0.367	-0.502	-0.446	+3.191	+3.279	-0.845	-0.830	-0.815	-0.820	-0.820	-0.818	-0.820	+3.211	-0.818	-0.825	-0.810	+0.841	-0.786	-0.817	-0.815	-0.815	-0.812	-0.819	-0.822	-0.590	+0.560	-0.803	-0.803	+0.384	-0.737	-0.868	-0.861	-0.603	-0.666	-0.729	-0.759	-0.758	-0.730	-0.730	-0.760	-0.764	-0.730	-0.739	
rs9323376      -0.768	-0.448	-0.939	+5.222	+5.222	+5.103	-0.681	-0.868	+0.655	-0.862	-0.724	+0.130	+7.261	-0.777	+7.485	+6.796	-0.787	+7.478	+7.494	+7.481	+4.563	+7.498	+7.494	-0.787	+5.077	-0.661	+7.559	+7.458	-0.598	+7.395	+7.445	+0.412	+7.444	-0.720	+7.302	-0.719	+7.423	-0.719	-0.678	+7.415	-0.773	-0.719	-0.587	-0.719	-0.613	-0.608	+7.422	+7.352	+7.381	-0.814	+7.357	+7.367	+7.353	+7.310	+7.305	+0.397	-0.811	+0.066	-0.419	+4.243	+6.969	+6.953	+0.672	-0.217	-0.823	+6.897	-0.374	-0.313	-0.367	-0.502	-0.446	+3.191	+3.279	-0.845	-0.830	-0.815	-0.820	-0.820	-0.818	-0.820	+3.210	-0.818	-0.825	-0.810	+0.841	-0.786	-0.817	-0.815	-0.815	-0.812	-0.819	-0.822	-0.590	+0.560	-0.803	-0.803	+0.384	-0.737	-0.868	-0.861	-0.603	-0.666	-0.729	-0.759	-0.758	-0.730	-0.730	-0.760	-0.764	-0.730	-0.739	
rs9323377      -0.769	-0.445	-0.941	+5.211	+5.211	+5.093	-0.691	-0.870	+0.665	-0.864	-0.726	+0.137	+7.249	-0.776	+7.472	+6.783	-0.784	+7.465	+7.482	+7.468	+4.553	+7.485	+7.481	-0.787	+5.063	-0.657	+7.546	+7.445	-0.572	+7.382	+7.433	+0.420	+7.431	-0.719	+7.290	-0.719	+7.410	-0.719	-0.674	+7.402	-0.773	-0.719	-0.719	-0.587	-0.609	-0.588	+7.409	+7.340	+7.368	-0.813	+7.344	+7.355	+7.340	+7.297	+7.292	+0.404	-0.810	+0.071	-0.427	+4.231	+6.957	+6.941	+0.683	-0.209	-0.822	+6.884	-0.370	-0.309	-0.362	-0.482	-0.426	+3.180	+3.268	-0.845	-0.830	-0.815	-0.820	-0.820	-0.818	-0.820	+3.199	-0.818	-0.825	-0.810	+0.846	-0.785	-0.817	-0.815	-0.814	-0.811	-0.818	-0.821	-0.586	+0.564	-0.802	-0.802	+0.385	-0.734	-0.868	-0.861	-0.603	-0.666	-0.728	-0.759	-0.758	-0.729	-0.729	-0.759	-0.764	-0.729	-0.739	
rs12882643     +0.049	+0.484	-0.673	+4.970	+4.970	+4.874	-0.488	-0.602	+1.937	-0.596	-0.604	+1.122	+6.944	-0.376	+7.140	+6.472	-0.624	+7.134	+7.152	+7.137	+4.382	+7.154	+7.150	-0.390	+4.784	-0.353	+7.213	+7.116	-0.660	+7.055	+7.104	+1.503	+7.104	-0.610	+6.972	-0.609	+7.084	-0.614	-0.331	+7.077	-0.371	-0.613	-0.613	-0.609	-0.218	-0.660	+7.085	+7.013	+7.043	-0.440	+7.020	+7.028	+7.016	+6.975	+6.970	+1.498	-0.423	+0.147	-0.460	+3.982	+6.647	+6.631	+1.238	+0.278	-0.444	+6.574	-0.293	-0.239	-0.286	-0.613	-0.605	+3.260	+3.340	-0.394	-0.366	-0.334	-0.353	-0.354	-0.341	-0.354	+3.278	-0.340	-0.364	-0.394	+1.072	-0.364	-0.408	-0.404	-0.404	-0.399	-0.411	-0.415	-0.288	+0.799	-0.388	-0.388	+0.826	-0.427	-0.498	-0.482	-0.139	-0.196	-0.292	-0.285	-0.284	-0.294	-0.293	-0.286	-0.293	-0.294	-0.260	
rs17099333     -0.722	-0.484	-0.868	+5.455	+5.455	+5.325	-0.456	-0.794	+0.537	-0.782	-0.579	+0.040	+7.522	-0.765	+7.761	+7.062	-0.733	+7.754	+7.770	+7.757	+4.765	+7.773	+7.769	-0.775	+5.330	-0.704	+7.836	+7.732	-0.704	+7.668	+7.720	+0.317	+7.718	-0.593	+7.572	-0.589	+7.696	-0.613	-0.719	+7.688	-0.762	-0.608	-0.608	-0.588	-0.660	-0.567	+7.694	+7.625	+7.653	-0.801	+7.629	+7.641	+7.625	+7.581	+7.576	+0.306	-0.797	-0.001	-0.202	+4.485	+7.234	+7.218	+0.518	-0.308	-0.809	+7.162	-0.425	-0.367	-0.417	-0.666	-0.634	+3.443	+3.535	-0.820	-0.805	-0.789	-0.792	-0.792	-0.792	-0.793	+3.461	-0.792	-0.801	-0.793	+0.774	-0.771	-0.800	-0.798	-0.797	-0.794	-0.801	-0.804	-0.629	+0.507	-0.787	-0.787	+0.393	-0.763	-0.848	-0.842	-0.592	-0.653	-0.715	-0.743	-0.742	-0.716	-0.716	-0.743	-0.748	-0.716	-0.723	
rs217634       +7.077	+7.103	+7.484	+7.911	+7.936	+7.586	+7.216	+7.392	+7.425	+7.376	+7.399	+7.231	+7.979	+7.347	+8.037	+7.857	+7.453	+8.034	+8.041	+8.036	+7.652	+8.048	+8.046	+7.345	+7.562	+7.087	+8.081	+8.028	+7.718	+7.998	+8.022	+7.425	+8.026	+7.411	+7.964	+7.409	+8.016	+7.424	+7.092	+8.012	+7.347	+7.422	+7.422	+7.409	+7.085	+7.694	+7.964	+7.982	+7.997	+7.333	+7.986	+7.975	+7.985	+7.968	+7.966	+7.432	+7.345	+7.381	+7.133	+7.520	+7.884	+7.880	+7.196	+7.064	+7.340	+7.865	+7.181	+7.208	+7.188	+7.924	+7.954	+7.289	+7.299	+7.513	+7.563	+7.611	+7.642	+7.642	+7.600	+7.641	+7.292	+7.601	+7.561	+7.559	+7.564	+7.653	+7.551	+7.557	+7.558	+7.567	+7.546	+7.539	+7.668	+7.414	+7.607	+7.607	+7.830	+7.459	+7.374	+7.414	+7.941	+7.846	+7.693	+7.703	+7.704	+7.691	+7.692	+7.701	+7.690	+7.691	+7.744	
rs217633       +7.006	+7.033	+7.404	+7.805	+7.828	+7.510	+7.146	+7.323	+7.356	+7.306	+7.330	+7.161	+7.940	+7.276	+8.008	+7.780	+7.383	+8.005	+8.012	+8.007	+7.569	+8.021	+8.019	+7.274	+7.483	+7.014	+8.057	+7.998	+7.649	+7.963	+7.991	+7.355	+7.994	+7.342	+7.921	+7.340	+7.983	+7.355	+7.019	+7.978	+7.275	+7.352	+7.352	+7.340	+7.013	+7.625	+7.982	+7.892	+7.960	+7.262	+7.947	+7.938	+7.945	+7.925	+7.922	+7.362	+7.274	+7.319	+7.058	+7.439	+7.817	+7.813	+7.127	+6.993	+7.269	+7.796	+7.114	+7.142	+7.122	+7.856	+7.886	+7.222	+7.234	+7.442	+7.491	+7.540	+7.571	+7.570	+7.528	+7.569	+7.226	+7.529	+7.489	+7.487	+7.500	+7.582	+7.480	+7.486	+7.487	+7.496	+7.475	+7.468	+7.600	+7.350	+7.536	+7.536	+7.768	+7.390	+7.302	+7.342	+7.870	+7.775	+7.622	+7.632	+7.634	+7.619	+7.620	+7.630	+7.619	+7.620	+7.673	
rs177803       +7.035	+7.062	+7.441	+7.857	+7.881	+7.543	+7.175	+7.351	+7.386	+7.335	+7.358	+7.191	+7.955	+7.306	+8.021	+7.816	+7.411	+8.018	+8.025	+8.020	+7.606	+8.033	+8.031	+7.303	+7.518	+7.045	+8.068	+8.012	+7.677	+7.979	+8.005	+7.386	+8.008	+7.370	+7.940	+7.368	+7.998	+7.383	+7.050	+7.994	+7.305	+7.381	+7.381	+7.368	+7.043	+7.653	+7.997	+7.960	+7.922	+7.291	+7.965	+7.954	+7.963	+7.944	+7.942	+7.393	+7.303	+7.341	+7.091	+7.475	+7.849	+7.845	+7.157	+7.023	+7.298	+7.829	+7.140	+7.167	+7.147	+7.884	+7.914	+7.249	+7.260	+7.471	+7.520	+7.569	+7.600	+7.599	+7.557	+7.598	+7.253	+7.558	+7.519	+7.517	+7.525	+7.611	+7.509	+7.515	+7.516	+7.525	+7.505	+7.497	+7.627	+7.375	+7.565	+7.565	+7.790	+7.417	+7.332	+7.372	+7.900	+7.804	+7.651	+7.661	+7.663	+7.648	+7.649	+7.659	+7.648	+7.649	+7.702	
