## Summary of overall evidence for association with region:
## log10(BF for region) = 2.48754
## p-value for region = NA

## BFs for choosing among multi-SNP models:
## log10(average 1-SNP BF) = 2.48874
## log10(average 2-SNP BF) = 2.48513

## Example posterior probabilities for multi-SNP models, based on default prior: [p(l) propto 0.5^l for l=1,2,...,L]
## posterior probability of 1-SNP = 0.668508
## posterior probability of 2-SNP = 0.331492

## log10(BF) for single SNP and pair of SNPs:
rs544012       -0.366	+2.075	+2.838	+2.837	+2.372	+3.219	+3.013	+3.368	+3.469	+3.472	+2.435	-0.856	-0.827	-0.846	-0.847	-0.847	-0.772	-0.786	-0.833	-0.650	-0.625	-0.721	-0.402	-0.398	-0.373	-0.376	-0.358	-0.346	-0.833	-0.823	-0.817	-0.820	-0.842	-0.856	-0.784	-0.764	-0.622	-0.691	-0.449	-0.611	-0.642	-0.653	-0.665	-0.361	-0.577	-0.807	-0.753	-0.760	-0.712	-0.716	-0.730	-0.669	-0.497	-0.494	-0.488	-0.704	-0.699	-0.693	-0.686	-0.686	-0.686	-0.686	-0.695	-0.689	-0.696	-0.696	-0.696	-0.749	-0.749	-0.327	-0.645	-0.717	-0.708	+0.288	-0.282	-0.359	+0.328	-0.236	-0.243	-0.242	-0.258	-0.250	-0.718	-0.246	-0.703	-0.279	-0.705	-0.262	-0.703	-0.730	-0.727	-0.727	-0.730	-0.417	-0.421	-0.423	-0.433	-0.433	-0.722	-0.724	-0.463	-0.486	-0.491	-0.491	-0.482	-0.490	-0.728	-0.494	-0.495	-0.495	-0.491	-0.726	-0.505	-0.727	-0.727	-0.725	-0.552	-0.560	-0.727	-0.726	-0.727	-0.726	-0.728	
rs751749       +2.075	+2.498	+2.975	+2.982	+2.654	+3.308	+3.141	+3.443	+3.533	+3.536	+2.773	+1.838	+1.871	+1.844	+1.843	+1.845	+1.930	+1.914	+1.858	+2.054	+2.082	+1.986	+2.355	+2.359	+2.389	+2.383	+2.406	+2.421	+1.860	+1.870	+1.875	+1.873	+1.865	+1.829	+1.930	+1.956	+2.136	+2.044	+2.312	+2.149	+2.114	+2.099	+2.084	+2.407	+2.166	+1.898	+1.970	+1.946	+1.999	+1.994	+1.992	+2.047	+2.262	+2.266	+2.273	+2.012	+2.018	+2.023	+2.031	+2.031	+2.031	+2.031	+2.021	+2.028	+2.020	+2.021	+2.020	+1.956	+1.955	+2.413	+2.073	+1.997	+2.003	+3.127	+2.520	+2.427	+3.207	+2.584	+2.577	+2.579	+2.559	+2.536	+1.992	+2.541	+2.013	+2.504	+2.010	+2.526	+2.012	+1.971	+1.975	+1.975	+1.972	+2.312	+2.308	+2.305	+2.294	+2.294	+1.986	+1.983	+2.255	+2.230	+2.225	+2.225	+2.236	+2.226	+1.978	+2.222	+2.221	+2.220	+2.225	+1.981	+2.211	+1.980	+1.980	+1.982	+2.159	+2.151	+1.979	+1.981	+1.979	+1.981	+1.979	
rs9521671      +2.838	+2.975	+3.270	+3.271	+3.131	+3.518	+3.354	+3.631	+3.713	+3.716	+3.080	+2.565	+2.601	+2.573	+2.572	+2.573	+2.672	+2.655	+2.594	+2.804	+2.834	+2.718	+3.135	+3.140	+3.172	+3.167	+3.192	+3.206	+2.588	+2.599	+2.603	+2.602	+2.593	+2.558	+2.663	+2.689	+2.869	+2.783	+3.053	+2.881	+2.848	+2.833	+2.818	+3.141	+2.896	+2.625	+2.691	+2.682	+2.734	+2.730	+2.731	+2.781	+2.996	+3.000	+3.008	+2.748	+2.754	+2.759	+2.768	+2.768	+2.768	+2.768	+2.758	+2.764	+2.757	+2.757	+2.757	+2.691	+2.690	+3.161	+2.815	+2.735	+2.742	+3.884	+3.272	+3.176	+3.973	+3.337	+3.330	+3.332	+3.312	+3.273	+2.723	+3.277	+2.745	+3.239	+2.742	+3.262	+2.744	+2.704	+2.707	+2.708	+2.705	+3.042	+3.037	+3.034	+3.023	+3.023	+2.717	+2.715	+2.988	+2.962	+2.956	+2.956	+2.968	+2.957	+2.710	+2.953	+2.953	+2.952	+2.957	+2.712	+2.942	+2.712	+2.711	+2.713	+2.887	+2.879	+2.711	+2.712	+2.710	+2.712	+2.710	
rs9521672      +2.837	+2.982	+3.271	+3.277	+3.113	+3.509	+3.353	+3.623	+3.705	+3.708	+3.086	+2.570	+2.607	+2.578	+2.577	+2.578	+2.678	+2.661	+2.601	+2.810	+2.840	+2.723	+3.144	+3.149	+3.181	+3.176	+3.201	+3.215	+2.593	+2.604	+2.608	+2.607	+2.597	+2.563	+2.668	+2.693	+2.873	+2.788	+3.057	+2.885	+2.852	+2.837	+2.822	+3.146	+2.902	+2.629	+2.696	+2.688	+2.741	+2.736	+2.736	+2.787	+3.000	+3.004	+3.011	+2.755	+2.761	+2.766	+2.775	+2.775	+2.775	+2.775	+2.765	+2.771	+2.764	+2.764	+2.764	+2.698	+2.697	+3.170	+2.822	+2.741	+2.748	+3.888	+3.277	+3.181	+3.978	+3.341	+3.334	+3.336	+3.316	+3.277	+2.727	+3.282	+2.749	+3.243	+2.747	+3.266	+2.749	+2.709	+2.713	+2.713	+2.710	+3.046	+3.041	+3.038	+3.027	+3.027	+2.722	+2.720	+2.992	+2.966	+2.961	+2.961	+2.972	+2.962	+2.715	+2.958	+2.957	+2.956	+2.961	+2.717	+2.947	+2.717	+2.717	+2.719	+2.891	+2.884	+2.716	+2.717	+2.715	+2.717	+2.715	
rs9521673      +2.372	+2.654	+3.131	+3.113	+2.786	+3.529	+3.265	+3.643	+3.733	+3.738	+2.806	+2.104	+2.141	+2.112	+2.111	+2.112	+2.207	+2.191	+2.130	+2.338	+2.367	+2.255	+2.659	+2.663	+2.695	+2.689	+2.714	+2.729	+2.127	+2.137	+2.142	+2.141	+2.130	+2.097	+2.199	+2.224	+2.397	+2.317	+2.582	+2.408	+2.377	+2.362	+2.347	+2.669	+2.427	+2.160	+2.225	+2.220	+2.272	+2.268	+2.265	+2.317	+2.529	+2.533	+2.541	+2.287	+2.293	+2.298	+2.307	+2.307	+2.307	+2.307	+2.297	+2.303	+2.296	+2.296	+2.296	+2.231	+2.229	+2.698	+2.353	+2.274	+2.280	+3.410	+2.797	+2.703	+3.493	+2.860	+2.854	+2.856	+2.836	+2.801	+2.259	+2.806	+2.280	+2.768	+2.278	+2.790	+2.280	+2.241	+2.244	+2.245	+2.242	+2.575	+2.569	+2.566	+2.555	+2.555	+2.254	+2.251	+2.520	+2.494	+2.489	+2.489	+2.500	+2.490	+2.247	+2.486	+2.485	+2.484	+2.489	+2.249	+2.475	+2.248	+2.248	+2.250	+2.420	+2.413	+2.247	+2.249	+2.247	+2.249	+2.247	
rs35716322     +3.219	+3.308	+3.518	+3.509	+3.529	+3.681	+3.616	+3.764	+3.826	+3.829	+3.427	+2.964	+2.999	+2.971	+2.969	+2.971	+3.077	+3.059	+2.994	+3.207	+3.237	+3.118	+3.538	+3.543	+3.576	+3.569	+3.595	+3.611	+2.986	+2.997	+3.001	+3.000	+2.991	+2.956	+3.065	+3.091	+3.275	+3.189	+3.460	+3.285	+3.255	+3.239	+3.223	+3.551	+3.304	+3.025	+3.092	+3.085	+3.137	+3.132	+3.136	+3.181	+3.402	+3.406	+3.414	+3.147	+3.153	+3.158	+3.167	+3.167	+3.167	+3.167	+3.157	+3.163	+3.156	+3.156	+3.156	+3.089	+3.088	+3.559	+3.213	+3.133	+3.139	+4.286	+3.672	+3.576	+4.374	+3.737	+3.730	+3.732	+3.712	+3.673	+3.122	+3.678	+3.144	+3.639	+3.142	+3.663	+3.144	+3.103	+3.106	+3.107	+3.104	+3.440	+3.436	+3.433	+3.422	+3.422	+3.116	+3.113	+3.385	+3.359	+3.353	+3.353	+3.365	+3.354	+3.109	+3.351	+3.350	+3.349	+3.354	+3.111	+3.340	+3.110	+3.110	+3.112	+3.285	+3.277	+3.110	+3.111	+3.109	+3.111	+3.109	
rs9634591      +3.013	+3.141	+3.354	+3.353	+3.265	+3.616	+3.469	+3.722	+3.794	+3.797	+3.234	+2.763	+2.800	+2.771	+2.770	+2.771	+2.874	+2.857	+2.792	+3.006	+3.036	+2.917	+3.334	+3.339	+3.372	+3.366	+3.391	+3.407	+2.786	+2.796	+2.801	+2.800	+2.790	+2.756	+2.863	+2.889	+3.073	+2.986	+3.256	+3.083	+3.052	+3.037	+3.021	+3.348	+3.101	+2.825	+2.891	+2.882	+2.933	+2.929	+2.934	+2.980	+3.197	+3.201	+3.209	+2.942	+2.948	+2.953	+2.962	+2.962	+2.962	+2.962	+2.952	+2.958	+2.951	+2.951	+2.951	+2.886	+2.885	+3.353	+3.008	+2.929	+2.936	+4.080	+3.467	+3.371	+4.165	+3.531	+3.524	+3.526	+3.505	+3.468	+2.920	+3.473	+2.941	+3.434	+2.939	+3.458	+2.941	+2.902	+2.906	+2.907	+2.903	+3.238	+3.234	+3.231	+3.220	+3.220	+2.914	+2.912	+3.184	+3.158	+3.153	+3.153	+3.164	+3.154	+2.908	+3.150	+3.149	+3.148	+3.153	+2.909	+3.139	+2.909	+2.909	+2.911	+3.084	+3.076	+2.908	+2.909	+2.908	+2.909	+2.908	
rs9515175      +3.368	+3.443	+3.631	+3.623	+3.643	+3.764	+3.722	+3.841	+3.903	+3.905	+3.673	+3.115	+3.152	+3.122	+3.121	+3.123	+3.227	+3.210	+3.145	+3.356	+3.385	+3.270	+3.691	+3.696	+3.729	+3.722	+3.748	+3.764	+3.138	+3.148	+3.153	+3.152	+3.143	+3.107	+3.221	+3.247	+3.436	+3.344	+3.624	+3.445	+3.415	+3.399	+3.383	+3.717	+3.461	+3.179	+3.248	+3.237	+3.289	+3.284	+3.292	+3.334	+3.558	+3.562	+3.570	+3.294	+3.300	+3.305	+3.314	+3.314	+3.314	+3.314	+3.304	+3.310	+3.303	+3.303	+3.303	+3.237	+3.236	+3.706	+3.359	+3.281	+3.286	+4.453	+3.832	+3.734	+4.534	+3.897	+3.890	+3.892	+3.871	+3.831	+3.275	+3.836	+3.297	+3.796	+3.295	+3.820	+3.297	+3.254	+3.258	+3.259	+3.255	+3.596	+3.591	+3.588	+3.576	+3.576	+3.269	+3.266	+3.540	+3.514	+3.508	+3.508	+3.519	+3.509	+3.261	+3.505	+3.504	+3.504	+3.509	+3.263	+3.494	+3.263	+3.263	+3.265	+3.439	+3.431	+3.262	+3.264	+3.262	+3.264	+3.261	
rs12020579     +3.469	+3.533	+3.713	+3.705	+3.733	+3.826	+3.794	+3.903	+3.946	+3.971	+3.884	+3.215	+3.254	+3.223	+3.222	+3.223	+3.327	+3.310	+3.245	+3.455	+3.485	+3.371	+3.790	+3.795	+3.828	+3.822	+3.847	+3.863	+3.238	+3.249	+3.254	+3.253	+3.246	+3.207	+3.325	+3.351	+3.551	+3.451	+3.733	+3.561	+3.530	+3.514	+3.497	+3.826	+3.567	+3.284	+3.356	+3.335	+3.386	+3.382	+3.396	+3.435	+3.662	+3.666	+3.674	+3.399	+3.404	+3.409	+3.419	+3.419	+3.419	+3.419	+3.408	+3.415	+3.407	+3.407	+3.407	+3.341	+3.339	+3.812	+3.464	+3.384	+3.390	+4.584	+3.931	+3.834	+4.633	+3.996	+3.989	+3.991	+3.970	+3.933	+3.376	+3.937	+3.398	+3.898	+3.396	+3.922	+3.398	+3.355	+3.359	+3.359	+3.356	+3.702	+3.697	+3.694	+3.683	+3.683	+3.370	+3.367	+3.645	+3.619	+3.614	+3.614	+3.625	+3.615	+3.362	+3.611	+3.610	+3.609	+3.614	+3.364	+3.600	+3.364	+3.364	+3.366	+3.544	+3.536	+3.363	+3.365	+3.363	+3.365	+3.362	
rs9515176      +3.472	+3.536	+3.716	+3.708	+3.738	+3.829	+3.797	+3.905	+3.971	+3.949	+3.890	+3.219	+3.258	+3.227	+3.225	+3.226	+3.331	+3.313	+3.248	+3.458	+3.488	+3.374	+3.793	+3.798	+3.831	+3.825	+3.851	+3.867	+3.242	+3.252	+3.257	+3.256	+3.249	+3.210	+3.328	+3.355	+3.554	+3.455	+3.736	+3.564	+3.534	+3.517	+3.501	+3.829	+3.570	+3.288	+3.359	+3.338	+3.390	+3.385	+3.399	+3.438	+3.665	+3.670	+3.678	+3.402	+3.408	+3.413	+3.422	+3.422	+3.422	+3.422	+3.412	+3.418	+3.410	+3.411	+3.411	+3.344	+3.343	+3.815	+3.467	+3.388	+3.393	+4.588	+3.935	+3.837	+4.636	+3.999	+3.992	+3.994	+3.974	+3.936	+3.379	+3.941	+3.402	+3.901	+3.400	+3.925	+3.402	+3.358	+3.362	+3.363	+3.359	+3.705	+3.700	+3.697	+3.686	+3.686	+3.373	+3.370	+3.649	+3.623	+3.617	+3.617	+3.628	+3.618	+3.366	+3.614	+3.613	+3.612	+3.618	+3.368	+3.603	+3.367	+3.367	+3.370	+3.547	+3.540	+3.367	+3.368	+3.366	+3.368	+3.366	
rs9515177      +2.435	+2.773	+3.080	+3.086	+2.806	+3.427	+3.234	+3.673	+3.884	+3.890	+2.880	+2.193	+2.225	+2.200	+2.199	+2.200	+2.291	+2.275	+2.217	+2.416	+2.444	+2.342	+2.735	+2.740	+2.771	+2.765	+2.789	+2.803	+2.216	+2.226	+2.233	+2.231	+2.222	+2.185	+2.298	+2.324	+2.513	+2.424	+2.693	+2.522	+2.492	+2.477	+2.461	+2.784	+2.534	+2.257	+2.325	+2.311	+2.361	+2.357	+2.362	+2.406	+2.630	+2.634	+2.642	+2.366	+2.372	+2.377	+2.386	+2.386	+2.386	+2.386	+2.376	+2.382	+2.375	+2.375	+2.375	+2.312	+2.311	+2.768	+2.430	+2.353	+2.359	+3.526	+2.884	+2.790	+3.573	+2.947	+2.940	+2.942	+2.922	+2.888	+2.349	+2.893	+2.370	+2.854	+2.367	+2.877	+2.369	+2.330	+2.334	+2.334	+2.331	+2.666	+2.661	+2.658	+2.647	+2.647	+2.342	+2.340	+2.612	+2.586	+2.581	+2.581	+2.592	+2.582	+2.336	+2.578	+2.577	+2.576	+2.582	+2.337	+2.567	+2.337	+2.337	+2.339	+2.513	+2.505	+2.336	+2.337	+2.336	+2.337	+2.336	
rs9555687      -0.856	+1.838	+2.565	+2.570	+2.104	+2.964	+2.763	+3.115	+3.215	+3.219	+2.193	-0.635	-0.885	-0.848	-0.860	-0.884	-1.027	-1.041	-1.089	-0.908	-0.883	-0.978	-0.658	-0.655	-0.630	-0.634	-0.615	-0.604	-1.085	-1.076	-1.069	-1.072	-1.095	-1.112	-1.035	-1.015	-0.869	-0.938	-0.697	-0.860	-0.890	-0.902	-0.914	-0.609	-0.825	-1.061	-1.005	-1.012	-0.962	-0.968	-0.981	-0.926	-0.757	-0.754	-0.749	-0.949	-0.944	-0.938	-0.930	-0.930	-0.930	-0.930	-0.939	-0.934	-0.941	-0.940	-0.940	-0.996	-0.997	-0.573	-0.889	-0.963	-0.954	+0.029	-0.540	-0.616	+0.066	-0.492	-0.500	-0.498	-0.515	-0.511	-0.973	-0.507	-0.959	-0.539	-0.960	-0.522	-0.959	-0.986	-0.983	-0.983	-0.986	-0.678	-0.682	-0.685	-0.694	-0.694	-0.978	-0.980	-0.723	-0.746	-0.751	-0.751	-0.742	-0.750	-0.983	-0.754	-0.755	-0.755	-0.751	-0.982	-0.764	-0.982	-0.982	-0.981	-0.813	-0.820	-0.983	-0.982	-0.983	-0.982	-0.983	
rs9588138      -0.827	+1.871	+2.601	+2.607	+2.141	+2.999	+2.800	+3.152	+3.254	+3.258	+2.225	-0.885	-0.600	-0.872	-0.868	-0.857	-0.990	-1.004	-1.052	-0.879	-0.855	-0.945	-0.629	-0.625	-0.601	-0.604	-0.586	-0.574	-1.053	-1.044	-1.039	-1.041	-1.063	-1.077	-1.004	-0.984	-0.845	-0.908	-0.669	-0.833	-0.864	-0.875	-0.887	-0.580	-0.795	-1.029	-0.976	-0.979	-0.929	-0.934	-0.950	-0.891	-0.729	-0.726	-0.720	-0.914	-0.909	-0.903	-0.895	-0.895	-0.895	-0.895	-0.904	-0.899	-0.906	-0.905	-0.905	-0.961	-0.962	-0.536	-0.855	-0.928	-0.919	+0.069	-0.501	-0.577	+0.110	-0.452	-0.460	-0.458	-0.475	-0.472	-0.939	-0.468	-0.924	-0.500	-0.926	-0.483	-0.924	-0.953	-0.950	-0.949	-0.953	-0.640	-0.644	-0.647	-0.656	-0.656	-0.944	-0.946	-0.686	-0.710	-0.714	-0.715	-0.705	-0.714	-0.949	-0.717	-0.718	-0.719	-0.714	-0.948	-0.728	-0.948	-0.948	-0.946	-0.776	-0.784	-0.949	-0.948	-0.949	-0.948	-0.949	
rs75486156     -0.846	+1.844	+2.573	+2.578	+2.112	+2.971	+2.771	+3.122	+3.223	+3.227	+2.200	-0.848	-0.872	-0.622	-0.768	-0.779	-1.013	-1.027	-1.077	-0.898	-0.873	-0.966	-0.648	-0.645	-0.620	-0.624	-0.605	-0.594	-1.074	-1.064	-1.059	-1.061	-1.083	-1.099	-1.025	-1.004	-0.861	-0.928	-0.688	-0.850	-0.880	-0.892	-0.904	-0.600	-0.815	-1.049	-0.994	-1.001	-0.952	-0.957	-0.971	-0.913	-0.746	-0.743	-0.737	-0.936	-0.931	-0.925	-0.917	-0.917	-0.917	-0.917	-0.926	-0.921	-0.928	-0.927	-0.927	-0.983	-0.984	-0.558	-0.876	-0.950	-0.941	+0.045	-0.525	-0.601	+0.084	-0.477	-0.484	-0.483	-0.499	-0.497	-0.961	-0.493	-0.946	-0.525	-0.948	-0.508	-0.946	-0.974	-0.971	-0.971	-0.974	-0.665	-0.669	-0.671	-0.681	-0.680	-0.966	-0.967	-0.710	-0.733	-0.738	-0.738	-0.729	-0.737	-0.971	-0.741	-0.742	-0.742	-0.738	-0.970	-0.751	-0.970	-0.970	-0.968	-0.800	-0.807	-0.971	-0.970	-0.971	-0.970	-0.971	
rs79874624     -0.847	+1.843	+2.572	+2.577	+2.111	+2.969	+2.770	+3.121	+3.222	+3.225	+2.199	-0.860	-0.868	-0.768	-0.624	-0.793	-1.015	-1.029	-1.079	-0.899	-0.874	-0.968	-0.650	-0.646	-0.621	-0.625	-0.606	-0.595	-1.075	-1.066	-1.061	-1.063	-1.085	-1.101	-1.026	-1.006	-0.861	-0.929	-0.689	-0.851	-0.881	-0.893	-0.905	-0.601	-0.816	-1.051	-0.996	-1.003	-0.953	-0.958	-0.972	-0.915	-0.747	-0.744	-0.739	-0.938	-0.933	-0.927	-0.919	-0.919	-0.919	-0.919	-0.928	-0.923	-0.930	-0.929	-0.929	-0.985	-0.986	-0.560	-0.878	-0.952	-0.943	+0.042	-0.527	-0.603	+0.081	-0.479	-0.487	-0.485	-0.502	-0.500	-0.963	-0.495	-0.948	-0.527	-0.950	-0.511	-0.948	-0.976	-0.973	-0.972	-0.976	-0.667	-0.671	-0.673	-0.683	-0.683	-0.967	-0.969	-0.712	-0.735	-0.740	-0.740	-0.731	-0.739	-0.973	-0.743	-0.744	-0.744	-0.740	-0.971	-0.753	-0.972	-0.972	-0.970	-0.802	-0.809	-0.972	-0.971	-0.973	-0.971	-0.973	
rs75819221     -0.847	+1.845	+2.573	+2.578	+2.112	+2.971	+2.771	+3.123	+3.223	+3.226	+2.200	-0.884	-0.857	-0.779	-0.793	-0.624	-1.017	-1.030	-1.079	-0.898	-0.873	-0.968	-0.649	-0.645	-0.620	-0.624	-0.605	-0.594	-1.075	-1.066	-1.060	-1.062	-1.085	-1.102	-1.025	-1.005	-0.860	-0.928	-0.687	-0.850	-0.880	-0.892	-0.904	-0.599	-0.815	-1.051	-0.995	-1.002	-0.952	-0.958	-0.971	-0.915	-0.747	-0.744	-0.739	-0.938	-0.933	-0.927	-0.920	-0.920	-0.920	-0.920	-0.929	-0.923	-0.930	-0.930	-0.930	-0.985	-0.986	-0.562	-0.879	-0.952	-0.943	+0.041	-0.529	-0.605	+0.079	-0.480	-0.488	-0.487	-0.503	-0.501	-0.963	-0.497	-0.948	-0.529	-0.950	-0.512	-0.949	-0.976	-0.973	-0.973	-0.976	-0.668	-0.671	-0.674	-0.683	-0.683	-0.968	-0.969	-0.713	-0.736	-0.741	-0.741	-0.731	-0.740	-0.973	-0.743	-0.744	-0.745	-0.741	-0.972	-0.754	-0.972	-0.972	-0.970	-0.802	-0.809	-0.973	-0.972	-0.973	-0.972	-0.973	
rs7317178      -0.772	+1.930	+2.672	+2.678	+2.207	+3.077	+2.874	+3.227	+3.327	+3.331	+2.291	-1.027	-0.990	-1.013	-1.015	-1.017	-0.548	-0.678	-0.878	-0.746	-0.718	-0.840	-0.593	-0.589	-0.565	-0.569	-0.550	-0.540	-1.005	-0.996	-0.991	-0.993	-1.000	-1.030	-0.959	-0.939	-0.749	-0.847	-0.632	-0.744	-0.771	-0.784	-0.797	-0.544	-0.756	-0.972	-0.909	-0.939	-0.894	-0.899	-0.902	-0.843	-0.664	-0.661	-0.655	-0.843	-0.838	-0.832	-0.824	-0.824	-0.824	-0.824	-0.833	-0.827	-0.835	-0.834	-0.834	-0.896	-0.897	-0.457	-0.783	-0.861	-0.851	+0.128	-0.449	-0.526	+0.165	-0.400	-0.407	-0.406	-0.422	-0.435	-0.892	-0.431	-0.877	-0.462	-0.879	-0.445	-0.877	-0.903	-0.900	-0.900	-0.903	-0.595	-0.599	-0.601	-0.611	-0.611	-0.896	-0.897	-0.640	-0.664	-0.668	-0.669	-0.659	-0.668	-0.901	-0.671	-0.672	-0.673	-0.668	-0.900	-0.682	-0.900	-0.900	-0.899	-0.731	-0.738	-0.901	-0.900	-0.901	-0.900	-0.901	
rs7317390      -0.786	+1.914	+2.655	+2.661	+2.191	+3.059	+2.857	+3.210	+3.310	+3.313	+2.275	-1.041	-1.004	-1.027	-1.029	-1.030	-0.678	-0.563	-0.892	-0.740	-0.709	-0.854	-0.596	-0.592	-0.567	-0.572	-0.552	-0.542	-1.019	-1.009	-1.004	-1.006	-1.015	-1.043	-0.971	-0.952	-0.767	-0.861	-0.643	-0.761	-0.788	-0.801	-0.814	-0.555	-0.768	-0.986	-0.924	-0.951	-0.905	-0.910	-0.915	-0.856	-0.679	-0.676	-0.670	-0.860	-0.854	-0.848	-0.840	-0.840	-0.840	-0.840	-0.849	-0.844	-0.851	-0.850	-0.851	-0.912	-0.913	-0.475	-0.799	-0.877	-0.867	+0.112	-0.464	-0.540	+0.150	-0.414	-0.422	-0.420	-0.437	-0.448	-0.905	-0.443	-0.890	-0.475	-0.892	-0.458	-0.890	-0.917	-0.914	-0.913	-0.917	-0.609	-0.612	-0.615	-0.624	-0.624	-0.909	-0.911	-0.654	-0.677	-0.682	-0.682	-0.673	-0.681	-0.914	-0.685	-0.686	-0.686	-0.682	-0.913	-0.695	-0.913	-0.914	-0.912	-0.744	-0.751	-0.914	-0.913	-0.914	-0.913	-0.915	
rs1556122      -0.833	+1.858	+2.594	+2.601	+2.130	+2.994	+2.792	+3.145	+3.245	+3.248	+2.217	-1.089	-1.052	-1.077	-1.079	-1.079	-0.878	-0.892	-0.612	-0.800	-0.770	-0.916	-0.630	-0.627	-0.601	-0.605	-0.586	-0.575	-1.064	-1.055	-1.050	-1.052	-1.057	-1.086	-1.015	-0.995	-0.811	-0.909	-0.682	-0.804	-0.833	-0.846	-0.859	-0.593	-0.808	-1.030	-0.967	-0.994	-0.946	-0.952	-0.959	-0.901	-0.716	-0.713	-0.707	-0.916	-0.911	-0.905	-0.897	-0.897	-0.897	-0.897	-0.907	-0.901	-0.908	-0.907	-0.908	-0.966	-0.967	-0.534	-0.856	-0.932	-0.922	+0.062	-0.512	-0.588	+0.099	-0.463	-0.470	-0.469	-0.485	-0.494	-0.952	-0.490	-0.937	-0.522	-0.939	-0.505	-0.937	-0.963	-0.960	-0.960	-0.964	-0.658	-0.661	-0.664	-0.673	-0.673	-0.956	-0.957	-0.702	-0.725	-0.730	-0.730	-0.721	-0.729	-0.961	-0.733	-0.734	-0.734	-0.730	-0.960	-0.743	-0.960	-0.960	-0.959	-0.792	-0.799	-0.961	-0.960	-0.961	-0.960	-0.961	
rs7323190      -0.650	+2.054	+2.804	+2.810	+2.338	+3.207	+3.006	+3.356	+3.455	+3.458	+2.416	-0.908	-0.879	-0.898	-0.899	-0.898	-0.746	-0.740	-0.800	-0.418	-0.519	-0.629	-0.516	-0.513	-0.491	-0.495	-0.478	-0.469	-0.882	-0.873	-0.873	-0.873	-0.877	-0.911	-0.847	-0.829	-0.622	-0.731	-0.538	-0.604	-0.643	-0.656	-0.670	-0.451	-0.651	-0.853	-0.782	-0.825	-0.781	-0.784	-0.787	-0.720	-0.551	-0.547	-0.541	-0.711	-0.705	-0.699	-0.691	-0.691	-0.691	-0.691	-0.700	-0.694	-0.702	-0.701	-0.701	-0.767	-0.768	-0.311	-0.649	-0.730	-0.719	+0.264	-0.319	-0.396	+0.303	-0.268	-0.275	-0.274	-0.290	-0.304	-0.769	-0.300	-0.754	-0.332	-0.755	-0.315	-0.753	-0.782	-0.779	-0.778	-0.782	-0.468	-0.472	-0.474	-0.484	-0.484	-0.773	-0.775	-0.513	-0.537	-0.542	-0.542	-0.532	-0.541	-0.779	-0.545	-0.545	-0.546	-0.542	-0.777	-0.555	-0.778	-0.778	-0.776	-0.605	-0.612	-0.778	-0.777	-0.779	-0.777	-0.779	
rs12859020     -0.625	+2.082	+2.834	+2.840	+2.367	+3.237	+3.036	+3.385	+3.485	+3.488	+2.444	-0.883	-0.855	-0.873	-0.874	-0.873	-0.718	-0.709	-0.770	-0.519	-0.392	-0.593	-0.500	-0.497	-0.477	-0.480	-0.464	-0.455	-0.857	-0.849	-0.849	-0.849	-0.851	-0.886	-0.823	-0.805	-0.593	-0.706	-0.517	-0.575	-0.615	-0.628	-0.642	-0.431	-0.629	-0.828	-0.756	-0.802	-0.758	-0.761	-0.763	-0.696	-0.526	-0.523	-0.517	-0.684	-0.678	-0.671	-0.663	-0.663	-0.663	-0.663	-0.673	-0.667	-0.674	-0.674	-0.674	-0.740	-0.741	-0.282	-0.622	-0.703	-0.692	+0.292	-0.292	-0.370	+0.331	-0.241	-0.248	-0.247	-0.263	-0.279	-0.744	-0.274	-0.729	-0.306	-0.730	-0.289	-0.728	-0.757	-0.754	-0.754	-0.757	-0.442	-0.446	-0.449	-0.458	-0.458	-0.748	-0.750	-0.488	-0.511	-0.516	-0.516	-0.507	-0.516	-0.754	-0.519	-0.520	-0.521	-0.516	-0.752	-0.530	-0.753	-0.753	-0.751	-0.580	-0.587	-0.753	-0.752	-0.754	-0.752	-0.754	
rs12859068     -0.721	+1.986	+2.718	+2.723	+2.255	+3.118	+2.917	+3.270	+3.371	+3.374	+2.342	-0.978	-0.945	-0.966	-0.968	-0.968	-0.840	-0.854	-0.916	-0.629	-0.593	-0.492	-0.517	-0.513	-0.488	-0.492	-0.472	-0.461	-0.953	-0.944	-0.938	-0.941	-0.959	-0.979	-0.903	-0.883	-0.728	-0.799	-0.566	-0.716	-0.748	-0.760	-0.773	-0.478	-0.693	-0.927	-0.867	-0.879	-0.830	-0.835	-0.848	-0.791	-0.621	-0.618	-0.612	-0.809	-0.804	-0.798	-0.791	-0.791	-0.791	-0.791	-0.800	-0.794	-0.801	-0.801	-0.801	-0.858	-0.859	-0.427	-0.750	-0.825	-0.816	+0.177	-0.399	-0.476	+0.214	-0.350	-0.358	-0.357	-0.373	-0.376	-0.839	-0.372	-0.824	-0.404	-0.826	-0.387	-0.824	-0.852	-0.849	-0.849	-0.852	-0.543	-0.547	-0.549	-0.559	-0.559	-0.844	-0.846	-0.588	-0.611	-0.616	-0.616	-0.607	-0.616	-0.849	-0.619	-0.620	-0.621	-0.616	-0.848	-0.629	-0.848	-0.848	-0.846	-0.678	-0.685	-0.849	-0.848	-0.849	-0.848	-0.849	
rs11619651     -0.402	+2.355	+3.135	+3.144	+2.659	+3.538	+3.334	+3.691	+3.790	+3.793	+2.735	-0.658	-0.629	-0.648	-0.650	-0.649	-0.593	-0.596	-0.630	-0.516	-0.500	-0.517	-0.123	-0.194	-0.173	-0.181	-0.163	-0.158	-0.634	-0.625	-0.625	-0.625	-0.632	-0.661	-0.598	-0.580	-0.375	-0.502	-0.287	-0.360	-0.397	-0.411	-0.424	-0.199	-0.407	-0.603	-0.542	-0.581	-0.537	-0.541	-0.541	-0.465	-0.285	-0.282	-0.275	-0.466	-0.460	-0.453	-0.445	-0.445	-0.445	-0.445	-0.455	-0.449	-0.456	-0.456	-0.456	-0.518	-0.519	-0.067	-0.398	-0.480	-0.467	+0.549	-0.044	-0.126	+0.597	+0.008	+0.001	+0.002	-0.015	-0.026	-0.517	-0.022	-0.502	-0.055	-0.504	-0.038	-0.502	-0.528	-0.525	-0.524	-0.528	-0.198	-0.202	-0.205	-0.215	-0.215	-0.521	-0.523	-0.246	-0.270	-0.275	-0.276	-0.266	-0.275	-0.527	-0.278	-0.279	-0.280	-0.275	-0.525	-0.289	-0.526	-0.526	-0.524	-0.340	-0.348	-0.526	-0.526	-0.527	-0.526	-0.527	
rs11619656     -0.398	+2.359	+3.140	+3.149	+2.663	+3.543	+3.339	+3.696	+3.795	+3.798	+2.740	-0.655	-0.625	-0.645	-0.646	-0.645	-0.589	-0.592	-0.627	-0.513	-0.497	-0.513	-0.194	-0.119	-0.172	-0.179	-0.162	-0.157	-0.630	-0.621	-0.621	-0.621	-0.628	-0.658	-0.594	-0.576	-0.371	-0.498	-0.283	-0.355	-0.393	-0.407	-0.420	-0.196	-0.404	-0.599	-0.538	-0.577	-0.533	-0.537	-0.537	-0.462	-0.281	-0.278	-0.271	-0.462	-0.456	-0.449	-0.441	-0.441	-0.441	-0.441	-0.451	-0.445	-0.452	-0.452	-0.452	-0.514	-0.515	-0.063	-0.394	-0.476	-0.463	+0.554	-0.040	-0.122	+0.602	+0.013	+0.005	+0.007	-0.011	-0.022	-0.514	-0.018	-0.499	-0.051	-0.500	-0.034	-0.499	-0.524	-0.521	-0.521	-0.525	-0.194	-0.198	-0.201	-0.211	-0.211	-0.518	-0.519	-0.242	-0.266	-0.272	-0.272	-0.262	-0.271	-0.523	-0.275	-0.275	-0.276	-0.271	-0.522	-0.286	-0.522	-0.522	-0.521	-0.337	-0.344	-0.523	-0.522	-0.523	-0.522	-0.523	
rs11617664     -0.373	+2.389	+3.172	+3.181	+2.695	+3.576	+3.372	+3.729	+3.828	+3.831	+2.771	-0.630	-0.601	-0.620	-0.621	-0.620	-0.565	-0.567	-0.601	-0.491	-0.477	-0.488	-0.173	-0.172	-0.090	-0.165	-0.152	-0.149	-0.605	-0.596	-0.597	-0.596	-0.602	-0.633	-0.570	-0.552	-0.344	-0.474	-0.261	-0.328	-0.366	-0.380	-0.393	-0.173	-0.381	-0.574	-0.513	-0.553	-0.510	-0.514	-0.513	-0.436	-0.255	-0.252	-0.246	-0.435	-0.430	-0.422	-0.414	-0.414	-0.414	-0.414	-0.424	-0.418	-0.426	-0.425	-0.425	-0.487	-0.488	-0.035	-0.367	-0.450	-0.437	+0.583	-0.013	-0.094	+0.632	+0.041	+0.033	+0.035	+0.017	+0.005	-0.489	+0.009	-0.473	-0.024	-0.475	-0.007	-0.473	-0.499	-0.496	-0.495	-0.500	-0.168	-0.172	-0.175	-0.185	-0.185	-0.492	-0.494	-0.216	-0.240	-0.245	-0.245	-0.236	-0.245	-0.498	-0.248	-0.249	-0.250	-0.245	-0.497	-0.259	-0.497	-0.497	-0.496	-0.311	-0.318	-0.498	-0.497	-0.498	-0.497	-0.498	
rs7993125      -0.376	+2.383	+3.167	+3.176	+2.689	+3.569	+3.366	+3.722	+3.822	+3.825	+2.765	-0.634	-0.604	-0.624	-0.625	-0.624	-0.569	-0.572	-0.605	-0.495	-0.480	-0.492	-0.181	-0.179	-0.165	-0.095	-0.152	-0.148	-0.609	-0.600	-0.601	-0.600	-0.606	-0.637	-0.574	-0.556	-0.348	-0.478	-0.265	-0.332	-0.371	-0.384	-0.398	-0.177	-0.385	-0.578	-0.517	-0.557	-0.513	-0.517	-0.517	-0.440	-0.259	-0.256	-0.250	-0.439	-0.434	-0.427	-0.419	-0.419	-0.419	-0.419	-0.428	-0.422	-0.430	-0.429	-0.430	-0.492	-0.493	-0.039	-0.372	-0.454	-0.441	+0.578	-0.017	-0.099	+0.626	+0.036	+0.028	+0.030	+0.012	+0.000	-0.493	+0.005	-0.477	-0.029	-0.479	-0.011	-0.477	-0.503	-0.500	-0.499	-0.504	-0.172	-0.176	-0.179	-0.189	-0.189	-0.496	-0.498	-0.220	-0.245	-0.250	-0.250	-0.240	-0.249	-0.502	-0.253	-0.254	-0.254	-0.250	-0.501	-0.264	-0.501	-0.501	-0.500	-0.315	-0.323	-0.502	-0.501	-0.502	-0.501	-0.502	
rs7330054      -0.358	+2.406	+3.192	+3.201	+2.714	+3.595	+3.391	+3.748	+3.847	+3.851	+2.789	-0.615	-0.586	-0.605	-0.606	-0.605	-0.550	-0.552	-0.586	-0.478	-0.464	-0.472	-0.163	-0.162	-0.152	-0.152	-0.072	-0.139	-0.590	-0.581	-0.582	-0.581	-0.587	-0.618	-0.556	-0.538	-0.327	-0.460	-0.248	-0.311	-0.350	-0.363	-0.377	-0.160	-0.367	-0.559	-0.497	-0.539	-0.496	-0.500	-0.498	-0.421	-0.240	-0.236	-0.230	-0.419	-0.414	-0.406	-0.398	-0.398	-0.398	-0.398	-0.408	-0.402	-0.410	-0.409	-0.409	-0.472	-0.473	-0.017	-0.351	-0.434	-0.421	+0.601	+0.004	-0.078	+0.649	+0.057	+0.050	+0.051	+0.034	+0.021	-0.473	+0.026	-0.458	-0.008	-0.460	+0.010	-0.458	-0.484	-0.481	-0.480	-0.484	-0.152	-0.156	-0.159	-0.169	-0.169	-0.477	-0.479	-0.200	-0.225	-0.230	-0.230	-0.220	-0.229	-0.482	-0.233	-0.234	-0.235	-0.230	-0.481	-0.244	-0.482	-0.482	-0.480	-0.295	-0.303	-0.482	-0.481	-0.482	-0.481	-0.483	
rs7330111      -0.346	+2.421	+3.206	+3.215	+2.729	+3.611	+3.407	+3.764	+3.863	+3.867	+2.803	-0.604	-0.574	-0.594	-0.595	-0.594	-0.540	-0.542	-0.575	-0.469	-0.455	-0.461	-0.158	-0.157	-0.149	-0.148	-0.139	-0.059	-0.579	-0.570	-0.571	-0.570	-0.576	-0.607	-0.545	-0.527	-0.314	-0.449	-0.237	-0.298	-0.337	-0.350	-0.364	-0.150	-0.357	-0.547	-0.486	-0.529	-0.486	-0.489	-0.488	-0.409	-0.228	-0.225	-0.219	-0.407	-0.401	-0.394	-0.386	-0.386	-0.386	-0.386	-0.396	-0.390	-0.397	-0.397	-0.397	-0.460	-0.461	-0.005	-0.339	-0.422	-0.408	+0.614	+0.017	-0.066	+0.663	+0.070	+0.063	+0.064	+0.046	+0.034	-0.462	+0.038	-0.447	+0.004	-0.449	+0.022	-0.447	-0.472	-0.469	-0.469	-0.473	-0.140	-0.144	-0.147	-0.157	-0.157	-0.466	-0.467	-0.188	-0.213	-0.218	-0.218	-0.208	-0.217	-0.471	-0.221	-0.222	-0.223	-0.218	-0.470	-0.232	-0.471	-0.471	-0.469	-0.283	-0.291	-0.471	-0.470	-0.471	-0.470	-0.472	
rs7322495      -0.833	+1.860	+2.588	+2.593	+2.127	+2.986	+2.786	+3.138	+3.238	+3.242	+2.216	-1.085	-1.053	-1.074	-1.075	-1.075	-1.005	-1.019	-1.064	-0.882	-0.857	-0.953	-0.634	-0.630	-0.605	-0.609	-0.590	-0.579	-0.610	-0.804	-0.748	-0.831	-1.065	-1.079	-0.921	-0.894	-0.842	-0.840	-0.522	-0.836	-0.863	-0.875	-0.887	-0.440	-0.727	-1.035	-0.980	-0.974	-0.927	-0.933	-0.926	-0.901	-0.734	-0.730	-0.725	-0.924	-0.919	-0.912	-0.905	-0.905	-0.905	-0.905	-0.914	-0.909	-0.915	-0.915	-0.915	-0.971	-0.972	-0.543	-0.864	-0.938	-0.929	+0.053	-0.515	-0.592	+0.090	-0.468	-0.475	-0.474	-0.490	-0.488	-0.949	-0.484	-0.935	-0.516	-0.937	-0.499	-0.935	-0.962	-0.959	-0.959	-0.962	-0.655	-0.659	-0.662	-0.671	-0.671	-0.954	-0.956	-0.700	-0.723	-0.728	-0.728	-0.719	-0.727	-0.959	-0.731	-0.732	-0.732	-0.728	-0.958	-0.741	-0.958	-0.958	-0.957	-0.789	-0.797	-0.959	-0.958	-0.959	-0.958	-0.959	
rs9521701      -0.823	+1.870	+2.599	+2.604	+2.137	+2.997	+2.796	+3.148	+3.249	+3.252	+2.226	-1.076	-1.044	-1.064	-1.066	-1.066	-0.996	-1.009	-1.055	-0.873	-0.849	-0.944	-0.625	-0.621	-0.596	-0.600	-0.581	-0.570	-0.804	-0.600	-0.789	-0.796	-1.055	-1.068	-0.909	-0.882	-0.834	-0.828	-0.508	-0.826	-0.854	-0.866	-0.878	-0.425	-0.715	-1.025	-0.970	-0.967	-0.918	-0.924	-0.916	-0.891	-0.724	-0.721	-0.715	-0.914	-0.909	-0.903	-0.895	-0.895	-0.895	-0.895	-0.905	-0.899	-0.906	-0.905	-0.905	-0.961	-0.962	-0.532	-0.855	-0.928	-0.919	+0.063	-0.505	-0.582	+0.100	-0.458	-0.465	-0.464	-0.480	-0.478	-0.940	-0.474	-0.925	-0.506	-0.927	-0.489	-0.925	-0.953	-0.950	-0.949	-0.953	-0.645	-0.649	-0.652	-0.661	-0.661	-0.944	-0.946	-0.690	-0.714	-0.718	-0.719	-0.709	-0.718	-0.950	-0.721	-0.722	-0.723	-0.718	-0.948	-0.732	-0.949	-0.949	-0.947	-0.780	-0.787	-0.949	-0.948	-0.949	-0.948	-0.950	
rs7335876      -0.817	+1.875	+2.603	+2.608	+2.142	+3.001	+2.801	+3.153	+3.254	+3.257	+2.233	-1.069	-1.039	-1.059	-1.061	-1.060	-0.991	-1.004	-1.050	-0.873	-0.849	-0.938	-0.625	-0.621	-0.597	-0.601	-0.582	-0.571	-0.748	-0.789	-0.594	-0.817	-1.054	-1.061	-0.931	-0.909	-0.836	-0.860	-0.571	-0.826	-0.856	-0.868	-0.879	-0.488	-0.751	-1.022	-0.969	-0.970	-0.925	-0.931	-0.928	-0.885	-0.720	-0.716	-0.711	-0.906	-0.901	-0.894	-0.887	-0.887	-0.887	-0.887	-0.896	-0.891	-0.897	-0.897	-0.897	-0.953	-0.954	-0.518	-0.846	-0.920	-0.911	+0.066	-0.500	-0.576	+0.104	-0.452	-0.460	-0.458	-0.475	-0.473	-0.934	-0.469	-0.919	-0.500	-0.921	-0.484	-0.919	-0.946	-0.943	-0.943	-0.947	-0.642	-0.646	-0.648	-0.658	-0.658	-0.938	-0.940	-0.687	-0.710	-0.715	-0.715	-0.706	-0.714	-0.944	-0.718	-0.719	-0.720	-0.715	-0.942	-0.728	-0.943	-0.943	-0.941	-0.776	-0.783	-0.943	-0.942	-0.944	-0.942	-0.944	
rs4771666      -0.820	+1.873	+2.602	+2.607	+2.141	+3.000	+2.800	+3.152	+3.253	+3.256	+2.231	-1.072	-1.041	-1.061	-1.063	-1.062	-0.993	-1.006	-1.052	-0.873	-0.849	-0.941	-0.625	-0.621	-0.596	-0.600	-0.581	-0.570	-0.831	-0.796	-0.817	-0.596	-1.052	-1.062	-0.914	-0.889	-0.835	-0.842	-0.530	-0.826	-0.855	-0.866	-0.878	-0.447	-0.728	-1.023	-0.969	-0.969	-0.921	-0.927	-0.921	-0.887	-0.722	-0.719	-0.713	-0.910	-0.905	-0.898	-0.891	-0.891	-0.891	-0.891	-0.900	-0.894	-0.901	-0.901	-0.901	-0.957	-0.958	-0.525	-0.850	-0.924	-0.915	+0.065	-0.502	-0.579	+0.103	-0.454	-0.462	-0.460	-0.477	-0.475	-0.936	-0.471	-0.922	-0.503	-0.923	-0.486	-0.922	-0.949	-0.946	-0.946	-0.949	-0.643	-0.647	-0.650	-0.659	-0.659	-0.941	-0.943	-0.688	-0.712	-0.716	-0.717	-0.707	-0.716	-0.946	-0.719	-0.720	-0.721	-0.716	-0.945	-0.729	-0.945	-0.945	-0.944	-0.778	-0.785	-0.946	-0.945	-0.946	-0.945	-0.946	
rs12323265     -0.842	+1.865	+2.593	+2.597	+2.130	+2.991	+2.790	+3.143	+3.246	+3.249	+2.222	-1.095	-1.063	-1.083	-1.085	-1.085	-1.000	-1.015	-1.057	-0.877	-0.851	-0.959	-0.632	-0.628	-0.602	-0.606	-0.587	-0.576	-1.065	-1.055	-1.054	-1.052	-0.618	-0.801	-1.007	-0.989	-0.798	-0.911	-0.692	-0.774	-0.820	-0.833	-0.847	-0.605	-0.820	-1.023	-0.959	-0.922	-0.876	-0.878	-0.969	-0.907	-0.748	-0.745	-0.739	-0.937	-0.932	-0.925	-0.918	-0.918	-0.918	-0.918	-0.927	-0.922	-0.928	-0.928	-0.928	-0.983	-0.983	-0.561	-0.877	-0.950	-0.941	+0.048	-0.521	-0.597	+0.087	-0.472	-0.480	-0.478	-0.495	-0.499	-0.957	-0.495	-0.942	-0.526	-0.943	-0.510	-0.942	-0.970	-0.967	-0.967	-0.970	-0.665	-0.668	-0.671	-0.680	-0.680	-0.961	-0.963	-0.710	-0.733	-0.738	-0.738	-0.728	-0.737	-0.967	-0.740	-0.741	-0.742	-0.738	-0.965	-0.751	-0.965	-0.966	-0.964	-0.798	-0.805	-0.966	-0.965	-0.966	-0.965	-0.967	
rs9559779      -0.856	+1.829	+2.558	+2.563	+2.097	+2.956	+2.756	+3.107	+3.207	+3.210	+2.185	-1.112	-1.077	-1.099	-1.101	-1.102	-1.030	-1.043	-1.086	-0.911	-0.886	-0.979	-0.661	-0.658	-0.633	-0.637	-0.618	-0.607	-1.079	-1.068	-1.061	-1.062	-0.801	-0.636	-0.986	-0.962	-0.677	-0.886	-0.633	-0.647	-0.718	-0.737	-0.756	-0.545	-0.779	-0.987	-0.867	-0.986	-0.943	-0.946	-0.955	-0.925	-0.751	-0.748	-0.742	-0.948	-0.943	-0.937	-0.929	-0.929	-0.929	-0.929	-0.938	-0.933	-0.940	-0.939	-0.939	-0.995	-0.996	-0.571	-0.888	-0.962	-0.953	+0.029	-0.541	-0.617	+0.063	-0.494	-0.501	-0.500	-0.516	-0.512	-0.974	-0.508	-0.960	-0.540	-0.961	-0.523	-0.960	-0.987	-0.984	-0.983	-0.987	-0.679	-0.683	-0.685	-0.695	-0.694	-0.979	-0.980	-0.723	-0.746	-0.751	-0.751	-0.742	-0.750	-0.984	-0.754	-0.755	-0.756	-0.751	-0.983	-0.764	-0.983	-0.983	-0.982	-0.813	-0.821	-0.984	-0.983	-0.984	-0.983	-0.984	
rs928111       -0.784	+1.930	+2.663	+2.668	+2.199	+3.065	+2.863	+3.221	+3.325	+3.328	+2.298	-1.035	-1.004	-1.025	-1.026	-1.025	-0.959	-0.971	-1.015	-0.847	-0.823	-0.903	-0.598	-0.594	-0.570	-0.574	-0.556	-0.545	-0.921	-0.909	-0.931	-0.914	-1.007	-0.986	-0.555	-0.693	-0.817	-0.799	-0.352	-0.808	-0.836	-0.846	-0.857	-0.286	-0.685	-0.986	-0.941	-0.948	-0.905	-0.909	-0.881	-0.839	-0.701	-0.698	-0.693	-0.867	-0.861	-0.855	-0.848	-0.848	-0.848	-0.848	-0.857	-0.851	-0.858	-0.857	-0.858	-0.916	-0.917	-0.471	-0.808	-0.882	-0.873	+0.099	-0.463	-0.539	+0.140	-0.415	-0.422	-0.421	-0.437	-0.440	-0.898	-0.436	-0.883	-0.468	-0.885	-0.451	-0.883	-0.910	-0.907	-0.906	-0.910	-0.606	-0.610	-0.613	-0.622	-0.622	-0.902	-0.904	-0.653	-0.676	-0.681	-0.681	-0.671	-0.680	-0.907	-0.683	-0.684	-0.685	-0.680	-0.906	-0.694	-0.906	-0.907	-0.905	-0.741	-0.748	-0.907	-0.906	-0.907	-0.906	-0.907	
rs1888003      -0.764	+1.956	+2.689	+2.693	+2.224	+3.091	+2.889	+3.247	+3.351	+3.355	+2.324	-1.015	-0.984	-1.004	-1.006	-1.005	-0.939	-0.952	-0.995	-0.829	-0.805	-0.883	-0.580	-0.576	-0.552	-0.556	-0.538	-0.527	-0.894	-0.882	-0.909	-0.889	-0.989	-0.962	-0.693	-0.534	-0.803	-0.796	-0.376	-0.795	-0.821	-0.832	-0.842	-0.304	-0.686	-0.967	-0.924	-0.932	-0.891	-0.895	-0.867	-0.818	-0.685	-0.682	-0.677	-0.845	-0.839	-0.833	-0.825	-0.825	-0.825	-0.825	-0.835	-0.829	-0.836	-0.835	-0.835	-0.894	-0.895	-0.447	-0.786	-0.860	-0.851	+0.118	-0.442	-0.519	+0.160	-0.394	-0.402	-0.400	-0.417	-0.420	-0.877	-0.416	-0.863	-0.447	-0.864	-0.430	-0.863	-0.889	-0.886	-0.886	-0.889	-0.586	-0.590	-0.593	-0.602	-0.602	-0.882	-0.883	-0.633	-0.656	-0.661	-0.661	-0.652	-0.660	-0.887	-0.663	-0.664	-0.665	-0.661	-0.886	-0.674	-0.886	-0.886	-0.885	-0.721	-0.728	-0.887	-0.886	-0.887	-0.886	-0.887	
rs9588148      -0.622	+2.136	+2.869	+2.873	+2.397	+3.275	+3.073	+3.436	+3.551	+3.554	+2.513	-0.869	-0.845	-0.861	-0.861	-0.860	-0.749	-0.767	-0.811	-0.622	-0.593	-0.728	-0.375	-0.371	-0.344	-0.348	-0.327	-0.314	-0.842	-0.834	-0.836	-0.835	-0.798	-0.677	-0.817	-0.803	-0.378	-0.759	-0.552	-0.577	-0.546	-0.554	-0.554	-0.471	-0.663	-0.671	-0.717	-0.665	-0.585	-0.597	-0.773	-0.678	-0.527	-0.524	-0.519	-0.720	-0.715	-0.709	-0.702	-0.702	-0.702	-0.702	-0.711	-0.706	-0.712	-0.712	-0.712	-0.765	-0.765	-0.347	-0.661	-0.733	-0.724	+0.278	-0.294	-0.370	+0.326	-0.244	-0.251	-0.250	-0.267	-0.248	-0.730	-0.244	-0.716	-0.277	-0.717	-0.259	-0.716	-0.745	-0.742	-0.741	-0.744	-0.422	-0.425	-0.428	-0.438	-0.438	-0.735	-0.737	-0.473	-0.497	-0.502	-0.502	-0.492	-0.501	-0.741	-0.505	-0.505	-0.506	-0.502	-0.739	-0.515	-0.740	-0.740	-0.738	-0.560	-0.568	-0.740	-0.739	-0.741	-0.739	-0.741	
rs9521724      -0.691	+2.044	+2.783	+2.788	+2.317	+3.189	+2.986	+3.344	+3.451	+3.455	+2.424	-0.938	-0.908	-0.928	-0.929	-0.928	-0.847	-0.861	-0.909	-0.731	-0.706	-0.799	-0.502	-0.498	-0.474	-0.478	-0.460	-0.449	-0.840	-0.828	-0.860	-0.842	-0.911	-0.886	-0.799	-0.796	-0.759	-0.453	-0.621	-0.754	-0.775	-0.784	-0.792	-0.545	-0.728	-0.897	-0.860	-0.874	-0.843	-0.846	-0.831	-0.737	-0.620	-0.618	-0.613	-0.784	-0.779	-0.773	-0.765	-0.765	-0.765	-0.765	-0.774	-0.769	-0.775	-0.775	-0.775	-0.828	-0.829	-0.384	-0.724	-0.796	-0.787	+0.232	-0.337	-0.419	+0.271	-0.290	-0.298	-0.296	-0.314	-0.336	-0.799	-0.331	-0.785	-0.364	-0.787	-0.346	-0.785	-0.812	-0.809	-0.808	-0.812	-0.502	-0.506	-0.509	-0.519	-0.519	-0.804	-0.806	-0.553	-0.576	-0.581	-0.581	-0.572	-0.580	-0.809	-0.584	-0.585	-0.585	-0.581	-0.808	-0.594	-0.808	-0.808	-0.807	-0.639	-0.646	-0.809	-0.808	-0.809	-0.808	-0.809	
rs9559782      -0.449	+2.312	+3.053	+3.057	+2.582	+3.460	+3.256	+3.624	+3.733	+3.736	+2.693	-0.697	-0.669	-0.688	-0.689	-0.687	-0.632	-0.643	-0.682	-0.538	-0.517	-0.566	-0.287	-0.283	-0.261	-0.265	-0.248	-0.237	-0.522	-0.508	-0.571	-0.530	-0.692	-0.633	-0.352	-0.376	-0.552	-0.621	-0.199	-0.551	-0.565	-0.572	-0.579	-0.314	-0.507	-0.651	-0.637	-0.650	-0.636	-0.635	-0.583	-0.479	-0.401	-0.399	-0.394	-0.518	-0.513	-0.506	-0.498	-0.498	-0.498	-0.498	-0.507	-0.502	-0.509	-0.508	-0.508	-0.571	-0.572	-0.102	-0.458	-0.536	-0.524	+0.440	-0.116	-0.196	+0.492	-0.067	-0.074	-0.073	-0.089	-0.102	-0.559	-0.098	-0.545	-0.129	-0.547	-0.112	-0.545	-0.569	-0.565	-0.565	-0.569	-0.263	-0.267	-0.270	-0.279	-0.279	-0.563	-0.564	-0.315	-0.338	-0.343	-0.344	-0.334	-0.343	-0.568	-0.346	-0.347	-0.348	-0.343	-0.567	-0.357	-0.567	-0.567	-0.566	-0.402	-0.408	-0.568	-0.567	-0.568	-0.567	-0.568	
rs9588149      -0.611	+2.149	+2.881	+2.885	+2.408	+3.285	+3.083	+3.445	+3.561	+3.564	+2.522	-0.860	-0.833	-0.850	-0.851	-0.850	-0.744	-0.761	-0.804	-0.604	-0.575	-0.716	-0.360	-0.355	-0.328	-0.332	-0.311	-0.298	-0.836	-0.826	-0.826	-0.826	-0.774	-0.647	-0.808	-0.795	-0.577	-0.754	-0.551	-0.368	-0.571	-0.574	-0.576	-0.471	-0.660	-0.675	-0.683	-0.636	-0.593	-0.604	-0.765	-0.667	-0.519	-0.516	-0.510	-0.707	-0.702	-0.696	-0.689	-0.689	-0.689	-0.689	-0.698	-0.692	-0.699	-0.698	-0.698	-0.752	-0.753	-0.340	-0.648	-0.720	-0.711	+0.288	-0.284	-0.360	+0.336	-0.234	-0.242	-0.240	-0.257	-0.247	-0.721	-0.243	-0.706	-0.275	-0.708	-0.258	-0.706	-0.735	-0.731	-0.731	-0.734	-0.408	-0.412	-0.414	-0.424	-0.424	-0.725	-0.727	-0.459	-0.483	-0.488	-0.488	-0.478	-0.487	-0.731	-0.491	-0.491	-0.492	-0.488	-0.729	-0.501	-0.730	-0.730	-0.728	-0.547	-0.554	-0.730	-0.730	-0.731	-0.730	-0.731	
rs9588150      -0.642	+2.114	+2.848	+2.852	+2.377	+3.255	+3.052	+3.415	+3.530	+3.534	+2.492	-0.890	-0.864	-0.880	-0.881	-0.880	-0.771	-0.788	-0.833	-0.643	-0.615	-0.748	-0.397	-0.393	-0.366	-0.371	-0.350	-0.337	-0.863	-0.854	-0.856	-0.855	-0.820	-0.718	-0.836	-0.821	-0.546	-0.775	-0.565	-0.571	-0.400	-0.522	-0.525	-0.484	-0.678	-0.689	-0.732	-0.686	-0.606	-0.618	-0.791	-0.699	-0.546	-0.543	-0.537	-0.740	-0.735	-0.729	-0.722	-0.722	-0.722	-0.722	-0.731	-0.726	-0.732	-0.732	-0.732	-0.785	-0.786	-0.366	-0.682	-0.753	-0.744	+0.256	-0.316	-0.392	+0.303	-0.266	-0.274	-0.272	-0.289	-0.269	-0.751	-0.264	-0.736	-0.297	-0.738	-0.280	-0.736	-0.765	-0.762	-0.761	-0.765	-0.443	-0.447	-0.449	-0.459	-0.459	-0.756	-0.757	-0.494	-0.517	-0.522	-0.522	-0.513	-0.522	-0.761	-0.525	-0.526	-0.527	-0.522	-0.760	-0.536	-0.760	-0.760	-0.759	-0.581	-0.588	-0.761	-0.760	-0.761	-0.760	-0.761	
rs7991436      -0.653	+2.099	+2.833	+2.837	+2.362	+3.239	+3.037	+3.399	+3.514	+3.517	+2.477	-0.902	-0.875	-0.892	-0.893	-0.892	-0.784	-0.801	-0.846	-0.656	-0.628	-0.760	-0.411	-0.407	-0.380	-0.384	-0.363	-0.350	-0.875	-0.866	-0.868	-0.866	-0.833	-0.737	-0.846	-0.832	-0.554	-0.784	-0.572	-0.574	-0.522	-0.412	-0.538	-0.491	-0.686	-0.704	-0.743	-0.701	-0.622	-0.634	-0.802	-0.710	-0.557	-0.554	-0.548	-0.752	-0.747	-0.741	-0.734	-0.734	-0.734	-0.734	-0.742	-0.737	-0.744	-0.743	-0.743	-0.796	-0.797	-0.378	-0.693	-0.764	-0.756	+0.243	-0.328	-0.404	+0.290	-0.278	-0.286	-0.285	-0.301	-0.282	-0.762	-0.277	-0.748	-0.310	-0.750	-0.293	-0.748	-0.777	-0.773	-0.773	-0.776	-0.455	-0.459	-0.462	-0.472	-0.472	-0.767	-0.769	-0.506	-0.529	-0.534	-0.534	-0.525	-0.534	-0.773	-0.537	-0.538	-0.539	-0.534	-0.771	-0.548	-0.772	-0.772	-0.770	-0.593	-0.601	-0.772	-0.772	-0.773	-0.771	-0.773	
rs952358       -0.665	+2.084	+2.818	+2.822	+2.347	+3.223	+3.021	+3.383	+3.497	+3.501	+2.461	-0.914	-0.887	-0.904	-0.905	-0.904	-0.797	-0.814	-0.859	-0.670	-0.642	-0.773	-0.424	-0.420	-0.393	-0.398	-0.377	-0.364	-0.887	-0.878	-0.879	-0.878	-0.847	-0.756	-0.857	-0.842	-0.554	-0.792	-0.579	-0.576	-0.525	-0.538	-0.425	-0.497	-0.694	-0.721	-0.754	-0.716	-0.638	-0.650	-0.812	-0.723	-0.569	-0.566	-0.560	-0.763	-0.758	-0.752	-0.745	-0.745	-0.745	-0.745	-0.754	-0.749	-0.755	-0.755	-0.755	-0.808	-0.809	-0.389	-0.704	-0.776	-0.767	+0.230	-0.341	-0.417	+0.276	-0.292	-0.299	-0.298	-0.314	-0.295	-0.774	-0.290	-0.760	-0.323	-0.762	-0.306	-0.760	-0.789	-0.786	-0.785	-0.788	-0.468	-0.472	-0.474	-0.484	-0.484	-0.779	-0.781	-0.518	-0.542	-0.547	-0.547	-0.537	-0.546	-0.785	-0.549	-0.550	-0.551	-0.547	-0.784	-0.560	-0.784	-0.784	-0.782	-0.606	-0.613	-0.785	-0.784	-0.785	-0.784	-0.785	
rs750597       -0.361	+2.407	+3.141	+3.146	+2.669	+3.551	+3.348	+3.717	+3.826	+3.829	+2.784	-0.609	-0.580	-0.600	-0.601	-0.599	-0.544	-0.555	-0.593	-0.451	-0.431	-0.478	-0.199	-0.196	-0.173	-0.177	-0.160	-0.150	-0.440	-0.425	-0.488	-0.447	-0.605	-0.545	-0.286	-0.304	-0.471	-0.545	-0.314	-0.471	-0.484	-0.491	-0.497	-0.106	-0.388	-0.551	-0.552	-0.566	-0.555	-0.554	-0.475	-0.384	-0.319	-0.317	-0.312	-0.435	-0.430	-0.423	-0.416	-0.416	-0.416	-0.416	-0.425	-0.420	-0.427	-0.426	-0.426	-0.488	-0.489	-0.022	-0.376	-0.453	-0.442	+0.525	-0.032	-0.111	+0.577	+0.018	+0.011	+0.012	-0.004	-0.019	-0.470	-0.015	-0.456	-0.046	-0.458	-0.029	-0.457	-0.480	-0.476	-0.476	-0.480	-0.176	-0.180	-0.183	-0.192	-0.192	-0.475	-0.476	-0.228	-0.251	-0.256	-0.256	-0.247	-0.256	-0.479	-0.259	-0.260	-0.261	-0.256	-0.479	-0.270	-0.479	-0.479	-0.478	-0.315	-0.321	-0.480	-0.479	-0.480	-0.479	-0.480	
rs9521731      -0.577	+2.166	+2.896	+2.902	+2.427	+3.304	+3.101	+3.461	+3.567	+3.570	+2.534	-0.825	-0.795	-0.815	-0.816	-0.815	-0.756	-0.768	-0.808	-0.651	-0.629	-0.693	-0.407	-0.404	-0.381	-0.385	-0.367	-0.357	-0.727	-0.715	-0.751	-0.728	-0.820	-0.779	-0.685	-0.686	-0.663	-0.728	-0.507	-0.660	-0.678	-0.686	-0.694	-0.388	-0.334	-0.771	-0.758	-0.769	-0.749	-0.750	-0.681	-0.606	-0.520	-0.517	-0.512	-0.659	-0.654	-0.648	-0.641	-0.641	-0.641	-0.641	-0.650	-0.644	-0.651	-0.650	-0.650	-0.709	-0.710	-0.262	-0.602	-0.676	-0.665	+0.351	-0.219	-0.302	+0.403	-0.170	-0.178	-0.176	-0.193	-0.242	-0.687	-0.237	-0.673	-0.268	-0.674	-0.251	-0.673	-0.698	-0.695	-0.694	-0.698	-0.397	-0.401	-0.404	-0.413	-0.413	-0.691	-0.693	-0.447	-0.470	-0.474	-0.475	-0.465	-0.474	-0.696	-0.477	-0.478	-0.479	-0.474	-0.695	-0.488	-0.696	-0.696	-0.694	-0.533	-0.540	-0.696	-0.696	-0.696	-0.696	-0.697	
