## Summary of overall evidence for association with region:
## log10(BF for region) = -0.501514
## p-value for region = NA

## BFs for choosing among multi-SNP models:
## log10(average 1-SNP BF) = -0.428274
## log10(average 2-SNP BF) = -0.700376

## Example posterior probabilities for multi-SNP models, based on default prior: [p(l) propto 0.5^l for l=1,2,...,L]
## posterior probability of 1-SNP = 0.789129
## posterior probability of 2-SNP = 0.210871

## log10(BF) for single SNP and pair of SNPs:
rs5021865      -0.431	-0.749	-0.606	-0.755	-0.383	-0.737	-0.778	-0.600	-0.788	-0.800	-0.750	-0.719	-0.386	-0.461	-0.445	-0.711	-0.450	-0.451	-0.707	-0.703	-0.717	-0.713	-0.716	-0.716	-0.717	-0.716	-0.711	-0.715	-0.709	-0.733	-0.750	-0.737	-0.748	-0.754	-0.681	-0.683	-0.641	-0.693	-0.646	-0.651	-0.690	-0.645	-0.483	-0.659	-0.649	-0.659	-0.660	-0.686	-0.681	-0.557	-0.683	-0.723	-0.673	-0.659	-0.684	-0.670	-0.668	-0.668	-0.690	-0.675	-0.597	-0.488	-0.557	-0.341	-0.562	-0.435	-0.419	-0.424	-0.640	-0.903	-0.909	-0.879	-0.750	-0.530	-0.856	-0.536	-0.832	-0.546	-0.551	-0.529	-0.606	-0.550	-0.532	-0.905	-0.858	-0.491	-0.888	-0.492	-0.771	-0.896	-0.895	-0.768	-0.787	-0.889	-0.656	-0.626	-0.651	-0.545	-0.697	-0.857	-0.743	-0.472	-0.453	-0.745	-0.520	-0.909	-0.893	-0.886	-0.678	-0.679	-0.693	-0.866	-0.894	-0.681	-0.692	-0.893	-0.900	-0.685	-0.665	-0.692	-0.683	-0.687	-0.893	-0.644	-0.626	-0.639	-0.642	-0.905	-0.678	-0.908	-0.666	-0.712	-0.903	-0.825	-0.911	-0.908	-0.821	-0.821	-0.903	-0.696	-0.909	-0.906	-0.887	-0.892	-0.709	-0.871	-0.905	-0.883	-0.710	-0.710	-0.709	-0.878	-0.807	-0.871	-0.775	-0.774	-0.923	-0.930	-0.748	-0.923	-0.923	-0.923	-0.740	-0.740	-0.935	-0.931	-0.912	-0.937	-0.924	-0.906	-0.924	-0.737	-0.924	-0.738	-0.738	-0.938	-0.942	-0.920	-0.926	-0.923	-0.738	-0.736	-0.940	-0.921	-0.940	-0.940	-0.900	-0.920	-0.736	-0.902	-0.898	-0.740	-0.890	-0.917	-0.915	
rs4428693      -0.749	-0.580	-0.752	-0.709	-0.815	-0.754	-0.804	-0.758	-0.807	-0.831	-0.751	-0.876	-0.648	-0.710	-0.697	-0.873	-0.701	-0.702	-0.871	-0.868	-0.876	-0.874	-0.876	-0.877	-0.877	-0.875	-0.872	-0.892	-0.887	-0.900	-0.917	-0.910	-0.917	-0.921	-0.862	-0.864	-0.796	-0.871	-0.798	-0.802	-0.873	-0.796	-0.667	-0.809	-0.800	-0.809	-0.810	-0.833	-0.829	-0.727	-0.831	-0.885	-0.822	-0.808	-0.832	-0.819	-0.817	-0.818	-0.828	-0.813	-0.684	-0.569	-0.642	-0.434	-0.670	-0.537	-0.527	-0.534	-0.761	-1.042	-1.049	-1.015	-0.884	-0.648	-0.991	-0.654	-0.968	-0.666	-0.671	-0.648	-0.727	-0.670	-0.652	-1.044	-0.995	-0.610	-1.027	-0.612	-0.899	-1.034	-1.034	-0.896	-0.916	-1.028	-0.783	-0.754	-0.779	-0.666	-0.821	-0.994	-0.879	-0.596	-0.577	-0.879	-0.640	-1.049	-1.033	-1.026	-0.802	-0.803	-0.817	-1.005	-1.035	-0.804	-0.815	-1.033	-1.041	-0.808	-0.787	-0.815	-0.806	-0.810	-1.033	-0.766	-0.746	-0.760	-0.764	-1.046	-0.801	-1.048	-0.788	-0.855	-1.044	-0.967	-1.051	-1.049	-0.963	-0.964	-1.044	-0.839	-1.049	-1.047	-1.028	-1.033	-0.850	-1.008	-1.045	-1.024	-0.851	-0.851	-0.850	-1.019	-0.940	-1.010	-0.905	-0.905	-1.063	-1.069	-0.878	-1.061	-1.061	-1.061	-0.881	-0.881	-1.073	-1.069	-1.050	-1.074	-1.062	-1.041	-1.063	-0.877	-1.063	-0.879	-0.879	-1.081	-1.082	-1.064	-1.063	-1.066	-0.878	-0.877	-1.079	-1.065	-1.081	-1.081	-1.033	-1.064	-0.877	-1.049	-1.046	-0.881	-1.024	-1.061	-1.060	
rs6558681      -0.606	-0.752	-0.612	-0.718	-0.860	-0.837	-0.836	-0.825	-0.694	-0.739	-0.629	-0.905	-0.697	-0.758	-0.746	-0.901	-0.750	-0.750	-0.899	-0.896	-0.905	-0.903	-0.905	-0.906	-0.906	-0.904	-0.901	-0.922	-0.918	-0.931	-0.948	-0.940	-0.948	-0.952	-0.893	-0.894	-0.837	-0.901	-0.836	-0.840	-0.905	-0.835	-0.698	-0.847	-0.839	-0.847	-0.848	-0.869	-0.866	-0.762	-0.867	-0.914	-0.859	-0.845	-0.868	-0.856	-0.855	-0.855	-0.857	-0.841	-0.691	-0.571	-0.647	-0.429	-0.676	-0.538	-0.532	-0.567	-0.796	-1.073	-1.080	-1.049	-0.910	-0.684	-1.025	-0.690	-1.002	-0.702	-0.707	-0.684	-0.762	-0.708	-0.688	-1.075	-1.029	-0.648	-1.059	-0.650	-0.931	-1.068	-1.066	-0.929	-0.949	-1.060	-0.821	-0.789	-0.814	-0.704	-0.843	-1.029	-0.919	-0.633	-0.618	-0.906	-0.676	-1.081	-1.068	-1.061	-0.836	-0.838	-0.852	-1.040	-1.068	-0.838	-0.849	-1.066	-1.074	-0.843	-0.822	-0.849	-0.840	-0.844	-1.067	-0.800	-0.772	-0.795	-0.798	-1.078	-0.835	-1.081	-0.823	-0.884	-1.077	-0.997	-1.084	-1.081	-0.993	-0.994	-1.077	-0.868	-1.082	-1.079	-1.061	-1.066	-0.881	-1.043	-1.078	-1.057	-0.882	-0.882	-0.881	-1.052	-0.974	-1.042	-0.935	-0.935	-1.094	-1.100	-0.903	-1.092	-1.092	-1.092	-0.912	-0.911	-1.104	-1.099	-1.081	-1.104	-1.093	-1.071	-1.094	-0.907	-1.094	-0.909	-0.909	-1.112	-1.113	-1.095	-1.093	-1.097	-0.909	-0.907	-1.109	-1.096	-1.112	-1.112	-1.064	-1.095	-0.907	-1.080	-1.078	-0.911	-1.056	-1.092	-1.091	
rs6558682      -0.755	-0.709	-0.718	-0.571	-0.790	-0.722	-0.790	-0.723	-0.812	-0.835	-0.758	-0.868	-0.636	-0.699	-0.686	-0.865	-0.690	-0.691	-0.863	-0.860	-0.868	-0.866	-0.868	-0.869	-0.869	-0.868	-0.865	-0.884	-0.879	-0.892	-0.909	-0.901	-0.909	-0.913	-0.854	-0.856	-0.785	-0.863	-0.788	-0.792	-0.865	-0.787	-0.657	-0.800	-0.791	-0.800	-0.801	-0.824	-0.820	-0.717	-0.822	-0.877	-0.813	-0.799	-0.823	-0.810	-0.808	-0.808	-0.820	-0.805	-0.679	-0.565	-0.638	-0.432	-0.666	-0.533	-0.522	-0.526	-0.752	-1.034	-1.041	-1.007	-0.877	-0.640	-0.982	-0.646	-0.959	-0.657	-0.662	-0.640	-0.718	-0.661	-0.643	-1.035	-0.986	-0.601	-1.018	-0.603	-0.890	-1.025	-1.025	-0.888	-0.908	-1.019	-0.773	-0.745	-0.770	-0.657	-0.814	-0.986	-0.870	-0.587	-0.568	-0.872	-0.631	-1.041	-1.025	-1.017	-0.793	-0.794	-0.809	-0.997	-1.026	-0.795	-0.806	-1.025	-1.033	-0.800	-0.779	-0.806	-0.797	-0.801	-1.024	-0.757	-0.739	-0.752	-0.755	-1.037	-0.793	-1.040	-0.780	-0.847	-1.035	-0.960	-1.043	-1.040	-0.955	-0.956	-1.035	-0.832	-1.041	-1.038	-1.019	-1.025	-0.841	-0.999	-1.036	-1.015	-0.843	-0.843	-0.842	-1.010	-0.932	-1.001	-0.898	-0.897	-1.055	-1.061	-0.871	-1.053	-1.053	-1.053	-0.873	-0.873	-1.065	-1.061	-1.042	-1.066	-1.054	-1.033	-1.055	-0.869	-1.055	-0.871	-0.871	-1.072	-1.074	-1.056	-1.055	-1.058	-0.870	-0.869	-1.071	-1.057	-1.073	-1.073	-1.026	-1.056	-0.869	-1.041	-1.038	-0.873	-1.016	-1.053	-1.051	
rs6993235      -0.383	-0.815	-0.860	-0.790	-0.612	-0.863	-0.858	-0.895	-0.708	-0.748	-0.642	-0.904	-0.684	-0.747	-0.734	-0.899	-0.738	-0.739	-0.897	-0.894	-0.903	-0.901	-0.903	-0.904	-0.904	-0.903	-0.899	-0.918	-0.913	-0.927	-0.944	-0.936	-0.944	-0.948	-0.888	-0.889	-0.841	-0.896	-0.839	-0.843	-0.899	-0.838	-0.705	-0.850	-0.841	-0.850	-0.850	-0.870	-0.867	-0.767	-0.869	-0.912	-0.861	-0.847	-0.870	-0.859	-0.857	-0.857	-0.857	-0.840	-0.667	-0.542	-0.621	-0.420	-0.669	-0.530	-0.524	-0.565	-0.796	-1.073	-1.079	-1.051	-0.909	-0.685	-1.028	-0.691	-1.004	-0.702	-0.707	-0.685	-0.763	-0.709	-0.689	-1.075	-1.031	-0.650	-1.059	-0.651	-0.931	-1.069	-1.066	-0.929	-0.948	-1.060	-0.823	-0.790	-0.815	-0.706	-0.838	-1.031	-0.923	-0.633	-0.620	-0.904	-0.676	-1.082	-1.070	-1.063	-0.837	-0.838	-0.853	-1.041	-1.069	-0.838	-0.849	-1.067	-1.075	-0.843	-0.822	-0.849	-0.840	-0.844	-1.069	-0.801	-0.768	-0.795	-0.799	-1.079	-0.835	-1.082	-0.823	-0.883	-1.078	-0.997	-1.085	-1.082	-0.992	-0.993	-1.078	-0.867	-1.083	-1.080	-1.062	-1.067	-0.882	-1.044	-1.079	-1.058	-0.882	-0.882	-0.881	-1.053	-0.975	-1.043	-0.933	-0.933	-1.094	-1.100	-0.899	-1.092	-1.092	-1.092	-0.911	-0.911	-1.103	-1.098	-1.080	-1.104	-1.093	-1.071	-1.093	-0.907	-1.093	-0.908	-0.908	-1.111	-1.113	-1.095	-1.093	-1.097	-0.908	-0.906	-1.109	-1.096	-1.111	-1.111	-1.062	-1.095	-0.907	-1.079	-1.077	-0.911	-1.055	-1.092	-1.090	
rs62490172     -0.737	-0.754	-0.837	-0.722	-0.863	-0.612	-0.794	-0.820	-0.791	-0.819	-0.729	-0.906	-0.684	-0.746	-0.733	-0.902	-0.737	-0.737	-0.900	-0.897	-0.906	-0.903	-0.906	-0.906	-0.906	-0.905	-0.902	-0.921	-0.917	-0.930	-0.947	-0.939	-0.947	-0.951	-0.892	-0.893	-0.831	-0.900	-0.832	-0.836	-0.903	-0.831	-0.702	-0.843	-0.834	-0.844	-0.844	-0.866	-0.863	-0.762	-0.864	-0.914	-0.856	-0.842	-0.865	-0.853	-0.851	-0.851	-0.858	-0.842	-0.704	-0.587	-0.661	-0.448	-0.689	-0.553	-0.545	-0.565	-0.793	-1.073	-1.079	-1.048	-0.912	-0.681	-1.024	-0.687	-1.001	-0.699	-0.704	-0.681	-0.759	-0.704	-0.685	-1.075	-1.028	-0.644	-1.058	-0.646	-0.930	-1.066	-1.065	-0.928	-0.948	-1.059	-0.817	-0.787	-0.812	-0.700	-0.847	-1.028	-0.915	-0.630	-0.613	-0.908	-0.673	-1.081	-1.066	-1.059	-0.834	-0.835	-0.850	-1.038	-1.067	-0.836	-0.847	-1.065	-1.073	-0.840	-0.820	-0.847	-0.838	-0.842	-1.066	-0.798	-0.774	-0.793	-0.796	-1.078	-0.833	-1.080	-0.821	-0.885	-1.076	-0.997	-1.083	-1.080	-0.993	-0.994	-1.076	-0.869	-1.081	-1.079	-1.060	-1.065	-0.881	-1.041	-1.077	-1.056	-0.882	-0.882	-0.880	-1.051	-0.972	-1.042	-0.936	-0.935	-1.093	-1.100	-0.906	-1.092	-1.092	-1.092	-0.911	-0.911	-1.103	-1.099	-1.081	-1.104	-1.093	-1.071	-1.093	-0.907	-1.093	-0.909	-0.909	-1.111	-1.113	-1.095	-1.093	-1.096	-0.908	-0.907	-1.109	-1.095	-1.112	-1.112	-1.064	-1.094	-0.907	-1.079	-1.077	-0.911	-1.055	-1.092	-1.090	
rs4623454      -0.778	-0.804	-0.836	-0.790	-0.858	-0.794	-0.604	-0.723	-0.799	-0.827	-0.741	-0.899	-0.672	-0.735	-0.722	-0.896	-0.726	-0.727	-0.894	-0.891	-0.899	-0.897	-0.899	-0.900	-0.900	-0.898	-0.895	-0.914	-0.910	-0.923	-0.940	-0.932	-0.940	-0.944	-0.885	-0.886	-0.822	-0.893	-0.823	-0.827	-0.895	-0.822	-0.694	-0.835	-0.826	-0.835	-0.835	-0.858	-0.854	-0.753	-0.856	-0.908	-0.847	-0.833	-0.857	-0.844	-0.842	-0.843	-0.851	-0.836	-0.703	-0.588	-0.662	-0.452	-0.689	-0.555	-0.546	-0.558	-0.785	-1.066	-1.072	-1.039	-0.907	-0.672	-1.014	-0.678	-0.991	-0.690	-0.695	-0.672	-0.751	-0.695	-0.676	-1.067	-1.018	-0.635	-1.050	-0.637	-0.921	-1.057	-1.057	-0.919	-0.939	-1.051	-0.808	-0.779	-0.804	-0.691	-0.843	-1.018	-0.905	-0.622	-0.604	-0.902	-0.664	-1.073	-1.057	-1.049	-0.826	-0.827	-0.841	-1.030	-1.058	-0.828	-0.839	-1.057	-1.065	-0.832	-0.811	-0.839	-0.829	-0.834	-1.056	-0.790	-0.768	-0.784	-0.788	-1.069	-0.825	-1.072	-0.812	-0.879	-1.067	-0.991	-1.075	-1.072	-0.986	-0.987	-1.067	-0.863	-1.073	-1.070	-1.051	-1.057	-0.873	-1.033	-1.068	-1.047	-0.875	-0.875	-0.873	-1.042	-0.963	-1.033	-0.928	-0.928	-1.086	-1.093	-0.901	-1.085	-1.085	-1.085	-0.904	-0.904	-1.096	-1.092	-1.073	-1.097	-1.085	-1.064	-1.086	-0.900	-1.086	-0.902	-0.902	-1.104	-1.106	-1.088	-1.086	-1.089	-0.901	-0.900	-1.102	-1.088	-1.105	-1.105	-1.057	-1.087	-0.900	-1.072	-1.069	-0.904	-1.048	-1.084	-1.083	
rs7827228      -0.600	-0.758	-0.825	-0.723	-0.895	-0.820	-0.723	-0.632	-0.587	-0.651	-0.519	-0.923	-0.724	-0.783	-0.771	-0.919	-0.776	-0.776	-0.917	-0.914	-0.923	-0.921	-0.923	-0.924	-0.924	-0.922	-0.919	-0.941	-0.936	-0.950	-0.967	-0.959	-0.967	-0.971	-0.911	-0.913	-0.862	-0.919	-0.859	-0.863	-0.924	-0.858	-0.727	-0.870	-0.861	-0.870	-0.870	-0.890	-0.887	-0.788	-0.889	-0.932	-0.881	-0.867	-0.890	-0.879	-0.877	-0.877	-0.876	-0.859	-0.695	-0.573	-0.650	-0.430	-0.682	-0.542	-0.537	-0.584	-0.815	-1.092	-1.099	-1.070	-0.926	-0.704	-1.046	-0.710	-1.023	-0.721	-0.726	-0.704	-0.782	-0.728	-0.708	-1.094	-1.050	-0.669	-1.078	-0.671	-0.950	-1.088	-1.085	-0.948	-0.967	-1.079	-0.842	-0.809	-0.834	-0.725	-0.856	-1.049	-0.942	-0.652	-0.639	-0.922	-0.695	-1.100	-1.088	-1.081	-0.856	-0.857	-0.872	-1.060	-1.088	-0.857	-0.868	-1.086	-1.094	-0.862	-0.841	-0.868	-0.859	-0.863	-1.088	-0.820	-0.787	-0.814	-0.818	-1.098	-0.855	-1.100	-0.842	-0.901	-1.097	-1.016	-1.103	-1.101	-1.011	-1.012	-1.096	-0.885	-1.102	-1.099	-1.081	-1.086	-0.900	-1.063	-1.097	-1.077	-0.900	-0.900	-0.899	-1.072	-0.994	-1.062	-0.952	-0.952	-1.113	-1.118	-0.917	-1.111	-1.111	-1.111	-0.931	-0.930	-1.122	-1.117	-1.099	-1.123	-1.112	-1.090	-1.113	-0.926	-1.112	-0.928	-0.928	-1.131	-1.132	-1.114	-1.112	-1.116	-0.927	-0.926	-1.128	-1.115	-1.131	-1.131	-1.082	-1.114	-0.926	-1.099	-1.097	-0.930	-1.074	-1.111	-1.110	
rs4457357      -0.788	-0.807	-0.694	-0.812	-0.708	-0.791	-0.799	-0.587	-0.465	-0.652	-0.605	-0.768	-0.632	-0.686	-0.675	-0.766	-0.678	-0.679	-0.764	-0.761	-0.769	-0.767	-0.769	-0.769	-0.769	-0.768	-0.765	-0.780	-0.775	-0.789	-0.805	-0.797	-0.805	-0.809	-0.750	-0.751	-0.731	-0.758	-0.719	-0.722	-0.771	-0.719	-0.609	-0.727	-0.722	-0.728	-0.728	-0.739	-0.738	-0.663	-0.738	-0.781	-0.735	-0.721	-0.740	-0.733	-0.732	-0.732	-0.691	-0.673	-0.622	-0.514	-0.583	-0.391	-0.608	-0.484	-0.466	-0.455	-0.639	-0.933	-0.940	-0.901	-0.785	-0.524	-0.875	-0.530	-0.852	-0.542	-0.548	-0.524	-0.604	-0.545	-0.529	-0.935	-0.879	-0.483	-0.917	-0.485	-0.792	-0.919	-0.924	-0.790	-0.809	-0.918	-0.682	-0.653	-0.677	-0.540	-0.730	-0.877	-0.764	-0.500	-0.478	-0.780	-0.520	-0.940	-0.917	-0.909	-0.683	-0.684	-0.699	-0.901	-0.925	-0.686	-0.697	-0.923	-0.931	-0.691	-0.670	-0.698	-0.688	-0.692	-0.917	-0.648	-0.643	-0.642	-0.646	-0.936	-0.683	-0.938	-0.670	-0.747	-0.933	-0.857	-0.941	-0.938	-0.852	-0.853	-0.933	-0.732	-0.939	-0.936	-0.916	-0.922	-0.739	-0.902	-0.935	-0.912	-0.742	-0.742	-0.740	-0.907	-0.836	-0.899	-0.806	-0.806	-0.953	-0.960	-0.779	-0.951	-0.951	-0.951	-0.770	-0.770	-0.965	-0.961	-0.941	-0.962	-0.951	-0.933	-0.952	-0.766	-0.952	-0.768	-0.768	-0.972	-0.971	-0.956	-0.952	-0.957	-0.767	-0.765	-0.965	-0.956	-0.972	-0.972	-0.913	-0.955	-0.766	-0.941	-0.936	-0.770	-0.910	-0.953	-0.951	
rs6982142      -0.800	-0.831	-0.739	-0.835	-0.748	-0.819	-0.827	-0.651	-0.652	-0.476	-0.524	-0.779	-0.643	-0.696	-0.685	-0.776	-0.688	-0.689	-0.774	-0.772	-0.779	-0.777	-0.779	-0.780	-0.780	-0.778	-0.776	-0.791	-0.787	-0.800	-0.816	-0.808	-0.816	-0.820	-0.761	-0.763	-0.741	-0.770	-0.729	-0.732	-0.782	-0.729	-0.619	-0.737	-0.732	-0.738	-0.738	-0.749	-0.748	-0.673	-0.749	-0.791	-0.745	-0.731	-0.750	-0.743	-0.742	-0.742	-0.701	-0.684	-0.627	-0.517	-0.588	-0.396	-0.615	-0.490	-0.471	-0.459	-0.643	-0.943	-0.950	-0.910	-0.794	-0.527	-0.884	-0.533	-0.860	-0.546	-0.552	-0.528	-0.609	-0.549	-0.532	-0.945	-0.888	-0.486	-0.927	-0.488	-0.799	-0.928	-0.934	-0.797	-0.817	-0.928	-0.688	-0.659	-0.683	-0.544	-0.740	-0.886	-0.772	-0.505	-0.483	-0.789	-0.524	-0.950	-0.927	-0.919	-0.689	-0.690	-0.705	-0.910	-0.934	-0.692	-0.703	-0.933	-0.941	-0.696	-0.675	-0.703	-0.693	-0.698	-0.926	-0.653	-0.647	-0.647	-0.651	-0.946	-0.689	-0.948	-0.676	-0.758	-0.943	-0.867	-0.951	-0.948	-0.863	-0.863	-0.943	-0.742	-0.949	-0.946	-0.926	-0.932	-0.750	-0.912	-0.945	-0.922	-0.753	-0.752	-0.751	-0.917	-0.844	-0.909	-0.814	-0.814	-0.963	-0.970	-0.790	-0.961	-0.961	-0.961	-0.781	-0.781	-0.975	-0.971	-0.951	-0.972	-0.961	-0.941	-0.962	-0.776	-0.962	-0.778	-0.778	-0.982	-0.981	-0.967	-0.961	-0.968	-0.778	-0.776	-0.975	-0.967	-0.983	-0.983	-0.922	-0.966	-0.776	-0.952	-0.948	-0.780	-0.919	-0.964	-0.962	
rs6981160      -0.750	-0.751	-0.629	-0.758	-0.642	-0.729	-0.741	-0.519	-0.605	-0.524	-0.404	-0.710	-0.588	-0.640	-0.629	-0.708	-0.633	-0.633	-0.706	-0.704	-0.711	-0.709	-0.711	-0.711	-0.711	-0.710	-0.708	-0.722	-0.717	-0.731	-0.747	-0.739	-0.747	-0.751	-0.692	-0.693	-0.677	-0.700	-0.663	-0.666	-0.715	-0.663	-0.557	-0.670	-0.666	-0.671	-0.672	-0.681	-0.680	-0.610	-0.681	-0.724	-0.677	-0.664	-0.683	-0.676	-0.675	-0.675	-0.627	-0.609	-0.574	-0.467	-0.536	-0.348	-0.560	-0.442	-0.420	-0.397	-0.571	-0.875	-0.881	-0.840	-0.728	-0.454	-0.813	-0.460	-0.790	-0.473	-0.479	-0.455	-0.536	-0.475	-0.459	-0.875	-0.818	-0.412	-0.857	-0.414	-0.731	-0.858	-0.864	-0.729	-0.749	-0.858	-0.619	-0.591	-0.616	-0.470	-0.677	-0.816	-0.701	-0.438	-0.414	-0.723	-0.451	-0.880	-0.856	-0.848	-0.617	-0.618	-0.633	-0.840	-0.864	-0.620	-0.632	-0.863	-0.870	-0.625	-0.603	-0.632	-0.622	-0.626	-0.856	-0.581	-0.580	-0.575	-0.579	-0.875	-0.617	-0.878	-0.604	-0.687	-0.873	-0.797	-0.881	-0.878	-0.792	-0.793	-0.873	-0.672	-0.879	-0.876	-0.855	-0.861	-0.680	-0.841	-0.874	-0.851	-0.683	-0.683	-0.681	-0.846	-0.776	-0.838	-0.746	-0.745	-0.894	-0.901	-0.724	-0.892	-0.891	-0.891	-0.712	-0.711	-0.907	-0.902	-0.882	-0.902	-0.892	-0.873	-0.893	-0.707	-0.893	-0.709	-0.709	-0.913	-0.912	-0.898	-0.892	-0.899	-0.708	-0.706	-0.905	-0.898	-0.914	-0.914	-0.852	-0.898	-0.707	-0.884	-0.879	-0.711	-0.848	-0.895	-0.893	
rs7007281      -0.719	-0.876	-0.905	-0.868	-0.904	-0.906	-0.899	-0.923	-0.768	-0.779	-0.710	-0.436	-0.483	-0.552	-0.538	-0.577	-0.545	-0.546	-0.577	-0.571	-0.588	-0.583	-0.586	-0.588	-0.589	-0.590	-0.585	-0.684	-0.679	-0.711	-0.719	-0.709	-0.717	-0.721	-0.651	-0.653	-0.679	-0.666	-0.676	-0.680	-0.682	-0.675	-0.542	-0.687	-0.678	-0.687	-0.688	-0.708	-0.705	-0.604	-0.707	-0.672	-0.699	-0.685	-0.708	-0.697	-0.695	-0.695	-0.693	-0.677	-0.493	-0.365	-0.445	-0.275	-0.517	-0.381	-0.371	-0.375	-0.619	-0.909	-0.916	-0.878	-0.748	-0.504	-0.853	-0.511	-0.827	-0.522	-0.528	-0.505	-0.584	-0.536	-0.508	-0.910	-0.860	-0.475	-0.895	-0.477	-0.759	-0.901	-0.902	-0.756	-0.777	-0.896	-0.650	-0.618	-0.644	-0.532	-0.678	-0.860	-0.748	-0.452	-0.439	-0.743	-0.503	-0.919	-0.902	-0.895	-0.667	-0.668	-0.683	-0.878	-0.906	-0.668	-0.679	-0.904	-0.912	-0.673	-0.652	-0.680	-0.670	-0.674	-0.901	-0.630	-0.602	-0.625	-0.628	-0.916	-0.666	-0.919	-0.653	-0.721	-0.915	-0.835	-0.922	-0.919	-0.831	-0.831	-0.915	-0.705	-0.920	-0.917	-0.898	-0.904	-0.714	-0.881	-0.916	-0.894	-0.716	-0.716	-0.715	-0.890	-0.803	-0.878	-0.769	-0.768	-0.931	-0.938	-0.739	-0.929	-0.929	-0.929	-0.748	-0.747	-0.941	-0.935	-0.917	-0.939	-0.930	-0.902	-0.930	-0.742	-0.930	-0.744	-0.745	-0.949	-0.949	-0.934	-0.929	-0.935	-0.744	-0.742	-0.945	-0.934	-0.949	-0.950	-0.893	-0.934	-0.743	-0.919	-0.918	-0.747	-0.893	-0.931	-0.930	
rs4642676      -0.386	-0.648	-0.697	-0.636	-0.684	-0.684	-0.672	-0.724	-0.632	-0.643	-0.588	-0.483	-0.233	-0.348	-0.382	-0.502	-0.388	-0.389	-0.507	-0.509	-0.496	-0.501	-0.498	-0.498	-0.495	-0.496	-0.503	-0.513	-0.517	-0.497	-0.495	-0.511	-0.501	-0.494	-0.535	-0.535	-0.513	-0.531	-0.500	-0.501	-0.532	-0.503	-0.451	-0.502	-0.504	-0.504	-0.504	-0.495	-0.497	-0.483	-0.497	-0.511	-0.501	-0.490	-0.500	-0.501	-0.503	-0.503	-0.409	-0.382	-0.241	-0.097	-0.188	-0.133	-0.372	-0.236	-0.209	-0.165	-0.339	-0.714	-0.721	-0.675	-0.564	-0.212	-0.647	-0.219	-0.617	-0.233	-0.242	-0.213	-0.300	-0.261	-0.213	-0.716	-0.657	-0.192	-0.703	-0.194	-0.566	-0.701	-0.710	-0.563	-0.583	-0.704	-0.450	-0.422	-0.447	-0.260	-0.481	-0.655	-0.527	-0.241	-0.229	-0.559	-0.232	-0.726	-0.704	-0.696	-0.412	-0.413	-0.430	-0.686	-0.716	-0.412	-0.425	-0.714	-0.721	-0.416	-0.393	-0.424	-0.413	-0.418	-0.704	-0.368	-0.380	-0.362	-0.366	-0.725	-0.409	-0.727	-0.394	-0.541	-0.724	-0.645	-0.730	-0.727	-0.642	-0.642	-0.723	-0.527	-0.728	-0.726	-0.708	-0.713	-0.517	-0.690	-0.724	-0.704	-0.523	-0.523	-0.520	-0.700	-0.620	-0.687	-0.591	-0.590	-0.727	-0.736	-0.542	-0.722	-0.721	-0.721	-0.551	-0.551	-0.747	-0.743	-0.721	-0.728	-0.720	-0.703	-0.722	-0.546	-0.724	-0.548	-0.548	-0.750	-0.747	-0.740	-0.718	-0.740	-0.547	-0.545	-0.737	-0.740	-0.748	-0.748	-0.662	-0.740	-0.546	-0.734	-0.730	-0.550	-0.679	-0.739	-0.739	
rs4412393      -0.461	-0.710	-0.758	-0.699	-0.747	-0.746	-0.735	-0.783	-0.686	-0.696	-0.640	-0.552	-0.348	-0.296	-0.432	-0.568	-0.440	-0.441	-0.572	-0.574	-0.564	-0.568	-0.565	-0.566	-0.563	-0.564	-0.569	-0.583	-0.586	-0.569	-0.570	-0.583	-0.575	-0.570	-0.598	-0.598	-0.572	-0.595	-0.559	-0.560	-0.597	-0.561	-0.501	-0.562	-0.563	-0.564	-0.564	-0.558	-0.560	-0.537	-0.560	-0.578	-0.563	-0.551	-0.563	-0.562	-0.564	-0.564	-0.478	-0.453	-0.309	-0.167	-0.257	-0.187	-0.427	-0.290	-0.266	-0.229	-0.408	-0.773	-0.781	-0.736	-0.622	-0.282	-0.708	-0.289	-0.679	-0.303	-0.312	-0.284	-0.370	-0.329	-0.284	-0.775	-0.718	-0.261	-0.763	-0.263	-0.626	-0.762	-0.769	-0.623	-0.643	-0.764	-0.511	-0.482	-0.507	-0.327	-0.541	-0.716	-0.591	-0.304	-0.292	-0.617	-0.299	-0.785	-0.764	-0.756	-0.478	-0.479	-0.495	-0.746	-0.775	-0.478	-0.491	-0.773	-0.780	-0.482	-0.459	-0.490	-0.479	-0.484	-0.764	-0.434	-0.442	-0.429	-0.433	-0.784	-0.475	-0.786	-0.460	-0.599	-0.783	-0.704	-0.789	-0.786	-0.701	-0.701	-0.783	-0.585	-0.787	-0.785	-0.767	-0.772	-0.578	-0.749	-0.783	-0.763	-0.583	-0.583	-0.580	-0.759	-0.679	-0.746	-0.648	-0.648	-0.787	-0.796	-0.602	-0.782	-0.782	-0.782	-0.611	-0.610	-0.807	-0.802	-0.781	-0.789	-0.781	-0.763	-0.782	-0.606	-0.784	-0.608	-0.608	-0.810	-0.807	-0.799	-0.779	-0.799	-0.607	-0.605	-0.798	-0.799	-0.808	-0.808	-0.725	-0.799	-0.606	-0.792	-0.788	-0.610	-0.741	-0.798	-0.798	
rs7002095      -0.445	-0.697	-0.746	-0.686	-0.734	-0.733	-0.722	-0.771	-0.675	-0.685	-0.629	-0.538	-0.382	-0.432	-0.283	-0.554	-0.408	-0.408	-0.558	-0.559	-0.548	-0.553	-0.550	-0.551	-0.548	-0.549	-0.554	-0.566	-0.569	-0.552	-0.552	-0.566	-0.557	-0.551	-0.583	-0.583	-0.559	-0.580	-0.546	-0.548	-0.581	-0.549	-0.491	-0.549	-0.550	-0.551	-0.551	-0.545	-0.546	-0.526	-0.546	-0.563	-0.549	-0.538	-0.550	-0.549	-0.551	-0.551	-0.463	-0.437	-0.292	-0.149	-0.240	-0.176	-0.415	-0.279	-0.254	-0.214	-0.390	-0.761	-0.769	-0.723	-0.610	-0.263	-0.695	-0.270	-0.666	-0.284	-0.293	-0.265	-0.352	-0.311	-0.265	-0.763	-0.704	-0.242	-0.750	-0.244	-0.612	-0.749	-0.757	-0.610	-0.630	-0.751	-0.496	-0.468	-0.493	-0.309	-0.526	-0.703	-0.575	-0.287	-0.276	-0.605	-0.282	-0.773	-0.751	-0.743	-0.462	-0.462	-0.479	-0.733	-0.762	-0.462	-0.475	-0.761	-0.768	-0.466	-0.443	-0.474	-0.463	-0.468	-0.751	-0.418	-0.427	-0.412	-0.416	-0.772	-0.458	-0.774	-0.444	-0.587	-0.770	-0.692	-0.776	-0.774	-0.689	-0.689	-0.770	-0.574	-0.775	-0.773	-0.755	-0.760	-0.565	-0.736	-0.771	-0.751	-0.571	-0.571	-0.568	-0.746	-0.667	-0.734	-0.636	-0.635	-0.774	-0.784	-0.588	-0.769	-0.769	-0.769	-0.599	-0.598	-0.795	-0.790	-0.768	-0.776	-0.768	-0.750	-0.769	-0.594	-0.771	-0.596	-0.596	-0.797	-0.795	-0.787	-0.766	-0.787	-0.595	-0.593	-0.785	-0.787	-0.796	-0.796	-0.711	-0.787	-0.594	-0.780	-0.777	-0.598	-0.727	-0.786	-0.786	
rs7003361      -0.711	-0.873	-0.901	-0.865	-0.899	-0.902	-0.896	-0.919	-0.766	-0.776	-0.708	-0.577	-0.502	-0.568	-0.554	-0.431	-0.558	-0.559	-0.551	-0.542	-0.559	-0.556	-0.557	-0.560	-0.560	-0.563	-0.564	-0.685	-0.681	-0.708	-0.715	-0.707	-0.713	-0.716	-0.657	-0.659	-0.674	-0.670	-0.671	-0.675	-0.688	-0.670	-0.536	-0.682	-0.673	-0.682	-0.683	-0.704	-0.701	-0.599	-0.702	-0.669	-0.694	-0.680	-0.703	-0.692	-0.690	-0.690	-0.689	-0.673	-0.475	-0.344	-0.426	-0.273	-0.514	-0.378	-0.368	-0.364	-0.610	-0.904	-0.911	-0.871	-0.744	-0.495	-0.845	-0.501	-0.818	-0.513	-0.518	-0.495	-0.575	-0.528	-0.498	-0.905	-0.853	-0.467	-0.890	-0.469	-0.751	-0.895	-0.897	-0.748	-0.769	-0.891	-0.641	-0.611	-0.636	-0.524	-0.674	-0.853	-0.739	-0.441	-0.429	-0.739	-0.496	-0.914	-0.896	-0.889	-0.660	-0.661	-0.676	-0.873	-0.901	-0.661	-0.672	-0.899	-0.907	-0.666	-0.645	-0.673	-0.663	-0.668	-0.895	-0.623	-0.596	-0.617	-0.621	-0.912	-0.659	-0.914	-0.646	-0.719	-0.910	-0.831	-0.917	-0.915	-0.827	-0.828	-0.910	-0.703	-0.915	-0.913	-0.894	-0.899	-0.709	-0.876	-0.911	-0.889	-0.712	-0.712	-0.711	-0.885	-0.796	-0.873	-0.763	-0.763	-0.927	-0.934	-0.735	-0.925	-0.924	-0.925	-0.743	-0.743	-0.936	-0.931	-0.912	-0.934	-0.925	-0.896	-0.926	-0.738	-0.926	-0.740	-0.740	-0.945	-0.945	-0.930	-0.924	-0.931	-0.739	-0.738	-0.940	-0.930	-0.945	-0.945	-0.887	-0.930	-0.738	-0.916	-0.914	-0.743	-0.888	-0.927	-0.926	
rs10091798     -0.450	-0.701	-0.750	-0.690	-0.738	-0.737	-0.726	-0.776	-0.678	-0.688	-0.633	-0.545	-0.388	-0.440	-0.408	-0.558	-0.288	-0.398	-0.562	-0.564	-0.553	-0.557	-0.555	-0.555	-0.553	-0.553	-0.559	-0.570	-0.573	-0.556	-0.556	-0.570	-0.561	-0.556	-0.587	-0.587	-0.563	-0.584	-0.551	-0.552	-0.585	-0.554	-0.495	-0.554	-0.555	-0.556	-0.556	-0.549	-0.551	-0.530	-0.551	-0.568	-0.554	-0.543	-0.554	-0.554	-0.555	-0.555	-0.470	-0.442	-0.296	-0.153	-0.244	-0.179	-0.419	-0.282	-0.257	-0.219	-0.396	-0.766	-0.773	-0.728	-0.614	-0.269	-0.700	-0.276	-0.671	-0.290	-0.299	-0.270	-0.357	-0.316	-0.271	-0.768	-0.709	-0.247	-0.755	-0.250	-0.617	-0.754	-0.762	-0.614	-0.635	-0.756	-0.501	-0.473	-0.498	-0.315	-0.531	-0.708	-0.581	-0.291	-0.281	-0.609	-0.287	-0.777	-0.756	-0.748	-0.467	-0.468	-0.484	-0.738	-0.767	-0.467	-0.480	-0.766	-0.772	-0.471	-0.448	-0.479	-0.468	-0.473	-0.756	-0.423	-0.432	-0.418	-0.421	-0.777	-0.464	-0.779	-0.449	-0.592	-0.775	-0.696	-0.781	-0.779	-0.693	-0.694	-0.775	-0.578	-0.780	-0.777	-0.760	-0.765	-0.570	-0.741	-0.776	-0.755	-0.575	-0.575	-0.572	-0.751	-0.671	-0.738	-0.641	-0.640	-0.779	-0.788	-0.592	-0.774	-0.773	-0.774	-0.603	-0.603	-0.799	-0.795	-0.773	-0.780	-0.773	-0.755	-0.774	-0.598	-0.776	-0.600	-0.600	-0.802	-0.799	-0.791	-0.771	-0.792	-0.600	-0.598	-0.790	-0.792	-0.800	-0.801	-0.717	-0.792	-0.598	-0.785	-0.781	-0.603	-0.732	-0.791	-0.790	
rs10091989     -0.451	-0.702	-0.750	-0.691	-0.739	-0.737	-0.727	-0.776	-0.679	-0.689	-0.633	-0.546	-0.389	-0.441	-0.408	-0.559	-0.398	-0.289	-0.563	-0.564	-0.554	-0.558	-0.555	-0.556	-0.553	-0.554	-0.559	-0.570	-0.574	-0.557	-0.557	-0.571	-0.562	-0.556	-0.588	-0.588	-0.564	-0.585	-0.551	-0.553	-0.586	-0.554	-0.496	-0.554	-0.555	-0.556	-0.556	-0.550	-0.552	-0.531	-0.552	-0.569	-0.555	-0.543	-0.555	-0.555	-0.556	-0.556	-0.471	-0.443	-0.296	-0.153	-0.244	-0.179	-0.420	-0.283	-0.258	-0.219	-0.396	-0.766	-0.774	-0.729	-0.615	-0.269	-0.701	-0.277	-0.672	-0.291	-0.299	-0.271	-0.358	-0.317	-0.271	-0.768	-0.710	-0.248	-0.756	-0.250	-0.618	-0.754	-0.762	-0.615	-0.635	-0.757	-0.502	-0.473	-0.499	-0.315	-0.531	-0.709	-0.582	-0.292	-0.281	-0.610	-0.288	-0.778	-0.757	-0.749	-0.468	-0.468	-0.485	-0.738	-0.768	-0.468	-0.480	-0.767	-0.773	-0.472	-0.448	-0.479	-0.469	-0.474	-0.757	-0.424	-0.432	-0.418	-0.422	-0.777	-0.464	-0.780	-0.450	-0.592	-0.776	-0.697	-0.782	-0.780	-0.694	-0.694	-0.776	-0.579	-0.780	-0.778	-0.760	-0.765	-0.571	-0.742	-0.776	-0.756	-0.576	-0.576	-0.573	-0.752	-0.672	-0.739	-0.641	-0.641	-0.780	-0.789	-0.593	-0.775	-0.774	-0.774	-0.604	-0.604	-0.800	-0.795	-0.774	-0.781	-0.774	-0.756	-0.775	-0.599	-0.777	-0.601	-0.601	-0.802	-0.800	-0.792	-0.772	-0.792	-0.600	-0.598	-0.791	-0.792	-0.801	-0.801	-0.717	-0.792	-0.599	-0.786	-0.782	-0.603	-0.733	-0.791	-0.791	
rs1542372      -0.707	-0.871	-0.899	-0.863	-0.897	-0.900	-0.894	-0.917	-0.764	-0.774	-0.706	-0.577	-0.507	-0.572	-0.558	-0.551	-0.562	-0.563	-0.429	-0.548	-0.557	-0.558	-0.558	-0.560	-0.559	-0.562	-0.566	-0.686	-0.682	-0.708	-0.713	-0.706	-0.712	-0.714	-0.659	-0.661	-0.671	-0.670	-0.668	-0.672	-0.689	-0.667	-0.534	-0.679	-0.671	-0.680	-0.681	-0.701	-0.698	-0.596	-0.700	-0.668	-0.692	-0.678	-0.701	-0.689	-0.688	-0.688	-0.687	-0.671	-0.469	-0.338	-0.421	-0.271	-0.513	-0.377	-0.366	-0.360	-0.607	-0.902	-0.909	-0.868	-0.742	-0.491	-0.841	-0.497	-0.815	-0.510	-0.515	-0.491	-0.572	-0.525	-0.495	-0.903	-0.850	-0.464	-0.888	-0.466	-0.748	-0.892	-0.895	-0.745	-0.766	-0.889	-0.638	-0.608	-0.633	-0.521	-0.672	-0.850	-0.736	-0.438	-0.425	-0.737	-0.493	-0.912	-0.894	-0.886	-0.657	-0.658	-0.673	-0.870	-0.898	-0.658	-0.669	-0.897	-0.905	-0.663	-0.642	-0.670	-0.660	-0.665	-0.892	-0.620	-0.593	-0.614	-0.618	-0.909	-0.656	-0.912	-0.643	-0.717	-0.908	-0.829	-0.915	-0.912	-0.825	-0.826	-0.908	-0.701	-0.913	-0.910	-0.891	-0.897	-0.707	-0.874	-0.909	-0.887	-0.710	-0.710	-0.708	-0.882	-0.793	-0.871	-0.761	-0.760	-0.924	-0.932	-0.733	-0.922	-0.922	-0.922	-0.741	-0.740	-0.934	-0.928	-0.910	-0.932	-0.923	-0.893	-0.923	-0.735	-0.924	-0.738	-0.738	-0.943	-0.942	-0.928	-0.921	-0.929	-0.737	-0.735	-0.937	-0.928	-0.943	-0.943	-0.885	-0.928	-0.736	-0.914	-0.912	-0.740	-0.886	-0.925	-0.924	
rs969477       -0.703	-0.868	-0.896	-0.860	-0.894	-0.897	-0.891	-0.914	-0.761	-0.772	-0.704	-0.571	-0.509	-0.574	-0.559	-0.542	-0.564	-0.564	-0.548	-0.425	-0.547	-0.547	-0.546	-0.549	-0.547	-0.552	-0.557	-0.684	-0.681	-0.705	-0.712	-0.705	-0.710	-0.713	-0.658	-0.660	-0.667	-0.671	-0.665	-0.669	-0.688	-0.664	-0.529	-0.676	-0.667	-0.677	-0.677	-0.698	-0.695	-0.593	-0.696	-0.665	-0.689	-0.674	-0.698	-0.686	-0.684	-0.685	-0.684	-0.668	-0.465	-0.333	-0.415	-0.269	-0.510	-0.374	-0.363	-0.355	-0.603	-0.898	-0.906	-0.864	-0.739	-0.487	-0.838	-0.493	-0.811	-0.505	-0.510	-0.487	-0.568	-0.521	-0.490	-0.899	-0.846	-0.460	-0.885	-0.462	-0.744	-0.889	-0.892	-0.741	-0.762	-0.886	-0.634	-0.604	-0.630	-0.517	-0.669	-0.846	-0.732	-0.433	-0.421	-0.734	-0.489	-0.909	-0.890	-0.883	-0.654	-0.655	-0.670	-0.867	-0.895	-0.655	-0.666	-0.894	-0.901	-0.660	-0.638	-0.666	-0.657	-0.661	-0.889	-0.616	-0.590	-0.611	-0.614	-0.906	-0.652	-0.909	-0.640	-0.714	-0.905	-0.826	-0.912	-0.909	-0.822	-0.823	-0.904	-0.699	-0.910	-0.907	-0.888	-0.893	-0.704	-0.871	-0.906	-0.884	-0.707	-0.707	-0.705	-0.879	-0.789	-0.868	-0.757	-0.757	-0.921	-0.929	-0.730	-0.919	-0.919	-0.919	-0.738	-0.737	-0.931	-0.925	-0.907	-0.929	-0.919	-0.890	-0.920	-0.732	-0.920	-0.734	-0.735	-0.940	-0.939	-0.925	-0.918	-0.926	-0.734	-0.732	-0.934	-0.925	-0.940	-0.940	-0.881	-0.925	-0.732	-0.911	-0.909	-0.737	-0.882	-0.922	-0.921	
rs17833845     -0.717	-0.876	-0.905	-0.868	-0.903	-0.906	-0.899	-0.923	-0.769	-0.779	-0.711	-0.588	-0.496	-0.564	-0.548	-0.559	-0.553	-0.554	-0.557	-0.547	-0.436	-0.558	-0.560	-0.564	-0.559	-0.561	-0.564	-0.683	-0.679	-0.709	-0.716	-0.707	-0.714	-0.718	-0.653	-0.655	-0.678	-0.667	-0.675	-0.679	-0.685	-0.674	-0.540	-0.686	-0.677	-0.687	-0.687	-0.708	-0.705	-0.603	-0.706	-0.669	-0.698	-0.684	-0.707	-0.696	-0.694	-0.695	-0.693	-0.677	-0.483	-0.354	-0.435	-0.276	-0.518	-0.381	-0.371	-0.371	-0.616	-0.908	-0.915	-0.876	-0.748	-0.501	-0.850	-0.508	-0.824	-0.519	-0.524	-0.501	-0.582	-0.533	-0.505	-0.909	-0.858	-0.473	-0.894	-0.475	-0.756	-0.900	-0.902	-0.754	-0.774	-0.896	-0.647	-0.616	-0.642	-0.530	-0.678	-0.858	-0.745	-0.447	-0.435	-0.743	-0.501	-0.918	-0.901	-0.894	-0.665	-0.667	-0.681	-0.877	-0.905	-0.666	-0.678	-0.903	-0.911	-0.671	-0.650	-0.678	-0.669	-0.673	-0.900	-0.628	-0.601	-0.623	-0.626	-0.916	-0.664	-0.918	-0.651	-0.722	-0.914	-0.835	-0.921	-0.919	-0.831	-0.831	-0.914	-0.706	-0.920	-0.917	-0.898	-0.903	-0.714	-0.880	-0.915	-0.894	-0.716	-0.716	-0.715	-0.889	-0.801	-0.878	-0.768	-0.767	-0.931	-0.938	-0.739	-0.929	-0.929	-0.929	-0.747	-0.747	-0.940	-0.935	-0.916	-0.939	-0.929	-0.901	-0.930	-0.742	-0.930	-0.744	-0.744	-0.949	-0.949	-0.934	-0.928	-0.935	-0.744	-0.742	-0.944	-0.934	-0.949	-0.949	-0.892	-0.933	-0.742	-0.919	-0.918	-0.747	-0.892	-0.931	-0.930	
rs6987587      -0.713	-0.874	-0.903	-0.866	-0.901	-0.903	-0.897	-0.921	-0.767	-0.777	-0.709	-0.583	-0.501	-0.568	-0.553	-0.556	-0.557	-0.558	-0.558	-0.547	-0.558	-0.433	-0.550	-0.553	-0.553	-0.555	-0.557	-0.683	-0.679	-0.708	-0.715	-0.706	-0.713	-0.716	-0.655	-0.656	-0.675	-0.669	-0.672	-0.676	-0.686	-0.671	-0.537	-0.683	-0.674	-0.684	-0.685	-0.705	-0.702	-0.600	-0.703	-0.668	-0.696	-0.682	-0.705	-0.693	-0.692	-0.692	-0.691	-0.674	-0.477	-0.347	-0.429	-0.274	-0.516	-0.379	-0.369	-0.366	-0.612	-0.905	-0.913	-0.872	-0.746	-0.497	-0.846	-0.503	-0.820	-0.515	-0.520	-0.497	-0.577	-0.530	-0.500	-0.906	-0.855	-0.469	-0.892	-0.471	-0.752	-0.896	-0.899	-0.750	-0.770	-0.893	-0.643	-0.612	-0.638	-0.526	-0.675	-0.854	-0.741	-0.443	-0.430	-0.741	-0.497	-0.916	-0.898	-0.890	-0.662	-0.663	-0.678	-0.874	-0.902	-0.663	-0.674	-0.901	-0.908	-0.668	-0.647	-0.675	-0.665	-0.669	-0.897	-0.625	-0.598	-0.619	-0.623	-0.913	-0.660	-0.916	-0.648	-0.720	-0.912	-0.833	-0.918	-0.916	-0.828	-0.829	-0.911	-0.704	-0.917	-0.914	-0.895	-0.900	-0.711	-0.878	-0.912	-0.891	-0.714	-0.714	-0.712	-0.886	-0.798	-0.875	-0.764	-0.764	-0.928	-0.935	-0.737	-0.926	-0.926	-0.926	-0.745	-0.744	-0.938	-0.932	-0.914	-0.936	-0.926	-0.897	-0.927	-0.739	-0.927	-0.741	-0.741	-0.946	-0.946	-0.931	-0.925	-0.933	-0.741	-0.739	-0.941	-0.932	-0.947	-0.947	-0.889	-0.931	-0.739	-0.917	-0.915	-0.744	-0.889	-0.929	-0.927	
rs11998286     -0.716	-0.876	-0.905	-0.868	-0.903	-0.906	-0.899	-0.923	-0.769	-0.779	-0.711	-0.586	-0.498	-0.565	-0.550	-0.557	-0.555	-0.555	-0.558	-0.546	-0.560	-0.550	-0.436	-0.556	-0.556	-0.558	-0.557	-0.683	-0.679	-0.709	-0.716	-0.706	-0.713	-0.717	-0.653	-0.655	-0.678	-0.668	-0.675	-0.679	-0.685	-0.674	-0.540	-0.686	-0.677	-0.686	-0.687	-0.708	-0.705	-0.603	-0.706	-0.669	-0.698	-0.684	-0.707	-0.696	-0.694	-0.694	-0.693	-0.677	-0.482	-0.352	-0.434	-0.276	-0.518	-0.381	-0.371	-0.371	-0.616	-0.908	-0.915	-0.876	-0.748	-0.501	-0.850	-0.507	-0.823	-0.519	-0.524	-0.501	-0.581	-0.533	-0.504	-0.909	-0.858	-0.472	-0.894	-0.474	-0.756	-0.899	-0.901	-0.753	-0.774	-0.895	-0.646	-0.616	-0.641	-0.529	-0.678	-0.857	-0.744	-0.447	-0.434	-0.743	-0.501	-0.918	-0.901	-0.893	-0.665	-0.666	-0.681	-0.877	-0.905	-0.666	-0.677	-0.903	-0.911	-0.671	-0.650	-0.678	-0.668	-0.672	-0.899	-0.628	-0.601	-0.622	-0.626	-0.916	-0.664	-0.918	-0.651	-0.722	-0.914	-0.835	-0.921	-0.919	-0.831	-0.831	-0.914	-0.706	-0.919	-0.917	-0.898	-0.903	-0.714	-0.880	-0.915	-0.893	-0.716	-0.716	-0.715	-0.889	-0.801	-0.877	-0.767	-0.767	-0.930	-0.938	-0.739	-0.929	-0.928	-0.929	-0.747	-0.747	-0.940	-0.935	-0.916	-0.938	-0.929	-0.900	-0.930	-0.742	-0.930	-0.744	-0.744	-0.949	-0.949	-0.934	-0.928	-0.935	-0.743	-0.742	-0.944	-0.934	-0.949	-0.949	-0.892	-0.933	-0.742	-0.919	-0.918	-0.747	-0.892	-0.931	-0.929	
rs58650703     -0.716	-0.877	-0.906	-0.869	-0.904	-0.906	-0.900	-0.924	-0.769	-0.780	-0.711	-0.588	-0.498	-0.566	-0.551	-0.560	-0.555	-0.556	-0.560	-0.549	-0.564	-0.553	-0.556	-0.436	-0.558	-0.559	-0.553	-0.682	-0.678	-0.709	-0.716	-0.706	-0.713	-0.717	-0.653	-0.655	-0.678	-0.668	-0.676	-0.679	-0.685	-0.674	-0.541	-0.686	-0.678	-0.687	-0.688	-0.708	-0.705	-0.604	-0.707	-0.669	-0.699	-0.685	-0.708	-0.696	-0.695	-0.695	-0.694	-0.677	-0.482	-0.353	-0.434	-0.277	-0.518	-0.382	-0.372	-0.371	-0.616	-0.908	-0.916	-0.876	-0.748	-0.501	-0.850	-0.507	-0.824	-0.519	-0.524	-0.501	-0.581	-0.533	-0.504	-0.910	-0.858	-0.473	-0.895	-0.474	-0.756	-0.900	-0.902	-0.753	-0.774	-0.896	-0.647	-0.616	-0.641	-0.530	-0.678	-0.858	-0.745	-0.447	-0.434	-0.743	-0.501	-0.919	-0.901	-0.894	-0.665	-0.667	-0.682	-0.877	-0.905	-0.667	-0.678	-0.904	-0.911	-0.671	-0.650	-0.678	-0.669	-0.673	-0.900	-0.628	-0.601	-0.623	-0.626	-0.916	-0.664	-0.919	-0.651	-0.722	-0.915	-0.836	-0.922	-0.919	-0.831	-0.832	-0.914	-0.707	-0.920	-0.917	-0.898	-0.904	-0.714	-0.881	-0.915	-0.894	-0.717	-0.717	-0.715	-0.889	-0.801	-0.878	-0.768	-0.767	-0.931	-0.938	-0.740	-0.929	-0.929	-0.929	-0.748	-0.747	-0.941	-0.935	-0.917	-0.939	-0.929	-0.901	-0.930	-0.742	-0.930	-0.744	-0.745	-0.949	-0.949	-0.934	-0.928	-0.936	-0.744	-0.742	-0.944	-0.935	-0.950	-0.950	-0.892	-0.934	-0.742	-0.920	-0.918	-0.747	-0.892	-0.931	-0.930	
rs6980620      -0.717	-0.877	-0.906	-0.869	-0.904	-0.906	-0.900	-0.924	-0.769	-0.780	-0.711	-0.589	-0.495	-0.563	-0.548	-0.560	-0.553	-0.553	-0.559	-0.547	-0.559	-0.553	-0.556	-0.558	-0.436	-0.552	-0.555	-0.682	-0.677	-0.708	-0.715	-0.705	-0.713	-0.716	-0.650	-0.652	-0.679	-0.665	-0.676	-0.680	-0.683	-0.674	-0.541	-0.687	-0.678	-0.687	-0.688	-0.709	-0.705	-0.604	-0.707	-0.667	-0.699	-0.685	-0.708	-0.697	-0.695	-0.695	-0.694	-0.677	-0.484	-0.354	-0.436	-0.277	-0.518	-0.382	-0.372	-0.372	-0.617	-0.909	-0.916	-0.876	-0.748	-0.502	-0.851	-0.508	-0.824	-0.520	-0.525	-0.502	-0.582	-0.534	-0.505	-0.910	-0.859	-0.473	-0.895	-0.475	-0.757	-0.900	-0.902	-0.754	-0.775	-0.896	-0.647	-0.616	-0.642	-0.530	-0.678	-0.858	-0.745	-0.448	-0.435	-0.744	-0.502	-0.919	-0.901	-0.894	-0.666	-0.667	-0.682	-0.878	-0.905	-0.667	-0.678	-0.904	-0.912	-0.672	-0.651	-0.679	-0.669	-0.673	-0.900	-0.629	-0.601	-0.623	-0.627	-0.916	-0.665	-0.919	-0.652	-0.722	-0.915	-0.836	-0.922	-0.919	-0.831	-0.832	-0.915	-0.707	-0.920	-0.917	-0.898	-0.904	-0.714	-0.881	-0.916	-0.894	-0.717	-0.717	-0.715	-0.889	-0.802	-0.878	-0.768	-0.767	-0.931	-0.939	-0.740	-0.929	-0.929	-0.929	-0.748	-0.747	-0.941	-0.936	-0.917	-0.939	-0.930	-0.901	-0.930	-0.743	-0.931	-0.745	-0.745	-0.950	-0.949	-0.934	-0.929	-0.936	-0.744	-0.742	-0.945	-0.935	-0.950	-0.950	-0.893	-0.934	-0.743	-0.920	-0.918	-0.747	-0.893	-0.932	-0.930	
rs13340633     -0.716	-0.875	-0.904	-0.868	-0.903	-0.905	-0.898	-0.922	-0.768	-0.778	-0.710	-0.590	-0.496	-0.564	-0.549	-0.563	-0.553	-0.554	-0.562	-0.552	-0.561	-0.555	-0.558	-0.559	-0.552	-0.435	-0.553	-0.681	-0.677	-0.706	-0.714	-0.704	-0.711	-0.715	-0.648	-0.650	-0.677	-0.664	-0.674	-0.678	-0.682	-0.673	-0.539	-0.685	-0.676	-0.686	-0.686	-0.707	-0.704	-0.602	-0.705	-0.664	-0.697	-0.683	-0.707	-0.695	-0.693	-0.694	-0.692	-0.676	-0.481	-0.352	-0.433	-0.275	-0.517	-0.381	-0.371	-0.370	-0.615	-0.907	-0.914	-0.875	-0.747	-0.500	-0.849	-0.506	-0.822	-0.518	-0.523	-0.500	-0.580	-0.532	-0.503	-0.908	-0.857	-0.471	-0.893	-0.473	-0.755	-0.898	-0.901	-0.752	-0.773	-0.895	-0.645	-0.615	-0.640	-0.529	-0.677	-0.856	-0.743	-0.445	-0.433	-0.742	-0.500	-0.917	-0.900	-0.892	-0.664	-0.665	-0.680	-0.876	-0.904	-0.665	-0.676	-0.902	-0.910	-0.670	-0.649	-0.677	-0.667	-0.672	-0.899	-0.627	-0.600	-0.622	-0.625	-0.915	-0.663	-0.917	-0.650	-0.721	-0.913	-0.834	-0.920	-0.918	-0.830	-0.831	-0.913	-0.705	-0.919	-0.916	-0.897	-0.902	-0.713	-0.879	-0.914	-0.893	-0.715	-0.715	-0.714	-0.888	-0.800	-0.877	-0.766	-0.766	-0.930	-0.937	-0.738	-0.928	-0.928	-0.928	-0.746	-0.746	-0.939	-0.934	-0.915	-0.938	-0.928	-0.900	-0.929	-0.741	-0.929	-0.743	-0.743	-0.948	-0.948	-0.933	-0.927	-0.934	-0.743	-0.741	-0.943	-0.933	-0.948	-0.948	-0.891	-0.933	-0.741	-0.919	-0.917	-0.746	-0.891	-0.930	-0.929	
rs13340631     -0.711	-0.872	-0.901	-0.865	-0.899	-0.902	-0.895	-0.919	-0.765	-0.776	-0.708	-0.585	-0.503	-0.569	-0.554	-0.564	-0.559	-0.559	-0.566	-0.557	-0.564	-0.557	-0.557	-0.553	-0.555	-0.553	-0.431	-0.681	-0.677	-0.705	-0.712	-0.703	-0.709	-0.712	-0.651	-0.653	-0.673	-0.665	-0.670	-0.674	-0.684	-0.669	-0.535	-0.681	-0.672	-0.682	-0.683	-0.703	-0.700	-0.598	-0.702	-0.664	-0.694	-0.680	-0.703	-0.691	-0.690	-0.690	-0.689	-0.673	-0.474	-0.343	-0.426	-0.273	-0.514	-0.378	-0.367	-0.363	-0.610	-0.903	-0.911	-0.870	-0.744	-0.495	-0.844	-0.501	-0.817	-0.513	-0.518	-0.495	-0.575	-0.527	-0.498	-0.904	-0.852	-0.467	-0.890	-0.468	-0.750	-0.894	-0.897	-0.747	-0.768	-0.891	-0.640	-0.610	-0.636	-0.524	-0.673	-0.852	-0.738	-0.440	-0.428	-0.739	-0.495	-0.914	-0.896	-0.888	-0.660	-0.661	-0.676	-0.872	-0.900	-0.661	-0.672	-0.899	-0.907	-0.666	-0.644	-0.672	-0.663	-0.667	-0.895	-0.622	-0.596	-0.617	-0.621	-0.911	-0.658	-0.914	-0.646	-0.718	-0.910	-0.831	-0.917	-0.914	-0.827	-0.827	-0.910	-0.703	-0.915	-0.912	-0.893	-0.899	-0.709	-0.876	-0.911	-0.889	-0.712	-0.712	-0.710	-0.884	-0.795	-0.873	-0.763	-0.762	-0.926	-0.934	-0.735	-0.924	-0.924	-0.924	-0.743	-0.742	-0.936	-0.930	-0.912	-0.934	-0.925	-0.895	-0.925	-0.737	-0.926	-0.740	-0.740	-0.945	-0.944	-0.930	-0.923	-0.931	-0.739	-0.737	-0.939	-0.930	-0.945	-0.945	-0.887	-0.929	-0.738	-0.915	-0.914	-0.742	-0.888	-0.927	-0.925	
rs13340632     -0.715	-0.892	-0.922	-0.884	-0.918	-0.921	-0.914	-0.941	-0.780	-0.791	-0.722	-0.684	-0.513	-0.583	-0.566	-0.685	-0.570	-0.570	-0.686	-0.684	-0.683	-0.683	-0.683	-0.682	-0.682	-0.681	-0.681	-0.455	-0.572	-0.630	-0.609	-0.611	-0.602	-0.599	-0.595	-0.598	-0.695	-0.618	-0.693	-0.697	-0.668	-0.692	-0.557	-0.704	-0.695	-0.705	-0.705	-0.726	-0.723	-0.621	-0.724	-0.728	-0.716	-0.702	-0.725	-0.714	-0.712	-0.712	-0.711	-0.694	-0.473	-0.337	-0.424	-0.299	-0.544	-0.404	-0.387	-0.376	-0.610	-0.925	-0.933	-0.893	-0.768	-0.491	-0.867	-0.497	-0.840	-0.510	-0.515	-0.491	-0.573	-0.527	-0.492	-0.926	-0.874	-0.464	-0.911	-0.465	-0.776	-0.917	-0.919	-0.773	-0.794	-0.912	-0.659	-0.632	-0.657	-0.525	-0.691	-0.874	-0.751	-0.454	-0.444	-0.764	-0.495	-0.935	-0.918	-0.911	-0.665	-0.666	-0.682	-0.890	-0.922	-0.666	-0.677	-0.921	-0.929	-0.670	-0.648	-0.677	-0.667	-0.672	-0.918	-0.626	-0.613	-0.620	-0.624	-0.933	-0.663	-0.936	-0.650	-0.744	-0.932	-0.853	-0.938	-0.936	-0.849	-0.850	-0.932	-0.730	-0.937	-0.934	-0.915	-0.921	-0.731	-0.894	-0.933	-0.911	-0.735	-0.735	-0.733	-0.907	-0.821	-0.895	-0.788	-0.788	-0.944	-0.953	-0.754	-0.941	-0.941	-0.941	-0.766	-0.765	-0.958	-0.952	-0.934	-0.952	-0.941	-0.918	-0.942	-0.761	-0.943	-0.763	-0.763	-0.965	-0.967	-0.950	-0.942	-0.952	-0.762	-0.761	-0.961	-0.951	-0.965	-0.965	-0.909	-0.950	-0.761	-0.938	-0.936	-0.765	-0.906	-0.948	-0.947	
