## Summary of overall evidence for association with region:
## log10(BF for region) = -0.470227
## p-value for region = NA

## BFs for choosing among multi-SNP models:
## log10(average 1-SNP BF) = -0.416706
## log10(average 2-SNP BF) = -0.602349

## Example posterior probabilities for multi-SNP models, based on default prior: [p(l) propto 0.5^l for l=1,2,...,L]
## posterior probability of 1-SNP = 0.754101
## posterior probability of 2-SNP = 0.245899

## log10(BF) for single SNP and pair of SNPs:
rs62317625     -0.183	-0.308	-0.310	-0.313	-0.315	-0.316	-0.323	-0.322	-0.326	-0.293	-0.299	-0.298	-0.284	-0.273	-0.274	-0.274	-0.285	-0.286	-0.294	-0.336	-0.321	-0.293	-0.269	-0.366	-0.167	-0.162	-0.165	-0.162	-0.103	-0.168	-0.184	-0.102	-0.163	-0.179	-0.163	-0.104	-0.134	-0.134	-0.080	-0.533	-0.356	-0.369	-0.356	-0.385	-0.395	-0.334	-0.337	-0.337	-0.376	-0.482	-0.484	-0.376	-0.399	-0.399	-0.372	-0.395	-0.395	-0.367	-0.376	-0.372	-0.376	-0.372	-0.371	-0.376	-0.377	-0.377	-0.377	-0.382	-0.377	-0.379	-0.380	-0.382	-0.346	-0.350	-0.377	-0.377	-0.388	-0.388	-0.310	-0.312	-0.313	-0.314	-0.313	-0.313	-0.312	-0.311	-0.339	-0.305	-0.329	-0.307	-0.311	-0.341	-0.318	-0.324	-0.427	-0.187	-0.185	-0.298	-0.382	-0.253	-0.295	-0.296	-0.297	-0.297	-0.297	-0.297	-0.310	-0.284	-0.227	-0.117	-0.124	-0.213	-0.230	-0.291	-0.296	-0.296	-0.294	-0.277	-0.289	-0.288	-0.286	-0.286	-0.285	-0.286	-0.286	-0.286	-0.286	-0.262	-0.285	-0.276	-0.285	-0.285	-0.299	-0.299	-0.240	-0.285	-0.285	-0.295	-0.285	-0.273	-0.282	-0.286	-0.287	-0.280	-0.346	-0.426	-0.426	-0.426	-0.414	-0.424	-0.424	-0.426	-0.408	-0.408	-0.428	-0.438	-0.428	-0.428	-0.428	-0.428	-0.408	-0.424	-0.428	-0.428	-0.432	-0.432	-0.435	-0.443	-0.467	-0.470	-0.486	-0.477	-0.476	-0.471	-0.471	-0.471	-0.471	-0.482	-0.478	-0.470	-0.474	-0.467	-0.475	-0.474	-0.469	-0.461	
rs10024663     -0.308	-0.205	-0.317	-0.321	-0.324	-0.325	-0.333	-0.336	-0.337	-0.323	-0.328	-0.327	-0.317	-0.308	-0.309	-0.309	-0.319	-0.319	-0.326	-0.363	-0.350	-0.327	-0.306	-0.386	-0.193	-0.187	-0.192	-0.187	-0.130	-0.194	-0.210	-0.129	-0.189	-0.205	-0.189	-0.131	-0.160	-0.160	-0.106	-0.553	-0.380	-0.394	-0.381	-0.409	-0.419	-0.358	-0.362	-0.362	-0.400	-0.505	-0.507	-0.400	-0.423	-0.423	-0.396	-0.419	-0.419	-0.391	-0.400	-0.396	-0.400	-0.397	-0.395	-0.401	-0.401	-0.401	-0.401	-0.406	-0.402	-0.403	-0.404	-0.406	-0.370	-0.374	-0.402	-0.402	-0.412	-0.412	-0.335	-0.337	-0.337	-0.338	-0.338	-0.337	-0.337	-0.336	-0.363	-0.329	-0.353	-0.332	-0.335	-0.366	-0.342	-0.348	-0.451	-0.212	-0.210	-0.322	-0.406	-0.272	-0.319	-0.320	-0.321	-0.321	-0.321	-0.321	-0.334	-0.308	-0.252	-0.132	-0.149	-0.237	-0.249	-0.315	-0.321	-0.321	-0.319	-0.301	-0.313	-0.312	-0.311	-0.311	-0.310	-0.310	-0.310	-0.310	-0.310	-0.286	-0.310	-0.295	-0.310	-0.310	-0.324	-0.323	-0.259	-0.309	-0.309	-0.320	-0.309	-0.297	-0.306	-0.310	-0.311	-0.304	-0.370	-0.449	-0.450	-0.450	-0.438	-0.448	-0.448	-0.450	-0.432	-0.432	-0.452	-0.462	-0.451	-0.451	-0.452	-0.452	-0.432	-0.448	-0.452	-0.452	-0.456	-0.456	-0.459	-0.467	-0.490	-0.493	-0.509	-0.501	-0.499	-0.494	-0.495	-0.495	-0.495	-0.505	-0.501	-0.493	-0.497	-0.491	-0.498	-0.497	-0.493	-0.484	
rs1494105      -0.310	-0.317	-0.204	-0.315	-0.318	-0.319	-0.330	-0.329	-0.333	-0.304	-0.310	-0.309	-0.297	-0.286	-0.287	-0.287	-0.299	-0.300	-0.308	-0.352	-0.337	-0.311	-0.286	-0.385	-0.191	-0.185	-0.188	-0.185	-0.126	-0.191	-0.207	-0.125	-0.186	-0.202	-0.186	-0.128	-0.157	-0.157	-0.104	-0.552	-0.378	-0.392	-0.379	-0.407	-0.417	-0.356	-0.360	-0.360	-0.398	-0.504	-0.505	-0.399	-0.421	-0.421	-0.394	-0.417	-0.417	-0.390	-0.398	-0.394	-0.398	-0.395	-0.393	-0.399	-0.399	-0.399	-0.399	-0.404	-0.400	-0.401	-0.402	-0.404	-0.369	-0.372	-0.400	-0.400	-0.410	-0.410	-0.333	-0.335	-0.335	-0.336	-0.336	-0.335	-0.335	-0.334	-0.361	-0.327	-0.351	-0.330	-0.333	-0.364	-0.340	-0.346	-0.449	-0.210	-0.208	-0.320	-0.404	-0.271	-0.317	-0.318	-0.319	-0.319	-0.319	-0.319	-0.332	-0.306	-0.250	-0.132	-0.146	-0.235	-0.248	-0.313	-0.319	-0.319	-0.317	-0.299	-0.311	-0.310	-0.309	-0.309	-0.308	-0.308	-0.308	-0.308	-0.308	-0.284	-0.308	-0.295	-0.308	-0.308	-0.322	-0.321	-0.258	-0.307	-0.307	-0.318	-0.307	-0.295	-0.304	-0.308	-0.309	-0.302	-0.368	-0.447	-0.448	-0.448	-0.436	-0.446	-0.446	-0.448	-0.430	-0.430	-0.450	-0.460	-0.449	-0.449	-0.450	-0.450	-0.430	-0.446	-0.450	-0.450	-0.454	-0.454	-0.457	-0.465	-0.488	-0.491	-0.507	-0.499	-0.497	-0.492	-0.493	-0.493	-0.493	-0.503	-0.499	-0.491	-0.495	-0.489	-0.496	-0.495	-0.491	-0.482	
rs62315584     -0.313	-0.321	-0.315	-0.209	-0.317	-0.319	-0.330	-0.329	-0.333	-0.299	-0.305	-0.305	-0.293	-0.281	-0.281	-0.281	-0.295	-0.295	-0.305	-0.353	-0.336	-0.310	-0.283	-0.390	-0.197	-0.191	-0.195	-0.192	-0.133	-0.198	-0.214	-0.132	-0.193	-0.208	-0.193	-0.135	-0.164	-0.164	-0.110	-0.557	-0.384	-0.398	-0.385	-0.413	-0.424	-0.363	-0.366	-0.366	-0.405	-0.510	-0.511	-0.405	-0.427	-0.427	-0.401	-0.423	-0.423	-0.396	-0.404	-0.401	-0.404	-0.401	-0.399	-0.405	-0.405	-0.405	-0.405	-0.410	-0.406	-0.408	-0.408	-0.410	-0.375	-0.378	-0.406	-0.406	-0.416	-0.416	-0.339	-0.341	-0.342	-0.342	-0.342	-0.341	-0.341	-0.340	-0.367	-0.334	-0.357	-0.336	-0.340	-0.370	-0.346	-0.353	-0.455	-0.217	-0.214	-0.327	-0.410	-0.276	-0.324	-0.324	-0.325	-0.325	-0.326	-0.326	-0.338	-0.312	-0.256	-0.136	-0.153	-0.241	-0.253	-0.319	-0.325	-0.325	-0.323	-0.306	-0.318	-0.317	-0.315	-0.315	-0.314	-0.315	-0.315	-0.315	-0.314	-0.291	-0.314	-0.299	-0.314	-0.314	-0.328	-0.328	-0.263	-0.314	-0.314	-0.324	-0.313	-0.301	-0.310	-0.315	-0.316	-0.308	-0.374	-0.453	-0.454	-0.454	-0.442	-0.452	-0.452	-0.454	-0.436	-0.436	-0.456	-0.466	-0.456	-0.456	-0.456	-0.456	-0.436	-0.452	-0.456	-0.456	-0.460	-0.460	-0.463	-0.471	-0.494	-0.498	-0.513	-0.505	-0.503	-0.499	-0.499	-0.499	-0.499	-0.509	-0.506	-0.497	-0.501	-0.495	-0.502	-0.501	-0.497	-0.488	
rs17827274     -0.315	-0.324	-0.318	-0.317	-0.211	-0.319	-0.330	-0.329	-0.333	-0.295	-0.302	-0.302	-0.289	-0.276	-0.276	-0.277	-0.291	-0.291	-0.302	-0.352	-0.335	-0.308	-0.280	-0.391	-0.199	-0.193	-0.197	-0.193	-0.134	-0.199	-0.215	-0.134	-0.194	-0.210	-0.194	-0.136	-0.165	-0.165	-0.112	-0.558	-0.386	-0.399	-0.386	-0.415	-0.425	-0.364	-0.367	-0.368	-0.406	-0.511	-0.512	-0.406	-0.429	-0.429	-0.402	-0.425	-0.425	-0.397	-0.406	-0.402	-0.406	-0.402	-0.401	-0.406	-0.407	-0.407	-0.407	-0.412	-0.407	-0.409	-0.410	-0.412	-0.376	-0.380	-0.407	-0.407	-0.418	-0.418	-0.341	-0.342	-0.343	-0.344	-0.344	-0.343	-0.343	-0.342	-0.369	-0.335	-0.359	-0.338	-0.341	-0.372	-0.348	-0.354	-0.456	-0.218	-0.216	-0.328	-0.412	-0.277	-0.325	-0.326	-0.327	-0.327	-0.327	-0.327	-0.340	-0.314	-0.258	-0.137	-0.154	-0.243	-0.254	-0.321	-0.327	-0.327	-0.325	-0.307	-0.319	-0.318	-0.317	-0.317	-0.316	-0.316	-0.316	-0.316	-0.316	-0.292	-0.316	-0.301	-0.316	-0.316	-0.330	-0.330	-0.264	-0.316	-0.315	-0.326	-0.315	-0.303	-0.312	-0.316	-0.317	-0.310	-0.376	-0.455	-0.456	-0.456	-0.444	-0.453	-0.454	-0.456	-0.438	-0.438	-0.457	-0.468	-0.457	-0.457	-0.457	-0.457	-0.438	-0.453	-0.457	-0.458	-0.461	-0.461	-0.464	-0.473	-0.496	-0.499	-0.515	-0.506	-0.505	-0.500	-0.500	-0.501	-0.501	-0.511	-0.507	-0.499	-0.503	-0.496	-0.504	-0.503	-0.499	-0.490	
rs62315585     -0.316	-0.325	-0.319	-0.319	-0.319	-0.214	-0.333	-0.332	-0.336	-0.301	-0.308	-0.308	-0.296	-0.283	-0.284	-0.284	-0.298	-0.298	-0.308	-0.357	-0.340	-0.315	-0.287	-0.394	-0.203	-0.197	-0.201	-0.197	-0.139	-0.204	-0.220	-0.138	-0.198	-0.214	-0.199	-0.141	-0.170	-0.170	-0.116	-0.561	-0.390	-0.403	-0.390	-0.418	-0.429	-0.368	-0.371	-0.372	-0.410	-0.515	-0.516	-0.410	-0.433	-0.433	-0.406	-0.428	-0.429	-0.401	-0.410	-0.406	-0.410	-0.406	-0.405	-0.410	-0.411	-0.411	-0.411	-0.415	-0.411	-0.413	-0.414	-0.416	-0.380	-0.384	-0.411	-0.411	-0.422	-0.422	-0.345	-0.346	-0.347	-0.348	-0.348	-0.347	-0.347	-0.346	-0.373	-0.339	-0.363	-0.342	-0.345	-0.376	-0.352	-0.358	-0.460	-0.222	-0.220	-0.332	-0.415	-0.280	-0.329	-0.330	-0.331	-0.331	-0.331	-0.331	-0.344	-0.318	-0.262	-0.139	-0.158	-0.247	-0.257	-0.324	-0.331	-0.331	-0.329	-0.311	-0.323	-0.322	-0.321	-0.321	-0.320	-0.320	-0.320	-0.320	-0.320	-0.296	-0.320	-0.303	-0.320	-0.320	-0.334	-0.333	-0.267	-0.320	-0.319	-0.330	-0.319	-0.307	-0.316	-0.320	-0.321	-0.314	-0.380	-0.459	-0.459	-0.460	-0.447	-0.457	-0.457	-0.460	-0.441	-0.441	-0.461	-0.472	-0.461	-0.461	-0.461	-0.461	-0.442	-0.457	-0.461	-0.462	-0.465	-0.465	-0.468	-0.477	-0.500	-0.503	-0.518	-0.510	-0.509	-0.504	-0.504	-0.504	-0.504	-0.515	-0.511	-0.503	-0.506	-0.500	-0.507	-0.507	-0.502	-0.494	
rs28756055     -0.323	-0.333	-0.330	-0.330	-0.330	-0.333	-0.228	-0.340	-0.340	-0.326	-0.332	-0.331	-0.323	-0.312	-0.312	-0.312	-0.325	-0.325	-0.333	-0.375	-0.361	-0.345	-0.317	-0.407	-0.219	-0.213	-0.218	-0.213	-0.156	-0.220	-0.236	-0.155	-0.215	-0.231	-0.216	-0.158	-0.186	-0.186	-0.133	-0.573	-0.405	-0.418	-0.405	-0.433	-0.444	-0.383	-0.386	-0.387	-0.425	-0.529	-0.530	-0.425	-0.448	-0.448	-0.421	-0.443	-0.444	-0.416	-0.424	-0.421	-0.425	-0.421	-0.420	-0.425	-0.426	-0.426	-0.426	-0.430	-0.426	-0.428	-0.429	-0.431	-0.396	-0.399	-0.426	-0.426	-0.437	-0.437	-0.360	-0.362	-0.362	-0.363	-0.363	-0.362	-0.362	-0.361	-0.388	-0.354	-0.378	-0.357	-0.360	-0.391	-0.367	-0.373	-0.475	-0.238	-0.235	-0.347	-0.431	-0.291	-0.345	-0.345	-0.346	-0.346	-0.347	-0.347	-0.359	-0.334	-0.277	-0.150	-0.174	-0.262	-0.268	-0.339	-0.346	-0.346	-0.344	-0.326	-0.339	-0.338	-0.336	-0.336	-0.335	-0.336	-0.336	-0.336	-0.336	-0.311	-0.335	-0.314	-0.335	-0.335	-0.349	-0.349	-0.278	-0.335	-0.335	-0.345	-0.335	-0.322	-0.331	-0.336	-0.337	-0.329	-0.395	-0.474	-0.474	-0.475	-0.462	-0.472	-0.472	-0.474	-0.456	-0.456	-0.476	-0.486	-0.476	-0.476	-0.476	-0.476	-0.457	-0.471	-0.476	-0.476	-0.480	-0.480	-0.483	-0.491	-0.514	-0.517	-0.533	-0.525	-0.523	-0.518	-0.519	-0.519	-0.519	-0.529	-0.525	-0.517	-0.521	-0.515	-0.522	-0.521	-0.517	-0.508	
rs17827280     -0.322	-0.336	-0.329	-0.329	-0.329	-0.332	-0.340	-0.232	-0.344	-0.329	-0.335	-0.335	-0.327	-0.316	-0.317	-0.317	-0.329	-0.329	-0.338	-0.378	-0.365	-0.350	-0.322	-0.411	-0.225	-0.219	-0.224	-0.219	-0.162	-0.225	-0.241	-0.161	-0.220	-0.236	-0.221	-0.164	-0.192	-0.192	-0.139	-0.577	-0.410	-0.424	-0.411	-0.439	-0.449	-0.388	-0.392	-0.392	-0.430	-0.534	-0.535	-0.430	-0.453	-0.453	-0.426	-0.449	-0.449	-0.421	-0.430	-0.426	-0.430	-0.427	-0.425	-0.430	-0.431	-0.431	-0.431	-0.436	-0.431	-0.433	-0.434	-0.436	-0.401	-0.404	-0.431	-0.432	-0.442	-0.442	-0.365	-0.367	-0.368	-0.369	-0.368	-0.368	-0.367	-0.366	-0.393	-0.360	-0.384	-0.362	-0.366	-0.396	-0.373	-0.379	-0.480	-0.243	-0.241	-0.352	-0.436	-0.295	-0.350	-0.351	-0.352	-0.352	-0.352	-0.352	-0.365	-0.339	-0.283	-0.153	-0.179	-0.267	-0.271	-0.344	-0.352	-0.352	-0.350	-0.331	-0.344	-0.343	-0.342	-0.342	-0.341	-0.341	-0.341	-0.341	-0.341	-0.317	-0.341	-0.318	-0.341	-0.341	-0.355	-0.354	-0.281	-0.340	-0.340	-0.350	-0.340	-0.327	-0.336	-0.341	-0.342	-0.334	-0.400	-0.479	-0.480	-0.480	-0.467	-0.477	-0.477	-0.480	-0.461	-0.461	-0.481	-0.492	-0.481	-0.481	-0.481	-0.481	-0.462	-0.476	-0.481	-0.482	-0.485	-0.485	-0.488	-0.496	-0.519	-0.522	-0.538	-0.530	-0.528	-0.523	-0.524	-0.524	-0.524	-0.534	-0.530	-0.522	-0.526	-0.520	-0.527	-0.526	-0.522	-0.513	
rs10027772     -0.326	-0.337	-0.333	-0.333	-0.333	-0.336	-0.340	-0.344	-0.234	-0.334	-0.339	-0.339	-0.332	-0.321	-0.321	-0.321	-0.333	-0.333	-0.342	-0.381	-0.369	-0.354	-0.327	-0.412	-0.227	-0.221	-0.226	-0.221	-0.164	-0.227	-0.243	-0.164	-0.223	-0.239	-0.223	-0.167	-0.194	-0.194	-0.141	-0.579	-0.412	-0.426	-0.413	-0.441	-0.451	-0.390	-0.394	-0.394	-0.432	-0.536	-0.537	-0.432	-0.455	-0.455	-0.428	-0.451	-0.451	-0.423	-0.432	-0.428	-0.432	-0.429	-0.427	-0.432	-0.433	-0.433	-0.433	-0.438	-0.433	-0.435	-0.436	-0.438	-0.403	-0.406	-0.433	-0.434	-0.444	-0.444	-0.367	-0.369	-0.370	-0.371	-0.370	-0.370	-0.369	-0.368	-0.395	-0.362	-0.386	-0.365	-0.368	-0.398	-0.375	-0.381	-0.482	-0.245	-0.242	-0.354	-0.438	-0.297	-0.352	-0.353	-0.354	-0.354	-0.354	-0.354	-0.367	-0.341	-0.285	-0.154	-0.181	-0.269	-0.273	-0.346	-0.354	-0.354	-0.352	-0.333	-0.346	-0.345	-0.344	-0.344	-0.343	-0.343	-0.343	-0.343	-0.343	-0.319	-0.343	-0.319	-0.343	-0.343	-0.357	-0.356	-0.283	-0.342	-0.342	-0.352	-0.342	-0.329	-0.338	-0.343	-0.344	-0.336	-0.402	-0.481	-0.481	-0.482	-0.468	-0.479	-0.479	-0.481	-0.463	-0.463	-0.483	-0.493	-0.483	-0.483	-0.483	-0.483	-0.464	-0.478	-0.483	-0.484	-0.487	-0.487	-0.490	-0.498	-0.521	-0.524	-0.540	-0.531	-0.530	-0.525	-0.526	-0.526	-0.526	-0.536	-0.532	-0.524	-0.528	-0.522	-0.529	-0.528	-0.524	-0.515	
rs9996466      -0.293	-0.323	-0.304	-0.299	-0.295	-0.301	-0.326	-0.329	-0.334	-0.318	-0.429	-0.430	-0.449	-0.452	-0.452	-0.452	-0.452	-0.452	-0.453	-0.451	-0.458	-0.474	-0.466	-0.487	-0.335	-0.330	-0.336	-0.330	-0.276	-0.336	-0.351	-0.275	-0.331	-0.346	-0.331	-0.279	-0.303	-0.304	-0.252	-0.653	-0.511	-0.524	-0.512	-0.539	-0.549	-0.490	-0.493	-0.493	-0.531	-0.629	-0.627	-0.531	-0.553	-0.553	-0.527	-0.548	-0.549	-0.522	-0.530	-0.527	-0.530	-0.527	-0.526	-0.531	-0.531	-0.531	-0.531	-0.536	-0.532	-0.534	-0.534	-0.536	-0.501	-0.504	-0.532	-0.532	-0.542	-0.542	-0.468	-0.470	-0.470	-0.471	-0.471	-0.470	-0.470	-0.469	-0.493	-0.463	-0.486	-0.465	-0.468	-0.498	-0.475	-0.481	-0.579	-0.349	-0.346	-0.452	-0.533	-0.364	-0.452	-0.453	-0.454	-0.454	-0.454	-0.455	-0.467	-0.442	-0.387	-0.215	-0.283	-0.368	-0.337	-0.444	-0.454	-0.454	-0.452	-0.431	-0.447	-0.446	-0.444	-0.444	-0.443	-0.444	-0.444	-0.444	-0.444	-0.417	-0.443	-0.387	-0.443	-0.443	-0.457	-0.457	-0.350	-0.443	-0.443	-0.452	-0.443	-0.427	-0.436	-0.444	-0.445	-0.434	-0.501	-0.577	-0.578	-0.578	-0.563	-0.576	-0.576	-0.578	-0.560	-0.560	-0.579	-0.589	-0.579	-0.579	-0.579	-0.579	-0.561	-0.573	-0.580	-0.580	-0.583	-0.583	-0.586	-0.594	-0.616	-0.619	-0.634	-0.625	-0.624	-0.620	-0.620	-0.620	-0.620	-0.630	-0.627	-0.619	-0.622	-0.616	-0.623	-0.622	-0.618	-0.610	
rs62315601     -0.299	-0.328	-0.310	-0.305	-0.302	-0.308	-0.332	-0.335	-0.339	-0.429	-0.313	-0.427	-0.445	-0.446	-0.446	-0.446	-0.447	-0.447	-0.448	-0.448	-0.454	-0.468	-0.459	-0.483	-0.329	-0.324	-0.330	-0.324	-0.270	-0.330	-0.345	-0.269	-0.325	-0.340	-0.325	-0.272	-0.297	-0.298	-0.246	-0.649	-0.506	-0.519	-0.506	-0.533	-0.543	-0.485	-0.488	-0.488	-0.525	-0.624	-0.622	-0.525	-0.547	-0.547	-0.521	-0.543	-0.543	-0.517	-0.525	-0.522	-0.525	-0.522	-0.520	-0.525	-0.526	-0.526	-0.526	-0.530	-0.526	-0.528	-0.529	-0.531	-0.496	-0.499	-0.526	-0.526	-0.536	-0.536	-0.462	-0.464	-0.465	-0.466	-0.465	-0.465	-0.464	-0.463	-0.488	-0.457	-0.480	-0.460	-0.463	-0.492	-0.469	-0.475	-0.574	-0.343	-0.340	-0.446	-0.528	-0.361	-0.447	-0.448	-0.449	-0.449	-0.449	-0.449	-0.461	-0.436	-0.381	-0.212	-0.277	-0.363	-0.334	-0.439	-0.448	-0.448	-0.447	-0.426	-0.441	-0.440	-0.439	-0.439	-0.438	-0.438	-0.438	-0.438	-0.438	-0.412	-0.438	-0.383	-0.438	-0.438	-0.451	-0.451	-0.346	-0.438	-0.437	-0.447	-0.437	-0.422	-0.430	-0.438	-0.439	-0.429	-0.495	-0.572	-0.573	-0.573	-0.558	-0.570	-0.571	-0.573	-0.554	-0.554	-0.574	-0.584	-0.574	-0.574	-0.574	-0.574	-0.555	-0.567	-0.574	-0.575	-0.578	-0.578	-0.581	-0.589	-0.611	-0.614	-0.628	-0.620	-0.619	-0.615	-0.615	-0.615	-0.615	-0.625	-0.621	-0.613	-0.617	-0.611	-0.618	-0.617	-0.613	-0.605	
rs978414       -0.298	-0.327	-0.309	-0.305	-0.302	-0.308	-0.331	-0.335	-0.339	-0.430	-0.427	-0.314	-0.445	-0.446	-0.446	-0.446	-0.447	-0.447	-0.449	-0.449	-0.454	-0.468	-0.459	-0.483	-0.330	-0.324	-0.330	-0.324	-0.270	-0.330	-0.345	-0.269	-0.325	-0.341	-0.326	-0.273	-0.298	-0.298	-0.246	-0.649	-0.506	-0.519	-0.507	-0.534	-0.544	-0.485	-0.488	-0.488	-0.526	-0.624	-0.622	-0.526	-0.548	-0.548	-0.522	-0.544	-0.544	-0.517	-0.525	-0.522	-0.525	-0.522	-0.521	-0.526	-0.526	-0.526	-0.526	-0.531	-0.527	-0.529	-0.529	-0.531	-0.496	-0.499	-0.527	-0.527	-0.537	-0.537	-0.463	-0.465	-0.465	-0.466	-0.466	-0.465	-0.465	-0.464	-0.488	-0.458	-0.481	-0.460	-0.463	-0.493	-0.470	-0.476	-0.574	-0.343	-0.341	-0.447	-0.529	-0.361	-0.448	-0.448	-0.449	-0.449	-0.450	-0.450	-0.462	-0.437	-0.382	-0.212	-0.278	-0.363	-0.334	-0.439	-0.449	-0.449	-0.447	-0.426	-0.442	-0.441	-0.439	-0.439	-0.438	-0.439	-0.439	-0.439	-0.439	-0.412	-0.438	-0.383	-0.438	-0.438	-0.452	-0.452	-0.346	-0.438	-0.438	-0.448	-0.438	-0.422	-0.431	-0.439	-0.440	-0.429	-0.496	-0.572	-0.573	-0.573	-0.559	-0.571	-0.571	-0.573	-0.555	-0.555	-0.575	-0.585	-0.574	-0.574	-0.575	-0.575	-0.556	-0.568	-0.575	-0.575	-0.578	-0.578	-0.581	-0.589	-0.611	-0.614	-0.629	-0.621	-0.620	-0.615	-0.616	-0.616	-0.616	-0.625	-0.622	-0.614	-0.618	-0.612	-0.618	-0.618	-0.614	-0.605	
rs1377717      -0.284	-0.317	-0.297	-0.293	-0.289	-0.296	-0.323	-0.327	-0.332	-0.449	-0.445	-0.445	-0.336	-0.458	-0.458	-0.458	-0.457	-0.457	-0.457	-0.448	-0.459	-0.485	-0.479	-0.503	-0.358	-0.353	-0.359	-0.353	-0.300	-0.359	-0.374	-0.299	-0.354	-0.369	-0.354	-0.302	-0.326	-0.327	-0.275	-0.669	-0.532	-0.545	-0.533	-0.560	-0.570	-0.511	-0.515	-0.514	-0.552	-0.649	-0.646	-0.552	-0.573	-0.573	-0.548	-0.569	-0.570	-0.543	-0.551	-0.548	-0.551	-0.548	-0.547	-0.552	-0.552	-0.552	-0.552	-0.557	-0.553	-0.555	-0.555	-0.557	-0.522	-0.525	-0.553	-0.553	-0.563	-0.563	-0.489	-0.491	-0.492	-0.492	-0.492	-0.491	-0.491	-0.490	-0.514	-0.484	-0.507	-0.486	-0.490	-0.519	-0.496	-0.502	-0.600	-0.370	-0.368	-0.472	-0.554	-0.380	-0.474	-0.474	-0.475	-0.475	-0.476	-0.476	-0.488	-0.463	-0.408	-0.229	-0.304	-0.389	-0.352	-0.465	-0.475	-0.475	-0.473	-0.452	-0.468	-0.467	-0.466	-0.465	-0.465	-0.465	-0.465	-0.465	-0.465	-0.438	-0.464	-0.402	-0.464	-0.464	-0.478	-0.478	-0.365	-0.464	-0.464	-0.474	-0.464	-0.448	-0.456	-0.465	-0.466	-0.454	-0.522	-0.598	-0.598	-0.598	-0.583	-0.596	-0.596	-0.598	-0.580	-0.580	-0.600	-0.610	-0.599	-0.600	-0.600	-0.600	-0.581	-0.592	-0.600	-0.600	-0.603	-0.604	-0.606	-0.614	-0.636	-0.639	-0.653	-0.645	-0.644	-0.640	-0.640	-0.640	-0.640	-0.650	-0.646	-0.639	-0.642	-0.636	-0.643	-0.642	-0.638	-0.630	
rs143524533    -0.273	-0.308	-0.286	-0.281	-0.276	-0.283	-0.312	-0.316	-0.321	-0.452	-0.446	-0.446	-0.458	-0.350	-0.465	-0.465	-0.462	-0.462	-0.461	-0.444	-0.461	-0.495	-0.492	-0.515	-0.375	-0.370	-0.376	-0.370	-0.317	-0.376	-0.391	-0.316	-0.371	-0.386	-0.371	-0.320	-0.344	-0.344	-0.293	-0.681	-0.548	-0.561	-0.549	-0.575	-0.585	-0.527	-0.530	-0.530	-0.567	-0.663	-0.660	-0.567	-0.589	-0.589	-0.563	-0.585	-0.585	-0.559	-0.567	-0.564	-0.567	-0.564	-0.562	-0.567	-0.568	-0.568	-0.568	-0.572	-0.568	-0.570	-0.571	-0.572	-0.537	-0.540	-0.568	-0.568	-0.578	-0.578	-0.505	-0.507	-0.507	-0.508	-0.508	-0.507	-0.507	-0.506	-0.529	-0.500	-0.523	-0.502	-0.505	-0.535	-0.512	-0.518	-0.615	-0.387	-0.384	-0.488	-0.569	-0.390	-0.489	-0.490	-0.491	-0.491	-0.491	-0.491	-0.504	-0.479	-0.424	-0.238	-0.320	-0.404	-0.361	-0.480	-0.491	-0.491	-0.489	-0.467	-0.484	-0.483	-0.481	-0.481	-0.480	-0.481	-0.481	-0.481	-0.481	-0.453	-0.480	-0.412	-0.480	-0.480	-0.494	-0.494	-0.375	-0.480	-0.480	-0.489	-0.480	-0.463	-0.472	-0.481	-0.482	-0.470	-0.537	-0.613	-0.614	-0.614	-0.598	-0.611	-0.612	-0.614	-0.595	-0.595	-0.615	-0.625	-0.615	-0.615	-0.615	-0.615	-0.597	-0.607	-0.615	-0.616	-0.619	-0.619	-0.622	-0.629	-0.651	-0.654	-0.668	-0.660	-0.659	-0.655	-0.655	-0.655	-0.655	-0.665	-0.661	-0.654	-0.657	-0.651	-0.658	-0.657	-0.653	-0.645	
rs3959607      -0.274	-0.309	-0.287	-0.281	-0.276	-0.284	-0.312	-0.317	-0.321	-0.452	-0.446	-0.446	-0.458	-0.465	-0.349	-0.465	-0.462	-0.462	-0.461	-0.444	-0.461	-0.495	-0.491	-0.515	-0.375	-0.370	-0.376	-0.370	-0.317	-0.376	-0.390	-0.316	-0.371	-0.386	-0.371	-0.320	-0.343	-0.344	-0.293	-0.681	-0.548	-0.561	-0.549	-0.575	-0.585	-0.527	-0.530	-0.530	-0.567	-0.663	-0.660	-0.567	-0.589	-0.589	-0.563	-0.585	-0.585	-0.559	-0.566	-0.563	-0.567	-0.564	-0.562	-0.567	-0.567	-0.567	-0.568	-0.572	-0.568	-0.570	-0.570	-0.572	-0.537	-0.540	-0.568	-0.568	-0.578	-0.578	-0.505	-0.507	-0.507	-0.508	-0.508	-0.507	-0.507	-0.506	-0.529	-0.500	-0.522	-0.502	-0.505	-0.535	-0.512	-0.517	-0.615	-0.386	-0.384	-0.487	-0.568	-0.390	-0.489	-0.490	-0.491	-0.491	-0.491	-0.491	-0.503	-0.479	-0.424	-0.238	-0.320	-0.404	-0.361	-0.480	-0.491	-0.491	-0.489	-0.467	-0.483	-0.482	-0.481	-0.481	-0.480	-0.481	-0.481	-0.481	-0.480	-0.453	-0.480	-0.412	-0.480	-0.480	-0.494	-0.493	-0.375	-0.480	-0.480	-0.489	-0.479	-0.463	-0.472	-0.481	-0.482	-0.470	-0.537	-0.613	-0.613	-0.614	-0.598	-0.611	-0.611	-0.613	-0.595	-0.595	-0.615	-0.625	-0.615	-0.615	-0.615	-0.615	-0.596	-0.607	-0.615	-0.615	-0.619	-0.619	-0.622	-0.629	-0.651	-0.654	-0.668	-0.660	-0.659	-0.655	-0.655	-0.655	-0.655	-0.665	-0.661	-0.653	-0.657	-0.651	-0.658	-0.657	-0.653	-0.645	
rs4286599      -0.274	-0.309	-0.287	-0.281	-0.277	-0.284	-0.312	-0.317	-0.321	-0.452	-0.446	-0.446	-0.458	-0.465	-0.465	-0.349	-0.462	-0.462	-0.461	-0.444	-0.461	-0.495	-0.491	-0.515	-0.375	-0.369	-0.376	-0.370	-0.317	-0.375	-0.390	-0.316	-0.370	-0.386	-0.371	-0.320	-0.343	-0.344	-0.293	-0.681	-0.548	-0.561	-0.548	-0.575	-0.585	-0.527	-0.530	-0.530	-0.567	-0.663	-0.660	-0.567	-0.589	-0.589	-0.563	-0.585	-0.585	-0.559	-0.566	-0.563	-0.566	-0.564	-0.562	-0.567	-0.567	-0.567	-0.568	-0.572	-0.568	-0.570	-0.570	-0.572	-0.537	-0.540	-0.568	-0.568	-0.578	-0.578	-0.505	-0.506	-0.507	-0.508	-0.508	-0.507	-0.507	-0.506	-0.529	-0.500	-0.522	-0.502	-0.505	-0.534	-0.512	-0.517	-0.615	-0.386	-0.384	-0.487	-0.568	-0.390	-0.489	-0.490	-0.491	-0.491	-0.491	-0.491	-0.503	-0.479	-0.424	-0.238	-0.319	-0.404	-0.361	-0.480	-0.491	-0.491	-0.489	-0.467	-0.483	-0.482	-0.481	-0.481	-0.480	-0.481	-0.481	-0.480	-0.480	-0.453	-0.480	-0.412	-0.480	-0.480	-0.493	-0.493	-0.375	-0.480	-0.480	-0.489	-0.479	-0.463	-0.472	-0.481	-0.482	-0.470	-0.537	-0.613	-0.613	-0.614	-0.598	-0.611	-0.611	-0.613	-0.595	-0.595	-0.615	-0.625	-0.615	-0.615	-0.615	-0.615	-0.596	-0.607	-0.615	-0.615	-0.618	-0.619	-0.621	-0.629	-0.651	-0.654	-0.668	-0.660	-0.659	-0.654	-0.655	-0.655	-0.655	-0.665	-0.661	-0.653	-0.657	-0.651	-0.658	-0.657	-0.653	-0.645	
rs17237763     -0.285	-0.319	-0.299	-0.295	-0.291	-0.298	-0.325	-0.329	-0.333	-0.452	-0.447	-0.447	-0.457	-0.462	-0.462	-0.462	-0.344	-0.460	-0.458	-0.442	-0.457	-0.489	-0.483	-0.510	-0.368	-0.362	-0.369	-0.362	-0.309	-0.368	-0.383	-0.309	-0.363	-0.378	-0.364	-0.312	-0.336	-0.336	-0.285	-0.676	-0.541	-0.554	-0.542	-0.568	-0.578	-0.520	-0.523	-0.523	-0.561	-0.657	-0.654	-0.561	-0.582	-0.582	-0.557	-0.578	-0.578	-0.552	-0.560	-0.557	-0.560	-0.557	-0.555	-0.561	-0.561	-0.561	-0.561	-0.566	-0.562	-0.563	-0.564	-0.566	-0.531	-0.534	-0.561	-0.562	-0.571	-0.572	-0.498	-0.500	-0.501	-0.501	-0.501	-0.500	-0.500	-0.499	-0.523	-0.493	-0.516	-0.495	-0.499	-0.528	-0.505	-0.511	-0.608	-0.379	-0.377	-0.481	-0.562	-0.386	-0.483	-0.483	-0.484	-0.484	-0.485	-0.485	-0.497	-0.472	-0.417	-0.234	-0.313	-0.398	-0.357	-0.474	-0.484	-0.484	-0.482	-0.461	-0.477	-0.476	-0.475	-0.474	-0.474	-0.474	-0.474	-0.474	-0.474	-0.447	-0.473	-0.408	-0.473	-0.473	-0.487	-0.487	-0.371	-0.473	-0.473	-0.483	-0.473	-0.456	-0.465	-0.474	-0.475	-0.463	-0.530	-0.606	-0.607	-0.607	-0.592	-0.605	-0.605	-0.607	-0.589	-0.589	-0.608	-0.618	-0.608	-0.608	-0.609	-0.609	-0.590	-0.601	-0.609	-0.609	-0.612	-0.612	-0.615	-0.623	-0.645	-0.647	-0.662	-0.654	-0.653	-0.648	-0.649	-0.649	-0.649	-0.659	-0.655	-0.647	-0.651	-0.645	-0.652	-0.651	-0.647	-0.639	
rs17827298     -0.286	-0.319	-0.300	-0.295	-0.291	-0.298	-0.325	-0.329	-0.333	-0.452	-0.447	-0.447	-0.457	-0.462	-0.462	-0.462	-0.460	-0.344	-0.458	-0.442	-0.457	-0.488	-0.482	-0.510	-0.368	-0.362	-0.369	-0.362	-0.309	-0.368	-0.383	-0.309	-0.363	-0.378	-0.364	-0.312	-0.336	-0.336	-0.285	-0.676	-0.541	-0.554	-0.542	-0.568	-0.578	-0.520	-0.523	-0.523	-0.560	-0.657	-0.654	-0.560	-0.582	-0.582	-0.557	-0.578	-0.578	-0.552	-0.560	-0.557	-0.560	-0.557	-0.555	-0.561	-0.561	-0.561	-0.561	-0.565	-0.561	-0.563	-0.564	-0.566	-0.531	-0.533	-0.561	-0.561	-0.571	-0.571	-0.498	-0.500	-0.500	-0.501	-0.501	-0.500	-0.500	-0.499	-0.523	-0.493	-0.516	-0.495	-0.498	-0.528	-0.505	-0.511	-0.608	-0.379	-0.377	-0.481	-0.562	-0.386	-0.483	-0.483	-0.484	-0.484	-0.484	-0.485	-0.497	-0.472	-0.417	-0.234	-0.313	-0.398	-0.357	-0.473	-0.484	-0.484	-0.482	-0.461	-0.477	-0.476	-0.474	-0.474	-0.473	-0.474	-0.474	-0.474	-0.474	-0.447	-0.473	-0.408	-0.473	-0.473	-0.487	-0.487	-0.371	-0.473	-0.473	-0.482	-0.473	-0.456	-0.465	-0.474	-0.475	-0.463	-0.530	-0.606	-0.607	-0.607	-0.592	-0.605	-0.605	-0.607	-0.589	-0.589	-0.608	-0.618	-0.608	-0.608	-0.608	-0.608	-0.590	-0.601	-0.609	-0.609	-0.612	-0.612	-0.615	-0.623	-0.644	-0.647	-0.662	-0.654	-0.653	-0.648	-0.649	-0.649	-0.649	-0.658	-0.655	-0.647	-0.651	-0.645	-0.651	-0.651	-0.647	-0.639	
rs10008573     -0.294	-0.326	-0.308	-0.305	-0.302	-0.308	-0.333	-0.338	-0.342	-0.453	-0.448	-0.449	-0.457	-0.461	-0.461	-0.461	-0.458	-0.458	-0.341	-0.439	-0.454	-0.484	-0.476	-0.507	-0.363	-0.357	-0.364	-0.357	-0.304	-0.363	-0.378	-0.304	-0.358	-0.374	-0.359	-0.307	-0.331	-0.332	-0.280	-0.673	-0.537	-0.550	-0.538	-0.564	-0.574	-0.516	-0.519	-0.519	-0.556	-0.653	-0.650	-0.556	-0.578	-0.578	-0.552	-0.574	-0.574	-0.548	-0.556	-0.553	-0.556	-0.553	-0.551	-0.556	-0.557	-0.557	-0.557	-0.561	-0.557	-0.559	-0.560	-0.561	-0.526	-0.529	-0.557	-0.557	-0.567	-0.567	-0.494	-0.495	-0.496	-0.497	-0.497	-0.496	-0.496	-0.495	-0.518	-0.489	-0.511	-0.491	-0.494	-0.524	-0.501	-0.506	-0.604	-0.375	-0.372	-0.477	-0.558	-0.383	-0.478	-0.479	-0.480	-0.480	-0.480	-0.480	-0.492	-0.468	-0.413	-0.232	-0.308	-0.393	-0.355	-0.469	-0.480	-0.480	-0.478	-0.456	-0.472	-0.471	-0.470	-0.470	-0.469	-0.470	-0.470	-0.469	-0.469	-0.443	-0.469	-0.405	-0.469	-0.469	-0.482	-0.482	-0.368	-0.469	-0.469	-0.478	-0.468	-0.452	-0.461	-0.470	-0.471	-0.459	-0.526	-0.602	-0.603	-0.603	-0.588	-0.601	-0.601	-0.603	-0.584	-0.585	-0.604	-0.614	-0.604	-0.604	-0.604	-0.604	-0.586	-0.597	-0.604	-0.605	-0.608	-0.608	-0.611	-0.619	-0.640	-0.643	-0.658	-0.650	-0.649	-0.644	-0.645	-0.645	-0.645	-0.655	-0.651	-0.643	-0.647	-0.641	-0.648	-0.647	-0.643	-0.635	
rs17827311     -0.336	-0.363	-0.352	-0.353	-0.352	-0.357	-0.375	-0.378	-0.381	-0.451	-0.448	-0.449	-0.448	-0.444	-0.444	-0.444	-0.442	-0.442	-0.439	-0.315	-0.435	-0.450	-0.424	-0.485	-0.329	-0.323	-0.329	-0.323	-0.269	-0.329	-0.344	-0.268	-0.324	-0.339	-0.325	-0.272	-0.296	-0.297	-0.245	-0.651	-0.506	-0.519	-0.506	-0.533	-0.544	-0.485	-0.488	-0.488	-0.525	-0.624	-0.623	-0.525	-0.547	-0.547	-0.522	-0.543	-0.543	-0.517	-0.525	-0.522	-0.525	-0.522	-0.520	-0.526	-0.526	-0.526	-0.526	-0.531	-0.526	-0.528	-0.529	-0.531	-0.496	-0.499	-0.526	-0.526	-0.537	-0.537	-0.462	-0.464	-0.465	-0.465	-0.465	-0.464	-0.464	-0.463	-0.488	-0.457	-0.480	-0.459	-0.463	-0.492	-0.469	-0.475	-0.574	-0.343	-0.340	-0.446	-0.528	-0.363	-0.447	-0.448	-0.448	-0.449	-0.449	-0.449	-0.461	-0.436	-0.381	-0.214	-0.277	-0.363	-0.336	-0.439	-0.448	-0.448	-0.446	-0.426	-0.441	-0.440	-0.439	-0.438	-0.438	-0.438	-0.438	-0.438	-0.438	-0.412	-0.438	-0.385	-0.437	-0.437	-0.451	-0.451	-0.348	-0.437	-0.437	-0.447	-0.437	-0.422	-0.430	-0.438	-0.439	-0.429	-0.495	-0.572	-0.573	-0.573	-0.558	-0.570	-0.571	-0.573	-0.554	-0.554	-0.574	-0.584	-0.574	-0.574	-0.574	-0.574	-0.555	-0.568	-0.574	-0.575	-0.578	-0.578	-0.581	-0.589	-0.611	-0.614	-0.629	-0.620	-0.619	-0.615	-0.615	-0.615	-0.615	-0.625	-0.622	-0.614	-0.617	-0.611	-0.618	-0.618	-0.613	-0.605	
rs7686869      -0.321	-0.350	-0.337	-0.336	-0.335	-0.340	-0.361	-0.365	-0.369	-0.458	-0.454	-0.454	-0.459	-0.461	-0.461	-0.461	-0.457	-0.457	-0.454	-0.435	-0.331	-0.470	-0.453	-0.499	-0.349	-0.344	-0.350	-0.344	-0.291	-0.350	-0.365	-0.290	-0.345	-0.360	-0.345	-0.293	-0.317	-0.318	-0.266	-0.665	-0.525	-0.538	-0.525	-0.552	-0.562	-0.504	-0.507	-0.507	-0.544	-0.642	-0.640	-0.544	-0.566	-0.566	-0.540	-0.562	-0.562	-0.536	-0.544	-0.541	-0.544	-0.541	-0.539	-0.544	-0.545	-0.545	-0.545	-0.549	-0.545	-0.547	-0.548	-0.550	-0.515	-0.517	-0.545	-0.545	-0.555	-0.555	-0.482	-0.483	-0.484	-0.485	-0.484	-0.484	-0.484	-0.482	-0.507	-0.476	-0.499	-0.479	-0.482	-0.511	-0.488	-0.494	-0.592	-0.362	-0.360	-0.465	-0.546	-0.376	-0.466	-0.467	-0.468	-0.468	-0.468	-0.468	-0.480	-0.455	-0.400	-0.225	-0.296	-0.381	-0.348	-0.458	-0.467	-0.467	-0.466	-0.445	-0.460	-0.459	-0.458	-0.458	-0.457	-0.457	-0.457	-0.457	-0.457	-0.431	-0.457	-0.397	-0.457	-0.457	-0.470	-0.470	-0.360	-0.457	-0.456	-0.466	-0.456	-0.440	-0.449	-0.457	-0.458	-0.447	-0.514	-0.590	-0.591	-0.591	-0.576	-0.589	-0.589	-0.591	-0.573	-0.573	-0.593	-0.603	-0.592	-0.592	-0.593	-0.593	-0.574	-0.586	-0.593	-0.593	-0.596	-0.596	-0.599	-0.607	-0.629	-0.632	-0.647	-0.638	-0.637	-0.633	-0.633	-0.633	-0.633	-0.643	-0.640	-0.632	-0.635	-0.629	-0.636	-0.636	-0.631	-0.623	
rs62315606     -0.293	-0.327	-0.311	-0.310	-0.308	-0.315	-0.345	-0.350	-0.354	-0.474	-0.468	-0.468	-0.485	-0.495	-0.495	-0.495	-0.489	-0.488	-0.484	-0.450	-0.470	-0.365	-0.509	-0.529	-0.400	-0.394	-0.402	-0.394	-0.344	-0.400	-0.415	-0.343	-0.395	-0.410	-0.396	-0.346	-0.368	-0.369	-0.318	-0.695	-0.570	-0.582	-0.570	-0.596	-0.606	-0.549	-0.552	-0.552	-0.589	-0.683	-0.679	-0.589	-0.610	-0.610	-0.585	-0.606	-0.606	-0.580	-0.588	-0.585	-0.588	-0.585	-0.583	-0.589	-0.589	-0.589	-0.589	-0.593	-0.589	-0.591	-0.592	-0.594	-0.559	-0.562	-0.589	-0.589	-0.599	-0.599	-0.527	-0.529	-0.529	-0.530	-0.530	-0.529	-0.529	-0.528	-0.549	-0.522	-0.544	-0.524	-0.527	-0.556	-0.534	-0.539	-0.636	-0.410	-0.407	-0.508	-0.588	-0.403	-0.510	-0.511	-0.512	-0.512	-0.512	-0.512	-0.524	-0.500	-0.445	-0.250	-0.342	-0.426	-0.374	-0.501	-0.512	-0.512	-0.510	-0.488	-0.505	-0.504	-0.502	-0.502	-0.501	-0.502	-0.502	-0.502	-0.502	-0.474	-0.501	-0.425	-0.501	-0.501	-0.515	-0.514	-0.388	-0.501	-0.501	-0.510	-0.501	-0.484	-0.492	-0.502	-0.503	-0.491	-0.558	-0.633	-0.633	-0.634	-0.618	-0.631	-0.631	-0.633	-0.615	-0.615	-0.635	-0.644	-0.635	-0.635	-0.635	-0.635	-0.617	-0.627	-0.635	-0.635	-0.638	-0.638	-0.641	-0.649	-0.670	-0.673	-0.687	-0.679	-0.678	-0.674	-0.674	-0.674	-0.674	-0.684	-0.681	-0.673	-0.676	-0.670	-0.677	-0.677	-0.673	-0.664	
rs17237784     -0.269	-0.306	-0.286	-0.283	-0.280	-0.287	-0.317	-0.322	-0.327	-0.466	-0.459	-0.459	-0.479	-0.492	-0.491	-0.491	-0.483	-0.482	-0.476	-0.424	-0.453	-0.509	-0.374	-0.536	-0.408	-0.402	-0.410	-0.402	-0.352	-0.408	-0.423	-0.351	-0.403	-0.418	-0.404	-0.354	-0.376	-0.377	-0.326	-0.703	-0.578	-0.590	-0.578	-0.604	-0.614	-0.557	-0.560	-0.560	-0.597	-0.691	-0.687	-0.597	-0.618	-0.618	-0.593	-0.614	-0.614	-0.588	-0.596	-0.593	-0.596	-0.593	-0.591	-0.597	-0.597	-0.597	-0.597	-0.602	-0.598	-0.599	-0.600	-0.602	-0.567	-0.569	-0.598	-0.598	-0.607	-0.607	-0.535	-0.537	-0.537	-0.538	-0.538	-0.537	-0.537	-0.536	-0.559	-0.530	-0.552	-0.532	-0.536	-0.564	-0.542	-0.548	-0.644	-0.418	-0.415	-0.517	-0.597	-0.409	-0.519	-0.520	-0.521	-0.521	-0.521	-0.521	-0.533	-0.509	-0.454	-0.255	-0.350	-0.434	-0.379	-0.510	-0.521	-0.521	-0.519	-0.497	-0.514	-0.513	-0.511	-0.511	-0.510	-0.511	-0.511	-0.511	-0.511	-0.483	-0.510	-0.431	-0.510	-0.510	-0.524	-0.523	-0.393	-0.510	-0.510	-0.519	-0.510	-0.493	-0.501	-0.511	-0.512	-0.500	-0.567	-0.642	-0.642	-0.642	-0.627	-0.640	-0.640	-0.642	-0.624	-0.624	-0.644	-0.653	-0.643	-0.644	-0.644	-0.644	-0.626	-0.636	-0.644	-0.644	-0.647	-0.647	-0.650	-0.658	-0.679	-0.682	-0.696	-0.688	-0.687	-0.683	-0.683	-0.683	-0.683	-0.693	-0.689	-0.682	-0.685	-0.679	-0.686	-0.685	-0.682	-0.673	
rs72630988     -0.366	-0.386	-0.385	-0.390	-0.391	-0.394	-0.407	-0.411	-0.412	-0.487	-0.483	-0.483	-0.503	-0.515	-0.515	-0.515	-0.510	-0.510	-0.507	-0.485	-0.499	-0.529	-0.536	-0.226	-0.548	-0.544	-0.565	-0.544	-0.529	-0.548	-0.555	-0.528	-0.545	-0.554	-0.545	-0.531	-0.527	-0.530	-0.495	-0.598	-0.631	-0.638	-0.631	-0.646	-0.653	-0.614	-0.616	-0.617	-0.642	-0.677	-0.655	-0.642	-0.655	-0.655	-0.640	-0.653	-0.653	-0.637	-0.641	-0.639	-0.641	-0.640	-0.638	-0.642	-0.642	-0.642	-0.642	-0.645	-0.642	-0.643	-0.644	-0.644	-0.610	-0.612	-0.642	-0.642	-0.648	-0.648	-0.603	-0.604	-0.605	-0.605	-0.605	-0.605	-0.605	-0.604	-0.600	-0.600	-0.614	-0.602	-0.604	-0.622	-0.607	-0.611	-0.675	-0.516	-0.514	-0.565	-0.620	-0.309	-0.589	-0.590	-0.590	-0.590	-0.590	-0.590	-0.598	-0.582	-0.538	-0.124	-0.437	-0.497	-0.260	-0.559	-0.590	-0.590	-0.589	-0.549	-0.585	-0.584	-0.584	-0.583	-0.583	-0.583	-0.583	-0.583	-0.583	-0.540	-0.583	-0.323	-0.583	-0.583	-0.592	-0.592	-0.285	-0.583	-0.583	-0.589	-0.582	-0.547	-0.552	-0.583	-0.584	-0.551	-0.619	-0.672	-0.673	-0.673	-0.645	-0.671	-0.671	-0.672	-0.654	-0.654	-0.673	-0.679	-0.673	-0.673	-0.673	-0.673	-0.662	-0.650	-0.673	-0.673	-0.675	-0.675	-0.677	-0.681	-0.692	-0.694	-0.700	-0.694	-0.696	-0.694	-0.694	-0.694	-0.694	-0.699	-0.698	-0.692	-0.695	-0.692	-0.695	-0.695	-0.693	-0.688	
rs35886686     -0.167	-0.193	-0.191	-0.197	-0.199	-0.203	-0.219	-0.225	-0.227	-0.335	-0.329	-0.330	-0.358	-0.375	-0.375	-0.375	-0.368	-0.368	-0.363	-0.329	-0.349	-0.400	-0.408	-0.548	-0.383	-0.500	-0.604	-0.500	-0.576	-0.501	-0.519	-0.576	-0.507	-0.514	-0.507	-0.586	-0.484	-0.527	-0.475	-0.740	-0.665	-0.660	-0.663	-0.660	-0.653	-0.669	-0.669	-0.669	-0.663	-0.648	-0.697	-0.663	-0.663	-0.663	-0.665	-0.665	-0.665	-0.666	-0.664	-0.665	-0.664	-0.665	-0.666	-0.664	-0.664	-0.665	-0.665	-0.664	-0.665	-0.665	-0.665	-0.665	-0.672	-0.672	-0.666	-0.666	-0.664	-0.664	-0.671	-0.672	-0.672	-0.673	-0.673	-0.673	-0.673	-0.673	-0.679	-0.672	-0.674	-0.673	-0.673	-0.677	-0.674	-0.675	-0.693	-0.678	-0.677	-0.722	-0.731	-0.484	-0.720	-0.721	-0.721	-0.721	-0.721	-0.721	-0.725	-0.717	-0.689	-0.292	-0.626	-0.676	-0.436	-0.720	-0.722	-0.722	-0.721	-0.715	-0.720	-0.719	-0.719	-0.719	-0.719	-0.719	-0.719	-0.719	-0.719	-0.708	-0.719	-0.502	-0.719	-0.719	-0.724	-0.724	-0.466	-0.719	-0.719	-0.722	-0.719	-0.713	-0.717	-0.719	-0.719	-0.716	-0.736	-0.762	-0.762	-0.762	-0.773	-0.762	-0.762	-0.762	-0.756	-0.756	-0.762	-0.762	-0.762	-0.762	-0.762	-0.762	-0.761	-0.775	-0.762	-0.762	-0.762	-0.762	-0.762	-0.762	-0.762	-0.762	-0.760	-0.760	-0.762	-0.762	-0.762	-0.762	-0.762	-0.761	-0.762	-0.761	-0.762	-0.763	-0.761	-0.762	-0.763	-0.762	
rs17089520     -0.162	-0.187	-0.185	-0.191	-0.193	-0.197	-0.213	-0.219	-0.221	-0.330	-0.324	-0.324	-0.353	-0.370	-0.370	-0.369	-0.362	-0.362	-0.357	-0.323	-0.344	-0.394	-0.402	-0.544	-0.500	-0.379	-0.602	-0.497	-0.575	-0.501	-0.517	-0.575	-0.506	-0.512	-0.506	-0.585	-0.486	-0.525	-0.475	-0.737	-0.660	-0.655	-0.658	-0.655	-0.647	-0.665	-0.665	-0.665	-0.658	-0.642	-0.692	-0.658	-0.658	-0.658	-0.660	-0.660	-0.660	-0.661	-0.659	-0.660	-0.659	-0.660	-0.661	-0.659	-0.659	-0.660	-0.660	-0.659	-0.660	-0.660	-0.660	-0.660	-0.668	-0.667	-0.661	-0.661	-0.659	-0.659	-0.667	-0.668	-0.668	-0.669	-0.669	-0.669	-0.669	-0.669	-0.675	-0.669	-0.670	-0.669	-0.669	-0.673	-0.670	-0.671	-0.688	-0.676	-0.675	-0.720	-0.727	-0.482	-0.718	-0.718	-0.718	-0.718	-0.719	-0.719	-0.722	-0.715	-0.686	-0.289	-0.625	-0.674	-0.434	-0.718	-0.719	-0.719	-0.718	-0.712	-0.717	-0.717	-0.716	-0.716	-0.716	-0.716	-0.716	-0.716	-0.716	-0.706	-0.716	-0.500	-0.716	-0.716	-0.721	-0.721	-0.464	-0.716	-0.716	-0.719	-0.716	-0.710	-0.714	-0.716	-0.717	-0.713	-0.733	-0.758	-0.758	-0.758	-0.770	-0.758	-0.758	-0.758	-0.752	-0.752	-0.758	-0.758	-0.758	-0.758	-0.758	-0.758	-0.757	-0.771	-0.758	-0.758	-0.758	-0.758	-0.758	-0.758	-0.758	-0.758	-0.755	-0.755	-0.757	-0.758	-0.758	-0.758	-0.758	-0.757	-0.757	-0.756	-0.758	-0.759	-0.757	-0.758	-0.758	-0.758	
rs4865342      -0.165	-0.192	-0.188	-0.195	-0.197	-0.201	-0.218	-0.224	-0.226	-0.336	-0.330	-0.330	-0.359	-0.376	-0.376	-0.376	-0.369	-0.369	-0.364	-0.329	-0.350	-0.402	-0.410	-0.565	-0.604	-0.602	-0.402	-0.602	-0.486	-0.604	-0.612	-0.484	-0.601	-0.608	-0.601	-0.503	-0.588	-0.597	-0.560	-0.757	-0.711	-0.708	-0.709	-0.708	-0.704	-0.708	-0.709	-0.709	-0.709	-0.699	-0.731	-0.710	-0.709	-0.709	-0.710	-0.710	-0.711	-0.711	-0.711	-0.711	-0.711	-0.711	-0.711	-0.711	-0.711	-0.711	-0.711	-0.711	-0.711	-0.711	-0.711	-0.712	-0.708	-0.709	-0.712	-0.712	-0.711	-0.711	-0.708	-0.709	-0.709	-0.709	-0.709	-0.709	-0.709	-0.709	-0.712	-0.708	-0.712	-0.709	-0.709	-0.716	-0.711	-0.712	-0.737	-0.698	-0.696	-0.740	-0.753	-0.499	-0.741	-0.742	-0.742	-0.742	-0.742	-0.742	-0.747	-0.738	-0.707	-0.296	-0.640	-0.691	-0.442	-0.737	-0.742	-0.742	-0.742	-0.731	-0.740	-0.740	-0.739	-0.739	-0.739	-0.739	-0.739	-0.739	-0.739	-0.724	-0.739	-0.509	-0.739	-0.739	-0.744	-0.744	-0.473	-0.739	-0.739	-0.743	-0.739	-0.729	-0.733	-0.739	-0.740	-0.732	-0.758	-0.787	-0.787	-0.787	-0.793	-0.787	-0.787	-0.787	-0.779	-0.779	-0.787	-0.788	-0.787	-0.787	-0.787	-0.787	-0.785	-0.795	-0.787	-0.787	-0.787	-0.787	-0.788	-0.788	-0.789	-0.790	-0.788	-0.791	-0.789	-0.790	-0.790	-0.790	-0.790	-0.789	-0.789	-0.788	-0.789	-0.790	-0.789	-0.789	-0.790	-0.790	
rs28551064     -0.162	-0.187	-0.185	-0.192	-0.193	-0.197	-0.213	-0.219	-0.221	-0.330	-0.324	-0.324	-0.353	-0.370	-0.370	-0.370	-0.362	-0.362	-0.357	-0.323	-0.344	-0.394	-0.402	-0.544	-0.500	-0.497	-0.602	-0.379	-0.575	-0.500	-0.517	-0.575	-0.506	-0.512	-0.506	-0.585	-0.486	-0.525	-0.475	-0.737	-0.660	-0.655	-0.658	-0.655	-0.647	-0.665	-0.665	-0.665	-0.658	-0.642	-0.692	-0.658	-0.658	-0.658	-0.660	-0.660	-0.660	-0.661	-0.659	-0.660	-0.659	-0.660	-0.661	-0.659	-0.659	-0.659	-0.660	-0.659	-0.660	-0.660	-0.660	-0.660	-0.668	-0.667	-0.661	-0.661	-0.659	-0.659	-0.667	-0.668	-0.668	-0.669	-0.669	-0.669	-0.669	-0.669	-0.675	-0.669	-0.670	-0.669	-0.669	-0.673	-0.670	-0.671	-0.688	-0.676	-0.675	-0.720	-0.727	-0.482	-0.718	-0.718	-0.718	-0.718	-0.719	-0.719	-0.722	-0.715	-0.686	-0.289	-0.625	-0.674	-0.434	-0.718	-0.719	-0.719	-0.718	-0.712	-0.717	-0.717	-0.716	-0.716	-0.716	-0.716	-0.716	-0.716	-0.716	-0.706	-0.716	-0.500	-0.716	-0.716	-0.721	-0.721	-0.464	-0.716	-0.716	-0.719	-0.716	-0.710	-0.714	-0.716	-0.717	-0.713	-0.733	-0.758	-0.758	-0.758	-0.770	-0.758	-0.758	-0.758	-0.752	-0.752	-0.758	-0.758	-0.758	-0.758	-0.758	-0.758	-0.757	-0.771	-0.758	-0.758	-0.758	-0.758	-0.758	-0.758	-0.758	-0.758	-0.755	-0.755	-0.757	-0.758	-0.758	-0.758	-0.758	-0.757	-0.757	-0.756	-0.758	-0.759	-0.757	-0.758	-0.758	-0.758	
rs1494104      -0.103	-0.130	-0.126	-0.133	-0.134	-0.139	-0.156	-0.162	-0.164	-0.276	-0.270	-0.270	-0.300	-0.317	-0.317	-0.317	-0.309	-0.309	-0.304	-0.269	-0.291	-0.344	-0.352	-0.529	-0.576	-0.575	-0.486	-0.575	-0.359	-0.576	-0.582	-0.476	-0.574	-0.578	-0.574	-0.505	-0.567	-0.579	-0.553	-0.723	-0.667	-0.663	-0.665	-0.661	-0.654	-0.668	-0.668	-0.668	-0.663	-0.642	-0.683	-0.663	-0.663	-0.663	-0.665	-0.665	-0.665	-0.666	-0.665	-0.665	-0.665	-0.665	-0.666	-0.665	-0.665	-0.665	-0.665	-0.664	-0.665	-0.665	-0.665	-0.665	-0.668	-0.667	-0.666	-0.666	-0.664	-0.664	-0.671	-0.671	-0.672	-0.672	-0.672	-0.672	-0.672	-0.672	-0.673	-0.672	-0.673	-0.672	-0.672	-0.676	-0.673	-0.674	-0.688	-0.673	-0.672	-0.710	-0.715	-0.478	-0.710	-0.711	-0.711	-0.711	-0.711	-0.711	-0.715	-0.708	-0.681	-0.271	-0.619	-0.666	-0.418	-0.708	-0.712	-0.712	-0.711	-0.703	-0.710	-0.709	-0.709	-0.709	-0.709	-0.709	-0.709	-0.709	-0.709	-0.697	-0.709	-0.485	-0.709	-0.709	-0.713	-0.713	-0.450	-0.709	-0.709	-0.712	-0.709	-0.701	-0.705	-0.709	-0.710	-0.704	-0.724	-0.746	-0.746	-0.746	-0.757	-0.746	-0.746	-0.746	-0.740	-0.740	-0.746	-0.746	-0.746	-0.746	-0.746	-0.746	-0.746	-0.758	-0.746	-0.746	-0.746	-0.746	-0.746	-0.746	-0.746	-0.746	-0.743	-0.747	-0.745	-0.746	-0.746	-0.746	-0.746	-0.744	-0.745	-0.744	-0.745	-0.746	-0.744	-0.745	-0.746	-0.747	
