## Summary of overall evidence for association with region:
## log10(BF for region) = 0.117373
## p-value for region = NA

## BFs for choosing among multi-SNP models:
## log10(average 1-SNP BF) = 0.152603
## log10(average 2-SNP BF) = 0.0369715

## Example posterior probabilities for multi-SNP models, based on default prior: [p(l) propto 0.5^l for l=1,2,...,L]
## posterior probability of 1-SNP = 0.723001
## posterior probability of 2-SNP = 0.276999

## log10(BF) for single SNP and pair of SNPs:
rs12493695     -0.360	-0.512	-0.459	-0.601	-0.601	-0.601	-0.600	-0.698	-0.243	-0.493	-0.618	-0.764	-0.682	-0.731	-0.778	-0.284	+0.009	-0.466	-0.358	-0.775	-0.220	-0.773	+0.303	+0.269	-0.308	-0.169	+0.194	-0.158	-0.536	-0.299	-0.132	-0.619	-0.621	-0.668	-0.668	-0.524	-0.610	-0.610	-0.621	-0.621	-0.621	-0.621	-0.616	-0.633	-0.619	-0.619	-0.619	-0.618	-0.618	-0.617	-0.519	-0.616	-0.616	-0.616	-0.616	-0.621	-0.621	-0.621	-0.620	-0.619	-0.619	+0.218	-0.619	-0.618	-0.618	-0.488	-0.485	-0.485	-0.480	-0.457	-0.522	-0.467	-0.111	+0.061	+0.061	-0.109	-0.506	-0.069	-0.524	-0.064	+0.220	-0.055	-0.356	-0.350	-0.393	-0.393	-0.384	-0.396	-0.397	-0.540	-0.024	-0.032	-0.039	-0.128	-0.023	+0.043	-0.054	+0.261	-0.053	-0.338	-0.021	-0.311	-0.493	-0.693	-0.061	-0.485	-0.224	-0.338	-0.343	-0.042	-0.528	-0.442	-0.553	-0.300	+0.537	-0.360	-0.056	+0.258	-0.524	-0.223	+0.259	-0.049	+0.235	-0.004	-0.004	-0.230	-0.487	-0.219	-0.155	-0.193	+0.296	+0.310	+0.025	-0.465	-0.254	-0.468	-0.433	-0.430	-0.296	-0.465	+0.068	-0.512	-0.447	-0.653	-0.048	-0.692	-0.456	-0.456	-0.687	-0.310	-0.462	-0.466	-0.706	+0.304	-0.524	-0.547	-0.048	-0.711	-0.057	-0.401	-0.096	-0.402	+0.285	-0.353	-0.353	-0.403	-0.722	-0.737	-0.714	-0.557	-0.558	-0.712	-0.559	-0.712	-0.712	-0.559	-0.560	-0.560	-0.562	-0.715	-0.705	-0.733	-0.736	-0.270	-0.588	-0.665	-0.644	-0.665	-0.658	-0.461	-0.086	-0.297	-0.388	-0.467	-0.287	-0.277	-0.292	+0.298	-0.675	
rs1529861      -0.512	-0.381	-0.472	-0.630	-0.630	-0.629	-0.629	-0.723	-0.259	-0.507	-0.634	-0.785	-0.699	-0.750	-0.799	-0.274	+0.027	-0.478	-0.354	-0.795	-0.231	-0.790	+0.287	+0.253	-0.324	-0.185	+0.178	-0.174	-0.549	-0.304	-0.141	-0.633	-0.635	-0.683	-0.683	-0.537	-0.624	-0.624	-0.634	-0.634	-0.634	-0.634	-0.629	-0.647	-0.633	-0.633	-0.632	-0.632	-0.632	-0.631	-0.532	-0.630	-0.630	-0.630	-0.629	-0.635	-0.635	-0.635	-0.634	-0.633	-0.633	+0.201	-0.633	-0.632	-0.632	-0.501	-0.498	-0.499	-0.493	-0.470	-0.536	-0.480	-0.128	+0.060	+0.060	-0.113	-0.521	-0.072	-0.538	-0.067	+0.203	-0.059	-0.370	-0.368	-0.406	-0.406	-0.397	-0.409	-0.410	-0.554	-0.027	-0.035	-0.042	-0.140	-0.027	+0.038	-0.057	+0.245	-0.064	-0.356	-0.024	-0.329	-0.506	-0.711	-0.065	-0.500	-0.241	-0.356	-0.361	-0.045	-0.545	-0.457	-0.571	-0.316	+0.537	-0.378	-0.060	+0.242	-0.540	-0.241	+0.242	-0.053	+0.219	-0.021	-0.021	-0.242	-0.501	-0.231	-0.168	-0.208	+0.280	+0.294	+0.022	-0.478	-0.266	-0.486	-0.446	-0.443	-0.314	-0.479	+0.065	-0.530	-0.465	-0.671	-0.052	-0.711	-0.473	-0.472	-0.706	-0.328	-0.476	-0.479	-0.725	+0.288	-0.542	-0.565	-0.052	-0.730	-0.061	-0.419	-0.112	-0.419	+0.269	-0.370	-0.370	-0.420	-0.741	-0.755	-0.733	-0.575	-0.577	-0.731	-0.578	-0.731	-0.731	-0.578	-0.578	-0.579	-0.581	-0.734	-0.724	-0.752	-0.755	-0.277	-0.603	-0.681	-0.663	-0.684	-0.676	-0.480	-0.099	-0.312	-0.399	-0.480	-0.302	-0.292	-0.307	+0.288	-0.696	
rs920065       -0.459	-0.472	-0.044	-0.054	-0.054	-0.054	-0.053	-0.024	-0.142	-0.295	-0.286	-0.276	-0.279	-0.172	-0.297	-0.135	+0.099	-0.264	-0.171	-0.312	-0.040	-0.507	+0.363	+0.329	-0.174	-0.060	+0.256	-0.051	-0.261	-0.047	+0.096	-0.347	-0.348	-0.386	-0.386	-0.261	-0.338	-0.338	-0.348	-0.348	-0.348	-0.348	-0.343	-0.360	-0.347	-0.346	-0.346	-0.346	-0.345	-0.345	-0.256	-0.344	-0.343	-0.343	-0.343	-0.348	-0.348	-0.348	-0.348	-0.347	-0.347	+0.277	-0.346	-0.346	-0.346	-0.239	-0.237	-0.238	-0.233	-0.210	-0.272	-0.221	-0.032	+0.284	+0.284	+0.109	-0.241	+0.146	-0.274	+0.151	+0.275	+0.159	-0.141	-0.236	-0.161	-0.161	-0.152	-0.163	-0.164	-0.285	+0.188	+0.181	+0.175	+0.078	+0.189	+0.244	+0.161	+0.316	+0.156	-0.227	+0.191	-0.204	-0.246	-0.471	+0.154	-0.251	-0.128	-0.227	-0.231	+0.172	-0.362	-0.229	-0.379	-0.166	+0.712	-0.245	+0.159	+0.313	-0.280	-0.133	+0.313	+0.165	+0.290	+0.075	+0.075	-0.003	-0.240	+0.008	+0.051	-0.063	+0.349	+0.364	+0.233	-0.219	-0.021	-0.323	-0.189	-0.186	-0.193	-0.220	+0.274	-0.357	-0.307	-0.444	+0.166	-0.466	-0.297	-0.297	-0.463	-0.204	-0.217	-0.221	-0.473	+0.357	-0.364	-0.375	+0.171	-0.475	+0.163	-0.254	+0.004	-0.254	+0.338	-0.216	-0.216	-0.255	-0.479	-0.481	-0.476	-0.381	-0.388	-0.476	-0.389	-0.475	-0.475	-0.389	-0.389	-0.390	-0.391	-0.477	-0.472	-0.483	-0.484	-0.033	-0.338	-0.410	-0.438	-0.450	-0.445	-0.317	+0.042	-0.153	-0.149	-0.238	-0.145	-0.136	-0.149	+0.430	-0.385	
rs2117646      -0.601	-0.630	-0.054	-0.611	-0.745	-0.745	-0.745	-0.932	-0.112	-0.330	-0.508	-0.880	-0.656	-0.791	-0.869	-0.167	+0.107	-0.080	-0.276	-0.847	+0.180	-0.907	+0.451	+0.408	-0.256	-0.091	+0.304	-0.078	-0.558	-0.249	-0.108	-0.663	-0.665	-0.751	-0.751	-0.548	-0.651	-0.651	-0.664	-0.664	-0.664	-0.665	-0.658	-0.682	-0.663	-0.662	-0.662	-0.662	-0.661	-0.660	-0.542	-0.659	-0.658	-0.658	-0.658	-0.665	-0.665	-0.665	-0.665	-0.663	-0.663	+0.328	-0.662	-0.662	-0.662	-0.488	-0.485	-0.486	-0.493	-0.450	-0.533	-0.463	-0.078	+0.163	+0.163	+0.006	-0.558	+0.052	-0.540	+0.057	+0.314	+0.067	-0.383	-0.384	-0.392	-0.392	-0.381	-0.396	-0.396	-0.567	+0.100	+0.091	+0.082	-0.129	+0.101	+0.131	+0.065	+0.360	-0.019	-0.369	+0.103	-0.335	-0.503	-0.806	+0.056	-0.529	-0.228	-0.371	-0.376	+0.079	-0.576	-0.488	-0.608	-0.261	+0.670	-0.399	+0.062	+0.356	-0.603	-0.293	+0.356	+0.067	+0.326	+0.052	+0.052	-0.213	-0.500	-0.200	-0.144	-0.065	+0.404	+0.421	+0.155	-0.467	-0.220	-0.520	-0.427	-0.424	-0.318	-0.469	+0.204	-0.583	-0.492	-0.735	+0.069	-0.794	-0.432	-0.431	-0.787	-0.336	-0.465	-0.470	-0.815	+0.411	-0.594	-0.601	+0.065	-0.823	+0.055	-0.404	-0.019	-0.405	+0.387	-0.348	-0.348	-0.407	-0.840	-0.855	-0.827	-0.615	-0.642	-0.825	-0.644	-0.825	-0.825	-0.643	-0.644	-0.645	-0.647	-0.829	-0.813	-0.855	-0.860	-0.192	-0.660	-0.761	-0.742	-0.771	-0.763	-0.538	+0.155	-0.202	-0.357	-0.497	-0.190	-0.176	-0.197	+0.701	-0.912	
rs2117645      -0.601	-0.630	-0.054	-0.745	-0.611	-0.745	-0.745	-0.932	-0.112	-0.330	-0.508	-0.879	-0.656	-0.791	-0.869	-0.167	+0.107	-0.080	-0.276	-0.847	+0.180	-0.907	+0.451	+0.409	-0.256	-0.091	+0.304	-0.078	-0.558	-0.249	-0.108	-0.663	-0.665	-0.751	-0.751	-0.548	-0.651	-0.651	-0.664	-0.664	-0.664	-0.664	-0.658	-0.682	-0.663	-0.662	-0.662	-0.662	-0.661	-0.660	-0.542	-0.659	-0.658	-0.658	-0.658	-0.665	-0.665	-0.665	-0.665	-0.663	-0.663	+0.328	-0.662	-0.662	-0.662	-0.488	-0.485	-0.486	-0.493	-0.450	-0.533	-0.462	-0.078	+0.163	+0.163	+0.006	-0.557	+0.052	-0.540	+0.057	+0.314	+0.067	-0.383	-0.384	-0.392	-0.392	-0.380	-0.396	-0.396	-0.567	+0.100	+0.091	+0.082	-0.129	+0.101	+0.131	+0.065	+0.360	-0.019	-0.369	+0.103	-0.335	-0.503	-0.805	+0.056	-0.529	-0.228	-0.371	-0.376	+0.079	-0.576	-0.488	-0.608	-0.261	+0.671	-0.399	+0.062	+0.356	-0.603	-0.293	+0.357	+0.067	+0.326	+0.052	+0.052	-0.213	-0.500	-0.200	-0.144	-0.065	+0.404	+0.422	+0.155	-0.467	-0.220	-0.520	-0.427	-0.424	-0.318	-0.469	+0.204	-0.583	-0.491	-0.735	+0.069	-0.794	-0.432	-0.431	-0.787	-0.336	-0.465	-0.470	-0.815	+0.411	-0.594	-0.601	+0.065	-0.823	+0.055	-0.404	-0.019	-0.405	+0.387	-0.348	-0.348	-0.407	-0.840	-0.855	-0.827	-0.615	-0.642	-0.825	-0.644	-0.825	-0.825	-0.643	-0.644	-0.645	-0.647	-0.829	-0.813	-0.855	-0.860	-0.192	-0.660	-0.761	-0.742	-0.771	-0.762	-0.538	+0.155	-0.202	-0.357	-0.497	-0.190	-0.175	-0.197	+0.701	-0.912	
rs2117644      -0.601	-0.629	-0.054	-0.745	-0.745	-0.611	-0.745	-0.932	-0.111	-0.330	-0.507	-0.879	-0.656	-0.791	-0.868	-0.167	+0.108	-0.079	-0.275	-0.847	+0.181	-0.907	+0.452	+0.409	-0.256	-0.090	+0.305	-0.077	-0.558	-0.248	-0.107	-0.663	-0.664	-0.751	-0.751	-0.548	-0.651	-0.651	-0.664	-0.664	-0.664	-0.664	-0.658	-0.682	-0.663	-0.662	-0.662	-0.661	-0.661	-0.660	-0.542	-0.659	-0.658	-0.658	-0.658	-0.665	-0.665	-0.665	-0.664	-0.663	-0.663	+0.328	-0.662	-0.662	-0.661	-0.488	-0.484	-0.485	-0.492	-0.450	-0.533	-0.462	-0.078	+0.163	+0.164	+0.006	-0.557	+0.052	-0.540	+0.057	+0.314	+0.067	-0.383	-0.384	-0.392	-0.392	-0.380	-0.395	-0.396	-0.567	+0.101	+0.091	+0.083	-0.129	+0.101	+0.132	+0.065	+0.361	-0.018	-0.369	+0.104	-0.334	-0.502	-0.805	+0.056	-0.529	-0.228	-0.371	-0.375	+0.079	-0.576	-0.488	-0.608	-0.261	+0.671	-0.399	+0.063	+0.356	-0.603	-0.293	+0.357	+0.068	+0.326	+0.052	+0.052	-0.213	-0.500	-0.199	-0.144	-0.065	+0.404	+0.422	+0.156	-0.466	-0.220	-0.519	-0.427	-0.423	-0.317	-0.469	+0.204	-0.583	-0.491	-0.734	+0.069	-0.794	-0.431	-0.431	-0.787	-0.336	-0.465	-0.470	-0.815	+0.412	-0.594	-0.601	+0.066	-0.823	+0.055	-0.404	-0.019	-0.405	+0.388	-0.348	-0.348	-0.406	-0.840	-0.855	-0.827	-0.614	-0.642	-0.824	-0.643	-0.824	-0.824	-0.643	-0.644	-0.644	-0.647	-0.828	-0.813	-0.855	-0.860	-0.192	-0.659	-0.761	-0.741	-0.770	-0.762	-0.537	+0.155	-0.202	-0.357	-0.496	-0.190	-0.175	-0.197	+0.702	-0.912	
rs2117643      -0.600	-0.629	-0.053	-0.745	-0.745	-0.745	-0.611	-0.932	-0.111	-0.329	-0.506	-0.879	-0.656	-0.790	-0.868	-0.166	+0.108	-0.078	-0.275	-0.846	+0.181	-0.906	+0.452	+0.410	-0.256	-0.090	+0.305	-0.077	-0.557	-0.248	-0.107	-0.662	-0.664	-0.751	-0.751	-0.547	-0.651	-0.651	-0.664	-0.664	-0.664	-0.664	-0.657	-0.682	-0.662	-0.662	-0.661	-0.661	-0.661	-0.659	-0.542	-0.659	-0.658	-0.658	-0.658	-0.664	-0.664	-0.664	-0.664	-0.663	-0.662	+0.329	-0.662	-0.661	-0.661	-0.488	-0.484	-0.485	-0.492	-0.450	-0.533	-0.462	-0.077	+0.164	+0.164	+0.007	-0.557	+0.052	-0.539	+0.057	+0.315	+0.067	-0.383	-0.383	-0.391	-0.392	-0.380	-0.395	-0.396	-0.566	+0.101	+0.092	+0.083	-0.129	+0.101	+0.132	+0.065	+0.361	-0.018	-0.368	+0.104	-0.334	-0.502	-0.805	+0.056	-0.528	-0.227	-0.370	-0.375	+0.080	-0.575	-0.488	-0.608	-0.260	+0.671	-0.399	+0.063	+0.357	-0.603	-0.292	+0.358	+0.068	+0.327	+0.053	+0.053	-0.213	-0.499	-0.199	-0.143	-0.064	+0.405	+0.423	+0.156	-0.466	-0.220	-0.519	-0.427	-0.423	-0.317	-0.469	+0.205	-0.582	-0.491	-0.734	+0.070	-0.793	-0.431	-0.431	-0.786	-0.335	-0.465	-0.469	-0.815	+0.412	-0.594	-0.601	+0.066	-0.822	+0.055	-0.404	-0.018	-0.404	+0.388	-0.348	-0.348	-0.406	-0.840	-0.855	-0.826	-0.614	-0.641	-0.824	-0.643	-0.824	-0.824	-0.643	-0.643	-0.644	-0.647	-0.828	-0.813	-0.854	-0.859	-0.191	-0.659	-0.761	-0.741	-0.770	-0.762	-0.537	+0.156	-0.201	-0.357	-0.496	-0.189	-0.175	-0.196	+0.703	-0.912	
rs722615       -0.698	-0.723	-0.024	-0.932	-0.932	-0.932	-0.932	-0.608	+0.194	-0.137	-0.362	-0.701	-0.491	-0.684	-0.615	+0.003	+0.366	+0.314	-0.088	-0.669	+0.321	-0.867	+0.532	+0.486	-0.173	-0.029	+0.374	-0.015	-0.512	-0.184	-0.067	-0.621	-0.623	-0.720	-0.720	-0.515	-0.609	-0.609	-0.623	-0.623	-0.623	-0.623	-0.616	-0.642	-0.622	-0.621	-0.620	-0.620	-0.620	-0.618	-0.509	-0.617	-0.617	-0.617	-0.616	-0.624	-0.624	-0.623	-0.623	-0.622	-0.621	+0.399	-0.621	-0.620	-0.620	-0.432	-0.428	-0.429	-0.439	-0.392	-0.480	-0.404	+0.071	+0.243	+0.243	+0.102	-0.529	+0.150	-0.488	+0.155	+0.383	+0.166	-0.336	-0.320	-0.352	-0.352	-0.340	-0.356	-0.357	-0.541	+0.201	+0.191	+0.181	-0.090	+0.201	+0.242	+0.162	+0.428	-0.004	-0.305	+0.204	-0.268	-0.450	-0.743	+0.152	-0.474	-0.155	-0.307	-0.312	+0.177	-0.520	-0.472	-0.555	-0.182	+0.782	-0.338	+0.159	+0.424	-0.573	-0.227	+0.425	+0.163	+0.392	+0.140	+0.140	-0.186	-0.450	-0.172	-0.103	-0.033	+0.475	+0.493	+0.258	-0.412	-0.203	-0.445	-0.370	-0.366	-0.249	-0.415	+0.311	-0.515	-0.413	-0.675	+0.166	-0.741	-0.294	-0.294	-0.733	-0.270	-0.411	-0.416	-0.765	+0.482	-0.528	-0.548	+0.159	-0.774	+0.148	-0.339	+0.042	-0.340	+0.456	-0.280	-0.280	-0.341	-0.793	-0.826	-0.778	-0.563	-0.581	-0.776	-0.583	-0.776	-0.776	-0.583	-0.584	-0.585	-0.587	-0.781	-0.764	-0.810	-0.816	-0.119	-0.634	-0.739	-0.681	-0.714	-0.706	-0.465	+0.271	-0.076	-0.319	-0.453	-0.063	-0.046	-0.071	+0.774	-0.907	
rs11130654     -0.243	-0.259	-0.142	-0.112	-0.112	-0.111	-0.111	+0.194	+0.144	-0.211	-0.187	-0.102	-0.147	-0.063	-0.077	-0.023	+0.183	-0.154	-0.053	-0.179	+0.012	-0.340	+0.459	+0.430	-0.040	+0.091	+0.366	+0.100	-0.129	+0.085	+0.223	-0.206	-0.207	-0.244	-0.244	-0.101	-0.198	-0.198	-0.207	-0.207	-0.207	-0.207	-0.203	-0.218	-0.206	-0.206	-0.205	-0.205	-0.205	-0.204	-0.097	-0.204	-0.203	-0.203	-0.203	-0.207	-0.207	-0.207	-0.207	-0.206	-0.206	+0.386	-0.205	-0.205	-0.205	-0.117	-0.115	-0.115	-0.107	-0.091	-0.145	-0.100	+0.048	+0.412	+0.412	+0.217	-0.088	+0.253	-0.148	+0.258	+0.386	+0.266	-0.004	-0.097	-0.015	-0.015	-0.007	-0.018	-0.018	-0.137	+0.294	+0.287	+0.281	+0.236	+0.294	+0.335	+0.269	+0.425	+0.371	-0.088	+0.297	-0.069	-0.121	-0.311	+0.262	-0.133	+0.001	-0.089	-0.092	+0.279	-0.204	-0.037	-0.220	-0.031	+0.759	-0.105	+0.267	+0.422	-0.132	-0.032	+0.423	+0.276	+0.402	+0.182	+0.182	+0.175	-0.112	+0.185	+0.178	+0.105	+0.455	+0.468	+0.339	-0.097	+0.202	-0.188	-0.070	-0.068	-0.059	-0.098	+0.376	-0.215	-0.174	-0.283	+0.272	-0.299	-0.192	-0.192	-0.297	-0.069	-0.095	-0.098	-0.303	+0.462	-0.221	-0.216	+0.279	-0.304	+0.272	-0.111	+0.153	-0.111	+0.445	-0.078	-0.078	-0.112	-0.307	-0.309	-0.305	-0.222	-0.240	-0.305	-0.240	-0.305	-0.305	-0.240	-0.241	-0.241	-0.242	-0.305	-0.303	-0.309	-0.309	+0.089	-0.161	-0.230	-0.277	-0.286	-0.282	-0.181	+0.125	-0.046	-0.039	-0.125	-0.039	-0.032	-0.043	+0.471	-0.194	
rs7611712      -0.493	-0.507	-0.295	-0.330	-0.330	-0.330	-0.329	-0.137	-0.211	-0.097	-0.427	-0.363	-0.467	-0.477	-0.402	-0.234	+0.011	-0.318	-0.255	-0.426	-0.090	-0.539	+0.432	+0.400	-0.161	-0.021	+0.329	-0.011	-0.231	-0.090	+0.231	-0.325	-0.326	-0.370	-0.370	-0.205	-0.317	-0.317	-0.326	-0.326	-0.326	-0.326	-0.320	-0.339	-0.325	-0.324	-0.324	-0.324	-0.323	-0.322	-0.200	-0.321	-0.321	-0.321	-0.321	-0.326	-0.326	-0.326	-0.326	-0.325	-0.325	+0.352	-0.324	-0.324	-0.324	-0.226	-0.223	-0.224	-0.211	-0.195	-0.260	-0.206	-0.056	+0.262	+0.263	+0.055	-0.208	+0.092	-0.261	+0.098	+0.354	+0.106	-0.070	-0.199	-0.108	-0.109	-0.099	-0.111	-0.112	-0.254	+0.136	+0.129	+0.123	+0.275	+0.136	+0.206	+0.110	+0.396	+0.385	-0.185	+0.139	-0.161	-0.228	-0.516	+0.103	-0.219	-0.074	-0.186	-0.190	+0.120	-0.358	-0.061	-0.379	-0.152	+0.668	-0.205	+0.109	+0.394	-0.230	-0.132	+0.394	+0.116	+0.372	+0.128	+0.128	+0.165	-0.219	+0.175	+0.156	-0.034	+0.429	+0.443	+0.184	-0.199	+0.135	-0.311	-0.167	-0.165	-0.148	-0.199	+0.221	-0.349	-0.294	-0.467	+0.118	-0.496	-0.347	-0.346	-0.492	-0.161	-0.197	-0.200	-0.506	+0.436	-0.359	-0.374	+0.120	-0.509	+0.112	-0.243	+0.050	-0.244	+0.419	-0.199	-0.199	-0.245	-0.516	-0.445	-0.511	-0.382	-0.387	-0.510	-0.388	-0.510	-0.510	-0.388	-0.388	-0.389	-0.390	-0.511	-0.503	-0.522	-0.524	-0.082	-0.252	-0.341	-0.459	-0.475	-0.469	-0.305	+0.038	-0.162	-0.127	-0.204	-0.154	-0.145	-0.158	+0.410	-0.415	
rs1369402      -0.618	-0.634	-0.286	-0.508	-0.508	-0.507	-0.506	-0.362	-0.187	-0.427	-0.268	-0.518	-0.468	-0.406	-0.551	-0.258	+0.004	-0.308	-0.300	-0.558	+0.027	-0.693	+0.346	+0.307	-0.294	-0.158	+0.217	-0.147	-0.431	-0.191	-0.042	-0.520	-0.521	-0.569	-0.569	-0.427	-0.511	-0.511	-0.521	-0.521	-0.521	-0.521	-0.516	-0.535	-0.520	-0.519	-0.519	-0.519	-0.519	-0.518	-0.422	-0.517	-0.517	-0.517	-0.516	-0.522	-0.522	-0.522	-0.521	-0.520	-0.520	+0.241	-0.520	-0.519	-0.519	-0.401	-0.398	-0.399	-0.396	-0.370	-0.436	-0.381	-0.129	+0.160	+0.160	-0.013	-0.416	+0.027	-0.439	+0.032	+0.237	+0.040	-0.290	-0.352	-0.314	-0.314	-0.305	-0.317	-0.318	-0.444	+0.071	+0.063	+0.057	-0.061	+0.072	+0.135	+0.042	+0.280	+0.022	-0.341	+0.074	-0.315	-0.408	-0.651	+0.035	-0.412	-0.227	-0.342	-0.346	+0.054	-0.507	-0.371	-0.529	-0.288	+0.627	-0.363	+0.040	+0.276	-0.451	-0.254	+0.276	+0.046	+0.249	-0.008	-0.007	-0.152	-0.403	-0.140	-0.087	-0.171	+0.318	+0.334	+0.119	-0.379	-0.171	-0.460	-0.348	-0.345	-0.301	-0.381	+0.162	-0.501	-0.441	-0.612	+0.047	-0.642	-0.440	-0.440	-0.638	-0.315	-0.378	-0.381	-0.652	+0.325	-0.510	-0.524	+0.049	-0.656	+0.040	-0.388	-0.089	-0.389	+0.304	-0.344	-0.344	-0.390	-0.663	-0.661	-0.657	-0.532	-0.540	-0.656	-0.541	-0.656	-0.656	-0.541	-0.541	-0.542	-0.544	-0.658	-0.651	-0.669	-0.671	-0.170	-0.511	-0.589	-0.607	-0.622	-0.617	-0.460	-0.012	-0.250	-0.296	-0.389	-0.240	-0.229	-0.245	+0.461	-0.592	
rs11130655     -0.764	-0.785	-0.276	-0.880	-0.879	-0.879	-0.879	-0.701	-0.102	-0.363	-0.518	-0.585	-0.681	-0.802	-0.810	-0.201	+0.129	+0.014	-0.268	-0.819	+0.101	-0.910	+0.397	+0.352	-0.284	-0.141	+0.251	-0.128	-0.578	-0.275	-0.138	-0.680	-0.682	-0.760	-0.760	-0.573	-0.669	-0.669	-0.682	-0.682	-0.682	-0.682	-0.675	-0.699	-0.680	-0.679	-0.679	-0.679	-0.679	-0.677	-0.568	-0.677	-0.676	-0.676	-0.676	-0.682	-0.682	-0.682	-0.682	-0.680	-0.680	+0.276	-0.679	-0.679	-0.679	-0.516	-0.512	-0.513	-0.518	-0.479	-0.559	-0.491	-0.098	+0.126	+0.127	-0.028	-0.580	+0.018	-0.565	+0.024	+0.263	+0.034	-0.404	-0.430	-0.427	-0.427	-0.416	-0.431	-0.431	-0.601	+0.068	+0.058	+0.050	-0.143	+0.068	+0.118	+0.032	+0.308	-0.056	-0.416	+0.071	-0.383	-0.529	-0.814	+0.023	-0.542	-0.280	-0.418	-0.422	+0.046	-0.616	-0.511	-0.647	-0.288	+0.643	-0.445	+0.030	+0.304	-0.614	-0.330	+0.304	+0.034	+0.274	+0.025	+0.026	-0.241	-0.525	-0.227	-0.179	-0.147	+0.351	+0.368	+0.122	-0.494	-0.260	-0.550	-0.455	-0.452	-0.367	-0.496	+0.172	-0.610	-0.523	-0.756	+0.037	-0.810	-0.452	-0.452	-0.804	-0.384	-0.492	-0.497	-0.829	+0.358	-0.621	-0.640	+0.033	-0.836	+0.022	-0.430	-0.070	-0.431	+0.335	-0.375	-0.375	-0.432	-0.851	-0.859	-0.840	-0.652	-0.666	-0.838	-0.668	-0.838	-0.838	-0.667	-0.668	-0.669	-0.671	-0.841	-0.827	-0.864	-0.869	-0.226	-0.668	-0.766	-0.741	-0.770	-0.762	-0.540	+0.105	-0.211	-0.400	-0.516	-0.199	-0.183	-0.206	+0.581	-0.891	
rs1865534      -0.682	-0.699	-0.279	-0.656	-0.656	-0.656	-0.656	-0.491	-0.147	-0.467	-0.468	-0.681	-0.364	-0.431	-0.652	-0.296	-0.014	-0.327	-0.340	-0.655	+0.048	-0.764	+0.350	+0.308	-0.330	-0.183	+0.215	-0.172	-0.497	-0.240	-0.085	-0.587	-0.589	-0.642	-0.642	-0.489	-0.578	-0.578	-0.589	-0.589	-0.589	-0.589	-0.583	-0.603	-0.587	-0.587	-0.587	-0.586	-0.586	-0.585	-0.484	-0.584	-0.584	-0.584	-0.583	-0.589	-0.589	-0.589	-0.589	-0.587	-0.587	+0.239	-0.587	-0.586	-0.586	-0.460	-0.457	-0.458	-0.456	-0.428	-0.497	-0.439	-0.142	+0.123	+0.123	-0.047	-0.483	-0.006	-0.499	-0.001	+0.235	+0.008	-0.340	-0.378	-0.368	-0.368	-0.358	-0.371	-0.371	-0.511	+0.039	+0.031	+0.024	-0.097	+0.040	+0.108	+0.009	+0.278	-0.012	-0.366	+0.042	-0.337	-0.467	-0.721	+0.001	-0.471	-0.241	-0.367	-0.372	+0.021	-0.555	-0.424	-0.579	-0.325	+0.617	-0.391	+0.007	+0.273	-0.515	-0.289	+0.274	+0.013	+0.246	-0.027	-0.027	-0.192	-0.462	-0.181	-0.129	-0.202	+0.318	+0.334	+0.090	-0.438	-0.212	-0.503	-0.405	-0.402	-0.322	-0.439	+0.133	-0.548	-0.481	-0.674	+0.015	-0.708	-0.484	-0.484	-0.704	-0.338	-0.436	-0.440	-0.720	+0.325	-0.559	-0.574	+0.015	-0.724	+0.005	-0.432	-0.112	-0.432	+0.302	-0.384	-0.384	-0.433	-0.733	-0.732	-0.726	-0.583	-0.592	-0.725	-0.593	-0.725	-0.725	-0.593	-0.593	-0.594	-0.596	-0.727	-0.718	-0.740	-0.743	-0.213	-0.569	-0.651	-0.670	-0.688	-0.682	-0.506	-0.020	-0.273	-0.349	-0.443	-0.263	-0.252	-0.269	+0.486	-0.684	
rs2572682      -0.731	-0.750	-0.172	-0.791	-0.791	-0.791	-0.790	-0.684	-0.063	-0.477	-0.406	-0.802	-0.431	-0.454	-0.775	-0.301	+0.005	-0.253	-0.349	-0.772	+0.205	-0.822	+0.409	+0.366	-0.339	-0.175	+0.261	-0.163	-0.537	-0.260	-0.094	-0.632	-0.633	-0.694	-0.694	-0.525	-0.621	-0.621	-0.633	-0.633	-0.633	-0.633	-0.627	-0.648	-0.632	-0.631	-0.631	-0.631	-0.630	-0.629	-0.520	-0.628	-0.628	-0.628	-0.627	-0.633	-0.633	-0.633	-0.633	-0.632	-0.632	+0.286	-0.631	-0.631	-0.630	-0.493	-0.489	-0.490	-0.490	-0.459	-0.531	-0.470	-0.119	+0.120	+0.120	-0.049	-0.525	-0.006	-0.535	-0.001	+0.281	+0.008	-0.360	-0.371	-0.393	-0.393	-0.382	-0.396	-0.397	-0.553	+0.041	+0.032	+0.025	-0.113	+0.041	+0.117	+0.009	+0.325	-0.024	-0.358	+0.044	-0.326	-0.501	-0.773	+0.001	-0.503	-0.222	-0.360	-0.365	+0.022	-0.576	-0.449	-0.603	-0.336	+0.643	-0.387	+0.006	+0.320	-0.554	-0.288	+0.320	+0.014	+0.290	-0.010	-0.010	-0.216	-0.496	-0.203	-0.139	-0.203	+0.367	+0.384	+0.094	-0.470	-0.236	-0.517	-0.435	-0.431	-0.310	-0.471	+0.139	-0.569	-0.493	-0.715	+0.016	-0.757	-0.500	-0.500	-0.752	-0.327	-0.468	-0.472	-0.771	+0.374	-0.581	-0.598	+0.013	-0.776	+0.003	-0.451	-0.101	-0.451	+0.350	-0.399	-0.399	-0.453	-0.788	-0.785	-0.779	-0.608	-0.619	-0.778	-0.620	-0.778	-0.778	-0.620	-0.620	-0.621	-0.623	-0.780	-0.769	-0.797	-0.801	-0.227	-0.613	-0.702	-0.714	-0.735	-0.728	-0.525	+0.019	-0.258	-0.373	-0.469	-0.247	-0.234	-0.253	+0.579	-0.769	
rs2572681      -0.778	-0.799	-0.297	-0.869	-0.869	-0.868	-0.868	-0.615	-0.077	-0.402	-0.551	-0.810	-0.652	-0.775	-0.569	-0.232	+0.158	-0.070	-0.294	-0.811	+0.050	-0.898	+0.363	+0.321	-0.310	-0.166	+0.222	-0.153	-0.573	-0.267	-0.132	-0.675	-0.676	-0.754	-0.754	-0.568	-0.663	-0.663	-0.676	-0.676	-0.676	-0.676	-0.670	-0.693	-0.675	-0.674	-0.674	-0.673	-0.673	-0.672	-0.562	-0.671	-0.670	-0.670	-0.670	-0.676	-0.676	-0.676	-0.676	-0.675	-0.674	+0.247	-0.674	-0.674	-0.673	-0.510	-0.507	-0.508	-0.513	-0.473	-0.554	-0.485	-0.093	+0.140	+0.140	-0.017	-0.575	+0.029	-0.561	+0.034	+0.235	+0.044	-0.399	-0.420	-0.422	-0.422	-0.411	-0.426	-0.426	-0.595	+0.078	+0.069	+0.060	-0.152	+0.079	+0.128	+0.042	+0.279	-0.064	-0.407	+0.081	-0.374	-0.525	-0.806	+0.033	-0.538	-0.269	-0.408	-0.413	+0.057	-0.608	-0.506	-0.638	-0.313	+0.658	-0.435	+0.040	+0.275	-0.609	-0.323	+0.276	+0.044	+0.246	-0.003	-0.003	-0.251	-0.522	-0.237	-0.174	-0.173	+0.322	+0.339	+0.133	-0.490	-0.269	-0.542	-0.451	-0.448	-0.357	-0.492	+0.184	-0.602	-0.515	-0.747	+0.047	-0.800	-0.445	-0.445	-0.794	-0.375	-0.488	-0.493	-0.819	+0.329	-0.614	-0.632	+0.042	-0.826	+0.032	-0.449	-0.095	-0.450	+0.306	-0.395	-0.395	-0.452	-0.841	-0.851	-0.829	-0.644	-0.659	-0.828	-0.660	-0.828	-0.828	-0.660	-0.661	-0.661	-0.664	-0.831	-0.818	-0.854	-0.858	-0.219	-0.670	-0.766	-0.751	-0.778	-0.770	-0.556	+0.061	-0.245	-0.397	-0.512	-0.233	-0.219	-0.240	+0.532	-0.873	
rs13070197     -0.284	-0.274	-0.135	-0.167	-0.167	-0.167	-0.166	+0.003	-0.023	-0.234	-0.258	-0.201	-0.296	-0.301	-0.232	+0.099	+0.157	-0.164	-0.124	-0.251	+0.058	-0.288	+0.636	+0.602	+0.028	+0.174	+0.534	+0.184	-0.253	-0.100	+0.077	-0.309	-0.310	-0.333	-0.333	-0.240	-0.304	-0.304	-0.310	-0.310	-0.310	-0.310	-0.307	-0.317	-0.309	-0.309	-0.308	-0.308	-0.308	-0.308	-0.236	-0.307	-0.307	-0.307	-0.307	-0.310	-0.310	-0.310	-0.310	-0.309	-0.309	+0.557	-0.308	-0.308	-0.308	-0.211	-0.209	-0.210	-0.200	-0.188	-0.236	-0.196	+0.118	+0.194	+0.194	+0.051	-0.209	+0.084	-0.237	+0.089	+0.564	+0.096	-0.100	-0.002	-0.126	-0.126	-0.119	-0.129	-0.129	-0.237	+0.123	+0.117	+0.111	+0.155	+0.124	+0.183	+0.099	+0.606	+0.242	+0.011	+0.126	+0.035	-0.213	-0.335	+0.093	-0.209	+0.112	+0.010	+0.007	+0.109	-0.166	-0.116	-0.189	+0.041	+0.633	-0.008	+0.098	+0.603	-0.225	+0.055	+0.604	+0.104	+0.582	+0.330	+0.330	+0.070	-0.207	+0.079	+0.082	+0.164	+0.638	+0.652	+0.166	-0.191	+0.048	-0.120	-0.167	-0.165	+0.048	-0.192	+0.201	-0.157	-0.103	-0.281	+0.105	-0.310	-0.172	-0.171	-0.307	+0.036	-0.189	-0.192	-0.320	+0.646	-0.168	-0.184	+0.106	-0.324	+0.099	-0.050	+0.249	-0.051	+0.629	-0.005	-0.005	-0.052	-0.331	-0.364	-0.326	-0.191	-0.197	-0.325	-0.198	-0.325	-0.325	-0.197	-0.198	-0.198	-0.200	-0.326	-0.320	-0.339	-0.342	-0.070	-0.245	-0.305	-0.272	-0.287	-0.281	-0.111	+0.192	+0.000	-0.140	-0.201	+0.008	+0.017	+0.004	+0.558	-0.228	
rs1469805      +0.009	+0.027	+0.099	+0.107	+0.107	+0.108	+0.108	+0.366	+0.183	+0.011	+0.004	+0.129	-0.014	+0.005	+0.158	+0.157	+0.397	+0.066	+0.176	+0.071	+0.267	+0.118	+0.844	+0.812	+0.256	+0.396	+0.747	+0.406	-0.029	+0.082	+0.243	-0.065	-0.066	-0.076	-0.076	-0.019	-0.062	-0.062	-0.066	-0.066	-0.066	-0.066	-0.064	-0.070	-0.065	-0.065	-0.065	-0.065	-0.065	-0.064	-0.017	-0.064	-0.064	-0.064	-0.064	-0.066	-0.066	-0.066	-0.066	-0.065	-0.065	+0.769	-0.065	-0.065	-0.065	+0.003	+0.005	+0.004	+0.013	+0.021	-0.016	+0.015	+0.325	+0.321	+0.321	+0.199	+0.011	+0.227	-0.015	+0.231	+0.779	+0.238	+0.100	+0.234	+0.076	+0.076	+0.082	+0.074	+0.073	-0.013	+0.260	+0.255	+0.251	+0.340	+0.261	+0.314	+0.240	+0.820	+0.421	+0.247	+0.263	+0.270	+0.003	-0.072	+0.236	+0.008	+0.340	+0.247	+0.243	+0.249	+0.080	+0.099	+0.059	+0.268	+0.724	+0.230	+0.240	+0.817	+0.001	+0.281	+0.818	+0.245	+0.797	+0.549	+0.549	+0.260	+0.009	+0.268	+0.260	+0.385	+0.851	+0.865	+0.298	+0.020	+0.239	+0.121	+0.039	+0.041	+0.282	+0.020	+0.328	+0.088	+0.137	-0.024	+0.246	-0.048	+0.056	+0.056	-0.045	+0.271	+0.022	+0.020	-0.056	+0.860	+0.079	+0.064	+0.248	-0.058	+0.242	+0.185	+0.470	+0.184	+0.842	+0.227	+0.228	+0.184	-0.064	-0.101	-0.060	+0.057	+0.053	-0.059	+0.052	-0.059	-0.059	+0.052	+0.052	+0.052	+0.050	-0.060	-0.056	-0.069	-0.071	+0.105	-0.012	-0.059	-0.015	-0.028	-0.023	+0.132	+0.401	+0.224	+0.063	+0.016	+0.232	+0.239	+0.228	+0.751	+0.066	
rs2730316      -0.466	-0.478	-0.264	-0.080	-0.080	-0.079	-0.078	+0.314	-0.154	-0.318	-0.308	+0.014	-0.327	-0.253	-0.070	-0.164	+0.066	-0.054	-0.201	-0.059	-0.057	-0.517	+0.345	+0.312	-0.184	-0.073	+0.239	-0.064	-0.295	-0.071	+0.069	-0.370	-0.372	-0.402	-0.402	-0.289	-0.362	-0.362	-0.372	-0.372	-0.372	-0.372	-0.367	-0.383	-0.371	-0.370	-0.370	-0.370	-0.369	-0.368	-0.285	-0.368	-0.367	-0.367	-0.367	-0.372	-0.372	-0.372	-0.372	-0.370	-0.370	+0.261	-0.370	-0.370	-0.369	-0.267	-0.264	-0.265	-0.260	-0.238	-0.298	-0.248	-0.045	+0.257	+0.257	+0.083	-0.273	+0.120	-0.300	+0.125	+0.259	+0.133	-0.144	-0.237	-0.188	-0.188	-0.179	-0.190	-0.191	-0.298	+0.162	+0.155	+0.149	+0.058	+0.163	+0.243	+0.135	+0.299	+0.111	-0.228	+0.165	-0.206	-0.272	-0.484	+0.128	-0.256	-0.128	-0.229	-0.232	+0.146	-0.363	-0.213	-0.381	-0.179	+0.682	-0.246	+0.133	+0.296	-0.285	-0.139	+0.296	+0.139	+0.273	+0.059	+0.060	-0.046	-0.268	-0.036	+0.019	-0.091	+0.333	+0.347	+0.207	-0.246	-0.061	-0.325	-0.217	-0.215	-0.194	-0.247	+0.247	-0.358	-0.309	-0.449	+0.142	-0.472	-0.323	-0.323	-0.470	-0.206	-0.245	-0.248	-0.480	+0.340	-0.367	-0.377	+0.145	-0.483	+0.136	-0.264	-0.009	-0.264	+0.321	-0.227	-0.227	-0.265	-0.488	-0.481	-0.484	-0.384	-0.391	-0.484	-0.392	-0.484	-0.484	-0.392	-0.392	-0.392	-0.394	-0.485	-0.479	-0.493	-0.494	-0.057	-0.349	-0.420	-0.447	-0.459	-0.454	-0.333	+0.028	-0.169	-0.176	-0.242	-0.162	-0.153	-0.166	+0.407	-0.393	
rs12485975     -0.358	-0.354	-0.171	-0.276	-0.276	-0.275	-0.275	-0.088	-0.053	-0.255	-0.300	-0.268	-0.340	-0.349	-0.294	-0.124	+0.176	-0.201	+0.049	-0.308	+0.025	-0.330	+0.599	+0.567	-0.007	+0.136	+0.496	+0.146	-0.292	-0.130	+0.041	-0.349	-0.350	-0.375	-0.375	-0.279	-0.343	-0.343	-0.350	-0.350	-0.350	-0.350	-0.347	-0.358	-0.349	-0.349	-0.349	-0.349	-0.348	-0.348	-0.276	-0.347	-0.347	-0.347	-0.347	-0.350	-0.350	-0.350	-0.350	-0.349	-0.349	+0.519	-0.349	-0.349	-0.348	-0.249	-0.247	-0.248	-0.239	-0.226	-0.275	-0.234	+0.086	+0.171	+0.172	+0.025	-0.249	+0.059	-0.275	+0.064	+0.526	+0.071	-0.137	-0.040	-0.163	-0.163	-0.156	-0.166	-0.166	-0.276	+0.099	+0.092	+0.086	+0.116	+0.099	+0.159	+0.074	+0.569	+0.202	-0.026	+0.101	-0.002	-0.250	-0.377	+0.068	-0.247	+0.075	-0.027	-0.031	+0.084	-0.205	-0.158	-0.228	+0.004	+0.614	-0.046	+0.073	+0.566	-0.265	+0.020	+0.567	+0.078	+0.545	+0.293	+0.293	+0.031	-0.244	+0.040	+0.046	+0.127	+0.601	+0.616	+0.142	-0.228	+0.008	-0.158	-0.204	-0.201	+0.011	-0.229	+0.178	-0.196	-0.140	-0.321	+0.080	-0.352	-0.207	-0.207	-0.348	-0.001	-0.226	-0.229	-0.362	+0.610	-0.206	-0.223	+0.081	-0.366	+0.074	-0.089	+0.212	-0.089	+0.592	-0.043	-0.043	-0.090	-0.374	-0.407	-0.368	-0.231	-0.236	-0.367	-0.237	-0.367	-0.367	-0.237	-0.237	-0.238	-0.239	-0.369	-0.362	-0.382	-0.385	-0.100	-0.286	-0.347	-0.313	-0.329	-0.323	-0.150	+0.158	-0.037	-0.175	-0.239	-0.028	-0.019	-0.032	+0.526	-0.276	
rs7633591      -0.775	-0.795	-0.312	-0.847	-0.847	-0.847	-0.846	-0.669	-0.179	-0.426	-0.558	-0.819	-0.655	-0.772	-0.811	-0.251	+0.071	-0.059	-0.308	-0.558	+0.068	-0.890	+0.369	+0.324	-0.351	-0.162	+0.225	-0.149	-0.582	-0.288	-0.129	-0.682	-0.683	-0.755	-0.755	-0.563	-0.671	-0.671	-0.683	-0.683	-0.683	-0.683	-0.677	-0.699	-0.682	-0.681	-0.681	-0.681	-0.680	-0.679	-0.558	-0.678	-0.678	-0.677	-0.677	-0.684	-0.683	-0.683	-0.683	-0.682	-0.682	+0.249	-0.681	-0.681	-0.681	-0.526	-0.523	-0.524	-0.527	-0.490	-0.568	-0.502	-0.086	+0.105	+0.106	-0.054	-0.571	-0.009	-0.574	-0.004	+0.237	+0.005	-0.395	-0.417	-0.419	-0.419	-0.408	-0.422	-0.423	-0.601	+0.039	+0.030	+0.022	-0.161	+0.039	+0.095	+0.005	+0.281	-0.062	-0.403	+0.042	-0.371	-0.538	-0.819	-0.004	-0.547	-0.266	-0.405	-0.410	+0.018	-0.604	-0.502	-0.634	-0.350	+0.611	-0.432	+0.002	+0.276	-0.605	-0.319	+0.277	+0.010	+0.247	-0.047	-0.047	-0.260	-0.534	-0.247	-0.171	-0.173	+0.323	+0.340	+0.095	-0.504	-0.268	-0.565	-0.467	-0.464	-0.354	-0.506	+0.141	-0.621	-0.539	-0.762	+0.010	-0.812	-0.487	-0.487	-0.806	-0.372	-0.503	-0.507	-0.829	+0.330	-0.632	-0.628	+0.007	-0.835	-0.003	-0.477	-0.093	-0.478	+0.306	-0.425	-0.425	-0.479	-0.849	-0.851	-0.839	-0.640	-0.674	-0.837	-0.675	-0.837	-0.837	-0.675	-0.676	-0.676	-0.679	-0.840	-0.827	-0.861	-0.865	-0.245	-0.671	-0.765	-0.764	-0.789	-0.782	-0.575	-0.011	-0.293	-0.408	-0.518	-0.282	-0.268	-0.288	+0.542	-0.863	
rs1808759      -0.220	-0.231	-0.040	+0.180	+0.180	+0.181	+0.181	+0.321	+0.012	-0.090	+0.027	+0.101	+0.048	+0.205	+0.050	+0.058	+0.267	-0.057	+0.025	+0.068	+0.244	-0.225	+0.440	+0.410	-0.019	+0.072	+0.344	+0.080	-0.057	+0.137	+0.275	-0.127	-0.128	-0.155	-0.155	-0.051	-0.119	-0.119	-0.128	-0.128	-0.128	-0.128	-0.124	-0.139	-0.127	-0.126	-0.126	-0.126	-0.126	-0.125	-0.047	-0.125	-0.124	-0.124	-0.124	-0.128	-0.128	-0.128	-0.128	-0.127	-0.127	+0.364	-0.126	-0.126	-0.126	-0.033	-0.031	-0.031	-0.025	-0.006	-0.063	-0.016	+0.123	+0.449	+0.449	+0.274	-0.022	+0.308	-0.065	+0.313	+0.363	+0.321	+0.051	-0.059	+0.037	+0.037	+0.045	+0.034	+0.034	-0.084	+0.349	+0.342	+0.336	+0.226	+0.349	+0.395	+0.324	+0.400	+0.299	-0.052	+0.351	-0.035	-0.038	-0.230	+0.317	-0.046	+0.028	-0.052	-0.055	+0.334	-0.151	-0.045	-0.162	-0.013	+0.840	-0.065	+0.321	+0.397	-0.065	+0.035	+0.397	+0.326	+0.376	+0.189	+0.189	+0.157	-0.034	+0.166	+0.232	+0.073	+0.430	+0.443	+0.390	-0.014	+0.139	-0.125	+0.013	+0.016	-0.026	-0.015	+0.428	-0.148	-0.113	-0.205	+0.326	-0.212	-0.100	-0.099	-0.212	-0.034	-0.013	-0.016	-0.213	+0.437	-0.153	-0.160	+0.327	-0.214	+0.319	-0.081	+0.128	-0.081	+0.421	-0.052	-0.052	-0.082	-0.214	-0.248	-0.214	-0.164	-0.168	-0.214	-0.169	-0.214	-0.214	-0.169	-0.169	-0.169	-0.170	-0.214	-0.215	-0.214	-0.213	+0.139	-0.143	-0.200	-0.199	-0.203	-0.201	-0.123	+0.163	+0.009	+0.049	-0.037	+0.015	+0.022	+0.012	+0.503	-0.103	
rs2730327      -0.773	-0.790	-0.507	-0.907	-0.907	-0.907	-0.906	-0.867	-0.340	-0.539	-0.693	-0.910	-0.764	-0.822	-0.898	-0.288	+0.118	-0.517	-0.330	-0.890	-0.225	-0.496	+0.206	+0.170	-0.414	-0.274	+0.089	-0.262	-0.570	-0.277	-0.074	-0.667	-0.668	-0.736	-0.736	-0.544	-0.656	-0.657	-0.668	-0.668	-0.668	-0.668	-0.662	-0.684	-0.667	-0.666	-0.666	-0.666	-0.665	-0.664	-0.539	-0.664	-0.663	-0.663	-0.663	-0.669	-0.669	-0.669	-0.668	-0.667	-0.667	+0.112	-0.666	-0.666	-0.666	-0.539	-0.536	-0.537	-0.541	-0.505	-0.580	-0.517	-0.242	+0.120	+0.121	-0.088	-0.576	-0.044	-0.584	-0.039	+0.110	-0.030	-0.389	-0.478	-0.432	-0.432	-0.421	-0.435	-0.436	-0.607	+0.004	-0.005	-0.013	-0.150	+0.005	+0.095	-0.030	+0.153	-0.056	-0.467	+0.007	-0.439	-0.550	-0.818	-0.038	-0.547	-0.346	-0.468	-0.472	-0.016	-0.652	-0.484	-0.677	-0.408	+0.585	-0.490	-0.032	+0.149	-0.598	-0.369	+0.150	-0.024	+0.125	-0.115	-0.115	-0.266	-0.545	-0.253	-0.184	-0.285	+0.189	+0.204	+0.061	-0.518	-0.263	-0.594	-0.482	-0.479	-0.424	-0.519	+0.106	-0.641	-0.572	-0.775	-0.021	-0.815	-0.568	-0.568	-0.811	-0.439	-0.516	-0.520	-0.829	+0.197	-0.651	-0.671	-0.026	-0.834	-0.036	-0.516	-0.202	-0.517	+0.177	-0.467	-0.467	-0.518	-0.845	-0.822	-0.837	-0.681	-0.686	-0.835	-0.688	-0.835	-0.835	-0.687	-0.688	-0.689	-0.691	-0.838	-0.827	-0.854	-0.858	-0.275	-0.661	-0.749	-0.770	-0.791	-0.784	-0.592	-0.144	-0.381	-0.417	-0.508	-0.371	-0.360	-0.376	+0.293	-0.802	
rs73010279     +0.303	+0.287	+0.363	+0.451	+0.451	+0.452	+0.452	+0.532	+0.459	+0.432	+0.346	+0.397	+0.350	+0.409	+0.363	+0.636	+0.844	+0.345	+0.599	+0.369	+0.440	+0.206	+0.751	+0.684	+0.485	+0.559	+0.649	+0.548	+0.269	+0.476	+0.480	+0.234	+0.234	+0.226	+0.226	+0.272	+0.238	+0.238	+0.234	+0.234	+0.234	+0.234	+0.236	+0.229	+0.234	+0.235	+0.235	+0.235	+0.235	+0.235	+0.274	+0.235	+0.236	+0.236	+0.236	+0.234	+0.234	+0.234	+0.234	+0.234	+0.235	+0.643	+0.235	+0.235	+0.235	+0.281	+0.282	+0.282	+0.287	+0.296	+0.265	+0.291	+0.396	+0.750	+0.750	+0.579	+0.290	+0.609	+0.267	+0.613	+0.606	+0.620	+0.332	+0.601	+0.325	+0.325	+0.330	+0.324	+0.323	+0.259	+0.644	+0.638	+0.633	+0.441	+0.644	+0.674	+0.623	+0.615	+0.494	+0.576	+0.646	+0.547	+0.282	+0.325	+0.617	+0.277	+0.473	+0.571	+0.575	+0.631	+0.608	+0.295	+0.657	+0.433	+1.072	+0.591	+0.620	+0.611	+0.273	+0.384	+0.612	+0.625	+0.599	+0.484	+0.484	+0.397	+0.285	+0.404	+0.454	+0.420	+0.632	+0.640	+0.678	+0.296	+0.387	+0.524	+0.312	+0.314	+0.526	+0.296	+0.714	+0.587	+0.505	+0.642	+0.625	+0.763	+0.294	+0.294	+0.750	+0.531	+0.297	+0.295	+0.814	+0.633	+0.590	+0.624	+0.626	+0.830	+0.620	+0.478	+0.470	+0.478	+0.621	+0.474	+0.474	+0.479	+0.854	+0.243	+0.828	+0.629	+0.657	+0.819	+0.658	+0.819	+0.819	+0.657	+0.658	+0.659	+0.663	+0.828	+0.756	+0.820	+0.841	+0.478	+0.247	+0.239	+0.657	+0.707	+0.687	+0.537	+0.497	+0.406	+0.497	+0.406	+0.410	+0.414	+0.408	+0.729	+0.386	
rs73010283     +0.269	+0.253	+0.329	+0.408	+0.409	+0.409	+0.410	+0.486	+0.430	+0.400	+0.307	+0.352	+0.308	+0.366	+0.321	+0.602	+0.812	+0.312	+0.567	+0.324	+0.410	+0.170	+0.684	+0.713	+0.440	+0.504	+0.612	+0.496	+0.237	+0.446	+0.454	+0.201	+0.200	+0.191	+0.191	+0.240	+0.205	+0.205	+0.200	+0.200	+0.200	+0.200	+0.202	+0.196	+0.201	+0.201	+0.201	+0.201	+0.201	+0.202	+0.242	+0.202	+0.202	+0.202	+0.202	+0.200	+0.200	+0.200	+0.200	+0.201	+0.201	+0.611	+0.201	+0.201	+0.201	+0.250	+0.251	+0.251	+0.256	+0.265	+0.233	+0.260	+0.366	+0.723	+0.723	+0.551	+0.258	+0.582	+0.235	+0.587	+0.579	+0.593	+0.302	+0.538	+0.295	+0.295	+0.300	+0.293	+0.293	+0.226	+0.617	+0.611	+0.606	+0.414	+0.618	+0.649	+0.596	+0.592	+0.468	+0.515	+0.620	+0.491	+0.250	+0.281	+0.590	+0.245	+0.428	+0.512	+0.515	+0.604	+0.545	+0.262	+0.589	+0.390	+1.050	+0.529	+0.593	+0.588	+0.240	+0.348	+0.589	+0.598	+0.575	+0.451	+0.451	+0.369	+0.253	+0.375	+0.427	+0.384	+0.612	+0.621	+0.652	+0.264	+0.358	+0.467	+0.281	+0.283	+0.472	+0.264	+0.688	+0.525	+0.450	+0.578	+0.599	+0.691	+0.257	+0.257	+0.679	+0.477	+0.266	+0.264	+0.740	+0.612	+0.527	+0.560	+0.599	+0.754	+0.593	+0.427	+0.433	+0.427	+0.600	+0.424	+0.424	+0.428	+0.778	+0.204	+0.753	+0.564	+0.589	+0.745	+0.590	+0.744	+0.744	+0.589	+0.590	+0.591	+0.595	+0.753	+0.685	+0.748	+0.768	+0.449	+0.212	+0.203	+0.593	+0.640	+0.622	+0.481	+0.469	+0.374	+0.467	+0.375	+0.378	+0.383	+0.376	+0.707	+0.350	
rs7633313      -0.308	-0.324	-0.174	-0.256	-0.256	-0.256	-0.256	-0.173	-0.040	-0.161	-0.294	-0.284	-0.330	-0.339	-0.310	+0.028	+0.256	-0.184	-0.007	-0.351	-0.019	-0.414	+0.485	+0.440	+0.064	+0.000	+0.342	+0.010	-0.281	-0.046	+0.088	-0.337	-0.338	-0.363	-0.363	-0.255	-0.331	-0.331	-0.338	-0.338	-0.338	-0.338	-0.335	-0.346	-0.337	-0.337	-0.337	-0.337	-0.336	-0.336	-0.251	-0.335	-0.335	-0.335	-0.335	-0.338	-0.338	-0.338	-0.338	-0.337	-0.337	+0.368	-0.337	-0.337	-0.337	-0.257	-0.255	-0.256	-0.252	-0.235	-0.282	-0.243	-0.041	+0.269	+0.270	+0.098	-0.242	+0.133	-0.281	+0.138	+0.338	+0.146	-0.153	-0.192	-0.169	-0.169	-0.161	-0.171	-0.171	-0.292	+0.173	+0.167	+0.161	+0.019	+0.174	+0.222	+0.148	+0.379	+0.119	-0.186	+0.176	-0.170	-0.259	-0.334	+0.142	-0.263	-0.110	-0.187	-0.189	+0.158	-0.243	-0.216	-0.243	-0.095	+0.713	-0.199	+0.146	+0.375	-0.269	-0.129	+0.375	+0.154	+0.345	+0.118	+0.118	-0.051	-0.254	-0.042	+0.050	-0.058	+0.423	+0.441	+0.218	-0.238	-0.068	-0.237	-0.214	-0.212	-0.161	-0.238	+0.255	-0.245	-0.230	-0.145	+0.153	-0.066	-0.268	-0.268	-0.076	-0.170	-0.236	-0.239	-0.034	+0.425	-0.249	-0.246	+0.153	-0.023	+0.146	-0.145	+0.037	-0.145	+0.400	-0.134	-0.134	-0.146	-0.001	-0.391	-0.025	-0.248	-0.248	-0.032	-0.248	-0.033	-0.033	-0.248	-0.248	-0.248	-0.248	-0.026	-0.080	-0.030	-0.014	-0.031	-0.328	-0.366	-0.134	-0.109	-0.122	-0.232	+0.056	-0.111	-0.038	-0.135	-0.104	-0.096	-0.107	+0.413	-0.260	
rs9754600      -0.169	-0.185	-0.060	-0.091	-0.091	-0.090	-0.090	-0.029	+0.091	-0.021	-0.158	-0.141	-0.183	-0.175	-0.166	+0.174	+0.396	-0.073	+0.136	-0.162	+0.072	-0.274	+0.559	+0.504	+0.000	+0.224	+0.409	+0.155	-0.158	+0.074	+0.160	-0.209	-0.210	-0.229	-0.229	-0.153	-0.204	-0.204	-0.210	-0.210	-0.210	-0.210	-0.207	-0.217	-0.209	-0.209	-0.209	-0.209	-0.208	-0.208	-0.150	-0.207	-0.207	-0.207	-0.207	-0.210	-0.210	-0.210	-0.210	-0.209	-0.209	+0.436	-0.209	-0.208	-0.208	-0.138	-0.136	-0.136	-0.132	-0.117	-0.160	-0.124	+0.040	+0.381	+0.381	+0.206	-0.139	+0.240	-0.159	+0.245	+0.396	+0.253	-0.063	-0.063	-0.077	-0.077	-0.071	-0.079	-0.080	-0.172	+0.279	+0.272	+0.267	+0.119	+0.280	+0.322	+0.255	+0.432	+0.188	-0.061	+0.282	-0.051	-0.139	-0.196	+0.249	-0.144	-0.010	-0.062	-0.063	+0.265	-0.012	-0.115	+0.012	-0.022	+0.818	-0.069	+0.253	+0.426	-0.161	-0.032	+0.426	+0.258	+0.396	+0.141	+0.141	+0.056	-0.135	+0.064	+0.126	+0.036	+0.473	+0.491	+0.319	-0.119	+0.013	-0.119	-0.097	-0.095	-0.047	-0.120	+0.358	-0.122	-0.115	-0.011	+0.259	+0.063	-0.152	-0.152	+0.054	-0.053	-0.118	-0.120	+0.096	+0.473	-0.124	-0.007	+0.260	+0.107	+0.252	-0.045	+0.125	-0.045	+0.448	-0.042	-0.042	-0.045	+0.127	-0.252	+0.106	-0.006	-0.120	+0.101	-0.119	+0.100	+0.100	-0.120	-0.120	-0.119	-0.119	+0.107	+0.058	+0.107	+0.122	+0.085	-0.203	-0.233	+0.007	+0.036	+0.025	-0.111	+0.155	+0.009	+0.106	+0.007	+0.016	+0.023	+0.012	+0.470	-0.110	
rs17824177     +0.194	+0.178	+0.256	+0.304	+0.304	+0.305	+0.305	+0.374	+0.366	+0.329	+0.217	+0.251	+0.215	+0.261	+0.222	+0.534	+0.747	+0.239	+0.496	+0.225	+0.344	+0.089	+0.649	+0.612	+0.342	+0.409	+0.625	+0.405	+0.164	+0.379	+0.391	+0.125	+0.125	+0.114	+0.114	+0.167	+0.129	+0.129	+0.125	+0.125	+0.125	+0.125	+0.127	+0.120	+0.125	+0.126	+0.126	+0.126	+0.126	+0.126	+0.170	+0.127	+0.127	+0.127	+0.127	+0.125	+0.125	+0.125	+0.125	+0.125	+0.125	+0.578	+0.126	+0.126	+0.126	+0.177	+0.179	+0.178	+0.184	+0.194	+0.160	+0.188	+0.300	+0.660	+0.660	+0.488	+0.186	+0.519	+0.162	+0.524	+0.537	+0.531	+0.233	+0.429	+0.226	+0.225	+0.231	+0.224	+0.224	+0.152	+0.555	+0.549	+0.544	+0.351	+0.556	+0.588	+0.533	+0.555	+0.408	+0.410	+0.558	+0.391	+0.178	+0.193	+0.528	+0.173	+0.342	+0.407	+0.410	+0.542	+0.434	+0.188	+0.473	+0.306	+0.996	+0.421	+0.531	+0.550	+0.166	+0.273	+0.551	+0.536	+0.533	+0.385	+0.385	+0.304	+0.181	+0.310	+0.363	+0.310	+0.580	+0.591	+0.591	+0.193	+0.293	+0.366	+0.211	+0.213	+0.374	+0.193	+0.628	+0.416	+0.351	+0.465	+0.537	+0.571	+0.179	+0.179	+0.559	+0.378	+0.195	+0.193	+0.617	+0.580	+0.418	+0.445	+0.538	+0.631	+0.531	+0.334	+0.360	+0.334	+0.564	+0.333	+0.333	+0.334	+0.654	+0.120	+0.629	+0.450	+0.474	+0.622	+0.476	+0.621	+0.621	+0.475	+0.475	+0.476	+0.479	+0.630	+0.566	+0.627	+0.645	+0.383	+0.135	+0.122	+0.481	+0.525	+0.508	+0.379	+0.404	+0.303	+0.394	+0.302	+0.307	+0.312	+0.305	+0.654	+0.267	
rs67402363     -0.158	-0.174	-0.051	-0.078	-0.078	-0.077	-0.077	-0.015	+0.100	-0.011	-0.147	-0.128	-0.172	-0.163	-0.153	+0.184	+0.406	-0.064	+0.146	-0.149	+0.080	-0.262	+0.548	+0.496	+0.010	+0.155	+0.405	+0.236	-0.149	+0.082	+0.168	-0.199	-0.200	-0.219	-0.219	-0.144	-0.194	-0.194	-0.200	-0.200	-0.200	-0.200	-0.197	-0.207	-0.199	-0.199	-0.199	-0.199	-0.199	-0.198	-0.141	-0.198	-0.197	-0.197	-0.197	-0.200	-0.200	-0.200	-0.200	-0.199	-0.199	+0.433	-0.199	-0.199	-0.199	-0.129	-0.127	-0.128	-0.123	-0.109	-0.151	-0.116	+0.046	+0.388	+0.388	+0.213	-0.130	+0.247	-0.150	+0.252	+0.394	+0.260	-0.055	-0.053	-0.069	-0.069	-0.062	-0.071	-0.071	-0.163	+0.286	+0.279	+0.274	+0.126	+0.286	+0.328	+0.262	+0.431	+0.194	-0.051	+0.289	-0.042	-0.130	-0.183	+0.256	-0.135	-0.003	-0.052	-0.053	+0.272	+0.006	-0.106	+0.031	-0.012	+0.824	-0.059	+0.260	+0.425	-0.152	-0.024	+0.425	+0.265	+0.396	+0.145	+0.145	+0.063	-0.126	+0.072	+0.133	+0.043	+0.471	+0.489	+0.326	-0.111	+0.020	-0.108	-0.089	-0.087	-0.038	-0.111	+0.364	-0.110	-0.104	+0.008	+0.266	+0.086	-0.143	-0.142	+0.076	-0.044	-0.109	-0.111	+0.120	+0.471	-0.112	+0.011	+0.267	+0.131	+0.259	-0.032	+0.130	-0.033	+0.446	-0.031	-0.031	-0.033	+0.151	-0.240	+0.130	+0.013	-0.107	+0.124	-0.107	+0.124	+0.124	-0.107	-0.107	-0.107	-0.106	+0.130	+0.080	+0.130	+0.145	+0.093	-0.193	-0.222	+0.026	+0.057	+0.046	-0.100	+0.162	+0.018	+0.116	+0.017	+0.024	+0.031	+0.021	+0.475	-0.098	
