## Summary of overall evidence for association with region:
## log10(BF for region) = 14.5816
## p-value for region = NA

## BFs for choosing among multi-SNP models:
## log10(average 1-SNP BF) = 11.4629
## log10(average 2-SNP BF) = 15.0585

## Example posterior probabilities for multi-SNP models, based on default prior: [p(l) propto 0.5^l for l=1,2,...,L]
## posterior probability of 1-SNP = 0.000507215
## posterior probability of 2-SNP = 0.999493

## log10(BF) for single SNP and pair of SNPs:
rs4017074      +0.595	+0.449	+0.581	+0.610	+0.515	+0.734	+0.233	+0.227	+0.350	+0.330	+0.366	+0.230	+0.352	+0.206	+0.235	+0.228	+0.248	+0.243	+0.243	+1.850	+1.868	+0.591	+0.569	+0.565	+1.942	+1.763	+1.815	+2.156	+1.830	+2.048	+2.042	+2.053	+2.101	+2.099	+0.285	+1.574	+1.495	+1.551	+1.549	+0.801	+0.531	+0.780	+0.455	+0.674	+3.339	+0.505	+0.291	+0.481	+0.510	+0.500	+0.510	+1.542	+1.537	+2.298	+0.537	+0.537	+0.479	+1.091	+0.511	+0.512	+1.272	+1.285	+0.467	+1.292	+1.296	+1.301	+1.198	+0.467	+1.328	+0.463	+1.347	+1.373	+0.463	+0.284	+1.391	+0.859	+1.423	+0.818	+0.820	+1.418	+0.805	+2.037	+2.322	+0.318	+1.761	+0.855	+0.572	+0.836	+0.900	+1.693	+0.142	+0.582	+0.131	+1.690	+0.112	+0.133	+0.091	+1.688	+0.138	+0.699	+1.688	+1.533	+1.535	+1.554	+1.526	+1.527	+0.137	+1.601	+0.940	+0.940	+0.093	+1.590	+0.108	+1.260	+2.179	+0.581	+0.365	+5.620	+7.966	+3.849	+10.722	+3.590	+3.216	+3.217	+3.884	+4.006	+10.987	+11.005	+4.057	+1.360	+1.862	+11.434	+4.021	+11.450	+11.472	+11.143	+11.512	+11.471	+4.743	+11.352	+3.520	+11.278	+1.520	+1.788	+4.143	+12.089	+11.397	+3.655	+3.728	+0.773	+11.397	+3.999	+11.444	+4.053	+11.541	+11.450	+11.455	+11.456	+11.457	+3.986	+4.088	+4.066	+11.102	+11.470	+1.349	+11.151	+11.479	+4.319	+11.382	
rs11708304     +0.449	-0.515	+0.142	+0.127	+0.215	-0.127	-0.253	-0.073	-0.186	-0.220	-0.632	-0.060	-0.183	-0.176	-0.035	-0.073	+0.005	-0.020	-0.020	+0.344	+1.250	-0.708	-0.723	-0.726	+0.439	+1.115	+1.173	+0.615	+1.482	+0.526	+0.521	+0.530	+0.569	+0.569	-0.756	+0.438	+0.364	+0.504	+0.499	+0.233	-0.219	-0.404	-0.263	+0.199	+1.744	-0.251	-0.747	-0.282	-0.459	-0.470	-0.459	+0.409	+0.404	+0.804	-0.222	-0.221	-0.497	+0.029	-0.267	-0.265	+0.787	+0.802	-0.512	+0.810	+0.815	+0.821	+0.682	-0.513	+0.852	-0.518	+0.870	+0.904	-0.518	-0.756	+0.880	+0.178	+0.917	+0.129	+0.132	+0.911	+0.111	+0.588	+1.825	-0.475	+1.216	-0.304	-0.531	-0.322	-0.268	+0.174	-0.926	-0.525	-0.958	+0.172	-0.968	-0.933	-0.963	+0.172	-0.930	-0.414	+0.172	+0.048	+0.049	+0.065	+0.042	+0.043	-0.930	+0.102	-0.231	-0.231	-0.960	+0.095	-0.957	-0.082	+0.654	-0.501	-0.738	+5.754	+8.294	+3.471	+11.327	+3.166	+2.682	+2.682	+3.511	+3.645	+11.605	+11.627	+3.704	+0.157	+1.479	+12.152	+3.660	+12.171	+12.195	+11.809	+12.236	+12.194	+4.488	+12.064	+3.032	+11.922	+0.473	+0.762	+3.764	+12.849	+12.115	+3.242	+3.347	-0.359	+12.115	+3.632	+12.164	+3.695	+12.289	+12.170	+12.176	+12.177	+12.178	+3.620	+3.734	+3.710	+11.727	+12.191	+0.137	+11.852	+12.200	+3.991	+12.096	
rs6809513      +0.581	+0.142	+0.349	+0.261	+0.308	+0.219	-0.017	+0.041	+0.166	+0.144	+0.078	+0.046	+0.168	+0.007	+0.056	+0.044	+0.075	+0.066	+0.067	+1.560	+1.654	+0.317	+0.295	+0.290	+1.649	+1.547	+1.599	+1.862	+1.646	+1.754	+1.748	+1.759	+1.809	+1.805	+0.052	+1.323	+1.247	+1.308	+1.306	+0.618	+0.326	+0.521	+0.253	+0.500	+3.038	+0.300	+0.058	+0.275	+0.285	+0.275	+0.285	+1.292	+1.288	+2.010	+0.332	+0.332	+0.253	+0.846	+0.303	+0.305	+1.103	+1.116	+0.241	+1.123	+1.127	+1.132	+1.024	+0.241	+1.160	+0.237	+1.179	+1.205	+0.237	+0.051	+1.218	+0.663	+1.251	+0.621	+0.623	+1.246	+0.607	+1.756	+2.147	+0.110	+1.585	+0.605	+0.331	+0.587	+0.649	+1.401	-0.095	+0.340	-0.108	+1.397	-0.125	-0.104	-0.143	+1.396	-0.099	+0.456	+1.396	+1.242	+1.244	+1.262	+1.235	+1.236	-0.100	+1.308	+0.688	+0.688	-0.141	+1.298	-0.127	+0.987	+1.884	+0.341	+0.123	+5.517	+7.887	+3.651	+10.689	+3.390	+3.010	+3.010	+3.687	+3.808	+10.956	+10.975	+3.860	+1.104	+1.686	+11.423	+3.823	+11.440	+11.462	+11.127	+11.503	+11.461	+4.553	+11.340	+3.316	+11.252	+1.282	+1.545	+3.943	+12.089	+11.386	+3.484	+3.534	+0.528	+11.385	+3.801	+11.433	+3.856	+11.536	+11.439	+11.444	+11.445	+11.447	+3.788	+3.891	+3.869	+11.072	+11.459	+1.093	+11.139	+11.468	+4.122	+11.369	
rs6773891      +0.610	+0.127	+0.261	+0.336	+0.310	+0.200	-0.030	+0.032	+0.157	+0.135	+0.063	+0.037	+0.159	-0.003	+0.048	+0.035	+0.066	+0.058	+0.058	+1.545	+1.644	+0.304	+0.281	+0.277	+1.634	+1.537	+1.589	+1.846	+1.637	+1.738	+1.732	+1.743	+1.793	+1.789	+0.039	+1.309	+1.232	+1.293	+1.291	+0.609	+0.316	+0.508	+0.243	+0.492	+3.021	+0.290	+0.046	+0.265	+0.273	+0.263	+0.273	+1.278	+1.273	+1.995	+0.321	+0.322	+0.241	+0.833	+0.293	+0.294	+1.094	+1.107	+0.229	+1.114	+1.119	+1.124	+1.016	+0.228	+1.151	+0.224	+1.170	+1.197	+0.225	+0.038	+1.209	+0.653	+1.242	+0.611	+0.613	+1.237	+0.597	+1.740	+2.139	+0.099	+1.576	+0.593	+0.319	+0.574	+0.637	+1.386	-0.107	+0.328	-0.121	+1.382	-0.138	-0.116	-0.155	+1.381	-0.112	+0.443	+1.381	+1.228	+1.230	+1.248	+1.221	+1.222	-0.112	+1.293	+0.675	+0.676	-0.153	+1.283	-0.139	+0.973	+1.869	+0.329	+0.110	+5.512	+7.883	+3.641	+10.688	+3.379	+3.000	+3.000	+3.677	+3.798	+10.955	+10.974	+3.850	+1.091	+1.677	+11.423	+3.813	+11.440	+11.463	+11.127	+11.503	+11.462	+4.544	+11.340	+3.306	+11.252	+1.269	+1.533	+3.933	+12.090	+11.386	+3.475	+3.524	+0.515	+11.386	+3.791	+11.434	+3.846	+11.536	+11.440	+11.445	+11.446	+11.447	+3.778	+3.881	+3.859	+11.071	+11.460	+1.079	+11.139	+11.469	+4.112	+11.369	
rs6785365      +0.515	+0.215	+0.308	+0.310	+0.407	+0.337	+0.042	+0.083	+0.209	+0.188	+0.146	+0.087	+0.211	+0.052	+0.096	+0.085	+0.113	+0.105	+0.106	+1.632	+1.703	+0.382	+0.359	+0.355	+1.721	+1.596	+1.648	+1.935	+1.688	+1.826	+1.820	+1.831	+1.881	+1.878	+0.107	+1.386	+1.308	+1.368	+1.366	+0.660	+0.374	+0.583	+0.300	+0.540	+3.113	+0.348	+0.114	+0.323	+0.339	+0.329	+0.339	+1.354	+1.349	+2.081	+0.379	+0.380	+0.307	+0.906	+0.352	+0.353	+1.142	+1.155	+0.295	+1.162	+1.166	+1.171	+1.064	+0.295	+1.198	+0.291	+1.218	+1.244	+0.291	+0.106	+1.257	+0.708	+1.290	+0.666	+0.669	+1.286	+0.653	+1.825	+2.187	+0.158	+1.626	+0.665	+0.388	+0.646	+0.708	+1.471	-0.038	+0.398	-0.051	+1.467	-0.068	-0.047	-0.087	+1.466	-0.043	+0.514	+1.465	+1.312	+1.314	+1.332	+1.305	+1.306	-0.043	+1.378	+0.748	+0.748	-0.085	+1.368	-0.071	+1.052	+1.954	+0.398	+0.181	+5.539	+7.903	+3.698	+10.694	+3.436	+3.058	+3.058	+3.733	+3.855	+10.960	+10.979	+3.906	+1.164	+1.728	+11.422	+3.869	+11.439	+11.461	+11.127	+11.501	+11.460	+4.599	+11.339	+3.364	+11.255	+1.338	+1.603	+3.990	+12.085	+11.385	+3.525	+3.579	+0.586	+11.385	+3.848	+11.432	+3.902	+11.533	+11.438	+11.443	+11.444	+11.446	+3.834	+3.937	+3.915	+11.076	+11.458	+1.153	+11.138	+11.467	+4.169	+11.368	
rs6439422      +0.734	-0.127	+0.219	+0.200	+0.337	+0.131	-0.230	-0.094	+0.017	-0.006	-0.175	-0.087	+0.019	-0.142	-0.073	-0.090	-0.049	-0.061	-0.060	+1.301	+1.498	+0.087	+0.065	+0.061	+1.392	+1.388	+1.441	+1.600	+1.517	+1.494	+1.489	+1.499	+1.548	+1.545	-0.156	+1.093	+1.016	+1.086	+1.083	+0.472	+0.156	+0.292	+0.077	+0.356	+2.796	+0.129	-0.150	+0.103	+0.081	+0.071	+0.081	+1.061	+1.057	+1.753	+0.161	+0.161	+0.049	+0.629	+0.130	+0.132	+0.965	+0.979	+0.036	+0.986	+0.990	+0.996	+0.882	+0.036	+1.023	+0.032	+1.043	+1.070	+0.032	-0.157	+1.075	+0.502	+1.109	+0.459	+0.461	+1.104	+0.445	+1.506	+2.015	-0.068	+1.436	+0.388	+0.120	+0.370	+0.431	+1.151	-0.305	+0.129	-0.321	+1.147	-0.337	-0.314	-0.351	+1.146	-0.309	+0.244	+1.146	+0.996	+0.998	+1.016	+0.989	+0.990	-0.310	+1.060	+0.470	+0.470	-0.349	+1.051	-0.337	+0.754	+1.637	+0.134	-0.090	+5.462	+7.853	+3.499	+10.688	+3.234	+2.848	+2.848	+3.535	+3.657	+10.957	+10.976	+3.709	+0.883	+1.545	+11.433	+3.671	+11.450	+11.473	+11.133	+11.513	+11.472	+4.420	+11.349	+3.157	+11.254	+1.086	+1.358	+3.789	+12.105	+11.395	+3.380	+3.384	+0.314	+11.395	+3.650	+11.444	+3.704	+11.548	+11.450	+11.455	+11.456	+11.457	+3.636	+3.740	+3.717	+11.073	+11.469	+0.871	+11.148	+11.478	+3.972	+11.378	
rs141895420    +0.233	-0.253	-0.017	-0.030	+0.042	-0.230	-0.299	-0.194	-0.187	-0.217	-0.395	-0.184	-0.185	-0.274	-0.162	-0.190	-0.128	-0.147	-0.146	+0.585	+1.478	-0.486	-0.501	-0.504	+0.678	+1.341	+1.400	+0.857	+1.747	+0.767	+0.762	+0.771	+0.809	+0.811	-0.557	+0.757	+0.679	+0.838	+0.832	+0.353	-0.097	-0.117	-0.115	+0.219	+1.972	-0.128	-0.548	-0.157	-0.269	-0.280	-0.269	+0.727	+0.722	+1.035	-0.100	-0.100	-0.306	+0.342	-0.145	-0.143	+0.842	+0.856	-0.321	+0.864	+0.869	+0.875	+0.745	-0.322	+0.904	-0.327	+0.924	+0.955	-0.327	-0.557	+0.923	+0.275	+0.959	+0.228	+0.230	+0.953	+0.211	+0.806	+1.890	-0.337	+1.247	-0.175	-0.381	-0.192	-0.140	+0.404	-0.707	-0.375	-0.746	+0.401	-0.760	-0.717	-0.765	+0.401	-0.712	-0.267	+0.401	+0.275	+0.276	+0.292	+0.269	+0.270	-0.712	+0.330	-0.104	-0.104	-0.762	+0.323	-0.750	+0.129	+0.881	-0.352	-0.529	+5.525	+7.992	+3.181	+10.936	+2.896	+2.468	+2.468	+3.222	+3.345	+11.210	+11.230	+3.399	+0.329	+1.332	+11.723	+3.359	+11.741	+11.764	+11.400	+11.805	+11.763	+4.153	+11.637	+2.798	+11.518	+0.520	+0.983	+3.462	+12.408	+11.686	+3.211	+3.081	-0.185	+11.686	+3.334	+11.734	+3.392	+11.848	+11.740	+11.746	+11.747	+11.748	+3.322	+3.428	+3.405	+11.328	+11.760	+0.312	+11.430	+11.769	+3.665	+11.667	
rs6778062      +0.227	-0.073	+0.041	+0.032	+0.083	-0.094	-0.194	+0.164	-0.047	-0.068	-0.114	+0.068	-0.045	+0.027	+0.067	+0.043	+0.092	+0.068	+0.068	+1.321	+1.383	+0.111	+0.090	+0.085	+1.409	+1.276	+1.326	+1.616	+1.671	+1.510	+1.505	+1.516	+1.568	+1.560	-0.124	+1.098	+1.024	+1.091	+1.088	+0.543	+0.127	+0.308	+0.151	+0.423	+2.779	+0.102	-0.117	+0.078	+0.119	+0.109	+0.119	+1.068	+1.064	+1.768	+0.132	+0.133	+0.086	+0.635	+0.103	+0.105	+0.926	+0.939	+0.074	+0.946	+0.950	+0.956	+0.843	+0.073	+0.983	+0.069	+1.001	+1.029	+0.069	-0.124	+1.031	+0.462	+1.064	+0.420	+0.422	+1.059	+0.406	+1.518	+2.003	-0.051	+1.463	+0.435	+0.215	+0.416	+0.478	+1.159	-0.279	+0.224	-0.307	+1.156	-0.319	-0.286	-0.320	+1.155	-0.283	+0.352	+1.155	+1.007	+1.009	+1.026	+1.000	+1.001	-0.283	+1.071	+0.518	+0.518	-0.317	+1.062	-0.308	+0.771	+1.639	+0.225	-0.059	+5.477	+7.850	+3.682	+10.684	+3.390	+3.014	+3.014	+3.716	+3.841	+10.953	+10.972	+3.893	+0.923	+1.694	+11.433	+3.855	+11.450	+11.472	+11.129	+11.513	+11.471	+4.601	+11.349	+3.347	+11.252	+1.149	+1.191	+3.980	+12.105	+11.395	+3.255	+3.612	+0.352	+11.395	+3.832	+11.443	+3.888	+11.548	+11.449	+11.454	+11.455	+11.457	+3.817	+3.924	+3.901	+11.069	+11.469	+0.911	+11.147	+11.478	+4.163	+11.376	
rs9845697      +0.350	-0.186	+0.166	+0.157	+0.209	+0.017	-0.187	-0.047	+0.185	+0.084	-0.203	-0.040	+0.099	-0.096	-0.026	-0.043	-0.002	-0.014	-0.013	+0.708	+1.150	-0.177	-0.186	-0.187	+0.795	+1.038	+1.088	+0.950	+1.409	+0.872	+0.867	+0.875	+0.916	+0.911	-0.013	+1.758	+1.666	+1.772	+1.769	+0.348	-0.018	+0.499	+0.001	+0.299	+2.080	-0.039	-0.002	-0.058	+0.396	+0.382	+0.396	+1.718	+1.710	+1.168	-0.016	-0.016	+0.345	+1.235	-0.044	-0.043	+0.819	+0.832	+0.325	+0.839	+0.844	+0.849	+0.732	+0.324	+0.876	+0.317	+0.898	+0.923	+0.316	-0.014	+0.906	+0.275	+0.939	+0.236	+0.238	+0.934	+0.223	+0.964	+1.789	-0.068	+1.264	+0.072	-0.079	+0.059	+0.105	+0.516	-0.242	-0.071	-0.284	+0.514	-0.297	-0.252	-0.299	+0.514	-0.247	+0.016	+0.514	+0.408	+0.410	+0.423	+0.404	+0.405	-0.247	+0.455	+0.135	+0.135	-0.297	+0.450	-0.282	+0.302	+0.917	-0.054	-0.086	+5.424	+7.982	+3.335	+11.056	+3.070	+2.708	+2.708	+3.376	+3.492	+11.338	+11.358	+3.543	+0.615	+1.831	+11.731	+3.506	+11.749	+11.772	+11.362	+11.816	+11.771	+4.218	+11.650	+3.008	+11.640	+1.018	+1.053	+3.620	+12.449	+11.690	+3.185	+3.265	+0.162	+11.690	+3.483	+11.742	+3.537	+11.825	+11.748	+11.754	+11.755	+11.756	+3.466	+3.571	+3.549	+11.463	+11.770	+0.599	+11.426	+11.779	+3.802	+11.663	
rs11714566     +0.330	-0.220	+0.144	+0.135	+0.188	-0.006	-0.217	-0.068	+0.084	+0.152	-0.236	-0.061	+0.086	-0.118	-0.046	-0.063	-0.022	-0.034	-0.033	+0.681	+1.137	-0.207	-0.216	-0.217	+0.769	+1.025	+1.075	+0.924	+1.392	+0.846	+0.841	+0.849	+0.890	+0.885	-0.048	+1.707	+1.615	+1.721	+1.718	+0.332	-0.038	+0.459	-0.021	+0.282	+2.054	-0.059	-0.036	-0.079	+0.357	+0.343	+0.357	+1.667	+1.659	+1.141	-0.037	-0.036	+0.307	+1.186	-0.065	-0.064	+0.807	+0.820	+0.287	+0.828	+0.832	+0.838	+0.719	+0.286	+0.865	+0.279	+0.887	+0.912	+0.279	-0.049	+0.894	+0.260	+0.928	+0.220	+0.222	+0.923	+0.207	+0.937	+1.785	-0.095	+1.250	+0.047	-0.106	+0.033	+0.080	+0.491	-0.275	-0.099	-0.317	+0.490	-0.329	-0.285	-0.331	+0.489	-0.280	-0.011	+0.490	+0.383	+0.385	+0.398	+0.379	+0.380	-0.280	+0.430	+0.110	+0.110	-0.329	+0.425	-0.314	+0.277	+0.895	-0.081	-0.118	+5.422	+7.996	+3.317	+11.079	+3.051	+2.687	+2.687	+3.358	+3.474	+11.362	+11.382	+3.525	+0.588	+1.801	+11.752	+3.488	+11.770	+11.793	+11.380	+11.838	+11.792	+4.203	+11.671	+2.988	+11.664	+0.988	+1.029	+3.601	+12.472	+11.711	+3.174	+3.246	+0.134	+11.711	+3.465	+11.763	+3.519	+11.845	+11.770	+11.775	+11.776	+11.778	+3.448	+3.553	+3.531	+11.487	+11.791	+0.572	+11.446	+11.800	+3.784	+11.683	
rs11718777     +0.366	-0.632	+0.078	+0.063	+0.146	-0.175	-0.395	-0.114	-0.203	-0.236	-0.496	-0.100	-0.200	-0.212	-0.075	-0.111	-0.036	-0.061	-0.060	+0.364	+1.300	-0.689	-0.704	-0.706	+0.458	+1.163	+1.221	+0.634	+1.544	+0.545	+0.541	+0.550	+0.588	+0.589	-0.738	+0.499	+0.422	+0.569	+0.563	+0.240	-0.213	-0.364	-0.252	+0.186	+1.759	-0.244	-0.729	-0.274	-0.443	-0.454	-0.443	+0.468	+0.463	+0.821	-0.215	-0.214	-0.480	+0.083	-0.260	-0.259	+0.784	+0.799	-0.496	+0.807	+0.812	+0.818	+0.680	-0.497	+0.849	-0.502	+0.867	+0.900	-0.502	-0.739	+0.874	+0.181	+0.912	+0.133	+0.135	+0.905	+0.115	+0.603	+1.823	-0.465	+1.209	-0.303	-0.526	-0.321	-0.268	+0.192	-0.903	-0.521	-0.937	+0.190	-0.948	-0.911	-0.945	+0.190	-0.907	-0.410	+0.190	+0.066	+0.067	+0.083	+0.060	+0.061	-0.908	+0.120	-0.231	-0.231	-0.942	+0.113	-0.937	-0.066	+0.671	-0.497	-0.720	+5.698	+8.224	+3.412	+11.237	+3.110	+2.632	+2.632	+3.452	+3.585	+11.513	+11.535	+3.643	+0.166	+1.444	+12.055	+3.600	+12.073	+12.097	+11.715	+12.138	+12.096	+4.423	+11.966	+2.980	+11.829	+0.459	+0.796	+3.704	+12.749	+12.017	+3.218	+3.291	-0.349	+12.017	+3.573	+12.066	+3.635	+12.190	+12.072	+12.078	+12.079	+12.080	+3.561	+3.674	+3.650	+11.635	+12.093	+0.146	+11.756	+12.102	+3.929	+11.999	
rs1382701      +0.230	-0.060	+0.046	+0.037	+0.087	-0.087	-0.184	+0.068	-0.040	-0.061	-0.100	+0.175	-0.039	+0.049	+0.077	+0.054	+0.105	+0.077	+0.077	+1.334	+1.389	+0.124	+0.104	+0.100	+1.422	+1.282	+1.332	+1.629	+1.679	+1.524	+1.518	+1.529	+1.581	+1.573	-0.113	+1.107	+1.033	+1.100	+1.097	+0.551	+0.135	+0.319	+0.159	+0.430	+2.791	+0.110	-0.106	+0.086	+0.129	+0.119	+0.129	+1.077	+1.073	+1.779	+0.140	+0.140	+0.097	+0.645	+0.111	+0.112	+0.930	+0.944	+0.084	+0.951	+0.955	+0.960	+0.848	+0.083	+0.988	+0.079	+1.005	+1.034	+0.079	-0.113	+1.036	+0.469	+1.069	+0.427	+0.429	+1.063	+0.413	+1.529	+2.009	-0.042	+1.467	+0.448	+0.228	+0.429	+0.491	+1.173	-0.268	+0.237	-0.297	+1.170	-0.308	-0.276	-0.309	+1.169	-0.272	+0.366	+1.169	+1.020	+1.022	+1.040	+1.013	+1.014	-0.272	+1.085	+0.531	+0.531	-0.306	+1.076	-0.297	+0.780	+1.647	+0.235	-0.049	+5.483	+7.852	+3.694	+10.683	+3.402	+3.027	+3.027	+3.728	+3.853	+10.952	+10.971	+3.905	+0.937	+1.702	+11.431	+3.868	+11.448	+11.471	+11.128	+11.512	+11.470	+4.608	+11.347	+3.360	+11.251	+1.163	+1.199	+3.992	+12.104	+11.394	+3.260	+3.624	+0.365	+11.394	+3.845	+11.442	+3.900	+11.547	+11.448	+11.453	+11.454	+11.455	+3.830	+3.936	+3.913	+11.068	+11.468	+0.926	+11.146	+11.477	+4.175	+11.375	
rs9289449      +0.352	-0.183	+0.168	+0.159	+0.211	+0.019	-0.185	-0.045	+0.099	+0.086	-0.200	-0.039	+0.188	-0.094	-0.025	-0.041	-0.001	-0.012	-0.012	+0.709	+1.150	-0.175	-0.184	-0.185	+0.797	+1.039	+1.088	+0.951	+1.410	+0.873	+0.869	+0.877	+0.917	+0.912	-0.010	+1.764	+1.671	+1.777	+1.774	+0.350	-0.016	+0.502	+0.003	+0.300	+2.081	-0.037	+0.001	-0.057	+0.399	+0.385	+0.399	+1.724	+1.715	+1.169	-0.015	-0.014	+0.349	+1.239	-0.042	-0.041	+0.819	+0.833	+0.328	+0.840	+0.844	+0.850	+0.733	+0.327	+0.877	+0.320	+0.899	+0.924	+0.320	-0.011	+0.907	+0.276	+0.940	+0.237	+0.239	+0.935	+0.224	+0.965	+1.789	-0.066	+1.265	+0.074	-0.077	+0.060	+0.107	+0.517	-0.239	-0.069	-0.281	+0.516	-0.294	-0.249	-0.297	+0.515	-0.244	+0.018	+0.516	+0.410	+0.411	+0.424	+0.406	+0.406	-0.245	+0.457	+0.137	+0.137	-0.294	+0.452	-0.279	+0.304	+0.919	-0.052	-0.083	+5.424	+7.982	+3.336	+11.055	+3.071	+2.709	+2.709	+3.377	+3.494	+11.337	+11.357	+3.544	+0.617	+1.833	+11.730	+3.507	+11.748	+11.771	+11.361	+11.815	+11.770	+4.219	+11.649	+3.010	+11.640	+1.021	+1.054	+3.621	+12.448	+11.689	+3.186	+3.267	+0.164	+11.689	+3.484	+11.741	+3.538	+11.824	+11.748	+11.753	+11.754	+11.756	+3.467	+3.572	+3.550	+11.462	+11.769	+0.601	+11.425	+11.778	+3.803	+11.662	
rs10433415     +0.206	-0.176	+0.007	-0.003	+0.052	-0.142	-0.274	+0.027	-0.096	-0.118	-0.212	+0.049	-0.094	+0.080	+0.107	+0.043	+0.126	+0.094	+0.093	+1.218	+1.321	+0.021	-0.001	-0.005	+1.306	+1.212	+1.263	+1.513	+1.602	+1.407	+1.401	+1.412	+1.466	+1.455	-0.203	+1.005	+0.932	+1.002	+0.999	+0.482	+0.064	+0.217	+0.084	+0.368	+2.672	+0.038	-0.196	+0.014	+0.041	+0.031	+0.041	+0.976	+0.972	+1.665	+0.068	+0.068	+0.008	+0.547	+0.038	+0.039	+0.878	+0.891	-0.005	+0.898	+0.903	+0.908	+0.793	-0.005	+0.936	-0.009	+0.953	+0.983	-0.009	-0.204	+0.981	+0.403	+1.015	+0.360	+0.363	+1.010	+0.346	+1.419	+1.952	-0.119	+1.406	+0.351	+0.132	+0.332	+0.394	+1.061	-0.360	+0.141	-0.388	+1.058	-0.399	-0.367	-0.399	+1.057	-0.363	+0.268	+1.057	+0.908	+0.909	+0.927	+0.901	+0.902	-0.364	+0.971	+0.433	+0.434	-0.397	+0.962	-0.388	+0.675	+1.535	+0.140	-0.142	+5.453	+7.837	+3.612	+10.690	+3.320	+2.942	+2.943	+3.647	+3.772	+10.960	+10.979	+3.824	+0.839	+1.630	+11.447	+3.786	+11.464	+11.486	+11.138	+11.528	+11.485	+4.527	+11.362	+3.276	+11.261	+1.071	+1.118	+3.910	+12.123	+11.409	+3.213	+3.542	+0.270	+11.409	+3.763	+11.457	+3.819	+11.564	+11.463	+11.468	+11.469	+11.471	+3.749	+3.855	+3.832	+11.077	+11.483	+0.826	+11.161	+11.492	+4.094	+11.389	
rs4854733      +0.235	-0.035	+0.056	+0.048	+0.096	-0.073	-0.162	+0.067	-0.026	-0.046	-0.075	+0.077	-0.025	+0.107	+0.199	+0.081	+0.109	+0.097	+0.097	+1.359	+1.398	+0.149	+0.127	+0.123	+1.447	+1.291	+1.342	+1.657	+1.691	+1.549	+1.543	+1.554	+1.609	+1.597	-0.091	+1.132	+1.059	+1.125	+1.122	+0.565	+0.151	+0.343	+0.176	+0.443	+2.819	+0.126	-0.084	+0.102	+0.149	+0.140	+0.150	+1.102	+1.099	+1.805	+0.155	+0.156	+0.118	+0.668	+0.127	+0.128	+0.940	+0.953	+0.105	+0.960	+0.965	+0.970	+0.859	+0.105	+0.997	+0.101	+1.015	+1.043	+0.101	-0.091	+1.045	+0.483	+1.079	+0.441	+0.443	+1.073	+0.427	+1.556	+2.018	-0.025	+1.481	+0.470	+0.251	+0.451	+0.513	+1.202	-0.245	+0.260	-0.273	+1.198	-0.285	-0.252	-0.286	+1.197	-0.249	+0.389	+1.197	+1.046	+1.047	+1.065	+1.039	+1.040	-0.249	+1.110	+0.553	+0.553	-0.283	+1.101	-0.274	+0.804	+1.676	+0.258	-0.025	+5.490	+7.853	+3.716	+10.681	+3.423	+3.049	+3.049	+3.750	+3.875	+10.950	+10.969	+3.927	+0.961	+1.723	+11.427	+3.889	+11.444	+11.466	+11.124	+11.507	+11.465	+4.624	+11.343	+3.383	+11.249	+1.188	+1.216	+4.015	+12.099	+11.389	+3.268	+3.647	+0.388	+11.389	+3.866	+11.437	+3.922	+11.542	+11.443	+11.449	+11.450	+11.451	+3.851	+3.958	+3.935	+11.066	+11.464	+0.949	+11.142	+11.472	+4.198	+11.371	
rs1444600      +0.228	-0.073	+0.044	+0.035	+0.085	-0.090	-0.190	+0.043	-0.043	-0.063	-0.111	+0.054	-0.041	+0.043	+0.081	+0.170	+0.121	+0.106	+0.106	+1.325	+1.377	+0.119	+0.097	+0.093	+1.415	+1.269	+1.320	+1.626	+1.667	+1.517	+1.511	+1.522	+1.577	+1.566	-0.118	+1.101	+1.028	+1.094	+1.091	+0.543	+0.128	+0.314	+0.153	+0.424	+2.788	+0.103	-0.111	+0.080	+0.123	+0.113	+0.123	+1.072	+1.068	+1.774	+0.133	+0.133	+0.091	+0.637	+0.104	+0.106	+0.923	+0.936	+0.078	+0.944	+0.948	+0.953	+0.841	+0.078	+0.981	+0.074	+0.998	+1.027	+0.074	-0.118	+1.029	+0.462	+1.062	+0.420	+0.422	+1.057	+0.406	+1.525	+2.001	-0.049	+1.463	+0.445	+0.224	+0.426	+0.488	+1.173	-0.273	+0.233	-0.301	+1.170	-0.312	-0.280	-0.313	+1.169	-0.276	+0.362	+1.169	+1.017	+1.019	+1.036	+1.010	+1.011	-0.277	+1.082	+0.528	+0.528	-0.311	+1.073	-0.301	+0.777	+1.647	+0.231	-0.053	+5.483	+7.850	+3.695	+10.684	+3.402	+3.027	+3.027	+3.729	+3.854	+10.953	+10.972	+3.906	+0.934	+1.701	+11.432	+3.868	+11.449	+11.472	+11.128	+11.513	+11.471	+4.605	+11.348	+3.360	+11.253	+1.161	+1.192	+3.993	+12.105	+11.395	+3.253	+3.626	+0.361	+11.394	+3.845	+11.443	+3.901	+11.548	+11.449	+11.454	+11.455	+11.456	+3.830	+3.937	+3.914	+11.069	+11.469	+0.922	+11.147	+11.478	+4.177	+11.376	
rs1842155      +0.248	+0.005	+0.075	+0.066	+0.113	-0.049	-0.128	+0.092	-0.002	-0.022	-0.036	+0.105	-0.001	+0.126	+0.109	+0.121	+0.235	+0.125	+0.125	+1.404	+1.424	+0.190	+0.170	+0.166	+1.495	+1.317	+1.367	+1.704	+1.720	+1.597	+1.591	+1.602	+1.656	+1.646	-0.057	+1.168	+1.094	+1.158	+1.155	+0.590	+0.176	+0.382	+0.205	+0.467	+2.868	+0.152	-0.050	+0.129	+0.182	+0.172	+0.182	+1.138	+1.134	+1.851	+0.182	+0.182	+0.150	+0.702	+0.154	+0.155	+0.959	+0.972	+0.137	+0.979	+0.984	+0.989	+0.879	+0.137	+1.016	+0.133	+1.034	+1.062	+0.133	-0.058	+1.066	+0.507	+1.099	+0.465	+0.468	+1.093	+0.451	+1.600	+2.040	+0.004	+1.505	+0.512	+0.290	+0.493	+0.555	+1.251	-0.211	+0.300	-0.239	+1.247	-0.251	-0.219	-0.252	+1.246	-0.214	+0.430	+1.246	+1.097	+1.098	+1.116	+1.089	+1.090	-0.215	+1.161	+0.596	+0.596	-0.250	+1.152	-0.240	+0.849	+1.724	+0.297	+0.010	+5.505	+7.864	+3.750	+10.684	+3.457	+3.085	+3.085	+3.784	+3.909	+10.952	+10.971	+3.962	+1.000	+1.750	+11.427	+3.924	+11.444	+11.466	+11.126	+11.507	+11.465	+4.661	+11.343	+3.418	+11.250	+1.224	+1.248	+4.050	+12.097	+11.389	+3.285	+3.683	+0.425	+11.389	+3.901	+11.437	+3.956	+11.541	+11.443	+11.448	+11.449	+11.451	+3.886	+3.992	+3.969	+11.068	+11.463	+0.989	+11.142	+11.472	+4.232	+11.371	
rs35318210     +0.243	-0.020	+0.066	+0.058	+0.105	-0.061	-0.147	+0.068	-0.014	-0.034	-0.061	+0.077	-0.012	+0.094	+0.097	+0.106	+0.125	+0.216	+0.129	+1.389	+1.406	+0.172	+0.149	+0.145	+1.481	+1.299	+1.350	+1.693	+1.700	+1.584	+1.578	+1.589	+1.645	+1.633	-0.075	+1.152	+1.079	+1.143	+1.140	+0.574	+0.161	+0.363	+0.188	+0.452	+2.862	+0.136	-0.068	+0.113	+0.165	+0.155	+0.165	+1.123	+1.119	+1.840	+0.165	+0.166	+0.133	+0.685	+0.137	+0.139	+0.947	+0.960	+0.120	+0.967	+0.971	+0.977	+0.866	+0.120	+1.004	+0.116	+1.021	+1.050	+0.116	-0.076	+1.053	+0.491	+1.086	+0.450	+0.452	+1.081	+0.436	+1.588	+2.025	-0.015	+1.493	+0.494	+0.272	+0.475	+0.537	+1.236	-0.229	+0.281	-0.258	+1.233	-0.269	-0.237	-0.270	+1.232	-0.233	+0.411	+1.232	+1.079	+1.080	+1.098	+1.072	+1.073	-0.233	+1.144	+0.578	+0.578	-0.268	+1.135	-0.258	+0.832	+1.710	+0.278	-0.009	+5.499	+7.860	+3.739	+10.686	+3.446	+3.072	+3.072	+3.773	+3.898	+10.954	+10.973	+3.951	+0.985	+1.735	+11.430	+3.913	+11.447	+11.469	+11.128	+11.510	+11.468	+4.648	+11.346	+3.406	+11.252	+1.209	+1.232	+4.039	+12.101	+11.392	+3.274	+3.671	+0.409	+11.392	+3.890	+11.440	+3.946	+11.545	+11.446	+11.451	+11.452	+11.454	+3.875	+3.981	+3.958	+11.070	+11.466	+0.974	+11.145	+11.475	+4.222	+11.374	
rs4527377      +0.243	-0.020	+0.067	+0.058	+0.106	-0.060	-0.146	+0.068	-0.013	-0.033	-0.060	+0.077	-0.012	+0.093	+0.097	+0.106	+0.125	+0.129	+0.217	+1.391	+1.406	+0.173	+0.150	+0.146	+1.483	+1.299	+1.350	+1.695	+1.701	+1.586	+1.580	+1.591	+1.647	+1.635	-0.074	+1.154	+1.080	+1.144	+1.142	+0.574	+0.161	+0.364	+0.188	+0.453	+2.864	+0.136	-0.067	+0.113	+0.165	+0.156	+0.166	+1.125	+1.121	+1.842	+0.166	+0.166	+0.134	+0.686	+0.138	+0.139	+0.947	+0.960	+0.121	+0.967	+0.972	+0.977	+0.866	+0.121	+1.004	+0.116	+1.022	+1.050	+0.117	-0.075	+1.053	+0.492	+1.086	+0.450	+0.452	+1.081	+0.436	+1.590	+2.025	-0.014	+1.494	+0.496	+0.273	+0.476	+0.539	+1.238	-0.228	+0.283	-0.257	+1.235	-0.268	-0.236	-0.269	+1.234	-0.232	+0.412	+1.234	+1.081	+1.082	+1.100	+1.074	+1.075	-0.232	+1.146	+0.579	+0.579	-0.267	+1.137	-0.257	+0.834	+1.712	+0.279	-0.008	+5.499	+7.860	+3.741	+10.686	+3.447	+3.074	+3.074	+3.775	+3.900	+10.954	+10.973	+3.952	+0.987	+1.735	+11.430	+3.914	+11.447	+11.470	+11.128	+11.511	+11.469	+4.650	+11.347	+3.408	+11.253	+1.211	+1.233	+4.040	+12.101	+11.393	+3.274	+3.673	+0.411	+11.393	+3.891	+11.441	+3.947	+11.545	+11.447	+11.452	+11.453	+11.454	+3.876	+3.983	+3.960	+11.070	+11.467	+0.976	+11.145	+11.476	+4.223	+11.375	
rs58195246     +1.850	+0.344	+1.560	+1.545	+1.632	+1.301	+0.585	+1.321	+0.708	+0.681	+0.364	+1.334	+0.709	+1.218	+1.359	+1.325	+1.404	+1.389	+1.391	+0.847	+1.560	+0.516	+0.530	+0.533	+0.873	+1.445	+1.491	+1.068	+1.754	+0.955	+0.951	+0.960	+0.967	+0.995	+0.470	+1.253	+1.190	+1.311	+1.306	+1.030	+0.645	+0.682	+0.644	+1.061	+2.043	+0.621	+0.477	+0.598	+0.742	+0.731	+0.742	+1.227	+1.223	+1.112	+0.644	+0.645	+0.704	+0.934	+0.607	+0.608	+1.393	+1.405	+0.688	+1.412	+1.416	+1.422	+1.292	+0.688	+1.448	+0.683	+1.446	+1.493	+0.682	+0.468	+1.457	+0.952	+1.489	+0.912	+0.915	+1.484	+0.899	+0.944	+2.450	+1.218	+1.792	+0.561	+0.414	+0.549	+0.590	+0.729	+0.272	+0.419	+0.252	+0.728	+0.260	+0.274	+0.304	+0.727	+0.273	+0.496	+0.728	+0.647	+0.648	+0.658	+0.644	+0.644	+0.273	+0.684	+0.618	+0.618	+0.309	+0.680	+0.274	+0.615	+1.090	+0.450	+0.540	+6.619	+8.569	+4.161	+11.312	+3.885	+3.495	+3.495	+4.214	+4.330	+11.580	+11.597	+4.382	+1.200	+2.846	+12.336	+4.343	+12.355	+12.377	+12.087	+12.418	+12.376	+5.030	+12.239	+3.805	+11.902	+1.658	+1.858	+4.444	+12.983	+12.302	+4.255	+4.079	+0.831	+12.302	+4.316	+12.347	+4.371	+12.434	+12.353	+12.358	+12.359	+12.360	+4.291	+4.406	+4.384	+11.691	+12.369	+1.176	+12.085	+12.377	+4.641	+12.288	
rs3821508      +1.868	+1.250	+1.654	+1.644	+1.703	+1.498	+1.478	+1.383	+1.150	+1.137	+1.300	+1.389	+1.150	+1.321	+1.398	+1.377	+1.424	+1.406	+1.406	+1.560	+1.598	+1.335	+1.357	+1.361	+1.608	+1.492	+1.507	+1.717	+1.595	+1.660	+1.657	+1.663	+1.706	+1.689	+1.700	+2.333	+2.260	+2.279	+2.279	+1.257	+1.092	+1.240	+1.102	+1.342	+2.683	+1.087	+1.709	+1.084	+2.653	+2.623	+2.653	+2.300	+2.296	+1.949	+1.092	+1.092	+2.551	+1.788	+1.084	+1.085	+1.849	+1.860	+2.508	+1.866	+1.869	+1.874	+1.746	+2.506	+1.896	+2.491	+1.864	+1.934	+2.487	+1.683	+1.973	+1.241	+2.001	+1.220	+1.221	+1.996	+1.213	+1.870	+2.406	+1.246	+2.504	+1.527	+1.331	+1.512	+1.566	+1.380	+1.205	+1.339	+1.147	+1.379	+1.179	+1.223	+1.310	+1.379	+1.215	+1.436	+1.379	+1.315	+1.315	+1.323	+1.312	+1.312	+1.216	+1.344	+1.600	+1.600	+1.318	+1.342	+1.213	+1.276	+1.655	+1.288	+1.306	+6.213	+8.244	+5.671	+11.035	+5.324	+4.973	+4.974	+5.717	+5.846	+11.296	+11.315	+5.901	+2.058	+4.336	+11.889	+5.860	+11.905	+11.928	+11.645	+11.964	+11.927	+6.511	+11.801	+5.340	+11.596	+3.330	+2.086	+6.000	+12.499	+11.856	+4.206	+5.626	+1.631	+11.855	+5.834	+11.899	+5.890	+11.973	+11.905	+11.910	+11.910	+11.912	+5.801	+5.927	+5.903	+11.406	+11.923	+2.027	+11.630	+11.932	+6.200	+11.851	
rs10049438     +0.591	-0.708	+0.317	+0.304	+0.382	+0.087	-0.486	+0.111	-0.177	-0.207	-0.689	+0.124	-0.175	+0.021	+0.149	+0.119	+0.190	+0.172	+0.173	+0.516	+1.335	-0.329	-0.451	-0.451	+0.660	+1.195	+1.263	+0.907	+1.461	+0.783	+0.776	+0.789	+0.812	+0.836	-0.378	+0.639	+0.567	+0.716	+0.710	+0.243	-0.191	-0.360	-0.229	+0.199	+2.103	-0.221	-0.369	-0.250	+0.373	+0.348	+0.373	+0.610	+0.605	+0.982	-0.193	-0.193	+0.275	+0.256	-0.236	-0.235	+0.867	+0.882	+0.232	+0.889	+0.894	+0.900	+0.759	+0.229	+0.930	+0.215	+0.938	+0.980	+0.209	-0.394	+0.945	+0.190	+0.981	+0.142	+0.145	+0.975	+0.125	+0.663	+1.837	-0.271	+1.256	-0.273	-0.480	-0.289	-0.239	+0.454	-0.774	-0.474	-0.799	+0.448	-0.799	-0.776	-0.767	+0.446	-0.775	-0.374	+0.446	+0.265	+0.267	+0.289	+0.257	+0.258	-0.775	+0.342	-0.204	-0.204	-0.762	+0.330	-0.783	+0.020	+1.131	-0.451	-0.572	+5.540	+7.936	+3.189	+10.831	+2.907	+2.491	+2.491	+3.232	+3.352	+11.099	+11.120	+3.405	+0.207	+1.629	+11.511	+3.366	+11.528	+11.550	+11.212	+11.590	+11.549	+4.145	+11.429	+2.816	+11.390	+0.555	+0.772	+3.468	+12.176	+11.474	+3.208	+3.095	-0.263	+11.474	+3.341	+11.522	+3.398	+11.624	+11.528	+11.533	+11.534	+11.535	+3.328	+3.434	+3.411	+11.217	+11.548	+0.184	+11.225	+11.557	+3.667	+11.457	
rs13088006     +0.569	-0.723	+0.295	+0.281	+0.359	+0.065	-0.501	+0.090	-0.186	-0.216	-0.704	+0.104	-0.184	-0.001	+0.127	+0.097	+0.170	+0.149	+0.150	+0.530	+1.357	-0.451	-0.345	-0.457	+0.678	+1.217	+1.286	+0.930	+1.479	+0.803	+0.797	+0.809	+0.832	+0.857	-0.401	+0.620	+0.547	+0.696	+0.690	+0.240	-0.197	-0.373	-0.236	+0.193	+2.129	-0.227	-0.392	-0.255	+0.335	+0.310	+0.335	+0.590	+0.586	+0.998	-0.199	-0.198	+0.238	+0.235	-0.242	-0.240	+0.856	+0.870	+0.196	+0.878	+0.883	+0.889	+0.748	+0.194	+0.919	+0.180	+0.927	+0.969	+0.174	-0.416	+0.935	+0.188	+0.971	+0.140	+0.142	+0.965	+0.122	+0.672	+1.842	-0.287	+1.248	-0.278	-0.487	-0.295	-0.244	+0.480	-0.789	-0.481	-0.814	+0.473	-0.814	-0.790	-0.783	+0.471	-0.790	-0.380	+0.471	+0.285	+0.287	+0.309	+0.277	+0.278	-0.790	+0.365	-0.209	-0.209	-0.778	+0.352	-0.798	+0.029	+1.168	-0.458	-0.586	+5.531	+7.942	+3.185	+10.841	+2.902	+2.485	+2.485	+3.227	+3.348	+11.109	+11.128	+3.401	+0.198	+1.611	+11.514	+3.362	+11.531	+11.553	+11.214	+11.593	+11.552	+4.144	+11.432	+2.810	+11.400	+0.544	+0.763	+3.464	+12.179	+11.476	+3.202	+3.090	-0.274	+11.476	+3.337	+11.524	+3.394	+11.627	+11.530	+11.536	+11.536	+11.538	+3.324	+3.430	+3.407	+11.228	+11.551	+0.176	+11.227	+11.560	+3.663	+11.460	
rs9839682      +0.565	-0.726	+0.290	+0.277	+0.355	+0.061	-0.504	+0.085	-0.187	-0.217	-0.706	+0.100	-0.185	-0.005	+0.123	+0.093	+0.166	+0.145	+0.146	+0.533	+1.361	-0.451	-0.457	-0.348	+0.682	+1.220	+1.290	+0.935	+1.483	+0.808	+0.801	+0.814	+0.837	+0.862	-0.405	+0.616	+0.543	+0.692	+0.686	+0.239	-0.198	-0.375	-0.237	+0.192	+2.134	-0.228	-0.397	-0.257	+0.328	+0.303	+0.328	+0.587	+0.582	+1.002	-0.200	-0.199	+0.232	+0.231	-0.243	-0.241	+0.854	+0.868	+0.190	+0.876	+0.881	+0.887	+0.746	+0.188	+0.917	+0.173	+0.925	+0.967	+0.168	-0.420	+0.933	+0.187	+0.969	+0.139	+0.142	+0.963	+0.122	+0.674	+1.843	-0.290	+1.246	-0.279	-0.488	-0.296	-0.245	+0.485	-0.792	-0.483	-0.817	+0.478	-0.817	-0.793	-0.786	+0.476	-0.793	-0.381	+0.476	+0.289	+0.291	+0.314	+0.281	+0.282	-0.793	+0.370	-0.210	-0.210	-0.781	+0.356	-0.801	+0.030	+1.176	-0.459	-0.589	+5.530	+7.943	+3.184	+10.843	+2.901	+2.483	+2.483	+3.226	+3.347	+11.111	+11.131	+3.400	+0.197	+1.607	+11.515	+3.361	+11.531	+11.553	+11.214	+11.594	+11.553	+4.144	+11.433	+2.809	+11.402	+0.542	+0.761	+3.463	+12.180	+11.477	+3.201	+3.089	-0.276	+11.477	+3.336	+11.525	+3.393	+11.628	+11.531	+11.536	+11.537	+11.539	+3.323	+3.429	+3.406	+11.230	+11.552	+0.174	+11.227	+11.561	+3.663	+11.460	
rs1073196      +1.942	+0.439	+1.649	+1.634	+1.721	+1.392	+0.678	+1.409	+0.795	+0.769	+0.458	+1.422	+0.797	+1.306	+1.447	+1.415	+1.495	+1.481	+1.483	+0.873	+1.608	+0.660	+0.678	+0.682	+0.948	+1.492	+1.538	+1.090	+1.800	+0.997	+0.994	+1.002	+0.998	+1.029	+0.566	+1.330	+1.267	+1.388	+1.383	+1.101	+0.723	+0.772	+0.724	+1.138	+2.022	+0.699	+0.574	+0.677	+0.835	+0.824	+0.835	+1.305	+1.301	+1.136	+0.722	+0.722	+0.797	+1.014	+0.685	+0.686	+1.452	+1.465	+0.781	+1.472	+1.476	+1.481	+1.353	+0.781	+1.507	+0.776	+1.504	+1.551	+0.776	+0.564	+1.515	+1.024	+1.547	+0.985	+0.987	+1.541	+0.972	+0.985	+2.510	+1.349	+1.848	+0.638	+0.496	+0.626	+0.666	+0.789	+0.369	+0.501	+0.350	+0.787	+0.359	+0.371	+0.405	+0.787	+0.370	+0.575	+0.787	+0.711	+0.711	+0.721	+0.708	+0.708	+0.371	+0.745	+0.693	+0.693	+0.411	+0.742	+0.373	+0.683	+1.136	+0.531	+0.638	+6.706	+8.630	+4.231	+11.364	+3.956	+3.569	+3.569	+4.285	+4.400	+11.633	+11.649	+4.452	+1.278	+2.960	+12.406	+4.413	+12.425	+12.448	+12.161	+12.488	+12.447	+5.094	+12.309	+3.877	+11.956	+1.745	+1.945	+4.514	+13.052	+12.372	+4.344	+4.150	+0.922	+12.372	+4.386	+12.417	+4.441	+12.503	+12.423	+12.428	+12.429	+12.430	+4.361	+4.476	+4.454	+11.744	+12.439	+1.254	+12.157	+12.447	+4.710	+12.358	
rs6781238      +1.763	+1.115	+1.547	+1.537	+1.596	+1.388	+1.341	+1.276	+1.038	+1.025	+1.163	+1.282	+1.039	+1.212	+1.291	+1.269	+1.317	+1.299	+1.299	+1.445	+1.492	+1.195	+1.217	+1.220	+1.492	+1.465	+1.467	+1.602	+1.543	+1.545	+1.542	+1.548	+1.591	+1.574	+1.550	+2.207	+2.135	+2.157	+2.156	+1.150	+0.972	+1.121	+0.983	+1.232	+2.568	+0.967	+1.560	+0.963	+2.477	+2.448	+2.477	+2.175	+2.171	+1.830	+0.973	+0.973	+2.377	+1.668	+0.965	+0.965	+1.740	+1.750	+2.336	+1.756	+1.760	+1.764	+1.637	+2.334	+1.787	+2.319	+1.757	+1.825	+2.316	+1.534	+1.861	+1.132	+1.889	+1.110	+1.111	+1.884	+1.103	+1.748	+2.317	+1.126	+2.379	+1.394	+1.200	+1.379	+1.432	+1.267	+1.067	+1.208	+1.011	+1.265	+1.042	+1.084	+1.168	+1.265	+1.076	+1.304	+1.266	+1.199	+1.200	+1.208	+1.197	+1.197	+1.076	+1.230	+1.466	+1.466	+1.176	+1.228	+1.075	+1.158	+1.547	+1.160	+1.174	+6.128	+8.181	+5.540	+10.976	+5.195	+4.845	+4.845	+5.587	+5.716	+11.238	+11.257	+5.771	+1.942	+4.170	+11.821	+5.730	+11.837	+11.859	+11.575	+11.896	+11.859	+6.381	+11.733	+5.212	+11.537	+3.188	+1.977	+5.869	+12.434	+11.787	+4.101	+5.493	+1.510	+11.787	+5.704	+11.831	+5.760	+11.907	+11.836	+11.841	+11.842	+11.843	+5.671	+5.797	+5.773	+11.348	+11.855	+1.911	+11.559	+11.863	+6.068	+11.781	
rs7629752      +1.815	+1.173	+1.599	+1.589	+1.648	+1.441	+1.400	+1.326	+1.088	+1.075	+1.221	+1.332	+1.088	+1.263	+1.342	+1.320	+1.367	+1.350	+1.350	+1.491	+1.507	+1.263	+1.286	+1.290	+1.538	+1.467	+1.524	+1.646	+1.564	+1.590	+1.587	+1.593	+1.636	+1.619	+1.617	+2.263	+2.191	+2.212	+2.212	+1.194	+1.025	+1.173	+1.035	+1.277	+2.608	+1.020	+1.626	+1.017	+2.554	+2.525	+2.555	+2.231	+2.227	+1.874	+1.026	+1.026	+2.454	+1.722	+1.017	+1.018	+1.781	+1.792	+2.412	+1.798	+1.802	+1.806	+1.679	+2.410	+1.828	+2.395	+1.797	+1.866	+2.391	+1.600	+1.903	+1.178	+1.931	+1.155	+1.157	+1.926	+1.149	+1.794	+2.349	+1.178	+2.424	+1.448	+1.254	+1.433	+1.486	+1.313	+1.127	+1.262	+1.071	+1.312	+1.103	+1.145	+1.230	+1.312	+1.137	+1.357	+1.312	+1.247	+1.248	+1.256	+1.245	+1.245	+1.137	+1.277	+1.519	+1.520	+1.238	+1.275	+1.136	+1.207	+1.589	+1.213	+1.232	+6.161	+8.205	+5.604	+10.997	+5.258	+4.909	+4.909	+5.651	+5.779	+11.259	+11.278	+5.835	+1.996	+4.242	+11.846	+5.793	+11.862	+11.884	+11.601	+11.921	+11.884	+6.443	+11.758	+5.276	+11.559	+3.259	+2.024	+5.933	+12.458	+11.812	+4.143	+5.557	+1.566	+11.812	+5.768	+11.856	+5.824	+11.931	+11.861	+11.866	+11.867	+11.868	+5.734	+5.860	+5.836	+11.369	+11.880	+1.965	+11.585	+11.888	+6.132	+11.806	
rs72970169     +2.156	+0.615	+1.862	+1.846	+1.935	+1.600	+0.857	+1.616	+0.950	+0.924	+0.634	+1.629	+0.951	+1.513	+1.657	+1.626	+1.704	+1.693	+1.695	+1.068	+1.717	+0.907	+0.930	+0.935	+1.090	+1.602	+1.646	+1.141	+1.910	+1.093	+1.094	+1.096	+1.086	+1.103	+0.742	+1.483	+1.421	+1.543	+1.538	+1.244	+0.870	+0.944	+0.877	+1.287	+2.021	+0.848	+0.750	+0.826	+1.010	+0.999	+1.010	+1.458	+1.454	+1.208	+0.871	+0.871	+0.971	+1.174	+0.835	+0.836	+1.577	+1.589	+0.956	+1.596	+1.600	+1.605	+1.477	+0.955	+1.630	+0.951	+1.625	+1.674	+0.950	+0.740	+1.636	+1.164	+1.668	+1.126	+1.128	+1.662	+1.114	+1.083	+2.636	+1.575	+1.966	+0.787	+0.652	+0.775	+0.814	+0.915	+0.545	+0.657	+0.527	+0.913	+0.537	+0.548	+0.587	+0.913	+0.546	+0.728	+0.914	+0.844	+0.845	+0.854	+0.841	+0.842	+0.547	+0.876	+0.840	+0.840	+0.592	+0.874	+0.551	+0.824	+1.244	+0.687	+0.821	+6.876	+8.762	+4.388	+11.480	+4.114	+3.730	+3.730	+4.444	+4.558	+11.750	+11.766	+4.610	+1.438	+3.163	+12.554	+4.570	+12.571	+12.593	+12.311	+12.634	+12.592	+5.242	+12.453	+4.037	+12.075	+1.919	+2.115	+4.672	+13.199	+12.518	+4.514	+4.308	+1.094	+12.518	+4.544	+12.563	+4.598	+12.648	+12.568	+12.573	+12.574	+12.576	+4.517	+4.633	+4.611	+11.860	+12.586	+1.414	+12.308	+12.594	+4.868	+12.504	
rs12491777     +1.830	+1.482	+1.646	+1.637	+1.688	+1.517	+1.747	+1.671	+1.409	+1.392	+1.544	+1.679	+1.410	+1.602	+1.691	+1.667	+1.720	+1.700	+1.701	+1.754	+1.595	+1.461	+1.479	+1.483	+1.800	+1.543	+1.564	+1.910	+1.785	+1.853	+1.850	+1.856	+1.901	+1.882	+1.841	+2.331	+2.265	+2.291	+2.290	+1.397	+1.283	+1.391	+1.272	+1.494	+2.888	+1.275	+1.849	+1.266	+2.735	+2.706	+2.735	+2.302	+2.298	+2.148	+1.287	+1.287	+2.636	+1.844	+1.276	+1.277	+2.166	+2.178	+2.596	+2.184	+2.188	+2.192	+2.050	+2.595	+2.216	+2.581	+2.171	+2.256	+2.578	+1.823	+2.298	+1.490	+2.328	+1.465	+1.466	+2.324	+1.458	+2.079	+2.650	+1.468	+2.904	+1.860	+1.560	+1.843	+1.905	+1.579	+1.466	+1.570	+1.343	+1.577	+1.378	+1.489	+1.613	+1.577	+1.479	+1.661	+1.578	+1.511	+1.511	+1.519	+1.508	+1.509	+1.479	+1.541	+1.941	+1.941	+1.622	+1.539	+1.487	+1.471	+1.861	+1.509	+1.478	+6.421	+8.482	+5.790	+11.263	+5.503	+5.126	+5.126	+5.834	+5.964	+11.524	+11.543	+6.019	+2.383	+4.033	+12.137	+5.978	+12.153	+12.176	+11.877	+12.212	+12.175	+6.723	+12.049	+5.433	+11.826	+3.470	+2.417	+6.127	+12.747	+12.105	+4.498	+5.621	+1.924	+12.105	+5.954	+12.147	+6.009	+12.212	+12.153	+12.158	+12.159	+12.160	+5.920	+6.046	+6.022	+11.634	+12.172	+2.349	+11.881	+12.180	+6.317	+12.102	
rs4854586      +2.048	+0.526	+1.754	+1.738	+1.826	+1.494	+0.767	+1.510	+0.872	+0.846	+0.545	+1.524	+0.873	+1.407	+1.549	+1.517	+1.597	+1.584	+1.586	+0.955	+1.660	+0.783	+0.803	+0.808	+0.997	+1.545	+1.590	+1.093	+1.853	+1.043	+1.031	+1.036	+1.033	+1.054	+0.653	+1.406	+1.344	+1.465	+1.460	+1.171	+0.795	+0.857	+0.799	+1.211	+2.018	+0.772	+0.661	+0.750	+0.922	+0.911	+0.922	+1.381	+1.377	+1.169	+0.795	+0.795	+0.884	+1.093	+0.759	+0.760	+1.513	+1.526	+0.868	+1.532	+1.536	+1.541	+1.414	+0.868	+1.567	+0.863	+1.564	+1.611	+0.862	+0.651	+1.574	+1.092	+1.605	+1.054	+1.056	+1.600	+1.041	+1.032	+2.571	+1.459	+1.906	+0.711	+0.573	+0.699	+0.739	+0.850	+0.456	+0.578	+0.437	+0.849	+0.447	+0.459	+0.495	+0.849	+0.457	+0.650	+0.849	+0.776	+0.776	+0.785	+0.773	+0.773	+0.458	+0.809	+0.765	+0.765	+0.501	+0.806	+0.461	+0.752	+1.188	+0.608	+0.728	+6.792	+8.693	+4.309	+11.421	+4.034	+3.648	+3.648	+4.363	+4.478	+11.690	+11.706	+4.530	+1.357	+3.063	+12.478	+4.491	+12.497	+12.520	+12.235	+12.560	+12.519	+5.167	+12.380	+3.956	+12.014	+1.832	+2.028	+4.592	+13.123	+12.444	+4.429	+4.229	+1.007	+12.444	+4.465	+12.489	+4.519	+12.574	+12.495	+12.500	+12.501	+12.502	+4.438	+4.554	+4.532	+11.800	+12.510	+1.333	+12.231	+12.519	+4.789	+12.430	
rs4854735      +2.042	+0.521	+1.748	+1.732	+1.820	+1.489	+0.762	+1.505	+0.867	+0.841	+0.541	+1.518	+0.869	+1.401	+1.543	+1.511	+1.591	+1.578	+1.580	+0.951	+1.657	+0.776	+0.797	+0.801	+0.994	+1.542	+1.587	+1.094	+1.850	+1.031	+1.038	+1.035	+1.031	+1.054	+0.648	+1.401	+1.339	+1.460	+1.455	+1.167	+0.791	+0.852	+0.795	+1.207	+2.018	+0.768	+0.656	+0.746	+0.917	+0.906	+0.917	+1.376	+1.372	+1.167	+0.791	+0.791	+0.879	+1.089	+0.754	+0.756	+1.509	+1.522	+0.863	+1.529	+1.533	+1.538	+1.410	+0.863	+1.564	+0.858	+1.560	+1.607	+0.857	+0.646	+1.570	+1.089	+1.602	+1.050	+1.052	+1.596	+1.037	+1.029	+2.568	+1.454	+1.903	+0.707	+0.569	+0.695	+0.734	+0.846	+0.451	+0.573	+0.433	+0.845	+0.442	+0.454	+0.490	+0.845	+0.453	+0.646	+0.845	+0.772	+0.772	+0.781	+0.769	+0.769	+0.453	+0.805	+0.761	+0.761	+0.496	+0.802	+0.456	+0.748	+1.185	+0.603	+0.723	+6.789	+8.690	+4.305	+11.419	+4.031	+3.645	+3.645	+4.360	+4.475	+11.688	+11.705	+4.527	+1.353	+3.057	+12.477	+4.488	+12.495	+12.518	+12.233	+12.558	+12.517	+5.164	+12.378	+3.953	+12.013	+1.828	+2.025	+4.589	+13.122	+12.443	+4.424	+4.225	+1.003	+12.442	+4.461	+12.488	+4.515	+12.573	+12.493	+12.498	+12.499	+12.500	+4.435	+4.551	+4.529	+11.799	+12.509	+1.329	+12.229	+12.517	+4.785	+12.429	
rs59804735     +2.053	+0.530	+1.759	+1.743	+1.831	+1.499	+0.771	+1.516	+0.875	+0.849	+0.550	+1.529	+0.877	+1.412	+1.554	+1.522	+1.602	+1.589	+1.591	+0.960	+1.663	+0.789	+0.809	+0.814	+1.002	+1.548	+1.593	+1.096	+1.856	+1.036	+1.035	+1.048	+1.036	+1.059	+0.657	+1.409	+1.347	+1.468	+1.463	+1.174	+0.799	+0.861	+0.802	+1.214	+2.019	+0.776	+0.665	+0.754	+0.926	+0.915	+0.926	+1.384	+1.380	+1.170	+0.798	+0.799	+0.888	+1.097	+0.762	+0.763	+1.516	+1.528	+0.872	+1.535	+1.539	+1.544	+1.416	+0.872	+1.570	+0.867	+1.566	+1.613	+0.866	+0.655	+1.576	+1.096	+1.608	+1.057	+1.059	+1.602	+1.044	+1.033	+2.574	+1.466	+1.909	+0.714	+0.576	+0.702	+0.742	+0.853	+0.461	+0.581	+0.442	+0.851	+0.452	+0.463	+0.500	+0.851	+0.462	+0.653	+0.852	+0.778	+0.779	+0.788	+0.775	+0.776	+0.462	+0.811	+0.768	+0.768	+0.505	+0.809	+0.466	+0.755	+1.190	+0.611	+0.733	+6.797	+8.696	+4.313	+11.424	+4.039	+3.653	+3.653	+4.368	+4.483	+11.694	+11.710	+4.535	+1.361	+3.067	+12.484	+4.496	+12.503	+12.525	+12.240	+12.565	+12.524	+5.171	+12.385	+3.961	+12.018	+1.837	+2.033	+4.597	+13.129	+12.450	+4.432	+4.233	+1.012	+12.450	+4.469	+12.495	+4.523	+12.580	+12.500	+12.505	+12.506	+12.508	+4.443	+4.559	+4.537	+11.804	+12.516	+1.337	+12.236	+12.524	+4.793	+12.436	
