## Summary of overall evidence for association with region:
## log10(BF for region) = 11.6498
## p-value for region = NA

## BFs for choosing among multi-SNP models:
## log10(average 1-SNP BF) = 10.5407
## log10(average 2-SNP BF) = 12.1038

## Example posterior probabilities for multi-SNP models, based on default prior: [p(l) propto 0.5^l for l=1,2,...,L]
## posterior probability of 1-SNP = 0.0518506
## posterior probability of 2-SNP = 0.948149

## log10(BF) for single SNP and pair of SNPs:
rs28533841     -0.531	-0.782	-0.763	-0.785	-0.840	-0.841	-0.901	-0.824	-0.916	-0.913	-0.928	-0.949	-0.818	-0.984	-0.936	-0.940	-0.845	-0.845	-0.823	-0.720	-0.773	-0.558	-0.584	-0.640	-0.548	+0.081	-0.108	-0.066	-0.066	-0.091	-0.081	-0.081	-0.088	-0.109	-0.085	-0.593	-0.591	-0.547	-0.549	-0.604	-0.539	-0.533	+0.198	-0.599	+0.581	+0.587	+1.020	+2.258	+0.561	+2.394	+2.249	+0.603	+2.397	-0.769	+2.694	+1.550	+1.401	+1.391	+1.743	+1.643	-0.539	+1.645	-1.024	+0.467	-0.931	-0.586	-0.979	-0.630	-1.024	-1.024	-1.011	-1.012	-1.000	-1.012	+0.505	-0.960	-1.024	-0.961	-1.023	-0.972	-0.399	-0.492	+0.747	+3.151	+0.713	+3.216	+3.221	+3.229	+0.728	-0.616	+0.729	+1.766	+6.840	-0.494	-0.499	-0.469	+3.500	+3.485	+9.286	+3.486	+9.287	+9.286	+3.491	+9.286	+3.498	+9.721	+9.730	+3.498	+9.256	-0.284	+9.746	+3.463	+9.721	+9.722	-0.471	+6.954	+9.724	+9.724	+9.724	+9.724	+9.724	+9.725	+9.722	+9.725	+9.791	+9.724	+9.724	-0.264	-0.290	+9.723	+9.723	-0.569	+9.723	-0.584	+9.721	+9.721	+9.722	+9.724	-0.267	-0.567	+9.730	+9.730	+6.924	-0.743	-0.277	-0.262	-0.276	+9.750	+9.748	+9.749	+9.752	+3.489	+0.400	+0.400	+8.999	+9.000	+9.745	-0.253	+9.750	-0.244	+9.760	+3.399	+9.732	+3.714	+9.669	+9.648	+0.724	-0.514	+0.062	+3.799	-0.976	+10.016	-0.595	-0.560	+2.746	+1.982	+2.206	+10.989	-0.870	+2.229	-0.558	-0.784	-0.877	+11.070	-0.876	-0.783	+11.098	+11.165	+11.164	+1.560	-0.731	+10.892	-0.761	+10.958	
rs11637735     -0.782	-0.639	-0.858	-0.881	-0.935	-0.924	-0.988	-0.919	-1.004	-1.000	-1.016	-1.039	-0.902	-1.082	-1.025	-1.029	-0.940	-0.940	-0.919	-0.815	-0.887	-0.687	-0.711	-0.747	-0.677	-0.016	-0.243	-0.200	-0.200	-0.226	-0.216	-0.217	-0.223	-0.245	-0.220	-0.720	-0.718	-0.677	-0.679	-0.730	-0.669	-0.663	+0.062	-0.705	+0.456	+0.462	+0.874	+2.162	+0.422	+2.298	+2.154	+0.464	+2.302	-0.874	+2.600	+1.456	+1.308	+1.296	+1.651	+1.550	-0.625	+1.552	-1.129	+0.393	-1.026	-0.675	-1.076	-0.720	-1.129	-1.129	-1.118	-1.120	-1.099	-1.120	+0.431	-1.056	-1.129	-1.056	-1.129	-1.069	-0.509	-0.583	+0.681	+3.110	+0.646	+3.175	+3.180	+3.188	+0.662	-0.710	+0.663	+1.728	+6.744	-0.586	-0.590	-0.560	+3.460	+3.444	+9.150	+3.445	+9.150	+9.150	+3.450	+9.149	+3.458	+9.592	+9.602	+3.458	+9.118	-0.382	+9.618	+3.422	+9.593	+9.594	-0.562	+6.860	+9.595	+9.595	+9.595	+9.596	+9.595	+9.596	+9.594	+9.597	+9.662	+9.596	+9.596	-0.362	-0.388	+9.595	+9.594	-0.663	+9.594	-0.677	+9.593	+9.593	+9.594	+9.596	-0.365	-0.660	+9.602	+9.602	+6.829	-0.847	-0.375	-0.360	-0.374	+9.622	+9.619	+9.620	+9.624	+3.448	+0.306	+0.306	+8.865	+8.865	+9.617	-0.351	+9.622	-0.342	+9.633	+3.361	+9.605	+3.677	+9.542	+9.522	+0.658	-0.605	-0.036	+3.762	-1.071	+9.894	-0.691	-0.657	+2.707	+1.946	+2.174	+10.848	-0.991	+2.197	-0.646	-0.879	-0.997	+10.929	-0.997	-0.877	+10.957	+11.024	+11.023	+1.495	-0.824	+10.752	-0.855	+10.820	
rs55698458     -0.763	-0.858	-0.365	-0.545	-0.559	-0.732	-0.779	-0.571	-0.786	-0.785	-0.790	-0.796	-0.707	-0.687	-0.792	-0.793	-0.567	-0.567	-0.580	-0.549	-0.685	-0.384	-0.411	-0.408	-0.374	+0.053	+0.091	+0.135	+0.135	+0.110	+0.120	+0.119	+0.111	+0.089	+0.114	-0.421	-0.420	-0.375	-0.377	-0.430	-0.367	-0.361	+0.438	-0.500	+0.623	+0.628	+0.930	+2.264	+0.491	+2.398	+2.257	+0.529	+2.401	-0.579	+2.694	+1.565	+1.433	+1.418	+1.768	+1.669	-0.356	+1.671	-0.860	+0.713	-0.801	-0.446	-0.832	-0.489	-0.860	-0.860	-0.845	-0.844	-0.847	-0.844	+0.750	-0.816	-0.859	-0.816	-0.858	-0.826	-0.084	-0.368	+0.861	+3.190	+0.828	+3.253	+3.258	+3.266	+0.843	-0.483	+0.845	+1.826	+6.881	-0.367	-0.371	-0.342	+3.533	+3.518	+9.454	+3.519	+9.454	+9.454	+3.523	+9.454	+3.531	+9.870	+9.877	+3.531	+9.382	-0.160	+9.895	+3.495	+9.871	+9.872	-0.344	+6.991	+9.873	+9.873	+9.874	+9.874	+9.874	+9.875	+9.872	+9.875	+9.941	+9.874	+9.874	-0.141	-0.166	+9.872	+9.872	-0.438	+9.872	-0.452	+9.870	+9.870	+9.871	+9.873	-0.144	-0.436	+9.878	+9.878	+6.962	-0.539	-0.154	-0.139	-0.153	+9.897	+9.894	+9.895	+9.898	+3.521	+0.477	+0.477	+9.145	+9.146	+9.891	-0.130	+9.895	-0.121	+9.902	+3.431	+9.870	+3.742	+9.799	+9.777	+0.832	-0.413	+0.178	+3.825	-0.831	+10.150	-0.473	-0.440	+2.767	+2.008	+2.230	+11.015	-0.669	+2.253	-0.447	-0.650	-0.677	+11.095	-0.676	-0.649	+11.121	+11.188	+11.187	+1.638	-0.599	+10.913	-0.628	+10.980	
rs16970715     -0.785	-0.881	-0.545	-0.389	-0.553	-0.749	-0.799	-0.569	-0.806	-0.805	-0.811	-0.817	-0.720	-0.717	-0.814	-0.814	-0.566	-0.566	-0.581	-0.539	-0.705	-0.409	-0.435	-0.433	-0.399	+0.040	+0.066	+0.110	+0.110	+0.085	+0.095	+0.094	+0.086	+0.064	+0.089	-0.446	-0.444	-0.400	-0.402	-0.455	-0.392	-0.386	+0.412	-0.521	+0.605	+0.611	+0.916	+2.256	+0.476	+2.391	+2.249	+0.514	+2.394	-0.603	+2.686	+1.555	+1.422	+1.407	+1.758	+1.659	-0.373	+1.660	-0.884	+0.692	-0.822	-0.464	-0.854	-0.508	-0.884	-0.884	-0.869	-0.869	-0.869	-0.868	+0.729	-0.837	-0.883	-0.838	-0.882	-0.848	-0.112	-0.385	+0.839	+3.178	+0.805	+3.241	+3.246	+3.254	+0.821	-0.501	+0.823	+1.815	+6.869	-0.384	-0.388	-0.359	+3.521	+3.506	+9.420	+3.507	+9.421	+9.421	+3.512	+9.420	+3.519	+9.837	+9.844	+3.519	+9.349	-0.179	+9.863	+3.483	+9.838	+9.839	-0.361	+6.979	+9.841	+9.840	+9.841	+9.841	+9.841	+9.842	+9.840	+9.842	+9.908	+9.841	+9.841	-0.160	-0.185	+9.840	+9.839	-0.456	+9.839	-0.470	+9.837	+9.837	+9.839	+9.840	-0.162	-0.454	+9.846	+9.846	+6.949	-0.565	-0.172	-0.158	-0.171	+9.865	+9.862	+9.863	+9.866	+3.509	+0.459	+0.459	+9.112	+9.112	+9.858	-0.149	+9.862	-0.139	+9.870	+3.420	+9.838	+3.730	+9.766	+9.744	+0.810	-0.429	+0.160	+3.814	-0.853	+10.118	-0.492	-0.459	+2.755	+1.998	+2.221	+10.986	-0.698	+2.243	-0.464	-0.669	-0.705	+11.065	-0.704	-0.668	+11.091	+11.158	+11.158	+1.616	-0.618	+10.884	-0.647	+10.951	
rs1879649      -0.840	-0.935	-0.559	-0.553	-0.445	-0.779	-0.838	-0.565	-0.847	-0.845	-0.853	-0.862	-0.743	-0.779	-0.857	-0.858	-0.596	-0.596	-0.598	-0.497	-0.753	-0.468	-0.494	-0.494	-0.458	+0.019	+0.002	+0.045	+0.046	+0.020	+0.030	+0.029	+0.021	-0.001	+0.025	-0.505	-0.503	-0.459	-0.461	-0.514	-0.451	-0.445	+0.342	-0.569	+0.557	+0.563	+0.886	+2.218	+0.444	+2.353	+2.211	+0.483	+2.356	-0.660	+2.650	+1.518	+1.382	+1.368	+1.719	+1.620	-0.429	+1.622	-0.939	+0.630	-0.871	-0.515	-0.906	-0.559	-0.939	-0.939	-0.925	-0.924	-0.922	-0.924	+0.667	-0.889	-0.938	-0.889	-0.937	-0.900	-0.182	-0.434	+0.791	+3.148	+0.758	+3.212	+3.217	+3.224	+0.774	-0.551	+0.775	+1.780	+6.822	-0.433	-0.438	-0.409	+3.493	+3.477	+9.336	+3.478	+9.337	+9.337	+3.483	+9.336	+3.490	+9.758	+9.766	+3.491	+9.272	-0.228	+9.783	+3.455	+9.759	+9.760	-0.411	+6.932	+9.761	+9.761	+9.761	+9.762	+9.762	+9.763	+9.760	+9.763	+9.829	+9.762	+9.761	-0.210	-0.235	+9.760	+9.760	-0.506	+9.760	-0.520	+9.758	+9.758	+9.759	+9.761	-0.212	-0.504	+9.766	+9.766	+6.903	-0.624	-0.222	-0.207	-0.221	+9.785	+9.783	+9.783	+9.787	+3.481	+0.412	+0.412	+9.034	+9.035	+9.779	-0.198	+9.783	-0.189	+9.791	+3.392	+9.759	+3.704	+9.689	+9.667	+0.763	-0.475	+0.111	+3.788	-0.904	+10.043	-0.539	-0.506	+2.734	+1.975	+2.199	+10.938	-0.759	+2.222	-0.512	-0.719	-0.766	+11.018	-0.765	-0.718	+11.044	+11.111	+11.110	+1.577	-0.667	+10.837	-0.696	+10.904	
rs1821445      -0.841	-0.924	-0.732	-0.749	-0.779	-0.432	-0.728	-0.770	-0.729	-0.729	-0.728	-0.722	-0.667	-0.827	-0.727	-0.725	-0.782	-0.782	-0.770	-0.699	-0.757	-0.431	-0.458	-0.440	-0.420	+0.039	+0.059	+0.103	+0.103	+0.077	+0.088	+0.087	+0.079	+0.056	+0.082	-0.468	-0.466	-0.420	-0.423	-0.477	-0.412	-0.405	+0.420	-0.448	+0.514	+0.520	+0.968	+2.219	+0.517	+2.354	+2.212	+0.556	+2.357	-0.629	+2.650	+1.520	+1.380	+1.371	+1.716	+1.617	-0.458	+1.619	-0.916	+0.718	-0.836	-0.517	-0.876	-0.559	-0.915	-0.914	-0.902	-0.896	-0.896	-0.896	+0.756	-0.856	-0.914	-0.857	-0.913	-0.869	-0.235	-0.435	+0.751	+3.240	+0.718	+3.304	+3.309	+3.317	+0.733	-0.549	+0.734	+1.741	+7.188	-0.434	-0.438	-0.409	+3.586	+3.571	+9.296	+3.572	+9.297	+9.296	+3.577	+9.296	+3.584	+9.713	+9.721	+3.585	+9.225	-0.114	+9.738	+3.548	+9.714	+9.715	-0.411	+7.296	+9.716	+9.716	+9.717	+9.717	+9.717	+9.718	+9.715	+9.718	+9.783	+9.717	+9.716	-0.094	-0.121	+9.715	+9.715	-0.504	+9.715	-0.518	+9.713	+9.713	+9.714	+9.716	-0.096	-0.502	+9.721	+9.721	+7.265	-0.617	-0.107	-0.091	-0.106	+9.740	+9.737	+9.738	+9.741	+3.574	+0.391	+0.390	+9.002	+9.002	+9.734	-0.082	+9.738	-0.071	+9.746	+3.479	+9.715	+3.791	+9.644	+9.622	+0.725	-0.470	+0.251	+3.875	-0.878	+10.024	-0.452	-0.415	+2.813	+1.950	+2.175	+10.922	-0.714	+2.198	-0.507	-0.710	-0.722	+11.003	-0.721	-0.709	+11.029	+11.096	+11.095	+1.538	-0.659	+10.823	-0.688	+10.891	
rs72735099     -0.901	-0.988	-0.779	-0.799	-0.838	-0.728	-0.499	-0.826	-0.637	-0.643	-0.635	-0.608	-0.752	-0.843	-0.639	-0.631	-0.842	-0.842	-0.827	-0.742	-0.809	-0.493	-0.520	-0.510	-0.481	+0.013	+0.004	+0.048	+0.048	+0.021	+0.032	+0.031	+0.024	-0.001	+0.028	-0.531	-0.529	-0.483	-0.484	-0.539	-0.474	-0.467	+0.310	-0.487	+0.480	+0.486	+0.925	+2.186	+0.475	+2.321	+2.179	+0.515	+2.325	-0.696	+2.619	+1.487	+1.348	+1.340	+1.687	+1.588	-0.515	+1.589	-0.979	+0.562	-0.906	-0.575	-0.947	-0.618	-0.978	-0.978	-0.965	-0.960	-0.966	-0.960	+0.600	-0.929	-0.977	-0.929	-0.976	-0.941	-0.318	-0.483	+0.708	+3.177	+0.675	+3.241	+3.246	+3.254	+0.690	-0.599	+0.692	+1.726	+7.131	-0.481	-0.485	-0.456	+3.526	+3.510	+9.294	+3.511	+9.294	+9.294	+3.516	+9.294	+3.524	+9.706	+9.714	+3.524	+9.216	-0.188	+9.732	+3.488	+9.707	+9.708	-0.457	+7.246	+9.710	+9.710	+9.710	+9.710	+9.710	+9.711	+9.709	+9.711	+9.777	+9.710	+9.710	-0.168	-0.194	+9.709	+9.708	-0.552	+9.708	-0.567	+9.707	+9.707	+9.708	+9.710	-0.170	-0.550	+9.715	+9.715	+7.215	-0.691	-0.181	-0.165	-0.180	+9.734	+9.732	+9.732	+9.736	+3.513	+0.340	+0.340	+9.007	+9.007	+9.728	-0.156	+9.733	-0.146	+9.741	+3.420	+9.711	+3.734	+9.642	+9.620	+0.684	-0.519	+0.174	+3.818	-0.944	+10.021	-0.523	-0.487	+2.758	+1.940	+2.167	+10.910	-0.792	+2.189	-0.556	-0.763	-0.800	+10.990	-0.799	-0.762	+11.017	+11.084	+11.084	+1.504	-0.710	+10.810	-0.741	+10.878	
rs749340       -0.824	-0.919	-0.571	-0.569	-0.565	-0.770	-0.826	-0.429	-0.834	-0.833	-0.840	-0.848	-0.735	-0.755	-0.843	-0.844	-0.573	-0.573	-0.585	-0.501	-0.740	-0.450	-0.476	-0.475	-0.440	+0.024	+0.020	+0.064	+0.064	+0.039	+0.049	+0.048	+0.040	+0.018	+0.043	-0.487	-0.485	-0.441	-0.443	-0.496	-0.433	-0.427	+0.362	-0.555	+0.569	+0.574	+0.894	+2.227	+0.452	+2.361	+2.219	+0.491	+2.364	-0.643	+2.657	+1.527	+1.392	+1.377	+1.729	+1.629	-0.412	+1.631	-0.922	+0.648	-0.856	-0.500	-0.890	-0.544	-0.922	-0.922	-0.908	-0.908	-0.907	-0.907	+0.685	-0.874	-0.922	-0.874	-0.921	-0.885	-0.160	-0.420	+0.804	+3.155	+0.771	+3.219	+3.224	+3.232	+0.787	-0.537	+0.788	+1.789	+6.832	-0.419	-0.424	-0.395	+3.499	+3.484	+9.354	+3.485	+9.354	+9.354	+3.490	+9.354	+3.497	+9.775	+9.783	+3.497	+9.288	-0.214	+9.800	+3.462	+9.775	+9.776	-0.397	+6.942	+9.778	+9.778	+9.778	+9.779	+9.778	+9.779	+9.777	+9.779	+9.845	+9.778	+9.778	-0.195	-0.220	+9.777	+9.776	-0.492	+9.776	-0.506	+9.775	+9.775	+9.776	+9.778	-0.197	-0.489	+9.783	+9.783	+6.913	-0.606	-0.208	-0.193	-0.207	+9.802	+9.799	+9.800	+9.803	+3.488	+0.424	+0.423	+9.052	+9.052	+9.795	-0.184	+9.800	-0.174	+9.808	+3.398	+9.776	+3.710	+9.705	+9.683	+0.776	-0.461	+0.125	+3.794	-0.889	+10.052	-0.524	-0.491	+2.740	+1.981	+2.205	+10.945	-0.741	+2.228	-0.498	-0.704	-0.748	+11.025	-0.747	-0.702	+11.052	+11.118	+11.118	+1.587	-0.652	+10.845	-0.681	+10.912	
rs4779012      -0.916	-1.004	-0.786	-0.806	-0.847	-0.729	-0.637	-0.834	-0.516	-0.650	-0.654	-0.645	-0.754	-0.862	-0.663	-0.658	-0.851	-0.851	-0.835	-0.747	-0.822	-0.513	-0.540	-0.532	-0.501	+0.003	-0.018	+0.025	+0.026	-0.001	+0.009	+0.009	+0.002	-0.023	+0.005	-0.551	-0.549	-0.503	-0.504	-0.559	-0.494	-0.487	+0.287	-0.509	+0.470	+0.476	+0.911	+2.177	+0.460	+2.312	+2.169	+0.500	+2.315	-0.715	+2.610	+1.477	+1.337	+1.328	+1.677	+1.577	-0.530	+1.579	-0.996	+0.545	-0.922	-0.589	-0.963	-0.633	-0.995	-0.995	-0.982	-0.978	-0.983	-0.978	+0.582	-0.945	-0.995	-0.945	-0.994	-0.957	-0.336	-0.497	+0.700	+3.164	+0.666	+3.228	+3.233	+3.241	+0.682	-0.614	+0.683	+1.722	+7.099	-0.496	-0.500	-0.470	+3.512	+3.497	+9.273	+3.498	+9.274	+9.274	+3.502	+9.273	+3.510	+9.688	+9.696	+3.510	+9.198	-0.208	+9.713	+3.474	+9.688	+9.689	-0.472	+7.213	+9.691	+9.691	+9.691	+9.692	+9.691	+9.692	+9.690	+9.693	+9.758	+9.692	+9.691	-0.188	-0.214	+9.690	+9.690	-0.568	+9.690	-0.582	+9.688	+9.688	+9.689	+9.691	-0.190	-0.565	+9.697	+9.696	+7.183	-0.709	-0.201	-0.185	-0.200	+9.716	+9.713	+9.714	+9.717	+3.500	+0.330	+0.330	+8.986	+8.987	+9.710	-0.176	+9.714	-0.166	+9.723	+3.407	+9.692	+3.721	+9.624	+9.602	+0.676	-0.533	+0.153	+3.805	-0.960	+10.001	-0.540	-0.504	+2.748	+1.939	+2.165	+10.893	-0.813	+2.188	-0.569	-0.778	-0.821	+10.974	-0.820	-0.777	+11.001	+11.067	+11.067	+1.498	-0.725	+10.794	-0.755	+10.862	
rs4779013      -0.913	-1.000	-0.785	-0.805	-0.845	-0.729	-0.643	-0.833	-0.650	-0.512	-0.649	-0.635	-0.754	-0.858	-0.657	-0.651	-0.849	-0.849	-0.833	-0.746	-0.819	-0.508	-0.535	-0.527	-0.496	+0.005	-0.012	+0.032	+0.032	+0.005	+0.016	+0.015	+0.008	-0.017	+0.012	-0.546	-0.544	-0.498	-0.499	-0.554	-0.489	-0.482	+0.294	-0.503	+0.472	+0.478	+0.914	+2.178	+0.464	+2.313	+2.171	+0.504	+2.317	-0.711	+2.611	+1.478	+1.339	+1.330	+1.678	+1.578	-0.527	+1.580	-0.992	+0.548	-0.918	-0.587	-0.960	-0.630	-0.991	-0.991	-0.978	-0.974	-0.979	-0.973	+0.585	-0.941	-0.991	-0.942	-0.989	-0.954	-0.331	-0.495	+0.702	+3.166	+0.668	+3.230	+3.235	+3.242	+0.684	-0.611	+0.685	+1.723	+7.104	-0.493	-0.497	-0.468	+3.514	+3.499	+9.277	+3.500	+9.277	+9.277	+3.504	+9.277	+3.512	+9.691	+9.699	+3.512	+9.201	-0.204	+9.716	+3.476	+9.692	+9.692	-0.469	+7.218	+9.694	+9.694	+9.694	+9.695	+9.694	+9.695	+9.693	+9.696	+9.761	+9.695	+9.694	-0.184	-0.210	+9.693	+9.693	-0.565	+9.693	-0.579	+9.691	+9.691	+9.692	+9.694	-0.186	-0.562	+9.700	+9.699	+7.188	-0.705	-0.197	-0.181	-0.196	+9.719	+9.716	+9.717	+9.720	+3.502	+0.332	+0.332	+8.990	+8.990	+9.713	-0.172	+9.717	-0.162	+9.726	+3.409	+9.695	+3.723	+9.627	+9.605	+0.678	-0.530	+0.158	+3.807	-0.957	+10.004	-0.536	-0.500	+2.749	+1.939	+2.166	+10.896	-0.808	+2.189	-0.567	-0.775	-0.816	+10.977	-0.815	-0.774	+11.003	+11.070	+11.070	+1.500	-0.722	+10.797	-0.752	+10.864	
rs4779014      -0.928	-1.016	-0.790	-0.811	-0.853	-0.728	-0.635	-0.840	-0.654	-0.649	-0.529	-0.662	-0.753	-0.876	-0.671	-0.669	-0.857	-0.857	-0.840	-0.750	-0.832	-0.528	-0.554	-0.549	-0.516	-0.003	-0.035	+0.009	+0.009	-0.018	-0.007	-0.008	-0.015	-0.039	-0.011	-0.565	-0.564	-0.518	-0.519	-0.574	-0.508	-0.502	+0.271	-0.523	+0.463	+0.469	+0.901	+2.169	+0.451	+2.305	+2.162	+0.491	+2.308	-0.729	+2.603	+1.470	+1.329	+1.320	+1.669	+1.569	-0.541	+1.571	-1.009	+0.531	-0.933	-0.600	-0.975	-0.644	-1.008	-1.008	-0.996	-0.992	-0.995	-0.991	+0.569	-0.957	-1.008	-0.957	-1.007	-0.969	-0.351	-0.509	+0.694	+3.155	+0.660	+3.219	+3.224	+3.232	+0.676	-0.626	+0.677	+1.720	+7.077	-0.507	-0.511	-0.482	+3.503	+3.488	+9.258	+3.489	+9.259	+9.258	+3.494	+9.258	+3.501	+9.674	+9.682	+3.501	+9.185	-0.223	+9.699	+3.465	+9.675	+9.676	-0.484	+7.192	+9.677	+9.677	+9.677	+9.678	+9.678	+9.678	+9.676	+9.679	+9.744	+9.678	+9.677	-0.203	-0.229	+9.676	+9.676	-0.579	+9.676	-0.593	+9.674	+9.674	+9.675	+9.677	-0.205	-0.577	+9.683	+9.682	+7.161	-0.722	-0.216	-0.200	-0.215	+9.702	+9.699	+9.700	+9.703	+3.491	+0.324	+0.324	+8.971	+8.971	+9.696	-0.191	+9.700	-0.181	+9.709	+3.399	+9.679	+3.713	+9.610	+9.589	+0.671	-0.543	+0.138	+3.797	-0.972	+9.987	-0.554	-0.518	+2.740	+1.938	+2.165	+10.882	-0.828	+2.188	-0.580	-0.790	-0.836	+10.962	-0.835	-0.789	+10.989	+11.056	+11.056	+1.495	-0.737	+10.782	-0.767	+10.850	
rs4779016      -0.949	-1.039	-0.796	-0.817	-0.862	-0.722	-0.608	-0.848	-0.645	-0.635	-0.662	-0.553	-0.749	-0.901	-0.678	-0.685	-0.866	-0.866	-0.848	-0.753	-0.850	-0.556	-0.583	-0.580	-0.545	-0.013	-0.068	-0.024	-0.024	-0.051	-0.040	-0.041	-0.048	-0.072	-0.044	-0.593	-0.592	-0.546	-0.548	-0.602	-0.537	-0.531	+0.237	-0.553	+0.452	+0.457	+0.884	+2.159	+0.433	+2.294	+2.152	+0.474	+2.298	-0.756	+2.594	+1.458	+1.317	+1.307	+1.657	+1.557	-0.562	+1.559	-1.033	+0.505	-0.955	-0.620	-0.998	-0.664	-1.033	-1.033	-1.020	-1.017	-1.018	-1.016	+0.543	-0.979	-1.032	-0.979	-1.031	-0.991	-0.378	-0.528	+0.685	+3.139	+0.651	+3.204	+3.209	+3.216	+0.667	-0.646	+0.668	+1.718	+7.036	-0.527	-0.531	-0.502	+3.488	+3.472	+9.231	+3.473	+9.232	+9.231	+3.478	+9.231	+3.486	+9.650	+9.658	+3.486	+9.162	-0.250	+9.675	+3.450	+9.650	+9.651	-0.503	+7.150	+9.653	+9.653	+9.653	+9.654	+9.653	+9.654	+9.652	+9.655	+9.720	+9.654	+9.653	-0.231	-0.257	+9.652	+9.652	-0.600	+9.652	-0.614	+9.650	+9.650	+9.651	+9.653	-0.233	-0.597	+9.659	+9.658	+7.119	-0.747	-0.244	-0.228	-0.243	+9.678	+9.675	+9.676	+9.679	+3.475	+0.313	+0.313	+8.944	+8.944	+9.672	-0.219	+9.677	-0.209	+9.685	+3.384	+9.655	+3.698	+9.587	+9.566	+0.662	-0.561	+0.109	+3.782	-0.995	+9.962	-0.580	-0.544	+2.726	+1.940	+2.168	+10.861	-0.857	+2.191	-0.598	-0.811	-0.864	+10.942	-0.863	-0.810	+10.969	+11.035	+11.035	+1.490	-0.757	+10.762	-0.788	+10.830	
rs2030473      -0.818	-0.902	-0.707	-0.720	-0.743	-0.667	-0.752	-0.735	-0.754	-0.754	-0.753	-0.749	-0.409	-0.830	-0.751	-0.751	-0.744	-0.744	-0.735	-0.671	-0.744	-0.404	-0.432	-0.424	-0.393	+0.046	+0.084	+0.128	+0.129	+0.103	+0.113	+0.112	+0.105	+0.081	+0.108	-0.443	-0.442	-0.395	-0.397	-0.452	-0.386	-0.380	+0.443	-0.420	+0.516	+0.522	+0.970	+2.221	+0.520	+2.356	+2.214	+0.559	+2.359	-0.609	+2.651	+1.525	+1.385	+1.377	+1.721	+1.622	-0.439	+1.623	-0.892	+0.725	-0.822	-0.506	-0.859	-0.549	-0.890	-0.890	-0.878	-0.871	-0.879	-0.871	+0.763	-0.841	-0.890	-0.841	-0.888	-0.853	-0.190	-0.427	+0.781	+3.270	+0.748	+3.334	+3.339	+3.347	+0.763	-0.540	+0.765	+1.748	+7.195	-0.425	-0.429	-0.401	+3.616	+3.601	+9.349	+3.602	+9.349	+9.349	+3.606	+9.349	+3.614	+9.763	+9.770	+3.614	+9.275	-0.100	+9.789	+3.578	+9.764	+9.765	-0.403	+7.301	+9.767	+9.766	+9.767	+9.767	+9.767	+9.768	+9.766	+9.768	+9.834	+9.767	+9.767	-0.080	-0.107	+9.766	+9.765	-0.495	+9.765	-0.509	+9.763	+9.763	+9.764	+9.766	-0.083	-0.493	+9.772	+9.771	+7.271	-0.590	-0.093	-0.078	-0.092	+9.790	+9.787	+9.788	+9.791	+3.603	+0.418	+0.417	+9.051	+9.052	+9.784	-0.068	+9.788	-0.058	+9.795	+3.508	+9.763	+3.820	+9.692	+9.671	+0.753	-0.462	+0.262	+3.903	-0.857	+10.066	-0.437	-0.400	+2.836	+1.956	+2.180	+10.939	-0.686	+2.203	-0.496	-0.695	-0.694	+11.019	-0.693	-0.694	+11.046	+11.113	+11.112	+1.560	-0.645	+10.839	-0.674	+10.907	
rs12904245     -0.984	-1.082	-0.687	-0.717	-0.779	-0.827	-0.843	-0.755	-0.862	-0.858	-0.876	-0.901	-0.830	-0.599	-0.885	-0.889	-0.784	-0.784	-0.760	-0.625	-0.873	-0.629	-0.654	-0.661	-0.619	-0.015	-0.163	-0.120	-0.120	-0.146	-0.136	-0.137	-0.144	-0.166	-0.140	-0.664	-0.662	-0.619	-0.621	-0.672	-0.611	-0.605	+0.136	-0.684	+0.459	+0.464	+0.838	+2.150	+0.388	+2.286	+2.143	+0.429	+2.290	-0.816	+2.587	+1.448	+1.305	+1.292	+1.647	+1.546	-0.577	+1.548	-1.087	+0.431	-1.001	-0.644	-1.045	-0.689	-1.088	-1.088	-1.075	-1.076	-1.065	-1.076	+0.469	-1.027	-1.087	-1.027	-1.087	-1.038	-0.408	-0.552	+0.681	+3.108	+0.646	+3.173	+3.178	+3.186	+0.662	-0.674	+0.663	+1.721	+6.738	-0.552	-0.556	-0.526	+3.459	+3.443	+9.193	+3.444	+9.193	+9.193	+3.449	+9.192	+3.457	+9.620	+9.629	+3.457	+9.136	-0.356	+9.645	+3.421	+9.621	+9.622	-0.528	+6.853	+9.623	+9.623	+9.623	+9.624	+9.624	+9.625	+9.622	+9.625	+9.690	+9.624	+9.624	-0.337	-0.363	+9.623	+9.622	-0.627	+9.622	-0.641	+9.620	+9.620	+9.622	+9.623	-0.340	-0.625	+9.629	+9.629	+6.823	-0.793	-0.350	-0.335	-0.349	+9.649	+9.646	+9.647	+9.650	+3.447	+0.303	+0.303	+8.903	+8.904	+9.643	-0.326	+9.648	-0.316	+9.657	+3.361	+9.627	+3.679	+9.560	+9.539	+0.657	-0.585	-0.013	+3.765	-1.041	+9.917	-0.667	-0.632	+2.710	+1.939	+2.166	+10.836	-0.933	+2.189	-0.625	-0.845	-0.939	+10.917	-0.939	-0.844	+10.943	+11.010	+11.010	+1.490	-0.791	+10.737	-0.822	+10.805	
rs4779018      -0.936	-1.025	-0.792	-0.814	-0.857	-0.727	-0.639	-0.843	-0.663	-0.657	-0.671	-0.678	-0.751	-0.885	-0.538	-0.671	-0.860	-0.860	-0.843	-0.751	-0.839	-0.538	-0.565	-0.560	-0.527	-0.007	-0.047	-0.003	-0.003	-0.030	-0.019	-0.020	-0.027	-0.051	-0.023	-0.576	-0.574	-0.529	-0.530	-0.584	-0.519	-0.513	+0.259	-0.534	+0.459	+0.464	+0.894	+2.165	+0.444	+2.300	+2.158	+0.484	+2.304	-0.739	+2.599	+1.465	+1.324	+1.315	+1.664	+1.564	-0.549	+1.566	-1.018	+0.522	-0.941	-0.608	-0.984	-0.651	-1.017	-1.017	-1.005	-1.001	-1.004	-1.001	+0.559	-0.965	-1.017	-0.966	-1.016	-0.978	-0.361	-0.516	+0.691	+3.149	+0.657	+3.213	+3.218	+3.226	+0.673	-0.634	+0.674	+1.720	+7.063	-0.515	-0.519	-0.489	+3.498	+3.482	+9.249	+3.483	+9.250	+9.249	+3.488	+9.249	+3.496	+9.666	+9.674	+3.496	+9.177	-0.233	+9.691	+3.460	+9.667	+9.668	-0.491	+7.177	+9.669	+9.669	+9.670	+9.670	+9.670	+9.671	+9.668	+9.671	+9.736	+9.670	+9.670	-0.213	-0.240	+9.669	+9.668	-0.587	+9.668	-0.601	+9.666	+9.666	+9.667	+9.669	-0.216	-0.585	+9.675	+9.675	+7.147	-0.731	-0.226	-0.211	-0.225	+9.694	+9.691	+9.692	+9.696	+3.485	+0.320	+0.319	+8.962	+8.962	+9.688	-0.201	+9.693	-0.191	+9.701	+3.393	+9.671	+3.707	+9.603	+9.582	+0.667	-0.550	+0.127	+3.791	-0.981	+9.979	-0.564	-0.528	+2.734	+1.939	+2.167	+10.876	-0.839	+2.190	-0.587	-0.798	-0.846	+10.956	-0.845	-0.797	+10.983	+11.050	+11.049	+1.493	-0.745	+10.776	-0.775	+10.844	
rs4779019      -0.940	-1.029	-0.793	-0.814	-0.858	-0.725	-0.631	-0.844	-0.658	-0.651	-0.669	-0.685	-0.751	-0.889	-0.671	-0.542	-0.862	-0.862	-0.844	-0.751	-0.842	-0.543	-0.570	-0.565	-0.532	-0.009	-0.052	-0.009	-0.008	-0.035	-0.025	-0.025	-0.032	-0.057	-0.029	-0.581	-0.579	-0.534	-0.535	-0.589	-0.524	-0.518	+0.253	-0.539	+0.457	+0.462	+0.891	+2.163	+0.440	+2.299	+2.156	+0.481	+2.302	-0.744	+2.598	+1.463	+1.322	+1.313	+1.662	+1.562	-0.552	+1.564	-1.022	+0.518	-0.945	-0.611	-0.988	-0.655	-1.022	-1.021	-1.009	-1.005	-1.008	-1.005	+0.555	-0.969	-1.021	-0.969	-1.020	-0.981	-0.366	-0.519	+0.689	+3.146	+0.655	+3.211	+3.216	+3.224	+0.671	-0.637	+0.672	+1.720	+7.056	-0.518	-0.522	-0.493	+3.495	+3.480	+9.244	+3.481	+9.245	+9.244	+3.485	+9.244	+3.493	+9.661	+9.670	+3.493	+9.173	-0.237	+9.687	+3.457	+9.662	+9.663	-0.494	+7.171	+9.665	+9.665	+9.665	+9.665	+9.665	+9.666	+9.664	+9.666	+9.732	+9.665	+9.665	-0.218	-0.244	+9.664	+9.663	-0.590	+9.663	-0.605	+9.662	+9.662	+9.663	+9.665	-0.220	-0.588	+9.670	+9.670	+7.141	-0.735	-0.231	-0.215	-0.230	+9.690	+9.687	+9.688	+9.691	+3.483	+0.318	+0.318	+8.957	+8.957	+9.684	-0.206	+9.688	-0.196	+9.697	+3.391	+9.667	+3.705	+9.599	+9.577	+0.666	-0.553	+0.122	+3.789	-0.985	+9.974	-0.568	-0.532	+2.732	+1.939	+2.167	+10.872	-0.843	+2.190	-0.590	-0.801	-0.851	+10.952	-0.850	-0.800	+10.979	+11.046	+11.046	+1.492	-0.748	+10.773	-0.778	+10.840	
rs56127521     -0.845	-0.940	-0.567	-0.566	-0.596	-0.782	-0.842	-0.573	-0.851	-0.849	-0.857	-0.866	-0.744	-0.784	-0.860	-0.862	-0.451	-0.574	-0.581	-0.456	-0.758	-0.473	-0.500	-0.501	-0.463	+0.017	-0.005	+0.038	+0.039	+0.014	+0.024	+0.023	+0.015	-0.007	+0.018	-0.510	-0.508	-0.464	-0.467	-0.519	-0.456	-0.451	+0.335	-0.573	+0.551	+0.556	+0.883	+2.211	+0.441	+2.346	+2.204	+0.480	+2.349	-0.666	+2.642	+1.511	+1.375	+1.361	+1.712	+1.613	-0.436	+1.615	-0.944	+0.623	-0.876	-0.522	-0.911	-0.565	-0.944	-0.943	-0.929	-0.929	-0.927	-0.929	+0.660	-0.894	-0.943	-0.894	-0.942	-0.905	-0.187	-0.441	+0.789	+3.145	+0.756	+3.209	+3.214	+3.221	+0.772	-0.558	+0.773	+1.776	+6.812	-0.440	-0.445	-0.416	+3.490	+3.474	+9.332	+3.475	+9.333	+9.332	+3.480	+9.332	+3.488	+9.754	+9.762	+3.488	+9.268	-0.235	+9.780	+3.452	+9.755	+9.756	-0.418	+6.923	+9.757	+9.757	+9.758	+9.758	+9.758	+9.759	+9.756	+9.759	+9.825	+9.758	+9.758	-0.217	-0.242	+9.757	+9.756	-0.513	+9.756	-0.527	+9.754	+9.754	+9.755	+9.757	-0.219	-0.511	+9.763	+9.762	+6.893	-0.629	-0.229	-0.214	-0.228	+9.782	+9.779	+9.780	+9.783	+3.478	+0.407	+0.406	+9.031	+9.031	+9.775	-0.205	+9.779	-0.196	+9.788	+3.389	+9.756	+3.702	+9.685	+9.663	+0.761	-0.481	+0.104	+3.786	-0.909	+10.034	-0.545	-0.511	+2.732	+1.973	+2.197	+10.915	-0.765	+2.219	-0.516	-0.723	-0.772	+10.995	-0.772	-0.722	+11.021	+11.088	+11.088	+1.571	-0.671	+10.815	-0.701	+10.882	
rs56095271     -0.845	-0.940	-0.567	-0.566	-0.596	-0.782	-0.842	-0.573	-0.851	-0.849	-0.857	-0.866	-0.744	-0.784	-0.860	-0.862	-0.574	-0.451	-0.581	-0.456	-0.758	-0.473	-0.500	-0.501	-0.463	+0.017	-0.005	+0.039	+0.039	+0.014	+0.024	+0.023	+0.015	-0.007	+0.018	-0.510	-0.508	-0.464	-0.467	-0.519	-0.456	-0.451	+0.335	-0.573	+0.551	+0.556	+0.883	+2.211	+0.441	+2.346	+2.204	+0.480	+2.349	-0.666	+2.642	+1.511	+1.375	+1.361	+1.712	+1.613	-0.436	+1.615	-0.944	+0.623	-0.876	-0.522	-0.911	-0.565	-0.944	-0.943	-0.929	-0.929	-0.927	-0.929	+0.660	-0.894	-0.943	-0.894	-0.942	-0.905	-0.187	-0.441	+0.789	+3.145	+0.756	+3.209	+3.214	+3.221	+0.772	-0.558	+0.773	+1.776	+6.812	-0.440	-0.445	-0.416	+3.490	+3.475	+9.332	+3.475	+9.333	+9.332	+3.480	+9.332	+3.488	+9.754	+9.762	+3.488	+9.268	-0.235	+9.780	+3.452	+9.755	+9.756	-0.418	+6.923	+9.757	+9.757	+9.758	+9.758	+9.758	+9.759	+9.756	+9.759	+9.825	+9.758	+9.758	-0.217	-0.242	+9.757	+9.756	-0.513	+9.756	-0.527	+9.754	+9.754	+9.755	+9.757	-0.219	-0.511	+9.763	+9.762	+6.893	-0.629	-0.229	-0.214	-0.228	+9.782	+9.779	+9.780	+9.783	+3.478	+0.406	+0.406	+9.031	+9.031	+9.775	-0.205	+9.779	-0.196	+9.788	+3.389	+9.756	+3.702	+9.685	+9.663	+0.761	-0.481	+0.104	+3.786	-0.909	+10.034	-0.545	-0.511	+2.732	+1.973	+2.197	+10.915	-0.765	+2.219	-0.516	-0.723	-0.772	+10.995	-0.772	-0.722	+11.021	+11.088	+11.088	+1.571	-0.671	+10.815	-0.701	+10.882	
rs62014771     -0.823	-0.919	-0.580	-0.581	-0.598	-0.770	-0.827	-0.585	-0.835	-0.833	-0.840	-0.848	-0.735	-0.760	-0.843	-0.844	-0.581	-0.581	-0.428	-0.430	-0.740	-0.449	-0.476	-0.476	-0.440	+0.026	+0.019	+0.063	+0.063	+0.038	+0.048	+0.047	+0.039	+0.017	+0.042	-0.486	-0.485	-0.441	-0.443	-0.495	-0.433	-0.427	+0.360	-0.554	+0.564	+0.570	+0.893	+2.219	+0.451	+2.353	+2.211	+0.490	+2.356	-0.643	+2.649	+1.520	+1.385	+1.371	+1.721	+1.622	-0.416	+1.624	-0.922	+0.646	-0.856	-0.501	-0.890	-0.544	-0.922	-0.922	-0.908	-0.907	-0.906	-0.907	+0.683	-0.873	-0.921	-0.874	-0.921	-0.884	-0.162	-0.421	+0.805	+3.156	+0.772	+3.220	+3.225	+3.233	+0.787	-0.537	+0.789	+1.789	+6.828	-0.420	-0.424	-0.395	+3.501	+3.485	+9.345	+3.486	+9.345	+9.345	+3.491	+9.345	+3.498	+9.766	+9.774	+3.499	+9.281	-0.214	+9.792	+3.463	+9.767	+9.768	-0.397	+6.939	+9.769	+9.769	+9.770	+9.770	+9.770	+9.771	+9.768	+9.771	+9.837	+9.770	+9.770	-0.195	-0.221	+9.769	+9.768	-0.492	+9.768	-0.506	+9.766	+9.766	+9.767	+9.769	-0.198	-0.490	+9.775	+9.774	+6.909	-0.605	-0.208	-0.193	-0.207	+9.793	+9.791	+9.792	+9.795	+3.489	+0.422	+0.422	+9.044	+9.044	+9.787	-0.184	+9.791	-0.175	+9.799	+3.400	+9.768	+3.712	+9.697	+9.675	+0.776	-0.462	+0.125	+3.795	-0.888	+10.047	-0.524	-0.491	+2.742	+1.983	+2.206	+10.928	-0.742	+2.229	-0.497	-0.703	-0.749	+11.008	-0.748	-0.702	+11.034	+11.101	+11.101	+1.585	-0.651	+10.828	-0.681	+10.895	
rs55768028     -0.720	-0.815	-0.549	-0.539	-0.497	-0.699	-0.742	-0.501	-0.747	-0.746	-0.750	-0.753	-0.671	-0.625	-0.751	-0.751	-0.456	-0.456	-0.430	-0.318	-0.649	-0.332	-0.359	-0.352	-0.322	+0.071	+0.146	+0.190	+0.190	+0.165	+0.175	+0.174	+0.166	+0.144	+0.170	-0.370	-0.368	-0.323	-0.325	-0.379	-0.315	-0.309	+0.497	-0.463	+0.640	+0.646	+0.939	+2.277	+0.502	+2.410	+2.269	+0.540	+2.413	-0.530	+2.704	+1.580	+1.451	+1.436	+1.785	+1.686	-0.310	+1.688	-0.816	+0.766	-0.760	-0.404	-0.790	-0.447	-0.815	-0.815	-0.800	-0.799	-0.805	-0.798	+0.803	-0.774	-0.814	-0.775	-0.813	-0.785	-0.017	-0.326	+0.885	+3.207	+0.852	+3.270	+3.275	+3.282	+0.868	-0.441	+0.869	+1.848	+6.903	-0.325	-0.329	-0.300	+3.549	+3.534	+9.460	+3.535	+9.461	+9.461	+3.540	+9.460	+3.547	+9.876	+9.884	+3.547	+9.388	-0.119	+9.901	+3.512	+9.876	+9.877	-0.302	+7.014	+9.879	+9.879	+9.879	+9.880	+9.879	+9.880	+9.878	+9.881	+9.947	+9.880	+9.879	-0.100	-0.125	+9.878	+9.878	-0.396	+9.878	-0.410	+9.876	+9.876	+9.877	+9.879	-0.102	-0.394	+9.884	+9.884	+6.985	-0.488	-0.112	-0.097	-0.111	+9.903	+9.900	+9.901	+9.904	+3.538	+0.501	+0.501	+9.157	+9.158	+9.896	-0.089	+9.900	-0.079	+9.908	+3.447	+9.876	+3.757	+9.803	+9.781	+0.855	-0.373	+0.219	+3.840	-0.789	+10.150	-0.429	-0.395	+2.787	+2.030	+2.252	+11.013	-0.623	+2.275	-0.406	-0.605	-0.630	+11.093	-0.629	-0.604	+11.119	+11.186	+11.185	+1.655	-0.554	+10.912	-0.583	+10.979	
rs2904413      -0.773	-0.887	-0.685	-0.705	-0.753	-0.757	-0.809	-0.740	-0.822	-0.819	-0.832	-0.850	-0.744	-0.873	-0.839	-0.842	-0.758	-0.758	-0.740	-0.649	-0.402	-0.537	-0.556	-0.373	-0.529	+0.044	-0.194	-0.154	-0.154	-0.179	-0.170	-0.171	-0.176	-0.196	-0.173	-0.564	-0.563	-0.529	-0.530	-0.570	-0.523	-0.517	+0.098	-0.222	+0.939	+0.946	+0.893	+2.190	+0.437	+2.325	+2.183	+0.479	+2.328	-0.586	+2.623	+1.499	+1.364	+1.355	+1.700	+1.601	-0.370	+1.603	-0.887	+0.624	-0.844	-0.525	-0.875	-0.566	-0.888	-0.888	-0.870	-0.867	-0.887	-0.867	+0.661	-0.861	-0.887	-0.861	-0.886	-0.870	-0.042	-0.454	+0.952	+3.159	+0.917	+3.223	+3.228	+3.236	+0.933	-0.567	+0.935	+1.783	+6.766	-0.452	-0.456	-0.429	+3.503	+3.488	+9.644	+3.489	+9.644	+9.644	+3.494	+9.643	+3.501	+10.140	+10.151	+3.501	+9.617	-0.251	+10.166	+3.466	+10.141	+10.142	-0.430	+6.878	+10.143	+10.143	+10.143	+10.144	+10.143	+10.144	+10.142	+10.145	+10.210	+10.143	+10.143	-0.233	-0.257	+10.142	+10.141	-0.524	+10.141	-0.537	+10.139	+10.139	+10.141	+10.142	-0.236	-0.521	+10.148	+10.148	+6.848	-0.643	-0.245	-0.231	-0.244	+10.167	+10.164	+10.165	+10.168	+3.491	+0.386	+0.386	+9.388	+9.388	+10.160	-0.223	+10.164	-0.213	+10.171	+3.407	+10.137	+3.720	+10.060	+10.037	+0.926	-0.483	+0.076	+3.804	-0.870	+10.323	-0.537	-0.505	+2.761	+1.995	+2.218	+11.140	-0.695	+2.241	-0.517	-0.705	-0.703	+11.222	-0.702	-0.704	+11.250	+11.317	+11.317	+1.721	-0.657	+11.039	-0.685	+11.108	
rs56982045     -0.558	-0.687	-0.384	-0.409	-0.468	-0.431	-0.493	-0.450	-0.513	-0.508	-0.528	-0.556	-0.404	-0.629	-0.538	-0.543	-0.473	-0.473	-0.449	-0.332	-0.537	-0.170	-0.268	-0.287	-0.257	+0.566	+0.015	+0.055	+0.056	+0.030	+0.040	+0.039	+0.033	+0.011	+0.036	-0.294	-0.294	-0.274	-0.270	-0.304	-0.263	-0.260	+0.320	-0.314	+0.705	+0.710	+1.090	+2.472	+0.641	+2.607	+2.465	+0.682	+2.611	-0.437	+2.909	+1.845	+1.688	+1.674	+2.030	+1.930	-0.024	+1.932	-0.694	+0.968	-0.534	-0.245	-0.607	-0.291	-0.697	-0.697	-0.694	-0.702	-0.641	-0.702	+1.009	-0.580	-0.698	-0.581	-0.699	-0.597	-0.146	-0.186	+1.685	+3.942	+1.643	+4.009	+4.015	+4.023	+1.661	-0.309	+1.662	+2.570	+6.992	-0.188	-0.192	-0.162	+4.315	+4.297	+9.492	+4.298	+9.492	+9.492	+4.303	+9.492	+4.311	+9.929	+9.942	+4.311	+9.452	-0.018	+9.954	+4.273	+9.929	+9.930	-0.164	+7.109	+9.932	+9.932	+9.932	+9.933	+9.932	+9.933	+9.931	+9.934	+9.998	+9.933	+9.932	+0.000	-0.024	+9.932	+9.931	-0.262	+9.931	-0.276	+9.930	+9.929	+9.931	+9.933	-0.002	-0.260	+9.939	+9.939	+7.079	-0.423	-0.012	+0.003	-0.011	+9.959	+9.957	+9.958	+9.961	+4.300	+0.846	+0.846	+9.214	+9.214	+9.955	+0.011	+9.960	+0.021	+9.971	+4.202	+9.945	+4.540	+9.884	+9.863	+1.664	-0.192	+0.322	+4.629	-0.609	+10.234	-0.311	-0.278	+3.525	+2.826	+3.080	+11.186	-0.621	+3.105	-0.245	-0.468	-0.626	+11.267	-0.625	-0.467	+11.294	+11.361	+11.361	+2.612	-0.412	+11.094	-0.445	+11.163	
rs10519236     -0.584	-0.711	-0.411	-0.435	-0.494	-0.458	-0.520	-0.476	-0.540	-0.535	-0.554	-0.583	-0.432	-0.654	-0.565	-0.570	-0.500	-0.500	-0.476	-0.359	-0.556	-0.268	-0.197	-0.314	-0.258	+0.538	+0.015	+0.056	+0.056	+0.031	+0.041	+0.040	+0.034	+0.012	+0.037	-0.308	-0.308	-0.279	-0.275	-0.320	-0.265	-0.262	+0.326	-0.336	+0.694	+0.700	+1.091	+2.454	+0.636	+2.589	+2.447	+0.678	+2.593	-0.462	+2.892	+1.820	+1.664	+1.651	+2.006	+1.906	-0.059	+1.908	-0.719	+0.936	-0.562	-0.270	-0.634	-0.316	-0.722	-0.722	-0.718	-0.726	-0.667	-0.726	+0.977	-0.607	-0.722	-0.608	-0.723	-0.624	-0.165	-0.209	+1.636	+3.896	+1.594	+3.964	+3.969	+3.977	+1.612	-0.332	+1.613	+2.522	+6.986	-0.211	-0.215	-0.185	+4.268	+4.250	+9.473	+4.251	+9.473	+9.473	+4.256	+9.473	+4.264	+9.911	+9.924	+4.264	+9.434	-0.039	+9.936	+4.227	+9.912	+9.913	-0.187	+7.103	+9.914	+9.914	+9.915	+9.915	+9.915	+9.916	+9.914	+9.916	+9.980	+9.915	+9.915	-0.020	-0.045	+9.914	+9.914	-0.285	+9.914	-0.300	+9.912	+9.912	+9.913	+9.915	-0.023	-0.283	+9.921	+9.921	+7.072	-0.447	-0.033	-0.018	-0.032	+9.942	+9.939	+9.940	+9.944	+4.253	+0.814	+0.814	+9.194	+9.194	+9.937	-0.009	+9.942	-0.000	+9.953	+4.156	+9.927	+4.493	+9.866	+9.845	+1.614	-0.216	+0.301	+4.582	-0.635	+10.216	-0.333	-0.300	+3.478	+2.775	+3.028	+11.167	-0.642	+3.053	-0.269	-0.492	-0.647	+11.248	-0.646	-0.491	+11.275	+11.342	+11.342	+2.559	-0.436	+11.075	-0.469	+11.144	
rs115909193    -0.640	-0.747	-0.408	-0.433	-0.494	-0.440	-0.510	-0.475	-0.532	-0.527	-0.549	-0.580	-0.424	-0.661	-0.560	-0.565	-0.501	-0.501	-0.476	-0.352	-0.373	-0.287	-0.314	-0.229	-0.277	+0.486	+0.227	+0.274	+0.274	+0.245	+0.255	+0.255	+0.247	+0.224	+0.250	-0.324	-0.322	-0.277	-0.279	-0.334	-0.269	-0.262	+0.568	-0.363	+1.162	+1.168	+1.451	+2.414	+0.962	+2.549	+2.407	+1.010	+2.553	-0.336	+2.851	+1.716	+1.566	+1.553	+1.906	+1.807	-0.337	+1.808	-0.760	+0.762	-0.642	-0.351	-0.700	-0.394	-0.762	-0.762	-0.755	-0.761	-0.725	-0.761	+0.801	-0.678	-0.762	-0.679	-0.763	-0.692	-0.174	-0.264	+1.646	+3.614	+1.604	+3.679	+3.684	+3.692	+1.622	-0.384	+1.623	+2.338	+7.058	-0.266	-0.270	-0.241	+3.970	+3.954	+9.495	+3.955	+9.495	+9.495	+3.960	+9.495	+3.967	+9.936	+9.945	+3.968	+9.459	-0.100	+9.962	+3.931	+9.937	+9.938	-0.242	+7.171	+9.940	+9.939	+9.940	+9.940	+9.940	+9.941	+9.939	+9.941	+10.006	+9.940	+9.940	-0.081	-0.106	+9.939	+9.939	-0.339	+9.939	-0.353	+9.937	+9.937	+9.938	+9.940	-0.084	-0.337	+9.946	+9.946	+7.140	-0.481	-0.094	-0.079	-0.093	+9.966	+9.963	+9.964	+9.968	+3.958	+0.840	+0.840	+9.210	+9.210	+9.961	-0.071	+9.966	-0.062	+9.976	+3.864	+9.948	+4.188	+9.886	+9.865	+1.604	-0.275	+0.233	+4.275	-0.691	+10.229	-0.390	-0.357	+3.206	+2.574	+2.815	+11.151	-0.661	+2.839	-0.308	-0.539	-0.666	+11.231	-0.666	-0.538	+11.258	+11.325	+11.325	+2.568	-0.488	+11.055	-0.517	+11.123	
rs16970779     -0.548	-0.677	-0.374	-0.399	-0.458	-0.420	-0.481	-0.440	-0.501	-0.496	-0.516	-0.545	-0.393	-0.619	-0.527	-0.532	-0.463	-0.463	-0.440	-0.322	-0.529	-0.257	-0.258	-0.277	-0.159	+0.586	+0.016	+0.057	+0.057	+0.032	+0.042	+0.041	+0.035	+0.013	+0.038	-0.279	-0.279	-0.263	-0.259	-0.290	-0.253	-0.250	+0.320	-0.305	+0.708	+0.713	+1.091	+2.475	+0.643	+2.610	+2.468	+0.684	+2.614	-0.428	+2.912	+1.851	+1.694	+1.680	+2.035	+1.936	-0.011	+1.938	-0.684	+0.982	-0.524	-0.236	-0.597	-0.282	-0.687	-0.687	-0.684	-0.693	-0.631	-0.693	+1.023	-0.570	-0.688	-0.571	-0.689	-0.587	-0.136	-0.178	+1.710	+3.957	+1.668	+4.025	+4.030	+4.038	+1.686	-0.301	+1.687	+2.585	+6.994	-0.180	-0.184	-0.155	+4.330	+4.312	+9.503	+4.314	+9.504	+9.504	+4.318	+9.504	+4.326	+9.940	+9.954	+4.326	+9.463	-0.011	+9.965	+4.289	+9.941	+9.942	-0.156	+7.111	+9.944	+9.943	+9.944	+9.944	+9.944	+9.945	+9.943	+9.945	+10.010	+9.944	+9.944	+0.007	-0.017	+9.943	+9.943	-0.254	+9.943	-0.268	+9.941	+9.941	+9.942	+9.944	+0.005	-0.252	+9.950	+9.950	+7.081	-0.414	-0.005	+0.010	-0.004	+9.971	+9.968	+9.969	+9.973	+4.315	+0.857	+0.857	+9.226	+9.226	+9.966	+0.018	+9.972	+0.028	+9.982	+4.218	+9.956	+4.556	+9.896	+9.875	+1.688	-0.184	+0.329	+4.645	-0.599	+10.246	-0.304	-0.271	+3.539	+2.841	+3.095	+11.198	-0.612	+3.120	-0.237	-0.460	-0.617	+11.279	-0.616	-0.459	+11.306	+11.373	+11.373	+2.639	-0.404	+11.107	-0.437	+11.175	
rs17177167     +0.081	-0.016	+0.053	+0.040	+0.019	+0.039	+0.013	+0.024	+0.003	+0.005	-0.003	-0.013	+0.046	-0.015	-0.007	-0.009	+0.017	+0.017	+0.026	+0.071	+0.044	+0.566	+0.538	+0.486	+0.586	+0.570	+1.263	+1.311	+1.311	+1.276	+1.288	+1.288	+1.288	+1.258	+1.292	+0.525	+0.528	+0.584	+0.582	+0.514	+0.595	+0.601	+1.682	+0.305	+1.189	+1.194	+1.320	+3.183	+0.982	+3.317	+3.173	+1.019	+3.318	+0.289	+3.613	+2.508	+2.323	+2.300	+2.657	+2.556	+1.016	+2.558	-0.019	+2.036	-0.008	+0.441	-0.020	+0.393	-0.019	-0.019	+0.000	-0.001	-0.021	-0.000	+2.082	-0.013	-0.019	-0.013	-0.018	-0.018	+2.009	+0.478	+1.537	+3.516	+1.503	+3.578	+3.583	+3.590	+1.519	+0.357	+1.520	+2.452	+7.168	+0.478	+0.473	+0.503	+3.853	+3.839	+9.996	+3.840	+9.996	+9.996	+3.844	+9.996	+3.852	+10.428	+10.437	+3.852	+9.948	+0.540	+10.453	+3.817	+10.429	+10.430	+0.501	+7.283	+10.432	+10.431	+10.432	+10.433	+10.432	+10.433	+10.431	+10.434	+10.499	+10.432	+10.432	+0.557	+0.534	+10.431	+10.430	+0.404	+10.430	+0.390	+10.429	+10.429	+10.430	+10.431	+0.555	+0.407	+10.437	+10.437	+7.257	+0.247	+0.546	+0.559	+0.547	+10.455	+10.453	+10.453	+10.457	+3.844	+0.861	+0.861	+9.712	+9.713	+10.449	+0.568	+10.453	+0.577	+10.461	+3.760	+10.433	+4.060	+10.371	+10.351	+1.522	+0.378	+0.843	+4.142	-0.020	+10.687	+0.243	+0.271	+3.087	+2.575	+2.789	+11.571	+0.240	+2.811	+0.358	+0.173	+0.231	+11.651	+0.232	+0.175	+11.678	+11.745	+11.744	+2.292	+0.223	+11.478	+0.195	+11.546	
rs62011324     -0.108	-0.243	+0.091	+0.066	+0.002	+0.059	+0.004	+0.020	-0.018	-0.012	-0.035	-0.068	+0.084	-0.163	-0.047	-0.052	-0.005	-0.005	+0.019	+0.146	-0.194	+0.015	+0.015	+0.227	+0.016	+1.263	+0.291	+0.245	+0.245	+0.229	+0.235	+0.234	+0.240	+0.217	+0.242	+0.011	+0.011	+0.013	+0.014	+0.008	+0.016	+0.017	+0.424	+0.066	+0.774	+0.779	+1.401	+2.609	+0.901	+2.743	+2.602	+0.936	+2.748	+0.033	+3.034	+2.046	+2.029	+2.018	+2.369	+2.271	+0.345	+2.273	-0.259	+1.099	-0.139	+0.190	-0.207	+0.144	-0.263	-0.263	-0.261	-0.269	-0.231	-0.269	+1.136	-0.186	-0.264	-0.187	-0.265	-0.200	+0.227	+0.235	+2.008	+4.017	+1.969	+4.081	+4.086	+4.094	+1.987	+0.121	+1.988	+2.919	+7.056	+0.238	+0.234	+0.264	+4.381	+4.364	+9.822	+4.365	+9.822	+9.822	+4.370	+9.822	+4.378	+10.234	+10.249	+4.379	+9.753	+0.330	+10.258	+4.343	+10.234	+10.235	+0.263	+7.182	+10.237	+10.237	+10.238	+10.238	+10.238	+10.239	+10.237	+10.239	+10.302	+10.238	+10.238	+0.348	+0.325	+10.237	+10.236	+0.168	+10.236	+0.154	+10.235	+10.234	+10.236	+10.237	+0.346	+0.171	+10.243	+10.243	+7.152	+0.003	+0.337	+0.350	+0.338	+10.262	+10.260	+10.260	+10.264	+4.369	+1.440	+1.440	+9.553	+9.554	+10.256	+0.359	+10.261	+0.368	+10.269	+4.275	+10.240	+4.595	+10.175	+10.155	+1.983	+0.194	+0.655	+4.679	-0.199	+10.529	+0.067	+0.098	+3.659	+3.196	+3.443	+11.451	-0.197	+3.468	+0.126	-0.025	-0.201	+11.532	-0.200	-0.025	+11.560	+11.627	+11.627	+2.879	+0.031	+11.363	-0.002	+11.433	
rs10459654     -0.066	-0.200	+0.135	+0.110	+0.045	+0.103	+0.048	+0.064	+0.025	+0.032	+0.009	-0.024	+0.128	-0.120	-0.003	-0.009	+0.038	+0.039	+0.063	+0.190	-0.154	+0.055	+0.056	+0.274	+0.057	+1.311	+0.245	+0.338	+0.282	+0.247	+0.252	+0.251	+0.254	+0.238	+0.255	+0.053	+0.052	+0.054	+0.056	+0.050	+0.057	+0.058	+0.420	+0.108	+0.798	+0.803	+1.439	+2.641	+0.936	+2.775	+2.634	+0.970	+2.779	+0.078	+3.065	+2.083	+2.071	+2.060	+2.412	+2.314	+0.391	+2.316	-0.215	+1.145	-0.095	+0.234	-0.163	+0.187	-0.219	-0.219	-0.218	-0.226	-0.187	-0.226	+1.182	-0.143	-0.220	-0.143	-0.221	-0.156	+0.270	+0.278	+2.053	+4.050	+2.014	+4.114	+4.119	+4.127	+2.032	+0.163	+2.034	+2.961	+7.081	+0.280	+0.276	+0.306	+4.414	+4.397	+9.866	+4.398	+9.867	+9.866	+4.403	+9.867	+4.411	+10.277	+10.291	+4.411	+9.796	+0.369	+10.301	+4.376	+10.277	+10.278	+0.305	+7.208	+10.280	+10.280	+10.281	+10.281	+10.281	+10.282	+10.280	+10.282	+10.345	+10.281	+10.281	+0.386	+0.363	+10.280	+10.279	+0.211	+10.279	+0.196	+10.278	+10.277	+10.279	+10.280	+0.385	+0.213	+10.286	+10.286	+7.178	+0.046	+0.375	+0.389	+0.376	+10.305	+10.302	+10.303	+10.306	+4.402	+1.485	+1.485	+9.598	+9.599	+10.299	+0.397	+10.303	+0.406	+10.311	+4.308	+10.282	+4.627	+10.216	+10.196	+2.028	+0.235	+0.693	+4.712	-0.158	+10.569	+0.107	+0.138	+3.694	+3.238	+3.487	+11.456	-0.155	+3.510	+0.166	+0.018	-0.159	+11.536	-0.159	+0.018	+11.564	+11.631	+11.630	+2.921	+0.075	+11.367	+0.041	+11.437	
