## Summary of overall evidence for association with region:
## log10(BF for region) = 2.02068
## p-value for region = NA

## BFs for choosing among multi-SNP models:
## log10(average 1-SNP BF) = 2.0181
## log10(average 2-SNP BF) = 2.0258

## Example posterior probabilities for multi-SNP models, based on default prior: [p(l) propto 0.5^l for l=1,2,...,L]
## posterior probability of 1-SNP = 0.662712
## posterior probability of 2-SNP = 0.337288

## log10(BF) for single SNP and pair of SNPs:
rs8096961      -0.174	-0.342	-0.331	-0.449	-0.384	-0.393	-0.425	+0.447	-0.565	-0.529	-0.525	-0.511	-0.513	-0.509	-0.515	-0.574	-0.521	-0.603	-0.586	-0.599	-0.588	-0.579	+0.950	-0.226	-0.410	-0.062	+0.180	-0.429	+0.134	-0.445	-0.433	-0.285	-0.436	-0.427	+0.081	-0.300	-0.286	-0.409	-0.285	-0.305	-0.245	-0.277	-0.269	-0.269	+0.165	+0.169	+0.256	-0.290	+0.173	+0.564	+1.915	+1.975	+1.869	+2.878	+2.619	+2.480	+0.443	-0.034	+2.230	+2.254	+2.227	+2.221	+2.219	+2.176	+2.088	+0.282	+0.517	+2.097	+0.846	+0.814	+2.092	+0.755	+0.797	-0.025	+0.001	+0.291	+2.094	+0.832	+2.133	+0.776	+1.493	+0.314	+1.972	+0.308	+0.588	+0.302	+1.885	+2.019	+1.761	+0.337	+1.789	+1.353	+2.362	+1.364	+1.945	+1.270	+1.946	+1.953	+1.987	+2.206	+2.144	+1.900	+0.350	+0.359	+2.049	+0.374	+1.919	+2.036	+2.168	+1.995	+2.177	+1.893	-0.028	+2.192	+1.556	+1.971	+1.965	+2.233	+2.143	+2.134	+0.137	+0.438	-0.106	+2.358	+2.022	+0.138	+0.539	+0.267	+0.310	+0.267	+0.313	+2.422	+2.284	+0.387	+0.195	+0.369	+1.190	+0.079	+0.489	+0.198	+2.616	+1.300	+2.581	+0.146	+1.759	+0.004	-0.435	-0.314	-0.268	-0.265	-0.361	-0.383	+0.007	-0.141	-0.313	-0.099	-0.053	-0.042	-0.171	-0.310	-0.298	-0.085	+0.045	-0.159	-0.034	-0.126	-0.495	-0.489	-0.491	-0.454	-0.419	-0.442	-0.437	-0.464	-0.403	-0.605	-0.467	-0.596	-0.595	-0.597	-0.323	-0.411	-0.176	+0.469	
rs871861       -0.342	-0.188	-0.273	-0.453	-0.354	-0.396	-0.410	+0.429	-0.563	-0.523	-0.519	-0.525	-0.526	-0.523	-0.528	-0.572	-0.533	-0.603	-0.585	-0.599	-0.587	-0.577	+0.952	-0.243	-0.425	-0.074	+0.169	-0.443	+0.123	-0.460	-0.447	-0.300	-0.450	-0.442	+0.069	-0.315	-0.301	-0.423	-0.301	-0.321	-0.260	-0.293	-0.284	-0.285	+0.155	+0.159	+0.246	-0.306	+0.189	+0.544	+1.935	+1.988	+1.833	+2.870	+2.609	+2.472	+0.421	-0.052	+2.222	+2.246	+2.219	+2.213	+2.211	+2.168	+2.107	+0.264	+0.497	+2.116	+0.841	+0.809	+2.111	+0.769	+0.810	-0.042	-0.016	+0.271	+2.086	+0.828	+2.125	+0.771	+1.491	+0.313	+1.990	+0.307	+0.583	+0.285	+1.904	+2.038	+1.755	+0.316	+1.805	+1.325	+2.382	+1.337	+1.940	+1.245	+1.941	+1.948	+1.982	+2.224	+2.162	+1.893	+0.332	+0.341	+2.053	+0.356	+1.912	+2.030	+2.163	+1.989	+2.195	+1.887	-0.045	+2.210	+1.548	+1.965	+1.960	+2.251	+2.139	+2.129	+0.138	+0.421	-0.106	+2.376	+2.040	+0.139	+0.537	+0.246	+0.292	+0.246	+0.292	+2.442	+2.303	+0.389	+0.198	+0.351	+1.194	+0.060	+0.470	+0.210	+2.635	+1.269	+2.573	+0.127	+1.763	-0.005	-0.446	-0.326	-0.280	-0.277	-0.374	-0.395	+0.000	-0.146	-0.324	-0.105	-0.059	-0.049	-0.177	-0.322	-0.308	-0.092	+0.044	-0.171	-0.041	-0.136	-0.508	-0.503	-0.504	-0.467	-0.435	-0.455	-0.450	-0.477	-0.414	-0.617	-0.480	-0.610	-0.610	-0.611	-0.338	-0.425	-0.191	+0.449	
rs12454113     -0.331	-0.273	-0.166	-0.440	-0.314	-0.382	-0.380	+0.456	-0.536	-0.495	-0.491	-0.504	-0.506	-0.502	-0.508	-0.546	-0.512	-0.578	-0.559	-0.574	-0.562	-0.551	+0.968	-0.222	-0.404	-0.055	+0.187	-0.423	+0.141	-0.439	-0.427	-0.280	-0.429	-0.421	+0.088	-0.295	-0.281	-0.403	-0.281	-0.301	-0.240	-0.273	-0.264	-0.265	+0.173	+0.177	+0.264	-0.285	+0.205	+0.570	+1.952	+2.004	+1.854	+2.883	+2.624	+2.488	+0.446	-0.032	+2.237	+2.261	+2.234	+2.228	+2.226	+2.184	+2.123	+0.283	+0.515	+2.132	+0.856	+0.824	+2.127	+0.784	+0.825	-0.023	+0.003	+0.295	+2.102	+0.842	+2.141	+0.786	+1.511	+0.331	+2.006	+0.326	+0.603	+0.303	+1.920	+2.053	+1.771	+0.341	+1.820	+1.345	+2.397	+1.356	+1.954	+1.264	+1.956	+1.962	+1.996	+2.238	+2.176	+1.908	+0.351	+0.359	+2.067	+0.374	+1.927	+2.044	+2.177	+2.004	+2.209	+1.901	-0.026	+2.224	+1.563	+1.980	+1.974	+2.266	+2.153	+2.143	+0.160	+0.439	-0.087	+2.391	+2.055	+0.162	+0.556	+0.270	+0.311	+0.270	+0.317	+2.457	+2.317	+0.408	+0.217	+0.370	+1.213	+0.084	+0.488	+0.229	+2.650	+1.292	+2.589	+0.150	+1.779	+0.014	-0.427	-0.307	-0.261	-0.258	-0.354	-0.375	+0.019	-0.127	-0.303	-0.085	-0.040	-0.030	-0.158	-0.302	-0.288	-0.073	+0.063	-0.152	-0.022	-0.119	-0.488	-0.482	-0.484	-0.446	-0.414	-0.434	-0.429	-0.456	-0.393	-0.597	-0.459	-0.589	-0.589	-0.591	-0.317	-0.404	-0.170	+0.470	
rs1877415      -0.449	-0.453	-0.440	-0.199	-0.477	-0.424	-0.494	+0.458	-0.431	-0.369	-0.363	-0.499	-0.497	-0.501	-0.494	-0.451	-0.448	-0.505	-0.473	-0.498	-0.478	-0.461	+0.886	-0.255	-0.429	-0.158	+0.084	-0.448	+0.040	-0.465	-0.452	-0.310	-0.455	-0.447	-0.011	-0.326	-0.312	-0.428	-0.311	-0.331	-0.271	-0.304	-0.295	-0.295	+0.071	+0.075	+0.159	-0.316	+0.145	+0.584	+2.088	+2.144	+2.016	+2.938	+2.690	+2.552	+0.447	+0.008	+2.297	+2.319	+2.293	+2.287	+2.285	+2.241	+2.183	+0.341	+0.573	+2.190	+0.866	+0.834	+2.184	+0.795	+0.837	+0.016	+0.044	+0.292	+2.155	+0.852	+2.193	+0.795	+1.656	+0.389	+2.062	+0.384	+0.551	+0.360	+1.974	+2.110	+1.826	+0.339	+1.851	+1.481	+2.457	+1.493	+1.995	+1.365	+1.996	+2.003	+2.036	+2.279	+2.221	+1.952	+0.411	+0.420	+2.111	+0.436	+1.980	+2.087	+2.217	+2.044	+2.249	+1.941	+0.014	+2.264	+1.542	+2.008	+2.002	+2.305	+2.195	+2.185	+0.143	+0.504	-0.135	+2.439	+2.106	+0.144	+0.615	+0.266	+0.370	+0.266	+0.313	+2.524	+2.374	+0.468	+0.276	+0.431	+1.326	+0.078	+0.525	+0.261	+2.665	+1.389	+2.619	+0.143	+1.768	-0.006	-0.451	-0.338	-0.292	-0.289	-0.375	-0.400	+0.001	-0.137	-0.328	-0.099	-0.049	-0.050	-0.169	-0.322	-0.313	-0.096	+0.072	-0.183	-0.040	-0.132	-0.518	-0.513	-0.515	-0.480	-0.478	-0.469	-0.464	-0.488	-0.428	-0.627	-0.491	-0.615	-0.615	-0.616	-0.356	-0.441	-0.206	+0.401	
rs4245227      -0.384	-0.354	-0.314	-0.477	-0.438	-0.432	-0.537	+0.113	-0.834	-0.809	-0.806	-0.753	-0.755	-0.751	-0.758	-0.840	-0.769	-0.858	-0.849	-0.856	-0.850	-0.844	+0.797	-0.480	-0.664	-0.267	-0.004	-0.682	-0.052	-0.698	-0.686	-0.535	-0.688	-0.681	-0.109	-0.550	-0.536	-0.663	-0.536	-0.556	-0.496	-0.528	-0.519	-0.520	-0.019	-0.015	+0.076	-0.540	+0.003	+0.237	+1.784	+1.837	+1.622	+2.741	+2.471	+2.334	+0.125	-0.247	+2.081	+2.106	+2.078	+2.072	+2.070	+2.027	+1.963	+0.089	+0.320	+1.971	+0.708	+0.675	+1.965	+0.631	+0.674	-0.240	-0.212	-0.014	+1.940	+0.694	+1.982	+0.636	+1.294	+0.131	+1.843	+0.126	+0.356	+0.108	+1.754	+1.890	+1.611	+0.029	+1.660	+1.132	+2.245	+1.143	+1.805	+1.046	+1.806	+1.813	+1.847	+2.085	+2.017	+1.753	+0.157	+0.166	+1.919	+0.182	+1.776	+1.894	+2.029	+1.854	+2.054	+1.749	-0.241	+2.069	+1.406	+1.821	+1.816	+2.112	+2.007	+1.997	-0.139	+0.249	-0.312	+2.235	+1.901	-0.137	+0.355	-0.037	+0.115	-0.037	+0.006	+2.301	+2.174	+0.203	+0.012	+0.175	+0.995	-0.213	+0.281	+0.012	+2.486	+1.038	+2.432	-0.148	+1.596	-0.239	-0.680	-0.555	-0.508	-0.505	-0.596	-0.629	-0.222	-0.376	-0.569	-0.337	-0.288	-0.272	-0.407	-0.555	-0.554	-0.318	-0.168	-0.400	-0.265	-0.341	-0.741	-0.735	-0.737	-0.698	-0.678	-0.685	-0.680	-0.708	-0.656	-0.853	-0.711	-0.844	-0.844	-0.845	-0.573	-0.661	-0.426	+0.221	
rs10468997     -0.393	-0.396	-0.382	-0.424	-0.432	-0.160	-0.450	+0.433	-0.566	-0.528	-0.525	-0.506	-0.506	-0.504	-0.508	-0.572	-0.503	-0.598	-0.583	-0.595	-0.585	-0.576	+1.023	-0.217	-0.398	-0.056	+0.192	-0.417	+0.146	-0.433	-0.420	-0.269	-0.423	-0.415	+0.091	-0.284	-0.270	-0.395	-0.270	-0.290	-0.228	-0.261	-0.252	-0.253	+0.178	+0.182	+0.269	-0.274	+0.199	+0.555	+1.940	+1.993	+1.862	+2.900	+2.606	+2.474	+0.434	-0.006	+2.224	+2.248	+2.221	+2.215	+2.214	+2.171	+2.109	+0.312	+0.541	+2.118	+0.857	+0.825	+2.113	+0.784	+0.826	+0.003	+0.029	+0.285	+2.088	+0.844	+2.128	+0.788	+1.533	+0.356	+1.992	+0.351	+0.586	+0.331	+1.906	+2.039	+1.762	+0.330	+1.828	+1.370	+2.387	+1.382	+1.972	+1.318	+1.973	+1.980	+2.014	+2.252	+2.186	+1.922	+0.380	+0.389	+2.086	+0.405	+1.942	+2.060	+2.194	+2.021	+2.222	+1.918	+0.001	+2.237	+1.588	+1.988	+1.983	+2.280	+2.172	+2.162	+0.174	+0.471	-0.104	+2.402	+2.070	+0.176	+0.578	+0.261	+0.339	+0.261	+0.307	+2.445	+2.341	+0.427	+0.238	+0.398	+1.269	+0.081	+0.521	+0.252	+2.645	+1.304	+2.674	+0.145	+1.858	+0.083	-0.391	-0.269	-0.220	-0.217	-0.359	-0.335	+0.069	-0.073	-0.292	-0.030	+0.020	+0.017	-0.106	-0.261	-0.277	-0.030	+0.128	-0.107	+0.024	-0.079	-0.489	-0.483	-0.485	-0.447	-0.424	-0.435	-0.429	-0.457	-0.389	-0.595	-0.460	-0.592	-0.592	-0.594	-0.309	-0.397	-0.156	+0.464	
rs16949436     -0.425	-0.410	-0.380	-0.494	-0.537	-0.450	-0.394	+0.171	-0.775	-0.742	-0.739	-0.714	-0.716	-0.712	-0.718	-0.783	-0.727	-0.805	-0.793	-0.803	-0.795	-0.787	+0.821	-0.442	-0.624	-0.227	+0.034	-0.642	-0.014	-0.658	-0.646	-0.497	-0.648	-0.641	-0.072	-0.512	-0.498	-0.623	-0.497	-0.517	-0.457	-0.490	-0.481	-0.481	+0.018	+0.022	+0.112	-0.502	+0.028	+0.296	+1.819	+1.873	+1.678	+2.764	+2.503	+2.367	+0.181	-0.206	+2.114	+2.138	+2.111	+2.105	+2.103	+2.060	+1.996	+0.127	+0.359	+2.004	+0.734	+0.701	+1.998	+0.657	+0.700	-0.198	-0.171	+0.039	+1.973	+0.719	+2.014	+0.662	+1.346	+0.171	+1.876	+0.166	+0.389	+0.147	+1.788	+1.923	+1.643	+0.083	+1.685	+1.181	+2.276	+1.193	+1.828	+1.086	+1.829	+1.836	+1.870	+2.109	+2.042	+1.778	+0.195	+0.204	+1.942	+0.220	+1.799	+1.917	+2.052	+1.877	+2.078	+1.773	-0.199	+2.093	+1.432	+1.844	+1.839	+2.136	+2.029	+2.020	-0.093	+0.287	-0.278	+2.260	+1.925	-0.092	+0.394	+0.016	+0.154	+0.016	+0.061	+2.333	+2.197	+0.243	+0.052	+0.213	+1.036	-0.162	+0.317	+0.049	+2.507	+1.098	+2.463	-0.096	+1.621	-0.204	-0.642	-0.519	-0.472	-0.470	-0.558	-0.591	-0.188	-0.340	-0.528	-0.300	-0.252	-0.238	-0.371	-0.518	-0.514	-0.283	-0.132	-0.365	-0.231	-0.311	-0.700	-0.694	-0.696	-0.658	-0.635	-0.646	-0.640	-0.668	-0.613	-0.811	-0.671	-0.803	-0.802	-0.804	-0.531	-0.619	-0.383	+0.260	
rs72923588     +0.447	+0.429	+0.456	+0.458	+0.113	+0.433	+0.171	+0.471	-0.131	-0.149	-0.150	+0.067	+0.062	+0.072	+0.056	-0.129	+0.017	-0.108	-0.125	-0.113	-0.122	-0.129	+1.622	+0.424	+0.185	+0.747	+1.087	+0.159	+1.025	+0.138	+0.155	+0.353	+0.151	+0.162	+0.946	+0.332	+0.351	+0.186	+0.352	+0.325	+0.405	+0.361	+0.374	+0.373	+1.062	+1.067	+1.180	+0.345	+1.083	+0.494	+2.177	+2.227	+1.879	+3.146	+2.838	+2.721	+0.429	+0.684	+2.479	+2.500	+2.476	+2.470	+2.470	+2.431	+2.369	+1.110	+1.383	+2.377	+1.924	+1.886	+2.373	+1.824	+1.875	+0.690	+0.725	+0.343	+2.347	+1.906	+2.390	+1.836	+1.577	+1.157	+2.256	+1.150	+0.821	+1.132	+2.172	+2.302	+2.020	+0.372	+2.132	+1.425	+2.641	+1.435	+2.247	+1.411	+2.248	+2.255	+2.288	+2.531	+2.456	+2.188	+1.190	+1.201	+2.356	+1.219	+2.206	+2.319	+2.445	+2.293	+2.500	+2.193	+0.693	+2.515	+1.897	+2.261	+2.255	+2.557	+2.440	+2.431	+0.305	+1.303	+0.650	+2.683	+2.346	+0.306	+1.413	+0.331	+1.138	+0.331	+0.359	+2.701	+2.604	+1.229	+1.002	+1.208	+1.366	+0.231	+1.344	+1.027	+2.918	+1.313	+2.844	+0.271	+2.410	+0.444	+0.032	+0.147	+0.191	+0.193	+0.272	+0.076	+0.484	+0.326	+0.114	+0.359	+0.412	+0.437	+0.298	+0.152	+0.128	+0.387	+0.558	+0.299	+0.446	+0.384	+0.164	+0.182	+0.177	+0.284	+0.009	+0.311	+0.319	+0.116	+0.118	-0.086	+0.111	-0.074	-0.074	-0.076	+0.206	+0.094	+0.321	+1.145	
rs12607412     -0.565	-0.563	-0.536	-0.431	-0.834	-0.566	-0.775	-0.131	-0.633	-0.796	-0.793	-0.896	-0.899	-0.892	-0.903	-0.833	-0.924	-0.818	-0.839	-0.827	-0.837	-0.845	+0.832	-0.651	-0.843	-0.434	-0.160	-0.862	-0.209	-0.878	-0.866	-0.705	-0.868	-0.860	-0.270	-0.720	-0.706	-0.842	-0.705	-0.726	-0.664	-0.698	-0.688	-0.689	-0.175	-0.172	-0.079	-0.710	-0.115	-0.005	+1.643	+1.697	+1.414	+2.632	+2.342	+2.202	-0.111	-0.425	+1.947	+1.972	+1.944	+1.938	+1.936	+1.892	+1.828	-0.076	+0.150	+1.835	+0.585	+0.551	+1.830	+0.505	+0.549	-0.419	-0.391	-0.243	+1.803	+0.570	+1.846	+0.511	+1.115	-0.036	+1.706	-0.041	+0.206	-0.056	+1.616	+1.754	+1.488	-0.200	+1.542	+0.951	+2.114	+0.963	+1.698	+0.892	+1.699	+1.706	+1.740	+1.969	+1.903	+1.649	-0.008	+0.000	+1.814	+0.017	+1.671	+1.791	+1.925	+1.747	+1.937	+1.642	-0.418	+1.953	+1.283	+1.714	+1.708	+1.995	+1.902	+1.892	-0.331	+0.085	-0.461	+2.121	+1.798	-0.330	+0.181	-0.264	-0.051	-0.263	-0.222	+2.170	+2.073	+0.028	-0.157	+0.009	+0.841	-0.432	+0.121	-0.153	+2.374	+0.819	+2.319	-0.367	+1.478	-0.401	-0.851	-0.716	-0.668	-0.665	-0.764	-0.799	-0.374	-0.539	-0.751	-0.500	-0.449	-0.425	-0.570	-0.723	-0.736	-0.473	-0.329	-0.558	-0.418	-0.479	-0.920	-0.913	-0.915	-0.875	-0.867	-0.861	-0.857	-0.884	-0.846	-1.037	-0.887	-1.026	-1.026	-1.027	-0.760	-0.848	-0.616	+0.053	
rs12456253     -0.529	-0.523	-0.495	-0.369	-0.809	-0.528	-0.742	-0.149	-0.796	-0.632	-0.774	-0.885	-0.889	-0.881	-0.894	-0.742	-0.922	-0.634	-0.746	-0.683	-0.735	-0.774	+0.773	-0.645	-0.842	-0.425	-0.148	-0.861	-0.197	-0.877	-0.865	-0.700	-0.867	-0.859	-0.259	-0.715	-0.701	-0.841	-0.700	-0.721	-0.659	-0.693	-0.683	-0.684	-0.163	-0.159	-0.066	-0.706	-0.102	-0.022	+1.631	+1.686	+1.391	+2.622	+2.330	+2.191	-0.125	-0.430	+1.937	+1.963	+1.934	+1.928	+1.927	+1.883	+1.817	-0.081	+0.151	+1.825	+0.590	+0.556	+1.820	+0.509	+0.553	-0.424	-0.396	-0.255	+1.794	+0.576	+1.838	+0.517	+1.091	-0.043	+1.696	-0.048	+0.206	-0.061	+1.606	+1.743	+1.473	-0.213	+1.537	+0.930	+2.104	+0.941	+1.686	+0.876	+1.688	+1.694	+1.729	+1.962	+1.893	+1.635	-0.012	-0.004	+1.802	+0.012	+1.659	+1.777	+1.912	+1.735	+1.930	+1.630	-0.423	+1.946	+1.286	+1.703	+1.697	+1.989	+1.890	+1.881	-0.340	+0.080	-0.452	+2.112	+1.783	-0.339	+0.179	-0.275	-0.055	-0.275	-0.234	+2.158	+2.059	+0.026	-0.164	+0.004	+0.823	-0.442	+0.124	-0.153	+2.369	+0.790	+2.295	-0.377	+1.469	-0.399	-0.849	-0.712	-0.663	-0.660	-0.761	-0.797	-0.371	-0.538	-0.752	-0.499	-0.449	-0.422	-0.570	-0.721	-0.737	-0.470	-0.331	-0.553	-0.415	-0.470	-0.917	-0.910	-0.913	-0.871	-0.866	-0.857	-0.852	-0.880	-0.851	-1.039	-0.883	-1.026	-1.026	-1.028	-0.764	-0.852	-0.621	+0.055	
rs12606093     -0.525	-0.519	-0.491	-0.363	-0.806	-0.525	-0.739	-0.150	-0.793	-0.774	-0.632	-0.884	-0.888	-0.880	-0.893	-0.738	-0.921	-0.621	-0.741	-0.676	-0.728	-0.770	+0.770	-0.644	-0.842	-0.424	-0.146	-0.861	-0.196	-0.876	-0.864	-0.699	-0.867	-0.859	-0.258	-0.715	-0.700	-0.840	-0.700	-0.721	-0.658	-0.692	-0.682	-0.683	-0.162	-0.158	-0.064	-0.705	-0.100	-0.023	+1.631	+1.685	+1.390	+2.622	+2.329	+2.191	-0.126	-0.430	+1.936	+1.962	+1.934	+1.928	+1.926	+1.882	+1.817	-0.081	+0.152	+1.824	+0.591	+0.557	+1.819	+0.509	+0.554	-0.424	-0.396	-0.255	+1.793	+0.577	+1.837	+0.518	+1.089	-0.043	+1.695	-0.048	+0.206	-0.061	+1.606	+1.743	+1.472	-0.213	+1.537	+0.929	+2.104	+0.940	+1.686	+0.874	+1.687	+1.694	+1.729	+1.962	+1.893	+1.634	-0.012	-0.004	+1.801	+0.013	+1.658	+1.777	+1.911	+1.735	+1.930	+1.629	-0.423	+1.946	+1.287	+1.702	+1.697	+1.989	+1.889	+1.880	-0.340	+0.080	-0.452	+2.112	+1.782	-0.339	+0.180	-0.276	-0.055	-0.276	-0.235	+2.157	+2.058	+0.026	-0.164	+0.004	+0.822	-0.442	+0.125	-0.153	+2.369	+0.787	+2.294	-0.378	+1.469	-0.398	-0.848	-0.711	-0.662	-0.660	-0.760	-0.796	-0.371	-0.538	-0.751	-0.498	-0.448	-0.422	-0.569	-0.720	-0.736	-0.469	-0.331	-0.552	-0.414	-0.468	-0.917	-0.910	-0.912	-0.870	-0.866	-0.857	-0.852	-0.879	-0.851	-1.039	-0.882	-1.026	-1.026	-1.027	-0.764	-0.851	-0.621	+0.056	
rs79521170     -0.511	-0.525	-0.504	-0.499	-0.753	-0.506	-0.714	+0.067	-0.896	-0.885	-0.884	-0.440	-0.557	-0.558	-0.557	-0.896	-0.539	-0.898	-0.898	-0.898	-0.898	-0.897	+0.851	-0.480	-0.669	-0.274	-0.002	-0.687	-0.051	-0.703	-0.691	-0.534	-0.693	-0.685	-0.111	-0.549	-0.535	-0.667	-0.534	-0.555	-0.493	-0.527	-0.517	-0.518	-0.017	-0.013	+0.079	-0.539	+0.050	+0.194	+1.840	+1.897	+1.581	+2.865	+2.559	+2.417	+0.086	-0.226	+2.159	+2.185	+2.156	+2.150	+2.148	+2.104	+2.037	+0.116	+0.328	+2.044	+0.775	+0.740	+2.039	+0.695	+0.739	-0.220	-0.191	-0.047	+2.015	+0.760	+2.057	+0.701	+1.302	+0.155	+1.914	+0.150	+0.406	+0.136	+1.824	+1.962	+1.727	-0.004	+1.754	+1.143	+2.326	+1.154	+1.949	+1.094	+1.950	+1.957	+1.992	+2.185	+2.122	+1.903	+0.186	+0.194	+2.068	+0.211	+1.925	+2.047	+2.182	+2.000	+2.154	+1.892	-0.219	+2.169	+1.469	+1.965	+1.959	+2.212	+2.157	+2.147	-0.135	+0.280	-0.280	+2.341	+2.050	-0.134	+0.359	-0.069	+0.142	-0.068	-0.026	+2.384	+2.337	+0.206	+0.033	+0.202	+1.043	-0.239	+0.300	+0.025	+2.599	+0.983	+2.583	-0.173	+1.693	-0.208	-0.667	-0.532	-0.483	-0.480	-0.577	-0.614	-0.183	-0.347	-0.567	-0.308	-0.256	-0.234	-0.379	-0.536	-0.552	-0.284	-0.139	-0.371	-0.227	-0.287	-0.743	-0.736	-0.738	-0.698	-0.695	-0.685	-0.680	-0.706	-0.674	-0.862	-0.710	-0.848	-0.848	-0.850	-0.588	-0.675	-0.445	+0.229	
rs79628908     -0.513	-0.526	-0.506	-0.497	-0.755	-0.506	-0.716	+0.062	-0.899	-0.889	-0.888	-0.557	-0.443	-0.557	-0.561	-0.899	-0.550	-0.901	-0.901	-0.901	-0.901	-0.900	+0.851	-0.482	-0.671	-0.274	-0.002	-0.690	-0.051	-0.705	-0.693	-0.535	-0.696	-0.688	-0.111	-0.551	-0.536	-0.670	-0.536	-0.557	-0.495	-0.528	-0.519	-0.520	-0.017	-0.013	+0.079	-0.541	+0.049	+0.190	+1.836	+1.893	+1.577	+2.860	+2.554	+2.412	+0.082	-0.230	+2.154	+2.180	+2.152	+2.146	+2.144	+2.099	+2.032	+0.113	+0.326	+2.040	+0.772	+0.737	+2.035	+0.692	+0.736	-0.224	-0.194	-0.051	+2.011	+0.757	+2.053	+0.698	+1.298	+0.152	+1.910	+0.147	+0.403	+0.133	+1.820	+1.958	+1.721	-0.008	+1.750	+1.138	+2.322	+1.150	+1.943	+1.090	+1.944	+1.951	+1.987	+2.181	+2.117	+1.897	+0.183	+0.191	+2.062	+0.208	+1.919	+2.041	+2.176	+1.994	+2.150	+1.886	-0.222	+2.165	+1.466	+1.959	+1.953	+2.208	+2.151	+2.141	-0.139	+0.276	-0.282	+2.336	+2.044	-0.138	+0.357	-0.072	+0.139	-0.072	-0.030	+2.379	+2.331	+0.203	+0.030	+0.199	+1.038	-0.243	+0.298	+0.022	+2.594	+0.979	+2.576	-0.177	+1.689	-0.212	-0.670	-0.535	-0.486	-0.483	-0.580	-0.617	-0.186	-0.350	-0.570	-0.311	-0.259	-0.238	-0.382	-0.539	-0.555	-0.287	-0.142	-0.374	-0.230	-0.291	-0.745	-0.739	-0.741	-0.701	-0.697	-0.688	-0.683	-0.709	-0.676	-0.865	-0.712	-0.851	-0.851	-0.852	-0.590	-0.677	-0.447	+0.226	
rs953697       -0.509	-0.523	-0.502	-0.501	-0.751	-0.504	-0.712	+0.072	-0.892	-0.881	-0.880	-0.558	-0.557	-0.437	-0.554	-0.892	-0.524	-0.895	-0.894	-0.895	-0.895	-0.893	+0.851	-0.478	-0.666	-0.273	-0.001	-0.685	-0.050	-0.700	-0.688	-0.531	-0.691	-0.683	-0.110	-0.547	-0.532	-0.665	-0.532	-0.553	-0.491	-0.524	-0.515	-0.516	-0.017	-0.013	+0.079	-0.537	+0.052	+0.199	+1.843	+1.901	+1.584	+2.870	+2.563	+2.421	+0.091	-0.222	+2.163	+2.189	+2.160	+2.154	+2.152	+2.108	+2.041	+0.120	+0.330	+2.048	+0.778	+0.743	+2.043	+0.698	+0.742	-0.216	-0.186	-0.043	+2.019	+0.763	+2.061	+0.704	+1.307	+0.159	+1.918	+0.154	+0.410	+0.140	+1.828	+1.966	+1.732	+0.000	+1.758	+1.147	+2.330	+1.159	+1.954	+1.098	+1.956	+1.963	+1.998	+2.189	+2.126	+1.909	+0.190	+0.198	+2.074	+0.215	+1.931	+2.053	+2.188	+2.005	+2.158	+1.898	-0.214	+2.173	+1.471	+1.971	+1.965	+2.216	+2.163	+2.153	-0.131	+0.283	-0.277	+2.345	+2.056	-0.130	+0.361	-0.065	+0.146	-0.064	-0.022	+2.388	+2.343	+0.208	+0.037	+0.206	+1.047	-0.235	+0.302	+0.027	+2.603	+0.988	+2.590	-0.169	+1.698	-0.205	-0.663	-0.528	-0.479	-0.477	-0.574	-0.610	-0.179	-0.343	-0.564	-0.304	-0.252	-0.231	-0.375	-0.532	-0.548	-0.280	-0.136	-0.368	-0.224	-0.284	-0.740	-0.733	-0.735	-0.695	-0.692	-0.682	-0.677	-0.704	-0.671	-0.859	-0.707	-0.845	-0.845	-0.847	-0.585	-0.672	-0.442	+0.231	
rs17755606     -0.515	-0.528	-0.508	-0.494	-0.758	-0.508	-0.718	+0.056	-0.903	-0.894	-0.893	-0.557	-0.561	-0.554	-0.447	-0.903	-0.564	-0.904	-0.905	-0.905	-0.905	-0.904	+0.851	-0.484	-0.674	-0.275	-0.001	-0.693	-0.051	-0.708	-0.696	-0.538	-0.699	-0.691	-0.111	-0.553	-0.539	-0.673	-0.539	-0.559	-0.498	-0.531	-0.522	-0.522	-0.017	-0.013	+0.080	-0.543	+0.046	+0.184	+1.831	+1.888	+1.572	+2.853	+2.548	+2.406	+0.076	-0.234	+2.149	+2.175	+2.146	+2.140	+2.138	+2.094	+2.027	+0.109	+0.324	+2.034	+0.768	+0.733	+2.029	+0.688	+0.732	-0.228	-0.199	-0.056	+2.005	+0.753	+2.047	+0.694	+1.291	+0.148	+1.904	+0.143	+0.398	+0.129	+1.814	+1.952	+1.714	-0.013	+1.745	+1.132	+2.316	+1.144	+1.935	+1.084	+1.936	+1.943	+1.979	+2.175	+2.111	+1.889	+0.178	+0.186	+2.054	+0.203	+1.911	+2.033	+2.167	+1.986	+2.144	+1.878	-0.227	+2.159	+1.463	+1.951	+1.946	+2.202	+2.143	+2.133	-0.144	+0.272	-0.286	+2.330	+2.035	-0.143	+0.354	-0.078	+0.134	-0.077	-0.035	+2.373	+2.322	+0.200	+0.026	+0.194	+1.032	-0.248	+0.295	+0.019	+2.588	+0.973	+2.567	-0.182	+1.683	-0.216	-0.674	-0.539	-0.489	-0.487	-0.584	-0.621	-0.190	-0.355	-0.574	-0.316	-0.264	-0.242	-0.386	-0.543	-0.559	-0.291	-0.147	-0.378	-0.235	-0.295	-0.749	-0.742	-0.744	-0.704	-0.700	-0.691	-0.686	-0.713	-0.680	-0.868	-0.716	-0.855	-0.854	-0.856	-0.594	-0.681	-0.450	+0.224	
rs8091660      -0.574	-0.572	-0.546	-0.451	-0.840	-0.572	-0.783	-0.129	-0.833	-0.742	-0.738	-0.896	-0.899	-0.892	-0.903	-0.633	-0.924	-0.742	-0.783	-0.762	-0.781	-0.794	+0.827	-0.650	-0.843	-0.434	-0.160	-0.862	-0.209	-0.878	-0.865	-0.704	-0.868	-0.860	-0.270	-0.720	-0.705	-0.842	-0.705	-0.726	-0.664	-0.697	-0.688	-0.689	-0.175	-0.172	-0.079	-0.710	-0.115	-0.001	+1.646	+1.700	+1.418	+2.634	+2.345	+2.205	-0.108	-0.424	+1.949	+1.975	+1.947	+1.940	+1.939	+1.895	+1.831	-0.075	+0.151	+1.838	+0.585	+0.551	+1.833	+0.505	+0.549	-0.419	-0.390	-0.240	+1.805	+0.570	+1.848	+0.512	+1.120	-0.035	+1.708	-0.040	+0.206	-0.056	+1.618	+1.756	+1.491	-0.198	+1.544	+0.955	+2.116	+0.966	+1.700	+0.895	+1.701	+1.708	+1.743	+1.970	+1.905	+1.652	-0.007	+0.001	+1.817	+0.018	+1.674	+1.793	+1.927	+1.750	+1.939	+1.644	-0.417	+1.954	+1.284	+1.716	+1.710	+1.997	+1.904	+1.894	-0.329	+0.085	-0.460	+2.123	+1.801	-0.328	+0.181	-0.262	-0.050	-0.262	-0.220	+2.173	+2.077	+0.028	-0.156	+0.009	+0.844	-0.431	+0.122	-0.153	+2.375	+0.824	+2.313	-0.366	+1.475	-0.401	-0.851	-0.715	-0.667	-0.664	-0.764	-0.799	-0.374	-0.539	-0.750	-0.500	-0.449	-0.425	-0.570	-0.723	-0.735	-0.472	-0.329	-0.557	-0.417	-0.478	-0.919	-0.913	-0.915	-0.874	-0.867	-0.861	-0.856	-0.883	-0.845	-1.037	-0.886	-1.026	-1.025	-1.027	-0.759	-0.847	-0.615	+0.054	
rs17828681     -0.521	-0.533	-0.512	-0.448	-0.769	-0.503	-0.727	+0.017	-0.924	-0.922	-0.921	-0.539	-0.550	-0.524	-0.564	-0.924	-0.471	-0.919	-0.923	-0.921	-0.923	-0.924	+0.865	-0.491	-0.690	-0.267	+0.010	-0.709	-0.040	-0.725	-0.712	-0.548	-0.715	-0.707	-0.103	-0.563	-0.549	-0.688	-0.548	-0.570	-0.506	-0.540	-0.531	-0.531	-0.006	-0.002	+0.093	-0.553	+0.037	+0.145	+1.801	+1.857	+1.545	+2.810	+2.509	+2.369	+0.041	-0.266	+2.113	+2.139	+2.110	+2.104	+2.103	+2.058	+1.991	+0.083	+0.313	+1.999	+0.746	+0.712	+1.994	+0.666	+0.710	-0.260	-0.231	-0.089	+1.970	+0.731	+2.013	+0.672	+1.250	+0.121	+1.869	+0.116	+0.369	+0.103	+1.780	+1.917	+1.662	-0.047	+1.711	+1.093	+2.281	+1.105	+1.883	+1.045	+1.884	+1.891	+1.926	+2.140	+2.073	+1.834	+0.153	+0.161	+2.000	+0.178	+1.857	+1.977	+2.113	+1.933	+2.108	+1.826	-0.258	+2.123	+1.446	+1.899	+1.893	+2.167	+2.089	+2.079	-0.176	+0.246	-0.306	+2.292	+1.980	-0.175	+0.341	-0.111	+0.109	-0.110	-0.069	+2.336	+2.264	+0.186	-0.001	+0.169	+0.991	-0.279	+0.283	+0.004	+2.551	+0.935	+2.508	-0.213	+1.642	-0.245	-0.698	-0.563	-0.514	-0.511	-0.608	-0.646	-0.218	-0.384	-0.598	-0.344	-0.293	-0.270	-0.415	-0.569	-0.583	-0.318	-0.175	-0.403	-0.262	-0.324	-0.769	-0.762	-0.764	-0.723	-0.715	-0.710	-0.705	-0.732	-0.699	-0.888	-0.735	-0.876	-0.875	-0.877	-0.611	-0.699	-0.468	+0.211	
rs11082685     -0.603	-0.603	-0.578	-0.505	-0.858	-0.598	-0.805	-0.108	-0.818	-0.634	-0.621	-0.898	-0.901	-0.895	-0.904	-0.742	-0.919	-0.627	-0.754	-0.768	-0.757	-0.752	+0.878	-0.650	-0.838	-0.437	-0.165	-0.857	-0.214	-0.873	-0.861	-0.703	-0.863	-0.855	-0.273	-0.718	-0.704	-0.837	-0.704	-0.724	-0.663	-0.696	-0.687	-0.687	-0.180	-0.176	-0.084	-0.709	-0.120	+0.020	+1.662	+1.715	+1.442	+2.649	+2.361	+2.221	-0.089	-0.414	+1.964	+1.989	+1.961	+1.955	+1.953	+1.909	+1.846	-0.066	+0.155	+1.853	+0.586	+0.552	+1.847	+0.507	+0.551	-0.408	-0.380	-0.224	+1.819	+0.571	+1.862	+0.512	+1.146	-0.025	+1.723	-0.030	+0.212	-0.047	+1.633	+1.771	+1.510	-0.181	+1.554	+0.978	+2.130	+0.990	+1.716	+0.915	+1.717	+1.724	+1.759	+1.982	+1.919	+1.670	+0.002	+0.010	+1.833	+0.027	+1.691	+1.811	+1.944	+1.766	+1.951	+1.660	-0.408	+1.966	+1.286	+1.732	+1.726	+2.009	+1.920	+1.911	-0.316	+0.095	-0.461	+2.136	+1.820	-0.315	+0.187	-0.246	-0.041	-0.246	-0.204	+2.188	+2.096	+0.036	-0.145	+0.019	+0.866	-0.417	+0.125	-0.148	+2.386	+0.855	+2.332	-0.352	+1.486	-0.397	-0.847	-0.713	-0.665	-0.662	-0.761	-0.795	-0.371	-0.534	-0.744	-0.495	-0.444	-0.421	-0.565	-0.719	-0.729	-0.469	-0.322	-0.555	-0.414	-0.479	-0.916	-0.910	-0.912	-0.872	-0.862	-0.859	-0.854	-0.881	-0.834	-1.029	-0.884	-1.020	-1.019	-1.021	-0.750	-0.838	-0.605	+0.057	
rs1567656      -0.586	-0.585	-0.559	-0.473	-0.849	-0.583	-0.793	-0.125	-0.839	-0.746	-0.741	-0.898	-0.901	-0.894	-0.905	-0.783	-0.923	-0.754	-0.632	-0.757	-0.774	-0.779	+0.843	-0.651	-0.843	-0.436	-0.163	-0.862	-0.212	-0.877	-0.865	-0.705	-0.868	-0.860	-0.272	-0.721	-0.706	-0.841	-0.706	-0.727	-0.665	-0.698	-0.689	-0.689	-0.178	-0.174	-0.082	-0.711	-0.118	+0.004	+1.649	+1.703	+1.423	+2.637	+2.348	+2.208	-0.104	-0.423	+1.952	+1.978	+1.950	+1.943	+1.942	+1.898	+1.834	-0.074	+0.151	+1.841	+0.584	+0.550	+1.836	+0.504	+0.548	-0.417	-0.388	-0.237	+1.808	+0.569	+1.851	+0.511	+1.125	-0.034	+1.711	-0.039	+0.207	-0.055	+1.621	+1.759	+1.495	-0.194	+1.546	+0.960	+2.119	+0.971	+1.704	+0.899	+1.705	+1.712	+1.746	+1.973	+1.908	+1.656	-0.006	+0.002	+1.821	+0.019	+1.678	+1.797	+1.931	+1.753	+1.941	+1.648	-0.416	+1.957	+1.283	+1.720	+1.714	+1.999	+1.908	+1.898	-0.326	+0.087	-0.462	+2.126	+1.805	-0.325	+0.182	-0.258	-0.049	-0.258	-0.216	+2.176	+2.081	+0.029	-0.154	+0.011	+0.849	-0.428	+0.121	-0.153	+2.377	+0.831	+2.317	-0.363	+1.478	-0.401	-0.851	-0.716	-0.668	-0.665	-0.764	-0.799	-0.374	-0.538	-0.750	-0.499	-0.449	-0.425	-0.570	-0.723	-0.734	-0.473	-0.328	-0.558	-0.418	-0.479	-0.920	-0.913	-0.915	-0.875	-0.866	-0.862	-0.857	-0.884	-0.843	-1.036	-0.887	-1.025	-1.025	-1.026	-0.758	-0.846	-0.613	+0.053	
rs4939780      -0.599	-0.599	-0.574	-0.498	-0.856	-0.595	-0.803	-0.113	-0.827	-0.683	-0.676	-0.898	-0.901	-0.895	-0.905	-0.762	-0.921	-0.768	-0.757	-0.629	-0.765	-0.757	+0.868	-0.650	-0.840	-0.437	-0.164	-0.859	-0.213	-0.874	-0.862	-0.704	-0.865	-0.857	-0.273	-0.719	-0.705	-0.839	-0.705	-0.725	-0.664	-0.697	-0.688	-0.688	-0.180	-0.176	-0.084	-0.710	-0.120	+0.015	+1.658	+1.712	+1.437	+2.646	+2.358	+2.217	-0.094	-0.417	+1.961	+1.986	+1.958	+1.952	+1.950	+1.906	+1.842	-0.069	+0.154	+1.849	+0.585	+0.551	+1.844	+0.506	+0.550	-0.411	-0.383	-0.228	+1.816	+0.570	+1.858	+0.512	+1.140	-0.027	+1.719	-0.033	+0.210	-0.049	+1.629	+1.767	+1.506	-0.185	+1.551	+0.973	+2.126	+0.984	+1.712	+0.910	+1.713	+1.720	+1.755	+1.979	+1.915	+1.666	-0.000	+0.008	+1.830	+0.024	+1.687	+1.807	+1.940	+1.762	+1.948	+1.657	-0.410	+1.963	+1.285	+1.728	+1.722	+2.006	+1.917	+1.907	-0.319	+0.092	-0.462	+2.133	+1.816	-0.318	+0.186	-0.250	-0.043	-0.249	-0.207	+2.185	+2.092	+0.033	-0.148	+0.016	+0.861	-0.421	+0.123	-0.149	+2.383	+0.848	+2.328	-0.355	+1.483	-0.399	-0.848	-0.714	-0.666	-0.663	-0.762	-0.796	-0.372	-0.535	-0.746	-0.497	-0.446	-0.423	-0.567	-0.721	-0.731	-0.471	-0.324	-0.556	-0.415	-0.480	-0.917	-0.911	-0.913	-0.873	-0.863	-0.860	-0.855	-0.882	-0.837	-1.032	-0.885	-1.022	-1.021	-1.023	-0.752	-0.841	-0.607	+0.056	
rs3744827      -0.588	-0.587	-0.562	-0.478	-0.850	-0.585	-0.795	-0.122	-0.837	-0.735	-0.728	-0.898	-0.901	-0.895	-0.905	-0.781	-0.923	-0.757	-0.774	-0.765	-0.632	-0.777	+0.848	-0.651	-0.842	-0.436	-0.163	-0.861	-0.212	-0.877	-0.864	-0.705	-0.867	-0.859	-0.272	-0.720	-0.706	-0.841	-0.706	-0.726	-0.664	-0.698	-0.689	-0.689	-0.178	-0.175	-0.082	-0.711	-0.118	+0.006	+1.651	+1.705	+1.426	+2.639	+2.350	+2.210	-0.102	-0.422	+1.954	+1.979	+1.951	+1.945	+1.943	+1.899	+1.835	-0.073	+0.151	+1.842	+0.584	+0.550	+1.837	+0.504	+0.549	-0.416	-0.387	-0.235	+1.809	+0.569	+1.852	+0.511	+1.128	-0.032	+1.713	-0.037	+0.207	-0.054	+1.623	+1.760	+1.497	-0.192	+1.547	+0.962	+2.120	+0.974	+1.705	+0.901	+1.706	+1.713	+1.748	+1.974	+1.909	+1.658	-0.005	+0.003	+1.822	+0.020	+1.679	+1.799	+1.933	+1.755	+1.942	+1.649	-0.415	+1.958	+1.283	+1.721	+1.715	+2.000	+1.909	+1.900	-0.325	+0.088	-0.462	+2.127	+1.807	-0.324	+0.182	-0.256	-0.048	-0.256	-0.214	+2.177	+2.083	+0.030	-0.153	+0.012	+0.852	-0.427	+0.122	-0.152	+2.378	+0.835	+2.319	-0.361	+1.478	-0.400	-0.850	-0.716	-0.667	-0.665	-0.764	-0.798	-0.374	-0.538	-0.749	-0.499	-0.448	-0.424	-0.569	-0.723	-0.734	-0.472	-0.328	-0.557	-0.417	-0.479	-0.919	-0.913	-0.915	-0.875	-0.866	-0.861	-0.856	-0.883	-0.842	-1.035	-0.886	-1.024	-1.024	-1.026	-0.757	-0.845	-0.612	+0.054	
rs2175564      -0.579	-0.577	-0.551	-0.461	-0.844	-0.576	-0.787	-0.129	-0.845	-0.774	-0.770	-0.897	-0.900	-0.893	-0.904	-0.794	-0.924	-0.752	-0.779	-0.757	-0.777	-0.633	+0.831	-0.651	-0.843	-0.435	-0.161	-0.862	-0.210	-0.878	-0.866	-0.705	-0.868	-0.860	-0.271	-0.720	-0.706	-0.842	-0.706	-0.726	-0.664	-0.698	-0.688	-0.689	-0.176	-0.173	-0.080	-0.710	-0.115	-0.001	+1.646	+1.700	+1.418	+2.633	+2.345	+2.205	-0.107	-0.424	+1.950	+1.975	+1.947	+1.941	+1.939	+1.895	+1.831	-0.076	+0.150	+1.838	+0.584	+0.550	+1.833	+0.504	+0.548	-0.418	-0.390	-0.240	+1.806	+0.570	+1.849	+0.511	+1.120	-0.036	+1.709	-0.040	+0.206	-0.056	+1.619	+1.757	+1.492	-0.198	+1.543	+0.955	+2.116	+0.966	+1.699	+0.893	+1.701	+1.707	+1.742	+1.970	+1.904	+1.651	-0.007	+0.001	+1.816	+0.018	+1.673	+1.792	+1.926	+1.749	+1.938	+1.643	-0.417	+1.954	+1.283	+1.716	+1.710	+1.996	+1.903	+1.894	-0.330	+0.085	-0.461	+2.122	+1.800	-0.329	+0.181	-0.261	-0.050	-0.261	-0.219	+2.173	+2.076	+0.028	-0.156	+0.009	+0.843	-0.431	+0.121	-0.153	+2.375	+0.825	+2.314	-0.365	+1.475	-0.401	-0.851	-0.716	-0.668	-0.665	-0.764	-0.799	-0.374	-0.539	-0.751	-0.500	-0.449	-0.425	-0.570	-0.723	-0.735	-0.473	-0.330	-0.557	-0.418	-0.479	-0.920	-0.913	-0.915	-0.875	-0.867	-0.862	-0.857	-0.884	-0.845	-1.037	-0.887	-1.026	-1.026	-1.027	-0.759	-0.847	-0.615	+0.053	
rs17829286     +0.950	+0.952	+0.968	+0.886	+0.797	+1.023	+0.821	+1.622	+0.832	+0.773	+0.770	+0.851	+0.851	+0.851	+0.851	+0.827	+0.865	+0.878	+0.843	+0.868	+0.848	+0.831	+1.327	+1.114	+0.935	+1.103	+1.317	+0.917	+1.277	+0.901	+0.912	+1.043	+0.909	+0.917	+1.224	+1.030	+1.043	+0.935	+1.043	+1.025	+1.083	+1.051	+1.059	+1.059	+1.307	+1.310	+1.387	+1.040	+1.459	+1.727	+2.939	+3.006	+2.852	+3.796	+3.615	+3.481	+1.631	+1.332	+3.248	+3.278	+3.246	+3.240	+3.237	+3.197	+3.108	+1.665	+1.870	+3.119	+2.113	+2.083	+3.114	+2.015	+2.055	+1.343	+1.370	+1.507	+3.123	+2.100	+3.161	+2.043	+2.598	+1.668	+3.001	+1.665	+1.704	+1.685	+2.921	+3.045	+2.833	+1.551	+2.778	+2.487	+3.386	+2.498	+2.963	+2.356	+2.964	+2.971	+3.004	+3.179	+3.125	+2.926	+1.736	+1.746	+3.055	+1.762	+2.950	+3.056	+3.172	+3.015	+3.159	+2.918	+1.347	+3.171	+2.612	+2.985	+2.980	+3.204	+3.152	+3.143	+1.321	+1.832	+1.236	+3.291	+2.999	+1.323	+1.865	+1.487	+1.692	+1.488	+1.529	+3.407	+3.268	+1.689	+1.527	+1.751	+2.277	+1.332	+1.825	+1.497	+3.560	+2.237	+3.461	+1.394	+2.577	+1.206	+0.845	+0.948	+0.988	+0.990	+1.038	+0.886	+1.197	+1.059	+0.933	+1.097	+1.134	+1.150	+1.031	+0.941	+0.945	+1.115	+1.179	+1.072	+1.161	+1.133	+0.929	+0.941	+0.938	+1.009	+0.839	+1.027	+1.037	+0.956	+0.850	+0.713	+0.952	+0.753	+0.752	+0.751	+0.940	+0.863	+1.035	+1.863	
rs59988504     -0.226	-0.243	-0.222	-0.255	-0.480	-0.217	-0.442	+0.424	-0.651	-0.645	-0.644	-0.480	-0.482	-0.478	-0.484	-0.650	-0.491	-0.650	-0.651	-0.650	-0.651	-0.651	+1.114	-0.117	-0.409	+0.140	+0.448	-0.413	+0.393	-0.416	-0.417	-0.276	-0.418	-0.416	+0.328	-0.282	-0.275	-0.411	-0.275	-0.282	-0.253	-0.271	-0.267	-0.268	+0.430	+0.433	+0.535	-0.278	+0.162	+0.560	+2.025	+2.078	+1.780	+2.917	+2.735	+2.592	+0.443	+0.108	+2.338	+2.363	+2.335	+2.329	+2.328	+2.285	+2.223	+0.417	+0.518	+2.231	+0.961	+0.927	+2.226	+0.885	+0.929	+0.115	+0.145	+0.300	+2.203	+0.946	+2.244	+0.888	+1.651	+0.459	+2.103	+0.454	+0.546	+0.437	+2.016	+2.150	+2.058	+0.347	+1.855	+1.486	+2.549	+1.498	+2.152	+1.283	+2.153	+2.160	+2.195	+2.293	+2.232	+2.111	+0.488	+0.498	+2.271	+0.513	+2.129	+2.251	+2.383	+2.203	+2.263	+2.097	+0.112	+2.278	+1.632	+2.169	+2.163	+2.321	+2.358	+2.348	+0.092	+0.583	-0.039	+2.447	+2.259	+0.093	+0.553	+0.276	+0.442	+0.277	+0.322	+2.611	+2.539	+0.407	+0.335	+0.504	+1.236	+0.095	+0.457	+0.201	+2.693	+1.439	+3.193	+0.164	+1.887	-0.015	-0.436	-0.310	-0.264	-0.262	-0.274	-0.389	+0.026	-0.139	-0.347	-0.103	-0.053	-0.023	-0.169	-0.317	-0.333	-0.070	+0.082	-0.158	-0.015	-0.085	-0.458	-0.451	-0.453	-0.410	-0.386	-0.396	-0.389	-0.421	-0.390	-0.582	-0.424	-0.565	-0.565	-0.567	-0.300	-0.388	-0.155	+0.554	
rs8097948      -0.410	-0.425	-0.404	-0.429	-0.664	-0.398	-0.624	+0.185	-0.843	-0.842	-0.842	-0.669	-0.671	-0.666	-0.674	-0.843	-0.690	-0.838	-0.843	-0.840	-0.842	-0.843	+0.935	-0.409	-0.345	-0.066	+0.235	-0.469	+0.183	-0.475	-0.481	-0.453	-0.484	-0.479	+0.120	-0.467	-0.454	-0.467	-0.453	-0.473	-0.414	-0.448	-0.438	-0.439	+0.218	+0.222	+0.319	-0.460	+0.064	+0.327	+1.895	+1.948	+1.644	+2.816	+2.622	+2.476	+0.214	-0.108	+2.219	+2.245	+2.217	+2.211	+2.206	+2.163	+2.097	+0.210	+0.369	+2.104	+0.821	+0.788	+2.099	+0.743	+0.787	-0.102	-0.072	+0.076	+2.078	+0.807	+2.120	+0.748	+1.439	+0.252	+1.975	+0.247	+0.414	+0.230	+1.887	+2.022	+1.870	+0.121	+1.742	+1.275	+2.411	+1.287	+1.983	+1.115	+1.985	+1.991	+2.027	+2.176	+2.114	+1.941	+0.280	+0.289	+2.101	+0.305	+1.959	+2.081	+2.213	+2.035	+2.146	+1.928	-0.102	+2.161	+1.500	+2.001	+1.995	+2.204	+2.190	+2.180	-0.091	+0.374	-0.207	+2.331	+2.087	-0.090	+0.403	+0.053	+0.236	+0.053	+0.097	+2.477	+2.366	+0.254	+0.129	+0.296	+1.064	-0.123	+0.323	+0.057	+2.583	+1.223	+2.997	-0.056	+1.776	-0.168	-0.606	-0.473	-0.426	-0.423	-0.479	-0.556	-0.129	-0.298	-0.512	-0.260	-0.209	-0.179	-0.328	-0.479	-0.497	-0.227	-0.072	-0.316	-0.171	-0.239	-0.656	-0.650	-0.652	-0.612	-0.574	-0.598	-0.593	-0.621	-0.569	-0.767	-0.624	-0.757	-0.757	-0.759	-0.480	-0.569	-0.333	+0.352	
rs11663925     -0.062	-0.074	-0.055	-0.158	-0.267	-0.056	-0.227	+0.747	-0.434	-0.425	-0.424	-0.274	-0.274	-0.273	-0.275	-0.434	-0.267	-0.437	-0.436	-0.437	-0.436	-0.435	+1.103	+0.140	-0.066	+0.080	+0.256	-0.092	+0.177	-0.114	-0.096	+0.077	-0.100	-0.089	+0.063	+0.057	+0.075	-0.064	+0.076	+0.049	+0.128	+0.085	+0.097	+0.096	+0.204	+0.206	+0.352	+0.067	+0.657	+0.949	+1.870	+1.924	+1.722	+2.832	+2.551	+2.415	+0.797	-0.034	+2.174	+2.205	+2.171	+2.165	+2.166	+2.126	+2.074	+0.237	+0.459	+2.083	+0.833	+0.802	+2.078	+0.770	+0.810	-0.026	-0.007	+0.629	+2.044	+0.821	+2.085	+0.769	+1.359	+0.272	+1.962	+0.268	+0.974	+0.256	+1.877	+2.008	+1.706	+0.678	+1.811	+1.220	+2.344	+1.230	+1.903	+1.179	+1.904	+1.910	+1.943	+2.205	+2.142	+1.856	+0.296	+0.303	+2.017	+0.317	+1.879	+1.992	+2.117	+1.951	+2.177	+1.853	-0.019	+2.192	+1.554	+1.927	+1.921	+2.231	+2.095	+2.086	+0.458	+0.373	+0.223	+2.361	+2.014	+0.460	+0.487	+0.602	+0.261	+0.603	+0.652	+2.412	+2.300	+0.380	+0.196	+0.310	+1.177	+0.388	+0.447	+0.255	+2.668	+1.106	+2.529	+0.470	+1.884	+0.340	-0.122	-0.009	+0.043	+0.046	-0.122	-0.064	+0.350	+0.223	-0.058	+0.262	+0.322	+0.299	+0.190	+0.001	-0.043	+0.243	+0.206	+0.124	+0.308	+0.184	-0.254	-0.249	-0.250	-0.213	-0.258	-0.201	-0.197	-0.233	-0.174	-0.371	-0.237	-0.360	-0.360	-0.361	-0.105	-0.190	+0.035	+0.598	
rs2337069      +0.180	+0.169	+0.187	+0.084	-0.004	+0.192	+0.034	+1.087	-0.160	-0.148	-0.146	-0.002	-0.002	-0.001	-0.001	-0.160	+0.010	-0.165	-0.163	-0.164	-0.163	-0.161	+1.317	+0.448	+0.235	+0.256	+0.368	+0.209	+0.279	+0.186	+0.204	+0.381	+0.200	+0.212	+0.221	+0.359	+0.378	+0.239	+0.379	+0.352	+0.434	+0.391	+0.401	+0.400	+0.267	+0.270	+0.334	+0.371	+0.915	+1.306	+1.997	+2.051	+1.919	+2.947	+2.671	+2.536	+1.142	+0.180	+2.300	+2.332	+2.297	+2.291	+2.292	+2.253	+2.206	+0.422	+0.640	+2.215	+0.970	+0.941	+2.210	+0.913	+0.951	+0.188	+0.204	+0.963	+2.174	+0.958	+2.213	+0.909	+1.533	+0.456	+2.098	+0.452	+1.233	+0.440	+2.015	+2.142	+1.833	+1.014	+1.952	+1.400	+2.468	+1.410	+2.023	+1.362	+2.024	+2.030	+2.062	+2.333	+2.274	+1.980	+0.478	+0.484	+2.136	+0.496	+2.001	+2.112	+2.233	+2.071	+2.307	+1.976	+0.196	+2.321	+1.690	+2.049	+2.044	+2.358	+2.210	+2.201	+0.769	+0.549	+0.470	+2.491	+2.141	+0.771	+0.667	+0.935	+0.445	+0.935	+0.986	+2.542	+2.428	+0.577	+0.395	+0.491	+1.378	+0.707	+0.635	+0.467	+2.809	+1.306	+2.661	+0.794	+2.080	+0.641	+0.169	+0.281	+0.333	+0.336	+0.137	+0.230	+0.651	+0.529	+0.226	+0.569	+0.632	+0.598	+0.495	+0.294	+0.242	+0.540	+0.453	+0.410	+0.607	+0.442	+0.018	+0.023	+0.021	+0.057	+0.008	+0.068	+0.073	+0.036	+0.105	-0.097	+0.033	-0.088	-0.088	-0.089	+0.170	+0.084	+0.310	+0.849	
rs72925534     -0.429	-0.443	-0.423	-0.448	-0.682	-0.417	-0.642	+0.159	-0.862	-0.861	-0.861	-0.687	-0.690	-0.685	-0.693	-0.862	-0.709	-0.857	-0.862	-0.859	-0.861	-0.862	+0.917	-0.413	-0.469	-0.092	+0.209	-0.366	+0.156	-0.487	-0.491	-0.457	-0.495	-0.487	+0.093	-0.473	-0.458	-0.471	-0.458	-0.479	-0.416	-0.451	-0.442	-0.443	+0.191	+0.195	+0.294	-0.465	+0.063	+0.300	+1.879	+1.932	+1.625	+2.807	+2.600	+2.455	+0.188	-0.131	+2.199	+2.225	+2.196	+2.190	+2.188	+2.144	+2.079	+0.190	+0.355	+2.087	+0.806	+0.772	+2.082	+0.729	+0.773	-0.125	-0.095	+0.051	+2.059	+0.792	+2.101	+0.733	+1.413	+0.232	+1.958	+0.227	+0.401	+0.210	+1.869	+2.005	+1.843	+0.095	+1.731	+1.249	+2.392	+1.261	+1.963	+1.098	+1.964	+1.971	+2.006	+2.164	+2.102	+1.921	+0.259	+0.268	+2.081	+0.284	+1.938	+2.060	+2.192	+2.014	+2.134	+1.908	-0.125	+2.149	+1.487	+1.980	+1.974	+2.192	+2.169	+2.159	-0.109	+0.353	-0.225	+2.319	+2.067	-0.108	+0.389	+0.028	+0.215	+0.028	+0.072	+2.457	+2.347	+0.240	+0.109	+0.275	+1.047	-0.147	+0.311	+0.044	+2.572	+1.190	+2.952	-0.081	+1.756	-0.184	-0.623	-0.490	-0.443	-0.440	-0.499	-0.574	-0.146	-0.315	-0.529	-0.277	-0.226	-0.196	-0.345	-0.496	-0.514	-0.244	-0.090	-0.333	-0.188	-0.256	-0.675	-0.669	-0.671	-0.631	-0.595	-0.618	-0.612	-0.640	-0.590	-0.786	-0.643	-0.777	-0.776	-0.778	-0.501	-0.589	-0.354	+0.330	
rs907538       +0.134	+0.123	+0.141	+0.040	-0.052	+0.146	-0.014	+1.025	-0.209	-0.197	-0.196	-0.051	-0.051	-0.050	-0.051	-0.209	-0.040	-0.214	-0.212	-0.213	-0.212	-0.210	+1.277	+0.393	+0.183	+0.177	+0.279	+0.156	+0.316	+0.133	+0.152	+0.329	+0.148	+0.160	+0.179	+0.308	+0.327	+0.186	+0.327	+0.299	+0.382	+0.337	+0.349	+0.348	+0.245	+0.248	+0.331	+0.317	+0.866	+1.242	+1.968	+2.022	+1.880	+2.920	+2.642	+2.506	+1.080	+0.139	+2.270	+2.301	+2.267	+2.261	+2.263	+2.223	+2.176	+0.386	+0.604	+2.185	+0.940	+0.910	+2.180	+0.882	+0.921	+0.147	+0.163	+0.903	+2.143	+0.928	+2.183	+0.878	+1.499	+0.420	+2.067	+0.415	+1.182	+0.404	+1.984	+2.112	+1.803	+0.954	+1.921	+1.364	+2.439	+1.374	+1.995	+1.327	+1.996	+2.002	+2.034	+2.303	+2.244	+1.952	+0.442	+0.448	+2.108	+0.461	+1.973	+2.084	+2.206	+2.043	+2.277	+1.947	+0.155	+2.291	+1.658	+2.020	+2.015	+2.329	+2.183	+2.174	+0.716	+0.513	+0.421	+2.462	+2.112	+0.718	+0.632	+0.875	+0.408	+0.875	+0.926	+2.511	+2.398	+0.539	+0.356	+0.455	+1.339	+0.650	+0.598	+0.427	+2.777	+1.267	+2.630	+0.736	+2.040	+0.589	+0.118	+0.230	+0.283	+0.285	+0.089	+0.178	+0.599	+0.476	+0.176	+0.516	+0.579	+0.547	+0.443	+0.243	+0.192	+0.489	+0.408	+0.360	+0.556	+0.394	-0.031	-0.026	-0.028	+0.008	-0.040	+0.020	+0.024	-0.013	+0.055	-0.146	-0.016	-0.137	-0.137	-0.138	+0.121	+0.035	+0.261	+0.803	
rs16949586     -0.445	-0.460	-0.439	-0.465	-0.698	-0.433	-0.658	+0.138	-0.878	-0.877	-0.876	-0.703	-0.705	-0.700	-0.708	-0.878	-0.725	-0.873	-0.877	-0.874	-0.877	-0.878	+0.901	-0.416	-0.475	-0.114	+0.186	-0.487	+0.133	-0.384	-0.493	-0.458	-0.498	-0.486	+0.070	-0.475	-0.460	-0.465	-0.460	-0.482	-0.416	-0.453	-0.444	-0.444	+0.168	+0.172	+0.271	-0.468	+0.064	+0.278	+1.862	+1.915	+1.608	+2.797	+2.581	+2.436	+0.167	-0.151	+2.180	+2.206	+2.178	+2.172	+2.169	+2.126	+2.061	+0.172	+0.343	+2.069	+0.792	+0.758	+2.064	+0.714	+0.758	-0.144	-0.114	+0.031	+2.041	+0.777	+2.082	+0.719	+1.390	+0.213	+1.939	+0.208	+0.390	+0.192	+1.851	+1.987	+1.817	+0.075	+1.720	+1.227	+2.372	+1.238	+1.942	+1.082	+1.944	+1.951	+1.986	+2.152	+2.088	+1.899	+0.241	+0.250	+2.060	+0.266	+1.917	+2.039	+2.172	+1.994	+2.121	+1.888	-0.145	+2.137	+1.474	+1.960	+1.954	+2.179	+2.148	+2.139	-0.124	+0.335	-0.240	+2.306	+2.046	-0.123	+0.376	+0.008	+0.197	+0.008	+0.052	+2.436	+2.325	+0.227	+0.091	+0.257	+1.031	-0.167	+0.301	+0.033	+2.559	+1.163	+2.913	-0.100	+1.736	-0.198	-0.638	-0.504	-0.457	-0.454	-0.517	-0.588	-0.161	-0.329	-0.543	-0.291	-0.240	-0.211	-0.359	-0.511	-0.528	-0.259	-0.106	-0.347	-0.203	-0.270	-0.691	-0.684	-0.687	-0.646	-0.613	-0.633	-0.628	-0.656	-0.607	-0.803	-0.659	-0.793	-0.792	-0.794	-0.518	-0.607	-0.372	+0.312	
