## Summary of overall evidence for association with region:
## log10(BF for region) = 1.55565
## p-value for region = NA

## BFs for choosing among multi-SNP models:
## log10(average 1-SNP BF) = 1.60088
## log10(average 2-SNP BF) = 1.44801

## Example posterior probabilities for multi-SNP models, based on default prior: [p(l) propto 0.5^l for l=1,2,...,L]
## posterior probability of 1-SNP = 0.73984
## posterior probability of 2-SNP = 0.26016

## log10(BF) for single SNP and pair of SNPs:
rs1865685      -0.463	-0.695	-0.824	-0.797	-0.560	-0.449	-0.588	-0.731	-0.719	-0.884	-0.730	-0.698	-0.730	-0.570	-0.732	-0.730	-0.721	-0.730	-0.781	-0.768	-0.722	-0.554	-0.730	-0.722	-0.721	-0.824	-0.722	-0.721	-0.722	-0.740	-0.724	-0.721	-0.722	-0.729	-0.733	-0.728	-0.721	-0.712	-0.714	-0.643	-0.575	-0.597	-0.584	-0.510	-0.820	-0.800	-0.779	-0.637	-0.518	-0.577	-0.723	-0.728	-0.826	-0.827	-0.823	-0.409	-0.815	-0.729	-0.687	-0.620	-0.656	-0.452	-0.742	-0.726	-0.729	-0.485	+0.367	-0.485	+0.314	+1.389	-0.506	+0.353	-0.483	-0.500	-0.686	-0.691	-0.687	-0.232	-0.265	-0.332	-0.685	-0.275	-0.501	-0.229	-0.428	-0.435	-0.438	-0.837	-0.454	-0.480	-0.485	-0.613	+0.028	-0.825	-0.523	-0.816	+0.132	+0.249	-0.403	-0.402	+0.284	+3.158	+1.983	+2.188	-0.691	+1.696	-0.632	-0.654	+1.904	+0.447	-0.451	-0.458	-0.438	+1.125	+1.712	+1.064	-0.669	+1.934	-0.678	-0.718	-0.481	-0.469	-0.492	-0.733	+0.331	-0.733	-0.489	+0.294	-0.612	+0.232	+0.373	+0.338	-0.005	+0.981	+0.610	-0.093	+0.169	+0.172	+0.098	+0.136	+0.158	+0.171	-0.559	+0.248	+0.254	+0.057	+0.054	+0.144	+0.123	+0.092	-0.118	-0.023	-0.674	-0.771	-0.735	-0.874	-0.898	-0.878	-0.758	-0.716	-0.891	-0.767	-0.696	-0.890	-0.737	-0.836	-0.667	-0.709	-0.704	-0.704	-0.748	-0.696	-0.701	
rs7581385      -0.695	-0.467	-0.614	-0.803	-0.761	-0.516	-0.758	-0.732	-0.724	-0.887	-0.731	-0.903	-0.731	-0.817	-0.733	-0.731	-0.725	-0.732	-0.720	-0.869	-0.727	-0.780	-0.731	-0.727	-0.726	-0.636	-0.727	-0.726	-0.726	-0.744	-0.728	-0.721	-0.727	-0.730	-0.736	-0.729	-0.726	-0.717	-0.719	-0.822	-0.848	-0.910	-0.775	-0.852	-0.633	-0.808	-0.849	-0.756	-0.322	-0.584	-0.728	-0.732	-0.644	-0.832	-0.640	-0.301	-0.842	-0.731	-0.684	-0.622	-0.667	-0.436	-0.757	-0.743	-0.746	-0.469	+0.339	-0.469	+0.290	+1.333	-0.490	+0.331	-0.466	-0.485	-0.707	-0.712	-0.708	-0.244	-0.270	-0.338	-0.705	-0.280	-0.479	-0.233	-0.443	-0.418	-0.421	-0.851	-0.472	-0.498	-0.469	-0.644	+0.003	-0.841	-0.508	-0.833	+0.103	+0.219	-0.387	-0.386	+0.254	+3.111	+1.909	+2.112	-0.698	+1.624	-0.640	-0.662	+1.828	+0.424	-0.434	-0.447	-0.421	+1.098	+1.639	+1.037	-0.676	+1.859	-0.687	-0.723	-0.479	-0.453	-0.476	-0.720	+0.321	-0.721	-0.473	+0.283	-0.586	+0.228	+0.367	+0.331	-0.005	+0.924	+0.547	-0.085	+0.172	+0.175	+0.103	+0.140	+0.161	+0.174	-0.556	+0.249	+0.252	+0.053	+0.050	+0.138	+0.117	+0.087	-0.109	-0.026	-0.688	-0.779	-0.744	-0.883	-0.906	-0.886	-0.765	-0.725	-0.899	-0.775	-0.705	-0.898	-0.745	-0.846	-0.676	-0.723	-0.712	-0.713	-0.756	-0.704	-0.710	
rs1550109      -0.824	-0.614	-0.496	-0.694	-0.870	-0.489	-0.868	-0.770	-0.735	-0.827	-0.771	-0.964	-0.771	-0.905	-0.773	-0.771	-0.737	-0.771	-0.866	-0.954	-0.739	-0.881	-0.771	-0.739	-0.738	-0.633	-0.739	-0.738	-0.739	-0.762	-0.741	-0.765	-0.739	-0.771	-0.774	-0.770	-0.738	-0.727	-0.729	-0.900	-0.915	-0.944	-0.878	-0.917	-0.652	-0.699	-0.945	-0.863	-0.408	-0.558	-0.741	-0.747	-0.655	-0.737	-0.665	-0.460	-0.791	-0.710	-0.669	-0.586	-0.622	-0.471	-0.758	-0.742	-0.745	-0.503	+0.375	-0.503	+0.337	+1.334	-0.524	+0.381	-0.501	-0.518	-0.704	-0.710	-0.705	-0.231	-0.263	-0.332	-0.702	-0.273	-0.518	-0.225	-0.435	-0.451	-0.454	-0.864	-0.462	-0.489	-0.502	-0.625	+0.042	-0.852	-0.541	-0.842	+0.149	+0.273	-0.416	-0.415	+0.309	+3.129	+1.919	+2.121	-0.729	+1.623	-0.671	-0.693	+1.827	+0.446	-0.468	-0.477	-0.455	+1.151	+1.638	+1.090	-0.707	+1.861	-0.716	-0.754	-0.535	-0.487	-0.511	-0.751	+0.355	-0.751	-0.507	+0.316	-0.625	+0.237	+0.398	+0.362	+0.019	+0.937	+0.559	-0.134	+0.125	+0.129	+0.055	+0.093	+0.113	+0.127	-0.599	+0.202	+0.207	+0.010	+0.007	+0.095	+0.075	+0.044	-0.159	-0.068	-0.714	-0.794	-0.768	-0.908	-0.932	-0.912	-0.789	-0.748	-0.925	-0.789	-0.716	-0.917	-0.758	-0.871	-0.700	-0.748	-0.724	-0.724	-0.769	-0.716	-0.721	
rs7592031      -0.797	-0.803	-0.694	-0.422	-0.818	-0.543	-0.817	-0.692	-0.612	-0.469	-0.697	-0.776	-0.697	-0.827	-0.698	-0.697	-0.615	-0.697	-0.823	-0.813	-0.618	-0.820	-0.697	-0.618	-0.616	-0.705	-0.617	-0.616	-0.617	-0.653	-0.621	-0.696	-0.618	-0.697	-0.698	-0.697	-0.616	-0.602	-0.604	-0.815	-0.811	-0.723	-0.819	-0.806	-0.699	-0.614	-0.823	-0.815	-0.439	-0.611	-0.623	-0.632	-0.708	-0.605	-0.701	-0.506	-0.816	-0.729	-0.701	-0.633	-0.669	-0.413	-0.721	-0.708	-0.710	-0.447	+0.338	-0.447	+0.279	+1.328	-0.468	+0.326	-0.445	-0.462	-0.662	-0.667	-0.663	-0.222	-0.249	-0.316	-0.660	-0.260	-0.459	-0.213	-0.417	-0.396	-0.399	-0.806	-0.444	-0.470	-0.445	-0.611	+0.005	-0.795	-0.484	-0.787	+0.106	+0.216	-0.369	-0.367	+0.251	+3.059	+1.903	+2.107	-0.645	+1.636	-0.585	-0.608	+1.838	+0.462	-0.411	-0.422	-0.398	+1.100	+1.652	+1.041	-0.623	+1.864	-0.633	-0.672	-0.445	-0.428	-0.450	-0.694	+0.316	-0.694	-0.447	+0.279	-0.568	+0.239	+0.366	+0.330	-0.003	+0.941	+0.574	-0.052	+0.193	+0.197	+0.125	+0.163	+0.183	+0.197	-0.495	+0.271	+0.277	+0.081	+0.078	+0.166	+0.145	+0.115	-0.083	+0.001	-0.636	-0.742	-0.699	-0.832	-0.856	-0.836	-0.722	-0.681	-0.848	-0.738	-0.669	-0.853	-0.709	-0.794	-0.632	-0.672	-0.677	-0.678	-0.720	-0.670	-0.674	
rs6747801      -0.560	-0.761	-0.870	-0.818	-0.514	-0.412	-0.650	-0.781	-0.765	-0.915	-0.780	-0.791	-0.780	-0.685	-0.782	-0.780	-0.766	-0.780	-0.805	-0.837	-0.768	-0.659	-0.780	-0.768	-0.767	-0.871	-0.768	-0.767	-0.768	-0.787	-0.770	-0.771	-0.768	-0.779	-0.783	-0.778	-0.767	-0.758	-0.760	-0.726	-0.690	-0.709	-0.667	-0.652	-0.867	-0.822	-0.842	-0.679	-0.534	-0.576	-0.769	-0.774	-0.873	-0.851	-0.870	-0.368	-0.862	-0.773	-0.731	-0.662	-0.700	-0.496	-0.789	-0.774	-0.777	-0.529	+0.323	-0.529	+0.272	+1.333	-0.550	+0.312	-0.527	-0.544	-0.734	-0.740	-0.735	-0.276	-0.309	-0.376	-0.733	-0.319	-0.545	-0.272	-0.472	-0.478	-0.482	-0.885	-0.499	-0.525	-0.529	-0.661	-0.014	-0.873	-0.567	-0.864	+0.090	+0.208	-0.446	-0.445	+0.243	+3.107	+1.923	+2.127	-0.740	+1.635	-0.682	-0.704	+1.842	+0.401	-0.495	-0.502	-0.482	+1.083	+1.651	+1.022	-0.719	+1.872	-0.728	-0.767	-0.532	-0.513	-0.536	-0.777	+0.291	-0.778	-0.533	+0.253	-0.655	+0.189	+0.334	+0.298	-0.044	+0.927	+0.555	-0.142	+0.119	+0.122	+0.048	+0.087	+0.108	+0.121	-0.608	+0.197	+0.204	+0.007	+0.004	+0.093	+0.072	+0.041	-0.168	-0.073	-0.724	-0.818	-0.783	-0.923	-0.946	-0.927	-0.806	-0.765	-0.939	-0.814	-0.743	-0.937	-0.783	-0.885	-0.716	-0.759	-0.751	-0.751	-0.795	-0.743	-0.748	
rs6544830      -0.449	-0.516	-0.489	-0.543	-0.412	-0.114	-0.416	-0.374	-0.399	-0.544	-0.369	-0.420	-0.370	-0.367	-0.372	-0.369	-0.399	-0.371	-0.542	-0.478	-0.400	-0.393	-0.369	-0.400	-0.400	-0.486	-0.400	-0.400	-0.400	-0.410	-0.402	-0.354	-0.400	-0.368	-0.378	-0.366	-0.400	-0.394	-0.396	-0.365	-0.317	-0.317	-0.403	-0.297	-0.484	-0.545	-0.500	-0.421	-0.359	-0.383	-0.401	-0.403	-0.488	-0.549	-0.487	-0.329	-0.466	-0.364	-0.314	-0.245	-0.277	-0.156	-0.400	-0.385	-0.387	-0.188	+0.663	-0.188	+0.606	+1.675	-0.207	+0.634	-0.185	-0.201	-0.339	-0.345	-0.340	+0.075	+0.049	-0.015	-0.337	+0.040	-0.198	+0.086	-0.131	-0.141	-0.144	-0.504	-0.160	-0.184	-0.189	-0.291	+0.289	-0.491	-0.224	-0.482	+0.390	+0.497	-0.116	-0.113	+0.532	+3.333	+2.270	+2.476	-0.353	+2.004	-0.294	-0.317	+2.212	+0.744	-0.155	-0.173	-0.143	+1.388	+2.020	+1.328	-0.332	+2.238	-0.339	-0.380	-0.157	-0.171	-0.192	-0.421	+0.612	-0.422	-0.190	+0.576	-0.319	+0.535	+0.650	+0.615	+0.272	+1.239	+0.881	+0.202	+0.466	+0.469	+0.395	+0.434	+0.455	+0.468	-0.228	+0.543	+0.551	+0.358	+0.355	+0.444	+0.423	+0.393	+0.207	+0.279	-0.329	-0.433	-0.398	-0.533	-0.558	-0.537	-0.422	-0.380	-0.551	-0.429	-0.358	-0.549	-0.399	-0.495	-0.331	-0.366	-0.367	-0.367	-0.411	-0.359	-0.364	
rs12712945     -0.588	-0.758	-0.868	-0.817	-0.650	-0.416	-0.512	-0.779	-0.763	-0.914	-0.778	-0.788	-0.778	-0.685	-0.780	-0.778	-0.765	-0.778	-0.805	-0.836	-0.766	-0.659	-0.778	-0.766	-0.765	-0.869	-0.766	-0.765	-0.766	-0.785	-0.768	-0.769	-0.766	-0.777	-0.781	-0.776	-0.765	-0.756	-0.758	-0.725	-0.689	-0.707	-0.667	-0.649	-0.865	-0.821	-0.841	-0.680	-0.533	-0.576	-0.768	-0.772	-0.871	-0.850	-0.868	-0.371	-0.860	-0.771	-0.729	-0.660	-0.698	-0.495	-0.787	-0.772	-0.775	-0.527	+0.324	-0.528	+0.274	+1.334	-0.548	+0.313	-0.525	-0.542	-0.733	-0.738	-0.733	-0.275	-0.307	-0.374	-0.731	-0.317	-0.543	-0.270	-0.471	-0.477	-0.480	-0.884	-0.497	-0.523	-0.528	-0.659	-0.012	-0.872	-0.566	-0.862	+0.092	+0.209	-0.445	-0.444	+0.245	+3.109	+1.925	+2.130	-0.738	+1.637	-0.680	-0.702	+1.844	+0.403	-0.493	-0.500	-0.480	+1.084	+1.653	+1.023	-0.717	+1.875	-0.726	-0.765	-0.530	-0.512	-0.534	-0.776	+0.293	-0.776	-0.532	+0.255	-0.653	+0.191	+0.335	+0.299	-0.042	+0.929	+0.557	-0.140	+0.121	+0.124	+0.050	+0.089	+0.110	+0.123	-0.607	+0.199	+0.206	+0.009	+0.006	+0.095	+0.074	+0.044	-0.165	-0.071	-0.722	-0.817	-0.782	-0.921	-0.944	-0.925	-0.804	-0.763	-0.937	-0.812	-0.741	-0.936	-0.782	-0.883	-0.714	-0.757	-0.749	-0.749	-0.793	-0.741	-0.746	
rs72617001     -0.731	-0.732	-0.770	-0.692	-0.781	-0.374	-0.779	-0.406	-0.173	-0.803	-0.523	-0.872	-0.525	-0.819	-0.532	-0.526	-0.204	-0.528	-0.762	-0.860	-0.215	-0.792	-0.524	-0.215	-0.207	-0.772	-0.213	-0.206	-0.212	-0.419	-0.238	-0.508	-0.223	-0.525	-0.541	-0.522	-0.216	-0.131	-0.143	-0.815	-0.832	-0.861	-0.790	-0.836	-0.767	-0.696	-0.850	-0.774	-0.375	-0.448	-0.312	-0.359	-0.774	-0.728	-0.771	-0.357	-0.761	-0.660	-0.605	-0.545	-0.588	-0.382	-0.692	-0.676	-0.679	-0.415	+0.438	-0.415	+0.394	+1.432	-0.436	+0.439	-0.413	-0.431	-0.637	-0.643	-0.638	-0.160	-0.192	-0.261	-0.635	-0.202	-0.430	-0.154	-0.361	-0.361	-0.365	-0.790	-0.388	-0.415	-0.414	-0.561	+0.110	-0.778	-0.453	-0.769	+0.215	+0.337	-0.326	-0.326	+0.373	+3.256	+2.021	+2.225	-0.645	+1.720	-0.587	-0.609	+1.926	+0.527	-0.379	-0.387	-0.365	+1.223	+1.734	+1.162	-0.624	+1.961	-0.634	-0.672	-0.447	-0.398	-0.422	-0.668	+0.422	-0.668	-0.419	+0.382	-0.537	+0.312	+0.469	+0.432	+0.091	+1.025	+0.644	-0.040	+0.220	+0.223	+0.149	+0.187	+0.208	+0.222	-0.510	+0.298	+0.302	+0.103	+0.100	+0.189	+0.168	+0.138	-0.070	+0.023	-0.635	-0.720	-0.689	-0.829	-0.853	-0.833	-0.711	-0.670	-0.846	-0.716	-0.643	-0.841	-0.684	-0.792	-0.621	-0.669	-0.651	-0.651	-0.696	-0.643	-0.648	
rs11903597     -0.719	-0.724	-0.735	-0.612	-0.765	-0.399	-0.763	-0.173	-0.373	-0.737	+0.084	-0.832	+0.032	-0.799	-0.071	+0.025	-0.485	-0.017	-0.671	-0.801	-0.485	-0.776	+0.054	-0.485	-0.485	-0.738	-0.485	-0.485	-0.485	-0.469	-0.486	+0.278	-0.486	+0.044	-0.182	+0.087	-0.486	-0.480	-0.482	-0.794	-0.809	-0.836	-0.773	-0.811	-0.733	-0.615	-0.786	-0.758	-0.375	-0.462	-0.501	-0.504	-0.741	-0.651	-0.736	-0.353	-0.706	-0.591	-0.500	-0.464	-0.512	-0.352	-0.656	-0.640	-0.643	-0.384	+0.493	-0.384	+0.452	+1.547	-0.406	+0.480	-0.382	-0.399	-0.610	-0.616	-0.611	-0.134	-0.166	-0.233	-0.609	-0.176	-0.398	-0.128	-0.335	-0.334	-0.337	-0.762	-0.364	-0.389	-0.386	-0.528	+0.144	-0.750	-0.424	-0.742	+0.247	+0.370	-0.299	-0.298	+0.405	+3.409	+2.149	+2.355	-0.617	+1.832	-0.560	-0.582	+2.044	+0.536	-0.351	-0.360	-0.338	+1.247	+1.846	+1.184	-0.596	+2.082	-0.606	-0.643	-0.390	-0.372	-0.395	-0.639	+0.457	-0.640	-0.392	+0.418	-0.512	+0.342	+0.494	+0.458	+0.111	+1.093	+0.706	+0.002	+0.278	+0.282	+0.206	+0.245	+0.266	+0.280	-0.489	+0.357	+0.362	+0.160	+0.156	+0.247	+0.226	+0.195	-0.016	+0.079	-0.603	-0.687	-0.658	-0.802	-0.825	-0.806	-0.680	-0.639	-0.818	-0.683	-0.611	-0.814	-0.652	-0.765	-0.590	-0.637	-0.619	-0.619	-0.664	-0.610	-0.616	
rs62128603     -0.884	-0.887	-0.827	-0.469	-0.915	-0.544	-0.914	-0.803	-0.737	-0.537	-0.807	-0.913	-0.807	-0.932	-0.808	-0.807	-0.739	-0.807	-0.911	-0.941	-0.742	-0.921	-0.807	-0.742	-0.741	-0.836	-0.741	-0.740	-0.741	-0.774	-0.745	-0.805	-0.742	-0.807	-0.809	-0.807	-0.740	-0.727	-0.729	-0.926	-0.929	-0.877	-0.919	-0.926	-0.830	-0.594	-0.944	-0.911	-0.538	-0.641	-0.746	-0.754	-0.838	-0.628	-0.832	-0.563	-0.910	-0.820	-0.787	-0.718	-0.756	-0.516	-0.825	-0.811	-0.813	-0.550	+0.257	-0.550	+0.203	+1.235	-0.571	+0.249	-0.548	-0.566	-0.768	-0.773	-0.769	-0.316	-0.345	-0.412	-0.766	-0.355	-0.563	-0.308	-0.512	-0.498	-0.502	-0.914	-0.539	-0.565	-0.549	-0.708	-0.074	-0.902	-0.588	-0.894	+0.028	+0.142	-0.469	-0.468	+0.177	+2.994	+1.813	+2.016	-0.758	+1.537	-0.699	-0.721	+1.740	+0.364	-0.514	-0.525	-0.502	+1.022	+1.552	+0.962	-0.736	+1.768	-0.746	-0.785	-0.560	-0.532	-0.554	-0.798	+0.236	-0.798	-0.552	+0.198	-0.671	+0.149	+0.284	+0.248	-0.088	+0.847	+0.478	-0.164	+0.085	+0.088	+0.016	+0.053	+0.074	+0.087	-0.612	+0.162	+0.167	-0.028	-0.031	+0.056	+0.036	+0.006	-0.194	-0.108	-0.747	-0.847	-0.807	-0.942	-0.966	-0.946	-0.830	-0.789	-0.959	-0.843	-0.773	-0.961	-0.813	-0.905	-0.740	-0.783	-0.781	-0.781	-0.824	-0.773	-0.778	
rs6754482      -0.730	-0.731	-0.771	-0.697	-0.780	-0.369	-0.778	-0.523	+0.084	-0.807	-0.407	-0.872	-0.520	-0.818	-0.526	-0.521	+0.036	-0.523	-0.768	-0.862	+0.020	-0.792	-0.520	+0.020	+0.035	-0.774	+0.024	+0.037	+0.030	-0.329	-0.016	-0.511	+0.005	-0.521	-0.536	-0.520	+0.017	+0.160	+0.141	-0.815	-0.832	-0.860	-0.790	-0.836	-0.769	-0.702	-0.853	-0.773	-0.372	-0.444	-0.161	-0.241	-0.776	-0.733	-0.772	-0.355	-0.764	-0.665	-0.612	-0.550	-0.593	-0.382	-0.693	-0.678	-0.680	-0.415	+0.435	-0.416	+0.390	+1.423	-0.437	+0.437	-0.414	-0.432	-0.637	-0.643	-0.639	-0.160	-0.192	-0.261	-0.636	-0.203	-0.431	-0.154	-0.361	-0.362	-0.365	-0.791	-0.388	-0.415	-0.414	-0.563	+0.108	-0.779	-0.454	-0.769	+0.214	+0.336	-0.327	-0.326	+0.372	+3.244	+2.011	+2.215	-0.646	+1.711	-0.587	-0.609	+1.917	+0.529	-0.379	-0.387	-0.366	+1.222	+1.726	+1.161	-0.624	+1.952	-0.634	-0.672	-0.450	-0.399	-0.422	-0.668	+0.420	-0.669	-0.419	+0.381	-0.537	+0.311	+0.468	+0.432	+0.091	+1.021	+0.640	-0.042	+0.216	+0.220	+0.146	+0.184	+0.204	+0.218	-0.509	+0.294	+0.298	+0.100	+0.097	+0.185	+0.164	+0.134	-0.073	+0.020	-0.636	-0.721	-0.690	-0.830	-0.853	-0.834	-0.712	-0.671	-0.846	-0.717	-0.644	-0.842	-0.685	-0.793	-0.622	-0.671	-0.652	-0.652	-0.697	-0.644	-0.649	
rs2164409      -0.698	-0.903	-0.964	-0.776	-0.791	-0.420	-0.788	-0.872	-0.832	-0.913	-0.872	-0.624	-0.873	-0.857	-0.874	-0.872	-0.834	-0.873	+0.067	-0.738	-0.836	-0.816	-0.872	-0.836	-0.835	-0.966	-0.836	-0.835	-0.836	-0.862	-0.838	-0.866	-0.836	-0.872	-0.876	-0.871	-0.835	-0.823	-0.825	-0.890	-0.912	-0.858	-0.811	-0.916	-0.961	-0.781	-0.691	-0.786	-0.552	-0.586	-0.839	-0.846	-0.968	-0.825	-0.965	-0.321	-0.960	-0.857	-0.806	-0.742	-0.786	-0.588	-0.892	-0.877	-0.880	-0.620	+0.232	-0.620	+0.189	+1.209	-0.641	+0.232	-0.618	-0.635	-0.839	-0.845	-0.840	-0.367	-0.398	-0.466	-0.838	-0.408	-0.634	-0.360	-0.565	-0.568	-0.571	-0.990	-0.592	-0.619	-0.619	-0.763	-0.097	-0.978	-0.658	-0.969	+0.007	+0.129	-0.533	-0.533	+0.164	+3.018	+1.790	+1.992	-0.848	+1.495	-0.791	-0.812	+1.698	+0.308	-0.585	-0.593	-0.572	+1.001	+1.509	+0.940	-0.827	+1.732	-0.836	-0.874	-0.647	-0.604	-0.628	-0.869	+0.213	-0.870	-0.625	+0.174	-0.740	+0.102	+0.258	+0.221	-0.119	+0.811	+0.433	-0.247	+0.010	+0.014	-0.059	-0.022	-0.001	+0.012	-0.715	+0.087	+0.091	-0.105	-0.108	-0.020	-0.041	-0.071	-0.276	-0.184	-0.835	-0.920	-0.889	-1.029	-1.052	-1.033	-0.911	-0.870	-1.045	-0.916	-0.844	-1.041	-0.885	-0.992	-0.822	-0.869	-0.851	-0.852	-0.896	-0.844	-0.849	
rs6741586      -0.730	-0.731	-0.771	-0.697	-0.780	-0.370	-0.778	-0.525	+0.032	-0.807	-0.520	-0.873	-0.408	-0.819	-0.526	-0.520	+0.039	-0.522	-0.768	-0.862	+0.022	-0.792	-0.518	+0.022	+0.038	-0.774	+0.027	+0.040	+0.033	-0.333	-0.018	-0.508	+0.007	-0.519	-0.535	-0.518	+0.019	+0.158	+0.139	-0.816	-0.833	-0.861	-0.790	-0.836	-0.769	-0.701	-0.853	-0.773	-0.373	-0.445	-0.189	-0.262	-0.776	-0.733	-0.772	-0.355	-0.764	-0.664	-0.611	-0.550	-0.592	-0.383	-0.693	-0.678	-0.680	-0.416	+0.435	-0.416	+0.390	+1.424	-0.437	+0.437	-0.414	-0.432	-0.638	-0.643	-0.639	-0.161	-0.192	-0.262	-0.636	-0.203	-0.431	-0.154	-0.361	-0.362	-0.366	-0.791	-0.388	-0.415	-0.414	-0.563	+0.108	-0.779	-0.454	-0.770	+0.214	+0.336	-0.327	-0.327	+0.372	+3.245	+2.011	+2.215	-0.646	+1.712	-0.588	-0.610	+1.918	+0.529	-0.379	-0.387	-0.366	+1.222	+1.727	+1.161	-0.625	+1.952	-0.635	-0.673	-0.450	-0.399	-0.422	-0.669	+0.420	-0.669	-0.419	+0.381	-0.537	+0.311	+0.468	+0.431	+0.091	+1.021	+0.640	-0.042	+0.216	+0.220	+0.146	+0.184	+0.204	+0.218	-0.510	+0.294	+0.298	+0.100	+0.097	+0.185	+0.164	+0.134	-0.073	+0.020	-0.636	-0.721	-0.690	-0.830	-0.854	-0.834	-0.712	-0.671	-0.847	-0.717	-0.644	-0.842	-0.685	-0.793	-0.622	-0.671	-0.652	-0.653	-0.697	-0.644	-0.649	
rs7564237      -0.570	-0.817	-0.905	-0.827	-0.685	-0.367	-0.685	-0.819	-0.799	-0.932	-0.818	-0.857	-0.819	-0.553	-0.821	-0.819	-0.801	-0.819	-0.809	-0.887	-0.802	-0.708	-0.818	-0.802	-0.802	-0.906	-0.802	-0.802	-0.802	-0.822	-0.804	-0.810	-0.802	-0.818	-0.822	-0.817	-0.802	-0.792	-0.794	-0.776	-0.766	-0.810	-0.712	-0.766	-0.902	-0.832	-0.891	-0.669	-0.536	-0.562	-0.804	-0.809	-0.908	-0.864	-0.905	-0.302	-0.898	-0.806	-0.764	-0.695	-0.734	-0.529	-0.826	-0.811	-0.813	-0.561	+0.290	-0.562	+0.242	+1.285	-0.583	+0.283	-0.559	-0.576	-0.772	-0.777	-0.773	-0.308	-0.341	-0.408	-0.770	-0.350	-0.577	-0.303	-0.505	-0.510	-0.514	-0.922	-0.532	-0.558	-0.561	-0.697	-0.043	-0.910	-0.599	-0.901	+0.061	+0.180	-0.477	-0.477	+0.215	+3.067	+1.873	+2.077	-0.778	+1.584	-0.720	-0.742	+1.790	+0.369	-0.527	-0.534	-0.514	+1.055	+1.600	+0.994	-0.757	+1.821	-0.766	-0.805	-0.574	-0.546	-0.569	-0.810	+0.263	-0.811	-0.566	+0.225	-0.686	+0.159	+0.306	+0.271	-0.070	+0.885	+0.512	-0.179	+0.081	+0.084	+0.010	+0.048	+0.069	+0.083	-0.646	+0.159	+0.164	-0.032	-0.035	+0.054	+0.033	+0.003	-0.205	-0.111	-0.763	-0.854	-0.820	-0.960	-0.984	-0.964	-0.843	-0.801	-0.977	-0.850	-0.778	-0.974	-0.819	-0.923	-0.753	-0.797	-0.786	-0.787	-0.830	-0.778	-0.783	
rs6741955      -0.732	-0.733	-0.773	-0.698	-0.782	-0.372	-0.780	-0.532	-0.071	-0.808	-0.526	-0.874	-0.526	-0.821	-0.409	-0.526	-0.071	-0.528	-0.769	-0.864	-0.086	-0.794	-0.525	-0.086	-0.074	-0.775	-0.082	-0.071	-0.078	-0.368	-0.115	-0.514	-0.096	-0.526	-0.540	-0.524	-0.087	+0.034	+0.017	-0.817	-0.834	-0.862	-0.792	-0.838	-0.770	-0.702	-0.854	-0.775	-0.375	-0.448	-0.241	-0.302	-0.777	-0.733	-0.773	-0.357	-0.765	-0.665	-0.612	-0.551	-0.593	-0.384	-0.695	-0.679	-0.682	-0.417	+0.434	-0.418	+0.389	+1.424	-0.439	+0.436	-0.415	-0.433	-0.639	-0.645	-0.640	-0.162	-0.194	-0.263	-0.638	-0.204	-0.432	-0.156	-0.363	-0.364	-0.367	-0.793	-0.389	-0.417	-0.416	-0.564	+0.107	-0.781	-0.456	-0.771	+0.212	+0.335	-0.329	-0.328	+0.370	+3.245	+2.012	+2.216	-0.648	+1.712	-0.589	-0.611	+1.918	+0.527	-0.381	-0.389	-0.368	+1.220	+1.726	+1.159	-0.626	+1.952	-0.636	-0.674	-0.451	-0.400	-0.424	-0.670	+0.419	-0.671	-0.421	+0.379	-0.539	+0.309	+0.466	+0.430	+0.089	+1.020	+0.639	-0.044	+0.215	+0.218	+0.145	+0.182	+0.203	+0.217	-0.512	+0.293	+0.297	+0.099	+0.096	+0.184	+0.163	+0.133	-0.074	+0.019	-0.638	-0.723	-0.692	-0.832	-0.855	-0.836	-0.713	-0.673	-0.848	-0.718	-0.646	-0.844	-0.687	-0.794	-0.624	-0.672	-0.654	-0.654	-0.698	-0.646	-0.651	
rs6741984      -0.730	-0.731	-0.771	-0.697	-0.780	-0.369	-0.778	-0.526	+0.025	-0.807	-0.521	-0.872	-0.520	-0.819	-0.526	-0.407	+0.062	-0.522	-0.768	-0.862	+0.016	-0.792	-0.519	+0.017	+0.032	-0.774	+0.021	+0.034	+0.027	-0.333	-0.023	-0.510	+0.030	-0.518	-0.534	-0.519	+0.042	+0.151	+0.132	-0.815	-0.832	-0.860	-0.790	-0.836	-0.769	-0.701	-0.853	-0.773	-0.372	-0.445	-0.189	-0.263	-0.776	-0.732	-0.772	-0.355	-0.764	-0.664	-0.611	-0.550	-0.592	-0.382	-0.693	-0.678	-0.680	-0.415	+0.435	-0.416	+0.390	+1.424	-0.437	+0.438	-0.414	-0.432	-0.637	-0.643	-0.639	-0.160	-0.192	-0.261	-0.636	-0.202	-0.430	-0.154	-0.361	-0.362	-0.365	-0.791	-0.388	-0.415	-0.414	-0.562	+0.109	-0.779	-0.454	-0.769	+0.214	+0.336	-0.327	-0.326	+0.372	+3.245	+2.011	+2.215	-0.646	+1.712	-0.587	-0.610	+1.918	+0.529	-0.379	-0.387	-0.366	+1.222	+1.727	+1.161	-0.624	+1.952	-0.634	-0.672	-0.450	-0.398	-0.422	-0.668	+0.420	-0.669	-0.419	+0.381	-0.537	+0.311	+0.468	+0.432	+0.091	+1.022	+0.640	-0.042	+0.216	+0.220	+0.146	+0.184	+0.205	+0.218	-0.509	+0.294	+0.298	+0.100	+0.097	+0.185	+0.165	+0.134	-0.073	+0.020	-0.636	-0.721	-0.690	-0.830	-0.854	-0.834	-0.712	-0.671	-0.846	-0.717	-0.644	-0.842	-0.685	-0.793	-0.622	-0.670	-0.652	-0.652	-0.697	-0.644	-0.649	
rs6716630      -0.721	-0.725	-0.737	-0.615	-0.766	-0.399	-0.765	-0.204	-0.485	-0.739	+0.036	-0.834	+0.039	-0.801	-0.071	+0.062	-0.375	-0.015	-0.674	-0.803	-0.483	-0.777	+0.064	-0.483	-0.483	-0.740	-0.483	-0.483	-0.483	-0.469	-0.484	+0.293	-0.482	+0.086	-0.169	+0.097	-0.482	-0.477	-0.479	-0.795	-0.810	-0.837	-0.774	-0.812	-0.735	-0.618	-0.789	-0.760	-0.376	-0.463	-0.502	-0.505	-0.742	-0.654	-0.738	-0.354	-0.708	-0.593	-0.502	-0.466	-0.513	-0.353	-0.658	-0.642	-0.645	-0.385	+0.491	-0.386	+0.450	+1.545	-0.407	+0.478	-0.384	-0.400	-0.612	-0.617	-0.613	-0.136	-0.168	-0.235	-0.610	-0.177	-0.400	-0.130	-0.336	-0.335	-0.339	-0.764	-0.365	-0.391	-0.388	-0.529	+0.142	-0.752	-0.426	-0.743	+0.245	+0.368	-0.300	-0.300	+0.404	+3.406	+2.147	+2.353	-0.619	+1.830	-0.561	-0.583	+2.042	+0.535	-0.353	-0.361	-0.340	+1.246	+1.845	+1.183	-0.597	+2.080	-0.607	-0.645	-0.392	-0.373	-0.396	-0.641	+0.455	-0.641	-0.393	+0.416	-0.513	+0.340	+0.492	+0.456	+0.110	+1.091	+0.704	-0.000	+0.276	+0.280	+0.203	+0.242	+0.264	+0.278	-0.491	+0.355	+0.360	+0.157	+0.154	+0.245	+0.224	+0.193	-0.018	+0.077	-0.605	-0.689	-0.659	-0.803	-0.827	-0.807	-0.681	-0.640	-0.820	-0.685	-0.612	-0.815	-0.654	-0.766	-0.591	-0.639	-0.620	-0.620	-0.665	-0.612	-0.617	
rs17422639     -0.730	-0.732	-0.771	-0.697	-0.780	-0.371	-0.778	-0.528	-0.017	-0.807	-0.523	-0.873	-0.522	-0.819	-0.528	-0.522	-0.015	-0.407	-0.768	-0.862	-0.031	-0.792	-0.521	-0.031	-0.017	-0.774	-0.026	-0.015	-0.021	-0.348	-0.064	-0.511	-0.043	-0.522	-0.537	-0.520	-0.033	+0.099	+0.081	-0.815	-0.833	-0.861	-0.790	-0.836	-0.769	-0.701	-0.853	-0.773	-0.373	-0.446	-0.212	-0.279	-0.776	-0.732	-0.772	-0.355	-0.764	-0.664	-0.611	-0.550	-0.592	-0.383	-0.693	-0.678	-0.680	-0.416	+0.435	-0.416	+0.390	+1.424	-0.437	+0.437	-0.414	-0.432	-0.638	-0.643	-0.639	-0.161	-0.192	-0.262	-0.636	-0.203	-0.431	-0.154	-0.361	-0.362	-0.366	-0.791	-0.388	-0.415	-0.414	-0.563	+0.108	-0.779	-0.454	-0.770	+0.214	+0.336	-0.327	-0.327	+0.372	+3.246	+2.012	+2.216	-0.646	+1.712	-0.588	-0.610	+1.918	+0.529	-0.379	-0.387	-0.366	+1.222	+1.727	+1.161	-0.625	+1.953	-0.634	-0.673	-0.450	-0.399	-0.422	-0.668	+0.420	-0.669	-0.419	+0.381	-0.537	+0.311	+0.468	+0.432	+0.091	+1.022	+0.640	-0.042	+0.216	+0.220	+0.146	+0.184	+0.205	+0.218	-0.510	+0.294	+0.298	+0.100	+0.097	+0.185	+0.165	+0.134	-0.073	+0.020	-0.636	-0.721	-0.690	-0.830	-0.854	-0.834	-0.712	-0.671	-0.847	-0.717	-0.644	-0.842	-0.685	-0.793	-0.622	-0.671	-0.652	-0.652	-0.697	-0.644	-0.649	
rs2217870      -0.781	-0.720	-0.866	-0.823	-0.805	-0.542	-0.805	-0.762	-0.671	-0.911	-0.768	+0.067	-0.768	-0.809	-0.769	-0.768	-0.674	-0.768	-0.510	+0.079	-0.677	-0.807	-0.768	-0.677	-0.676	-0.866	-0.677	-0.675	-0.677	-0.717	-0.681	-0.768	-0.677	-0.768	-0.770	-0.768	-0.676	-0.659	-0.662	-0.807	-0.793	-0.389	-0.805	-0.786	-0.862	-0.825	-0.517	-0.801	-0.549	-0.627	-0.683	-0.692	-0.868	-0.853	-0.865	-0.486	-0.872	-0.789	-0.758	-0.685	-0.721	-0.494	-0.789	-0.774	-0.777	-0.527	+0.309	-0.527	+0.257	+1.284	-0.548	+0.306	-0.525	-0.543	-0.727	-0.733	-0.728	-0.271	-0.305	-0.372	-0.726	-0.315	-0.543	-0.267	-0.467	-0.475	-0.478	-0.880	-0.492	-0.519	-0.525	-0.659	-0.016	-0.867	-0.564	-0.858	+0.090	+0.207	-0.443	-0.442	+0.242	+3.052	+1.867	+2.069	-0.733	+1.586	-0.674	-0.696	+1.789	+0.419	-0.491	-0.497	-0.478	+1.087	+1.601	+1.028	-0.711	+1.819	-0.720	-0.760	-0.548	-0.509	-0.531	-0.774	+0.287	-0.775	-0.529	+0.250	-0.651	+0.191	+0.336	+0.300	-0.039	+0.909	+0.539	-0.145	+0.106	+0.109	+0.036	+0.074	+0.095	+0.108	-0.596	+0.184	+0.190	-0.005	-0.008	+0.080	+0.059	+0.029	-0.178	-0.084	-0.720	-0.816	-0.779	-0.916	-0.940	-0.920	-0.802	-0.761	-0.932	-0.812	-0.740	-0.932	-0.781	-0.878	-0.712	-0.755	-0.748	-0.749	-0.792	-0.741	-0.745	
rs35884717     -0.768	-0.869	-0.954	-0.813	-0.837	-0.478	-0.836	-0.860	-0.801	-0.941	-0.862	-0.738	-0.862	-0.887	-0.864	-0.862	-0.803	-0.862	+0.079	-0.609	-0.806	-0.854	-0.862	-0.806	-0.805	-0.956	-0.805	-0.804	-0.805	-0.837	-0.809	-0.858	-0.806	-0.862	-0.865	-0.861	-0.805	-0.791	-0.793	-0.897	-0.909	-0.777	-0.851	-0.913	-0.951	-0.817	-0.774	-0.826	-0.575	-0.619	-0.810	-0.817	-0.958	-0.856	-0.955	-0.395	-0.953	-0.856	-0.811	-0.744	-0.786	-0.579	-0.880	-0.865	-0.868	-0.611	+0.235	-0.612	+0.190	+1.211	-0.632	+0.234	-0.609	-0.627	-0.824	-0.830	-0.825	-0.357	-0.389	-0.457	-0.823	-0.399	-0.626	-0.352	-0.555	-0.559	-0.563	-0.976	-0.581	-0.608	-0.610	-0.751	-0.092	-0.964	-0.649	-0.954	+0.012	+0.133	-0.526	-0.525	+0.168	+3.005	+1.792	+1.994	-0.832	+1.501	-0.774	-0.796	+1.705	+0.322	-0.576	-0.584	-0.563	+1.007	+1.516	+0.946	-0.811	+1.737	-0.820	-0.859	-0.636	-0.595	-0.618	-0.860	+0.216	-0.860	-0.615	+0.177	-0.732	+0.109	+0.261	+0.225	-0.114	+0.820	+0.445	-0.236	+0.019	+0.023	-0.050	-0.013	+0.008	+0.021	-0.698	+0.096	+0.101	-0.094	-0.097	-0.010	-0.030	-0.060	-0.266	-0.173	-0.819	-0.908	-0.875	-1.013	-1.037	-1.018	-0.897	-0.856	-1.030	-0.904	-0.832	-1.027	-0.872	-0.976	-0.808	-0.854	-0.840	-0.840	-0.884	-0.832	-0.837	
rs55703923     -0.722	-0.727	-0.739	-0.618	-0.768	-0.400	-0.766	-0.215	-0.485	-0.742	+0.020	-0.836	+0.022	-0.802	-0.086	+0.016	-0.483	-0.031	-0.677	-0.806	-0.377	-0.779	+0.047	-0.484	-0.483	-0.742	-0.483	-0.483	-0.484	-0.473	-0.485	+0.273	-0.485	+0.038	-0.194	+0.080	-0.484	-0.476	-0.478	-0.797	-0.812	-0.839	-0.776	-0.814	-0.737	-0.620	-0.791	-0.761	-0.377	-0.464	-0.503	-0.507	-0.744	-0.656	-0.740	-0.356	-0.710	-0.595	-0.505	-0.468	-0.516	-0.355	-0.660	-0.644	-0.647	-0.387	+0.489	-0.388	+0.447	+1.541	-0.409	+0.475	-0.385	-0.402	-0.614	-0.619	-0.615	-0.138	-0.170	-0.237	-0.612	-0.179	-0.402	-0.132	-0.338	-0.337	-0.341	-0.765	-0.367	-0.393	-0.390	-0.531	+0.140	-0.754	-0.428	-0.745	+0.243	+0.366	-0.302	-0.302	+0.402	+3.401	+2.143	+2.349	-0.621	+1.826	-0.563	-0.585	+2.038	+0.534	-0.355	-0.363	-0.341	+1.244	+1.841	+1.181	-0.599	+2.077	-0.609	-0.647	-0.394	-0.375	-0.398	-0.643	+0.453	-0.643	-0.395	+0.414	-0.515	+0.338	+0.491	+0.454	+0.108	+1.088	+0.702	-0.002	+0.274	+0.277	+0.201	+0.240	+0.261	+0.275	-0.492	+0.353	+0.357	+0.155	+0.152	+0.242	+0.222	+0.191	-0.020	+0.075	-0.606	-0.691	-0.661	-0.805	-0.829	-0.809	-0.683	-0.642	-0.822	-0.686	-0.614	-0.817	-0.656	-0.768	-0.593	-0.641	-0.622	-0.622	-0.667	-0.614	-0.619	
rs4511766      -0.554	-0.780	-0.881	-0.820	-0.659	-0.393	-0.659	-0.792	-0.776	-0.921	-0.792	-0.816	-0.792	-0.708	-0.794	-0.792	-0.777	-0.792	-0.807	-0.854	-0.779	-0.526	-0.792	-0.779	-0.778	-0.882	-0.778	-0.778	-0.778	-0.798	-0.780	-0.783	-0.778	-0.791	-0.795	-0.790	-0.778	-0.768	-0.770	-0.746	-0.719	-0.740	-0.678	-0.688	-0.877	-0.824	-0.857	-0.679	-0.535	-0.569	-0.780	-0.785	-0.884	-0.854	-0.881	-0.348	-0.873	-0.783	-0.741	-0.672	-0.710	-0.507	-0.801	-0.785	-0.788	-0.539	+0.312	-0.540	+0.263	+1.318	-0.560	+0.303	-0.537	-0.554	-0.746	-0.751	-0.747	-0.286	-0.319	-0.386	-0.744	-0.329	-0.555	-0.282	-0.483	-0.488	-0.492	-0.897	-0.509	-0.535	-0.539	-0.672	-0.023	-0.885	-0.577	-0.876	+0.081	+0.199	-0.456	-0.455	+0.234	+3.095	+1.908	+2.112	-0.752	+1.620	-0.694	-0.716	+1.826	+0.390	-0.505	-0.512	-0.492	+1.073	+1.635	+1.012	-0.731	+1.857	-0.740	-0.779	-0.545	-0.524	-0.546	-0.787	+0.282	-0.788	-0.544	+0.244	-0.664	+0.179	+0.325	+0.289	-0.052	+0.914	+0.542	-0.154	+0.106	+0.110	+0.036	+0.074	+0.095	+0.108	-0.621	+0.184	+0.191	-0.006	-0.009	+0.080	+0.059	+0.029	-0.180	-0.086	-0.736	-0.829	-0.795	-0.934	-0.958	-0.938	-0.817	-0.776	-0.951	-0.825	-0.753	-0.949	-0.794	-0.897	-0.727	-0.771	-0.762	-0.762	-0.806	-0.754	-0.759	
rs6753931      -0.730	-0.731	-0.771	-0.697	-0.780	-0.369	-0.778	-0.524	+0.054	-0.807	-0.520	-0.872	-0.518	-0.818	-0.525	-0.519	+0.064	-0.521	-0.768	-0.862	+0.047	-0.792	-0.407	+0.047	+0.063	-0.773	+0.052	+0.065	+0.058	-0.322	+0.005	-0.509	+0.031	-0.519	-0.534	-0.518	+0.043	+0.186	+0.166	-0.815	-0.832	-0.860	-0.789	-0.836	-0.768	-0.701	-0.852	-0.773	-0.372	-0.444	-0.174	-0.250	-0.775	-0.732	-0.772	-0.355	-0.764	-0.664	-0.612	-0.550	-0.592	-0.382	-0.693	-0.677	-0.680	-0.415	+0.435	-0.416	+0.390	+1.423	-0.437	+0.438	-0.413	-0.431	-0.637	-0.643	-0.638	-0.160	-0.192	-0.261	-0.635	-0.202	-0.430	-0.154	-0.360	-0.362	-0.365	-0.791	-0.387	-0.415	-0.414	-0.562	+0.109	-0.779	-0.453	-0.769	+0.214	+0.337	-0.326	-0.326	+0.372	+3.244	+2.011	+2.215	-0.646	+1.712	-0.587	-0.609	+1.918	+0.530	-0.379	-0.387	-0.365	+1.222	+1.726	+1.161	-0.624	+1.952	-0.634	-0.672	-0.450	-0.398	-0.422	-0.668	+0.421	-0.669	-0.419	+0.381	-0.536	+0.311	+0.469	+0.432	+0.091	+1.022	+0.640	-0.042	+0.216	+0.220	+0.146	+0.184	+0.205	+0.219	-0.509	+0.294	+0.298	+0.100	+0.097	+0.185	+0.165	+0.134	-0.073	+0.020	-0.636	-0.721	-0.690	-0.829	-0.853	-0.834	-0.711	-0.671	-0.846	-0.716	-0.644	-0.842	-0.685	-0.792	-0.622	-0.670	-0.652	-0.652	-0.696	-0.644	-0.649	
rs6544831      -0.722	-0.727	-0.739	-0.618	-0.768	-0.400	-0.766	-0.215	-0.485	-0.742	+0.020	-0.836	+0.022	-0.802	-0.086	+0.017	-0.483	-0.031	-0.677	-0.806	-0.484	-0.779	+0.047	-0.377	-0.483	-0.742	-0.483	-0.483	-0.484	-0.473	-0.485	+0.273	-0.485	+0.038	-0.194	+0.080	-0.484	-0.476	-0.478	-0.797	-0.812	-0.839	-0.776	-0.814	-0.737	-0.620	-0.791	-0.761	-0.377	-0.464	-0.503	-0.507	-0.744	-0.656	-0.740	-0.356	-0.710	-0.595	-0.505	-0.468	-0.516	-0.355	-0.660	-0.644	-0.647	-0.387	+0.489	-0.388	+0.447	+1.541	-0.409	+0.475	-0.385	-0.402	-0.614	-0.619	-0.615	-0.138	-0.170	-0.237	-0.612	-0.179	-0.402	-0.132	-0.338	-0.337	-0.341	-0.765	-0.367	-0.393	-0.390	-0.531	+0.140	-0.754	-0.428	-0.745	+0.243	+0.366	-0.302	-0.302	+0.402	+3.401	+2.143	+2.349	-0.621	+1.827	-0.563	-0.585	+2.038	+0.534	-0.355	-0.363	-0.341	+1.244	+1.841	+1.181	-0.599	+2.077	-0.609	-0.647	-0.394	-0.375	-0.398	-0.643	+0.453	-0.643	-0.395	+0.414	-0.515	+0.338	+0.491	+0.454	+0.108	+1.088	+0.702	-0.002	+0.274	+0.277	+0.201	+0.240	+0.261	+0.275	-0.492	+0.353	+0.357	+0.155	+0.152	+0.242	+0.222	+0.191	-0.020	+0.075	-0.606	-0.691	-0.661	-0.805	-0.829	-0.809	-0.683	-0.642	-0.822	-0.686	-0.614	-0.817	-0.656	-0.768	-0.593	-0.641	-0.622	-0.622	-0.667	-0.614	-0.619	
rs6544832      -0.721	-0.726	-0.738	-0.616	-0.767	-0.400	-0.765	-0.207	-0.485	-0.741	+0.035	-0.835	+0.038	-0.802	-0.074	+0.032	-0.483	-0.017	-0.676	-0.805	-0.483	-0.778	+0.063	-0.483	-0.376	-0.741	-0.483	-0.482	-0.483	-0.470	-0.484	+0.293	-0.484	+0.054	-0.185	+0.096	-0.484	-0.476	-0.478	-0.796	-0.811	-0.838	-0.775	-0.813	-0.736	-0.619	-0.790	-0.761	-0.377	-0.464	-0.502	-0.506	-0.743	-0.655	-0.739	-0.355	-0.709	-0.594	-0.504	-0.467	-0.515	-0.354	-0.659	-0.643	-0.646	-0.387	+0.490	-0.387	+0.448	+1.543	-0.409	+0.476	-0.385	-0.402	-0.613	-0.618	-0.614	-0.137	-0.169	-0.236	-0.611	-0.178	-0.401	-0.131	-0.337	-0.336	-0.340	-0.765	-0.366	-0.392	-0.389	-0.530	+0.141	-0.753	-0.427	-0.744	+0.244	+0.367	-0.301	-0.301	+0.402	+3.403	+2.145	+2.351	-0.620	+1.828	-0.562	-0.584	+2.040	+0.534	-0.354	-0.362	-0.341	+1.245	+1.843	+1.182	-0.598	+2.078	-0.608	-0.646	-0.393	-0.374	-0.398	-0.642	+0.454	-0.642	-0.394	+0.415	-0.514	+0.339	+0.491	+0.455	+0.109	+1.089	+0.703	-0.001	+0.275	+0.278	+0.202	+0.241	+0.262	+0.276	-0.491	+0.354	+0.358	+0.156	+0.153	+0.243	+0.223	+0.192	-0.019	+0.076	-0.606	-0.690	-0.660	-0.804	-0.828	-0.808	-0.682	-0.641	-0.821	-0.686	-0.613	-0.816	-0.655	-0.767	-0.592	-0.640	-0.621	-0.621	-0.666	-0.613	-0.618	
rs17394793     -0.824	-0.636	-0.633	-0.705	-0.871	-0.486	-0.869	-0.772	-0.738	-0.836	-0.774	-0.966	-0.774	-0.906	-0.775	-0.774	-0.740	-0.774	-0.866	-0.956	-0.742	-0.882	-0.773	-0.742	-0.741	-0.499	-0.742	-0.741	-0.742	-0.765	-0.744	-0.767	-0.742	-0.773	-0.776	-0.772	-0.741	-0.730	-0.732	-0.901	-0.917	-0.947	-0.879	-0.919	-0.638	-0.709	-0.947	-0.864	-0.394	-0.556	-0.744	-0.750	-0.645	-0.746	-0.650	-0.459	-0.797	-0.715	-0.675	-0.593	-0.629	-0.473	-0.762	-0.746	-0.749	-0.505	+0.369	-0.505	+0.330	+1.332	-0.526	+0.375	-0.503	-0.520	-0.708	-0.714	-0.709	-0.236	-0.268	-0.336	-0.707	-0.278	-0.519	-0.229	-0.439	-0.453	-0.456	-0.867	-0.466	-0.493	-0.504	-0.629	+0.037	-0.855	-0.543	-0.845	+0.144	+0.268	-0.418	-0.417	+0.303	+3.130	+1.916	+2.119	-0.731	+1.620	-0.674	-0.695	+1.825	+0.441	-0.470	-0.478	-0.457	+1.146	+1.635	+1.084	-0.710	+1.859	-0.719	-0.757	-0.536	-0.489	-0.512	-0.753	+0.350	-0.754	-0.509	+0.311	-0.627	+0.233	+0.393	+0.357	+0.014	+0.935	+0.556	-0.134	+0.125	+0.128	+0.055	+0.093	+0.113	+0.127	-0.601	+0.202	+0.206	+0.010	+0.007	+0.095	+0.074	+0.044	-0.161	-0.069	-0.717	-0.797	-0.770	-0.911	-0.934	-0.915	-0.792	-0.751	-0.927	-0.793	-0.719	-0.920	-0.761	-0.874	-0.703	-0.751	-0.727	-0.728	-0.772	-0.719	-0.725	
rs2053185      -0.722	-0.727	-0.739	-0.617	-0.768	-0.400	-0.766	-0.213	-0.485	-0.741	+0.024	-0.836	+0.027	-0.802	-0.082	+0.021	-0.483	-0.026	-0.677	-0.805	-0.483	-0.778	+0.052	-0.483	-0.483	-0.742	-0.376	-0.483	-0.483	-0.472	-0.485	+0.281	-0.484	+0.044	-0.191	+0.086	-0.484	-0.476	-0.478	-0.796	-0.811	-0.839	-0.776	-0.814	-0.736	-0.620	-0.791	-0.761	-0.377	-0.464	-0.503	-0.506	-0.744	-0.656	-0.740	-0.355	-0.710	-0.595	-0.505	-0.468	-0.516	-0.355	-0.660	-0.644	-0.646	-0.387	+0.489	-0.388	+0.447	+1.542	-0.409	+0.476	-0.385	-0.402	-0.614	-0.619	-0.614	-0.138	-0.169	-0.237	-0.612	-0.179	-0.402	-0.131	-0.338	-0.337	-0.340	-0.765	-0.367	-0.392	-0.389	-0.531	+0.140	-0.753	-0.428	-0.745	+0.243	+0.366	-0.302	-0.302	+0.402	+3.402	+2.144	+2.350	-0.620	+1.827	-0.562	-0.584	+2.039	+0.534	-0.354	-0.363	-0.341	+1.244	+1.842	+1.181	-0.599	+2.077	-0.609	-0.646	-0.394	-0.375	-0.398	-0.642	+0.453	-0.643	-0.395	+0.414	-0.515	+0.338	+0.491	+0.454	+0.108	+1.089	+0.702	-0.002	+0.274	+0.278	+0.201	+0.240	+0.262	+0.276	-0.492	+0.353	+0.357	+0.155	+0.152	+0.243	+0.222	+0.191	-0.020	+0.075	-0.606	-0.691	-0.661	-0.805	-0.828	-0.809	-0.683	-0.642	-0.821	-0.686	-0.614	-0.817	-0.655	-0.768	-0.593	-0.641	-0.622	-0.622	-0.667	-0.614	-0.619	
rs713306       -0.721	-0.726	-0.738	-0.616	-0.767	-0.400	-0.765	-0.206	-0.485	-0.740	+0.037	-0.835	+0.040	-0.802	-0.071	+0.034	-0.483	-0.015	-0.675	-0.804	-0.483	-0.778	+0.065	-0.483	-0.482	-0.741	-0.483	-0.376	-0.483	-0.470	-0.484	+0.298	-0.484	+0.058	-0.183	+0.100	-0.484	-0.476	-0.478	-0.796	-0.811	-0.838	-0.775	-0.813	-0.736	-0.619	-0.790	-0.760	-0.377	-0.464	-0.502	-0.505	-0.743	-0.655	-0.739	-0.355	-0.709	-0.594	-0.504	-0.467	-0.515	-0.354	-0.659	-0.643	-0.646	-0.386	+0.490	-0.387	+0.449	+1.543	-0.408	+0.477	-0.384	-0.401	-0.613	-0.618	-0.614	-0.137	-0.169	-0.236	-0.611	-0.178	-0.401	-0.131	-0.337	-0.336	-0.339	-0.764	-0.366	-0.392	-0.388	-0.530	+0.141	-0.753	-0.427	-0.744	+0.244	+0.367	-0.301	-0.301	+0.403	+3.404	+2.145	+2.351	-0.620	+1.828	-0.562	-0.584	+2.040	+0.534	-0.354	-0.362	-0.340	+1.245	+1.843	+1.182	-0.598	+2.079	-0.608	-0.646	-0.393	-0.374	-0.397	-0.642	+0.454	-0.642	-0.394	+0.415	-0.514	+0.339	+0.492	+0.455	+0.109	+1.090	+0.703	-0.001	+0.275	+0.278	+0.202	+0.241	+0.262	+0.277	-0.491	+0.354	+0.358	+0.156	+0.153	+0.243	+0.223	+0.192	-0.019	+0.076	-0.605	-0.690	-0.660	-0.804	-0.828	-0.808	-0.682	-0.641	-0.821	-0.685	-0.613	-0.816	-0.655	-0.767	-0.592	-0.640	-0.621	-0.621	-0.666	-0.613	-0.618	
rs6544833      -0.722	-0.726	-0.739	-0.617	-0.768	-0.400	-0.766	-0.212	-0.485	-0.741	+0.030	-0.836	+0.033	-0.802	-0.078	+0.027	-0.483	-0.021	-0.677	-0.805	-0.484	-0.778	+0.058	-0.484	-0.483	-0.742	-0.483	-0.483	-0.376	-0.472	-0.485	+0.291	-0.484	+0.051	-0.188	+0.094	-0.484	-0.476	-0.478	-0.796	-0.811	-0.839	-0.776	-0.814	-0.736	-0.620	-0.791	-0.761	-0.377	-0.464	-0.503	-0.506	-0.744	-0.656	-0.740	-0.355	-0.710	-0.595	-0.505	-0.468	-0.516	-0.355	-0.660	-0.644	-0.646	-0.387	+0.489	-0.388	+0.448	+1.542	-0.409	+0.476	-0.385	-0.402	-0.613	-0.619	-0.614	-0.138	-0.169	-0.237	-0.612	-0.179	-0.402	-0.131	-0.338	-0.337	-0.340	-0.765	-0.367	-0.392	-0.389	-0.531	+0.140	-0.753	-0.428	-0.745	+0.244	+0.366	-0.302	-0.302	+0.402	+3.402	+2.144	+2.350	-0.620	+1.827	-0.562	-0.584	+2.039	+0.534	-0.354	-0.363	-0.341	+1.244	+1.842	+1.181	-0.599	+2.078	-0.609	-0.646	-0.394	-0.375	-0.398	-0.642	+0.453	-0.643	-0.395	+0.414	-0.515	+0.338	+0.491	+0.454	+0.108	+1.089	+0.702	-0.002	+0.274	+0.278	+0.201	+0.240	+0.262	+0.276	-0.492	+0.353	+0.358	+0.155	+0.152	+0.243	+0.222	+0.191	-0.020	+0.075	-0.606	-0.690	-0.661	-0.805	-0.828	-0.809	-0.683	-0.642	-0.821	-0.686	-0.614	-0.817	-0.655	-0.768	-0.593	-0.640	-0.622	-0.622	-0.667	-0.614	-0.619	
rs13402828     -0.740	-0.744	-0.762	-0.653	-0.787	-0.410	-0.785	-0.419	-0.469	-0.774	-0.329	-0.862	-0.333	-0.822	-0.368	-0.333	-0.469	-0.348	-0.717	-0.837	-0.473	-0.798	-0.322	-0.473	-0.470	-0.765	-0.472	-0.470	-0.472	-0.402	-0.479	-0.212	-0.474	-0.323	-0.407	-0.305	-0.472	-0.441	-0.447	-0.817	-0.832	-0.861	-0.795	-0.835	-0.760	-0.656	-0.823	-0.780	-0.393	-0.476	-0.506	-0.518	-0.767	-0.691	-0.763	-0.372	-0.738	-0.627	-0.546	-0.503	-0.549	-0.378	-0.684	-0.668	-0.670	-0.411	+0.460	-0.411	+0.417	+1.494	-0.432	+0.450	-0.409	-0.426	-0.635	-0.641	-0.636	-0.160	-0.191	-0.259	-0.634	-0.201	-0.425	-0.153	-0.360	-0.359	-0.363	-0.787	-0.388	-0.414	-0.412	-0.554	+0.116	-0.775	-0.450	-0.767	+0.220	+0.342	-0.324	-0.324	+0.378	+3.344	+2.092	+2.298	-0.643	+1.780	-0.585	-0.607	+1.991	+0.515	-0.377	-0.385	-0.364	+1.220	+1.795	+1.158	-0.621	+2.028	-0.631	-0.669	-0.424	-0.397	-0.420	-0.665	+0.429	-0.665	-0.417	+0.389	-0.536	+0.315	+0.469	+0.432	+0.088	+1.055	+0.670	-0.028	+0.243	+0.247	+0.171	+0.210	+0.231	+0.245	-0.512	+0.322	+0.326	+0.125	+0.122	+0.212	+0.191	+0.161	-0.049	+0.045	-0.629	-0.714	-0.684	-0.827	-0.850	-0.831	-0.706	-0.665	-0.843	-0.709	-0.637	-0.838	-0.679	-0.790	-0.616	-0.664	-0.645	-0.645	-0.690	-0.637	-0.642	
rs6544835      -0.724	-0.728	-0.741	-0.621	-0.770	-0.402	-0.768	-0.238	-0.486	-0.745	-0.016	-0.838	-0.018	-0.804	-0.115	-0.023	-0.484	-0.064	-0.681	-0.809	-0.485	-0.780	+0.005	-0.485	-0.484	-0.744	-0.485	-0.484	-0.485	-0.479	-0.379	+0.228	-0.486	-0.001	-0.217	+0.042	-0.485	-0.475	-0.477	-0.799	-0.814	-0.841	-0.778	-0.816	-0.739	-0.624	-0.794	-0.763	-0.379	-0.465	-0.504	-0.508	-0.746	-0.659	-0.742	-0.357	-0.713	-0.598	-0.509	-0.472	-0.519	-0.357	-0.662	-0.646	-0.649	-0.390	+0.486	-0.390	+0.444	+1.537	-0.412	+0.473	-0.388	-0.405	-0.616	-0.621	-0.617	-0.140	-0.172	-0.239	-0.614	-0.181	-0.404	-0.134	-0.340	-0.339	-0.343	-0.767	-0.369	-0.395	-0.392	-0.533	+0.138	-0.756	-0.430	-0.747	+0.241	+0.364	-0.304	-0.304	+0.399	+3.396	+2.139	+2.345	-0.623	+1.822	-0.565	-0.587	+2.034	+0.532	-0.357	-0.365	-0.344	+1.241	+1.837	+1.178	-0.601	+2.072	-0.611	-0.649	-0.397	-0.377	-0.401	-0.645	+0.451	-0.645	-0.397	+0.411	-0.517	+0.336	+0.488	+0.452	+0.106	+1.085	+0.699	-0.005	+0.271	+0.274	+0.198	+0.237	+0.258	+0.272	-0.494	+0.350	+0.354	+0.152	+0.149	+0.239	+0.219	+0.188	-0.023	+0.072	-0.609	-0.693	-0.664	-0.807	-0.831	-0.811	-0.685	-0.644	-0.824	-0.689	-0.616	-0.819	-0.658	-0.770	-0.595	-0.643	-0.624	-0.624	-0.669	-0.616	-0.621	
rs6760635      -0.721	-0.721	-0.765	-0.696	-0.771	-0.354	-0.769	-0.508	+0.278	-0.805	-0.511	-0.866	-0.508	-0.810	-0.514	-0.510	+0.293	-0.511	-0.768	-0.858	+0.273	-0.783	-0.509	+0.273	+0.293	-0.767	+0.281	+0.298	+0.291	-0.212	+0.228	-0.400	+0.254	-0.511	-0.524	-0.511	+0.268	+0.448	+0.424	-0.807	-0.825	-0.852	-0.781	-0.829	-0.763	-0.701	-0.849	-0.764	-0.362	-0.432	-0.022	-0.125	-0.769	-0.731	-0.766	-0.344	-0.760	-0.662	-0.614	-0.550	-0.591	-0.375	-0.687	-0.672	-0.674	-0.409	+0.440	-0.409	+0.394	+1.421	-0.430	+0.444	-0.407	-0.425	-0.630	-0.636	-0.631	-0.153	-0.184	-0.254	-0.629	-0.195	-0.424	-0.146	-0.353	-0.355	-0.358	-0.784	-0.380	-0.407	-0.407	-0.556	+0.115	-0.772	-0.447	-0.763	+0.221	+0.343	-0.319	-0.319	+0.379	+3.239	+2.007	+2.211	-0.639	+1.710	-0.580	-0.603	+1.915	+0.540	-0.372	-0.380	-0.358	+1.231	+1.724	+1.170	-0.617	+1.949	-0.627	-0.666	-0.447	-0.391	-0.415	-0.661	+0.427	-0.662	-0.412	+0.388	-0.529	+0.318	+0.476	+0.440	+0.099	+1.025	+0.644	-0.037	+0.220	+0.223	+0.150	+0.187	+0.208	+0.222	-0.502	+0.298	+0.302	+0.104	+0.101	+0.189	+0.168	+0.138	-0.069	+0.024	-0.630	-0.715	-0.684	-0.823	-0.847	-0.827	-0.705	-0.664	-0.840	-0.711	-0.638	-0.835	-0.679	-0.786	-0.616	-0.664	-0.646	-0.646	-0.690	-0.638	-0.643	
