## Summary of overall evidence for association with region:
## log10(BF for region) = -0.653405
## p-value for region = NA

## BFs for choosing among multi-SNP models:
## log10(average 1-SNP BF) = -0.574484
## log10(average 2-SNP BF) = -0.874214

## Example posterior probabilities for multi-SNP models, based on default prior: [p(l) propto 0.5^l for l=1,2,...,L]
## posterior probability of 1-SNP = 0.799521
## posterior probability of 2-SNP = 0.200479

## log10(BF) for single SNP and pair of SNPs:
rs757517       -0.621	-0.871	-0.643	-0.790	-0.878	-0.977	-0.864	-0.942	-0.868	-0.868	-0.861	-0.973	-0.885	-0.942	-0.860	-0.942	-0.973	-0.901	-0.852	-0.852	-0.907	-0.850	-0.973	-0.972	-0.970	-0.913	-0.941	-0.990	-0.938	-0.884	-0.942	-0.973	-0.894	-0.915	-0.947	-0.948	-0.876	-0.952	-0.954	-0.950	-0.974	-0.974	-0.872	-0.914	-0.866	-0.885	-0.817	-0.945	-0.747	-0.824	-0.806	-1.059	-1.033	-1.096	-1.072	-1.107	-1.036	-1.031	-1.107	-0.999	-1.004	-1.060	-0.978	-1.102	-1.103	-1.101	-0.998	-1.059	-1.112	-0.911	-1.102	-0.972	-1.106	-1.106	-1.099	-1.101	-1.109	-1.107	-0.963	-1.110	-1.106	-0.966	-1.106	-1.058	-1.058	-0.990	-0.992	-0.880	-1.060	-0.996	-1.058	-1.109	-1.103	-1.104	-1.103	-1.102	-1.104	-1.097	-1.105	-1.012	-1.107	-1.102	-1.097	-1.103	-1.103	-1.099	-1.099	-1.096	-1.100	-1.096	-1.095	-1.096	-1.096	-1.095	-1.096	-1.104	-1.104	-1.003	-1.107	-1.107	-1.106	-0.967	-1.102	-1.103	-0.966	-1.103	-1.001	-1.060	-1.013	-1.060	-1.013	-1.103	-0.966	-1.103	-1.103	-1.103	-1.016	-1.016	-1.100	-1.100	-1.100	-1.064	-1.017	-1.018	-1.104	-1.102	-1.088	-1.086	-1.096	-1.043	-1.101	-1.101	-1.101	-1.096	-1.098	-1.104	-1.107	-1.100	-1.092	-1.089	-1.089	-1.088	-1.089	-1.089	-1.093	-1.110	-1.036	-1.090	-1.042	-1.040	-1.047	-1.075	-1.076	-1.076	-1.074	-1.036	-1.036	-1.073	-1.101	-1.101	-1.073	-1.074	-1.077	-1.049	-1.031	
rs10832855     -0.871	-0.438	-0.900	-0.592	-0.893	-0.656	-0.750	-0.867	-0.662	-0.753	-0.747	-0.811	-0.664	-0.864	-0.744	-0.864	-0.790	-0.666	-0.738	-0.738	-0.654	-0.736	-0.793	-0.789	-0.784	-0.665	-0.860	-0.837	-0.853	-0.769	-0.862	-0.807	-0.777	-0.819	-0.867	-0.869	-0.759	-0.893	-0.895	-0.901	-0.893	-0.889	-0.677	-0.686	-0.502	-0.552	-0.470	-0.742	-0.523	-0.604	-0.586	-0.868	-0.837	-0.930	-0.886	-0.930	-0.846	-0.840	-0.930	-0.805	-0.810	-0.873	-0.781	-0.935	-0.936	-0.935	-0.802	-0.871	-0.943	-0.755	-0.935	-0.775	-0.938	-0.938	-0.933	-0.934	-0.941	-0.939	-0.764	-0.941	-0.938	-0.768	-0.939	-0.869	-0.869	-0.795	-0.796	-0.709	-0.872	-0.801	-0.869	-0.940	-0.936	-0.937	-0.936	-0.935	-0.937	-0.932	-0.938	-0.818	-0.939	-0.936	-0.932	-0.936	-0.936	-0.933	-0.933	-0.931	-0.934	-0.931	-0.930	-0.931	-0.931	-0.930	-0.930	-0.937	-0.937	-0.809	-0.939	-0.939	-0.939	-0.769	-0.935	-0.936	-0.767	-0.936	-0.806	-0.872	-0.820	-0.872	-0.820	-0.936	-0.768	-0.936	-0.936	-0.936	-0.823	-0.824	-0.934	-0.934	-0.934	-0.877	-0.824	-0.825	-0.936	-0.935	-0.903	-0.901	-0.930	-0.881	-0.919	-0.919	-0.919	-0.930	-0.916	-0.924	-0.939	-0.919	-0.927	-0.925	-0.925	-0.924	-0.924	-0.925	-0.928	-0.931	-0.876	-0.926	-0.880	-0.879	-0.883	-0.913	-0.914	-0.913	-0.912	-0.877	-0.876	-0.911	-0.930	-0.930	-0.911	-0.912	-0.914	-0.890	-0.873	
rs10766426     -0.643	-0.900	-0.612	-0.837	-0.823	-0.957	-0.763	-0.793	-0.896	-0.769	-0.760	-0.916	-0.907	-0.786	-0.766	-0.787	-0.887	-0.916	-0.754	-0.754	-0.922	-0.752	-0.895	-0.891	-0.885	-0.922	-0.790	-0.870	-0.765	-0.796	-0.796	-0.906	-0.811	-0.689	-0.806	-0.809	-0.788	-0.876	-0.884	-0.899	-0.911	-0.900	-0.898	-0.915	-0.817	-0.843	-0.771	-0.924	-0.730	-0.800	-0.782	-1.048	-1.021	-1.088	-1.063	-1.098	-1.026	-1.021	-1.098	-0.988	-0.993	-1.046	-0.967	-1.094	-1.096	-1.094	-0.987	-1.045	-1.105	-0.918	-1.094	-0.961	-1.098	-1.098	-1.092	-1.093	-1.101	-1.099	-0.951	-1.102	-1.098	-0.955	-1.099	-1.044	-1.044	-0.979	-0.981	-0.881	-1.046	-0.986	-1.043	-1.101	-1.095	-1.096	-1.095	-1.094	-1.096	-1.090	-1.098	-1.001	-1.100	-1.095	-1.090	-1.095	-1.095	-1.092	-1.092	-1.089	-1.093	-1.089	-1.088	-1.089	-1.089	-1.088	-1.088	-1.097	-1.097	-0.992	-1.099	-1.099	-1.099	-0.955	-1.094	-1.096	-0.954	-1.095	-0.990	-1.046	-1.003	-1.045	-1.003	-1.096	-0.955	-1.096	-1.096	-1.096	-1.005	-1.006	-1.093	-1.093	-1.093	-1.050	-1.006	-1.007	-1.096	-1.094	-1.077	-1.076	-1.088	-1.043	-1.091	-1.091	-1.091	-1.088	-1.089	-1.095	-1.099	-1.091	-1.085	-1.082	-1.082	-1.081	-1.081	-1.082	-1.085	-1.100	-1.036	-1.083	-1.041	-1.040	-1.045	-1.068	-1.069	-1.069	-1.067	-1.037	-1.036	-1.066	-1.092	-1.092	-1.066	-1.067	-1.070	-1.043	-1.032	
rs3781949      -0.790	-0.592	-0.837	-0.373	-0.838	-0.549	-0.698	-0.808	-0.567	-0.702	-0.696	-0.757	-0.553	-0.804	-0.694	-0.804	-0.732	-0.539	-0.688	-0.688	-0.589	-0.686	-0.738	-0.734	-0.729	-0.524	-0.802	-0.775	-0.793	-0.717	-0.804	-0.752	-0.725	-0.757	-0.808	-0.809	-0.708	-0.836	-0.838	-0.844	-0.836	-0.831	-0.599	-0.586	-0.339	-0.407	-0.321	-0.683	-0.450	-0.540	-0.522	-0.802	-0.770	-0.874	-0.822	-0.870	-0.780	-0.774	-0.869	-0.737	-0.742	-0.808	-0.713	-0.878	-0.879	-0.878	-0.735	-0.806	-0.885	-0.699	-0.879	-0.706	-0.881	-0.881	-0.876	-0.878	-0.883	-0.882	-0.696	-0.883	-0.881	-0.700	-0.882	-0.804	-0.804	-0.727	-0.729	-0.648	-0.807	-0.734	-0.804	-0.883	-0.879	-0.880	-0.879	-0.879	-0.880	-0.875	-0.881	-0.752	-0.882	-0.879	-0.875	-0.879	-0.879	-0.877	-0.877	-0.875	-0.877	-0.874	-0.874	-0.874	-0.874	-0.873	-0.874	-0.880	-0.880	-0.742	-0.882	-0.882	-0.881	-0.701	-0.878	-0.879	-0.699	-0.879	-0.739	-0.807	-0.753	-0.807	-0.753	-0.879	-0.700	-0.879	-0.879	-0.879	-0.757	-0.758	-0.877	-0.877	-0.877	-0.813	-0.758	-0.759	-0.879	-0.878	-0.840	-0.838	-0.873	-0.825	-0.857	-0.857	-0.857	-0.873	-0.854	-0.862	-0.881	-0.857	-0.871	-0.868	-0.868	-0.868	-0.868	-0.868	-0.871	-0.870	-0.821	-0.869	-0.823	-0.822	-0.826	-0.857	-0.858	-0.858	-0.857	-0.821	-0.820	-0.855	-0.873	-0.873	-0.856	-0.856	-0.858	-0.835	-0.817	
rs1012105      -0.878	-0.893	-0.823	-0.838	-0.641	-0.985	-0.822	-0.871	-0.907	-0.827	-0.819	-0.943	-0.920	-0.866	-0.822	-0.866	-0.922	-0.932	-0.811	-0.811	-0.932	-0.808	-0.929	-0.926	-0.921	-0.941	-0.868	-0.939	-0.850	-0.851	-0.872	-0.936	-0.864	-0.790	-0.880	-0.882	-0.842	-0.926	-0.931	-0.938	-0.955	-0.949	-0.909	-0.939	-0.864	-0.887	-0.818	-0.954	-0.760	-0.832	-0.814	-1.077	-1.050	-1.115	-1.091	-1.126	-1.054	-1.050	-1.126	-1.017	-1.022	-1.077	-0.996	-1.122	-1.123	-1.121	-1.016	-1.076	-1.132	-0.939	-1.122	-0.990	-1.126	-1.125	-1.119	-1.120	-1.129	-1.127	-0.981	-1.129	-1.125	-0.984	-1.126	-1.074	-1.074	-1.008	-1.010	-0.905	-1.076	-1.014	-1.074	-1.128	-1.123	-1.124	-1.123	-1.122	-1.124	-1.117	-1.125	-1.030	-1.127	-1.122	-1.117	-1.122	-1.123	-1.119	-1.119	-1.116	-1.120	-1.116	-1.115	-1.116	-1.116	-1.115	-1.115	-1.124	-1.124	-1.021	-1.126	-1.126	-1.126	-0.984	-1.121	-1.123	-0.984	-1.123	-1.019	-1.076	-1.031	-1.076	-1.031	-1.123	-0.984	-1.123	-1.123	-1.123	-1.034	-1.034	-1.120	-1.120	-1.120	-1.080	-1.035	-1.036	-1.124	-1.121	-1.106	-1.104	-1.116	-1.067	-1.119	-1.119	-1.119	-1.116	-1.117	-1.123	-1.126	-1.119	-1.112	-1.109	-1.109	-1.108	-1.109	-1.109	-1.113	-1.128	-1.060	-1.110	-1.065	-1.064	-1.070	-1.095	-1.096	-1.096	-1.095	-1.061	-1.060	-1.093	-1.120	-1.120	-1.094	-1.094	-1.097	-1.070	-1.056	
rs7943186      -0.977	-0.656	-0.957	-0.549	-0.985	-0.531	-0.825	-0.971	-0.626	-0.828	-0.822	-0.945	-0.663	-0.969	-0.818	-0.969	-0.939	-0.691	-0.811	-0.811	-0.661	-0.809	-0.940	-0.938	-0.937	-0.713	-0.967	-0.956	-0.963	-0.844	-0.968	-0.945	-0.853	-0.941	-0.971	-0.971	-0.834	-0.981	-0.982	-0.982	-0.981	-0.980	-0.658	-0.757	-0.711	-0.740	-0.671	-0.852	-0.642	-0.722	-0.704	-0.970	-0.943	-1.007	-0.985	-1.019	-0.949	-0.944	-1.020	-0.911	-0.916	-0.970	-0.890	-1.014	-1.015	-1.013	-0.910	-0.968	-1.025	-0.831	-1.014	-0.884	-1.018	-1.018	-1.011	-1.013	-1.021	-1.019	-0.874	-1.022	-1.018	-0.878	-1.019	-0.967	-0.967	-0.902	-0.904	-0.784	-0.969	-0.908	-0.967	-1.021	-1.015	-1.016	-1.015	-1.014	-1.016	-1.009	-1.018	-0.924	-1.020	-1.014	-1.009	-1.015	-1.015	-1.011	-1.011	-1.008	-1.012	-1.008	-1.007	-1.008	-1.008	-1.007	-1.007	-1.016	-1.016	-0.915	-1.019	-1.019	-1.019	-0.878	-1.014	-1.015	-0.877	-1.015	-0.913	-0.969	-0.925	-0.969	-0.925	-1.016	-0.878	-1.016	-1.016	-1.015	-0.928	-0.929	-1.012	-1.012	-1.012	-0.973	-0.929	-0.930	-1.016	-1.014	-1.000	-0.999	-1.008	-0.955	-1.013	-1.013	-1.013	-1.008	-1.011	-1.017	-1.020	-1.013	-1.004	-1.001	-1.001	-1.000	-1.001	-1.001	-1.005	-1.022	-0.947	-1.002	-0.954	-0.952	-0.958	-0.987	-0.988	-0.987	-0.986	-0.948	-0.948	-0.985	-1.013	-1.013	-0.985	-0.985	-0.989	-0.960	-0.943	
rs7110441      -0.864	-0.750	-0.763	-0.698	-0.822	-0.825	-0.438	-0.887	-0.753	-0.558	-0.555	-0.808	-0.764	-0.889	-0.582	-0.889	-0.820	-0.773	-0.576	-0.576	-0.777	-0.575	-0.820	-0.821	-0.822	-0.780	-0.890	-0.906	-0.890	-0.600	-0.889	-0.817	-0.601	-0.887	-0.888	-0.888	-0.612	-0.875	-0.874	-0.867	-0.877	-0.880	-0.751	-0.767	-0.682	-0.703	-0.631	-0.770	-0.546	-0.635	-0.616	-0.872	-0.842	-0.928	-0.887	-0.931	-0.847	-0.841	-0.931	-0.806	-0.811	-0.888	-0.784	-0.935	-0.936	-0.935	-0.805	-0.886	-0.943	-0.731	-0.935	-0.777	-0.939	-0.938	-0.933	-0.934	-0.941	-0.939	-0.767	-0.941	-0.938	-0.770	-0.939	-0.885	-0.885	-0.797	-0.798	-0.721	-0.887	-0.803	-0.885	-0.941	-0.936	-0.937	-0.936	-0.935	-0.937	-0.932	-0.938	-0.820	-0.939	-0.936	-0.932	-0.936	-0.936	-0.933	-0.933	-0.931	-0.934	-0.931	-0.930	-0.931	-0.931	-0.930	-0.930	-0.937	-0.937	-0.810	-0.939	-0.939	-0.939	-0.772	-0.935	-0.936	-0.770	-0.936	-0.808	-0.887	-0.822	-0.887	-0.822	-0.936	-0.771	-0.936	-0.936	-0.936	-0.825	-0.825	-0.934	-0.934	-0.934	-0.891	-0.826	-0.827	-0.937	-0.935	-0.906	-0.904	-0.930	-0.880	-0.922	-0.921	-0.921	-0.930	-0.918	-0.926	-0.939	-0.921	-0.927	-0.925	-0.925	-0.924	-0.924	-0.925	-0.928	-0.932	-0.874	-0.926	-0.878	-0.877	-0.883	-0.913	-0.914	-0.913	-0.912	-0.874	-0.874	-0.911	-0.931	-0.931	-0.911	-0.911	-0.914	-0.889	-0.870	
rs757514       -0.942	-0.867	-0.793	-0.808	-0.871	-0.971	-0.887	-0.642	-0.874	-0.891	-0.884	-0.962	-0.893	-0.776	-0.885	-0.777	-0.961	-0.909	-0.877	-0.877	-0.905	-0.875	-0.962	-0.962	-0.961	-0.922	-0.795	-0.969	-0.771	-0.908	-0.798	-0.961	-0.917	-0.716	-0.800	-0.802	-0.900	-0.782	-0.792	-0.769	-0.872	-0.875	-0.880	-0.927	-0.885	-0.904	-0.839	-0.967	-0.769	-0.847	-0.829	-1.079	-1.053	-1.115	-1.091	-1.127	-1.055	-1.051	-1.127	-1.018	-1.023	-1.081	-0.997	-1.122	-1.123	-1.121	-1.017	-1.080	-1.133	-0.928	-1.122	-0.991	-1.126	-1.126	-1.119	-1.121	-1.129	-1.127	-0.982	-1.130	-1.126	-0.985	-1.127	-1.079	-1.079	-1.010	-1.011	-0.901	-1.081	-1.016	-1.079	-1.129	-1.123	-1.124	-1.123	-1.122	-1.124	-1.117	-1.126	-1.031	-1.128	-1.123	-1.118	-1.123	-1.123	-1.119	-1.119	-1.117	-1.120	-1.116	-1.115	-1.116	-1.116	-1.115	-1.116	-1.124	-1.124	-1.022	-1.127	-1.127	-1.127	-0.986	-1.122	-1.123	-0.985	-1.123	-1.020	-1.081	-1.033	-1.081	-1.033	-1.124	-0.986	-1.124	-1.124	-1.123	-1.035	-1.036	-1.120	-1.120	-1.120	-1.085	-1.036	-1.037	-1.124	-1.122	-1.108	-1.106	-1.116	-1.064	-1.121	-1.121	-1.121	-1.116	-1.118	-1.124	-1.127	-1.121	-1.113	-1.109	-1.109	-1.109	-1.109	-1.109	-1.113	-1.130	-1.056	-1.111	-1.062	-1.061	-1.067	-1.095	-1.096	-1.096	-1.095	-1.057	-1.057	-1.093	-1.121	-1.121	-1.094	-1.094	-1.097	-1.069	-1.052	
rs6486397      -0.868	-0.662	-0.896	-0.567	-0.907	-0.626	-0.753	-0.874	-0.437	-0.756	-0.750	-0.820	-0.571	-0.870	-0.748	-0.870	-0.801	-0.563	-0.742	-0.741	-0.625	-0.740	-0.804	-0.800	-0.796	-0.550	-0.866	-0.843	-0.860	-0.771	-0.868	-0.816	-0.779	-0.827	-0.873	-0.874	-0.763	-0.897	-0.899	-0.904	-0.898	-0.893	-0.617	-0.637	-0.412	-0.482	-0.395	-0.745	-0.517	-0.604	-0.586	-0.870	-0.840	-0.930	-0.887	-0.929	-0.847	-0.842	-0.928	-0.806	-0.811	-0.873	-0.783	-0.935	-0.936	-0.934	-0.804	-0.871	-0.942	-0.755	-0.935	-0.777	-0.938	-0.938	-0.933	-0.934	-0.940	-0.939	-0.767	-0.940	-0.938	-0.770	-0.938	-0.870	-0.870	-0.797	-0.798	-0.707	-0.872	-0.803	-0.869	-0.940	-0.936	-0.936	-0.936	-0.935	-0.937	-0.931	-0.937	-0.820	-0.939	-0.935	-0.931	-0.935	-0.935	-0.933	-0.933	-0.931	-0.933	-0.930	-0.930	-0.930	-0.930	-0.929	-0.930	-0.937	-0.936	-0.811	-0.938	-0.938	-0.938	-0.771	-0.935	-0.936	-0.770	-0.935	-0.808	-0.872	-0.822	-0.872	-0.822	-0.936	-0.771	-0.936	-0.936	-0.936	-0.825	-0.826	-0.933	-0.933	-0.933	-0.878	-0.826	-0.827	-0.936	-0.934	-0.904	-0.903	-0.929	-0.881	-0.920	-0.920	-0.920	-0.929	-0.917	-0.925	-0.938	-0.920	-0.927	-0.924	-0.924	-0.924	-0.924	-0.924	-0.927	-0.932	-0.876	-0.925	-0.879	-0.878	-0.883	-0.912	-0.913	-0.913	-0.912	-0.876	-0.875	-0.911	-0.930	-0.930	-0.911	-0.911	-0.914	-0.889	-0.872	
rs7124411      -0.868	-0.753	-0.769	-0.702	-0.827	-0.828	-0.558	-0.891	-0.756	-0.442	-0.555	-0.813	-0.767	-0.892	-0.584	-0.892	-0.824	-0.777	-0.577	-0.577	-0.780	-0.575	-0.824	-0.825	-0.826	-0.783	-0.893	-0.908	-0.893	-0.603	-0.893	-0.821	-0.605	-0.890	-0.892	-0.891	-0.615	-0.879	-0.878	-0.872	-0.881	-0.883	-0.754	-0.770	-0.685	-0.707	-0.635	-0.773	-0.550	-0.639	-0.620	-0.875	-0.846	-0.932	-0.891	-0.934	-0.850	-0.845	-0.934	-0.810	-0.815	-0.892	-0.787	-0.939	-0.940	-0.938	-0.808	-0.890	-0.947	-0.735	-0.939	-0.780	-0.942	-0.942	-0.936	-0.938	-0.944	-0.943	-0.771	-0.945	-0.942	-0.774	-0.942	-0.889	-0.889	-0.800	-0.802	-0.724	-0.891	-0.807	-0.888	-0.944	-0.940	-0.940	-0.940	-0.939	-0.940	-0.935	-0.941	-0.824	-0.943	-0.939	-0.935	-0.939	-0.939	-0.937	-0.937	-0.934	-0.937	-0.934	-0.933	-0.934	-0.934	-0.933	-0.934	-0.940	-0.940	-0.814	-0.942	-0.942	-0.942	-0.775	-0.938	-0.940	-0.774	-0.939	-0.812	-0.891	-0.825	-0.890	-0.825	-0.940	-0.775	-0.940	-0.940	-0.940	-0.829	-0.829	-0.937	-0.937	-0.937	-0.895	-0.830	-0.831	-0.940	-0.938	-0.909	-0.908	-0.933	-0.884	-0.925	-0.925	-0.925	-0.933	-0.922	-0.929	-0.942	-0.925	-0.931	-0.928	-0.928	-0.927	-0.928	-0.928	-0.931	-0.936	-0.877	-0.929	-0.882	-0.881	-0.887	-0.916	-0.917	-0.917	-0.915	-0.878	-0.877	-0.914	-0.934	-0.934	-0.914	-0.915	-0.917	-0.892	-0.873	
rs56205256     -0.861	-0.747	-0.760	-0.696	-0.819	-0.822	-0.555	-0.884	-0.750	-0.555	-0.435	-0.804	-0.761	-0.886	-0.580	-0.886	-0.817	-0.771	-0.574	-0.574	-0.774	-0.573	-0.817	-0.818	-0.819	-0.778	-0.887	-0.903	-0.887	-0.596	-0.886	-0.813	-0.597	-0.885	-0.885	-0.885	-0.609	-0.872	-0.871	-0.864	-0.873	-0.876	-0.749	-0.764	-0.679	-0.700	-0.628	-0.767	-0.543	-0.633	-0.613	-0.869	-0.839	-0.926	-0.884	-0.928	-0.844	-0.839	-0.928	-0.803	-0.809	-0.886	-0.781	-0.933	-0.934	-0.933	-0.802	-0.884	-0.941	-0.729	-0.933	-0.774	-0.936	-0.936	-0.931	-0.932	-0.938	-0.937	-0.764	-0.939	-0.936	-0.767	-0.937	-0.883	-0.883	-0.794	-0.795	-0.718	-0.885	-0.800	-0.882	-0.938	-0.934	-0.935	-0.934	-0.933	-0.935	-0.929	-0.936	-0.817	-0.937	-0.933	-0.929	-0.933	-0.934	-0.931	-0.931	-0.929	-0.932	-0.928	-0.928	-0.928	-0.929	-0.927	-0.928	-0.935	-0.935	-0.808	-0.937	-0.937	-0.936	-0.769	-0.933	-0.934	-0.767	-0.934	-0.805	-0.885	-0.819	-0.884	-0.819	-0.934	-0.768	-0.934	-0.934	-0.934	-0.822	-0.823	-0.931	-0.931	-0.931	-0.889	-0.823	-0.824	-0.934	-0.932	-0.903	-0.901	-0.927	-0.878	-0.919	-0.919	-0.919	-0.928	-0.916	-0.923	-0.936	-0.918	-0.925	-0.922	-0.922	-0.922	-0.922	-0.922	-0.925	-0.930	-0.871	-0.923	-0.876	-0.875	-0.881	-0.910	-0.911	-0.911	-0.910	-0.872	-0.872	-0.909	-0.928	-0.928	-0.909	-0.909	-0.912	-0.887	-0.867	
rs10766427     -0.973	-0.811	-0.916	-0.757	-0.943	-0.945	-0.808	-0.962	-0.820	-0.813	-0.804	-0.611	-0.841	-0.959	-0.804	-0.959	-0.735	-0.858	-0.794	-0.794	-0.852	-0.792	-0.727	-0.731	-0.718	-0.872	-0.956	-0.986	-0.952	-0.837	-0.957	-0.779	-0.848	-0.926	-0.962	-0.963	-0.829	-0.973	-0.974	-0.973	-0.976	-0.974	-0.829	-0.883	-0.835	-0.857	-0.791	-0.933	-0.735	-0.812	-0.794	-1.049	-1.022	-1.085	-1.062	-1.097	-1.026	-1.021	-1.097	-0.989	-0.993	-1.050	-0.968	-1.092	-1.093	-1.091	-0.987	-1.049	-1.103	-0.903	-1.092	-0.962	-1.096	-1.096	-1.089	-1.091	-1.099	-1.097	-0.952	-1.100	-1.096	-0.956	-1.097	-1.048	-1.048	-0.980	-0.981	-0.870	-1.050	-0.986	-1.048	-1.099	-1.093	-1.094	-1.093	-1.092	-1.094	-1.087	-1.096	-1.002	-1.098	-1.093	-1.088	-1.093	-1.093	-1.089	-1.089	-1.087	-1.090	-1.086	-1.085	-1.086	-1.086	-1.085	-1.086	-1.094	-1.094	-0.993	-1.097	-1.097	-1.097	-0.956	-1.092	-1.093	-0.955	-1.093	-0.990	-1.050	-1.003	-1.049	-1.003	-1.094	-0.956	-1.094	-1.094	-1.093	-1.006	-1.006	-1.090	-1.090	-1.090	-1.053	-1.007	-1.008	-1.094	-1.092	-1.077	-1.076	-1.086	-1.035	-1.091	-1.091	-1.091	-1.086	-1.088	-1.094	-1.097	-1.091	-1.082	-1.079	-1.079	-1.079	-1.079	-1.079	-1.083	-1.100	-1.028	-1.080	-1.033	-1.032	-1.039	-1.065	-1.067	-1.066	-1.065	-1.028	-1.028	-1.063	-1.091	-1.091	-1.064	-1.064	-1.067	-1.039	-1.024	
rs10766428     -0.885	-0.664	-0.907	-0.553	-0.920	-0.663	-0.764	-0.893	-0.571	-0.767	-0.761	-0.841	-0.450	-0.889	-0.758	-0.889	-0.824	-0.569	-0.752	-0.752	-0.632	-0.750	-0.826	-0.822	-0.818	-0.564	-0.885	-0.862	-0.880	-0.782	-0.887	-0.837	-0.790	-0.849	-0.892	-0.893	-0.773	-0.914	-0.916	-0.920	-0.914	-0.910	-0.614	-0.652	-0.447	-0.513	-0.427	-0.760	-0.534	-0.621	-0.603	-0.883	-0.854	-0.941	-0.901	-0.941	-0.861	-0.856	-0.941	-0.820	-0.825	-0.886	-0.797	-0.946	-0.947	-0.946	-0.818	-0.884	-0.954	-0.766	-0.946	-0.791	-0.949	-0.949	-0.944	-0.945	-0.951	-0.950	-0.781	-0.952	-0.949	-0.785	-0.950	-0.883	-0.883	-0.811	-0.812	-0.718	-0.885	-0.817	-0.883	-0.951	-0.947	-0.948	-0.947	-0.946	-0.948	-0.942	-0.949	-0.834	-0.950	-0.946	-0.942	-0.946	-0.947	-0.944	-0.944	-0.942	-0.945	-0.941	-0.941	-0.941	-0.941	-0.940	-0.941	-0.948	-0.948	-0.825	-0.950	-0.950	-0.949	-0.786	-0.946	-0.947	-0.784	-0.947	-0.822	-0.886	-0.836	-0.885	-0.836	-0.947	-0.785	-0.947	-0.947	-0.947	-0.839	-0.839	-0.944	-0.944	-0.944	-0.891	-0.840	-0.841	-0.947	-0.945	-0.917	-0.916	-0.940	-0.891	-0.933	-0.933	-0.933	-0.941	-0.930	-0.937	-0.950	-0.933	-0.938	-0.935	-0.935	-0.935	-0.935	-0.935	-0.938	-0.944	-0.886	-0.936	-0.890	-0.889	-0.894	-0.923	-0.924	-0.924	-0.922	-0.886	-0.886	-0.921	-0.942	-0.942	-0.921	-0.922	-0.924	-0.899	-0.882	
rs10766429     -0.942	-0.864	-0.786	-0.804	-0.866	-0.969	-0.889	-0.776	-0.870	-0.892	-0.886	-0.959	-0.889	-0.641	-0.886	-0.776	-0.960	-0.906	-0.878	-0.878	-0.902	-0.876	-0.961	-0.961	-0.960	-0.919	-0.795	-0.971	-0.775	-0.909	-0.796	-0.959	-0.918	-0.729	-0.796	-0.798	-0.901	-0.764	-0.776	-0.748	-0.865	-0.869	-0.876	-0.924	-0.885	-0.904	-0.839	-0.966	-0.768	-0.846	-0.828	-1.077	-1.051	-1.113	-1.090	-1.125	-1.054	-1.049	-1.126	-1.017	-1.021	-1.080	-0.996	-1.120	-1.122	-1.120	-1.015	-1.079	-1.131	-0.925	-1.120	-0.990	-1.125	-1.124	-1.118	-1.119	-1.128	-1.126	-0.980	-1.128	-1.124	-0.984	-1.125	-1.078	-1.078	-1.008	-1.009	-0.899	-1.080	-1.014	-1.078	-1.127	-1.121	-1.122	-1.121	-1.120	-1.123	-1.116	-1.124	-1.030	-1.126	-1.121	-1.116	-1.121	-1.121	-1.118	-1.118	-1.115	-1.119	-1.115	-1.114	-1.114	-1.115	-1.113	-1.114	-1.123	-1.123	-1.021	-1.125	-1.125	-1.125	-0.984	-1.120	-1.122	-0.984	-1.121	-1.018	-1.080	-1.031	-1.079	-1.031	-1.122	-0.984	-1.122	-1.122	-1.122	-1.034	-1.034	-1.119	-1.119	-1.119	-1.083	-1.035	-1.036	-1.123	-1.120	-1.106	-1.105	-1.114	-1.062	-1.119	-1.119	-1.119	-1.114	-1.117	-1.123	-1.126	-1.119	-1.111	-1.108	-1.108	-1.107	-1.107	-1.108	-1.111	-1.128	-1.054	-1.109	-1.060	-1.059	-1.065	-1.094	-1.095	-1.094	-1.093	-1.055	-1.055	-1.092	-1.119	-1.119	-1.092	-1.092	-1.095	-1.068	-1.050	
rs77979332     -0.860	-0.744	-0.766	-0.694	-0.822	-0.818	-0.582	-0.885	-0.748	-0.584	-0.580	-0.804	-0.758	-0.886	-0.432	-0.886	-0.819	-0.768	-0.547	-0.547	-0.771	-0.546	-0.816	-0.816	-0.818	-0.775	-0.885	-0.901	-0.887	-0.596	-0.885	-0.812	-0.597	-0.884	-0.886	-0.885	-0.592	-0.873	-0.872	-0.866	-0.874	-0.877	-0.746	-0.761	-0.676	-0.698	-0.626	-0.764	-0.540	-0.630	-0.610	-0.866	-0.837	-0.923	-0.882	-0.925	-0.841	-0.836	-0.925	-0.801	-0.806	-0.883	-0.778	-0.930	-0.931	-0.930	-0.799	-0.881	-0.938	-0.726	-0.930	-0.771	-0.933	-0.933	-0.928	-0.929	-0.936	-0.934	-0.762	-0.936	-0.933	-0.765	-0.934	-0.880	-0.880	-0.791	-0.793	-0.715	-0.882	-0.798	-0.880	-0.935	-0.931	-0.932	-0.931	-0.930	-0.932	-0.926	-0.933	-0.815	-0.934	-0.931	-0.926	-0.931	-0.931	-0.928	-0.928	-0.926	-0.929	-0.925	-0.925	-0.925	-0.926	-0.925	-0.925	-0.932	-0.932	-0.805	-0.934	-0.934	-0.933	-0.766	-0.930	-0.931	-0.765	-0.931	-0.803	-0.882	-0.816	-0.882	-0.816	-0.931	-0.765	-0.931	-0.931	-0.931	-0.820	-0.820	-0.929	-0.929	-0.929	-0.886	-0.820	-0.822	-0.931	-0.929	-0.900	-0.899	-0.925	-0.875	-0.916	-0.916	-0.916	-0.925	-0.913	-0.920	-0.933	-0.916	-0.922	-0.919	-0.919	-0.919	-0.919	-0.919	-0.922	-0.927	-0.868	-0.920	-0.873	-0.872	-0.878	-0.908	-0.908	-0.908	-0.907	-0.869	-0.869	-0.906	-0.925	-0.925	-0.906	-0.906	-0.909	-0.884	-0.864	
rs10741732     -0.942	-0.864	-0.787	-0.804	-0.866	-0.969	-0.889	-0.777	-0.870	-0.892	-0.886	-0.959	-0.889	-0.776	-0.886	-0.641	-0.960	-0.906	-0.879	-0.878	-0.902	-0.876	-0.961	-0.961	-0.960	-0.919	-0.794	-0.971	-0.774	-0.909	-0.796	-0.959	-0.918	-0.729	-0.796	-0.798	-0.901	-0.763	-0.776	-0.747	-0.865	-0.869	-0.876	-0.924	-0.885	-0.904	-0.839	-0.966	-0.768	-0.846	-0.828	-1.077	-1.051	-1.114	-1.090	-1.125	-1.054	-1.049	-1.126	-1.017	-1.021	-1.080	-0.996	-1.120	-1.122	-1.120	-1.015	-1.079	-1.131	-0.926	-1.120	-0.990	-1.125	-1.124	-1.118	-1.119	-1.128	-1.126	-0.981	-1.128	-1.124	-0.984	-1.125	-1.078	-1.078	-1.008	-1.009	-0.899	-1.080	-1.014	-1.078	-1.127	-1.121	-1.122	-1.121	-1.120	-1.123	-1.116	-1.124	-1.030	-1.126	-1.121	-1.116	-1.121	-1.121	-1.118	-1.118	-1.115	-1.119	-1.115	-1.114	-1.114	-1.115	-1.113	-1.114	-1.123	-1.123	-1.021	-1.125	-1.125	-1.125	-0.984	-1.120	-1.122	-0.984	-1.121	-1.019	-1.080	-1.031	-1.079	-1.031	-1.122	-0.984	-1.122	-1.122	-1.122	-1.034	-1.034	-1.119	-1.119	-1.119	-1.083	-1.035	-1.036	-1.123	-1.120	-1.106	-1.105	-1.114	-1.062	-1.119	-1.119	-1.119	-1.114	-1.117	-1.123	-1.126	-1.119	-1.111	-1.108	-1.108	-1.107	-1.107	-1.108	-1.111	-1.128	-1.054	-1.109	-1.060	-1.059	-1.065	-1.094	-1.095	-1.094	-1.093	-1.055	-1.055	-1.092	-1.119	-1.119	-1.092	-1.092	-1.095	-1.068	-1.050	
rs7941164      -0.973	-0.790	-0.887	-0.732	-0.922	-0.939	-0.820	-0.961	-0.801	-0.824	-0.817	-0.735	-0.824	-0.960	-0.819	-0.960	-0.606	-0.843	-0.810	-0.810	-0.835	-0.808	-0.754	-0.761	-0.758	-0.858	-0.960	-0.994	-0.955	-0.849	-0.960	-0.779	-0.859	-0.936	-0.962	-0.962	-0.841	-0.964	-0.964	-0.961	-0.967	-0.967	-0.811	-0.872	-0.840	-0.860	-0.795	-0.932	-0.734	-0.811	-0.793	-1.044	-1.018	-1.079	-1.057	-1.092	-1.021	-1.016	-1.093	-0.984	-0.989	-1.047	-0.963	-1.087	-1.088	-1.086	-0.983	-1.045	-1.098	-0.895	-1.087	-0.957	-1.091	-1.091	-1.084	-1.086	-1.094	-1.092	-0.948	-1.095	-1.091	-0.951	-1.092	-1.044	-1.044	-0.975	-0.977	-0.863	-1.046	-0.981	-1.044	-1.094	-1.088	-1.089	-1.088	-1.087	-1.089	-1.082	-1.091	-0.997	-1.093	-1.088	-1.083	-1.088	-1.088	-1.084	-1.084	-1.082	-1.085	-1.081	-1.080	-1.081	-1.081	-1.080	-1.081	-1.089	-1.089	-0.988	-1.092	-1.092	-1.092	-0.952	-1.087	-1.088	-0.951	-1.088	-0.986	-1.046	-0.998	-1.046	-0.998	-1.089	-0.951	-1.089	-1.089	-1.088	-1.001	-1.002	-1.085	-1.085	-1.085	-1.050	-1.002	-1.003	-1.089	-1.087	-1.073	-1.072	-1.081	-1.029	-1.086	-1.086	-1.086	-1.081	-1.084	-1.090	-1.092	-1.086	-1.077	-1.074	-1.074	-1.074	-1.074	-1.074	-1.078	-1.095	-1.022	-1.075	-1.028	-1.026	-1.033	-1.060	-1.061	-1.061	-1.059	-1.022	-1.022	-1.058	-1.086	-1.086	-1.058	-1.059	-1.062	-1.034	-1.017	
rs11602509     -0.901	-0.666	-0.916	-0.539	-0.932	-0.691	-0.773	-0.909	-0.563	-0.777	-0.771	-0.858	-0.569	-0.906	-0.768	-0.906	-0.843	-0.463	-0.761	-0.761	-0.638	-0.760	-0.844	-0.841	-0.837	-0.589	-0.902	-0.879	-0.897	-0.792	-0.903	-0.854	-0.800	-0.867	-0.908	-0.909	-0.783	-0.928	-0.930	-0.933	-0.928	-0.924	-0.610	-0.667	-0.484	-0.545	-0.461	-0.775	-0.552	-0.638	-0.619	-0.897	-0.868	-0.951	-0.914	-0.954	-0.875	-0.869	-0.954	-0.835	-0.840	-0.900	-0.812	-0.957	-0.958	-0.956	-0.833	-0.898	-0.965	-0.777	-0.957	-0.806	-0.960	-0.960	-0.954	-0.956	-0.963	-0.961	-0.796	-0.963	-0.960	-0.799	-0.961	-0.897	-0.896	-0.825	-0.827	-0.728	-0.899	-0.832	-0.896	-0.962	-0.958	-0.959	-0.958	-0.957	-0.959	-0.953	-0.960	-0.848	-0.961	-0.957	-0.953	-0.957	-0.958	-0.955	-0.955	-0.952	-0.955	-0.952	-0.951	-0.952	-0.952	-0.951	-0.952	-0.959	-0.959	-0.839	-0.961	-0.961	-0.961	-0.800	-0.957	-0.958	-0.799	-0.958	-0.837	-0.899	-0.850	-0.899	-0.850	-0.958	-0.800	-0.958	-0.958	-0.958	-0.853	-0.854	-0.955	-0.955	-0.955	-0.904	-0.854	-0.855	-0.958	-0.956	-0.930	-0.929	-0.951	-0.902	-0.946	-0.946	-0.946	-0.951	-0.943	-0.950	-0.961	-0.945	-0.949	-0.946	-0.946	-0.945	-0.945	-0.946	-0.949	-0.957	-0.896	-0.947	-0.900	-0.899	-0.904	-0.933	-0.934	-0.934	-0.933	-0.897	-0.896	-0.931	-0.953	-0.953	-0.932	-0.932	-0.935	-0.909	-0.892	
rs56115383     -0.852	-0.738	-0.754	-0.688	-0.811	-0.811	-0.576	-0.877	-0.742	-0.577	-0.574	-0.794	-0.752	-0.878	-0.547	-0.879	-0.810	-0.761	-0.424	-0.540	-0.765	-0.539	-0.806	-0.807	-0.809	-0.768	-0.877	-0.895	-0.880	-0.585	-0.877	-0.803	-0.584	-0.878	-0.878	-0.877	-0.583	-0.865	-0.863	-0.857	-0.866	-0.869	-0.739	-0.755	-0.668	-0.690	-0.618	-0.757	-0.532	-0.622	-0.602	-0.859	-0.829	-0.916	-0.874	-0.918	-0.834	-0.828	-0.918	-0.793	-0.798	-0.876	-0.770	-0.923	-0.924	-0.923	-0.791	-0.874	-0.931	-0.718	-0.923	-0.763	-0.926	-0.926	-0.921	-0.922	-0.929	-0.927	-0.754	-0.929	-0.926	-0.757	-0.927	-0.873	-0.873	-0.783	-0.785	-0.708	-0.875	-0.790	-0.873	-0.928	-0.924	-0.925	-0.924	-0.923	-0.925	-0.919	-0.926	-0.807	-0.927	-0.924	-0.920	-0.924	-0.924	-0.921	-0.921	-0.919	-0.922	-0.919	-0.918	-0.919	-0.919	-0.918	-0.918	-0.925	-0.925	-0.797	-0.927	-0.927	-0.927	-0.758	-0.923	-0.924	-0.757	-0.924	-0.795	-0.875	-0.809	-0.875	-0.809	-0.924	-0.758	-0.924	-0.924	-0.924	-0.812	-0.812	-0.922	-0.922	-0.922	-0.879	-0.813	-0.814	-0.924	-0.923	-0.893	-0.891	-0.918	-0.868	-0.909	-0.909	-0.909	-0.918	-0.906	-0.913	-0.926	-0.908	-0.915	-0.913	-0.913	-0.912	-0.912	-0.913	-0.916	-0.920	-0.861	-0.914	-0.866	-0.865	-0.871	-0.901	-0.902	-0.901	-0.900	-0.862	-0.862	-0.899	-0.918	-0.918	-0.899	-0.899	-0.902	-0.877	-0.857	
rs80286007     -0.852	-0.738	-0.754	-0.688	-0.811	-0.811	-0.576	-0.877	-0.741	-0.577	-0.574	-0.794	-0.752	-0.878	-0.547	-0.878	-0.810	-0.761	-0.540	-0.424	-0.765	-0.539	-0.806	-0.807	-0.809	-0.768	-0.877	-0.895	-0.880	-0.585	-0.877	-0.802	-0.584	-0.878	-0.878	-0.877	-0.583	-0.864	-0.863	-0.856	-0.866	-0.869	-0.739	-0.755	-0.668	-0.690	-0.618	-0.757	-0.532	-0.622	-0.602	-0.858	-0.829	-0.916	-0.874	-0.918	-0.834	-0.828	-0.918	-0.793	-0.798	-0.876	-0.770	-0.923	-0.924	-0.923	-0.791	-0.874	-0.931	-0.718	-0.923	-0.763	-0.926	-0.926	-0.921	-0.922	-0.929	-0.927	-0.754	-0.929	-0.926	-0.757	-0.927	-0.873	-0.873	-0.783	-0.785	-0.708	-0.875	-0.790	-0.873	-0.928	-0.924	-0.925	-0.924	-0.923	-0.925	-0.919	-0.926	-0.807	-0.927	-0.924	-0.920	-0.924	-0.924	-0.921	-0.921	-0.919	-0.922	-0.919	-0.918	-0.918	-0.919	-0.918	-0.918	-0.925	-0.925	-0.797	-0.927	-0.927	-0.927	-0.758	-0.923	-0.924	-0.757	-0.924	-0.795	-0.875	-0.808	-0.874	-0.808	-0.924	-0.758	-0.924	-0.924	-0.924	-0.812	-0.812	-0.922	-0.922	-0.922	-0.879	-0.813	-0.814	-0.924	-0.922	-0.893	-0.891	-0.918	-0.868	-0.909	-0.909	-0.909	-0.918	-0.906	-0.913	-0.926	-0.908	-0.915	-0.913	-0.912	-0.912	-0.912	-0.913	-0.916	-0.920	-0.861	-0.914	-0.866	-0.865	-0.871	-0.901	-0.902	-0.901	-0.900	-0.862	-0.862	-0.899	-0.918	-0.918	-0.899	-0.899	-0.902	-0.877	-0.857	
rs10766430     -0.907	-0.654	-0.922	-0.589	-0.932	-0.661	-0.777	-0.905	-0.625	-0.780	-0.774	-0.852	-0.632	-0.902	-0.771	-0.902	-0.835	-0.638	-0.765	-0.765	-0.465	-0.763	-0.837	-0.832	-0.828	-0.636	-0.898	-0.876	-0.892	-0.795	-0.899	-0.847	-0.803	-0.861	-0.904	-0.905	-0.786	-0.926	-0.927	-0.932	-0.926	-0.922	-0.646	-0.681	-0.498	-0.556	-0.472	-0.774	-0.552	-0.633	-0.615	-0.899	-0.870	-0.954	-0.916	-0.955	-0.877	-0.872	-0.955	-0.837	-0.842	-0.903	-0.814	-0.959	-0.960	-0.959	-0.835	-0.901	-0.967	-0.779	-0.959	-0.808	-0.963	-0.962	-0.957	-0.958	-0.965	-0.963	-0.798	-0.965	-0.962	-0.801	-0.963	-0.899	-0.899	-0.827	-0.829	-0.732	-0.901	-0.834	-0.899	-0.965	-0.960	-0.961	-0.960	-0.959	-0.961	-0.955	-0.962	-0.851	-0.964	-0.960	-0.955	-0.960	-0.960	-0.957	-0.957	-0.955	-0.958	-0.954	-0.954	-0.954	-0.955	-0.954	-0.954	-0.961	-0.961	-0.841	-0.963	-0.963	-0.963	-0.802	-0.959	-0.960	-0.801	-0.960	-0.839	-0.902	-0.852	-0.901	-0.852	-0.960	-0.802	-0.960	-0.960	-0.960	-0.855	-0.856	-0.958	-0.958	-0.958	-0.907	-0.856	-0.857	-0.961	-0.959	-0.932	-0.931	-0.954	-0.905	-0.948	-0.948	-0.948	-0.954	-0.945	-0.952	-0.963	-0.948	-0.951	-0.948	-0.948	-0.948	-0.948	-0.948	-0.951	-0.959	-0.899	-0.949	-0.903	-0.902	-0.907	-0.936	-0.937	-0.937	-0.935	-0.900	-0.899	-0.934	-0.955	-0.955	-0.934	-0.935	-0.938	-0.912	-0.895	
rs77581557     -0.850	-0.736	-0.752	-0.686	-0.808	-0.809	-0.575	-0.875	-0.740	-0.575	-0.573	-0.792	-0.750	-0.876	-0.546	-0.876	-0.808	-0.760	-0.539	-0.539	-0.763	-0.422	-0.804	-0.805	-0.806	-0.766	-0.875	-0.894	-0.878	-0.582	-0.875	-0.800	-0.581	-0.876	-0.876	-0.875	-0.580	-0.862	-0.861	-0.854	-0.864	-0.866	-0.738	-0.753	-0.666	-0.688	-0.616	-0.755	-0.530	-0.620	-0.600	-0.857	-0.827	-0.915	-0.872	-0.916	-0.832	-0.826	-0.916	-0.791	-0.796	-0.874	-0.768	-0.921	-0.923	-0.921	-0.789	-0.872	-0.929	-0.716	-0.922	-0.761	-0.925	-0.924	-0.919	-0.921	-0.927	-0.925	-0.752	-0.927	-0.924	-0.755	-0.925	-0.871	-0.871	-0.781	-0.783	-0.707	-0.873	-0.788	-0.871	-0.927	-0.922	-0.923	-0.922	-0.922	-0.923	-0.918	-0.924	-0.805	-0.926	-0.922	-0.918	-0.922	-0.922	-0.920	-0.919	-0.917	-0.920	-0.917	-0.916	-0.917	-0.917	-0.916	-0.917	-0.923	-0.923	-0.795	-0.925	-0.925	-0.925	-0.756	-0.921	-0.922	-0.755	-0.922	-0.793	-0.873	-0.807	-0.873	-0.807	-0.922	-0.756	-0.922	-0.922	-0.922	-0.810	-0.810	-0.920	-0.920	-0.920	-0.877	-0.811	-0.812	-0.923	-0.921	-0.891	-0.889	-0.916	-0.866	-0.907	-0.907	-0.907	-0.916	-0.904	-0.911	-0.925	-0.907	-0.914	-0.911	-0.911	-0.910	-0.911	-0.911	-0.914	-0.918	-0.860	-0.912	-0.864	-0.863	-0.869	-0.899	-0.900	-0.900	-0.898	-0.860	-0.860	-0.897	-0.917	-0.917	-0.897	-0.898	-0.900	-0.876	-0.855	
rs10832856     -0.973	-0.793	-0.895	-0.738	-0.929	-0.940	-0.820	-0.962	-0.804	-0.824	-0.817	-0.727	-0.826	-0.961	-0.816	-0.961	-0.754	-0.844	-0.806	-0.806	-0.837	-0.804	-0.606	-0.746	-0.742	-0.859	-0.957	-0.992	-0.956	-0.846	-0.958	-0.773	-0.856	-0.934	-0.963	-0.963	-0.838	-0.966	-0.967	-0.964	-0.969	-0.969	-0.812	-0.873	-0.838	-0.858	-0.793	-0.931	-0.733	-0.810	-0.792	-1.044	-1.018	-1.079	-1.057	-1.092	-1.021	-1.016	-1.093	-0.984	-0.989	-1.046	-0.963	-1.087	-1.088	-1.086	-0.983	-1.045	-1.098	-0.895	-1.087	-0.957	-1.091	-1.091	-1.084	-1.086	-1.094	-1.092	-0.948	-1.095	-1.091	-0.951	-1.092	-1.044	-1.044	-0.975	-0.977	-0.863	-1.046	-0.982	-1.044	-1.094	-1.088	-1.089	-1.088	-1.087	-1.089	-1.082	-1.091	-0.997	-1.093	-1.088	-1.083	-1.088	-1.088	-1.084	-1.084	-1.082	-1.085	-1.081	-1.080	-1.081	-1.081	-1.080	-1.081	-1.089	-1.089	-0.988	-1.092	-1.092	-1.092	-0.952	-1.087	-1.088	-0.951	-1.088	-0.986	-1.046	-0.998	-1.046	-0.998	-1.089	-0.952	-1.089	-1.089	-1.089	-1.001	-1.002	-1.085	-1.085	-1.085	-1.049	-1.002	-1.003	-1.089	-1.087	-1.073	-1.072	-1.081	-1.029	-1.086	-1.086	-1.086	-1.081	-1.084	-1.090	-1.092	-1.086	-1.078	-1.074	-1.074	-1.074	-1.074	-1.074	-1.078	-1.095	-1.022	-1.076	-1.028	-1.026	-1.033	-1.060	-1.061	-1.061	-1.060	-1.023	-1.022	-1.058	-1.086	-1.086	-1.059	-1.059	-1.062	-1.034	-1.017	
rs10832857     -0.972	-0.789	-0.891	-0.734	-0.926	-0.938	-0.821	-0.962	-0.800	-0.825	-0.818	-0.731	-0.822	-0.961	-0.816	-0.961	-0.761	-0.841	-0.807	-0.807	-0.832	-0.805	-0.746	-0.603	-0.738	-0.855	-0.957	-0.992	-0.956	-0.846	-0.958	-0.766	-0.856	-0.936	-0.962	-0.962	-0.838	-0.964	-0.965	-0.962	-0.967	-0.967	-0.809	-0.870	-0.837	-0.857	-0.792	-0.930	-0.732	-0.809	-0.791	-1.042	-1.016	-1.077	-1.055	-1.090	-1.019	-1.014	-1.090	-0.982	-0.987	-1.044	-0.961	-1.085	-1.086	-1.084	-0.981	-1.043	-1.096	-0.893	-1.085	-0.955	-1.089	-1.089	-1.082	-1.084	-1.092	-1.090	-0.946	-1.093	-1.089	-0.949	-1.089	-1.042	-1.042	-0.973	-0.975	-0.860	-1.044	-0.979	-1.042	-1.092	-1.086	-1.087	-1.086	-1.085	-1.087	-1.080	-1.088	-0.995	-1.090	-1.085	-1.080	-1.086	-1.086	-1.082	-1.082	-1.079	-1.083	-1.079	-1.078	-1.079	-1.079	-1.078	-1.078	-1.087	-1.087	-0.986	-1.090	-1.090	-1.089	-0.950	-1.085	-1.086	-0.949	-1.086	-0.984	-1.044	-0.996	-1.044	-0.996	-1.086	-0.949	-1.086	-1.086	-1.086	-0.999	-0.999	-1.083	-1.083	-1.083	-1.047	-1.000	-1.001	-1.087	-1.085	-1.071	-1.069	-1.079	-1.027	-1.084	-1.084	-1.084	-1.079	-1.082	-1.088	-1.090	-1.084	-1.075	-1.072	-1.072	-1.071	-1.072	-1.072	-1.076	-1.093	-1.019	-1.073	-1.025	-1.024	-1.030	-1.058	-1.059	-1.059	-1.057	-1.020	-1.020	-1.056	-1.084	-1.084	-1.056	-1.057	-1.060	-1.032	-1.015	
rs2299637      -0.970	-0.784	-0.885	-0.729	-0.921	-0.937	-0.822	-0.961	-0.796	-0.826	-0.819	-0.718	-0.818	-0.960	-0.818	-0.960	-0.758	-0.837	-0.809	-0.809	-0.828	-0.806	-0.742	-0.738	-0.602	-0.852	-0.956	-0.993	-0.955	-0.847	-0.957	-0.759	-0.857	-0.936	-0.961	-0.961	-0.839	-0.962	-0.962	-0.958	-0.964	-0.965	-0.804	-0.867	-0.836	-0.857	-0.792	-0.928	-0.731	-0.808	-0.790	-1.040	-1.014	-1.075	-1.053	-1.088	-1.018	-1.013	-1.089	-0.980	-0.985	-1.043	-0.960	-1.083	-1.084	-1.082	-0.979	-1.042	-1.094	-0.890	-1.083	-0.953	-1.087	-1.087	-1.080	-1.082	-1.090	-1.088	-0.944	-1.091	-1.087	-0.947	-1.088	-1.041	-1.041	-0.972	-0.973	-0.858	-1.042	-0.978	-1.040	-1.090	-1.084	-1.085	-1.084	-1.083	-1.085	-1.078	-1.087	-0.993	-1.089	-1.084	-1.079	-1.084	-1.084	-1.080	-1.080	-1.078	-1.081	-1.077	-1.076	-1.077	-1.077	-1.076	-1.077	-1.085	-1.085	-0.984	-1.088	-1.088	-1.088	-0.948	-1.083	-1.084	-0.947	-1.084	-0.982	-1.042	-0.995	-1.042	-0.995	-1.085	-0.948	-1.085	-1.085	-1.085	-0.997	-0.998	-1.081	-1.081	-1.081	-1.046	-0.998	-0.999	-1.085	-1.083	-1.069	-1.068	-1.077	-1.025	-1.083	-1.082	-1.082	-1.077	-1.080	-1.086	-1.088	-1.082	-1.074	-1.070	-1.070	-1.070	-1.070	-1.070	-1.074	-1.091	-1.017	-1.072	-1.023	-1.022	-1.028	-1.056	-1.057	-1.057	-1.055	-1.018	-1.018	-1.054	-1.082	-1.082	-1.054	-1.055	-1.058	-1.030	-1.013	
rs2299636      -0.913	-0.665	-0.922	-0.524	-0.941	-0.713	-0.780	-0.922	-0.550	-0.783	-0.778	-0.872	-0.564	-0.919	-0.775	-0.919	-0.858	-0.589	-0.768	-0.768	-0.636	-0.766	-0.859	-0.855	-0.852	-0.472	-0.915	-0.893	-0.910	-0.799	-0.916	-0.867	-0.807	-0.882	-0.921	-0.922	-0.789	-0.939	-0.940	-0.944	-0.939	-0.936	-0.601	-0.675	-0.514	-0.571	-0.489	-0.786	-0.566	-0.651	-0.633	-0.907	-0.878	-0.959	-0.924	-0.963	-0.885	-0.880	-0.963	-0.845	-0.850	-0.910	-0.823	-0.965	-0.966	-0.964	-0.843	-0.908	-0.973	-0.784	-0.965	-0.816	-0.968	-0.968	-0.962	-0.964	-0.971	-0.969	-0.807	-0.971	-0.968	-0.810	-0.969	-0.907	-0.907	-0.836	-0.837	-0.735	-0.909	-0.842	-0.906	-0.970	-0.966	-0.966	-0.966	-0.965	-0.967	-0.960	-0.968	-0.859	-0.969	-0.965	-0.961	-0.965	-0.965	-0.962	-0.962	-0.960	-0.963	-0.960	-0.959	-0.959	-0.960	-0.959	-0.959	-0.967	-0.967	-0.850	-0.969	-0.969	-0.968	-0.811	-0.964	-0.966	-0.810	-0.965	-0.847	-0.909	-0.860	-0.909	-0.860	-0.966	-0.811	-0.966	-0.966	-0.966	-0.863	-0.864	-0.963	-0.963	-0.963	-0.914	-0.864	-0.866	-0.966	-0.964	-0.940	-0.938	-0.959	-0.909	-0.955	-0.955	-0.955	-0.959	-0.952	-0.959	-0.969	-0.955	-0.956	-0.953	-0.953	-0.953	-0.953	-0.953	-0.956	-0.966	-0.903	-0.954	-0.908	-0.906	-0.912	-0.941	-0.942	-0.941	-0.940	-0.904	-0.903	-0.939	-0.961	-0.961	-0.939	-0.939	-0.942	-0.916	-0.899	
rs2299635      -0.941	-0.860	-0.790	-0.802	-0.868	-0.967	-0.890	-0.795	-0.866	-0.893	-0.887	-0.956	-0.885	-0.795	-0.885	-0.794	-0.960	-0.902	-0.877	-0.877	-0.898	-0.875	-0.957	-0.957	-0.956	-0.915	-0.638	-0.971	-0.783	-0.908	-0.773	-0.954	-0.916	-0.741	-0.795	-0.796	-0.900	-0.754	-0.765	-0.733	-0.858	-0.863	-0.871	-0.921	-0.883	-0.901	-0.837	-0.964	-0.766	-0.844	-0.826	-1.075	-1.048	-1.111	-1.087	-1.123	-1.051	-1.046	-1.123	-1.014	-1.019	-1.078	-0.993	-1.118	-1.119	-1.117	-1.013	-1.076	-1.128	-0.922	-1.118	-0.987	-1.122	-1.122	-1.115	-1.117	-1.125	-1.123	-0.978	-1.126	-1.122	-0.981	-1.122	-1.075	-1.075	-1.005	-1.007	-0.896	-1.077	-1.011	-1.075	-1.125	-1.119	-1.120	-1.119	-1.118	-1.120	-1.113	-1.121	-1.027	-1.123	-1.118	-1.113	-1.118	-1.119	-1.115	-1.115	-1.112	-1.116	-1.112	-1.111	-1.112	-1.112	-1.111	-1.111	-1.120	-1.120	-1.018	-1.123	-1.123	-1.122	-0.982	-1.117	-1.119	-0.981	-1.119	-1.016	-1.077	-1.028	-1.077	-1.028	-1.119	-0.981	-1.119	-1.119	-1.119	-1.031	-1.032	-1.116	-1.116	-1.116	-1.081	-1.032	-1.033	-1.120	-1.117	-1.103	-1.102	-1.112	-1.059	-1.117	-1.117	-1.117	-1.112	-1.114	-1.120	-1.123	-1.116	-1.108	-1.105	-1.105	-1.104	-1.105	-1.105	-1.109	-1.126	-1.051	-1.106	-1.057	-1.056	-1.062	-1.091	-1.092	-1.092	-1.090	-1.052	-1.052	-1.089	-1.116	-1.117	-1.089	-1.090	-1.093	-1.065	-1.047	
rs10766431     -0.990	-0.837	-0.870	-0.775	-0.939	-0.956	-0.906	-0.969	-0.843	-0.908	-0.903	-0.986	-0.862	-0.971	-0.901	-0.971	-0.994	-0.879	-0.895	-0.895	-0.876	-0.894	-0.992	-0.992	-0.993	-0.893	-0.971	-0.609	-0.974	-0.922	-0.971	-0.989	-0.928	-0.974	-0.970	-0.970	-0.914	-0.952	-0.951	-0.942	-0.969	-0.973	-0.848	-0.897	-0.871	-0.887	-0.824	-0.949	-0.756	-0.835	-0.817	-1.048	-1.022	-1.082	-1.054	-1.095	-1.017	-1.012	-1.095	-0.978	-0.983	-1.052	-0.958	-1.090	-1.092	-1.090	-0.978	-1.050	-1.101	-0.885	-1.090	-0.951	-1.094	-1.094	-1.087	-1.089	-1.097	-1.095	-0.942	-1.098	-1.094	-0.945	-1.095	-1.050	-1.050	-0.971	-0.972	-0.869	-1.051	-0.977	-1.049	-1.097	-1.091	-1.092	-1.091	-1.090	-1.092	-1.085	-1.094	-0.993	-1.096	-1.091	-1.086	-1.091	-1.091	-1.088	-1.088	-1.085	-1.089	-1.084	-1.084	-1.084	-1.085	-1.083	-1.084	-1.093	-1.092	-0.984	-1.095	-1.095	-1.095	-0.946	-1.090	-1.091	-0.945	-1.091	-0.981	-1.051	-0.994	-1.051	-0.994	-1.092	-0.946	-1.092	-1.092	-1.092	-0.997	-0.998	-1.089	-1.089	-1.089	-1.054	-0.998	-0.999	-1.092	-1.090	-1.072	-1.071	-1.084	-1.033	-1.087	-1.086	-1.086	-1.084	-1.084	-1.090	-1.096	-1.086	-1.081	-1.078	-1.078	-1.077	-1.077	-1.078	-1.081	-1.096	-1.025	-1.079	-1.031	-1.030	-1.037	-1.064	-1.065	-1.065	-1.063	-1.026	-1.026	-1.062	-1.089	-1.089	-1.062	-1.063	-1.066	-1.038	-1.021	
rs10766432     -0.938	-0.853	-0.765	-0.793	-0.850	-0.963	-0.890	-0.771	-0.860	-0.893	-0.887	-0.952	-0.880	-0.775	-0.887	-0.774	-0.955	-0.897	-0.880	-0.880	-0.892	-0.878	-0.956	-0.956	-0.955	-0.910	-0.783	-0.974	-0.635	-0.909	-0.781	-0.951	-0.917	-0.743	-0.769	-0.770	-0.901	-0.677	-0.705	-0.650	-0.840	-0.846	-0.866	-0.917	-0.883	-0.901	-0.837	-0.963	-0.765	-0.843	-0.825	-1.072	-1.046	-1.108	-1.084	-1.120	-1.048	-1.044	-1.121	-1.011	-1.016	-1.075	-0.990	-1.115	-1.116	-1.114	-1.010	-1.074	-1.126	-0.918	-1.115	-0.984	-1.119	-1.119	-1.112	-1.114	-1.122	-1.120	-0.975	-1.123	-1.119	-0.978	-1.120	-1.073	-1.073	-1.003	-1.004	-0.893	-1.075	-1.009	-1.073	-1.122	-1.116	-1.117	-1.116	-1.115	-1.117	-1.110	-1.119	-1.024	-1.121	-1.116	-1.111	-1.116	-1.116	-1.113	-1.112	-1.110	-1.113	-1.109	-1.109	-1.109	-1.110	-1.108	-1.109	-1.117	-1.117	-1.015	-1.120	-1.120	-1.120	-0.979	-1.115	-1.116	-0.978	-1.116	-1.013	-1.075	-1.026	-1.075	-1.026	-1.117	-0.979	-1.117	-1.117	-1.117	-1.029	-1.029	-1.113	-1.113	-1.113	-1.078	-1.029	-1.030	-1.117	-1.115	-1.101	-1.099	-1.109	-1.056	-1.114	-1.114	-1.114	-1.109	-1.112	-1.118	-1.120	-1.114	-1.106	-1.102	-1.102	-1.102	-1.102	-1.103	-1.106	-1.123	-1.048	-1.104	-1.054	-1.053	-1.060	-1.088	-1.090	-1.089	-1.088	-1.049	-1.049	-1.086	-1.114	-1.114	-1.087	-1.087	-1.090	-1.062	-1.044	
rs73424004     -0.884	-0.769	-0.796	-0.717	-0.851	-0.844	-0.600	-0.908	-0.771	-0.603	-0.596	-0.837	-0.782	-0.909	-0.596	-0.909	-0.849	-0.792	-0.585	-0.585	-0.795	-0.582	-0.846	-0.846	-0.847	-0.799	-0.908	-0.922	-0.909	-0.459	-0.907	-0.837	-0.584	-0.904	-0.908	-0.908	-0.595	-0.898	-0.897	-0.891	-0.899	-0.901	-0.769	-0.786	-0.703	-0.724	-0.653	-0.791	-0.566	-0.659	-0.640	-0.892	-0.863	-0.948	-0.907	-0.951	-0.867	-0.862	-0.951	-0.827	-0.832	-0.908	-0.805	-0.954	-0.956	-0.954	-0.826	-0.906	-0.963	-0.752	-0.955	-0.798	-0.958	-0.958	-0.952	-0.954	-0.960	-0.959	-0.788	-0.961	-0.958	-0.791	-0.958	-0.905	-0.905	-0.818	-0.819	-0.740	-0.907	-0.824	-0.905	-0.960	-0.955	-0.956	-0.955	-0.955	-0.956	-0.950	-0.957	-0.841	-0.959	-0.955	-0.951	-0.955	-0.955	-0.952	-0.952	-0.950	-0.953	-0.950	-0.949	-0.950	-0.950	-0.949	-0.949	-0.956	-0.956	-0.831	-0.958	-0.958	-0.958	-0.793	-0.954	-0.955	-0.791	-0.955	-0.829	-0.907	-0.843	-0.907	-0.843	-0.956	-0.792	-0.956	-0.956	-0.955	-0.846	-0.846	-0.953	-0.953	-0.953	-0.911	-0.847	-0.848	-0.956	-0.954	-0.926	-0.924	-0.949	-0.900	-0.942	-0.941	-0.942	-0.949	-0.938	-0.946	-0.958	-0.941	-0.946	-0.943	-0.943	-0.943	-0.943	-0.944	-0.947	-0.952	-0.893	-0.944	-0.898	-0.897	-0.903	-0.931	-0.932	-0.932	-0.930	-0.894	-0.894	-0.929	-0.950	-0.950	-0.930	-0.930	-0.933	-0.907	-0.889	
