## Summary of overall evidence for association with region:
## log10(BF for region) = -0.557791
## p-value for region = NA

## BFs for choosing among multi-SNP models:
## log10(average 1-SNP BF) = -0.476424
## log10(average 2-SNP BF) = -0.788496

## Example posterior probabilities for multi-SNP models, based on default prior: [p(l) propto 0.5^l for l=1,2,...,L]
## posterior probability of 1-SNP = 0.804037
## posterior probability of 2-SNP = 0.195963

## log10(BF) for single SNP and pair of SNPs:
rs944413       -0.654	-0.912	-1.010	-0.950	-1.023	-1.016	-1.029	-0.902	-0.903	-0.944	-0.905	-0.924	-0.924	-0.925	-0.924	-0.851	-0.929	-0.953	-0.851	-0.931	-0.889	-0.890	-0.918	-0.919	-0.948	-0.728	-0.855	-0.936	-0.810	-0.890	-0.837	-0.270	-0.936	-0.856	-1.105	-1.123	-1.123	-1.130	-1.131	-1.094	-0.809	-1.130	-1.095	-1.097	-1.125	-1.020	-1.094	-1.070	-1.060	-0.777	-1.046	-0.991	-1.013	-0.927	-0.825	-1.005	-0.959	-0.752	-0.744	-0.730	-0.744	-1.150	-0.745	-0.730	-1.151	-1.153	-1.151	-0.804	-0.916	-1.135	-1.134	-1.134	-1.128	-0.947	-1.143	-1.147	-1.146	-1.151	-1.151	-0.919	-0.900	-1.152	-1.151	-1.150	-1.149	-1.150	-0.971	-0.908	-0.908	-0.908	-1.095	-1.105	-0.961	-0.994	-1.074	-0.809	-0.833	-0.833	-1.051	-0.793	-0.924	-0.951	-0.788	-1.012	-1.120	-1.118	-1.118	-1.118	-0.885	-0.884	-0.952	-0.876	-1.132	-1.108	-0.951	-1.103	-1.009	-0.829	-1.113	-1.108	-0.865	-1.038	-1.025	-0.829	-1.010	-0.833	-1.106	-1.004	-0.830	-0.834	-0.832	-0.829	-1.109	-0.829	-0.980	-1.029	-0.795	-1.055	-1.081	-1.044	-1.031	-1.079	-0.802	-1.044	-1.084	-1.038	-1.082	-1.084	-1.044	-1.049	-0.811	-1.005	-0.723	-1.045	-1.085	
rs2834346      -0.912	-0.576	-1.005	-0.726	-0.961	-0.961	-0.958	-0.874	-0.875	-0.877	-0.875	-0.876	-0.876	-0.876	-0.878	-0.869	-0.877	-0.876	-0.862	-0.886	-0.876	-0.876	-0.884	-0.884	-0.885	-0.637	-0.767	-0.992	-0.858	-0.832	-0.904	-0.308	-0.905	-0.980	-1.032	-1.050	-1.050	-1.056	-1.058	-1.024	-0.707	-1.060	-1.025	-1.027	-1.049	-0.949	-1.012	-0.985	-0.974	-0.681	-0.973	-0.907	-0.929	-0.860	-0.733	-0.927	-0.873	-0.676	-0.667	-0.652	-0.667	-1.076	-0.668	-0.653	-1.077	-1.079	-1.077	-0.771	-0.839	-1.066	-1.065	-1.066	-1.061	-0.879	-1.072	-1.075	-1.074	-1.076	-1.075	-0.844	-0.821	-1.077	-1.076	-1.073	-1.072	-1.073	-0.902	-0.829	-0.829	-0.829	-1.000	-1.012	-0.874	-0.908	-0.988	-0.707	-0.738	-0.738	-0.962	-0.699	-0.844	-0.871	-0.694	-0.932	-1.043	-1.040	-1.041	-1.040	-0.801	-0.800	-0.859	-0.793	-1.057	-1.028	-0.875	-1.023	-0.923	-0.745	-1.034	-1.029	-0.782	-0.962	-0.940	-0.745	-0.924	-0.749	-1.026	-0.918	-0.746	-0.751	-0.749	-0.746	-1.029	-0.745	-0.893	-0.952	-0.710	-0.972	-0.999	-0.968	-0.955	-0.997	-0.718	-0.969	-1.003	-0.962	-1.000	-1.003	-0.969	-0.965	-0.727	-0.928	-0.637	-0.971	-1.013	
rs2834347      -1.010	-1.005	-0.624	-1.030	-0.916	-0.904	-0.928	-0.994	-0.995	-1.023	-0.996	-1.009	-1.009	-1.009	-1.009	-0.936	-1.012	-1.029	-0.959	-1.013	-0.984	-0.985	-1.004	-1.005	-1.024	-0.852	-0.945	-1.001	-0.903	-0.885	-0.893	-0.363	-0.952	-0.909	-1.075	-1.093	-1.094	-1.108	-1.101	-1.066	-0.790	-1.109	-1.067	-1.068	-1.102	-0.986	-1.072	-1.048	-1.038	-0.755	-1.019	-0.963	-0.988	-0.902	-0.802	-0.981	-0.935	-0.728	-0.720	-0.706	-0.720	-1.122	-0.721	-0.706	-1.123	-1.126	-1.123	-0.775	-0.888	-1.105	-1.105	-1.105	-1.098	-0.919	-1.114	-1.118	-1.118	-1.122	-1.123	-0.890	-0.873	-1.124	-1.123	-1.122	-1.122	-1.122	-0.944	-0.880	-0.880	-0.880	-1.070	-1.079	-0.939	-0.971	-1.048	-0.781	-0.805	-0.805	-1.024	-0.765	-0.895	-0.922	-0.760	-0.984	-1.092	-1.090	-1.090	-1.090	-0.856	-0.855	-0.926	-0.848	-1.105	-1.080	-0.922	-1.075	-0.980	-0.801	-1.086	-1.081	-0.837	-1.009	-0.996	-0.801	-0.981	-0.805	-1.078	-0.975	-0.802	-0.806	-0.804	-0.802	-1.081	-0.801	-0.951	-1.000	-0.767	-1.028	-1.053	-1.015	-1.002	-1.051	-0.774	-1.016	-1.057	-1.009	-1.054	-1.057	-1.015	-1.022	-0.783	-0.976	-0.696	-1.018	-1.056	
rs9975251      -0.950	-0.726	-1.030	-0.596	-0.980	-0.980	-0.979	-0.882	-0.883	-0.898	-0.884	-0.893	-0.893	-0.894	-0.895	-0.872	-0.895	-0.900	-0.861	-0.902	-0.885	-0.886	-0.898	-0.898	-0.906	-0.582	-0.751	-1.015	-0.855	-0.851	-0.918	-0.296	-0.916	-0.991	-1.051	-1.069	-1.069	-1.076	-1.077	-1.042	-0.731	-1.080	-1.043	-1.045	-1.069	-0.967	-1.033	-1.006	-0.996	-0.704	-0.992	-0.928	-0.950	-0.879	-0.756	-0.947	-0.894	-0.696	-0.687	-0.673	-0.687	-1.095	-0.688	-0.673	-1.096	-1.099	-1.096	-0.786	-0.859	-1.084	-1.084	-1.084	-1.079	-0.898	-1.091	-1.094	-1.093	-1.096	-1.095	-0.863	-0.841	-1.097	-1.095	-1.093	-1.092	-1.093	-0.921	-0.849	-0.849	-0.849	-1.022	-1.034	-0.895	-0.929	-1.009	-0.731	-0.760	-0.761	-0.983	-0.721	-0.864	-0.891	-0.716	-0.953	-1.063	-1.060	-1.060	-1.060	-0.822	-0.821	-0.881	-0.813	-1.076	-1.048	-0.894	-1.043	-0.944	-0.766	-1.055	-1.049	-0.802	-0.981	-0.961	-0.766	-0.945	-0.770	-1.047	-0.939	-0.767	-0.771	-0.769	-0.767	-1.049	-0.766	-0.914	-0.972	-0.731	-0.993	-1.019	-0.988	-0.975	-1.017	-0.739	-0.988	-1.023	-0.982	-1.021	-1.023	-0.988	-0.986	-0.748	-0.948	-0.658	-0.990	-1.031	
rs2834348      -1.023	-0.961	-0.916	-0.980	-0.586	-0.722	-0.731	-0.932	-0.932	-0.957	-0.934	-0.946	-0.946	-0.946	-0.947	-0.877	-0.949	-0.962	-0.902	-0.953	-0.928	-0.929	-0.946	-0.946	-0.961	-0.815	-0.908	-1.033	-0.861	-0.775	-0.895	-0.308	-0.916	-0.975	-1.042	-1.059	-1.059	-1.072	-1.066	-1.030	-0.736	-1.074	-1.032	-1.033	-1.065	-0.956	-1.033	-1.008	-0.998	-0.700	-0.983	-0.921	-0.946	-0.865	-0.749	-0.929	-0.891	-0.680	-0.671	-0.656	-0.671	-1.086	-0.672	-0.657	-1.087	-1.090	-1.086	-0.766	-0.850	-1.073	-1.073	-1.073	-1.067	-0.885	-1.080	-1.084	-1.083	-1.086	-1.086	-0.854	-0.833	-1.088	-1.086	-1.085	-1.084	-1.085	-0.910	-0.841	-0.841	-0.841	-1.007	-1.019	-0.872	-0.908	-0.996	-0.732	-0.758	-0.758	-0.982	-0.718	-0.858	-0.886	-0.713	-0.945	-1.055	-1.053	-1.053	-1.053	-0.816	-0.815	-0.880	-0.805	-1.068	-1.041	-0.886	-1.036	-0.940	-0.757	-1.047	-1.041	-0.794	-0.972	-0.956	-0.758	-0.941	-0.762	-1.039	-0.935	-0.758	-0.763	-0.761	-0.758	-1.042	-0.757	-0.910	-0.963	-0.723	-0.986	-1.013	-0.979	-0.965	-1.011	-0.730	-0.979	-1.016	-0.973	-1.014	-1.016	-0.979	-0.980	-0.739	-0.938	-0.650	-0.979	-1.021	
rs2834349      -1.016	-0.961	-0.904	-0.980	-0.722	-0.581	-0.698	-0.932	-0.933	-0.956	-0.934	-0.946	-0.946	-0.946	-0.947	-0.881	-0.948	-0.960	-0.904	-0.952	-0.929	-0.930	-0.946	-0.946	-0.960	-0.819	-0.909	-1.028	-0.865	-0.762	-0.891	-0.302	-0.912	-0.974	-1.038	-1.055	-1.055	-1.067	-1.062	-1.027	-0.729	-1.069	-1.028	-1.029	-1.060	-0.953	-1.028	-1.003	-0.993	-0.694	-0.978	-0.916	-0.941	-0.860	-0.743	-0.923	-0.886	-0.673	-0.665	-0.650	-0.665	-1.081	-0.666	-0.650	-1.082	-1.086	-1.082	-0.763	-0.845	-1.069	-1.068	-1.069	-1.063	-0.880	-1.076	-1.079	-1.079	-1.082	-1.081	-0.849	-0.828	-1.083	-1.082	-1.080	-1.079	-1.080	-0.905	-0.836	-0.836	-0.836	-1.000	-1.012	-0.864	-0.900	-0.990	-0.725	-0.751	-0.752	-0.976	-0.712	-0.854	-0.881	-0.707	-0.940	-1.051	-1.048	-1.048	-1.048	-0.811	-0.810	-0.875	-0.799	-1.063	-1.036	-0.881	-1.031	-0.935	-0.752	-1.042	-1.036	-0.788	-0.967	-0.951	-0.752	-0.935	-0.756	-1.034	-0.930	-0.753	-0.757	-0.755	-0.752	-1.037	-0.752	-0.905	-0.958	-0.717	-0.981	-1.008	-0.974	-0.960	-1.006	-0.725	-0.974	-1.011	-0.968	-1.009	-1.011	-0.974	-0.975	-0.734	-0.933	-0.644	-0.974	-1.016	
rs34462079     -1.029	-0.958	-0.928	-0.979	-0.731	-0.698	-0.589	-0.925	-0.926	-0.953	-0.927	-0.941	-0.941	-0.941	-0.942	-0.867	-0.944	-0.958	-0.894	-0.948	-0.921	-0.922	-0.940	-0.941	-0.958	-0.807	-0.903	-1.035	-0.851	-0.785	-0.898	-0.312	-0.918	-0.972	-1.044	-1.061	-1.062	-1.075	-1.069	-1.032	-0.740	-1.077	-1.033	-1.035	-1.068	-0.957	-1.036	-1.011	-1.001	-0.705	-0.985	-0.925	-0.949	-0.868	-0.754	-0.933	-0.894	-0.684	-0.675	-0.661	-0.675	-1.089	-0.676	-0.661	-1.090	-1.093	-1.089	-0.767	-0.853	-1.076	-1.075	-1.075	-1.069	-0.888	-1.083	-1.087	-1.086	-1.089	-1.089	-0.857	-0.836	-1.091	-1.089	-1.088	-1.087	-1.088	-0.913	-0.844	-0.844	-0.844	-1.013	-1.024	-0.879	-0.914	-1.001	-0.736	-0.762	-0.762	-0.985	-0.722	-0.861	-0.888	-0.717	-0.948	-1.058	-1.056	-1.056	-1.056	-0.820	-0.819	-0.884	-0.809	-1.071	-1.044	-0.889	-1.039	-0.943	-0.761	-1.050	-1.045	-0.798	-0.975	-0.959	-0.761	-0.944	-0.765	-1.042	-0.939	-0.762	-0.766	-0.764	-0.762	-1.045	-0.761	-0.914	-0.966	-0.727	-0.990	-1.016	-0.982	-0.968	-1.014	-0.734	-0.982	-1.020	-0.976	-1.017	-1.020	-0.982	-0.984	-0.743	-0.941	-0.654	-0.982	-1.024	
rs2834350      -0.902	-0.874	-0.994	-0.882	-0.932	-0.932	-0.925	-0.592	-0.725	-0.729	-0.726	-0.740	-0.740	-0.740	-0.752	-0.771	-0.739	-0.717	-0.725	-0.778	-0.765	-0.766	-0.778	-0.778	-0.777	-0.718	-0.826	-0.978	-0.786	-0.835	-0.916	-0.324	-0.919	-0.969	-1.039	-1.059	-1.059	-1.065	-1.069	-1.032	-0.721	-1.071	-1.033	-1.035	-1.057	-0.953	-1.017	-0.988	-0.977	-0.695	-0.979	-0.924	-0.936	-0.876	-0.748	-0.935	-0.878	-0.691	-0.682	-0.667	-0.682	-1.091	-0.683	-0.668	-1.092	-1.095	-1.092	-0.785	-0.855	-1.081	-1.080	-1.081	-1.076	-0.894	-1.087	-1.090	-1.090	-1.091	-1.091	-0.860	-0.837	-1.093	-1.091	-1.089	-1.088	-1.089	-0.917	-0.846	-0.846	-0.845	-1.011	-1.024	-0.881	-0.916	-1.000	-0.719	-0.747	-0.748	-0.976	-0.709	-0.860	-0.887	-0.704	-0.946	-1.058	-1.055	-1.055	-1.055	-0.812	-0.811	-0.870	-0.801	-1.071	-1.041	-0.891	-1.035	-0.935	-0.753	-1.047	-1.041	-0.790	-0.976	-0.952	-0.753	-0.936	-0.757	-1.039	-0.930	-0.754	-0.758	-0.756	-0.753	-1.042	-0.753	-0.904	-0.966	-0.717	-0.983	-1.011	-0.983	-0.968	-1.009	-0.725	-0.983	-1.015	-0.976	-1.012	-1.014	-0.983	-0.977	-0.734	-0.940	-0.643	-0.983	-1.027	
rs2834351      -0.903	-0.875	-0.995	-0.883	-0.932	-0.933	-0.926	-0.725	-0.593	-0.731	-0.726	-0.741	-0.741	-0.742	-0.753	-0.770	-0.741	-0.720	-0.725	-0.779	-0.765	-0.766	-0.778	-0.778	-0.778	-0.717	-0.826	-0.978	-0.786	-0.836	-0.916	-0.324	-0.919	-0.970	-1.040	-1.059	-1.060	-1.065	-1.069	-1.033	-0.722	-1.071	-1.034	-1.035	-1.058	-0.953	-1.018	-0.989	-0.978	-0.696	-0.979	-0.924	-0.937	-0.877	-0.748	-0.936	-0.878	-0.691	-0.683	-0.668	-0.683	-1.092	-0.684	-0.669	-1.093	-1.096	-1.093	-0.786	-0.856	-1.082	-1.081	-1.081	-1.076	-0.894	-1.088	-1.091	-1.090	-1.092	-1.091	-0.860	-0.838	-1.093	-1.092	-1.089	-1.088	-1.089	-0.918	-0.846	-0.846	-0.846	-1.012	-1.025	-0.882	-0.917	-1.001	-0.719	-0.748	-0.749	-0.977	-0.710	-0.860	-0.888	-0.705	-0.947	-1.058	-1.056	-1.056	-1.056	-0.813	-0.812	-0.871	-0.802	-1.071	-1.041	-0.892	-1.036	-0.936	-0.753	-1.048	-1.042	-0.791	-0.976	-0.952	-0.753	-0.936	-0.758	-1.040	-0.931	-0.754	-0.759	-0.757	-0.754	-1.042	-0.753	-0.905	-0.966	-0.718	-0.984	-1.011	-0.983	-0.969	-1.009	-0.725	-0.984	-1.015	-0.977	-1.013	-1.015	-0.984	-0.977	-0.735	-0.941	-0.644	-0.984	-1.027	
rs13048132     -0.944	-0.877	-1.023	-0.898	-0.957	-0.956	-0.953	-0.729	-0.731	-0.614	-0.733	-0.739	-0.739	-0.740	-0.753	-0.736	-0.745	-0.750	-0.691	-0.779	-0.736	-0.738	-0.768	-0.768	-0.793	-0.687	-0.818	-1.005	-0.758	-0.860	-0.926	-0.312	-0.930	-0.978	-1.062	-1.081	-1.081	-1.088	-1.090	-1.054	-0.748	-1.093	-1.055	-1.056	-1.080	-0.975	-1.042	-1.013	-1.003	-0.720	-1.001	-0.946	-0.960	-0.896	-0.772	-0.958	-0.903	-0.713	-0.704	-0.690	-0.704	-1.112	-0.705	-0.690	-1.114	-1.116	-1.113	-0.801	-0.877	-1.101	-1.100	-1.101	-1.096	-0.914	-1.108	-1.111	-1.110	-1.113	-1.112	-0.881	-0.859	-1.114	-1.112	-1.110	-1.109	-1.110	-0.938	-0.867	-0.867	-0.867	-1.037	-1.049	-0.907	-0.941	-1.024	-0.745	-0.773	-0.774	-1.000	-0.735	-0.882	-0.909	-0.729	-0.969	-1.079	-1.077	-1.077	-1.077	-0.836	-0.835	-0.895	-0.825	-1.092	-1.063	-0.912	-1.058	-0.958	-0.777	-1.070	-1.064	-0.814	-0.997	-0.975	-0.777	-0.959	-0.781	-1.061	-0.953	-0.778	-0.782	-0.780	-0.778	-1.064	-0.777	-0.928	-0.987	-0.742	-1.006	-1.034	-1.004	-0.990	-1.032	-0.749	-1.004	-1.037	-0.998	-1.035	-1.037	-1.004	-1.000	-0.758	-0.962	-0.668	-1.004	-1.048	
rs9981778      -0.905	-0.875	-0.996	-0.884	-0.934	-0.934	-0.927	-0.726	-0.726	-0.733	-0.594	-0.743	-0.743	-0.742	-0.753	-0.769	-0.741	-0.722	-0.722	-0.780	-0.765	-0.765	-0.778	-0.779	-0.779	-0.715	-0.825	-0.980	-0.785	-0.837	-0.917	-0.323	-0.920	-0.970	-1.041	-1.060	-1.061	-1.066	-1.070	-1.033	-0.723	-1.072	-1.035	-1.036	-1.059	-0.954	-1.019	-0.990	-0.979	-0.697	-0.980	-0.925	-0.938	-0.878	-0.749	-0.937	-0.879	-0.692	-0.684	-0.669	-0.684	-1.093	-0.685	-0.670	-1.094	-1.097	-1.094	-0.786	-0.857	-1.082	-1.082	-1.082	-1.077	-0.895	-1.089	-1.092	-1.091	-1.093	-1.092	-0.861	-0.839	-1.094	-1.093	-1.090	-1.089	-1.090	-0.919	-0.847	-0.847	-0.847	-1.013	-1.026	-0.883	-0.918	-1.002	-0.721	-0.749	-0.750	-0.978	-0.711	-0.861	-0.889	-0.706	-0.948	-1.059	-1.057	-1.057	-1.057	-0.814	-0.813	-0.872	-0.803	-1.072	-1.042	-0.893	-1.037	-0.937	-0.754	-1.049	-1.043	-0.792	-0.977	-0.953	-0.754	-0.937	-0.759	-1.041	-0.932	-0.755	-0.760	-0.758	-0.755	-1.043	-0.755	-0.906	-0.967	-0.719	-0.985	-1.012	-0.984	-0.970	-1.010	-0.727	-0.985	-1.016	-0.978	-1.014	-1.016	-0.984	-0.978	-0.736	-0.942	-0.645	-0.985	-1.028	
rs2154950      -0.924	-0.876	-1.009	-0.893	-0.946	-0.946	-0.941	-0.740	-0.741	-0.739	-0.743	-0.604	-0.737	-0.737	-0.750	-0.752	-0.739	-0.730	-0.716	-0.780	-0.750	-0.751	-0.775	-0.775	-0.786	-0.705	-0.824	-0.992	-0.773	-0.849	-0.922	-0.319	-0.925	-0.975	-1.051	-1.071	-1.071	-1.077	-1.080	-1.044	-0.735	-1.082	-1.045	-1.046	-1.069	-0.965	-1.030	-1.001	-0.990	-0.709	-0.991	-0.936	-0.949	-0.887	-0.761	-0.948	-0.891	-0.702	-0.694	-0.679	-0.694	-1.102	-0.695	-0.680	-1.104	-1.106	-1.103	-0.794	-0.867	-1.092	-1.091	-1.092	-1.086	-0.905	-1.098	-1.101	-1.101	-1.103	-1.102	-0.871	-0.849	-1.104	-1.102	-1.100	-1.099	-1.100	-0.928	-0.857	-0.857	-0.857	-1.025	-1.037	-0.895	-0.930	-1.013	-0.733	-0.761	-0.762	-0.989	-0.723	-0.871	-0.899	-0.717	-0.958	-1.069	-1.067	-1.067	-1.067	-0.825	-0.824	-0.883	-0.814	-1.082	-1.053	-0.902	-1.047	-0.947	-0.766	-1.059	-1.053	-0.803	-0.987	-0.964	-0.766	-0.948	-0.770	-1.051	-0.942	-0.767	-0.771	-0.769	-0.766	-1.054	-0.766	-0.917	-0.977	-0.730	-0.995	-1.023	-0.994	-0.980	-1.021	-0.738	-0.995	-1.027	-0.988	-1.024	-1.027	-0.994	-0.989	-0.747	-0.952	-0.657	-0.994	-1.038	
rs2154951      -0.924	-0.876	-1.009	-0.893	-0.946	-0.946	-0.941	-0.740	-0.741	-0.739	-0.743	-0.737	-0.604	-0.737	-0.750	-0.752	-0.739	-0.730	-0.716	-0.780	-0.750	-0.751	-0.775	-0.775	-0.786	-0.705	-0.824	-0.992	-0.773	-0.849	-0.922	-0.319	-0.925	-0.975	-1.051	-1.071	-1.071	-1.077	-1.080	-1.044	-0.735	-1.082	-1.045	-1.046	-1.069	-0.965	-1.030	-1.001	-0.990	-0.709	-0.991	-0.936	-0.949	-0.887	-0.761	-0.948	-0.891	-0.702	-0.694	-0.679	-0.694	-1.103	-0.695	-0.680	-1.104	-1.106	-1.103	-0.794	-0.867	-1.092	-1.091	-1.092	-1.086	-0.905	-1.098	-1.101	-1.101	-1.103	-1.102	-0.871	-0.849	-1.104	-1.102	-1.100	-1.099	-1.100	-0.928	-0.857	-0.857	-0.857	-1.025	-1.037	-0.895	-0.930	-1.013	-0.733	-0.761	-0.762	-0.989	-0.723	-0.871	-0.899	-0.717	-0.958	-1.069	-1.067	-1.067	-1.067	-0.825	-0.824	-0.883	-0.814	-1.082	-1.053	-0.902	-1.047	-0.947	-0.766	-1.059	-1.053	-0.803	-0.987	-0.964	-0.766	-0.948	-0.770	-1.051	-0.942	-0.767	-0.771	-0.769	-0.766	-1.054	-0.766	-0.917	-0.977	-0.730	-0.995	-1.023	-0.994	-0.980	-1.021	-0.738	-0.995	-1.027	-0.988	-1.024	-1.027	-0.994	-0.989	-0.747	-0.952	-0.657	-0.994	-1.038	
rs7278058      -0.925	-0.876	-1.009	-0.894	-0.946	-0.946	-0.941	-0.740	-0.742	-0.740	-0.742	-0.737	-0.737	-0.604	-0.750	-0.752	-0.739	-0.731	-0.715	-0.780	-0.749	-0.750	-0.775	-0.775	-0.786	-0.704	-0.824	-0.992	-0.773	-0.849	-0.922	-0.318	-0.926	-0.975	-1.052	-1.071	-1.071	-1.077	-1.081	-1.044	-0.736	-1.083	-1.045	-1.047	-1.070	-0.965	-1.031	-1.002	-0.991	-0.709	-0.991	-0.936	-0.949	-0.888	-0.761	-0.948	-0.891	-0.703	-0.694	-0.680	-0.694	-1.103	-0.695	-0.680	-1.104	-1.107	-1.104	-0.794	-0.867	-1.092	-1.091	-1.092	-1.087	-0.905	-1.099	-1.102	-1.101	-1.103	-1.102	-0.871	-0.849	-1.104	-1.103	-1.101	-1.099	-1.101	-0.929	-0.857	-0.858	-0.857	-1.025	-1.038	-0.895	-0.930	-1.013	-0.733	-0.761	-0.762	-0.989	-0.723	-0.872	-0.899	-0.718	-0.959	-1.069	-1.067	-1.067	-1.067	-0.825	-0.824	-0.883	-0.814	-1.083	-1.053	-0.903	-1.047	-0.948	-0.766	-1.059	-1.053	-0.803	-0.987	-0.964	-0.766	-0.948	-0.770	-1.051	-0.943	-0.767	-0.771	-0.769	-0.767	-1.054	-0.766	-0.917	-0.978	-0.731	-0.996	-1.023	-0.994	-0.980	-1.021	-0.738	-0.995	-1.027	-0.988	-1.025	-1.027	-0.995	-0.989	-0.747	-0.952	-0.657	-0.995	-1.038	
rs7279298      -0.924	-0.878	-1.009	-0.895	-0.947	-0.947	-0.942	-0.752	-0.753	-0.753	-0.753	-0.750	-0.750	-0.750	-0.603	-0.758	-0.752	-0.747	-0.727	-0.786	-0.758	-0.759	-0.781	-0.781	-0.791	-0.709	-0.827	-0.992	-0.776	-0.848	-0.921	-0.317	-0.924	-0.975	-1.050	-1.069	-1.070	-1.075	-1.079	-1.042	-0.734	-1.081	-1.043	-1.045	-1.068	-0.963	-1.029	-0.999	-0.989	-0.708	-0.990	-0.935	-0.947	-0.886	-0.760	-0.946	-0.889	-0.702	-0.693	-0.679	-0.693	-1.102	-0.694	-0.679	-1.103	-1.105	-1.102	-0.793	-0.866	-1.091	-1.090	-1.091	-1.085	-0.904	-1.097	-1.100	-1.100	-1.102	-1.101	-0.870	-0.848	-1.103	-1.102	-1.099	-1.098	-1.099	-0.927	-0.856	-0.856	-0.856	-1.025	-1.037	-0.895	-0.929	-1.012	-0.732	-0.760	-0.761	-0.988	-0.722	-0.871	-0.898	-0.716	-0.957	-1.068	-1.066	-1.066	-1.066	-0.824	-0.823	-0.883	-0.813	-1.081	-1.052	-0.902	-1.046	-0.947	-0.765	-1.058	-1.052	-0.802	-0.986	-0.963	-0.765	-0.947	-0.769	-1.050	-0.942	-0.766	-0.770	-0.768	-0.765	-1.053	-0.765	-0.916	-0.976	-0.729	-0.995	-1.022	-0.993	-0.979	-1.020	-0.737	-0.994	-1.026	-0.987	-1.023	-1.026	-0.993	-0.988	-0.746	-0.951	-0.656	-0.994	-1.037	
rs7279477      -0.851	-0.869	-0.936	-0.872	-0.877	-0.881	-0.867	-0.771	-0.770	-0.736	-0.769	-0.752	-0.752	-0.752	-0.758	-0.555	-0.749	-0.724	-0.785	-0.775	-0.785	-0.785	-0.780	-0.780	-0.765	-0.767	-0.840	-0.940	-0.813	-0.786	-0.893	-0.338	-0.899	-0.950	-1.005	-1.024	-1.025	-1.029	-1.034	-0.998	-0.679	-1.035	-0.999	-1.001	-1.021	-0.920	-0.980	-0.950	-0.938	-0.655	-0.939	-0.885	-0.899	-0.843	-0.708	-0.894	-0.841	-0.655	-0.646	-0.632	-0.646	-1.056	-0.647	-0.632	-1.057	-1.060	-1.056	-0.755	-0.819	-1.046	-1.046	-1.047	-1.042	-0.859	-1.052	-1.055	-1.054	-1.055	-1.054	-0.824	-0.800	-1.056	-1.054	-1.051	-1.050	-1.051	-0.882	-0.809	-0.809	-0.809	-0.966	-0.980	-0.836	-0.872	-0.957	-0.678	-0.707	-0.708	-0.940	-0.670	-0.826	-0.853	-0.664	-0.910	-1.022	-1.019	-1.020	-1.019	-0.775	-0.774	-0.833	-0.763	-1.035	-1.005	-0.855	-0.999	-0.899	-0.714	-1.011	-1.005	-0.752	-0.940	-0.916	-0.715	-0.900	-0.719	-1.003	-0.894	-0.716	-0.720	-0.718	-0.715	-1.006	-0.715	-0.868	-0.929	-0.679	-0.947	-0.974	-0.947	-0.932	-0.972	-0.686	-0.947	-0.978	-0.940	-0.976	-0.978	-0.947	-0.940	-0.695	-0.904	-0.605	-0.948	-0.991	
rs4443074      -0.929	-0.877	-1.012	-0.895	-0.949	-0.948	-0.944	-0.739	-0.741	-0.745	-0.741	-0.739	-0.739	-0.739	-0.752	-0.749	-0.606	-0.737	-0.711	-0.781	-0.747	-0.748	-0.775	-0.775	-0.788	-0.701	-0.823	-0.995	-0.770	-0.851	-0.923	-0.317	-0.927	-0.976	-1.054	-1.073	-1.073	-1.079	-1.082	-1.046	-0.738	-1.085	-1.047	-1.049	-1.072	-0.967	-1.033	-1.004	-0.993	-0.711	-0.993	-0.938	-0.951	-0.889	-0.763	-0.950	-0.893	-0.705	-0.696	-0.682	-0.696	-1.105	-0.697	-0.682	-1.106	-1.109	-1.106	-0.796	-0.869	-1.094	-1.093	-1.094	-1.088	-0.907	-1.100	-1.103	-1.103	-1.105	-1.104	-0.873	-0.851	-1.106	-1.105	-1.103	-1.101	-1.102	-0.930	-0.859	-0.860	-0.859	-1.028	-1.040	-0.898	-0.932	-1.015	-0.736	-0.764	-0.764	-0.991	-0.725	-0.874	-0.901	-0.720	-0.961	-1.071	-1.069	-1.069	-1.069	-0.827	-0.826	-0.886	-0.816	-1.084	-1.055	-0.905	-1.049	-0.950	-0.768	-1.062	-1.056	-0.805	-0.989	-0.966	-0.768	-0.951	-0.772	-1.053	-0.945	-0.769	-0.774	-0.771	-0.769	-1.056	-0.768	-0.919	-0.980	-0.733	-0.998	-1.025	-0.996	-0.982	-1.023	-0.740	-0.997	-1.029	-0.990	-1.027	-1.029	-0.997	-0.991	-0.750	-0.954	-0.659	-0.997	-1.040	
rs2065292      -0.953	-0.876	-1.029	-0.900	-0.962	-0.960	-0.958	-0.717	-0.720	-0.750	-0.722	-0.730	-0.730	-0.731	-0.747	-0.724	-0.737	-0.618	-0.672	-0.776	-0.723	-0.725	-0.762	-0.762	-0.794	-0.676	-0.814	-1.010	-0.749	-0.865	-0.928	-0.308	-0.932	-0.979	-1.066	-1.085	-1.086	-1.092	-1.095	-1.058	-0.753	-1.097	-1.059	-1.061	-1.085	-0.980	-1.047	-1.018	-1.008	-0.725	-1.006	-0.951	-0.965	-0.900	-0.777	-0.963	-0.908	-0.717	-0.709	-0.694	-0.709	-1.116	-0.709	-0.695	-1.118	-1.120	-1.117	-0.804	-0.881	-1.105	-1.104	-1.105	-1.099	-0.918	-1.112	-1.115	-1.114	-1.117	-1.116	-0.885	-0.863	-1.118	-1.116	-1.114	-1.113	-1.114	-0.942	-0.872	-0.872	-0.871	-1.042	-1.054	-0.912	-0.946	-1.028	-0.751	-0.778	-0.779	-1.004	-0.740	-0.886	-0.913	-0.735	-0.973	-1.083	-1.081	-1.081	-1.081	-0.841	-0.840	-0.900	-0.830	-1.096	-1.067	-0.916	-1.062	-0.963	-0.782	-1.074	-1.068	-0.819	-1.001	-0.980	-0.782	-0.964	-0.786	-1.066	-0.958	-0.783	-0.787	-0.785	-0.782	-1.068	-0.782	-0.933	-0.992	-0.747	-1.011	-1.038	-1.008	-0.994	-1.036	-0.754	-1.009	-1.042	-1.002	-1.039	-1.042	-1.008	-1.004	-0.763	-0.967	-0.673	-1.009	-1.052	
rs2065293      -0.851	-0.862	-0.959	-0.861	-0.902	-0.904	-0.894	-0.725	-0.725	-0.691	-0.722	-0.716	-0.716	-0.715	-0.727	-0.785	-0.711	-0.672	-0.562	-0.658	-0.707	-0.706	-0.681	-0.681	-0.630	-0.731	-0.814	-0.933	-0.786	-0.805	-0.898	-0.329	-0.899	-0.947	-1.011	-1.030	-1.031	-1.035	-1.040	-1.004	-0.686	-1.041	-1.005	-1.007	-1.027	-0.925	-0.986	-0.956	-0.944	-0.662	-0.948	-0.893	-0.905	-0.849	-0.715	-0.907	-0.846	-0.661	-0.653	-0.638	-0.653	-1.062	-0.654	-0.639	-1.064	-1.066	-1.063	-0.762	-0.826	-1.053	-1.053	-1.053	-1.048	-0.866	-1.059	-1.062	-1.061	-1.063	-1.062	-0.831	-0.807	-1.064	-1.062	-1.060	-1.059	-1.060	-0.889	-0.816	-0.816	-0.816	-0.979	-0.992	-0.850	-0.885	-0.969	-0.682	-0.711	-0.712	-0.943	-0.674	-0.829	-0.857	-0.669	-0.916	-1.028	-1.025	-1.026	-1.025	-0.780	-0.779	-0.835	-0.768	-1.041	-1.010	-0.862	-1.004	-0.902	-0.719	-1.017	-1.010	-0.757	-0.946	-0.919	-0.720	-0.903	-0.724	-1.008	-0.897	-0.721	-0.725	-0.723	-0.720	-1.011	-0.720	-0.871	-0.936	-0.684	-0.951	-0.979	-0.953	-0.939	-0.977	-0.691	-0.954	-0.983	-0.947	-0.980	-0.983	-0.953	-0.944	-0.700	-0.910	-0.609	-0.953	-0.998	
rs2834352      -0.931	-0.886	-1.013	-0.902	-0.953	-0.952	-0.948	-0.778	-0.779	-0.779	-0.780	-0.780	-0.780	-0.780	-0.786	-0.775	-0.781	-0.776	-0.658	-0.605	-0.700	-0.702	-0.732	-0.733	-0.751	-0.693	-0.817	-0.989	-0.759	-0.851	-0.922	-0.316	-0.925	-0.972	-1.053	-1.072	-1.073	-1.079	-1.082	-1.045	-0.737	-1.084	-1.046	-1.048	-1.071	-0.967	-1.032	-1.004	-0.993	-0.710	-0.991	-0.936	-0.951	-0.888	-0.762	-0.951	-0.893	-0.704	-0.695	-0.681	-0.695	-1.103	-0.696	-0.681	-1.104	-1.107	-1.104	-0.795	-0.867	-1.093	-1.092	-1.092	-1.087	-0.906	-1.099	-1.102	-1.102	-1.104	-1.103	-0.872	-0.850	-1.105	-1.104	-1.101	-1.100	-1.101	-0.929	-0.858	-0.858	-0.858	-1.027	-1.039	-0.898	-0.932	-1.014	-0.733	-0.761	-0.762	-0.989	-0.723	-0.872	-0.899	-0.717	-0.959	-1.070	-1.067	-1.067	-1.067	-0.825	-0.824	-0.883	-0.814	-1.083	-1.053	-0.903	-1.047	-0.947	-0.766	-1.060	-1.054	-0.803	-0.988	-0.964	-0.766	-0.948	-0.770	-1.051	-0.942	-0.767	-0.772	-0.769	-0.767	-1.054	-0.766	-0.916	-0.978	-0.731	-0.996	-1.023	-0.995	-0.981	-1.021	-0.738	-0.995	-1.027	-0.988	-1.024	-1.027	-0.995	-0.989	-0.747	-0.953	-0.657	-0.995	-1.039	
rs2834353      -0.889	-0.876	-0.984	-0.885	-0.928	-0.929	-0.921	-0.765	-0.765	-0.736	-0.765	-0.750	-0.750	-0.749	-0.758	-0.785	-0.747	-0.723	-0.707	-0.700	-0.583	-0.715	-0.714	-0.713	-0.687	-0.720	-0.821	-0.960	-0.779	-0.828	-0.911	-0.326	-0.913	-0.961	-1.032	-1.051	-1.051	-1.056	-1.061	-1.024	-0.711	-1.062	-1.025	-1.027	-1.048	-0.946	-1.008	-0.979	-0.968	-0.685	-0.969	-0.914	-0.927	-0.869	-0.738	-0.928	-0.869	-0.682	-0.674	-0.659	-0.674	-1.082	-0.675	-0.660	-1.084	-1.086	-1.083	-0.778	-0.846	-1.073	-1.072	-1.073	-1.067	-0.886	-1.079	-1.082	-1.081	-1.083	-1.082	-0.851	-0.828	-1.084	-1.083	-1.080	-1.079	-1.080	-0.909	-0.836	-0.836	-0.836	-1.003	-1.015	-0.874	-0.909	-0.992	-0.707	-0.735	-0.736	-0.965	-0.698	-0.850	-0.878	-0.692	-0.937	-1.048	-1.046	-1.046	-1.046	-0.802	-0.801	-0.858	-0.791	-1.062	-1.031	-0.882	-1.025	-0.924	-0.742	-1.038	-1.031	-0.780	-0.967	-0.941	-0.742	-0.925	-0.747	-1.029	-0.919	-0.743	-0.748	-0.746	-0.743	-1.032	-0.742	-0.893	-0.956	-0.706	-0.973	-1.000	-0.974	-0.959	-0.998	-0.714	-0.974	-1.004	-0.967	-1.002	-1.004	-0.974	-0.966	-0.723	-0.931	-0.633	-0.973	-1.018	
rs2834354      -0.890	-0.876	-0.985	-0.886	-0.929	-0.930	-0.922	-0.766	-0.766	-0.738	-0.765	-0.751	-0.751	-0.750	-0.759	-0.785	-0.748	-0.725	-0.706	-0.702	-0.715	-0.584	-0.715	-0.715	-0.689	-0.719	-0.821	-0.961	-0.778	-0.829	-0.911	-0.325	-0.913	-0.961	-1.032	-1.051	-1.052	-1.057	-1.061	-1.025	-0.711	-1.063	-1.026	-1.028	-1.049	-0.946	-1.009	-0.979	-0.968	-0.686	-0.970	-0.915	-0.928	-0.869	-0.739	-0.929	-0.870	-0.683	-0.674	-0.660	-0.674	-1.083	-0.675	-0.660	-1.084	-1.087	-1.084	-0.779	-0.847	-1.073	-1.073	-1.073	-1.068	-0.886	-1.079	-1.082	-1.082	-1.084	-1.083	-0.851	-0.829	-1.085	-1.083	-1.081	-1.080	-1.081	-0.909	-0.837	-0.837	-0.837	-1.003	-1.016	-0.874	-0.909	-0.992	-0.707	-0.736	-0.737	-0.966	-0.699	-0.851	-0.878	-0.693	-0.937	-1.049	-1.046	-1.047	-1.046	-0.803	-0.802	-0.859	-0.791	-1.062	-1.031	-0.883	-1.026	-0.924	-0.743	-1.038	-1.032	-0.780	-0.967	-0.941	-0.743	-0.925	-0.747	-1.030	-0.919	-0.744	-0.748	-0.746	-0.744	-1.032	-0.743	-0.893	-0.957	-0.707	-0.973	-1.001	-0.974	-0.960	-0.999	-0.715	-0.975	-1.005	-0.968	-1.002	-1.005	-0.974	-0.966	-0.724	-0.932	-0.633	-0.974	-1.019	
rs2834355      -0.918	-0.884	-1.004	-0.898	-0.946	-0.946	-0.940	-0.778	-0.778	-0.768	-0.778	-0.775	-0.775	-0.775	-0.781	-0.780	-0.775	-0.762	-0.681	-0.732	-0.714	-0.715	-0.598	-0.731	-0.734	-0.703	-0.820	-0.981	-0.767	-0.845	-0.919	-0.320	-0.922	-0.969	-1.047	-1.066	-1.067	-1.072	-1.076	-1.039	-0.729	-1.078	-1.040	-1.042	-1.064	-0.961	-1.025	-0.996	-0.986	-0.703	-0.985	-0.930	-0.944	-0.883	-0.755	-0.944	-0.886	-0.698	-0.689	-0.675	-0.689	-1.097	-0.690	-0.675	-1.098	-1.101	-1.098	-0.790	-0.861	-1.087	-1.086	-1.087	-1.081	-0.900	-1.093	-1.096	-1.096	-1.098	-1.097	-0.866	-0.843	-1.099	-1.097	-1.095	-1.094	-1.095	-0.923	-0.852	-0.852	-0.851	-1.020	-1.032	-0.891	-0.925	-1.008	-0.725	-0.753	-0.754	-0.982	-0.716	-0.866	-0.893	-0.710	-0.952	-1.063	-1.061	-1.061	-1.061	-0.819	-0.818	-0.876	-0.807	-1.077	-1.047	-0.897	-1.041	-0.940	-0.759	-1.053	-1.047	-0.797	-0.982	-0.957	-0.759	-0.941	-0.763	-1.045	-0.935	-0.760	-0.765	-0.762	-0.760	-1.048	-0.759	-0.910	-0.972	-0.724	-0.989	-1.016	-0.989	-0.975	-1.014	-0.731	-0.989	-1.020	-0.982	-1.018	-1.020	-0.989	-0.982	-0.740	-0.946	-0.650	-0.988	-1.033	
rs9983878      -0.919	-0.884	-1.005	-0.898	-0.946	-0.946	-0.941	-0.778	-0.778	-0.768	-0.779	-0.775	-0.775	-0.775	-0.781	-0.780	-0.775	-0.762	-0.681	-0.733	-0.713	-0.715	-0.731	-0.599	-0.735	-0.702	-0.820	-0.981	-0.766	-0.845	-0.919	-0.320	-0.922	-0.969	-1.047	-1.066	-1.067	-1.072	-1.076	-1.040	-0.729	-1.078	-1.040	-1.042	-1.065	-0.961	-1.026	-0.997	-0.986	-0.703	-0.985	-0.930	-0.944	-0.883	-0.755	-0.944	-0.887	-0.698	-0.689	-0.675	-0.689	-1.097	-0.690	-0.675	-1.099	-1.101	-1.098	-0.790	-0.861	-1.087	-1.086	-1.087	-1.082	-0.900	-1.093	-1.096	-1.096	-1.098	-1.097	-0.866	-0.843	-1.099	-1.098	-1.095	-1.094	-1.095	-0.924	-0.852	-0.852	-0.852	-1.020	-1.032	-0.891	-0.926	-1.008	-0.725	-0.754	-0.754	-0.982	-0.716	-0.866	-0.893	-0.710	-0.952	-1.064	-1.061	-1.061	-1.061	-0.819	-0.818	-0.876	-0.807	-1.077	-1.047	-0.897	-1.041	-0.941	-0.759	-1.053	-1.047	-0.797	-0.982	-0.957	-0.759	-0.941	-0.764	-1.045	-0.936	-0.760	-0.765	-0.763	-0.760	-1.048	-0.759	-0.910	-0.972	-0.724	-0.989	-1.017	-0.989	-0.975	-1.015	-0.731	-0.989	-1.021	-0.982	-1.018	-1.020	-0.989	-0.982	-0.741	-0.947	-0.650	-0.989	-1.033	
rs1073144      -0.948	-0.885	-1.024	-0.906	-0.961	-0.960	-0.958	-0.777	-0.778	-0.793	-0.779	-0.786	-0.786	-0.786	-0.791	-0.765	-0.788	-0.794	-0.630	-0.751	-0.687	-0.689	-0.734	-0.735	-0.612	-0.666	-0.803	-0.996	-0.731	-0.859	-0.923	-0.305	-0.926	-0.971	-1.061	-1.079	-1.080	-1.086	-1.089	-1.052	-0.746	-1.091	-1.053	-1.055	-1.078	-0.974	-1.040	-1.012	-1.001	-0.718	-0.999	-0.943	-0.959	-0.894	-0.770	-0.958	-0.902	-0.710	-0.702	-0.687	-0.702	-1.110	-0.703	-0.688	-1.111	-1.114	-1.111	-0.799	-0.874	-1.099	-1.098	-1.098	-1.093	-0.912	-1.105	-1.108	-1.108	-1.110	-1.110	-0.878	-0.856	-1.112	-1.110	-1.108	-1.107	-1.108	-0.935	-0.865	-0.865	-0.864	-1.035	-1.047	-0.906	-0.940	-1.022	-0.742	-0.769	-0.770	-0.997	-0.731	-0.879	-0.906	-0.726	-0.966	-1.076	-1.074	-1.074	-1.074	-0.833	-0.832	-0.891	-0.822	-1.090	-1.060	-0.910	-1.055	-0.955	-0.774	-1.067	-1.061	-0.811	-0.995	-0.972	-0.774	-0.956	-0.778	-1.058	-0.950	-0.775	-0.780	-0.777	-0.775	-1.061	-0.774	-0.925	-0.985	-0.739	-1.003	-1.031	-1.002	-0.988	-1.029	-0.746	-1.002	-1.034	-0.995	-1.032	-1.034	-1.002	-0.997	-0.755	-0.960	-0.665	-1.001	-1.045	
rs13046024     -0.728	-0.637	-0.852	-0.582	-0.815	-0.819	-0.807	-0.718	-0.717	-0.687	-0.715	-0.705	-0.705	-0.704	-0.709	-0.767	-0.701	-0.676	-0.731	-0.693	-0.720	-0.719	-0.703	-0.702	-0.666	-0.435	-0.607	-0.793	-0.748	-0.712	-0.798	-0.292	-0.791	-0.849	-0.897	-0.915	-0.915	-0.915	-0.924	-0.892	-0.551	-0.922	-0.893	-0.894	-0.906	-0.816	-0.864	-0.833	-0.823	-0.531	-0.835	-0.765	-0.787	-0.737	-0.588	-0.802	-0.732	-0.539	-0.531	-0.516	-0.531	-0.941	-0.532	-0.517	-0.943	-0.945	-0.943	-0.654	-0.702	-0.935	-0.934	-0.935	-0.930	-0.749	-0.940	-0.943	-0.942	-0.943	-0.942	-0.709	-0.683	-0.944	-0.942	-0.939	-0.938	-0.939	-0.771	-0.692	-0.692	-0.692	-0.858	-0.871	-0.734	-0.769	-0.849	-0.553	-0.589	-0.590	-0.814	-0.552	-0.708	-0.735	-0.547	-0.790	-0.905	-0.902	-0.904	-0.902	-0.661	-0.660	-0.717	-0.654	-0.921	-0.889	-0.740	-0.883	-0.777	-0.606	-0.896	-0.889	-0.643	-0.825	-0.794	-0.606	-0.778	-0.610	-0.887	-0.771	-0.607	-0.612	-0.610	-0.607	-0.890	-0.607	-0.745	-0.814	-0.571	-0.829	-0.857	-0.832	-0.817	-0.855	-0.578	-0.833	-0.861	-0.825	-0.859	-0.861	-0.832	-0.822	-0.587	-0.788	-0.498	-0.837	-0.879	
rs2834356      -0.855	-0.767	-0.945	-0.751	-0.908	-0.909	-0.903	-0.826	-0.826	-0.818	-0.825	-0.824	-0.824	-0.824	-0.827	-0.840	-0.823	-0.814	-0.814	-0.817	-0.821	-0.821	-0.820	-0.820	-0.803	-0.607	-0.523	-0.917	-0.814	-0.785	-0.864	-0.297	-0.863	-0.929	-0.983	-1.001	-1.001	-1.004	-1.009	-0.976	-0.650	-1.009	-0.977	-0.979	-0.996	-0.902	-0.958	-0.929	-0.918	-0.627	-0.923	-0.852	-0.880	-0.810	-0.681	-0.883	-0.823	-0.625	-0.616	-0.602	-0.616	-1.026	-0.617	-0.602	-1.027	-1.029	-1.026	-0.726	-0.787	-1.017	-1.016	-1.017	-1.012	-0.831	-1.023	-1.025	-1.025	-1.026	-1.025	-0.793	-0.768	-1.027	-1.025	-1.023	-1.022	-1.023	-0.853	-0.777	-0.777	-0.777	-0.946	-0.958	-0.819	-0.854	-0.934	-0.645	-0.680	-0.681	-0.907	-0.641	-0.793	-0.820	-0.635	-0.880	-0.992	-0.989	-0.990	-0.989	-0.747	-0.746	-0.804	-0.739	-1.006	-0.977	-0.824	-0.971	-0.870	-0.691	-0.983	-0.977	-0.728	-0.911	-0.887	-0.691	-0.871	-0.695	-0.975	-0.865	-0.692	-0.696	-0.694	-0.692	-0.978	-0.691	-0.839	-0.901	-0.655	-0.920	-0.947	-0.918	-0.904	-0.945	-0.663	-0.918	-0.951	-0.911	-0.949	-0.951	-0.918	-0.913	-0.672	-0.877	-0.582	-0.922	-0.963	
rs2834357      -0.936	-0.992	-1.001	-1.015	-1.033	-1.028	-1.035	-0.978	-0.978	-1.005	-0.980	-0.992	-0.992	-0.992	-0.992	-0.940	-0.995	-1.010	-0.933	-0.989	-0.960	-0.961	-0.981	-0.981	-0.996	-0.793	-0.917	-0.642	-0.836	-0.885	-0.861	-0.274	-0.939	-0.834	-1.086	-1.106	-1.106	-1.110	-1.115	-1.073	-0.778	-1.109	-1.074	-1.077	-1.102	-0.997	-1.065	-1.038	-1.027	-0.749	-1.023	-0.975	-0.985	-0.918	-0.800	-0.990	-0.928	-0.741	-0.733	-0.719	-0.733	-1.137	-0.734	-0.719	-1.139	-1.140	-1.138	-0.808	-0.904	-1.125	-1.125	-1.125	-1.119	-0.939	-1.133	-1.137	-1.136	-1.139	-1.139	-0.907	-0.886	-1.141	-1.139	-1.138	-1.137	-1.138	-0.962	-0.895	-0.895	-0.894	-1.079	-1.090	-0.950	-0.983	-1.060	-0.790	-0.816	-0.816	-1.033	-0.775	-0.909	-0.937	-0.770	-0.998	-1.107	-1.105	-1.105	-1.105	-0.870	-0.869	-0.932	-0.860	-1.120	-1.093	-0.939	-1.088	-0.992	-0.813	-1.099	-1.093	-0.849	-1.025	-1.008	-0.813	-0.993	-0.817	-1.091	-0.987	-0.814	-0.818	-0.816	-0.814	-1.094	-0.813	-0.962	-1.016	-0.779	-1.038	-1.065	-1.032	-1.018	-1.063	-0.786	-1.032	-1.068	-1.026	-1.066	-1.068	-1.032	-1.032	-0.795	-0.991	-0.705	-1.031	-1.073	
rs2834358      -0.810	-0.858	-0.903	-0.855	-0.861	-0.865	-0.851	-0.786	-0.786	-0.758	-0.785	-0.773	-0.773	-0.773	-0.776	-0.813	-0.770	-0.749	-0.786	-0.759	-0.779	-0.778	-0.767	-0.766	-0.731	-0.748	-0.814	-0.836	-0.513	-0.766	-0.864	-0.310	-0.855	-0.886	-0.955	-0.976	-0.976	-0.980	-0.988	-0.950	-0.626	-0.989	-0.951	-0.954	-0.971	-0.866	-0.925	-0.892	-0.880	-0.604	-0.888	-0.844	-0.845	-0.813	-0.660	-0.864	-0.787	-0.612	-0.603	-0.589	-0.603	-1.014	-0.604	-0.589	-1.016	-1.018	-1.016	-0.723	-0.778	-1.007	-1.007	-1.007	-1.002	-0.819	-1.013	-1.016	-1.015	-1.017	-1.016	-0.784	-0.760	-1.018	-1.016	-1.014	-1.012	-1.014	-0.843	-0.768	-0.768	-0.768	-0.932	-0.945	-0.806	-0.841	-0.926	-0.629	-0.660	-0.661	-0.889	-0.623	-0.783	-0.810	-0.617	-0.863	-0.978	-0.975	-0.976	-0.975	-0.731	-0.730	-0.785	-0.719	-0.993	-0.959	-0.815	-0.952	-0.847	-0.670	-0.966	-0.959	-0.708	-0.896	-0.864	-0.670	-0.847	-0.674	-0.957	-0.841	-0.671	-0.676	-0.673	-0.671	-0.959	-0.670	-0.814	-0.885	-0.634	-0.897	-0.926	-0.904	-0.888	-0.924	-0.641	-0.905	-0.930	-0.897	-0.927	-0.930	-0.904	-0.889	-0.651	-0.858	-0.560	-0.903	-0.951	
rs7277189      -0.890	-0.832	-0.885	-0.851	-0.775	-0.762	-0.785	-0.835	-0.836	-0.860	-0.837	-0.849	-0.849	-0.849	-0.848	-0.786	-0.851	-0.865	-0.805	-0.851	-0.828	-0.829	-0.845	-0.845	-0.859	-0.712	-0.785	-0.885	-0.766	-0.403	-0.782	-0.291	-0.774	-0.867	-0.797	-0.824	-0.824	-0.847	-0.843	-0.749	-0.557	-0.838	-0.753	-0.754	-0.825	-0.654	-0.763	-0.723	-0.706	-0.501	-0.750	-0.748	-0.625	-0.717	-0.576	-0.765	-0.550	-0.547	-0.540	-0.527	-0.540	-0.882	-0.541	-0.528	-0.890	-0.888	-0.890	-0.625	-0.672	-0.890	-0.889	-0.890	-0.882	-0.726	-0.900	-0.905	-0.904	-0.911	-0.913	-0.678	-0.653	-0.913	-0.913	-0.913	-0.912	-0.912	-0.744	-0.662	-0.662	-0.662	-0.879	-0.885	-0.788	-0.813	-0.859	-0.567	-0.582	-0.581	-0.776	-0.554	-0.645	-0.681	-0.550	-0.769	-0.871	-0.868	-0.870	-0.868	-0.643	-0.642	-0.681	-0.636	-0.891	-0.854	-0.710	-0.848	-0.743	-0.590	-0.861	-0.855	-0.626	-0.796	-0.760	-0.590	-0.743	-0.594	-0.852	-0.737	-0.591	-0.595	-0.594	-0.591	-0.855	-0.590	-0.710	-0.786	-0.556	-0.792	-0.821	-0.803	-0.789	-0.819	-0.564	-0.803	-0.826	-0.797	-0.823	-0.826	-0.803	-0.786	-0.573	-0.761	-0.486	-0.765	-0.831	
rs7277233      -0.837	-0.904	-0.893	-0.918	-0.895	-0.891	-0.898	-0.916	-0.916	-0.926	-0.917	-0.922	-0.922	-0.922	-0.921	-0.893	-0.923	-0.928	-0.898	-0.922	-0.911	-0.911	-0.919	-0.919	-0.923	-0.798	-0.864	-0.861	-0.864	-0.782	-0.455	-0.266	-0.813	-0.879	-0.837	-0.865	-0.865	-0.879	-0.888	-0.832	-0.600	-0.900	-0.834	-0.840	-0.889	-0.747	-0.834	-0.796	-0.782	-0.561	-0.782	-0.798	-0.751	-0.764	-0.629	-0.813	-0.685	-0.566	-0.558	-0.543	-0.558	-0.953	-0.559	-0.544	-0.958	-0.960	-0.957	-0.666	-0.727	-0.951	-0.950	-0.951	-0.945	-0.765	-0.958	-0.962	-0.961	-0.964	-0.964	-0.729	-0.711	-0.965	-0.964	-0.962	-0.961	-0.962	-0.788	-0.719	-0.719	-0.718	-0.909	-0.918	-0.785	-0.817	-0.889	-0.582	-0.611	-0.612	-0.832	-0.574	-0.720	-0.748	-0.569	-0.813	-0.922	-0.919	-0.921	-0.919	-0.670	-0.669	-0.721	-0.658	-0.940	-0.901	-0.761	-0.894	-0.791	-0.608	-0.908	-0.901	-0.647	-0.841	-0.809	-0.608	-0.792	-0.613	-0.898	-0.786	-0.610	-0.614	-0.612	-0.609	-0.901	-0.609	-0.758	-0.829	-0.572	-0.837	-0.867	-0.849	-0.832	-0.864	-0.580	-0.849	-0.871	-0.841	-0.868	-0.871	-0.849	-0.829	-0.589	-0.798	-0.488	-0.843	-0.895	
rs11911902     -0.270	-0.308	-0.363	-0.296	-0.308	-0.302	-0.312	-0.324	-0.324	-0.312	-0.323	-0.319	-0.319	-0.318	-0.317	-0.338	-0.317	-0.308	-0.329	-0.316	-0.326	-0.325	-0.320	-0.320	-0.305	-0.292	-0.297	-0.274	-0.310	-0.291	-0.266	+0.181	-0.153	-0.327	-0.235	-0.269	-0.269	-0.287	-0.296	-0.233	+0.036	-0.311	-0.236	-0.241	-0.278	-0.111	-0.206	-0.162	-0.145	+0.071	-0.177	-0.219	-0.135	-0.205	+0.003	-0.266	-0.071	+0.034	+0.043	+0.058	+0.043	-0.358	+0.042	+0.057	-0.366	-0.367	-0.365	-0.092	-0.136	-0.365	-0.364	-0.365	-0.358	-0.178	-0.373	-0.378	-0.377	-0.382	-0.383	-0.139	-0.118	-0.384	-0.383	-0.382	-0.381	-0.382	-0.203	-0.127	-0.127	-0.127	-0.338	-0.346	-0.224	-0.254	-0.316	+0.071	+0.026	+0.024	-0.194	+0.046	-0.110	-0.140	+0.051	-0.204	-0.324	-0.319	-0.324	-0.319	-0.060	-0.059	-0.107	-0.057	-0.353	-0.301	-0.172	-0.293	-0.160	-0.006	-0.309	-0.301	-0.047	-0.245	-0.181	-0.007	-0.161	-0.012	-0.298	-0.154	-0.009	-0.014	-0.012	-0.009	-0.302	-0.008	-0.122	-0.231	+0.031	-0.226	-0.260	-0.257	-0.235	-0.257	+0.023	-0.257	-0.265	-0.246	-0.262	-0.265	-0.256	-0.217	+0.013	-0.197	+0.112	-0.247	-0.307	
rs4817614      -0.936	-0.905	-0.952	-0.916	-0.916	-0.912	-0.918	-0.919	-0.919	-0.930	-0.920	-0.925	-0.925	-0.926	-0.924	-0.899	-0.927	-0.932	-0.899	-0.925	-0.913	-0.913	-0.922	-0.922	-0.926	-0.791	-0.863	-0.939	-0.855	-0.774	-0.813	-0.153	-0.475	-0.913	-0.913	-0.935	-0.935	-0.948	-0.948	-0.905	-0.619	-0.952	-0.907	-0.909	-0.935	-0.818	-0.890	-0.858	-0.846	-0.596	-0.860	-0.810	-0.815	-0.775	-0.647	-0.842	-0.758	-0.588	-0.580	-0.565	-0.580	-0.980	-0.581	-0.566	-0.982	-0.982	-0.981	-0.672	-0.739	-0.971	-0.970	-0.971	-0.965	-0.790	-0.978	-0.981	-0.981	-0.984	-0.983	-0.747	-0.718	-0.985	-0.983	-0.982	-0.981	-0.982	-0.810	-0.728	-0.728	-0.728	-0.928	-0.938	-0.807	-0.838	-0.906	-0.613	-0.640	-0.641	-0.864	-0.608	-0.742	-0.770	-0.603	-0.834	-0.946	-0.943	-0.944	-0.943	-0.702	-0.701	-0.764	-0.695	-0.963	-0.930	-0.780	-0.924	-0.817	-0.647	-0.936	-0.930	-0.684	-0.863	-0.834	-0.647	-0.818	-0.651	-0.927	-0.812	-0.648	-0.652	-0.650	-0.648	-0.930	-0.647	-0.785	-0.852	-0.612	-0.870	-0.899	-0.871	-0.855	-0.897	-0.619	-0.871	-0.903	-0.864	-0.900	-0.903	-0.871	-0.864	-0.628	-0.825	-0.537	-0.869	-0.914	
rs9305541      -0.856	-0.980	-0.909	-0.991	-0.975	-0.974	-0.972	-0.969	-0.970	-0.978	-0.970	-0.975	-0.975	-0.975	-0.975	-0.950	-0.976	-0.979	-0.947	-0.972	-0.961	-0.961	-0.969	-0.969	-0.971	-0.849	-0.929	-0.834	-0.886	-0.867	-0.879	-0.327	-0.913	-0.582	-1.000	-1.023	-1.024	-1.022	-1.039	-0.998	-0.693	-1.036	-0.999	-1.003	-1.025	-0.920	-0.977	-0.943	-0.930	-0.669	-0.928	-0.908	-0.903	-0.874	-0.724	-0.922	-0.843	-0.681	-0.672	-0.658	-0.672	-1.079	-0.673	-0.658	-1.081	-1.082	-1.081	-0.778	-0.842	-1.071	-1.070	-1.071	-1.066	-0.887	-1.078	-1.081	-1.080	-1.082	-1.081	-0.849	-0.823	-1.083	-1.081	-1.079	-1.078	-1.079	-0.909	-0.832	-0.832	-0.832	-1.011	-1.023	-0.890	-0.923	-0.992	-0.719	-0.748	-0.749	-0.962	-0.707	-0.845	-0.875	-0.701	-0.936	-1.046	-1.043	-1.044	-1.043	-0.807	-0.806	-0.861	-0.796	-1.060	-1.029	-0.880	-1.023	-0.924	-0.748	-1.036	-1.029	-0.785	-0.965	-0.941	-0.748	-0.925	-0.752	-1.027	-0.919	-0.749	-0.753	-0.751	-0.749	-1.030	-0.748	-0.893	-0.955	-0.713	-0.970	-0.998	-0.972	-0.958	-0.996	-0.721	-0.973	-1.002	-0.966	-1.000	-1.002	-0.972	-0.963	-0.730	-0.928	-0.636	-0.975	-1.018	
rs2154703      -1.105	-1.032	-1.075	-1.051	-1.042	-1.038	-1.044	-1.039	-1.040	-1.062	-1.041	-1.051	-1.051	-1.052	-1.050	-1.005	-1.054	-1.066	-1.011	-1.053	-1.032	-1.032	-1.047	-1.047	-1.061	-0.897	-0.983	-1.086	-0.955	-0.797	-0.837	-0.235	-0.913	-1.000	-0.610	-0.737	-0.737	-0.955	-0.787	-0.856	-0.706	-0.980	-0.860	-0.869	-1.007	-0.794	-0.998	-0.982	-0.975	-0.668	-0.955	-0.914	-0.973	-0.844	-0.727	-0.975	-0.924	-0.710	-0.702	-0.687	-0.702	-1.075	-0.703	-0.688	-1.070	-1.083	-1.069	-0.758	-0.872	-1.093	-1.092	-1.093	-1.089	-0.907	-1.098	-1.099	-1.099	-1.098	-1.096	-0.876	-0.854	-1.098	-1.096	-1.093	-1.091	-1.093	-0.931	-0.862	-0.862	-0.861	-1.025	-1.037	-0.860	-0.898	-1.001	-0.780	-0.801	-0.801	-1.014	-0.766	-0.875	-0.902	-0.761	-0.974	-1.079	-1.077	-1.076	-1.077	-0.854	-0.853	-0.918	-0.845	-1.091	-1.069	-0.906	-1.064	-0.975	-0.799	-1.074	-1.069	-0.834	-0.996	-0.990	-0.800	-0.975	-0.803	-1.067	-0.970	-0.800	-0.804	-0.803	-0.800	-1.070	-0.799	-0.947	-0.989	-0.767	-1.019	-1.044	-1.001	-0.991	-1.042	-0.774	-1.001	-1.047	-0.997	-1.045	-1.047	-1.001	-1.014	-0.782	-0.968	-0.697	-1.004	-1.044	
