## Summary of overall evidence for association with region:
## log10(BF for region) = -0.439223
## p-value for region = NA

## BFs for choosing among multi-SNP models:
## log10(average 1-SNP BF) = -0.369102
## log10(average 2-SNP BF) = -0.626612

## Example posterior probabilities for multi-SNP models, based on default prior: [p(l) propto 0.5^l for l=1,2,...,L]
## posterior probability of 1-SNP = 0.783484
## posterior probability of 2-SNP = 0.216516

## log10(BF) for single SNP and pair of SNPs:
rs115718693    -0.173	-0.260	-0.258	-0.693	-0.712	-0.713	-0.717	-0.635	-0.716	-0.099	-0.079	-0.084	-0.089	-0.255	-0.255	-0.237	-0.172	-0.690	-0.292	-0.318	-0.657	-0.365	-0.659	-0.314	-0.666	-0.398	-0.352	-0.649	-0.650	-0.651	-0.650	-0.508	-0.406	-0.402	-0.396	-0.408	-0.417	-0.418	-0.417	-0.417	-0.419	-0.419	-0.652	-0.652	-0.413	-0.414	-0.421	-0.653	-0.398	-0.513	-0.407	-0.402	-0.357	-0.632	-0.658	-0.661	-0.602	-0.708	-0.722	-0.720	-0.725	-0.640	-0.666	-0.376	-0.589	-0.587	-0.680	-0.680	-0.392	-0.370	-0.673	-0.416	-0.585	-0.361	-0.611	-0.416	-0.584	-0.385	-0.588	-0.588	-0.584	-0.368	-0.370	-0.587	-0.595	-0.377	-0.589	-0.590	-0.366	-0.383	-0.384	-0.690	-0.581	-0.422	-0.390	-0.392	-0.579	-0.579	-0.687	-0.393	-0.579	-0.578	-0.589	-0.417	-0.396	-0.686	-0.538	-0.485	-0.577	-0.589	-0.687	-0.590	-0.687	-0.590	-0.389	-0.390	-0.587	-0.585	-0.386	-0.394	-0.728	-0.677	-0.728	-0.384	-0.592	-0.489	-0.424	-0.511	-0.396	-0.688	-0.388	-0.688	-0.593	-0.396	-0.585	-0.394	-0.593	-0.688	-0.426	-0.439	-0.579	-0.605	-0.579	-0.570	-0.578	-0.576	-0.689	-0.689	-0.404	-0.691	-0.579	-0.407	-0.419	-0.576	-0.411	-0.466	-0.540	-0.591	-0.579	-0.578	-0.579	-0.685	-0.571	-0.560	-0.563	-0.563	-0.563	-0.578	-0.421	-0.578	-0.579	-0.689	-0.563	-0.426	
rs55807147     -0.260	-0.062	-0.125	-0.604	-0.622	-0.622	-0.623	-0.540	-0.622	+0.075	+0.084	+0.068	+0.058	-0.205	-0.205	-0.189	-0.127	-0.595	-0.239	-0.263	-0.571	-0.309	-0.573	-0.259	-0.579	-0.340	-0.293	-0.564	-0.565	-0.566	-0.565	-0.438	-0.347	-0.343	-0.338	-0.349	-0.357	-0.359	-0.357	-0.357	-0.359	-0.359	-0.567	-0.567	-0.354	-0.353	-0.361	-0.568	-0.339	-0.442	-0.348	-0.328	-0.300	-0.537	-0.572	-0.574	-0.523	-0.619	-0.630	-0.628	-0.628	-0.555	-0.578	-0.267	-0.502	-0.500	-0.591	-0.591	-0.332	-0.261	-0.564	-0.354	-0.499	-0.251	-0.518	-0.354	-0.498	-0.277	-0.501	-0.501	-0.498	-0.259	-0.261	-0.501	-0.506	-0.268	-0.502	-0.503	-0.257	-0.275	-0.275	-0.600	-0.496	-0.360	-0.282	-0.284	-0.494	-0.494	-0.597	-0.285	-0.495	-0.494	-0.502	-0.355	-0.288	-0.597	-0.461	-0.419	-0.493	-0.502	-0.597	-0.503	-0.597	-0.503	-0.281	-0.281	-0.502	-0.499	-0.278	-0.286	-0.633	-0.587	-0.633	-0.276	-0.505	-0.391	-0.362	-0.438	-0.288	-0.598	-0.280	-0.598	-0.504	-0.288	-0.500	-0.286	-0.506	-0.598	-0.364	-0.376	-0.495	-0.514	-0.494	-0.488	-0.494	-0.492	-0.599	-0.599	-0.296	-0.600	-0.494	-0.300	-0.312	-0.492	-0.304	-0.361	-0.444	-0.503	-0.495	-0.494	-0.494	-0.596	-0.487	-0.479	-0.482	-0.482	-0.482	-0.494	-0.359	-0.494	-0.494	-0.599	-0.482	-0.319	
rs55739813     -0.258	-0.125	-0.059	-0.602	-0.619	-0.620	-0.621	-0.538	-0.620	+0.073	+0.083	+0.067	+0.057	-0.204	-0.204	-0.187	-0.126	-0.593	-0.237	-0.261	-0.569	-0.307	-0.571	-0.258	-0.576	-0.338	-0.292	-0.562	-0.563	-0.564	-0.563	-0.436	-0.345	-0.341	-0.336	-0.347	-0.356	-0.357	-0.356	-0.356	-0.357	-0.357	-0.565	-0.565	-0.352	-0.352	-0.360	-0.566	-0.338	-0.440	-0.346	-0.327	-0.298	-0.535	-0.570	-0.572	-0.521	-0.617	-0.628	-0.626	-0.626	-0.553	-0.576	-0.265	-0.500	-0.498	-0.589	-0.589	-0.330	-0.259	-0.561	-0.353	-0.497	-0.249	-0.516	-0.353	-0.496	-0.275	-0.499	-0.499	-0.496	-0.257	-0.259	-0.499	-0.504	-0.266	-0.500	-0.501	-0.254	-0.273	-0.273	-0.597	-0.494	-0.358	-0.280	-0.282	-0.492	-0.492	-0.595	-0.282	-0.493	-0.492	-0.500	-0.353	-0.285	-0.595	-0.459	-0.417	-0.491	-0.500	-0.595	-0.501	-0.595	-0.501	-0.278	-0.279	-0.500	-0.497	-0.275	-0.284	-0.631	-0.585	-0.631	-0.274	-0.503	-0.388	-0.361	-0.436	-0.285	-0.596	-0.278	-0.596	-0.502	-0.286	-0.498	-0.283	-0.504	-0.596	-0.362	-0.375	-0.493	-0.512	-0.493	-0.486	-0.492	-0.490	-0.597	-0.597	-0.294	-0.598	-0.493	-0.298	-0.310	-0.490	-0.301	-0.359	-0.442	-0.501	-0.493	-0.492	-0.492	-0.594	-0.485	-0.477	-0.480	-0.480	-0.480	-0.492	-0.357	-0.492	-0.492	-0.597	-0.480	-0.317	
rs2297377      -0.693	-0.604	-0.602	-0.608	-0.925	-0.925	-0.909	-0.974	-0.915	-0.439	-0.419	-0.423	-0.427	-0.554	-0.554	-0.534	-0.480	-1.013	-0.611	-0.641	-0.991	-0.706	-0.994	-0.636	-0.999	-0.741	-0.678	-0.986	-0.986	-0.987	-0.986	-0.872	-0.749	-0.746	-0.738	-0.752	-0.761	-0.763	-0.762	-0.762	-0.763	-0.763	-0.989	-0.989	-0.757	-0.755	-0.764	-0.990	-0.742	-0.878	-0.751	-0.777	-0.698	-0.981	-0.999	-1.001	-0.949	-1.048	-1.063	-1.062	-1.056	-0.993	-1.018	-0.773	-0.955	-0.953	-1.032	-1.032	-0.722	-0.768	-0.951	-0.747	-0.951	-0.759	-0.974	-0.747	-0.949	-0.782	-0.954	-0.954	-0.949	-0.766	-0.768	-0.953	-0.957	-0.774	-0.955	-0.950	-0.764	-0.780	-0.781	-1.040	-0.945	-0.754	-0.787	-0.789	-0.942	-0.942	-1.038	-0.789	-0.943	-0.940	-0.949	-0.748	-0.792	-1.038	-0.893	-0.823	-0.940	-0.949	-1.038	-0.950	-1.038	-0.950	-0.785	-0.786	-0.946	-0.943	-0.783	-0.791	-1.082	-1.031	-1.083	-0.781	-0.953	-0.878	-0.757	-0.863	-0.792	-1.039	-0.785	-1.039	-0.955	-0.792	-0.949	-0.790	-0.960	-1.039	-0.758	-0.773	-0.943	-0.976	-0.942	-0.932	-0.942	-0.939	-1.040	-1.040	-0.799	-1.041	-0.942	-0.803	-0.814	-0.939	-0.806	-0.860	-0.911	-0.952	-0.943	-0.941	-0.943	-1.037	-0.933	-0.920	-0.924	-0.924	-0.924	-0.934	-0.752	-0.935	-0.935	-1.040	-0.923	-0.820	
rs2274858      -0.712	-0.622	-0.619	-0.925	-0.632	-0.768	-0.909	-0.997	-0.914	-0.454	-0.433	-0.437	-0.441	-0.562	-0.562	-0.542	-0.491	-1.036	-0.626	-0.656	-1.004	-0.719	-1.007	-0.651	-1.014	-0.754	-0.694	-0.998	-0.998	-1.000	-0.998	-0.886	-0.762	-0.759	-0.752	-0.765	-0.775	-0.777	-0.775	-0.775	-0.777	-0.777	-1.002	-1.001	-0.770	-0.767	-0.777	-1.003	-0.755	-0.892	-0.765	-0.789	-0.711	-1.004	-1.013	-1.015	-0.958	-1.045	-1.065	-1.064	-1.058	-1.008	-1.035	-0.772	-0.976	-0.973	-1.050	-1.050	-0.732	-0.765	-0.942	-0.758	-0.971	-0.756	-0.995	-0.758	-0.970	-0.781	-0.974	-0.975	-0.970	-0.764	-0.766	-0.974	-0.977	-0.772	-0.976	-0.970	-0.762	-0.779	-0.779	-1.059	-0.965	-0.764	-0.786	-0.788	-0.963	-0.962	-1.057	-0.788	-0.963	-0.961	-0.969	-0.759	-0.791	-1.057	-0.913	-0.835	-0.960	-0.969	-1.057	-0.970	-1.057	-0.970	-0.784	-0.785	-0.966	-0.963	-0.782	-0.790	-1.109	-1.050	-1.110	-0.780	-0.973	-0.902	-0.767	-0.882	-0.792	-1.058	-0.784	-1.058	-0.975	-0.792	-0.969	-0.789	-0.981	-1.058	-0.769	-0.784	-0.963	-0.998	-0.963	-0.952	-0.962	-0.959	-1.059	-1.059	-0.799	-1.061	-0.963	-0.803	-0.815	-0.960	-0.807	-0.863	-0.933	-0.972	-0.963	-0.962	-0.963	-1.056	-0.953	-0.940	-0.944	-0.944	-0.944	-0.954	-0.763	-0.954	-0.955	-1.059	-0.943	-0.821	
rs7178957      -0.713	-0.622	-0.620	-0.925	-0.768	-0.633	-0.909	-0.998	-0.915	-0.454	-0.433	-0.437	-0.441	-0.562	-0.562	-0.542	-0.491	-1.036	-0.626	-0.656	-1.005	-0.719	-1.008	-0.651	-1.014	-0.754	-0.694	-0.999	-0.999	-1.000	-0.999	-0.887	-0.763	-0.759	-0.752	-0.765	-0.775	-0.777	-0.776	-0.776	-0.777	-0.777	-1.002	-1.002	-0.771	-0.768	-0.777	-1.003	-0.755	-0.893	-0.765	-0.790	-0.711	-1.005	-1.013	-1.016	-0.959	-1.046	-1.065	-1.065	-1.059	-1.008	-1.035	-0.772	-0.976	-0.974	-1.050	-1.050	-0.733	-0.766	-0.943	-0.758	-0.972	-0.757	-0.995	-0.758	-0.970	-0.782	-0.975	-0.975	-0.970	-0.764	-0.766	-0.974	-0.978	-0.773	-0.977	-0.970	-0.763	-0.780	-0.780	-1.060	-0.965	-0.765	-0.787	-0.789	-0.963	-0.963	-1.057	-0.789	-0.964	-0.961	-0.970	-0.759	-0.792	-1.057	-0.913	-0.836	-0.961	-0.970	-1.057	-0.970	-1.057	-0.971	-0.785	-0.786	-0.966	-0.963	-0.783	-0.791	-1.110	-1.050	-1.110	-0.781	-0.973	-0.903	-0.768	-0.882	-0.792	-1.059	-0.785	-1.059	-0.975	-0.793	-0.970	-0.790	-0.981	-1.059	-0.770	-0.785	-0.963	-0.998	-0.963	-0.953	-0.963	-0.960	-1.059	-1.059	-0.800	-1.061	-0.963	-0.804	-0.815	-0.960	-0.808	-0.864	-0.933	-0.972	-0.964	-0.962	-0.964	-1.056	-0.953	-0.940	-0.944	-0.944	-0.944	-0.954	-0.764	-0.955	-0.955	-1.059	-0.944	-0.822	
rs2297380      -0.717	-0.623	-0.621	-0.909	-0.909	-0.909	-0.644	-0.999	-0.806	-0.452	-0.431	-0.435	-0.439	-0.558	-0.559	-0.538	-0.489	-1.028	-0.626	-0.656	-0.985	-0.722	-0.989	-0.651	-0.996	-0.757	-0.695	-0.978	-0.978	-0.980	-0.978	-0.895	-0.766	-0.762	-0.754	-0.769	-0.778	-0.780	-0.778	-0.779	-0.781	-0.780	-0.982	-0.981	-0.775	-0.774	-0.783	-0.983	-0.758	-0.901	-0.769	-0.799	-0.715	-1.007	-0.997	-1.000	-0.933	-1.068	-1.090	-1.088	-1.091	-1.000	-1.032	-0.820	-0.983	-0.980	-1.048	-1.048	-0.749	-0.814	-1.004	-0.774	-0.978	-0.805	-0.996	-0.774	-0.977	-0.828	-0.981	-0.982	-0.977	-0.812	-0.814	-0.981	-0.984	-0.820	-0.983	-0.976	-0.810	-0.826	-0.826	-1.059	-0.972	-0.781	-0.832	-0.834	-0.969	-0.969	-1.056	-0.835	-0.970	-0.967	-0.976	-0.775	-0.837	-1.056	-0.918	-0.851	-0.967	-0.975	-1.056	-0.976	-1.056	-0.976	-0.831	-0.832	-0.972	-0.969	-0.829	-0.836	-1.116	-1.050	-1.117	-0.827	-0.979	-0.914	-0.784	-0.886	-0.837	-1.058	-0.831	-1.058	-0.981	-0.838	-0.976	-0.836	-0.988	-1.058	-0.786	-0.800	-0.970	-1.006	-0.969	-0.958	-0.969	-0.966	-1.058	-1.058	-0.845	-1.061	-0.970	-0.848	-0.859	-0.966	-0.852	-0.902	-0.941	-0.978	-0.970	-0.968	-0.970	-1.054	-0.959	-0.946	-0.950	-0.950	-0.950	-0.959	-0.780	-0.960	-0.960	-1.059	-0.949	-0.865	
rs11630901     -0.635	-0.540	-0.538	-0.974	-0.997	-0.998	-0.999	-0.566	-0.995	-0.368	-0.347	-0.351	-0.355	-0.483	-0.484	-0.463	-0.404	-0.956	-0.540	-0.571	-0.898	-0.587	-0.902	-0.566	-0.912	-0.626	-0.610	-0.891	-0.889	-0.891	-0.889	-0.783	-0.636	-0.633	-0.628	-0.639	-0.650	-0.653	-0.651	-0.651	-0.652	-0.653	-0.893	-0.893	-0.646	-0.647	-0.656	-0.895	-0.628	-0.790	-0.640	-0.677	-0.582	-0.857	-0.910	-0.913	-0.832	-1.013	-1.040	-1.037	-1.045	-0.921	-0.956	-0.760	-0.904	-0.901	-0.975	-0.975	-0.650	-0.754	-1.007	-0.677	-0.899	-0.746	-0.872	-0.677	-0.898	-0.768	-0.902	-0.903	-0.898	-0.753	-0.754	-0.902	-0.904	-0.760	-0.904	-0.896	-0.750	-0.766	-0.766	-0.989	-0.892	-0.684	-0.772	-0.774	-0.890	-0.889	-0.985	-0.774	-0.890	-0.887	-0.896	-0.678	-0.777	-0.984	-0.836	-0.756	-0.887	-0.896	-0.985	-0.896	-0.985	-0.897	-0.771	-0.771	-0.892	-0.889	-0.768	-0.776	-1.053	-0.976	-1.054	-0.767	-0.900	-0.845	-0.687	-0.803	-0.777	-0.987	-0.770	-0.987	-0.902	-0.777	-0.896	-0.775	-0.909	-0.987	-0.689	-0.704	-0.890	-0.927	-0.890	-0.878	-0.889	-0.886	-0.988	-0.988	-0.784	-0.990	-0.890	-0.787	-0.798	-0.887	-0.790	-0.839	-0.863	-0.898	-0.890	-0.889	-0.890	-0.983	-0.879	-0.865	-0.869	-0.869	-0.869	-0.879	-0.683	-0.880	-0.880	-0.987	-0.869	-0.803	
rs11070334     -0.716	-0.622	-0.620	-0.915	-0.914	-0.915	-0.806	-0.995	-0.641	-0.453	-0.431	-0.435	-0.440	-0.560	-0.560	-0.539	-0.490	-1.025	-0.625	-0.656	-0.984	-0.722	-0.988	-0.651	-0.995	-0.757	-0.694	-0.978	-0.977	-0.979	-0.977	-0.894	-0.766	-0.762	-0.755	-0.768	-0.778	-0.780	-0.778	-0.779	-0.780	-0.780	-0.981	-0.981	-0.774	-0.773	-0.782	-0.982	-0.758	-0.900	-0.768	-0.798	-0.715	-1.004	-0.996	-0.999	-0.933	-1.065	-1.087	-1.085	-1.086	-0.999	-1.031	-0.816	-0.981	-0.979	-1.046	-1.046	-0.747	-0.810	-0.995	-0.773	-0.976	-0.801	-0.994	-0.773	-0.975	-0.824	-0.980	-0.980	-0.975	-0.808	-0.810	-0.979	-0.982	-0.816	-0.982	-0.975	-0.806	-0.822	-0.823	-1.057	-0.970	-0.779	-0.829	-0.830	-0.968	-0.967	-1.054	-0.831	-0.968	-0.966	-0.974	-0.773	-0.833	-1.054	-0.917	-0.849	-0.965	-0.974	-1.054	-0.975	-1.054	-0.975	-0.827	-0.828	-0.971	-0.968	-0.825	-0.832	-1.112	-1.048	-1.113	-0.823	-0.978	-0.912	-0.782	-0.885	-0.834	-1.055	-0.827	-1.055	-0.980	-0.834	-0.974	-0.832	-0.987	-1.055	-0.784	-0.798	-0.968	-1.004	-0.968	-0.957	-0.967	-0.964	-1.056	-1.056	-0.841	-1.058	-0.968	-0.844	-0.855	-0.965	-0.848	-0.899	-0.939	-0.977	-0.968	-0.967	-0.968	-1.052	-0.958	-0.944	-0.948	-0.948	-0.948	-0.958	-0.778	-0.959	-0.959	-1.056	-0.948	-0.861	
rs61753586     -0.099	+0.075	+0.073	-0.439	-0.454	-0.454	-0.452	-0.368	-0.453	+0.137	+0.095	+0.090	+0.086	-0.098	-0.098	-0.085	-0.020	-0.424	-0.117	-0.137	-0.407	-0.175	-0.409	-0.134	-0.413	-0.204	-0.163	-0.400	-0.401	-0.403	-0.401	-0.288	-0.210	-0.206	-0.202	-0.212	-0.220	-0.221	-0.220	-0.220	-0.221	-0.221	-0.403	-0.403	-0.216	-0.216	-0.224	-0.404	-0.203	-0.292	-0.210	-0.175	-0.165	-0.365	-0.407	-0.409	-0.363	-0.452	-0.460	-0.459	-0.456	-0.393	-0.412	-0.077	-0.337	-0.336	-0.425	-0.425	-0.197	-0.070	-0.380	-0.218	-0.336	-0.060	-0.348	-0.218	-0.335	-0.087	-0.337	-0.337	-0.335	-0.068	-0.070	-0.337	-0.339	-0.077	-0.338	-0.338	-0.065	-0.085	-0.085	-0.432	-0.333	-0.223	-0.092	-0.095	-0.333	-0.333	-0.430	-0.095	-0.333	-0.333	-0.338	-0.218	-0.098	-0.430	-0.307	-0.278	-0.332	-0.338	-0.430	-0.338	-0.430	-0.338	-0.091	-0.092	-0.339	-0.336	-0.088	-0.097	-0.462	-0.420	-0.462	-0.086	-0.340	-0.214	-0.225	-0.289	-0.098	-0.431	-0.090	-0.431	-0.339	-0.099	-0.337	-0.096	-0.341	-0.431	-0.226	-0.238	-0.333	-0.345	-0.333	-0.328	-0.333	-0.331	-0.432	-0.432	-0.107	-0.433	-0.333	-0.111	-0.124	-0.331	-0.115	-0.175	-0.268	-0.338	-0.333	-0.332	-0.333	-0.429	-0.327	-0.321	-0.324	-0.324	-0.324	-0.333	-0.222	-0.333	-0.333	-0.432	-0.323	-0.131	
rs60736275     -0.079	+0.084	+0.083	-0.419	-0.433	-0.433	-0.431	-0.347	-0.431	+0.095	+0.161	+0.115	+0.112	-0.084	-0.084	-0.071	-0.006	-0.403	-0.102	-0.122	-0.386	-0.159	-0.388	-0.119	-0.393	-0.188	-0.147	-0.380	-0.381	-0.382	-0.381	-0.270	-0.193	-0.190	-0.186	-0.195	-0.203	-0.205	-0.203	-0.203	-0.205	-0.204	-0.383	-0.383	-0.200	-0.200	-0.207	-0.384	-0.186	-0.274	-0.194	-0.157	-0.148	-0.344	-0.387	-0.389	-0.343	-0.431	-0.439	-0.439	-0.435	-0.372	-0.391	-0.053	-0.316	-0.316	-0.405	-0.405	-0.180	-0.046	-0.357	-0.201	-0.315	-0.036	-0.327	-0.201	-0.315	-0.063	-0.316	-0.316	-0.315	-0.044	-0.046	-0.316	-0.318	-0.053	-0.317	-0.317	-0.041	-0.061	-0.061	-0.411	-0.313	-0.206	-0.069	-0.071	-0.313	-0.313	-0.409	-0.071	-0.313	-0.312	-0.317	-0.201	-0.074	-0.409	-0.288	-0.260	-0.312	-0.317	-0.409	-0.317	-0.409	-0.317	-0.067	-0.068	-0.318	-0.315	-0.064	-0.073	-0.441	-0.399	-0.441	-0.062	-0.319	-0.192	-0.208	-0.270	-0.074	-0.410	-0.066	-0.410	-0.317	-0.075	-0.317	-0.072	-0.320	-0.410	-0.209	-0.221	-0.313	-0.323	-0.313	-0.308	-0.312	-0.311	-0.411	-0.411	-0.083	-0.412	-0.313	-0.087	-0.100	-0.311	-0.091	-0.152	-0.246	-0.317	-0.312	-0.312	-0.312	-0.408	-0.307	-0.301	-0.304	-0.304	-0.304	-0.312	-0.204	-0.313	-0.313	-0.411	-0.304	-0.108	
rs2297382      -0.084	+0.068	+0.067	-0.423	-0.437	-0.437	-0.435	-0.351	-0.435	+0.090	+0.115	+0.157	+0.110	-0.086	-0.087	-0.073	-0.009	-0.407	-0.105	-0.125	-0.390	-0.162	-0.392	-0.122	-0.397	-0.191	-0.151	-0.384	-0.385	-0.386	-0.385	-0.273	-0.197	-0.193	-0.190	-0.199	-0.207	-0.208	-0.207	-0.207	-0.208	-0.208	-0.387	-0.387	-0.203	-0.203	-0.211	-0.388	-0.190	-0.277	-0.197	-0.161	-0.152	-0.348	-0.391	-0.392	-0.347	-0.435	-0.443	-0.443	-0.439	-0.376	-0.395	-0.057	-0.320	-0.320	-0.409	-0.409	-0.184	-0.050	-0.361	-0.204	-0.319	-0.040	-0.331	-0.204	-0.319	-0.067	-0.320	-0.320	-0.319	-0.048	-0.050	-0.320	-0.322	-0.058	-0.321	-0.321	-0.046	-0.065	-0.065	-0.415	-0.317	-0.209	-0.073	-0.075	-0.316	-0.316	-0.413	-0.076	-0.317	-0.316	-0.321	-0.205	-0.079	-0.413	-0.292	-0.264	-0.316	-0.321	-0.413	-0.321	-0.413	-0.321	-0.071	-0.072	-0.322	-0.319	-0.068	-0.077	-0.445	-0.403	-0.445	-0.066	-0.323	-0.196	-0.212	-0.274	-0.079	-0.414	-0.071	-0.414	-0.321	-0.079	-0.321	-0.076	-0.324	-0.414	-0.213	-0.225	-0.317	-0.327	-0.317	-0.312	-0.316	-0.315	-0.415	-0.415	-0.087	-0.416	-0.316	-0.091	-0.104	-0.315	-0.095	-0.156	-0.250	-0.321	-0.316	-0.316	-0.316	-0.412	-0.311	-0.305	-0.308	-0.308	-0.308	-0.316	-0.208	-0.316	-0.316	-0.415	-0.307	-0.112	
rs8037394      -0.089	+0.058	+0.057	-0.427	-0.441	-0.441	-0.439	-0.355	-0.440	+0.086	+0.112	+0.110	+0.152	-0.090	-0.090	-0.077	-0.013	-0.411	-0.109	-0.129	-0.395	-0.166	-0.397	-0.126	-0.401	-0.195	-0.155	-0.388	-0.389	-0.391	-0.389	-0.278	-0.201	-0.197	-0.194	-0.203	-0.211	-0.212	-0.211	-0.211	-0.212	-0.212	-0.391	-0.391	-0.207	-0.207	-0.215	-0.392	-0.194	-0.282	-0.201	-0.165	-0.156	-0.352	-0.395	-0.397	-0.351	-0.440	-0.448	-0.447	-0.443	-0.380	-0.400	-0.062	-0.325	-0.324	-0.413	-0.413	-0.188	-0.055	-0.366	-0.208	-0.323	-0.045	-0.336	-0.208	-0.323	-0.072	-0.324	-0.324	-0.323	-0.053	-0.055	-0.324	-0.326	-0.062	-0.326	-0.325	-0.050	-0.070	-0.070	-0.419	-0.321	-0.213	-0.078	-0.080	-0.321	-0.321	-0.418	-0.080	-0.321	-0.320	-0.325	-0.209	-0.083	-0.418	-0.296	-0.268	-0.320	-0.325	-0.418	-0.325	-0.418	-0.325	-0.076	-0.077	-0.326	-0.323	-0.073	-0.082	-0.449	-0.408	-0.449	-0.071	-0.327	-0.200	-0.215	-0.278	-0.083	-0.419	-0.075	-0.419	-0.326	-0.084	-0.325	-0.081	-0.328	-0.419	-0.217	-0.229	-0.321	-0.332	-0.321	-0.316	-0.321	-0.319	-0.419	-0.419	-0.092	-0.420	-0.321	-0.096	-0.109	-0.319	-0.100	-0.161	-0.255	-0.325	-0.321	-0.320	-0.320	-0.417	-0.315	-0.309	-0.312	-0.312	-0.312	-0.320	-0.212	-0.321	-0.321	-0.419	-0.312	-0.116	
rs1757461      -0.255	-0.205	-0.204	-0.554	-0.562	-0.562	-0.558	-0.483	-0.560	-0.098	-0.084	-0.086	-0.090	-0.028	-0.105	-0.092	-0.149	-0.535	-0.245	-0.259	-0.530	-0.339	-0.531	-0.259	-0.535	-0.366	-0.279	-0.525	-0.526	-0.527	-0.526	-0.451	-0.371	-0.369	-0.355	-0.373	-0.380	-0.382	-0.381	-0.381	-0.381	-0.382	-0.527	-0.527	-0.375	-0.377	-0.384	-0.528	-0.365	-0.453	-0.371	-0.365	-0.329	-0.480	-0.530	-0.531	-0.493	-0.571	-0.575	-0.575	-0.565	-0.518	-0.533	-0.207	-0.451	-0.450	-0.545	-0.545	-0.333	-0.201	-0.467	-0.353	-0.450	-0.191	-0.469	-0.353	-0.450	-0.217	-0.451	-0.451	-0.450	-0.198	-0.201	-0.451	-0.452	-0.208	-0.452	-0.452	-0.195	-0.215	-0.215	-0.550	-0.449	-0.358	-0.222	-0.224	-0.450	-0.450	-0.549	-0.224	-0.450	-0.450	-0.452	-0.354	-0.227	-0.549	-0.431	-0.410	-0.449	-0.452	-0.549	-0.452	-0.549	-0.452	-0.220	-0.221	-0.454	-0.451	-0.217	-0.226	-0.581	-0.539	-0.581	-0.215	-0.454	-0.334	-0.360	-0.417	-0.227	-0.549	-0.220	-0.549	-0.452	-0.228	-0.453	-0.225	-0.454	-0.549	-0.362	-0.373	-0.450	-0.454	-0.450	-0.447	-0.449	-0.449	-0.550	-0.550	-0.236	-0.550	-0.449	-0.240	-0.252	-0.448	-0.243	-0.302	-0.361	-0.452	-0.449	-0.449	-0.449	-0.548	-0.445	-0.441	-0.443	-0.443	-0.443	-0.449	-0.357	-0.449	-0.449	-0.550	-0.443	-0.259	
rs8023412      -0.255	-0.205	-0.204	-0.554	-0.562	-0.562	-0.559	-0.484	-0.560	-0.098	-0.084	-0.087	-0.090	-0.105	-0.028	-0.092	-0.149	-0.536	-0.246	-0.259	-0.530	-0.340	-0.532	-0.259	-0.535	-0.366	-0.279	-0.525	-0.526	-0.527	-0.526	-0.451	-0.372	-0.369	-0.355	-0.373	-0.380	-0.382	-0.381	-0.381	-0.382	-0.382	-0.528	-0.528	-0.376	-0.377	-0.384	-0.528	-0.365	-0.454	-0.371	-0.366	-0.330	-0.480	-0.530	-0.531	-0.494	-0.571	-0.575	-0.575	-0.565	-0.518	-0.534	-0.208	-0.451	-0.451	-0.546	-0.546	-0.334	-0.201	-0.467	-0.354	-0.450	-0.191	-0.469	-0.354	-0.450	-0.217	-0.451	-0.451	-0.450	-0.199	-0.201	-0.452	-0.453	-0.208	-0.452	-0.452	-0.196	-0.215	-0.215	-0.550	-0.450	-0.358	-0.222	-0.224	-0.450	-0.450	-0.549	-0.225	-0.450	-0.450	-0.452	-0.354	-0.228	-0.549	-0.432	-0.411	-0.449	-0.452	-0.549	-0.453	-0.549	-0.453	-0.220	-0.221	-0.454	-0.451	-0.218	-0.226	-0.581	-0.540	-0.581	-0.216	-0.454	-0.335	-0.361	-0.418	-0.228	-0.550	-0.220	-0.550	-0.452	-0.228	-0.454	-0.226	-0.454	-0.550	-0.362	-0.373	-0.450	-0.455	-0.450	-0.447	-0.450	-0.449	-0.550	-0.550	-0.236	-0.551	-0.450	-0.240	-0.252	-0.449	-0.244	-0.302	-0.361	-0.452	-0.450	-0.449	-0.449	-0.549	-0.446	-0.441	-0.444	-0.444	-0.444	-0.449	-0.357	-0.449	-0.449	-0.550	-0.444	-0.259	
rs2588322      -0.237	-0.189	-0.187	-0.534	-0.542	-0.542	-0.538	-0.463	-0.539	-0.085	-0.071	-0.073	-0.077	-0.092	-0.092	-0.006	-0.138	-0.515	-0.231	-0.244	-0.510	-0.325	-0.512	-0.243	-0.515	-0.350	-0.262	-0.505	-0.507	-0.507	-0.506	-0.434	-0.356	-0.354	-0.340	-0.358	-0.365	-0.367	-0.365	-0.365	-0.366	-0.366	-0.508	-0.508	-0.360	-0.362	-0.368	-0.509	-0.350	-0.436	-0.356	-0.349	-0.315	-0.460	-0.510	-0.511	-0.475	-0.551	-0.555	-0.555	-0.544	-0.498	-0.514	-0.186	-0.431	-0.430	-0.526	-0.526	-0.317	-0.179	-0.445	-0.337	-0.430	-0.169	-0.449	-0.337	-0.430	-0.196	-0.431	-0.431	-0.430	-0.177	-0.179	-0.431	-0.432	-0.186	-0.432	-0.432	-0.174	-0.193	-0.193	-0.530	-0.430	-0.342	-0.200	-0.202	-0.430	-0.430	-0.529	-0.203	-0.430	-0.430	-0.432	-0.337	-0.206	-0.529	-0.413	-0.394	-0.430	-0.432	-0.529	-0.432	-0.529	-0.432	-0.198	-0.199	-0.434	-0.431	-0.196	-0.204	-0.561	-0.520	-0.561	-0.194	-0.434	-0.314	-0.344	-0.399	-0.206	-0.530	-0.198	-0.530	-0.432	-0.206	-0.434	-0.204	-0.434	-0.530	-0.345	-0.356	-0.430	-0.434	-0.430	-0.427	-0.430	-0.429	-0.530	-0.530	-0.214	-0.531	-0.430	-0.218	-0.230	-0.429	-0.222	-0.281	-0.338	-0.432	-0.430	-0.429	-0.430	-0.528	-0.426	-0.422	-0.424	-0.424	-0.424	-0.429	-0.341	-0.429	-0.429	-0.530	-0.424	-0.237	
rs8040005      -0.172	-0.127	-0.126	-0.480	-0.491	-0.491	-0.489	-0.404	-0.490	-0.020	-0.006	-0.009	-0.013	-0.149	-0.149	-0.138	+0.061	-0.456	-0.118	-0.099	-0.452	-0.273	-0.453	-0.109	-0.457	-0.299	-0.097	-0.447	-0.448	-0.449	-0.448	-0.390	-0.304	-0.302	-0.285	-0.306	-0.312	-0.314	-0.313	-0.313	-0.314	-0.314	-0.450	-0.450	-0.307	-0.309	-0.316	-0.450	-0.297	-0.391	-0.303	-0.291	-0.262	-0.401	-0.452	-0.453	-0.416	-0.486	-0.482	-0.484	-0.462	-0.440	-0.455	-0.084	-0.348	-0.348	-0.467	-0.467	-0.260	-0.077	-0.328	-0.280	-0.349	-0.066	-0.390	-0.280	-0.350	-0.095	-0.349	-0.349	-0.350	-0.074	-0.077	-0.350	-0.367	-0.084	-0.350	-0.368	-0.071	-0.092	-0.092	-0.471	-0.352	-0.285	-0.100	-0.102	-0.353	-0.353	-0.471	-0.103	-0.353	-0.354	-0.368	-0.280	-0.106	-0.470	-0.350	-0.337	-0.354	-0.368	-0.471	-0.368	-0.471	-0.368	-0.098	-0.099	-0.371	-0.368	-0.095	-0.104	-0.498	-0.461	-0.498	-0.093	-0.369	-0.251	-0.287	-0.345	-0.106	-0.471	-0.098	-0.471	-0.367	-0.107	-0.356	-0.104	-0.351	-0.471	-0.288	-0.299	-0.353	-0.344	-0.353	-0.354	-0.353	-0.354	-0.471	-0.471	-0.115	-0.472	-0.353	-0.119	-0.133	-0.353	-0.124	-0.188	-0.256	-0.367	-0.352	-0.353	-0.352	-0.470	-0.352	-0.352	-0.353	-0.353	-0.353	-0.367	-0.284	-0.367	-0.367	-0.471	-0.353	-0.140	
rs113721358    -0.690	-0.595	-0.593	-1.013	-1.036	-1.036	-1.028	-0.956	-1.025	-0.424	-0.403	-0.407	-0.411	-0.535	-0.536	-0.515	-0.456	-0.620	-0.591	-0.622	-0.702	-0.603	-0.713	-0.618	-0.741	-0.644	-0.662	-0.701	-0.680	-0.689	-0.682	-0.816	-0.655	-0.652	-0.648	-0.658	-0.669	-0.674	-0.672	-0.672	-0.671	-0.674	-0.703	-0.702	-0.666	-0.669	-0.678	-0.706	-0.645	-0.823	-0.658	-0.703	-0.597	-0.921	-0.786	-0.794	-0.670	-1.010	-1.042	-1.040	-1.042	-0.862	-0.913	-0.814	-0.952	-0.950	-0.945	-0.945	-0.690	-0.808	-0.986	-0.718	-0.948	-0.800	-0.925	-0.718	-0.946	-0.822	-0.951	-0.951	-0.946	-0.807	-0.808	-0.950	-0.953	-0.814	-0.953	-0.945	-0.804	-0.820	-0.820	-0.963	-0.941	-0.725	-0.826	-0.828	-0.938	-0.938	-0.958	-0.828	-0.939	-0.936	-0.944	-0.719	-0.831	-0.958	-0.886	-0.799	-0.936	-0.944	-0.958	-0.945	-0.958	-0.945	-0.824	-0.825	-0.940	-0.937	-0.822	-0.830	-1.071	-0.952	-1.071	-0.821	-0.948	-0.897	-0.728	-0.853	-0.831	-0.961	-0.824	-0.961	-0.950	-0.831	-0.945	-0.829	-0.958	-0.961	-0.730	-0.746	-0.939	-0.975	-0.939	-0.928	-0.938	-0.935	-0.962	-0.962	-0.838	-0.965	-0.939	-0.841	-0.851	-0.936	-0.844	-0.892	-0.913	-0.947	-0.939	-0.938	-0.939	-0.956	-0.929	-0.914	-0.919	-0.918	-0.918	-0.928	-0.724	-0.928	-0.929	-0.962	-0.918	-0.857	
rs35679807     -0.292	-0.239	-0.237	-0.611	-0.626	-0.626	-0.626	-0.540	-0.625	-0.117	-0.102	-0.105	-0.109	-0.245	-0.246	-0.231	-0.118	-0.591	-0.090	-0.218	-0.583	-0.384	-0.585	-0.221	-0.589	-0.411	-0.235	-0.578	-0.579	-0.580	-0.579	-0.506	-0.416	-0.410	-0.395	-0.418	-0.425	-0.424	-0.422	-0.422	-0.427	-0.424	-0.581	-0.581	-0.421	-0.422	-0.429	-0.581	-0.410	-0.508	-0.416	-0.414	-0.374	-0.536	-0.583	-0.585	-0.545	-0.619	-0.617	-0.619	-0.600	-0.571	-0.587	-0.232	-0.484	-0.484	-0.599	-0.599	-0.376	-0.225	-0.474	-0.396	-0.485	-0.215	-0.524	-0.396	-0.485	-0.242	-0.485	-0.485	-0.485	-0.223	-0.225	-0.486	-0.500	-0.233	-0.486	-0.500	-0.220	-0.240	-0.240	-0.604	-0.486	-0.401	-0.248	-0.250	-0.487	-0.487	-0.603	-0.251	-0.487	-0.487	-0.500	-0.397	-0.253	-0.603	-0.476	-0.456	-0.487	-0.500	-0.603	-0.500	-0.603	-0.501	-0.246	-0.247	-0.502	-0.499	-0.243	-0.252	-0.634	-0.594	-0.633	-0.241	-0.502	-0.390	-0.403	-0.468	-0.254	-0.604	-0.246	-0.604	-0.500	-0.254	-0.490	-0.251	-0.488	-0.604	-0.405	-0.417	-0.487	-0.484	-0.487	-0.486	-0.487	-0.487	-0.604	-0.604	-0.262	-0.605	-0.487	-0.267	-0.279	-0.486	-0.271	-0.334	-0.401	-0.500	-0.486	-0.486	-0.486	-0.602	-0.484	-0.482	-0.484	-0.484	-0.484	-0.497	-0.400	-0.497	-0.497	-0.604	-0.484	-0.287	
rs1023194      -0.318	-0.263	-0.261	-0.641	-0.656	-0.656	-0.656	-0.571	-0.656	-0.137	-0.122	-0.125	-0.129	-0.259	-0.259	-0.244	-0.099	-0.622	-0.218	-0.123	-0.612	-0.403	-0.614	-0.211	-0.618	-0.431	-0.231	-0.607	-0.608	-0.609	-0.608	-0.531	-0.437	-0.434	-0.420	-0.439	-0.446	-0.448	-0.447	-0.447	-0.448	-0.448	-0.609	-0.609	-0.441	-0.442	-0.450	-0.610	-0.430	-0.534	-0.437	-0.436	-0.393	-0.567	-0.612	-0.614	-0.572	-0.650	-0.649	-0.651	-0.633	-0.599	-0.616	-0.268	-0.514	-0.514	-0.629	-0.629	-0.401	-0.261	-0.515	-0.421	-0.514	-0.251	-0.554	-0.421	-0.514	-0.278	-0.515	-0.515	-0.515	-0.259	-0.261	-0.515	-0.529	-0.268	-0.515	-0.529	-0.256	-0.276	-0.276	-0.634	-0.515	-0.426	-0.283	-0.286	-0.516	-0.516	-0.633	-0.286	-0.516	-0.516	-0.529	-0.422	-0.289	-0.633	-0.503	-0.482	-0.516	-0.529	-0.633	-0.529	-0.633	-0.529	-0.281	-0.282	-0.530	-0.528	-0.279	-0.288	-0.663	-0.623	-0.663	-0.277	-0.531	-0.421	-0.429	-0.494	-0.289	-0.634	-0.281	-0.634	-0.529	-0.290	-0.519	-0.287	-0.517	-0.634	-0.430	-0.442	-0.516	-0.514	-0.516	-0.515	-0.516	-0.516	-0.634	-0.634	-0.298	-0.635	-0.516	-0.302	-0.315	-0.515	-0.306	-0.369	-0.432	-0.529	-0.515	-0.515	-0.515	-0.632	-0.513	-0.510	-0.512	-0.512	-0.512	-0.525	-0.425	-0.525	-0.525	-0.634	-0.512	-0.322	
rs1023193      -0.657	-0.571	-0.569	-0.991	-1.004	-1.005	-0.985	-0.898	-0.984	-0.407	-0.386	-0.390	-0.395	-0.530	-0.530	-0.510	-0.452	-0.702	-0.583	-0.612	-0.574	-0.638	-0.707	-0.608	-0.719	-0.677	-0.650	-0.724	-0.718	-0.722	-0.721	-0.827	-0.686	-0.684	-0.678	-0.689	-0.699	-0.703	-0.701	-0.701	-0.702	-0.703	-0.732	-0.731	-0.696	-0.698	-0.706	-0.733	-0.678	-0.832	-0.689	-0.726	-0.633	-0.850	-0.787	-0.790	-0.747	-0.990	-1.006	-1.007	-0.990	-0.868	-0.892	-0.788	-0.924	-0.922	-0.918	-0.918	-0.698	-0.783	-0.896	-0.724	-0.920	-0.775	-0.883	-0.724	-0.919	-0.796	-0.923	-0.923	-0.919	-0.781	-0.783	-0.922	-0.926	-0.789	-0.925	-0.919	-0.779	-0.794	-0.794	-0.923	-0.914	-0.731	-0.800	-0.801	-0.912	-0.912	-0.924	-0.802	-0.913	-0.910	-0.919	-0.725	-0.804	-0.924	-0.864	-0.799	-0.910	-0.919	-0.924	-0.919	-0.924	-0.920	-0.798	-0.799	-0.916	-0.913	-0.796	-0.803	-0.995	-0.919	-0.996	-0.795	-0.922	-0.853	-0.734	-0.834	-0.804	-0.925	-0.798	-0.925	-0.924	-0.805	-0.918	-0.802	-0.929	-0.925	-0.736	-0.750	-0.912	-0.944	-0.912	-0.902	-0.911	-0.908	-0.925	-0.925	-0.811	-0.925	-0.912	-0.814	-0.824	-0.909	-0.817	-0.862	-0.880	-0.921	-0.913	-0.911	-0.912	-0.924	-0.903	-0.890	-0.894	-0.894	-0.894	-0.904	-0.730	-0.905	-0.905	-0.926	-0.893	-0.829	
rs2277537      -0.365	-0.309	-0.307	-0.706	-0.719	-0.719	-0.722	-0.587	-0.722	-0.175	-0.159	-0.162	-0.166	-0.339	-0.340	-0.325	-0.273	-0.603	-0.384	-0.403	-0.638	-0.212	-0.638	-0.401	-0.636	-0.362	-0.431	-0.640	-0.643	-0.643	-0.643	-0.447	-0.375	-0.392	-0.420	-0.375	-0.377	-0.402	-0.396	-0.396	-0.377	-0.396	-0.643	-0.643	-0.384	-0.416	-0.414	-0.642	-0.381	-0.448	-0.395	-0.455	-0.392	-0.570	-0.643	-0.643	-0.652	-0.721	-0.728	-0.727	-0.723	-0.660	-0.664	-0.531	-0.596	-0.596	-0.676	-0.676	-0.527	-0.528	-0.677	-0.541	-0.596	-0.523	-0.590	-0.541	-0.596	-0.536	-0.596	-0.596	-0.596	-0.527	-0.528	-0.597	-0.601	-0.531	-0.597	-0.601	-0.525	-0.535	-0.535	-0.672	-0.596	-0.545	-0.538	-0.539	-0.596	-0.596	-0.675	-0.540	-0.597	-0.597	-0.602	-0.542	-0.541	-0.675	-0.583	-0.577	-0.596	-0.602	-0.675	-0.602	-0.675	-0.602	-0.538	-0.538	-0.604	-0.600	-0.536	-0.540	-0.730	-0.666	-0.731	-0.535	-0.602	-0.502	-0.547	-0.571	-0.541	-0.674	-0.537	-0.674	-0.601	-0.541	-0.599	-0.540	-0.598	-0.674	-0.548	-0.555	-0.596	-0.594	-0.596	-0.595	-0.596	-0.596	-0.674	-0.674	-0.545	-0.672	-0.596	-0.547	-0.553	-0.596	-0.549	-0.571	-0.553	-0.601	-0.596	-0.596	-0.596	-0.675	-0.593	-0.590	-0.592	-0.592	-0.592	-0.599	-0.545	-0.599	-0.599	-0.674	-0.592	-0.556	
rs11639399     -0.659	-0.573	-0.571	-0.994	-1.007	-1.008	-0.989	-0.902	-0.988	-0.409	-0.388	-0.392	-0.397	-0.531	-0.532	-0.512	-0.453	-0.713	-0.585	-0.614	-0.707	-0.638	-0.577	-0.609	-0.720	-0.676	-0.651	-0.722	-0.716	-0.720	-0.718	-0.827	-0.686	-0.683	-0.678	-0.689	-0.699	-0.703	-0.701	-0.701	-0.701	-0.703	-0.731	-0.730	-0.696	-0.697	-0.706	-0.732	-0.677	-0.833	-0.689	-0.726	-0.633	-0.854	-0.788	-0.791	-0.744	-0.993	-1.009	-1.010	-0.993	-0.869	-0.894	-0.790	-0.926	-0.924	-0.920	-0.920	-0.699	-0.785	-0.900	-0.725	-0.922	-0.777	-0.886	-0.725	-0.921	-0.798	-0.925	-0.925	-0.921	-0.783	-0.785	-0.924	-0.928	-0.791	-0.927	-0.921	-0.782	-0.796	-0.796	-0.925	-0.916	-0.731	-0.802	-0.804	-0.914	-0.914	-0.926	-0.804	-0.915	-0.912	-0.921	-0.726	-0.806	-0.926	-0.867	-0.800	-0.912	-0.921	-0.926	-0.921	-0.926	-0.922	-0.800	-0.801	-0.918	-0.915	-0.798	-0.805	-0.999	-0.921	-1.000	-0.797	-0.925	-0.856	-0.734	-0.836	-0.806	-0.927	-0.800	-0.927	-0.926	-0.807	-0.920	-0.805	-0.931	-0.927	-0.736	-0.751	-0.914	-0.946	-0.914	-0.904	-0.914	-0.911	-0.927	-0.927	-0.813	-0.928	-0.914	-0.816	-0.826	-0.911	-0.819	-0.864	-0.883	-0.923	-0.915	-0.913	-0.914	-0.926	-0.905	-0.892	-0.896	-0.896	-0.896	-0.906	-0.730	-0.907	-0.907	-0.928	-0.895	-0.831	
rs16971872     -0.314	-0.259	-0.258	-0.636	-0.651	-0.651	-0.651	-0.566	-0.651	-0.134	-0.119	-0.122	-0.126	-0.259	-0.259	-0.243	-0.109	-0.618	-0.221	-0.211	-0.608	-0.401	-0.609	-0.118	-0.613	-0.428	-0.220	-0.602	-0.604	-0.605	-0.603	-0.528	-0.434	-0.432	-0.418	-0.436	-0.443	-0.445	-0.444	-0.444	-0.445	-0.445	-0.605	-0.605	-0.439	-0.440	-0.447	-0.606	-0.427	-0.531	-0.434	-0.433	-0.391	-0.562	-0.608	-0.609	-0.568	-0.645	-0.644	-0.646	-0.628	-0.595	-0.612	-0.262	-0.508	-0.509	-0.624	-0.624	-0.398	-0.255	-0.509	-0.419	-0.509	-0.245	-0.549	-0.419	-0.509	-0.272	-0.509	-0.509	-0.510	-0.253	-0.256	-0.510	-0.525	-0.263	-0.510	-0.524	-0.250	-0.270	-0.270	-0.630	-0.510	-0.424	-0.278	-0.280	-0.511	-0.511	-0.628	-0.281	-0.511	-0.511	-0.524	-0.419	-0.284	-0.628	-0.499	-0.479	-0.511	-0.524	-0.628	-0.525	-0.628	-0.525	-0.276	-0.277	-0.526	-0.523	-0.273	-0.282	-0.658	-0.619	-0.658	-0.271	-0.526	-0.416	-0.426	-0.490	-0.284	-0.629	-0.276	-0.629	-0.524	-0.284	-0.514	-0.281	-0.512	-0.629	-0.427	-0.439	-0.511	-0.509	-0.511	-0.510	-0.511	-0.511	-0.630	-0.630	-0.292	-0.630	-0.511	-0.297	-0.309	-0.510	-0.300	-0.363	-0.426	-0.524	-0.510	-0.510	-0.510	-0.628	-0.508	-0.506	-0.507	-0.507	-0.507	-0.521	-0.423	-0.521	-0.521	-0.630	-0.507	-0.316	
rs17676332     -0.666	-0.579	-0.576	-0.999	-1.014	-1.014	-0.996	-0.912	-0.995	-0.413	-0.393	-0.397	-0.401	-0.535	-0.535	-0.515	-0.457	-0.741	-0.589	-0.618	-0.719	-0.636	-0.720	-0.613	-0.584	-0.673	-0.656	-0.719	-0.699	-0.705	-0.703	-0.828	-0.684	-0.681	-0.676	-0.686	-0.697	-0.701	-0.699	-0.699	-0.699	-0.700	-0.721	-0.720	-0.693	-0.695	-0.704	-0.723	-0.675	-0.834	-0.687	-0.725	-0.629	-0.865	-0.788	-0.792	-0.734	-0.999	-1.016	-1.017	-1.002	-0.870	-0.898	-0.796	-0.932	-0.930	-0.925	-0.925	-0.700	-0.790	-0.913	-0.726	-0.928	-0.782	-0.893	-0.726	-0.927	-0.803	-0.931	-0.931	-0.927	-0.789	-0.790	-0.930	-0.934	-0.796	-0.933	-0.927	-0.787	-0.802	-0.802	-0.932	-0.922	-0.732	-0.807	-0.809	-0.920	-0.919	-0.932	-0.809	-0.920	-0.918	-0.926	-0.727	-0.812	-0.932	-0.872	-0.802	-0.917	-0.926	-0.932	-0.927	-0.932	-0.927	-0.806	-0.806	-0.923	-0.920	-0.804	-0.811	-1.009	-0.926	-1.010	-0.802	-0.930	-0.863	-0.736	-0.841	-0.812	-0.933	-0.805	-0.933	-0.931	-0.812	-0.926	-0.810	-0.937	-0.933	-0.738	-0.752	-0.920	-0.953	-0.920	-0.910	-0.919	-0.916	-0.933	-0.933	-0.818	-0.934	-0.920	-0.821	-0.831	-0.917	-0.825	-0.870	-0.889	-0.929	-0.920	-0.919	-0.920	-0.931	-0.910	-0.897	-0.901	-0.901	-0.901	-0.911	-0.731	-0.912	-0.912	-0.934	-0.901	-0.837	
rs4924552      -0.398	-0.340	-0.338	-0.741	-0.754	-0.754	-0.757	-0.626	-0.757	-0.204	-0.188	-0.191	-0.195	-0.366	-0.366	-0.350	-0.299	-0.644	-0.411	-0.431	-0.677	-0.362	-0.676	-0.428	-0.673	-0.249	-0.459	-0.676	-0.679	-0.679	-0.679	-0.481	-0.379	-0.401	-0.435	-0.380	-0.386	-0.418	-0.409	-0.410	-0.386	-0.410	-0.679	-0.679	-0.394	-0.431	-0.431	-0.679	-0.386	-0.482	-0.406	-0.477	-0.395	-0.609	-0.680	-0.679	-0.685	-0.756	-0.764	-0.763	-0.759	-0.695	-0.700	-0.564	-0.632	-0.631	-0.711	-0.711	-0.549	-0.560	-0.715	-0.564	-0.631	-0.555	-0.627	-0.564	-0.631	-0.568	-0.632	-0.632	-0.632	-0.559	-0.560	-0.632	-0.637	-0.564	-0.633	-0.636	-0.558	-0.567	-0.567	-0.708	-0.631	-0.569	-0.571	-0.572	-0.631	-0.631	-0.711	-0.572	-0.632	-0.632	-0.637	-0.566	-0.573	-0.711	-0.615	-0.604	-0.631	-0.637	-0.711	-0.637	-0.711	-0.637	-0.570	-0.570	-0.639	-0.635	-0.569	-0.573	-0.766	-0.702	-0.766	-0.568	-0.638	-0.536	-0.571	-0.603	-0.573	-0.710	-0.569	-0.710	-0.636	-0.574	-0.634	-0.572	-0.634	-0.710	-0.572	-0.580	-0.632	-0.631	-0.631	-0.629	-0.631	-0.631	-0.710	-0.710	-0.578	-0.709	-0.631	-0.580	-0.586	-0.631	-0.581	-0.604	-0.588	-0.637	-0.631	-0.631	-0.631	-0.711	-0.628	-0.624	-0.626	-0.626	-0.626	-0.633	-0.568	-0.634	-0.634	-0.710	-0.626	-0.589	
rs1200341      -0.352	-0.293	-0.292	-0.678	-0.694	-0.694	-0.695	-0.610	-0.694	-0.163	-0.147	-0.151	-0.155	-0.279	-0.279	-0.262	-0.097	-0.662	-0.235	-0.231	-0.650	-0.431	-0.651	-0.220	-0.656	-0.459	-0.166	-0.644	-0.645	-0.646	-0.645	-0.563	-0.466	-0.463	-0.449	-0.468	-0.475	-0.477	-0.476	-0.476	-0.477	-0.477	-0.647	-0.647	-0.470	-0.471	-0.479	-0.647	-0.459	-0.565	-0.466	-0.467	-0.421	-0.606	-0.650	-0.651	-0.608	-0.689	-0.689	-0.690	-0.674	-0.636	-0.654	-0.312	-0.554	-0.553	-0.667	-0.667	-0.431	-0.305	-0.561	-0.452	-0.554	-0.295	-0.593	-0.452	-0.554	-0.322	-0.554	-0.554	-0.554	-0.303	-0.305	-0.555	-0.568	-0.312	-0.555	-0.567	-0.300	-0.320	-0.320	-0.673	-0.554	-0.457	-0.327	-0.329	-0.555	-0.555	-0.671	-0.330	-0.555	-0.555	-0.567	-0.453	-0.333	-0.671	-0.539	-0.514	-0.554	-0.567	-0.671	-0.567	-0.671	-0.567	-0.325	-0.326	-0.568	-0.566	-0.323	-0.331	-0.702	-0.661	-0.702	-0.321	-0.569	-0.462	-0.460	-0.527	-0.333	-0.672	-0.325	-0.672	-0.568	-0.333	-0.558	-0.331	-0.557	-0.672	-0.461	-0.473	-0.555	-0.556	-0.555	-0.553	-0.554	-0.554	-0.672	-0.672	-0.342	-0.673	-0.554	-0.346	-0.358	-0.553	-0.350	-0.411	-0.476	-0.567	-0.554	-0.554	-0.554	-0.670	-0.551	-0.548	-0.550	-0.550	-0.550	-0.562	-0.456	-0.563	-0.563	-0.672	-0.549	-0.365	
rs12148316     -0.649	-0.564	-0.562	-0.986	-0.998	-0.999	-0.978	-0.891	-0.978	-0.400	-0.380	-0.384	-0.388	-0.525	-0.525	-0.505	-0.447	-0.701	-0.578	-0.607	-0.724	-0.640	-0.722	-0.602	-0.719	-0.676	-0.644	-0.565	-0.719	-0.721	-0.720	-0.824	-0.686	-0.683	-0.677	-0.689	-0.699	-0.702	-0.700	-0.700	-0.701	-0.702	-0.727	-0.727	-0.695	-0.696	-0.705	-0.728	-0.677	-0.829	-0.689	-0.725	-0.633	-0.841	-0.779	-0.782	-0.748	-0.983	-0.998	-0.999	-0.980	-0.864	-0.886	-0.782	-0.917	-0.915	-0.911	-0.911	-0.695	-0.777	-0.883	-0.721	-0.913	-0.769	-0.876	-0.721	-0.912	-0.790	-0.916	-0.916	-0.912	-0.775	-0.777	-0.915	-0.920	-0.782	-0.918	-0.913	-0.773	-0.788	-0.788	-0.915	-0.907	-0.727	-0.793	-0.795	-0.905	-0.905	-0.916	-0.795	-0.906	-0.903	-0.912	-0.722	-0.798	-0.916	-0.858	-0.795	-0.903	-0.912	-0.917	-0.913	-0.917	-0.913	-0.792	-0.793	-0.909	-0.906	-0.790	-0.797	-0.985	-0.911	-0.986	-0.788	-0.916	-0.845	-0.730	-0.828	-0.798	-0.917	-0.792	-0.917	-0.917	-0.798	-0.911	-0.796	-0.922	-0.917	-0.732	-0.747	-0.905	-0.937	-0.905	-0.895	-0.905	-0.902	-0.917	-0.917	-0.804	-0.917	-0.905	-0.807	-0.817	-0.902	-0.810	-0.855	-0.873	-0.914	-0.906	-0.904	-0.906	-0.916	-0.896	-0.883	-0.887	-0.887	-0.887	-0.898	-0.726	-0.898	-0.898	-0.918	-0.887	-0.823	
rs72739702     -0.650	-0.565	-0.563	-0.986	-0.998	-0.999	-0.978	-0.889	-0.977	-0.401	-0.381	-0.385	-0.389	-0.526	-0.526	-0.507	-0.448	-0.680	-0.579	-0.608	-0.718	-0.643	-0.716	-0.604	-0.699	-0.679	-0.645	-0.719	-0.565	-0.697	-0.696	-0.826	-0.689	-0.686	-0.680	-0.691	-0.701	-0.705	-0.703	-0.703	-0.703	-0.705	-0.704	-0.703	-0.698	-0.699	-0.708	-0.706	-0.680	-0.831	-0.691	-0.727	-0.636	-0.834	-0.768	-0.770	-0.743	-0.981	-0.995	-0.996	-0.975	-0.860	-0.881	-0.783	-0.917	-0.915	-0.907	-0.907	-0.697	-0.777	-0.875	-0.723	-0.913	-0.770	-0.872	-0.723	-0.912	-0.790	-0.916	-0.916	-0.912	-0.776	-0.777	-0.915	-0.920	-0.783	-0.918	-0.913	-0.774	-0.788	-0.789	-0.909	-0.908	-0.729	-0.794	-0.796	-0.905	-0.905	-0.911	-0.796	-0.906	-0.904	-0.912	-0.724	-0.798	-0.911	-0.859	-0.797	-0.903	-0.912	-0.911	-0.913	-0.911	-0.913	-0.792	-0.793	-0.909	-0.906	-0.790	-0.797	-0.980	-0.906	-0.982	-0.789	-0.916	-0.845	-0.732	-0.829	-0.798	-0.912	-0.792	-0.912	-0.917	-0.799	-0.912	-0.797	-0.922	-0.912	-0.734	-0.748	-0.906	-0.937	-0.905	-0.896	-0.905	-0.902	-0.912	-0.912	-0.805	-0.912	-0.906	-0.808	-0.818	-0.903	-0.811	-0.855	-0.873	-0.915	-0.906	-0.905	-0.906	-0.911	-0.896	-0.884	-0.888	-0.888	-0.888	-0.898	-0.728	-0.898	-0.899	-0.913	-0.887	-0.823	
rs72741804     -0.651	-0.566	-0.564	-0.987	-1.000	-1.000	-0.980	-0.891	-0.979	-0.403	-0.382	-0.386	-0.391	-0.527	-0.527	-0.507	-0.449	-0.689	-0.580	-0.609	-0.722	-0.643	-0.720	-0.605	-0.705	-0.679	-0.646	-0.721	-0.697	-0.567	-0.696	-0.826	-0.688	-0.685	-0.679	-0.691	-0.701	-0.704	-0.702	-0.702	-0.703	-0.704	-0.704	-0.704	-0.697	-0.699	-0.707	-0.707	-0.679	-0.832	-0.691	-0.727	-0.635	-0.837	-0.769	-0.772	-0.742	-0.982	-0.997	-0.998	-0.978	-0.861	-0.882	-0.784	-0.919	-0.917	-0.908	-0.908	-0.697	-0.779	-0.879	-0.723	-0.915	-0.771	-0.874	-0.723	-0.914	-0.791	-0.918	-0.918	-0.914	-0.777	-0.779	-0.917	-0.921	-0.784	-0.919	-0.914	-0.775	-0.790	-0.790	-0.911	-0.909	-0.730	-0.795	-0.797	-0.907	-0.907	-0.913	-0.797	-0.908	-0.905	-0.914	-0.724	-0.800	-0.913	-0.860	-0.798	-0.905	-0.914	-0.913	-0.914	-0.913	-0.915	-0.794	-0.795	-0.911	-0.908	-0.792	-0.799	-0.983	-0.908	-0.984	-0.790	-0.917	-0.847	-0.733	-0.830	-0.800	-0.914	-0.793	-0.914	-0.919	-0.800	-0.913	-0.798	-0.924	-0.914	-0.734	-0.749	-0.907	-0.939	-0.907	-0.897	-0.906	-0.904	-0.914	-0.914	-0.806	-0.914	-0.907	-0.809	-0.819	-0.904	-0.812	-0.857	-0.875	-0.916	-0.908	-0.906	-0.907	-0.913	-0.898	-0.885	-0.889	-0.889	-0.889	-0.899	-0.728	-0.900	-0.900	-0.915	-0.889	-0.824	
rs8024626      -0.650	-0.565	-0.563	-0.986	-0.998	-0.999	-0.978	-0.889	-0.977	-0.401	-0.381	-0.385	-0.389	-0.526	-0.526	-0.506	-0.448	-0.682	-0.579	-0.608	-0.721	-0.643	-0.718	-0.603	-0.703	-0.679	-0.645	-0.720	-0.696	-0.696	-0.565	-0.826	-0.688	-0.686	-0.680	-0.691	-0.701	-0.705	-0.703	-0.703	-0.703	-0.704	-0.701	-0.701	-0.698	-0.699	-0.708	-0.704	-0.680	-0.831	-0.691	-0.727	-0.635	-0.834	-0.767	-0.769	-0.742	-0.980	-0.994	-0.996	-0.975	-0.860	-0.880	-0.783	-0.917	-0.915	-0.906	-0.906	-0.697	-0.777	-0.875	-0.723	-0.913	-0.769	-0.872	-0.723	-0.912	-0.790	-0.916	-0.916	-0.912	-0.776	-0.777	-0.915	-0.920	-0.783	-0.918	-0.913	-0.774	-0.788	-0.788	-0.909	-0.907	-0.729	-0.794	-0.796	-0.905	-0.905	-0.911	-0.796	-0.906	-0.904	-0.912	-0.724	-0.798	-0.911	-0.859	-0.797	-0.903	-0.912	-0.911	-0.913	-0.911	-0.913	-0.792	-0.793	-0.909	-0.906	-0.790	-0.797	-0.980	-0.906	-0.981	-0.789	-0.916	-0.845	-0.732	-0.829	-0.798	-0.911	-0.792	-0.911	-0.917	-0.799	-0.912	-0.796	-0.922	-0.911	-0.734	-0.748	-0.906	-0.937	-0.905	-0.896	-0.905	-0.902	-0.911	-0.911	-0.805	-0.911	-0.906	-0.808	-0.817	-0.903	-0.811	-0.855	-0.873	-0.914	-0.906	-0.905	-0.906	-0.911	-0.896	-0.884	-0.888	-0.888	-0.888	-0.898	-0.728	-0.898	-0.899	-0.912	-0.887	-0.823	
rs2246444      -0.508	-0.438	-0.436	-0.872	-0.886	-0.887	-0.895	-0.783	-0.894	-0.288	-0.270	-0.273	-0.278	-0.451	-0.451	-0.434	-0.390	-0.816	-0.506	-0.531	-0.827	-0.447	-0.827	-0.528	-0.828	-0.481	-0.563	-0.824	-0.826	-0.826	-0.826	-0.393	-0.488	-0.468	-0.500	-0.491	-0.504	-0.501	-0.492	-0.493	-0.507	-0.495	-0.826	-0.826	-0.504	-0.525	-0.533	-0.826	-0.482	-0.546	-0.503	-0.579	-0.449	-0.770	-0.828	-0.829	-0.812	-0.891	-0.901	-0.899	-0.897	-0.831	-0.842	-0.678	-0.763	-0.762	-0.855	-0.855	-0.619	-0.675	-0.855	-0.640	-0.761	-0.669	-0.776	-0.640	-0.761	-0.684	-0.763	-0.763	-0.761	-0.673	-0.674	-0.763	-0.774	-0.679	-0.764	-0.771	-0.672	-0.683	-0.683	-0.856	-0.760	-0.645	-0.687	-0.688	-0.759	-0.759	-0.857	-0.688	-0.760	-0.759	-0.771	-0.641	-0.690	-0.857	-0.735	-0.698	-0.759	-0.771	-0.857	-0.771	-0.857	-0.771	-0.686	-0.686	-0.771	-0.768	-0.684	-0.689	-0.903	-0.847	-0.903	-0.683	-0.773	-0.675	-0.648	-0.718	-0.690	-0.857	-0.685	-0.857	-0.773	-0.690	-0.763	-0.689	-0.766	-0.857	-0.650	-0.661	-0.760	-0.767	-0.760	-0.755	-0.759	-0.758	-0.857	-0.857	-0.695	-0.857	-0.759	-0.697	-0.704	-0.758	-0.699	-0.728	-0.720	-0.772	-0.760	-0.759	-0.759	-0.856	-0.754	-0.748	-0.751	-0.751	-0.751	-0.763	-0.645	-0.764	-0.764	-0.857	-0.751	-0.708	
