## Summary of overall evidence for association with region:
## log10(BF for region) = 7.20452
## p-value for region = NA

## BFs for choosing among multi-SNP models:
## log10(average 1-SNP BF) = 7.21929
## log10(average 2-SNP BF) = 7.17337

## Example posterior probabilities for multi-SNP models, based on default prior: [p(l) propto 0.5^l for l=1,2,...,L]
## posterior probability of 1-SNP = 0.689737
## posterior probability of 2-SNP = 0.310263

## log10(BF) for single SNP and pair of SNPs:
rs75979004     -0.357	+4.666	+0.091	+6.809	+0.156	+0.152	+5.649	+1.084	+0.167	+6.795	+6.769	+5.725	+0.208	+0.082	+5.316	+6.366	+6.339	+6.343	+0.132	+0.023	-0.274	+0.121	+6.345	+0.004	-0.000	+1.050	-0.044	+1.083	-0.027	+0.104	+6.350	+6.355	+0.976	+0.040	+6.541	+6.540	+0.804	+2.266	-0.101	+7.023	-0.191	-0.189	-0.200	-0.194	-0.195	+7.811	-0.216	-0.217	-0.226	-0.200	-0.071	-0.047	-0.048	-0.053	-0.048	-0.035	-0.151	+7.623	+2.314	+7.946	-0.042	-0.037	+2.329	+7.918	-0.045	+7.876	+7.892	+7.703	-0.154	+7.677	+7.672	+7.675	+7.669	+7.660	+7.466	+7.461	-0.500	-0.500	-0.535	+1.703	-0.464	-0.609	-0.463	-0.558	+1.672	+3.658	-0.557	+1.671	-0.463	-0.557	+3.654	-0.463	-0.559	-0.048	+1.668	-0.463	-0.557	-0.557	-0.049	-0.462	+3.846	-0.050	+1.665	+1.664	-0.462	+1.655	+1.662	-0.462	-0.051	-0.462	+1.660	+3.662	+1.659	-0.056	-0.557	-0.560	-0.461	-0.055	-0.562	-0.574	-0.099	-0.566	-0.460	-0.058	-0.557	-0.050	-0.563	-0.557	-0.031	-0.555	-0.555	-0.553	-0.023	-0.463	-0.466	-0.007	+0.088	+0.096	+3.081	+0.069	+0.102	+0.082	+0.036	+0.030	+0.076	+0.005	+0.005	-0.804	-0.049	-0.049	+0.193	-0.530	+0.745	+0.919	+0.747	+0.909	+0.033	+0.028	+0.031	+0.214	+0.030	-0.503	+0.213	+0.212	+0.022	+0.022	-0.495	+0.681	-0.583	-0.494	-0.497	+0.192	+0.021	-0.584	+0.201	-0.122	-0.432	+0.118	-0.217	-0.787	-0.785	-0.785	-0.820	-0.357	+0.201	
rs984939       +4.666	+5.150	+4.343	+6.959	+4.365	+4.364	+5.892	+4.637	+4.370	+6.940	+6.913	+5.968	+4.387	+5.829	+5.632	+6.523	+6.499	+6.502	+4.374	+4.308	+4.577	+4.370	+6.504	+4.305	+4.304	+4.665	+4.299	+4.680	+4.301	+4.364	+6.510	+6.514	+4.631	+4.339	+6.680	+6.679	+4.508	+5.321	+5.573	+7.150	+4.275	+4.276	+4.274	+4.274	+4.274	+7.917	+4.270	+4.270	+4.268	+4.273	+4.305	+4.310	+4.310	+4.309	+4.310	+4.313	+4.283	+7.704	+5.355	+8.050	+4.311	+4.312	+5.365	+8.018	+4.310	+7.973	+7.986	+7.789	+4.282	+7.762	+7.757	+7.760	+7.755	+7.744	+7.543	+7.539	+4.947	+4.947	+4.466	+5.217	+4.930	+4.431	+4.930	+4.451	+5.200	+5.639	+4.451	+5.200	+4.930	+4.451	+5.638	+4.931	+4.449	+5.203	+5.199	+4.931	+4.452	+4.452	+5.202	+4.932	+5.821	+5.201	+5.198	+5.197	+4.933	+5.193	+5.197	+4.933	+5.199	+4.933	+5.196	+5.645	+5.195	+5.194	+4.452	+4.450	+4.934	+5.194	+4.449	+4.332	+5.133	+4.446	+4.935	+5.192	+4.452	+5.200	+4.339	+4.453	+5.224	+4.453	+4.453	+4.344	+5.234	+4.930	+4.926	+5.254	+5.377	+5.386	+6.081	+5.348	+5.393	+5.353	+5.299	+5.293	+5.366	+5.344	+5.344	+4.295	+4.766	+4.766	+5.560	+4.818	+5.734	+5.562	+5.734	+5.554	+5.306	+5.301	+5.305	+5.583	+5.304	+4.854	+5.582	+5.581	+5.298	+5.297	+4.883	+5.751	+4.771	+4.885	+4.880	+5.556	+5.111	+4.771	+5.568	+4.727	+4.355	+5.360	+4.651	+4.226	+4.226	+4.226	+4.227	+4.435	+5.569	
rs1813040      +0.091	+4.343	+0.364	+6.433	+0.325	+0.320	+5.294	+0.955	+0.338	+6.421	+6.396	+5.374	+0.375	+0.494	+4.986	+6.012	+5.986	+5.990	+0.267	+0.135	+0.109	+0.256	+5.992	+0.125	+0.122	+0.919	+0.099	+0.953	+0.108	+0.240	+5.999	+6.003	+0.845	+0.201	+6.180	+6.179	+0.786	+1.862	+0.371	+6.662	+0.180	+0.178	+0.183	+0.180	+0.180	+7.418	+0.172	+0.172	+0.177	+0.162	+0.128	+0.135	+0.135	+0.136	+0.135	+0.134	+0.113	+7.239	+1.899	+7.551	+0.130	+0.133	+1.912	+7.524	+0.131	+7.484	+7.500	+7.316	+0.116	+7.290	+7.285	+7.288	+7.283	+7.273	+7.084	+7.080	+0.127	+0.127	+0.018	+1.699	+0.152	-0.003	+0.152	+0.009	+1.674	+3.294	+0.009	+1.673	+0.152	+0.009	+3.291	+0.153	+0.008	+1.248	+1.671	+0.153	+0.009	+0.009	+1.246	+0.153	+3.461	+1.245	+1.669	+1.669	+0.153	+1.661	+1.667	+0.153	+1.242	+0.154	+1.666	+3.298	+1.665	+1.235	+0.009	+0.008	+0.154	+1.235	+0.007	+0.137	+1.167	+0.006	+0.155	+1.231	+0.009	+1.243	+0.150	+0.010	+1.271	+0.010	+0.010	+0.158	+1.284	+0.152	+0.151	+1.311	+1.467	+1.479	+2.971	+1.437	+1.488	+1.454	+1.383	+1.374	+1.444	+1.231	+1.231	-0.113	+0.280	+0.280	+1.506	+0.281	+1.297	+1.257	+1.298	+1.248	+0.525	+0.521	+0.523	+1.527	+0.523	+0.311	+1.517	+1.513	+0.517	+0.517	+0.292	+1.247	+0.219	+0.293	+0.289	+1.485	+0.542	+0.217	+1.494	+0.239	+0.070	+0.592	+0.178	-0.145	-0.144	-0.144	-0.163	+0.139	+1.494	
rs17374609     +6.809	+6.959	+6.433	+7.361	+6.450	+6.449	+7.065	+6.662	+6.454	+7.425	+7.412	+7.083	+6.467	+8.014	+7.026	+7.265	+7.258	+7.258	+6.453	+6.435	+6.701	+6.450	+7.256	+6.436	+6.436	+6.678	+6.444	+6.690	+6.439	+6.445	+7.252	+7.252	+6.649	+6.425	+7.306	+7.306	+6.517	+6.887	+7.758	+7.557	+6.384	+6.385	+6.384	+6.384	+6.384	+8.145	+6.382	+6.382	+6.381	+6.383	+6.402	+6.405	+6.405	+6.404	+6.405	+6.406	+6.389	+7.998	+6.908	+8.260	+6.405	+6.406	+6.915	+8.235	+6.405	+8.200	+8.213	+8.061	+6.388	+8.041	+8.037	+8.040	+8.036	+8.028	+7.899	+7.896	+7.105	+7.105	+6.596	+6.922	+7.065	+6.563	+7.065	+6.582	+6.911	+7.014	+6.582	+6.911	+7.066	+6.582	+7.013	+7.066	+6.580	+7.183	+6.910	+7.066	+6.583	+6.583	+7.182	+7.067	+7.148	+7.181	+6.910	+6.910	+7.068	+6.907	+6.909	+7.068	+7.180	+7.068	+6.909	+7.018	+6.908	+7.175	+6.583	+6.581	+7.069	+7.175	+6.580	+6.437	+7.118	+6.577	+7.070	+7.173	+6.583	+7.180	+6.442	+6.584	+7.202	+6.584	+6.584	+6.446	+7.211	+7.065	+7.061	+7.229	+7.331	+7.339	+7.558	+7.313	+7.346	+7.314	+7.266	+7.261	+7.322	+7.294	+7.294	+6.427	+6.879	+6.879	+7.503	+6.940	+7.660	+7.530	+7.660	+7.522	+7.341	+7.336	+7.340	+7.526	+7.339	+6.976	+7.528	+7.527	+7.334	+7.333	+7.009	+7.685	+6.901	+7.011	+7.006	+7.505	+7.195	+6.901	+7.516	+6.846	+6.448	+7.381	+6.772	+6.359	+6.359	+6.359	+6.362	+6.514	+7.517	
rs2926617      +0.156	+4.365	+0.325	+6.450	+0.430	+0.349	+5.313	+0.951	+0.358	+6.438	+6.414	+5.394	+0.378	+0.550	+5.008	+6.031	+6.006	+6.009	+0.304	+0.178	+0.165	+0.295	+6.011	+0.169	+0.166	+0.917	+0.144	+0.949	+0.153	+0.283	+6.018	+6.023	+0.846	+0.258	+6.198	+6.198	+0.819	+1.864	+0.429	+6.678	+0.294	+0.291	+0.300	+0.295	+0.295	+7.430	+0.285	+0.285	+0.292	+0.267	+0.191	+0.196	+0.195	+0.198	+0.195	+0.192	+0.188	+7.252	+1.901	+7.563	+0.187	+0.190	+1.914	+7.535	+0.189	+7.496	+7.512	+7.328	+0.192	+7.303	+7.298	+7.301	+7.296	+7.286	+7.099	+7.095	+0.189	+0.189	+0.079	+1.741	+0.213	+0.060	+0.213	+0.070	+1.716	+3.319	+0.070	+1.716	+0.214	+0.070	+3.316	+0.214	+0.069	+1.338	+1.714	+0.214	+0.070	+0.070	+1.337	+0.214	+3.484	+1.336	+1.711	+1.711	+0.215	+1.703	+1.710	+0.215	+1.333	+0.215	+1.708	+3.323	+1.707	+1.325	+0.070	+0.069	+0.215	+1.325	+0.068	+0.204	+1.256	+0.067	+0.216	+1.322	+0.070	+1.333	+0.217	+0.071	+1.362	+0.071	+0.071	+0.226	+1.375	+0.214	+0.212	+1.403	+1.561	+1.574	+3.005	+1.531	+1.582	+1.547	+1.476	+1.467	+1.538	+1.319	+1.319	-0.049	+0.333	+0.333	+1.597	+0.347	+1.354	+1.312	+1.355	+1.303	+0.582	+0.578	+0.580	+1.618	+0.580	+0.377	+1.608	+1.604	+0.574	+0.574	+0.357	+1.303	+0.284	+0.358	+0.354	+1.576	+0.603	+0.282	+1.584	+0.293	+0.130	+0.649	+0.234	-0.081	-0.081	-0.080	-0.099	+0.199	+1.584	
rs2926616      +0.152	+4.364	+0.320	+6.449	+0.349	+0.427	+5.312	+0.951	+0.356	+6.437	+6.412	+5.393	+0.377	+0.547	+5.006	+6.029	+6.005	+6.008	+0.301	+0.176	+0.162	+0.292	+6.010	+0.166	+0.164	+0.917	+0.142	+0.949	+0.150	+0.280	+6.017	+6.022	+0.846	+0.254	+6.197	+6.197	+0.817	+1.864	+0.426	+6.677	+0.287	+0.284	+0.293	+0.288	+0.288	+7.429	+0.278	+0.278	+0.285	+0.261	+0.188	+0.192	+0.192	+0.194	+0.191	+0.188	+0.183	+7.252	+1.901	+7.562	+0.184	+0.187	+1.914	+7.535	+0.186	+7.495	+7.511	+7.328	+0.187	+7.302	+7.297	+7.300	+7.295	+7.285	+7.098	+7.094	+0.185	+0.186	+0.076	+1.738	+0.210	+0.056	+0.210	+0.067	+1.714	+3.317	+0.067	+1.713	+0.210	+0.067	+3.314	+0.210	+0.066	+1.333	+1.711	+0.211	+0.067	+0.067	+1.332	+0.211	+3.483	+1.331	+1.709	+1.709	+0.211	+1.701	+1.707	+0.211	+1.328	+0.212	+1.706	+3.322	+1.705	+1.320	+0.067	+0.066	+0.212	+1.320	+0.065	+0.201	+1.251	+0.064	+0.212	+1.317	+0.067	+1.328	+0.214	+0.068	+1.357	+0.068	+0.068	+0.222	+1.370	+0.210	+0.209	+1.398	+1.556	+1.568	+3.003	+1.526	+1.577	+1.542	+1.471	+1.461	+1.533	+1.314	+1.314	-0.053	+0.331	+0.331	+1.592	+0.343	+1.351	+1.310	+1.352	+1.301	+0.579	+0.575	+0.577	+1.613	+0.577	+0.374	+1.603	+1.599	+0.571	+0.571	+0.353	+1.300	+0.281	+0.355	+0.351	+1.571	+0.600	+0.279	+1.579	+0.291	+0.127	+0.646	+0.231	-0.085	-0.084	-0.084	-0.102	+0.196	+1.579	
rs7830063      +5.649	+5.892	+5.294	+7.065	+5.313	+5.312	+6.164	+5.541	+5.317	+7.054	+7.033	+6.249	+5.332	+6.821	+6.067	+6.743	+6.726	+6.728	+5.324	+5.276	+5.554	+5.321	+6.732	+5.274	+5.273	+5.574	+5.270	+5.588	+5.271	+5.316	+6.741	+6.745	+5.544	+5.293	+6.873	+6.873	+5.394	+5.988	+6.563	+7.271	+5.242	+5.242	+5.241	+5.241	+5.241	+7.964	+5.238	+5.238	+5.237	+5.240	+5.266	+5.271	+5.270	+5.269	+5.270	+5.286	+5.257	+7.797	+6.080	+8.088	+5.285	+5.286	+6.089	+8.061	+5.284	+8.024	+8.038	+7.869	+5.247	+7.846	+7.841	+7.844	+7.839	+7.831	+7.672	+7.669	+5.936	+5.936	+5.450	+6.010	+5.910	+5.414	+5.910	+5.435	+5.995	+6.273	+5.435	+5.995	+5.911	+5.435	+6.272	+5.911	+5.433	+6.198	+5.994	+5.912	+5.435	+5.435	+6.197	+5.912	+6.441	+6.196	+5.993	+5.993	+5.913	+5.989	+5.992	+5.913	+6.194	+5.914	+5.991	+6.278	+5.991	+6.188	+5.436	+5.433	+5.915	+6.188	+5.432	+5.327	+6.125	+5.430	+5.915	+6.185	+5.436	+6.194	+5.334	+5.436	+6.218	+5.437	+5.437	+5.340	+6.228	+5.911	+5.906	+6.249	+6.381	+6.391	+6.778	+6.344	+6.398	+6.348	+6.294	+6.288	+6.370	+6.358	+6.358	+5.273	+5.745	+5.745	+6.577	+5.811	+6.677	+6.601	+6.678	+6.593	+6.249	+6.244	+6.248	+6.602	+6.247	+5.846	+6.601	+6.600	+6.241	+6.241	+5.878	+6.652	+5.764	+5.880	+5.875	+6.576	+6.151	+5.764	+6.588	+5.705	+5.333	+6.299	+5.656	+5.207	+5.207	+5.207	+5.206	+5.418	+6.590	
rs2980231      +1.084	+4.637	+0.955	+6.662	+0.951	+0.951	+5.541	+1.351	+0.950	+6.651	+6.629	+5.633	+0.949	+1.294	+5.263	+6.264	+6.242	+6.245	+0.944	+1.007	+1.000	+0.943	+6.247	+1.008	+1.008	+1.229	+1.020	+1.245	+1.015	+0.941	+6.255	+6.260	+1.196	+0.943	+6.426	+6.426	+1.888	+2.537	+1.200	+6.884	+0.989	+0.987	+0.992	+0.989	+0.989	+7.597	+1.005	+1.005	+1.010	+0.995	+0.935	+0.933	+0.933	+0.936	+0.933	+0.927	+0.947	+7.435	+2.585	+7.728	+0.925	+0.927	+2.596	+7.701	+0.928	+7.664	+7.680	+7.503	+0.952	+7.479	+7.475	+7.477	+7.472	+7.464	+7.291	+7.287	+1.029	+1.029	+0.943	+2.237	+1.046	+0.929	+1.046	+0.934	+2.216	+3.596	+0.935	+2.216	+1.046	+0.935	+3.593	+1.047	+0.933	+1.358	+2.214	+1.047	+0.935	+0.935	+1.358	+1.047	+3.736	+1.357	+2.212	+2.212	+1.047	+2.205	+2.211	+1.047	+1.356	+1.047	+2.210	+3.601	+2.209	+1.353	+0.935	+0.934	+1.048	+1.353	+0.933	+0.897	+1.319	+0.932	+1.048	+1.352	+0.935	+1.358	+0.904	+0.935	+1.372	+0.935	+0.935	+0.909	+1.379	+1.046	+1.045	+1.392	+1.472	+1.479	+3.416	+1.457	+1.485	+1.466	+1.429	+1.425	+1.465	+1.454	+1.454	+0.825	+1.166	+1.166	+1.605	+1.148	+2.052	+1.747	+2.054	+1.740	+1.337	+1.334	+1.336	+1.623	+1.335	+1.176	+1.623	+1.623	+1.331	+1.331	+1.146	+1.985	+1.083	+1.147	+1.144	+1.608	+1.141	+1.081	+1.614	+1.131	+0.889	+1.393	+1.078	+0.767	+0.767	+0.767	+0.767	+0.908	+1.615	
rs1117111      +0.167	+4.370	+0.338	+6.454	+0.358	+0.356	+5.317	+0.950	+0.442	+6.441	+6.417	+5.398	+0.383	+0.560	+5.012	+6.034	+6.009	+6.013	+0.313	+0.186	+0.175	+0.304	+6.015	+0.177	+0.174	+0.918	+0.153	+0.950	+0.161	+0.293	+6.021	+6.026	+0.847	+0.271	+6.202	+6.201	+0.825	+1.865	+0.439	+6.681	+0.319	+0.316	+0.326	+0.320	+0.320	+7.432	+0.309	+0.309	+0.317	+0.289	+0.204	+0.208	+0.207	+0.210	+0.207	+0.203	+0.203	+7.255	+1.902	+7.565	+0.199	+0.202	+1.915	+7.538	+0.201	+7.498	+7.514	+7.331	+0.207	+7.305	+7.300	+7.303	+7.298	+7.289	+7.101	+7.097	+0.200	+0.200	+0.090	+1.748	+0.224	+0.071	+0.224	+0.081	+1.724	+3.323	+0.081	+1.724	+0.224	+0.081	+3.320	+0.225	+0.080	+1.354	+1.721	+0.225	+0.081	+0.081	+1.353	+0.225	+3.488	+1.352	+1.719	+1.719	+0.225	+1.711	+1.718	+0.225	+1.349	+0.226	+1.716	+3.328	+1.715	+1.341	+0.081	+0.080	+0.226	+1.341	+0.079	+0.216	+1.272	+0.078	+0.227	+1.338	+0.081	+1.349	+0.229	+0.082	+1.378	+0.082	+0.082	+0.238	+1.391	+0.224	+0.223	+1.419	+1.577	+1.590	+3.011	+1.547	+1.599	+1.564	+1.493	+1.483	+1.555	+1.334	+1.334	-0.038	+0.343	+0.342	+1.613	+0.359	+1.365	+1.321	+1.367	+1.312	+0.592	+0.588	+0.590	+1.634	+0.590	+0.390	+1.624	+1.620	+0.584	+0.584	+0.369	+1.314	+0.297	+0.371	+0.367	+1.592	+0.613	+0.295	+1.600	+0.303	+0.140	+0.658	+0.243	-0.070	-0.069	-0.069	-0.088	+0.209	+1.600	
rs11787312     +6.795	+6.940	+6.421	+7.425	+6.438	+6.437	+7.054	+6.651	+6.441	+7.347	+7.408	+7.071	+6.454	+8.003	+7.015	+7.257	+7.250	+7.251	+6.440	+6.421	+6.688	+6.437	+7.245	+6.422	+6.422	+6.666	+6.430	+6.679	+6.426	+6.432	+7.243	+7.244	+6.637	+6.412	+7.298	+7.298	+6.504	+6.875	+7.746	+7.551	+6.370	+6.371	+6.370	+6.370	+6.370	+8.144	+6.368	+6.368	+6.368	+6.370	+6.389	+6.392	+6.392	+6.390	+6.391	+6.393	+6.375	+7.992	+6.892	+8.259	+6.392	+6.393	+6.900	+8.234	+6.391	+8.198	+8.211	+8.057	+6.374	+8.036	+8.032	+8.035	+8.031	+8.023	+7.892	+7.889	+7.092	+7.092	+6.583	+6.907	+7.051	+6.550	+7.052	+6.569	+6.895	+6.999	+6.569	+6.895	+7.052	+6.569	+6.998	+7.053	+6.567	+7.166	+6.895	+7.053	+6.569	+6.569	+7.165	+7.054	+7.133	+7.164	+6.894	+6.894	+7.054	+6.891	+6.894	+7.055	+7.163	+7.055	+6.893	+7.003	+6.893	+7.158	+6.570	+6.568	+7.056	+7.158	+6.567	+6.423	+7.101	+6.564	+7.057	+7.156	+6.570	+7.163	+6.428	+6.571	+7.185	+6.571	+6.571	+6.431	+7.194	+7.052	+7.047	+7.212	+7.314	+7.322	+7.544	+7.295	+7.328	+7.297	+7.249	+7.244	+7.304	+7.281	+7.281	+6.413	+6.867	+6.867	+7.491	+6.926	+7.651	+7.520	+7.652	+7.513	+7.327	+7.321	+7.325	+7.514	+7.325	+6.962	+7.516	+7.515	+7.320	+7.319	+6.995	+7.675	+6.887	+6.997	+6.993	+7.493	+7.180	+6.888	+7.504	+6.834	+6.434	+7.367	+6.760	+6.345	+6.345	+6.345	+6.349	+6.501	+7.506	
rs11994161     +6.769	+6.913	+6.396	+7.412	+6.414	+6.412	+7.033	+6.629	+6.417	+7.408	+7.321	+7.050	+6.430	+7.977	+6.991	+7.238	+7.231	+7.231	+6.416	+6.395	+6.664	+6.413	+7.226	+6.396	+6.397	+6.643	+6.405	+6.656	+6.400	+6.408	+7.224	+7.225	+6.614	+6.387	+7.282	+7.281	+6.479	+6.852	+7.720	+7.541	+6.345	+6.346	+6.345	+6.345	+6.345	+8.140	+6.343	+6.343	+6.343	+6.345	+6.364	+6.367	+6.367	+6.365	+6.367	+6.368	+6.350	+7.985	+6.869	+8.257	+6.367	+6.368	+6.877	+8.231	+6.366	+8.194	+8.207	+8.050	+6.349	+8.030	+8.026	+8.028	+8.024	+8.017	+7.882	+7.879	+7.066	+7.066	+6.558	+6.883	+7.026	+6.525	+7.026	+6.544	+6.871	+6.977	+6.544	+6.871	+7.027	+6.544	+6.976	+7.027	+6.542	+7.141	+6.871	+7.027	+6.545	+6.545	+7.140	+7.028	+7.111	+7.139	+6.870	+6.870	+7.029	+6.867	+6.870	+7.029	+7.138	+7.029	+6.869	+6.981	+6.869	+7.133	+6.545	+6.543	+7.030	+7.133	+6.542	+6.398	+7.076	+6.539	+7.031	+7.131	+6.545	+7.138	+6.403	+6.546	+7.160	+6.546	+6.546	+6.407	+7.169	+7.026	+7.022	+7.187	+7.289	+7.297	+7.521	+7.270	+7.303	+7.272	+7.224	+7.219	+7.279	+7.256	+7.256	+6.388	+6.843	+6.843	+7.466	+6.902	+7.628	+7.496	+7.628	+7.489	+7.301	+7.296	+7.300	+7.489	+7.299	+6.938	+7.491	+7.490	+7.294	+7.293	+6.971	+7.651	+6.863	+6.973	+6.968	+7.468	+7.155	+6.863	+7.479	+6.809	+6.409	+7.341	+6.735	+6.320	+6.320	+6.320	+6.323	+6.476	+7.481	
rs11995079     +5.725	+5.968	+5.374	+7.083	+5.394	+5.393	+6.249	+5.633	+5.398	+7.071	+7.050	+6.244	+5.412	+6.915	+6.136	+6.745	+6.728	+6.730	+5.405	+5.351	+5.629	+5.401	+6.733	+5.348	+5.348	+5.664	+5.343	+5.678	+5.345	+5.396	+6.741	+6.745	+5.633	+5.372	+6.875	+6.875	+5.456	+6.079	+6.659	+7.280	+5.316	+5.317	+5.315	+5.316	+5.316	+7.984	+5.313	+5.312	+5.311	+5.315	+5.342	+5.347	+5.347	+5.345	+5.347	+5.349	+5.323	+7.804	+6.111	+8.111	+5.347	+5.348	+6.120	+8.082	+5.347	+8.042	+8.056	+7.879	+5.322	+7.855	+7.850	+7.853	+7.848	+7.839	+7.672	+7.669	+6.015	+6.015	+5.522	+6.047	+5.987	+5.486	+5.987	+5.507	+6.031	+6.286	+5.507	+6.033	+5.988	+5.507	+6.285	+5.988	+5.505	+6.288	+6.032	+5.988	+5.508	+5.508	+6.287	+5.989	+6.451	+6.286	+6.031	+6.031	+5.990	+6.027	+6.030	+5.990	+6.284	+5.990	+6.029	+6.291	+6.029	+6.278	+5.508	+5.506	+5.991	+6.278	+5.505	+5.390	+6.214	+5.502	+5.992	+6.276	+5.508	+6.284	+5.396	+5.509	+6.309	+5.509	+5.509	+5.402	+6.319	+5.987	+5.983	+6.340	+6.474	+6.484	+6.801	+6.436	+6.491	+6.440	+6.385	+6.379	+6.463	+6.448	+6.448	+5.348	+5.821	+5.821	+6.669	+5.882	+6.729	+6.638	+6.729	+6.630	+6.315	+6.310	+6.314	+6.693	+6.313	+5.917	+6.693	+6.692	+6.307	+6.307	+5.947	+6.748	+5.834	+5.949	+5.944	+6.667	+6.206	+5.834	+6.679	+5.782	+5.411	+6.363	+5.706	+5.280	+5.280	+5.280	+5.279	+5.481	+6.681	
rs2014238      +0.208	+4.387	+0.375	+6.467	+0.378	+0.377	+5.332	+0.949	+0.383	+6.454	+6.430	+5.412	+0.484	+0.594	+5.027	+6.048	+6.023	+6.026	+0.351	+0.214	+0.209	+0.343	+6.028	+0.205	+0.202	+0.920	+0.182	+0.951	+0.190	+0.334	+6.035	+6.040	+0.851	+0.320	+6.215	+6.214	+0.847	+1.868	+0.473	+6.692	+0.417	+0.411	+0.428	+0.418	+0.418	+7.441	+0.401	+0.401	+0.412	+0.374	+0.251	+0.253	+0.252	+0.256	+0.252	+0.245	+0.258	+7.265	+1.905	+7.574	+0.241	+0.244	+1.918	+7.547	+0.244	+7.507	+7.523	+7.340	+0.263	+7.315	+7.310	+7.313	+7.308	+7.298	+7.112	+7.107	+0.237	+0.237	+0.128	+1.776	+0.261	+0.110	+0.261	+0.119	+1.752	+3.341	+0.119	+1.751	+0.262	+0.119	+3.337	+0.262	+0.118	+1.408	+1.749	+0.262	+0.119	+0.119	+1.407	+0.262	+3.503	+1.405	+1.747	+1.747	+0.263	+1.739	+1.745	+0.263	+1.402	+0.263	+1.743	+3.345	+1.742	+1.395	+0.119	+0.118	+0.263	+1.395	+0.117	+0.257	+1.325	+0.116	+0.264	+1.391	+0.119	+1.403	+0.270	+0.120	+1.432	+0.120	+0.120	+0.278	+1.445	+0.262	+0.260	+1.473	+1.633	+1.645	+3.030	+1.602	+1.654	+1.619	+1.547	+1.537	+1.610	+1.387	+1.387	+0.002	+0.375	+0.375	+1.667	+0.403	+1.402	+1.353	+1.404	+1.343	+0.625	+0.621	+0.624	+1.688	+0.623	+0.433	+1.678	+1.674	+0.618	+0.618	+0.412	+1.352	+0.340	+0.413	+0.409	+1.645	+0.648	+0.338	+1.654	+0.336	+0.175	+0.692	+0.277	-0.031	-0.031	-0.030	-0.049	+0.243	+1.654	
rs35133896     +0.082	+5.829	+0.494	+8.014	+0.550	+0.547	+6.821	+1.294	+0.560	+8.003	+7.977	+6.915	+0.594	+0.408	+6.495	+7.558	+7.528	+7.531	+0.529	+1.029	+0.327	+0.521	+7.528	+1.006	+1.001	+1.271	+0.945	+1.299	+0.967	+0.507	+7.531	+7.536	+1.206	+0.451	+7.725	+7.725	+1.875	+2.158	+0.289	+8.164	+0.255	+0.257	+0.248	+0.253	+0.253	+8.705	+0.234	+0.233	+0.226	+0.247	+0.356	+0.376	+0.376	+0.372	+0.375	+0.387	+0.289	+8.513	+2.194	+8.839	+0.381	+0.385	+2.207	+8.809	+0.379	+8.766	+8.781	+8.593	+0.287	+8.567	+8.562	+8.565	+8.559	+8.551	+8.364	+8.359	+0.212	+0.212	+0.100	+2.594	+0.146	+0.032	+0.146	+0.079	+2.562	+4.582	+0.079	+2.561	+0.145	+0.079	+4.578	+0.145	+0.077	+0.623	+2.558	+0.145	+0.079	+0.079	+0.622	+0.144	+4.497	+0.621	+2.555	+2.555	+0.143	+2.546	+2.553	+0.143	+0.620	+0.143	+2.551	+4.587	+2.549	+0.615	+0.080	+0.076	+0.141	+0.616	+0.074	+0.484	+0.571	+0.070	+0.140	+0.614	+0.079	+0.621	+0.505	+0.080	+0.641	+0.081	+0.081	+0.520	+0.649	+0.141	+0.142	+0.666	+0.765	+0.773	+3.129	+0.745	+0.779	+0.759	+0.711	+0.706	+0.753	+0.697	+0.697	-0.014	+0.551	+0.550	+0.892	+0.242	+1.008	+1.447	+1.010	+1.437	+0.299	+0.296	+0.298	+0.914	+0.297	+0.275	+0.913	+0.912	+0.293	+0.292	+0.288	+0.977	+0.186	+0.290	+0.286	+0.891	+0.564	+0.184	+0.901	+0.483	+0.083	+0.356	+0.392	-0.053	-0.051	-0.051	-0.095	+0.137	+0.901	
rs6472910      +5.316	+5.632	+4.986	+7.026	+5.008	+5.006	+6.067	+5.263	+5.012	+7.015	+6.991	+6.136	+5.027	+6.495	+5.826	+6.634	+6.612	+6.615	+5.018	+4.954	+5.235	+5.014	+6.618	+4.951	+4.950	+5.292	+4.945	+5.307	+4.947	+5.009	+6.623	+6.628	+5.260	+4.983	+6.781	+6.780	+5.077	+5.758	+6.239	+7.231	+4.925	+4.926	+4.923	+4.925	+4.925	+7.980	+4.920	+4.920	+4.918	+4.923	+4.957	+4.963	+4.963	+4.954	+4.962	+4.958	+4.929	+7.768	+5.790	+8.112	+4.963	+4.957	+5.799	+8.080	+4.955	+8.033	+8.046	+7.850	+4.928	+7.823	+7.818	+7.821	+7.816	+7.806	+7.612	+7.608	+5.597	+5.597	+5.121	+5.698	+5.574	+5.085	+5.574	+5.106	+5.682	+5.961	+5.107	+5.682	+5.574	+5.107	+5.960	+5.575	+5.104	+5.864	+5.681	+5.575	+5.107	+5.107	+5.863	+5.576	+6.130	+5.862	+5.680	+5.680	+5.577	+5.676	+5.679	+5.577	+5.860	+5.577	+5.679	+5.966	+5.678	+5.855	+5.107	+5.105	+5.578	+5.855	+5.104	+4.988	+5.792	+5.101	+5.579	+5.852	+5.108	+5.860	+4.995	+5.108	+5.885	+5.109	+5.109	+5.000	+5.895	+5.574	+5.570	+5.915	+6.047	+6.056	+6.473	+6.010	+6.064	+6.014	+5.960	+5.954	+6.036	+6.026	+6.026	+4.945	+5.423	+5.423	+6.244	+5.452	+6.323	+6.233	+6.323	+6.225	+5.916	+5.911	+5.915	+6.269	+5.914	+5.487	+6.268	+6.267	+5.908	+5.908	+5.515	+6.339	+5.405	+5.517	+5.512	+6.242	+5.779	+5.405	+6.255	+5.382	+5.018	+5.965	+5.306	+4.877	+4.877	+4.877	+4.877	+5.075	+6.256	
rs11786019     +6.366	+6.523	+6.012	+7.265	+6.031	+6.029	+6.743	+6.264	+6.034	+7.257	+7.238	+6.745	+6.048	+7.558	+6.634	+6.916	+6.972	+6.974	+6.026	+5.994	+6.277	+6.023	+6.971	+5.995	+5.996	+6.265	+6.002	+6.280	+5.998	+6.018	+6.973	+6.975	+6.235	+6.000	+7.072	+7.071	+6.078	+6.504	+7.305	+7.436	+5.952	+5.952	+5.951	+5.951	+5.951	+8.130	+5.949	+5.949	+5.948	+5.951	+5.974	+5.977	+5.977	+5.976	+5.977	+5.979	+5.957	+7.917	+6.521	+8.257	+5.978	+5.979	+6.529	+8.223	+5.977	+8.175	+8.186	+7.995	+5.957	+7.969	+7.964	+7.967	+7.962	+7.952	+7.776	+7.773	+6.656	+6.656	+6.164	+6.500	+6.618	+6.129	+6.619	+6.150	+6.488	+6.654	+6.150	+6.488	+6.619	+6.150	+6.653	+6.620	+6.148	+6.743	+6.487	+6.620	+6.150	+6.150	+6.742	+6.621	+6.796	+6.741	+6.487	+6.487	+6.621	+6.484	+6.486	+6.621	+6.740	+6.622	+6.486	+6.658	+6.485	+6.735	+6.150	+6.148	+6.623	+6.736	+6.147	+6.004	+6.679	+6.144	+6.623	+6.733	+6.151	+6.740	+6.009	+6.151	+6.762	+6.152	+6.152	+6.013	+6.771	+6.619	+6.614	+6.789	+6.891	+6.899	+7.150	+6.872	+6.905	+6.874	+6.826	+6.821	+6.881	+6.859	+6.859	+5.989	+6.456	+6.456	+7.068	+6.525	+7.264	+7.116	+7.264	+7.109	+6.898	+6.893	+6.897	+7.092	+6.896	+6.561	+7.093	+7.092	+6.891	+6.891	+6.593	+7.285	+6.483	+6.595	+6.591	+7.071	+6.765	+6.483	+7.081	+6.422	+6.009	+6.937	+6.346	+5.921	+5.921	+5.921	+5.924	+6.086	+7.083	
rs75276617     +6.339	+6.499	+5.986	+7.258	+6.006	+6.005	+6.726	+6.242	+6.009	+7.250	+7.231	+6.728	+6.023	+7.528	+6.612	+6.972	+6.888	+6.962	+6.001	+5.967	+6.251	+5.998	+6.959	+5.967	+5.968	+6.242	+5.974	+6.257	+5.970	+5.993	+6.960	+6.963	+6.212	+5.975	+7.062	+7.062	+6.050	+6.483	+7.277	+7.436	+5.925	+5.926	+5.924	+5.925	+5.925	+8.138	+5.922	+5.922	+5.921	+5.924	+5.948	+5.952	+5.952	+5.950	+5.951	+5.953	+5.931	+7.916	+6.500	+8.266	+5.952	+5.953	+6.508	+8.231	+5.951	+8.181	+8.191	+7.996	+5.930	+7.970	+7.965	+7.967	+7.963	+7.953	+7.771	+7.768	+6.629	+6.629	+6.138	+6.480	+6.591	+6.102	+6.592	+6.123	+6.468	+6.636	+6.124	+6.468	+6.592	+6.124	+6.635	+6.593	+6.121	+6.717	+6.467	+6.593	+6.124	+6.124	+6.717	+6.594	+6.779	+6.716	+6.467	+6.467	+6.594	+6.464	+6.466	+6.594	+6.714	+6.595	+6.466	+6.641	+6.465	+6.709	+6.124	+6.122	+6.596	+6.710	+6.121	+5.977	+6.653	+6.118	+6.596	+6.708	+6.124	+6.715	+5.982	+6.125	+6.737	+6.126	+6.126	+5.986	+6.746	+6.592	+6.587	+6.763	+6.866	+6.874	+7.126	+6.847	+6.880	+6.849	+6.801	+6.795	+6.856	+6.834	+6.834	+5.962	+6.431	+6.431	+7.042	+6.501	+7.242	+7.094	+7.242	+7.087	+6.872	+6.867	+6.870	+7.066	+6.870	+6.538	+7.067	+7.067	+6.865	+6.864	+6.570	+7.262	+6.459	+6.572	+6.567	+7.045	+6.742	+6.459	+7.056	+6.397	+5.982	+6.911	+6.321	+5.894	+5.894	+5.894	+5.897	+6.060	+7.057	
rs113135741    +6.343	+6.502	+5.990	+7.258	+6.009	+6.008	+6.728	+6.245	+6.013	+7.251	+7.231	+6.730	+6.026	+7.531	+6.615	+6.974	+6.962	+6.892	+6.004	+5.970	+6.254	+6.001	+6.961	+5.971	+5.971	+6.245	+5.977	+6.260	+5.974	+5.996	+6.963	+6.965	+6.215	+5.978	+7.064	+7.064	+6.054	+6.485	+7.281	+7.437	+5.929	+5.929	+5.928	+5.928	+5.928	+8.139	+5.926	+5.926	+5.925	+5.928	+5.952	+5.955	+5.955	+5.953	+5.955	+5.957	+5.935	+7.917	+6.503	+8.268	+5.956	+5.956	+6.511	+8.233	+5.955	+8.183	+8.192	+7.997	+5.934	+7.971	+7.966	+7.968	+7.963	+7.953	+7.772	+7.768	+6.633	+6.633	+6.142	+6.483	+6.595	+6.106	+6.595	+6.127	+6.471	+6.638	+6.127	+6.470	+6.596	+6.127	+6.637	+6.596	+6.125	+6.721	+6.470	+6.597	+6.127	+6.127	+6.720	+6.597	+6.781	+6.719	+6.469	+6.469	+6.598	+6.466	+6.469	+6.598	+6.718	+6.598	+6.468	+6.643	+6.468	+6.713	+6.128	+6.125	+6.600	+6.713	+6.124	+5.981	+6.656	+6.122	+6.600	+6.711	+6.128	+6.718	+5.986	+6.128	+6.740	+6.129	+6.129	+5.990	+6.749	+6.595	+6.591	+6.767	+6.869	+6.877	+7.129	+6.850	+6.883	+6.852	+6.804	+6.799	+6.859	+6.837	+6.837	+5.966	+6.435	+6.435	+7.045	+6.505	+7.245	+7.097	+7.245	+7.090	+6.875	+6.870	+6.874	+7.069	+6.873	+6.541	+7.070	+7.070	+6.868	+6.868	+6.574	+7.265	+6.462	+6.576	+6.571	+7.048	+6.745	+6.462	+7.059	+6.400	+5.986	+6.914	+6.325	+5.898	+5.898	+5.898	+5.900	+6.063	+7.060	
rs2926613      +0.132	+4.374	+0.267	+6.453	+0.304	+0.301	+5.324	+0.944	+0.313	+6.440	+6.416	+5.405	+0.351	+0.529	+5.018	+6.026	+6.001	+6.004	+0.406	+0.160	+0.144	+0.317	+6.006	+0.150	+0.148	+0.928	+0.126	+0.961	+0.134	+0.305	+6.013	+6.018	+0.854	+0.264	+6.199	+6.198	+0.806	+1.864	+0.404	+6.678	+0.321	+0.316	+0.329	+0.321	+0.321	+7.431	+0.302	+0.302	+0.312	+0.278	+0.182	+0.187	+0.186	+0.189	+0.186	+0.181	+0.177	+7.253	+1.901	+7.564	+0.176	+0.180	+1.914	+7.536	+0.178	+7.496	+7.512	+7.329	+0.183	+7.303	+7.298	+7.301	+7.296	+7.286	+7.099	+7.095	+0.164	+0.164	+0.056	+1.715	+0.188	+0.037	+0.188	+0.047	+1.691	+3.308	+0.047	+1.690	+0.189	+0.047	+3.305	+0.189	+0.046	+1.307	+1.688	+0.189	+0.047	+0.047	+1.306	+0.189	+3.473	+1.304	+1.686	+1.686	+0.190	+1.678	+1.684	+0.190	+1.301	+0.190	+1.683	+3.312	+1.682	+1.294	+0.047	+0.046	+0.190	+1.294	+0.045	+0.181	+1.225	+0.044	+0.191	+1.290	+0.047	+1.302	+0.194	+0.048	+1.330	+0.048	+0.048	+0.203	+1.344	+0.189	+0.187	+1.371	+1.529	+1.541	+2.983	+1.499	+1.550	+1.515	+1.444	+1.435	+1.506	+1.289	+1.289	-0.073	+0.312	+0.312	+1.566	+0.324	+1.329	+1.290	+1.330	+1.280	+0.555	+0.551	+0.554	+1.587	+0.553	+0.354	+1.577	+1.573	+0.547	+0.547	+0.333	+1.278	+0.262	+0.335	+0.331	+1.545	+0.579	+0.259	+1.554	+0.272	+0.107	+0.621	+0.212	-0.104	-0.103	-0.103	-0.122	+0.177	+1.553	
rs2926612      +0.023	+4.308	+0.135	+6.435	+0.178	+0.176	+5.276	+1.007	+0.186	+6.421	+6.395	+5.351	+0.214	+1.029	+4.954	+5.994	+5.967	+5.970	+0.160	+0.303	+0.126	+0.154	+5.973	+0.212	+0.208	+1.011	+0.189	+1.049	+0.197	+0.143	+5.977	+5.982	+0.922	+0.103	+6.167	+6.166	+0.970	+2.236	+0.801	+6.667	-0.027	-0.025	-0.031	-0.028	-0.028	+7.445	-0.038	-0.038	-0.042	-0.030	+0.043	+0.057	+0.056	+0.053	+0.056	+0.065	-0.000	+7.251	+2.285	+7.580	+0.062	+0.064	+2.297	+7.551	+0.059	+7.510	+7.525	+7.334	-0.003	+7.308	+7.303	+7.305	+7.300	+7.290	+7.090	+7.086	+0.304	+0.304	-0.010	+1.532	+0.335	-0.048	+0.335	-0.024	+1.507	+3.230	-0.024	+1.506	+0.336	-0.023	+3.227	+0.336	-0.025	+0.420	+1.504	+0.336	-0.023	-0.023	+0.419	+0.337	+3.411	+0.418	+1.502	+1.502	+0.338	+1.494	+1.500	+0.338	+0.417	+0.338	+1.499	+3.234	+1.498	+0.413	-0.023	-0.025	+0.339	+0.414	-0.026	-0.132	+0.377	-0.029	+0.339	+0.412	-0.023	+0.419	-0.126	-0.023	+0.434	-0.022	-0.022	-0.122	+0.441	+0.335	+0.332	+0.455	+0.537	+0.544	+3.512	+0.522	+0.549	+0.532	+0.493	+0.488	+0.528	+0.491	+0.491	-0.153	+0.329	+0.328	+0.653	+0.095	+1.431	+1.063	+1.433	+1.055	+0.893	+0.887	+0.891	+0.672	+0.889	+0.120	+0.671	+0.671	+0.881	+0.880	+0.102	+1.335	+0.034	+0.103	+0.100	+0.655	+0.348	+0.032	+0.661	+0.278	+0.017	+0.980	+0.208	-0.226	-0.226	-0.226	-0.225	+0.071	+0.662	
rs12678774     -0.274	+4.577	+0.109	+6.701	+0.165	+0.162	+5.554	+1.000	+0.175	+6.688	+6.664	+5.629	+0.209	+0.327	+5.235	+6.277	+6.251	+6.254	+0.144	+0.126	+0.001	+0.136	+6.256	+0.110	+0.106	+0.969	+0.068	+0.998	+0.083	+0.121	+6.262	+6.267	+0.903	+0.070	+6.444	+6.443	+0.875	+1.995	+0.168	+6.929	-0.119	-0.117	-0.126	-0.121	-0.121	+7.687	-0.138	-0.139	-0.146	-0.125	-0.019	+0.001	+0.000	-0.004	-0.000	+0.011	-0.083	+7.506	+2.033	+7.821	+0.005	+0.009	+2.046	+7.793	+0.003	+7.753	+7.768	+7.583	-0.085	+7.558	+7.553	+7.555	+7.550	+7.540	+7.349	+7.345	-0.193	-0.193	-0.262	+1.728	-0.159	-0.232	-0.159	-0.258	+1.701	+3.467	-0.259	+1.700	-0.159	-0.259	+3.464	-0.159	-0.259	+0.473	+1.698	-0.159	-0.259	-0.259	+0.472	-0.158	+3.638	+0.471	+1.695	+1.695	-0.158	+1.687	+1.693	-0.158	+0.469	-0.158	+1.692	+3.472	+1.690	+0.463	-0.259	-0.259	-0.157	+0.464	-0.258	-0.405	+0.414	-0.257	-0.156	+0.461	-0.260	+0.471	-0.399	-0.260	+0.491	-0.261	-0.261	-0.394	+0.501	-0.159	-0.161	+0.519	+0.631	+0.640	+3.070	+0.607	+0.646	+0.623	+0.568	+0.562	+0.615	+0.510	+0.510	-0.452	-0.024	-0.024	+0.729	-0.271	+0.750	+0.845	+0.752	+0.835	+0.288	+0.284	+0.286	+0.749	+0.286	-0.248	+0.746	+0.744	+0.279	+0.279	-0.246	+0.692	-0.323	-0.245	-0.248	+0.721	+0.070	-0.324	+0.731	-0.094	-0.263	+0.366	-0.163	-0.505	-0.504	-0.504	-0.523	-0.179	+0.730	
rs2926611      +0.121	+4.370	+0.256	+6.450	+0.295	+0.292	+5.321	+0.943	+0.304	+6.437	+6.413	+5.401	+0.343	+0.521	+5.014	+6.023	+5.998	+6.001	+0.317	+0.154	+0.136	+0.395	+6.003	+0.143	+0.141	+0.929	+0.118	+0.963	+0.127	+0.302	+6.009	+6.014	+0.854	+0.257	+6.196	+6.195	+0.800	+1.864	+0.395	+6.675	+0.307	+0.302	+0.314	+0.307	+0.307	+7.428	+0.288	+0.288	+0.297	+0.265	+0.173	+0.178	+0.178	+0.181	+0.177	+0.173	+0.167	+7.250	+1.901	+7.561	+0.168	+0.171	+1.914	+7.534	+0.170	+7.494	+7.510	+7.326	+0.172	+7.301	+7.296	+7.299	+7.294	+7.284	+7.096	+7.092	+0.154	+0.154	+0.047	+1.708	+0.178	+0.027	+0.179	+0.038	+1.684	+3.303	+0.038	+1.683	+0.179	+0.038	+3.300	+0.179	+0.036	+1.293	+1.681	+0.179	+0.038	+0.038	+1.292	+0.179	+3.469	+1.290	+1.679	+1.679	+0.180	+1.671	+1.677	+0.180	+1.288	+0.180	+1.675	+3.308	+1.674	+1.280	+0.038	+0.036	+0.181	+1.280	+0.036	+0.172	+1.211	+0.034	+0.181	+1.277	+0.038	+1.288	+0.184	+0.038	+1.316	+0.038	+0.038	+0.193	+1.330	+0.179	+0.177	+1.357	+1.514	+1.527	+2.977	+1.484	+1.535	+1.501	+1.430	+1.421	+1.492	+1.275	+1.275	-0.083	+0.304	+0.304	+1.552	+0.313	+1.320	+1.282	+1.321	+1.273	+0.546	+0.542	+0.544	+1.573	+0.543	+0.344	+1.563	+1.559	+0.538	+0.538	+0.323	+1.270	+0.252	+0.325	+0.321	+1.531	+0.570	+0.249	+1.540	+0.264	+0.097	+0.612	+0.204	-0.114	-0.113	-0.113	-0.132	+0.168	+1.539	
rs73689630     +6.345	+6.504	+5.992	+7.256	+6.011	+6.010	+6.732	+6.247	+6.015	+7.245	+7.226	+6.733	+6.028	+7.528	+6.618	+6.971	+6.959	+6.961	+6.006	+5.973	+6.256	+6.003	+6.894	+5.974	+5.974	+6.246	+5.980	+6.261	+5.976	+5.998	+6.966	+6.968	+6.215	+5.980	+7.067	+7.066	+6.056	+6.485	+7.286	+7.444	+5.931	+5.931	+5.930	+5.931	+5.930	+8.150	+5.928	+5.928	+5.927	+5.930	+5.953	+5.957	+5.957	+5.955	+5.957	+5.959	+5.937	+7.921	+6.505	+8.280	+5.958	+5.958	+6.512	+8.244	+5.957	+8.192	+8.202	+8.002	+5.936	+7.975	+7.970	+7.973	+7.968	+7.958	+7.772	+7.768	+6.638	+6.638	+6.144	+6.483	+6.600	+6.108	+6.601	+6.129	+6.471	+6.637	+6.129	+6.471	+6.601	+6.129	+6.636	+6.602	+6.127	+6.724	+6.471	+6.602	+6.129	+6.129	+6.724	+6.603	+6.779	+6.723	+6.470	+6.470	+6.603	+6.467	+6.470	+6.603	+6.721	+6.604	+6.469	+6.641	+6.468	+6.716	+6.130	+6.127	+6.605	+6.717	+6.126	+5.983	+6.660	+6.124	+6.606	+6.715	+6.130	+6.722	+5.988	+6.130	+6.744	+6.131	+6.131	+5.992	+6.753	+6.601	+6.596	+6.770	+6.872	+6.881	+7.130	+6.854	+6.887	+6.856	+6.808	+6.802	+6.863	+6.837	+6.836	+5.968	+6.436	+6.436	+7.044	+6.508	+7.244	+7.095	+7.244	+7.087	+6.880	+6.875	+6.879	+7.067	+6.878	+6.544	+7.068	+7.068	+6.873	+6.873	+6.576	+7.264	+6.465	+6.578	+6.573	+7.046	+6.748	+6.465	+7.057	+6.401	+5.987	+6.919	+6.326	+5.900	+5.900	+5.900	+5.903	+6.064	+7.058	
rs1824452      +0.004	+4.305	+0.125	+6.436	+0.169	+0.166	+5.274	+1.008	+0.177	+6.422	+6.396	+5.348	+0.205	+1.006	+4.951	+5.995	+5.967	+5.971	+0.150	+0.212	+0.110	+0.143	+5.974	+0.284	+0.201	+1.019	+0.177	+1.059	+0.188	+0.132	+5.978	+5.984	+0.929	+0.092	+6.168	+6.168	+0.956	+2.223	+0.782	+6.669	-0.040	-0.039	-0.045	-0.042	-0.042	+7.447	-0.052	-0.052	-0.056	-0.044	+0.031	+0.045	+0.044	+0.040	+0.044	+0.053	-0.014	+7.252	+2.273	+7.583	+0.050	+0.051	+2.285	+7.554	+0.047	+7.512	+7.527	+7.336	-0.016	+7.310	+7.304	+7.307	+7.302	+7.292	+7.091	+7.087	+0.284	+0.284	-0.027	+1.522	+0.315	-0.067	+0.316	-0.042	+1.497	+3.230	-0.041	+1.497	+0.316	-0.041	+3.226	+0.316	-0.043	+0.402	+1.495	+0.317	-0.041	-0.041	+0.401	+0.317	+3.410	+0.401	+1.493	+1.492	+0.318	+1.485	+1.491	+0.318	+0.400	+0.318	+1.489	+3.234	+1.488	+0.396	-0.041	-0.043	+0.319	+0.396	-0.044	-0.149	+0.359	-0.047	+0.320	+0.395	-0.041	+0.401	-0.143	-0.040	+0.417	-0.040	-0.040	-0.139	+0.424	+0.316	+0.312	+0.437	+0.520	+0.526	+3.497	+0.505	+0.532	+0.515	+0.475	+0.471	+0.510	+0.473	+0.473	-0.172	+0.312	+0.312	+0.635	+0.076	+1.413	+1.050	+1.414	+1.041	+0.873	+0.867	+0.871	+0.654	+0.869	+0.102	+0.653	+0.653	+0.861	+0.860	+0.084	+1.317	+0.016	+0.085	+0.082	+0.637	+0.333	+0.014	+0.643	+0.262	-0.000	+0.961	+0.191	-0.244	-0.244	-0.244	-0.243	+0.054	+0.644	
rs2926610      -0.000	+4.304	+0.122	+6.436	+0.166	+0.164	+5.273	+1.008	+0.174	+6.422	+6.397	+5.348	+0.202	+1.001	+4.950	+5.996	+5.968	+5.971	+0.148	+0.208	+0.106	+0.141	+5.974	+0.201	+0.279	+1.021	+0.174	+1.061	+0.185	+0.129	+5.979	+5.984	+0.930	+0.089	+6.168	+6.168	+0.953	+2.220	+0.777	+6.669	-0.044	-0.042	-0.048	-0.045	-0.045	+7.448	-0.055	-0.056	-0.060	-0.047	+0.028	+0.042	+0.041	+0.037	+0.041	+0.050	-0.017	+7.253	+2.270	+7.583	+0.047	+0.049	+2.282	+7.554	+0.044	+7.512	+7.528	+7.336	-0.020	+7.310	+7.305	+7.307	+7.303	+7.292	+7.091	+7.087	+0.280	+0.280	-0.032	+1.520	+0.311	-0.071	+0.311	-0.046	+1.495	+3.230	-0.046	+1.494	+0.311	-0.046	+3.226	+0.312	-0.048	+0.398	+1.492	+0.312	-0.046	-0.046	+0.397	+0.312	+3.409	+0.397	+1.490	+1.490	+0.313	+1.482	+1.488	+0.313	+0.395	+0.313	+1.487	+3.234	+1.486	+0.392	-0.045	-0.048	+0.314	+0.392	-0.049	-0.153	+0.355	-0.051	+0.315	+0.390	-0.045	+0.397	-0.148	-0.045	+0.413	-0.044	-0.044	-0.143	+0.419	+0.311	+0.307	+0.433	+0.515	+0.522	+3.493	+0.500	+0.527	+0.510	+0.471	+0.466	+0.506	+0.469	+0.469	-0.177	+0.308	+0.308	+0.631	+0.072	+1.408	+1.047	+1.410	+1.038	+0.868	+0.862	+0.866	+0.649	+0.864	+0.097	+0.649	+0.648	+0.856	+0.855	+0.079	+1.313	+0.012	+0.081	+0.077	+0.632	+0.329	+0.010	+0.639	+0.258	-0.005	+0.956	+0.187	-0.249	-0.249	-0.249	-0.248	+0.050	+0.640	
rs2980218      +1.050	+4.665	+0.919	+6.678	+0.917	+0.917	+5.574	+1.229	+0.918	+6.666	+6.643	+5.664	+0.920	+1.271	+5.292	+6.265	+6.242	+6.245	+0.928	+1.011	+0.969	+0.929	+6.246	+1.019	+1.021	+1.320	+1.040	+1.293	+1.033	+0.931	+6.253	+6.258	+1.244	+0.933	+6.435	+6.434	+1.875	+2.525	+1.170	+6.891	+0.991	+0.990	+0.995	+0.992	+0.992	+7.605	+0.992	+0.992	+0.997	+0.982	+0.915	+0.912	+0.867	+0.916	+0.912	+0.906	+0.928	+7.442	+2.574	+7.735	+0.904	+0.906	+2.585	+7.709	+0.907	+7.671	+7.687	+7.511	+0.933	+7.487	+7.482	+7.485	+7.480	+7.471	+7.299	+7.295	+0.999	+0.999	+0.912	+2.209	+1.016	+0.899	+1.016	+0.904	+2.187	+3.585	+0.904	+2.187	+1.016	+0.904	+3.582	+1.016	+0.903	+1.324	+2.185	+1.016	+0.904	+0.904	+1.323	+1.016	+3.725	+1.323	+2.184	+2.184	+1.017	+2.176	+2.182	+1.017	+1.322	+1.017	+2.181	+3.590	+2.180	+1.318	+0.904	+0.903	+1.017	+1.319	+0.902	+0.864	+1.284	+0.902	+1.017	+1.317	+0.904	+1.323	+0.871	+0.905	+1.337	+0.905	+0.905	+0.877	+1.344	+1.016	+1.015	+1.357	+1.437	+1.443	+3.390	+1.421	+1.449	+1.430	+1.394	+1.390	+1.429	+1.420	+1.420	+0.796	+1.132	+1.132	+1.569	+1.126	+2.014	+1.707	+2.016	+1.700	+1.306	+1.302	+1.305	+1.587	+1.304	+1.153	+1.587	+1.586	+1.300	+1.300	+1.122	+1.948	+1.059	+1.123	+1.120	+1.571	+1.113	+1.057	+1.578	+1.097	+0.854	+1.362	+1.044	+0.738	+0.738	+0.738	+0.738	+0.879	+1.578	
rs2980220      -0.044	+4.299	+0.099	+6.444	+0.144	+0.142	+5.270	+1.020	+0.153	+6.430	+6.405	+5.343	+0.182	+0.945	+4.945	+6.002	+5.974	+5.977	+0.126	+0.189	+0.068	+0.118	+5.980	+0.177	+0.174	+1.040	+0.233	+1.081	+0.151	+0.106	+5.985	+5.990	+0.946	+0.064	+6.176	+6.175	+0.922	+2.188	+0.724	+6.678	-0.075	-0.073	-0.079	-0.076	-0.076	+7.457	-0.087	-0.087	-0.092	-0.078	-0.000	+0.014	+0.014	+0.010	+0.013	+0.022	-0.048	+7.260	+2.236	+7.593	+0.019	+0.021	+2.249	+7.564	+0.016	+7.522	+7.537	+7.345	-0.050	+7.318	+7.313	+7.316	+7.311	+7.300	+7.098	+7.093	+0.230	+0.230	-0.073	+1.499	+0.262	-0.113	+0.262	-0.088	+1.474	+3.231	-0.087	+1.473	+0.262	-0.087	+3.227	+0.263	-0.089	+0.357	+1.471	+0.263	-0.087	-0.087	+0.357	+0.263	+3.409	+0.356	+1.469	+1.469	+0.264	+1.461	+1.467	+0.264	+0.355	+0.264	+1.465	+3.235	+1.464	+0.351	-0.087	-0.089	+0.265	+0.352	-0.090	-0.194	+0.314	-0.093	+0.266	+0.350	-0.087	+0.356	-0.188	-0.086	+0.372	-0.086	-0.086	-0.183	+0.379	+0.262	+0.258	+0.393	+0.475	+0.482	+3.447	+0.460	+0.487	+0.470	+0.431	+0.426	+0.466	+0.427	+0.427	-0.223	+0.268	+0.268	+0.590	+0.028	+1.360	+1.013	+1.362	+1.005	+0.816	+0.810	+0.814	+0.609	+0.813	+0.054	+0.608	+0.607	+0.804	+0.804	+0.036	+1.266	-0.032	+0.038	+0.034	+0.591	+0.291	-0.034	+0.598	+0.217	-0.046	+0.904	+0.146	-0.292	-0.292	-0.292	-0.292	+0.009	+0.599	
rs2980221      +1.083	+4.680	+0.953	+6.690	+0.949	+0.949	+5.588	+1.245	+0.950	+6.679	+6.656	+5.678	+0.951	+1.299	+5.307	+6.280	+6.257	+6.260	+0.961	+1.049	+0.998	+0.963	+6.261	+1.059	+1.061	+1.293	+1.081	+1.352	+1.073	+0.965	+6.268	+6.272	+1.277	+0.969	+6.447	+6.447	+1.901	+2.544	+1.199	+6.903	+1.034	+1.032	+1.037	+1.034	+1.035	+7.615	+1.034	+1.034	+1.040	+1.023	+0.951	+0.948	+0.948	+0.952	+0.948	+0.941	+0.966	+7.452	+2.594	+7.745	+0.939	+0.941	+2.605	+7.719	+0.942	+7.681	+7.697	+7.521	+0.972	+7.497	+7.492	+7.495	+7.490	+7.481	+7.310	+7.306	+1.030	+1.030	+0.942	+2.232	+1.046	+0.930	+1.046	+0.934	+2.211	+3.600	+0.934	+2.211	+1.046	+0.935	+3.598	+1.047	+0.933	+1.354	+2.209	+1.047	+0.935	+0.935	+1.353	+1.047	+3.739	+1.353	+2.208	+2.207	+1.047	+2.200	+2.206	+1.047	+1.352	+1.047	+2.205	+3.605	+2.204	+1.348	+0.935	+0.934	+1.048	+1.349	+0.933	+0.894	+1.315	+0.932	+1.048	+1.347	+0.935	+1.353	+0.902	+0.935	+1.367	+0.935	+0.935	+0.907	+1.374	+1.046	+1.045	+1.387	+1.467	+1.473	+3.410	+1.451	+1.479	+1.460	+1.424	+1.420	+1.459	+1.450	+1.450	+0.827	+1.160	+1.160	+1.599	+1.157	+2.043	+1.731	+2.045	+1.724	+1.335	+1.331	+1.334	+1.617	+1.333	+1.185	+1.617	+1.617	+1.329	+1.329	+1.153	+1.976	+1.091	+1.154	+1.151	+1.602	+1.140	+1.088	+1.608	+1.125	+0.883	+1.391	+1.072	+0.769	+0.769	+0.769	+0.769	+0.908	+1.609	
rs2926607      -0.027	+4.301	+0.108	+6.439	+0.153	+0.150	+5.271	+1.015	+0.161	+6.426	+6.400	+5.345	+0.190	+0.967	+4.947	+5.998	+5.970	+5.974	+0.134	+0.197	+0.083	+0.127	+5.976	+0.188	+0.185	+1.033	+0.151	+1.073	+0.251	+0.115	+5.981	+5.987	+0.940	+0.074	+6.172	+6.171	+0.934	+2.202	+0.746	+6.674	-0.062	-0.061	-0.067	-0.064	-0.064	+7.452	-0.074	-0.075	-0.079	-0.066	+0.011	+0.025	+0.024	+0.020	+0.024	+0.033	-0.035	+7.256	+2.250	+7.588	+0.030	+0.032	+2.262	+7.559	+0.027	+7.517	+7.532	+7.341	-0.038	+7.314	+7.309	+7.311	+7.307	+7.296	+7.094	+7.090	+0.250	+0.250	-0.057	+1.507	+0.281	-0.096	+0.282	-0.071	+1.482	+3.230	-0.071	+1.482	+0.282	-0.071	+3.226	+0.282	-0.073	+0.373	+1.479	+0.283	-0.071	-0.071	+0.372	+0.283	+3.408	+0.372	+1.477	+1.477	+0.284	+1.469	+1.475	+0.284	+0.371	+0.284	+1.474	+3.234	+1.473	+0.367	-0.070	-0.073	+0.285	+0.367	-0.074	-0.178	+0.330	-0.076	+0.286	+0.366	-0.070	+0.372	-0.172	-0.070	+0.388	-0.069	-0.069	-0.168	+0.395	+0.282	+0.278	+0.408	+0.491	+0.498	+3.467	+0.476	+0.503	+0.486	+0.446	+0.442	+0.481	+0.444	+0.444	-0.204	+0.286	+0.286	+0.606	+0.046	+1.381	+1.029	+1.382	+1.020	+0.838	+0.832	+0.835	+0.625	+0.834	+0.071	+0.625	+0.624	+0.825	+0.825	+0.054	+1.286	-0.014	+0.055	+0.052	+0.608	+0.307	-0.016	+0.615	+0.235	-0.028	+0.925	+0.164	-0.275	-0.275	-0.275	-0.275	+0.026	+0.615	
rs2980224      +0.104	+4.364	+0.240	+6.445	+0.283	+0.280	+5.316	+0.941	+0.293	+6.432	+6.408	+5.396	+0.334	+0.507	+5.009	+6.018	+5.993	+5.996	+0.305	+0.143	+0.121	+0.302	+5.998	+0.132	+0.129	+0.931	+0.106	+0.965	+0.115	+0.378	+6.004	+6.009	+0.855	+0.246	+6.190	+6.190	+0.791	+1.864	+0.379	+6.671	+0.289	+0.284	+0.297	+0.290	+0.290	+7.425	+0.270	+0.270	+0.279	+0.247	+0.159	+0.165	+0.165	+0.167	+0.165	+0.161	+0.151	+7.246	+1.901	+7.558	+0.156	+0.159	+1.914	+7.530	+0.157	+7.490	+7.506	+7.322	+0.156	+7.297	+7.292	+7.295	+7.290	+7.280	+7.092	+7.088	+0.138	+0.138	+0.031	+1.697	+0.162	+0.010	+0.162	+0.021	+1.672	+3.296	+0.021	+1.672	+0.162	+0.021	+3.293	+0.163	+0.020	+1.273	+1.670	+0.163	+0.022	+0.022	+1.272	+0.163	+3.463	+1.271	+1.668	+1.667	+0.163	+1.660	+1.666	+0.163	+1.268	+0.164	+1.664	+3.301	+1.663	+1.260	+0.022	+0.020	+0.164	+1.260	+0.019	+0.154	+1.192	+0.018	+0.164	+1.257	+0.022	+1.268	+0.167	+0.022	+1.296	+0.022	+0.022	+0.176	+1.310	+0.162	+0.161	+1.337	+1.493	+1.505	+2.966	+1.463	+1.514	+1.479	+1.409	+1.399	+1.470	+1.254	+1.254	-0.099	+0.289	+0.289	+1.531	+0.296	+1.302	+1.265	+1.304	+1.256	+0.529	+0.525	+0.528	+1.552	+0.527	+0.326	+1.542	+1.538	+0.522	+0.522	+0.306	+1.253	+0.234	+0.308	+0.304	+1.510	+0.553	+0.232	+1.518	+0.249	+0.081	+0.596	+0.188	-0.130	-0.129	-0.129	-0.148	+0.152	+1.517	
