## Summary of overall evidence for association with region:
## log10(BF for region) = 4.70874
## p-value for region = NA

## BFs for choosing among multi-SNP models:
## log10(average 1-SNP BF) = 3.17693
## log10(average 2-SNP BF) = 5.17727

## Example posterior probabilities for multi-SNP models, based on default prior: [p(l) propto 0.5^l for l=1,2,...,L]
## posterior probability of 1-SNP = 0.019593
## posterior probability of 2-SNP = 0.980407

## log10(BF) for single SNP and pair of SNPs:
rs4237733      -0.477	+0.102	-0.282	-0.533	-0.713	-0.684	-0.380	-0.399	-0.292	-0.748	+1.222	+0.287	-0.735	-0.889	-0.078	+1.645	-0.054	-0.761	-0.764	-0.067	-0.637	+0.425	+2.719	+2.841	+2.847	+2.835	+2.852	+2.857	+2.861	+2.882	+2.871	+2.876	+2.883	+2.960	+2.950	+2.916	+2.942	+2.934	+2.936	+2.952	+2.952	+3.608	+3.610	+3.645	+3.380	+3.376	+3.526	+3.654	+3.374	+3.536	+3.370	+3.057	+3.056	+3.055	+3.051	+3.054	+3.054	+3.054	+3.052	+3.051	+3.658	+3.605	-0.706	+3.256	-0.696	-0.722	-0.599	-0.703	+1.164	-0.724	-0.714	-0.709	-0.708	-0.709	-0.707	-0.706	-0.701	-0.697	-0.678	-0.700	-0.696	-0.695	+2.143	+1.886	+2.004	+2.168	-0.721	-0.725	+1.536	-0.725	+2.252	+1.542	+2.026	-0.726	+1.787	-0.721	-0.724	+1.797	-0.777	-0.726	+2.061	+2.063	-0.728	+2.086	-0.711	+0.557	-0.714	-0.757	-0.767	-0.759	+0.124	-0.755	-0.700	-0.699	-0.756	-0.749	-0.861	-0.948	-0.777	-0.786	-0.777	-0.949	-0.949	-0.951	-0.783	-0.800	-0.798	-0.785	-0.785	-0.825	-0.795	-0.795	-0.803	-0.953	-0.792	-0.784	-0.792	-0.786	-0.746	-0.746	-0.766	-0.982	-0.768	-0.768	-0.949	-0.766	-0.778	-0.768	-0.768	-0.768	-0.768	-0.795	-0.768	-0.773	-0.982	-0.951	-0.949	-0.949	-0.764	-0.949	-0.949	-0.872	-0.882	-0.865	-0.864	-0.948	-0.865	-0.915	-0.863	-0.948	-0.359	-0.981	-0.860	-0.949	-0.947	-0.838	-0.980	-0.947	-0.842	-0.983	-0.857	-0.855	-0.854	-0.980	-0.861	-0.946	-0.860	-0.946	-0.935	
rs4372421      +0.102	+0.552	+0.192	+0.133	+0.055	+0.151	+0.396	+0.380	+0.462	+0.063	+1.483	+0.916	+0.076	+0.023	+0.656	+2.055	+0.676	+0.416	+0.409	+0.667	+0.114	+1.145	+3.169	+3.277	+3.283	+3.273	+3.287	+3.292	+3.296	+3.315	+3.306	+3.310	+3.316	+3.385	+3.366	+3.347	+3.370	+3.364	+3.366	+3.379	+3.379	+4.047	+4.049	+4.081	+4.091	+4.086	+4.182	+4.090	+4.084	+3.986	+4.081	+3.690	+3.689	+3.688	+3.684	+3.687	+3.687	+3.687	+3.685	+3.685	+4.095	+4.047	+0.237	+3.972	+0.324	+0.126	+0.213	+0.122	+2.066	+0.283	+0.296	+0.302	+0.302	+0.301	+0.304	+0.304	+0.311	+0.316	+0.339	+0.313	+0.319	+0.319	+3.107	+2.822	+2.939	+3.117	+0.288	+0.284	+2.441	+0.284	+3.202	+2.447	+2.957	+0.283	+2.703	+0.289	+0.286	+2.713	+0.364	+0.283	+3.003	+3.004	+0.280	+3.028	+0.283	+1.539	+0.292	+0.235	+0.222	+0.232	+1.109	+0.232	+0.143	+0.144	+0.230	+0.235	+0.099	+0.017	+0.153	+0.146	+0.153	+0.016	+0.016	+0.015	+0.148	+0.132	+0.133	+0.145	+0.145	+0.110	+0.136	+0.137	+0.130	+0.014	+0.139	+0.146	+0.139	+0.145	+0.179	+0.179	+0.162	-0.003	+0.159	+0.159	+0.014	+0.163	+0.150	+0.160	+0.160	+0.160	+0.159	+0.137	+0.159	+0.156	-0.002	+0.014	+0.014	+0.014	+0.163	+0.014	+0.014	+0.148	+0.137	+0.157	+0.158	+0.015	+0.157	+0.055	+0.159	+0.015	+0.592	-0.001	+0.162	+0.015	+0.016	+0.180	+0.001	+0.015	+0.184	-0.006	+0.165	+0.167	+0.169	+0.001	+0.161	+0.016	+0.162	+0.016	+0.022	
rs11603403     -0.282	+0.192	-0.076	-0.299	-0.249	-0.430	-0.235	-0.250	-0.169	-0.461	+1.319	+0.321	-0.446	-0.550	-0.006	+1.630	+0.016	-0.415	-0.418	+0.004	-0.135	+0.447	+2.662	+2.783	+2.789	+2.777	+2.794	+2.798	+2.802	+2.823	+2.813	+2.817	+2.824	+2.900	+2.888	+2.857	+2.882	+2.875	+2.877	+2.892	+2.892	+3.557	+3.559	+3.594	+3.431	+3.426	+3.591	+3.603	+3.424	+3.486	+3.421	+3.141	+3.140	+3.138	+3.135	+3.138	+3.137	+3.137	+3.136	+3.135	+3.607	+3.554	-0.296	+3.312	-0.283	-0.362	-0.241	-0.327	+1.529	-0.311	-0.299	-0.293	-0.292	-0.293	-0.291	-0.290	-0.283	-0.278	-0.255	-0.282	-0.277	-0.276	+2.520	+2.262	+2.383	+2.543	-0.307	-0.311	+1.904	-0.312	+2.628	+1.910	+2.403	-0.313	+2.155	-0.306	-0.310	+2.164	-0.424	-0.313	+2.436	+2.437	-0.316	+2.461	-0.299	+0.780	-0.310	-0.364	-0.377	-0.367	+0.382	-0.369	-0.314	-0.314	-0.371	-0.368	-0.495	-0.571	-0.405	-0.413	-0.405	-0.572	-0.572	-0.574	-0.412	-0.428	-0.427	-0.414	-0.414	-0.453	-0.424	-0.423	-0.431	-0.576	-0.421	-0.413	-0.421	-0.415	-0.366	-0.366	-0.395	-0.604	-0.398	-0.398	-0.573	-0.395	-0.407	-0.397	-0.397	-0.397	-0.398	-0.423	-0.398	-0.402	-0.604	-0.574	-0.573	-0.573	-0.393	-0.572	-0.572	-0.498	-0.508	-0.491	-0.491	-0.572	-0.492	-0.535	-0.490	-0.572	-0.004	-0.603	-0.487	-0.573	-0.571	-0.453	-0.602	-0.571	-0.469	-0.604	-0.484	-0.482	-0.481	-0.602	-0.488	-0.570	-0.487	-0.570	-0.559	
rs10766504     -0.533	+0.133	-0.299	-0.223	-0.359	-0.531	-0.316	-0.332	-0.244	-0.575	+1.267	+0.272	-0.560	-0.677	-0.058	+1.614	-0.035	-0.547	-0.550	-0.048	-0.282	+0.415	+2.697	+2.821	+2.827	+2.814	+2.832	+2.836	+2.840	+2.862	+2.851	+2.855	+2.863	+2.941	+2.931	+2.897	+2.922	+2.914	+2.916	+2.932	+2.932	+3.602	+3.605	+3.640	+3.390	+3.386	+3.547	+3.649	+3.384	+3.529	+3.380	+3.092	+3.091	+3.089	+3.086	+3.089	+3.088	+3.088	+3.087	+3.086	+3.653	+3.599	-0.441	+3.270	-0.427	-0.503	-0.384	-0.471	+1.437	-0.454	-0.442	-0.435	-0.435	-0.436	-0.434	-0.433	-0.427	-0.422	-0.399	-0.425	-0.420	-0.419	+2.439	+2.178	+2.299	+2.461	-0.450	-0.454	+1.818	-0.454	+2.548	+1.824	+2.321	-0.455	+2.072	-0.449	-0.452	+2.081	-0.557	-0.455	+2.354	+2.356	-0.458	+2.380	-0.441	+0.686	-0.451	-0.504	-0.517	-0.507	+0.279	-0.508	-0.444	-0.443	-0.511	-0.507	-0.635	-0.710	-0.548	-0.556	-0.548	-0.711	-0.711	-0.712	-0.554	-0.571	-0.569	-0.556	-0.556	-0.595	-0.566	-0.566	-0.573	-0.715	-0.563	-0.556	-0.563	-0.557	-0.509	-0.509	-0.538	-0.741	-0.540	-0.540	-0.712	-0.538	-0.550	-0.540	-0.540	-0.540	-0.540	-0.565	-0.540	-0.544	-0.741	-0.713	-0.711	-0.711	-0.536	-0.711	-0.711	-0.629	-0.639	-0.621	-0.621	-0.711	-0.622	-0.672	-0.620	-0.710	-0.130	-0.741	-0.617	-0.711	-0.710	-0.592	-0.739	-0.710	-0.598	-0.742	-0.614	-0.612	-0.611	-0.739	-0.618	-0.709	-0.617	-0.709	-0.698	
rs11024792     -0.713	+0.055	-0.249	-0.359	-0.400	-0.634	-0.386	-0.404	-0.305	-0.705	+1.210	+0.246	-0.691	-0.828	-0.079	+1.637	-0.056	-0.702	-0.706	-0.069	-0.494	+0.421	+2.786	+2.914	+2.920	+2.907	+2.925	+2.930	+2.934	+2.957	+2.945	+2.949	+2.956	+3.038	+3.029	+2.991	+3.017	+3.009	+3.010	+3.027	+3.027	+3.701	+3.704	+3.740	+3.359	+3.354	+3.505	+3.749	+3.352	+3.625	+3.348	+3.037	+3.036	+3.035	+3.031	+3.034	+3.033	+3.033	+3.032	+3.031	+3.751	+3.696	-0.622	+3.235	-0.608	-0.670	-0.552	-0.651	+1.286	-0.633	-0.621	-0.616	-0.615	-0.616	-0.614	-0.613	-0.607	-0.603	-0.581	-0.606	-0.601	-0.600	+2.285	+2.024	+2.144	+2.308	-0.629	-0.633	+1.665	-0.633	+2.394	+1.671	+2.166	-0.634	+1.919	-0.628	-0.632	+1.928	-0.716	-0.634	+2.200	+2.202	-0.637	+2.225	-0.621	+0.581	-0.629	-0.678	-0.689	-0.680	+0.160	-0.679	-0.625	-0.625	-0.681	-0.676	-0.800	-0.880	-0.719	-0.728	-0.720	-0.880	-0.880	-0.882	-0.725	-0.741	-0.740	-0.727	-0.727	-0.765	-0.736	-0.736	-0.744	-0.884	-0.734	-0.726	-0.733	-0.727	-0.680	-0.680	-0.708	-0.909	-0.711	-0.711	-0.881	-0.708	-0.720	-0.710	-0.710	-0.710	-0.711	-0.736	-0.711	-0.715	-0.909	-0.883	-0.881	-0.881	-0.706	-0.881	-0.881	-0.791	-0.802	-0.784	-0.784	-0.880	-0.784	-0.844	-0.782	-0.880	-0.292	-0.908	-0.779	-0.881	-0.879	-0.763	-0.907	-0.879	-0.760	-0.911	-0.776	-0.774	-0.773	-0.907	-0.780	-0.878	-0.779	-0.878	-0.867	
rs7131023      -0.684	+0.151	-0.430	-0.531	-0.634	-0.293	-0.340	-0.357	-0.262	-0.644	+1.228	+0.271	-0.633	-0.747	-0.030	+1.646	-0.007	-0.603	-0.607	-0.020	-0.307	+0.460	+2.882	+3.011	+3.018	+3.004	+3.023	+3.027	+3.032	+3.055	+3.043	+3.047	+3.055	+3.139	+3.134	+3.090	+3.116	+3.107	+3.109	+3.127	+3.127	+3.804	+3.806	+3.844	+3.386	+3.381	+3.535	+3.853	+3.379	+3.726	+3.375	+3.082	+3.081	+3.079	+3.076	+3.079	+3.078	+3.078	+3.077	+3.076	+3.854	+3.796	-0.518	+3.264	-0.495	-0.596	-0.486	-0.570	+1.457	-0.521	-0.509	-0.503	-0.502	-0.503	-0.501	-0.500	-0.494	-0.489	-0.466	-0.492	-0.487	-0.486	+2.472	+2.206	+2.331	+2.496	-0.520	-0.524	+1.838	-0.524	+2.584	+1.844	+2.352	-0.525	+2.097	-0.519	-0.522	+2.106	-0.616	-0.525	+2.384	+2.386	-0.528	+2.410	-0.499	+0.622	-0.522	-0.572	-0.586	-0.575	+0.212	-0.576	-0.501	-0.500	-0.578	-0.575	-0.701	-0.773	-0.618	-0.627	-0.618	-0.774	-0.774	-0.776	-0.624	-0.641	-0.639	-0.626	-0.626	-0.664	-0.636	-0.636	-0.643	-0.778	-0.633	-0.626	-0.633	-0.627	-0.581	-0.581	-0.608	-0.808	-0.610	-0.610	-0.775	-0.608	-0.620	-0.610	-0.610	-0.610	-0.610	-0.636	-0.610	-0.614	-0.808	-0.777	-0.774	-0.774	-0.606	-0.774	-0.774	-0.705	-0.714	-0.698	-0.697	-0.774	-0.698	-0.744	-0.696	-0.773	-0.197	-0.808	-0.693	-0.774	-0.772	-0.660	-0.806	-0.772	-0.675	-0.809	-0.690	-0.689	-0.687	-0.806	-0.694	-0.771	-0.693	-0.771	-0.759	
rs7108520      -0.380	+0.396	-0.235	-0.316	-0.386	-0.340	+0.065	-0.040	+0.023	-0.368	+1.367	+0.351	-0.359	-0.365	+0.057	+1.648	+0.077	-0.291	-0.293	+0.066	+0.210	+0.615	+2.859	+2.994	+3.000	+2.985	+3.005	+3.010	+3.014	+3.038	+3.025	+3.029	+3.037	+3.124	+3.099	+3.073	+3.101	+3.090	+3.092	+3.110	+3.110	+3.804	+3.806	+3.844	+3.428	+3.423	+3.582	+3.853	+3.422	+3.720	+3.418	+3.136	+3.135	+3.133	+3.130	+3.133	+3.132	+3.132	+3.131	+3.130	+3.853	+3.793	-0.143	+3.309	-0.134	-0.267	-0.159	-0.236	+1.716	-0.153	-0.138	-0.131	-0.131	-0.132	-0.129	-0.129	-0.121	-0.116	-0.089	-0.119	-0.113	-0.112	+2.707	+2.450	+2.574	+2.726	-0.155	-0.160	+2.081	-0.160	+2.813	+2.086	+2.592	-0.162	+2.327	-0.155	-0.159	+2.336	-0.298	-0.162	+2.610	+2.611	-0.166	+2.634	-0.131	+0.749	-0.165	-0.221	-0.240	-0.226	+0.366	-0.231	-0.050	-0.049	-0.234	-0.233	-0.352	-0.429	-0.270	-0.278	-0.270	-0.429	-0.430	-0.430	-0.272	-0.289	-0.287	-0.274	-0.274	-0.313	-0.283	-0.283	-0.291	-0.432	-0.281	-0.273	-0.281	-0.274	-0.226	-0.226	-0.253	-0.469	-0.256	-0.256	-0.428	-0.253	-0.265	-0.255	-0.255	-0.255	-0.255	-0.283	-0.255	-0.260	-0.469	-0.430	-0.427	-0.427	-0.251	-0.427	-0.427	-0.397	-0.405	-0.391	-0.391	-0.426	-0.391	-0.398	-0.390	-0.426	+0.096	-0.469	-0.387	-0.427	-0.425	-0.318	-0.469	-0.425	-0.372	-0.467	-0.384	-0.383	-0.382	-0.469	-0.387	-0.424	-0.387	-0.424	-0.409	
rs7108873      -0.399	+0.380	-0.250	-0.332	-0.404	-0.357	-0.040	+0.045	+0.032	-0.385	+1.356	+0.347	-0.377	-0.386	+0.053	+1.644	+0.073	-0.309	-0.312	+0.062	+0.185	+0.622	+2.869	+3.004	+3.011	+2.996	+3.016	+3.020	+3.025	+3.049	+3.036	+3.040	+3.048	+3.135	+3.110	+3.084	+3.112	+3.101	+3.103	+3.121	+3.120	+3.816	+3.819	+3.856	+3.423	+3.418	+3.577	+3.866	+3.417	+3.732	+3.413	+3.129	+3.128	+3.127	+3.124	+3.127	+3.126	+3.126	+3.124	+3.124	+3.865	+3.805	-0.164	+3.304	-0.154	-0.286	-0.177	-0.254	+1.700	-0.174	-0.159	-0.152	-0.151	-0.153	-0.150	-0.149	-0.142	-0.136	-0.110	-0.140	-0.134	-0.133	+2.691	+2.434	+2.558	+2.710	-0.175	-0.180	+2.064	-0.180	+2.797	+2.070	+2.576	-0.182	+2.311	-0.175	-0.179	+2.321	-0.316	-0.182	+2.594	+2.595	-0.186	+2.618	-0.152	+0.738	-0.185	-0.241	-0.259	-0.245	+0.353	-0.251	-0.071	-0.070	-0.253	-0.253	-0.370	-0.448	-0.289	-0.297	-0.289	-0.448	-0.449	-0.449	-0.291	-0.308	-0.305	-0.293	-0.293	-0.332	-0.302	-0.302	-0.310	-0.451	-0.299	-0.292	-0.299	-0.293	-0.245	-0.245	-0.272	-0.488	-0.274	-0.274	-0.447	-0.271	-0.284	-0.274	-0.274	-0.274	-0.274	-0.301	-0.274	-0.278	-0.488	-0.449	-0.446	-0.446	-0.270	-0.446	-0.446	-0.415	-0.423	-0.409	-0.409	-0.445	-0.410	-0.418	-0.408	-0.445	+0.079	-0.488	-0.405	-0.446	-0.444	-0.338	-0.488	-0.444	-0.390	-0.486	-0.403	-0.401	-0.400	-0.488	-0.406	-0.443	-0.405	-0.443	-0.428	
rs10766505     -0.292	+0.462	-0.169	-0.244	-0.305	-0.262	+0.023	+0.032	+0.156	-0.286	+1.412	+0.372	-0.272	-0.257	+0.083	+1.665	+0.102	-0.207	-0.210	+0.092	+0.351	+0.594	+2.819	+2.952	+2.958	+2.944	+2.963	+2.968	+2.972	+2.995	+2.983	+2.987	+2.995	+3.080	+3.056	+3.030	+3.058	+3.048	+3.049	+3.067	+3.067	+3.759	+3.761	+3.798	+3.454	+3.449	+3.613	+3.808	+3.448	+3.676	+3.444	+3.172	+3.171	+3.170	+3.166	+3.169	+3.169	+3.169	+3.167	+3.167	+3.808	+3.749	-0.050	+3.337	-0.041	-0.185	-0.077	-0.152	+1.823	-0.060	-0.044	-0.037	-0.036	-0.038	-0.035	-0.035	-0.027	-0.021	+0.006	-0.025	-0.019	-0.017	+2.823	+2.564	+2.690	+2.841	-0.062	-0.067	+2.190	-0.067	+2.928	+2.195	+2.707	-0.069	+2.437	-0.062	-0.066	+2.446	-0.213	-0.069	+2.722	+2.723	-0.073	+2.746	-0.036	+0.798	-0.073	-0.132	-0.151	-0.136	+0.424	-0.143	+0.061	+0.061	-0.146	-0.146	-0.263	-0.340	-0.181	-0.189	-0.181	-0.341	-0.341	-0.341	-0.182	-0.199	-0.197	-0.184	-0.184	-0.224	-0.194	-0.194	-0.201	-0.344	-0.191	-0.184	-0.191	-0.185	-0.136	-0.136	-0.163	-0.381	-0.166	-0.166	-0.339	-0.163	-0.175	-0.165	-0.165	-0.165	-0.165	-0.193	-0.166	-0.170	-0.382	-0.341	-0.339	-0.339	-0.161	-0.338	-0.338	-0.315	-0.322	-0.309	-0.309	-0.338	-0.310	-0.311	-0.308	-0.337	+0.176	-0.382	-0.305	-0.339	-0.336	-0.230	-0.382	-0.336	-0.291	-0.379	-0.303	-0.302	-0.301	-0.382	-0.306	-0.335	-0.305	-0.335	-0.320	
rs4508188      -0.748	+0.063	-0.461	-0.575	-0.705	-0.644	-0.368	-0.385	-0.286	-0.343	+1.366	+0.256	-0.574	-0.669	-0.073	+1.619	-0.050	-0.320	-0.330	-0.063	-0.574	+0.400	+2.751	+2.879	+2.885	+2.872	+2.890	+2.895	+2.899	+2.922	+2.910	+2.914	+2.922	+3.003	+2.981	+2.956	+2.984	+2.974	+2.976	+2.993	+2.992	+3.677	+3.679	+3.716	+3.677	+3.672	+3.705	+3.726	+3.670	+3.601	+3.666	+3.437	+3.436	+3.434	+3.430	+3.433	+3.433	+3.432	+3.431	+3.430	+3.729	+3.673	-0.610	+3.551	-0.533	-0.715	-0.645	-0.714	+1.901	-0.554	-0.541	-0.534	-0.533	-0.535	-0.532	-0.532	-0.524	-0.519	-0.494	-0.522	-0.517	-0.516	+3.055	+2.756	+2.902	+3.070	-0.554	-0.558	+2.313	-0.558	+3.169	+2.320	+2.921	-0.560	+2.591	-0.553	-0.557	+2.603	-0.395	-0.560	+2.928	+2.929	-0.563	+2.957	-0.529	+0.618	-0.560	-0.613	-0.628	-0.617	+0.201	-0.620	-0.647	-0.646	-0.623	-0.621	-0.767	-0.828	-0.698	-0.705	-0.698	-0.829	-0.829	-0.830	-0.700	-0.715	-0.714	-0.702	-0.702	-0.737	-0.711	-0.711	-0.718	-0.832	-0.709	-0.702	-0.709	-0.703	-0.658	-0.658	-0.684	-0.848	-0.687	-0.687	-0.829	-0.684	-0.695	-0.686	-0.686	-0.686	-0.686	-0.710	-0.687	-0.690	-0.848	-0.830	-0.829	-0.829	-0.682	-0.829	-0.829	-0.718	-0.730	-0.710	-0.710	-0.828	-0.711	-0.794	-0.709	-0.828	-0.213	-0.846	-0.705	-0.829	-0.827	-0.659	-0.844	-0.827	-0.685	-0.853	-0.702	-0.700	-0.699	-0.843	-0.706	-0.826	-0.706	-0.826	-0.816	
rs7117716      +1.222	+1.483	+1.319	+1.267	+1.210	+1.228	+1.367	+1.356	+1.412	+1.366	+1.783	+1.765	+1.244	+1.222	+1.409	+2.076	+1.423	+1.921	+1.909	+1.418	+1.213	+1.874	+3.578	+3.679	+3.684	+3.675	+3.688	+3.692	+3.696	+3.713	+3.705	+3.709	+3.714	+3.776	+3.777	+3.744	+3.765	+3.760	+3.761	+3.774	+3.774	+4.379	+4.381	+4.410	+4.047	+4.044	+4.064	+4.419	+4.042	+4.323	+4.039	+3.947	+3.946	+3.945	+3.942	+3.945	+3.945	+3.944	+3.943	+3.943	+4.426	+4.382	+1.428	+3.949	+1.622	+1.243	+1.240	+1.221	+2.709	+1.620	+1.640	+1.651	+1.652	+1.648	+1.653	+1.654	+1.666	+1.676	+1.718	+1.672	+1.683	+1.685	+3.654	+3.390	+3.494	+3.659	+1.616	+1.609	+3.027	+1.608	+3.735	+3.032	+3.516	+1.605	+3.260	+1.617	+1.611	+3.269	+1.814	+1.605	+3.546	+3.546	+1.598	+3.569	+1.585	+2.697	+1.612	+1.492	+1.465	+1.484	+2.271	+1.459	+1.258	+1.257	+1.452	+1.436	+1.182	+1.219	+1.199	+1.196	+1.199	+1.218	+1.218	+1.218	+1.196	+1.191	+1.191	+1.195	+1.195	+1.185	+1.192	+1.192	+1.190	+1.219	+1.193	+1.195	+1.193	+1.195	+1.229	+1.229	+1.202	+1.303	+1.201	+1.201	+1.212	+1.203	+1.197	+1.201	+1.201	+1.201	+1.201	+1.193	+1.201	+1.199	+1.306	+1.214	+1.211	+1.211	+1.203	+1.211	+1.211	+1.592	+1.567	+1.607	+1.607	+1.211	+1.606	+1.221	+1.609	+1.210	+1.878	+1.311	+1.613	+1.212	+1.209	+1.397	+1.319	+1.209	+1.646	+1.275	+1.618	+1.620	+1.623	+1.320	+1.610	+1.209	+1.610	+1.209	+1.199	
rs10832986     +0.287	+0.916	+0.321	+0.272	+0.246	+0.271	+0.351	+0.347	+0.372	+0.256	+1.765	+0.770	+0.238	+0.257	+0.456	+1.970	+0.469	+0.356	+0.354	+0.463	+1.067	+0.793	+2.824	+2.931	+2.937	+2.926	+2.941	+2.945	+2.949	+2.968	+2.959	+2.963	+2.969	+3.036	+3.025	+3.000	+3.023	+3.018	+3.019	+3.033	+3.032	+3.697	+3.699	+3.731	+4.136	+4.132	+4.341	+3.740	+4.130	+3.639	+4.127	+3.894	+3.893	+3.892	+3.888	+3.891	+3.891	+3.891	+3.889	+3.889	+3.747	+3.700	+0.518	+4.019	+0.530	+0.608	+0.781	+0.667	+2.221	+0.516	+0.531	+0.539	+0.540	+0.537	+0.541	+0.541	+0.549	+0.556	+0.584	+0.551	+0.558	+0.559	+3.204	+2.951	+3.079	+3.226	+0.520	+0.515	+2.588	+0.515	+3.308	+2.594	+3.091	+0.513	+2.832	+0.521	+0.517	+2.841	+0.351	+0.513	+3.111	+3.112	+0.509	+3.136	+0.545	+1.220	+0.505	+0.439	+0.419	+0.434	+0.881	+0.427	+0.765	+0.765	+0.424	+0.424	+0.361	+0.258	+0.471	+0.461	+0.471	+0.257	+0.257	+0.257	+0.470	+0.449	+0.450	+0.467	+0.467	+0.418	+0.455	+0.455	+0.444	+0.253	+0.458	+0.468	+0.458	+0.466	+0.522	+0.522	+0.490	+0.193	+0.487	+0.487	+0.260	+0.491	+0.475	+0.488	+0.488	+0.488	+0.487	+0.453	+0.487	+0.481	+0.192	+0.257	+0.261	+0.261	+0.493	+0.261	+0.261	+0.216	+0.210	+0.220	+0.220	+0.262	+0.219	+0.291	+0.221	+0.263	+0.769	+0.191	+0.222	+0.261	+0.265	+0.337	+0.189	+0.265	+0.233	+0.202	+0.224	+0.225	+0.226	+0.189	+0.222	+0.267	+0.222	+0.267	+0.288	
rs12577551     -0.735	+0.076	-0.446	-0.560	-0.691	-0.633	-0.359	-0.377	-0.272	-0.574	+1.244	+0.238	-0.331	-0.580	-0.092	+1.656	-0.069	-0.331	-0.340	-0.082	-0.594	+0.432	+2.691	+2.815	+2.821	+2.809	+2.826	+2.831	+2.835	+2.857	+2.846	+2.850	+2.857	+2.937	+2.916	+2.892	+2.918	+2.910	+2.911	+2.928	+2.927	+3.611	+3.613	+3.649	+3.574	+3.569	+3.625	+3.658	+3.568	+3.538	+3.564	+3.331	+3.330	+3.328	+3.325	+3.328	+3.327	+3.327	+3.325	+3.325	+3.662	+3.607	-0.599	+3.453	-0.512	-0.707	-0.637	-0.704	+1.750	-0.532	-0.518	-0.512	-0.511	-0.513	-0.510	-0.509	-0.502	-0.496	-0.470	-0.499	-0.493	-0.492	+2.858	+2.573	+2.710	+2.874	-0.532	-0.536	+2.151	-0.537	+2.968	+2.157	+2.731	-0.538	+2.417	-0.531	-0.535	+2.428	-0.397	-0.539	+2.735	+2.737	-0.542	+2.763	-0.506	+0.572	-0.542	-0.597	-0.613	-0.600	+0.155	-0.606	-0.623	-0.622	-0.608	-0.608	-0.759	-0.817	-0.692	-0.699	-0.692	-0.817	-0.817	-0.818	-0.694	-0.709	-0.708	-0.696	-0.696	-0.729	-0.705	-0.704	-0.711	-0.820	-0.702	-0.696	-0.702	-0.697	-0.651	-0.651	-0.679	-0.836	-0.681	-0.681	-0.817	-0.679	-0.689	-0.680	-0.680	-0.680	-0.681	-0.704	-0.681	-0.685	-0.835	-0.819	-0.817	-0.817	-0.677	-0.817	-0.817	-0.709	-0.720	-0.701	-0.700	-0.817	-0.701	-0.780	-0.699	-0.816	-0.224	-0.834	-0.696	-0.817	-0.816	-0.643	-0.832	-0.816	-0.676	-0.841	-0.693	-0.691	-0.690	-0.831	-0.697	-0.815	-0.696	-0.815	-0.805	
rs7103490      -0.889	+0.023	-0.550	-0.677	-0.828	-0.747	-0.365	-0.386	-0.257	-0.669	+1.222	+0.257	-0.580	-0.522	-0.083	+1.622	-0.059	-0.628	-0.635	-0.072	-0.755	+0.492	+2.789	+2.917	+2.923	+2.910	+2.928	+2.933	+2.937	+2.959	+2.948	+2.952	+2.960	+3.041	+3.017	+2.995	+3.022	+3.012	+3.014	+3.031	+3.030	+3.715	+3.717	+3.754	+3.381	+3.376	+3.490	+3.763	+3.374	+3.640	+3.370	+3.102	+3.101	+3.099	+3.096	+3.099	+3.098	+3.098	+3.096	+3.096	+3.766	+3.710	-0.781	+3.258	-0.761	-0.844	-0.751	-0.838	+1.337	-0.776	-0.767	-0.763	-0.762	-0.763	-0.761	-0.761	-0.756	-0.752	-0.735	-0.755	-0.751	-0.750	+2.368	+2.111	+2.237	+2.397	-0.776	-0.778	+1.722	-0.779	+2.488	+1.728	+2.259	-0.780	+1.977	-0.775	-0.778	+1.988	-0.675	-0.780	+2.273	+2.275	-0.782	+2.299	-0.758	+0.508	-0.764	-0.802	-0.812	-0.804	+0.069	-0.797	-0.778	-0.778	-0.798	-0.789	-0.922	-0.995	-0.847	-0.855	-0.847	-0.996	-0.996	-0.997	-0.850	-0.866	-0.864	-0.852	-0.852	-0.889	-0.861	-0.861	-0.868	-0.999	-0.858	-0.851	-0.858	-0.852	-0.805	-0.805	-0.833	-1.023	-0.835	-0.835	-0.995	-0.833	-0.844	-0.835	-0.835	-0.835	-0.835	-0.861	-0.835	-0.839	-1.022	-0.997	-0.995	-0.995	-0.831	-0.995	-0.995	-0.899	-0.910	-0.891	-0.891	-0.995	-0.892	-0.965	-0.890	-0.994	-0.382	-1.022	-0.887	-0.995	-0.993	-0.851	-1.019	-0.993	-0.867	-1.026	-0.883	-0.882	-0.881	-1.019	-0.887	-0.992	-0.887	-0.992	-0.981	
rs7932575      -0.078	+0.656	-0.006	-0.058	-0.079	-0.030	+0.057	+0.053	+0.083	-0.073	+1.409	+0.456	-0.092	-0.083	+0.382	+1.678	+0.307	+0.000	-0.002	+0.304	+0.962	+0.587	+3.199	+3.365	+3.371	+3.352	+3.376	+3.381	+3.386	+3.415	+3.397	+3.402	+3.411	+3.515	+3.475	+3.449	+3.478	+3.464	+3.466	+3.488	+3.488	+4.235	+4.238	+4.280	+3.540	+3.535	+3.710	+4.289	+3.534	+4.116	+3.530	+3.274	+3.274	+3.272	+3.269	+3.272	+3.271	+3.271	+3.270	+3.269	+4.277	+4.206	+0.175	+3.425	+0.182	-0.032	+0.053	-0.008	+2.358	+0.164	+0.179	+0.187	+0.188	+0.186	+0.189	+0.190	+0.198	+0.204	+0.231	+0.197	+0.204	+0.205	+3.418	+3.139	+3.284	+3.438	+0.157	+0.152	+2.725	+0.152	+3.526	+2.731	+3.290	+0.150	+2.990	+0.158	+0.154	+3.000	-0.004	+0.150	+3.303	+3.304	+0.146	+3.330	+0.186	+1.040	+0.147	+0.086	+0.067	+0.081	+0.679	+0.074	+0.221	+0.222	+0.071	+0.070	-0.050	-0.125	+0.038	+0.029	+0.038	-0.125	-0.126	-0.125	+0.036	+0.019	+0.020	+0.034	+0.034	-0.006	+0.024	+0.024	+0.016	-0.128	+0.027	+0.035	+0.027	+0.034	+0.082	+0.082	+0.056	-0.169	+0.053	+0.053	-0.123	+0.056	+0.043	+0.054	+0.054	+0.054	+0.053	+0.025	+0.053	+0.048	-0.169	-0.125	-0.123	-0.123	+0.058	-0.122	-0.122	-0.097	-0.105	-0.091	-0.091	-0.122	-0.092	-0.106	-0.090	-0.121	+0.423	-0.169	-0.088	-0.123	-0.120	-0.009	-0.169	-0.120	-0.073	-0.167	-0.085	-0.084	-0.083	-0.169	-0.089	-0.118	-0.088	-0.118	-0.103	
rs7932938      +1.645	+2.055	+1.630	+1.614	+1.637	+1.646	+1.648	+1.644	+1.665	+1.619	+2.076	+1.970	+1.656	+1.622	+1.678	+2.177	+1.680	+1.780	+1.783	+1.679	+1.709	+1.906	+3.444	+3.533	+3.538	+3.530	+3.542	+3.546	+3.549	+3.565	+3.558	+3.561	+3.566	+3.624	+3.622	+3.594	+3.614	+3.610	+3.611	+3.622	+3.622	+4.197	+4.198	+4.227	+3.663	+3.660	+3.841	+4.236	+3.659	+4.151	+3.656	+3.475	+3.475	+3.474	+3.471	+3.474	+3.473	+3.473	+3.473	+3.472	+4.244	+4.203	+2.241	+3.565	+1.925	+1.903	+2.079	+2.044	+2.528	+1.922	+1.938	+1.947	+1.948	+1.945	+1.949	+1.950	+1.959	+1.967	+1.997	+1.957	+1.964	+1.966	+3.303	+3.080	+3.173	+3.315	+1.911	+1.905	+2.783	+1.905	+3.379	+2.788	+3.185	+1.903	+2.986	+1.912	+1.907	+2.993	+1.773	+1.903	+3.220	+3.221	+1.898	+3.239	+1.877	+2.818	+1.926	+1.829	+1.808	+1.824	+2.445	+1.813	+1.641	+1.643	+1.809	+1.804	+1.585	+1.571	+1.659	+1.653	+1.659	+1.571	+1.571	+1.570	+1.654	+1.642	+1.643	+1.653	+1.653	+1.626	+1.646	+1.646	+1.640	+1.569	+1.648	+1.654	+1.648	+1.653	+1.698	+1.698	+1.668	+1.563	+1.666	+1.666	+1.568	+1.670	+1.659	+1.667	+1.667	+1.667	+1.666	+1.648	+1.666	+1.662	+1.564	+1.568	+1.568	+1.568	+1.670	+1.568	+1.568	+1.730	+1.715	+1.740	+1.740	+1.568	+1.740	+1.751	+1.742	+1.568	+2.155	+1.566	+1.745	+1.568	+1.568	+1.875	+1.569	+1.568	+1.766	+1.555	+1.748	+1.750	+1.752	+1.569	+1.743	+1.569	+1.743	+1.569	+1.573	
rs7129128      -0.054	+0.676	+0.016	-0.035	-0.056	-0.007	+0.077	+0.073	+0.102	-0.050	+1.423	+0.469	-0.069	-0.059	+0.307	+1.680	+0.408	+0.024	+0.022	+0.315	+0.994	+0.588	+3.163	+3.326	+3.333	+3.314	+3.338	+3.343	+3.348	+3.376	+3.359	+3.364	+3.373	+3.475	+3.436	+3.410	+3.440	+3.426	+3.428	+3.450	+3.450	+4.197	+4.200	+4.242	+3.551	+3.547	+3.722	+4.250	+3.546	+4.080	+3.542	+3.288	+3.288	+3.286	+3.283	+3.286	+3.286	+3.285	+3.284	+3.284	+4.239	+4.169	+0.201	+3.436	+0.209	-0.009	+0.076	+0.015	+2.392	+0.191	+0.206	+0.214	+0.215	+0.213	+0.216	+0.217	+0.225	+0.231	+0.258	+0.224	+0.230	+0.231	+3.453	+3.173	+3.318	+3.473	+0.184	+0.179	+2.757	+0.178	+3.560	+2.763	+3.320	+0.176	+3.019	+0.184	+0.180	+3.029	+0.020	+0.176	+3.332	+3.334	+0.172	+3.359	+0.212	+1.061	+0.172	+0.111	+0.092	+0.106	+0.700	+0.099	+0.246	+0.247	+0.096	+0.095	-0.024	-0.099	+0.064	+0.056	+0.064	-0.100	-0.100	-0.100	+0.062	+0.045	+0.046	+0.060	+0.060	+0.020	+0.050	+0.050	+0.042	-0.103	+0.053	+0.061	+0.053	+0.060	+0.108	+0.108	+0.082	-0.144	+0.079	+0.079	-0.098	+0.082	+0.070	+0.080	+0.080	+0.080	+0.080	+0.051	+0.079	+0.075	-0.144	-0.100	-0.097	-0.097	+0.084	-0.097	-0.097	-0.074	-0.082	-0.068	-0.068	-0.097	-0.068	-0.081	-0.067	-0.096	+0.446	-0.144	-0.065	-0.097	-0.094	+0.016	-0.144	-0.094	-0.050	-0.142	-0.062	-0.061	-0.060	-0.144	-0.065	-0.093	-0.065	-0.093	-0.078	
rs4271370      -0.761	+0.416	-0.415	-0.547	-0.702	-0.603	-0.291	-0.309	-0.207	-0.320	+1.921	+0.356	-0.331	-0.628	+0.000	+1.780	+0.024	-0.384	-0.500	+0.011	-0.391	+0.487	+2.710	+2.827	+2.833	+2.822	+2.838	+2.842	+2.846	+2.866	+2.857	+2.861	+2.867	+2.941	+2.926	+2.900	+2.925	+2.918	+2.920	+2.935	+2.935	+3.600	+3.603	+3.637	+3.683	+3.677	+3.669	+3.646	+3.675	+3.534	+3.671	+3.366	+3.365	+3.362	+3.359	+3.362	+3.361	+3.361	+3.359	+3.358	+3.651	+3.600	-0.326	+3.546	-0.640	-0.218	+0.002	-0.263	+1.179	-0.658	-0.650	-0.646	-0.645	-0.646	-0.644	-0.644	-0.639	-0.636	-0.621	-0.639	-0.636	-0.635	+2.167	+1.905	+2.024	+2.195	-0.658	-0.660	+1.553	-0.660	+2.281	+1.560	+2.048	-0.661	+1.809	-0.657	-0.660	+1.819	-0.586	-0.661	+2.085	+2.087	-0.663	+2.111	-0.650	+0.697	-0.641	-0.675	-0.684	-0.677	+0.255	-0.666	-0.501	-0.502	-0.668	-0.656	-0.738	-0.852	-0.648	-0.657	-0.648	-0.853	-0.853	-0.854	-0.652	-0.671	-0.670	-0.654	-0.654	-0.700	-0.665	-0.665	-0.675	-0.857	-0.663	-0.654	-0.663	-0.655	-0.610	-0.610	-0.632	-0.896	-0.636	-0.636	-0.852	-0.634	-0.646	-0.635	-0.635	-0.635	-0.635	-0.665	-0.635	-0.640	-0.896	-0.854	-0.851	-0.851	-0.630	-0.851	-0.851	-0.796	-0.806	-0.789	-0.789	-0.850	-0.790	-0.775	-0.788	-0.849	-0.256	-0.895	-0.784	-0.851	-0.849	-0.667	-0.895	-0.849	-0.767	-0.894	-0.781	-0.780	-0.779	-0.895	-0.785	-0.847	-0.785	-0.847	-0.834	
rs4237734      -0.764	+0.409	-0.418	-0.550	-0.706	-0.607	-0.293	-0.312	-0.210	-0.330	+1.909	+0.354	-0.340	-0.635	-0.002	+1.783	+0.022	-0.500	-0.389	+0.009	-0.398	+0.485	+2.710	+2.827	+2.833	+2.821	+2.837	+2.842	+2.846	+2.866	+2.856	+2.860	+2.867	+2.941	+2.926	+2.900	+2.924	+2.918	+2.920	+2.935	+2.934	+3.600	+3.603	+3.637	+3.689	+3.683	+3.671	+3.646	+3.681	+3.534	+3.676	+3.372	+3.370	+3.368	+3.364	+3.367	+3.367	+3.366	+3.364	+3.363	+3.651	+3.600	-0.336	+3.552	-0.644	-0.229	-0.010	-0.273	+1.180	-0.662	-0.654	-0.650	-0.649	-0.650	-0.648	-0.648	-0.644	-0.641	-0.625	-0.644	-0.640	-0.639	+2.168	+1.906	+2.025	+2.196	-0.662	-0.664	+1.554	-0.665	+2.282	+1.560	+2.049	-0.666	+1.810	-0.662	-0.664	+1.820	-0.589	-0.666	+2.086	+2.088	-0.667	+2.112	-0.655	+0.694	-0.646	-0.680	-0.689	-0.682	+0.251	-0.671	-0.508	-0.509	-0.672	-0.661	-0.743	-0.856	-0.653	-0.663	-0.653	-0.857	-0.857	-0.858	-0.657	-0.676	-0.675	-0.659	-0.660	-0.705	-0.670	-0.670	-0.680	-0.861	-0.668	-0.659	-0.668	-0.660	-0.615	-0.615	-0.637	-0.900	-0.641	-0.641	-0.856	-0.639	-0.651	-0.640	-0.640	-0.640	-0.640	-0.670	-0.641	-0.645	-0.900	-0.858	-0.856	-0.856	-0.635	-0.855	-0.855	-0.800	-0.810	-0.793	-0.793	-0.855	-0.793	-0.780	-0.791	-0.854	-0.260	-0.900	-0.788	-0.856	-0.853	-0.673	-0.899	-0.853	-0.770	-0.899	-0.785	-0.784	-0.783	-0.899	-0.789	-0.852	-0.788	-0.852	-0.838	
rs7930112      -0.067	+0.667	+0.004	-0.048	-0.069	-0.020	+0.066	+0.062	+0.092	-0.063	+1.418	+0.463	-0.082	-0.072	+0.304	+1.679	+0.315	+0.011	+0.009	+0.394	+0.991	+0.592	+3.218	+3.386	+3.392	+3.373	+3.398	+3.403	+3.407	+3.437	+3.419	+3.423	+3.433	+3.538	+3.497	+3.471	+3.501	+3.487	+3.489	+3.511	+3.511	+4.261	+4.264	+4.307	+3.543	+3.539	+3.713	+4.315	+3.537	+4.141	+3.534	+3.279	+3.278	+3.277	+3.273	+3.276	+3.276	+3.276	+3.274	+3.274	+4.304	+4.232	+0.188	+3.428	+0.194	-0.022	+0.063	+0.002	+2.379	+0.177	+0.192	+0.200	+0.201	+0.198	+0.202	+0.202	+0.210	+0.217	+0.244	+0.210	+0.216	+0.217	+3.441	+3.161	+3.306	+3.461	+0.170	+0.165	+2.746	+0.164	+3.549	+2.752	+3.313	+0.162	+3.011	+0.171	+0.166	+3.021	+0.007	+0.163	+3.325	+3.327	+0.158	+3.352	+0.199	+1.048	+0.159	+0.097	+0.078	+0.093	+0.687	+0.086	+0.234	+0.235	+0.082	+0.082	-0.038	-0.113	+0.050	+0.042	+0.050	-0.113	-0.114	-0.114	+0.048	+0.031	+0.032	+0.046	+0.046	+0.006	+0.036	+0.037	+0.028	-0.117	+0.039	+0.047	+0.039	+0.046	+0.094	+0.094	+0.068	-0.157	+0.065	+0.065	-0.111	+0.069	+0.056	+0.066	+0.066	+0.066	+0.066	+0.037	+0.065	+0.061	-0.158	-0.113	-0.111	-0.111	+0.070	-0.111	-0.111	-0.087	-0.095	-0.081	-0.081	-0.110	-0.081	-0.094	-0.080	-0.109	+0.433	-0.158	-0.078	-0.111	-0.108	+0.003	-0.158	-0.108	-0.063	-0.155	-0.075	-0.074	-0.073	-0.157	-0.078	-0.106	-0.078	-0.106	-0.091	
rs4627050      -0.637	+0.114	-0.135	-0.282	-0.494	-0.307	+0.210	+0.185	+0.351	-0.574	+1.213	+1.067	-0.594	-0.755	+0.962	+1.709	+0.994	-0.391	-0.398	+0.991	-0.420	+1.364	+4.471	+4.633	+4.640	+4.622	+4.645	+4.650	+4.654	+4.682	+4.666	+4.671	+4.680	+4.778	+4.770	+4.717	+4.747	+4.735	+4.737	+4.758	+4.757	+5.508	+5.511	+5.551	+3.372	+3.367	+3.494	+5.561	+3.365	+5.399	+3.361	+3.076	+3.075	+3.074	+3.070	+3.073	+3.073	+3.073	+3.071	+3.071	+5.555	+5.489	-0.680	+3.250	-0.653	-0.744	-0.644	-0.724	+1.064	-0.672	-0.663	-0.658	-0.657	-0.658	-0.656	-0.656	-0.650	-0.646	-0.627	-0.649	-0.645	-0.644	+2.041	+1.784	+1.904	+2.072	-0.669	-0.672	+1.436	-0.673	+2.157	+1.442	+1.926	-0.674	+1.691	-0.669	-0.671	+1.701	-0.461	-0.674	+1.962	+1.965	-0.676	+1.988	-0.670	+0.853	-0.656	-0.702	-0.712	-0.704	+0.348	-0.700	-0.774	-0.774	-0.701	-0.694	-0.861	-0.897	-0.802	-0.808	-0.802	-0.897	-0.898	-0.898	-0.805	-0.818	-0.817	-0.807	-0.807	-0.836	-0.814	-0.814	-0.820	-0.899	-0.812	-0.806	-0.812	-0.807	-0.766	-0.766	-0.792	-0.878	-0.794	-0.794	-0.899	-0.792	-0.801	-0.794	-0.794	-0.794	-0.794	-0.814	-0.794	-0.797	-0.876	-0.900	-0.900	-0.900	-0.790	-0.900	-0.900	-0.648	-0.665	-0.636	-0.635	-0.900	-0.636	-0.871	-0.633	-0.900	-0.250	-0.873	-0.628	-0.899	-0.899	-0.724	-0.868	-0.899	-0.601	-0.891	-0.624	-0.622	-0.620	-0.867	-0.630	-0.899	-0.629	-0.899	-0.895	
rs7106025      +0.425	+1.145	+0.447	+0.415	+0.421	+0.460	+0.615	+0.622	+0.594	+0.400	+1.874	+0.793	+0.432	+0.492	+0.587	+1.906	+0.588	+0.487	+0.485	+0.592	+1.364	+0.908	+2.839	+2.977	+2.984	+2.969	+2.989	+2.994	+2.998	+3.022	+3.009	+3.014	+3.022	+3.108	+3.083	+3.058	+3.085	+3.076	+3.078	+3.096	+3.096	+3.816	+3.818	+3.857	+3.652	+3.648	+3.826	+3.867	+3.646	+3.724	+3.643	+3.414	+3.414	+3.412	+3.409	+3.412	+3.412	+3.411	+3.410	+3.410	+3.866	+3.804	+0.721	+3.542	+0.720	+0.450	+0.530	+0.478	+2.699	+0.704	+0.722	+0.731	+0.732	+0.729	+0.733	+0.734	+0.743	+0.750	+0.783	+0.745	+0.752	+0.754	+3.742	+3.472	+3.608	+3.759	+0.698	+0.692	+3.065	+0.691	+3.844	+3.071	+3.619	+0.689	+3.319	+0.698	+0.693	+3.329	+0.484	+0.689	+3.623	+3.623	+0.684	+3.647	+0.732	+1.302	+0.673	+0.604	+0.580	+0.598	+0.976	+0.584	+0.792	+0.792	+0.581	+0.576	+0.432	+0.369	+0.515	+0.507	+0.515	+0.369	+0.368	+0.369	+0.514	+0.498	+0.500	+0.513	+0.513	+0.475	+0.504	+0.504	+0.496	+0.366	+0.506	+0.513	+0.506	+0.512	+0.566	+0.566	+0.533	+0.331	+0.531	+0.531	+0.371	+0.535	+0.522	+0.532	+0.532	+0.532	+0.531	+0.504	+0.531	+0.527	+0.330	+0.369	+0.371	+0.371	+0.536	+0.372	+0.372	+0.386	+0.379	+0.392	+0.392	+0.372	+0.391	+0.392	+0.393	+0.373	+0.857	+0.330	+0.394	+0.372	+0.374	+0.497	+0.330	+0.374	+0.408	+0.334	+0.397	+0.398	+0.399	+0.330	+0.394	+0.376	+0.394	+0.376	+0.390	
rs7935874      +2.719	+3.169	+2.662	+2.697	+2.786	+2.882	+2.859	+2.869	+2.819	+2.751	+3.578	+2.824	+2.691	+2.789	+3.199	+3.444	+3.163	+2.710	+2.710	+3.218	+4.471	+2.839	+3.278	+3.364	+3.369	+3.359	+3.373	+3.377	+3.380	+3.398	+3.389	+3.392	+3.398	+3.469	+3.432	+3.428	+3.449	+3.443	+3.445	+3.461	+3.461	+3.974	+3.976	+4.014	+4.629	+4.626	+4.790	+4.023	+4.625	+3.900	+4.622	+4.463	+4.463	+4.462	+4.459	+4.461	+4.461	+4.461	+4.460	+4.459	+4.021	+3.963	+3.055	+4.546	+3.031	+2.651	+2.625	+2.609	+5.159	+3.027	+3.050	+3.062	+3.064	+3.059	+3.064	+3.065	+3.076	+3.086	+3.128	+3.079	+3.089	+3.091	+6.249	+5.964	+6.123	+6.261	+3.004	+2.996	+5.530	+2.996	+6.356	+5.535	+6.123	+2.992	+5.793	+3.004	+2.997	+5.802	+2.714	+2.992	+6.117	+6.115	+2.985	+6.141	+3.074	+3.257	+2.975	+2.888	+2.861	+2.878	+3.019	+2.853	+2.927	+2.928	+2.848	+2.837	+2.626	+2.587	+2.704	+2.697	+2.703	+2.587	+2.586	+2.587	+2.703	+2.688	+2.691	+2.702	+2.702	+2.669	+2.694	+2.694	+2.687	+2.584	+2.696	+2.703	+2.696	+2.702	+2.760	+2.760	+2.724	+2.555	+2.721	+2.721	+2.589	+2.725	+2.714	+2.722	+2.722	+2.722	+2.722	+2.697	+2.722	+2.718	+2.554	+2.587	+2.590	+2.590	+2.726	+2.590	+2.590	+2.594	+2.588	+2.599	+2.599	+2.590	+2.598	+2.616	+2.600	+2.591	+3.067	+2.553	+2.601	+2.591	+2.593	+2.764	+2.553	+2.593	+2.613	+2.559	+2.603	+2.605	+2.605	+2.553	+2.601	+2.594	+2.601	+2.594	+2.608	
rs60013221     +2.841	+3.277	+2.783	+2.821	+2.914	+3.011	+2.994	+3.004	+2.952	+2.879	+3.679	+2.931	+2.815	+2.917	+3.365	+3.533	+3.326	+2.827	+2.827	+3.386	+4.633	+2.977	+3.364	+3.400	+3.420	+3.414	+3.423	+3.425	+3.428	+3.440	+3.434	+3.436	+3.440	+3.491	+3.464	+3.462	+3.477	+3.473	+3.474	+3.486	+3.486	+3.969	+3.971	+4.006	+4.703	+4.699	+4.864	+4.015	+4.698	+3.894	+4.695	+4.541	+4.540	+4.539	+4.537	+4.539	+4.539	+4.538	+4.537	+4.537	+4.014	+3.961	+3.178	+4.613	+3.152	+2.773	+2.742	+2.727	+5.291	+3.148	+3.172	+3.184	+3.186	+3.181	+3.186	+3.187	+3.198	+3.209	+3.251	+3.201	+3.211	+3.214	+6.378	+6.093	+6.253	+6.390	+3.125	+3.117	+5.648	+3.116	+6.475	+5.653	+6.242	+3.113	+5.911	+3.125	+3.118	+5.920	+2.831	+3.113	+6.235	+6.233	+3.106	+6.260	+3.197	+3.360	+3.096	+3.008	+2.982	+2.997	+3.126	+2.972	+3.046	+3.047	+2.967	+2.956	+2.741	+2.704	+2.819	+2.813	+2.819	+2.703	+2.703	+2.703	+2.819	+2.804	+2.806	+2.818	+2.818	+2.785	+2.810	+2.810	+2.803	+2.701	+2.811	+2.818	+2.812	+2.818	+2.876	+2.876	+2.840	+2.672	+2.837	+2.837	+2.706	+2.841	+2.830	+2.838	+2.838	+2.838	+2.838	+2.813	+2.838	+2.833	+2.671	+2.704	+2.706	+2.706	+2.842	+2.706	+2.706	+2.711	+2.704	+2.715	+2.715	+2.707	+2.715	+2.733	+2.716	+2.708	+3.184	+2.670	+2.717	+2.707	+2.709	+2.883	+2.670	+2.709	+2.729	+2.676	+2.720	+2.721	+2.722	+2.670	+2.717	+2.710	+2.718	+2.710	+2.725	
rs60532851     +2.847	+3.283	+2.789	+2.827	+2.920	+3.018	+3.000	+3.011	+2.958	+2.885	+3.684	+2.937	+2.821	+2.923	+3.371	+3.538	+3.333	+2.833	+2.833	+3.392	+4.640	+2.984	+3.369	+3.420	+3.406	+3.417	+3.426	+3.428	+3.430	+3.442	+3.436	+3.439	+3.443	+3.492	+3.466	+3.464	+3.479	+3.475	+3.476	+3.488	+3.487	+3.969	+3.971	+4.006	+4.707	+4.703	+4.867	+4.015	+4.702	+3.894	+4.699	+4.545	+4.544	+4.543	+4.540	+4.543	+4.542	+4.542	+4.541	+4.541	+4.014	+3.962	+3.184	+4.617	+3.158	+2.779	+2.748	+2.733	+5.298	+3.154	+3.178	+3.190	+3.192	+3.187	+3.192	+3.193	+3.204	+3.215	+3.257	+3.207	+3.217	+3.220	+6.385	+6.100	+6.259	+6.397	+3.131	+3.123	+5.654	+3.122	+6.481	+5.659	+6.249	+3.119	+5.917	+3.131	+3.124	+5.926	+2.837	+3.119	+6.242	+6.240	+3.112	+6.266	+3.203	+3.366	+3.102	+3.014	+2.988	+3.003	+3.132	+2.978	+3.052	+3.053	+2.972	+2.962	+2.747	+2.710	+2.825	+2.818	+2.825	+2.709	+2.709	+2.709	+2.825	+2.810	+2.812	+2.824	+2.824	+2.791	+2.816	+2.816	+2.809	+2.707	+2.817	+2.824	+2.817	+2.824	+2.882	+2.882	+2.845	+2.677	+2.843	+2.843	+2.712	+2.847	+2.836	+2.844	+2.844	+2.844	+2.844	+2.819	+2.843	+2.839	+2.677	+2.710	+2.712	+2.712	+2.848	+2.712	+2.712	+2.716	+2.710	+2.721	+2.721	+2.713	+2.720	+2.739	+2.722	+2.714	+3.189	+2.676	+2.723	+2.713	+2.715	+2.889	+2.676	+2.715	+2.735	+2.682	+2.726	+2.727	+2.728	+2.676	+2.723	+2.716	+2.724	+2.716	+2.731	
rs7102774      +2.835	+3.273	+2.777	+2.814	+2.907	+3.004	+2.985	+2.996	+2.944	+2.872	+3.675	+2.926	+2.809	+2.910	+3.352	+3.530	+3.314	+2.822	+2.821	+3.373	+4.622	+2.969	+3.359	+3.414	+3.417	+3.394	+3.420	+3.423	+3.425	+3.438	+3.431	+3.434	+3.438	+3.490	+3.463	+3.460	+3.476	+3.472	+3.473	+3.485	+3.485	+3.970	+3.972	+4.007	+4.699	+4.696	+4.860	+4.016	+4.694	+3.894	+4.692	+4.537	+4.536	+4.535	+4.532	+4.535	+4.534	+4.534	+4.533	+4.533	+4.015	+3.962	+3.171	+4.610	+3.146	+2.767	+2.737	+2.722	+5.285	+3.142	+3.166	+3.178	+3.180	+3.175	+3.180	+3.181	+3.192	+3.203	+3.245	+3.195	+3.205	+3.208	+6.372	+6.087	+6.247	+6.384	+3.119	+3.111	+5.642	+3.110	+6.469	+5.647	+6.236	+3.107	+5.905	+3.119	+3.112	+5.914	+2.826	+3.107	+6.229	+6.227	+3.100	+6.254	+3.191	+3.356	+3.090	+3.002	+2.976	+2.991	+3.121	+2.966	+3.040	+3.041	+2.961	+2.950	+2.736	+2.698	+2.814	+2.807	+2.814	+2.698	+2.698	+2.698	+2.814	+2.798	+2.801	+2.812	+2.812	+2.779	+2.805	+2.805	+2.798	+2.695	+2.806	+2.813	+2.806	+2.813	+2.871	+2.871	+2.834	+2.666	+2.832	+2.832	+2.700	+2.836	+2.824	+2.833	+2.833	+2.833	+2.832	+2.807	+2.832	+2.828	+2.665	+2.699	+2.701	+2.701	+2.837	+2.701	+2.701	+2.705	+2.699	+2.710	+2.710	+2.702	+2.709	+2.727	+2.711	+2.702	+3.178	+2.665	+2.712	+2.702	+2.704	+2.877	+2.664	+2.704	+2.724	+2.670	+2.714	+2.715	+2.716	+2.664	+2.712	+2.705	+2.712	+2.705	+2.719	
rs7102779      +2.852	+3.287	+2.794	+2.832	+2.925	+3.023	+3.005	+3.016	+2.963	+2.890	+3.688	+2.941	+2.826	+2.928	+3.376	+3.542	+3.338	+2.838	+2.837	+3.398	+4.645	+2.989	+3.373	+3.423	+3.426	+3.420	+3.411	+3.430	+3.433	+3.444	+3.438	+3.441	+3.445	+3.493	+3.468	+3.466	+3.480	+3.476	+3.477	+3.489	+3.489	+3.969	+3.971	+4.006	+4.709	+4.706	+4.870	+4.015	+4.705	+3.895	+4.702	+4.548	+4.547	+4.546	+4.543	+4.546	+4.545	+4.545	+4.544	+4.544	+4.014	+3.962	+3.189	+4.620	+3.163	+2.784	+2.753	+2.738	+5.302	+3.159	+3.183	+3.195	+3.197	+3.192	+3.197	+3.198	+3.209	+3.220	+3.262	+3.212	+3.222	+3.225	+6.389	+6.104	+6.264	+6.402	+3.136	+3.128	+5.659	+3.127	+6.486	+5.664	+6.253	+3.123	+5.922	+3.136	+3.129	+5.931	+2.842	+3.124	+6.246	+6.244	+3.117	+6.271	+3.208	+3.370	+3.106	+3.019	+2.993	+3.008	+3.136	+2.983	+3.057	+3.058	+2.977	+2.966	+2.752	+2.715	+2.830	+2.823	+2.830	+2.714	+2.714	+2.714	+2.830	+2.814	+2.817	+2.828	+2.828	+2.796	+2.821	+2.821	+2.814	+2.712	+2.822	+2.829	+2.822	+2.829	+2.887	+2.887	+2.850	+2.682	+2.848	+2.848	+2.717	+2.852	+2.840	+2.849	+2.849	+2.849	+2.849	+2.823	+2.848	+2.844	+2.682	+2.715	+2.717	+2.717	+2.853	+2.717	+2.717	+2.721	+2.715	+2.726	+2.725	+2.718	+2.725	+2.744	+2.727	+2.719	+3.194	+2.681	+2.728	+2.718	+2.720	+2.894	+2.680	+2.720	+2.740	+2.686	+2.730	+2.731	+2.732	+2.681	+2.728	+2.721	+2.728	+2.721	+2.735	
rs11512067     +2.857	+3.292	+2.798	+2.836	+2.930	+3.027	+3.010	+3.020	+2.968	+2.895	+3.692	+2.945	+2.831	+2.933	+3.381	+3.546	+3.343	+2.842	+2.842	+3.403	+4.650	+2.994	+3.377	+3.425	+3.428	+3.423	+3.430	+3.416	+3.435	+3.447	+3.441	+3.443	+3.447	+3.495	+3.469	+3.467	+3.482	+3.478	+3.479	+3.491	+3.490	+3.969	+3.971	+4.005	+4.712	+4.709	+4.873	+4.014	+4.708	+3.895	+4.705	+4.551	+4.550	+4.549	+4.546	+4.549	+4.548	+4.548	+4.547	+4.547	+4.014	+3.962	+3.193	+4.623	+3.168	+2.788	+2.757	+2.742	+5.308	+3.164	+3.188	+3.200	+3.201	+3.197	+3.202	+3.203	+3.214	+3.224	+3.266	+3.217	+3.227	+3.229	+6.395	+6.110	+6.270	+6.407	+3.141	+3.133	+5.664	+3.132	+6.491	+5.669	+6.259	+3.128	+5.927	+3.140	+3.134	+5.936	+2.846	+3.128	+6.252	+6.250	+3.122	+6.276	+3.213	+3.374	+3.111	+3.023	+2.997	+3.012	+3.140	+2.987	+3.061	+3.063	+2.982	+2.971	+2.756	+2.719	+2.834	+2.828	+2.834	+2.718	+2.718	+2.718	+2.834	+2.819	+2.821	+2.833	+2.833	+2.800	+2.825	+2.825	+2.818	+2.716	+2.826	+2.833	+2.827	+2.833	+2.892	+2.892	+2.855	+2.687	+2.852	+2.852	+2.721	+2.856	+2.845	+2.853	+2.853	+2.853	+2.853	+2.828	+2.853	+2.848	+2.686	+2.719	+2.721	+2.721	+2.857	+2.721	+2.721	+2.725	+2.719	+2.730	+2.730	+2.722	+2.729	+2.748	+2.731	+2.723	+3.198	+2.685	+2.732	+2.722	+2.724	+2.898	+2.685	+2.724	+2.744	+2.691	+2.735	+2.736	+2.737	+2.685	+2.732	+2.725	+2.733	+2.725	+2.740	
rs7103161      +2.861	+3.296	+2.802	+2.840	+2.934	+3.032	+3.014	+3.025	+2.972	+2.899	+3.696	+2.949	+2.835	+2.937	+3.386	+3.549	+3.348	+2.846	+2.846	+3.407	+4.654	+2.998	+3.380	+3.428	+3.430	+3.425	+3.433	+3.435	+3.420	+3.448	+3.443	+3.445	+3.449	+3.496	+3.471	+3.469	+3.483	+3.479	+3.480	+3.492	+3.491	+3.969	+3.971	+4.005	+4.715	+4.711	+4.876	+4.014	+4.710	+3.895	+4.707	+4.554	+4.553	+4.552	+4.549	+4.551	+4.551	+4.551	+4.550	+4.549	+4.014	+3.962	+3.197	+4.625	+3.172	+2.792	+2.761	+2.746	+5.312	+3.168	+3.192	+3.204	+3.205	+3.201	+3.206	+3.207	+3.218	+3.228	+3.271	+3.221	+3.231	+3.233	+6.399	+6.114	+6.274	+6.411	+3.145	+3.137	+5.669	+3.136	+6.496	+5.674	+6.263	+3.132	+5.931	+3.145	+3.138	+5.941	+2.850	+3.132	+6.256	+6.254	+3.126	+6.281	+3.217	+3.377	+3.115	+3.027	+3.001	+3.016	+3.144	+2.991	+3.065	+3.067	+2.986	+2.975	+2.760	+2.723	+2.838	+2.831	+2.838	+2.722	+2.722	+2.722	+2.838	+2.823	+2.825	+2.837	+2.837	+2.804	+2.829	+2.829	+2.822	+2.720	+2.830	+2.837	+2.831	+2.837	+2.895	+2.895	+2.859	+2.691	+2.856	+2.856	+2.725	+2.860	+2.849	+2.857	+2.857	+2.857	+2.857	+2.832	+2.856	+2.852	+2.690	+2.723	+2.725	+2.725	+2.861	+2.725	+2.725	+2.729	+2.723	+2.734	+2.734	+2.726	+2.733	+2.752	+2.735	+2.727	+3.202	+2.689	+2.736	+2.726	+2.728	+2.902	+2.689	+2.728	+2.748	+2.695	+2.738	+2.740	+2.740	+2.689	+2.736	+2.729	+2.736	+2.729	+2.744	
