## Summary of overall evidence for association with region:
## log10(BF for region) = 7.04165
## p-value for region = NA

## BFs for choosing among multi-SNP models:
## log10(average 1-SNP BF) = 5.97783
## log10(average 2-SNP BF) = 7.49302

## Example posterior probabilities for multi-SNP models, based on default prior: [p(l) propto 0.5^l for l=1,2,...,L]
## posterior probability of 1-SNP = 0.0575556
## posterior probability of 2-SNP = 0.942444

## log10(BF) for single SNP and pair of SNPs:
rs365622       +5.832	+5.724	+5.875	+5.442	+5.442	+5.444	+5.853	+5.816	+5.816	+5.786	+5.796	+5.780	+5.489	+5.767	+5.831	+5.462	+5.807	+5.807	+5.806	+5.806	+5.921	+5.782	+5.782	+5.782	+5.466	+5.779	+5.778	+5.769	+5.697	+5.633	+5.626	+5.626	+5.328	+5.627	+5.329	+5.708	+5.330	+6.053	+6.065	+5.402	+5.404	+5.404	+5.401	+5.405	+5.405	+5.405	+5.405	+5.405	+5.407	+5.334	+6.251	+6.265	+5.405	+5.405	+5.404	+5.404	+5.404	+5.340	+5.407	+6.261	+6.251	+6.251	+5.305	+6.292	+5.420	+6.285	+5.421	+5.420	+6.285	+5.450	+5.841	+5.500	+5.977	+5.423	+5.281	+5.303	+5.426	+5.411	+6.310	+6.311	+6.318	+6.242	+6.314	+6.316	+6.320	+6.319	+6.318	+6.322	+6.300	+6.336	+6.306	+5.291	+6.371	+6.339	+6.315	+6.315	+6.320	+6.520	+6.561	+6.545	+6.566	+6.566	+5.326	+5.286	+5.409	+6.554	+6.556	+6.413	+6.604	+6.628	+6.610	+6.610	+5.333	+5.372	+6.647	+6.608	+5.306	+5.330	+6.579	+5.313	+5.294	+6.553	+5.939	+6.832	+5.921	+5.924	+5.928	+5.907	+7.218	+7.218	+7.217	+5.874	+5.874	+5.888	+7.213	+7.234	+7.214	+7.234	+7.211	+5.872	+5.840	+5.871	+7.211	+5.840	+7.300	+7.288	+7.288	+7.288	+5.868	+5.840	+7.299	+5.861	+7.209	+5.841	+7.209	+5.918	+5.903	+5.868	+6.986	+5.963	+5.898	+6.076	+6.138	+9.289	+6.983	+6.978	+6.198	+6.199	+6.124	+9.460	+6.330	+9.566	+7.206	+6.369	+7.211	+9.516	+6.307	+6.324	+9.158	+6.307	+9.173	+6.244	+5.540	+6.263	+6.320	+6.108	+6.093	+6.083	+6.068	+5.849	+5.819	+5.787	+5.819	
rs11738695     +5.724	+5.514	+5.754	+5.113	+5.113	+5.110	+5.721	+5.652	+5.651	+5.482	+5.602	+5.451	+5.112	+5.507	+5.688	+5.108	+5.643	+5.643	+5.642	+5.641	+5.345	+5.555	+5.555	+5.552	+5.108	+5.550	+5.541	+5.605	+5.475	+5.405	+5.389	+5.388	+5.014	+5.393	+5.013	+5.507	+5.013	+5.899	+5.912	+5.146	+5.148	+5.148	+5.144	+5.149	+5.149	+5.149	+5.149	+5.149	+5.152	+4.983	+6.109	+6.121	+5.149	+5.149	+5.148	+5.148	+5.148	+4.987	+5.153	+6.119	+6.108	+6.108	+5.019	+6.145	+5.176	+6.137	+5.178	+5.177	+6.138	+5.215	+5.612	+5.277	+5.766	+5.180	+4.953	+4.963	+5.184	+5.164	+6.164	+6.165	+6.172	+6.090	+6.167	+6.169	+6.173	+6.171	+6.171	+6.175	+6.152	+6.189	+6.158	+5.003	+6.227	+6.192	+6.167	+6.167	+6.172	+6.371	+6.413	+6.396	+6.417	+6.418	+5.037	+5.013	+5.168	+6.402	+6.404	+6.223	+6.454	+6.479	+6.460	+6.460	+5.064	+5.088	+6.499	+6.458	+5.034	+5.061	+6.428	+5.042	+5.021	+6.400	+5.676	+6.574	+5.657	+5.661	+5.665	+5.643	+7.080	+7.080	+7.078	+5.609	+5.608	+5.624	+7.075	+7.096	+7.076	+7.096	+7.073	+5.606	+5.574	+5.606	+7.072	+5.574	+7.165	+7.153	+7.153	+7.153	+5.603	+5.573	+7.164	+5.595	+7.070	+5.575	+7.070	+5.633	+5.639	+5.603	+6.728	+5.678	+5.630	+5.793	+5.888	+9.072	+6.725	+6.720	+5.942	+5.943	+5.841	+9.242	+6.077	+9.351	+6.949	+6.116	+6.955	+9.300	+6.052	+6.070	+8.935	+6.052	+8.951	+5.988	+5.252	+6.007	+6.066	+5.824	+5.809	+5.799	+5.784	+5.561	+5.531	+5.511	+5.530	
rs187398       +5.875	+5.754	+5.864	+5.477	+5.476	+5.479	+5.871	+5.840	+5.839	+5.833	+5.825	+5.830	+5.528	+5.806	+5.851	+5.499	+5.830	+5.830	+5.829	+5.829	+6.000	+5.816	+5.816	+5.816	+5.503	+5.813	+5.814	+5.791	+5.725	+5.660	+5.654	+5.654	+5.361	+5.655	+5.362	+5.730	+5.362	+6.071	+6.083	+5.430	+5.432	+5.432	+5.429	+5.432	+5.432	+5.432	+5.432	+5.432	+5.434	+5.370	+6.268	+6.282	+5.433	+5.433	+5.432	+5.432	+5.432	+5.376	+5.435	+6.278	+6.267	+6.268	+5.335	+6.310	+5.447	+6.302	+5.448	+5.447	+6.303	+5.476	+5.864	+5.525	+5.998	+5.449	+5.315	+5.338	+5.452	+5.438	+6.327	+6.328	+6.335	+6.259	+6.332	+6.333	+6.337	+6.336	+6.336	+6.339	+6.318	+6.353	+6.324	+5.321	+6.388	+6.356	+6.332	+6.333	+6.337	+6.538	+6.579	+6.563	+6.583	+6.584	+5.356	+5.315	+5.435	+6.572	+6.574	+6.431	+6.622	+6.646	+6.627	+6.627	+5.361	+5.402	+6.665	+6.626	+5.334	+5.359	+6.597	+5.342	+5.322	+6.571	+5.967	+6.859	+5.949	+5.952	+5.956	+5.935	+7.235	+7.235	+7.233	+5.902	+5.901	+5.916	+7.230	+7.250	+7.231	+7.250	+7.228	+5.899	+5.868	+5.899	+7.227	+5.868	+7.316	+7.304	+7.305	+7.304	+5.896	+5.868	+7.315	+5.889	+7.226	+5.869	+7.225	+5.948	+5.931	+5.896	+7.014	+5.992	+5.926	+6.106	+6.165	+9.313	+7.011	+7.005	+6.225	+6.227	+6.154	+9.483	+6.357	+9.590	+7.233	+6.396	+7.239	+9.540	+6.334	+6.351	+9.182	+6.334	+9.197	+6.272	+5.570	+6.290	+6.348	+6.137	+6.122	+6.113	+6.098	+5.879	+5.849	+5.816	+5.849	
rs246103       +5.442	+5.113	+5.477	+4.002	+4.018	+3.994	+5.445	+5.358	+5.356	+5.085	+5.287	+5.023	+3.925	+5.136	+5.409	+3.954	+5.350	+5.350	+5.350	+5.348	+4.688	+5.216	+5.216	+5.212	+3.951	+5.208	+5.194	+5.302	+5.085	+4.948	+4.914	+4.914	+3.731	+4.924	+3.723	+4.487	+3.721	+5.415	+5.432	+4.361	+4.367	+4.367	+4.356	+4.368	+4.368	+4.369	+4.369	+4.369	+4.376	+3.525	+5.663	+5.656	+4.369	+4.369	+4.366	+4.366	+4.366	+3.521	+4.377	+5.672	+5.660	+5.660	+3.703	+5.673	+4.424	+5.668	+4.428	+4.425	+5.669	+4.503	+4.866	+4.575	+5.141	+4.431	+3.547	+3.524	+4.440	+4.398	+5.699	+5.700	+5.708	+5.598	+5.696	+5.698	+5.703	+5.701	+5.701	+5.706	+5.676	+5.723	+5.683	+3.676	+5.767	+5.725	+5.692	+5.693	+5.698	+5.870	+5.917	+5.895	+5.921	+5.922	+3.719	+3.661	+4.351	+5.892	+5.894	+5.723	+5.954	+5.984	+5.960	+5.960	+3.722	+3.796	+6.007	+5.955	+3.685	+3.719	+5.921	+3.696	+3.668	+5.887	+4.517	+5.272	+4.494	+4.498	+4.504	+4.479	+6.643	+6.643	+6.641	+4.438	+4.437	+4.454	+6.637	+6.660	+6.638	+6.660	+6.634	+4.434	+4.395	+4.434	+6.633	+4.395	+6.743	+6.728	+6.728	+6.728	+4.430	+4.395	+6.742	+4.420	+6.631	+4.396	+6.630	+4.488	+4.474	+4.429	+5.423	+4.550	+4.480	+4.710	+4.600	+8.775	+5.425	+5.418	+4.830	+4.831	+4.744	+8.940	+4.982	+9.058	+5.653	+5.024	+5.659	+8.993	+4.946	+4.965	+8.577	+4.944	+8.596	+4.870	+3.821	+4.890	+4.960	+4.714	+4.695	+4.683	+4.664	+4.387	+4.347	+4.291	+4.346	
rs181763       +5.442	+5.113	+5.476	+4.018	+4.010	+4.002	+5.445	+5.358	+5.356	+5.086	+5.288	+5.024	+3.942	+5.137	+5.409	+3.967	+5.351	+5.351	+5.350	+5.348	+4.690	+5.217	+5.217	+5.213	+3.966	+5.209	+5.195	+5.302	+5.086	+4.950	+4.916	+4.915	+3.736	+4.925	+3.729	+4.490	+3.726	+5.417	+5.434	+4.364	+4.370	+4.370	+4.360	+4.372	+4.372	+4.372	+4.372	+4.372	+4.379	+3.532	+5.665	+5.658	+4.373	+4.373	+4.369	+4.369	+4.369	+3.529	+4.381	+5.674	+5.662	+5.662	+3.710	+5.674	+4.428	+5.670	+4.431	+4.428	+5.671	+4.506	+4.869	+4.578	+5.144	+4.434	+3.554	+3.532	+4.444	+4.401	+5.701	+5.702	+5.710	+5.601	+5.698	+5.700	+5.705	+5.703	+5.703	+5.708	+5.678	+5.725	+5.686	+3.683	+5.770	+5.727	+5.694	+5.695	+5.700	+5.873	+5.920	+5.898	+5.924	+5.925	+3.726	+3.667	+4.356	+5.895	+5.898	+5.727	+5.958	+5.987	+5.963	+5.963	+3.729	+3.803	+6.010	+5.959	+3.692	+3.726	+5.924	+3.703	+3.675	+5.891	+4.524	+5.279	+4.502	+4.505	+4.511	+4.486	+6.646	+6.646	+6.644	+4.445	+4.444	+4.462	+6.640	+6.663	+6.641	+6.663	+6.637	+4.442	+4.402	+4.442	+6.637	+4.402	+6.747	+6.732	+6.732	+6.731	+4.438	+4.402	+6.745	+4.427	+6.634	+4.403	+6.634	+4.497	+4.482	+4.437	+5.431	+4.559	+4.487	+4.719	+4.607	+8.784	+5.433	+5.426	+4.837	+4.838	+4.753	+8.948	+4.989	+9.067	+5.661	+5.031	+5.667	+9.002	+4.953	+4.973	+8.586	+4.952	+8.604	+4.877	+3.828	+4.898	+4.967	+4.722	+4.704	+4.692	+4.673	+4.396	+4.356	+4.299	+4.355	
rs7443428      +5.444	+5.110	+5.479	+3.994	+4.002	+3.971	+5.451	+5.363	+5.361	+5.085	+5.291	+5.022	+3.903	+5.137	+5.415	+3.940	+5.356	+5.356	+5.356	+5.354	+4.681	+5.219	+5.219	+5.215	+3.937	+5.211	+5.197	+5.305	+5.084	+4.943	+4.908	+4.908	+3.707	+4.918	+3.699	+4.469	+3.697	+5.401	+5.418	+4.341	+4.347	+4.347	+4.336	+4.348	+4.348	+4.349	+4.349	+4.349	+4.356	+3.497	+5.650	+5.642	+4.349	+4.349	+4.346	+4.346	+4.346	+3.493	+4.357	+5.659	+5.647	+5.647	+3.676	+5.658	+4.404	+5.654	+4.408	+4.404	+5.654	+4.483	+4.844	+4.555	+5.122	+4.411	+3.520	+3.497	+4.420	+4.378	+5.684	+5.686	+5.694	+5.583	+5.681	+5.683	+5.688	+5.687	+5.686	+5.691	+5.661	+5.708	+5.669	+3.649	+5.753	+5.710	+5.677	+5.678	+5.684	+5.855	+5.901	+5.879	+5.906	+5.907	+3.692	+3.634	+4.329	+5.876	+5.879	+5.708	+5.939	+5.969	+5.945	+5.945	+3.697	+3.769	+5.992	+5.940	+3.659	+3.693	+5.906	+3.670	+3.642	+5.872	+4.490	+5.245	+4.467	+4.471	+4.476	+4.451	+6.628	+6.628	+6.626	+4.411	+4.410	+4.427	+6.622	+6.645	+6.623	+6.645	+6.619	+4.407	+4.368	+4.407	+6.619	+4.367	+6.729	+6.714	+6.714	+6.714	+4.403	+4.367	+6.728	+4.393	+6.616	+4.369	+6.616	+4.460	+4.447	+4.402	+5.397	+4.522	+4.452	+4.682	+4.576	+8.750	+5.399	+5.392	+4.803	+4.804	+4.715	+8.914	+4.955	+9.033	+5.628	+4.997	+5.633	+8.968	+4.919	+4.939	+8.551	+4.918	+8.570	+4.843	+3.793	+4.864	+4.933	+4.685	+4.667	+4.654	+4.635	+4.359	+4.319	+4.265	+4.318	
rs6898577      +5.853	+5.721	+5.871	+5.445	+5.445	+5.451	+5.837	+5.827	+5.826	+5.816	+5.810	+5.813	+5.498	+5.789	+5.840	+5.471	+5.820	+5.820	+5.820	+5.819	+6.015	+5.806	+5.806	+5.807	+5.476	+5.803	+5.804	+5.777	+5.708	+5.640	+5.634	+5.634	+5.335	+5.635	+5.336	+5.708	+5.337	+6.052	+6.064	+5.406	+5.408	+5.408	+5.405	+5.408	+5.408	+5.408	+5.408	+5.408	+5.410	+5.343	+6.250	+6.263	+5.408	+5.408	+5.407	+5.407	+5.407	+5.350	+5.410	+6.259	+6.249	+6.249	+5.309	+6.291	+5.423	+6.283	+5.424	+5.423	+6.284	+5.452	+5.841	+5.501	+5.976	+5.425	+5.288	+5.311	+5.428	+5.414	+6.308	+6.310	+6.316	+6.240	+6.313	+6.314	+6.318	+6.317	+6.317	+6.321	+6.299	+6.334	+6.305	+5.295	+6.370	+6.337	+6.313	+6.314	+6.318	+6.519	+6.560	+6.544	+6.565	+6.565	+5.330	+5.290	+5.411	+6.553	+6.555	+6.412	+6.603	+6.627	+6.609	+6.609	+5.336	+5.376	+6.646	+6.607	+5.309	+5.334	+6.578	+5.317	+5.297	+6.552	+5.940	+6.833	+5.922	+5.925	+5.929	+5.908	+7.217	+7.217	+7.215	+5.876	+5.875	+5.889	+7.212	+7.233	+7.213	+7.232	+7.210	+5.873	+5.841	+5.873	+7.209	+5.841	+7.299	+7.287	+7.287	+7.287	+5.869	+5.841	+7.297	+5.862	+7.208	+5.842	+7.207	+5.921	+5.905	+5.870	+6.989	+5.966	+5.899	+6.080	+6.140	+9.289	+6.986	+6.981	+6.199	+6.201	+6.127	+9.459	+6.331	+9.566	+7.208	+6.370	+7.214	+9.516	+6.308	+6.325	+9.158	+6.307	+9.173	+6.245	+5.543	+6.264	+6.321	+6.110	+6.096	+6.086	+6.071	+5.852	+5.823	+5.791	+5.822	
rs13155912     +5.816	+5.652	+5.840	+5.358	+5.358	+5.363	+5.827	+5.754	+5.778	+5.712	+5.749	+5.702	+5.402	+5.703	+5.800	+5.379	+5.770	+5.770	+5.770	+5.769	+5.826	+5.730	+5.730	+5.729	+5.383	+5.726	+5.724	+5.728	+5.642	+5.574	+5.565	+5.565	+5.253	+5.567	+5.253	+5.650	+5.253	+6.005	+6.017	+5.335	+5.337	+5.337	+5.334	+5.337	+5.337	+5.338	+5.338	+5.338	+5.340	+5.254	+6.206	+6.218	+5.338	+5.338	+5.337	+5.337	+5.337	+5.260	+5.340	+6.215	+6.205	+6.205	+5.233	+6.245	+5.355	+6.238	+5.356	+5.355	+6.238	+5.386	+5.781	+5.438	+5.921	+5.357	+5.204	+5.224	+5.361	+5.345	+6.263	+6.264	+6.271	+6.193	+6.267	+6.269	+6.273	+6.271	+6.271	+6.275	+6.253	+6.289	+6.259	+5.219	+6.325	+6.292	+6.267	+6.268	+6.272	+6.472	+6.514	+6.497	+6.518	+6.519	+5.254	+5.216	+5.344	+6.506	+6.508	+6.364	+6.556	+6.581	+6.562	+6.562	+5.263	+5.300	+6.600	+6.560	+5.236	+5.261	+6.531	+5.243	+5.223	+6.504	+5.868	+6.761	+5.850	+5.853	+5.857	+5.836	+7.173	+7.173	+7.171	+5.803	+5.802	+5.817	+7.168	+7.189	+7.169	+7.189	+7.166	+5.800	+5.769	+5.800	+7.165	+5.769	+7.256	+7.244	+7.244	+7.244	+5.797	+5.769	+7.254	+5.790	+7.164	+5.770	+7.163	+5.845	+5.833	+5.797	+6.916	+5.890	+5.827	+6.004	+6.071	+9.226	+6.914	+6.908	+6.129	+6.130	+6.051	+9.397	+6.261	+9.504	+7.136	+6.300	+7.142	+9.453	+6.238	+6.255	+9.094	+6.237	+9.110	+6.175	+5.467	+6.193	+6.251	+6.034	+6.020	+6.010	+5.995	+5.776	+5.746	+5.717	+5.745	
rs13181131     +5.816	+5.651	+5.839	+5.356	+5.356	+5.361	+5.826	+5.778	+5.752	+5.710	+5.747	+5.700	+5.400	+5.701	+5.799	+5.377	+5.769	+5.769	+5.769	+5.768	+5.822	+5.729	+5.729	+5.728	+5.381	+5.725	+5.723	+5.727	+5.640	+5.572	+5.564	+5.564	+5.251	+5.566	+5.251	+5.648	+5.252	+6.004	+6.016	+5.334	+5.335	+5.336	+5.332	+5.336	+5.336	+5.336	+5.336	+5.336	+5.338	+5.252	+6.205	+6.217	+5.336	+5.336	+5.335	+5.335	+5.335	+5.258	+5.338	+6.214	+6.204	+6.204	+5.231	+6.244	+5.353	+6.237	+5.355	+5.353	+6.237	+5.385	+5.780	+5.436	+5.920	+5.356	+5.202	+5.222	+5.360	+5.344	+6.262	+6.263	+6.270	+6.192	+6.266	+6.268	+6.272	+6.270	+6.270	+6.274	+6.252	+6.288	+6.258	+5.217	+6.324	+6.291	+6.266	+6.267	+6.271	+6.471	+6.513	+6.496	+6.517	+6.518	+5.252	+5.214	+5.342	+6.505	+6.507	+6.363	+6.555	+6.580	+6.561	+6.561	+5.262	+5.299	+6.599	+6.559	+5.234	+5.259	+6.530	+5.242	+5.222	+6.503	+5.867	+6.760	+5.848	+5.852	+5.856	+5.834	+7.172	+7.172	+7.170	+5.802	+5.801	+5.816	+7.167	+7.188	+7.168	+7.188	+7.165	+5.799	+5.767	+5.799	+7.165	+5.767	+7.255	+7.243	+7.243	+7.243	+5.796	+5.767	+7.254	+5.788	+7.163	+5.768	+7.162	+5.843	+5.831	+5.796	+6.915	+5.888	+5.825	+6.002	+6.069	+9.225	+6.912	+6.907	+6.127	+6.129	+6.049	+9.395	+6.260	+9.502	+7.134	+6.299	+7.140	+9.452	+6.236	+6.253	+9.093	+6.236	+9.108	+6.173	+5.465	+6.192	+6.250	+6.033	+6.018	+6.008	+5.993	+5.774	+5.744	+5.715	+5.744	
rs12523186     +5.786	+5.482	+5.833	+5.085	+5.086	+5.085	+5.816	+5.712	+5.710	+5.482	+5.637	+5.468	+5.100	+5.533	+5.755	+5.086	+5.693	+5.693	+5.692	+5.691	+5.367	+5.577	+5.577	+5.574	+5.086	+5.570	+5.559	+5.617	+5.467	+5.386	+5.370	+5.370	+4.986	+5.375	+4.985	+5.468	+4.985	+5.863	+5.875	+5.113	+5.116	+5.116	+5.112	+5.117	+5.117	+5.117	+5.117	+5.117	+5.120	+4.958	+6.073	+6.083	+5.117	+5.117	+5.116	+5.116	+5.116	+4.962	+5.120	+6.082	+6.071	+6.071	+4.988	+6.107	+5.143	+6.100	+5.145	+5.143	+6.100	+5.182	+5.594	+5.241	+5.753	+5.146	+4.925	+4.936	+5.151	+5.131	+6.126	+6.127	+6.134	+6.051	+6.129	+6.131	+6.135	+6.134	+6.134	+6.137	+6.114	+6.152	+6.120	+4.972	+6.190	+6.155	+6.129	+6.130	+6.134	+6.331	+6.373	+6.356	+6.377	+6.378	+5.007	+4.979	+5.132	+6.362	+6.365	+6.216	+6.413	+6.440	+6.421	+6.420	+5.030	+5.057	+6.460	+6.418	+5.001	+5.027	+6.388	+5.009	+4.987	+6.360	+5.648	+6.539	+5.630	+5.633	+5.637	+5.615	+7.041	+7.041	+7.039	+5.582	+5.581	+5.596	+7.036	+7.057	+7.037	+7.057	+7.034	+5.579	+5.546	+5.579	+7.033	+5.546	+7.127	+7.114	+7.115	+7.114	+5.575	+5.546	+7.126	+5.568	+7.032	+5.547	+7.031	+5.615	+5.612	+5.575	+6.695	+5.662	+5.605	+5.778	+5.851	+9.035	+6.693	+6.687	+5.916	+5.917	+5.826	+9.205	+6.051	+9.314	+6.917	+6.091	+6.923	+9.263	+6.027	+6.044	+8.899	+6.026	+8.915	+5.962	+5.220	+5.981	+6.041	+5.809	+5.794	+5.784	+5.768	+5.544	+5.513	+5.488	+5.512	
rs1045706      +5.796	+5.602	+5.825	+5.287	+5.288	+5.291	+5.810	+5.749	+5.747	+5.637	+5.685	+5.622	+5.322	+5.642	+5.778	+5.303	+5.739	+5.739	+5.738	+5.737	+5.683	+5.677	+5.677	+5.675	+5.307	+5.672	+5.668	+5.693	+5.590	+5.522	+5.511	+5.511	+5.185	+5.514	+5.185	+5.603	+5.185	+5.968	+5.980	+5.278	+5.280	+5.280	+5.276	+5.280	+5.280	+5.280	+5.280	+5.280	+5.283	+5.180	+6.171	+6.183	+5.280	+5.281	+5.279	+5.279	+5.279	+5.185	+5.283	+6.180	+6.170	+6.170	+5.170	+6.209	+5.300	+6.202	+5.301	+5.300	+6.202	+5.333	+5.733	+5.386	+5.877	+5.303	+5.133	+5.152	+5.307	+5.290	+6.227	+6.228	+6.235	+6.156	+6.231	+6.233	+6.237	+6.235	+6.235	+6.239	+6.217	+6.253	+6.222	+5.156	+6.289	+6.256	+6.231	+6.232	+6.236	+6.436	+6.477	+6.460	+6.481	+6.482	+5.191	+5.155	+5.289	+6.469	+6.471	+6.326	+6.520	+6.544	+6.525	+6.525	+5.203	+5.238	+6.564	+6.523	+5.176	+5.201	+6.494	+5.183	+5.163	+6.467	+5.810	+6.703	+5.792	+5.795	+5.799	+5.778	+7.138	+7.139	+7.137	+5.745	+5.744	+5.759	+7.134	+7.155	+7.135	+7.154	+7.132	+5.742	+5.710	+5.742	+7.131	+5.710	+7.222	+7.210	+7.210	+7.210	+5.739	+5.710	+7.221	+5.731	+7.129	+5.711	+7.129	+5.783	+5.774	+5.739	+6.858	+5.829	+5.768	+5.943	+6.015	+9.177	+6.856	+6.850	+6.072	+6.073	+5.990	+9.347	+6.205	+9.454	+7.078	+6.244	+7.084	+9.404	+6.181	+6.198	+9.043	+6.181	+9.059	+6.118	+5.404	+6.136	+6.195	+5.973	+5.958	+5.948	+5.933	+5.714	+5.684	+5.658	+5.683	
rs13154791     +5.780	+5.451	+5.830	+5.023	+5.024	+5.022	+5.813	+5.702	+5.700	+5.468	+5.622	+5.416	+5.027	+5.502	+5.750	+5.019	+5.683	+5.683	+5.682	+5.680	+5.288	+5.555	+5.555	+5.551	+5.019	+5.546	+5.535	+5.600	+5.434	+5.349	+5.331	+5.330	+4.924	+5.335	+4.922	+5.429	+4.922	+5.834	+5.847	+5.063	+5.066	+5.066	+5.061	+5.066	+5.067	+5.067	+5.067	+5.067	+5.070	+4.887	+6.046	+6.056	+5.067	+5.067	+5.066	+5.066	+5.066	+4.891	+5.070	+6.056	+6.045	+6.045	+4.929	+6.079	+5.095	+6.073	+5.096	+5.095	+6.073	+5.135	+5.553	+5.196	+5.717	+5.098	+4.858	+4.868	+5.103	+5.082	+6.099	+6.100	+6.107	+6.023	+6.102	+6.104	+6.108	+6.107	+6.106	+6.110	+6.087	+6.125	+6.093	+4.913	+6.163	+6.128	+6.102	+6.102	+6.107	+6.303	+6.346	+6.328	+6.350	+6.351	+4.947	+4.924	+5.084	+6.334	+6.336	+6.187	+6.387	+6.413	+6.393	+6.393	+4.976	+4.999	+6.433	+6.390	+4.946	+4.973	+6.360	+4.954	+4.932	+6.332	+5.594	+6.489	+5.575	+5.578	+5.582	+5.561	+7.016	+7.016	+7.014	+5.527	+5.526	+5.541	+7.011	+7.032	+7.012	+7.031	+7.008	+5.524	+5.491	+5.524	+7.008	+5.491	+7.102	+7.089	+7.090	+7.089	+5.520	+5.490	+7.101	+5.512	+7.006	+5.492	+7.005	+5.555	+5.557	+5.520	+6.645	+5.602	+5.549	+5.718	+5.801	+8.995	+6.642	+6.637	+5.862	+5.864	+5.766	+9.166	+5.999	+9.274	+6.867	+6.038	+6.873	+9.223	+5.974	+5.991	+8.858	+5.973	+8.874	+5.909	+5.161	+5.928	+5.988	+5.749	+5.734	+5.724	+5.708	+5.484	+5.453	+5.430	+5.452	
rs2288531      +5.489	+5.112	+5.528	+3.925	+3.942	+3.903	+5.498	+5.402	+5.400	+5.100	+5.322	+5.027	+3.685	+5.159	+5.460	+3.778	+5.395	+5.395	+5.394	+5.393	+4.639	+5.243	+5.243	+5.238	+3.758	+5.233	+5.217	+5.329	+5.081	+4.912	+4.874	+4.874	+3.517	+4.885	+3.507	+4.347	+3.504	+5.310	+5.327	+4.202	+4.209	+4.209	+4.197	+4.210	+4.210	+4.211	+4.211	+4.211	+4.218	+3.250	+5.565	+5.553	+4.211	+4.211	+4.207	+4.207	+4.207	+3.245	+4.219	+5.573	+5.562	+5.562	+3.446	+5.562	+4.263	+5.558	+4.267	+4.263	+5.559	+4.348	+4.687	+4.418	+4.991	+4.270	+3.285	+3.254	+4.280	+4.235	+5.590	+5.591	+5.599	+5.483	+5.585	+5.586	+5.592	+5.590	+5.590	+5.595	+5.564	+5.612	+5.571	+3.416	+5.659	+5.614	+5.580	+5.581	+5.586	+5.747	+5.794	+5.771	+5.799	+5.799	+3.455	+3.406	+4.167	+5.765	+5.767	+5.595	+5.830	+5.860	+5.835	+5.835	+3.473	+3.537	+5.884	+5.831	+3.433	+3.469	+5.795	+3.444	+3.414	+5.760	+4.282	+5.029	+4.258	+4.262	+4.268	+4.242	+6.522	+6.522	+6.520	+4.201	+4.199	+4.217	+6.516	+6.540	+6.517	+6.539	+6.513	+4.197	+4.156	+4.197	+6.512	+4.156	+6.626	+6.611	+6.611	+6.610	+4.192	+4.155	+6.625	+4.182	+6.510	+4.157	+6.509	+4.240	+4.238	+4.192	+5.182	+4.305	+4.242	+4.467	+4.366	+8.549	+5.184	+5.178	+4.603	+4.604	+4.501	+8.714	+4.759	+8.833	+5.416	+4.801	+5.421	+8.768	+4.721	+4.741	+8.346	+4.719	+8.365	+4.642	+3.550	+4.664	+4.735	+4.470	+4.451	+4.438	+4.419	+4.135	+4.094	+4.043	+4.093	
rs12522815     +5.767	+5.507	+5.806	+5.136	+5.137	+5.137	+5.789	+5.703	+5.701	+5.533	+5.642	+5.502	+5.159	+5.535	+5.753	+5.141	+5.698	+5.698	+5.697	+5.695	+5.434	+5.591	+5.591	+5.588	+5.142	+5.585	+5.576	+5.630	+5.494	+5.419	+5.404	+5.403	+5.037	+5.408	+5.036	+5.502	+5.036	+5.891	+5.903	+5.156	+5.158	+5.158	+5.154	+5.159	+5.159	+5.159	+5.159	+5.159	+5.162	+5.015	+6.099	+6.109	+5.159	+5.159	+5.158	+5.158	+5.158	+5.019	+5.162	+6.108	+6.098	+6.098	+5.035	+6.134	+5.184	+6.127	+5.185	+5.184	+6.128	+5.221	+5.631	+5.279	+5.786	+5.187	+4.978	+4.991	+5.191	+5.172	+6.153	+6.155	+6.161	+6.080	+6.157	+6.158	+6.162	+6.161	+6.161	+6.165	+6.142	+6.179	+6.148	+5.020	+6.216	+6.182	+6.157	+6.157	+6.162	+6.359	+6.401	+6.384	+6.405	+6.406	+5.054	+5.025	+5.173	+6.391	+6.393	+6.246	+6.443	+6.468	+6.449	+6.449	+5.075	+5.105	+6.488	+6.447	+5.046	+5.072	+6.417	+5.054	+5.033	+6.389	+5.692	+6.584	+5.674	+5.677	+5.681	+5.659	+7.068	+7.068	+7.066	+5.626	+5.625	+5.640	+7.063	+7.084	+7.064	+7.084	+7.061	+5.623	+5.591	+5.623	+7.060	+5.590	+7.153	+7.141	+7.141	+7.141	+5.620	+5.590	+7.152	+5.612	+7.058	+5.591	+7.058	+5.663	+5.656	+5.620	+6.740	+5.710	+5.650	+5.826	+5.893	+9.079	+6.737	+6.731	+5.959	+5.960	+5.874	+9.250	+6.094	+9.358	+6.961	+6.134	+6.967	+9.307	+6.070	+6.088	+8.943	+6.070	+8.959	+6.006	+5.268	+6.025	+6.084	+5.857	+5.842	+5.832	+5.816	+5.592	+5.561	+5.534	+5.561	
rs1045704      +5.831	+5.688	+5.851	+5.409	+5.409	+5.415	+5.840	+5.800	+5.799	+5.755	+5.778	+5.750	+5.460	+5.753	+5.802	+5.434	+5.800	+5.800	+5.799	+5.799	+5.950	+5.765	+5.765	+5.765	+5.439	+5.762	+5.761	+5.754	+5.678	+5.611	+5.604	+5.604	+5.301	+5.605	+5.302	+5.682	+5.303	+6.033	+6.045	+5.376	+5.378	+5.378	+5.375	+5.378	+5.378	+5.378	+5.378	+5.378	+5.380	+5.308	+6.232	+6.245	+5.378	+5.378	+5.378	+5.378	+5.378	+5.314	+5.381	+6.242	+6.232	+6.232	+5.276	+6.273	+5.394	+6.265	+5.395	+5.394	+6.266	+5.425	+5.817	+5.475	+5.954	+5.397	+5.254	+5.276	+5.400	+5.385	+6.290	+6.292	+6.298	+6.222	+6.295	+6.296	+6.300	+6.299	+6.299	+6.303	+6.281	+6.316	+6.287	+5.263	+6.352	+6.320	+6.295	+6.296	+6.300	+6.500	+6.542	+6.525	+6.546	+6.546	+5.298	+5.258	+5.383	+6.534	+6.536	+6.392	+6.584	+6.609	+6.590	+6.590	+5.305	+5.344	+6.628	+6.588	+5.278	+5.302	+6.559	+5.285	+5.266	+6.532	+5.909	+6.803	+5.891	+5.894	+5.898	+5.877	+7.199	+7.200	+7.198	+5.845	+5.844	+5.858	+7.195	+7.215	+7.196	+7.215	+7.193	+5.842	+5.810	+5.842	+7.192	+5.810	+7.282	+7.270	+7.270	+7.270	+5.839	+5.810	+7.280	+5.831	+7.190	+5.811	+7.190	+5.890	+5.874	+5.839	+6.959	+5.935	+5.869	+6.049	+6.111	+9.268	+6.956	+6.951	+6.169	+6.171	+6.096	+9.439	+6.302	+9.546	+7.179	+6.341	+7.184	+9.495	+6.279	+6.296	+9.137	+6.278	+9.152	+6.216	+5.511	+6.234	+6.292	+6.080	+6.065	+6.055	+6.040	+5.821	+5.791	+5.761	+5.791	
rs2914714      +5.462	+5.108	+5.499	+3.954	+3.967	+3.940	+5.471	+5.379	+5.377	+5.086	+5.303	+5.019	+3.778	+5.141	+5.434	+3.843	+5.373	+5.373	+5.373	+5.371	+4.658	+5.229	+5.229	+5.224	+3.842	+5.220	+5.205	+5.316	+5.081	+4.926	+4.890	+4.889	+3.616	+4.900	+3.608	+4.409	+3.605	+5.355	+5.372	+4.272	+4.278	+4.278	+4.267	+4.280	+4.280	+4.280	+4.280	+4.281	+4.288	+3.384	+5.607	+5.597	+4.281	+4.281	+4.277	+4.277	+4.277	+3.379	+4.289	+5.615	+5.604	+5.604	+3.567	+5.610	+4.335	+5.606	+4.338	+4.335	+5.606	+4.416	+4.768	+4.487	+5.058	+4.341	+3.411	+3.385	+4.351	+4.307	+5.637	+5.638	+5.646	+5.533	+5.633	+5.635	+5.640	+5.638	+5.638	+5.643	+5.613	+5.660	+5.620	+3.539	+5.706	+5.662	+5.629	+5.629	+5.635	+5.802	+5.848	+5.826	+5.853	+5.854	+3.580	+3.528	+4.251	+5.821	+5.824	+5.652	+5.885	+5.915	+5.891	+5.890	+3.592	+3.659	+5.938	+5.886	+3.554	+3.588	+5.851	+3.565	+3.536	+5.816	+4.382	+5.137	+4.359	+4.363	+4.369	+4.343	+6.575	+6.575	+6.573	+4.303	+4.302	+4.319	+6.569	+6.593	+6.570	+6.592	+6.566	+4.299	+4.259	+4.299	+6.566	+4.259	+6.678	+6.662	+6.662	+6.662	+4.295	+4.259	+6.676	+4.284	+6.563	+4.260	+6.562	+4.341	+4.340	+4.294	+5.288	+4.404	+4.343	+4.563	+4.475	+8.646	+5.290	+5.284	+4.697	+4.699	+4.597	+8.810	+4.850	+8.929	+5.519	+4.892	+5.525	+8.864	+4.814	+4.833	+8.446	+4.812	+8.465	+4.737	+3.678	+4.758	+4.828	+4.566	+4.547	+4.535	+4.516	+4.240	+4.200	+4.154	+4.199	
rs2052884      +5.807	+5.643	+5.830	+5.350	+5.351	+5.356	+5.820	+5.770	+5.769	+5.693	+5.739	+5.683	+5.395	+5.698	+5.800	+5.373	+5.747	+5.772	+5.771	+5.771	+5.845	+5.722	+5.722	+5.721	+5.378	+5.718	+5.716	+5.725	+5.638	+5.569	+5.561	+5.560	+5.247	+5.562	+5.248	+5.641	+5.248	+6.000	+6.012	+5.328	+5.330	+5.330	+5.327	+5.331	+5.331	+5.331	+5.331	+5.331	+5.333	+5.250	+6.201	+6.213	+5.331	+5.331	+5.330	+5.330	+5.330	+5.255	+5.333	+6.210	+6.200	+6.200	+5.225	+6.240	+5.348	+6.233	+5.350	+5.348	+6.233	+5.380	+5.776	+5.431	+5.916	+5.351	+5.198	+5.219	+5.355	+5.338	+6.258	+6.259	+6.266	+6.188	+6.262	+6.264	+6.268	+6.266	+6.266	+6.270	+6.248	+6.284	+6.254	+5.211	+6.320	+6.287	+6.262	+6.263	+6.267	+6.467	+6.509	+6.492	+6.513	+6.514	+5.246	+5.208	+5.337	+6.501	+6.503	+6.358	+6.551	+6.576	+6.557	+6.557	+5.255	+5.293	+6.595	+6.555	+5.228	+5.253	+6.526	+5.236	+5.216	+6.499	+5.860	+6.753	+5.841	+5.845	+5.849	+5.827	+7.168	+7.169	+7.167	+5.795	+5.794	+5.809	+7.164	+7.185	+7.165	+7.184	+7.162	+5.792	+5.760	+5.792	+7.161	+5.760	+7.251	+7.239	+7.240	+7.239	+5.789	+5.760	+7.250	+5.781	+7.159	+5.761	+7.159	+5.837	+5.824	+5.789	+6.908	+5.883	+5.818	+5.996	+6.063	+9.223	+6.906	+6.900	+6.120	+6.122	+6.044	+9.393	+6.253	+9.500	+7.128	+6.292	+7.134	+9.450	+6.230	+6.247	+9.091	+6.229	+9.106	+6.167	+5.459	+6.185	+6.243	+6.027	+6.012	+6.002	+5.987	+5.769	+5.739	+5.709	+5.738	
rs2052883      +5.807	+5.643	+5.830	+5.350	+5.351	+5.356	+5.820	+5.770	+5.769	+5.693	+5.739	+5.683	+5.395	+5.698	+5.800	+5.373	+5.772	+5.747	+5.771	+5.771	+5.844	+5.722	+5.722	+5.721	+5.378	+5.718	+5.716	+5.725	+5.638	+5.569	+5.561	+5.560	+5.247	+5.562	+5.248	+5.641	+5.248	+6.000	+6.012	+5.328	+5.330	+5.330	+5.327	+5.331	+5.331	+5.331	+5.331	+5.331	+5.333	+5.250	+6.201	+6.213	+5.331	+5.331	+5.330	+5.330	+5.330	+5.255	+5.333	+6.210	+6.200	+6.200	+5.225	+6.240	+5.348	+6.233	+5.349	+5.348	+6.233	+5.380	+5.775	+5.431	+5.916	+5.351	+5.198	+5.219	+5.354	+5.338	+6.258	+6.259	+6.266	+6.188	+6.262	+6.264	+6.268	+6.266	+6.266	+6.270	+6.248	+6.284	+6.254	+5.211	+6.320	+6.287	+6.262	+6.263	+6.267	+6.467	+6.509	+6.492	+6.513	+6.514	+5.246	+5.208	+5.337	+6.501	+6.503	+6.358	+6.551	+6.576	+6.557	+6.557	+5.255	+5.293	+6.595	+6.555	+5.228	+5.253	+6.526	+5.236	+5.216	+6.499	+5.860	+6.753	+5.841	+5.845	+5.848	+5.827	+7.168	+7.169	+7.167	+5.795	+5.794	+5.808	+7.164	+7.184	+7.165	+7.184	+7.162	+5.792	+5.760	+5.792	+7.161	+5.760	+7.251	+7.239	+7.240	+7.239	+5.789	+5.760	+7.250	+5.781	+7.159	+5.761	+7.159	+5.837	+5.824	+5.789	+6.908	+5.883	+5.818	+5.996	+6.062	+9.223	+6.905	+6.900	+6.120	+6.122	+6.043	+9.393	+6.253	+9.500	+7.128	+6.292	+7.134	+9.450	+6.230	+6.247	+9.091	+6.229	+9.106	+6.167	+5.459	+6.185	+6.243	+6.027	+6.012	+6.002	+5.987	+5.769	+5.739	+5.709	+5.738	
rs2052882      +5.806	+5.642	+5.829	+5.350	+5.350	+5.356	+5.820	+5.770	+5.769	+5.692	+5.738	+5.682	+5.394	+5.697	+5.799	+5.373	+5.771	+5.771	+5.746	+5.770	+5.843	+5.721	+5.721	+5.720	+5.377	+5.718	+5.715	+5.724	+5.637	+5.568	+5.560	+5.560	+5.246	+5.562	+5.247	+5.641	+5.247	+6.000	+6.012	+5.328	+5.330	+5.330	+5.327	+5.330	+5.330	+5.330	+5.330	+5.330	+5.332	+5.249	+6.200	+6.213	+5.330	+5.330	+5.330	+5.330	+5.329	+5.255	+5.333	+6.210	+6.199	+6.200	+5.224	+6.239	+5.348	+6.232	+5.349	+5.348	+6.233	+5.379	+5.775	+5.431	+5.915	+5.350	+5.197	+5.218	+5.354	+5.338	+6.257	+6.259	+6.265	+6.188	+6.262	+6.263	+6.267	+6.266	+6.266	+6.270	+6.247	+6.283	+6.253	+5.211	+6.319	+6.287	+6.262	+6.263	+6.267	+6.467	+6.508	+6.492	+6.513	+6.513	+5.246	+5.207	+5.336	+6.501	+6.503	+6.358	+6.551	+6.576	+6.557	+6.557	+5.255	+5.292	+6.595	+6.555	+5.227	+5.252	+6.526	+5.235	+5.215	+6.499	+5.859	+6.752	+5.841	+5.844	+5.848	+5.827	+7.168	+7.168	+7.167	+5.794	+5.793	+5.808	+7.163	+7.184	+7.164	+7.184	+7.161	+5.791	+5.760	+5.791	+7.161	+5.759	+7.251	+7.239	+7.239	+7.239	+5.788	+5.759	+7.250	+5.781	+7.159	+5.761	+7.159	+5.837	+5.823	+5.788	+6.908	+5.882	+5.818	+5.996	+6.062	+9.222	+6.905	+6.899	+6.119	+6.121	+6.043	+9.392	+6.252	+9.500	+7.127	+6.291	+7.133	+9.449	+6.229	+6.246	+9.090	+6.228	+9.105	+6.166	+5.458	+6.185	+6.243	+6.026	+6.011	+6.001	+5.986	+5.768	+5.738	+5.709	+5.737	
rs2860398      +5.806	+5.641	+5.829	+5.348	+5.348	+5.354	+5.819	+5.769	+5.768	+5.691	+5.737	+5.680	+5.393	+5.695	+5.799	+5.371	+5.771	+5.771	+5.770	+5.744	+5.839	+5.720	+5.720	+5.719	+5.375	+5.716	+5.714	+5.724	+5.636	+5.567	+5.559	+5.559	+5.245	+5.561	+5.245	+5.640	+5.246	+5.999	+6.011	+5.326	+5.328	+5.328	+5.325	+5.329	+5.329	+5.329	+5.329	+5.329	+5.331	+5.247	+6.199	+6.212	+5.329	+5.329	+5.328	+5.328	+5.328	+5.253	+5.331	+6.209	+6.199	+6.199	+5.223	+6.239	+5.346	+6.231	+5.348	+5.346	+6.232	+5.378	+5.774	+5.429	+5.914	+5.349	+5.196	+5.216	+5.353	+5.336	+6.257	+6.258	+6.264	+6.187	+6.261	+6.262	+6.266	+6.265	+6.265	+6.269	+6.247	+6.282	+6.252	+5.209	+6.319	+6.286	+6.261	+6.262	+6.266	+6.466	+6.508	+6.491	+6.512	+6.512	+5.244	+5.206	+5.335	+6.500	+6.502	+6.357	+6.550	+6.575	+6.556	+6.556	+5.253	+5.291	+6.594	+6.554	+5.226	+5.251	+6.525	+5.234	+5.214	+6.498	+5.857	+6.751	+5.839	+5.843	+5.846	+5.825	+7.167	+7.167	+7.166	+5.793	+5.792	+5.806	+7.162	+7.183	+7.163	+7.183	+7.160	+5.790	+5.758	+5.790	+7.160	+5.758	+7.250	+7.238	+7.238	+7.238	+5.787	+5.758	+7.249	+5.779	+7.158	+5.759	+7.158	+5.835	+5.822	+5.787	+6.906	+5.881	+5.816	+5.994	+6.060	+9.221	+6.903	+6.898	+6.118	+6.119	+6.041	+9.391	+6.251	+9.498	+7.126	+6.290	+7.132	+9.448	+6.227	+6.245	+9.089	+6.227	+9.104	+6.165	+5.457	+6.183	+6.241	+6.025	+6.010	+6.000	+5.985	+5.766	+5.736	+5.707	+5.736	
rs13165705     +5.921	+5.345	+6.000	+4.688	+4.690	+4.681	+6.015	+5.826	+5.822	+5.367	+5.683	+5.288	+4.639	+5.434	+5.950	+4.658	+5.845	+5.844	+5.843	+5.839	+5.027	+5.573	+5.573	+5.566	+4.655	+5.556	+5.533	+5.603	+5.323	+5.178	+5.151	+5.150	+4.571	+5.158	+4.568	+5.194	+4.567	+5.665	+5.679	+4.778	+4.782	+4.782	+4.776	+4.783	+4.783	+4.783	+4.783	+4.783	+4.787	+4.489	+5.891	+5.896	+4.784	+4.784	+4.782	+4.782	+4.782	+4.490	+4.788	+5.900	+5.889	+5.889	+4.578	+5.915	+4.820	+5.909	+4.822	+4.820	+5.909	+4.870	+5.317	+4.935	+5.514	+4.824	+4.479	+4.478	+4.830	+4.803	+5.937	+5.938	+5.945	+5.853	+5.938	+5.939	+5.944	+5.942	+5.942	+5.946	+5.921	+5.962	+5.927	+4.560	+6.002	+5.964	+5.936	+5.937	+5.941	+6.136	+6.179	+6.160	+6.184	+6.184	+4.593	+4.593	+4.802	+6.164	+6.166	+6.013	+6.220	+6.247	+6.225	+6.225	+4.649	+4.650	+6.267	+6.223	+4.616	+4.646	+6.191	+4.625	+4.601	+6.161	+5.257	+6.172	+5.238	+5.241	+5.245	+5.223	+6.860	+6.860	+6.858	+5.188	+5.187	+5.203	+6.855	+6.877	+6.856	+6.877	+6.852	+5.185	+5.151	+5.185	+6.852	+5.151	+6.951	+6.938	+6.938	+6.937	+5.182	+5.151	+6.949	+5.174	+6.850	+5.152	+6.849	+5.188	+5.220	+5.182	+6.326	+5.232	+5.208	+5.349	+5.502	+8.743	+6.325	+6.319	+5.531	+5.533	+5.396	+8.914	+5.669	+9.024	+6.553	+5.711	+6.559	+8.972	+5.643	+5.661	+8.601	+5.643	+8.617	+5.577	+4.806	+5.596	+5.657	+5.379	+5.363	+5.353	+5.337	+5.114	+5.082	+5.082	+5.082	
rs13187721     +5.782	+5.555	+5.816	+5.216	+5.217	+5.219	+5.806	+5.730	+5.729	+5.577	+5.677	+5.555	+5.243	+5.591	+5.765	+5.229	+5.722	+5.722	+5.721	+5.720	+5.573	+5.615	+5.639	+5.637	+5.232	+5.634	+5.627	+5.666	+5.547	+5.473	+5.461	+5.461	+5.117	+5.464	+5.117	+5.551	+5.117	+5.926	+5.939	+5.218	+5.221	+5.221	+5.217	+5.221	+5.221	+5.221	+5.221	+5.221	+5.224	+5.107	+6.131	+6.143	+5.221	+5.221	+5.220	+5.220	+5.220	+5.112	+5.224	+6.141	+6.130	+6.131	+5.105	+6.168	+5.242	+6.161	+5.244	+5.242	+6.161	+5.277	+5.681	+5.332	+5.830	+5.245	+5.063	+5.080	+5.249	+5.232	+6.187	+6.188	+6.195	+6.114	+6.190	+6.192	+6.196	+6.195	+6.194	+6.198	+6.176	+6.212	+6.181	+5.090	+6.249	+6.215	+6.190	+6.191	+6.195	+6.394	+6.436	+6.419	+6.440	+6.441	+5.125	+5.092	+5.232	+6.426	+6.429	+6.282	+6.478	+6.503	+6.483	+6.483	+5.140	+5.173	+6.522	+6.481	+5.112	+5.138	+6.452	+5.120	+5.099	+6.424	+5.747	+6.639	+5.728	+5.732	+5.736	+5.714	+7.099	+7.099	+7.097	+5.681	+5.681	+5.695	+7.094	+7.115	+7.095	+7.115	+7.092	+5.678	+5.647	+5.678	+7.091	+5.646	+7.183	+7.171	+7.171	+7.171	+5.675	+5.646	+7.182	+5.668	+7.090	+5.648	+7.089	+5.717	+5.711	+5.675	+6.794	+5.762	+5.704	+5.876	+5.953	+9.119	+6.792	+6.786	+6.009	+6.011	+5.923	+9.289	+6.143	+9.397	+7.014	+6.182	+7.020	+9.346	+6.119	+6.136	+8.985	+6.118	+9.001	+6.055	+5.338	+6.074	+6.132	+5.906	+5.891	+5.881	+5.866	+5.647	+5.617	+5.592	+5.616	
rs13187363     +5.782	+5.555	+5.816	+5.216	+5.217	+5.219	+5.806	+5.730	+5.729	+5.577	+5.677	+5.555	+5.243	+5.591	+5.765	+5.229	+5.722	+5.722	+5.721	+5.720	+5.573	+5.639	+5.615	+5.637	+5.232	+5.634	+5.627	+5.666	+5.547	+5.473	+5.461	+5.461	+5.117	+5.464	+5.117	+5.551	+5.117	+5.926	+5.939	+5.218	+5.221	+5.221	+5.217	+5.221	+5.221	+5.221	+5.221	+5.221	+5.224	+5.107	+6.131	+6.143	+5.221	+5.221	+5.220	+5.220	+5.220	+5.112	+5.224	+6.141	+6.130	+6.131	+5.105	+6.168	+5.242	+6.161	+5.244	+5.242	+6.161	+5.277	+5.681	+5.332	+5.830	+5.245	+5.063	+5.080	+5.249	+5.232	+6.187	+6.188	+6.195	+6.114	+6.190	+6.192	+6.196	+6.195	+6.194	+6.198	+6.176	+6.212	+6.181	+5.090	+6.249	+6.215	+6.190	+6.191	+6.195	+6.394	+6.436	+6.418	+6.440	+6.441	+5.125	+5.092	+5.232	+6.426	+6.429	+6.282	+6.478	+6.503	+6.483	+6.483	+5.140	+5.173	+6.522	+6.481	+5.112	+5.138	+6.452	+5.120	+5.099	+6.424	+5.747	+6.639	+5.728	+5.732	+5.736	+5.714	+7.099	+7.099	+7.097	+5.681	+5.680	+5.695	+7.094	+7.115	+7.095	+7.115	+7.092	+5.678	+5.647	+5.678	+7.091	+5.646	+7.183	+7.171	+7.171	+7.171	+5.675	+5.646	+7.182	+5.668	+7.090	+5.648	+7.089	+5.716	+5.711	+5.675	+6.794	+5.762	+5.704	+5.876	+5.953	+9.119	+6.792	+6.786	+6.009	+6.011	+5.923	+9.289	+6.143	+9.397	+7.014	+6.182	+7.020	+9.346	+6.119	+6.136	+8.985	+6.118	+9.001	+6.055	+5.338	+6.074	+6.132	+5.906	+5.891	+5.881	+5.866	+5.647	+5.617	+5.592	+5.616	
rs2963008      +5.782	+5.552	+5.816	+5.212	+5.213	+5.215	+5.807	+5.729	+5.728	+5.574	+5.675	+5.551	+5.238	+5.588	+5.765	+5.224	+5.721	+5.721	+5.720	+5.719	+5.566	+5.637	+5.637	+5.611	+5.227	+5.632	+5.625	+5.665	+5.545	+5.470	+5.458	+5.458	+5.113	+5.461	+5.113	+5.548	+5.113	+5.924	+5.936	+5.215	+5.217	+5.217	+5.213	+5.217	+5.217	+5.218	+5.218	+5.218	+5.220	+5.103	+6.129	+6.140	+5.218	+5.218	+5.217	+5.217	+5.217	+5.108	+5.221	+6.138	+6.128	+6.128	+5.101	+6.165	+5.239	+6.158	+5.240	+5.239	+6.159	+5.274	+5.677	+5.328	+5.827	+5.242	+5.059	+5.076	+5.246	+5.228	+6.184	+6.185	+6.192	+6.112	+6.188	+6.189	+6.193	+6.192	+6.192	+6.196	+6.173	+6.210	+6.179	+5.086	+6.247	+6.213	+6.188	+6.188	+6.193	+6.391	+6.433	+6.416	+6.437	+6.438	+5.121	+5.088	+5.228	+6.424	+6.426	+6.280	+6.475	+6.500	+6.481	+6.481	+5.136	+5.169	+6.520	+6.479	+5.108	+5.134	+6.449	+5.116	+5.095	+6.422	+5.743	+6.635	+5.724	+5.728	+5.732	+5.710	+7.096	+7.097	+7.095	+5.677	+5.677	+5.691	+7.092	+7.112	+7.093	+7.112	+7.089	+5.674	+5.643	+5.674	+7.089	+5.642	+7.181	+7.169	+7.169	+7.168	+5.671	+5.642	+7.180	+5.664	+7.087	+5.644	+7.087	+5.712	+5.707	+5.671	+6.790	+5.758	+5.700	+5.872	+5.949	+9.116	+6.788	+6.782	+6.005	+6.007	+5.919	+9.286	+6.139	+9.393	+7.010	+6.178	+7.016	+9.343	+6.115	+6.132	+8.982	+6.114	+8.997	+6.051	+5.334	+6.070	+6.128	+5.902	+5.887	+5.877	+5.862	+5.643	+5.613	+5.588	+5.612	
rs2914712      +5.466	+5.108	+5.503	+3.951	+3.966	+3.937	+5.476	+5.383	+5.381	+5.086	+5.307	+5.019	+3.758	+5.142	+5.439	+3.842	+5.378	+5.378	+5.377	+5.375	+4.655	+5.232	+5.232	+5.227	+3.818	+5.222	+5.207	+5.319	+5.082	+4.924	+4.887	+4.887	+3.598	+4.897	+3.590	+4.397	+3.587	+5.346	+5.363	+4.258	+4.264	+4.265	+4.253	+4.266	+4.266	+4.266	+4.266	+4.267	+4.274	+3.362	+5.598	+5.588	+4.267	+4.267	+4.263	+4.263	+4.263	+3.358	+4.275	+5.607	+5.595	+5.595	+3.545	+5.600	+4.320	+5.596	+4.324	+4.321	+5.597	+4.402	+4.753	+4.473	+5.045	+4.327	+3.390	+3.363	+4.337	+4.293	+5.627	+5.629	+5.637	+5.523	+5.623	+5.625	+5.630	+5.628	+5.628	+5.633	+5.603	+5.650	+5.610	+3.518	+5.696	+5.652	+5.619	+5.619	+5.625	+5.791	+5.837	+5.815	+5.842	+5.843	+3.558	+3.507	+4.234	+5.810	+5.812	+5.641	+5.874	+5.904	+5.879	+5.879	+3.571	+3.637	+5.927	+5.875	+3.533	+3.568	+5.840	+3.544	+3.515	+5.805	+4.361	+5.116	+4.338	+4.342	+4.348	+4.322	+6.564	+6.564	+6.562	+4.282	+4.280	+4.298	+6.558	+6.581	+6.559	+6.581	+6.555	+4.278	+4.238	+4.278	+6.554	+4.238	+6.667	+6.651	+6.652	+6.651	+4.274	+4.238	+6.665	+4.263	+6.552	+4.239	+6.551	+4.318	+4.318	+4.273	+5.267	+4.381	+4.322	+4.540	+4.454	+8.626	+5.269	+5.262	+4.677	+4.678	+4.574	+8.790	+4.830	+8.909	+5.498	+4.872	+5.504	+8.844	+4.793	+4.813	+8.426	+4.791	+8.445	+4.716	+3.656	+4.737	+4.807	+4.543	+4.524	+4.512	+4.493	+4.217	+4.177	+4.132	+4.176	
rs2963007      +5.779	+5.550	+5.813	+5.208	+5.209	+5.211	+5.803	+5.726	+5.725	+5.570	+5.672	+5.546	+5.233	+5.585	+5.762	+5.220	+5.718	+5.718	+5.718	+5.716	+5.556	+5.634	+5.634	+5.632	+5.222	+5.607	+5.621	+5.663	+5.543	+5.468	+5.456	+5.456	+5.109	+5.459	+5.109	+5.546	+5.109	+5.922	+5.934	+5.212	+5.214	+5.214	+5.210	+5.215	+5.215	+5.215	+5.215	+5.215	+5.217	+5.099	+6.127	+6.138	+5.215	+5.215	+5.214	+5.214	+5.214	+5.104	+5.218	+6.137	+6.126	+6.126	+5.098	+6.164	+5.236	+6.156	+5.238	+5.236	+6.157	+5.271	+5.675	+5.326	+5.824	+5.239	+5.055	+5.072	+5.243	+5.225	+6.182	+6.184	+6.190	+6.110	+6.186	+6.187	+6.191	+6.190	+6.190	+6.194	+6.171	+6.208	+6.177	+5.083	+6.245	+6.211	+6.186	+6.186	+6.191	+6.389	+6.431	+6.414	+6.435	+6.436	+5.118	+5.085	+5.225	+6.422	+6.424	+6.278	+6.473	+6.498	+6.479	+6.479	+5.133	+5.167	+6.518	+6.477	+5.105	+5.131	+6.447	+5.113	+5.092	+6.420	+5.739	+6.630	+5.720	+5.724	+5.728	+5.706	+7.094	+7.094	+7.092	+5.673	+5.672	+5.687	+7.089	+7.110	+7.090	+7.110	+7.087	+5.670	+5.638	+5.670	+7.086	+5.638	+7.178	+7.166	+7.166	+7.166	+5.667	+5.638	+7.177	+5.660	+7.085	+5.639	+7.084	+5.709	+5.703	+5.667	+6.785	+5.754	+5.696	+5.868	+5.945	+9.110	+6.782	+6.777	+6.001	+6.003	+5.915	+9.280	+6.135	+9.387	+7.005	+6.174	+7.011	+9.337	+6.111	+6.128	+8.976	+6.110	+8.992	+6.047	+5.330	+6.066	+6.124	+5.898	+5.883	+5.873	+5.858	+5.639	+5.609	+5.584	+5.608	
rs2914711      +5.778	+5.541	+5.814	+5.194	+5.195	+5.197	+5.804	+5.724	+5.723	+5.559	+5.668	+5.535	+5.217	+5.576	+5.761	+5.205	+5.716	+5.716	+5.715	+5.714	+5.533	+5.627	+5.627	+5.625	+5.207	+5.621	+5.593	+5.658	+5.534	+5.458	+5.446	+5.445	+5.095	+5.449	+5.095	+5.536	+5.095	+5.914	+5.927	+5.200	+5.203	+5.203	+5.199	+5.203	+5.203	+5.203	+5.203	+5.203	+5.206	+5.084	+6.120	+6.131	+5.203	+5.203	+5.202	+5.202	+5.202	+5.089	+5.206	+6.129	+6.119	+6.119	+5.084	+6.156	+5.225	+6.149	+5.226	+5.225	+6.149	+5.260	+5.665	+5.315	+5.816	+5.228	+5.041	+5.057	+5.232	+5.214	+6.175	+6.176	+6.183	+6.102	+6.178	+6.180	+6.184	+6.183	+6.183	+6.186	+6.164	+6.200	+6.169	+5.070	+6.237	+6.203	+6.178	+6.179	+6.183	+6.381	+6.423	+6.406	+6.427	+6.428	+5.105	+5.072	+5.214	+6.414	+6.416	+6.270	+6.465	+6.491	+6.471	+6.471	+5.121	+5.153	+6.509	+6.469	+5.093	+5.119	+6.439	+5.101	+5.080	+6.412	+5.727	+6.621	+5.709	+5.712	+5.716	+5.695	+7.087	+7.088	+7.086	+5.663	+5.662	+5.677	+7.082	+7.103	+7.084	+7.103	+7.080	+5.659	+5.628	+5.659	+7.080	+5.628	+7.172	+7.160	+7.160	+7.159	+5.657	+5.628	+7.171	+5.649	+7.078	+5.629	+7.077	+5.696	+5.691	+5.655	+6.775	+5.742	+5.684	+5.855	+5.934	+9.101	+6.772	+6.766	+5.990	+5.992	+5.902	+9.270	+6.123	+9.379	+6.995	+6.162	+7.001	+9.328	+6.099	+6.117	+8.967	+6.099	+8.982	+6.036	+5.318	+6.055	+6.113	+5.885	+5.870	+5.860	+5.845	+5.626	+5.596	+5.573	+5.595	
rs2914709      +5.769	+5.605	+5.791	+5.302	+5.302	+5.305	+5.777	+5.728	+5.727	+5.617	+5.693	+5.600	+5.329	+5.630	+5.754	+5.316	+5.725	+5.725	+5.724	+5.724	+5.603	+5.666	+5.666	+5.665	+5.319	+5.663	+5.658	+5.713	+5.672	+5.565	+5.560	+5.560	+5.222	+5.560	+5.223	+5.604	+5.224	+5.961	+5.973	+5.296	+5.298	+5.298	+5.295	+5.299	+5.299	+5.299	+5.299	+5.299	+5.301	+5.231	+6.162	+6.174	+5.299	+5.299	+5.298	+5.298	+5.298	+5.238	+5.301	+6.171	+6.161	+6.161	+5.195	+6.199	+5.312	+6.192	+5.314	+5.313	+6.192	+5.343	+5.732	+5.392	+5.873	+5.315	+5.174	+5.198	+5.318	+5.303	+6.217	+6.218	+6.225	+6.147	+6.221	+6.222	+6.226	+6.225	+6.225	+6.229	+6.206	+6.242	+6.212	+5.181	+6.279	+6.246	+6.221	+6.221	+6.226	+6.424	+6.466	+6.449	+6.470	+6.471	+5.216	+5.182	+5.297	+6.458	+6.460	+6.316	+6.508	+6.532	+6.513	+6.513	+5.230	+5.263	+6.551	+6.511	+5.202	+5.227	+6.482	+5.210	+5.189	+6.455	+5.790	+6.680	+5.772	+5.776	+5.779	+5.759	+7.123	+7.123	+7.121	+5.727	+5.726	+5.740	+7.118	+7.139	+7.119	+7.138	+7.116	+5.724	+5.694	+5.724	+7.115	+5.693	+7.206	+7.194	+7.194	+7.194	+5.721	+5.693	+7.205	+5.714	+7.113	+5.694	+7.113	+5.759	+5.756	+5.721	+6.833	+5.850	+5.748	+5.910	+6.005	+9.133	+6.830	+6.825	+6.044	+6.046	+5.955	+9.302	+6.174	+9.409	+7.050	+6.212	+7.056	+9.359	+6.151	+6.167	+9.002	+6.150	+9.017	+6.089	+5.425	+6.107	+6.164	+5.938	+5.923	+5.914	+5.899	+5.734	+5.704	+5.676	+5.703	
