## Summary of overall evidence for association with region:
## log10(BF for region) = -0.333777
## p-value for region = NA

## BFs for choosing among multi-SNP models:
## log10(average 1-SNP BF) = -0.277889
## log10(average 2-SNP BF) = -0.473241

## Example posterior probabilities for multi-SNP models, based on default prior: [p(l) propto 0.5^l for l=1,2,...,L]
## posterior probability of 1-SNP = 0.758223
## posterior probability of 2-SNP = 0.241777

## log10(BF) for single SNP and pair of SNPs:
rs59953817     -0.480	-0.676	-0.554	-0.393	-0.205	-0.601	-0.484	-0.372	-0.340	-0.345	-0.388	-0.946	-0.744	-0.743	-0.959	-0.773	-0.752	-0.713	-0.727	-0.752	-0.729	-0.743	-0.740	-0.971	-0.715	-0.627	-0.690	-0.847	-0.694	-0.084	-0.701	-0.696	-0.698	-0.678	-0.952	-0.954	-0.915	-0.917	-0.915	-0.917	-0.925	-0.915	-0.917	-0.952	-0.946	-0.951	-0.928	-0.928	-0.779	-0.778	-0.927	-0.927	-0.927	-0.927	-0.927	-0.928	-0.927	-0.788	-0.821	-0.692	-0.633	-0.624	-0.750	-0.628	-0.606	-0.574	-0.738	-0.717	-0.535	-0.501	-0.281	-0.224	-0.278	-0.069	-0.089	-0.290	-0.227	+0.043	-0.947	
rs12601153     -0.676	-0.575	-0.618	-0.541	-0.326	-0.734	-0.655	-0.641	-0.616	-0.620	-0.652	-1.031	-0.834	-0.834	-1.045	-0.843	-0.842	-0.807	-0.820	-0.842	-0.822	-0.833	-0.831	-1.060	-0.807	-0.698	-0.763	-0.933	-0.781	-0.150	-0.789	-0.783	-0.785	-0.765	-1.041	-1.043	-1.009	-1.010	-1.009	-1.010	-1.017	-1.008	-1.010	-1.038	-1.032	-1.037	-1.014	-1.014	-0.857	-0.856	-1.013	-1.013	-1.013	-1.013	-1.013	-1.014	-1.014	-0.867	-0.901	-0.773	-0.714	-0.705	-0.831	-0.709	-0.687	-0.661	-0.821	-0.800	-0.622	-0.589	-0.370	-0.314	-0.367	-0.158	-0.178	-0.369	-0.306	-0.044	-1.035	
rs34588747     -0.554	-0.618	-0.555	-0.665	-0.512	-0.751	-0.724	-0.709	-0.691	-0.694	-0.716	-1.011	-0.815	-0.814	-1.026	-0.817	-0.823	-0.787	-0.800	-0.823	-0.802	-0.814	-0.811	-1.041	-0.787	-0.674	-0.740	-0.914	-0.761	-0.124	-0.768	-0.763	-0.765	-0.745	-1.023	-1.024	-0.992	-0.993	-0.991	-0.993	-1.000	-0.991	-0.993	-1.018	-1.012	-1.018	-0.993	-0.993	-0.835	-0.834	-0.994	-0.994	-0.994	-0.994	-0.994	-0.995	-0.994	-0.845	-0.880	-0.752	-0.694	-0.685	-0.811	-0.689	-0.667	-0.644	-0.801	-0.780	-0.605	-0.572	-0.354	-0.298	-0.351	-0.143	-0.163	-0.348	-0.285	-0.028	-1.016	
rs34037779     -0.393	-0.541	-0.665	-0.500	-0.536	-0.710	-0.655	-0.702	-0.694	-0.695	-0.706	-0.960	-0.762	-0.762	-0.975	-0.763	-0.770	-0.733	-0.747	-0.770	-0.749	-0.762	-0.758	-0.990	-0.733	-0.622	-0.689	-0.865	-0.710	-0.058	-0.718	-0.713	-0.715	-0.695	-0.971	-0.972	-0.941	-0.942	-0.941	-0.942	-0.949	-0.941	-0.942	-0.966	-0.960	-0.966	-0.941	-0.941	-0.780	-0.780	-0.941	-0.941	-0.941	-0.941	-0.942	-0.943	-0.942	-0.791	-0.826	-0.700	-0.642	-0.633	-0.758	-0.637	-0.615	-0.592	-0.749	-0.728	-0.555	-0.521	-0.305	-0.250	-0.303	-0.094	-0.115	-0.296	-0.233	+0.022	-0.965	
rs35400033     -0.205	-0.326	-0.512	-0.536	-0.420	-0.579	-0.523	-0.632	-0.637	-0.637	-0.638	-0.884	-0.686	-0.685	-0.900	-0.682	-0.694	-0.656	-0.670	-0.694	-0.672	-0.686	-0.681	-0.915	-0.656	-0.543	-0.610	-0.792	-0.635	+0.029	-0.643	-0.637	-0.639	-0.619	-0.896	-0.897	-0.867	-0.868	-0.867	-0.868	-0.875	-0.866	-0.868	-0.891	-0.884	-0.890	-0.865	-0.865	-0.704	-0.704	-0.866	-0.866	-0.866	-0.866	-0.866	-0.868	-0.867	-0.715	-0.750	-0.624	-0.567	-0.557	-0.683	-0.561	-0.539	-0.517	-0.674	-0.653	-0.480	-0.447	-0.231	-0.176	-0.228	-0.019	-0.040	-0.220	-0.157	+0.099	-0.890	
rs35931417     -0.601	-0.734	-0.751	-0.710	-0.579	-0.557	-0.738	-0.737	-0.720	-0.723	-0.740	-1.012	-0.816	-0.816	-1.027	-0.817	-0.825	-0.788	-0.802	-0.824	-0.804	-0.816	-0.812	-1.043	-0.788	-0.674	-0.740	-0.915	-0.761	-0.123	-0.769	-0.764	-0.766	-0.746	-1.024	-1.025	-0.993	-0.994	-0.993	-0.994	-1.001	-0.992	-0.994	-1.020	-1.014	-1.019	-0.995	-0.995	-0.836	-0.836	-0.995	-0.995	-0.995	-0.995	-0.995	-0.996	-0.995	-0.846	-0.881	-0.754	-0.696	-0.686	-0.812	-0.690	-0.668	-0.645	-0.803	-0.782	-0.606	-0.573	-0.356	-0.300	-0.353	-0.144	-0.165	-0.350	-0.288	-0.031	-1.018	
rs8064956      -0.484	-0.655	-0.724	-0.655	-0.523	-0.738	-0.522	-0.707	-0.694	-0.696	-0.710	-0.980	-0.783	-0.782	-0.995	-0.785	-0.791	-0.754	-0.768	-0.791	-0.770	-0.782	-0.779	-1.010	-0.754	-0.644	-0.710	-0.886	-0.732	-0.082	-0.739	-0.734	-0.736	-0.716	-0.991	-0.992	-0.961	-0.962	-0.961	-0.962	-0.969	-0.960	-0.962	-0.987	-0.980	-0.986	-0.962	-0.962	-0.802	-0.801	-0.962	-0.962	-0.962	-0.962	-0.962	-0.963	-0.962	-0.812	-0.847	-0.721	-0.663	-0.654	-0.779	-0.658	-0.636	-0.612	-0.770	-0.749	-0.574	-0.541	-0.325	-0.270	-0.322	-0.114	-0.134	-0.317	-0.255	+0.002	-0.985	
rs4789614      -0.372	-0.641	-0.709	-0.702	-0.632	-0.737	-0.707	-0.502	-0.624	-0.625	-0.643	-0.961	-0.764	-0.763	-0.976	-0.761	-0.772	-0.735	-0.749	-0.772	-0.750	-0.763	-0.759	-0.991	-0.734	-0.622	-0.688	-0.868	-0.714	-0.056	-0.722	-0.716	-0.718	-0.698	-0.973	-0.974	-0.943	-0.944	-0.943	-0.944	-0.951	-0.942	-0.944	-0.968	-0.961	-0.967	-0.942	-0.942	-0.783	-0.783	-0.943	-0.943	-0.943	-0.943	-0.943	-0.945	-0.944	-0.793	-0.828	-0.702	-0.645	-0.636	-0.761	-0.640	-0.618	-0.595	-0.752	-0.731	-0.558	-0.525	-0.310	-0.255	-0.307	-0.099	-0.119	-0.300	-0.237	+0.017	-0.967	
rs28556769     -0.340	-0.616	-0.691	-0.694	-0.637	-0.720	-0.694	-0.624	-0.490	-0.616	-0.628	-0.949	-0.752	-0.751	-0.965	-0.748	-0.760	-0.723	-0.737	-0.760	-0.739	-0.752	-0.748	-0.980	-0.723	-0.609	-0.676	-0.857	-0.703	-0.042	-0.710	-0.705	-0.707	-0.687	-0.962	-0.962	-0.932	-0.933	-0.932	-0.933	-0.940	-0.931	-0.933	-0.956	-0.949	-0.955	-0.931	-0.931	-0.771	-0.771	-0.932	-0.932	-0.932	-0.932	-0.932	-0.933	-0.932	-0.781	-0.816	-0.691	-0.634	-0.624	-0.749	-0.628	-0.606	-0.584	-0.740	-0.719	-0.546	-0.513	-0.299	-0.244	-0.296	-0.088	-0.108	-0.288	-0.226	+0.029	-0.956	
rs7221985      -0.345	-0.620	-0.694	-0.695	-0.637	-0.723	-0.696	-0.625	-0.616	-0.492	-0.629	-0.951	-0.754	-0.753	-0.966	-0.750	-0.762	-0.725	-0.739	-0.762	-0.740	-0.753	-0.749	-0.981	-0.724	-0.611	-0.678	-0.859	-0.704	-0.044	-0.712	-0.707	-0.709	-0.689	-0.963	-0.964	-0.933	-0.935	-0.933	-0.934	-0.941	-0.933	-0.935	-0.958	-0.951	-0.957	-0.932	-0.932	-0.773	-0.772	-0.934	-0.934	-0.934	-0.933	-0.934	-0.935	-0.934	-0.783	-0.818	-0.692	-0.635	-0.626	-0.751	-0.630	-0.608	-0.585	-0.742	-0.721	-0.548	-0.515	-0.300	-0.245	-0.297	-0.089	-0.109	-0.290	-0.227	+0.027	-0.957	
rs4789619      -0.388	-0.652	-0.716	-0.706	-0.638	-0.740	-0.710	-0.643	-0.628	-0.629	-0.499	-0.958	-0.761	-0.760	-0.973	-0.758	-0.769	-0.732	-0.746	-0.769	-0.747	-0.760	-0.756	-0.988	-0.731	-0.619	-0.685	-0.865	-0.711	-0.053	-0.719	-0.713	-0.715	-0.696	-0.970	-0.971	-0.940	-0.941	-0.940	-0.941	-0.948	-0.939	-0.941	-0.965	-0.958	-0.964	-0.939	-0.939	-0.780	-0.779	-0.940	-0.940	-0.940	-0.940	-0.940	-0.942	-0.941	-0.790	-0.825	-0.699	-0.642	-0.632	-0.757	-0.636	-0.614	-0.592	-0.748	-0.727	-0.554	-0.521	-0.306	-0.251	-0.304	-0.095	-0.115	-0.296	-0.234	+0.021	-0.964	
rs59027749     -0.946	-1.031	-1.011	-0.960	-0.884	-1.012	-0.980	-0.961	-0.949	-0.951	-0.958	-0.612	-0.862	-0.862	-0.913	-0.615	-0.871	-0.845	-0.856	-0.872	-0.856	-0.861	-0.863	-0.771	-0.843	-0.720	-0.792	-0.977	-0.828	-0.161	-0.836	-0.831	-0.832	-0.813	-1.074	-1.076	-1.038	-1.040	-1.038	-1.039	-1.048	-1.038	-1.040	-1.074	-1.069	-1.073	-1.051	-1.051	-0.894	-0.894	-1.048	-1.048	-1.048	-1.048	-1.048	-1.049	-1.049	-0.903	-0.938	-0.809	-0.746	-0.737	-0.867	-0.740	-0.719	-0.694	-0.855	-0.833	-0.655	-0.622	-0.398	-0.342	-0.395	-0.185	-0.206	-0.392	-0.329	-0.061	-1.065	
rs11654297     -0.744	-0.834	-0.815	-0.762	-0.686	-0.816	-0.783	-0.764	-0.752	-0.754	-0.761	-0.862	-0.395	-0.503	-0.877	-0.668	-0.524	-0.435	-0.478	-0.532	-0.522	-0.538	-0.542	-0.890	-0.486	-0.529	-0.595	-0.758	-0.618	+0.030	-0.625	-0.620	-0.622	-0.602	-0.879	-0.881	-0.846	-0.847	-0.846	-0.847	-0.854	-0.845	-0.847	-0.876	-0.870	-0.875	-0.851	-0.851	-0.686	-0.686	-0.848	-0.848	-0.848	-0.848	-0.848	-0.849	-0.848	-0.696	-0.732	-0.602	-0.543	-0.534	-0.662	-0.538	-0.516	-0.478	-0.652	-0.630	-0.437	-0.402	-0.174	-0.116	-0.172	+0.045	+0.024	-0.192	-0.128	+0.172	-0.871	
rs11654298     -0.743	-0.834	-0.814	-0.762	-0.685	-0.816	-0.782	-0.763	-0.751	-0.753	-0.760	-0.862	-0.503	-0.394	-0.876	-0.670	-0.525	-0.446	-0.486	-0.533	-0.526	-0.537	-0.544	-0.890	-0.492	-0.527	-0.594	-0.756	-0.618	+0.032	-0.625	-0.620	-0.622	-0.601	-0.878	-0.880	-0.845	-0.847	-0.845	-0.846	-0.854	-0.845	-0.847	-0.876	-0.870	-0.875	-0.851	-0.851	-0.685	-0.685	-0.847	-0.847	-0.847	-0.847	-0.847	-0.848	-0.847	-0.695	-0.731	-0.601	-0.542	-0.532	-0.660	-0.536	-0.514	-0.476	-0.650	-0.628	-0.435	-0.399	-0.172	-0.113	-0.169	+0.049	+0.027	-0.190	-0.126	+0.176	-0.870	
rs8066477      -0.959	-1.045	-1.026	-0.975	-0.900	-1.027	-0.995	-0.976	-0.965	-0.966	-0.973	-0.913	-0.877	-0.876	-0.626	-0.724	-0.885	-0.844	-0.858	-0.884	-0.862	-0.877	-0.871	-0.944	-0.846	-0.678	-0.760	-0.971	-0.828	-0.088	-0.835	-0.830	-0.832	-0.813	-1.088	-1.090	-1.053	-1.055	-1.053	-1.054	-1.062	-1.053	-1.055	-1.087	-1.081	-1.086	-1.063	-1.063	-0.910	-0.910	-1.062	-1.062	-1.062	-1.062	-1.062	-1.063	-1.062	-0.920	-0.954	-0.826	-0.766	-0.756	-0.883	-0.760	-0.739	-0.714	-0.872	-0.851	-0.676	-0.642	-0.424	-0.368	-0.421	-0.213	-0.233	-0.419	-0.356	-0.099	-1.082	
rs1113020      -0.773	-0.843	-0.817	-0.763	-0.682	-0.817	-0.785	-0.761	-0.748	-0.750	-0.758	-0.615	-0.668	-0.670	-0.724	-0.419	-0.680	-0.678	-0.684	-0.682	-0.678	-0.667	-0.678	-0.487	-0.669	-0.664	-0.714	-0.833	-0.719	-0.170	-0.725	-0.720	-0.722	-0.703	-0.879	-0.886	-0.831	-0.833	-0.831	-0.832	-0.843	-0.830	-0.833	-0.891	-0.889	-0.890	-0.874	-0.874	-0.728	-0.728	-0.868	-0.868	-0.868	-0.868	-0.868	-0.869	-0.868	-0.737	-0.769	-0.646	-0.573	-0.564	-0.699	-0.568	-0.546	-0.490	-0.686	-0.664	-0.452	-0.417	-0.175	-0.116	-0.171	+0.045	+0.023	-0.219	-0.154	+0.188	-0.876	
rs11651551     -0.752	-0.842	-0.823	-0.770	-0.694	-0.825	-0.791	-0.772	-0.760	-0.762	-0.769	-0.871	-0.524	-0.525	-0.885	-0.680	-0.405	-0.444	-0.487	-0.531	-0.536	-0.543	-0.553	-0.898	-0.505	-0.536	-0.602	-0.765	-0.627	+0.023	-0.634	-0.629	-0.631	-0.611	-0.887	-0.889	-0.854	-0.855	-0.854	-0.855	-0.863	-0.853	-0.856	-0.884	-0.878	-0.884	-0.860	-0.860	-0.693	-0.693	-0.856	-0.856	-0.856	-0.856	-0.856	-0.857	-0.856	-0.704	-0.739	-0.609	-0.551	-0.541	-0.669	-0.545	-0.523	-0.485	-0.659	-0.637	-0.443	-0.408	-0.180	-0.122	-0.178	+0.040	+0.018	-0.199	-0.135	+0.166	-0.879	
rs73349717     -0.713	-0.807	-0.787	-0.733	-0.656	-0.788	-0.754	-0.735	-0.723	-0.725	-0.732	-0.845	-0.435	-0.446	-0.844	-0.678	-0.444	-0.364	-0.477	-0.426	-0.507	-0.459	-0.517	-0.860	-0.522	-0.484	-0.553	-0.713	-0.600	+0.087	-0.608	-0.602	-0.604	-0.584	-0.852	-0.853	-0.819	-0.820	-0.819	-0.820	-0.828	-0.818	-0.820	-0.849	-0.842	-0.848	-0.823	-0.823	-0.643	-0.643	-0.817	-0.817	-0.817	-0.817	-0.817	-0.818	-0.817	-0.654	-0.691	-0.559	-0.501	-0.491	-0.621	-0.495	-0.472	-0.424	-0.612	-0.589	-0.379	-0.342	-0.106	-0.045	-0.103	+0.120	+0.098	-0.141	-0.076	+0.259	-0.841	
rs73349720     -0.727	-0.820	-0.800	-0.747	-0.670	-0.802	-0.768	-0.749	-0.737	-0.739	-0.746	-0.856	-0.478	-0.486	-0.858	-0.684	-0.487	-0.477	-0.379	-0.469	-0.522	-0.495	-0.539	-0.874	-0.534	-0.500	-0.568	-0.730	-0.611	+0.069	-0.619	-0.614	-0.615	-0.596	-0.865	-0.866	-0.832	-0.834	-0.832	-0.833	-0.841	-0.832	-0.834	-0.862	-0.856	-0.861	-0.836	-0.837	-0.660	-0.660	-0.831	-0.831	-0.831	-0.831	-0.831	-0.832	-0.831	-0.670	-0.707	-0.576	-0.517	-0.507	-0.637	-0.511	-0.489	-0.443	-0.628	-0.605	-0.399	-0.362	-0.128	-0.067	-0.125	+0.097	+0.075	-0.159	-0.094	+0.233	-0.854	
rs73349722     -0.752	-0.842	-0.823	-0.770	-0.694	-0.824	-0.791	-0.772	-0.760	-0.762	-0.769	-0.872	-0.532	-0.533	-0.884	-0.682	-0.531	-0.426	-0.469	-0.404	-0.537	-0.546	-0.556	-0.898	-0.510	-0.535	-0.602	-0.764	-0.627	+0.024	-0.634	-0.629	-0.631	-0.611	-0.887	-0.889	-0.854	-0.855	-0.854	-0.855	-0.862	-0.853	-0.855	-0.884	-0.878	-0.883	-0.859	-0.859	-0.693	-0.693	-0.855	-0.855	-0.855	-0.855	-0.856	-0.857	-0.856	-0.703	-0.739	-0.609	-0.550	-0.540	-0.669	-0.544	-0.522	-0.484	-0.659	-0.637	-0.442	-0.406	-0.179	-0.120	-0.175	+0.041	+0.020	-0.198	-0.134	+0.169	-0.878	
rs59959072     -0.729	-0.822	-0.802	-0.749	-0.672	-0.804	-0.770	-0.750	-0.739	-0.740	-0.747	-0.856	-0.522	-0.526	-0.862	-0.678	-0.536	-0.507	-0.522	-0.537	-0.380	-0.474	-0.527	-0.875	-0.512	-0.506	-0.574	-0.736	-0.610	+0.059	-0.617	-0.612	-0.614	-0.594	-0.867	-0.868	-0.833	-0.835	-0.833	-0.835	-0.842	-0.833	-0.835	-0.864	-0.857	-0.863	-0.838	-0.838	-0.665	-0.665	-0.833	-0.833	-0.833	-0.833	-0.834	-0.835	-0.834	-0.676	-0.712	-0.582	-0.523	-0.513	-0.642	-0.517	-0.494	-0.452	-0.633	-0.610	-0.410	-0.373	-0.141	-0.082	-0.138	+0.082	+0.060	-0.167	-0.102	+0.214	-0.856	
rs73349725     -0.743	-0.833	-0.814	-0.762	-0.686	-0.816	-0.782	-0.763	-0.752	-0.753	-0.760	-0.861	-0.538	-0.537	-0.877	-0.667	-0.543	-0.459	-0.495	-0.546	-0.474	-0.394	-0.512	-0.888	-0.412	-0.530	-0.595	-0.758	-0.617	+0.028	-0.624	-0.619	-0.621	-0.600	-0.878	-0.880	-0.845	-0.846	-0.845	-0.846	-0.854	-0.844	-0.846	-0.875	-0.869	-0.875	-0.851	-0.851	-0.687	-0.687	-0.847	-0.847	-0.847	-0.847	-0.847	-0.849	-0.848	-0.697	-0.732	-0.603	-0.544	-0.534	-0.662	-0.538	-0.516	-0.480	-0.652	-0.630	-0.439	-0.404	-0.177	-0.119	-0.174	+0.042	+0.021	-0.193	-0.129	+0.167	-0.870	
rs73349729     -0.740	-0.831	-0.811	-0.758	-0.681	-0.812	-0.779	-0.759	-0.748	-0.749	-0.756	-0.863	-0.542	-0.544	-0.871	-0.678	-0.553	-0.517	-0.539	-0.556	-0.527	-0.512	-0.391	-0.886	-0.499	-0.520	-0.587	-0.750	-0.617	+0.042	-0.624	-0.619	-0.621	-0.601	-0.875	-0.877	-0.842	-0.844	-0.842	-0.843	-0.851	-0.842	-0.844	-0.873	-0.867	-0.872	-0.848	-0.848	-0.679	-0.679	-0.844	-0.844	-0.844	-0.844	-0.844	-0.845	-0.844	-0.690	-0.726	-0.596	-0.537	-0.527	-0.656	-0.531	-0.509	-0.469	-0.646	-0.624	-0.427	-0.392	-0.163	-0.104	-0.160	+0.058	+0.036	-0.184	-0.120	+0.186	-0.867	
rs7406913      -0.971	-1.060	-1.041	-0.990	-0.915	-1.043	-1.010	-0.991	-0.980	-0.981	-0.988	-0.771	-0.890	-0.890	-0.944	-0.487	-0.898	-0.860	-0.874	-0.898	-0.875	-0.888	-0.886	-0.641	-0.860	-0.642	-0.730	-0.972	-0.801	-0.036	-0.809	-0.803	-0.805	-0.786	-1.103	-1.104	-1.070	-1.072	-1.070	-1.072	-1.079	-1.070	-1.072	-1.100	-1.094	-1.099	-1.075	-1.075	-0.921	-0.920	-1.076	-1.076	-1.076	-1.076	-1.076	-1.077	-1.076	-0.931	-0.965	-0.836	-0.778	-0.769	-0.894	-0.772	-0.751	-0.725	-0.884	-0.863	-0.686	-0.652	-0.434	-0.378	-0.430	-0.222	-0.243	-0.433	-0.370	-0.109	-1.096	
rs73349733     -0.715	-0.807	-0.787	-0.733	-0.656	-0.788	-0.754	-0.734	-0.723	-0.724	-0.731	-0.843	-0.486	-0.492	-0.846	-0.669	-0.505	-0.522	-0.534	-0.510	-0.512	-0.412	-0.499	-0.860	-0.363	-0.489	-0.557	-0.714	-0.596	+0.081	-0.603	-0.598	-0.600	-0.580	-0.852	-0.854	-0.819	-0.820	-0.819	-0.820	-0.827	-0.818	-0.820	-0.849	-0.843	-0.848	-0.824	-0.824	-0.647	-0.646	-0.818	-0.818	-0.818	-0.818	-0.818	-0.819	-0.818	-0.657	-0.694	-0.563	-0.504	-0.495	-0.625	-0.499	-0.476	-0.430	-0.616	-0.593	-0.387	-0.349	-0.115	-0.055	-0.113	+0.110	+0.087	-0.147	-0.082	+0.245	-0.841	
rs8082523      -0.627	-0.698	-0.674	-0.622	-0.543	-0.674	-0.644	-0.622	-0.609	-0.611	-0.619	-0.720	-0.529	-0.527	-0.678	-0.664	-0.536	-0.484	-0.500	-0.535	-0.506	-0.530	-0.520	-0.642	-0.489	-0.262	-0.446	-0.710	-0.618	+0.013	-0.623	-0.619	-0.620	-0.603	-0.729	-0.737	-0.674	-0.676	-0.674	-0.676	-0.688	-0.674	-0.677	-0.745	-0.744	-0.743	-0.730	-0.730	-0.608	-0.608	-0.723	-0.723	-0.723	-0.723	-0.723	-0.724	-0.723	-0.615	-0.644	-0.527	-0.463	-0.454	-0.576	-0.458	-0.437	-0.391	-0.561	-0.541	-0.357	-0.326	-0.098	-0.042	-0.093	+0.117	+0.096	-0.125	-0.064	+0.254	-0.727	
rs7220636      -0.690	-0.763	-0.740	-0.689	-0.610	-0.740	-0.710	-0.688	-0.676	-0.678	-0.685	-0.792	-0.595	-0.594	-0.760	-0.714	-0.602	-0.553	-0.568	-0.602	-0.574	-0.595	-0.587	-0.730	-0.557	-0.446	-0.330	-0.766	-0.667	+0.082	-0.672	-0.668	-0.669	-0.651	-0.794	-0.802	-0.741	-0.744	-0.741	-0.743	-0.755	-0.741	-0.744	-0.809	-0.807	-0.807	-0.793	-0.793	-0.668	-0.668	-0.787	-0.787	-0.787	-0.787	-0.787	-0.787	-0.787	-0.676	-0.706	-0.587	-0.525	-0.516	-0.638	-0.520	-0.499	-0.454	-0.623	-0.603	-0.420	-0.388	-0.162	-0.107	-0.158	+0.052	+0.032	-0.185	-0.125	+0.185	-0.793	
rs34476406     -0.847	-0.933	-0.914	-0.865	-0.792	-0.915	-0.886	-0.868	-0.857	-0.859	-0.865	-0.977	-0.758	-0.756	-0.971	-0.833	-0.765	-0.713	-0.730	-0.764	-0.736	-0.758	-0.750	-0.972	-0.714	-0.710	-0.766	-0.508	-0.658	-0.187	-0.669	-0.664	-0.666	-0.655	-0.968	-0.973	-0.922	-0.923	-0.922	-0.923	-0.933	-0.921	-0.924	-0.976	-0.972	-0.974	-0.956	-0.956	-0.833	-0.833	-0.950	-0.950	-0.950	-0.950	-0.950	-0.950	-0.950	-0.842	-0.871	-0.758	-0.706	-0.698	-0.808	-0.702	-0.682	-0.619	-0.794	-0.775	-0.584	-0.552	-0.344	-0.290	-0.341	-0.139	-0.159	-0.378	-0.318	-0.011	-0.975	
rs17782371     -0.694	-0.781	-0.761	-0.710	-0.635	-0.761	-0.732	-0.714	-0.703	-0.704	-0.711	-0.828	-0.618	-0.618	-0.828	-0.719	-0.627	-0.600	-0.611	-0.627	-0.610	-0.617	-0.617	-0.801	-0.596	-0.618	-0.667	-0.658	-0.350	-0.147	-0.486	-0.481	-0.482	-0.506	-0.819	-0.824	-0.772	-0.774	-0.772	-0.773	-0.783	-0.771	-0.774	-0.827	-0.824	-0.826	-0.807	-0.807	-0.671	-0.671	-0.803	-0.803	-0.803	-0.803	-0.803	-0.804	-0.803	-0.680	-0.711	-0.600	-0.551	-0.542	-0.650	-0.546	-0.526	-0.397	-0.634	-0.613	-0.358	-0.321	-0.098	-0.037	-0.093	+0.120	+0.098	-0.220	-0.160	+0.226	-0.824	
rs4789100      -0.084	-0.150	-0.124	-0.058	+0.029	-0.123	-0.082	-0.056	-0.042	-0.044	-0.053	-0.161	+0.030	+0.032	-0.088	-0.170	+0.023	+0.087	+0.069	+0.024	+0.059	+0.028	+0.042	-0.036	+0.081	+0.013	+0.082	-0.187	-0.147	+0.320	-0.149	-0.146	-0.147	-0.131	-0.174	-0.185	-0.109	-0.112	-0.109	-0.112	-0.126	-0.109	-0.113	-0.198	-0.199	-0.197	-0.187	-0.187	-0.079	-0.078	-0.178	-0.178	-0.178	-0.178	-0.178	-0.178	-0.178	-0.085	-0.112	+0.002	+0.076	+0.084	-0.044	+0.081	+0.101	+0.151	-0.028	-0.009	+0.180	+0.211	+0.453	+0.511	+0.460	+0.681	+0.661	+0.421	+0.482	+0.839	-0.160	
rs12452724     -0.701	-0.789	-0.768	-0.718	-0.643	-0.769	-0.739	-0.722	-0.710	-0.712	-0.719	-0.836	-0.625	-0.625	-0.835	-0.725	-0.634	-0.608	-0.619	-0.634	-0.617	-0.624	-0.624	-0.809	-0.603	-0.623	-0.672	-0.669	-0.486	-0.149	-0.358	-0.476	-0.478	-0.500	-0.826	-0.831	-0.779	-0.781	-0.779	-0.781	-0.791	-0.779	-0.782	-0.834	-0.831	-0.833	-0.814	-0.814	-0.678	-0.678	-0.810	-0.810	-0.810	-0.810	-0.810	-0.811	-0.811	-0.687	-0.718	-0.606	-0.557	-0.548	-0.657	-0.553	-0.532	-0.404	-0.641	-0.620	-0.365	-0.329	-0.105	-0.044	-0.101	+0.112	+0.091	-0.226	-0.166	+0.219	-0.831	
rs12453316     -0.696	-0.783	-0.763	-0.713	-0.637	-0.764	-0.734	-0.716	-0.705	-0.707	-0.713	-0.831	-0.620	-0.620	-0.830	-0.720	-0.629	-0.602	-0.614	-0.629	-0.612	-0.619	-0.619	-0.803	-0.598	-0.619	-0.668	-0.664	-0.481	-0.146	-0.476	-0.352	-0.471	-0.496	-0.821	-0.826	-0.774	-0.776	-0.774	-0.775	-0.786	-0.773	-0.776	-0.829	-0.826	-0.828	-0.809	-0.809	-0.673	-0.673	-0.805	-0.805	-0.805	-0.805	-0.805	-0.806	-0.805	-0.682	-0.713	-0.602	-0.553	-0.544	-0.652	-0.548	-0.528	-0.398	-0.636	-0.615	-0.360	-0.323	-0.099	-0.038	-0.095	+0.118	+0.097	-0.222	-0.162	+0.225	-0.826	
rs12453319     -0.698	-0.785	-0.765	-0.715	-0.639	-0.766	-0.736	-0.718	-0.707	-0.709	-0.715	-0.832	-0.622	-0.622	-0.832	-0.722	-0.631	-0.604	-0.615	-0.631	-0.614	-0.621	-0.621	-0.805	-0.600	-0.620	-0.669	-0.666	-0.482	-0.147	-0.478	-0.471	-0.354	-0.497	-0.823	-0.828	-0.776	-0.778	-0.776	-0.777	-0.787	-0.775	-0.778	-0.831	-0.828	-0.830	-0.811	-0.811	-0.675	-0.675	-0.807	-0.807	-0.807	-0.807	-0.807	-0.808	-0.807	-0.684	-0.715	-0.603	-0.555	-0.546	-0.654	-0.550	-0.529	-0.400	-0.638	-0.617	-0.362	-0.325	-0.101	-0.040	-0.097	+0.116	+0.095	-0.224	-0.164	+0.223	-0.828	
rs1531860      -0.678	-0.765	-0.745	-0.695	-0.619	-0.746	-0.716	-0.698	-0.687	-0.689	-0.696	-0.813	-0.602	-0.601	-0.813	-0.703	-0.611	-0.584	-0.596	-0.611	-0.594	-0.600	-0.601	-0.786	-0.580	-0.603	-0.651	-0.655	-0.506	-0.131	-0.500	-0.496	-0.497	-0.333	-0.803	-0.808	-0.754	-0.756	-0.754	-0.756	-0.766	-0.754	-0.757	-0.811	-0.808	-0.810	-0.791	-0.791	-0.656	-0.656	-0.787	-0.787	-0.787	-0.787	-0.787	-0.788	-0.787	-0.665	-0.696	-0.585	-0.537	-0.528	-0.635	-0.532	-0.512	-0.376	-0.619	-0.598	-0.337	-0.300	-0.076	-0.015	-0.072	+0.142	+0.121	-0.207	-0.147	+0.249	-0.808	
rs28457076     -0.952	-1.041	-1.023	-0.971	-0.896	-1.024	-0.991	-0.973	-0.962	-0.963	-0.970	-1.074	-0.879	-0.878	-1.088	-0.879	-0.887	-0.852	-0.865	-0.887	-0.867	-0.878	-0.875	-1.103	-0.852	-0.729	-0.794	-0.968	-0.819	-0.174	-0.826	-0.821	-0.823	-0.803	-0.622	-0.744	-0.793	-0.797	-0.795	-0.798	-0.821	-0.792	-0.799	-0.675	-0.639	-0.735	-0.702	-0.702	-0.562	-0.561	-0.933	-0.933	-0.933	-0.933	-0.933	-0.937	-0.935	-0.597	-0.667	-0.470	-0.482	-0.465	-0.610	-0.475	-0.440	-0.684	-0.671	-0.656	-0.644	-0.609	-0.395	-0.337	-0.392	-0.181	-0.202	-0.187	-0.106	-0.079	-1.069	
rs12600872     -0.954	-1.043	-1.024	-0.972	-0.897	-1.025	-0.992	-0.974	-0.962	-0.964	-0.971	-1.076	-0.881	-0.880	-1.090	-0.886	-0.889	-0.853	-0.866	-0.889	-0.868	-0.880	-0.877	-1.104	-0.854	-0.737	-0.802	-0.973	-0.824	-0.185	-0.831	-0.826	-0.828	-0.808	-0.744	-0.623	-0.757	-0.762	-0.760	-0.763	-0.793	-0.756	-0.765	-0.742	-0.717	-0.776	-0.750	-0.750	-0.608	-0.607	-0.942	-0.942	-0.942	-0.942	-0.943	-0.946	-0.945	-0.640	-0.705	-0.518	-0.521	-0.505	-0.647	-0.514	-0.481	-0.692	-0.700	-0.684	-0.653	-0.618	-0.403	-0.346	-0.400	-0.191	-0.211	-0.221	-0.142	-0.086	-1.072	
rs12941308     -0.915	-1.009	-0.992	-0.941	-0.867	-0.993	-0.961	-0.943	-0.932	-0.933	-0.940	-1.038	-0.846	-0.845	-1.053	-0.831	-0.854	-0.819	-0.832	-0.854	-0.833	-0.845	-0.842	-1.070	-0.819	-0.674	-0.741	-0.922	-0.772	-0.109	-0.779	-0.774	-0.776	-0.754	-0.793	-0.757	-0.587	-0.724	-0.726	-0.724	-0.724	-0.725	-0.724	-0.636	-0.587	-0.669	-0.620	-0.620	-0.385	-0.385	-0.808	-0.808	-0.808	-0.808	-0.810	-0.818	-0.814	-0.429	-0.522	-0.310	-0.340	-0.328	-0.466	-0.333	-0.300	-0.649	-0.556	-0.543	-0.609	-0.574	-0.359	-0.302	-0.356	-0.142	-0.163	-0.038	+0.049	-0.050	-1.029	
rs12950240     -0.917	-1.010	-0.993	-0.942	-0.868	-0.994	-0.962	-0.944	-0.933	-0.935	-0.941	-1.040	-0.847	-0.847	-1.055	-0.833	-0.855	-0.820	-0.834	-0.855	-0.835	-0.846	-0.844	-1.072	-0.820	-0.676	-0.744	-0.923	-0.774	-0.112	-0.781	-0.776	-0.778	-0.756	-0.797	-0.762	-0.724	-0.589	-0.722	-0.720	-0.723	-0.721	-0.721	-0.643	-0.595	-0.675	-0.627	-0.627	-0.391	-0.390	-0.811	-0.811	-0.811	-0.811	-0.813	-0.821	-0.817	-0.434	-0.526	-0.314	-0.345	-0.332	-0.470	-0.337	-0.305	-0.651	-0.559	-0.547	-0.611	-0.576	-0.360	-0.303	-0.357	-0.144	-0.165	-0.041	+0.045	-0.051	-1.031	
rs66725276     -0.915	-1.009	-0.991	-0.941	-0.867	-0.993	-0.961	-0.943	-0.932	-0.933	-0.940	-1.038	-0.846	-0.845	-1.053	-0.831	-0.854	-0.819	-0.832	-0.854	-0.833	-0.845	-0.842	-1.070	-0.819	-0.674	-0.741	-0.922	-0.772	-0.109	-0.779	-0.774	-0.776	-0.754	-0.795	-0.760	-0.726	-0.722	-0.587	-0.722	-0.722	-0.722	-0.722	-0.638	-0.589	-0.670	-0.622	-0.622	-0.385	-0.385	-0.808	-0.808	-0.808	-0.808	-0.810	-0.818	-0.814	-0.428	-0.521	-0.308	-0.340	-0.327	-0.465	-0.332	-0.300	-0.649	-0.555	-0.543	-0.609	-0.574	-0.359	-0.302	-0.356	-0.142	-0.163	-0.037	+0.049	-0.050	-1.029	
rs9909234      -0.917	-1.010	-0.993	-0.942	-0.868	-0.994	-0.962	-0.944	-0.933	-0.934	-0.941	-1.039	-0.847	-0.846	-1.054	-0.832	-0.855	-0.820	-0.833	-0.855	-0.835	-0.846	-0.843	-1.072	-0.820	-0.676	-0.743	-0.923	-0.773	-0.112	-0.781	-0.775	-0.777	-0.756	-0.798	-0.763	-0.724	-0.720	-0.722	-0.588	-0.722	-0.720	-0.720	-0.642	-0.593	-0.674	-0.626	-0.626	-0.390	-0.389	-0.810	-0.810	-0.811	-0.810	-0.812	-0.821	-0.817	-0.432	-0.525	-0.312	-0.343	-0.330	-0.468	-0.336	-0.303	-0.651	-0.558	-0.545	-0.610	-0.575	-0.360	-0.303	-0.357	-0.144	-0.164	-0.040	+0.047	-0.051	-1.030	
rs34198944     -0.925	-1.017	-1.000	-0.949	-0.875	-1.001	-0.969	-0.951	-0.940	-0.941	-0.948	-1.048	-0.854	-0.854	-1.062	-0.843	-0.863	-0.828	-0.841	-0.862	-0.842	-0.854	-0.851	-1.079	-0.827	-0.688	-0.755	-0.933	-0.783	-0.126	-0.791	-0.786	-0.787	-0.766	-0.821	-0.793	-0.724	-0.723	-0.722	-0.722	-0.596	-0.719	-0.724	-0.685	-0.641	-0.712	-0.666	-0.666	-0.430	-0.429	-0.831	-0.831	-0.831	-0.831	-0.833	-0.840	-0.837	-0.470	-0.559	-0.351	-0.375	-0.363	-0.501	-0.368	-0.336	-0.661	-0.584	-0.571	-0.621	-0.586	-0.371	-0.314	-0.367	-0.155	-0.175	-0.068	+0.017	-0.060	-1.039	
rs9915396      -0.915	-1.008	-0.991	-0.941	-0.866	-0.992	-0.960	-0.942	-0.931	-0.933	-0.939	-1.038	-0.845	-0.845	-1.053	-0.830	-0.853	-0.818	-0.832	-0.853	-0.833	-0.844	-0.842	-1.070	-0.818	-0.674	-0.741	-0.921	-0.771	-0.109	-0.779	-0.773	-0.775	-0.754	-0.792	-0.756	-0.725	-0.721	-0.722	-0.720	-0.719	-0.586	-0.720	-0.631	-0.582	-0.665	-0.616	-0.616	-0.380	-0.380	-0.806	-0.806	-0.806	-0.806	-0.808	-0.816	-0.812	-0.424	-0.517	-0.304	-0.336	-0.323	-0.461	-0.328	-0.296	-0.648	-0.552	-0.540	-0.608	-0.573	-0.358	-0.301	-0.355	-0.141	-0.162	-0.034	+0.053	-0.049	-1.028	
rs12941045     -0.917	-1.010	-0.993	-0.942	-0.868	-0.994	-0.962	-0.944	-0.933	-0.935	-0.941	-1.040	-0.847	-0.847	-1.055	-0.833	-0.856	-0.820	-0.834	-0.855	-0.835	-0.846	-0.844	-1.072	-0.820	-0.677	-0.744	-0.924	-0.774	-0.113	-0.782	-0.776	-0.778	-0.757	-0.799	-0.765	-0.724	-0.721	-0.722	-0.720	-0.724	-0.720	-0.589	-0.645	-0.596	-0.676	-0.628	-0.628	-0.391	-0.391	-0.811	-0.811	-0.811	-0.811	-0.813	-0.821	-0.817	-0.434	-0.526	-0.314	-0.345	-0.332	-0.470	-0.337	-0.305	-0.651	-0.559	-0.546	-0.611	-0.576	-0.361	-0.303	-0.357	-0.144	-0.165	-0.041	+0.045	-0.051	-1.031	
rs56193537     -0.952	-1.038	-1.018	-0.966	-0.891	-1.020	-0.987	-0.968	-0.956	-0.958	-0.965	-1.074	-0.876	-0.876	-1.087	-0.891	-0.884	-0.849	-0.862	-0.884	-0.864	-0.875	-0.873	-1.100	-0.849	-0.745	-0.809	-0.976	-0.827	-0.198	-0.834	-0.829	-0.831	-0.811	-0.675	-0.742	-0.636	-0.643	-0.638	-0.642	-0.685	-0.631	-0.645	-0.619	-0.759	-0.781	-0.791	-0.791	-0.673	-0.672	-0.948	-0.948	-0.948	-0.948	-0.949	-0.950	-0.950	-0.699	-0.760	-0.585	-0.581	-0.567	-0.700	-0.575	-0.544	-0.701	-0.740	-0.724	-0.662	-0.628	-0.413	-0.357	-0.410	-0.202	-0.222	-0.274	-0.198	-0.092	-1.071	
rs35611930     -0.946	-1.032	-1.012	-0.960	-0.884	-1.014	-0.980	-0.961	-0.949	-0.951	-0.958	-1.069	-0.870	-0.870	-1.081	-0.889	-0.878	-0.842	-0.856	-0.878	-0.857	-0.869	-0.867	-1.094	-0.843	-0.744	-0.807	-0.972	-0.824	-0.199	-0.831	-0.826	-0.828	-0.808	-0.639	-0.717	-0.587	-0.595	-0.589	-0.593	-0.641	-0.582	-0.596	-0.759	-0.613	-0.753	-0.794	-0.794	-0.702	-0.701	-0.946	-0.946	-0.946	-0.946	-0.946	-0.948	-0.947	-0.725	-0.781	-0.615	-0.605	-0.592	-0.721	-0.599	-0.570	-0.700	-0.756	-0.740	-0.662	-0.629	-0.413	-0.357	-0.410	-0.202	-0.223	-0.297	-0.223	-0.090	-1.067	
rs9909718      -0.951	-1.037	-1.018	-0.966	-0.890	-1.019	-0.986	-0.967	-0.955	-0.957	-0.964	-1.073	-0.875	-0.875	-1.086	-0.890	-0.884	-0.848	-0.861	-0.883	-0.863	-0.875	-0.872	-1.099	-0.848	-0.743	-0.807	-0.974	-0.826	-0.197	-0.833	-0.828	-0.830	-0.810	-0.735	-0.776	-0.669	-0.675	-0.670	-0.674	-0.712	-0.665	-0.676	-0.781	-0.753	-0.618	-0.774	-0.774	-0.674	-0.674	-0.949	-0.949	-0.949	-0.949	-0.949	-0.951	-0.950	-0.700	-0.761	-0.586	-0.581	-0.567	-0.700	-0.575	-0.544	-0.700	-0.740	-0.724	-0.661	-0.627	-0.412	-0.356	-0.409	-0.201	-0.221	-0.274	-0.198	-0.091	-1.071	
rs9903130      -0.928	-1.014	-0.993	-0.941	-0.865	-0.995	-0.962	-0.942	-0.931	-0.932	-0.939	-1.051	-0.851	-0.851	-1.063	-0.874	-0.860	-0.823	-0.836	-0.859	-0.838	-0.851	-0.848	-1.075	-0.824	-0.730	-0.793	-0.956	-0.807	-0.187	-0.814	-0.809	-0.811	-0.791	-0.702	-0.750	-0.620	-0.627	-0.622	-0.626	-0.666	-0.616	-0.628	-0.791	-0.794	-0.774	-0.593	-0.725	-0.738	-0.738	-0.942	-0.942	-0.942	-0.942	-0.943	-0.944	-0.943	-0.758	-0.806	-0.658	-0.635	-0.623	-0.748	-0.629	-0.602	-0.687	-0.767	-0.751	-0.648	-0.615	-0.400	-0.344	-0.397	-0.190	-0.210	-0.317	-0.245	-0.075	-1.051	
rs9903949      -0.928	-1.014	-0.993	-0.941	-0.865	-0.995	-0.962	-0.942	-0.931	-0.932	-0.939	-1.051	-0.851	-0.851	-1.063	-0.874	-0.860	-0.823	-0.837	-0.859	-0.838	-0.851	-0.848	-1.075	-0.824	-0.730	-0.793	-0.956	-0.807	-0.187	-0.814	-0.809	-0.811	-0.791	-0.702	-0.750	-0.620	-0.627	-0.622	-0.626	-0.666	-0.616	-0.628	-0.791	-0.794	-0.774	-0.725	-0.593	-0.738	-0.738	-0.942	-0.942	-0.942	-0.942	-0.943	-0.944	-0.943	-0.758	-0.806	-0.658	-0.635	-0.623	-0.748	-0.629	-0.602	-0.687	-0.767	-0.751	-0.648	-0.615	-0.400	-0.344	-0.397	-0.190	-0.210	-0.317	-0.245	-0.075	-1.051	
rs9909847      -0.779	-0.857	-0.835	-0.780	-0.704	-0.836	-0.802	-0.783	-0.771	-0.773	-0.780	-0.894	-0.686	-0.685	-0.910	-0.728	-0.693	-0.643	-0.660	-0.693	-0.665	-0.687	-0.679	-0.921	-0.647	-0.608	-0.668	-0.833	-0.671	-0.079	-0.678	-0.673	-0.675	-0.656	-0.562	-0.608	-0.385	-0.391	-0.385	-0.390	-0.430	-0.380	-0.391	-0.673	-0.702	-0.674	-0.738	-0.738	-0.428	-0.548	-0.287	-0.287	-0.287	-0.288	-0.292	-0.279	-0.297	-0.572	-0.563	-0.584	-0.594	-0.584	-0.649	-0.590	-0.568	-0.591	-0.681	-0.676	-0.560	-0.532	-0.334	-0.282	-0.330	-0.134	-0.153	-0.316	-0.249	-0.014	-0.891	
rs9910863      -0.778	-0.856	-0.834	-0.780	-0.704	-0.836	-0.801	-0.783	-0.771	-0.772	-0.779	-0.894	-0.686	-0.685	-0.910	-0.728	-0.693	-0.643	-0.660	-0.693	-0.665	-0.687	-0.679	-0.920	-0.646	-0.608	-0.668	-0.833	-0.671	-0.078	-0.678	-0.673	-0.675	-0.656	-0.561	-0.607	-0.385	-0.390	-0.385	-0.389	-0.429	-0.380	-0.391	-0.672	-0.701	-0.674	-0.738	-0.738	-0.548	-0.428	-0.285	-0.285	-0.286	-0.287	-0.291	-0.278	-0.296	-0.571	-0.563	-0.584	-0.594	-0.584	-0.649	-0.590	-0.568	-0.591	-0.681	-0.676	-0.560	-0.532	-0.334	-0.282	-0.330	-0.134	-0.153	-0.316	-0.249	-0.014	-0.891	
rs11077689     -0.927	-1.013	-0.994	-0.941	-0.866	-0.995	-0.962	-0.943	-0.932	-0.934	-0.940	-1.048	-0.848	-0.847	-1.062	-0.868	-0.856	-0.817	-0.831	-0.855	-0.833	-0.847	-0.844	-1.076	-0.818	-0.723	-0.787	-0.950	-0.803	-0.178	-0.810	-0.805	-0.807	-0.787	-0.933	-0.942	-0.808	-0.811	-0.808	-0.810	-0.831	-0.806	-0.811	-0.948	-0.946	-0.949	-0.942	-0.942	-0.287	-0.285	-0.592	-0.724	-0.724	-0.724	-0.725	-0.730	-0.733	-0.341	-0.477	-0.382	-0.448	-0.430	-0.567	-0.440	-0.402	-0.673	-0.653	-0.640	-0.634	-0.600	-0.383	-0.326	-0.380	-0.166	-0.187	-0.140	-0.051	-0.062	-1.037	
rs11077690     -0.927	-1.013	-0.994	-0.941	-0.866	-0.995	-0.962	-0.943	-0.932	-0.934	-0.940	-1.048	-0.848	-0.847	-1.062	-0.868	-0.856	-0.817	-0.831	-0.855	-0.833	-0.847	-0.844	-1.076	-0.818	-0.723	-0.787	-0.950	-0.803	-0.178	-0.810	-0.805	-0.807	-0.787	-0.933	-0.942	-0.808	-0.811	-0.808	-0.810	-0.831	-0.806	-0.811	-0.948	-0.946	-0.949	-0.942	-0.942	-0.287	-0.285	-0.724	-0.592	-0.724	-0.724	-0.725	-0.730	-0.732	-0.341	-0.477	-0.382	-0.448	-0.430	-0.567	-0.440	-0.402	-0.673	-0.653	-0.640	-0.634	-0.600	-0.383	-0.326	-0.380	-0.166	-0.187	-0.140	-0.051	-0.062	-1.037	
rs11077691     -0.927	-1.013	-0.994	-0.941	-0.866	-0.995	-0.962	-0.943	-0.932	-0.934	-0.940	-1.048	-0.848	-0.847	-1.062	-0.868	-0.856	-0.817	-0.831	-0.855	-0.833	-0.847	-0.844	-1.076	-0.818	-0.723	-0.787	-0.950	-0.803	-0.178	-0.810	-0.805	-0.807	-0.787	-0.933	-0.942	-0.808	-0.811	-0.808	-0.811	-0.831	-0.806	-0.811	-0.948	-0.946	-0.949	-0.942	-0.942	-0.287	-0.286	-0.724	-0.724	-0.592	-0.724	-0.725	-0.730	-0.732	-0.340	-0.477	-0.381	-0.448	-0.429	-0.567	-0.440	-0.401	-0.673	-0.653	-0.640	-0.634	-0.600	-0.383	-0.326	-0.380	-0.166	-0.187	-0.140	-0.051	-0.062	-1.037	
rs11077692     -0.927	-1.013	-0.994	-0.941	-0.866	-0.995	-0.962	-0.943	-0.932	-0.933	-0.940	-1.048	-0.848	-0.847	-1.062	-0.868	-0.856	-0.817	-0.831	-0.855	-0.833	-0.847	-0.844	-1.076	-0.818	-0.723	-0.787	-0.950	-0.803	-0.178	-0.810	-0.805	-0.807	-0.787	-0.933	-0.942	-0.808	-0.811	-0.808	-0.810	-0.831	-0.806	-0.811	-0.948	-0.946	-0.949	-0.942	-0.942	-0.288	-0.287	-0.724	-0.724	-0.724	-0.592	-0.725	-0.730	-0.732	-0.341	-0.477	-0.382	-0.448	-0.430	-0.567	-0.440	-0.402	-0.673	-0.653	-0.640	-0.634	-0.600	-0.383	-0.326	-0.380	-0.166	-0.187	-0.140	-0.051	-0.062	-1.037	
rs11870402     -0.927	-1.013	-0.994	-0.942	-0.866	-0.995	-0.962	-0.943	-0.932	-0.934	-0.940	-1.048	-0.848	-0.847	-1.062	-0.868	-0.856	-0.817	-0.831	-0.856	-0.834	-0.847	-0.844	-1.076	-0.818	-0.723	-0.787	-0.950	-0.803	-0.178	-0.810	-0.805	-0.807	-0.787	-0.933	-0.943	-0.810	-0.813	-0.810	-0.812	-0.833	-0.808	-0.813	-0.949	-0.946	-0.949	-0.943	-0.943	-0.292	-0.291	-0.725	-0.725	-0.725	-0.725	-0.592	-0.728	-0.731	-0.337	-0.474	-0.380	-0.447	-0.428	-0.566	-0.439	-0.400	-0.673	-0.652	-0.639	-0.634	-0.600	-0.383	-0.326	-0.379	-0.166	-0.187	-0.139	-0.050	-0.062	-1.037	
rs11867799     -0.928	-1.014	-0.995	-0.943	-0.868	-0.996	-0.963	-0.945	-0.933	-0.935	-0.942	-1.049	-0.849	-0.848	-1.063	-0.869	-0.857	-0.818	-0.832	-0.857	-0.835	-0.849	-0.845	-1.077	-0.819	-0.724	-0.787	-0.950	-0.804	-0.178	-0.811	-0.806	-0.808	-0.788	-0.937	-0.946	-0.818	-0.821	-0.818	-0.821	-0.840	-0.816	-0.821	-0.950	-0.948	-0.951	-0.944	-0.944	-0.279	-0.278	-0.730	-0.730	-0.730	-0.730	-0.728	-0.593	-0.727	-0.303	-0.449	-0.362	-0.436	-0.417	-0.555	-0.428	-0.388	-0.672	-0.646	-0.633	-0.633	-0.599	-0.382	-0.324	-0.378	-0.165	-0.186	-0.129	-0.040	-0.061	-1.038	
rs12103894     -0.927	-1.014	-0.994	-0.942	-0.867	-0.995	-0.962	-0.944	-0.932	-0.934	-0.941	-1.049	-0.848	-0.847	-1.062	-0.868	-0.856	-0.817	-0.831	-0.856	-0.834	-0.848	-0.844	-1.076	-0.818	-0.723	-0.787	-0.950	-0.803	-0.178	-0.811	-0.805	-0.807	-0.787	-0.935	-0.945	-0.814	-0.817	-0.814	-0.817	-0.837	-0.812	-0.817	-0.950	-0.947	-0.950	-0.943	-0.943	-0.297	-0.296	-0.733	-0.732	-0.732	-0.732	-0.731	-0.727	-0.592	-0.327	-0.462	-0.372	-0.444	-0.424	-0.563	-0.435	-0.395	-0.672	-0.650	-0.637	-0.633	-0.599	-0.382	-0.325	-0.379	-0.166	-0.187	-0.135	-0.046	-0.062	-1.037	
rs12103858     -0.788	-0.867	-0.845	-0.791	-0.715	-0.846	-0.812	-0.793	-0.781	-0.783	-0.790	-0.903	-0.696	-0.695	-0.920	-0.737	-0.704	-0.654	-0.670	-0.703	-0.676	-0.697	-0.690	-0.931	-0.657	-0.615	-0.676	-0.842	-0.680	-0.085	-0.687	-0.682	-0.684	-0.665	-0.597	-0.640	-0.429	-0.434	-0.428	-0.432	-0.470	-0.424	-0.434	-0.699	-0.725	-0.700	-0.758	-0.758	-0.572	-0.571	-0.341	-0.341	-0.340	-0.341	-0.337	-0.303	-0.327	-0.439	-0.571	-0.581	-0.592	-0.582	-0.651	-0.587	-0.565	-0.598	-0.685	-0.679	-0.566	-0.538	-0.339	-0.287	-0.336	-0.138	-0.158	-0.312	-0.244	-0.019	-0.900	
rs56373157     -0.821	-0.901	-0.880	-0.826	-0.750	-0.881	-0.847	-0.828	-0.816	-0.818	-0.825	-0.938	-0.732	-0.731	-0.954	-0.769	-0.739	-0.691	-0.707	-0.739	-0.712	-0.732	-0.726	-0.965	-0.694	-0.644	-0.706	-0.871	-0.711	-0.112	-0.718	-0.713	-0.715	-0.696	-0.667	-0.705	-0.522	-0.526	-0.521	-0.525	-0.559	-0.517	-0.526	-0.760	-0.781	-0.761	-0.806	-0.806	-0.563	-0.563	-0.477	-0.477	-0.477	-0.477	-0.474	-0.449	-0.462	-0.571	-0.475	-0.570	-0.585	-0.573	-0.661	-0.580	-0.554	-0.621	-0.698	-0.690	-0.588	-0.559	-0.357	-0.304	-0.354	-0.154	-0.173	-0.301	-0.229	-0.037	-0.934	
rs2279967      -0.692	-0.773	-0.752	-0.700	-0.624	-0.754	-0.721	-0.702	-0.691	-0.692	-0.699	-0.809	-0.602	-0.601	-0.826	-0.646	-0.609	-0.559	-0.576	-0.609	-0.582	-0.603	-0.596	-0.836	-0.563	-0.527	-0.587	-0.758	-0.600	+0.002	-0.606	-0.602	-0.603	-0.585	-0.470	-0.518	-0.310	-0.314	-0.308	-0.312	-0.351	-0.304	-0.314	-0.585	-0.615	-0.586	-0.658	-0.658	-0.584	-0.584	-0.382	-0.382	-0.381	-0.382	-0.380	-0.362	-0.372	-0.581	-0.570	-0.338	-0.529	-0.520	-0.500	-0.526	-0.506	-0.527	-0.582	-0.588	-0.498	-0.472	-0.283	-0.233	-0.280	-0.088	-0.106	-0.280	-0.215	+0.035	-0.805	
rs11650869     -0.633	-0.714	-0.694	-0.642	-0.567	-0.696	-0.663	-0.645	-0.634	-0.635	-0.642	-0.746	-0.543	-0.542	-0.766	-0.573	-0.551	-0.501	-0.517	-0.550	-0.523	-0.544	-0.537	-0.778	-0.504	-0.463	-0.525	-0.706	-0.551	+0.076	-0.557	-0.553	-0.555	-0.537	-0.482	-0.521	-0.340	-0.345	-0.340	-0.343	-0.375	-0.336	-0.345	-0.581	-0.605	-0.581	-0.635	-0.635	-0.594	-0.594	-0.448	-0.448	-0.448	-0.448	-0.447	-0.436	-0.444	-0.592	-0.585	-0.529	-0.276	-0.389	-0.525	-0.387	-0.378	-0.481	-0.563	-0.568	-0.454	-0.430	-0.270	-0.222	-0.267	-0.083	-0.101	-0.251	-0.187	+0.031	-0.725	
rs9902987      -0.624	-0.705	-0.685	-0.633	-0.557	-0.686	-0.654	-0.636	-0.624	-0.626	-0.632	-0.737	-0.534	-0.532	-0.756	-0.564	-0.541	-0.491	-0.507	-0.540	-0.513	-0.534	-0.527	-0.769	-0.495	-0.454	-0.516	-0.698	-0.542	+0.084	-0.548	-0.544	-0.546	-0.528	-0.465	-0.505	-0.328	-0.332	-0.327	-0.330	-0.363	-0.323	-0.332	-0.567	-0.592	-0.567	-0.623	-0.623	-0.584	-0.584	-0.430	-0.430	-0.429	-0.430	-0.428	-0.417	-0.424	-0.582	-0.573	-0.520	-0.389	-0.267	-0.515	-0.389	-0.368	-0.474	-0.553	-0.559	-0.447	-0.423	-0.265	-0.218	-0.262	-0.079	-0.097	-0.251	-0.188	+0.035	-0.714	
rs9904344      -0.750	-0.831	-0.811	-0.758	-0.683	-0.812	-0.779	-0.761	-0.749	-0.751	-0.757	-0.867	-0.662	-0.660	-0.883	-0.699	-0.669	-0.621	-0.637	-0.669	-0.642	-0.662	-0.656	-0.894	-0.625	-0.576	-0.638	-0.808	-0.650	-0.044	-0.657	-0.652	-0.654	-0.635	-0.610	-0.647	-0.466	-0.470	-0.465	-0.468	-0.501	-0.461	-0.470	-0.700	-0.721	-0.700	-0.748	-0.748	-0.649	-0.649	-0.567	-0.567	-0.567	-0.567	-0.566	-0.555	-0.563	-0.651	-0.661	-0.500	-0.525	-0.515	-0.399	-0.517	-0.493	-0.569	-0.611	-0.611	-0.538	-0.511	-0.316	-0.265	-0.313	-0.117	-0.136	-0.256	-0.182	+0.002	-0.861	
rs11655894     -0.628	-0.709	-0.689	-0.637	-0.561	-0.690	-0.658	-0.640	-0.628	-0.630	-0.636	-0.740	-0.538	-0.536	-0.760	-0.568	-0.545	-0.495	-0.511	-0.544	-0.517	-0.538	-0.531	-0.772	-0.499	-0.458	-0.520	-0.702	-0.546	+0.081	-0.553	-0.548	-0.550	-0.532	-0.475	-0.514	-0.333	-0.337	-0.332	-0.336	-0.368	-0.328	-0.337	-0.575	-0.599	-0.575	-0.629	-0.629	-0.590	-0.590	-0.440	-0.440	-0.440	-0.440	-0.439	-0.428	-0.435	-0.587	-0.580	-0.526	-0.387	-0.389	-0.517	-0.271	-0.374	-0.477	-0.557	-0.563	-0.450	-0.426	-0.267	-0.219	-0.263	-0.081	-0.099	-0.250	-0.187	+0.033	-0.719	
rs9905301      -0.606	-0.687	-0.667	-0.615	-0.539	-0.668	-0.636	-0.618	-0.606	-0.608	-0.614	-0.719	-0.516	-0.514	-0.739	-0.546	-0.523	-0.472	-0.489	-0.522	-0.494	-0.516	-0.509	-0.751	-0.476	-0.437	-0.499	-0.682	-0.526	+0.101	-0.532	-0.528	-0.529	-0.512	-0.440	-0.481	-0.300	-0.305	-0.300	-0.303	-0.336	-0.296	-0.305	-0.544	-0.570	-0.544	-0.602	-0.602	-0.568	-0.568	-0.402	-0.402	-0.401	-0.402	-0.400	-0.388	-0.395	-0.565	-0.554	-0.506	-0.378	-0.368	-0.493	-0.374	-0.248	-0.459	-0.534	-0.542	-0.433	-0.409	-0.254	-0.208	-0.251	-0.070	-0.088	-0.250	-0.188	+0.044	-0.695	
rs28635207     -0.574	-0.661	-0.644	-0.592	-0.517	-0.645	-0.612	-0.595	-0.584	-0.585	-0.592	-0.694	-0.478	-0.476	-0.714	-0.490	-0.485	-0.424	-0.443	-0.484	-0.452	-0.480	-0.469	-0.725	-0.430	-0.391	-0.454	-0.619	-0.397	+0.151	-0.404	-0.398	-0.400	-0.376	-0.684	-0.692	-0.649	-0.651	-0.649	-0.651	-0.661	-0.648	-0.651	-0.701	-0.700	-0.700	-0.687	-0.687	-0.591	-0.591	-0.673	-0.673	-0.673	-0.673	-0.673	-0.672	-0.672	-0.598	-0.621	-0.527	-0.481	-0.474	-0.569	-0.477	-0.459	-0.200	-0.559	-0.545	-0.299	-0.266	-0.116	-0.050	-0.111	+0.105	+0.081	-0.177	-0.120	+0.164	-0.708	
rs55703741     -0.738	-0.821	-0.801	-0.749	-0.674	-0.803	-0.770	-0.752	-0.740	-0.742	-0.748	-0.855	-0.652	-0.650	-0.872	-0.686	-0.659	-0.612	-0.628	-0.659	-0.633	-0.652	-0.646	-0.884	-0.616	-0.561	-0.623	-0.794	-0.634	-0.028	-0.641	-0.636	-0.638	-0.619	-0.671	-0.700	-0.556	-0.559	-0.555	-0.558	-0.584	-0.552	-0.559	-0.740	-0.756	-0.740	-0.767	-0.767	-0.681	-0.681	-0.653	-0.653	-0.653	-0.653	-0.652	-0.646	-0.650	-0.685	-0.698	-0.582	-0.563	-0.553	-0.611	-0.557	-0.534	-0.559	-0.388	-0.516	-0.529	-0.502	-0.312	-0.260	-0.308	-0.112	-0.131	-0.185	-0.099	+0.006	-0.846	
rs8075325      -0.717	-0.800	-0.780	-0.728	-0.653	-0.782	-0.749	-0.731	-0.719	-0.721	-0.727	-0.833	-0.630	-0.628	-0.851	-0.664	-0.637	-0.589	-0.605	-0.637	-0.610	-0.630	-0.624	-0.863	-0.593	-0.541	-0.603	-0.775	-0.613	-0.009	-0.620	-0.615	-0.617	-0.598	-0.656	-0.684	-0.543	-0.547	-0.543	-0.545	-0.571	-0.540	-0.546	-0.724	-0.740	-0.724	-0.751	-0.751	-0.676	-0.676	-0.640	-0.640	-0.640	-0.640	-0.639	-0.633	-0.637	-0.679	-0.690	-0.588	-0.568	-0.559	-0.611	-0.563	-0.542	-0.545	-0.516	-0.365	-0.516	-0.490	-0.302	-0.251	-0.299	-0.104	-0.123	-0.188	-0.104	+0.014	-0.822	
rs9915026      -0.535	-0.622	-0.605	-0.555	-0.480	-0.606	-0.574	-0.558	-0.546	-0.548	-0.554	-0.655	-0.437	-0.435	-0.676	-0.452	-0.443	-0.379	-0.399	-0.442	-0.410	-0.439	-0.427	-0.686	-0.387	-0.357	-0.420	-0.584	-0.358	+0.180	-0.365	-0.360	-0.362	-0.337	-0.644	-0.653	-0.609	-0.611	-0.609	-0.610	-0.621	-0.608	-0.611	-0.662	-0.662	-0.661	-0.648	-0.648	-0.560	-0.560	-0.634	-0.634	-0.634	-0.634	-0.634	-0.633	-0.633	-0.566	-0.588	-0.498	-0.454	-0.447	-0.538	-0.450	-0.433	-0.299	-0.529	-0.516	-0.156	-0.213	-0.103	-0.038	-0.097	+0.104	+0.080	-0.158	-0.102	+0.167	-0.669	
