## Summary of overall evidence for association with region:
## log10(BF for region) = -0.461304
## p-value for region = NA

## BFs for choosing among multi-SNP models:
## log10(average 1-SNP BF) = -0.386489
## log10(average 2-SNP BF) = -0.666114

## Example posterior probabilities for multi-SNP models, based on default prior: [p(l) propto 0.5^l for l=1,2,...,L]
## posterior probability of 1-SNP = 0.791997
## posterior probability of 2-SNP = 0.208003

## log10(BF) for single SNP and pair of SNPs:
rs72734898     -0.568	-0.983	-1.017	-0.698	-0.981	-0.988	-0.707	-0.706	-0.706	-0.846	-1.012	-0.239	-0.180	-0.901	-0.767	-0.921	-0.791	-1.022	-1.020	-1.021	-0.972	-0.827	-1.057	-0.963	-0.974	-0.959	-0.953	-1.057	-0.925	-0.935	-0.861	-0.926	-1.011	-1.008	-0.982	-0.922	-0.828	-0.982	-0.840	-0.947	-0.917	-0.842	-1.027	-0.963	-1.015	-1.000	-1.014	-1.025	-1.011	-1.031	-0.871	-0.875	-1.035	-0.819	-0.769	-0.820	-0.787	-0.795	-0.999	-0.751	-0.800	-0.801	-0.922	-0.901	-0.963	-0.953	-0.869	-0.949	-0.895	-0.899	-0.938	-0.328	-0.923	-0.304	-0.205	-0.351	-0.338	-0.375	-0.936	-0.566	-0.366	-0.338	-0.390	-0.921	-0.449	-0.387	-0.940	-0.444	-0.940	-0.965	-0.958	-0.785	-0.583	-0.714	-0.714	-1.004	-1.036	-0.978	-0.983	-0.976	-0.983	-0.977	-0.971	-0.947	-0.966	-0.957	-0.900	-0.913	-0.889	-0.879	-0.901	-0.881	-0.837	-0.744	-0.851	-0.751	-0.617	-0.748	-0.843	-0.863	-0.856	-0.902	-0.902	-0.857	-0.855	-0.849	-0.824	-0.804	-0.984	-0.986	-0.983	-0.983	-0.798	-0.976	-0.980	-0.982	-0.694	-0.806	-0.812	-0.798	-1.063	-0.757	-0.833	-1.025	-0.884	-0.616	
rs2106546      -0.983	-0.616	-0.512	-0.983	-0.749	-0.840	-0.989	-0.989	-0.989	-1.011	-0.748	-0.873	-0.856	-0.648	-0.957	-0.904	-0.985	-0.945	-0.941	-0.945	-1.069	-0.955	-1.025	-1.062	-1.071	-1.060	-1.054	-1.027	-1.029	-0.874	-0.989	-1.030	-1.094	-1.092	-1.076	-1.018	-0.954	-1.076	-0.963	-1.046	-1.024	-0.965	-0.961	-0.913	-0.999	-0.990	-0.941	-1.015	-1.007	-1.028	-0.972	-0.975	-1.078	-0.874	-0.827	-0.876	-0.845	-0.853	-1.073	-0.810	-0.857	-0.858	-0.984	-0.946	-1.011	-1.000	-0.914	-0.995	-0.940	-0.945	-0.984	-0.377	-0.970	-0.353	-0.257	-0.400	-0.387	-0.423	-0.982	-0.618	-0.415	-0.387	-0.439	-0.967	-0.501	-0.436	-0.985	-0.496	-0.986	-1.011	-1.004	-0.831	-0.634	-0.759	-0.759	-1.051	-1.083	-1.026	-1.030	-1.023	-1.030	-1.024	-1.019	-0.995	-1.013	-1.005	-0.947	-0.960	-0.936	-0.928	-0.948	-0.930	-0.885	-0.789	-0.899	-0.800	-0.668	-0.796	-0.890	-0.910	-0.905	-0.951	-0.951	-0.906	-0.904	-0.897	-0.871	-0.853	-1.027	-1.029	-1.026	-1.026	-0.846	-1.018	-1.023	-1.024	-0.743	-0.854	-0.859	-0.846	-1.108	-0.806	-0.879	-1.070	-0.924	-0.660	
rs2106547      -1.017	-0.512	-0.657	-1.016	-0.492	-0.741	-1.006	-1.005	-1.005	-1.025	-0.735	-0.843	-0.822	-0.137	-0.964	-0.809	-1.011	-1.042	-1.039	-1.042	-1.109	-1.012	-1.085	-1.092	-1.111	-1.089	-1.081	-1.086	-1.068	-0.984	-1.013	-1.068	-1.134	-1.132	-1.114	-1.073	-1.015	-1.113	-1.020	-1.085	-1.062	-1.021	-1.052	-1.014	-1.074	-1.063	-1.048	-1.084	-1.075	-1.091	-1.027	-1.028	-1.118	-0.900	-0.849	-0.901	-0.868	-0.876	-1.108	-0.831	-0.881	-0.882	-1.044	-0.985	-1.048	-1.037	-0.955	-1.034	-0.981	-0.985	-1.024	-0.416	-1.009	-0.392	-0.294	-0.439	-0.426	-0.462	-1.021	-0.652	-0.454	-0.426	-0.477	-1.006	-0.534	-0.475	-1.025	-0.530	-1.025	-1.050	-1.043	-0.871	-0.669	-0.800	-0.801	-1.088	-1.120	-1.062	-1.066	-1.060	-1.066	-1.061	-1.055	-1.030	-1.051	-1.041	-0.984	-0.996	-0.972	-0.962	-0.985	-0.965	-0.921	-0.828	-0.935	-0.835	-0.700	-0.832	-0.927	-0.947	-0.939	-0.985	-0.985	-0.940	-0.938	-0.933	-0.907	-0.888	-1.068	-1.071	-1.068	-1.067	-0.881	-1.060	-1.065	-1.066	-0.778	-0.891	-0.897	-0.884	-1.147	-0.843	-0.918	-1.109	-0.969	-0.701	
rs11955210     -0.698	-0.983	-1.016	-0.568	-0.981	-0.988	-0.707	-0.707	-0.707	-0.846	-1.012	-0.240	-0.181	-0.901	-0.767	-0.921	-0.790	-1.022	-1.019	-1.021	-0.972	-0.826	-1.057	-0.963	-0.974	-0.959	-0.953	-1.057	-0.924	-0.935	-0.861	-0.925	-1.010	-1.008	-0.981	-0.922	-0.828	-0.981	-0.840	-0.947	-0.917	-0.842	-1.027	-0.963	-1.015	-0.999	-1.014	-1.025	-1.011	-1.031	-0.871	-0.874	-1.035	-0.819	-0.769	-0.820	-0.787	-0.795	-0.999	-0.751	-0.800	-0.801	-0.921	-0.901	-0.963	-0.953	-0.868	-0.949	-0.895	-0.899	-0.938	-0.328	-0.923	-0.303	-0.205	-0.351	-0.338	-0.374	-0.936	-0.566	-0.366	-0.338	-0.390	-0.920	-0.449	-0.387	-0.940	-0.444	-0.940	-0.965	-0.958	-0.785	-0.583	-0.714	-0.714	-1.003	-1.036	-0.978	-0.983	-0.976	-0.982	-0.977	-0.971	-0.947	-0.966	-0.957	-0.900	-0.912	-0.888	-0.879	-0.901	-0.881	-0.837	-0.744	-0.851	-0.751	-0.617	-0.748	-0.843	-0.863	-0.856	-0.902	-0.902	-0.856	-0.855	-0.849	-0.823	-0.804	-0.984	-0.986	-0.983	-0.983	-0.797	-0.976	-0.980	-0.981	-0.694	-0.806	-0.812	-0.798	-1.063	-0.757	-0.833	-1.025	-0.884	-0.616	
rs7710554      -0.981	-0.749	-0.492	-0.981	-0.614	-0.838	-0.987	-0.987	-0.987	-1.010	-0.739	-0.873	-0.856	-0.654	-0.956	-0.904	-0.983	-0.941	-0.937	-0.941	-1.067	-0.952	-1.022	-1.060	-1.069	-1.058	-1.052	-1.024	-1.027	-0.870	-0.988	-1.028	-1.092	-1.090	-1.074	-1.016	-0.951	-1.074	-0.961	-1.044	-1.022	-0.963	-0.957	-0.909	-0.996	-0.987	-0.938	-1.012	-1.005	-1.026	-0.969	-0.972	-1.076	-0.873	-0.826	-0.874	-0.843	-0.851	-1.072	-0.808	-0.856	-0.856	-0.982	-0.944	-1.009	-0.998	-0.912	-0.994	-0.938	-0.943	-0.982	-0.375	-0.968	-0.351	-0.255	-0.398	-0.385	-0.421	-0.980	-0.616	-0.413	-0.385	-0.437	-0.965	-0.499	-0.434	-0.983	-0.494	-0.984	-1.009	-1.002	-0.829	-0.632	-0.757	-0.757	-1.049	-1.081	-1.024	-1.028	-1.021	-1.028	-1.022	-1.017	-0.993	-1.011	-1.003	-0.946	-0.958	-0.934	-0.926	-0.946	-0.929	-0.883	-0.787	-0.897	-0.798	-0.667	-0.795	-0.888	-0.909	-0.903	-0.949	-0.949	-0.904	-0.902	-0.895	-0.870	-0.851	-1.025	-1.027	-1.024	-1.024	-0.844	-1.016	-1.021	-1.022	-0.741	-0.852	-0.858	-0.845	-1.107	-0.804	-0.877	-1.068	-0.922	-0.658	
rs1304136      -0.988	-0.840	-0.741	-0.988	-0.838	-0.618	-0.989	-0.989	-0.989	-1.013	-0.836	-0.872	-0.854	-0.691	-0.958	-0.912	-0.985	-0.959	-0.955	-0.959	-1.072	-0.953	-1.034	-1.064	-1.074	-1.062	-1.055	-1.036	-1.026	-0.864	-0.989	-1.027	-1.093	-1.091	-1.078	-1.010	-0.953	-1.078	-0.963	-1.044	-1.020	-0.965	-0.980	-0.910	-0.994	-0.986	-0.926	-1.011	-1.004	-1.024	-0.972	-0.975	-1.076	-0.872	-0.824	-0.874	-0.842	-0.850	-1.075	-0.807	-0.855	-0.856	-0.990	-0.950	-1.012	-1.001	-0.914	-0.998	-0.941	-0.945	-0.985	-0.379	-0.971	-0.355	-0.259	-0.402	-0.389	-0.425	-0.983	-0.619	-0.417	-0.389	-0.441	-0.968	-0.502	-0.438	-0.986	-0.497	-0.987	-1.012	-1.005	-0.831	-0.636	-0.758	-0.759	-1.052	-1.085	-1.028	-1.032	-1.026	-1.032	-1.027	-1.021	-0.997	-1.015	-1.007	-0.950	-0.962	-0.939	-0.930	-0.951	-0.933	-0.888	-0.793	-0.902	-0.803	-0.671	-0.800	-0.894	-0.914	-0.907	-0.954	-0.954	-0.908	-0.906	-0.900	-0.874	-0.855	-1.029	-1.031	-1.028	-1.028	-0.849	-1.021	-1.025	-1.027	-0.746	-0.856	-0.861	-0.848	-1.111	-0.807	-0.881	-1.072	-0.926	-0.663	
rs72734902     -0.707	-0.989	-1.006	-0.707	-0.987	-0.989	-0.557	-0.686	-0.686	-0.864	-1.008	-0.324	-0.266	-0.912	-0.794	-0.928	-0.767	-1.003	-1.000	-1.002	-0.955	-0.771	-1.045	-0.963	-0.959	-0.960	-0.952	-1.045	-0.889	-0.916	-0.856	-0.890	-0.987	-0.984	-0.964	-0.884	-0.769	-0.965	-0.788	-0.914	-0.880	-0.792	-1.011	-0.947	-1.000	-0.985	-0.996	-1.011	-0.997	-1.018	-0.832	-0.837	-1.023	-0.814	-0.765	-0.815	-0.783	-0.791	-0.994	-0.747	-0.796	-0.796	-0.895	-0.897	-0.958	-0.948	-0.857	-0.939	-0.883	-0.888	-0.927	-0.317	-0.911	-0.292	-0.194	-0.340	-0.327	-0.363	-0.925	-0.556	-0.355	-0.327	-0.379	-0.909	-0.439	-0.376	-0.929	-0.434	-0.929	-0.955	-0.947	-0.773	-0.573	-0.701	-0.701	-0.993	-1.026	-0.969	-0.973	-0.966	-0.973	-0.967	-0.962	-0.937	-0.956	-0.948	-0.891	-0.903	-0.879	-0.869	-0.892	-0.872	-0.828	-0.735	-0.842	-0.743	-0.609	-0.740	-0.834	-0.854	-0.847	-0.893	-0.893	-0.848	-0.846	-0.840	-0.815	-0.796	-0.974	-0.976	-0.973	-0.972	-0.789	-0.965	-0.970	-0.971	-0.686	-0.795	-0.801	-0.788	-1.052	-0.746	-0.823	-1.015	-0.872	-0.606	
rs72737003     -0.706	-0.989	-1.005	-0.707	-0.987	-0.989	-0.686	-0.557	-0.685	-0.864	-1.007	-0.325	-0.267	-0.912	-0.795	-0.928	-0.767	-1.002	-1.000	-1.002	-0.955	-0.770	-1.044	-0.962	-0.958	-0.960	-0.952	-1.045	-0.889	-0.916	-0.855	-0.890	-0.987	-0.984	-0.964	-0.883	-0.769	-0.965	-0.787	-0.914	-0.880	-0.791	-1.011	-0.947	-1.000	-0.985	-0.996	-1.011	-0.997	-1.018	-0.832	-0.837	-1.023	-0.814	-0.765	-0.815	-0.783	-0.791	-0.994	-0.747	-0.796	-0.796	-0.894	-0.897	-0.958	-0.948	-0.856	-0.939	-0.883	-0.888	-0.927	-0.317	-0.911	-0.292	-0.194	-0.340	-0.327	-0.363	-0.925	-0.556	-0.354	-0.327	-0.379	-0.909	-0.439	-0.376	-0.929	-0.434	-0.929	-0.954	-0.947	-0.773	-0.573	-0.701	-0.701	-0.993	-1.026	-0.969	-0.973	-0.966	-0.973	-0.967	-0.962	-0.937	-0.956	-0.948	-0.891	-0.903	-0.879	-0.869	-0.892	-0.872	-0.828	-0.735	-0.842	-0.742	-0.609	-0.740	-0.834	-0.854	-0.847	-0.893	-0.893	-0.848	-0.846	-0.840	-0.814	-0.795	-0.973	-0.976	-0.973	-0.972	-0.788	-0.965	-0.970	-0.971	-0.685	-0.795	-0.801	-0.788	-1.052	-0.746	-0.823	-1.014	-0.872	-0.606	
rs72737006     -0.706	-0.989	-1.005	-0.707	-0.987	-0.989	-0.686	-0.685	-0.556	-0.864	-1.007	-0.325	-0.268	-0.912	-0.795	-0.928	-0.767	-1.002	-1.000	-1.002	-0.955	-0.770	-1.044	-0.962	-0.958	-0.960	-0.952	-1.045	-0.889	-0.916	-0.855	-0.890	-0.987	-0.984	-0.964	-0.883	-0.769	-0.965	-0.787	-0.914	-0.880	-0.791	-1.011	-0.947	-1.000	-0.985	-0.996	-1.011	-0.997	-1.018	-0.832	-0.837	-1.023	-0.814	-0.765	-0.815	-0.783	-0.791	-0.994	-0.747	-0.796	-0.796	-0.894	-0.897	-0.958	-0.948	-0.856	-0.939	-0.883	-0.887	-0.927	-0.317	-0.911	-0.292	-0.194	-0.340	-0.327	-0.363	-0.925	-0.556	-0.354	-0.327	-0.378	-0.909	-0.439	-0.376	-0.929	-0.434	-0.929	-0.954	-0.947	-0.773	-0.573	-0.701	-0.701	-0.993	-1.026	-0.969	-0.973	-0.966	-0.973	-0.967	-0.962	-0.937	-0.956	-0.948	-0.891	-0.903	-0.879	-0.869	-0.892	-0.872	-0.828	-0.735	-0.842	-0.742	-0.609	-0.740	-0.834	-0.854	-0.847	-0.893	-0.893	-0.848	-0.846	-0.840	-0.814	-0.795	-0.973	-0.976	-0.973	-0.972	-0.788	-0.965	-0.970	-0.971	-0.685	-0.795	-0.801	-0.788	-1.052	-0.746	-0.823	-1.014	-0.872	-0.606	
rs11745764     -0.846	-1.011	-1.025	-0.846	-1.010	-1.013	-0.864	-0.864	-0.864	-0.538	-1.027	-0.793	-0.778	-0.953	-0.627	-0.926	-0.860	-0.915	-0.911	-0.914	-0.704	-0.809	-0.985	-0.823	-0.723	-0.828	-0.830	-0.986	-0.650	-0.823	-0.885	-0.651	-0.808	-0.801	-0.740	-0.877	-0.785	-0.753	-0.803	-0.693	-0.644	-0.807	-0.933	-0.873	-0.939	-0.929	-1.000	-0.955	-0.945	-0.968	-0.841	-0.846	-0.978	-0.813	-0.770	-0.815	-0.786	-0.793	-0.967	-0.753	-0.797	-0.798	-0.802	-0.868	-0.936	-0.925	-0.839	-0.921	-0.866	-0.870	-0.909	-0.298	-0.894	-0.273	-0.174	-0.321	-0.308	-0.344	-0.907	-0.533	-0.336	-0.308	-0.360	-0.892	-0.416	-0.357	-0.911	-0.411	-0.911	-0.937	-0.929	-0.756	-0.550	-0.685	-0.685	-0.976	-1.007	-0.950	-0.954	-0.948	-0.954	-0.949	-0.943	-0.918	-0.941	-0.929	-0.870	-0.883	-0.858	-0.848	-0.871	-0.851	-0.807	-0.713	-0.821	-0.724	-0.584	-0.717	-0.813	-0.833	-0.826	-0.872	-0.872	-0.827	-0.825	-0.819	-0.794	-0.775	-0.953	-0.955	-0.952	-0.952	-0.768	-0.945	-0.949	-0.951	-0.664	-0.778	-0.783	-0.770	-1.035	-0.729	-0.805	-0.997	-0.856	-0.593	
rs1366628      -1.012	-0.748	-0.735	-1.012	-0.739	-0.836	-1.008	-1.007	-1.007	-1.027	-0.647	-0.865	-0.846	-0.384	-0.968	-0.859	-1.008	-1.006	-1.003	-1.006	-1.100	-0.995	-1.071	-1.087	-1.102	-1.084	-1.077	-1.072	-1.058	-0.948	-1.012	-1.059	-1.125	-1.123	-1.105	-1.060	-0.996	-1.105	-1.004	-1.076	-1.053	-1.005	-1.019	-0.982	-1.052	-1.041	-1.014	-1.065	-1.056	-1.074	-1.011	-1.013	-1.108	-0.897	-0.847	-0.898	-0.865	-0.873	-1.101	-0.829	-0.878	-0.879	-1.028	-0.976	-1.039	-1.029	-0.945	-1.025	-0.971	-0.975	-1.014	-0.407	-1.000	-0.383	-0.286	-0.430	-0.417	-0.454	-1.012	-0.645	-0.445	-0.417	-0.468	-0.997	-0.528	-0.466	-1.016	-0.523	-1.016	-1.041	-1.034	-0.862	-0.662	-0.790	-0.791	-1.080	-1.112	-1.054	-1.059	-1.052	-1.058	-1.053	-1.047	-1.023	-1.042	-1.033	-0.976	-0.989	-0.965	-0.955	-0.977	-0.958	-0.913	-0.820	-0.927	-0.828	-0.694	-0.825	-0.919	-0.939	-0.932	-0.979	-0.979	-0.933	-0.931	-0.925	-0.900	-0.881	-1.058	-1.061	-1.058	-1.057	-0.874	-1.050	-1.055	-1.056	-0.771	-0.883	-0.889	-0.875	-1.138	-0.835	-0.909	-1.100	-0.958	-0.692	
rs1366629      -0.239	-0.873	-0.843	-0.240	-0.873	-0.872	-0.324	-0.325	-0.325	-0.793	-0.865	-0.412	-0.522	-0.838	-0.762	-0.846	-0.467	-0.842	-0.838	-0.841	-0.771	-0.432	-0.896	-0.824	-0.780	-0.825	-0.828	-0.897	-0.669	-0.741	-0.675	-0.671	-0.784	-0.779	-0.792	-0.610	-0.429	-0.798	-0.471	-0.703	-0.658	-0.479	-0.854	-0.779	-0.844	-0.831	-0.828	-0.858	-0.846	-0.869	-0.577	-0.588	-0.875	-0.696	-0.653	-0.697	-0.669	-0.676	-0.860	-0.635	-0.680	-0.681	-0.673	-0.784	-0.842	-0.833	-0.715	-0.804	-0.744	-0.748	-0.788	-0.174	-0.772	-0.149	-0.048	-0.197	-0.184	-0.221	-0.786	-0.419	-0.212	-0.184	-0.237	-0.771	-0.303	-0.234	-0.790	-0.298	-0.791	-0.817	-0.809	-0.632	-0.436	-0.559	-0.558	-0.856	-0.892	-0.836	-0.840	-0.834	-0.840	-0.835	-0.829	-0.805	-0.820	-0.815	-0.758	-0.770	-0.746	-0.737	-0.759	-0.739	-0.696	-0.601	-0.710	-0.612	-0.478	-0.609	-0.702	-0.722	-0.715	-0.761	-0.761	-0.716	-0.714	-0.707	-0.681	-0.663	-0.837	-0.839	-0.836	-0.836	-0.656	-0.829	-0.833	-0.835	-0.553	-0.658	-0.664	-0.650	-0.917	-0.608	-0.686	-0.879	-0.729	-0.469	
rs56362391     -0.180	-0.856	-0.822	-0.181	-0.856	-0.854	-0.266	-0.267	-0.268	-0.778	-0.846	-0.522	-0.394	-0.824	-0.750	-0.832	-0.405	-0.822	-0.819	-0.821	-0.746	-0.382	-0.878	-0.804	-0.756	-0.805	-0.809	-0.878	-0.642	-0.720	-0.647	-0.644	-0.760	-0.754	-0.769	-0.578	-0.381	-0.775	-0.426	-0.676	-0.630	-0.435	-0.834	-0.760	-0.826	-0.813	-0.808	-0.839	-0.828	-0.850	-0.543	-0.555	-0.856	-0.680	-0.637	-0.681	-0.653	-0.660	-0.842	-0.620	-0.664	-0.665	-0.649	-0.769	-0.827	-0.818	-0.698	-0.786	-0.726	-0.731	-0.771	-0.156	-0.754	-0.130	-0.030	-0.179	-0.166	-0.203	-0.769	-0.401	-0.194	-0.166	-0.219	-0.754	-0.286	-0.216	-0.773	-0.281	-0.773	-0.800	-0.792	-0.614	-0.418	-0.541	-0.541	-0.839	-0.874	-0.819	-0.823	-0.817	-0.823	-0.818	-0.812	-0.788	-0.803	-0.798	-0.741	-0.753	-0.729	-0.720	-0.742	-0.722	-0.679	-0.584	-0.693	-0.595	-0.461	-0.592	-0.685	-0.705	-0.698	-0.744	-0.744	-0.699	-0.697	-0.690	-0.664	-0.646	-0.820	-0.822	-0.819	-0.819	-0.639	-0.811	-0.816	-0.817	-0.536	-0.640	-0.646	-0.632	-0.900	-0.590	-0.668	-0.861	-0.711	-0.451	
rs6883282      -0.901	-0.648	-0.137	-0.901	-0.654	-0.691	-0.912	-0.912	-0.912	-0.953	-0.384	-0.838	-0.824	-0.539	-0.904	-0.878	-0.902	-0.793	-0.787	-0.792	-0.990	-0.847	-0.908	-0.993	-0.994	-0.991	-0.987	-0.910	-0.952	-0.731	-0.916	-0.953	-1.017	-1.015	-0.998	-0.927	-0.844	-0.999	-0.858	-0.969	-0.946	-0.861	-0.826	-0.787	-0.886	-0.881	-0.792	-0.907	-0.903	-0.925	-0.872	-0.876	-0.999	-0.808	-0.764	-0.810	-0.780	-0.788	-1.002	-0.747	-0.793	-0.793	-0.893	-0.873	-0.939	-0.929	-0.837	-0.921	-0.864	-0.868	-0.908	-0.301	-0.894	-0.276	-0.182	-0.324	-0.311	-0.347	-0.906	-0.546	-0.338	-0.311	-0.363	-0.892	-0.429	-0.360	-0.910	-0.425	-0.910	-0.936	-0.929	-0.754	-0.562	-0.681	-0.682	-0.977	-1.009	-0.953	-0.957	-0.950	-0.956	-0.951	-0.946	-0.922	-0.940	-0.932	-0.874	-0.887	-0.863	-0.856	-0.875	-0.859	-0.812	-0.715	-0.826	-0.729	-0.598	-0.725	-0.818	-0.838	-0.833	-0.880	-0.880	-0.834	-0.832	-0.824	-0.799	-0.780	-0.950	-0.953	-0.949	-0.949	-0.774	-0.942	-0.947	-0.948	-0.671	-0.780	-0.785	-0.772	-1.034	-0.732	-0.804	-0.995	-0.843	-0.583	
rs60732225     -0.767	-0.957	-0.964	-0.767	-0.956	-0.958	-0.794	-0.795	-0.795	-0.627	-0.968	-0.762	-0.750	-0.904	-0.477	-0.886	-0.782	-0.834	-0.830	-0.833	-0.508	-0.715	-0.914	-0.700	-0.533	-0.709	-0.731	-0.915	-0.507	-0.741	-0.818	-0.508	-0.687	-0.678	-0.576	-0.793	-0.683	-0.595	-0.706	-0.556	-0.491	-0.710	-0.855	-0.795	-0.868	-0.859	-0.942	-0.885	-0.877	-0.900	-0.757	-0.763	-0.908	-0.762	-0.721	-0.764	-0.736	-0.743	-0.903	-0.704	-0.747	-0.747	-0.708	-0.809	-0.877	-0.867	-0.779	-0.862	-0.807	-0.811	-0.850	-0.236	-0.834	-0.211	-0.111	-0.259	-0.246	-0.283	-0.848	-0.473	-0.274	-0.247	-0.298	-0.833	-0.355	-0.296	-0.852	-0.350	-0.852	-0.877	-0.870	-0.696	-0.490	-0.625	-0.625	-0.917	-0.947	-0.891	-0.896	-0.889	-0.895	-0.890	-0.884	-0.859	-0.883	-0.870	-0.811	-0.823	-0.799	-0.789	-0.812	-0.792	-0.747	-0.653	-0.761	-0.665	-0.524	-0.657	-0.753	-0.774	-0.766	-0.813	-0.813	-0.767	-0.765	-0.759	-0.735	-0.716	-0.893	-0.896	-0.892	-0.892	-0.709	-0.885	-0.890	-0.891	-0.605	-0.718	-0.724	-0.711	-0.976	-0.669	-0.745	-0.938	-0.796	-0.535	
rs10072891     -0.921	-0.904	-0.809	-0.921	-0.904	-0.912	-0.928	-0.928	-0.928	-0.926	-0.859	-0.846	-0.832	-0.878	-0.886	-0.534	-0.917	-0.508	-0.500	-0.509	-0.905	-0.870	-0.733	-0.951	-0.915	-0.951	-0.951	-0.739	-0.878	-0.582	-0.921	-0.879	-0.970	-0.967	-0.924	-0.945	-0.859	-0.929	-0.871	-0.901	-0.872	-0.873	-0.607	-0.678	-0.797	-0.807	-0.906	-0.828	-0.835	-0.853	-0.888	-0.891	-1.010	-0.813	-0.770	-0.814	-0.786	-0.793	-0.997	-0.754	-0.797	-0.798	-0.859	-0.833	-0.910	-0.899	-0.836	-0.917	-0.862	-0.866	-0.906	-0.296	-0.892	-0.271	-0.176	-0.319	-0.306	-0.343	-0.904	-0.537	-0.334	-0.307	-0.358	-0.890	-0.419	-0.356	-0.907	-0.414	-0.907	-0.933	-0.925	-0.753	-0.554	-0.681	-0.681	-0.974	-1.003	-0.946	-0.950	-0.944	-0.950	-0.945	-0.939	-0.915	-0.939	-0.926	-0.866	-0.878	-0.854	-0.847	-0.867	-0.850	-0.803	-0.705	-0.816	-0.721	-0.584	-0.712	-0.808	-0.828	-0.824	-0.870	-0.870	-0.825	-0.823	-0.816	-0.791	-0.772	-0.944	-0.946	-0.943	-0.943	-0.765	-0.935	-0.940	-0.941	-0.662	-0.776	-0.782	-0.769	-1.030	-0.728	-0.800	-0.992	-0.845	-0.585	
rs72737009     -0.791	-0.985	-1.011	-0.790	-0.983	-0.985	-0.767	-0.767	-0.767	-0.860	-1.008	-0.467	-0.405	-0.902	-0.782	-0.917	-0.552	-1.003	-1.001	-1.003	-0.955	-0.736	-1.042	-0.954	-0.957	-0.951	-0.942	-1.042	-0.895	-0.916	-0.822	-0.896	-0.988	-0.985	-0.962	-0.873	-0.740	-0.962	-0.761	-0.919	-0.887	-0.765	-1.011	-0.947	-0.999	-0.983	-0.991	-1.009	-0.995	-1.016	-0.817	-0.822	-1.018	-0.807	-0.757	-0.808	-0.776	-0.784	-0.985	-0.740	-0.788	-0.789	-0.900	-0.889	-0.951	-0.941	-0.853	-0.935	-0.880	-0.884	-0.923	-0.310	-0.908	-0.285	-0.187	-0.333	-0.320	-0.357	-0.921	-0.551	-0.348	-0.320	-0.372	-0.905	-0.433	-0.369	-0.925	-0.429	-0.925	-0.950	-0.943	-0.770	-0.568	-0.698	-0.698	-0.989	-1.021	-0.964	-0.968	-0.962	-0.968	-0.963	-0.957	-0.932	-0.952	-0.943	-0.886	-0.898	-0.874	-0.864	-0.886	-0.867	-0.822	-0.729	-0.837	-0.736	-0.603	-0.734	-0.828	-0.849	-0.841	-0.888	-0.888	-0.842	-0.840	-0.834	-0.809	-0.790	-0.969	-0.971	-0.968	-0.968	-0.783	-0.961	-0.965	-0.967	-0.680	-0.791	-0.797	-0.783	-1.048	-0.742	-0.818	-1.010	-0.868	-0.600	
rs38088        -1.022	-0.945	-1.042	-1.022	-0.941	-0.959	-1.003	-1.002	-1.002	-0.915	-1.006	-0.842	-0.822	-0.793	-0.834	-0.508	-1.003	-0.628	-0.762	-0.765	-1.031	-1.000	-0.674	-0.984	-1.030	-0.978	-0.957	-0.683	-1.046	-0.913	-0.974	-1.047	-1.105	-1.103	-1.026	-1.052	-1.003	-1.022	-1.005	-1.062	-1.041	-1.005	-0.849	-0.956	-0.994	-0.998	-1.064	-1.000	-1.006	-0.999	-1.006	-1.006	-1.097	-0.843	-0.784	-0.844	-0.805	-0.814	-1.055	-0.765	-0.820	-0.821	-1.022	-0.966	-1.026	-1.015	-0.927	-1.007	-0.953	-0.957	-0.996	-0.379	-0.980	-0.354	-0.254	-0.402	-0.388	-0.425	-0.994	-0.616	-0.416	-0.389	-0.440	-0.977	-0.497	-0.438	-0.997	-0.493	-0.998	-1.023	-1.016	-0.843	-0.633	-0.772	-0.772	-1.059	-1.093	-1.035	-1.039	-1.032	-1.039	-1.033	-1.027	-1.002	-1.021	-1.013	-0.957	-0.969	-0.945	-0.932	-0.958	-0.934	-0.894	-0.800	-0.908	-0.804	-0.669	-0.806	-0.899	-0.920	-0.908	-0.955	-0.955	-0.909	-0.907	-0.906	-0.880	-0.861	-1.044	-1.046	-1.043	-1.043	-0.854	-1.036	-1.040	-1.042	-0.751	-0.862	-0.868	-0.854	-1.120	-0.812	-0.891	-1.082	-0.948	-0.677	
rs40235        -1.020	-0.941	-1.039	-1.019	-0.937	-0.955	-1.000	-1.000	-1.000	-0.911	-1.003	-0.838	-0.819	-0.787	-0.830	-0.500	-1.001	-0.762	-0.626	-0.763	-1.029	-0.998	-0.651	-0.980	-1.027	-0.974	-0.953	-0.660	-1.045	-0.914	-0.971	-1.046	-1.103	-1.101	-1.022	-1.050	-1.001	-1.019	-1.003	-1.061	-1.040	-1.003	-0.846	-0.957	-0.992	-0.997	-1.063	-0.998	-1.005	-0.997	-1.004	-1.004	-1.095	-0.840	-0.781	-0.841	-0.801	-0.811	-1.052	-0.762	-0.816	-0.817	-1.021	-0.964	-1.024	-1.013	-0.925	-1.005	-0.951	-0.955	-0.994	-0.376	-0.978	-0.351	-0.251	-0.399	-0.386	-0.423	-0.991	-0.613	-0.414	-0.386	-0.438	-0.975	-0.495	-0.435	-0.995	-0.490	-0.996	-1.021	-1.013	-0.841	-0.631	-0.770	-0.770	-1.057	-1.091	-1.033	-1.037	-1.030	-1.037	-1.031	-1.025	-1.000	-1.019	-1.011	-0.955	-0.967	-0.943	-0.929	-0.956	-0.932	-0.892	-0.797	-0.906	-0.801	-0.666	-0.804	-0.897	-0.918	-0.906	-0.953	-0.953	-0.907	-0.905	-0.904	-0.878	-0.859	-1.042	-1.044	-1.041	-1.041	-0.852	-1.034	-1.038	-1.040	-0.749	-0.859	-0.865	-0.851	-1.118	-0.810	-0.889	-1.080	-0.947	-0.675	
rs38087        -1.021	-0.945	-1.042	-1.021	-0.941	-0.959	-1.002	-1.002	-1.002	-0.914	-1.006	-0.841	-0.821	-0.792	-0.833	-0.509	-1.003	-0.765	-0.763	-0.628	-1.031	-1.000	-0.665	-0.983	-1.029	-0.977	-0.956	-0.674	-1.046	-0.914	-0.973	-1.047	-1.104	-1.103	-1.025	-1.052	-1.002	-1.021	-1.005	-1.062	-1.041	-1.005	-0.848	-0.957	-0.993	-0.998	-1.064	-0.999	-1.006	-0.999	-1.005	-1.006	-1.097	-0.842	-0.783	-0.843	-0.804	-0.813	-1.054	-0.764	-0.819	-0.820	-1.022	-0.966	-1.025	-1.015	-0.926	-1.007	-0.953	-0.957	-0.995	-0.378	-0.980	-0.353	-0.253	-0.401	-0.388	-0.425	-0.993	-0.615	-0.416	-0.388	-0.440	-0.976	-0.497	-0.437	-0.997	-0.492	-0.997	-1.022	-1.015	-0.843	-0.633	-0.772	-0.772	-1.058	-1.092	-1.034	-1.038	-1.032	-1.038	-1.033	-1.027	-1.002	-1.021	-1.012	-0.956	-0.969	-0.945	-0.931	-0.957	-0.934	-0.894	-0.799	-0.907	-0.803	-0.668	-0.805	-0.899	-0.919	-0.908	-0.955	-0.955	-0.909	-0.907	-0.906	-0.880	-0.861	-1.043	-1.046	-1.043	-1.042	-0.854	-1.035	-1.040	-1.041	-0.751	-0.861	-0.867	-0.853	-1.119	-0.812	-0.891	-1.082	-0.948	-0.676	
rs185293       -0.972	-1.069	-1.109	-0.972	-1.067	-1.072	-0.955	-0.955	-0.955	-0.704	-1.100	-0.771	-0.746	-0.990	-0.508	-0.905	-0.955	-1.031	-1.029	-1.031	-0.619	-0.935	-1.065	-0.666	-0.770	-0.642	-0.657	-1.066	-0.872	-0.958	-0.920	-0.873	-0.985	-0.982	-0.813	-1.014	-0.928	-0.806	-0.935	-0.901	-0.864	-0.935	-1.039	-0.992	-1.044	-1.031	-1.077	-1.054	-1.043	-1.060	-0.959	-0.961	-1.070	-0.856	-0.803	-0.858	-0.822	-0.831	-1.007	-0.785	-0.836	-0.837	-0.959	-0.949	-1.012	-1.001	-0.919	-0.998	-0.945	-0.949	-0.988	-0.379	-0.973	-0.355	-0.257	-0.402	-0.389	-0.426	-0.986	-0.616	-0.417	-0.389	-0.440	-0.970	-0.499	-0.438	-0.989	-0.494	-0.990	-1.015	-1.007	-0.836	-0.633	-0.764	-0.765	-1.052	-1.084	-1.027	-1.031	-1.024	-1.031	-1.025	-1.019	-0.995	-1.015	-1.006	-0.949	-0.961	-0.937	-0.927	-0.949	-0.929	-0.885	-0.792	-0.900	-0.799	-0.665	-0.796	-0.891	-0.911	-0.904	-0.950	-0.950	-0.904	-0.903	-0.897	-0.872	-0.853	-1.033	-1.035	-1.032	-1.032	-0.846	-1.025	-1.029	-1.030	-0.742	-0.855	-0.861	-0.848	-1.111	-0.807	-0.882	-1.074	-0.934	-0.664	
rs38086        -0.827	-0.955	-1.012	-0.826	-0.952	-0.953	-0.771	-0.770	-0.770	-0.809	-0.995	-0.432	-0.382	-0.847	-0.715	-0.870	-0.736	-1.000	-0.998	-1.000	-0.935	-0.543	-1.023	-0.890	-0.933	-0.884	-0.858	-1.023	-0.915	-0.918	-0.605	-0.916	-0.986	-0.985	-0.927	-0.894	-0.723	-0.924	-0.732	-0.935	-0.909	-0.731	-1.008	-0.948	-0.992	-0.977	-0.990	-1.001	-0.988	-1.005	-0.807	-0.809	-1.012	-0.786	-0.733	-0.788	-0.753	-0.761	-0.943	-0.715	-0.766	-0.767	-0.914	-0.857	-0.923	-0.912	-0.847	-0.926	-0.873	-0.877	-0.916	-0.306	-0.902	-0.281	-0.184	-0.329	-0.316	-0.353	-0.914	-0.543	-0.344	-0.316	-0.367	-0.898	-0.424	-0.365	-0.917	-0.419	-0.918	-0.943	-0.935	-0.764	-0.560	-0.693	-0.693	-0.980	-1.012	-0.954	-0.958	-0.951	-0.958	-0.953	-0.946	-0.922	-0.943	-0.933	-0.876	-0.888	-0.864	-0.853	-0.876	-0.856	-0.812	-0.719	-0.826	-0.725	-0.589	-0.722	-0.818	-0.838	-0.830	-0.876	-0.876	-0.831	-0.829	-0.825	-0.799	-0.780	-0.961	-0.963	-0.960	-0.960	-0.773	-0.953	-0.957	-0.959	-0.669	-0.783	-0.788	-0.775	-1.039	-0.733	-0.810	-1.002	-0.863	-0.593	
rs38085        -1.057	-1.025	-1.085	-1.057	-1.022	-1.034	-1.045	-1.044	-1.044	-0.985	-1.071	-0.896	-0.878	-0.908	-0.914	-0.733	-1.042	-0.674	-0.651	-0.665	-1.065	-1.023	-0.657	-1.038	-1.067	-1.033	-1.019	-0.802	-1.055	-0.828	-1.014	-1.056	-1.122	-1.120	-1.068	-1.078	-1.022	-1.067	-1.027	-1.073	-1.050	-1.028	-0.814	-0.901	-0.980	-0.985	-1.062	-0.998	-1.002	-1.009	-1.027	-1.028	-1.127	-0.892	-0.838	-0.893	-0.858	-0.866	-1.092	-0.820	-0.871	-0.872	-1.022	-0.984	-1.048	-1.038	-0.955	-1.035	-0.981	-0.986	-1.024	-0.416	-1.010	-0.391	-0.293	-0.439	-0.426	-0.462	-1.022	-0.652	-0.453	-0.426	-0.477	-1.006	-0.534	-0.474	-1.026	-0.529	-1.026	-1.051	-1.044	-0.872	-0.669	-0.801	-0.801	-1.089	-1.121	-1.063	-1.068	-1.061	-1.067	-1.062	-1.056	-1.031	-1.051	-1.042	-0.985	-0.998	-0.974	-0.963	-0.986	-0.966	-0.922	-0.829	-0.936	-0.835	-0.701	-0.833	-0.928	-0.948	-0.940	-0.986	-0.986	-0.941	-0.939	-0.934	-0.908	-0.889	-1.069	-1.071	-1.068	-1.068	-0.882	-1.061	-1.065	-1.067	-0.779	-0.892	-0.898	-0.884	-1.148	-0.843	-0.919	-1.110	-0.970	-0.701	
rs38084        -0.963	-1.062	-1.092	-0.963	-1.060	-1.064	-0.963	-0.962	-0.962	-0.823	-1.087	-0.824	-0.804	-0.993	-0.700	-0.951	-0.954	-0.984	-0.980	-0.983	-0.666	-0.890	-1.038	-0.601	-0.681	-0.732	-0.771	-1.038	-0.741	-0.888	-0.921	-0.742	-0.882	-0.876	-0.778	-0.954	-0.873	-0.789	-0.887	-0.783	-0.729	-0.889	-0.995	-0.931	-1.000	-0.987	-1.057	-1.015	-1.003	-1.025	-0.918	-0.921	-1.047	-0.857	-0.809	-0.859	-0.827	-0.835	-1.005	-0.792	-0.839	-0.840	-0.877	-0.933	-0.997	-0.986	-0.900	-0.980	-0.927	-0.931	-0.970	-0.360	-0.955	-0.335	-0.237	-0.383	-0.370	-0.406	-0.967	-0.598	-0.398	-0.370	-0.422	-0.952	-0.480	-0.419	-0.971	-0.475	-0.972	-0.996	-0.989	-0.817	-0.614	-0.746	-0.746	-1.035	-1.066	-1.009	-1.013	-1.006	-1.013	-1.007	-1.001	-0.977	-0.999	-0.988	-0.930	-0.942	-0.918	-0.909	-0.931	-0.911	-0.866	-0.773	-0.880	-0.782	-0.646	-0.777	-0.872	-0.892	-0.886	-0.932	-0.932	-0.887	-0.885	-0.878	-0.853	-0.834	-1.013	-1.016	-1.013	-1.012	-0.827	-1.005	-1.010	-1.011	-0.724	-0.838	-0.844	-0.830	-1.094	-0.790	-0.864	-1.056	-0.915	-0.647	
rs40234        -0.974	-1.071	-1.111	-0.974	-1.069	-1.074	-0.959	-0.958	-0.958	-0.723	-1.102	-0.780	-0.756	-0.994	-0.533	-0.915	-0.957	-1.030	-1.027	-1.029	-0.770	-0.933	-1.067	-0.681	-0.620	-0.656	-0.673	-1.067	-0.858	-0.956	-0.924	-0.859	-0.979	-0.976	-0.811	-1.012	-0.925	-0.806	-0.933	-0.889	-0.849	-0.933	-1.038	-0.990	-1.043	-1.030	-1.078	-1.054	-1.042	-1.060	-0.958	-0.960	-1.071	-0.859	-0.806	-0.861	-0.826	-0.834	-1.010	-0.789	-0.839	-0.840	-0.954	-0.950	-1.013	-1.002	-0.920	-0.999	-0.946	-0.950	-0.989	-0.380	-0.974	-0.356	-0.258	-0.403	-0.390	-0.427	-0.986	-0.617	-0.418	-0.390	-0.441	-0.971	-0.499	-0.439	-0.990	-0.495	-0.990	-1.015	-1.008	-0.836	-0.634	-0.765	-0.766	-1.053	-1.085	-1.028	-1.032	-1.025	-1.032	-1.026	-1.020	-0.996	-1.016	-1.006	-0.950	-0.962	-0.938	-0.928	-0.950	-0.930	-0.886	-0.793	-0.900	-0.800	-0.666	-0.797	-0.892	-0.912	-0.905	-0.951	-0.951	-0.905	-0.904	-0.898	-0.873	-0.854	-1.034	-1.036	-1.033	-1.033	-0.847	-1.025	-1.030	-1.031	-0.743	-0.856	-0.862	-0.849	-1.112	-0.808	-0.883	-1.075	-0.935	-0.665	
rs38083        -0.959	-1.060	-1.089	-0.959	-1.058	-1.062	-0.960	-0.960	-0.960	-0.828	-1.084	-0.825	-0.805	-0.991	-0.709	-0.951	-0.951	-0.978	-0.974	-0.977	-0.642	-0.884	-1.033	-0.732	-0.656	-0.597	-0.773	-1.034	-0.728	-0.882	-0.919	-0.730	-0.873	-0.866	-0.764	-0.949	-0.866	-0.777	-0.881	-0.771	-0.716	-0.883	-0.989	-0.925	-0.995	-0.982	-1.053	-1.010	-0.999	-1.021	-0.912	-0.916	-1.043	-0.855	-0.807	-0.856	-0.825	-0.833	-1.002	-0.790	-0.837	-0.838	-0.870	-0.930	-0.994	-0.983	-0.897	-0.977	-0.924	-0.928	-0.966	-0.357	-0.952	-0.332	-0.234	-0.380	-0.366	-0.403	-0.964	-0.594	-0.394	-0.367	-0.418	-0.949	-0.477	-0.416	-0.968	-0.472	-0.968	-0.993	-0.986	-0.814	-0.611	-0.743	-0.743	-1.032	-1.063	-1.006	-1.010	-1.003	-1.010	-1.004	-0.998	-0.974	-0.996	-0.984	-0.926	-0.939	-0.915	-0.906	-0.927	-0.908	-0.863	-0.770	-0.877	-0.779	-0.642	-0.774	-0.869	-0.889	-0.882	-0.929	-0.929	-0.883	-0.882	-0.874	-0.850	-0.830	-1.010	-1.013	-1.009	-1.009	-0.823	-1.002	-1.007	-1.008	-0.720	-0.835	-0.841	-0.827	-1.090	-0.786	-0.861	-1.053	-0.911	-0.644	
rs38082        -0.953	-1.054	-1.081	-0.953	-1.052	-1.055	-0.952	-0.952	-0.952	-0.830	-1.077	-0.828	-0.809	-0.987	-0.731	-0.951	-0.942	-0.957	-0.953	-0.956	-0.657	-0.858	-1.019	-0.771	-0.673	-0.773	-0.589	-1.020	-0.674	-0.860	-0.907	-0.675	-0.833	-0.825	-0.648	-0.929	-0.836	-0.674	-0.853	-0.721	-0.669	-0.855	-0.978	-0.915	-0.979	-0.968	-1.044	-0.995	-0.984	-1.007	-0.890	-0.895	-1.033	-0.850	-0.804	-0.852	-0.821	-0.829	-0.997	-0.786	-0.833	-0.834	-0.852	-0.924	-0.988	-0.977	-0.889	-0.970	-0.916	-0.920	-0.959	-0.349	-0.944	-0.324	-0.226	-0.372	-0.359	-0.395	-0.956	-0.587	-0.387	-0.359	-0.411	-0.941	-0.470	-0.408	-0.960	-0.465	-0.960	-0.985	-0.978	-0.806	-0.604	-0.735	-0.735	-1.024	-1.055	-0.998	-1.002	-0.995	-1.002	-0.996	-0.991	-0.966	-0.989	-0.977	-0.919	-0.931	-0.907	-0.898	-0.920	-0.901	-0.855	-0.762	-0.869	-0.771	-0.635	-0.766	-0.861	-0.881	-0.875	-0.921	-0.921	-0.876	-0.874	-0.867	-0.842	-0.823	-1.002	-1.005	-1.001	-1.001	-0.816	-0.994	-0.999	-1.000	-0.712	-0.827	-0.833	-0.820	-1.083	-0.779	-0.853	-1.045	-0.903	-0.636	
rs38081        -1.057	-1.027	-1.086	-1.057	-1.024	-1.036	-1.045	-1.045	-1.045	-0.986	-1.072	-0.897	-0.878	-0.910	-0.915	-0.739	-1.042	-0.683	-0.660	-0.674	-1.066	-1.023	-0.802	-1.038	-1.067	-1.034	-1.020	-0.658	-1.055	-0.827	-1.015	-1.056	-1.122	-1.120	-1.068	-1.078	-1.022	-1.067	-1.027	-1.073	-1.050	-1.028	-0.812	-0.900	-0.980	-0.985	-1.062	-0.997	-1.002	-1.008	-1.027	-1.028	-1.127	-0.893	-0.839	-0.893	-0.858	-0.867	-1.093	-0.821	-0.872	-0.873	-1.022	-0.984	-1.048	-1.038	-0.956	-1.035	-0.982	-0.986	-1.025	-0.416	-1.010	-0.391	-0.294	-0.439	-0.426	-0.462	-1.022	-0.652	-0.453	-0.426	-0.477	-1.007	-0.535	-0.475	-1.026	-0.530	-1.026	-1.051	-1.044	-0.873	-0.669	-0.801	-0.802	-1.089	-1.121	-1.064	-1.068	-1.061	-1.068	-1.062	-1.056	-1.032	-1.052	-1.042	-0.986	-0.998	-0.974	-0.963	-0.986	-0.966	-0.922	-0.829	-0.936	-0.836	-0.701	-0.833	-0.928	-0.948	-0.940	-0.987	-0.987	-0.941	-0.939	-0.934	-0.909	-0.890	-1.069	-1.072	-1.068	-1.068	-0.883	-1.061	-1.066	-1.067	-0.780	-0.892	-0.898	-0.884	-1.148	-0.843	-0.919	-1.110	-0.970	-0.701	
rs43224        -0.925	-1.029	-1.068	-0.924	-1.027	-1.026	-0.889	-0.889	-0.889	-0.650	-1.058	-0.669	-0.642	-0.952	-0.507	-0.878	-0.895	-1.046	-1.045	-1.046	-0.872	-0.915	-1.055	-0.741	-0.858	-0.728	-0.674	-1.055	-0.568	-0.951	-0.839	-0.708	-0.680	-0.692	-0.835	-0.931	-0.921	-0.824	-0.919	-0.736	-0.743	-0.917	-1.050	-0.977	-0.996	-0.992	-1.037	-0.999	-0.997	-0.996	-0.941	-0.940	-1.042	-0.841	-0.798	-0.843	-0.814	-0.821	-0.945	-0.781	-0.825	-0.826	-0.977	-0.900	-0.961	-0.951	-0.873	-0.949	-0.898	-0.902	-0.941	-0.331	-0.928	-0.307	-0.211	-0.354	-0.341	-0.377	-0.938	-0.571	-0.368	-0.341	-0.392	-0.922	-0.454	-0.389	-0.942	-0.449	-0.942	-0.967	-0.959	-0.790	-0.589	-0.720	-0.720	-1.003	-1.035	-0.977	-0.982	-0.975	-0.982	-0.976	-0.970	-0.945	-0.963	-0.956	-0.899	-0.912	-0.888	-0.879	-0.900	-0.882	-0.836	-0.743	-0.850	-0.749	-0.618	-0.745	-0.842	-0.862	-0.856	-0.903	-0.903	-0.857	-0.855	-0.849	-0.824	-0.805	-0.987	-0.990	-0.986	-0.986	-0.797	-0.979	-0.984	-0.985	-0.694	-0.806	-0.812	-0.798	-1.062	-0.757	-0.833	-1.025	-0.885	-0.607	
rs39736        -0.935	-0.874	-0.984	-0.935	-0.870	-0.864	-0.916	-0.916	-0.916	-0.823	-0.948	-0.741	-0.720	-0.731	-0.741	-0.582	-0.916	-0.913	-0.914	-0.914	-0.958	-0.918	-0.828	-0.888	-0.956	-0.882	-0.860	-0.827	-0.951	-0.532	-0.871	-0.951	-0.975	-0.975	-0.951	-0.963	-0.923	-0.946	-0.924	-0.961	-0.948	-0.923	-0.917	-0.762	-0.691	-0.812	-0.921	-0.674	-0.805	-0.634	-0.926	-0.925	-0.966	-0.809	-0.765	-0.810	-0.781	-0.788	-0.961	-0.748	-0.792	-0.793	-0.949	-0.885	-0.941	-0.931	-0.837	-0.915	-0.863	-0.867	-0.906	-0.275	-0.891	-0.250	-0.149	-0.299	-0.286	-0.323	-0.903	-0.518	-0.314	-0.285	-0.338	-0.886	-0.400	-0.335	-0.907	-0.395	-0.907	-0.932	-0.925	-0.754	-0.536	-0.683	-0.683	-0.966	-1.000	-0.942	-0.947	-0.939	-0.946	-0.941	-0.935	-0.909	-0.926	-0.920	-0.864	-0.876	-0.852	-0.839	-0.865	-0.842	-0.802	-0.707	-0.815	-0.710	-0.576	-0.713	-0.806	-0.827	-0.817	-0.864	-0.864	-0.817	-0.816	-0.816	-0.791	-0.772	-0.958	-0.960	-0.957	-0.957	-0.764	-0.950	-0.954	-0.956	-0.661	-0.769	-0.775	-0.760	-1.027	-0.719	-0.799	-0.991	-0.863	-0.584	
rs38080        -0.861	-0.989	-1.013	-0.861	-0.988	-0.989	-0.856	-0.855	-0.855	-0.885	-1.012	-0.675	-0.647	-0.916	-0.818	-0.921	-0.822	-0.974	-0.971	-0.973	-0.920	-0.605	-1.014	-0.921	-0.924	-0.919	-0.907	-1.015	-0.839	-0.871	-0.540	-0.840	-0.933	-0.929	-0.926	-0.758	-0.406	-0.928	-0.499	-0.868	-0.829	-0.512	-0.986	-0.911	-0.968	-0.953	-0.955	-0.980	-0.967	-0.989	-0.743	-0.751	-1.006	-0.800	-0.751	-0.801	-0.769	-0.777	-0.961	-0.734	-0.782	-0.782	-0.842	-0.884	-0.945	-0.935	-0.842	-0.924	-0.869	-0.873	-0.912	-0.298	-0.897	-0.273	-0.175	-0.321	-0.308	-0.345	-0.910	-0.542	-0.336	-0.308	-0.360	-0.895	-0.425	-0.358	-0.914	-0.420	-0.914	-0.939	-0.932	-0.759	-0.559	-0.687	-0.687	-0.978	-1.010	-0.953	-0.957	-0.950	-0.957	-0.951	-0.946	-0.921	-0.941	-0.932	-0.874	-0.886	-0.862	-0.854	-0.875	-0.857	-0.811	-0.717	-0.825	-0.726	-0.593	-0.722	-0.817	-0.837	-0.831	-0.878	-0.878	-0.832	-0.830	-0.822	-0.797	-0.778	-0.957	-0.959	-0.956	-0.956	-0.771	-0.949	-0.953	-0.955	-0.667	-0.781	-0.786	-0.773	-1.037	-0.732	-0.807	-0.999	-0.854	-0.583	
rs38079        -0.926	-1.030	-1.068	-0.925	-1.028	-1.027	-0.890	-0.890	-0.890	-0.651	-1.059	-0.671	-0.644	-0.953	-0.508	-0.879	-0.896	-1.047	-1.046	-1.047	-0.873	-0.916	-1.056	-0.742	-0.859	-0.730	-0.675	-1.056	-0.708	-0.951	-0.840	-0.569	-0.674	-0.688	-0.835	-0.931	-0.921	-0.824	-0.919	-0.734	-0.742	-0.918	-1.050	-0.977	-0.997	-0.993	-1.038	-0.999	-0.997	-0.996	-0.941	-0.940	-1.043	-0.842	-0.798	-0.843	-0.814	-0.821	-0.946	-0.781	-0.825	-0.826	-0.977	-0.900	-0.962	-0.951	-0.874	-0.949	-0.899	-0.903	-0.941	-0.331	-0.929	-0.307	-0.211	-0.354	-0.341	-0.378	-0.939	-0.572	-0.369	-0.341	-0.392	-0.922	-0.454	-0.390	-0.942	-0.449	-0.943	-0.967	-0.960	-0.791	-0.589	-0.720	-0.720	-1.004	-1.036	-0.978	-0.982	-0.975	-0.982	-0.977	-0.971	-0.946	-0.964	-0.957	-0.900	-0.912	-0.888	-0.879	-0.901	-0.882	-0.836	-0.743	-0.851	-0.749	-0.618	-0.746	-0.842	-0.863	-0.856	-0.903	-0.903	-0.857	-0.855	-0.850	-0.824	-0.805	-0.988	-0.990	-0.987	-0.987	-0.798	-0.980	-0.984	-0.985	-0.695	-0.807	-0.812	-0.799	-1.062	-0.758	-0.833	-1.025	-0.885	-0.607	
rs38078        -1.011	-1.094	-1.134	-1.010	-1.092	-1.093	-0.987	-0.987	-0.987	-0.808	-1.125	-0.784	-0.760	-1.017	-0.687	-0.970	-0.988	-1.105	-1.103	-1.104	-0.985	-0.986	-1.122	-0.882	-0.979	-0.873	-0.833	-1.122	-0.680	-0.975	-0.933	-0.674	-0.637	-0.770	-0.968	-0.955	-0.987	-0.963	-0.989	-0.744	-0.681	-0.989	-1.109	-1.011	-1.050	-1.043	-1.093	-1.057	-1.052	-1.060	-1.006	-1.006	-1.108	-0.889	-0.840	-0.890	-0.858	-0.866	-1.033	-0.822	-0.870	-0.871	-1.020	-0.965	-1.028	-1.017	-0.937	-1.015	-0.963	-0.967	-1.006	-0.398	-0.992	-0.374	-0.277	-0.421	-0.408	-0.444	-1.003	-0.635	-0.435	-0.408	-0.459	-0.987	-0.518	-0.456	-1.007	-0.513	-1.007	-1.032	-1.025	-0.855	-0.652	-0.784	-0.784	-1.069	-1.101	-1.044	-1.048	-1.041	-1.048	-1.042	-1.036	-1.012	-1.030	-1.022	-0.966	-0.978	-0.954	-0.945	-0.967	-0.947	-0.903	-0.810	-0.917	-0.816	-0.683	-0.813	-0.908	-0.929	-0.922	-0.968	-0.968	-0.922	-0.921	-0.915	-0.890	-0.871	-1.052	-1.054	-1.051	-1.050	-0.864	-1.043	-1.048	-1.049	-0.761	-0.873	-0.878	-0.865	-1.128	-0.824	-0.899	-1.091	-0.951	-0.679	
rs38077        -1.008	-1.092	-1.132	-1.008	-1.090	-1.091	-0.984	-0.984	-0.984	-0.801	-1.123	-0.779	-0.754	-1.015	-0.678	-0.967	-0.985	-1.103	-1.101	-1.103	-0.982	-0.985	-1.120	-0.876	-0.976	-0.866	-0.825	-1.120	-0.692	-0.975	-0.929	-0.688	-0.770	-0.635	-0.964	-0.955	-0.985	-0.959	-0.988	-0.752	-0.693	-0.987	-1.108	-1.011	-1.048	-1.042	-1.091	-1.056	-1.051	-1.058	-1.005	-1.005	-1.106	-0.888	-0.840	-0.889	-0.857	-0.865	-1.029	-0.822	-0.870	-0.870	-1.019	-0.963	-1.026	-1.015	-0.936	-1.013	-0.961	-0.965	-1.004	-0.396	-0.990	-0.372	-0.275	-0.419	-0.406	-0.442	-1.002	-0.633	-0.433	-0.406	-0.457	-0.986	-0.516	-0.454	-1.005	-0.511	-1.006	-1.030	-1.023	-0.853	-0.651	-0.782	-0.782	-1.067	-1.100	-1.042	-1.046	-1.039	-1.046	-1.040	-1.034	-1.010	-1.028	-1.021	-0.964	-0.976	-0.952	-0.943	-0.965	-0.945	-0.901	-0.808	-0.915	-0.814	-0.682	-0.811	-0.907	-0.927	-0.920	-0.966	-0.966	-0.921	-0.919	-0.914	-0.888	-0.869	-1.050	-1.052	-1.049	-1.049	-0.862	-1.042	-1.046	-1.047	-0.759	-0.871	-0.876	-0.863	-1.126	-0.822	-0.897	-1.089	-0.949	-0.677	
rs38076        -0.982	-1.076	-1.114	-0.981	-1.074	-1.078	-0.964	-0.964	-0.964	-0.740	-1.105	-0.792	-0.769	-0.998	-0.576	-0.924	-0.962	-1.026	-1.022	-1.025	-0.813	-0.927	-1.068	-0.778	-0.811	-0.764	-0.648	-1.068	-0.835	-0.951	-0.926	-0.835	-0.968	-0.964	-0.623	-1.008	-0.916	-0.760	-0.925	-0.867	-0.829	-0.926	-1.040	-0.991	-1.042	-1.029	-1.080	-1.053	-1.042	-1.060	-0.953	-0.955	-1.073	-0.865	-0.812	-0.866	-0.831	-0.840	-1.017	-0.795	-0.845	-0.846	-0.952	-0.953	-1.016	-1.006	-0.923	-1.002	-0.949	-0.953	-0.992	-0.383	-0.977	-0.359	-0.261	-0.406	-0.393	-0.430	-0.989	-0.620	-0.421	-0.393	-0.444	-0.974	-0.503	-0.442	-0.993	-0.498	-0.993	-1.018	-1.011	-0.840	-0.637	-0.768	-0.769	-1.057	-1.088	-1.031	-1.035	-1.028	-1.035	-1.029	-1.023	-0.999	-1.019	-1.010	-0.953	-0.965	-0.941	-0.931	-0.953	-0.933	-0.889	-0.796	-0.903	-0.803	-0.669	-0.800	-0.895	-0.915	-0.908	-0.954	-0.954	-0.909	-0.907	-0.901	-0.876	-0.857	-1.037	-1.039	-1.036	-1.036	-0.850	-1.028	-1.033	-1.034	-0.747	-0.860	-0.865	-0.852	-1.115	-0.811	-0.886	-1.078	-0.938	-0.669	
rs553169       -0.922	-1.018	-1.073	-0.922	-1.016	-1.010	-0.884	-0.883	-0.883	-0.877	-1.060	-0.610	-0.578	-0.927	-0.793	-0.945	-0.873	-1.052	-1.050	-1.052	-1.014	-0.894	-1.078	-0.954	-1.012	-0.949	-0.929	-1.078	-0.931	-0.963	-0.758	-0.931	-0.955	-0.955	-1.008	-0.578	-0.896	-1.005	-0.894	-0.946	-0.924	-0.892	-1.055	-0.989	-1.022	-1.011	-1.017	-1.027	-1.019	-1.028	-0.928	-0.927	-1.057	-0.841	-0.796	-0.842	-0.812	-0.820	-0.986	-0.778	-0.824	-0.824	-0.983	-0.885	-0.953	-0.942	-0.883	-0.958	-0.909	-0.913	-0.951	-0.344	-0.938	-0.320	-0.224	-0.367	-0.355	-0.390	-0.948	-0.578	-0.382	-0.354	-0.405	-0.932	-0.460	-0.402	-0.952	-0.455	-0.952	-0.976	-0.969	-0.801	-0.596	-0.730	-0.730	-1.014	-1.044	-0.986	-0.991	-0.984	-0.991	-0.985	-0.979	-0.954	-0.975	-0.965	-0.908	-0.920	-0.896	-0.886	-0.909	-0.889	-0.845	-0.753	-0.859	-0.758	-0.622	-0.753	-0.850	-0.871	-0.863	-0.910	-0.910	-0.864	-0.862	-0.858	-0.833	-0.814	-0.997	-0.999	-0.996	-0.996	-0.807	-0.989	-0.993	-0.994	-0.704	-0.816	-0.822	-0.808	-1.072	-0.767	-0.843	-1.035	-0.899	-0.627	
rs38075        -0.828	-0.954	-1.015	-0.828	-0.951	-0.953	-0.769	-0.769	-0.769	-0.785	-0.996	-0.429	-0.381	-0.844	-0.683	-0.859	-0.740	-1.003	-1.001	-1.002	-0.928	-0.723	-1.022	-0.873	-0.925	-0.866	-0.836	-1.022	-0.921	-0.923	-0.406	-0.921	-0.987	-0.985	-0.916	-0.896	-0.543	-0.912	-0.673	-0.939	-0.914	-0.667	-1.010	-0.951	-0.994	-0.979	-0.995	-1.002	-0.989	-1.006	-0.813	-0.814	-1.011	-0.783	-0.731	-0.786	-0.750	-0.759	-0.933	-0.713	-0.764	-0.765	-0.918	-0.857	-0.922	-0.911	-0.848	-0.927	-0.874	-0.878	-0.917	-0.308	-0.903	-0.283	-0.186	-0.331	-0.318	-0.354	-0.915	-0.543	-0.345	-0.318	-0.369	-0.899	-0.424	-0.366	-0.918	-0.420	-0.918	-0.943	-0.936	-0.765	-0.560	-0.694	-0.694	-0.981	-1.013	-0.955	-0.959	-0.952	-0.959	-0.953	-0.947	-0.922	-0.944	-0.933	-0.876	-0.889	-0.865	-0.853	-0.877	-0.856	-0.813	-0.720	-0.827	-0.725	-0.589	-0.723	-0.819	-0.839	-0.830	-0.876	-0.876	-0.831	-0.829	-0.825	-0.799	-0.780	-0.962	-0.964	-0.961	-0.961	-0.773	-0.954	-0.958	-0.959	-0.670	-0.783	-0.789	-0.775	-1.040	-0.733	-0.810	-1.002	-0.865	-0.595	
rs38074        -0.982	-1.076	-1.113	-0.981	-1.074	-1.078	-0.965	-0.965	-0.965	-0.753	-1.105	-0.798	-0.775	-0.999	-0.595	-0.929	-0.962	-1.022	-1.019	-1.021	-0.806	-0.924	-1.067	-0.789	-0.806	-0.777	-0.674	-1.067	-0.824	-0.946	-0.928	-0.824	-0.963	-0.959	-0.760	-1.005	-0.912	-0.623	-0.921	-0.857	-0.818	-0.923	-1.037	-0.988	-1.039	-1.027	-1.079	-1.051	-1.040	-1.058	-0.950	-0.952	-1.072	-0.865	-0.813	-0.867	-0.832	-0.841	-1.018	-0.796	-0.846	-0.847	-0.947	-0.952	-1.015	-1.005	-0.922	-1.002	-0.948	-0.952	-0.991	-0.382	-0.976	-0.358	-0.260	-0.405	-0.392	-0.429	-0.989	-0.619	-0.420	-0.392	-0.444	-0.973	-0.502	-0.441	-0.992	-0.497	-0.993	-1.018	-1.010	-0.839	-0.636	-0.767	-0.768	-1.056	-1.088	-1.030	-1.034	-1.027	-1.034	-1.028	-1.023	-0.998	-1.018	-1.009	-0.952	-0.964	-0.940	-0.930	-0.952	-0.933	-0.888	-0.795	-0.903	-0.802	-0.668	-0.799	-0.894	-0.914	-0.907	-0.953	-0.953	-0.908	-0.906	-0.900	-0.875	-0.856	-1.036	-1.038	-1.035	-1.035	-0.849	-1.027	-1.032	-1.033	-0.746	-0.859	-0.864	-0.851	-1.115	-0.810	-0.885	-1.077	-0.937	-0.668	
