## Summary of overall evidence for association with region:
## log10(BF for region) = 11.1806
## p-value for region = NA

## BFs for choosing among multi-SNP models:
## log10(average 1-SNP BF) = 7.33673
## log10(average 2-SNP BF) = 11.6577

## Example posterior probabilities for multi-SNP models, based on default prior: [p(l) propto 0.5^l for l=1,2,...,L]
## posterior probability of 1-SNP = 9.55119e-05
## posterior probability of 2-SNP = 0.999904

## log10(BF) for single SNP and pair of SNPs:
rs719205       -0.484	-0.621	+5.240	-0.627	+3.747	+3.922	-0.647	-0.644	+0.842	-0.619	-0.642	-0.641	-0.634	-0.644	+3.851	+5.073	+0.817	-0.635	+1.404	-0.646	-0.633	+4.097	+4.087	-0.631	+4.051	-0.012	+4.953	+1.385	+0.929	+5.281	+5.155	-0.622	+5.163	-0.622	+5.163	-0.622	-0.623	-0.662	-0.632	+0.942	-0.678	+3.621	+3.785	+3.553	-0.655	+3.625	-0.658	+3.473	-0.658	-0.658	-0.658	-0.649	-0.647	-0.745	-0.641	-0.640	+8.802	+8.746	+8.460	+8.462	+8.546	-0.380	-0.378	+8.843	+8.916	+8.991	-0.326	+8.815	+8.778	+8.952	+8.952	-0.268	+8.854	+8.852	+8.486	+8.468	+3.359	-0.934	-0.527	-0.512	-0.538	-0.483	-0.478	-0.523	-0.484	-0.952	-0.568	-0.738	-0.801	-0.887	-0.899	-0.810	-0.773	-0.789	-0.790	-0.780	-0.805	-0.789	-0.800	-0.795	+0.501	+0.998	-0.814	-0.831	+0.772	-0.892	-0.899	+0.777	-0.888	+0.778	-0.486	+0.576	-0.483	-0.897	-0.337	-0.375	-0.329	-0.868	-0.336	+0.793	+0.795	-0.298	+0.872	-0.293	-0.292	-0.797	-0.871	-0.287	-0.285	-0.835	-0.166	-0.271	-0.314	-0.824	+0.718	-0.414	-0.883	-0.883	-0.884	-0.912	-0.912	-0.860	-0.400	+1.383	+1.933	+7.001	+0.039	+1.950	+0.015	+0.000	+5.850	+1.163	-0.019	-0.055	+6.932	+1.863	+2.874	+1.028	+1.916	+1.921	+1.085	+1.105	+2.897	+2.900	+2.905	+4.107	-0.382	-0.531	+1.908	+1.689	+0.947	+0.946	+0.946	+0.961	+3.841	+0.940	+0.940	+0.727	+0.678	+0.945	-0.794	+0.578	-0.790	-0.832	-0.790	-0.791	
rs1403603      -0.621	-0.501	+5.134	-0.624	+3.629	+3.803	-0.608	-0.608	+0.750	-0.631	-0.630	-0.632	-0.626	-0.629	+3.732	+4.956	+0.727	-0.630	+1.324	-0.644	-0.642	+3.977	+3.967	-0.642	+3.931	-0.039	+4.838	+1.306	+0.836	+5.164	+5.039	-0.641	+5.046	-0.642	+5.046	-0.641	-0.642	-0.661	-0.650	+0.889	-0.686	+3.507	+3.669	+3.440	-0.655	+3.511	-0.640	+3.361	-0.640	-0.640	-0.667	-0.668	-0.667	-0.762	-0.665	-0.665	+8.688	+8.632	+8.348	+8.350	+8.434	-0.461	-0.460	+8.718	+8.787	+8.861	-0.414	+8.686	+8.647	+8.823	+8.822	-0.361	+8.727	+8.725	+8.357	+8.340	+3.361	-0.949	-0.539	-0.523	-0.552	-0.495	-0.489	-0.537	-0.496	-0.967	-0.584	-0.753	-0.816	-0.902	-0.914	-0.826	-0.788	-0.805	-0.805	-0.795	-0.821	-0.805	-0.816	-0.810	+0.470	+0.994	-0.830	-0.847	+0.760	-0.906	-0.914	+0.765	-0.903	+0.766	-0.498	+0.544	-0.495	-0.912	-0.348	-0.385	-0.340	-0.884	-0.346	+0.781	+0.783	-0.310	+0.860	-0.304	-0.303	-0.813	-0.886	-0.298	-0.296	-0.850	-0.178	-0.282	-0.325	-0.839	+0.706	-0.426	-0.898	-0.899	-0.900	-0.927	-0.927	-0.875	-0.413	+1.379	+1.895	+6.936	+0.027	+1.912	+0.003	-0.012	+5.796	+1.142	-0.032	-0.067	+6.868	+1.826	+2.866	+1.008	+1.879	+1.884	+1.064	+1.084	+2.888	+2.892	+2.897	+4.075	-0.403	-0.550	+1.873	+1.654	+0.909	+0.908	+0.908	+0.923	+3.796	+0.902	+0.902	+0.711	+0.662	+0.907	-0.813	+0.562	-0.809	-0.849	-0.808	-0.810	
rs500189       +5.240	+5.134	+4.906	+5.151	+4.501	+4.534	+5.284	+5.266	+4.398	+5.101	+5.181	+5.174	+5.159	+5.192	+4.516	+4.829	+4.401	+5.145	+4.759	+5.131	+5.084	+4.584	+4.582	+5.076	+4.572	+4.445	+4.778	+4.762	+4.365	+4.889	+4.838	+5.034	+4.841	+5.033	+4.841	+5.034	+5.038	+5.107	+5.032	+4.365	+4.978	+4.500	+4.535	+4.483	+5.108	+4.503	+5.189	+4.473	+5.189	+5.190	+5.032	+4.973	+4.967	+5.042	+4.938	+4.929	+7.889	+7.823	+7.547	+7.549	+7.616	+4.602	+4.601	+7.870	+7.936	+7.999	+4.577	+7.840	+7.739	+7.967	+7.967	+4.556	+7.889	+7.885	+7.540	+7.533	+7.042	+4.252	+5.263	+5.292	+4.979	+5.331	+5.340	+4.999	+5.326	+4.701	+4.327	+4.204	+4.185	+4.177	+4.175	+4.187	+4.193	+4.188	+4.188	+4.191	+4.189	+4.188	+4.190	+4.186	+6.144	+5.841	+4.186	+4.178	+6.755	+4.175	+4.175	+6.762	+4.175	+6.763	+5.152	+6.239	+5.159	+4.175	+5.330	+5.203	+5.341	+4.176	+5.245	+6.780	+6.782	+5.381	+6.882	+5.389	+5.390	+4.195	+4.175	+5.398	+5.401	+4.180	+4.622	+5.420	+5.354	+4.182	+6.679	+5.223	+4.185	+4.185	+4.185	+4.181	+4.181	+4.177	+5.178	+6.149	+7.899	+11.199	+5.826	+7.900	+5.793	+5.772	+10.099	+5.623	+5.747	+5.690	+11.155	+7.819	+7.157	+6.516	+7.879	+7.889	+6.584	+6.602	+7.188	+7.194	+7.202	+9.991	+4.721	+4.578	+7.958	+7.746	+6.850	+6.848	+6.847	+6.864	+8.557	+6.835	+6.833	+6.314	+6.259	+6.839	+4.445	+6.165	+4.450	+4.404	+4.451	+4.448	
rs7615182      -0.627	-0.624	+5.151	-0.501	+3.652	+3.827	-0.614	-0.613	+0.767	-0.625	-0.631	-0.632	-0.626	-0.630	+3.756	+4.973	+0.743	-0.629	+1.337	-0.644	-0.639	+4.001	+3.991	-0.638	+3.955	-0.037	+4.856	+1.318	+0.853	+5.182	+5.057	-0.635	+5.064	-0.636	+5.064	-0.635	-0.637	-0.661	-0.645	+0.897	-0.686	+3.529	+3.692	+3.463	-0.655	+3.532	-0.642	+3.382	-0.643	-0.643	-0.666	-0.664	-0.663	-0.761	-0.661	-0.660	+8.707	+8.651	+8.367	+8.369	+8.453	-0.439	-0.438	+8.737	+8.806	+8.881	-0.389	+8.705	+8.666	+8.842	+8.842	-0.333	+8.746	+8.744	+8.376	+8.359	+3.358	-0.949	-0.539	-0.524	-0.552	-0.495	-0.490	-0.537	-0.496	-0.967	-0.584	-0.753	-0.816	-0.902	-0.914	-0.826	-0.788	-0.805	-0.805	-0.795	-0.821	-0.804	-0.816	-0.810	+0.473	+0.992	-0.830	-0.847	+0.759	-0.906	-0.914	+0.765	-0.903	+0.765	-0.499	+0.547	-0.495	-0.912	-0.349	-0.386	-0.341	-0.884	-0.347	+0.780	+0.782	-0.310	+0.860	-0.305	-0.303	-0.813	-0.886	-0.298	-0.296	-0.850	-0.179	-0.282	-0.326	-0.839	+0.705	-0.426	-0.898	-0.898	-0.899	-0.927	-0.927	-0.875	-0.413	+1.377	+1.898	+6.943	+0.027	+1.915	+0.002	-0.013	+5.801	+1.143	-0.032	-0.068	+6.875	+1.829	+2.865	+1.009	+1.882	+1.887	+1.065	+1.085	+2.887	+2.891	+2.896	+4.078	-0.401	-0.549	+1.876	+1.657	+0.912	+0.910	+0.910	+0.925	+3.800	+0.905	+0.905	+0.711	+0.662	+0.909	-0.812	+0.562	-0.808	-0.848	-0.808	-0.809	
rs1370050      +3.747	+3.629	+4.501	+3.652	+3.176	+3.215	+3.806	+3.785	+2.872	+3.587	+3.691	+3.683	+3.665	+3.703	+3.166	+4.382	+2.881	+3.652	+2.846	+3.640	+3.585	+3.316	+3.310	+3.575	+3.288	+2.934	+4.305	+2.840	+2.820	+4.531	+4.446	+3.528	+4.451	+3.527	+4.451	+3.528	+3.532	+3.613	+3.525	+2.876	+3.410	+3.094	+3.153	+3.070	+3.616	+3.095	+3.709	+3.047	+3.709	+3.712	+3.534	+3.467	+3.460	+3.396	+3.427	+3.418	+7.748	+7.689	+7.448	+7.450	+7.520	+3.028	+3.027	+7.774	+7.839	+7.901	+2.999	+7.744	+7.639	+7.870	+7.869	+2.972	+7.796	+7.792	+7.439	+7.431	+5.402	+2.577	+3.315	+3.340	+2.951	+3.376	+3.384	+2.967	+3.375	+2.858	+2.705	+2.558	+2.533	+2.536	+2.531	+2.538	+2.548	+2.540	+2.540	+2.544	+2.540	+2.540	+2.543	+2.537	+4.303	+4.101	+2.536	+2.521	+4.864	+2.541	+2.531	+4.871	+2.537	+4.871	+3.283	+4.392	+3.289	+2.532	+3.517	+3.410	+3.527	+2.513	+3.452	+4.886	+4.888	+3.563	+4.984	+3.571	+3.573	+2.538	+2.539	+3.581	+3.583	+2.556	+2.972	+3.603	+3.545	+2.562	+4.787	+3.420	+2.541	+2.541	+2.540	+2.526	+2.526	+2.543	+3.179	+4.436	+6.137	+10.036	+3.994	+6.143	+3.963	+3.943	+8.910	+4.205	+3.916	+3.867	+9.982	+6.054	+6.017	+5.037	+6.113	+6.122	+5.106	+5.133	+6.044	+6.049	+6.056	+9.071	+3.173	+3.009	+6.149	+5.927	+5.282	+5.280	+5.279	+5.296	+7.105	+5.268	+5.266	+4.967	+4.906	+5.272	+2.852	+4.803	+2.857	+2.783	+2.858	+2.855	
rs7616577      +3.922	+3.803	+4.534	+3.827	+3.215	+3.332	+3.984	+3.961	+3.172	+3.761	+3.868	+3.860	+3.840	+3.881	+3.284	+4.404	+3.189	+3.828	+2.944	+3.817	+3.760	+3.418	+3.409	+3.750	+3.387	+3.074	+4.328	+2.939	+3.099	+4.550	+4.466	+3.701	+4.471	+3.700	+4.471	+3.701	+3.705	+3.786	+3.698	+3.056	+3.581	+3.187	+3.231	+3.171	+3.789	+3.187	+3.883	+3.153	+3.883	+3.886	+3.706	+3.637	+3.630	+3.565	+3.596	+3.586	+7.750	+7.693	+7.457	+7.459	+7.528	+3.190	+3.188	+7.779	+7.844	+7.905	+3.159	+7.750	+7.651	+7.874	+7.874	+3.132	+7.802	+7.798	+7.446	+7.439	+5.390	+2.724	+3.469	+3.495	+3.096	+3.531	+3.539	+3.112	+3.530	+3.058	+2.844	+2.703	+2.679	+2.683	+2.678	+2.684	+2.692	+2.685	+2.685	+2.689	+2.686	+2.685	+2.688	+2.683	+4.453	+4.207	+2.682	+2.669	+5.168	+2.687	+2.678	+5.175	+2.684	+5.176	+3.438	+4.542	+3.444	+2.679	+3.671	+3.563	+3.681	+2.661	+3.603	+5.191	+5.193	+3.717	+5.286	+3.725	+3.726	+2.683	+2.686	+3.735	+3.737	+2.702	+3.072	+3.757	+3.699	+2.707	+5.088	+3.575	+2.688	+2.688	+2.687	+2.673	+2.673	+2.690	+3.326	+4.544	+6.295	+10.168	+4.245	+6.301	+4.212	+4.191	+9.036	+4.298	+4.167	+4.111	+10.113	+6.216	+6.076	+5.121	+6.275	+6.283	+5.189	+5.216	+6.104	+6.109	+6.116	+9.370	+3.376	+3.204	+6.313	+6.092	+5.546	+5.544	+5.543	+5.561	+7.237	+5.530	+5.529	+5.151	+5.090	+5.534	+3.040	+4.975	+3.045	+2.965	+3.047	+3.044	
rs9852696      -0.647	-0.608	+5.284	-0.614	+3.806	+3.984	-0.479	-0.607	+0.878	-0.594	-0.617	-0.616	-0.617	-0.621	+3.914	+5.105	+0.865	-0.617	+1.442	-0.621	-0.612	+4.160	+4.151	-0.607	+4.114	-0.004	+4.987	+1.423	+0.968	+5.317	+5.190	-0.595	+5.198	-0.594	+5.198	-0.595	-0.596	-0.653	-0.608	+0.989	-0.659	+3.662	+3.844	+3.611	-0.643	+3.665	-0.652	+3.513	-0.652	-0.653	-0.643	-0.629	-0.626	-0.739	-0.619	-0.617	+8.846	+8.790	+8.504	+8.507	+8.592	-0.318	-0.316	+8.878	+8.947	+9.022	-0.256	+8.847	+8.808	+8.984	+8.984	-0.190	+8.887	+8.884	+8.515	+8.489	+3.356	-0.929	-0.522	-0.506	-0.532	-0.478	-0.472	-0.516	-0.479	-0.947	-0.566	-0.735	-0.798	-0.884	-0.896	-0.807	-0.770	-0.787	-0.787	-0.777	-0.802	-0.787	-0.797	-0.792	+0.512	+0.998	-0.811	-0.828	+0.775	-0.889	-0.896	+0.780	-0.885	+0.781	-0.481	+0.586	-0.478	-0.894	-0.332	-0.371	-0.324	-0.865	-0.332	+0.795	+0.797	-0.293	+0.875	-0.288	-0.287	-0.794	-0.868	-0.281	-0.280	-0.832	-0.164	-0.266	-0.309	-0.822	+0.721	-0.409	-0.880	-0.880	-0.881	-0.909	-0.909	-0.857	-0.394	+1.383	+1.945	+7.015	+0.043	+1.963	+0.018	+0.003	+5.860	+1.178	-0.016	-0.051	+6.947	+1.875	+2.879	+1.034	+1.928	+1.933	+1.091	+1.110	+2.902	+2.905	+2.911	+4.118	-0.375	-0.524	+1.920	+1.699	+0.950	+0.948	+0.948	+0.963	+3.851	+0.943	+0.942	+0.733	+0.684	+0.947	-0.790	+0.583	-0.786	-0.828	-0.786	-0.787	
rs146172359    -0.644	-0.608	+5.266	-0.613	+3.785	+3.961	-0.607	-0.479	+0.871	-0.594	-0.628	-0.626	-0.616	-0.630	+3.890	+5.086	+0.848	-0.617	+1.428	-0.630	-0.612	+4.137	+4.127	-0.609	+4.090	-0.005	+4.969	+1.409	+0.960	+5.299	+5.172	-0.596	+5.180	-0.596	+5.180	-0.596	-0.598	-0.653	-0.610	+0.985	-0.660	+3.658	+3.825	+3.591	-0.643	+3.662	-0.651	+3.509	-0.651	-0.651	-0.644	-0.631	-0.628	-0.740	-0.621	-0.619	+8.825	+8.768	+8.484	+8.487	+8.571	-0.325	-0.323	+8.857	+8.926	+9.001	-0.263	+8.826	+8.787	+8.963	+8.962	-0.197	+8.866	+8.863	+8.495	+8.476	+3.358	-0.929	-0.522	-0.506	-0.532	-0.478	-0.472	-0.516	-0.479	-0.947	-0.566	-0.736	-0.799	-0.884	-0.896	-0.808	-0.770	-0.787	-0.788	-0.777	-0.803	-0.787	-0.798	-0.793	+0.510	+0.999	-0.811	-0.829	+0.775	-0.889	-0.896	+0.780	-0.885	+0.781	-0.481	+0.584	-0.478	-0.895	-0.331	-0.370	-0.324	-0.865	-0.331	+0.796	+0.798	-0.293	+0.875	-0.288	-0.286	-0.794	-0.868	-0.281	-0.279	-0.832	-0.164	-0.265	-0.308	-0.822	+0.722	-0.409	-0.880	-0.880	-0.881	-0.909	-0.909	-0.857	-0.394	+1.384	+1.944	+7.014	+0.043	+1.961	+0.019	+0.004	+5.859	+1.177	-0.015	-0.051	+6.946	+1.874	+2.880	+1.033	+1.927	+1.931	+1.090	+1.110	+2.903	+2.906	+2.911	+4.116	-0.376	-0.525	+1.918	+1.697	+0.948	+0.946	+0.946	+0.961	+3.849	+0.941	+0.940	+0.733	+0.684	+0.945	-0.791	+0.583	-0.787	-0.828	-0.786	-0.788	
rs6780348      +0.842	+0.750	+4.398	+0.767	+2.872	+3.172	+0.878	+0.871	+0.646	+0.722	+0.786	+0.780	+0.776	+0.795	+3.113	+4.228	+0.561	+0.768	+0.966	+0.756	+0.724	+3.358	+3.348	+0.717	+3.307	+0.760	+4.115	+0.954	+0.610	+4.427	+4.311	+0.685	+4.319	+0.684	+4.319	+0.685	+0.688	+0.754	+0.686	+0.883	+0.650	+2.793	+2.955	+2.720	+0.754	+2.799	+0.822	+2.656	+0.822	+0.823	+0.702	+0.655	+0.650	+0.682	+0.628	+0.621	+7.976	+7.921	+7.618	+7.620	+7.701	+0.380	+0.379	+7.988	+8.060	+8.128	+0.364	+7.953	+7.721	+8.095	+8.094	+0.351	+8.000	+8.000	+7.644	+7.628	+3.614	+0.150	+0.868	+0.892	+0.660	+0.928	+0.935	+0.678	+0.925	+0.388	+0.300	+0.169	+0.136	+0.111	+0.106	+0.135	+0.152	+0.143	+0.143	+0.148	+0.137	+0.143	+0.140	+0.140	+1.869	+1.813	+0.133	+0.121	+2.353	+0.112	+0.106	+2.359	+0.111	+2.360	+0.880	+1.956	+0.884	+0.107	+1.093	+1.015	+1.103	+0.107	+1.059	+2.374	+2.376	+1.141	+2.466	+1.148	+1.150	+0.138	+0.117	+1.157	+1.160	+0.134	+0.630	+1.180	+1.121	+0.139	+2.280	+0.995	+0.117	+0.117	+0.117	+0.103	+0.103	+0.122	+0.873	+2.156	+3.614	+8.129	+1.462	+3.625	+1.431	+1.411	+6.990	+2.123	+1.389	+1.339	+8.066	+3.535	+3.895	+2.353	+3.594	+3.601	+2.414	+2.438	+3.919	+3.923	+3.929	+6.332	+0.805	+0.634	+3.605	+3.372	+2.438	+2.436	+2.436	+2.452	+5.073	+2.427	+2.426	+2.085	+2.031	+2.431	+0.299	+1.925	+0.303	+0.257	+0.304	+0.302	
rs6780366      -0.619	-0.631	+5.101	-0.625	+3.587	+3.761	-0.594	-0.594	+0.722	-0.506	-0.624	-0.627	-0.621	-0.621	+3.691	+4.924	+0.699	-0.627	+1.301	-0.642	-0.645	+3.935	+3.925	-0.645	+3.889	-0.047	+4.807	+1.283	+0.808	+5.132	+5.008	-0.649	+5.015	-0.648	+5.015	-0.649	-0.649	-0.660	-0.655	+0.872	-0.689	+3.468	+3.630	+3.402	-0.654	+3.472	-0.633	+3.323	-0.633	-0.633	-0.670	-0.674	-0.673	-0.767	-0.673	-0.673	+8.652	+8.595	+8.314	+8.317	+8.400	-0.494	-0.493	+8.684	+8.753	+8.827	-0.451	+8.652	+8.609	+8.788	+8.788	-0.403	+8.693	+8.691	+8.323	+8.305	+3.361	-0.954	-0.543	-0.527	-0.557	-0.499	-0.493	-0.541	-0.500	-0.971	-0.589	-0.758	-0.821	-0.906	-0.919	-0.831	-0.793	-0.809	-0.810	-0.800	-0.826	-0.809	-0.821	-0.815	+0.461	+0.992	-0.835	-0.851	+0.756	-0.910	-0.919	+0.762	-0.907	+0.762	-0.502	+0.535	-0.499	-0.917	-0.352	-0.389	-0.344	-0.889	-0.350	+0.777	+0.779	-0.314	+0.857	-0.308	-0.307	-0.818	-0.890	-0.302	-0.300	-0.854	-0.182	-0.285	-0.329	-0.844	+0.702	-0.430	-0.903	-0.903	-0.904	-0.932	-0.932	-0.879	-0.417	+1.378	+1.883	+6.915	+0.023	+1.900	-0.001	-0.016	+5.779	+1.134	-0.036	-0.071	+6.848	+1.815	+2.862	+1.001	+1.868	+1.873	+1.058	+1.078	+2.885	+2.889	+2.894	+4.065	-0.409	-0.556	+1.862	+1.644	+0.899	+0.898	+0.898	+0.913	+3.783	+0.893	+0.892	+0.706	+0.657	+0.897	-0.818	+0.557	-0.814	-0.854	-0.813	-0.815	
rs6793394      -0.642	-0.630	+5.181	-0.631	+3.691	+3.868	-0.617	-0.628	+0.786	-0.624	-0.501	-0.625	-0.631	-0.625	+3.798	+5.003	+0.772	-0.633	+1.359	-0.637	-0.638	+4.043	+4.034	-0.636	+3.998	-0.035	+4.886	+1.341	+0.874	+5.213	+5.087	-0.631	+5.095	-0.631	+5.095	-0.631	-0.632	-0.665	-0.642	+0.908	-0.686	+3.552	+3.731	+3.501	-0.657	+3.556	-0.651	+3.405	-0.651	-0.651	-0.666	-0.661	-0.660	-0.762	-0.656	-0.655	+8.739	+8.683	+8.398	+8.401	+8.485	-0.414	-0.412	+8.770	+8.839	+8.914	-0.360	+8.738	+8.698	+8.875	+8.875	-0.301	+8.778	+8.776	+8.409	+8.385	+3.351	-0.949	-0.541	-0.525	-0.553	-0.497	-0.491	-0.538	-0.498	-0.967	-0.584	-0.754	-0.817	-0.903	-0.915	-0.827	-0.789	-0.805	-0.806	-0.796	-0.822	-0.805	-0.817	-0.811	+0.476	+0.988	-0.830	-0.847	+0.757	-0.907	-0.915	+0.762	-0.903	+0.763	-0.500	+0.550	-0.497	-0.913	-0.350	-0.388	-0.343	-0.884	-0.349	+0.777	+0.779	-0.312	+0.857	-0.307	-0.305	-0.813	-0.887	-0.300	-0.298	-0.850	-0.181	-0.284	-0.328	-0.840	+0.703	-0.428	-0.899	-0.899	-0.900	-0.928	-0.928	-0.876	-0.414	+1.373	+1.902	+6.949	+0.024	+1.919	+0.000	-0.015	+5.807	+1.144	-0.034	-0.070	+6.882	+1.833	+2.862	+1.010	+1.886	+1.891	+1.066	+1.086	+2.884	+2.888	+2.893	+4.082	-0.401	-0.549	+1.880	+1.660	+0.915	+0.914	+0.914	+0.929	+3.806	+0.909	+0.908	+0.710	+0.661	+0.913	-0.812	+0.561	-0.808	-0.849	-0.808	-0.809	
rs1976749      -0.641	-0.632	+5.174	-0.632	+3.683	+3.860	-0.616	-0.626	+0.780	-0.627	-0.625	-0.502	-0.632	-0.625	+3.790	+4.996	+0.767	-0.634	+1.354	-0.638	-0.640	+4.035	+4.026	-0.638	+3.989	-0.036	+4.879	+1.336	+0.868	+5.206	+5.081	-0.634	+5.088	-0.633	+5.088	-0.634	-0.635	-0.665	-0.644	+0.905	-0.687	+3.544	+3.723	+3.493	-0.658	+3.548	-0.650	+3.397	-0.650	-0.650	-0.667	-0.663	-0.662	-0.762	-0.658	-0.657	+8.732	+8.676	+8.391	+8.394	+8.478	-0.422	-0.420	+8.762	+8.832	+8.906	-0.369	+8.731	+8.690	+8.868	+8.867	-0.311	+8.771	+8.769	+8.401	+8.378	+3.351	-0.950	-0.541	-0.526	-0.554	-0.497	-0.492	-0.538	-0.498	-0.968	-0.585	-0.754	-0.818	-0.903	-0.916	-0.827	-0.789	-0.806	-0.807	-0.796	-0.822	-0.806	-0.817	-0.812	+0.474	+0.988	-0.831	-0.848	+0.756	-0.908	-0.915	+0.762	-0.904	+0.762	-0.501	+0.548	-0.497	-0.914	-0.351	-0.388	-0.343	-0.885	-0.349	+0.777	+0.779	-0.312	+0.856	-0.307	-0.306	-0.814	-0.887	-0.300	-0.299	-0.851	-0.181	-0.285	-0.328	-0.841	+0.703	-0.428	-0.900	-0.900	-0.901	-0.929	-0.929	-0.876	-0.415	+1.373	+1.900	+6.946	+0.024	+1.917	-0.000	-0.015	+5.804	+1.143	-0.035	-0.070	+6.878	+1.831	+2.861	+1.009	+1.884	+1.889	+1.065	+1.085	+2.884	+2.887	+2.893	+4.081	-0.402	-0.550	+1.878	+1.659	+0.914	+0.912	+0.912	+0.927	+3.804	+0.907	+0.906	+0.709	+0.660	+0.911	-0.813	+0.560	-0.809	-0.849	-0.808	-0.810	
rs9810714      -0.634	-0.626	+5.159	-0.626	+3.665	+3.840	-0.617	-0.616	+0.776	-0.621	-0.631	-0.632	-0.501	-0.630	+3.770	+4.981	+0.753	-0.628	+1.343	-0.643	-0.636	+4.016	+4.006	-0.635	+3.970	-0.037	+4.864	+1.325	+0.863	+5.191	+5.065	-0.632	+5.073	-0.631	+5.073	-0.632	-0.633	-0.662	-0.642	+0.902	-0.686	+3.543	+3.707	+3.476	-0.654	+3.546	-0.644	+3.396	-0.644	-0.644	-0.665	-0.662	-0.661	-0.762	-0.658	-0.657	+8.714	+8.658	+8.374	+8.376	+8.461	-0.426	-0.424	+8.745	+8.814	+8.888	-0.373	+8.713	+8.672	+8.850	+8.849	-0.315	+8.753	+8.751	+8.384	+8.367	+3.355	-0.950	-0.540	-0.525	-0.553	-0.496	-0.491	-0.537	-0.497	-0.967	-0.585	-0.754	-0.817	-0.903	-0.915	-0.827	-0.789	-0.805	-0.806	-0.796	-0.822	-0.805	-0.817	-0.811	+0.474	+0.990	-0.830	-0.847	+0.758	-0.907	-0.915	+0.763	-0.903	+0.764	-0.500	+0.548	-0.496	-0.913	-0.350	-0.387	-0.342	-0.884	-0.348	+0.779	+0.781	-0.311	+0.858	-0.306	-0.305	-0.813	-0.887	-0.299	-0.297	-0.850	-0.180	-0.283	-0.327	-0.840	+0.704	-0.427	-0.899	-0.899	-0.900	-0.928	-0.928	-0.876	-0.414	+1.375	+1.899	+6.946	+0.025	+1.917	+0.001	-0.014	+5.804	+1.143	-0.033	-0.069	+6.878	+1.831	+2.863	+1.009	+1.883	+1.888	+1.065	+1.085	+2.886	+2.889	+2.895	+4.080	-0.402	-0.550	+1.877	+1.658	+0.913	+0.911	+0.911	+0.926	+3.802	+0.906	+0.905	+0.710	+0.661	+0.910	-0.813	+0.561	-0.809	-0.849	-0.808	-0.809	
rs9290925      -0.644	-0.629	+5.192	-0.630	+3.703	+3.881	-0.621	-0.630	+0.795	-0.621	-0.625	-0.625	-0.630	-0.501	+3.811	+5.014	+0.781	-0.633	+1.366	-0.636	-0.636	+4.056	+4.047	-0.634	+4.011	-0.033	+4.896	+1.348	+0.883	+5.224	+5.098	-0.628	+5.106	-0.628	+5.106	-0.628	-0.629	-0.665	-0.639	+0.913	-0.686	+3.563	+3.742	+3.512	-0.657	+3.567	-0.652	+3.416	-0.652	-0.652	-0.665	-0.659	-0.657	-0.761	-0.653	-0.652	+8.752	+8.696	+8.411	+8.413	+8.498	-0.403	-0.402	+8.782	+8.852	+8.926	-0.348	+8.751	+8.710	+8.888	+8.887	-0.288	+8.791	+8.788	+8.421	+8.397	+3.350	-0.949	-0.540	-0.525	-0.552	-0.496	-0.491	-0.537	-0.498	-0.967	-0.584	-0.753	-0.816	-0.902	-0.914	-0.826	-0.788	-0.805	-0.805	-0.795	-0.821	-0.804	-0.816	-0.810	+0.478	+0.987	-0.829	-0.847	+0.757	-0.906	-0.914	+0.762	-0.903	+0.763	-0.500	+0.552	-0.496	-0.913	-0.350	-0.387	-0.342	-0.883	-0.349	+0.778	+0.780	-0.312	+0.857	-0.306	-0.305	-0.812	-0.886	-0.300	-0.298	-0.850	-0.180	-0.284	-0.327	-0.839	+0.703	-0.427	-0.898	-0.898	-0.899	-0.927	-0.927	-0.875	-0.414	+1.372	+1.905	+6.955	+0.025	+1.922	+0.001	-0.015	+5.812	+1.145	-0.034	-0.069	+6.888	+1.836	+2.862	+1.011	+1.889	+1.894	+1.067	+1.087	+2.884	+2.888	+2.893	+4.085	-0.400	-0.548	+1.883	+1.663	+0.918	+0.916	+0.916	+0.931	+3.810	+0.911	+0.910	+0.711	+0.661	+0.915	-0.811	+0.561	-0.807	-0.848	-0.807	-0.808	
rs9853674      +3.851	+3.732	+4.516	+3.756	+3.166	+3.284	+3.914	+3.890	+3.113	+3.691	+3.798	+3.790	+3.770	+3.811	+3.259	+4.384	+3.131	+3.757	+2.873	+3.746	+3.690	+3.387	+3.378	+3.680	+3.354	+3.008	+4.308	+2.868	+3.038	+4.532	+4.448	+3.631	+4.453	+3.630	+4.453	+3.630	+3.635	+3.716	+3.628	+2.943	+3.508	+3.136	+3.188	+3.115	+3.720	+3.138	+3.814	+3.095	+3.814	+3.816	+3.634	+3.566	+3.558	+3.495	+3.524	+3.514	+7.749	+7.691	+7.452	+7.454	+7.524	+3.118	+3.117	+7.776	+7.841	+7.903	+3.087	+7.747	+7.646	+7.872	+7.871	+3.060	+7.799	+7.795	+7.443	+7.435	+5.327	+2.654	+3.409	+3.435	+3.035	+3.471	+3.480	+3.052	+3.470	+2.995	+2.767	+2.629	+2.607	+2.609	+2.604	+2.610	+2.618	+2.612	+2.611	+2.615	+2.612	+2.612	+2.614	+2.610	+4.398	+4.132	+2.609	+2.596	+5.086	+2.613	+2.604	+5.093	+2.610	+5.094	+3.379	+4.487	+3.386	+2.605	+3.615	+3.505	+3.625	+2.589	+3.545	+5.109	+5.111	+3.661	+5.203	+3.669	+3.670	+2.610	+2.612	+3.678	+3.681	+2.627	+3.001	+3.701	+3.642	+2.632	+5.006	+3.518	+2.614	+2.614	+2.613	+2.600	+2.600	+2.616	+3.269	+4.468	+6.243	+10.136	+4.165	+6.249	+4.132	+4.111	+8.999	+4.255	+4.088	+4.031	+10.080	+6.163	+6.048	+5.068	+6.223	+6.231	+5.136	+5.164	+6.076	+6.080	+6.087	+9.344	+3.310	+3.137	+6.259	+6.037	+5.433	+5.430	+5.430	+5.447	+7.194	+5.417	+5.415	+5.058	+4.998	+5.420	+2.949	+4.883	+2.955	+2.878	+2.956	+2.953	
rs838681       +5.073	+4.956	+4.829	+4.973	+4.382	+4.404	+5.105	+5.086	+4.228	+4.924	+5.003	+4.996	+4.981	+5.014	+4.384	+4.742	+4.231	+4.967	+4.568	+4.955	+4.908	+4.456	+4.454	+4.900	+4.444	+4.294	+4.684	+4.570	+4.198	+4.841	+4.768	+4.859	+4.772	+4.858	+4.772	+4.858	+4.862	+4.931	+4.857	+4.202	+4.805	+4.366	+4.404	+4.348	+4.932	+4.369	+5.011	+4.337	+5.011	+5.013	+4.856	+4.798	+4.792	+4.870	+4.763	+4.755	+7.886	+7.819	+7.535	+7.537	+7.604	+4.433	+4.432	+7.862	+7.930	+7.993	+4.409	+7.832	+7.719	+7.961	+7.961	+4.389	+7.880	+7.876	+7.524	+7.516	+6.889	+4.090	+5.106	+5.136	+4.827	+5.174	+5.184	+4.847	+5.169	+4.544	+4.179	+4.051	+4.030	+4.019	+4.017	+4.033	+4.039	+4.034	+4.034	+4.037	+4.035	+4.034	+4.037	+4.032	+5.988	+5.737	+4.032	+4.022	+6.720	+4.018	+4.017	+6.728	+4.017	+6.728	+4.998	+6.083	+5.005	+4.017	+5.176	+5.050	+5.187	+4.021	+5.091	+6.746	+6.749	+5.225	+6.847	+5.233	+5.235	+4.042	+4.019	+5.242	+5.245	+4.025	+4.464	+5.264	+5.198	+4.027	+6.642	+5.067	+4.028	+4.028	+4.028	+4.023	+4.023	+4.021	+5.022	+6.051	+7.739	+11.072	+5.755	+7.741	+5.721	+5.698	+9.968	+5.449	+5.674	+5.614	+11.026	+7.660	+6.982	+6.307	+7.719	+7.730	+6.374	+6.392	+7.012	+7.018	+7.025	+9.861	+4.568	+4.425	+7.797	+7.585	+6.708	+6.706	+6.705	+6.722	+8.414	+6.693	+6.691	+6.135	+6.080	+6.697	+4.293	+5.985	+4.297	+4.252	+4.298	+4.296	
rs7640718      +0.817	+0.727	+4.401	+0.743	+2.881	+3.189	+0.865	+0.848	+0.561	+0.699	+0.772	+0.767	+0.753	+0.781	+3.131	+4.231	+0.627	+0.747	+0.960	+0.745	+0.706	+3.385	+3.374	+0.699	+3.333	+0.744	+4.121	+0.947	+0.607	+4.434	+4.317	+0.667	+4.325	+0.666	+4.325	+0.667	+0.670	+0.735	+0.668	+0.873	+0.631	+2.798	+2.969	+2.732	+0.736	+2.803	+0.804	+2.660	+0.804	+0.806	+0.683	+0.636	+0.631	+0.656	+0.609	+0.603	+7.989	+7.933	+7.629	+7.631	+7.712	+0.361	+0.361	+8.000	+8.072	+8.140	+0.346	+7.965	+7.729	+8.107	+8.107	+0.333	+8.012	+8.011	+7.656	+7.637	+3.601	+0.132	+0.848	+0.871	+0.641	+0.907	+0.915	+0.659	+0.905	+0.369	+0.283	+0.152	+0.119	+0.094	+0.088	+0.117	+0.135	+0.126	+0.125	+0.131	+0.120	+0.126	+0.123	+0.123	+1.847	+1.796	+0.115	+0.104	+2.330	+0.095	+0.088	+2.336	+0.094	+2.337	+0.859	+1.933	+0.865	+0.089	+1.074	+0.996	+1.084	+0.089	+1.041	+2.351	+2.353	+1.121	+2.441	+1.129	+1.131	+0.121	+0.099	+1.138	+1.140	+0.116	+0.613	+1.160	+1.101	+0.122	+2.254	+0.975	+0.100	+0.100	+0.100	+0.086	+0.086	+0.104	+0.854	+2.139	+3.591	+8.115	+1.440	+3.603	+1.409	+1.389	+6.976	+2.108	+1.367	+1.316	+8.050	+3.514	+3.878	+2.333	+3.572	+3.579	+2.395	+2.418	+3.903	+3.907	+3.913	+6.302	+0.786	+0.615	+3.581	+3.348	+2.418	+2.416	+2.416	+2.432	+5.054	+2.407	+2.406	+2.065	+2.011	+2.411	+0.282	+1.904	+0.286	+0.239	+0.287	+0.285	
rs77804022     -0.635	-0.630	+5.145	-0.629	+3.652	+3.828	-0.617	-0.617	+0.768	-0.627	-0.633	-0.634	-0.628	-0.633	+3.757	+4.967	+0.747	-0.503	+1.338	-0.640	-0.633	+4.011	+4.001	-0.631	+3.965	-0.039	+4.857	+1.320	+0.860	+5.184	+5.058	-0.628	+5.066	-0.628	+5.066	-0.628	-0.629	-0.659	-0.640	+0.898	-0.687	+3.538	+3.702	+3.472	-0.652	+3.542	-0.640	+3.391	-0.640	-0.640	-0.663	-0.661	-0.660	-0.763	-0.658	-0.657	+8.708	+8.652	+8.369	+8.371	+8.456	-0.425	-0.423	+8.740	+8.809	+8.883	-0.371	+8.708	+8.668	+8.845	+8.844	-0.312	+8.749	+8.747	+8.380	+8.362	+3.355	-0.951	-0.541	-0.526	-0.554	-0.497	-0.492	-0.538	-0.498	-0.968	-0.586	-0.755	-0.818	-0.904	-0.916	-0.828	-0.790	-0.807	-0.807	-0.797	-0.823	-0.806	-0.818	-0.812	+0.471	+0.989	-0.831	-0.848	+0.757	-0.908	-0.916	+0.762	-0.905	+0.763	-0.501	+0.545	-0.497	-0.914	-0.351	-0.388	-0.343	-0.886	-0.349	+0.778	+0.780	-0.312	+0.857	-0.307	-0.305	-0.814	-0.888	-0.300	-0.298	-0.852	-0.181	-0.284	-0.328	-0.841	+0.703	-0.428	-0.900	-0.900	-0.901	-0.929	-0.929	-0.877	-0.415	+1.375	+1.897	+6.942	+0.024	+1.914	+0.000	-0.015	+5.800	+1.141	-0.034	-0.070	+6.874	+1.828	+2.862	+1.007	+1.881	+1.886	+1.064	+1.084	+2.885	+2.888	+2.894	+4.078	-0.403	-0.551	+1.875	+1.656	+0.910	+0.909	+0.909	+0.924	+3.799	+0.904	+0.903	+0.709	+0.660	+0.908	-0.814	+0.560	-0.810	-0.850	-0.809	-0.811	
rs710610       +1.404	+1.324	+4.759	+1.337	+2.846	+2.944	+1.442	+1.428	+0.966	+1.301	+1.359	+1.354	+1.343	+1.366	+2.873	+4.568	+0.960	+1.338	+1.332	+1.341	+1.308	+3.065	+3.059	+1.302	+3.035	+1.281	+4.451	+1.276	+0.984	+4.838	+4.688	+1.274	+4.698	+1.274	+4.698	+1.274	+1.277	+1.335	+1.275	+1.532	+1.266	+2.797	+2.883	+2.748	+1.333	+2.802	+1.392	+2.709	+1.392	+1.394	+1.285	+1.244	+1.240	+1.325	+1.221	+1.215	+8.313	+8.262	+7.831	+7.834	+7.875	+1.007	+1.006	+8.183	+8.259	+8.332	+0.993	+8.143	+7.778	+8.297	+8.297	+0.982	+8.184	+8.185	+7.710	+7.684	+4.314	+0.816	+1.729	+1.756	+1.597	+1.795	+1.803	+1.617	+1.790	+1.140	+0.929	+0.809	+0.780	+0.756	+0.753	+0.779	+0.793	+0.785	+0.785	+0.790	+0.781	+0.785	+0.783	+0.783	+2.679	+2.565	+0.777	+0.768	+3.156	+0.754	+0.753	+3.163	+0.754	+3.164	+1.700	+2.771	+1.706	+0.753	+1.884	+1.795	+1.894	+0.761	+1.841	+3.180	+3.182	+1.934	+3.276	+1.942	+1.944	+0.788	+0.757	+1.951	+1.953	+0.766	+1.296	+1.973	+1.907	+0.769	+3.080	+1.773	+0.764	+0.763	+0.763	+0.757	+0.757	+0.760	+1.799	+2.890	+4.383	+8.580	+2.227	+4.391	+2.194	+2.173	+7.460	+2.681	+2.150	+2.096	+8.522	+4.304	+4.300	+2.926	+4.363	+4.371	+2.988	+3.006	+4.327	+4.331	+4.337	+6.455	+1.378	+1.221	+4.395	+4.166	+3.001	+2.999	+2.999	+3.015	+5.696	+2.991	+2.990	+2.542	+2.492	+2.995	+0.911	+2.396	+0.915	+0.884	+0.915	+0.914	
rs9874051      -0.646	-0.644	+5.131	-0.644	+3.640	+3.817	-0.621	-0.630	+0.756	-0.642	-0.637	-0.638	-0.643	-0.636	+3.746	+4.955	+0.745	-0.640	+1.341	-0.505	-0.633	+4.019	+4.009	-0.632	+3.973	-0.041	+4.860	+1.324	+0.858	+5.188	+5.062	-0.628	+5.070	-0.628	+5.070	-0.628	-0.629	-0.661	-0.640	+0.892	-0.690	+3.528	+3.706	+3.477	-0.654	+3.532	-0.642	+3.382	-0.642	-0.642	-0.665	-0.662	-0.661	-0.766	-0.659	-0.658	+8.717	+8.661	+8.377	+8.379	+8.464	-0.424	-0.422	+8.748	+8.818	+8.892	-0.370	+8.717	+8.676	+8.854	+8.853	-0.310	+8.757	+8.755	+8.387	+8.364	+3.351	-0.953	-0.544	-0.528	-0.557	-0.500	-0.494	-0.541	-0.501	-0.971	-0.588	-0.757	-0.821	-0.906	-0.919	-0.831	-0.792	-0.809	-0.810	-0.799	-0.826	-0.809	-0.821	-0.815	+0.468	+0.986	-0.834	-0.851	+0.754	-0.911	-0.919	+0.759	-0.907	+0.760	-0.503	+0.542	-0.500	-0.917	-0.353	-0.390	-0.346	-0.888	-0.352	+0.774	+0.776	-0.315	+0.854	-0.310	-0.308	-0.817	-0.890	-0.303	-0.301	-0.854	-0.184	-0.287	-0.331	-0.844	+0.700	-0.431	-0.903	-0.903	-0.904	-0.932	-0.932	-0.879	-0.417	+1.372	+1.893	+6.933	+0.021	+1.911	-0.003	-0.018	+5.793	+1.139	-0.037	-0.073	+6.866	+1.825	+2.859	+1.005	+1.877	+1.882	+1.061	+1.081	+2.882	+2.885	+2.891	+4.075	-0.406	-0.554	+1.872	+1.653	+0.906	+0.905	+0.905	+0.920	+3.796	+0.900	+0.899	+0.706	+0.657	+0.904	-0.817	+0.557	-0.813	-0.853	-0.812	-0.814	
rs9812352      -0.633	-0.642	+5.084	-0.639	+3.585	+3.760	-0.612	-0.612	+0.724	-0.645	-0.638	-0.640	-0.636	-0.636	+3.690	+4.908	+0.706	-0.633	+1.308	-0.633	-0.507	+3.962	+3.953	-0.632	+3.916	-0.047	+4.815	+1.291	+0.826	+5.141	+5.016	-0.634	+5.024	-0.634	+5.024	-0.634	-0.634	-0.655	-0.644	+0.875	-0.690	+3.492	+3.654	+3.426	-0.648	+3.496	-0.626	+3.346	-0.626	-0.626	-0.664	-0.667	-0.666	-0.768	-0.665	-0.665	+8.666	+8.610	+8.327	+8.330	+8.414	-0.462	-0.460	+8.698	+8.767	+8.841	-0.413	+8.666	+8.625	+8.803	+8.802	-0.358	+8.707	+8.705	+8.338	+8.320	+3.358	-0.955	-0.544	-0.529	-0.558	-0.500	-0.495	-0.542	-0.501	-0.973	-0.590	-0.759	-0.822	-0.908	-0.920	-0.832	-0.794	-0.811	-0.811	-0.801	-0.827	-0.810	-0.822	-0.816	+0.461	+0.989	-0.836	-0.853	+0.754	-0.912	-0.920	+0.760	-0.908	+0.760	-0.504	+0.535	-0.500	-0.918	-0.353	-0.390	-0.346	-0.890	-0.351	+0.775	+0.777	-0.315	+0.855	-0.310	-0.308	-0.819	-0.892	-0.303	-0.301	-0.855	-0.184	-0.287	-0.331	-0.845	+0.700	-0.431	-0.904	-0.904	-0.905	-0.933	-0.933	-0.881	-0.418	+1.375	+1.884	+6.917	+0.021	+1.901	-0.003	-0.018	+5.780	+1.135	-0.037	-0.073	+6.850	+1.816	+2.860	+1.001	+1.869	+1.873	+1.057	+1.077	+2.883	+2.886	+2.892	+4.066	-0.409	-0.557	+1.863	+1.644	+0.899	+0.897	+0.897	+0.912	+3.784	+0.892	+0.891	+0.705	+0.656	+0.896	-0.819	+0.556	-0.815	-0.855	-0.814	-0.816	
rs6802547      +4.097	+3.977	+4.584	+4.001	+3.316	+3.418	+4.160	+4.137	+3.358	+3.935	+4.043	+4.035	+4.016	+4.056	+3.387	+4.456	+3.385	+4.011	+3.065	+4.019	+3.962	+3.479	+3.476	+3.951	+3.465	+3.208	+4.376	+3.060	+3.303	+4.591	+4.510	+3.900	+4.515	+3.900	+4.515	+3.900	+3.905	+3.987	+3.897	+3.242	+3.751	+3.302	+3.328	+3.298	+3.989	+3.300	+4.086	+3.284	+4.086	+4.089	+3.901	+3.830	+3.822	+3.730	+3.786	+3.776	+7.756	+7.699	+7.470	+7.472	+7.540	+3.363	+3.361	+7.788	+7.852	+7.912	+3.331	+7.759	+7.669	+7.881	+7.881	+3.302	+7.812	+7.807	+7.457	+7.450	+5.504	+2.866	+3.618	+3.644	+3.236	+3.680	+3.689	+3.252	+3.679	+3.210	+2.984	+2.843	+2.820	+2.825	+2.820	+2.825	+2.832	+2.826	+2.825	+2.830	+2.826	+2.826	+2.829	+2.824	+4.602	+4.345	+2.823	+2.810	+5.327	+2.829	+2.820	+5.334	+2.826	+5.335	+3.585	+4.692	+3.591	+2.821	+3.821	+3.711	+3.831	+2.803	+3.751	+5.350	+5.352	+3.867	+5.445	+3.875	+3.876	+2.824	+2.827	+3.884	+3.887	+2.843	+3.209	+3.907	+3.848	+2.849	+5.246	+3.724	+2.829	+2.829	+2.829	+2.815	+2.815	+2.831	+3.468	+4.679	+6.451	+10.308	+4.400	+6.457	+4.367	+4.345	+9.176	+4.429	+4.322	+4.265	+10.253	+6.371	+6.204	+5.269	+6.430	+6.439	+5.337	+5.364	+6.232	+6.237	+6.244	+9.535	+3.522	+3.349	+6.468	+6.248	+5.724	+5.722	+5.721	+5.738	+7.378	+5.707	+5.706	+5.315	+5.254	+5.711	+3.192	+5.139	+3.198	+3.115	+3.200	+3.196	
rs1436659      +4.087	+3.967	+4.582	+3.991	+3.310	+3.409	+4.151	+4.127	+3.348	+3.925	+4.034	+4.026	+4.006	+4.047	+3.378	+4.454	+3.374	+4.001	+3.059	+4.009	+3.953	+3.476	+3.472	+3.942	+3.458	+3.201	+4.374	+3.054	+3.293	+4.589	+4.508	+3.891	+4.513	+3.891	+4.513	+3.891	+3.896	+3.978	+3.888	+3.231	+3.744	+3.295	+3.322	+3.290	+3.980	+3.293	+4.077	+3.276	+4.077	+4.079	+3.892	+3.821	+3.813	+3.721	+3.778	+3.767	+7.755	+7.699	+7.469	+7.471	+7.539	+3.355	+3.353	+7.787	+7.851	+7.911	+3.323	+7.758	+7.668	+7.881	+7.880	+3.294	+7.811	+7.807	+7.457	+7.450	+5.499	+2.859	+3.610	+3.636	+3.229	+3.671	+3.680	+3.245	+3.671	+3.201	+2.978	+2.837	+2.814	+2.818	+2.814	+2.818	+2.826	+2.819	+2.819	+2.823	+2.820	+2.819	+2.822	+2.817	+4.593	+4.339	+2.816	+2.803	+5.318	+2.823	+2.813	+5.325	+2.819	+5.326	+3.577	+4.682	+3.583	+2.814	+3.813	+3.703	+3.823	+2.796	+3.743	+5.341	+5.343	+3.859	+5.436	+3.866	+3.868	+2.818	+2.821	+3.876	+3.879	+2.837	+3.203	+3.899	+3.840	+2.842	+5.237	+3.716	+2.823	+2.823	+2.822	+2.808	+2.808	+2.825	+3.461	+4.673	+6.438	+10.294	+4.391	+6.444	+4.358	+4.337	+9.163	+4.421	+4.313	+4.256	+10.239	+6.358	+6.196	+5.260	+6.417	+6.426	+5.327	+5.355	+6.224	+6.229	+6.236	+9.519	+3.514	+3.341	+6.456	+6.236	+5.712	+5.710	+5.709	+5.727	+7.367	+5.696	+5.694	+5.306	+5.245	+5.699	+3.185	+5.129	+3.191	+3.108	+3.192	+3.189	
rs16865194     -0.631	-0.642	+5.076	-0.638	+3.575	+3.750	-0.607	-0.609	+0.717	-0.645	-0.636	-0.638	-0.635	-0.634	+3.680	+4.900	+0.699	-0.631	+1.302	-0.632	-0.632	+3.951	+3.942	-0.508	+3.906	-0.049	+4.807	+1.285	+0.818	+5.132	+5.008	-0.636	+5.015	-0.635	+5.015	-0.636	-0.636	-0.654	-0.645	+0.871	-0.690	+3.482	+3.644	+3.416	-0.646	+3.486	-0.623	+3.336	-0.623	-0.623	-0.664	-0.668	-0.667	-0.769	-0.667	-0.667	+8.657	+8.600	+8.318	+8.321	+8.405	-0.472	-0.470	+8.688	+8.758	+8.831	-0.424	+8.657	+8.615	+8.793	+8.793	-0.370	+8.698	+8.695	+8.328	+8.311	+3.359	-0.956	-0.545	-0.529	-0.558	-0.500	-0.495	-0.543	-0.502	-0.973	-0.590	-0.759	-0.823	-0.908	-0.920	-0.833	-0.794	-0.811	-0.812	-0.801	-0.828	-0.811	-0.823	-0.817	+0.459	+0.990	-0.836	-0.853	+0.754	-0.912	-0.920	+0.759	-0.909	+0.760	-0.504	+0.533	-0.501	-0.919	-0.354	-0.390	-0.346	-0.890	-0.352	+0.775	+0.777	-0.315	+0.854	-0.310	-0.309	-0.819	-0.892	-0.303	-0.301	-0.856	-0.184	-0.287	-0.331	-0.846	+0.700	-0.431	-0.905	-0.905	-0.906	-0.934	-0.934	-0.881	-0.418	+1.376	+1.881	+6.912	+0.021	+1.899	-0.003	-0.018	+5.776	+1.134	-0.038	-0.073	+6.845	+1.813	+2.860	+1.000	+1.866	+1.871	+1.056	+1.076	+2.883	+2.886	+2.892	+4.064	-0.410	-0.558	+1.861	+1.642	+0.897	+0.895	+0.895	+0.910	+3.781	+0.890	+0.889	+0.704	+0.655	+0.894	-0.820	+0.555	-0.816	-0.855	-0.815	-0.817	
rs17427138     +4.051	+3.931	+4.572	+3.955	+3.288	+3.387	+4.114	+4.090	+3.307	+3.889	+3.998	+3.989	+3.970	+4.011	+3.354	+4.444	+3.333	+3.965	+3.035	+3.973	+3.916	+3.465	+3.458	+3.906	+3.442	+3.174	+4.363	+3.029	+3.256	+4.579	+4.497	+3.856	+4.502	+3.855	+4.502	+3.855	+3.860	+3.942	+3.852	+3.196	+3.709	+3.272	+3.302	+3.265	+3.944	+3.271	+4.040	+3.251	+4.040	+4.043	+3.856	+3.786	+3.778	+3.689	+3.743	+3.732	+7.754	+7.697	+7.465	+7.468	+7.535	+3.322	+3.321	+7.784	+7.849	+7.909	+3.290	+7.756	+7.663	+7.878	+7.878	+3.262	+7.808	+7.804	+7.453	+7.446	+5.475	+2.831	+3.582	+3.608	+3.201	+3.643	+3.652	+3.218	+3.643	+3.172	+2.949	+2.808	+2.785	+2.790	+2.785	+2.789	+2.797	+2.791	+2.790	+2.794	+2.791	+2.791	+2.794	+2.788	+4.567	+4.311	+2.788	+2.775	+5.289	+2.794	+2.785	+5.296	+2.790	+5.296	+3.549	+4.656	+3.556	+2.786	+3.785	+3.676	+3.795	+2.768	+3.716	+5.312	+5.314	+3.831	+5.407	+3.839	+3.840	+2.789	+2.792	+3.848	+3.851	+2.808	+3.175	+3.871	+3.813	+2.813	+5.208	+3.687	+2.794	+2.794	+2.793	+2.780	+2.780	+2.796	+3.434	+4.646	+6.414	+10.276	+4.362	+6.419	+4.329	+4.308	+9.143	+4.396	+4.284	+4.227	+10.220	+6.333	+6.172	+5.231	+6.393	+6.401	+5.299	+5.327	+6.200	+6.205	+6.212	+9.495	+3.486	+3.313	+6.430	+6.210	+5.683	+5.680	+5.679	+5.697	+7.345	+5.666	+5.664	+5.275	+5.213	+5.670	+3.155	+5.098	+3.160	+3.078	+3.162	+3.159	
rs17427173     -0.012	-0.039	+4.445	-0.037	+2.934	+3.074	-0.004	-0.005	+0.760	-0.047	-0.035	-0.036	-0.037	-0.033	+3.008	+4.294	+0.744	-0.039	+1.281	-0.041	-0.047	+3.208	+3.201	-0.049	+3.174	+0.385	+4.198	+1.267	+0.818	+4.473	+4.369	-0.052	+4.376	-0.053	+4.376	-0.052	-0.052	-0.034	-0.051	+1.159	+0.034	+2.884	+2.992	+2.831	-0.036	+2.890	-0.020	+2.784	-0.020	-0.019	-0.045	-0.053	-0.054	+0.075	-0.057	-0.057	+7.870	+7.809	+7.560	+7.562	+7.633	-0.054	-0.054	+7.898	+7.966	+8.030	-0.048	+7.866	+7.739	+7.998	+7.998	-0.041	+7.923	+7.918	+7.546	+7.535	+4.114	-0.152	+0.279	+0.296	+0.299	+0.326	+0.331	+0.315	+0.324	-0.167	+0.158	-0.000	-0.060	-0.147	-0.155	-0.065	-0.031	-0.047	-0.048	-0.038	-0.061	-0.047	-0.056	-0.052	+1.278	+1.746	-0.069	-0.087	+1.611	-0.147	-0.156	+1.616	-0.146	+1.617	+0.332	+1.358	+0.336	-0.154	+0.494	+0.447	+0.503	-0.119	+0.489	+1.633	+1.635	+0.535	+1.712	+0.541	+0.543	-0.053	-0.132	+0.548	+0.550	-0.104	+0.613	+0.566	+0.519	-0.095	+1.560	+0.417	-0.141	-0.141	-0.142	-0.168	-0.168	-0.125	+0.461	+2.135	+2.791	+7.968	+0.853	+2.811	+0.828	+0.812	+6.820	+2.259	+0.793	+0.755	+7.902	+2.728	+4.183	+1.956	+2.781	+2.788	+2.017	+2.038	+4.204	+4.206	+4.211	+5.311	+0.496	+0.329	+2.784	+2.549	+1.906	+1.905	+1.904	+1.920	+4.827	+1.897	+1.896	+2.009	+1.951	+1.900	+0.032	+1.812	+0.037	-0.019	+0.038	+0.036	
rs493186       +4.953	+4.838	+4.778	+4.856	+4.305	+4.328	+4.987	+4.969	+4.115	+4.807	+4.886	+4.879	+4.864	+4.896	+4.308	+4.684	+4.121	+4.857	+4.451	+4.860	+4.815	+4.376	+4.374	+4.807	+4.363	+4.198	+4.638	+4.461	+4.096	+4.874	+4.761	+4.765	+4.768	+4.765	+4.768	+4.765	+4.769	+4.838	+4.764	+4.100	+4.698	+4.283	+4.322	+4.264	+4.837	+4.286	+4.917	+4.252	+4.917	+4.919	+4.761	+4.703	+4.697	+4.759	+4.668	+4.659	+7.915	+7.844	+7.537	+7.539	+7.604	+4.336	+4.336	+7.869	+7.939	+8.004	+4.313	+7.838	+7.703	+7.971	+7.970	+4.292	+7.885	+7.881	+7.515	+7.506	+6.797	+3.992	+5.006	+5.036	+4.716	+5.074	+5.084	+4.736	+5.069	+4.443	+4.085	+3.953	+3.932	+3.921	+3.919	+3.935	+3.941	+3.936	+3.935	+3.939	+3.936	+3.936	+3.938	+3.934	+5.888	+5.636	+3.933	+3.924	+6.601	+3.920	+3.919	+6.609	+3.919	+6.609	+4.901	+5.983	+4.908	+3.919	+5.081	+4.957	+5.092	+3.922	+4.998	+6.627	+6.630	+5.130	+6.727	+5.138	+5.140	+3.943	+3.921	+5.147	+5.150	+3.926	+4.367	+5.169	+5.103	+3.928	+6.524	+4.970	+3.929	+3.929	+3.929	+3.925	+3.925	+3.923	+4.928	+5.949	+7.637	+10.999	+5.642	+7.639	+5.608	+5.586	+9.899	+5.358	+5.561	+5.501	+10.954	+7.558	+6.890	+6.208	+7.617	+7.627	+6.276	+6.294	+6.920	+6.926	+6.934	+9.770	+4.473	+4.330	+7.693	+7.482	+6.618	+6.616	+6.615	+6.631	+8.336	+6.602	+6.601	+6.035	+5.981	+6.606	+4.196	+5.886	+4.201	+4.156	+4.202	+4.199	
rs541980       +1.385	+1.306	+4.762	+1.318	+2.840	+2.939	+1.423	+1.409	+0.954	+1.283	+1.341	+1.336	+1.325	+1.348	+2.868	+4.570	+0.947	+1.320	+1.276	+1.324	+1.291	+3.060	+3.054	+1.285	+3.029	+1.267	+4.461	+1.317	+0.971	+4.854	+4.707	+1.258	+4.717	+1.257	+4.717	+1.258	+1.260	+1.318	+1.260	+1.519	+1.250	+2.788	+2.874	+2.740	+1.318	+2.793	+1.377	+2.700	+1.377	+1.378	+1.270	+1.229	+1.225	+1.310	+1.206	+1.200	+8.341	+8.290	+7.854	+7.857	+7.897	+0.992	+0.992	+8.206	+8.283	+8.356	+0.978	+8.166	+7.792	+8.321	+8.321	+0.968	+8.206	+8.208	+7.729	+7.702	+4.301	+0.802	+1.714	+1.741	+1.582	+1.780	+1.788	+1.602	+1.775	+1.125	+0.915	+0.795	+0.766	+0.741	+0.739	+0.765	+0.778	+0.771	+0.771	+0.775	+0.767	+0.771	+0.769	+0.769	+2.663	+2.551	+0.763	+0.754	+3.140	+0.740	+0.738	+3.147	+0.740	+3.148	+1.685	+2.755	+1.691	+0.739	+1.869	+1.780	+1.879	+0.746	+1.827	+3.164	+3.166	+1.919	+3.261	+1.927	+1.929	+0.774	+0.743	+1.936	+1.938	+0.751	+1.281	+1.958	+1.892	+0.754	+3.065	+1.758	+0.749	+0.749	+0.749	+0.743	+0.743	+0.746	+1.784	+2.876	+4.364	+8.562	+2.211	+4.372	+2.179	+2.158	+7.442	+2.666	+2.134	+2.080	+8.504	+4.285	+4.285	+2.909	+4.344	+4.352	+2.971	+2.989	+4.312	+4.317	+4.323	+6.435	+1.363	+1.206	+4.376	+4.148	+2.983	+2.981	+2.981	+2.997	+5.679	+2.973	+2.972	+2.526	+2.475	+2.977	+0.896	+2.380	+0.900	+0.869	+0.901	+0.899	
rs9811787      +0.929	+0.836	+4.365	+0.853	+2.820	+3.099	+0.968	+0.960	+0.610	+0.808	+0.874	+0.868	+0.863	+0.883	+3.038	+4.198	+0.607	+0.860	+0.984	+0.858	+0.826	+3.303	+3.293	+0.818	+3.256	+0.818	+4.096	+0.971	+0.715	+4.405	+4.291	+0.786	+4.298	+0.785	+4.298	+0.786	+0.789	+0.857	+0.787	+0.917	+0.735	+2.766	+2.923	+2.694	+0.858	+2.771	+0.929	+2.632	+0.929	+0.930	+0.802	+0.753	+0.748	+0.767	+0.724	+0.718	+7.946	+7.890	+7.590	+7.593	+7.673	+0.462	+0.461	+7.958	+8.031	+8.097	+0.444	+7.924	+7.699	+8.065	+8.064	+0.430	+7.971	+7.971	+7.615	+7.599	+3.654	+0.216	+0.946	+0.970	+0.730	+1.006	+1.014	+0.748	+1.004	+0.466	+0.360	+0.231	+0.199	+0.175	+0.170	+0.198	+0.214	+0.205	+0.205	+0.210	+0.200	+0.206	+0.203	+0.203	+1.951	+1.875	+0.196	+0.185	+2.440	+0.176	+0.170	+2.446	+0.175	+2.447	+0.957	+2.038	+0.962	+0.171	+1.174	+1.094	+1.184	+0.171	+1.139	+2.461	+2.463	+1.222	+2.553	+1.229	+1.231	+0.201	+0.180	+1.238	+1.241	+0.197	+0.688	+1.261	+1.202	+0.202	+2.366	+1.073	+0.182	+0.182	+0.181	+0.168	+0.168	+0.185	+0.946	+2.215	+3.704	+8.209	+1.542	+3.715	+1.511	+1.491	+7.068	+2.185	+1.469	+1.418	+8.145	+3.626	+3.956	+2.426	+3.684	+3.691	+2.487	+2.511	+3.980	+3.984	+3.990	+6.429	+0.875	+0.703	+3.694	+3.461	+2.526	+2.524	+2.524	+2.540	+5.150	+2.515	+2.514	+2.162	+2.107	+2.519	+0.367	+2.001	+0.371	+0.324	+0.372	+0.370	
