## Summary of overall evidence for association with region:
## log10(BF for region) = -0.491779
## p-value for region = NA

## BFs for choosing among multi-SNP models:
## log10(average 1-SNP BF) = -0.42535
## log10(average 2-SNP BF) = -0.666063

## Example posterior probabilities for multi-SNP models, based on default prior: [p(l) propto 0.5^l for l=1,2,...,L]
## posterior probability of 1-SNP = 0.776851
## posterior probability of 2-SNP = 0.223149

## log10(BF) for single SNP and pair of SNPs:
rs7799142      -0.416	-0.529	-0.529	-0.523	-0.620	-0.654	-0.594	-0.634	-0.797	-0.806	-0.812	-0.789	-0.789	-0.795	-0.776	-0.684	-0.724	-0.805	-0.687	-0.796	-0.797	-0.796	-0.664	-0.664	-0.663	-0.665	-0.713	-0.657	-0.802	-0.654	-0.721	-0.798	-0.652	-0.766	-0.660	-0.713	-0.713	-0.665	-0.655	-0.802	-0.664	-0.655	-0.655	-0.655	-0.655	-0.664	-0.655	-0.655	-0.654	-0.655	-0.674	-0.654	-0.674	-0.674	-0.674	-0.674	-0.674	-0.674	-0.654	-0.800	-0.800	-0.654	-0.655	-0.800	-0.674	-0.654	-0.799	-0.654	-0.799	-0.671	-0.654	-0.654	-0.654	-0.664	-0.674	-0.674	-0.669	-0.800	-0.653	-0.653	-0.784	-0.669	-0.654	-0.800	-0.800	-0.673	-0.654	-0.801	-0.644	-0.665	-0.801	-0.801	-0.655	-0.805	-0.666	-0.801	-0.804	-0.666	-0.801	-0.667	-0.658	-0.799	-0.799	-0.679	-0.788	-0.687	-0.687	-0.602	-0.801	-0.810	-0.848	-0.757	-0.891	-0.890	-0.892	-0.891	-0.779	-0.894	-0.786	-0.785	-0.786	-0.788	-0.760	
rs7799736      -0.529	-0.417	-0.525	-0.517	-0.621	-0.655	-0.595	-0.635	-0.798	-0.807	-0.813	-0.790	-0.790	-0.796	-0.777	-0.686	-0.725	-0.806	-0.688	-0.797	-0.798	-0.797	-0.665	-0.665	-0.665	-0.667	-0.715	-0.658	-0.803	-0.655	-0.722	-0.799	-0.654	-0.767	-0.661	-0.715	-0.714	-0.666	-0.656	-0.803	-0.665	-0.656	-0.656	-0.656	-0.656	-0.665	-0.656	-0.656	-0.655	-0.656	-0.675	-0.656	-0.675	-0.675	-0.675	-0.675	-0.675	-0.675	-0.655	-0.801	-0.801	-0.655	-0.656	-0.801	-0.675	-0.655	-0.800	-0.655	-0.800	-0.672	-0.655	-0.655	-0.655	-0.665	-0.675	-0.675	-0.670	-0.801	-0.654	-0.654	-0.785	-0.671	-0.655	-0.801	-0.801	-0.674	-0.655	-0.802	-0.645	-0.666	-0.803	-0.802	-0.656	-0.806	-0.667	-0.802	-0.805	-0.667	-0.802	-0.668	-0.659	-0.800	-0.800	-0.680	-0.789	-0.688	-0.688	-0.603	-0.802	-0.811	-0.849	-0.758	-0.892	-0.891	-0.893	-0.892	-0.780	-0.895	-0.787	-0.786	-0.787	-0.789	-0.761	
rs10257281     -0.529	-0.525	-0.417	-0.528	-0.621	-0.655	-0.595	-0.634	-0.797	-0.807	-0.812	-0.790	-0.790	-0.796	-0.777	-0.685	-0.724	-0.805	-0.687	-0.797	-0.797	-0.797	-0.664	-0.664	-0.664	-0.666	-0.714	-0.658	-0.803	-0.655	-0.722	-0.799	-0.653	-0.767	-0.661	-0.714	-0.714	-0.665	-0.656	-0.803	-0.664	-0.656	-0.656	-0.656	-0.656	-0.664	-0.656	-0.655	-0.655	-0.655	-0.674	-0.655	-0.674	-0.674	-0.674	-0.674	-0.674	-0.674	-0.655	-0.801	-0.801	-0.655	-0.655	-0.801	-0.674	-0.655	-0.800	-0.655	-0.800	-0.672	-0.655	-0.655	-0.654	-0.665	-0.674	-0.674	-0.669	-0.800	-0.654	-0.654	-0.785	-0.670	-0.654	-0.800	-0.800	-0.674	-0.655	-0.802	-0.645	-0.665	-0.802	-0.802	-0.656	-0.806	-0.666	-0.802	-0.805	-0.667	-0.802	-0.667	-0.659	-0.800	-0.799	-0.679	-0.789	-0.687	-0.687	-0.603	-0.802	-0.810	-0.848	-0.758	-0.892	-0.891	-0.893	-0.892	-0.780	-0.895	-0.787	-0.786	-0.786	-0.788	-0.760	
rs3929596      -0.523	-0.517	-0.528	-0.415	-0.619	-0.653	-0.593	-0.633	-0.796	-0.805	-0.811	-0.788	-0.788	-0.795	-0.775	-0.683	-0.723	-0.804	-0.686	-0.795	-0.796	-0.795	-0.663	-0.663	-0.662	-0.664	-0.712	-0.656	-0.801	-0.653	-0.720	-0.797	-0.651	-0.765	-0.659	-0.712	-0.712	-0.664	-0.654	-0.801	-0.663	-0.654	-0.654	-0.654	-0.654	-0.662	-0.654	-0.654	-0.653	-0.654	-0.673	-0.653	-0.673	-0.673	-0.673	-0.673	-0.672	-0.673	-0.653	-0.799	-0.799	-0.653	-0.654	-0.799	-0.673	-0.653	-0.798	-0.653	-0.798	-0.670	-0.653	-0.653	-0.653	-0.663	-0.672	-0.672	-0.668	-0.799	-0.652	-0.652	-0.783	-0.668	-0.653	-0.799	-0.799	-0.672	-0.653	-0.801	-0.643	-0.664	-0.801	-0.800	-0.654	-0.804	-0.665	-0.800	-0.804	-0.665	-0.800	-0.665	-0.657	-0.798	-0.798	-0.678	-0.787	-0.686	-0.686	-0.601	-0.800	-0.809	-0.846	-0.756	-0.890	-0.889	-0.891	-0.890	-0.778	-0.893	-0.785	-0.785	-0.785	-0.787	-0.759	
rs10269618     -0.620	-0.621	-0.621	-0.619	-0.322	-0.458	-0.451	-0.494	-0.719	-0.719	-0.724	-0.701	-0.701	-0.708	-0.689	-0.599	-0.639	-0.718	-0.601	-0.709	-0.709	-0.709	-0.575	-0.575	-0.575	-0.577	-0.628	-0.568	-0.715	-0.566	-0.636	-0.710	-0.564	-0.677	-0.572	-0.628	-0.628	-0.579	-0.567	-0.715	-0.579	-0.567	-0.566	-0.566	-0.566	-0.578	-0.566	-0.566	-0.565	-0.566	-0.588	-0.566	-0.589	-0.589	-0.588	-0.588	-0.588	-0.588	-0.566	-0.712	-0.712	-0.566	-0.566	-0.712	-0.588	-0.566	-0.711	-0.566	-0.711	-0.586	-0.566	-0.566	-0.565	-0.579	-0.588	-0.588	-0.581	-0.712	-0.565	-0.565	-0.696	-0.584	-0.565	-0.712	-0.712	-0.588	-0.566	-0.714	-0.555	-0.580	-0.714	-0.714	-0.566	-0.718	-0.580	-0.714	-0.718	-0.581	-0.714	-0.581	-0.569	-0.711	-0.711	-0.593	-0.701	-0.601	-0.601	-0.518	-0.715	-0.721	-0.765	-0.668	-0.805	-0.804	-0.806	-0.805	-0.692	-0.809	-0.699	-0.699	-0.699	-0.701	-0.676	
rs1523640      -0.654	-0.655	-0.655	-0.653	-0.458	-0.359	-0.468	-0.509	-0.752	-0.753	-0.758	-0.735	-0.735	-0.741	-0.723	-0.633	-0.672	-0.751	-0.635	-0.743	-0.743	-0.743	-0.610	-0.610	-0.610	-0.612	-0.662	-0.603	-0.748	-0.600	-0.669	-0.744	-0.599	-0.711	-0.607	-0.662	-0.661	-0.613	-0.601	-0.748	-0.613	-0.601	-0.601	-0.601	-0.601	-0.612	-0.601	-0.601	-0.600	-0.601	-0.622	-0.601	-0.623	-0.623	-0.622	-0.622	-0.622	-0.622	-0.600	-0.746	-0.746	-0.600	-0.601	-0.746	-0.622	-0.600	-0.745	-0.600	-0.745	-0.620	-0.600	-0.600	-0.600	-0.613	-0.622	-0.622	-0.615	-0.746	-0.599	-0.599	-0.730	-0.618	-0.600	-0.746	-0.746	-0.622	-0.600	-0.748	-0.590	-0.614	-0.748	-0.748	-0.601	-0.752	-0.614	-0.748	-0.751	-0.615	-0.747	-0.615	-0.604	-0.745	-0.745	-0.627	-0.735	-0.635	-0.635	-0.552	-0.749	-0.755	-0.798	-0.703	-0.839	-0.837	-0.839	-0.838	-0.726	-0.843	-0.733	-0.732	-0.733	-0.735	-0.709	
rs6967201      -0.594	-0.595	-0.595	-0.593	-0.451	-0.468	-0.293	-0.443	-0.693	-0.694	-0.699	-0.675	-0.675	-0.681	-0.663	-0.574	-0.613	-0.692	-0.575	-0.683	-0.683	-0.682	-0.550	-0.550	-0.550	-0.552	-0.602	-0.543	-0.688	-0.540	-0.610	-0.684	-0.539	-0.651	-0.547	-0.602	-0.602	-0.554	-0.541	-0.689	-0.553	-0.541	-0.541	-0.541	-0.541	-0.553	-0.541	-0.541	-0.540	-0.541	-0.563	-0.541	-0.563	-0.563	-0.563	-0.563	-0.563	-0.563	-0.540	-0.686	-0.686	-0.540	-0.541	-0.686	-0.563	-0.540	-0.685	-0.540	-0.685	-0.561	-0.540	-0.540	-0.540	-0.554	-0.563	-0.563	-0.555	-0.686	-0.539	-0.539	-0.669	-0.559	-0.540	-0.686	-0.686	-0.563	-0.541	-0.688	-0.530	-0.554	-0.688	-0.688	-0.541	-0.692	-0.555	-0.688	-0.692	-0.556	-0.688	-0.556	-0.544	-0.685	-0.685	-0.568	-0.675	-0.576	-0.575	-0.493	-0.689	-0.695	-0.740	-0.642	-0.779	-0.778	-0.780	-0.779	-0.666	-0.783	-0.673	-0.673	-0.673	-0.675	-0.650	
rs7804777      -0.634	-0.635	-0.634	-0.633	-0.494	-0.509	-0.443	-0.337	-0.732	-0.734	-0.739	-0.715	-0.715	-0.722	-0.703	-0.613	-0.652	-0.732	-0.615	-0.723	-0.723	-0.723	-0.590	-0.590	-0.590	-0.592	-0.642	-0.584	-0.729	-0.581	-0.650	-0.724	-0.579	-0.691	-0.587	-0.642	-0.641	-0.594	-0.582	-0.729	-0.593	-0.582	-0.582	-0.582	-0.582	-0.593	-0.582	-0.581	-0.581	-0.581	-0.603	-0.581	-0.603	-0.603	-0.603	-0.603	-0.603	-0.603	-0.581	-0.726	-0.726	-0.581	-0.581	-0.726	-0.603	-0.581	-0.725	-0.581	-0.725	-0.600	-0.581	-0.581	-0.580	-0.594	-0.603	-0.602	-0.596	-0.726	-0.580	-0.580	-0.710	-0.598	-0.580	-0.726	-0.726	-0.602	-0.581	-0.728	-0.571	-0.594	-0.728	-0.728	-0.582	-0.732	-0.595	-0.728	-0.731	-0.595	-0.728	-0.596	-0.585	-0.725	-0.725	-0.607	-0.715	-0.615	-0.615	-0.532	-0.729	-0.735	-0.778	-0.682	-0.819	-0.817	-0.820	-0.818	-0.706	-0.823	-0.713	-0.712	-0.713	-0.715	-0.689	
rs11761769     -0.797	-0.798	-0.797	-0.796	-0.719	-0.752	-0.693	-0.732	-0.517	-0.897	-0.902	-0.880	-0.880	-0.886	-0.869	-0.781	-0.817	-0.894	-0.782	-0.886	-0.886	-0.885	-0.768	-0.768	-0.768	-0.770	-0.808	-0.762	-0.889	-0.760	-0.815	-0.885	-0.758	-0.843	-0.765	-0.809	-0.809	-0.765	-0.760	-0.891	-0.764	-0.761	-0.760	-0.760	-0.760	-0.764	-0.760	-0.760	-0.759	-0.760	-0.772	-0.760	-0.772	-0.772	-0.772	-0.772	-0.772	-0.772	-0.760	-0.889	-0.889	-0.760	-0.760	-0.889	-0.772	-0.760	-0.888	-0.760	-0.888	-0.770	-0.759	-0.759	-0.759	-0.765	-0.772	-0.772	-0.772	-0.889	-0.759	-0.759	-0.873	-0.769	-0.759	-0.889	-0.888	-0.772	-0.760	-0.890	-0.751	-0.765	-0.890	-0.890	-0.760	-0.894	-0.766	-0.890	-0.894	-0.766	-0.890	-0.766	-0.763	-0.888	-0.888	-0.776	-0.883	-0.782	-0.782	-0.710	-0.890	-0.899	-0.943	-0.850	-0.978	-0.977	-0.979	-0.978	-0.870	-0.983	-0.876	-0.875	-0.875	-0.877	-0.842	
rs56033973     -0.806	-0.807	-0.807	-0.805	-0.719	-0.753	-0.694	-0.734	-0.897	-0.526	-0.660	-0.865	-0.865	-0.873	-0.849	-0.755	-0.801	-0.885	-0.756	-0.873	-0.874	-0.873	-0.769	-0.768	-0.768	-0.770	-0.770	-0.762	-0.865	-0.760	-0.775	-0.859	-0.758	-0.815	-0.766	-0.771	-0.771	-0.740	-0.760	-0.882	-0.739	-0.761	-0.760	-0.760	-0.760	-0.739	-0.760	-0.760	-0.759	-0.760	-0.747	-0.760	-0.747	-0.747	-0.747	-0.747	-0.747	-0.747	-0.760	-0.878	-0.878	-0.760	-0.760	-0.878	-0.747	-0.760	-0.877	-0.760	-0.877	-0.745	-0.760	-0.760	-0.759	-0.739	-0.747	-0.747	-0.773	-0.878	-0.759	-0.759	-0.858	-0.744	-0.759	-0.878	-0.878	-0.747	-0.760	-0.882	-0.750	-0.740	-0.882	-0.881	-0.760	-0.886	-0.741	-0.881	-0.886	-0.741	-0.881	-0.742	-0.763	-0.877	-0.877	-0.751	-0.866	-0.757	-0.757	-0.684	-0.889	-0.896	-0.945	-0.858	-0.989	-0.988	-0.990	-0.989	-0.878	-0.993	-0.884	-0.883	-0.883	-0.885	-0.862	
rs73483251     -0.812	-0.813	-0.812	-0.811	-0.724	-0.758	-0.699	-0.739	-0.902	-0.660	-0.532	-0.872	-0.872	-0.880	-0.856	-0.759	-0.806	-0.892	-0.760	-0.880	-0.880	-0.880	-0.773	-0.773	-0.773	-0.775	-0.775	-0.767	-0.873	-0.764	-0.780	-0.867	-0.763	-0.823	-0.770	-0.775	-0.775	-0.743	-0.765	-0.888	-0.742	-0.765	-0.765	-0.765	-0.765	-0.742	-0.765	-0.765	-0.764	-0.765	-0.750	-0.765	-0.751	-0.751	-0.750	-0.750	-0.750	-0.750	-0.764	-0.885	-0.885	-0.764	-0.765	-0.885	-0.750	-0.764	-0.883	-0.764	-0.883	-0.748	-0.764	-0.764	-0.764	-0.743	-0.750	-0.750	-0.778	-0.885	-0.763	-0.763	-0.865	-0.747	-0.764	-0.885	-0.885	-0.750	-0.764	-0.888	-0.755	-0.743	-0.888	-0.888	-0.765	-0.893	-0.744	-0.888	-0.892	-0.745	-0.888	-0.745	-0.768	-0.884	-0.884	-0.755	-0.873	-0.761	-0.761	-0.685	-0.895	-0.902	-0.951	-0.863	-0.995	-0.994	-0.996	-0.995	-0.883	-0.998	-0.889	-0.889	-0.889	-0.891	-0.867	
rs6953337      -0.789	-0.790	-0.790	-0.788	-0.701	-0.735	-0.675	-0.715	-0.880	-0.865	-0.872	-0.507	-0.631	-0.638	-0.712	-0.689	-0.701	-0.664	-0.694	-0.677	-0.678	-0.681	-0.700	-0.700	-0.700	-0.702	-0.735	-0.694	-0.729	-0.691	-0.747	-0.729	-0.689	-0.771	-0.698	-0.734	-0.733	-0.653	-0.692	-0.678	-0.652	-0.692	-0.692	-0.692	-0.692	-0.651	-0.692	-0.692	-0.691	-0.692	-0.669	-0.691	-0.669	-0.669	-0.669	-0.669	-0.669	-0.669	-0.691	-0.681	-0.681	-0.691	-0.692	-0.681	-0.669	-0.691	-0.683	-0.691	-0.683	-0.664	-0.691	-0.691	-0.691	-0.652	-0.669	-0.669	-0.706	-0.681	-0.691	-0.691	-0.685	-0.661	-0.691	-0.681	-0.681	-0.668	-0.692	-0.675	-0.681	-0.654	-0.674	-0.675	-0.692	-0.666	-0.656	-0.675	-0.667	-0.657	-0.675	-0.658	-0.695	-0.682	-0.682	-0.679	-0.748	-0.696	-0.695	-0.560	-0.666	-0.794	-0.917	-0.831	-0.970	-0.969	-0.971	-0.969	-0.856	-0.975	-0.865	-0.864	-0.864	-0.866	-0.838	
rs6953620      -0.789	-0.790	-0.790	-0.788	-0.701	-0.735	-0.675	-0.715	-0.880	-0.865	-0.872	-0.631	-0.507	-0.638	-0.712	-0.689	-0.701	-0.664	-0.694	-0.677	-0.678	-0.681	-0.700	-0.700	-0.700	-0.702	-0.735	-0.694	-0.729	-0.691	-0.747	-0.729	-0.689	-0.771	-0.698	-0.734	-0.733	-0.653	-0.692	-0.677	-0.652	-0.692	-0.692	-0.692	-0.692	-0.651	-0.692	-0.692	-0.691	-0.692	-0.669	-0.691	-0.669	-0.669	-0.669	-0.669	-0.669	-0.669	-0.691	-0.681	-0.681	-0.691	-0.692	-0.681	-0.669	-0.691	-0.683	-0.691	-0.683	-0.664	-0.691	-0.691	-0.691	-0.652	-0.669	-0.669	-0.706	-0.681	-0.691	-0.691	-0.685	-0.661	-0.691	-0.681	-0.681	-0.668	-0.692	-0.675	-0.681	-0.654	-0.674	-0.675	-0.692	-0.666	-0.656	-0.675	-0.667	-0.657	-0.675	-0.658	-0.695	-0.682	-0.682	-0.679	-0.748	-0.696	-0.695	-0.560	-0.666	-0.794	-0.917	-0.831	-0.970	-0.969	-0.971	-0.969	-0.856	-0.975	-0.865	-0.864	-0.864	-0.866	-0.838	
rs6973266      -0.795	-0.796	-0.796	-0.795	-0.708	-0.741	-0.681	-0.722	-0.886	-0.873	-0.880	-0.638	-0.638	-0.514	-0.719	-0.700	-0.712	-0.674	-0.705	-0.681	-0.681	-0.685	-0.700	-0.700	-0.700	-0.702	-0.745	-0.693	-0.731	-0.690	-0.756	-0.730	-0.689	-0.776	-0.698	-0.744	-0.743	-0.665	-0.692	-0.685	-0.664	-0.692	-0.691	-0.691	-0.691	-0.664	-0.691	-0.691	-0.691	-0.691	-0.680	-0.691	-0.681	-0.681	-0.680	-0.680	-0.680	-0.680	-0.691	-0.687	-0.687	-0.691	-0.691	-0.687	-0.681	-0.691	-0.688	-0.691	-0.688	-0.676	-0.691	-0.691	-0.690	-0.665	-0.680	-0.680	-0.706	-0.687	-0.690	-0.690	-0.684	-0.673	-0.691	-0.687	-0.687	-0.680	-0.691	-0.683	-0.680	-0.666	-0.683	-0.683	-0.692	-0.676	-0.668	-0.683	-0.676	-0.669	-0.683	-0.670	-0.695	-0.688	-0.688	-0.691	-0.748	-0.706	-0.706	-0.574	-0.680	-0.799	-0.923	-0.838	-0.976	-0.975	-0.977	-0.976	-0.863	-0.981	-0.871	-0.870	-0.871	-0.873	-0.845	
rs10254315     -0.776	-0.777	-0.777	-0.775	-0.689	-0.723	-0.663	-0.703	-0.869	-0.849	-0.856	-0.712	-0.712	-0.719	-0.493	-0.666	-0.734	-0.733	-0.671	-0.733	-0.733	-0.734	-0.712	-0.712	-0.711	-0.714	-0.715	-0.705	-0.759	-0.703	-0.727	-0.757	-0.701	-0.783	-0.709	-0.713	-0.713	-0.628	-0.703	-0.737	-0.627	-0.704	-0.703	-0.703	-0.703	-0.627	-0.703	-0.703	-0.702	-0.703	-0.645	-0.703	-0.645	-0.645	-0.645	-0.645	-0.645	-0.645	-0.703	-0.737	-0.737	-0.703	-0.703	-0.737	-0.645	-0.703	-0.737	-0.703	-0.737	-0.640	-0.703	-0.703	-0.702	-0.627	-0.645	-0.645	-0.717	-0.736	-0.702	-0.702	-0.729	-0.637	-0.702	-0.737	-0.737	-0.645	-0.703	-0.736	-0.693	-0.630	-0.735	-0.736	-0.704	-0.734	-0.632	-0.736	-0.734	-0.632	-0.736	-0.633	-0.706	-0.736	-0.736	-0.656	-0.765	-0.673	-0.673	-0.531	-0.733	-0.807	-0.911	-0.817	-0.958	-0.957	-0.959	-0.958	-0.843	-0.962	-0.851	-0.850	-0.851	-0.853	-0.824	
rs6978760      -0.684	-0.686	-0.685	-0.683	-0.599	-0.633	-0.574	-0.613	-0.781	-0.755	-0.759	-0.689	-0.689	-0.700	-0.666	-0.391	-0.610	-0.717	-0.509	-0.699	-0.700	-0.699	-0.644	-0.644	-0.644	-0.646	-0.589	-0.638	-0.701	-0.635	-0.592	-0.694	-0.633	-0.642	-0.641	-0.589	-0.589	-0.482	-0.636	-0.712	-0.481	-0.636	-0.636	-0.636	-0.636	-0.481	-0.636	-0.636	-0.635	-0.636	-0.494	-0.635	-0.494	-0.494	-0.494	-0.494	-0.494	-0.494	-0.635	-0.706	-0.706	-0.635	-0.635	-0.706	-0.494	-0.635	-0.704	-0.635	-0.704	-0.493	-0.635	-0.635	-0.635	-0.476	-0.494	-0.494	-0.649	-0.706	-0.634	-0.634	-0.677	-0.487	-0.635	-0.706	-0.706	-0.494	-0.635	-0.713	-0.625	-0.486	-0.713	-0.712	-0.636	-0.720	-0.488	-0.712	-0.719	-0.489	-0.712	-0.490	-0.639	-0.705	-0.705	-0.505	-0.688	-0.517	-0.517	-0.368	-0.733	-0.735	-0.827	-0.735	-0.866	-0.866	-0.867	-0.867	-0.755	-0.869	-0.760	-0.760	-0.760	-0.762	-0.741	
rs6959135      -0.724	-0.725	-0.724	-0.723	-0.639	-0.672	-0.613	-0.652	-0.817	-0.801	-0.806	-0.701	-0.701	-0.712	-0.734	-0.610	-0.435	-0.729	-0.614	-0.710	-0.710	-0.710	-0.670	-0.670	-0.670	-0.672	-0.660	-0.663	-0.714	-0.660	-0.666	-0.707	-0.659	-0.643	-0.667	-0.660	-0.660	-0.589	-0.661	-0.724	-0.588	-0.662	-0.661	-0.661	-0.661	-0.588	-0.661	-0.661	-0.660	-0.661	-0.599	-0.661	-0.599	-0.599	-0.599	-0.599	-0.599	-0.599	-0.661	-0.717	-0.717	-0.661	-0.661	-0.717	-0.599	-0.661	-0.715	-0.660	-0.715	-0.597	-0.660	-0.660	-0.660	-0.587	-0.599	-0.599	-0.676	-0.717	-0.660	-0.660	-0.686	-0.594	-0.660	-0.718	-0.718	-0.599	-0.661	-0.725	-0.650	-0.590	-0.725	-0.724	-0.661	-0.733	-0.591	-0.724	-0.731	-0.592	-0.724	-0.592	-0.665	-0.717	-0.717	-0.606	-0.703	-0.615	-0.615	-0.509	-0.748	-0.754	-0.860	-0.773	-0.903	-0.903	-0.904	-0.904	-0.794	-0.906	-0.800	-0.800	-0.800	-0.802	-0.778	
rs12668712     -0.805	-0.806	-0.805	-0.804	-0.718	-0.751	-0.692	-0.732	-0.894	-0.885	-0.892	-0.664	-0.664	-0.674	-0.733	-0.717	-0.729	-0.524	-0.721	-0.637	-0.638	-0.638	-0.689	-0.688	-0.688	-0.691	-0.760	-0.680	-0.705	-0.677	-0.770	-0.699	-0.674	-0.770	-0.685	-0.759	-0.759	-0.686	-0.678	-0.662	-0.685	-0.678	-0.678	-0.678	-0.678	-0.685	-0.678	-0.677	-0.677	-0.677	-0.699	-0.677	-0.699	-0.699	-0.699	-0.699	-0.699	-0.699	-0.677	-0.653	-0.653	-0.677	-0.677	-0.653	-0.699	-0.677	-0.647	-0.677	-0.647	-0.695	-0.677	-0.677	-0.676	-0.684	-0.699	-0.699	-0.695	-0.653	-0.676	-0.676	-0.618	-0.692	-0.677	-0.655	-0.655	-0.699	-0.678	-0.664	-0.665	-0.687	-0.664	-0.664	-0.678	-0.663	-0.689	-0.664	-0.663	-0.689	-0.664	-0.690	-0.682	-0.656	-0.656	-0.708	-0.722	-0.722	-0.722	-0.600	-0.698	-0.795	-0.935	-0.850	-0.986	-0.985	-0.987	-0.986	-0.874	-0.990	-0.881	-0.880	-0.881	-0.883	-0.855	
rs56879124     -0.687	-0.688	-0.687	-0.686	-0.601	-0.635	-0.575	-0.615	-0.782	-0.756	-0.760	-0.694	-0.694	-0.705	-0.671	-0.509	-0.614	-0.721	-0.394	-0.703	-0.703	-0.703	-0.646	-0.646	-0.646	-0.648	-0.591	-0.640	-0.706	-0.637	-0.594	-0.699	-0.635	-0.648	-0.643	-0.590	-0.590	-0.477	-0.638	-0.716	-0.475	-0.638	-0.638	-0.638	-0.638	-0.475	-0.638	-0.638	-0.637	-0.638	-0.490	-0.637	-0.490	-0.490	-0.490	-0.490	-0.490	-0.490	-0.637	-0.710	-0.710	-0.637	-0.638	-0.710	-0.490	-0.637	-0.708	-0.637	-0.708	-0.479	-0.637	-0.637	-0.637	-0.468	-0.490	-0.490	-0.651	-0.710	-0.636	-0.636	-0.682	-0.482	-0.637	-0.710	-0.710	-0.491	-0.637	-0.717	-0.627	-0.481	-0.717	-0.716	-0.638	-0.724	-0.483	-0.716	-0.723	-0.484	-0.716	-0.486	-0.641	-0.709	-0.709	-0.504	-0.693	-0.517	-0.517	-0.357	-0.736	-0.739	-0.829	-0.737	-0.868	-0.868	-0.869	-0.869	-0.757	-0.871	-0.762	-0.762	-0.762	-0.764	-0.742	
rs10272616     -0.796	-0.797	-0.797	-0.795	-0.709	-0.743	-0.683	-0.723	-0.886	-0.873	-0.880	-0.677	-0.677	-0.681	-0.733	-0.699	-0.710	-0.637	-0.703	-0.515	-0.640	-0.649	-0.696	-0.695	-0.695	-0.698	-0.745	-0.688	-0.713	-0.685	-0.756	-0.712	-0.683	-0.770	-0.692	-0.744	-0.743	-0.666	-0.686	-0.657	-0.664	-0.686	-0.686	-0.686	-0.686	-0.664	-0.686	-0.686	-0.685	-0.686	-0.679	-0.686	-0.680	-0.680	-0.679	-0.679	-0.679	-0.679	-0.686	-0.656	-0.656	-0.685	-0.686	-0.656	-0.679	-0.685	-0.655	-0.685	-0.655	-0.674	-0.685	-0.685	-0.685	-0.663	-0.679	-0.679	-0.701	-0.656	-0.685	-0.685	-0.649	-0.672	-0.685	-0.657	-0.657	-0.679	-0.686	-0.657	-0.674	-0.667	-0.657	-0.658	-0.687	-0.644	-0.668	-0.658	-0.643	-0.669	-0.658	-0.670	-0.690	-0.659	-0.659	-0.690	-0.735	-0.705	-0.705	-0.573	-0.669	-0.793	-0.924	-0.840	-0.978	-0.976	-0.979	-0.977	-0.865	-0.982	-0.873	-0.872	-0.872	-0.874	-0.846	
rs10272879     -0.797	-0.798	-0.797	-0.796	-0.709	-0.743	-0.683	-0.723	-0.886	-0.874	-0.880	-0.678	-0.678	-0.681	-0.733	-0.700	-0.710	-0.638	-0.703	-0.640	-0.515	-0.649	-0.696	-0.695	-0.695	-0.698	-0.745	-0.688	-0.713	-0.685	-0.756	-0.712	-0.683	-0.770	-0.692	-0.744	-0.744	-0.666	-0.686	-0.657	-0.665	-0.686	-0.686	-0.686	-0.686	-0.664	-0.686	-0.686	-0.685	-0.686	-0.680	-0.686	-0.680	-0.680	-0.680	-0.680	-0.680	-0.680	-0.685	-0.656	-0.656	-0.685	-0.686	-0.656	-0.680	-0.685	-0.655	-0.685	-0.655	-0.675	-0.685	-0.685	-0.685	-0.664	-0.680	-0.680	-0.701	-0.657	-0.685	-0.685	-0.648	-0.673	-0.685	-0.657	-0.657	-0.680	-0.686	-0.658	-0.674	-0.667	-0.657	-0.658	-0.686	-0.644	-0.669	-0.658	-0.644	-0.670	-0.658	-0.670	-0.690	-0.659	-0.659	-0.690	-0.735	-0.706	-0.705	-0.574	-0.668	-0.793	-0.924	-0.841	-0.978	-0.977	-0.979	-0.977	-0.865	-0.982	-0.873	-0.872	-0.873	-0.874	-0.846	
rs12703224     -0.796	-0.797	-0.797	-0.795	-0.709	-0.743	-0.682	-0.723	-0.885	-0.873	-0.880	-0.681	-0.681	-0.685	-0.734	-0.699	-0.710	-0.638	-0.703	-0.649	-0.649	-0.515	-0.695	-0.695	-0.695	-0.697	-0.745	-0.687	-0.714	-0.684	-0.755	-0.709	-0.682	-0.769	-0.692	-0.743	-0.743	-0.665	-0.685	-0.650	-0.664	-0.686	-0.685	-0.685	-0.685	-0.663	-0.685	-0.685	-0.684	-0.685	-0.679	-0.685	-0.679	-0.679	-0.679	-0.679	-0.679	-0.679	-0.685	-0.648	-0.648	-0.685	-0.685	-0.648	-0.679	-0.685	-0.647	-0.684	-0.647	-0.674	-0.684	-0.684	-0.684	-0.663	-0.679	-0.679	-0.701	-0.649	-0.684	-0.684	-0.653	-0.672	-0.684	-0.650	-0.650	-0.679	-0.685	-0.650	-0.674	-0.666	-0.650	-0.651	-0.686	-0.645	-0.668	-0.651	-0.648	-0.669	-0.651	-0.669	-0.689	-0.651	-0.652	-0.689	-0.733	-0.705	-0.705	-0.572	-0.664	-0.792	-0.924	-0.841	-0.978	-0.976	-0.979	-0.977	-0.865	-0.982	-0.873	-0.872	-0.872	-0.874	-0.846	
rs12703225     -0.664	-0.665	-0.664	-0.663	-0.575	-0.610	-0.550	-0.590	-0.768	-0.769	-0.773	-0.700	-0.700	-0.700	-0.712	-0.644	-0.670	-0.689	-0.646	-0.696	-0.696	-0.695	-0.369	-0.476	-0.476	-0.477	-0.673	-0.471	-0.720	-0.468	-0.681	-0.719	-0.467	-0.721	-0.477	-0.673	-0.673	-0.626	-0.471	-0.690	-0.625	-0.471	-0.471	-0.471	-0.471	-0.625	-0.471	-0.471	-0.471	-0.471	-0.635	-0.471	-0.635	-0.635	-0.634	-0.635	-0.634	-0.635	-0.470	-0.693	-0.693	-0.470	-0.471	-0.693	-0.635	-0.471	-0.694	-0.470	-0.694	-0.632	-0.470	-0.470	-0.471	-0.626	-0.634	-0.634	-0.487	-0.693	-0.471	-0.471	-0.699	-0.631	-0.472	-0.693	-0.693	-0.634	-0.473	-0.689	-0.462	-0.626	-0.688	-0.689	-0.473	-0.686	-0.627	-0.689	-0.687	-0.627	-0.689	-0.628	-0.477	-0.692	-0.692	-0.639	-0.720	-0.646	-0.646	-0.566	-0.665	-0.735	-0.800	-0.717	-0.849	-0.848	-0.850	-0.849	-0.738	-0.852	-0.744	-0.743	-0.743	-0.745	-0.723	
rs12703226     -0.664	-0.665	-0.664	-0.663	-0.575	-0.610	-0.550	-0.590	-0.768	-0.768	-0.773	-0.700	-0.700	-0.700	-0.712	-0.644	-0.670	-0.688	-0.646	-0.695	-0.695	-0.695	-0.476	-0.369	-0.475	-0.478	-0.673	-0.471	-0.720	-0.469	-0.681	-0.719	-0.466	-0.721	-0.477	-0.673	-0.673	-0.626	-0.470	-0.690	-0.625	-0.470	-0.470	-0.470	-0.470	-0.625	-0.470	-0.470	-0.471	-0.470	-0.635	-0.470	-0.635	-0.635	-0.634	-0.634	-0.634	-0.634	-0.470	-0.693	-0.693	-0.470	-0.470	-0.693	-0.635	-0.470	-0.694	-0.470	-0.694	-0.632	-0.470	-0.470	-0.471	-0.626	-0.634	-0.634	-0.486	-0.693	-0.471	-0.471	-0.698	-0.631	-0.471	-0.692	-0.692	-0.634	-0.472	-0.688	-0.461	-0.626	-0.688	-0.688	-0.473	-0.686	-0.627	-0.688	-0.687	-0.627	-0.688	-0.628	-0.476	-0.692	-0.692	-0.639	-0.720	-0.646	-0.646	-0.566	-0.665	-0.735	-0.800	-0.717	-0.849	-0.848	-0.850	-0.849	-0.738	-0.852	-0.744	-0.743	-0.743	-0.745	-0.723	
rs12703227     -0.663	-0.665	-0.664	-0.662	-0.575	-0.610	-0.550	-0.590	-0.768	-0.768	-0.773	-0.700	-0.700	-0.700	-0.711	-0.644	-0.670	-0.688	-0.646	-0.695	-0.695	-0.695	-0.476	-0.475	-0.369	-0.478	-0.673	-0.471	-0.720	-0.469	-0.681	-0.719	-0.466	-0.721	-0.477	-0.673	-0.673	-0.626	-0.470	-0.690	-0.625	-0.470	-0.470	-0.470	-0.470	-0.625	-0.470	-0.470	-0.471	-0.470	-0.634	-0.470	-0.634	-0.634	-0.634	-0.634	-0.634	-0.634	-0.470	-0.693	-0.693	-0.470	-0.470	-0.693	-0.634	-0.470	-0.694	-0.470	-0.694	-0.632	-0.470	-0.470	-0.471	-0.626	-0.634	-0.634	-0.486	-0.692	-0.471	-0.471	-0.698	-0.630	-0.471	-0.692	-0.692	-0.634	-0.472	-0.688	-0.461	-0.626	-0.688	-0.688	-0.473	-0.686	-0.627	-0.688	-0.687	-0.627	-0.688	-0.628	-0.476	-0.692	-0.692	-0.639	-0.720	-0.646	-0.646	-0.566	-0.665	-0.735	-0.800	-0.717	-0.848	-0.848	-0.849	-0.849	-0.737	-0.852	-0.743	-0.743	-0.743	-0.745	-0.723	
rs12673564     -0.665	-0.667	-0.666	-0.664	-0.577	-0.612	-0.552	-0.592	-0.770	-0.770	-0.775	-0.702	-0.702	-0.702	-0.714	-0.646	-0.672	-0.691	-0.648	-0.698	-0.698	-0.697	-0.477	-0.478	-0.478	-0.371	-0.675	-0.472	-0.722	-0.469	-0.682	-0.721	-0.467	-0.723	-0.479	-0.675	-0.675	-0.628	-0.471	-0.693	-0.627	-0.472	-0.471	-0.471	-0.471	-0.627	-0.471	-0.471	-0.472	-0.471	-0.636	-0.471	-0.636	-0.636	-0.636	-0.636	-0.636	-0.636	-0.471	-0.695	-0.695	-0.471	-0.472	-0.695	-0.636	-0.471	-0.696	-0.471	-0.696	-0.634	-0.471	-0.471	-0.472	-0.628	-0.636	-0.636	-0.488	-0.695	-0.472	-0.472	-0.700	-0.632	-0.473	-0.695	-0.695	-0.636	-0.473	-0.691	-0.461	-0.628	-0.691	-0.691	-0.474	-0.689	-0.629	-0.691	-0.690	-0.629	-0.691	-0.629	-0.478	-0.695	-0.695	-0.641	-0.722	-0.648	-0.648	-0.568	-0.668	-0.737	-0.802	-0.718	-0.850	-0.850	-0.851	-0.851	-0.739	-0.854	-0.745	-0.745	-0.745	-0.747	-0.725	
rs12669408     -0.713	-0.715	-0.714	-0.712	-0.628	-0.662	-0.602	-0.642	-0.808	-0.770	-0.775	-0.735	-0.735	-0.745	-0.715	-0.589	-0.660	-0.760	-0.591	-0.745	-0.745	-0.745	-0.673	-0.673	-0.673	-0.675	-0.424	-0.667	-0.714	-0.664	-0.548	-0.706	-0.663	-0.647	-0.670	-0.540	-0.540	-0.566	-0.665	-0.755	-0.565	-0.665	-0.665	-0.665	-0.665	-0.565	-0.665	-0.665	-0.664	-0.665	-0.577	-0.664	-0.577	-0.577	-0.577	-0.577	-0.577	-0.577	-0.664	-0.751	-0.751	-0.664	-0.665	-0.751	-0.577	-0.664	-0.749	-0.664	-0.749	-0.575	-0.664	-0.664	-0.664	-0.566	-0.577	-0.577	-0.678	-0.751	-0.663	-0.663	-0.725	-0.572	-0.664	-0.751	-0.751	-0.577	-0.664	-0.756	-0.654	-0.567	-0.756	-0.755	-0.665	-0.762	-0.568	-0.755	-0.761	-0.569	-0.755	-0.569	-0.668	-0.750	-0.750	-0.584	-0.735	-0.593	-0.593	-0.489	-0.771	-0.775	-0.856	-0.762	-0.894	-0.894	-0.896	-0.895	-0.783	-0.897	-0.788	-0.788	-0.788	-0.790	-0.769	
rs10807997     -0.657	-0.658	-0.658	-0.656	-0.568	-0.603	-0.543	-0.584	-0.762	-0.762	-0.767	-0.694	-0.694	-0.693	-0.705	-0.638	-0.663	-0.680	-0.640	-0.688	-0.688	-0.687	-0.471	-0.471	-0.471	-0.472	-0.667	-0.362	-0.713	-0.466	-0.674	-0.712	-0.465	-0.715	-0.473	-0.667	-0.667	-0.620	-0.468	-0.682	-0.619	-0.468	-0.468	-0.468	-0.468	-0.618	-0.468	-0.468	-0.468	-0.468	-0.628	-0.468	-0.628	-0.628	-0.628	-0.628	-0.628	-0.628	-0.468	-0.685	-0.685	-0.468	-0.468	-0.685	-0.628	-0.468	-0.686	-0.468	-0.686	-0.626	-0.468	-0.468	-0.469	-0.620	-0.628	-0.628	-0.479	-0.685	-0.469	-0.469	-0.692	-0.624	-0.469	-0.685	-0.685	-0.628	-0.470	-0.680	-0.461	-0.620	-0.680	-0.680	-0.470	-0.677	-0.620	-0.680	-0.679	-0.621	-0.680	-0.621	-0.472	-0.684	-0.684	-0.633	-0.715	-0.640	-0.640	-0.560	-0.655	-0.729	-0.793	-0.710	-0.842	-0.841	-0.843	-0.842	-0.731	-0.845	-0.737	-0.737	-0.737	-0.739	-0.717	
rs2191759      -0.802	-0.803	-0.803	-0.801	-0.715	-0.748	-0.688	-0.729	-0.889	-0.865	-0.873	-0.729	-0.729	-0.731	-0.759	-0.701	-0.714	-0.705	-0.706	-0.713	-0.713	-0.714	-0.720	-0.720	-0.720	-0.722	-0.714	-0.713	-0.521	-0.710	-0.726	-0.655	-0.709	-0.755	-0.717	-0.712	-0.711	-0.667	-0.711	-0.713	-0.665	-0.712	-0.711	-0.711	-0.711	-0.665	-0.711	-0.711	-0.710	-0.711	-0.680	-0.711	-0.680	-0.680	-0.680	-0.680	-0.680	-0.680	-0.711	-0.713	-0.713	-0.711	-0.711	-0.713	-0.680	-0.711	-0.713	-0.711	-0.713	-0.676	-0.710	-0.710	-0.710	-0.663	-0.680	-0.680	-0.725	-0.713	-0.710	-0.710	-0.715	-0.672	-0.710	-0.713	-0.713	-0.680	-0.711	-0.713	-0.701	-0.667	-0.712	-0.713	-0.712	-0.706	-0.669	-0.713	-0.707	-0.670	-0.713	-0.671	-0.715	-0.714	-0.714	-0.691	-0.770	-0.707	-0.707	-0.572	-0.702	-0.814	-0.930	-0.844	-0.983	-0.982	-0.984	-0.982	-0.869	-0.988	-0.877	-0.876	-0.877	-0.879	-0.851	
rs67162952     -0.654	-0.655	-0.655	-0.653	-0.566	-0.600	-0.540	-0.581	-0.760	-0.760	-0.764	-0.691	-0.691	-0.690	-0.703	-0.635	-0.660	-0.677	-0.637	-0.685	-0.685	-0.684	-0.468	-0.469	-0.469	-0.469	-0.664	-0.466	-0.710	-0.359	-0.671	-0.710	-0.464	-0.713	-0.470	-0.664	-0.664	-0.617	-0.466	-0.679	-0.616	-0.466	-0.466	-0.466	-0.466	-0.616	-0.466	-0.466	-0.467	-0.466	-0.625	-0.466	-0.625	-0.625	-0.625	-0.625	-0.625	-0.625	-0.466	-0.682	-0.682	-0.466	-0.466	-0.682	-0.625	-0.466	-0.683	-0.466	-0.683	-0.623	-0.466	-0.466	-0.467	-0.617	-0.625	-0.625	-0.476	-0.681	-0.467	-0.467	-0.689	-0.621	-0.467	-0.681	-0.681	-0.625	-0.467	-0.677	-0.460	-0.617	-0.676	-0.677	-0.468	-0.674	-0.618	-0.677	-0.675	-0.618	-0.677	-0.619	-0.470	-0.681	-0.681	-0.630	-0.712	-0.637	-0.637	-0.557	-0.651	-0.726	-0.790	-0.707	-0.839	-0.839	-0.840	-0.840	-0.728	-0.843	-0.734	-0.734	-0.734	-0.736	-0.714	
rs2191758      -0.721	-0.722	-0.722	-0.720	-0.636	-0.669	-0.610	-0.650	-0.815	-0.775	-0.780	-0.747	-0.747	-0.756	-0.727	-0.592	-0.666	-0.770	-0.594	-0.756	-0.756	-0.755	-0.681	-0.681	-0.681	-0.682	-0.548	-0.674	-0.726	-0.671	-0.433	-0.719	-0.670	-0.663	-0.678	-0.544	-0.543	-0.567	-0.672	-0.766	-0.565	-0.673	-0.672	-0.672	-0.672	-0.565	-0.672	-0.672	-0.671	-0.672	-0.576	-0.672	-0.576	-0.576	-0.576	-0.576	-0.576	-0.576	-0.672	-0.761	-0.761	-0.672	-0.672	-0.761	-0.576	-0.672	-0.759	-0.671	-0.759	-0.574	-0.671	-0.671	-0.671	-0.563	-0.576	-0.576	-0.686	-0.761	-0.671	-0.671	-0.737	-0.570	-0.671	-0.761	-0.761	-0.576	-0.672	-0.766	-0.662	-0.568	-0.766	-0.766	-0.672	-0.772	-0.569	-0.766	-0.771	-0.570	-0.766	-0.571	-0.675	-0.760	-0.760	-0.584	-0.746	-0.596	-0.595	-0.479	-0.780	-0.786	-0.863	-0.770	-0.902	-0.902	-0.903	-0.903	-0.790	-0.905	-0.796	-0.796	-0.796	-0.798	-0.776	
rs2191757      -0.798	-0.799	-0.799	-0.797	-0.710	-0.744	-0.684	-0.724	-0.885	-0.859	-0.867	-0.729	-0.729	-0.730	-0.757	-0.694	-0.707	-0.699	-0.699	-0.712	-0.712	-0.709	-0.719	-0.719	-0.719	-0.721	-0.706	-0.712	-0.655	-0.710	-0.719	-0.517	-0.708	-0.751	-0.716	-0.704	-0.703	-0.658	-0.711	-0.706	-0.657	-0.711	-0.710	-0.710	-0.710	-0.656	-0.710	-0.710	-0.710	-0.710	-0.672	-0.710	-0.672	-0.672	-0.672	-0.672	-0.672	-0.672	-0.710	-0.705	-0.705	-0.710	-0.710	-0.705	-0.672	-0.710	-0.707	-0.710	-0.707	-0.668	-0.710	-0.710	-0.709	-0.655	-0.672	-0.672	-0.724	-0.705	-0.709	-0.709	-0.716	-0.664	-0.710	-0.705	-0.705	-0.672	-0.710	-0.704	-0.700	-0.659	-0.703	-0.704	-0.711	-0.701	-0.661	-0.704	-0.703	-0.662	-0.704	-0.663	-0.714	-0.706	-0.706	-0.683	-0.768	-0.700	-0.700	-0.562	-0.690	-0.810	-0.926	-0.840	-0.979	-0.978	-0.980	-0.979	-0.865	-0.984	-0.874	-0.873	-0.873	-0.875	-0.847	
rs13246381     -0.652	-0.654	-0.653	-0.651	-0.564	-0.599	-0.539	-0.579	-0.758	-0.758	-0.763	-0.689	-0.689	-0.689	-0.701	-0.633	-0.659	-0.674	-0.635	-0.683	-0.683	-0.682	-0.467	-0.466	-0.466	-0.467	-0.663	-0.465	-0.709	-0.464	-0.670	-0.708	-0.357	-0.711	-0.468	-0.663	-0.662	-0.615	-0.464	-0.676	-0.614	-0.464	-0.464	-0.464	-0.464	-0.614	-0.464	-0.464	-0.465	-0.464	-0.624	-0.464	-0.624	-0.624	-0.624	-0.624	-0.624	-0.624	-0.464	-0.680	-0.680	-0.464	-0.464	-0.680	-0.624	-0.464	-0.681	-0.464	-0.681	-0.622	-0.464	-0.464	-0.465	-0.615	-0.624	-0.624	-0.473	-0.679	-0.465	-0.465	-0.688	-0.620	-0.465	-0.679	-0.679	-0.623	-0.466	-0.675	-0.459	-0.615	-0.674	-0.675	-0.466	-0.671	-0.616	-0.675	-0.673	-0.617	-0.675	-0.617	-0.468	-0.679	-0.679	-0.628	-0.711	-0.636	-0.635	-0.556	-0.648	-0.724	-0.788	-0.706	-0.838	-0.837	-0.839	-0.838	-0.727	-0.841	-0.733	-0.732	-0.732	-0.734	-0.713	
rs79727648     -0.766	-0.767	-0.767	-0.765	-0.677	-0.711	-0.651	-0.691	-0.843	-0.815	-0.823	-0.771	-0.771	-0.776	-0.783	-0.642	-0.643	-0.770	-0.648	-0.770	-0.770	-0.769	-0.721	-0.721	-0.721	-0.723	-0.647	-0.715	-0.755	-0.713	-0.663	-0.751	-0.711	-0.482	-0.718	-0.644	-0.643	-0.600	-0.713	-0.770	-0.598	-0.714	-0.713	-0.713	-0.713	-0.598	-0.713	-0.713	-0.712	-0.713	-0.617	-0.713	-0.617	-0.617	-0.617	-0.617	-0.617	-0.617	-0.713	-0.770	-0.770	-0.713	-0.713	-0.770	-0.617	-0.713	-0.770	-0.713	-0.770	-0.612	-0.713	-0.713	-0.712	-0.598	-0.617	-0.617	-0.726	-0.770	-0.712	-0.712	-0.765	-0.608	-0.712	-0.770	-0.770	-0.617	-0.713	-0.769	-0.703	-0.601	-0.769	-0.769	-0.713	-0.770	-0.603	-0.769	-0.771	-0.604	-0.769	-0.605	-0.716	-0.769	-0.769	-0.630	-0.789	-0.649	-0.649	-0.495	-0.746	-0.812	-0.883	-0.807	-0.947	-0.945	-0.948	-0.946	-0.833	-0.951	-0.841	-0.840	-0.841	-0.843	-0.813	
rs6946976      -0.660	-0.661	-0.661	-0.659	-0.572	-0.607	-0.547	-0.587	-0.765	-0.766	-0.770	-0.698	-0.698	-0.698	-0.709	-0.641	-0.667	-0.685	-0.643	-0.692	-0.692	-0.692	-0.477	-0.477	-0.477	-0.479	-0.670	-0.473	-0.717	-0.470	-0.678	-0.716	-0.468	-0.718	-0.366	-0.670	-0.670	-0.623	-0.470	-0.686	-0.622	-0.471	-0.470	-0.470	-0.470	-0.622	-0.470	-0.470	-0.471	-0.470	-0.632	-0.470	-0.632	-0.632	-0.632	-0.632	-0.631	-0.632	-0.470	-0.689	-0.689	-0.470	-0.470	-0.690	-0.632	-0.470	-0.690	-0.470	-0.690	-0.629	-0.470	-0.470	-0.471	-0.623	-0.631	-0.631	-0.483	-0.689	-0.471	-0.471	-0.696	-0.628	-0.471	-0.689	-0.689	-0.631	-0.472	-0.685	-0.462	-0.623	-0.684	-0.685	-0.472	-0.682	-0.624	-0.685	-0.683	-0.624	-0.685	-0.625	-0.475	-0.689	-0.689	-0.636	-0.718	-0.643	-0.643	-0.563	-0.660	-0.732	-0.796	-0.714	-0.846	-0.845	-0.847	-0.846	-0.734	-0.849	-0.740	-0.740	-0.740	-0.742	-0.720	
rs59251770     -0.713	-0.715	-0.714	-0.712	-0.628	-0.662	-0.602	-0.642	-0.809	-0.771	-0.775	-0.734	-0.734	-0.744	-0.713	-0.589	-0.660	-0.759	-0.590	-0.744	-0.744	-0.743	-0.673	-0.673	-0.673	-0.675	-0.540	-0.667	-0.712	-0.664	-0.544	-0.704	-0.663	-0.644	-0.670	-0.424	-0.537	-0.566	-0.665	-0.754	-0.565	-0.665	-0.665	-0.665	-0.665	-0.565	-0.665	-0.665	-0.664	-0.665	-0.577	-0.665	-0.577	-0.577	-0.577	-0.577	-0.577	-0.577	-0.664	-0.749	-0.749	-0.664	-0.665	-0.749	-0.577	-0.664	-0.748	-0.664	-0.748	-0.575	-0.664	-0.664	-0.664	-0.566	-0.577	-0.577	-0.678	-0.749	-0.663	-0.663	-0.724	-0.572	-0.664	-0.749	-0.749	-0.577	-0.665	-0.754	-0.654	-0.567	-0.754	-0.754	-0.665	-0.761	-0.568	-0.754	-0.760	-0.569	-0.754	-0.569	-0.668	-0.748	-0.748	-0.583	-0.733	-0.592	-0.592	-0.490	-0.771	-0.774	-0.856	-0.763	-0.894	-0.894	-0.895	-0.895	-0.783	-0.897	-0.788	-0.788	-0.788	-0.790	-0.769	
rs60616763     -0.713	-0.714	-0.714	-0.712	-0.628	-0.661	-0.602	-0.641	-0.809	-0.771	-0.775	-0.733	-0.733	-0.743	-0.713	-0.589	-0.660	-0.759	-0.590	-0.743	-0.744	-0.743	-0.673	-0.673	-0.673	-0.675	-0.540	-0.667	-0.711	-0.664	-0.543	-0.703	-0.662	-0.643	-0.670	-0.537	-0.424	-0.566	-0.665	-0.754	-0.565	-0.665	-0.665	-0.665	-0.665	-0.565	-0.665	-0.664	-0.664	-0.664	-0.577	-0.664	-0.577	-0.577	-0.577	-0.577	-0.577	-0.577	-0.664	-0.749	-0.749	-0.664	-0.664	-0.749	-0.577	-0.664	-0.747	-0.664	-0.747	-0.575	-0.664	-0.664	-0.663	-0.566	-0.577	-0.577	-0.678	-0.749	-0.663	-0.663	-0.723	-0.572	-0.664	-0.749	-0.749	-0.577	-0.664	-0.754	-0.654	-0.567	-0.754	-0.753	-0.665	-0.760	-0.568	-0.753	-0.759	-0.569	-0.753	-0.569	-0.668	-0.748	-0.748	-0.583	-0.733	-0.592	-0.592	-0.491	-0.770	-0.774	-0.855	-0.762	-0.894	-0.894	-0.895	-0.895	-0.783	-0.897	-0.788	-0.788	-0.788	-0.789	-0.769	
rs7785417      -0.665	-0.666	-0.665	-0.664	-0.579	-0.613	-0.554	-0.594	-0.765	-0.740	-0.743	-0.653	-0.653	-0.665	-0.628	-0.482	-0.589	-0.686	-0.477	-0.666	-0.666	-0.665	-0.626	-0.626	-0.626	-0.628	-0.566	-0.620	-0.667	-0.617	-0.567	-0.658	-0.615	-0.600	-0.623	-0.566	-0.566	-0.369	-0.618	-0.679	-0.474	-0.618	-0.618	-0.617	-0.618	-0.473	-0.617	-0.617	-0.617	-0.617	-0.483	-0.617	-0.483	-0.483	-0.483	-0.483	-0.483	-0.483	-0.617	-0.673	-0.673	-0.617	-0.617	-0.673	-0.483	-0.617	-0.670	-0.617	-0.671	-0.487	-0.617	-0.617	-0.616	-0.481	-0.483	-0.483	-0.631	-0.673	-0.616	-0.616	-0.640	-0.483	-0.616	-0.673	-0.673	-0.484	-0.617	-0.680	-0.607	-0.475	-0.680	-0.679	-0.618	-0.688	-0.476	-0.679	-0.687	-0.476	-0.679	-0.476	-0.620	-0.672	-0.672	-0.484	-0.652	-0.481	-0.481	-0.417	-0.707	-0.704	-0.810	-0.717	-0.846	-0.846	-0.847	-0.848	-0.736	-0.849	-0.741	-0.741	-0.740	-0.742	-0.724	
rs73728537     -0.655	-0.656	-0.656	-0.654	-0.567	-0.601	-0.541	-0.582	-0.760	-0.760	-0.765	-0.692	-0.692	-0.692	-0.703	-0.636	-0.661	-0.678	-0.638	-0.686	-0.686	-0.685	-0.471	-0.470	-0.470	-0.471	-0.665	-0.468	-0.711	-0.466	-0.672	-0.711	-0.464	-0.713	-0.470	-0.665	-0.665	-0.618	-0.360	-0.679	-0.617	-0.465	-0.465	-0.465	-0.465	-0.617	-0.465	-0.465	-0.466	-0.465	-0.626	-0.465	-0.626	-0.626	-0.626	-0.626	-0.626	-0.626	-0.465	-0.683	-0.683	-0.465	-0.465	-0.683	-0.626	-0.465	-0.684	-0.465	-0.684	-0.624	-0.465	-0.465	-0.466	-0.618	-0.626	-0.626	-0.475	-0.682	-0.466	-0.466	-0.690	-0.622	-0.466	-0.682	-0.682	-0.626	-0.467	-0.678	-0.459	-0.618	-0.677	-0.678	-0.467	-0.675	-0.619	-0.678	-0.676	-0.619	-0.678	-0.619	-0.469	-0.682	-0.682	-0.631	-0.713	-0.638	-0.638	-0.558	-0.652	-0.727	-0.791	-0.708	-0.840	-0.840	-0.841	-0.840	-0.729	-0.843	-0.735	-0.735	-0.735	-0.737	-0.715	
rs7785760      -0.802	-0.803	-0.803	-0.801	-0.715	-0.748	-0.689	-0.729	-0.891	-0.882	-0.888	-0.678	-0.677	-0.685	-0.737	-0.712	-0.724	-0.662	-0.716	-0.657	-0.657	-0.650	-0.690	-0.690	-0.690	-0.693	-0.755	-0.682	-0.713	-0.679	-0.766	-0.706	-0.676	-0.770	-0.686	-0.754	-0.754	-0.679	-0.679	-0.521	-0.678	-0.680	-0.679	-0.679	-0.679	-0.677	-0.679	-0.679	-0.679	-0.679	-0.693	-0.679	-0.694	-0.693	-0.693	-0.693	-0.693	-0.693	-0.679	-0.653	-0.653	-0.679	-0.679	-0.653	-0.693	-0.679	-0.649	-0.679	-0.649	-0.689	-0.679	-0.679	-0.678	-0.678	-0.693	-0.693	-0.697	-0.653	-0.678	-0.678	-0.639	-0.686	-0.679	-0.655	-0.655	-0.693	-0.679	-0.652	-0.667	-0.680	-0.652	-0.652	-0.680	-0.654	-0.681	-0.652	-0.655	-0.682	-0.653	-0.683	-0.684	-0.656	-0.656	-0.703	-0.727	-0.717	-0.717	-0.591	-0.680	-0.793	-0.931	-0.847	-0.983	-0.982	-0.984	-0.983	-0.871	-0.987	-0.878	-0.878	-0.878	-0.880	-0.852	
rs7789605      -0.664	-0.665	-0.664	-0.663	-0.579	-0.613	-0.553	-0.593	-0.764	-0.739	-0.742	-0.652	-0.652	-0.664	-0.627	-0.481	-0.588	-0.685	-0.475	-0.664	-0.665	-0.664	-0.625	-0.625	-0.625	-0.627	-0.565	-0.619	-0.665	-0.616	-0.565	-0.657	-0.614	-0.598	-0.622	-0.565	-0.565	-0.474	-0.617	-0.678	-0.368	-0.617	-0.617	-0.617	-0.617	-0.473	-0.617	-0.616	-0.616	-0.616	-0.482	-0.616	-0.482	-0.482	-0.482	-0.482	-0.482	-0.482	-0.616	-0.671	-0.671	-0.616	-0.616	-0.671	-0.482	-0.616	-0.669	-0.616	-0.669	-0.486	-0.616	-0.616	-0.615	-0.480	-0.482	-0.482	-0.630	-0.671	-0.615	-0.615	-0.638	-0.482	-0.616	-0.672	-0.671	-0.482	-0.616	-0.678	-0.606	-0.474	-0.678	-0.677	-0.617	-0.687	-0.475	-0.677	-0.685	-0.475	-0.677	-0.475	-0.620	-0.670	-0.670	-0.482	-0.650	-0.478	-0.478	-0.418	-0.706	-0.702	-0.809	-0.716	-0.845	-0.846	-0.846	-0.847	-0.735	-0.848	-0.740	-0.740	-0.739	-0.741	-0.723	
rs71543512     -0.655	-0.656	-0.656	-0.654	-0.567	-0.601	-0.541	-0.582	-0.761	-0.761	-0.765	-0.692	-0.692	-0.692	-0.704	-0.636	-0.662	-0.678	-0.638	-0.686	-0.686	-0.686	-0.471	-0.470	-0.470	-0.472	-0.665	-0.468	-0.712	-0.466	-0.673	-0.711	-0.464	-0.714	-0.471	-0.665	-0.665	-0.618	-0.465	-0.680	-0.617	-0.360	-0.465	-0.465	-0.465	-0.617	-0.465	-0.465	-0.466	-0.465	-0.627	-0.465	-0.627	-0.627	-0.626	-0.626	-0.626	-0.626	-0.465	-0.683	-0.683	-0.465	-0.465	-0.683	-0.627	-0.465	-0.684	-0.465	-0.684	-0.624	-0.465	-0.465	-0.466	-0.618	-0.626	-0.626	-0.475	-0.683	-0.466	-0.466	-0.690	-0.623	-0.466	-0.682	-0.682	-0.626	-0.467	-0.678	-0.459	-0.618	-0.678	-0.678	-0.467	-0.675	-0.619	-0.678	-0.676	-0.619	-0.678	-0.620	-0.469	-0.682	-0.682	-0.631	-0.713	-0.638	-0.638	-0.559	-0.652	-0.727	-0.791	-0.709	-0.840	-0.840	-0.841	-0.841	-0.729	-0.844	-0.735	-0.735	-0.735	-0.737	-0.715	
rs12539693     -0.655	-0.656	-0.656	-0.654	-0.566	-0.601	-0.541	-0.582	-0.760	-0.760	-0.765	-0.692	-0.692	-0.691	-0.703	-0.636	-0.661	-0.678	-0.638	-0.686	-0.686	-0.685	-0.471	-0.470	-0.470	-0.471	-0.665	-0.468	-0.711	-0.466	-0.672	-0.710	-0.464	-0.713	-0.470	-0.665	-0.665	-0.618	-0.465	-0.679	-0.617	-0.465	-0.359	-0.465	-0.465	-0.617	-0.465	-0.465	-0.466	-0.465	-0.626	-0.465	-0.626	-0.626	-0.626	-0.626	-0.626	-0.626	-0.465	-0.682	-0.682	-0.465	-0.465	-0.682	-0.626	-0.465	-0.684	-0.465	-0.684	-0.624	-0.464	-0.464	-0.466	-0.618	-0.626	-0.626	-0.475	-0.682	-0.466	-0.466	-0.690	-0.622	-0.466	-0.682	-0.682	-0.626	-0.466	-0.677	-0.459	-0.618	-0.677	-0.678	-0.467	-0.674	-0.618	-0.678	-0.676	-0.619	-0.678	-0.619	-0.469	-0.682	-0.682	-0.631	-0.713	-0.638	-0.638	-0.558	-0.652	-0.726	-0.791	-0.708	-0.840	-0.839	-0.841	-0.840	-0.729	-0.843	-0.735	-0.735	-0.735	-0.737	-0.715	
rs12536958     -0.655	-0.656	-0.656	-0.654	-0.566	-0.601	-0.541	-0.582	-0.760	-0.760	-0.765	-0.692	-0.692	-0.691	-0.703	-0.636	-0.661	-0.678	-0.638	-0.686	-0.686	-0.685	-0.471	-0.470	-0.470	-0.471	-0.665	-0.468	-0.711	-0.466	-0.672	-0.710	-0.464	-0.713	-0.470	-0.665	-0.665	-0.617	-0.465	-0.679	-0.617	-0.465	-0.465	-0.359	-0.465	-0.616	-0.465	-0.465	-0.466	-0.465	-0.626	-0.465	-0.626	-0.626	-0.626	-0.626	-0.626	-0.626	-0.465	-0.682	-0.682	-0.464	-0.465	-0.682	-0.626	-0.465	-0.683	-0.464	-0.683	-0.624	-0.464	-0.464	-0.466	-0.618	-0.626	-0.626	-0.475	-0.682	-0.466	-0.466	-0.690	-0.622	-0.466	-0.682	-0.682	-0.626	-0.466	-0.677	-0.459	-0.618	-0.677	-0.678	-0.467	-0.674	-0.618	-0.678	-0.676	-0.619	-0.678	-0.619	-0.469	-0.682	-0.682	-0.631	-0.713	-0.638	-0.638	-0.558	-0.652	-0.726	-0.791	-0.708	-0.840	-0.839	-0.841	-0.840	-0.729	-0.843	-0.735	-0.735	-0.735	-0.736	-0.715	
rs12531786     -0.655	-0.656	-0.656	-0.654	-0.566	-0.601	-0.541	-0.582	-0.760	-0.760	-0.765	-0.692	-0.692	-0.691	-0.703	-0.636	-0.661	-0.678	-0.638	-0.686	-0.686	-0.685	-0.471	-0.470	-0.470	-0.471	-0.665	-0.468	-0.711	-0.466	-0.672	-0.710	-0.464	-0.713	-0.470	-0.665	-0.665	-0.618	-0.465	-0.679	-0.617	-0.465	-0.465	-0.465	-0.359	-0.617	-0.465	-0.465	-0.466	-0.465	-0.626	-0.465	-0.626	-0.626	-0.626	-0.626	-0.626	-0.626	-0.465	-0.682	-0.682	-0.464	-0.465	-0.682	-0.626	-0.465	-0.683	-0.464	-0.683	-0.624	-0.464	-0.464	-0.466	-0.618	-0.626	-0.626	-0.475	-0.682	-0.466	-0.466	-0.690	-0.622	-0.466	-0.682	-0.682	-0.626	-0.466	-0.677	-0.459	-0.618	-0.677	-0.678	-0.467	-0.674	-0.618	-0.678	-0.676	-0.619	-0.678	-0.619	-0.469	-0.682	-0.682	-0.631	-0.713	-0.638	-0.638	-0.558	-0.652	-0.726	-0.791	-0.708	-0.840	-0.839	-0.841	-0.840	-0.729	-0.843	-0.735	-0.735	-0.735	-0.737	-0.715	
