## Summary of overall evidence for association with region:
## log10(BF for region) = 17.6533
## p-value for region = NA

## BFs for choosing among multi-SNP models:
## log10(average 1-SNP BF) = 12.5546
## log10(average 2-SNP BF) = 18.1304

## Example posterior probabilities for multi-SNP models, based on default prior: [p(l) propto 0.5^l for l=1,2,...,L]
## posterior probability of 1-SNP = 5.31192e-06
## posterior probability of 2-SNP = 0.999995

## log10(BF) for single SNP and pair of SNPs:
rs10499674     -0.455	-0.589	-0.576	-0.573	-0.574	-0.591	-0.599	-0.571	-0.689	+0.025	-0.564	-0.678	-0.716	-0.169	-0.566	-0.546	-0.534	-0.609	-0.175	-0.195	-0.386	-0.695	+5.989	+8.277	+8.265	+8.284	+8.290	+1.550	+1.523	+8.365	+5.583	+8.412	+8.320	+8.317	+8.425	+8.465	+8.473	+8.568	+8.584	+6.545	+8.636	+8.603	+3.589	+7.941	+7.921	+7.940	+8.125	+6.273	+8.533	+8.508	+8.565	+1.301	+8.584	+8.598	+2.917	+2.631	+2.602	+0.615	+0.557	+6.952	+6.961	+6.960	+6.958	+7.064	+7.060	+7.224	+8.681	-0.453	+6.332	+4.490	+0.931	-0.826	+4.962	+11.107	+11.336	-0.826	-0.831	+3.546	-0.254	+14.126	+3.437	+10.527	-0.838	+11.073	-0.895	-0.911	-0.878	+0.085	-0.912	+0.035	+4.560	-0.911	+4.566	-0.909	-0.904	+7.201	+0.439	+4.807	+1.330	-0.144	+4.382	+1.490	+1.391	-0.105	-0.092	-0.084	+0.945	-0.081	-0.083	-0.906	-0.912	-0.928	-0.071	+4.820	-0.930	-0.931	+2.819	+0.411	-0.931	-0.933	-0.927	-0.929	-0.929	-0.931	-0.928	-0.877	-0.675	-0.864	-0.821	-0.895	-0.765	-0.108	-0.063	-0.740	+1.136	-0.482	-0.500	-0.914	-0.074	-0.098	-0.910	-0.578	+0.177	-0.140	-0.077	-0.135	-0.135	-0.135	-0.133	-0.617	-0.945	-0.133	-0.132	+0.229	-0.946	-0.946	-0.945	-0.865	-0.074	-0.889	-0.828	-0.893	-0.894	-0.757	-0.073	-0.893	-0.888	-0.823	-0.895	-0.844	-0.813	-0.898	-0.891	+0.106	-0.814	-0.058	-0.891	-0.048	-0.168	+0.125	-0.786	-0.769	-0.908	-0.825	-0.245	+0.080	
rs60243824     -0.589	-0.507	-0.618	-0.587	-0.587	-0.631	-0.635	-0.576	-0.701	-0.004	-0.548	-0.676	-0.743	-0.133	-0.554	-0.518	-0.499	-0.603	-0.154	-0.175	-0.383	-0.648	+5.761	+8.088	+8.076	+8.095	+8.101	+1.522	+1.495	+8.175	+5.367	+8.222	+8.130	+8.128	+8.235	+8.274	+8.282	+8.377	+8.393	+6.314	+8.445	+8.412	+3.373	+7.757	+7.738	+7.757	+7.946	+6.056	+8.353	+8.329	+8.386	+1.140	+8.401	+8.416	+2.802	+2.516	+2.487	+0.590	+0.531	+6.849	+6.857	+6.857	+6.855	+6.960	+6.953	+7.114	+8.719	-0.524	+6.310	+4.492	+0.874	-0.879	+4.948	+11.123	+11.379	-0.865	-0.870	+3.568	-0.297	+14.190	+3.459	+10.566	-0.878	+11.112	-0.938	-0.955	-0.920	+0.057	-0.956	+0.008	+4.539	-0.955	+4.545	-0.952	-0.948	+7.219	+0.412	+4.786	+1.279	-0.188	+4.355	+1.438	+1.341	-0.149	-0.136	-0.128	+0.863	-0.125	-0.127	-0.951	-0.959	-0.975	-0.114	+4.796	-0.976	-0.979	+2.748	+0.341	-0.980	-0.981	-0.975	-0.975	-0.977	-0.979	-0.975	-0.924	-0.728	-0.911	-0.868	-0.943	-0.813	-0.151	-0.107	-0.788	+1.053	-0.533	-0.552	-0.962	-0.118	-0.142	-0.959	-0.629	+0.114	-0.184	-0.121	-0.179	-0.178	-0.178	-0.177	-0.668	-0.991	-0.177	-0.176	+0.165	-0.993	-0.993	-0.992	-0.916	-0.118	-0.939	-0.877	-0.943	-0.943	-0.808	-0.117	-0.943	-0.938	-0.872	-0.944	-0.891	-0.863	-0.947	-0.941	+0.044	-0.864	-0.102	-0.941	-0.092	-0.211	+0.063	-0.834	-0.817	-0.956	-0.874	-0.303	+0.018	
rs62449190     -0.576	-0.618	-0.463	-0.575	-0.573	-0.619	-0.626	-0.569	-0.692	+0.020	-0.551	-0.679	-0.728	-0.166	-0.554	-0.527	-0.502	-0.608	-0.174	-0.194	-0.387	-0.694	+5.959	+8.251	+8.239	+8.258	+8.264	+1.546	+1.519	+8.339	+5.555	+8.386	+8.294	+8.291	+8.399	+8.438	+8.446	+8.541	+8.558	+6.514	+8.609	+8.576	+3.561	+7.915	+7.896	+7.915	+8.100	+6.244	+8.508	+8.483	+8.539	+1.278	+8.559	+8.573	+2.901	+2.615	+2.586	+0.611	+0.552	+6.938	+6.946	+6.946	+6.944	+7.049	+7.045	+7.209	+8.685	-0.464	+6.329	+4.491	+0.922	-0.834	+4.961	+11.111	+11.344	-0.832	-0.837	+3.550	-0.261	+14.138	+3.441	+10.534	-0.845	+11.080	-0.902	-0.918	-0.885	+0.080	-0.919	+0.030	+4.557	-0.918	+4.563	-0.916	-0.911	+7.203	+0.435	+4.804	+1.322	-0.151	+4.378	+1.482	+1.384	-0.112	-0.099	-0.091	+0.933	-0.088	-0.090	-0.913	-0.920	-0.935	-0.078	+4.817	-0.937	-0.939	+2.808	+0.401	-0.939	-0.940	-0.934	-0.936	-0.937	-0.938	-0.935	-0.884	-0.683	-0.871	-0.828	-0.903	-0.773	-0.114	-0.070	-0.748	+1.124	-0.490	-0.508	-0.921	-0.081	-0.105	-0.918	-0.586	+0.167	-0.147	-0.084	-0.142	-0.142	-0.141	-0.140	-0.625	-0.952	-0.140	-0.139	+0.219	-0.953	-0.953	-0.952	-0.872	-0.081	-0.897	-0.836	-0.901	-0.901	-0.765	-0.080	-0.901	-0.896	-0.830	-0.902	-0.852	-0.821	-0.906	-0.899	+0.097	-0.822	-0.065	-0.899	-0.055	-0.175	+0.115	-0.793	-0.777	-0.915	-0.832	-0.255	+0.070	
rs56713035     -0.573	-0.587	-0.575	-0.455	-0.574	-0.589	-0.597	-0.571	-0.689	+0.026	-0.565	-0.678	-0.715	-0.169	-0.566	-0.547	-0.535	-0.609	-0.175	-0.195	-0.386	-0.695	+5.991	+8.279	+8.267	+8.286	+8.292	+1.551	+1.524	+8.367	+5.585	+8.414	+8.322	+8.319	+8.427	+8.467	+8.475	+8.570	+8.586	+6.547	+8.638	+8.605	+3.591	+7.943	+7.923	+7.942	+8.127	+6.275	+8.535	+8.510	+8.566	+1.302	+8.586	+8.600	+2.918	+2.632	+2.603	+0.615	+0.557	+6.953	+6.962	+6.961	+6.959	+7.065	+7.061	+7.225	+8.681	-0.453	+6.332	+4.490	+0.932	-0.826	+4.963	+11.107	+11.335	-0.825	-0.830	+3.546	-0.254	+14.125	+3.437	+10.527	-0.838	+11.073	-0.895	-0.910	-0.877	+0.085	-0.912	+0.035	+4.561	-0.910	+4.566	-0.908	-0.904	+7.201	+0.440	+4.807	+1.330	-0.144	+4.382	+1.490	+1.392	-0.104	-0.091	-0.083	+0.946	-0.080	-0.082	-0.906	-0.912	-0.927	-0.070	+4.821	-0.929	-0.931	+2.819	+0.412	-0.931	-0.932	-0.926	-0.928	-0.929	-0.930	-0.927	-0.876	-0.674	-0.863	-0.820	-0.894	-0.765	-0.107	-0.063	-0.740	+1.137	-0.481	-0.500	-0.913	-0.073	-0.098	-0.909	-0.577	+0.177	-0.139	-0.076	-0.134	-0.134	-0.134	-0.133	-0.617	-0.944	-0.132	-0.132	+0.229	-0.945	-0.945	-0.944	-0.864	-0.074	-0.889	-0.827	-0.892	-0.893	-0.757	-0.073	-0.892	-0.888	-0.822	-0.894	-0.844	-0.812	-0.897	-0.890	+0.107	-0.813	-0.057	-0.891	-0.047	-0.168	+0.126	-0.785	-0.769	-0.907	-0.824	-0.245	+0.081	
rs59778503     -0.574	-0.587	-0.573	-0.574	-0.454	-0.589	-0.597	-0.572	-0.688	+0.026	-0.563	-0.678	-0.715	-0.168	-0.564	-0.549	-0.533	-0.608	-0.175	-0.195	-0.386	-0.694	+5.992	+8.279	+8.268	+8.286	+8.292	+1.551	+1.524	+8.368	+5.587	+8.415	+8.322	+8.320	+8.428	+8.467	+8.475	+8.570	+8.587	+6.548	+8.638	+8.605	+3.593	+7.943	+7.923	+7.943	+8.127	+6.276	+8.535	+8.510	+8.567	+1.304	+8.587	+8.600	+2.919	+2.633	+2.604	+0.616	+0.558	+6.954	+6.963	+6.962	+6.960	+7.066	+7.062	+7.227	+8.681	-0.452	+6.332	+4.490	+0.932	-0.825	+4.963	+11.108	+11.336	-0.825	-0.830	+3.546	-0.253	+14.126	+3.438	+10.527	-0.837	+11.073	-0.894	-0.910	-0.877	+0.086	-0.911	+0.035	+4.561	-0.910	+4.567	-0.907	-0.903	+7.201	+0.440	+4.807	+1.331	-0.143	+4.383	+1.491	+1.393	-0.103	-0.090	-0.083	+0.947	-0.080	-0.082	-0.905	-0.911	-0.927	-0.069	+4.821	-0.928	-0.930	+2.820	+0.413	-0.930	-0.931	-0.926	-0.927	-0.928	-0.930	-0.927	-0.875	-0.674	-0.863	-0.820	-0.894	-0.764	-0.106	-0.062	-0.739	+1.138	-0.480	-0.499	-0.913	-0.073	-0.097	-0.909	-0.577	+0.178	-0.139	-0.076	-0.134	-0.133	-0.133	-0.132	-0.616	-0.943	-0.132	-0.131	+0.230	-0.945	-0.945	-0.944	-0.863	-0.073	-0.888	-0.827	-0.892	-0.892	-0.756	-0.072	-0.892	-0.887	-0.822	-0.893	-0.843	-0.812	-0.897	-0.890	+0.108	-0.813	-0.057	-0.890	-0.047	-0.167	+0.127	-0.785	-0.768	-0.906	-0.824	-0.244	+0.081	
rs59539486     -0.591	-0.631	-0.619	-0.589	-0.589	-0.507	-0.635	-0.578	-0.702	-0.004	-0.550	-0.677	-0.743	-0.133	-0.556	-0.520	-0.501	-0.604	-0.155	-0.176	-0.383	-0.649	+5.762	+8.089	+8.077	+8.096	+8.102	+1.522	+1.495	+8.177	+5.368	+8.223	+8.131	+8.129	+8.236	+8.276	+8.283	+8.378	+8.395	+6.316	+8.446	+8.413	+3.375	+7.759	+7.739	+7.759	+7.947	+6.058	+8.355	+8.330	+8.387	+1.142	+8.402	+8.417	+2.802	+2.517	+2.488	+0.590	+0.531	+6.849	+6.858	+6.857	+6.855	+6.960	+6.953	+7.114	+8.718	-0.523	+6.310	+4.491	+0.874	-0.879	+4.948	+11.123	+11.378	-0.865	-0.870	+3.567	-0.297	+14.189	+3.458	+10.565	-0.878	+11.111	-0.938	-0.955	-0.920	+0.057	-0.956	+0.008	+4.539	-0.955	+4.544	-0.952	-0.948	+7.218	+0.412	+4.786	+1.279	-0.188	+4.355	+1.438	+1.341	-0.149	-0.136	-0.128	+0.863	-0.125	-0.127	-0.951	-0.959	-0.975	-0.114	+4.796	-0.976	-0.979	+2.749	+0.342	-0.979	-0.981	-0.975	-0.975	-0.977	-0.979	-0.975	-0.924	-0.728	-0.911	-0.868	-0.943	-0.813	-0.151	-0.107	-0.788	+1.054	-0.532	-0.552	-0.962	-0.118	-0.142	-0.958	-0.628	+0.114	-0.184	-0.121	-0.179	-0.178	-0.178	-0.177	-0.667	-0.991	-0.177	-0.176	+0.165	-0.993	-0.993	-0.992	-0.915	-0.118	-0.939	-0.877	-0.942	-0.943	-0.808	-0.117	-0.943	-0.938	-0.872	-0.944	-0.891	-0.863	-0.947	-0.940	+0.045	-0.864	-0.102	-0.941	-0.092	-0.211	+0.063	-0.834	-0.817	-0.956	-0.873	-0.303	+0.019	
rs62449192     -0.599	-0.635	-0.626	-0.597	-0.597	-0.635	-0.507	-0.586	-0.706	-0.005	-0.560	-0.681	-0.745	-0.136	-0.565	-0.531	-0.513	-0.607	-0.158	-0.179	-0.386	-0.653	+5.765	+8.090	+8.079	+8.097	+8.103	+1.521	+1.494	+8.178	+5.370	+8.225	+8.132	+8.130	+8.237	+8.277	+8.285	+8.379	+8.396	+6.318	+8.447	+8.414	+3.377	+7.760	+7.741	+7.760	+7.948	+6.060	+8.356	+8.331	+8.388	+1.144	+8.404	+8.419	+2.803	+2.517	+2.488	+0.589	+0.530	+6.849	+6.858	+6.857	+6.855	+6.960	+6.953	+7.114	+8.715	-0.523	+6.309	+4.489	+0.874	-0.879	+4.946	+11.120	+11.375	-0.866	-0.871	+3.565	-0.298	+14.186	+3.456	+10.562	-0.879	+11.108	-0.939	-0.955	-0.920	+0.056	-0.956	+0.007	+4.537	-0.955	+4.543	-0.953	-0.948	+7.215	+0.411	+4.784	+1.279	-0.189	+4.354	+1.438	+1.341	-0.149	-0.136	-0.128	+0.864	-0.125	-0.127	-0.951	-0.960	-0.975	-0.115	+4.795	-0.976	-0.979	+2.749	+0.342	-0.980	-0.981	-0.975	-0.976	-0.978	-0.979	-0.975	-0.924	-0.728	-0.911	-0.868	-0.943	-0.813	-0.152	-0.107	-0.788	+1.054	-0.533	-0.552	-0.962	-0.118	-0.142	-0.959	-0.629	+0.114	-0.184	-0.121	-0.179	-0.179	-0.179	-0.178	-0.668	-0.991	-0.177	-0.177	+0.165	-0.993	-0.993	-0.992	-0.915	-0.118	-0.939	-0.877	-0.943	-0.943	-0.808	-0.118	-0.943	-0.938	-0.872	-0.944	-0.892	-0.863	-0.947	-0.941	+0.045	-0.864	-0.102	-0.941	-0.092	-0.211	+0.063	-0.834	-0.817	-0.956	-0.874	-0.303	+0.019	
rs1405126      -0.571	-0.576	-0.569	-0.571	-0.572	-0.578	-0.586	-0.451	-0.686	+0.028	-0.566	-0.677	-0.709	-0.169	-0.566	-0.551	-0.541	-0.608	-0.175	-0.195	-0.385	-0.694	+6.003	+8.290	+8.278	+8.297	+8.303	+1.553	+1.526	+8.378	+5.597	+8.425	+8.332	+8.330	+8.438	+8.477	+8.485	+8.581	+8.597	+6.560	+8.649	+8.616	+3.603	+7.953	+7.933	+7.953	+8.137	+6.287	+8.545	+8.520	+8.576	+1.312	+8.597	+8.610	+2.925	+2.639	+2.610	+0.618	+0.560	+6.959	+6.968	+6.967	+6.965	+7.071	+7.067	+7.232	+8.680	-0.448	+6.334	+4.490	+0.936	-0.822	+4.964	+11.107	+11.333	-0.822	-0.827	+3.545	-0.250	+14.122	+3.437	+10.525	-0.835	+11.071	-0.891	-0.907	-0.874	+0.088	-0.908	+0.037	+4.563	-0.907	+4.568	-0.905	-0.900	+7.201	+0.442	+4.809	+1.334	-0.141	+4.384	+1.494	+1.396	-0.101	-0.088	-0.080	+0.952	-0.077	-0.079	-0.902	-0.908	-0.924	-0.067	+4.823	-0.926	-0.927	+2.824	+0.417	-0.927	-0.928	-0.923	-0.924	-0.925	-0.927	-0.924	-0.872	-0.670	-0.860	-0.817	-0.891	-0.761	-0.104	-0.060	-0.736	+1.142	-0.478	-0.496	-0.910	-0.070	-0.094	-0.906	-0.574	+0.182	-0.136	-0.073	-0.131	-0.131	-0.131	-0.129	-0.613	-0.941	-0.129	-0.128	+0.234	-0.942	-0.942	-0.941	-0.860	-0.070	-0.885	-0.824	-0.889	-0.889	-0.753	-0.069	-0.889	-0.884	-0.819	-0.890	-0.840	-0.809	-0.894	-0.887	+0.112	-0.810	-0.054	-0.887	-0.044	-0.164	+0.130	-0.782	-0.765	-0.903	-0.821	-0.240	+0.085	
rs17712293     -0.689	-0.701	-0.692	-0.689	-0.688	-0.702	-0.706	-0.686	-0.481	-0.003	-0.680	-0.589	-0.641	-0.190	-0.681	-0.674	-0.668	-0.647	-0.199	-0.219	-0.412	-0.737	+5.880	+8.301	+8.290	+8.308	+8.315	+1.548	+1.521	+8.390	+5.480	+8.437	+8.345	+8.342	+8.450	+8.490	+8.498	+8.593	+8.610	+6.434	+8.662	+8.629	+3.497	+7.963	+7.944	+7.962	+8.149	+6.171	+8.558	+8.533	+8.589	+1.313	+8.609	+8.623	+2.854	+2.570	+2.541	+0.611	+0.552	+6.884	+6.893	+6.892	+6.890	+6.996	+6.989	+7.153	+8.646	-0.484	+6.302	+4.457	+0.907	-0.845	+4.930	+11.075	+11.310	-0.851	-0.856	+3.522	-0.280	+14.109	+3.413	+10.502	-0.863	+11.048	-0.919	-0.934	-0.902	+0.055	-0.936	+0.005	+4.529	-0.934	+4.534	-0.932	-0.928	+7.167	+0.407	+4.774	+1.319	-0.171	+4.352	+1.482	+1.381	-0.132	-0.119	-0.111	+0.925	-0.108	-0.110	-0.929	-0.934	-0.950	-0.098	+4.788	-0.952	-0.954	+2.801	+0.389	-0.954	-0.955	-0.949	-0.951	-0.952	-0.954	-0.950	-0.899	-0.696	-0.886	-0.843	-0.918	-0.788	-0.135	-0.091	-0.763	+1.116	-0.500	-0.519	-0.936	-0.101	-0.126	-0.932	-0.602	+0.140	-0.167	-0.105	-0.162	-0.162	-0.162	-0.161	-0.641	-0.967	-0.160	-0.160	+0.190	-0.969	-0.968	-0.967	-0.886	-0.102	-0.911	-0.850	-0.915	-0.915	-0.779	-0.101	-0.915	-0.910	-0.845	-0.916	-0.866	-0.835	-0.920	-0.913	+0.070	-0.836	-0.086	-0.913	-0.076	-0.197	+0.089	-0.807	-0.791	-0.929	-0.847	-0.277	+0.044	
rs78575608     +0.025	-0.004	+0.020	+0.026	+0.026	-0.004	-0.005	+0.028	-0.003	+0.489	+0.038	+0.009	-0.033	+0.375	+0.034	+0.042	+0.047	+0.173	+0.366	+0.350	+0.199	+0.046	+7.336	+9.046	+9.035	+9.053	+9.059	+2.293	+2.267	+9.132	+6.959	+9.177	+9.089	+9.085	+9.189	+9.228	+9.236	+9.330	+9.348	+7.912	+9.397	+9.364	+4.786	+8.719	+8.699	+8.718	+8.910	+7.647	+9.318	+9.300	+9.351	+1.900	+9.363	+9.380	+4.397	+4.063	+4.030	+1.401	+1.341	+8.690	+8.699	+8.698	+8.696	+8.807	+8.792	+8.949	+10.457	+0.430	+7.140	+5.363	+1.940	+0.004	+5.878	+11.743	+12.256	-0.019	-0.024	+4.323	+0.555	+14.690	+4.217	+11.462	-0.032	+12.000	-0.091	-0.106	-0.071	+0.966	-0.107	+0.920	+5.454	-0.105	+5.461	-0.103	-0.099	+8.253	+1.360	+5.712	+2.110	+0.669	+5.382	+2.320	+2.170	+0.711	+0.727	+0.737	+1.897	+0.741	+0.739	-0.102	-0.101	-0.120	+0.752	+5.718	-0.123	-0.113	+3.946	+1.376	-0.113	-0.114	-0.107	-0.121	-0.110	-0.112	-0.119	-0.050	+0.125	-0.035	+0.016	-0.065	+0.027	+0.717	+0.762	+0.051	+2.118	+0.310	+0.292	-0.114	+0.750	+0.726	-0.112	+0.189	+1.140	+0.684	+0.749	+0.690	+0.690	+0.690	+0.691	+0.152	-0.139	+0.692	+0.692	+1.199	-0.136	-0.142	-0.141	-0.078	+0.751	-0.099	-0.040	-0.102	-0.103	+0.023	+0.752	-0.102	-0.099	-0.035	-0.103	-0.019	-0.029	-0.105	-0.101	+1.060	-0.030	+0.771	-0.101	+0.782	+0.696	+1.079	-0.009	+0.006	-0.112	-0.037	+0.645	+1.029	
rs6583483      -0.564	-0.548	-0.551	-0.565	-0.563	-0.550	-0.560	-0.566	-0.680	+0.038	-0.439	-0.670	-0.695	-0.168	-0.565	-0.561	-0.552	-0.605	-0.173	-0.192	-0.380	-0.691	+6.042	+8.323	+8.311	+8.330	+8.336	+1.562	+1.535	+8.411	+5.635	+8.458	+8.366	+8.363	+8.471	+8.511	+8.519	+8.614	+8.630	+6.599	+8.682	+8.649	+3.641	+7.985	+7.965	+7.985	+8.169	+6.324	+8.577	+8.552	+8.608	+1.342	+8.629	+8.643	+2.941	+2.655	+2.626	+0.626	+0.568	+6.972	+6.981	+6.980	+6.978	+7.084	+7.081	+7.245	+8.682	-0.435	+6.343	+4.495	+0.951	-0.810	+4.973	+11.109	+11.333	-0.813	-0.817	+3.547	-0.239	+14.119	+3.438	+10.525	-0.825	+11.071	-0.881	-0.897	-0.864	+0.097	-0.898	+0.046	+4.572	-0.897	+4.578	-0.895	-0.890	+7.205	+0.452	+4.818	+1.347	-0.130	+4.395	+1.507	+1.408	-0.090	-0.077	-0.069	+0.968	-0.066	-0.068	-0.892	-0.897	-0.913	-0.056	+4.833	-0.915	-0.916	+2.840	+0.432	-0.916	-0.917	-0.911	-0.914	-0.914	-0.916	-0.913	-0.861	-0.658	-0.848	-0.805	-0.880	-0.750	-0.093	-0.048	-0.725	+1.159	-0.466	-0.485	-0.899	-0.059	-0.083	-0.895	-0.561	+0.196	-0.125	-0.062	-0.120	-0.120	-0.120	-0.118	-0.601	-0.930	-0.118	-0.117	+0.248	-0.931	-0.931	-0.930	-0.849	-0.059	-0.874	-0.812	-0.877	-0.878	-0.741	-0.058	-0.878	-0.873	-0.807	-0.879	-0.830	-0.797	-0.882	-0.875	+0.125	-0.798	-0.043	-0.876	-0.033	-0.154	+0.144	-0.770	-0.754	-0.892	-0.809	-0.228	+0.099	
rs6955212      -0.678	-0.676	-0.679	-0.678	-0.678	-0.677	-0.681	-0.677	-0.589	+0.009	-0.670	-0.464	-0.601	-0.192	-0.674	-0.668	-0.664	-0.641	-0.198	-0.218	-0.407	-0.732	+5.925	+8.352	+8.340	+8.359	+8.365	+1.566	+1.539	+8.441	+5.525	+8.488	+8.395	+8.392	+8.501	+8.541	+8.549	+8.644	+8.661	+6.481	+8.713	+8.680	+3.542	+8.012	+7.993	+8.011	+8.197	+6.215	+8.607	+8.582	+8.638	+1.357	+8.659	+8.673	+2.874	+2.590	+2.561	+0.628	+0.570	+6.900	+6.909	+6.908	+6.907	+7.012	+7.006	+7.170	+8.645	-0.466	+6.315	+4.463	+0.928	-0.828	+4.940	+11.073	+11.303	-0.838	-0.843	+3.518	-0.265	+14.097	+3.409	+10.496	-0.850	+11.042	-0.905	-0.920	-0.888	+0.067	-0.921	+0.016	+4.541	-0.920	+4.546	-0.918	-0.914	+7.168	+0.419	+4.786	+1.338	-0.157	+4.366	+1.502	+1.400	-0.117	-0.104	-0.096	+0.948	-0.094	-0.096	-0.915	-0.919	-0.935	-0.083	+4.801	-0.937	-0.938	+2.825	+0.410	-0.938	-0.940	-0.934	-0.936	-0.937	-0.938	-0.935	-0.883	-0.679	-0.870	-0.827	-0.902	-0.772	-0.120	-0.076	-0.747	+1.140	-0.484	-0.502	-0.920	-0.087	-0.111	-0.916	-0.585	+0.157	-0.152	-0.090	-0.147	-0.147	-0.147	-0.146	-0.625	-0.952	-0.145	-0.145	+0.208	-0.954	-0.953	-0.952	-0.869	-0.087	-0.895	-0.834	-0.898	-0.899	-0.763	-0.086	-0.899	-0.894	-0.829	-0.900	-0.851	-0.819	-0.904	-0.896	+0.088	-0.820	-0.071	-0.897	-0.061	-0.183	+0.106	-0.791	-0.774	-0.914	-0.831	-0.260	+0.062	
rs59328053     -0.716	-0.743	-0.728	-0.715	-0.715	-0.743	-0.745	-0.709	-0.641	-0.033	-0.695	-0.601	-0.529	-0.160	-0.698	-0.681	-0.672	-0.657	-0.182	-0.203	-0.410	-0.724	+5.717	+8.127	+8.116	+8.134	+8.141	+1.495	+1.468	+8.216	+5.325	+8.263	+8.170	+8.168	+8.276	+8.315	+8.323	+8.418	+8.435	+6.269	+8.486	+8.453	+3.339	+7.794	+7.775	+7.794	+7.983	+6.015	+8.391	+8.366	+8.423	+1.168	+8.439	+8.455	+2.771	+2.487	+2.458	+0.560	+0.502	+6.815	+6.824	+6.823	+6.821	+6.926	+6.918	+7.079	+8.673	-0.543	+6.276	+4.448	+0.854	-0.896	+4.911	+11.088	+11.348	-0.888	-0.892	+3.543	-0.321	+14.163	+3.434	+10.537	-0.900	+11.083	-0.959	-0.976	-0.941	+0.029	-0.977	-0.020	+4.504	-0.975	+4.510	-0.973	-0.969	+7.181	+0.383	+4.751	+1.265	-0.212	+4.322	+1.425	+1.326	-0.173	-0.160	-0.152	+0.849	-0.149	-0.151	-0.971	-0.979	-0.995	-0.139	+4.762	-0.996	-0.999	+2.732	+0.325	-1.000	-1.001	-0.995	-0.995	-0.997	-0.999	-0.995	-0.944	-0.746	-0.931	-0.888	-0.963	-0.833	-0.175	-0.131	-0.809	+1.039	-0.551	-0.570	-0.982	-0.142	-0.166	-0.978	-0.648	+0.089	-0.208	-0.145	-0.203	-0.203	-0.202	-0.201	-0.688	-1.011	-0.201	-0.200	+0.140	-1.013	-1.013	-1.012	-0.934	-0.142	-0.958	-0.897	-0.962	-0.962	-0.827	-0.142	-0.962	-0.957	-0.891	-0.963	-0.912	-0.882	-0.966	-0.960	+0.020	-0.883	-0.126	-0.960	-0.116	-0.234	+0.039	-0.854	-0.837	-0.976	-0.893	-0.326	-0.006	
rs6949307      -0.169	-0.133	-0.166	-0.169	-0.168	-0.133	-0.136	-0.169	-0.190	+0.375	-0.168	-0.192	-0.160	+0.193	-0.170	-0.170	-0.168	-0.078	-0.037	-0.049	-0.134	-0.187	+5.967	+8.268	+8.257	+8.275	+8.281	+2.225	+2.198	+8.354	+5.601	+8.399	+8.309	+8.307	+8.412	+8.450	+8.457	+8.549	+8.567	+6.516	+8.616	+8.584	+3.908	+7.952	+7.935	+7.951	+8.137	+6.275	+8.536	+8.515	+8.568	+1.966	+8.583	+8.602	+3.282	+3.036	+3.008	+1.347	+1.281	+6.952	+6.960	+6.959	+6.957	+7.058	+7.016	+7.178	+8.507	+0.245	+6.530	+4.741	+1.345	-0.224	+5.276	+11.381	+11.506	-0.205	-0.209	+3.936	+0.365	+14.230	+3.835	+10.731	-0.216	+11.293	-0.274	-0.289	-0.255	+0.610	-0.291	+0.577	+4.928	-0.290	+4.934	-0.288	-0.284	+7.523	+0.960	+5.165	+1.944	+0.481	+4.767	+2.120	+2.007	+0.523	+0.537	+0.545	+1.681	+0.548	+0.546	-0.285	-0.285	-0.302	+0.559	+5.165	-0.305	-0.314	+3.358	+1.103	-0.314	-0.315	-0.310	-0.303	-0.312	-0.313	-0.302	-0.275	-0.041	-0.265	-0.219	-0.289	-0.195	+0.525	+0.569	-0.174	+1.869	+0.134	+0.117	-0.292	+0.554	+0.529	-0.289	+0.025	+0.945	+0.488	+0.547	+0.493	+0.494	+0.494	+0.495	-0.016	-0.321	+0.495	+0.496	+1.001	-0.316	-0.322	-0.322	-0.244	+0.555	-0.271	-0.223	-0.274	-0.275	-0.166	+0.556	-0.274	-0.270	-0.219	-0.275	-0.221	-0.215	-0.279	-0.272	+0.866	-0.215	+0.571	-0.272	+0.581	+0.472	+0.887	-0.190	-0.174	-0.287	-0.221	+0.498	+0.838	
rs6945480      -0.566	-0.554	-0.554	-0.566	-0.564	-0.556	-0.565	-0.566	-0.681	+0.034	-0.565	-0.674	-0.698	-0.170	-0.443	-0.554	-0.542	-0.606	-0.174	-0.194	-0.382	-0.692	+6.033	+8.314	+8.302	+8.321	+8.327	+1.559	+1.532	+8.402	+5.625	+8.449	+8.357	+8.354	+8.462	+8.502	+8.510	+8.605	+8.621	+6.589	+8.673	+8.640	+3.632	+7.976	+7.957	+7.976	+8.160	+6.314	+8.569	+8.544	+8.600	+1.333	+8.621	+8.634	+2.940	+2.654	+2.624	+0.623	+0.565	+6.974	+6.982	+6.981	+6.980	+7.086	+7.082	+7.247	+8.680	-0.438	+6.339	+4.492	+0.945	-0.814	+4.968	+11.107	+11.331	-0.816	-0.821	+3.545	-0.243	+14.117	+3.436	+10.523	-0.828	+11.069	-0.884	-0.900	-0.867	+0.093	-0.901	+0.042	+4.568	-0.900	+4.573	-0.898	-0.893	+7.202	+0.447	+4.813	+1.342	-0.133	+4.390	+1.503	+1.404	-0.093	-0.080	-0.073	+0.964	-0.070	-0.072	-0.895	-0.901	-0.916	-0.059	+4.828	-0.918	-0.920	+2.836	+0.428	-0.920	-0.921	-0.915	-0.917	-0.918	-0.919	-0.916	-0.865	-0.662	-0.852	-0.809	-0.883	-0.754	-0.096	-0.052	-0.729	+1.154	-0.470	-0.488	-0.902	-0.062	-0.087	-0.898	-0.566	+0.191	-0.129	-0.066	-0.124	-0.123	-0.123	-0.122	-0.605	-0.933	-0.122	-0.121	+0.243	-0.935	-0.934	-0.933	-0.852	-0.063	-0.877	-0.816	-0.881	-0.882	-0.745	-0.062	-0.881	-0.876	-0.811	-0.883	-0.833	-0.801	-0.886	-0.879	+0.121	-0.802	-0.047	-0.879	-0.037	-0.158	+0.140	-0.774	-0.757	-0.896	-0.813	-0.232	+0.094	
rs56141508     -0.546	-0.518	-0.527	-0.547	-0.549	-0.520	-0.531	-0.551	-0.674	+0.042	-0.561	-0.668	-0.681	-0.170	-0.554	-0.432	-0.548	-0.603	-0.173	-0.192	-0.379	-0.689	+6.071	+8.348	+8.337	+8.355	+8.361	+1.566	+1.539	+8.437	+5.661	+8.484	+8.391	+8.389	+8.497	+8.536	+8.544	+8.640	+8.656	+6.628	+8.708	+8.675	+3.666	+8.010	+7.990	+8.009	+8.193	+6.352	+8.602	+8.576	+8.632	+1.361	+8.654	+8.668	+2.959	+2.672	+2.643	+0.630	+0.572	+6.992	+7.000	+7.000	+6.998	+7.104	+7.101	+7.266	+8.680	-0.425	+6.345	+4.494	+0.956	-0.803	+4.974	+11.107	+11.327	-0.807	-0.812	+3.545	-0.234	+14.109	+3.436	+10.520	-0.820	+11.066	-0.875	-0.891	-0.859	+0.100	-0.892	+0.049	+4.574	-0.891	+4.580	-0.889	-0.884	+7.204	+0.455	+4.820	+1.352	-0.124	+4.398	+1.513	+1.414	-0.084	-0.071	-0.063	+0.978	-0.060	-0.062	-0.886	-0.891	-0.907	-0.050	+4.835	-0.909	-0.910	+2.850	+0.440	-0.910	-0.911	-0.905	-0.908	-0.908	-0.909	-0.907	-0.855	-0.652	-0.842	-0.799	-0.873	-0.744	-0.087	-0.043	-0.719	+1.169	-0.460	-0.478	-0.892	-0.053	-0.078	-0.889	-0.555	+0.204	-0.119	-0.056	-0.114	-0.114	-0.114	-0.113	-0.595	-0.924	-0.112	-0.112	+0.256	-0.925	-0.925	-0.924	-0.842	-0.053	-0.868	-0.806	-0.871	-0.872	-0.735	-0.053	-0.871	-0.866	-0.801	-0.873	-0.823	-0.791	-0.876	-0.869	+0.133	-0.792	-0.037	-0.870	-0.027	-0.148	+0.152	-0.764	-0.747	-0.886	-0.803	-0.220	+0.106	
rs56033844     -0.534	-0.499	-0.502	-0.535	-0.533	-0.501	-0.513	-0.541	-0.668	+0.047	-0.552	-0.664	-0.672	-0.168	-0.542	-0.548	-0.426	-0.599	-0.171	-0.190	-0.376	-0.686	+6.086	+8.360	+8.349	+8.367	+8.374	+1.572	+1.545	+8.449	+5.676	+8.496	+8.404	+8.401	+8.509	+8.549	+8.557	+8.652	+8.668	+6.642	+8.720	+8.687	+3.684	+8.022	+8.002	+8.022	+8.205	+6.365	+8.614	+8.588	+8.644	+1.375	+8.666	+8.680	+2.970	+2.683	+2.654	+0.635	+0.578	+7.001	+7.010	+7.009	+7.008	+7.114	+7.111	+7.276	+8.682	-0.417	+6.349	+4.497	+0.963	-0.797	+4.977	+11.109	+11.328	-0.802	-0.806	+3.546	-0.228	+14.109	+3.438	+10.521	-0.814	+11.067	-0.870	-0.885	-0.853	+0.105	-0.886	+0.054	+4.578	-0.885	+4.584	-0.883	-0.878	+7.207	+0.460	+4.824	+1.359	-0.118	+4.402	+1.520	+1.421	-0.078	-0.065	-0.057	+0.988	-0.054	-0.056	-0.880	-0.885	-0.901	-0.044	+4.839	-0.903	-0.904	+2.858	+0.449	-0.904	-0.905	-0.899	-0.902	-0.902	-0.903	-0.901	-0.849	-0.645	-0.837	-0.794	-0.867	-0.738	-0.081	-0.037	-0.713	+1.178	-0.453	-0.471	-0.886	-0.047	-0.071	-0.882	-0.549	+0.212	-0.113	-0.050	-0.108	-0.108	-0.108	-0.107	-0.589	-0.918	-0.106	-0.106	+0.264	-0.919	-0.919	-0.918	-0.836	-0.047	-0.861	-0.800	-0.865	-0.866	-0.729	-0.046	-0.865	-0.860	-0.795	-0.866	-0.817	-0.785	-0.870	-0.863	+0.141	-0.785	-0.031	-0.863	-0.021	-0.142	+0.160	-0.758	-0.741	-0.880	-0.797	-0.213	+0.114	
rs55991773     -0.609	-0.603	-0.608	-0.609	-0.608	-0.604	-0.607	-0.608	-0.647	+0.173	-0.605	-0.641	-0.657	-0.078	-0.606	-0.603	-0.599	-0.299	-0.077	-0.096	-0.281	-0.612	+5.759	+8.116	+8.105	+8.123	+8.129	+1.722	+1.695	+8.203	+5.381	+8.249	+8.158	+8.156	+8.262	+8.301	+8.309	+8.402	+8.420	+6.307	+8.470	+8.438	+3.396	+7.794	+7.775	+7.794	+7.988	+6.068	+8.394	+8.371	+8.427	+1.229	+8.440	+8.455	+3.126	+2.836	+2.806	+0.765	+0.707	+7.417	+7.426	+7.425	+7.423	+7.530	+7.530	+7.696	+8.821	-0.258	+6.545	+4.687	+1.147	-0.666	+5.261	+11.258	+11.444	-0.703	-0.708	+3.639	-0.099	+14.218	+3.530	+10.641	-0.715	+11.188	-0.766	-0.779	-0.750	+0.294	-0.781	+0.242	+4.848	-0.780	+4.853	-0.778	-0.774	+7.369	+0.667	+5.095	+1.579	+0.016	+4.662	+1.746	+1.643	+0.057	+0.070	+0.079	+1.133	+0.082	+0.080	-0.772	-0.772	-0.788	+0.093	+5.117	-0.793	-0.790	+2.985	+0.587	-0.790	-0.791	-0.785	-0.789	-0.788	-0.790	-0.787	-0.733	-0.502	-0.719	-0.673	-0.752	-0.616	+0.055	+0.100	-0.590	+1.324	-0.325	-0.344	-0.769	+0.090	+0.065	-0.764	-0.417	+0.352	+0.022	+0.087	+0.027	+0.027	+0.027	+0.028	-0.458	-0.807	+0.029	+0.029	+0.405	-0.810	-0.807	-0.806	-0.711	+0.090	-0.740	-0.680	-0.744	-0.745	-0.605	+0.091	-0.744	-0.738	-0.675	-0.746	-0.704	-0.663	-0.750	-0.741	+0.278	-0.664	+0.106	-0.742	+0.116	-0.041	+0.298	-0.637	-0.619	-0.761	-0.677	-0.086	+0.251	
rs6979737      -0.175	-0.154	-0.174	-0.175	-0.175	-0.155	-0.158	-0.175	-0.199	+0.366	-0.173	-0.198	-0.182	-0.037	-0.174	-0.173	-0.171	-0.077	+0.192	+0.092	+0.080	-0.188	+5.982	+8.376	+8.365	+8.383	+8.389	+2.451	+2.422	+8.461	+5.619	+8.507	+8.417	+8.415	+8.520	+8.558	+8.566	+8.659	+8.678	+6.540	+8.726	+8.695	+3.969	+8.081	+8.060	+8.080	+8.266	+6.321	+8.669	+8.650	+8.702	+2.048	+8.717	+8.736	+3.220	+2.973	+2.946	+1.493	+1.422	+6.903	+6.911	+6.910	+6.909	+7.010	+6.980	+7.133	+8.516	+0.247	+6.590	+4.799	+1.385	-0.222	+5.332	+11.275	+11.417	-0.212	-0.216	+3.904	+0.387	+14.183	+3.804	+10.645	-0.223	+11.203	-0.283	-0.295	-0.260	+0.622	-0.297	+0.587	+4.930	-0.296	+4.937	-0.294	-0.291	+7.544	+0.972	+5.167	+1.979	+0.506	+4.762	+2.158	+2.043	+0.549	+0.564	+0.573	+1.721	+0.576	+0.574	-0.289	-0.284	-0.301	+0.587	+5.164	-0.307	-0.314	+3.388	+1.126	-0.314	-0.315	-0.310	-0.303	-0.312	-0.313	-0.301	-0.270	-0.009	-0.259	-0.212	-0.287	-0.191	+0.549	+0.595	-0.169	+1.914	+0.155	+0.137	-0.293	+0.577	+0.553	-0.290	+0.021	+0.928	+0.509	+0.570	+0.514	+0.514	+0.514	+0.515	-0.017	-0.322	+0.516	+0.516	+0.980	-0.318	-0.324	-0.324	-0.245	+0.575	-0.271	-0.216	-0.274	-0.275	-0.162	+0.576	-0.274	-0.270	-0.211	-0.276	-0.225	-0.214	-0.280	-0.272	+0.846	-0.214	+0.593	-0.272	+0.603	+0.466	+0.866	-0.186	-0.170	-0.288	-0.212	+0.484	+0.817	
rs11768357     -0.195	-0.175	-0.194	-0.195	-0.195	-0.176	-0.179	-0.195	-0.219	+0.350	-0.192	-0.218	-0.203	-0.049	-0.194	-0.192	-0.190	-0.096	+0.092	+0.171	+0.045	-0.207	+5.966	+8.358	+8.347	+8.365	+8.371	+2.427	+2.398	+8.443	+5.601	+8.489	+8.399	+8.397	+8.502	+8.540	+8.548	+8.641	+8.659	+6.522	+8.708	+8.677	+3.946	+8.062	+8.041	+8.062	+8.248	+6.303	+8.651	+8.632	+8.684	+2.023	+8.698	+8.718	+3.201	+2.954	+2.927	+1.469	+1.398	+6.891	+6.899	+6.899	+6.897	+6.999	+6.969	+7.122	+8.518	+0.226	+6.575	+4.782	+1.367	-0.242	+5.314	+11.259	+11.403	-0.231	-0.236	+3.887	+0.367	+14.169	+3.786	+10.630	-0.242	+11.188	-0.302	-0.315	-0.279	+0.603	-0.317	+0.568	+4.912	-0.316	+4.919	-0.314	-0.310	+7.525	+0.953	+5.149	+1.959	+0.486	+4.744	+2.138	+2.023	+0.529	+0.543	+0.552	+1.698	+0.556	+0.553	-0.308	-0.304	-0.321	+0.566	+5.146	-0.327	-0.333	+3.367	+1.104	-0.333	-0.334	-0.329	-0.322	-0.332	-0.333	-0.320	-0.290	-0.029	-0.278	-0.231	-0.306	-0.210	+0.529	+0.575	-0.188	+1.891	+0.135	+0.118	-0.312	+0.556	+0.532	-0.309	+0.001	+0.906	+0.489	+0.549	+0.493	+0.494	+0.494	+0.495	-0.036	-0.342	+0.495	+0.496	+0.958	-0.338	-0.344	-0.343	-0.264	+0.555	-0.290	-0.235	-0.294	-0.294	-0.181	+0.556	-0.294	-0.289	-0.230	-0.295	-0.245	-0.233	-0.299	-0.291	+0.825	-0.234	+0.572	-0.292	+0.583	+0.446	+0.844	-0.205	-0.190	-0.307	-0.232	+0.463	+0.796	
rs6949736      -0.386	-0.383	-0.387	-0.386	-0.386	-0.383	-0.386	-0.385	-0.412	+0.199	-0.380	-0.407	-0.410	-0.134	-0.382	-0.379	-0.376	-0.281	+0.080	+0.045	-0.028	-0.392	+5.817	+8.211	+8.200	+8.218	+8.224	+2.199	+2.170	+8.297	+5.451	+8.343	+8.253	+8.251	+8.356	+8.394	+8.402	+8.495	+8.514	+6.374	+8.563	+8.531	+3.746	+7.912	+7.892	+7.912	+8.098	+6.152	+8.502	+8.482	+8.535	+1.787	+8.549	+8.568	+3.050	+2.796	+2.768	+1.243	+1.173	+6.804	+6.812	+6.812	+6.810	+6.912	+6.888	+7.042	+8.541	+0.020	+6.426	+4.662	+1.204	-0.430	+5.189	+11.146	+11.311	-0.419	-0.424	+3.755	+0.173	+14.084	+3.654	+10.532	-0.431	+11.088	-0.491	-0.503	-0.468	+0.442	-0.506	+0.405	+4.786	-0.504	+4.792	-0.503	-0.499	+7.383	+0.798	+5.025	+1.771	+0.290	+4.612	+1.946	+1.834	+0.333	+0.347	+0.356	+1.471	+0.359	+0.357	-0.498	-0.495	-0.512	+0.370	+5.022	-0.517	-0.522	+3.159	+0.891	-0.522	-0.523	-0.517	-0.513	-0.520	-0.521	-0.511	-0.476	-0.225	-0.464	-0.416	-0.493	-0.391	+0.333	+0.378	-0.368	+1.665	-0.062	-0.080	-0.502	+0.360	+0.337	-0.499	-0.183	+0.686	+0.293	+0.354	+0.298	+0.299	+0.299	+0.300	-0.221	-0.532	+0.300	+0.301	+0.737	-0.529	-0.533	-0.533	-0.454	+0.359	-0.480	-0.421	-0.483	-0.484	-0.365	+0.360	-0.483	-0.479	-0.416	-0.485	-0.435	-0.418	-0.489	-0.481	+0.607	-0.419	+0.377	-0.482	+0.387	+0.258	+0.625	-0.390	-0.374	-0.497	-0.418	+0.250	+0.578	
rs17712671     -0.695	-0.648	-0.694	-0.695	-0.694	-0.649	-0.653	-0.694	-0.737	+0.046	-0.691	-0.732	-0.724	-0.187	-0.692	-0.689	-0.686	-0.612	-0.188	-0.207	-0.392	-0.416	+6.180	+8.401	+8.389	+8.408	+8.414	+1.555	+1.529	+8.489	+5.757	+8.537	+8.443	+8.442	+8.550	+8.589	+8.597	+8.693	+8.709	+6.738	+8.761	+8.728	+3.798	+8.059	+8.039	+8.059	+8.243	+6.454	+8.651	+8.626	+8.681	+1.489	+8.701	+8.717	+3.119	+2.835	+2.804	+0.640	+0.582	+6.970	+6.979	+6.978	+6.976	+7.081	+7.078	+7.249	+8.649	-0.395	+6.299	+4.463	+0.953	-0.789	+4.936	+11.081	+11.294	-0.793	-0.797	+3.522	-0.224	+14.078	+3.413	+10.488	-0.805	+11.034	-0.860	-0.875	-0.844	+0.086	-0.877	+0.036	+4.546	-0.876	+4.552	-0.873	-0.869	+7.189	+0.433	+4.791	+1.349	-0.111	+4.369	+1.509	+1.411	-0.071	-0.058	-0.050	+1.003	-0.047	-0.049	-0.870	-0.875	-0.891	-0.036	+4.804	-0.893	-0.895	+2.885	+0.468	-0.895	-0.896	-0.890	-0.892	-0.893	-0.894	-0.891	-0.841	-0.636	-0.828	-0.786	-0.859	-0.732	-0.073	-0.029	-0.708	+1.190	-0.450	-0.468	-0.877	-0.039	-0.064	-0.873	-0.538	+0.237	-0.105	-0.042	-0.100	-0.100	-0.100	-0.099	-0.578	-0.908	-0.098	-0.098	+0.289	-0.909	-0.909	-0.908	-0.827	-0.040	-0.852	-0.793	-0.856	-0.857	-0.721	-0.039	-0.856	-0.851	-0.787	-0.858	-0.808	-0.777	-0.861	-0.854	+0.165	-0.778	-0.023	-0.854	-0.013	-0.128	+0.184	-0.750	-0.734	-0.871	-0.789	-0.193	+0.138	
rs6974064      +5.989	+5.761	+5.959	+5.991	+5.992	+5.762	+5.765	+6.003	+5.880	+7.336	+6.042	+5.925	+5.717	+5.967	+6.033	+6.071	+6.086	+5.759	+5.982	+5.966	+5.817	+6.180	+6.346	+8.344	+8.335	+8.351	+8.356	+7.559	+7.536	+8.419	+6.206	+8.459	+8.381	+8.380	+8.472	+8.505	+8.512	+8.594	+8.610	+6.741	+8.653	+8.625	+5.941	+8.099	+8.085	+8.099	+8.267	+6.552	+8.616	+8.599	+8.648	+6.246	+8.660	+8.680	+7.228	+7.185	+7.164	+6.640	+6.584	+10.436	+10.442	+10.442	+10.440	+10.520	+10.458	+10.568	+11.165	+6.260	+12.357	+10.872	+6.860	+5.956	+11.536	+16.610	+16.312	+5.504	+5.503	+9.172	+6.709	+18.923	+9.082	+15.534	+5.503	+16.004	+5.505	+5.520	+5.507	+7.078	+5.513	+7.059	+11.383	+5.512	+11.383	+5.509	+5.505	+11.332	+7.497	+11.659	+10.119	+6.783	+11.058	+10.283	+10.210	+6.841	+6.864	+6.877	+7.436	+6.882	+6.879	+5.542	+5.608	+5.598	+6.897	+11.668	+5.562	+5.476	+9.132	+7.054	+5.476	+5.477	+5.469	+5.589	+5.471	+5.472	+5.605	+5.465	+6.294	+5.468	+5.497	+5.470	+5.531	+6.825	+6.899	+5.546	+7.657	+7.046	+6.998	+5.663	+6.894	+6.842	+5.677	+5.707	+6.636	+6.769	+6.853	+6.776	+6.776	+6.776	+6.777	+5.682	+5.469	+6.778	+6.779	+6.689	+5.475	+5.467	+5.467	+5.786	+6.887	+5.745	+5.575	+5.734	+5.733	+5.621	+6.887	+5.735	+5.748	+5.580	+5.731	+5.610	+5.565	+5.711	+5.741	+6.565	+5.563	+6.893	+5.738	+6.909	+5.725	+6.587	+5.586	+5.601	+5.688	+5.576	+6.150	+6.537	
rs4145715      +8.277	+8.088	+8.251	+8.279	+8.279	+8.089	+8.090	+8.290	+8.301	+9.046	+8.323	+8.352	+8.127	+8.268	+8.314	+8.348	+8.360	+8.116	+8.376	+8.358	+8.211	+8.401	+8.344	+8.722	+8.764	+8.773	+8.776	+8.192	+8.191	+8.818	+8.267	+8.848	+8.788	+8.787	+8.854	+8.883	+8.889	+8.969	+8.979	+8.450	+9.030	+8.996	+8.190	+8.622	+8.614	+8.621	+8.680	+8.409	+8.904	+8.888	+8.926	+8.469	+8.932	+8.942	+9.905	+9.879	+9.856	+8.144	+8.136	+13.174	+13.181	+13.180	+13.179	+13.255	+13.188	+13.282	+13.510	+8.792	+14.390	+12.957	+8.997	+8.360	+13.674	+19.575	+19.227	+7.872	+7.871	+11.409	+8.570	+20.822	+11.326	+18.433	+7.871	+18.901	+7.879	+7.897	+7.876	+9.271	+7.888	+9.260	+13.614	+7.886	+13.616	+7.882	+7.879	+12.809	+9.672	+13.902	+12.892	+8.640	+13.246	+13.050	+12.985	+8.684	+8.707	+8.721	+9.872	+8.727	+8.726	+7.919	+8.036	+8.029	+8.740	+13.863	+7.976	+7.879	+11.554	+9.395	+7.880	+7.881	+7.867	+8.017	+7.870	+7.872	+8.035	+7.843	+8.536	+7.839	+7.841	+7.858	+7.863	+8.694	+8.747	+7.870	+10.102	+9.314	+9.275	+8.119	+8.741	+8.706	+8.135	+8.025	+9.339	+8.656	+8.713	+8.661	+8.662	+8.662	+8.663	+8.004	+7.848	+8.664	+8.664	+9.403	+7.878	+7.861	+7.860	+8.254	+8.743	+8.212	+7.884	+8.198	+8.198	+7.906	+8.745	+8.199	+8.214	+7.887	+8.194	+8.093	+7.870	+8.167	+8.205	+9.258	+7.869	+8.752	+8.201	+8.766	+7.977	+9.279	+7.874	+7.884	+8.146	+7.885	+8.737	+9.219	
rs4145714      +8.265	+8.076	+8.239	+8.267	+8.268	+8.077	+8.079	+8.278	+8.290	+9.035	+8.311	+8.340	+8.116	+8.257	+8.302	+8.337	+8.349	+8.105	+8.365	+8.347	+8.200	+8.389	+8.335	+8.764	+8.710	+8.768	+8.771	+8.181	+8.180	+8.814	+8.257	+8.845	+8.783	+8.782	+8.851	+8.881	+8.887	+8.969	+8.979	+8.441	+9.031	+8.996	+8.178	+8.613	+8.606	+8.612	+8.674	+8.400	+8.900	+8.884	+8.922	+8.457	+8.928	+8.938	+9.896	+9.871	+9.847	+8.133	+8.126	+13.167	+13.173	+13.173	+13.171	+13.247	+13.180	+13.274	+13.503	+8.781	+14.379	+12.946	+8.986	+8.348	+13.662	+19.566	+19.218	+7.860	+7.860	+11.399	+8.559	+20.813	+11.316	+18.423	+7.860	+18.891	+7.868	+7.885	+7.865	+9.259	+7.876	+9.248	+13.603	+7.875	+13.605	+7.871	+7.868	+12.801	+9.660	+13.890	+12.878	+8.629	+13.234	+13.037	+12.972	+8.673	+8.695	+8.710	+9.861	+8.716	+8.714	+7.908	+8.024	+8.018	+8.729	+13.852	+7.965	+7.868	+11.542	+9.384	+7.868	+7.870	+7.856	+8.005	+7.859	+7.860	+8.024	+7.832	+8.524	+7.828	+7.829	+7.847	+7.852	+8.682	+8.736	+7.859	+10.091	+9.301	+9.262	+8.107	+8.729	+8.695	+8.123	+8.014	+9.328	+8.645	+8.702	+8.650	+8.650	+8.651	+8.652	+7.993	+7.837	+8.652	+8.653	+9.392	+7.867	+7.850	+7.849	+8.243	+8.732	+8.200	+7.872	+8.187	+8.186	+7.895	+8.733	+8.187	+8.203	+7.876	+8.182	+8.081	+7.858	+8.155	+8.193	+9.247	+7.857	+8.741	+8.189	+8.755	+7.966	+9.268	+7.863	+7.873	+8.134	+7.873	+8.725	+9.208	
rs4342545      +8.284	+8.095	+8.258	+8.286	+8.286	+8.096	+8.097	+8.297	+8.308	+9.053	+8.330	+8.359	+8.134	+8.275	+8.321	+8.355	+8.367	+8.123	+8.383	+8.365	+8.218	+8.408	+8.351	+8.773	+8.768	+8.729	+8.780	+8.199	+8.198	+8.822	+8.274	+8.852	+8.792	+8.791	+8.857	+8.887	+8.893	+8.972	+8.982	+8.455	+9.033	+8.999	+8.197	+8.628	+8.621	+8.627	+8.685	+8.414	+8.906	+8.891	+8.929	+8.479	+8.935	+8.945	+9.913	+9.888	+9.865	+8.151	+8.143	+13.183	+13.189	+13.189	+13.187	+13.263	+13.196	+13.290	+13.517	+8.800	+14.395	+12.963	+9.003	+8.368	+13.679	+19.581	+19.232	+7.879	+7.878	+11.415	+8.577	+20.826	+11.332	+18.437	+7.878	+18.905	+7.887	+7.904	+7.883	+9.277	+7.895	+9.266	+13.621	+7.893	+13.623	+7.890	+7.887	+12.815	+9.678	+13.909	+12.901	+8.647	+13.252	+13.059	+12.994	+8.691	+8.713	+8.728	+9.879	+8.734	+8.732	+7.926	+8.043	+8.037	+8.747	+13.870	+7.984	+7.886	+11.560	+9.402	+7.887	+7.888	+7.874	+8.024	+7.878	+7.879	+8.043	+7.850	+8.544	+7.846	+7.848	+7.865	+7.870	+8.700	+8.754	+7.877	+10.109	+9.321	+9.282	+8.126	+8.747	+8.713	+8.142	+8.032	+9.347	+8.663	+8.720	+8.668	+8.668	+8.668	+8.670	+8.011	+7.855	+8.670	+8.671	+9.410	+7.886	+7.868	+7.868	+8.262	+8.750	+8.220	+7.891	+8.206	+8.205	+7.913	+8.751	+8.206	+8.222	+7.894	+8.201	+8.100	+7.877	+8.174	+8.212	+9.265	+7.876	+8.759	+8.208	+8.772	+7.983	+9.286	+7.882	+7.891	+8.153	+7.892	+8.744	+9.227	
rs11972317     +8.290	+8.101	+8.264	+8.292	+8.292	+8.102	+8.103	+8.303	+8.315	+9.059	+8.336	+8.365	+8.141	+8.281	+8.327	+8.361	+8.374	+8.129	+8.389	+8.371	+8.224	+8.414	+8.356	+8.776	+8.771	+8.780	+8.735	+8.205	+8.204	+8.824	+8.279	+8.854	+8.795	+8.794	+8.860	+8.889	+8.895	+8.973	+8.983	+8.460	+9.034	+9.000	+8.204	+8.633	+8.626	+8.632	+8.689	+8.419	+8.909	+8.893	+8.931	+8.486	+8.937	+8.947	+9.920	+9.894	+9.871	+8.157	+8.149	+13.189	+13.196	+13.195	+13.193	+13.269	+13.202	+13.296	+13.522	+8.807	+14.400	+12.968	+9.009	+8.374	+13.685	+19.588	+19.238	+7.885	+7.884	+11.421	+8.583	+20.831	+11.338	+18.443	+7.884	+18.911	+7.893	+7.910	+7.889	+9.283	+7.901	+9.272	+13.627	+7.899	+13.629	+7.896	+7.893	+12.821	+9.685	+13.915	+12.907	+8.653	+13.258	+13.065	+13.001	+8.697	+8.720	+8.734	+9.885	+8.740	+8.739	+7.932	+8.050	+8.043	+8.753	+13.876	+7.990	+7.893	+11.566	+9.408	+7.893	+7.895	+7.880	+8.031	+7.884	+7.885	+8.049	+7.856	+8.550	+7.852	+7.854	+7.872	+7.876	+8.707	+8.760	+7.883	+10.115	+9.327	+9.288	+8.132	+8.754	+8.719	+8.149	+8.038	+9.353	+8.669	+8.726	+8.674	+8.674	+8.675	+8.676	+8.017	+7.861	+8.677	+8.677	+9.417	+7.892	+7.874	+7.874	+8.268	+8.756	+8.226	+7.897	+8.212	+8.211	+7.919	+8.757	+8.212	+8.228	+7.900	+8.208	+8.106	+7.883	+8.181	+8.219	+9.272	+7.882	+8.765	+8.214	+8.779	+7.990	+9.293	+7.888	+7.897	+8.160	+7.898	+8.750	+9.233	
rs74546969     +1.550	+1.522	+1.546	+1.551	+1.551	+1.522	+1.521	+1.553	+1.548	+2.293	+1.562	+1.566	+1.495	+2.225	+1.559	+1.566	+1.572	+1.722	+2.451	+2.427	+2.199	+1.555	+7.559	+8.192	+8.181	+8.199	+8.205	+2.178	+2.198	+8.278	+7.219	+8.324	+8.234	+8.232	+8.337	+8.376	+8.384	+8.477	+8.494	+8.045	+8.544	+8.512	+5.202	+7.877	+7.858	+7.877	+8.067	+7.804	+8.469	+8.447	+8.503	+2.273	+8.512	+8.527	+6.541	+6.208	+6.172	+1.912	+1.889	+11.081	+11.090	+11.089	+11.088	+11.196	+11.180	+11.325	+12.580	+2.105	+8.783	+6.999	+3.264	+1.500	+7.545	+14.759	+15.038	+1.520	+1.514	+6.241	+1.950	+16.664	+6.131	+14.205	+1.506	+14.760	+1.430	+1.413	+1.459	+2.545	+1.411	+2.504	+7.388	+1.413	+7.392	+1.415	+1.419	+9.384	+2.982	+7.655	+4.009	+2.037	+7.168	+4.177	+4.073	+2.075	+2.091	+2.102	+3.648	+2.106	+2.104	+1.418	+1.419	+1.402	+2.117	+7.649	+1.392	+1.381	+5.762	+3.056	+1.381	+1.380	+1.386	+1.399	+1.383	+1.382	+1.403	+1.415	+1.600	+1.426	+1.471	+1.409	+1.534	+2.084	+2.125	+1.556	+3.887	+1.811	+1.795	+1.422	+2.126	+2.098	+1.428	+1.728	+3.105	+2.061	+2.115	+2.066	+2.066	+2.066	+2.067	+1.689	+1.376	+2.068	+2.068	+3.176	+1.385	+1.374	+1.375	+1.484	+2.130	+1.455	+1.460	+1.451	+1.450	+1.511	+2.131	+1.450	+1.457	+1.465	+1.448	+1.581	+1.461	+1.442	+1.453	+3.006	+1.460	+2.140	+1.452	+2.151	+2.095	+3.029	+1.473	+1.488	+1.431	+1.462	+2.461	+2.965	
rs115743493    +1.523	+1.495	+1.519	+1.524	+1.524	+1.495	+1.494	+1.526	+1.521	+2.267	+1.535	+1.539	+1.468	+2.198	+1.532	+1.539	+1.545	+1.695	+2.422	+2.398	+2.170	+1.529	+7.536	+8.191	+8.180	+8.198	+8.204	+2.198	+2.149	+8.277	+7.195	+8.323	+8.233	+8.231	+8.336	+8.375	+8.383	+8.476	+8.494	+8.023	+8.544	+8.511	+5.178	+7.875	+7.856	+7.875	+8.065	+7.782	+8.468	+8.446	+8.502	+2.254	+8.512	+8.526	+6.506	+6.176	+6.140	+1.891	+1.867	+11.047	+11.057	+11.056	+11.054	+11.162	+11.145	+11.291	+12.544	+2.076	+8.756	+6.972	+3.238	+1.472	+7.518	+14.727	+15.005	+1.493	+1.487	+6.214	+1.924	+16.637	+6.104	+14.173	+1.479	+14.727	+1.403	+1.386	+1.432	+2.518	+1.384	+2.476	+7.360	+1.386	+7.364	+1.388	+1.392	+9.358	+2.955	+7.627	+3.979	+2.011	+7.140	+4.147	+4.042	+2.049	+2.065	+2.076	+3.617	+2.080	+2.079	+1.392	+1.392	+1.375	+2.091	+7.621	+1.365	+1.354	+5.733	+3.026	+1.354	+1.353	+1.359	+1.372	+1.357	+1.355	+1.376	+1.388	+1.573	+1.399	+1.445	+1.382	+1.507	+2.058	+2.099	+1.530	+3.856	+1.784	+1.768	+1.395	+2.100	+2.072	+1.401	+1.701	+3.075	+2.035	+2.089	+2.040	+2.040	+2.040	+2.041	+1.662	+1.349	+2.042	+2.042	+3.146	+1.358	+1.347	+1.348	+1.457	+2.104	+1.428	+1.434	+1.423	+1.423	+1.485	+2.105	+1.423	+1.430	+1.438	+1.421	+1.553	+1.434	+1.415	+1.426	+2.976	+1.434	+2.114	+1.425	+2.125	+2.069	+2.998	+1.447	+1.461	+1.404	+1.436	+2.431	+2.935	
