## Summary of overall evidence for association with region:
## log10(BF for region) = -0.284156
## p-value for region = NA

## BFs for choosing among multi-SNP models:
## log10(average 1-SNP BF) = -0.233459
## log10(average 2-SNP BF) = -0.407731

## Example posterior probabilities for multi-SNP models, based on default prior: [p(l) propto 0.5^l for l=1,2,...,L]
## posterior probability of 1-SNP = 0.749214
## posterior probability of 2-SNP = 0.250786

## log10(BF) for single SNP and pair of SNPs:
rs629991       -0.026	-0.128	-0.484	-0.484	-0.126	-0.119	-0.123	-0.482	-0.146	-0.159	-0.145	-0.504	-0.139	-0.096	-0.481	-0.031	-0.429	-0.188	+0.031	-0.415	-0.116	-0.413	-0.413	-0.407	-0.410	-0.415	-0.454	-0.451	-0.455	-0.456	-0.492	-0.489	-0.455	-0.074	-0.485	-0.486	-0.485	-0.061	-0.317	-0.319	-0.327	-0.347	-0.453	-0.336	-0.348	-0.340	-0.518	-0.339	-0.516	-0.343	-0.335	-0.329	-0.274	-0.292	+0.031	-0.290	-0.302	-0.326	+0.043	+0.054	+0.054	+0.054	-0.317	-0.506	-0.328	+0.039	-0.302	+0.006	-0.510	-0.019	-0.256	-0.224	-0.163	-0.486	-0.325	-0.481	-0.266	-0.489	-0.502	+0.029	-0.272	-0.490	-0.277	-0.434	+0.016	-0.487	-0.278	-0.278	-0.021	-0.295	-0.504	+0.003	-0.006	-0.194	+0.031	-0.156	-0.168	+0.007	-0.497	-0.497	-0.048	-0.504	+0.071	-0.506	-0.504	-0.010	-0.323	-0.011	-0.505	-0.306	-0.499	-0.308	-0.507	-0.024	-0.502	-0.333	-0.333	-0.333	-0.318	-0.335	-0.342	-0.362	-0.043	-0.502	-0.053	-0.507	-0.514	-0.294	-0.005	-0.302	-0.043	-0.045	+0.083	-0.046	-0.045	-0.260	-0.208	-0.013	-0.291	-0.288	-0.142	-0.326	-0.439	-0.154	-0.155	-0.112	-0.205	-0.286	-0.291	-0.290	-0.288	-0.230	-0.464	-0.106	-0.281	-0.078	-0.272	-0.271	-0.185	-0.158	-0.083	-0.314	-0.195	-0.077	-0.197	+0.110	-0.203	-0.505	-0.505	-0.509	-0.508	+0.058	
rs475099       -0.128	-0.119	-0.571	-0.571	-0.221	-0.226	-0.230	-0.564	-0.241	-0.240	-0.246	-0.589	-0.186	-0.194	-0.561	-0.128	-0.503	-0.265	-0.066	-0.502	-0.193	-0.486	-0.485	-0.479	-0.482	-0.487	-0.530	-0.527	-0.531	-0.532	-0.576	-0.574	-0.540	-0.162	-0.570	-0.572	-0.571	-0.150	-0.396	-0.398	-0.406	-0.427	-0.532	-0.416	-0.428	-0.420	-0.605	-0.419	-0.603	-0.423	-0.414	-0.409	-0.353	-0.371	-0.057	-0.368	-0.381	-0.406	-0.045	-0.035	-0.035	-0.035	-0.396	-0.593	-0.409	-0.049	-0.382	-0.082	-0.597	-0.107	-0.336	-0.303	-0.255	-0.572	-0.405	-0.567	-0.346	-0.575	-0.588	-0.060	-0.352	-0.571	-0.358	-0.523	-0.072	-0.573	-0.358	-0.358	-0.109	-0.376	-0.591	-0.085	-0.094	-0.273	-0.057	-0.234	-0.259	-0.082	-0.583	-0.583	-0.137	-0.591	-0.018	-0.593	-0.591	-0.099	-0.404	-0.099	-0.592	-0.387	-0.581	-0.388	-0.594	-0.113	-0.588	-0.414	-0.414	-0.414	-0.399	-0.417	-0.423	-0.442	-0.132	-0.588	-0.142	-0.594	-0.601	-0.384	-0.095	-0.392	-0.132	-0.134	-0.005	-0.134	-0.134	-0.350	-0.295	-0.103	-0.376	-0.372	-0.227	-0.411	-0.537	-0.239	-0.239	-0.196	-0.290	-0.371	-0.375	-0.374	-0.373	-0.318	-0.561	-0.190	-0.365	-0.162	-0.356	-0.355	-0.270	-0.241	-0.167	-0.398	-0.279	-0.161	-0.282	+0.030	-0.291	-0.594	-0.594	-0.598	-0.598	-0.025	
rs657270       -0.484	-0.571	-0.499	-0.627	-0.575	-0.583	-0.588	-0.639	-0.588	-0.577	-0.596	-0.871	-0.220	-0.671	-0.834	-0.601	-0.767	-0.524	-0.551	-0.845	-0.439	-0.744	-0.743	-0.736	-0.739	-0.747	-0.806	-0.802	-0.808	-0.810	-0.892	-0.803	-0.886	-0.535	-0.916	-0.918	-0.917	-0.522	-0.723	-0.725	-0.730	-0.756	-0.824	-0.745	-0.758	-0.749	-0.950	-0.748	-0.948	-0.752	-0.743	-0.737	-0.677	-0.697	-0.433	-0.695	-0.708	-0.735	-0.422	-0.411	-0.411	-0.411	-0.726	-0.941	-0.745	-0.423	-0.718	-0.457	-0.946	-0.482	-0.667	-0.633	-0.620	-0.919	-0.730	-0.914	-0.679	-0.923	-0.936	-0.435	-0.685	-0.879	-0.691	-0.873	-0.447	-0.920	-0.692	-0.692	-0.484	-0.711	-0.939	-0.459	-0.468	-0.603	-0.430	-0.556	-0.623	-0.456	-0.931	-0.931	-0.511	-0.939	-0.392	-0.942	-0.939	-0.473	-0.741	-0.473	-0.940	-0.722	-0.895	-0.724	-0.943	-0.487	-0.937	-0.751	-0.751	-0.752	-0.735	-0.755	-0.761	-0.776	-0.505	-0.936	-0.515	-0.942	-0.950	-0.748	-0.464	-0.755	-0.503	-0.508	-0.371	-0.509	-0.508	-0.711	-0.656	-0.480	-0.722	-0.719	-0.567	-0.759	-0.914	-0.579	-0.580	-0.537	-0.635	-0.717	-0.721	-0.720	-0.719	-0.676	-0.933	-0.530	-0.711	-0.503	-0.701	-0.701	-0.615	-0.581	-0.508	-0.746	-0.620	-0.502	-0.627	-0.294	-0.649	-0.944	-0.944	-0.949	-0.948	-0.363	
rs658573       -0.484	-0.571	-0.627	-0.498	-0.575	-0.583	-0.588	-0.640	-0.588	-0.578	-0.596	-0.870	-0.221	-0.671	-0.834	-0.600	-0.767	-0.523	-0.551	-0.844	-0.439	-0.744	-0.743	-0.735	-0.739	-0.746	-0.806	-0.802	-0.808	-0.810	-0.892	-0.802	-0.885	-0.534	-0.915	-0.918	-0.916	-0.522	-0.723	-0.724	-0.730	-0.756	-0.824	-0.744	-0.758	-0.749	-0.950	-0.747	-0.948	-0.752	-0.743	-0.737	-0.677	-0.697	-0.433	-0.694	-0.708	-0.734	-0.421	-0.411	-0.411	-0.411	-0.725	-0.941	-0.745	-0.423	-0.718	-0.457	-0.945	-0.481	-0.667	-0.633	-0.620	-0.918	-0.730	-0.913	-0.679	-0.922	-0.936	-0.434	-0.685	-0.879	-0.691	-0.872	-0.446	-0.919	-0.691	-0.691	-0.484	-0.711	-0.938	-0.459	-0.468	-0.603	-0.430	-0.556	-0.622	-0.456	-0.930	-0.931	-0.511	-0.939	-0.391	-0.941	-0.939	-0.473	-0.740	-0.473	-0.940	-0.722	-0.895	-0.723	-0.942	-0.486	-0.936	-0.751	-0.751	-0.751	-0.735	-0.754	-0.760	-0.776	-0.505	-0.936	-0.515	-0.942	-0.950	-0.747	-0.463	-0.754	-0.503	-0.508	-0.370	-0.509	-0.508	-0.711	-0.655	-0.480	-0.721	-0.718	-0.566	-0.758	-0.913	-0.579	-0.579	-0.537	-0.635	-0.716	-0.721	-0.719	-0.718	-0.675	-0.933	-0.530	-0.711	-0.502	-0.701	-0.700	-0.615	-0.581	-0.507	-0.745	-0.620	-0.501	-0.626	-0.294	-0.648	-0.943	-0.944	-0.948	-0.948	-0.362	
rs478777       -0.126	-0.221	-0.575	-0.575	-0.123	-0.228	-0.233	-0.568	-0.244	-0.242	-0.249	-0.593	-0.188	-0.198	-0.565	-0.132	-0.506	-0.268	-0.070	-0.505	-0.196	-0.489	-0.488	-0.482	-0.485	-0.490	-0.533	-0.530	-0.534	-0.536	-0.580	-0.577	-0.544	-0.166	-0.574	-0.576	-0.574	-0.153	-0.399	-0.401	-0.409	-0.431	-0.535	-0.419	-0.432	-0.424	-0.608	-0.422	-0.607	-0.426	-0.418	-0.412	-0.356	-0.374	-0.061	-0.372	-0.384	-0.409	-0.049	-0.039	-0.039	-0.038	-0.400	-0.597	-0.412	-0.053	-0.385	-0.086	-0.601	-0.111	-0.339	-0.306	-0.259	-0.575	-0.408	-0.570	-0.349	-0.579	-0.592	-0.064	-0.355	-0.574	-0.361	-0.527	-0.076	-0.576	-0.361	-0.361	-0.113	-0.379	-0.594	-0.089	-0.098	-0.276	-0.060	-0.237	-0.263	-0.086	-0.586	-0.587	-0.141	-0.594	-0.021	-0.597	-0.594	-0.103	-0.408	-0.103	-0.596	-0.390	-0.585	-0.392	-0.598	-0.117	-0.592	-0.418	-0.418	-0.418	-0.402	-0.420	-0.427	-0.446	-0.136	-0.592	-0.146	-0.598	-0.605	-0.388	-0.099	-0.395	-0.136	-0.137	-0.009	-0.138	-0.137	-0.353	-0.298	-0.106	-0.379	-0.376	-0.230	-0.415	-0.541	-0.242	-0.243	-0.200	-0.294	-0.374	-0.379	-0.378	-0.376	-0.322	-0.565	-0.193	-0.369	-0.166	-0.359	-0.359	-0.273	-0.245	-0.171	-0.402	-0.283	-0.165	-0.285	+0.027	-0.295	-0.597	-0.598	-0.602	-0.602	-0.029	
rs473233       -0.119	-0.226	-0.583	-0.583	-0.228	-0.132	-0.238	-0.576	-0.249	-0.246	-0.255	-0.601	-0.192	-0.208	-0.573	-0.141	-0.513	-0.276	-0.080	-0.514	-0.203	-0.496	-0.495	-0.489	-0.492	-0.497	-0.540	-0.537	-0.542	-0.543	-0.588	-0.586	-0.552	-0.175	-0.582	-0.584	-0.583	-0.162	-0.407	-0.409	-0.417	-0.438	-0.543	-0.427	-0.439	-0.431	-0.617	-0.430	-0.615	-0.434	-0.426	-0.420	-0.364	-0.382	-0.070	-0.379	-0.392	-0.417	-0.058	-0.047	-0.047	-0.047	-0.407	-0.605	-0.420	-0.062	-0.393	-0.095	-0.610	-0.120	-0.347	-0.314	-0.267	-0.584	-0.416	-0.579	-0.357	-0.587	-0.600	-0.072	-0.363	-0.582	-0.369	-0.536	-0.085	-0.585	-0.369	-0.369	-0.122	-0.387	-0.603	-0.098	-0.107	-0.284	-0.069	-0.245	-0.272	-0.095	-0.595	-0.595	-0.150	-0.603	-0.030	-0.605	-0.603	-0.112	-0.415	-0.112	-0.604	-0.398	-0.593	-0.399	-0.606	-0.126	-0.601	-0.426	-0.426	-0.426	-0.410	-0.428	-0.435	-0.454	-0.144	-0.600	-0.155	-0.606	-0.614	-0.397	-0.107	-0.404	-0.145	-0.146	-0.017	-0.147	-0.146	-0.362	-0.307	-0.115	-0.388	-0.384	-0.239	-0.423	-0.550	-0.251	-0.251	-0.208	-0.302	-0.383	-0.387	-0.386	-0.385	-0.330	-0.574	-0.202	-0.377	-0.174	-0.368	-0.367	-0.282	-0.253	-0.179	-0.410	-0.291	-0.173	-0.294	+0.019	-0.303	-0.606	-0.606	-0.611	-0.611	-0.037	
rs576508       -0.123	-0.230	-0.588	-0.588	-0.233	-0.238	-0.137	-0.580	-0.247	-0.244	-0.254	-0.605	-0.195	-0.213	-0.577	-0.146	-0.517	-0.280	-0.085	-0.519	-0.208	-0.500	-0.499	-0.493	-0.496	-0.501	-0.544	-0.541	-0.546	-0.547	-0.593	-0.590	-0.557	-0.180	-0.587	-0.589	-0.587	-0.167	-0.412	-0.414	-0.421	-0.443	-0.547	-0.432	-0.444	-0.436	-0.622	-0.435	-0.620	-0.439	-0.430	-0.425	-0.368	-0.387	-0.075	-0.384	-0.396	-0.422	-0.063	-0.052	-0.052	-0.052	-0.412	-0.610	-0.425	-0.066	-0.398	-0.100	-0.614	-0.125	-0.351	-0.319	-0.272	-0.589	-0.421	-0.583	-0.362	-0.592	-0.605	-0.077	-0.368	-0.586	-0.373	-0.541	-0.090	-0.589	-0.374	-0.374	-0.127	-0.392	-0.607	-0.103	-0.112	-0.289	-0.074	-0.250	-0.277	-0.099	-0.600	-0.600	-0.155	-0.608	-0.035	-0.610	-0.608	-0.116	-0.420	-0.117	-0.609	-0.403	-0.597	-0.404	-0.611	-0.130	-0.605	-0.430	-0.430	-0.430	-0.415	-0.433	-0.439	-0.458	-0.149	-0.605	-0.160	-0.611	-0.618	-0.401	-0.112	-0.409	-0.150	-0.151	-0.022	-0.152	-0.151	-0.367	-0.312	-0.120	-0.392	-0.389	-0.243	-0.428	-0.555	-0.255	-0.256	-0.213	-0.306	-0.387	-0.392	-0.390	-0.389	-0.335	-0.579	-0.206	-0.382	-0.179	-0.372	-0.372	-0.286	-0.257	-0.184	-0.415	-0.296	-0.178	-0.298	+0.015	-0.308	-0.611	-0.611	-0.616	-0.615	-0.042	
rs3016303      -0.482	-0.564	-0.639	-0.640	-0.568	-0.576	-0.580	-0.453	-0.579	-0.570	-0.587	-0.828	-0.230	-0.639	-0.802	-0.572	-0.740	-0.484	-0.525	-0.802	-0.400	-0.718	-0.717	-0.709	-0.712	-0.720	-0.777	-0.772	-0.779	-0.780	-0.855	-0.738	-0.849	-0.496	-0.878	-0.879	-0.878	-0.483	-0.698	-0.700	-0.706	-0.730	-0.790	-0.719	-0.732	-0.723	-0.909	-0.722	-0.907	-0.726	-0.717	-0.712	-0.654	-0.673	-0.395	-0.671	-0.684	-0.709	-0.384	-0.374	-0.373	-0.373	-0.700	-0.900	-0.718	-0.385	-0.692	-0.419	-0.903	-0.443	-0.643	-0.609	-0.578	-0.880	-0.704	-0.875	-0.654	-0.884	-0.896	-0.396	-0.660	-0.843	-0.666	-0.826	-0.408	-0.881	-0.666	-0.666	-0.445	-0.685	-0.898	-0.420	-0.429	-0.580	-0.393	-0.534	-0.580	-0.418	-0.891	-0.891	-0.472	-0.898	-0.353	-0.900	-0.898	-0.434	-0.713	-0.435	-0.899	-0.696	-0.858	-0.697	-0.901	-0.448	-0.896	-0.724	-0.724	-0.724	-0.708	-0.727	-0.733	-0.748	-0.466	-0.896	-0.476	-0.901	-0.907	-0.706	-0.428	-0.713	-0.468	-0.468	-0.338	-0.469	-0.468	-0.671	-0.616	-0.440	-0.684	-0.681	-0.527	-0.720	-0.865	-0.539	-0.540	-0.498	-0.596	-0.678	-0.683	-0.681	-0.680	-0.626	-0.886	-0.491	-0.673	-0.464	-0.663	-0.663	-0.577	-0.544	-0.469	-0.707	-0.582	-0.463	-0.588	-0.252	-0.598	-0.899	-0.900	-0.902	-0.902	-0.325	
rs521455       -0.146	-0.241	-0.588	-0.588	-0.244	-0.249	-0.247	-0.579	-0.137	-0.234	-0.243	-0.605	-0.195	-0.212	-0.577	-0.146	-0.517	-0.280	-0.084	-0.518	-0.207	-0.500	-0.500	-0.494	-0.496	-0.502	-0.545	-0.541	-0.546	-0.547	-0.592	-0.590	-0.557	-0.179	-0.587	-0.589	-0.588	-0.167	-0.413	-0.415	-0.422	-0.444	-0.547	-0.432	-0.445	-0.437	-0.621	-0.435	-0.620	-0.440	-0.431	-0.426	-0.369	-0.387	-0.074	-0.385	-0.397	-0.422	-0.063	-0.052	-0.052	-0.052	-0.413	-0.610	-0.426	-0.066	-0.399	-0.099	-0.614	-0.124	-0.352	-0.320	-0.272	-0.589	-0.421	-0.584	-0.363	-0.592	-0.605	-0.077	-0.368	-0.586	-0.374	-0.540	-0.089	-0.589	-0.374	-0.374	-0.126	-0.392	-0.607	-0.102	-0.111	-0.290	-0.073	-0.250	-0.276	-0.099	-0.600	-0.600	-0.154	-0.608	-0.035	-0.610	-0.607	-0.116	-0.421	-0.116	-0.609	-0.404	-0.597	-0.405	-0.611	-0.130	-0.605	-0.431	-0.431	-0.431	-0.415	-0.433	-0.440	-0.459	-0.149	-0.605	-0.159	-0.611	-0.618	-0.401	-0.111	-0.408	-0.149	-0.151	-0.022	-0.152	-0.151	-0.366	-0.311	-0.120	-0.392	-0.389	-0.243	-0.428	-0.554	-0.255	-0.256	-0.213	-0.306	-0.387	-0.392	-0.390	-0.389	-0.335	-0.578	-0.206	-0.382	-0.179	-0.372	-0.371	-0.286	-0.257	-0.184	-0.415	-0.295	-0.178	-0.298	+0.015	-0.308	-0.610	-0.611	-0.615	-0.615	-0.041	
rs477783       -0.159	-0.240	-0.577	-0.578	-0.242	-0.246	-0.244	-0.570	-0.234	-0.126	-0.235	-0.595	-0.190	-0.200	-0.567	-0.134	-0.509	-0.270	-0.072	-0.508	-0.198	-0.492	-0.491	-0.485	-0.488	-0.493	-0.536	-0.532	-0.537	-0.538	-0.582	-0.580	-0.547	-0.168	-0.577	-0.578	-0.577	-0.156	-0.403	-0.405	-0.413	-0.434	-0.538	-0.423	-0.435	-0.427	-0.611	-0.426	-0.609	-0.430	-0.421	-0.416	-0.360	-0.378	-0.063	-0.375	-0.388	-0.413	-0.051	-0.041	-0.041	-0.041	-0.403	-0.599	-0.416	-0.055	-0.389	-0.088	-0.603	-0.113	-0.343	-0.310	-0.261	-0.578	-0.412	-0.573	-0.353	-0.582	-0.594	-0.066	-0.359	-0.577	-0.364	-0.529	-0.078	-0.579	-0.365	-0.365	-0.115	-0.383	-0.597	-0.091	-0.100	-0.280	-0.062	-0.241	-0.265	-0.088	-0.589	-0.590	-0.143	-0.597	-0.024	-0.599	-0.597	-0.105	-0.411	-0.105	-0.598	-0.394	-0.587	-0.395	-0.600	-0.119	-0.595	-0.421	-0.421	-0.421	-0.406	-0.423	-0.430	-0.449	-0.138	-0.594	-0.148	-0.600	-0.607	-0.390	-0.100	-0.397	-0.138	-0.140	-0.011	-0.141	-0.140	-0.356	-0.301	-0.109	-0.381	-0.378	-0.233	-0.417	-0.542	-0.244	-0.245	-0.202	-0.296	-0.377	-0.381	-0.380	-0.379	-0.324	-0.566	-0.196	-0.371	-0.168	-0.362	-0.361	-0.275	-0.247	-0.173	-0.404	-0.285	-0.167	-0.287	+0.025	-0.297	-0.599	-0.600	-0.604	-0.604	-0.031	
rs11236417     -0.145	-0.246	-0.596	-0.596	-0.249	-0.255	-0.254	-0.587	-0.243	-0.235	-0.145	-0.613	-0.199	-0.221	-0.584	-0.155	-0.524	-0.287	-0.093	-0.526	-0.214	-0.507	-0.506	-0.500	-0.503	-0.508	-0.551	-0.548	-0.553	-0.554	-0.600	-0.597	-0.565	-0.187	-0.595	-0.597	-0.595	-0.175	-0.420	-0.422	-0.429	-0.451	-0.554	-0.440	-0.452	-0.444	-0.629	-0.442	-0.628	-0.447	-0.438	-0.433	-0.376	-0.395	-0.082	-0.392	-0.404	-0.430	-0.071	-0.060	-0.060	-0.060	-0.420	-0.618	-0.433	-0.074	-0.406	-0.107	-0.622	-0.132	-0.359	-0.327	-0.280	-0.596	-0.428	-0.591	-0.370	-0.600	-0.613	-0.085	-0.376	-0.594	-0.381	-0.548	-0.097	-0.597	-0.382	-0.382	-0.135	-0.400	-0.615	-0.110	-0.119	-0.297	-0.081	-0.257	-0.284	-0.107	-0.607	-0.608	-0.162	-0.615	-0.043	-0.618	-0.615	-0.124	-0.428	-0.124	-0.617	-0.411	-0.605	-0.412	-0.619	-0.138	-0.613	-0.438	-0.438	-0.438	-0.423	-0.440	-0.447	-0.466	-0.157	-0.613	-0.167	-0.618	-0.626	-0.409	-0.119	-0.416	-0.157	-0.159	-0.029	-0.160	-0.159	-0.374	-0.319	-0.128	-0.399	-0.396	-0.251	-0.435	-0.563	-0.263	-0.263	-0.220	-0.314	-0.395	-0.399	-0.398	-0.397	-0.343	-0.587	-0.214	-0.389	-0.186	-0.380	-0.379	-0.294	-0.265	-0.191	-0.422	-0.303	-0.185	-0.306	+0.008	-0.316	-0.618	-0.619	-0.623	-0.623	-0.049	
rs578101       -0.504	-0.589	-0.871	-0.870	-0.593	-0.601	-0.605	-0.828	-0.605	-0.595	-0.613	-0.531	-0.105	-0.698	-0.558	-0.625	-0.755	-0.419	-0.575	-0.847	-0.318	-0.730	-0.729	-0.721	-0.725	-0.735	-0.804	-0.800	-0.807	-0.809	-0.869	-0.780	-0.900	-0.500	-0.932	-0.934	-0.933	-0.486	-0.731	-0.732	-0.737	-0.765	-0.843	-0.754	-0.768	-0.759	-0.961	-0.757	-0.960	-0.762	-0.752	-0.746	-0.683	-0.704	-0.386	-0.701	-0.716	-0.743	-0.374	-0.362	-0.362	-0.362	-0.734	-0.956	-0.757	-0.376	-0.730	-0.414	-0.960	-0.443	-0.677	-0.642	-0.661	-0.937	-0.742	-0.932	-0.690	-0.940	-0.952	-0.393	-0.696	-0.901	-0.703	-0.880	-0.407	-0.938	-0.703	-0.703	-0.449	-0.724	-0.955	-0.421	-0.431	-0.612	-0.398	-0.561	-0.663	-0.419	-0.948	-0.948	-0.480	-0.955	-0.347	-0.957	-0.955	-0.438	-0.754	-0.438	-0.956	-0.735	-0.918	-0.736	-0.958	-0.453	-0.954	-0.765	-0.765	-0.765	-0.749	-0.769	-0.775	-0.788	-0.474	-0.953	-0.485	-0.958	-0.965	-0.783	-0.459	-0.790	-0.501	-0.480	-0.368	-0.481	-0.480	-0.747	-0.692	-0.453	-0.747	-0.744	-0.601	-0.785	-0.959	-0.613	-0.614	-0.571	-0.659	-0.742	-0.747	-0.746	-0.745	-0.664	-0.976	-0.564	-0.737	-0.537	-0.727	-0.726	-0.639	-0.614	-0.542	-0.772	-0.653	-0.536	-0.651	-0.285	-0.634	-0.966	-0.967	-0.968	-0.968	-0.397	
rs542994       -0.139	-0.186	-0.220	-0.221	-0.188	-0.192	-0.195	-0.230	-0.195	-0.190	-0.199	-0.105	+0.156	-0.099	-0.188	-0.046	-0.262	-0.105	-0.008	-0.199	-0.050	-0.247	-0.246	-0.241	-0.243	-0.247	-0.284	-0.282	-0.285	-0.287	-0.264	-0.228	-0.304	+0.070	-0.320	-0.321	-0.321	+0.081	-0.239	-0.241	-0.247	-0.261	-0.311	-0.253	-0.261	-0.256	-0.327	-0.255	-0.328	-0.258	-0.252	-0.248	-0.208	-0.222	+0.164	-0.220	-0.229	-0.246	+0.175	+0.185	+0.185	+0.185	-0.239	-0.321	-0.245	+0.172	-0.227	+0.141	-0.320	+0.125	-0.190	-0.165	-0.003	-0.323	-0.237	-0.322	-0.198	-0.324	-0.323	+0.164	-0.202	-0.327	-0.206	-0.201	+0.153	-0.323	-0.207	-0.207	+0.118	-0.220	-0.322	+0.141	+0.133	-0.142	+0.156	-0.109	+0.000	+0.144	-0.323	-0.323	+0.093	-0.323	+0.209	-0.322	-0.323	+0.129	-0.240	+0.128	-0.323	-0.227	-0.331	-0.228	-0.322	+0.116	-0.323	-0.247	-0.247	-0.247	-0.236	-0.248	-0.253	-0.268	+0.098	-0.324	+0.089	-0.323	-0.315	-0.130	+0.118	-0.137	+0.080	+0.098	+0.189	+0.098	+0.099	-0.106	-0.051	+0.127	-0.129	-0.126	+0.039	-0.161	-0.210	+0.027	+0.026	+0.066	-0.038	-0.123	-0.128	-0.126	-0.125	-0.044	-0.240	+0.073	-0.119	+0.099	-0.110	-0.109	-0.019	+0.010	+0.095	-0.149	-0.026	+0.100	-0.030	+0.277	-0.016	-0.302	-0.300	-0.291	-0.290	+0.232	
rs71467876     -0.096	-0.194	-0.671	-0.671	-0.198	-0.208	-0.213	-0.639	-0.212	-0.200	-0.221	-0.698	-0.099	-0.256	-0.636	-0.350	-0.532	-0.317	-0.299	-0.631	-0.234	-0.508	-0.507	-0.499	-0.502	-0.511	-0.573	-0.569	-0.576	-0.578	-0.679	-0.563	-0.655	-0.296	-0.690	-0.693	-0.691	-0.284	-0.465	-0.466	-0.472	-0.500	-0.538	-0.488	-0.502	-0.493	-0.735	-0.491	-0.732	-0.496	-0.486	-0.480	-0.416	-0.437	-0.189	-0.434	-0.449	-0.478	-0.177	-0.166	-0.166	-0.166	-0.469	-0.726	-0.493	-0.180	-0.465	-0.217	-0.733	-0.242	-0.411	-0.374	-0.398	-0.694	-0.477	-0.688	-0.424	-0.699	-0.719	-0.193	-0.430	-0.610	-0.437	-0.674	-0.206	-0.696	-0.437	-0.437	-0.247	-0.459	-0.723	-0.219	-0.229	-0.344	-0.185	-0.292	-0.401	-0.217	-0.711	-0.712	-0.276	-0.723	-0.144	-0.726	-0.723	-0.234	-0.490	-0.235	-0.725	-0.469	-0.631	-0.470	-0.728	-0.249	-0.720	-0.501	-0.501	-0.502	-0.484	-0.505	-0.511	-0.524	-0.268	-0.718	-0.279	-0.726	-0.741	-0.533	-0.233	-0.540	-0.278	-0.272	-0.132	-0.273	-0.272	-0.491	-0.434	-0.243	-0.488	-0.485	-0.334	-0.526	-0.770	-0.347	-0.347	-0.303	-0.402	-0.480	-0.485	-0.484	-0.482	-0.435	-0.777	-0.296	-0.475	-0.267	-0.464	-0.463	-0.382	-0.337	-0.272	-0.512	-0.379	-0.266	-0.394	-0.009	-0.406	-0.737	-0.740	-0.751	-0.752	-0.118	
rs492136       -0.481	-0.561	-0.834	-0.834	-0.565	-0.573	-0.577	-0.802	-0.577	-0.567	-0.584	-0.558	-0.188	-0.636	-0.461	-0.568	-0.734	-0.318	-0.519	-0.782	-0.212	-0.711	-0.711	-0.703	-0.707	-0.715	-0.775	-0.771	-0.777	-0.779	-0.816	-0.678	-0.848	-0.419	-0.876	-0.877	-0.877	-0.405	-0.698	-0.700	-0.705	-0.730	-0.796	-0.719	-0.732	-0.724	-0.897	-0.722	-0.897	-0.727	-0.718	-0.712	-0.653	-0.673	-0.303	-0.670	-0.683	-0.709	-0.290	-0.278	-0.278	-0.278	-0.700	-0.893	-0.719	-0.293	-0.693	-0.332	-0.895	-0.361	-0.643	-0.609	-0.600	-0.880	-0.706	-0.876	-0.655	-0.883	-0.891	-0.310	-0.661	-0.849	-0.667	-0.805	-0.325	-0.881	-0.667	-0.667	-0.367	-0.687	-0.892	-0.339	-0.350	-0.581	-0.320	-0.533	-0.600	-0.337	-0.888	-0.888	-0.400	-0.893	-0.263	-0.894	-0.893	-0.356	-0.715	-0.357	-0.894	-0.698	-0.865	-0.699	-0.895	-0.372	-0.892	-0.726	-0.726	-0.726	-0.710	-0.729	-0.735	-0.750	-0.393	-0.892	-0.405	-0.895	-0.898	-0.720	-0.392	-0.727	-0.434	-0.400	-0.306	-0.401	-0.400	-0.688	-0.634	-0.372	-0.689	-0.685	-0.542	-0.725	-0.878	-0.554	-0.555	-0.514	-0.598	-0.683	-0.688	-0.687	-0.686	-0.587	-0.898	-0.507	-0.679	-0.480	-0.669	-0.668	-0.579	-0.560	-0.485	-0.712	-0.598	-0.479	-0.590	-0.225	-0.555	-0.898	-0.898	-0.896	-0.896	-0.342	
rs12272818     -0.031	-0.128	-0.601	-0.600	-0.132	-0.141	-0.146	-0.572	-0.146	-0.134	-0.155	-0.625	-0.046	-0.350	-0.568	-0.166	-0.471	-0.245	-0.205	-0.555	-0.162	-0.448	-0.447	-0.439	-0.442	-0.450	-0.510	-0.506	-0.513	-0.514	-0.609	-0.426	-0.582	-0.219	-0.616	-0.619	-0.617	-0.206	-0.397	-0.398	-0.404	-0.431	-0.455	-0.420	-0.434	-0.425	-0.660	-0.423	-0.657	-0.428	-0.418	-0.412	-0.349	-0.370	-0.111	-0.367	-0.382	-0.410	-0.099	-0.088	-0.088	-0.088	-0.402	-0.652	-0.427	-0.102	-0.400	-0.139	-0.658	-0.166	-0.346	-0.310	-0.321	-0.621	-0.411	-0.615	-0.359	-0.626	-0.645	-0.115	-0.365	-0.529	-0.372	-0.596	-0.128	-0.622	-0.372	-0.372	-0.168	-0.393	-0.648	-0.141	-0.151	-0.280	-0.107	-0.229	-0.323	-0.138	-0.637	-0.638	-0.197	-0.648	-0.063	-0.652	-0.648	-0.156	-0.423	-0.156	-0.650	-0.402	-0.549	-0.404	-0.653	-0.170	-0.645	-0.435	-0.434	-0.435	-0.417	-0.438	-0.444	-0.456	-0.190	-0.643	-0.200	-0.651	-0.665	-0.458	-0.163	-0.465	-0.208	-0.194	-0.063	-0.194	-0.194	-0.417	-0.362	-0.164	-0.415	-0.412	-0.262	-0.451	-0.693	-0.275	-0.276	-0.232	-0.330	-0.406	-0.411	-0.409	-0.408	-0.353	-0.700	-0.225	-0.400	-0.196	-0.390	-0.389	-0.310	-0.264	-0.201	-0.437	-0.306	-0.195	-0.321	+0.063	-0.323	-0.661	-0.663	-0.674	-0.674	-0.049	
rs534812       -0.429	-0.503	-0.767	-0.767	-0.506	-0.513	-0.517	-0.740	-0.517	-0.509	-0.524	-0.755	-0.262	-0.532	-0.734	-0.471	-0.334	-0.066	-0.427	-0.667	+0.057	-0.444	-0.443	-0.436	-0.443	-0.464	-0.526	-0.526	-0.528	-0.530	-0.688	-0.683	-0.741	-0.262	-0.762	-0.764	-0.764	-0.248	-0.616	-0.617	-0.624	-0.645	-0.687	-0.634	-0.646	-0.639	-0.786	-0.637	-0.786	-0.641	-0.633	-0.628	-0.574	-0.592	-0.140	-0.589	-0.601	-0.625	-0.127	-0.114	-0.114	-0.114	-0.616	-0.767	-0.641	-0.130	-0.618	-0.171	-0.767	-0.200	-0.574	-0.543	-0.499	-0.767	-0.625	-0.765	-0.584	-0.768	-0.769	-0.150	-0.589	-0.738	-0.595	-0.681	-0.165	-0.768	-0.595	-0.595	-0.210	-0.612	-0.769	-0.181	-0.192	-0.516	-0.166	-0.473	-0.498	-0.179	-0.769	-0.769	-0.245	-0.769	-0.099	-0.769	-0.770	-0.199	-0.638	-0.199	-0.770	-0.622	-0.752	-0.623	-0.769	-0.216	-0.770	-0.647	-0.647	-0.647	-0.633	-0.650	-0.655	-0.661	-0.238	-0.771	-0.250	-0.770	-0.766	-0.623	-0.306	-0.629	-0.346	-0.244	-0.224	-0.246	-0.244	-0.597	-0.550	-0.217	-0.578	-0.574	-0.468	-0.611	-0.753	-0.479	-0.480	-0.441	-0.516	-0.571	-0.576	-0.575	-0.573	-0.456	-0.774	-0.434	-0.567	-0.410	-0.557	-0.556	-0.498	-0.455	-0.414	-0.599	-0.492	-0.409	-0.508	-0.109	-0.423	-0.766	-0.765	-0.777	-0.776	-0.278	
rs2070763      -0.188	-0.265	-0.524	-0.523	-0.268	-0.276	-0.280	-0.484	-0.280	-0.270	-0.287	-0.419	-0.105	-0.317	-0.318	-0.245	-0.066	-0.120	-0.194	-0.433	-0.143	-0.018	-0.017	-0.005	-0.011	-0.026	-0.134	-0.127	-0.138	-0.142	-0.427	-0.564	-0.409	-0.259	-0.475	-0.478	-0.475	-0.250	-0.276	-0.283	-0.287	-0.319	-0.518	-0.307	-0.323	-0.313	-0.535	-0.311	-0.530	-0.317	-0.306	-0.299	-0.230	-0.253	-0.175	-0.250	-0.266	-0.296	-0.165	-0.156	-0.156	-0.156	-0.289	-0.532	-0.326	-0.169	-0.296	-0.198	-0.544	-0.213	-0.235	-0.196	-0.204	-0.484	-0.290	-0.474	-0.248	-0.491	-0.520	-0.175	-0.255	-0.565	-0.262	-0.515	-0.185	-0.486	-0.262	-0.262	-0.217	-0.284	-0.527	-0.195	-0.202	-0.162	-0.158	-0.114	-0.215	-0.192	-0.510	-0.511	-0.239	-0.529	-0.136	-0.535	-0.529	-0.206	-0.318	-0.206	-0.532	-0.297	-0.578	-0.299	-0.537	-0.217	-0.523	-0.330	-0.330	-0.330	-0.311	-0.333	-0.341	-0.345	-0.233	-0.522	-0.241	-0.536	-0.564	-0.361	-0.148	-0.370	-0.185	-0.233	-0.041	-0.233	-0.233	-0.305	-0.240	-0.206	-0.332	-0.330	-0.151	-0.376	-0.627	-0.165	-0.166	-0.117	-0.259	-0.327	-0.332	-0.331	-0.329	-0.369	-0.638	-0.109	-0.321	-0.078	-0.310	-0.309	-0.237	-0.139	-0.083	-0.360	-0.186	-0.077	-0.250	+0.059	-0.347	-0.584	-0.588	-0.600	-0.601	+0.078	
rs3094303      +0.031	-0.066	-0.551	-0.551	-0.070	-0.080	-0.085	-0.525	-0.084	-0.072	-0.093	-0.575	-0.008	-0.299	-0.519	-0.205	-0.427	-0.194	-0.104	-0.502	-0.111	-0.404	-0.403	-0.395	-0.398	-0.406	-0.465	-0.461	-0.467	-0.469	-0.558	-0.347	-0.531	-0.162	-0.564	-0.567	-0.565	-0.149	-0.348	-0.350	-0.355	-0.383	-0.397	-0.371	-0.385	-0.376	-0.607	-0.374	-0.604	-0.379	-0.369	-0.363	-0.301	-0.322	-0.054	-0.319	-0.334	-0.361	-0.042	-0.031	-0.031	-0.031	-0.354	-0.599	-0.378	-0.045	-0.352	-0.083	-0.605	-0.110	-0.299	-0.263	-0.266	-0.569	-0.363	-0.563	-0.312	-0.574	-0.592	-0.058	-0.318	-0.472	-0.324	-0.541	-0.071	-0.571	-0.325	-0.325	-0.112	-0.345	-0.596	-0.084	-0.094	-0.233	-0.050	-0.182	-0.268	-0.081	-0.585	-0.586	-0.141	-0.596	-0.005	-0.599	-0.596	-0.099	-0.375	-0.099	-0.597	-0.354	-0.492	-0.356	-0.600	-0.114	-0.593	-0.386	-0.386	-0.386	-0.369	-0.389	-0.395	-0.407	-0.133	-0.591	-0.144	-0.599	-0.611	-0.405	-0.111	-0.412	-0.157	-0.137	-0.013	-0.138	-0.137	-0.365	-0.310	-0.107	-0.363	-0.359	-0.210	-0.397	-0.639	-0.222	-0.223	-0.179	-0.277	-0.353	-0.358	-0.356	-0.355	-0.295	-0.646	-0.172	-0.348	-0.143	-0.337	-0.336	-0.257	-0.211	-0.149	-0.384	-0.253	-0.143	-0.269	+0.119	-0.264	-0.607	-0.609	-0.620	-0.620	+0.004	
rs747545       -0.415	-0.502	-0.845	-0.844	-0.505	-0.514	-0.519	-0.802	-0.518	-0.508	-0.526	-0.847	-0.199	-0.631	-0.782	-0.555	-0.667	-0.433	-0.502	-0.477	-0.342	-0.639	-0.638	-0.629	-0.633	-0.642	-0.716	-0.711	-0.718	-0.721	-0.816	-0.808	-0.809	-0.466	-0.846	-0.849	-0.847	-0.452	-0.623	-0.625	-0.632	-0.662	-0.766	-0.650	-0.666	-0.655	-0.894	-0.654	-0.892	-0.659	-0.648	-0.641	-0.571	-0.594	-0.354	-0.591	-0.607	-0.638	-0.342	-0.330	-0.330	-0.330	-0.630	-0.880	-0.651	-0.345	-0.620	-0.383	-0.885	-0.410	-0.561	-0.521	-0.581	-0.854	-0.640	-0.847	-0.575	-0.858	-0.875	-0.360	-0.582	-0.831	-0.590	-0.750	-0.373	-0.856	-0.591	-0.591	-0.415	-0.614	-0.879	-0.387	-0.397	-0.488	-0.345	-0.431	-0.585	-0.385	-0.869	-0.870	-0.446	-0.880	-0.315	-0.883	-0.880	-0.403	-0.649	-0.403	-0.881	-0.628	-0.850	-0.630	-0.884	-0.418	-0.877	-0.662	-0.662	-0.662	-0.643	-0.666	-0.673	-0.692	-0.438	-0.877	-0.449	-0.884	-0.896	-0.709	-0.369	-0.717	-0.413	-0.443	-0.281	-0.444	-0.443	-0.673	-0.616	-0.416	-0.671	-0.667	-0.527	-0.712	-0.905	-0.540	-0.541	-0.496	-0.590	-0.665	-0.670	-0.669	-0.667	-0.629	-0.923	-0.489	-0.660	-0.460	-0.649	-0.648	-0.569	-0.527	-0.466	-0.698	-0.569	-0.460	-0.582	-0.188	-0.599	-0.895	-0.896	-0.909	-0.909	-0.314	
rs4348932      -0.116	-0.193	-0.439	-0.439	-0.196	-0.203	-0.208	-0.400	-0.207	-0.198	-0.214	-0.318	-0.050	-0.234	-0.212	-0.162	+0.057	-0.143	-0.111	-0.342	-0.028	+0.098	+0.100	+0.112	+0.106	+0.090	-0.022	-0.015	-0.026	-0.030	-0.333	-0.479	-0.314	-0.182	-0.383	-0.387	-0.384	-0.173	-0.186	-0.194	-0.198	-0.230	-0.444	-0.219	-0.235	-0.224	-0.445	-0.223	-0.440	-0.228	-0.217	-0.211	-0.141	-0.164	-0.099	-0.161	-0.177	-0.208	-0.090	-0.081	-0.081	-0.081	-0.201	-0.443	-0.239	-0.094	-0.209	-0.123	-0.455	-0.137	-0.147	-0.108	-0.112	-0.393	-0.201	-0.383	-0.160	-0.400	-0.430	-0.099	-0.167	-0.489	-0.174	-0.427	-0.109	-0.395	-0.174	-0.174	-0.140	-0.196	-0.437	-0.119	-0.126	-0.073	-0.082	-0.025	-0.123	-0.115	-0.420	-0.421	-0.161	-0.439	-0.061	-0.445	-0.439	-0.129	-0.230	-0.129	-0.442	-0.209	-0.501	-0.211	-0.448	-0.140	-0.434	-0.243	-0.243	-0.243	-0.224	-0.246	-0.253	-0.256	-0.155	-0.432	-0.163	-0.447	-0.476	-0.273	-0.068	-0.282	-0.105	-0.155	+0.040	-0.155	-0.155	-0.217	-0.150	-0.128	-0.246	-0.244	-0.062	-0.290	-0.543	-0.075	-0.076	-0.026	-0.174	-0.241	-0.246	-0.245	-0.243	-0.288	-0.553	-0.019	-0.235	+0.013	-0.224	-0.223	-0.152	-0.047	+0.008	-0.275	-0.095	+0.014	-0.165	+0.142	-0.266	-0.499	-0.502	-0.514	-0.515	+0.170	
rs478668       -0.413	-0.486	-0.744	-0.744	-0.489	-0.496	-0.500	-0.718	-0.500	-0.492	-0.507	-0.730	-0.247	-0.508	-0.711	-0.448	-0.444	-0.018	-0.404	-0.639	+0.098	-0.307	-0.421	-0.419	-0.424	-0.443	-0.487	-0.489	-0.488	-0.490	-0.657	-0.654	-0.717	-0.226	-0.737	-0.738	-0.738	-0.212	-0.596	-0.597	-0.604	-0.624	-0.664	-0.614	-0.626	-0.618	-0.759	-0.617	-0.759	-0.621	-0.613	-0.607	-0.554	-0.572	-0.103	-0.570	-0.581	-0.605	-0.090	-0.077	-0.077	-0.077	-0.596	-0.740	-0.621	-0.092	-0.598	-0.134	-0.739	-0.164	-0.555	-0.525	-0.475	-0.741	-0.605	-0.740	-0.565	-0.742	-0.742	-0.113	-0.570	-0.714	-0.576	-0.652	-0.129	-0.742	-0.576	-0.576	-0.174	-0.593	-0.741	-0.145	-0.156	-0.498	-0.131	-0.456	-0.473	-0.142	-0.743	-0.743	-0.210	-0.742	-0.062	-0.742	-0.743	-0.163	-0.618	-0.164	-0.743	-0.602	-0.728	-0.603	-0.742	-0.180	-0.743	-0.627	-0.627	-0.627	-0.613	-0.629	-0.635	-0.640	-0.202	-0.744	-0.215	-0.743	-0.738	-0.599	-0.279	-0.604	-0.320	-0.209	-0.199	-0.210	-0.209	-0.574	-0.527	-0.181	-0.554	-0.551	-0.446	-0.587	-0.725	-0.457	-0.458	-0.419	-0.493	-0.547	-0.552	-0.551	-0.549	-0.424	-0.746	-0.413	-0.543	-0.388	-0.533	-0.532	-0.475	-0.432	-0.393	-0.575	-0.469	-0.388	-0.486	-0.082	-0.391	-0.738	-0.737	-0.749	-0.748	-0.257	
rs6592609      -0.413	-0.485	-0.743	-0.743	-0.488	-0.495	-0.499	-0.717	-0.500	-0.491	-0.506	-0.729	-0.246	-0.507	-0.711	-0.447	-0.443	-0.017	-0.403	-0.638	+0.100	-0.421	-0.306	-0.418	-0.424	-0.442	-0.485	-0.487	-0.486	-0.488	-0.656	-0.653	-0.716	-0.225	-0.736	-0.737	-0.737	-0.211	-0.596	-0.596	-0.603	-0.624	-0.663	-0.613	-0.625	-0.617	-0.758	-0.616	-0.758	-0.620	-0.612	-0.607	-0.554	-0.571	-0.102	-0.569	-0.581	-0.604	-0.088	-0.076	-0.075	-0.075	-0.595	-0.739	-0.620	-0.091	-0.597	-0.133	-0.737	-0.163	-0.554	-0.524	-0.474	-0.740	-0.604	-0.739	-0.564	-0.741	-0.741	-0.112	-0.569	-0.713	-0.575	-0.651	-0.127	-0.741	-0.575	-0.575	-0.173	-0.592	-0.740	-0.143	-0.155	-0.497	-0.130	-0.455	-0.472	-0.141	-0.742	-0.742	-0.208	-0.741	-0.060	-0.741	-0.741	-0.162	-0.617	-0.162	-0.741	-0.601	-0.727	-0.602	-0.741	-0.179	-0.742	-0.626	-0.626	-0.626	-0.612	-0.629	-0.634	-0.639	-0.201	-0.743	-0.214	-0.742	-0.736	-0.598	-0.278	-0.603	-0.319	-0.207	-0.198	-0.209	-0.208	-0.573	-0.526	-0.180	-0.553	-0.550	-0.445	-0.586	-0.723	-0.456	-0.457	-0.418	-0.492	-0.546	-0.551	-0.550	-0.548	-0.423	-0.745	-0.412	-0.542	-0.387	-0.532	-0.531	-0.474	-0.431	-0.392	-0.574	-0.468	-0.387	-0.485	-0.081	-0.390	-0.737	-0.736	-0.747	-0.747	-0.257	
rs571632       -0.407	-0.479	-0.736	-0.735	-0.482	-0.489	-0.493	-0.709	-0.494	-0.485	-0.500	-0.721	-0.241	-0.499	-0.703	-0.439	-0.436	-0.005	-0.395	-0.629	+0.112	-0.419	-0.418	-0.297	-0.421	-0.438	-0.473	-0.476	-0.474	-0.476	-0.646	-0.644	-0.708	-0.215	-0.727	-0.729	-0.729	-0.201	-0.589	-0.590	-0.596	-0.617	-0.655	-0.607	-0.618	-0.611	-0.749	-0.609	-0.749	-0.613	-0.605	-0.600	-0.547	-0.565	-0.092	-0.562	-0.574	-0.597	-0.078	-0.065	-0.065	-0.065	-0.589	-0.730	-0.614	-0.081	-0.591	-0.123	-0.728	-0.153	-0.548	-0.518	-0.466	-0.732	-0.598	-0.731	-0.558	-0.733	-0.732	-0.102	-0.563	-0.705	-0.569	-0.641	-0.117	-0.733	-0.569	-0.569	-0.163	-0.586	-0.731	-0.133	-0.145	-0.492	-0.120	-0.450	-0.464	-0.131	-0.733	-0.733	-0.199	-0.732	-0.050	-0.732	-0.733	-0.152	-0.610	-0.152	-0.733	-0.595	-0.719	-0.596	-0.732	-0.169	-0.734	-0.620	-0.619	-0.620	-0.606	-0.622	-0.627	-0.632	-0.191	-0.734	-0.204	-0.733	-0.727	-0.590	-0.270	-0.595	-0.311	-0.198	-0.190	-0.199	-0.198	-0.565	-0.519	-0.170	-0.545	-0.542	-0.438	-0.578	-0.714	-0.449	-0.449	-0.411	-0.484	-0.538	-0.543	-0.542	-0.541	-0.413	-0.735	-0.405	-0.534	-0.380	-0.524	-0.524	-0.467	-0.424	-0.385	-0.566	-0.461	-0.380	-0.477	-0.073	-0.380	-0.728	-0.727	-0.738	-0.738	-0.250	
rs2508620      -0.410	-0.482	-0.739	-0.739	-0.485	-0.492	-0.496	-0.712	-0.496	-0.488	-0.503	-0.725	-0.243	-0.502	-0.707	-0.442	-0.443	-0.011	-0.398	-0.633	+0.106	-0.424	-0.424	-0.421	-0.301	-0.435	-0.473	-0.476	-0.473	-0.475	-0.650	-0.648	-0.711	-0.219	-0.731	-0.732	-0.732	-0.205	-0.592	-0.593	-0.599	-0.620	-0.659	-0.610	-0.621	-0.614	-0.753	-0.612	-0.753	-0.616	-0.608	-0.603	-0.550	-0.568	-0.096	-0.565	-0.577	-0.600	-0.083	-0.070	-0.070	-0.070	-0.592	-0.734	-0.617	-0.085	-0.594	-0.127	-0.732	-0.157	-0.551	-0.521	-0.470	-0.736	-0.601	-0.734	-0.561	-0.736	-0.736	-0.107	-0.566	-0.709	-0.572	-0.646	-0.122	-0.736	-0.572	-0.572	-0.168	-0.589	-0.735	-0.138	-0.149	-0.494	-0.125	-0.452	-0.468	-0.136	-0.737	-0.737	-0.203	-0.736	-0.055	-0.736	-0.736	-0.156	-0.613	-0.157	-0.736	-0.598	-0.723	-0.599	-0.736	-0.173	-0.737	-0.623	-0.622	-0.623	-0.609	-0.625	-0.630	-0.636	-0.196	-0.738	-0.208	-0.737	-0.731	-0.593	-0.274	-0.599	-0.314	-0.202	-0.194	-0.204	-0.203	-0.568	-0.522	-0.175	-0.549	-0.545	-0.441	-0.582	-0.718	-0.452	-0.453	-0.414	-0.488	-0.542	-0.546	-0.545	-0.544	-0.418	-0.739	-0.408	-0.537	-0.383	-0.528	-0.527	-0.470	-0.427	-0.388	-0.570	-0.464	-0.383	-0.481	-0.077	-0.384	-0.732	-0.731	-0.742	-0.742	-0.253	
rs2508619      -0.415	-0.487	-0.747	-0.746	-0.490	-0.497	-0.501	-0.720	-0.502	-0.493	-0.508	-0.735	-0.247	-0.511	-0.715	-0.450	-0.464	-0.026	-0.406	-0.642	+0.090	-0.443	-0.442	-0.438	-0.435	-0.310	-0.470	-0.474	-0.471	-0.473	-0.658	-0.658	-0.719	-0.231	-0.739	-0.741	-0.741	-0.217	-0.600	-0.601	-0.607	-0.628	-0.667	-0.618	-0.629	-0.622	-0.761	-0.620	-0.762	-0.624	-0.616	-0.611	-0.558	-0.576	-0.108	-0.573	-0.585	-0.608	-0.095	-0.082	-0.082	-0.082	-0.600	-0.742	-0.624	-0.098	-0.601	-0.139	-0.741	-0.169	-0.558	-0.528	-0.479	-0.744	-0.609	-0.743	-0.569	-0.745	-0.744	-0.118	-0.574	-0.717	-0.579	-0.655	-0.134	-0.745	-0.579	-0.579	-0.179	-0.596	-0.744	-0.150	-0.161	-0.502	-0.136	-0.459	-0.477	-0.147	-0.746	-0.746	-0.215	-0.745	-0.067	-0.744	-0.745	-0.168	-0.621	-0.168	-0.745	-0.605	-0.732	-0.606	-0.744	-0.185	-0.746	-0.630	-0.630	-0.630	-0.617	-0.633	-0.638	-0.644	-0.207	-0.747	-0.220	-0.746	-0.740	-0.602	-0.284	-0.608	-0.324	-0.214	-0.203	-0.215	-0.214	-0.577	-0.530	-0.186	-0.558	-0.554	-0.450	-0.591	-0.728	-0.460	-0.461	-0.422	-0.496	-0.551	-0.555	-0.554	-0.553	-0.428	-0.749	-0.416	-0.546	-0.392	-0.537	-0.536	-0.479	-0.436	-0.396	-0.579	-0.473	-0.391	-0.489	-0.086	-0.395	-0.741	-0.740	-0.751	-0.751	-0.261	
rs11236430     -0.454	-0.530	-0.806	-0.806	-0.533	-0.540	-0.544	-0.777	-0.545	-0.536	-0.551	-0.804	-0.284	-0.573	-0.775	-0.510	-0.526	-0.134	-0.465	-0.716	-0.022	-0.487	-0.485	-0.473	-0.473	-0.470	-0.383	-0.500	-0.504	-0.511	-0.730	-0.732	-0.782	-0.312	-0.805	-0.807	-0.806	-0.299	-0.651	-0.652	-0.658	-0.681	-0.728	-0.670	-0.682	-0.675	-0.830	-0.673	-0.831	-0.677	-0.669	-0.663	-0.608	-0.626	-0.192	-0.624	-0.636	-0.661	-0.179	-0.166	-0.166	-0.166	-0.652	-0.813	-0.676	-0.181	-0.652	-0.222	-0.813	-0.251	-0.607	-0.575	-0.543	-0.810	-0.661	-0.808	-0.618	-0.811	-0.813	-0.201	-0.623	-0.780	-0.629	-0.730	-0.216	-0.811	-0.629	-0.629	-0.261	-0.647	-0.814	-0.232	-0.243	-0.548	-0.216	-0.504	-0.542	-0.229	-0.813	-0.814	-0.296	-0.815	-0.151	-0.815	-0.815	-0.250	-0.673	-0.250	-0.815	-0.656	-0.795	-0.657	-0.815	-0.266	-0.815	-0.683	-0.682	-0.683	-0.668	-0.685	-0.691	-0.698	-0.288	-0.816	-0.300	-0.816	-0.813	-0.667	-0.350	-0.672	-0.390	-0.294	-0.266	-0.296	-0.295	-0.639	-0.591	-0.267	-0.622	-0.618	-0.509	-0.656	-0.804	-0.520	-0.521	-0.481	-0.558	-0.615	-0.620	-0.619	-0.618	-0.505	-0.825	-0.475	-0.611	-0.450	-0.601	-0.600	-0.540	-0.497	-0.455	-0.644	-0.535	-0.449	-0.551	-0.153	-0.472	-0.814	-0.813	-0.824	-0.824	-0.317	
rs3018101      -0.451	-0.527	-0.802	-0.802	-0.530	-0.537	-0.541	-0.772	-0.541	-0.532	-0.548	-0.800	-0.282	-0.569	-0.771	-0.506	-0.526	-0.127	-0.461	-0.711	-0.015	-0.489	-0.487	-0.476	-0.476	-0.474	-0.500	-0.377	-0.501	-0.508	-0.725	-0.727	-0.778	-0.306	-0.800	-0.802	-0.802	-0.293	-0.648	-0.649	-0.655	-0.677	-0.724	-0.667	-0.679	-0.671	-0.825	-0.669	-0.826	-0.673	-0.665	-0.660	-0.605	-0.623	-0.186	-0.620	-0.633	-0.657	-0.173	-0.160	-0.160	-0.160	-0.648	-0.808	-0.673	-0.175	-0.649	-0.216	-0.807	-0.245	-0.604	-0.572	-0.538	-0.805	-0.657	-0.803	-0.614	-0.806	-0.808	-0.195	-0.620	-0.775	-0.625	-0.725	-0.210	-0.806	-0.625	-0.625	-0.255	-0.643	-0.809	-0.226	-0.237	-0.545	-0.210	-0.501	-0.537	-0.224	-0.809	-0.809	-0.290	-0.810	-0.145	-0.810	-0.810	-0.244	-0.669	-0.244	-0.810	-0.653	-0.790	-0.654	-0.810	-0.260	-0.810	-0.679	-0.679	-0.679	-0.665	-0.682	-0.687	-0.694	-0.282	-0.811	-0.295	-0.811	-0.808	-0.662	-0.345	-0.668	-0.385	-0.288	-0.262	-0.290	-0.289	-0.635	-0.587	-0.261	-0.617	-0.614	-0.505	-0.651	-0.799	-0.516	-0.516	-0.477	-0.554	-0.611	-0.615	-0.614	-0.613	-0.499	-0.819	-0.471	-0.606	-0.446	-0.596	-0.596	-0.536	-0.493	-0.451	-0.639	-0.530	-0.445	-0.546	-0.148	-0.467	-0.808	-0.807	-0.819	-0.818	-0.314	
rs693870       -0.455	-0.531	-0.808	-0.808	-0.534	-0.542	-0.546	-0.779	-0.546	-0.537	-0.553	-0.807	-0.285	-0.576	-0.777	-0.513	-0.528	-0.138	-0.467	-0.718	-0.026	-0.488	-0.486	-0.474	-0.473	-0.471	-0.504	-0.501	-0.385	-0.513	-0.733	-0.735	-0.785	-0.315	-0.807	-0.809	-0.809	-0.302	-0.653	-0.654	-0.660	-0.683	-0.730	-0.672	-0.684	-0.676	-0.833	-0.675	-0.833	-0.679	-0.670	-0.665	-0.610	-0.628	-0.195	-0.626	-0.638	-0.662	-0.182	-0.169	-0.169	-0.169	-0.654	-0.815	-0.678	-0.184	-0.654	-0.225	-0.815	-0.254	-0.608	-0.577	-0.545	-0.812	-0.662	-0.810	-0.619	-0.814	-0.816	-0.204	-0.625	-0.782	-0.630	-0.733	-0.219	-0.813	-0.631	-0.631	-0.264	-0.648	-0.816	-0.235	-0.246	-0.549	-0.219	-0.505	-0.544	-0.232	-0.816	-0.816	-0.298	-0.817	-0.154	-0.817	-0.817	-0.253	-0.675	-0.253	-0.817	-0.658	-0.797	-0.659	-0.817	-0.269	-0.818	-0.684	-0.684	-0.684	-0.670	-0.687	-0.693	-0.700	-0.291	-0.818	-0.303	-0.818	-0.815	-0.669	-0.352	-0.675	-0.392	-0.297	-0.268	-0.298	-0.297	-0.641	-0.593	-0.270	-0.624	-0.621	-0.511	-0.658	-0.807	-0.522	-0.523	-0.483	-0.560	-0.618	-0.622	-0.621	-0.620	-0.507	-0.827	-0.477	-0.613	-0.452	-0.603	-0.603	-0.542	-0.500	-0.457	-0.646	-0.537	-0.451	-0.553	-0.155	-0.475	-0.816	-0.815	-0.827	-0.826	-0.319	
rs565976       -0.456	-0.532	-0.810	-0.810	-0.536	-0.543	-0.547	-0.780	-0.547	-0.538	-0.554	-0.809	-0.287	-0.578	-0.779	-0.514	-0.530	-0.142	-0.469	-0.721	-0.030	-0.490	-0.488	-0.476	-0.475	-0.473	-0.511	-0.508	-0.513	-0.388	-0.735	-0.737	-0.787	-0.318	-0.809	-0.811	-0.811	-0.304	-0.655	-0.656	-0.662	-0.684	-0.732	-0.674	-0.686	-0.678	-0.835	-0.676	-0.835	-0.681	-0.672	-0.667	-0.612	-0.630	-0.198	-0.627	-0.640	-0.664	-0.184	-0.172	-0.172	-0.172	-0.655	-0.818	-0.680	-0.187	-0.656	-0.228	-0.818	-0.256	-0.610	-0.578	-0.547	-0.814	-0.664	-0.812	-0.621	-0.816	-0.818	-0.207	-0.626	-0.784	-0.632	-0.736	-0.222	-0.815	-0.632	-0.632	-0.267	-0.650	-0.819	-0.237	-0.248	-0.551	-0.221	-0.506	-0.546	-0.235	-0.818	-0.818	-0.301	-0.820	-0.156	-0.820	-0.820	-0.255	-0.676	-0.256	-0.820	-0.660	-0.799	-0.661	-0.820	-0.272	-0.820	-0.686	-0.686	-0.686	-0.672	-0.689	-0.694	-0.702	-0.294	-0.820	-0.306	-0.821	-0.818	-0.671	-0.354	-0.677	-0.394	-0.300	-0.270	-0.301	-0.300	-0.643	-0.595	-0.272	-0.626	-0.623	-0.513	-0.660	-0.810	-0.524	-0.525	-0.485	-0.562	-0.620	-0.624	-0.623	-0.622	-0.510	-0.830	-0.479	-0.615	-0.454	-0.605	-0.605	-0.544	-0.502	-0.458	-0.648	-0.539	-0.453	-0.555	-0.157	-0.477	-0.819	-0.818	-0.829	-0.829	-0.321	
rs538451       -0.492	-0.576	-0.892	-0.892	-0.580	-0.588	-0.593	-0.855	-0.592	-0.582	-0.600	-0.869	-0.264	-0.679	-0.816	-0.609	-0.688	-0.427	-0.558	-0.816	-0.333	-0.657	-0.656	-0.646	-0.650	-0.658	-0.730	-0.725	-0.733	-0.735	-0.515	-0.758	-0.866	-0.483	-0.897	-0.900	-0.899	-0.468	-0.713	-0.716	-0.720	-0.749	-0.831	-0.738	-0.752	-0.743	-0.936	-0.741	-0.935	-0.746	-0.736	-0.730	-0.666	-0.687	-0.368	-0.685	-0.699	-0.727	-0.355	-0.344	-0.344	-0.344	-0.718	-0.919	-0.738	-0.358	-0.711	-0.397	-0.921	-0.424	-0.657	-0.620	-0.657	-0.905	-0.726	-0.901	-0.670	-0.908	-0.917	-0.375	-0.676	-0.888	-0.683	-0.852	-0.389	-0.907	-0.683	-0.683	-0.431	-0.704	-0.919	-0.403	-0.414	-0.590	-0.383	-0.537	-0.658	-0.401	-0.914	-0.915	-0.463	-0.920	-0.328	-0.921	-0.920	-0.420	-0.735	-0.420	-0.921	-0.716	-0.905	-0.718	-0.922	-0.435	-0.919	-0.747	-0.747	-0.747	-0.730	-0.750	-0.757	-0.773	-0.456	-0.919	-0.467	-0.923	-0.926	-0.779	-0.474	-0.786	-0.514	-0.461	-0.382	-0.462	-0.461	-0.745	-0.693	-0.434	-0.741	-0.738	-0.605	-0.777	-0.920	-0.617	-0.617	-0.576	-0.668	-0.736	-0.741	-0.739	-0.738	-0.648	-0.940	-0.569	-0.731	-0.543	-0.721	-0.720	-0.650	-0.603	-0.548	-0.765	-0.642	-0.542	-0.661	-0.274	-0.617	-0.924	-0.924	-0.937	-0.936	-0.404	
rs1043638      -0.489	-0.574	-0.803	-0.802	-0.577	-0.586	-0.590	-0.738	-0.590	-0.580	-0.597	-0.780	-0.228	-0.563	-0.678	-0.426	-0.683	-0.564	-0.347	-0.808	-0.479	-0.654	-0.653	-0.644	-0.648	-0.658	-0.732	-0.727	-0.735	-0.737	-0.758	-0.522	-0.795	-0.559	-0.851	-0.854	-0.851	-0.548	-0.591	-0.596	-0.602	-0.636	-0.812	-0.623	-0.640	-0.629	-0.910	-0.626	-0.905	-0.632	-0.621	-0.613	-0.539	-0.563	-0.459	-0.560	-0.576	-0.610	-0.448	-0.438	-0.438	-0.437	-0.600	-0.903	-0.636	-0.451	-0.605	-0.487	-0.914	-0.508	-0.541	-0.500	-0.595	-0.857	-0.619	-0.847	-0.556	-0.864	-0.891	-0.463	-0.562	-0.875	-0.570	-0.885	-0.475	-0.859	-0.570	-0.570	-0.513	-0.595	-0.898	-0.487	-0.496	-0.464	-0.447	-0.412	-0.607	-0.484	-0.880	-0.881	-0.540	-0.898	-0.422	-0.904	-0.899	-0.501	-0.631	-0.501	-0.902	-0.609	-0.894	-0.611	-0.907	-0.514	-0.893	-0.644	-0.644	-0.644	-0.624	-0.649	-0.656	-0.663	-0.533	-0.893	-0.543	-0.908	-0.933	-0.737	-0.451	-0.746	-0.490	-0.536	-0.338	-0.537	-0.536	-0.684	-0.621	-0.509	-0.684	-0.681	-0.540	-0.731	-1.000	-0.554	-0.554	-0.506	-0.605	-0.680	-0.685	-0.683	-0.682	-0.709	-1.009	-0.498	-0.673	-0.468	-0.662	-0.661	-0.583	-0.533	-0.473	-0.714	-0.577	-0.467	-0.596	-0.268	-0.684	-0.945	-0.949	-0.961	-0.962	-0.317	
