## Summary of overall evidence for association with region:
## log10(BF for region) = -0.304888
## p-value for region = NA

## BFs for choosing among multi-SNP models:
## log10(average 1-SNP BF) = -0.243813
## log10(average 2-SNP BF) = -0.46103

## Example posterior probabilities for multi-SNP models, based on default prior: [p(l) propto 0.5^l for l=1,2,...,L]
## posterior probability of 1-SNP = 0.767332
## posterior probability of 2-SNP = 0.232668

## log10(BF) for single SNP and pair of SNPs:
rs138332251    +0.588	+0.580	+0.171	+0.204	+0.214	+0.272	+0.201	+0.199	+0.312	+0.203	+0.224	+0.206	+0.206	+0.303	+0.307	+0.201	+0.210	+0.234	+0.239	+0.240	+0.252	+0.274	+0.262	+0.183	+0.172	+0.212	+0.196	+0.275	+0.290	+0.215	+0.140	+0.187	+0.153	+0.148	+0.136	+0.143	+0.417	+0.416	+0.158	+0.354	+0.355	+0.424	+0.201	+0.145	+0.353	+0.207	+0.130	-0.023	+0.138	+0.218	+0.074	+0.143	+0.434	+0.438	+0.425	+0.057	+0.202	-0.021	-0.032	+0.354	+0.381	+0.316	+0.343	-0.014	+0.376	+0.139	+0.208	+0.145	+0.278	+0.201	+0.017	+0.013	+0.201	+0.200	-0.029	+0.280	-0.040	+0.014	+0.012	+0.280	+0.010	-0.038	-0.038	+0.280	+0.012	+0.010	+0.015	+0.280	+0.281	+0.280	+0.019	+0.015	+0.281	-0.038	+0.285	+0.007	+0.005	+0.012	+0.280	+0.147	+0.123	+0.281	+0.144	+0.015	+0.016	+0.148	+0.227	+0.326	-0.005	+0.000	+0.049	+0.104	-0.018	-0.019	+0.255	+0.260	+0.261	+0.543	-0.005	-0.005	+0.064	+0.067	+0.003	-0.022	+0.218	+0.253	+0.250	-0.022	-0.022	+0.271	+0.092	+0.087	+0.169	-0.008	+0.012	+0.072	+0.073	+0.044	+0.028	-0.007	+0.307	+0.089	+0.043	+0.029	+0.048	+0.101	+0.041	-0.043	-0.024	-0.002	+0.153	+0.066	+0.045	+0.033	+0.032	+0.031	-0.024	+0.012	-0.013	+0.042	+0.066	+0.041	+0.664	-0.000	+0.038	+0.147	+0.014	+0.032	+0.056	-0.004	-0.016	+0.001	-0.016	+0.231	
rs138677428    +0.580	+0.614	+0.195	+0.228	+0.239	+0.297	+0.226	+0.224	+0.337	+0.226	+0.249	+0.231	+0.231	+0.328	+0.332	+0.225	+0.235	+0.259	+0.264	+0.265	+0.277	+0.299	+0.287	+0.208	+0.197	+0.237	+0.220	+0.300	+0.315	+0.239	+0.164	+0.211	+0.176	+0.169	+0.159	+0.170	+0.433	+0.433	+0.182	+0.373	+0.378	+0.440	+0.222	+0.169	+0.373	+0.229	+0.154	+0.001	+0.162	+0.239	+0.097	+0.167	+0.450	+0.454	+0.441	+0.082	+0.224	+0.003	-0.008	+0.376	+0.399	+0.338	+0.362	+0.010	+0.394	+0.163	+0.232	+0.166	+0.301	+0.224	+0.039	+0.035	+0.224	+0.224	-0.005	+0.303	-0.016	+0.036	+0.034	+0.303	+0.032	-0.015	-0.015	+0.303	+0.034	+0.032	+0.037	+0.303	+0.303	+0.302	+0.041	+0.037	+0.303	-0.015	+0.307	+0.029	+0.027	+0.035	+0.303	+0.168	+0.148	+0.304	+0.164	+0.039	+0.040	+0.169	+0.251	+0.347	+0.017	+0.024	+0.071	+0.127	+0.004	+0.004	+0.279	+0.284	+0.286	+0.565	+0.017	+0.017	+0.085	+0.091	+0.025	+0.001	+0.242	+0.277	+0.275	+0.001	+0.001	+0.291	+0.114	+0.108	+0.193	+0.015	+0.035	+0.094	+0.095	+0.066	+0.050	+0.015	+0.330	+0.110	+0.064	+0.051	+0.069	+0.123	+0.063	-0.020	-0.001	+0.020	+0.178	+0.088	+0.067	+0.055	+0.054	+0.054	-0.000	+0.035	+0.011	+0.066	+0.088	+0.065	+0.688	+0.023	+0.062	+0.171	+0.038	+0.056	+0.078	+0.019	+0.007	+0.024	+0.007	+0.253	
rs62039577     +0.171	+0.195	-0.504	-0.678	-0.668	-0.778	-0.847	-0.845	-0.749	-0.781	-0.832	-0.843	-0.843	-0.757	-0.754	-0.846	-0.840	-0.822	-0.818	-0.816	-0.808	-0.791	-0.799	-0.841	-0.847	-0.825	-0.790	-0.787	-0.775	-0.775	-0.886	-0.834	-0.837	-0.546	-0.836	-0.958	+0.012	+0.012	-0.847	-0.137	-0.509	+0.023	-0.528	-0.849	-0.136	-0.543	-0.861	-0.957	-0.857	-0.528	-0.882	-0.855	+0.038	+0.045	+0.022	-0.942	-0.527	-0.963	-0.986	-0.508	-0.076	-0.535	-0.165	-0.996	-0.086	-0.848	-0.811	-0.553	-0.364	-0.815	-0.813	-0.822	-0.815	-0.815	-1.003	-0.351	-0.990	-0.819	-0.823	-0.350	-0.828	-0.983	-0.982	-0.348	-0.825	-0.829	-0.818	-0.347	-0.346	-0.348	-0.810	-0.820	-0.345	-0.984	-0.333	-0.838	-0.842	-0.826	-0.346	-0.593	-0.953	-0.342	-0.598	-0.983	-0.982	-0.591	-0.798	-0.359	-0.860	-0.971	-0.780	-0.842	-0.889	-0.889	-0.780	-0.777	-0.775	-0.272	-0.852	-0.852	-0.760	-0.888	-0.857	-0.898	-0.805	-0.781	-0.782	-0.898	-0.898	-0.435	-0.717	-0.725	-0.803	-0.866	-0.853	-0.746	-0.745	-0.789	-0.813	-0.874	-0.669	-0.723	-0.791	-0.813	-0.784	-0.771	-0.808	-0.995	-0.947	-0.912	-0.886	-0.818	-0.845	-0.862	-0.864	-0.864	-0.951	-0.891	-0.994	-0.966	-0.855	-0.966	-0.311	-0.944	-0.968	-0.892	-0.982	-0.972	-0.837	-0.938	-0.960	-0.932	-0.960	-0.631	
rs139895591    +0.204	+0.228	-0.678	-0.462	-0.577	-0.742	-0.810	-0.808	-0.714	-0.743	-0.795	-0.807	-0.806	-0.722	-0.719	-0.809	-0.803	-0.785	-0.781	-0.780	-0.771	-0.754	-0.762	-0.813	-0.818	-0.787	-0.751	-0.751	-0.739	-0.735	-0.850	-0.798	-0.800	-0.518	-0.797	-0.920	+0.040	+0.040	-0.811	-0.106	-0.463	+0.051	-0.449	-0.811	-0.106	-0.471	-0.823	-0.923	-0.820	-0.454	-0.846	-0.818	+0.066	+0.073	+0.050	-0.906	-0.449	-0.928	-0.948	-0.462	-0.046	-0.485	-0.134	-0.960	-0.056	-0.810	-0.775	-0.523	-0.332	-0.778	-0.753	-0.762	-0.778	-0.778	-0.964	-0.318	-0.953	-0.759	-0.763	-0.317	-0.768	-0.946	-0.946	-0.316	-0.765	-0.769	-0.758	-0.314	-0.314	-0.315	-0.749	-0.761	-0.313	-0.947	-0.301	-0.779	-0.783	-0.766	-0.313	-0.519	-0.900	-0.309	-0.524	-0.933	-0.933	-0.517	-0.762	-0.276	-0.804	-0.930	-0.722	-0.810	-0.832	-0.833	-0.744	-0.741	-0.739	-0.218	-0.793	-0.793	-0.701	-0.845	-0.803	-0.842	-0.768	-0.745	-0.746	-0.842	-0.842	-0.357	-0.656	-0.664	-0.764	-0.808	-0.798	-0.687	-0.685	-0.731	-0.756	-0.820	-0.632	-0.662	-0.733	-0.757	-0.726	-0.715	-0.753	-0.955	-0.906	-0.870	-0.852	-0.773	-0.801	-0.818	-0.820	-0.821	-0.901	-0.848	-0.956	-0.930	-0.826	-0.931	-0.279	-0.909	-0.932	-0.858	-0.945	-0.936	-0.793	-0.895	-0.919	-0.888	-0.919	-0.583	
rs116958936    +0.214	+0.239	-0.668	-0.577	-0.456	-0.736	-0.803	-0.802	-0.708	-0.737	-0.789	-0.800	-0.800	-0.716	-0.714	-0.803	-0.796	-0.779	-0.775	-0.773	-0.765	-0.747	-0.756	-0.808	-0.813	-0.780	-0.745	-0.744	-0.732	-0.729	-0.844	-0.793	-0.794	-0.511	-0.790	-0.913	+0.050	+0.049	-0.805	-0.098	-0.453	+0.061	-0.434	-0.805	-0.097	-0.457	-0.817	-0.917	-0.814	-0.440	-0.840	-0.812	+0.076	+0.083	+0.060	-0.900	-0.434	-0.923	-0.943	-0.452	-0.037	-0.475	-0.126	-0.954	-0.047	-0.804	-0.769	-0.516	-0.324	-0.772	-0.742	-0.752	-0.772	-0.772	-0.958	-0.310	-0.947	-0.748	-0.753	-0.309	-0.757	-0.941	-0.940	-0.308	-0.754	-0.759	-0.747	-0.306	-0.306	-0.307	-0.738	-0.750	-0.305	-0.942	-0.292	-0.769	-0.773	-0.756	-0.305	-0.507	-0.892	-0.301	-0.512	-0.926	-0.926	-0.505	-0.756	-0.262	-0.795	-0.923	-0.713	-0.805	-0.823	-0.824	-0.738	-0.735	-0.733	-0.207	-0.784	-0.784	-0.692	-0.838	-0.794	-0.834	-0.762	-0.739	-0.740	-0.834	-0.834	-0.343	-0.646	-0.655	-0.757	-0.799	-0.789	-0.677	-0.676	-0.722	-0.747	-0.811	-0.626	-0.653	-0.724	-0.748	-0.717	-0.706	-0.745	-0.949	-0.899	-0.863	-0.847	-0.766	-0.794	-0.811	-0.813	-0.813	-0.893	-0.841	-0.949	-0.925	-0.821	-0.925	-0.274	-0.904	-0.926	-0.852	-0.939	-0.930	-0.785	-0.888	-0.912	-0.881	-0.912	-0.575	
rs251630       +0.272	+0.297	-0.778	-0.742	-0.736	-0.405	-0.719	-0.720	-0.505	-0.691	-0.710	-0.717	-0.717	-0.499	-0.494	-0.721	-0.717	-0.706	-0.704	-0.703	-0.696	-0.683	-0.690	-0.758	-0.766	-0.695	-0.699	-0.680	-0.670	-0.683	-0.772	-0.647	-0.751	-0.503	-0.754	-0.859	+0.083	+0.082	-0.654	-0.033	-0.472	+0.094	-0.588	-0.614	-0.033	-0.584	-0.640	-0.868	-0.648	-0.571	-0.795	-0.653	+0.109	+0.116	+0.094	-0.838	-0.587	-0.873	-0.900	-0.472	+0.030	-0.509	-0.061	-0.897	+0.020	-0.603	-0.629	-0.491	-0.265	-0.629	-0.795	-0.802	-0.629	-0.629	-0.892	-0.251	-0.904	-0.799	-0.803	-0.250	-0.806	-0.898	-0.897	-0.248	-0.804	-0.807	-0.799	-0.247	-0.246	-0.247	-0.792	-0.800	-0.245	-0.899	-0.232	-0.813	-0.816	-0.804	-0.245	-0.600	-0.884	-0.241	-0.604	-0.886	-0.886	-0.599	-0.629	-0.398	-0.753	-0.881	-0.747	-0.758	-0.781	-0.782	-0.623	-0.622	-0.620	-0.249	-0.742	-0.742	-0.728	-0.810	-0.811	-0.792	-0.636	-0.624	-0.625	-0.792	-0.792	-0.465	-0.691	-0.698	-0.711	-0.756	-0.741	-0.717	-0.715	-0.754	-0.775	-0.826	-0.583	-0.696	-0.756	-0.775	-0.749	-0.736	-0.768	-0.908	-0.873	-0.844	-0.787	-0.759	-0.784	-0.799	-0.801	-0.801	-0.855	-0.825	-0.895	-0.852	-0.772	-0.853	-0.226	-0.858	-0.855	-0.790	-0.875	-0.860	-0.778	-0.866	-0.882	-0.860	-0.882	-0.585	
rs148575773    +0.201	+0.226	-0.847	-0.810	-0.803	-0.719	-0.486	-0.620	-0.697	-0.704	-0.592	-0.606	-0.606	-0.703	-0.701	-0.612	-0.607	-0.580	-0.574	-0.575	-0.549	-0.509	-0.538	-0.822	-0.830	-0.803	-0.737	-0.516	-0.494	-0.733	-0.756	-0.783	-0.824	-0.529	-0.826	-0.925	+0.032	+0.032	-0.791	-0.092	-0.549	+0.043	-0.661	-0.775	-0.091	-0.657	-0.791	-0.946	-0.793	-0.644	-0.867	-0.793	+0.059	+0.066	+0.044	-0.900	-0.660	-0.951	-0.976	-0.549	-0.028	-0.586	-0.119	-0.981	-0.039	-0.768	-0.761	-0.581	-0.324	-0.762	-0.868	-0.875	-0.762	-0.762	-0.947	-0.310	-0.976	-0.872	-0.875	-0.309	-0.879	-0.967	-0.967	-0.308	-0.876	-0.879	-0.871	-0.306	-0.306	-0.307	-0.865	-0.872	-0.304	-0.969	-0.292	-0.885	-0.888	-0.876	-0.305	-0.671	-0.948	-0.301	-0.675	-0.976	-0.976	-0.669	-0.754	-0.465	-0.791	-0.946	-0.799	-0.832	-0.821	-0.822	-0.742	-0.740	-0.739	-0.325	-0.777	-0.777	-0.777	-0.882	-0.867	-0.832	-0.759	-0.743	-0.745	-0.832	-0.832	-0.533	-0.739	-0.746	-0.771	-0.794	-0.784	-0.766	-0.765	-0.806	-0.828	-0.883	-0.659	-0.744	-0.807	-0.828	-0.801	-0.795	-0.822	-0.979	-0.932	-0.898	-0.871	-0.803	-0.831	-0.847	-0.849	-0.850	-0.906	-0.877	-0.978	-0.951	-0.849	-0.951	-0.306	-0.930	-0.953	-0.875	-0.966	-0.957	-0.823	-0.930	-0.950	-0.924	-0.950	-0.637	
rs62037838     +0.199	+0.224	-0.845	-0.808	-0.802	-0.720	-0.620	-0.485	-0.696	-0.702	-0.603	-0.617	-0.617	-0.704	-0.702	-0.621	-0.616	-0.589	-0.582	-0.581	-0.559	-0.519	-0.545	-0.822	-0.830	-0.803	-0.734	-0.523	-0.500	-0.731	-0.757	-0.784	-0.824	-0.525	-0.826	-0.925	+0.031	+0.031	-0.792	-0.093	-0.547	+0.043	-0.659	-0.778	-0.092	-0.654	-0.794	-0.945	-0.795	-0.642	-0.866	-0.796	+0.058	+0.065	+0.043	-0.900	-0.657	-0.950	-0.975	-0.547	-0.029	-0.584	-0.120	-0.980	-0.040	-0.772	-0.762	-0.578	-0.325	-0.764	-0.866	-0.873	-0.764	-0.764	-0.948	-0.311	-0.975	-0.870	-0.874	-0.310	-0.877	-0.966	-0.966	-0.309	-0.875	-0.878	-0.870	-0.307	-0.306	-0.307	-0.863	-0.871	-0.305	-0.968	-0.293	-0.884	-0.887	-0.874	-0.305	-0.668	-0.947	-0.302	-0.673	-0.976	-0.976	-0.667	-0.755	-0.462	-0.792	-0.946	-0.797	-0.831	-0.822	-0.823	-0.743	-0.741	-0.740	-0.322	-0.779	-0.779	-0.775	-0.881	-0.865	-0.833	-0.760	-0.744	-0.745	-0.833	-0.833	-0.530	-0.737	-0.744	-0.770	-0.796	-0.786	-0.764	-0.762	-0.804	-0.826	-0.881	-0.658	-0.742	-0.805	-0.826	-0.799	-0.793	-0.820	-0.978	-0.931	-0.896	-0.870	-0.801	-0.829	-0.846	-0.847	-0.848	-0.906	-0.875	-0.977	-0.950	-0.847	-0.951	-0.305	-0.929	-0.952	-0.875	-0.966	-0.956	-0.821	-0.929	-0.949	-0.923	-0.949	-0.635	
rs62037839     +0.312	+0.337	-0.749	-0.714	-0.708	-0.505	-0.697	-0.696	-0.372	-0.662	-0.691	-0.696	-0.696	-0.498	-0.497	-0.699	-0.697	-0.688	-0.686	-0.685	-0.679	-0.668	-0.674	-0.727	-0.735	-0.670	-0.669	-0.666	-0.657	-0.652	-0.749	-0.617	-0.722	-0.487	-0.725	-0.829	+0.117	+0.117	-0.620	+0.004	-0.448	+0.128	-0.566	-0.572	+0.004	-0.562	-0.600	-0.844	-0.611	-0.549	-0.767	-0.617	+0.144	+0.151	+0.128	-0.807	-0.565	-0.848	-0.873	-0.447	+0.067	-0.484	-0.024	-0.869	+0.057	-0.559	-0.601	-0.484	-0.230	-0.599	-0.771	-0.777	-0.599	-0.599	-0.861	-0.216	-0.877	-0.775	-0.778	-0.215	-0.781	-0.871	-0.870	-0.213	-0.779	-0.782	-0.774	-0.212	-0.211	-0.212	-0.767	-0.775	-0.210	-0.872	-0.197	-0.788	-0.791	-0.779	-0.210	-0.579	-0.859	-0.206	-0.583	-0.856	-0.856	-0.578	-0.605	-0.381	-0.719	-0.852	-0.726	-0.731	-0.748	-0.749	-0.602	-0.602	-0.600	-0.228	-0.708	-0.708	-0.707	-0.782	-0.788	-0.759	-0.610	-0.603	-0.604	-0.759	-0.759	-0.446	-0.670	-0.677	-0.681	-0.723	-0.708	-0.696	-0.694	-0.733	-0.753	-0.802	-0.554	-0.675	-0.734	-0.753	-0.728	-0.715	-0.746	-0.880	-0.847	-0.819	-0.761	-0.736	-0.761	-0.775	-0.777	-0.777	-0.824	-0.801	-0.865	-0.821	-0.746	-0.821	-0.199	-0.830	-0.824	-0.765	-0.844	-0.829	-0.754	-0.839	-0.854	-0.833	-0.854	-0.563	
rs61084260     +0.203	+0.226	-0.781	-0.743	-0.737	-0.691	-0.704	-0.702	-0.662	-0.412	-0.685	-0.700	-0.700	-0.669	-0.667	-0.702	-0.694	-0.670	-0.664	-0.662	-0.651	-0.628	-0.638	-0.784	-0.791	-0.744	-0.519	-0.623	-0.609	-0.498	-0.754	-0.748	-0.757	-0.377	-0.762	-0.874	+0.051	+0.051	-0.763	-0.086	-0.448	+0.062	-0.551	-0.765	-0.085	-0.547	-0.778	-0.868	-0.774	-0.533	-0.794	-0.771	+0.078	+0.085	+0.062	-0.858	-0.549	-0.874	-0.900	-0.448	-0.024	-0.486	-0.112	-0.909	-0.034	-0.764	-0.726	-0.478	-0.307	-0.730	-0.775	-0.783	-0.730	-0.731	-0.918	-0.293	-0.901	-0.780	-0.783	-0.292	-0.787	-0.892	-0.892	-0.291	-0.785	-0.788	-0.779	-0.289	-0.289	-0.290	-0.771	-0.780	-0.288	-0.894	-0.275	-0.795	-0.799	-0.785	-0.288	-0.555	-0.872	-0.284	-0.560	-0.898	-0.898	-0.553	-0.713	-0.344	-0.797	-0.886	-0.711	-0.749	-0.823	-0.824	-0.694	-0.691	-0.689	-0.208	-0.789	-0.789	-0.689	-0.815	-0.784	-0.832	-0.720	-0.695	-0.697	-0.832	-0.832	-0.414	-0.648	-0.656	-0.629	-0.801	-0.784	-0.676	-0.675	-0.719	-0.742	-0.800	-0.578	-0.653	-0.720	-0.742	-0.713	-0.706	-0.734	-0.902	-0.856	-0.821	-0.800	-0.723	-0.751	-0.769	-0.770	-0.771	-0.878	-0.799	-0.896	-0.859	-0.756	-0.860	-0.205	-0.852	-0.862	-0.805	-0.880	-0.867	-0.745	-0.860	-0.880	-0.853	-0.880	-0.551	
rs61566288     +0.224	+0.249	-0.832	-0.795	-0.789	-0.710	-0.592	-0.603	-0.691	-0.685	-0.471	-0.595	-0.595	-0.696	-0.694	-0.599	-0.602	-0.593	-0.590	-0.591	-0.575	-0.548	-0.566	-0.805	-0.813	-0.792	-0.720	-0.550	-0.533	-0.718	-0.744	-0.771	-0.810	-0.534	-0.812	-0.910	+0.053	+0.053	-0.776	-0.070	-0.539	+0.065	-0.654	-0.759	-0.069	-0.650	-0.774	-0.933	-0.777	-0.637	-0.854	-0.778	+0.081	+0.088	+0.065	-0.884	-0.653	-0.938	-0.962	-0.539	-0.005	-0.576	-0.097	-0.967	-0.017	-0.750	-0.748	-0.577	-0.304	-0.749	-0.858	-0.865	-0.749	-0.749	-0.929	-0.289	-0.962	-0.862	-0.865	-0.289	-0.868	-0.953	-0.953	-0.287	-0.866	-0.869	-0.861	-0.285	-0.285	-0.286	-0.855	-0.862	-0.284	-0.955	-0.271	-0.875	-0.878	-0.866	-0.284	-0.665	-0.937	-0.280	-0.669	-0.962	-0.962	-0.664	-0.743	-0.462	-0.769	-0.932	-0.785	-0.820	-0.799	-0.800	-0.733	-0.731	-0.730	-0.318	-0.755	-0.755	-0.764	-0.868	-0.853	-0.811	-0.747	-0.734	-0.735	-0.811	-0.811	-0.529	-0.726	-0.733	-0.757	-0.773	-0.764	-0.753	-0.751	-0.792	-0.814	-0.869	-0.647	-0.731	-0.794	-0.814	-0.787	-0.783	-0.809	-0.964	-0.917	-0.883	-0.858	-0.788	-0.816	-0.833	-0.834	-0.835	-0.887	-0.862	-0.964	-0.937	-0.838	-0.938	-0.295	-0.918	-0.939	-0.863	-0.953	-0.943	-0.808	-0.916	-0.936	-0.910	-0.936	-0.624	
rs182355279    +0.206	+0.231	-0.843	-0.807	-0.800	-0.717	-0.606	-0.617	-0.696	-0.700	-0.595	-0.483	-0.605	-0.702	-0.700	-0.609	-0.607	-0.583	-0.577	-0.578	-0.554	-0.515	-0.542	-0.818	-0.826	-0.801	-0.733	-0.521	-0.500	-0.729	-0.753	-0.780	-0.821	-0.531	-0.823	-0.922	+0.037	+0.037	-0.787	-0.087	-0.547	+0.049	-0.660	-0.772	-0.086	-0.655	-0.787	-0.943	-0.789	-0.643	-0.864	-0.790	+0.064	+0.071	+0.049	-0.896	-0.658	-0.948	-0.973	-0.547	-0.022	-0.584	-0.114	-0.978	-0.034	-0.764	-0.758	-0.580	-0.320	-0.759	-0.866	-0.873	-0.759	-0.760	-0.943	-0.305	-0.973	-0.870	-0.873	-0.304	-0.876	-0.964	-0.964	-0.303	-0.874	-0.877	-0.869	-0.301	-0.301	-0.302	-0.863	-0.870	-0.300	-0.966	-0.287	-0.883	-0.886	-0.874	-0.300	-0.670	-0.946	-0.296	-0.674	-0.973	-0.973	-0.668	-0.752	-0.465	-0.785	-0.943	-0.796	-0.830	-0.816	-0.816	-0.740	-0.738	-0.737	-0.324	-0.772	-0.772	-0.774	-0.879	-0.864	-0.827	-0.756	-0.741	-0.743	-0.827	-0.827	-0.532	-0.736	-0.743	-0.768	-0.789	-0.779	-0.763	-0.762	-0.803	-0.825	-0.880	-0.657	-0.741	-0.804	-0.825	-0.798	-0.792	-0.819	-0.975	-0.929	-0.894	-0.868	-0.799	-0.827	-0.844	-0.846	-0.846	-0.901	-0.873	-0.975	-0.948	-0.847	-0.948	-0.304	-0.927	-0.950	-0.873	-0.963	-0.954	-0.819	-0.927	-0.947	-0.921	-0.947	-0.634	
rs143221718    +0.206	+0.231	-0.843	-0.806	-0.800	-0.717	-0.606	-0.617	-0.696	-0.700	-0.595	-0.605	-0.483	-0.702	-0.700	-0.609	-0.607	-0.583	-0.577	-0.578	-0.554	-0.514	-0.542	-0.818	-0.826	-0.801	-0.733	-0.521	-0.500	-0.729	-0.753	-0.780	-0.821	-0.531	-0.823	-0.922	+0.037	+0.037	-0.787	-0.087	-0.547	+0.049	-0.660	-0.772	-0.086	-0.655	-0.787	-0.943	-0.789	-0.643	-0.864	-0.790	+0.064	+0.071	+0.049	-0.896	-0.658	-0.948	-0.973	-0.547	-0.022	-0.584	-0.114	-0.978	-0.034	-0.764	-0.758	-0.580	-0.319	-0.759	-0.866	-0.873	-0.759	-0.760	-0.943	-0.305	-0.973	-0.870	-0.873	-0.304	-0.876	-0.964	-0.964	-0.303	-0.874	-0.877	-0.869	-0.301	-0.301	-0.302	-0.863	-0.870	-0.300	-0.966	-0.287	-0.883	-0.886	-0.874	-0.300	-0.670	-0.946	-0.296	-0.674	-0.973	-0.973	-0.668	-0.752	-0.465	-0.785	-0.943	-0.796	-0.830	-0.816	-0.816	-0.740	-0.738	-0.737	-0.324	-0.772	-0.772	-0.774	-0.879	-0.864	-0.827	-0.756	-0.741	-0.743	-0.827	-0.827	-0.532	-0.736	-0.743	-0.768	-0.789	-0.779	-0.763	-0.762	-0.803	-0.825	-0.880	-0.657	-0.741	-0.804	-0.825	-0.798	-0.792	-0.819	-0.975	-0.928	-0.894	-0.868	-0.799	-0.827	-0.844	-0.846	-0.846	-0.901	-0.873	-0.975	-0.948	-0.847	-0.948	-0.304	-0.927	-0.950	-0.873	-0.963	-0.954	-0.819	-0.927	-0.947	-0.921	-0.947	-0.634	
rs62037845     +0.303	+0.328	-0.757	-0.722	-0.716	-0.499	-0.703	-0.704	-0.498	-0.669	-0.696	-0.702	-0.702	-0.381	-0.489	-0.705	-0.702	-0.693	-0.691	-0.691	-0.685	-0.673	-0.679	-0.734	-0.742	-0.676	-0.676	-0.671	-0.662	-0.660	-0.755	-0.620	-0.729	-0.494	-0.733	-0.837	+0.110	+0.109	-0.623	-0.004	-0.455	+0.121	-0.574	-0.572	-0.004	-0.569	-0.601	-0.851	-0.612	-0.557	-0.775	-0.619	+0.136	+0.143	+0.120	-0.814	-0.572	-0.855	-0.880	-0.455	+0.059	-0.492	-0.032	-0.876	+0.049	-0.559	-0.602	-0.489	-0.237	-0.601	-0.778	-0.785	-0.601	-0.601	-0.868	-0.223	-0.884	-0.782	-0.785	-0.222	-0.788	-0.878	-0.878	-0.221	-0.786	-0.789	-0.781	-0.219	-0.219	-0.220	-0.775	-0.782	-0.218	-0.879	-0.205	-0.795	-0.798	-0.786	-0.218	-0.587	-0.866	-0.214	-0.591	-0.863	-0.863	-0.585	-0.607	-0.388	-0.726	-0.859	-0.733	-0.739	-0.755	-0.756	-0.605	-0.605	-0.603	-0.235	-0.715	-0.715	-0.714	-0.789	-0.796	-0.766	-0.613	-0.606	-0.607	-0.766	-0.766	-0.454	-0.678	-0.685	-0.689	-0.730	-0.715	-0.703	-0.702	-0.740	-0.760	-0.810	-0.562	-0.683	-0.742	-0.760	-0.735	-0.722	-0.754	-0.888	-0.855	-0.826	-0.768	-0.743	-0.768	-0.783	-0.784	-0.785	-0.831	-0.808	-0.872	-0.828	-0.753	-0.828	-0.207	-0.838	-0.831	-0.772	-0.852	-0.836	-0.762	-0.846	-0.862	-0.841	-0.862	-0.571	
rs168768       +0.307	+0.332	-0.754	-0.719	-0.714	-0.494	-0.701	-0.702	-0.497	-0.667	-0.694	-0.700	-0.700	-0.489	-0.378	-0.703	-0.700	-0.692	-0.690	-0.689	-0.683	-0.672	-0.678	-0.731	-0.739	-0.673	-0.674	-0.670	-0.661	-0.657	-0.752	-0.616	-0.727	-0.493	-0.730	-0.834	+0.113	+0.112	-0.618	-0.001	-0.454	+0.124	-0.572	-0.566	-0.000	-0.567	-0.596	-0.848	-0.607	-0.555	-0.772	-0.614	+0.139	+0.146	+0.124	-0.811	-0.570	-0.852	-0.877	-0.453	+0.063	-0.490	-0.029	-0.874	+0.053	-0.552	-0.599	-0.489	-0.234	-0.597	-0.776	-0.783	-0.597	-0.597	-0.865	-0.220	-0.882	-0.780	-0.783	-0.219	-0.786	-0.876	-0.875	-0.218	-0.784	-0.787	-0.779	-0.216	-0.216	-0.216	-0.773	-0.780	-0.214	-0.877	-0.201	-0.793	-0.796	-0.784	-0.214	-0.585	-0.864	-0.211	-0.589	-0.860	-0.860	-0.584	-0.604	-0.387	-0.722	-0.857	-0.732	-0.736	-0.752	-0.753	-0.603	-0.603	-0.601	-0.234	-0.712	-0.711	-0.712	-0.787	-0.794	-0.762	-0.610	-0.604	-0.604	-0.762	-0.762	-0.453	-0.676	-0.683	-0.686	-0.727	-0.712	-0.702	-0.700	-0.738	-0.759	-0.808	-0.560	-0.681	-0.740	-0.758	-0.734	-0.720	-0.752	-0.885	-0.852	-0.824	-0.766	-0.742	-0.766	-0.781	-0.782	-0.783	-0.828	-0.806	-0.870	-0.825	-0.751	-0.826	-0.205	-0.836	-0.828	-0.769	-0.849	-0.833	-0.760	-0.844	-0.859	-0.839	-0.859	-0.569	
rs193341       +0.201	+0.225	-0.846	-0.809	-0.803	-0.721	-0.612	-0.621	-0.699	-0.702	-0.599	-0.609	-0.609	-0.705	-0.703	-0.486	-0.605	-0.577	-0.568	-0.568	-0.538	-0.489	-0.523	-0.820	-0.829	-0.803	-0.734	-0.499	-0.477	-0.731	-0.753	-0.783	-0.824	-0.531	-0.826	-0.924	+0.035	+0.034	-0.790	-0.090	-0.549	+0.046	-0.662	-0.775	-0.089	-0.658	-0.790	-0.946	-0.792	-0.645	-0.867	-0.793	+0.062	+0.069	+0.046	-0.899	-0.661	-0.951	-0.975	-0.549	-0.025	-0.586	-0.117	-0.980	-0.037	-0.767	-0.761	-0.583	-0.322	-0.762	-0.868	-0.875	-0.762	-0.762	-0.945	-0.308	-0.975	-0.872	-0.876	-0.307	-0.879	-0.967	-0.966	-0.306	-0.876	-0.880	-0.871	-0.304	-0.303	-0.304	-0.865	-0.873	-0.302	-0.968	-0.289	-0.886	-0.888	-0.876	-0.302	-0.672	-0.948	-0.299	-0.676	-0.976	-0.976	-0.671	-0.755	-0.467	-0.787	-0.945	-0.798	-0.832	-0.818	-0.818	-0.743	-0.741	-0.740	-0.326	-0.774	-0.773	-0.776	-0.882	-0.866	-0.829	-0.759	-0.744	-0.745	-0.829	-0.829	-0.534	-0.738	-0.745	-0.770	-0.791	-0.781	-0.765	-0.764	-0.805	-0.827	-0.882	-0.659	-0.743	-0.806	-0.827	-0.800	-0.794	-0.821	-0.978	-0.931	-0.896	-0.870	-0.801	-0.829	-0.846	-0.848	-0.848	-0.904	-0.875	-0.977	-0.951	-0.849	-0.951	-0.307	-0.930	-0.952	-0.875	-0.966	-0.956	-0.821	-0.929	-0.949	-0.923	-0.949	-0.636	
rs251633       +0.210	+0.235	-0.840	-0.803	-0.796	-0.717	-0.607	-0.616	-0.697	-0.694	-0.602	-0.607	-0.607	-0.702	-0.700	-0.605	-0.479	-0.581	-0.575	-0.575	-0.550	-0.507	-0.536	-0.813	-0.821	-0.799	-0.727	-0.517	-0.497	-0.724	-0.748	-0.778	-0.818	-0.533	-0.820	-0.918	+0.043	+0.043	-0.784	-0.080	-0.545	+0.055	-0.659	-0.768	-0.080	-0.655	-0.783	-0.940	-0.785	-0.642	-0.861	-0.786	+0.071	+0.078	+0.055	-0.892	-0.658	-0.946	-0.970	-0.545	-0.016	-0.582	-0.107	-0.974	-0.027	-0.760	-0.756	-0.581	-0.314	-0.757	-0.864	-0.871	-0.757	-0.757	-0.938	-0.299	-0.969	-0.868	-0.871	-0.298	-0.875	-0.961	-0.960	-0.297	-0.872	-0.875	-0.867	-0.295	-0.295	-0.296	-0.861	-0.868	-0.294	-0.962	-0.281	-0.881	-0.884	-0.872	-0.294	-0.670	-0.943	-0.290	-0.674	-0.970	-0.970	-0.668	-0.750	-0.466	-0.778	-0.939	-0.792	-0.827	-0.808	-0.809	-0.739	-0.737	-0.736	-0.323	-0.764	-0.764	-0.771	-0.876	-0.860	-0.820	-0.754	-0.740	-0.741	-0.820	-0.820	-0.533	-0.732	-0.740	-0.763	-0.782	-0.772	-0.759	-0.758	-0.799	-0.821	-0.876	-0.654	-0.737	-0.801	-0.821	-0.794	-0.789	-0.816	-0.972	-0.925	-0.890	-0.865	-0.795	-0.823	-0.840	-0.842	-0.842	-0.896	-0.869	-0.971	-0.945	-0.845	-0.945	-0.302	-0.925	-0.947	-0.870	-0.960	-0.950	-0.815	-0.923	-0.943	-0.917	-0.943	-0.631	
rs251635       +0.234	+0.259	-0.822	-0.785	-0.779	-0.706	-0.580	-0.589	-0.688	-0.670	-0.593	-0.583	-0.583	-0.693	-0.692	-0.577	-0.581	-0.460	-0.578	-0.579	-0.570	-0.538	-0.556	-0.792	-0.800	-0.785	-0.706	-0.541	-0.526	-0.705	-0.729	-0.762	-0.800	-0.537	-0.802	-0.899	+0.070	+0.069	-0.766	-0.053	-0.533	+0.082	-0.650	-0.746	-0.052	-0.646	-0.762	-0.925	-0.765	-0.633	-0.845	-0.767	+0.097	+0.105	+0.082	-0.871	-0.649	-0.930	-0.953	-0.533	+0.013	-0.570	-0.080	-0.958	+0.001	-0.737	-0.740	-0.575	-0.288	-0.740	-0.852	-0.858	-0.740	-0.740	-0.916	-0.274	-0.952	-0.856	-0.859	-0.273	-0.862	-0.943	-0.943	-0.271	-0.860	-0.863	-0.855	-0.270	-0.269	-0.270	-0.849	-0.856	-0.268	-0.945	-0.255	-0.868	-0.871	-0.859	-0.268	-0.663	-0.929	-0.264	-0.667	-0.953	-0.953	-0.661	-0.735	-0.461	-0.751	-0.921	-0.775	-0.812	-0.782	-0.782	-0.726	-0.725	-0.724	-0.315	-0.736	-0.736	-0.754	-0.859	-0.844	-0.793	-0.739	-0.727	-0.728	-0.793	-0.793	-0.527	-0.716	-0.723	-0.745	-0.754	-0.746	-0.743	-0.741	-0.782	-0.804	-0.859	-0.638	-0.721	-0.784	-0.804	-0.777	-0.774	-0.799	-0.954	-0.907	-0.872	-0.850	-0.777	-0.805	-0.822	-0.823	-0.824	-0.873	-0.851	-0.954	-0.928	-0.831	-0.929	-0.289	-0.909	-0.930	-0.855	-0.943	-0.934	-0.797	-0.906	-0.926	-0.899	-0.926	-0.615	
rs183684       +0.239	+0.264	-0.818	-0.781	-0.775	-0.704	-0.574	-0.582	-0.686	-0.664	-0.590	-0.577	-0.577	-0.691	-0.690	-0.568	-0.575	-0.578	-0.456	-0.577	-0.569	-0.540	-0.556	-0.787	-0.795	-0.781	-0.701	-0.543	-0.528	-0.701	-0.724	-0.759	-0.796	-0.537	-0.798	-0.894	+0.076	+0.075	-0.762	-0.047	-0.531	+0.087	-0.648	-0.742	-0.046	-0.644	-0.757	-0.922	-0.761	-0.631	-0.842	-0.762	+0.103	+0.110	+0.087	-0.867	-0.647	-0.927	-0.949	-0.531	+0.019	-0.567	-0.074	-0.954	+0.007	-0.732	-0.736	-0.574	-0.282	-0.736	-0.849	-0.856	-0.736	-0.736	-0.911	-0.268	-0.948	-0.853	-0.856	-0.267	-0.859	-0.940	-0.939	-0.266	-0.857	-0.860	-0.852	-0.264	-0.263	-0.264	-0.846	-0.853	-0.262	-0.941	-0.249	-0.865	-0.868	-0.857	-0.262	-0.661	-0.926	-0.259	-0.665	-0.949	-0.949	-0.659	-0.732	-0.460	-0.744	-0.917	-0.772	-0.809	-0.775	-0.776	-0.724	-0.722	-0.721	-0.313	-0.729	-0.729	-0.750	-0.855	-0.840	-0.787	-0.735	-0.724	-0.725	-0.787	-0.787	-0.526	-0.712	-0.719	-0.741	-0.748	-0.740	-0.739	-0.738	-0.779	-0.801	-0.856	-0.635	-0.717	-0.780	-0.801	-0.774	-0.771	-0.796	-0.950	-0.903	-0.868	-0.847	-0.772	-0.801	-0.818	-0.819	-0.820	-0.868	-0.847	-0.950	-0.925	-0.828	-0.925	-0.286	-0.906	-0.927	-0.852	-0.940	-0.930	-0.792	-0.902	-0.922	-0.895	-0.922	-0.612	
rs1684552      +0.240	+0.265	-0.816	-0.780	-0.773	-0.703	-0.575	-0.581	-0.685	-0.662	-0.591	-0.578	-0.578	-0.691	-0.689	-0.568	-0.575	-0.579	-0.577	-0.455	-0.571	-0.543	-0.558	-0.785	-0.793	-0.780	-0.699	-0.544	-0.530	-0.699	-0.721	-0.757	-0.795	-0.538	-0.797	-0.892	+0.078	+0.078	-0.760	-0.044	-0.530	+0.090	-0.648	-0.739	-0.043	-0.643	-0.755	-0.920	-0.759	-0.631	-0.840	-0.760	+0.106	+0.113	+0.090	-0.864	-0.646	-0.925	-0.947	-0.530	+0.022	-0.566	-0.071	-0.952	+0.010	-0.729	-0.734	-0.574	-0.280	-0.735	-0.848	-0.855	-0.735	-0.735	-0.908	-0.265	-0.947	-0.852	-0.855	-0.264	-0.858	-0.938	-0.938	-0.263	-0.856	-0.859	-0.851	-0.261	-0.261	-0.262	-0.845	-0.852	-0.259	-0.940	-0.246	-0.864	-0.867	-0.856	-0.260	-0.661	-0.924	-0.256	-0.665	-0.947	-0.947	-0.659	-0.731	-0.460	-0.741	-0.915	-0.770	-0.808	-0.772	-0.773	-0.722	-0.721	-0.720	-0.312	-0.726	-0.726	-0.748	-0.853	-0.838	-0.784	-0.734	-0.723	-0.724	-0.784	-0.784	-0.526	-0.710	-0.718	-0.739	-0.744	-0.737	-0.737	-0.736	-0.777	-0.799	-0.854	-0.633	-0.715	-0.779	-0.799	-0.772	-0.770	-0.794	-0.948	-0.901	-0.866	-0.846	-0.771	-0.799	-0.816	-0.817	-0.818	-0.865	-0.845	-0.948	-0.923	-0.827	-0.924	-0.285	-0.904	-0.925	-0.851	-0.938	-0.929	-0.791	-0.900	-0.920	-0.894	-0.920	-0.610	
rs166133       +0.252	+0.277	-0.808	-0.771	-0.765	-0.696	-0.549	-0.559	-0.679	-0.651	-0.575	-0.554	-0.554	-0.685	-0.683	-0.538	-0.550	-0.570	-0.569	-0.571	-0.446	-0.550	-0.560	-0.774	-0.783	-0.773	-0.689	-0.551	-0.540	-0.689	-0.711	-0.749	-0.786	-0.538	-0.788	-0.883	+0.089	+0.089	-0.751	-0.032	-0.524	+0.101	-0.643	-0.729	-0.031	-0.638	-0.745	-0.913	-0.749	-0.626	-0.832	-0.751	+0.117	+0.124	+0.101	-0.855	-0.641	-0.917	-0.939	-0.524	+0.033	-0.560	-0.059	-0.944	+0.021	-0.718	-0.726	-0.570	-0.269	-0.726	-0.842	-0.848	-0.726	-0.726	-0.898	-0.254	-0.938	-0.845	-0.848	-0.253	-0.851	-0.930	-0.929	-0.252	-0.849	-0.852	-0.845	-0.250	-0.250	-0.251	-0.838	-0.845	-0.248	-0.931	-0.235	-0.858	-0.860	-0.849	-0.248	-0.656	-0.917	-0.245	-0.660	-0.939	-0.939	-0.655	-0.723	-0.457	-0.729	-0.907	-0.762	-0.801	-0.760	-0.761	-0.716	-0.714	-0.713	-0.308	-0.713	-0.713	-0.740	-0.845	-0.830	-0.772	-0.726	-0.716	-0.717	-0.772	-0.772	-0.523	-0.702	-0.710	-0.729	-0.732	-0.725	-0.729	-0.728	-0.769	-0.791	-0.846	-0.625	-0.707	-0.771	-0.791	-0.764	-0.762	-0.786	-0.940	-0.892	-0.858	-0.838	-0.762	-0.790	-0.807	-0.809	-0.809	-0.855	-0.837	-0.940	-0.915	-0.820	-0.916	-0.278	-0.896	-0.917	-0.843	-0.930	-0.921	-0.782	-0.892	-0.912	-0.885	-0.912	-0.603	
rs153007       +0.274	+0.299	-0.791	-0.754	-0.747	-0.683	-0.509	-0.519	-0.668	-0.628	-0.548	-0.515	-0.514	-0.673	-0.672	-0.489	-0.507	-0.538	-0.540	-0.543	-0.550	-0.427	-0.548	-0.754	-0.763	-0.758	-0.668	-0.549	-0.545	-0.670	-0.688	-0.732	-0.769	-0.537	-0.771	-0.865	+0.115	+0.114	-0.733	-0.006	-0.511	+0.127	-0.632	-0.708	-0.005	-0.627	-0.724	-0.897	-0.729	-0.616	-0.816	-0.731	+0.143	+0.150	+0.127	-0.835	-0.631	-0.902	-0.922	-0.511	+0.060	-0.547	-0.033	-0.927	+0.048	-0.696	-0.709	-0.562	-0.244	-0.709	-0.829	-0.835	-0.709	-0.709	-0.877	-0.230	-0.921	-0.832	-0.835	-0.229	-0.838	-0.913	-0.912	-0.227	-0.836	-0.839	-0.831	-0.226	-0.225	-0.226	-0.825	-0.832	-0.224	-0.914	-0.211	-0.844	-0.847	-0.836	-0.224	-0.647	-0.902	-0.220	-0.651	-0.922	-0.922	-0.646	-0.707	-0.451	-0.703	-0.889	-0.745	-0.786	-0.735	-0.736	-0.702	-0.700	-0.699	-0.297	-0.687	-0.687	-0.723	-0.828	-0.813	-0.747	-0.710	-0.702	-0.703	-0.747	-0.747	-0.515	-0.686	-0.693	-0.711	-0.707	-0.700	-0.713	-0.711	-0.752	-0.774	-0.829	-0.609	-0.691	-0.754	-0.774	-0.747	-0.747	-0.770	-0.923	-0.875	-0.840	-0.823	-0.744	-0.772	-0.789	-0.791	-0.792	-0.833	-0.819	-0.923	-0.899	-0.806	-0.899	-0.264	-0.881	-0.901	-0.828	-0.913	-0.904	-0.764	-0.874	-0.895	-0.868	-0.895	-0.587	
rs184373       +0.262	+0.287	-0.799	-0.762	-0.756	-0.690	-0.538	-0.545	-0.674	-0.638	-0.566	-0.542	-0.542	-0.679	-0.678	-0.523	-0.536	-0.556	-0.556	-0.558	-0.560	-0.548	-0.436	-0.764	-0.772	-0.765	-0.678	-0.549	-0.542	-0.679	-0.698	-0.740	-0.777	-0.538	-0.779	-0.873	+0.103	+0.103	-0.741	-0.018	-0.517	+0.115	-0.638	-0.718	-0.017	-0.633	-0.733	-0.905	-0.738	-0.621	-0.824	-0.740	+0.131	+0.138	+0.115	-0.844	-0.636	-0.909	-0.931	-0.517	+0.048	-0.554	-0.045	-0.935	+0.036	-0.706	-0.717	-0.566	-0.255	-0.717	-0.835	-0.841	-0.717	-0.717	-0.887	-0.241	-0.930	-0.839	-0.842	-0.240	-0.845	-0.921	-0.920	-0.238	-0.843	-0.845	-0.838	-0.237	-0.236	-0.237	-0.832	-0.839	-0.235	-0.923	-0.222	-0.851	-0.854	-0.842	-0.235	-0.652	-0.909	-0.231	-0.656	-0.930	-0.930	-0.650	-0.715	-0.454	-0.714	-0.897	-0.753	-0.793	-0.746	-0.746	-0.708	-0.707	-0.706	-0.303	-0.698	-0.698	-0.731	-0.836	-0.821	-0.758	-0.718	-0.709	-0.710	-0.758	-0.758	-0.519	-0.693	-0.701	-0.720	-0.718	-0.711	-0.720	-0.719	-0.760	-0.782	-0.837	-0.617	-0.698	-0.762	-0.782	-0.755	-0.754	-0.778	-0.931	-0.883	-0.848	-0.830	-0.752	-0.781	-0.797	-0.799	-0.800	-0.842	-0.827	-0.931	-0.907	-0.813	-0.907	-0.271	-0.888	-0.909	-0.835	-0.921	-0.912	-0.772	-0.882	-0.903	-0.876	-0.903	-0.594	
rs222916       +0.183	+0.208	-0.841	-0.813	-0.808	-0.758	-0.822	-0.822	-0.727	-0.784	-0.805	-0.818	-0.818	-0.734	-0.731	-0.820	-0.813	-0.792	-0.787	-0.785	-0.774	-0.754	-0.764	-0.507	-0.649	-0.806	-0.790	-0.750	-0.736	-0.774	-0.876	-0.823	-0.807	-0.472	-0.754	-0.949	-0.024	-0.024	-0.841	-0.121	-0.349	-0.012	-0.332	-0.842	-0.120	-0.363	-0.859	-0.964	-0.854	-0.345	-0.885	-0.851	+0.003	+0.010	-0.012	-0.945	-0.334	-0.969	-0.986	-0.353	-0.058	-0.373	-0.150	-1.000	-0.068	-0.844	-0.797	-0.487	-0.352	-0.802	-0.701	-0.713	-0.802	-0.803	-0.991	-0.338	-0.992	-0.708	-0.714	-0.337	-0.720	-0.985	-0.985	-0.335	-0.716	-0.721	-0.707	-0.334	-0.333	-0.334	-0.696	-0.711	-0.332	-0.986	-0.320	-0.735	-0.740	-0.719	-0.332	-0.451	-0.915	-0.329	-0.457	-0.977	-0.976	-0.448	-0.783	-0.231	-0.848	-0.973	-0.715	-0.850	-0.876	-0.876	-0.761	-0.757	-0.756	-0.126	-0.837	-0.837	-0.694	-0.894	-0.804	-0.886	-0.790	-0.762	-0.764	-0.886	-0.886	-0.320	-0.644	-0.653	-0.805	-0.851	-0.843	-0.677	-0.675	-0.727	-0.754	-0.823	-0.676	-0.650	-0.729	-0.754	-0.720	-0.705	-0.752	-0.980	-0.921	-0.881	-0.886	-0.775	-0.805	-0.824	-0.826	-0.827	-0.943	-0.858	-0.995	-0.971	-0.864	-0.971	-0.263	-0.949	-0.973	-0.891	-0.985	-0.976	-0.800	-0.928	-0.952	-0.920	-0.952	-0.559	
rs222917       +0.172	+0.197	-0.847	-0.818	-0.813	-0.766	-0.830	-0.830	-0.735	-0.791	-0.813	-0.826	-0.826	-0.742	-0.739	-0.829	-0.821	-0.800	-0.795	-0.793	-0.783	-0.763	-0.772	-0.649	-0.515	-0.816	-0.798	-0.759	-0.745	-0.782	-0.883	-0.831	-0.815	-0.482	-0.766	-0.957	-0.031	-0.032	-0.848	-0.131	-0.369	-0.020	-0.337	-0.849	-0.130	-0.369	-0.866	-0.970	-0.861	-0.350	-0.891	-0.858	-0.004	+0.003	-0.020	-0.951	-0.340	-0.976	-0.991	-0.373	-0.068	-0.394	-0.159	-1.007	-0.078	-0.851	-0.805	-0.497	-0.361	-0.810	-0.710	-0.722	-0.810	-0.810	-0.996	-0.347	-0.998	-0.717	-0.723	-0.346	-0.728	-0.991	-0.990	-0.345	-0.725	-0.730	-0.716	-0.343	-0.343	-0.344	-0.705	-0.720	-0.341	-0.992	-0.329	-0.743	-0.749	-0.727	-0.342	-0.460	-0.923	-0.338	-0.466	-0.984	-0.984	-0.458	-0.791	-0.238	-0.856	-0.980	-0.724	-0.856	-0.884	-0.884	-0.769	-0.765	-0.764	-0.148	-0.845	-0.845	-0.703	-0.900	-0.812	-0.894	-0.798	-0.770	-0.772	-0.894	-0.894	-0.328	-0.653	-0.662	-0.812	-0.859	-0.851	-0.686	-0.684	-0.735	-0.763	-0.832	-0.680	-0.660	-0.737	-0.763	-0.729	-0.714	-0.761	-0.989	-0.932	-0.892	-0.894	-0.788	-0.818	-0.836	-0.838	-0.839	-0.950	-0.869	-1.002	-0.977	-0.870	-0.978	-0.274	-0.955	-0.979	-0.899	-0.992	-0.983	-0.812	-0.937	-0.961	-0.929	-0.961	-0.574	
rs2450359      +0.212	+0.237	-0.825	-0.787	-0.780	-0.695	-0.803	-0.803	-0.670	-0.744	-0.792	-0.801	-0.801	-0.676	-0.673	-0.803	-0.799	-0.785	-0.781	-0.780	-0.773	-0.758	-0.765	-0.806	-0.816	-0.464	-0.751	-0.755	-0.745	-0.735	-0.846	-0.758	-0.804	-0.542	-0.806	-0.908	+0.039	+0.038	-0.768	-0.084	-0.525	+0.050	-0.596	-0.754	-0.083	-0.589	-0.770	-0.925	-0.771	-0.576	-0.847	-0.772	+0.066	+0.073	+0.050	-0.885	-0.593	-0.930	-0.942	-0.525	-0.021	-0.562	-0.112	-0.960	-0.031	-0.748	-0.737	-0.551	-0.316	-0.739	-0.825	-0.833	-0.739	-0.739	-0.966	-0.302	-0.950	-0.830	-0.833	-0.301	-0.837	-0.944	-0.943	-0.299	-0.834	-0.838	-0.829	-0.298	-0.297	-0.298	-0.821	-0.830	-0.296	-0.945	-0.283	-0.845	-0.848	-0.834	-0.296	-0.622	-0.934	-0.293	-0.626	-0.931	-0.930	-0.620	-0.730	-0.415	-0.791	-0.930	-0.784	-0.810	-0.820	-0.821	-0.717	-0.715	-0.713	-0.299	-0.779	-0.779	-0.763	-0.850	-0.851	-0.831	-0.736	-0.718	-0.719	-0.831	-0.831	-0.483	-0.725	-0.732	-0.763	-0.795	-0.782	-0.752	-0.750	-0.791	-0.813	-0.867	-0.516	-0.730	-0.793	-0.813	-0.786	-0.773	-0.807	-0.955	-0.921	-0.892	-0.800	-0.807	-0.832	-0.847	-0.849	-0.849	-0.898	-0.873	-0.942	-0.897	-0.826	-0.898	-0.282	-0.910	-0.900	-0.803	-0.921	-0.906	-0.827	-0.916	-0.932	-0.911	-0.932	-0.631	
rs181475680    +0.196	+0.220	-0.790	-0.751	-0.745	-0.699	-0.737	-0.734	-0.669	-0.519	-0.720	-0.733	-0.733	-0.676	-0.674	-0.734	-0.727	-0.706	-0.701	-0.699	-0.689	-0.668	-0.678	-0.790	-0.798	-0.751	-0.424	-0.663	-0.650	-0.540	-0.779	-0.756	-0.767	-0.426	-0.773	-0.883	+0.054	+0.053	-0.772	-0.085	-0.465	+0.065	-0.573	-0.775	-0.084	-0.568	-0.787	-0.871	-0.783	-0.555	-0.807	-0.780	+0.081	+0.088	+0.066	-0.865	-0.571	-0.878	-0.905	-0.466	-0.023	-0.504	-0.112	-0.916	-0.034	-0.775	-0.735	-0.476	-0.308	-0.739	-0.793	-0.801	-0.739	-0.739	-0.925	-0.295	-0.905	-0.797	-0.801	-0.294	-0.805	-0.895	-0.895	-0.292	-0.802	-0.805	-0.796	-0.291	-0.290	-0.291	-0.789	-0.798	-0.289	-0.897	-0.277	-0.813	-0.816	-0.802	-0.289	-0.580	-0.889	-0.285	-0.584	-0.910	-0.910	-0.578	-0.722	-0.369	-0.796	-0.897	-0.702	-0.765	-0.823	-0.824	-0.702	-0.699	-0.697	-0.230	-0.787	-0.787	-0.679	-0.826	-0.778	-0.832	-0.729	-0.703	-0.705	-0.832	-0.832	-0.439	-0.636	-0.644	-0.644	-0.800	-0.784	-0.666	-0.664	-0.710	-0.734	-0.796	-0.592	-0.642	-0.712	-0.734	-0.704	-0.703	-0.726	-0.906	-0.854	-0.816	-0.807	-0.712	-0.742	-0.761	-0.763	-0.763	-0.882	-0.793	-0.907	-0.877	-0.775	-0.878	-0.223	-0.867	-0.880	-0.813	-0.895	-0.884	-0.735	-0.863	-0.885	-0.856	-0.885	-0.547	
rs2974876      +0.275	+0.300	-0.787	-0.751	-0.744	-0.680	-0.516	-0.523	-0.666	-0.623	-0.550	-0.521	-0.521	-0.671	-0.670	-0.499	-0.517	-0.541	-0.543	-0.544	-0.551	-0.549	-0.549	-0.750	-0.759	-0.755	-0.663	-0.424	-0.539	-0.665	-0.681	-0.729	-0.766	-0.537	-0.767	-0.861	+0.119	+0.119	-0.729	-0.001	-0.509	+0.131	-0.631	-0.704	-0.000	-0.626	-0.719	-0.894	-0.724	-0.614	-0.813	-0.727	+0.148	+0.155	+0.132	-0.831	-0.629	-0.899	-0.919	-0.508	+0.065	-0.545	-0.028	-0.924	+0.053	-0.691	-0.706	-0.561	-0.240	-0.705	-0.826	-0.832	-0.705	-0.705	-0.872	-0.225	-0.918	-0.830	-0.833	-0.224	-0.836	-0.909	-0.909	-0.223	-0.834	-0.836	-0.829	-0.221	-0.220	-0.222	-0.823	-0.830	-0.219	-0.911	-0.206	-0.842	-0.844	-0.833	-0.219	-0.646	-0.899	-0.216	-0.650	-0.919	-0.919	-0.644	-0.704	-0.450	-0.696	-0.885	-0.742	-0.783	-0.728	-0.729	-0.699	-0.698	-0.697	-0.296	-0.680	-0.680	-0.720	-0.825	-0.810	-0.741	-0.707	-0.699	-0.700	-0.741	-0.741	-0.514	-0.682	-0.689	-0.707	-0.700	-0.694	-0.709	-0.708	-0.748	-0.771	-0.825	-0.606	-0.687	-0.750	-0.770	-0.743	-0.744	-0.766	-0.919	-0.871	-0.836	-0.820	-0.740	-0.768	-0.785	-0.787	-0.788	-0.828	-0.815	-0.920	-0.896	-0.804	-0.896	-0.262	-0.878	-0.898	-0.825	-0.910	-0.901	-0.759	-0.871	-0.891	-0.864	-0.891	-0.583	
rs2925566      +0.290	+0.315	-0.775	-0.739	-0.732	-0.670	-0.494	-0.500	-0.657	-0.609	-0.533	-0.500	-0.500	-0.662	-0.661	-0.477	-0.497	-0.526	-0.528	-0.530	-0.540	-0.545	-0.542	-0.736	-0.745	-0.745	-0.650	-0.539	-0.412	-0.653	-0.660	-0.716	-0.754	-0.537	-0.756	-0.848	+0.136	+0.136	-0.714	+0.016	-0.501	+0.148	-0.624	-0.686	+0.017	-0.619	-0.702	-0.884	-0.708	-0.607	-0.802	-0.711	+0.164	+0.172	+0.148	-0.817	-0.622	-0.888	-0.908	-0.500	+0.082	-0.536	-0.011	-0.913	+0.070	-0.672	-0.692	-0.556	-0.224	-0.690	-0.818	-0.824	-0.690	-0.691	-0.857	-0.209	-0.907	-0.821	-0.824	-0.208	-0.827	-0.898	-0.898	-0.207	-0.825	-0.828	-0.820	-0.205	-0.204	-0.206	-0.815	-0.821	-0.203	-0.900	-0.190	-0.833	-0.835	-0.825	-0.203	-0.640	-0.889	-0.200	-0.644	-0.907	-0.907	-0.639	-0.692	-0.446	-0.678	-0.873	-0.732	-0.773	-0.711	-0.711	-0.688	-0.687	-0.686	-0.290	-0.662	-0.662	-0.710	-0.814	-0.799	-0.723	-0.693	-0.687	-0.689	-0.723	-0.723	-0.510	-0.672	-0.680	-0.695	-0.682	-0.676	-0.699	-0.698	-0.738	-0.761	-0.815	-0.596	-0.677	-0.740	-0.760	-0.734	-0.735	-0.757	-0.908	-0.860	-0.825	-0.809	-0.729	-0.757	-0.774	-0.776	-0.777	-0.812	-0.804	-0.908	-0.885	-0.795	-0.885	-0.253	-0.867	-0.887	-0.814	-0.899	-0.890	-0.748	-0.860	-0.880	-0.853	-0.880	-0.574	
rs114697650    +0.215	+0.239	-0.775	-0.735	-0.729	-0.683	-0.733	-0.731	-0.652	-0.498	-0.718	-0.729	-0.729	-0.660	-0.657	-0.731	-0.724	-0.705	-0.701	-0.699	-0.689	-0.670	-0.679	-0.774	-0.782	-0.735	-0.540	-0.665	-0.653	-0.407	-0.773	-0.740	-0.752	-0.432	-0.758	-0.869	+0.076	+0.076	-0.756	-0.064	-0.454	+0.088	-0.564	-0.760	-0.063	-0.559	-0.773	-0.854	-0.768	-0.546	-0.794	-0.765	+0.104	+0.110	+0.088	-0.849	-0.562	-0.861	-0.888	-0.454	-0.002	-0.492	-0.091	-0.900	-0.012	-0.760	-0.719	-0.456	-0.289	-0.724	-0.782	-0.790	-0.724	-0.724	-0.908	-0.275	-0.888	-0.787	-0.790	-0.274	-0.794	-0.877	-0.877	-0.272	-0.791	-0.794	-0.786	-0.271	-0.270	-0.271	-0.779	-0.787	-0.269	-0.879	-0.257	-0.801	-0.805	-0.791	-0.269	-0.572	-0.878	-0.266	-0.576	-0.897	-0.897	-0.570	-0.706	-0.361	-0.779	-0.884	-0.681	-0.753	-0.805	-0.806	-0.686	-0.683	-0.681	-0.220	-0.769	-0.769	-0.658	-0.812	-0.758	-0.814	-0.713	-0.687	-0.689	-0.814	-0.814	-0.430	-0.614	-0.622	-0.636	-0.782	-0.767	-0.644	-0.643	-0.689	-0.714	-0.776	-0.579	-0.620	-0.691	-0.714	-0.683	-0.684	-0.706	-0.890	-0.835	-0.796	-0.791	-0.691	-0.721	-0.740	-0.742	-0.743	-0.866	-0.773	-0.894	-0.867	-0.764	-0.868	-0.210	-0.855	-0.869	-0.797	-0.883	-0.873	-0.714	-0.847	-0.870	-0.840	-0.870	-0.528	
rs153004       +0.140	+0.164	-0.886	-0.850	-0.844	-0.772	-0.756	-0.757	-0.749	-0.754	-0.744	-0.753	-0.753	-0.755	-0.752	-0.753	-0.748	-0.729	-0.724	-0.721	-0.711	-0.688	-0.698	-0.876	-0.883	-0.846	-0.779	-0.681	-0.660	-0.773	-0.527	-0.805	-0.862	-0.554	-0.866	-0.966	-0.050	-0.051	-0.813	-0.129	-0.586	-0.038	-0.696	-0.811	-0.129	-0.691	-0.812	-0.981	-0.814	-0.678	-0.902	-0.815	-0.023	-0.016	-0.038	-0.946	-0.694	-0.986	-1.014	-0.586	-0.066	-0.618	-0.157	-1.015	-0.077	-0.805	-0.803	-0.614	-0.379	-0.805	-0.903	-0.910	-0.805	-0.806	-1.001	-0.365	-1.015	-0.907	-0.910	-0.364	-0.913	-1.007	-1.007	-0.362	-0.911	-0.914	-0.906	-0.361	-0.360	-0.362	-0.899	-0.907	-0.359	-1.009	-0.347	-0.920	-0.923	-0.911	-0.360	-0.705	-0.990	-0.356	-0.709	-1.011	-1.011	-0.703	-0.796	-0.499	-0.805	-0.977	-0.822	-0.869	-0.837	-0.838	-0.783	-0.781	-0.780	-0.354	-0.790	-0.790	-0.799	-0.919	-0.893	-0.849	-0.801	-0.784	-0.786	-0.849	-0.849	-0.567	-0.760	-0.768	-0.810	-0.810	-0.807	-0.788	-0.787	-0.829	-0.852	-0.910	-0.698	-0.765	-0.831	-0.852	-0.824	-0.820	-0.847	-1.009	-0.958	-0.922	-0.909	-0.821	-0.851	-0.868	-0.870	-0.871	-0.929	-0.899	-1.012	-0.989	-0.885	-0.990	-0.346	-0.964	-0.991	-0.914	-1.003	-0.994	-0.847	-0.956	-0.979	-0.949	-0.979	-0.652	
rs153003       +0.187	+0.211	-0.834	-0.798	-0.793	-0.647	-0.783	-0.784	-0.617	-0.748	-0.771	-0.780	-0.780	-0.620	-0.616	-0.783	-0.778	-0.762	-0.759	-0.757	-0.749	-0.732	-0.740	-0.823	-0.831	-0.758	-0.756	-0.729	-0.716	-0.740	-0.805	-0.467	-0.806	-0.530	-0.810	-0.919	+0.018	+0.017	-0.640	-0.103	-0.522	+0.029	-0.631	-0.657	-0.102	-0.628	-0.621	-0.910	-0.634	-0.615	-0.849	-0.641	+0.044	+0.051	+0.029	-0.895	-0.629	-0.915	-0.948	-0.522	-0.041	-0.553	-0.131	-0.944	-0.051	-0.653	-0.682	-0.494	-0.346	-0.685	-0.843	-0.851	-0.685	-0.685	-0.959	-0.332	-0.954	-0.848	-0.851	-0.331	-0.854	-0.947	-0.947	-0.330	-0.852	-0.855	-0.847	-0.328	-0.328	-0.329	-0.840	-0.848	-0.327	-0.948	-0.315	-0.862	-0.865	-0.852	-0.327	-0.642	-0.937	-0.323	-0.646	-0.939	-0.939	-0.640	-0.676	-0.434	-0.804	-0.933	-0.791	-0.811	-0.834	-0.835	-0.661	-0.659	-0.657	-0.284	-0.794	-0.794	-0.771	-0.865	-0.857	-0.844	-0.685	-0.664	-0.665	-0.844	-0.844	-0.502	-0.732	-0.739	-0.769	-0.809	-0.798	-0.759	-0.757	-0.798	-0.819	-0.873	-0.638	-0.737	-0.799	-0.819	-0.793	-0.778	-0.812	-0.964	-0.924	-0.893	-0.836	-0.804	-0.830	-0.846	-0.847	-0.848	-0.908	-0.873	-0.957	-0.920	-0.826	-0.921	-0.279	-0.912	-0.922	-0.840	-0.940	-0.927	-0.824	-0.917	-0.936	-0.911	-0.936	-0.625	
