## Summary of overall evidence for association with region:
## log10(BF for region) = 7.38827
## p-value for region = NA

## BFs for choosing among multi-SNP models:
## log10(average 1-SNP BF) = 4.3449
## log10(average 2-SNP BF) = 7.86513

## Example posterior probabilities for multi-SNP models, based on default prior: [p(l) propto 0.5^l for l=1,2,...,L]
## posterior probability of 1-SNP = 0.000603306
## posterior probability of 2-SNP = 0.999397

## log10(BF) for single SNP and pair of SNPs:
rs12635145     +2.385	+4.717	+2.350	+3.398	+2.887	+3.504	+3.508	+3.487	+1.865	+2.059	+1.871	+1.876	+1.847	+2.023	+1.852	+1.929	+2.054	+2.019	+2.759	+2.028	+2.588	+2.845	+3.232	+2.741	+2.738	+2.703	+2.783	+2.842	+5.276	+7.118	+2.571	+2.663	+7.246	+7.135	+7.469	+7.399	+7.221	+1.753	+7.264	+7.233	+2.164	+7.187	+7.187	+2.779	+7.179	+7.243	+7.147	+2.787	+2.792	+2.634	+7.170	+7.171	+7.158	+7.175	+7.172	+7.159	+7.159	+7.095	+2.214	+2.205	+2.813	+2.752	+1.748	+2.810	+6.329	+1.742	+6.345	+4.906	+3.290	+1.915	+3.635	+5.855	+3.544	+1.919	+1.912	+1.911	+1.911	+5.418	+4.843	+1.906	+3.475	+4.934	+4.970	+4.947	+4.626	+3.528	+4.939	+5.087	+5.161	+3.443	+2.602	
rs35647328     +4.717	+5.239	+4.717	+5.493	+5.210	+5.580	+5.584	+5.568	+4.628	+4.746	+4.614	+4.617	+4.617	+4.724	+4.603	+4.663	+4.790	+4.838	+5.722	+4.819	+5.508	+5.694	+6.025	+5.583	+5.573	+5.522	+5.597	+5.671	+8.220	+10.017	+5.396	+5.484	+10.176	+10.078	+10.398	+10.325	+10.150	+4.520	+10.197	+10.167	+4.966	+10.118	+10.118	+5.610	+10.111	+10.177	+10.078	+5.619	+5.624	+5.457	+10.101	+10.103	+10.089	+10.110	+10.103	+10.090	+10.090	+10.024	+5.016	+5.011	+5.646	+5.571	+4.512	+5.645	+9.290	+4.506	+9.306	+7.864	+6.156	+4.689	+6.516	+8.827	+6.417	+4.694	+4.686	+4.685	+4.684	+8.284	+7.711	+4.680	+6.306	+7.794	+7.832	+7.808	+7.509	+6.403	+7.800	+7.947	+8.033	+6.316	+5.392	
rs73092542     +2.350	+4.717	+2.337	+3.349	+2.824	+3.459	+3.463	+3.442	+1.819	+2.012	+1.824	+1.829	+1.802	+1.976	+1.806	+1.881	+2.006	+1.973	+2.711	+1.981	+2.540	+2.799	+3.185	+2.694	+2.691	+2.656	+2.736	+2.795	+5.233	+7.077	+2.524	+2.617	+7.205	+7.092	+7.429	+7.359	+7.181	+1.707	+7.224	+7.192	+2.118	+7.146	+7.146	+2.733	+7.139	+7.202	+7.107	+2.741	+2.746	+2.587	+7.130	+7.131	+7.117	+7.135	+7.131	+7.119	+7.118	+7.055	+2.168	+2.159	+2.766	+2.705	+1.703	+2.763	+6.288	+1.697	+6.303	+4.864	+3.248	+1.869	+3.594	+5.813	+3.503	+1.873	+1.866	+1.865	+1.865	+5.374	+4.798	+1.860	+3.432	+4.889	+4.926	+4.902	+4.581	+3.481	+4.894	+5.042	+5.117	+3.395	+2.556	
rs3967208      +3.398	+5.493	+3.349	+1.985	+1.627	+2.061	+2.066	+2.043	+1.432	+1.574	+1.442	+1.447	+1.466	+1.587	+1.424	+1.491	+1.573	+1.643	+2.410	+1.604	+2.259	+2.413	+2.767	+2.213	+2.250	+2.206	+2.283	+2.349	+4.915	+6.896	+2.079	+2.169	+7.038	+6.905	+7.319	+7.250	+7.073	+1.313	+7.116	+7.087	+1.714	+7.041	+7.041	+2.292	+7.034	+7.096	+7.002	+2.299	+2.303	+2.143	+7.026	+7.027	+7.014	+7.050	+7.029	+7.015	+7.015	+6.948	+1.755	+1.746	+2.327	+2.275	+1.345	+2.358	+6.281	+1.336	+6.297	+4.767	+3.116	+1.480	+3.495	+5.768	+3.397	+1.492	+1.478	+1.480	+1.480	+5.124	+4.538	+1.484	+3.231	+4.638	+4.671	+4.640	+4.342	+3.076	+4.641	+4.796	+4.869	+2.991	+2.244	
rs2322142      +2.887	+5.210	+2.824	+1.627	-0.012	+1.814	+1.822	+1.786	-0.416	-0.306	-0.438	-0.435	-0.336	-0.329	-0.442	-0.408	-0.328	-0.241	+0.397	-0.285	+0.275	+0.385	+0.906	+0.364	+0.411	+0.380	+0.463	+0.522	+2.855	+4.809	+0.258	+0.350	+4.952	+4.825	+5.216	+5.148	+4.968	-0.513	+5.010	+4.979	-0.119	+4.935	+4.935	+0.467	+4.928	+4.988	+4.895	+0.474	+0.478	+0.319	+4.919	+4.920	+4.906	+4.935	+4.921	+4.908	+4.907	+4.841	-0.070	-0.100	+0.500	+0.449	-0.503	+0.523	+4.164	-0.511	+4.180	+2.654	+1.296	-0.370	+1.675	+3.635	+1.575	-0.351	-0.372	-0.367	-0.367	+3.005	+2.439	-0.354	+1.398	+2.539	+2.571	+2.543	+2.251	+1.176	+2.543	+2.690	+2.755	+1.093	+0.331	
rs75433452     +3.504	+5.580	+3.459	+2.061	+1.814	+2.127	+2.140	+2.124	+1.564	+1.709	+1.578	+1.582	+1.596	+1.725	+1.558	+1.628	+1.708	+1.777	+2.553	+1.740	+2.402	+2.562	+2.897	+2.342	+2.381	+2.337	+2.412	+2.478	+5.053	+7.041	+2.209	+2.299	+7.183	+7.050	+7.467	+7.399	+7.221	+1.443	+7.264	+7.234	+1.845	+7.189	+7.189	+2.422	+7.182	+7.244	+7.150	+2.429	+2.432	+2.273	+7.174	+7.176	+7.162	+7.198	+7.177	+7.163	+7.163	+7.096	+1.885	+1.877	+2.456	+2.404	+1.477	+2.488	+6.428	+1.468	+6.445	+4.915	+3.253	+1.612	+3.634	+5.919	+3.536	+1.624	+1.609	+1.611	+1.611	+5.274	+4.686	+1.615	+3.368	+4.787	+4.819	+4.789	+4.490	+3.210	+4.789	+4.945	+5.019	+3.125	+2.381	
rs79745559     +3.508	+5.584	+3.463	+2.066	+1.822	+2.140	+2.133	+2.128	+1.570	+1.715	+1.584	+1.588	+1.602	+1.732	+1.564	+1.634	+1.714	+1.783	+2.560	+1.746	+2.409	+2.569	+2.903	+2.348	+2.387	+2.342	+2.418	+2.484	+5.059	+7.047	+2.215	+2.304	+7.189	+7.056	+7.473	+7.405	+7.227	+1.449	+7.270	+7.240	+1.851	+7.195	+7.195	+2.427	+7.188	+7.250	+7.156	+2.435	+2.438	+2.279	+7.180	+7.182	+7.168	+7.204	+7.183	+7.169	+7.169	+7.102	+1.891	+1.883	+2.462	+2.410	+1.483	+2.494	+6.434	+1.474	+6.451	+4.922	+3.259	+1.618	+3.639	+5.925	+3.542	+1.630	+1.615	+1.617	+1.617	+5.280	+4.692	+1.621	+3.374	+4.793	+4.826	+4.795	+4.496	+3.216	+4.796	+4.951	+5.025	+3.131	+2.387	
rs74418162     +3.487	+5.568	+3.442	+2.043	+1.786	+2.124	+2.128	+2.104	+1.543	+1.688	+1.556	+1.561	+1.575	+1.704	+1.537	+1.607	+1.686	+1.756	+2.532	+1.718	+2.380	+2.541	+2.874	+2.320	+2.359	+2.315	+2.390	+2.456	+5.030	+7.014	+2.187	+2.277	+7.157	+7.024	+7.441	+7.372	+7.194	+1.422	+7.238	+7.209	+1.824	+7.163	+7.163	+2.400	+7.156	+7.218	+7.124	+2.407	+2.410	+2.251	+7.148	+7.149	+7.136	+7.172	+7.150	+7.137	+7.137	+7.070	+1.864	+1.855	+2.434	+2.382	+1.456	+2.466	+6.403	+1.447	+6.419	+4.890	+3.230	+1.590	+3.610	+5.894	+3.512	+1.603	+1.588	+1.590	+1.590	+5.249	+4.661	+1.594	+3.344	+4.762	+4.795	+4.764	+4.466	+3.187	+4.765	+4.920	+4.994	+3.103	+2.358	
rs2322157      +1.865	+4.628	+1.819	+1.432	-0.416	+1.564	+1.570	+1.543	-0.523	-0.597	-0.793	-0.791	-0.733	-0.702	-0.808	-0.773	-0.653	-0.770	-0.185	-0.756	-0.303	-0.077	+0.415	-0.114	-0.090	-0.114	-0.027	+0.028	+2.222	+4.093	-0.236	-0.142	+4.232	+4.111	+4.468	+4.402	+4.224	-0.995	+4.264	+4.231	-0.617	+4.191	+4.190	-0.028	+4.183	+4.241	+4.151	-0.020	-0.016	-0.176	+4.174	+4.175	+4.162	+4.182	+4.176	+4.163	+4.163	+4.098	-0.557	-0.592	+0.004	-0.046	-0.995	+0.019	+3.400	-1.001	+3.415	+1.913	+0.633	-0.858	+0.986	+2.852	+0.894	-0.842	-0.859	-0.856	-0.855	+2.326	+1.776	-0.846	+0.758	+1.872	+1.905	+1.879	+1.591	+0.642	+1.877	+2.019	+2.082	+0.564	-0.208	
rs4345038      +2.059	+4.746	+2.012	+1.574	-0.306	+1.709	+1.715	+1.688	-0.597	-0.386	-0.692	-0.696	-0.429	-0.627	-0.665	-0.709	-0.698	-0.624	-0.001	-0.624	-0.129	-0.107	+0.571	+0.040	+0.060	+0.038	+0.126	+0.182	+2.326	+4.181	-0.086	+0.009	+4.327	+4.208	+4.562	+4.496	+4.321	-0.864	+4.362	+4.330	-0.471	+4.288	+4.288	+0.127	+4.281	+4.340	+4.249	+0.134	+0.138	-0.025	+4.271	+4.273	+4.259	+4.280	+4.273	+4.261	+4.260	+4.196	-0.418	-0.446	+0.160	+0.106	-0.875	+0.174	+3.493	-0.881	+3.508	+2.005	+0.758	-0.731	+1.112	+2.934	+1.019	-0.714	-0.732	-0.728	-0.728	+2.430	+1.880	-0.717	+0.888	+1.976	+2.008	+1.982	+1.701	+0.809	+1.980	+2.123	+2.184	+0.728	-0.051	
rs6549410      +1.871	+4.614	+1.824	+1.442	-0.438	+1.578	+1.584	+1.556	-0.793	-0.692	-0.546	-0.690	-0.582	-0.674	-0.710	-0.736	-0.755	-0.793	-0.215	-0.786	-0.333	-0.174	+0.391	-0.136	-0.114	-0.137	-0.051	+0.004	+2.191	+4.074	-0.259	-0.166	+4.214	+4.090	+4.452	+4.386	+4.206	-1.015	+4.246	+4.213	-0.637	+4.172	+4.172	-0.051	+4.164	+4.224	+4.133	-0.044	-0.039	-0.199	+4.155	+4.157	+4.144	+4.164	+4.157	+4.145	+4.145	+4.079	-0.581	-0.612	-0.019	-0.070	-1.018	-0.005	+3.381	-1.024	+3.396	+1.880	+0.600	-0.879	+0.952	+2.824	+0.860	-0.863	-0.881	-0.877	-0.877	+2.289	+1.740	-0.867	+0.726	+1.836	+1.868	+1.843	+1.555	+0.614	+1.840	+1.982	+2.045	+0.535	-0.231	
rs6549411      +1.876	+4.617	+1.829	+1.447	-0.435	+1.582	+1.588	+1.561	-0.791	-0.696	-0.690	-0.544	-0.572	-0.677	-0.693	-0.732	-0.754	-0.791	-0.214	-0.784	-0.332	-0.175	+0.392	-0.135	-0.112	-0.136	-0.049	+0.006	+2.190	+4.072	-0.257	-0.164	+4.212	+4.089	+4.450	+4.384	+4.204	-1.013	+4.244	+4.211	-0.635	+4.170	+4.170	-0.050	+4.162	+4.221	+4.131	-0.043	-0.038	-0.198	+4.153	+4.155	+4.142	+4.162	+4.155	+4.143	+4.143	+4.077	-0.579	-0.610	-0.018	-0.069	-1.016	-0.004	+3.379	-1.022	+3.394	+1.879	+0.601	-0.877	+0.953	+2.822	+0.861	-0.861	-0.879	-0.875	-0.875	+2.289	+1.739	-0.865	+0.727	+1.835	+1.868	+1.842	+1.555	+0.615	+1.840	+1.982	+2.045	+0.536	-0.230	
rs9878896      +1.847	+4.617	+1.802	+1.466	-0.336	+1.596	+1.602	+1.575	-0.733	-0.429	-0.582	-0.572	-0.467	-0.410	-0.651	-0.547	-0.489	-0.687	-0.112	-0.698	-0.253	+0.128	+0.427	-0.069	-0.066	-0.091	-0.005	+0.048	+2.336	+4.238	-0.210	-0.119	+4.372	+4.244	+4.615	+4.549	+4.369	-0.945	+4.409	+4.376	-0.592	+4.336	+4.336	-0.006	+4.328	+4.387	+4.297	+0.001	+0.005	-0.151	+4.320	+4.321	+4.309	+4.330	+4.322	+4.310	+4.310	+4.244	-0.522	-0.567	+0.025	-0.021	-0.930	+0.044	+3.557	-0.938	+3.572	+2.035	+0.705	-0.803	+1.066	+2.996	+0.973	-0.788	-0.805	-0.802	-0.801	+2.503	+1.942	-0.793	+0.857	+2.039	+2.073	+2.047	+1.747	+0.671	+2.044	+2.186	+2.252	+0.592	-0.185	
rs6786206      +2.023	+4.724	+1.976	+1.587	-0.329	+1.725	+1.732	+1.704	-0.702	-0.627	-0.674	-0.677	-0.410	-0.426	-0.626	-0.710	-0.732	-0.660	-0.039	-0.667	-0.167	-0.130	+0.510	-0.016	+0.005	-0.017	+0.070	+0.125	+2.238	+4.093	-0.140	-0.045	+4.234	+4.115	+4.470	+4.404	+4.227	-0.900	+4.267	+4.235	-0.518	+4.194	+4.193	+0.070	+4.186	+4.245	+4.154	+0.077	+0.082	-0.079	+4.177	+4.178	+4.165	+4.185	+4.179	+4.166	+4.166	+4.101	-0.467	-0.493	+0.103	+0.050	-0.912	+0.116	+3.403	-0.917	+3.418	+1.927	+0.684	-0.767	+1.033	+2.855	+0.941	-0.751	-0.769	-0.765	-0.765	+2.351	+1.805	-0.755	+0.815	+1.901	+1.933	+1.908	+1.626	+0.744	+1.906	+2.047	+2.109	+0.664	-0.104	
rs4676845      +1.852	+4.603	+1.806	+1.424	-0.442	+1.558	+1.564	+1.537	-0.808	-0.665	-0.710	-0.693	-0.651	-0.626	-0.551	-0.689	-0.725	-0.798	-0.216	-0.788	-0.334	-0.151	+0.386	-0.142	-0.118	-0.142	-0.055	-0.000	+2.210	+4.101	-0.263	-0.170	+4.240	+4.116	+4.480	+4.414	+4.233	-1.020	+4.272	+4.240	-0.643	+4.199	+4.199	-0.056	+4.191	+4.250	+4.159	-0.048	-0.044	-0.203	+4.182	+4.183	+4.170	+4.190	+4.184	+4.172	+4.171	+4.106	-0.584	-0.618	-0.023	-0.074	-1.021	-0.009	+3.406	-1.028	+3.421	+1.897	+0.604	-0.884	+0.959	+2.846	+0.866	-0.868	-0.885	-0.882	-0.881	+2.303	+1.752	-0.872	+0.729	+1.848	+1.881	+1.855	+1.565	+0.613	+1.853	+1.995	+2.058	+0.535	-0.235	
rs9841733      +1.929	+4.663	+1.881	+1.491	-0.408	+1.628	+1.634	+1.607	-0.773	-0.709	-0.736	-0.732	-0.547	-0.710	-0.689	-0.517	-0.740	-0.769	-0.194	-0.758	-0.312	-0.164	+0.418	-0.109	-0.088	-0.111	-0.025	+0.031	+2.202	+4.081	-0.232	-0.139	+4.221	+4.098	+4.459	+4.393	+4.213	-0.987	+4.253	+4.221	-0.608	+4.180	+4.179	-0.024	+4.172	+4.231	+4.140	-0.017	-0.013	-0.172	+4.162	+4.164	+4.151	+4.171	+4.165	+4.152	+4.152	+4.086	-0.554	-0.584	+0.008	-0.044	-0.992	+0.021	+3.388	-0.998	+3.403	+1.891	+0.619	-0.852	+0.970	+2.832	+0.878	-0.836	-0.854	-0.850	-0.850	+2.302	+1.753	-0.840	+0.745	+1.849	+1.882	+1.856	+1.569	+0.637	+1.854	+1.996	+2.059	+0.559	-0.205	
rs2322162      +2.054	+4.790	+2.006	+1.573	-0.328	+1.708	+1.714	+1.686	-0.653	-0.698	-0.755	-0.754	-0.489	-0.732	-0.725	-0.740	-0.424	-0.692	-0.123	-0.666	-0.241	-0.139	+0.517	-0.010	+0.007	-0.015	+0.071	+0.127	+2.256	+4.104	-0.138	-0.044	+4.245	+4.125	+4.478	+4.412	+4.238	-0.900	+4.278	+4.246	-0.509	+4.205	+4.205	+0.071	+4.197	+4.256	+4.166	+0.079	+0.083	-0.077	+4.188	+4.189	+4.177	+4.197	+4.190	+4.178	+4.177	+4.113	-0.460	-0.484	+0.104	+0.052	-0.908	+0.119	+3.417	-0.914	+3.432	+1.967	+0.702	-0.765	+1.052	+2.894	+0.961	-0.750	-0.767	-0.764	-0.763	+2.397	+1.847	-0.754	+0.835	+1.942	+1.975	+1.950	+1.668	+0.725	+1.947	+2.090	+2.154	+0.646	-0.108	
rs17009073     +2.019	+4.838	+1.973	+1.643	-0.241	+1.777	+1.783	+1.756	-0.770	-0.624	-0.793	-0.791	-0.687	-0.660	-0.798	-0.769	-0.692	-0.385	-0.144	-0.638	-0.255	-0.148	+0.670	+0.119	+0.113	+0.090	+0.178	+0.240	+2.497	+4.410	-0.039	+0.058	+4.552	+4.439	+4.797	+4.731	+4.550	-0.858	+4.590	+4.557	-0.488	+4.516	+4.515	+0.183	+4.507	+4.567	+4.475	+0.191	+0.195	+0.026	+4.497	+4.499	+4.486	+4.505	+4.499	+4.487	+4.486	+4.419	-0.368	-0.460	+0.217	+0.162	-0.871	+0.225	+3.679	-0.877	+3.695	+2.187	+0.816	-0.727	+1.175	+3.152	+1.079	-0.712	-0.729	-0.726	-0.726	+2.511	+1.953	-0.717	+0.905	+2.050	+2.083	+2.057	+1.765	+0.854	+2.055	+2.199	+2.259	+0.774	-0.059	
rs78431571     +2.759	+5.722	+2.711	+2.410	+0.397	+2.553	+2.560	+2.532	-0.185	-0.001	-0.215	-0.214	-0.112	-0.039	-0.216	-0.194	-0.123	-0.144	+0.269	-0.040	+0.116	+0.237	+1.647	+0.995	+0.962	+0.933	+1.030	+1.109	+3.317	+5.305	+0.780	+0.893	+5.451	+5.340	+5.712	+5.646	+5.458	-0.240	+5.499	+5.465	+0.117	+5.424	+5.424	+1.046	+5.416	+5.475	+5.384	+1.054	+1.060	+0.862	+5.405	+5.407	+5.393	+5.414	+5.408	+5.395	+5.394	+5.326	+0.376	+0.138	+1.084	+1.018	-0.306	+1.093	+4.564	-0.309	+4.581	+2.981	+1.558	-0.141	+1.941	+3.970	+1.838	-0.118	-0.142	-0.138	-0.137	+3.411	+2.816	-0.124	+1.701	+2.917	+2.952	+2.925	+2.613	+1.756	+2.922	+3.075	+3.138	+1.665	+0.581	
rs113540862    +2.028	+4.819	+1.981	+1.604	-0.285	+1.740	+1.746	+1.718	-0.756	-0.624	-0.786	-0.784	-0.698	-0.667	-0.788	-0.758	-0.666	-0.638	-0.040	-0.385	-0.162	+0.004	+0.550	+0.017	+0.041	+0.017	+0.104	+0.160	+2.374	+4.249	-0.106	-0.012	+4.391	+4.270	+4.628	+4.562	+4.384	-0.871	+4.424	+4.392	-0.487	+4.351	+4.350	+0.104	+4.343	+4.402	+4.311	+0.111	+0.116	-0.046	+4.333	+4.335	+4.322	+4.342	+4.336	+4.323	+4.323	+4.258	-0.430	-0.462	+0.136	+0.087	-0.873	+0.150	+3.557	-0.879	+3.572	+2.063	+0.769	-0.733	+1.125	+3.006	+1.032	-0.717	-0.735	-0.731	-0.731	+2.477	+1.923	-0.721	+0.895	+2.020	+2.053	+2.027	+1.738	+0.779	+2.025	+2.168	+2.231	+0.700	-0.073	
rs112891292    +2.588	+5.508	+2.540	+2.259	+0.275	+2.402	+2.409	+2.380	-0.303	-0.129	-0.333	-0.332	-0.253	-0.167	-0.334	-0.312	-0.241	-0.255	+0.116	-0.162	+0.142	+0.169	+1.446	+0.812	+0.776	+0.749	+0.845	+0.920	+3.147	+5.124	+0.602	+0.712	+5.271	+5.159	+5.529	+5.462	+5.277	-0.368	+5.318	+5.285	-0.005	+5.244	+5.244	+0.859	+5.236	+5.296	+5.204	+0.867	+0.872	+0.681	+5.226	+5.227	+5.214	+5.234	+5.228	+5.215	+5.215	+5.147	+0.215	+0.020	+0.896	+0.832	-0.420	+0.907	+4.389	-0.424	+4.405	+2.808	+1.402	-0.259	+1.781	+3.789	+1.679	-0.237	-0.261	-0.256	-0.256	+3.234	+2.647	-0.243	+1.542	+2.747	+2.782	+2.755	+2.447	+1.558	+2.751	+2.902	+2.965	+1.468	+0.459	
rs1995453      +2.845	+5.694	+2.799	+2.413	+0.385	+2.562	+2.569	+2.541	-0.077	-0.107	-0.174	-0.175	+0.128	-0.130	-0.151	-0.164	-0.139	-0.148	+0.237	+0.004	+0.169	+0.246	+1.227	+0.711	+0.659	+0.636	+0.722	+0.783	+3.108	+4.945	+0.515	+0.609	+5.100	+4.972	+5.385	+5.317	+5.145	-0.258	+5.187	+5.153	+0.080	+5.111	+5.111	+0.727	+5.103	+5.164	+5.072	+0.734	+0.739	+0.573	+5.093	+5.095	+5.082	+5.094	+5.095	+5.083	+5.083	+5.016	+0.200	+0.106	+0.760	+0.721	-0.256	+0.759	+4.282	-0.262	+4.298	+2.848	+1.440	-0.117	+1.798	+3.813	+1.705	-0.102	-0.119	-0.116	-0.115	+3.121	+2.551	-0.107	+1.497	+2.658	+2.691	+2.666	+2.381	+1.369	+2.664	+2.813	+2.880	+1.289	+0.503	
rs7626189      +3.232	+6.025	+3.185	+2.767	+0.906	+2.897	+2.903	+2.874	+0.415	+0.571	+0.391	+0.392	+0.427	+0.510	+0.386	+0.418	+0.517	+0.670	+1.647	+0.550	+1.446	+1.227	+0.863	+0.590	+0.544	+0.521	+0.523	+0.542	+2.826	+4.562	+0.523	+0.506	+4.705	+4.576	+4.949	+4.886	+4.726	+1.647	+4.766	+4.737	+0.461	+4.697	+4.697	+0.523	+4.690	+4.747	+4.660	+0.524	+0.525	+0.505	+4.683	+4.685	+4.673	+4.707	+4.686	+4.674	+4.674	+4.614	+0.553	+0.448	+0.531	+0.515	+1.936	+0.531	+4.023	+1.861	+4.037	+2.721	+1.341	+0.517	+1.641	+3.593	+1.569	+0.497	+0.514	+0.504	+0.502	+2.998	+2.509	+0.478	+1.391	+2.597	+2.626	+2.605	+2.354	+0.869	+2.601	+2.728	+2.783	+0.815	+0.503	
rs13099461     +2.741	+5.583	+2.694	+2.213	+0.364	+2.342	+2.348	+2.320	-0.114	+0.040	-0.136	-0.135	-0.069	-0.016	-0.142	-0.109	-0.010	+0.119	+0.995	+0.017	+0.812	+0.711	+0.590	+0.304	+0.123	+0.102	+0.154	+0.195	+2.421	+4.186	+0.035	+0.081	+4.326	+4.205	+4.563	+4.499	+4.333	+0.458	+4.372	+4.341	-0.093	+4.302	+4.302	+0.153	+4.295	+4.352	+4.264	+0.158	+0.161	+0.062	+4.287	+4.288	+4.276	+4.305	+4.289	+4.277	+4.277	+4.215	-0.072	-0.087	+0.176	+0.140	+0.682	+0.185	+3.585	+0.633	+3.600	+2.227	+0.923	-0.035	+1.235	+3.106	+1.158	-0.046	-0.038	-0.044	-0.046	+2.560	+2.053	-0.061	+0.998	+2.144	+2.174	+2.150	+1.894	+0.729	+2.149	+2.282	+2.339	+0.651	+0.088	
rs2036595      +2.738	+5.573	+2.691	+2.250	+0.411	+2.381	+2.387	+2.359	-0.090	+0.060	-0.114	-0.112	-0.066	+0.005	-0.118	-0.088	+0.007	+0.113	+0.962	+0.041	+0.776	+0.659	+0.544	+0.123	+0.324	+0.177	+0.201	+0.266	+2.367	+4.123	+0.136	+0.138	+4.263	+4.143	+4.498	+4.435	+4.269	+1.355	+4.308	+4.278	-0.023	+4.238	+4.238	+0.199	+4.231	+4.288	+4.200	+0.203	+0.206	+0.125	+4.223	+4.224	+4.212	+4.239	+4.225	+4.214	+4.213	+4.152	+0.072	-0.031	+0.221	+0.172	+1.251	+0.216	+3.524	+1.177	+3.538	+2.177	+0.884	+0.002	+1.191	+3.050	+1.115	-0.014	-0.001	-0.009	-0.011	+2.508	+2.006	-0.031	+0.956	+2.097	+2.126	+2.104	+1.850	+0.876	+2.102	+2.233	+2.290	+0.773	+0.084	
rs6766437      +2.703	+5.522	+2.656	+2.206	+0.380	+2.337	+2.342	+2.315	-0.114	+0.038	-0.137	-0.136	-0.091	-0.017	-0.142	-0.111	-0.015	+0.090	+0.933	+0.017	+0.749	+0.636	+0.521	+0.102	+0.177	+0.298	+0.215	+0.330	+2.364	+4.124	+0.180	+0.148	+4.264	+4.143	+4.499	+4.435	+4.270	+1.650	+4.309	+4.278	-0.042	+4.239	+4.238	+0.216	+4.232	+4.289	+4.201	+0.220	+0.223	+0.135	+4.224	+4.225	+4.213	+4.240	+4.226	+4.214	+4.214	+4.152	+0.085	-0.050	+0.240	+0.176	+1.388	+0.224	+3.524	+1.306	+3.539	+2.172	+0.876	-0.026	+1.185	+3.047	+1.109	-0.040	-0.029	-0.036	-0.038	+2.506	+2.003	-0.057	+0.951	+2.094	+2.123	+2.099	+1.846	+0.992	+2.099	+2.230	+2.288	+0.867	+0.065	
rs6766549      +2.783	+5.597	+2.736	+2.283	+0.463	+2.412	+2.418	+2.390	-0.027	+0.126	-0.051	-0.049	-0.005	+0.070	-0.055	-0.025	+0.071	+0.178	+1.030	+0.104	+0.845	+0.722	+0.523	+0.154	+0.201	+0.215	+0.389	+0.277	+2.405	+4.157	+0.193	+0.179	+4.296	+4.177	+4.533	+4.471	+4.307	+1.548	+4.343	+4.313	+0.040	+4.276	+4.276	+0.225	+4.269	+4.324	+4.238	+0.228	+0.231	+0.171	+4.261	+4.262	+4.250	+4.278	+4.263	+4.252	+4.251	+4.190	+0.158	+0.030	+0.243	+0.204	+1.653	+0.240	+3.566	+1.566	+3.581	+2.306	+0.979	+0.059	+1.263	+3.120	+1.189	+0.045	+0.056	+0.049	+0.047	+2.549	+2.071	+0.029	+1.033	+2.148	+2.177	+2.155	+1.902	+0.888	+2.153	+2.277	+2.334	+0.783	+0.130	
rs6810056      +2.842	+5.671	+2.795	+2.349	+0.522	+2.478	+2.484	+2.456	+0.028	+0.182	+0.004	+0.006	+0.048	+0.125	-0.000	+0.031	+0.127	+0.240	+1.109	+0.160	+0.920	+0.783	+0.542	+0.195	+0.266	+0.330	+0.277	+0.446	+2.449	+4.193	+0.449	+0.271	+4.334	+4.209	+4.569	+4.505	+4.342	+2.199	+4.381	+4.351	+0.123	+4.311	+4.311	+0.298	+4.304	+4.361	+4.274	+0.299	+0.300	+0.276	+4.297	+4.298	+4.286	+4.314	+4.299	+4.287	+4.287	+4.226	+0.322	+0.106	+0.309	+0.263	+1.840	+0.290	+3.610	+1.749	+3.624	+2.273	+0.971	+0.123	+1.275	+3.142	+1.201	+0.106	+0.120	+0.111	+0.109	+2.598	+2.099	+0.088	+1.039	+2.190	+2.219	+2.197	+1.945	+0.868	+2.195	+2.326	+2.383	+0.770	+0.171	
rs62245758     +5.276	+8.220	+5.233	+4.915	+2.855	+5.053	+5.059	+5.030	+2.222	+2.326	+2.191	+2.190	+2.336	+2.238	+2.210	+2.202	+2.256	+2.497	+3.317	+2.374	+3.147	+3.108	+2.826	+2.421	+2.367	+2.364	+2.405	+2.449	+2.841	+4.908	+2.297	+2.354	+5.018	+4.634	+5.086	+4.981	+4.711	+2.115	+4.770	+4.724	+2.211	+4.664	+4.663	+2.429	+4.651	+4.734	+4.606	+2.433	+2.436	+2.340	+4.635	+4.637	+4.620	+4.629	+4.637	+4.621	+4.621	+4.534	+2.145	+2.221	+2.450	+2.409	+2.164	+2.467	+3.727	+2.176	+3.740	+2.885	+2.422	+2.275	+2.572	+3.412	+2.534	+2.284	+2.272	+2.273	+2.273	+3.241	+2.921	+2.275	+2.491	+2.971	+2.991	+2.977	+2.827	+2.904	+2.977	+3.058	+3.108	+2.853	+2.475	
rs62245759     +7.118	+10.017	+7.077	+6.896	+4.809	+7.041	+7.047	+7.014	+4.093	+4.181	+4.074	+4.072	+4.238	+4.093	+4.101	+4.081	+4.104	+4.410	+5.305	+4.249	+5.124	+4.945	+4.562	+4.186	+4.123	+4.124	+4.157	+4.193	+4.908	+4.799	+4.072	+4.117	+4.899	+4.815	+5.047	+5.001	+4.890	+4.013	+4.914	+4.895	+4.042	+4.871	+4.871	+4.180	+4.866	+4.901	+4.849	+4.184	+4.186	+4.108	+4.861	+4.862	+4.855	+4.868	+4.863	+4.856	+4.856	+4.821	+3.981	+4.049	+4.198	+4.163	+4.236	+4.216	+4.583	+4.261	+4.587	+4.361	+4.143	+4.153	+4.159	+4.538	+4.149	+4.157	+4.149	+4.148	+4.147	+4.476	+4.317	+4.140	+4.108	+4.339	+4.348	+4.341	+4.283	+4.602	+4.341	+4.381	+4.407	+4.558	+4.263	
rs6773577      +2.571	+5.396	+2.524	+2.079	+0.258	+2.209	+2.215	+2.187	-0.236	-0.086	-0.259	-0.257	-0.210	-0.140	-0.263	-0.232	-0.138	-0.039	+0.780	-0.106	+0.602	+0.515	+0.523	+0.035	+0.136	+0.180	+0.193	+0.449	+2.297	+4.072	+0.170	+0.100	+4.211	+4.088	+4.446	+4.381	+4.213	+1.179	+4.253	+4.222	-0.169	+4.182	+4.182	+0.220	+4.175	+4.232	+4.144	+0.228	+0.232	+0.071	+4.167	+4.168	+4.156	+4.181	+4.169	+4.157	+4.157	+4.094	-0.081	-0.173	+0.258	+0.149	+1.053	+0.215	+3.455	+0.980	+3.469	+2.085	+0.797	-0.152	+1.111	+2.968	+1.033	-0.164	-0.155	-0.162	-0.163	+2.431	+1.923	-0.180	+0.878	+2.014	+2.044	+2.020	+1.763	+1.183	+2.019	+2.152	+2.210	+1.032	-0.017	
rs1553573      +2.663	+5.484	+2.617	+2.169	+0.350	+2.299	+2.304	+2.277	-0.142	+0.009	-0.166	-0.164	-0.119	-0.045	-0.170	-0.139	-0.044	+0.058	+0.893	-0.012	+0.712	+0.609	+0.506	+0.081	+0.138	+0.148	+0.179	+0.271	+2.354	+4.117	+0.100	+0.268	+4.247	+4.122	+4.482	+4.418	+4.251	+1.721	+4.291	+4.260	-0.068	+4.220	+4.220	+0.233	+4.213	+4.271	+4.182	+0.239	+0.243	+0.136	+4.205	+4.206	+4.194	+4.221	+4.207	+4.196	+4.195	+4.134	+0.071	-0.076	+0.263	+0.177	+1.377	+0.229	+3.503	+1.297	+3.518	+2.146	+0.852	-0.054	+1.162	+3.024	+1.086	-0.068	-0.057	-0.064	-0.066	+2.484	+1.980	-0.085	+0.928	+2.070	+2.100	+2.076	+1.822	+1.101	+2.075	+2.208	+2.265	+0.958	+0.043	
rs62246660     +7.246	+10.176	+7.205	+7.038	+4.952	+7.183	+7.189	+7.157	+4.232	+4.327	+4.214	+4.212	+4.372	+4.234	+4.240	+4.221	+4.245	+4.552	+5.451	+4.391	+5.271	+5.100	+4.705	+4.326	+4.263	+4.264	+4.296	+4.334	+5.018	+4.899	+4.211	+4.247	+4.946	+4.897	+5.099	+5.057	+4.958	+4.155	+4.978	+4.961	+4.182	+4.941	+4.941	+4.307	+4.937	+4.967	+4.922	+4.311	+4.313	+4.238	+4.933	+4.933	+4.927	+4.938	+4.934	+4.928	+4.928	+4.898	+4.122	+4.189	+4.325	+4.291	+4.398	+4.343	+4.694	+4.424	+4.697	+4.506	+4.294	+4.295	+4.296	+4.640	+4.288	+4.298	+4.290	+4.290	+4.289	+4.574	+4.435	+4.282	+4.245	+4.453	+4.461	+4.455	+4.409	+4.717	+4.455	+4.489	+4.512	+4.674	+4.401	
rs1553574      +7.135	+10.078	+7.092	+6.905	+4.825	+7.050	+7.056	+7.024	+4.111	+4.208	+4.090	+4.089	+4.244	+4.115	+4.116	+4.098	+4.125	+4.439	+5.340	+4.270	+5.159	+4.972	+4.576	+4.205	+4.143	+4.143	+4.177	+4.209	+4.634	+4.815	+4.088	+4.122	+4.897	+4.818	+5.052	+5.008	+4.900	+4.022	+4.924	+4.905	+4.061	+4.882	+4.881	+4.182	+4.877	+4.912	+4.860	+4.185	+4.188	+4.114	+4.873	+4.874	+4.867	+4.879	+4.874	+4.867	+4.867	+4.833	+4.002	+4.067	+4.199	+4.173	+4.249	+4.219	+4.601	+4.251	+4.605	+4.379	+4.159	+4.171	+4.180	+4.559	+4.169	+4.177	+4.167	+4.167	+4.167	+4.501	+4.338	+4.162	+4.129	+4.361	+4.371	+4.364	+4.305	+4.593	+4.364	+4.404	+4.431	+4.550	+4.275	
rs2874744      +7.469	+10.398	+7.429	+7.319	+5.216	+7.467	+7.473	+7.441	+4.468	+4.562	+4.452	+4.450	+4.615	+4.470	+4.480	+4.459	+4.478	+4.797	+5.712	+4.628	+5.529	+5.385	+4.949	+4.563	+4.498	+4.499	+4.533	+4.569	+5.086	+5.047	+4.446	+4.482	+5.099	+5.052	+5.197	+5.208	+5.147	+4.406	+5.159	+5.152	+4.417	+5.140	+5.140	+4.542	+5.138	+5.151	+5.132	+4.546	+4.548	+4.472	+5.134	+5.134	+5.132	+5.120	+5.109	+5.132	+5.132	+5.127	+4.356	+4.424	+4.560	+4.527	+4.719	+4.579	+4.957	+4.748	+4.955	+4.784	+4.572	+4.537	+4.540	+4.831	+4.538	+4.538	+4.532	+4.531	+4.530	+4.821	+4.672	+4.518	+4.475	+4.692	+4.701	+4.695	+4.643	+4.952	+4.695	+4.731	+4.757	+4.908	+4.639	
rs2135318      +7.399	+10.325	+7.359	+7.250	+5.148	+7.399	+7.405	+7.372	+4.402	+4.496	+4.386	+4.384	+4.549	+4.404	+4.414	+4.393	+4.412	+4.731	+5.646	+4.562	+5.462	+5.317	+4.886	+4.499	+4.435	+4.435	+4.471	+4.505	+4.981	+5.001	+4.381	+4.418	+5.057	+5.008	+5.208	+5.129	+5.097	+4.340	+5.105	+5.094	+4.352	+5.088	+5.088	+4.478	+5.085	+5.096	+5.077	+4.482	+4.484	+4.408	+5.081	+5.081	+5.078	+5.070	+5.081	+5.078	+5.078	+5.068	+4.290	+4.359	+4.496	+4.463	+4.646	+4.515	+4.883	+4.674	+4.882	+4.714	+4.502	+4.471	+4.473	+4.774	+4.470	+4.472	+4.466	+4.464	+4.463	+4.769	+4.614	+4.452	+4.411	+4.636	+4.645	+4.638	+4.583	+4.894	+4.638	+4.676	+4.703	+4.850	+4.574	
rs61180178     +7.221	+10.150	+7.181	+7.073	+4.968	+7.221	+7.227	+7.194	+4.224	+4.321	+4.206	+4.204	+4.369	+4.227	+4.233	+4.213	+4.238	+4.550	+5.458	+4.384	+5.277	+5.145	+4.726	+4.333	+4.269	+4.270	+4.307	+4.342	+4.711	+4.890	+4.213	+4.251	+4.958	+4.900	+5.147	+5.097	+4.946	+4.164	+5.009	+4.990	+4.178	+4.974	+4.973	+4.313	+4.969	+4.995	+4.954	+4.316	+4.319	+4.240	+4.964	+4.964	+4.959	+4.958	+4.965	+4.959	+4.959	+4.933	+4.114	+4.185	+4.331	+4.297	+4.459	+4.350	+4.713	+4.487	+4.714	+4.529	+4.316	+4.293	+4.296	+4.620	+4.292	+4.294	+4.288	+4.287	+4.285	+4.620	+4.454	+4.274	+4.239	+4.477	+4.487	+4.480	+4.419	+4.735	+4.480	+4.521	+4.549	+4.691	+4.406	
rs68103358     +1.753	+4.520	+1.707	+1.313	-0.513	+1.443	+1.449	+1.422	-0.995	-0.864	-1.015	-1.013	-0.945	-0.900	-1.020	-0.987	-0.900	-0.858	-0.240	-0.871	-0.368	-0.258	+1.647	+0.458	+1.355	+1.650	+1.548	+2.199	+2.115	+4.013	+1.179	+1.721	+4.155	+4.022	+4.406	+4.340	+4.164	-0.623	+4.204	+4.172	-0.545	+4.130	+4.130	+2.274	+4.122	+4.182	+4.090	+2.301	+2.311	+1.693	+4.113	+4.115	+4.102	+4.127	+4.116	+4.103	+4.103	+4.037	-0.201	-0.519	+2.382	+1.697	-0.711	+1.947	+3.361	-0.741	+3.376	+1.850	+0.519	-0.942	+0.871	+2.820	+0.779	-0.931	-0.944	-0.942	-0.942	+2.216	+1.666	-0.936	+0.655	+1.763	+1.796	+1.770	+1.485	+3.735	+1.768	+1.911	+1.973	+3.555	+0.005	
rs77110295     +7.264	+10.197	+7.224	+7.116	+5.010	+7.264	+7.270	+7.238	+4.264	+4.362	+4.246	+4.244	+4.409	+4.267	+4.272	+4.253	+4.278	+4.590	+5.499	+4.424	+5.318	+5.187	+4.766	+4.372	+4.308	+4.309	+4.343	+4.381	+4.770	+4.914	+4.253	+4.291	+4.978	+4.924	+5.159	+5.105	+5.009	+4.204	+4.988	+5.016	+4.218	+4.995	+4.995	+4.352	+4.991	+5.020	+4.978	+4.356	+4.358	+4.280	+4.987	+4.987	+4.982	+4.980	+4.987	+4.982	+4.982	+4.960	+4.153	+4.225	+4.370	+4.336	+4.504	+4.389	+4.756	+4.533	+4.756	+4.570	+4.358	+4.333	+4.336	+4.653	+4.333	+4.334	+4.328	+4.327	+4.326	+4.650	+4.488	+4.314	+4.277	+4.510	+4.520	+4.513	+4.454	+4.769	+4.513	+4.553	+4.580	+4.725	+4.445	
rs62246663     +7.233	+10.167	+7.192	+7.087	+4.979	+7.234	+7.240	+7.209	+4.231	+4.330	+4.213	+4.211	+4.376	+4.235	+4.240	+4.221	+4.246	+4.557	+5.465	+4.392	+5.285	+5.153	+4.737	+4.341	+4.278	+4.278	+4.313	+4.351	+4.724	+4.895	+4.222	+4.260	+4.961	+4.905	+5.152	+5.094	+4.990	+4.172	+5.016	+4.954	+4.186	+4.975	+4.975	+4.321	+4.971	+5.003	+4.956	+4.325	+4.328	+4.249	+4.966	+4.967	+4.961	+4.960	+4.967	+4.961	+4.961	+4.936	+4.121	+4.193	+4.340	+4.306	+4.469	+4.359	+4.724	+4.497	+4.725	+4.536	+4.324	+4.301	+4.304	+4.625	+4.300	+4.302	+4.296	+4.294	+4.293	+4.624	+4.459	+4.282	+4.246	+4.482	+4.492	+4.485	+4.425	+4.740	+4.485	+4.526	+4.553	+4.696	+4.414	
rs11128242     +2.164	+4.966	+2.118	+1.714	-0.119	+1.845	+1.851	+1.824	-0.617	-0.471	-0.637	-0.635	-0.592	-0.518	-0.643	-0.608	-0.509	-0.488	+0.117	-0.487	-0.005	+0.080	+0.461	-0.093	-0.023	-0.042	+0.040	+0.123	+2.211	+4.042	-0.169	-0.068	+4.182	+4.061	+4.417	+4.352	+4.178	-0.545	+4.218	+4.186	-0.224	+4.145	+4.145	+0.071	+4.138	+4.196	+4.106	+0.079	+0.084	-0.099	+4.129	+4.130	+4.117	+4.141	+4.131	+4.119	+4.118	+4.054	-0.465	-0.341	+0.107	+0.035	-0.332	+0.111	+3.380	-0.361	+3.395	+1.944	+0.663	-0.562	+1.000	+2.857	+0.914	-0.559	-0.564	-0.565	-0.566	+2.329	+1.797	-0.570	+0.769	+1.891	+1.923	+1.898	+1.624	+0.828	+1.896	+2.034	+2.095	+0.733	-0.082	
rs75581813     +7.187	+10.118	+7.146	+7.041	+4.935	+7.189	+7.195	+7.163	+4.191	+4.288	+4.172	+4.170	+4.336	+4.194	+4.199	+4.180	+4.205	+4.516	+5.424	+4.351	+5.244	+5.111	+4.697	+4.302	+4.238	+4.239	+4.276	+4.311	+4.664	+4.871	+4.182	+4.220	+4.941	+4.882	+5.140	+5.088	+4.974	+4.130	+4.995	+4.975	+4.145	+4.912	+4.956	+4.281	+4.952	+4.981	+4.936	+4.285	+4.288	+4.209	+4.947	+4.947	+4.941	+4.941	+4.948	+4.941	+4.941	+4.912	+4.081	+4.153	+4.300	+4.266	+4.424	+4.319	+4.683	+4.451	+4.685	+4.494	+4.281	+4.259	+4.263	+4.591	+4.258	+4.260	+4.255	+4.253	+4.252	+4.592	+4.424	+4.241	+4.206	+4.448	+4.458	+4.451	+4.389	+4.704	+4.451	+4.492	+4.521	+4.660	+4.374	
rs62246664     +7.187	+10.118	+7.146	+7.041	+4.935	+7.189	+7.195	+7.163	+4.190	+4.288	+4.172	+4.170	+4.336	+4.193	+4.199	+4.179	+4.205	+4.515	+5.424	+4.350	+5.244	+5.111	+4.697	+4.302	+4.238	+4.238	+4.276	+4.311	+4.663	+4.871	+4.182	+4.220	+4.941	+4.881	+5.140	+5.088	+4.973	+4.130	+4.995	+4.975	+4.145	+4.956	+4.912	+4.281	+4.952	+4.981	+4.935	+4.285	+4.287	+4.209	+4.947	+4.947	+4.941	+4.940	+4.948	+4.941	+4.941	+4.912	+4.080	+4.152	+4.299	+4.265	+4.423	+4.319	+4.683	+4.451	+4.685	+4.494	+4.281	+4.259	+4.263	+4.591	+4.258	+4.260	+4.254	+4.253	+4.252	+4.592	+4.424	+4.241	+4.206	+4.448	+4.458	+4.451	+4.388	+4.704	+4.451	+4.492	+4.520	+4.659	+4.373	
rs6806777      +2.779	+5.610	+2.733	+2.292	+0.467	+2.422	+2.427	+2.400	-0.028	+0.127	-0.051	-0.050	-0.006	+0.070	-0.056	-0.024	+0.071	+0.183	+1.046	+0.104	+0.859	+0.727	+0.523	+0.153	+0.199	+0.216	+0.225	+0.298	+2.429	+4.180	+0.220	+0.233	+4.307	+4.182	+4.542	+4.478	+4.313	+2.274	+4.352	+4.321	+0.071	+4.281	+4.281	+0.388	+4.274	+4.331	+4.243	+0.315	+0.316	+0.296	+4.266	+4.267	+4.255	+4.283	+4.268	+4.257	+4.256	+4.195	+0.295	+0.056	+0.327	+0.248	+1.843	+0.282	+3.575	+1.750	+3.589	+2.230	+0.930	+0.066	+1.236	+3.103	+1.161	+0.049	+0.063	+0.054	+0.053	+2.560	+2.059	+0.032	+1.000	+2.150	+2.179	+2.155	+1.903	+0.993	+2.155	+2.286	+2.343	+0.869	+0.127	
rs55723069     +7.179	+10.111	+7.139	+7.034	+4.928	+7.182	+7.188	+7.156	+4.183	+4.281	+4.164	+4.162	+4.328	+4.186	+4.191	+4.172	+4.197	+4.507	+5.416	+4.343	+5.236	+5.103	+4.690	+4.295	+4.231	+4.232	+4.269	+4.304	+4.651	+4.866	+4.175	+4.213	+4.937	+4.877	+5.138	+5.085	+4.969	+4.122	+4.991	+4.971	+4.138	+4.952	+4.952	+4.274	+4.904	+4.978	+4.931	+4.278	+4.280	+4.201	+4.943	+4.944	+4.937	+4.937	+4.944	+4.938	+4.937	+4.908	+4.073	+4.145	+4.292	+4.258	+4.415	+4.312	+4.677	+4.443	+4.678	+4.486	+4.273	+4.251	+4.255	+4.584	+4.251	+4.252	+4.247	+4.245	+4.244	+4.585	+4.417	+4.233	+4.199	+4.441	+4.450	+4.444	+4.381	+4.697	+4.444	+4.485	+4.513	+4.652	+4.366	
rs56730964     +7.243	+10.177	+7.202	+7.096	+4.988	+7.244	+7.250	+7.218	+4.241	+4.340	+4.224	+4.221	+4.387	+4.245	+4.250	+4.231	+4.256	+4.567	+5.475	+4.402	+5.296	+5.164	+4.747	+4.352	+4.288	+4.289	+4.324	+4.361	+4.734	+4.901	+4.232	+4.271	+4.967	+4.912	+5.151	+5.096	+4.995	+4.182	+5.020	+5.003	+4.196	+4.981	+4.981	+4.331	+4.978	+4.965	+4.964	+4.335	+4.337	+4.259	+4.974	+4.974	+4.969	+4.967	+4.975	+4.969	+4.969	+4.945	+4.131	+4.203	+4.349	+4.315	+4.482	+4.369	+4.736	+4.510	+4.736	+4.547	+4.336	+4.311	+4.315	+4.633	+4.311	+4.312	+4.306	+4.305	+4.304	+4.630	+4.467	+4.292	+4.255	+4.490	+4.499	+4.493	+4.433	+4.748	+4.493	+4.533	+4.560	+4.704	+4.423	
rs62246666     +7.147	+10.078	+7.107	+7.002	+4.895	+7.150	+7.156	+7.124	+4.151	+4.249	+4.133	+4.131	+4.297	+4.154	+4.159	+4.140	+4.166	+4.475	+5.384	+4.311	+5.204	+5.072	+4.660	+4.264	+4.200	+4.201	+4.238	+4.274	+4.606	+4.849	+4.144	+4.182	+4.922	+4.860	+5.132	+5.077	+4.954	+4.090	+4.978	+4.956	+4.106	+4.936	+4.935	+4.243	+4.931	+4.964	+4.871	+4.247	+4.249	+4.170	+4.926	+4.927	+4.919	+4.920	+4.927	+4.920	+4.920	+4.887	+4.041	+4.114	+4.261	+4.227	+4.378	+4.281	+4.647	+4.406	+4.649	+4.452	+4.239	+4.219	+4.223	+4.558	+4.219	+4.221	+4.215	+4.213	+4.212	+4.561	+4.390	+4.201	+4.168	+4.414	+4.424	+4.417	+4.353	+4.666	+4.417	+4.459	+4.488	+4.621	+4.334	
rs7653594      +2.787	+5.619	+2.741	+2.299	+0.474	+2.429	+2.435	+2.407	-0.020	+0.134	-0.044	-0.043	+0.001	+0.077	-0.048	-0.017	+0.079	+0.191	+1.054	+0.111	+0.867	+0.734	+0.524	+0.158	+0.203	+0.220	+0.228	+0.299	+2.433	+4.184	+0.228	+0.239	+4.311	+4.185	+4.546	+4.482	+4.316	+2.301	+4.356	+4.325	+0.079	+4.285	+4.285	+0.315	+4.278	+4.335	+4.247	+0.396	+0.320	+0.312	+4.270	+4.271	+4.259	+4.287	+4.272	+4.260	+4.260	+4.199	+0.310	+0.064	+0.330	+0.253	+1.866	+0.285	+3.579	+1.773	+3.593	+2.235	+0.935	+0.073	+1.240	+3.108	+1.166	+0.057	+0.070	+0.062	+0.060	+2.564	+2.063	+0.039	+1.004	+2.155	+2.184	+2.160	+1.908	+0.988	+2.159	+2.291	+2.348	+0.865	+0.132	
rs9874496      +2.792	+5.624	+2.746	+2.303	+0.478	+2.432	+2.438	+2.410	-0.016	+0.138	-0.039	-0.038	+0.005	+0.082	-0.044	-0.013	+0.083	+0.195	+1.060	+0.116	+0.872	+0.739	+0.525	+0.161	+0.206	+0.223	+0.231	+0.300	+2.436	+4.186	+0.232	+0.243	+4.313	+4.188	+4.548	+4.484	+4.319	+2.311	+4.358	+4.328	+0.084	+4.288	+4.287	+0.316	+4.280	+4.337	+4.249	+0.320	+0.400	+0.317	+4.272	+4.273	+4.261	+4.289	+4.274	+4.263	+4.262	+4.201	+0.318	+0.069	+0.330	+0.255	+1.875	+0.287	+3.581	+1.783	+3.596	+2.238	+0.938	+0.078	+1.243	+3.111	+1.169	+0.061	+0.075	+0.066	+0.065	+2.567	+2.066	+0.044	+1.007	+2.158	+2.187	+2.163	+1.911	+0.981	+2.162	+2.294	+2.351	+0.859	+0.136	
rs6775673      +2.634	+5.457	+2.587	+2.143	+0.319	+2.273	+2.279	+2.251	-0.176	-0.025	-0.199	-0.198	-0.151	-0.079	-0.203	-0.172	-0.077	+0.026	+0.862	-0.046	+0.681	+0.573	+0.505	+0.062	+0.125	+0.135	+0.171	+0.276	+2.340	+4.108	+0.071	+0.136	+4.238	+4.114	+4.472	+4.408	+4.240	+1.693	+4.280	+4.249	-0.099	+4.209	+4.209	+0.296	+4.201	+4.259	+4.170	+0.312	+0.317	+0.233	+4.193	+4.194	+4.182	+4.209	+4.195	+4.183	+4.183	+4.121	+0.045	-0.106	+0.351	+0.186	+1.362	+0.248	+3.487	+1.280	+3.502	+2.125	+0.832	-0.089	+1.144	+3.005	+1.067	-0.102	-0.092	-0.099	-0.101	+2.465	+1.959	-0.119	+0.909	+2.050	+2.080	+2.056	+1.800	+1.318	+2.055	+2.188	+2.246	+1.142	+0.020	
rs148855890    +7.170	+10.101	+7.130	+7.026	+4.919	+7.174	+7.180	+7.148	+4.174	+4.271	+4.155	+4.153	+4.320	+4.177	+4.182	+4.162	+4.188	+4.497	+5.405	+4.333	+5.226	+5.093	+4.683	+4.287	+4.223	+4.224	+4.261	+4.297	+4.635	+4.861	+4.167	+4.205	+4.933	+4.873	+5.134	+5.081	+4.964	+4.113	+4.987	+4.966	+4.129	+4.947	+4.947	+4.266	+4.943	+4.974	+4.926	+4.270	+4.272	+4.193	+4.895	+4.939	+4.933	+4.932	+4.940	+4.933	+4.933	+4.903	+4.063	+4.136	+4.284	+4.250	+4.406	+4.303	+4.669	+4.435	+4.671	+4.477	+4.264	+4.242	+4.246	+4.576	+4.242	+4.243	+4.238	+4.236	+4.235	+4.576	+4.408	+4.224	+4.190	+4.431	+4.441	+4.435	+4.372	+4.687	+4.435	+4.476	+4.504	+4.643	+4.356	
rs143473521    +7.171	+10.103	+7.131	+7.027	+4.920	+7.176	+7.182	+7.149	+4.175	+4.273	+4.157	+4.155	+4.321	+4.178	+4.183	+4.164	+4.189	+4.499	+5.407	+4.335	+5.227	+5.095	+4.685	+4.288	+4.224	+4.225	+4.262	+4.298	+4.637	+4.862	+4.168	+4.206	+4.933	+4.874	+5.134	+5.081	+4.964	+4.115	+4.987	+4.967	+4.130	+4.947	+4.947	+4.267	+4.944	+4.974	+4.927	+4.271	+4.273	+4.194	+4.939	+4.896	+4.933	+4.933	+4.940	+4.934	+4.934	+4.904	+4.065	+4.137	+4.285	+4.251	+4.408	+4.304	+4.670	+4.436	+4.672	+4.479	+4.265	+4.243	+4.247	+4.577	+4.243	+4.245	+4.239	+4.237	+4.236	+4.577	+4.409	+4.225	+4.191	+4.433	+4.442	+4.436	+4.373	+4.689	+4.436	+4.477	+4.505	+4.644	+4.358	
rs62243771     +7.158	+10.089	+7.117	+7.014	+4.906	+7.162	+7.168	+7.136	+4.162	+4.259	+4.144	+4.142	+4.309	+4.165	+4.170	+4.151	+4.177	+4.486	+5.393	+4.322	+5.214	+5.082	+4.673	+4.276	+4.212	+4.213	+4.250	+4.286	+4.620	+4.855	+4.156	+4.194	+4.927	+4.867	+5.132	+5.078	+4.959	+4.102	+4.982	+4.961	+4.117	+4.941	+4.941	+4.255	+4.937	+4.969	+4.919	+4.259	+4.261	+4.182	+4.933	+4.933	+4.883	+4.927	+4.934	+4.927	+4.927	+4.895	+4.052	+4.125	+4.273	+4.239	+4.394	+4.293	+4.659	+4.422	+4.660	+4.465	+4.252	+4.231	+4.235	+4.566	+4.230	+4.232	+4.226	+4.225	+4.224	+4.567	+4.398	+4.212	+4.178	+4.421	+4.431	+4.424	+4.361	+4.677	+4.424	+4.466	+4.494	+4.632	+4.345	
rs62243772     +7.175	+10.110	+7.135	+7.050	+4.935	+7.198	+7.204	+7.172	+4.182	+4.280	+4.164	+4.162	+4.330	+4.185	+4.190	+4.171	+4.197	+4.505	+5.414	+4.342	+5.234	+5.094	+4.707	+4.305	+4.239	+4.240	+4.278	+4.314	+4.629	+4.868	+4.181	+4.221	+4.938	+4.879	+5.120	+5.070	+4.958	+4.127	+4.980	+4.960	+4.141	+4.941	+4.940	+4.283	+4.937	+4.967	+4.920	+4.287	+4.289	+4.209	+4.932	+4.933	+4.927	+4.903	+4.934	+4.928	+4.927	+4.897	+4.072	+4.149	+4.301	+4.266	+4.425	+4.321	+4.673	+4.454	+4.674	+4.483	+4.269	+4.250	+4.254	+4.585	+4.249	+4.252	+4.246	+4.244	+4.243	+4.586	+4.417	+4.233	+4.198	+4.441	+4.451	+4.444	+4.381	+4.709	+4.444	+4.486	+4.514	+4.664	+4.377	
rs149591868    +7.172	+10.103	+7.131	+7.029	+4.921	+7.177	+7.183	+7.150	+4.176	+4.273	+4.157	+4.155	+4.322	+4.179	+4.184	+4.165	+4.190	+4.499	+5.408	+4.336	+5.228	+5.095	+4.686	+4.289	+4.225	+4.226	+4.263	+4.299	+4.637	+4.863	+4.169	+4.207	+4.934	+4.874	+5.109	+5.081	+4.965	+4.116	+4.987	+4.967	+4.131	+4.948	+4.948	+4.268	+4.944	+4.975	+4.927	+4.272	+4.274	+4.195	+4.940	+4.940	+4.934	+4.934	+4.897	+4.934	+4.934	+4.904	+4.066	+4.138	+4.286	+4.252	+4.409	+4.305	+4.672	+4.437	+4.673	+4.480	+4.266	+4.244	+4.248	+4.578	+4.244	+4.245	+4.240	+4.238	+4.237	+4.577	+4.409	+4.226	+4.192	+4.433	+4.443	+4.436	+4.374	+4.689	+4.436	+4.477	+4.505	+4.644	+4.358	
rs62243773     +7.159	+10.090	+7.119	+7.015	+4.908	+7.163	+7.169	+7.137	+4.163	+4.261	+4.145	+4.143	+4.310	+4.166	+4.172	+4.152	+4.178	+4.487	+5.395	+4.323	+5.215	+5.083	+4.674	+4.277	+4.214	+4.214	+4.252	+4.287	+4.621	+4.856	+4.157	+4.196	+4.928	+4.867	+5.132	+5.078	+4.959	+4.103	+4.982	+4.961	+4.119	+4.941	+4.941	+4.257	+4.938	+4.969	+4.920	+4.260	+4.263	+4.183	+4.933	+4.934	+4.927	+4.928	+4.934	+4.884	+4.928	+4.896	+4.053	+4.126	+4.274	+4.240	+4.396	+4.294	+4.660	+4.424	+4.662	+4.467	+4.253	+4.232	+4.236	+4.567	+4.232	+4.233	+4.227	+4.226	+4.225	+4.567	+4.399	+4.214	+4.180	+4.422	+4.432	+4.425	+4.363	+4.678	+4.425	+4.467	+4.495	+4.633	+4.346	
rs62243774     +7.159	+10.090	+7.118	+7.015	+4.907	+7.163	+7.169	+7.137	+4.163	+4.260	+4.145	+4.143	+4.310	+4.166	+4.171	+4.152	+4.177	+4.486	+5.394	+4.323	+5.215	+5.083	+4.674	+4.277	+4.213	+4.214	+4.251	+4.287	+4.621	+4.856	+4.157	+4.195	+4.928	+4.867	+5.132	+5.078	+4.959	+4.103	+4.982	+4.961	+4.118	+4.941	+4.941	+4.256	+4.937	+4.969	+4.920	+4.260	+4.262	+4.183	+4.933	+4.934	+4.927	+4.927	+4.934	+4.928	+4.884	+4.896	+4.053	+4.126	+4.274	+4.240	+4.395	+4.293	+4.660	+4.423	+4.661	+4.467	+4.253	+4.231	+4.236	+4.567	+4.231	+4.233	+4.227	+4.225	+4.224	+4.567	+4.398	+4.213	+4.179	+4.422	+4.432	+4.425	+4.362	+4.677	+4.425	+4.466	+4.495	+4.632	+4.346	
rs142205154    +7.095	+10.024	+7.055	+6.948	+4.841	+7.096	+7.102	+7.070	+4.098	+4.196	+4.079	+4.077	+4.244	+4.101	+4.106	+4.086	+4.113	+4.419	+5.326	+4.258	+5.147	+5.016	+4.614	+4.215	+4.152	+4.152	+4.190	+4.226	+4.534	+4.821	+4.094	+4.134	+4.898	+4.833	+5.127	+5.068	+4.933	+4.037	+4.960	+4.936	+4.054	+4.912	+4.912	+4.195	+4.908	+4.945	+4.887	+4.199	+4.201	+4.121	+4.903	+4.904	+4.895	+4.897	+4.904	+4.896	+4.896	+4.816	+3.988	+4.062	+4.213	+4.178	+4.323	+4.232	+4.600	+4.350	+4.602	+4.398	+4.183	+4.166	+4.171	+4.513	+4.166	+4.167	+4.162	+4.160	+4.159	+4.515	+4.341	+4.148	+4.117	+4.366	+4.376	+4.369	+4.304	+4.618	+4.369	+4.412	+4.441	+4.572	+4.283	
rs11717565     +2.214	+5.016	+2.168	+1.755	-0.070	+1.885	+1.891	+1.864	-0.557	-0.418	-0.581	-0.579	-0.522	-0.467	-0.584	-0.554	-0.460	-0.368	+0.376	-0.430	+0.215	+0.200	+0.553	-0.072	+0.072	+0.085	+0.158	+0.322	+2.145	+3.981	-0.081	+0.071	+4.122	+4.002	+4.356	+4.290	+4.114	-0.201	+4.153	+4.121	-0.465	+4.081	+4.080	+0.295	+4.073	+4.131	+4.041	+0.310	+0.318	+0.045	+4.063	+4.065	+4.052	+4.072	+4.066	+4.053	+4.053	+3.988	-0.166	-0.452	+0.365	+0.336	+0.002	+0.283	+3.302	-0.041	+3.317	+1.877	+0.613	-0.485	+0.945	+2.779	+0.859	-0.491	-0.487	-0.492	-0.493	+2.260	+1.736	-0.504	+0.719	+1.828	+1.859	+1.835	+1.564	+1.451	+1.832	+1.968	+2.028	+1.292	-0.179	
rs13065604     +2.205	+5.011	+2.159	+1.746	-0.100	+1.877	+1.883	+1.855	-0.592	-0.446	-0.612	-0.610	-0.567	-0.493	-0.618	-0.584	-0.484	-0.460	+0.138	-0.462	+0.020	+0.106	+0.448	-0.087	-0.031	-0.050	+0.030	+0.106	+2.221	+4.049	-0.173	-0.076	+4.189	+4.067	+4.424	+4.359	+4.185	-0.519	+4.225	+4.193	-0.341	+4.153	+4.152	+0.056	+4.145	+4.203	+4.114	+0.064	+0.069	-0.106	+4.136	+4.137	+4.125	+4.149	+4.138	+4.126	+4.126	+4.062	-0.452	-0.198	+0.091	+0.024	-0.303	+0.097	+3.390	-0.332	+3.405	+1.958	+0.684	-0.539	+1.020	+2.869	+0.935	-0.535	-0.541	-0.542	-0.543	+2.339	+1.809	-0.546	+0.786	+1.902	+1.934	+1.909	+1.636	+0.797	+1.907	+2.045	+2.105	+0.704	-0.090	
