## Summary of overall evidence for association with region:
## log10(BF for region) = 6.47861
## p-value for region = NA

## BFs for choosing among multi-SNP models:
## log10(average 1-SNP BF) = 5.01439
## log10(average 2-SNP BF) = 6.94567

## Example posterior probabilities for multi-SNP models, based on default prior: [p(l) propto 0.5^l for l=1,2,...,L]
## posterior probability of 1-SNP = 0.0228922
## posterior probability of 2-SNP = 0.977108

## log10(BF) for single SNP and pair of SNPs:
rs195385       -0.221	-0.352	-0.321	-0.389	-0.419	-0.560	-0.479	-0.478	-0.482	-0.480	-0.478	-0.469	+3.292	+0.216	-0.447	+4.379	+4.378	+4.370	-0.447	+4.461	-0.446	-0.547	-0.374	-0.450	-0.451	-0.447	+0.315	+0.885	+0.900	+0.938	+5.039	+5.015	+4.977	+5.145	+1.770	+6.043	+4.928	+4.954	+0.928	+4.916	+0.668	+0.577	+0.916	+0.877	+0.850	+5.029	+0.734	+4.667	+4.660	+4.007	-0.181	+4.337	+4.427	+4.456	+4.406	+4.443	+4.442	+4.249	+0.633	+4.439	+4.439	+4.458	+4.414	+4.450	+4.432	+4.431	+4.232	+4.278	+4.278	+4.491	+4.301	+4.296	+4.509	+4.425	+4.426	+4.379	+4.395	+3.854	+4.580	+2.848	+4.312	+0.556	+0.534	+3.959	+2.407	+6.234	+3.812	+3.521	+3.750	+3.000	+3.685	+3.796	+3.257	+3.428	+0.144	+3.501	+3.278	+3.391	+3.445	+3.301	+3.300	+3.442	+3.405	+3.566	+3.490	+3.501	+3.531	+0.024	+0.956	-0.158	+2.379	+1.264	+1.175	-0.223	-0.124	+0.605	-0.085	-0.224	-0.164	+0.479	-0.151	+0.472	+0.352	+0.374	+0.422	+0.396	-0.142	+0.455	+0.473	+0.448	+0.443	+0.436	+0.345	+0.808	+0.417	+0.644	+0.482	+0.581	-0.491	-0.668	+0.446	+0.741	+0.737	+0.735	+1.094	+1.067	+1.048	+0.595	+1.018	+0.668	+0.948	-0.680	-0.361	-0.179	-0.333	-0.186	-0.345	-0.391	-0.328	-0.385	-0.688	-0.326	-0.326	-0.429	-0.689	-0.437	-0.691	-0.424	-0.670	-0.395	-0.282	-0.439	-0.670	-0.449	-0.471	-0.669	-0.668	+0.401	+1.255	+0.240	+0.228	+0.228	
rs963835       -0.352	-0.346	-0.469	-0.437	-0.489	-0.703	-0.596	-0.595	-0.598	-0.608	-0.592	-0.582	+3.358	+0.108	-0.561	+4.407	+4.405	+4.397	-0.560	+4.489	-0.560	-0.656	-0.479	-0.564	-0.565	-0.560	+0.229	+0.770	+0.785	+0.823	+5.066	+5.043	+5.004	+5.172	+1.701	+6.064	+4.953	+4.981	+0.813	+4.942	+0.545	+0.453	+0.801	+0.763	+0.735	+5.056	+0.618	+4.698	+4.691	+3.936	-0.279	+4.365	+4.458	+4.489	+4.431	+4.476	+4.475	+4.275	+0.524	+4.472	+4.472	+4.491	+4.445	+4.482	+4.464	+4.463	+4.257	+4.307	+4.304	+4.523	+4.327	+4.322	+4.541	+4.456	+4.457	+4.406	+4.425	+3.876	+4.613	+2.854	+4.339	+0.447	+0.425	+3.980	+2.359	+6.112	+3.674	+3.339	+3.612	+2.848	+3.551	+3.700	+3.166	+3.336	+0.031	+3.437	+3.210	+3.327	+3.381	+3.208	+3.206	+3.378	+3.339	+3.506	+3.426	+3.437	+3.467	-0.094	+0.822	-0.270	+2.262	+1.131	+1.039	-0.346	-0.248	+0.508	-0.196	-0.329	-0.288	+0.369	-0.275	+0.362	+0.252	+0.263	+0.311	+0.284	-0.267	+0.344	+0.362	+0.337	+0.331	+0.324	+0.238	+0.703	+0.310	+0.545	+0.374	+0.449	-0.611	-0.787	+0.335	+0.643	+0.639	+0.637	+0.986	+0.959	+0.940	+0.495	+0.909	+0.569	+0.840	-0.799	-0.473	-0.288	-0.445	-0.295	-0.457	-0.503	-0.439	-0.497	-0.808	-0.437	-0.437	-0.545	-0.809	-0.554	-0.810	-0.542	-0.789	-0.510	-0.392	-0.554	-0.789	-0.567	-0.587	-0.788	-0.787	+0.260	+1.128	+0.114	+0.102	+0.103	
rs761737       -0.321	-0.469	-0.367	-0.427	-0.488	-0.725	-0.617	-0.615	-0.618	-0.630	-0.612	-0.601	+3.376	+0.087	-0.580	+4.417	+4.415	+4.407	-0.580	+4.499	-0.580	-0.675	-0.497	-0.584	-0.585	-0.580	+0.212	+0.747	+0.762	+0.799	+5.076	+5.054	+5.013	+5.182	+1.691	+6.072	+4.962	+4.990	+0.790	+4.952	+0.521	+0.428	+0.778	+0.739	+0.711	+5.066	+0.596	+4.709	+4.701	+3.926	-0.297	+4.375	+4.468	+4.500	+4.439	+4.486	+4.485	+4.285	+0.504	+4.482	+4.482	+4.501	+4.455	+4.492	+4.474	+4.473	+4.266	+4.316	+4.313	+4.533	+4.336	+4.331	+4.551	+4.466	+4.467	+4.416	+4.435	+3.883	+4.623	+2.857	+4.348	+0.426	+0.404	+3.988	+2.350	+6.087	+3.650	+3.308	+3.589	+2.819	+3.527	+3.686	+3.152	+3.321	+0.010	+3.426	+3.199	+3.316	+3.370	+3.193	+3.192	+3.367	+3.328	+3.496	+3.416	+3.427	+3.457	-0.115	+0.799	-0.291	+2.242	+1.108	+1.016	-0.367	-0.271	+0.492	-0.215	-0.347	-0.310	+0.350	-0.298	+0.343	+0.234	+0.244	+0.292	+0.265	-0.289	+0.325	+0.343	+0.318	+0.312	+0.306	+0.220	+0.684	+0.291	+0.528	+0.355	+0.427	-0.631	-0.808	+0.316	+0.626	+0.622	+0.620	+0.967	+0.940	+0.921	+0.478	+0.891	+0.552	+0.822	-0.820	-0.492	-0.307	-0.464	-0.313	-0.476	-0.522	-0.458	-0.516	-0.828	-0.456	-0.456	-0.565	-0.829	-0.573	-0.830	-0.561	-0.810	-0.529	-0.411	-0.573	-0.809	-0.586	-0.606	-0.808	-0.808	+0.237	+1.108	+0.093	+0.081	+0.081	
rs9394432      -0.389	-0.437	-0.427	-0.249	-0.410	-0.586	-0.505	-0.504	-0.508	-0.507	-0.504	-0.495	+3.328	+0.188	-0.473	+4.393	+4.393	+4.384	-0.472	+4.476	-0.472	-0.572	-0.399	-0.476	-0.477	-0.473	+0.291	+0.855	+0.870	+0.907	+5.054	+5.031	+4.992	+5.160	+1.754	+6.054	+4.941	+4.969	+0.898	+4.930	+0.637	+0.546	+0.886	+0.847	+0.820	+5.043	+0.705	+4.684	+4.676	+3.977	-0.206	+4.349	+4.440	+4.469	+4.415	+4.456	+4.455	+4.260	+0.605	+4.452	+4.452	+4.471	+4.426	+4.463	+4.444	+4.443	+4.243	+4.290	+4.289	+4.503	+4.312	+4.307	+4.521	+4.437	+4.438	+4.391	+4.407	+3.862	+4.593	+2.848	+4.323	+0.529	+0.507	+3.966	+2.385	+6.211	+3.787	+3.492	+3.725	+2.982	+3.640	+3.760	+3.222	+3.393	+0.110	+3.472	+3.249	+3.362	+3.416	+3.266	+3.265	+3.414	+3.376	+3.539	+3.462	+3.473	+3.502	-0.002	+0.926	-0.192	+2.342	+1.234	+1.145	-0.251	-0.152	+0.575	-0.116	-0.248	-0.192	+0.448	-0.179	+0.441	+0.323	+0.343	+0.391	+0.364	-0.170	+0.424	+0.442	+0.417	+0.411	+0.404	+0.314	+0.777	+0.386	+0.613	+0.451	+0.554	-0.517	-0.694	+0.415	+0.710	+0.706	+0.704	+1.061	+1.034	+1.015	+0.564	+0.985	+0.637	+0.915	-0.706	-0.390	-0.208	-0.362	-0.215	-0.374	-0.420	-0.357	-0.414	-0.714	-0.355	-0.355	-0.456	-0.715	-0.465	-0.717	-0.453	-0.696	-0.424	-0.310	-0.468	-0.696	-0.477	-0.499	-0.695	-0.694	+0.376	+1.225	+0.212	+0.200	+0.201	
rs2284923      -0.419	-0.489	-0.488	-0.410	-0.286	-0.630	-0.541	-0.540	-0.543	-0.545	-0.538	-0.529	+3.349	+0.155	-0.507	+4.404	+4.403	+4.395	-0.507	+4.486	-0.507	-0.605	-0.431	-0.510	-0.511	-0.507	+0.266	+0.816	+0.832	+0.869	+5.065	+5.043	+5.003	+5.169	+1.733	+6.064	+4.951	+4.979	+0.859	+4.941	+0.597	+0.505	+0.847	+0.809	+0.782	+5.054	+0.668	+4.696	+4.688	+3.956	-0.235	+4.361	+4.452	+4.482	+4.424	+4.468	+4.467	+4.271	+0.570	+4.464	+4.464	+4.483	+4.437	+4.474	+4.456	+4.455	+4.252	+4.300	+4.299	+4.515	+4.322	+4.317	+4.533	+4.448	+4.449	+4.401	+4.418	+3.870	+4.606	+2.850	+4.333	+0.495	+0.472	+3.974	+2.368	+6.173	+3.748	+3.439	+3.686	+2.946	+3.602	+3.736	+3.198	+3.368	+0.076	+3.449	+3.225	+3.340	+3.394	+3.241	+3.240	+3.391	+3.352	+3.517	+3.439	+3.450	+3.480	-0.039	+0.884	-0.227	+2.306	+1.191	+1.100	-0.290	-0.193	+0.546	-0.150	-0.280	-0.232	+0.416	-0.219	+0.409	+0.292	+0.311	+0.358	+0.332	-0.211	+0.391	+0.409	+0.384	+0.378	+0.372	+0.283	+0.744	+0.350	+0.580	+0.414	+0.514	-0.553	-0.730	+0.378	+0.677	+0.673	+0.670	+1.028	+1.001	+0.982	+0.530	+0.952	+0.604	+0.882	-0.742	-0.423	-0.240	-0.395	-0.249	-0.407	-0.453	-0.390	-0.447	-0.751	-0.387	-0.387	-0.490	-0.751	-0.498	-0.753	-0.487	-0.732	-0.457	-0.344	-0.501	-0.732	-0.511	-0.533	-0.731	-0.730	+0.334	+1.186	+0.173	+0.162	+0.162	
rs2284922      -0.560	-0.703	-0.725	-0.586	-0.630	-0.512	-0.750	-0.749	-0.752	-0.786	-0.745	-0.734	+3.631	-0.112	-0.718	+4.806	+4.796	+4.786	-0.717	+4.883	-0.717	-0.794	-0.629	-0.721	-0.722	-0.718	+0.074	+0.521	+0.536	+0.571	+5.455	+5.438	+5.382	+5.555	+1.639	+6.456	+5.334	+5.355	+0.564	+5.311	+0.276	+0.186	+0.552	+0.515	+0.489	+5.427	+0.390	+5.122	+5.111	+3.996	-0.435	+4.596	+4.688	+4.719	+4.635	+4.704	+4.703	+4.496	+0.356	+4.699	+4.699	+4.718	+4.669	+4.707	+4.688	+4.687	+4.474	+4.524	+4.523	+4.749	+4.546	+4.541	+4.767	+4.678	+4.679	+4.629	+4.644	+4.076	+4.838	+2.973	+4.556	+0.278	+0.257	+4.177	+2.335	+5.865	+3.462	+2.978	+3.404	+2.564	+3.364	+3.613	+3.073	+3.244	-0.120	+3.391	+3.162	+3.281	+3.334	+3.115	+3.114	+3.332	+3.293	+3.474	+3.381	+3.392	+3.422	-0.276	+0.608	-0.433	+2.120	+0.915	+0.820	-0.533	-0.441	+0.423	-0.319	-0.431	-0.475	+0.269	-0.465	+0.260	+0.155	+0.159	+0.208	+0.180	-0.457	+0.241	+0.260	+0.234	+0.228	+0.221	+0.137	+0.609	+0.189	+0.453	+0.254	+0.254	-0.769	-0.946	+0.200	+0.552	+0.548	+0.546	+0.892	+0.864	+0.845	+0.397	+0.814	+0.475	+0.743	-0.959	-0.612	-0.420	-0.582	-0.428	-0.595	-0.642	-0.577	-0.636	-0.969	-0.574	-0.574	-0.684	-0.970	-0.693	-0.971	-0.682	-0.949	-0.638	-0.528	-0.682	-0.949	-0.707	-0.716	-0.948	-0.947	+0.068	+0.999	-0.048	-0.059	-0.059	
rs369329       -0.479	-0.596	-0.617	-0.505	-0.541	-0.750	-0.358	-0.459	-0.478	-0.660	-0.468	-0.446	+3.439	+0.053	-0.557	+4.688	+4.688	+4.680	-0.558	+4.768	-0.558	-0.629	-0.441	-0.562	-0.564	-0.559	+0.303	+0.666	+0.682	+0.716	+5.345	+5.318	+5.284	+5.447	+1.878	+6.377	+5.234	+5.261	+0.709	+5.223	+0.423	+0.334	+0.697	+0.659	+0.634	+5.336	+0.542	+4.955	+4.949	+4.143	-0.260	+4.610	+4.699	+4.726	+4.685	+4.713	+4.712	+4.522	+0.502	+4.709	+4.709	+4.728	+4.684	+4.719	+4.702	+4.700	+4.506	+4.550	+4.552	+4.760	+4.574	+4.569	+4.778	+4.695	+4.695	+4.653	+4.666	+4.126	+4.851	+3.102	+4.584	+0.421	+0.401	+4.232	+2.578	+6.068	+3.657	+3.095	+3.601	+2.641	+3.629	+3.926	+3.372	+3.545	-0.006	+3.665	+3.435	+3.554	+3.608	+3.414	+3.413	+3.605	+3.567	+3.749	+3.655	+3.666	+3.697	-0.138	+0.812	-0.283	+2.339	+1.130	+1.031	-0.391	-0.297	+0.594	-0.173	-0.280	-0.335	+0.408	-0.323	+0.397	+0.322	+0.296	+0.345	+0.318	-0.314	+0.378	+0.396	+0.370	+0.364	+0.357	+0.278	+0.749	+0.348	+0.632	+0.413	+0.390	-0.629	-0.814	+0.353	+0.733	+0.729	+0.726	+1.026	+0.998	+0.979	+0.572	+0.948	+0.652	+0.876	-0.824	-0.467	-0.267	-0.437	-0.273	-0.450	-0.498	-0.431	-0.492	-0.833	-0.429	-0.429	-0.548	-0.834	-0.557	-0.835	-0.545	-0.815	-0.507	-0.376	-0.551	-0.814	-0.570	-0.584	-0.813	-0.813	+0.200	+1.159	+0.097	+0.086	+0.086	
rs11964425     -0.478	-0.595	-0.615	-0.504	-0.540	-0.749	-0.459	-0.355	-0.477	-0.658	-0.467	-0.448	+3.435	+0.052	-0.556	+4.683	+4.683	+4.675	-0.557	+4.763	-0.557	-0.628	-0.441	-0.561	-0.563	-0.557	+0.301	+0.666	+0.683	+0.716	+5.340	+5.313	+5.279	+5.442	+1.879	+6.372	+5.229	+5.256	+0.710	+5.218	+0.425	+0.337	+0.698	+0.659	+0.635	+5.331	+0.542	+4.951	+4.944	+4.144	-0.259	+4.607	+4.695	+4.722	+4.682	+4.709	+4.708	+4.518	+0.503	+4.706	+4.705	+4.724	+4.680	+4.716	+4.698	+4.697	+4.503	+4.546	+4.549	+4.757	+4.571	+4.566	+4.775	+4.691	+4.692	+4.649	+4.663	+4.123	+4.847	+3.100	+4.581	+0.422	+0.402	+4.229	+2.579	+6.067	+3.658	+3.097	+3.602	+2.644	+3.634	+3.930	+3.376	+3.549	-0.005	+3.668	+3.438	+3.557	+3.611	+3.419	+3.417	+3.608	+3.570	+3.752	+3.658	+3.669	+3.700	-0.136	+0.815	-0.281	+2.342	+1.133	+1.035	-0.388	-0.294	+0.597	-0.171	-0.278	-0.332	+0.410	-0.320	+0.399	+0.324	+0.298	+0.347	+0.319	-0.311	+0.379	+0.397	+0.372	+0.366	+0.359	+0.279	+0.751	+0.350	+0.634	+0.416	+0.392	-0.627	-0.812	+0.355	+0.735	+0.731	+0.728	+1.028	+1.000	+0.981	+0.574	+0.950	+0.654	+0.878	-0.822	-0.465	-0.265	-0.435	-0.271	-0.448	-0.496	-0.429	-0.490	-0.831	-0.427	-0.427	-0.546	-0.832	-0.555	-0.833	-0.542	-0.812	-0.505	-0.374	-0.549	-0.812	-0.567	-0.582	-0.811	-0.810	+0.203	+1.162	+0.100	+0.088	+0.089	
rs195429       -0.482	-0.598	-0.618	-0.508	-0.543	-0.752	-0.478	-0.477	-0.357	-0.660	-0.465	-0.452	+3.428	+0.048	-0.558	+4.675	+4.674	+4.666	-0.559	+4.755	-0.558	-0.630	-0.447	-0.563	-0.564	-0.559	+0.295	+0.662	+0.679	+0.712	+5.331	+5.304	+5.270	+5.433	+1.874	+6.362	+5.220	+5.247	+0.706	+5.209	+0.424	+0.336	+0.694	+0.655	+0.631	+5.322	+0.539	+4.942	+4.935	+4.140	-0.262	+4.598	+4.686	+4.714	+4.673	+4.701	+4.699	+4.510	+0.499	+4.697	+4.697	+4.715	+4.672	+4.707	+4.689	+4.688	+4.494	+4.538	+4.540	+4.748	+4.562	+4.557	+4.766	+4.683	+4.684	+4.641	+4.654	+4.114	+4.838	+3.094	+4.572	+0.419	+0.399	+4.222	+2.574	+6.061	+3.653	+3.093	+3.598	+2.640	+3.637	+3.933	+3.378	+3.551	-0.008	+3.668	+3.438	+3.558	+3.611	+3.420	+3.419	+3.608	+3.571	+3.753	+3.658	+3.669	+3.700	-0.139	+0.814	-0.284	+2.341	+1.132	+1.034	-0.390	-0.296	+0.596	-0.172	-0.279	-0.334	+0.408	-0.321	+0.397	+0.323	+0.296	+0.345	+0.318	-0.313	+0.377	+0.395	+0.370	+0.364	+0.357	+0.277	+0.749	+0.349	+0.634	+0.414	+0.389	-0.628	-0.813	+0.354	+0.734	+0.731	+0.728	+1.026	+0.998	+0.978	+0.574	+0.948	+0.654	+0.876	-0.824	-0.467	-0.266	-0.436	-0.272	-0.449	-0.498	-0.431	-0.492	-0.833	-0.429	-0.429	-0.547	-0.833	-0.556	-0.834	-0.543	-0.814	-0.506	-0.375	-0.550	-0.813	-0.568	-0.583	-0.812	-0.812	+0.200	+1.159	+0.098	+0.086	+0.087	
rs45613533     -0.480	-0.608	-0.630	-0.507	-0.545	-0.786	-0.660	-0.658	-0.660	-0.423	-0.650	-0.634	+3.835	+0.025	-0.620	+5.006	+5.003	+4.995	-0.619	+5.092	-0.619	-0.684	-0.508	-0.624	-0.626	-0.619	+0.268	+0.645	+0.662	+0.695	+5.692	+5.670	+5.627	+5.803	+1.890	+6.842	+5.561	+5.600	+0.689	+5.561	+0.368	+0.271	+0.676	+0.637	+0.612	+5.678	+0.517	+5.307	+5.298	+4.260	-0.286	+4.934	+5.031	+5.062	+4.812	+5.048	+5.046	+4.840	+0.479	+5.043	+5.042	+5.062	+5.010	+5.052	+5.032	+5.031	+4.817	+4.869	+4.868	+5.095	+4.892	+4.887	+5.115	+5.030	+5.031	+4.976	+4.992	+4.417	+5.191	+3.462	+4.904	+0.397	+0.376	+4.535	+2.673	+6.098	+3.651	+3.065	+3.591	+2.649	+3.648	+3.909	+3.362	+3.533	+0.033	+3.879	+3.629	+3.759	+3.817	+3.397	+3.396	+3.813	+3.771	+3.980	+3.868	+3.880	+3.913	-0.177	+0.731	-0.228	+2.316	+1.045	+0.947	-0.453	-0.361	+0.597	-0.226	-0.331	-0.398	+0.385	-0.387	+0.373	+0.311	+0.270	+0.320	+0.292	-0.379	+0.355	+0.373	+0.347	+0.341	+0.334	+0.259	+0.737	+0.367	+0.719	+0.431	+0.354	-0.688	-0.868	+0.362	+0.829	+0.825	+0.822	+1.023	+0.994	+0.974	+0.654	+0.943	+0.739	+0.869	-0.879	-0.504	-0.299	-0.473	-0.270	-0.487	-0.536	-0.468	-0.530	-0.888	-0.465	-0.465	-0.591	-0.889	-0.600	-0.890	-0.588	-0.870	-0.543	-0.381	-0.589	-0.869	-0.614	-0.623	-0.868	-0.867	+0.131	+1.095	+0.029	+0.017	+0.018	
rs195434       -0.478	-0.592	-0.612	-0.504	-0.538	-0.745	-0.468	-0.467	-0.465	-0.650	-0.346	-0.441	+3.422	+0.049	-0.551	+4.665	+4.665	+4.657	-0.552	+4.746	-0.551	-0.625	-0.444	-0.556	-0.557	-0.553	+0.293	+0.666	+0.683	+0.716	+5.322	+5.295	+5.261	+5.424	+1.879	+6.353	+5.212	+5.239	+0.710	+5.200	+0.435	+0.348	+0.698	+0.659	+0.635	+5.313	+0.543	+4.934	+4.927	+4.147	-0.258	+4.592	+4.681	+4.708	+4.669	+4.695	+4.694	+4.504	+0.505	+4.692	+4.691	+4.710	+4.666	+4.702	+4.684	+4.683	+4.489	+4.533	+4.535	+4.743	+4.557	+4.552	+4.761	+4.678	+4.679	+4.635	+4.649	+4.110	+4.833	+3.093	+4.567	+0.425	+0.404	+4.217	+2.578	+6.062	+3.659	+3.100	+3.604	+2.650	+3.660	+3.953	+3.397	+3.570	-0.003	+3.682	+3.452	+3.571	+3.625	+3.439	+3.437	+3.622	+3.584	+3.767	+3.672	+3.683	+3.713	-0.132	+0.829	-0.277	+2.358	+1.148	+1.050	-0.379	-0.285	+0.606	-0.161	-0.270	-0.323	+0.417	-0.311	+0.406	+0.333	+0.305	+0.354	+0.327	-0.302	+0.386	+0.404	+0.379	+0.373	+0.366	+0.284	+0.758	+0.360	+0.643	+0.425	+0.396	-0.619	-0.804	+0.363	+0.743	+0.740	+0.737	+1.035	+1.007	+0.987	+0.583	+0.957	+0.663	+0.884	-0.815	-0.458	-0.258	-0.428	-0.264	-0.441	-0.489	-0.423	-0.483	-0.824	-0.420	-0.420	-0.538	-0.824	-0.547	-0.826	-0.534	-0.805	-0.498	-0.367	-0.542	-0.804	-0.559	-0.575	-0.803	-0.803	+0.213	+1.171	+0.109	+0.098	+0.098	
rs195443       -0.469	-0.582	-0.601	-0.495	-0.529	-0.734	-0.446	-0.448	-0.452	-0.634	-0.441	-0.328	+3.417	+0.054	-0.538	+4.654	+4.655	+4.647	-0.539	+4.736	-0.539	-0.615	-0.437	-0.542	-0.544	-0.540	+0.293	+0.675	+0.691	+0.724	+5.314	+5.287	+5.253	+5.416	+1.888	+6.346	+5.204	+5.231	+0.718	+5.193	+0.453	+0.367	+0.706	+0.667	+0.644	+5.305	+0.552	+4.926	+4.920	+4.159	-0.249	+4.587	+4.676	+4.704	+4.665	+4.691	+4.690	+4.500	+0.515	+4.687	+4.687	+4.706	+4.662	+4.698	+4.680	+4.679	+4.485	+4.529	+4.530	+4.739	+4.553	+4.548	+4.757	+4.674	+4.675	+4.631	+4.645	+4.107	+4.829	+3.094	+4.563	+0.436	+0.415	+4.214	+2.588	+6.068	+3.671	+3.115	+3.616	+2.669	+3.696	+3.985	+3.426	+3.599	+0.008	+3.703	+3.474	+3.592	+3.647	+3.468	+3.467	+3.643	+3.606	+3.789	+3.693	+3.705	+3.735	-0.118	+0.854	-0.264	+2.384	+1.174	+1.075	-0.362	-0.267	+0.623	-0.143	-0.255	-0.305	+0.433	-0.293	+0.422	+0.350	+0.321	+0.370	+0.342	-0.284	+0.402	+0.419	+0.394	+0.388	+0.381	+0.298	+0.773	+0.378	+0.660	+0.444	+0.410	-0.602	-0.789	+0.380	+0.761	+0.757	+0.754	+1.050	+1.022	+1.003	+0.600	+0.972	+0.680	+0.899	-0.799	-0.443	-0.243	-0.413	-0.249	-0.426	-0.475	-0.408	-0.468	-0.808	-0.406	-0.406	-0.523	-0.809	-0.532	-0.810	-0.519	-0.789	-0.483	-0.352	-0.527	-0.789	-0.544	-0.560	-0.788	-0.787	+0.233	+1.192	+0.129	+0.117	+0.118	
rs11755329     +3.292	+3.358	+3.376	+3.328	+3.349	+3.631	+3.439	+3.435	+3.428	+3.835	+3.422	+3.417	+3.821	+3.370	+3.441	+4.706	+4.710	+4.704	+3.439	+4.776	+3.438	+3.402	+3.421	+3.440	+3.440	+3.432	+3.319	+3.728	+3.736	+3.758	+5.282	+5.263	+5.232	+5.379	+3.914	+6.238	+5.197	+5.214	+3.758	+5.183	+3.646	+3.606	+3.751	+3.731	+3.716	+5.281	+3.685	+4.951	+4.947	+5.459	+3.250	+4.737	+4.811	+4.835	+4.860	+4.826	+4.826	+4.682	+3.589	+4.826	+4.826	+4.841	+4.812	+4.842	+4.829	+4.828	+4.681	+4.717	+4.715	+4.876	+4.732	+4.729	+4.890	+4.830	+4.830	+4.792	+4.810	+4.424	+4.953	+3.850	+4.749	+3.555	+3.551	+4.510	+4.625	+8.203	+6.264	+6.309	+6.222	+6.115	+5.896	+6.445	+5.930	+6.100	+3.635	+5.208	+5.047	+5.123	+5.172	+6.012	+6.011	+5.170	+5.143	+5.309	+5.205	+5.214	+5.237	+3.529	+4.096	+3.360	+5.436	+4.312	+4.263	+3.444	+3.497	+3.612	+3.369	+3.271	+3.466	+3.671	+3.486	+3.676	+3.472	+3.610	+3.643	+3.625	+3.493	+3.666	+3.678	+3.661	+3.657	+3.653	+3.725	+4.060	+3.536	+3.803	+3.581	+3.912	+3.428	+3.257	+3.784	+3.876	+3.874	+3.872	+4.235	+4.215	+4.200	+3.788	+4.178	+3.833	+4.123	+3.202	+3.253	+3.395	+3.269	+3.326	+3.261	+3.234	+3.272	+3.237	+3.172	+3.275	+3.275	+3.260	+3.171	+3.254	+3.171	+3.194	+3.193	+3.229	+3.274	+3.211	+3.194	+3.183	+3.193	+3.195	+3.195	+4.069	+4.609	+3.853	+3.843	+3.843	
rs57874196     +0.216	+0.108	+0.087	+0.188	+0.155	-0.112	+0.053	+0.052	+0.048	+0.025	+0.049	+0.054	+3.370	+0.364	+0.125	+4.507	+4.509	+4.501	+0.122	+4.590	+0.121	-0.032	+0.098	+0.124	+0.125	+0.113	+0.378	+0.705	+0.719	+0.748	+5.170	+5.144	+5.110	+5.277	+2.203	+6.193	+5.063	+5.088	+0.743	+5.050	+0.483	+0.410	+0.733	+0.700	+0.680	+5.160	+0.613	+4.791	+4.785	+4.306	+0.042	+4.475	+4.565	+4.593	+4.564	+4.581	+4.580	+4.394	+0.600	+4.578	+4.578	+4.596	+4.555	+4.590	+4.573	+4.572	+4.380	+4.426	+4.425	+4.630	+4.447	+4.442	+4.648	+4.568	+4.569	+4.523	+4.539	+4.018	+4.717	+3.120	+4.459	+0.544	+0.530	+4.125	+2.901	+6.296	+4.046	+3.597	+4.002	+2.913	+4.289	+4.807	+4.219	+4.439	+0.566	+4.307	+4.079	+4.190	+4.247	+4.308	+4.307	+4.244	+4.204	+4.396	+4.293	+4.304	+4.333	+0.440	+1.404	+0.347	+3.165	+1.718	+1.628	+0.243	+0.337	+1.181	+0.486	+0.324	+0.290	+1.007	+0.314	+1.000	+0.912	+0.896	+0.944	+0.916	+0.323	+0.968	+0.986	+0.960	+0.955	+0.949	+0.869	+1.296	+0.941	+1.241	+1.005	+0.923	+0.041	-0.150	+0.970	+1.340	+1.336	+1.333	+1.561	+1.534	+1.515	+1.184	+1.487	+1.259	+1.417	-0.157	+0.145	+0.341	+0.173	+0.350	+0.161	+0.115	+0.178	+0.121	-0.165	+0.183	+0.183	+0.083	-0.166	+0.075	-0.167	+0.085	-0.148	+0.114	+0.249	+0.074	-0.146	+0.061	+0.042	-0.145	-0.145	+0.907	+1.815	+0.737	+0.725	+0.726	
rs9470580      -0.447	-0.561	-0.580	-0.473	-0.507	-0.718	-0.557	-0.556	-0.558	-0.620	-0.551	-0.538	+3.441	+0.125	-0.310	+4.710	+4.712	+4.704	-0.412	+4.794	-0.412	-0.591	-0.395	-0.416	-0.418	-0.421	+0.335	+0.695	+0.711	+0.745	+5.391	+5.365	+5.327	+5.500	+1.908	+6.424	+5.274	+5.302	+0.739	+5.263	+0.421	+0.329	+0.727	+0.689	+0.666	+5.354	+0.575	+4.961	+4.954	+4.416	-0.233	+4.620	+4.710	+4.738	+4.699	+4.725	+4.724	+4.533	+0.541	+4.722	+4.721	+4.740	+4.697	+4.733	+4.715	+4.714	+4.517	+4.563	+4.563	+4.773	+4.586	+4.581	+4.791	+4.708	+4.709	+4.664	+4.679	+4.138	+4.863	+3.122	+4.596	+0.461	+0.441	+4.245	+2.623	+6.096	+3.693	+3.138	+3.637	+2.649	+3.734	+4.064	+3.500	+3.683	+0.036	+3.793	+3.561	+3.680	+3.735	+3.548	+3.547	+3.731	+3.694	+3.880	+3.781	+3.793	+3.823	-0.076	+0.883	-0.239	+2.439	+1.206	+1.105	-0.345	-0.250	+0.667	-0.131	-0.241	-0.295	+0.470	-0.277	+0.459	+0.388	+0.357	+0.406	+0.378	-0.269	+0.436	+0.454	+0.429	+0.423	+0.416	+0.339	+0.828	+0.402	+0.688	+0.468	+0.465	-0.590	-0.773	+0.415	+0.789	+0.785	+0.782	+1.107	+1.079	+1.059	+0.628	+1.028	+0.708	+0.955	-0.785	-0.416	-0.213	-0.386	-0.223	-0.399	-0.448	-0.380	-0.442	-0.794	-0.378	-0.378	-0.494	-0.795	-0.503	-0.796	-0.488	-0.775	-0.453	-0.328	-0.498	-0.774	-0.514	-0.532	-0.773	-0.773	+0.272	+1.216	+0.142	+0.130	+0.130	
rs12209775     +4.379	+4.407	+4.417	+4.393	+4.404	+4.806	+4.688	+4.683	+4.675	+5.006	+4.665	+4.654	+4.706	+4.507	+4.710	+5.055	+5.072	+5.068	+4.707	+5.117	+4.705	+4.527	+4.636	+4.711	+4.713	+4.697	+4.484	+4.727	+4.731	+4.749	+5.543	+5.499	+5.473	+5.627	+5.059	+6.409	+5.406	+5.447	+4.750	+5.407	+4.683	+4.659	+4.745	+4.732	+4.734	+5.489	+4.720	+5.208	+5.207	+6.160	+4.513	+5.073	+5.128	+5.147	+5.174	+5.141	+5.141	+5.037	+4.740	+5.141	+5.142	+5.153	+5.133	+5.156	+5.146	+5.146	+5.040	+5.066	+5.063	+5.182	+5.075	+5.073	+5.193	+5.150	+5.150	+5.119	+5.137	+4.879	+5.250	+4.814	+5.097	+4.705	+4.705	+4.940	+5.409	+9.237	+7.327	+7.420	+7.287	+6.712	+6.697	+7.290	+6.818	+6.973	+4.753	+6.495	+6.352	+6.411	+6.462	+6.892	+6.890	+6.460	+6.435	+6.603	+6.495	+6.504	+6.528	+4.644	+5.110	+4.552	+6.443	+5.319	+5.261	+4.613	+4.645	+4.738	+4.589	+4.467	+4.626	+4.940	+4.637	+4.945	+4.608	+4.876	+4.913	+4.893	+4.641	+4.936	+4.948	+4.931	+4.927	+4.921	+4.904	+5.237	+4.787	+5.003	+4.836	+4.969	+4.606	+4.415	+5.004	+5.077	+5.074	+5.073	+5.392	+5.372	+5.358	+4.986	+5.337	+5.031	+5.282	+4.381	+4.400	+4.517	+4.413	+4.480	+4.407	+4.386	+4.416	+4.388	+4.364	+4.419	+4.419	+4.423	+4.364	+4.419	+4.363	+4.361	+4.401	+4.376	+4.435	+4.363	+4.403	+4.353	+4.352	+4.404	+4.403	+5.284	+5.787	+4.957	+4.947	+4.947	
rs12174106     +4.378	+4.405	+4.415	+4.393	+4.403	+4.796	+4.688	+4.683	+4.674	+5.003	+4.665	+4.655	+4.710	+4.509	+4.712	+5.072	+5.057	+5.074	+4.710	+5.124	+4.708	+4.529	+4.638	+4.714	+4.716	+4.700	+4.487	+4.728	+4.731	+4.749	+5.576	+5.520	+5.497	+5.656	+5.055	+6.421	+5.414	+5.466	+4.750	+5.422	+4.683	+4.659	+4.745	+4.732	+4.733	+5.500	+4.719	+5.205	+5.203	+6.154	+4.518	+5.067	+5.122	+5.141	+5.168	+5.135	+5.135	+5.032	+4.740	+5.135	+5.136	+5.147	+5.127	+5.150	+5.140	+5.140	+5.034	+5.060	+5.057	+5.176	+5.069	+5.067	+5.187	+5.143	+5.144	+5.113	+5.130	+4.874	+5.244	+4.809	+5.091	+4.705	+4.705	+4.935	+5.406	+9.231	+7.323	+7.417	+7.283	+6.711	+6.696	+7.287	+6.815	+6.972	+4.755	+6.493	+6.350	+6.409	+6.460	+6.891	+6.890	+6.457	+6.433	+6.600	+6.492	+6.501	+6.526	+4.646	+5.110	+4.554	+6.444	+5.319	+5.260	+4.615	+4.647	+4.738	+4.591	+4.469	+4.627	+4.943	+4.638	+4.949	+4.609	+4.880	+4.916	+4.896	+4.642	+4.939	+4.952	+4.935	+4.930	+4.925	+4.908	+5.242	+4.789	+5.003	+4.838	+4.970	+4.609	+4.418	+5.007	+5.077	+5.074	+5.073	+5.396	+5.376	+5.362	+4.986	+5.341	+5.031	+5.286	+4.383	+4.403	+4.520	+4.415	+4.482	+4.410	+4.388	+4.418	+4.391	+4.367	+4.422	+4.422	+4.426	+4.366	+4.421	+4.365	+4.363	+4.404	+4.378	+4.436	+4.365	+4.405	+4.355	+4.354	+4.406	+4.405	+5.288	+5.787	+4.958	+4.949	+4.949	
rs4714061      +4.370	+4.397	+4.407	+4.384	+4.395	+4.786	+4.680	+4.675	+4.666	+4.995	+4.657	+4.647	+4.704	+4.501	+4.704	+5.068	+5.074	+5.049	+4.702	+5.121	+4.700	+4.521	+4.630	+4.706	+4.708	+4.693	+4.480	+4.721	+4.724	+4.742	+5.578	+5.521	+5.498	+5.658	+5.049	+6.422	+5.413	+5.467	+4.743	+5.422	+4.676	+4.652	+4.738	+4.724	+4.726	+5.500	+4.712	+5.202	+5.200	+6.149	+4.509	+5.063	+5.118	+5.137	+5.163	+5.130	+5.131	+5.027	+4.733	+5.131	+5.132	+5.143	+5.123	+5.145	+5.136	+5.136	+5.029	+5.055	+5.053	+5.172	+5.065	+5.063	+5.183	+5.139	+5.140	+5.109	+5.126	+4.869	+5.240	+4.803	+5.087	+4.697	+4.697	+4.930	+5.400	+9.225	+7.317	+7.410	+7.277	+6.704	+6.690	+7.280	+6.808	+6.965	+4.748	+6.487	+6.343	+6.402	+6.453	+6.884	+6.883	+6.451	+6.426	+6.594	+6.486	+6.495	+6.519	+4.639	+5.102	+4.547	+6.437	+5.311	+5.253	+4.607	+4.639	+4.731	+4.583	+4.461	+4.620	+4.936	+4.631	+4.942	+4.602	+4.873	+4.909	+4.889	+4.635	+4.932	+4.945	+4.927	+4.923	+4.918	+4.901	+5.235	+4.782	+4.996	+4.831	+4.963	+4.601	+4.410	+5.000	+5.070	+5.067	+5.066	+5.390	+5.370	+5.355	+4.979	+5.335	+5.024	+5.279	+4.376	+4.395	+4.513	+4.408	+4.474	+4.402	+4.381	+4.411	+4.384	+4.359	+4.414	+4.414	+4.418	+4.358	+4.414	+4.357	+4.356	+4.396	+4.370	+4.429	+4.358	+4.398	+4.347	+4.346	+4.398	+4.397	+5.281	+5.780	+4.951	+4.941	+4.941	
rs9470582      -0.447	-0.560	-0.580	-0.472	-0.507	-0.717	-0.558	-0.557	-0.559	-0.619	-0.552	-0.539	+3.439	+0.122	-0.412	+4.707	+4.710	+4.702	-0.310	+4.794	-0.405	-0.591	-0.394	-0.409	-0.411	-0.413	+0.336	+0.694	+0.710	+0.744	+5.394	+5.368	+5.330	+5.503	+1.907	+6.427	+5.277	+5.305	+0.738	+5.265	+0.420	+0.328	+0.726	+0.688	+0.665	+5.355	+0.574	+4.962	+4.954	+4.420	-0.234	+4.620	+4.710	+4.739	+4.698	+4.726	+4.724	+4.533	+0.541	+4.722	+4.722	+4.740	+4.697	+4.733	+4.715	+4.714	+4.517	+4.563	+4.564	+4.774	+4.586	+4.581	+4.792	+4.709	+4.710	+4.664	+4.680	+4.138	+4.864	+3.121	+4.596	+0.460	+0.440	+4.245	+2.622	+6.095	+3.693	+3.138	+3.636	+2.649	+3.736	+4.067	+3.502	+3.685	+0.035	+3.792	+3.560	+3.679	+3.734	+3.550	+3.549	+3.730	+3.692	+3.879	+3.780	+3.791	+3.822	-0.076	+0.883	-0.240	+2.441	+1.206	+1.106	-0.345	-0.250	+0.668	-0.131	-0.240	-0.295	+0.471	-0.277	+0.460	+0.388	+0.357	+0.407	+0.379	-0.269	+0.437	+0.455	+0.429	+0.424	+0.417	+0.340	+0.830	+0.403	+0.688	+0.468	+0.465	-0.590	-0.773	+0.416	+0.789	+0.785	+0.782	+1.109	+1.080	+1.061	+0.628	+1.030	+0.708	+0.956	-0.785	-0.415	-0.212	-0.385	-0.223	-0.398	-0.447	-0.379	-0.441	-0.794	-0.377	-0.377	-0.493	-0.794	-0.502	-0.796	-0.488	-0.775	-0.453	-0.327	-0.497	-0.774	-0.513	-0.532	-0.773	-0.772	+0.274	+1.218	+0.143	+0.131	+0.132	
rs62406508     +4.461	+4.489	+4.499	+4.476	+4.486	+4.883	+4.768	+4.763	+4.755	+5.092	+4.746	+4.736	+4.776	+4.590	+4.794	+5.117	+5.124	+5.121	+4.794	+5.141	+4.793	+4.610	+4.721	+4.799	+4.801	+4.785	+4.572	+4.803	+4.807	+4.824	+5.575	+5.526	+5.502	+5.655	+5.125	+6.417	+5.430	+5.475	+4.825	+5.434	+4.760	+4.737	+4.820	+4.807	+4.809	+5.512	+4.795	+5.239	+5.237	+6.210	+4.605	+5.110	+5.163	+5.181	+5.209	+5.175	+5.175	+5.076	+4.816	+5.176	+5.176	+5.187	+5.168	+5.190	+5.181	+5.181	+5.078	+5.103	+5.101	+5.215	+5.113	+5.110	+5.226	+5.184	+5.184	+5.154	+5.172	+4.927	+5.282	+4.869	+5.134	+4.781	+4.781	+4.985	+5.468	+9.301	+7.396	+7.496	+7.356	+6.788	+6.758	+7.352	+6.881	+7.037	+4.831	+6.551	+6.409	+6.467	+6.518	+6.957	+6.956	+6.516	+6.491	+6.658	+6.550	+6.559	+6.583	+4.724	+5.184	+4.631	+6.515	+5.392	+5.334	+4.696	+4.727	+4.812	+4.669	+4.548	+4.708	+5.020	+4.718	+5.026	+4.684	+4.957	+4.993	+4.973	+4.723	+5.016	+5.029	+5.012	+5.007	+5.002	+4.986	+5.319	+4.864	+5.076	+4.913	+5.047	+4.691	+4.500	+5.084	+5.149	+5.147	+5.145	+5.472	+5.452	+5.438	+5.059	+5.418	+5.104	+5.362	+4.465	+4.482	+4.599	+4.495	+4.559	+4.489	+4.468	+4.498	+4.471	+4.448	+4.501	+4.501	+4.506	+4.447	+4.501	+4.446	+4.444	+4.485	+4.457	+4.515	+4.445	+4.487	+4.435	+4.434	+4.487	+4.486	+5.372	+5.867	+5.039	+5.029	+5.029	
rs11961483     -0.446	-0.560	-0.580	-0.472	-0.507	-0.717	-0.558	-0.557	-0.558	-0.619	-0.551	-0.539	+3.438	+0.121	-0.412	+4.705	+4.708	+4.700	-0.405	+4.793	-0.309	-0.591	-0.395	-0.409	-0.409	-0.412	+0.335	+0.694	+0.710	+0.743	+5.392	+5.366	+5.329	+5.501	+1.907	+6.426	+5.275	+5.303	+0.738	+5.264	+0.420	+0.328	+0.726	+0.688	+0.665	+5.354	+0.574	+4.960	+4.953	+4.422	-0.234	+4.619	+4.709	+4.737	+4.697	+4.725	+4.723	+4.532	+0.541	+4.721	+4.720	+4.739	+4.696	+4.732	+4.714	+4.713	+4.516	+4.562	+4.563	+4.773	+4.585	+4.580	+4.791	+4.708	+4.708	+4.663	+4.679	+4.137	+4.863	+3.121	+4.595	+0.461	+0.440	+4.244	+2.622	+6.094	+3.692	+3.138	+3.636	+2.649	+3.738	+4.068	+3.504	+3.687	+0.036	+3.792	+3.560	+3.679	+3.734	+3.551	+3.550	+3.730	+3.693	+3.879	+3.781	+3.792	+3.822	-0.075	+0.884	-0.239	+2.442	+1.207	+1.107	-0.344	-0.249	+0.668	-0.130	-0.240	-0.294	+0.471	-0.276	+0.460	+0.389	+0.358	+0.407	+0.379	-0.268	+0.438	+0.456	+0.430	+0.424	+0.417	+0.341	+0.830	+0.403	+0.688	+0.469	+0.465	-0.589	-0.772	+0.416	+0.790	+0.786	+0.783	+1.109	+1.081	+1.061	+0.628	+1.030	+0.708	+0.957	-0.784	-0.415	-0.212	-0.385	-0.223	-0.398	-0.447	-0.379	-0.441	-0.793	-0.377	-0.377	-0.493	-0.794	-0.502	-0.795	-0.487	-0.774	-0.452	-0.327	-0.497	-0.774	-0.513	-0.531	-0.773	-0.772	+0.275	+1.218	+0.144	+0.132	+0.132	
rs9380666      -0.547	-0.656	-0.675	-0.572	-0.605	-0.794	-0.629	-0.628	-0.630	-0.684	-0.625	-0.615	+3.402	-0.032	-0.591	+4.527	+4.529	+4.521	-0.591	+4.610	-0.591	-0.391	-0.507	-0.594	-0.595	-0.592	+0.194	+0.576	+0.593	+0.625	+5.195	+5.172	+5.138	+5.302	+1.772	+6.233	+5.089	+5.117	+0.619	+5.080	+0.343	+0.257	+0.607	+0.570	+0.548	+5.205	+0.456	+4.791	+4.785	+4.122	-0.328	+4.472	+4.563	+4.592	+4.565	+4.579	+4.578	+4.389	+0.408	+4.576	+4.576	+4.595	+4.553	+4.589	+4.572	+4.570	+4.376	+4.422	+4.421	+4.630	+4.443	+4.438	+4.648	+4.566	+4.567	+4.520	+4.536	+4.003	+4.715	+3.012	+4.452	+0.330	+0.309	+4.109	+2.539	+5.941	+3.551	+3.000	+3.497	+2.682	+3.734	+4.012	+3.433	+3.618	-0.038	+3.531	+3.302	+3.421	+3.475	+3.482	+3.481	+3.472	+3.433	+3.613	+3.521	+3.532	+3.562	-0.170	+0.836	-0.314	+2.393	+1.159	+1.059	-0.405	-0.309	+0.551	-0.219	-0.326	-0.356	+0.337	-0.336	+0.326	+0.282	+0.227	+0.275	+0.248	-0.327	+0.307	+0.324	+0.299	+0.294	+0.287	+0.234	+0.709	+0.287	+0.588	+0.351	+0.358	-0.661	-0.837	+0.318	+0.688	+0.684	+0.682	+0.986	+0.958	+0.939	+0.531	+0.908	+0.609	+0.837	-0.850	-0.486	-0.283	-0.456	-0.288	-0.468	-0.517	-0.450	-0.511	-0.859	-0.448	-0.448	-0.567	-0.860	-0.576	-0.861	-0.562	-0.840	-0.520	-0.392	-0.564	-0.840	-0.587	-0.598	-0.839	-0.838	+0.176	+1.102	+0.097	+0.085	+0.086	
rs61193484     -0.374	-0.479	-0.497	-0.399	-0.431	-0.629	-0.441	-0.441	-0.447	-0.508	-0.444	-0.437	+3.421	+0.098	-0.395	+4.636	+4.638	+4.630	-0.394	+4.721	-0.395	-0.507	-0.184	-0.395	-0.395	-0.398	+0.315	+0.700	+0.716	+0.748	+5.307	+5.281	+5.246	+5.414	+1.964	+6.337	+5.197	+5.222	+0.743	+5.185	+0.486	+0.404	+0.731	+0.694	+0.672	+5.287	+0.582	+4.908	+4.901	+4.327	-0.178	+4.582	+4.673	+4.701	+4.667	+4.688	+4.687	+4.497	+0.554	+4.685	+4.685	+4.704	+4.661	+4.697	+4.679	+4.678	+4.483	+4.529	+4.528	+4.738	+4.550	+4.546	+4.756	+4.673	+4.674	+4.628	+4.644	+4.110	+4.826	+3.117	+4.562	+0.477	+0.458	+4.217	+2.696	+6.127	+3.762	+3.224	+3.707	+2.852	+3.954	+4.295	+3.711	+3.896	+0.121	+3.793	+3.566	+3.682	+3.736	+3.758	+3.757	+3.733	+3.697	+3.879	+3.782	+3.793	+3.823	-0.022	+1.046	-0.140	+2.635	+1.375	+1.273	-0.223	-0.126	+0.732	-0.011	-0.152	-0.177	+0.534	-0.154	+0.523	+0.458	+0.423	+0.472	+0.444	-0.146	+0.500	+0.518	+0.493	+0.487	+0.480	+0.405	+0.892	+0.476	+0.780	+0.541	+0.507	-0.480	-0.666	+0.491	+0.882	+0.878	+0.875	+1.169	+1.141	+1.122	+0.721	+1.091	+0.801	+1.019	-0.677	-0.333	-0.134	-0.303	-0.126	-0.316	-0.364	-0.298	-0.358	-0.686	-0.296	-0.296	-0.406	-0.687	-0.415	-0.688	-0.399	-0.667	-0.356	-0.230	-0.400	-0.667	-0.424	-0.433	-0.666	-0.665	+0.372	+1.328	+0.294	+0.282	+0.282	
rs112533367    -0.450	-0.564	-0.584	-0.476	-0.510	-0.721	-0.562	-0.561	-0.563	-0.624	-0.556	-0.542	+3.440	+0.124	-0.416	+4.711	+4.714	+4.706	-0.409	+4.799	-0.409	-0.594	-0.395	-0.315	-0.413	-0.413	+0.337	+0.691	+0.708	+0.741	+5.400	+5.374	+5.336	+5.509	+1.905	+6.434	+5.282	+5.310	+0.735	+5.271	+0.418	+0.325	+0.723	+0.685	+0.662	+5.360	+0.571	+4.965	+4.957	+4.410	-0.235	+4.623	+4.712	+4.741	+4.700	+4.728	+4.726	+4.535	+0.537	+4.724	+4.724	+4.743	+4.699	+4.735	+4.717	+4.716	+4.520	+4.565	+4.566	+4.776	+4.588	+4.583	+4.794	+4.711	+4.712	+4.667	+4.682	+4.140	+4.866	+3.121	+4.598	+0.457	+0.436	+4.247	+2.618	+6.092	+3.688	+3.133	+3.632	+2.645	+3.727	+4.057	+3.493	+3.675	+0.031	+3.783	+3.551	+3.670	+3.725	+3.540	+3.539	+3.721	+3.684	+3.870	+3.771	+3.783	+3.813	-0.080	+0.876	-0.244	+2.433	+1.199	+1.098	-0.350	-0.255	+0.662	-0.136	-0.245	-0.300	+0.466	-0.282	+0.454	+0.383	+0.352	+0.401	+0.374	-0.274	+0.432	+0.450	+0.424	+0.418	+0.412	+0.335	+0.824	+0.398	+0.683	+0.463	+0.459	-0.594	-0.777	+0.411	+0.784	+0.780	+0.777	+1.103	+1.074	+1.055	+0.623	+1.024	+0.703	+0.950	-0.789	-0.420	-0.217	-0.390	-0.228	-0.403	-0.452	-0.384	-0.446	-0.798	-0.382	-0.382	-0.498	-0.799	-0.507	-0.800	-0.493	-0.779	-0.457	-0.332	-0.502	-0.779	-0.518	-0.536	-0.777	-0.777	+0.268	+1.212	+0.138	+0.126	+0.126	
rs9470589      -0.451	-0.565	-0.585	-0.477	-0.511	-0.722	-0.564	-0.563	-0.564	-0.626	-0.557	-0.544	+3.440	+0.125	-0.418	+4.713	+4.716	+4.708	-0.411	+4.801	-0.409	-0.595	-0.395	-0.413	-0.317	-0.413	+0.338	+0.690	+0.707	+0.740	+5.403	+5.376	+5.339	+5.512	+1.903	+6.436	+5.285	+5.313	+0.734	+5.273	+0.417	+0.324	+0.722	+0.684	+0.661	+5.362	+0.570	+4.966	+4.959	+4.405	-0.235	+4.624	+4.713	+4.742	+4.701	+4.729	+4.728	+4.536	+0.535	+4.725	+4.725	+4.744	+4.700	+4.736	+4.718	+4.717	+4.521	+4.566	+4.567	+4.777	+4.589	+4.584	+4.795	+4.712	+4.713	+4.668	+4.683	+4.141	+4.867	+3.122	+4.600	+0.455	+0.435	+4.248	+2.616	+6.092	+3.687	+3.131	+3.631	+2.644	+3.723	+4.053	+3.489	+3.671	+0.030	+3.779	+3.547	+3.667	+3.721	+3.536	+3.535	+3.718	+3.680	+3.866	+3.768	+3.779	+3.809	-0.083	+0.873	-0.246	+2.429	+1.195	+1.095	-0.352	-0.257	+0.659	-0.138	-0.247	-0.302	+0.463	-0.284	+0.452	+0.380	+0.350	+0.399	+0.372	-0.276	+0.430	+0.448	+0.422	+0.416	+0.410	+0.333	+0.822	+0.395	+0.681	+0.461	+0.457	-0.596	-0.779	+0.408	+0.782	+0.778	+0.775	+1.100	+1.072	+1.052	+0.620	+1.021	+0.701	+0.948	-0.791	-0.422	-0.219	-0.392	-0.229	-0.405	-0.454	-0.386	-0.447	-0.800	-0.384	-0.383	-0.500	-0.801	-0.509	-0.802	-0.495	-0.781	-0.459	-0.334	-0.504	-0.780	-0.520	-0.538	-0.779	-0.779	+0.266	+1.209	+0.136	+0.124	+0.124	
rs2173314      -0.447	-0.560	-0.580	-0.473	-0.507	-0.718	-0.559	-0.557	-0.559	-0.619	-0.553	-0.540	+3.432	+0.113	-0.421	+4.697	+4.700	+4.693	-0.413	+4.785	-0.412	-0.592	-0.398	-0.413	-0.413	-0.309	+0.331	+0.691	+0.707	+0.740	+5.387	+5.360	+5.323	+5.496	+1.905	+6.420	+5.269	+5.298	+0.735	+5.258	+0.417	+0.326	+0.723	+0.685	+0.662	+5.348	+0.571	+4.954	+4.947	+4.426	-0.237	+4.614	+4.703	+4.732	+4.692	+4.719	+4.717	+4.526	+0.539	+4.715	+4.715	+4.733	+4.690	+4.726	+4.708	+4.707	+4.511	+4.556	+4.557	+4.767	+4.579	+4.574	+4.785	+4.702	+4.703	+4.658	+4.673	+4.132	+4.856	+3.116	+4.590	+0.459	+0.438	+4.239	+2.619	+6.089	+3.689	+3.135	+3.633	+2.646	+3.741	+4.071	+3.506	+3.689	+0.034	+3.793	+3.561	+3.680	+3.734	+3.554	+3.552	+3.731	+3.694	+3.880	+3.781	+3.792	+3.822	-0.075	+0.886	-0.240	+2.445	+1.208	+1.108	-0.344	-0.249	+0.669	-0.130	-0.241	-0.294	+0.471	-0.276	+0.460	+0.389	+0.358	+0.407	+0.379	-0.268	+0.437	+0.455	+0.430	+0.424	+0.417	+0.340	+0.831	+0.403	+0.688	+0.469	+0.465	-0.589	-0.772	+0.416	+0.789	+0.785	+0.783	+1.110	+1.081	+1.061	+0.628	+1.031	+0.708	+0.957	-0.784	-0.415	-0.211	-0.384	-0.223	-0.397	-0.447	-0.379	-0.440	-0.793	-0.376	-0.376	-0.492	-0.794	-0.501	-0.795	-0.487	-0.774	-0.452	-0.327	-0.497	-0.774	-0.512	-0.531	-0.773	-0.772	+0.277	+1.219	+0.145	+0.133	+0.133	
rs1391345      +0.315	+0.229	+0.212	+0.291	+0.266	+0.074	+0.303	+0.301	+0.295	+0.268	+0.293	+0.293	+3.319	+0.378	+0.335	+4.484	+4.487	+4.480	+0.336	+4.572	+0.335	+0.194	+0.315	+0.337	+0.338	+0.331	+0.596	+0.771	+0.783	+0.807	+5.182	+5.154	+5.119	+5.283	+2.247	+6.215	+5.063	+5.095	+0.803	+5.055	+0.614	+0.561	+0.794	+0.767	+0.752	+5.159	+0.703	+4.757	+4.749	+4.623	+0.270	+4.424	+4.513	+4.541	+4.507	+4.529	+4.528	+4.340	+0.702	+4.525	+4.525	+4.544	+4.502	+4.537	+4.520	+4.519	+4.326	+4.372	+4.371	+4.577	+4.393	+4.388	+4.595	+4.514	+4.515	+4.469	+4.486	+3.964	+4.665	+3.090	+4.405	+0.646	+0.638	+4.070	+3.260	+6.879	+4.555	+4.235	+4.499	+3.370	+5.018	+5.387	+4.779	+4.971	+0.816	+4.675	+4.453	+4.552	+4.612	+4.832	+4.830	+4.608	+4.578	+4.773	+4.658	+4.669	+4.698	+0.609	+1.778	+0.659	+3.583	+2.108	+2.018	+0.516	+0.614	+1.345	+0.802	+0.525	+0.563	+1.250	+0.589	+1.237	+1.088	+1.140	+1.188	+1.160	+0.598	+1.214	+1.230	+1.205	+1.200	+1.194	+1.105	+1.553	+1.254	+1.478	+1.322	+1.095	+0.281	+0.081	+1.258	+1.577	+1.574	+1.571	+1.828	+1.800	+1.781	+1.425	+1.754	+1.496	+1.683	+0.079	+0.350	+0.540	+0.377	+0.588	+0.365	+0.322	+0.382	+0.327	+0.074	+0.386	+0.386	+0.288	+0.073	+0.281	+0.072	+0.302	+0.088	+0.326	+0.485	+0.288	+0.089	+0.278	+0.258	+0.090	+0.090	+1.212	+2.121	+1.072	+1.059	+1.060	
rs17572459     +0.885	+0.770	+0.747	+0.855	+0.816	+0.521	+0.666	+0.666	+0.662	+0.645	+0.666	+0.675	+3.728	+0.705	+0.695	+4.727	+4.728	+4.721	+0.694	+4.803	+0.694	+0.576	+0.700	+0.691	+0.690	+0.691	+0.771	+1.041	+1.028	+1.057	+5.342	+5.320	+5.288	+5.443	+2.755	+6.352	+5.255	+5.270	+1.047	+5.235	+0.856	+0.835	+1.038	+1.010	+0.980	+5.347	+0.921	+5.025	+5.020	+4.430	+0.584	+4.733	+4.819	+4.847	+4.836	+4.836	+4.835	+4.656	+0.876	+4.834	+4.834	+4.852	+4.813	+4.849	+4.833	+4.832	+4.648	+4.692	+4.690	+4.888	+4.711	+4.706	+4.905	+4.834	+4.834	+4.783	+4.801	+4.306	+4.973	+3.521	+4.726	+0.840	+0.834	+4.418	+3.382	+6.863	+4.671	+4.269	+4.631	+3.738	+4.965	+5.525	+4.941	+5.133	+1.173	+4.563	+4.345	+4.449	+4.505	+5.005	+5.003	+4.502	+4.468	+4.650	+4.550	+4.561	+4.590	+0.894	+2.049	+0.999	+3.875	+2.371	+2.285	+0.860	+0.951	+1.593	+1.097	+0.905	+0.894	+1.455	+0.926	+1.446	+1.350	+1.355	+1.399	+1.373	+0.934	+1.432	+1.449	+1.425	+1.420	+1.415	+1.374	+1.725	+1.433	+1.776	+1.495	+1.349	+0.656	+0.453	+1.475	+1.875	+1.871	+1.868	+1.983	+1.958	+1.940	+1.723	+1.913	+1.797	+1.847	+0.450	+0.678	+0.859	+0.703	+0.935	+0.693	+0.651	+0.709	+0.657	+0.445	+0.713	+0.713	+0.615	+0.444	+0.608	+0.443	+0.619	+0.461	+0.668	+0.835	+0.631	+0.463	+0.599	+0.602	+0.463	+0.463	+1.431	+2.381	+1.407	+1.394	+1.395	
rs73427657     +0.900	+0.785	+0.762	+0.870	+0.832	+0.536	+0.682	+0.683	+0.679	+0.662	+0.683	+0.691	+3.736	+0.719	+0.711	+4.731	+4.731	+4.724	+0.710	+4.807	+0.710	+0.593	+0.716	+0.708	+0.707	+0.707	+0.783	+1.028	+1.058	+1.056	+5.343	+5.321	+5.289	+5.444	+2.766	+6.353	+5.256	+5.271	+1.048	+5.237	+0.868	+0.849	+1.040	+1.015	+0.988	+5.349	+0.931	+5.027	+5.022	+4.442	+0.599	+4.735	+4.822	+4.850	+4.839	+4.838	+4.837	+4.659	+0.887	+4.836	+4.836	+4.855	+4.816	+4.851	+4.836	+4.835	+4.650	+4.695	+4.692	+4.891	+4.713	+4.709	+4.908	+4.836	+4.837	+4.786	+4.803	+4.309	+4.975	+3.526	+4.728	+0.851	+0.845	+4.419	+3.386	+6.869	+4.678	+4.279	+4.638	+3.762	+4.989	+5.545	+4.964	+5.155	+1.194	+4.582	+4.363	+4.469	+4.523	+5.024	+5.022	+4.521	+4.487	+4.668	+4.568	+4.579	+4.608	+0.910	+2.068	+1.019	+3.896	+2.389	+2.303	+0.877	+0.968	+1.606	+1.115	+0.919	+0.910	+1.473	+0.943	+1.464	+1.363	+1.373	+1.418	+1.392	+0.951	+1.451	+1.468	+1.443	+1.438	+1.434	+1.392	+1.744	+1.454	+1.791	+1.516	+1.366	+0.672	+0.469	+1.496	+1.889	+1.886	+1.883	+2.002	+1.977	+1.959	+1.738	+1.932	+1.812	+1.866	+0.467	+0.695	+0.877	+0.721	+0.951	+0.710	+0.668	+0.726	+0.674	+0.462	+0.731	+0.731	+0.632	+0.461	+0.625	+0.459	+0.637	+0.478	+0.682	+0.851	+0.646	+0.479	+0.616	+0.617	+0.480	+0.480	+1.452	+2.397	+1.423	+1.410	+1.410	
rs55800130     +0.938	+0.823	+0.799	+0.907	+0.869	+0.571	+0.716	+0.716	+0.712	+0.695	+0.716	+0.724	+3.758	+0.748	+0.745	+4.749	+4.749	+4.742	+0.744	+4.824	+0.743	+0.625	+0.748	+0.741	+0.740	+0.740	+0.807	+1.057	+1.056	+1.094	+5.358	+5.336	+5.304	+5.458	+2.797	+6.367	+5.272	+5.286	+1.072	+5.252	+0.897	+0.882	+1.065	+1.042	+1.014	+5.364	+0.958	+5.045	+5.040	+4.453	+0.629	+4.753	+4.839	+4.868	+4.858	+4.856	+4.855	+4.677	+0.909	+4.854	+4.854	+4.872	+4.834	+4.869	+4.854	+4.853	+4.669	+4.713	+4.710	+4.909	+4.732	+4.727	+4.926	+4.855	+4.855	+4.804	+4.822	+4.329	+4.994	+3.551	+4.747	+0.875	+0.870	+4.440	+3.419	+6.902	+4.714	+4.315	+4.674	+3.781	+5.015	+5.587	+5.002	+5.194	+1.223	+4.604	+4.386	+4.490	+4.546	+5.065	+5.064	+4.543	+4.509	+4.691	+4.591	+4.602	+4.630	+0.937	+2.101	+1.049	+3.936	+2.423	+2.337	+0.908	+0.998	+1.638	+1.147	+0.952	+0.941	+1.503	+0.974	+1.494	+1.396	+1.403	+1.447	+1.421	+0.981	+1.480	+1.497	+1.473	+1.468	+1.463	+1.422	+1.771	+1.479	+1.824	+1.541	+1.394	+0.705	+0.503	+1.524	+1.923	+1.919	+1.916	+2.029	+2.004	+1.986	+1.771	+1.959	+1.845	+1.893	+0.500	+0.725	+0.906	+0.751	+0.984	+0.740	+0.699	+0.756	+0.704	+0.494	+0.761	+0.761	+0.663	+0.494	+0.656	+0.492	+0.666	+0.511	+0.715	+0.884	+0.679	+0.512	+0.646	+0.650	+0.513	+0.513	+1.479	+2.430	+1.457	+1.445	+1.445	
