## Summary of overall evidence for association with region:
## log10(BF for region) = 4.24278
## p-value for region = NA

## BFs for choosing among multi-SNP models:
## log10(average 1-SNP BF) = 4.2153
## log10(average 2-SNP BF) = 4.29302

## Example posterior probabilities for multi-SNP models, based on default prior: [p(l) propto 0.5^l for l=1,2,...,L]
## posterior probability of 1-SNP = 0.625791
## posterior probability of 2-SNP = 0.374209

## log10(BF) for single SNP and pair of SNPs:
rs12568066     -0.393	-0.731	-0.269	-0.388	-0.410	-0.404	-0.413	-0.827	-0.413	-0.399	-0.828	-0.377	-0.395	-0.829	-0.779	-0.829	-0.311	-0.701	-0.829	-0.830	-0.831	-0.696	-0.831	-0.829	-0.830	-0.387	-0.819	-0.820	-0.404	-0.830	-0.412	-0.766	-0.788	-0.829	-0.838	-0.749	-0.840	-0.841	-0.842	-0.843	-0.843	-0.861	-0.861	-0.871	-0.871	-0.870	-0.871	-0.871	-0.872	-0.873	-0.872	-0.875	-0.873	-0.873	-0.872	-0.876	-0.874	-0.877	-0.877	-0.878	-0.877	-0.875	-0.876	-0.739	-0.752	-0.745	-0.750	-0.739	-0.633	+0.011	+0.162	+0.154	+0.208	+0.151	+0.159	+0.146	+0.147	+0.133	+0.104	+0.164	+0.124	+0.161	+0.162	+0.166	+0.161	+0.163	+0.161	+0.178	+0.158	+0.146	+0.162	+0.154	+0.182	+0.191	+0.197	+0.191	-0.779	+0.193	+0.202	+4.072	+4.190	+4.188	+4.206	+4.180	+4.220	+4.207	+3.954	-0.236	+4.182	+4.220	+4.214	+4.212	+4.211	+3.752	+3.720	+3.789	+3.759	+3.759	+3.522	+3.842	+3.419	+3.869	+4.215	+4.235	+4.168	+3.831	+3.283	+4.249	+3.881	+4.203	+4.249	+3.810	+3.849	+3.834	+3.758	+3.757	+4.080	+4.099	+4.054	+3.637	+3.612	+3.967	+3.996	+3.995	+3.950	+3.810	+3.472	+3.944	+3.592	+3.995	+3.994	+3.996	
rs6678710      -0.731	-0.477	-0.347	-0.631	-0.637	-0.635	-0.639	-0.860	-0.630	-0.620	-0.861	-0.605	-0.615	-0.862	-0.887	-0.862	-0.572	-0.832	-0.862	-0.863	-0.876	-0.716	-0.864	-0.862	-0.863	-0.589	-0.847	-0.855	-0.598	-0.863	-0.604	-0.791	-0.902	-0.865	-0.881	-0.783	-0.883	-0.885	-0.886	-0.887	-0.888	-0.910	-0.911	-0.946	-0.945	-0.944	-0.945	-0.945	-0.947	-0.947	-0.947	-0.949	-0.947	-0.947	-0.945	-0.952	-0.950	-0.954	-0.954	-0.954	-0.955	-0.953	-0.956	-0.842	-0.854	-0.848	-0.852	-0.842	-0.700	-0.106	+0.051	+0.053	+0.106	+0.050	+0.057	+0.045	+0.046	+0.033	+0.004	+0.063	+0.023	+0.060	+0.061	+0.065	+0.060	+0.062	+0.060	+0.077	+0.057	+0.045	+0.061	+0.054	+0.081	+0.091	+0.096	+0.090	-0.853	+0.092	+0.101	+4.037	+4.155	+4.153	+4.171	+4.146	+4.185	+4.172	+3.928	-0.323	+4.147	+4.185	+4.179	+4.176	+4.176	+3.720	+3.687	+3.757	+3.726	+3.726	+3.485	+3.810	+3.392	+3.841	+4.179	+4.200	+4.133	+3.799	+3.258	+4.214	+3.849	+4.168	+4.214	+3.778	+3.817	+3.802	+3.726	+3.724	+4.044	+4.062	+4.016	+3.602	+3.576	+3.929	+3.957	+3.957	+3.911	+3.771	+3.419	+3.906	+3.556	+3.957	+3.955	+3.957	
rs75982300     -0.269	-0.347	-0.065	-0.130	-0.137	-0.135	-0.140	-0.447	-0.128	-0.115	-0.483	-0.098	-0.108	-0.485	-0.390	-0.476	-0.061	-0.447	-0.499	-0.494	-0.501	-0.184	-0.489	-0.500	-0.496	-0.075	-0.534	-0.549	-0.084	-0.493	-0.090	-0.600	-0.423	-0.490	-0.615	-0.615	-0.614	-0.614	-0.614	-0.613	-0.613	-0.598	-0.598	-0.595	-0.595	-0.595	-0.596	-0.596	-0.596	-0.596	-0.596	-0.599	-0.597	-0.596	-0.597	-0.598	-0.595	-0.598	-0.597	-0.599	-0.595	-0.594	-0.592	-0.408	-0.422	-0.413	-0.420	-0.407	-0.282	+0.518	+0.680	+0.682	+0.744	+0.678	+0.687	+0.673	+0.674	+0.659	+0.624	+0.694	+0.647	+0.690	+0.691	+0.696	+0.690	+0.693	+0.690	+0.710	+0.686	+0.673	+0.692	+0.683	+0.716	+0.726	+0.733	+0.726	-0.510	+0.728	+0.739	+5.338	+5.469	+5.466	+5.485	+5.458	+5.502	+5.488	+5.102	+0.205	+5.459	+5.499	+5.492	+5.489	+5.488	+4.959	+4.923	+5.000	+4.966	+4.966	+4.697	+5.061	+4.485	+5.004	+5.492	+5.515	+5.440	+5.048	+4.433	+5.531	+5.104	+5.481	+5.530	+5.026	+5.069	+5.052	+4.968	+4.965	+5.342	+5.362	+5.310	+4.828	+4.799	+5.211	+5.242	+5.241	+5.191	+5.036	+4.499	+5.185	+4.776	+5.242	+5.240	+5.242	
rs12025407     -0.388	-0.631	-0.130	-0.276	-0.394	-0.392	-0.394	-0.710	-0.404	-0.401	-0.704	-0.394	-0.402	-0.704	-0.665	-0.706	-0.365	-0.554	-0.703	-0.704	-0.708	-0.622	-0.706	-0.702	-0.703	-0.403	-0.682	-0.681	-0.411	-0.704	-0.415	-0.608	-0.667	-0.705	-0.707	-0.607	-0.709	-0.711	-0.712	-0.713	-0.714	-0.736	-0.737	-0.760	-0.760	-0.759	-0.760	-0.760	-0.761	-0.762	-0.761	-0.764	-0.762	-0.762	-0.761	-0.765	-0.763	-0.766	-0.766	-0.766	-0.766	-0.764	-0.765	-0.629	-0.642	-0.635	-0.640	-0.628	-0.530	+0.108	+0.259	+0.247	+0.300	+0.244	+0.251	+0.239	+0.240	+0.226	+0.198	+0.256	+0.217	+0.254	+0.255	+0.259	+0.254	+0.256	+0.254	+0.271	+0.251	+0.239	+0.255	+0.247	+0.275	+0.284	+0.289	+0.283	-0.669	+0.285	+0.294	+4.108	+4.225	+4.223	+4.241	+4.215	+4.255	+4.242	+3.986	-0.135	+4.217	+4.255	+4.250	+4.247	+4.247	+3.787	+3.755	+3.823	+3.793	+3.793	+3.561	+3.876	+3.452	+3.902	+4.250	+4.271	+4.203	+3.864	+3.308	+4.284	+3.914	+4.238	+4.284	+3.844	+3.883	+3.868	+3.794	+3.792	+4.117	+4.136	+4.091	+3.674	+3.648	+4.006	+4.034	+4.034	+3.989	+3.849	+3.525	+3.983	+3.629	+4.034	+4.032	+4.034	
rs10913310     -0.410	-0.637	-0.137	-0.394	-0.282	-0.395	-0.398	-0.716	-0.405	-0.402	-0.710	-0.394	-0.402	-0.710	-0.671	-0.712	-0.361	-0.562	-0.709	-0.710	-0.714	-0.626	-0.712	-0.708	-0.709	-0.403	-0.688	-0.688	-0.412	-0.710	-0.416	-0.615	-0.673	-0.711	-0.713	-0.614	-0.716	-0.718	-0.718	-0.719	-0.720	-0.742	-0.743	-0.766	-0.766	-0.765	-0.766	-0.766	-0.767	-0.767	-0.767	-0.770	-0.767	-0.767	-0.767	-0.771	-0.768	-0.772	-0.772	-0.772	-0.771	-0.770	-0.771	-0.635	-0.648	-0.640	-0.646	-0.634	-0.535	+0.103	+0.254	+0.242	+0.295	+0.239	+0.246	+0.234	+0.235	+0.221	+0.193	+0.251	+0.212	+0.249	+0.250	+0.254	+0.249	+0.251	+0.249	+0.266	+0.246	+0.234	+0.250	+0.242	+0.270	+0.279	+0.284	+0.278	-0.675	+0.280	+0.289	+4.105	+4.222	+4.220	+4.238	+4.212	+4.252	+4.239	+3.984	-0.140	+4.214	+4.253	+4.247	+4.244	+4.244	+3.784	+3.752	+3.821	+3.790	+3.790	+3.558	+3.873	+3.449	+3.899	+4.247	+4.268	+4.201	+3.862	+3.306	+4.281	+3.912	+4.236	+4.281	+3.842	+3.880	+3.865	+3.792	+3.789	+4.114	+4.133	+4.088	+3.671	+3.646	+4.003	+4.031	+4.031	+3.985	+3.846	+3.522	+3.980	+3.626	+4.031	+4.029	+4.031	
rs12048883     -0.404	-0.635	-0.135	-0.392	-0.395	-0.280	-0.395	-0.714	-0.403	-0.400	-0.708	-0.392	-0.400	-0.708	-0.669	-0.710	-0.360	-0.559	-0.707	-0.708	-0.712	-0.624	-0.710	-0.706	-0.707	-0.402	-0.686	-0.685	-0.411	-0.708	-0.415	-0.613	-0.671	-0.709	-0.711	-0.611	-0.714	-0.715	-0.716	-0.717	-0.718	-0.740	-0.741	-0.764	-0.764	-0.763	-0.764	-0.764	-0.765	-0.765	-0.765	-0.768	-0.765	-0.766	-0.765	-0.769	-0.766	-0.770	-0.770	-0.770	-0.769	-0.768	-0.769	-0.633	-0.646	-0.638	-0.644	-0.632	-0.534	+0.105	+0.256	+0.243	+0.297	+0.241	+0.248	+0.236	+0.236	+0.223	+0.195	+0.253	+0.214	+0.251	+0.251	+0.255	+0.251	+0.253	+0.251	+0.267	+0.247	+0.235	+0.252	+0.244	+0.272	+0.281	+0.286	+0.280	-0.673	+0.281	+0.291	+4.106	+4.223	+4.221	+4.239	+4.213	+4.253	+4.240	+3.984	-0.139	+4.215	+4.253	+4.248	+4.245	+4.245	+3.785	+3.753	+3.821	+3.791	+3.791	+3.559	+3.874	+3.450	+3.900	+4.248	+4.269	+4.201	+3.863	+3.307	+4.282	+3.913	+4.236	+4.282	+3.842	+3.881	+3.866	+3.793	+3.790	+4.115	+4.133	+4.089	+3.672	+3.646	+4.004	+4.032	+4.032	+3.986	+3.847	+3.523	+3.980	+3.627	+4.032	+4.030	+4.032	
rs35504019     -0.413	-0.639	-0.140	-0.394	-0.398	-0.395	-0.284	-0.718	-0.404	-0.401	-0.712	-0.392	-0.401	-0.712	-0.673	-0.714	-0.358	-0.564	-0.711	-0.712	-0.716	-0.627	-0.715	-0.710	-0.712	-0.402	-0.691	-0.690	-0.411	-0.712	-0.415	-0.618	-0.675	-0.713	-0.716	-0.616	-0.718	-0.720	-0.720	-0.721	-0.722	-0.745	-0.745	-0.768	-0.768	-0.767	-0.768	-0.768	-0.769	-0.769	-0.769	-0.772	-0.769	-0.770	-0.769	-0.773	-0.770	-0.774	-0.774	-0.774	-0.773	-0.772	-0.773	-0.637	-0.650	-0.642	-0.648	-0.636	-0.537	+0.101	+0.252	+0.240	+0.294	+0.237	+0.245	+0.232	+0.233	+0.220	+0.191	+0.250	+0.210	+0.248	+0.248	+0.252	+0.248	+0.249	+0.247	+0.264	+0.244	+0.232	+0.249	+0.240	+0.268	+0.277	+0.283	+0.276	-0.677	+0.278	+0.287	+4.105	+4.221	+4.220	+4.237	+4.212	+4.251	+4.238	+3.983	-0.142	+4.214	+4.252	+4.246	+4.244	+4.243	+3.784	+3.751	+3.820	+3.790	+3.790	+3.557	+3.873	+3.449	+3.899	+4.247	+4.267	+4.200	+3.861	+3.306	+4.281	+3.911	+4.235	+4.280	+3.841	+3.880	+3.865	+3.791	+3.789	+4.113	+4.132	+4.088	+3.670	+3.645	+4.002	+4.030	+4.030	+3.985	+3.846	+3.521	+3.979	+3.625	+4.030	+4.028	+4.030	
rs2861976      -0.827	-0.860	-0.447	-0.710	-0.716	-0.714	-0.718	-0.579	-0.708	-0.697	-0.742	-0.682	-0.691	-0.749	-0.863	-0.746	-0.649	-0.941	-0.757	-0.758	-0.814	-0.682	-0.764	-0.755	-0.758	-0.663	-0.712	-0.803	-0.672	-0.761	-0.678	-0.701	-0.892	-0.785	-0.857	-0.741	-0.861	-0.864	-0.865	-0.867	-0.869	-0.906	-0.908	-1.025	-1.024	-1.022	-1.024	-1.024	-1.026	-1.027	-1.026	-1.030	-1.026	-1.027	-1.024	-1.035	-1.031	-1.037	-1.038	-1.036	-1.040	-1.036	-1.042	-0.939	-0.951	-0.944	-0.949	-0.938	-0.799	-0.174	-0.026	-0.020	+0.035	-0.023	-0.015	-0.028	-0.027	-0.041	-0.071	-0.010	-0.051	-0.012	-0.012	-0.007	-0.012	-0.011	-0.012	+0.004	-0.016	-0.028	-0.011	-0.019	+0.009	+0.019	+0.024	+0.018	-0.957	+0.020	+0.029	+4.055	+4.175	+4.173	+4.191	+4.164	+4.205	+4.193	+3.936	-0.384	+4.168	+4.205	+4.199	+4.196	+4.196	+3.748	+3.716	+3.786	+3.754	+3.754	+3.507	+3.840	+3.404	+3.848	+4.199	+4.220	+4.152	+3.829	+3.259	+4.234	+3.880	+4.188	+4.234	+3.808	+3.847	+3.831	+3.754	+3.751	+4.061	+4.079	+4.032	+3.626	+3.599	+3.942	+3.971	+3.971	+3.924	+3.782	+3.395	+3.919	+3.578	+3.971	+3.969	+3.971	
rs1883245      -0.413	-0.630	-0.128	-0.404	-0.405	-0.403	-0.404	-0.708	-0.274	-0.379	-0.700	-0.368	-0.376	-0.700	-0.661	-0.702	-0.329	-0.548	-0.698	-0.700	-0.704	-0.619	-0.702	-0.698	-0.699	-0.388	-0.677	-0.676	-0.397	-0.700	-0.401	-0.602	-0.663	-0.701	-0.703	-0.603	-0.706	-0.708	-0.708	-0.709	-0.710	-0.733	-0.734	-0.758	-0.758	-0.757	-0.758	-0.758	-0.759	-0.759	-0.759	-0.762	-0.759	-0.760	-0.759	-0.763	-0.760	-0.764	-0.764	-0.764	-0.763	-0.762	-0.763	-0.627	-0.639	-0.632	-0.638	-0.626	-0.528	+0.111	+0.263	+0.250	+0.304	+0.247	+0.255	+0.242	+0.243	+0.230	+0.201	+0.260	+0.220	+0.258	+0.258	+0.262	+0.258	+0.259	+0.257	+0.274	+0.254	+0.242	+0.258	+0.250	+0.278	+0.287	+0.293	+0.286	-0.667	+0.288	+0.297	+4.110	+4.226	+4.224	+4.242	+4.216	+4.256	+4.243	+3.987	-0.133	+4.218	+4.257	+4.251	+4.248	+4.248	+3.788	+3.756	+3.825	+3.794	+3.794	+3.562	+3.877	+3.453	+3.903	+4.251	+4.272	+4.205	+3.866	+3.309	+4.285	+3.916	+4.240	+4.285	+3.846	+3.884	+3.869	+3.796	+3.793	+4.118	+4.137	+4.092	+3.675	+3.650	+4.007	+4.035	+4.035	+3.990	+3.851	+3.527	+3.984	+3.630	+4.035	+4.033	+4.035	
rs12048531     -0.399	-0.620	-0.115	-0.401	-0.402	-0.400	-0.401	-0.697	-0.379	-0.263	-0.688	-0.365	-0.371	-0.688	-0.650	-0.690	-0.333	-0.534	-0.686	-0.688	-0.693	-0.611	-0.690	-0.686	-0.687	-0.385	-0.664	-0.663	-0.394	-0.688	-0.397	-0.588	-0.651	-0.689	-0.691	-0.590	-0.694	-0.696	-0.696	-0.697	-0.698	-0.722	-0.722	-0.748	-0.748	-0.747	-0.748	-0.748	-0.749	-0.749	-0.749	-0.752	-0.749	-0.750	-0.749	-0.753	-0.750	-0.754	-0.754	-0.754	-0.753	-0.752	-0.753	-0.617	-0.629	-0.622	-0.628	-0.616	-0.518	+0.120	+0.272	+0.259	+0.312	+0.256	+0.263	+0.251	+0.252	+0.238	+0.210	+0.268	+0.229	+0.266	+0.267	+0.271	+0.266	+0.268	+0.266	+0.283	+0.263	+0.251	+0.267	+0.259	+0.287	+0.296	+0.301	+0.295	-0.656	+0.297	+0.306	+4.114	+4.230	+4.228	+4.246	+4.220	+4.260	+4.247	+3.991	-0.123	+4.222	+4.261	+4.255	+4.253	+4.252	+3.792	+3.760	+3.828	+3.798	+3.798	+3.566	+3.881	+3.457	+3.907	+4.255	+4.276	+4.209	+3.870	+3.312	+4.289	+3.919	+4.244	+4.289	+3.849	+3.888	+3.873	+3.800	+3.797	+4.122	+4.141	+4.097	+3.679	+3.654	+4.011	+4.039	+4.039	+3.994	+3.855	+3.533	+3.988	+3.634	+4.039	+4.038	+4.039	
rs2861977      -0.828	-0.861	-0.483	-0.704	-0.710	-0.708	-0.712	-0.742	-0.700	-0.688	-0.602	-0.671	-0.681	-0.750	-0.858	-0.733	-0.636	-0.957	-0.770	-0.768	-0.832	-0.652	-0.770	-0.768	-0.769	-0.652	-0.747	-0.839	-0.661	-0.771	-0.667	-0.760	-0.894	-0.797	-0.897	-0.790	-0.900	-0.903	-0.904	-0.905	-0.907	-0.938	-0.940	-1.049	-1.048	-1.046	-1.048	-1.048	-1.050	-1.051	-1.050	-1.053	-1.050	-1.051	-1.048	-1.058	-1.055	-1.060	-1.061	-1.060	-1.063	-1.059	-1.065	-0.956	-0.968	-0.962	-0.966	-0.955	-0.819	-0.176	-0.030	-0.024	+0.032	-0.027	-0.019	-0.032	-0.031	-0.045	-0.075	-0.013	-0.055	-0.016	-0.016	-0.011	-0.016	-0.014	-0.016	+0.001	-0.020	-0.032	-0.015	-0.023	+0.006	+0.016	+0.021	+0.015	-0.979	+0.017	+0.026	+4.078	+4.199	+4.197	+4.215	+4.187	+4.229	+4.217	+3.956	-0.403	+4.192	+4.229	+4.222	+4.220	+4.219	+3.774	+3.742	+3.812	+3.780	+3.780	+3.530	+3.866	+3.424	+3.867	+4.223	+4.228	+4.175	+3.856	+3.274	+4.258	+3.906	+4.212	+4.258	+3.834	+3.874	+3.857	+3.779	+3.777	+4.083	+4.102	+4.054	+3.650	+3.623	+3.964	+3.993	+3.993	+3.946	+3.803	+3.394	+3.941	+3.602	+3.993	+3.991	+3.993	
rs10489221     -0.377	-0.605	-0.098	-0.394	-0.394	-0.392	-0.392	-0.682	-0.368	-0.365	-0.671	-0.248	-0.363	-0.671	-0.634	-0.674	-0.337	-0.514	-0.670	-0.671	-0.676	-0.600	-0.674	-0.669	-0.670	-0.381	-0.646	-0.645	-0.389	-0.671	-0.391	-0.568	-0.634	-0.672	-0.675	-0.572	-0.677	-0.679	-0.680	-0.681	-0.682	-0.706	-0.706	-0.734	-0.734	-0.733	-0.734	-0.734	-0.735	-0.735	-0.735	-0.738	-0.735	-0.735	-0.735	-0.738	-0.736	-0.739	-0.739	-0.740	-0.739	-0.737	-0.738	-0.602	-0.615	-0.608	-0.613	-0.602	-0.505	+0.133	+0.285	+0.271	+0.325	+0.269	+0.276	+0.263	+0.264	+0.251	+0.223	+0.281	+0.241	+0.279	+0.279	+0.283	+0.279	+0.281	+0.278	+0.295	+0.275	+0.263	+0.280	+0.271	+0.300	+0.308	+0.314	+0.308	-0.642	+0.309	+0.318	+4.120	+4.236	+4.234	+4.252	+4.226	+4.266	+4.253	+3.996	-0.110	+4.228	+4.267	+4.261	+4.258	+4.258	+3.798	+3.766	+3.834	+3.804	+3.804	+3.572	+3.887	+3.462	+3.912	+4.261	+4.282	+4.215	+3.875	+3.317	+4.295	+3.925	+4.250	+4.295	+3.855	+3.894	+3.879	+3.805	+3.803	+4.128	+4.147	+4.103	+3.685	+3.660	+4.017	+4.045	+4.045	+4.000	+3.861	+3.541	+3.994	+3.640	+4.045	+4.044	+4.045	
rs10913315     -0.395	-0.615	-0.108	-0.402	-0.402	-0.400	-0.401	-0.691	-0.376	-0.371	-0.681	-0.363	-0.257	-0.681	-0.644	-0.684	-0.334	-0.526	-0.680	-0.681	-0.686	-0.607	-0.683	-0.679	-0.680	-0.384	-0.657	-0.656	-0.392	-0.681	-0.395	-0.580	-0.644	-0.682	-0.685	-0.583	-0.687	-0.689	-0.690	-0.691	-0.692	-0.715	-0.716	-0.742	-0.742	-0.741	-0.742	-0.742	-0.743	-0.744	-0.744	-0.746	-0.744	-0.744	-0.743	-0.747	-0.745	-0.748	-0.748	-0.748	-0.748	-0.746	-0.747	-0.611	-0.624	-0.616	-0.622	-0.610	-0.513	+0.125	+0.277	+0.264	+0.317	+0.261	+0.268	+0.256	+0.257	+0.243	+0.215	+0.273	+0.234	+0.271	+0.272	+0.276	+0.271	+0.273	+0.271	+0.288	+0.268	+0.256	+0.272	+0.264	+0.292	+0.301	+0.306	+0.300	-0.651	+0.302	+0.311	+4.116	+4.232	+4.231	+4.248	+4.223	+4.262	+4.249	+3.993	-0.118	+4.225	+4.263	+4.257	+4.255	+4.254	+3.794	+3.762	+3.831	+3.800	+3.800	+3.569	+3.883	+3.459	+3.909	+4.258	+4.278	+4.211	+3.872	+3.314	+4.292	+3.922	+4.246	+4.291	+3.852	+3.890	+3.875	+3.802	+3.799	+4.125	+4.143	+4.099	+3.681	+3.656	+4.014	+4.042	+4.042	+3.996	+3.857	+3.536	+3.990	+3.637	+4.042	+4.040	+4.042	
rs2861981      -0.829	-0.862	-0.485	-0.704	-0.710	-0.708	-0.712	-0.749	-0.700	-0.688	-0.750	-0.671	-0.681	-0.603	-0.858	-0.746	-0.637	-0.959	-0.780	-0.778	-0.837	-0.652	-0.778	-0.778	-0.778	-0.653	-0.764	-0.846	-0.662	-0.780	-0.668	-0.771	-0.895	-0.803	-0.903	-0.798	-0.907	-0.909	-0.910	-0.911	-0.913	-0.943	-0.945	-1.050	-1.050	-1.048	-1.049	-1.049	-1.052	-1.052	-1.052	-1.055	-1.052	-1.053	-1.050	-1.059	-1.056	-1.061	-1.062	-1.061	-1.064	-1.061	-1.066	-0.956	-0.969	-0.962	-0.967	-0.955	-0.819	-0.176	-0.030	-0.023	+0.033	-0.026	-0.018	-0.031	-0.030	-0.044	-0.074	-0.013	-0.054	-0.015	-0.015	-0.010	-0.015	-0.013	-0.015	+0.002	-0.019	-0.031	-0.014	-0.022	+0.007	+0.016	+0.022	+0.015	-0.980	+0.018	+0.027	+4.079	+4.200	+4.198	+4.216	+4.188	+4.230	+4.218	+3.958	-0.404	+4.193	+4.230	+4.223	+4.221	+4.220	+3.775	+3.743	+3.813	+3.781	+3.781	+3.531	+3.867	+3.426	+3.868	+4.224	+4.245	+4.176	+3.857	+3.275	+4.259	+3.907	+4.213	+4.259	+3.835	+3.875	+3.858	+3.780	+3.778	+4.085	+4.103	+4.056	+3.651	+3.624	+3.965	+3.994	+3.994	+3.947	+3.804	+3.396	+3.942	+3.604	+3.994	+3.992	+3.994	
rs10429832     -0.779	-0.887	-0.390	-0.665	-0.671	-0.669	-0.673	-0.863	-0.661	-0.650	-0.858	-0.634	-0.644	-0.858	-0.521	-0.859	-0.601	-0.880	-0.860	-0.860	-0.860	-0.752	-0.861	-0.859	-0.860	-0.617	-0.845	-0.857	-0.626	-0.860	-0.631	-0.785	-0.711	-0.865	-0.867	-0.755	-0.871	-0.873	-0.874	-0.875	-0.876	-0.906	-0.907	-0.981	-0.980	-0.978	-0.980	-0.980	-0.982	-0.982	-0.982	-0.985	-0.982	-0.983	-0.980	-0.989	-0.986	-0.991	-0.992	-0.991	-0.994	-0.990	-0.995	-0.882	-0.893	-0.886	-0.891	-0.881	-0.757	-0.133	+0.013	+0.016	+0.070	+0.013	+0.021	+0.008	+0.009	-0.004	-0.034	+0.026	-0.014	+0.024	+0.024	+0.028	+0.024	+0.025	+0.024	+0.040	+0.020	+0.008	+0.025	+0.017	+0.045	+0.054	+0.059	+0.053	-0.907	+0.055	+0.064	+4.031	+4.150	+4.148	+4.166	+4.140	+4.180	+4.168	+3.913	-0.317	+4.143	+4.180	+4.174	+4.171	+4.171	+3.716	+3.684	+3.753	+3.722	+3.722	+3.480	+3.807	+3.377	+3.826	+4.174	+4.195	+4.127	+3.796	+3.248	+4.209	+3.846	+4.163	+4.209	+3.775	+3.814	+3.799	+3.722	+3.720	+4.038	+4.056	+4.010	+3.597	+3.571	+3.922	+3.950	+3.950	+3.904	+3.763	+3.419	+3.899	+3.551	+3.950	+3.948	+3.950	
rs978271       -0.829	-0.862	-0.476	-0.706	-0.712	-0.710	-0.714	-0.746	-0.702	-0.690	-0.733	-0.674	-0.684	-0.746	-0.859	-0.598	-0.639	-0.955	-0.763	-0.762	-0.827	-0.657	-0.765	-0.761	-0.762	-0.654	-0.730	-0.830	-0.664	-0.765	-0.670	-0.745	-0.893	-0.792	-0.888	-0.779	-0.892	-0.894	-0.895	-0.897	-0.898	-0.931	-0.933	-1.044	-1.044	-1.042	-1.043	-1.043	-1.045	-1.046	-1.045	-1.049	-1.046	-1.046	-1.043	-1.053	-1.050	-1.056	-1.057	-1.055	-1.059	-1.055	-1.061	-0.953	-0.965	-0.958	-0.963	-0.952	-0.815	-0.176	-0.030	-0.024	+0.032	-0.027	-0.018	-0.032	-0.030	-0.044	-0.075	-0.013	-0.054	-0.016	-0.015	-0.010	-0.016	-0.014	-0.015	+0.001	-0.019	-0.031	-0.015	-0.022	+0.006	+0.016	+0.021	+0.015	-0.975	+0.017	+0.026	+4.074	+4.195	+4.193	+4.211	+4.184	+4.225	+4.213	+3.952	-0.400	+4.188	+4.225	+4.218	+4.216	+4.215	+3.770	+3.737	+3.808	+3.776	+3.776	+3.526	+3.862	+3.421	+3.863	+4.219	+4.240	+4.171	+3.851	+3.271	+4.254	+3.902	+4.208	+4.254	+3.830	+3.869	+3.853	+3.775	+3.772	+4.080	+4.098	+4.051	+3.646	+3.619	+3.960	+3.989	+3.989	+3.942	+3.800	+3.394	+3.937	+3.598	+3.989	+3.987	+3.989	
rs3829804      -0.311	-0.572	-0.061	-0.365	-0.361	-0.360	-0.358	-0.649	-0.329	-0.333	-0.636	-0.337	-0.334	-0.637	-0.601	-0.639	-0.216	-0.472	-0.634	-0.635	-0.642	-0.577	-0.639	-0.633	-0.635	-0.363	-0.608	-0.607	-0.368	-0.636	-0.370	-0.525	-0.599	-0.637	-0.639	-0.534	-0.642	-0.644	-0.645	-0.646	-0.647	-0.672	-0.673	-0.704	-0.704	-0.703	-0.704	-0.704	-0.705	-0.705	-0.705	-0.708	-0.705	-0.705	-0.705	-0.708	-0.706	-0.709	-0.709	-0.710	-0.709	-0.707	-0.708	-0.572	-0.585	-0.578	-0.583	-0.572	-0.476	+0.160	+0.312	+0.297	+0.350	+0.294	+0.302	+0.289	+0.290	+0.277	+0.248	+0.307	+0.268	+0.305	+0.305	+0.309	+0.305	+0.306	+0.304	+0.321	+0.301	+0.289	+0.305	+0.297	+0.325	+0.334	+0.339	+0.333	-0.612	+0.335	+0.344	+4.132	+4.248	+4.247	+4.264	+4.239	+4.278	+4.265	+4.008	-0.082	+4.241	+4.279	+4.274	+4.271	+4.271	+3.810	+3.778	+3.846	+3.816	+3.816	+3.585	+3.899	+3.474	+3.924	+4.274	+4.294	+4.227	+3.887	+3.327	+4.308	+3.937	+4.262	+4.308	+3.867	+3.906	+3.891	+3.818	+3.815	+4.141	+4.160	+4.116	+3.697	+3.672	+4.031	+4.059	+4.059	+4.014	+3.875	+3.558	+4.008	+3.653	+4.059	+4.057	+4.059	
rs35600310     -0.701	-0.832	-0.447	-0.554	-0.562	-0.559	-0.564	-0.941	-0.548	-0.534	-0.957	-0.514	-0.526	-0.959	-0.880	-0.955	-0.472	-0.514	-0.965	-0.963	-0.963	-0.740	-0.961	-0.965	-0.964	-0.497	-0.976	-0.983	-0.508	-0.962	-0.515	-0.974	-0.903	-0.961	-0.933	-0.839	-0.935	-0.937	-0.937	-0.938	-0.938	-0.953	-0.953	-0.987	-0.987	-0.986	-0.987	-0.987	-0.988	-0.988	-0.988	-0.991	-0.988	-0.989	-0.987	-0.992	-0.990	-0.994	-0.994	-0.994	-0.994	-0.992	-0.994	-0.862	-0.875	-0.868	-0.873	-0.861	-0.739	-0.086	+0.062	+0.064	+0.119	+0.061	+0.069	+0.056	+0.057	+0.043	+0.013	+0.074	+0.033	+0.071	+0.072	+0.077	+0.071	+0.073	+0.072	+0.088	+0.068	+0.056	+0.072	+0.065	+0.093	+0.103	+0.108	+0.101	-0.889	+0.104	+0.113	+4.120	+4.238	+4.236	+4.254	+4.229	+4.268	+4.255	+3.991	-0.245	+4.231	+4.268	+4.262	+4.260	+4.259	+3.799	+3.767	+3.836	+3.805	+3.805	+3.569	+3.889	+3.454	+3.905	+4.263	+4.284	+4.216	+3.878	+3.327	+4.297	+3.928	+4.251	+4.297	+3.858	+3.896	+3.881	+3.806	+3.804	+4.128	+4.146	+4.101	+3.683	+3.657	+4.014	+4.042	+4.042	+3.996	+3.856	+3.542	+3.991	+3.637	+4.042	+4.040	+4.042	
rs6660646      -0.829	-0.862	-0.499	-0.703	-0.709	-0.707	-0.711	-0.757	-0.698	-0.686	-0.770	-0.670	-0.680	-0.780	-0.860	-0.763	-0.634	-0.965	-0.612	-0.749	-0.833	-0.631	-0.749	-0.752	-0.751	-0.643	-0.743	-0.864	-0.653	-0.752	-0.659	-0.801	-0.890	-0.788	-0.912	-0.820	-0.915	-0.918	-0.919	-0.920	-0.921	-0.950	-0.952	-1.059	-1.058	-1.056	-1.057	-1.057	-1.060	-1.060	-1.060	-1.063	-1.060	-1.061	-1.058	-1.067	-1.064	-1.069	-1.070	-1.069	-1.072	-1.069	-1.074	-0.962	-0.975	-0.968	-0.973	-0.961	-0.826	-0.176	-0.031	-0.024	+0.032	-0.027	-0.019	-0.032	-0.031	-0.045	-0.075	-0.014	-0.055	-0.016	-0.016	-0.011	-0.016	-0.014	-0.016	+0.001	-0.020	-0.032	-0.015	-0.023	+0.006	+0.016	+0.021	+0.014	-0.988	+0.017	+0.026	+4.082	+4.203	+4.201	+4.219	+4.192	+4.233	+4.221	+3.961	-0.410	+4.196	+4.233	+4.226	+4.224	+4.223	+3.779	+3.746	+3.817	+3.785	+3.785	+3.535	+3.871	+3.430	+3.871	+4.227	+4.248	+4.180	+3.860	+3.277	+4.262	+3.911	+4.216	+4.262	+3.839	+3.878	+3.862	+3.784	+3.781	+4.088	+4.106	+4.058	+3.655	+3.628	+3.968	+3.997	+3.997	+3.950	+3.807	+3.394	+3.945	+3.607	+3.997	+3.995	+3.997	
rs10798513     -0.830	-0.863	-0.494	-0.704	-0.710	-0.708	-0.712	-0.758	-0.700	-0.688	-0.768	-0.671	-0.681	-0.778	-0.860	-0.762	-0.635	-0.963	-0.749	-0.609	-0.829	-0.634	-0.744	-0.744	-0.743	-0.645	-0.722	-0.858	-0.654	-0.746	-0.660	-0.790	-0.889	-0.785	-0.905	-0.811	-0.909	-0.911	-0.912	-0.913	-0.915	-0.945	-0.947	-1.056	-1.055	-1.053	-1.054	-1.054	-1.057	-1.057	-1.057	-1.060	-1.057	-1.058	-1.055	-1.064	-1.061	-1.066	-1.067	-1.066	-1.069	-1.066	-1.071	-0.960	-0.973	-0.966	-0.971	-0.960	-0.824	-0.176	-0.031	-0.024	+0.032	-0.027	-0.019	-0.032	-0.031	-0.045	-0.075	-0.014	-0.055	-0.016	-0.016	-0.011	-0.016	-0.014	-0.016	+0.001	-0.020	-0.032	-0.015	-0.023	+0.006	+0.016	+0.021	+0.014	-0.985	+0.017	+0.026	+4.080	+4.201	+4.199	+4.217	+4.190	+4.232	+4.220	+3.959	-0.408	+4.194	+4.231	+4.225	+4.222	+4.222	+3.777	+3.744	+3.815	+3.783	+3.783	+3.533	+3.869	+3.427	+3.870	+4.225	+4.247	+4.178	+3.858	+3.276	+4.261	+3.909	+4.214	+4.260	+3.837	+3.876	+3.860	+3.782	+3.779	+4.086	+4.104	+4.057	+3.653	+3.626	+3.966	+3.996	+3.995	+3.948	+3.806	+3.394	+3.943	+3.605	+3.995	+3.994	+3.996	
rs4652248      -0.831	-0.876	-0.501	-0.708	-0.714	-0.712	-0.716	-0.814	-0.704	-0.693	-0.832	-0.676	-0.686	-0.837	-0.860	-0.827	-0.642	-0.963	-0.833	-0.829	-0.605	-0.572	-0.826	-0.832	-0.830	-0.651	-0.842	-0.900	-0.660	-0.829	-0.666	-0.857	-0.890	-0.842	-0.939	-0.853	-0.942	-0.944	-0.945	-0.946	-0.947	-0.969	-0.971	-1.053	-1.053	-1.051	-1.052	-1.052	-1.054	-1.055	-1.054	-1.058	-1.055	-1.055	-1.053	-1.062	-1.059	-1.064	-1.065	-1.064	-1.066	-1.063	-1.068	-0.954	-0.967	-0.960	-0.965	-0.953	-0.818	-0.164	-0.019	-0.012	+0.044	-0.015	-0.007	-0.020	-0.019	-0.033	-0.063	-0.001	-0.043	-0.004	-0.004	+0.001	-0.004	-0.002	-0.004	+0.013	-0.008	-0.020	-0.003	-0.011	+0.018	+0.028	+0.033	+0.027	-0.981	+0.029	+0.038	+4.107	+4.229	+4.227	+4.245	+4.217	+4.259	+4.247	+3.989	-0.402	+4.221	+4.258	+4.252	+4.250	+4.249	+3.803	+3.771	+3.841	+3.809	+3.809	+3.567	+3.895	+3.456	+3.899	+4.253	+4.274	+4.205	+3.885	+3.295	+4.288	+3.936	+4.242	+4.288	+3.863	+3.903	+3.886	+3.808	+3.805	+4.113	+4.131	+4.084	+3.678	+3.651	+3.992	+4.022	+4.022	+3.974	+3.832	+3.407	+3.970	+3.630	+4.022	+4.020	+4.022	
rs10732998     -0.696	-0.716	-0.184	-0.622	-0.626	-0.624	-0.627	-0.682	-0.619	-0.611	-0.652	-0.600	-0.607	-0.652	-0.752	-0.657	-0.577	-0.740	-0.631	-0.634	-0.572	-0.350	-0.639	-0.628	-0.632	-0.584	-0.585	-0.618	-0.590	-0.635	-0.594	-0.499	-0.754	-0.645	-0.671	-0.554	-0.675	-0.678	-0.679	-0.681	-0.682	-0.722	-0.724	-0.808	-0.807	-0.804	-0.806	-0.806	-0.808	-0.809	-0.808	-0.811	-0.809	-0.810	-0.806	-0.818	-0.815	-0.820	-0.822	-0.819	-0.825	-0.821	-0.828	-0.737	-0.748	-0.742	-0.746	-0.736	-0.599	-0.023	+0.132	+0.145	+0.198	+0.143	+0.150	+0.138	+0.139	+0.126	+0.097	+0.155	+0.116	+0.153	+0.153	+0.157	+0.153	+0.155	+0.153	+0.169	+0.150	+0.138	+0.154	+0.146	+0.174	+0.183	+0.188	+0.182	-0.738	+0.184	+0.193	+4.081	+4.198	+4.196	+4.214	+4.189	+4.228	+4.215	+3.960	-0.211	+4.190	+4.228	+4.222	+4.220	+4.219	+3.760	+3.728	+3.797	+3.766	+3.766	+3.526	+3.850	+3.424	+3.874	+4.223	+4.243	+4.176	+3.838	+3.303	+4.257	+3.888	+4.211	+4.257	+3.818	+3.857	+3.841	+3.767	+3.765	+4.088	+4.107	+4.062	+3.645	+3.619	+3.976	+4.004	+4.004	+3.958	+3.819	+3.482	+3.952	+3.599	+4.004	+4.002	+4.004	
rs2205885      -0.831	-0.864	-0.489	-0.706	-0.712	-0.710	-0.715	-0.764	-0.702	-0.690	-0.770	-0.674	-0.683	-0.778	-0.861	-0.765	-0.639	-0.961	-0.749	-0.744	-0.826	-0.639	-0.606	-0.743	-0.744	-0.648	-0.713	-0.852	-0.657	-0.747	-0.663	-0.781	-0.890	-0.784	-0.898	-0.803	-0.902	-0.905	-0.906	-0.907	-0.909	-0.940	-0.942	-1.052	-1.051	-1.049	-1.050	-1.050	-1.053	-1.053	-1.053	-1.056	-1.053	-1.054	-1.051	-1.061	-1.058	-1.063	-1.064	-1.062	-1.066	-1.062	-1.068	-0.958	-0.970	-0.964	-0.969	-0.957	-0.821	-0.176	-0.031	-0.024	+0.032	-0.027	-0.019	-0.032	-0.031	-0.045	-0.075	-0.014	-0.055	-0.016	-0.016	-0.011	-0.016	-0.014	-0.016	+0.001	-0.020	-0.032	-0.015	-0.023	+0.006	+0.016	+0.021	+0.014	-0.982	+0.017	+0.026	+4.076	+4.197	+4.195	+4.213	+4.186	+4.228	+4.215	+3.955	-0.405	+4.190	+4.227	+4.221	+4.218	+4.218	+3.772	+3.740	+3.810	+3.778	+3.778	+3.529	+3.864	+3.424	+3.866	+4.221	+4.243	+4.174	+3.854	+3.273	+4.257	+3.904	+4.210	+4.256	+3.832	+3.872	+3.855	+3.777	+3.775	+4.082	+4.100	+4.053	+3.649	+3.622	+3.963	+3.992	+3.992	+3.945	+3.802	+3.394	+3.940	+3.601	+3.992	+3.990	+3.992	
rs2223296      -0.829	-0.862	-0.500	-0.702	-0.708	-0.706	-0.710	-0.755	-0.698	-0.686	-0.768	-0.669	-0.679	-0.778	-0.859	-0.761	-0.633	-0.965	-0.752	-0.744	-0.832	-0.628	-0.743	-0.612	-0.745	-0.642	-0.737	-0.864	-0.652	-0.747	-0.658	-0.801	-0.889	-0.786	-0.912	-0.820	-0.915	-0.918	-0.919	-0.920	-0.922	-0.950	-0.952	-1.059	-1.059	-1.057	-1.058	-1.058	-1.060	-1.061	-1.060	-1.064	-1.060	-1.061	-1.058	-1.068	-1.065	-1.070	-1.071	-1.070	-1.073	-1.069	-1.074	-0.963	-0.975	-0.968	-0.973	-0.962	-0.827	-0.176	-0.031	-0.024	+0.032	-0.027	-0.019	-0.032	-0.031	-0.045	-0.076	-0.014	-0.055	-0.016	-0.016	-0.011	-0.016	-0.014	-0.016	+0.001	-0.020	-0.032	-0.015	-0.023	+0.006	+0.016	+0.021	+0.014	-0.988	+0.017	+0.026	+4.084	+4.205	+4.203	+4.221	+4.194	+4.236	+4.223	+3.962	-0.411	+4.198	+4.235	+4.229	+4.226	+4.225	+3.781	+3.748	+3.819	+3.787	+3.787	+3.537	+3.873	+3.431	+3.873	+4.229	+4.250	+4.182	+3.862	+3.278	+4.264	+3.913	+4.218	+4.264	+3.841	+3.880	+3.864	+3.786	+3.783	+4.090	+4.108	+4.061	+3.657	+3.630	+3.970	+3.999	+3.999	+3.952	+3.809	+3.395	+3.947	+3.609	+3.999	+3.997	+3.999	
rs926323       -0.830	-0.863	-0.496	-0.703	-0.709	-0.707	-0.712	-0.758	-0.699	-0.687	-0.769	-0.670	-0.680	-0.778	-0.860	-0.762	-0.635	-0.964	-0.751	-0.743	-0.830	-0.632	-0.744	-0.745	-0.610	-0.644	-0.727	-0.860	-0.653	-0.746	-0.660	-0.794	-0.889	-0.785	-0.907	-0.814	-0.911	-0.913	-0.914	-0.916	-0.917	-0.947	-0.948	-1.057	-1.056	-1.054	-1.055	-1.055	-1.058	-1.058	-1.058	-1.061	-1.058	-1.059	-1.056	-1.066	-1.062	-1.068	-1.069	-1.067	-1.070	-1.067	-1.072	-0.961	-0.974	-0.967	-0.972	-0.960	-0.825	-0.176	-0.031	-0.024	+0.032	-0.027	-0.019	-0.032	-0.031	-0.045	-0.076	-0.014	-0.055	-0.016	-0.016	-0.011	-0.016	-0.014	-0.016	+0.001	-0.020	-0.032	-0.015	-0.023	+0.006	+0.016	+0.021	+0.014	-0.986	+0.017	+0.026	+4.082	+4.203	+4.201	+4.219	+4.191	+4.233	+4.221	+3.960	-0.409	+4.196	+4.233	+4.226	+4.224	+4.223	+3.778	+3.746	+3.816	+3.784	+3.784	+3.534	+3.870	+3.429	+3.871	+4.227	+4.248	+4.179	+3.860	+3.277	+4.262	+3.911	+4.216	+4.262	+3.838	+3.878	+3.861	+3.783	+3.781	+4.087	+4.106	+4.058	+3.654	+3.627	+3.968	+3.997	+3.997	+3.950	+3.807	+3.394	+3.945	+3.606	+3.997	+3.995	+3.997	
rs2142754      -0.387	-0.589	-0.075	-0.403	-0.403	-0.402	-0.402	-0.663	-0.388	-0.385	-0.652	-0.381	-0.384	-0.653	-0.617	-0.654	-0.363	-0.497	-0.643	-0.645	-0.651	-0.584	-0.648	-0.642	-0.644	-0.228	-0.617	-0.624	-0.344	-0.645	-0.348	-0.545	-0.607	-0.646	-0.649	-0.552	-0.652	-0.654	-0.654	-0.655	-0.657	-0.682	-0.683	-0.714	-0.714	-0.713	-0.714	-0.714	-0.716	-0.716	-0.716	-0.718	-0.716	-0.716	-0.715	-0.719	-0.717	-0.720	-0.720	-0.721	-0.720	-0.718	-0.719	-0.583	-0.596	-0.589	-0.594	-0.583	-0.487	+0.156	+0.309	+0.294	+0.347	+0.291	+0.298	+0.286	+0.287	+0.273	+0.245	+0.303	+0.264	+0.301	+0.301	+0.306	+0.301	+0.303	+0.301	+0.318	+0.298	+0.286	+0.302	+0.294	+0.322	+0.331	+0.336	+0.330	-0.623	+0.332	+0.341	+4.134	+4.250	+4.249	+4.266	+4.241	+4.280	+4.267	+4.008	-0.092	+4.243	+4.281	+4.275	+4.273	+4.272	+3.812	+3.780	+3.848	+3.818	+3.818	+3.587	+3.901	+3.474	+3.924	+4.276	+4.296	+4.229	+3.889	+3.328	+4.310	+3.939	+4.264	+4.309	+3.869	+3.908	+3.893	+3.820	+3.817	+4.143	+4.162	+4.118	+3.699	+3.674	+4.033	+4.061	+4.060	+4.015	+3.877	+3.559	+4.009	+3.655	+4.060	+4.059	+4.061	
rs9662701      -0.819	-0.847	-0.534	-0.682	-0.688	-0.686	-0.691	-0.712	-0.677	-0.664	-0.747	-0.646	-0.657	-0.764	-0.845	-0.730	-0.608	-0.976	-0.743	-0.722	-0.842	-0.585	-0.713	-0.737	-0.727	-0.617	-0.633	-0.897	-0.627	-0.724	-0.634	-0.867	-0.881	-0.780	-0.956	-0.877	-0.959	-0.961	-0.962	-0.963	-0.964	-0.984	-0.986	-1.082	-1.081	-1.080	-1.081	-1.081	-1.083	-1.083	-1.083	-1.086	-1.083	-1.084	-1.081	-1.090	-1.087	-1.092	-1.093	-1.092	-1.094	-1.091	-1.095	-0.976	-0.989	-0.982	-0.987	-0.975	-0.842	-0.172	-0.028	-0.021	+0.036	-0.025	-0.016	-0.030	-0.028	-0.042	-0.073	-0.011	-0.053	-0.013	-0.013	-0.008	-0.013	-0.011	-0.013	+0.004	-0.017	-0.029	-0.012	-0.020	+0.009	+0.019	+0.024	+0.018	-1.007	+0.020	+0.029	+4.116	+4.237	+4.236	+4.253	+4.226	+4.268	+4.256	+3.993	-0.427	+4.230	+4.267	+4.261	+4.258	+4.258	+3.815	+3.782	+3.853	+3.821	+3.821	+3.569	+3.908	+3.462	+3.903	+4.261	+4.283	+4.214	+3.897	+3.303	+4.297	+3.948	+4.250	+4.296	+3.876	+3.915	+3.899	+3.820	+3.817	+4.121	+4.139	+4.091	+3.689	+3.662	+4.000	+4.029	+4.029	+3.982	+3.839	+3.401	+3.977	+3.641	+4.029	+4.027	+4.029	
rs2207029      -0.820	-0.855	-0.549	-0.681	-0.688	-0.685	-0.690	-0.803	-0.676	-0.663	-0.839	-0.645	-0.656	-0.846	-0.857	-0.830	-0.607	-0.983	-0.864	-0.858	-0.900	-0.618	-0.852	-0.864	-0.860	-0.624	-0.897	-0.645	-0.634	-0.857	-0.641	-0.770	-0.902	-0.869	-1.007	-0.853	-1.009	-1.010	-1.010	-1.011	-1.012	-1.024	-1.024	-1.097	-1.096	-1.095	-1.096	-1.096	-1.098	-1.098	-1.098	-1.101	-1.098	-1.099	-1.097	-1.104	-1.101	-1.106	-1.106	-1.106	-1.107	-1.104	-1.108	-0.982	-0.996	-0.989	-0.994	-0.982	-0.850	-0.168	-0.025	-0.018	+0.040	-0.021	-0.012	-0.026	-0.024	-0.039	-0.070	-0.007	-0.049	-0.010	-0.009	-0.004	-0.010	-0.008	-0.009	+0.008	-0.013	-0.025	-0.009	-0.016	+0.013	+0.023	+0.028	+0.022	-1.016	+0.024	+0.033	+4.125	+4.247	+4.245	+4.263	+4.235	+4.278	+4.266	+4.048	-0.433	+4.240	+4.277	+4.271	+4.268	+4.268	+3.826	+3.794	+3.865	+3.833	+3.833	+3.580	+3.919	+3.517	+3.956	+4.271	+4.293	+4.224	+3.909	+3.316	+4.307	+3.960	+4.261	+4.306	+3.887	+3.927	+3.910	+3.831	+3.829	+4.131	+4.149	+4.101	+3.701	+3.673	+4.009	+4.039	+4.039	+3.991	+3.848	+3.402	+3.987	+3.652	+4.039	+4.037	+4.039	
rs16851232     -0.404	-0.598	-0.084	-0.411	-0.412	-0.411	-0.411	-0.672	-0.397	-0.394	-0.661	-0.389	-0.392	-0.662	-0.626	-0.664	-0.368	-0.508	-0.653	-0.654	-0.660	-0.590	-0.657	-0.652	-0.653	-0.344	-0.627	-0.634	-0.236	-0.654	-0.350	-0.556	-0.615	-0.655	-0.658	-0.561	-0.661	-0.663	-0.663	-0.664	-0.665	-0.691	-0.691	-0.722	-0.722	-0.721	-0.722	-0.722	-0.723	-0.723	-0.723	-0.726	-0.723	-0.724	-0.723	-0.727	-0.724	-0.728	-0.728	-0.728	-0.727	-0.726	-0.727	-0.591	-0.604	-0.596	-0.602	-0.590	-0.494	+0.150	+0.302	+0.287	+0.341	+0.284	+0.292	+0.279	+0.280	+0.267	+0.238	+0.297	+0.257	+0.295	+0.295	+0.299	+0.295	+0.296	+0.294	+0.311	+0.291	+0.279	+0.295	+0.287	+0.315	+0.324	+0.330	+0.323	-0.630	+0.325	+0.334	+4.131	+4.247	+4.245	+4.263	+4.238	+4.277	+4.264	+4.005	-0.099	+4.240	+4.278	+4.272	+4.270	+4.269	+3.809	+3.777	+3.845	+3.815	+3.815	+3.584	+3.898	+3.471	+3.921	+4.273	+4.293	+4.226	+3.886	+3.326	+4.307	+3.936	+4.261	+4.306	+3.866	+3.905	+3.890	+3.817	+3.814	+4.140	+4.158	+4.114	+3.696	+3.671	+4.029	+4.057	+4.057	+4.012	+3.873	+3.554	+4.006	+3.652	+4.057	+4.055	+4.057	
rs10737322     -0.830	-0.863	-0.493	-0.704	-0.710	-0.708	-0.712	-0.761	-0.700	-0.688	-0.771	-0.671	-0.681	-0.780	-0.860	-0.765	-0.636	-0.962	-0.752	-0.746	-0.829	-0.635	-0.747	-0.747	-0.746	-0.645	-0.724	-0.857	-0.654	-0.608	-0.660	-0.784	-0.888	-0.779	-0.901	-0.807	-0.905	-0.908	-0.909	-0.910	-0.912	-0.942	-0.944	-1.054	-1.054	-1.052	-1.053	-1.053	-1.055	-1.056	-1.055	-1.059	-1.055	-1.056	-1.053	-1.063	-1.060	-1.065	-1.066	-1.065	-1.068	-1.064	-1.070	-0.959	-0.972	-0.965	-0.970	-0.959	-0.823	-0.176	-0.030	-0.024	+0.032	-0.027	-0.018	-0.032	-0.030	-0.044	-0.075	-0.013	-0.055	-0.016	-0.015	-0.010	-0.016	-0.014	-0.015	+0.001	-0.019	-0.031	-0.015	-0.022	+0.006	+0.016	+0.021	+0.015	-0.984	+0.017	+0.026	+4.081	+4.202	+4.200	+4.218	+4.190	+4.232	+4.220	+3.960	-0.407	+4.194	+4.231	+4.225	+4.206	+4.222	+3.777	+3.745	+3.815	+3.783	+3.783	+3.533	+3.869	+3.428	+3.870	+4.226	+4.247	+4.178	+3.859	+3.276	+4.261	+3.909	+4.215	+4.261	+3.837	+3.876	+3.860	+3.782	+3.779	+4.086	+4.104	+4.057	+3.653	+3.626	+3.966	+3.996	+3.996	+3.948	+3.806	+3.395	+3.944	+3.605	+3.996	+3.994	+3.996	
rs10913337     -0.412	-0.604	-0.090	-0.415	-0.416	-0.415	-0.415	-0.678	-0.401	-0.397	-0.667	-0.391	-0.395	-0.668	-0.631	-0.670	-0.370	-0.515	-0.659	-0.660	-0.666	-0.594	-0.663	-0.658	-0.660	-0.348	-0.634	-0.641	-0.350	-0.660	-0.241	-0.563	-0.621	-0.661	-0.664	-0.568	-0.667	-0.669	-0.669	-0.670	-0.671	-0.696	-0.697	-0.727	-0.727	-0.726	-0.727	-0.727	-0.728	-0.728	-0.728	-0.731	-0.728	-0.729	-0.728	-0.732	-0.729	-0.733	-0.733	-0.733	-0.732	-0.731	-0.732	-0.596	-0.609	-0.602	-0.607	-0.595	-0.499	+0.145	+0.297	+0.283	+0.337	+0.280	+0.288	+0.275	+0.276	+0.262	+0.234	+0.293	+0.253	+0.290	+0.291	+0.295	+0.290	+0.292	+0.290	+0.307	+0.287	+0.275	+0.291	+0.283	+0.311	+0.320	+0.325	+0.319	-0.635	+0.321	+0.330	+4.129	+4.245	+4.243	+4.261	+4.235	+4.275	+4.262	+4.003	-0.104	+4.237	+4.276	+4.270	+4.267	+4.267	+3.806	+3.774	+3.843	+3.813	+3.813	+3.582	+3.896	+3.469	+3.919	+4.270	+4.291	+4.224	+3.884	+3.324	+4.304	+3.934	+4.259	+4.304	+3.864	+3.903	+3.887	+3.814	+3.812	+4.138	+4.156	+4.112	+3.694	+3.669	+4.027	+4.055	+4.055	+4.010	+3.871	+3.551	+4.004	+3.649	+4.055	+4.053	+4.055	
rs7551092      -0.766	-0.791	-0.600	-0.608	-0.615	-0.613	-0.618	-0.701	-0.602	-0.588	-0.760	-0.568	-0.580	-0.771	-0.785	-0.745	-0.525	-0.974	-0.801	-0.790	-0.857	-0.499	-0.781	-0.801	-0.794	-0.545	-0.867	-0.770	-0.556	-0.784	-0.563	-0.663	-0.841	-0.796	-1.047	-0.937	-1.048	-1.048	-1.049	-1.049	-1.049	-1.046	-1.046	-1.118	-1.118	-1.116	-1.117	-1.117	-1.119	-1.119	-1.119	-1.122	-1.119	-1.119	-1.118	-1.124	-1.121	-1.125	-1.125	-1.126	-1.125	-1.123	-1.125	-0.983	-0.998	-0.991	-0.996	-0.983	-0.857	-0.130	+0.009	+0.017	+0.076	+0.014	+0.023	+0.009	+0.011	-0.004	-0.036	+0.029	-0.015	+0.026	+0.026	+0.031	+0.026	+0.028	+0.026	+0.043	+0.022	+0.010	+0.027	+0.019	+0.049	+0.059	+0.064	+0.058	-1.033	+0.061	+0.070	+4.228	+4.352	+4.350	+4.368	+4.339	+4.383	+4.371	+4.184	-0.440	+4.345	+4.382	+4.376	+4.373	+4.373	+3.938	+3.906	+3.978	+3.945	+3.945	+3.687	+4.032	+3.655	+4.090	+4.376	+4.398	+4.329	+4.022	+3.410	+4.412	+4.074	+4.366	+4.412	+4.000	+4.040	+4.023	+3.943	+3.940	+4.234	+4.252	+4.203	+3.809	+3.781	+4.109	+4.139	+4.139	+4.090	+3.946	+3.447	+4.086	+3.760	+4.139	+4.137	+4.139	
rs10913340     -0.788	-0.902	-0.423	-0.667	-0.673	-0.671	-0.675	-0.892	-0.663	-0.651	-0.894	-0.634	-0.644	-0.895	-0.711	-0.893	-0.599	-0.903	-0.890	-0.889	-0.890	-0.754	-0.890	-0.889	-0.889	-0.607	-0.881	-0.902	-0.615	-0.888	-0.621	-0.841	-0.546	-0.883	-0.903	-0.806	-0.906	-0.908	-0.909	-0.910	-0.911	-0.938	-0.939	-1.006	-1.005	-1.003	-1.004	-1.004	-1.007	-1.007	-1.007	-1.009	-1.007	-1.007	-1.005	-1.013	-1.010	-1.015	-1.016	-1.015	-1.017	-1.014	-1.019	-0.903	-0.915	-0.908	-0.913	-0.902	-0.777	-0.145	-0.001	+0.003	+0.057	-0.000	+0.007	-0.005	-0.004	-0.018	-0.047	+0.013	-0.028	+0.010	+0.011	+0.015	+0.010	+0.012	+0.010	+0.027	+0.007	-0.005	+0.011	+0.004	+0.032	+0.041	+0.046	+0.040	-0.929	+0.042	+0.051	+4.040	+4.159	+4.157	+4.175	+4.149	+4.189	+4.177	+3.916	-0.345	+4.152	+4.189	+4.183	+4.180	+4.180	+3.721	+3.688	+3.758	+3.727	+3.727	+3.483	+3.812	+3.379	+3.829	+4.183	+4.204	+4.136	+3.801	+3.250	+4.218	+3.851	+4.172	+4.218	+3.780	+3.819	+3.803	+3.727	+3.724	+4.046	+4.064	+4.018	+3.601	+3.575	+3.929	+3.958	+3.958	+3.911	+3.770	+3.409	+3.906	+3.555	+3.958	+3.956	+3.958	
rs6676131      -0.829	-0.865	-0.490	-0.705	-0.711	-0.709	-0.713	-0.785	-0.701	-0.689	-0.797	-0.672	-0.682	-0.803	-0.865	-0.792	-0.637	-0.961	-0.788	-0.785	-0.842	-0.645	-0.784	-0.786	-0.785	-0.646	-0.780	-0.869	-0.655	-0.779	-0.661	-0.796	-0.883	-0.606	-0.895	-0.800	-0.899	-0.901	-0.902	-0.903	-0.905	-0.936	-0.938	-1.052	-1.051	-1.049	-1.051	-1.051	-1.053	-1.054	-1.053	-1.056	-1.053	-1.054	-1.051	-1.061	-1.058	-1.063	-1.064	-1.063	-1.066	-1.062	-1.068	-0.957	-0.970	-0.963	-0.968	-0.957	-0.821	-0.173	-0.027	-0.020	+0.036	-0.023	-0.015	-0.028	-0.027	-0.041	-0.072	-0.010	-0.051	-0.012	-0.012	-0.007	-0.012	-0.010	-0.012	+0.005	-0.016	-0.028	-0.011	-0.019	+0.010	+0.020	+0.025	+0.019	-0.982	+0.021	+0.030	+4.099	+4.220	+4.218	+4.236	+4.208	+4.250	+4.238	+3.973	-0.408	+4.213	+4.250	+4.244	+4.241	+4.240	+3.781	+3.749	+3.820	+3.788	+3.788	+3.537	+3.874	+3.429	+3.883	+4.244	+4.265	+4.196	+3.863	+3.280	+4.280	+3.914	+4.233	+4.279	+3.842	+3.881	+3.865	+3.786	+3.784	+4.104	+4.122	+4.074	+3.657	+3.630	+3.983	+4.013	+4.012	+3.965	+3.822	+3.400	+3.960	+3.609	+4.013	+4.011	+4.013	
rs1040579      -0.838	-0.881	-0.615	-0.707	-0.713	-0.711	-0.716	-0.857	-0.703	-0.691	-0.897	-0.675	-0.685	-0.903	-0.867	-0.888	-0.639	-0.933	-0.912	-0.905	-0.939	-0.671	-0.898	-0.912	-0.907	-0.649	-0.956	-1.007	-0.658	-0.901	-0.664	-1.047	-0.903	-0.895	-0.659	-0.816	-0.795	-0.795	-0.796	-0.795	-0.794	-0.751	-0.767	-1.102	-1.103	-1.102	-1.102	-1.103	-1.104	-1.104	-1.104	-1.108	-1.104	-1.105	-1.104	-1.109	-1.106	-1.110	-1.111	-1.111	-1.111	-1.108	-1.110	-0.961	-0.977	-0.969	-0.975	-0.961	-0.844	-0.074	+0.064	+0.072	+0.133	+0.068	+0.078	+0.063	+0.065	+0.049	+0.016	+0.084	+0.038	+0.080	+0.081	+0.087	+0.080	+0.083	+0.081	+0.099	+0.077	+0.064	+0.082	+0.073	+0.105	+0.115	+0.121	+0.114	-1.029	+0.117	+0.127	+4.088	+4.207	+4.206	+4.223	+4.196	+4.238	+4.225	+3.998	-0.428	+4.200	+4.238	+4.232	+4.229	+4.228	+3.784	+3.751	+3.821	+3.790	+3.790	+3.540	+3.875	+3.470	+3.909	+4.232	+4.253	+4.185	+3.864	+3.276	+4.267	+3.915	+4.221	+4.267	+3.843	+3.882	+3.866	+3.789	+3.787	+4.094	+4.112	+4.065	+3.662	+3.635	+3.975	+4.004	+4.004	+3.958	+3.816	+3.398	+3.952	+3.614	+4.004	+4.003	+4.004	
rs6673896      -0.749	-0.783	-0.615	-0.607	-0.614	-0.611	-0.616	-0.741	-0.603	-0.590	-0.790	-0.572	-0.583	-0.798	-0.755	-0.779	-0.534	-0.839	-0.820	-0.811	-0.853	-0.554	-0.803	-0.820	-0.814	-0.552	-0.877	-0.853	-0.561	-0.807	-0.568	-0.937	-0.806	-0.800	-0.816	-0.622	-0.812	-0.808	-0.807	-0.805	-0.802	-0.735	-0.736	-1.071	-1.072	-1.072	-1.072	-1.073	-1.073	-1.073	-1.073	-1.077	-1.074	-1.074	-1.074	-1.076	-1.073	-1.077	-1.076	-1.078	-1.075	-1.072	-1.072	-0.894	-0.913	-0.905	-0.912	-0.895	-0.788	+0.060	+0.193	+0.202	+0.265	+0.198	+0.209	+0.193	+0.195	+0.178	+0.144	+0.214	+0.166	+0.211	+0.211	+0.217	+0.211	+0.213	+0.212	+0.230	+0.207	+0.193	+0.212	+0.203	+0.236	+0.247	+0.253	+0.246	-0.997	+0.249	+0.259	+4.199	+4.320	+4.318	+4.336	+4.307	+4.351	+4.338	+4.210	-0.425	+4.313	+4.350	+4.344	+4.342	+4.341	+3.906	+3.873	+3.944	+3.912	+3.912	+3.657	+3.998	+3.685	+4.119	+4.345	+4.366	+4.297	+3.988	+3.374	+4.380	+4.038	+4.334	+4.380	+3.966	+4.006	+3.989	+3.911	+3.908	+4.205	+4.223	+4.176	+3.782	+3.754	+4.085	+4.114	+4.114	+4.067	+3.924	+3.432	+4.062	+3.733	+4.114	+4.112	+4.114	
