## Summary of overall evidence for association with region:
## log10(BF for region) = -0.503588
## p-value for region = NA

## BFs for choosing among multi-SNP models:
## log10(average 1-SNP BF) = -0.431804
## log10(average 2-SNP BF) = -0.697047

## Example posterior probabilities for multi-SNP models, based on default prior: [p(l) propto 0.5^l for l=1,2,...,L]
## posterior probability of 1-SNP = 0.786489
## posterior probability of 2-SNP = 0.213511

## log10(BF) for single SNP and pair of SNPs:
rs7185203      -0.509	-0.834	-0.834	-0.791	-0.837	-0.824	-0.910	-0.438	-0.901	-0.560	-0.459	-0.468	-0.642	-1.011	-1.012	-1.003	-1.009	-1.003	-1.011	-1.010	-1.000	-0.978	-0.940	-0.946	-0.902	-0.922	-0.923	-0.951	-0.950	-0.721	-0.887	-0.890	-0.817	-0.905	-0.905	-0.916	-0.921	-0.919	-0.918	-0.843	-0.884	-0.885	-0.876	-0.871	-0.897	-0.897	-0.898	-0.898	-0.898	-0.926	-0.898	-0.896	-0.904	-0.899	-0.902	-0.847	-0.856	-0.856	-0.644	-0.664	-0.659	-0.640	-0.651	-0.601	-0.637	-0.713	-0.713	-0.771	-0.699	-0.671	-0.639	-0.738	-0.467	-0.733	-0.639	-0.946	-0.939	-0.835	-0.954	-0.975	-0.752	-0.950	-0.968	-0.961	-0.973	-0.744	-0.968	-0.967	-0.744	-0.977	-0.962	-0.753	-0.754	-0.761	-0.756	-0.715	-0.872	-0.870	-0.748	-0.871	-0.869	-0.868	-0.866	-0.873	-0.869	-0.747	-0.761	-0.909	-0.631	-0.778	-0.900	-0.893	-0.905	
rs6564898      -0.834	-0.413	-0.553	-0.580	-0.739	-0.598	-0.748	-0.082	-0.744	-0.309	-0.143	-0.187	-0.469	-0.857	-0.868	-0.826	-0.859	-0.813	-0.872	-0.862	-0.838	-0.787	-0.719	-0.855	-0.815	-0.834	-0.835	-0.860	-0.859	-0.616	-0.802	-0.804	-0.733	-0.814	-0.814	-0.827	-0.830	-0.829	-0.828	-0.733	-0.796	-0.797	-0.789	-0.782	-0.805	-0.805	-0.806	-0.807	-0.807	-0.836	-0.808	-0.806	-0.812	-0.809	-0.811	-0.759	-0.768	-0.768	-0.555	-0.575	-0.568	-0.551	-0.561	-0.512	-0.549	-0.625	-0.627	-0.688	-0.614	-0.586	-0.555	-0.657	-0.376	-0.652	-0.560	-0.856	-0.848	-0.742	-0.858	-0.881	-0.662	-0.853	-0.873	-0.866	-0.878	-0.653	-0.873	-0.872	-0.652	-0.886	-0.867	-0.662	-0.663	-0.669	-0.664	-0.624	-0.782	-0.779	-0.657	-0.780	-0.778	-0.778	-0.776	-0.782	-0.778	-0.657	-0.670	-0.817	-0.545	-0.686	-0.801	-0.798	-0.807	
rs6564899      -0.834	-0.553	-0.413	-0.579	-0.739	-0.597	-0.748	-0.080	-0.743	-0.307	-0.140	-0.183	-0.467	-0.856	-0.867	-0.825	-0.858	-0.811	-0.871	-0.862	-0.837	-0.786	-0.717	-0.855	-0.815	-0.834	-0.835	-0.860	-0.859	-0.616	-0.802	-0.804	-0.733	-0.814	-0.814	-0.826	-0.830	-0.829	-0.828	-0.733	-0.796	-0.797	-0.789	-0.782	-0.805	-0.805	-0.806	-0.807	-0.807	-0.836	-0.808	-0.806	-0.812	-0.809	-0.811	-0.759	-0.768	-0.768	-0.556	-0.575	-0.568	-0.551	-0.562	-0.512	-0.549	-0.625	-0.627	-0.688	-0.614	-0.586	-0.555	-0.657	-0.375	-0.652	-0.560	-0.856	-0.848	-0.742	-0.858	-0.881	-0.662	-0.854	-0.873	-0.866	-0.878	-0.653	-0.873	-0.872	-0.652	-0.886	-0.867	-0.662	-0.662	-0.669	-0.664	-0.624	-0.781	-0.779	-0.657	-0.780	-0.778	-0.778	-0.776	-0.782	-0.778	-0.657	-0.670	-0.817	-0.546	-0.686	-0.801	-0.798	-0.807	
rs7192328      -0.791	-0.580	-0.579	-0.359	-0.711	-0.558	-0.692	-0.151	-0.710	-0.343	-0.200	-0.233	-0.476	-0.795	-0.808	-0.775	-0.809	-0.762	-0.813	-0.802	-0.776	-0.721	-0.629	-0.805	-0.767	-0.786	-0.786	-0.809	-0.807	-0.563	-0.753	-0.755	-0.683	-0.762	-0.762	-0.776	-0.778	-0.777	-0.777	-0.675	-0.746	-0.747	-0.739	-0.732	-0.753	-0.754	-0.754	-0.756	-0.756	-0.785	-0.757	-0.755	-0.760	-0.758	-0.760	-0.709	-0.717	-0.717	-0.505	-0.525	-0.517	-0.501	-0.511	-0.462	-0.498	-0.575	-0.577	-0.638	-0.564	-0.537	-0.506	-0.608	-0.329	-0.603	-0.512	-0.804	-0.796	-0.689	-0.807	-0.830	-0.608	-0.803	-0.822	-0.815	-0.827	-0.599	-0.822	-0.821	-0.599	-0.835	-0.816	-0.608	-0.609	-0.616	-0.610	-0.569	-0.730	-0.727	-0.603	-0.728	-0.726	-0.726	-0.724	-0.731	-0.727	-0.603	-0.617	-0.765	-0.493	-0.633	-0.752	-0.748	-0.758	
rs12716918     -0.837	-0.739	-0.739	-0.711	-0.415	-0.736	-0.827	-0.374	-0.821	-0.502	-0.399	-0.413	-0.588	-0.734	-0.757	-0.699	-0.750	-0.681	-0.780	-0.748	-0.704	-0.634	-0.759	-0.854	-0.806	-0.827	-0.828	-0.860	-0.860	-0.624	-0.794	-0.798	-0.723	-0.815	-0.815	-0.825	-0.831	-0.829	-0.827	-0.751	-0.791	-0.792	-0.782	-0.778	-0.806	-0.806	-0.807	-0.809	-0.809	-0.837	-0.810	-0.808	-0.813	-0.811	-0.813	-0.763	-0.771	-0.771	-0.564	-0.583	-0.577	-0.559	-0.570	-0.520	-0.556	-0.632	-0.631	-0.692	-0.617	-0.590	-0.559	-0.661	-0.367	-0.656	-0.564	-0.857	-0.849	-0.745	-0.861	-0.884	-0.662	-0.857	-0.876	-0.868	-0.881	-0.653	-0.875	-0.874	-0.653	-0.887	-0.870	-0.663	-0.663	-0.670	-0.665	-0.624	-0.783	-0.780	-0.657	-0.781	-0.779	-0.779	-0.777	-0.784	-0.780	-0.657	-0.670	-0.819	-0.543	-0.686	-0.807	-0.803	-0.813	
rs7203914      -0.824	-0.598	-0.597	-0.558	-0.736	-0.400	-0.719	+0.032	-0.736	-0.244	-0.050	-0.108	-0.434	-0.832	-0.844	-0.812	-0.846	-0.799	-0.849	-0.839	-0.812	-0.757	-0.689	-0.843	-0.803	-0.822	-0.823	-0.847	-0.846	-0.603	-0.789	-0.792	-0.720	-0.800	-0.800	-0.814	-0.817	-0.816	-0.815	-0.718	-0.784	-0.784	-0.776	-0.770	-0.792	-0.792	-0.793	-0.794	-0.794	-0.823	-0.795	-0.793	-0.799	-0.796	-0.798	-0.747	-0.755	-0.755	-0.544	-0.564	-0.557	-0.540	-0.550	-0.501	-0.538	-0.614	-0.616	-0.677	-0.603	-0.575	-0.544	-0.646	-0.366	-0.641	-0.550	-0.843	-0.835	-0.729	-0.845	-0.868	-0.649	-0.840	-0.860	-0.853	-0.865	-0.639	-0.860	-0.859	-0.639	-0.873	-0.854	-0.649	-0.649	-0.656	-0.651	-0.610	-0.769	-0.766	-0.644	-0.767	-0.765	-0.765	-0.763	-0.769	-0.765	-0.644	-0.657	-0.804	-0.533	-0.673	-0.788	-0.786	-0.794	
rs4888158      -0.910	-0.748	-0.748	-0.692	-0.827	-0.719	-0.509	-0.177	-0.752	-0.368	-0.217	-0.247	-0.509	-0.930	-0.942	-0.891	-0.928	-0.899	-0.927	-0.933	-0.907	-0.849	-0.721	-0.946	-0.905	-0.925	-0.925	-0.951	-0.949	-0.713	-0.893	-0.895	-0.824	-0.904	-0.904	-0.917	-0.920	-0.919	-0.918	-0.819	-0.887	-0.888	-0.880	-0.873	-0.896	-0.896	-0.897	-0.898	-0.898	-0.926	-0.898	-0.896	-0.903	-0.899	-0.902	-0.849	-0.857	-0.857	-0.643	-0.663	-0.657	-0.639	-0.649	-0.600	-0.637	-0.714	-0.716	-0.776	-0.702	-0.674	-0.642	-0.744	-0.469	-0.739	-0.647	-0.947	-0.938	-0.834	-0.950	-0.973	-0.753	-0.946	-0.965	-0.958	-0.970	-0.744	-0.965	-0.964	-0.744	-0.977	-0.959	-0.753	-0.754	-0.761	-0.755	-0.715	-0.873	-0.870	-0.748	-0.871	-0.869	-0.869	-0.867	-0.873	-0.869	-0.748	-0.761	-0.908	-0.634	-0.777	-0.894	-0.891	-0.900	
rs9926468      -0.438	-0.082	-0.080	-0.151	-0.374	+0.032	-0.177	+0.040	-0.229	-0.102	-0.076	-0.140	-0.138	-0.348	-0.368	-0.318	-0.373	-0.296	-0.386	-0.369	-0.332	-0.256	-0.172	-0.425	-0.389	-0.408	-0.408	-0.430	-0.427	-0.170	-0.375	-0.377	-0.306	-0.381	-0.381	-0.396	-0.398	-0.397	-0.397	-0.286	-0.367	-0.368	-0.360	-0.353	-0.372	-0.372	-0.372	-0.376	-0.376	-0.406	-0.377	-0.376	-0.378	-0.378	-0.379	-0.334	-0.342	-0.342	-0.134	-0.153	-0.144	-0.129	-0.140	-0.091	-0.128	-0.203	-0.204	-0.267	-0.192	-0.165	-0.136	-0.239	+0.049	-0.234	-0.143	-0.425	-0.416	-0.306	-0.422	-0.447	-0.225	-0.417	-0.438	-0.430	-0.444	-0.216	-0.438	-0.437	-0.216	-0.455	-0.432	-0.225	-0.226	-0.233	-0.227	-0.186	-0.349	-0.347	-0.221	-0.348	-0.346	-0.345	-0.344	-0.350	-0.346	-0.221	-0.235	-0.384	-0.114	-0.251	-0.363	-0.363	-0.370	
rs9936936      -0.901	-0.744	-0.743	-0.710	-0.821	-0.736	-0.752	-0.229	-0.497	-0.401	-0.259	-0.257	-0.528	-0.909	-0.923	-0.873	-0.911	-0.856	-0.924	-0.913	-0.886	-0.825	-0.731	-0.935	-0.893	-0.913	-0.914	-0.940	-0.938	-0.700	-0.882	-0.884	-0.813	-0.893	-0.893	-0.906	-0.909	-0.908	-0.907	-0.807	-0.876	-0.877	-0.869	-0.862	-0.885	-0.885	-0.886	-0.886	-0.886	-0.915	-0.887	-0.885	-0.892	-0.888	-0.891	-0.837	-0.845	-0.845	-0.632	-0.652	-0.645	-0.627	-0.638	-0.589	-0.626	-0.703	-0.703	-0.764	-0.690	-0.661	-0.630	-0.732	-0.458	-0.727	-0.635	-0.936	-0.927	-0.822	-0.938	-0.961	-0.742	-0.934	-0.953	-0.946	-0.959	-0.733	-0.953	-0.952	-0.733	-0.966	-0.947	-0.742	-0.743	-0.750	-0.744	-0.704	-0.861	-0.859	-0.737	-0.860	-0.858	-0.857	-0.856	-0.862	-0.858	-0.737	-0.750	-0.897	-0.624	-0.766	-0.881	-0.879	-0.887	
rs9927231      -0.560	-0.309	-0.307	-0.343	-0.502	-0.244	-0.368	-0.102	-0.401	-0.094	-0.125	-0.174	-0.279	-0.491	-0.510	-0.464	-0.514	-0.443	-0.523	-0.508	-0.473	-0.402	-0.327	-0.552	-0.516	-0.534	-0.535	-0.557	-0.554	-0.301	-0.501	-0.503	-0.432	-0.509	-0.509	-0.523	-0.525	-0.525	-0.524	-0.417	-0.494	-0.494	-0.486	-0.480	-0.500	-0.500	-0.500	-0.503	-0.503	-0.533	-0.504	-0.502	-0.506	-0.505	-0.507	-0.459	-0.466	-0.466	-0.256	-0.275	-0.266	-0.251	-0.262	-0.213	-0.249	-0.325	-0.328	-0.390	-0.315	-0.288	-0.258	-0.361	-0.078	-0.356	-0.265	-0.553	-0.543	-0.435	-0.549	-0.575	-0.355	-0.545	-0.566	-0.558	-0.571	-0.345	-0.565	-0.564	-0.345	-0.582	-0.559	-0.355	-0.355	-0.362	-0.356	-0.316	-0.477	-0.474	-0.350	-0.475	-0.473	-0.473	-0.471	-0.478	-0.474	-0.350	-0.364	-0.511	-0.242	-0.380	-0.491	-0.491	-0.498	
rs9931524      -0.459	-0.143	-0.140	-0.200	-0.399	-0.050	-0.217	-0.076	-0.259	-0.125	+0.017	-0.150	-0.158	-0.372	-0.392	-0.343	-0.397	-0.319	-0.409	-0.393	-0.356	-0.281	-0.200	-0.448	-0.412	-0.430	-0.431	-0.452	-0.449	-0.193	-0.397	-0.399	-0.328	-0.403	-0.403	-0.418	-0.420	-0.420	-0.419	-0.309	-0.389	-0.390	-0.382	-0.375	-0.394	-0.394	-0.394	-0.398	-0.398	-0.428	-0.399	-0.398	-0.400	-0.400	-0.402	-0.356	-0.364	-0.364	-0.156	-0.176	-0.166	-0.152	-0.162	-0.113	-0.150	-0.225	-0.227	-0.289	-0.214	-0.188	-0.158	-0.261	+0.026	-0.256	-0.165	-0.448	-0.438	-0.329	-0.444	-0.470	-0.248	-0.439	-0.460	-0.452	-0.466	-0.239	-0.460	-0.459	-0.239	-0.478	-0.454	-0.248	-0.249	-0.256	-0.250	-0.209	-0.372	-0.369	-0.244	-0.370	-0.368	-0.368	-0.366	-0.372	-0.368	-0.244	-0.258	-0.406	-0.137	-0.274	-0.385	-0.385	-0.392	
rs6564901      -0.468	-0.187	-0.183	-0.233	-0.413	-0.108	-0.247	-0.140	-0.257	-0.174	-0.150	+0.006	-0.128	-0.375	-0.396	-0.347	-0.402	-0.322	-0.413	-0.396	-0.358	-0.281	-0.203	-0.457	-0.423	-0.441	-0.441	-0.461	-0.458	-0.202	-0.407	-0.409	-0.337	-0.413	-0.413	-0.428	-0.429	-0.429	-0.429	-0.316	-0.399	-0.399	-0.392	-0.385	-0.404	-0.404	-0.404	-0.408	-0.408	-0.438	-0.409	-0.407	-0.410	-0.410	-0.411	-0.365	-0.372	-0.372	-0.163	-0.183	-0.173	-0.159	-0.169	-0.120	-0.157	-0.233	-0.233	-0.296	-0.220	-0.193	-0.163	-0.267	+0.014	-0.262	-0.170	-0.458	-0.448	-0.339	-0.452	-0.478	-0.258	-0.447	-0.469	-0.461	-0.474	-0.249	-0.469	-0.467	-0.249	-0.487	-0.462	-0.258	-0.259	-0.266	-0.260	-0.219	-0.381	-0.379	-0.254	-0.380	-0.378	-0.377	-0.376	-0.382	-0.378	-0.254	-0.267	-0.416	-0.146	-0.283	-0.393	-0.393	-0.399	
rs4889354      -0.642	-0.469	-0.467	-0.476	-0.588	-0.434	-0.509	-0.138	-0.528	-0.279	-0.158	-0.128	-0.185	-0.581	-0.599	-0.554	-0.603	-0.533	-0.611	-0.596	-0.561	-0.491	-0.428	-0.639	-0.601	-0.620	-0.621	-0.644	-0.641	-0.393	-0.587	-0.589	-0.517	-0.596	-0.596	-0.610	-0.612	-0.612	-0.611	-0.508	-0.580	-0.580	-0.572	-0.566	-0.587	-0.587	-0.587	-0.590	-0.590	-0.620	-0.591	-0.589	-0.593	-0.592	-0.594	-0.546	-0.554	-0.554	-0.345	-0.364	-0.356	-0.340	-0.351	-0.302	-0.338	-0.414	-0.414	-0.476	-0.401	-0.374	-0.344	-0.447	-0.162	-0.442	-0.351	-0.641	-0.631	-0.525	-0.635	-0.661	-0.445	-0.631	-0.652	-0.644	-0.658	-0.435	-0.652	-0.651	-0.435	-0.669	-0.646	-0.444	-0.445	-0.452	-0.446	-0.406	-0.564	-0.562	-0.440	-0.563	-0.561	-0.561	-0.559	-0.565	-0.561	-0.440	-0.453	-0.598	-0.330	-0.469	-0.579	-0.579	-0.585	
rs7187703      -1.011	-0.857	-0.856	-0.795	-0.734	-0.832	-0.930	-0.348	-0.909	-0.491	-0.372	-0.375	-0.581	-0.658	-0.809	-0.899	-0.902	-0.881	-0.954	-0.925	-0.907	-0.851	-1.068	-1.086	-1.040	-1.061	-1.062	-1.091	-1.091	-0.869	-1.027	-1.030	-0.956	-1.047	-1.047	-1.057	-1.063	-1.061	-1.059	-0.987	-1.024	-1.025	-1.016	-1.010	-1.039	-1.039	-1.040	-1.039	-1.039	-1.067	-1.040	-1.037	-1.046	-1.041	-1.043	-0.988	-0.996	-0.996	-0.780	-0.800	-0.796	-0.775	-0.786	-0.736	-0.773	-0.851	-0.853	-0.912	-0.839	-0.810	-0.778	-0.878	-0.603	-0.873	-0.780	-1.089	-1.082	-0.982	-1.096	-1.117	-0.899	-1.093	-1.111	-1.104	-1.115	-0.890	-1.110	-1.109	-0.890	-1.119	-1.105	-0.899	-0.900	-0.906	-0.901	-0.861	-1.015	-1.012	-0.893	-1.013	-1.012	-1.011	-1.009	-1.016	-1.012	-0.893	-0.906	-1.051	-0.775	-0.922	-1.043	-1.038	-1.049	
rs7197860      -1.012	-0.868	-0.867	-0.808	-0.757	-0.844	-0.942	-0.368	-0.923	-0.510	-0.392	-0.396	-0.599	-0.809	-0.656	-0.892	-0.908	-0.872	-0.953	-0.918	-0.894	-0.828	-1.064	-1.085	-1.039	-1.060	-1.060	-1.090	-1.090	-0.868	-1.025	-1.029	-0.954	-1.046	-1.046	-1.056	-1.062	-1.060	-1.058	-0.986	-1.023	-1.024	-1.014	-1.009	-1.038	-1.038	-1.039	-1.038	-1.038	-1.066	-1.039	-1.036	-1.045	-1.040	-1.042	-0.987	-0.995	-0.995	-0.780	-0.799	-0.795	-0.775	-0.786	-0.736	-0.773	-0.851	-0.853	-0.911	-0.838	-0.809	-0.777	-0.878	-0.603	-0.873	-0.780	-1.088	-1.081	-0.981	-1.095	-1.116	-0.897	-1.092	-1.110	-1.102	-1.114	-0.888	-1.109	-1.108	-0.888	-1.118	-1.104	-0.898	-0.898	-0.905	-0.900	-0.860	-1.014	-1.011	-0.892	-1.012	-1.010	-1.010	-1.008	-1.015	-1.011	-0.892	-0.905	-1.050	-0.774	-0.921	-1.042	-1.037	-1.047	
rs7190420      -1.003	-0.826	-0.825	-0.775	-0.699	-0.812	-0.891	-0.318	-0.873	-0.464	-0.343	-0.347	-0.554	-0.899	-0.892	-0.655	-0.802	-0.902	-0.933	-0.964	-0.958	-0.912	-1.065	-1.084	-1.039	-1.059	-1.060	-1.089	-1.090	-0.866	-1.024	-1.027	-0.954	-1.045	-1.045	-1.055	-1.061	-1.059	-1.057	-0.985	-1.022	-1.023	-1.014	-1.008	-1.037	-1.037	-1.039	-1.037	-1.037	-1.065	-1.037	-1.035	-1.044	-1.039	-1.041	-0.985	-0.994	-0.994	-0.776	-0.796	-0.793	-0.772	-0.783	-0.733	-0.770	-0.847	-0.851	-0.909	-0.836	-0.807	-0.775	-0.875	-0.599	-0.870	-0.777	-1.087	-1.080	-0.980	-1.094	-1.115	-0.897	-1.091	-1.109	-1.102	-1.113	-0.888	-1.109	-1.108	-0.888	-1.117	-1.103	-0.897	-0.898	-0.905	-0.900	-0.860	-1.013	-1.011	-0.892	-1.012	-1.010	-1.009	-1.007	-1.014	-1.010	-0.892	-0.905	-1.049	-0.773	-0.921	-1.041	-1.036	-1.047	
rs12919861     -1.009	-0.859	-0.858	-0.809	-0.750	-0.846	-0.928	-0.373	-0.911	-0.514	-0.397	-0.402	-0.603	-0.902	-0.908	-0.802	-0.655	-0.863	-0.934	-0.944	-0.923	-0.868	-1.057	-1.084	-1.038	-1.059	-1.060	-1.089	-1.089	-0.867	-1.025	-1.028	-0.954	-1.045	-1.045	-1.055	-1.061	-1.059	-1.057	-0.985	-1.022	-1.023	-1.013	-1.008	-1.037	-1.037	-1.038	-1.037	-1.037	-1.065	-1.038	-1.035	-1.044	-1.039	-1.041	-0.986	-0.994	-0.994	-0.778	-0.798	-0.794	-0.774	-0.785	-0.735	-0.772	-0.849	-0.852	-0.910	-0.837	-0.808	-0.776	-0.877	-0.602	-0.872	-0.779	-1.087	-1.080	-0.980	-1.094	-1.115	-0.896	-1.091	-1.109	-1.102	-1.113	-0.887	-1.108	-1.107	-0.887	-1.117	-1.103	-0.897	-0.897	-0.904	-0.899	-0.859	-1.013	-1.010	-0.891	-1.011	-1.009	-1.009	-1.007	-1.014	-1.010	-0.891	-0.904	-1.049	-0.773	-0.920	-1.041	-1.036	-1.047	
rs7192273      -1.003	-0.813	-0.811	-0.762	-0.681	-0.799	-0.899	-0.296	-0.856	-0.443	-0.319	-0.322	-0.533	-0.881	-0.872	-0.902	-0.863	-0.653	-0.970	-0.949	-0.944	-0.913	-1.073	-1.082	-1.037	-1.057	-1.058	-1.088	-1.088	-0.865	-1.023	-1.026	-0.952	-1.043	-1.043	-1.053	-1.059	-1.057	-1.055	-0.984	-1.020	-1.021	-1.012	-1.006	-1.035	-1.035	-1.037	-1.035	-1.035	-1.063	-1.035	-1.033	-1.042	-1.037	-1.039	-0.983	-0.992	-0.992	-0.774	-0.794	-0.791	-0.770	-0.781	-0.731	-0.768	-0.846	-0.849	-0.907	-0.834	-0.805	-0.773	-0.873	-0.596	-0.868	-0.775	-1.085	-1.078	-0.979	-1.092	-1.113	-0.895	-1.089	-1.107	-1.100	-1.111	-0.886	-1.107	-1.106	-0.886	-1.115	-1.101	-0.896	-0.896	-0.903	-0.898	-0.858	-1.011	-1.009	-0.890	-1.010	-1.008	-1.007	-1.005	-1.012	-1.008	-0.890	-0.903	-1.047	-0.771	-0.919	-1.040	-1.034	-1.045	
rs4265801      -1.011	-0.872	-0.871	-0.813	-0.780	-0.849	-0.927	-0.386	-0.924	-0.523	-0.409	-0.413	-0.611	-0.954	-0.953	-0.933	-0.934	-0.970	-0.658	-0.885	-0.870	-0.759	-1.050	-1.087	-1.041	-1.062	-1.062	-1.092	-1.092	-0.869	-1.027	-1.030	-0.956	-1.048	-1.048	-1.058	-1.064	-1.061	-1.059	-0.988	-1.025	-1.025	-1.016	-1.011	-1.039	-1.040	-1.041	-1.039	-1.039	-1.067	-1.040	-1.038	-1.047	-1.041	-1.044	-0.988	-0.996	-0.996	-0.780	-0.799	-0.795	-0.775	-0.786	-0.736	-0.773	-0.851	-0.853	-0.912	-0.839	-0.810	-0.778	-0.878	-0.602	-0.873	-0.780	-1.089	-1.082	-0.983	-1.097	-1.118	-0.899	-1.093	-1.111	-1.104	-1.116	-0.890	-1.111	-1.110	-0.890	-1.119	-1.106	-0.900	-0.900	-0.907	-0.902	-0.862	-1.016	-1.013	-0.894	-1.014	-1.012	-1.012	-1.010	-1.016	-1.012	-0.894	-0.907	-1.052	-0.775	-0.923	-1.044	-1.038	-1.049	
rs4888160      -1.010	-0.862	-0.862	-0.802	-0.748	-0.839	-0.933	-0.369	-0.913	-0.508	-0.393	-0.396	-0.596	-0.925	-0.918	-0.964	-0.944	-0.949	-0.885	-0.658	-0.798	-0.716	-1.062	-1.086	-1.041	-1.062	-1.062	-1.092	-1.092	-0.869	-1.027	-1.030	-0.956	-1.048	-1.048	-1.057	-1.063	-1.061	-1.059	-0.988	-1.024	-1.025	-1.016	-1.011	-1.039	-1.039	-1.041	-1.039	-1.039	-1.067	-1.040	-1.037	-1.047	-1.041	-1.044	-0.987	-0.996	-0.996	-0.779	-0.799	-0.795	-0.775	-0.785	-0.735	-0.772	-0.850	-0.853	-0.911	-0.838	-0.809	-0.777	-0.877	-0.601	-0.873	-0.779	-1.089	-1.082	-0.983	-1.096	-1.117	-0.899	-1.093	-1.111	-1.104	-1.115	-0.890	-1.111	-1.110	-0.890	-1.119	-1.105	-0.900	-0.900	-0.907	-0.902	-0.862	-1.015	-1.013	-0.894	-1.014	-1.012	-1.011	-1.010	-1.016	-1.012	-0.894	-0.907	-1.051	-0.775	-0.923	-1.043	-1.038	-1.049	
rs17201380     -1.000	-0.838	-0.837	-0.776	-0.704	-0.812	-0.907	-0.332	-0.886	-0.473	-0.356	-0.358	-0.561	-0.907	-0.894	-0.958	-0.923	-0.944	-0.870	-0.798	-0.650	-0.766	-1.059	-1.079	-1.034	-1.055	-1.055	-1.084	-1.084	-0.861	-1.020	-1.023	-0.949	-1.040	-1.040	-1.050	-1.056	-1.054	-1.052	-0.981	-1.017	-1.018	-1.009	-1.003	-1.032	-1.032	-1.033	-1.031	-1.031	-1.060	-1.032	-1.029	-1.039	-1.033	-1.036	-0.979	-0.988	-0.988	-0.770	-0.790	-0.786	-0.766	-0.777	-0.726	-0.763	-0.841	-0.844	-0.902	-0.830	-0.801	-0.768	-0.869	-0.591	-0.864	-0.770	-1.082	-1.075	-0.976	-1.089	-1.110	-0.892	-1.085	-1.104	-1.096	-1.108	-0.884	-1.103	-1.102	-0.884	-1.112	-1.098	-0.893	-0.894	-0.900	-0.895	-0.856	-1.008	-1.005	-0.887	-1.006	-1.005	-1.004	-1.002	-1.009	-1.005	-0.887	-0.900	-1.044	-0.768	-0.916	-1.036	-1.030	-1.041	
rs35921703     -0.978	-0.787	-0.786	-0.721	-0.634	-0.757	-0.849	-0.256	-0.825	-0.402	-0.281	-0.281	-0.491	-0.851	-0.828	-0.912	-0.868	-0.913	-0.759	-0.716	-0.766	-0.631	-1.045	-1.061	-1.017	-1.037	-1.038	-1.066	-1.066	-0.841	-1.001	-1.004	-0.931	-1.022	-1.022	-1.031	-1.038	-1.035	-1.033	-0.963	-0.999	-0.999	-0.991	-0.985	-1.013	-1.013	-1.015	-1.013	-1.013	-1.041	-1.013	-1.011	-1.021	-1.015	-1.017	-0.960	-0.969	-0.969	-0.750	-0.770	-0.765	-0.745	-0.756	-0.706	-0.743	-0.821	-0.825	-0.882	-0.810	-0.781	-0.748	-0.848	-0.569	-0.844	-0.750	-1.063	-1.056	-0.958	-1.071	-1.092	-0.874	-1.067	-1.085	-1.078	-1.090	-0.866	-1.085	-1.084	-0.866	-1.093	-1.079	-0.875	-0.876	-0.883	-0.878	-0.838	-0.990	-0.987	-0.870	-0.988	-0.986	-0.986	-0.984	-0.991	-0.986	-0.869	-0.883	-1.025	-0.749	-0.898	-1.017	-1.011	-1.022	
rs12447549     -0.940	-0.719	-0.717	-0.629	-0.759	-0.689	-0.721	-0.172	-0.731	-0.327	-0.200	-0.203	-0.428	-1.068	-1.064	-1.065	-1.057	-1.073	-1.050	-1.062	-1.059	-1.045	-0.607	-1.036	-0.990	-1.010	-1.011	-1.041	-1.042	-0.821	-0.973	-0.976	-0.903	-0.996	-0.996	-1.005	-1.012	-1.009	-1.007	-0.943	-0.971	-0.972	-0.963	-0.957	-0.990	-0.990	-0.992	-0.990	-0.990	-1.018	-0.990	-0.988	-0.998	-0.992	-0.994	-0.938	-0.946	-0.946	-0.728	-0.748	-0.744	-0.724	-0.735	-0.684	-0.721	-0.800	-0.802	-0.860	-0.787	-0.758	-0.725	-0.826	-0.550	-0.821	-0.728	-1.041	-1.033	-0.936	-1.048	-1.069	-0.850	-1.045	-1.063	-1.056	-1.067	-0.842	-1.062	-1.061	-0.842	-1.070	-1.057	-0.851	-0.852	-0.859	-0.854	-0.814	-0.966	-0.964	-0.846	-0.965	-0.963	-0.962	-0.961	-0.967	-0.963	-0.845	-0.859	-1.002	-0.725	-0.874	-0.994	-0.988	-0.999	
rs4888165      -0.946	-0.855	-0.855	-0.805	-0.854	-0.843	-0.946	-0.425	-0.935	-0.552	-0.448	-0.457	-0.639	-1.086	-1.085	-1.084	-1.084	-1.082	-1.087	-1.086	-1.079	-1.061	-1.036	-0.586	-0.684	-0.737	-0.740	-0.777	-0.703	-0.801	-0.933	-0.941	-0.886	-0.966	-0.966	-0.972	-0.976	-0.977	-0.976	-0.901	-0.949	-0.950	-0.939	-0.937	-0.970	-0.970	-0.971	-0.971	-0.971	-0.999	-0.971	-0.969	-0.977	-0.972	-0.975	-0.921	-0.929	-0.929	-0.715	-0.734	-0.730	-0.710	-0.721	-0.671	-0.708	-0.785	-0.787	-0.845	-0.772	-0.744	-0.712	-0.812	-0.535	-0.807	-0.714	-1.020	-1.014	-0.914	-1.029	-1.049	-0.830	-1.025	-1.043	-1.036	-1.047	-0.821	-1.043	-1.042	-0.821	-1.051	-1.037	-0.831	-0.831	-0.838	-0.833	-0.793	-0.947	-0.944	-0.825	-0.945	-0.943	-0.943	-0.941	-0.948	-0.944	-0.825	-0.838	-0.983	-0.707	-0.854	-0.972	-0.967	-0.978	
rs4423411      -0.902	-0.815	-0.815	-0.767	-0.806	-0.803	-0.905	-0.389	-0.893	-0.516	-0.412	-0.423	-0.601	-1.040	-1.039	-1.039	-1.038	-1.037	-1.041	-1.041	-1.034	-1.017	-0.990	-0.684	-0.538	-0.671	-0.670	-0.722	-0.627	-0.765	-0.908	-0.911	-0.851	-0.921	-0.921	-0.932	-0.931	-0.935	-0.936	-0.841	-0.911	-0.912	-0.905	-0.898	-0.924	-0.925	-0.925	-0.926	-0.926	-0.954	-0.927	-0.925	-0.932	-0.928	-0.930	-0.879	-0.887	-0.887	-0.679	-0.698	-0.694	-0.675	-0.685	-0.636	-0.673	-0.749	-0.748	-0.805	-0.733	-0.705	-0.674	-0.773	-0.495	-0.768	-0.676	-0.973	-0.968	-0.869	-0.984	-1.004	-0.783	-0.980	-0.997	-0.990	-1.002	-0.775	-0.997	-0.996	-0.775	-1.005	-0.992	-0.784	-0.785	-0.792	-0.786	-0.746	-0.901	-0.898	-0.779	-0.899	-0.897	-0.897	-0.895	-0.902	-0.897	-0.779	-0.792	-0.936	-0.661	-0.808	-0.923	-0.920	-0.929	
rs4281702      -0.922	-0.834	-0.834	-0.786	-0.827	-0.822	-0.925	-0.408	-0.913	-0.534	-0.430	-0.441	-0.620	-1.061	-1.060	-1.059	-1.059	-1.057	-1.062	-1.062	-1.055	-1.037	-1.010	-0.737	-0.671	-0.560	-0.689	-0.768	-0.697	-0.783	-0.925	-0.928	-0.869	-0.942	-0.942	-0.952	-0.953	-0.956	-0.956	-0.866	-0.930	-0.931	-0.923	-0.917	-0.945	-0.945	-0.946	-0.947	-0.947	-0.975	-0.947	-0.945	-0.952	-0.948	-0.951	-0.899	-0.907	-0.907	-0.697	-0.717	-0.712	-0.693	-0.703	-0.654	-0.691	-0.767	-0.767	-0.824	-0.752	-0.724	-0.692	-0.792	-0.514	-0.787	-0.695	-0.994	-0.989	-0.890	-1.004	-1.025	-0.804	-1.001	-1.018	-1.011	-1.023	-0.796	-1.018	-1.017	-0.796	-1.026	-1.013	-0.805	-0.806	-0.813	-0.807	-0.767	-0.922	-0.919	-0.800	-0.920	-0.918	-0.918	-0.916	-0.923	-0.918	-0.800	-0.813	-0.957	-0.682	-0.829	-0.945	-0.941	-0.951	
rs2317497      -0.923	-0.835	-0.835	-0.786	-0.828	-0.823	-0.925	-0.408	-0.914	-0.535	-0.431	-0.441	-0.621	-1.062	-1.060	-1.060	-1.060	-1.058	-1.062	-1.062	-1.055	-1.038	-1.011	-0.740	-0.670	-0.689	-0.560	-0.770	-0.700	-0.784	-0.925	-0.929	-0.869	-0.943	-0.943	-0.953	-0.953	-0.957	-0.956	-0.867	-0.931	-0.931	-0.924	-0.918	-0.946	-0.946	-0.947	-0.947	-0.947	-0.976	-0.948	-0.946	-0.953	-0.949	-0.951	-0.899	-0.908	-0.908	-0.698	-0.717	-0.713	-0.693	-0.704	-0.655	-0.692	-0.768	-0.768	-0.825	-0.753	-0.725	-0.693	-0.792	-0.515	-0.788	-0.696	-0.995	-0.990	-0.890	-1.005	-1.026	-0.805	-1.001	-1.019	-1.012	-1.023	-0.797	-1.019	-1.018	-0.797	-1.026	-1.013	-0.806	-0.806	-0.813	-0.808	-0.768	-0.922	-0.920	-0.801	-0.921	-0.919	-0.918	-0.917	-0.923	-0.919	-0.800	-0.814	-0.958	-0.683	-0.830	-0.946	-0.942	-0.952	
rs753108       -0.951	-0.860	-0.860	-0.809	-0.860	-0.847	-0.951	-0.430	-0.940	-0.557	-0.452	-0.461	-0.644	-1.091	-1.090	-1.089	-1.089	-1.088	-1.092	-1.092	-1.084	-1.066	-1.041	-0.777	-0.722	-0.768	-0.770	-0.592	-0.776	-0.805	-0.931	-0.940	-0.888	-0.967	-0.967	-0.973	-0.977	-0.979	-0.977	-0.904	-0.950	-0.951	-0.941	-0.939	-0.975	-0.975	-0.977	-0.976	-0.976	-1.004	-0.976	-0.974	-0.983	-0.978	-0.980	-0.926	-0.934	-0.934	-0.719	-0.739	-0.735	-0.715	-0.726	-0.676	-0.713	-0.790	-0.792	-0.850	-0.777	-0.748	-0.716	-0.817	-0.540	-0.812	-0.719	-1.026	-1.019	-0.920	-1.034	-1.055	-0.836	-1.030	-1.048	-1.041	-1.053	-0.827	-1.048	-1.047	-0.827	-1.056	-1.042	-0.837	-0.837	-0.844	-0.839	-0.799	-0.952	-0.950	-0.831	-0.951	-0.949	-0.948	-0.947	-0.953	-0.949	-0.831	-0.844	-0.988	-0.713	-0.860	-0.978	-0.972	-0.983	
rs2873480      -0.950	-0.859	-0.859	-0.807	-0.860	-0.846	-0.949	-0.427	-0.938	-0.554	-0.449	-0.458	-0.641	-1.091	-1.090	-1.090	-1.089	-1.088	-1.092	-1.092	-1.084	-1.066	-1.042	-0.703	-0.627	-0.697	-0.700	-0.776	-0.592	-0.803	-0.933	-0.942	-0.889	-0.971	-0.971	-0.976	-0.981	-0.982	-0.980	-0.911	-0.952	-0.953	-0.942	-0.940	-0.975	-0.976	-0.977	-0.976	-0.976	-1.004	-0.976	-0.974	-0.983	-0.978	-0.980	-0.925	-0.933	-0.933	-0.717	-0.737	-0.733	-0.712	-0.723	-0.673	-0.710	-0.788	-0.790	-0.849	-0.776	-0.747	-0.715	-0.815	-0.540	-0.811	-0.718	-1.026	-1.019	-0.919	-1.034	-1.055	-0.836	-1.030	-1.048	-1.041	-1.053	-0.827	-1.048	-1.047	-0.827	-1.056	-1.043	-0.836	-0.837	-0.844	-0.839	-0.799	-0.952	-0.950	-0.831	-0.951	-0.949	-0.948	-0.947	-0.953	-0.949	-0.830	-0.844	-0.988	-0.712	-0.860	-0.979	-0.974	-0.985	
rs72831128     -0.721	-0.616	-0.616	-0.563	-0.624	-0.603	-0.713	-0.170	-0.700	-0.301	-0.193	-0.202	-0.393	-0.869	-0.868	-0.866	-0.867	-0.865	-0.869	-0.869	-0.861	-0.841	-0.821	-0.801	-0.765	-0.783	-0.784	-0.805	-0.803	-0.344	-0.746	-0.748	-0.673	-0.760	-0.760	-0.772	-0.776	-0.775	-0.773	-0.675	-0.740	-0.741	-0.733	-0.723	-0.752	-0.752	-0.754	-0.752	-0.752	-0.778	-0.752	-0.750	-0.760	-0.754	-0.756	-0.700	-0.708	-0.708	-0.488	-0.508	-0.504	-0.483	-0.494	-0.443	-0.481	-0.561	-0.560	-0.621	-0.545	-0.515	-0.482	-0.587	-0.310	-0.582	-0.487	-0.804	-0.796	-0.696	-0.809	-0.830	-0.609	-0.805	-0.824	-0.817	-0.829	-0.600	-0.824	-0.823	-0.600	-0.833	-0.818	-0.610	-0.610	-0.617	-0.612	-0.571	-0.728	-0.725	-0.604	-0.726	-0.724	-0.724	-0.722	-0.729	-0.725	-0.604	-0.617	-0.764	-0.479	-0.634	-0.754	-0.751	-0.760	
rs9936666      -0.887	-0.802	-0.802	-0.753	-0.794	-0.789	-0.893	-0.375	-0.882	-0.501	-0.397	-0.407	-0.587	-1.027	-1.025	-1.024	-1.025	-1.023	-1.027	-1.027	-1.020	-1.001	-0.973	-0.933	-0.908	-0.925	-0.925	-0.931	-0.933	-0.746	-0.522	-0.725	-0.763	-0.756	-0.756	-0.782	-0.767	-0.770	-0.778	-0.619	-0.796	-0.796	-0.787	-0.808	-0.911	-0.911	-0.913	-0.911	-0.911	-0.938	-0.912	-0.909	-0.919	-0.913	-0.916	-0.859	-0.867	-0.867	-0.651	-0.670	-0.666	-0.646	-0.657	-0.607	-0.644	-0.722	-0.723	-0.783	-0.708	-0.679	-0.647	-0.750	-0.470	-0.745	-0.650	-0.958	-0.953	-0.852	-0.971	-0.991	-0.770	-0.967	-0.984	-0.978	-0.989	-0.760	-0.984	-0.983	-0.760	-0.990	-0.979	-0.770	-0.770	-0.777	-0.772	-0.732	-0.887	-0.884	-0.764	-0.885	-0.883	-0.882	-0.881	-0.887	-0.883	-0.764	-0.777	-0.922	-0.646	-0.794	-0.911	-0.905	-0.916	
rs12925097     -0.890	-0.804	-0.804	-0.755	-0.798	-0.792	-0.895	-0.377	-0.884	-0.503	-0.399	-0.409	-0.589	-1.030	-1.029	-1.027	-1.028	-1.026	-1.030	-1.030	-1.023	-1.004	-0.976	-0.941	-0.911	-0.928	-0.929	-0.940	-0.942	-0.748	-0.725	-0.526	-0.759	-0.731	-0.731	-0.754	-0.738	-0.739	-0.747	-0.598	-0.776	-0.776	-0.782	-0.795	-0.914	-0.914	-0.916	-0.914	-0.914	-0.941	-0.914	-0.912	-0.922	-0.916	-0.919	-0.861	-0.870	-0.870	-0.652	-0.672	-0.667	-0.647	-0.658	-0.608	-0.646	-0.724	-0.726	-0.786	-0.711	-0.682	-0.650	-0.753	-0.476	-0.748	-0.653	-0.960	-0.956	-0.854	-0.974	-0.994	-0.773	-0.970	-0.987	-0.981	-0.992	-0.763	-0.987	-0.986	-0.763	-0.993	-0.982	-0.773	-0.773	-0.780	-0.776	-0.735	-0.890	-0.887	-0.767	-0.888	-0.886	-0.886	-0.884	-0.891	-0.886	-0.767	-0.781	-0.926	-0.649	-0.797	-0.916	-0.909	-0.921	
rs71388369     -0.817	-0.733	-0.733	-0.683	-0.723	-0.720	-0.824	-0.306	-0.813	-0.432	-0.328	-0.337	-0.517	-0.956	-0.954	-0.954	-0.954	-0.952	-0.956	-0.956	-0.949	-0.931	-0.903	-0.886	-0.851	-0.869	-0.869	-0.888	-0.889	-0.673	-0.763	-0.759	-0.444	-0.690	-0.690	-0.746	-0.733	-0.734	-0.740	-0.566	-0.711	-0.711	-0.702	-0.723	-0.840	-0.840	-0.842	-0.840	-0.840	-0.868	-0.841	-0.838	-0.848	-0.842	-0.845	-0.788	-0.796	-0.796	-0.579	-0.598	-0.594	-0.574	-0.585	-0.535	-0.572	-0.650	-0.651	-0.712	-0.637	-0.608	-0.576	-0.679	-0.408	-0.674	-0.578	-0.890	-0.883	-0.785	-0.897	-0.919	-0.701	-0.894	-0.912	-0.905	-0.917	-0.691	-0.912	-0.911	-0.691	-0.920	-0.906	-0.700	-0.701	-0.708	-0.703	-0.663	-0.816	-0.813	-0.695	-0.814	-0.813	-0.812	-0.810	-0.817	-0.813	-0.695	-0.708	-0.852	-0.577	-0.724	-0.844	-0.834	-0.849	
rs74577359     -0.905	-0.814	-0.814	-0.762	-0.815	-0.800	-0.904	-0.381	-0.893	-0.509	-0.403	-0.413	-0.596	-1.047	-1.046	-1.045	-1.045	-1.043	-1.048	-1.048	-1.040	-1.022	-0.996	-0.966	-0.921	-0.942	-0.943	-0.967	-0.971	-0.760	-0.756	-0.731	-0.690	-0.544	-0.672	-0.745	-0.760	-0.740	-0.735	-0.698	-0.751	-0.754	-0.749	-0.786	-0.932	-0.932	-0.934	-0.932	-0.932	-0.960	-0.932	-0.930	-0.939	-0.934	-0.936	-0.880	-0.889	-0.889	-0.672	-0.691	-0.687	-0.667	-0.678	-0.628	-0.665	-0.743	-0.745	-0.804	-0.730	-0.701	-0.669	-0.770	-0.495	-0.766	-0.672	-0.981	-0.974	-0.874	-0.990	-1.010	-0.791	-0.986	-1.004	-0.997	-1.008	-0.782	-1.004	-1.003	-0.782	-1.011	-0.998	-0.791	-0.792	-0.799	-0.794	-0.754	-0.908	-0.905	-0.786	-0.906	-0.904	-0.904	-0.902	-0.909	-0.904	-0.785	-0.799	-0.944	-0.666	-0.815	-0.936	-0.930	-0.942	
rs75298697     -0.905	-0.814	-0.814	-0.762	-0.815	-0.800	-0.904	-0.381	-0.893	-0.509	-0.403	-0.413	-0.596	-1.047	-1.046	-1.045	-1.045	-1.043	-1.048	-1.048	-1.040	-1.022	-0.996	-0.966	-0.921	-0.942	-0.943	-0.967	-0.971	-0.760	-0.756	-0.731	-0.690	-0.672	-0.544	-0.745	-0.760	-0.740	-0.735	-0.698	-0.751	-0.754	-0.749	-0.786	-0.932	-0.932	-0.934	-0.932	-0.932	-0.960	-0.932	-0.930	-0.939	-0.934	-0.936	-0.880	-0.889	-0.889	-0.672	-0.691	-0.687	-0.667	-0.678	-0.628	-0.665	-0.743	-0.745	-0.804	-0.730	-0.701	-0.669	-0.770	-0.495	-0.766	-0.672	-0.981	-0.974	-0.874	-0.990	-1.010	-0.791	-0.986	-1.004	-0.997	-1.008	-0.782	-1.004	-1.003	-0.782	-1.011	-0.998	-0.791	-0.792	-0.799	-0.794	-0.754	-0.908	-0.905	-0.786	-0.906	-0.904	-0.904	-0.902	-0.909	-0.904	-0.785	-0.799	-0.944	-0.666	-0.815	-0.936	-0.930	-0.942	
rs12927230     -0.916	-0.827	-0.826	-0.776	-0.825	-0.814	-0.917	-0.396	-0.906	-0.523	-0.418	-0.428	-0.610	-1.057	-1.056	-1.055	-1.055	-1.053	-1.058	-1.057	-1.050	-1.031	-1.005	-0.972	-0.932	-0.952	-0.953	-0.973	-0.976	-0.772	-0.782	-0.754	-0.746	-0.745	-0.745	-0.555	-0.673	-0.720	-0.722	-0.650	-0.757	-0.758	-0.761	-0.793	-0.942	-0.942	-0.943	-0.942	-0.942	-0.969	-0.942	-0.940	-0.949	-0.943	-0.946	-0.889	-0.898	-0.898	-0.680	-0.700	-0.696	-0.676	-0.687	-0.636	-0.674	-0.752	-0.754	-0.813	-0.740	-0.711	-0.679	-0.780	-0.507	-0.775	-0.681	-0.990	-0.984	-0.883	-1.000	-1.021	-0.801	-0.996	-1.014	-1.007	-1.019	-0.792	-1.014	-1.013	-0.792	-1.021	-1.009	-0.801	-0.802	-0.808	-0.804	-0.763	-0.917	-0.915	-0.795	-0.916	-0.914	-0.913	-0.912	-0.918	-0.914	-0.795	-0.809	-0.954	-0.677	-0.825	-0.946	-0.939	-0.951	
rs71388370     -0.921	-0.830	-0.830	-0.778	-0.831	-0.817	-0.920	-0.398	-0.909	-0.525	-0.420	-0.429	-0.612	-1.063	-1.062	-1.061	-1.061	-1.059	-1.064	-1.063	-1.056	-1.038	-1.012	-0.976	-0.931	-0.953	-0.953	-0.977	-0.981	-0.776	-0.767	-0.738	-0.733	-0.760	-0.760	-0.673	-0.562	-0.729	-0.722	-0.698	-0.747	-0.749	-0.748	-0.790	-0.948	-0.948	-0.950	-0.948	-0.948	-0.976	-0.948	-0.946	-0.955	-0.950	-0.952	-0.896	-0.904	-0.904	-0.687	-0.707	-0.703	-0.683	-0.694	-0.643	-0.681	-0.759	-0.761	-0.820	-0.746	-0.717	-0.685	-0.786	-0.511	-0.782	-0.688	-0.997	-0.990	-0.890	-1.006	-1.026	-0.807	-1.002	-1.020	-1.013	-1.024	-0.798	-1.020	-1.019	-0.798	-1.027	-1.014	-0.807	-0.808	-0.815	-0.810	-0.770	-0.924	-0.921	-0.802	-0.922	-0.920	-0.920	-0.918	-0.925	-0.920	-0.801	-0.815	-0.960	-0.683	-0.831	-0.952	-0.946	-0.957	
rs35639494     -0.919	-0.829	-0.829	-0.777	-0.829	-0.816	-0.919	-0.397	-0.908	-0.525	-0.420	-0.429	-0.612	-1.061	-1.060	-1.059	-1.059	-1.057	-1.061	-1.061	-1.054	-1.035	-1.009	-0.977	-0.935	-0.956	-0.957	-0.979	-0.982	-0.775	-0.770	-0.739	-0.734	-0.740	-0.740	-0.720	-0.729	-0.559	-0.684	-0.662	-0.741	-0.743	-0.743	-0.786	-0.945	-0.945	-0.947	-0.945	-0.945	-0.973	-0.946	-0.943	-0.953	-0.947	-0.950	-0.893	-0.902	-0.902	-0.685	-0.704	-0.700	-0.680	-0.691	-0.641	-0.678	-0.756	-0.758	-0.817	-0.744	-0.715	-0.683	-0.784	-0.509	-0.779	-0.685	-0.994	-0.988	-0.887	-1.003	-1.024	-0.805	-1.000	-1.018	-1.010	-1.022	-0.796	-1.017	-1.016	-0.796	-1.025	-1.012	-0.805	-0.805	-0.812	-0.807	-0.767	-0.921	-0.919	-0.799	-0.920	-0.918	-0.917	-0.915	-0.922	-0.918	-0.799	-0.812	-0.957	-0.680	-0.828	-0.949	-0.943	-0.955	
rs12932714     -0.918	-0.828	-0.828	-0.777	-0.827	-0.815	-0.918	-0.397	-0.907	-0.524	-0.419	-0.429	-0.611	-1.059	-1.058	-1.057	-1.057	-1.055	-1.059	-1.059	-1.052	-1.033	-1.007	-0.976	-0.936	-0.956	-0.956	-0.977	-0.980	-0.773	-0.778	-0.747	-0.740	-0.735	-0.735	-0.722	-0.722	-0.684	-0.557	-0.645	-0.746	-0.748	-0.750	-0.788	-0.943	-0.943	-0.945	-0.943	-0.943	-0.971	-0.944	-0.941	-0.951	-0.945	-0.948	-0.891	-0.900	-0.900	-0.683	-0.702	-0.698	-0.678	-0.689	-0.639	-0.676	-0.754	-0.756	-0.815	-0.742	-0.712	-0.680	-0.782	-0.508	-0.777	-0.683	-0.991	-0.985	-0.885	-1.002	-1.022	-0.803	-0.998	-1.016	-1.009	-1.020	-0.793	-1.016	-1.014	-0.793	-1.023	-1.010	-0.803	-0.803	-0.810	-0.805	-0.765	-0.919	-0.916	-0.797	-0.917	-0.916	-0.915	-0.913	-0.920	-0.916	-0.797	-0.810	-0.955	-0.678	-0.826	-0.947	-0.941	-0.952	
rs4328434      -0.843	-0.733	-0.733	-0.675	-0.751	-0.718	-0.819	-0.286	-0.807	-0.417	-0.309	-0.316	-0.508	-0.987	-0.986	-0.985	-0.985	-0.984	-0.988	-0.988	-0.981	-0.963	-0.943	-0.901	-0.841	-0.866	-0.867	-0.904	-0.911	-0.675	-0.619	-0.598	-0.566	-0.698	-0.698	-0.650	-0.698	-0.662	-0.645	-0.481	-0.612	-0.616	-0.599	-0.662	-0.871	-0.872	-0.873	-0.871	-0.872	-0.901	-0.872	-0.869	-0.879	-0.873	-0.876	-0.820	-0.829	-0.829	-0.611	-0.631	-0.628	-0.607	-0.618	-0.567	-0.603	-0.681	-0.682	-0.741	-0.667	-0.637	-0.603	-0.706	-0.421	-0.702	-0.608	-0.923	-0.914	-0.811	-0.929	-0.950	-0.720	-0.925	-0.943	-0.936	-0.948	-0.714	-0.943	-0.941	-0.714	-0.952	-0.937	-0.723	-0.724	-0.731	-0.725	-0.684	-0.845	-0.842	-0.716	-0.843	-0.841	-0.840	-0.838	-0.846	-0.841	-0.716	-0.730	-0.884	-0.598	-0.747	-0.883	-0.876	-0.889	
rs12932419     -0.884	-0.796	-0.796	-0.746	-0.791	-0.784	-0.887	-0.367	-0.876	-0.494	-0.389	-0.399	-0.580	-1.024	-1.023	-1.022	-1.022	-1.020	-1.025	-1.024	-1.017	-0.999	-0.971	-0.949	-0.911	-0.930	-0.931	-0.950	-0.952	-0.740	-0.796	-0.776	-0.711	-0.751	-0.751	-0.757	-0.747	-0.741	-0.746	-0.612	-0.519	-0.646	-0.681	-0.727	-0.909	-0.909	-0.910	-0.909	-0.909	-0.936	-0.909	-0.907	-0.916	-0.910	-0.913	-0.856	-0.865	-0.865	-0.649	-0.668	-0.664	-0.644	-0.655	-0.605	-0.642	-0.720	-0.721	-0.781	-0.707	-0.678	-0.646	-0.748	-0.480	-0.743	-0.649	-0.957	-0.951	-0.850	-0.967	-0.988	-0.768	-0.964	-0.982	-0.974	-0.986	-0.759	-0.981	-0.980	-0.759	-0.988	-0.976	-0.768	-0.769	-0.775	-0.771	-0.730	-0.884	-0.882	-0.763	-0.883	-0.881	-0.880	-0.878	-0.885	-0.881	-0.762	-0.776	-0.921	-0.644	-0.792	-0.914	-0.906	-0.919	
rs12919707     -0.885	-0.797	-0.797	-0.747	-0.792	-0.784	-0.888	-0.368	-0.877	-0.494	-0.390	-0.399	-0.580	-1.025	-1.024	-1.023	-1.023	-1.021	-1.025	-1.025	-1.018	-0.999	-0.972	-0.950	-0.912	-0.931	-0.931	-0.951	-0.953	-0.741	-0.796	-0.776	-0.711	-0.754	-0.754	-0.758	-0.749	-0.743	-0.748	-0.616	-0.646	-0.520	-0.680	-0.727	-0.909	-0.910	-0.911	-0.909	-0.909	-0.937	-0.910	-0.907	-0.917	-0.911	-0.914	-0.857	-0.866	-0.866	-0.649	-0.669	-0.665	-0.645	-0.656	-0.605	-0.643	-0.721	-0.722	-0.782	-0.708	-0.679	-0.647	-0.749	-0.481	-0.744	-0.649	-0.957	-0.952	-0.851	-0.968	-0.988	-0.769	-0.964	-0.982	-0.975	-0.987	-0.759	-0.982	-0.981	-0.759	-0.989	-0.977	-0.769	-0.769	-0.776	-0.771	-0.731	-0.885	-0.882	-0.763	-0.883	-0.882	-0.881	-0.879	-0.886	-0.882	-0.763	-0.776	-0.921	-0.645	-0.792	-0.915	-0.907	-0.920	
rs12923232     -0.876	-0.789	-0.789	-0.739	-0.782	-0.776	-0.880	-0.360	-0.869	-0.486	-0.382	-0.392	-0.572	-1.016	-1.014	-1.014	-1.013	-1.012	-1.016	-1.016	-1.009	-0.991	-0.963	-0.939	-0.905	-0.923	-0.924	-0.941	-0.942	-0.733	-0.787	-0.782	-0.702	-0.749	-0.749	-0.761	-0.748	-0.743	-0.750	-0.599	-0.681	-0.680	-0.510	-0.727	-0.900	-0.900	-0.902	-0.900	-0.900	-0.927	-0.901	-0.898	-0.908	-0.902	-0.905	-0.847	-0.856	-0.856	-0.639	-0.659	-0.654	-0.634	-0.645	-0.595	-0.632	-0.710	-0.712	-0.772	-0.698	-0.669	-0.637	-0.739	-0.473	-0.734	-0.639	-0.948	-0.943	-0.842	-0.959	-0.979	-0.760	-0.955	-0.973	-0.966	-0.978	-0.750	-0.973	-0.972	-0.750	-0.980	-0.967	-0.759	-0.760	-0.767	-0.762	-0.721	-0.876	-0.873	-0.754	-0.874	-0.872	-0.872	-0.870	-0.877	-0.872	-0.754	-0.767	-0.912	-0.636	-0.783	-0.905	-0.897	-0.910	
rs58924274     -0.871	-0.782	-0.782	-0.732	-0.778	-0.770	-0.873	-0.353	-0.862	-0.480	-0.375	-0.385	-0.566	-1.010	-1.009	-1.008	-1.008	-1.006	-1.011	-1.011	-1.003	-0.985	-0.957	-0.937	-0.898	-0.917	-0.918	-0.939	-0.940	-0.723	-0.808	-0.795	-0.723	-0.786	-0.786	-0.793	-0.790	-0.786	-0.788	-0.662	-0.727	-0.727	-0.727	-0.504	-0.895	-0.895	-0.896	-0.895	-0.895	-0.923	-0.895	-0.893	-0.902	-0.897	-0.899	-0.843	-0.851	-0.851	-0.635	-0.655	-0.650	-0.630	-0.641	-0.591	-0.628	-0.706	-0.708	-0.767	-0.694	-0.665	-0.633	-0.734	-0.466	-0.729	-0.636	-0.942	-0.937	-0.836	-0.954	-0.974	-0.754	-0.950	-0.968	-0.961	-0.972	-0.744	-0.968	-0.967	-0.744	-0.974	-0.962	-0.753	-0.754	-0.761	-0.756	-0.715	-0.870	-0.868	-0.748	-0.869	-0.867	-0.866	-0.864	-0.871	-0.867	-0.747	-0.761	-0.907	-0.629	-0.777	-0.900	-0.892	-0.905	
rs7198003      -0.897	-0.805	-0.805	-0.753	-0.806	-0.792	-0.896	-0.372	-0.885	-0.500	-0.394	-0.404	-0.587	-1.039	-1.038	-1.037	-1.037	-1.035	-1.039	-1.039	-1.032	-1.013	-0.990	-0.970	-0.924	-0.945	-0.946	-0.975	-0.975	-0.752	-0.911	-0.914	-0.840	-0.932	-0.932	-0.942	-0.948	-0.945	-0.943	-0.871	-0.909	-0.909	-0.900	-0.895	-0.535	-0.672	-0.672	-0.652	-0.652	-0.815	-0.651	-0.638	-0.693	-0.662	-0.675	-0.415	-0.449	-0.449	-0.068	-0.128	-0.150	-0.062	-0.089	+0.063	+0.004	-0.276	-0.583	-0.619	-0.570	-0.525	-0.483	-0.572	-0.468	-0.576	-0.460	-0.973	-0.964	-0.865	-0.980	-1.001	-0.777	-0.976	-0.995	-0.987	-0.999	-0.768	-0.994	-0.993	-0.768	-1.002	-0.989	-0.778	-0.778	-0.785	-0.781	-0.739	-0.897	-0.894	-0.771	-0.895	-0.893	-0.892	-0.891	-0.897	-0.893	-0.771	-0.785	-0.935	-0.646	-0.801	-0.928	-0.920	-0.933	
rs7198169      -0.897	-0.805	-0.805	-0.754	-0.806	-0.792	-0.896	-0.372	-0.885	-0.500	-0.394	-0.404	-0.587	-1.039	-1.038	-1.037	-1.037	-1.035	-1.040	-1.039	-1.032	-1.013	-0.990	-0.970	-0.925	-0.945	-0.946	-0.975	-0.976	-0.752	-0.911	-0.914	-0.840	-0.932	-0.932	-0.942	-0.948	-0.945	-0.943	-0.872	-0.909	-0.910	-0.900	-0.895	-0.672	-0.536	-0.665	-0.645	-0.645	-0.814	-0.643	-0.629	-0.695	-0.656	-0.671	-0.394	-0.429	-0.429	-0.050	-0.111	-0.134	-0.045	-0.072	+0.083	+0.024	-0.263	-0.578	-0.613	-0.565	-0.520	-0.477	-0.566	-0.468	-0.570	-0.453	-0.973	-0.965	-0.865	-0.980	-1.001	-0.777	-0.977	-0.995	-0.987	-0.999	-0.768	-0.994	-0.993	-0.768	-1.002	-0.989	-0.777	-0.778	-0.785	-0.780	-0.739	-0.897	-0.894	-0.771	-0.895	-0.893	-0.892	-0.891	-0.897	-0.893	-0.770	-0.784	-0.935	-0.645	-0.800	-0.928	-0.920	-0.934	
rs56704282     -0.898	-0.806	-0.806	-0.754	-0.807	-0.793	-0.897	-0.372	-0.886	-0.500	-0.394	-0.404	-0.587	-1.040	-1.039	-1.039	-1.038	-1.037	-1.041	-1.041	-1.033	-1.015	-0.992	-0.971	-0.925	-0.946	-0.947	-0.977	-0.977	-0.754	-0.913	-0.916	-0.842	-0.934	-0.934	-0.943	-0.950	-0.947	-0.945	-0.873	-0.910	-0.911	-0.902	-0.896	-0.672	-0.665	-0.537	-0.619	-0.619	-0.810	-0.615	-0.594	-0.697	-0.633	-0.655	-0.311	-0.349	-0.349	+0.006	-0.059	-0.085	+0.011	-0.018	+0.145	+0.087	-0.219	-0.565	-0.598	-0.551	-0.504	-0.460	-0.549	-0.464	-0.554	-0.434	-0.974	-0.966	-0.866	-0.982	-1.003	-0.776	-0.979	-0.997	-0.989	-1.001	-0.767	-0.996	-0.995	-0.767	-1.004	-0.991	-0.777	-0.777	-0.785	-0.780	-0.738	-0.898	-0.895	-0.770	-0.896	-0.894	-0.893	-0.892	-0.899	-0.894	-0.770	-0.784	-0.937	-0.643	-0.800	-0.930	-0.923	-0.935	
rs4476173      -0.898	-0.807	-0.807	-0.756	-0.809	-0.794	-0.898	-0.376	-0.886	-0.503	-0.398	-0.408	-0.590	-1.039	-1.038	-1.037	-1.037	-1.035	-1.039	-1.039	-1.031	-1.013	-0.990	-0.971	-0.926	-0.947	-0.947	-0.976	-0.976	-0.752	-0.911	-0.914	-0.840	-0.932	-0.932	-0.942	-0.948	-0.945	-0.943	-0.871	-0.909	-0.909	-0.900	-0.895	-0.652	-0.645	-0.619	-0.536	-0.663	-0.821	-0.664	-0.661	-0.643	-0.670	-0.668	-0.511	-0.538	-0.538	-0.171	-0.225	-0.242	-0.165	-0.190	-0.051	-0.110	-0.359	-0.616	-0.653	-0.603	-0.562	-0.522	-0.610	-0.481	-0.613	-0.503	-0.974	-0.965	-0.868	-0.979	-1.001	-0.782	-0.975	-0.994	-0.986	-0.998	-0.773	-0.993	-0.992	-0.773	-1.003	-0.988	-0.782	-0.783	-0.790	-0.785	-0.745	-0.898	-0.895	-0.776	-0.896	-0.894	-0.894	-0.892	-0.898	-0.894	-0.776	-0.789	-0.935	-0.654	-0.805	-0.929	-0.918	-0.934	
