## Summary of overall evidence for association with region:
## log10(BF for region) = 28.5838
## p-value for region = NA

## BFs for choosing among multi-SNP models:
## log10(average 1-SNP BF) = 26.9191
## log10(average 2-SNP BF) = 29.0547

## Example posterior probabilities for multi-SNP models, based on default prior: [p(l) propto 0.5^l for l=1,2,...,L]
## posterior probability of 1-SNP = 0.0144274
## posterior probability of 2-SNP = 0.985573

## log10(BF) for single SNP and pair of SNPs:
rs6463713      +4.729	+4.628	+4.889	+4.303	+4.299	+4.344	+4.350	+4.374	+4.354	+16.975	+4.527	+4.527	+4.426	+4.424	+4.516	+4.570	+4.722	+4.556	+5.466	+5.470	+6.120	+6.115	+6.114	+6.114	+6.074	+21.060	+6.198	+21.699	+21.674	+4.483	+4.465	+20.328	+4.464	+29.496	+6.315	+22.402	+22.411	+20.067	+25.628	+26.629	+26.762	+5.759	+20.256	+21.237	+26.210	+18.993	+24.315	+5.529	+5.525	+18.241	+5.308	+18.330	+23.732	+5.207	+5.417	+5.216	+5.217	+18.101	+25.361	+5.269	+5.269	+17.016	+5.268	+5.268	+5.366	+5.349	+18.104	+5.256	+18.099	+18.096	+18.216	+5.276	+5.256	+5.099	+17.846	+18.150	+18.148	+5.272	+5.271	+18.031	+18.031	+5.272	+16.906	+25.094	+4.434	+5.268	+17.993	+5.244	+16.886	+25.183	+17.897	+16.844	+17.846	+16.840	+16.820	+5.231	+25.251	+4.780	+4.834	+4.835	+16.927	+4.831	+16.954	+24.947	+16.864	+4.727	+4.726	+4.725	+19.767	+18.156	+19.321	+4.494	+4.530	+18.076	+4.469	+4.489	+17.108	+4.682	+4.646	+17.837	+17.018	+15.824	+16.857	+16.348	+16.682	+16.201	+16.575	+16.481	+20.028	+16.174	+15.879	+12.251	+4.381	+4.287	+4.273	+4.207	+4.544	+4.236	+4.942	+4.993	+4.966	+4.773	+4.381	+5.296	+5.272	+6.052	
rs6942487      +4.628	+4.393	+4.793	+4.020	+4.013	+4.079	+4.088	+4.119	+4.093	+17.053	+4.233	+4.232	+4.208	+4.206	+4.227	+4.339	+4.563	+4.305	+5.294	+5.299	+6.087	+6.082	+6.081	+6.081	+6.037	+21.033	+6.151	+21.675	+21.650	+4.146	+4.127	+19.881	+4.127	+29.570	+6.270	+22.379	+22.387	+20.036	+25.204	+26.196	+26.829	+5.587	+20.225	+21.207	+25.777	+18.888	+24.293	+5.377	+5.373	+18.132	+5.142	+18.221	+23.705	+5.034	+5.256	+5.044	+5.044	+17.991	+24.936	+5.100	+5.100	+16.598	+5.100	+5.099	+5.200	+5.182	+17.995	+5.087	+17.990	+17.987	+18.107	+5.108	+5.087	+4.924	+17.737	+18.042	+18.040	+5.104	+5.103	+17.923	+17.922	+5.104	+16.487	+24.670	+4.096	+5.101	+17.884	+5.075	+16.468	+24.758	+17.788	+16.425	+17.737	+16.421	+16.400	+5.061	+24.825	+4.574	+4.632	+4.633	+16.507	+4.629	+16.534	+24.521	+16.741	+4.513	+4.513	+4.511	+19.339	+17.722	+18.894	+4.252	+4.292	+17.644	+4.224	+4.246	+16.710	+4.454	+4.415	+17.462	+16.625	+15.429	+16.466	+15.958	+16.292	+15.812	+16.185	+16.093	+19.663	+15.788	+15.494	+11.887	+4.075	+3.944	+3.931	+3.867	+4.255	+3.895	+4.619	+4.670	+4.648	+4.454	+4.073	+4.935	+4.911	+5.731	
rs2881960      +4.889	+4.793	+4.917	+4.470	+4.468	+4.499	+4.504	+4.524	+4.508	+16.954	+4.757	+4.757	+4.568	+4.567	+4.733	+4.743	+4.830	+4.743	+5.577	+5.582	+6.147	+6.142	+6.142	+6.141	+6.104	+21.085	+6.236	+21.722	+21.697	+4.674	+4.655	+20.562	+4.654	+29.425	+6.351	+22.424	+22.433	+20.095	+25.843	+26.842	+26.700	+5.871	+20.283	+21.264	+26.421	+19.083	+24.341	+5.637	+5.634	+18.335	+5.424	+18.424	+23.764	+5.327	+5.530	+5.335	+5.336	+18.196	+25.572	+5.387	+5.387	+17.242	+5.386	+5.386	+5.485	+5.468	+18.200	+5.374	+18.195	+18.192	+18.312	+5.394	+5.375	+5.222	+17.946	+18.247	+18.245	+5.391	+5.390	+18.129	+18.129	+5.390	+17.132	+25.306	+4.623	+5.387	+18.091	+5.364	+17.112	+25.394	+17.996	+17.070	+17.946	+17.066	+17.045	+5.351	+25.463	+4.916	+4.968	+4.969	+17.154	+4.965	+17.181	+25.160	+16.972	+4.867	+4.867	+4.865	+19.976	+18.382	+19.529	+4.646	+4.680	+18.303	+4.623	+4.643	+17.321	+4.831	+4.797	+18.027	+17.226	+16.031	+17.066	+16.556	+16.891	+16.409	+16.783	+16.690	+20.219	+16.382	+16.087	+12.450	+4.556	+4.476	+4.462	+4.396	+4.715	+4.425	+5.122	+5.173	+5.145	+4.952	+4.562	+5.495	+5.471	+6.234	
rs12112300     +4.303	+4.020	+4.470	+3.073	+3.088	+3.252	+3.278	+3.382	+3.290	+19.165	+3.625	+3.623	+3.503	+3.496	+3.625	+3.899	+4.159	+3.839	+4.317	+4.322	+5.941	+5.935	+5.934	+5.934	+5.886	+21.121	+5.993	+21.812	+21.783	+2.550	+2.545	+15.461	+2.545	+29.097	+6.117	+22.545	+22.553	+20.067	+23.848	+24.741	+26.460	+4.575	+20.257	+21.259	+24.374	+17.513	+24.251	+4.876	+4.872	+16.709	+4.583	+16.802	+23.654	+4.450	+4.713	+4.461	+4.462	+16.563	+23.601	+4.528	+4.528	+12.639	+4.527	+4.527	+4.605	+4.584	+16.568	+4.511	+16.562	+16.559	+16.681	+4.537	+4.511	+4.322	+16.261	+16.615	+16.613	+4.532	+4.531	+16.494	+16.494	+4.531	+12.547	+23.336	+2.538	+4.527	+16.455	+4.496	+12.533	+23.425	+16.357	+12.498	+16.304	+12.496	+12.477	+4.479	+23.491	+3.878	+3.946	+3.948	+12.575	+3.942	+12.600	+23.189	+15.125	+3.764	+3.763	+3.761	+18.001	+16.043	+17.531	+3.418	+3.477	+15.984	+3.374	+3.388	+15.274	+3.591	+3.544	+16.405	+15.399	+14.207	+15.242	+14.735	+15.074	+14.597	+14.969	+14.881	+18.612	+14.582	+14.292	+10.745	+2.799	+2.697	+2.684	+2.624	+3.049	+2.650	+3.333	+3.374	+3.398	+3.204	+2.806	+3.664	+3.645	+4.446	
rs12111719     +4.299	+4.013	+4.468	+3.088	+3.044	+3.252	+3.280	+3.390	+3.292	+19.199	+3.615	+3.613	+3.507	+3.499	+3.615	+3.892	+4.149	+3.831	+4.305	+4.310	+5.942	+5.936	+5.935	+5.935	+5.887	+21.130	+5.992	+21.820	+21.792	+2.523	+2.518	+15.434	+2.518	+29.115	+6.115	+22.554	+22.562	+20.074	+23.812	+24.705	+26.475	+4.562	+20.264	+21.266	+24.337	+17.504	+24.244	+4.860	+4.856	+16.699	+4.567	+16.792	+23.647	+4.433	+4.696	+4.444	+4.445	+16.553	+23.565	+4.511	+4.511	+12.611	+4.510	+4.510	+4.588	+4.567	+16.558	+4.494	+16.552	+16.549	+16.671	+4.520	+4.494	+4.305	+16.250	+16.605	+16.603	+4.515	+4.514	+16.484	+16.483	+4.514	+12.519	+23.300	+2.511	+4.510	+16.445	+4.479	+12.506	+23.389	+16.346	+12.470	+16.294	+12.468	+12.449	+4.462	+23.455	+3.859	+3.927	+3.929	+12.547	+3.923	+12.572	+23.154	+15.112	+3.744	+3.743	+3.741	+17.966	+16.007	+17.496	+3.397	+3.456	+15.949	+3.352	+3.367	+15.241	+3.569	+3.522	+16.374	+15.366	+14.174	+15.209	+14.703	+15.041	+14.564	+14.937	+14.849	+18.582	+14.549	+14.260	+10.711	+2.773	+2.669	+2.656	+2.597	+3.023	+2.623	+3.306	+3.347	+3.371	+3.178	+2.779	+3.635	+3.615	+4.419	
rs7800702      +4.344	+4.079	+4.499	+3.252	+3.252	+3.297	+3.343	+3.403	+3.350	+18.943	+3.704	+3.702	+3.524	+3.519	+3.703	+3.959	+4.230	+3.906	+4.412	+4.417	+5.944	+5.938	+5.938	+5.937	+5.892	+21.070	+6.009	+21.757	+21.728	+2.764	+2.759	+15.705	+2.758	+29.003	+6.132	+22.488	+22.496	+20.021	+24.157	+25.051	+26.379	+4.671	+20.209	+21.210	+24.685	+17.577	+24.287	+4.982	+4.980	+16.779	+4.700	+16.870	+23.699	+4.570	+4.827	+4.581	+4.582	+16.634	+23.908	+4.647	+4.647	+12.874	+4.646	+4.646	+4.726	+4.705	+16.639	+4.631	+16.634	+16.631	+16.752	+4.657	+4.632	+4.445	+16.335	+16.686	+16.685	+4.652	+4.651	+16.566	+16.566	+4.651	+12.782	+23.643	+2.752	+4.648	+16.528	+4.617	+12.768	+23.732	+16.430	+12.733	+16.378	+12.730	+12.711	+4.601	+23.798	+4.018	+4.084	+4.086	+12.809	+4.080	+12.835	+23.496	+15.215	+3.911	+3.910	+3.908	+18.297	+16.337	+17.824	+3.576	+3.635	+16.279	+3.534	+3.549	+15.548	+3.752	+3.706	+16.667	+15.671	+14.479	+15.513	+15.006	+15.344	+14.866	+15.240	+15.151	+18.873	+14.851	+14.560	+10.996	+3.009	+2.914	+2.901	+2.841	+3.259	+2.867	+3.546	+3.587	+3.612	+3.419	+3.017	+3.884	+3.864	+4.665	
rs7800853      +4.350	+4.088	+4.504	+3.278	+3.280	+3.343	+3.326	+3.412	+3.362	+18.908	+3.716	+3.714	+3.529	+3.524	+3.715	+3.968	+4.241	+3.916	+4.425	+4.430	+5.945	+5.939	+5.939	+5.938	+5.894	+21.064	+6.012	+21.750	+21.722	+2.791	+2.786	+15.731	+2.786	+28.992	+6.134	+22.481	+22.489	+20.015	+24.182	+25.076	+26.367	+4.684	+20.203	+21.205	+24.721	+17.585	+24.294	+4.998	+4.996	+16.788	+4.717	+16.880	+23.706	+4.588	+4.844	+4.599	+4.599	+16.643	+23.945	+4.664	+4.664	+12.900	+4.663	+4.663	+4.743	+4.723	+16.648	+4.648	+16.643	+16.640	+16.761	+4.674	+4.649	+4.462	+16.345	+16.696	+16.694	+4.669	+4.668	+16.576	+16.575	+4.669	+12.808	+23.679	+2.779	+4.665	+16.537	+4.635	+12.794	+23.768	+16.440	+12.759	+16.388	+12.756	+12.737	+4.619	+23.834	+4.037	+4.103	+4.105	+12.835	+4.099	+12.861	+23.532	+15.227	+3.931	+3.930	+3.928	+18.334	+16.374	+17.860	+3.597	+3.657	+16.316	+3.555	+3.572	+15.582	+3.775	+3.729	+16.700	+15.705	+14.514	+15.548	+15.040	+15.379	+14.901	+15.274	+15.186	+18.905	+14.886	+14.595	+11.029	+3.035	+2.942	+2.929	+2.869	+3.286	+2.895	+3.573	+3.613	+3.639	+3.446	+3.044	+3.913	+3.894	+4.693	
rs1012997      +4.374	+4.119	+4.524	+3.382	+3.390	+3.403	+3.412	+3.422	+3.413	+18.806	+3.757	+3.755	+3.554	+3.550	+3.755	+4.001	+4.279	+3.952	+4.472	+4.476	+5.951	+5.945	+5.945	+5.944	+5.901	+21.042	+6.024	+21.726	+21.698	+2.882	+2.877	+15.824	+2.877	+28.943	+6.146	+22.456	+22.464	+19.996	+24.294	+25.189	+26.326	+4.731	+20.184	+21.184	+24.835	+17.620	+24.317	+5.053	+5.051	+16.825	+4.776	+16.916	+23.733	+4.648	+4.902	+4.659	+4.660	+16.681	+24.057	+4.725	+4.724	+12.993	+4.723	+4.723	+4.804	+4.784	+16.685	+4.709	+16.680	+16.677	+16.798	+4.734	+4.709	+4.524	+16.383	+16.733	+16.731	+4.729	+4.728	+16.613	+16.613	+4.729	+12.901	+23.791	+2.870	+4.725	+16.575	+4.695	+12.887	+23.880	+16.478	+12.852	+16.426	+12.850	+12.831	+4.679	+23.947	+4.105	+4.170	+4.171	+12.929	+4.166	+12.955	+23.645	+15.272	+4.001	+4.000	+3.998	+18.448	+16.492	+17.974	+3.671	+3.730	+16.434	+3.630	+3.647	+15.692	+3.851	+3.806	+16.802	+15.814	+14.623	+15.657	+15.149	+15.488	+15.010	+15.383	+15.295	+19.006	+14.994	+14.703	+11.138	+3.124	+3.036	+3.022	+2.962	+3.375	+2.988	+3.663	+3.704	+3.729	+3.536	+3.135	+4.011	+3.992	+4.785	
rs4725013      +4.354	+4.093	+4.508	+3.290	+3.292	+3.350	+3.362	+3.413	+3.341	+18.909	+3.721	+3.719	+3.536	+3.531	+3.720	+3.972	+4.244	+3.920	+4.429	+4.434	+5.946	+5.941	+5.940	+5.940	+5.896	+21.062	+6.014	+21.748	+21.719	+2.805	+2.800	+15.758	+2.800	+28.982	+6.136	+22.478	+22.486	+20.013	+24.235	+25.138	+26.357	+4.691	+20.202	+21.201	+24.753	+17.594	+24.301	+5.008	+5.003	+16.796	+4.728	+16.887	+23.714	+4.599	+4.852	+4.610	+4.610	+16.651	+23.966	+4.673	+4.672	+12.923	+4.671	+4.671	+4.752	+4.732	+16.656	+4.656	+16.651	+16.648	+16.767	+4.682	+4.657	+4.471	+16.351	+16.702	+16.700	+4.677	+4.676	+16.584	+16.583	+4.677	+12.831	+23.709	+2.793	+4.673	+16.545	+4.643	+12.817	+23.788	+16.448	+12.782	+16.396	+12.779	+12.761	+4.627	+23.855	+4.047	+4.113	+4.114	+12.859	+4.109	+12.884	+23.553	+15.237	+3.940	+3.940	+3.938	+18.353	+16.392	+17.879	+3.608	+3.666	+16.334	+3.566	+3.582	+15.598	+3.785	+3.740	+16.715	+15.720	+14.528	+15.563	+15.055	+15.394	+14.916	+15.289	+15.201	+18.920	+14.900	+14.610	+11.043	+3.051	+2.956	+2.943	+2.883	+3.301	+2.909	+3.588	+3.629	+3.655	+3.460	+3.060	+3.930	+3.910	+4.708	
rs4720750      +16.975	+17.053	+16.954	+19.165	+19.199	+18.943	+18.908	+18.806	+18.909	+17.577	+17.276	+17.276	+18.333	+18.337	+17.286	+17.116	+16.876	+17.115	+17.013	+17.015	+17.096	+17.096	+17.096	+17.096	+17.092	+23.083	+17.211	+23.629	+23.619	+16.917	+16.904	+21.378	+16.904	+28.315	+17.267	+24.218	+24.229	+22.980	+24.215	+24.594	+26.253	+17.236	+23.148	+23.711	+24.342	+22.779	+25.999	+17.548	+17.546	+22.475	+17.429	+22.544	+25.596	+17.375	+17.510	+17.381	+17.382	+22.395	+24.251	+17.413	+17.413	+20.663	+17.413	+17.413	+17.519	+17.508	+22.399	+17.406	+22.396	+22.394	+22.475	+17.418	+17.406	+17.290	+22.141	+22.433	+22.432	+17.416	+17.416	+22.354	+22.353	+17.416	+20.611	+24.097	+16.899	+17.414	+22.330	+17.400	+20.606	+24.155	+22.270	+20.590	+22.238	+20.590	+20.581	+17.393	+24.216	+17.154	+17.183	+17.184	+20.649	+17.182	+20.670	+24.048	+21.663	+17.163	+17.162	+17.161	+21.239	+23.202	+21.103	+17.014	+17.037	+23.166	+17.004	+17.025	+22.597	+17.224	+17.199	+20.585	+22.630	+21.269	+22.525	+22.174	+22.420	+22.088	+22.354	+22.305	+22.541	+22.248	+22.066	+20.471	+16.769	+17.137	+17.119	+17.039	+17.184	+17.074	+17.292	+17.292	+17.341	+17.195	+17.022	+18.469	+18.478	+18.441	
rs7777879      +4.527	+4.233	+4.757	+3.625	+3.615	+3.704	+3.716	+3.757	+3.721	+17.276	+3.881	+3.921	+3.861	+3.858	+3.915	+4.138	+4.302	+4.070	+4.934	+4.938	+6.212	+6.203	+6.202	+6.201	+6.133	+20.949	+6.153	+21.603	+21.577	+3.635	+3.618	+19.272	+3.617	+30.251	+6.274	+22.312	+22.320	+19.939	+24.661	+25.657	+27.408	+5.224	+20.128	+21.112	+25.199	+18.604	+24.210	+5.079	+5.074	+17.835	+4.825	+17.925	+23.602	+4.709	+4.941	+4.719	+4.720	+17.693	+24.355	+4.777	+4.776	+15.988	+4.776	+4.775	+4.867	+4.848	+17.697	+4.762	+17.692	+17.689	+17.806	+4.785	+4.762	+4.592	+17.431	+17.742	+17.740	+4.781	+4.780	+17.625	+17.624	+4.780	+15.879	+24.100	+3.588	+4.777	+17.586	+4.749	+15.860	+24.179	+17.490	+15.818	+17.438	+15.814	+15.794	+4.735	+24.247	+4.211	+4.273	+4.274	+15.903	+4.270	+15.931	+23.946	+16.412	+4.135	+4.135	+4.133	+18.781	+17.133	+18.337	+3.851	+3.896	+17.054	+3.819	+3.838	+16.178	+4.043	+4.002	+16.983	+16.108	+14.915	+15.948	+15.440	+15.775	+15.295	+15.669	+15.577	+19.188	+15.272	+14.980	+11.397	+3.570	+3.460	+3.447	+3.384	+3.729	+3.411	+4.121	+4.166	+4.159	+3.964	+3.557	+4.453	+4.430	+5.226	
rs4140803      +4.527	+4.232	+4.757	+3.623	+3.613	+3.702	+3.714	+3.755	+3.719	+17.276	+3.921	+3.878	+3.859	+3.856	+3.913	+4.138	+4.301	+4.070	+4.932	+4.937	+6.214	+6.204	+6.203	+6.203	+6.134	+20.949	+6.154	+21.603	+21.577	+3.633	+3.615	+19.269	+3.615	+30.256	+6.275	+22.312	+22.320	+19.939	+24.657	+25.653	+27.412	+5.222	+20.127	+21.111	+25.195	+18.602	+24.209	+5.077	+5.072	+17.833	+4.823	+17.923	+23.601	+4.707	+4.940	+4.717	+4.718	+17.691	+24.351	+4.775	+4.774	+15.985	+4.774	+4.773	+4.865	+4.846	+17.695	+4.760	+17.690	+17.687	+17.805	+4.783	+4.760	+4.590	+17.429	+17.740	+17.738	+4.779	+4.778	+17.623	+17.622	+4.778	+15.876	+24.095	+3.585	+4.775	+17.585	+4.747	+15.857	+24.175	+17.488	+15.815	+17.436	+15.811	+15.791	+4.733	+24.243	+4.208	+4.271	+4.272	+15.900	+4.268	+15.928	+23.941	+16.410	+4.133	+4.132	+4.130	+18.777	+17.129	+18.333	+3.849	+3.893	+17.051	+3.817	+3.836	+16.175	+4.041	+3.999	+16.979	+16.104	+14.912	+15.945	+15.436	+15.772	+15.292	+15.665	+15.574	+19.185	+15.269	+14.976	+11.395	+3.568	+3.457	+3.444	+3.381	+3.726	+3.409	+4.118	+4.164	+4.157	+3.961	+3.554	+4.450	+4.427	+5.223	
rs1544456      +4.426	+4.208	+4.568	+3.503	+3.507	+3.524	+3.529	+3.554	+3.536	+18.333	+3.861	+3.859	+3.650	+3.681	+3.858	+4.063	+4.337	+4.018	+4.543	+4.548	+5.969	+5.964	+5.963	+5.963	+5.920	+21.052	+6.044	+21.737	+21.709	+3.099	+3.094	+16.077	+3.093	+28.993	+6.166	+22.465	+22.474	+20.002	+24.628	+25.540	+26.358	+4.803	+20.191	+21.190	+25.162	+17.634	+24.309	+5.117	+5.111	+16.838	+4.849	+16.930	+23.725	+4.726	+4.969	+4.737	+4.738	+16.695	+24.353	+4.797	+4.796	+13.221	+4.796	+4.796	+4.875	+4.856	+16.700	+4.782	+16.695	+16.692	+16.811	+4.806	+4.782	+4.603	+16.397	+16.746	+16.744	+4.801	+4.800	+16.628	+16.628	+4.801	+13.129	+24.095	+3.087	+4.797	+16.590	+4.769	+13.115	+24.175	+16.493	+13.080	+16.442	+13.077	+13.059	+4.753	+24.241	+4.211	+4.266	+4.268	+13.157	+4.262	+13.183	+23.939	+15.295	+4.105	+4.105	+4.103	+18.755	+16.751	+18.272	+3.800	+3.857	+16.726	+3.762	+3.779	+15.926	+3.975	+3.932	+17.061	+16.048	+14.866	+15.891	+15.383	+15.721	+15.243	+15.616	+15.527	+19.223	+15.226	+14.935	+11.377	+3.322	+3.278	+3.265	+3.201	+3.563	+3.229	+3.882	+3.923	+3.952	+3.756	+3.352	+4.284	+4.264	+5.012	
rs12702634     +4.424	+4.206	+4.567	+3.496	+3.499	+3.519	+3.524	+3.550	+3.531	+18.337	+3.858	+3.856	+3.681	+3.643	+3.855	+4.061	+4.334	+4.015	+4.540	+4.544	+5.969	+5.963	+5.963	+5.962	+5.920	+21.053	+6.043	+21.739	+21.711	+3.093	+3.088	+16.071	+3.088	+28.997	+6.165	+22.467	+22.475	+20.004	+24.620	+25.532	+26.361	+4.800	+20.193	+21.192	+25.154	+17.632	+24.307	+5.113	+5.108	+16.836	+4.845	+16.927	+23.723	+4.722	+4.965	+4.733	+4.733	+16.693	+24.345	+4.793	+4.792	+13.214	+4.792	+4.792	+4.871	+4.852	+16.698	+4.778	+16.692	+16.689	+16.808	+4.802	+4.778	+4.598	+16.394	+16.743	+16.742	+4.797	+4.796	+16.626	+16.625	+4.797	+13.123	+24.086	+3.081	+4.793	+16.588	+4.765	+13.109	+24.167	+16.491	+13.073	+16.439	+13.071	+13.052	+4.749	+24.233	+4.206	+4.262	+4.263	+13.151	+4.258	+13.176	+23.931	+15.292	+4.100	+4.100	+4.098	+18.747	+16.743	+18.264	+3.795	+3.852	+16.718	+3.757	+3.774	+15.918	+3.970	+3.927	+17.054	+16.041	+14.858	+15.884	+15.376	+15.714	+15.235	+15.609	+15.519	+19.216	+15.218	+14.927	+11.370	+3.316	+3.272	+3.259	+3.195	+3.557	+3.223	+3.876	+3.917	+3.946	+3.750	+3.346	+4.278	+4.258	+5.006	
rs4725015      +4.516	+4.227	+4.733	+3.625	+3.615	+3.703	+3.715	+3.755	+3.720	+17.286	+3.915	+3.913	+3.858	+3.855	+3.883	+4.149	+4.300	+4.066	+4.942	+4.947	+6.193	+6.184	+6.183	+6.183	+6.116	+20.949	+6.144	+21.602	+21.576	+3.640	+3.622	+19.273	+3.622	+30.237	+6.265	+22.311	+22.319	+19.939	+24.645	+25.631	+27.392	+5.229	+20.128	+21.111	+25.203	+18.605	+24.210	+5.082	+5.077	+17.836	+4.828	+17.926	+23.603	+4.712	+4.944	+4.722	+4.723	+17.694	+24.356	+4.780	+4.779	+15.985	+4.779	+4.778	+4.869	+4.851	+17.698	+4.765	+17.692	+17.689	+17.807	+4.788	+4.765	+4.595	+17.431	+17.743	+17.741	+4.784	+4.783	+17.625	+17.625	+4.783	+15.876	+24.100	+3.592	+4.780	+17.587	+4.752	+15.857	+24.180	+17.491	+15.815	+17.439	+15.811	+15.790	+4.738	+24.247	+4.219	+4.276	+4.278	+15.900	+4.273	+15.928	+23.947	+16.412	+4.138	+4.138	+4.135	+18.782	+17.114	+18.336	+3.853	+3.903	+17.063	+3.821	+3.841	+16.164	+4.045	+4.006	+16.988	+16.096	+14.903	+15.937	+15.429	+15.764	+15.284	+15.658	+15.566	+19.167	+15.263	+14.971	+11.407	+3.576	+3.461	+3.448	+3.384	+3.733	+3.412	+4.121	+4.166	+4.161	+3.966	+3.558	+4.453	+4.429	+5.228	
rs10226060     +4.570	+4.339	+4.743	+3.899	+3.892	+3.959	+3.968	+4.001	+3.972	+17.116	+4.138	+4.138	+4.063	+4.061	+4.149	+4.241	+4.429	+4.232	+5.123	+5.127	+6.155	+6.147	+6.146	+6.146	+6.086	+20.966	+6.142	+21.614	+21.589	+4.003	+3.985	+19.787	+3.984	+30.089	+6.262	+22.322	+22.330	+19.960	+25.118	+26.112	+27.258	+5.410	+20.150	+21.132	+25.683	+18.741	+24.233	+5.239	+5.234	+17.977	+5.001	+18.066	+23.634	+4.892	+5.112	+4.902	+4.902	+17.836	+24.825	+4.956	+4.955	+16.466	+4.955	+4.955	+5.044	+5.027	+17.840	+4.942	+17.835	+17.832	+17.949	+4.964	+4.942	+4.778	+17.575	+17.885	+17.883	+4.960	+4.959	+17.769	+17.768	+4.960	+16.356	+24.568	+3.954	+4.956	+17.731	+4.931	+16.336	+24.647	+17.635	+16.294	+17.583	+16.291	+16.270	+4.917	+24.715	+4.434	+4.487	+4.489	+16.380	+4.484	+16.408	+24.414	+16.573	+4.362	+4.362	+4.360	+19.251	+17.597	+18.802	+4.105	+4.150	+17.545	+4.076	+4.096	+16.609	+4.288	+4.251	+17.401	+16.533	+15.343	+16.373	+15.863	+16.199	+15.717	+16.091	+15.998	+19.569	+15.693	+15.399	+11.807	+3.904	+3.815	+3.802	+3.737	+4.048	+3.766	+4.454	+4.499	+4.493	+4.299	+3.882	+4.820	+4.797	+5.561	
rs6962629      +4.722	+4.563	+4.830	+4.159	+4.149	+4.230	+4.241	+4.279	+4.244	+16.876	+4.302	+4.301	+4.337	+4.334	+4.300	+4.429	+4.476	+4.399	+5.333	+5.338	+6.081	+6.076	+6.075	+6.075	+6.031	+21.045	+6.145	+21.680	+21.655	+4.263	+4.243	+20.367	+4.243	+29.433	+6.264	+22.384	+22.392	+20.042	+25.604	+26.600	+26.717	+5.623	+20.233	+21.215	+26.196	+19.026	+24.336	+5.426	+5.422	+18.263	+5.196	+18.353	+23.759	+5.091	+5.306	+5.100	+5.101	+18.121	+25.311	+5.153	+5.152	+16.889	+5.152	+5.152	+5.245	+5.228	+18.126	+5.139	+18.120	+18.117	+18.234	+5.161	+5.140	+4.975	+17.860	+18.170	+18.168	+5.157	+5.156	+18.054	+18.053	+5.156	+16.779	+25.055	+4.212	+5.153	+18.016	+5.128	+16.760	+25.133	+17.920	+16.717	+17.869	+16.714	+16.695	+5.114	+25.202	+4.644	+4.697	+4.698	+16.804	+4.693	+16.833	+24.899	+16.881	+4.577	+4.577	+4.575	+19.709	+18.116	+19.252	+4.324	+4.370	+18.063	+4.296	+4.317	+17.058	+4.513	+4.476	+17.803	+16.998	+15.801	+16.836	+16.325	+16.659	+16.176	+16.550	+16.455	+19.975	+16.150	+15.852	+12.180	+4.155	+4.037	+4.023	+3.960	+4.238	+3.988	+4.704	+4.746	+4.751	+4.555	+4.058	+5.018	+4.998	+5.825	
rs12112667     +4.556	+4.305	+4.743	+3.839	+3.831	+3.906	+3.916	+3.952	+3.920	+17.115	+4.070	+4.070	+4.018	+4.015	+4.066	+4.232	+4.399	+4.158	+5.057	+5.062	+6.215	+6.206	+6.205	+6.205	+6.137	+20.956	+6.162	+21.608	+21.582	+3.918	+3.900	+19.685	+3.900	+30.251	+6.282	+22.316	+22.324	+19.949	+25.038	+26.041	+27.391	+5.348	+20.138	+21.121	+25.582	+18.675	+24.213	+5.176	+5.171	+17.910	+4.934	+17.999	+23.607	+4.826	+5.048	+4.835	+4.836	+17.768	+24.718	+4.890	+4.890	+16.375	+4.889	+4.889	+4.980	+4.961	+17.773	+4.876	+17.768	+17.765	+17.882	+4.898	+4.876	+4.711	+17.508	+17.817	+17.816	+4.894	+4.893	+17.701	+17.700	+4.894	+16.265	+24.462	+3.870	+4.891	+17.663	+4.864	+16.246	+24.541	+17.567	+16.203	+17.515	+16.200	+16.179	+4.851	+24.609	+4.358	+4.417	+4.418	+16.289	+4.414	+16.318	+24.307	+16.501	+4.290	+4.289	+4.287	+19.147	+17.515	+18.701	+4.031	+4.071	+17.435	+4.002	+4.020	+16.523	+4.214	+4.175	+17.295	+16.444	+15.255	+16.284	+15.774	+16.109	+15.627	+16.002	+15.909	+19.490	+15.603	+15.309	+11.719	+3.822	+3.738	+3.725	+3.660	+3.969	+3.688	+4.382	+4.427	+4.418	+4.222	+3.805	+4.740	+4.718	+5.482	
rs13242539     +5.466	+5.294	+5.577	+4.317	+4.305	+4.412	+4.425	+4.472	+4.429	+17.013	+4.934	+4.932	+4.543	+4.540	+4.942	+5.123	+5.333	+5.057	+4.335	+4.367	+6.375	+6.371	+6.371	+6.370	+6.340	+26.080	+6.485	+27.106	+27.066	+4.974	+5.042	+12.914	+5.042	+28.164	+6.596	+28.090	+28.084	+25.159	+26.442	+27.477	+25.786	+4.440	+25.368	+26.332	+27.029	+17.700	+25.046	+5.759	+5.750	+16.704	+5.497	+16.814	+24.499	+5.384	+5.615	+5.393	+5.394	+16.506	+26.154	+5.448	+5.448	+10.013	+5.447	+5.447	+5.539	+5.519	+16.513	+5.434	+16.506	+16.503	+16.652	+5.458	+5.434	+5.334	+16.055	+16.571	+16.568	+5.454	+5.453	+16.421	+16.421	+5.453	+9.936	+25.895	+5.038	+5.450	+16.373	+5.421	+9.926	+25.968	+16.251	+9.896	+16.188	+9.894	+9.878	+5.408	+26.036	+4.877	+4.945	+4.947	+9.959	+4.942	+9.981	+25.722	+14.507	+4.776	+4.776	+4.774	+20.428	+12.368	+19.924	+4.487	+4.527	+12.295	+4.451	+4.458	+12.234	+4.621	+4.579	+18.735	+12.382	+11.472	+12.255	+11.829	+12.121	+11.716	+12.038	+11.970	+20.986	+11.601	+11.372	+8.647	+4.302	+3.997	+3.984	+3.918	+4.458	+3.943	+4.990	+5.052	+5.166	+4.919	+4.127	+4.488	+4.480	+5.757	
rs35375940     +5.470	+5.299	+5.582	+4.322	+4.310	+4.417	+4.430	+4.476	+4.434	+17.015	+4.938	+4.937	+4.548	+4.544	+4.947	+5.127	+5.338	+5.062	+4.367	+4.341	+6.377	+6.374	+6.373	+6.373	+6.343	+26.082	+6.487	+27.109	+27.069	+4.983	+5.051	+12.917	+5.051	+28.165	+6.598	+28.093	+28.087	+25.162	+26.452	+27.486	+25.787	+4.442	+25.371	+26.335	+27.039	+17.699	+25.048	+5.762	+5.754	+16.704	+5.501	+16.813	+24.501	+5.388	+5.619	+5.397	+5.398	+16.506	+26.163	+5.452	+5.451	+10.015	+5.451	+5.451	+5.543	+5.523	+16.512	+5.438	+16.506	+16.502	+16.651	+5.462	+5.438	+5.338	+16.054	+16.570	+16.568	+5.458	+5.457	+16.421	+16.420	+5.457	+9.938	+25.904	+5.048	+5.454	+16.372	+5.425	+9.928	+25.977	+16.250	+9.898	+16.187	+9.897	+9.881	+5.411	+26.045	+4.881	+4.949	+4.951	+9.962	+4.946	+9.983	+25.731	+14.507	+4.780	+4.780	+4.778	+20.437	+12.372	+19.933	+4.492	+4.531	+12.299	+4.455	+4.463	+12.238	+4.625	+4.583	+18.743	+12.386	+11.477	+12.259	+11.833	+12.125	+11.720	+12.042	+11.974	+20.994	+11.604	+11.376	+8.651	+4.309	+4.003	+3.990	+3.924	+4.464	+3.949	+4.996	+5.058	+5.172	+4.925	+4.133	+4.494	+4.486	+5.763	
rs79061489     +6.120	+6.087	+6.147	+5.941	+5.942	+5.944	+5.945	+5.951	+5.946	+17.096	+6.212	+6.214	+5.969	+5.969	+6.193	+6.155	+6.081	+6.215	+6.375	+6.377	+6.502	+6.557	+6.557	+6.557	+6.531	+21.096	+6.577	+21.724	+21.699	+6.292	+6.271	+22.778	+6.271	+30.247	+6.657	+22.423	+22.431	+20.106	+27.892	+28.956	+27.330	+6.598	+20.293	+21.269	+28.475	+19.348	+24.298	+6.362	+6.360	+18.611	+6.243	+18.697	+23.718	+6.195	+6.305	+6.199	+6.199	+18.479	+27.561	+6.225	+6.224	+19.362	+6.224	+6.224	+6.312	+6.302	+18.483	+6.218	+18.478	+18.475	+18.587	+6.229	+6.218	+6.197	+18.451	+18.525	+18.524	+6.227	+6.227	+18.414	+18.413	+6.227	+19.247	+27.301	+6.236	+6.225	+18.377	+6.212	+19.226	+27.379	+18.286	+19.183	+18.237	+19.180	+19.161	+6.207	+27.447	+6.028	+6.042	+6.043	+19.270	+6.042	+19.299	+27.138	+17.327	+6.021	+6.021	+6.021	+21.936	+20.437	+21.480	+6.000	+6.005	+20.340	+6.000	+6.006	+19.245	+6.023	+6.017	+19.765	+19.110	+17.933	+18.949	+18.429	+18.766	+18.273	+18.655	+18.557	+21.942	+18.240	+17.936	+14.197	+6.126	+6.044	+6.030	+5.958	+6.196	+5.983	+6.747	+6.796	+6.786	+6.578	+6.053	+7.074	+7.061	+7.954	
rs2110553      +6.115	+6.082	+6.142	+5.935	+5.936	+5.938	+5.939	+5.945	+5.941	+17.096	+6.203	+6.204	+5.964	+5.963	+6.184	+6.147	+6.076	+6.206	+6.371	+6.374	+6.557	+6.496	+6.554	+6.554	+6.528	+21.095	+6.574	+21.723	+21.698	+6.287	+6.266	+22.773	+6.266	+30.258	+6.654	+22.421	+22.430	+20.104	+27.887	+28.951	+27.339	+6.593	+20.291	+21.268	+28.470	+19.343	+24.296	+6.357	+6.354	+18.606	+6.238	+18.692	+23.715	+6.189	+6.300	+6.194	+6.194	+18.474	+27.555	+6.219	+6.219	+19.356	+6.219	+6.219	+6.307	+6.297	+18.478	+6.213	+18.473	+18.470	+18.582	+6.224	+6.213	+6.191	+18.446	+18.520	+18.518	+6.222	+6.221	+18.409	+18.408	+6.222	+19.241	+27.296	+6.231	+6.220	+18.372	+6.207	+19.220	+27.374	+18.281	+19.177	+18.232	+19.174	+19.155	+6.202	+27.442	+6.023	+6.037	+6.038	+19.264	+6.037	+19.293	+27.133	+17.322	+6.016	+6.016	+6.015	+21.931	+20.431	+21.475	+5.994	+5.999	+20.334	+5.995	+6.000	+19.239	+6.018	+6.012	+19.760	+19.105	+17.928	+18.943	+18.424	+18.761	+18.267	+18.649	+18.551	+21.937	+18.234	+17.930	+14.191	+6.121	+6.038	+6.024	+5.953	+6.191	+5.977	+6.741	+6.790	+6.781	+6.573	+6.047	+7.068	+7.054	+7.948	
rs7456324      +6.114	+6.081	+6.142	+5.934	+5.935	+5.938	+5.939	+5.945	+5.940	+17.096	+6.202	+6.203	+5.963	+5.963	+6.183	+6.146	+6.075	+6.205	+6.371	+6.373	+6.557	+6.554	+6.496	+6.553	+6.528	+21.095	+6.574	+21.723	+21.698	+6.286	+6.265	+22.772	+6.265	+30.259	+6.654	+22.421	+22.430	+20.104	+27.887	+28.951	+27.340	+6.592	+20.291	+21.268	+28.469	+19.342	+24.296	+6.356	+6.354	+18.605	+6.238	+18.692	+23.715	+6.189	+6.299	+6.193	+6.194	+18.473	+27.555	+6.219	+6.219	+19.356	+6.218	+6.218	+6.307	+6.297	+18.477	+6.212	+18.472	+18.469	+18.581	+6.223	+6.213	+6.191	+18.445	+18.520	+18.518	+6.221	+6.221	+18.408	+18.408	+6.221	+19.241	+27.295	+6.230	+6.220	+18.372	+6.206	+19.219	+27.373	+18.280	+19.176	+18.231	+19.174	+19.154	+6.201	+27.442	+6.022	+6.037	+6.037	+19.263	+6.036	+19.292	+27.133	+17.322	+6.015	+6.015	+6.015	+21.931	+20.431	+21.474	+5.994	+5.999	+20.334	+5.994	+6.000	+19.239	+6.017	+6.011	+19.759	+19.104	+17.927	+18.943	+18.423	+18.760	+18.266	+18.648	+18.550	+21.936	+18.234	+17.930	+14.190	+6.120	+6.037	+6.023	+5.952	+6.190	+5.976	+6.740	+6.789	+6.780	+6.572	+6.047	+7.068	+7.054	+7.948	
rs17482123     +6.114	+6.081	+6.141	+5.934	+5.935	+5.937	+5.938	+5.944	+5.940	+17.096	+6.201	+6.203	+5.963	+5.962	+6.183	+6.146	+6.075	+6.205	+6.370	+6.373	+6.557	+6.554	+6.553	+6.495	+6.527	+21.094	+6.574	+21.723	+21.698	+6.286	+6.265	+22.772	+6.265	+30.260	+6.654	+22.421	+22.430	+20.104	+27.886	+28.950	+27.341	+6.592	+20.291	+21.267	+28.469	+19.342	+24.296	+6.356	+6.354	+18.605	+6.237	+18.691	+23.715	+6.189	+6.299	+6.193	+6.193	+18.473	+27.555	+6.219	+6.218	+19.355	+6.218	+6.218	+6.306	+6.296	+18.477	+6.212	+18.472	+18.469	+18.581	+6.223	+6.212	+6.191	+18.445	+18.519	+18.518	+6.221	+6.220	+18.408	+18.407	+6.221	+19.240	+27.295	+6.230	+6.219	+18.371	+6.206	+19.219	+27.373	+18.280	+19.176	+18.231	+19.173	+19.154	+6.201	+27.441	+6.022	+6.036	+6.037	+19.263	+6.036	+19.292	+27.132	+17.321	+6.015	+6.015	+6.015	+21.930	+20.430	+21.474	+5.993	+5.998	+20.333	+5.994	+5.999	+19.238	+6.017	+6.011	+19.759	+19.104	+17.927	+18.942	+18.423	+18.760	+18.266	+18.648	+18.550	+21.936	+18.233	+17.929	+14.190	+6.120	+6.037	+6.023	+5.952	+6.190	+5.976	+6.740	+6.789	+6.780	+6.572	+6.046	+7.067	+7.053	+7.948	
rs117310337    +6.074	+6.037	+6.104	+5.886	+5.887	+5.892	+5.894	+5.901	+5.896	+17.092	+6.133	+6.134	+5.920	+5.920	+6.116	+6.086	+6.031	+6.137	+6.340	+6.343	+6.531	+6.528	+6.528	+6.527	+6.449	+21.079	+6.551	+21.709	+21.684	+6.241	+6.220	+22.730	+6.219	+30.382	+6.632	+22.408	+22.416	+20.086	+27.843	+28.907	+27.443	+6.547	+20.274	+21.250	+28.420	+19.292	+24.278	+6.310	+6.308	+18.555	+6.192	+18.642	+23.694	+6.143	+6.253	+6.148	+6.148	+18.422	+27.510	+6.173	+6.173	+19.302	+6.173	+6.173	+6.261	+6.251	+18.426	+6.167	+18.421	+18.418	+18.530	+6.177	+6.167	+6.145	+18.393	+18.468	+18.467	+6.176	+6.175	+18.357	+18.356	+6.175	+19.186	+27.250	+6.184	+6.174	+18.320	+6.161	+19.165	+27.329	+18.228	+19.121	+18.179	+19.119	+19.099	+6.156	+27.397	+5.977	+5.991	+5.992	+19.208	+5.991	+19.237	+27.088	+17.267	+5.970	+5.970	+5.970	+21.885	+20.385	+21.426	+5.951	+5.955	+20.287	+5.952	+5.957	+19.189	+5.972	+5.966	+19.710	+19.057	+17.880	+18.893	+18.373	+18.710	+18.216	+18.598	+18.500	+21.885	+18.184	+17.880	+14.135	+6.073	+5.990	+5.976	+5.905	+6.146	+5.929	+6.692	+6.740	+6.735	+6.527	+6.000	+7.015	+7.001	+7.901	
rs1468762      +21.060	+21.033	+21.085	+21.121	+21.130	+21.070	+21.064	+21.042	+21.062	+23.083	+20.949	+20.949	+21.052	+21.053	+20.949	+20.966	+21.045	+20.956	+26.080	+26.082	+21.096	+21.095	+21.095	+21.094	+21.079	+21.664	+21.061	+22.208	+22.179	+25.570	+25.766	+21.226	+25.768	+29.523	+21.090	+22.931	+22.939	+21.461	+28.276	+28.542	+28.149	+26.216	+21.520	+21.926	+28.417	+21.261	+28.313	+21.179	+21.189	+21.162	+21.122	+21.181	+28.009	+21.099	+21.169	+21.102	+21.102	+21.146	+28.349	+21.117	+21.117	+20.938	+21.117	+21.117	+21.194	+21.188	+21.147	+21.114	+21.146	+21.146	+21.166	+21.121	+21.114	+21.120	+21.121	+21.156	+21.156	+21.120	+21.120	+21.137	+21.137	+21.120	+20.939	+28.198	+25.628	+21.120	+21.132	+21.112	+20.939	+28.254	+21.119	+20.940	+21.113	+20.940	+20.940	+21.109	+28.307	+21.015	+21.021	+21.021	+20.938	+21.021	+20.937	+28.147	+21.025	+21.020	+21.020	+21.020	+26.628	+21.896	+26.466	+21.002	+21.007	+21.899	+21.004	+21.013	+21.830	+21.062	+21.055	+25.813	+21.878	+21.723	+21.834	+21.695	+21.791	+21.658	+21.764	+21.747	+26.687	+21.616	+21.548	+21.060	+21.107	+21.328	+21.310	+21.211	+21.460	+21.244	+21.944	+21.963	+22.243	+22.036	+21.163	+21.609	+21.629	+22.537	
rs74563317     +6.198	+6.151	+6.236	+5.993	+5.992	+6.009	+6.012	+6.024	+6.014	+17.211	+6.153	+6.154	+6.044	+6.043	+6.144	+6.142	+6.145	+6.162	+6.485	+6.487	+6.577	+6.574	+6.574	+6.574	+6.551	+21.061	+6.574	+21.689	+21.664	+6.363	+6.342	+22.903	+6.342	+30.702	+6.692	+22.389	+22.398	+20.063	+28.055	+29.107	+27.718	+6.576	+20.250	+21.229	+28.611	+19.257	+24.262	+6.366	+6.368	+18.525	+6.263	+18.611	+23.677	+6.221	+6.318	+6.225	+6.225	+18.392	+27.711	+6.247	+6.247	+19.433	+6.247	+6.247	+6.328	+6.319	+18.396	+6.241	+18.391	+18.388	+18.500	+6.251	+6.242	+6.226	+18.370	+18.438	+18.436	+6.249	+6.249	+18.327	+18.326	+6.249	+19.316	+27.449	+6.308	+6.248	+18.290	+6.237	+19.294	+27.527	+18.198	+19.250	+18.150	+19.248	+19.228	+6.232	+27.594	+6.091	+6.098	+6.098	+19.336	+6.098	+19.364	+27.282	+17.245	+6.087	+6.087	+6.087	+22.051	+20.521	+21.584	+6.097	+6.097	+20.423	+6.101	+6.104	+19.319	+6.089	+6.088	+19.847	+19.179	+18.010	+19.016	+18.495	+18.832	+18.337	+18.719	+18.620	+22.017	+18.300	+17.994	+14.241	+6.190	+6.104	+6.090	+6.020	+6.261	+6.044	+6.794	+6.837	+6.822	+6.617	+6.102	+7.106	+7.092	+7.965	
rs11760924     +21.699	+21.675	+21.722	+21.812	+21.820	+21.757	+21.750	+21.726	+21.748	+23.629	+21.603	+21.603	+21.737	+21.739	+21.602	+21.614	+21.680	+21.608	+27.106	+27.109	+21.724	+21.723	+21.723	+21.723	+21.709	+22.208	+21.689	+22.328	+22.387	+26.439	+26.643	+21.806	+26.645	+29.721	+21.714	+22.912	+22.922	+21.980	+28.715	+28.968	+28.394	+27.554	+22.004	+22.257	+28.859	+21.809	+28.599	+21.803	+21.813	+21.745	+21.754	+21.756	+28.328	+21.734	+21.796	+21.737	+21.737	+21.735	+28.804	+21.751	+21.751	+21.612	+21.751	+21.751	+21.822	+21.817	+21.736	+21.748	+21.735	+21.735	+21.746	+21.754	+21.748	+21.756	+21.722	+21.741	+21.740	+21.753	+21.753	+21.730	+21.730	+21.753	+21.616	+28.651	+26.498	+21.752	+21.728	+21.746	+21.616	+28.711	+21.721	+21.618	+21.718	+21.618	+21.618	+21.744	+28.760	+21.665	+21.669	+21.669	+21.612	+21.669	+21.610	+28.607	+21.689	+21.673	+21.673	+21.673	+27.150	+22.436	+26.993	+21.665	+21.669	+22.445	+21.668	+21.677	+22.375	+21.713	+21.708	+26.338	+22.419	+22.280	+22.378	+22.248	+22.338	+22.214	+22.313	+22.297	+27.173	+22.172	+22.110	+21.674	+21.756	+21.994	+21.977	+21.877	+22.112	+21.909	+22.592	+22.609	+22.882	+22.675	+21.823	+22.266	+22.286	+23.164	
rs4725016      +21.674	+21.650	+21.697	+21.783	+21.792	+21.728	+21.722	+21.698	+21.719	+23.619	+21.577	+21.577	+21.709	+21.711	+21.576	+21.589	+21.655	+21.582	+27.066	+27.069	+21.699	+21.698	+21.698	+21.698	+21.684	+22.179	+21.664	+22.387	+22.302	+26.412	+26.617	+21.782	+26.618	+29.712	+21.689	+22.914	+22.925	+21.956	+28.694	+28.948	+28.381	+27.523	+21.982	+22.239	+28.839	+21.785	+28.583	+21.778	+21.788	+21.720	+21.729	+21.731	+28.311	+21.709	+21.771	+21.711	+21.711	+21.710	+28.784	+21.725	+21.725	+21.586	+21.725	+21.725	+21.796	+21.791	+21.711	+21.722	+21.710	+21.710	+21.722	+21.729	+21.722	+21.731	+21.697	+21.716	+21.716	+21.728	+21.728	+21.705	+21.705	+21.728	+21.590	+28.630	+26.471	+21.727	+21.703	+21.721	+21.590	+28.691	+21.696	+21.592	+21.693	+21.592	+21.593	+21.718	+28.739	+21.640	+21.643	+21.643	+21.586	+21.643	+21.584	+28.586	+21.663	+21.647	+21.647	+21.647	+27.127	+22.410	+26.969	+21.639	+21.643	+22.419	+21.642	+21.651	+22.348	+21.687	+21.682	+26.316	+22.393	+22.253	+22.352	+22.222	+22.312	+22.188	+22.287	+22.271	+27.151	+22.146	+22.083	+21.648	+21.730	+21.968	+21.951	+21.850	+22.085	+21.883	+22.564	+22.580	+22.854	+22.648	+21.796	+22.240	+22.260	+23.135	
rs4725017      +4.483	+4.146	+4.674	+2.550	+2.523	+2.764	+2.791	+2.882	+2.805	+16.917	+3.635	+3.633	+3.099	+3.093	+3.640	+4.003	+4.263	+3.918	+4.974	+4.983	+6.292	+6.287	+6.286	+6.286	+6.241	+25.570	+6.363	+26.439	+26.412	-0.310	-0.422	+20.000	-0.422	+29.778	+6.494	+27.379	+27.385	+24.662	+18.711	+19.575	+27.286	+5.310	+24.915	+26.043	+19.163	+22.238	+25.261	+4.364	+4.356	+21.183	+3.904	+21.297	+24.567	+3.695	+4.067	+3.710	+3.711	+20.922	+18.527	+3.805	+3.804	+14.345	+3.803	+3.803	+3.813	+3.783	+20.930	+3.781	+20.922	+20.917	+21.100	+3.820	+3.781	+3.559	+20.753	+21.002	+20.999	+3.812	+3.811	+20.818	+20.817	+3.811	+14.184	+18.280	-0.442	+3.805	+20.758	+3.759	+14.153	+18.363	+20.614	+14.101	+20.543	+14.096	+14.052	+3.736	+18.423	+2.767	+2.877	+2.880	+14.204	+2.870	+14.232	+18.128	+18.732	+2.476	+2.475	+2.471	+12.929	+12.727	+12.511	+1.887	+1.983	+12.640	+1.789	+1.771	+12.147	+1.886	+1.809	+12.491	+12.142	+10.498	+11.952	+11.371	+11.756	+11.218	+11.635	+11.528	+14.852	+11.414	+11.072	+7.171	-0.129	-0.528	-0.538	-0.579	+0.095	-0.561	+0.340	+0.378	+0.451	+0.245	-0.264	+0.136	+0.117	+1.216	
rs13247522     +4.465	+4.127	+4.655	+2.545	+2.518	+2.759	+2.786	+2.877	+2.800	+16.904	+3.618	+3.615	+3.094	+3.088	+3.622	+3.985	+4.243	+3.900	+5.042	+5.051	+6.271	+6.266	+6.265	+6.265	+6.220	+25.766	+6.342	+26.643	+26.617	-0.422	-0.319	+20.340	-0.420	+29.720	+6.473	+27.591	+27.597	+24.861	+18.676	+19.539	+27.230	+5.384	+25.116	+26.249	+19.127	+22.436	+25.217	+4.348	+4.340	+21.379	+3.888	+21.494	+24.522	+3.679	+4.050	+3.694	+3.695	+21.116	+18.492	+3.789	+3.788	+14.585	+3.787	+3.787	+3.797	+3.766	+21.123	+3.765	+21.115	+21.110	+21.295	+3.804	+3.765	+3.543	+20.951	+21.195	+21.193	+3.796	+3.794	+21.010	+21.009	+3.795	+14.421	+18.245	-0.445	+3.789	+20.950	+3.743	+14.389	+18.328	+20.805	+14.337	+20.733	+14.332	+14.287	+3.719	+18.388	+2.752	+2.862	+2.864	+14.442	+2.855	+14.470	+18.093	+18.912	+2.461	+2.460	+2.456	+12.904	+12.827	+12.488	+1.873	+1.968	+12.740	+1.775	+1.757	+12.235	+1.868	+1.794	+12.466	+12.222	+10.562	+12.031	+11.446	+11.834	+11.292	+11.711	+11.604	+14.824	+11.494	+11.149	+7.224	-0.139	-0.537	-0.546	-0.588	+0.085	-0.569	+0.330	+0.367	+0.440	+0.234	-0.274	+0.130	+0.111	+1.207	
rs6954931      +20.328	+19.881	+20.562	+15.461	+15.434	+15.705	+15.731	+15.824	+15.758	+21.378	+19.272	+19.269	+16.077	+16.071	+19.273	+19.787	+20.367	+19.685	+12.914	+12.917	+22.778	+22.773	+22.772	+22.772	+22.730	+21.226	+22.903	+21.806	+21.782	+20.000	+20.340	+12.595	+20.343	+32.161	+23.046	+22.449	+22.457	+20.589	+19.816	+20.269	+30.798	+12.998	+20.729	+21.465	+20.043	+17.787	+27.870	+19.614	+19.609	+17.195	+18.989	+17.276	+27.296	+18.733	+19.211	+18.751	+18.753	+17.086	+19.861	+18.881	+18.880	+12.105	+18.879	+18.878	+18.821	+18.782	+17.091	+18.853	+17.086	+17.084	+17.184	+18.906	+18.853	+18.559	+16.736	+17.131	+17.130	+18.894	+18.892	+17.034	+17.033	+18.893	+12.099	+19.682	+20.142	+18.885	+17.004	+18.828	+12.098	+19.750	+16.926	+12.097	+16.883	+12.096	+12.095	+18.800	+19.803	+17.625	+17.773	+17.776	+12.101	+17.765	+12.102	+19.603	+15.809	+17.232	+17.231	+17.226	+17.165	+12.885	+16.996	+16.523	+16.652	+12.858	+16.386	+16.348	+13.091	+16.576	+16.470	+17.206	+13.238	+12.891	+13.175	+12.976	+13.117	+12.931	+13.080	+13.056	+18.500	+12.889	+12.796	+12.149	+12.325	+12.103	+12.086	+12.018	+12.995	+12.048	+13.070	+13.090	+13.522	+13.278	+12.385	+12.339	+12.345	+13.642	
rs62432609     +4.464	+4.127	+4.654	+2.545	+2.518	+2.758	+2.786	+2.877	+2.800	+16.904	+3.617	+3.615	+3.093	+3.088	+3.622	+3.984	+4.243	+3.900	+5.042	+5.051	+6.271	+6.266	+6.265	+6.265	+6.219	+25.768	+6.342	+26.645	+26.618	-0.422	-0.420	+20.343	-0.319	+29.719	+6.472	+27.593	+27.599	+24.862	+18.676	+19.539	+27.229	+5.385	+25.117	+26.250	+19.127	+22.438	+25.217	+4.348	+4.339	+21.380	+3.888	+21.495	+24.521	+3.678	+4.050	+3.694	+3.695	+21.117	+18.491	+3.789	+3.788	+14.587	+3.787	+3.786	+3.797	+3.766	+21.124	+3.764	+21.116	+21.112	+21.297	+3.804	+3.764	+3.542	+20.953	+21.197	+21.194	+3.796	+3.794	+21.012	+21.011	+3.795	+14.423	+18.245	-0.445	+3.789	+20.951	+3.742	+14.392	+18.328	+20.806	+14.339	+20.735	+14.334	+14.289	+3.719	+18.388	+2.751	+2.862	+2.864	+14.444	+2.855	+14.472	+18.093	+18.913	+2.461	+2.460	+2.456	+12.904	+12.828	+12.487	+1.872	+1.968	+12.741	+1.775	+1.757	+12.236	+1.867	+1.794	+12.465	+12.223	+10.562	+12.032	+11.447	+11.835	+11.293	+11.712	+11.604	+14.824	+11.495	+11.150	+7.224	-0.139	-0.537	-0.546	-0.588	+0.085	-0.570	+0.329	+0.367	+0.440	+0.234	-0.274	+0.130	+0.111	+1.207	
rs7812004      +29.496	+29.570	+29.425	+29.097	+29.115	+29.003	+28.992	+28.943	+28.982	+28.315	+30.251	+30.256	+28.993	+28.997	+30.237	+30.089	+29.433	+30.251	+28.164	+28.165	+30.247	+30.258	+30.259	+30.260	+30.382	+29.523	+30.702	+29.721	+29.712	+29.778	+29.720	+32.161	+29.719	+29.082	+30.673	+29.946	+29.953	+29.585	+31.013	+31.130	+28.701	+28.160	+29.655	+29.904	+31.067	+30.375	+29.270	+29.145	+29.103	+30.296	+29.239	+30.342	+29.186	+29.290	+29.092	+29.282	+29.281	+30.251	+31.127	+29.224	+29.225	+31.852	+29.225	+29.225	+28.974	+28.988	+30.253	+29.235	+30.251	+30.249	+30.308	+29.218	+29.235	+29.238	+30.326	+30.280	+30.279	+29.221	+29.222	+30.224	+30.224	+29.222	+31.800	+31.024	+29.679	+29.224	+30.209	+29.244	+31.794	+31.070	+30.171	+31.780	+30.153	+31.779	+31.772	+29.261	+31.111	+29.545	+29.506	+29.505	+31.834	+29.510	+31.853	+31.012	+29.922	+29.560	+29.560	+29.562	+30.421	+32.011	+30.374	+29.836	+29.771	+32.057	+29.860	+29.820	+31.346	+29.197	+29.252	+29.756	+31.204	+30.905	+31.129	+30.919	+31.053	+30.854	+31.006	+30.972	+30.177	+30.979	+30.852	+29.959	+28.147	+28.683	+28.664	+28.564	+28.375	+28.591	+28.693	+28.682	+28.759	+28.638	+28.343	+30.072	+30.094	+29.919	
rs79746174     +6.315	+6.270	+6.351	+6.117	+6.115	+6.132	+6.134	+6.146	+6.136	+17.267	+6.274	+6.275	+6.166	+6.165	+6.265	+6.262	+6.264	+6.282	+6.596	+6.598	+6.657	+6.654	+6.654	+6.654	+6.632	+21.090	+6.692	+21.714	+21.689	+6.494	+6.473	+23.046	+6.472	+30.673	+6.706	+22.399	+22.407	+20.075	+28.188	+29.256	+27.688	+6.660	+20.262	+21.241	+28.758	+19.305	+24.275	+6.463	+6.458	+18.572	+6.362	+18.658	+23.682	+6.324	+6.413	+6.327	+6.328	+18.439	+27.840	+6.348	+6.348	+19.609	+6.347	+6.347	+6.424	+6.415	+18.443	+6.343	+18.438	+18.435	+18.547	+6.351	+6.343	+6.332	+18.425	+18.486	+18.484	+6.350	+6.349	+18.374	+18.373	+6.350	+19.491	+27.574	+6.438	+6.349	+18.337	+6.339	+19.468	+27.656	+18.246	+19.426	+18.198	+19.424	+19.404	+6.335	+27.723	+6.218	+6.220	+6.221	+19.512	+6.220	+19.540	+27.411	+17.301	+6.216	+6.216	+6.216	+22.196	+20.663	+21.728	+6.240	+6.243	+20.565	+6.245	+6.247	+19.447	+6.217	+6.218	+19.967	+19.302	+18.138	+19.139	+18.619	+18.955	+18.460	+18.842	+18.742	+22.129	+18.420	+18.114	+14.348	+6.319	+6.248	+6.234	+6.162	+6.388	+6.186	+6.943	+6.985	+6.966	+6.759	+6.242	+7.255	+7.240	+8.114	
