## Summary of overall evidence for association with region:
## log10(BF for region) = 9.3481
## p-value for region = NA

## BFs for choosing among multi-SNP models:
## log10(average 1-SNP BF) = 7.64861
## log10(average 2-SNP BF) = 9.8194

## Example posterior probabilities for multi-SNP models, based on default prior: [p(l) propto 0.5^l for l=1,2,...,L]
## posterior probability of 1-SNP = 0.0133175
## posterior probability of 2-SNP = 0.986683

## log10(BF) for single SNP and pair of SNPs:
rs11212287     -0.651	-0.853	-0.842	-0.778	-0.790	-0.841	-0.824	-0.431	+2.654	-0.847	-0.915	-0.843	-0.865	-0.933	-0.952	-0.857	-0.924	-0.660	-0.872	-0.150	-0.045	+0.741	-0.011	+0.741	-0.079	-0.015	-0.011	-0.011	-0.037	-0.091	-0.253	-0.192	-0.128	-0.643	-0.665	-0.709	-0.470	-1.119	-1.114	-1.122	-0.486	-1.118	-0.511	-1.117	-1.085	-0.485	-1.112	-1.090	-1.071	-1.115	-0.492	-1.080	-1.076	-1.066	-1.090	-0.464	-1.089	-1.091	-1.093	-0.560	-0.566	-1.071	-0.459	-0.759	-1.092	-1.076	-0.699	-0.699	-0.466	-1.076	-1.082	-1.078	-0.625	-0.698	-1.091	-0.674	-0.687	-0.680	-0.884	-0.717	-0.689	-0.719	-0.687	-1.113	-0.679	-0.669	-1.078	-0.587	-0.697	-0.606	-0.556	-0.535	-0.560	-0.567	-1.003	-0.986	-0.916	-0.903	-0.897	-0.879	+3.665	+3.700	+3.853	+5.553	+6.951	+6.987	+7.090	+7.194	+7.209	+7.262	+5.293	+7.182	+7.083	+7.107	+7.542	+7.170	+8.332	+5.354	+7.252	+7.076	+5.215	+7.139	+7.633	+5.593	+7.769	+7.738	+7.735	+7.802	+7.877	+8.006	+7.827	+7.826	+7.821	+7.020	+7.017	+5.271	+8.056	+7.017	+6.882	+6.763	+3.310	+3.000	+3.142	+5.145	+3.006	+0.812	+5.171	+4.727	-0.438	+5.646	+6.102	+4.757	+4.612	+4.518	+4.113	+4.984	+5.566	+4.579	+3.426	+5.105	+5.155	+4.724	+5.019	+5.164	+5.164	+5.943	+4.183	+4.824	+4.035	+5.490	+5.491	+5.485	+3.655	+1.835	+5.476	+5.429	+5.408	+5.435	+5.766	+5.677	+5.722	+5.514	+5.712	+5.790	+5.783	+5.387	+4.813	+5.265	
rs504712       -0.853	-0.661	-0.800	-0.878	-0.873	-0.802	-0.870	-0.463	+2.732	-0.865	-0.926	-0.854	-0.876	-0.944	-0.963	-0.868	-0.935	-0.677	-0.883	-0.164	-0.061	+0.716	-0.028	+0.716	-0.094	-0.031	-0.028	-0.027	-0.052	-0.106	-0.267	-0.205	-0.143	-0.654	-0.676	-0.719	-0.494	-1.125	-1.120	-1.128	-0.510	-1.125	-0.534	-1.123	-1.089	-0.508	-1.118	-1.095	-1.074	-1.122	-0.515	-1.084	-1.080	-1.070	-1.095	-0.476	-1.093	-1.096	-1.097	-0.583	-0.588	-1.075	-0.471	-0.779	-1.096	-1.079	-0.720	-0.720	-0.479	-1.079	-1.086	-1.082	-0.646	-0.718	-1.095	-0.695	-0.708	-0.701	-0.884	-0.737	-0.710	-0.740	-0.707	-1.120	-0.700	-0.690	-1.084	-0.608	-0.717	-0.628	-0.578	-0.558	-0.582	-0.589	-1.007	-0.990	-0.918	-0.915	-0.900	-0.881	+3.647	+3.670	+3.821	+5.537	+6.932	+6.969	+7.072	+7.176	+7.191	+7.244	+5.259	+7.164	+7.065	+7.089	+7.536	+7.152	+8.326	+5.320	+7.235	+7.058	+5.181	+7.121	+7.636	+5.574	+7.770	+7.738	+7.735	+7.803	+7.878	+8.007	+7.828	+7.827	+7.822	+7.002	+7.000	+5.237	+8.050	+6.993	+6.865	+6.740	+3.304	+2.976	+3.118	+5.130	+2.982	+0.800	+5.156	+4.724	-0.438	+5.643	+6.087	+4.744	+4.602	+4.508	+4.099	+4.970	+5.512	+4.579	+3.399	+5.091	+5.147	+4.722	+5.004	+5.149	+5.149	+5.930	+4.152	+4.827	+4.019	+5.483	+5.485	+5.478	+3.649	+1.805	+5.469	+5.422	+5.403	+5.428	+5.745	+5.659	+5.715	+5.461	+5.691	+5.769	+5.762	+5.380	+4.816	+5.258	
rs661708       -0.842	-0.800	-0.661	-0.870	-0.863	-0.800	-0.859	-0.468	+2.743	-0.867	-0.927	-0.854	-0.877	-0.945	-0.963	-0.869	-0.935	-0.678	-0.883	-0.164	-0.062	+0.713	-0.029	+0.713	-0.095	-0.032	-0.028	-0.028	-0.053	-0.106	-0.267	-0.206	-0.144	-0.654	-0.677	-0.719	-0.496	-1.125	-1.120	-1.128	-0.512	-1.124	-0.537	-1.123	-1.088	-0.511	-1.118	-1.094	-1.074	-1.121	-0.518	-1.083	-1.080	-1.070	-1.094	-0.478	-1.093	-1.096	-1.097	-0.585	-0.591	-1.074	-0.473	-0.781	-1.096	-1.079	-0.722	-0.722	-0.481	-1.079	-1.086	-1.082	-0.649	-0.721	-1.095	-0.697	-0.710	-0.703	-0.883	-0.739	-0.712	-0.742	-0.710	-1.120	-0.702	-0.692	-1.083	-0.611	-0.720	-0.630	-0.581	-0.560	-0.585	-0.592	-1.007	-0.989	-0.917	-0.916	-0.899	-0.880	+3.645	+3.665	+3.817	+5.535	+6.930	+6.967	+7.070	+7.174	+7.188	+7.242	+5.253	+7.162	+7.063	+7.087	+7.536	+7.150	+8.326	+5.315	+7.233	+7.056	+5.175	+7.119	+7.638	+5.571	+7.771	+7.739	+7.736	+7.804	+7.879	+8.009	+7.829	+7.828	+7.823	+7.001	+6.998	+5.232	+8.050	+6.990	+6.863	+6.736	+3.304	+2.972	+3.113	+5.128	+2.978	+0.799	+5.153	+4.725	-0.437	+5.643	+6.085	+4.742	+4.601	+4.507	+4.097	+4.968	+5.505	+4.580	+3.395	+5.089	+5.146	+4.722	+5.002	+5.148	+5.148	+5.928	+4.148	+4.829	+4.018	+5.483	+5.484	+5.477	+3.648	+1.802	+5.469	+5.422	+5.403	+5.427	+5.742	+5.657	+5.715	+5.454	+5.689	+5.766	+5.759	+5.380	+4.818	+5.257	
rs10789624     -0.778	-0.878	-0.870	-0.658	-0.796	-0.869	-0.815	-0.449	+2.679	-0.857	-0.923	-0.850	-0.873	-0.941	-0.959	-0.864	-0.931	-0.670	-0.879	-0.158	-0.054	+0.728	-0.021	+0.728	-0.088	-0.024	-0.020	-0.020	-0.046	-0.099	-0.262	-0.200	-0.137	-0.650	-0.673	-0.716	-0.484	-1.124	-1.119	-1.127	-0.500	-1.123	-0.525	-1.122	-1.089	-0.499	-1.117	-1.094	-1.074	-1.120	-0.505	-1.084	-1.080	-1.070	-1.094	-0.473	-1.093	-1.096	-1.097	-0.573	-0.579	-1.075	-0.468	-0.771	-1.096	-1.079	-0.712	-0.711	-0.476	-1.079	-1.086	-1.082	-0.638	-0.710	-1.095	-0.686	-0.699	-0.692	-0.886	-0.729	-0.701	-0.731	-0.699	-1.118	-0.691	-0.682	-1.083	-0.599	-0.709	-0.619	-0.569	-0.548	-0.573	-0.580	-1.007	-0.990	-0.919	-0.911	-0.901	-0.882	+3.653	+3.681	+3.833	+5.543	+6.939	+6.975	+7.078	+7.182	+7.197	+7.250	+5.271	+7.170	+7.071	+7.095	+7.537	+7.158	+8.326	+5.332	+7.241	+7.064	+5.192	+7.127	+7.632	+5.580	+7.767	+7.736	+7.732	+7.800	+7.875	+8.004	+7.825	+7.824	+7.819	+7.008	+7.005	+5.249	+8.050	+7.002	+6.871	+6.748	+3.305	+2.983	+3.124	+5.134	+2.989	+0.803	+5.159	+4.723	-0.440	+5.642	+6.091	+4.747	+4.604	+4.510	+4.102	+4.974	+5.538	+4.577	+3.408	+5.095	+5.148	+4.721	+5.008	+5.153	+5.153	+5.933	+4.164	+4.824	+4.024	+5.484	+5.485	+5.479	+3.649	+1.820	+5.470	+5.423	+5.403	+5.428	+5.752	+5.664	+5.716	+5.487	+5.698	+5.776	+5.769	+5.381	+4.814	+5.259	
rs7107870      -0.790	-0.873	-0.863	-0.796	-0.656	-0.862	-0.819	-0.444	+2.672	-0.854	-0.921	-0.848	-0.871	-0.939	-0.958	-0.862	-0.929	-0.667	-0.877	-0.156	-0.052	+0.731	-0.018	+0.732	-0.085	-0.022	-0.018	-0.018	-0.043	-0.097	-0.259	-0.198	-0.134	-0.648	-0.671	-0.714	-0.480	-1.123	-1.118	-1.125	-0.496	-1.122	-0.521	-1.120	-1.088	-0.495	-1.116	-1.093	-1.073	-1.119	-0.502	-1.083	-1.079	-1.069	-1.093	-0.470	-1.092	-1.095	-1.096	-0.570	-0.576	-1.074	-0.465	-0.768	-1.095	-1.078	-0.708	-0.708	-0.473	-1.079	-1.085	-1.081	-0.634	-0.707	-1.094	-0.683	-0.696	-0.689	-0.885	-0.725	-0.698	-0.728	-0.696	-1.117	-0.688	-0.678	-1.081	-0.596	-0.706	-0.616	-0.565	-0.545	-0.570	-0.577	-1.007	-0.989	-0.918	-0.909	-0.900	-0.882	+3.656	+3.686	+3.839	+5.546	+6.942	+6.978	+7.081	+7.186	+7.201	+7.253	+5.277	+7.174	+7.074	+7.098	+7.538	+7.162	+8.328	+5.338	+7.244	+7.068	+5.199	+7.131	+7.632	+5.583	+7.768	+7.737	+7.733	+7.800	+7.876	+8.005	+7.826	+7.825	+7.820	+7.012	+7.009	+5.255	+8.052	+7.006	+6.874	+6.753	+3.306	+2.988	+3.129	+5.137	+2.994	+0.805	+5.163	+4.724	-0.440	+5.643	+6.095	+4.750	+4.606	+4.512	+4.105	+4.977	+5.546	+4.578	+3.413	+5.098	+5.150	+4.721	+5.011	+5.156	+5.156	+5.936	+4.170	+4.824	+4.027	+5.486	+5.487	+5.480	+3.650	+1.825	+5.471	+5.425	+5.404	+5.430	+5.756	+5.668	+5.718	+5.495	+5.702	+5.780	+5.773	+5.383	+4.813	+5.260	
rs646990       -0.841	-0.802	-0.800	-0.869	-0.862	-0.661	-0.856	-0.469	+2.746	-0.867	-0.927	-0.854	-0.877	-0.944	-0.963	-0.869	-0.935	-0.678	-0.883	-0.164	-0.062	+0.713	-0.029	+0.713	-0.095	-0.032	-0.029	-0.028	-0.053	-0.106	-0.267	-0.206	-0.144	-0.654	-0.677	-0.719	-0.497	-1.125	-1.120	-1.128	-0.513	-1.124	-0.538	-1.122	-1.088	-0.512	-1.118	-1.094	-1.073	-1.121	-0.518	-1.083	-1.079	-1.069	-1.094	-0.478	-1.092	-1.095	-1.096	-0.586	-0.591	-1.074	-0.473	-0.781	-1.095	-1.078	-0.723	-0.722	-0.481	-1.078	-1.085	-1.081	-0.649	-0.721	-1.094	-0.698	-0.710	-0.703	-0.882	-0.739	-0.712	-0.742	-0.710	-1.120	-0.703	-0.693	-1.083	-0.611	-0.720	-0.631	-0.581	-0.561	-0.585	-0.592	-1.006	-0.989	-0.917	-0.916	-0.898	-0.880	+3.645	+3.665	+3.816	+5.535	+6.930	+6.966	+7.069	+7.174	+7.188	+7.242	+5.252	+7.162	+7.063	+7.086	+7.536	+7.150	+8.326	+5.314	+7.233	+7.056	+5.174	+7.119	+7.638	+5.571	+7.771	+7.740	+7.736	+7.804	+7.879	+8.009	+7.830	+7.829	+7.824	+7.000	+6.997	+5.231	+8.050	+6.989	+6.863	+6.736	+3.304	+2.971	+3.113	+5.128	+2.977	+0.798	+5.153	+4.725	-0.437	+5.643	+6.085	+4.742	+4.601	+4.507	+4.096	+4.968	+5.504	+4.581	+3.394	+5.089	+5.147	+4.723	+5.002	+5.147	+5.147	+5.928	+4.147	+4.829	+4.017	+5.483	+5.484	+5.477	+3.648	+1.802	+5.469	+5.422	+5.403	+5.427	+5.742	+5.656	+5.715	+5.452	+5.688	+5.766	+5.759	+5.380	+4.819	+5.257	
rs6588969      -0.824	-0.870	-0.859	-0.815	-0.819	-0.856	-0.651	-0.431	+2.658	-0.846	-0.915	-0.842	-0.865	-0.933	-0.952	-0.856	-0.924	-0.660	-0.872	-0.150	-0.045	+0.740	-0.011	+0.740	-0.079	-0.015	-0.011	-0.011	-0.037	-0.090	-0.253	-0.191	-0.128	-0.643	-0.665	-0.709	-0.471	-1.118	-1.113	-1.121	-0.487	-1.117	-0.512	-1.116	-1.084	-0.486	-1.112	-1.089	-1.070	-1.115	-0.492	-1.079	-1.075	-1.065	-1.089	-0.464	-1.088	-1.091	-1.092	-0.561	-0.567	-1.070	-0.459	-0.760	-1.091	-1.075	-0.700	-0.700	-0.467	-1.075	-1.081	-1.077	-0.626	-0.698	-1.090	-0.675	-0.688	-0.680	-0.883	-0.717	-0.689	-0.720	-0.687	-1.112	-0.680	-0.670	-1.077	-0.587	-0.697	-0.607	-0.557	-0.536	-0.561	-0.568	-1.003	-0.986	-0.915	-0.903	-0.897	-0.878	+3.664	+3.695	+3.848	+5.551	+6.947	+6.983	+7.086	+7.191	+7.206	+7.258	+5.287	+7.179	+7.079	+7.103	+7.542	+7.167	+8.331	+5.348	+7.249	+7.073	+5.208	+7.136	+7.634	+5.590	+7.770	+7.739	+7.735	+7.803	+7.878	+8.007	+7.828	+7.827	+7.822	+7.016	+7.014	+5.265	+8.055	+7.013	+6.879	+6.760	+3.310	+2.997	+3.139	+5.144	+3.003	+0.811	+5.170	+4.728	-0.437	+5.647	+6.100	+4.755	+4.612	+4.518	+4.112	+4.982	+5.565	+4.580	+3.422	+5.104	+5.154	+4.725	+5.018	+5.162	+5.162	+5.941	+4.181	+4.825	+4.035	+5.490	+5.492	+5.485	+3.655	+1.835	+5.476	+5.429	+5.408	+5.435	+5.764	+5.675	+5.722	+5.513	+5.710	+5.788	+5.780	+5.387	+4.815	+5.265	
rs144514377    -0.431	-0.463	-0.468	-0.449	-0.444	-0.469	-0.431	+0.082	+3.382	-0.218	-0.287	-0.219	-0.236	-0.303	-0.321	-0.228	-0.294	-0.051	-0.242	+0.486	+0.584	+1.323	+0.618	+1.323	+0.555	+0.614	+0.618	+0.618	+0.597	+0.544	+0.379	+0.442	+0.501	-0.012	-0.033	-0.041	+0.084	-0.452	-0.446	-0.456	+0.069	-0.452	+0.045	-0.449	-0.414	+0.070	-0.443	-0.421	-0.396	-0.448	+0.064	-0.407	-0.403	-0.388	-0.420	+0.117	-0.419	-0.422	-0.423	+0.001	-0.004	-0.397	+0.122	-0.180	-0.422	-0.403	-0.126	-0.126	+0.114	-0.403	-0.411	-0.406	-0.058	-0.125	-0.421	-0.103	-0.115	-0.108	-0.188	-0.141	-0.116	-0.144	-0.114	-0.456	-0.108	-0.098	-0.413	-0.022	-0.124	-0.040	+0.007	+0.026	+0.003	-0.004	-0.326	-0.307	-0.226	-0.237	-0.207	-0.187	+4.511	+4.172	+4.318	+6.516	+7.968	+8.009	+8.113	+8.219	+8.231	+8.290	+5.738	+8.207	+8.107	+8.133	+8.869	+8.200	+9.718	+5.800	+8.279	+8.100	+5.662	+8.164	+8.723	+6.091	+8.828	+8.794	+8.790	+8.862	+8.939	+9.069	+8.884	+8.883	+8.878	+8.047	+8.044	+5.718	+9.420	+8.302	+7.908	+8.041	+4.279	+3.500	+3.639	+6.315	+3.501	+1.500	+6.335	+5.837	+0.277	+6.852	+7.094	+5.703	+5.537	+5.439	+5.195	+5.933	+6.620	+5.497	+3.924	+6.045	+6.376	+5.652	+5.957	+6.093	+6.093	+6.889	+4.934	+6.001	+4.800	+6.369	+6.368	+6.361	+4.686	+2.425	+6.352	+6.306	+6.268	+6.311	+6.636	+6.533	+6.613	+6.565	+6.582	+6.661	+6.653	+6.262	+5.983	+6.137	
rs3132820      +2.654	+2.732	+2.743	+2.679	+2.672	+2.746	+2.658	+3.382	+3.496	+3.023	+2.712	+2.776	+2.748	+2.693	+2.679	+2.755	+2.702	+2.814	+2.742	+3.331	+3.432	+4.208	+3.463	+4.209	+3.393	+3.460	+3.464	+3.464	+3.431	+3.382	+3.235	+3.293	+3.358	+2.969	+2.952	+3.202	+3.387	+2.630	+2.637	+2.626	+3.366	+2.631	+3.335	+2.634	+2.662	+3.369	+2.640	+2.655	+2.680	+2.635	+3.362	+2.668	+2.673	+2.715	+2.654	+3.436	+2.655	+2.652	+2.650	+3.293	+3.285	+2.678	+3.443	+3.053	+2.651	+2.672	+3.124	+3.124	+3.434	+2.672	+2.663	+2.668	+3.213	+3.126	+2.651	+3.155	+3.140	+3.148	+2.928	+3.104	+3.138	+3.102	+3.140	+2.629	+3.151	+3.162	+2.678	+3.262	+3.128	+3.236	+3.300	+3.324	+3.295	+3.286	+2.776	+2.797	+2.914	+2.891	+2.909	+2.933	+7.394	+7.439	+7.594	+9.538	+10.950	+10.977	+11.082	+11.188	+11.204	+11.255	+9.025	+11.172	+11.070	+11.096	+11.528	+11.148	+12.425	+9.104	+11.274	+11.098	+8.966	+11.163	+11.805	+9.506	+11.939	+11.916	+11.912	+11.982	+12.053	+12.187	+12.006	+12.005	+12.000	+11.048	+11.045	+9.021	+12.164	+10.946	+10.899	+10.777	+7.282	+6.809	+6.960	+8.975	+6.844	+4.385	+8.989	+8.721	+3.422	+9.637	+10.158	+8.797	+8.490	+8.394	+7.903	+8.997	+9.459	+8.599	+7.241	+9.108	+8.947	+8.895	+9.013	+9.170	+9.169	+9.689	+7.910	+8.770	+7.801	+9.444	+9.442	+9.434	+7.553	+6.396	+9.424	+9.378	+9.204	+9.379	+9.534	+9.301	+9.672	+9.414	+9.480	+9.558	+9.551	+9.333	+8.749	+9.207	
rs11212296     -0.847	-0.865	-0.867	-0.857	-0.854	-0.867	-0.846	-0.218	+3.023	-0.349	-0.662	-0.592	-0.614	-0.679	-0.696	-0.606	-0.670	-0.423	-0.620	+0.093	+0.195	+0.969	+0.229	+0.969	+0.163	+0.225	+0.229	+0.229	+0.205	+0.151	-0.012	+0.050	+0.112	-0.397	-0.419	-0.429	-0.230	-0.831	-0.825	-0.834	-0.245	-0.830	-0.270	-0.828	-0.790	-0.244	-0.823	-0.797	-0.773	-0.827	-0.250	-0.784	-0.780	-0.768	-0.796	-0.164	-0.795	-0.798	-0.799	-0.318	-0.324	-0.774	-0.159	-0.511	-0.798	-0.779	-0.453	-0.453	-0.167	-0.779	-0.787	-0.783	-0.381	-0.452	-0.797	-0.429	-0.441	-0.434	-0.589	-0.470	-0.443	-0.473	-0.441	-0.833	-0.434	-0.424	-0.793	-0.343	-0.451	-0.362	-0.314	-0.294	-0.318	-0.325	-0.713	-0.695	-0.620	-0.633	-0.601	-0.581	+4.009	+3.972	+4.122	+5.916	+7.313	+7.350	+7.454	+7.559	+7.575	+7.627	+5.548	+7.547	+7.448	+7.469	+8.024	+7.535	+8.826	+5.610	+7.619	+7.441	+5.470	+7.504	+8.059	+5.924	+8.196	+8.164	+8.161	+8.229	+8.304	+8.435	+8.255	+8.254	+8.249	+7.384	+7.382	+5.527	+8.549	+7.419	+7.246	+7.163	+3.643	+3.263	+3.407	+5.529	+3.272	+1.156	+5.556	+5.187	-0.114	+6.095	+6.465	+5.104	+4.970	+4.874	+4.491	+5.329	+5.789	+4.966	+3.691	+5.450	+5.540	+5.109	+5.362	+5.509	+5.509	+6.298	+4.490	+5.243	+4.408	+5.886	+5.888	+5.881	+4.058	+2.095	+5.872	+5.824	+5.808	+5.829	+6.110	+6.030	+6.118	+5.735	+6.057	+6.134	+6.127	+5.781	+5.232	+5.657	
rs11212302     -0.915	-0.926	-0.927	-0.923	-0.921	-0.927	-0.915	-0.287	+2.712	-0.662	-0.414	-0.555	-0.516	-0.577	-0.576	-0.540	-0.581	-0.459	-0.556	+0.127	+0.323	+1.206	+0.376	+1.206	+0.244	+0.369	+0.375	+0.376	+0.307	+0.224	-0.018	+0.066	+0.175	-0.447	-0.474	-0.407	-0.330	-0.840	-0.831	-0.844	-0.345	-0.838	-0.368	-0.836	-0.794	-0.343	-0.829	-0.803	-0.774	-0.834	-0.349	-0.787	-0.783	-0.753	-0.803	-0.191	-0.801	-0.805	-0.806	-0.411	-0.416	-0.777	-0.186	-0.592	-0.805	-0.783	-0.538	-0.538	-0.194	-0.783	-0.792	-0.787	-0.470	-0.536	-0.805	-0.515	-0.526	-0.520	-0.559	-0.553	-0.528	-0.556	-0.526	-0.848	-0.519	-0.510	-0.794	-0.435	-0.535	-0.453	-0.408	-0.389	-0.412	-0.419	-0.697	-0.675	-0.592	-0.692	-0.569	-0.548	+3.987	+3.853	+3.987	+5.897	+7.317	+7.352	+7.453	+7.558	+7.578	+7.625	+5.429	+7.545	+7.446	+7.470	+8.430	+7.535	+9.234	+5.491	+7.626	+7.438	+5.352	+7.500	+8.179	+5.908	+8.351	+8.322	+8.318	+8.395	+8.465	+8.601	+8.420	+8.419	+8.413	+7.386	+7.383	+5.409	+8.949	+7.571	+7.237	+7.302	+3.620	+3.175	+3.315	+5.686	+3.193	+0.933	+5.712	+5.362	-0.043	+6.423	+6.432	+5.089	+4.961	+4.866	+4.604	+5.314	+5.540	+5.061	+3.596	+5.428	+5.602	+5.178	+5.339	+5.482	+5.482	+6.231	+4.523	+5.409	+4.559	+5.955	+5.952	+5.944	+4.272	+2.189	+5.940	+5.892	+5.895	+5.897	+6.077	+6.013	+6.202	+5.485	+6.023	+6.101	+6.094	+5.849	+5.389	+5.720	
rs6588973      -0.843	-0.854	-0.854	-0.850	-0.848	-0.854	-0.842	-0.219	+2.776	-0.592	-0.555	-0.338	-0.546	-0.551	-0.540	-0.555	-0.555	-0.487	-0.557	+0.028	+0.178	+1.227	+0.222	+1.227	+0.121	+0.216	+0.222	+0.222	+0.174	+0.106	-0.094	-0.023	+0.063	-0.470	-0.491	-0.293	-0.270	-0.742	-0.733	-0.747	-0.284	-0.741	-0.308	-0.738	-0.692	-0.283	-0.731	-0.703	-0.671	-0.736	-0.289	-0.685	-0.680	-0.669	-0.702	-0.080	-0.700	-0.704	-0.706	-0.349	-0.354	-0.673	-0.075	-0.527	-0.705	-0.680	-0.475	-0.474	-0.083	-0.681	-0.691	-0.685	-0.408	-0.473	-0.705	-0.452	-0.463	-0.457	-0.441	-0.490	-0.465	-0.493	-0.463	-0.754	-0.456	-0.447	-0.694	-0.373	-0.472	-0.391	-0.347	-0.329	-0.351	-0.358	-0.587	-0.562	-0.474	-0.622	-0.449	-0.426	+4.157	+3.986	+4.116	+6.079	+7.513	+7.548	+7.650	+7.756	+7.778	+7.823	+5.574	+7.742	+7.642	+7.667	+8.783	+7.732	+9.601	+5.635	+7.800	+7.633	+5.496	+7.695	+8.433	+6.104	+8.616	+8.587	+8.583	+8.630	+8.731	+8.836	+8.654	+8.653	+8.648	+7.557	+7.554	+5.552	+9.267	+7.832	+7.430	+7.555	+3.774	+3.305	+3.446	+5.926	+3.304	+1.006	+5.954	+5.638	+0.104	+6.737	+6.611	+5.261	+5.138	+5.040	+4.825	+5.487	+5.571	+5.278	+3.726	+5.600	+5.813	+5.389	+5.509	+5.653	+5.653	+6.399	+4.707	+5.665	+4.792	+6.181	+6.176	+6.168	+4.526	+2.314	+6.165	+6.117	+6.127	+6.122	+6.257	+6.199	+6.433	+5.516	+6.202	+6.281	+6.274	+6.072	+5.642	+5.942	
rs10789626     -0.865	-0.876	-0.877	-0.873	-0.871	-0.877	-0.865	-0.236	+2.748	-0.614	-0.516	-0.546	-0.361	-0.503	-0.470	-0.529	-0.521	-0.467	-0.534	+0.079	+0.255	+1.128	+0.304	+1.128	+0.185	+0.298	+0.304	+0.304	+0.244	+0.167	-0.054	+0.024	+0.123	-0.454	-0.478	-0.341	-0.289	-0.779	-0.770	-0.783	-0.303	-0.777	-0.326	-0.774	-0.731	-0.302	-0.768	-0.741	-0.711	-0.773	-0.308	-0.724	-0.720	-0.687	-0.741	-0.126	-0.739	-0.743	-0.745	-0.368	-0.374	-0.714	-0.121	-0.548	-0.744	-0.720	-0.494	-0.494	-0.129	-0.720	-0.730	-0.725	-0.428	-0.493	-0.743	-0.472	-0.483	-0.477	-0.491	-0.510	-0.485	-0.513	-0.483	-0.790	-0.476	-0.467	-0.733	-0.392	-0.492	-0.410	-0.367	-0.348	-0.371	-0.377	-0.632	-0.609	-0.525	-0.643	-0.501	-0.479	+4.064	+3.916	+4.048	+5.979	+7.405	+7.440	+7.541	+7.646	+7.667	+7.713	+5.497	+7.633	+7.533	+7.558	+8.556	+7.623	+9.360	+5.558	+7.714	+7.524	+5.419	+7.586	+8.283	+5.994	+8.459	+8.430	+8.426	+8.504	+8.573	+8.710	+8.528	+8.527	+8.522	+7.473	+7.470	+5.476	+9.073	+7.671	+7.322	+7.399	+3.694	+3.237	+3.377	+5.774	+3.254	+0.978	+5.801	+5.451	+0.031	+6.526	+6.510	+5.164	+5.036	+4.940	+4.687	+5.389	+5.569	+5.147	+3.656	+5.502	+5.684	+5.264	+5.413	+5.556	+5.556	+6.300	+4.597	+5.501	+4.643	+6.040	+6.036	+6.028	+4.362	+2.251	+6.024	+5.977	+5.980	+5.982	+6.150	+6.086	+6.288	+5.513	+6.095	+6.174	+6.167	+5.933	+5.480	+5.804	
rs10789627     -0.933	-0.944	-0.945	-0.941	-0.939	-0.944	-0.933	-0.303	+2.693	-0.679	-0.577	-0.551	-0.503	-0.433	-0.558	-0.536	-0.565	-0.452	-0.555	+0.160	+0.345	+1.242	+0.399	+1.242	+0.262	+0.392	+0.399	+0.399	+0.326	+0.242	-0.006	+0.080	+0.193	-0.444	-0.473	-0.423	-0.343	-0.859	-0.851	-0.863	-0.357	-0.858	-0.381	-0.855	-0.814	-0.356	-0.849	-0.823	-0.794	-0.854	-0.362	-0.807	-0.802	-0.773	-0.822	-0.204	-0.820	-0.824	-0.826	-0.424	-0.429	-0.796	-0.200	-0.606	-0.825	-0.803	-0.552	-0.552	-0.208	-0.803	-0.812	-0.807	-0.484	-0.550	-0.824	-0.529	-0.541	-0.534	-0.580	-0.568	-0.542	-0.570	-0.540	-0.865	-0.533	-0.524	-0.812	-0.448	-0.550	-0.466	-0.422	-0.403	-0.426	-0.432	-0.715	-0.693	-0.610	-0.711	-0.587	-0.565	+3.973	+3.846	+3.981	+5.885	+7.306	+7.341	+7.442	+7.548	+7.568	+7.615	+5.425	+7.534	+7.435	+7.460	+8.399	+7.524	+9.204	+5.486	+7.615	+7.427	+5.348	+7.489	+8.162	+5.899	+8.334	+8.305	+8.301	+8.377	+8.447	+8.583	+8.402	+8.401	+8.395	+7.375	+7.372	+5.404	+8.918	+7.551	+7.227	+7.281	+3.608	+3.165	+3.305	+5.658	+3.180	+0.926	+5.685	+5.348	-0.064	+6.384	+6.419	+5.074	+4.945	+4.849	+4.578	+5.299	+5.531	+5.037	+3.585	+5.413	+5.582	+5.157	+5.324	+5.467	+5.467	+6.217	+4.502	+5.381	+4.528	+5.933	+5.929	+5.922	+4.238	+2.157	+5.917	+5.870	+5.871	+5.875	+6.062	+5.996	+6.180	+5.475	+6.008	+6.086	+6.079	+5.826	+5.362	+5.698	
rs10789628     -0.952	-0.963	-0.963	-0.959	-0.958	-0.963	-0.952	-0.321	+2.679	-0.696	-0.576	-0.540	-0.470	-0.558	-0.453	-0.519	-0.564	-0.440	-0.545	+0.193	+0.388	+1.291	+0.443	+1.291	+0.299	+0.436	+0.443	+0.443	+0.365	+0.277	+0.019	+0.108	+0.228	-0.433	-0.463	-0.446	-0.359	-0.880	-0.872	-0.884	-0.373	-0.879	-0.397	-0.876	-0.836	-0.372	-0.870	-0.844	-0.816	-0.875	-0.378	-0.829	-0.824	-0.796	-0.844	-0.226	-0.842	-0.846	-0.848	-0.440	-0.446	-0.819	-0.222	-0.623	-0.847	-0.825	-0.569	-0.569	-0.230	-0.825	-0.834	-0.829	-0.500	-0.567	-0.846	-0.545	-0.557	-0.551	-0.603	-0.584	-0.559	-0.587	-0.557	-0.886	-0.550	-0.541	-0.834	-0.464	-0.566	-0.483	-0.438	-0.419	-0.442	-0.448	-0.737	-0.715	-0.633	-0.729	-0.610	-0.589	+3.948	+3.828	+3.963	+5.860	+7.280	+7.315	+7.416	+7.521	+7.541	+7.588	+5.406	+7.508	+7.409	+7.433	+8.357	+7.498	+9.161	+5.467	+7.588	+7.401	+5.328	+7.463	+8.130	+5.874	+8.301	+8.272	+8.268	+8.344	+8.414	+8.550	+8.369	+8.367	+8.362	+7.349	+7.346	+5.385	+8.876	+7.517	+7.201	+7.248	+3.585	+3.146	+3.286	+5.626	+3.161	+0.913	+5.652	+5.312	-0.090	+6.346	+6.394	+5.049	+4.920	+4.824	+4.548	+5.275	+5.521	+5.008	+3.565	+5.389	+5.553	+5.129	+5.300	+5.443	+5.443	+6.194	+4.475	+5.348	+4.497	+5.904	+5.900	+5.893	+4.204	+2.131	+5.888	+5.841	+5.841	+5.846	+6.037	+5.971	+6.150	+5.466	+5.983	+6.061	+6.054	+5.797	+5.329	+5.669	
rs673473       -0.857	-0.868	-0.869	-0.864	-0.862	-0.869	-0.856	-0.228	+2.755	-0.606	-0.540	-0.555	-0.529	-0.536	-0.519	-0.353	-0.534	-0.469	-0.540	+0.120	+0.318	+1.127	+0.371	+1.127	+0.236	+0.365	+0.371	+0.372	+0.299	+0.217	-0.022	+0.061	+0.171	-0.433	-0.459	-0.319	-0.279	-0.766	-0.757	-0.770	-0.294	-0.764	-0.317	-0.761	-0.718	-0.292	-0.755	-0.727	-0.697	-0.760	-0.298	-0.710	-0.706	-0.672	-0.727	-0.103	-0.725	-0.730	-0.731	-0.359	-0.364	-0.699	-0.098	-0.539	-0.730	-0.706	-0.485	-0.485	-0.106	-0.706	-0.716	-0.711	-0.418	-0.483	-0.730	-0.462	-0.474	-0.467	-0.474	-0.500	-0.475	-0.503	-0.473	-0.778	-0.466	-0.457	-0.720	-0.382	-0.482	-0.401	-0.357	-0.338	-0.361	-0.367	-0.618	-0.595	-0.509	-0.635	-0.485	-0.463	+4.091	+3.918	+4.051	+5.985	+7.411	+7.447	+7.551	+7.656	+7.677	+7.723	+5.500	+7.643	+7.544	+7.565	+8.576	+7.631	+9.384	+5.562	+7.726	+7.536	+5.423	+7.598	+8.302	+6.002	+8.473	+8.444	+8.440	+8.518	+8.583	+8.724	+8.542	+8.541	+8.536	+7.482	+7.479	+5.480	+9.099	+7.693	+7.333	+7.421	+3.741	+3.271	+3.414	+5.850	+3.289	+0.985	+5.877	+5.530	+0.053	+6.621	+6.548	+5.222	+5.094	+4.997	+4.760	+5.427	+5.575	+5.214	+3.680	+5.541	+5.730	+5.328	+5.452	+5.595	+5.595	+6.339	+4.638	+5.579	+4.713	+6.112	+6.107	+6.100	+4.436	+2.261	+6.096	+6.048	+6.052	+6.053	+6.192	+6.129	+6.342	+5.519	+6.138	+6.217	+6.209	+6.005	+5.560	+5.876	
rs7931885      -0.924	-0.935	-0.935	-0.931	-0.929	-0.935	-0.924	-0.294	+2.702	-0.670	-0.581	-0.555	-0.521	-0.565	-0.564	-0.534	-0.423	-0.449	-0.544	+0.175	+0.366	+1.266	+0.421	+1.266	+0.279	+0.414	+0.421	+0.421	+0.345	+0.258	+0.006	+0.093	+0.210	-0.434	-0.464	-0.410	-0.335	-0.847	-0.839	-0.852	-0.350	-0.846	-0.373	-0.843	-0.802	-0.348	-0.837	-0.811	-0.783	-0.842	-0.355	-0.795	-0.791	-0.761	-0.811	-0.193	-0.809	-0.813	-0.815	-0.416	-0.422	-0.785	-0.188	-0.598	-0.814	-0.791	-0.544	-0.544	-0.196	-0.791	-0.801	-0.795	-0.476	-0.543	-0.813	-0.521	-0.533	-0.526	-0.567	-0.560	-0.534	-0.562	-0.532	-0.855	-0.526	-0.516	-0.801	-0.440	-0.542	-0.459	-0.414	-0.395	-0.418	-0.425	-0.703	-0.681	-0.597	-0.701	-0.574	-0.553	+3.989	+3.859	+3.993	+5.904	+7.326	+7.361	+7.462	+7.568	+7.588	+7.635	+5.438	+7.554	+7.455	+7.480	+8.430	+7.544	+9.235	+5.499	+7.636	+7.447	+5.361	+7.509	+8.186	+5.915	+8.359	+8.330	+8.325	+8.402	+8.473	+8.608	+8.427	+8.426	+8.421	+7.396	+7.393	+5.417	+8.950	+7.576	+7.247	+7.305	+3.624	+3.178	+3.318	+5.680	+3.193	+0.934	+5.707	+5.369	-0.049	+6.412	+6.438	+5.091	+4.962	+4.867	+4.602	+5.316	+5.535	+5.057	+3.597	+5.430	+5.600	+5.177	+5.341	+5.484	+5.484	+6.232	+4.520	+5.402	+4.549	+5.952	+5.948	+5.941	+4.260	+2.175	+5.937	+5.889	+5.890	+5.894	+6.078	+6.013	+6.200	+5.480	+6.024	+6.103	+6.095	+5.846	+5.383	+5.718	
rs79195254     -0.660	-0.677	-0.678	-0.670	-0.667	-0.678	-0.660	-0.051	+2.814	-0.423	-0.459	-0.487	-0.467	-0.452	-0.440	-0.469	-0.449	-0.155	-0.446	-0.019	+0.076	+0.960	+0.109	+0.960	+0.047	+0.105	+0.109	+0.109	+0.088	+0.036	-0.113	-0.058	-0.002	-0.415	-0.429	-0.154	-0.127	-0.567	-0.558	-0.572	-0.141	-0.566	-0.163	-0.562	-0.523	-0.139	-0.556	-0.533	-0.502	-0.562	-0.145	-0.516	-0.511	-0.467	-0.533	+0.039	-0.531	-0.535	-0.537	-0.201	-0.206	-0.505	+0.044	-0.372	-0.537	-0.512	-0.321	-0.321	+0.036	-0.513	-0.523	-0.517	-0.257	-0.319	-0.537	-0.298	-0.310	-0.303	-0.278	-0.335	-0.311	-0.338	-0.309	-0.583	-0.302	-0.294	-0.522	-0.222	-0.318	-0.239	-0.197	-0.179	-0.201	-0.207	-0.416	-0.392	-0.306	-0.452	-0.281	-0.259	+4.628	+4.038	+4.166	+6.150	+7.565	+7.599	+7.698	+7.803	+7.827	+7.869	+5.602	+7.789	+7.690	+7.713	+8.829	+7.778	+9.668	+5.661	+7.871	+7.680	+5.524	+7.742	+8.427	+6.101	+8.610	+8.582	+8.578	+8.658	+8.725	+8.862	+8.681	+8.680	+8.675	+7.631	+7.628	+5.580	+9.381	+7.962	+7.478	+7.686	+4.071	+3.362	+3.503	+6.004	+3.386	+1.194	+6.028	+5.683	+0.267	+6.754	+6.664	+5.331	+5.168	+5.072	+4.916	+5.551	+5.672	+5.275	+3.779	+5.661	+5.869	+5.431	+5.568	+5.713	+5.713	+6.450	+4.809	+5.691	+4.822	+6.223	+6.217	+6.210	+4.590	+2.310	+6.206	+6.159	+6.118	+6.164	+6.324	+6.222	+6.470	+5.615	+6.270	+6.348	+6.341	+6.116	+5.669	+5.987	
rs1531752      -0.872	-0.883	-0.883	-0.879	-0.877	-0.883	-0.872	-0.242	+2.742	-0.620	-0.556	-0.557	-0.534	-0.555	-0.545	-0.540	-0.544	-0.446	-0.368	+0.143	+0.295	+1.183	+0.346	+1.183	+0.263	+0.340	+0.346	+0.346	+0.329	+0.243	-0.003	+0.082	+0.156	-0.441	-0.467	-0.340	-0.291	-0.782	-0.773	-0.787	-0.306	-0.781	-0.329	-0.778	-0.735	-0.304	-0.771	-0.744	-0.714	-0.776	-0.310	-0.728	-0.723	-0.689	-0.744	-0.119	-0.742	-0.746	-0.748	-0.371	-0.377	-0.717	-0.114	-0.551	-0.747	-0.723	-0.498	-0.498	-0.122	-0.724	-0.733	-0.728	-0.431	-0.496	-0.747	-0.475	-0.487	-0.480	-0.493	-0.513	-0.488	-0.516	-0.486	-0.794	-0.480	-0.470	-0.737	-0.395	-0.496	-0.413	-0.369	-0.351	-0.373	-0.380	-0.635	-0.612	-0.526	-0.649	-0.502	-0.480	+4.096	+3.942	+4.072	+6.025	+7.460	+7.495	+7.597	+7.703	+7.723	+7.770	+5.529	+7.689	+7.589	+7.615	+8.652	+7.680	+9.464	+5.591	+7.773	+7.581	+5.452	+7.643	+8.356	+6.035	+8.533	+8.504	+8.500	+8.579	+8.649	+8.787	+8.604	+8.603	+8.597	+7.530	+7.527	+5.509	+9.175	+7.743	+7.378	+7.469	+3.724	+3.258	+3.398	+5.827	+3.275	+0.992	+5.853	+5.507	+0.033	+6.596	+6.557	+5.201	+5.073	+4.976	+4.736	+5.429	+5.568	+5.190	+3.679	+5.542	+5.731	+5.308	+5.452	+5.595	+5.595	+6.339	+4.633	+5.553	+4.685	+6.086	+6.081	+6.074	+4.409	+2.247	+6.070	+6.023	+6.026	+6.028	+6.191	+6.128	+6.339	+5.512	+6.136	+6.215	+6.208	+5.979	+5.532	+5.849	
rs7116678      -0.150	-0.164	-0.164	-0.158	-0.156	-0.164	-0.150	+0.486	+3.331	+0.093	+0.127	+0.028	+0.079	+0.160	+0.193	+0.120	+0.175	-0.019	+0.143	+0.391	+0.334	+0.956	+0.364	+0.956	+0.331	+0.360	+0.364	+0.364	+0.365	+0.319	+0.224	+0.244	+0.261	+0.124	+0.131	+0.667	+0.333	+0.141	+0.159	+0.133	+0.319	+0.143	+0.297	+0.148	+0.210	+0.320	+0.159	+0.190	+0.242	+0.149	+0.315	+0.220	+0.227	+0.316	+0.192	+0.853	+0.195	+0.187	+0.185	+0.263	+0.258	+0.236	+0.860	+0.103	+0.186	+0.224	+0.150	+0.150	+0.850	+0.224	+0.209	+0.217	+0.208	+0.152	+0.186	+0.170	+0.160	+0.165	+0.549	+0.136	+0.158	+0.133	+0.160	+0.102	+0.166	+0.174	+0.208	+0.239	+0.152	+0.223	+0.261	+0.278	+0.258	+0.252	+0.369	+0.406	+0.528	+0.058	+0.566	+0.596	+5.527	+5.031	+5.150	+7.495	+8.925	+8.961	+9.074	+9.186	+9.149	+9.255	+6.623	+9.171	+9.067	+9.087	+10.840	+9.155	+11.713	+6.690	+9.282	+9.065	+6.548	+9.129	+10.072	+7.340	+10.299	+10.272	+10.268	+10.363	+10.415	+10.581	+10.389	+10.387	+10.381	+9.006	+9.003	+6.603	+11.407	+9.555	+8.832	+9.241	+5.013	+4.336	+4.487	+7.664	+4.335	+1.707	+7.688	+7.491	+1.312	+8.762	+8.011	+6.650	+6.541	+6.432	+6.455	+6.825	+6.018	+6.802	+4.753	+6.933	+7.303	+6.894	+6.834	+6.977	+6.977	+7.706	+6.106	+7.337	+6.427	+7.755	+7.746	+7.738	+6.243	+3.335	+7.739	+7.689	+7.736	+7.691	+7.636	+7.606	+7.995	+5.954	+7.577	+7.661	+7.654	+7.639	+7.319	+7.498	
rs497164       -0.045	-0.061	-0.062	-0.054	-0.052	-0.062	-0.045	+0.584	+3.432	+0.195	+0.323	+0.178	+0.255	+0.345	+0.388	+0.318	+0.366	+0.076	+0.295	+0.334	+0.496	+0.962	+0.449	+0.962	+0.378	+0.445	+0.450	+0.450	+0.396	+0.372	+0.336	+0.331	+0.364	+0.339	+0.352	+0.774	+0.424	+0.257	+0.275	+0.248	+0.410	+0.259	+0.390	+0.264	+0.327	+0.412	+0.275	+0.306	+0.360	+0.265	+0.406	+0.337	+0.344	+0.437	+0.308	+0.933	+0.311	+0.303	+0.301	+0.356	+0.351	+0.353	+0.940	+0.198	+0.302	+0.341	+0.245	+0.245	+0.930	+0.341	+0.325	+0.334	+0.302	+0.246	+0.302	+0.265	+0.254	+0.260	+0.669	+0.231	+0.253	+0.228	+0.255	+0.208	+0.261	+0.268	+0.315	+0.333	+0.246	+0.316	+0.354	+0.371	+0.351	+0.345	+0.476	+0.514	+0.636	+0.158	+0.673	+0.703	+5.582	+5.068	+5.189	+7.518	+8.933	+8.969	+9.081	+9.191	+9.156	+9.260	+6.647	+9.177	+9.074	+9.093	+10.971	+9.161	+11.841	+6.713	+9.286	+9.071	+6.572	+9.134	+10.149	+7.424	+10.378	+10.352	+10.347	+10.444	+10.493	+10.660	+10.468	+10.467	+10.461	+9.014	+9.010	+6.627	+11.535	+9.592	+8.841	+9.281	+5.062	+4.387	+4.538	+7.727	+4.387	+1.758	+7.752	+7.564	+1.425	+8.910	+8.033	+6.688	+6.583	+6.474	+6.523	+6.855	+6.086	+6.904	+4.799	+6.963	+7.351	+6.990	+6.865	+7.007	+7.007	+7.734	+6.156	+7.462	+6.547	+7.853	+7.844	+7.836	+6.383	+3.457	+7.837	+7.787	+7.839	+7.789	+7.665	+7.639	+8.091	+6.021	+7.607	+7.691	+7.683	+7.740	+7.444	+7.598	
rs10789629     +0.741	+0.716	+0.713	+0.728	+0.731	+0.713	+0.740	+1.323	+4.208	+0.969	+1.206	+1.227	+1.128	+1.242	+1.291	+1.127	+1.266	+0.960	+1.183	+0.956	+0.962	+1.300	+0.959	+1.260	+0.959	+0.959	+0.959	+0.959	+0.955	+0.960	+0.985	+0.968	+0.963	+1.094	+1.110	+1.540	+1.092	+1.092	+1.109	+1.082	+1.080	+1.095	+1.061	+1.100	+1.170	+1.082	+1.111	+1.144	+1.203	+1.098	+1.077	+1.178	+1.186	+1.180	+1.146	+1.562	+1.150	+1.142	+1.138	+1.037	+1.033	+1.195	+1.569	+0.908	+1.139	+1.182	+0.944	+0.945	+1.561	+1.182	+1.165	+1.174	+0.992	+0.946	+1.139	+0.961	+0.953	+0.958	+1.541	+0.934	+0.952	+0.932	+0.953	+1.055	+0.959	+0.965	+1.176	+1.020	+0.946	+1.006	+1.038	+1.053	+1.035	+1.030	+1.362	+1.403	+1.533	+0.912	+1.578	+1.607	+7.209	+5.683	+5.800	+8.237	+9.606	+9.641	+9.742	+9.851	+9.816	+9.920	+7.200	+9.835	+9.733	+9.764	+11.925	+9.824	+12.781	+7.262	+9.878	+9.727	+7.125	+9.790	+10.757	+7.963	+11.017	+10.992	+10.987	+11.013	+11.144	+11.225	+11.035	+11.034	+11.028	+9.629	+9.626	+7.180	+12.391	+10.532	+9.518	+10.210	+6.171	+4.944	+5.087	+8.600	+4.895	+2.611	+8.627	+8.463	+2.409	+9.789	+8.657	+7.305	+7.229	+7.122	+7.394	+7.518	+6.603	+7.543	+5.378	+7.619	+8.170	+7.609	+7.518	+7.661	+7.661	+8.373	+6.969	+8.236	+7.345	+8.506	+8.496	+8.488	+7.272	+3.919	+8.490	+8.442	+8.521	+8.445	+8.364	+8.365	+8.795	+6.544	+8.307	+8.388	+8.382	+8.393	+8.211	+8.253	
rs616241       -0.011	-0.028	-0.029	-0.021	-0.018	-0.029	-0.011	+0.618	+3.463	+0.229	+0.376	+0.222	+0.304	+0.399	+0.443	+0.371	+0.421	+0.109	+0.346	+0.364	+0.449	+0.959	+0.532	+0.960	+0.402	+0.462	+0.465	+0.465	+0.415	+0.398	+0.382	+0.367	+0.399	+0.396	+0.410	+0.816	+0.455	+0.298	+0.316	+0.289	+0.441	+0.300	+0.421	+0.305	+0.368	+0.443	+0.316	+0.347	+0.401	+0.306	+0.437	+0.378	+0.385	+0.480	+0.349	+0.973	+0.352	+0.343	+0.341	+0.387	+0.382	+0.394	+0.979	+0.230	+0.343	+0.382	+0.276	+0.277	+0.970	+0.382	+0.366	+0.375	+0.333	+0.278	+0.342	+0.296	+0.286	+0.292	+0.712	+0.263	+0.285	+0.260	+0.286	+0.248	+0.293	+0.300	+0.355	+0.364	+0.278	+0.348	+0.385	+0.402	+0.382	+0.376	+0.518	+0.556	+0.679	+0.192	+0.717	+0.747	+5.631	+5.109	+5.230	+7.568	+8.983	+9.019	+9.131	+9.241	+9.205	+9.310	+6.688	+9.227	+9.124	+9.142	+11.042	+9.210	+11.908	+6.754	+9.337	+9.121	+6.613	+9.184	+10.204	+7.470	+10.434	+10.408	+10.403	+10.500	+10.550	+10.716	+10.525	+10.523	+10.517	+9.066	+9.063	+6.670	+11.606	+9.653	+8.893	+9.341	+5.110	+4.429	+4.580	+7.784	+4.429	+1.791	+7.812	+7.622	+1.473	+8.974	+8.082	+6.736	+6.631	+6.524	+6.578	+6.902	+6.112	+6.956	+4.841	+7.010	+7.403	+7.042	+6.913	+7.055	+7.054	+7.780	+6.206	+7.521	+6.601	+7.906	+7.897	+7.889	+6.441	+3.502	+7.890	+7.841	+7.892	+7.845	+7.714	+7.687	+8.145	+6.047	+7.656	+7.739	+7.732	+7.793	+7.500	+7.651	
rs10789630     +0.741	+0.716	+0.713	+0.728	+0.732	+0.713	+0.740	+1.323	+4.209	+0.969	+1.206	+1.227	+1.128	+1.242	+1.291	+1.127	+1.266	+0.960	+1.183	+0.956	+0.962	+1.260	+0.960	+1.300	+0.959	+0.959	+0.960	+0.960	+0.955	+0.960	+0.986	+0.968	+0.963	+1.095	+1.111	+1.540	+1.092	+1.092	+1.109	+1.082	+1.080	+1.095	+1.062	+1.100	+1.170	+1.082	+1.111	+1.144	+1.203	+1.098	+1.077	+1.178	+1.186	+1.180	+1.146	+1.562	+1.150	+1.143	+1.138	+1.037	+1.033	+1.195	+1.569	+0.908	+1.139	+1.182	+0.945	+0.945	+1.561	+1.182	+1.165	+1.174	+0.993	+0.946	+1.139	+0.961	+0.953	+0.958	+1.542	+0.934	+0.952	+0.932	+0.953	+1.055	+0.959	+0.965	+1.176	+1.020	+0.947	+1.007	+1.038	+1.053	+1.035	+1.030	+1.362	+1.403	+1.534	+0.912	+1.578	+1.608	+7.209	+5.684	+5.800	+8.237	+9.606	+9.642	+9.743	+9.851	+9.816	+9.920	+7.201	+9.836	+9.733	+9.764	+11.926	+9.825	+12.782	+7.262	+9.878	+9.728	+7.125	+9.791	+10.757	+7.964	+11.018	+10.992	+10.988	+11.014	+11.144	+11.225	+11.036	+11.034	+11.029	+9.630	+9.626	+7.180	+12.391	+10.533	+9.518	+10.211	+6.171	+4.944	+5.087	+8.601	+4.895	+2.611	+8.627	+8.463	+2.410	+9.790	+8.657	+7.305	+7.230	+7.123	+7.395	+7.518	+6.603	+7.543	+5.378	+7.619	+8.171	+7.609	+7.519	+7.662	+7.662	+8.374	+6.969	+8.236	+7.345	+8.506	+8.497	+8.488	+7.272	+3.920	+8.490	+8.443	+8.521	+8.445	+8.364	+8.366	+8.795	+6.544	+8.307	+8.389	+8.382	+8.393	+8.211	+8.253	
rs651147       -0.079	-0.094	-0.095	-0.088	-0.085	-0.095	-0.079	+0.555	+3.393	+0.163	+0.244	+0.121	+0.185	+0.262	+0.299	+0.236	+0.279	+0.047	+0.263	+0.331	+0.378	+0.959	+0.402	+0.959	+0.464	+0.399	+0.403	+0.403	+0.418	+0.386	+0.346	+0.331	+0.317	+0.249	+0.258	+0.753	+0.396	+0.237	+0.256	+0.228	+0.382	+0.239	+0.361	+0.244	+0.308	+0.384	+0.256	+0.286	+0.340	+0.245	+0.378	+0.317	+0.324	+0.420	+0.288	+0.929	+0.291	+0.282	+0.280	+0.327	+0.322	+0.334	+0.936	+0.169	+0.282	+0.321	+0.215	+0.216	+0.927	+0.321	+0.305	+0.314	+0.273	+0.217	+0.281	+0.235	+0.225	+0.231	+0.653	+0.201	+0.223	+0.199	+0.225	+0.185	+0.232	+0.239	+0.294	+0.304	+0.217	+0.287	+0.326	+0.342	+0.322	+0.316	+0.458	+0.496	+0.621	+0.126	+0.659	+0.689	+5.614	+5.099	+5.217	+7.572	+9.001	+9.036	+9.150	+9.261	+9.223	+9.330	+6.689	+9.247	+9.143	+9.162	+11.078	+9.230	+11.957	+6.756	+9.358	+9.140	+6.615	+9.204	+10.241	+7.479	+10.470	+10.444	+10.439	+10.536	+10.587	+10.755	+10.561	+10.560	+10.554	+9.081	+9.078	+6.669	+11.647	+9.667	+8.907	+9.354	+5.092	+4.406	+4.558	+7.776	+4.406	+1.774	+7.799	+7.622	+1.416	+8.978	+8.086	+6.727	+6.618	+6.508	+6.562	+6.899	+6.070	+6.950	+4.822	+7.007	+7.398	+7.039	+6.907	+7.051	+7.051	+7.778	+6.187	+7.516	+6.584	+7.904	+7.894	+7.887	+6.427	+3.411	+7.888	+7.838	+7.887	+7.840	+7.709	+7.679	+8.145	+6.006	+7.650	+7.734	+7.727	+7.790	+7.497	+7.647	
rs494957       -0.015	-0.031	-0.032	-0.024	-0.022	-0.032	-0.015	+0.614	+3.460	+0.225	+0.369	+0.216	+0.298	+0.392	+0.436	+0.365	+0.414	+0.105	+0.340	+0.360	+0.445	+0.959	+0.462	+0.959	+0.399	+0.528	+0.462	+0.462	+0.412	+0.394	+0.375	+0.362	+0.394	+0.388	+0.401	+0.811	+0.452	+0.293	+0.311	+0.284	+0.438	+0.295	+0.417	+0.300	+0.363	+0.440	+0.311	+0.342	+0.396	+0.300	+0.434	+0.373	+0.380	+0.475	+0.344	+0.968	+0.347	+0.338	+0.336	+0.384	+0.379	+0.389	+0.974	+0.227	+0.338	+0.377	+0.273	+0.273	+0.965	+0.377	+0.361	+0.370	+0.330	+0.274	+0.337	+0.293	+0.283	+0.288	+0.707	+0.259	+0.281	+0.257	+0.283	+0.243	+0.289	+0.297	+0.351	+0.361	+0.275	+0.344	+0.382	+0.399	+0.378	+0.373	+0.513	+0.551	+0.673	+0.188	+0.711	+0.741	+5.624	+5.103	+5.224	+7.561	+8.976	+9.012	+9.124	+9.235	+9.199	+9.303	+6.682	+9.220	+9.117	+9.136	+11.031	+9.204	+11.897	+6.748	+9.330	+9.114	+6.608	+9.177	+10.196	+7.464	+10.426	+10.400	+10.396	+10.493	+10.542	+10.709	+10.517	+10.516	+10.510	+9.059	+9.056	+6.665	+11.595	+9.644	+8.886	+9.332	+5.104	+4.424	+4.575	+7.775	+4.424	+1.786	+7.803	+7.613	+1.467	+8.964	+8.076	+6.731	+6.625	+6.518	+6.570	+6.897	+6.110	+6.949	+4.836	+7.005	+7.396	+7.036	+6.907	+7.049	+7.049	+7.775	+6.199	+7.513	+6.594	+7.900	+7.890	+7.882	+6.432	+3.497	+7.884	+7.834	+7.886	+7.838	+7.708	+7.681	+8.138	+6.045	+7.650	+7.734	+7.726	+7.786	+7.492	+7.645	
rs495123       -0.011	-0.028	-0.028	-0.020	-0.018	-0.029	-0.011	+0.618	+3.464	+0.229	+0.375	+0.222	+0.304	+0.399	+0.443	+0.371	+0.421	+0.109	+0.346	+0.364	+0.450	+0.959	+0.465	+0.960	+0.403	+0.462	+0.532	+0.465	+0.415	+0.398	+0.382	+0.368	+0.400	+0.396	+0.410	+0.817	+0.456	+0.298	+0.317	+0.289	+0.442	+0.301	+0.421	+0.305	+0.369	+0.443	+0.316	+0.347	+0.401	+0.306	+0.438	+0.378	+0.385	+0.481	+0.349	+0.973	+0.352	+0.344	+0.342	+0.387	+0.382	+0.394	+0.980	+0.230	+0.343	+0.382	+0.277	+0.277	+0.970	+0.382	+0.366	+0.375	+0.334	+0.278	+0.342	+0.296	+0.286	+0.292	+0.713	+0.263	+0.285	+0.260	+0.286	+0.248	+0.293	+0.300	+0.356	+0.364	+0.278	+0.348	+0.385	+0.402	+0.382	+0.376	+0.519	+0.556	+0.679	+0.192	+0.717	+0.747	+5.632	+5.109	+5.230	+7.568	+8.983	+9.019	+9.131	+9.242	+9.206	+9.310	+6.688	+9.228	+9.124	+9.143	+11.042	+9.211	+11.909	+6.754	+9.337	+9.121	+6.614	+9.184	+10.204	+7.471	+10.435	+10.409	+10.404	+10.501	+10.550	+10.717	+10.525	+10.524	+10.518	+9.066	+9.063	+6.670	+11.607	+9.654	+8.893	+9.342	+5.111	+4.429	+4.581	+7.785	+4.429	+1.791	+7.812	+7.623	+1.474	+8.974	+8.082	+6.737	+6.631	+6.525	+6.578	+6.903	+6.112	+6.956	+4.841	+7.011	+7.403	+7.043	+6.913	+7.055	+7.055	+7.781	+6.206	+7.521	+6.602	+7.907	+7.897	+7.890	+6.442	+3.502	+7.891	+7.841	+7.893	+7.846	+7.714	+7.687	+8.145	+6.047	+7.656	+7.740	+7.732	+7.793	+7.500	+7.652	
rs664390       -0.011	-0.027	-0.028	-0.020	-0.018	-0.028	-0.011	+0.618	+3.464	+0.229	+0.376	+0.222	+0.304	+0.399	+0.443	+0.372	+0.421	+0.109	+0.346	+0.364	+0.450	+0.959	+0.465	+0.960	+0.403	+0.462	+0.465	+0.532	+0.415	+0.399	+0.383	+0.368	+0.400	+0.397	+0.411	+0.817	+0.456	+0.298	+0.317	+0.289	+0.442	+0.301	+0.421	+0.306	+0.369	+0.444	+0.317	+0.347	+0.401	+0.306	+0.438	+0.378	+0.385	+0.481	+0.349	+0.974	+0.352	+0.344	+0.342	+0.387	+0.383	+0.394	+0.980	+0.230	+0.343	+0.382	+0.277	+0.277	+0.971	+0.382	+0.366	+0.375	+0.334	+0.278	+0.343	+0.296	+0.286	+0.292	+0.713	+0.263	+0.285	+0.260	+0.287	+0.248	+0.293	+0.300	+0.356	+0.365	+0.278	+0.348	+0.386	+0.402	+0.382	+0.377	+0.519	+0.556	+0.679	+0.192	+0.717	+0.747	+5.632	+5.109	+5.230	+7.569	+8.984	+9.019	+9.132	+9.242	+9.206	+9.311	+6.688	+9.228	+9.124	+9.143	+11.043	+9.211	+11.910	+6.755	+9.337	+9.121	+6.614	+9.185	+10.205	+7.471	+10.435	+10.409	+10.404	+10.501	+10.550	+10.717	+10.526	+10.524	+10.518	+9.067	+9.064	+6.671	+11.607	+9.654	+8.893	+9.342	+5.111	+4.430	+4.581	+7.785	+4.430	+1.791	+7.813	+7.623	+1.474	+8.975	+8.082	+6.737	+6.631	+6.525	+6.579	+6.903	+6.112	+6.956	+4.842	+7.011	+7.403	+7.043	+6.913	+7.055	+7.055	+7.781	+6.206	+7.522	+6.602	+7.907	+7.898	+7.890	+6.442	+3.502	+7.891	+7.842	+7.893	+7.846	+7.715	+7.688	+8.145	+6.048	+7.657	+7.740	+7.732	+7.794	+7.500	+7.652	
rs555548       -0.037	-0.052	-0.053	-0.046	-0.043	-0.053	-0.037	+0.597	+3.431	+0.205	+0.307	+0.174	+0.244	+0.326	+0.365	+0.299	+0.345	+0.088	+0.329	+0.365	+0.396	+0.955	+0.415	+0.955	+0.418	+0.412	+0.415	+0.415	+0.508	+0.417	+0.422	+0.385	+0.350	+0.316	+0.327	+0.808	+0.434	+0.290	+0.309	+0.281	+0.420	+0.292	+0.399	+0.297	+0.361	+0.422	+0.309	+0.338	+0.394	+0.298	+0.416	+0.370	+0.377	+0.477	+0.340	+0.979	+0.343	+0.335	+0.333	+0.365	+0.360	+0.387	+0.987	+0.208	+0.334	+0.374	+0.254	+0.254	+0.977	+0.374	+0.358	+0.367	+0.311	+0.256	+0.334	+0.274	+0.264	+0.269	+0.708	+0.240	+0.262	+0.238	+0.264	+0.235	+0.270	+0.278	+0.346	+0.342	+0.256	+0.326	+0.364	+0.380	+0.360	+0.355	+0.512	+0.550	+0.676	+0.168	+0.714	+0.745	+5.675	+5.149	+5.266	+7.634	+9.064	+9.099	+9.213	+9.324	+9.285	+9.393	+6.739	+9.309	+9.205	+9.225	+11.162	+9.293	+12.042	+6.806	+9.421	+9.203	+6.665	+9.266	+10.312	+7.536	+10.542	+10.516	+10.512	+10.610	+10.659	+10.828	+10.635	+10.633	+10.627	+9.144	+9.141	+6.720	+11.733	+9.740	+8.970	+9.426	+5.153	+4.458	+4.609	+7.849	+4.457	+1.816	+7.873	+7.696	+1.480	+9.063	+8.149	+6.791	+6.682	+6.572	+6.634	+6.962	+6.100	+7.022	+4.874	+7.070	+7.466	+7.111	+6.969	+7.114	+7.114	+7.840	+6.252	+7.593	+6.658	+7.977	+7.967	+7.959	+6.505	+3.463	+7.961	+7.910	+7.960	+7.912	+7.773	+7.743	+8.218	+6.035	+7.714	+7.798	+7.791	+7.862	+7.574	+7.719	
