## Summary of overall evidence for association with region:
## log10(BF for region) = 2.65001
## p-value for region = NA

## BFs for choosing among multi-SNP models:
## log10(average 1-SNP BF) = 2.70243
## log10(average 2-SNP BF) = 2.52127

## Example posterior probabilities for multi-SNP models, based on default prior: [p(l) propto 0.5^l for l=1,2,...,L]
## posterior probability of 1-SNP = 0.752182
## posterior probability of 2-SNP = 0.247818

## log10(BF) for single SNP and pair of SNPs:
rs180675       -0.278	-0.391	-0.389	-0.392	-0.380	-0.375	-0.375	-0.372	-0.418	-0.476	-0.667	-0.715	-0.713	-0.691	-0.697	-0.670	-0.726	-0.642	-0.663	-0.646	+0.474	+0.475	-0.796	-0.605	-0.531	-0.643	-0.733	-0.768	-0.625	-0.639	-0.630	-0.631	-0.631	-0.638	-0.638	-0.635	-0.627	-0.627	-0.630	-0.629	-0.635	-0.646	-0.635	-0.635	-0.622	-0.566	-0.566	-0.567	-0.582	-0.624	-0.628	-0.638	-0.647	-0.613	-0.710	-0.597	-0.755	-0.611	-0.480	-0.467	-0.502	-0.681	-0.677	-0.505	-0.507	-0.503	-0.700	-0.659	-0.793	-0.722	-0.703	-0.539	-0.712	-0.795	-0.793	-0.794	-0.792	-0.792	-0.794	-0.793	-0.793	-0.428	-0.798	-0.796	-0.795	-0.797	-0.796	-0.794	-0.791	-0.311	-0.793	-0.797	-0.796	-0.796	-0.796	-0.583	-0.361	-0.801	-0.800	-0.798	-0.567	-0.799	-0.788	-0.694	-0.787	-0.799	-0.787	-0.787	-0.787	-0.786	-0.798	-0.785	-0.785	-0.696	-0.784	-0.786	-0.795	-0.638	-0.644	-0.796	-0.797	-0.633	-0.657	-0.774	-0.739	-0.740	-0.692	-0.738	-0.677	+0.231	+0.253	+3.283	+3.327	+0.223	+0.222	+0.275	+0.227	+0.194	+3.149	+0.268	+3.132	+0.253	+0.278	+0.261	-0.029	+3.189	+0.308	+0.056	+3.130	+0.330	+0.334	+0.320	+3.356	+0.314	+0.060	+0.053	+0.259	+0.168	+0.136	+0.161	+0.298	+0.157	+0.123	+0.156	+0.101	+3.581	+0.159	+3.598	+0.336	+0.170	+3.683	+0.187	+3.545	+3.648	+3.498	+0.294	+3.669	+0.173	+0.167	+0.187	+0.169	+0.169	+3.668	+0.167	+3.618	
rs180674       -0.391	-0.301	-0.399	-0.406	-0.377	-0.369	-0.370	-0.370	-0.449	-0.503	-0.691	-0.735	-0.730	-0.708	-0.714	-0.686	-0.747	-0.662	-0.683	-0.668	+0.450	+0.451	-0.817	-0.626	-0.553	-0.664	-0.754	-0.789	-0.646	-0.660	-0.651	-0.652	-0.652	-0.659	-0.659	-0.656	-0.648	-0.648	-0.651	-0.650	-0.656	-0.667	-0.655	-0.655	-0.643	-0.587	-0.587	-0.588	-0.603	-0.644	-0.649	-0.659	-0.668	-0.634	-0.731	-0.618	-0.776	-0.632	-0.501	-0.488	-0.523	-0.702	-0.698	-0.527	-0.528	-0.524	-0.721	-0.680	-0.813	-0.743	-0.723	-0.560	-0.733	-0.815	-0.814	-0.815	-0.813	-0.813	-0.814	-0.813	-0.814	-0.449	-0.818	-0.817	-0.816	-0.817	-0.816	-0.814	-0.812	-0.332	-0.814	-0.818	-0.816	-0.817	-0.816	-0.604	-0.382	-0.821	-0.821	-0.818	-0.588	-0.819	-0.809	-0.714	-0.808	-0.819	-0.808	-0.807	-0.807	-0.807	-0.819	-0.806	-0.806	-0.717	-0.805	-0.807	-0.816	-0.659	-0.664	-0.817	-0.818	-0.654	-0.678	-0.794	-0.760	-0.761	-0.713	-0.758	-0.698	+0.208	+0.229	+3.257	+3.301	+0.200	+0.199	+0.252	+0.204	+0.171	+3.123	+0.244	+3.106	+0.230	+0.255	+0.238	-0.050	+3.163	+0.285	+0.035	+3.104	+0.307	+0.311	+0.296	+3.330	+0.290	+0.040	+0.033	+0.238	+0.148	+0.115	+0.140	+0.275	+0.136	+0.102	+0.136	+0.080	+3.555	+0.139	+3.572	+0.313	+0.149	+3.657	+0.166	+3.519	+3.622	+3.472	+0.270	+3.643	+0.152	+0.147	+0.166	+0.148	+0.148	+3.642	+0.146	+3.592	
rs180673       -0.389	-0.399	-0.291	-0.400	-0.379	-0.372	-0.373	-0.371	-0.435	-0.491	-0.681	-0.726	-0.723	-0.701	-0.707	-0.679	-0.738	-0.653	-0.674	-0.658	+0.460	+0.461	-0.808	-0.617	-0.544	-0.655	-0.745	-0.780	-0.637	-0.651	-0.642	-0.643	-0.643	-0.650	-0.650	-0.647	-0.639	-0.639	-0.642	-0.641	-0.647	-0.657	-0.646	-0.646	-0.634	-0.578	-0.578	-0.579	-0.594	-0.635	-0.640	-0.650	-0.659	-0.625	-0.722	-0.609	-0.767	-0.623	-0.492	-0.478	-0.514	-0.693	-0.689	-0.517	-0.519	-0.514	-0.712	-0.671	-0.804	-0.734	-0.714	-0.551	-0.723	-0.806	-0.805	-0.806	-0.804	-0.804	-0.805	-0.804	-0.805	-0.440	-0.809	-0.808	-0.807	-0.808	-0.807	-0.805	-0.803	-0.322	-0.805	-0.809	-0.808	-0.808	-0.807	-0.595	-0.373	-0.812	-0.812	-0.809	-0.579	-0.810	-0.799	-0.705	-0.799	-0.810	-0.798	-0.798	-0.798	-0.798	-0.810	-0.797	-0.797	-0.708	-0.796	-0.798	-0.806	-0.650	-0.655	-0.808	-0.809	-0.645	-0.669	-0.785	-0.751	-0.752	-0.704	-0.749	-0.689	+0.218	+0.239	+3.268	+3.313	+0.210	+0.209	+0.262	+0.214	+0.181	+3.134	+0.254	+3.118	+0.240	+0.265	+0.248	-0.041	+3.174	+0.295	+0.044	+3.115	+0.317	+0.321	+0.307	+3.341	+0.300	+0.049	+0.042	+0.247	+0.157	+0.124	+0.149	+0.285	+0.145	+0.111	+0.145	+0.089	+3.566	+0.148	+3.583	+0.323	+0.158	+3.668	+0.175	+3.530	+3.633	+3.483	+0.280	+3.654	+0.161	+0.156	+0.175	+0.157	+0.158	+3.653	+0.155	+3.604	
rs180672       -0.392	-0.406	-0.400	-0.302	-0.377	-0.369	-0.370	-0.369	-0.450	-0.505	-0.692	-0.736	-0.731	-0.709	-0.715	-0.687	-0.748	-0.662	-0.684	-0.669	+0.449	+0.450	-0.818	-0.627	-0.554	-0.665	-0.755	-0.790	-0.647	-0.661	-0.652	-0.653	-0.653	-0.660	-0.660	-0.657	-0.649	-0.649	-0.652	-0.651	-0.657	-0.667	-0.656	-0.656	-0.644	-0.588	-0.588	-0.588	-0.603	-0.645	-0.650	-0.660	-0.668	-0.635	-0.732	-0.619	-0.777	-0.633	-0.502	-0.489	-0.524	-0.703	-0.699	-0.527	-0.529	-0.525	-0.722	-0.681	-0.814	-0.744	-0.724	-0.561	-0.733	-0.816	-0.815	-0.816	-0.814	-0.813	-0.815	-0.814	-0.815	-0.450	-0.819	-0.818	-0.817	-0.818	-0.817	-0.815	-0.813	-0.332	-0.814	-0.819	-0.817	-0.818	-0.817	-0.605	-0.383	-0.822	-0.821	-0.819	-0.589	-0.820	-0.809	-0.715	-0.809	-0.820	-0.808	-0.808	-0.808	-0.808	-0.820	-0.807	-0.807	-0.718	-0.806	-0.808	-0.816	-0.660	-0.665	-0.817	-0.819	-0.655	-0.679	-0.795	-0.761	-0.762	-0.714	-0.759	-0.699	+0.207	+0.228	+3.256	+3.300	+0.199	+0.198	+0.251	+0.203	+0.170	+3.122	+0.243	+3.105	+0.229	+0.254	+0.237	-0.051	+3.162	+0.284	+0.034	+3.103	+0.306	+0.310	+0.295	+3.329	+0.289	+0.039	+0.032	+0.237	+0.147	+0.114	+0.139	+0.274	+0.135	+0.101	+0.135	+0.079	+3.554	+0.138	+3.571	+0.312	+0.148	+3.656	+0.165	+3.518	+3.621	+3.470	+0.269	+3.642	+0.151	+0.146	+0.165	+0.148	+0.148	+3.640	+0.146	+3.591	
rs180671       -0.380	-0.377	-0.379	-0.377	-0.253	-0.350	-0.350	-0.352	-0.381	-0.443	-0.637	-0.692	-0.692	-0.671	-0.677	-0.651	-0.703	-0.619	-0.641	-0.622	+0.500	+0.501	-0.773	-0.581	-0.507	-0.620	-0.710	-0.745	-0.602	-0.616	-0.607	-0.608	-0.608	-0.615	-0.615	-0.612	-0.604	-0.604	-0.607	-0.606	-0.612	-0.622	-0.611	-0.611	-0.599	-0.542	-0.542	-0.543	-0.558	-0.600	-0.605	-0.615	-0.624	-0.590	-0.686	-0.574	-0.732	-0.588	-0.456	-0.443	-0.479	-0.658	-0.654	-0.482	-0.483	-0.479	-0.676	-0.635	-0.769	-0.699	-0.679	-0.516	-0.688	-0.771	-0.770	-0.771	-0.769	-0.769	-0.771	-0.769	-0.770	-0.404	-0.775	-0.773	-0.772	-0.773	-0.772	-0.770	-0.768	-0.287	-0.770	-0.774	-0.773	-0.773	-0.772	-0.560	-0.337	-0.778	-0.777	-0.774	-0.543	-0.776	-0.764	-0.671	-0.763	-0.775	-0.763	-0.763	-0.763	-0.763	-0.775	-0.762	-0.762	-0.673	-0.761	-0.762	-0.772	-0.615	-0.620	-0.773	-0.774	-0.610	-0.634	-0.750	-0.716	-0.717	-0.669	-0.714	-0.654	+0.256	+0.277	+3.308	+3.352	+0.248	+0.247	+0.300	+0.252	+0.219	+3.173	+0.292	+3.156	+0.278	+0.303	+0.286	-0.007	+3.213	+0.333	+0.078	+3.154	+0.355	+0.359	+0.345	+3.380	+0.338	+0.083	+0.076	+0.281	+0.191	+0.158	+0.183	+0.323	+0.179	+0.145	+0.179	+0.123	+3.605	+0.182	+3.621	+0.361	+0.192	+3.707	+0.209	+3.569	+3.671	+3.521	+0.319	+3.693	+0.195	+0.190	+0.209	+0.191	+0.192	+3.691	+0.189	+3.642	
rs180670       -0.375	-0.369	-0.372	-0.369	-0.350	-0.247	-0.347	-0.348	-0.373	-0.436	-0.631	-0.687	-0.687	-0.667	-0.672	-0.646	-0.698	-0.614	-0.636	-0.617	+0.506	+0.507	-0.768	-0.575	-0.501	-0.615	-0.704	-0.740	-0.596	-0.611	-0.601	-0.603	-0.602	-0.610	-0.610	-0.607	-0.599	-0.598	-0.602	-0.600	-0.606	-0.617	-0.606	-0.606	-0.594	-0.537	-0.537	-0.537	-0.553	-0.595	-0.600	-0.610	-0.618	-0.585	-0.681	-0.569	-0.726	-0.583	-0.451	-0.438	-0.474	-0.652	-0.648	-0.477	-0.478	-0.474	-0.671	-0.630	-0.764	-0.693	-0.674	-0.511	-0.683	-0.766	-0.765	-0.766	-0.764	-0.763	-0.765	-0.764	-0.765	-0.399	-0.769	-0.768	-0.767	-0.768	-0.767	-0.765	-0.763	-0.282	-0.764	-0.769	-0.767	-0.768	-0.767	-0.555	-0.332	-0.772	-0.772	-0.769	-0.538	-0.770	-0.759	-0.665	-0.758	-0.770	-0.758	-0.758	-0.758	-0.758	-0.770	-0.757	-0.756	-0.667	-0.755	-0.757	-0.766	-0.610	-0.615	-0.767	-0.769	-0.604	-0.628	-0.745	-0.711	-0.711	-0.663	-0.709	-0.648	+0.262	+0.283	+3.314	+3.358	+0.254	+0.253	+0.305	+0.258	+0.224	+3.179	+0.298	+3.162	+0.284	+0.309	+0.292	-0.001	+3.219	+0.339	+0.084	+3.160	+0.361	+0.365	+0.350	+3.386	+0.344	+0.088	+0.081	+0.286	+0.196	+0.163	+0.188	+0.328	+0.185	+0.150	+0.184	+0.129	+3.611	+0.187	+3.628	+0.367	+0.198	+3.713	+0.214	+3.575	+3.677	+3.527	+0.324	+3.699	+0.200	+0.195	+0.215	+0.197	+0.197	+3.697	+0.195	+3.648	
rs180669       -0.375	-0.370	-0.373	-0.370	-0.350	-0.347	-0.248	-0.349	-0.374	-0.436	-0.631	-0.687	-0.687	-0.667	-0.673	-0.647	-0.698	-0.615	-0.636	-0.617	+0.505	+0.506	-0.768	-0.576	-0.502	-0.615	-0.705	-0.740	-0.597	-0.611	-0.602	-0.603	-0.603	-0.610	-0.610	-0.607	-0.599	-0.599	-0.602	-0.601	-0.607	-0.617	-0.606	-0.606	-0.594	-0.537	-0.537	-0.538	-0.553	-0.595	-0.600	-0.610	-0.619	-0.585	-0.681	-0.569	-0.727	-0.583	-0.451	-0.438	-0.474	-0.653	-0.649	-0.477	-0.478	-0.474	-0.671	-0.630	-0.764	-0.694	-0.674	-0.511	-0.683	-0.767	-0.765	-0.766	-0.764	-0.764	-0.766	-0.764	-0.765	-0.399	-0.770	-0.768	-0.767	-0.769	-0.768	-0.766	-0.763	-0.282	-0.765	-0.769	-0.768	-0.768	-0.768	-0.555	-0.332	-0.773	-0.772	-0.770	-0.538	-0.771	-0.759	-0.666	-0.759	-0.771	-0.758	-0.758	-0.758	-0.758	-0.770	-0.757	-0.757	-0.668	-0.756	-0.757	-0.767	-0.610	-0.615	-0.768	-0.769	-0.605	-0.629	-0.745	-0.711	-0.712	-0.664	-0.709	-0.649	+0.261	+0.283	+3.313	+3.357	+0.253	+0.252	+0.305	+0.257	+0.224	+3.178	+0.298	+3.162	+0.283	+0.309	+0.291	-0.002	+3.218	+0.338	+0.083	+3.160	+0.360	+0.364	+0.350	+3.385	+0.344	+0.088	+0.081	+0.286	+0.196	+0.163	+0.188	+0.328	+0.184	+0.150	+0.184	+0.128	+3.610	+0.187	+3.627	+0.366	+0.197	+3.712	+0.214	+3.574	+3.677	+3.527	+0.324	+3.698	+0.200	+0.195	+0.214	+0.196	+0.197	+3.697	+0.194	+3.648	
rs180668       -0.372	-0.370	-0.371	-0.369	-0.352	-0.348	-0.349	-0.244	-0.369	-0.432	-0.627	-0.684	-0.685	-0.664	-0.670	-0.644	-0.695	-0.612	-0.633	-0.614	+0.508	+0.509	-0.765	-0.573	-0.499	-0.612	-0.702	-0.737	-0.594	-0.608	-0.599	-0.600	-0.600	-0.607	-0.607	-0.604	-0.596	-0.596	-0.599	-0.598	-0.604	-0.615	-0.603	-0.603	-0.591	-0.534	-0.534	-0.535	-0.550	-0.593	-0.597	-0.607	-0.616	-0.582	-0.678	-0.566	-0.724	-0.580	-0.448	-0.435	-0.471	-0.650	-0.646	-0.474	-0.475	-0.471	-0.668	-0.627	-0.761	-0.691	-0.671	-0.508	-0.680	-0.763	-0.762	-0.763	-0.761	-0.761	-0.763	-0.761	-0.762	-0.396	-0.767	-0.765	-0.764	-0.765	-0.765	-0.763	-0.760	-0.279	-0.762	-0.766	-0.765	-0.765	-0.764	-0.552	-0.329	-0.770	-0.769	-0.767	-0.535	-0.768	-0.756	-0.663	-0.756	-0.768	-0.755	-0.755	-0.755	-0.755	-0.767	-0.754	-0.754	-0.665	-0.753	-0.755	-0.764	-0.607	-0.612	-0.765	-0.766	-0.602	-0.626	-0.742	-0.708	-0.709	-0.661	-0.706	-0.646	+0.265	+0.286	+3.316	+3.360	+0.257	+0.256	+0.309	+0.261	+0.227	+3.182	+0.301	+3.165	+0.287	+0.312	+0.295	+0.001	+3.222	+0.342	+0.086	+3.163	+0.364	+0.368	+0.354	+3.389	+0.347	+0.091	+0.083	+0.289	+0.199	+0.166	+0.190	+0.332	+0.187	+0.153	+0.186	+0.131	+3.614	+0.189	+3.630	+0.370	+0.200	+3.716	+0.217	+3.578	+3.680	+3.530	+0.327	+3.701	+0.203	+0.197	+0.217	+0.199	+0.199	+3.700	+0.197	+3.651	
rs11197495     -0.418	-0.449	-0.435	-0.450	-0.381	-0.373	-0.374	-0.369	-0.413	-0.526	-0.830	-0.831	-0.772	-0.734	-0.744	-0.701	-0.845	-0.747	-0.773	-0.789	+0.325	+0.326	-0.925	-0.743	-0.675	-0.773	-0.864	-0.895	-0.755	-0.769	-0.760	-0.761	-0.761	-0.768	-0.768	-0.765	-0.757	-0.757	-0.760	-0.759	-0.764	-0.775	-0.764	-0.764	-0.752	-0.692	-0.692	-0.692	-0.707	-0.753	-0.758	-0.768	-0.776	-0.743	-0.841	-0.727	-0.885	-0.739	-0.611	-0.597	-0.633	-0.808	-0.804	-0.636	-0.637	-0.633	-0.832	-0.793	-0.919	-0.848	-0.829	-0.660	-0.837	-0.920	-0.919	-0.920	-0.917	-0.917	-0.919	-0.918	-0.919	-0.558	-0.924	-0.922	-0.921	-0.922	-0.921	-0.919	-0.916	-0.437	-0.918	-0.923	-0.921	-0.922	-0.921	-0.705	-0.489	-0.927	-0.926	-0.924	-0.694	-0.926	-0.917	-0.820	-0.916	-0.926	-0.916	-0.916	-0.916	-0.916	-0.926	-0.915	-0.915	-0.823	-0.914	-0.916	-0.922	-0.775	-0.769	-0.924	-0.925	-0.758	-0.782	-0.903	-0.872	-0.871	-0.824	-0.868	-0.804	+0.080	+0.103	+3.103	+3.147	+0.072	+0.070	+0.125	+0.075	+0.042	+2.973	+0.116	+2.957	+0.103	+0.126	+0.109	-0.155	+3.011	+0.156	-0.070	+2.953	+0.177	+0.181	+0.167	+3.177	+0.163	-0.067	-0.074	+0.133	+0.041	+0.012	+0.034	+0.146	+0.030	-0.003	+0.029	-0.026	+3.404	+0.032	+3.421	+0.185	+0.043	+3.506	+0.059	+3.365	+3.470	+3.317	+0.143	+3.491	+0.045	+0.041	+0.059	+0.042	+0.042	+3.490	+0.040	+3.441	
rs11197496     -0.476	-0.503	-0.491	-0.505	-0.443	-0.436	-0.436	-0.432	-0.526	-0.418	-0.841	-0.833	-0.789	-0.753	-0.762	-0.722	-0.848	-0.748	-0.774	-0.791	+0.324	+0.326	-0.928	-0.745	-0.676	-0.776	-0.867	-0.899	-0.758	-0.772	-0.763	-0.764	-0.764	-0.771	-0.771	-0.768	-0.760	-0.760	-0.763	-0.762	-0.768	-0.779	-0.767	-0.767	-0.755	-0.695	-0.695	-0.696	-0.711	-0.757	-0.761	-0.771	-0.780	-0.747	-0.844	-0.730	-0.888	-0.741	-0.612	-0.599	-0.635	-0.811	-0.807	-0.638	-0.639	-0.635	-0.834	-0.794	-0.923	-0.851	-0.831	-0.663	-0.840	-0.924	-0.922	-0.923	-0.921	-0.921	-0.923	-0.922	-0.922	-0.559	-0.928	-0.925	-0.924	-0.926	-0.925	-0.923	-0.920	-0.438	-0.922	-0.926	-0.925	-0.926	-0.925	-0.709	-0.492	-0.931	-0.930	-0.927	-0.698	-0.930	-0.921	-0.824	-0.920	-0.930	-0.920	-0.920	-0.920	-0.920	-0.929	-0.919	-0.919	-0.827	-0.918	-0.920	-0.926	-0.778	-0.773	-0.928	-0.929	-0.762	-0.786	-0.907	-0.875	-0.875	-0.828	-0.872	-0.808	+0.081	+0.104	+3.110	+3.154	+0.073	+0.072	+0.126	+0.077	+0.044	+2.979	+0.117	+2.962	+0.105	+0.128	+0.111	-0.160	+3.017	+0.157	-0.075	+2.958	+0.179	+0.183	+0.169	+3.183	+0.165	-0.072	-0.079	+0.128	+0.036	+0.007	+0.029	+0.148	+0.025	-0.008	+0.025	-0.030	+3.411	+0.028	+3.427	+0.186	+0.038	+3.513	+0.055	+3.372	+3.477	+3.324	+0.144	+3.498	+0.041	+0.036	+0.055	+0.037	+0.037	+3.497	+0.035	+3.448	
rs180631       -0.667	-0.691	-0.681	-0.692	-0.637	-0.631	-0.631	-0.627	-0.830	-0.841	-0.582	-0.968	-0.891	-0.852	-0.864	-0.818	-0.979	-0.893	-0.918	-0.929	+0.150	+0.151	-1.078	-0.896	-0.827	-0.927	-1.018	-1.048	-0.909	-0.923	-0.914	-0.915	-0.915	-0.922	-0.922	-0.919	-0.911	-0.911	-0.914	-0.913	-0.919	-0.929	-0.918	-0.918	-0.906	-0.849	-0.849	-0.850	-0.864	-0.907	-0.912	-0.922	-0.930	-0.898	-0.995	-0.881	-1.038	-0.894	-0.765	-0.752	-0.788	-0.962	-0.958	-0.791	-0.792	-0.788	-0.987	-0.948	-1.072	-1.004	-0.985	-0.819	-0.994	-1.074	-1.073	-1.074	-1.071	-1.071	-1.073	-1.072	-1.073	-0.716	-1.077	-1.075	-1.075	-1.076	-1.075	-1.073	-1.070	-0.598	-1.072	-1.077	-1.075	-1.076	-1.075	-0.862	-0.650	-1.080	-1.079	-1.077	-0.850	-1.079	-1.069	-0.975	-1.068	-1.079	-1.068	-1.068	-1.068	-1.068	-1.078	-1.067	-1.067	-0.977	-1.066	-1.068	-1.075	-0.927	-0.924	-1.076	-1.077	-0.914	-0.937	-1.055	-1.023	-1.022	-0.976	-1.019	-0.958	-0.083	-0.059	+2.915	+2.960	-0.090	-0.091	-0.037	-0.086	-0.119	+2.788	-0.046	+2.771	-0.058	-0.036	-0.053	-0.314	+2.825	-0.007	-0.230	+2.767	+0.015	+0.019	+0.005	+2.991	+0.001	-0.226	-0.233	-0.028	-0.119	-0.150	-0.127	-0.016	-0.130	-0.163	-0.131	-0.185	+3.215	-0.128	+3.232	+0.022	-0.117	+3.316	-0.101	+3.177	+3.281	+3.129	-0.020	+3.302	-0.115	-0.119	-0.101	-0.118	-0.118	+3.301	-0.120	+3.252	
rs11197517     -0.715	-0.735	-0.726	-0.736	-0.692	-0.687	-0.687	-0.684	-0.831	-0.833	-0.968	-0.557	-0.804	-0.757	-0.772	-0.717	-0.693	-0.619	-0.690	-0.833	+0.167	+0.170	-1.055	-0.876	-0.807	-0.903	-0.996	-1.025	-0.885	-0.899	-0.890	-0.891	-0.890	-0.897	-0.898	-0.894	-0.887	-0.887	-0.890	-0.888	-0.894	-0.905	-0.894	-0.894	-0.882	-0.827	-0.827	-0.828	-0.842	-0.883	-0.888	-0.898	-0.906	-0.873	-0.973	-0.857	-1.016	-0.871	-0.743	-0.729	-0.765	-0.939	-0.935	-0.768	-0.769	-0.765	-0.966	-0.928	-1.048	-0.983	-0.964	-0.797	-0.973	-1.051	-1.049	-1.050	-1.048	-1.048	-1.050	-1.049	-1.049	-0.694	-1.053	-1.052	-1.051	-1.052	-1.052	-1.050	-1.047	-0.575	-1.049	-1.053	-1.052	-1.052	-1.052	-0.837	-0.626	-1.056	-1.056	-1.053	-0.826	-1.054	-1.044	-0.950	-1.043	-1.054	-1.043	-1.043	-1.043	-1.043	-1.053	-1.042	-1.042	-0.953	-1.041	-1.042	-1.050	-0.902	-0.900	-1.051	-1.053	-0.889	-0.913	-1.029	-0.996	-0.996	-0.948	-0.993	-0.932	-0.058	-0.034	+2.939	+2.983	-0.065	-0.066	-0.012	-0.061	-0.094	+2.811	-0.021	+2.794	-0.033	-0.011	-0.028	-0.292	+2.848	+0.019	-0.207	+2.790	+0.040	+0.044	+0.030	+3.013	+0.026	-0.204	-0.211	-0.006	-0.097	-0.128	-0.104	+0.009	-0.108	-0.142	-0.109	-0.163	+3.237	-0.106	+3.254	+0.047	-0.095	+3.339	-0.079	+3.199	+3.303	+3.151	+0.006	+3.324	-0.093	-0.097	-0.079	-0.096	-0.096	+3.323	-0.098	+3.274	
rs7071452      -0.713	-0.730	-0.723	-0.731	-0.692	-0.687	-0.687	-0.685	-0.772	-0.789	-0.891	-0.804	-0.514	-0.594	-0.637	-0.570	-0.790	-0.793	-0.810	-0.817	+0.204	+0.207	-1.013	-0.831	-0.759	-0.857	-0.953	-0.984	-0.839	-0.853	-0.844	-0.845	-0.845	-0.852	-0.852	-0.849	-0.841	-0.841	-0.844	-0.843	-0.849	-0.860	-0.848	-0.848	-0.836	-0.790	-0.790	-0.790	-0.804	-0.837	-0.842	-0.852	-0.861	-0.827	-0.930	-0.811	-0.974	-0.829	-0.697	-0.683	-0.719	-0.897	-0.893	-0.722	-0.723	-0.719	-0.924	-0.886	-1.007	-0.944	-0.925	-0.758	-0.934	-1.011	-1.009	-1.010	-1.008	-1.008	-1.010	-1.009	-1.009	-0.649	-1.012	-1.012	-1.011	-1.013	-1.012	-1.010	-1.007	-0.532	-1.009	-1.013	-1.012	-1.012	-1.012	-0.796	-0.583	-1.016	-1.016	-1.013	-0.784	-1.013	-1.002	-0.910	-1.001	-1.013	-1.001	-1.001	-1.001	-1.001	-1.013	-1.000	-1.000	-0.913	-0.999	-1.001	-1.009	-0.857	-0.859	-1.010	-1.012	-0.848	-0.872	-0.988	-0.953	-0.954	-0.906	-0.951	-0.891	-0.008	+0.015	+2.985	+3.032	-0.015	-0.016	+0.037	-0.011	-0.044	+2.858	+0.029	+2.842	+0.016	+0.039	+0.022	-0.255	+2.895	+0.068	-0.171	+2.838	+0.090	+0.094	+0.080	+3.060	+0.075	-0.167	-0.174	+0.030	-0.061	-0.092	-0.068	+0.059	-0.071	-0.105	-0.072	-0.126	+3.284	-0.069	+3.301	+0.097	-0.058	+3.386	-0.042	+3.247	+3.350	+3.199	+0.055	+3.371	-0.056	-0.060	-0.042	-0.059	-0.059	+3.370	-0.061	+3.321	
rs1061413      -0.691	-0.708	-0.701	-0.709	-0.671	-0.667	-0.667	-0.664	-0.734	-0.753	-0.852	-0.757	-0.594	-0.477	-0.629	-0.604	-0.734	-0.770	-0.781	-0.775	+0.241	+0.244	-0.978	-0.796	-0.722	-0.821	-0.918	-0.948	-0.802	-0.817	-0.808	-0.809	-0.809	-0.816	-0.816	-0.813	-0.805	-0.804	-0.808	-0.806	-0.812	-0.823	-0.812	-0.812	-0.800	-0.755	-0.755	-0.756	-0.770	-0.801	-0.806	-0.816	-0.824	-0.791	-0.895	-0.774	-0.939	-0.793	-0.660	-0.646	-0.682	-0.861	-0.857	-0.685	-0.687	-0.682	-0.889	-0.851	-0.972	-0.910	-0.891	-0.723	-0.899	-0.976	-0.974	-0.975	-0.973	-0.973	-0.975	-0.974	-0.974	-0.613	-0.977	-0.977	-0.976	-0.977	-0.977	-0.975	-0.972	-0.497	-0.974	-0.978	-0.977	-0.977	-0.976	-0.761	-0.546	-0.981	-0.980	-0.977	-0.748	-0.978	-0.966	-0.874	-0.965	-0.978	-0.965	-0.965	-0.965	-0.965	-0.977	-0.964	-0.964	-0.877	-0.963	-0.965	-0.974	-0.821	-0.823	-0.975	-0.976	-0.812	-0.837	-0.952	-0.916	-0.918	-0.869	-0.915	-0.855	+0.029	+0.052	+3.023	+3.069	+0.023	+0.021	+0.075	+0.027	-0.007	+2.896	+0.067	+2.879	+0.054	+0.077	+0.060	-0.220	+2.933	+0.106	-0.136	+2.875	+0.128	+0.131	+0.117	+3.097	+0.112	-0.132	-0.140	+0.064	-0.026	-0.058	-0.033	+0.096	-0.037	-0.071	-0.037	-0.091	+3.321	-0.034	+3.338	+0.134	-0.024	+3.423	-0.007	+3.284	+3.387	+3.237	+0.092	+3.408	-0.021	-0.025	-0.007	-0.025	-0.025	+3.407	-0.027	+3.358	
rs1078080      -0.697	-0.714	-0.707	-0.715	-0.677	-0.672	-0.673	-0.670	-0.744	-0.762	-0.864	-0.772	-0.637	-0.629	-0.486	-0.614	-0.751	-0.778	-0.790	-0.786	+0.231	+0.234	-0.987	-0.804	-0.731	-0.829	-0.927	-0.957	-0.811	-0.825	-0.816	-0.817	-0.817	-0.824	-0.824	-0.821	-0.813	-0.813	-0.816	-0.815	-0.821	-0.832	-0.820	-0.820	-0.808	-0.764	-0.764	-0.765	-0.779	-0.809	-0.814	-0.824	-0.833	-0.799	-0.904	-0.783	-0.947	-0.802	-0.668	-0.654	-0.690	-0.870	-0.866	-0.694	-0.695	-0.690	-0.897	-0.859	-0.981	-0.918	-0.899	-0.731	-0.908	-0.984	-0.983	-0.984	-0.982	-0.982	-0.984	-0.982	-0.983	-0.622	-0.986	-0.986	-0.985	-0.986	-0.985	-0.984	-0.981	-0.505	-0.983	-0.987	-0.986	-0.986	-0.985	-0.770	-0.556	-0.990	-0.989	-0.986	-0.757	-0.987	-0.975	-0.883	-0.975	-0.987	-0.974	-0.974	-0.974	-0.974	-0.986	-0.973	-0.973	-0.886	-0.972	-0.974	-0.983	-0.830	-0.832	-0.984	-0.985	-0.821	-0.846	-0.961	-0.926	-0.927	-0.879	-0.924	-0.864	+0.020	+0.043	+3.013	+3.059	+0.013	+0.012	+0.066	+0.017	-0.016	+2.885	+0.057	+2.868	+0.045	+0.068	+0.050	-0.230	+2.922	+0.096	-0.145	+2.864	+0.118	+0.122	+0.108	+3.087	+0.103	-0.142	-0.149	+0.055	-0.035	-0.068	-0.042	+0.087	-0.046	-0.080	-0.047	-0.101	+3.310	-0.044	+3.327	+0.125	-0.033	+3.413	-0.017	+3.274	+3.376	+3.226	+0.083	+3.397	-0.031	-0.035	-0.017	-0.034	-0.034	+3.397	-0.036	+3.347	
rs10885848     -0.670	-0.686	-0.679	-0.687	-0.651	-0.646	-0.647	-0.644	-0.701	-0.722	-0.818	-0.717	-0.570	-0.604	-0.614	-0.444	-0.688	-0.746	-0.753	-0.739	+0.274	+0.277	-0.947	-0.764	-0.690	-0.789	-0.887	-0.917	-0.770	-0.784	-0.775	-0.776	-0.776	-0.783	-0.783	-0.780	-0.772	-0.772	-0.775	-0.774	-0.780	-0.791	-0.780	-0.779	-0.767	-0.725	-0.725	-0.726	-0.740	-0.769	-0.773	-0.783	-0.792	-0.758	-0.864	-0.742	-0.907	-0.762	-0.628	-0.615	-0.651	-0.830	-0.826	-0.654	-0.655	-0.651	-0.858	-0.821	-0.941	-0.880	-0.861	-0.693	-0.870	-0.945	-0.943	-0.945	-0.943	-0.942	-0.944	-0.943	-0.944	-0.583	-0.946	-0.946	-0.945	-0.947	-0.946	-0.944	-0.942	-0.467	-0.943	-0.947	-0.946	-0.946	-0.946	-0.730	-0.515	-0.950	-0.949	-0.946	-0.717	-0.946	-0.935	-0.843	-0.934	-0.946	-0.934	-0.934	-0.934	-0.933	-0.946	-0.932	-0.932	-0.846	-0.931	-0.933	-0.942	-0.788	-0.792	-0.943	-0.944	-0.781	-0.806	-0.920	-0.884	-0.886	-0.836	-0.883	-0.823	+0.061	+0.084	+3.058	+3.104	+0.055	+0.053	+0.107	+0.058	+0.025	+2.931	+0.099	+2.914	+0.086	+0.109	+0.092	-0.188	+2.968	+0.138	-0.104	+2.910	+0.159	+0.163	+0.149	+3.133	+0.144	-0.100	-0.108	+0.096	+0.006	-0.027	-0.001	+0.128	-0.005	-0.039	-0.005	-0.059	+3.356	-0.002	+3.373	+0.166	+0.008	+3.458	+0.025	+3.320	+3.422	+3.272	+0.124	+3.444	+0.011	+0.007	+0.025	+0.007	+0.007	+3.442	+0.005	+3.393	
rs2302105      -0.726	-0.747	-0.738	-0.748	-0.703	-0.698	-0.698	-0.695	-0.845	-0.848	-0.979	-0.693	-0.790	-0.734	-0.751	-0.688	-0.572	-0.524	-0.634	-0.846	+0.153	+0.155	-1.069	-0.889	-0.821	-0.917	-1.009	-1.039	-0.899	-0.913	-0.904	-0.905	-0.905	-0.912	-0.912	-0.909	-0.901	-0.901	-0.904	-0.903	-0.908	-0.919	-0.908	-0.908	-0.896	-0.840	-0.840	-0.841	-0.855	-0.897	-0.902	-0.912	-0.920	-0.887	-0.987	-0.871	-1.030	-0.885	-0.757	-0.744	-0.779	-0.953	-0.949	-0.782	-0.783	-0.779	-0.979	-0.941	-1.062	-0.995	-0.977	-0.809	-0.985	-1.064	-1.063	-1.064	-1.062	-1.062	-1.063	-1.062	-1.063	-0.707	-1.067	-1.066	-1.065	-1.066	-1.065	-1.063	-1.061	-0.588	-1.063	-1.067	-1.065	-1.066	-1.065	-0.851	-0.640	-1.070	-1.069	-1.067	-0.840	-1.068	-1.059	-0.965	-1.058	-1.068	-1.058	-1.058	-1.058	-1.058	-1.068	-1.057	-1.056	-0.967	-1.056	-1.057	-1.065	-0.917	-0.914	-1.066	-1.067	-0.903	-0.927	-1.044	-1.011	-1.011	-0.964	-1.008	-0.947	-0.072	-0.049	+2.924	+2.968	-0.079	-0.080	-0.026	-0.075	-0.108	+2.797	-0.035	+2.780	-0.048	-0.025	-0.042	-0.306	+2.833	+0.004	-0.221	+2.776	+0.026	+0.029	+0.015	+2.998	+0.011	-0.218	-0.225	-0.020	-0.111	-0.141	-0.118	-0.005	-0.122	-0.155	-0.123	-0.177	+3.223	-0.120	+3.240	+0.033	-0.109	+3.325	-0.093	+3.185	+3.289	+3.137	-0.009	+3.310	-0.107	-0.111	-0.093	-0.110	-0.110	+3.309	-0.112	+3.260	
rs11593254     -0.642	-0.662	-0.653	-0.662	-0.619	-0.614	-0.615	-0.612	-0.747	-0.748	-0.893	-0.619	-0.793	-0.770	-0.778	-0.746	-0.524	-0.469	-0.617	-0.713	+0.248	+0.251	-0.972	-0.793	-0.722	-0.818	-0.914	-0.942	-0.800	-0.814	-0.805	-0.807	-0.806	-0.813	-0.813	-0.810	-0.802	-0.802	-0.805	-0.804	-0.810	-0.821	-0.809	-0.809	-0.797	-0.745	-0.745	-0.746	-0.760	-0.799	-0.803	-0.813	-0.822	-0.789	-0.891	-0.772	-0.934	-0.789	-0.659	-0.645	-0.681	-0.856	-0.853	-0.684	-0.685	-0.681	-0.886	-0.849	-0.965	-0.904	-0.886	-0.717	-0.894	-0.969	-0.968	-0.969	-0.967	-0.967	-0.968	-0.967	-0.968	-0.612	-0.970	-0.970	-0.970	-0.971	-0.970	-0.968	-0.966	-0.495	-0.968	-0.971	-0.970	-0.971	-0.970	-0.753	-0.542	-0.974	-0.974	-0.971	-0.742	-0.971	-0.960	-0.867	-0.960	-0.971	-0.959	-0.959	-0.959	-0.959	-0.970	-0.958	-0.958	-0.870	-0.957	-0.959	-0.967	-0.817	-0.816	-0.968	-0.969	-0.805	-0.830	-0.945	-0.910	-0.911	-0.863	-0.908	-0.848	+0.032	+0.056	+3.017	+3.061	+0.025	+0.024	+0.078	+0.029	-0.004	+2.891	+0.069	+2.874	+0.057	+0.079	+0.063	-0.216	+2.926	+0.109	-0.132	+2.869	+0.131	+0.134	+0.120	+3.091	+0.116	-0.128	-0.135	+0.069	-0.022	-0.054	-0.029	+0.100	-0.033	-0.066	-0.033	-0.088	+3.315	-0.030	+3.331	+0.138	-0.020	+3.416	-0.004	+3.277	+3.381	+3.230	+0.096	+3.402	-0.018	-0.022	-0.004	-0.021	-0.021	+3.400	-0.023	+3.352	
rs11598215     -0.663	-0.683	-0.674	-0.684	-0.641	-0.636	-0.636	-0.633	-0.773	-0.774	-0.918	-0.690	-0.810	-0.781	-0.790	-0.753	-0.634	-0.617	-0.496	-0.748	+0.221	+0.224	-0.997	-0.818	-0.748	-0.844	-0.938	-0.967	-0.826	-0.840	-0.831	-0.832	-0.832	-0.839	-0.839	-0.836	-0.828	-0.828	-0.831	-0.830	-0.835	-0.846	-0.835	-0.835	-0.823	-0.770	-0.770	-0.771	-0.785	-0.824	-0.829	-0.839	-0.847	-0.814	-0.916	-0.798	-0.959	-0.814	-0.684	-0.671	-0.706	-0.882	-0.878	-0.710	-0.711	-0.706	-0.910	-0.873	-0.991	-0.929	-0.910	-0.742	-0.919	-0.994	-0.993	-0.994	-0.992	-0.992	-0.993	-0.992	-0.993	-0.637	-0.995	-0.995	-0.995	-0.996	-0.995	-0.993	-0.991	-0.520	-0.993	-0.996	-0.995	-0.996	-0.995	-0.778	-0.568	-1.000	-0.999	-0.996	-0.768	-0.996	-0.986	-0.893	-0.985	-0.996	-0.985	-0.985	-0.985	-0.985	-0.996	-0.984	-0.984	-0.896	-0.983	-0.984	-0.992	-0.844	-0.842	-0.994	-0.995	-0.831	-0.855	-0.971	-0.936	-0.937	-0.890	-0.934	-0.874	+0.006	+0.029	+2.991	+3.036	-0.001	-0.002	+0.052	+0.003	-0.030	+2.865	+0.043	+2.848	+0.031	+0.053	+0.036	-0.240	+2.901	+0.083	-0.156	+2.844	+0.104	+0.108	+0.094	+3.066	+0.090	-0.153	-0.160	+0.044	-0.046	-0.078	-0.054	+0.073	-0.057	-0.091	-0.058	-0.112	+3.290	-0.055	+3.306	+0.112	-0.045	+3.391	-0.028	+3.252	+3.356	+3.205	+0.070	+3.377	-0.042	-0.046	-0.028	-0.046	-0.046	+3.375	-0.048	+3.327	
rs72834524     -0.646	-0.668	-0.658	-0.669	-0.622	-0.617	-0.617	-0.614	-0.789	-0.791	-0.929	-0.833	-0.817	-0.775	-0.786	-0.739	-0.846	-0.713	-0.748	-0.511	+0.217	+0.219	-1.012	-0.832	-0.764	-0.861	-0.952	-0.982	-0.843	-0.857	-0.848	-0.849	-0.848	-0.856	-0.856	-0.853	-0.845	-0.845	-0.848	-0.847	-0.852	-0.863	-0.852	-0.852	-0.840	-0.781	-0.781	-0.782	-0.797	-0.841	-0.846	-0.856	-0.864	-0.831	-0.929	-0.815	-0.973	-0.827	-0.699	-0.686	-0.721	-0.896	-0.892	-0.725	-0.726	-0.721	-0.921	-0.882	-1.006	-0.937	-0.918	-0.750	-0.927	-1.007	-1.006	-1.007	-1.005	-1.005	-1.007	-1.005	-1.006	-0.648	-1.011	-1.009	-1.008	-1.010	-1.009	-1.007	-1.004	-0.528	-1.006	-1.010	-1.009	-1.009	-1.008	-0.793	-0.581	-1.014	-1.013	-1.011	-0.783	-1.013	-1.004	-0.908	-1.003	-1.013	-1.003	-1.003	-1.003	-1.003	-1.012	-1.002	-1.001	-0.911	-1.001	-1.002	-1.009	-0.862	-0.857	-1.010	-1.011	-0.846	-0.870	-0.989	-0.957	-0.957	-0.910	-0.954	-0.891	-0.012	+0.011	+2.986	+3.030	-0.020	-0.021	+0.033	-0.016	-0.049	+2.858	+0.024	+2.842	+0.012	+0.034	+0.017	-0.250	+2.896	+0.064	-0.165	+2.838	+0.085	+0.089	+0.075	+3.061	+0.071	-0.162	-0.169	+0.037	-0.055	-0.084	-0.062	+0.054	-0.066	-0.099	-0.066	-0.121	+3.287	-0.063	+3.303	+0.093	-0.053	+3.388	-0.037	+3.248	+3.353	+3.200	+0.051	+3.374	-0.051	-0.054	-0.037	-0.054	-0.054	+3.373	-0.056	+3.324	
rs11197530     +0.474	+0.450	+0.460	+0.449	+0.500	+0.506	+0.505	+0.508	+0.325	+0.324	+0.150	+0.167	+0.204	+0.241	+0.231	+0.274	+0.153	+0.248	+0.221	+0.217	+0.753	+0.744	+0.155	+0.501	+0.629	+0.192	+0.281	+0.126	+0.207	+0.195	+0.205	+0.204	+0.204	+0.196	+0.196	+0.199	+0.205	+0.205	+0.203	+0.204	+0.199	+0.191	+0.199	+0.199	+0.211	+0.418	+0.418	+0.417	+0.396	+0.210	+0.206	+0.197	+0.190	+0.218	+0.319	+0.232	+0.231	+0.243	+0.357	+0.370	+0.337	+0.183	+0.186	+0.334	+0.332	+0.336	+0.251	+0.301	+0.119	+0.271	+0.301	+0.340	+0.287	+0.145	+0.148	+0.146	+0.152	+0.153	+0.148	+0.151	+0.148	+0.436	+0.106	+0.141	+0.144	+0.138	+0.142	+0.147	+0.155	+0.550	+0.149	+0.136	+0.141	+0.139	+0.141	+0.319	+0.520	+0.121	+0.123	+0.120	+0.321	+0.093	+0.086	+0.188	+0.084	+0.092	+0.084	+0.084	+0.084	+0.084	+0.091	+0.083	+0.083	+0.185	+0.082	+0.083	+0.090	+0.143	+0.253	+0.086	+0.086	+0.266	+0.236	+0.082	+0.095	+0.099	+0.126	+0.105	+0.209	+1.151	+1.168	+3.848	+3.899	+1.140	+1.139	+1.189	+1.145	+1.110	+3.748	+1.187	+3.731	+1.166	+1.199	+1.180	+0.729	+3.783	+1.231	+0.809	+3.727	+1.252	+1.256	+1.240	+3.943	+1.229	+0.816	+0.809	+1.002	+0.917	+0.881	+0.911	+1.216	+0.907	+0.877	+0.907	+0.856	+4.160	+0.910	+4.176	+1.256	+0.920	+4.260	+0.936	+4.131	+4.225	+4.084	+1.211	+4.246	+0.922	+0.915	+0.935	+0.919	+0.919	+4.245	+0.917	+4.197	
rs11197531     +0.475	+0.451	+0.461	+0.450	+0.501	+0.507	+0.506	+0.509	+0.326	+0.326	+0.151	+0.170	+0.207	+0.244	+0.234	+0.277	+0.155	+0.251	+0.224	+0.219	+0.744	+0.755	+0.159	+0.509	+0.639	+0.194	+0.286	+0.128	+0.209	+0.197	+0.207	+0.206	+0.206	+0.198	+0.198	+0.201	+0.207	+0.208	+0.205	+0.206	+0.201	+0.193	+0.202	+0.202	+0.213	+0.421	+0.421	+0.419	+0.398	+0.212	+0.208	+0.200	+0.193	+0.221	+0.325	+0.235	+0.236	+0.246	+0.359	+0.372	+0.339	+0.185	+0.187	+0.336	+0.335	+0.339	+0.254	+0.304	+0.122	+0.276	+0.306	+0.343	+0.292	+0.148	+0.151	+0.149	+0.156	+0.156	+0.151	+0.154	+0.151	+0.440	+0.109	+0.144	+0.147	+0.142	+0.145	+0.151	+0.158	+0.554	+0.153	+0.140	+0.144	+0.142	+0.145	+0.321	+0.523	+0.124	+0.126	+0.123	+0.323	+0.095	+0.088	+0.190	+0.086	+0.095	+0.086	+0.086	+0.086	+0.086	+0.093	+0.085	+0.085	+0.186	+0.084	+0.084	+0.092	+0.143	+0.254	+0.088	+0.088	+0.268	+0.238	+0.083	+0.096	+0.100	+0.127	+0.106	+0.210	+1.142	+1.159	+3.842	+3.893	+1.132	+1.131	+1.181	+1.136	+1.102	+3.742	+1.179	+3.726	+1.158	+1.190	+1.172	+0.733	+3.778	+1.222	+0.813	+3.722	+1.243	+1.247	+1.232	+3.938	+1.221	+0.820	+0.813	+1.007	+0.922	+0.885	+0.915	+1.207	+0.911	+0.881	+0.911	+0.860	+4.154	+0.914	+4.171	+1.248	+0.924	+4.254	+0.940	+4.125	+4.220	+4.079	+1.203	+4.240	+0.926	+0.920	+0.940	+0.923	+0.923	+4.239	+0.921	+4.191	
rs7070267      -0.796	-0.817	-0.808	-0.818	-0.773	-0.768	-0.768	-0.765	-0.925	-0.928	-1.078	-1.055	-1.013	-0.978	-0.987	-0.947	-1.069	-0.972	-0.997	-1.012	+0.155	+0.159	-0.653	-0.054	-0.214	-0.950	-0.908	-1.055	-0.929	-0.945	-0.936	-0.937	-0.937	-0.944	-0.944	-0.940	-0.932	-0.932	-0.935	-0.934	-0.940	-0.953	-0.940	-0.940	-0.926	-0.894	-0.894	-0.895	-0.911	-0.928	-0.933	-0.945	-0.954	-0.917	-0.879	-0.899	-0.955	-0.951	-0.815	-0.801	-0.839	-1.020	-1.016	-0.843	-0.844	-0.840	-1.014	-0.976	-1.112	-1.051	-1.031	-0.886	-1.041	-1.129	-1.128	-1.128	-1.126	-1.126	-1.128	-1.127	-1.128	-0.779	-1.128	-1.130	-1.129	-1.131	-1.130	-1.128	-1.125	-0.661	-1.127	-1.131	-1.130	-1.130	-1.130	-0.924	-0.714	-1.134	-1.133	-1.131	-0.913	-1.132	-1.122	-1.035	-1.122	-1.132	-1.121	-1.121	-1.121	-1.121	-1.131	-1.120	-1.120	-1.037	-1.119	-1.121	-1.129	-0.948	-0.988	-1.132	-1.134	-0.978	-1.003	-1.108	-1.076	-1.073	-1.017	-1.071	-1.024	-0.147	-0.124	+2.838	+2.883	-0.154	-0.155	-0.102	-0.150	-0.183	+2.711	-0.110	+2.695	-0.123	-0.100	-0.117	-0.385	+2.749	-0.071	-0.301	+2.691	-0.049	-0.045	-0.059	+2.914	-0.064	-0.298	-0.305	-0.099	-0.191	-0.219	-0.198	-0.080	-0.201	-0.235	-0.202	-0.257	+3.139	-0.199	+3.156	-0.042	-0.189	+3.240	-0.173	+3.101	+3.205	+3.054	-0.084	+3.226	-0.187	-0.190	-0.173	-0.190	-0.190	+3.225	-0.192	+3.176	
rs2694805      -0.605	-0.626	-0.617	-0.627	-0.581	-0.575	-0.576	-0.573	-0.743	-0.745	-0.896	-0.876	-0.831	-0.796	-0.804	-0.764	-0.889	-0.793	-0.818	-0.832	+0.501	+0.509	-0.054	-0.464	-0.624	-0.848	-0.783	-0.806	-0.838	-0.846	-0.840	-0.841	-0.841	-0.846	-0.846	-0.844	-0.840	-0.840	-0.841	-0.841	-0.844	-0.849	-0.844	-0.844	-0.837	-0.784	-0.784	-0.784	-0.794	-0.839	-0.841	-0.847	-0.851	-0.833	-0.801	-0.823	-0.773	-0.819	-0.725	-0.715	-0.742	-0.862	-0.861	-0.745	-0.745	-0.742	-0.895	-0.876	-0.902	-0.921	-0.910	-0.733	-0.916	-0.953	-0.953	-0.953	-0.953	-0.953	-0.953	-0.953	-0.953	-0.667	-0.928	-0.952	-0.953	-0.952	-0.952	-0.953	-0.953	-0.550	-0.953	-0.952	-0.952	-0.952	-0.952	-0.788	-0.592	-0.948	-0.949	-0.944	-0.741	-0.932	-0.916	-0.850	-0.913	-0.932	-0.913	-0.913	-0.913	-0.913	-0.930	-0.911	-0.910	-0.847	-0.909	-0.912	-0.928	-0.662	-0.821	-0.933	-0.936	-0.815	-0.832	-0.893	-0.854	-0.849	-0.771	-0.849	-0.836	+0.070	+0.089	+3.003	+3.047	+0.062	+0.060	+0.111	+0.065	+0.032	+2.873	+0.106	+2.857	+0.089	+0.117	+0.099	-0.236	+2.908	+0.146	-0.152	+2.852	+0.168	+0.172	+0.158	+3.076	+0.149	-0.146	-0.153	+0.047	-0.041	-0.064	-0.048	+0.135	-0.051	-0.083	-0.052	-0.106	+3.301	-0.049	+3.317	+0.173	-0.039	+3.400	-0.023	+3.269	+3.365	+3.222	+0.132	+3.386	-0.037	-0.043	-0.023	-0.040	-0.040	+3.385	-0.042	+3.337	
rs10787620     -0.531	-0.553	-0.544	-0.554	-0.507	-0.501	-0.502	-0.499	-0.675	-0.676	-0.827	-0.807	-0.759	-0.722	-0.731	-0.690	-0.821	-0.722	-0.748	-0.764	+0.629	+0.639	-0.214	-0.624	-0.393	-0.786	-0.725	-0.691	-0.779	-0.785	-0.780	-0.780	-0.780	-0.785	-0.785	-0.784	-0.780	-0.780	-0.782	-0.781	-0.784	-0.787	-0.783	-0.783	-0.779	-0.722	-0.722	-0.723	-0.733	-0.780	-0.782	-0.787	-0.790	-0.776	-0.748	-0.768	-0.709	-0.759	-0.675	-0.665	-0.690	-0.796	-0.795	-0.693	-0.693	-0.690	-0.839	-0.822	-0.839	-0.861	-0.850	-0.676	-0.856	-0.889	-0.889	-0.889	-0.889	-0.889	-0.889	-0.889	-0.889	-0.618	-0.865	-0.889	-0.889	-0.888	-0.889	-0.889	-0.889	-0.503	-0.890	-0.888	-0.889	-0.888	-0.889	-0.730	-0.536	-0.884	-0.885	-0.880	-0.673	-0.868	-0.852	-0.778	-0.850	-0.868	-0.850	-0.850	-0.850	-0.849	-0.866	-0.848	-0.847	-0.773	-0.846	-0.849	-0.865	-0.606	-0.755	-0.869	-0.872	-0.750	-0.766	-0.829	-0.792	-0.787	-0.711	-0.786	-0.777	+0.139	+0.157	+3.015	+3.062	+0.131	+0.129	+0.179	+0.134	+0.101	+2.887	+0.175	+2.872	+0.157	+0.186	+0.168	-0.189	+2.922	+0.214	-0.107	+2.866	+0.237	+0.241	+0.227	+3.089	+0.217	-0.100	-0.107	+0.090	+0.004	-0.019	-0.003	+0.204	-0.006	-0.038	-0.007	-0.060	+3.312	-0.004	+3.329	+0.242	+0.006	+3.411	+0.022	+3.282	+3.377	+3.234	+0.200	+3.397	+0.008	+0.002	+0.022	+0.005	+0.005	+3.396	+0.003	+3.348	
rs2694814      -0.643	-0.664	-0.655	-0.665	-0.620	-0.615	-0.615	-0.612	-0.773	-0.776	-0.927	-0.903	-0.857	-0.821	-0.829	-0.789	-0.917	-0.818	-0.844	-0.861	+0.192	+0.194	-0.950	-0.848	-0.786	-0.494	-0.918	-0.591	-0.610	-0.636	-0.644	-0.645	-0.645	-0.637	-0.637	-0.635	-0.628	-0.628	-0.631	-0.631	-0.637	-0.651	-0.637	-0.637	-0.633	-0.696	-0.696	-0.697	-0.715	-0.641	-0.648	-0.660	-0.667	-0.638	-0.907	-0.608	-0.925	-0.796	-0.682	-0.669	-0.703	-0.834	-0.835	-0.707	-0.709	-0.705	-0.925	-0.893	-0.987	-0.939	-0.922	-0.779	-0.930	-0.991	-0.990	-0.990	-0.989	-0.989	-0.990	-0.990	-0.990	-0.688	-0.982	-0.991	-0.991	-0.991	-0.991	-0.990	-0.989	-0.578	-0.990	-0.992	-0.991	-0.991	-0.991	-0.808	-0.611	-0.992	-0.991	-0.989	-0.757	-0.982	-0.971	-0.874	-0.970	-0.982	-0.970	-0.970	-0.970	-0.970	-0.981	-0.969	-0.968	-0.871	-0.967	-0.969	-0.979	-0.821	-0.844	-0.981	-0.983	-0.838	-0.856	-0.950	-0.913	-0.910	-0.855	-0.908	-0.876	-0.005	+0.014	+2.914	+2.960	-0.011	-0.012	+0.037	-0.007	-0.040	+2.790	+0.033	+2.774	+0.016	+0.043	+0.027	-0.265	+2.827	+0.072	-0.182	+2.771	+0.094	+0.098	+0.084	+2.993	+0.076	-0.176	-0.183	+0.016	-0.071	-0.100	-0.079	+0.063	-0.082	-0.114	-0.083	-0.137	+3.215	-0.080	+3.232	+0.102	-0.070	+3.316	-0.054	+3.181	+3.281	+3.134	+0.061	+3.302	-0.067	-0.074	-0.054	-0.071	-0.071	+3.300	-0.073	+3.252	
rs3781518      -0.733	-0.754	-0.745	-0.755	-0.710	-0.704	-0.705	-0.702	-0.864	-0.867	-1.018	-0.996	-0.953	-0.918	-0.927	-0.887	-1.009	-0.914	-0.938	-0.952	+0.281	+0.286	-0.908	-0.783	-0.725	-0.918	-0.590	-0.928	-0.903	-0.915	-0.908	-0.909	-0.909	-0.914	-0.914	-0.912	-0.905	-0.905	-0.908	-0.907	-0.912	-0.921	-0.911	-0.911	-0.902	-0.869	-0.869	-0.869	-0.882	-0.903	-0.907	-0.916	-0.923	-0.895	-0.741	-0.880	-0.768	-0.913	-0.797	-0.785	-0.818	-0.966	-0.964	-0.821	-0.822	-0.818	-0.969	-0.943	-1.028	-1.009	-0.994	-0.848	-1.002	-1.059	-1.059	-1.059	-1.058	-1.058	-1.059	-1.058	-1.058	-0.759	-1.038	-1.059	-1.059	-1.059	-1.059	-1.059	-1.058	-0.644	-1.059	-1.059	-1.059	-1.059	-1.059	-0.888	-0.686	-1.056	-1.056	-1.054	-0.858	-1.043	-1.027	-0.972	-1.025	-1.042	-1.025	-1.025	-1.025	-1.024	-1.041	-1.023	-1.022	-0.972	-1.021	-1.024	-1.040	-0.807	-0.936	-1.045	-1.047	-0.928	-0.948	-1.005	-0.966	-0.961	-0.881	-0.960	-0.945	-0.093	-0.072	+2.900	+2.944	-0.098	-0.099	-0.048	-0.094	-0.127	+2.770	-0.055	+2.754	-0.068	-0.045	-0.061	-0.324	+2.806	-0.015	-0.239	+2.750	+0.006	+0.010	-0.004	+2.974	-0.009	-0.235	-0.242	-0.037	-0.128	-0.152	-0.134	-0.025	-0.138	-0.171	-0.139	-0.194	+3.200	-0.136	+3.217	+0.013	-0.126	+3.300	-0.109	+3.164	+3.265	+3.117	-0.028	+3.286	-0.123	-0.128	-0.109	-0.127	-0.127	+3.284	-0.129	+3.236	
rs7086868      -0.768	-0.789	-0.780	-0.790	-0.745	-0.740	-0.740	-0.737	-0.895	-0.899	-1.048	-1.025	-0.984	-0.948	-0.957	-0.917	-1.039	-0.942	-0.967	-0.982	+0.126	+0.128	-1.055	-0.806	-0.691	-0.591	-0.928	-0.622	-0.530	-0.578	-0.570	-0.574	-0.573	-0.576	-0.576	-0.566	-0.544	-0.543	-0.552	-0.548	-0.566	-0.610	-0.565	-0.565	-0.534	-0.866	-0.866	-0.867	-0.883	-0.542	-0.558	-0.589	-0.613	-0.515	-0.894	-0.463	-0.965	-0.829	-0.619	-0.599	-0.656	-0.928	-0.922	-0.664	-0.667	-0.661	-0.997	-0.956	-1.104	-1.025	-1.005	-0.821	-1.015	-1.096	-1.095	-1.096	-1.094	-1.093	-1.095	-1.094	-1.095	-0.697	-1.101	-1.098	-1.097	-1.099	-1.098	-1.095	-1.093	-0.576	-1.095	-1.099	-1.098	-1.098	-1.098	-0.882	-0.649	-1.103	-1.102	-1.103	-0.868	-1.103	-1.096	-1.002	-1.096	-1.103	-1.096	-1.096	-1.096	-1.096	-1.103	-1.095	-1.095	-1.005	-1.094	-1.095	-1.101	-0.954	-0.950	-1.104	-1.105	-0.938	-0.965	-1.081	-1.050	-1.047	-0.997	-1.045	-0.997	-0.122	-0.099	+2.880	+2.925	-0.129	-0.130	-0.077	-0.125	-0.158	+2.752	-0.086	+2.735	-0.098	-0.075	-0.092	-0.352	+2.790	-0.046	-0.267	+2.732	-0.024	-0.020	-0.034	+2.954	-0.038	-0.264	-0.271	-0.065	-0.156	-0.186	-0.164	-0.055	-0.167	-0.201	-0.168	-0.223	+3.180	-0.165	+3.197	-0.017	-0.155	+3.282	-0.138	+3.140	+3.246	+3.092	-0.059	+3.267	-0.152	-0.156	-0.138	-0.156	-0.156	+3.266	-0.158	+3.217	
rs2694815      -0.625	-0.646	-0.637	-0.647	-0.602	-0.596	-0.597	-0.594	-0.755	-0.758	-0.909	-0.885	-0.839	-0.802	-0.811	-0.770	-0.899	-0.800	-0.826	-0.843	+0.207	+0.209	-0.929	-0.838	-0.779	-0.610	-0.903	-0.530	-0.475	-0.610	-0.627	-0.627	-0.627	-0.612	-0.612	-0.612	-0.612	-0.612	-0.612	-0.613	-0.615	-0.622	-0.615	-0.615	-0.619	-0.672	-0.673	-0.673	-0.692	-0.626	-0.630	-0.639	-0.641	-0.628	-0.893	-0.604	-0.908	-0.782	-0.676	-0.664	-0.697	-0.815	-0.816	-0.700	-0.702	-0.698	-0.910	-0.879	-0.969	-0.923	-0.906	-0.768	-0.914	-0.973	-0.972	-0.973	-0.972	-0.972	-0.973	-0.972	-0.972	-0.679	-0.963	-0.974	-0.973	-0.974	-0.973	-0.973	-0.971	-0.571	-0.972	-0.974	-0.973	-0.973	-0.973	-0.794	-0.599	-0.973	-0.973	-0.971	-0.739	-0.963	-0.952	-0.855	-0.951	-0.963	-0.951	-0.951	-0.951	-0.951	-0.962	-0.950	-0.949	-0.852	-0.948	-0.950	-0.960	-0.802	-0.827	-0.963	-0.964	-0.822	-0.839	-0.930	-0.893	-0.890	-0.834	-0.888	-0.858	+0.013	+0.032	+2.923	+2.969	+0.007	+0.006	+0.054	+0.011	-0.022	+2.799	+0.050	+2.783	+0.034	+0.061	+0.044	-0.250	+2.836	+0.090	-0.167	+2.779	+0.112	+0.116	+0.102	+3.001	+0.093	-0.161	-0.168	+0.030	-0.057	-0.085	-0.064	+0.081	-0.068	-0.099	-0.069	-0.122	+3.224	-0.066	+3.240	+0.120	-0.055	+3.324	-0.039	+3.190	+3.289	+3.143	+0.079	+3.310	-0.053	-0.059	-0.039	-0.056	-0.056	+3.308	-0.058	+3.260	
rs10787621     -0.639	-0.660	-0.651	-0.661	-0.616	-0.611	-0.611	-0.608	-0.769	-0.772	-0.923	-0.899	-0.853	-0.817	-0.825	-0.784	-0.913	-0.814	-0.840	-0.857	+0.195	+0.197	-0.945	-0.846	-0.785	-0.636	-0.915	-0.578	-0.610	-0.490	-0.629	-0.630	-0.630	-0.614	-0.614	-0.612	-0.606	-0.606	-0.608	-0.607	-0.614	-0.630	-0.613	-0.613	-0.610	-0.690	-0.690	-0.691	-0.709	-0.618	-0.625	-0.639	-0.645	-0.618	-0.903	-0.582	-0.920	-0.791	-0.679	-0.666	-0.700	-0.828	-0.828	-0.704	-0.706	-0.702	-0.922	-0.890	-0.983	-0.935	-0.918	-0.777	-0.926	-0.987	-0.986	-0.986	-0.986	-0.985	-0.986	-0.986	-0.986	-0.686	-0.978	-0.987	-0.987	-0.987	-0.987	-0.986	-0.985	-0.577	-0.986	-0.988	-0.987	-0.987	-0.987	-0.805	-0.609	-0.988	-0.987	-0.985	-0.752	-0.978	-0.967	-0.870	-0.966	-0.978	-0.966	-0.966	-0.966	-0.966	-0.977	-0.965	-0.964	-0.867	-0.963	-0.965	-0.975	-0.817	-0.840	-0.977	-0.979	-0.835	-0.852	-0.946	-0.909	-0.906	-0.850	-0.904	-0.872	-0.000	+0.018	+2.916	+2.962	-0.006	-0.008	+0.041	-0.003	-0.035	+2.792	+0.037	+2.776	+0.020	+0.048	+0.031	-0.262	+2.829	+0.077	-0.179	+2.772	+0.098	+0.102	+0.089	+2.994	+0.080	-0.173	-0.180	+0.019	-0.068	-0.097	-0.076	+0.068	-0.079	-0.111	-0.080	-0.134	+3.217	-0.077	+3.233	+0.106	-0.067	+3.317	-0.051	+3.183	+3.282	+3.136	+0.065	+3.303	-0.065	-0.071	-0.051	-0.068	-0.068	+3.302	-0.070	+3.254	
