## Summary of overall evidence for association with region:
## log10(BF for region) = 5.76155
## p-value for region = NA

## BFs for choosing among multi-SNP models:
## log10(average 1-SNP BF) = 5.49978
## log10(average 2-SNP BF) = 6.04154

## Example posterior probabilities for multi-SNP models, based on default prior: [p(l) propto 0.5^l for l=1,2,...,L]
## posterior probability of 1-SNP = 0.364866
## posterior probability of 2-SNP = 0.635134

## log10(BF) for single SNP and pair of SNPs:
rs2641114      -0.434	+1.643	-0.282	-0.308	-0.554	-0.557	-0.566	-0.694	-0.813	-0.822	-0.810	-0.821	-0.808	-0.819	-0.807	-0.818	-0.807	-0.809	-0.797	-0.792	-0.728	-0.820	-0.820	-0.796	-0.795	-0.789	-0.792	-0.791	-0.791	-0.791	-0.791	-0.811	+0.607	-0.415	+0.598	-0.456	-0.415	+0.629	-0.470	+0.614	+0.650	-0.428	-0.429	-0.422	-0.727	-0.423	-0.423	-0.427	-0.427	-0.721	-0.467	-0.413	+0.768	-0.237	+0.188	+1.860	+1.869	+1.786	-0.800	-0.806	+1.839	+1.779	+1.779	+1.779	+1.779	+1.309	+3.570	+1.326	+3.444	+1.326	+1.324	+3.375	+1.973	+1.042	+1.043	+1.040	+1.355	+1.478	+1.400	+1.328	+1.368	+1.328	+1.588	+1.328	+1.331	+1.323	+1.331	+3.211	+1.264	-0.519	-0.466	-0.506	+0.820	+0.900	+1.670	+0.902	+1.645	+0.805	+1.624	+1.603	+0.649	+0.792	-0.379	+1.623	+1.620	+1.620	+0.619	+1.598	-0.400	-0.375	+0.796	+0.742	+0.590	+1.599	-0.376	+1.770	+0.741	+0.841	+1.740	+1.730	+1.674	+1.712	+1.595	+1.087	+1.027	-0.618	-0.865	+0.871	+1.822	+1.122	+0.299	+1.831	+1.848	+0.811	-0.529	-0.473	+1.688	-0.316	+1.754	+0.407	-0.295	-0.323	+0.318	-0.307	-0.306	+1.753	-0.365	-0.307	-0.301	+0.408	+0.407	-0.301	-0.301	-0.308	-0.301	+1.756	+1.706	+1.762	+6.716	+6.716	-0.013	-0.447	-0.875	+1.764	+1.759	+0.663	+1.693	-0.517	+1.649	-0.238	+1.706	-0.268	+1.515	+1.606	+1.742	
rs6700034      +1.643	+1.124	+2.257	+2.252	+1.725	+1.727	+1.713	+1.338	+0.850	+0.821	+0.862	+0.825	+0.867	+0.832	+0.871	+0.835	+0.873	+0.867	+0.902	+0.917	+0.805	+0.829	+0.830	+0.904	+0.905	+0.922	+0.915	+0.916	+0.916	+0.916	+0.916	+0.854	+2.899	+0.699	+2.877	+0.680	+0.700	+2.928	+0.650	+2.907	+2.966	+0.668	+0.668	+0.671	+0.732	+0.671	+0.671	+0.669	+0.669	+0.753	+0.652	+0.679	+3.725	+1.907	+2.283	+4.301	+4.313	+4.199	+0.603	+0.603	+4.261	+4.190	+4.190	+4.190	+4.190	+3.624	+3.591	+3.642	+3.493	+3.643	+3.641	+3.435	+4.441	+3.295	+3.295	+3.291	+3.677	+3.822	+3.634	+3.643	+3.716	+3.644	+3.947	+3.644	+3.648	+3.638	+3.648	+3.317	+3.580	+1.653	+1.078	+1.032	+2.052	+2.663	+3.097	+2.665	+3.073	+2.040	+3.052	+3.054	+1.905	+2.953	+1.177	+3.052	+3.049	+3.048	+1.878	+3.027	+1.151	+1.180	+2.956	+2.511	+1.850	+3.029	+1.179	+3.184	+2.500	+3.009	+3.150	+3.138	+3.080	+3.120	+3.026	+2.375	+2.937	+1.121	+0.502	+3.024	+3.254	+3.010	+1.625	+3.264	+3.282	+2.948	+1.018	+1.097	+3.124	+1.350	+3.512	+1.958	+1.379	+1.341	+1.830	+1.362	+1.365	+3.511	+1.022	+1.362	+1.085	+1.958	+1.958	+1.085	+1.085	+1.362	+1.085	+3.514	+3.142	+3.520	+8.579	+8.579	+1.669	+0.914	+0.496	+3.522	+3.516	+2.779	+3.443	+1.067	+3.080	+1.070	+3.137	+1.427	+3.249	+3.040	+3.489	
rs490416       -0.282	+2.257	-0.106	-0.237	-0.319	-0.323	-0.319	-0.301	-0.514	-0.515	-0.514	-0.515	-0.514	-0.516	-0.514	-0.516	-0.514	-0.514	-0.511	-0.510	-0.424	-0.517	-0.516	-0.510	-0.510	-0.507	-0.508	-0.508	-0.508	-0.508	-0.508	-0.514	+0.755	+0.044	+0.748	-0.006	+0.044	+0.776	-0.007	+0.761	+0.793	+0.046	+0.044	+0.052	-0.410	+0.052	+0.051	+0.046	+0.046	-0.407	-0.004	+0.062	+0.748	+0.027	+0.557	+2.028	+2.037	+1.960	-0.492	-0.497	+2.000	+1.942	+1.942	+1.942	+1.942	+1.495	+4.069	+1.511	+3.942	+1.512	+1.510	+3.870	+2.127	+1.244	+1.244	+1.240	+1.539	+1.658	+1.587	+1.514	+1.559	+1.514	+1.768	+1.514	+1.517	+1.510	+1.516	+3.704	+1.451	-0.309	-0.166	-0.200	+1.369	+1.374	+1.835	+1.376	+1.810	+1.351	+1.789	+1.784	+1.179	+1.005	-0.080	+1.791	+1.788	+1.787	+1.145	+1.767	-0.102	-0.077	+1.009	+1.203	+1.114	+1.769	-0.077	+2.274	+1.202	+1.052	+2.244	+2.233	+2.175	+2.215	+1.767	+1.605	+1.468	-0.326	-0.558	+1.083	+1.987	+1.574	+0.563	+1.996	+2.012	+1.024	-0.223	-0.168	+1.864	-0.025	+1.989	+0.683	-0.004	-0.031	+0.595	-0.016	-0.014	+1.988	-0.058	-0.016	+0.007	+0.683	+0.683	+0.007	+0.007	-0.016	+0.007	+1.991	+1.882	+1.997	+6.822	+6.822	+0.269	-0.169	-0.567	+1.999	+1.994	+0.875	+1.929	-0.220	+1.829	+0.053	+1.884	+0.022	+1.754	+1.787	+1.978	
rs1689933      -0.308	+2.252	-0.237	-0.112	-0.328	-0.331	-0.328	-0.310	-0.520	-0.521	-0.520	-0.521	-0.520	-0.521	-0.519	-0.521	-0.519	-0.520	-0.517	-0.515	-0.429	-0.522	-0.522	-0.515	-0.515	-0.512	-0.513	-0.513	-0.513	-0.513	-0.513	-0.519	+0.746	+0.028	+0.739	-0.022	+0.028	+0.767	-0.022	+0.752	+0.784	+0.030	+0.029	+0.037	-0.416	+0.036	+0.036	+0.030	+0.030	-0.412	-0.019	+0.046	+0.744	+0.019	+0.544	+2.013	+2.023	+1.945	-0.498	-0.502	+1.985	+1.927	+1.928	+1.928	+1.927	+1.481	+4.058	+1.497	+3.931	+1.498	+1.496	+3.859	+2.113	+1.230	+1.230	+1.226	+1.525	+1.644	+1.572	+1.500	+1.544	+1.500	+1.754	+1.500	+1.503	+1.496	+1.502	+3.693	+1.437	-0.314	-0.171	-0.205	+1.364	+1.358	+1.832	+1.360	+1.807	+1.346	+1.786	+1.780	+1.174	+0.992	-0.085	+1.787	+1.784	+1.784	+1.140	+1.763	-0.107	-0.082	+0.996	+1.188	+1.109	+1.765	-0.082	+2.270	+1.187	+1.039	+2.240	+2.229	+2.171	+2.211	+1.764	+1.599	+1.454	-0.334	-0.563	+1.069	+1.983	+1.559	+0.557	+1.992	+2.009	+1.011	-0.228	-0.173	+1.860	-0.029	+1.974	+0.671	-0.008	-0.035	+0.584	-0.020	-0.018	+1.973	-0.069	-0.020	-0.004	+0.672	+0.671	-0.004	-0.004	-0.021	-0.004	+1.976	+1.878	+1.982	+6.810	+6.810	+0.264	-0.174	-0.573	+1.984	+1.979	+0.871	+1.915	-0.225	+1.825	+0.047	+1.880	+0.017	+1.740	+1.783	+1.964	
rs1815542      -0.554	+1.725	-0.319	-0.328	-0.407	-0.529	-0.534	-0.646	-0.790	-0.798	-0.787	-0.797	-0.786	-0.796	-0.785	-0.795	-0.785	-0.786	-0.776	-0.771	-0.703	-0.797	-0.797	-0.774	-0.774	-0.768	-0.770	-0.770	-0.770	-0.770	-0.770	-0.788	+0.614	-0.376	+0.606	-0.418	-0.376	+0.636	-0.431	+0.621	+0.657	-0.387	-0.389	-0.382	-0.700	-0.382	-0.383	-0.387	-0.387	-0.695	-0.428	-0.372	+0.756	-0.225	+0.200	+1.867	+1.877	+1.794	-0.774	-0.781	+1.846	+1.786	+1.786	+1.786	+1.786	+1.318	+3.626	+1.335	+3.500	+1.335	+1.333	+3.429	+1.979	+1.053	+1.053	+1.051	+1.364	+1.486	+1.409	+1.337	+1.378	+1.337	+1.596	+1.337	+1.340	+1.332	+1.340	+3.266	+1.273	-0.502	-0.438	-0.480	+0.847	+0.931	+1.676	+0.933	+1.651	+0.832	+1.630	+1.610	+0.676	+0.804	-0.350	+1.630	+1.627	+1.626	+0.646	+1.604	-0.372	-0.347	+0.808	+0.773	+0.617	+1.606	-0.348	+1.800	+0.771	+0.853	+1.771	+1.760	+1.704	+1.743	+1.601	+1.118	+1.056	-0.590	-0.841	+0.883	+1.827	+1.152	+0.315	+1.837	+1.854	+0.823	-0.503	-0.447	+1.695	-0.291	+1.788	+0.435	-0.270	-0.297	+0.346	-0.282	-0.280	+1.787	-0.337	-0.282	-0.273	+0.435	+0.435	-0.273	-0.273	-0.282	-0.273	+1.791	+1.713	+1.796	+6.730	+6.730	+0.016	-0.429	-0.851	+1.799	+1.793	+0.682	+1.728	-0.491	+1.656	-0.218	+1.713	-0.242	+1.549	+1.614	+1.777	
rs534019       -0.557	+1.727	-0.323	-0.331	-0.529	-0.405	-0.530	-0.642	-0.789	-0.797	-0.786	-0.796	-0.785	-0.794	-0.784	-0.794	-0.783	-0.785	-0.774	-0.770	-0.702	-0.796	-0.795	-0.773	-0.772	-0.767	-0.769	-0.769	-0.768	-0.768	-0.768	-0.787	+0.614	-0.373	+0.606	-0.416	-0.374	+0.637	-0.428	+0.621	+0.657	-0.385	-0.386	-0.379	-0.699	-0.380	-0.380	-0.384	-0.384	-0.693	-0.425	-0.370	+0.756	-0.225	+0.201	+1.867	+1.877	+1.794	-0.773	-0.779	+1.846	+1.786	+1.787	+1.787	+1.786	+1.318	+3.629	+1.335	+3.503	+1.336	+1.334	+3.433	+1.979	+1.054	+1.054	+1.051	+1.364	+1.486	+1.409	+1.337	+1.378	+1.338	+1.597	+1.338	+1.341	+1.332	+1.340	+3.269	+1.274	-0.501	-0.436	-0.479	+0.848	+0.933	+1.676	+0.935	+1.651	+0.833	+1.630	+1.610	+0.677	+0.805	-0.349	+1.629	+1.626	+1.626	+0.647	+1.604	-0.371	-0.346	+0.809	+0.775	+0.619	+1.606	-0.346	+1.802	+0.773	+0.853	+1.772	+1.762	+1.706	+1.745	+1.601	+1.120	+1.058	-0.588	-0.840	+0.884	+1.827	+1.154	+0.316	+1.837	+1.854	+0.823	-0.502	-0.446	+1.695	-0.289	+1.791	+0.437	-0.268	-0.296	+0.347	-0.280	-0.279	+1.790	-0.335	-0.280	-0.271	+0.437	+0.437	-0.271	-0.271	-0.281	-0.271	+1.793	+1.713	+1.799	+6.731	+6.731	+0.017	-0.428	-0.850	+1.801	+1.796	+0.682	+1.730	-0.490	+1.656	-0.218	+1.713	-0.241	+1.551	+1.614	+1.779	
rs562496       -0.566	+1.713	-0.319	-0.328	-0.534	-0.530	-0.411	-0.649	-0.793	-0.801	-0.791	-0.801	-0.789	-0.799	-0.788	-0.798	-0.788	-0.789	-0.779	-0.774	-0.707	-0.800	-0.800	-0.777	-0.777	-0.771	-0.773	-0.773	-0.773	-0.773	-0.773	-0.791	+0.612	-0.380	+0.604	-0.422	-0.380	+0.635	-0.435	+0.619	+0.655	-0.391	-0.393	-0.386	-0.704	-0.386	-0.387	-0.391	-0.391	-0.698	-0.432	-0.376	+0.758	-0.227	+0.198	+1.865	+1.874	+1.791	-0.778	-0.784	+1.844	+1.784	+1.784	+1.784	+1.784	+1.316	+3.620	+1.332	+3.493	+1.333	+1.331	+3.423	+1.977	+1.050	+1.051	+1.048	+1.361	+1.484	+1.406	+1.334	+1.375	+1.335	+1.594	+1.335	+1.338	+1.330	+1.337	+3.259	+1.271	-0.505	-0.441	-0.484	+0.843	+0.927	+1.674	+0.930	+1.649	+0.828	+1.628	+1.608	+0.672	+0.802	-0.354	+1.628	+1.625	+1.624	+0.642	+1.602	-0.376	-0.351	+0.806	+0.769	+0.613	+1.604	-0.351	+1.797	+0.768	+0.850	+1.767	+1.756	+1.701	+1.739	+1.599	+1.114	+1.053	-0.594	-0.845	+0.881	+1.826	+1.149	+0.312	+1.835	+1.852	+0.820	-0.507	-0.451	+1.693	-0.294	+1.785	+0.431	-0.273	-0.301	+0.342	-0.285	-0.284	+1.784	-0.341	-0.285	-0.277	+0.432	+0.431	-0.277	-0.277	-0.286	-0.277	+1.787	+1.711	+1.793	+6.728	+6.727	+0.012	-0.432	-0.855	+1.795	+1.790	+0.679	+1.724	-0.495	+1.654	-0.222	+1.711	-0.246	+1.545	+1.612	+1.773	
rs616145       -0.694	+1.338	-0.301	-0.310	-0.646	-0.642	-0.649	-0.542	-0.899	-0.910	-0.894	-0.909	-0.892	-0.906	-0.891	-0.905	-0.890	-0.892	-0.878	-0.871	-0.830	-0.908	-0.907	-0.876	-0.876	-0.868	-0.871	-0.871	-0.871	-0.871	-0.871	-0.896	+0.585	-0.505	+0.575	-0.548	-0.505	+0.608	-0.564	+0.592	+0.632	-0.521	-0.523	-0.516	-0.827	-0.516	-0.517	-0.521	-0.521	-0.822	-0.562	-0.507	+0.854	-0.275	+0.138	+1.823	+1.833	+1.746	-0.902	-0.908	+1.802	+1.741	+1.741	+1.741	+1.741	+1.261	+3.356	+1.278	+3.231	+1.278	+1.276	+3.163	+1.943	+0.986	+0.986	+0.985	+1.307	+1.433	+1.350	+1.280	+1.317	+1.280	+1.544	+1.281	+1.284	+1.274	+1.283	+3.000	+1.215	-0.585	-0.571	-0.609	+0.719	+0.732	+1.656	+0.734	+1.630	+0.704	+1.610	+1.587	+0.549	+0.732	-0.485	+1.608	+1.605	+1.605	+0.519	+1.583	-0.506	-0.481	+0.736	+0.580	+0.491	+1.584	-0.482	+1.667	+0.578	+0.781	+1.637	+1.626	+1.570	+1.609	+1.579	+0.978	+0.875	-0.745	-0.955	+0.812	+1.807	+0.965	+0.253	+1.817	+1.834	+0.750	-0.632	-0.576	+1.672	-0.414	+1.561	+0.258	-0.393	-0.421	+0.172	-0.405	-0.403	+1.560	-0.504	-0.405	-0.443	+0.259	+0.258	-0.444	-0.444	-0.406	-0.444	+1.563	+1.690	+1.569	+6.662	+6.662	-0.118	-0.511	-0.967	+1.571	+1.566	+0.601	+1.501	-0.616	+1.632	-0.301	+1.690	-0.365	+1.326	+1.589	+1.548	
rs518002       -0.813	+0.850	-0.514	-0.520	-0.790	-0.789	-0.793	-0.899	-0.479	-0.619	-0.599	-0.620	-0.596	-0.621	-0.594	-0.621	-0.593	-0.597	-0.566	-0.555	-0.732	-0.625	-0.625	-0.582	-0.582	-0.568	-0.579	-0.578	-0.578	-0.579	-0.579	-0.630	+0.950	-0.672	+0.934	-0.699	-0.672	+0.975	-0.726	+0.957	+0.984	-0.700	-0.701	-0.696	-0.764	-0.697	-0.697	-0.699	-0.699	-0.752	-0.724	-0.688	+0.891	-0.128	+0.365	+2.109	+2.118	+2.028	-0.816	-0.826	+2.089	+2.025	+2.025	+2.026	+2.025	+1.521	+3.262	+1.538	+3.140	+1.539	+1.537	+3.079	+2.202	+1.235	+1.235	+1.234	+1.569	+1.700	+1.609	+1.541	+1.586	+1.541	+1.818	+1.541	+1.544	+1.534	+1.543	+2.917	+1.466	-0.485	-0.564	-0.568	+0.831	+0.749	+1.776	+0.751	+1.750	+0.814	+1.730	+1.711	+0.658	+0.959	-0.482	+1.729	+1.726	+1.725	+0.627	+1.703	-0.502	-0.479	+0.962	+0.602	+0.598	+1.705	-0.479	+1.658	+0.598	+1.008	+1.627	+1.616	+1.561	+1.599	+1.700	+0.990	+0.928	-0.724	-0.840	+1.038	+1.929	+1.021	+0.403	+1.938	+1.956	+0.972	-0.589	-0.534	+1.795	-0.366	+1.543	+0.395	-0.344	-0.372	+0.304	-0.357	-0.355	+1.542	-0.374	-0.356	-0.311	+0.396	+0.395	-0.311	-0.311	-0.357	-0.311	+1.545	+1.814	+1.551	+6.733	+6.733	-0.133	-0.341	-0.856	+1.553	+1.548	+0.733	+1.484	-0.564	+1.755	-0.189	+1.813	-0.317	+1.310	+1.712	+1.527	
rs519719       -0.822	+0.821	-0.515	-0.521	-0.798	-0.797	-0.801	-0.910	-0.619	-0.497	-0.608	-0.620	-0.603	-0.617	-0.599	-0.615	-0.597	-0.603	-0.559	-0.543	-0.751	-0.624	-0.622	-0.576	-0.576	-0.558	-0.571	-0.571	-0.570	-0.572	-0.571	-0.638	+0.919	-0.684	+0.904	-0.712	-0.684	+0.944	-0.738	+0.927	+0.954	-0.712	-0.712	-0.708	-0.782	-0.708	-0.708	-0.711	-0.711	-0.770	-0.736	-0.699	+0.908	-0.144	+0.342	+2.083	+2.092	+2.003	-0.834	-0.844	+2.064	+2.000	+2.000	+2.000	+2.000	+1.496	+3.230	+1.514	+3.109	+1.515	+1.512	+3.047	+2.178	+1.211	+1.211	+1.210	+1.545	+1.675	+1.585	+1.516	+1.561	+1.517	+1.793	+1.517	+1.520	+1.510	+1.519	+2.886	+1.442	-0.498	-0.575	-0.582	+0.812	+0.736	+1.763	+0.738	+1.737	+0.796	+1.716	+1.696	+0.639	+0.935	-0.493	+1.715	+1.712	+1.712	+0.609	+1.690	-0.513	-0.490	+0.939	+0.589	+0.579	+1.691	-0.490	+1.651	+0.585	+0.985	+1.621	+1.610	+1.554	+1.593	+1.686	+0.978	+0.914	-0.738	-0.859	+1.015	+1.915	+1.006	+0.383	+1.925	+1.942	+0.949	-0.603	-0.548	+1.781	-0.380	+1.530	+0.374	-0.358	-0.386	+0.283	-0.371	-0.369	+1.529	-0.396	-0.370	-0.333	+0.374	+0.374	-0.333	-0.333	-0.371	-0.333	+1.532	+1.800	+1.538	+6.729	+6.728	-0.140	-0.362	-0.875	+1.540	+1.535	+0.717	+1.471	-0.579	+1.741	-0.207	+1.799	-0.330	+1.298	+1.698	+1.514	
rs601909       -0.810	+0.862	-0.514	-0.520	-0.787	-0.786	-0.791	-0.894	-0.599	-0.608	-0.473	-0.609	-0.593	-0.611	-0.592	-0.612	-0.591	-0.594	-0.570	-0.561	-0.725	-0.617	-0.615	-0.584	-0.584	-0.573	-0.582	-0.581	-0.581	-0.582	-0.582	-0.625	+0.962	-0.668	+0.946	-0.694	-0.668	+0.987	-0.722	+0.969	+0.996	-0.696	-0.696	-0.692	-0.758	-0.692	-0.692	-0.695	-0.695	-0.746	-0.719	-0.684	+0.883	-0.121	+0.374	+2.119	+2.128	+2.039	-0.809	-0.820	+2.100	+2.036	+2.036	+2.036	+2.036	+1.531	+3.275	+1.548	+3.153	+1.549	+1.547	+3.092	+2.212	+1.245	+1.245	+1.244	+1.579	+1.710	+1.619	+1.551	+1.597	+1.551	+1.829	+1.551	+1.554	+1.544	+1.553	+2.930	+1.476	-0.480	-0.559	-0.563	+0.838	+0.754	+1.781	+0.756	+1.755	+0.822	+1.734	+1.716	+0.665	+0.967	-0.478	+1.734	+1.731	+1.730	+0.634	+1.708	-0.498	-0.475	+0.971	+0.607	+0.605	+1.710	-0.475	+1.660	+0.603	+1.017	+1.629	+1.619	+1.563	+1.602	+1.705	+0.995	+0.933	-0.720	-0.832	+1.047	+1.934	+1.026	+0.410	+1.943	+1.961	+0.981	-0.583	-0.529	+1.800	-0.361	+1.547	+0.404	-0.339	-0.367	+0.313	-0.352	-0.350	+1.547	-0.365	-0.351	-0.302	+0.404	+0.404	-0.302	-0.302	-0.352	-0.302	+1.550	+1.819	+1.555	+6.734	+6.734	-0.131	-0.333	-0.848	+1.557	+1.552	+0.739	+1.488	-0.559	+1.760	-0.182	+1.818	-0.312	+1.315	+1.718	+1.532	
rs544541       -0.821	+0.825	-0.515	-0.521	-0.797	-0.796	-0.801	-0.909	-0.620	-0.620	-0.609	-0.495	-0.604	-0.616	-0.601	-0.614	-0.599	-0.605	-0.563	-0.548	-0.748	-0.623	-0.621	-0.579	-0.579	-0.562	-0.574	-0.574	-0.573	-0.575	-0.574	-0.638	+0.924	-0.683	+0.908	-0.710	-0.683	+0.949	-0.737	+0.931	+0.959	-0.710	-0.711	-0.707	-0.780	-0.707	-0.707	-0.709	-0.709	-0.767	-0.735	-0.698	+0.904	-0.142	+0.345	+2.086	+2.095	+2.006	-0.831	-0.842	+2.067	+2.003	+2.004	+2.004	+2.003	+1.500	+3.235	+1.517	+3.113	+1.518	+1.516	+3.052	+2.182	+1.214	+1.214	+1.213	+1.548	+1.678	+1.588	+1.520	+1.565	+1.520	+1.797	+1.520	+1.523	+1.513	+1.522	+2.891	+1.446	-0.497	-0.574	-0.581	+0.814	+0.738	+1.764	+0.740	+1.738	+0.798	+1.718	+1.698	+0.642	+0.938	-0.492	+1.717	+1.714	+1.713	+0.611	+1.691	-0.512	-0.489	+0.942	+0.590	+0.582	+1.693	-0.489	+1.652	+0.587	+0.988	+1.621	+1.611	+1.555	+1.593	+1.688	+0.979	+0.916	-0.736	-0.857	+1.018	+1.917	+1.008	+0.385	+1.926	+1.944	+0.952	-0.602	-0.547	+1.783	-0.378	+1.532	+0.377	-0.356	-0.384	+0.286	-0.369	-0.367	+1.531	-0.393	-0.369	-0.330	+0.377	+0.377	-0.330	-0.330	-0.369	-0.330	+1.534	+1.801	+1.540	+6.729	+6.729	-0.139	-0.359	-0.873	+1.542	+1.537	+0.719	+1.473	-0.577	+1.743	-0.205	+1.800	-0.329	+1.299	+1.700	+1.516	
rs600056       -0.808	+0.867	-0.514	-0.520	-0.786	-0.785	-0.789	-0.892	-0.596	-0.603	-0.593	-0.604	-0.470	-0.607	-0.590	-0.607	-0.590	-0.592	-0.572	-0.564	-0.722	-0.612	-0.611	-0.585	-0.585	-0.575	-0.583	-0.583	-0.583	-0.584	-0.584	-0.623	+0.968	-0.666	+0.951	-0.692	-0.666	+0.993	-0.719	+0.975	+1.002	-0.694	-0.694	-0.690	-0.755	-0.690	-0.690	-0.692	-0.692	-0.743	-0.717	-0.681	+0.879	-0.118	+0.378	+2.123	+2.133	+2.043	-0.806	-0.817	+2.105	+2.041	+2.041	+2.041	+2.041	+1.535	+3.280	+1.553	+3.159	+1.554	+1.551	+3.097	+2.217	+1.249	+1.249	+1.248	+1.584	+1.715	+1.624	+1.555	+1.601	+1.556	+1.834	+1.556	+1.559	+1.549	+1.558	+2.935	+1.481	-0.477	-0.557	-0.560	+0.841	+0.756	+1.783	+0.758	+1.757	+0.825	+1.737	+1.718	+0.669	+0.972	-0.476	+1.736	+1.733	+1.732	+0.638	+1.710	-0.496	-0.473	+0.975	+0.609	+0.608	+1.712	-0.473	+1.661	+0.606	+1.021	+1.630	+1.620	+1.564	+1.603	+1.707	+0.997	+0.936	-0.717	-0.829	+1.051	+1.936	+1.029	+0.414	+1.946	+1.963	+0.985	-0.581	-0.527	+1.803	-0.358	+1.550	+0.408	-0.337	-0.364	+0.317	-0.349	-0.347	+1.549	-0.361	-0.349	-0.298	+0.408	+0.408	-0.298	-0.298	-0.350	-0.298	+1.552	+1.821	+1.558	+6.735	+6.735	-0.129	-0.329	-0.845	+1.560	+1.555	+0.742	+1.491	-0.556	+1.763	-0.178	+1.820	-0.309	+1.318	+1.720	+1.534	
rs551046       -0.819	+0.832	-0.516	-0.521	-0.796	-0.794	-0.799	-0.906	-0.621	-0.617	-0.611	-0.616	-0.607	-0.490	-0.604	-0.613	-0.602	-0.607	-0.570	-0.556	-0.744	-0.621	-0.619	-0.584	-0.584	-0.569	-0.580	-0.579	-0.579	-0.580	-0.580	-0.637	+0.932	-0.680	+0.916	-0.707	-0.680	+0.957	-0.734	+0.939	+0.967	-0.708	-0.708	-0.704	-0.776	-0.704	-0.704	-0.707	-0.707	-0.763	-0.732	-0.695	+0.899	-0.138	+0.351	+2.092	+2.102	+2.012	-0.827	-0.838	+2.074	+2.010	+2.010	+2.010	+2.010	+1.506	+3.242	+1.524	+3.121	+1.524	+1.522	+3.059	+2.188	+1.220	+1.220	+1.220	+1.554	+1.685	+1.594	+1.526	+1.571	+1.526	+1.803	+1.526	+1.529	+1.520	+1.529	+2.898	+1.452	-0.494	-0.571	-0.577	+0.819	+0.741	+1.767	+0.743	+1.741	+0.803	+1.721	+1.701	+0.646	+0.944	-0.489	+1.720	+1.717	+1.716	+0.616	+1.694	-0.510	-0.486	+0.948	+0.593	+0.586	+1.696	-0.487	+1.653	+0.590	+0.993	+1.622	+1.612	+1.556	+1.595	+1.691	+0.982	+0.919	-0.733	-0.852	+1.024	+1.920	+1.011	+0.390	+1.929	+1.947	+0.958	-0.598	-0.543	+1.786	-0.375	+1.535	+0.382	-0.353	-0.381	+0.291	-0.366	-0.364	+1.534	-0.387	-0.366	-0.324	+0.383	+0.383	-0.325	-0.325	-0.366	-0.325	+1.537	+1.804	+1.543	+6.730	+6.730	-0.138	-0.354	-0.868	+1.545	+1.540	+0.723	+1.476	-0.574	+1.746	-0.200	+1.803	-0.325	+1.303	+1.703	+1.519	
rs1253898      -0.807	+0.871	-0.514	-0.519	-0.785	-0.784	-0.788	-0.891	-0.594	-0.599	-0.592	-0.601	-0.590	-0.604	-0.468	-0.605	-0.589	-0.591	-0.573	-0.566	-0.720	-0.609	-0.608	-0.585	-0.585	-0.576	-0.584	-0.584	-0.584	-0.584	-0.584	-0.621	+0.971	-0.664	+0.955	-0.691	-0.664	+0.997	-0.718	+0.979	+1.005	-0.692	-0.693	-0.688	-0.753	-0.689	-0.689	-0.691	-0.691	-0.741	-0.715	-0.680	+0.877	-0.116	+0.380	+2.126	+2.136	+2.046	-0.804	-0.815	+2.108	+2.044	+2.044	+2.044	+2.044	+1.538	+3.284	+1.556	+3.162	+1.557	+1.554	+3.101	+2.220	+1.252	+1.252	+1.251	+1.587	+1.718	+1.627	+1.558	+1.604	+1.559	+1.837	+1.559	+1.562	+1.552	+1.561	+2.939	+1.483	-0.476	-0.556	-0.559	+0.844	+0.758	+1.785	+0.760	+1.759	+0.827	+1.738	+1.720	+0.671	+0.974	-0.475	+1.738	+1.735	+1.734	+0.640	+1.712	-0.495	-0.472	+0.978	+0.611	+0.611	+1.713	-0.472	+1.661	+0.607	+1.024	+1.631	+1.621	+1.565	+1.604	+1.708	+0.999	+0.937	-0.716	-0.827	+1.054	+1.938	+1.031	+0.416	+1.947	+1.964	+0.988	-0.579	-0.525	+1.804	-0.356	+1.551	+0.410	-0.335	-0.363	+0.319	-0.348	-0.346	+1.550	-0.359	-0.347	-0.295	+0.411	+0.410	-0.295	-0.296	-0.348	-0.296	+1.553	+1.823	+1.559	+6.736	+6.736	-0.129	-0.326	-0.843	+1.561	+1.556	+0.743	+1.492	-0.555	+1.764	-0.176	+1.822	-0.308	+1.319	+1.722	+1.536	
rs1253897      -0.818	+0.835	-0.516	-0.521	-0.795	-0.794	-0.798	-0.905	-0.621	-0.615	-0.612	-0.614	-0.607	-0.613	-0.605	-0.489	-0.603	-0.608	-0.573	-0.560	-0.742	-0.620	-0.618	-0.586	-0.586	-0.571	-0.582	-0.581	-0.581	-0.582	-0.582	-0.637	+0.935	-0.679	+0.919	-0.706	-0.679	+0.960	-0.733	+0.942	+0.970	-0.707	-0.707	-0.703	-0.774	-0.703	-0.703	-0.705	-0.705	-0.762	-0.731	-0.694	+0.896	-0.136	+0.353	+2.095	+2.105	+2.015	-0.825	-0.836	+2.076	+2.013	+2.013	+2.013	+2.013	+1.509	+3.246	+1.526	+3.124	+1.527	+1.525	+3.063	+2.190	+1.223	+1.223	+1.222	+1.557	+1.687	+1.597	+1.529	+1.574	+1.529	+1.806	+1.529	+1.532	+1.522	+1.531	+2.901	+1.454	-0.492	-0.570	-0.576	+0.821	+0.742	+1.768	+0.744	+1.742	+0.805	+1.722	+1.702	+0.648	+0.946	-0.488	+1.721	+1.718	+1.717	+0.617	+1.695	-0.509	-0.485	+0.950	+0.595	+0.588	+1.697	-0.486	+1.653	+0.591	+0.996	+1.623	+1.612	+1.557	+1.595	+1.692	+0.983	+0.921	-0.732	-0.850	+1.026	+1.921	+1.013	+0.392	+1.931	+1.948	+0.960	-0.597	-0.542	+1.787	-0.373	+1.536	+0.385	-0.352	-0.380	+0.293	-0.364	-0.363	+1.535	-0.385	-0.364	-0.322	+0.385	+0.385	-0.322	-0.322	-0.365	-0.322	+1.538	+1.806	+1.544	+6.730	+6.730	-0.137	-0.352	-0.866	+1.546	+1.541	+0.724	+1.477	-0.572	+1.747	-0.199	+1.805	-0.324	+1.304	+1.704	+1.520	
rs1253896      -0.807	+0.873	-0.514	-0.519	-0.785	-0.783	-0.788	-0.890	-0.593	-0.597	-0.591	-0.599	-0.590	-0.602	-0.589	-0.603	-0.466	-0.590	-0.574	-0.567	-0.719	-0.607	-0.606	-0.585	-0.585	-0.576	-0.584	-0.584	-0.584	-0.585	-0.585	-0.620	+0.974	-0.663	+0.957	-0.690	-0.663	+0.999	-0.717	+0.981	+1.007	-0.691	-0.692	-0.688	-0.751	-0.688	-0.688	-0.690	-0.690	-0.739	-0.715	-0.679	+0.876	-0.115	+0.382	+2.128	+2.138	+2.048	-0.803	-0.813	+2.110	+2.046	+2.046	+2.046	+2.046	+1.540	+3.286	+1.558	+3.164	+1.558	+1.556	+3.103	+2.221	+1.254	+1.254	+1.253	+1.588	+1.719	+1.628	+1.560	+1.606	+1.560	+1.838	+1.561	+1.563	+1.554	+1.563	+2.941	+1.485	-0.475	-0.555	-0.558	+0.845	+0.759	+1.786	+0.761	+1.760	+0.828	+1.739	+1.721	+0.672	+0.976	-0.474	+1.739	+1.735	+1.735	+0.641	+1.713	-0.494	-0.471	+0.979	+0.612	+0.612	+1.714	-0.471	+1.662	+0.608	+1.025	+1.631	+1.621	+1.565	+1.604	+1.709	+0.999	+0.938	-0.715	-0.825	+1.055	+1.938	+1.032	+0.417	+1.948	+1.965	+0.990	-0.578	-0.524	+1.805	-0.356	+1.552	+0.412	-0.334	-0.362	+0.321	-0.347	-0.345	+1.551	-0.357	-0.346	-0.294	+0.412	+0.412	-0.294	-0.294	-0.347	-0.294	+1.554	+1.824	+1.560	+6.736	+6.736	-0.128	-0.325	-0.841	+1.562	+1.557	+0.744	+1.493	-0.554	+1.765	-0.175	+1.823	-0.307	+1.320	+1.723	+1.536	
rs584273       -0.809	+0.867	-0.514	-0.520	-0.786	-0.785	-0.789	-0.892	-0.597	-0.603	-0.594	-0.605	-0.592	-0.607	-0.591	-0.608	-0.590	-0.470	-0.571	-0.565	-0.722	-0.612	-0.610	-0.584	-0.584	-0.575	-0.582	-0.582	-0.582	-0.583	-0.583	-0.623	+0.968	-0.666	+0.952	-0.692	-0.666	+0.993	-0.719	+0.976	+1.002	-0.694	-0.694	-0.690	-0.755	-0.690	-0.690	-0.693	-0.693	-0.742	-0.717	-0.681	+0.879	-0.118	+0.378	+2.124	+2.133	+2.044	-0.806	-0.817	+2.105	+2.041	+2.042	+2.042	+2.041	+1.536	+3.280	+1.554	+3.158	+1.554	+1.552	+3.096	+2.217	+1.250	+1.250	+1.249	+1.584	+1.715	+1.624	+1.556	+1.602	+1.556	+1.834	+1.556	+1.559	+1.549	+1.558	+2.935	+1.481	-0.477	-0.557	-0.560	+0.841	+0.756	+1.783	+0.758	+1.757	+0.825	+1.737	+1.718	+0.668	+0.972	-0.476	+1.736	+1.733	+1.732	+0.638	+1.710	-0.496	-0.473	+0.975	+0.609	+0.608	+1.712	-0.473	+1.661	+0.606	+1.021	+1.630	+1.620	+1.564	+1.603	+1.707	+0.997	+0.936	-0.717	-0.829	+1.051	+1.936	+1.029	+0.414	+1.946	+1.963	+0.986	-0.581	-0.527	+1.803	-0.358	+1.550	+0.408	-0.337	-0.364	+0.317	-0.349	-0.347	+1.549	-0.361	-0.349	-0.298	+0.408	+0.408	-0.298	-0.298	-0.350	-0.298	+1.552	+1.821	+1.558	+6.735	+6.735	-0.130	-0.329	-0.845	+1.560	+1.554	+0.742	+1.491	-0.556	+1.763	-0.178	+1.820	-0.309	+1.317	+1.720	+1.534	
rs661784       -0.797	+0.902	-0.511	-0.517	-0.776	-0.774	-0.779	-0.878	-0.566	-0.559	-0.570	-0.563	-0.572	-0.570	-0.573	-0.573	-0.574	-0.571	-0.449	-0.574	-0.700	-0.577	-0.574	-0.583	-0.583	-0.580	-0.585	-0.585	-0.585	-0.585	-0.585	-0.602	+1.005	-0.651	+0.987	-0.677	-0.651	+1.030	-0.704	+1.012	+1.038	-0.679	-0.679	-0.675	-0.734	-0.675	-0.676	-0.678	-0.678	-0.722	-0.702	-0.667	+0.859	-0.098	+0.405	+2.155	+2.164	+2.075	-0.785	-0.796	+2.137	+2.073	+2.073	+2.073	+2.073	+1.565	+3.318	+1.583	+3.195	+1.584	+1.581	+3.134	+2.247	+1.279	+1.279	+1.278	+1.614	+1.745	+1.653	+1.586	+1.632	+1.586	+1.864	+1.586	+1.589	+1.579	+1.588	+2.971	+1.510	-0.461	-0.543	-0.543	+0.865	+0.773	+1.799	+0.775	+1.773	+0.848	+1.752	+1.735	+0.691	+1.000	-0.463	+1.752	+1.749	+1.748	+0.660	+1.726	-0.483	-0.460	+1.003	+0.626	+0.631	+1.728	-0.460	+1.669	+0.622	+1.049	+1.639	+1.628	+1.573	+1.611	+1.723	+1.012	+0.954	-0.701	-0.806	+1.079	+1.952	+1.048	+0.436	+1.961	+1.979	+1.013	-0.563	-0.509	+1.819	-0.341	+1.566	+0.435	-0.320	-0.347	+0.344	-0.332	-0.331	+1.565	-0.335	-0.332	-0.271	+0.435	+0.435	-0.271	-0.271	-0.333	-0.271	+1.568	+1.837	+1.574	+6.742	+6.742	-0.120	-0.304	-0.822	+1.576	+1.571	+0.761	+1.507	-0.539	+1.779	-0.158	+1.837	-0.293	+1.334	+1.737	+1.550	
rs660423       -0.792	+0.917	-0.510	-0.515	-0.771	-0.770	-0.774	-0.871	-0.555	-0.543	-0.561	-0.548	-0.564	-0.556	-0.566	-0.560	-0.567	-0.565	-0.574	-0.440	-0.691	-0.559	-0.558	-0.580	-0.581	-0.580	-0.583	-0.583	-0.584	-0.584	-0.584	-0.592	+1.021	-0.644	+1.004	-0.670	-0.644	+1.047	-0.697	+1.029	+1.054	-0.672	-0.673	-0.668	-0.725	-0.669	-0.669	-0.671	-0.671	-0.713	-0.695	-0.660	+0.849	-0.089	+0.417	+2.169	+2.179	+2.089	-0.775	-0.786	+2.151	+2.086	+2.087	+2.087	+2.086	+1.579	+3.334	+1.596	+3.212	+1.597	+1.595	+3.150	+2.260	+1.292	+1.292	+1.291	+1.627	+1.759	+1.667	+1.599	+1.646	+1.599	+1.879	+1.599	+1.602	+1.592	+1.601	+2.988	+1.523	-0.453	-0.537	-0.535	+0.875	+0.780	+1.806	+0.782	+1.780	+0.858	+1.760	+1.742	+0.701	+1.012	-0.457	+1.759	+1.756	+1.755	+0.670	+1.733	-0.477	-0.454	+1.016	+0.633	+0.641	+1.735	-0.454	+1.672	+0.629	+1.062	+1.642	+1.632	+1.577	+1.615	+1.730	+1.019	+0.961	-0.694	-0.795	+1.092	+1.959	+1.056	+0.446	+1.969	+1.986	+1.025	-0.556	-0.502	+1.826	-0.334	+1.573	+0.446	-0.313	-0.340	+0.355	-0.325	-0.323	+1.572	-0.323	-0.325	-0.259	+0.446	+0.446	-0.259	-0.259	-0.326	-0.259	+1.575	+1.845	+1.581	+6.745	+6.745	-0.117	-0.293	-0.812	+1.583	+1.578	+0.769	+1.514	-0.532	+1.787	-0.148	+1.844	-0.286	+1.341	+1.744	+1.557	
rs10493000     -0.728	+0.805	-0.424	-0.429	-0.703	-0.702	-0.707	-0.830	-0.732	-0.751	-0.725	-0.748	-0.722	-0.744	-0.720	-0.742	-0.719	-0.722	-0.700	-0.691	-0.411	-0.746	-0.745	-0.699	-0.698	-0.687	-0.691	-0.691	-0.691	-0.691	-0.691	-0.730	+0.908	-0.364	+0.898	-0.408	-0.365	+0.933	-0.358	+0.916	+0.959	-0.294	-0.296	-0.288	-0.593	-0.288	-0.289	-0.295	-0.296	-0.601	-0.343	-0.281	+1.019	-0.040	+0.411	+2.176	+2.185	+2.096	-0.768	-0.778	+2.066	+2.004	+2.004	+2.004	+2.004	+1.573	+3.139	+1.591	+3.023	+1.591	+1.589	+2.962	+2.285	+1.284	+1.284	+1.284	+1.621	+1.751	+1.667	+1.593	+1.634	+1.593	+1.882	+1.593	+1.596	+1.586	+1.596	+2.811	+1.518	-0.369	-0.462	-0.476	+0.874	+0.834	+1.947	+0.836	+1.921	+0.860	+1.900	+1.883	+0.703	+0.993	-0.375	+1.898	+1.895	+1.894	+0.672	+1.872	-0.396	-0.372	+0.997	+0.686	+0.643	+1.873	-0.373	+1.798	+0.683	+1.044	+1.767	+1.756	+1.700	+1.738	+1.867	+1.087	+1.009	-0.638	-0.813	+1.075	+2.101	+1.093	+0.461	+2.111	+2.129	+1.011	-0.500	-0.440	+1.964	-0.289	+1.632	+0.355	-0.267	-0.295	+0.264	-0.280	-0.278	+1.631	-0.400	-0.280	-0.343	+0.355	+0.355	-0.344	-0.344	-0.280	-0.344	+1.634	+1.983	+1.639	+6.906	+6.906	-0.003	-0.339	-0.827	+1.642	+1.636	+0.774	+1.572	-0.487	+1.922	-0.096	+1.981	-0.237	+1.398	+1.878	+1.616	
rs561411       -0.820	+0.829	-0.517	-0.522	-0.797	-0.796	-0.800	-0.908	-0.625	-0.624	-0.617	-0.623	-0.612	-0.621	-0.609	-0.620	-0.607	-0.612	-0.577	-0.559	-0.746	-0.492	-0.619	-0.582	-0.582	-0.565	-0.577	-0.577	-0.576	-0.578	-0.577	-0.637	+0.929	-0.681	+0.912	-0.709	-0.681	+0.954	-0.735	+0.936	+0.964	-0.709	-0.710	-0.705	-0.778	-0.706	-0.706	-0.708	-0.708	-0.765	-0.733	-0.697	+0.900	-0.140	+0.349	+2.091	+2.100	+2.011	-0.829	-0.840	+2.072	+2.008	+2.008	+2.009	+2.008	+1.504	+3.239	+1.522	+3.118	+1.522	+1.520	+3.056	+2.186	+1.219	+1.219	+1.218	+1.552	+1.683	+1.593	+1.524	+1.569	+1.524	+1.801	+1.525	+1.527	+1.518	+1.527	+2.895	+1.450	-0.495	-0.573	-0.579	+0.817	+0.739	+1.765	+0.741	+1.739	+0.800	+1.719	+1.699	+0.644	+0.942	-0.491	+1.718	+1.715	+1.714	+0.613	+1.692	-0.511	-0.488	+0.946	+0.591	+0.584	+1.694	-0.488	+1.652	+0.588	+0.992	+1.621	+1.610	+1.555	+1.593	+1.689	+0.980	+0.917	-0.735	-0.854	+1.022	+1.918	+1.009	+0.388	+1.928	+1.945	+0.957	-0.600	-0.545	+1.784	-0.376	+1.533	+0.380	-0.355	-0.383	+0.289	-0.368	-0.366	+1.532	-0.390	-0.367	-0.327	+0.380	+0.380	-0.327	-0.327	-0.368	-0.327	+1.535	+1.803	+1.541	+6.728	+6.728	-0.139	-0.356	-0.870	+1.543	+1.538	+0.720	+1.474	-0.575	+1.744	-0.202	+1.802	-0.327	+1.300	+1.701	+1.517	
rs479288       -0.820	+0.830	-0.516	-0.522	-0.797	-0.795	-0.800	-0.907	-0.625	-0.622	-0.615	-0.621	-0.611	-0.619	-0.608	-0.618	-0.606	-0.610	-0.574	-0.558	-0.745	-0.619	-0.491	-0.580	-0.580	-0.565	-0.575	-0.575	-0.575	-0.576	-0.576	-0.636	+0.931	-0.681	+0.915	-0.708	-0.681	+0.956	-0.735	+0.939	+0.966	-0.708	-0.709	-0.705	-0.777	-0.705	-0.705	-0.707	-0.707	-0.764	-0.733	-0.696	+0.899	-0.139	+0.350	+2.092	+2.102	+2.012	-0.828	-0.839	+2.074	+2.010	+2.010	+2.010	+2.010	+1.506	+3.241	+1.524	+3.119	+1.524	+1.522	+3.058	+2.188	+1.220	+1.220	+1.219	+1.554	+1.685	+1.594	+1.526	+1.571	+1.526	+1.803	+1.526	+1.529	+1.519	+1.528	+2.896	+1.452	-0.494	-0.572	-0.578	+0.818	+0.740	+1.766	+0.742	+1.740	+0.802	+1.720	+1.700	+0.645	+0.944	-0.490	+1.719	+1.716	+1.715	+0.615	+1.693	-0.510	-0.487	+0.947	+0.592	+0.585	+1.695	-0.488	+1.652	+0.589	+0.993	+1.621	+1.611	+1.555	+1.594	+1.690	+0.981	+0.918	-0.734	-0.853	+1.023	+1.919	+1.010	+0.389	+1.928	+1.946	+0.958	-0.599	-0.544	+1.785	-0.376	+1.534	+0.381	-0.354	-0.382	+0.290	-0.367	-0.365	+1.533	-0.388	-0.367	-0.325	+0.382	+0.381	-0.325	-0.325	-0.367	-0.325	+1.536	+1.803	+1.542	+6.729	+6.729	-0.139	-0.355	-0.869	+1.544	+1.539	+0.721	+1.475	-0.575	+1.745	-0.201	+1.802	-0.326	+1.301	+1.702	+1.518	
rs72649142     -0.796	+0.904	-0.510	-0.515	-0.774	-0.773	-0.777	-0.876	-0.582	-0.576	-0.584	-0.579	-0.585	-0.584	-0.585	-0.586	-0.585	-0.584	-0.583	-0.580	-0.699	-0.582	-0.580	-0.447	-0.567	-0.561	-0.564	-0.563	-0.563	-0.564	-0.564	-0.577	+1.009	-0.649	+0.992	-0.675	-0.649	+1.034	-0.703	+1.016	+1.042	-0.677	-0.678	-0.673	-0.733	-0.674	-0.674	-0.676	-0.676	-0.720	-0.700	-0.665	+0.868	-0.097	+0.408	+2.158	+2.168	+2.078	-0.783	-0.794	+2.140	+2.076	+2.076	+2.077	+2.076	+1.569	+3.323	+1.587	+3.201	+1.587	+1.585	+3.139	+2.250	+1.282	+1.282	+1.281	+1.617	+1.749	+1.657	+1.589	+1.636	+1.589	+1.868	+1.589	+1.592	+1.583	+1.592	+2.977	+1.513	-0.459	-0.542	-0.542	+0.866	+0.775	+1.800	+0.777	+1.774	+0.849	+1.753	+1.735	+0.693	+1.003	-0.461	+1.752	+1.749	+1.749	+0.662	+1.727	-0.481	-0.458	+1.006	+0.628	+0.633	+1.728	-0.459	+1.670	+0.625	+1.052	+1.640	+1.630	+1.574	+1.613	+1.723	+1.014	+0.956	-0.699	-0.804	+1.082	+1.952	+1.050	+0.438	+1.962	+1.979	+1.016	-0.562	-0.508	+1.819	-0.340	+1.568	+0.438	-0.319	-0.346	+0.346	-0.331	-0.330	+1.568	-0.331	-0.331	-0.267	+0.438	+0.438	-0.267	-0.267	-0.332	-0.267	+1.571	+1.838	+1.576	+6.744	+6.744	-0.119	-0.303	-0.820	+1.578	+1.573	+0.762	+1.509	-0.538	+1.779	-0.156	+1.837	-0.292	+1.336	+1.737	+1.553	
rs1689910      -0.795	+0.905	-0.510	-0.515	-0.774	-0.772	-0.777	-0.876	-0.582	-0.576	-0.584	-0.579	-0.585	-0.584	-0.585	-0.586	-0.585	-0.584	-0.583	-0.581	-0.698	-0.582	-0.580	-0.567	-0.446	-0.560	-0.563	-0.563	-0.563	-0.563	-0.563	-0.576	+1.010	-0.649	+0.992	-0.675	-0.649	+1.035	-0.702	+1.017	+1.043	-0.677	-0.677	-0.673	-0.732	-0.673	-0.674	-0.676	-0.676	-0.720	-0.700	-0.665	+0.868	-0.096	+0.408	+2.159	+2.168	+2.079	-0.782	-0.793	+2.141	+2.077	+2.077	+2.077	+2.077	+1.570	+3.324	+1.587	+3.202	+1.588	+1.586	+3.140	+2.250	+1.283	+1.283	+1.282	+1.618	+1.749	+1.658	+1.590	+1.636	+1.590	+1.868	+1.590	+1.593	+1.583	+1.592	+2.978	+1.514	-0.459	-0.542	-0.541	+0.867	+0.776	+1.800	+0.778	+1.774	+0.850	+1.753	+1.736	+0.693	+1.003	-0.461	+1.753	+1.750	+1.749	+0.662	+1.727	-0.481	-0.458	+1.006	+0.628	+0.633	+1.728	-0.458	+1.671	+0.625	+1.052	+1.640	+1.630	+1.575	+1.613	+1.724	+1.015	+0.956	-0.699	-0.803	+1.083	+1.953	+1.051	+0.439	+1.962	+1.979	+1.016	-0.562	-0.508	+1.820	-0.340	+1.569	+0.438	-0.319	-0.346	+0.347	-0.331	-0.329	+1.568	-0.330	-0.331	-0.266	+0.438	+0.438	-0.266	-0.267	-0.331	-0.267	+1.571	+1.838	+1.577	+6.744	+6.744	-0.119	-0.302	-0.820	+1.579	+1.574	+0.762	+1.510	-0.537	+1.780	-0.155	+1.838	-0.291	+1.337	+1.737	+1.553	
rs1689911      -0.789	+0.922	-0.507	-0.512	-0.768	-0.767	-0.771	-0.868	-0.568	-0.558	-0.573	-0.562	-0.575	-0.569	-0.576	-0.571	-0.576	-0.575	-0.580	-0.580	-0.687	-0.565	-0.565	-0.561	-0.560	-0.436	-0.559	-0.558	-0.558	-0.559	-0.559	-0.554	+1.027	-0.641	+1.010	-0.667	-0.641	+1.052	-0.694	+1.034	+1.060	-0.669	-0.670	-0.666	-0.722	-0.666	-0.666	-0.668	-0.668	-0.710	-0.692	-0.657	+0.861	-0.086	+0.422	+2.174	+2.183	+2.093	-0.771	-0.783	+2.156	+2.092	+2.092	+2.092	+2.092	+1.584	+3.344	+1.601	+3.222	+1.602	+1.600	+3.160	+2.264	+1.296	+1.296	+1.295	+1.632	+1.764	+1.672	+1.604	+1.651	+1.604	+1.883	+1.604	+1.607	+1.597	+1.606	+2.998	+1.528	-0.451	-0.534	-0.533	+0.878	+0.784	+1.808	+0.786	+1.782	+0.861	+1.761	+1.744	+0.705	+1.016	-0.454	+1.761	+1.758	+1.757	+0.674	+1.735	-0.474	-0.451	+1.020	+0.637	+0.645	+1.736	-0.451	+1.676	+0.634	+1.065	+1.645	+1.635	+1.580	+1.618	+1.732	+1.023	+0.966	-0.691	-0.792	+1.096	+1.961	+1.060	+0.450	+1.970	+1.987	+1.030	-0.553	-0.499	+1.828	-0.331	+1.577	+0.451	-0.310	-0.338	+0.360	-0.323	-0.321	+1.576	-0.317	-0.322	-0.253	+0.452	+0.452	-0.253	-0.253	-0.323	-0.253	+1.579	+1.846	+1.585	+6.748	+6.748	-0.114	-0.290	-0.809	+1.587	+1.582	+0.772	+1.518	-0.529	+1.788	-0.145	+1.846	-0.283	+1.345	+1.746	+1.562	
rs1781462      -0.792	+0.915	-0.508	-0.513	-0.770	-0.769	-0.773	-0.871	-0.579	-0.571	-0.582	-0.574	-0.583	-0.580	-0.584	-0.582	-0.584	-0.582	-0.585	-0.583	-0.691	-0.577	-0.575	-0.564	-0.563	-0.559	-0.440	-0.559	-0.559	-0.559	-0.559	-0.560	+1.021	-0.644	+1.004	-0.670	-0.644	+1.046	-0.697	+1.028	+1.054	-0.672	-0.673	-0.668	-0.726	-0.668	-0.669	-0.671	-0.671	-0.713	-0.695	-0.660	+0.864	-0.090	+0.417	+2.169	+2.178	+2.088	-0.775	-0.786	+2.151	+2.087	+2.087	+2.087	+2.087	+1.579	+3.336	+1.597	+3.214	+1.597	+1.595	+3.152	+2.260	+1.292	+1.292	+1.291	+1.627	+1.759	+1.667	+1.599	+1.646	+1.599	+1.878	+1.599	+1.602	+1.593	+1.602	+2.990	+1.523	-0.454	-0.537	-0.536	+0.874	+0.781	+1.805	+0.784	+1.779	+0.857	+1.758	+1.741	+0.700	+1.012	-0.456	+1.758	+1.755	+1.754	+0.670	+1.732	-0.476	-0.453	+1.015	+0.634	+0.640	+1.733	-0.454	+1.674	+0.631	+1.061	+1.644	+1.633	+1.578	+1.616	+1.729	+1.020	+0.963	-0.694	-0.796	+1.091	+1.958	+1.057	+0.446	+1.967	+1.984	+1.025	-0.556	-0.502	+1.825	-0.335	+1.574	+0.447	-0.313	-0.341	+0.356	-0.326	-0.324	+1.574	-0.322	-0.325	-0.257	+0.447	+0.447	-0.257	-0.257	-0.326	-0.257	+1.577	+1.843	+1.582	+6.747	+6.747	-0.116	-0.295	-0.813	+1.585	+1.579	+0.768	+1.515	-0.532	+1.785	-0.148	+1.843	-0.286	+1.342	+1.742	+1.559	
rs1572486      -0.791	+0.916	-0.508	-0.513	-0.770	-0.769	-0.773	-0.871	-0.578	-0.571	-0.581	-0.574	-0.583	-0.579	-0.584	-0.581	-0.584	-0.582	-0.585	-0.583	-0.691	-0.577	-0.575	-0.563	-0.563	-0.558	-0.559	-0.439	-0.559	-0.559	-0.559	-0.559	+1.022	-0.644	+1.005	-0.670	-0.644	+1.047	-0.697	+1.029	+1.054	-0.672	-0.672	-0.668	-0.725	-0.668	-0.668	-0.671	-0.671	-0.713	-0.694	-0.660	+0.864	-0.089	+0.417	+2.169	+2.179	+2.089	-0.775	-0.786	+2.152	+2.087	+2.088	+2.088	+2.088	+1.580	+3.337	+1.597	+3.215	+1.598	+1.596	+3.153	+2.260	+1.292	+1.292	+1.291	+1.628	+1.760	+1.668	+1.600	+1.646	+1.600	+1.879	+1.600	+1.603	+1.593	+1.602	+2.991	+1.524	-0.453	-0.537	-0.535	+0.874	+0.782	+1.805	+0.784	+1.779	+0.857	+1.758	+1.741	+0.701	+1.012	-0.456	+1.758	+1.755	+1.754	+0.670	+1.732	-0.476	-0.453	+1.016	+0.634	+0.641	+1.734	-0.453	+1.674	+0.631	+1.062	+1.644	+1.633	+1.578	+1.616	+1.729	+1.020	+0.963	-0.693	-0.796	+1.092	+1.958	+1.057	+0.446	+1.967	+1.985	+1.026	-0.556	-0.502	+1.825	-0.334	+1.575	+0.448	-0.313	-0.340	+0.356	-0.325	-0.324	+1.574	-0.321	-0.325	-0.257	+0.448	+0.448	-0.257	-0.257	-0.326	-0.257	+1.577	+1.843	+1.583	+6.747	+6.747	-0.116	-0.294	-0.812	+1.585	+1.580	+0.769	+1.516	-0.532	+1.785	-0.148	+1.843	-0.286	+1.343	+1.743	+1.559	
rs1415176      -0.791	+0.916	-0.508	-0.513	-0.770	-0.768	-0.773	-0.871	-0.578	-0.570	-0.581	-0.573	-0.583	-0.579	-0.584	-0.581	-0.584	-0.582	-0.585	-0.584	-0.691	-0.576	-0.575	-0.563	-0.563	-0.558	-0.559	-0.559	-0.439	-0.559	-0.559	-0.558	+1.022	-0.643	+1.005	-0.670	-0.643	+1.047	-0.697	+1.029	+1.055	-0.672	-0.672	-0.668	-0.725	-0.668	-0.668	-0.670	-0.670	-0.713	-0.694	-0.660	+0.864	-0.089	+0.418	+2.170	+2.179	+2.089	-0.775	-0.786	+2.152	+2.088	+2.088	+2.088	+2.088	+1.580	+3.337	+1.597	+3.215	+1.598	+1.596	+3.153	+2.261	+1.292	+1.293	+1.292	+1.628	+1.760	+1.668	+1.600	+1.647	+1.600	+1.879	+1.600	+1.603	+1.593	+1.602	+2.991	+1.524	-0.453	-0.536	-0.535	+0.875	+0.782	+1.805	+0.784	+1.779	+0.858	+1.758	+1.741	+0.701	+1.013	-0.456	+1.758	+1.755	+1.754	+0.670	+1.732	-0.476	-0.453	+1.016	+0.635	+0.641	+1.734	-0.453	+1.674	+0.631	+1.062	+1.644	+1.633	+1.578	+1.616	+1.729	+1.020	+0.963	-0.693	-0.796	+1.092	+1.958	+1.057	+0.446	+1.967	+1.985	+1.026	-0.556	-0.502	+1.825	-0.334	+1.575	+0.448	-0.313	-0.340	+0.356	-0.325	-0.323	+1.574	-0.321	-0.325	-0.256	+0.448	+0.448	-0.257	-0.257	-0.326	-0.257	+1.577	+1.844	+1.583	+6.747	+6.747	-0.115	-0.294	-0.812	+1.585	+1.580	+0.769	+1.516	-0.531	+1.785	-0.148	+1.843	-0.286	+1.343	+1.743	+1.559	
rs1764577      -0.791	+0.916	-0.508	-0.513	-0.770	-0.768	-0.773	-0.871	-0.579	-0.572	-0.582	-0.575	-0.584	-0.580	-0.584	-0.582	-0.585	-0.583	-0.585	-0.584	-0.691	-0.578	-0.576	-0.564	-0.563	-0.559	-0.559	-0.559	-0.559	-0.439	-0.559	-0.558	+1.022	-0.643	+1.005	-0.670	-0.643	+1.047	-0.697	+1.029	+1.055	-0.672	-0.672	-0.668	-0.725	-0.668	-0.668	-0.671	-0.671	-0.713	-0.694	-0.660	+0.864	-0.089	+0.417	+2.169	+2.179	+2.089	-0.775	-0.786	+2.152	+2.087	+2.088	+2.088	+2.088	+1.580	+3.337	+1.597	+3.215	+1.598	+1.596	+3.153	+2.260	+1.292	+1.293	+1.292	+1.628	+1.760	+1.668	+1.600	+1.646	+1.600	+1.879	+1.600	+1.603	+1.593	+1.602	+2.991	+1.524	-0.453	-0.536	-0.535	+0.874	+0.782	+1.805	+0.784	+1.779	+0.858	+1.758	+1.741	+0.701	+1.013	-0.456	+1.758	+1.755	+1.754	+0.670	+1.732	-0.476	-0.453	+1.016	+0.635	+0.641	+1.734	-0.453	+1.674	+0.631	+1.062	+1.644	+1.633	+1.578	+1.616	+1.729	+1.020	+0.963	-0.693	-0.796	+1.092	+1.958	+1.057	+0.446	+1.967	+1.985	+1.026	-0.556	-0.502	+1.825	-0.334	+1.575	+0.448	-0.313	-0.340	+0.356	-0.325	-0.324	+1.574	-0.321	-0.325	-0.256	+0.448	+0.448	-0.257	-0.257	-0.326	-0.257	+1.577	+1.843	+1.583	+6.747	+6.747	-0.115	-0.294	-0.812	+1.585	+1.580	+0.769	+1.516	-0.531	+1.785	-0.148	+1.843	-0.286	+1.343	+1.743	+1.559	
rs1781463      -0.791	+0.916	-0.508	-0.513	-0.770	-0.768	-0.773	-0.871	-0.579	-0.571	-0.582	-0.574	-0.584	-0.580	-0.584	-0.582	-0.585	-0.583	-0.585	-0.584	-0.691	-0.577	-0.576	-0.564	-0.563	-0.559	-0.559	-0.559	-0.559	-0.559	-0.439	-0.558	+1.022	-0.643	+1.005	-0.669	-0.643	+1.047	-0.697	+1.029	+1.055	-0.671	-0.672	-0.668	-0.725	-0.668	-0.668	-0.670	-0.670	-0.712	-0.694	-0.659	+0.864	-0.089	+0.418	+2.170	+2.179	+2.089	-0.775	-0.786	+2.152	+2.088	+2.088	+2.088	+2.088	+1.580	+3.338	+1.598	+3.215	+1.598	+1.596	+3.154	+2.261	+1.293	+1.293	+1.292	+1.628	+1.760	+1.668	+1.600	+1.647	+1.600	+1.879	+1.600	+1.603	+1.594	+1.603	+2.991	+1.524	-0.453	-0.536	-0.535	+0.875	+0.782	+1.805	+0.784	+1.779	+0.858	+1.758	+1.741	+0.701	+1.013	-0.456	+1.758	+1.755	+1.754	+0.670	+1.732	-0.476	-0.453	+1.016	+0.635	+0.641	+1.734	-0.453	+1.674	+0.631	+1.062	+1.644	+1.633	+1.578	+1.617	+1.729	+1.020	+0.963	-0.693	-0.796	+1.092	+1.958	+1.058	+0.446	+1.967	+1.985	+1.026	-0.556	-0.502	+1.825	-0.334	+1.575	+0.448	-0.313	-0.340	+0.357	-0.325	-0.323	+1.574	-0.321	-0.325	-0.256	+0.448	+0.448	-0.257	-0.257	-0.326	-0.257	+1.577	+1.844	+1.583	+6.747	+6.747	-0.115	-0.294	-0.812	+1.585	+1.580	+0.769	+1.516	-0.531	+1.785	-0.148	+1.843	-0.286	+1.343	+1.743	+1.559	
