## Summary of overall evidence for association with region:
## log10(BF for region) = 4.82479
## p-value for region = NA

## BFs for choosing among multi-SNP models:
## log10(average 1-SNP BF) = 4.59838
## log10(average 2-SNP BF) = 5.08307

## Example posterior probabilities for multi-SNP models, based on default prior: [p(l) propto 0.5^l for l=1,2,...,L]
## posterior probability of 1-SNP = 0.395821
## posterior probability of 2-SNP = 0.604179

## log10(BF) for single SNP and pair of SNPs:
rs2530663      -0.218	+0.626	+0.631	-0.474	-0.483	-0.374	-0.374	-0.492	-0.058	-0.500	+0.831	-0.352	+1.246	+0.642	-0.442	-0.426	-0.351	+1.182	-0.332	+0.991	+0.579	+1.183	+1.240	-0.294	-0.466	-0.299	-0.290	+1.407	-0.299	+1.460	+1.374	+0.800	-0.083	+3.854	+0.040	+0.054	+3.848	+0.040	+3.945	-0.010	-0.018	+0.056	+0.182	+0.212	+0.212	+4.388	+4.375	+0.569	+4.653	+0.576	+4.611	+1.082	+1.119	+1.101	+1.163	+0.580	+4.621	+4.440	+1.107	+1.125	+1.193	+4.587	+1.217	+1.161	+4.542	+1.178	+1.297	+1.297	+1.312	+1.297	+1.308	+1.287	+1.308	+4.678	+1.622	+1.311	+4.608	+1.296	+1.283	+4.715	+4.724	+4.656	+4.685	+1.264	+1.225	+4.687	+1.283	+4.703	+1.272	+4.287	+2.986	+4.640	+4.699	-0.199	+4.682	+4.686	+4.600	+4.677	+4.598	+4.673	+1.667	+1.665	+2.959	+2.940	+4.719	+4.687	+2.958	+4.671	+1.653	+4.479	+1.322	+1.319	+3.657	+1.322	+0.661	+4.365	+4.189	+0.380	+0.378	+1.081	+1.080	+1.080	+1.094	+4.246	+4.244	+1.096	+4.295	+3.688	+3.658	+3.630	+1.094	+3.656	+4.650	+4.653	+3.171	+1.074	+3.732	+1.074	+3.677	+1.072	+1.070	+1.069	+4.797	+4.653	+3.708	+4.214	+3.658	+1.051	+3.711	+3.750	+3.771	+3.743	+4.737	+4.759	+4.012	+1.043	+1.062	+1.045	+3.783	+1.069	+1.061	+1.101	+1.034	-0.448	+1.059	+3.840	+1.057	+1.056	+1.056	+1.056	+4.768	+1.056	+1.055	+1.084	+1.025	+3.783	+4.442	+0.966	+0.957	+0.958	+1.021	+4.751	+0.912	+0.913	+0.913	
rs2531849      +0.626	+0.950	+0.923	+0.577	+0.570	+0.673	+0.673	+0.566	+0.682	+0.563	+0.981	+0.701	+2.008	+0.854	+0.633	+0.642	+0.702	+1.959	+0.720	+1.527	+0.816	+1.959	+2.004	+0.756	+0.533	+0.750	+0.759	+2.135	+0.751	+2.177	+2.099	+0.960	+0.769	+3.931	+1.033	+1.045	+3.934	+1.033	+4.024	+1.000	+1.002	+1.062	+1.170	+1.198	+1.198	+4.437	+4.488	+0.892	+4.755	+0.898	+4.716	+2.222	+2.258	+2.241	+2.302	+0.900	+4.726	+4.559	+2.246	+2.264	+2.331	+4.695	+2.354	+2.298	+4.659	+2.316	+2.431	+2.431	+2.446	+2.431	+2.442	+2.422	+2.442	+4.770	+2.695	+2.445	+4.703	+2.430	+2.418	+4.804	+4.787	+4.752	+4.777	+2.406	+2.366	+4.780	+2.425	+4.796	+2.414	+4.410	+3.283	+4.737	+4.792	+0.506	+4.776	+4.780	+4.699	+4.771	+4.697	+4.768	+2.655	+2.653	+3.259	+3.242	+4.823	+4.780	+3.259	+4.767	+2.641	+4.590	+2.465	+2.463	+3.798	+2.465	+0.940	+4.484	+4.321	+1.328	+1.326	+2.223	+2.222	+2.222	+2.240	+4.350	+4.348	+2.241	+4.392	+3.872	+3.842	+3.817	+2.239	+3.844	+4.737	+4.739	+3.283	+2.220	+3.915	+2.219	+3.864	+2.218	+2.215	+2.215	+4.871	+4.739	+3.891	+4.328	+3.845	+2.197	+3.894	+3.931	+3.950	+3.926	+4.820	+4.841	+4.169	+2.190	+2.207	+2.191	+3.963	+2.213	+2.206	+2.240	+2.180	+0.606	+2.204	+4.028	+2.203	+2.202	+2.201	+2.201	+4.850	+2.201	+2.201	+2.229	+2.171	+3.964	+4.541	+2.111	+2.103	+2.104	+2.166	+4.836	+2.057	+2.057	+2.057	
rs2530664      +0.631	+0.923	+0.955	+0.582	+0.575	+0.677	+0.678	+0.571	+0.686	+0.567	+0.983	+0.705	+2.011	+0.857	+0.637	+0.647	+0.706	+1.963	+0.725	+1.530	+0.818	+1.963	+2.008	+0.760	+0.537	+0.755	+0.763	+2.139	+0.756	+2.181	+2.103	+0.963	+0.774	+3.933	+1.037	+1.050	+3.936	+1.038	+4.026	+1.004	+1.006	+1.066	+1.174	+1.202	+1.202	+4.438	+4.490	+0.895	+4.756	+0.901	+4.717	+2.227	+2.262	+2.246	+2.307	+0.903	+4.727	+4.560	+2.251	+2.268	+2.336	+4.697	+2.358	+2.303	+4.660	+2.320	+2.435	+2.436	+2.451	+2.436	+2.447	+2.426	+2.446	+4.772	+2.699	+2.450	+4.704	+2.435	+2.422	+4.805	+4.788	+4.754	+4.779	+2.410	+2.370	+4.781	+2.429	+4.797	+2.419	+4.411	+3.285	+4.738	+4.793	+0.510	+4.777	+4.781	+4.701	+4.773	+4.699	+4.770	+2.659	+2.658	+3.261	+3.245	+4.824	+4.782	+3.261	+4.768	+2.646	+4.591	+2.469	+2.467	+3.800	+2.469	+0.943	+4.485	+4.322	+1.332	+1.330	+2.227	+2.227	+2.227	+2.245	+4.352	+4.350	+2.246	+4.393	+3.873	+3.844	+3.819	+2.244	+3.846	+4.738	+4.741	+3.286	+2.224	+3.917	+2.224	+3.866	+2.222	+2.220	+2.220	+4.873	+4.740	+3.893	+4.329	+3.847	+2.202	+3.896	+3.933	+3.952	+3.928	+4.821	+4.842	+4.171	+2.194	+2.212	+2.196	+3.964	+2.218	+2.211	+2.245	+2.185	+0.611	+2.209	+4.030	+2.208	+2.206	+2.206	+2.206	+4.852	+2.206	+2.206	+2.234	+2.176	+3.966	+4.543	+2.116	+2.108	+2.108	+2.171	+4.837	+2.061	+2.062	+2.062	
rs79585302     -0.474	+0.577	+0.582	-0.375	-0.492	-0.414	-0.414	-0.494	-0.164	-0.492	+0.773	-0.376	+1.391	+0.601	-0.519	-0.501	-0.374	+1.328	-0.350	+1.365	+0.535	+1.329	+1.382	-0.305	-0.607	-0.311	-0.300	+1.535	-0.310	+1.584	+1.467	+0.741	-0.615	+3.941	+0.152	+0.167	+3.952	+0.152	+4.050	+0.094	+0.088	+0.170	+0.314	+0.345	+0.345	+4.473	+4.467	+0.579	+4.746	+0.586	+4.704	+1.239	+1.279	+1.260	+1.327	+0.590	+4.714	+4.536	+1.266	+1.285	+1.359	+4.681	+1.384	+1.323	+4.637	+1.342	+1.471	+1.471	+1.487	+1.471	+1.483	+1.460	+1.483	+4.774	+1.673	+1.486	+4.705	+1.470	+1.456	+4.811	+4.826	+4.752	+4.782	+1.432	+1.389	+4.783	+1.453	+4.799	+1.441	+4.384	+3.432	+4.735	+4.795	-0.103	+4.777	+4.782	+4.695	+4.772	+4.693	+4.769	+1.730	+1.728	+3.403	+3.382	+4.815	+4.783	+3.402	+4.767	+1.712	+4.574	+1.493	+1.490	+3.749	+1.493	+0.676	+4.459	+4.284	+0.562	+0.559	+1.232	+1.231	+1.231	+1.245	+4.344	+4.342	+1.245	+4.393	+3.778	+3.747	+3.719	+1.243	+3.745	+4.749	+4.751	+2.856	+1.221	+3.822	+1.220	+3.767	+1.219	+1.216	+1.216	+4.899	+4.755	+3.797	+4.311	+3.747	+1.196	+3.800	+3.839	+3.861	+3.833	+4.836	+4.858	+4.104	+1.188	+1.207	+1.189	+3.873	+1.214	+1.206	+1.249	+1.177	-0.618	+1.204	+3.931	+1.202	+1.201	+1.200	+1.200	+4.867	+1.200	+1.200	+1.230	+1.167	+3.872	+4.539	+1.101	+1.092	+1.093	+1.160	+4.850	+1.043	+1.044	+1.044	
rs75285883     -0.483	+0.570	+0.575	-0.492	-0.385	-0.424	-0.424	-0.497	-0.173	-0.498	+0.766	-0.386	+1.377	+0.595	-0.528	-0.510	-0.385	+1.313	-0.361	+1.345	+0.529	+1.315	+1.367	-0.315	-0.617	-0.321	-0.310	+1.520	-0.320	+1.568	+1.453	+0.734	-0.623	+3.934	+0.140	+0.156	+3.942	+0.140	+4.040	+0.083	+0.076	+0.158	+0.301	+0.333	+0.333	+4.466	+4.460	+0.568	+4.738	+0.575	+4.697	+1.225	+1.265	+1.246	+1.313	+0.579	+4.707	+4.528	+1.252	+1.271	+1.345	+4.673	+1.369	+1.309	+4.630	+1.328	+1.456	+1.457	+1.473	+1.457	+1.469	+1.446	+1.468	+4.766	+1.676	+1.472	+4.697	+1.455	+1.441	+4.804	+4.818	+4.745	+4.774	+1.418	+1.375	+4.776	+1.438	+4.791	+1.427	+4.376	+3.406	+4.728	+4.787	-0.121	+4.769	+4.774	+4.688	+4.765	+4.685	+4.761	+1.733	+1.732	+3.376	+3.356	+4.807	+4.775	+3.375	+4.759	+1.716	+4.567	+1.479	+1.475	+3.741	+1.478	+0.662	+4.452	+4.276	+0.549	+0.546	+1.217	+1.216	+1.216	+1.231	+4.335	+4.333	+1.231	+4.385	+3.770	+3.739	+3.712	+1.229	+3.737	+4.740	+4.743	+2.853	+1.207	+3.814	+1.206	+3.759	+1.205	+1.202	+1.202	+4.890	+4.747	+3.789	+4.302	+3.739	+1.182	+3.792	+3.831	+3.853	+3.825	+4.827	+4.849	+4.096	+1.174	+1.193	+1.175	+3.865	+1.201	+1.192	+1.235	+1.163	-0.626	+1.190	+3.923	+1.189	+1.187	+1.187	+1.187	+4.859	+1.187	+1.186	+1.217	+1.153	+3.864	+4.531	+1.088	+1.079	+1.079	+1.147	+4.841	+1.030	+1.030	+1.030	
rs2079648      -0.374	+0.673	+0.677	-0.414	-0.424	-0.169	-0.259	-0.434	-0.005	-0.443	+0.877	-0.248	+1.325	+0.689	-0.377	-0.348	-0.247	+1.258	-0.227	+1.012	+0.625	+1.259	+1.320	-0.170	-0.304	-0.175	-0.162	+1.497	-0.181	+1.555	+1.417	+0.846	+0.098	+3.873	+0.062	+0.077	+3.869	+0.063	+3.966	+0.013	+0.005	+0.078	+0.204	+0.233	+0.233	+4.403	+4.398	+0.604	+4.674	+0.611	+4.633	+1.115	+1.152	+1.134	+1.196	+0.614	+4.643	+4.465	+1.140	+1.158	+1.226	+4.610	+1.249	+1.193	+4.566	+1.211	+1.329	+1.329	+1.344	+1.329	+1.340	+1.319	+1.340	+4.701	+1.681	+1.343	+4.632	+1.328	+1.315	+4.739	+4.752	+4.680	+4.709	+1.298	+1.259	+4.711	+1.317	+4.727	+1.306	+4.314	+3.011	+4.664	+4.723	-0.172	+4.705	+4.710	+4.624	+4.701	+4.622	+4.697	+1.726	+1.725	+2.983	+2.965	+4.743	+4.711	+2.982	+4.695	+1.713	+4.504	+1.355	+1.352	+3.687	+1.355	+0.693	+4.391	+4.217	+0.404	+0.401	+1.114	+1.114	+1.114	+1.129	+4.278	+4.276	+1.130	+4.326	+3.720	+3.690	+3.662	+1.128	+3.688	+4.679	+4.682	+3.367	+1.108	+3.764	+1.108	+3.709	+1.106	+1.104	+1.104	+4.826	+4.684	+3.739	+4.246	+3.690	+1.086	+3.742	+3.781	+3.803	+3.774	+4.766	+4.788	+4.042	+1.078	+1.096	+1.079	+3.814	+1.103	+1.095	+1.135	+1.069	-0.394	+1.093	+3.872	+1.092	+1.090	+1.090	+1.090	+4.797	+1.090	+1.090	+1.118	+1.060	+3.814	+4.473	+1.000	+0.992	+0.993	+1.056	+4.780	+0.947	+0.947	+0.948	
rs6006219      -0.374	+0.673	+0.678	-0.414	-0.424	-0.259	-0.169	-0.433	-0.005	-0.443	+0.877	-0.247	+1.325	+0.689	-0.376	-0.348	-0.246	+1.258	-0.226	+1.012	+0.625	+1.259	+1.320	-0.168	-0.302	-0.173	-0.160	+1.497	-0.179	+1.555	+1.417	+0.846	+0.099	+3.873	+0.063	+0.077	+3.869	+0.063	+3.966	+0.013	+0.005	+0.078	+0.204	+0.233	+0.234	+4.403	+4.398	+0.604	+4.674	+0.611	+4.633	+1.115	+1.152	+1.134	+1.196	+0.614	+4.643	+4.465	+1.140	+1.158	+1.226	+4.610	+1.249	+1.194	+4.566	+1.211	+1.329	+1.329	+1.344	+1.329	+1.340	+1.319	+1.340	+4.701	+1.681	+1.343	+4.632	+1.328	+1.315	+4.739	+4.752	+4.680	+4.709	+1.298	+1.259	+4.711	+1.317	+4.727	+1.306	+4.314	+3.011	+4.664	+4.723	-0.172	+4.705	+4.710	+4.624	+4.701	+4.622	+4.697	+1.726	+1.725	+2.983	+2.965	+4.743	+4.711	+2.982	+4.695	+1.713	+4.504	+1.356	+1.352	+3.686	+1.355	+0.693	+4.391	+4.217	+0.404	+0.401	+1.114	+1.114	+1.114	+1.129	+4.278	+4.276	+1.130	+4.326	+3.720	+3.690	+3.662	+1.128	+3.688	+4.679	+4.682	+3.367	+1.108	+3.764	+1.108	+3.709	+1.107	+1.104	+1.104	+4.826	+4.684	+3.739	+4.246	+3.690	+1.086	+3.742	+3.781	+3.803	+3.774	+4.766	+4.788	+4.042	+1.078	+1.096	+1.079	+3.814	+1.103	+1.095	+1.135	+1.069	-0.394	+1.093	+3.872	+1.092	+1.091	+1.090	+1.090	+4.797	+1.090	+1.090	+1.118	+1.060	+3.814	+4.473	+1.000	+0.992	+0.993	+1.056	+4.780	+0.947	+0.948	+0.948	
rs76603041     -0.492	+0.566	+0.571	-0.494	-0.497	-0.434	-0.433	-0.393	-0.180	-0.507	+0.762	-0.395	+1.361	+0.591	-0.536	-0.519	-0.394	+1.298	-0.370	+1.325	+0.525	+1.299	+1.351	-0.325	-0.626	-0.331	-0.320	+1.504	-0.330	+1.552	+1.438	+0.729	-0.631	+3.930	+0.128	+0.144	+3.937	+0.128	+4.034	+0.071	+0.064	+0.146	+0.289	+0.321	+0.321	+4.463	+4.456	+0.558	+4.735	+0.565	+4.693	+1.212	+1.252	+1.233	+1.300	+0.569	+4.703	+4.524	+1.239	+1.258	+1.331	+4.669	+1.356	+1.296	+4.625	+1.314	+1.443	+1.443	+1.459	+1.443	+1.455	+1.433	+1.455	+4.762	+1.685	+1.458	+4.692	+1.442	+1.428	+4.799	+4.812	+4.740	+4.769	+1.404	+1.362	+4.771	+1.425	+4.787	+1.413	+4.371	+3.384	+4.724	+4.783	-0.137	+4.765	+4.770	+4.683	+4.760	+4.681	+4.757	+1.743	+1.741	+3.354	+3.335	+4.803	+4.771	+3.354	+4.755	+1.725	+4.562	+1.465	+1.462	+3.737	+1.465	+0.650	+4.447	+4.272	+0.536	+0.533	+1.204	+1.203	+1.203	+1.218	+4.330	+4.328	+1.218	+4.379	+3.765	+3.735	+3.707	+1.216	+3.732	+4.735	+4.738	+2.852	+1.194	+3.809	+1.194	+3.754	+1.192	+1.189	+1.189	+4.885	+4.741	+3.785	+4.297	+3.734	+1.170	+3.788	+3.827	+3.849	+3.821	+4.823	+4.845	+4.092	+1.161	+1.181	+1.163	+3.860	+1.188	+1.180	+1.222	+1.151	-0.632	+1.177	+3.919	+1.176	+1.174	+1.174	+1.174	+4.854	+1.174	+1.174	+1.204	+1.141	+3.860	+4.526	+1.075	+1.066	+1.067	+1.134	+4.836	+1.018	+1.018	+1.018	
rs2857644      -0.058	+0.682	+0.686	-0.164	-0.173	-0.005	-0.005	-0.180	+0.177	-0.186	+0.906	+0.029	+1.536	+0.705	-0.071	-0.065	+0.030	+1.481	+0.052	+1.273	+0.642	+1.482	+1.531	+0.094	-0.181	+0.088	+0.098	+1.671	+0.089	+1.716	+1.642	+0.871	-0.080	+4.000	+0.450	+0.465	+3.998	+0.451	+4.093	+0.406	+0.406	+0.475	+0.602	+0.632	+0.632	+4.529	+4.520	+0.649	+4.797	+0.655	+4.755	+1.632	+1.672	+1.653	+1.717	+0.659	+4.765	+4.585	+1.659	+1.677	+1.748	+4.732	+1.773	+1.714	+4.687	+1.733	+1.859	+1.860	+1.875	+1.860	+1.871	+1.849	+1.871	+4.822	+2.098	+1.874	+4.753	+1.858	+1.845	+4.859	+4.867	+4.800	+4.830	+1.826	+1.784	+4.832	+1.846	+4.848	+1.835	+4.432	+3.168	+4.785	+4.844	-0.064	+4.826	+4.831	+4.745	+4.821	+4.743	+4.818	+2.130	+2.128	+3.142	+3.123	+4.864	+4.831	+3.141	+4.816	+2.115	+4.625	+1.887	+1.883	+3.804	+1.886	+0.692	+4.512	+4.335	+0.804	+0.802	+1.632	+1.631	+1.631	+1.648	+4.386	+4.384	+1.648	+4.434	+3.840	+3.809	+3.782	+1.646	+3.808	+4.793	+4.795	+3.028	+1.625	+3.884	+1.624	+3.830	+1.623	+1.620	+1.620	+4.940	+4.796	+3.859	+4.353	+3.810	+1.601	+3.862	+3.902	+3.923	+3.895	+4.880	+4.901	+4.161	+1.593	+1.612	+1.594	+3.934	+1.617	+1.611	+1.649	+1.583	-0.135	+1.609	+3.996	+1.607	+1.606	+1.605	+1.605	+4.911	+1.605	+1.605	+1.635	+1.573	+3.934	+4.584	+1.510	+1.501	+1.502	+1.566	+4.893	+1.454	+1.454	+1.454	
rs111849505    -0.500	+0.563	+0.567	-0.492	-0.498	-0.443	-0.443	-0.507	-0.186	-0.401	+0.758	-0.405	+1.345	+0.588	-0.544	-0.528	-0.404	+1.282	-0.380	+1.304	+0.522	+1.284	+1.336	-0.335	-0.635	-0.341	-0.330	+1.488	-0.340	+1.536	+1.423	+0.726	-0.637	+3.927	+0.116	+0.132	+3.932	+0.116	+4.030	+0.060	+0.053	+0.135	+0.277	+0.309	+0.309	+4.460	+4.453	+0.549	+4.731	+0.556	+4.690	+1.198	+1.239	+1.220	+1.286	+0.560	+4.700	+4.520	+1.225	+1.244	+1.318	+4.666	+1.342	+1.282	+4.622	+1.301	+1.429	+1.429	+1.445	+1.429	+1.441	+1.419	+1.441	+4.758	+1.695	+1.444	+4.689	+1.428	+1.414	+4.796	+4.808	+4.737	+4.766	+1.390	+1.348	+4.768	+1.411	+4.783	+1.400	+4.367	+3.364	+4.720	+4.779	-0.153	+4.762	+4.766	+4.680	+4.757	+4.678	+4.754	+1.755	+1.753	+3.334	+3.314	+4.800	+4.767	+3.333	+4.752	+1.737	+4.559	+1.451	+1.448	+3.733	+1.451	+0.639	+4.444	+4.268	+0.523	+0.520	+1.191	+1.190	+1.190	+1.205	+4.325	+4.323	+1.205	+4.374	+3.761	+3.731	+3.703	+1.203	+3.728	+4.731	+4.734	+2.853	+1.181	+3.805	+1.181	+3.750	+1.179	+1.176	+1.176	+4.881	+4.737	+3.781	+4.292	+3.730	+1.157	+3.784	+3.823	+3.845	+3.817	+4.819	+4.841	+4.088	+1.148	+1.168	+1.150	+3.856	+1.175	+1.167	+1.209	+1.138	-0.638	+1.164	+3.915	+1.163	+1.161	+1.161	+1.161	+4.850	+1.161	+1.161	+1.191	+1.128	+3.856	+4.522	+1.063	+1.054	+1.054	+1.121	+4.832	+1.005	+1.005	+1.006	
rs2527336      +0.831	+0.981	+0.983	+0.773	+0.766	+0.877	+0.877	+0.762	+0.906	+0.758	+1.176	+0.905	+2.168	+0.992	+0.832	+0.843	+0.906	+2.119	+0.926	+1.737	+0.959	+2.119	+2.164	+0.963	+0.730	+0.957	+0.966	+2.294	+0.958	+2.336	+2.260	+1.140	+0.962	+4.058	+1.221	+1.233	+4.062	+1.221	+4.150	+1.185	+1.191	+1.247	+1.357	+1.384	+1.384	+4.551	+4.545	+1.011	+4.810	+1.016	+4.772	+2.464	+2.502	+2.484	+2.545	+1.018	+4.781	+4.598	+2.489	+2.506	+2.575	+4.751	+2.599	+2.543	+4.698	+2.560	+2.682	+2.683	+2.697	+2.683	+2.694	+2.673	+2.694	+4.828	+2.916	+2.696	+4.761	+2.682	+2.669	+4.862	+4.835	+4.811	+4.836	+2.654	+2.613	+4.838	+2.673	+4.854	+2.663	+4.459	+3.374	+4.795	+4.850	+0.692	+4.834	+4.838	+4.758	+4.830	+4.756	+4.827	+2.854	+2.853	+3.350	+3.334	+4.883	+4.838	+3.350	+4.824	+2.839	+4.648	+2.714	+2.711	+3.863	+2.713	+1.027	+4.543	+4.368	+1.512	+1.509	+2.469	+2.469	+2.468	+2.486	+4.394	+4.392	+2.487	+4.435	+3.930	+3.901	+3.877	+2.485	+3.903	+4.789	+4.792	+3.351	+2.465	+3.973	+2.464	+3.924	+2.463	+2.460	+2.460	+4.923	+4.793	+3.949	+4.366	+3.903	+2.442	+3.952	+3.990	+4.008	+3.985	+4.872	+4.893	+4.225	+2.434	+2.452	+2.436	+4.021	+2.458	+2.451	+2.485	+2.425	+0.802	+2.449	+4.088	+2.448	+2.446	+2.446	+2.446	+4.903	+2.446	+2.446	+2.474	+2.415	+4.022	+4.595	+2.354	+2.346	+2.346	+2.410	+4.888	+2.299	+2.299	+2.300	
rs8135737      -0.352	+0.701	+0.705	-0.376	-0.386	-0.248	-0.247	-0.395	+0.029	-0.405	+0.905	-0.130	+1.301	+0.715	-0.338	-0.302	-0.216	+1.236	-0.204	+1.019	+0.651	+1.237	+1.296	-0.156	-0.189	-0.159	-0.148	+1.470	-0.166	+1.527	+1.394	+0.874	+0.195	+3.877	+0.080	+0.094	+3.872	+0.080	+3.969	+0.031	+0.023	+0.095	+0.220	+0.249	+0.249	+4.405	+4.403	+0.630	+4.679	+0.637	+4.637	+1.132	+1.169	+1.151	+1.213	+0.640	+4.647	+4.471	+1.157	+1.175	+1.243	+4.614	+1.266	+1.210	+4.572	+1.228	+1.344	+1.345	+1.359	+1.345	+1.356	+1.335	+1.355	+4.706	+1.707	+1.359	+4.638	+1.343	+1.331	+4.744	+4.760	+4.685	+4.715	+1.315	+1.276	+4.717	+1.334	+4.732	+1.323	+4.321	+3.019	+4.669	+4.728	-0.142	+4.711	+4.715	+4.630	+4.706	+4.628	+4.702	+1.752	+1.750	+2.991	+2.973	+4.748	+4.716	+2.990	+4.701	+1.739	+4.510	+1.372	+1.369	+3.695	+1.372	+0.722	+4.397	+4.225	+0.409	+0.406	+1.132	+1.132	+1.132	+1.147	+4.288	+4.286	+1.148	+4.337	+3.730	+3.700	+3.672	+1.146	+3.698	+4.688	+4.690	+3.427	+1.127	+3.774	+1.126	+3.719	+1.125	+1.122	+1.122	+4.834	+4.692	+3.750	+4.257	+3.700	+1.104	+3.753	+3.791	+3.812	+3.784	+4.774	+4.796	+4.051	+1.097	+1.115	+1.098	+3.824	+1.122	+1.114	+1.153	+1.087	-0.356	+1.112	+3.881	+1.110	+1.109	+1.109	+1.109	+4.805	+1.109	+1.108	+1.136	+1.079	+3.824	+4.482	+1.019	+1.011	+1.012	+1.075	+4.788	+0.967	+0.967	+0.967	
rs16987914     +1.246	+2.008	+2.011	+1.391	+1.377	+1.325	+1.325	+1.361	+1.536	+1.345	+2.168	+1.301	+1.593	+1.926	+1.318	+1.390	+1.301	+1.523	+1.285	+2.792	+1.875	+1.522	+1.548	+1.263	+1.487	+1.266	+1.261	+1.646	+1.266	+1.688	+1.575	+2.143	+2.100	+4.333	+1.166	+1.167	+4.316	+1.166	+4.402	+1.166	+1.168	+1.176	+1.199	+1.208	+1.208	+4.821	+4.876	+1.832	+5.135	+1.839	+5.097	+2.091	+2.117	+2.106	+2.154	+1.841	+5.106	+4.941	+2.112	+2.125	+2.178	+5.079	+2.197	+2.154	+5.033	+2.167	+2.251	+2.251	+2.262	+2.251	+2.260	+2.243	+2.259	+5.180	+2.729	+2.262	+5.125	+2.251	+2.241	+5.223	+5.268	+5.174	+5.198	+2.256	+2.222	+5.201	+2.271	+5.214	+2.263	+4.853	+3.680	+5.157	+5.211	+1.296	+5.195	+5.199	+5.122	+5.191	+5.120	+5.188	+2.769	+2.767	+3.655	+3.640	+5.230	+5.202	+3.655	+5.188	+2.765	+5.017	+2.303	+2.300	+4.312	+2.303	+2.015	+4.917	+4.762	+1.254	+1.253	+2.124	+2.124	+2.124	+2.137	+4.867	+4.865	+2.141	+4.918	+4.461	+4.438	+4.414	+2.140	+4.439	+5.234	+5.237	+5.383	+2.126	+4.507	+2.126	+4.459	+2.125	+2.123	+2.123	+5.374	+5.247	+4.489	+4.842	+4.445	+2.109	+4.492	+4.524	+4.544	+4.515	+5.315	+5.335	+4.761	+2.103	+2.117	+2.104	+4.554	+2.125	+2.117	+2.152	+2.096	+1.325	+2.115	+4.610	+2.114	+2.113	+2.113	+2.113	+5.344	+2.113	+2.113	+2.135	+2.091	+4.558	+5.055	+2.048	+2.042	+2.043	+2.095	+5.333	+2.008	+2.009	+2.009	
rs2530677      +0.642	+0.854	+0.857	+0.601	+0.595	+0.689	+0.689	+0.591	+0.705	+0.588	+0.992	+0.715	+1.926	+0.974	+0.652	+0.661	+0.716	+1.879	+0.734	+1.505	+0.909	+1.879	+1.923	+0.769	+0.554	+0.763	+0.772	+2.049	+0.764	+2.090	+2.015	+0.972	+0.806	+3.891	+1.015	+1.027	+3.892	+1.016	+3.983	+0.981	+0.990	+1.041	+1.147	+1.173	+1.173	+4.403	+4.429	+0.857	+4.697	+0.862	+4.657	+2.227	+2.262	+2.246	+2.306	+0.864	+4.667	+4.488	+2.251	+2.268	+2.335	+4.636	+2.357	+2.302	+4.588	+2.320	+2.431	+2.431	+2.446	+2.431	+2.442	+2.422	+2.442	+4.714	+2.657	+2.445	+4.647	+2.430	+2.418	+4.749	+4.819	+4.695	+4.722	+2.406	+2.366	+4.724	+2.425	+4.740	+2.415	+4.347	+3.217	+4.680	+4.736	+0.535	+4.719	+4.724	+4.642	+4.715	+4.640	+4.712	+2.624	+2.623	+3.193	+3.177	+4.762	+4.724	+3.193	+4.710	+2.610	+4.529	+2.465	+2.462	+3.739	+2.465	+0.965	+4.421	+4.250	+1.304	+1.301	+2.226	+2.225	+2.225	+2.243	+4.389	+4.387	+2.244	+4.429	+3.933	+3.903	+3.879	+2.243	+3.905	+4.782	+4.784	+3.405	+2.224	+3.976	+2.223	+3.926	+2.222	+2.220	+2.219	+4.913	+4.784	+3.952	+4.363	+3.906	+2.202	+3.955	+3.993	+4.011	+3.988	+4.865	+4.885	+4.228	+2.194	+2.212	+2.196	+4.024	+2.217	+2.211	+2.244	+2.185	+0.706	+2.209	+4.091	+2.208	+2.206	+2.206	+2.206	+4.895	+2.206	+2.206	+2.233	+2.176	+4.025	+4.588	+2.118	+2.109	+2.110	+2.171	+4.880	+2.063	+2.064	+2.064	
rs78827556     -0.442	+0.633	+0.637	-0.519	-0.528	-0.377	-0.376	-0.536	-0.071	-0.544	+0.832	-0.338	+1.318	+0.652	-0.252	-0.396	-0.337	+1.255	-0.314	+1.037	+0.587	+1.256	+1.314	-0.266	-0.515	-0.272	-0.260	+1.483	-0.272	+1.537	+1.432	+0.801	-0.128	+3.914	+0.050	+0.064	+3.911	+0.050	+4.009	-0.000	-0.007	+0.068	+0.198	+0.228	+0.228	+4.450	+4.436	+0.569	+4.714	+0.576	+4.672	+1.160	+1.198	+1.180	+1.243	+0.579	+4.683	+4.501	+1.186	+1.204	+1.274	+4.649	+1.298	+1.240	+4.603	+1.258	+1.380	+1.380	+1.395	+1.380	+1.392	+1.370	+1.391	+4.739	+1.674	+1.395	+4.669	+1.379	+1.366	+4.776	+4.784	+4.717	+4.747	+1.352	+1.313	+4.749	+1.372	+4.764	+1.361	+4.346	+3.046	+4.701	+4.760	-0.205	+4.743	+4.747	+4.661	+4.738	+4.658	+4.734	+1.720	+1.719	+3.018	+3.000	+4.780	+4.748	+3.017	+4.733	+1.707	+4.539	+1.411	+1.408	+3.713	+1.411	+0.649	+4.424	+4.247	+0.422	+0.420	+1.163	+1.163	+1.163	+1.179	+4.303	+4.301	+1.180	+4.351	+3.742	+3.712	+3.684	+1.178	+3.710	+4.709	+4.712	+3.244	+1.157	+3.786	+1.157	+3.731	+1.156	+1.153	+1.153	+4.857	+4.713	+3.762	+4.270	+3.711	+1.134	+3.765	+3.804	+3.826	+3.797	+4.796	+4.818	+4.067	+1.126	+1.145	+1.128	+3.837	+1.152	+1.144	+1.185	+1.117	-0.481	+1.142	+3.895	+1.140	+1.139	+1.139	+1.139	+4.828	+1.139	+1.138	+1.167	+1.107	+3.837	+4.499	+1.046	+1.037	+1.038	+1.103	+4.810	+0.991	+0.991	+0.992	
rs75006331     -0.426	+0.642	+0.647	-0.501	-0.510	-0.348	-0.348	-0.519	-0.065	-0.528	+0.843	-0.302	+1.390	+0.661	-0.396	-0.249	-0.301	+1.323	-0.272	+1.049	+0.596	+1.324	+1.385	-0.215	-0.497	-0.225	-0.212	+1.563	-0.226	+1.620	+1.503	+0.811	-0.083	+3.924	+0.054	+0.069	+3.921	+0.055	+4.018	+0.005	-0.001	+0.074	+0.205	+0.235	+0.235	+4.459	+4.447	+0.577	+4.725	+0.584	+4.683	+1.160	+1.198	+1.180	+1.244	+0.588	+4.693	+4.512	+1.186	+1.204	+1.274	+4.659	+1.298	+1.241	+4.614	+1.258	+1.379	+1.380	+1.395	+1.380	+1.391	+1.370	+1.390	+4.750	+1.721	+1.394	+4.681	+1.378	+1.365	+4.788	+4.796	+4.728	+4.758	+1.351	+1.311	+4.760	+1.371	+4.776	+1.360	+4.358	+3.048	+4.712	+4.772	-0.223	+4.754	+4.758	+4.672	+4.749	+4.670	+4.746	+1.770	+1.769	+3.020	+3.001	+4.792	+4.759	+3.019	+4.744	+1.756	+4.551	+1.410	+1.407	+3.725	+1.410	+0.657	+4.436	+4.260	+0.436	+0.433	+1.164	+1.164	+1.164	+1.178	+4.316	+4.314	+1.179	+4.365	+3.756	+3.725	+3.697	+1.177	+3.723	+4.722	+4.725	+3.322	+1.157	+3.800	+1.156	+3.745	+1.155	+1.152	+1.152	+4.870	+4.726	+3.775	+4.284	+3.725	+1.133	+3.778	+3.817	+3.839	+3.811	+4.809	+4.831	+4.081	+1.125	+1.144	+1.127	+3.850	+1.151	+1.143	+1.184	+1.116	-0.479	+1.141	+3.909	+1.140	+1.138	+1.138	+1.138	+4.841	+1.138	+1.138	+1.167	+1.107	+3.850	+4.513	+1.045	+1.037	+1.037	+1.102	+4.823	+0.990	+0.991	+0.991	
rs6006225      -0.351	+0.702	+0.706	-0.374	-0.385	-0.247	-0.246	-0.394	+0.030	-0.404	+0.906	-0.216	+1.301	+0.716	-0.337	-0.301	-0.129	+1.235	-0.203	+1.019	+0.652	+1.236	+1.295	-0.156	-0.185	-0.159	-0.148	+1.469	-0.166	+1.525	+1.393	+0.875	+0.198	+3.877	+0.081	+0.095	+3.872	+0.081	+3.969	+0.031	+0.023	+0.096	+0.220	+0.250	+0.250	+4.405	+4.403	+0.631	+4.679	+0.638	+4.637	+1.132	+1.169	+1.152	+1.213	+0.641	+4.647	+4.471	+1.158	+1.175	+1.243	+4.615	+1.266	+1.211	+4.572	+1.228	+1.345	+1.345	+1.360	+1.345	+1.356	+1.335	+1.356	+4.706	+1.707	+1.359	+4.638	+1.344	+1.331	+4.744	+4.760	+4.685	+4.715	+1.315	+1.277	+4.717	+1.334	+4.732	+1.324	+4.321	+3.019	+4.670	+4.728	-0.141	+4.711	+4.715	+4.630	+4.706	+4.628	+4.703	+1.752	+1.751	+2.992	+2.973	+4.748	+4.716	+2.991	+4.701	+1.740	+4.510	+1.373	+1.370	+3.696	+1.372	+0.722	+4.397	+4.225	+0.409	+0.407	+1.133	+1.132	+1.132	+1.148	+4.289	+4.286	+1.149	+4.337	+3.730	+3.700	+3.673	+1.147	+3.698	+4.688	+4.691	+3.429	+1.127	+3.774	+1.127	+3.719	+1.126	+1.123	+1.123	+4.834	+4.693	+3.750	+4.258	+3.700	+1.105	+3.753	+3.791	+3.813	+3.785	+4.774	+4.796	+4.051	+1.097	+1.115	+1.099	+3.824	+1.122	+1.114	+1.154	+1.088	-0.355	+1.112	+3.882	+1.111	+1.110	+1.109	+1.109	+4.805	+1.109	+1.109	+1.137	+1.079	+3.824	+4.482	+1.020	+1.012	+1.012	+1.075	+4.789	+0.967	+0.968	+0.968	
rs2530678      +1.182	+1.959	+1.963	+1.328	+1.313	+1.258	+1.258	+1.298	+1.481	+1.282	+2.119	+1.236	+1.523	+1.879	+1.255	+1.323	+1.235	+1.532	+1.220	+2.726	+1.827	+1.495	+1.531	+1.199	+1.413	+1.202	+1.197	+1.659	+1.202	+1.727	+1.555	+2.095	+2.027	+4.289	+1.111	+1.113	+4.273	+1.111	+4.359	+1.111	+1.114	+1.123	+1.147	+1.157	+1.157	+4.778	+4.830	+1.784	+5.090	+1.790	+5.052	+2.046	+2.072	+2.061	+2.109	+1.793	+5.061	+4.895	+2.067	+2.080	+2.133	+5.034	+2.152	+2.109	+4.987	+2.122	+2.207	+2.207	+2.218	+2.207	+2.215	+2.199	+2.215	+5.134	+2.679	+2.218	+5.079	+2.206	+2.197	+5.177	+5.242	+5.128	+5.152	+2.211	+2.177	+5.155	+2.227	+5.168	+2.218	+4.806	+3.633	+5.111	+5.165	+1.245	+5.149	+5.153	+5.076	+5.145	+5.074	+5.142	+2.719	+2.718	+3.609	+3.593	+5.184	+5.156	+3.608	+5.142	+2.715	+4.971	+2.259	+2.256	+4.262	+2.259	+1.967	+4.870	+4.714	+1.206	+1.205	+2.078	+2.078	+2.078	+2.091	+4.839	+4.837	+2.095	+4.890	+4.431	+4.408	+4.383	+2.094	+4.408	+5.208	+5.211	+5.340	+2.081	+4.477	+2.080	+4.429	+2.079	+2.077	+2.077	+5.349	+5.221	+4.459	+4.813	+4.414	+2.063	+4.461	+4.494	+4.514	+4.485	+5.289	+5.309	+4.731	+2.057	+2.072	+2.058	+4.524	+2.079	+2.071	+2.106	+2.050	+1.277	+2.069	+4.580	+2.068	+2.067	+2.067	+2.067	+5.318	+2.067	+2.067	+2.089	+2.045	+4.527	+5.029	+2.001	+1.995	+1.996	+2.049	+5.307	+1.962	+1.962	+1.962	
rs12166986     -0.332	+0.720	+0.725	-0.350	-0.361	-0.227	-0.226	-0.370	+0.052	-0.380	+0.926	-0.204	+1.285	+0.734	-0.314	-0.272	-0.203	+1.220	-0.104	+1.025	+0.671	+1.221	+1.280	-0.152	-0.132	-0.167	-0.159	+1.451	-0.171	+1.506	+1.379	+0.895	+0.252	+3.882	+0.093	+0.107	+3.877	+0.094	+3.973	+0.044	+0.036	+0.108	+0.232	+0.261	+0.261	+4.409	+4.408	+0.649	+4.684	+0.656	+4.643	+1.145	+1.181	+1.164	+1.225	+0.659	+4.653	+4.478	+1.170	+1.187	+1.255	+4.620	+1.278	+1.223	+4.578	+1.240	+1.356	+1.356	+1.371	+1.356	+1.368	+1.347	+1.367	+4.712	+1.726	+1.370	+4.644	+1.355	+1.342	+4.750	+4.768	+4.691	+4.721	+1.327	+1.289	+4.723	+1.346	+4.738	+1.336	+4.328	+3.026	+4.676	+4.734	-0.121	+4.717	+4.721	+4.636	+4.712	+4.634	+4.708	+1.770	+1.769	+2.999	+2.980	+4.754	+4.722	+2.997	+4.707	+1.756	+4.517	+1.384	+1.381	+3.704	+1.384	+0.742	+4.404	+4.232	+0.414	+0.412	+1.147	+1.147	+1.147	+1.160	+4.297	+4.295	+1.161	+4.346	+3.739	+3.709	+3.682	+1.160	+3.707	+4.696	+4.698	+3.465	+1.140	+3.783	+1.140	+3.728	+1.138	+1.136	+1.136	+4.842	+4.700	+3.759	+4.267	+3.709	+1.118	+3.762	+3.800	+3.822	+3.793	+4.782	+4.803	+4.059	+1.110	+1.128	+1.111	+3.833	+1.135	+1.127	+1.167	+1.101	-0.331	+1.125	+3.890	+1.124	+1.123	+1.122	+1.122	+4.813	+1.122	+1.122	+1.150	+1.092	+3.833	+4.490	+1.033	+1.025	+1.026	+1.088	+4.796	+0.981	+0.981	+0.981	
rs2530679      +0.991	+1.527	+1.530	+1.365	+1.345	+1.012	+1.012	+1.325	+1.273	+1.304	+1.737	+1.019	+2.792	+1.505	+1.037	+1.049	+1.019	+2.726	+1.025	+1.413	+1.462	+2.725	+2.774	+1.038	+0.995	+1.036	+1.039	+2.915	+1.037	+2.958	+2.966	+1.716	+1.479	+3.913	+1.904	+1.923	+3.900	+1.906	+3.989	+1.807	+1.759	+1.881	+2.059	+2.095	+2.095	+4.402	+4.449	+1.605	+4.709	+1.611	+4.673	+2.958	+2.996	+2.979	+3.048	+1.614	+4.682	+4.537	+2.985	+3.004	+3.079	+4.654	+3.104	+3.042	+4.630	+3.060	+3.192	+3.192	+3.209	+3.192	+3.205	+3.182	+3.203	+4.771	+4.090	+3.208	+4.702	+3.191	+3.177	+4.799	+4.871	+4.747	+4.773	+3.159	+3.123	+4.776	+3.179	+4.790	+3.168	+4.417	+3.160	+4.732	+4.786	+1.017	+4.771	+4.775	+4.697	+4.767	+4.695	+4.764	+4.076	+4.074	+3.138	+3.122	+4.809	+4.778	+3.137	+4.765	+4.068	+4.597	+3.221	+3.219	+3.894	+3.221	+1.644	+4.496	+4.351	+2.082	+2.080	+2.952	+2.951	+2.951	+2.974	+4.476	+4.474	+2.973	+4.527	+3.993	+3.969	+3.945	+2.971	+3.972	+4.834	+4.837	+3.346	+2.951	+4.041	+2.950	+3.992	+2.949	+2.946	+2.946	+4.969	+4.841	+4.022	+4.464	+3.979	+2.926	+4.025	+4.057	+4.076	+4.054	+4.915	+4.935	+4.295	+2.918	+2.937	+2.919	+4.087	+2.937	+2.936	+2.997	+2.908	+1.196	+2.934	+4.143	+2.932	+2.931	+2.931	+2.931	+4.944	+2.931	+2.930	+2.962	+2.898	+4.087	+4.645	+2.832	+2.822	+2.821	+2.898	+4.929	+2.770	+2.771	+2.771	
rs2267152      +0.579	+0.816	+0.818	+0.535	+0.529	+0.625	+0.625	+0.525	+0.642	+0.522	+0.959	+0.651	+1.875	+0.909	+0.587	+0.596	+0.652	+1.827	+0.671	+1.462	+0.902	+1.827	+1.871	+0.706	+0.489	+0.700	+0.708	+1.998	+0.701	+2.039	+1.964	+0.938	+0.735	+3.879	+0.955	+0.967	+3.878	+0.956	+3.971	+0.922	+0.929	+0.981	+1.087	+1.113	+1.113	+4.395	+4.413	+0.815	+4.682	+0.820	+4.642	+2.163	+2.199	+2.182	+2.243	+0.822	+4.652	+4.473	+2.187	+2.205	+2.272	+4.621	+2.294	+2.239	+4.573	+2.256	+2.367	+2.368	+2.382	+2.368	+2.379	+2.358	+2.378	+4.701	+2.597	+2.382	+4.633	+2.367	+2.354	+4.736	+4.798	+4.682	+4.709	+2.342	+2.302	+4.711	+2.360	+4.726	+2.350	+4.330	+3.186	+4.666	+4.723	+0.475	+4.706	+4.710	+4.628	+4.701	+4.626	+4.698	+2.565	+2.564	+3.162	+3.145	+4.748	+4.711	+3.161	+4.696	+2.551	+4.513	+2.401	+2.398	+3.720	+2.401	+0.922	+4.405	+4.233	+1.247	+1.244	+2.161	+2.161	+2.161	+2.178	+4.363	+4.362	+2.180	+4.404	+3.901	+3.872	+3.847	+2.178	+3.873	+4.758	+4.760	+3.359	+2.159	+3.944	+2.159	+3.894	+2.157	+2.155	+2.155	+4.891	+4.760	+3.920	+4.337	+3.874	+2.137	+3.923	+3.961	+3.979	+3.956	+4.841	+4.862	+4.198	+2.130	+2.147	+2.131	+3.992	+2.152	+2.146	+2.179	+2.120	+0.638	+2.144	+4.059	+2.143	+2.142	+2.141	+2.141	+4.871	+2.141	+2.141	+2.169	+2.112	+3.993	+4.563	+2.053	+2.044	+2.045	+2.106	+4.856	+1.998	+1.999	+1.999	
rs1008515      +1.183	+1.959	+1.963	+1.329	+1.315	+1.259	+1.259	+1.299	+1.482	+1.284	+2.119	+1.237	+1.522	+1.879	+1.256	+1.324	+1.236	+1.495	+1.221	+2.725	+1.827	+1.535	+1.538	+1.201	+1.416	+1.204	+1.199	+1.677	+1.204	+1.740	+1.557	+2.094	+2.031	+4.288	+1.113	+1.115	+4.271	+1.113	+4.358	+1.113	+1.116	+1.124	+1.148	+1.158	+1.158	+4.777	+4.828	+1.785	+5.088	+1.791	+5.050	+2.046	+2.073	+2.062	+2.109	+1.794	+5.059	+4.894	+2.067	+2.081	+2.134	+5.032	+2.153	+2.110	+4.985	+2.123	+2.207	+2.208	+2.219	+2.208	+2.216	+2.200	+2.216	+5.131	+2.680	+2.218	+5.076	+2.207	+2.197	+5.175	+5.239	+5.125	+5.149	+2.212	+2.177	+5.152	+2.227	+5.165	+2.219	+4.803	+3.631	+5.108	+5.162	+1.245	+5.146	+5.150	+5.073	+5.142	+5.071	+5.139	+2.720	+2.719	+3.606	+3.590	+5.181	+5.153	+3.606	+5.139	+2.717	+4.967	+2.259	+2.257	+4.257	+2.259	+1.966	+4.867	+4.712	+1.207	+1.206	+2.079	+2.079	+2.079	+2.092	+4.836	+4.834	+2.096	+4.886	+4.427	+4.404	+4.380	+2.095	+4.405	+5.204	+5.207	+5.343	+2.081	+4.473	+2.081	+4.425	+2.080	+2.078	+2.078	+5.344	+5.217	+4.455	+4.810	+4.410	+2.064	+4.458	+4.490	+4.511	+4.482	+5.285	+5.305	+4.728	+2.058	+2.072	+2.059	+4.520	+2.080	+2.072	+2.107	+2.051	+1.280	+2.070	+4.576	+2.069	+2.068	+2.068	+2.068	+5.314	+2.068	+2.068	+2.089	+2.046	+4.524	+5.025	+2.002	+1.996	+1.997	+2.050	+5.303	+1.963	+1.963	+1.963	
rs2530680      +1.240	+2.004	+2.008	+1.382	+1.367	+1.320	+1.320	+1.351	+1.531	+1.336	+2.164	+1.296	+1.548	+1.923	+1.314	+1.385	+1.295	+1.531	+1.280	+2.774	+1.871	+1.538	+1.587	+1.258	+1.484	+1.261	+1.256	+1.683	+1.261	+1.739	+1.577	+2.139	+2.102	+4.314	+1.160	+1.162	+4.297	+1.160	+4.384	+1.161	+1.162	+1.170	+1.192	+1.201	+1.201	+4.802	+4.855	+1.827	+5.115	+1.834	+5.076	+2.084	+2.111	+2.100	+2.147	+1.836	+5.086	+4.920	+2.105	+2.118	+2.171	+5.058	+2.190	+2.147	+5.012	+2.160	+2.244	+2.244	+2.255	+2.244	+2.253	+2.236	+2.252	+5.158	+2.719	+2.255	+5.103	+2.244	+2.234	+5.202	+5.268	+5.152	+5.177	+2.249	+2.215	+5.179	+2.265	+5.192	+2.256	+4.832	+3.661	+5.135	+5.189	+1.291	+5.173	+5.177	+5.100	+5.169	+5.098	+5.166	+2.759	+2.758	+3.637	+3.621	+5.208	+5.180	+3.637	+5.166	+2.756	+4.995	+2.296	+2.294	+4.289	+2.296	+2.011	+4.895	+4.740	+1.246	+1.245	+2.117	+2.117	+2.117	+2.130	+4.866	+4.864	+2.134	+4.917	+4.461	+4.438	+4.413	+2.133	+4.438	+5.234	+5.236	+5.407	+2.120	+4.507	+2.119	+4.459	+2.118	+2.116	+2.116	+5.374	+5.246	+4.489	+4.840	+4.444	+2.102	+4.491	+4.524	+4.544	+4.515	+5.314	+5.334	+4.761	+2.096	+2.111	+2.097	+4.554	+2.118	+2.110	+2.145	+2.090	+1.330	+2.109	+4.610	+2.107	+2.107	+2.106	+2.106	+5.344	+2.106	+2.106	+2.128	+2.084	+4.557	+5.055	+2.041	+2.035	+2.036	+2.088	+5.333	+2.002	+2.002	+2.002	
rs17462054     -0.294	+0.756	+0.760	-0.305	-0.315	-0.170	-0.168	-0.325	+0.094	-0.335	+0.963	-0.156	+1.263	+0.769	-0.266	-0.215	-0.156	+1.199	-0.152	+1.038	+0.706	+1.201	+1.258	-0.056	+0.018	-0.145	-0.140	+1.427	-0.148	+1.481	+1.361	+0.932	+0.353	+3.892	+0.119	+0.132	+3.886	+0.119	+3.983	+0.070	+0.061	+0.133	+0.255	+0.284	+0.284	+4.417	+4.420	+0.682	+4.695	+0.689	+4.654	+1.167	+1.204	+1.187	+1.248	+0.692	+4.664	+4.490	+1.192	+1.210	+1.277	+4.631	+1.300	+1.245	+4.591	+1.262	+1.377	+1.378	+1.392	+1.378	+1.389	+1.368	+1.388	+4.723	+1.755	+1.391	+4.656	+1.376	+1.364	+4.762	+4.782	+4.703	+4.732	+1.350	+1.312	+4.734	+1.369	+4.750	+1.358	+4.341	+3.040	+4.687	+4.746	-0.082	+4.729	+4.733	+4.648	+4.724	+4.646	+4.720	+1.799	+1.797	+3.013	+2.995	+4.766	+4.734	+3.012	+4.719	+1.785	+4.529	+1.406	+1.403	+3.719	+1.406	+0.778	+4.417	+4.247	+0.425	+0.423	+1.171	+1.170	+1.170	+1.184	+4.314	+4.312	+1.185	+4.362	+3.755	+3.725	+3.698	+1.183	+3.724	+4.710	+4.713	+3.529	+1.164	+3.799	+1.164	+3.745	+1.162	+1.160	+1.160	+4.857	+4.715	+3.775	+4.284	+3.726	+1.142	+3.778	+3.816	+3.838	+3.810	+4.796	+4.818	+4.075	+1.134	+1.152	+1.135	+3.849	+1.159	+1.151	+1.190	+1.125	-0.285	+1.149	+3.906	+1.148	+1.147	+1.146	+1.146	+4.827	+1.146	+1.146	+1.174	+1.116	+3.849	+4.506	+1.058	+1.050	+1.050	+1.113	+4.811	+1.006	+1.006	+1.006	
rs73390944     -0.466	+0.533	+0.537	-0.607	-0.617	-0.304	-0.302	-0.626	-0.181	-0.635	+0.730	-0.189	+1.487	+0.554	-0.515	-0.497	-0.185	+1.413	-0.132	+0.995	+0.489	+1.416	+1.484	+0.018	-0.370	+0.017	+0.050	+1.682	+0.004	+1.746	+1.570	+0.698	-0.308	+3.862	-0.017	-0.002	+3.860	-0.017	+3.958	-0.067	-0.072	+0.003	+0.135	+0.166	+0.166	+4.400	+4.383	+0.472	+4.662	+0.479	+4.620	+1.045	+1.084	+1.066	+1.130	+0.483	+4.630	+4.446	+1.071	+1.090	+1.160	+4.596	+1.184	+1.126	+4.549	+1.144	+1.269	+1.269	+1.285	+1.269	+1.281	+1.259	+1.280	+4.687	+1.578	+1.284	+4.616	+1.268	+1.254	+4.723	+4.727	+4.664	+4.694	+1.230	+1.189	+4.696	+1.250	+4.711	+1.239	+4.291	+2.982	+4.648	+4.707	-0.334	+4.690	+4.694	+4.607	+4.685	+4.605	+4.681	+1.623	+1.621	+2.954	+2.935	+4.727	+4.695	+2.953	+4.679	+1.608	+4.486	+1.290	+1.287	+3.656	+1.290	+0.544	+4.370	+4.191	+0.408	+0.406	+1.040	+1.040	+1.040	+1.054	+4.243	+4.241	+1.055	+4.292	+3.684	+3.653	+3.625	+1.053	+3.651	+4.651	+4.654	+3.139	+1.032	+3.728	+1.032	+3.673	+1.030	+1.028	+1.028	+4.799	+4.655	+3.703	+4.210	+3.653	+1.008	+3.706	+3.746	+3.767	+3.739	+4.739	+4.761	+4.010	+1.000	+1.019	+1.002	+3.779	+1.026	+1.019	+1.059	+0.991	-0.586	+1.016	+3.837	+1.015	+1.014	+1.013	+1.013	+4.770	+1.013	+1.013	+1.042	+0.981	+3.778	+4.441	+0.919	+0.911	+0.911	+0.976	+4.752	+0.864	+0.865	+0.865	
rs5997506      -0.299	+0.750	+0.755	-0.311	-0.321	-0.175	-0.173	-0.331	+0.088	-0.341	+0.957	-0.159	+1.266	+0.763	-0.272	-0.225	-0.159	+1.202	-0.167	+1.036	+0.700	+1.204	+1.261	-0.145	+0.017	-0.063	-0.137	+1.431	-0.146	+1.486	+1.365	+0.926	+0.337	+3.890	+0.115	+0.129	+3.884	+0.115	+3.980	+0.066	+0.057	+0.129	+0.252	+0.281	+0.281	+4.415	+4.417	+0.677	+4.692	+0.684	+4.651	+1.164	+1.200	+1.183	+1.244	+0.687	+4.661	+4.487	+1.189	+1.206	+1.273	+4.629	+1.296	+1.241	+4.588	+1.258	+1.374	+1.374	+1.388	+1.374	+1.385	+1.364	+1.384	+4.721	+1.747	+1.388	+4.653	+1.373	+1.360	+4.759	+4.779	+4.701	+4.730	+1.346	+1.308	+4.732	+1.365	+4.747	+1.354	+4.339	+3.039	+4.685	+4.743	-0.088	+4.726	+4.730	+4.645	+4.721	+4.643	+4.718	+1.792	+1.791	+3.012	+2.993	+4.763	+4.731	+3.011	+4.716	+1.780	+4.527	+1.403	+1.400	+3.716	+1.402	+0.773	+4.414	+4.244	+0.423	+0.421	+1.165	+1.165	+1.164	+1.180	+4.311	+4.309	+1.181	+4.359	+3.752	+3.722	+3.695	+1.179	+3.720	+4.707	+4.710	+3.518	+1.160	+3.796	+1.160	+3.741	+1.158	+1.156	+1.156	+4.853	+4.712	+3.772	+4.280	+3.723	+1.138	+3.775	+3.813	+3.834	+3.806	+4.793	+4.815	+4.071	+1.130	+1.148	+1.131	+3.845	+1.155	+1.147	+1.186	+1.121	-0.291	+1.145	+3.903	+1.144	+1.142	+1.142	+1.142	+4.824	+1.142	+1.142	+1.170	+1.112	+3.846	+4.503	+1.054	+1.046	+1.046	+1.109	+4.808	+1.001	+1.002	+1.002	
rs11090576     -0.290	+0.759	+0.763	-0.300	-0.310	-0.162	-0.160	-0.320	+0.098	-0.330	+0.966	-0.148	+1.261	+0.772	-0.260	-0.212	-0.148	+1.197	-0.159	+1.039	+0.708	+1.199	+1.256	-0.140	+0.050	-0.137	-0.051	+1.426	-0.140	+1.480	+1.360	+0.935	+0.362	+3.893	+0.122	+0.135	+3.887	+0.122	+3.983	+0.072	+0.064	+0.135	+0.258	+0.287	+0.287	+4.418	+4.420	+0.685	+4.695	+0.692	+4.654	+1.170	+1.206	+1.189	+1.250	+0.695	+4.664	+4.491	+1.195	+1.212	+1.279	+4.632	+1.302	+1.247	+4.591	+1.264	+1.379	+1.380	+1.394	+1.379	+1.391	+1.370	+1.390	+4.724	+1.754	+1.393	+4.656	+1.378	+1.366	+4.762	+4.783	+4.704	+4.733	+1.352	+1.314	+4.735	+1.371	+4.750	+1.360	+4.342	+3.043	+4.688	+4.746	-0.078	+4.729	+4.733	+4.649	+4.724	+4.646	+4.721	+1.799	+1.798	+3.016	+2.997	+4.766	+4.735	+3.015	+4.719	+1.788	+4.530	+1.408	+1.405	+3.720	+1.408	+0.781	+4.417	+4.247	+0.426	+0.424	+1.171	+1.171	+1.171	+1.186	+4.315	+4.313	+1.187	+4.363	+3.756	+3.726	+3.699	+1.186	+3.725	+4.711	+4.714	+3.533	+1.166	+3.800	+1.166	+3.746	+1.164	+1.162	+1.162	+4.857	+4.716	+3.776	+4.285	+3.727	+1.144	+3.779	+3.817	+3.839	+3.810	+4.797	+4.819	+4.075	+1.136	+1.154	+1.138	+3.850	+1.161	+1.153	+1.193	+1.127	-0.281	+1.151	+3.907	+1.150	+1.149	+1.148	+1.148	+4.828	+1.148	+1.148	+1.176	+1.119	+3.850	+4.507	+1.060	+1.052	+1.053	+1.115	+4.812	+1.008	+1.008	+1.008	
rs2527340      +1.407	+2.135	+2.139	+1.535	+1.520	+1.497	+1.497	+1.504	+1.671	+1.488	+2.294	+1.470	+1.646	+2.049	+1.483	+1.563	+1.469	+1.659	+1.451	+2.915	+1.998	+1.677	+1.683	+1.427	+1.682	+1.431	+1.426	+1.740	+1.431	+1.752	+1.650	+2.268	+2.308	+4.394	+1.302	+1.302	+4.377	+1.302	+4.462	+1.305	+1.303	+1.309	+1.324	+1.331	+1.331	+4.879	+4.936	+1.951	+5.194	+1.958	+5.157	+2.195	+2.221	+2.210	+2.257	+1.960	+5.166	+5.002	+2.216	+2.229	+2.280	+5.139	+2.299	+2.257	+5.093	+2.270	+2.352	+2.352	+2.363	+2.352	+2.360	+2.345	+2.360	+5.239	+2.833	+2.363	+5.185	+2.352	+2.342	+5.283	+5.353	+5.234	+5.258	+2.359	+2.325	+5.261	+2.374	+5.274	+2.366	+4.917	+3.753	+5.217	+5.271	+1.426	+5.255	+5.259	+5.182	+5.251	+5.180	+5.248	+2.873	+2.872	+3.729	+3.714	+5.289	+5.262	+3.729	+5.248	+2.870	+5.078	+2.405	+2.403	+4.379	+2.406	+2.139	+4.979	+4.826	+1.364	+1.363	+2.229	+2.230	+2.230	+2.243	+4.956	+4.955	+2.247	+5.007	+4.558	+4.536	+4.512	+2.246	+4.537	+5.321	+5.324	+5.591	+2.232	+4.605	+2.232	+4.557	+2.231	+2.229	+2.229	+5.461	+5.335	+4.587	+4.931	+4.543	+2.215	+4.590	+4.622	+4.642	+4.613	+5.401	+5.421	+4.857	+2.210	+2.224	+2.211	+4.652	+2.231	+2.223	+2.257	+2.203	+1.480	+2.221	+4.707	+2.220	+2.220	+2.219	+2.219	+5.431	+2.219	+2.219	+2.240	+2.198	+4.655	+5.144	+2.155	+2.149	+2.150	+2.202	+5.420	+2.117	+2.117	+2.117	
rs1970776      -0.299	+0.751	+0.756	-0.310	-0.320	-0.181	-0.179	-0.330	+0.089	-0.340	+0.958	-0.166	+1.266	+0.764	-0.272	-0.226	-0.166	+1.202	-0.171	+1.037	+0.701	+1.204	+1.261	-0.148	+0.004	-0.146	-0.140	+1.431	-0.062	+1.486	+1.365	+0.927	+0.348	+3.891	+0.115	+0.129	+3.886	+0.116	+3.982	+0.066	+0.058	+0.130	+0.252	+0.281	+0.281	+4.417	+4.419	+0.678	+4.694	+0.685	+4.653	+1.168	+1.204	+1.187	+1.248	+0.688	+4.663	+4.489	+1.193	+1.210	+1.277	+4.630	+1.300	+1.245	+4.590	+1.262	+1.378	+1.378	+1.392	+1.378	+1.389	+1.368	+1.388	+4.722	+1.752	+1.392	+4.655	+1.377	+1.364	+4.761	+4.781	+4.702	+4.731	+1.350	+1.312	+4.733	+1.369	+4.749	+1.358	+4.340	+3.040	+4.686	+4.745	-0.087	+4.728	+4.732	+4.647	+4.723	+4.645	+4.719	+1.797	+1.795	+3.013	+2.995	+4.765	+4.733	+3.012	+4.718	+1.785	+4.528	+1.407	+1.404	+3.717	+1.407	+0.774	+4.416	+4.245	+0.424	+0.422	+1.169	+1.169	+1.169	+1.184	+4.312	+4.310	+1.185	+4.361	+3.753	+3.724	+3.696	+1.184	+3.722	+4.709	+4.712	+3.527	+1.164	+3.797	+1.164	+3.743	+1.162	+1.160	+1.160	+4.855	+4.714	+3.773	+4.282	+3.724	+1.142	+3.776	+3.814	+3.836	+3.808	+4.795	+4.816	+4.073	+1.134	+1.152	+1.136	+3.847	+1.159	+1.151	+1.191	+1.125	-0.291	+1.149	+3.904	+1.148	+1.147	+1.146	+1.146	+4.826	+1.146	+1.146	+1.174	+1.116	+3.847	+4.504	+1.058	+1.050	+1.050	+1.113	+4.809	+1.006	+1.006	+1.006	
rs2857629      +1.460	+2.177	+2.181	+1.584	+1.568	+1.555	+1.555	+1.552	+1.716	+1.536	+2.336	+1.527	+1.688	+2.090	+1.537	+1.620	+1.525	+1.727	+1.506	+2.958	+2.039	+1.740	+1.739	+1.481	+1.746	+1.486	+1.480	+1.752	+1.486	+1.788	+1.678	+2.310	+2.372	+4.418	+1.348	+1.348	+4.400	+1.348	+4.486	+1.352	+1.348	+1.354	+1.367	+1.373	+1.373	+4.902	+4.960	+1.991	+5.218	+1.997	+5.180	+2.231	+2.257	+2.246	+2.292	+2.000	+5.189	+5.027	+2.252	+2.264	+2.316	+5.163	+2.335	+2.293	+5.117	+2.305	+2.387	+2.387	+2.398	+2.387	+2.395	+2.380	+2.395	+5.263	+2.869	+2.398	+5.210	+2.387	+2.377	+5.307	+5.378	+5.259	+5.283	+2.394	+2.361	+5.286	+2.410	+5.299	+2.401	+4.942	+3.782	+5.242	+5.295	+1.470	+5.280	+5.284	+5.207	+5.276	+5.205	+5.272	+2.909	+2.908	+3.758	+3.743	+5.314	+5.287	+3.758	+5.273	+2.906	+5.104	+2.441	+2.438	+4.406	+2.441	+2.181	+5.005	+4.852	+1.403	+1.402	+2.266	+2.266	+2.266	+2.279	+4.983	+4.982	+2.283	+5.034	+4.587	+4.565	+4.541	+2.282	+4.566	+5.347	+5.350	+5.642	+2.269	+4.634	+2.269	+4.586	+2.268	+2.266	+2.266	+5.487	+5.361	+4.616	+4.958	+4.572	+2.252	+4.619	+4.650	+4.671	+4.641	+5.427	+5.447	+4.886	+2.246	+2.260	+2.247	+4.681	+2.268	+2.259	+2.294	+2.239	+1.527	+2.258	+4.736	+2.257	+2.256	+2.256	+2.256	+5.456	+2.256	+2.256	+2.277	+2.235	+4.684	+5.171	+2.192	+2.186	+2.187	+2.238	+5.446	+2.154	+2.154	+2.154	
