## Summary of overall evidence for association with region:
## log10(BF for region) = 4.2726
## p-value for region = NA

## BFs for choosing among multi-SNP models:
## log10(average 1-SNP BF) = 4.30303
## log10(average 2-SNP BF) = 4.20448

## Example posterior probabilities for multi-SNP models, based on default prior: [p(l) propto 0.5^l for l=1,2,...,L]
## posterior probability of 1-SNP = 0.715058
## posterior probability of 2-SNP = 0.284942

## log10(BF) for single SNP and pair of SNPs:
rs12035499     -0.259	-0.379	-0.382	-0.381	-0.381	-0.383	-0.347	-0.389	-0.384	-0.434	-0.502	-0.693	-0.762	-0.760	-0.762	-0.762	-0.763	-0.763	-0.762	-0.501	-0.584	-0.577	-0.371	-0.690	-0.475	-0.345	-0.583	-0.277	-0.267	-0.264	-0.275	-0.232	-0.277	-0.261	-0.266	-0.245	-0.248	-0.715	-0.716	-0.716	-0.731	-0.737	-0.712	-0.712	-0.736	-0.601	-0.606	-0.741	-0.599	-0.586	-0.576	-0.707	+0.654	+0.565	-0.748	+5.171	+5.093	-0.764	+5.021	+5.109	+5.032	-0.750	-0.761	-0.750	+5.205	-0.765	-0.766	-0.772	+0.620	+5.514	+5.309	+5.299	+5.515	-0.775	-0.775	-0.775	+5.054	-0.464	+0.540	+0.557	-0.749	+3.661	+0.479	-0.689	+0.127	+0.388	-0.705	-0.701	-0.693	+2.693	-0.749	+0.562	-0.687	+0.664	-0.761	-0.530	-0.525	+0.520	-0.727	-0.727	+0.516	-0.768	+3.510	+0.672	+0.687	+0.613	+0.555	-0.758	+0.549	+0.520	+3.406	-0.337	+0.356	+0.355	+0.339	+0.336	+0.332	+0.333	-0.675	-0.760	+0.335	+0.328	+0.320	+0.319	+0.310	-0.673	-0.674	-0.648	-0.763	-0.764	-0.644	-0.649	+0.442	-0.647	+2.623	+0.376	+2.766	+0.386	-0.643	-0.642	-0.642	-0.643	-0.635	+2.631	+0.329	-0.750	-0.625	-0.756	-0.744	-0.624	-0.378	-0.773	+0.081	-0.000	+2.700	+0.012	+2.658	-0.771	-0.396	-0.777	-0.770	-0.009	-0.010	-0.051	+2.487	-0.670	-0.003	+3.094	-0.672	-0.442	-0.284	+0.151	+0.155	+3.261	-0.390	+0.206	-0.765	+0.186	+0.190	+0.213	+0.434	+0.447	+0.449	+0.453	+0.440	
rs6698453      -0.379	-0.256	-0.366	-0.362	-0.363	-0.366	-0.293	-0.373	-0.373	-0.427	-0.494	-0.690	-0.759	-0.757	-0.759	-0.759	-0.760	-0.760	-0.759	-0.499	-0.581	-0.574	-0.370	-0.688	-0.474	-0.343	-0.580	-0.274	-0.265	-0.262	-0.273	-0.230	-0.275	-0.259	-0.263	-0.242	-0.245	-0.712	-0.713	-0.714	-0.729	-0.734	-0.709	-0.709	-0.734	-0.598	-0.603	-0.738	-0.596	-0.584	-0.574	-0.704	+0.658	+0.569	-0.746	+5.178	+5.100	-0.761	+5.028	+5.116	+5.039	-0.748	-0.759	-0.748	+5.212	-0.762	-0.764	-0.769	+0.623	+5.521	+5.316	+5.306	+5.521	-0.773	-0.773	-0.773	+5.059	-0.461	+0.543	+0.560	-0.747	+3.667	+0.482	-0.686	+0.130	+0.391	-0.703	-0.699	-0.690	+2.698	-0.746	+0.565	-0.684	+0.667	-0.759	-0.528	-0.522	+0.523	-0.724	-0.724	+0.520	-0.765	+3.516	+0.676	+0.691	+0.616	+0.558	-0.755	+0.552	+0.523	+3.411	-0.335	+0.359	+0.359	+0.342	+0.340	+0.336	+0.336	-0.672	-0.758	+0.338	+0.331	+0.324	+0.323	+0.313	-0.671	-0.671	-0.645	-0.760	-0.762	-0.641	-0.646	+0.446	-0.644	+2.627	+0.379	+2.769	+0.389	-0.640	-0.640	-0.640	-0.640	-0.632	+2.635	+0.332	-0.747	-0.622	-0.754	-0.741	-0.621	-0.375	-0.770	+0.084	+0.003	+2.703	+0.015	+2.661	-0.768	-0.393	-0.774	-0.767	-0.006	-0.007	-0.049	+2.490	-0.667	-0.001	+3.098	-0.669	-0.439	-0.282	+0.154	+0.157	+3.265	-0.387	+0.209	-0.762	+0.188	+0.192	+0.216	+0.437	+0.450	+0.452	+0.456	+0.443	
rs12043326     -0.382	-0.366	-0.256	-0.366	-0.367	-0.370	-0.308	-0.377	-0.375	-0.427	-0.494	-0.690	-0.759	-0.757	-0.759	-0.759	-0.760	-0.760	-0.759	-0.499	-0.581	-0.574	-0.371	-0.688	-0.474	-0.343	-0.580	-0.274	-0.265	-0.262	-0.273	-0.230	-0.275	-0.259	-0.263	-0.243	-0.246	-0.712	-0.713	-0.714	-0.729	-0.734	-0.709	-0.709	-0.734	-0.598	-0.603	-0.738	-0.596	-0.583	-0.574	-0.704	+0.658	+0.569	-0.746	+5.178	+5.100	-0.761	+5.028	+5.116	+5.039	-0.748	-0.759	-0.748	+5.212	-0.762	-0.764	-0.769	+0.623	+5.521	+5.316	+5.306	+5.521	-0.773	-0.773	-0.773	+5.058	-0.461	+0.543	+0.559	-0.747	+3.667	+0.482	-0.686	+0.130	+0.391	-0.702	-0.699	-0.690	+2.698	-0.746	+0.564	-0.684	+0.667	-0.759	-0.528	-0.522	+0.523	-0.724	-0.724	+0.520	-0.765	+3.516	+0.675	+0.691	+0.616	+0.558	-0.755	+0.552	+0.523	+3.411	-0.334	+0.359	+0.359	+0.342	+0.340	+0.336	+0.336	-0.672	-0.758	+0.338	+0.331	+0.323	+0.322	+0.313	-0.671	-0.671	-0.645	-0.760	-0.762	-0.641	-0.646	+0.446	-0.644	+2.627	+0.379	+2.769	+0.389	-0.640	-0.640	-0.640	-0.640	-0.632	+2.634	+0.332	-0.747	-0.622	-0.754	-0.741	-0.621	-0.375	-0.770	+0.084	+0.002	+2.703	+0.015	+2.661	-0.768	-0.393	-0.774	-0.767	-0.006	-0.007	-0.049	+2.490	-0.667	-0.001	+3.098	-0.669	-0.440	-0.282	+0.154	+0.157	+3.265	-0.387	+0.208	-0.762	+0.188	+0.192	+0.216	+0.437	+0.450	+0.451	+0.456	+0.442	
rs10915672     -0.381	-0.362	-0.366	-0.258	-0.363	-0.366	-0.297	-0.374	-0.373	-0.427	-0.495	-0.691	-0.760	-0.758	-0.760	-0.760	-0.761	-0.761	-0.760	-0.500	-0.582	-0.575	-0.371	-0.689	-0.475	-0.344	-0.581	-0.276	-0.266	-0.263	-0.274	-0.231	-0.276	-0.260	-0.264	-0.244	-0.247	-0.713	-0.714	-0.715	-0.730	-0.736	-0.710	-0.711	-0.735	-0.599	-0.605	-0.739	-0.597	-0.585	-0.575	-0.705	+0.657	+0.568	-0.747	+5.176	+5.098	-0.762	+5.026	+5.114	+5.037	-0.749	-0.760	-0.749	+5.210	-0.763	-0.765	-0.770	+0.622	+5.519	+5.314	+5.304	+5.520	-0.774	-0.774	-0.774	+5.057	-0.462	+0.542	+0.558	-0.748	+3.665	+0.481	-0.688	+0.129	+0.390	-0.704	-0.700	-0.691	+2.696	-0.747	+0.564	-0.685	+0.666	-0.760	-0.529	-0.523	+0.522	-0.725	-0.726	+0.519	-0.766	+3.514	+0.674	+0.690	+0.615	+0.557	-0.757	+0.551	+0.522	+3.410	-0.336	+0.358	+0.358	+0.341	+0.339	+0.335	+0.335	-0.674	-0.759	+0.337	+0.330	+0.322	+0.321	+0.312	-0.672	-0.672	-0.646	-0.762	-0.763	-0.642	-0.647	+0.445	-0.646	+2.626	+0.378	+2.768	+0.388	-0.642	-0.641	-0.641	-0.641	-0.633	+2.633	+0.331	-0.748	-0.624	-0.755	-0.743	-0.622	-0.377	-0.771	+0.082	+0.001	+2.702	+0.013	+2.660	-0.769	-0.394	-0.776	-0.768	-0.007	-0.008	-0.050	+2.489	-0.668	-0.002	+3.096	-0.671	-0.441	-0.283	+0.153	+0.156	+3.264	-0.388	+0.207	-0.764	+0.187	+0.191	+0.215	+0.436	+0.449	+0.450	+0.455	+0.442	
rs6702564      -0.381	-0.363	-0.367	-0.363	-0.259	-0.367	-0.300	-0.375	-0.373	-0.428	-0.497	-0.693	-0.762	-0.760	-0.762	-0.762	-0.762	-0.762	-0.762	-0.501	-0.583	-0.576	-0.371	-0.690	-0.476	-0.345	-0.583	-0.277	-0.267	-0.264	-0.275	-0.232	-0.277	-0.261	-0.265	-0.245	-0.248	-0.714	-0.715	-0.716	-0.731	-0.737	-0.711	-0.712	-0.736	-0.600	-0.606	-0.741	-0.598	-0.586	-0.576	-0.707	+0.655	+0.566	-0.748	+5.174	+5.097	-0.763	+5.024	+5.113	+5.036	-0.750	-0.761	-0.750	+5.209	-0.765	-0.766	-0.771	+0.621	+5.517	+5.312	+5.303	+5.518	-0.775	-0.775	-0.775	+5.055	-0.464	+0.540	+0.557	-0.749	+3.663	+0.480	-0.689	+0.128	+0.388	-0.705	-0.701	-0.693	+2.695	-0.748	+0.562	-0.686	+0.665	-0.761	-0.530	-0.525	+0.520	-0.727	-0.727	+0.518	-0.768	+3.512	+0.673	+0.688	+0.614	+0.556	-0.758	+0.549	+0.521	+3.408	-0.337	+0.357	+0.357	+0.340	+0.338	+0.333	+0.334	-0.675	-0.760	+0.336	+0.329	+0.321	+0.320	+0.311	-0.673	-0.673	-0.648	-0.763	-0.764	-0.644	-0.648	+0.443	-0.647	+2.624	+0.377	+2.766	+0.387	-0.643	-0.642	-0.642	-0.642	-0.634	+2.631	+0.329	-0.750	-0.625	-0.756	-0.744	-0.624	-0.378	-0.773	+0.081	+0.000	+2.700	+0.012	+2.658	-0.771	-0.396	-0.777	-0.769	-0.009	-0.009	-0.051	+2.487	-0.669	-0.003	+3.095	-0.672	-0.442	-0.284	+0.152	+0.155	+3.262	-0.389	+0.206	-0.765	+0.186	+0.190	+0.213	+0.434	+0.448	+0.449	+0.453	+0.440	
rs1535733      -0.383	-0.366	-0.370	-0.366	-0.367	-0.262	-0.308	-0.376	-0.373	-0.430	-0.500	-0.696	-0.765	-0.762	-0.765	-0.765	-0.765	-0.765	-0.764	-0.502	-0.585	-0.578	-0.372	-0.693	-0.477	-0.348	-0.586	-0.280	-0.270	-0.267	-0.278	-0.235	-0.280	-0.264	-0.268	-0.248	-0.251	-0.717	-0.718	-0.719	-0.734	-0.740	-0.714	-0.715	-0.739	-0.603	-0.609	-0.744	-0.601	-0.589	-0.579	-0.710	+0.652	+0.563	-0.751	+5.171	+5.093	-0.766	+5.021	+5.109	+5.032	-0.753	-0.764	-0.753	+5.205	-0.768	-0.769	-0.774	+0.618	+5.514	+5.309	+5.299	+5.515	-0.778	-0.778	-0.778	+5.052	-0.467	+0.537	+0.554	-0.752	+3.660	+0.477	-0.692	+0.125	+0.386	-0.708	-0.704	-0.696	+2.691	-0.751	+0.560	-0.689	+0.662	-0.764	-0.533	-0.528	+0.518	-0.730	-0.730	+0.515	-0.771	+3.509	+0.670	+0.686	+0.611	+0.553	-0.761	+0.547	+0.518	+3.404	-0.340	+0.354	+0.354	+0.337	+0.335	+0.331	+0.331	-0.678	-0.763	+0.333	+0.326	+0.318	+0.317	+0.308	-0.676	-0.676	-0.651	-0.766	-0.767	-0.647	-0.651	+0.441	-0.650	+2.620	+0.374	+2.762	+0.384	-0.646	-0.645	-0.645	-0.645	-0.637	+2.627	+0.326	-0.753	-0.628	-0.759	-0.747	-0.627	-0.381	-0.776	+0.078	-0.003	+2.696	+0.009	+2.654	-0.774	-0.399	-0.780	-0.772	-0.012	-0.012	-0.054	+2.483	-0.672	-0.006	+3.091	-0.675	-0.445	-0.287	+0.149	+0.152	+3.258	-0.393	+0.203	-0.768	+0.183	+0.187	+0.210	+0.431	+0.445	+0.446	+0.450	+0.437	
rs6666792      -0.347	-0.293	-0.308	-0.297	-0.300	-0.308	-0.395	-0.341	-0.310	-0.466	-0.649	-0.819	-0.887	-0.881	-0.886	-0.886	-0.888	-0.887	-0.884	-0.552	-0.668	-0.657	-0.406	-0.818	-0.529	-0.470	-0.710	-0.402	-0.392	-0.389	-0.401	-0.358	-0.402	-0.387	-0.391	-0.370	-0.374	-0.839	-0.840	-0.841	-0.857	-0.863	-0.836	-0.837	-0.864	-0.725	-0.730	-0.868	-0.723	-0.711	-0.701	-0.835	+0.513	+0.426	-0.875	+4.983	+4.905	-0.890	+4.833	+4.921	+4.844	-0.877	-0.887	-0.877	+5.016	-0.891	-0.892	-0.898	+0.489	+5.322	+5.119	+5.108	+5.322	-0.902	-0.902	-0.902	+4.866	-0.589	+0.408	+0.425	-0.879	+3.473	+0.348	-0.816	-0.002	+0.257	-0.835	-0.831	-0.820	+2.516	-0.876	+0.430	-0.814	+0.531	-0.888	-0.658	-0.653	+0.388	-0.856	-0.857	+0.382	-0.896	+3.324	+0.539	+0.555	+0.490	+0.424	-0.887	+0.418	+0.390	+3.220	-0.469	+0.225	+0.224	+0.208	+0.205	+0.202	+0.202	-0.802	-0.889	+0.204	+0.197	+0.189	+0.188	+0.179	-0.800	-0.801	-0.775	-0.892	-0.893	-0.772	-0.776	+0.312	-0.775	+2.443	+0.246	+2.584	+0.256	-0.771	-0.770	-0.770	-0.771	-0.763	+2.451	+0.198	-0.879	-0.754	-0.886	-0.874	-0.753	-0.509	-0.900	-0.050	-0.130	+2.519	-0.118	+2.477	-0.898	-0.527	-0.904	-0.895	-0.139	-0.140	-0.181	+2.305	-0.796	-0.135	+2.905	-0.799	-0.571	-0.414	+0.020	+0.024	+3.073	-0.521	+0.075	-0.890	+0.054	+0.058	+0.082	+0.302	+0.315	+0.316	+0.321	+0.308	
rs10915675     -0.389	-0.373	-0.377	-0.374	-0.375	-0.376	-0.341	-0.270	-0.375	-0.435	-0.510	-0.703	-0.772	-0.769	-0.772	-0.772	-0.772	-0.772	-0.771	-0.506	-0.591	-0.583	-0.375	-0.700	-0.481	-0.355	-0.593	-0.287	-0.277	-0.275	-0.286	-0.242	-0.287	-0.272	-0.276	-0.255	-0.258	-0.724	-0.725	-0.726	-0.741	-0.747	-0.721	-0.722	-0.746	-0.610	-0.616	-0.751	-0.608	-0.596	-0.586	-0.717	+0.644	+0.556	-0.758	+5.160	+5.082	-0.774	+5.010	+5.098	+5.021	-0.760	-0.771	-0.760	+5.194	-0.775	-0.776	-0.782	+0.611	+5.503	+5.298	+5.288	+5.504	-0.785	-0.785	-0.785	+5.041	-0.474	+0.530	+0.547	-0.760	+3.649	+0.470	-0.699	+0.118	+0.379	-0.716	-0.712	-0.703	+2.681	-0.759	+0.552	-0.696	+0.655	-0.771	-0.540	-0.535	+0.511	-0.737	-0.737	+0.508	-0.778	+3.498	+0.663	+0.679	+0.604	+0.546	-0.768	+0.540	+0.511	+3.393	-0.348	+0.347	+0.347	+0.330	+0.328	+0.324	+0.324	-0.685	-0.771	+0.326	+0.319	+0.311	+0.310	+0.301	-0.683	-0.684	-0.658	-0.773	-0.775	-0.654	-0.659	+0.434	-0.657	+2.610	+0.367	+2.752	+0.377	-0.653	-0.652	-0.652	-0.653	-0.645	+2.617	+0.319	-0.760	-0.635	-0.767	-0.754	-0.634	-0.388	-0.783	+0.071	-0.010	+2.686	+0.002	+2.644	-0.781	-0.406	-0.787	-0.779	-0.018	-0.019	-0.061	+2.473	-0.680	-0.013	+3.080	-0.682	-0.452	-0.294	+0.142	+0.145	+3.247	-0.400	+0.196	-0.775	+0.176	+0.180	+0.204	+0.424	+0.438	+0.439	+0.443	+0.430	
rs61271613     -0.384	-0.373	-0.375	-0.373	-0.373	-0.373	-0.310	-0.375	-0.251	-0.413	-0.479	-0.685	-0.754	-0.752	-0.754	-0.754	-0.754	-0.754	-0.754	-0.494	-0.575	-0.568	-0.367	-0.682	-0.471	-0.338	-0.575	-0.269	-0.260	-0.257	-0.268	-0.225	-0.270	-0.254	-0.258	-0.237	-0.240	-0.706	-0.707	-0.709	-0.724	-0.729	-0.704	-0.704	-0.729	-0.593	-0.598	-0.733	-0.591	-0.579	-0.569	-0.699	+0.665	+0.576	-0.740	+5.191	+5.114	-0.756	+5.042	+5.130	+5.053	-0.742	-0.754	-0.742	+5.226	-0.757	-0.759	-0.764	+0.629	+5.535	+5.329	+5.320	+5.536	-0.767	-0.767	-0.767	+5.072	-0.456	+0.549	+0.566	-0.741	+3.680	+0.489	-0.681	+0.136	+0.397	-0.697	-0.693	-0.685	+2.709	-0.741	+0.571	-0.679	+0.674	-0.754	-0.522	-0.517	+0.529	-0.719	-0.719	+0.528	-0.760	+3.528	+0.682	+0.698	+0.622	+0.565	-0.750	+0.558	+0.530	+3.423	-0.329	+0.366	+0.366	+0.349	+0.346	+0.342	+0.343	-0.667	-0.752	+0.345	+0.338	+0.330	+0.329	+0.320	-0.666	-0.666	-0.640	-0.755	-0.756	-0.636	-0.641	+0.452	-0.639	+2.637	+0.385	+2.779	+0.395	-0.635	-0.634	-0.634	-0.635	-0.627	+2.644	+0.338	-0.742	-0.617	-0.749	-0.736	-0.616	-0.370	-0.765	+0.089	+0.008	+2.713	+0.020	+2.671	-0.763	-0.388	-0.769	-0.762	-0.000	-0.001	-0.043	+2.500	-0.662	+0.005	+3.109	-0.664	-0.434	-0.276	+0.160	+0.163	+3.276	-0.382	+0.215	-0.757	+0.194	+0.198	+0.222	+0.443	+0.456	+0.458	+0.462	+0.449	
rs6667349      -0.434	-0.427	-0.427	-0.427	-0.428	-0.430	-0.466	-0.435	-0.413	-0.287	-0.502	-0.719	-0.787	-0.784	-0.787	-0.787	-0.787	-0.787	-0.787	-0.508	-0.597	-0.589	-0.380	-0.716	-0.489	-0.373	-0.610	-0.305	-0.296	-0.293	-0.304	-0.261	-0.306	-0.290	-0.294	-0.274	-0.277	-0.741	-0.742	-0.742	-0.757	-0.763	-0.737	-0.737	-0.762	-0.624	-0.630	-0.767	-0.622	-0.610	-0.600	-0.734	+0.629	+0.541	-0.774	+5.137	+5.059	-0.789	+4.989	+5.075	+5.000	-0.776	-0.787	-0.777	+5.171	-0.791	-0.792	-0.798	+0.593	+5.477	+5.272	+5.263	+5.478	-0.801	-0.802	-0.801	+5.017	-0.489	+0.512	+0.529	-0.776	+3.624	+0.453	-0.715	+0.101	+0.362	-0.732	-0.728	-0.719	+2.656	-0.775	+0.535	-0.713	+0.638	-0.788	-0.556	-0.551	+0.494	-0.754	-0.754	+0.494	-0.795	+3.472	+0.647	+0.662	+0.591	+0.529	-0.785	+0.523	+0.494	+3.367	-0.367	+0.330	+0.329	+0.313	+0.310	+0.306	+0.307	-0.701	-0.787	+0.308	+0.301	+0.294	+0.293	+0.284	-0.700	-0.700	-0.674	-0.790	-0.791	-0.671	-0.675	+0.416	-0.673	+2.584	+0.349	+2.726	+0.360	-0.670	-0.669	-0.669	-0.669	-0.661	+2.592	+0.301	-0.777	-0.652	-0.784	-0.771	-0.651	-0.407	-0.799	+0.053	-0.028	+2.660	-0.016	+2.618	-0.797	-0.425	-0.803	-0.795	-0.035	-0.036	-0.078	+2.445	-0.696	-0.030	+3.051	-0.698	-0.469	-0.311	+0.125	+0.128	+3.219	-0.419	+0.179	-0.791	+0.159	+0.163	+0.187	+0.407	+0.420	+0.421	+0.426	+0.412	
rs10915677     -0.502	-0.494	-0.494	-0.495	-0.497	-0.500	-0.649	-0.510	-0.479	-0.502	-0.432	-0.854	-0.909	-0.904	-0.909	-0.909	-0.910	-0.910	-0.907	-0.471	-0.633	-0.619	-0.394	-0.854	-0.525	-0.503	-0.753	-0.435	-0.425	-0.422	-0.433	-0.390	-0.435	-0.419	-0.423	-0.403	-0.406	-0.875	-0.876	-0.875	-0.891	-0.899	-0.870	-0.871	-0.900	-0.759	-0.764	-0.903	-0.757	-0.744	-0.735	-0.870	+0.481	+0.394	-0.910	+4.935	+4.856	-0.923	+4.786	+4.872	+4.797	-0.912	-0.921	-0.913	+4.967	-0.925	-0.926	-0.933	+0.454	+5.271	+5.066	+5.055	+5.270	-0.938	-0.938	-0.938	+4.817	-0.619	+0.366	+0.383	-0.915	+3.415	+0.309	-0.852	-0.040	+0.220	-0.871	-0.867	-0.855	+2.462	-0.912	+0.391	-0.849	+0.491	-0.923	-0.694	-0.689	+0.349	-0.893	-0.894	+0.343	-0.933	+3.265	+0.499	+0.515	+0.460	+0.384	-0.924	+0.379	+0.350	+3.161	-0.507	+0.184	+0.183	+0.167	+0.164	+0.161	+0.161	-0.837	-0.927	+0.164	+0.157	+0.149	+0.148	+0.139	-0.835	-0.837	-0.811	-0.928	-0.929	-0.808	-0.812	+0.272	-0.810	+2.382	+0.206	+2.523	+0.216	-0.807	-0.806	-0.806	-0.806	-0.799	+2.390	+0.158	-0.915	-0.790	-0.922	-0.910	-0.789	-0.547	-0.936	-0.089	-0.170	+2.459	-0.158	+2.417	-0.934	-0.564	-0.939	-0.930	-0.179	-0.180	-0.222	+2.243	-0.831	-0.176	+2.846	-0.834	-0.611	-0.455	-0.021	-0.017	+3.015	-0.559	+0.033	-0.925	+0.013	+0.017	+0.041	+0.257	+0.270	+0.271	+0.275	+0.262	
rs35357722     -0.693	-0.690	-0.690	-0.691	-0.693	-0.696	-0.819	-0.703	-0.685	-0.719	-0.854	-0.563	-1.013	-0.999	-1.011	-1.011	-1.014	-1.014	-1.006	-0.645	-0.779	-0.764	-0.418	-0.719	-0.548	-0.617	-0.869	-0.547	-0.537	-0.533	-0.547	-0.502	-0.549	-0.533	-0.537	-0.516	-0.520	-0.989	-0.991	-0.990	-1.008	-1.018	-0.985	-0.985	-1.024	-0.874	-0.880	-1.025	-0.872	-0.860	-0.850	-0.991	+0.347	+0.260	-1.031	+4.630	+4.552	-1.042	+4.482	+4.567	+4.492	-1.034	-1.039	-1.035	+4.662	-1.044	-1.046	-1.054	+0.350	+4.956	+4.760	+4.742	+4.955	-1.060	-1.059	-1.060	+4.525	-0.746	+0.263	+0.280	-1.044	+3.130	+0.202	-0.974	-0.152	+0.109	-1.001	-0.998	-0.977	+2.215	-1.038	+0.283	-0.972	+0.382	-1.044	-0.810	-0.804	+0.241	-1.022	-1.022	+0.225	-1.058	+2.989	+0.385	+0.401	+0.346	+0.274	-1.051	+0.272	+0.243	+2.887	-0.633	+0.070	+0.070	+0.053	+0.051	+0.050	+0.047	-0.959	-1.054	+0.052	+0.045	+0.037	+0.036	+0.026	-0.958	-0.959	-0.933	-1.055	-1.056	-0.930	-0.935	+0.164	-0.933	+2.146	+0.097	+2.282	+0.107	-0.930	-0.929	-0.929	-0.929	-0.922	+2.155	+0.048	-1.044	-0.913	-1.050	-1.039	-0.912	-0.673	-1.059	-0.201	-0.282	+2.226	-0.270	+2.185	-1.058	-0.691	-1.061	-1.049	-0.293	-0.293	-0.336	+2.003	-0.954	-0.292	+2.567	-0.956	-0.729	-0.574	-0.134	-0.130	+2.735	-0.685	-0.080	-1.044	-0.100	-0.097	-0.073	+0.142	+0.155	+0.157	+0.161	+0.148	
rs12044092     -0.762	-0.759	-0.759	-0.760	-0.762	-0.765	-0.887	-0.772	-0.754	-0.787	-0.909	-1.013	-0.629	-0.735	-0.765	-0.765	-0.768	-0.770	-0.769	-0.709	-0.845	-0.830	-0.529	-1.012	-0.647	-0.694	-0.937	-0.626	-0.616	-0.613	-0.625	-0.583	-0.627	-0.612	-0.616	-0.595	-0.599	-1.052	-1.053	-1.057	-1.074	-1.080	-1.052	-1.053	-1.087	-0.943	-0.949	-1.088	-0.941	-0.929	-0.919	-1.053	+0.304	+0.213	-1.093	+4.608	+4.530	-1.104	+4.458	+4.545	+4.469	-1.096	-1.101	-1.097	+4.639	-1.106	-1.108	-1.116	+0.287	+4.937	+4.739	+4.723	+4.935	-1.122	-1.122	-1.123	+4.503	-0.809	+0.198	+0.215	-1.105	+3.101	+0.139	-1.036	-0.214	+0.049	-1.063	-1.060	-1.040	+2.174	-1.100	+0.221	-1.034	+0.319	-1.107	-0.873	-0.868	+0.178	-1.083	-1.083	+0.161	-1.120	+2.954	+0.324	+0.341	+0.280	+0.212	-1.112	+0.209	+0.180	+2.852	-0.697	+0.007	+0.006	-0.010	-0.012	-0.014	-0.016	-1.022	-1.115	-0.012	-0.019	-0.026	-0.027	-0.037	-1.020	-1.022	-0.996	-1.116	-1.117	-0.993	-0.997	+0.099	-0.995	+2.101	+0.032	+2.237	+0.043	-0.992	-0.991	-0.991	-0.991	-0.983	+2.110	-0.016	-1.105	-0.975	-1.111	-1.100	-0.974	-0.737	-1.121	-0.265	-0.345	+2.183	-0.333	+2.142	-1.120	-0.754	-1.124	-1.112	-0.357	-0.358	-0.400	+1.963	-1.016	-0.356	+2.538	-1.019	-0.793	-0.637	-0.199	-0.195	+2.708	-0.748	-0.145	-1.108	-0.165	-0.162	-0.138	+0.079	+0.092	+0.093	+0.098	+0.085	
rs12049256     -0.760	-0.757	-0.757	-0.758	-0.760	-0.762	-0.881	-0.769	-0.752	-0.784	-0.904	-0.999	-0.735	-0.613	-0.737	-0.737	-0.731	-0.739	-0.767	-0.710	-0.842	-0.828	-0.517	-0.997	-0.632	-0.682	-0.925	-0.614	-0.604	-0.602	-0.614	-0.571	-0.615	-0.600	-0.604	-0.584	-0.588	-1.036	-1.038	-1.042	-1.059	-1.065	-1.038	-1.038	-1.072	-0.929	-0.934	-1.073	-0.927	-0.915	-0.905	-1.037	+0.327	+0.235	-1.078	+4.632	+4.554	-1.089	+4.482	+4.569	+4.492	-1.081	-1.086	-1.082	+4.663	-1.090	-1.092	-1.101	+0.307	+4.961	+4.763	+4.748	+4.960	-1.107	-1.107	-1.108	+4.527	-0.795	+0.218	+0.234	-1.090	+3.126	+0.158	-1.021	-0.197	+0.067	-1.048	-1.045	-1.025	+2.196	-1.085	+0.239	-1.019	+0.338	-1.092	-0.857	-0.852	+0.196	-1.068	-1.068	+0.179	-1.105	+2.977	+0.342	+0.359	+0.296	+0.230	-1.097	+0.227	+0.198	+2.876	-0.681	+0.024	+0.023	+0.007	+0.005	+0.003	+0.001	-1.007	-1.100	+0.005	-0.002	-0.009	-0.010	-0.020	-1.005	-1.007	-0.981	-1.101	-1.102	-0.977	-0.982	+0.116	-0.980	+2.122	+0.049	+2.258	+0.059	-0.976	-0.976	-0.976	-0.976	-0.968	+2.131	+0.001	-1.089	-0.959	-1.095	-1.084	-0.958	-0.721	-1.106	-0.248	-0.329	+2.205	-0.317	+2.164	-1.105	-0.738	-1.109	-1.098	-0.341	-0.342	-0.384	+1.985	-1.002	-0.340	+2.562	-1.004	-0.777	-0.622	-0.182	-0.179	+2.732	-0.733	-0.129	-1.093	-0.149	-0.145	-0.121	+0.095	+0.109	+0.110	+0.114	+0.101	
rs11588368     -0.762	-0.759	-0.759	-0.760	-0.762	-0.765	-0.886	-0.772	-0.754	-0.787	-0.909	-1.011	-0.765	-0.737	-0.627	-0.762	-0.765	-0.767	-0.769	-0.709	-0.845	-0.830	-0.528	-1.010	-0.645	-0.692	-0.936	-0.625	-0.615	-0.612	-0.624	-0.582	-0.626	-0.610	-0.615	-0.594	-0.598	-1.050	-1.051	-1.056	-1.072	-1.078	-1.051	-1.051	-1.086	-0.942	-0.947	-1.086	-0.939	-0.927	-0.917	-1.051	+0.307	+0.216	-1.092	+4.611	+4.533	-1.102	+4.461	+4.547	+4.471	-1.095	-1.100	-1.096	+4.641	-1.104	-1.106	-1.114	+0.289	+4.939	+4.741	+4.726	+4.938	-1.121	-1.120	-1.121	+4.506	-0.808	+0.201	+0.217	-1.103	+3.104	+0.141	-1.035	-0.212	+0.051	-1.062	-1.058	-1.038	+2.176	-1.098	+0.223	-1.032	+0.321	-1.105	-0.872	-0.866	+0.180	-1.081	-1.081	+0.163	-1.118	+2.957	+0.326	+0.342	+0.282	+0.214	-1.111	+0.211	+0.182	+2.855	-0.695	+0.009	+0.008	-0.008	-0.011	-0.012	-0.014	-1.020	-1.113	-0.010	-0.017	-0.025	-0.026	-0.035	-1.019	-1.020	-0.994	-1.115	-1.116	-0.991	-0.995	+0.101	-0.994	+2.103	+0.034	+2.240	+0.044	-0.990	-0.989	-0.989	-0.990	-0.982	+2.112	-0.014	-1.103	-0.973	-1.109	-1.098	-0.972	-0.735	-1.119	-0.263	-0.344	+2.186	-0.332	+2.145	-1.118	-0.752	-1.122	-1.111	-0.355	-0.356	-0.398	+1.965	-1.015	-0.354	+2.540	-1.018	-0.791	-0.636	-0.197	-0.193	+2.711	-0.747	-0.143	-1.106	-0.164	-0.160	-0.136	+0.081	+0.094	+0.095	+0.099	+0.086	
rs11591047     -0.762	-0.759	-0.759	-0.760	-0.762	-0.765	-0.886	-0.772	-0.754	-0.787	-0.909	-1.011	-0.765	-0.737	-0.762	-0.627	-0.765	-0.767	-0.769	-0.709	-0.845	-0.830	-0.528	-1.010	-0.645	-0.692	-0.935	-0.624	-0.615	-0.612	-0.624	-0.581	-0.626	-0.610	-0.615	-0.594	-0.598	-1.050	-1.051	-1.055	-1.072	-1.078	-1.050	-1.051	-1.085	-0.941	-0.947	-1.086	-0.939	-0.927	-0.917	-1.051	+0.307	+0.216	-1.092	+4.611	+4.533	-1.102	+4.461	+4.548	+4.471	-1.095	-1.099	-1.095	+4.642	-1.104	-1.106	-1.114	+0.289	+4.939	+4.741	+4.726	+4.938	-1.121	-1.120	-1.121	+4.506	-0.808	+0.201	+0.217	-1.103	+3.104	+0.141	-1.035	-0.212	+0.051	-1.062	-1.058	-1.038	+2.176	-1.098	+0.223	-1.032	+0.321	-1.105	-0.872	-0.866	+0.180	-1.081	-1.081	+0.163	-1.118	+2.957	+0.326	+0.343	+0.282	+0.214	-1.111	+0.211	+0.182	+2.855	-0.695	+0.009	+0.008	-0.008	-0.010	-0.012	-0.014	-1.020	-1.113	-0.010	-0.017	-0.024	-0.025	-0.035	-1.019	-1.020	-0.994	-1.115	-1.116	-0.991	-0.995	+0.101	-0.994	+2.103	+0.034	+2.240	+0.045	-0.990	-0.989	-0.989	-0.989	-0.982	+2.112	-0.014	-1.103	-0.973	-1.109	-1.098	-0.972	-0.735	-1.119	-0.263	-0.343	+2.186	-0.331	+2.145	-1.118	-0.752	-1.122	-1.111	-0.355	-0.356	-0.398	+1.965	-1.015	-0.354	+2.541	-1.017	-0.791	-0.636	-0.197	-0.193	+2.711	-0.747	-0.143	-1.106	-0.163	-0.160	-0.136	+0.081	+0.094	+0.095	+0.099	+0.086	
rs10915681     -0.763	-0.760	-0.760	-0.761	-0.762	-0.765	-0.888	-0.772	-0.754	-0.787	-0.910	-1.014	-0.768	-0.731	-0.765	-0.765	-0.631	-0.766	-0.759	-0.708	-0.846	-0.831	-0.531	-1.013	-0.649	-0.695	-0.938	-0.627	-0.617	-0.614	-0.626	-0.584	-0.628	-0.613	-0.617	-0.597	-0.600	-1.053	-1.055	-1.059	-1.076	-1.082	-1.054	-1.054	-1.089	-0.945	-0.950	-1.089	-0.942	-0.930	-0.920	-1.054	+0.302	+0.211	-1.095	+4.605	+4.527	-1.106	+4.455	+4.542	+4.466	-1.098	-1.103	-1.099	+4.636	-1.107	-1.109	-1.117	+0.285	+4.934	+4.736	+4.720	+4.932	-1.124	-1.123	-1.124	+4.500	-0.811	+0.196	+0.213	-1.106	+3.099	+0.137	-1.038	-0.216	+0.047	-1.065	-1.061	-1.042	+2.171	-1.101	+0.219	-1.036	+0.317	-1.108	-0.875	-0.870	+0.176	-1.084	-1.084	+0.159	-1.121	+2.952	+0.322	+0.339	+0.279	+0.210	-1.114	+0.207	+0.178	+2.850	-0.699	+0.005	+0.005	-0.012	-0.014	-0.016	-0.018	-1.024	-1.116	-0.014	-0.021	-0.028	-0.029	-0.039	-1.022	-1.023	-0.997	-1.118	-1.119	-0.994	-0.999	+0.097	-0.997	+2.099	+0.031	+2.235	+0.041	-0.993	-0.993	-0.993	-0.993	-0.985	+2.107	-0.018	-1.106	-0.976	-1.112	-1.101	-0.975	-0.738	-1.122	-0.267	-0.347	+2.181	-0.335	+2.140	-1.122	-0.755	-1.125	-1.114	-0.359	-0.359	-0.401	+1.961	-1.018	-0.358	+2.535	-1.021	-0.794	-0.639	-0.200	-0.197	+2.705	-0.750	-0.147	-1.109	-0.167	-0.163	-0.139	+0.077	+0.090	+0.091	+0.096	+0.083	
rs10915682     -0.763	-0.760	-0.760	-0.761	-0.762	-0.765	-0.887	-0.772	-0.754	-0.787	-0.910	-1.014	-0.770	-0.739	-0.767	-0.767	-0.766	-0.630	-0.759	-0.709	-0.846	-0.831	-0.530	-1.012	-0.648	-0.694	-0.937	-0.626	-0.617	-0.614	-0.626	-0.583	-0.627	-0.612	-0.616	-0.596	-0.600	-1.053	-1.054	-1.058	-1.075	-1.081	-1.053	-1.053	-1.088	-0.944	-0.949	-1.088	-0.942	-0.930	-0.920	-1.053	+0.303	+0.212	-1.094	+4.607	+4.529	-1.105	+4.457	+4.543	+4.467	-1.097	-1.102	-1.098	+4.637	-1.106	-1.108	-1.117	+0.286	+4.935	+4.737	+4.722	+4.934	-1.123	-1.122	-1.123	+4.502	-0.810	+0.198	+0.214	-1.105	+3.100	+0.138	-1.037	-0.215	+0.048	-1.064	-1.060	-1.041	+2.173	-1.101	+0.220	-1.035	+0.318	-1.108	-0.874	-0.869	+0.177	-1.083	-1.084	+0.160	-1.120	+2.953	+0.323	+0.340	+0.280	+0.211	-1.113	+0.208	+0.179	+2.851	-0.698	+0.006	+0.005	-0.011	-0.013	-0.015	-0.017	-1.023	-1.116	-0.013	-0.020	-0.027	-0.028	-0.038	-1.021	-1.023	-0.997	-1.117	-1.118	-0.993	-0.998	+0.098	-0.996	+2.100	+0.031	+2.236	+0.042	-0.992	-0.992	-0.992	-0.992	-0.984	+2.108	-0.017	-1.105	-0.975	-1.111	-1.100	-0.974	-0.738	-1.122	-0.266	-0.346	+2.182	-0.334	+2.141	-1.121	-0.754	-1.125	-1.113	-0.358	-0.358	-0.400	+1.962	-1.017	-0.357	+2.537	-1.020	-0.793	-0.638	-0.199	-0.196	+2.707	-0.749	-0.146	-1.108	-0.166	-0.163	-0.138	+0.078	+0.091	+0.092	+0.097	+0.084	
rs10915683     -0.762	-0.759	-0.759	-0.760	-0.762	-0.764	-0.884	-0.771	-0.754	-0.787	-0.907	-1.006	-0.769	-0.767	-0.769	-0.769	-0.759	-0.759	-0.621	-0.710	-0.844	-0.830	-0.523	-1.004	-0.639	-0.687	-0.931	-0.620	-0.610	-0.607	-0.619	-0.577	-0.621	-0.606	-0.610	-0.589	-0.593	-1.044	-1.045	-1.049	-1.066	-1.072	-1.045	-1.045	-1.079	-0.936	-0.941	-1.080	-0.934	-0.922	-0.912	-1.045	+0.316	+0.225	-1.086	+4.621	+4.543	-1.096	+4.471	+4.558	+4.481	-1.088	-1.093	-1.089	+4.652	-1.098	-1.100	-1.108	+0.298	+4.950	+4.752	+4.736	+4.948	-1.114	-1.114	-1.115	+4.516	-0.802	+0.209	+0.225	-1.097	+3.115	+0.149	-1.029	-0.205	+0.058	-1.055	-1.052	-1.032	+2.186	-1.092	+0.231	-1.026	+0.329	-1.099	-0.865	-0.860	+0.188	-1.075	-1.075	+0.171	-1.112	+2.967	+0.334	+0.350	+0.289	+0.221	-1.104	+0.218	+0.190	+2.865	-0.689	+0.015	+0.015	-0.001	-0.004	-0.005	-0.007	-1.014	-1.107	-0.003	-0.010	-0.018	-0.019	-0.029	-1.012	-1.014	-0.988	-1.108	-1.109	-0.985	-0.989	+0.107	-0.987	+2.112	+0.041	+2.249	+0.051	-0.984	-0.983	-0.983	-0.983	-0.975	+2.121	-0.007	-1.097	-0.967	-1.103	-1.092	-0.965	-0.728	-1.113	-0.256	-0.337	+2.195	-0.325	+2.154	-1.112	-0.745	-1.116	-1.105	-0.349	-0.349	-0.391	+1.975	-1.009	-0.347	+2.551	-1.011	-0.785	-0.629	-0.190	-0.187	+2.722	-0.740	-0.137	-1.100	-0.157	-0.153	-0.129	+0.087	+0.100	+0.102	+0.106	+0.093	
rs4654470      -0.501	-0.499	-0.499	-0.500	-0.501	-0.502	-0.552	-0.506	-0.494	-0.508	-0.471	-0.645	-0.709	-0.710	-0.709	-0.709	-0.708	-0.709	-0.710	-0.212	-0.519	-0.515	-0.358	-0.641	-0.458	-0.305	-0.556	-0.238	-0.228	-0.226	-0.236	-0.193	-0.238	-0.222	-0.226	-0.206	-0.209	-0.665	-0.666	-0.672	-0.686	-0.690	-0.667	-0.668	-0.693	-0.557	-0.562	-0.696	-0.554	-0.543	-0.533	-0.664	+0.717	+0.627	-0.702	+5.219	+5.140	-0.715	+5.071	+5.156	+5.082	-0.704	-0.713	-0.705	+5.252	-0.717	-0.718	-0.725	+0.680	+5.558	+5.350	+5.342	+5.559	-0.730	-0.730	-0.730	+5.099	-0.399	+0.589	+0.605	-0.710	+3.699	+0.529	-0.643	+0.174	+0.438	-0.661	-0.657	-0.646	+2.733	-0.704	+0.610	-0.641	+0.711	-0.716	-0.481	-0.476	+0.567	-0.687	-0.687	+0.564	-0.726	+3.541	+0.723	+0.738	+0.695	+0.603	-0.718	+0.596	+0.568	+3.433	-0.287	+0.403	+0.403	+0.386	+0.384	+0.380	+0.380	-0.628	-0.720	+0.382	+0.375	+0.368	+0.367	+0.358	-0.626	-0.629	-0.602	-0.721	-0.722	-0.600	-0.604	+0.490	-0.602	+2.651	+0.423	+2.793	+0.433	-0.599	-0.598	-0.598	-0.599	-0.592	+2.659	+0.373	-0.708	-0.583	-0.714	-0.702	-0.581	-0.329	-0.728	+0.123	+0.042	+2.727	+0.054	+2.685	-0.727	-0.348	-0.732	-0.722	+0.034	+0.033	-0.009	+2.515	-0.622	+0.039	+3.122	-0.625	-0.403	-0.247	+0.194	+0.197	+3.291	-0.342	+0.249	-0.717	+0.228	+0.232	+0.256	+0.466	+0.479	+0.481	+0.485	+0.472	
rs12037632     -0.584	-0.581	-0.581	-0.582	-0.583	-0.585	-0.668	-0.591	-0.575	-0.597	-0.633	-0.779	-0.845	-0.842	-0.845	-0.845	-0.846	-0.846	-0.844	-0.519	-0.354	-0.459	-0.410	-0.777	-0.517	-0.438	-0.674	-0.370	-0.361	-0.358	-0.369	-0.326	-0.370	-0.355	-0.359	-0.339	-0.342	-0.800	-0.801	-0.804	-0.819	-0.824	-0.799	-0.799	-0.826	-0.688	-0.694	-0.829	-0.686	-0.674	-0.665	-0.795	+0.584	+0.497	-0.836	+5.064	+4.985	-0.849	+4.915	+5.000	+4.926	-0.838	-0.847	-0.839	+5.096	-0.851	-0.852	-0.859	+0.548	+5.398	+5.191	+5.181	+5.398	-0.864	-0.864	-0.864	+4.950	-0.547	+0.457	+0.474	-0.841	+3.541	+0.399	-0.777	+0.045	+0.310	-0.797	-0.794	-0.781	+2.578	-0.838	+0.480	-0.775	+0.581	-0.849	-0.613	-0.607	+0.438	-0.819	-0.819	+0.428	-0.858	+3.384	+0.590	+0.605	+0.540	+0.470	-0.849	+0.466	+0.437	+3.277	-0.433	+0.270	+0.270	+0.253	+0.251	+0.249	+0.247	-0.763	-0.852	+0.251	+0.244	+0.236	+0.235	+0.226	-0.761	-0.763	-0.737	-0.853	-0.854	-0.732	-0.737	+0.360	-0.736	+2.489	+0.293	+2.631	+0.304	-0.731	-0.731	-0.731	-0.731	-0.722	+2.497	+0.245	-0.840	-0.713	-0.846	-0.834	-0.712	-0.473	-0.861	-0.005	-0.087	+2.565	-0.075	+2.523	-0.859	-0.491	-0.865	-0.857	-0.096	-0.097	-0.139	+2.354	-0.758	-0.092	+2.966	-0.761	-0.532	-0.376	+0.064	+0.068	+3.134	-0.485	+0.119	-0.853	+0.099	+0.103	+0.127	+0.346	+0.359	+0.360	+0.364	+0.351	
rs12040043     -0.577	-0.574	-0.574	-0.575	-0.576	-0.578	-0.657	-0.583	-0.568	-0.589	-0.619	-0.764	-0.830	-0.828	-0.830	-0.830	-0.831	-0.831	-0.830	-0.515	-0.459	-0.338	-0.404	-0.762	-0.512	-0.423	-0.658	-0.355	-0.346	-0.343	-0.354	-0.311	-0.355	-0.340	-0.344	-0.324	-0.327	-0.785	-0.787	-0.789	-0.804	-0.809	-0.784	-0.785	-0.811	-0.673	-0.679	-0.814	-0.671	-0.659	-0.650	-0.780	+0.602	+0.514	-0.821	+5.086	+5.008	-0.834	+4.938	+5.023	+4.948	-0.823	-0.832	-0.824	+5.119	-0.836	-0.837	-0.844	+0.564	+5.421	+5.214	+5.204	+5.421	-0.849	-0.849	-0.849	+4.972	-0.532	+0.473	+0.489	-0.826	+3.563	+0.414	-0.762	+0.060	+0.325	-0.782	-0.778	-0.766	+2.599	-0.823	+0.496	-0.760	+0.596	-0.834	-0.597	-0.592	+0.452	-0.803	-0.804	+0.443	-0.843	+3.406	+0.606	+0.620	+0.555	+0.485	-0.834	+0.481	+0.453	+3.298	-0.417	+0.285	+0.285	+0.268	+0.266	+0.264	+0.262	-0.748	-0.837	+0.266	+0.259	+0.251	+0.250	+0.242	-0.746	-0.747	-0.722	-0.838	-0.839	-0.717	-0.722	+0.375	-0.721	+2.511	+0.308	+2.654	+0.319	-0.716	-0.716	-0.716	-0.716	-0.707	+2.519	+0.260	-0.824	-0.698	-0.831	-0.819	-0.697	-0.458	-0.846	+0.009	-0.072	+2.586	-0.060	+2.544	-0.844	-0.475	-0.850	-0.842	-0.081	-0.082	-0.124	+2.376	-0.743	-0.076	+2.988	-0.746	-0.517	-0.361	+0.080	+0.083	+3.157	-0.470	+0.134	-0.838	+0.114	+0.118	+0.142	+0.361	+0.374	+0.375	+0.380	+0.366	
rs9426468      -0.371	-0.370	-0.371	-0.371	-0.371	-0.372	-0.406	-0.375	-0.367	-0.380	-0.394	-0.418	-0.529	-0.517	-0.528	-0.528	-0.531	-0.530	-0.523	-0.358	-0.410	-0.404	-0.023	-0.403	-0.319	-0.158	-0.361	-0.096	-0.087	-0.085	-0.095	-0.056	-0.097	-0.082	-0.086	-0.067	-0.070	-0.475	-0.477	-0.469	-0.488	-0.500	-0.463	-0.464	-0.507	-0.345	-0.351	-0.508	-0.343	-0.330	-0.320	-0.482	+0.886	+0.791	-0.514	+5.247	+5.168	-0.528	+5.104	+5.183	+5.115	-0.517	-0.525	-0.518	+5.280	-0.529	-0.531	-0.538	+0.841	+5.568	+5.369	+5.356	+5.573	-0.543	-0.542	-0.543	+5.117	-0.209	+0.760	+0.776	-0.527	+3.764	+0.693	-0.454	+0.342	+0.605	-0.476	-0.472	-0.457	+2.817	-0.517	+0.774	-0.452	+0.877	-0.528	-0.297	-0.292	+0.733	-0.505	-0.505	+0.742	-0.541	+3.609	+0.886	+0.901	+0.890	+0.769	-0.534	+0.761	+0.732	+3.503	-0.104	+0.580	+0.579	+0.563	+0.561	+0.555	+0.557	-0.439	-0.537	+0.557	+0.550	+0.543	+0.542	+0.533	-0.437	-0.441	-0.413	-0.538	-0.539	-0.413	-0.417	+0.664	-0.414	+2.739	+0.596	+2.879	+0.606	-0.414	-0.412	-0.412	-0.413	-0.407	+2.747	+0.541	-0.525	-0.398	-0.531	-0.520	-0.397	-0.146	-0.541	+0.295	+0.215	+2.813	+0.227	+2.772	-0.541	-0.165	-0.544	-0.532	+0.212	+0.211	+0.169	+2.613	-0.432	+0.219	+3.204	-0.436	-0.222	-0.069	+0.373	+0.377	+3.365	-0.159	+0.428	-0.527	+0.408	+0.412	+0.436	+0.643	+0.656	+0.657	+0.661	+0.648	
rs17345600     -0.690	-0.688	-0.688	-0.689	-0.690	-0.693	-0.818	-0.700	-0.682	-0.716	-0.854	-0.719	-1.012	-0.997	-1.010	-1.010	-1.013	-1.012	-1.004	-0.641	-0.777	-0.762	-0.403	-0.566	-0.535	-0.612	-0.869	-0.541	-0.531	-0.527	-0.541	-0.495	-0.543	-0.526	-0.531	-0.509	-0.514	-0.992	-0.994	-0.994	-1.011	-1.021	-0.988	-0.989	-1.027	-0.878	-0.883	-1.028	-0.876	-0.863	-0.853	-0.993	+0.341	+0.255	-1.034	+4.631	+4.553	-1.045	+4.482	+4.568	+4.493	-1.037	-1.042	-1.038	+4.662	-1.047	-1.048	-1.056	+0.344	+4.957	+4.761	+4.743	+4.956	-1.062	-1.062	-1.063	+4.525	-0.747	+0.257	+0.274	-1.046	+3.128	+0.197	-0.977	-0.156	+0.105	-1.004	-1.000	-0.980	+2.212	-1.040	+0.278	-0.974	+0.377	-1.047	-0.814	-0.808	+0.236	-1.024	-1.024	+0.220	-1.061	+2.987	+0.381	+0.397	+0.343	+0.270	-1.054	+0.267	+0.238	+2.885	-0.637	+0.066	+0.066	+0.049	+0.047	+0.045	+0.043	-0.962	-1.056	+0.048	+0.041	+0.033	+0.032	+0.022	-0.960	-0.962	-0.936	-1.058	-1.059	-0.933	-0.938	+0.159	-0.936	+2.143	+0.093	+2.280	+0.103	-0.933	-0.932	-0.932	-0.932	-0.924	+2.152	+0.043	-1.047	-0.916	-1.052	-1.042	-0.915	-0.677	-1.061	-0.205	-0.286	+2.223	-0.274	+2.182	-1.061	-0.694	-1.064	-1.052	-0.296	-0.297	-0.339	+2.001	-0.956	-0.296	+2.565	-0.959	-0.732	-0.577	-0.138	-0.134	+2.733	-0.689	-0.084	-1.047	-0.104	-0.101	-0.076	+0.138	+0.152	+0.153	+0.157	+0.144	
rs4654471      -0.475	-0.474	-0.474	-0.475	-0.476	-0.477	-0.529	-0.481	-0.471	-0.489	-0.525	-0.548	-0.647	-0.632	-0.645	-0.645	-0.649	-0.648	-0.639	-0.458	-0.517	-0.512	-0.319	-0.535	-0.155	-0.280	-0.470	-0.217	-0.208	-0.206	-0.217	-0.177	-0.218	-0.204	-0.208	-0.189	-0.191	-0.602	-0.603	-0.597	-0.615	-0.627	-0.590	-0.591	-0.634	-0.466	-0.472	-0.635	-0.463	-0.450	-0.441	-0.607	+0.763	+0.672	-0.641	+5.095	+5.017	-0.655	+4.947	+5.032	+4.958	-0.644	-0.652	-0.645	+5.127	-0.656	-0.658	-0.665	+0.729	+5.420	+5.220	+5.208	+5.424	-0.670	-0.669	-0.670	+4.981	-0.349	+0.646	+0.663	-0.653	+3.617	+0.581	-0.582	+0.227	+0.492	-0.606	-0.603	-0.585	+2.674	-0.646	+0.661	-0.580	+0.762	-0.655	-0.413	-0.408	+0.618	-0.630	-0.631	+0.621	-0.667	+3.462	+0.770	+0.784	+0.745	+0.652	-0.660	+0.646	+0.617	+3.356	-0.241	+0.458	+0.458	+0.441	+0.439	+0.435	+0.435	-0.568	-0.662	+0.437	+0.430	+0.423	+0.422	+0.413	-0.566	-0.568	-0.542	-0.663	-0.665	-0.539	-0.544	+0.547	-0.542	+2.594	+0.479	+2.735	+0.489	-0.539	-0.538	-0.538	-0.538	-0.531	+2.602	+0.424	-0.651	-0.522	-0.657	-0.645	-0.521	-0.283	-0.668	+0.177	+0.097	+2.669	+0.109	+2.629	-0.667	-0.301	-0.671	-0.661	+0.093	+0.092	+0.050	+2.469	-0.562	+0.099	+3.059	-0.565	-0.341	-0.187	+0.255	+0.259	+3.221	-0.296	+0.310	-0.656	+0.290	+0.294	+0.318	+0.528	+0.541	+0.542	+0.546	+0.533	
rs55790677     -0.345	-0.343	-0.343	-0.344	-0.345	-0.348	-0.470	-0.355	-0.338	-0.373	-0.503	-0.617	-0.694	-0.682	-0.692	-0.692	-0.695	-0.694	-0.687	-0.305	-0.438	-0.423	-0.158	-0.612	-0.280	-0.163	-0.502	-0.197	-0.188	-0.204	-0.224	-0.177	-0.228	-0.213	-0.217	-0.195	-0.207	-0.639	-0.640	-0.640	-0.657	-0.666	-0.635	-0.636	-0.668	-0.531	-0.537	-0.671	-0.529	-0.518	-0.508	-0.642	+0.760	+0.673	-0.673	+5.048	+4.969	-0.682	+4.901	+4.984	+4.912	-0.677	-0.679	-0.678	+5.078	-0.684	-0.686	-0.696	+0.759	+5.366	+5.172	+5.150	+5.364	-0.704	-0.703	-0.705	+4.942	-0.387	+0.672	+0.690	-0.694	+3.537	+0.617	-0.618	+0.239	+0.523	-0.654	-0.651	-0.622	+2.621	-0.686	+0.710	-0.616	+0.814	-0.687	-0.436	-0.429	+0.666	-0.670	-0.670	+0.637	-0.705	+3.399	+0.813	+0.829	+0.751	+0.698	-0.701	+0.698	+0.668	+3.298	-0.267	+0.478	+0.477	+0.460	+0.458	+0.458	+0.454	-0.603	-0.703	+0.461	+0.453	+0.445	+0.444	+0.434	-0.601	-0.603	-0.576	-0.704	-0.705	-0.573	-0.578	+0.576	-0.576	+2.564	+0.507	+2.700	+0.518	-0.572	-0.572	-0.572	-0.572	-0.564	+2.572	+0.462	-0.695	-0.556	-0.700	-0.691	-0.555	-0.310	-0.704	+0.202	+0.119	+2.646	+0.131	+2.604	-0.704	-0.328	-0.706	-0.691	+0.105	+0.104	+0.060	+2.424	-0.597	+0.106	+2.977	-0.600	-0.352	-0.190	+0.271	+0.275	+3.137	-0.322	+0.327	-0.685	+0.306	+0.310	+0.335	+0.557	+0.571	+0.572	+0.577	+0.563	
rs72634164     -0.583	-0.580	-0.580	-0.581	-0.583	-0.586	-0.710	-0.593	-0.575	-0.610	-0.753	-0.869	-0.937	-0.925	-0.936	-0.935	-0.938	-0.937	-0.931	-0.556	-0.674	-0.658	-0.361	-0.869	-0.470	-0.502	-0.447	-0.423	-0.412	-0.411	-0.427	-0.377	-0.429	-0.412	-0.417	-0.393	-0.400	-0.881	-0.882	-0.892	-0.907	-0.911	-0.887	-0.888	-0.918	-0.786	-0.791	-0.918	-0.784	-0.772	-0.763	-0.887	+0.458	+0.371	-0.922	+4.774	+4.696	-0.935	+4.627	+4.711	+4.638	-0.925	-0.932	-0.927	+4.805	-0.936	-0.938	-0.946	+0.464	+5.103	+4.908	+4.889	+5.102	-0.952	-0.951	-0.952	+4.676	-0.625	+0.379	+0.395	-0.939	+3.260	+0.325	-0.866	-0.034	+0.233	-0.896	-0.893	-0.869	+2.344	-0.931	+0.412	-0.864	+0.512	-0.936	-0.699	-0.693	+0.369	-0.916	-0.916	+0.350	-0.952	+3.118	+0.517	+0.534	+0.492	+0.401	-0.946	+0.400	+0.371	+3.016	-0.526	+0.206	+0.206	+0.189	+0.187	+0.186	+0.183	-0.851	-0.949	+0.188	+0.181	+0.173	+0.172	+0.163	-0.850	-0.852	-0.825	-0.950	-0.951	-0.823	-0.828	+0.302	-0.825	+2.275	+0.234	+2.412	+0.245	-0.823	-0.822	-0.822	-0.822	-0.815	+2.284	+0.186	-0.940	-0.807	-0.946	-0.936	-0.806	-0.567	-0.951	-0.069	-0.150	+2.357	-0.138	+2.316	-0.951	-0.584	-0.953	-0.939	-0.165	-0.166	-0.209	+2.130	-0.846	-0.165	+2.690	-0.848	-0.608	-0.449	-0.004	-0.001	+2.856	-0.579	+0.050	-0.934	+0.030	+0.034	+0.058	+0.276	+0.290	+0.291	+0.295	+0.282	
rs12403173     -0.277	-0.274	-0.274	-0.276	-0.277	-0.280	-0.402	-0.287	-0.269	-0.305	-0.435	-0.547	-0.626	-0.614	-0.625	-0.624	-0.627	-0.626	-0.620	-0.238	-0.370	-0.355	-0.096	-0.541	-0.217	-0.197	-0.423	-0.084	-0.152	-0.166	-0.181	-0.149	-0.188	-0.177	-0.178	-0.163	-0.172	-0.570	-0.571	-0.571	-0.588	-0.597	-0.566	-0.567	-0.599	-0.464	-0.469	-0.601	-0.462	-0.450	-0.440	-0.574	+0.845	+0.757	-0.603	+5.126	+5.047	-0.612	+4.980	+5.062	+4.990	-0.607	-0.609	-0.609	+5.156	-0.613	-0.616	-0.626	+0.842	+5.442	+5.248	+5.227	+5.441	-0.635	-0.634	-0.636	+5.020	-0.318	+0.755	+0.772	-0.625	+3.613	+0.703	-0.548	+0.318	+0.608	-0.587	-0.584	-0.552	+2.697	-0.617	+0.797	-0.546	+0.903	-0.616	-0.360	-0.354	+0.753	-0.601	-0.602	+0.722	-0.636	+3.476	+0.900	+0.916	+0.831	+0.785	-0.632	+0.786	+0.755	+3.376	-0.196	+0.560	+0.560	+0.543	+0.540	+0.541	+0.536	-0.533	-0.634	+0.543	+0.536	+0.528	+0.527	+0.516	-0.531	-0.533	-0.506	-0.636	-0.637	-0.503	-0.508	+0.659	-0.506	+2.641	+0.590	+2.777	+0.601	-0.502	-0.502	-0.502	-0.502	-0.494	+2.649	+0.546	-0.627	-0.485	-0.632	-0.623	-0.484	-0.239	-0.635	+0.283	+0.199	+2.725	+0.212	+2.683	-0.635	-0.257	-0.637	-0.621	+0.184	+0.184	+0.140	+2.503	-0.528	+0.186	+3.056	-0.530	-0.278	-0.113	+0.352	+0.356	+3.215	-0.251	+0.409	-0.615	+0.388	+0.392	+0.417	+0.641	+0.654	+0.656	+0.660	+0.647	
rs12403228     -0.267	-0.265	-0.265	-0.266	-0.267	-0.270	-0.392	-0.277	-0.260	-0.296	-0.425	-0.537	-0.616	-0.604	-0.615	-0.615	-0.617	-0.617	-0.610	-0.228	-0.361	-0.346	-0.087	-0.531	-0.208	-0.188	-0.412	-0.152	-0.073	-0.158	-0.172	-0.143	-0.180	-0.169	-0.170	-0.157	-0.165	-0.560	-0.561	-0.561	-0.578	-0.587	-0.556	-0.557	-0.589	-0.454	-0.459	-0.591	-0.452	-0.441	-0.431	-0.564	+0.857	+0.769	-0.593	+5.138	+5.059	-0.602	+4.992	+5.074	+5.002	-0.597	-0.599	-0.599	+5.168	-0.603	-0.606	-0.616	+0.855	+5.454	+5.260	+5.239	+5.452	-0.625	-0.624	-0.626	+5.032	-0.308	+0.767	+0.785	-0.615	+3.625	+0.715	-0.538	+0.330	+0.620	-0.577	-0.574	-0.542	+2.709	-0.607	+0.810	-0.536	+0.916	-0.606	-0.350	-0.343	+0.765	-0.592	-0.592	+0.734	-0.627	+3.487	+0.912	+0.929	+0.843	+0.797	-0.622	+0.799	+0.768	+3.387	-0.185	+0.572	+0.572	+0.555	+0.552	+0.553	+0.548	-0.523	-0.625	+0.556	+0.548	+0.540	+0.539	+0.529	-0.522	-0.523	-0.496	-0.626	-0.627	-0.493	-0.498	+0.671	-0.496	+2.652	+0.602	+2.789	+0.613	-0.492	-0.492	-0.492	-0.492	-0.484	+2.661	+0.558	-0.618	-0.475	-0.622	-0.613	-0.474	-0.229	-0.625	+0.295	+0.211	+2.736	+0.223	+2.694	-0.625	-0.247	-0.627	-0.611	+0.196	+0.195	+0.151	+2.514	-0.518	+0.198	+3.068	-0.520	-0.267	-0.102	+0.364	+0.368	+3.226	-0.241	+0.420	-0.604	+0.399	+0.404	+0.429	+0.653	+0.666	+0.668	+0.672	+0.658	
rs7367109      -0.264	-0.262	-0.262	-0.263	-0.264	-0.267	-0.389	-0.275	-0.257	-0.293	-0.422	-0.533	-0.613	-0.602	-0.612	-0.612	-0.614	-0.614	-0.607	-0.226	-0.358	-0.343	-0.085	-0.527	-0.206	-0.204	-0.411	-0.166	-0.158	-0.069	-0.158	-0.130	-0.168	-0.158	-0.158	-0.145	-0.155	-0.556	-0.557	-0.558	-0.575	-0.583	-0.553	-0.553	-0.585	-0.451	-0.456	-0.588	-0.449	-0.438	-0.427	-0.561	+0.864	+0.775	-0.589	+5.148	+5.069	-0.598	+5.002	+5.084	+5.012	-0.593	-0.595	-0.595	+5.178	-0.599	-0.602	-0.613	+0.863	+5.464	+5.269	+5.249	+5.463	-0.621	-0.620	-0.622	+5.041	-0.304	+0.775	+0.793	-0.612	+3.631	+0.723	-0.535	+0.337	+0.629	-0.574	-0.571	-0.539	+2.715	-0.604	+0.819	-0.532	+0.924	-0.603	-0.345	-0.338	+0.773	-0.588	-0.588	+0.740	-0.623	+3.494	+0.920	+0.937	+0.850	+0.805	-0.619	+0.807	+0.776	+3.394	-0.182	+0.579	+0.579	+0.561	+0.559	+0.560	+0.555	-0.520	-0.621	+0.563	+0.555	+0.547	+0.546	+0.535	-0.518	-0.520	-0.493	-0.623	-0.624	-0.490	-0.494	+0.678	-0.492	+2.658	+0.609	+2.795	+0.620	-0.489	-0.488	-0.488	-0.488	-0.480	+2.667	+0.565	-0.614	-0.472	-0.619	-0.610	-0.471	-0.225	-0.621	+0.301	+0.217	+2.742	+0.230	+2.700	-0.622	-0.244	-0.623	-0.607	+0.202	+0.201	+0.157	+2.520	-0.514	+0.204	+3.074	-0.517	-0.262	-0.097	+0.370	+0.374	+3.232	-0.237	+0.427	-0.601	+0.406	+0.410	+0.435	+0.659	+0.673	+0.674	+0.679	+0.665	
