## Summary of overall evidence for association with region:
## log10(BF for region) = 3.96077
## p-value for region = NA

## BFs for choosing among multi-SNP models:
## log10(average 1-SNP BF) = 2.788
## log10(average 2-SNP BF) = 4.41799

## Example posterior probabilities for multi-SNP models, based on default prior: [p(l) propto 0.5^l for l=1,2,...,L]
## posterior probability of 1-SNP = 0.0447856
## posterior probability of 2-SNP = 0.955214

## log10(BF) for single SNP and pair of SNPs:
rs61779314     +0.544	+0.665	+0.490	+0.668	+0.669	+0.655	+0.650	+0.654	+0.663	+0.646	+0.691	+0.891	+1.296	+2.063	+1.785	+0.736	+1.814	+0.768	+1.515	+1.573	+1.172	+0.304	+0.712	+2.058	+1.343	+2.032	+1.018	+0.456	+0.475	+0.481	+0.758	+1.918	+1.927	+1.928	+2.030	+0.791	+0.478	+0.766	+0.805	+2.708	+0.243	+0.803	+1.941	+0.480	+0.480	+0.803	+0.791	+0.812	+0.804	+0.776	+1.933	+0.806	+0.802	+0.760	+2.150	+2.261	+0.802	+2.221	+2.216	+2.215	+0.409	+0.408	+1.616	+0.232	+0.508	+0.502	+0.818	+0.773	+0.810	+0.506	+0.518	+0.542	+0.597	+0.599	+0.599	+0.545	+0.596	+0.571	+0.350	+0.602	+0.359	+0.523	+0.760	+0.186	+0.819	+0.208	+0.232	+1.220	+0.359	+0.755	+1.224	+0.617	+0.629	+0.347	+0.641	+0.348	+0.345	+0.159	+0.321	+1.086	+0.153	+0.153	+1.354	+1.045	+0.372	+2.626	+1.579	+0.807	+0.518	+0.686	+0.390	+0.830	+1.661	+1.804	+1.803	+0.137	+0.460	+0.990	+0.792	+1.797	+1.802	+0.779	+1.800	+0.992	+0.773	+0.661	+1.753	+1.005	+0.474	+1.075	+0.931	+2.295	+1.085	+2.294	+4.250	+1.314	+2.414	+4.241	+2.410	+4.239	+1.977	+4.185	+1.050	+1.116	+4.161	+1.978	+1.131	+0.511	+0.478	+3.658	+0.504	+1.076	+3.759	+2.378	+0.486	+0.477	+2.411	+0.462	+0.460	+2.003	+0.863	+3.676	+2.456	+0.462	+3.667	+2.515	+0.294	+0.545	+3.965	+0.533	+2.855	+1.798	+3.472	+2.793	+3.912	+2.116	+0.348	+2.986	+0.366	+0.368	
rs1569053      +0.665	-0.137	+0.665	-0.220	-0.220	-0.234	-0.238	-0.238	-0.238	-0.244	-0.230	-0.192	-0.048	+2.058	+0.291	-0.150	+1.780	-0.128	+1.396	+1.462	+0.298	-0.434	-0.168	+2.049	+1.557	+2.019	-0.219	-0.430	-0.424	-0.423	+1.135	+1.882	+1.892	+1.892	+2.003	-0.104	-0.424	+1.143	-0.094	+2.621	-0.384	-0.096	+1.907	-0.424	-0.424	-0.096	-0.104	-0.089	-0.095	+1.157	+1.897	-0.094	-0.097	+1.150	+2.124	+2.242	-0.096	+2.198	+2.193	+2.192	-0.368	-0.369	+1.544	-0.399	-0.299	-0.304	-0.235	-0.243	+1.228	-0.300	-0.297	-0.403	-0.381	-0.380	-0.380	-0.402	-0.381	-0.391	-0.435	-0.379	-0.433	-0.410	+1.176	-0.450	+0.569	-0.495	-0.313	+0.864	+0.194	+0.052	+0.872	-0.090	-0.068	+0.167	+0.154	+0.167	+0.162	-0.477	+0.101	+0.355	-0.462	-0.463	+0.340	+0.313	+0.200	+2.098	+0.532	+0.085	+0.367	+0.558	-0.006	+0.108	+0.590	+1.527	+1.526	-0.454	-0.153	+0.030	+0.072	+1.520	+1.524	+0.060	+1.523	+0.032	+0.053	-0.056	+1.471	+0.045	-0.416	+0.327	+0.846	+2.065	+0.113	+2.059	+4.040	+0.594	+2.192	+4.030	+2.188	+4.028	+0.849	+3.972	+0.933	+0.387	+3.947	+0.853	+0.401	+0.209	+0.156	+3.193	+0.194	+0.349	+3.294	+2.150	+0.172	+0.159	+2.187	+0.140	+0.137	+0.876	+0.697	+3.210	+2.237	+0.139	+3.201	+2.303	-0.313	+0.303	+3.232	+0.286	+2.608	+1.386	+2.977	+2.542	+3.183	+1.000	-0.205	+2.553	-0.225	-0.182	
rs61779328     +0.490	+0.665	+0.544	+0.669	+0.669	+0.655	+0.651	+0.655	+0.663	+0.647	+0.691	+0.892	+1.297	+2.062	+1.786	+0.737	+1.814	+0.769	+1.515	+1.573	+1.172	+0.304	+0.713	+2.058	+1.343	+2.032	+1.019	+0.457	+0.476	+0.482	+0.761	+1.918	+1.927	+1.927	+2.029	+0.791	+0.478	+0.768	+0.805	+2.707	+0.243	+0.804	+1.941	+0.480	+0.481	+0.804	+0.792	+0.812	+0.804	+0.779	+1.933	+0.806	+0.802	+0.762	+2.150	+2.261	+0.803	+2.220	+2.215	+2.214	+0.409	+0.409	+1.616	+0.233	+0.509	+0.503	+0.819	+0.773	+0.812	+0.507	+0.519	+0.542	+0.598	+0.599	+0.599	+0.545	+0.596	+0.572	+0.351	+0.602	+0.360	+0.524	+0.762	+0.186	+0.818	+0.208	+0.232	+1.220	+0.359	+0.755	+1.225	+0.618	+0.629	+0.347	+0.641	+0.348	+0.345	+0.160	+0.321	+1.087	+0.153	+0.154	+1.355	+1.045	+0.372	+2.626	+1.580	+0.807	+0.518	+0.686	+0.390	+0.831	+1.661	+1.804	+1.804	+0.138	+0.460	+0.990	+0.793	+1.798	+1.802	+0.779	+1.801	+0.992	+0.773	+0.662	+1.753	+1.006	+0.475	+1.076	+0.931	+2.295	+1.086	+2.295	+4.250	+1.315	+2.415	+4.242	+2.411	+4.240	+1.977	+4.186	+1.051	+1.117	+4.161	+1.979	+1.132	+0.512	+0.478	+3.659	+0.504	+1.076	+3.760	+2.379	+0.487	+0.477	+2.412	+0.462	+0.460	+2.004	+0.863	+3.677	+2.457	+0.463	+3.668	+2.516	+0.294	+0.546	+3.967	+0.533	+2.856	+1.798	+3.472	+2.793	+3.914	+2.117	+0.348	+2.987	+0.367	+0.368	
rs4660269      +0.668	-0.220	+0.669	-0.135	-0.218	-0.231	-0.235	-0.235	-0.235	-0.241	-0.227	-0.190	-0.047	+2.058	+0.292	-0.148	+1.780	-0.126	+1.397	+1.463	+0.300	-0.431	-0.166	+2.049	+1.559	+2.020	-0.218	-0.428	-0.422	-0.421	+1.139	+1.882	+1.892	+1.893	+2.004	-0.102	-0.422	+1.148	-0.092	+2.622	-0.382	-0.094	+1.907	-0.422	-0.422	-0.093	-0.101	-0.087	-0.093	+1.161	+1.897	-0.092	-0.094	+1.154	+2.124	+2.242	-0.094	+2.199	+2.193	+2.192	-0.366	-0.367	+1.544	-0.397	-0.297	-0.302	-0.234	-0.242	+1.233	-0.298	-0.295	-0.401	-0.379	-0.378	-0.378	-0.400	-0.380	-0.389	-0.433	-0.377	-0.431	-0.408	+1.180	-0.448	+0.570	-0.492	-0.311	+0.867	+0.197	+0.055	+0.874	-0.088	-0.066	+0.170	+0.157	+0.170	+0.165	-0.474	+0.104	+0.357	-0.459	-0.461	+0.342	+0.315	+0.203	+2.101	+0.533	+0.087	+0.370	+0.561	-0.004	+0.110	+0.591	+1.530	+1.529	-0.452	-0.151	+0.032	+0.074	+1.523	+1.527	+0.062	+1.526	+0.034	+0.055	-0.055	+1.474	+0.047	-0.414	+0.328	+0.849	+2.068	+0.115	+2.062	+4.042	+0.596	+2.195	+4.032	+2.191	+4.030	+0.850	+3.974	+0.936	+0.389	+3.949	+0.854	+0.403	+0.211	+0.158	+3.195	+0.197	+0.351	+3.296	+2.153	+0.174	+0.162	+2.190	+0.143	+0.140	+0.877	+0.700	+3.212	+2.240	+0.142	+3.203	+2.306	-0.311	+0.305	+3.235	+0.288	+2.610	+1.389	+2.980	+2.544	+3.186	+1.001	-0.203	+2.555	-0.223	-0.179	
rs28709301     +0.669	-0.220	+0.669	-0.218	-0.134	-0.231	-0.234	-0.234	-0.234	-0.241	-0.227	-0.190	-0.046	+2.058	+0.292	-0.147	+1.781	-0.126	+1.397	+1.463	+0.301	-0.431	-0.166	+2.049	+1.560	+2.020	-0.218	-0.427	-0.421	-0.421	+1.140	+1.883	+1.892	+1.893	+2.004	-0.102	-0.422	+1.149	-0.091	+2.622	-0.382	-0.094	+1.907	-0.421	-0.421	-0.093	-0.101	-0.087	-0.093	+1.162	+1.897	-0.091	-0.094	+1.155	+2.124	+2.242	-0.093	+2.199	+2.194	+2.192	-0.366	-0.366	+1.544	-0.396	-0.296	-0.302	-0.233	-0.241	+1.234	-0.297	-0.294	-0.401	-0.379	-0.378	-0.378	-0.400	-0.379	-0.389	-0.432	-0.377	-0.430	-0.408	+1.181	-0.448	+0.571	-0.492	-0.310	+0.868	+0.198	+0.055	+0.875	-0.088	-0.065	+0.170	+0.157	+0.170	+0.166	-0.474	+0.105	+0.358	-0.459	-0.460	+0.342	+0.316	+0.204	+2.101	+0.534	+0.087	+0.371	+0.562	-0.003	+0.110	+0.591	+1.531	+1.530	-0.451	-0.150	+0.032	+0.075	+1.523	+1.528	+0.062	+1.526	+0.034	+0.056	-0.054	+1.475	+0.047	-0.414	+0.329	+0.849	+2.069	+0.115	+2.063	+4.042	+0.596	+2.196	+4.032	+2.191	+4.030	+0.850	+3.975	+0.937	+0.389	+3.949	+0.855	+0.403	+0.212	+0.159	+3.195	+0.198	+0.351	+3.297	+2.154	+0.175	+0.162	+2.191	+0.143	+0.140	+0.878	+0.701	+3.213	+2.241	+0.143	+3.204	+2.307	-0.311	+0.306	+3.236	+0.289	+2.611	+1.389	+2.980	+2.544	+3.187	+1.001	-0.202	+2.556	-0.223	-0.179	
rs7512240      +0.655	-0.234	+0.655	-0.231	-0.231	-0.145	-0.233	-0.232	-0.231	-0.239	-0.222	-0.198	-0.051	+2.059	+0.288	-0.158	+1.780	-0.136	+1.395	+1.461	+0.289	-0.441	-0.176	+2.049	+1.555	+2.020	-0.224	-0.435	-0.429	-0.429	+1.127	+1.882	+1.892	+1.893	+2.004	-0.112	-0.430	+1.135	-0.102	+2.620	-0.391	-0.104	+1.907	-0.429	-0.429	-0.103	-0.111	-0.097	-0.103	+1.149	+1.897	-0.102	-0.104	+1.142	+2.124	+2.243	-0.104	+2.199	+2.194	+2.193	-0.376	-0.376	+1.544	-0.406	-0.307	-0.312	-0.239	-0.248	+1.221	-0.307	-0.302	-0.408	-0.385	-0.385	-0.385	-0.407	-0.386	-0.396	-0.442	-0.383	-0.440	-0.415	+1.168	-0.458	+0.566	-0.502	-0.320	+0.854	+0.186	+0.047	+0.862	-0.096	-0.073	+0.158	+0.148	+0.158	+0.153	-0.484	+0.093	+0.350	-0.469	-0.471	+0.333	+0.308	+0.191	+2.093	+0.525	+0.079	+0.358	+0.548	-0.015	+0.102	+0.582	+1.516	+1.515	-0.461	-0.160	+0.022	+0.066	+1.508	+1.513	+0.053	+1.512	+0.024	+0.047	-0.063	+1.460	+0.037	-0.422	+0.321	+0.836	+2.053	+0.105	+2.047	+4.033	+0.588	+2.180	+4.024	+2.175	+4.021	+0.842	+3.966	+0.926	+0.381	+3.940	+0.847	+0.395	+0.201	+0.148	+3.186	+0.187	+0.343	+3.287	+2.138	+0.164	+0.151	+2.175	+0.132	+0.130	+0.870	+0.690	+3.203	+2.225	+0.132	+3.194	+2.291	-0.320	+0.292	+3.222	+0.276	+2.597	+1.374	+2.969	+2.531	+3.173	+0.993	-0.212	+2.545	-0.232	-0.189	
rs4660792      +0.650	-0.238	+0.651	-0.235	-0.234	-0.233	-0.148	-0.231	-0.229	-0.236	-0.219	-0.200	-0.053	+2.058	+0.286	-0.160	+1.780	-0.139	+1.394	+1.460	+0.285	-0.444	-0.179	+2.049	+1.552	+2.020	-0.226	-0.438	-0.431	-0.431	+1.125	+1.882	+1.892	+1.892	+2.003	-0.115	-0.432	+1.133	-0.105	+2.619	-0.394	-0.107	+1.906	-0.431	-0.431	-0.106	-0.114	-0.100	-0.106	+1.147	+1.897	-0.105	-0.107	+1.140	+2.124	+2.242	-0.107	+2.198	+2.193	+2.192	-0.379	-0.379	+1.543	-0.409	-0.309	-0.315	-0.242	-0.250	+1.218	-0.310	-0.305	-0.410	-0.387	-0.387	-0.387	-0.409	-0.388	-0.398	-0.444	-0.385	-0.442	-0.417	+1.166	-0.460	+0.564	-0.505	-0.322	+0.850	+0.183	+0.045	+0.857	-0.098	-0.075	+0.156	+0.146	+0.155	+0.151	-0.487	+0.090	+0.349	-0.472	-0.474	+0.330	+0.306	+0.188	+2.091	+0.522	+0.076	+0.355	+0.545	-0.018	+0.099	+0.580	+1.511	+1.510	-0.464	-0.163	+0.019	+0.063	+1.504	+1.508	+0.051	+1.507	+0.021	+0.044	-0.066	+1.456	+0.035	-0.425	+0.318	+0.832	+2.048	+0.102	+2.042	+4.030	+0.585	+2.175	+4.020	+2.170	+4.018	+0.840	+3.963	+0.923	+0.378	+3.937	+0.844	+0.393	+0.197	+0.144	+3.182	+0.183	+0.340	+3.283	+2.133	+0.160	+0.147	+2.170	+0.128	+0.126	+0.867	+0.686	+3.199	+2.220	+0.128	+3.190	+2.285	-0.323	+0.289	+3.217	+0.272	+2.593	+1.370	+2.965	+2.527	+3.168	+0.991	-0.215	+2.540	-0.235	-0.192	
rs1809695      +0.654	-0.238	+0.655	-0.235	-0.234	-0.232	-0.231	-0.145	-0.226	-0.233	-0.216	-0.197	-0.051	+2.058	+0.288	-0.157	+1.780	-0.135	+1.394	+1.461	+0.289	-0.440	-0.175	+2.049	+1.555	+2.020	-0.224	-0.435	-0.429	-0.429	+1.131	+1.882	+1.892	+1.892	+2.003	-0.112	-0.429	+1.139	-0.101	+2.620	-0.391	-0.103	+1.907	-0.429	-0.429	-0.103	-0.111	-0.096	-0.103	+1.153	+1.897	-0.101	-0.104	+1.146	+2.124	+2.242	-0.103	+2.199	+2.193	+2.192	-0.375	-0.376	+1.544	-0.405	-0.306	-0.311	-0.239	-0.248	+1.225	-0.307	-0.302	-0.408	-0.385	-0.385	-0.384	-0.407	-0.386	-0.396	-0.441	-0.383	-0.439	-0.415	+1.172	-0.457	+0.566	-0.501	-0.319	+0.854	+0.188	+0.049	+0.862	-0.095	-0.072	+0.160	+0.150	+0.160	+0.155	-0.484	+0.094	+0.352	-0.469	-0.470	+0.333	+0.310	+0.192	+2.094	+0.524	+0.079	+0.360	+0.550	-0.015	+0.102	+0.582	+1.516	+1.515	-0.461	-0.160	+0.022	+0.066	+1.508	+1.513	+0.054	+1.511	+0.024	+0.047	-0.063	+1.460	+0.038	-0.422	+0.321	+0.836	+2.053	+0.105	+2.047	+4.034	+0.588	+2.180	+4.024	+2.175	+4.021	+0.842	+3.966	+0.927	+0.381	+3.940	+0.847	+0.395	+0.201	+0.148	+3.185	+0.187	+0.343	+3.286	+2.137	+0.164	+0.151	+2.174	+0.132	+0.130	+0.870	+0.690	+3.203	+2.224	+0.132	+3.194	+2.290	-0.320	+0.292	+3.222	+0.276	+2.596	+1.373	+2.969	+2.530	+3.173	+0.993	-0.212	+2.544	-0.231	-0.189	
rs6656934      +0.663	-0.238	+0.663	-0.235	-0.234	-0.231	-0.229	-0.226	-0.137	-0.226	-0.210	-0.192	-0.048	+2.058	+0.291	-0.150	+1.781	-0.128	+1.396	+1.463	+0.299	-0.433	-0.168	+2.049	+1.561	+2.020	-0.219	-0.428	-0.422	-0.422	+1.143	+1.883	+1.893	+1.893	+2.004	-0.104	-0.423	+1.152	-0.094	+2.624	-0.383	-0.096	+1.908	-0.422	-0.422	-0.095	-0.103	-0.089	-0.095	+1.165	+1.898	-0.094	-0.096	+1.158	+2.125	+2.242	-0.096	+2.199	+2.194	+2.193	-0.368	-0.368	+1.545	-0.398	-0.299	-0.304	-0.234	-0.241	+1.237	-0.299	-0.294	-0.402	-0.380	-0.379	-0.379	-0.401	-0.381	-0.390	-0.434	-0.378	-0.432	-0.409	+1.184	-0.450	+0.571	-0.494	-0.310	+0.864	+0.198	+0.056	+0.872	-0.087	-0.065	+0.170	+0.158	+0.170	+0.165	-0.476	+0.104	+0.359	-0.461	-0.462	+0.339	+0.316	+0.202	+2.102	+0.530	+0.086	+0.369	+0.560	-0.006	+0.109	+0.588	+1.526	+1.526	-0.453	-0.152	+0.029	+0.073	+1.519	+1.523	+0.060	+1.522	+0.031	+0.054	-0.056	+1.471	+0.044	-0.416	+0.327	+0.846	+2.063	+0.112	+2.058	+4.040	+0.595	+2.190	+4.030	+2.186	+4.028	+0.847	+3.973	+0.937	+0.388	+3.947	+0.852	+0.402	+0.211	+0.158	+3.193	+0.197	+0.349	+3.294	+2.148	+0.174	+0.161	+2.185	+0.142	+0.139	+0.875	+0.700	+3.211	+2.235	+0.141	+3.201	+2.301	-0.313	+0.301	+3.232	+0.284	+2.602	+1.381	+2.977	+2.536	+3.183	+0.998	-0.204	+2.552	-0.224	-0.181	
rs2377804      +0.646	-0.244	+0.647	-0.241	-0.241	-0.239	-0.236	-0.233	-0.226	-0.146	-0.214	-0.198	-0.052	+2.058	+0.288	-0.158	+1.779	-0.136	+1.393	+1.460	+0.289	-0.441	-0.176	+2.049	+1.550	+2.019	-0.225	-0.436	-0.429	-0.429	+1.124	+1.881	+1.891	+1.892	+2.003	-0.112	-0.430	+1.133	-0.102	+2.619	-0.392	-0.104	+1.906	-0.429	-0.429	-0.103	-0.111	-0.097	-0.103	+1.146	+1.896	-0.102	-0.104	+1.139	+2.124	+2.242	-0.104	+2.198	+2.193	+2.192	-0.376	-0.376	+1.543	-0.406	-0.307	-0.312	-0.240	-0.248	+1.218	-0.308	-0.302	-0.409	-0.386	-0.385	-0.385	-0.408	-0.387	-0.396	-0.442	-0.384	-0.440	-0.415	+1.166	-0.458	+0.565	-0.502	-0.320	+0.852	+0.185	+0.048	+0.860	-0.095	-0.072	+0.157	+0.149	+0.157	+0.152	-0.485	+0.092	+0.351	-0.470	-0.471	+0.332	+0.309	+0.189	+2.093	+0.524	+0.078	+0.356	+0.546	-0.017	+0.101	+0.582	+1.513	+1.512	-0.462	-0.161	+0.022	+0.065	+1.506	+1.510	+0.052	+1.509	+0.024	+0.046	-0.064	+1.458	+0.038	-0.422	+0.319	+0.832	+2.050	+0.105	+2.044	+4.029	+0.586	+2.177	+4.019	+2.172	+4.017	+0.842	+3.961	+0.923	+0.380	+3.936	+0.846	+0.394	+0.199	+0.146	+3.182	+0.184	+0.341	+3.282	+2.135	+0.161	+0.149	+2.172	+0.130	+0.127	+0.869	+0.686	+3.199	+2.222	+0.129	+3.190	+2.287	-0.321	+0.289	+3.219	+0.272	+2.592	+1.370	+2.965	+2.525	+3.170	+0.993	-0.213	+2.540	-0.233	-0.190	
rs1539435      +0.691	-0.230	+0.691	-0.227	-0.227	-0.222	-0.219	-0.216	-0.210	-0.214	-0.113	-0.175	-0.036	+2.058	+0.301	-0.127	+1.783	-0.106	+1.403	+1.469	+0.326	-0.411	-0.146	+2.049	+1.582	+2.020	-0.205	-0.409	-0.404	-0.404	+1.177	+1.886	+1.896	+1.896	+2.007	-0.081	-0.404	+1.186	-0.071	+2.633	-0.362	-0.073	+1.911	-0.404	-0.404	-0.073	-0.081	-0.066	-0.073	+1.199	+1.901	-0.071	-0.074	+1.192	+2.127	+2.244	-0.073	+2.201	+2.196	+2.194	-0.346	-0.346	+1.550	-0.376	-0.277	-0.282	-0.216	-0.223	+1.272	-0.277	-0.272	-0.385	-0.364	-0.363	-0.363	-0.384	-0.365	-0.374	-0.413	-0.362	-0.411	-0.391	+1.218	-0.428	+0.587	-0.472	-0.287	+0.892	+0.225	+0.076	+0.900	-0.067	-0.044	+0.197	+0.183	+0.197	+0.192	-0.453	+0.131	+0.379	-0.438	-0.439	+0.357	+0.336	+0.230	+2.124	+0.548	+0.105	+0.397	+0.588	+0.017	+0.128	+0.605	+1.556	+1.555	-0.430	-0.130	+0.048	+0.092	+1.548	+1.553	+0.080	+1.552	+0.050	+0.073	-0.036	+1.500	+0.063	-0.396	+0.346	+0.873	+2.095	+0.131	+2.089	+4.062	+0.614	+2.222	+4.052	+2.217	+4.050	+0.863	+3.994	+0.964	+0.406	+3.969	+0.867	+0.421	+0.237	+0.184	+3.215	+0.223	+0.368	+3.315	+2.180	+0.200	+0.187	+2.217	+0.168	+0.165	+0.891	+0.727	+3.232	+2.267	+0.167	+3.223	+2.333	-0.292	+0.326	+3.261	+0.309	+2.623	+1.405	+3.002	+2.557	+3.212	+1.014	-0.180	+2.577	-0.204	-0.157	
rs751808       +0.891	-0.192	+0.892	-0.190	-0.190	-0.198	-0.200	-0.197	-0.192	-0.198	-0.175	+0.002	-0.022	+2.041	+0.307	-0.200	+1.768	-0.191	+1.402	+1.467	+0.021	-0.260	-0.208	+2.032	+1.312	+2.003	-0.179	-0.273	-0.258	-0.259	+1.389	+1.867	+1.877	+1.877	+1.987	-0.184	-0.261	+1.397	-0.179	+2.612	-0.263	-0.179	+1.891	-0.260	-0.260	-0.179	-0.184	-0.176	-0.179	+1.411	+1.881	-0.178	-0.180	+1.404	+2.106	+2.224	-0.180	+2.180	+2.175	+2.174	-0.245	-0.246	+1.553	-0.276	-0.260	-0.260	-0.194	-0.209	+1.468	-0.262	-0.266	-0.219	-0.184	-0.183	-0.183	-0.217	-0.185	-0.200	-0.230	-0.181	-0.223	-0.230	+1.411	-0.326	+1.124	-0.349	-0.280	+0.747	+0.179	+0.135	+0.753	-0.001	+0.020	+0.135	+0.130	+0.135	+0.131	-0.365	+0.077	+0.431	-0.361	-0.362	+0.564	+0.391	+0.167	+1.989	+0.768	+0.181	+0.346	+0.336	-0.048	+0.209	+0.835	+1.338	+1.338	-0.362	-0.032	+0.257	+0.174	+1.332	+1.336	+0.162	+1.335	+0.260	+0.156	+0.050	+1.287	+0.274	-0.180	+0.422	+0.817	+1.825	+0.345	+1.822	+3.816	+0.685	+1.943	+3.806	+1.939	+3.803	+1.136	+3.749	+0.691	+0.480	+3.724	+1.141	+0.493	+0.075	+0.036	+3.056	+0.061	+0.442	+3.136	+1.906	+0.042	+0.032	+1.940	+0.016	+0.014	+1.165	+0.484	+3.057	+1.987	+0.016	+3.048	+2.047	-0.197	+0.307	+3.016	+0.291	+2.714	+1.545	+2.860	+2.645	+2.972	+1.294	-0.139	+2.398	-0.116	-0.118	
rs941280       +1.296	-0.048	+1.297	-0.047	-0.046	-0.051	-0.053	-0.051	-0.048	-0.052	-0.036	-0.022	+0.226	+2.009	+0.369	-0.043	+1.739	-0.036	+1.387	+1.449	+0.142	-0.007	-0.050	+2.000	+1.613	+1.972	+0.045	-0.124	-0.121	-0.121	+1.842	+1.840	+1.850	+1.850	+1.958	-0.028	-0.121	+1.851	-0.024	+2.602	-0.063	-0.024	+1.864	-0.121	-0.121	-0.024	-0.027	-0.021	-0.024	+1.866	+1.855	-0.023	-0.024	+1.857	+2.076	+2.191	-0.024	+2.149	+2.144	+2.142	-0.067	-0.067	+1.540	-0.071	-0.077	-0.078	-0.029	-0.041	+1.925	-0.079	-0.081	-0.107	-0.092	-0.091	-0.091	-0.106	-0.092	-0.099	-0.048	-0.090	-0.052	-0.111	+1.864	-0.116	+1.097	-0.129	+0.044	+1.137	+0.527	+0.291	+1.144	+0.164	+0.181	+0.481	+0.518	+0.482	+0.477	-0.072	+0.417	+0.574	-0.047	-0.050	+0.969	+0.535	+0.512	+2.187	+1.196	+0.343	+0.676	+0.624	+0.101	+0.370	+1.244	+1.766	+1.765	-0.047	+0.169	+0.626	+0.337	+1.759	+1.763	+0.325	+1.762	+0.628	+0.319	+0.220	+1.715	+0.640	-0.002	+0.576	+1.103	+2.282	+0.718	+2.275	+4.247	+0.810	+2.406	+4.237	+2.401	+4.235	+1.496	+4.179	+0.974	+0.631	+4.155	+1.501	+0.645	+0.283	+0.246	+3.228	+0.270	+0.596	+3.302	+2.363	+0.252	+0.241	+2.397	+0.226	+0.224	+1.527	+0.763	+3.223	+2.444	+0.225	+3.215	+2.505	+0.001	+0.612	+3.412	+0.595	+3.267	+2.154	+3.330	+3.193	+3.366	+1.667	+0.219	+3.040	+0.075	+0.244	
rs879037       +2.063	+2.058	+2.062	+2.058	+2.058	+2.059	+2.058	+2.058	+2.058	+2.058	+2.058	+2.041	+2.009	+2.488	+2.092	+2.076	+2.324	+2.080	+2.183	+2.200	+2.231	+2.167	+2.072	+2.448	+2.161	+2.430	+2.006	+2.074	+2.068	+2.067	+2.215	+2.324	+2.328	+2.328	+2.377	+2.089	+2.067	+2.218	+2.092	+3.040	+2.073	+2.091	+2.334	+2.066	+2.066	+2.091	+2.089	+2.093	+2.091	+2.225	+2.329	+2.092	+2.091	+2.229	+2.440	+2.513	+2.092	+2.486	+2.483	+2.482	+2.089	+2.088	+2.203	+2.082	+2.072	+2.071	+2.042	+2.046	+2.276	+2.070	+2.066	+2.049	+2.047	+2.047	+2.047	+2.049	+2.046	+2.046	+2.118	+2.046	+2.114	+2.049	+2.256	+2.059	+2.220	+2.044	+2.046	+3.800	+2.312	+2.254	+3.806	+2.176	+2.172	+2.304	+2.423	+2.305	+2.302	+2.079	+2.277	+2.511	+2.099	+2.097	+3.331	+2.480	+2.343	+4.209	+3.579	+2.378	+2.500	+2.448	+2.104	+2.405	+3.629	+4.477	+4.476	+2.094	+2.237	+3.216	+2.378	+4.469	+4.473	+2.367	+4.472	+3.218	+2.362	+2.289	+4.415	+3.226	+2.421	+2.606	+2.866	+5.048	+3.284	+5.021	+5.920	+2.803	+5.195	+5.906	+5.190	+5.904	+3.863	+5.852	+2.820	+2.620	+5.827	+3.869	+2.634	+2.339	+2.324	+5.256	+2.339	+2.589	+5.322	+5.139	+2.321	+2.312	+5.174	+2.299	+2.297	+3.894	+2.650	+5.242	+5.220	+2.299	+5.233	+5.288	+2.079	+2.565	+6.735	+2.550	+5.035	+4.464	+5.738	+4.967	+6.676	+3.999	+2.263	+5.324	+2.099	+2.286	
rs200415763    +1.785	+0.291	+1.786	+0.292	+0.292	+0.288	+0.286	+0.288	+0.291	+0.288	+0.301	+0.307	+0.369	+2.092	+0.618	+0.301	+1.842	+0.302	+1.563	+1.620	+0.431	+0.278	+0.298	+2.081	+1.476	+2.055	+0.264	+0.246	+0.256	+0.255	+2.267	+1.929	+1.937	+1.937	+2.038	+0.305	+0.255	+2.277	+0.307	+2.739	+0.292	+0.306	+1.951	+0.256	+0.256	+0.306	+0.305	+0.308	+0.306	+2.291	+1.942	+0.307	+0.306	+2.278	+2.150	+2.260	+0.306	+2.219	+2.215	+2.214	+0.327	+0.326	+1.659	+0.285	+0.291	+0.291	+0.277	+0.276	+2.353	+0.288	+0.280	+0.285	+0.310	+0.310	+0.310	+0.286	+0.309	+0.298	+0.291	+0.312	+0.296	+0.277	+2.290	+0.259	+1.469	+0.230	+0.265	+1.881	+0.900	+0.628	+1.888	+0.508	+0.522	+0.849	+0.658	+0.848	+0.844	+0.221	+0.779	+0.914	+0.227	+0.227	+1.137	+0.878	+0.888	+2.718	+1.343	+0.716	+1.093	+0.993	+0.613	+0.746	+1.389	+2.580	+2.579	+0.217	+0.534	+0.872	+0.713	+2.571	+2.576	+0.701	+2.574	+0.874	+0.695	+0.595	+2.515	+0.888	+0.436	+0.956	+1.606	+3.135	+0.951	+3.117	+4.455	+1.212	+3.273	+4.442	+3.268	+4.440	+1.637	+4.386	+1.391	+1.005	+4.361	+1.642	+1.019	+0.806	+0.770	+3.817	+0.794	+0.969	+3.883	+3.224	+0.773	+0.761	+3.263	+0.743	+0.741	+1.666	+1.177	+3.802	+3.316	+0.743	+3.794	+3.385	+0.389	+1.081	+4.172	+1.063	+3.548	+2.374	+3.572	+3.476	+4.125	+1.795	+0.381	+3.139	+0.459	+0.401	
rs61779334     +0.736	-0.150	+0.737	-0.148	-0.147	-0.158	-0.160	-0.157	-0.150	-0.158	-0.127	-0.200	-0.043	+2.076	+0.301	-0.078	+1.802	-0.143	+1.428	+1.493	+0.129	-0.346	-0.166	+2.067	+1.340	+2.038	-0.217	-0.260	-0.240	-0.241	+1.217	+1.902	+1.912	+1.912	+2.022	-0.161	-0.244	+1.225	-0.153	+2.646	-0.333	-0.153	+1.926	-0.243	-0.243	-0.153	-0.161	-0.148	-0.153	+1.238	+1.917	-0.153	-0.157	+1.233	+2.142	+2.260	-0.160	+2.216	+2.211	+2.210	-0.250	-0.252	+1.591	-0.347	-0.290	-0.290	-0.250	-0.265	+1.296	-0.294	-0.302	-0.190	-0.145	-0.143	-0.143	-0.188	-0.146	-0.166	-0.317	-0.142	-0.310	-0.206	+1.241	-0.400	+1.264	-0.427	-0.347	+0.705	+0.056	+0.087	+0.710	-0.054	-0.033	+0.014	+0.071	+0.015	+0.011	-0.446	-0.039	+0.388	-0.443	-0.444	+0.670	+0.348	+0.044	+1.990	+0.895	+0.130	+0.215	+0.239	-0.146	+0.158	+0.964	+1.307	+1.306	-0.446	-0.100	+0.291	+0.122	+1.300	+1.304	+0.109	+1.303	+0.294	+0.103	-0.006	+1.254	+0.308	-0.184	+0.376	+0.675	+1.799	+0.388	+1.798	+3.819	+0.626	+1.918	+3.810	+1.914	+3.808	+1.277	+3.752	+0.591	+0.436	+3.728	+1.281	+0.449	-0.035	-0.075	+3.043	-0.049	+0.398	+3.124	+1.880	-0.067	-0.078	+1.915	-0.093	-0.095	+1.308	+0.383	+3.044	+1.961	-0.093	+3.035	+2.021	-0.262	+0.177	+2.987	+0.162	+2.712	+1.487	+2.808	+2.641	+2.942	+1.452	-0.209	+2.372	-0.175	-0.188	
rs139622852    +1.814	+1.780	+1.814	+1.780	+1.781	+1.780	+1.780	+1.780	+1.781	+1.779	+1.783	+1.768	+1.739	+2.324	+1.842	+1.802	+2.198	+1.807	+1.976	+2.000	+1.969	+1.868	+1.797	+2.320	+1.954	+2.292	+1.723	+1.780	+1.775	+1.775	+1.986	+2.163	+2.169	+2.169	+2.243	+1.817	+1.775	+1.990	+1.821	+2.910	+1.792	+1.820	+2.178	+1.775	+1.775	+1.820	+1.818	+1.822	+1.820	+1.997	+2.171	+1.821	+1.821	+2.001	+2.328	+2.420	+1.821	+2.385	+2.382	+2.381	+1.802	+1.801	+1.995	+1.799	+1.792	+1.791	+1.773	+1.774	+2.051	+1.791	+1.787	+1.765	+1.765	+1.765	+1.765	+1.764	+1.765	+1.764	+1.824	+1.765	+1.821	+1.764	+2.029	+1.777	+2.004	+1.763	+1.773	+3.468	+2.037	+2.012	+3.473	+1.917	+1.925	+2.029	+2.156	+2.029	+2.026	+1.793	+2.000	+2.281	+1.811	+1.809	+3.062	+2.249	+2.066	+3.992	+3.309	+2.123	+2.220	+2.181	+1.831	+2.150	+3.361	+4.135	+4.134	+1.805	+1.972	+2.945	+2.122	+4.127	+4.131	+2.111	+4.129	+2.946	+2.106	+2.030	+4.072	+2.955	+2.144	+2.353	+2.589	+4.702	+3.014	+4.678	+5.676	+2.553	+4.848	+5.662	+4.843	+5.660	+3.602	+5.607	+2.547	+2.368	+5.581	+3.609	+2.382	+2.065	+2.036	+4.984	+2.052	+2.336	+5.051	+4.794	+2.035	+2.026	+4.829	+2.012	+2.011	+3.634	+2.360	+4.973	+4.877	+2.013	+4.964	+4.945	+1.811	+2.276	+6.349	+2.261	+4.758	+4.115	+5.361	+4.690	+6.291	+3.739	+1.972	+4.958	+1.836	+1.995	
rs114965557    +0.768	-0.128	+0.769	-0.126	-0.126	-0.136	-0.139	-0.135	-0.128	-0.136	-0.106	-0.191	-0.036	+2.080	+0.302	-0.143	+1.807	-0.053	+1.436	+1.501	+0.113	-0.322	-0.148	+2.070	+1.343	+2.041	-0.206	-0.235	-0.215	-0.216	+1.249	+1.906	+1.916	+1.916	+2.026	-0.153	-0.220	+1.258	-0.146	+2.654	-0.311	-0.146	+1.930	-0.218	-0.218	-0.146	-0.153	-0.142	-0.146	+1.271	+1.921	-0.146	-0.149	+1.265	+2.146	+2.262	-0.152	+2.219	+2.214	+2.213	-0.217	-0.220	+1.599	-0.325	-0.266	-0.266	-0.237	-0.251	+1.329	-0.270	-0.279	-0.165	-0.119	-0.118	-0.118	-0.163	-0.120	-0.141	-0.293	-0.116	-0.286	-0.181	+1.273	-0.378	+1.299	-0.404	-0.327	+0.729	+0.076	+0.106	+0.734	-0.035	-0.013	+0.034	+0.090	+0.035	+0.032	-0.423	-0.018	+0.407	-0.421	-0.421	+0.701	+0.367	+0.065	+2.006	+0.927	+0.150	+0.236	+0.253	-0.129	+0.178	+0.996	+1.331	+1.331	-0.423	-0.077	+0.321	+0.142	+1.325	+1.329	+0.130	+1.328	+0.324	+0.124	+0.014	+1.279	+0.337	-0.157	+0.396	+0.695	+1.824	+0.418	+1.823	+3.830	+0.646	+1.944	+3.820	+1.939	+3.818	+1.311	+3.763	+0.604	+0.455	+3.738	+1.315	+0.469	-0.018	-0.057	+3.060	-0.032	+0.417	+3.140	+1.906	-0.050	-0.060	+1.940	-0.076	-0.078	+1.342	+0.397	+3.060	+1.987	-0.076	+3.051	+2.047	-0.240	+0.198	+3.010	+0.183	+2.740	+1.518	+2.830	+2.669	+2.966	+1.486	-0.186	+2.392	-0.154	-0.165	
rs15733        +1.515	+1.396	+1.515	+1.397	+1.397	+1.395	+1.394	+1.394	+1.396	+1.393	+1.403	+1.402	+1.387	+2.183	+1.563	+1.428	+1.976	+1.436	+1.793	+1.774	+1.640	+1.430	+1.419	+2.175	+1.796	+2.151	+1.334	+1.354	+1.354	+1.354	+1.741	+2.057	+2.064	+2.065	+2.150	+1.452	+1.354	+1.746	+1.457	+2.987	+1.392	+1.456	+2.076	+1.354	+1.354	+1.456	+1.452	+1.459	+1.456	+1.754	+2.069	+1.457	+1.456	+1.758	+2.252	+2.349	+1.458	+2.313	+2.309	+2.309	+1.387	+1.387	+1.854	+1.401	+1.398	+1.396	+1.411	+1.407	+1.816	+1.397	+1.395	+1.361	+1.370	+1.370	+1.370	+1.361	+1.370	+1.366	+1.399	+1.371	+1.398	+1.359	+1.788	+1.379	+1.689	+1.358	+1.325	+3.014	+1.636	+1.550	+3.021	+1.474	+1.471	+1.623	+1.704	+1.623	+1.620	+1.378	+1.592	+1.835	+1.392	+1.391	+2.544	+1.802	+1.650	+3.475	+2.783	+1.639	+1.793	+1.778	+1.437	+1.661	+2.850	+3.799	+3.798	+1.403	+1.538	+2.376	+1.635	+3.790	+3.795	+1.625	+3.793	+2.378	+1.621	+1.551	+3.738	+2.391	+1.675	+1.850	+2.162	+4.375	+2.447	+4.353	+5.159	+2.037	+4.526	+5.148	+4.521	+5.146	+3.109	+5.094	+2.131	+1.870	+5.070	+3.115	+1.882	+1.631	+1.613	+4.474	+1.630	+1.839	+4.546	+4.473	+1.614	+1.605	+4.509	+1.591	+1.589	+3.140	+1.960	+4.469	+4.557	+1.592	+4.460	+4.626	+1.386	+1.832	+5.935	+1.817	+4.198	+3.691	+5.043	+4.133	+5.874	+3.249	+1.618	+4.622	+1.404	+1.642	
rs6525         +1.573	+1.462	+1.573	+1.463	+1.463	+1.461	+1.460	+1.461	+1.463	+1.460	+1.469	+1.467	+1.449	+2.200	+1.620	+1.493	+2.000	+1.501	+1.774	+1.864	+1.702	+1.502	+1.485	+2.192	+1.832	+2.169	+1.399	+1.424	+1.423	+1.423	+1.793	+2.079	+2.086	+2.086	+2.170	+1.517	+1.423	+1.797	+1.522	+3.010	+1.463	+1.521	+2.097	+1.423	+1.423	+1.521	+1.517	+1.524	+1.521	+1.806	+2.091	+1.522	+1.521	+1.810	+2.270	+2.365	+1.523	+2.330	+2.326	+2.326	+1.456	+1.456	+1.885	+1.471	+1.465	+1.464	+1.476	+1.472	+1.867	+1.465	+1.462	+1.429	+1.437	+1.438	+1.438	+1.429	+1.437	+1.433	+1.469	+1.438	+1.468	+1.427	+1.840	+1.449	+1.736	+1.427	+1.394	+3.119	+1.715	+1.616	+3.126	+1.540	+1.537	+1.702	+1.774	+1.703	+1.699	+1.449	+1.672	+1.900	+1.463	+1.462	+2.617	+1.868	+1.729	+3.554	+2.855	+1.705	+1.874	+1.855	+1.508	+1.727	+2.923	+3.907	+3.906	+1.475	+1.607	+2.445	+1.701	+3.899	+3.903	+1.691	+3.902	+2.448	+1.687	+1.618	+3.845	+2.460	+1.740	+1.915	+2.244	+4.485	+2.516	+4.463	+5.244	+2.102	+4.636	+5.232	+4.630	+5.230	+3.179	+5.179	+2.207	+1.935	+5.154	+3.186	+1.947	+1.704	+1.686	+4.554	+1.703	+1.905	+4.626	+4.580	+1.686	+1.677	+4.616	+1.664	+1.662	+3.211	+2.036	+4.548	+4.665	+1.665	+4.540	+4.733	+1.455	+1.911	+6.054	+1.897	+4.290	+3.799	+5.153	+4.225	+5.992	+3.321	+1.694	+4.729	+1.470	+1.718	
rs2889739      +1.172	+0.298	+1.172	+0.300	+0.301	+0.289	+0.285	+0.289	+0.299	+0.289	+0.326	+0.021	+0.142	+2.231	+0.431	+0.129	+1.969	+0.113	+1.640	+1.702	+0.304	+0.003	+0.136	+2.218	+1.484	+2.191	+0.010	+0.099	+0.122	+0.120	+1.676	+2.064	+2.074	+2.075	+2.180	+0.088	+0.116	+1.685	+0.087	+2.871	-0.001	+0.086	+2.089	+0.118	+0.118	+0.086	+0.087	+0.086	+0.086	+1.699	+2.080	+0.085	+0.084	+1.694	+2.296	+2.409	+0.080	+2.368	+2.363	+2.362	+0.161	+0.157	+1.817	-0.014	+0.057	+0.058	+0.000	-0.008	+1.756	+0.049	+0.030	+0.175	+0.224	+0.225	+0.225	+0.178	+0.223	+0.200	+0.034	+0.226	+0.041	+0.158	+1.697	-0.067	+1.744	-0.085	-0.037	+1.064	+0.418	+0.398	+1.069	+0.259	+0.279	+0.364	+0.372	+0.365	+0.361	-0.109	+0.310	+0.699	-0.107	-0.107	+1.083	+0.659	+0.388	+2.267	+1.319	+0.449	+0.564	+0.491	+0.140	+0.479	+1.387	+1.673	+1.672	-0.113	+0.249	+0.684	+0.444	+1.666	+1.670	+0.431	+1.669	+0.686	+0.425	+0.317	+1.621	+0.700	+0.190	+0.697	+1.033	+2.173	+0.785	+2.170	+4.042	+0.946	+2.294	+4.031	+2.289	+4.029	+1.709	+3.975	+0.835	+0.755	+3.950	+1.712	+0.768	+0.247	+0.212	+3.324	+0.233	+0.717	+3.392	+2.255	+0.216	+0.206	+2.290	+0.191	+0.189	+1.741	+0.634	+3.312	+2.337	+0.191	+3.303	+2.397	+0.071	+0.524	+3.342	+0.509	+3.150	+1.939	+3.135	+3.075	+3.297	+1.890	+0.130	+2.691	+0.154	+0.152	
rs41270827     +0.304	-0.434	+0.304	-0.431	-0.431	-0.441	-0.444	-0.440	-0.433	-0.441	-0.411	-0.260	-0.007	+2.167	+0.278	-0.346	+1.868	-0.322	+1.430	+1.502	+0.003	-0.379	-0.363	+2.157	+1.582	+2.126	-0.238	-0.530	-0.511	-0.511	+0.745	+1.981	+1.991	+1.991	+2.109	-0.300	-0.513	+0.753	-0.290	+2.654	-0.588	-0.291	+2.006	-0.512	-0.512	-0.291	-0.300	-0.284	-0.290	+0.766	+1.996	-0.289	-0.291	+0.759	+2.237	+2.363	-0.290	+2.315	+2.309	+2.307	-0.571	-0.572	+1.613	-0.605	-0.498	-0.503	-0.308	-0.333	+0.833	-0.499	-0.491	-0.471	-0.422	-0.421	-0.420	-0.469	-0.423	-0.445	-0.539	-0.419	-0.532	-0.488	+0.784	-0.659	+0.491	-0.700	-0.506	+0.562	-0.073	-0.113	+0.568	-0.265	-0.240	-0.104	-0.023	-0.103	-0.107	-0.687	-0.162	+0.197	-0.673	-0.675	+0.220	+0.154	-0.081	+1.914	+0.420	-0.084	+0.104	+0.292	-0.273	-0.060	+0.485	+1.207	+1.207	-0.663	-0.366	-0.129	-0.097	+1.200	+1.204	-0.111	+1.203	-0.127	-0.117	-0.232	+1.153	-0.113	-0.602	+0.164	+0.572	+1.727	-0.041	+1.725	+4.063	+0.425	+1.852	+4.054	+1.848	+4.051	+0.763	+3.993	+0.690	+0.228	+3.967	+0.766	+0.242	-0.113	-0.163	+2.975	-0.128	+0.189	+3.074	+1.811	-0.149	-0.161	+1.847	-0.178	-0.181	+0.790	+0.453	+2.991	+1.896	-0.179	+2.982	+1.959	-0.514	+0.057	+2.937	+0.040	+2.545	+1.245	+2.850	+2.476	+2.887	+0.919	-0.399	+2.542	-0.417	-0.376	
rs11584399     +0.712	-0.168	+0.713	-0.166	-0.166	-0.176	-0.179	-0.175	-0.168	-0.176	-0.146	-0.208	-0.050	+2.072	+0.298	-0.166	+1.797	-0.148	+1.419	+1.485	+0.136	-0.363	-0.097	+2.063	+1.336	+2.034	-0.226	-0.279	-0.258	-0.260	+1.193	+1.897	+1.907	+1.907	+2.018	-0.167	-0.263	+1.201	-0.158	+2.638	-0.350	-0.158	+1.922	-0.261	-0.261	-0.158	-0.167	-0.153	-0.158	+1.214	+1.912	-0.158	-0.162	+1.208	+2.138	+2.256	-0.166	+2.212	+2.207	+2.206	-0.274	-0.276	+1.583	-0.364	-0.307	-0.308	-0.260	-0.276	+1.272	-0.311	-0.318	-0.209	-0.164	-0.163	-0.162	-0.207	-0.165	-0.185	-0.335	-0.161	-0.328	-0.225	+1.217	-0.417	+1.235	-0.444	-0.362	+0.687	+0.041	+0.072	+0.693	-0.070	-0.048	-0.000	+0.057	+0.001	-0.003	-0.463	-0.053	+0.373	-0.460	-0.460	+0.648	+0.333	+0.030	+1.978	+0.872	+0.114	+0.200	+0.228	-0.159	+0.142	+0.941	+1.289	+1.288	-0.462	-0.118	+0.270	+0.107	+1.282	+1.286	+0.094	+1.285	+0.273	+0.088	-0.022	+1.236	+0.287	-0.204	+0.360	+0.660	+1.781	+0.367	+1.780	+3.812	+0.611	+1.900	+3.802	+1.895	+3.800	+1.254	+3.744	+0.581	+0.420	+3.719	+1.258	+0.434	-0.048	-0.088	+3.031	-0.062	+0.382	+3.113	+1.862	-0.080	-0.091	+1.896	-0.106	-0.108	+1.285	+0.373	+3.032	+1.943	-0.106	+3.024	+2.003	-0.278	+0.162	+2.970	+0.147	+2.695	+1.468	+2.794	+2.624	+2.925	+1.428	-0.225	+2.358	-0.191	-0.204	
rs1727098      +2.058	+2.049	+2.058	+2.049	+2.049	+2.049	+2.049	+2.049	+2.049	+2.049	+2.049	+2.032	+2.000	+2.448	+2.081	+2.067	+2.320	+2.070	+2.175	+2.192	+2.218	+2.157	+2.063	+2.478	+2.151	+2.447	+1.998	+2.065	+2.058	+2.058	+2.207	+2.320	+2.324	+2.324	+2.373	+2.079	+2.058	+2.210	+2.081	+3.028	+2.064	+2.081	+2.329	+2.057	+2.057	+2.081	+2.079	+2.083	+2.081	+2.217	+2.324	+2.081	+2.081	+2.221	+2.435	+2.509	+2.082	+2.481	+2.478	+2.477	+2.080	+2.079	+2.196	+2.073	+2.063	+2.062	+2.034	+2.037	+2.268	+2.061	+2.057	+2.040	+2.038	+2.037	+2.037	+2.039	+2.037	+2.037	+2.108	+2.036	+2.104	+2.040	+2.248	+2.050	+2.209	+2.035	+2.036	+3.812	+2.303	+2.243	+3.817	+2.165	+2.161	+2.295	+2.412	+2.296	+2.293	+2.070	+2.268	+2.500	+2.090	+2.088	+3.326	+2.469	+2.334	+4.206	+3.574	+2.369	+2.490	+2.438	+2.096	+2.395	+3.625	+4.493	+4.492	+2.083	+2.227	+3.216	+2.368	+4.484	+4.489	+2.357	+4.487	+3.217	+2.353	+2.279	+4.429	+3.226	+2.419	+2.596	+2.855	+5.066	+3.284	+5.040	+5.912	+2.792	+5.215	+5.898	+5.209	+5.896	+3.861	+5.844	+2.808	+2.610	+5.819	+3.868	+2.623	+2.330	+2.315	+5.255	+2.330	+2.578	+5.321	+5.159	+2.313	+2.303	+5.193	+2.290	+2.288	+3.892	+2.638	+5.241	+5.240	+2.290	+5.232	+5.308	+2.069	+2.553	+6.762	+2.538	+5.027	+4.461	+5.737	+4.959	+6.703	+3.998	+2.250	+5.321	+2.089	+2.273	
rs710913       +1.343	+1.557	+1.343	+1.559	+1.560	+1.555	+1.552	+1.555	+1.561	+1.550	+1.582	+1.312	+1.613	+2.161	+1.476	+1.340	+1.954	+1.343	+1.796	+1.832	+1.484	+1.582	+1.336	+2.151	+1.721	+2.128	+1.503	+1.553	+1.571	+1.575	+1.494	+2.042	+2.049	+2.049	+2.134	+1.350	+1.576	+1.498	+1.353	+2.875	+1.335	+1.352	+2.060	+1.578	+1.578	+1.352	+1.350	+1.354	+1.352	+1.504	+2.054	+1.352	+1.352	+1.508	+2.238	+2.334	+1.352	+2.299	+2.295	+2.294	+1.357	+1.357	+1.841	+1.337	+1.336	+1.336	+1.313	+1.310	+1.552	+1.335	+1.330	+1.641	+1.691	+1.692	+1.692	+1.643	+1.690	+1.666	+1.662	+1.694	+1.675	+1.623	+1.531	+1.315	+1.853	+1.446	+1.222	+2.744	+1.437	+1.680	+2.748	+1.577	+1.576	+1.420	+1.511	+1.422	+1.419	+1.345	+1.399	+1.978	+1.323	+1.325	+2.566	+1.942	+1.452	+3.648	+2.808	+1.770	+1.603	+1.570	+1.426	+1.800	+2.893	+3.381	+3.380	+1.258	+1.533	+2.369	+1.768	+3.373	+3.377	+1.757	+3.376	+2.371	+1.751	+1.662	+3.316	+2.382	+1.930	+2.022	+2.001	+3.909	+2.450	+3.897	+4.892	+2.245	+4.046	+4.881	+4.041	+4.879	+3.227	+4.829	+1.902	+2.043	+4.804	+3.230	+2.056	+1.535	+1.517	+4.656	+1.530	+2.007	+4.721	+4.000	+1.515	+1.506	+4.035	+1.493	+1.492	+3.256	+1.743	+4.639	+4.081	+1.494	+4.630	+4.145	+1.378	+1.660	+5.641	+1.647	+4.014	+3.210	+4.572	+3.949	+5.585	+3.369	+1.397	+4.019	+1.417	+1.413	
rs755247       +2.032	+2.019	+2.032	+2.020	+2.020	+2.020	+2.020	+2.020	+2.020	+2.019	+2.020	+2.003	+1.972	+2.430	+2.055	+2.038	+2.292	+2.041	+2.151	+2.169	+2.191	+2.126	+2.034	+2.447	+2.128	+2.447	+1.969	+2.034	+2.028	+2.027	+2.180	+2.302	+2.306	+2.306	+2.358	+2.050	+2.027	+2.184	+2.053	+3.010	+2.035	+2.052	+2.312	+2.027	+2.027	+2.052	+2.050	+2.054	+2.052	+2.190	+2.306	+2.053	+2.053	+2.195	+2.422	+2.498	+2.053	+2.469	+2.466	+2.465	+2.050	+2.049	+2.173	+2.043	+2.033	+2.033	+2.005	+2.008	+2.242	+2.032	+2.028	+2.010	+2.008	+2.008	+2.008	+2.010	+2.008	+2.008	+2.078	+2.007	+2.074	+2.011	+2.222	+2.021	+2.181	+2.005	+2.007	+3.786	+2.275	+2.214	+3.791	+2.137	+2.132	+2.267	+2.382	+2.268	+2.265	+2.041	+2.239	+2.471	+2.060	+2.058	+3.293	+2.439	+2.306	+4.178	+3.541	+2.339	+2.461	+2.411	+2.069	+2.366	+3.593	+4.468	+4.467	+2.053	+2.198	+3.183	+2.339	+4.459	+4.464	+2.328	+4.462	+3.185	+2.323	+2.250	+4.403	+3.193	+2.390	+2.566	+2.827	+5.041	+3.252	+5.015	+5.883	+2.763	+5.190	+5.869	+5.184	+5.867	+3.828	+5.815	+2.780	+2.581	+5.790	+3.835	+2.594	+2.302	+2.287	+5.228	+2.302	+2.549	+5.293	+5.134	+2.285	+2.275	+5.168	+2.262	+2.260	+3.860	+2.610	+5.213	+5.215	+2.262	+5.204	+5.283	+2.040	+2.524	+6.736	+2.509	+4.996	+4.429	+5.707	+4.928	+6.676	+3.965	+2.220	+5.290	+2.060	+2.243	
rs11206276     +1.018	-0.219	+1.019	-0.218	-0.218	-0.224	-0.226	-0.224	-0.219	-0.225	-0.205	-0.179	+0.045	+2.006	+0.264	-0.217	+1.723	-0.206	+1.334	+1.399	+0.010	-0.238	-0.226	+1.998	+1.503	+1.969	+0.008	-0.319	-0.314	-0.314	+1.551	+1.830	+1.840	+1.840	+1.954	-0.194	-0.315	+1.560	-0.189	+2.533	-0.260	-0.190	+1.855	-0.314	-0.314	-0.189	-0.194	-0.186	-0.189	+1.574	+1.844	-0.188	-0.190	+1.565	+2.078	+2.200	-0.189	+2.155	+2.149	+2.148	-0.276	-0.277	+1.484	-0.270	-0.271	-0.273	-0.195	-0.208	+1.633	-0.273	-0.274	-0.294	-0.275	-0.274	-0.274	-0.294	-0.275	-0.284	-0.264	-0.273	-0.266	-0.300	+1.573	-0.316	+0.879	-0.337	-0.174	+0.913	+0.294	+0.097	+0.919	-0.032	-0.013	+0.251	+0.292	+0.251	+0.247	-0.289	+0.188	+0.382	-0.266	-0.269	+0.725	+0.344	+0.284	+2.002	+0.945	+0.163	+0.449	+0.429	-0.070	+0.189	+0.997	+1.539	+1.539	-0.276	-0.030	+0.381	+0.155	+1.532	+1.536	+0.143	+1.535	+0.383	+0.137	+0.034	+1.488	+0.396	-0.201	+0.398	+0.880	+2.055	+0.472	+2.048	+4.042	+0.636	+2.178	+4.031	+2.173	+4.028	+1.251	+3.973	+0.787	+0.455	+3.948	+1.256	+0.468	+0.094	+0.055	+3.049	+0.081	+0.418	+3.130	+2.136	+0.062	+0.052	+2.170	+0.036	+0.034	+1.281	+0.575	+3.050	+2.218	+0.035	+3.042	+2.279	-0.192	+0.393	+3.181	+0.376	+2.996	+1.842	+3.068	+2.923	+3.135	+1.418	-0.016	+2.751	-0.114	+0.008	
rs10465830     +0.456	-0.430	+0.457	-0.428	-0.427	-0.435	-0.438	-0.435	-0.428	-0.436	-0.409	-0.273	-0.124	+2.074	+0.246	-0.260	+1.780	-0.235	+1.354	+1.424	+0.099	-0.530	-0.279	+2.065	+1.553	+2.034	-0.319	-0.315	-0.411	-0.406	+0.924	+1.897	+1.909	+1.909	+2.026	-0.209	-0.413	+0.932	-0.198	+2.572	-0.541	-0.200	+1.924	-0.412	-0.412	-0.199	-0.209	-0.192	-0.199	+0.945	+1.914	-0.197	-0.200	+0.938	+2.154	+2.279	-0.199	+2.232	+2.226	+2.224	-0.496	-0.496	+1.537	-0.555	-0.418	-0.423	-0.319	-0.342	+1.014	-0.418	-0.410	-0.416	-0.364	-0.363	-0.362	-0.415	-0.367	-0.396	-0.535	-0.369	-0.533	-0.436	+0.962	-0.606	+0.441	-0.640	-0.429	+0.616	+0.083	-0.098	+0.623	-0.243	-0.219	+0.053	+0.065	+0.053	+0.048	-0.605	-0.012	+0.205	-0.585	-0.588	+0.198	+0.163	+0.075	+1.902	+0.391	-0.058	+0.249	+0.462	-0.185	-0.035	+0.455	+1.257	+1.256	-0.584	-0.315	-0.122	-0.071	+1.250	+1.254	-0.084	+1.253	-0.119	-0.090	-0.202	+1.204	-0.106	-0.583	+0.184	+0.704	+1.775	-0.037	+1.771	+4.022	+0.449	+1.900	+4.012	+1.896	+4.009	+0.727	+3.952	+0.854	+0.246	+3.926	+0.730	+0.261	-0.000	-0.052	+2.950	-0.014	+0.208	+3.049	+1.860	-0.036	-0.048	+1.896	-0.066	-0.069	+0.754	+0.610	+2.968	+1.946	-0.067	+2.959	+2.010	-0.467	+0.180	+2.966	+0.163	+2.528	+1.279	+2.868	+2.461	+2.917	+0.879	-0.327	+2.558	-0.376	-0.303	
rs66480008     +0.475	-0.424	+0.476	-0.422	-0.421	-0.429	-0.431	-0.429	-0.422	-0.429	-0.404	-0.258	-0.121	+2.068	+0.256	-0.240	+1.775	-0.215	+1.354	+1.423	+0.122	-0.511	-0.258	+2.058	+1.571	+2.028	-0.314	-0.411	-0.296	-0.404	+0.942	+1.891	+1.902	+1.903	+2.019	-0.188	-0.409	+0.951	-0.177	+2.571	-0.524	-0.179	+1.918	-0.409	-0.408	-0.178	-0.188	-0.171	-0.178	+0.964	+1.907	-0.176	-0.179	+0.956	+2.147	+2.271	-0.178	+2.224	+2.218	+2.217	-0.477	-0.477	+1.533	-0.538	-0.398	-0.403	-0.304	-0.327	+1.034	-0.399	-0.390	-0.415	-0.371	-0.370	-0.370	-0.414	-0.373	-0.398	-0.518	-0.375	-0.517	-0.433	+0.982	-0.589	+0.445	-0.622	-0.408	+0.638	+0.110	-0.084	+0.645	-0.228	-0.204	+0.080	+0.090	+0.080	+0.075	-0.585	+0.014	+0.219	-0.564	-0.567	+0.211	+0.177	+0.102	+1.917	+0.403	-0.042	+0.276	+0.492	-0.166	-0.020	+0.466	+1.282	+1.281	-0.563	-0.299	-0.106	-0.056	+1.274	+1.279	-0.069	+1.277	-0.104	-0.075	-0.186	+1.227	-0.091	-0.570	+0.199	+0.731	+1.800	-0.023	+1.796	+4.053	+0.464	+1.926	+4.043	+1.921	+4.041	+0.737	+3.984	+0.886	+0.261	+3.958	+0.740	+0.275	+0.023	-0.029	+2.963	+0.009	+0.222	+3.062	+1.886	-0.013	-0.025	+1.922	-0.044	-0.046	+0.764	+0.640	+2.981	+1.972	-0.044	+2.973	+2.036	-0.451	+0.207	+2.996	+0.189	+2.554	+1.308	+2.899	+2.486	+2.946	+0.889	-0.305	+2.598	-0.361	-0.281	
rs13376177     +0.481	-0.423	+0.482	-0.421	-0.421	-0.429	-0.431	-0.429	-0.422	-0.429	-0.404	-0.259	-0.121	+2.067	+0.255	-0.241	+1.775	-0.216	+1.354	+1.423	+0.120	-0.511	-0.260	+2.058	+1.575	+2.027	-0.314	-0.406	-0.404	-0.297	+0.951	+1.890	+1.901	+1.902	+2.018	-0.190	-0.404	+0.959	-0.179	+2.571	-0.525	-0.180	+1.917	-0.404	-0.404	-0.180	-0.189	-0.173	-0.179	+0.972	+1.906	-0.178	-0.181	+0.965	+2.146	+2.270	-0.180	+2.223	+2.217	+2.216	-0.478	-0.478	+1.533	-0.540	-0.399	-0.405	-0.305	-0.328	+1.041	-0.400	-0.391	-0.413	-0.367	-0.366	-0.366	-0.412	-0.370	-0.396	-0.518	-0.372	-0.518	-0.431	+0.989	-0.590	+0.445	-0.623	-0.410	+0.638	+0.107	-0.085	+0.645	-0.230	-0.206	+0.077	+0.086	+0.077	+0.072	-0.586	+0.011	+0.217	-0.565	-0.568	+0.210	+0.175	+0.099	+1.914	+0.402	-0.044	+0.273	+0.488	-0.167	-0.021	+0.465	+1.280	+1.279	-0.565	-0.299	-0.108	-0.057	+1.273	+1.277	-0.071	+1.276	-0.106	-0.077	-0.187	+1.227	-0.092	-0.570	+0.198	+0.728	+1.799	-0.024	+1.795	+4.045	+0.463	+1.925	+4.035	+1.920	+4.032	+0.736	+3.975	+0.881	+0.260	+3.949	+0.740	+0.274	+0.020	-0.031	+2.961	+0.006	+0.221	+3.060	+1.885	-0.016	-0.028	+1.921	-0.046	-0.049	+0.763	+0.636	+2.979	+1.970	-0.046	+2.970	+2.035	-0.452	+0.204	+2.989	+0.186	+2.548	+1.302	+2.891	+2.481	+2.939	+0.888	-0.307	+2.586	-0.361	-0.283	
