## Summary of overall evidence for association with region:
## log10(BF for region) = 5.64797
## p-value for region = NA

## BFs for choosing among multi-SNP models:
## log10(average 1-SNP BF) = 5.66127
## log10(average 2-SNP BF) = 5.62008

## Example posterior probabilities for multi-SNP models, based on default prior: [p(l) propto 0.5^l for l=1,2,...,L]
## posterior probability of 1-SNP = 0.687399
## posterior probability of 2-SNP = 0.312601

## log10(BF) for single SNP and pair of SNPs:
rs1889873      +6.747	+6.243	+6.251	+6.206	+6.223	+6.268	+6.395	+6.518	+6.406	+6.206	+6.285	+6.239	+6.209	+6.209	+6.212	+6.246	+6.741	+6.213	+6.211	+6.207	+6.691	+6.204	+6.203	+6.203	+6.203	+6.201	+6.201	+6.249	+6.236	+6.200	+6.195	+6.188	+6.195	+6.194	+6.223	+6.195	+6.196	+6.191	+6.208	+6.196	+6.197	+6.197	+6.199	+6.199	+6.199	+6.580	+6.576	+6.552	+6.592	+6.232	+6.551	+6.565	+6.606	+6.588	+6.564	+6.566	+6.563	+6.568	+6.564	+6.555	+6.564	+6.564	+6.564	+6.564	+6.564	+6.564	+6.558	+6.553	+6.563	+6.225	+6.563	+6.557	+6.564	+6.262	+6.564	+6.564	+6.586	+6.564	+6.244	+6.260	+6.576	+6.564	+6.543	+6.565	+6.565	+6.568	+6.569	+6.549	+6.224	+6.495	+6.493	+6.193	+6.501	+6.505	+6.280	+6.252	+6.306	+6.365	+7.256	+6.270	+6.428	+7.237	+6.438	+6.421	+6.292	+6.422	+6.298	+6.342	+6.383	+6.323	+6.328	+6.357	+6.298	+6.435	+6.356	+6.272	+5.971	+6.136	+6.085	+6.080	+6.141	+6.157	+6.158	+6.144	+6.124	+6.147	+6.166	
rs12258591     +6.243	+1.094	+1.092	+1.004	+1.052	+1.110	+1.272	+1.448	+1.293	+1.004	+1.156	+1.074	+1.007	+1.007	+1.005	+1.063	+6.208	+1.006	+1.004	+1.004	+6.082	+0.997	+0.996	+0.995	+0.993	+0.991	+0.989	+0.905	+1.037	+0.987	+0.981	+0.969	+0.977	+0.975	+1.016	+0.976	+0.976	+0.965	+0.988	+0.975	+0.977	+0.978	+0.973	+0.973	+0.973	+5.718	+5.658	+5.722	+5.849	+1.022	+5.157	+5.692	+4.955	+4.994	+5.688	+5.692	+5.643	+5.589	+5.709	+5.613	+5.586	+5.581	+5.581	+5.578	+5.577	+5.575	+5.642	+5.630	+5.564	+1.010	+5.562	+5.597	+5.555	+1.062	+5.552	+5.549	+5.431	+5.548	+1.036	+1.087	+5.489	+5.549	+5.693	+5.543	+5.543	+5.524	+5.505	+5.558	+1.003	+5.407	+5.412	+0.918	+5.645	+5.441	+1.086	+0.899	+1.029	+0.824	+1.622	+0.715	+0.887	+1.612	+0.905	+0.889	+0.755	+0.893	+0.761	+0.810	+0.827	+0.771	+0.776	+0.820	+0.748	+0.887	+0.818	+0.715	+0.458	+0.525	+0.494	+0.492	+0.523	+0.535	+0.536	+0.529	+0.516	+0.531	+0.543	
rs16924656     +6.251	+1.092	+1.122	+1.025	+1.064	+1.121	+1.278	+1.451	+1.298	+1.025	+1.167	+1.086	+1.027	+1.027	+1.025	+1.084	+6.216	+1.026	+1.024	+1.024	+6.090	+1.018	+1.017	+1.016	+1.015	+1.013	+1.012	+0.929	+1.062	+1.010	+1.005	+0.998	+1.001	+0.999	+1.048	+0.999	+0.999	+0.989	+1.009	+0.998	+1.000	+1.000	+0.998	+0.998	+0.998	+5.728	+5.668	+5.732	+5.858	+1.047	+5.167	+5.702	+4.965	+5.005	+5.698	+5.702	+5.653	+5.599	+5.719	+5.623	+5.596	+5.591	+5.591	+5.589	+5.587	+5.585	+5.652	+5.641	+5.574	+1.033	+5.572	+5.607	+5.565	+1.076	+5.563	+5.559	+5.441	+5.559	+1.057	+1.102	+5.499	+5.559	+5.702	+5.554	+5.554	+5.535	+5.515	+5.568	+1.027	+5.416	+5.424	+0.939	+5.655	+5.452	+1.098	+0.924	+1.044	+0.850	+1.646	+0.741	+0.912	+1.636	+0.930	+0.914	+0.780	+0.918	+0.786	+0.836	+0.852	+0.795	+0.800	+0.845	+0.772	+0.912	+0.843	+0.741	+0.484	+0.550	+0.520	+0.517	+0.548	+0.560	+0.561	+0.554	+0.541	+0.555	+0.567	
rs58400505     +6.206	+1.004	+1.025	+0.974	+1.033	+1.105	+1.255	+1.445	+1.281	+0.959	+1.105	+1.069	+0.965	+0.965	+0.954	+0.987	+6.170	+0.955	+0.951	+0.958	+6.042	+0.947	+0.945	+0.944	+0.941	+0.937	+0.935	+0.806	+0.950	+0.931	+0.921	+0.900	+0.915	+0.912	+0.912	+0.913	+0.914	+0.896	+0.927	+0.913	+0.916	+0.916	+0.902	+0.902	+0.902	+5.674	+5.613	+5.692	+5.805	+0.934	+5.113	+5.647	+4.908	+4.948	+5.642	+5.647	+5.597	+5.543	+5.664	+5.567	+5.539	+5.535	+5.534	+5.532	+5.530	+5.528	+5.596	+5.584	+5.517	+0.915	+5.515	+5.551	+5.508	+0.996	+5.505	+5.502	+5.383	+5.502	+0.960	+1.027	+5.441	+5.502	+5.649	+5.496	+5.496	+5.477	+5.457	+5.511	+0.907	+5.356	+5.363	+0.834	+5.598	+5.393	+1.027	+0.799	+0.964	+0.718	+1.510	+0.609	+0.780	+1.500	+0.797	+0.781	+0.649	+0.786	+0.654	+0.704	+0.720	+0.664	+0.669	+0.713	+0.642	+0.780	+0.711	+0.610	+0.355	+0.422	+0.392	+0.390	+0.420	+0.433	+0.433	+0.427	+0.414	+0.428	+0.440	
rs13377176     +6.223	+1.052	+1.064	+1.033	+1.090	+1.121	+1.268	+1.441	+1.289	+1.033	+1.127	+1.088	+1.033	+1.033	+1.023	+1.038	+6.187	+1.023	+1.021	+1.031	+6.061	+1.027	+1.027	+1.026	+1.025	+1.024	+1.023	+0.895	+1.011	+1.022	+1.025	+1.037	+1.033	+1.033	+0.986	+1.029	+1.025	+1.016	+1.005	+1.022	+1.019	+1.019	+0.998	+0.998	+0.998	+5.699	+5.639	+5.719	+5.826	+1.000	+5.136	+5.669	+4.933	+4.973	+5.665	+5.670	+5.621	+5.566	+5.686	+5.590	+5.563	+5.558	+5.558	+5.556	+5.554	+5.552	+5.619	+5.608	+5.541	+0.986	+5.539	+5.574	+5.532	+1.045	+5.529	+5.526	+5.408	+5.526	+1.018	+1.069	+5.466	+5.526	+5.670	+5.520	+5.520	+5.501	+5.482	+5.535	+0.980	+5.384	+5.389	+0.933	+5.622	+5.420	+1.071	+0.890	+1.022	+0.825	+1.616	+0.717	+0.888	+1.607	+0.904	+0.888	+0.757	+0.893	+0.763	+0.811	+0.830	+0.774	+0.778	+0.820	+0.751	+0.887	+0.818	+0.718	+0.461	+0.529	+0.498	+0.496	+0.527	+0.539	+0.540	+0.533	+0.520	+0.535	+0.547	
rs55771137     +6.268	+1.110	+1.121	+1.105	+1.121	+1.210	+1.314	+1.475	+1.334	+1.105	+1.171	+1.137	+1.107	+1.107	+1.098	+1.102	+6.232	+1.098	+1.097	+1.106	+6.107	+1.106	+1.106	+1.106	+1.105	+1.105	+1.105	+0.986	+1.083	+1.105	+1.110	+1.135	+1.100	+1.100	+1.065	+1.098	+1.095	+1.091	+1.088	+1.093	+1.091	+1.090	+1.084	+1.084	+1.084	+5.752	+5.692	+5.781	+5.878	+1.073	+5.187	+5.723	+4.986	+5.026	+5.719	+5.723	+5.674	+5.621	+5.740	+5.645	+5.618	+5.613	+5.613	+5.610	+5.609	+5.607	+5.673	+5.662	+5.596	+1.063	+5.593	+5.629	+5.587	+1.108	+5.584	+5.581	+5.463	+5.580	+1.087	+1.127	+5.521	+5.581	+5.722	+5.575	+5.575	+5.556	+5.537	+5.590	+1.059	+5.440	+5.447	+1.019	+5.676	+5.478	+1.131	+0.982	+1.092	+0.932	+1.730	+0.824	+0.995	+1.720	+1.012	+0.995	+0.865	+1.000	+0.871	+0.917	+0.938	+0.881	+0.886	+0.927	+0.858	+0.994	+0.925	+0.824	+0.563	+0.634	+0.603	+0.600	+0.632	+0.645	+0.645	+0.638	+0.625	+0.640	+0.652	
rs56061788     +6.395	+1.272	+1.278	+1.255	+1.268	+1.314	+1.463	+1.589	+1.486	+1.255	+1.313	+1.279	+1.255	+1.255	+1.251	+1.266	+6.360	+1.252	+1.251	+1.254	+6.239	+1.253	+1.253	+1.253	+1.252	+1.252	+1.252	+1.219	+1.253	+1.251	+1.253	+1.261	+1.249	+1.249	+1.244	+1.248	+1.247	+1.244	+1.246	+1.246	+1.245	+1.245	+1.245	+1.245	+1.245	+5.894	+5.835	+5.921	+6.016	+1.247	+5.328	+5.864	+5.132	+5.171	+5.860	+5.864	+5.817	+5.764	+5.881	+5.788	+5.761	+5.757	+5.756	+5.754	+5.752	+5.750	+5.816	+5.805	+5.740	+1.242	+5.737	+5.773	+5.731	+1.269	+5.728	+5.725	+5.609	+5.724	+1.255	+1.282	+5.666	+5.725	+5.862	+5.719	+5.719	+5.701	+5.682	+5.734	+1.239	+5.589	+5.596	+1.205	+5.821	+5.626	+1.288	+1.215	+1.259	+1.158	+1.977	+1.042	+1.224	+1.966	+1.241	+1.224	+1.087	+1.228	+1.093	+1.141	+1.164	+1.105	+1.110	+1.152	+1.080	+1.222	+1.150	+1.042	+0.770	+0.848	+0.814	+0.812	+0.845	+0.858	+0.859	+0.852	+0.838	+0.854	+0.866	
rs61708699     +6.518	+1.448	+1.451	+1.445	+1.441	+1.475	+1.589	+1.689	+1.596	+1.445	+1.472	+1.446	+1.445	+1.444	+1.455	+1.453	+6.484	+1.455	+1.455	+1.445	+6.365	+1.447	+1.448	+1.448	+1.449	+1.449	+1.449	+1.449	+1.451	+1.450	+1.457	+1.477	+1.451	+1.452	+1.456	+1.450	+1.448	+1.451	+1.456	+1.447	+1.444	+1.444	+1.467	+1.467	+1.467	+6.019	+5.961	+6.055	+6.148	+1.446	+5.455	+5.998	+5.262	+5.301	+5.995	+5.998	+5.952	+5.900	+6.016	+5.923	+5.896	+5.892	+5.891	+5.889	+5.887	+5.885	+5.950	+5.939	+5.875	+1.444	+5.872	+5.906	+5.866	+1.444	+5.863	+5.860	+5.745	+5.859	+1.443	+1.452	+5.802	+5.860	+5.994	+5.854	+5.854	+5.836	+5.817	+5.869	+1.443	+5.720	+5.728	+1.412	+5.949	+5.756	+1.454	+1.444	+1.426	+1.387	+2.224	+1.250	+1.456	+2.213	+1.474	+1.456	+1.290	+1.461	+1.296	+1.368	+1.367	+1.309	+1.313	+1.379	+1.284	+1.453	+1.377	+1.251	+0.978	+1.051	+1.018	+1.015	+1.048	+1.061	+1.061	+1.055	+1.041	+1.056	+1.069	
rs56042619     +6.406	+1.293	+1.298	+1.281	+1.289	+1.334	+1.486	+1.596	+1.491	+1.281	+1.331	+1.300	+1.282	+1.282	+1.278	+1.288	+6.372	+1.278	+1.278	+1.281	+6.250	+1.281	+1.281	+1.281	+1.281	+1.281	+1.281	+1.248	+1.277	+1.281	+1.285	+1.297	+1.280	+1.280	+1.270	+1.278	+1.277	+1.276	+1.274	+1.276	+1.274	+1.274	+1.275	+1.275	+1.275	+5.907	+5.848	+5.936	+6.028	+1.271	+5.339	+5.877	+5.142	+5.181	+5.873	+5.877	+5.829	+5.777	+5.894	+5.801	+5.774	+5.770	+5.769	+5.767	+5.765	+5.763	+5.829	+5.818	+5.753	+1.267	+5.750	+5.786	+5.744	+1.290	+5.741	+5.738	+5.622	+5.737	+1.277	+1.301	+5.679	+5.738	+5.875	+5.732	+5.732	+5.714	+5.695	+5.747	+1.264	+5.602	+5.609	+1.233	+5.834	+5.639	+1.307	+1.243	+1.278	+1.183	+2.002	+1.067	+1.249	+1.992	+1.266	+1.249	+1.112	+1.254	+1.119	+1.167	+1.190	+1.130	+1.135	+1.177	+1.106	+1.247	+1.175	+1.067	+0.795	+0.873	+0.839	+0.836	+0.870	+0.883	+0.884	+0.877	+0.863	+0.878	+0.891	
rs60582627     +6.206	+1.004	+1.025	+0.959	+1.033	+1.105	+1.255	+1.445	+1.281	+0.974	+1.105	+1.069	+0.965	+0.965	+0.954	+0.988	+6.170	+0.955	+0.951	+0.959	+6.042	+0.947	+0.946	+0.944	+0.941	+0.937	+0.935	+0.806	+0.950	+0.931	+0.921	+0.901	+0.915	+0.913	+0.912	+0.914	+0.914	+0.896	+0.927	+0.913	+0.916	+0.916	+0.902	+0.902	+0.902	+5.674	+5.613	+5.692	+5.805	+0.935	+5.113	+5.647	+4.908	+4.948	+5.642	+5.647	+5.597	+5.543	+5.663	+5.567	+5.539	+5.535	+5.534	+5.532	+5.530	+5.528	+5.595	+5.584	+5.517	+0.915	+5.515	+5.550	+5.508	+0.996	+5.505	+5.502	+5.383	+5.502	+0.960	+1.027	+5.441	+5.502	+5.648	+5.496	+5.496	+5.477	+5.457	+5.511	+0.907	+5.356	+5.363	+0.834	+5.598	+5.393	+1.027	+0.800	+0.964	+0.718	+1.511	+0.609	+0.781	+1.501	+0.797	+0.781	+0.649	+0.786	+0.655	+0.704	+0.720	+0.665	+0.669	+0.714	+0.642	+0.780	+0.711	+0.610	+0.356	+0.422	+0.392	+0.390	+0.421	+0.433	+0.434	+0.427	+0.414	+0.428	+0.441	
rs78916978     +6.285	+1.156	+1.167	+1.105	+1.127	+1.171	+1.313	+1.472	+1.331	+1.105	+1.233	+1.153	+1.108	+1.108	+1.118	+1.172	+6.250	+1.118	+1.117	+1.106	+6.125	+1.104	+1.104	+1.104	+1.104	+1.103	+1.102	+1.028	+1.169	+1.101	+1.103	+1.111	+1.096	+1.096	+1.184	+1.095	+1.093	+1.088	+1.106	+1.092	+1.091	+1.091	+1.109	+1.108	+1.108	+5.764	+5.704	+5.769	+5.897	+1.151	+5.204	+5.742	+5.005	+5.044	+5.738	+5.742	+5.694	+5.640	+5.759	+5.663	+5.636	+5.632	+5.631	+5.629	+5.627	+5.625	+5.692	+5.680	+5.615	+1.143	+5.612	+5.647	+5.606	+1.148	+5.603	+5.600	+5.483	+5.599	+1.143	+1.165	+5.540	+5.600	+5.741	+5.594	+5.594	+5.575	+5.556	+5.609	+1.137	+5.459	+5.466	+1.033	+5.695	+5.494	+1.159	+1.022	+1.110	+0.951	+1.750	+0.841	+1.014	+1.739	+1.032	+1.015	+0.881	+1.020	+0.887	+0.936	+0.954	+0.897	+0.902	+0.946	+0.874	+1.013	+0.944	+0.842	+0.584	+0.646	+0.617	+0.615	+0.644	+0.657	+0.657	+0.651	+0.638	+0.652	+0.664	
rs7918359      +6.239	+1.074	+1.086	+1.069	+1.088	+1.137	+1.279	+1.446	+1.300	+1.069	+1.153	+1.136	+1.072	+1.072	+1.060	+1.064	+6.203	+1.060	+1.059	+1.072	+6.078	+1.072	+1.072	+1.072	+1.071	+1.072	+1.072	+0.932	+1.041	+1.071	+1.081	+1.106	+1.064	+1.065	+1.020	+1.061	+1.057	+1.050	+1.044	+1.054	+1.051	+1.050	+1.043	+1.042	+1.042	+5.717	+5.657	+5.742	+5.845	+1.030	+5.154	+5.689	+4.952	+4.992	+5.685	+5.689	+5.641	+5.587	+5.706	+5.611	+5.584	+5.579	+5.578	+5.576	+5.574	+5.572	+5.639	+5.628	+5.562	+1.019	+5.559	+5.595	+5.553	+1.070	+5.550	+5.547	+5.429	+5.546	+1.045	+1.091	+5.486	+5.547	+5.690	+5.541	+5.541	+5.522	+5.503	+5.556	+1.013	+5.404	+5.411	+0.966	+5.642	+5.442	+1.094	+0.927	+1.048	+0.866	+1.659	+0.758	+0.929	+1.649	+0.945	+0.929	+0.798	+0.934	+0.804	+0.851	+0.871	+0.814	+0.819	+0.861	+0.792	+0.927	+0.859	+0.759	+0.503	+0.567	+0.537	+0.535	+0.565	+0.577	+0.578	+0.571	+0.558	+0.573	+0.585	
rs7904197      +6.209	+1.007	+1.027	+0.965	+1.033	+1.107	+1.255	+1.445	+1.282	+0.965	+1.108	+1.072	+0.988	+0.974	+0.962	+0.993	+6.173	+0.963	+0.959	+0.968	+6.046	+0.958	+0.956	+0.955	+0.952	+0.948	+0.947	+0.816	+0.957	+0.943	+0.935	+0.920	+0.928	+0.926	+0.920	+0.926	+0.926	+0.909	+0.936	+0.925	+0.927	+0.927	+0.914	+0.914	+0.914	+5.678	+5.617	+5.697	+5.809	+0.942	+5.116	+5.651	+4.911	+4.951	+5.646	+5.651	+5.602	+5.547	+5.668	+5.571	+5.544	+5.539	+5.538	+5.536	+5.535	+5.532	+5.600	+5.588	+5.522	+0.923	+5.519	+5.555	+5.512	+1.001	+5.510	+5.506	+5.388	+5.506	+0.967	+1.031	+5.446	+5.506	+5.653	+5.501	+5.501	+5.482	+5.462	+5.515	+0.916	+5.361	+5.367	+0.844	+5.602	+5.398	+1.032	+0.810	+0.970	+0.731	+1.523	+0.622	+0.793	+1.513	+0.810	+0.794	+0.661	+0.799	+0.667	+0.717	+0.733	+0.677	+0.682	+0.726	+0.655	+0.793	+0.724	+0.623	+0.368	+0.434	+0.405	+0.402	+0.433	+0.445	+0.446	+0.439	+0.426	+0.441	+0.453	
rs7918506      +6.209	+1.007	+1.027	+0.965	+1.033	+1.107	+1.255	+1.444	+1.282	+0.965	+1.108	+1.072	+0.974	+0.988	+0.962	+0.993	+6.173	+0.963	+0.959	+0.968	+6.046	+0.958	+0.956	+0.955	+0.952	+0.948	+0.947	+0.816	+0.957	+0.943	+0.935	+0.920	+0.928	+0.926	+0.921	+0.926	+0.926	+0.910	+0.936	+0.925	+0.927	+0.927	+0.914	+0.914	+0.914	+5.678	+5.617	+5.697	+5.809	+0.942	+5.116	+5.651	+4.911	+4.951	+5.646	+5.651	+5.602	+5.547	+5.668	+5.571	+5.544	+5.539	+5.538	+5.536	+5.535	+5.532	+5.600	+5.588	+5.522	+0.923	+5.519	+5.555	+5.512	+1.001	+5.510	+5.506	+5.388	+5.506	+0.967	+1.031	+5.446	+5.506	+5.653	+5.501	+5.501	+5.482	+5.462	+5.516	+0.916	+5.361	+5.367	+0.845	+5.602	+5.398	+1.032	+0.810	+0.970	+0.731	+1.523	+0.622	+0.794	+1.514	+0.810	+0.794	+0.661	+0.799	+0.667	+0.717	+0.733	+0.677	+0.682	+0.726	+0.655	+0.793	+0.724	+0.623	+0.368	+0.435	+0.405	+0.402	+0.433	+0.445	+0.446	+0.439	+0.426	+0.441	+0.453	
rs56402335     +6.212	+1.005	+1.025	+0.954	+1.023	+1.098	+1.251	+1.455	+1.278	+0.954	+1.118	+1.060	+0.962	+0.962	+0.983	+0.998	+6.176	+0.970	+0.966	+0.956	+6.049	+0.945	+0.944	+0.942	+0.940	+0.935	+0.934	+0.813	+0.960	+0.930	+0.920	+0.898	+0.915	+0.912	+0.922	+0.914	+0.914	+0.897	+0.941	+0.913	+0.916	+0.917	+0.918	+0.918	+0.918	+5.678	+5.617	+5.697	+5.812	+0.944	+5.119	+5.654	+4.914	+4.954	+5.650	+5.654	+5.605	+5.550	+5.671	+5.574	+5.546	+5.542	+5.541	+5.539	+5.537	+5.535	+5.603	+5.591	+5.524	+0.924	+5.522	+5.557	+5.515	+1.004	+5.513	+5.509	+5.390	+5.509	+0.969	+1.036	+5.448	+5.509	+5.655	+5.504	+5.503	+5.484	+5.465	+5.518	+0.917	+5.363	+5.370	+0.840	+5.605	+5.401	+1.034	+0.807	+0.968	+0.726	+1.520	+0.616	+0.788	+1.510	+0.805	+0.789	+0.655	+0.794	+0.661	+0.712	+0.726	+0.671	+0.675	+0.721	+0.648	+0.788	+0.719	+0.617	+0.362	+0.428	+0.398	+0.396	+0.426	+0.438	+0.439	+0.432	+0.419	+0.434	+0.446	
rs55733444     +6.246	+1.063	+1.084	+0.987	+1.038	+1.102	+1.266	+1.453	+1.288	+0.988	+1.172	+1.064	+0.993	+0.993	+0.998	+1.076	+6.210	+0.999	+0.996	+0.989	+6.084	+0.981	+0.980	+0.979	+0.978	+0.974	+0.973	+0.893	+1.040	+0.970	+0.962	+0.946	+0.959	+0.957	+1.021	+0.959	+0.959	+0.946	+0.980	+0.958	+0.961	+0.961	+0.964	+0.964	+0.964	+5.717	+5.657	+5.721	+5.851	+1.022	+5.158	+5.695	+4.955	+4.995	+5.691	+5.695	+5.646	+5.592	+5.712	+5.615	+5.588	+5.583	+5.583	+5.580	+5.579	+5.577	+5.644	+5.632	+5.566	+1.005	+5.564	+5.599	+5.557	+1.058	+5.554	+5.551	+5.433	+5.551	+1.036	+1.089	+5.491	+5.551	+5.695	+5.545	+5.545	+5.526	+5.507	+5.560	+0.998	+5.407	+5.414	+0.901	+5.647	+5.443	+1.082	+0.887	+1.019	+0.808	+1.606	+0.697	+0.871	+1.595	+0.889	+0.872	+0.736	+0.877	+0.742	+0.794	+0.808	+0.752	+0.757	+0.804	+0.729	+0.870	+0.801	+0.698	+0.442	+0.506	+0.477	+0.474	+0.504	+0.517	+0.517	+0.511	+0.498	+0.512	+0.524	
rs11014064     +6.741	+6.208	+6.216	+6.170	+6.187	+6.232	+6.360	+6.484	+6.372	+6.170	+6.250	+6.203	+6.173	+6.173	+6.176	+6.210	+6.708	+6.177	+6.175	+6.171	+6.665	+6.168	+6.167	+6.167	+6.166	+6.165	+6.164	+6.213	+6.200	+6.163	+6.159	+6.151	+6.159	+6.158	+6.187	+6.159	+6.159	+6.154	+6.172	+6.159	+6.161	+6.161	+6.163	+6.163	+6.163	+6.546	+6.540	+6.519	+6.559	+6.196	+6.507	+6.529	+6.559	+6.542	+6.528	+6.530	+6.525	+6.528	+6.526	+6.518	+6.523	+6.523	+6.523	+6.523	+6.523	+6.523	+6.520	+6.518	+6.524	+6.189	+6.525	+6.520	+6.525	+6.227	+6.525	+6.526	+6.543	+6.526	+6.208	+6.224	+6.536	+6.525	+6.511	+6.526	+6.526	+6.528	+6.529	+6.512	+6.188	+6.457	+6.456	+6.157	+6.471	+6.467	+6.244	+6.216	+6.270	+6.329	+7.221	+6.233	+6.393	+7.202	+6.404	+6.387	+6.254	+6.388	+6.261	+6.307	+6.345	+6.285	+6.290	+6.320	+6.261	+6.397	+6.319	+6.235	+5.936	+6.097	+6.047	+6.042	+6.102	+6.118	+6.118	+6.105	+6.085	+6.108	+6.127	
rs11014065     +6.213	+1.006	+1.026	+0.955	+1.023	+1.098	+1.252	+1.455	+1.278	+0.955	+1.118	+1.060	+0.963	+0.963	+0.970	+0.999	+6.177	+0.985	+0.967	+0.957	+6.049	+0.947	+0.945	+0.944	+0.942	+0.937	+0.935	+0.815	+0.961	+0.932	+0.921	+0.901	+0.917	+0.914	+0.924	+0.915	+0.916	+0.899	+0.942	+0.915	+0.918	+0.918	+0.920	+0.920	+0.920	+5.678	+5.617	+5.697	+5.813	+0.945	+5.119	+5.655	+4.914	+4.954	+5.650	+5.655	+5.606	+5.551	+5.672	+5.575	+5.547	+5.543	+5.542	+5.540	+5.538	+5.536	+5.603	+5.591	+5.525	+0.926	+5.523	+5.558	+5.516	+1.005	+5.513	+5.510	+5.391	+5.509	+0.970	+1.036	+5.449	+5.510	+5.656	+5.504	+5.504	+5.485	+5.465	+5.519	+0.918	+5.364	+5.371	+0.841	+5.606	+5.401	+1.035	+0.809	+0.969	+0.728	+1.522	+0.618	+0.790	+1.512	+0.808	+0.791	+0.657	+0.796	+0.663	+0.714	+0.729	+0.673	+0.678	+0.723	+0.650	+0.790	+0.721	+0.619	+0.364	+0.430	+0.400	+0.398	+0.428	+0.440	+0.441	+0.434	+0.421	+0.436	+0.448	
rs60783221     +6.211	+1.004	+1.024	+0.951	+1.021	+1.097	+1.251	+1.455	+1.278	+0.951	+1.117	+1.059	+0.959	+0.959	+0.966	+0.996	+6.175	+0.967	+0.977	+0.953	+6.048	+0.943	+0.941	+0.939	+0.937	+0.932	+0.930	+0.809	+0.958	+0.927	+0.916	+0.893	+0.911	+0.908	+0.919	+0.910	+0.911	+0.893	+0.938	+0.910	+0.913	+0.913	+0.914	+0.914	+0.914	+5.676	+5.615	+5.695	+5.811	+0.941	+5.117	+5.653	+4.912	+4.952	+5.648	+5.653	+5.604	+5.549	+5.670	+5.573	+5.545	+5.541	+5.540	+5.538	+5.536	+5.534	+5.601	+5.589	+5.523	+0.921	+5.521	+5.556	+5.514	+1.002	+5.511	+5.508	+5.389	+5.507	+0.967	+1.034	+5.447	+5.508	+5.654	+5.502	+5.502	+5.483	+5.463	+5.517	+0.914	+5.362	+5.369	+0.836	+5.604	+5.399	+1.033	+0.803	+0.966	+0.721	+1.515	+0.611	+0.783	+1.505	+0.800	+0.784	+0.650	+0.789	+0.656	+0.707	+0.721	+0.666	+0.670	+0.716	+0.643	+0.783	+0.714	+0.612	+0.357	+0.423	+0.393	+0.391	+0.421	+0.434	+0.434	+0.427	+0.415	+0.429	+0.441	
rs60704280     +6.207	+1.004	+1.024	+0.958	+1.031	+1.106	+1.254	+1.445	+1.281	+0.959	+1.106	+1.072	+0.968	+0.968	+0.956	+0.989	+6.171	+0.957	+0.953	+0.977	+6.043	+0.951	+0.950	+0.948	+0.945	+0.941	+0.939	+0.808	+0.952	+0.936	+0.926	+0.908	+0.920	+0.917	+0.914	+0.918	+0.918	+0.901	+0.930	+0.917	+0.920	+0.920	+0.905	+0.905	+0.905	+5.676	+5.615	+5.694	+5.806	+0.936	+5.113	+5.648	+4.908	+4.948	+5.644	+5.648	+5.599	+5.544	+5.665	+5.568	+5.541	+5.536	+5.536	+5.533	+5.532	+5.530	+5.597	+5.586	+5.519	+0.917	+5.516	+5.552	+5.510	+0.997	+5.507	+5.504	+5.385	+5.503	+0.962	+1.028	+5.443	+5.504	+5.650	+5.498	+5.498	+5.479	+5.459	+5.513	+0.909	+5.358	+5.364	+0.836	+5.599	+5.395	+1.028	+0.802	+0.965	+0.721	+1.513	+0.612	+0.783	+1.503	+0.800	+0.784	+0.651	+0.789	+0.657	+0.707	+0.723	+0.667	+0.672	+0.716	+0.645	+0.782	+0.714	+0.612	+0.358	+0.424	+0.395	+0.392	+0.423	+0.435	+0.436	+0.429	+0.416	+0.431	+0.443	
rs12249964     +6.691	+6.082	+6.090	+6.042	+6.061	+6.107	+6.239	+6.365	+6.250	+6.042	+6.125	+6.078	+6.046	+6.046	+6.049	+6.084	+6.665	+6.049	+6.048	+6.043	+6.572	+6.040	+6.039	+6.039	+6.038	+6.037	+6.036	+6.084	+6.073	+6.035	+6.030	+6.021	+6.030	+6.029	+6.059	+6.030	+6.031	+6.025	+6.044	+6.031	+6.032	+6.032	+6.034	+6.034	+6.034	+6.422	+6.419	+6.405	+6.454	+6.069	+6.361	+6.414	+6.398	+6.384	+6.412	+6.415	+6.406	+6.402	+6.414	+6.396	+6.398	+6.398	+6.398	+6.397	+6.397	+6.397	+6.401	+6.398	+6.397	+6.061	+6.397	+6.396	+6.397	+6.101	+6.397	+6.397	+6.402	+6.397	+6.081	+6.099	+6.402	+6.396	+6.401	+6.396	+6.396	+6.397	+6.396	+6.387	+6.061	+6.332	+6.332	+6.028	+6.369	+6.343	+6.120	+6.087	+6.146	+6.194	+7.080	+6.100	+6.257	+7.061	+6.267	+6.250	+6.121	+6.251	+6.128	+6.171	+6.212	+6.152	+6.156	+6.187	+6.127	+6.264	+6.186	+6.102	+5.803	+5.962	+5.913	+5.908	+5.967	+5.983	+5.983	+5.970	+5.950	+5.973	+5.992	
rs59575881     +6.204	+0.997	+1.018	+0.947	+1.027	+1.106	+1.253	+1.447	+1.281	+0.947	+1.104	+1.072	+0.958	+0.958	+0.945	+0.981	+6.168	+0.947	+0.943	+0.951	+6.040	+0.955	+0.938	+0.936	+0.933	+0.929	+0.927	+0.792	+0.943	+0.923	+0.911	+0.887	+0.905	+0.902	+0.902	+0.904	+0.904	+0.885	+0.918	+0.903	+0.906	+0.907	+0.891	+0.891	+0.891	+5.671	+5.610	+5.688	+5.802	+0.926	+5.109	+5.644	+4.903	+4.943	+5.639	+5.644	+5.594	+5.539	+5.660	+5.564	+5.536	+5.531	+5.531	+5.528	+5.527	+5.525	+5.592	+5.581	+5.514	+0.906	+5.511	+5.547	+5.505	+0.990	+5.502	+5.498	+5.380	+5.498	+0.953	+1.023	+5.438	+5.499	+5.645	+5.493	+5.493	+5.474	+5.454	+5.508	+0.898	+5.352	+5.359	+0.821	+5.594	+5.389	+1.022	+0.786	+0.955	+0.701	+1.493	+0.592	+0.763	+1.484	+0.780	+0.764	+0.631	+0.769	+0.637	+0.687	+0.703	+0.647	+0.652	+0.696	+0.625	+0.763	+0.694	+0.592	+0.338	+0.405	+0.375	+0.373	+0.403	+0.416	+0.416	+0.410	+0.397	+0.411	+0.423	
rs12265227     +6.203	+0.996	+1.017	+0.945	+1.027	+1.106	+1.253	+1.448	+1.281	+0.946	+1.104	+1.072	+0.956	+0.956	+0.944	+0.980	+6.167	+0.945	+0.941	+0.950	+6.039	+0.938	+0.951	+0.934	+0.932	+0.927	+0.925	+0.789	+0.942	+0.921	+0.909	+0.883	+0.903	+0.900	+0.901	+0.901	+0.902	+0.882	+0.917	+0.901	+0.904	+0.904	+0.888	+0.888	+0.888	+5.670	+5.609	+5.687	+5.801	+0.925	+5.108	+5.643	+4.902	+4.943	+5.638	+5.643	+5.593	+5.539	+5.660	+5.563	+5.535	+5.531	+5.530	+5.528	+5.526	+5.524	+5.591	+5.580	+5.513	+0.904	+5.511	+5.546	+5.504	+0.989	+5.501	+5.498	+5.379	+5.497	+0.952	+1.022	+5.437	+5.498	+5.645	+5.492	+5.492	+5.473	+5.453	+5.507	+0.896	+5.351	+5.358	+0.818	+5.594	+5.388	+1.021	+0.783	+0.954	+0.697	+1.490	+0.588	+0.760	+1.480	+0.777	+0.761	+0.628	+0.766	+0.634	+0.684	+0.699	+0.644	+0.648	+0.693	+0.621	+0.759	+0.691	+0.589	+0.335	+0.402	+0.372	+0.369	+0.400	+0.412	+0.413	+0.406	+0.393	+0.408	+0.420	
rs12251662     +6.203	+0.995	+1.016	+0.944	+1.026	+1.106	+1.253	+1.448	+1.281	+0.944	+1.104	+1.072	+0.955	+0.955	+0.942	+0.979	+6.167	+0.944	+0.939	+0.948	+6.039	+0.936	+0.934	+0.948	+0.930	+0.925	+0.923	+0.787	+0.941	+0.919	+0.907	+0.881	+0.901	+0.898	+0.899	+0.899	+0.900	+0.880	+0.915	+0.899	+0.903	+0.903	+0.886	+0.886	+0.886	+5.669	+5.608	+5.686	+5.801	+0.924	+5.107	+5.642	+4.901	+4.942	+5.638	+5.642	+5.593	+5.538	+5.659	+5.562	+5.534	+5.530	+5.529	+5.527	+5.525	+5.523	+5.591	+5.579	+5.512	+0.902	+5.510	+5.546	+5.503	+0.988	+5.500	+5.497	+5.378	+5.497	+0.951	+1.021	+5.436	+5.497	+5.644	+5.491	+5.491	+5.472	+5.452	+5.506	+0.894	+5.350	+5.357	+0.816	+5.593	+5.388	+1.020	+0.781	+0.952	+0.695	+1.487	+0.586	+0.757	+1.477	+0.774	+0.758	+0.625	+0.763	+0.631	+0.681	+0.696	+0.641	+0.646	+0.690	+0.619	+0.756	+0.688	+0.586	+0.332	+0.399	+0.369	+0.367	+0.397	+0.410	+0.410	+0.404	+0.391	+0.405	+0.417	
rs12244966     +6.203	+0.993	+1.015	+0.941	+1.025	+1.105	+1.252	+1.449	+1.281	+0.941	+1.104	+1.071	+0.952	+0.952	+0.940	+0.978	+6.166	+0.942	+0.937	+0.945	+6.038	+0.933	+0.932	+0.930	+0.944	+0.922	+0.921	+0.784	+0.939	+0.917	+0.903	+0.876	+0.898	+0.895	+0.897	+0.896	+0.897	+0.877	+0.913	+0.896	+0.900	+0.900	+0.884	+0.884	+0.884	+5.668	+5.607	+5.685	+5.800	+0.922	+5.106	+5.641	+4.900	+4.941	+5.637	+5.641	+5.592	+5.537	+5.658	+5.561	+5.533	+5.529	+5.528	+5.526	+5.524	+5.522	+5.590	+5.578	+5.511	+0.900	+5.509	+5.545	+5.502	+0.987	+5.500	+5.496	+5.377	+5.496	+0.950	+1.021	+5.435	+5.496	+5.643	+5.490	+5.490	+5.471	+5.451	+5.505	+0.892	+5.349	+5.356	+0.813	+5.592	+5.387	+1.019	+0.777	+0.950	+0.690	+1.483	+0.581	+0.753	+1.473	+0.770	+0.754	+0.621	+0.758	+0.626	+0.676	+0.692	+0.637	+0.641	+0.686	+0.614	+0.752	+0.684	+0.582	+0.328	+0.395	+0.365	+0.362	+0.393	+0.406	+0.406	+0.399	+0.386	+0.401	+0.413	
rs9633628      +6.201	+0.991	+1.013	+0.937	+1.024	+1.105	+1.252	+1.449	+1.281	+0.937	+1.103	+1.072	+0.948	+0.948	+0.935	+0.974	+6.165	+0.937	+0.932	+0.941	+6.037	+0.929	+0.927	+0.925	+0.922	+0.934	+0.915	+0.777	+0.935	+0.911	+0.897	+0.867	+0.892	+0.888	+0.892	+0.890	+0.891	+0.870	+0.908	+0.890	+0.894	+0.894	+0.877	+0.877	+0.877	+5.666	+5.605	+5.682	+5.798	+0.917	+5.104	+5.639	+4.898	+4.939	+5.634	+5.639	+5.589	+5.535	+5.656	+5.559	+5.531	+5.527	+5.526	+5.524	+5.522	+5.520	+5.588	+5.576	+5.509	+0.895	+5.507	+5.542	+5.500	+0.984	+5.497	+5.494	+5.375	+5.493	+0.946	+1.018	+5.433	+5.494	+5.641	+5.488	+5.488	+5.469	+5.449	+5.503	+0.887	+5.347	+5.354	+0.806	+5.590	+5.384	+1.017	+0.770	+0.946	+0.681	+1.474	+0.572	+0.744	+1.464	+0.761	+0.745	+0.612	+0.749	+0.617	+0.667	+0.683	+0.627	+0.632	+0.677	+0.605	+0.743	+0.675	+0.573	+0.319	+0.386	+0.356	+0.353	+0.384	+0.397	+0.397	+0.390	+0.378	+0.392	+0.404	
rs9633649      +6.201	+0.989	+1.012	+0.935	+1.023	+1.105	+1.252	+1.449	+1.281	+0.935	+1.102	+1.072	+0.947	+0.947	+0.934	+0.973	+6.164	+0.935	+0.930	+0.939	+6.036	+0.927	+0.925	+0.923	+0.921	+0.915	+0.930	+0.774	+0.934	+0.910	+0.895	+0.863	+0.890	+0.886	+0.890	+0.888	+0.889	+0.867	+0.906	+0.888	+0.892	+0.892	+0.874	+0.875	+0.875	+5.665	+5.604	+5.681	+5.797	+0.916	+5.104	+5.638	+4.897	+4.938	+5.634	+5.638	+5.589	+5.534	+5.655	+5.558	+5.530	+5.526	+5.525	+5.523	+5.521	+5.519	+5.587	+5.575	+5.508	+0.893	+5.506	+5.542	+5.499	+0.983	+5.496	+5.493	+5.374	+5.493	+0.944	+1.017	+5.432	+5.493	+5.640	+5.487	+5.487	+5.468	+5.448	+5.502	+0.885	+5.346	+5.353	+0.803	+5.589	+5.383	+1.016	+0.767	+0.945	+0.678	+1.470	+0.569	+0.740	+1.460	+0.757	+0.741	+0.608	+0.746	+0.614	+0.664	+0.680	+0.624	+0.629	+0.673	+0.602	+0.740	+0.671	+0.569	+0.315	+0.382	+0.353	+0.350	+0.381	+0.393	+0.394	+0.387	+0.374	+0.389	+0.401	
rs75495909     +6.249	+0.905	+0.929	+0.806	+0.895	+0.986	+1.219	+1.449	+1.248	+0.806	+1.028	+0.932	+0.816	+0.816	+0.813	+0.893	+6.213	+0.815	+0.809	+0.808	+6.084	+0.792	+0.789	+0.787	+0.784	+0.777	+0.774	+0.724	+0.846	+0.768	+0.745	+0.681	+0.747	+0.742	+0.791	+0.747	+0.751	+0.723	+0.785	+0.751	+0.759	+0.760	+0.740	+0.741	+0.741	+5.707	+5.645	+5.705	+5.844	+0.829	+5.146	+5.684	+4.938	+4.979	+5.679	+5.684	+5.634	+5.579	+5.701	+5.602	+5.575	+5.570	+5.569	+5.567	+5.565	+5.563	+5.632	+5.619	+5.553	+0.800	+5.550	+5.585	+5.543	+0.915	+5.541	+5.537	+5.417	+5.537	+0.867	+0.953	+5.475	+5.537	+5.686	+5.531	+5.531	+5.512	+5.492	+5.546	+0.791	+5.389	+5.396	+0.680	+5.635	+5.424	+0.959	+0.682	+0.883	+0.479	+1.303	+0.356	+0.542	+1.290	+0.563	+0.546	+0.398	+0.551	+0.404	+0.465	+0.471	+0.413	+0.418	+0.476	+0.390	+0.545	+0.474	+0.356	+0.097	+0.172	+0.141	+0.138	+0.170	+0.183	+0.183	+0.177	+0.163	+0.178	+0.191	
rs74122262     +6.236	+1.037	+1.062	+0.950	+1.011	+1.083	+1.253	+1.451	+1.277	+0.950	+1.169	+1.041	+0.957	+0.957	+0.960	+1.040	+6.200	+0.961	+0.958	+0.952	+6.073	+0.943	+0.942	+0.941	+0.939	+0.935	+0.934	+0.846	+1.019	+0.931	+0.920	+0.893	+0.918	+0.915	+0.977	+0.917	+0.918	+0.902	+0.942	+0.918	+0.921	+0.922	+0.920	+0.920	+0.920	+5.703	+5.642	+5.705	+5.837	+0.988	+5.143	+5.680	+4.939	+4.979	+5.676	+5.680	+5.631	+5.576	+5.697	+5.600	+5.573	+5.568	+5.567	+5.565	+5.563	+5.561	+5.629	+5.616	+5.551	+0.966	+5.548	+5.583	+5.542	+1.037	+5.539	+5.535	+5.417	+5.535	+1.008	+1.074	+5.475	+5.536	+5.680	+5.530	+5.530	+5.511	+5.491	+5.545	+0.958	+5.391	+5.398	+0.857	+5.631	+5.426	+1.064	+0.840	+0.991	+0.755	+1.554	+0.644	+0.818	+1.543	+0.836	+0.820	+0.684	+0.824	+0.690	+0.742	+0.755	+0.700	+0.704	+0.751	+0.677	+0.818	+0.749	+0.645	+0.389	+0.455	+0.425	+0.423	+0.453	+0.465	+0.466	+0.459	+0.446	+0.461	+0.473	
rs4463757      +6.200	+0.987	+1.010	+0.931	+1.022	+1.105	+1.251	+1.450	+1.281	+0.931	+1.101	+1.071	+0.943	+0.943	+0.930	+0.970	+6.163	+0.932	+0.927	+0.936	+6.035	+0.923	+0.921	+0.919	+0.917	+0.911	+0.910	+0.768	+0.931	+0.922	+0.889	+0.856	+0.885	+0.881	+0.886	+0.883	+0.885	+0.862	+0.903	+0.884	+0.888	+0.888	+0.870	+0.870	+0.870	+5.664	+5.602	+5.679	+5.796	+0.912	+5.102	+5.637	+4.896	+4.936	+5.632	+5.637	+5.587	+5.532	+5.653	+5.556	+5.529	+5.524	+5.524	+5.521	+5.520	+5.517	+5.585	+5.573	+5.507	+0.890	+5.504	+5.540	+5.497	+0.981	+5.495	+5.491	+5.372	+5.491	+0.942	+1.016	+5.430	+5.491	+5.639	+5.486	+5.486	+5.466	+5.447	+5.500	+0.881	+5.344	+5.351	+0.798	+5.587	+5.381	+1.014	+0.762	+0.942	+0.671	+1.463	+0.561	+0.733	+1.453	+0.750	+0.734	+0.601	+0.739	+0.607	+0.657	+0.673	+0.617	+0.622	+0.666	+0.595	+0.733	+0.664	+0.562	+0.308	+0.376	+0.346	+0.343	+0.374	+0.386	+0.387	+0.380	+0.367	+0.382	+0.394	
rs7098025      +6.195	+0.981	+1.005	+0.921	+1.025	+1.110	+1.253	+1.457	+1.285	+0.921	+1.103	+1.081	+0.935	+0.935	+0.920	+0.962	+6.159	+0.921	+0.916	+0.926	+6.030	+0.911	+0.909	+0.907	+0.903	+0.897	+0.895	+0.745	+0.920	+0.889	+0.889	+0.826	+0.867	+0.862	+0.871	+0.865	+0.867	+0.841	+0.890	+0.866	+0.872	+0.872	+0.851	+0.851	+0.851	+5.657	+5.596	+5.671	+5.790	+0.900	+5.096	+5.630	+4.889	+4.929	+5.626	+5.631	+5.581	+5.526	+5.647	+5.550	+5.522	+5.517	+5.517	+5.514	+5.513	+5.511	+5.579	+5.567	+5.500	+0.875	+5.497	+5.533	+5.491	+0.973	+5.488	+5.484	+5.365	+5.484	+0.932	+1.011	+5.423	+5.485	+5.633	+5.479	+5.479	+5.459	+5.440	+5.494	+0.866	+5.336	+5.343	+0.776	+5.580	+5.374	+1.007	+0.738	+0.929	+0.640	+1.432	+0.531	+0.703	+1.423	+0.720	+0.703	+0.571	+0.708	+0.577	+0.626	+0.642	+0.587	+0.591	+0.636	+0.564	+0.702	+0.634	+0.531	+0.278	+0.345	+0.315	+0.313	+0.344	+0.356	+0.357	+0.350	+0.337	+0.352	+0.364	
rs7080767      +6.188	+0.969	+0.998	+0.900	+1.037	+1.135	+1.261	+1.477	+1.297	+0.901	+1.111	+1.106	+0.920	+0.920	+0.898	+0.946	+6.151	+0.901	+0.893	+0.908	+6.021	+0.887	+0.883	+0.881	+0.876	+0.867	+0.863	+0.681	+0.893	+0.856	+0.826	+0.793	+0.823	+0.817	+0.833	+0.822	+0.826	+0.789	+0.858	+0.825	+0.833	+0.833	+0.803	+0.804	+0.804	+5.643	+5.581	+5.653	+5.778	+0.869	+5.082	+5.617	+4.873	+4.914	+5.612	+5.617	+5.567	+5.511	+5.634	+5.535	+5.507	+5.503	+5.502	+5.500	+5.498	+5.496	+5.564	+5.552	+5.485	+0.839	+5.483	+5.519	+5.476	+0.956	+5.473	+5.470	+5.350	+5.469	+0.907	+1.001	+5.408	+5.470	+5.620	+5.464	+5.464	+5.444	+5.424	+5.479	+0.827	+5.319	+5.326	+0.718	+5.566	+5.356	+0.992	+0.673	+0.897	+0.551	+1.345	+0.441	+0.613	+1.335	+0.630	+0.614	+0.481	+0.619	+0.487	+0.538	+0.552	+0.496	+0.501	+0.547	+0.474	+0.613	+0.545	+0.442	+0.189	+0.257	+0.227	+0.225	+0.256	+0.268	+0.269	+0.262	+0.249	+0.264	+0.276	
rs12247422     +6.195	+0.977	+1.001	+0.915	+1.033	+1.100	+1.249	+1.451	+1.280	+0.915	+1.096	+1.064	+0.928	+0.928	+0.915	+0.959	+6.159	+0.917	+0.911	+0.920	+6.030	+0.905	+0.903	+0.901	+0.898	+0.892	+0.890	+0.747	+0.918	+0.885	+0.867	+0.823	+0.893	+0.870	+0.871	+0.873	+0.875	+0.848	+0.888	+0.874	+0.879	+0.879	+0.851	+0.851	+0.851	+5.657	+5.596	+5.670	+5.789	+0.900	+5.095	+5.629	+4.887	+4.928	+5.624	+5.629	+5.579	+5.524	+5.646	+5.548	+5.521	+5.516	+5.515	+5.513	+5.511	+5.509	+5.577	+5.565	+5.498	+0.876	+5.496	+5.532	+5.489	+0.973	+5.487	+5.483	+5.364	+5.483	+0.932	+1.010	+5.422	+5.483	+5.631	+5.477	+5.477	+5.458	+5.438	+5.492	+0.867	+5.335	+5.342	+0.780	+5.579	+5.372	+1.007	+0.740	+0.930	+0.643	+1.435	+0.534	+0.706	+1.425	+0.723	+0.706	+0.575	+0.711	+0.580	+0.629	+0.646	+0.590	+0.595	+0.639	+0.568	+0.705	+0.637	+0.535	+0.281	+0.348	+0.319	+0.316	+0.347	+0.359	+0.360	+0.353	+0.340	+0.355	+0.367	
rs10828643     +6.194	+0.975	+0.999	+0.912	+1.033	+1.100	+1.249	+1.452	+1.280	+0.913	+1.096	+1.065	+0.926	+0.926	+0.912	+0.957	+6.158	+0.914	+0.908	+0.917	+6.029	+0.902	+0.900	+0.898	+0.895	+0.888	+0.886	+0.742	+0.915	+0.881	+0.862	+0.817	+0.870	+0.885	+0.868	+0.870	+0.872	+0.844	+0.886	+0.871	+0.876	+0.877	+0.847	+0.848	+0.848	+5.655	+5.594	+5.668	+5.787	+0.898	+5.093	+5.627	+4.886	+4.926	+5.623	+5.628	+5.577	+5.522	+5.644	+5.547	+5.519	+5.514	+5.514	+5.511	+5.510	+5.508	+5.575	+5.564	+5.497	+0.873	+5.494	+5.530	+5.487	+0.972	+5.485	+5.481	+5.362	+5.481	+0.930	+1.010	+5.420	+5.481	+5.630	+5.476	+5.476	+5.456	+5.436	+5.490	+0.863	+5.333	+5.340	+0.775	+5.577	+5.370	+1.006	+0.735	+0.927	+0.636	+1.428	+0.527	+0.698	+1.418	+0.715	+0.699	+0.567	+0.704	+0.573	+0.622	+0.638	+0.583	+0.588	+0.632	+0.560	+0.698	+0.629	+0.527	+0.274	+0.341	+0.311	+0.309	+0.340	+0.352	+0.353	+0.346	+0.333	+0.347	+0.359	
rs55892925     +6.223	+1.016	+1.048	+0.912	+0.986	+1.065	+1.244	+1.456	+1.270	+0.912	+1.184	+1.020	+0.920	+0.921	+0.922	+1.021	+6.187	+0.924	+0.919	+0.914	+6.059	+0.902	+0.901	+0.899	+0.897	+0.892	+0.890	+0.791	+0.977	+0.886	+0.871	+0.833	+0.871	+0.868	+0.947	+0.871	+0.874	+0.853	+0.903	+0.873	+0.878	+0.879	+0.872	+0.872	+0.873	+5.685	+5.624	+5.687	+5.821	+0.958	+5.126	+5.662	+4.920	+4.961	+5.658	+5.662	+5.613	+5.558	+5.679	+5.582	+5.554	+5.550	+5.549	+5.547	+5.545	+5.543	+5.610	+5.598	+5.532	+0.929	+5.530	+5.565	+5.523	+1.021	+5.520	+5.517	+5.398	+5.516	+0.987	+1.072	+5.456	+5.517	+5.663	+5.511	+5.511	+5.492	+5.472	+5.526	+0.919	+5.370	+5.377	+0.807	+5.613	+5.406	+1.051	+0.785	+0.960	+0.689	+1.488	+0.578	+0.752	+1.477	+0.770	+0.754	+0.617	+0.759	+0.623	+0.676	+0.689	+0.633	+0.637	+0.685	+0.610	+0.752	+0.683	+0.579	+0.324	+0.390	+0.360	+0.358	+0.388	+0.400	+0.401	+0.394	+0.381	+0.396	+0.408	
rs11014066     +6.195	+0.976	+0.999	+0.913	+1.029	+1.098	+1.248	+1.450	+1.278	+0.914	+1.095	+1.061	+0.926	+0.926	+0.914	+0.959	+6.159	+0.915	+0.910	+0.918	+6.030	+0.904	+0.901	+0.899	+0.896	+0.890	+0.888	+0.747	+0.917	+0.883	+0.865	+0.822	+0.873	+0.870	+0.871	+0.893	+0.877	+0.850	+0.890	+0.876	+0.881	+0.882	+0.853	+0.853	+0.853	+5.657	+5.595	+5.669	+5.788	+0.901	+5.094	+5.628	+4.887	+4.928	+5.624	+5.629	+5.579	+5.524	+5.645	+5.548	+5.520	+5.516	+5.515	+5.513	+5.511	+5.509	+5.577	+5.565	+5.498	+0.877	+5.495	+5.531	+5.489	+0.974	+5.486	+5.483	+5.363	+5.482	+0.933	+1.012	+5.421	+5.483	+5.631	+5.477	+5.477	+5.458	+5.438	+5.492	+0.868	+5.335	+5.341	+0.780	+5.579	+5.371	+1.008	+0.740	+0.930	+0.643	+1.435	+0.534	+0.706	+1.425	+0.723	+0.707	+0.574	+0.711	+0.580	+0.630	+0.646	+0.590	+0.595	+0.639	+0.568	+0.705	+0.637	+0.535	+0.281	+0.348	+0.319	+0.316	+0.347	+0.359	+0.360	+0.353	+0.340	+0.355	+0.367	
rs11014067     +6.196	+0.976	+0.999	+0.914	+1.025	+1.095	+1.247	+1.448	+1.277	+0.914	+1.093	+1.057	+0.926	+0.926	+0.914	+0.959	+6.159	+0.916	+0.911	+0.918	+6.031	+0.904	+0.902	+0.900	+0.897	+0.891	+0.889	+0.751	+0.918	+0.885	+0.867	+0.826	+0.875	+0.872	+0.874	+0.877	+0.898	+0.854	+0.893	+0.880	+0.885	+0.885	+0.856	+0.857	+0.857	+5.658	+5.596	+5.670	+5.789	+0.904	+5.095	+5.629	+4.888	+4.928	+5.625	+5.630	+5.580	+5.525	+5.646	+5.549	+5.521	+5.517	+5.516	+5.514	+5.512	+5.510	+5.578	+5.566	+5.499	+0.879	+5.496	+5.532	+5.490	+0.976	+5.487	+5.483	+5.364	+5.483	+0.935	+1.013	+5.422	+5.484	+5.632	+5.478	+5.478	+5.459	+5.439	+5.493	+0.870	+5.336	+5.342	+0.784	+5.580	+5.373	+1.010	+0.744	+0.932	+0.649	+1.441	+0.539	+0.711	+1.431	+0.728	+0.712	+0.580	+0.717	+0.585	+0.635	+0.651	+0.595	+0.600	+0.644	+0.573	+0.711	+0.642	+0.540	+0.286	+0.354	+0.324	+0.321	+0.352	+0.365	+0.365	+0.358	+0.345	+0.360	+0.372	
rs11014068     +6.191	+0.965	+0.989	+0.896	+1.016	+1.091	+1.244	+1.451	+1.276	+0.896	+1.088	+1.050	+0.909	+0.910	+0.897	+0.946	+6.154	+0.899	+0.893	+0.901	+6.025	+0.885	+0.882	+0.880	+0.877	+0.870	+0.867	+0.723	+0.902	+0.862	+0.841	+0.789	+0.848	+0.844	+0.853	+0.850	+0.854	+0.858	+0.873	+0.854	+0.861	+0.861	+0.831	+0.831	+0.831	+5.650	+5.588	+5.661	+5.782	+0.887	+5.088	+5.622	+4.880	+4.921	+5.618	+5.623	+5.572	+5.517	+5.639	+5.541	+5.513	+5.509	+5.508	+5.506	+5.504	+5.502	+5.570	+5.558	+5.491	+0.860	+5.489	+5.525	+5.482	+0.964	+5.479	+5.476	+5.356	+5.475	+0.920	+1.004	+5.414	+5.476	+5.625	+5.470	+5.470	+5.451	+5.431	+5.485	+0.851	+5.327	+5.334	+0.757	+5.572	+5.364	+1.000	+0.716	+0.916	+0.612	+1.403	+0.502	+0.674	+1.393	+0.691	+0.675	+0.542	+0.680	+0.548	+0.598	+0.613	+0.558	+0.562	+0.607	+0.535	+0.673	+0.605	+0.502	+0.249	+0.317	+0.287	+0.285	+0.316	+0.328	+0.329	+0.322	+0.309	+0.324	+0.336	
rs11014070     +6.208	+0.988	+1.009	+0.927	+1.005	+1.088	+1.246	+1.456	+1.274	+0.927	+1.106	+1.044	+0.936	+0.936	+0.941	+0.980	+6.172	+0.942	+0.938	+0.930	+6.044	+0.918	+0.917	+0.915	+0.913	+0.908	+0.906	+0.785	+0.942	+0.903	+0.890	+0.858	+0.888	+0.886	+0.903	+0.890	+0.893	+0.873	+0.944	+0.893	+0.897	+0.897	+0.897	+0.897	+0.897	+5.669	+5.607	+5.686	+5.804	+0.929	+5.110	+5.645	+4.904	+4.944	+5.641	+5.645	+5.596	+5.541	+5.662	+5.565	+5.537	+5.532	+5.532	+5.529	+5.528	+5.526	+5.593	+5.581	+5.515	+0.907	+5.512	+5.548	+5.506	+0.995	+5.503	+5.500	+5.381	+5.499	+0.957	+1.031	+5.439	+5.500	+5.647	+5.494	+5.494	+5.475	+5.455	+5.509	+0.899	+5.353	+5.360	+0.814	+5.596	+5.390	+1.028	+0.779	+0.952	+0.690	+1.484	+0.580	+0.753	+1.474	+0.770	+0.754	+0.620	+0.758	+0.625	+0.676	+0.691	+0.635	+0.640	+0.686	+0.613	+0.752	+0.683	+0.581	+0.327	+0.393	+0.364	+0.361	+0.392	+0.404	+0.405	+0.398	+0.385	+0.399	+0.411	
rs10828644     +6.196	+0.975	+0.998	+0.913	+1.022	+1.093	+1.246	+1.447	+1.276	+0.913	+1.092	+1.054	+0.925	+0.925	+0.913	+0.958	+6.159	+0.915	+0.910	+0.917	+6.031	+0.903	+0.901	+0.899	+0.896	+0.890	+0.888	+0.751	+0.918	+0.884	+0.866	+0.825	+0.874	+0.871	+0.873	+0.876	+0.880	+0.854	+0.893	+0.899	+0.886	+0.886	+0.857	+0.857	+0.858	+5.658	+5.596	+5.670	+5.789	+0.904	+5.095	+5.629	+4.888	+4.928	+5.625	+5.630	+5.580	+5.525	+5.646	+5.549	+5.521	+5.516	+5.516	+5.513	+5.512	+5.510	+5.578	+5.566	+5.499	+0.880	+5.496	+5.532	+5.490	+0.976	+5.487	+5.483	+5.364	+5.483	+0.935	+1.014	+5.422	+5.484	+5.632	+5.478	+5.478	+5.458	+5.439	+5.493	+0.871	+5.335	+5.342	+0.785	+5.579	+5.372	+1.010	+0.745	+0.932	+0.649	+1.440	+0.540	+0.711	+1.431	+0.728	+0.712	+0.580	+0.717	+0.586	+0.635	+0.652	+0.596	+0.601	+0.645	+0.573	+0.711	+0.642	+0.540	+0.287	+0.354	+0.324	+0.322	+0.353	+0.365	+0.366	+0.359	+0.346	+0.360	+0.372	
rs7070814      +6.197	+0.977	+1.000	+0.916	+1.019	+1.091	+1.245	+1.444	+1.274	+0.916	+1.091	+1.051	+0.927	+0.927	+0.916	+0.961	+6.161	+0.918	+0.913	+0.920	+6.032	+0.906	+0.904	+0.903	+0.900	+0.894	+0.892	+0.759	+0.921	+0.888	+0.872	+0.833	+0.879	+0.876	+0.878	+0.881	+0.885	+0.861	+0.897	+0.886	+0.910	+0.893	+0.865	+0.865	+0.865	+5.659	+5.598	+5.672	+5.790	+0.910	+5.096	+5.630	+4.889	+4.930	+5.626	+5.631	+5.581	+5.526	+5.647	+5.550	+5.522	+5.518	+5.517	+5.515	+5.513	+5.511	+5.579	+5.567	+5.500	+0.886	+5.498	+5.533	+5.491	+0.980	+5.488	+5.485	+5.365	+5.484	+0.940	+1.017	+5.423	+5.485	+5.633	+5.479	+5.479	+5.460	+5.440	+5.494	+0.877	+5.337	+5.344	+0.793	+5.581	+5.374	+1.014	+0.753	+0.937	+0.659	+1.450	+0.550	+0.721	+1.440	+0.738	+0.722	+0.590	+0.727	+0.596	+0.645	+0.661	+0.606	+0.610	+0.655	+0.583	+0.721	+0.652	+0.550	+0.297	+0.364	+0.334	+0.331	+0.362	+0.375	+0.375	+0.368	+0.355	+0.370	+0.382	
rs7070844      +6.197	+0.978	+1.000	+0.916	+1.019	+1.090	+1.245	+1.444	+1.274	+0.916	+1.091	+1.050	+0.927	+0.927	+0.917	+0.961	+6.161	+0.918	+0.913	+0.920	+6.032	+0.907	+0.904	+0.903	+0.900	+0.894	+0.892	+0.760	+0.922	+0.888	+0.872	+0.833	+0.879	+0.877	+0.879	+0.882	+0.885	+0.861	+0.897	+0.886	+0.893	+0.911	+0.865	+0.866	+0.866	+5.659	+5.598	+5.672	+5.790	+0.910	+5.096	+5.631	+4.889	+4.930	+5.626	+5.631	+5.581	+5.526	+5.647	+5.550	+5.522	+5.518	+5.517	+5.515	+5.513	+5.511	+5.579	+5.567	+5.500	+0.886	+5.498	+5.534	+5.491	+0.980	+5.488	+5.485	+5.366	+5.484	+0.941	+1.018	+5.424	+5.485	+5.633	+5.479	+5.479	+5.460	+5.440	+5.494	+0.878	+5.337	+5.344	+0.794	+5.581	+5.374	+1.014	+0.754	+0.938	+0.660	+1.451	+0.551	+0.722	+1.442	+0.739	+0.723	+0.591	+0.728	+0.597	+0.646	+0.663	+0.607	+0.612	+0.656	+0.584	+0.722	+0.654	+0.552	+0.298	+0.365	+0.335	+0.333	+0.363	+0.376	+0.376	+0.370	+0.357	+0.371	+0.383	
rs61848112     +6.199	+0.973	+0.998	+0.902	+0.998	+1.084	+1.245	+1.467	+1.275	+0.902	+1.109	+1.043	+0.914	+0.914	+0.918	+0.964	+6.163	+0.920	+0.914	+0.905	+6.034	+0.891	+0.888	+0.886	+0.884	+0.877	+0.874	+0.740	+0.920	+0.870	+0.851	+0.803	+0.851	+0.847	+0.872	+0.853	+0.856	+0.831	+0.897	+0.857	+0.865	+0.865	+0.881	+0.864	+0.864	+5.656	+5.594	+5.669	+5.792	+0.908	+5.097	+5.632	+4.889	+4.930	+5.627	+5.632	+5.582	+5.527	+5.649	+5.551	+5.523	+5.518	+5.518	+5.515	+5.514	+5.512	+5.580	+5.567	+5.501	+0.881	+5.498	+5.534	+5.492	+0.985	+5.489	+5.485	+5.366	+5.485	+0.942	+1.028	+5.424	+5.485	+5.634	+5.480	+5.480	+5.460	+5.441	+5.495	+0.871	+5.337	+5.344	+0.772	+5.581	+5.374	+1.018	+0.733	+0.928	+0.632	+1.426	+0.521	+0.694	+1.416	+0.712	+0.695	+0.561	+0.700	+0.567	+0.618	+0.632	+0.577	+0.581	+0.628	+0.554	+0.694	+0.625	+0.522	+0.269	+0.335	+0.306	+0.303	+0.334	+0.346	+0.346	+0.340	+0.327	+0.341	+0.353	
