## Summary of overall evidence for association with region:
## log10(BF for region) = -0.213585
## p-value for region = NA

## BFs for choosing among multi-SNP models:
## log10(average 1-SNP BF) = -0.172779
## log10(average 2-SNP BF) = -0.308887

## Example posterior probabilities for multi-SNP models, based on default prior: [p(l) propto 0.5^l for l=1,2,...,L]
## posterior probability of 1-SNP = 0.732344
## posterior probability of 2-SNP = 0.267656

## log10(BF) for single SNP and pair of SNPs:
rs10264916     -0.549	-0.872	-0.690	-0.696	-0.697	-0.748	-0.820	-0.821	-0.824	-0.783	-0.852	-0.878	-0.847	-0.710	-0.738	-0.744	-0.805	-0.795	-0.800	-0.816	-0.814	-0.802	-0.813	-0.790	-0.796	-0.797	-0.815	-0.791	-0.807	-0.812	-0.805	-0.791	-0.977	-0.765	-0.789	-0.787	-0.510	-0.510	-0.514	-0.535	-0.502	-0.527	-0.740	-0.257	-0.526	-0.646	-0.515	-0.522	-0.507	-0.555	-0.648	-0.542	-0.644	-0.587	-0.551	-0.547	-0.547	-0.546	-0.473	-0.530	-0.526	-0.507	-0.535	-0.525	-0.538	-0.467	-0.271	-0.345	-0.437	-0.443	-0.852	-0.839	-0.812	-0.812	-0.754	-0.842	-0.829	-0.763	-0.791	-0.830	-0.830	-0.725	-0.747	-0.743	-0.854	-0.752	-0.799	-0.740	-0.802	-0.776	-0.690	-0.713	-0.802	-0.713	-0.797	-0.811	-0.840	-0.831	-0.826	-0.820	-0.793	-0.868	-0.878	-0.848	-0.099	-0.925	-0.639	-0.889	-0.125	-0.117	-0.106	-0.108	-0.105	-0.920	-0.136	-0.641	-0.633	-0.102	-0.746	
rs60814640     -0.872	-0.640	-0.867	-0.882	-0.885	-0.925	-0.858	-0.860	-0.864	-0.836	-0.908	-0.953	-0.899	-0.819	-0.808	-0.809	-0.869	-0.859	-0.864	-0.881	-0.878	-0.864	-0.877	-0.857	-0.859	-0.859	-0.879	-0.854	-0.870	-0.876	-0.874	-0.854	-1.058	-0.832	-0.864	-0.861	-0.581	-0.581	-0.587	-0.606	-0.575	-0.600	-0.820	-0.338	-0.598	-0.718	-0.588	-0.595	-0.580	-0.631	-0.721	-0.618	-0.717	-0.664	-0.626	-0.623	-0.622	-0.622	-0.548	-0.606	-0.601	-0.582	-0.610	-0.600	-0.614	-0.543	-0.349	-0.424	-0.516	-0.522	-0.933	-0.917	-0.890	-0.890	-0.840	-0.922	-0.907	-0.849	-0.877	-0.908	-0.908	-0.811	-0.833	-0.828	-0.934	-0.837	-0.875	-0.826	-0.880	-0.851	-0.776	-0.799	-0.880	-0.799	-0.874	-0.889	-0.922	-0.913	-0.905	-0.900	-0.872	-0.955	-0.962	-0.931	-0.209	-1.025	-0.726	-0.995	-0.231	-0.169	-0.159	-0.217	-0.157	-1.020	-0.244	-0.749	-0.742	-0.210	-0.820	
rs17164683     -0.690	-0.867	-0.545	-0.703	-0.703	-0.748	-0.817	-0.818	-0.821	-0.779	-0.850	-0.875	-0.844	-0.715	-0.736	-0.742	-0.803	-0.793	-0.797	-0.813	-0.811	-0.800	-0.810	-0.788	-0.793	-0.794	-0.812	-0.788	-0.804	-0.809	-0.802	-0.788	-0.973	-0.762	-0.786	-0.784	-0.507	-0.507	-0.512	-0.532	-0.500	-0.524	-0.736	-0.253	-0.523	-0.643	-0.512	-0.519	-0.504	-0.552	-0.645	-0.539	-0.641	-0.584	-0.548	-0.544	-0.544	-0.543	-0.470	-0.527	-0.523	-0.504	-0.532	-0.522	-0.535	-0.463	-0.267	-0.341	-0.434	-0.440	-0.849	-0.836	-0.810	-0.810	-0.751	-0.839	-0.826	-0.760	-0.788	-0.827	-0.827	-0.722	-0.744	-0.740	-0.851	-0.749	-0.796	-0.737	-0.800	-0.773	-0.687	-0.710	-0.800	-0.710	-0.794	-0.808	-0.837	-0.829	-0.823	-0.817	-0.790	-0.865	-0.875	-0.845	-0.095	-0.922	-0.636	-0.886	-0.121	-0.115	-0.104	-0.104	-0.103	-0.917	-0.132	-0.637	-0.630	-0.097	-0.743	
rs73232029     -0.696	-0.882	-0.703	-0.553	-0.684	-0.746	-0.824	-0.825	-0.828	-0.786	-0.856	-0.881	-0.850	-0.705	-0.742	-0.747	-0.809	-0.799	-0.804	-0.820	-0.817	-0.806	-0.816	-0.794	-0.799	-0.800	-0.818	-0.794	-0.810	-0.815	-0.808	-0.795	-0.982	-0.768	-0.792	-0.790	-0.514	-0.514	-0.517	-0.539	-0.505	-0.530	-0.743	-0.259	-0.529	-0.650	-0.519	-0.526	-0.511	-0.559	-0.651	-0.545	-0.647	-0.591	-0.555	-0.551	-0.551	-0.550	-0.477	-0.534	-0.530	-0.511	-0.538	-0.529	-0.542	-0.471	-0.275	-0.349	-0.441	-0.447	-0.856	-0.843	-0.816	-0.816	-0.758	-0.846	-0.833	-0.768	-0.795	-0.834	-0.833	-0.730	-0.751	-0.747	-0.857	-0.756	-0.802	-0.745	-0.806	-0.779	-0.695	-0.718	-0.806	-0.718	-0.801	-0.815	-0.844	-0.835	-0.829	-0.824	-0.797	-0.872	-0.882	-0.852	-0.104	-0.929	-0.643	-0.894	-0.129	-0.119	-0.108	-0.113	-0.107	-0.925	-0.141	-0.645	-0.638	-0.107	-0.749	
rs7804293      -0.697	-0.885	-0.703	-0.684	-0.555	-0.749	-0.826	-0.827	-0.830	-0.788	-0.858	-0.883	-0.852	-0.703	-0.743	-0.749	-0.811	-0.801	-0.806	-0.821	-0.819	-0.807	-0.818	-0.796	-0.801	-0.802	-0.820	-0.796	-0.812	-0.817	-0.810	-0.797	-0.984	-0.770	-0.794	-0.792	-0.516	-0.516	-0.519	-0.541	-0.507	-0.531	-0.745	-0.261	-0.531	-0.652	-0.521	-0.528	-0.513	-0.561	-0.653	-0.547	-0.649	-0.593	-0.557	-0.553	-0.552	-0.552	-0.479	-0.536	-0.532	-0.513	-0.540	-0.531	-0.544	-0.473	-0.277	-0.351	-0.443	-0.449	-0.858	-0.844	-0.818	-0.818	-0.760	-0.848	-0.835	-0.770	-0.797	-0.835	-0.835	-0.732	-0.753	-0.749	-0.859	-0.758	-0.804	-0.747	-0.808	-0.781	-0.697	-0.720	-0.808	-0.720	-0.802	-0.817	-0.846	-0.837	-0.831	-0.826	-0.799	-0.874	-0.884	-0.854	-0.107	-0.932	-0.645	-0.896	-0.132	-0.120	-0.110	-0.116	-0.108	-0.927	-0.144	-0.647	-0.640	-0.109	-0.751	
rs7804722      -0.748	-0.925	-0.748	-0.746	-0.749	-0.575	-0.843	-0.844	-0.847	-0.806	-0.876	-0.901	-0.870	-0.723	-0.759	-0.763	-0.827	-0.817	-0.822	-0.838	-0.836	-0.824	-0.834	-0.812	-0.817	-0.818	-0.836	-0.812	-0.828	-0.834	-0.827	-0.813	-1.005	-0.786	-0.811	-0.808	-0.531	-0.531	-0.534	-0.556	-0.522	-0.546	-0.762	-0.277	-0.546	-0.667	-0.536	-0.543	-0.528	-0.576	-0.668	-0.562	-0.664	-0.609	-0.572	-0.568	-0.568	-0.567	-0.494	-0.551	-0.547	-0.528	-0.556	-0.546	-0.559	-0.488	-0.294	-0.368	-0.459	-0.465	-0.876	-0.862	-0.835	-0.835	-0.779	-0.865	-0.852	-0.788	-0.816	-0.852	-0.852	-0.750	-0.772	-0.767	-0.877	-0.776	-0.821	-0.765	-0.825	-0.798	-0.715	-0.738	-0.825	-0.738	-0.819	-0.834	-0.863	-0.855	-0.849	-0.843	-0.816	-0.893	-0.902	-0.872	-0.128	-0.951	-0.664	-0.916	-0.153	-0.132	-0.122	-0.137	-0.121	-0.946	-0.165	-0.666	-0.659	-0.131	-0.768	
rs2301556      -0.820	-0.858	-0.817	-0.824	-0.826	-0.843	-0.397	-0.518	-0.520	-0.580	-0.494	-0.722	-0.529	-0.773	-0.564	-0.593	-0.579	-0.565	-0.571	-0.594	-0.591	-0.577	-0.589	-0.604	-0.565	-0.565	-0.592	-0.558	-0.580	-0.588	-0.582	-0.559	-0.853	-0.590	-0.640	-0.636	-0.370	-0.370	-0.367	-0.395	-0.355	-0.379	-0.603	-0.134	-0.388	-0.506	-0.379	-0.387	-0.372	-0.414	-0.502	-0.400	-0.498	-0.447	-0.408	-0.404	-0.404	-0.403	-0.328	-0.387	-0.383	-0.364	-0.392	-0.382	-0.395	-0.328	-0.144	-0.221	-0.302	-0.307	-0.706	-0.686	-0.656	-0.656	-0.601	-0.691	-0.675	-0.611	-0.640	-0.676	-0.676	-0.570	-0.593	-0.589	-0.706	-0.598	-0.641	-0.586	-0.647	-0.617	-0.535	-0.560	-0.647	-0.559	-0.641	-0.657	-0.692	-0.682	-0.676	-0.668	-0.638	-0.722	-0.735	-0.702	+0.008	-0.795	-0.499	-0.764	-0.013	+0.051	+0.062	+0.001	+0.063	-0.791	-0.027	-0.511	-0.503	+0.007	-0.585	
rs10249013     -0.821	-0.860	-0.818	-0.825	-0.827	-0.844	-0.518	-0.398	-0.511	-0.579	-0.506	-0.723	-0.521	-0.774	-0.565	-0.594	-0.580	-0.565	-0.572	-0.595	-0.592	-0.578	-0.590	-0.605	-0.566	-0.566	-0.593	-0.559	-0.581	-0.589	-0.583	-0.559	-0.855	-0.591	-0.641	-0.637	-0.371	-0.371	-0.368	-0.396	-0.356	-0.380	-0.604	-0.135	-0.389	-0.507	-0.381	-0.388	-0.373	-0.416	-0.503	-0.402	-0.498	-0.448	-0.409	-0.405	-0.405	-0.404	-0.329	-0.388	-0.384	-0.365	-0.392	-0.383	-0.396	-0.329	-0.145	-0.222	-0.303	-0.308	-0.707	-0.687	-0.657	-0.657	-0.601	-0.692	-0.676	-0.611	-0.640	-0.677	-0.677	-0.571	-0.594	-0.589	-0.707	-0.599	-0.642	-0.587	-0.648	-0.618	-0.536	-0.560	-0.648	-0.560	-0.641	-0.658	-0.692	-0.683	-0.677	-0.669	-0.639	-0.723	-0.736	-0.703	+0.007	-0.797	-0.500	-0.765	-0.014	+0.051	+0.061	-0.001	+0.063	-0.792	-0.028	-0.513	-0.505	+0.006	-0.586	
rs10278890     -0.824	-0.864	-0.821	-0.828	-0.830	-0.847	-0.520	-0.511	-0.401	-0.582	-0.517	-0.727	-0.530	-0.776	-0.569	-0.598	-0.585	-0.571	-0.577	-0.600	-0.597	-0.583	-0.594	-0.609	-0.571	-0.571	-0.598	-0.564	-0.586	-0.594	-0.588	-0.564	-0.857	-0.595	-0.644	-0.641	-0.373	-0.374	-0.371	-0.399	-0.359	-0.383	-0.607	-0.137	-0.391	-0.510	-0.383	-0.391	-0.376	-0.419	-0.505	-0.404	-0.501	-0.451	-0.412	-0.408	-0.408	-0.407	-0.332	-0.391	-0.387	-0.368	-0.395	-0.386	-0.399	-0.332	-0.148	-0.224	-0.305	-0.311	-0.710	-0.691	-0.661	-0.661	-0.605	-0.695	-0.679	-0.615	-0.644	-0.680	-0.680	-0.575	-0.598	-0.593	-0.710	-0.603	-0.645	-0.591	-0.651	-0.621	-0.539	-0.564	-0.651	-0.564	-0.645	-0.662	-0.696	-0.686	-0.680	-0.673	-0.642	-0.727	-0.739	-0.706	+0.004	-0.800	-0.503	-0.769	-0.018	+0.048	+0.058	-0.004	+0.060	-0.796	-0.032	-0.516	-0.509	+0.002	-0.589	
rs113793043    -0.783	-0.836	-0.779	-0.786	-0.788	-0.806	-0.580	-0.579	-0.582	-0.354	-0.593	-0.688	-0.592	-0.734	-0.530	-0.554	-0.576	-0.563	-0.570	-0.591	-0.588	-0.576	-0.586	-0.555	-0.564	-0.565	-0.588	-0.557	-0.578	-0.585	-0.580	-0.558	-0.818	-0.575	-0.605	-0.602	-0.328	-0.329	-0.333	-0.354	-0.321	-0.345	-0.568	-0.099	-0.347	-0.466	-0.341	-0.348	-0.333	-0.382	-0.467	-0.368	-0.463	-0.412	-0.373	-0.369	-0.369	-0.369	-0.294	-0.352	-0.348	-0.329	-0.357	-0.347	-0.360	-0.293	-0.101	-0.178	-0.267	-0.273	-0.668	-0.648	-0.618	-0.618	-0.563	-0.653	-0.637	-0.572	-0.602	-0.638	-0.638	-0.532	-0.555	-0.550	-0.669	-0.560	-0.602	-0.548	-0.608	-0.578	-0.496	-0.521	-0.608	-0.520	-0.602	-0.619	-0.654	-0.644	-0.638	-0.630	-0.599	-0.685	-0.698	-0.665	+0.049	-0.758	-0.461	-0.726	+0.027	+0.087	+0.098	+0.041	+0.099	-0.753	+0.014	-0.472	-0.465	+0.048	-0.548	
rs112248192    -0.852	-0.908	-0.850	-0.856	-0.858	-0.876	-0.494	-0.506	-0.517	-0.593	-0.441	-0.765	-0.563	-0.803	-0.611	-0.630	-0.641	-0.628	-0.634	-0.656	-0.653	-0.640	-0.651	-0.655	-0.629	-0.630	-0.654	-0.622	-0.644	-0.651	-0.644	-0.623	-0.888	-0.637	-0.679	-0.676	-0.400	-0.400	-0.401	-0.425	-0.389	-0.414	-0.638	-0.164	-0.417	-0.537	-0.409	-0.416	-0.401	-0.448	-0.536	-0.434	-0.532	-0.480	-0.442	-0.438	-0.438	-0.437	-0.362	-0.421	-0.417	-0.397	-0.425	-0.416	-0.429	-0.361	-0.172	-0.249	-0.334	-0.340	-0.746	-0.728	-0.698	-0.698	-0.644	-0.732	-0.716	-0.654	-0.683	-0.717	-0.717	-0.614	-0.637	-0.632	-0.747	-0.642	-0.683	-0.630	-0.688	-0.659	-0.579	-0.603	-0.688	-0.603	-0.682	-0.698	-0.732	-0.723	-0.717	-0.709	-0.679	-0.764	-0.775	-0.743	-0.032	-0.838	-0.538	-0.808	-0.053	+0.022	+0.033	-0.040	+0.034	-0.834	-0.067	-0.558	-0.550	-0.033	-0.627	
rs1972508      -0.878	-0.953	-0.875	-0.881	-0.883	-0.901	-0.722	-0.723	-0.727	-0.688	-0.765	-0.465	-0.757	-0.829	-0.582	-0.655	-0.722	-0.711	-0.716	-0.733	-0.731	-0.717	-0.729	-0.704	-0.712	-0.712	-0.731	-0.707	-0.723	-0.728	-0.724	-0.707	-0.897	-0.676	-0.704	-0.701	-0.430	-0.431	-0.435	-0.456	-0.423	-0.447	-0.668	-0.179	-0.448	-0.566	-0.438	-0.445	-0.430	-0.480	-0.568	-0.466	-0.564	-0.511	-0.475	-0.472	-0.471	-0.471	-0.397	-0.455	-0.450	-0.431	-0.459	-0.449	-0.462	-0.388	-0.206	-0.279	-0.363	-0.369	-0.760	-0.751	-0.725	-0.725	-0.684	-0.754	-0.741	-0.693	-0.719	-0.742	-0.742	-0.656	-0.677	-0.672	-0.762	-0.681	-0.711	-0.670	-0.713	-0.686	-0.620	-0.643	-0.713	-0.643	-0.707	-0.722	-0.753	-0.744	-0.733	-0.732	-0.707	-0.791	-0.786	-0.762	-0.054	-0.869	-0.552	-0.840	-0.075	+0.040	+0.052	-0.061	+0.053	-0.865	-0.088	-0.595	-0.589	-0.054	-0.648	
rs2282990      -0.847	-0.899	-0.844	-0.850	-0.852	-0.870	-0.529	-0.521	-0.530	-0.592	-0.563	-0.757	-0.432	-0.797	-0.601	-0.623	-0.628	-0.614	-0.620	-0.643	-0.640	-0.626	-0.638	-0.645	-0.615	-0.616	-0.641	-0.608	-0.630	-0.637	-0.631	-0.608	-0.882	-0.627	-0.671	-0.668	-0.394	-0.394	-0.395	-0.420	-0.383	-0.407	-0.631	-0.159	-0.412	-0.531	-0.404	-0.411	-0.396	-0.442	-0.529	-0.428	-0.525	-0.474	-0.435	-0.431	-0.431	-0.431	-0.356	-0.414	-0.410	-0.391	-0.419	-0.409	-0.422	-0.354	-0.167	-0.244	-0.328	-0.334	-0.739	-0.719	-0.690	-0.690	-0.635	-0.724	-0.708	-0.645	-0.674	-0.709	-0.709	-0.605	-0.628	-0.623	-0.739	-0.633	-0.674	-0.621	-0.680	-0.650	-0.570	-0.594	-0.680	-0.594	-0.674	-0.690	-0.724	-0.715	-0.709	-0.701	-0.671	-0.756	-0.768	-0.735	-0.024	-0.830	-0.531	-0.799	-0.045	+0.027	+0.038	-0.032	+0.039	-0.826	-0.059	-0.549	-0.542	-0.025	-0.619	
rs3731326      -0.710	-0.819	-0.715	-0.705	-0.703	-0.723	-0.773	-0.774	-0.776	-0.734	-0.803	-0.829	-0.797	-0.495	-0.692	-0.702	-0.759	-0.750	-0.754	-0.769	-0.768	-0.756	-0.766	-0.745	-0.750	-0.751	-0.768	-0.745	-0.760	-0.765	-0.757	-0.746	-0.922	-0.721	-0.742	-0.740	-0.468	-0.468	-0.470	-0.492	-0.458	-0.482	-0.692	-0.207	-0.482	-0.604	-0.470	-0.478	-0.463	-0.509	-0.604	-0.496	-0.600	-0.542	-0.506	-0.503	-0.502	-0.502	-0.429	-0.486	-0.482	-0.463	-0.490	-0.481	-0.494	-0.422	-0.224	-0.297	-0.391	-0.396	-0.803	-0.791	-0.765	-0.765	-0.704	-0.794	-0.781	-0.714	-0.741	-0.782	-0.782	-0.676	-0.697	-0.693	-0.805	-0.702	-0.752	-0.691	-0.755	-0.729	-0.639	-0.662	-0.755	-0.662	-0.749	-0.763	-0.790	-0.782	-0.777	-0.771	-0.745	-0.817	-0.828	-0.799	-0.037	-0.870	-0.587	-0.833	-0.064	-0.080	-0.069	-0.047	-0.068	-0.865	-0.075	-0.583	-0.576	-0.041	-0.700	
rs2282991      -0.738	-0.808	-0.736	-0.742	-0.743	-0.759	-0.564	-0.565	-0.569	-0.530	-0.611	-0.582	-0.601	-0.692	-0.295	-0.504	-0.575	-0.564	-0.569	-0.586	-0.584	-0.568	-0.582	-0.555	-0.564	-0.566	-0.584	-0.559	-0.576	-0.582	-0.576	-0.560	-0.755	-0.527	-0.553	-0.551	-0.291	-0.291	-0.298	-0.316	-0.286	-0.310	-0.527	-0.074	-0.310	-0.427	-0.304	-0.311	-0.296	-0.345	-0.430	-0.332	-0.426	-0.366	-0.337	-0.333	-0.333	-0.333	-0.260	-0.317	-0.313	-0.294	-0.321	-0.312	-0.325	-0.249	-0.067	-0.131	-0.226	-0.232	-0.608	-0.616	-0.599	-0.599	-0.572	-0.616	-0.610	-0.579	-0.601	-0.610	-0.610	-0.548	-0.565	-0.562	-0.613	-0.569	-0.589	-0.560	-0.586	-0.568	-0.516	-0.536	-0.586	-0.536	-0.582	-0.592	-0.611	-0.606	-0.590	-0.598	-0.583	-0.654	-0.628	-0.615	+0.077	-0.733	-0.406	-0.707	+0.057	+0.237	+0.248	+0.071	+0.250	-0.729	+0.044	-0.471	-0.465	+0.077	-0.474	
rs117892745    -0.744	-0.809	-0.742	-0.747	-0.749	-0.763	-0.593	-0.594	-0.598	-0.554	-0.630	-0.655	-0.623	-0.702	-0.504	-0.301	-0.584	-0.576	-0.580	-0.593	-0.592	-0.577	-0.591	-0.557	-0.576	-0.578	-0.592	-0.572	-0.586	-0.590	-0.587	-0.573	-0.734	-0.530	-0.533	-0.532	-0.320	-0.320	-0.326	-0.345	-0.314	-0.338	-0.549	-0.095	-0.339	-0.453	-0.333	-0.340	-0.325	-0.374	-0.456	-0.361	-0.452	-0.403	-0.366	-0.362	-0.362	-0.361	-0.289	-0.346	-0.342	-0.323	-0.350	-0.341	-0.353	-0.287	-0.100	-0.175	-0.262	-0.267	-0.628	-0.612	-0.584	-0.584	-0.538	-0.616	-0.601	-0.547	-0.574	-0.602	-0.602	-0.509	-0.530	-0.526	-0.629	-0.535	-0.569	-0.524	-0.573	-0.544	-0.473	-0.496	-0.573	-0.496	-0.567	-0.583	-0.614	-0.606	-0.599	-0.593	-0.565	-0.651	-0.656	-0.624	+0.092	-0.721	-0.421	-0.694	+0.072	+0.146	+0.157	+0.084	+0.159	-0.717	+0.057	-0.445	-0.438	+0.091	-0.504	
rs6952653      -0.805	-0.869	-0.803	-0.809	-0.811	-0.827	-0.579	-0.580	-0.585	-0.576	-0.641	-0.722	-0.628	-0.759	-0.575	-0.584	-0.378	-0.482	-0.485	-0.514	-0.514	-0.544	-0.513	-0.561	-0.490	-0.504	-0.517	-0.481	-0.512	-0.515	-0.531	-0.484	-0.724	-0.560	-0.597	-0.597	-0.391	-0.391	-0.395	-0.416	-0.383	-0.407	-0.616	-0.166	-0.409	-0.522	-0.402	-0.409	-0.394	-0.442	-0.524	-0.429	-0.520	-0.471	-0.434	-0.431	-0.431	-0.430	-0.358	-0.414	-0.410	-0.392	-0.419	-0.409	-0.422	-0.357	-0.171	-0.246	-0.331	-0.337	-0.694	-0.679	-0.652	-0.652	-0.608	-0.683	-0.669	-0.617	-0.643	-0.670	-0.670	-0.579	-0.600	-0.596	-0.695	-0.605	-0.637	-0.594	-0.641	-0.613	-0.544	-0.567	-0.641	-0.567	-0.635	-0.651	-0.682	-0.674	-0.666	-0.661	-0.634	-0.719	-0.723	-0.691	+0.012	-0.800	-0.488	-0.774	-0.007	+0.119	+0.130	+0.005	+0.131	-0.796	-0.021	-0.538	-0.531	+0.012	-0.573	
rs4729049      -0.795	-0.859	-0.793	-0.799	-0.801	-0.817	-0.565	-0.565	-0.571	-0.563	-0.628	-0.711	-0.614	-0.750	-0.564	-0.576	-0.482	-0.366	-0.479	-0.502	-0.503	-0.537	-0.503	-0.552	-0.485	-0.498	-0.506	-0.479	-0.504	-0.506	-0.520	-0.481	-0.707	-0.553	-0.587	-0.587	-0.388	-0.388	-0.392	-0.412	-0.380	-0.404	-0.610	-0.163	-0.405	-0.516	-0.398	-0.405	-0.390	-0.438	-0.519	-0.425	-0.515	-0.467	-0.431	-0.427	-0.427	-0.426	-0.355	-0.411	-0.407	-0.389	-0.415	-0.406	-0.419	-0.354	-0.167	-0.241	-0.328	-0.334	-0.684	-0.669	-0.642	-0.642	-0.598	-0.673	-0.659	-0.607	-0.633	-0.660	-0.659	-0.570	-0.590	-0.586	-0.685	-0.595	-0.627	-0.584	-0.631	-0.603	-0.534	-0.557	-0.631	-0.557	-0.625	-0.640	-0.671	-0.663	-0.655	-0.651	-0.624	-0.709	-0.712	-0.681	+0.022	-0.790	-0.477	-0.765	+0.002	+0.132	+0.143	+0.015	+0.145	-0.786	-0.012	-0.529	-0.522	+0.021	-0.562	
rs17164770     -0.800	-0.864	-0.797	-0.804	-0.806	-0.822	-0.571	-0.572	-0.577	-0.570	-0.634	-0.716	-0.620	-0.754	-0.569	-0.580	-0.485	-0.479	-0.372	-0.506	-0.507	-0.540	-0.506	-0.556	-0.485	-0.500	-0.509	-0.477	-0.506	-0.509	-0.524	-0.480	-0.715	-0.556	-0.592	-0.591	-0.389	-0.390	-0.394	-0.414	-0.382	-0.406	-0.613	-0.165	-0.407	-0.519	-0.400	-0.407	-0.392	-0.440	-0.521	-0.427	-0.517	-0.469	-0.433	-0.429	-0.429	-0.428	-0.357	-0.413	-0.409	-0.390	-0.417	-0.408	-0.420	-0.355	-0.169	-0.244	-0.330	-0.336	-0.689	-0.674	-0.647	-0.647	-0.603	-0.678	-0.664	-0.612	-0.638	-0.665	-0.664	-0.574	-0.595	-0.591	-0.690	-0.600	-0.632	-0.589	-0.636	-0.608	-0.539	-0.562	-0.636	-0.561	-0.630	-0.645	-0.676	-0.668	-0.660	-0.656	-0.628	-0.714	-0.717	-0.686	+0.017	-0.795	-0.482	-0.769	-0.002	+0.126	+0.137	+0.010	+0.138	-0.791	-0.016	-0.533	-0.527	+0.017	-0.567	
rs17164772     -0.816	-0.881	-0.813	-0.820	-0.821	-0.838	-0.594	-0.595	-0.600	-0.591	-0.656	-0.733	-0.643	-0.769	-0.586	-0.593	-0.514	-0.502	-0.506	-0.391	-0.501	-0.544	-0.501	-0.572	-0.505	-0.484	-0.507	-0.496	-0.498	-0.503	-0.545	-0.499	-0.737	-0.568	-0.604	-0.603	-0.397	-0.397	-0.399	-0.421	-0.387	-0.411	-0.624	-0.170	-0.415	-0.529	-0.408	-0.415	-0.400	-0.448	-0.530	-0.435	-0.526	-0.477	-0.440	-0.436	-0.436	-0.436	-0.363	-0.420	-0.416	-0.397	-0.424	-0.415	-0.427	-0.362	-0.177	-0.252	-0.336	-0.342	-0.706	-0.691	-0.663	-0.663	-0.619	-0.695	-0.680	-0.627	-0.654	-0.681	-0.681	-0.590	-0.611	-0.607	-0.707	-0.616	-0.648	-0.605	-0.653	-0.624	-0.555	-0.577	-0.653	-0.577	-0.647	-0.662	-0.693	-0.685	-0.677	-0.673	-0.645	-0.730	-0.734	-0.703	+0.000	-0.811	-0.499	-0.785	-0.019	+0.104	+0.115	-0.006	+0.117	-0.807	-0.033	-0.548	-0.541	+0.000	-0.585	
rs2374593      -0.814	-0.878	-0.811	-0.817	-0.819	-0.836	-0.591	-0.592	-0.597	-0.588	-0.653	-0.731	-0.640	-0.768	-0.584	-0.592	-0.514	-0.503	-0.507	-0.501	-0.389	-0.543	-0.499	-0.570	-0.505	-0.483	-0.505	-0.496	-0.496	-0.500	-0.543	-0.498	-0.734	-0.567	-0.602	-0.601	-0.396	-0.396	-0.399	-0.421	-0.387	-0.411	-0.623	-0.170	-0.414	-0.528	-0.407	-0.414	-0.400	-0.447	-0.529	-0.434	-0.525	-0.476	-0.439	-0.436	-0.435	-0.435	-0.362	-0.419	-0.415	-0.396	-0.423	-0.414	-0.427	-0.361	-0.176	-0.251	-0.336	-0.341	-0.704	-0.689	-0.661	-0.661	-0.617	-0.693	-0.678	-0.625	-0.652	-0.679	-0.679	-0.588	-0.609	-0.605	-0.705	-0.614	-0.646	-0.603	-0.650	-0.622	-0.553	-0.575	-0.650	-0.575	-0.645	-0.660	-0.691	-0.683	-0.675	-0.670	-0.643	-0.728	-0.732	-0.701	+0.002	-0.809	-0.497	-0.783	-0.017	+0.107	+0.118	-0.004	+0.119	-0.805	-0.031	-0.546	-0.539	+0.002	-0.583	
rs1541380      -0.802	-0.864	-0.800	-0.806	-0.807	-0.824	-0.577	-0.578	-0.583	-0.576	-0.640	-0.717	-0.626	-0.756	-0.568	-0.577	-0.544	-0.537	-0.540	-0.544	-0.543	-0.374	-0.542	-0.578	-0.537	-0.529	-0.544	-0.531	-0.538	-0.542	-0.563	-0.532	-0.729	-0.567	-0.601	-0.600	-0.383	-0.383	-0.387	-0.408	-0.375	-0.399	-0.610	-0.156	-0.401	-0.514	-0.393	-0.400	-0.385	-0.434	-0.516	-0.421	-0.512	-0.463	-0.427	-0.423	-0.423	-0.422	-0.350	-0.407	-0.403	-0.384	-0.411	-0.402	-0.414	-0.348	-0.159	-0.234	-0.323	-0.328	-0.691	-0.676	-0.648	-0.648	-0.604	-0.680	-0.665	-0.612	-0.639	-0.666	-0.666	-0.575	-0.596	-0.592	-0.692	-0.601	-0.633	-0.589	-0.637	-0.609	-0.539	-0.562	-0.637	-0.562	-0.632	-0.647	-0.678	-0.670	-0.662	-0.658	-0.630	-0.715	-0.719	-0.688	+0.029	-0.794	-0.485	-0.768	+0.009	+0.119	+0.130	+0.022	+0.132	-0.790	-0.005	-0.529	-0.522	+0.028	-0.569	
rs1076218      -0.813	-0.877	-0.810	-0.816	-0.818	-0.834	-0.589	-0.590	-0.594	-0.586	-0.651	-0.729	-0.638	-0.766	-0.582	-0.591	-0.513	-0.503	-0.506	-0.501	-0.499	-0.542	-0.387	-0.569	-0.504	-0.482	-0.503	-0.495	-0.494	-0.499	-0.542	-0.497	-0.731	-0.565	-0.600	-0.600	-0.395	-0.396	-0.398	-0.420	-0.386	-0.410	-0.622	-0.169	-0.413	-0.527	-0.406	-0.414	-0.399	-0.447	-0.528	-0.433	-0.525	-0.476	-0.439	-0.435	-0.435	-0.434	-0.362	-0.419	-0.415	-0.396	-0.423	-0.414	-0.426	-0.361	-0.176	-0.250	-0.335	-0.341	-0.702	-0.687	-0.660	-0.660	-0.615	-0.691	-0.677	-0.624	-0.650	-0.677	-0.677	-0.587	-0.608	-0.603	-0.703	-0.612	-0.645	-0.601	-0.649	-0.621	-0.551	-0.574	-0.649	-0.573	-0.643	-0.658	-0.689	-0.682	-0.673	-0.669	-0.641	-0.726	-0.730	-0.699	+0.004	-0.807	-0.495	-0.782	-0.016	+0.109	+0.120	-0.003	+0.122	-0.803	-0.029	-0.544	-0.538	+0.004	-0.581	
rs2374594      -0.790	-0.857	-0.788	-0.794	-0.796	-0.812	-0.604	-0.605	-0.609	-0.555	-0.655	-0.704	-0.645	-0.745	-0.555	-0.557	-0.561	-0.552	-0.556	-0.572	-0.570	-0.578	-0.569	-0.358	-0.552	-0.556	-0.570	-0.547	-0.564	-0.569	-0.575	-0.548	-0.732	-0.571	-0.576	-0.575	-0.363	-0.363	-0.370	-0.388	-0.358	-0.382	-0.595	-0.140	-0.382	-0.498	-0.378	-0.385	-0.370	-0.419	-0.501	-0.406	-0.497	-0.448	-0.410	-0.407	-0.406	-0.411	-0.333	-0.390	-0.386	-0.367	-0.394	-0.385	-0.398	-0.331	-0.146	-0.222	-0.306	-0.312	-0.677	-0.662	-0.634	-0.634	-0.589	-0.666	-0.651	-0.597	-0.624	-0.652	-0.652	-0.560	-0.581	-0.577	-0.678	-0.586	-0.619	-0.574	-0.623	-0.595	-0.524	-0.547	-0.623	-0.547	-0.617	-0.632	-0.664	-0.656	-0.648	-0.643	-0.615	-0.701	-0.705	-0.674	+0.029	-0.783	-0.469	-0.757	+0.010	+0.147	+0.158	+0.023	+0.159	-0.779	-0.004	-0.520	-0.514	+0.029	-0.557	
rs2237575      -0.796	-0.859	-0.793	-0.799	-0.801	-0.817	-0.565	-0.566	-0.571	-0.564	-0.629	-0.712	-0.615	-0.750	-0.564	-0.576	-0.490	-0.485	-0.485	-0.505	-0.505	-0.537	-0.504	-0.552	-0.367	-0.497	-0.504	-0.476	-0.502	-0.505	-0.520	-0.478	-0.705	-0.553	-0.587	-0.586	-0.388	-0.388	-0.392	-0.412	-0.381	-0.404	-0.610	-0.163	-0.405	-0.516	-0.398	-0.405	-0.390	-0.438	-0.519	-0.425	-0.515	-0.467	-0.431	-0.427	-0.427	-0.427	-0.356	-0.411	-0.407	-0.389	-0.415	-0.406	-0.419	-0.354	-0.167	-0.241	-0.328	-0.334	-0.684	-0.669	-0.641	-0.641	-0.597	-0.673	-0.658	-0.606	-0.633	-0.659	-0.659	-0.569	-0.590	-0.585	-0.685	-0.594	-0.626	-0.583	-0.630	-0.602	-0.533	-0.556	-0.630	-0.556	-0.624	-0.640	-0.671	-0.663	-0.655	-0.650	-0.623	-0.708	-0.712	-0.681	+0.022	-0.790	-0.477	-0.765	+0.003	+0.131	+0.142	+0.015	+0.144	-0.786	-0.011	-0.529	-0.522	+0.022	-0.562	
rs3802073      -0.797	-0.859	-0.794	-0.800	-0.802	-0.818	-0.565	-0.566	-0.571	-0.565	-0.630	-0.712	-0.616	-0.751	-0.566	-0.578	-0.504	-0.498	-0.500	-0.484	-0.483	-0.529	-0.482	-0.556	-0.497	-0.368	-0.482	-0.491	-0.481	-0.482	-0.526	-0.492	-0.705	-0.555	-0.584	-0.584	-0.389	-0.390	-0.393	-0.414	-0.382	-0.405	-0.611	-0.165	-0.407	-0.518	-0.399	-0.406	-0.392	-0.440	-0.520	-0.427	-0.516	-0.469	-0.433	-0.429	-0.429	-0.428	-0.357	-0.413	-0.409	-0.390	-0.417	-0.408	-0.420	-0.355	-0.169	-0.243	-0.330	-0.335	-0.685	-0.670	-0.643	-0.643	-0.599	-0.674	-0.660	-0.608	-0.634	-0.661	-0.660	-0.570	-0.592	-0.587	-0.686	-0.596	-0.628	-0.585	-0.632	-0.604	-0.535	-0.557	-0.632	-0.557	-0.626	-0.641	-0.672	-0.665	-0.656	-0.652	-0.625	-0.710	-0.713	-0.682	+0.021	-0.791	-0.478	-0.766	+0.001	+0.130	+0.141	+0.014	+0.143	-0.787	-0.012	-0.530	-0.523	+0.021	-0.564	
rs3802072      -0.815	-0.879	-0.812	-0.818	-0.820	-0.836	-0.592	-0.593	-0.598	-0.588	-0.654	-0.731	-0.641	-0.768	-0.584	-0.592	-0.517	-0.506	-0.509	-0.507	-0.505	-0.544	-0.503	-0.570	-0.504	-0.482	-0.389	-0.494	-0.496	-0.502	-0.543	-0.496	-0.735	-0.566	-0.602	-0.602	-0.396	-0.396	-0.398	-0.421	-0.386	-0.411	-0.623	-0.169	-0.414	-0.528	-0.407	-0.414	-0.400	-0.447	-0.529	-0.434	-0.525	-0.476	-0.439	-0.436	-0.435	-0.435	-0.362	-0.419	-0.415	-0.396	-0.423	-0.414	-0.427	-0.361	-0.176	-0.251	-0.335	-0.341	-0.704	-0.689	-0.662	-0.662	-0.617	-0.693	-0.679	-0.626	-0.652	-0.680	-0.679	-0.588	-0.610	-0.605	-0.705	-0.614	-0.647	-0.603	-0.651	-0.623	-0.553	-0.576	-0.651	-0.575	-0.645	-0.660	-0.691	-0.684	-0.675	-0.671	-0.644	-0.728	-0.732	-0.701	+0.002	-0.809	-0.497	-0.784	-0.018	+0.106	+0.117	-0.005	+0.119	-0.805	-0.031	-0.546	-0.540	+0.002	-0.583	
rs3731303      -0.791	-0.854	-0.788	-0.794	-0.796	-0.812	-0.558	-0.559	-0.564	-0.557	-0.622	-0.707	-0.608	-0.745	-0.559	-0.572	-0.481	-0.479	-0.477	-0.496	-0.496	-0.531	-0.495	-0.547	-0.476	-0.491	-0.494	-0.361	-0.494	-0.495	-0.512	-0.470	-0.700	-0.548	-0.582	-0.581	-0.385	-0.386	-0.390	-0.410	-0.378	-0.402	-0.607	-0.161	-0.403	-0.513	-0.395	-0.402	-0.388	-0.436	-0.516	-0.423	-0.512	-0.465	-0.429	-0.425	-0.425	-0.424	-0.353	-0.409	-0.405	-0.387	-0.413	-0.404	-0.416	-0.352	-0.165	-0.239	-0.326	-0.332	-0.679	-0.664	-0.637	-0.637	-0.593	-0.668	-0.654	-0.602	-0.629	-0.655	-0.655	-0.565	-0.586	-0.581	-0.680	-0.590	-0.622	-0.579	-0.626	-0.598	-0.529	-0.552	-0.626	-0.552	-0.620	-0.635	-0.666	-0.658	-0.650	-0.646	-0.619	-0.704	-0.707	-0.676	+0.027	-0.785	-0.472	-0.760	+0.008	+0.138	+0.149	+0.020	+0.151	-0.781	-0.006	-0.524	-0.518	+0.027	-0.557	
rs3731299      -0.807	-0.870	-0.804	-0.810	-0.812	-0.828	-0.580	-0.581	-0.586	-0.578	-0.644	-0.723	-0.630	-0.760	-0.576	-0.586	-0.512	-0.504	-0.506	-0.498	-0.496	-0.538	-0.494	-0.564	-0.502	-0.481	-0.496	-0.494	-0.380	-0.494	-0.536	-0.495	-0.722	-0.561	-0.595	-0.594	-0.393	-0.393	-0.396	-0.418	-0.385	-0.408	-0.618	-0.168	-0.411	-0.523	-0.404	-0.411	-0.396	-0.444	-0.525	-0.431	-0.522	-0.473	-0.437	-0.433	-0.433	-0.432	-0.360	-0.416	-0.412	-0.394	-0.421	-0.411	-0.424	-0.359	-0.173	-0.247	-0.333	-0.339	-0.696	-0.681	-0.654	-0.653	-0.609	-0.685	-0.670	-0.618	-0.644	-0.671	-0.671	-0.581	-0.602	-0.597	-0.697	-0.606	-0.639	-0.595	-0.643	-0.615	-0.545	-0.568	-0.643	-0.568	-0.637	-0.652	-0.683	-0.675	-0.667	-0.663	-0.635	-0.720	-0.724	-0.693	+0.010	-0.801	-0.489	-0.776	-0.009	+0.117	+0.128	+0.004	+0.129	-0.797	-0.023	-0.539	-0.533	+0.010	-0.575	
rs11977300     -0.812	-0.876	-0.809	-0.815	-0.817	-0.834	-0.588	-0.589	-0.594	-0.585	-0.651	-0.728	-0.637	-0.765	-0.582	-0.590	-0.515	-0.506	-0.509	-0.503	-0.500	-0.542	-0.499	-0.569	-0.505	-0.482	-0.502	-0.495	-0.494	-0.386	-0.541	-0.496	-0.730	-0.565	-0.600	-0.599	-0.395	-0.395	-0.398	-0.420	-0.386	-0.410	-0.621	-0.169	-0.413	-0.526	-0.406	-0.413	-0.399	-0.446	-0.528	-0.433	-0.524	-0.476	-0.439	-0.435	-0.435	-0.434	-0.362	-0.418	-0.414	-0.396	-0.429	-0.413	-0.426	-0.361	-0.175	-0.250	-0.335	-0.341	-0.701	-0.686	-0.659	-0.659	-0.615	-0.690	-0.676	-0.623	-0.650	-0.677	-0.677	-0.586	-0.607	-0.603	-0.702	-0.612	-0.644	-0.601	-0.648	-0.620	-0.551	-0.573	-0.648	-0.573	-0.642	-0.658	-0.689	-0.681	-0.673	-0.668	-0.641	-0.726	-0.730	-0.699	+0.005	-0.807	-0.494	-0.781	-0.015	+0.110	+0.121	-0.002	+0.123	-0.803	-0.029	-0.544	-0.537	+0.004	-0.581	
rs28534865     -0.805	-0.874	-0.802	-0.808	-0.810	-0.827	-0.582	-0.583	-0.588	-0.580	-0.644	-0.724	-0.631	-0.757	-0.576	-0.587	-0.531	-0.520	-0.524	-0.545	-0.543	-0.563	-0.542	-0.575	-0.520	-0.526	-0.543	-0.512	-0.536	-0.541	-0.381	-0.512	-0.742	-0.568	-0.608	-0.606	-0.384	-0.385	-0.389	-0.409	-0.377	-0.401	-0.613	-0.157	-0.402	-0.516	-0.395	-0.402	-0.387	-0.435	-0.518	-0.422	-0.515	-0.465	-0.428	-0.425	-0.424	-0.424	-0.351	-0.408	-0.404	-0.385	-0.412	-0.403	-0.416	-0.350	-0.162	-0.236	-0.324	-0.330	-0.697	-0.682	-0.654	-0.654	-0.609	-0.686	-0.671	-0.618	-0.645	-0.672	-0.672	-0.581	-0.602	-0.597	-0.698	-0.606	-0.639	-0.595	-0.643	-0.615	-0.545	-0.568	-0.643	-0.568	-0.637	-0.653	-0.684	-0.676	-0.668	-0.663	-0.636	-0.721	-0.725	-0.694	+0.011	-0.802	-0.490	-0.776	-0.009	+0.117	+0.128	+0.004	+0.130	-0.798	-0.023	-0.539	-0.532	+0.010	-0.575	
rs73710480     -0.791	-0.854	-0.788	-0.795	-0.797	-0.813	-0.559	-0.559	-0.564	-0.558	-0.623	-0.707	-0.608	-0.746	-0.560	-0.573	-0.484	-0.481	-0.480	-0.499	-0.498	-0.532	-0.497	-0.548	-0.478	-0.492	-0.496	-0.470	-0.495	-0.496	-0.512	-0.361	-0.700	-0.548	-0.582	-0.582	-0.386	-0.386	-0.390	-0.410	-0.379	-0.402	-0.607	-0.162	-0.403	-0.514	-0.396	-0.402	-0.388	-0.436	-0.516	-0.423	-0.513	-0.465	-0.429	-0.425	-0.425	-0.424	-0.354	-0.409	-0.405	-0.387	-0.413	-0.404	-0.417	-0.352	-0.165	-0.239	-0.326	-0.332	-0.679	-0.665	-0.638	-0.637	-0.594	-0.669	-0.654	-0.603	-0.629	-0.655	-0.655	-0.565	-0.586	-0.582	-0.680	-0.591	-0.623	-0.580	-0.626	-0.598	-0.530	-0.553	-0.626	-0.552	-0.620	-0.636	-0.667	-0.659	-0.651	-0.646	-0.619	-0.704	-0.707	-0.676	+0.027	-0.786	-0.472	-0.761	+0.007	+0.138	+0.149	+0.020	+0.151	-0.782	-0.007	-0.525	-0.518	+0.026	-0.557	
rs1005346      -0.977	-1.058	-0.973	-0.982	-0.984	-1.005	-0.853	-0.855	-0.857	-0.818	-0.888	-0.897	-0.882	-0.922	-0.755	-0.734	-0.724	-0.707	-0.715	-0.737	-0.734	-0.729	-0.731	-0.732	-0.705	-0.705	-0.735	-0.700	-0.722	-0.730	-0.742	-0.700	-0.591	-0.709	-0.769	-0.766	-0.504	-0.504	-0.501	-0.531	-0.488	-0.514	-0.756	-0.235	-0.525	-0.652	-0.504	-0.511	-0.495	-0.542	-0.649	-0.526	-0.644	-0.585	-0.549	-0.545	-0.544	-0.544	-0.465	-0.527	-0.522	-0.502	-0.531	-0.521	-0.535	-0.450	-0.292	-0.365	-0.429	-0.435	-0.883	-0.870	-0.844	-0.844	-0.792	-0.874	-0.860	-0.801	-0.828	-0.861	-0.861	-0.763	-0.785	-0.781	-0.884	-0.790	-0.830	-0.778	-0.835	-0.808	-0.731	-0.754	-0.835	-0.754	-0.829	-0.844	-0.873	-0.865	-0.858	-0.853	-0.827	-0.905	-0.911	-0.883	-0.165	-0.968	-0.665	-0.939	-0.186	-0.095	-0.084	-0.172	-0.083	-0.963	-0.199	-0.675	-0.669	-0.166	-0.766	
rs3731283      -0.765	-0.832	-0.762	-0.768	-0.770	-0.786	-0.590	-0.591	-0.595	-0.575	-0.637	-0.676	-0.627	-0.721	-0.527	-0.530	-0.560	-0.553	-0.556	-0.568	-0.567	-0.567	-0.565	-0.571	-0.553	-0.555	-0.566	-0.548	-0.561	-0.565	-0.568	-0.548	-0.709	-0.326	-0.513	-0.514	-0.342	-0.343	-0.343	-0.367	-0.331	-0.356	-0.570	-0.117	-0.362	-0.477	-0.357	-0.365	-0.350	-0.396	-0.477	-0.382	-0.473	-0.424	-0.386	-0.382	-0.382	-0.381	-0.307	-0.365	-0.361	-0.342	-0.370	-0.360	-0.373	-0.307	-0.128	-0.203	-0.282	-0.288	-0.649	-0.634	-0.606	-0.606	-0.561	-0.638	-0.623	-0.570	-0.597	-0.624	-0.624	-0.532	-0.553	-0.549	-0.650	-0.558	-0.591	-0.547	-0.595	-0.567	-0.496	-0.520	-0.595	-0.519	-0.589	-0.604	-0.636	-0.628	-0.620	-0.615	-0.588	-0.673	-0.677	-0.646	+0.046	-0.751	-0.445	-0.724	+0.026	+0.122	+0.133	+0.038	+0.135	-0.747	+0.012	-0.482	-0.476	+0.045	-0.521	
rs6975474      -0.789	-0.864	-0.786	-0.792	-0.794	-0.811	-0.640	-0.641	-0.644	-0.605	-0.679	-0.704	-0.671	-0.742	-0.553	-0.533	-0.597	-0.587	-0.592	-0.604	-0.602	-0.601	-0.600	-0.576	-0.587	-0.584	-0.602	-0.582	-0.595	-0.600	-0.608	-0.582	-0.769	-0.513	-0.360	-0.472	-0.309	-0.309	-0.293	-0.337	-0.279	-0.308	-0.561	-0.065	-0.334	-0.465	-0.338	-0.346	-0.330	-0.373	-0.456	-0.356	-0.451	-0.397	-0.353	-0.349	-0.348	-0.348	-0.261	-0.329	-0.324	-0.303	-0.334	-0.323	-0.337	-0.267	-0.103	-0.184	-0.240	-0.248	-0.679	-0.662	-0.634	-0.634	-0.587	-0.666	-0.652	-0.596	-0.623	-0.652	-0.652	-0.557	-0.579	-0.575	-0.679	-0.584	-0.619	-0.572	-0.623	-0.595	-0.522	-0.545	-0.623	-0.545	-0.617	-0.633	-0.665	-0.657	-0.649	-0.644	-0.616	-0.701	-0.707	-0.675	+0.022	-0.780	-0.473	-0.753	+0.002	+0.099	+0.110	+0.015	+0.111	-0.776	-0.012	-0.510	-0.503	+0.022	-0.551	
rs10246604     -0.787	-0.861	-0.784	-0.790	-0.792	-0.808	-0.636	-0.637	-0.641	-0.602	-0.676	-0.701	-0.668	-0.740	-0.551	-0.532	-0.597	-0.587	-0.591	-0.603	-0.601	-0.600	-0.600	-0.575	-0.586	-0.584	-0.602	-0.581	-0.594	-0.599	-0.606	-0.582	-0.766	-0.514	-0.472	-0.356	-0.309	-0.309	-0.293	-0.337	-0.279	-0.308	-0.559	-0.065	-0.334	-0.464	-0.338	-0.346	-0.330	-0.373	-0.455	-0.356	-0.450	-0.396	-0.352	-0.348	-0.348	-0.347	-0.260	-0.329	-0.324	-0.302	-0.334	-0.323	-0.337	-0.266	-0.103	-0.184	-0.239	-0.248	-0.676	-0.659	-0.631	-0.631	-0.584	-0.664	-0.649	-0.593	-0.620	-0.650	-0.650	-0.555	-0.577	-0.572	-0.677	-0.581	-0.616	-0.570	-0.621	-0.592	-0.519	-0.542	-0.621	-0.542	-0.615	-0.630	-0.662	-0.654	-0.647	-0.641	-0.613	-0.698	-0.704	-0.673	+0.024	-0.777	-0.470	-0.750	+0.004	+0.102	+0.112	+0.017	+0.114	-0.773	-0.010	-0.508	-0.501	+0.024	-0.548	
rs2374590      -0.510	-0.581	-0.507	-0.514	-0.516	-0.531	-0.370	-0.371	-0.373	-0.328	-0.400	-0.430	-0.394	-0.468	-0.291	-0.320	-0.391	-0.388	-0.389	-0.397	-0.396	-0.383	-0.395	-0.363	-0.388	-0.389	-0.396	-0.385	-0.393	-0.395	-0.384	-0.386	-0.504	-0.342	-0.309	-0.309	-0.052	-0.133	-0.188	-0.144	-0.181	-0.198	-0.277	-0.071	-0.189	-0.249	-0.246	-0.251	-0.241	-0.278	-0.275	-0.271	-0.276	-0.248	-0.226	-0.224	-0.224	-0.224	-0.183	-0.216	-0.214	-0.203	-0.218	-0.213	-0.221	-0.194	-0.022	-0.103	-0.185	-0.190	-0.399	-0.391	-0.368	-0.368	-0.334	-0.394	-0.382	-0.342	-0.367	-0.383	-0.383	-0.308	-0.327	-0.323	-0.402	-0.331	-0.354	-0.321	-0.354	-0.328	-0.271	-0.292	-0.354	-0.292	-0.349	-0.362	-0.389	-0.384	-0.372	-0.372	-0.348	-0.422	-0.422	-0.390	+0.160	-0.529	-0.215	-0.509	+0.142	+0.345	+0.355	+0.152	+0.357	-0.526	+0.129	-0.299	-0.293	+0.159	-0.253	
rs2106929      -0.510	-0.581	-0.507	-0.514	-0.516	-0.531	-0.370	-0.371	-0.374	-0.329	-0.400	-0.431	-0.394	-0.468	-0.291	-0.320	-0.391	-0.388	-0.390	-0.397	-0.396	-0.383	-0.396	-0.363	-0.388	-0.390	-0.396	-0.386	-0.393	-0.395	-0.385	-0.386	-0.504	-0.343	-0.309	-0.309	-0.133	-0.052	-0.189	-0.145	-0.181	-0.198	-0.277	-0.071	-0.189	-0.249	-0.246	-0.251	-0.241	-0.278	-0.275	-0.271	-0.276	-0.249	-0.226	-0.224	-0.224	-0.224	-0.183	-0.216	-0.214	-0.203	-0.219	-0.213	-0.221	-0.194	-0.022	-0.104	-0.186	-0.190	-0.400	-0.392	-0.368	-0.368	-0.335	-0.394	-0.383	-0.342	-0.367	-0.383	-0.383	-0.308	-0.327	-0.323	-0.402	-0.331	-0.354	-0.321	-0.354	-0.328	-0.271	-0.293	-0.354	-0.292	-0.349	-0.363	-0.390	-0.384	-0.373	-0.372	-0.349	-0.422	-0.422	-0.390	+0.159	-0.529	-0.215	-0.509	+0.141	+0.344	+0.355	+0.152	+0.357	-0.526	+0.128	-0.299	-0.293	+0.158	-0.253	
rs2106930      -0.514	-0.587	-0.512	-0.517	-0.519	-0.534	-0.367	-0.368	-0.371	-0.333	-0.401	-0.435	-0.395	-0.470	-0.298	-0.326	-0.395	-0.392	-0.394	-0.399	-0.399	-0.387	-0.398	-0.370	-0.392	-0.393	-0.398	-0.390	-0.396	-0.398	-0.389	-0.390	-0.501	-0.343	-0.293	-0.293	-0.188	-0.189	-0.059	-0.203	-0.133	-0.155	-0.234	-0.069	-0.218	-0.282	-0.259	-0.264	-0.254	-0.279	-0.256	-0.270	-0.254	-0.239	-0.216	-0.214	-0.214	-0.214	-0.167	-0.206	-0.204	-0.193	-0.209	-0.203	-0.209	-0.189	-0.049	-0.123	-0.180	-0.186	-0.405	-0.397	-0.373	-0.373	-0.340	-0.400	-0.388	-0.348	-0.372	-0.389	-0.389	-0.314	-0.333	-0.329	-0.407	-0.337	-0.360	-0.326	-0.360	-0.334	-0.277	-0.298	-0.360	-0.297	-0.355	-0.368	-0.395	-0.389	-0.378	-0.378	-0.354	-0.427	-0.427	-0.396	+0.156	-0.536	-0.223	-0.516	+0.138	+0.335	+0.346	+0.149	+0.348	-0.532	+0.125	-0.307	-0.302	+0.155	-0.252	
rs2158134      -0.535	-0.606	-0.532	-0.539	-0.541	-0.556	-0.395	-0.396	-0.399	-0.354	-0.425	-0.456	-0.420	-0.492	-0.316	-0.345	-0.416	-0.412	-0.414	-0.421	-0.421	-0.408	-0.420	-0.388	-0.412	-0.414	-0.421	-0.410	-0.418	-0.420	-0.409	-0.410	-0.531	-0.367	-0.337	-0.337	-0.144	-0.145	-0.203	-0.080	-0.194	-0.214	-0.311	-0.077	-0.205	-0.276	-0.260	-0.265	-0.255	-0.294	-0.299	-0.287	-0.300	-0.269	-0.244	-0.242	-0.242	-0.241	-0.194	-0.232	-0.229	-0.217	-0.235	-0.229	-0.237	-0.205	-0.023	-0.110	-0.197	-0.202	-0.425	-0.417	-0.393	-0.392	-0.359	-0.419	-0.407	-0.367	-0.391	-0.408	-0.408	-0.332	-0.351	-0.347	-0.427	-0.356	-0.379	-0.345	-0.379	-0.353	-0.295	-0.317	-0.379	-0.317	-0.374	-0.388	-0.415	-0.409	-0.398	-0.397	-0.373	-0.447	-0.447	-0.416	+0.140	-0.553	-0.240	-0.533	+0.121	+0.320	+0.330	+0.132	+0.332	-0.550	+0.108	-0.322	-0.316	+0.139	-0.280	
rs992519       -0.502	-0.575	-0.500	-0.505	-0.507	-0.522	-0.355	-0.356	-0.359	-0.321	-0.389	-0.423	-0.383	-0.458	-0.286	-0.314	-0.383	-0.380	-0.382	-0.387	-0.387	-0.375	-0.386	-0.358	-0.381	-0.382	-0.386	-0.378	-0.385	-0.386	-0.377	-0.379	-0.488	-0.331	-0.279	-0.279	-0.181	-0.181	-0.133	-0.194	-0.045	-0.145	-0.213	-0.066	-0.209	-0.269	-0.252	-0.256	-0.247	-0.270	-0.242	-0.262	-0.241	-0.228	-0.206	-0.204	-0.204	-0.204	-0.161	-0.197	-0.195	-0.186	-0.199	-0.195	-0.200	-0.183	-0.046	-0.118	-0.174	-0.180	-0.393	-0.385	-0.361	-0.361	-0.329	-0.388	-0.376	-0.336	-0.360	-0.377	-0.377	-0.302	-0.321	-0.317	-0.395	-0.325	-0.348	-0.315	-0.348	-0.322	-0.265	-0.286	-0.348	-0.286	-0.343	-0.356	-0.383	-0.377	-0.366	-0.366	-0.343	-0.415	-0.415	-0.383	+0.165	-0.524	-0.211	-0.504	+0.147	+0.347	+0.358	+0.159	+0.359	-0.521	+0.135	-0.296	-0.291	+0.165	-0.240	
rs3731267      -0.527	-0.600	-0.524	-0.530	-0.531	-0.546	-0.379	-0.380	-0.383	-0.345	-0.414	-0.447	-0.407	-0.482	-0.310	-0.338	-0.407	-0.404	-0.406	-0.411	-0.411	-0.399	-0.410	-0.382	-0.404	-0.405	-0.411	-0.402	-0.408	-0.410	-0.401	-0.402	-0.514	-0.356	-0.308	-0.308	-0.198	-0.198	-0.155	-0.214	-0.145	-0.072	-0.255	-0.071	-0.226	-0.294	-0.267	-0.271	-0.262	-0.287	-0.269	-0.277	-0.268	-0.251	-0.226	-0.224	-0.224	-0.223	-0.172	-0.214	-0.212	-0.201	-0.217	-0.212	-0.218	-0.195	-0.051	-0.127	-0.185	-0.191	-0.417	-0.409	-0.385	-0.385	-0.352	-0.412	-0.400	-0.360	-0.384	-0.401	-0.401	-0.326	-0.345	-0.341	-0.419	-0.349	-0.372	-0.338	-0.372	-0.346	-0.289	-0.309	-0.372	-0.309	-0.367	-0.380	-0.407	-0.401	-0.390	-0.390	-0.367	-0.440	-0.439	-0.408	+0.146	-0.547	-0.235	-0.527	+0.128	+0.323	+0.333	+0.139	+0.335	-0.544	+0.115	-0.318	-0.313	+0.145	-0.265	
rs929244       -0.740	-0.820	-0.736	-0.743	-0.745	-0.762	-0.603	-0.604	-0.607	-0.568	-0.638	-0.668	-0.631	-0.692	-0.527	-0.549	-0.616	-0.610	-0.613	-0.624	-0.623	-0.610	-0.622	-0.595	-0.610	-0.611	-0.623	-0.607	-0.618	-0.621	-0.613	-0.607	-0.756	-0.570	-0.561	-0.559	-0.277	-0.277	-0.234	-0.311	-0.213	-0.255	-0.317	-0.065	-0.283	-0.444	-0.352	-0.360	-0.344	-0.382	-0.425	-0.365	-0.419	-0.355	-0.287	-0.281	-0.281	-0.280	-0.142	-0.253	-0.247	-0.216	-0.262	-0.245	-0.265	-0.211	-0.006	-0.135	-0.210	-0.228	-0.639	-0.629	-0.604	-0.604	-0.566	-0.632	-0.619	-0.574	-0.599	-0.620	-0.620	-0.539	-0.559	-0.555	-0.641	-0.563	-0.590	-0.553	-0.592	-0.566	-0.503	-0.525	-0.592	-0.524	-0.586	-0.600	-0.629	-0.622	-0.612	-0.610	-0.585	-0.662	-0.663	-0.633	-0.039	-0.759	-0.448	-0.737	-0.057	+0.104	+0.115	-0.045	+0.116	-0.756	-0.070	-0.519	-0.513	-0.039	-0.502	
rs12672969     -0.257	-0.338	-0.253	-0.259	-0.261	-0.277	-0.134	-0.135	-0.137	-0.099	-0.164	-0.179	-0.159	-0.207	-0.074	-0.095	-0.166	-0.163	-0.165	-0.170	-0.170	-0.156	-0.169	-0.140	-0.163	-0.165	-0.169	-0.161	-0.168	-0.169	-0.157	-0.162	-0.235	-0.117	-0.065	-0.065	-0.071	-0.071	-0.069	-0.077	-0.066	-0.071	-0.065	+0.194	-0.071	-0.095	-0.103	-0.106	-0.100	-0.117	-0.080	-0.113	-0.080	-0.077	-0.069	-0.069	-0.069	-0.069	-0.056	-0.067	-0.067	-0.064	-0.068	-0.087	-0.068	-0.053	+0.033	-0.010	-0.049	-0.050	-0.168	-0.165	-0.145	-0.144	-0.122	-0.167	-0.158	-0.128	-0.149	-0.158	-0.158	-0.097	-0.115	-0.111	-0.172	-0.118	-0.132	-0.108	-0.130	-0.106	-0.059	-0.078	-0.129	-0.078	-0.125	-0.137	-0.161	-0.156	-0.144	-0.145	-0.125	-0.196	-0.189	-0.160	+0.352	-0.324	-0.010	-0.309	+0.337	+0.730	+0.742	+0.348	+0.743	-0.322	+0.325	-0.143	-0.137	+0.355	+0.114	
rs62466078     -0.526	-0.598	-0.523	-0.529	-0.531	-0.546	-0.388	-0.389	-0.391	-0.347	-0.417	-0.448	-0.412	-0.482	-0.310	-0.339	-0.409	-0.405	-0.407	-0.415	-0.414	-0.401	-0.413	-0.382	-0.405	-0.407	-0.414	-0.403	-0.411	-0.413	-0.402	-0.403	-0.525	-0.362	-0.334	-0.334	-0.189	-0.189	-0.218	-0.205	-0.209	-0.226	-0.283	-0.071	-0.072	-0.232	-0.250	-0.254	-0.244	-0.284	-0.268	-0.276	-0.270	-0.243	-0.217	-0.216	-0.216	-0.215	-0.169	-0.207	-0.205	-0.194	-0.210	-0.204	-0.212	-0.189	+0.009	-0.091	-0.184	-0.190	-0.418	-0.410	-0.386	-0.386	-0.353	-0.412	-0.401	-0.361	-0.385	-0.401	-0.401	-0.327	-0.346	-0.342	-0.420	-0.350	-0.373	-0.340	-0.372	-0.347	-0.290	-0.311	-0.372	-0.311	-0.367	-0.381	-0.408	-0.402	-0.391	-0.390	-0.367	-0.440	-0.440	-0.408	+0.145	-0.545	-0.233	-0.525	+0.127	+0.322	+0.333	+0.138	+0.335	-0.542	+0.114	-0.313	-0.307	+0.144	-0.273	
rs10269570     -0.646	-0.718	-0.643	-0.650	-0.652	-0.667	-0.506	-0.507	-0.510	-0.466	-0.537	-0.566	-0.531	-0.604	-0.427	-0.453	-0.522	-0.516	-0.519	-0.529	-0.528	-0.514	-0.527	-0.498	-0.516	-0.518	-0.528	-0.513	-0.523	-0.526	-0.516	-0.514	-0.652	-0.477	-0.465	-0.464	-0.249	-0.249	-0.282	-0.276	-0.269	-0.294	-0.444	-0.095	-0.232	-0.203	-0.283	-0.290	-0.274	-0.335	-0.351	-0.325	-0.351	-0.336	-0.294	-0.291	-0.290	-0.290	-0.214	-0.274	-0.270	-0.250	-0.279	-0.269	-0.283	-0.234	+0.022	-0.107	-0.229	-0.239	-0.536	-0.527	-0.503	-0.503	-0.468	-0.530	-0.518	-0.476	-0.500	-0.519	-0.519	-0.441	-0.460	-0.456	-0.538	-0.465	-0.489	-0.454	-0.490	-0.464	-0.405	-0.427	-0.490	-0.426	-0.485	-0.499	-0.526	-0.520	-0.510	-0.508	-0.484	-0.559	-0.559	-0.528	+0.055	-0.660	-0.347	-0.635	+0.036	+0.205	+0.216	+0.048	+0.217	-0.656	+0.023	-0.422	-0.416	+0.054	-0.399	
