## Summary of overall evidence for association with region:
## log10(BF for region) = -0.480283
## p-value for region = NA

## BFs for choosing among multi-SNP models:
## log10(average 1-SNP BF) = -0.419539
## log10(average 2-SNP BF) = -0.635338

## Example posterior probabilities for multi-SNP models, based on default prior: [p(l) propto 0.5^l for l=1,2,...,L]
## posterior probability of 1-SNP = 0.766749
## posterior probability of 2-SNP = 0.233251

## log10(BF) for single SNP and pair of SNPs:
rs17123184     -0.195	-0.292	-0.292	-0.286	-0.285	-0.500	-0.539	-0.412	-0.507	-0.498	-0.503	-0.400	-0.466	-0.574	-0.467	-0.646	-0.646	-0.646	-0.644	-0.645	-0.645	-0.645	-0.649	-0.648	-0.452	-0.389	-0.608	-0.648	-0.648	-0.648	-0.449	-0.446	-0.650	-0.650	-0.650	-0.650	-0.656	-0.547	-0.546	-0.547	-0.551	-0.650	-0.652	-0.663	-0.660	-0.653	-0.653	-0.653	-0.653	-0.421	-0.655	-0.655	-0.411	-0.663	-0.464	-0.414	-0.479	-0.220	-0.576	-0.675	-0.682	-0.685	-0.681	-0.683	-0.603	-0.279	-0.694	-0.604	-0.729	-0.729	-0.729	-0.673	-0.432	-0.555	-0.415	-0.601	-0.452	-0.521	-0.452	-0.417	-0.414	-0.417	-0.585	-0.597	-0.416	-0.409	-0.453	-0.436	-0.440	-0.316	-0.442	-0.452	-0.456	-0.595	-0.447	-0.446	-0.452	-0.445	-0.284	-0.279	-0.310	-0.312	-0.456	-0.573	-0.297	-0.598	-0.316	-0.598	-0.598	-0.598	-0.560	-0.457	-0.557	-0.584	-0.317	-0.438	-0.473	-0.551	-0.551	-0.556	-0.559	-0.491	-0.493	-0.493	-0.488	-0.493	-0.495	-0.497	-0.411	-0.386	-0.642	-0.712	-0.723	-0.692	-0.732	-0.716	-0.678	-0.692	-0.696	-0.717	-0.080	-0.694	-0.718	-0.695	-0.696	-0.698	-0.593	-0.587	-0.711	-0.592	-0.592	-0.699	-0.594	-0.589	-0.597	-0.713	-0.598	-0.729	-0.627	-0.716	-0.690	-0.734	-0.722	-0.668	-0.675	-0.675	-0.708	-0.651	-0.646	-0.643	-0.707	-0.707	-0.673	-0.579	-0.497	-0.580	-0.483	-0.505	-0.583	-0.587	-0.503	-0.634	-0.501	
rs74079019     -0.292	-0.216	-0.305	-0.295	-0.294	-0.523	-0.558	-0.431	-0.523	-0.515	-0.520	-0.421	-0.485	-0.590	-0.485	-0.662	-0.662	-0.662	-0.661	-0.662	-0.662	-0.662	-0.665	-0.665	-0.469	-0.409	-0.624	-0.665	-0.665	-0.665	-0.465	-0.462	-0.666	-0.666	-0.666	-0.667	-0.672	-0.562	-0.562	-0.562	-0.567	-0.667	-0.669	-0.680	-0.676	-0.669	-0.670	-0.670	-0.670	-0.440	-0.671	-0.672	-0.431	-0.679	-0.483	-0.434	-0.495	-0.237	-0.592	-0.692	-0.699	-0.702	-0.698	-0.700	-0.619	-0.297	-0.711	-0.620	-0.747	-0.747	-0.747	-0.689	-0.448	-0.573	-0.430	-0.617	-0.471	-0.537	-0.471	-0.433	-0.430	-0.433	-0.600	-0.613	-0.432	-0.425	-0.471	-0.451	-0.456	-0.333	-0.461	-0.471	-0.472	-0.612	-0.466	-0.466	-0.471	-0.464	-0.302	-0.296	-0.327	-0.329	-0.475	-0.590	-0.314	-0.617	-0.333	-0.617	-0.617	-0.617	-0.577	-0.475	-0.574	-0.601	-0.334	-0.456	-0.489	-0.568	-0.568	-0.573	-0.575	-0.507	-0.509	-0.510	-0.504	-0.510	-0.512	-0.514	-0.427	-0.403	-0.659	-0.731	-0.741	-0.710	-0.750	-0.734	-0.696	-0.709	-0.714	-0.735	-0.097	-0.711	-0.736	-0.712	-0.714	-0.716	-0.610	-0.603	-0.729	-0.609	-0.609	-0.717	-0.610	-0.606	-0.614	-0.730	-0.615	-0.747	-0.644	-0.734	-0.708	-0.752	-0.740	-0.687	-0.692	-0.692	-0.726	-0.670	-0.665	-0.662	-0.725	-0.725	-0.690	-0.598	-0.513	-0.597	-0.499	-0.521	-0.602	-0.606	-0.519	-0.654	-0.517	
rs7539677      -0.292	-0.305	-0.216	-0.295	-0.293	-0.523	-0.558	-0.432	-0.523	-0.515	-0.520	-0.421	-0.485	-0.590	-0.486	-0.662	-0.662	-0.662	-0.661	-0.662	-0.662	-0.662	-0.665	-0.665	-0.469	-0.409	-0.624	-0.665	-0.665	-0.665	-0.465	-0.462	-0.666	-0.667	-0.667	-0.667	-0.672	-0.563	-0.563	-0.563	-0.567	-0.667	-0.669	-0.680	-0.677	-0.670	-0.670	-0.670	-0.670	-0.441	-0.672	-0.672	-0.431	-0.680	-0.483	-0.434	-0.495	-0.237	-0.593	-0.693	-0.699	-0.702	-0.699	-0.700	-0.619	-0.297	-0.712	-0.621	-0.747	-0.747	-0.748	-0.689	-0.448	-0.573	-0.431	-0.617	-0.471	-0.538	-0.471	-0.433	-0.430	-0.433	-0.600	-0.613	-0.432	-0.425	-0.471	-0.452	-0.456	-0.334	-0.462	-0.471	-0.473	-0.613	-0.466	-0.466	-0.471	-0.464	-0.302	-0.296	-0.327	-0.329	-0.475	-0.590	-0.314	-0.618	-0.333	-0.618	-0.618	-0.618	-0.577	-0.475	-0.574	-0.601	-0.334	-0.456	-0.490	-0.568	-0.568	-0.573	-0.576	-0.507	-0.509	-0.510	-0.505	-0.510	-0.512	-0.514	-0.427	-0.404	-0.659	-0.731	-0.741	-0.710	-0.750	-0.734	-0.697	-0.710	-0.714	-0.735	-0.098	-0.712	-0.736	-0.713	-0.714	-0.716	-0.610	-0.604	-0.729	-0.609	-0.609	-0.717	-0.610	-0.606	-0.614	-0.731	-0.615	-0.747	-0.644	-0.735	-0.708	-0.752	-0.741	-0.687	-0.692	-0.692	-0.727	-0.670	-0.665	-0.662	-0.725	-0.725	-0.690	-0.599	-0.513	-0.597	-0.499	-0.521	-0.603	-0.607	-0.519	-0.655	-0.517	
rs7516863      -0.286	-0.295	-0.295	-0.199	-0.286	-0.505	-0.543	-0.416	-0.510	-0.501	-0.507	-0.405	-0.470	-0.577	-0.471	-0.649	-0.649	-0.649	-0.648	-0.649	-0.649	-0.649	-0.652	-0.652	-0.456	-0.393	-0.611	-0.652	-0.652	-0.652	-0.452	-0.449	-0.653	-0.653	-0.653	-0.653	-0.659	-0.550	-0.550	-0.550	-0.554	-0.654	-0.655	-0.667	-0.663	-0.656	-0.657	-0.657	-0.657	-0.425	-0.658	-0.659	-0.415	-0.666	-0.468	-0.418	-0.482	-0.224	-0.580	-0.679	-0.686	-0.688	-0.685	-0.686	-0.606	-0.283	-0.698	-0.608	-0.733	-0.733	-0.733	-0.676	-0.435	-0.559	-0.418	-0.604	-0.456	-0.524	-0.456	-0.420	-0.417	-0.420	-0.589	-0.600	-0.419	-0.412	-0.456	-0.439	-0.444	-0.320	-0.446	-0.456	-0.460	-0.599	-0.451	-0.451	-0.456	-0.449	-0.288	-0.282	-0.314	-0.315	-0.460	-0.577	-0.300	-0.602	-0.320	-0.602	-0.602	-0.602	-0.564	-0.461	-0.561	-0.587	-0.321	-0.441	-0.477	-0.555	-0.555	-0.559	-0.562	-0.494	-0.496	-0.497	-0.491	-0.497	-0.499	-0.501	-0.415	-0.389	-0.645	-0.716	-0.726	-0.696	-0.735	-0.719	-0.682	-0.696	-0.700	-0.721	-0.084	-0.697	-0.722	-0.698	-0.700	-0.702	-0.597	-0.591	-0.715	-0.596	-0.596	-0.703	-0.597	-0.593	-0.601	-0.716	-0.602	-0.733	-0.631	-0.720	-0.694	-0.737	-0.726	-0.672	-0.679	-0.679	-0.712	-0.655	-0.650	-0.647	-0.710	-0.710	-0.676	-0.583	-0.500	-0.584	-0.486	-0.508	-0.587	-0.591	-0.506	-0.638	-0.504	
rs7551777      -0.285	-0.294	-0.293	-0.286	-0.197	-0.502	-0.541	-0.413	-0.508	-0.499	-0.505	-0.402	-0.468	-0.575	-0.468	-0.647	-0.647	-0.647	-0.645	-0.647	-0.647	-0.647	-0.650	-0.650	-0.454	-0.390	-0.609	-0.650	-0.650	-0.650	-0.450	-0.447	-0.651	-0.651	-0.651	-0.651	-0.657	-0.548	-0.548	-0.548	-0.552	-0.652	-0.653	-0.665	-0.661	-0.654	-0.655	-0.655	-0.655	-0.422	-0.656	-0.657	-0.413	-0.664	-0.466	-0.416	-0.480	-0.222	-0.578	-0.677	-0.684	-0.686	-0.683	-0.684	-0.604	-0.281	-0.696	-0.606	-0.731	-0.731	-0.731	-0.674	-0.433	-0.557	-0.416	-0.602	-0.454	-0.522	-0.454	-0.418	-0.415	-0.418	-0.587	-0.598	-0.417	-0.410	-0.454	-0.437	-0.442	-0.318	-0.444	-0.454	-0.458	-0.597	-0.448	-0.448	-0.454	-0.446	-0.286	-0.280	-0.312	-0.313	-0.458	-0.575	-0.298	-0.599	-0.318	-0.599	-0.599	-0.599	-0.562	-0.459	-0.558	-0.585	-0.319	-0.439	-0.474	-0.553	-0.553	-0.557	-0.560	-0.492	-0.494	-0.495	-0.489	-0.495	-0.497	-0.499	-0.413	-0.387	-0.643	-0.714	-0.724	-0.694	-0.733	-0.717	-0.679	-0.693	-0.697	-0.719	-0.081	-0.695	-0.720	-0.696	-0.697	-0.700	-0.595	-0.589	-0.712	-0.594	-0.594	-0.701	-0.595	-0.591	-0.599	-0.714	-0.600	-0.730	-0.629	-0.718	-0.692	-0.735	-0.724	-0.670	-0.676	-0.676	-0.709	-0.653	-0.648	-0.645	-0.708	-0.708	-0.674	-0.581	-0.498	-0.582	-0.484	-0.506	-0.585	-0.589	-0.504	-0.636	-0.503	
rs11207933     -0.500	-0.523	-0.523	-0.505	-0.502	-0.471	-0.787	-0.672	-0.734	-0.725	-0.731	-0.662	-0.645	-0.801	-0.649	-0.850	-0.850	-0.850	-0.848	-0.850	-0.850	-0.850	-0.854	-0.854	-0.678	-0.650	-0.819	-0.854	-0.854	-0.853	-0.674	-0.671	-0.855	-0.855	-0.855	-0.856	-0.863	-0.731	-0.731	-0.731	-0.736	-0.856	-0.858	-0.873	-0.868	-0.859	-0.859	-0.860	-0.860	-0.682	-0.862	-0.862	-0.672	-0.872	-0.716	-0.675	-0.706	-0.434	-0.767	-0.888	-0.897	-0.901	-0.896	-0.898	-0.798	-0.497	-0.915	-0.800	-0.972	-0.972	-0.973	-0.884	-0.652	-0.785	-0.634	-0.822	-0.615	-0.747	-0.615	-0.636	-0.634	-0.637	-0.766	-0.818	-0.636	-0.629	-0.615	-0.653	-0.658	-0.535	-0.700	-0.709	-0.676	-0.826	-0.704	-0.704	-0.617	-0.702	-0.502	-0.496	-0.528	-0.530	-0.626	-0.802	-0.515	-0.864	-0.535	-0.864	-0.864	-0.864	-0.788	-0.627	-0.785	-0.814	-0.536	-0.593	-0.697	-0.779	-0.779	-0.784	-0.787	-0.716	-0.718	-0.718	-0.713	-0.719	-0.721	-0.723	-0.632	-0.522	-0.873	-0.958	-0.968	-0.930	-0.974	-0.961	-0.925	-0.928	-0.942	-0.949	-0.146	-0.930	-0.950	-0.931	-0.933	-0.935	-0.801	-0.794	-0.946	-0.800	-0.800	-0.930	-0.801	-0.797	-0.806	-0.949	-0.807	-0.971	-0.835	-0.956	-0.925	-0.973	-0.960	-0.932	-0.908	-0.908	-0.966	-0.917	-0.913	-0.911	-0.947	-0.947	-0.905	-0.857	-0.718	-0.806	-0.703	-0.726	-0.861	-0.865	-0.724	-0.918	-0.722	
rs4915801      -0.539	-0.558	-0.558	-0.543	-0.541	-0.787	-0.452	-0.414	-0.684	-0.675	-0.681	-0.549	-0.695	-0.753	-0.696	-0.830	-0.829	-0.829	-0.827	-0.829	-0.829	-0.829	-0.833	-0.833	-0.624	-0.539	-0.787	-0.833	-0.833	-0.833	-0.620	-0.617	-0.835	-0.835	-0.835	-0.835	-0.843	-0.711	-0.711	-0.711	-0.716	-0.835	-0.838	-0.852	-0.848	-0.839	-0.839	-0.839	-0.840	-0.546	-0.841	-0.842	-0.534	-0.852	-0.701	-0.540	-0.656	-0.246	-0.744	-0.863	-0.872	-0.876	-0.871	-0.873	-0.776	-0.339	-0.891	-0.777	-0.945	-0.946	-0.947	-0.857	-0.602	-0.759	-0.583	-0.779	-0.676	-0.699	-0.676	-0.585	-0.582	-0.585	-0.707	-0.775	-0.585	-0.577	-0.676	-0.600	-0.605	-0.373	-0.694	-0.702	-0.626	-0.787	-0.698	-0.697	-0.676	-0.696	-0.331	-0.325	-0.369	-0.372	-0.681	-0.762	-0.351	-0.852	-0.378	-0.852	-0.852	-0.852	-0.747	-0.682	-0.743	-0.773	-0.379	-0.660	-0.649	-0.737	-0.737	-0.742	-0.745	-0.669	-0.671	-0.672	-0.666	-0.672	-0.674	-0.676	-0.581	-0.593	-0.837	-0.943	-0.951	-0.904	-0.956	-0.945	-0.914	-0.902	-0.929	-0.934	-0.277	-0.904	-0.935	-0.906	-0.908	-0.912	-0.773	-0.765	-0.924	-0.772	-0.772	-0.909	-0.773	-0.768	-0.777	-0.927	-0.779	-0.953	-0.809	-0.935	-0.898	-0.956	-0.940	-0.908	-0.876	-0.876	-0.948	-0.892	-0.888	-0.885	-0.925	-0.925	-0.873	-0.831	-0.671	-0.766	-0.656	-0.680	-0.834	-0.838	-0.678	-0.906	-0.676	
rs72679766     -0.412	-0.431	-0.432	-0.416	-0.413	-0.672	-0.414	-0.338	-0.620	-0.611	-0.616	-0.573	-0.596	-0.688	-0.597	-0.758	-0.758	-0.758	-0.756	-0.758	-0.758	-0.758	-0.761	-0.761	-0.563	-0.565	-0.719	-0.761	-0.761	-0.761	-0.559	-0.556	-0.763	-0.763	-0.763	-0.763	-0.769	-0.652	-0.652	-0.652	-0.656	-0.763	-0.765	-0.778	-0.774	-0.766	-0.767	-0.767	-0.767	-0.557	-0.768	-0.769	-0.550	-0.778	-0.596	-0.553	-0.591	-0.337	-0.684	-0.793	-0.800	-0.803	-0.799	-0.801	-0.713	-0.409	-0.814	-0.714	-0.855	-0.856	-0.856	-0.787	-0.540	-0.644	-0.521	-0.708	-0.580	-0.633	-0.580	-0.524	-0.521	-0.524	-0.675	-0.704	-0.523	-0.516	-0.580	-0.541	-0.546	-0.436	-0.588	-0.597	-0.564	-0.712	-0.592	-0.592	-0.580	-0.590	-0.403	-0.397	-0.428	-0.430	-0.585	-0.689	-0.414	-0.748	-0.435	-0.748	-0.748	-0.748	-0.676	-0.585	-0.673	-0.700	-0.436	-0.565	-0.584	-0.667	-0.667	-0.672	-0.674	-0.604	-0.606	-0.606	-0.601	-0.607	-0.609	-0.611	-0.521	-0.507	-0.757	-0.832	-0.845	-0.815	-0.857	-0.837	-0.795	-0.814	-0.814	-0.846	-0.201	-0.816	-0.847	-0.817	-0.819	-0.822	-0.703	-0.696	-0.835	-0.702	-0.702	-0.821	-0.703	-0.698	-0.707	-0.837	-0.708	-0.856	-0.738	-0.842	-0.811	-0.860	-0.848	-0.784	-0.793	-0.793	-0.842	-0.766	-0.761	-0.758	-0.833	-0.833	-0.790	-0.689	-0.600	-0.686	-0.586	-0.609	-0.693	-0.698	-0.607	-0.782	-0.605	
rs12743459     -0.507	-0.523	-0.523	-0.510	-0.508	-0.734	-0.684	-0.620	-0.377	-0.486	-0.495	-0.643	-0.609	-0.657	-0.611	-0.587	-0.586	-0.586	-0.583	-0.586	-0.586	-0.586	-0.592	-0.592	-0.440	-0.632	-0.534	-0.592	-0.592	-0.591	-0.442	-0.438	-0.594	-0.595	-0.595	-0.595	-0.608	-0.410	-0.410	-0.410	-0.417	-0.596	-0.600	-0.624	-0.617	-0.601	-0.602	-0.602	-0.603	-0.643	-0.606	-0.607	-0.636	-0.622	-0.632	-0.638	-0.527	-0.423	-0.460	-0.661	-0.675	-0.680	-0.673	-0.677	-0.508	-0.482	-0.707	-0.511	-0.781	-0.782	-0.786	-0.624	-0.601	-0.707	-0.585	-0.754	-0.592	-0.669	-0.592	-0.588	-0.585	-0.588	-0.731	-0.752	-0.588	-0.581	-0.592	-0.610	-0.614	-0.501	-0.631	-0.638	-0.628	-0.727	-0.634	-0.634	-0.592	-0.632	-0.471	-0.465	-0.488	-0.490	-0.598	-0.735	-0.476	-0.780	-0.494	-0.780	-0.780	-0.780	-0.727	-0.598	-0.725	-0.729	-0.495	-0.574	-0.656	-0.721	-0.721	-0.724	-0.726	-0.677	-0.679	-0.679	-0.675	-0.679	-0.681	-0.682	-0.605	-0.491	-0.782	-0.865	-0.860	-0.771	-0.845	-0.864	-0.858	-0.805	-0.865	-0.782	-0.137	-0.805	-0.785	-0.805	-0.804	-0.805	-0.568	-0.558	-0.795	-0.568	-0.568	-0.767	-0.570	-0.563	-0.575	-0.801	-0.577	-0.838	-0.594	-0.815	-0.810	-0.832	-0.817	-0.858	-0.810	-0.810	-0.862	-0.849	-0.846	-0.844	-0.810	-0.810	-0.810	-0.810	-0.687	-0.748	-0.675	-0.693	-0.813	-0.816	-0.692	-0.856	-0.690	
rs12748360     -0.498	-0.515	-0.515	-0.501	-0.499	-0.725	-0.675	-0.611	-0.486	-0.367	-0.488	-0.634	-0.599	-0.648	-0.602	-0.572	-0.572	-0.572	-0.569	-0.571	-0.571	-0.571	-0.578	-0.577	-0.437	-0.624	-0.520	-0.577	-0.577	-0.576	-0.438	-0.434	-0.580	-0.580	-0.580	-0.581	-0.594	-0.394	-0.394	-0.394	-0.401	-0.581	-0.585	-0.610	-0.603	-0.587	-0.588	-0.588	-0.588	-0.634	-0.591	-0.592	-0.627	-0.608	-0.622	-0.629	-0.520	-0.416	-0.444	-0.647	-0.661	-0.667	-0.660	-0.663	-0.492	-0.475	-0.694	-0.495	-0.768	-0.769	-0.774	-0.609	-0.597	-0.698	-0.582	-0.746	-0.582	-0.662	-0.582	-0.584	-0.582	-0.585	-0.723	-0.744	-0.584	-0.577	-0.582	-0.606	-0.610	-0.493	-0.621	-0.629	-0.623	-0.718	-0.624	-0.624	-0.583	-0.623	-0.463	-0.458	-0.481	-0.483	-0.588	-0.727	-0.468	-0.770	-0.487	-0.771	-0.771	-0.771	-0.720	-0.589	-0.718	-0.721	-0.488	-0.564	-0.651	-0.714	-0.714	-0.717	-0.719	-0.671	-0.673	-0.674	-0.669	-0.674	-0.675	-0.677	-0.601	-0.480	-0.773	-0.856	-0.849	-0.759	-0.835	-0.854	-0.849	-0.794	-0.855	-0.770	-0.125	-0.794	-0.773	-0.794	-0.793	-0.794	-0.555	-0.545	-0.784	-0.555	-0.555	-0.756	-0.556	-0.550	-0.562	-0.790	-0.564	-0.827	-0.580	-0.804	-0.800	-0.820	-0.806	-0.849	-0.801	-0.801	-0.852	-0.840	-0.838	-0.836	-0.799	-0.799	-0.801	-0.803	-0.681	-0.741	-0.669	-0.688	-0.805	-0.808	-0.686	-0.848	-0.685	
rs12748802     -0.503	-0.520	-0.520	-0.507	-0.505	-0.731	-0.681	-0.616	-0.495	-0.488	-0.373	-0.640	-0.605	-0.654	-0.608	-0.581	-0.581	-0.581	-0.578	-0.581	-0.580	-0.580	-0.587	-0.586	-0.436	-0.630	-0.529	-0.586	-0.586	-0.585	-0.437	-0.433	-0.589	-0.589	-0.589	-0.590	-0.603	-0.404	-0.404	-0.404	-0.411	-0.590	-0.594	-0.619	-0.611	-0.596	-0.597	-0.597	-0.597	-0.640	-0.600	-0.601	-0.633	-0.617	-0.628	-0.635	-0.522	-0.421	-0.453	-0.655	-0.669	-0.675	-0.668	-0.671	-0.501	-0.479	-0.702	-0.505	-0.776	-0.777	-0.781	-0.618	-0.599	-0.704	-0.583	-0.750	-0.588	-0.665	-0.588	-0.585	-0.583	-0.586	-0.728	-0.748	-0.585	-0.579	-0.589	-0.607	-0.612	-0.498	-0.627	-0.635	-0.625	-0.723	-0.630	-0.630	-0.589	-0.629	-0.468	-0.462	-0.486	-0.488	-0.594	-0.732	-0.473	-0.776	-0.492	-0.777	-0.777	-0.777	-0.724	-0.595	-0.722	-0.725	-0.492	-0.570	-0.654	-0.718	-0.718	-0.721	-0.723	-0.675	-0.676	-0.677	-0.673	-0.677	-0.678	-0.680	-0.603	-0.487	-0.778	-0.862	-0.856	-0.766	-0.841	-0.860	-0.855	-0.801	-0.861	-0.778	-0.133	-0.801	-0.780	-0.800	-0.799	-0.800	-0.563	-0.553	-0.791	-0.563	-0.563	-0.763	-0.565	-0.558	-0.571	-0.797	-0.573	-0.834	-0.589	-0.811	-0.806	-0.828	-0.813	-0.855	-0.807	-0.807	-0.859	-0.846	-0.843	-0.841	-0.806	-0.806	-0.806	-0.808	-0.684	-0.745	-0.673	-0.691	-0.810	-0.813	-0.689	-0.853	-0.688	
rs67656748     -0.400	-0.421	-0.421	-0.405	-0.402	-0.662	-0.549	-0.573	-0.643	-0.634	-0.640	-0.346	-0.601	-0.708	-0.602	-0.777	-0.777	-0.777	-0.776	-0.777	-0.777	-0.777	-0.780	-0.780	-0.590	-0.455	-0.742	-0.780	-0.780	-0.780	-0.586	-0.584	-0.781	-0.782	-0.782	-0.782	-0.787	-0.682	-0.682	-0.682	-0.686	-0.782	-0.784	-0.794	-0.791	-0.784	-0.785	-0.785	-0.785	-0.564	-0.786	-0.787	-0.561	-0.794	-0.596	-0.563	-0.616	-0.286	-0.713	-0.807	-0.813	-0.816	-0.813	-0.814	-0.739	-0.390	-0.824	-0.740	-0.852	-0.852	-0.851	-0.794	-0.570	-0.636	-0.553	-0.730	-0.588	-0.657	-0.588	-0.555	-0.552	-0.555	-0.699	-0.725	-0.554	-0.547	-0.588	-0.570	-0.575	-0.486	-0.588	-0.596	-0.590	-0.728	-0.591	-0.591	-0.588	-0.589	-0.456	-0.451	-0.476	-0.478	-0.592	-0.702	-0.464	-0.755	-0.482	-0.755	-0.755	-0.755	-0.688	-0.592	-0.685	-0.717	-0.483	-0.573	-0.608	-0.680	-0.680	-0.684	-0.687	-0.618	-0.620	-0.621	-0.615	-0.621	-0.623	-0.625	-0.546	-0.521	-0.771	-0.819	-0.832	-0.822	-0.848	-0.821	-0.777	-0.821	-0.799	-0.851	-0.212	-0.823	-0.852	-0.824	-0.825	-0.827	-0.722	-0.716	-0.840	-0.721	-0.721	-0.829	-0.722	-0.718	-0.726	-0.842	-0.727	-0.855	-0.756	-0.845	-0.819	-0.859	-0.851	-0.761	-0.803	-0.803	-0.834	-0.741	-0.735	-0.731	-0.836	-0.836	-0.801	-0.650	-0.622	-0.703	-0.608	-0.630	-0.654	-0.659	-0.628	-0.757	-0.627	
rs79360478     -0.466	-0.485	-0.485	-0.470	-0.468	-0.645	-0.695	-0.596	-0.609	-0.599	-0.605	-0.601	-0.367	-0.679	-0.484	-0.764	-0.764	-0.764	-0.762	-0.763	-0.763	-0.763	-0.767	-0.767	-0.547	-0.589	-0.725	-0.767	-0.767	-0.767	-0.543	-0.539	-0.769	-0.769	-0.769	-0.769	-0.776	-0.648	-0.648	-0.648	-0.653	-0.769	-0.772	-0.785	-0.781	-0.773	-0.773	-0.773	-0.773	-0.612	-0.775	-0.776	-0.603	-0.785	-0.627	-0.606	-0.579	-0.346	-0.683	-0.802	-0.810	-0.814	-0.809	-0.811	-0.714	-0.411	-0.827	-0.716	-0.877	-0.877	-0.878	-0.795	-0.516	-0.687	-0.496	-0.699	-0.505	-0.620	-0.505	-0.499	-0.496	-0.500	-0.617	-0.694	-0.499	-0.491	-0.507	-0.514	-0.520	-0.442	-0.619	-0.627	-0.541	-0.710	-0.623	-0.623	-0.509	-0.621	-0.409	-0.402	-0.432	-0.434	-0.520	-0.681	-0.418	-0.780	-0.439	-0.780	-0.780	-0.780	-0.666	-0.521	-0.662	-0.696	-0.440	-0.493	-0.566	-0.656	-0.656	-0.661	-0.664	-0.586	-0.589	-0.589	-0.584	-0.590	-0.592	-0.594	-0.497	-0.455	-0.759	-0.873	-0.880	-0.827	-0.881	-0.875	-0.843	-0.827	-0.859	-0.865	-0.076	-0.829	-0.866	-0.831	-0.833	-0.837	-0.712	-0.704	-0.856	-0.710	-0.710	-0.840	-0.712	-0.707	-0.716	-0.858	-0.717	-0.882	-0.747	-0.865	-0.823	-0.883	-0.868	-0.818	-0.800	-0.800	-0.872	-0.801	-0.796	-0.793	-0.856	-0.856	-0.797	-0.737	-0.589	-0.687	-0.573	-0.598	-0.741	-0.745	-0.596	-0.825	-0.594	
rs2666499      -0.574	-0.590	-0.590	-0.577	-0.575	-0.801	-0.753	-0.688	-0.657	-0.648	-0.654	-0.708	-0.679	-0.451	-0.681	-0.639	-0.639	-0.639	-0.636	-0.638	-0.638	-0.638	-0.645	-0.644	-0.598	-0.698	-0.587	-0.644	-0.644	-0.643	-0.595	-0.591	-0.646	-0.647	-0.647	-0.647	-0.661	-0.456	-0.456	-0.456	-0.464	-0.648	-0.652	-0.677	-0.670	-0.654	-0.654	-0.655	-0.655	-0.710	-0.658	-0.659	-0.703	-0.675	-0.701	-0.705	-0.639	-0.486	-0.506	-0.716	-0.731	-0.736	-0.729	-0.733	-0.556	-0.545	-0.764	-0.559	-0.837	-0.838	-0.843	-0.674	-0.562	-0.775	-0.540	-0.782	-0.661	-0.650	-0.661	-0.544	-0.541	-0.546	-0.791	-0.780	-0.545	-0.536	-0.661	-0.589	-0.595	-0.566	-0.700	-0.708	-0.611	-0.739	-0.704	-0.704	-0.661	-0.702	-0.536	-0.530	-0.555	-0.556	-0.667	-0.757	-0.542	-0.848	-0.560	-0.848	-0.848	-0.848	-0.748	-0.667	-0.745	-0.746	-0.561	-0.643	-0.659	-0.741	-0.741	-0.745	-0.747	-0.690	-0.693	-0.693	-0.688	-0.693	-0.695	-0.697	-0.599	-0.558	-0.820	-0.928	-0.922	-0.835	-0.906	-0.927	-0.921	-0.847	-0.928	-0.840	-0.202	-0.847	-0.842	-0.846	-0.845	-0.847	-0.624	-0.614	-0.858	-0.624	-0.624	-0.829	-0.626	-0.619	-0.632	-0.863	-0.634	-0.899	-0.649	-0.878	-0.853	-0.891	-0.879	-0.921	-0.855	-0.855	-0.926	-0.912	-0.909	-0.907	-0.873	-0.873	-0.854	-0.865	-0.738	-0.810	-0.725	-0.746	-0.868	-0.871	-0.744	-0.920	-0.742	
rs140625664    -0.467	-0.485	-0.486	-0.471	-0.468	-0.649	-0.696	-0.597	-0.611	-0.602	-0.608	-0.602	-0.484	-0.681	-0.369	-0.762	-0.762	-0.762	-0.760	-0.762	-0.762	-0.761	-0.766	-0.765	-0.550	-0.589	-0.725	-0.766	-0.765	-0.765	-0.546	-0.542	-0.767	-0.767	-0.767	-0.767	-0.775	-0.645	-0.645	-0.645	-0.650	-0.768	-0.770	-0.784	-0.780	-0.771	-0.771	-0.771	-0.772	-0.613	-0.773	-0.774	-0.604	-0.784	-0.628	-0.607	-0.581	-0.346	-0.681	-0.801	-0.809	-0.813	-0.808	-0.810	-0.712	-0.410	-0.826	-0.714	-0.878	-0.878	-0.879	-0.794	-0.520	-0.688	-0.500	-0.699	-0.498	-0.623	-0.498	-0.502	-0.500	-0.503	-0.621	-0.694	-0.502	-0.494	-0.500	-0.518	-0.523	-0.442	-0.621	-0.629	-0.544	-0.712	-0.625	-0.625	-0.503	-0.623	-0.409	-0.402	-0.433	-0.435	-0.515	-0.684	-0.419	-0.781	-0.439	-0.781	-0.781	-0.781	-0.669	-0.516	-0.665	-0.699	-0.440	-0.485	-0.569	-0.658	-0.658	-0.664	-0.667	-0.589	-0.592	-0.592	-0.586	-0.593	-0.595	-0.597	-0.500	-0.447	-0.761	-0.874	-0.882	-0.830	-0.882	-0.876	-0.844	-0.827	-0.860	-0.865	-0.061	-0.830	-0.866	-0.832	-0.834	-0.838	-0.711	-0.704	-0.856	-0.710	-0.710	-0.841	-0.712	-0.707	-0.716	-0.859	-0.717	-0.883	-0.747	-0.866	-0.824	-0.884	-0.869	-0.820	-0.801	-0.801	-0.873	-0.803	-0.798	-0.795	-0.857	-0.857	-0.798	-0.739	-0.589	-0.687	-0.574	-0.598	-0.743	-0.747	-0.596	-0.826	-0.594	
rs72679772     -0.646	-0.662	-0.662	-0.649	-0.647	-0.850	-0.830	-0.758	-0.587	-0.572	-0.581	-0.777	-0.764	-0.639	-0.762	-0.526	-0.654	-0.654	-0.653	-0.654	-0.654	-0.654	-0.659	-0.660	-0.498	-0.767	-0.700	-0.663	-0.664	-0.664	-0.491	-0.487	-0.666	-0.666	-0.666	-0.667	-0.670	-0.410	-0.410	-0.411	-0.436	-0.668	-0.671	-0.671	-0.674	-0.673	-0.674	-0.674	-0.675	-0.780	-0.679	-0.680	-0.773	-0.694	-0.771	-0.775	-0.545	-0.554	-0.639	-0.792	-0.790	-0.790	-0.792	-0.794	-0.692	-0.614	-0.786	-0.696	-0.850	-0.849	-0.845	-0.842	-0.468	-0.844	-0.443	-0.641	-0.758	-0.581	-0.758	-0.446	-0.443	-0.448	-0.846	-0.634	-0.446	-0.436	-0.758	-0.486	-0.493	-0.632	-0.775	-0.781	-0.500	-0.715	-0.778	-0.778	-0.758	-0.776	-0.601	-0.594	-0.626	-0.627	-0.761	-0.687	-0.613	-0.907	-0.631	-0.907	-0.907	-0.907	-0.667	-0.762	-0.662	-0.695	-0.632	-0.747	-0.544	-0.653	-0.653	-0.661	-0.665	-0.566	-0.569	-0.570	-0.562	-0.570	-0.573	-0.576	-0.462	-0.694	-0.769	-0.838	-0.872	-0.910	-0.887	-0.859	-0.766	-0.860	-0.813	-0.937	-0.402	-0.865	-0.937	-0.869	-0.874	-0.879	-0.844	-0.838	-0.907	-0.843	-0.843	-0.914	-0.844	-0.840	-0.848	-0.906	-0.849	-0.907	-0.876	-0.899	-0.852	-0.917	-0.904	-0.647	-0.815	-0.814	-0.811	-0.605	-0.592	-0.585	-0.901	-0.901	-0.810	-0.536	-0.558	-0.671	-0.539	-0.571	-0.546	-0.554	-0.568	-0.704	-0.566	
rs72679773     -0.646	-0.662	-0.662	-0.649	-0.647	-0.850	-0.829	-0.758	-0.586	-0.572	-0.581	-0.777	-0.764	-0.639	-0.762	-0.654	-0.525	-0.654	-0.653	-0.654	-0.654	-0.654	-0.659	-0.660	-0.497	-0.767	-0.700	-0.663	-0.663	-0.664	-0.491	-0.487	-0.666	-0.666	-0.666	-0.666	-0.669	-0.410	-0.410	-0.411	-0.436	-0.668	-0.671	-0.671	-0.674	-0.673	-0.674	-0.674	-0.675	-0.780	-0.678	-0.680	-0.773	-0.694	-0.771	-0.775	-0.544	-0.553	-0.639	-0.792	-0.790	-0.790	-0.792	-0.793	-0.692	-0.613	-0.786	-0.696	-0.849	-0.848	-0.845	-0.842	-0.468	-0.844	-0.442	-0.641	-0.758	-0.580	-0.758	-0.446	-0.443	-0.447	-0.846	-0.634	-0.446	-0.436	-0.758	-0.486	-0.493	-0.631	-0.775	-0.781	-0.500	-0.714	-0.777	-0.777	-0.758	-0.776	-0.600	-0.594	-0.626	-0.627	-0.761	-0.687	-0.613	-0.907	-0.631	-0.907	-0.907	-0.907	-0.666	-0.762	-0.662	-0.695	-0.632	-0.746	-0.544	-0.652	-0.653	-0.660	-0.665	-0.565	-0.569	-0.569	-0.562	-0.570	-0.573	-0.576	-0.462	-0.694	-0.769	-0.837	-0.871	-0.910	-0.887	-0.859	-0.766	-0.859	-0.813	-0.937	-0.402	-0.865	-0.937	-0.869	-0.873	-0.879	-0.844	-0.838	-0.907	-0.843	-0.843	-0.913	-0.844	-0.840	-0.848	-0.905	-0.849	-0.907	-0.876	-0.898	-0.852	-0.917	-0.904	-0.647	-0.814	-0.814	-0.811	-0.604	-0.591	-0.585	-0.901	-0.901	-0.810	-0.536	-0.558	-0.671	-0.538	-0.570	-0.545	-0.553	-0.567	-0.703	-0.566	
rs113722591    -0.646	-0.662	-0.662	-0.649	-0.647	-0.850	-0.829	-0.758	-0.586	-0.572	-0.581	-0.777	-0.764	-0.639	-0.762	-0.654	-0.654	-0.525	-0.653	-0.654	-0.654	-0.654	-0.659	-0.659	-0.497	-0.767	-0.700	-0.662	-0.663	-0.663	-0.491	-0.486	-0.665	-0.665	-0.666	-0.666	-0.669	-0.409	-0.409	-0.410	-0.434	-0.668	-0.671	-0.670	-0.673	-0.673	-0.673	-0.674	-0.674	-0.780	-0.678	-0.679	-0.773	-0.693	-0.771	-0.775	-0.544	-0.554	-0.639	-0.792	-0.790	-0.790	-0.792	-0.793	-0.692	-0.614	-0.786	-0.695	-0.849	-0.848	-0.844	-0.842	-0.468	-0.844	-0.442	-0.641	-0.758	-0.580	-0.758	-0.446	-0.443	-0.447	-0.846	-0.634	-0.446	-0.436	-0.758	-0.486	-0.493	-0.632	-0.775	-0.781	-0.500	-0.714	-0.777	-0.777	-0.758	-0.776	-0.600	-0.594	-0.626	-0.627	-0.761	-0.687	-0.613	-0.907	-0.631	-0.907	-0.907	-0.907	-0.666	-0.762	-0.661	-0.695	-0.632	-0.747	-0.544	-0.652	-0.652	-0.660	-0.665	-0.565	-0.569	-0.569	-0.562	-0.570	-0.573	-0.576	-0.461	-0.694	-0.768	-0.837	-0.871	-0.910	-0.887	-0.859	-0.766	-0.859	-0.813	-0.937	-0.402	-0.865	-0.937	-0.869	-0.873	-0.879	-0.844	-0.838	-0.907	-0.843	-0.843	-0.913	-0.844	-0.840	-0.848	-0.905	-0.849	-0.907	-0.876	-0.898	-0.852	-0.917	-0.904	-0.647	-0.814	-0.814	-0.811	-0.604	-0.591	-0.584	-0.901	-0.901	-0.810	-0.536	-0.558	-0.671	-0.538	-0.570	-0.545	-0.553	-0.567	-0.703	-0.566	
rs11207938     -0.644	-0.661	-0.661	-0.648	-0.645	-0.848	-0.827	-0.756	-0.583	-0.569	-0.578	-0.776	-0.762	-0.636	-0.760	-0.653	-0.653	-0.653	-0.523	-0.653	-0.653	-0.653	-0.657	-0.658	-0.494	-0.766	-0.700	-0.661	-0.661	-0.662	-0.487	-0.483	-0.663	-0.663	-0.663	-0.664	-0.665	-0.419	-0.419	-0.419	-0.443	-0.665	-0.668	-0.666	-0.669	-0.670	-0.671	-0.671	-0.672	-0.778	-0.675	-0.676	-0.771	-0.690	-0.769	-0.773	-0.541	-0.553	-0.640	-0.789	-0.787	-0.786	-0.789	-0.790	-0.692	-0.613	-0.782	-0.695	-0.845	-0.844	-0.840	-0.840	-0.464	-0.842	-0.438	-0.637	-0.756	-0.577	-0.756	-0.442	-0.439	-0.443	-0.844	-0.630	-0.442	-0.432	-0.757	-0.482	-0.489	-0.630	-0.773	-0.779	-0.496	-0.711	-0.776	-0.776	-0.756	-0.774	-0.599	-0.593	-0.624	-0.626	-0.759	-0.684	-0.612	-0.905	-0.630	-0.905	-0.905	-0.905	-0.663	-0.760	-0.658	-0.692	-0.631	-0.745	-0.540	-0.649	-0.649	-0.657	-0.661	-0.562	-0.566	-0.566	-0.558	-0.566	-0.569	-0.572	-0.458	-0.692	-0.765	-0.834	-0.868	-0.908	-0.884	-0.856	-0.762	-0.856	-0.809	-0.935	-0.401	-0.862	-0.935	-0.866	-0.871	-0.876	-0.843	-0.837	-0.905	-0.843	-0.843	-0.911	-0.844	-0.840	-0.847	-0.903	-0.848	-0.904	-0.875	-0.896	-0.849	-0.914	-0.901	-0.642	-0.811	-0.811	-0.807	-0.599	-0.586	-0.580	-0.898	-0.898	-0.807	-0.531	-0.555	-0.668	-0.535	-0.567	-0.540	-0.549	-0.564	-0.698	-0.563	
rs10889302     -0.645	-0.662	-0.662	-0.649	-0.647	-0.850	-0.829	-0.758	-0.586	-0.571	-0.581	-0.777	-0.763	-0.638	-0.762	-0.654	-0.654	-0.654	-0.653	-0.525	-0.653	-0.653	-0.657	-0.657	-0.496	-0.767	-0.700	-0.660	-0.660	-0.661	-0.490	-0.486	-0.662	-0.663	-0.663	-0.663	-0.665	-0.402	-0.402	-0.402	-0.428	-0.665	-0.667	-0.666	-0.669	-0.669	-0.670	-0.670	-0.671	-0.780	-0.675	-0.676	-0.772	-0.690	-0.770	-0.775	-0.543	-0.554	-0.638	-0.790	-0.788	-0.788	-0.790	-0.792	-0.691	-0.614	-0.784	-0.694	-0.848	-0.847	-0.843	-0.841	-0.467	-0.844	-0.441	-0.639	-0.758	-0.579	-0.758	-0.445	-0.442	-0.446	-0.846	-0.633	-0.445	-0.435	-0.758	-0.485	-0.492	-0.632	-0.774	-0.781	-0.499	-0.714	-0.777	-0.777	-0.758	-0.776	-0.601	-0.594	-0.626	-0.627	-0.761	-0.686	-0.613	-0.906	-0.631	-0.906	-0.906	-0.906	-0.665	-0.761	-0.661	-0.694	-0.632	-0.746	-0.543	-0.652	-0.652	-0.660	-0.664	-0.564	-0.568	-0.568	-0.561	-0.569	-0.572	-0.575	-0.461	-0.694	-0.768	-0.836	-0.870	-0.910	-0.886	-0.858	-0.765	-0.859	-0.812	-0.937	-0.402	-0.864	-0.937	-0.868	-0.873	-0.878	-0.844	-0.838	-0.907	-0.843	-0.843	-0.913	-0.844	-0.841	-0.848	-0.905	-0.849	-0.906	-0.876	-0.898	-0.851	-0.916	-0.903	-0.645	-0.814	-0.813	-0.809	-0.602	-0.590	-0.583	-0.900	-0.900	-0.809	-0.534	-0.557	-0.670	-0.537	-0.569	-0.543	-0.552	-0.566	-0.702	-0.565	
rs10889303     -0.645	-0.662	-0.662	-0.649	-0.647	-0.850	-0.829	-0.758	-0.586	-0.571	-0.580	-0.777	-0.763	-0.638	-0.762	-0.654	-0.654	-0.654	-0.653	-0.653	-0.525	-0.653	-0.657	-0.657	-0.496	-0.767	-0.700	-0.660	-0.660	-0.660	-0.490	-0.485	-0.662	-0.662	-0.662	-0.663	-0.665	-0.402	-0.402	-0.402	-0.428	-0.664	-0.667	-0.665	-0.669	-0.669	-0.670	-0.670	-0.671	-0.780	-0.674	-0.676	-0.772	-0.690	-0.770	-0.775	-0.543	-0.554	-0.638	-0.790	-0.788	-0.788	-0.790	-0.791	-0.691	-0.614	-0.783	-0.694	-0.847	-0.846	-0.843	-0.841	-0.467	-0.844	-0.441	-0.639	-0.758	-0.579	-0.758	-0.445	-0.441	-0.446	-0.845	-0.632	-0.445	-0.435	-0.758	-0.485	-0.491	-0.631	-0.774	-0.781	-0.499	-0.713	-0.777	-0.777	-0.758	-0.776	-0.600	-0.594	-0.626	-0.627	-0.761	-0.686	-0.613	-0.906	-0.631	-0.906	-0.906	-0.906	-0.665	-0.761	-0.660	-0.694	-0.632	-0.746	-0.543	-0.651	-0.651	-0.659	-0.664	-0.564	-0.568	-0.568	-0.561	-0.569	-0.572	-0.575	-0.460	-0.693	-0.768	-0.836	-0.870	-0.910	-0.886	-0.858	-0.764	-0.859	-0.811	-0.937	-0.402	-0.864	-0.937	-0.868	-0.873	-0.878	-0.844	-0.838	-0.906	-0.843	-0.843	-0.913	-0.844	-0.840	-0.848	-0.905	-0.849	-0.906	-0.876	-0.898	-0.851	-0.916	-0.903	-0.645	-0.813	-0.813	-0.809	-0.602	-0.589	-0.582	-0.900	-0.900	-0.809	-0.534	-0.557	-0.670	-0.537	-0.569	-0.543	-0.551	-0.566	-0.701	-0.565	
rs10889305     -0.645	-0.662	-0.662	-0.649	-0.647	-0.850	-0.829	-0.758	-0.586	-0.571	-0.580	-0.777	-0.763	-0.638	-0.761	-0.654	-0.654	-0.654	-0.653	-0.653	-0.653	-0.525	-0.656	-0.657	-0.496	-0.767	-0.700	-0.659	-0.660	-0.660	-0.490	-0.485	-0.662	-0.662	-0.662	-0.662	-0.664	-0.401	-0.401	-0.402	-0.428	-0.664	-0.667	-0.665	-0.668	-0.669	-0.669	-0.670	-0.670	-0.779	-0.674	-0.675	-0.772	-0.689	-0.770	-0.775	-0.543	-0.554	-0.638	-0.790	-0.788	-0.787	-0.790	-0.791	-0.691	-0.614	-0.783	-0.694	-0.847	-0.846	-0.842	-0.841	-0.466	-0.844	-0.441	-0.639	-0.758	-0.579	-0.758	-0.445	-0.441	-0.446	-0.845	-0.632	-0.445	-0.434	-0.758	-0.484	-0.491	-0.631	-0.774	-0.781	-0.498	-0.713	-0.777	-0.777	-0.758	-0.776	-0.600	-0.594	-0.626	-0.627	-0.761	-0.686	-0.613	-0.906	-0.631	-0.906	-0.906	-0.906	-0.665	-0.761	-0.660	-0.694	-0.632	-0.746	-0.542	-0.651	-0.651	-0.659	-0.663	-0.564	-0.568	-0.568	-0.560	-0.568	-0.571	-0.575	-0.460	-0.693	-0.767	-0.836	-0.870	-0.909	-0.886	-0.858	-0.764	-0.858	-0.811	-0.936	-0.402	-0.864	-0.937	-0.868	-0.872	-0.878	-0.844	-0.838	-0.906	-0.843	-0.843	-0.913	-0.844	-0.840	-0.848	-0.905	-0.849	-0.906	-0.876	-0.897	-0.851	-0.916	-0.903	-0.645	-0.813	-0.813	-0.809	-0.602	-0.589	-0.582	-0.900	-0.900	-0.809	-0.534	-0.557	-0.670	-0.537	-0.569	-0.543	-0.551	-0.566	-0.701	-0.565	
rs12040080     -0.649	-0.665	-0.665	-0.652	-0.650	-0.854	-0.833	-0.761	-0.592	-0.578	-0.587	-0.780	-0.767	-0.645	-0.766	-0.659	-0.659	-0.659	-0.657	-0.657	-0.657	-0.656	-0.529	-0.658	-0.502	-0.770	-0.699	-0.659	-0.659	-0.659	-0.496	-0.492	-0.661	-0.661	-0.661	-0.662	-0.665	-0.360	-0.360	-0.361	-0.391	-0.663	-0.666	-0.667	-0.670	-0.668	-0.669	-0.669	-0.670	-0.783	-0.674	-0.675	-0.776	-0.691	-0.774	-0.778	-0.549	-0.556	-0.632	-0.793	-0.791	-0.791	-0.793	-0.794	-0.688	-0.616	-0.787	-0.691	-0.852	-0.851	-0.848	-0.843	-0.473	-0.847	-0.447	-0.645	-0.762	-0.585	-0.762	-0.451	-0.448	-0.452	-0.849	-0.639	-0.451	-0.441	-0.762	-0.491	-0.497	-0.635	-0.778	-0.785	-0.505	-0.719	-0.781	-0.781	-0.762	-0.780	-0.604	-0.597	-0.629	-0.630	-0.765	-0.692	-0.616	-0.910	-0.634	-0.910	-0.910	-0.911	-0.671	-0.765	-0.666	-0.699	-0.635	-0.750	-0.548	-0.657	-0.657	-0.665	-0.669	-0.570	-0.574	-0.574	-0.566	-0.574	-0.577	-0.581	-0.466	-0.697	-0.773	-0.842	-0.876	-0.914	-0.891	-0.864	-0.771	-0.864	-0.818	-0.941	-0.406	-0.870	-0.941	-0.874	-0.878	-0.884	-0.846	-0.840	-0.911	-0.845	-0.845	-0.917	-0.846	-0.842	-0.850	-0.909	-0.851	-0.911	-0.878	-0.902	-0.857	-0.921	-0.908	-0.653	-0.819	-0.819	-0.815	-0.610	-0.598	-0.591	-0.905	-0.905	-0.814	-0.542	-0.563	-0.676	-0.543	-0.575	-0.551	-0.559	-0.572	-0.708	-0.571	
rs12043306     -0.648	-0.665	-0.665	-0.652	-0.650	-0.854	-0.833	-0.761	-0.592	-0.577	-0.586	-0.780	-0.767	-0.644	-0.765	-0.660	-0.660	-0.659	-0.658	-0.657	-0.657	-0.657	-0.658	-0.529	-0.502	-0.770	-0.699	-0.658	-0.658	-0.659	-0.496	-0.491	-0.660	-0.660	-0.661	-0.661	-0.664	-0.360	-0.360	-0.361	-0.392	-0.662	-0.665	-0.665	-0.669	-0.667	-0.668	-0.668	-0.669	-0.783	-0.673	-0.674	-0.776	-0.690	-0.774	-0.778	-0.548	-0.556	-0.632	-0.792	-0.790	-0.790	-0.792	-0.794	-0.688	-0.616	-0.786	-0.691	-0.851	-0.850	-0.847	-0.843	-0.472	-0.847	-0.446	-0.645	-0.762	-0.585	-0.762	-0.450	-0.447	-0.451	-0.849	-0.638	-0.450	-0.440	-0.762	-0.490	-0.496	-0.635	-0.778	-0.784	-0.504	-0.718	-0.781	-0.781	-0.761	-0.779	-0.604	-0.597	-0.629	-0.630	-0.765	-0.691	-0.616	-0.910	-0.634	-0.910	-0.910	-0.910	-0.670	-0.765	-0.665	-0.699	-0.635	-0.750	-0.548	-0.656	-0.656	-0.664	-0.669	-0.569	-0.573	-0.573	-0.566	-0.574	-0.577	-0.580	-0.466	-0.697	-0.773	-0.841	-0.875	-0.913	-0.891	-0.863	-0.770	-0.863	-0.817	-0.941	-0.405	-0.869	-0.941	-0.873	-0.877	-0.883	-0.846	-0.840	-0.911	-0.845	-0.845	-0.917	-0.846	-0.842	-0.850	-0.909	-0.851	-0.911	-0.878	-0.902	-0.856	-0.921	-0.907	-0.652	-0.818	-0.818	-0.815	-0.609	-0.597	-0.590	-0.905	-0.905	-0.814	-0.541	-0.562	-0.675	-0.543	-0.575	-0.550	-0.558	-0.571	-0.707	-0.570	
rs12727339     -0.452	-0.469	-0.469	-0.456	-0.454	-0.678	-0.624	-0.563	-0.440	-0.437	-0.436	-0.590	-0.547	-0.598	-0.550	-0.498	-0.497	-0.497	-0.494	-0.496	-0.496	-0.496	-0.502	-0.502	-0.314	-0.580	-0.442	-0.501	-0.501	-0.500	-0.422	-0.420	-0.504	-0.504	-0.504	-0.505	-0.518	-0.309	-0.309	-0.310	-0.317	-0.505	-0.509	-0.535	-0.528	-0.511	-0.512	-0.512	-0.513	-0.588	-0.515	-0.517	-0.581	-0.533	-0.572	-0.583	-0.474	-0.379	-0.359	-0.573	-0.589	-0.595	-0.587	-0.591	-0.410	-0.436	-0.624	-0.414	-0.701	-0.702	-0.707	-0.531	-0.574	-0.651	-0.561	-0.705	-0.530	-0.625	-0.530	-0.562	-0.561	-0.563	-0.684	-0.704	-0.563	-0.557	-0.530	-0.582	-0.586	-0.452	-0.572	-0.580	-0.597	-0.668	-0.576	-0.575	-0.530	-0.574	-0.423	-0.417	-0.439	-0.441	-0.536	-0.686	-0.427	-0.721	-0.445	-0.721	-0.721	-0.721	-0.680	-0.537	-0.679	-0.675	-0.446	-0.511	-0.622	-0.676	-0.676	-0.679	-0.680	-0.640	-0.642	-0.642	-0.639	-0.643	-0.644	-0.645	-0.577	-0.424	-0.724	-0.804	-0.796	-0.700	-0.778	-0.802	-0.801	-0.738	-0.806	-0.707	-0.062	-0.738	-0.710	-0.737	-0.736	-0.736	-0.486	-0.476	-0.726	-0.486	-0.486	-0.696	-0.488	-0.481	-0.494	-0.732	-0.496	-0.770	-0.509	-0.747	-0.745	-0.762	-0.748	-0.802	-0.751	-0.751	-0.800	-0.795	-0.792	-0.791	-0.742	-0.742	-0.751	-0.761	-0.650	-0.702	-0.640	-0.656	-0.763	-0.766	-0.655	-0.801	-0.654	
rs112550848    -0.389	-0.409	-0.409	-0.393	-0.390	-0.650	-0.539	-0.565	-0.632	-0.624	-0.630	-0.455	-0.589	-0.698	-0.589	-0.767	-0.767	-0.767	-0.766	-0.767	-0.767	-0.767	-0.770	-0.770	-0.580	-0.333	-0.732	-0.770	-0.770	-0.770	-0.577	-0.574	-0.771	-0.772	-0.772	-0.772	-0.777	-0.673	-0.673	-0.673	-0.678	-0.772	-0.774	-0.784	-0.781	-0.775	-0.775	-0.775	-0.775	-0.552	-0.776	-0.777	-0.549	-0.784	-0.584	-0.552	-0.606	-0.285	-0.704	-0.797	-0.803	-0.805	-0.802	-0.803	-0.730	-0.387	-0.813	-0.731	-0.839	-0.839	-0.839	-0.784	-0.561	-0.622	-0.544	-0.720	-0.576	-0.647	-0.576	-0.546	-0.544	-0.547	-0.690	-0.716	-0.546	-0.539	-0.576	-0.561	-0.566	-0.481	-0.575	-0.584	-0.581	-0.717	-0.579	-0.579	-0.576	-0.577	-0.452	-0.447	-0.471	-0.473	-0.580	-0.691	-0.459	-0.742	-0.477	-0.743	-0.743	-0.743	-0.678	-0.580	-0.675	-0.706	-0.478	-0.561	-0.598	-0.669	-0.669	-0.674	-0.676	-0.608	-0.610	-0.610	-0.605	-0.611	-0.612	-0.614	-0.537	-0.510	-0.760	-0.806	-0.818	-0.811	-0.836	-0.807	-0.763	-0.809	-0.786	-0.839	-0.201	-0.811	-0.840	-0.812	-0.813	-0.816	-0.712	-0.705	-0.828	-0.711	-0.711	-0.817	-0.712	-0.708	-0.716	-0.830	-0.717	-0.843	-0.746	-0.833	-0.808	-0.847	-0.839	-0.747	-0.792	-0.792	-0.821	-0.726	-0.720	-0.716	-0.824	-0.824	-0.790	-0.634	-0.613	-0.693	-0.599	-0.620	-0.639	-0.643	-0.618	-0.743	-0.617	
rs28562952     -0.608	-0.624	-0.624	-0.611	-0.609	-0.819	-0.787	-0.719	-0.534	-0.520	-0.529	-0.742	-0.725	-0.587	-0.725	-0.700	-0.700	-0.700	-0.700	-0.700	-0.700	-0.700	-0.699	-0.699	-0.442	-0.732	-0.481	-0.700	-0.700	-0.700	-0.436	-0.431	-0.700	-0.700	-0.700	-0.700	-0.699	-0.625	-0.625	-0.625	-0.631	-0.701	-0.701	-0.696	-0.699	-0.701	-0.702	-0.702	-0.702	-0.742	-0.703	-0.703	-0.735	-0.707	-0.728	-0.737	-0.490	-0.526	-0.690	-0.776	-0.772	-0.770	-0.774	-0.774	-0.721	-0.586	-0.762	-0.723	-0.807	-0.806	-0.802	-0.821	-0.414	-0.805	-0.389	-0.589	-0.713	-0.526	-0.713	-0.392	-0.389	-0.394	-0.817	-0.582	-0.392	-0.382	-0.713	-0.436	-0.442	-0.597	-0.734	-0.740	-0.447	-0.663	-0.737	-0.737	-0.713	-0.735	-0.567	-0.560	-0.593	-0.594	-0.716	-0.636	-0.580	-0.864	-0.598	-0.864	-0.864	-0.864	-0.615	-0.717	-0.610	-0.643	-0.599	-0.699	-0.491	-0.601	-0.601	-0.609	-0.613	-0.513	-0.516	-0.517	-0.509	-0.517	-0.520	-0.523	-0.408	-0.633	-0.720	-0.735	-0.777	-0.845	-0.845	-0.764	-0.651	-0.811	-0.709	-0.901	-0.331	-0.817	-0.900	-0.821	-0.826	-0.832	-0.829	-0.824	-0.873	-0.829	-0.829	-0.881	-0.829	-0.826	-0.832	-0.870	-0.833	-0.867	-0.854	-0.862	-0.804	-0.876	-0.867	-0.601	-0.765	-0.764	-0.769	-0.558	-0.545	-0.538	-0.863	-0.863	-0.760	-0.488	-0.506	-0.619	-0.486	-0.519	-0.497	-0.506	-0.515	-0.659	-0.514	
rs7411110      -0.648	-0.665	-0.665	-0.652	-0.650	-0.854	-0.833	-0.761	-0.592	-0.577	-0.586	-0.780	-0.767	-0.644	-0.766	-0.663	-0.663	-0.662	-0.661	-0.660	-0.660	-0.659	-0.659	-0.658	-0.501	-0.770	-0.700	-0.529	-0.658	-0.658	-0.495	-0.490	-0.659	-0.659	-0.659	-0.660	-0.663	-0.358	-0.358	-0.359	-0.390	-0.661	-0.664	-0.663	-0.666	-0.666	-0.666	-0.666	-0.667	-0.783	-0.671	-0.672	-0.776	-0.687	-0.774	-0.778	-0.548	-0.557	-0.631	-0.791	-0.789	-0.789	-0.791	-0.793	-0.687	-0.617	-0.785	-0.690	-0.850	-0.849	-0.845	-0.843	-0.471	-0.847	-0.446	-0.644	-0.762	-0.584	-0.762	-0.450	-0.446	-0.451	-0.849	-0.637	-0.450	-0.439	-0.762	-0.489	-0.496	-0.635	-0.778	-0.785	-0.503	-0.718	-0.781	-0.781	-0.762	-0.779	-0.604	-0.598	-0.629	-0.631	-0.765	-0.691	-0.616	-0.910	-0.635	-0.910	-0.910	-0.910	-0.670	-0.765	-0.665	-0.698	-0.636	-0.750	-0.547	-0.656	-0.656	-0.664	-0.668	-0.569	-0.573	-0.573	-0.565	-0.573	-0.576	-0.579	-0.465	-0.697	-0.773	-0.841	-0.875	-0.913	-0.890	-0.863	-0.769	-0.863	-0.816	-0.940	-0.406	-0.869	-0.941	-0.873	-0.877	-0.883	-0.846	-0.840	-0.910	-0.846	-0.846	-0.917	-0.847	-0.843	-0.850	-0.909	-0.852	-0.910	-0.879	-0.902	-0.856	-0.920	-0.907	-0.651	-0.818	-0.818	-0.814	-0.608	-0.595	-0.589	-0.904	-0.904	-0.813	-0.540	-0.562	-0.675	-0.542	-0.574	-0.549	-0.557	-0.571	-0.706	-0.570	
rs2365990      -0.648	-0.665	-0.665	-0.652	-0.650	-0.854	-0.833	-0.761	-0.592	-0.577	-0.586	-0.780	-0.767	-0.644	-0.765	-0.664	-0.663	-0.663	-0.661	-0.660	-0.660	-0.660	-0.659	-0.658	-0.501	-0.770	-0.700	-0.658	-0.529	-0.658	-0.495	-0.490	-0.659	-0.659	-0.659	-0.660	-0.662	-0.359	-0.359	-0.360	-0.391	-0.661	-0.663	-0.662	-0.666	-0.665	-0.666	-0.666	-0.667	-0.783	-0.670	-0.672	-0.776	-0.687	-0.774	-0.778	-0.548	-0.557	-0.631	-0.791	-0.789	-0.789	-0.791	-0.792	-0.687	-0.617	-0.784	-0.690	-0.850	-0.849	-0.845	-0.842	-0.471	-0.847	-0.445	-0.644	-0.762	-0.584	-0.762	-0.449	-0.446	-0.450	-0.849	-0.637	-0.449	-0.439	-0.762	-0.489	-0.496	-0.635	-0.778	-0.784	-0.503	-0.718	-0.781	-0.781	-0.762	-0.779	-0.604	-0.598	-0.629	-0.631	-0.765	-0.690	-0.616	-0.910	-0.635	-0.910	-0.910	-0.910	-0.670	-0.765	-0.665	-0.698	-0.636	-0.750	-0.547	-0.656	-0.656	-0.664	-0.668	-0.569	-0.572	-0.573	-0.565	-0.573	-0.576	-0.579	-0.465	-0.697	-0.772	-0.840	-0.875	-0.913	-0.890	-0.862	-0.769	-0.863	-0.816	-0.940	-0.406	-0.869	-0.941	-0.873	-0.877	-0.883	-0.846	-0.840	-0.910	-0.846	-0.846	-0.916	-0.847	-0.843	-0.850	-0.909	-0.852	-0.910	-0.879	-0.902	-0.856	-0.920	-0.907	-0.651	-0.818	-0.818	-0.814	-0.608	-0.595	-0.588	-0.904	-0.904	-0.813	-0.540	-0.561	-0.674	-0.542	-0.574	-0.549	-0.557	-0.571	-0.706	-0.569	
rs4019803      -0.648	-0.665	-0.665	-0.652	-0.650	-0.853	-0.833	-0.761	-0.591	-0.576	-0.585	-0.780	-0.767	-0.643	-0.765	-0.664	-0.664	-0.663	-0.662	-0.661	-0.660	-0.660	-0.659	-0.659	-0.500	-0.770	-0.700	-0.658	-0.658	-0.529	-0.494	-0.489	-0.659	-0.659	-0.659	-0.660	-0.662	-0.365	-0.365	-0.366	-0.396	-0.661	-0.663	-0.662	-0.666	-0.665	-0.666	-0.666	-0.667	-0.783	-0.670	-0.672	-0.776	-0.687	-0.774	-0.778	-0.547	-0.557	-0.632	-0.791	-0.788	-0.788	-0.790	-0.792	-0.688	-0.617	-0.784	-0.691	-0.849	-0.848	-0.845	-0.842	-0.470	-0.847	-0.445	-0.643	-0.761	-0.583	-0.761	-0.449	-0.445	-0.450	-0.849	-0.636	-0.449	-0.439	-0.761	-0.488	-0.495	-0.635	-0.778	-0.784	-0.503	-0.717	-0.781	-0.780	-0.761	-0.779	-0.604	-0.597	-0.629	-0.630	-0.764	-0.690	-0.616	-0.910	-0.634	-0.910	-0.910	-0.910	-0.669	-0.765	-0.664	-0.697	-0.635	-0.750	-0.546	-0.655	-0.655	-0.663	-0.667	-0.568	-0.572	-0.572	-0.564	-0.572	-0.575	-0.579	-0.464	-0.697	-0.772	-0.840	-0.874	-0.913	-0.890	-0.862	-0.768	-0.863	-0.815	-0.940	-0.405	-0.868	-0.940	-0.872	-0.877	-0.882	-0.846	-0.840	-0.910	-0.846	-0.846	-0.916	-0.847	-0.843	-0.850	-0.908	-0.852	-0.910	-0.879	-0.901	-0.855	-0.920	-0.906	-0.650	-0.817	-0.817	-0.813	-0.607	-0.594	-0.587	-0.904	-0.904	-0.813	-0.539	-0.561	-0.674	-0.541	-0.573	-0.548	-0.556	-0.570	-0.705	-0.569	
