## Summary of overall evidence for association with region:
## log10(BF for region) = 2.82287
## p-value for region = NA

## BFs for choosing among multi-SNP models:
## log10(average 1-SNP BF) = 2.76457
## log10(average 2-SNP BF) = 2.92021

## Example posterior probabilities for multi-SNP models, based on default prior: [p(l) propto 0.5^l for l=1,2,...,L]
## posterior probability of 1-SNP = 0.582922
## posterior probability of 2-SNP = 0.417078

## log10(BF) for single SNP and pair of SNPs:
rs1009398      +0.974	+0.815	+0.844	+0.844	+0.842	+0.793	+0.768	+1.024	+0.537	+0.810	+0.548	+0.635	+0.718	+0.631	+0.435	+0.981	+0.908	+0.546	+0.551	+0.634	+0.812	+0.820	+0.809	+0.823	+0.559	+0.563	+0.635	+0.436	+0.929	+0.628	+0.803	+2.224	+0.916	+2.229	+0.780	+2.222	+0.801	+0.927	+1.249	+0.774	+0.614	+0.577	+0.572	+0.795	+1.446	+0.574	+0.565	+0.535	+0.813	+0.576	+0.850	+0.853	+0.566	+0.832	+0.587	+0.758	+0.577	+0.578	+0.758	+0.758	+0.810	+0.787	+0.803	+0.802	+0.937	+0.798	+0.802	+0.775	+0.801	+0.732	+0.811	+0.806	+0.799	+0.736	+0.802	+0.810	+0.810	+0.817	+0.676	+3.112	+3.110	+1.922	+1.910	+1.910	+3.313	+1.910	+1.910	+3.314	+1.880	+3.314	+1.906	+0.725	+1.920	+1.910	+1.920	+3.386	+1.905	+3.434	+1.860	+3.458	+3.438	+1.856	+3.431	+0.744	+3.414	+3.414	+3.409	+3.405	+3.404	+3.403	+1.880	+3.362	+3.318	+3.330	+3.325	+1.378	+1.379	+1.379	+1.379	+1.385	+1.380	+1.410	+1.380	+2.696	+3.276	+2.258	+1.384	+2.228	+2.218	+3.260	+1.418	+1.391	+2.216	+1.393	+1.393	+1.393	+1.395	+1.396	+1.397	+1.397	+1.399	+2.376	+1.444	+1.450	+1.555	+1.435	+1.479	+1.478	+1.558	+1.515	+1.482	+1.446	+1.486	+1.446	+2.941	+1.505	+3.485	+2.405	+1.489	+1.549	+1.668	+1.630	+1.517	+1.593	+1.525	+1.528	+3.686	+1.527	+1.529	+1.570	+1.535	+1.893	
rs10496900     +0.815	-0.459	-0.602	-0.602	-0.602	-0.608	-0.694	-0.479	-0.466	-0.749	-0.821	-0.944	-0.566	-0.944	-0.694	-0.689	-0.724	-0.807	-0.482	-0.806	-0.933	-0.931	-0.933	-0.930	-0.672	-0.664	-0.807	-0.734	-0.732	-0.806	-0.934	+0.091	-0.737	+0.093	-0.493	+0.085	-0.934	-0.732	-0.444	-0.503	-0.781	-0.688	-0.679	-0.294	-0.612	-0.687	-0.670	-0.535	-0.277	-0.690	-0.222	-0.219	-0.679	-0.249	-0.717	-0.359	-0.696	-0.698	-0.360	-0.359	-0.286	-0.320	-0.297	-0.297	-0.200	-0.303	-0.299	-0.336	-0.300	-0.404	-0.288	-0.294	-0.303	-0.395	-0.308	-0.288	-0.288	-0.282	-0.740	+2.491	+2.489	+1.083	+1.107	+1.107	+3.232	+1.106	+1.107	+3.232	+1.069	+3.230	+1.099	-0.704	+1.117	+1.105	+1.117	+3.312	+1.098	+3.363	+1.039	+3.390	+3.364	+1.034	+3.356	-0.689	+3.338	+3.338	+3.332	+3.328	+3.326	+3.325	+1.061	+3.276	+3.226	+3.238	+3.230	+0.604	+0.605	+0.606	+0.606	+0.612	+0.607	+0.646	+0.607	+2.463	+3.170	+1.892	+0.613	+1.858	+1.847	+3.152	+0.656	+0.621	+1.843	+0.624	+0.624	+0.624	+0.627	+0.628	+0.629	+0.629	+0.632	+2.027	+0.662	+0.668	+0.808	+0.646	+0.703	+0.702	+0.800	+0.748	+0.706	+0.658	+0.710	+0.660	+2.741	+0.732	+3.397	+2.055	+0.715	+0.785	+0.947	+0.898	+0.749	+0.869	+0.759	+0.755	+3.645	+0.763	+0.765	+0.817	+0.771	+1.018	
rs17747853     +0.844	-0.602	-0.456	-0.574	-0.574	-0.580	-0.682	-0.474	-0.453	-0.743	-0.818	-0.939	-0.563	-0.938	-0.684	-0.682	-0.718	-0.805	-0.463	-0.799	-0.929	-0.927	-0.930	-0.926	-0.669	-0.662	-0.800	-0.725	-0.726	-0.799	-0.930	+0.101	-0.732	+0.103	-0.490	+0.095	-0.930	-0.726	-0.438	-0.501	-0.773	-0.679	-0.670	-0.293	-0.608	-0.677	-0.661	-0.523	-0.276	-0.680	-0.221	-0.218	-0.669	-0.248	-0.708	-0.358	-0.687	-0.689	-0.358	-0.358	-0.285	-0.318	-0.295	-0.296	-0.199	-0.302	-0.298	-0.335	-0.299	-0.403	-0.287	-0.292	-0.301	-0.394	-0.306	-0.287	-0.287	-0.281	-0.737	+2.498	+2.496	+1.113	+1.137	+1.137	+3.259	+1.136	+1.137	+3.259	+1.099	+3.257	+1.128	-0.701	+1.147	+1.135	+1.147	+3.339	+1.128	+3.390	+1.068	+3.418	+3.391	+1.063	+3.383	-0.686	+3.365	+3.365	+3.359	+3.355	+3.353	+3.352	+1.090	+3.303	+3.252	+3.265	+3.257	+0.629	+0.630	+0.631	+0.630	+0.637	+0.631	+0.671	+0.632	+2.486	+3.196	+1.912	+0.638	+1.878	+1.867	+3.178	+0.681	+0.646	+1.863	+0.649	+0.649	+0.649	+0.652	+0.653	+0.654	+0.654	+0.657	+2.048	+0.687	+0.694	+0.835	+0.671	+0.728	+0.727	+0.827	+0.774	+0.732	+0.683	+0.736	+0.685	+2.765	+0.757	+3.424	+2.076	+0.740	+0.811	+0.975	+0.926	+0.775	+0.898	+0.785	+0.781	+3.675	+0.789	+0.791	+0.843	+0.797	+1.025	
rs17815364     +0.844	-0.602	-0.574	-0.456	-0.574	-0.580	-0.682	-0.474	-0.453	-0.743	-0.818	-0.939	-0.563	-0.938	-0.684	-0.682	-0.718	-0.805	-0.463	-0.799	-0.929	-0.927	-0.930	-0.927	-0.670	-0.662	-0.800	-0.725	-0.726	-0.799	-0.930	+0.101	-0.731	+0.103	-0.490	+0.095	-0.931	-0.726	-0.437	-0.501	-0.773	-0.679	-0.670	-0.293	-0.608	-0.677	-0.661	-0.523	-0.276	-0.681	-0.221	-0.218	-0.669	-0.248	-0.708	-0.358	-0.687	-0.689	-0.358	-0.358	-0.285	-0.318	-0.296	-0.296	-0.199	-0.302	-0.298	-0.335	-0.299	-0.403	-0.287	-0.292	-0.302	-0.394	-0.306	-0.287	-0.287	-0.281	-0.737	+2.498	+2.496	+1.113	+1.137	+1.137	+3.259	+1.136	+1.137	+3.258	+1.098	+3.257	+1.128	-0.701	+1.147	+1.135	+1.147	+3.339	+1.127	+3.390	+1.068	+3.417	+3.391	+1.063	+3.383	-0.686	+3.365	+3.365	+3.359	+3.355	+3.353	+3.352	+1.090	+3.303	+3.252	+3.264	+3.257	+0.629	+0.630	+0.630	+0.630	+0.637	+0.631	+0.671	+0.631	+2.486	+3.196	+1.912	+0.638	+1.878	+1.867	+3.178	+0.681	+0.646	+1.863	+0.649	+0.649	+0.649	+0.652	+0.653	+0.654	+0.654	+0.657	+2.048	+0.686	+0.693	+0.835	+0.671	+0.728	+0.727	+0.827	+0.774	+0.732	+0.683	+0.736	+0.685	+2.765	+0.757	+3.424	+2.076	+0.740	+0.811	+0.975	+0.925	+0.775	+0.898	+0.785	+0.781	+3.674	+0.788	+0.791	+0.843	+0.797	+1.025	
rs12468990     +0.842	-0.602	-0.574	-0.574	-0.456	-0.581	-0.683	-0.473	-0.454	-0.742	-0.818	-0.939	-0.564	-0.939	-0.685	-0.681	-0.717	-0.805	-0.464	-0.799	-0.929	-0.928	-0.930	-0.927	-0.670	-0.662	-0.801	-0.726	-0.725	-0.799	-0.931	+0.102	-0.731	+0.105	-0.491	+0.096	-0.931	-0.726	-0.437	-0.502	-0.773	-0.680	-0.670	-0.293	-0.608	-0.678	-0.661	-0.524	-0.277	-0.681	-0.221	-0.218	-0.670	-0.248	-0.708	-0.359	-0.687	-0.689	-0.359	-0.359	-0.286	-0.319	-0.296	-0.297	-0.200	-0.303	-0.298	-0.336	-0.300	-0.403	-0.288	-0.293	-0.302	-0.395	-0.307	-0.288	-0.287	-0.281	-0.737	+2.498	+2.496	+1.112	+1.136	+1.136	+3.258	+1.135	+1.136	+3.257	+1.098	+3.256	+1.127	-0.701	+1.146	+1.134	+1.146	+3.338	+1.127	+3.389	+1.067	+3.416	+3.390	+1.062	+3.382	-0.686	+3.364	+3.364	+3.358	+3.354	+3.352	+3.350	+1.089	+3.301	+3.251	+3.263	+3.256	+0.628	+0.629	+0.630	+0.629	+0.636	+0.630	+0.671	+0.631	+2.485	+3.194	+1.911	+0.637	+1.877	+1.866	+3.177	+0.680	+0.645	+1.862	+0.648	+0.648	+0.649	+0.651	+0.652	+0.653	+0.654	+0.656	+2.047	+0.686	+0.693	+0.834	+0.670	+0.727	+0.726	+0.826	+0.773	+0.731	+0.682	+0.735	+0.684	+2.764	+0.756	+3.423	+2.075	+0.739	+0.810	+0.975	+0.925	+0.774	+0.897	+0.784	+0.780	+3.673	+0.788	+0.791	+0.842	+0.796	+1.024	
rs1949010      +0.793	-0.608	-0.580	-0.580	-0.581	-0.465	-0.700	-0.460	-0.474	-0.741	-0.827	-0.950	-0.580	-0.949	-0.706	-0.669	-0.709	-0.815	-0.516	-0.813	-0.935	-0.933	-0.935	-0.932	-0.683	-0.676	-0.814	-0.744	-0.718	-0.814	-0.936	+0.128	-0.724	+0.131	-0.504	+0.123	-0.936	-0.718	-0.418	-0.515	-0.787	-0.694	-0.685	-0.311	-0.603	-0.693	-0.676	-0.540	-0.295	-0.696	-0.239	-0.236	-0.685	-0.266	-0.722	-0.375	-0.702	-0.704	-0.376	-0.375	-0.303	-0.336	-0.313	-0.314	-0.217	-0.320	-0.316	-0.352	-0.317	-0.419	-0.305	-0.310	-0.319	-0.411	-0.324	-0.305	-0.305	-0.299	-0.745	+2.492	+2.490	+1.088	+1.112	+1.112	+3.211	+1.111	+1.112	+3.211	+1.074	+3.210	+1.103	-0.710	+1.122	+1.110	+1.122	+3.291	+1.102	+3.342	+1.044	+3.369	+3.343	+1.038	+3.335	-0.695	+3.317	+3.317	+3.311	+3.307	+3.305	+3.304	+1.066	+3.255	+3.205	+3.217	+3.210	+0.608	+0.609	+0.610	+0.609	+0.616	+0.610	+0.650	+0.611	+2.440	+3.149	+1.870	+0.617	+1.837	+1.826	+3.131	+0.660	+0.625	+1.822	+0.628	+0.628	+0.628	+0.631	+0.632	+0.633	+0.633	+0.636	+2.005	+0.665	+0.672	+0.813	+0.650	+0.707	+0.706	+0.805	+0.752	+0.710	+0.662	+0.714	+0.664	+2.717	+0.736	+3.376	+2.033	+0.719	+0.789	+0.952	+0.903	+0.753	+0.874	+0.764	+0.760	+3.623	+0.767	+0.770	+0.821	+0.775	+1.015	
rs7580194      +0.768	-0.694	-0.682	-0.682	-0.683	-0.700	-0.499	-0.450	-0.508	-0.707	-0.858	-0.979	-0.614	-0.978	-0.735	-0.596	-0.659	-0.846	-0.463	-0.815	-0.960	-0.958	-0.960	-0.957	-0.717	-0.710	-0.817	-0.774	-0.678	-0.817	-0.961	+0.191	-0.688	+0.194	-0.540	+0.184	-0.962	-0.682	-0.377	-0.551	-0.819	-0.727	-0.718	-0.349	-0.612	-0.725	-0.709	-0.574	-0.334	-0.729	-0.279	-0.276	-0.718	-0.306	-0.755	-0.414	-0.734	-0.737	-0.414	-0.414	-0.342	-0.375	-0.352	-0.353	-0.257	-0.359	-0.354	-0.391	-0.356	-0.457	-0.344	-0.349	-0.358	-0.449	-0.363	-0.344	-0.344	-0.338	-0.777	+2.454	+2.452	+1.042	+1.065	+1.065	+3.218	+1.064	+1.065	+3.217	+1.027	+3.216	+1.056	-0.742	+1.075	+1.063	+1.075	+3.297	+1.056	+3.348	+0.998	+3.376	+3.349	+0.992	+3.340	-0.727	+3.323	+3.323	+3.317	+3.313	+3.311	+3.310	+1.019	+3.260	+3.210	+3.222	+3.214	+0.570	+0.572	+0.572	+0.572	+0.578	+0.573	+0.613	+0.573	+2.438	+3.152	+1.865	+0.579	+1.831	+1.820	+3.134	+0.623	+0.588	+1.816	+0.591	+0.591	+0.591	+0.594	+0.594	+0.596	+0.596	+0.598	+2.001	+0.628	+0.635	+0.775	+0.613	+0.669	+0.668	+0.767	+0.715	+0.673	+0.624	+0.677	+0.626	+2.718	+0.698	+3.381	+2.029	+0.681	+0.751	+0.915	+0.865	+0.715	+0.832	+0.726	+0.722	+3.632	+0.729	+0.732	+0.783	+0.737	+0.975	
rs1370333      +1.024	-0.479	-0.474	-0.474	-0.473	-0.460	-0.450	-0.149	+0.620	-0.519	-0.468	-0.237	-0.479	-0.232	+0.060	-0.522	-0.529	-0.489	-0.212	-0.514	-0.561	-0.564	-0.561	-0.566	-0.494	-0.489	-0.516	-0.164	-0.537	-0.513	-0.557	-0.012	-0.538	-0.010	-0.323	-0.017	-0.556	-0.537	-0.397	-0.331	-0.131	-0.021	-0.006	-0.231	-0.509	-0.019	+0.009	+0.178	-0.217	-0.025	-0.175	-0.172	-0.007	-0.196	-0.070	-0.278	-0.037	-0.041	-0.278	-0.278	-0.222	-0.248	-0.230	-0.231	-0.128	-0.235	-0.232	-0.261	-0.233	-0.310	-0.224	-0.228	-0.235	-0.303	-0.235	-0.224	-0.224	-0.217	-0.429	+2.444	+2.441	+1.816	+1.816	+1.816	+3.332	+1.815	+1.816	+3.332	+1.770	+3.331	+1.804	-0.390	+1.827	+1.813	+1.826	+3.405	+1.803	+3.455	+1.738	+3.481	+3.458	+1.731	+3.450	-0.374	+3.431	+3.431	+3.425	+3.421	+3.420	+3.418	+1.761	+3.372	+3.324	+3.337	+3.332	+1.249	+1.250	+1.251	+1.250	+1.258	+1.251	+1.298	+1.251	+2.642	+3.277	+2.128	+1.258	+2.094	+2.082	+3.259	+1.308	+1.268	+2.080	+1.272	+1.271	+1.272	+1.275	+1.275	+1.277	+1.277	+1.280	+2.272	+1.332	+1.341	+1.508	+1.316	+1.381	+1.380	+1.495	+1.434	+1.385	+1.329	+1.390	+1.331	+2.928	+1.410	+3.514	+2.304	+1.394	+1.483	+1.676	+1.606	+1.433	+1.587	+1.444	+1.436	+3.754	+1.448	+1.451	+1.511	+1.458	+1.097	
rs2068854      +0.537	-0.466	-0.453	-0.453	-0.454	-0.474	-0.508	+0.620	-0.180	-0.441	-0.503	-0.250	-0.159	-0.256	-0.598	-0.331	-0.382	-0.479	-0.511	-0.584	-0.080	-0.069	-0.083	-0.063	-0.376	-0.369	-0.584	-0.626	-0.376	-0.586	-0.095	+0.909	-0.384	+0.915	-0.228	+0.907	-0.101	-0.375	+0.053	-0.238	-0.424	-0.502	-0.502	+0.005	+0.312	-0.503	-0.503	-0.470	+0.026	-0.503	+0.080	+0.083	-0.506	+0.053	-0.504	-0.062	-0.505	-0.505	-0.063	-0.062	+0.015	-0.020	+0.004	+0.004	+0.091	-0.003	+0.002	-0.036	+0.001	-0.107	+0.015	+0.008	-0.002	-0.100	+0.000	+0.013	+0.013	+0.020	-0.441	+2.456	+2.454	+0.965	+0.981	+0.982	+2.929	+0.981	+0.982	+2.929	+0.948	+2.928	+0.975	-0.385	+0.991	+0.981	+0.991	+3.005	+0.974	+3.054	+0.923	+3.080	+3.056	+0.918	+3.049	-0.368	+3.031	+3.030	+3.025	+3.021	+3.020	+3.018	+0.943	+2.973	+2.925	+2.939	+2.932	+0.508	+0.510	+0.510	+0.510	+0.516	+0.511	+0.546	+0.511	+2.195	+2.873	+1.647	+0.517	+1.616	+1.606	+2.859	+0.556	+0.524	+1.603	+0.527	+0.527	+0.527	+0.529	+0.530	+0.531	+0.531	+0.534	+1.772	+0.564	+0.570	+0.695	+0.551	+0.602	+0.601	+0.691	+0.643	+0.605	+0.562	+0.609	+0.564	+2.454	+0.629	+3.090	+1.799	+0.613	+0.677	+0.823	+0.780	+0.645	+0.744	+0.654	+0.654	+3.317	+0.657	+0.659	+0.706	+0.665	+1.020	
rs7587173      +0.810	-0.749	-0.743	-0.743	-0.742	-0.741	-0.707	-0.519	-0.441	-0.493	-0.848	-0.956	-0.568	-0.955	-0.654	-0.517	-0.621	-0.833	-0.221	-0.697	-0.962	-0.960	-0.962	-0.959	-0.689	-0.681	-0.705	-0.709	-0.672	-0.701	-0.963	+0.122	-0.681	+0.124	-0.510	+0.114	-0.963	-0.677	-0.433	-0.521	-0.784	-0.687	-0.678	-0.304	-0.649	-0.686	-0.668	-0.528	-0.288	-0.689	-0.232	-0.229	-0.678	-0.259	-0.718	-0.372	-0.696	-0.698	-0.373	-0.372	-0.297	-0.331	-0.308	-0.308	-0.215	-0.315	-0.310	-0.349	-0.312	-0.418	-0.300	-0.305	-0.314	-0.409	-0.321	-0.299	-0.299	-0.293	-0.774	+2.440	+2.438	+1.109	+1.130	+1.130	+3.309	+1.130	+1.130	+3.308	+1.091	+3.307	+1.121	-0.741	+1.141	+1.128	+1.140	+3.387	+1.120	+3.438	+1.061	+3.464	+3.438	+1.056	+3.429	-0.727	+3.411	+3.412	+3.405	+3.400	+3.399	+3.397	+1.084	+3.347	+3.296	+3.308	+3.301	+0.625	+0.627	+0.627	+0.627	+0.634	+0.628	+0.669	+0.628	+2.527	+3.237	+1.952	+0.635	+1.918	+1.906	+3.220	+0.679	+0.643	+1.902	+0.646	+0.646	+0.646	+0.649	+0.650	+0.651	+0.652	+0.654	+2.094	+0.686	+0.693	+0.836	+0.670	+0.728	+0.727	+0.828	+0.775	+0.732	+0.682	+0.736	+0.684	+2.813	+0.758	+3.473	+2.122	+0.740	+0.813	+0.980	+0.929	+0.775	+0.901	+0.786	+0.780	+3.727	+0.789	+0.792	+0.844	+0.798	+0.977	
rs141585690    +0.548	-0.821	-0.818	-0.818	-0.818	-0.827	-0.858	-0.468	-0.503	-0.848	-0.506	-0.982	-0.472	-0.982	-0.727	-0.780	-0.813	-0.620	-0.766	-0.915	-0.967	-0.965	-0.968	-0.964	-0.498	-0.489	-0.915	-0.767	-0.807	-0.915	-0.969	+0.025	-0.812	+0.026	-0.449	+0.019	-0.969	-0.806	-0.495	-0.466	-0.818	-0.727	-0.718	+0.208	-0.623	-0.726	-0.709	-0.572	+0.208	-0.729	+0.341	+0.341	-0.718	+0.271	-0.755	+0.006	-0.735	-0.737	+0.004	+0.005	+0.154	+0.078	+0.133	+0.132	+0.102	+0.119	+0.126	+0.050	+0.123	-0.104	+0.149	+0.137	+0.118	-0.091	+0.086	+0.148	+0.148	+0.152	-0.781	+2.493	+2.490	+1.015	+1.037	+1.038	+3.052	+1.037	+1.037	+3.052	+1.000	+3.050	+1.029	-0.745	+1.048	+1.036	+1.047	+3.129	+1.028	+3.180	+0.971	+3.206	+3.181	+0.966	+3.173	-0.730	+3.156	+3.155	+3.150	+3.145	+3.144	+3.142	+0.992	+3.095	+3.045	+3.058	+3.051	+0.555	+0.556	+0.557	+0.556	+0.563	+0.557	+0.597	+0.558	+2.269	+2.988	+1.708	+0.564	+1.677	+1.666	+2.974	+0.607	+0.572	+1.663	+0.575	+0.575	+0.575	+0.577	+0.578	+0.580	+0.580	+0.582	+1.836	+0.613	+0.620	+0.760	+0.599	+0.655	+0.654	+0.753	+0.700	+0.659	+0.611	+0.663	+0.613	+2.534	+0.683	+3.206	+1.863	+0.667	+0.737	+0.899	+0.851	+0.701	+0.815	+0.712	+0.711	+3.442	+0.715	+0.718	+0.769	+0.724	+0.973	
rs62155399     +0.635	-0.944	-0.939	-0.939	-0.939	-0.950	-0.979	-0.237	-0.250	-0.956	-0.982	-0.647	-0.714	-0.783	-0.553	-0.880	-0.917	-0.969	-0.892	-1.037	-0.755	-0.747	-0.758	-0.742	-0.851	-0.844	-1.037	-0.786	-0.911	-1.037	-0.770	+0.208	-0.916	+0.212	-0.682	+0.202	-0.777	-0.910	-0.531	-0.693	-0.856	-0.763	-0.751	-0.485	-0.717	-0.761	-0.740	-0.602	-0.468	-0.765	-0.414	-0.411	-0.752	-0.441	-0.801	-0.549	-0.775	-0.778	-0.550	-0.550	-0.477	-0.510	-0.487	-0.488	-0.396	-0.494	-0.489	-0.526	-0.491	-0.593	-0.477	-0.484	-0.493	-0.585	-0.496	-0.479	-0.479	-0.472	-0.918	+2.304	+2.302	+0.905	+0.940	+0.941	+2.980	+0.940	+0.940	+2.979	+0.901	+2.978	+0.931	-0.884	+0.951	+0.938	+0.950	+3.055	+0.929	+3.105	+0.870	+3.131	+3.106	+0.864	+3.097	-0.870	+3.079	+3.078	+3.073	+3.069	+3.067	+3.066	+0.891	+3.017	+2.967	+2.981	+2.975	+0.482	+0.483	+0.483	+0.483	+0.490	+0.484	+0.527	+0.484	+2.175	+2.908	+1.630	+0.490	+1.601	+1.589	+2.896	+0.536	+0.499	+1.586	+0.502	+0.502	+0.502	+0.505	+0.505	+0.507	+0.507	+0.510	+1.759	+0.530	+0.537	+0.686	+0.513	+0.572	+0.571	+0.676	+0.620	+0.576	+0.525	+0.580	+0.527	+2.444	+0.601	+3.129	+1.788	+0.584	+0.656	+0.830	+0.780	+0.621	+0.748	+0.631	+0.629	+3.374	+0.635	+0.638	+0.692	+0.644	+0.825	
rs13383929     +0.718	-0.566	-0.563	-0.563	-0.564	-0.580	-0.614	-0.479	-0.159	-0.568	-0.472	-0.714	-0.270	-0.712	-0.549	-0.472	-0.518	-0.515	-0.595	-0.670	-0.767	-0.767	-0.768	-0.767	-0.597	-0.593	-0.670	-0.592	-0.499	-0.672	-0.767	+0.021	-0.506	+0.022	-0.464	+0.015	-0.767	-0.499	-0.349	-0.471	-0.537	-0.445	-0.435	-0.344	-0.558	-0.444	-0.425	-0.281	-0.332	-0.447	-0.286	-0.283	-0.434	-0.308	-0.477	-0.395	-0.454	-0.456	-0.396	-0.395	-0.338	-0.365	-0.346	-0.346	-0.254	-0.351	-0.348	-0.377	-0.349	-0.429	-0.338	-0.343	-0.351	-0.422	-0.351	-0.339	-0.339	-0.332	-0.538	+2.395	+2.392	+1.410	+1.422	+1.423	+2.974	+1.422	+1.422	+2.974	+1.382	+2.973	+1.413	-0.487	+1.433	+1.420	+1.432	+3.049	+1.410	+3.098	+1.349	+3.124	+3.100	+1.343	+3.093	-0.469	+3.075	+3.074	+3.069	+3.065	+3.064	+3.062	+1.371	+3.017	+2.968	+2.983	+2.977	+0.916	+0.917	+0.918	+0.917	+0.924	+0.918	+0.961	+0.918	+2.243	+2.918	+1.719	+0.925	+1.688	+1.677	+2.904	+0.970	+0.933	+1.675	+0.936	+0.936	+0.936	+0.939	+0.940	+0.941	+0.942	+0.944	+1.848	+0.987	+0.995	+1.148	+0.973	+1.032	+1.031	+1.138	+1.081	+1.036	+0.985	+1.040	+0.988	+2.508	+1.060	+3.138	+1.876	+1.044	+1.122	+1.296	+1.239	+1.081	+1.206	+1.092	+1.093	+3.367	+1.095	+1.098	+1.153	+1.103	+0.978	
rs67057274     +0.631	-0.944	-0.938	-0.938	-0.939	-0.949	-0.978	-0.232	-0.256	-0.955	-0.982	-0.783	-0.712	-0.646	-0.558	-0.879	-0.915	-0.968	-0.892	-1.036	-0.750	-0.741	-0.753	-0.737	-0.850	-0.843	-1.036	-0.789	-0.909	-1.037	-0.765	+0.212	-0.915	+0.217	-0.681	+0.207	-0.772	-0.908	-0.529	-0.693	-0.858	-0.765	-0.753	-0.483	-0.716	-0.763	-0.742	-0.605	-0.467	-0.767	-0.413	-0.410	-0.754	-0.440	-0.803	-0.548	-0.777	-0.779	-0.549	-0.549	-0.476	-0.509	-0.486	-0.486	-0.395	-0.492	-0.488	-0.525	-0.489	-0.592	-0.476	-0.483	-0.492	-0.584	-0.495	-0.477	-0.477	-0.471	-0.918	+2.303	+2.301	+0.904	+0.938	+0.939	+2.978	+0.938	+0.938	+2.977	+0.899	+2.975	+0.929	-0.884	+0.949	+0.936	+0.948	+3.053	+0.927	+3.103	+0.868	+3.129	+3.104	+0.862	+3.095	-0.870	+3.077	+3.076	+3.071	+3.067	+3.065	+3.063	+0.889	+3.015	+2.965	+2.979	+2.972	+0.480	+0.481	+0.481	+0.481	+0.488	+0.482	+0.524	+0.482	+2.173	+2.906	+1.629	+0.488	+1.599	+1.588	+2.894	+0.534	+0.497	+1.585	+0.500	+0.500	+0.500	+0.503	+0.503	+0.505	+0.505	+0.508	+1.758	+0.528	+0.535	+0.684	+0.511	+0.570	+0.569	+0.674	+0.618	+0.574	+0.523	+0.578	+0.525	+2.442	+0.599	+3.127	+1.786	+0.582	+0.654	+0.828	+0.778	+0.619	+0.746	+0.629	+0.627	+3.372	+0.633	+0.636	+0.690	+0.642	+0.825	
rs1465759      +0.435	-0.694	-0.684	-0.684	-0.685	-0.706	-0.735	+0.060	-0.598	-0.654	-0.727	-0.553	-0.549	-0.558	-0.432	-0.533	-0.591	-0.701	-0.746	-0.801	-0.290	-0.278	-0.294	-0.272	-0.558	-0.551	-0.800	-0.735	-0.574	-0.803	-0.312	+0.429	-0.582	+0.429	-0.409	+0.421	-0.321	-0.573	+0.015	-0.419	-0.812	-0.762	-0.756	-0.142	-0.486	-0.761	-0.751	-0.649	-0.119	-0.763	-0.064	-0.061	-0.757	-0.095	-0.780	-0.220	-0.767	-0.769	-0.220	-0.220	-0.136	-0.173	-0.148	-0.149	-0.065	-0.155	-0.150	-0.192	-0.152	-0.270	-0.136	-0.145	-0.155	-0.261	-0.159	-0.139	-0.138	-0.132	-0.712	+2.327	+2.324	+0.904	+0.920	+0.921	+2.873	+0.920	+0.920	+2.873	+0.885	+2.872	+0.914	-0.675	+0.931	+0.919	+0.930	+2.949	+0.912	+2.999	+0.859	+3.024	+3.000	+0.854	+2.993	-0.661	+2.974	+2.974	+2.969	+2.964	+2.963	+2.961	+0.880	+2.915	+2.866	+2.880	+2.874	+0.428	+0.430	+0.430	+0.430	+0.436	+0.431	+0.468	+0.431	+2.117	+2.812	+1.570	+0.437	+1.539	+1.529	+2.799	+0.478	+0.445	+1.526	+0.448	+0.448	+0.448	+0.450	+0.451	+0.452	+0.453	+0.455	+1.698	+0.487	+0.493	+0.623	+0.473	+0.526	+0.525	+0.618	+0.569	+0.529	+0.484	+0.533	+0.486	+2.381	+0.554	+3.031	+1.725	+0.537	+0.604	+0.755	+0.710	+0.570	+0.674	+0.580	+0.580	+3.264	+0.583	+0.586	+0.634	+0.591	+0.890	
rs7603188      +0.981	-0.689	-0.682	-0.682	-0.681	-0.669	-0.596	-0.522	-0.331	-0.517	-0.780	-0.880	-0.472	-0.879	-0.533	-0.426	-0.568	-0.764	+0.245	-0.476	-0.906	-0.905	-0.907	-0.905	-0.607	-0.599	-0.497	-0.599	-0.643	-0.489	-0.907	+0.059	-0.648	+0.060	-0.427	+0.051	-0.907	-0.649	-0.467	-0.438	-0.697	-0.596	-0.586	-0.209	-0.633	-0.594	-0.576	-0.432	-0.192	-0.598	-0.135	-0.132	-0.586	-0.164	-0.628	-0.280	-0.605	-0.608	-0.281	-0.281	-0.203	-0.238	-0.214	-0.215	-0.121	-0.221	-0.217	-0.256	-0.218	-0.328	-0.206	-0.211	-0.221	-0.319	-0.228	-0.206	-0.206	-0.200	-0.712	+2.485	+2.483	+1.226	+1.245	+1.245	+3.457	+1.245	+1.245	+3.455	+1.205	+3.454	+1.236	-0.680	+1.256	+1.243	+1.255	+3.534	+1.235	+3.587	+1.175	+3.613	+3.587	+1.169	+3.578	-0.666	+3.559	+3.561	+3.553	+3.549	+3.547	+3.545	+1.197	+3.494	+3.443	+3.454	+3.447	+0.732	+0.733	+0.734	+0.733	+0.740	+0.734	+0.776	+0.735	+2.671	+3.383	+2.093	+0.741	+2.057	+2.045	+3.364	+0.786	+0.750	+2.042	+0.753	+0.753	+0.753	+0.756	+0.757	+0.759	+0.759	+0.761	+2.238	+0.794	+0.801	+0.948	+0.778	+0.837	+0.836	+0.939	+0.885	+0.841	+0.790	+0.845	+0.792	+2.962	+0.867	+3.622	+2.266	+0.849	+0.924	+1.095	+1.041	+0.885	+1.017	+0.896	+0.889	+3.881	+0.899	+0.902	+0.956	+0.908	+1.035	
rs6739229      +0.908	-0.724	-0.718	-0.718	-0.717	-0.709	-0.659	-0.529	-0.382	-0.621	-0.813	-0.917	-0.518	-0.915	-0.591	-0.568	-0.459	-0.797	+0.071	-0.573	-0.934	-0.933	-0.935	-0.932	-0.646	-0.638	-0.586	-0.647	-0.660	-0.579	-0.935	+0.082	-0.667	+0.086	-0.468	+0.077	-0.935	-0.666	-0.456	-0.477	-0.738	-0.637	-0.627	-0.252	-0.645	-0.635	-0.617	-0.475	-0.236	-0.639	-0.179	-0.176	-0.627	-0.207	-0.669	-0.322	-0.646	-0.648	-0.323	-0.322	-0.246	-0.280	-0.257	-0.257	-0.163	-0.264	-0.259	-0.298	-0.261	-0.369	-0.249	-0.254	-0.263	-0.360	-0.270	-0.248	-0.248	-0.242	-0.743	+2.460	+2.458	+1.174	+1.194	+1.194	+3.386	+1.194	+1.194	+3.385	+1.155	+3.383	+1.185	-0.710	+1.205	+1.192	+1.204	+3.465	+1.184	+3.515	+1.123	+3.543	+3.515	+1.117	+3.506	-0.696	+3.490	+3.491	+3.484	+3.479	+3.477	+3.476	+1.146	+3.425	+3.374	+3.386	+3.377	+0.683	+0.684	+0.684	+0.684	+0.690	+0.685	+0.726	+0.685	+2.605	+3.315	+2.029	+0.692	+1.992	+1.982	+3.295	+0.737	+0.701	+1.977	+0.704	+0.704	+0.704	+0.707	+0.707	+0.709	+0.709	+0.712	+2.171	+0.744	+0.751	+0.898	+0.728	+0.787	+0.786	+0.887	+0.834	+0.791	+0.739	+0.795	+0.742	+2.892	+0.817	+3.550	+2.198	+0.799	+0.873	+1.043	+0.990	+0.834	+0.965	+0.845	+0.839	+3.808	+0.848	+0.851	+0.904	+0.856	+1.005	
rs7602631      +0.546	-0.807	-0.805	-0.805	-0.805	-0.815	-0.846	-0.489	-0.479	-0.833	-0.620	-0.969	-0.515	-0.968	-0.701	-0.764	-0.797	-0.494	-0.760	-0.903	-0.960	-0.959	-0.961	-0.958	-0.547	-0.539	-0.903	-0.742	-0.790	-0.903	-0.962	+0.015	-0.796	+0.016	-0.475	+0.009	-0.962	-0.790	-0.503	-0.491	-0.800	-0.708	-0.699	+0.091	-0.632	-0.706	-0.690	-0.550	+0.095	-0.710	+0.216	+0.217	-0.698	+0.153	-0.737	-0.085	-0.716	-0.718	-0.086	-0.086	+0.051	-0.017	+0.032	+0.031	+0.025	+0.020	+0.026	-0.044	+0.023	-0.182	+0.047	+0.037	+0.019	-0.165	-0.007	+0.047	+0.047	+0.052	-0.769	+2.471	+2.468	+1.037	+1.058	+1.058	+3.032	+1.058	+1.058	+3.032	+1.020	+3.031	+1.050	-0.731	+1.068	+1.057	+1.068	+3.109	+1.048	+3.159	+0.991	+3.185	+3.161	+0.986	+3.153	-0.716	+3.135	+3.134	+3.129	+3.125	+3.123	+3.121	+1.013	+3.074	+3.025	+3.038	+3.031	+0.577	+0.578	+0.578	+0.578	+0.585	+0.579	+0.619	+0.579	+2.255	+2.969	+1.699	+0.585	+1.668	+1.657	+2.954	+0.629	+0.593	+1.654	+0.596	+0.596	+0.596	+0.599	+0.599	+0.601	+0.601	+0.604	+1.827	+0.636	+0.643	+0.783	+0.622	+0.677	+0.676	+0.776	+0.723	+0.681	+0.634	+0.685	+0.635	+2.521	+0.705	+3.187	+1.854	+0.689	+0.760	+0.924	+0.875	+0.724	+0.838	+0.735	+0.734	+3.422	+0.738	+0.740	+0.792	+0.747	+0.964	
rs7576202      +0.551	-0.482	-0.463	-0.463	-0.464	-0.516	-0.463	-0.212	-0.511	-0.221	-0.766	-0.892	-0.595	-0.892	-0.746	+0.245	+0.071	-0.760	-0.393	-0.373	-0.822	-0.819	-0.823	-0.818	-0.666	-0.659	-0.374	-0.769	+0.283	-0.401	-0.825	+0.850	+0.232	+0.849	-0.491	+0.835	-0.826	+0.240	+0.227	-0.502	-0.768	-0.695	-0.687	-0.332	-0.340	-0.693	-0.680	-0.556	-0.314	-0.696	-0.266	-0.263	-0.687	-0.291	-0.718	-0.389	-0.701	-0.702	-0.390	-0.390	-0.323	-0.354	-0.333	-0.333	-0.235	-0.338	-0.334	-0.368	-0.336	-0.429	-0.323	-0.330	-0.338	-0.421	-0.340	-0.324	-0.324	-0.318	-0.684	+2.499	+2.497	+1.014	+1.040	+1.040	+3.025	+1.039	+1.040	+3.024	+1.004	+3.023	+1.033	-0.655	+1.050	+1.039	+1.050	+3.101	+1.031	+3.152	+0.976	+3.178	+3.153	+0.971	+3.145	-0.642	+3.127	+3.126	+3.121	+3.116	+3.115	+3.113	+0.997	+3.065	+3.016	+3.029	+3.023	+0.566	+0.567	+0.568	+0.567	+0.574	+0.568	+0.607	+0.569	+2.251	+2.955	+1.688	+0.574	+1.657	+1.646	+2.946	+0.617	+0.582	+1.644	+0.585	+0.585	+0.585	+0.588	+0.588	+0.590	+0.590	+0.592	+1.817	+0.620	+0.626	+0.759	+0.606	+0.660	+0.658	+0.754	+0.703	+0.663	+0.617	+0.667	+0.619	+2.527	+0.687	+3.185	+1.844	+0.671	+0.737	+0.893	+0.848	+0.705	+0.809	+0.715	+0.717	+3.425	+0.718	+0.721	+0.770	+0.726	+1.056	
rs112470174    +0.634	-0.806	-0.799	-0.799	-0.799	-0.813	-0.815	-0.514	-0.584	-0.697	-0.915	-1.037	-0.670	-1.036	-0.801	-0.476	-0.573	-0.903	-0.373	-0.561	-1.009	-1.007	-1.010	-1.006	-0.776	-0.768	-0.696	-0.820	-0.273	-0.700	-1.011	+0.315	-0.336	+0.316	-0.599	+0.304	-1.011	-0.333	-0.271	-0.611	-0.882	-0.783	-0.774	-0.408	-0.632	-0.782	-0.765	-0.632	-0.395	-0.785	-0.337	-0.334	-0.774	-0.364	-0.812	-0.472	-0.791	-0.793	-0.473	-0.472	-0.400	-0.433	-0.410	-0.411	-0.316	-0.417	-0.413	-0.449	-0.414	-0.516	-0.402	-0.407	-0.416	-0.507	-0.421	-0.402	-0.402	-0.396	-0.836	+2.395	+2.393	+0.979	+1.000	+1.001	+3.144	+1.000	+1.001	+3.143	+0.963	+3.142	+0.992	-0.801	+1.011	+0.999	+1.010	+3.222	+0.991	+3.273	+0.934	+3.300	+3.274	+0.928	+3.265	-0.787	+3.247	+3.248	+3.241	+3.237	+3.235	+3.234	+0.955	+3.184	+3.133	+3.146	+3.138	+0.506	+0.507	+0.507	+0.507	+0.514	+0.508	+0.548	+0.508	+2.355	+3.061	+1.731	+0.514	+1.706	+1.695	+3.058	+0.558	+0.523	+1.692	+0.526	+0.526	+0.526	+0.529	+0.529	+0.531	+0.531	+0.533	+1.874	+0.564	+0.571	+0.710	+0.548	+0.605	+0.604	+0.702	+0.650	+0.609	+0.560	+0.613	+0.562	+2.649	+0.634	+3.306	+1.902	+0.617	+0.687	+0.851	+0.802	+0.651	+0.769	+0.662	+0.659	+3.557	+0.665	+0.668	+0.719	+0.674	+0.915	
rs352977       +0.812	-0.933	-0.929	-0.929	-0.929	-0.935	-0.960	-0.561	-0.080	-0.962	-0.967	-0.755	-0.767	-0.750	-0.290	-0.906	-0.934	-0.960	-0.822	-1.009	-0.618	-0.751	-0.754	-0.751	-0.852	-0.845	-1.010	-0.201	-0.930	-1.009	-0.761	+0.108	-0.934	+0.112	-0.682	+0.101	-0.768	-0.929	-0.584	-0.693	-0.482	-0.374	-0.354	-0.501	-0.756	-0.372	-0.337	-0.181	-0.486	-0.380	-0.433	-0.430	-0.362	-0.459	-0.448	-0.564	-0.401	-0.406	-0.564	-0.564	-0.494	-0.526	-0.504	-0.504	-0.411	-0.510	-0.506	-0.541	-0.507	-0.606	-0.494	-0.501	-0.509	-0.598	-0.514	-0.495	-0.495	-0.489	-0.887	+2.446	+2.443	+1.181	+1.232	+1.233	+3.230	+1.232	+1.232	+3.229	+1.188	+3.227	+1.220	-0.852	+1.243	+1.229	+1.242	+3.305	+1.217	+3.354	+1.150	+3.381	+3.355	+1.143	+3.346	-0.837	+3.328	+3.328	+3.321	+3.317	+3.315	+3.314	+1.172	+3.264	+3.212	+3.226	+3.219	+0.796	+0.797	+0.798	+0.797	+0.804	+0.798	+0.847	+0.799	+2.387	+3.149	+1.855	+0.805	+1.825	+1.814	+3.137	+0.857	+0.814	+1.810	+0.817	+0.817	+0.818	+0.821	+0.821	+0.823	+0.823	+0.826	+1.987	+0.836	+0.844	+1.015	+0.816	+0.882	+0.880	+0.999	+0.936	+0.886	+0.827	+0.890	+0.831	+2.660	+0.913	+3.371	+2.016	+0.895	+0.974	+1.174	+1.118	+0.936	+1.090	+0.948	+0.943	+3.626	+0.951	+0.955	+1.016	+0.960	+0.947	
rs352979       +0.820	-0.931	-0.927	-0.927	-0.928	-0.933	-0.958	-0.564	-0.069	-0.960	-0.965	-0.747	-0.767	-0.741	-0.278	-0.905	-0.933	-0.959	-0.819	-1.007	-0.751	-0.616	-0.752	-0.752	-0.851	-0.844	-1.007	-0.183	-0.928	-1.006	-0.757	+0.101	-0.932	+0.105	-0.681	+0.095	-0.765	-0.927	-0.586	-0.692	-0.469	-0.362	-0.341	-0.502	-0.757	-0.360	-0.324	-0.169	-0.486	-0.367	-0.433	-0.430	-0.350	-0.459	-0.437	-0.564	-0.389	-0.394	-0.564	-0.564	-0.494	-0.526	-0.504	-0.504	-0.411	-0.510	-0.506	-0.541	-0.507	-0.606	-0.495	-0.501	-0.510	-0.598	-0.514	-0.496	-0.496	-0.489	-0.885	+2.451	+2.448	+1.189	+1.241	+1.241	+3.239	+1.240	+1.240	+3.237	+1.196	+3.236	+1.229	-0.850	+1.251	+1.237	+1.250	+3.313	+1.226	+3.363	+1.158	+3.389	+3.363	+1.151	+3.354	-0.835	+3.336	+3.336	+3.330	+3.325	+3.323	+3.322	+1.180	+3.272	+3.220	+3.234	+3.227	+0.806	+0.807	+0.807	+0.807	+0.813	+0.808	+0.856	+0.808	+2.394	+3.157	+1.863	+0.814	+1.833	+1.821	+3.145	+0.867	+0.823	+1.818	+0.827	+0.827	+0.827	+0.830	+0.831	+0.832	+0.833	+0.835	+1.994	+0.845	+0.853	+1.024	+0.825	+0.891	+0.889	+1.008	+0.946	+0.895	+0.836	+0.899	+0.839	+2.667	+0.922	+3.379	+2.023	+0.904	+0.983	+1.183	+1.127	+0.945	+1.100	+0.957	+0.952	+3.635	+0.960	+0.964	+1.025	+0.969	+0.952	
rs352980       +0.809	-0.933	-0.930	-0.930	-0.930	-0.935	-0.960	-0.561	-0.083	-0.962	-0.968	-0.758	-0.768	-0.753	-0.294	-0.907	-0.935	-0.961	-0.823	-1.010	-0.754	-0.752	-0.619	-0.750	-0.852	-0.845	-1.010	-0.203	-0.930	-1.009	-0.762	+0.108	-0.934	+0.112	-0.682	+0.101	-0.769	-0.929	-0.584	-0.693	-0.482	-0.375	-0.355	-0.501	-0.757	-0.373	-0.338	-0.183	-0.486	-0.381	-0.433	-0.430	-0.363	-0.459	-0.449	-0.564	-0.403	-0.408	-0.564	-0.564	-0.494	-0.526	-0.504	-0.504	-0.412	-0.510	-0.506	-0.542	-0.507	-0.606	-0.495	-0.501	-0.510	-0.598	-0.515	-0.496	-0.496	-0.489	-0.888	+2.445	+2.442	+1.180	+1.231	+1.232	+3.229	+1.231	+1.231	+3.228	+1.187	+3.226	+1.219	-0.852	+1.242	+1.228	+1.241	+3.304	+1.216	+3.353	+1.149	+3.379	+3.353	+1.142	+3.344	-0.838	+3.326	+3.326	+3.320	+3.315	+3.314	+3.312	+1.171	+3.262	+3.210	+3.224	+3.217	+0.795	+0.796	+0.797	+0.796	+0.803	+0.797	+0.846	+0.798	+2.385	+3.147	+1.854	+0.804	+1.824	+1.813	+3.135	+0.856	+0.813	+1.809	+0.817	+0.816	+0.817	+0.820	+0.820	+0.822	+0.822	+0.825	+1.986	+0.835	+0.843	+1.014	+0.815	+0.881	+0.879	+0.998	+0.935	+0.885	+0.826	+0.889	+0.830	+2.658	+0.912	+3.369	+2.015	+0.894	+0.973	+1.173	+1.117	+0.935	+1.089	+0.947	+0.942	+3.625	+0.950	+0.954	+1.015	+0.959	+0.947	
rs352981       +0.823	-0.930	-0.926	-0.927	-0.927	-0.932	-0.957	-0.566	-0.063	-0.959	-0.964	-0.742	-0.767	-0.737	-0.272	-0.905	-0.932	-0.958	-0.818	-1.006	-0.751	-0.752	-0.750	-0.615	-0.851	-0.844	-1.006	-0.177	-0.928	-1.005	-0.755	+0.099	-0.932	+0.102	-0.681	+0.092	-0.763	-0.927	-0.587	-0.692	-0.464	-0.356	-0.336	-0.502	-0.757	-0.354	-0.318	-0.164	-0.486	-0.362	-0.433	-0.430	-0.343	-0.459	-0.431	-0.564	-0.384	-0.389	-0.564	-0.564	-0.494	-0.526	-0.504	-0.504	-0.411	-0.510	-0.506	-0.541	-0.507	-0.605	-0.495	-0.501	-0.510	-0.598	-0.514	-0.496	-0.496	-0.489	-0.884	+2.453	+2.450	+1.192	+1.244	+1.244	+3.241	+1.243	+1.243	+3.240	+1.199	+3.238	+1.232	-0.849	+1.254	+1.240	+1.253	+3.316	+1.229	+3.365	+1.161	+3.391	+3.365	+1.154	+3.356	-0.834	+3.338	+3.338	+3.332	+3.327	+3.326	+3.324	+1.183	+3.274	+3.222	+3.236	+3.229	+0.809	+0.810	+0.811	+0.810	+0.817	+0.811	+0.860	+0.811	+2.396	+3.159	+1.865	+0.818	+1.835	+1.824	+3.147	+0.870	+0.827	+1.820	+0.830	+0.830	+0.830	+0.834	+0.834	+0.836	+0.836	+0.839	+1.997	+0.848	+0.856	+1.028	+0.828	+0.894	+0.893	+1.011	+0.949	+0.898	+0.840	+0.903	+0.843	+2.669	+0.925	+3.381	+2.026	+0.907	+0.986	+1.187	+1.131	+0.948	+1.104	+0.960	+0.956	+3.637	+0.964	+0.967	+1.029	+0.973	+0.954	
rs13385783     +0.559	-0.672	-0.669	-0.670	-0.670	-0.683	-0.717	-0.494	-0.376	-0.689	-0.498	-0.851	-0.597	-0.850	-0.558	-0.607	-0.646	-0.547	-0.666	-0.776	-0.852	-0.851	-0.852	-0.851	-0.365	-0.480	-0.775	-0.489	-0.634	-0.777	-0.852	+0.008	-0.640	+0.009	-0.463	+0.002	-0.851	-0.633	-0.486	-0.476	-0.613	-0.514	-0.503	+0.221	-0.609	-0.512	-0.492	-0.342	+0.135	-0.516	+0.372	+0.362	-0.503	+0.243	-0.547	-0.116	-0.523	-0.525	-0.118	-0.118	+0.039	-0.056	+0.014	+0.013	-0.065	-0.003	+0.004	-0.084	+0.000	-0.239	+0.030	+0.016	-0.009	-0.227	-0.119	+0.030	+0.030	+0.030	-0.637	+2.443	+2.440	+1.240	+1.256	+1.257	+3.003	+1.256	+1.256	+3.003	+1.217	+3.002	+1.248	-0.591	+1.266	+1.254	+1.266	+3.078	+1.245	+3.128	+1.186	+3.153	+3.129	+1.181	+3.122	-0.575	+3.104	+3.103	+3.098	+3.094	+3.092	+3.091	+1.208	+3.045	+2.996	+3.011	+3.004	+0.767	+0.768	+0.768	+0.768	+0.775	+0.769	+0.810	+0.769	+2.261	+2.945	+1.726	+0.775	+1.696	+1.685	+2.931	+0.820	+0.783	+1.682	+0.786	+0.786	+0.786	+0.789	+0.789	+0.791	+0.791	+0.793	+1.858	+0.832	+0.839	+0.984	+0.817	+0.875	+0.874	+0.977	+0.923	+0.879	+0.830	+0.883	+0.831	+2.529	+0.901	+3.167	+1.886	+0.887	+0.962	+1.133	+1.080	+0.923	+1.041	+0.934	+0.934	+3.396	+0.937	+0.940	+0.993	+0.946	+1.013	
rs13386121     +0.563	-0.664	-0.662	-0.662	-0.662	-0.676	-0.710	-0.489	-0.369	-0.681	-0.489	-0.844	-0.593	-0.843	-0.551	-0.599	-0.638	-0.539	-0.659	-0.768	-0.845	-0.844	-0.845	-0.844	-0.480	-0.357	-0.768	-0.480	-0.626	-0.769	-0.845	+0.011	-0.632	+0.013	-0.463	+0.006	-0.844	-0.625	-0.482	-0.475	-0.604	-0.505	-0.494	+0.152	-0.604	-0.503	-0.483	-0.333	+0.087	-0.507	+0.299	+0.291	-0.494	+0.184	-0.538	-0.140	-0.514	-0.516	-0.143	-0.142	+0.006	-0.082	-0.018	-0.019	-0.078	-0.033	-0.027	-0.109	-0.030	-0.253	-0.003	-0.015	-0.039	-0.242	-0.135	-0.003	-0.003	-0.001	-0.630	+2.447	+2.445	+1.250	+1.267	+1.267	+3.006	+1.266	+1.267	+3.007	+1.227	+3.005	+1.258	-0.585	+1.277	+1.265	+1.276	+3.081	+1.255	+3.131	+1.196	+3.156	+3.133	+1.191	+3.125	-0.568	+3.107	+3.106	+3.101	+3.097	+3.096	+3.094	+1.218	+3.049	+3.000	+3.014	+3.008	+0.776	+0.777	+0.778	+0.777	+0.785	+0.778	+0.820	+0.778	+2.266	+2.949	+1.731	+0.784	+1.701	+1.689	+2.935	+0.829	+0.792	+1.687	+0.795	+0.795	+0.795	+0.798	+0.798	+0.800	+0.800	+0.803	+1.862	+0.841	+0.848	+0.994	+0.827	+0.884	+0.883	+0.987	+0.932	+0.888	+0.839	+0.892	+0.841	+2.534	+0.911	+3.171	+1.891	+0.897	+0.971	+1.142	+1.090	+0.932	+1.050	+0.943	+0.944	+3.400	+0.946	+0.949	+1.003	+0.956	+1.019	
rs1508600      +0.635	-0.807	-0.800	-0.800	-0.801	-0.814	-0.817	-0.516	-0.584	-0.705	-0.915	-1.037	-0.670	-1.036	-0.800	-0.497	-0.586	-0.903	-0.374	-0.696	-1.010	-1.007	-1.010	-1.006	-0.775	-0.768	-0.561	-0.819	-0.285	-0.692	-1.011	+0.313	-0.324	+0.314	-0.599	+0.303	-1.012	-0.313	-0.271	-0.610	-0.882	-0.783	-0.773	-0.407	-0.633	-0.781	-0.765	-0.631	-0.394	-0.784	-0.336	-0.333	-0.773	-0.363	-0.811	-0.471	-0.790	-0.792	-0.472	-0.472	-0.399	-0.432	-0.409	-0.410	-0.315	-0.416	-0.412	-0.448	-0.413	-0.515	-0.401	-0.406	-0.415	-0.506	-0.420	-0.401	-0.401	-0.395	-0.836	+2.396	+2.393	+0.980	+1.002	+1.002	+3.150	+1.002	+1.002	+3.149	+0.964	+3.148	+0.994	-0.801	+1.013	+1.001	+1.012	+3.228	+0.993	+3.279	+0.935	+3.305	+3.280	+0.930	+3.271	-0.787	+3.253	+3.253	+3.247	+3.242	+3.241	+3.239	+0.957	+3.189	+3.139	+3.151	+3.144	+0.507	+0.508	+0.508	+0.508	+0.515	+0.509	+0.549	+0.509	+2.359	+3.066	+1.733	+0.515	+1.708	+1.697	+3.063	+0.559	+0.524	+1.694	+0.527	+0.527	+0.527	+0.530	+0.530	+0.532	+0.532	+0.534	+1.876	+0.565	+0.572	+0.711	+0.549	+0.606	+0.605	+0.704	+0.651	+0.610	+0.561	+0.614	+0.563	+2.654	+0.635	+3.312	+1.904	+0.618	+0.688	+0.852	+0.803	+0.652	+0.771	+0.663	+0.660	+3.562	+0.666	+0.669	+0.720	+0.675	+0.915	
rs352991       +0.436	-0.734	-0.725	-0.725	-0.726	-0.744	-0.774	-0.164	-0.626	-0.709	-0.767	-0.786	-0.592	-0.789	-0.735	-0.599	-0.647	-0.742	-0.769	-0.820	-0.201	-0.183	-0.203	-0.177	-0.489	-0.480	-0.819	-0.460	-0.616	-0.822	-0.222	+0.545	-0.624	+0.550	-0.306	+0.541	-0.232	-0.615	+0.243	-0.321	-0.828	-0.770	-0.764	-0.010	-0.477	-0.769	-0.759	-0.657	+0.015	-0.771	+0.077	+0.080	-0.765	+0.041	-0.789	-0.103	-0.776	-0.777	-0.103	-0.103	-0.010	-0.052	-0.023	-0.024	+0.055	-0.032	-0.026	-0.073	-0.028	-0.163	-0.009	-0.019	-0.031	-0.153	-0.054	-0.012	-0.012	-0.006	-0.741	+2.305	+2.303	+0.875	+0.894	+0.895	+2.881	+0.894	+0.895	+2.880	+0.859	+2.879	+0.887	-0.707	+0.905	+0.893	+0.904	+2.956	+0.886	+3.006	+0.832	+3.032	+3.008	+0.827	+3.000	-0.692	+2.982	+2.981	+2.976	+2.971	+2.970	+2.968	+0.853	+2.922	+2.872	+2.886	+2.880	+0.412	+0.413	+0.414	+0.413	+0.420	+0.414	+0.452	+0.415	+2.114	+2.817	+1.571	+0.420	+1.540	+1.529	+2.804	+0.462	+0.428	+1.526	+0.431	+0.431	+0.431	+0.434	+0.434	+0.436	+0.436	+0.438	+1.698	+0.468	+0.475	+0.606	+0.454	+0.508	+0.507	+0.601	+0.551	+0.511	+0.466	+0.515	+0.467	+2.379	+0.536	+3.037	+1.725	+0.519	+0.586	+0.740	+0.694	+0.552	+0.659	+0.562	+0.561	+3.272	+0.565	+0.568	+0.617	+0.574	+0.876	
rs12613418     +0.929	-0.732	-0.726	-0.726	-0.725	-0.718	-0.678	-0.537	-0.376	-0.672	-0.807	-0.911	-0.499	-0.909	-0.574	-0.643	-0.660	-0.790	+0.283	-0.273	-0.930	-0.928	-0.930	-0.928	-0.634	-0.626	-0.285	-0.616	-0.455	-0.248	-0.930	+0.090	-0.581	+0.092	-0.453	+0.082	-0.930	-0.586	-0.448	-0.465	-0.719	-0.619	-0.608	-0.233	-0.648	-0.617	-0.598	-0.454	-0.226	-0.620	-0.159	-0.156	-0.608	-0.188	-0.652	-0.305	-0.627	-0.630	-0.305	-0.305	-0.226	-0.261	-0.237	-0.237	-0.144	-0.244	-0.240	-0.279	-0.241	-0.351	-0.229	-0.234	-0.244	-0.342	-0.251	-0.228	-0.228	-0.223	-0.738	+2.486	+2.484	+1.202	+1.221	+1.221	+3.458	+1.221	+1.221	+3.457	+1.181	+3.455	+1.212	-0.705	+1.232	+1.219	+1.231	+3.537	+1.211	+3.589	+1.150	+3.616	+3.589	+1.145	+3.580	-0.691	+3.562	+3.564	+3.556	+3.552	+3.550	+3.549	+1.174	+3.497	+3.446	+3.457	+3.449	+0.705	+0.706	+0.707	+0.706	+0.713	+0.707	+0.749	+0.708	+2.651	+3.361	+2.073	+0.714	+2.055	+2.044	+3.365	+0.760	+0.723	+2.040	+0.726	+0.726	+0.726	+0.729	+0.730	+0.732	+0.732	+0.734	+2.238	+0.767	+0.774	+0.921	+0.751	+0.810	+0.809	+0.912	+0.858	+0.814	+0.763	+0.818	+0.765	+2.965	+0.841	+3.623	+2.265	+0.822	+0.897	+1.069	+1.015	+0.858	+0.990	+0.869	+0.862	+3.885	+0.872	+0.875	+0.929	+0.881	+1.034	
rs6720677      +0.628	-0.806	-0.799	-0.799	-0.799	-0.814	-0.817	-0.513	-0.586	-0.701	-0.915	-1.037	-0.672	-1.037	-0.803	-0.489	-0.579	-0.903	-0.401	-0.700	-1.009	-1.006	-1.009	-1.005	-0.777	-0.769	-0.692	-0.822	-0.248	-0.560	-1.010	+0.325	-0.282	+0.326	-0.600	+0.315	-1.011	-0.262	-0.260	-0.611	-0.883	-0.784	-0.775	-0.409	-0.628	-0.782	-0.766	-0.633	-0.396	-0.786	-0.339	-0.336	-0.775	-0.365	-0.812	-0.473	-0.792	-0.794	-0.474	-0.473	-0.401	-0.434	-0.411	-0.411	-0.317	-0.418	-0.413	-0.450	-0.415	-0.516	-0.402	-0.408	-0.417	-0.508	-0.422	-0.403	-0.403	-0.397	-0.835	+2.395	+2.393	+0.977	+0.999	+0.999	+3.144	+0.999	+0.999	+3.144	+0.961	+3.142	+0.991	-0.801	+1.010	+0.998	+1.009	+3.222	+0.990	+3.274	+0.932	+3.300	+3.274	+0.927	+3.266	-0.787	+3.248	+3.248	+3.241	+3.237	+3.235	+3.234	+0.954	+3.184	+3.134	+3.146	+3.138	+0.504	+0.505	+0.506	+0.505	+0.512	+0.506	+0.546	+0.507	+2.354	+3.061	+1.729	+0.513	+1.704	+1.693	+3.058	+0.556	+0.521	+1.690	+0.524	+0.524	+0.524	+0.527	+0.527	+0.529	+0.529	+0.532	+1.872	+0.562	+0.569	+0.708	+0.547	+0.603	+0.602	+0.701	+0.649	+0.607	+0.559	+0.611	+0.560	+2.648	+0.632	+3.306	+1.900	+0.615	+0.685	+0.849	+0.800	+0.650	+0.767	+0.660	+0.657	+3.557	+0.663	+0.666	+0.717	+0.672	+0.915	
rs352993       +0.803	-0.934	-0.930	-0.930	-0.931	-0.936	-0.961	-0.557	-0.095	-0.963	-0.969	-0.770	-0.767	-0.765	-0.312	-0.907	-0.935	-0.962	-0.825	-1.011	-0.761	-0.757	-0.762	-0.755	-0.852	-0.845	-1.011	-0.222	-0.930	-1.010	-0.620	+0.118	-0.934	+0.122	-0.681	+0.112	-0.758	-0.929	-0.580	-0.692	-0.488	-0.380	-0.359	-0.499	-0.755	-0.376	-0.341	-0.186	-0.484	-0.384	-0.431	-0.428	-0.365	-0.457	-0.451	-0.562	-0.404	-0.409	-0.563	-0.562	-0.492	-0.524	-0.502	-0.502	-0.410	-0.508	-0.504	-0.540	-0.505	-0.604	-0.493	-0.499	-0.508	-0.596	-0.513	-0.494	-0.494	-0.487	-0.889	+2.440	+2.437	+1.175	+1.227	+1.227	+3.221	+1.226	+1.226	+3.220	+1.182	+3.218	+1.214	-0.854	+1.237	+1.223	+1.236	+3.296	+1.212	+3.345	+1.144	+3.371	+3.345	+1.138	+3.337	-0.839	+3.318	+3.318	+3.312	+3.308	+3.306	+3.305	+1.167	+3.255	+3.203	+3.217	+3.210	+0.791	+0.792	+0.792	+0.792	+0.798	+0.793	+0.841	+0.793	+2.379	+3.140	+1.848	+0.799	+1.818	+1.807	+3.128	+0.852	+0.808	+1.803	+0.812	+0.812	+0.812	+0.815	+0.815	+0.817	+0.818	+0.820	+1.980	+0.830	+0.838	+1.009	+0.810	+0.876	+0.875	+0.993	+0.930	+0.880	+0.821	+0.884	+0.825	+2.652	+0.907	+3.362	+2.009	+0.889	+0.968	+1.167	+1.112	+0.930	+1.084	+0.942	+0.937	+3.617	+0.945	+0.949	+1.010	+0.954	+0.943	
rs6721469      +2.224	+0.091	+0.101	+0.101	+0.102	+0.128	+0.191	-0.012	+0.909	+0.122	+0.025	+0.208	+0.021	+0.212	+0.429	+0.059	+0.082	+0.015	+0.850	+0.315	+0.108	+0.101	+0.108	+0.099	+0.008	+0.011	+0.313	+0.545	+0.090	+0.325	+0.118	+0.414	+0.095	+0.328	+0.086	+0.319	+0.121	+0.088	+0.081	+0.082	+0.695	+0.826	+0.847	+0.207	-0.017	+0.829	+0.866	+1.043	+0.213	+0.822	+0.254	+0.256	+0.843	+0.237	+0.754	+0.170	+0.805	+0.800	+0.170	+0.170	+0.215	+0.194	+0.208	+0.208	+0.283	+0.204	+0.207	+0.183	+0.206	+0.144	+0.213	+0.210	+0.205	+0.150	+0.222	+0.214	+0.214	+0.221	+0.125	+2.836	+2.834	+2.652	+2.643	+2.644	+4.118	+2.643	+2.643	+4.118	+2.593	+4.116	+2.629	+0.183	+2.654	+2.639	+2.653	+4.194	+2.627	+4.243	+2.555	+4.270	+4.245	+2.548	+4.238	+0.202	+4.219	+4.220	+4.213	+4.209	+4.207	+4.206	+2.581	+4.157	+4.106	+4.121	+4.114	+2.076	+2.078	+2.079	+2.078	+2.085	+2.079	+2.131	+2.080	+3.414	+4.034	+2.901	+2.088	+2.884	+2.872	+4.036	+2.145	+2.100	+2.869	+2.104	+2.104	+2.104	+2.108	+2.108	+2.110	+2.110	+2.114	+3.089	+2.176	+2.185	+2.372	+2.159	+2.229	+2.228	+2.355	+2.289	+2.234	+2.171	+2.239	+2.175	+3.746	+2.259	+4.314	+3.117	+2.245	+2.346	+2.561	+2.479	+2.288	+2.470	+2.300	+2.287	+4.569	+2.304	+2.308	+2.374	+2.313	+1.624	
