## Summary of overall evidence for association with region:
## log10(BF for region) = 2.07993
## p-value for region = NA

## BFs for choosing among multi-SNP models:
## log10(average 1-SNP BF) = 2.0913
## log10(average 2-SNP BF) = 2.05624

## Example posterior probabilities for multi-SNP models, based on default prior: [p(l) propto 0.5^l for l=1,2,...,L]
## posterior probability of 1-SNP = 0.684359
## posterior probability of 2-SNP = 0.315641

## log10(BF) for single SNP and pair of SNPs:
rs62263577     -0.403	+2.072	+1.667	+2.360	+0.193	+2.492	+2.486	+2.217	-0.643	+2.125	+2.247	+2.120	+2.099	+2.161	+2.118	+2.118	+2.243	+2.114	-0.373	+2.221	+2.176	+2.241	+0.008	+2.022	-0.349	-0.467	+2.060	-0.506	+2.011	+1.904	+1.899	+1.904	+1.884	+1.906	-0.607	+1.870	+1.907	+1.907	+1.941	+2.677	+1.980	+2.016	+1.931	+1.907	+1.933	+2.028	+1.933	+1.933	+1.922	-0.476	+1.428	+1.468	+2.016	+2.029	-0.606	+1.938	+1.922	+1.916	+1.906	+0.355	+2.048	+1.877	+1.944	+2.051	+1.761	+1.975	+1.937	+2.047	-0.476	+1.905	+1.854	+1.758	+1.932	+1.243	+1.939	+2.033	+0.308	+1.946	+1.940	+2.079	+1.915	+1.993	+1.946	+2.120	+2.038	+2.064	+2.015	+1.937	+1.609	+1.800	+1.920	+1.843	+1.811	+1.810	+1.934	+1.458	+1.818	+1.458	+1.818	+1.789	+1.818	+1.818	+1.912	+1.789	+1.819	+2.618	+1.727	+1.763	+1.436	+1.565	+0.425	+0.404	+0.380	+0.413	+0.449	+0.156	+0.156	+0.453	+0.455	+0.466	+0.380	+0.446	+0.467	+0.476	+0.490	+0.489	+0.206	+0.349	+0.241	+0.210	+0.239	+0.178	+0.239	+0.040	+0.242	-0.315	+0.236	+0.263	+0.236	+0.232	+0.232	+0.234	+0.315	+0.375	+0.232	-0.144	+0.501	+0.503	+0.159	+0.938	+0.977	+0.968	+0.963	+0.888	+0.888	+0.962	-0.164	-0.534	+0.974	+0.970	+0.947	+0.976	+0.788	+0.983	+0.988	+0.981	+0.973	+0.972	+0.972	+0.972	+0.074	+0.975	+0.908	
rs319695       +2.072	+2.405	+2.266	+2.525	+2.138	+2.615	+2.611	+2.444	+2.034	+2.391	+2.463	+2.388	+2.376	+2.412	+2.387	+2.387	+2.461	+2.385	+2.159	+2.448	+2.422	+2.460	+1.877	+2.339	+2.163	+2.018	+2.356	+2.024	+2.338	+2.295	+2.293	+2.295	+2.290	+2.296	+2.029	+2.279	+2.297	+2.297	+2.314	+2.772	+2.336	+2.355	+2.309	+2.297	+2.310	+2.361	+2.310	+2.310	+2.305	+2.019	+2.104	+2.117	+2.355	+2.362	+2.040	+2.313	+2.304	+2.302	+2.297	+2.045	+2.372	+2.283	+2.316	+2.374	+2.225	+2.334	+2.312	+2.372	+2.019	+2.296	+2.380	+2.233	+2.310	+2.048	+2.314	+2.364	+2.024	+2.320	+2.314	+2.391	+2.302	+2.345	+2.317	+2.413	+2.368	+2.382	+2.399	+2.357	+2.209	+2.285	+2.348	+2.306	+2.290	+2.289	+2.355	+2.309	+2.294	+2.296	+2.294	+2.280	+2.294	+2.294	+2.344	+2.280	+2.295	+2.892	+2.251	+2.268	+2.139	+2.202	+1.925	+2.045	+2.036	+1.923	+1.932	+1.886	+1.886	+1.933	+1.934	+1.937	+1.915	+1.930	+1.937	+1.940	+1.942	+1.942	+1.885	+1.920	+1.891	+1.889	+1.890	+1.888	+1.890	+1.867	+1.892	+2.201	+1.890	+1.895	+1.890	+1.890	+1.890	+1.890	+1.907	+1.924	+1.890	+2.340	+1.959	+1.959	+1.879	+2.439	+2.470	+2.464	+2.462	+2.413	+2.414	+2.462	+2.177	+1.810	+2.471	+2.468	+2.451	+2.473	+2.368	+2.473	+2.480	+2.477	+2.472	+2.472	+2.472	+2.471	+2.122	+2.474	+2.428	
rs319694       +1.667	+2.266	+1.988	+2.382	+1.814	+2.488	+2.484	+2.278	+1.626	+2.212	+2.302	+2.209	+2.195	+2.239	+2.208	+2.208	+2.300	+2.205	+1.768	+2.283	+2.251	+2.298	+1.527	+2.146	+1.773	+1.617	+2.168	+1.620	+2.143	+2.083	+2.080	+2.084	+2.075	+2.085	+1.624	+2.063	+2.085	+2.085	+2.106	+2.642	+2.133	+2.158	+2.101	+2.086	+2.102	+2.166	+2.102	+2.102	+2.095	+1.618	+1.830	+1.848	+2.157	+2.167	+1.634	+2.105	+2.095	+2.091	+2.086	+1.721	+2.179	+2.068	+2.110	+2.181	+1.996	+2.133	+2.104	+2.179	+1.618	+2.085	+2.153	+2.004	+2.102	+1.743	+2.106	+2.170	+1.697	+2.115	+2.107	+2.200	+2.091	+2.145	+2.111	+2.229	+2.174	+2.191	+2.193	+2.146	+1.962	+2.059	+2.134	+2.084	+2.065	+2.065	+2.143	+2.051	+2.069	+2.038	+2.070	+2.053	+2.069	+2.070	+2.131	+2.052	+2.070	+2.711	+2.017	+2.037	+1.874	+1.952	+1.582	+1.717	+1.707	+1.581	+1.593	+1.526	+1.526	+1.594	+1.595	+1.599	+1.569	+1.590	+1.600	+1.604	+1.607	+1.606	+1.524	+1.575	+1.532	+1.531	+1.532	+1.529	+1.532	+1.486	+1.534	+1.838	+1.531	+1.540	+1.531	+1.532	+1.532	+1.532	+1.557	+1.581	+1.532	+1.979	+1.629	+1.629	+1.512	+2.135	+2.167	+2.162	+2.160	+2.107	+2.108	+2.160	+1.792	+1.419	+2.168	+2.166	+2.147	+2.171	+2.058	+2.171	+2.177	+2.174	+2.170	+2.169	+2.169	+2.169	+1.732	+2.172	+2.123	
rs1061003      +2.360	+2.525	+2.382	+2.692	+2.255	+2.763	+2.758	+2.608	+2.328	+2.602	+2.608	+2.601	+2.599	+2.600	+2.601	+2.601	+2.606	+2.600	+2.427	+2.602	+2.589	+2.603	+2.109	+2.583	+2.430	+2.301	+2.604	+2.309	+2.558	+2.470	+2.470	+2.470	+2.466	+2.471	+2.320	+2.466	+2.471	+2.471	+2.475	+2.811	+2.481	+2.488	+2.473	+2.469	+2.473	+2.491	+2.473	+2.473	+2.471	+2.303	+2.503	+2.493	+2.488	+2.491	+2.330	+2.474	+2.471	+2.471	+2.468	+2.192	+2.496	+2.462	+2.474	+2.497	+2.447	+2.477	+2.474	+2.496	+2.303	+2.467	+2.522	+2.434	+2.472	+2.571	+2.473	+2.491	+2.178	+2.470	+2.473	+2.505	+2.469	+2.480	+2.474	+2.519	+2.493	+2.500	+2.476	+2.448	+2.357	+2.405	+2.442	+2.417	+2.408	+2.408	+2.447	+2.382	+2.410	+2.375	+2.410	+2.402	+2.410	+2.410	+2.440	+2.402	+2.410	+2.874	+2.387	+2.395	+2.333	+2.350	+2.189	+2.212	+2.206	+2.187	+2.187	+2.174	+2.174	+2.187	+2.187	+2.187	+2.187	+2.188	+2.186	+2.188	+2.189	+2.189	+2.191	+2.173	+2.190	+2.175	+2.190	+2.173	+2.190	+2.221	+2.187	+2.469	+2.189	+2.185	+2.189	+2.187	+2.187	+2.187	+2.180	+2.178	+2.187	+2.606	+2.184	+2.184	+2.191	+2.498	+2.523	+2.519	+2.518	+2.477	+2.478	+2.518	+2.453	+2.088	+2.524	+2.523	+2.508	+2.527	+2.442	+2.526	+2.534	+2.529	+2.526	+2.526	+2.526	+2.525	+2.386	+2.527	+2.489	
rs13066266     +0.193	+2.138	+1.814	+2.255	+0.480	+2.370	+2.364	+2.131	+0.165	+2.051	+2.158	+2.047	+2.029	+2.083	+2.045	+2.045	+2.155	+2.041	+0.266	+2.136	+2.097	+2.153	+0.173	+1.964	+0.281	+0.231	+1.995	+0.215	+1.960	+1.841	+1.836	+1.841	+1.824	+1.843	+0.195	+1.811	+1.843	+1.843	+1.872	+2.502	+1.899	+1.939	+1.864	+1.844	+1.866	+1.950	+1.866	+1.866	+1.857	+0.229	+1.444	+1.477	+1.939	+1.950	+0.184	+1.870	+1.856	+1.852	+1.843	+0.352	+1.967	+1.817	+1.876	+1.969	+1.724	+1.904	+1.869	+1.966	+0.229	+1.841	+1.883	+1.736	+1.864	+1.303	+1.870	+1.952	+0.326	+1.877	+1.871	+2.001	+1.848	+1.920	+1.877	+2.029	+1.959	+1.980	+1.913	+1.841	+1.592	+1.723	+1.827	+1.759	+1.732	+1.732	+1.838	+1.506	+1.738	+1.509	+1.739	+1.714	+1.738	+1.738	+1.820	+1.714	+1.739	+2.406	+1.661	+1.691	+1.421	+1.529	+0.689	+0.738	+0.720	+0.682	+0.708	+0.567	+0.567	+0.712	+0.713	+0.722	+0.657	+0.709	+0.723	+0.734	+0.743	+0.743	+0.530	+0.686	+0.554	+0.579	+0.553	+0.556	+0.553	+0.420	+0.556	+0.296	+0.550	+0.571	+0.550	+0.549	+0.549	+0.550	+0.611	+0.660	+0.548	+0.393	+0.769	+0.770	+0.498	+1.157	+1.190	+1.183	+1.179	+1.117	+1.117	+1.178	+1.076	+0.020	+1.188	+1.185	+1.165	+1.191	+1.053	+1.194	+1.201	+1.194	+1.188	+1.187	+1.187	+1.187	+0.566	+1.190	+1.133	
rs1684942      +2.492	+2.615	+2.488	+2.763	+2.370	+2.826	+2.824	+2.772	+2.461	+2.809	+2.722	+2.812	+2.817	+2.775	+2.812	+2.812	+2.722	+2.811	+2.554	+2.727	+2.729	+2.717	+2.237	+2.805	+2.557	+2.432	+2.862	+2.441	+2.739	+2.602	+2.603	+2.602	+2.597	+2.603	+2.452	+2.604	+2.603	+2.603	+2.601	+2.862	+2.598	+2.600	+2.600	+2.598	+2.599	+2.600	+2.599	+2.599	+2.599	+2.434	+2.714	+2.697	+2.599	+2.600	+2.463	+2.599	+2.599	+2.599	+2.598	+2.308	+2.603	+2.595	+2.598	+2.603	+2.593	+2.592	+2.599	+2.603	+2.434	+2.596	+2.612	+2.571	+2.597	+2.812	+2.597	+2.600	+2.296	+2.588	+2.597	+2.608	+2.596	+2.592	+2.597	+2.617	+2.600	+2.604	+2.568	+2.545	+2.471	+2.511	+2.540	+2.520	+2.513	+2.513	+2.544	+2.484	+2.515	+2.478	+2.515	+2.509	+2.515	+2.515	+2.538	+2.509	+2.515	+2.941	+2.498	+2.504	+2.459	+2.463	+2.322	+2.329	+2.324	+2.320	+2.318	+2.309	+2.309	+2.318	+2.318	+2.317	+2.321	+2.320	+2.316	+2.317	+2.318	+2.318	+2.330	+2.303	+2.328	+2.310	+2.328	+2.308	+2.328	+2.367	+2.324	+2.597	+2.328	+2.322	+2.328	+2.325	+2.325	+2.325	+2.314	+2.309	+2.325	+2.734	+2.309	+2.309	+2.332	+2.600	+2.624	+2.621	+2.619	+2.579	+2.580	+2.619	+2.577	+2.218	+2.625	+2.624	+2.609	+2.628	+2.546	+2.627	+2.634	+2.630	+2.627	+2.627	+2.627	+2.626	+2.512	+2.628	+2.591	
rs800762       +2.486	+2.611	+2.484	+2.758	+2.364	+2.824	+2.820	+2.764	+2.455	+2.800	+2.717	+2.803	+2.807	+2.767	+2.802	+2.803	+2.716	+2.802	+2.549	+2.722	+2.723	+2.712	+2.231	+2.796	+2.552	+2.426	+2.851	+2.435	+2.731	+2.596	+2.597	+2.596	+2.592	+2.597	+2.446	+2.598	+2.597	+2.597	+2.596	+2.859	+2.593	+2.594	+2.594	+2.592	+2.593	+2.595	+2.593	+2.593	+2.593	+2.428	+2.705	+2.688	+2.594	+2.595	+2.457	+2.593	+2.593	+2.593	+2.592	+2.302	+2.598	+2.589	+2.592	+2.599	+2.587	+2.587	+2.593	+2.598	+2.428	+2.590	+2.608	+2.565	+2.592	+2.803	+2.592	+2.595	+2.290	+2.583	+2.592	+2.603	+2.590	+2.587	+2.592	+2.612	+2.595	+2.599	+2.563	+2.540	+2.465	+2.506	+2.535	+2.515	+2.508	+2.508	+2.539	+2.479	+2.510	+2.473	+2.510	+2.504	+2.510	+2.510	+2.533	+2.504	+2.510	+2.937	+2.493	+2.499	+2.453	+2.457	+2.316	+2.323	+2.319	+2.314	+2.312	+2.303	+2.303	+2.312	+2.312	+2.311	+2.315	+2.314	+2.310	+2.311	+2.313	+2.313	+2.324	+2.297	+2.322	+2.304	+2.322	+2.302	+2.322	+2.361	+2.318	+2.591	+2.322	+2.316	+2.322	+2.319	+2.319	+2.319	+2.308	+2.303	+2.319	+2.728	+2.304	+2.304	+2.325	+2.595	+2.619	+2.616	+2.614	+2.575	+2.575	+2.614	+2.571	+2.212	+2.621	+2.619	+2.604	+2.623	+2.541	+2.622	+2.630	+2.625	+2.622	+2.622	+2.622	+2.622	+2.506	+2.624	+2.587	
rs777014       +2.217	+2.444	+2.278	+2.608	+2.131	+2.772	+2.764	+2.548	+2.184	+2.505	+2.539	+2.503	+2.496	+2.513	+2.503	+2.503	+2.537	+2.501	+2.293	+2.528	+2.505	+2.533	+1.975	+2.467	+2.297	+2.161	+2.494	+2.169	+2.443	+2.358	+2.357	+2.358	+2.352	+2.359	+2.177	+2.351	+2.359	+2.359	+2.367	+2.770	+2.377	+2.389	+2.364	+2.357	+2.364	+2.392	+2.364	+2.364	+2.361	+2.162	+2.344	+2.337	+2.388	+2.393	+2.187	+2.366	+2.361	+2.360	+2.357	+2.068	+2.400	+2.349	+2.367	+2.401	+2.323	+2.374	+2.365	+2.400	+2.162	+2.356	+2.423	+2.313	+2.364	+2.396	+2.366	+2.394	+2.054	+2.364	+2.366	+2.412	+2.359	+2.379	+2.367	+2.430	+2.396	+2.406	+2.382	+2.350	+2.243	+2.299	+2.343	+2.313	+2.302	+2.302	+2.349	+2.274	+2.305	+2.266	+2.305	+2.295	+2.305	+2.305	+2.341	+2.295	+2.305	+2.803	+2.276	+2.287	+2.209	+2.235	+2.053	+2.084	+2.079	+2.051	+2.052	+2.035	+2.035	+2.052	+2.052	+2.053	+2.050	+2.053	+2.052	+2.054	+2.055	+2.055	+2.050	+2.039	+2.049	+2.037	+2.049	+2.035	+2.049	+2.074	+2.047	+2.337	+2.049	+2.046	+2.049	+2.047	+2.047	+2.047	+2.043	+2.044	+2.047	+2.475	+2.053	+2.053	+2.050	+2.378	+2.404	+2.400	+2.398	+2.356	+2.357	+2.398	+2.325	+1.951	+2.405	+2.403	+2.388	+2.407	+2.320	+2.406	+2.414	+2.410	+2.406	+2.406	+2.406	+2.406	+2.252	+2.408	+2.369	
rs7638388      -0.643	+2.034	+1.626	+2.328	+0.165	+2.461	+2.455	+2.184	-0.458	+2.091	+2.214	+2.086	+2.065	+2.128	+2.085	+2.084	+2.210	+2.080	-0.423	+2.188	+2.143	+2.208	-0.029	+1.988	-0.398	-0.632	+2.026	-0.642	+1.976	+1.870	+1.865	+1.870	+1.850	+1.872	-0.584	+1.836	+1.873	+1.873	+1.906	+2.627	+1.927	+1.983	+1.897	+1.873	+1.900	+1.995	+1.900	+1.900	+1.889	-0.634	+1.390	+1.430	+1.983	+1.996	-0.600	+1.905	+1.888	+1.882	+1.872	+0.329	+2.015	+1.843	+1.910	+2.018	+1.726	+1.941	+1.903	+2.014	-0.634	+1.871	+1.808	+1.723	+1.898	+1.205	+1.906	+2.000	+0.282	+1.912	+1.906	+2.048	+1.882	+1.960	+1.913	+2.088	+2.005	+2.031	+1.989	+1.908	+1.580	+1.770	+1.891	+1.813	+1.781	+1.780	+1.905	+1.416	+1.788	+1.417	+1.789	+1.759	+1.788	+1.788	+1.883	+1.758	+1.789	+2.518	+1.696	+1.732	+1.401	+1.531	+0.377	+0.353	+0.329	+0.365	+0.401	+0.110	+0.110	+0.405	+0.408	+0.418	+0.332	+0.398	+0.419	+0.428	+0.442	+0.442	+0.158	+0.302	+0.193	+0.163	+0.191	+0.121	+0.191	-0.009	+0.194	-0.364	+0.188	+0.214	+0.188	+0.184	+0.184	+0.186	+0.267	+0.327	+0.183	-0.194	+0.454	+0.456	+0.111	+0.891	+0.929	+0.920	+0.915	+0.840	+0.841	+0.914	-0.203	-0.574	+0.926	+0.922	+0.899	+0.929	+0.740	+0.935	+0.940	+0.933	+0.925	+0.924	+0.924	+0.924	-0.231	+0.927	+0.860	
rs319682       +2.125	+2.391	+2.212	+2.602	+2.051	+2.809	+2.800	+2.505	+2.091	+2.454	+2.512	+2.446	+2.433	+2.469	+2.445	+2.445	+2.509	+2.442	+2.205	+2.497	+2.463	+2.504	+1.889	+2.391	+2.209	+2.070	+2.420	+2.078	+2.373	+2.289	+2.288	+2.290	+2.283	+2.290	+2.085	+2.279	+2.291	+2.291	+2.302	+2.752	+2.315	+2.330	+2.298	+2.290	+2.299	+2.335	+2.299	+2.299	+2.295	+2.072	+2.234	+2.231	+2.330	+2.335	+2.095	+2.300	+2.294	+2.293	+2.289	+1.988	+2.344	+2.279	+2.302	+2.345	+2.245	+2.312	+2.300	+2.343	+2.072	+2.288	+2.363	+2.237	+2.298	+2.269	+2.300	+2.336	+1.973	+2.300	+2.300	+2.358	+2.292	+2.319	+2.303	+2.379	+2.339	+2.351	+2.326	+2.291	+2.172	+2.234	+2.283	+2.250	+2.238	+2.238	+2.290	+2.206	+2.241	+2.198	+2.241	+2.230	+2.241	+2.241	+2.281	+2.230	+2.241	+2.759	+2.208	+2.220	+2.131	+2.164	+1.965	+2.004	+1.999	+1.963	+1.965	+1.945	+1.945	+1.965	+1.965	+1.966	+1.962	+1.966	+1.966	+1.968	+1.969	+1.969	+1.958	+1.952	+1.958	+1.947	+1.958	+1.945	+1.958	+1.977	+1.956	+2.249	+1.958	+1.956	+1.958	+1.956	+1.956	+1.956	+1.954	+1.956	+1.956	+2.387	+1.969	+1.969	+1.957	+2.306	+2.332	+2.328	+2.327	+2.284	+2.285	+2.327	+2.239	+1.862	+2.333	+2.332	+2.316	+2.336	+2.246	+2.335	+2.343	+2.339	+2.335	+2.335	+2.335	+2.334	+2.166	+2.336	+2.297	
rs319681       +2.247	+2.463	+2.302	+2.608	+2.158	+2.722	+2.717	+2.539	+2.214	+2.512	+2.579	+2.512	+2.513	+2.521	+2.511	+2.511	+2.574	+2.511	+2.322	+2.559	+2.540	+2.569	+2.004	+2.488	+2.326	+2.191	+2.505	+2.199	+2.463	+2.380	+2.379	+2.381	+2.376	+2.381	+2.207	+2.374	+2.381	+2.381	+2.388	+2.781	+2.398	+2.414	+2.386	+2.381	+2.386	+2.417	+2.386	+2.386	+2.383	+2.192	+2.371	+2.365	+2.412	+2.417	+2.217	+2.387	+2.383	+2.382	+2.380	+2.095	+2.424	+2.372	+2.389	+2.424	+2.361	+2.400	+2.387	+2.423	+2.192	+2.379	+2.445	+2.347	+2.385	+2.433	+2.387	+2.418	+2.081	+2.391	+2.387	+2.431	+2.380	+2.404	+2.389	+2.451	+2.420	+2.428	+2.402	+2.369	+2.267	+2.321	+2.363	+2.335	+2.324	+2.324	+2.368	+2.293	+2.327	+2.286	+2.327	+2.318	+2.327	+2.327	+2.360	+2.318	+2.327	+2.814	+2.300	+2.310	+2.236	+2.259	+2.083	+2.110	+2.105	+2.082	+2.082	+2.066	+2.066	+2.082	+2.082	+2.082	+2.080	+2.083	+2.081	+2.085	+2.085	+2.084	+2.086	+2.068	+2.081	+2.068	+2.081	+2.066	+2.081	+2.112	+2.082	+2.366	+2.081	+2.079	+2.081	+2.082	+2.082	+2.082	+2.075	+2.075	+2.082	+2.504	+2.082	+2.082	+2.085	+2.403	+2.424	+2.420	+2.418	+2.382	+2.383	+2.418	+2.354	+1.980	+2.425	+2.423	+2.414	+2.427	+2.341	+2.433	+2.435	+2.430	+2.426	+2.426	+2.426	+2.426	+2.283	+2.428	+2.396	
rs2631721      +2.120	+2.388	+2.209	+2.601	+2.047	+2.812	+2.803	+2.503	+2.086	+2.446	+2.512	+2.449	+2.431	+2.467	+2.443	+2.443	+2.509	+2.440	+2.201	+2.496	+2.461	+2.503	+1.885	+2.388	+2.205	+2.066	+2.417	+2.073	+2.370	+2.286	+2.285	+2.286	+2.280	+2.287	+2.080	+2.276	+2.287	+2.287	+2.298	+2.751	+2.312	+2.327	+2.295	+2.286	+2.295	+2.332	+2.295	+2.295	+2.292	+2.067	+2.229	+2.226	+2.327	+2.332	+2.090	+2.297	+2.291	+2.290	+2.286	+1.983	+2.341	+2.275	+2.299	+2.342	+2.241	+2.309	+2.297	+2.340	+2.067	+2.285	+2.360	+2.234	+2.294	+2.263	+2.297	+2.334	+1.969	+2.297	+2.297	+2.355	+2.288	+2.316	+2.300	+2.376	+2.337	+2.348	+2.323	+2.288	+2.168	+2.231	+2.280	+2.247	+2.234	+2.234	+2.287	+2.202	+2.237	+2.194	+2.238	+2.227	+2.237	+2.237	+2.278	+2.227	+2.238	+2.757	+2.205	+2.217	+2.127	+2.161	+1.961	+2.000	+1.995	+1.959	+1.961	+1.940	+1.940	+1.961	+1.961	+1.962	+1.957	+1.961	+1.961	+1.963	+1.965	+1.965	+1.953	+1.947	+1.953	+1.942	+1.953	+1.940	+1.953	+1.973	+1.951	+2.244	+1.953	+1.951	+1.953	+1.951	+1.951	+1.951	+1.950	+1.952	+1.951	+2.383	+1.965	+1.965	+1.952	+2.302	+2.329	+2.325	+2.323	+2.281	+2.281	+2.323	+2.235	+1.857	+2.330	+2.328	+2.313	+2.332	+2.243	+2.332	+2.339	+2.335	+2.331	+2.331	+2.331	+2.331	+2.161	+2.333	+2.293	
rs319692       +2.099	+2.376	+2.195	+2.599	+2.029	+2.817	+2.807	+2.496	+2.065	+2.433	+2.513	+2.431	+2.428	+2.457	+2.430	+2.430	+2.510	+2.428	+2.181	+2.496	+2.457	+2.503	+1.865	+2.375	+2.185	+2.045	+2.401	+2.052	+2.355	+2.271	+2.270	+2.271	+2.265	+2.272	+2.059	+2.260	+2.272	+2.272	+2.284	+2.749	+2.299	+2.315	+2.280	+2.272	+2.281	+2.320	+2.281	+2.281	+2.277	+2.046	+2.203	+2.201	+2.315	+2.320	+2.069	+2.283	+2.277	+2.275	+2.272	+1.966	+2.329	+2.261	+2.286	+2.331	+2.225	+2.296	+2.282	+2.329	+2.046	+2.271	+2.347	+2.218	+2.280	+2.237	+2.283	+2.322	+1.951	+2.284	+2.283	+2.343	+2.274	+2.304	+2.286	+2.366	+2.325	+2.337	+2.311	+2.275	+2.153	+2.217	+2.267	+2.233	+2.220	+2.220	+2.274	+2.187	+2.224	+2.179	+2.224	+2.212	+2.224	+2.224	+2.264	+2.212	+2.224	+2.748	+2.190	+2.203	+2.110	+2.145	+1.941	+1.982	+1.976	+1.939	+1.941	+1.920	+1.920	+1.941	+1.941	+1.942	+1.937	+1.942	+1.942	+1.944	+1.945	+1.945	+1.933	+1.928	+1.933	+1.922	+1.933	+1.920	+1.933	+1.951	+1.931	+2.224	+1.932	+1.931	+1.932	+1.931	+1.931	+1.931	+1.930	+1.932	+1.931	+2.362	+1.946	+1.946	+1.932	+2.286	+2.312	+2.308	+2.306	+2.264	+2.264	+2.306	+2.216	+1.837	+2.313	+2.311	+2.296	+2.315	+2.226	+2.315	+2.323	+2.318	+2.314	+2.314	+2.314	+2.314	+2.142	+2.316	+2.277	
rs319689       +2.161	+2.412	+2.239	+2.600	+2.083	+2.775	+2.767	+2.513	+2.128	+2.469	+2.521	+2.467	+2.457	+2.492	+2.467	+2.467	+2.519	+2.464	+2.240	+2.507	+2.478	+2.514	+1.923	+2.421	+2.244	+2.107	+2.449	+2.114	+2.400	+2.316	+2.315	+2.316	+2.310	+2.317	+2.122	+2.307	+2.318	+2.318	+2.327	+2.758	+2.339	+2.353	+2.324	+2.316	+2.324	+2.357	+2.324	+2.324	+2.321	+2.108	+2.278	+2.274	+2.352	+2.358	+2.132	+2.326	+2.321	+2.319	+2.316	+2.019	+2.366	+2.306	+2.328	+2.367	+2.276	+2.336	+2.325	+2.365	+2.108	+2.315	+2.386	+2.267	+2.323	+2.320	+2.326	+2.359	+2.005	+2.325	+2.326	+2.379	+2.318	+2.343	+2.328	+2.398	+2.362	+2.372	+2.348	+2.314	+2.200	+2.260	+2.307	+2.275	+2.263	+2.263	+2.313	+2.232	+2.266	+2.225	+2.266	+2.256	+2.266	+2.266	+2.304	+2.255	+2.266	+2.776	+2.235	+2.246	+2.162	+2.192	+2.001	+2.036	+2.031	+1.999	+2.000	+1.981	+1.981	+2.000	+2.000	+2.001	+1.997	+2.001	+2.000	+2.002	+2.004	+2.004	+1.995	+1.987	+1.995	+1.983	+1.995	+1.981	+1.995	+2.017	+1.993	+2.284	+1.995	+1.992	+1.995	+1.993	+1.993	+1.993	+1.990	+1.991	+1.993	+2.422	+2.002	+2.003	+1.995	+2.335	+2.361	+2.357	+2.355	+2.313	+2.314	+2.355	+2.274	+1.897	+2.362	+2.360	+2.345	+2.364	+2.276	+2.364	+2.371	+2.367	+2.363	+2.363	+2.363	+2.363	+2.201	+2.365	+2.326	
rs319688       +2.118	+2.387	+2.208	+2.601	+2.045	+2.812	+2.802	+2.503	+2.085	+2.445	+2.511	+2.443	+2.430	+2.467	+2.448	+2.442	+2.508	+2.439	+2.199	+2.495	+2.461	+2.503	+1.883	+2.387	+2.203	+2.064	+2.416	+2.071	+2.369	+2.285	+2.284	+2.285	+2.278	+2.286	+2.078	+2.274	+2.286	+2.286	+2.297	+2.751	+2.311	+2.326	+2.294	+2.285	+2.294	+2.331	+2.294	+2.294	+2.290	+2.065	+2.227	+2.224	+2.326	+2.331	+2.088	+2.296	+2.290	+2.288	+2.285	+1.982	+2.340	+2.274	+2.298	+2.341	+2.240	+2.308	+2.296	+2.340	+2.065	+2.284	+2.358	+2.232	+2.293	+2.260	+2.296	+2.333	+1.967	+2.296	+2.296	+2.354	+2.287	+2.315	+2.299	+2.375	+2.336	+2.347	+2.322	+2.287	+2.167	+2.230	+2.279	+2.246	+2.233	+2.233	+2.286	+2.201	+2.236	+2.193	+2.236	+2.226	+2.236	+2.236	+2.277	+2.225	+2.237	+2.757	+2.204	+2.216	+2.126	+2.159	+1.959	+1.999	+1.993	+1.957	+1.959	+1.939	+1.939	+1.959	+1.960	+1.960	+1.955	+1.960	+1.960	+1.962	+1.963	+1.963	+1.952	+1.946	+1.952	+1.941	+1.952	+1.939	+1.952	+1.971	+1.950	+2.243	+1.951	+1.949	+1.951	+1.950	+1.950	+1.950	+1.948	+1.951	+1.950	+2.381	+1.963	+1.963	+1.951	+2.301	+2.327	+2.323	+2.322	+2.279	+2.280	+2.322	+2.233	+1.855	+2.328	+2.327	+2.311	+2.331	+2.241	+2.330	+2.338	+2.334	+2.330	+2.330	+2.329	+2.329	+2.160	+2.331	+2.292	
rs74424239     +2.118	+2.387	+2.208	+2.601	+2.045	+2.812	+2.803	+2.503	+2.084	+2.445	+2.511	+2.443	+2.430	+2.467	+2.442	+2.448	+2.508	+2.439	+2.199	+2.495	+2.461	+2.503	+1.883	+2.387	+2.203	+2.064	+2.415	+2.071	+2.368	+2.285	+2.283	+2.285	+2.278	+2.286	+2.078	+2.274	+2.286	+2.286	+2.297	+2.751	+2.311	+2.326	+2.294	+2.285	+2.294	+2.331	+2.294	+2.294	+2.290	+2.065	+2.227	+2.224	+2.326	+2.331	+2.088	+2.296	+2.290	+2.288	+2.285	+1.982	+2.340	+2.274	+2.298	+2.341	+2.240	+2.308	+2.295	+2.339	+2.065	+2.284	+2.358	+2.232	+2.293	+2.260	+2.296	+2.333	+1.967	+2.296	+2.296	+2.354	+2.287	+2.315	+2.298	+2.375	+2.336	+2.347	+2.322	+2.287	+2.167	+2.230	+2.279	+2.246	+2.233	+2.233	+2.286	+2.201	+2.236	+2.193	+2.236	+2.225	+2.236	+2.236	+2.276	+2.225	+2.236	+2.756	+2.204	+2.216	+2.126	+2.159	+1.959	+1.999	+1.993	+1.957	+1.959	+1.939	+1.939	+1.959	+1.959	+1.960	+1.955	+1.960	+1.960	+1.961	+1.963	+1.963	+1.951	+1.946	+1.951	+1.940	+1.951	+1.939	+1.951	+1.971	+1.950	+2.243	+1.951	+1.949	+1.951	+1.950	+1.950	+1.950	+1.948	+1.950	+1.950	+2.381	+1.963	+1.963	+1.950	+2.301	+2.327	+2.323	+2.321	+2.279	+2.280	+2.321	+2.233	+1.855	+2.328	+2.327	+2.311	+2.330	+2.241	+2.330	+2.338	+2.333	+2.330	+2.329	+2.329	+2.329	+2.160	+2.331	+2.292	
rs777017       +2.243	+2.461	+2.300	+2.606	+2.155	+2.722	+2.716	+2.537	+2.210	+2.509	+2.574	+2.509	+2.510	+2.519	+2.508	+2.508	+2.575	+2.509	+2.319	+2.557	+2.538	+2.568	+2.001	+2.485	+2.323	+2.188	+2.502	+2.195	+2.460	+2.377	+2.377	+2.378	+2.373	+2.378	+2.203	+2.371	+2.378	+2.378	+2.386	+2.780	+2.395	+2.411	+2.383	+2.378	+2.383	+2.415	+2.383	+2.383	+2.381	+2.189	+2.367	+2.361	+2.410	+2.415	+2.213	+2.385	+2.381	+2.379	+2.378	+2.092	+2.421	+2.369	+2.387	+2.422	+2.358	+2.398	+2.384	+2.421	+2.189	+2.377	+2.443	+2.344	+2.382	+2.429	+2.384	+2.416	+2.078	+2.389	+2.384	+2.428	+2.378	+2.402	+2.386	+2.448	+2.418	+2.426	+2.400	+2.367	+2.264	+2.319	+2.360	+2.333	+2.322	+2.322	+2.365	+2.290	+2.324	+2.283	+2.325	+2.315	+2.325	+2.325	+2.357	+2.315	+2.325	+2.812	+2.297	+2.307	+2.233	+2.257	+2.080	+2.107	+2.101	+2.078	+2.078	+2.062	+2.062	+2.078	+2.078	+2.078	+2.077	+2.079	+2.078	+2.081	+2.081	+2.081	+2.082	+2.065	+2.077	+2.064	+2.077	+2.062	+2.077	+2.108	+2.078	+2.363	+2.077	+2.076	+2.077	+2.079	+2.079	+2.078	+2.072	+2.071	+2.078	+2.500	+2.078	+2.079	+2.082	+2.400	+2.421	+2.417	+2.415	+2.380	+2.380	+2.415	+2.350	+1.977	+2.422	+2.420	+2.411	+2.424	+2.338	+2.430	+2.432	+2.428	+2.423	+2.423	+2.423	+2.423	+2.279	+2.425	+2.393	
rs319686       +2.114	+2.385	+2.205	+2.600	+2.041	+2.811	+2.802	+2.501	+2.080	+2.442	+2.511	+2.440	+2.428	+2.464	+2.439	+2.439	+2.509	+2.443	+2.195	+2.496	+2.460	+2.503	+1.879	+2.384	+2.199	+2.060	+2.412	+2.067	+2.366	+2.282	+2.280	+2.282	+2.275	+2.283	+2.074	+2.271	+2.283	+2.283	+2.294	+2.751	+2.308	+2.323	+2.291	+2.282	+2.291	+2.328	+2.291	+2.291	+2.287	+2.061	+2.222	+2.219	+2.323	+2.329	+2.084	+2.293	+2.287	+2.285	+2.282	+1.978	+2.337	+2.271	+2.295	+2.339	+2.237	+2.305	+2.293	+2.337	+2.061	+2.281	+2.356	+2.229	+2.290	+2.255	+2.293	+2.330	+1.963	+2.293	+2.293	+2.351	+2.284	+2.313	+2.296	+2.373	+2.333	+2.345	+2.319	+2.284	+2.164	+2.227	+2.276	+2.243	+2.230	+2.230	+2.283	+2.198	+2.233	+2.190	+2.233	+2.222	+2.233	+2.233	+2.274	+2.222	+2.234	+2.754	+2.201	+2.213	+2.122	+2.156	+1.955	+1.995	+1.989	+1.953	+1.955	+1.934	+1.934	+1.955	+1.955	+1.956	+1.951	+1.956	+1.956	+1.957	+1.959	+1.959	+1.947	+1.942	+1.947	+1.936	+1.947	+1.935	+1.947	+1.966	+1.945	+2.239	+1.947	+1.945	+1.947	+1.945	+1.945	+1.945	+1.944	+1.946	+1.945	+2.377	+1.959	+1.959	+1.946	+2.297	+2.324	+2.319	+2.318	+2.275	+2.276	+2.318	+2.229	+1.851	+2.325	+2.323	+2.307	+2.327	+2.237	+2.327	+2.334	+2.330	+2.326	+2.326	+2.326	+2.326	+2.155	+2.328	+2.288	
rs73087122     -0.373	+2.159	+1.768	+2.427	+0.266	+2.554	+2.549	+2.293	-0.423	+2.205	+2.322	+2.201	+2.181	+2.240	+2.199	+2.199	+2.319	+2.195	-0.048	+2.298	+2.255	+2.317	+0.085	+2.109	-0.128	-0.362	+2.143	-0.370	+2.103	+1.985	+1.980	+1.986	+1.967	+1.987	-0.400	+1.953	+1.988	+1.988	+2.020	+2.710	+2.054	+2.093	+2.011	+1.989	+2.014	+2.105	+2.014	+2.014	+2.003	-0.363	+1.536	+1.574	+2.093	+2.106	-0.403	+2.018	+2.003	+1.997	+1.988	+0.368	+2.124	+1.960	+2.024	+2.126	+1.849	+2.054	+2.017	+2.123	-0.363	+1.986	+1.982	+1.848	+2.012	+1.363	+2.019	+2.108	+0.330	+2.025	+2.019	+2.150	+1.995	+2.071	+2.026	+2.193	+2.115	+2.139	+2.072	+2.000	+1.689	+1.870	+1.984	+1.910	+1.880	+1.880	+1.997	+1.578	+1.887	+1.578	+1.887	+1.859	+1.887	+1.887	+1.977	+1.859	+1.887	+2.618	+1.801	+1.834	+1.524	+1.646	+0.590	+0.593	+0.571	+0.580	+0.613	+0.344	+0.344	+0.617	+0.619	+0.629	+0.550	+0.612	+0.631	+0.641	+0.653	+0.653	+0.386	+0.514	+0.418	+0.384	+0.417	+0.362	+0.416	+0.230	+0.420	-0.124	+0.414	+0.439	+0.413	+0.411	+0.411	+0.412	+0.489	+0.546	+0.410	+0.049	+0.663	+0.664	+0.341	+1.105	+1.142	+1.133	+1.129	+1.057	+1.057	+1.128	+0.293	-0.383	+1.139	+1.136	+1.113	+1.142	+0.958	+1.147	+1.153	+1.146	+1.139	+1.138	+1.138	+1.138	-0.007	+1.140	+1.076	
rs184388       +2.221	+2.448	+2.283	+2.602	+2.136	+2.727	+2.722	+2.528	+2.188	+2.497	+2.559	+2.496	+2.496	+2.507	+2.495	+2.495	+2.557	+2.496	+2.298	+2.553	+2.527	+2.553	+1.980	+2.469	+2.301	+2.166	+2.488	+2.173	+2.444	+2.360	+2.360	+2.361	+2.356	+2.361	+2.181	+2.353	+2.362	+2.362	+2.370	+2.774	+2.380	+2.395	+2.367	+2.361	+2.367	+2.399	+2.367	+2.367	+2.364	+2.167	+2.344	+2.338	+2.395	+2.399	+2.192	+2.369	+2.364	+2.363	+2.361	+2.073	+2.406	+2.352	+2.371	+2.407	+2.336	+2.381	+2.368	+2.405	+2.167	+2.360	+2.427	+2.323	+2.366	+2.402	+2.368	+2.400	+2.059	+2.371	+2.368	+2.415	+2.361	+2.385	+2.370	+2.434	+2.402	+2.411	+2.385	+2.352	+2.247	+2.303	+2.345	+2.317	+2.306	+2.306	+2.351	+2.274	+2.308	+2.267	+2.309	+2.299	+2.308	+2.309	+2.343	+2.299	+2.309	+2.802	+2.280	+2.291	+2.214	+2.239	+2.058	+2.088	+2.083	+2.057	+2.057	+2.040	+2.040	+2.057	+2.057	+2.057	+2.055	+2.058	+2.057	+2.060	+2.060	+2.060	+2.059	+2.044	+2.055	+2.042	+2.055	+2.040	+2.055	+2.084	+2.055	+2.341	+2.055	+2.054	+2.055	+2.056	+2.056	+2.055	+2.050	+2.050	+2.055	+2.479	+2.058	+2.058	+2.058	+2.384	+2.405	+2.401	+2.399	+2.363	+2.364	+2.399	+2.330	+1.955	+2.406	+2.404	+2.394	+2.408	+2.321	+2.413	+2.415	+2.411	+2.407	+2.407	+2.407	+2.407	+2.258	+2.409	+2.376	
rs71323371     +2.176	+2.422	+2.251	+2.589	+2.097	+2.729	+2.723	+2.505	+2.143	+2.463	+2.540	+2.461	+2.457	+2.478	+2.461	+2.461	+2.538	+2.460	+2.255	+2.527	+2.508	+2.533	+1.938	+2.425	+2.259	+2.122	+2.444	+2.129	+2.405	+2.325	+2.324	+2.326	+2.321	+2.326	+2.137	+2.317	+2.327	+2.327	+2.336	+2.764	+2.348	+2.365	+2.333	+2.326	+2.334	+2.369	+2.334	+2.334	+2.330	+2.123	+2.286	+2.282	+2.364	+2.369	+2.147	+2.335	+2.330	+2.328	+2.326	+2.034	+2.377	+2.316	+2.338	+2.378	+2.294	+2.349	+2.335	+2.376	+2.123	+2.325	+2.399	+2.283	+2.333	+2.333	+2.335	+2.370	+2.019	+2.338	+2.335	+2.387	+2.327	+2.354	+2.337	+2.408	+2.373	+2.383	+2.358	+2.323	+2.212	+2.271	+2.316	+2.286	+2.274	+2.274	+2.322	+2.242	+2.277	+2.234	+2.277	+2.267	+2.277	+2.277	+2.313	+2.267	+2.277	+2.781	+2.247	+2.258	+2.175	+2.204	+2.015	+2.049	+2.044	+2.013	+2.014	+1.996	+1.996	+2.014	+2.015	+2.015	+2.011	+2.015	+2.015	+2.017	+2.018	+2.018	+2.013	+2.001	+2.010	+1.998	+2.010	+1.996	+2.010	+2.036	+2.010	+2.299	+2.009	+2.009	+2.009	+2.010	+2.010	+2.010	+2.006	+2.007	+2.010	+2.437	+2.017	+2.017	+2.012	+2.349	+2.371	+2.366	+2.365	+2.328	+2.329	+2.365	+2.289	+1.912	+2.372	+2.370	+2.360	+2.374	+2.286	+2.379	+2.381	+2.377	+2.373	+2.373	+2.373	+2.373	+2.216	+2.375	+2.341	
rs1060407      +2.241	+2.460	+2.298	+2.603	+2.153	+2.717	+2.712	+2.533	+2.208	+2.504	+2.569	+2.503	+2.503	+2.514	+2.503	+2.503	+2.568	+2.503	+2.317	+2.553	+2.533	+2.573	+1.999	+2.482	+2.321	+2.185	+2.499	+2.193	+2.458	+2.375	+2.375	+2.376	+2.371	+2.376	+2.201	+2.369	+2.376	+2.376	+2.384	+2.779	+2.393	+2.410	+2.381	+2.376	+2.381	+2.413	+2.382	+2.382	+2.379	+2.187	+2.364	+2.358	+2.408	+2.413	+2.211	+2.383	+2.379	+2.377	+2.376	+2.090	+2.420	+2.367	+2.385	+2.421	+2.356	+2.396	+2.382	+2.419	+2.187	+2.375	+2.441	+2.342	+2.381	+2.425	+2.382	+2.414	+2.076	+2.387	+2.383	+2.427	+2.376	+2.400	+2.384	+2.447	+2.416	+2.424	+2.398	+2.365	+2.262	+2.317	+2.359	+2.331	+2.320	+2.320	+2.364	+2.288	+2.323	+2.281	+2.323	+2.314	+2.323	+2.323	+2.356	+2.313	+2.323	+2.811	+2.295	+2.305	+2.231	+2.255	+2.077	+2.105	+2.100	+2.076	+2.076	+2.060	+2.060	+2.076	+2.076	+2.076	+2.074	+2.077	+2.076	+2.079	+2.079	+2.079	+2.079	+2.063	+2.075	+2.062	+2.075	+2.060	+2.075	+2.105	+2.076	+2.360	+2.074	+2.073	+2.074	+2.076	+2.076	+2.076	+2.069	+2.069	+2.075	+2.498	+2.076	+2.076	+2.079	+2.399	+2.421	+2.416	+2.415	+2.379	+2.379	+2.415	+2.350	+1.975	+2.422	+2.420	+2.410	+2.423	+2.337	+2.429	+2.431	+2.427	+2.423	+2.422	+2.422	+2.422	+2.277	+2.425	+2.392	
rs12631365     +0.008	+1.877	+1.527	+2.109	+0.173	+2.237	+2.231	+1.975	-0.029	+1.889	+2.004	+1.885	+1.865	+1.923	+1.883	+1.883	+2.001	+1.879	+0.085	+1.980	+1.938	+1.999	+0.241	+1.794	+0.107	-0.039	+1.828	-0.033	+1.785	+1.678	+1.674	+1.679	+1.660	+1.680	-0.032	+1.646	+1.681	+1.681	+1.712	+2.411	+1.748	+1.784	+1.704	+1.682	+1.706	+1.795	+1.706	+1.706	+1.696	-0.038	+1.247	+1.283	+1.784	+1.796	-0.014	+1.711	+1.695	+1.690	+1.681	+0.314	+1.814	+1.653	+1.717	+1.817	+1.546	+1.746	+1.709	+1.813	-0.038	+1.679	+1.672	+1.545	+1.704	+1.084	+1.711	+1.799	+0.265	+1.718	+1.712	+1.842	+1.688	+1.763	+1.718	+1.882	+1.805	+1.828	+1.774	+1.702	+1.393	+1.573	+1.686	+1.613	+1.583	+1.582	+1.699	+1.292	+1.589	+1.293	+1.589	+1.562	+1.589	+1.589	+1.678	+1.562	+1.590	+2.333	+1.504	+1.537	+1.237	+1.354	+0.440	+0.482	+0.465	+0.433	+0.460	+0.275	+0.275	+0.463	+0.465	+0.473	+0.407	+0.460	+0.474	+0.485	+0.494	+0.494	+0.281	+0.413	+0.305	+0.307	+0.304	+0.297	+0.304	+0.167	+0.307	+0.126	+0.302	+0.322	+0.301	+0.300	+0.300	+0.301	+0.362	+0.413	+0.300	+0.241	+0.515	+0.517	+0.248	+0.905	+0.939	+0.931	+0.927	+0.864	+0.865	+0.927	+1.155	-0.152	+0.937	+0.934	+0.913	+0.939	+0.791	+0.943	+0.950	+0.943	+0.937	+0.936	+0.936	+0.936	+0.047	+0.938	+0.881	
rs6783629      +2.022	+2.339	+2.146	+2.583	+1.964	+2.805	+2.796	+2.467	+1.988	+2.391	+2.488	+2.388	+2.375	+2.421	+2.387	+2.387	+2.485	+2.384	+2.109	+2.469	+2.425	+2.482	+1.794	+2.352	+2.113	+1.970	+2.349	+1.977	+2.304	+2.220	+2.218	+2.220	+2.213	+2.221	+1.983	+2.206	+2.221	+2.221	+2.236	+2.739	+2.253	+2.272	+2.231	+2.221	+2.232	+2.278	+2.232	+2.232	+2.228	+1.971	+2.113	+2.115	+2.272	+2.278	+1.993	+2.235	+2.227	+2.225	+2.221	+1.901	+2.288	+2.208	+2.238	+2.290	+2.165	+2.251	+2.234	+2.288	+1.971	+2.220	+2.303	+2.160	+2.231	+2.127	+2.235	+2.280	+1.885	+2.237	+2.235	+2.304	+2.224	+2.260	+2.238	+2.329	+2.283	+2.297	+2.270	+2.232	+2.098	+2.168	+2.223	+2.186	+2.172	+2.172	+2.230	+2.131	+2.176	+2.127	+2.176	+2.163	+2.176	+2.176	+2.220	+2.163	+2.176	+2.718	+2.138	+2.152	+2.049	+2.090	+1.869	+1.918	+1.912	+1.867	+1.870	+1.845	+1.845	+1.870	+1.870	+1.872	+1.864	+1.870	+1.871	+1.873	+1.875	+1.875	+1.856	+1.857	+1.856	+1.847	+1.856	+1.846	+1.856	+1.869	+1.855	+2.153	+1.856	+1.855	+1.856	+1.855	+1.855	+1.855	+1.856	+1.861	+1.855	+2.291	+1.878	+1.878	+1.854	+2.224	+2.251	+2.246	+2.245	+2.202	+2.203	+2.245	+2.150	+1.764	+2.252	+2.250	+2.235	+2.254	+2.163	+2.254	+2.262	+2.257	+2.253	+2.253	+2.253	+2.253	+2.071	+2.255	+2.215	
rs73087134     -0.349	+2.163	+1.773	+2.430	+0.281	+2.557	+2.552	+2.297	-0.398	+2.209	+2.326	+2.205	+2.185	+2.244	+2.203	+2.203	+2.323	+2.199	-0.128	+2.301	+2.259	+2.321	+0.107	+2.113	-0.022	-0.336	+2.148	-0.345	+2.108	+1.989	+1.984	+1.989	+1.971	+1.991	-0.375	+1.957	+1.992	+1.992	+2.023	+2.711	+2.057	+2.097	+2.015	+1.993	+2.017	+2.108	+2.017	+2.017	+2.007	-0.338	+1.542	+1.579	+2.096	+2.109	-0.378	+2.022	+2.006	+2.001	+1.992	+0.388	+2.127	+1.964	+2.028	+2.130	+1.853	+2.058	+2.021	+2.126	-0.338	+1.990	+1.986	+1.853	+2.015	+1.369	+2.022	+2.112	+0.350	+2.029	+2.023	+2.154	+1.999	+2.075	+2.029	+2.196	+2.118	+2.142	+2.074	+2.004	+1.692	+1.874	+1.988	+1.914	+1.884	+1.883	+2.000	+1.585	+1.890	+1.584	+1.891	+1.863	+1.890	+1.890	+1.980	+1.863	+1.891	+2.615	+1.804	+1.838	+1.529	+1.650	+0.599	+0.604	+0.582	+0.589	+0.623	+0.354	+0.354	+0.627	+0.629	+0.639	+0.560	+0.621	+0.640	+0.650	+0.663	+0.662	+0.397	+0.523	+0.429	+0.395	+0.427	+0.372	+0.427	+0.242	+0.431	-0.123	+0.424	+0.449	+0.424	+0.422	+0.422	+0.423	+0.499	+0.556	+0.421	+0.025	+0.672	+0.673	+0.352	+1.114	+1.151	+1.143	+1.138	+1.066	+1.067	+1.137	+0.289	-0.362	+1.149	+1.145	+1.122	+1.151	+0.968	+1.156	+1.162	+1.156	+1.148	+1.147	+1.147	+1.147	+0.023	+1.150	+1.085	
rs62260760     -0.467	+2.018	+1.617	+2.301	+0.231	+2.432	+2.426	+2.161	-0.632	+2.070	+2.191	+2.066	+2.045	+2.107	+2.064	+2.064	+2.188	+2.060	-0.362	+2.166	+2.122	+2.185	-0.039	+1.970	-0.336	-0.397	+2.006	-0.515	+1.959	+1.851	+1.846	+1.851	+1.832	+1.853	-0.601	+1.817	+1.854	+1.854	+1.887	+2.611	+1.925	+1.962	+1.878	+1.855	+1.880	+1.974	+1.880	+1.880	+1.869	-0.508	+1.383	+1.422	+1.962	+1.975	-0.593	+1.885	+1.869	+1.863	+1.854	+0.293	+1.993	+1.825	+1.891	+1.996	+1.710	+1.922	+1.884	+1.992	-0.508	+1.852	+1.810	+1.707	+1.879	+1.198	+1.886	+1.978	+0.248	+1.893	+1.887	+2.024	+1.862	+1.940	+1.893	+2.065	+1.984	+2.009	+1.956	+1.880	+1.554	+1.745	+1.863	+1.787	+1.755	+1.755	+1.876	+1.414	+1.762	+1.414	+1.762	+1.734	+1.762	+1.762	+1.855	+1.733	+1.763	+2.546	+1.673	+1.707	+1.385	+1.512	+0.395	+0.379	+0.357	+0.384	+0.419	+0.126	+0.126	+0.423	+0.425	+0.436	+0.351	+0.416	+0.437	+0.446	+0.459	+0.459	+0.181	+0.319	+0.215	+0.183	+0.213	+0.151	+0.213	+0.017	+0.216	-0.301	+0.210	+0.236	+0.210	+0.207	+0.207	+0.208	+0.288	+0.348	+0.206	-0.129	+0.470	+0.471	+0.135	+0.906	+0.945	+0.935	+0.931	+0.857	+0.857	+0.930	-0.132	-0.565	+0.942	+0.938	+0.915	+0.944	+0.757	+0.950	+0.956	+0.949	+0.941	+0.940	+0.940	+0.940	-0.099	+0.943	+0.876	
rs9812875      +2.060	+2.356	+2.168	+2.604	+1.995	+2.862	+2.851	+2.494	+2.026	+2.420	+2.505	+2.417	+2.401	+2.449	+2.416	+2.415	+2.502	+2.412	+2.143	+2.488	+2.444	+2.499	+1.828	+2.349	+2.148	+2.006	+2.389	+2.014	+2.331	+2.245	+2.244	+2.245	+2.238	+2.246	+2.020	+2.233	+2.247	+2.247	+2.260	+2.745	+2.275	+2.292	+2.255	+2.246	+2.256	+2.298	+2.256	+2.256	+2.252	+2.008	+2.161	+2.161	+2.292	+2.298	+2.030	+2.258	+2.251	+2.249	+2.245	+1.932	+2.308	+2.233	+2.261	+2.309	+2.194	+2.273	+2.258	+2.307	+2.008	+2.244	+2.322	+2.188	+2.255	+2.184	+2.258	+2.300	+1.916	+2.260	+2.259	+2.323	+2.248	+2.281	+2.261	+2.346	+2.303	+2.316	+2.289	+2.252	+2.124	+2.191	+2.244	+2.208	+2.195	+2.195	+2.250	+2.159	+2.198	+2.151	+2.198	+2.186	+2.198	+2.198	+2.241	+2.186	+2.198	+2.730	+2.163	+2.176	+2.078	+2.116	+1.904	+1.948	+1.942	+1.902	+1.905	+1.882	+1.882	+1.905	+1.905	+1.906	+1.899	+1.905	+1.906	+1.907	+1.909	+1.909	+1.893	+1.891	+1.894	+1.884	+1.894	+1.882	+1.894	+1.909	+1.892	+2.187	+1.893	+1.892	+1.893	+1.892	+1.892	+1.892	+1.892	+1.896	+1.892	+2.326	+1.910	+1.911	+1.892	+2.256	+2.283	+2.278	+2.277	+2.234	+2.235	+2.277	+2.180	+1.799	+2.284	+2.282	+2.266	+2.286	+2.195	+2.286	+2.293	+2.289	+2.285	+2.285	+2.285	+2.285	+2.105	+2.287	+2.247	
rs62260762     -0.506	+2.024	+1.620	+2.309	+0.215	+2.441	+2.435	+2.169	-0.642	+2.078	+2.199	+2.073	+2.052	+2.114	+2.071	+2.071	+2.195	+2.067	-0.370	+2.173	+2.129	+2.193	-0.033	+1.977	-0.345	-0.515	+2.014	-0.404	+1.966	+1.858	+1.853	+1.858	+1.838	+1.860	-0.611	+1.824	+1.861	+1.861	+1.894	+2.621	+1.933	+1.969	+1.885	+1.861	+1.887	+1.981	+1.887	+1.887	+1.876	-0.517	+1.388	+1.427	+1.969	+1.982	-0.604	+1.892	+1.875	+1.870	+1.860	+0.303	+2.001	+1.832	+1.898	+2.003	+1.716	+1.929	+1.890	+2.000	-0.517	+1.859	+1.814	+1.713	+1.885	+1.203	+1.893	+1.985	+0.258	+1.900	+1.893	+2.031	+1.869	+1.947	+1.900	+2.072	+1.991	+2.016	+1.964	+1.888	+1.561	+1.752	+1.871	+1.795	+1.763	+1.762	+1.884	+1.419	+1.770	+1.419	+1.770	+1.741	+1.770	+1.770	+1.863	+1.741	+1.771	+2.558	+1.680	+1.715	+1.392	+1.519	+0.396	+0.379	+0.357	+0.385	+0.420	+0.128	+0.128	+0.424	+0.427	+0.437	+0.352	+0.418	+0.438	+0.447	+0.461	+0.460	+0.181	+0.320	+0.215	+0.184	+0.214	+0.152	+0.214	+0.017	+0.217	-0.311	+0.211	+0.237	+0.210	+0.207	+0.207	+0.209	+0.289	+0.349	+0.207	-0.140	+0.472	+0.473	+0.135	+0.908	+0.946	+0.937	+0.933	+0.859	+0.859	+0.932	-0.144	-0.564	+0.944	+0.940	+0.917	+0.946	+0.759	+0.952	+0.957	+0.951	+0.943	+0.942	+0.942	+0.942	-0.069	+0.945	+0.878	
rs140083943    +2.011	+2.338	+2.143	+2.558	+1.960	+2.739	+2.731	+2.443	+1.976	+2.373	+2.463	+2.370	+2.355	+2.400	+2.369	+2.368	+2.460	+2.366	+2.103	+2.444	+2.405	+2.458	+1.785	+2.304	+2.108	+1.959	+2.331	+1.966	+2.342	+2.212	+2.211	+2.213	+2.203	+2.214	+1.971	+2.198	+2.214	+2.214	+2.229	+2.732	+2.247	+2.266	+2.225	+2.214	+2.226	+2.272	+2.226	+2.226	+2.221	+1.961	+2.093	+2.097	+2.266	+2.273	+1.981	+2.228	+2.220	+2.218	+2.214	+1.896	+2.283	+2.200	+2.231	+2.285	+2.156	+2.245	+2.227	+2.282	+1.961	+2.213	+2.305	+2.151	+2.225	+2.098	+2.228	+2.275	+1.880	+2.231	+2.228	+2.299	+2.217	+2.254	+2.231	+2.324	+2.278	+2.292	+2.268	+2.229	+2.093	+2.164	+2.220	+2.182	+2.168	+2.168	+2.227	+2.119	+2.171	+2.111	+2.172	+2.159	+2.171	+2.172	+2.217	+2.159	+2.172	+2.719	+2.134	+2.148	+2.041	+2.085	+1.858	+1.903	+1.897	+1.856	+1.860	+1.833	+1.833	+1.860	+1.861	+1.862	+1.853	+1.860	+1.862	+1.864	+1.865	+1.865	+1.842	+1.847	+1.844	+1.835	+1.843	+1.834	+1.843	+1.852	+1.843	+2.152	+1.843	+1.843	+1.843	+1.842	+1.842	+1.842	+1.845	+1.851	+1.842	+2.294	+1.870	+1.870	+1.840	+2.210	+2.237	+2.233	+2.231	+2.188	+2.189	+2.231	+2.143	+1.753	+2.238	+2.236	+2.221	+2.240	+2.149	+2.240	+2.248	+2.243	+2.239	+2.239	+2.239	+2.239	+2.062	+2.241	+2.201	
rs1550914      +1.904	+2.295	+2.083	+2.470	+1.841	+2.602	+2.596	+2.358	+1.870	+2.289	+2.380	+2.286	+2.271	+2.316	+2.285	+2.285	+2.377	+2.282	+1.985	+2.360	+2.325	+2.375	+1.678	+2.220	+1.989	+1.851	+2.245	+1.858	+2.212	+2.224	+2.205	+2.207	+2.191	+2.209	+1.864	+2.190	+2.209	+2.209	+2.227	+2.981	+2.242	+2.266	+2.218	+2.202	+2.219	+2.271	+2.219	+2.219	+2.212	+1.852	+2.184	+2.170	+2.265	+2.272	+1.874	+2.221	+2.211	+2.208	+2.201	+1.780	+2.288	+2.180	+2.224	+2.290	+2.127	+2.228	+2.221	+2.287	+1.852	+2.198	+2.188	+2.107	+2.214	+2.236	+2.219	+2.272	+1.765	+2.208	+2.219	+2.310	+2.202	+2.237	+2.222	+2.343	+2.273	+2.290	+2.196	+2.153	+2.005	+2.084	+2.144	+2.104	+2.089	+2.089	+2.151	+2.017	+2.092	+2.010	+2.092	+2.079	+2.092	+2.092	+2.140	+2.079	+2.093	+2.640	+2.053	+2.067	+1.956	+1.994	+1.762	+1.789	+1.783	+1.760	+1.762	+1.739	+1.739	+1.762	+1.762	+1.763	+1.759	+1.763	+1.762	+1.764	+1.766	+1.766	+1.756	+1.747	+1.756	+1.742	+1.756	+1.740	+1.756	+1.778	+1.754	+2.028	+1.755	+1.753	+1.755	+1.754	+1.754	+1.754	+1.751	+1.752	+1.754	+2.164	+1.764	+1.764	+1.755	+2.077	+2.102	+2.098	+2.096	+2.055	+2.056	+2.097	+2.007	+1.647	+2.103	+2.101	+2.087	+2.105	+2.017	+2.106	+2.112	+2.108	+2.104	+2.104	+2.104	+2.104	+1.946	+2.106	+2.067	
rs2053767      +1.899	+2.293	+2.080	+2.470	+1.836	+2.603	+2.597	+2.357	+1.865	+2.288	+2.379	+2.285	+2.270	+2.315	+2.284	+2.283	+2.377	+2.280	+1.980	+2.360	+2.324	+2.375	+1.674	+2.218	+1.984	+1.846	+2.244	+1.853	+2.211	+2.205	+2.219	+2.209	+2.191	+2.212	+1.859	+2.192	+2.212	+2.212	+2.230	+3.002	+2.245	+2.269	+2.221	+2.204	+2.221	+2.274	+2.221	+2.221	+2.214	+1.847	+2.191	+2.176	+2.268	+2.275	+1.869	+2.224	+2.213	+2.211	+2.203	+1.776	+2.292	+2.180	+2.226	+2.294	+2.126	+2.229	+2.223	+2.291	+1.847	+2.199	+2.185	+2.105	+2.216	+2.242	+2.221	+2.274	+1.760	+2.208	+2.221	+2.314	+2.203	+2.238	+2.225	+2.348	+2.275	+2.292	+2.193	+2.150	+2.002	+2.082	+2.141	+2.101	+2.086	+2.086	+2.149	+2.013	+2.090	+2.006	+2.090	+2.076	+2.090	+2.090	+2.137	+2.076	+2.090	+2.638	+2.050	+2.065	+1.952	+1.990	+1.758	+1.784	+1.779	+1.756	+1.758	+1.734	+1.734	+1.758	+1.758	+1.758	+1.754	+1.758	+1.758	+1.760	+1.761	+1.761	+1.751	+1.742	+1.751	+1.738	+1.751	+1.735	+1.751	+1.773	+1.749	+2.023	+1.750	+1.748	+1.750	+1.749	+1.749	+1.749	+1.746	+1.748	+1.749	+2.159	+1.760	+1.760	+1.750	+2.074	+2.099	+2.095	+2.093	+2.052	+2.052	+2.093	+2.002	+1.642	+2.100	+2.098	+2.084	+2.102	+2.014	+2.103	+2.109	+2.105	+2.101	+2.101	+2.101	+2.101	+1.941	+2.103	+2.064	
rs2166770      +1.904	+2.295	+2.084	+2.470	+1.841	+2.602	+2.596	+2.358	+1.870	+2.290	+2.381	+2.286	+2.271	+2.316	+2.285	+2.285	+2.378	+2.282	+1.986	+2.361	+2.326	+2.376	+1.679	+2.220	+1.989	+1.851	+2.245	+1.858	+2.213	+2.207	+2.209	+2.225	+2.195	+2.213	+1.864	+2.194	+2.214	+2.214	+2.231	+3.001	+2.246	+2.272	+2.223	+2.207	+2.223	+2.276	+2.223	+2.223	+2.217	+1.853	+2.199	+2.184	+2.271	+2.277	+1.874	+2.226	+2.216	+2.212	+2.206	+1.780	+2.294	+2.184	+2.228	+2.296	+2.131	+2.232	+2.225	+2.292	+1.853	+2.202	+2.188	+2.109	+2.218	+2.255	+2.222	+2.276	+1.765	+2.211	+2.222	+2.314	+2.206	+2.241	+2.226	+2.349	+2.277	+2.294	+2.196	+2.153	+2.006	+2.085	+2.144	+2.104	+2.089	+2.089	+2.151	+2.017	+2.093	+2.010	+2.093	+2.080	+2.093	+2.093	+2.140	+2.079	+2.093	+2.640	+2.053	+2.068	+1.956	+1.994	+1.763	+1.789	+1.783	+1.761	+1.763	+1.740	+1.740	+1.763	+1.763	+1.763	+1.759	+1.763	+1.763	+1.765	+1.766	+1.766	+1.757	+1.747	+1.756	+1.743	+1.756	+1.741	+1.756	+1.778	+1.754	+2.028	+1.756	+1.753	+1.756	+1.754	+1.754	+1.754	+1.751	+1.753	+1.754	+2.165	+1.765	+1.765	+1.756	+2.078	+2.103	+2.099	+2.097	+2.056	+2.056	+2.097	+2.007	+1.647	+2.104	+2.102	+2.087	+2.106	+2.018	+2.106	+2.113	+2.109	+2.105	+2.105	+2.105	+2.105	+1.946	+2.107	+2.068	
