## Summary of overall evidence for association with region:
## log10(BF for region) = -0.557957
## p-value for region = NA

## BFs for choosing among multi-SNP models:
## log10(average 1-SNP BF) = -0.479247
## log10(average 2-SNP BF) = -0.777925

## Example posterior probabilities for multi-SNP models, based on default prior: [p(l) propto 0.5^l for l=1,2,...,L]
## posterior probability of 1-SNP = 0.799132
## posterior probability of 2-SNP = 0.200868

## log10(BF) for single SNP and pair of SNPs:
rs7740824      -0.601	-0.766	-0.739	-0.742	-0.739	-0.760	-0.744	-0.792	-0.855	-0.770	-0.745	-0.795	-0.918	-0.875	-1.027	-0.416	-1.039	-1.062	-1.062	-1.037	-0.538	-1.036	-0.505	-0.451	-1.042	-0.323	-0.445	-1.061	-1.062	-0.477	-0.480	-1.061	-1.060	-0.952	-1.059	-1.042	-0.481	-0.499	-0.478	-0.598	-0.594	-0.739	-0.951	-0.759	-0.955	-0.968	-0.875	-0.504	-0.522	-0.842	-0.923	-0.520	-0.923	-0.522	-0.760	-0.759	-0.763	-0.765	-0.754	-0.921	-0.955	-0.967	-0.971	-0.952	-0.949	-0.947	-0.962	-0.962	-0.962	-1.040	-0.952	-0.950	-1.049	-1.047	-0.956	-0.838	-0.827	-0.823	-0.952	-0.952	-0.951	-0.988	-0.949	-0.949	-0.947	-0.919	-0.919	-0.905	-0.999	-1.012	-1.012	-0.920	-1.031	-0.942	-1.019	-1.038	-1.033	-1.032	-1.035	-1.036	-1.031	-1.033	-1.036	-1.036	-0.761	-1.038	-0.751	-1.038	-1.019	-1.040	-1.020	-1.037	-0.770	-0.775	-1.020	-1.016	-1.097	-0.727	-0.785	-0.796	-1.020	-0.741	-1.046	-1.023	-1.010	-1.023	-1.041	-1.023	-1.027	-1.041	-1.027	-1.029	-1.046	-1.043	-1.025	-1.056	-1.053	-1.018	-1.055	-1.055	-1.055	-1.055	-1.045	-1.049	-1.070	-1.051	-1.053	-1.053	-1.015	-1.052	-0.814	-0.817	-1.102	-1.045	-1.048	-1.101	-1.102	-1.102	-1.102	-1.101	-1.045	-1.102	-1.102	-0.784	-1.102	-1.102	-1.099	-1.102	-1.102	-1.102	-1.101	-1.101	-1.101	-0.634	-1.099	-1.099	-1.099	-1.099	-1.099	-1.099	-1.099	-1.099	-1.099	-1.099	-1.099	
rs3105751      -0.766	-0.602	-0.766	-0.766	-0.766	-0.749	-0.733	-0.782	-0.852	-0.760	-0.735	-0.786	-0.917	-0.869	-1.030	-0.400	-1.042	-1.062	-1.062	-1.040	-0.524	-1.039	-0.490	-0.435	-1.044	-0.305	-0.429	-1.061	-1.062	-0.461	-0.464	-1.060	-1.060	-0.952	-1.060	-1.044	-0.465	-0.484	-0.463	-0.601	-0.597	-0.730	-0.950	-0.749	-0.953	-0.968	-0.871	-0.499	-0.517	-0.843	-0.923	-0.515	-0.923	-0.517	-0.765	-0.764	-0.768	-0.770	-0.753	-0.921	-0.955	-0.968	-0.971	-0.952	-0.949	-0.947	-0.962	-0.962	-0.963	-1.041	-0.951	-0.950	-1.049	-1.047	-0.956	-0.837	-0.825	-0.822	-0.951	-0.952	-0.951	-0.990	-0.949	-0.949	-0.947	-0.918	-0.918	-0.904	-0.999	-1.012	-1.012	-0.920	-1.031	-0.941	-1.019	-1.039	-1.033	-1.032	-1.035	-1.036	-1.031	-1.033	-1.036	-1.036	-0.761	-1.038	-0.752	-1.038	-1.019	-1.040	-1.019	-1.037	-0.771	-0.776	-1.020	-1.015	-1.097	-0.728	-0.785	-0.797	-1.019	-0.741	-1.046	-1.023	-1.010	-1.023	-1.041	-1.023	-1.027	-1.041	-1.027	-1.029	-1.046	-1.043	-1.025	-1.056	-1.053	-1.019	-1.055	-1.056	-1.056	-1.056	-1.045	-1.051	-1.071	-1.052	-1.053	-1.053	-1.015	-1.053	-0.815	-0.818	-1.102	-1.045	-1.049	-1.101	-1.103	-1.103	-1.103	-1.102	-1.045	-1.103	-1.103	-0.786	-1.102	-1.102	-1.100	-1.102	-1.103	-1.103	-1.101	-1.102	-1.102	-0.635	-1.100	-1.100	-1.100	-1.100	-1.100	-1.099	-1.099	-1.100	-1.100	-1.100	-1.100	
rs9364554      -0.739	-0.766	-0.602	-0.738	-0.735	-0.757	-0.741	-0.790	-0.855	-0.767	-0.743	-0.793	-0.918	-0.874	-1.028	-0.412	-1.040	-1.063	-1.063	-1.038	-0.535	-1.037	-0.502	-0.446	-1.043	-0.318	-0.441	-1.061	-1.062	-0.473	-0.476	-1.061	-1.061	-0.953	-1.059	-1.042	-0.477	-0.495	-0.474	-0.599	-0.595	-0.738	-0.951	-0.758	-0.955	-0.968	-0.875	-0.504	-0.522	-0.843	-0.923	-0.520	-0.923	-0.522	-0.761	-0.760	-0.764	-0.766	-0.755	-0.921	-0.956	-0.968	-0.972	-0.953	-0.949	-0.948	-0.963	-0.962	-0.963	-1.041	-0.952	-0.951	-1.050	-1.048	-0.956	-0.839	-0.827	-0.824	-0.952	-0.953	-0.951	-0.989	-0.949	-0.949	-0.948	-0.919	-0.919	-0.905	-1.000	-1.012	-1.012	-0.920	-1.032	-0.942	-1.020	-1.039	-1.034	-1.033	-1.036	-1.036	-1.032	-1.033	-1.036	-1.036	-0.761	-1.038	-0.752	-1.038	-1.020	-1.041	-1.020	-1.037	-0.771	-0.776	-1.021	-1.016	-1.097	-0.727	-0.785	-0.797	-1.020	-0.741	-1.046	-1.023	-1.010	-1.024	-1.041	-1.024	-1.027	-1.042	-1.028	-1.029	-1.046	-1.043	-1.025	-1.056	-1.053	-1.019	-1.055	-1.056	-1.056	-1.055	-1.045	-1.050	-1.070	-1.052	-1.053	-1.053	-1.016	-1.053	-0.815	-0.818	-1.102	-1.045	-1.049	-1.101	-1.103	-1.103	-1.103	-1.102	-1.045	-1.102	-1.103	-0.785	-1.102	-1.102	-1.100	-1.102	-1.103	-1.103	-1.101	-1.101	-1.101	-0.635	-1.100	-1.100	-1.100	-1.100	-1.100	-1.099	-1.099	-1.100	-1.100	-1.100	-1.100	
rs12194182     -0.742	-0.766	-0.738	-0.601	-0.738	-0.761	-0.745	-0.793	-0.856	-0.771	-0.747	-0.796	-0.918	-0.876	-1.027	-0.418	-1.039	-1.062	-1.062	-1.036	-0.540	-1.036	-0.507	-0.452	-1.042	-0.324	-0.447	-1.061	-1.061	-0.478	-0.482	-1.060	-1.060	-0.952	-1.058	-1.041	-0.482	-0.501	-0.480	-0.598	-0.593	-0.740	-0.951	-0.760	-0.955	-0.968	-0.875	-0.505	-0.523	-0.841	-0.922	-0.521	-0.922	-0.523	-0.759	-0.758	-0.762	-0.764	-0.754	-0.920	-0.955	-0.967	-0.971	-0.952	-0.949	-0.947	-0.962	-0.961	-0.962	-1.040	-0.951	-0.950	-1.049	-1.046	-0.956	-0.838	-0.827	-0.824	-0.951	-0.952	-0.951	-0.987	-0.948	-0.948	-0.947	-0.918	-0.918	-0.904	-0.999	-1.012	-1.012	-0.919	-1.031	-0.942	-1.019	-1.038	-1.033	-1.032	-1.035	-1.035	-1.031	-1.032	-1.036	-1.036	-0.760	-1.037	-0.751	-1.037	-1.019	-1.040	-1.019	-1.036	-0.770	-0.775	-1.020	-1.015	-1.096	-0.726	-0.784	-0.796	-1.019	-0.740	-1.045	-1.023	-1.010	-1.023	-1.040	-1.023	-1.027	-1.041	-1.027	-1.029	-1.046	-1.043	-1.024	-1.055	-1.052	-1.018	-1.054	-1.055	-1.055	-1.054	-1.044	-1.048	-1.069	-1.051	-1.052	-1.052	-1.015	-1.052	-0.814	-0.817	-1.101	-1.044	-1.048	-1.100	-1.101	-1.101	-1.101	-1.101	-1.044	-1.101	-1.101	-0.784	-1.101	-1.101	-1.099	-1.101	-1.102	-1.102	-1.100	-1.100	-1.100	-0.634	-1.099	-1.099	-1.099	-1.099	-1.099	-1.098	-1.098	-1.099	-1.099	-1.099	-1.099	
rs1112444      -0.739	-0.766	-0.735	-0.738	-0.602	-0.756	-0.739	-0.788	-0.854	-0.765	-0.741	-0.792	-0.918	-0.873	-1.028	-0.410	-1.040	-1.062	-1.062	-1.038	-0.533	-1.037	-0.500	-0.444	-1.043	-0.315	-0.439	-1.061	-1.061	-0.471	-0.474	-1.060	-1.060	-0.953	-1.059	-1.042	-0.475	-0.493	-0.472	-0.599	-0.595	-0.738	-0.951	-0.757	-0.955	-0.968	-0.875	-0.503	-0.522	-0.842	-0.923	-0.519	-0.923	-0.522	-0.761	-0.760	-0.764	-0.766	-0.755	-0.921	-0.955	-0.968	-0.972	-0.953	-0.949	-0.947	-0.962	-0.962	-0.963	-1.041	-0.952	-0.951	-1.050	-1.047	-0.956	-0.838	-0.827	-0.824	-0.952	-0.952	-0.951	-0.989	-0.949	-0.949	-0.948	-0.919	-0.919	-0.905	-1.000	-1.012	-1.012	-0.920	-1.031	-0.942	-1.019	-1.039	-1.034	-1.033	-1.036	-1.036	-1.032	-1.033	-1.036	-1.036	-0.761	-1.038	-0.752	-1.038	-1.020	-1.040	-1.020	-1.037	-0.770	-0.776	-1.020	-1.016	-1.097	-0.727	-0.785	-0.797	-1.020	-0.741	-1.046	-1.023	-1.010	-1.024	-1.041	-1.024	-1.027	-1.042	-1.028	-1.029	-1.046	-1.043	-1.025	-1.056	-1.053	-1.019	-1.055	-1.055	-1.055	-1.055	-1.045	-1.050	-1.070	-1.052	-1.053	-1.053	-1.016	-1.053	-0.815	-0.818	-1.102	-1.045	-1.049	-1.101	-1.102	-1.102	-1.102	-1.102	-1.045	-1.102	-1.102	-0.785	-1.102	-1.102	-1.099	-1.102	-1.103	-1.103	-1.101	-1.101	-1.101	-0.634	-1.099	-1.099	-1.099	-1.099	-1.099	-1.099	-1.099	-1.099	-1.099	-1.099	-1.099	
rs10455782     -0.760	-0.749	-0.757	-0.761	-0.756	-0.498	-0.617	-0.637	-0.814	-0.655	-0.714	-0.748	-0.849	-0.796	-0.880	-0.453	-0.904	-0.925	-0.924	-0.899	-0.569	-0.897	-0.539	-0.485	-0.911	-0.357	-0.480	-0.929	-0.927	-0.511	-0.514	-0.930	-0.930	-0.860	-0.897	-0.910	-0.517	-0.534	-0.514	-0.457	-0.452	-0.749	-0.874	-0.765	-0.891	-0.878	-0.826	-0.480	-0.495	-0.727	-0.820	-0.492	-0.820	-0.495	-0.613	-0.612	-0.616	-0.619	-0.681	-0.816	-0.866	-0.876	-0.886	-0.865	-0.862	-0.861	-0.871	-0.873	-0.873	-0.922	-0.865	-0.863	-0.940	-0.935	-0.867	-0.772	-0.761	-0.758	-0.864	-0.865	-0.864	-0.849	-0.862	-0.862	-0.861	-0.836	-0.836	-0.824	-0.919	-0.931	-0.931	-0.818	-0.946	-0.873	-0.937	-0.937	-0.948	-0.948	-0.950	-0.950	-0.947	-0.948	-0.950	-0.950	-0.646	-0.950	-0.637	-0.951	-0.937	-0.953	-0.937	-0.951	-0.656	-0.664	-0.937	-0.934	-1.000	-0.612	-0.671	-0.683	-0.937	-0.626	-0.957	-0.940	-0.929	-0.940	-0.954	-0.940	-0.943	-0.954	-0.943	-0.944	-0.957	-0.954	-0.934	-0.960	-0.957	-0.921	-0.958	-0.958	-0.958	-0.958	-0.952	-0.928	-0.953	-0.955	-0.956	-0.955	-0.929	-0.955	-0.704	-0.707	-1.002	-0.949	-0.950	-1.001	-1.003	-1.003	-1.003	-1.001	-0.949	-1.003	-1.003	-0.668	-1.003	-1.002	-0.999	-1.002	-1.003	-1.003	-1.001	-1.001	-1.001	-0.518	-1.001	-1.001	-1.001	-1.001	-1.001	-1.001	-1.001	-1.001	-1.001	-1.001	-1.001	
rs7758229      -0.744	-0.733	-0.741	-0.745	-0.739	-0.617	-0.487	-0.616	-0.805	-0.646	-0.712	-0.743	-0.840	-0.787	-0.867	-0.464	-0.891	-0.911	-0.911	-0.886	-0.576	-0.884	-0.547	-0.496	-0.898	-0.372	-0.490	-0.916	-0.913	-0.521	-0.524	-0.917	-0.917	-0.850	-0.883	-0.897	-0.526	-0.542	-0.523	-0.443	-0.438	-0.743	-0.864	-0.758	-0.881	-0.868	-0.817	-0.473	-0.488	-0.714	-0.808	-0.485	-0.809	-0.488	-0.599	-0.598	-0.602	-0.605	-0.671	-0.804	-0.855	-0.865	-0.876	-0.855	-0.852	-0.851	-0.861	-0.862	-0.862	-0.910	-0.855	-0.853	-0.928	-0.923	-0.857	-0.763	-0.752	-0.749	-0.854	-0.854	-0.853	-0.835	-0.852	-0.852	-0.851	-0.826	-0.826	-0.814	-0.909	-0.921	-0.921	-0.807	-0.936	-0.863	-0.927	-0.926	-0.938	-0.937	-0.939	-0.940	-0.937	-0.938	-0.940	-0.940	-0.635	-0.940	-0.626	-0.940	-0.927	-0.943	-0.927	-0.941	-0.645	-0.653	-0.927	-0.924	-0.989	-0.600	-0.660	-0.672	-0.926	-0.615	-0.947	-0.929	-0.919	-0.930	-0.944	-0.930	-0.932	-0.944	-0.933	-0.934	-0.947	-0.944	-0.924	-0.949	-0.946	-0.910	-0.947	-0.947	-0.947	-0.947	-0.941	-0.916	-0.941	-0.944	-0.945	-0.945	-0.918	-0.945	-0.692	-0.695	-0.991	-0.938	-0.939	-0.990	-0.992	-0.992	-0.992	-0.990	-0.938	-0.992	-0.992	-0.656	-0.992	-0.991	-0.988	-0.991	-0.992	-0.992	-0.990	-0.990	-0.990	-0.506	-0.990	-0.990	-0.990	-0.990	-0.990	-0.990	-0.990	-0.990	-0.990	-0.990	-0.990	
rs3123636      -0.792	-0.782	-0.790	-0.793	-0.788	-0.637	-0.616	-0.516	-0.828	-0.660	-0.715	-0.753	-0.864	-0.809	-0.902	-0.434	-0.924	-0.944	-0.944	-0.920	-0.556	-0.917	-0.524	-0.468	-0.931	-0.334	-0.463	-0.948	-0.946	-0.495	-0.498	-0.949	-0.949	-0.876	-0.919	-0.930	-0.501	-0.520	-0.499	-0.477	-0.473	-0.759	-0.889	-0.775	-0.905	-0.894	-0.841	-0.491	-0.507	-0.746	-0.837	-0.504	-0.837	-0.507	-0.634	-0.633	-0.637	-0.640	-0.696	-0.833	-0.882	-0.892	-0.902	-0.881	-0.878	-0.877	-0.887	-0.889	-0.889	-0.941	-0.881	-0.879	-0.957	-0.953	-0.883	-0.786	-0.775	-0.772	-0.880	-0.881	-0.880	-0.869	-0.878	-0.878	-0.877	-0.851	-0.851	-0.840	-0.935	-0.946	-0.947	-0.835	-0.962	-0.887	-0.952	-0.954	-0.964	-0.963	-0.965	-0.966	-0.962	-0.963	-0.966	-0.966	-0.664	-0.966	-0.654	-0.966	-0.952	-0.969	-0.952	-0.966	-0.674	-0.681	-0.953	-0.949	-1.016	-0.629	-0.688	-0.701	-0.952	-0.643	-0.973	-0.955	-0.944	-0.955	-0.970	-0.955	-0.958	-0.970	-0.958	-0.960	-0.973	-0.970	-0.950	-0.977	-0.974	-0.937	-0.975	-0.975	-0.975	-0.975	-0.968	-0.946	-0.971	-0.972	-0.972	-0.972	-0.944	-0.972	-0.721	-0.724	-1.019	-0.965	-0.967	-1.017	-1.019	-1.019	-1.019	-1.018	-0.965	-1.019	-1.020	-0.686	-1.020	-1.019	-1.016	-1.019	-1.020	-1.020	-1.018	-1.018	-1.018	-0.536	-1.018	-1.018	-1.018	-1.018	-1.018	-1.018	-1.018	-1.018	-1.018	-1.018	-1.018	
rs12209391     -0.855	-0.852	-0.855	-0.856	-0.854	-0.814	-0.805	-0.828	-0.465	-0.815	-0.788	-0.814	-0.810	-0.858	-0.902	-0.557	-0.917	-0.949	-0.949	-0.914	-0.640	-0.913	-0.618	-0.580	-0.921	-0.492	-0.576	-0.949	-0.949	-0.598	-0.600	-0.949	-0.949	-0.830	-0.938	-0.920	-0.598	-0.611	-0.596	-0.457	-0.452	-0.618	-0.839	-0.617	-0.822	-0.851	-0.727	-0.421	-0.438	-0.668	-0.786	-0.436	-0.786	-0.438	-0.684	-0.683	-0.686	-0.688	-0.652	-0.782	-0.834	-0.846	-0.858	-0.832	-0.828	-0.827	-0.841	-0.841	-0.841	-0.928	-0.831	-0.830	-0.935	-0.933	-0.835	-0.720	-0.708	-0.705	-0.831	-0.831	-0.830	-0.878	-0.828	-0.828	-0.827	-0.799	-0.799	-0.786	-0.883	-0.895	-0.895	-0.791	-0.913	-0.831	-0.901	-0.912	-0.915	-0.914	-0.917	-0.917	-0.913	-0.914	-0.917	-0.917	-0.648	-0.918	-0.639	-0.918	-0.902	-0.921	-0.902	-0.918	-0.657	-0.664	-0.902	-0.898	-0.972	-0.615	-0.671	-0.683	-0.902	-0.628	-0.926	-0.905	-0.893	-0.905	-0.921	-0.905	-0.908	-0.922	-0.909	-0.910	-0.926	-0.922	-0.908	-0.932	-0.930	-0.886	-0.931	-0.931	-0.931	-0.931	-0.922	-0.914	-0.936	-0.928	-0.929	-0.928	-0.901	-0.928	-0.672	-0.676	-0.974	-0.921	-0.924	-0.974	-0.974	-0.974	-0.974	-0.974	-0.921	-0.974	-0.973	-0.655	-0.973	-0.974	-0.973	-0.974	-0.974	-0.974	-0.974	-0.974	-0.974	-0.484	-0.968	-0.968	-0.968	-0.968	-0.968	-0.968	-0.968	-0.968	-0.968	-0.968	-0.968	
rs2661839      -0.770	-0.760	-0.767	-0.771	-0.765	-0.655	-0.646	-0.660	-0.815	-0.499	-0.704	-0.739	-0.850	-0.789	-0.879	-0.436	-0.903	-0.922	-0.922	-0.898	-0.557	-0.896	-0.526	-0.470	-0.910	-0.336	-0.464	-0.926	-0.924	-0.497	-0.501	-0.927	-0.927	-0.860	-0.894	-0.909	-0.503	-0.521	-0.501	-0.456	-0.451	-0.749	-0.874	-0.764	-0.891	-0.878	-0.826	-0.481	-0.496	-0.726	-0.820	-0.493	-0.820	-0.496	-0.611	-0.610	-0.614	-0.616	-0.681	-0.816	-0.866	-0.876	-0.887	-0.865	-0.863	-0.861	-0.871	-0.873	-0.873	-0.922	-0.865	-0.864	-0.940	-0.935	-0.868	-0.772	-0.762	-0.759	-0.865	-0.865	-0.864	-0.849	-0.862	-0.862	-0.861	-0.836	-0.836	-0.825	-0.920	-0.932	-0.932	-0.818	-0.946	-0.873	-0.937	-0.937	-0.949	-0.948	-0.950	-0.950	-0.947	-0.948	-0.950	-0.951	-0.648	-0.951	-0.639	-0.951	-0.937	-0.954	-0.937	-0.951	-0.658	-0.666	-0.938	-0.934	-1.000	-0.614	-0.673	-0.685	-0.937	-0.628	-0.958	-0.940	-0.930	-0.940	-0.954	-0.940	-0.943	-0.955	-0.943	-0.944	-0.958	-0.954	-0.935	-0.960	-0.957	-0.921	-0.958	-0.958	-0.958	-0.958	-0.952	-0.928	-0.953	-0.955	-0.956	-0.956	-0.930	-0.956	-0.704	-0.707	-1.002	-0.949	-0.951	-1.001	-1.003	-1.003	-1.003	-1.002	-0.949	-1.003	-1.003	-0.668	-1.003	-1.002	-0.999	-1.003	-1.004	-1.004	-1.002	-1.002	-1.002	-0.517	-1.002	-1.002	-1.002	-1.002	-1.002	-1.001	-1.001	-1.002	-1.002	-1.002	-1.002	
rs3106164      -0.745	-0.735	-0.743	-0.747	-0.741	-0.714	-0.712	-0.715	-0.788	-0.704	-0.456	-0.626	-0.816	-0.675	-0.813	-0.365	-0.841	-0.853	-0.852	-0.836	-0.506	-0.832	-0.469	-0.404	-0.850	-0.237	-0.397	-0.859	-0.856	-0.438	-0.441	-0.861	-0.861	-0.820	-0.817	-0.848	-0.448	-0.468	-0.445	-0.399	-0.394	-0.727	-0.838	-0.742	-0.855	-0.837	-0.794	-0.454	-0.469	-0.683	-0.780	-0.466	-0.780	-0.469	-0.509	-0.509	-0.513	-0.516	-0.641	-0.776	-0.827	-0.836	-0.849	-0.827	-0.824	-0.823	-0.831	-0.833	-0.833	-0.884	-0.827	-0.825	-0.901	-0.896	-0.828	-0.725	-0.714	-0.711	-0.826	-0.826	-0.826	-0.809	-0.824	-0.824	-0.823	-0.799	-0.799	-0.789	-0.883	-0.895	-0.895	-0.758	-0.908	-0.840	-0.900	-0.894	-0.910	-0.910	-0.912	-0.912	-0.909	-0.910	-0.912	-0.912	-0.624	-0.912	-0.615	-0.912	-0.900	-0.915	-0.900	-0.913	-0.633	-0.641	-0.901	-0.897	-0.961	-0.590	-0.648	-0.659	-0.900	-0.604	-0.919	-0.903	-0.893	-0.903	-0.916	-0.903	-0.905	-0.916	-0.906	-0.907	-0.918	-0.915	-0.901	-0.919	-0.916	-0.877	-0.916	-0.917	-0.916	-0.917	-0.912	-0.881	-0.907	-0.914	-0.914	-0.914	-0.897	-0.914	-0.665	-0.668	-0.962	-0.908	-0.909	-0.961	-0.963	-0.963	-0.963	-0.962	-0.908	-0.963	-0.963	-0.628	-0.963	-0.962	-0.960	-0.962	-0.963	-0.963	-0.961	-0.962	-0.962	-0.478	-0.960	-0.960	-0.960	-0.960	-0.960	-0.959	-0.959	-0.960	-0.960	-0.960	-0.960	
rs388170       -0.795	-0.786	-0.793	-0.796	-0.792	-0.748	-0.743	-0.753	-0.814	-0.739	-0.626	-0.483	-0.838	-0.721	-0.848	-0.340	-0.875	-0.888	-0.887	-0.869	-0.493	-0.866	-0.453	-0.382	-0.883	-0.204	-0.375	-0.894	-0.891	-0.418	-0.423	-0.895	-0.895	-0.846	-0.856	-0.881	-0.430	-0.452	-0.427	-0.431	-0.426	-0.745	-0.861	-0.762	-0.880	-0.863	-0.819	-0.473	-0.488	-0.719	-0.809	-0.485	-0.809	-0.488	-0.540	-0.539	-0.543	-0.546	-0.665	-0.805	-0.852	-0.861	-0.875	-0.852	-0.849	-0.848	-0.857	-0.859	-0.859	-0.915	-0.852	-0.850	-0.930	-0.926	-0.854	-0.747	-0.736	-0.733	-0.851	-0.851	-0.851	-0.844	-0.849	-0.849	-0.848	-0.824	-0.824	-0.813	-0.907	-0.919	-0.919	-0.785	-0.933	-0.862	-0.924	-0.921	-0.935	-0.934	-0.936	-0.937	-0.934	-0.935	-0.937	-0.937	-0.653	-0.937	-0.644	-0.937	-0.924	-0.940	-0.924	-0.937	-0.662	-0.669	-0.925	-0.921	-0.987	-0.619	-0.677	-0.688	-0.924	-0.633	-0.944	-0.927	-0.917	-0.927	-0.940	-0.927	-0.930	-0.941	-0.930	-0.931	-0.944	-0.940	-0.926	-0.945	-0.942	-0.903	-0.943	-0.943	-0.943	-0.943	-0.937	-0.912	-0.937	-0.940	-0.940	-0.940	-0.922	-0.940	-0.693	-0.696	-0.989	-0.934	-0.935	-0.988	-0.989	-0.989	-0.989	-0.988	-0.934	-0.989	-0.989	-0.657	-0.989	-0.989	-0.986	-0.989	-0.989	-0.989	-0.988	-0.988	-0.988	-0.507	-0.986	-0.986	-0.986	-0.986	-0.986	-0.985	-0.985	-0.986	-0.986	-0.986	-0.986	
rs2665356      -0.918	-0.917	-0.918	-0.918	-0.918	-0.849	-0.840	-0.864	-0.810	-0.850	-0.816	-0.838	-0.464	-0.881	-0.698	-0.596	-0.740	-0.914	-0.914	-0.732	-0.672	-0.731	-0.651	-0.617	-0.756	-0.538	-0.614	-0.916	-0.915	-0.633	-0.635	-0.916	-0.916	-0.803	-0.894	-0.758	-0.633	-0.644	-0.631	-0.506	-0.502	-0.698	-0.666	-0.724	-0.858	-0.660	-0.801	-0.402	-0.419	-0.731	-0.801	-0.417	-0.801	-0.419	-0.593	-0.592	-0.596	-0.599	-0.647	-0.799	-0.813	-0.829	-0.858	-0.808	-0.803	-0.801	-0.825	-0.822	-0.824	-0.918	-0.809	-0.808	-0.928	-0.925	-0.816	-0.654	-0.641	-0.637	-0.809	-0.810	-0.809	-0.862	-0.806	-0.806	-0.804	-0.771	-0.771	-0.754	-0.885	-0.897	-0.897	-0.768	-0.912	-0.837	-0.903	-0.901	-0.914	-0.913	-0.916	-0.916	-0.913	-0.914	-0.916	-0.916	-0.593	-0.916	-0.584	-0.916	-0.902	-0.919	-0.903	-0.917	-0.603	-0.609	-0.903	-0.900	-0.970	-0.558	-0.618	-0.631	-0.902	-0.573	-0.923	-0.906	-0.895	-0.906	-0.920	-0.906	-0.909	-0.920	-0.909	-0.910	-0.923	-0.920	-0.905	-0.924	-0.921	-0.892	-0.921	-0.921	-0.921	-0.921	-0.915	-0.905	-0.928	-0.917	-0.917	-0.917	-0.901	-0.917	-0.704	-0.707	-0.962	-0.910	-0.911	-0.960	-0.963	-0.963	-0.963	-0.962	-0.910	-0.964	-0.966	-0.670	-0.965	-0.962	-0.957	-0.962	-0.965	-0.965	-0.961	-0.961	-0.961	-0.522	-0.969	-0.969	-0.969	-0.969	-0.969	-0.968	-0.968	-0.969	-0.969	-0.969	-0.969	
rs9365164      -0.875	-0.869	-0.874	-0.876	-0.873	-0.796	-0.787	-0.809	-0.858	-0.789	-0.675	-0.721	-0.881	-0.537	-0.905	-0.330	-0.930	-0.941	-0.941	-0.925	-0.487	-0.923	-0.445	-0.371	-0.938	-0.194	-0.364	-0.946	-0.943	-0.408	-0.413	-0.947	-0.947	-0.894	-0.913	-0.936	-0.419	-0.443	-0.417	-0.490	-0.485	-0.778	-0.906	-0.796	-0.926	-0.911	-0.864	-0.506	-0.521	-0.772	-0.859	-0.519	-0.860	-0.521	-0.586	-0.585	-0.589	-0.592	-0.707	-0.856	-0.901	-0.911	-0.923	-0.900	-0.898	-0.896	-0.906	-0.908	-0.908	-0.962	-0.900	-0.899	-0.977	-0.973	-0.902	-0.795	-0.784	-0.781	-0.899	-0.900	-0.899	-0.890	-0.897	-0.897	-0.896	-0.871	-0.871	-0.859	-0.953	-0.965	-0.965	-0.844	-0.980	-0.904	-0.971	-0.972	-0.983	-0.982	-0.984	-0.985	-0.981	-0.982	-0.985	-0.985	-0.704	-0.985	-0.695	-0.985	-0.971	-0.988	-0.971	-0.985	-0.713	-0.720	-0.971	-0.968	-1.037	-0.670	-0.728	-0.739	-0.971	-0.684	-0.992	-0.974	-0.963	-0.974	-0.989	-0.974	-0.977	-0.989	-0.977	-0.978	-0.992	-0.989	-0.973	-0.997	-0.994	-0.954	-0.995	-0.995	-0.995	-0.995	-0.988	-0.970	-0.993	-0.992	-0.992	-0.992	-0.967	-0.992	-0.751	-0.754	-1.039	-0.984	-0.986	-1.038	-1.040	-1.040	-1.040	-1.039	-0.984	-1.040	-1.040	-0.708	-1.039	-1.039	-1.036	-1.039	-1.040	-1.040	-1.038	-1.038	-1.038	-0.554	-1.037	-1.037	-1.037	-1.037	-1.037	-1.037	-1.037	-1.037	-1.037	-1.037	-1.037	
rs1567442      -1.027	-1.030	-1.028	-1.027	-1.028	-0.880	-0.867	-0.902	-0.902	-0.879	-0.813	-0.848	-0.698	-0.905	-0.615	-0.492	-0.775	-0.981	-0.982	-0.783	-0.592	-0.800	-0.565	-0.518	-0.766	-0.416	-0.513	-0.974	-0.978	-0.540	-0.543	-0.972	-0.972	-0.961	-1.003	-0.765	-0.543	-0.559	-0.541	-0.633	-0.629	-0.761	-0.795	-0.805	-0.952	-0.867	-0.901	-0.504	-0.522	-0.880	-0.940	-0.520	-0.940	-0.522	-0.809	-0.809	-0.812	-0.814	-0.731	-0.939	-0.969	-0.982	-0.984	-0.966	-0.963	-0.961	-0.977	-0.976	-0.977	-1.066	-0.966	-0.964	-1.069	-1.069	-0.970	-0.850	-0.838	-0.835	-0.965	-0.966	-0.965	-1.029	-0.963	-0.962	-0.961	-0.932	-0.932	-0.918	-0.993	-1.006	-1.007	-0.937	-1.029	-0.930	-1.014	-1.049	-1.031	-1.030	-1.033	-1.034	-1.029	-1.030	-1.034	-1.034	-0.774	-1.037	-0.765	-1.037	-1.016	-1.039	-1.016	-1.035	-0.784	-0.788	-1.017	-1.011	-1.107	-0.741	-0.799	-0.810	-1.016	-0.754	-1.046	-1.020	-1.005	-1.020	-1.040	-1.021	-1.025	-1.041	-1.025	-1.027	-1.046	-1.044	-1.032	-1.062	-1.058	-1.027	-1.061	-1.061	-1.061	-1.061	-1.047	-1.070	-1.088	-1.057	-1.059	-1.058	-1.016	-1.058	-0.829	-0.832	-1.114	-1.049	-1.055	-1.113	-1.114	-1.114	-1.114	-1.113	-1.049	-1.114	-1.113	-0.807	-1.113	-1.113	-1.111	-1.114	-1.114	-1.114	-1.113	-1.113	-1.113	-0.654	-1.110	-1.110	-1.110	-1.110	-1.110	-1.109	-1.109	-1.110	-1.110	-1.110	-1.110	
rs2292334      -0.416	-0.400	-0.412	-0.418	-0.410	-0.453	-0.464	-0.434	-0.557	-0.436	-0.365	-0.340	-0.596	-0.330	-0.492	-0.205	-0.527	-0.497	-0.496	-0.519	-0.334	-0.513	-0.344	-0.344	-0.542	-0.290	-0.344	-0.511	-0.504	-0.349	-0.349	-0.515	-0.515	-0.581	-0.433	-0.543	-0.365	-0.365	-0.365	-0.217	-0.213	-0.537	-0.609	-0.543	-0.627	-0.594	-0.566	-0.260	-0.273	-0.418	-0.535	-0.270	-0.535	-0.273	-0.209	-0.209	-0.213	-0.216	-0.411	-0.530	-0.591	-0.599	-0.614	-0.591	-0.589	-0.587	-0.595	-0.598	-0.597	-0.630	-0.591	-0.589	-0.650	-0.643	-0.592	-0.482	-0.471	-0.468	-0.590	-0.590	-0.590	-0.541	-0.588	-0.588	-0.587	-0.564	-0.564	-0.552	-0.658	-0.669	-0.669	-0.511	-0.677	-0.626	-0.673	-0.645	-0.679	-0.678	-0.680	-0.680	-0.678	-0.679	-0.680	-0.680	-0.361	-0.678	-0.352	-0.679	-0.672	-0.681	-0.672	-0.680	-0.371	-0.381	-0.672	-0.670	-0.720	-0.326	-0.386	-0.399	-0.672	-0.341	-0.684	-0.674	-0.668	-0.674	-0.683	-0.674	-0.676	-0.683	-0.676	-0.676	-0.683	-0.680	-0.668	-0.676	-0.673	-0.635	-0.672	-0.672	-0.672	-0.672	-0.673	-0.607	-0.639	-0.671	-0.670	-0.670	-0.667	-0.670	-0.411	-0.414	-0.721	-0.666	-0.664	-0.720	-0.722	-0.722	-0.722	-0.721	-0.666	-0.722	-0.723	-0.369	-0.722	-0.721	-0.717	-0.722	-0.723	-0.723	-0.720	-0.720	-0.720	-0.218	-0.722	-0.722	-0.722	-0.722	-0.722	-0.721	-0.721	-0.722	-0.722	-0.722	-0.722	
rs2063345      -1.039	-1.042	-1.040	-1.039	-1.040	-0.904	-0.891	-0.924	-0.917	-0.903	-0.841	-0.875	-0.740	-0.930	-0.775	-0.527	-0.622	-0.996	-0.997	-0.756	-0.629	-0.779	-0.603	-0.557	-0.760	-0.458	-0.553	-0.991	-0.993	-0.579	-0.581	-0.989	-0.989	-0.965	-1.011	-0.784	-0.581	-0.596	-0.579	-0.632	-0.628	-0.780	-0.821	-0.821	-0.966	-0.885	-0.914	-0.519	-0.536	-0.886	-0.948	-0.534	-0.948	-0.536	-0.809	-0.809	-0.812	-0.814	-0.747	-0.947	-0.974	-0.988	-0.994	-0.971	-0.968	-0.966	-0.983	-0.982	-0.983	-1.072	-0.971	-0.970	-1.076	-1.076	-0.976	-0.853	-0.841	-0.838	-0.971	-0.971	-0.970	-1.033	-0.968	-0.968	-0.966	-0.937	-0.937	-0.922	-1.004	-1.018	-1.018	-0.942	-1.040	-0.943	-1.026	-1.057	-1.042	-1.041	-1.044	-1.045	-1.040	-1.041	-1.045	-1.045	-0.780	-1.047	-0.771	-1.047	-1.026	-1.050	-1.027	-1.046	-0.790	-0.794	-1.027	-1.022	-1.115	-0.747	-0.804	-0.816	-1.026	-0.760	-1.056	-1.030	-1.016	-1.031	-1.050	-1.031	-1.035	-1.051	-1.035	-1.037	-1.057	-1.054	-1.040	-1.070	-1.066	-1.035	-1.069	-1.070	-1.070	-1.069	-1.056	-1.073	-1.092	-1.065	-1.067	-1.067	-1.026	-1.066	-0.836	-0.839	-1.120	-1.057	-1.063	-1.119	-1.121	-1.121	-1.121	-1.120	-1.058	-1.121	-1.120	-0.811	-1.120	-1.120	-1.118	-1.120	-1.121	-1.121	-1.120	-1.120	-1.120	-0.658	-1.117	-1.117	-1.117	-1.117	-1.117	-1.117	-1.117	-1.117	-1.117	-1.117	-1.117	
rs2504927      -1.062	-1.062	-1.063	-1.062	-1.062	-0.925	-0.911	-0.944	-0.949	-0.922	-0.853	-0.888	-0.914	-0.941	-0.981	-0.497	-0.996	-0.651	-0.788	-0.992	-0.614	-0.994	-0.583	-0.532	-1.001	-0.419	-0.527	-0.791	-0.792	-0.556	-0.559	-0.785	-0.789	-0.974	-0.785	-1.003	-0.559	-0.576	-0.557	-0.654	-0.649	-0.836	-0.956	-0.858	-1.022	-0.982	-0.955	-0.560	-0.577	-0.908	-0.975	-0.575	-0.974	-0.577	-0.813	-0.812	-0.816	-0.818	-0.792	-0.973	-0.993	-1.007	-1.025	-0.989	-0.985	-0.983	-1.003	-1.001	-1.002	-1.099	-0.989	-0.988	-1.105	-1.104	-0.995	-0.863	-0.850	-0.847	-0.990	-0.990	-0.989	-1.055	-0.986	-0.986	-0.985	-0.954	-0.954	-0.938	-1.042	-1.055	-1.055	-0.967	-1.075	-0.984	-1.063	-1.084	-1.077	-1.076	-1.079	-1.080	-1.075	-1.077	-1.080	-1.080	-0.799	-1.082	-0.790	-1.082	-1.063	-1.085	-1.063	-1.081	-0.809	-0.813	-1.064	-1.059	-1.142	-0.765	-0.823	-0.835	-1.063	-0.779	-1.090	-1.067	-1.053	-1.067	-1.085	-1.067	-1.071	-1.086	-1.071	-1.073	-1.091	-1.087	-1.071	-1.101	-1.098	-1.064	-1.101	-1.101	-1.101	-1.101	-1.089	-1.086	-1.108	-1.096	-1.098	-1.097	-1.061	-1.097	-0.856	-0.859	-1.148	-1.088	-1.093	-1.147	-1.149	-1.149	-1.149	-1.148	-1.089	-1.149	-1.149	-0.825	-1.149	-1.148	-1.146	-1.148	-1.149	-1.149	-1.147	-1.147	-1.147	-0.667	-1.146	-1.146	-1.146	-1.146	-1.146	-1.146	-1.146	-1.146	-1.146	-1.146	-1.146	
rs1510230      -1.062	-1.062	-1.063	-1.062	-1.062	-0.924	-0.911	-0.944	-0.949	-0.922	-0.852	-0.887	-0.914	-0.941	-0.982	-0.496	-0.997	-0.788	-0.651	-0.993	-0.612	-0.995	-0.581	-0.530	-1.002	-0.417	-0.525	-0.789	-0.791	-0.554	-0.557	-0.783	-0.787	-0.974	-0.787	-1.003	-0.557	-0.575	-0.555	-0.654	-0.650	-0.836	-0.956	-0.858	-1.022	-0.982	-0.955	-0.559	-0.577	-0.909	-0.975	-0.575	-0.974	-0.577	-0.813	-0.813	-0.816	-0.818	-0.792	-0.973	-0.993	-1.008	-1.025	-0.989	-0.985	-0.983	-1.004	-1.002	-1.003	-1.099	-0.989	-0.988	-1.105	-1.104	-0.995	-0.863	-0.851	-0.848	-0.990	-0.991	-0.989	-1.055	-0.987	-0.987	-0.985	-0.954	-0.954	-0.938	-1.042	-1.055	-1.056	-0.967	-1.075	-0.984	-1.063	-1.084	-1.078	-1.077	-1.080	-1.080	-1.075	-1.077	-1.080	-1.080	-0.799	-1.082	-0.790	-1.082	-1.063	-1.085	-1.063	-1.081	-0.809	-0.814	-1.064	-1.059	-1.142	-0.765	-0.824	-0.836	-1.063	-0.779	-1.090	-1.067	-1.053	-1.067	-1.085	-1.067	-1.071	-1.086	-1.071	-1.073	-1.091	-1.088	-1.071	-1.101	-1.099	-1.064	-1.101	-1.101	-1.101	-1.101	-1.089	-1.087	-1.108	-1.096	-1.098	-1.098	-1.061	-1.098	-0.856	-0.859	-1.148	-1.089	-1.093	-1.147	-1.149	-1.149	-1.149	-1.148	-1.089	-1.149	-1.149	-0.825	-1.149	-1.148	-1.146	-1.149	-1.149	-1.149	-1.148	-1.148	-1.148	-0.667	-1.146	-1.146	-1.146	-1.146	-1.146	-1.146	-1.146	-1.146	-1.146	-1.146	-1.146	
rs2174914      -1.037	-1.040	-1.038	-1.036	-1.038	-0.899	-0.886	-0.920	-0.914	-0.898	-0.836	-0.869	-0.732	-0.925	-0.783	-0.519	-0.756	-0.992	-0.993	-0.621	-0.621	-0.779	-0.594	-0.549	-0.748	-0.449	-0.544	-0.987	-0.990	-0.570	-0.573	-0.985	-0.985	-0.965	-1.009	-0.778	-0.573	-0.588	-0.571	-0.633	-0.628	-0.776	-0.814	-0.818	-0.963	-0.880	-0.912	-0.516	-0.533	-0.885	-0.947	-0.531	-0.946	-0.533	-0.809	-0.809	-0.812	-0.814	-0.744	-0.945	-0.974	-0.987	-0.992	-0.970	-0.967	-0.965	-0.982	-0.981	-0.982	-1.071	-0.970	-0.969	-1.074	-1.074	-0.975	-0.852	-0.840	-0.837	-0.970	-0.970	-0.969	-1.032	-0.967	-0.967	-0.966	-0.936	-0.936	-0.921	-1.002	-1.016	-1.016	-0.941	-1.038	-0.940	-1.024	-1.056	-1.040	-1.039	-1.042	-1.043	-1.038	-1.039	-1.043	-1.043	-0.779	-1.045	-0.770	-1.045	-1.024	-1.048	-1.024	-1.044	-0.789	-0.793	-1.025	-1.020	-1.113	-0.746	-0.803	-0.815	-1.024	-0.759	-1.054	-1.028	-1.013	-1.029	-1.048	-1.029	-1.033	-1.049	-1.033	-1.035	-1.055	-1.052	-1.039	-1.069	-1.065	-1.034	-1.068	-1.068	-1.068	-1.068	-1.054	-1.073	-1.091	-1.063	-1.065	-1.065	-1.024	-1.065	-0.835	-0.838	-1.119	-1.056	-1.061	-1.118	-1.120	-1.120	-1.120	-1.119	-1.056	-1.119	-1.119	-0.810	-1.119	-1.119	-1.117	-1.119	-1.120	-1.120	-1.118	-1.118	-1.118	-0.657	-1.116	-1.116	-1.116	-1.116	-1.116	-1.116	-1.116	-1.116	-1.116	-1.116	-1.116	
rs2048327      -0.538	-0.524	-0.535	-0.540	-0.533	-0.569	-0.576	-0.556	-0.640	-0.557	-0.506	-0.493	-0.672	-0.487	-0.592	-0.334	-0.629	-0.614	-0.612	-0.621	-0.290	-0.615	-0.395	-0.346	-0.641	-0.128	-0.340	-0.626	-0.619	-0.374	-0.377	-0.628	-0.629	-0.662	-0.556	-0.639	-0.396	-0.409	-0.394	-0.301	-0.296	-0.606	-0.687	-0.614	-0.705	-0.676	-0.645	-0.329	-0.342	-0.507	-0.617	-0.338	-0.618	-0.342	-0.311	-0.311	-0.315	-0.318	-0.489	-0.613	-0.670	-0.679	-0.694	-0.670	-0.667	-0.666	-0.675	-0.677	-0.677	-0.716	-0.670	-0.668	-0.736	-0.730	-0.671	-0.560	-0.549	-0.546	-0.669	-0.669	-0.669	-0.632	-0.667	-0.667	-0.666	-0.642	-0.642	-0.631	-0.735	-0.746	-0.746	-0.595	-0.755	-0.701	-0.750	-0.727	-0.757	-0.757	-0.758	-0.758	-0.756	-0.757	-0.758	-0.759	-0.441	-0.758	-0.432	-0.758	-0.749	-0.760	-0.750	-0.759	-0.451	-0.460	-0.750	-0.748	-0.800	-0.406	-0.466	-0.479	-0.749	-0.421	-0.763	-0.752	-0.745	-0.752	-0.761	-0.752	-0.754	-0.762	-0.754	-0.755	-0.762	-0.760	-0.746	-0.757	-0.755	-0.717	-0.754	-0.754	-0.754	-0.754	-0.753	-0.696	-0.726	-0.752	-0.752	-0.752	-0.744	-0.752	-0.494	-0.498	-0.802	-0.747	-0.746	-0.800	-0.803	-0.803	-0.803	-0.801	-0.747	-0.803	-0.803	-0.454	-0.803	-0.802	-0.798	-0.802	-0.803	-0.803	-0.801	-0.801	-0.801	-0.302	-0.802	-0.802	-0.802	-0.802	-0.802	-0.801	-0.801	-0.802	-0.802	-0.802	-0.802	
rs2457576      -1.036	-1.039	-1.037	-1.036	-1.037	-0.897	-0.884	-0.917	-0.913	-0.896	-0.832	-0.866	-0.731	-0.923	-0.800	-0.513	-0.779	-0.994	-0.995	-0.779	-0.615	-0.621	-0.589	-0.543	-0.769	-0.442	-0.538	-0.988	-0.991	-0.564	-0.567	-0.987	-0.986	-0.965	-1.011	-0.789	-0.567	-0.582	-0.565	-0.634	-0.630	-0.774	-0.813	-0.816	-0.962	-0.879	-0.911	-0.515	-0.532	-0.885	-0.947	-0.530	-0.946	-0.532	-0.810	-0.810	-0.813	-0.815	-0.742	-0.945	-0.974	-0.987	-0.992	-0.971	-0.967	-0.966	-0.982	-0.982	-0.982	-1.071	-0.970	-0.969	-1.074	-1.074	-0.975	-0.853	-0.841	-0.838	-0.970	-0.971	-0.970	-1.033	-0.967	-0.967	-0.966	-0.936	-0.936	-0.922	-1.002	-1.015	-1.015	-0.941	-1.037	-0.939	-1.023	-1.055	-1.039	-1.038	-1.041	-1.042	-1.037	-1.038	-1.042	-1.042	-0.780	-1.045	-0.771	-1.045	-1.024	-1.047	-1.024	-1.043	-0.789	-0.793	-1.025	-1.019	-1.113	-0.746	-0.804	-0.815	-1.024	-0.760	-1.053	-1.028	-1.013	-1.029	-1.047	-1.029	-1.033	-1.048	-1.033	-1.035	-1.054	-1.052	-1.039	-1.069	-1.065	-1.034	-1.068	-1.068	-1.068	-1.068	-1.054	-1.073	-1.092	-1.063	-1.065	-1.065	-1.024	-1.065	-0.835	-0.838	-1.119	-1.056	-1.061	-1.118	-1.120	-1.120	-1.120	-1.119	-1.056	-1.119	-1.119	-0.811	-1.119	-1.119	-1.117	-1.119	-1.119	-1.119	-1.118	-1.118	-1.118	-0.658	-1.116	-1.116	-1.116	-1.116	-1.116	-1.116	-1.115	-1.116	-1.116	-1.116	-1.116	
rs7769879      -0.505	-0.490	-0.502	-0.507	-0.500	-0.539	-0.547	-0.524	-0.618	-0.526	-0.469	-0.453	-0.651	-0.445	-0.565	-0.344	-0.603	-0.583	-0.581	-0.594	-0.395	-0.589	-0.267	-0.348	-0.615	-0.166	-0.343	-0.595	-0.588	-0.368	-0.370	-0.597	-0.598	-0.640	-0.523	-0.613	-0.388	-0.396	-0.387	-0.278	-0.274	-0.588	-0.666	-0.595	-0.684	-0.654	-0.624	-0.310	-0.323	-0.483	-0.595	-0.320	-0.596	-0.323	-0.283	-0.283	-0.287	-0.290	-0.468	-0.590	-0.649	-0.658	-0.672	-0.648	-0.646	-0.645	-0.653	-0.656	-0.655	-0.692	-0.649	-0.647	-0.714	-0.707	-0.650	-0.539	-0.528	-0.525	-0.648	-0.648	-0.647	-0.607	-0.646	-0.646	-0.645	-0.621	-0.621	-0.610	-0.714	-0.725	-0.726	-0.573	-0.734	-0.681	-0.730	-0.705	-0.736	-0.736	-0.737	-0.737	-0.736	-0.736	-0.737	-0.737	-0.419	-0.736	-0.410	-0.736	-0.729	-0.739	-0.729	-0.738	-0.429	-0.439	-0.729	-0.727	-0.779	-0.384	-0.444	-0.457	-0.728	-0.399	-0.742	-0.731	-0.724	-0.731	-0.740	-0.731	-0.733	-0.740	-0.733	-0.734	-0.741	-0.739	-0.725	-0.735	-0.733	-0.695	-0.732	-0.732	-0.732	-0.732	-0.732	-0.672	-0.703	-0.731	-0.730	-0.730	-0.723	-0.730	-0.472	-0.475	-0.780	-0.726	-0.724	-0.779	-0.781	-0.781	-0.781	-0.780	-0.725	-0.781	-0.782	-0.432	-0.781	-0.780	-0.776	-0.780	-0.782	-0.782	-0.779	-0.779	-0.779	-0.280	-0.780	-0.780	-0.780	-0.780	-0.780	-0.780	-0.780	-0.780	-0.780	-0.780	-0.780	
rs9355288      -0.451	-0.435	-0.446	-0.452	-0.444	-0.485	-0.496	-0.468	-0.580	-0.470	-0.404	-0.382	-0.617	-0.371	-0.518	-0.344	-0.557	-0.532	-0.530	-0.549	-0.346	-0.543	-0.348	-0.229	-0.570	-0.239	-0.338	-0.544	-0.538	-0.350	-0.350	-0.547	-0.548	-0.604	-0.469	-0.568	-0.369	-0.371	-0.368	-0.241	-0.236	-0.557	-0.631	-0.563	-0.649	-0.617	-0.588	-0.280	-0.293	-0.443	-0.558	-0.290	-0.558	-0.293	-0.237	-0.236	-0.241	-0.244	-0.433	-0.553	-0.613	-0.622	-0.636	-0.613	-0.611	-0.609	-0.617	-0.620	-0.620	-0.653	-0.613	-0.611	-0.675	-0.669	-0.615	-0.503	-0.493	-0.490	-0.612	-0.613	-0.612	-0.566	-0.610	-0.610	-0.609	-0.585	-0.585	-0.575	-0.679	-0.691	-0.691	-0.535	-0.699	-0.647	-0.695	-0.667	-0.701	-0.701	-0.702	-0.702	-0.700	-0.701	-0.702	-0.702	-0.383	-0.701	-0.373	-0.701	-0.694	-0.703	-0.694	-0.702	-0.393	-0.402	-0.694	-0.692	-0.743	-0.348	-0.408	-0.420	-0.693	-0.363	-0.706	-0.696	-0.689	-0.696	-0.705	-0.696	-0.698	-0.705	-0.698	-0.698	-0.705	-0.703	-0.690	-0.699	-0.696	-0.658	-0.695	-0.695	-0.695	-0.695	-0.696	-0.633	-0.664	-0.694	-0.693	-0.693	-0.688	-0.693	-0.435	-0.438	-0.744	-0.689	-0.687	-0.742	-0.745	-0.745	-0.745	-0.743	-0.689	-0.745	-0.746	-0.393	-0.745	-0.744	-0.740	-0.744	-0.746	-0.746	-0.743	-0.743	-0.743	-0.242	-0.744	-0.744	-0.744	-0.744	-0.744	-0.744	-0.744	-0.744	-0.744	-0.744	-0.744	
rs2457575      -1.042	-1.044	-1.043	-1.042	-1.043	-0.911	-0.898	-0.931	-0.921	-0.910	-0.850	-0.883	-0.756	-0.938	-0.766	-0.542	-0.760	-1.001	-1.002	-0.748	-0.641	-0.769	-0.615	-0.570	-0.623	-0.472	-0.566	-0.996	-0.998	-0.592	-0.594	-0.995	-0.994	-0.965	-1.013	-0.784	-0.594	-0.609	-0.592	-0.630	-0.626	-0.785	-0.831	-0.825	-0.970	-0.891	-0.918	-0.522	-0.540	-0.887	-0.949	-0.537	-0.949	-0.540	-0.807	-0.807	-0.810	-0.813	-0.751	-0.948	-0.975	-0.988	-0.995	-0.971	-0.968	-0.966	-0.983	-0.982	-0.983	-1.073	-0.971	-0.970	-1.077	-1.077	-0.976	-0.852	-0.840	-0.837	-0.971	-0.972	-0.971	-1.033	-0.968	-0.968	-0.967	-0.937	-0.937	-0.922	-1.007	-1.021	-1.021	-0.942	-1.042	-0.946	-1.028	-1.058	-1.044	-1.043	-1.046	-1.047	-1.042	-1.043	-1.047	-1.047	-0.781	-1.049	-0.772	-1.049	-1.029	-1.052	-1.029	-1.048	-0.790	-0.794	-1.030	-1.024	-1.116	-0.747	-0.805	-0.816	-1.029	-0.761	-1.058	-1.033	-1.018	-1.033	-1.052	-1.034	-1.037	-1.053	-1.038	-1.039	-1.059	-1.056	-1.042	-1.072	-1.068	-1.037	-1.071	-1.071	-1.071	-1.071	-1.058	-1.073	-1.092	-1.067	-1.068	-1.068	-1.028	-1.068	-0.837	-0.840	-1.121	-1.059	-1.064	-1.120	-1.122	-1.122	-1.122	-1.121	-1.059	-1.122	-1.121	-0.811	-1.121	-1.121	-1.119	-1.121	-1.122	-1.122	-1.120	-1.121	-1.121	-0.657	-1.118	-1.118	-1.118	-1.118	-1.118	-1.118	-1.118	-1.118	-1.118	-1.118	-1.118	
rs3918285      -0.323	-0.305	-0.318	-0.324	-0.315	-0.357	-0.372	-0.334	-0.492	-0.336	-0.237	-0.204	-0.538	-0.194	-0.416	-0.290	-0.458	-0.419	-0.417	-0.449	-0.128	-0.442	-0.166	-0.239	-0.472	-0.142	-0.244	-0.432	-0.425	-0.217	-0.212	-0.436	-0.437	-0.519	-0.349	-0.469	-0.268	-0.253	-0.269	-0.153	-0.148	-0.484	-0.550	-0.486	-0.568	-0.534	-0.505	-0.209	-0.221	-0.350	-0.471	-0.217	-0.472	-0.221	-0.135	-0.134	-0.139	-0.142	-0.352	-0.466	-0.531	-0.539	-0.553	-0.531	-0.529	-0.528	-0.535	-0.537	-0.537	-0.565	-0.532	-0.530	-0.588	-0.581	-0.532	-0.424	-0.413	-0.410	-0.530	-0.531	-0.530	-0.473	-0.528	-0.528	-0.527	-0.504	-0.504	-0.495	-0.599	-0.610	-0.610	-0.449	-0.617	-0.569	-0.614	-0.582	-0.619	-0.619	-0.620	-0.620	-0.619	-0.619	-0.620	-0.620	-0.299	-0.619	-0.290	-0.619	-0.613	-0.621	-0.613	-0.620	-0.309	-0.319	-0.613	-0.611	-0.659	-0.264	-0.324	-0.337	-0.612	-0.279	-0.624	-0.615	-0.609	-0.615	-0.623	-0.615	-0.616	-0.623	-0.616	-0.617	-0.623	-0.620	-0.609	-0.615	-0.613	-0.574	-0.611	-0.611	-0.611	-0.611	-0.613	-0.544	-0.576	-0.610	-0.609	-0.609	-0.608	-0.609	-0.348	-0.351	-0.661	-0.606	-0.603	-0.659	-0.662	-0.662	-0.662	-0.660	-0.605	-0.662	-0.662	-0.305	-0.662	-0.661	-0.657	-0.661	-0.662	-0.662	-0.660	-0.660	-0.660	-0.152	-0.661	-0.661	-0.661	-0.661	-0.661	-0.661	-0.661	-0.661	-0.661	-0.661	-0.661	
rs3918286      -0.445	-0.429	-0.441	-0.447	-0.439	-0.480	-0.490	-0.463	-0.576	-0.464	-0.397	-0.375	-0.614	-0.364	-0.513	-0.344	-0.553	-0.527	-0.525	-0.544	-0.340	-0.538	-0.343	-0.338	-0.566	-0.244	-0.225	-0.539	-0.532	-0.346	-0.346	-0.542	-0.543	-0.600	-0.463	-0.563	-0.365	-0.367	-0.365	-0.237	-0.232	-0.554	-0.627	-0.560	-0.646	-0.613	-0.584	-0.277	-0.290	-0.438	-0.554	-0.286	-0.554	-0.290	-0.232	-0.232	-0.236	-0.239	-0.429	-0.549	-0.609	-0.618	-0.633	-0.609	-0.607	-0.606	-0.614	-0.616	-0.616	-0.649	-0.610	-0.608	-0.671	-0.665	-0.611	-0.500	-0.489	-0.486	-0.608	-0.609	-0.608	-0.562	-0.606	-0.606	-0.605	-0.582	-0.582	-0.572	-0.676	-0.687	-0.687	-0.531	-0.695	-0.644	-0.691	-0.663	-0.697	-0.697	-0.698	-0.698	-0.696	-0.697	-0.698	-0.698	-0.379	-0.697	-0.369	-0.697	-0.690	-0.700	-0.690	-0.699	-0.389	-0.398	-0.691	-0.689	-0.739	-0.344	-0.404	-0.416	-0.690	-0.359	-0.702	-0.692	-0.686	-0.693	-0.701	-0.693	-0.694	-0.701	-0.694	-0.695	-0.702	-0.699	-0.686	-0.695	-0.692	-0.654	-0.691	-0.691	-0.691	-0.691	-0.692	-0.629	-0.660	-0.690	-0.689	-0.689	-0.685	-0.689	-0.431	-0.434	-0.740	-0.685	-0.683	-0.739	-0.741	-0.741	-0.741	-0.739	-0.685	-0.741	-0.742	-0.389	-0.741	-0.740	-0.736	-0.740	-0.742	-0.742	-0.739	-0.739	-0.739	-0.238	-0.740	-0.740	-0.740	-0.740	-0.740	-0.740	-0.740	-0.740	-0.740	-0.740	-0.740	
rs2457574      -1.061	-1.061	-1.061	-1.061	-1.061	-0.929	-0.916	-0.948	-0.949	-0.926	-0.859	-0.894	-0.916	-0.946	-0.974	-0.511	-0.991	-0.791	-0.789	-0.987	-0.626	-0.988	-0.595	-0.544	-0.996	-0.432	-0.539	-0.648	-0.787	-0.568	-0.571	-0.788	-0.789	-0.973	-0.758	-0.998	-0.571	-0.588	-0.569	-0.650	-0.645	-0.836	-0.957	-0.859	-1.019	-0.981	-0.954	-0.559	-0.577	-0.905	-0.972	-0.574	-0.972	-0.577	-0.807	-0.807	-0.810	-0.812	-0.789	-0.970	-0.989	-1.004	-1.023	-0.985	-0.981	-0.979	-1.000	-0.998	-0.999	-1.096	-0.985	-0.984	-1.102	-1.101	-0.992	-0.858	-0.846	-0.843	-0.986	-0.987	-0.985	-1.051	-0.983	-0.983	-0.981	-0.950	-0.950	-0.934	-1.041	-1.054	-1.054	-0.964	-1.074	-0.983	-1.061	-1.081	-1.076	-1.075	-1.078	-1.078	-1.074	-1.075	-1.078	-1.078	-0.795	-1.080	-0.786	-1.080	-1.061	-1.083	-1.062	-1.079	-0.805	-0.810	-1.062	-1.057	-1.140	-0.761	-0.820	-0.832	-1.062	-0.775	-1.088	-1.065	-1.052	-1.066	-1.083	-1.066	-1.069	-1.084	-1.070	-1.071	-1.089	-1.086	-1.068	-1.099	-1.096	-1.061	-1.098	-1.098	-1.098	-1.098	-1.087	-1.082	-1.104	-1.094	-1.095	-1.095	-1.059	-1.095	-0.852	-0.855	-1.146	-1.086	-1.090	-1.144	-1.146	-1.146	-1.146	-1.145	-1.086	-1.146	-1.146	-0.820	-1.146	-1.146	-1.143	-1.146	-1.146	-1.146	-1.145	-1.145	-1.145	-0.662	-1.144	-1.144	-1.144	-1.144	-1.144	-1.143	-1.143	-1.144	-1.144	-1.144	-1.144	
rs2457566      -1.062	-1.062	-1.062	-1.061	-1.061	-0.927	-0.913	-0.946	-0.949	-0.924	-0.856	-0.891	-0.915	-0.943	-0.978	-0.504	-0.993	-0.792	-0.791	-0.990	-0.619	-0.991	-0.588	-0.538	-0.998	-0.425	-0.532	-0.787	-0.650	-0.561	-0.564	-0.784	-0.784	-0.973	-0.769	-1.000	-0.564	-0.581	-0.562	-0.652	-0.647	-0.836	-0.956	-0.858	-1.020	-0.981	-0.954	-0.559	-0.577	-0.907	-0.973	-0.574	-0.973	-0.577	-0.810	-0.809	-0.813	-0.815	-0.790	-0.972	-0.991	-1.006	-1.023	-0.987	-0.983	-0.981	-1.002	-0.999	-1.001	-1.098	-0.987	-0.986	-1.103	-1.102	-0.993	-0.860	-0.848	-0.845	-0.988	-0.988	-0.987	-1.053	-0.984	-0.984	-0.983	-0.952	-0.952	-0.936	-1.041	-1.054	-1.055	-0.965	-1.074	-0.983	-1.062	-1.082	-1.076	-1.075	-1.078	-1.079	-1.074	-1.076	-1.079	-1.079	-0.797	-1.081	-0.788	-1.081	-1.062	-1.084	-1.062	-1.080	-0.807	-0.811	-1.063	-1.058	-1.141	-0.763	-0.821	-0.833	-1.062	-0.777	-1.089	-1.066	-1.052	-1.066	-1.084	-1.066	-1.070	-1.085	-1.070	-1.072	-1.089	-1.086	-1.069	-1.099	-1.097	-1.062	-1.099	-1.099	-1.099	-1.099	-1.088	-1.084	-1.106	-1.095	-1.096	-1.096	-1.059	-1.096	-0.854	-0.857	-1.147	-1.087	-1.091	-1.146	-1.147	-1.147	-1.147	-1.146	-1.087	-1.147	-1.147	-0.822	-1.147	-1.147	-1.144	-1.147	-1.148	-1.148	-1.146	-1.146	-1.146	-0.664	-1.145	-1.145	-1.145	-1.145	-1.145	-1.144	-1.144	-1.145	-1.145	-1.145	-1.145	
rs1810126      -0.477	-0.461	-0.473	-0.478	-0.471	-0.511	-0.521	-0.495	-0.598	-0.497	-0.438	-0.418	-0.633	-0.408	-0.540	-0.349	-0.579	-0.556	-0.554	-0.570	-0.374	-0.564	-0.368	-0.350	-0.592	-0.217	-0.346	-0.568	-0.561	-0.247	-0.360	-0.571	-0.572	-0.621	-0.494	-0.589	-0.379	-0.384	-0.377	-0.259	-0.254	-0.571	-0.648	-0.578	-0.666	-0.635	-0.605	-0.295	-0.307	-0.462	-0.575	-0.304	-0.576	-0.307	-0.259	-0.258	-0.263	-0.266	-0.450	-0.570	-0.630	-0.639	-0.653	-0.630	-0.628	-0.626	-0.634	-0.637	-0.636	-0.672	-0.630	-0.628	-0.693	-0.687	-0.631	-0.520	-0.509	-0.507	-0.629	-0.629	-0.629	-0.585	-0.627	-0.627	-0.626	-0.602	-0.602	-0.592	-0.696	-0.707	-0.707	-0.553	-0.716	-0.663	-0.711	-0.685	-0.718	-0.717	-0.718	-0.719	-0.717	-0.718	-0.719	-0.719	-0.400	-0.718	-0.391	-0.718	-0.710	-0.720	-0.710	-0.719	-0.410	-0.419	-0.711	-0.709	-0.760	-0.365	-0.425	-0.437	-0.710	-0.380	-0.723	-0.713	-0.706	-0.713	-0.722	-0.713	-0.714	-0.722	-0.715	-0.715	-0.722	-0.720	-0.707	-0.716	-0.714	-0.676	-0.712	-0.713	-0.712	-0.713	-0.713	-0.651	-0.682	-0.711	-0.710	-0.710	-0.705	-0.710	-0.452	-0.456	-0.761	-0.706	-0.705	-0.760	-0.762	-0.762	-0.762	-0.760	-0.706	-0.762	-0.763	-0.411	-0.762	-0.761	-0.757	-0.761	-0.763	-0.763	-0.760	-0.760	-0.760	-0.259	-0.761	-0.761	-0.761	-0.761	-0.761	-0.761	-0.761	-0.761	-0.761	-0.761	-0.761	
