## Summary of overall evidence for association with region:
## log10(BF for region) = -0.633674
## p-value for region = NA

## BFs for choosing among multi-SNP models:
## log10(average 1-SNP BF) = -0.560428
## log10(average 2-SNP BF) = -0.832558

## Example posterior probabilities for multi-SNP models, based on default prior: [p(l) propto 0.5^l for l=1,2,...,L]
## posterior probability of 1-SNP = 0.78914
## posterior probability of 2-SNP = 0.21086

## log10(BF) for single SNP and pair of SNPs:
rs13073599     -0.627	-1.033	-0.731	-0.837	-0.840	-0.521	-0.921	-0.905	-0.904	-0.904	-0.904	-0.908	-1.043	-1.044	-1.043	-1.044	-1.044	-0.904	-0.866	-0.864	-0.856	-0.860	-0.864	-1.037	-0.882	-1.026	-1.023	-0.869	-0.868	-0.873	-0.870	-0.872	-0.871	-0.870	-0.870	-0.870	-0.882	-0.874	-0.874	-0.875	-1.031	-0.870	-1.024	-1.014	-1.016	-1.015	-0.829	-0.837	-1.015	-1.016	-0.891	-1.029	-1.029	-1.034	-1.037	-1.038	-1.038	-1.039	-1.038	-1.039	-0.871	-0.835	-1.039	-0.841	-0.831	-0.832	-0.915	-0.843	-0.881	-0.842	-0.836	-1.039	-0.733	-0.828	-0.948	-1.040	-1.040	-0.823	-1.040	-1.041	-0.829	-1.042	-1.040	-1.040	-0.829	-1.040	-1.039	-1.039	-0.837	-0.837	-0.837	-0.830	-0.836	-0.830	-0.789	-0.830	-0.831	-1.038	-1.038	-1.038	-1.038	-0.825	-1.037	-0.825	-1.042	-0.825	-0.836	-0.836	-1.037	-1.037	-0.930	-1.037	-1.037	-1.037	-1.037	-0.830	-1.037	-1.038	-1.038	-1.038	-1.038	-0.820	-0.935	-1.039	-1.039	-1.040	-1.040	-1.040	-1.042	-1.038	-0.834	-1.037	-0.157	-1.031	-1.035	-1.029	-1.014	-1.029	-0.871	-0.863	-0.865	-0.878	-1.021	-0.870	-0.858	-1.014	-1.035	-0.856	-1.030	-0.858	-1.031	-0.961	-0.945	-0.506	-0.978	-0.925	-0.946	-0.709	-1.001	-0.974	-1.066	-0.914	-0.949	-0.883	-0.983	-0.908	-1.028	-0.883	-1.088	-0.961	-1.036	-0.957	-0.981	-0.982	-1.043	-0.909	-1.043	-0.957	-0.968	-0.959	
rs55921103     -1.033	-0.617	-0.973	-1.000	-1.002	-0.410	-0.408	-0.359	-0.357	-0.356	-0.354	-0.369	-0.787	-0.784	-0.732	-0.776	-0.785	-0.849	-1.017	-1.014	-1.010	-1.011	-1.015	-0.747	-1.020	-0.806	-0.801	-1.008	-1.008	-1.007	-1.009	-1.010	-1.009	-1.009	-1.009	-1.009	-1.018	-1.012	-1.012	-1.012	-0.950	-1.009	-0.809	-0.777	-0.782	-0.779	-0.802	-0.811	-0.780	-0.781	-1.033	-0.824	-0.826	-0.843	-0.855	-0.858	-0.856	-0.860	-0.858	-0.862	-1.003	-0.985	-0.861	-0.988	-0.982	-0.983	-0.865	-0.989	-1.014	-0.988	-0.986	-0.863	-0.698	-0.941	-1.003	-0.865	-0.865	-0.977	-0.866	-0.869	-0.981	-0.874	-0.867	-0.867	-0.981	-0.867	-0.863	-0.862	-0.985	-0.985	-0.985	-0.982	-0.985	-0.982	-0.956	-0.982	-0.983	-0.859	-0.859	-0.860	-0.859	-0.980	-0.857	-0.979	-0.869	-0.979	-0.984	-0.984	-0.858	-0.858	-0.875	-0.858	-0.858	-0.858	-0.858	-0.981	-0.858	-0.862	-0.863	-0.864	-0.864	-0.975	-0.883	-0.865	-0.869	-0.870	-0.872	-0.873	-0.879	-0.864	-0.982	-0.861	-0.034	-0.841	-0.855	-0.837	-0.794	-0.837	-0.799	-1.000	-1.001	-1.010	-0.816	-1.004	-0.996	-0.797	-0.865	-0.995	-0.844	-0.996	-0.888	-1.018	-0.915	-0.464	-0.994	-0.949	-0.964	-0.673	-0.990	-0.952	-1.061	-0.898	-0.937	-0.870	-0.971	-0.896	-1.045	-0.874	-1.104	-0.962	-1.040	-0.958	-0.982	-0.983	-1.049	-0.904	-1.048	-0.957	-0.968	-0.959	
rs62250968     -0.731	-0.973	-0.567	-0.787	-0.790	-0.444	-0.799	-0.780	-0.779	-0.779	-0.778	-0.784	-0.974	-0.973	-0.956	-0.970	-0.973	-0.828	-0.783	-0.786	-0.791	-0.799	-0.792	-0.948	-0.806	-0.926	-0.923	-0.818	-0.818	-0.822	-0.819	-0.818	-0.819	-0.819	-0.819	-0.819	-0.816	-0.819	-0.819	-0.819	-0.956	-0.820	-0.927	-0.911	-0.913	-0.912	-0.761	-0.771	-0.913	-0.913	-0.797	-0.935	-0.936	-0.945	-0.951	-0.953	-0.952	-0.955	-0.954	-0.956	-0.831	-0.820	-0.955	-0.821	-0.818	-0.819	-0.842	-0.822	-0.827	-0.822	-0.819	-0.956	-0.658	-0.830	-0.911	-0.957	-0.958	-0.815	-0.958	-0.960	-0.818	-0.963	-0.959	-0.959	-0.818	-0.959	-0.956	-0.955	-0.820	-0.820	-0.820	-0.817	-0.818	-0.817	-0.800	-0.817	-0.817	-0.954	-0.954	-0.954	-0.954	-0.816	-0.952	-0.816	-0.960	-0.815	-0.820	-0.820	-0.951	-0.951	-0.856	-0.951	-0.951	-0.951	-0.951	-0.818	-0.951	-0.953	-0.954	-0.954	-0.954	-0.814	-0.862	-0.955	-0.956	-0.957	-0.958	-0.958	-0.962	-0.952	-0.820	-0.950	+0.064	-0.938	-0.946	-0.936	-0.911	-0.935	-0.789	-0.830	-0.830	-0.832	-0.922	-0.832	-0.830	-0.911	-0.948	-0.829	-0.937	-0.829	-0.945	-0.916	-0.883	-0.423	-0.946	-0.908	-0.922	-0.664	-0.954	-0.912	-1.017	-0.879	-0.911	-0.835	-0.940	-0.856	-0.963	-0.826	-1.019	-0.929	-0.989	-0.925	-0.946	-0.947	-0.994	-0.858	-0.995	-0.926	-0.935	-0.927	
rs9825958      -0.837	-1.000	-0.787	-0.591	-0.733	-0.479	-0.845	-0.827	-0.826	-0.826	-0.825	-0.830	-1.000	-1.000	-0.989	-0.998	-1.000	-0.860	-0.743	-0.747	-0.744	-0.762	-0.751	-0.981	-0.784	-0.963	-0.960	-0.791	-0.791	-0.797	-0.792	-0.793	-0.792	-0.793	-0.793	-0.793	-0.795	-0.794	-0.794	-0.794	-0.976	-0.795	-0.963	-0.949	-0.951	-0.950	-0.788	-0.798	-0.950	-0.951	-0.839	-0.970	-0.970	-0.978	-0.983	-0.985	-0.984	-0.986	-0.985	-0.987	-0.807	-0.781	-0.986	-0.785	-0.778	-0.779	-0.872	-0.786	-0.806	-0.786	-0.780	-0.987	-0.689	-0.794	-0.915	-0.988	-0.988	-0.771	-0.988	-0.990	-0.777	-0.993	-0.989	-0.989	-0.777	-0.989	-0.987	-0.986	-0.782	-0.782	-0.782	-0.776	-0.781	-0.776	-0.742	-0.776	-0.776	-0.985	-0.985	-0.985	-0.985	-0.772	-0.984	-0.772	-0.991	-0.772	-0.781	-0.781	-0.983	-0.983	-0.887	-0.983	-0.983	-0.983	-0.983	-0.778	-0.983	-0.985	-0.985	-0.985	-0.985	-0.770	-0.892	-0.986	-0.987	-0.988	-0.989	-0.989	-0.992	-0.984	-0.783	-0.983	-0.037	-0.972	-0.979	-0.970	-0.949	-0.970	-0.824	-0.805	-0.806	-0.812	-0.958	-0.810	-0.803	-0.949	-0.981	-0.802	-0.972	-0.803	-0.977	-0.923	-0.900	-0.457	-0.955	-0.911	-0.928	-0.682	-0.970	-0.930	-1.034	-0.892	-0.925	-0.854	-0.955	-0.877	-0.982	-0.848	-1.043	-0.940	-1.004	-0.936	-0.957	-0.959	-1.010	-0.878	-1.010	-0.936	-0.946	-0.938	
rs11716109     -0.840	-1.002	-0.790	-0.733	-0.592	-0.481	-0.847	-0.829	-0.829	-0.828	-0.828	-0.833	-1.002	-1.002	-0.991	-0.999	-1.002	-0.862	-0.747	-0.752	-0.750	-0.764	-0.753	-0.983	-0.787	-0.965	-0.962	-0.793	-0.793	-0.799	-0.794	-0.795	-0.794	-0.795	-0.795	-0.795	-0.796	-0.796	-0.796	-0.796	-0.977	-0.797	-0.964	-0.951	-0.953	-0.952	-0.790	-0.799	-0.952	-0.953	-0.840	-0.971	-0.972	-0.979	-0.985	-0.986	-0.985	-0.988	-0.987	-0.988	-0.808	-0.781	-0.987	-0.786	-0.777	-0.779	-0.874	-0.787	-0.808	-0.787	-0.781	-0.989	-0.690	-0.793	-0.916	-0.990	-0.990	-0.772	-0.990	-0.991	-0.776	-0.994	-0.990	-0.990	-0.776	-0.990	-0.988	-0.988	-0.783	-0.783	-0.783	-0.776	-0.781	-0.776	-0.742	-0.777	-0.777	-0.987	-0.987	-0.987	-0.987	-0.772	-0.985	-0.771	-0.992	-0.771	-0.782	-0.782	-0.985	-0.985	-0.888	-0.985	-0.985	-0.985	-0.985	-0.777	-0.985	-0.986	-0.987	-0.987	-0.987	-0.770	-0.894	-0.987	-0.989	-0.990	-0.990	-0.991	-0.994	-0.986	-0.782	-0.984	-0.040	-0.974	-0.981	-0.972	-0.951	-0.971	-0.826	-0.805	-0.806	-0.813	-0.960	-0.810	-0.804	-0.950	-0.982	-0.802	-0.974	-0.803	-0.979	-0.924	-0.902	-0.459	-0.956	-0.911	-0.929	-0.683	-0.971	-0.932	-1.035	-0.893	-0.926	-0.855	-0.956	-0.878	-0.983	-0.850	-1.044	-0.941	-1.005	-0.937	-0.958	-0.960	-1.011	-0.879	-1.012	-0.937	-0.947	-0.939	
rs73111973     -0.521	-0.410	-0.444	-0.479	-0.481	-0.061	-0.534	-0.535	-0.536	-0.536	-0.536	-0.536	-0.448	-0.454	-0.508	-0.463	-0.454	-0.175	-0.503	-0.498	-0.493	-0.496	-0.500	-0.505	-0.505	-0.532	-0.535	-0.488	-0.487	-0.487	-0.489	-0.490	-0.489	-0.488	-0.488	-0.488	-0.503	-0.493	-0.493	-0.493	-0.494	-0.488	-0.534	-0.544	-0.542	-0.543	-0.298	-0.292	-0.542	-0.542	-0.520	-0.526	-0.525	-0.517	-0.511	-0.509	-0.511	-0.507	-0.509	-0.506	-0.479	-0.453	-0.507	-0.457	-0.450	-0.451	-0.300	-0.459	-0.496	-0.458	-0.455	-0.505	-0.303	-0.399	-0.492	-0.503	-0.503	-0.443	-0.502	-0.500	-0.448	-0.494	-0.502	-0.501	-0.448	-0.502	-0.506	-0.507	-0.454	-0.454	-0.454	-0.450	-0.455	-0.450	-0.418	-0.450	-0.451	-0.509	-0.509	-0.509	-0.509	-0.447	-0.511	-0.447	-0.511	-0.446	-0.453	-0.453	-0.512	-0.512	-0.301	-0.512	-0.511	-0.511	-0.511	-0.449	-0.511	-0.509	-0.508	-0.508	-0.508	-0.441	-0.293	-0.507	-0.505	-0.505	-0.504	-0.504	-0.498	-0.512	-0.450	-0.514	-0.158	-0.528	-0.520	-0.530	-0.547	-0.531	-0.380	-0.474	-0.476	-0.486	-0.540	-0.479	-0.467	-0.548	-0.518	-0.466	-0.528	-0.468	-0.533	-0.511	-0.311	+0.035	-0.412	-0.323	-0.341	-0.198	-0.323	-0.354	-0.450	-0.107	-0.217	-0.343	-0.289	-0.370	-0.513	-0.349	-0.601	-0.346	-0.467	-0.342	-0.362	-0.364	-0.473	-0.353	-0.471	-0.328	-0.343	-0.330	
rs4855448      -0.921	-0.408	-0.799	-0.845	-0.847	-0.534	-0.566	-0.699	-0.688	-0.689	-0.689	-0.695	-0.484	-0.506	-0.697	-0.534	-0.504	-0.887	-0.878	-0.872	-0.863	-0.866	-0.874	-0.720	-0.882	-0.817	-0.822	-0.858	-0.856	-0.856	-0.859	-0.861	-0.860	-0.859	-0.859	-0.859	-0.879	-0.865	-0.866	-0.866	-0.801	-0.859	-0.825	-0.845	-0.843	-0.843	-0.799	-0.804	-0.842	-0.841	-0.908	-0.807	-0.805	-0.789	-0.777	-0.771	-0.776	-0.765	-0.772	-0.767	-0.846	-0.812	-0.767	-0.817	-0.807	-0.809	-0.889	-0.819	-0.868	-0.819	-0.815	-0.762	-0.734	-0.728	-0.894	-0.759	-0.758	-0.798	-0.757	-0.752	-0.806	-0.739	-0.756	-0.755	-0.806	-0.756	-0.765	-0.767	-0.813	-0.813	-0.813	-0.808	-0.814	-0.808	-0.766	-0.808	-0.809	-0.771	-0.771	-0.771	-0.771	-0.803	-0.776	-0.803	-0.791	-0.803	-0.812	-0.812	-0.779	-0.779	-0.903	-0.779	-0.779	-0.779	-0.779	-0.806	-0.779	-0.773	-0.772	-0.772	-0.773	-0.797	-0.903	-0.771	-0.769	-0.768	-0.767	-0.767	-0.755	-0.785	-0.809	-0.790	-0.462	-0.818	-0.803	-0.823	-0.859	-0.825	-0.882	-0.842	-0.844	-0.861	-0.844	-0.849	-0.833	-0.864	-0.803	-0.832	-0.822	-0.834	-0.845	-0.918	-0.890	-0.539	-0.925	-0.874	-0.884	-0.656	-0.890	-0.918	-0.987	-0.751	-0.810	-0.816	-0.860	-0.847	-1.002	-0.815	-1.068	-0.866	-0.967	-0.862	-0.888	-0.890	-0.977	-0.827	-0.974	-0.858	-0.871	-0.860	
rs11128143     -0.905	-0.359	-0.780	-0.827	-0.829	-0.535	-0.699	-0.556	-0.699	-0.699	-0.699	-0.702	-0.438	-0.460	-0.665	-0.491	-0.458	-0.879	-0.861	-0.855	-0.846	-0.849	-0.857	-0.691	-0.865	-0.795	-0.801	-0.840	-0.839	-0.838	-0.842	-0.844	-0.843	-0.842	-0.842	-0.842	-0.862	-0.848	-0.848	-0.849	-0.779	-0.842	-0.804	-0.826	-0.823	-0.823	-0.790	-0.795	-0.822	-0.821	-0.892	-0.784	-0.783	-0.765	-0.752	-0.747	-0.752	-0.741	-0.747	-0.742	-0.828	-0.793	-0.742	-0.799	-0.789	-0.791	-0.880	-0.801	-0.851	-0.800	-0.797	-0.737	-0.726	-0.707	-0.879	-0.734	-0.733	-0.779	-0.732	-0.726	-0.787	-0.713	-0.730	-0.730	-0.787	-0.730	-0.740	-0.742	-0.794	-0.794	-0.794	-0.790	-0.796	-0.790	-0.747	-0.790	-0.791	-0.747	-0.747	-0.747	-0.747	-0.785	-0.752	-0.785	-0.768	-0.785	-0.793	-0.793	-0.755	-0.755	-0.894	-0.755	-0.755	-0.755	-0.754	-0.788	-0.755	-0.749	-0.748	-0.748	-0.748	-0.778	-0.893	-0.747	-0.744	-0.743	-0.743	-0.743	-0.730	-0.762	-0.791	-0.766	-0.465	-0.796	-0.781	-0.802	-0.840	-0.804	-0.874	-0.824	-0.826	-0.844	-0.825	-0.831	-0.815	-0.846	-0.780	-0.814	-0.801	-0.816	-0.826	-0.905	-0.880	-0.532	-0.914	-0.863	-0.873	-0.647	-0.877	-0.908	-0.976	-0.736	-0.796	-0.806	-0.846	-0.838	-0.992	-0.805	-1.058	-0.855	-0.956	-0.850	-0.876	-0.878	-0.966	-0.816	-0.963	-0.846	-0.859	-0.848	
rs1367369      -0.904	-0.357	-0.779	-0.826	-0.829	-0.536	-0.688	-0.699	-0.554	-0.685	-0.685	-0.688	-0.430	-0.453	-0.661	-0.484	-0.451	-0.878	-0.860	-0.853	-0.845	-0.848	-0.856	-0.687	-0.864	-0.792	-0.798	-0.839	-0.838	-0.837	-0.841	-0.843	-0.841	-0.840	-0.840	-0.841	-0.861	-0.847	-0.847	-0.847	-0.776	-0.840	-0.801	-0.823	-0.820	-0.821	-0.789	-0.794	-0.820	-0.819	-0.891	-0.782	-0.780	-0.763	-0.750	-0.744	-0.749	-0.738	-0.745	-0.739	-0.828	-0.793	-0.739	-0.798	-0.788	-0.790	-0.878	-0.800	-0.850	-0.799	-0.796	-0.734	-0.725	-0.706	-0.879	-0.731	-0.730	-0.779	-0.729	-0.723	-0.786	-0.710	-0.727	-0.727	-0.786	-0.727	-0.737	-0.739	-0.793	-0.793	-0.793	-0.789	-0.795	-0.789	-0.746	-0.789	-0.790	-0.744	-0.744	-0.744	-0.744	-0.784	-0.749	-0.784	-0.765	-0.784	-0.792	-0.792	-0.752	-0.752	-0.893	-0.752	-0.752	-0.752	-0.752	-0.787	-0.752	-0.746	-0.745	-0.745	-0.745	-0.777	-0.892	-0.744	-0.741	-0.740	-0.740	-0.740	-0.727	-0.759	-0.790	-0.763	-0.466	-0.794	-0.778	-0.799	-0.838	-0.801	-0.873	-0.823	-0.825	-0.843	-0.822	-0.830	-0.814	-0.844	-0.777	-0.813	-0.798	-0.815	-0.823	-0.904	-0.878	-0.532	-0.913	-0.862	-0.872	-0.646	-0.876	-0.907	-0.975	-0.735	-0.795	-0.804	-0.845	-0.836	-0.991	-0.804	-1.057	-0.853	-0.955	-0.849	-0.875	-0.877	-0.965	-0.815	-0.962	-0.845	-0.858	-0.846	
rs28378222     -0.904	-0.356	-0.779	-0.826	-0.828	-0.536	-0.689	-0.699	-0.685	-0.554	-0.684	-0.687	-0.428	-0.450	-0.659	-0.482	-0.448	-0.877	-0.859	-0.853	-0.845	-0.847	-0.855	-0.686	-0.864	-0.791	-0.797	-0.838	-0.837	-0.836	-0.840	-0.842	-0.841	-0.840	-0.840	-0.840	-0.860	-0.846	-0.847	-0.847	-0.775	-0.840	-0.800	-0.822	-0.819	-0.820	-0.789	-0.794	-0.819	-0.818	-0.890	-0.781	-0.779	-0.762	-0.749	-0.743	-0.748	-0.737	-0.744	-0.738	-0.827	-0.792	-0.738	-0.798	-0.787	-0.789	-0.878	-0.800	-0.850	-0.799	-0.795	-0.733	-0.725	-0.705	-0.878	-0.730	-0.729	-0.778	-0.728	-0.723	-0.786	-0.709	-0.726	-0.726	-0.786	-0.726	-0.736	-0.738	-0.793	-0.793	-0.793	-0.788	-0.794	-0.788	-0.746	-0.788	-0.789	-0.743	-0.743	-0.743	-0.743	-0.783	-0.748	-0.783	-0.764	-0.783	-0.792	-0.792	-0.751	-0.751	-0.892	-0.751	-0.751	-0.751	-0.751	-0.786	-0.751	-0.745	-0.744	-0.744	-0.744	-0.777	-0.892	-0.743	-0.740	-0.740	-0.739	-0.739	-0.726	-0.758	-0.789	-0.763	-0.467	-0.793	-0.777	-0.798	-0.837	-0.801	-0.873	-0.822	-0.825	-0.842	-0.822	-0.830	-0.814	-0.843	-0.777	-0.812	-0.797	-0.814	-0.823	-0.904	-0.878	-0.532	-0.913	-0.862	-0.872	-0.646	-0.876	-0.907	-0.975	-0.735	-0.795	-0.804	-0.845	-0.836	-0.991	-0.804	-1.057	-0.853	-0.955	-0.849	-0.874	-0.876	-0.964	-0.815	-0.962	-0.845	-0.858	-0.846	
rs28613540     -0.904	-0.354	-0.778	-0.825	-0.828	-0.536	-0.689	-0.699	-0.685	-0.684	-0.554	-0.687	-0.426	-0.449	-0.658	-0.480	-0.446	-0.877	-0.859	-0.852	-0.844	-0.847	-0.855	-0.685	-0.863	-0.790	-0.797	-0.838	-0.837	-0.836	-0.840	-0.842	-0.840	-0.839	-0.839	-0.839	-0.860	-0.846	-0.846	-0.846	-0.775	-0.839	-0.799	-0.821	-0.819	-0.819	-0.789	-0.793	-0.818	-0.817	-0.890	-0.780	-0.779	-0.761	-0.748	-0.742	-0.747	-0.736	-0.743	-0.737	-0.826	-0.791	-0.737	-0.797	-0.787	-0.788	-0.878	-0.799	-0.849	-0.798	-0.795	-0.732	-0.725	-0.705	-0.878	-0.729	-0.728	-0.777	-0.727	-0.722	-0.785	-0.708	-0.725	-0.725	-0.785	-0.725	-0.735	-0.737	-0.792	-0.792	-0.792	-0.788	-0.794	-0.788	-0.745	-0.788	-0.789	-0.742	-0.742	-0.742	-0.742	-0.783	-0.747	-0.783	-0.764	-0.782	-0.791	-0.791	-0.750	-0.750	-0.892	-0.750	-0.750	-0.750	-0.750	-0.786	-0.750	-0.744	-0.743	-0.743	-0.743	-0.776	-0.892	-0.742	-0.739	-0.739	-0.738	-0.738	-0.725	-0.757	-0.789	-0.762	-0.467	-0.792	-0.777	-0.798	-0.837	-0.800	-0.873	-0.822	-0.824	-0.842	-0.821	-0.829	-0.813	-0.842	-0.776	-0.812	-0.797	-0.814	-0.822	-0.903	-0.878	-0.531	-0.912	-0.861	-0.872	-0.646	-0.876	-0.906	-0.974	-0.734	-0.794	-0.804	-0.845	-0.836	-0.990	-0.803	-1.056	-0.853	-0.954	-0.848	-0.874	-0.876	-0.964	-0.814	-0.962	-0.844	-0.857	-0.846	
rs7648607      -0.908	-0.369	-0.784	-0.830	-0.833	-0.536	-0.695	-0.702	-0.688	-0.687	-0.687	-0.557	-0.440	-0.462	-0.667	-0.493	-0.460	-0.880	-0.863	-0.857	-0.849	-0.851	-0.859	-0.693	-0.868	-0.796	-0.803	-0.843	-0.841	-0.841	-0.844	-0.847	-0.845	-0.844	-0.844	-0.844	-0.864	-0.851	-0.851	-0.851	-0.781	-0.844	-0.805	-0.827	-0.824	-0.825	-0.791	-0.796	-0.824	-0.823	-0.894	-0.786	-0.785	-0.768	-0.755	-0.749	-0.754	-0.743	-0.750	-0.744	-0.831	-0.796	-0.744	-0.802	-0.792	-0.793	-0.881	-0.804	-0.854	-0.803	-0.800	-0.739	-0.727	-0.710	-0.882	-0.736	-0.735	-0.782	-0.734	-0.729	-0.790	-0.715	-0.732	-0.732	-0.790	-0.733	-0.742	-0.744	-0.797	-0.797	-0.797	-0.793	-0.799	-0.793	-0.750	-0.793	-0.794	-0.749	-0.749	-0.749	-0.749	-0.788	-0.754	-0.788	-0.770	-0.787	-0.796	-0.796	-0.757	-0.757	-0.895	-0.757	-0.757	-0.757	-0.757	-0.791	-0.757	-0.751	-0.750	-0.750	-0.750	-0.781	-0.894	-0.749	-0.746	-0.746	-0.745	-0.745	-0.732	-0.764	-0.794	-0.768	-0.466	-0.798	-0.783	-0.804	-0.842	-0.806	-0.875	-0.827	-0.829	-0.846	-0.827	-0.834	-0.818	-0.847	-0.782	-0.817	-0.803	-0.819	-0.828	-0.907	-0.881	-0.533	-0.916	-0.865	-0.875	-0.648	-0.879	-0.909	-0.977	-0.738	-0.798	-0.807	-0.848	-0.839	-0.993	-0.806	-1.059	-0.856	-0.958	-0.852	-0.877	-0.879	-0.967	-0.818	-0.965	-0.848	-0.861	-0.849	
rs9834743      -1.043	-0.787	-0.974	-1.000	-1.002	-0.448	-0.484	-0.438	-0.430	-0.428	-0.426	-0.440	-0.631	-0.775	-0.760	-0.772	-0.775	-0.876	-1.019	-1.016	-1.011	-1.012	-1.017	-0.782	-1.023	-0.841	-0.837	-1.008	-1.008	-1.007	-1.009	-1.011	-1.010	-1.009	-1.009	-1.009	-1.020	-1.013	-1.013	-1.013	-0.957	-1.009	-0.844	-0.818	-0.823	-0.820	-0.822	-0.831	-0.821	-0.822	-1.037	-0.855	-0.857	-0.869	-0.878	-0.880	-0.879	-0.881	-0.880	-0.883	-1.003	-0.982	-0.882	-0.985	-0.978	-0.980	-0.889	-0.986	-1.015	-0.986	-0.983	-0.884	-0.723	-0.932	-1.007	-0.885	-0.885	-0.973	-0.885	-0.888	-0.977	-0.890	-0.886	-0.886	-0.978	-0.886	-0.883	-0.883	-0.982	-0.982	-0.982	-0.979	-0.982	-0.979	-0.950	-0.979	-0.979	-0.881	-0.881	-0.881	-0.881	-0.976	-0.880	-0.976	-0.890	-0.976	-0.981	-0.981	-0.881	-0.881	-0.900	-0.881	-0.881	-0.881	-0.881	-0.978	-0.881	-0.884	-0.885	-0.885	-0.885	-0.971	-0.907	-0.887	-0.890	-0.891	-0.892	-0.893	-0.897	-0.887	-0.979	-0.886	-0.094	-0.871	-0.882	-0.868	-0.834	-0.869	-0.831	-1.000	-1.001	-1.011	-0.852	-1.004	-0.994	-0.838	-0.890	-0.993	-0.874	-0.994	-0.912	-1.024	-0.933	-0.493	-1.004	-0.958	-0.973	-0.690	-0.998	-0.969	-1.072	-0.901	-0.942	-0.882	-0.978	-0.910	-1.060	-0.887	-1.119	-0.970	-1.051	-0.965	-0.990	-0.991	-1.060	-0.915	-1.058	-0.965	-0.975	-0.966	
rs6762369      -1.044	-0.784	-0.973	-1.000	-1.002	-0.454	-0.506	-0.460	-0.453	-0.450	-0.449	-0.462	-0.775	-0.634	-0.770	-0.771	-0.769	-0.881	-1.019	-1.015	-1.011	-1.012	-1.017	-0.790	-1.022	-0.849	-0.845	-1.008	-1.008	-1.007	-1.009	-1.011	-1.010	-1.009	-1.009	-1.009	-1.021	-1.013	-1.013	-1.013	-0.960	-1.009	-0.856	-0.833	-0.837	-0.835	-0.826	-0.835	-0.835	-0.836	-1.038	-0.867	-0.868	-0.879	-0.886	-0.888	-0.887	-0.889	-0.889	-0.890	-1.002	-0.981	-0.890	-0.984	-0.978	-0.979	-0.895	-0.986	-1.015	-0.985	-0.983	-0.891	-0.728	-0.930	-1.007	-0.892	-0.892	-0.972	-0.893	-0.895	-0.977	-0.896	-0.893	-0.893	-0.977	-0.893	-0.891	-0.891	-0.981	-0.981	-0.981	-0.978	-0.982	-0.978	-0.948	-0.978	-0.979	-0.889	-0.889	-0.889	-0.889	-0.975	-0.888	-0.975	-0.898	-0.975	-0.980	-0.980	-0.889	-0.889	-0.906	-0.889	-0.889	-0.890	-0.890	-0.977	-0.890	-0.891	-0.893	-0.893	-0.893	-0.970	-0.913	-0.894	-0.896	-0.898	-0.899	-0.900	-0.903	-0.895	-0.978	-0.894	-0.109	-0.881	-0.890	-0.878	-0.848	-0.879	-0.838	-0.999	-1.000	-1.011	-0.863	-1.003	-0.994	-0.851	-0.898	-0.992	-0.884	-0.994	-0.919	-1.025	-0.936	-0.499	-1.006	-0.960	-0.975	-0.693	-1.000	-0.972	-1.074	-0.901	-0.943	-0.885	-0.979	-0.912	-1.063	-0.890	-1.122	-0.971	-1.053	-0.966	-0.991	-0.993	-1.062	-0.917	-1.060	-0.966	-0.977	-0.967	
rs6786207      -1.043	-0.732	-0.956	-0.989	-0.991	-0.508	-0.697	-0.665	-0.661	-0.659	-0.658	-0.667	-0.760	-0.770	-0.645	-0.787	-0.768	-0.912	-1.012	-1.008	-1.002	-1.003	-1.009	-0.861	-1.015	-0.908	-0.907	-0.998	-0.998	-0.997	-1.000	-1.001	-1.000	-0.999	-0.999	-0.999	-1.013	-1.004	-1.004	-1.004	-0.962	-1.000	-0.913	-0.904	-0.906	-0.905	-0.847	-0.855	-0.905	-0.905	-1.035	-0.915	-0.915	-0.918	-0.919	-0.918	-0.919	-0.917	-0.919	-0.918	-0.991	-0.966	-0.918	-0.970	-0.962	-0.964	-0.923	-0.972	-1.007	-0.971	-0.968	-0.918	-0.756	-0.907	-1.003	-0.917	-0.917	-0.955	-0.917	-0.917	-0.961	-0.914	-0.917	-0.917	-0.961	-0.917	-0.918	-0.919	-0.966	-0.966	-0.966	-0.963	-0.967	-0.963	-0.929	-0.963	-0.964	-0.919	-0.919	-0.919	-0.919	-0.959	-0.920	-0.959	-0.927	-0.959	-0.966	-0.966	-0.921	-0.921	-0.935	-0.921	-0.921	-0.921	-0.921	-0.962	-0.921	-0.920	-0.921	-0.921	-0.921	-0.954	-0.940	-0.921	-0.922	-0.922	-0.923	-0.923	-0.921	-0.925	-0.963	-0.926	-0.231	-0.926	-0.927	-0.925	-0.914	-0.926	-0.878	-0.987	-0.989	-1.001	-0.921	-0.993	-0.981	-0.917	-0.931	-0.980	-0.928	-0.981	-0.952	-1.024	-0.953	-0.535	-1.010	-0.962	-0.977	-0.709	-1.000	-0.986	-1.078	-0.892	-0.937	-0.893	-0.977	-0.922	-1.074	-0.899	-1.135	-0.970	-1.057	-0.966	-0.991	-0.993	-1.067	-0.924	-1.065	-0.965	-0.976	-0.966	
rs6786226      -1.044	-0.776	-0.970	-0.998	-0.999	-0.463	-0.534	-0.491	-0.484	-0.482	-0.480	-0.493	-0.772	-0.771	-0.787	-0.636	-0.770	-0.886	-1.017	-1.014	-1.009	-1.010	-1.015	-0.803	-1.020	-0.855	-0.851	-1.006	-1.006	-1.005	-1.007	-1.009	-1.008	-1.007	-1.007	-1.007	-1.019	-1.011	-1.011	-1.011	-0.959	-1.007	-0.862	-0.840	-0.844	-0.842	-0.830	-0.839	-0.842	-0.843	-1.037	-0.871	-0.872	-0.883	-0.889	-0.891	-0.890	-0.891	-0.891	-0.893	-1.000	-0.978	-0.892	-0.981	-0.975	-0.976	-0.899	-0.983	-1.013	-0.982	-0.980	-0.893	-0.733	-0.926	-1.006	-0.894	-0.894	-0.968	-0.894	-0.896	-0.974	-0.897	-0.895	-0.895	-0.974	-0.895	-0.893	-0.893	-0.978	-0.978	-0.978	-0.975	-0.979	-0.975	-0.945	-0.975	-0.976	-0.892	-0.892	-0.892	-0.892	-0.972	-0.891	-0.972	-0.900	-0.972	-0.978	-0.978	-0.892	-0.892	-0.911	-0.892	-0.892	-0.892	-0.892	-0.974	-0.892	-0.894	-0.895	-0.895	-0.895	-0.967	-0.917	-0.896	-0.898	-0.899	-0.900	-0.901	-0.904	-0.897	-0.975	-0.896	-0.123	-0.885	-0.894	-0.883	-0.855	-0.884	-0.844	-0.997	-0.998	-1.009	-0.869	-1.001	-0.991	-0.857	-0.901	-0.990	-0.888	-0.991	-0.923	-1.024	-0.939	-0.505	-1.007	-0.960	-0.975	-0.696	-1.000	-0.974	-1.075	-0.900	-0.942	-0.886	-0.980	-0.914	-1.065	-0.891	-1.125	-0.971	-1.054	-0.967	-0.991	-0.993	-1.063	-0.919	-1.061	-0.966	-0.977	-0.967	
rs2116000      -1.044	-0.785	-0.973	-1.000	-1.002	-0.454	-0.504	-0.458	-0.451	-0.448	-0.446	-0.460	-0.775	-0.769	-0.768	-0.770	-0.634	-0.880	-1.019	-1.015	-1.010	-1.012	-1.017	-0.787	-1.022	-0.847	-0.843	-1.008	-1.007	-1.007	-1.009	-1.010	-1.010	-1.009	-1.009	-1.009	-1.020	-1.013	-1.013	-1.013	-0.959	-1.009	-0.854	-0.830	-0.835	-0.832	-0.826	-0.835	-0.833	-0.834	-1.038	-0.865	-0.866	-0.878	-0.885	-0.887	-0.886	-0.888	-0.887	-0.889	-1.002	-0.981	-0.888	-0.984	-0.978	-0.979	-0.894	-0.985	-1.015	-0.985	-0.983	-0.890	-0.728	-0.930	-1.007	-0.891	-0.891	-0.971	-0.891	-0.894	-0.976	-0.895	-0.892	-0.892	-0.977	-0.892	-0.890	-0.889	-0.981	-0.981	-0.981	-0.978	-0.982	-0.978	-0.948	-0.978	-0.979	-0.888	-0.888	-0.888	-0.888	-0.975	-0.887	-0.975	-0.897	-0.975	-0.980	-0.980	-0.888	-0.888	-0.905	-0.888	-0.888	-0.888	-0.888	-0.977	-0.888	-0.890	-0.891	-0.891	-0.892	-0.970	-0.912	-0.893	-0.895	-0.896	-0.897	-0.899	-0.901	-0.894	-0.978	-0.892	-0.107	-0.880	-0.889	-0.877	-0.846	-0.877	-0.837	-0.999	-1.000	-1.010	-0.862	-1.003	-0.993	-0.849	-0.896	-0.992	-0.882	-0.994	-0.918	-1.025	-0.936	-0.498	-1.005	-0.959	-0.975	-0.693	-1.000	-0.971	-1.073	-0.901	-0.942	-0.884	-0.979	-0.912	-1.062	-0.889	-1.122	-0.971	-1.053	-0.966	-0.991	-0.992	-1.061	-0.917	-1.060	-0.965	-0.976	-0.967	
rs12637754     -0.904	-0.849	-0.828	-0.860	-0.862	-0.175	-0.887	-0.879	-0.878	-0.877	-0.877	-0.880	-0.876	-0.881	-0.912	-0.886	-0.880	-0.471	-0.883	-0.878	-0.873	-0.875	-0.879	-0.909	-0.885	-0.924	-0.924	-0.868	-0.867	-0.868	-0.869	-0.871	-0.870	-0.869	-0.869	-0.869	-0.883	-0.873	-0.874	-0.874	-0.900	-0.869	-0.924	-0.928	-0.927	-0.927	-0.670	-0.675	-0.927	-0.927	-0.902	-0.921	-0.921	-0.917	-0.914	-0.913	-0.914	-0.912	-0.913	-0.912	-0.861	-0.836	-0.912	-0.840	-0.832	-0.834	-0.711	-0.841	-0.876	-0.841	-0.838	-0.911	-0.599	-0.790	-0.851	-0.910	-0.910	-0.826	-0.909	-0.908	-0.831	-0.904	-0.909	-0.909	-0.831	-0.909	-0.911	-0.912	-0.836	-0.836	-0.836	-0.833	-0.837	-0.833	-0.800	-0.833	-0.833	-0.913	-0.913	-0.913	-0.913	-0.829	-0.914	-0.829	-0.911	-0.829	-0.835	-0.835	-0.914	-0.914	-0.719	-0.914	-0.914	-0.914	-0.914	-0.832	-0.914	-0.913	-0.912	-0.912	-0.912	-0.824	-0.721	-0.912	-0.911	-0.911	-0.910	-0.910	-0.907	-0.915	-0.832	-0.916	-0.384	-0.923	-0.919	-0.924	-0.930	-0.924	-0.706	-0.856	-0.857	-0.868	-0.927	-0.861	-0.849	-0.929	-0.917	-0.848	-0.922	-0.849	-0.924	-0.873	-0.744	-0.397	-0.812	-0.737	-0.758	-0.556	-0.780	-0.784	-0.869	-0.618	-0.697	-0.725	-0.752	-0.755	-0.898	-0.736	-0.976	-0.764	-0.869	-0.759	-0.783	-0.785	-0.876	-0.759	-0.874	-0.751	-0.765	-0.753	
rs10510991     -0.866	-1.017	-0.783	-0.743	-0.747	-0.503	-0.878	-0.861	-0.860	-0.859	-0.859	-0.863	-1.019	-1.019	-1.012	-1.017	-1.019	-0.883	-0.609	-0.743	-0.743	-0.757	-0.750	-1.003	-0.780	-0.986	-0.984	-0.784	-0.783	-0.793	-0.786	-0.788	-0.787	-0.787	-0.787	-0.787	-0.797	-0.792	-0.792	-0.792	-0.994	-0.789	-0.987	-0.974	-0.977	-0.976	-0.809	-0.818	-0.976	-0.977	-0.856	-0.994	-0.995	-1.001	-1.006	-1.007	-1.006	-1.008	-1.007	-1.009	-0.805	-0.763	-1.008	-0.770	-0.757	-0.759	-0.895	-0.772	-0.812	-0.771	-0.764	-1.009	-0.711	-0.775	-0.923	-1.010	-1.010	-0.749	-1.010	-1.011	-0.756	-1.013	-1.010	-1.010	-0.756	-1.010	-1.009	-1.008	-0.765	-0.765	-0.765	-0.756	-0.763	-0.756	-0.705	-0.756	-0.757	-1.007	-1.007	-1.007	-1.007	-0.749	-1.006	-0.748	-1.012	-0.748	-0.764	-0.764	-1.006	-1.006	-0.909	-1.006	-1.006	-1.006	-1.006	-0.756	-1.006	-1.007	-1.007	-1.007	-1.007	-0.742	-0.914	-1.007	-1.009	-1.009	-1.009	-1.010	-1.012	-1.006	-0.758	-1.005	-0.084	-0.996	-1.002	-0.994	-0.975	-0.994	-0.849	-0.794	-0.796	-0.809	-0.983	-0.803	-0.791	-0.975	-1.003	-0.788	-0.995	-0.790	-0.999	-0.934	-0.920	-0.482	-0.963	-0.914	-0.934	-0.696	-0.983	-0.950	-1.049	-0.901	-0.935	-0.869	-0.967	-0.892	-1.002	-0.865	-1.063	-0.948	-1.017	-0.944	-0.967	-0.968	-1.024	-0.894	-1.024	-0.945	-0.955	-0.946	
rs17006441     -0.864	-1.014	-0.786	-0.747	-0.752	-0.498	-0.872	-0.855	-0.853	-0.853	-0.852	-0.857	-1.016	-1.015	-1.008	-1.014	-1.015	-0.878	-0.743	-0.605	-0.742	-0.760	-0.751	-0.999	-0.777	-0.981	-0.979	-0.784	-0.783	-0.792	-0.786	-0.787	-0.786	-0.786	-0.787	-0.787	-0.797	-0.791	-0.791	-0.791	-0.990	-0.789	-0.982	-0.969	-0.972	-0.971	-0.805	-0.814	-0.971	-0.972	-0.854	-0.989	-0.990	-0.997	-1.001	-1.003	-1.002	-1.004	-1.003	-1.005	-0.806	-0.768	-1.004	-0.773	-0.762	-0.764	-0.891	-0.775	-0.811	-0.774	-0.767	-1.005	-0.707	-0.780	-0.922	-1.006	-1.006	-0.753	-1.006	-1.007	-0.761	-1.009	-1.006	-1.006	-0.761	-1.006	-1.005	-1.004	-0.768	-0.768	-0.768	-0.760	-0.768	-0.760	-0.712	-0.760	-0.761	-1.003	-1.003	-1.003	-1.003	-0.755	-1.002	-0.754	-1.008	-0.754	-0.767	-0.767	-1.001	-1.001	-0.905	-1.001	-1.001	-1.001	-1.002	-0.762	-1.001	-1.003	-1.003	-1.003	-1.003	-0.748	-0.910	-1.003	-1.004	-1.005	-1.005	-1.006	-1.008	-1.001	-0.763	-1.000	-0.074	-0.991	-0.997	-0.989	-0.970	-0.989	-0.844	-0.796	-0.798	-0.810	-0.978	-0.804	-0.793	-0.969	-0.998	-0.791	-0.991	-0.792	-0.995	-0.932	-0.916	-0.478	-0.962	-0.914	-0.933	-0.693	-0.981	-0.946	-1.046	-0.900	-0.934	-0.866	-0.965	-0.890	-0.998	-0.862	-1.059	-0.947	-1.015	-0.943	-0.965	-0.967	-1.022	-0.891	-1.022	-0.943	-0.953	-0.945	
rs59913237     -0.856	-1.010	-0.791	-0.744	-0.750	-0.493	-0.863	-0.846	-0.845	-0.845	-0.844	-0.849	-1.011	-1.011	-1.002	-1.009	-1.010	-0.873	-0.743	-0.742	-0.600	-0.754	-0.740	-0.992	-0.775	-0.975	-0.972	-0.780	-0.779	-0.788	-0.781	-0.782	-0.782	-0.782	-0.782	-0.782	-0.789	-0.785	-0.785	-0.786	-0.984	-0.785	-0.974	-0.961	-0.963	-0.962	-0.799	-0.808	-0.963	-0.963	-0.845	-0.982	-0.982	-0.990	-0.994	-0.996	-0.995	-0.997	-0.996	-0.998	-0.803	-0.768	-0.997	-0.773	-0.764	-0.765	-0.884	-0.775	-0.806	-0.774	-0.767	-0.998	-0.701	-0.782	-0.919	-0.999	-0.999	-0.755	-0.999	-1.000	-0.762	-1.003	-1.000	-1.000	-0.762	-1.000	-0.998	-0.997	-0.769	-0.769	-0.769	-0.761	-0.768	-0.761	-0.717	-0.761	-0.762	-0.996	-0.996	-0.996	-0.996	-0.756	-0.995	-0.756	-1.002	-0.756	-0.768	-0.768	-0.994	-0.994	-0.899	-0.994	-0.994	-0.994	-0.994	-0.763	-0.994	-0.996	-0.996	-0.996	-0.996	-0.751	-0.904	-0.996	-0.998	-0.998	-0.999	-0.999	-1.002	-0.994	-0.765	-0.993	-0.059	-0.984	-0.990	-0.982	-0.961	-0.981	-0.836	-0.795	-0.796	-0.806	-0.970	-0.802	-0.792	-0.961	-0.991	-0.790	-0.983	-0.792	-0.988	-0.928	-0.911	-0.470	-0.960	-0.913	-0.931	-0.690	-0.977	-0.941	-1.042	-0.897	-0.931	-0.862	-0.962	-0.885	-0.992	-0.857	-1.053	-0.944	-1.011	-0.941	-0.962	-0.964	-1.018	-0.887	-1.018	-0.941	-0.951	-0.942	
rs13097379     -0.860	-1.011	-0.799	-0.762	-0.764	-0.496	-0.866	-0.849	-0.848	-0.847	-0.847	-0.851	-1.012	-1.012	-1.003	-1.010	-1.012	-0.875	-0.757	-0.760	-0.754	-0.600	-0.752	-0.994	-0.782	-0.976	-0.973	-0.785	-0.785	-0.793	-0.787	-0.788	-0.787	-0.788	-0.788	-0.788	-0.793	-0.791	-0.791	-0.791	-0.985	-0.790	-0.975	-0.962	-0.964	-0.963	-0.799	-0.808	-0.964	-0.964	-0.848	-0.983	-0.983	-0.990	-0.995	-0.997	-0.996	-0.998	-0.997	-0.999	-0.807	-0.773	-0.998	-0.779	-0.769	-0.771	-0.886	-0.781	-0.810	-0.780	-0.774	-0.999	-0.700	-0.786	-0.920	-1.000	-1.000	-0.762	-1.000	-1.001	-0.768	-1.004	-1.001	-1.001	-0.768	-1.001	-0.999	-0.998	-0.775	-0.775	-0.775	-0.768	-0.773	-0.768	-0.726	-0.768	-0.769	-0.997	-0.997	-0.997	-0.997	-0.762	-0.996	-0.762	-1.002	-0.762	-0.774	-0.774	-0.995	-0.995	-0.900	-0.995	-0.995	-0.995	-0.995	-0.768	-0.995	-0.996	-0.997	-0.997	-0.997	-0.756	-0.905	-0.997	-0.998	-0.999	-1.000	-1.000	-1.003	-0.995	-0.769	-0.994	-0.060	-0.984	-0.991	-0.982	-0.962	-0.982	-0.839	-0.798	-0.800	-0.809	-0.971	-0.805	-0.796	-0.962	-0.992	-0.793	-0.984	-0.795	-0.989	-0.928	-0.912	-0.469	-0.961	-0.914	-0.932	-0.690	-0.977	-0.942	-1.042	-0.898	-0.931	-0.862	-0.962	-0.885	-0.994	-0.857	-1.053	-0.945	-1.012	-0.941	-0.963	-0.965	-1.018	-0.886	-1.019	-0.942	-0.951	-0.943	
rs35408095     -0.864	-1.015	-0.792	-0.751	-0.753	-0.500	-0.874	-0.857	-0.856	-0.855	-0.855	-0.859	-1.017	-1.017	-1.009	-1.015	-1.017	-0.879	-0.750	-0.751	-0.740	-0.752	-0.606	-0.999	-0.778	-0.982	-0.979	-0.778	-0.777	-0.787	-0.780	-0.781	-0.780	-0.780	-0.780	-0.780	-0.789	-0.785	-0.785	-0.785	-0.989	-0.783	-0.981	-0.968	-0.971	-0.970	-0.805	-0.814	-0.970	-0.971	-0.850	-0.989	-0.989	-0.996	-1.001	-1.002	-1.002	-1.004	-1.003	-1.004	-0.802	-0.761	-1.003	-0.768	-0.755	-0.757	-0.891	-0.770	-0.807	-0.769	-0.762	-1.005	-0.707	-0.776	-0.921	-1.005	-1.005	-0.747	-1.006	-1.007	-0.754	-1.009	-1.006	-1.006	-0.754	-1.006	-1.004	-1.004	-0.763	-0.763	-0.763	-0.754	-0.761	-0.754	-0.705	-0.754	-0.755	-1.003	-1.003	-1.003	-1.003	-0.747	-1.001	-0.747	-1.008	-0.747	-0.762	-0.762	-1.001	-1.001	-0.905	-1.001	-1.001	-1.001	-1.001	-0.755	-1.001	-1.002	-1.002	-1.002	-1.002	-0.740	-0.910	-1.003	-1.004	-1.004	-1.005	-1.005	-1.008	-1.001	-0.755	-1.000	-0.073	-0.991	-0.997	-0.989	-0.969	-0.988	-0.844	-0.791	-0.792	-0.805	-0.978	-0.799	-0.788	-0.969	-0.998	-0.785	-0.990	-0.787	-0.994	-0.930	-0.917	-0.478	-0.962	-0.914	-0.933	-0.694	-0.981	-0.946	-1.046	-0.900	-0.934	-0.866	-0.965	-0.890	-0.998	-0.863	-1.059	-0.947	-1.015	-0.943	-0.965	-0.967	-1.022	-0.891	-1.022	-0.943	-0.953	-0.945	
rs6785461      -1.037	-0.747	-0.948	-0.981	-0.983	-0.505	-0.720	-0.691	-0.687	-0.686	-0.685	-0.693	-0.782	-0.790	-0.861	-0.803	-0.787	-0.909	-1.003	-0.999	-0.992	-0.994	-0.999	-0.643	-1.005	-0.866	-0.864	-0.987	-0.986	-0.986	-0.988	-0.990	-0.989	-0.988	-0.988	-0.988	-1.003	-0.993	-0.993	-0.993	-0.932	-0.988	-0.873	-0.862	-0.864	-0.863	-0.845	-0.853	-0.864	-0.864	-1.017	-0.879	-0.879	-0.882	-0.882	-0.882	-0.883	-0.880	-0.882	-0.881	-0.981	-0.954	-0.881	-0.959	-0.951	-0.952	-0.919	-0.960	-0.997	-0.960	-0.957	-0.880	-0.755	-0.893	-0.994	-0.880	-0.880	-0.943	-0.879	-0.879	-0.949	-0.875	-0.879	-0.879	-0.949	-0.879	-0.881	-0.882	-0.955	-0.955	-0.955	-0.951	-0.956	-0.951	-0.916	-0.951	-0.952	-0.883	-0.883	-0.883	-0.883	-0.947	-0.883	-0.947	-0.893	-0.947	-0.954	-0.954	-0.885	-0.885	-0.932	-0.885	-0.885	-0.885	-0.885	-0.950	-0.885	-0.883	-0.883	-0.883	-0.883	-0.941	-0.936	-0.883	-0.883	-0.883	-0.883	-0.884	-0.881	-0.887	-0.950	-0.888	-0.184	-0.889	-0.891	-0.889	-0.878	-0.891	-0.874	-0.976	-0.977	-0.990	-0.885	-0.981	-0.969	-0.881	-0.896	-0.968	-0.892	-0.969	-0.926	-1.015	-0.955	-0.533	-1.009	-0.960	-0.975	-0.708	-1.000	-0.988	-1.077	-0.891	-0.937	-0.892	-0.977	-0.921	-1.074	-0.897	-1.134	-0.969	-1.056	-0.965	-0.990	-0.991	-1.065	-0.922	-1.064	-0.963	-0.975	-0.965	
rs6777363      -0.882	-1.020	-0.806	-0.784	-0.787	-0.505	-0.882	-0.865	-0.864	-0.864	-0.863	-0.868	-1.023	-1.022	-1.015	-1.020	-1.022	-0.885	-0.780	-0.777	-0.775	-0.782	-0.778	-1.005	-0.610	-0.987	-0.984	-0.769	-0.768	-0.780	-0.772	-0.774	-0.773	-0.773	-0.773	-0.773	-0.786	-0.778	-0.779	-0.779	-0.994	-0.777	-0.987	-0.975	-0.977	-0.976	-0.811	-0.820	-0.977	-0.977	-0.854	-0.995	-0.996	-1.002	-1.007	-1.008	-1.008	-1.010	-1.009	-1.010	-0.802	-0.756	-1.009	-0.763	-0.750	-0.753	-0.896	-0.765	-0.807	-0.764	-0.755	-1.010	-0.713	-0.772	-0.926	-1.011	-1.011	-0.740	-1.011	-1.012	-0.749	-1.014	-1.012	-1.012	-0.749	-1.012	-1.010	-1.009	-0.757	-0.757	-0.757	-0.747	-0.756	-0.747	-0.700	-0.747	-0.748	-1.008	-1.008	-1.008	-1.008	-0.741	-1.007	-0.741	-1.013	-0.741	-0.756	-0.756	-1.007	-1.007	-0.911	-1.007	-1.007	-1.007	-1.007	-0.749	-1.007	-1.008	-1.008	-1.008	-1.008	-0.731	-0.916	-1.008	-1.009	-1.010	-1.010	-1.010	-1.013	-1.006	-0.747	-1.005	-0.079	-0.996	-1.002	-0.995	-0.975	-0.994	-0.851	-0.787	-0.789	-0.803	-0.984	-0.796	-0.783	-0.975	-1.003	-0.780	-0.996	-0.782	-1.000	-0.936	-0.922	-0.484	-0.965	-0.915	-0.935	-0.697	-0.985	-0.952	-1.050	-0.903	-0.937	-0.870	-0.969	-0.894	-1.003	-0.867	-1.064	-0.950	-1.019	-0.946	-0.968	-0.970	-1.026	-0.896	-1.026	-0.946	-0.956	-0.947	
rs6785975      -1.026	-0.806	-0.926	-0.963	-0.965	-0.532	-0.817	-0.795	-0.792	-0.791	-0.790	-0.796	-0.841	-0.849	-0.908	-0.855	-0.847	-0.924	-0.986	-0.981	-0.975	-0.976	-0.982	-0.866	-0.987	-0.647	-0.788	-0.966	-0.965	-0.970	-0.968	-0.969	-0.968	-0.967	-0.967	-0.967	-0.984	-0.973	-0.973	-0.973	-0.889	-0.967	-0.808	-0.798	-0.802	-0.800	-0.854	-0.861	-0.801	-0.802	-1.000	-0.817	-0.817	-0.814	-0.810	-0.807	-0.812	-0.807	-0.809	-0.805	-0.960	-0.931	-0.804	-0.936	-0.927	-0.928	-0.932	-0.937	-0.978	-0.937	-0.934	-0.801	-0.767	-0.860	-0.983	-0.798	-0.798	-0.919	-0.797	-0.794	-0.925	-0.781	-0.796	-0.796	-0.925	-0.796	-0.804	-0.806	-0.931	-0.931	-0.931	-0.928	-0.932	-0.928	-0.889	-0.928	-0.928	-0.810	-0.810	-0.810	-0.810	-0.923	-0.813	-0.923	-0.837	-0.923	-0.931	-0.931	-0.817	-0.817	-0.945	-0.817	-0.817	-0.817	-0.817	-0.926	-0.817	-0.811	-0.809	-0.809	-0.809	-0.916	-0.949	-0.807	-0.805	-0.805	-0.804	-0.806	-0.796	-0.820	-0.926	-0.823	-0.193	-0.837	-0.833	-0.838	-0.835	-0.842	-0.893	-0.954	-0.956	-0.970	-0.841	-0.960	-0.947	-0.842	-0.841	-0.945	-0.843	-0.947	-0.892	-1.005	-0.962	-0.548	-1.011	-0.958	-0.977	-0.714	-1.002	-0.995	-1.080	-0.891	-0.937	-0.895	-0.978	-0.924	-1.078	-0.900	-1.140	-0.971	-1.059	-0.966	-0.991	-0.993	-1.068	-0.924	-1.066	-0.965	-0.976	-0.966	
rs11712880     -1.023	-0.801	-0.923	-0.960	-0.962	-0.535	-0.822	-0.801	-0.798	-0.797	-0.797	-0.803	-0.837	-0.845	-0.907	-0.851	-0.843	-0.924	-0.984	-0.979	-0.972	-0.973	-0.979	-0.864	-0.984	-0.788	-0.646	-0.962	-0.961	-0.967	-0.964	-0.966	-0.964	-0.963	-0.963	-0.963	-0.980	-0.969	-0.969	-0.969	-0.883	-0.963	-0.801	-0.793	-0.796	-0.795	-0.854	-0.861	-0.796	-0.796	-0.996	-0.809	-0.809	-0.803	-0.798	-0.794	-0.800	-0.794	-0.796	-0.792	-0.956	-0.926	-0.790	-0.931	-0.922	-0.924	-0.932	-0.933	-0.974	-0.932	-0.929	-0.786	-0.767	-0.854	-0.980	-0.784	-0.783	-0.914	-0.781	-0.778	-0.922	-0.762	-0.780	-0.780	-0.921	-0.780	-0.790	-0.793	-0.927	-0.927	-0.927	-0.923	-0.928	-0.923	-0.884	-0.923	-0.924	-0.797	-0.797	-0.797	-0.797	-0.919	-0.801	-0.918	-0.829	-0.918	-0.926	-0.926	-0.807	-0.806	-0.945	-0.806	-0.806	-0.806	-0.806	-0.921	-0.806	-0.799	-0.797	-0.796	-0.796	-0.911	-0.949	-0.795	-0.792	-0.791	-0.791	-0.793	-0.781	-0.810	-0.921	-0.813	-0.199	-0.831	-0.826	-0.833	-0.833	-0.837	-0.894	-0.950	-0.952	-0.966	-0.837	-0.956	-0.942	-0.840	-0.834	-0.941	-0.838	-0.943	-0.889	-1.003	-0.962	-0.549	-1.010	-0.957	-0.976	-0.714	-1.000	-0.994	-1.079	-0.889	-0.935	-0.894	-0.977	-0.923	-1.077	-0.899	-1.139	-0.969	-1.058	-0.965	-0.990	-0.992	-1.067	-0.923	-1.065	-0.963	-0.975	-0.965	
rs13097431     -0.869	-1.008	-0.818	-0.791	-0.793	-0.488	-0.858	-0.840	-0.839	-0.838	-0.838	-0.843	-1.008	-1.008	-0.998	-1.006	-1.008	-0.868	-0.784	-0.784	-0.780	-0.785	-0.778	-0.987	-0.769	-0.966	-0.962	-0.598	-0.731	-0.749	-0.732	-0.732	-0.732	-0.733	-0.733	-0.733	-0.734	-0.734	-0.734	-0.734	-0.975	-0.737	-0.964	-0.950	-0.952	-0.951	-0.795	-0.805	-0.952	-0.952	-0.821	-0.973	-0.973	-0.981	-0.986	-0.988	-0.987	-0.990	-0.988	-0.990	-0.776	-0.733	-0.989	-0.739	-0.728	-0.730	-0.879	-0.741	-0.774	-0.740	-0.740	-0.991	-0.696	-0.766	-0.914	-0.991	-0.992	-0.717	-0.992	-0.993	-0.726	-0.996	-0.992	-0.992	-0.726	-0.992	-0.990	-0.990	-0.735	-0.735	-0.735	-0.734	-0.743	-0.734	-0.693	-0.734	-0.735	-0.988	-0.988	-0.988	-0.988	-0.729	-0.987	-0.728	-0.994	-0.728	-0.734	-0.734	-0.986	-0.986	-0.893	-0.986	-0.987	-0.987	-0.987	-0.728	-0.987	-0.988	-0.988	-0.988	-0.988	-0.709	-0.899	-0.989	-0.990	-0.990	-0.991	-0.991	-0.994	-0.986	-0.728	-0.985	-0.027	-0.975	-0.982	-0.972	-0.951	-0.972	-0.830	-0.765	-0.767	-0.777	-0.960	-0.773	-0.764	-0.950	-0.983	-0.761	-0.974	-0.763	-0.980	-0.923	-0.907	-0.465	-0.958	-0.912	-0.930	-0.688	-0.975	-0.937	-1.040	-0.896	-0.930	-0.860	-0.960	-0.883	-0.987	-0.855	-1.048	-0.943	-1.009	-0.940	-0.961	-0.963	-1.015	-0.885	-1.015	-0.940	-0.950	-0.941	
rs11921548     -0.868	-1.008	-0.818	-0.791	-0.793	-0.487	-0.856	-0.839	-0.838	-0.837	-0.837	-0.841	-1.008	-1.008	-0.998	-1.006	-1.007	-0.867	-0.783	-0.783	-0.779	-0.785	-0.777	-0.986	-0.768	-0.965	-0.961	-0.731	-0.597	-0.748	-0.731	-0.731	-0.731	-0.732	-0.732	-0.732	-0.732	-0.733	-0.733	-0.733	-0.975	-0.736	-0.963	-0.949	-0.951	-0.950	-0.794	-0.804	-0.951	-0.951	-0.820	-0.972	-0.972	-0.980	-0.985	-0.987	-0.986	-0.989	-0.988	-0.989	-0.776	-0.734	-0.988	-0.739	-0.728	-0.731	-0.878	-0.742	-0.773	-0.741	-0.740	-0.990	-0.695	-0.767	-0.914	-0.990	-0.991	-0.717	-0.991	-0.992	-0.727	-0.995	-0.991	-0.991	-0.727	-0.991	-0.989	-0.989	-0.735	-0.736	-0.736	-0.734	-0.743	-0.734	-0.694	-0.734	-0.735	-0.987	-0.987	-0.987	-0.987	-0.729	-0.986	-0.729	-0.993	-0.729	-0.734	-0.734	-0.986	-0.986	-0.893	-0.986	-0.986	-0.986	-0.986	-0.729	-0.986	-0.987	-0.987	-0.987	-0.987	-0.710	-0.898	-0.988	-0.989	-0.990	-0.990	-0.990	-0.994	-0.985	-0.728	-0.984	-0.025	-0.974	-0.981	-0.972	-0.950	-0.971	-0.829	-0.765	-0.766	-0.777	-0.959	-0.773	-0.764	-0.949	-0.982	-0.761	-0.973	-0.763	-0.979	-0.922	-0.906	-0.464	-0.958	-0.912	-0.930	-0.688	-0.974	-0.936	-1.039	-0.896	-0.929	-0.860	-0.960	-0.883	-0.987	-0.854	-1.047	-0.943	-1.008	-0.939	-0.961	-0.962	-1.014	-0.884	-1.015	-0.940	-0.949	-0.941	
rs13078066     -0.873	-1.007	-0.822	-0.797	-0.799	-0.487	-0.856	-0.838	-0.837	-0.836	-0.836	-0.841	-1.007	-1.007	-0.997	-1.005	-1.007	-0.868	-0.793	-0.792	-0.788	-0.793	-0.787	-0.986	-0.780	-0.970	-0.967	-0.749	-0.748	-0.598	-0.749	-0.750	-0.749	-0.749	-0.749	-0.749	-0.753	-0.751	-0.751	-0.751	-0.979	-0.752	-0.968	-0.954	-0.957	-0.956	-0.795	-0.805	-0.956	-0.957	-0.827	-0.977	-0.977	-0.985	-0.990	-0.991	-0.990	-0.993	-0.992	-0.993	-0.783	-0.743	-0.992	-0.748	-0.737	-0.739	-0.879	-0.750	-0.782	-0.749	-0.748	-0.994	-0.696	-0.770	-0.915	-0.994	-0.995	-0.727	-0.995	-0.996	-0.736	-0.999	-0.995	-0.995	-0.736	-0.995	-0.993	-0.993	-0.744	-0.744	-0.744	-0.742	-0.751	-0.742	-0.702	-0.742	-0.743	-0.992	-0.992	-0.992	-0.992	-0.737	-0.990	-0.737	-0.997	-0.737	-0.743	-0.743	-0.990	-0.990	-0.893	-0.990	-0.990	-0.990	-0.990	-0.737	-0.990	-0.991	-0.991	-0.991	-0.991	-0.720	-0.899	-0.992	-0.993	-0.994	-0.994	-0.994	-0.997	-0.990	-0.737	-0.988	-0.037	-0.978	-0.985	-0.976	-0.955	-0.976	-0.830	-0.772	-0.774	-0.784	-0.964	-0.780	-0.771	-0.955	-0.986	-0.768	-0.978	-0.770	-0.983	-0.924	-0.907	-0.465	-0.957	-0.913	-0.929	-0.688	-0.975	-0.937	-1.039	-0.896	-0.929	-0.861	-0.960	-0.883	-0.987	-0.855	-1.047	-0.943	-1.008	-0.939	-0.960	-0.962	-1.014	-0.885	-1.015	-0.939	-0.949	-0.941	
