## Summary of overall evidence for association with region:
## log10(BF for region) = -0.443554
## p-value for region = NA

## BFs for choosing among multi-SNP models:
## log10(average 1-SNP BF) = -0.386609
## log10(average 2-SNP BF) = -0.586349

## Example posterior probabilities for multi-SNP models, based on default prior: [p(l) propto 0.5^l for l=1,2,...,L]
## posterior probability of 1-SNP = 0.76007
## posterior probability of 2-SNP = 0.23993

## log10(BF) for single SNP and pair of SNPs:
rs138415947    -0.168	-0.247	-0.282	-0.285	-0.637	-0.383	-0.410	-0.402	-0.383	-0.509	-0.509	-0.507	-0.509	-0.508	-0.508	-0.508	-0.508	-0.508	-0.371	-0.508	-0.368	-0.513	-0.507	-0.367	-0.507	-0.514	-0.514	-0.512	-0.515	-0.596	-0.579	-0.598	-0.598	-0.599	-0.450	-0.588	-0.587	-0.523	-0.421	-0.457	-0.683	-0.691	-0.691	-0.532	-0.536	-0.530	-0.715	-0.359	-0.360	-0.711	-0.272	-0.259	-0.702	-0.432	-0.540	-0.534	-0.267	-0.530	-0.534	-0.526	-0.532	-0.528	-0.542	-0.525	-0.563	-0.625	-0.530	-0.403	-0.504	-0.524	-0.502	-0.484	-0.516	-0.497	-0.511	-0.679	-0.510	-0.443	-0.420	-0.438	-0.434	-0.390	-0.351	-0.503	-0.412	-0.437	-0.433	-0.415	-0.434	-0.500	-0.503	-0.433	-0.433	-0.502	-0.433	-0.499	-0.362	-0.340	-0.403	-0.659	-0.346	-0.357	-0.349	-0.330	-0.349	-0.366	-0.366	-0.605	-0.600	-0.432	-0.358	-0.451	-0.449	-0.351	-0.321	-0.319	-0.562	-0.443	-0.597	-0.363	-0.621	-0.587	-0.435	-0.337	-0.619	-0.584	-0.640	-0.292	-0.292	-0.597	-0.598	-0.437	-0.439	-0.538	-0.287	-0.439	-0.600	-0.280	
rs62059211     -0.247	-0.114	-0.250	-0.252	-0.592	-0.336	-0.364	-0.356	-0.337	-0.463	-0.463	-0.461	-0.463	-0.463	-0.463	-0.463	-0.463	-0.463	-0.324	-0.463	-0.321	-0.467	-0.462	-0.320	-0.462	-0.469	-0.468	-0.467	-0.470	-0.550	-0.533	-0.552	-0.552	-0.553	-0.403	-0.543	-0.541	-0.477	-0.384	-0.411	-0.638	-0.648	-0.646	-0.486	-0.491	-0.485	-0.671	-0.312	-0.314	-0.667	-0.237	-0.224	-0.658	-0.398	-0.495	-0.489	-0.232	-0.485	-0.488	-0.480	-0.487	-0.482	-0.501	-0.480	-0.518	-0.581	-0.485	-0.365	-0.465	-0.484	-0.463	-0.445	-0.476	-0.457	-0.471	-0.636	-0.466	-0.405	-0.382	-0.400	-0.395	-0.352	-0.314	-0.459	-0.374	-0.399	-0.395	-0.377	-0.396	-0.455	-0.459	-0.395	-0.395	-0.457	-0.395	-0.455	-0.325	-0.303	-0.358	-0.617	-0.309	-0.319	-0.311	-0.293	-0.312	-0.328	-0.328	-0.564	-0.560	-0.388	-0.321	-0.406	-0.405	-0.314	-0.284	-0.282	-0.522	-0.398	-0.557	-0.326	-0.580	-0.547	-0.390	-0.300	-0.578	-0.544	-0.599	-0.256	-0.255	-0.556	-0.557	-0.392	-0.394	-0.494	-0.251	-0.394	-0.559	-0.243	
rs62059214     -0.282	-0.250	-0.214	-0.302	-0.677	-0.426	-0.453	-0.445	-0.426	-0.550	-0.550	-0.549	-0.550	-0.550	-0.550	-0.550	-0.550	-0.550	-0.414	-0.550	-0.411	-0.554	-0.549	-0.411	-0.549	-0.555	-0.555	-0.554	-0.557	-0.638	-0.621	-0.639	-0.640	-0.641	-0.494	-0.630	-0.629	-0.566	-0.460	-0.499	-0.723	-0.731	-0.731	-0.573	-0.578	-0.571	-0.755	-0.403	-0.400	-0.751	-0.311	-0.298	-0.742	-0.469	-0.582	-0.575	-0.306	-0.571	-0.575	-0.567	-0.573	-0.569	-0.579	-0.567	-0.603	-0.665	-0.571	-0.444	-0.544	-0.564	-0.542	-0.523	-0.556	-0.536	-0.550	-0.719	-0.549	-0.484	-0.461	-0.478	-0.474	-0.430	-0.392	-0.543	-0.453	-0.478	-0.474	-0.456	-0.475	-0.539	-0.542	-0.474	-0.474	-0.541	-0.474	-0.539	-0.403	-0.381	-0.442	-0.699	-0.387	-0.398	-0.390	-0.371	-0.390	-0.407	-0.407	-0.645	-0.640	-0.471	-0.399	-0.490	-0.488	-0.392	-0.362	-0.360	-0.602	-0.482	-0.637	-0.404	-0.661	-0.627	-0.474	-0.378	-0.659	-0.624	-0.680	-0.333	-0.333	-0.637	-0.638	-0.476	-0.478	-0.578	-0.328	-0.478	-0.640	-0.321	
rs62059215     -0.285	-0.252	-0.302	-0.215	-0.678	-0.427	-0.454	-0.446	-0.427	-0.551	-0.551	-0.549	-0.551	-0.551	-0.551	-0.551	-0.551	-0.551	-0.415	-0.551	-0.412	-0.555	-0.549	-0.411	-0.550	-0.556	-0.556	-0.554	-0.558	-0.639	-0.622	-0.640	-0.640	-0.641	-0.495	-0.631	-0.630	-0.567	-0.460	-0.500	-0.724	-0.731	-0.731	-0.574	-0.578	-0.572	-0.756	-0.404	-0.400	-0.752	-0.311	-0.298	-0.743	-0.470	-0.582	-0.576	-0.306	-0.572	-0.576	-0.568	-0.574	-0.570	-0.580	-0.568	-0.604	-0.665	-0.572	-0.445	-0.544	-0.565	-0.543	-0.524	-0.556	-0.537	-0.551	-0.720	-0.550	-0.484	-0.461	-0.479	-0.475	-0.431	-0.393	-0.543	-0.453	-0.479	-0.474	-0.456	-0.476	-0.539	-0.543	-0.474	-0.474	-0.542	-0.474	-0.539	-0.403	-0.381	-0.442	-0.699	-0.387	-0.398	-0.390	-0.371	-0.390	-0.407	-0.407	-0.646	-0.641	-0.472	-0.399	-0.490	-0.488	-0.392	-0.362	-0.360	-0.602	-0.482	-0.638	-0.404	-0.662	-0.627	-0.474	-0.378	-0.660	-0.624	-0.681	-0.334	-0.333	-0.637	-0.638	-0.476	-0.478	-0.579	-0.329	-0.478	-0.640	-0.321	
rs4888356      -0.637	-0.592	-0.677	-0.678	-0.577	-0.758	-0.784	-0.776	-0.759	-0.874	-0.874	-0.873	-0.874	-0.874	-0.874	-0.874	-0.874	-0.874	-0.747	-0.874	-0.745	-0.878	-0.873	-0.744	-0.873	-0.879	-0.879	-0.877	-0.881	-0.872	-0.858	-0.874	-0.874	-0.876	-0.732	-0.863	-0.862	-0.820	-0.706	-0.827	-0.985	-1.003	-0.983	-0.896	-0.901	-0.895	-1.033	-0.737	-0.692	-1.028	-0.539	-0.524	-1.016	-0.666	-0.904	-0.899	-0.533	-0.895	-0.898	-0.891	-0.896	-0.893	-0.792	-0.891	-0.923	-0.831	-0.895	-0.762	-0.859	-0.881	-0.859	-0.838	-0.873	-0.853	-0.867	-1.035	-0.862	-0.796	-0.773	-0.791	-0.787	-0.743	-0.704	-0.855	-0.766	-0.791	-0.787	-0.769	-0.788	-0.851	-0.855	-0.787	-0.787	-0.853	-0.787	-0.850	-0.715	-0.693	-0.751	-1.013	-0.700	-0.716	-0.702	-0.683	-0.702	-0.719	-0.719	-0.961	-0.956	-0.781	-0.712	-0.800	-0.798	-0.705	-0.674	-0.672	-0.916	-0.792	-0.953	-0.716	-0.977	-0.942	-0.783	-0.690	-0.975	-0.938	-0.993	-0.646	-0.645	-0.952	-0.953	-0.785	-0.788	-0.895	-0.641	-0.788	-0.955	-0.633	
rs72802352     -0.383	-0.336	-0.426	-0.427	-0.758	-0.313	-0.434	-0.433	-0.427	-0.565	-0.565	-0.566	-0.565	-0.565	-0.565	-0.565	-0.565	-0.565	-0.422	-0.565	-0.421	-0.564	-0.566	-0.420	-0.566	-0.563	-0.563	-0.564	-0.563	-0.759	-0.751	-0.759	-0.759	-0.760	-0.655	-0.754	-0.753	-0.703	-0.443	-0.425	-0.789	-0.771	-0.769	-0.566	-0.560	-0.568	-0.808	-0.436	-0.338	-0.801	-0.275	-0.261	-0.786	-0.559	-0.556	-0.564	-0.269	-0.568	-0.562	-0.570	-0.564	-0.564	-0.665	-0.559	-0.496	-0.748	-0.551	-0.369	-0.384	-0.424	-0.377	-0.344	-0.407	-0.365	-0.394	-0.772	-0.384	-0.439	-0.411	-0.432	-0.429	-0.374	-0.326	-0.370	-0.402	-0.433	-0.427	-0.405	-0.429	-0.362	-0.369	-0.427	-0.427	-0.367	-0.427	-0.361	-0.345	-0.319	-0.175	-0.745	-0.326	-0.350	-0.329	-0.307	-0.330	-0.350	-0.350	-0.604	-0.595	-0.232	-0.341	-0.269	-0.267	-0.333	-0.296	-0.293	-0.527	-0.253	-0.590	-0.344	-0.631	-0.571	-0.238	-0.314	-0.632	-0.566	-0.721	-0.262	-0.262	-0.589	-0.591	-0.241	-0.246	-0.468	-0.256	-0.246	-0.595	-0.248	
rs9936550      -0.410	-0.364	-0.453	-0.454	-0.784	-0.434	-0.341	-0.439	-0.419	-0.592	-0.592	-0.592	-0.592	-0.592	-0.592	-0.592	-0.592	-0.592	-0.408	-0.592	-0.405	-0.592	-0.592	-0.404	-0.592	-0.591	-0.591	-0.592	-0.591	-0.779	-0.770	-0.780	-0.780	-0.781	-0.669	-0.774	-0.773	-0.721	-0.478	-0.470	-0.815	-0.800	-0.797	-0.598	-0.594	-0.599	-0.835	-0.431	-0.374	-0.828	-0.307	-0.292	-0.814	-0.576	-0.590	-0.597	-0.301	-0.599	-0.594	-0.600	-0.596	-0.596	-0.685	-0.592	-0.541	-0.772	-0.585	-0.410	-0.434	-0.472	-0.428	-0.396	-0.456	-0.417	-0.444	-0.799	-0.434	-0.475	-0.448	-0.469	-0.466	-0.411	-0.364	-0.421	-0.439	-0.469	-0.463	-0.442	-0.466	-0.414	-0.421	-0.464	-0.464	-0.418	-0.464	-0.413	-0.383	-0.357	-0.235	-0.773	-0.364	-0.387	-0.367	-0.345	-0.368	-0.387	-0.388	-0.641	-0.633	-0.289	-0.379	-0.325	-0.324	-0.371	-0.334	-0.332	-0.567	-0.310	-0.628	-0.382	-0.667	-0.610	-0.295	-0.352	-0.668	-0.605	-0.749	-0.301	-0.301	-0.627	-0.629	-0.299	-0.303	-0.515	-0.295	-0.303	-0.633	-0.287	
rs72802357     -0.402	-0.356	-0.445	-0.446	-0.776	-0.433	-0.439	-0.332	-0.419	-0.583	-0.583	-0.583	-0.583	-0.583	-0.583	-0.583	-0.583	-0.583	-0.410	-0.583	-0.407	-0.583	-0.584	-0.406	-0.584	-0.582	-0.582	-0.582	-0.582	-0.773	-0.764	-0.773	-0.774	-0.774	-0.665	-0.768	-0.767	-0.716	-0.467	-0.454	-0.807	-0.791	-0.788	-0.587	-0.583	-0.589	-0.827	-0.431	-0.361	-0.819	-0.296	-0.281	-0.805	-0.571	-0.579	-0.586	-0.290	-0.589	-0.584	-0.591	-0.585	-0.585	-0.678	-0.581	-0.526	-0.764	-0.574	-0.396	-0.418	-0.456	-0.411	-0.378	-0.440	-0.400	-0.428	-0.790	-0.418	-0.463	-0.436	-0.457	-0.453	-0.399	-0.352	-0.404	-0.427	-0.457	-0.451	-0.430	-0.453	-0.397	-0.404	-0.452	-0.452	-0.401	-0.452	-0.396	-0.370	-0.344	-0.215	-0.764	-0.352	-0.374	-0.355	-0.332	-0.355	-0.375	-0.375	-0.629	-0.620	-0.270	-0.366	-0.306	-0.305	-0.358	-0.321	-0.319	-0.554	-0.291	-0.615	-0.369	-0.656	-0.597	-0.276	-0.339	-0.656	-0.592	-0.740	-0.288	-0.288	-0.615	-0.617	-0.279	-0.284	-0.499	-0.282	-0.284	-0.620	-0.274	
rs72802365     -0.383	-0.337	-0.426	-0.427	-0.759	-0.427	-0.419	-0.419	-0.313	-0.562	-0.562	-0.563	-0.562	-0.562	-0.562	-0.562	-0.562	-0.562	-0.407	-0.562	-0.406	-0.561	-0.563	-0.405	-0.563	-0.560	-0.560	-0.560	-0.559	-0.758	-0.750	-0.759	-0.759	-0.760	-0.654	-0.754	-0.753	-0.703	-0.444	-0.416	-0.788	-0.770	-0.768	-0.562	-0.556	-0.565	-0.807	-0.426	-0.334	-0.800	-0.271	-0.256	-0.785	-0.558	-0.551	-0.560	-0.265	-0.564	-0.558	-0.567	-0.560	-0.561	-0.664	-0.556	-0.491	-0.748	-0.547	-0.367	-0.380	-0.420	-0.374	-0.340	-0.403	-0.362	-0.391	-0.771	-0.380	-0.437	-0.408	-0.430	-0.427	-0.371	-0.323	-0.366	-0.400	-0.430	-0.424	-0.403	-0.427	-0.359	-0.366	-0.425	-0.425	-0.363	-0.425	-0.358	-0.343	-0.316	-0.170	-0.744	-0.324	-0.347	-0.327	-0.304	-0.327	-0.347	-0.347	-0.602	-0.593	-0.227	-0.339	-0.265	-0.263	-0.330	-0.293	-0.291	-0.525	-0.249	-0.588	-0.341	-0.630	-0.569	-0.233	-0.311	-0.630	-0.564	-0.720	-0.259	-0.259	-0.588	-0.589	-0.237	-0.241	-0.465	-0.253	-0.242	-0.593	-0.245	
rs7202858      -0.509	-0.463	-0.550	-0.551	-0.874	-0.565	-0.592	-0.583	-0.562	-0.444	-0.561	-0.560	-0.561	-0.561	-0.561	-0.561	-0.561	-0.561	-0.546	-0.561	-0.543	-0.565	-0.561	-0.543	-0.561	-0.564	-0.564	-0.565	-0.565	-0.862	-0.848	-0.863	-0.864	-0.864	-0.739	-0.857	-0.856	-0.798	-0.577	-0.641	-0.897	-0.892	-0.883	-0.621	-0.617	-0.622	-0.925	-0.543	-0.475	-0.918	-0.408	-0.393	-0.905	-0.649	-0.616	-0.624	-0.402	-0.626	-0.623	-0.627	-0.624	-0.627	-0.763	-0.627	-0.606	-0.860	-0.627	-0.531	-0.559	-0.594	-0.553	-0.523	-0.579	-0.542	-0.568	-0.897	-0.558	-0.594	-0.568	-0.588	-0.585	-0.533	-0.488	-0.546	-0.560	-0.588	-0.583	-0.563	-0.585	-0.539	-0.546	-0.583	-0.583	-0.543	-0.583	-0.538	-0.505	-0.480	-0.369	-0.873	-0.487	-0.509	-0.490	-0.469	-0.490	-0.509	-0.509	-0.750	-0.743	-0.421	-0.501	-0.454	-0.452	-0.493	-0.458	-0.455	-0.682	-0.441	-0.738	-0.504	-0.775	-0.722	-0.427	-0.475	-0.774	-0.717	-0.851	-0.426	-0.426	-0.738	-0.739	-0.430	-0.434	-0.691	-0.421	-0.434	-0.742	-0.412	
rs6564232      -0.509	-0.463	-0.550	-0.551	-0.874	-0.565	-0.592	-0.583	-0.562	-0.561	-0.444	-0.560	-0.561	-0.561	-0.561	-0.561	-0.561	-0.561	-0.546	-0.561	-0.543	-0.565	-0.561	-0.543	-0.561	-0.564	-0.564	-0.565	-0.565	-0.862	-0.848	-0.863	-0.864	-0.864	-0.739	-0.857	-0.855	-0.798	-0.577	-0.641	-0.897	-0.892	-0.883	-0.621	-0.617	-0.622	-0.925	-0.543	-0.475	-0.918	-0.408	-0.393	-0.905	-0.649	-0.616	-0.624	-0.402	-0.626	-0.623	-0.627	-0.624	-0.627	-0.763	-0.627	-0.605	-0.860	-0.627	-0.530	-0.559	-0.593	-0.553	-0.523	-0.579	-0.542	-0.568	-0.897	-0.558	-0.594	-0.568	-0.588	-0.584	-0.533	-0.488	-0.546	-0.559	-0.588	-0.583	-0.563	-0.585	-0.539	-0.546	-0.583	-0.583	-0.543	-0.583	-0.538	-0.504	-0.479	-0.369	-0.873	-0.487	-0.509	-0.489	-0.469	-0.490	-0.509	-0.509	-0.750	-0.742	-0.421	-0.501	-0.454	-0.452	-0.493	-0.458	-0.455	-0.682	-0.441	-0.738	-0.504	-0.775	-0.721	-0.426	-0.475	-0.774	-0.717	-0.851	-0.426	-0.426	-0.738	-0.739	-0.430	-0.434	-0.691	-0.421	-0.434	-0.742	-0.412	
rs6564233      -0.507	-0.461	-0.549	-0.549	-0.873	-0.566	-0.592	-0.583	-0.563	-0.560	-0.560	-0.443	-0.560	-0.560	-0.560	-0.560	-0.560	-0.560	-0.547	-0.560	-0.544	-0.563	-0.560	-0.543	-0.560	-0.562	-0.562	-0.563	-0.563	-0.861	-0.847	-0.862	-0.862	-0.863	-0.739	-0.855	-0.854	-0.797	-0.574	-0.639	-0.895	-0.890	-0.881	-0.618	-0.614	-0.620	-0.923	-0.544	-0.472	-0.916	-0.405	-0.390	-0.903	-0.648	-0.613	-0.621	-0.399	-0.623	-0.620	-0.625	-0.621	-0.624	-0.762	-0.625	-0.601	-0.858	-0.624	-0.527	-0.555	-0.589	-0.548	-0.519	-0.575	-0.538	-0.564	-0.895	-0.553	-0.591	-0.565	-0.585	-0.582	-0.530	-0.485	-0.541	-0.557	-0.585	-0.580	-0.560	-0.582	-0.534	-0.541	-0.580	-0.580	-0.539	-0.580	-0.534	-0.501	-0.476	-0.364	-0.871	-0.484	-0.506	-0.486	-0.466	-0.487	-0.506	-0.506	-0.747	-0.739	-0.416	-0.498	-0.449	-0.447	-0.490	-0.454	-0.452	-0.679	-0.436	-0.735	-0.501	-0.772	-0.718	-0.421	-0.472	-0.771	-0.714	-0.849	-0.423	-0.423	-0.735	-0.736	-0.425	-0.429	-0.688	-0.417	-0.429	-0.739	-0.409	
rs7197746      -0.509	-0.463	-0.550	-0.551	-0.874	-0.565	-0.592	-0.583	-0.562	-0.561	-0.561	-0.560	-0.444	-0.561	-0.561	-0.561	-0.561	-0.561	-0.546	-0.561	-0.543	-0.565	-0.561	-0.543	-0.561	-0.564	-0.564	-0.565	-0.565	-0.862	-0.847	-0.863	-0.863	-0.864	-0.739	-0.856	-0.855	-0.798	-0.577	-0.641	-0.897	-0.892	-0.883	-0.620	-0.617	-0.622	-0.925	-0.543	-0.475	-0.918	-0.407	-0.393	-0.905	-0.649	-0.616	-0.623	-0.402	-0.625	-0.622	-0.626	-0.624	-0.626	-0.763	-0.627	-0.605	-0.860	-0.627	-0.530	-0.559	-0.593	-0.552	-0.523	-0.578	-0.542	-0.568	-0.897	-0.557	-0.594	-0.568	-0.588	-0.584	-0.533	-0.488	-0.545	-0.559	-0.588	-0.583	-0.562	-0.585	-0.539	-0.545	-0.583	-0.583	-0.543	-0.583	-0.538	-0.504	-0.479	-0.369	-0.873	-0.487	-0.508	-0.489	-0.468	-0.490	-0.509	-0.509	-0.750	-0.742	-0.421	-0.500	-0.454	-0.452	-0.493	-0.457	-0.455	-0.682	-0.440	-0.737	-0.504	-0.775	-0.721	-0.426	-0.475	-0.774	-0.717	-0.851	-0.426	-0.426	-0.737	-0.739	-0.430	-0.434	-0.691	-0.420	-0.434	-0.742	-0.412	
rs7197389      -0.508	-0.463	-0.550	-0.551	-0.874	-0.565	-0.592	-0.583	-0.562	-0.561	-0.561	-0.560	-0.561	-0.444	-0.561	-0.561	-0.561	-0.561	-0.546	-0.561	-0.543	-0.565	-0.561	-0.543	-0.561	-0.563	-0.564	-0.564	-0.564	-0.862	-0.847	-0.863	-0.863	-0.864	-0.739	-0.856	-0.855	-0.798	-0.576	-0.640	-0.896	-0.892	-0.883	-0.620	-0.617	-0.622	-0.925	-0.543	-0.474	-0.918	-0.407	-0.393	-0.905	-0.649	-0.616	-0.623	-0.402	-0.625	-0.622	-0.626	-0.623	-0.626	-0.763	-0.627	-0.605	-0.859	-0.627	-0.530	-0.559	-0.593	-0.552	-0.523	-0.578	-0.542	-0.567	-0.897	-0.557	-0.594	-0.568	-0.588	-0.584	-0.533	-0.487	-0.545	-0.559	-0.588	-0.582	-0.562	-0.584	-0.538	-0.545	-0.583	-0.583	-0.542	-0.583	-0.538	-0.504	-0.479	-0.369	-0.873	-0.486	-0.508	-0.489	-0.468	-0.489	-0.508	-0.509	-0.750	-0.742	-0.420	-0.500	-0.454	-0.451	-0.492	-0.457	-0.455	-0.682	-0.440	-0.737	-0.504	-0.775	-0.721	-0.426	-0.475	-0.773	-0.717	-0.851	-0.426	-0.425	-0.737	-0.739	-0.429	-0.433	-0.691	-0.420	-0.434	-0.742	-0.412	
rs60470336     -0.508	-0.463	-0.550	-0.551	-0.874	-0.565	-0.592	-0.583	-0.562	-0.561	-0.561	-0.560	-0.561	-0.561	-0.444	-0.561	-0.561	-0.561	-0.546	-0.561	-0.543	-0.565	-0.561	-0.543	-0.561	-0.563	-0.564	-0.564	-0.564	-0.862	-0.847	-0.863	-0.863	-0.864	-0.739	-0.856	-0.855	-0.798	-0.576	-0.640	-0.896	-0.892	-0.883	-0.620	-0.617	-0.622	-0.925	-0.543	-0.474	-0.918	-0.407	-0.393	-0.905	-0.649	-0.616	-0.623	-0.402	-0.625	-0.622	-0.626	-0.623	-0.626	-0.763	-0.627	-0.605	-0.859	-0.627	-0.530	-0.559	-0.593	-0.552	-0.523	-0.578	-0.541	-0.567	-0.897	-0.557	-0.594	-0.568	-0.588	-0.584	-0.533	-0.487	-0.545	-0.559	-0.588	-0.582	-0.562	-0.584	-0.538	-0.545	-0.583	-0.583	-0.542	-0.583	-0.538	-0.504	-0.479	-0.369	-0.873	-0.486	-0.508	-0.489	-0.468	-0.489	-0.508	-0.509	-0.750	-0.742	-0.420	-0.500	-0.453	-0.451	-0.492	-0.457	-0.455	-0.682	-0.440	-0.737	-0.504	-0.774	-0.721	-0.426	-0.475	-0.773	-0.717	-0.851	-0.426	-0.425	-0.737	-0.739	-0.429	-0.433	-0.691	-0.420	-0.434	-0.742	-0.412	
rs72802372     -0.508	-0.463	-0.550	-0.551	-0.874	-0.565	-0.592	-0.583	-0.562	-0.561	-0.561	-0.560	-0.561	-0.561	-0.561	-0.444	-0.561	-0.561	-0.546	-0.561	-0.543	-0.565	-0.561	-0.543	-0.561	-0.563	-0.564	-0.564	-0.564	-0.862	-0.847	-0.863	-0.863	-0.864	-0.739	-0.856	-0.855	-0.798	-0.576	-0.640	-0.896	-0.892	-0.883	-0.620	-0.617	-0.622	-0.925	-0.543	-0.474	-0.918	-0.407	-0.393	-0.905	-0.649	-0.616	-0.623	-0.402	-0.625	-0.622	-0.626	-0.623	-0.626	-0.763	-0.627	-0.605	-0.859	-0.627	-0.530	-0.559	-0.593	-0.552	-0.523	-0.578	-0.541	-0.567	-0.897	-0.557	-0.594	-0.568	-0.588	-0.584	-0.533	-0.487	-0.545	-0.559	-0.588	-0.582	-0.562	-0.584	-0.538	-0.545	-0.583	-0.583	-0.542	-0.583	-0.538	-0.504	-0.479	-0.369	-0.873	-0.486	-0.508	-0.489	-0.468	-0.489	-0.508	-0.509	-0.750	-0.742	-0.420	-0.500	-0.454	-0.451	-0.492	-0.457	-0.455	-0.682	-0.440	-0.737	-0.504	-0.775	-0.721	-0.426	-0.475	-0.773	-0.717	-0.851	-0.426	-0.425	-0.737	-0.739	-0.429	-0.433	-0.691	-0.420	-0.434	-0.742	-0.412	
rs66881382     -0.508	-0.463	-0.550	-0.551	-0.874	-0.565	-0.592	-0.583	-0.562	-0.561	-0.561	-0.560	-0.561	-0.561	-0.561	-0.561	-0.444	-0.561	-0.546	-0.561	-0.543	-0.565	-0.561	-0.543	-0.561	-0.563	-0.564	-0.564	-0.564	-0.862	-0.847	-0.863	-0.863	-0.864	-0.739	-0.856	-0.855	-0.798	-0.576	-0.640	-0.896	-0.892	-0.883	-0.620	-0.617	-0.622	-0.925	-0.543	-0.474	-0.918	-0.407	-0.393	-0.905	-0.649	-0.616	-0.623	-0.402	-0.625	-0.622	-0.626	-0.623	-0.626	-0.763	-0.627	-0.605	-0.859	-0.627	-0.530	-0.559	-0.593	-0.552	-0.523	-0.578	-0.542	-0.567	-0.897	-0.557	-0.594	-0.568	-0.588	-0.584	-0.533	-0.487	-0.545	-0.559	-0.588	-0.582	-0.562	-0.584	-0.538	-0.545	-0.583	-0.583	-0.542	-0.583	-0.538	-0.504	-0.479	-0.369	-0.873	-0.486	-0.508	-0.489	-0.468	-0.489	-0.509	-0.509	-0.750	-0.742	-0.420	-0.500	-0.454	-0.451	-0.492	-0.457	-0.455	-0.682	-0.440	-0.737	-0.504	-0.775	-0.721	-0.426	-0.475	-0.773	-0.717	-0.851	-0.426	-0.425	-0.737	-0.739	-0.429	-0.433	-0.691	-0.420	-0.434	-0.742	-0.412	
rs72802375     -0.508	-0.463	-0.550	-0.551	-0.874	-0.565	-0.592	-0.583	-0.562	-0.561	-0.561	-0.560	-0.561	-0.561	-0.561	-0.561	-0.561	-0.444	-0.546	-0.561	-0.543	-0.565	-0.561	-0.543	-0.561	-0.563	-0.563	-0.564	-0.564	-0.862	-0.847	-0.863	-0.863	-0.864	-0.739	-0.856	-0.855	-0.798	-0.576	-0.640	-0.896	-0.892	-0.883	-0.620	-0.617	-0.622	-0.925	-0.543	-0.474	-0.918	-0.407	-0.393	-0.905	-0.649	-0.616	-0.623	-0.402	-0.625	-0.622	-0.626	-0.623	-0.626	-0.763	-0.627	-0.605	-0.859	-0.627	-0.530	-0.559	-0.593	-0.552	-0.523	-0.578	-0.541	-0.567	-0.897	-0.557	-0.594	-0.568	-0.588	-0.584	-0.533	-0.487	-0.545	-0.559	-0.588	-0.582	-0.562	-0.584	-0.538	-0.545	-0.583	-0.583	-0.542	-0.583	-0.538	-0.504	-0.479	-0.369	-0.873	-0.486	-0.508	-0.489	-0.468	-0.489	-0.508	-0.509	-0.750	-0.742	-0.420	-0.500	-0.453	-0.451	-0.492	-0.457	-0.455	-0.682	-0.440	-0.737	-0.504	-0.775	-0.721	-0.426	-0.475	-0.773	-0.717	-0.851	-0.426	-0.425	-0.737	-0.739	-0.429	-0.433	-0.691	-0.420	-0.434	-0.742	-0.412	
rs111852127    -0.371	-0.324	-0.414	-0.415	-0.747	-0.422	-0.408	-0.410	-0.407	-0.546	-0.546	-0.547	-0.546	-0.546	-0.546	-0.546	-0.546	-0.546	-0.300	-0.546	-0.397	-0.545	-0.547	-0.396	-0.547	-0.543	-0.543	-0.544	-0.542	-0.749	-0.741	-0.750	-0.750	-0.750	-0.647	-0.744	-0.744	-0.695	-0.431	-0.393	-0.776	-0.757	-0.755	-0.547	-0.540	-0.549	-0.795	-0.423	-0.317	-0.788	-0.257	-0.242	-0.773	-0.550	-0.534	-0.545	-0.251	-0.549	-0.542	-0.552	-0.544	-0.545	-0.655	-0.540	-0.470	-0.737	-0.531	-0.349	-0.358	-0.399	-0.351	-0.316	-0.382	-0.339	-0.368	-0.759	-0.358	-0.420	-0.392	-0.414	-0.410	-0.355	-0.306	-0.344	-0.383	-0.414	-0.408	-0.386	-0.410	-0.336	-0.343	-0.409	-0.409	-0.340	-0.409	-0.335	-0.326	-0.299	-0.143	-0.732	-0.307	-0.331	-0.310	-0.287	-0.310	-0.331	-0.331	-0.586	-0.577	-0.202	-0.322	-0.240	-0.239	-0.314	-0.276	-0.274	-0.507	-0.224	-0.572	-0.325	-0.614	-0.553	-0.208	-0.294	-0.615	-0.547	-0.708	-0.242	-0.242	-0.571	-0.573	-0.212	-0.216	-0.444	-0.236	-0.217	-0.577	-0.227	
rs61634868     -0.508	-0.463	-0.550	-0.551	-0.874	-0.565	-0.592	-0.583	-0.562	-0.561	-0.561	-0.560	-0.561	-0.561	-0.561	-0.561	-0.561	-0.561	-0.546	-0.444	-0.543	-0.565	-0.561	-0.543	-0.561	-0.563	-0.563	-0.564	-0.564	-0.862	-0.847	-0.863	-0.863	-0.864	-0.739	-0.856	-0.855	-0.798	-0.576	-0.640	-0.896	-0.892	-0.883	-0.620	-0.617	-0.621	-0.925	-0.543	-0.474	-0.918	-0.407	-0.393	-0.905	-0.649	-0.615	-0.623	-0.402	-0.625	-0.622	-0.626	-0.623	-0.626	-0.763	-0.627	-0.605	-0.859	-0.627	-0.530	-0.558	-0.593	-0.552	-0.522	-0.578	-0.541	-0.567	-0.897	-0.557	-0.594	-0.568	-0.588	-0.584	-0.533	-0.487	-0.545	-0.559	-0.588	-0.582	-0.562	-0.584	-0.538	-0.545	-0.583	-0.583	-0.542	-0.583	-0.537	-0.504	-0.479	-0.368	-0.873	-0.486	-0.508	-0.489	-0.468	-0.489	-0.508	-0.509	-0.750	-0.742	-0.420	-0.500	-0.453	-0.451	-0.492	-0.457	-0.455	-0.682	-0.440	-0.737	-0.504	-0.774	-0.721	-0.426	-0.475	-0.773	-0.717	-0.851	-0.426	-0.425	-0.737	-0.738	-0.429	-0.433	-0.691	-0.420	-0.433	-0.742	-0.412	
rs184458383    -0.368	-0.321	-0.411	-0.412	-0.745	-0.421	-0.405	-0.407	-0.406	-0.543	-0.543	-0.544	-0.543	-0.543	-0.543	-0.543	-0.543	-0.543	-0.397	-0.543	-0.297	-0.541	-0.543	-0.393	-0.543	-0.540	-0.540	-0.541	-0.539	-0.746	-0.739	-0.747	-0.747	-0.748	-0.645	-0.742	-0.741	-0.693	-0.427	-0.388	-0.773	-0.754	-0.752	-0.543	-0.536	-0.546	-0.792	-0.422	-0.313	-0.785	-0.253	-0.238	-0.770	-0.548	-0.530	-0.541	-0.247	-0.545	-0.538	-0.549	-0.540	-0.541	-0.653	-0.536	-0.465	-0.734	-0.527	-0.345	-0.353	-0.394	-0.346	-0.311	-0.377	-0.333	-0.363	-0.756	-0.353	-0.416	-0.388	-0.410	-0.406	-0.351	-0.302	-0.339	-0.379	-0.410	-0.404	-0.382	-0.406	-0.331	-0.338	-0.405	-0.405	-0.335	-0.405	-0.330	-0.322	-0.295	-0.137	-0.729	-0.303	-0.327	-0.306	-0.283	-0.306	-0.327	-0.327	-0.582	-0.573	-0.196	-0.318	-0.234	-0.233	-0.310	-0.272	-0.270	-0.503	-0.219	-0.568	-0.320	-0.610	-0.548	-0.203	-0.290	-0.611	-0.543	-0.705	-0.238	-0.238	-0.567	-0.569	-0.206	-0.211	-0.440	-0.232	-0.211	-0.573	-0.223	
rs6564234      -0.513	-0.467	-0.554	-0.555	-0.878	-0.564	-0.592	-0.583	-0.561	-0.565	-0.565	-0.563	-0.565	-0.565	-0.565	-0.565	-0.565	-0.565	-0.545	-0.565	-0.541	-0.448	-0.563	-0.540	-0.563	-0.570	-0.570	-0.570	-0.571	-0.865	-0.849	-0.866	-0.866	-0.867	-0.741	-0.859	-0.858	-0.799	-0.583	-0.645	-0.900	-0.897	-0.888	-0.626	-0.624	-0.627	-0.930	-0.541	-0.482	-0.922	-0.414	-0.399	-0.909	-0.650	-0.624	-0.630	-0.408	-0.631	-0.629	-0.631	-0.630	-0.632	-0.765	-0.633	-0.616	-0.863	-0.634	-0.538	-0.569	-0.603	-0.563	-0.533	-0.589	-0.553	-0.578	-0.901	-0.568	-0.601	-0.575	-0.595	-0.592	-0.540	-0.496	-0.556	-0.566	-0.595	-0.590	-0.570	-0.592	-0.550	-0.556	-0.590	-0.590	-0.554	-0.590	-0.549	-0.512	-0.487	-0.383	-0.877	-0.494	-0.516	-0.497	-0.476	-0.497	-0.516	-0.516	-0.757	-0.749	-0.433	-0.508	-0.466	-0.464	-0.500	-0.465	-0.463	-0.690	-0.453	-0.745	-0.511	-0.781	-0.729	-0.439	-0.483	-0.780	-0.724	-0.855	-0.434	-0.433	-0.744	-0.746	-0.442	-0.446	-0.698	-0.428	-0.447	-0.749	-0.420	
rs6564235      -0.507	-0.462	-0.549	-0.549	-0.873	-0.566	-0.592	-0.584	-0.563	-0.561	-0.561	-0.560	-0.561	-0.561	-0.561	-0.561	-0.561	-0.561	-0.547	-0.561	-0.543	-0.563	-0.443	-0.543	-0.559	-0.563	-0.563	-0.564	-0.563	-0.861	-0.847	-0.862	-0.862	-0.863	-0.739	-0.856	-0.854	-0.797	-0.575	-0.639	-0.895	-0.891	-0.882	-0.619	-0.615	-0.620	-0.924	-0.544	-0.472	-0.917	-0.405	-0.391	-0.903	-0.648	-0.614	-0.622	-0.400	-0.624	-0.621	-0.625	-0.622	-0.625	-0.762	-0.625	-0.602	-0.858	-0.625	-0.528	-0.556	-0.591	-0.550	-0.520	-0.576	-0.539	-0.565	-0.896	-0.555	-0.592	-0.566	-0.586	-0.582	-0.531	-0.485	-0.543	-0.557	-0.586	-0.580	-0.560	-0.583	-0.536	-0.543	-0.581	-0.581	-0.540	-0.581	-0.535	-0.502	-0.477	-0.366	-0.871	-0.484	-0.506	-0.487	-0.466	-0.488	-0.507	-0.507	-0.748	-0.740	-0.417	-0.498	-0.451	-0.449	-0.490	-0.455	-0.453	-0.680	-0.437	-0.735	-0.502	-0.773	-0.719	-0.423	-0.473	-0.772	-0.715	-0.849	-0.424	-0.423	-0.735	-0.737	-0.426	-0.431	-0.689	-0.418	-0.431	-0.740	-0.410	
rs111869668    -0.367	-0.320	-0.411	-0.411	-0.744	-0.420	-0.404	-0.406	-0.405	-0.543	-0.543	-0.543	-0.543	-0.543	-0.543	-0.543	-0.543	-0.543	-0.396	-0.543	-0.393	-0.540	-0.543	-0.296	-0.543	-0.539	-0.539	-0.540	-0.538	-0.746	-0.738	-0.747	-0.747	-0.747	-0.645	-0.742	-0.741	-0.692	-0.426	-0.387	-0.773	-0.754	-0.751	-0.542	-0.535	-0.545	-0.792	-0.422	-0.313	-0.784	-0.253	-0.238	-0.769	-0.547	-0.530	-0.540	-0.247	-0.545	-0.537	-0.548	-0.540	-0.541	-0.653	-0.536	-0.465	-0.734	-0.526	-0.344	-0.352	-0.393	-0.345	-0.310	-0.376	-0.332	-0.362	-0.755	-0.352	-0.416	-0.387	-0.409	-0.406	-0.350	-0.301	-0.338	-0.379	-0.409	-0.403	-0.382	-0.406	-0.330	-0.337	-0.404	-0.404	-0.334	-0.404	-0.329	-0.321	-0.294	-0.136	-0.728	-0.302	-0.326	-0.305	-0.283	-0.306	-0.326	-0.326	-0.582	-0.572	-0.195	-0.317	-0.233	-0.232	-0.309	-0.271	-0.269	-0.502	-0.218	-0.567	-0.320	-0.610	-0.548	-0.202	-0.290	-0.610	-0.542	-0.704	-0.237	-0.237	-0.567	-0.568	-0.205	-0.210	-0.439	-0.231	-0.210	-0.572	-0.222	
rs6564236      -0.507	-0.462	-0.549	-0.550	-0.873	-0.566	-0.592	-0.584	-0.563	-0.561	-0.561	-0.560	-0.561	-0.561	-0.561	-0.561	-0.561	-0.561	-0.547	-0.561	-0.543	-0.563	-0.559	-0.543	-0.443	-0.563	-0.563	-0.564	-0.563	-0.861	-0.847	-0.862	-0.862	-0.863	-0.739	-0.856	-0.854	-0.797	-0.575	-0.639	-0.895	-0.891	-0.882	-0.619	-0.615	-0.620	-0.924	-0.544	-0.472	-0.917	-0.405	-0.391	-0.903	-0.648	-0.614	-0.622	-0.400	-0.624	-0.621	-0.625	-0.622	-0.625	-0.762	-0.625	-0.602	-0.858	-0.625	-0.528	-0.556	-0.591	-0.550	-0.520	-0.576	-0.539	-0.565	-0.896	-0.555	-0.592	-0.566	-0.586	-0.582	-0.531	-0.485	-0.543	-0.557	-0.586	-0.581	-0.560	-0.583	-0.536	-0.543	-0.581	-0.581	-0.540	-0.581	-0.535	-0.502	-0.477	-0.366	-0.871	-0.485	-0.506	-0.487	-0.466	-0.488	-0.507	-0.507	-0.748	-0.740	-0.417	-0.498	-0.451	-0.449	-0.490	-0.455	-0.453	-0.680	-0.437	-0.735	-0.502	-0.773	-0.719	-0.423	-0.473	-0.772	-0.715	-0.849	-0.424	-0.423	-0.735	-0.737	-0.427	-0.431	-0.689	-0.418	-0.431	-0.740	-0.410	
rs6564237      -0.514	-0.469	-0.555	-0.556	-0.879	-0.563	-0.591	-0.582	-0.560	-0.564	-0.564	-0.562	-0.564	-0.563	-0.563	-0.563	-0.563	-0.563	-0.543	-0.563	-0.540	-0.570	-0.563	-0.539	-0.563	-0.450	-0.567	-0.567	-0.568	-0.866	-0.850	-0.867	-0.867	-0.868	-0.741	-0.860	-0.859	-0.800	-0.585	-0.646	-0.902	-0.899	-0.889	-0.627	-0.625	-0.628	-0.931	-0.540	-0.485	-0.924	-0.416	-0.402	-0.911	-0.651	-0.625	-0.631	-0.411	-0.632	-0.630	-0.632	-0.631	-0.633	-0.766	-0.634	-0.619	-0.864	-0.635	-0.541	-0.572	-0.606	-0.566	-0.537	-0.592	-0.556	-0.581	-0.903	-0.571	-0.604	-0.577	-0.597	-0.594	-0.543	-0.498	-0.559	-0.569	-0.598	-0.592	-0.572	-0.594	-0.553	-0.559	-0.593	-0.593	-0.557	-0.593	-0.552	-0.514	-0.489	-0.386	-0.879	-0.497	-0.518	-0.499	-0.479	-0.500	-0.519	-0.519	-0.759	-0.751	-0.437	-0.511	-0.469	-0.467	-0.503	-0.468	-0.465	-0.692	-0.456	-0.747	-0.514	-0.783	-0.731	-0.442	-0.485	-0.782	-0.727	-0.857	-0.436	-0.436	-0.747	-0.748	-0.446	-0.450	-0.700	-0.431	-0.450	-0.751	-0.422	
rs2870463      -0.514	-0.468	-0.555	-0.556	-0.879	-0.563	-0.591	-0.582	-0.560	-0.564	-0.564	-0.562	-0.564	-0.564	-0.564	-0.564	-0.564	-0.563	-0.543	-0.563	-0.540	-0.570	-0.563	-0.539	-0.563	-0.567	-0.450	-0.567	-0.568	-0.866	-0.850	-0.867	-0.867	-0.868	-0.741	-0.860	-0.859	-0.800	-0.585	-0.646	-0.902	-0.899	-0.889	-0.627	-0.625	-0.628	-0.931	-0.540	-0.485	-0.924	-0.416	-0.402	-0.911	-0.651	-0.625	-0.631	-0.411	-0.632	-0.630	-0.632	-0.631	-0.633	-0.766	-0.634	-0.619	-0.864	-0.635	-0.541	-0.572	-0.606	-0.566	-0.536	-0.591	-0.555	-0.581	-0.903	-0.571	-0.603	-0.577	-0.597	-0.594	-0.543	-0.498	-0.559	-0.569	-0.598	-0.592	-0.572	-0.594	-0.552	-0.559	-0.593	-0.593	-0.556	-0.592	-0.552	-0.514	-0.489	-0.386	-0.879	-0.496	-0.518	-0.499	-0.478	-0.500	-0.519	-0.519	-0.759	-0.751	-0.437	-0.510	-0.469	-0.467	-0.503	-0.468	-0.465	-0.692	-0.456	-0.747	-0.514	-0.783	-0.731	-0.442	-0.485	-0.782	-0.726	-0.857	-0.436	-0.436	-0.746	-0.748	-0.445	-0.449	-0.699	-0.431	-0.450	-0.751	-0.422	
rs66473537     -0.512	-0.467	-0.554	-0.554	-0.877	-0.564	-0.592	-0.582	-0.560	-0.565	-0.565	-0.563	-0.565	-0.564	-0.564	-0.564	-0.564	-0.564	-0.544	-0.564	-0.541	-0.570	-0.564	-0.540	-0.564	-0.567	-0.567	-0.448	-0.567	-0.864	-0.849	-0.865	-0.866	-0.866	-0.741	-0.859	-0.857	-0.799	-0.582	-0.644	-0.900	-0.896	-0.887	-0.625	-0.623	-0.627	-0.929	-0.541	-0.481	-0.922	-0.413	-0.399	-0.909	-0.650	-0.623	-0.629	-0.408	-0.630	-0.628	-0.630	-0.629	-0.631	-0.765	-0.631	-0.614	-0.862	-0.632	-0.537	-0.567	-0.601	-0.561	-0.532	-0.587	-0.551	-0.576	-0.901	-0.566	-0.600	-0.574	-0.594	-0.591	-0.540	-0.495	-0.554	-0.566	-0.595	-0.589	-0.569	-0.591	-0.548	-0.554	-0.590	-0.590	-0.552	-0.589	-0.547	-0.511	-0.486	-0.380	-0.877	-0.493	-0.515	-0.496	-0.475	-0.497	-0.515	-0.516	-0.756	-0.748	-0.431	-0.507	-0.464	-0.462	-0.499	-0.464	-0.462	-0.689	-0.451	-0.743	-0.511	-0.780	-0.727	-0.437	-0.482	-0.779	-0.723	-0.855	-0.433	-0.432	-0.743	-0.745	-0.440	-0.444	-0.696	-0.427	-0.444	-0.748	-0.419	
rs8053595      -0.515	-0.470	-0.557	-0.558	-0.881	-0.563	-0.591	-0.582	-0.559	-0.565	-0.565	-0.563	-0.565	-0.564	-0.564	-0.564	-0.564	-0.564	-0.542	-0.564	-0.539	-0.571	-0.563	-0.538	-0.563	-0.568	-0.568	-0.567	-0.451	-0.866	-0.851	-0.868	-0.868	-0.869	-0.742	-0.861	-0.859	-0.801	-0.587	-0.648	-0.903	-0.900	-0.891	-0.629	-0.627	-0.630	-0.933	-0.539	-0.488	-0.926	-0.419	-0.404	-0.913	-0.651	-0.627	-0.632	-0.413	-0.633	-0.632	-0.633	-0.632	-0.635	-0.766	-0.635	-0.622	-0.865	-0.637	-0.544	-0.575	-0.609	-0.569	-0.540	-0.595	-0.559	-0.584	-0.904	-0.574	-0.606	-0.580	-0.600	-0.596	-0.545	-0.501	-0.563	-0.571	-0.600	-0.595	-0.574	-0.597	-0.556	-0.562	-0.595	-0.595	-0.560	-0.595	-0.555	-0.517	-0.492	-0.390	-0.880	-0.499	-0.521	-0.502	-0.481	-0.502	-0.521	-0.521	-0.761	-0.754	-0.441	-0.513	-0.473	-0.471	-0.505	-0.470	-0.468	-0.695	-0.460	-0.749	-0.516	-0.785	-0.733	-0.446	-0.488	-0.784	-0.729	-0.858	-0.439	-0.438	-0.749	-0.750	-0.450	-0.454	-0.702	-0.433	-0.454	-0.754	-0.425	
rs4888360      -0.596	-0.550	-0.638	-0.639	-0.872	-0.759	-0.779	-0.773	-0.758	-0.862	-0.862	-0.861	-0.862	-0.862	-0.862	-0.862	-0.862	-0.862	-0.749	-0.862	-0.746	-0.865	-0.861	-0.746	-0.861	-0.866	-0.866	-0.864	-0.866	-0.555	-0.745	-0.686	-0.686	-0.686	-0.613	-0.682	-0.681	-0.756	-0.538	-0.794	-0.790	-0.871	-0.704	-0.878	-0.880	-0.877	-0.932	-0.739	-0.724	-0.920	-0.336	-0.319	-0.896	-0.584	-0.882	-0.879	-0.331	-0.877	-0.878	-0.874	-0.877	-0.874	-0.712	-0.871	-0.860	-0.714	-0.872	-0.738	-0.748	-0.783	-0.753	-0.720	-0.772	-0.745	-0.764	-0.990	-0.757	-0.785	-0.759	-0.780	-0.776	-0.730	-0.695	-0.748	-0.751	-0.780	-0.775	-0.754	-0.777	-0.742	-0.747	-0.776	-0.775	-0.745	-0.775	-0.742	-0.706	-0.681	-0.614	-0.965	-0.687	-0.699	-0.693	-0.671	-0.694	-0.710	-0.710	-0.904	-0.897	-0.652	-0.702	-0.677	-0.675	-0.693	-0.665	-0.663	-0.849	-0.665	-0.893	-0.702	-0.919	-0.880	-0.655	-0.676	-0.922	-0.872	-0.941	-0.633	-0.633	-0.893	-0.894	-0.657	-0.660	-0.804	-0.628	-0.661	-0.897	-0.621	
rs10871306     -0.579	-0.533	-0.621	-0.622	-0.858	-0.751	-0.770	-0.764	-0.750	-0.848	-0.848	-0.847	-0.847	-0.847	-0.847	-0.847	-0.847	-0.847	-0.741	-0.847	-0.739	-0.849	-0.847	-0.738	-0.847	-0.850	-0.850	-0.849	-0.851	-0.745	-0.541	-0.745	-0.745	-0.745	-0.683	-0.745	-0.745	-0.780	-0.489	-0.781	-0.729	-0.826	-0.618	-0.861	-0.863	-0.861	-0.895	-0.732	-0.709	-0.880	-0.279	-0.261	-0.853	-0.574	-0.864	-0.862	-0.274	-0.860	-0.861	-0.858	-0.860	-0.858	-0.699	-0.855	-0.832	-0.697	-0.855	-0.726	-0.728	-0.764	-0.733	-0.700	-0.752	-0.725	-0.744	-0.977	-0.737	-0.775	-0.749	-0.770	-0.766	-0.720	-0.685	-0.728	-0.741	-0.770	-0.765	-0.744	-0.767	-0.722	-0.727	-0.766	-0.765	-0.725	-0.765	-0.722	-0.697	-0.671	-0.593	-0.951	-0.678	-0.690	-0.684	-0.662	-0.684	-0.701	-0.701	-0.888	-0.882	-0.630	-0.692	-0.656	-0.654	-0.684	-0.656	-0.654	-0.832	-0.645	-0.877	-0.692	-0.904	-0.864	-0.634	-0.667	-0.906	-0.855	-0.928	-0.624	-0.624	-0.877	-0.878	-0.636	-0.639	-0.787	-0.619	-0.640	-0.881	-0.612	
rs8048784      -0.598	-0.552	-0.639	-0.640	-0.874	-0.759	-0.780	-0.773	-0.759	-0.863	-0.863	-0.862	-0.863	-0.863	-0.863	-0.863	-0.863	-0.863	-0.750	-0.863	-0.747	-0.866	-0.862	-0.747	-0.862	-0.867	-0.867	-0.865	-0.868	-0.686	-0.745	-0.557	-0.686	-0.687	-0.611	-0.681	-0.679	-0.755	-0.540	-0.796	-0.793	-0.874	-0.708	-0.879	-0.881	-0.878	-0.935	-0.740	-0.724	-0.922	-0.339	-0.322	-0.898	-0.587	-0.883	-0.880	-0.334	-0.878	-0.879	-0.875	-0.878	-0.875	-0.714	-0.873	-0.861	-0.717	-0.874	-0.739	-0.750	-0.785	-0.755	-0.722	-0.774	-0.747	-0.766	-0.992	-0.759	-0.786	-0.761	-0.781	-0.778	-0.731	-0.696	-0.749	-0.753	-0.781	-0.776	-0.755	-0.778	-0.744	-0.749	-0.777	-0.777	-0.747	-0.777	-0.744	-0.708	-0.682	-0.616	-0.966	-0.688	-0.700	-0.694	-0.672	-0.695	-0.711	-0.711	-0.905	-0.899	-0.654	-0.703	-0.679	-0.677	-0.694	-0.666	-0.664	-0.850	-0.667	-0.895	-0.703	-0.921	-0.881	-0.657	-0.677	-0.923	-0.873	-0.942	-0.634	-0.634	-0.894	-0.895	-0.659	-0.662	-0.806	-0.629	-0.663	-0.898	-0.622	
rs8055167      -0.598	-0.552	-0.640	-0.640	-0.874	-0.759	-0.780	-0.774	-0.759	-0.864	-0.864	-0.862	-0.863	-0.863	-0.863	-0.863	-0.863	-0.863	-0.750	-0.863	-0.747	-0.866	-0.862	-0.747	-0.862	-0.867	-0.867	-0.866	-0.868	-0.686	-0.745	-0.686	-0.557	-0.687	-0.611	-0.681	-0.679	-0.755	-0.540	-0.796	-0.793	-0.874	-0.709	-0.879	-0.881	-0.878	-0.935	-0.740	-0.724	-0.922	-0.340	-0.322	-0.899	-0.587	-0.883	-0.880	-0.334	-0.878	-0.879	-0.875	-0.878	-0.875	-0.714	-0.873	-0.861	-0.717	-0.874	-0.739	-0.750	-0.785	-0.755	-0.722	-0.774	-0.747	-0.766	-0.992	-0.759	-0.787	-0.761	-0.781	-0.778	-0.731	-0.696	-0.750	-0.753	-0.781	-0.776	-0.755	-0.778	-0.744	-0.749	-0.777	-0.777	-0.747	-0.777	-0.744	-0.708	-0.682	-0.616	-0.966	-0.688	-0.700	-0.695	-0.672	-0.695	-0.711	-0.711	-0.905	-0.899	-0.654	-0.703	-0.679	-0.677	-0.694	-0.666	-0.664	-0.850	-0.668	-0.895	-0.703	-0.921	-0.881	-0.657	-0.677	-0.923	-0.873	-0.942	-0.634	-0.634	-0.894	-0.895	-0.659	-0.662	-0.806	-0.629	-0.663	-0.898	-0.622	
rs8051037      -0.599	-0.553	-0.641	-0.641	-0.876	-0.760	-0.781	-0.774	-0.760	-0.864	-0.864	-0.863	-0.864	-0.864	-0.864	-0.864	-0.864	-0.864	-0.750	-0.864	-0.748	-0.867	-0.863	-0.747	-0.863	-0.868	-0.868	-0.866	-0.869	-0.686	-0.745	-0.687	-0.687	-0.558	-0.609	-0.681	-0.679	-0.755	-0.542	-0.797	-0.796	-0.876	-0.711	-0.880	-0.882	-0.879	-0.936	-0.741	-0.725	-0.924	-0.342	-0.325	-0.900	-0.588	-0.884	-0.881	-0.336	-0.879	-0.880	-0.876	-0.879	-0.876	-0.716	-0.874	-0.862	-0.720	-0.875	-0.740	-0.752	-0.787	-0.757	-0.724	-0.775	-0.749	-0.767	-0.993	-0.760	-0.787	-0.762	-0.782	-0.779	-0.732	-0.697	-0.751	-0.754	-0.782	-0.777	-0.756	-0.779	-0.746	-0.751	-0.778	-0.778	-0.749	-0.778	-0.745	-0.709	-0.683	-0.618	-0.967	-0.689	-0.701	-0.695	-0.673	-0.696	-0.712	-0.712	-0.907	-0.900	-0.655	-0.704	-0.680	-0.679	-0.695	-0.667	-0.665	-0.852	-0.669	-0.896	-0.704	-0.922	-0.882	-0.659	-0.678	-0.925	-0.874	-0.944	-0.635	-0.635	-0.895	-0.897	-0.661	-0.664	-0.807	-0.630	-0.664	-0.899	-0.623	
rs8051363      -0.450	-0.403	-0.494	-0.495	-0.732	-0.655	-0.669	-0.665	-0.654	-0.739	-0.739	-0.739	-0.739	-0.739	-0.739	-0.739	-0.739	-0.739	-0.647	-0.739	-0.645	-0.741	-0.739	-0.645	-0.739	-0.741	-0.741	-0.741	-0.742	-0.613	-0.683	-0.611	-0.611	-0.609	-0.418	-0.623	-0.624	-0.606	-0.334	-0.657	-0.589	-0.688	-0.468	-0.749	-0.750	-0.749	-0.764	-0.639	-0.635	-0.748	-0.120	-0.102	-0.719	-0.317	-0.749	-0.749	-0.114	-0.748	-0.747	-0.747	-0.747	-0.745	-0.457	-0.742	-0.736	-0.533	-0.741	-0.584	-0.562	-0.592	-0.556	-0.530	-0.578	-0.546	-0.569	-0.835	-0.560	-0.641	-0.619	-0.636	-0.632	-0.589	-0.548	-0.549	-0.611	-0.635	-0.630	-0.614	-0.632	-0.543	-0.548	-0.631	-0.631	-0.546	-0.631	-0.542	-0.561	-0.541	-0.394	-0.805	-0.547	-0.557	-0.548	-0.531	-0.548	-0.565	-0.565	-0.741	-0.734	-0.437	-0.556	-0.466	-0.465	-0.546	-0.519	-0.517	-0.677	-0.453	-0.729	-0.561	-0.764	-0.713	-0.441	-0.535	-0.763	-0.710	-0.778	-0.492	-0.491	-0.728	-0.729	-0.444	-0.447	-0.618	-0.487	-0.447	-0.733	-0.480	
rs9652674      -0.588	-0.543	-0.630	-0.631	-0.863	-0.754	-0.774	-0.768	-0.754	-0.857	-0.857	-0.855	-0.856	-0.856	-0.856	-0.856	-0.856	-0.856	-0.744	-0.856	-0.742	-0.859	-0.856	-0.742	-0.856	-0.860	-0.860	-0.859	-0.861	-0.682	-0.745	-0.681	-0.681	-0.681	-0.623	-0.548	-0.677	-0.755	-0.523	-0.788	-0.773	-0.859	-0.680	-0.872	-0.874	-0.871	-0.921	-0.735	-0.719	-0.909	-0.320	-0.303	-0.884	-0.572	-0.875	-0.873	-0.315	-0.870	-0.871	-0.868	-0.871	-0.868	-0.700	-0.865	-0.852	-0.697	-0.866	-0.731	-0.738	-0.774	-0.743	-0.710	-0.762	-0.735	-0.754	-0.983	-0.747	-0.779	-0.753	-0.774	-0.770	-0.723	-0.689	-0.738	-0.745	-0.774	-0.769	-0.748	-0.771	-0.732	-0.737	-0.769	-0.769	-0.735	-0.769	-0.732	-0.700	-0.674	-0.603	-0.957	-0.680	-0.692	-0.687	-0.665	-0.687	-0.704	-0.704	-0.896	-0.889	-0.641	-0.695	-0.666	-0.664	-0.687	-0.659	-0.657	-0.840	-0.655	-0.885	-0.696	-0.911	-0.871	-0.644	-0.670	-0.914	-0.863	-0.933	-0.627	-0.626	-0.884	-0.886	-0.646	-0.649	-0.795	-0.622	-0.650	-0.889	-0.615	
rs9652665      -0.587	-0.541	-0.629	-0.630	-0.862	-0.753	-0.773	-0.767	-0.753	-0.856	-0.855	-0.854	-0.855	-0.855	-0.855	-0.855	-0.855	-0.855	-0.744	-0.855	-0.741	-0.858	-0.854	-0.741	-0.854	-0.859	-0.859	-0.857	-0.859	-0.681	-0.745	-0.679	-0.679	-0.679	-0.624	-0.677	-0.547	-0.755	-0.521	-0.787	-0.769	-0.856	-0.676	-0.870	-0.873	-0.870	-0.919	-0.734	-0.718	-0.906	-0.318	-0.300	-0.882	-0.570	-0.874	-0.871	-0.312	-0.869	-0.870	-0.867	-0.869	-0.867	-0.698	-0.864	-0.850	-0.694	-0.865	-0.730	-0.736	-0.772	-0.741	-0.708	-0.760	-0.733	-0.752	-0.982	-0.745	-0.778	-0.752	-0.773	-0.769	-0.722	-0.688	-0.736	-0.744	-0.772	-0.768	-0.747	-0.769	-0.730	-0.735	-0.768	-0.768	-0.733	-0.768	-0.730	-0.699	-0.673	-0.601	-0.955	-0.679	-0.691	-0.686	-0.663	-0.686	-0.703	-0.703	-0.894	-0.888	-0.639	-0.694	-0.664	-0.662	-0.686	-0.658	-0.656	-0.839	-0.653	-0.884	-0.694	-0.910	-0.870	-0.642	-0.668	-0.913	-0.862	-0.932	-0.625	-0.625	-0.883	-0.884	-0.644	-0.647	-0.793	-0.620	-0.648	-0.887	-0.614	
rs8045196      -0.523	-0.477	-0.566	-0.567	-0.820	-0.703	-0.721	-0.716	-0.703	-0.798	-0.798	-0.797	-0.798	-0.798	-0.798	-0.798	-0.798	-0.798	-0.695	-0.798	-0.693	-0.799	-0.797	-0.692	-0.797	-0.800	-0.800	-0.799	-0.801	-0.756	-0.780	-0.755	-0.755	-0.755	-0.606	-0.755	-0.755	-0.484	-0.453	-0.721	-0.746	-0.798	-0.661	-0.809	-0.811	-0.809	-0.862	-0.686	-0.675	-0.849	-0.250	-0.232	-0.824	-0.459	-0.811	-0.810	-0.244	-0.809	-0.808	-0.806	-0.808	-0.806	-0.594	-0.803	-0.803	-0.688	-0.802	-0.646	-0.643	-0.672	-0.637	-0.612	-0.659	-0.628	-0.650	-0.911	-0.641	-0.699	-0.677	-0.694	-0.690	-0.647	-0.606	-0.631	-0.669	-0.694	-0.689	-0.672	-0.691	-0.625	-0.630	-0.689	-0.689	-0.628	-0.689	-0.624	-0.619	-0.597	-0.481	-0.883	-0.604	-0.614	-0.605	-0.588	-0.605	-0.622	-0.622	-0.811	-0.803	-0.523	-0.613	-0.551	-0.549	-0.605	-0.576	-0.574	-0.749	-0.538	-0.799	-0.619	-0.833	-0.783	-0.526	-0.592	-0.831	-0.781	-0.858	-0.549	-0.548	-0.798	-0.799	-0.529	-0.532	-0.697	-0.544	-0.533	-0.803	-0.537	
rs17673983     -0.421	-0.384	-0.460	-0.460	-0.706	-0.443	-0.478	-0.467	-0.444	-0.577	-0.577	-0.574	-0.577	-0.576	-0.576	-0.576	-0.576	-0.576	-0.431	-0.576	-0.427	-0.583	-0.575	-0.426	-0.575	-0.585	-0.585	-0.582	-0.587	-0.538	-0.489	-0.540	-0.540	-0.542	-0.334	-0.523	-0.521	-0.453	-0.323	-0.563	-0.682	-0.691	-0.731	-0.607	-0.616	-0.605	-0.636	-0.414	-0.622	-0.654	-0.237	-0.213	-0.680	-0.645	-0.624	-0.612	-0.281	-0.605	-0.613	-0.600	-0.610	-0.605	-0.718	-0.605	-0.678	-0.736	-0.615	-0.616	-0.665	-0.677	-0.662	-0.650	-0.671	-0.658	-0.668	-0.794	-0.663	-0.661	-0.645	-0.657	-0.654	-0.620	-0.588	-0.658	-0.638	-0.657	-0.654	-0.641	-0.655	-0.655	-0.658	-0.654	-0.654	-0.657	-0.654	-0.655	-0.596	-0.579	-0.577	-0.796	-0.584	-0.597	-0.585	-0.571	-0.585	-0.599	-0.599	-0.748	-0.745	-0.602	-0.593	-0.617	-0.616	-0.588	-0.563	-0.561	-0.721	-0.610	-0.743	-0.599	-0.758	-0.737	-0.604	-0.577	-0.754	-0.737	-0.789	-0.541	-0.540	-0.743	-0.743	-0.605	-0.607	-0.670	-0.536	-0.607	-0.744	-0.531	
rs72802391     -0.457	-0.411	-0.499	-0.500	-0.827	-0.425	-0.470	-0.454	-0.416	-0.641	-0.641	-0.639	-0.641	-0.640	-0.640	-0.640	-0.640	-0.640	-0.393	-0.640	-0.388	-0.645	-0.639	-0.387	-0.639	-0.646	-0.646	-0.644	-0.648	-0.794	-0.781	-0.796	-0.796	-0.797	-0.657	-0.788	-0.787	-0.721	-0.563	-0.385	-0.861	-0.863	-0.858	-0.661	-0.665	-0.660	-0.889	-0.340	-0.496	-0.885	-0.403	-0.389	-0.874	-0.578	-0.669	-0.664	-0.398	-0.660	-0.663	-0.656	-0.662	-0.658	-0.698	-0.656	-0.682	-0.806	-0.660	-0.542	-0.605	-0.634	-0.603	-0.578	-0.622	-0.595	-0.614	-0.854	-0.607	-0.589	-0.564	-0.584	-0.580	-0.531	-0.491	-0.598	-0.555	-0.584	-0.579	-0.558	-0.580	-0.593	-0.598	-0.579	-0.579	-0.596	-0.579	-0.592	-0.503	-0.478	-0.458	-0.830	-0.485	-0.502	-0.488	-0.467	-0.489	-0.507	-0.507	-0.744	-0.738	-0.498	-0.499	-0.524	-0.521	-0.491	-0.458	-0.456	-0.689	-0.513	-0.734	-0.503	-0.764	-0.721	-0.502	-0.474	-0.763	-0.716	-0.809	-0.427	-0.427	-0.734	-0.735	-0.504	-0.508	-0.654	-0.422	-0.508	-0.738	-0.414	
