## Summary of overall evidence for association with region:
## log10(BF for region) = 7.61225
## p-value for region = NA

## BFs for choosing among multi-SNP models:
## log10(average 1-SNP BF) = 3.56148
## log10(average 2-SNP BF) = 8.08934

## Example posterior probabilities for multi-SNP models, based on default prior: [p(l) propto 0.5^l for l=1,2,...,L]
## posterior probability of 1-SNP = 5.93112e-05
## posterior probability of 2-SNP = 0.999941

## log10(BF) for single SNP and pair of SNPs:
rs73655814     +3.544	+3.983	+3.200	+2.939	+3.331	+3.273	+2.950	+2.945	+3.912	+2.863	+2.924	+2.942	+3.924	+3.325	+2.941	+2.938	+2.938	+2.948	+2.948	+2.951	+3.905	+3.965	+3.337	+3.903	+2.947	+3.931	+2.945	+3.380	+3.980	+3.370	+2.934	+3.948	+3.952	+3.343	+3.952	+3.952	+3.371	+2.933	+3.970	+3.951	+3.362	+3.972	+3.821	+3.803	+3.950	+4.031	+3.040	+3.972	+3.811	+2.937	+2.935	+2.937	+2.937	+2.937	+2.937	+2.936	+2.933	+3.918	+3.884	+3.720	+2.858	+2.864	+3.213	+3.007	+8.937	+8.937	+8.992	+3.230	+8.858	+8.896	+8.938	+3.250	+8.851	+8.886	+8.898	+8.706	+8.892	+8.783	+8.881	+8.931	+8.877	+8.927	+3.044	+2.859	+2.938	+2.912	+3.245	+3.066	+3.287	+2.882	+2.933	+2.882	+3.261	+3.263	+2.842	+3.274	+3.275	+2.879	+2.880	+3.277	+2.936	+3.283	+3.137	+2.897	+2.886	+3.298	+2.956	+2.899	+3.299	+2.949	+3.318	+2.914	+2.916	+2.954	+2.916	+3.300	+2.957	+3.353	+3.431	+2.947	+2.952	+2.952	+3.006	+2.952	+3.003	+2.966	+2.968	+3.001	+2.955	+2.955	+3.107	+3.063	+3.032	+3.075	+3.070	+3.051	+3.052	+3.008	+2.983	+2.948	+3.025	+3.069	+3.060	+3.060	+3.136	+3.136	+3.136	+2.931	+2.905	+3.052	+3.051	+3.048	+2.937	+3.052	+2.992	+2.970	+3.190	+3.098	+3.107	+3.395	+3.264	+3.651	+3.676	+3.632	+4.235	+4.272	+4.144	+4.144	+4.131	+4.122	+3.974	+3.451	
rs10118914     +3.983	+4.209	+3.788	+3.581	+3.847	+3.829	+3.578	+3.580	+4.193	+3.637	+3.538	+3.581	+4.194	+3.842	+3.581	+3.582	+3.583	+3.579	+3.579	+3.579	+4.187	+4.212	+3.852	+4.186	+3.580	+4.193	+3.580	+3.890	+4.219	+3.881	+3.585	+4.200	+4.203	+3.858	+4.203	+4.202	+3.882	+3.585	+4.214	+4.202	+3.874	+4.215	+4.128	+4.126	+4.202	+4.256	+3.707	+4.205	+4.107	+3.582	+3.583	+3.582	+3.582	+3.582	+3.582	+3.584	+3.585	+4.178	+4.122	+4.017	+3.632	+3.564	+3.826	+3.676	+9.814	+9.814	+9.870	+3.841	+9.732	+9.762	+9.806	+3.859	+9.717	+9.755	+9.765	+9.567	+9.758	+9.647	+9.748	+9.799	+9.743	+9.794	+3.709	+3.575	+3.547	+3.552	+3.861	+3.674	+3.897	+3.578	+3.671	+3.578	+3.881	+3.883	+3.487	+3.894	+3.894	+3.515	+3.516	+3.896	+3.532	+3.901	+3.659	+3.529	+3.515	+3.916	+3.547	+3.531	+3.917	+3.521	+3.942	+3.544	+3.546	+3.546	+3.546	+3.919	+3.548	+3.967	+4.039	+3.600	+3.579	+3.579	+3.586	+3.579	+3.583	+3.589	+3.590	+3.580	+3.607	+3.607	+3.641	+3.601	+3.644	+3.610	+3.606	+3.661	+3.593	+3.586	+3.567	+3.541	+3.637	+3.676	+3.668	+3.668	+3.740	+3.740	+3.740	+3.580	+3.529	+3.661	+3.660	+3.658	+3.574	+3.664	+3.609	+3.621	+4.022	+3.777	+3.787	+4.249	+3.899	+4.341	+4.367	+4.321	+4.909	+4.983	+4.840	+4.840	+4.826	+4.817	+4.666	+4.117	
rs10817452     +3.200	+3.788	+0.215	+0.852	+0.535	+0.241	+0.900	+0.887	+3.696	-0.284	+0.498	+0.875	+3.711	+0.528	+0.871	+0.861	+0.861	+0.896	+0.895	+0.909	+3.686	+3.762	+0.543	+3.684	+0.892	+3.719	+0.883	+0.600	+3.780	+0.587	+0.841	+3.740	+3.745	+0.549	+3.744	+3.744	+0.587	+0.837	+3.768	+3.743	+0.578	+3.774	+3.562	+3.531	+3.742	+3.847	+0.111	+3.766	+3.558	+0.839	+0.831	+0.839	+0.839	+0.840	+0.840	+0.833	+0.820	+3.697	+3.627	+3.364	-0.244	+0.299	-0.077	-0.126	+4.001	+4.001	+4.047	-0.050	+3.932	+3.968	+4.002	-0.039	+3.930	+3.928	+3.970	+3.808	+3.964	+3.877	+3.956	+3.997	+3.952	+3.993	-0.074	-0.061	-0.060	-0.096	-0.125	-0.287	-0.188	-0.283	-0.266	-0.283	-0.213	-0.215	-0.314	-0.217	-0.217	-0.303	-0.302	-0.218	-0.255	-0.219	-0.257	-0.296	-0.316	-0.220	-0.267	-0.296	-0.220	-0.324	-0.222	-0.288	-0.287	-0.267	-0.287	-0.221	-0.268	-0.224	-0.218	-0.322	-0.269	-0.269	-0.286	-0.269	-0.285	-0.259	-0.259	-0.288	-0.323	-0.323	-0.244	-0.290	-0.205	-0.286	-0.288	-0.193	-0.294	-0.291	-0.283	-0.270	-0.205	-0.170	-0.175	-0.175	-0.116	-0.116	-0.116	-0.323	-0.268	-0.179	-0.179	-0.182	-0.301	-0.175	-0.232	-0.322	-0.048	-0.297	-0.294	+0.273	-0.033	-0.113	-0.105	-0.108	+0.596	+0.597	+0.560	+0.561	+0.553	+0.548	+0.440	+0.141	
rs7027181      +2.939	+3.581	+0.852	+1.032	+2.605	+0.942	+1.003	+0.999	+3.481	+0.602	+0.763	+0.987	+3.497	+2.593	+0.984	+0.978	+0.978	+1.002	+1.001	+1.012	+3.469	+3.552	+2.618	+3.467	+0.998	+3.505	+0.992	+2.710	+3.571	+2.682	+0.960	+3.527	+3.533	+2.624	+3.532	+3.532	+2.682	+0.958	+3.558	+3.531	+2.663	+3.563	+3.336	+3.304	+3.530	+3.641	+0.587	+3.554	+3.311	+0.953	+0.950	+0.953	+0.953	+0.954	+0.954	+0.949	+0.944	+3.480	+3.401	+3.108	+0.613	+1.041	+0.626	+0.664	+6.305	+6.305	+6.361	+0.824	+6.214	+6.251	+6.294	+0.841	+6.205	+6.232	+6.251	+6.070	+6.244	+6.134	+6.234	+6.285	+6.230	+6.280	+0.693	+0.639	+0.643	+0.660	+0.631	+0.853	+0.632	+0.689	+0.541	+0.689	+0.649	+0.650	+0.479	+0.654	+0.654	+0.496	+0.497	+0.655	+0.507	+0.657	+0.612	+0.506	+0.490	+0.663	+0.499	+0.507	+0.663	+0.507	+0.673	+0.515	+0.516	+0.499	+0.516	+0.664	+0.498	+0.686	+0.727	+0.464	+0.540	+0.540	+0.487	+0.540	+0.488	+0.548	+0.549	+0.486	+0.462	+0.462	+0.631	+0.565	+0.589	+0.573	+0.569	+0.602	+0.559	+0.484	+0.489	+0.498	+0.587	+0.619	+0.613	+0.613	+0.671	+0.671	+0.671	+0.463	+0.512	+0.609	+0.608	+0.606	+0.481	+0.612	+0.570	+0.461	+0.812	+0.476	+0.478	+0.942	+1.021	+0.783	+0.796	+0.784	+1.517	+1.556	+1.490	+1.490	+1.482	+1.476	+1.358	+1.007	
rs10981671     +3.331	+3.847	+0.535	+2.605	+0.871	+0.772	+2.658	+2.645	+3.759	+0.366	+2.257	+2.626	+3.772	+0.810	+2.620	+2.607	+2.607	+2.653	+2.653	+2.672	+3.748	+3.820	+0.812	+3.747	+2.649	+3.780	+2.637	+0.853	+3.837	+0.847	+2.573	+3.799	+3.803	+0.811	+3.803	+3.803	+0.847	+2.568	+3.825	+3.802	+0.834	+3.831	+3.633	+3.604	+3.801	+3.900	+0.494	+3.825	+3.624	+2.579	+2.569	+2.578	+2.578	+2.580	+2.580	+2.569	+2.553	+3.761	+3.710	+3.476	+0.523	+0.622	+0.625	+0.535	+4.345	+4.345	+4.388	+0.563	+4.284	+4.317	+4.349	+0.574	+4.282	+4.278	+4.320	+4.158	+4.315	+4.232	+4.306	+4.345	+4.303	+4.341	+0.594	+0.989	+1.069	+1.031	+0.566	+0.492	+0.479	+0.312	+0.376	+0.313	+0.447	+0.443	+0.303	+0.440	+0.439	+0.304	+0.304	+0.439	+0.353	+0.436	+0.320	+0.306	+0.311	+0.433	+0.344	+0.306	+0.434	+0.301	+0.429	+0.309	+0.309	+0.345	+0.310	+0.433	+0.344	+0.424	+0.421	+0.323	+0.319	+0.319	+0.333	+0.319	+0.334	+0.325	+0.325	+0.332	+0.326	+0.326	+0.324	+0.303	+0.362	+0.305	+0.304	+0.371	+0.302	+0.330	+0.334	+0.343	+0.363	+0.386	+0.383	+0.383	+0.428	+0.428	+0.428	+0.323	+0.323	+0.380	+0.380	+0.378	+0.328	+0.383	+0.341	+0.337	+0.501	+0.396	+0.401	+0.945	+0.469	+0.561	+0.570	+0.564	+1.315	+1.302	+1.257	+1.257	+1.247	+1.242	+1.127	+0.792	
rs10981673     +3.273	+3.829	+0.241	+0.942	+0.772	+0.523	+0.986	+0.975	+3.740	-0.001	+0.629	+0.964	+3.756	+0.766	+0.960	+0.951	+0.950	+0.983	+0.983	+0.995	+3.730	+3.806	+0.780	+3.729	+0.980	+3.763	+0.971	+0.833	+3.824	+0.819	+0.933	+3.785	+3.789	+0.786	+3.789	+3.789	+0.820	+0.930	+3.812	+3.788	+0.812	+3.818	+3.613	+3.582	+3.787	+3.889	+0.240	+3.811	+3.606	+0.932	+0.924	+0.932	+0.932	+0.933	+0.933	+0.927	+0.914	+3.743	+3.682	+3.433	+0.029	+0.453	+0.199	+0.245	+4.185	+4.185	+4.230	+0.224	+4.117	+4.152	+4.186	+0.234	+4.115	+4.170	+4.155	+3.998	+4.149	+4.063	+4.141	+4.181	+4.137	+4.177	+0.240	+0.189	+0.197	+0.169	+0.158	+0.014	+0.106	-0.025	+0.097	-0.025	+0.085	+0.083	-0.034	+0.081	+0.081	-0.034	-0.033	+0.081	+0.020	+0.079	+0.124	-0.031	-0.027	+0.078	+0.011	-0.031	+0.079	+0.005	+0.077	-0.028	-0.028	+0.011	-0.028	+0.078	+0.010	+0.076	+0.084	-0.016	-0.018	-0.018	-0.001	-0.018	-0.000	-0.012	-0.012	-0.003	-0.022	-0.022	+0.134	+0.072	+0.024	+0.080	+0.076	+0.032	+0.066	-0.005	+0.000	+0.009	+0.024	+0.048	+0.045	+0.045	+0.086	+0.086	+0.086	-0.018	-0.015	+0.042	+0.041	+0.040	-0.029	+0.045	+0.005	-0.031	+0.158	-0.037	-0.036	+0.415	+0.316	+0.191	+0.198	+0.195	+0.848	+0.853	+0.817	+0.817	+0.809	+0.805	+0.703	+0.422	
rs10817454     +2.950	+3.578	+0.900	+1.003	+2.658	+0.986	+1.090	+1.026	+3.479	+0.665	+0.821	+1.015	+3.495	+2.646	+1.013	+1.010	+1.010	+1.028	+1.027	+1.035	+3.468	+3.550	+2.671	+3.466	+1.025	+3.504	+1.022	+2.763	+3.570	+2.735	+1.002	+3.526	+3.532	+2.677	+3.531	+3.531	+2.735	+1.001	+3.557	+3.530	+2.716	+3.562	+3.337	+3.306	+3.529	+3.639	+0.641	+3.553	+3.313	+0.994	+0.994	+0.994	+0.994	+0.995	+0.995	+0.992	+0.991	+3.479	+3.402	+3.113	+0.678	+1.087	+0.682	+0.720	+6.385	+6.385	+6.442	+0.876	+6.294	+6.331	+6.374	+0.893	+6.285	+6.312	+6.331	+6.150	+6.324	+6.214	+6.314	+6.365	+6.309	+6.360	+0.749	+0.697	+0.701	+0.718	+0.688	+0.915	+0.690	+0.747	+0.597	+0.746	+0.707	+0.708	+0.536	+0.712	+0.712	+0.553	+0.554	+0.713	+0.560	+0.715	+0.672	+0.563	+0.546	+0.721	+0.552	+0.564	+0.721	+0.565	+0.731	+0.573	+0.574	+0.553	+0.574	+0.722	+0.552	+0.745	+0.786	+0.518	+0.598	+0.598	+0.541	+0.598	+0.542	+0.606	+0.607	+0.540	+0.517	+0.517	+0.692	+0.625	+0.649	+0.632	+0.629	+0.661	+0.619	+0.538	+0.543	+0.552	+0.646	+0.678	+0.673	+0.673	+0.731	+0.731	+0.731	+0.517	+0.569	+0.668	+0.667	+0.665	+0.537	+0.671	+0.629	+0.516	+0.873	+0.533	+0.535	+1.001	+1.081	+0.841	+0.854	+0.841	+1.573	+1.613	+1.546	+1.547	+1.538	+1.533	+1.412	+1.062	
rs10118429     +2.945	+3.580	+0.887	+0.999	+2.645	+0.975	+1.026	+1.074	+3.481	+0.650	+0.808	+1.014	+3.496	+2.632	+1.011	+1.008	+1.008	+1.023	+1.023	+1.031	+3.469	+3.551	+2.658	+3.467	+1.020	+3.504	+1.017	+2.749	+3.571	+2.721	+0.994	+3.527	+3.532	+2.663	+3.532	+3.532	+2.722	+0.993	+3.558	+3.531	+2.702	+3.563	+3.337	+3.306	+3.530	+3.640	+0.627	+3.554	+3.312	+0.986	+0.985	+0.985	+0.986	+0.986	+0.986	+0.983	+0.981	+3.480	+3.402	+3.112	+0.662	+1.073	+0.667	+0.705	+6.368	+6.368	+6.425	+0.862	+6.277	+6.314	+6.357	+0.879	+6.268	+6.295	+6.314	+6.133	+6.307	+6.197	+6.297	+6.348	+6.293	+6.344	+0.734	+0.682	+0.686	+0.703	+0.673	+0.901	+0.675	+0.733	+0.583	+0.732	+0.692	+0.693	+0.522	+0.698	+0.698	+0.539	+0.540	+0.699	+0.546	+0.701	+0.659	+0.549	+0.532	+0.707	+0.538	+0.550	+0.706	+0.551	+0.717	+0.559	+0.560	+0.538	+0.560	+0.708	+0.537	+0.731	+0.772	+0.504	+0.584	+0.584	+0.526	+0.584	+0.527	+0.593	+0.593	+0.526	+0.502	+0.502	+0.678	+0.611	+0.635	+0.619	+0.615	+0.648	+0.605	+0.524	+0.528	+0.537	+0.632	+0.665	+0.659	+0.659	+0.718	+0.718	+0.717	+0.503	+0.555	+0.654	+0.654	+0.652	+0.523	+0.657	+0.615	+0.501	+0.860	+0.519	+0.521	+0.988	+1.066	+0.827	+0.839	+0.827	+1.560	+1.599	+1.533	+1.533	+1.525	+1.519	+1.401	+1.049	
rs16912536     +3.912	+4.193	+3.696	+3.481	+3.759	+3.740	+3.479	+3.481	+4.108	+3.533	+3.441	+3.482	+4.140	+3.753	+3.482	+3.483	+3.483	+3.481	+3.481	+3.480	+4.128	+4.169	+3.764	+4.127	+3.481	+4.142	+3.482	+3.802	+4.180	+3.793	+3.485	+4.153	+4.156	+3.769	+4.156	+4.156	+3.794	+3.485	+4.173	+4.156	+3.786	+4.174	+4.053	+4.046	+4.155	+4.230	+3.609	+4.162	+4.034	+3.483	+3.484	+3.483	+3.483	+3.483	+3.483	+3.484	+3.485	+4.123	+4.062	+3.943	+3.527	+3.463	+3.720	+3.578	+9.698	+9.699	+9.755	+3.746	+9.617	+9.647	+9.691	+3.764	+9.602	+9.640	+9.650	+9.452	+9.643	+9.533	+9.632	+9.684	+9.628	+9.679	+3.611	+3.474	+3.450	+3.455	+3.754	+3.572	+3.789	+3.478	+3.568	+3.478	+3.775	+3.776	+3.388	+3.787	+3.788	+3.416	+3.417	+3.790	+3.432	+3.795	+3.557	+3.429	+3.415	+3.809	+3.446	+3.431	+3.810	+3.421	+3.834	+3.444	+3.446	+3.445	+3.446	+3.812	+3.447	+3.860	+3.931	+3.498	+3.478	+3.478	+3.484	+3.478	+3.481	+3.489	+3.490	+3.478	+3.505	+3.505	+3.540	+3.499	+3.543	+3.509	+3.505	+3.559	+3.492	+3.484	+3.465	+3.441	+3.535	+3.574	+3.566	+3.566	+3.637	+3.637	+3.637	+3.478	+3.430	+3.559	+3.559	+3.556	+3.472	+3.563	+3.509	+3.518	+3.915	+3.672	+3.682	+4.144	+3.799	+4.232	+4.258	+4.212	+4.807	+4.880	+4.739	+4.739	+4.725	+4.716	+4.565	+4.019	
rs10435864     +2.863	+3.637	-0.284	+0.602	+0.366	-0.001	+0.665	+0.650	+3.533	-0.466	+0.095	+0.634	+3.550	+0.358	+0.629	+0.616	+0.615	+0.662	+0.662	+0.678	+3.520	+3.610	+0.374	+3.518	+0.658	+3.559	+0.645	+0.437	+3.631	+0.423	+0.589	+3.585	+3.590	+0.381	+3.590	+3.590	+0.423	+0.585	+3.617	+3.589	+0.412	+3.623	+3.378	+3.344	+3.588	+3.704	-0.819	+3.613	+3.347	+0.586	+0.576	+0.586	+0.586	+0.588	+0.587	+0.578	+0.560	+3.534	+3.453	+3.122	-0.687	-0.096	-0.685	-0.749	+4.481	+4.481	+4.536	-0.511	+4.390	+4.428	+4.470	-0.490	+4.382	+4.334	+4.429	+4.234	+4.422	+4.314	+4.412	+4.462	+4.408	+4.457	-0.714	-0.643	-0.653	-0.697	-0.739	-0.906	-0.805	-0.928	-0.876	-0.928	-0.833	-0.835	-0.906	-0.837	-0.838	-0.905	-0.905	-0.838	-0.831	-0.840	-0.899	-0.901	-0.903	-0.841	-0.846	-0.901	-0.841	-0.931	-0.844	-0.897	-0.896	-0.845	-0.896	-0.842	-0.847	-0.847	-0.843	-0.899	-0.883	-0.883	-0.871	-0.883	-0.869	-0.875	-0.875	-0.872	-0.902	-0.902	-0.878	-0.922	-0.846	-0.919	-0.920	-0.836	-0.924	-0.877	-0.867	-0.853	-0.847	-0.819	-0.824	-0.824	-0.774	-0.774	-0.774	-0.903	-0.902	-0.828	-0.828	-0.830	-0.899	-0.826	-0.857	-0.906	-0.711	-0.891	-0.888	-0.431	-0.741	-0.757	-0.750	-0.752	+0.084	+0.080	+0.037	+0.037	+0.029	+0.024	-0.093	-0.415	
rs17762642     +2.924	+3.538	+0.498	+0.763	+2.257	+0.629	+0.821	+0.808	+3.441	+0.095	+0.583	+0.793	+3.457	+2.244	+0.788	+0.776	+0.776	+0.817	+0.817	+0.833	+3.430	+3.511	+2.270	+3.428	+0.813	+3.465	+0.802	+2.362	+3.530	+2.335	+0.750	+3.488	+3.493	+2.275	+3.492	+3.492	+2.335	+0.746	+3.517	+3.491	+2.316	+3.524	+3.302	+3.271	+3.490	+3.598	+0.162	+3.514	+3.279	+0.745	+0.737	+0.745	+0.745	+0.747	+0.747	+0.738	+0.723	+3.441	+3.366	+3.080	+0.110	+0.761	+0.198	+0.230	+5.596	+5.596	+5.651	+0.431	+5.509	+5.550	+5.591	+0.449	+5.505	+5.528	+5.550	+5.373	+5.543	+5.437	+5.534	+5.583	+5.529	+5.578	+0.260	+0.156	+0.173	+0.181	+0.195	+0.364	+0.189	+0.189	+0.098	+0.189	+0.199	+0.200	+0.047	+0.203	+0.203	+0.060	+0.061	+0.204	+0.083	+0.205	+0.194	+0.069	+0.058	+0.210	+0.074	+0.070	+0.210	+0.085	+0.217	+0.077	+0.078	+0.075	+0.078	+0.211	+0.074	+0.229	+0.265	+0.038	+0.099	+0.099	+0.062	+0.099	+0.063	+0.108	+0.108	+0.061	+0.035	+0.035	+0.212	+0.146	+0.148	+0.154	+0.150	+0.160	+0.140	+0.059	+0.064	+0.073	+0.146	+0.177	+0.172	+0.172	+0.226	+0.226	+0.226	+0.037	+0.078	+0.167	+0.167	+0.165	+0.049	+0.169	+0.129	+0.032	+0.276	+0.039	+0.041	+0.422	+0.543	+0.323	+0.334	+0.325	+1.066	+1.086	+1.030	+1.031	+1.022	+1.017	+0.901	+0.569	
rs12684417     +2.942	+3.581	+0.875	+0.987	+2.626	+0.964	+1.015	+1.014	+3.482	+0.634	+0.793	+1.060	+3.498	+2.614	+1.008	+0.999	+1.000	+1.022	+1.022	+1.032	+3.470	+3.553	+2.639	+3.468	+1.019	+3.506	+1.010	+2.730	+3.573	+2.703	+0.988	+3.529	+3.535	+2.645	+3.534	+3.534	+2.703	+0.987	+3.560	+3.533	+2.684	+3.565	+3.338	+3.306	+3.532	+3.642	+0.613	+3.556	+3.313	+0.979	+0.975	+0.979	+0.979	+0.980	+0.980	+0.976	+0.970	+3.482	+3.403	+3.111	+0.646	+1.060	+0.653	+0.691	+6.340	+6.340	+6.396	+0.849	+6.249	+6.286	+6.329	+0.866	+6.240	+6.267	+6.286	+6.106	+6.279	+6.169	+6.269	+6.320	+6.264	+6.315	+0.720	+0.666	+0.670	+0.688	+0.658	+0.883	+0.660	+0.715	+0.568	+0.715	+0.677	+0.677	+0.507	+0.682	+0.682	+0.524	+0.525	+0.683	+0.532	+0.685	+0.643	+0.534	+0.517	+0.691	+0.524	+0.535	+0.691	+0.536	+0.701	+0.543	+0.545	+0.524	+0.545	+0.692	+0.523	+0.714	+0.756	+0.490	+0.569	+0.569	+0.512	+0.569	+0.513	+0.577	+0.578	+0.512	+0.488	+0.488	+0.662	+0.595	+0.619	+0.603	+0.600	+0.632	+0.589	+0.510	+0.514	+0.523	+0.616	+0.649	+0.643	+0.643	+0.701	+0.701	+0.701	+0.489	+0.540	+0.639	+0.638	+0.636	+0.509	+0.641	+0.599	+0.487	+0.843	+0.504	+0.506	+0.972	+1.048	+0.811	+0.823	+0.811	+1.546	+1.586	+1.519	+1.520	+1.511	+1.506	+1.387	+1.035	
rs12339424     +3.924	+4.194	+3.711	+3.497	+3.772	+3.756	+3.495	+3.496	+4.140	+3.550	+3.457	+3.498	+4.125	+3.767	+3.499	+3.499	+3.499	+3.497	+3.497	+3.497	+4.134	+4.179	+3.777	+4.133	+3.497	+4.147	+3.497	+3.815	+4.189	+3.806	+3.502	+4.164	+4.167	+3.783	+4.166	+4.166	+3.807	+3.502	+4.182	+4.166	+3.799	+4.183	+4.068	+4.062	+4.165	+4.237	+3.627	+4.171	+4.044	+3.500	+3.499	+3.500	+3.500	+3.499	+3.500	+3.501	+3.501	+4.130	+4.072	+3.955	+3.544	+3.480	+3.736	+3.595	+9.704	+9.704	+9.760	+3.763	+9.622	+9.652	+9.696	+3.781	+9.607	+9.645	+9.655	+9.458	+9.648	+9.538	+9.637	+9.689	+9.633	+9.684	+3.628	+3.490	+3.466	+3.471	+3.770	+3.588	+3.806	+3.494	+3.584	+3.493	+3.791	+3.792	+3.404	+3.803	+3.804	+3.431	+3.432	+3.806	+3.448	+3.811	+3.573	+3.445	+3.431	+3.825	+3.462	+3.447	+3.826	+3.437	+3.850	+3.460	+3.461	+3.461	+3.462	+3.828	+3.463	+3.876	+3.947	+3.514	+3.493	+3.493	+3.500	+3.493	+3.497	+3.504	+3.505	+3.495	+3.521	+3.521	+3.556	+3.515	+3.558	+3.524	+3.520	+3.575	+3.507	+3.501	+3.482	+3.457	+3.551	+3.589	+3.582	+3.582	+3.653	+3.652	+3.652	+3.494	+3.445	+3.575	+3.574	+3.572	+3.488	+3.578	+3.524	+3.534	+3.931	+3.688	+3.697	+4.160	+3.814	+4.249	+4.274	+4.229	+4.825	+4.898	+4.756	+4.756	+4.742	+4.733	+4.583	+4.035	
rs7866724      +3.325	+3.842	+0.528	+2.593	+0.810	+0.766	+2.646	+2.632	+3.753	+0.358	+2.244	+2.614	+3.767	+0.863	+2.608	+2.595	+2.594	+2.641	+2.640	+2.659	+3.743	+3.815	+0.812	+3.741	+2.636	+3.774	+2.624	+0.853	+3.832	+0.847	+2.560	+3.793	+3.798	+0.811	+3.797	+3.797	+0.847	+2.555	+3.820	+3.796	+0.833	+3.826	+3.628	+3.599	+3.795	+3.894	+0.486	+3.819	+3.618	+2.566	+2.556	+2.566	+2.566	+2.568	+2.567	+2.557	+2.540	+3.755	+3.704	+3.470	+0.515	+0.616	+0.617	+0.528	+4.339	+4.339	+4.382	+0.556	+4.278	+4.311	+4.343	+0.567	+4.275	+4.272	+4.313	+4.152	+4.308	+4.226	+4.300	+4.339	+4.296	+4.335	+0.586	+0.979	+1.059	+1.022	+0.559	+0.484	+0.471	+0.305	+0.368	+0.305	+0.439	+0.436	+0.296	+0.432	+0.432	+0.296	+0.296	+0.431	+0.346	+0.429	+0.312	+0.299	+0.303	+0.426	+0.337	+0.299	+0.426	+0.294	+0.422	+0.302	+0.302	+0.338	+0.302	+0.425	+0.337	+0.416	+0.414	+0.316	+0.311	+0.311	+0.326	+0.311	+0.327	+0.317	+0.318	+0.325	+0.318	+0.318	+0.316	+0.296	+0.355	+0.298	+0.297	+0.363	+0.295	+0.322	+0.327	+0.336	+0.355	+0.379	+0.376	+0.376	+0.420	+0.420	+0.420	+0.315	+0.316	+0.373	+0.373	+0.371	+0.320	+0.376	+0.334	+0.329	+0.493	+0.388	+0.393	+0.937	+0.462	+0.553	+0.563	+0.556	+1.307	+1.295	+1.249	+1.250	+1.240	+1.234	+1.120	+0.785	
rs10981679     +2.941	+3.581	+0.871	+0.984	+2.620	+0.960	+1.013	+1.011	+3.482	+0.629	+0.788	+1.008	+3.499	+2.608	+1.054	+0.996	+0.997	+1.020	+1.020	+1.030	+3.471	+3.554	+2.633	+3.468	+1.017	+3.506	+1.008	+2.724	+3.573	+2.696	+0.985	+3.530	+3.535	+2.638	+3.535	+3.534	+2.697	+0.983	+3.560	+3.534	+2.678	+3.566	+3.338	+3.306	+3.532	+3.643	+0.608	+3.556	+3.313	+0.976	+0.971	+0.976	+0.976	+0.976	+0.976	+0.973	+0.967	+3.482	+3.403	+3.110	+0.641	+1.055	+0.648	+0.686	+6.334	+6.334	+6.390	+0.844	+6.243	+6.280	+6.323	+0.861	+6.233	+6.260	+6.279	+6.099	+6.273	+6.163	+6.263	+6.313	+6.258	+6.309	+0.715	+0.661	+0.665	+0.682	+0.653	+0.877	+0.655	+0.710	+0.563	+0.710	+0.671	+0.672	+0.502	+0.677	+0.677	+0.519	+0.520	+0.678	+0.527	+0.680	+0.637	+0.529	+0.512	+0.686	+0.519	+0.530	+0.685	+0.531	+0.695	+0.538	+0.539	+0.520	+0.540	+0.687	+0.518	+0.709	+0.751	+0.485	+0.564	+0.564	+0.508	+0.564	+0.509	+0.572	+0.573	+0.507	+0.483	+0.483	+0.657	+0.590	+0.614	+0.598	+0.594	+0.627	+0.584	+0.505	+0.510	+0.519	+0.611	+0.643	+0.638	+0.638	+0.696	+0.696	+0.696	+0.484	+0.535	+0.633	+0.633	+0.631	+0.504	+0.636	+0.594	+0.482	+0.838	+0.499	+0.501	+0.967	+1.042	+0.805	+0.818	+0.806	+1.541	+1.581	+1.514	+1.515	+1.506	+1.501	+1.382	+1.031	
rs12236187     +2.938	+3.582	+0.861	+0.978	+2.607	+0.951	+1.010	+1.008	+3.483	+0.616	+0.776	+0.999	+3.499	+2.595	+0.996	+1.043	+0.992	+1.013	+1.013	+1.024	+3.471	+3.554	+2.620	+3.469	+1.010	+3.507	+1.005	+2.711	+3.573	+2.684	+0.974	+3.530	+3.535	+2.626	+3.535	+3.534	+2.684	+0.972	+3.560	+3.534	+2.665	+3.566	+3.338	+3.306	+3.532	+3.643	+0.597	+3.556	+3.312	+0.966	+0.964	+0.966	+0.966	+0.967	+0.966	+0.963	+0.959	+3.483	+3.403	+3.109	+0.628	+1.046	+0.637	+0.675	+6.327	+6.327	+6.384	+0.834	+6.236	+6.273	+6.316	+0.851	+6.227	+6.254	+6.273	+6.092	+6.266	+6.156	+6.256	+6.307	+6.251	+6.302	+0.704	+0.650	+0.654	+0.671	+0.642	+0.864	+0.643	+0.698	+0.552	+0.698	+0.660	+0.661	+0.491	+0.665	+0.665	+0.508	+0.509	+0.666	+0.517	+0.668	+0.626	+0.518	+0.501	+0.674	+0.509	+0.519	+0.674	+0.520	+0.684	+0.527	+0.529	+0.509	+0.529	+0.675	+0.508	+0.698	+0.739	+0.474	+0.553	+0.553	+0.497	+0.553	+0.498	+0.561	+0.562	+0.496	+0.473	+0.473	+0.645	+0.579	+0.603	+0.587	+0.583	+0.616	+0.573	+0.495	+0.499	+0.508	+0.600	+0.632	+0.627	+0.627	+0.685	+0.685	+0.685	+0.473	+0.524	+0.622	+0.622	+0.620	+0.493	+0.625	+0.583	+0.472	+0.826	+0.488	+0.491	+0.956	+1.031	+0.794	+0.807	+0.795	+1.530	+1.570	+1.503	+1.504	+1.495	+1.490	+1.371	+1.020	
rs12346816     +2.938	+3.583	+0.861	+0.978	+2.607	+0.950	+1.010	+1.008	+3.483	+0.615	+0.776	+1.000	+3.499	+2.594	+0.997	+0.992	+1.042	+1.014	+1.014	+1.025	+3.471	+3.554	+2.620	+3.469	+1.011	+3.507	+1.006	+2.711	+3.574	+2.683	+0.974	+3.530	+3.535	+2.625	+3.535	+3.535	+2.684	+0.973	+3.561	+3.534	+2.664	+3.566	+3.338	+3.306	+3.533	+3.643	+0.596	+3.557	+3.313	+0.966	+0.964	+0.966	+0.966	+0.967	+0.967	+0.963	+0.959	+3.483	+3.403	+3.109	+0.627	+1.045	+0.636	+0.674	+6.325	+6.325	+6.382	+0.833	+6.234	+6.271	+6.314	+0.850	+6.225	+6.251	+6.271	+6.090	+6.264	+6.154	+6.254	+6.305	+6.249	+6.300	+0.703	+0.649	+0.653	+0.670	+0.641	+0.863	+0.642	+0.697	+0.551	+0.697	+0.659	+0.660	+0.490	+0.664	+0.664	+0.507	+0.508	+0.665	+0.516	+0.667	+0.625	+0.517	+0.500	+0.673	+0.507	+0.518	+0.673	+0.519	+0.683	+0.526	+0.527	+0.508	+0.528	+0.674	+0.507	+0.697	+0.738	+0.473	+0.551	+0.551	+0.496	+0.551	+0.497	+0.560	+0.561	+0.495	+0.471	+0.471	+0.644	+0.578	+0.602	+0.585	+0.582	+0.614	+0.572	+0.493	+0.498	+0.507	+0.599	+0.631	+0.626	+0.626	+0.684	+0.684	+0.684	+0.472	+0.523	+0.621	+0.621	+0.618	+0.492	+0.624	+0.582	+0.471	+0.825	+0.487	+0.490	+0.955	+1.029	+0.793	+0.806	+0.794	+1.529	+1.568	+1.502	+1.502	+1.494	+1.488	+1.369	+1.019	
rs7038260      +2.948	+3.579	+0.896	+1.002	+2.653	+0.983	+1.028	+1.023	+3.481	+0.662	+0.817	+1.022	+3.497	+2.641	+1.020	+1.013	+1.014	+1.084	+1.036	+1.044	+3.469	+3.553	+2.666	+3.467	+1.034	+3.506	+1.027	+2.758	+3.572	+2.730	+1.013	+3.529	+3.534	+2.672	+3.534	+3.533	+2.730	+1.012	+3.559	+3.533	+2.711	+3.565	+3.338	+3.307	+3.532	+3.642	+0.636	+3.556	+3.314	+1.002	+0.998	+1.001	+1.002	+1.002	+1.002	+0.999	+0.995	+3.481	+3.403	+3.113	+0.674	+1.079	+0.677	+0.715	+6.373	+6.373	+6.429	+0.872	+6.282	+6.319	+6.361	+0.889	+6.272	+6.299	+6.318	+6.138	+6.312	+6.202	+6.301	+6.352	+6.297	+6.348	+0.744	+0.693	+0.696	+0.714	+0.683	+0.912	+0.685	+0.741	+0.592	+0.741	+0.701	+0.702	+0.531	+0.707	+0.707	+0.548	+0.549	+0.708	+0.555	+0.710	+0.668	+0.558	+0.541	+0.716	+0.547	+0.559	+0.716	+0.561	+0.726	+0.568	+0.569	+0.547	+0.569	+0.717	+0.546	+0.740	+0.782	+0.513	+0.593	+0.593	+0.536	+0.593	+0.537	+0.602	+0.602	+0.535	+0.511	+0.511	+0.687	+0.620	+0.644	+0.628	+0.624	+0.656	+0.614	+0.533	+0.537	+0.546	+0.641	+0.673	+0.668	+0.668	+0.726	+0.726	+0.726	+0.512	+0.564	+0.663	+0.663	+0.661	+0.532	+0.666	+0.624	+0.511	+0.869	+0.528	+0.530	+0.997	+1.074	+0.835	+0.848	+0.836	+1.570	+1.610	+1.543	+1.544	+1.535	+1.530	+1.411	+1.059	
rs7021999      +2.948	+3.579	+0.895	+1.001	+2.653	+0.983	+1.027	+1.023	+3.481	+0.662	+0.817	+1.022	+3.497	+2.640	+1.020	+1.013	+1.014	+1.036	+1.084	+1.044	+3.469	+3.553	+2.666	+3.467	+1.034	+3.506	+1.026	+2.757	+3.572	+2.729	+1.012	+3.529	+3.534	+2.671	+3.534	+3.534	+2.730	+1.012	+3.559	+3.533	+2.710	+3.565	+3.338	+3.307	+3.532	+3.642	+0.636	+3.556	+3.314	+1.001	+0.997	+1.001	+1.001	+1.001	+1.001	+0.999	+0.995	+3.481	+3.403	+3.113	+0.674	+1.079	+0.676	+0.714	+6.372	+6.373	+6.429	+0.871	+6.281	+6.318	+6.361	+0.888	+6.272	+6.299	+6.318	+6.137	+6.311	+6.201	+6.301	+6.352	+6.286	+6.347	+0.743	+0.692	+0.696	+0.713	+0.682	+0.911	+0.684	+0.741	+0.591	+0.741	+0.701	+0.702	+0.531	+0.706	+0.707	+0.548	+0.549	+0.707	+0.555	+0.709	+0.667	+0.558	+0.541	+0.716	+0.546	+0.559	+0.715	+0.560	+0.726	+0.567	+0.569	+0.547	+0.569	+0.717	+0.546	+0.740	+0.782	+0.513	+0.593	+0.593	+0.535	+0.593	+0.536	+0.601	+0.602	+0.535	+0.511	+0.511	+0.687	+0.620	+0.644	+0.627	+0.624	+0.656	+0.614	+0.533	+0.537	+0.546	+0.641	+0.673	+0.668	+0.668	+0.726	+0.726	+0.726	+0.512	+0.564	+0.663	+0.662	+0.660	+0.532	+0.666	+0.624	+0.510	+0.869	+0.527	+0.530	+0.996	+1.074	+0.835	+0.848	+0.835	+1.570	+1.610	+1.543	+1.544	+1.535	+1.530	+1.411	+1.059	
rs7850723      +2.951	+3.579	+0.909	+1.012	+2.672	+0.995	+1.035	+1.031	+3.480	+0.678	+0.833	+1.032	+3.497	+2.659	+1.030	+1.024	+1.025	+1.044	+1.044	+1.099	+3.469	+3.552	+2.685	+3.467	+1.042	+3.505	+1.035	+2.776	+3.572	+2.748	+1.026	+3.528	+3.534	+2.690	+3.533	+3.533	+2.749	+1.026	+3.559	+3.532	+2.730	+3.564	+3.339	+3.307	+3.531	+3.641	+0.650	+3.555	+3.314	+1.014	+1.010	+1.014	+1.014	+1.014	+1.014	+1.012	+1.009	+3.481	+3.403	+3.114	+0.691	+1.091	+0.691	+0.729	+6.394	+6.394	+6.450	+0.885	+6.302	+6.339	+6.382	+0.902	+6.293	+6.320	+6.339	+6.158	+6.332	+6.222	+6.322	+6.373	+6.317	+6.368	+0.758	+0.709	+0.711	+0.730	+0.697	+0.930	+0.700	+0.757	+0.606	+0.757	+0.717	+0.718	+0.545	+0.722	+0.722	+0.563	+0.564	+0.723	+0.568	+0.725	+0.683	+0.573	+0.556	+0.731	+0.560	+0.574	+0.731	+0.576	+0.741	+0.583	+0.584	+0.561	+0.584	+0.733	+0.560	+0.755	+0.798	+0.527	+0.608	+0.608	+0.549	+0.608	+0.550	+0.617	+0.618	+0.549	+0.525	+0.525	+0.703	+0.636	+0.659	+0.643	+0.640	+0.672	+0.630	+0.547	+0.551	+0.560	+0.656	+0.689	+0.683	+0.684	+0.742	+0.742	+0.742	+0.526	+0.579	+0.679	+0.678	+0.676	+0.547	+0.681	+0.639	+0.525	+0.885	+0.542	+0.545	+1.012	+1.091	+0.850	+0.863	+0.851	+1.585	+1.625	+1.558	+1.558	+1.550	+1.544	+1.425	+1.073	
rs7035169      +3.905	+4.187	+3.686	+3.469	+3.748	+3.730	+3.468	+3.469	+4.128	+3.520	+3.430	+3.470	+4.134	+3.743	+3.471	+3.471	+3.471	+3.469	+3.469	+3.469	+4.096	+4.166	+3.753	+4.122	+3.470	+4.137	+3.470	+3.791	+4.177	+3.782	+3.473	+4.150	+4.153	+3.758	+4.153	+4.153	+3.783	+3.474	+4.170	+4.152	+3.775	+4.171	+4.046	+4.038	+4.152	+4.229	+3.598	+4.158	+4.026	+3.471	+3.472	+3.471	+3.471	+3.471	+3.471	+3.472	+3.474	+4.118	+4.056	+3.935	+3.515	+3.452	+3.708	+3.567	+9.687	+9.687	+9.744	+3.735	+9.606	+9.636	+9.679	+3.754	+9.591	+9.628	+9.638	+9.440	+9.632	+9.522	+9.621	+9.672	+9.616	+9.668	+3.600	+3.463	+3.439	+3.444	+3.742	+3.561	+3.777	+3.466	+3.556	+3.466	+3.762	+3.764	+3.376	+3.774	+3.775	+3.404	+3.405	+3.777	+3.420	+3.782	+3.545	+3.418	+3.404	+3.797	+3.434	+3.419	+3.797	+3.409	+3.822	+3.432	+3.434	+3.433	+3.434	+3.799	+3.435	+3.847	+3.919	+3.486	+3.466	+3.466	+3.472	+3.466	+3.469	+3.477	+3.478	+3.467	+3.493	+3.493	+3.528	+3.488	+3.530	+3.497	+3.493	+3.547	+3.480	+3.473	+3.454	+3.429	+3.523	+3.562	+3.554	+3.554	+3.625	+3.625	+3.625	+3.466	+3.418	+3.547	+3.547	+3.544	+3.460	+3.550	+3.497	+3.506	+3.902	+3.660	+3.669	+4.131	+3.787	+4.219	+4.245	+4.199	+4.797	+4.870	+4.728	+4.728	+4.714	+4.705	+4.554	+4.008	
rs7038133      +3.965	+4.212	+3.762	+3.552	+3.820	+3.806	+3.550	+3.551	+4.169	+3.610	+3.511	+3.553	+4.179	+3.815	+3.554	+3.554	+3.554	+3.553	+3.553	+3.552	+4.166	+4.181	+3.825	+4.165	+3.553	+4.181	+3.553	+3.863	+4.215	+3.854	+3.558	+4.196	+4.198	+3.830	+4.198	+4.198	+3.854	+3.559	+4.211	+4.198	+3.847	+4.211	+4.116	+4.116	+4.197	+4.257	+3.682	+4.199	+4.089	+3.556	+3.556	+3.556	+3.556	+3.556	+3.556	+3.557	+3.558	+4.160	+4.107	+3.997	+3.605	+3.538	+3.795	+3.650	+9.765	+9.766	+9.822	+3.817	+9.684	+9.714	+9.757	+3.835	+9.669	+9.707	+9.716	+9.519	+9.709	+9.600	+9.699	+9.750	+9.694	+9.745	+3.683	+3.546	+3.520	+3.525	+3.830	+3.644	+3.865	+3.548	+3.640	+3.548	+3.849	+3.850	+3.458	+3.861	+3.861	+3.486	+3.487	+3.864	+3.504	+3.869	+3.628	+3.500	+3.486	+3.883	+3.518	+3.501	+3.884	+3.492	+3.909	+3.514	+3.516	+3.517	+3.516	+3.886	+3.519	+3.934	+4.006	+3.570	+3.548	+3.548	+3.556	+3.548	+3.553	+3.559	+3.560	+3.551	+3.577	+3.577	+3.611	+3.570	+3.613	+3.580	+3.576	+3.629	+3.563	+3.557	+3.538	+3.512	+3.605	+3.644	+3.636	+3.636	+3.707	+3.707	+3.707	+3.550	+3.500	+3.629	+3.629	+3.626	+3.543	+3.632	+3.579	+3.590	+3.986	+3.745	+3.754	+4.215	+3.869	+4.308	+4.334	+4.288	+4.881	+4.954	+4.812	+4.812	+4.798	+4.789	+4.638	+4.090	
rs7865937      +3.337	+3.852	+0.543	+2.618	+0.812	+0.780	+2.671	+2.658	+3.764	+0.374	+2.270	+2.639	+3.777	+0.812	+2.633	+2.620	+2.620	+2.666	+2.666	+2.685	+3.753	+3.825	+0.880	+3.751	+2.661	+3.784	+2.650	+0.863	+3.842	+0.858	+2.585	+3.803	+3.808	+0.825	+3.808	+3.807	+0.858	+2.581	+3.830	+3.807	+0.844	+3.836	+3.638	+3.609	+3.806	+3.905	+0.505	+3.829	+3.629	+2.591	+2.582	+2.591	+2.591	+2.593	+2.593	+2.582	+2.565	+3.766	+3.715	+3.481	+0.532	+0.629	+0.634	+0.546	+4.352	+4.352	+4.395	+0.570	+4.291	+4.324	+4.356	+0.581	+4.289	+4.285	+4.327	+4.165	+4.321	+4.239	+4.313	+4.352	+4.310	+4.348	+0.605	+0.999	+1.080	+1.042	+0.575	+0.502	+0.488	+0.321	+0.384	+0.321	+0.455	+0.452	+0.312	+0.449	+0.448	+0.313	+0.313	+0.448	+0.362	+0.445	+0.329	+0.315	+0.319	+0.442	+0.353	+0.315	+0.443	+0.310	+0.438	+0.319	+0.319	+0.353	+0.319	+0.442	+0.352	+0.433	+0.430	+0.333	+0.328	+0.328	+0.342	+0.328	+0.343	+0.334	+0.335	+0.340	+0.336	+0.336	+0.333	+0.312	+0.372	+0.314	+0.313	+0.381	+0.311	+0.338	+0.343	+0.352	+0.373	+0.397	+0.393	+0.393	+0.438	+0.438	+0.438	+0.332	+0.332	+0.391	+0.390	+0.388	+0.337	+0.394	+0.351	+0.346	+0.512	+0.407	+0.412	+0.958	+0.478	+0.570	+0.579	+0.573	+1.324	+1.311	+1.266	+1.266	+1.257	+1.251	+1.137	+0.801	
rs16927031     +3.903	+4.186	+3.684	+3.467	+3.747	+3.729	+3.466	+3.467	+4.127	+3.518	+3.428	+3.468	+4.133	+3.741	+3.468	+3.469	+3.469	+3.467	+3.467	+3.467	+4.122	+4.165	+3.751	+4.094	+3.467	+4.137	+3.468	+3.789	+4.176	+3.780	+3.471	+4.149	+4.152	+3.756	+4.152	+4.152	+3.781	+3.472	+4.169	+4.151	+3.773	+4.171	+4.045	+4.037	+4.151	+4.229	+3.596	+4.157	+4.025	+3.469	+3.470	+3.469	+3.469	+3.469	+3.469	+3.470	+3.472	+4.117	+4.054	+3.933	+3.513	+3.449	+3.706	+3.565	+9.685	+9.685	+9.741	+3.733	+9.604	+9.634	+9.677	+3.752	+9.589	+9.626	+9.636	+9.438	+9.629	+9.519	+9.619	+9.670	+9.614	+9.665	+3.598	+3.461	+3.437	+3.442	+3.740	+3.559	+3.774	+3.464	+3.554	+3.464	+3.760	+3.762	+3.374	+3.772	+3.773	+3.402	+3.403	+3.775	+3.418	+3.780	+3.543	+3.415	+3.402	+3.794	+3.432	+3.417	+3.795	+3.407	+3.819	+3.430	+3.432	+3.431	+3.432	+3.797	+3.433	+3.844	+3.917	+3.484	+3.464	+3.464	+3.470	+3.464	+3.467	+3.474	+3.475	+3.464	+3.490	+3.490	+3.526	+3.486	+3.528	+3.495	+3.491	+3.545	+3.478	+3.470	+3.452	+3.427	+3.521	+3.559	+3.552	+3.552	+3.623	+3.623	+3.623	+3.464	+3.416	+3.545	+3.544	+3.542	+3.458	+3.548	+3.494	+3.504	+3.900	+3.657	+3.667	+4.128	+3.785	+4.216	+4.242	+4.197	+4.794	+4.868	+4.726	+4.726	+4.712	+4.703	+4.552	+4.006	
rs7856067      +2.947	+3.580	+0.892	+0.998	+2.649	+0.980	+1.025	+1.020	+3.481	+0.658	+0.813	+1.019	+3.497	+2.636	+1.017	+1.010	+1.011	+1.034	+1.034	+1.042	+3.470	+3.553	+2.661	+3.467	+1.080	+3.506	+1.024	+2.753	+3.573	+2.725	+1.009	+3.529	+3.534	+2.667	+3.534	+3.534	+2.725	+1.009	+3.560	+3.533	+2.706	+3.565	+3.339	+3.307	+3.532	+3.642	+0.632	+3.556	+3.314	+0.999	+0.994	+0.998	+0.999	+0.999	+0.999	+0.996	+0.992	+3.481	+3.403	+3.112	+0.670	+1.076	+0.673	+0.711	+6.368	+6.368	+6.424	+0.868	+6.277	+6.314	+6.357	+0.885	+6.267	+6.295	+6.313	+6.133	+6.307	+6.197	+6.297	+6.348	+6.292	+6.343	+0.740	+0.689	+0.692	+0.710	+0.679	+0.907	+0.681	+0.737	+0.588	+0.737	+0.698	+0.698	+0.527	+0.703	+0.703	+0.544	+0.545	+0.704	+0.551	+0.706	+0.664	+0.554	+0.537	+0.712	+0.543	+0.555	+0.712	+0.557	+0.722	+0.564	+0.565	+0.544	+0.565	+0.713	+0.543	+0.736	+0.778	+0.509	+0.589	+0.589	+0.532	+0.589	+0.533	+0.598	+0.598	+0.531	+0.508	+0.508	+0.683	+0.616	+0.640	+0.624	+0.620	+0.652	+0.610	+0.529	+0.534	+0.543	+0.637	+0.669	+0.664	+0.664	+0.722	+0.722	+0.722	+0.508	+0.560	+0.659	+0.659	+0.656	+0.529	+0.662	+0.620	+0.507	+0.864	+0.524	+0.526	+0.992	+1.070	+0.831	+0.844	+0.832	+1.566	+1.606	+1.539	+1.540	+1.531	+1.526	+1.407	+1.055	
rs10981682     +3.931	+4.193	+3.719	+3.505	+3.780	+3.763	+3.504	+3.504	+4.142	+3.559	+3.465	+3.506	+4.147	+3.774	+3.506	+3.507	+3.507	+3.506	+3.506	+3.505	+4.137	+4.181	+3.784	+4.137	+3.506	+4.133	+3.506	+3.822	+4.191	+3.813	+3.510	+4.167	+4.170	+3.790	+4.170	+4.170	+3.814	+3.511	+4.185	+4.169	+3.806	+4.186	+4.074	+4.069	+4.169	+4.239	+3.634	+4.174	+4.054	+3.508	+3.509	+3.508	+3.508	+3.508	+3.508	+3.509	+3.511	+4.133	+4.077	+3.961	+3.554	+3.489	+3.745	+3.603	+9.724	+9.724	+9.781	+3.770	+9.643	+9.673	+9.716	+3.789	+9.628	+9.665	+9.675	+9.477	+9.668	+9.558	+9.658	+9.709	+9.653	+9.704	+3.636	+3.499	+3.474	+3.479	+3.779	+3.596	+3.813	+3.501	+3.592	+3.501	+3.798	+3.800	+3.411	+3.811	+3.811	+3.439	+3.440	+3.813	+3.456	+3.818	+3.580	+3.453	+3.439	+3.833	+3.470	+3.454	+3.833	+3.444	+3.858	+3.467	+3.469	+3.469	+3.469	+3.835	+3.471	+3.883	+3.955	+3.522	+3.501	+3.501	+3.508	+3.501	+3.505	+3.511	+3.512	+3.502	+3.528	+3.528	+3.563	+3.522	+3.566	+3.532	+3.528	+3.581	+3.515	+3.508	+3.489	+3.464	+3.558	+3.596	+3.588	+3.589	+3.659	+3.659	+3.659	+3.502	+3.453	+3.582	+3.581	+3.579	+3.495	+3.585	+3.531	+3.542	+3.936	+3.696	+3.705	+4.165	+3.822	+4.257	+4.283	+4.237	+4.832	+4.905	+4.763	+4.763	+4.749	+4.740	+4.590	+4.044	
rs7860472      +2.945	+3.580	+0.883	+0.992	+2.637	+0.971	+1.022	+1.017	+3.482	+0.645	+0.802	+1.010	+3.497	+2.624	+1.008	+1.005	+1.006	+1.027	+1.026	+1.035	+3.470	+3.553	+2.650	+3.468	+1.024	+3.506	+1.069	+2.741	+3.573	+2.713	+0.997	+3.529	+3.534	+2.655	+3.534	+3.534	+2.714	+0.996	+3.560	+3.533	+2.695	+3.565	+3.338	+3.307	+3.532	+3.642	+0.622	+3.556	+3.313	+0.988	+0.988	+0.988	+0.988	+0.988	+0.988	+0.985	+0.984	+3.482	+3.403	+3.111	+0.658	+1.067	+0.662	+0.700	+6.361	+6.362	+6.418	+0.858	+6.270	+6.307	+6.350	+0.875	+6.261	+6.288	+6.307	+6.126	+6.300	+6.190	+6.290	+6.341	+6.286	+6.336	+0.729	+0.678	+0.681	+0.699	+0.668	+0.896	+0.670	+0.726	+0.577	+0.726	+0.687	+0.688	+0.517	+0.692	+0.692	+0.534	+0.534	+0.693	+0.541	+0.695	+0.653	+0.544	+0.527	+0.701	+0.533	+0.545	+0.701	+0.546	+0.711	+0.553	+0.554	+0.533	+0.555	+0.702	+0.532	+0.725	+0.767	+0.499	+0.578	+0.579	+0.522	+0.579	+0.523	+0.587	+0.588	+0.521	+0.497	+0.497	+0.672	+0.605	+0.629	+0.613	+0.610	+0.642	+0.600	+0.519	+0.523	+0.532	+0.626	+0.658	+0.653	+0.653	+0.711	+0.711	+0.711	+0.498	+0.550	+0.648	+0.648	+0.646	+0.518	+0.651	+0.609	+0.497	+0.853	+0.513	+0.516	+0.981	+1.059	+0.820	+0.833	+0.821	+1.555	+1.595	+1.528	+1.529	+1.520	+1.515	+1.396	+1.045	
rs4596714      +3.380	+3.890	+0.600	+2.710	+0.853	+0.833	+2.763	+2.749	+3.802	+0.437	+2.362	+2.730	+3.815	+0.853	+2.724	+2.711	+2.711	+2.758	+2.757	+2.776	+3.791	+3.863	+0.863	+3.789	+2.753	+3.822	+2.741	+0.947	+3.879	+0.883	+2.678	+3.841	+3.846	+0.864	+3.845	+3.845	+0.883	+2.674	+3.868	+3.844	+0.874	+3.873	+3.677	+3.648	+3.843	+3.942	+0.571	+3.867	+3.668	+2.685	+2.675	+2.684	+2.685	+2.686	+2.686	+2.675	+2.659	+3.804	+3.754	+3.522	+0.596	+0.680	+0.698	+0.610	+4.406	+4.406	+4.449	+0.631	+4.345	+4.378	+4.410	+0.642	+4.342	+4.339	+4.381	+4.223	+4.375	+4.293	+4.367	+4.406	+4.364	+4.402	+0.670	+1.075	+1.160	+1.123	+0.639	+0.572	+0.551	+0.384	+0.447	+0.385	+0.519	+0.516	+0.375	+0.512	+0.512	+0.376	+0.376	+0.511	+0.423	+0.509	+0.392	+0.379	+0.382	+0.506	+0.415	+0.379	+0.506	+0.373	+0.501	+0.382	+0.382	+0.415	+0.383	+0.505	+0.414	+0.496	+0.494	+0.397	+0.392	+0.392	+0.404	+0.392	+0.405	+0.398	+0.399	+0.403	+0.400	+0.400	+0.396	+0.375	+0.437	+0.377	+0.376	+0.446	+0.374	+0.401	+0.405	+0.413	+0.437	+0.462	+0.459	+0.459	+0.504	+0.504	+0.504	+0.396	+0.396	+0.456	+0.455	+0.453	+0.401	+0.459	+0.416	+0.412	+0.577	+0.474	+0.479	+1.029	+0.540	+0.636	+0.645	+0.639	+1.390	+1.377	+1.331	+1.332	+1.322	+1.316	+1.202	+0.864	
rs55660432     +3.980	+4.219	+3.780	+3.571	+3.837	+3.824	+3.570	+3.571	+4.180	+3.631	+3.530	+3.573	+4.189	+3.832	+3.573	+3.573	+3.574	+3.572	+3.572	+3.572	+4.177	+4.215	+3.842	+4.176	+3.573	+4.191	+3.573	+3.879	+4.201	+3.870	+3.578	+4.205	+4.208	+3.847	+4.208	+4.207	+3.871	+3.579	+4.219	+4.207	+3.863	+4.219	+4.132	+4.133	+4.207	+4.262	+3.701	+4.208	+4.104	+3.576	+3.576	+3.576	+3.576	+3.575	+3.576	+3.577	+3.578	+4.172	+4.120	+4.013	+3.628	+3.559	+3.820	+3.670	+9.795	+9.796	+9.852	+3.835	+9.714	+9.744	+9.787	+3.854	+9.699	+9.737	+9.746	+9.549	+9.739	+9.629	+9.729	+9.780	+9.724	+9.775	+3.702	+3.568	+3.540	+3.545	+3.854	+3.665	+3.891	+3.569	+3.663	+3.569	+3.875	+3.876	+3.478	+3.887	+3.888	+3.506	+3.507	+3.890	+3.525	+3.895	+3.650	+3.520	+3.506	+3.910	+3.539	+3.522	+3.910	+3.512	+3.935	+3.535	+3.536	+3.539	+3.537	+3.912	+3.541	+3.961	+4.032	+3.592	+3.569	+3.569	+3.578	+3.569	+3.575	+3.580	+3.580	+3.573	+3.598	+3.598	+3.632	+3.592	+3.635	+3.601	+3.597	+3.651	+3.585	+3.579	+3.560	+3.534	+3.627	+3.665	+3.658	+3.658	+3.729	+3.729	+3.729	+3.572	+3.521	+3.651	+3.650	+3.648	+3.564	+3.654	+3.599	+3.612	+4.009	+3.768	+3.777	+4.238	+3.891	+4.337	+4.363	+4.317	+4.900	+4.974	+4.831	+4.831	+4.817	+4.808	+4.657	+4.110	
rs6477995      +3.370	+3.881	+0.587	+2.682	+0.847	+0.819	+2.735	+2.721	+3.793	+0.423	+2.335	+2.703	+3.806	+0.847	+2.696	+2.684	+2.683	+2.730	+2.729	+2.748	+3.782	+3.854	+0.858	+3.780	+2.725	+3.813	+2.713	+0.883	+3.870	+0.933	+2.651	+3.832	+3.837	+0.860	+3.836	+3.836	+0.881	+2.646	+3.859	+3.835	+0.871	+3.864	+3.668	+3.639	+3.834	+3.933	+0.560	+3.858	+3.659	+2.657	+2.648	+2.657	+2.657	+2.659	+2.658	+2.648	+2.631	+3.795	+3.744	+3.512	+0.581	+0.668	+0.684	+0.596	+4.392	+4.392	+4.435	+0.617	+4.331	+4.364	+4.396	+0.627	+4.329	+4.325	+4.367	+4.209	+4.362	+4.280	+4.354	+4.392	+4.350	+4.389	+0.656	+1.057	+1.140	+1.103	+0.625	+0.556	+0.537	+0.371	+0.433	+0.371	+0.505	+0.502	+0.362	+0.498	+0.498	+0.363	+0.363	+0.497	+0.409	+0.495	+0.379	+0.366	+0.369	+0.492	+0.401	+0.366	+0.492	+0.359	+0.488	+0.369	+0.369	+0.402	+0.369	+0.491	+0.401	+0.482	+0.480	+0.384	+0.379	+0.379	+0.390	+0.379	+0.391	+0.386	+0.386	+0.389	+0.387	+0.387	+0.383	+0.362	+0.424	+0.364	+0.363	+0.433	+0.361	+0.387	+0.392	+0.400	+0.425	+0.449	+0.446	+0.446	+0.492	+0.492	+0.492	+0.383	+0.384	+0.443	+0.443	+0.441	+0.388	+0.446	+0.403	+0.398	+0.566	+0.461	+0.466	+1.018	+0.527	+0.622	+0.631	+0.625	+1.377	+1.364	+1.318	+1.318	+1.309	+1.303	+1.188	+0.851	
rs7029408      +2.934	+3.585	+0.841	+0.960	+2.573	+0.933	+1.002	+0.994	+3.485	+0.589	+0.750	+0.988	+3.502	+2.560	+0.985	+0.974	+0.974	+1.013	+1.012	+1.026	+3.473	+3.558	+2.585	+3.471	+1.009	+3.510	+0.997	+2.678	+3.578	+2.651	+1.019	+3.534	+3.539	+2.593	+3.539	+3.539	+2.651	+0.967	+3.565	+3.538	+2.632	+3.570	+3.340	+3.308	+3.537	+3.648	+0.574	+3.561	+3.314	+0.959	+0.953	+0.959	+0.959	+0.960	+0.959	+0.955	+0.946	+3.485	+3.406	+3.109	+0.603	+1.022	+0.613	+0.651	+6.296	+6.296	+6.352	+0.812	+6.204	+6.241	+6.284	+0.829	+6.195	+6.222	+6.241	+6.053	+6.234	+6.125	+6.224	+6.275	+6.220	+6.271	+0.680	+0.625	+0.630	+0.646	+0.618	+0.837	+0.619	+0.672	+0.528	+0.672	+0.635	+0.636	+0.467	+0.640	+0.640	+0.484	+0.484	+0.641	+0.494	+0.643	+0.601	+0.493	+0.477	+0.649	+0.485	+0.494	+0.649	+0.496	+0.659	+0.503	+0.504	+0.486	+0.504	+0.650	+0.485	+0.672	+0.713	+0.451	+0.527	+0.527	+0.474	+0.527	+0.475	+0.536	+0.537	+0.473	+0.449	+0.449	+0.620	+0.554	+0.578	+0.561	+0.558	+0.590	+0.548	+0.471	+0.476	+0.485	+0.575	+0.606	+0.601	+0.601	+0.659	+0.659	+0.659	+0.450	+0.500	+0.597	+0.596	+0.594	+0.469	+0.599	+0.558	+0.448	+0.799	+0.464	+0.466	+0.930	+1.004	+0.769	+0.781	+0.770	+1.505	+1.544	+1.477	+1.478	+1.470	+1.464	+1.345	+0.995	
rs7030027      +3.948	+4.200	+3.740	+3.527	+3.799	+3.785	+3.526	+3.527	+4.153	+3.585	+3.488	+3.529	+4.164	+3.793	+3.530	+3.530	+3.530	+3.529	+3.529	+3.528	+4.150	+4.196	+3.803	+4.149	+3.529	+4.167	+3.529	+3.841	+4.205	+3.832	+3.534	+4.157	+4.187	+3.808	+4.187	+4.187	+3.832	+3.534	+4.201	+4.186	+3.824	+4.201	+4.097	+4.096	+4.186	+4.252	+3.658	+4.189	+4.071	+3.532	+3.532	+3.532	+3.532	+3.532	+3.532	+3.533	+3.534	+4.147	+4.093	+3.981	+3.581	+3.515	+3.774	+3.627	+9.746	+9.746	+9.802	+3.794	+9.664	+9.694	+9.738	+3.812	+9.649	+9.687	+9.696	+9.499	+9.690	+9.580	+9.679	+9.730	+9.675	+9.726	+3.659	+3.524	+3.497	+3.502	+3.809	+3.622	+3.844	+3.525	+3.618	+3.525	+3.828	+3.830	+3.435	+3.841	+3.841	+3.463	+3.464	+3.843	+3.481	+3.848	+3.606	+3.477	+3.463	+3.863	+3.496	+3.479	+3.864	+3.469	+3.888	+3.492	+3.493	+3.495	+3.494	+3.865	+3.497	+3.914	+3.986	+3.548	+3.526	+3.526	+3.534	+3.526	+3.531	+3.536	+3.537	+3.529	+3.554	+3.554	+3.589	+3.548	+3.591	+3.557	+3.553	+3.607	+3.541	+3.535	+3.515	+3.490	+3.583	+3.622	+3.614	+3.614	+3.685	+3.685	+3.685	+3.528	+3.477	+3.607	+3.607	+3.604	+3.521	+3.610	+3.556	+3.568	+3.964	+3.723	+3.733	+4.193	+3.846	+4.288	+4.314	+4.268	+4.858	+4.932	+4.789	+4.789	+4.775	+4.766	+4.616	+4.068	
