## Summary of overall evidence for association with region:
## log10(BF for region) = 0.107935
## p-value for region = NA

## BFs for choosing among multi-SNP models:
## log10(average 1-SNP BF) = 0.141693
## log10(average 2-SNP BF) = 0.0313539

## Example posterior probabilities for multi-SNP models, based on default prior: [p(l) propto 0.5^l for l=1,2,...,L]
## posterior probability of 1-SNP = 0.720554
## posterior probability of 2-SNP = 0.279446

## log10(BF) for single SNP and pair of SNPs:
rs4403095      -0.395	-0.442	-0.764	-0.762	-0.772	-0.361	-0.708	-0.707	-0.615	-0.385	-0.370	-0.370	-0.368	-0.711	-0.696	-0.360	-0.695	-0.311	-0.424	-0.621	-0.568	-0.597	-0.593	-0.546	-0.548	-0.579	-0.212	+0.398	-0.118	-0.116	-0.756	-0.705	-0.705	-0.709	-0.723	-0.707	-0.110	-0.082	-0.714	-0.719	-0.719	-0.720	-0.721	-0.728	-0.732	+0.133	+0.005	-0.718	-0.016	-0.017	-0.018	-0.020	-0.274	-0.021	-0.022	-0.020	-0.716	-0.023	-0.312	-0.728	-0.024	-0.024	-0.025	-0.025	-0.025	-0.025	-0.026	-0.026	-0.026	-0.026	-0.027	-0.027	-0.027	-0.027	-0.027	-0.028	-0.028	-0.028	-0.028	-0.028	-0.028	-0.028	-0.033	-0.029	-0.029	-0.027	-0.029	-0.030	-0.030	-0.030	-0.033	-0.033	+0.091	-0.030	-0.035	-0.031	-0.031	-0.032	-0.032	-0.032	-0.089	-0.032	+0.064	+0.064	-0.033	-0.727	-0.034	-0.035	-0.036	-0.036	-0.037	-0.038	-0.038	-0.038	-0.038	+0.151	-0.039	-0.040	-0.040	-0.040	-0.040	-0.045	-0.045	-0.052	-0.156	-0.728	-0.161	-0.726	-0.125	-0.726	-0.230	-0.251	-0.253	-0.253	-0.253	-0.254	-0.257	-0.258	-0.225	-0.261	-0.293	-0.264	-0.264	-0.265	-0.267	-0.268	
rs67165421     -0.442	-0.245	-0.685	-0.684	-0.691	-0.301	-0.645	-0.644	-0.572	-0.343	-0.312	-0.312	-0.311	-0.647	-0.636	-0.306	-0.635	-0.259	-0.386	-0.472	-0.447	-0.477	-0.477	-0.497	-0.452	-0.463	-0.193	+0.350	-0.113	-0.111	-0.651	-0.604	-0.610	-0.613	-0.620	-0.606	-0.102	-0.077	-0.613	-0.617	-0.617	-0.618	-0.619	-0.625	-0.628	+0.099	-0.018	-0.616	-0.037	-0.039	-0.039	-0.042	-0.205	-0.042	-0.043	-0.042	-0.614	-0.044	-0.243	-0.625	-0.044	-0.045	-0.045	-0.046	-0.046	-0.046	-0.047	-0.046	-0.047	-0.047	-0.047	-0.047	-0.047	-0.047	-0.048	-0.048	-0.048	-0.048	-0.048	-0.048	-0.048	-0.049	-0.053	-0.049	-0.050	-0.047	-0.050	-0.050	-0.050	-0.050	-0.052	-0.052	+0.061	-0.051	-0.054	-0.051	-0.051	-0.052	-0.052	-0.052	-0.098	-0.052	+0.043	+0.043	-0.053	-0.624	-0.054	-0.055	-0.055	-0.056	-0.056	-0.057	-0.057	-0.057	-0.058	+0.114	-0.058	-0.059	-0.059	-0.059	-0.060	-0.063	-0.064	-0.070	-0.157	-0.625	-0.162	-0.624	-0.136	-0.623	-0.222	-0.242	-0.243	-0.243	-0.243	-0.244	-0.246	-0.248	-0.218	-0.250	-0.278	-0.252	-0.253	-0.253	-0.255	-0.256	
rs165565       -0.764	-0.685	-0.501	-0.632	-0.633	-0.626	-0.589	-0.600	-0.489	-0.644	-0.632	-0.632	-0.631	-0.602	-0.582	-0.624	-0.629	-0.589	-0.666	-0.795	-0.757	-0.779	-0.776	-0.741	-0.741	-0.761	-0.383	+0.210	-0.266	-0.264	-0.889	-0.847	-0.845	-0.848	-0.862	-0.849	-0.258	-0.232	-0.855	-0.859	-0.859	-0.860	-0.861	-0.866	-0.869	-0.068	-0.186	-0.858	-0.206	-0.208	-0.208	-0.210	-0.457	-0.211	-0.212	-0.210	-0.856	-0.213	-0.493	-0.866	-0.213	-0.214	-0.214	-0.214	-0.215	-0.215	-0.216	-0.215	-0.215	-0.216	-0.216	-0.216	-0.216	-0.216	-0.217	-0.217	-0.217	-0.217	-0.217	-0.217	-0.217	-0.218	-0.223	-0.218	-0.218	-0.216	-0.219	-0.219	-0.219	-0.219	-0.221	-0.221	-0.107	-0.219	-0.223	-0.220	-0.220	-0.221	-0.221	-0.221	-0.269	-0.221	-0.127	-0.128	-0.222	-0.865	-0.223	-0.224	-0.224	-0.225	-0.225	-0.226	-0.226	-0.226	-0.227	-0.055	-0.227	-0.228	-0.228	-0.228	-0.229	-0.232	-0.233	-0.239	-0.330	-0.866	-0.334	-0.864	-0.305	-0.864	-0.396	-0.416	-0.418	-0.418	-0.418	-0.419	-0.421	-0.423	-0.392	-0.425	-0.454	-0.428	-0.428	-0.429	-0.431	-0.431	
rs151776       -0.762	-0.684	-0.632	-0.498	-0.634	-0.625	-0.593	-0.602	-0.493	-0.643	-0.630	-0.630	-0.629	-0.603	-0.584	-0.623	-0.630	-0.588	-0.665	-0.793	-0.755	-0.777	-0.774	-0.739	-0.739	-0.759	-0.381	+0.211	-0.264	-0.263	-0.887	-0.846	-0.843	-0.847	-0.860	-0.847	-0.256	-0.230	-0.853	-0.857	-0.857	-0.858	-0.859	-0.864	-0.868	-0.066	-0.185	-0.856	-0.205	-0.206	-0.207	-0.209	-0.456	-0.210	-0.210	-0.209	-0.854	-0.211	-0.492	-0.864	-0.212	-0.212	-0.213	-0.213	-0.213	-0.213	-0.214	-0.214	-0.214	-0.215	-0.215	-0.215	-0.215	-0.215	-0.215	-0.216	-0.216	-0.216	-0.216	-0.216	-0.216	-0.216	-0.221	-0.217	-0.217	-0.215	-0.217	-0.217	-0.217	-0.218	-0.220	-0.220	-0.106	-0.218	-0.222	-0.219	-0.219	-0.219	-0.219	-0.220	-0.267	-0.220	-0.126	-0.126	-0.221	-0.863	-0.222	-0.223	-0.223	-0.223	-0.224	-0.225	-0.225	-0.225	-0.225	-0.053	-0.226	-0.227	-0.227	-0.227	-0.227	-0.231	-0.231	-0.238	-0.328	-0.864	-0.333	-0.862	-0.304	-0.862	-0.395	-0.415	-0.416	-0.416	-0.417	-0.417	-0.420	-0.421	-0.390	-0.424	-0.453	-0.426	-0.427	-0.427	-0.429	-0.430	
rs360107       -0.772	-0.691	-0.633	-0.634	-0.509	-0.631	-0.573	-0.585	-0.467	-0.650	-0.637	-0.637	-0.636	-0.586	-0.562	-0.629	-0.621	-0.594	-0.671	-0.801	-0.763	-0.785	-0.782	-0.747	-0.747	-0.767	-0.388	+0.204	-0.272	-0.271	-0.896	-0.853	-0.851	-0.855	-0.868	-0.855	-0.264	-0.238	-0.861	-0.865	-0.865	-0.866	-0.867	-0.872	-0.875	-0.072	-0.191	-0.864	-0.211	-0.212	-0.213	-0.215	-0.462	-0.216	-0.216	-0.215	-0.862	-0.217	-0.497	-0.872	-0.218	-0.218	-0.219	-0.219	-0.219	-0.219	-0.220	-0.220	-0.220	-0.221	-0.221	-0.221	-0.221	-0.221	-0.221	-0.222	-0.222	-0.222	-0.222	-0.222	-0.222	-0.222	-0.227	-0.223	-0.223	-0.221	-0.223	-0.223	-0.223	-0.224	-0.226	-0.226	-0.112	-0.224	-0.228	-0.225	-0.225	-0.225	-0.225	-0.226	-0.274	-0.226	-0.132	-0.132	-0.227	-0.871	-0.228	-0.229	-0.229	-0.229	-0.230	-0.231	-0.231	-0.231	-0.231	-0.059	-0.232	-0.233	-0.233	-0.233	-0.233	-0.237	-0.237	-0.244	-0.335	-0.872	-0.339	-0.870	-0.310	-0.870	-0.402	-0.422	-0.423	-0.423	-0.424	-0.424	-0.427	-0.428	-0.397	-0.431	-0.460	-0.433	-0.434	-0.434	-0.436	-0.437	
rs11132565     -0.361	-0.301	-0.626	-0.625	-0.631	-0.170	-0.592	-0.590	-0.524	-0.293	-0.266	-0.266	-0.265	-0.594	-0.583	-0.267	-0.582	-0.240	-0.335	-0.349	-0.329	-0.372	-0.376	-0.440	-0.360	-0.362	-0.144	+0.366	-0.068	-0.066	-0.589	-0.544	-0.551	-0.554	-0.559	-0.545	-0.056	-0.032	-0.552	-0.556	-0.556	-0.557	-0.558	-0.564	-0.567	+0.120	+0.007	-0.555	-0.012	-0.013	-0.014	-0.016	-0.152	-0.017	-0.017	-0.016	-0.553	-0.018	-0.189	-0.564	-0.019	-0.019	-0.019	-0.020	-0.020	-0.020	-0.021	-0.020	-0.020	-0.021	-0.021	-0.021	-0.021	-0.021	-0.022	-0.022	-0.022	-0.022	-0.022	-0.022	-0.022	-0.023	-0.026	-0.023	-0.023	-0.021	-0.023	-0.024	-0.024	-0.024	-0.026	-0.026	+0.084	-0.024	-0.028	-0.025	-0.025	-0.025	-0.025	-0.026	-0.068	-0.026	+0.068	+0.068	-0.027	-0.563	-0.028	-0.029	-0.029	-0.029	-0.030	-0.031	-0.031	-0.031	-0.031	+0.134	-0.032	-0.032	-0.032	-0.033	-0.033	-0.036	-0.037	-0.043	-0.125	-0.564	-0.129	-0.562	-0.107	-0.562	-0.187	-0.206	-0.207	-0.207	-0.208	-0.208	-0.210	-0.211	-0.183	-0.214	-0.241	-0.216	-0.217	-0.217	-0.219	-0.219	
rs360106       -0.708	-0.645	-0.589	-0.593	-0.573	-0.592	-0.442	-0.577	-0.525	-0.608	-0.597	-0.597	-0.596	-0.571	-0.570	-0.590	-0.612	-0.556	-0.630	-0.748	-0.714	-0.734	-0.731	-0.702	-0.699	-0.716	-0.342	+0.239	-0.220	-0.218	-0.844	-0.805	-0.802	-0.805	-0.819	-0.806	-0.211	-0.186	-0.812	-0.816	-0.816	-0.817	-0.818	-0.822	-0.826	-0.041	-0.158	-0.815	-0.178	-0.179	-0.180	-0.182	-0.428	-0.183	-0.183	-0.182	-0.813	-0.184	-0.462	-0.822	-0.185	-0.185	-0.185	-0.186	-0.186	-0.186	-0.187	-0.187	-0.187	-0.187	-0.187	-0.187	-0.187	-0.188	-0.188	-0.188	-0.188	-0.188	-0.188	-0.188	-0.189	-0.189	-0.194	-0.189	-0.190	-0.187	-0.190	-0.190	-0.190	-0.190	-0.192	-0.192	-0.081	-0.191	-0.194	-0.191	-0.192	-0.192	-0.192	-0.192	-0.238	-0.192	-0.100	-0.100	-0.193	-0.821	-0.194	-0.195	-0.195	-0.196	-0.196	-0.197	-0.197	-0.197	-0.198	-0.030	-0.198	-0.199	-0.199	-0.199	-0.200	-0.203	-0.203	-0.210	-0.298	-0.822	-0.302	-0.821	-0.274	-0.821	-0.363	-0.382	-0.383	-0.383	-0.384	-0.385	-0.387	-0.388	-0.358	-0.391	-0.419	-0.393	-0.394	-0.394	-0.396	-0.397	
rs2012046      -0.707	-0.644	-0.600	-0.602	-0.585	-0.590	-0.577	-0.440	-0.518	-0.607	-0.596	-0.596	-0.595	-0.576	-0.558	-0.588	-0.607	-0.555	-0.629	-0.747	-0.712	-0.732	-0.730	-0.701	-0.697	-0.715	-0.341	+0.240	-0.218	-0.217	-0.843	-0.804	-0.801	-0.804	-0.818	-0.805	-0.210	-0.185	-0.811	-0.815	-0.815	-0.816	-0.816	-0.821	-0.824	-0.040	-0.157	-0.813	-0.177	-0.178	-0.179	-0.181	-0.427	-0.182	-0.182	-0.181	-0.812	-0.183	-0.461	-0.821	-0.184	-0.184	-0.184	-0.185	-0.185	-0.185	-0.186	-0.186	-0.186	-0.186	-0.186	-0.186	-0.186	-0.187	-0.187	-0.187	-0.187	-0.187	-0.187	-0.187	-0.188	-0.188	-0.193	-0.189	-0.189	-0.186	-0.189	-0.189	-0.189	-0.189	-0.191	-0.191	-0.080	-0.190	-0.193	-0.190	-0.191	-0.191	-0.191	-0.191	-0.237	-0.191	-0.099	-0.099	-0.192	-0.820	-0.193	-0.194	-0.194	-0.195	-0.195	-0.196	-0.196	-0.196	-0.197	-0.029	-0.197	-0.198	-0.198	-0.198	-0.199	-0.202	-0.202	-0.209	-0.297	-0.821	-0.301	-0.819	-0.273	-0.819	-0.362	-0.381	-0.382	-0.382	-0.383	-0.384	-0.386	-0.387	-0.357	-0.390	-0.418	-0.392	-0.393	-0.393	-0.395	-0.396	
rs360114       -0.615	-0.572	-0.489	-0.493	-0.467	-0.524	-0.525	-0.518	-0.345	-0.538	-0.529	-0.529	-0.528	-0.521	-0.526	-0.522	-0.477	-0.491	-0.556	-0.665	-0.635	-0.652	-0.650	-0.626	-0.621	-0.637	-0.272	+0.300	-0.141	-0.139	-0.763	-0.727	-0.722	-0.725	-0.740	-0.728	-0.133	-0.108	-0.733	-0.737	-0.737	-0.738	-0.738	-0.743	-0.746	+0.014	-0.100	-0.735	-0.119	-0.121	-0.121	-0.123	-0.364	-0.124	-0.124	-0.123	-0.734	-0.125	-0.397	-0.743	-0.126	-0.126	-0.127	-0.127	-0.127	-0.127	-0.128	-0.128	-0.128	-0.128	-0.128	-0.128	-0.129	-0.129	-0.129	-0.129	-0.129	-0.129	-0.129	-0.129	-0.130	-0.130	-0.135	-0.131	-0.131	-0.129	-0.131	-0.131	-0.131	-0.131	-0.133	-0.133	-0.025	-0.132	-0.135	-0.132	-0.133	-0.133	-0.133	-0.133	-0.177	-0.133	-0.043	-0.043	-0.134	-0.741	-0.135	-0.136	-0.136	-0.137	-0.137	-0.138	-0.138	-0.138	-0.138	+0.024	-0.139	-0.140	-0.140	-0.140	-0.140	-0.144	-0.144	-0.150	-0.235	-0.742	-0.239	-0.741	-0.212	-0.741	-0.297	-0.316	-0.317	-0.317	-0.318	-0.318	-0.321	-0.322	-0.292	-0.324	-0.351	-0.326	-0.327	-0.327	-0.329	-0.330	
rs12647629     -0.385	-0.343	-0.644	-0.643	-0.650	-0.293	-0.608	-0.607	-0.538	-0.193	-0.296	-0.296	-0.295	-0.610	-0.599	-0.292	-0.599	-0.258	-0.358	-0.398	-0.378	-0.413	-0.415	-0.460	-0.397	-0.405	-0.161	+0.363	-0.084	-0.082	-0.608	-0.562	-0.569	-0.572	-0.578	-0.564	-0.072	-0.048	-0.571	-0.575	-0.575	-0.576	-0.577	-0.582	-0.586	+0.116	+0.001	-0.573	-0.018	-0.019	-0.020	-0.022	-0.167	-0.022	-0.023	-0.022	-0.571	-0.024	-0.205	-0.583	-0.025	-0.025	-0.025	-0.026	-0.026	-0.026	-0.027	-0.026	-0.027	-0.027	-0.027	-0.027	-0.027	-0.027	-0.028	-0.028	-0.028	-0.028	-0.028	-0.028	-0.028	-0.029	-0.032	-0.029	-0.029	-0.027	-0.030	-0.030	-0.030	-0.030	-0.032	-0.032	+0.079	-0.030	-0.034	-0.031	-0.031	-0.031	-0.032	-0.032	-0.075	-0.032	+0.062	+0.062	-0.033	-0.582	-0.034	-0.035	-0.035	-0.035	-0.036	-0.037	-0.037	-0.037	-0.037	+0.130	-0.038	-0.038	-0.039	-0.039	-0.039	-0.043	-0.043	-0.049	-0.133	-0.583	-0.137	-0.581	-0.114	-0.581	-0.196	-0.215	-0.216	-0.216	-0.216	-0.217	-0.219	-0.220	-0.192	-0.223	-0.250	-0.225	-0.226	-0.226	-0.228	-0.228	
rs12507771     -0.370	-0.312	-0.632	-0.630	-0.637	-0.266	-0.597	-0.596	-0.529	-0.296	-0.176	-0.266	-0.265	-0.599	-0.588	-0.266	-0.588	-0.236	-0.338	-0.356	-0.334	-0.378	-0.381	-0.444	-0.365	-0.371	-0.149	+0.363	-0.072	-0.071	-0.595	-0.550	-0.556	-0.560	-0.565	-0.551	-0.060	-0.036	-0.558	-0.562	-0.562	-0.563	-0.564	-0.569	-0.573	+0.117	+0.003	-0.560	-0.015	-0.017	-0.017	-0.019	-0.157	-0.020	-0.020	-0.019	-0.558	-0.021	-0.194	-0.570	-0.022	-0.022	-0.023	-0.023	-0.023	-0.023	-0.024	-0.024	-0.024	-0.025	-0.025	-0.025	-0.025	-0.025	-0.025	-0.025	-0.026	-0.026	-0.026	-0.026	-0.026	-0.026	-0.030	-0.027	-0.027	-0.025	-0.027	-0.027	-0.027	-0.027	-0.030	-0.030	+0.080	-0.028	-0.031	-0.029	-0.029	-0.029	-0.029	-0.030	-0.072	-0.030	+0.064	+0.064	-0.031	-0.569	-0.031	-0.032	-0.032	-0.033	-0.033	-0.034	-0.034	-0.034	-0.035	+0.131	-0.035	-0.036	-0.036	-0.036	-0.037	-0.040	-0.040	-0.047	-0.129	-0.570	-0.133	-0.568	-0.111	-0.568	-0.191	-0.210	-0.211	-0.211	-0.212	-0.212	-0.214	-0.216	-0.187	-0.218	-0.245	-0.220	-0.221	-0.221	-0.223	-0.224	
rs12503820     -0.370	-0.312	-0.632	-0.630	-0.637	-0.266	-0.597	-0.596	-0.529	-0.296	-0.266	-0.177	-0.265	-0.599	-0.588	-0.266	-0.588	-0.236	-0.338	-0.356	-0.334	-0.378	-0.381	-0.444	-0.365	-0.371	-0.149	+0.363	-0.073	-0.071	-0.595	-0.550	-0.556	-0.560	-0.565	-0.551	-0.061	-0.036	-0.558	-0.562	-0.562	-0.563	-0.564	-0.569	-0.573	+0.117	+0.003	-0.561	-0.015	-0.017	-0.017	-0.019	-0.157	-0.020	-0.021	-0.019	-0.559	-0.021	-0.194	-0.570	-0.022	-0.022	-0.023	-0.023	-0.023	-0.023	-0.024	-0.024	-0.024	-0.025	-0.025	-0.025	-0.025	-0.025	-0.025	-0.026	-0.026	-0.026	-0.026	-0.026	-0.026	-0.026	-0.030	-0.027	-0.027	-0.025	-0.027	-0.027	-0.027	-0.028	-0.030	-0.030	+0.080	-0.028	-0.032	-0.029	-0.029	-0.029	-0.029	-0.030	-0.072	-0.030	+0.064	+0.064	-0.031	-0.569	-0.031	-0.032	-0.033	-0.033	-0.033	-0.034	-0.034	-0.035	-0.035	+0.131	-0.036	-0.036	-0.036	-0.037	-0.037	-0.040	-0.040	-0.047	-0.129	-0.570	-0.134	-0.568	-0.111	-0.568	-0.192	-0.210	-0.211	-0.211	-0.212	-0.212	-0.215	-0.216	-0.188	-0.218	-0.245	-0.220	-0.221	-0.221	-0.223	-0.224	
rs67617934     -0.368	-0.311	-0.631	-0.629	-0.636	-0.265	-0.596	-0.595	-0.528	-0.295	-0.265	-0.265	-0.175	-0.598	-0.587	-0.265	-0.587	-0.236	-0.337	-0.354	-0.332	-0.376	-0.379	-0.443	-0.363	-0.369	-0.148	+0.364	-0.072	-0.070	-0.594	-0.549	-0.555	-0.559	-0.564	-0.550	-0.060	-0.036	-0.557	-0.561	-0.561	-0.562	-0.563	-0.568	-0.572	+0.117	+0.004	-0.559	-0.015	-0.016	-0.017	-0.019	-0.156	-0.019	-0.020	-0.019	-0.557	-0.021	-0.193	-0.569	-0.022	-0.022	-0.022	-0.023	-0.023	-0.023	-0.024	-0.023	-0.023	-0.024	-0.024	-0.024	-0.024	-0.024	-0.025	-0.025	-0.025	-0.025	-0.025	-0.025	-0.025	-0.026	-0.029	-0.026	-0.026	-0.024	-0.026	-0.027	-0.027	-0.027	-0.029	-0.029	+0.081	-0.027	-0.031	-0.028	-0.028	-0.028	-0.028	-0.029	-0.071	-0.029	+0.065	+0.065	-0.030	-0.568	-0.031	-0.032	-0.032	-0.032	-0.033	-0.034	-0.034	-0.034	-0.034	+0.132	-0.035	-0.035	-0.035	-0.036	-0.036	-0.039	-0.040	-0.046	-0.128	-0.569	-0.133	-0.567	-0.110	-0.567	-0.191	-0.209	-0.210	-0.210	-0.211	-0.212	-0.214	-0.215	-0.187	-0.218	-0.244	-0.219	-0.220	-0.220	-0.222	-0.223	
rs360116       -0.711	-0.647	-0.602	-0.603	-0.586	-0.594	-0.571	-0.576	-0.521	-0.610	-0.599	-0.599	-0.598	-0.445	-0.567	-0.592	-0.611	-0.558	-0.632	-0.751	-0.716	-0.736	-0.734	-0.704	-0.701	-0.719	-0.344	+0.237	-0.222	-0.220	-0.847	-0.807	-0.804	-0.808	-0.821	-0.809	-0.214	-0.189	-0.815	-0.818	-0.818	-0.819	-0.820	-0.825	-0.828	-0.043	-0.160	-0.817	-0.180	-0.181	-0.182	-0.184	-0.430	-0.185	-0.185	-0.184	-0.815	-0.186	-0.464	-0.825	-0.187	-0.187	-0.187	-0.188	-0.188	-0.188	-0.189	-0.189	-0.189	-0.189	-0.189	-0.189	-0.189	-0.190	-0.190	-0.190	-0.190	-0.190	-0.190	-0.190	-0.191	-0.191	-0.196	-0.192	-0.192	-0.189	-0.192	-0.192	-0.192	-0.192	-0.195	-0.195	-0.083	-0.193	-0.196	-0.193	-0.194	-0.194	-0.194	-0.194	-0.241	-0.194	-0.102	-0.102	-0.195	-0.824	-0.196	-0.197	-0.197	-0.198	-0.198	-0.199	-0.199	-0.199	-0.200	-0.031	-0.201	-0.201	-0.201	-0.201	-0.202	-0.205	-0.206	-0.212	-0.300	-0.825	-0.305	-0.823	-0.276	-0.823	-0.365	-0.384	-0.385	-0.386	-0.386	-0.387	-0.389	-0.390	-0.360	-0.393	-0.421	-0.395	-0.396	-0.396	-0.398	-0.399	
rs360117       -0.696	-0.636	-0.582	-0.584	-0.562	-0.583	-0.570	-0.558	-0.526	-0.599	-0.588	-0.588	-0.587	-0.567	-0.429	-0.581	-0.601	-0.548	-0.621	-0.738	-0.704	-0.724	-0.721	-0.693	-0.689	-0.706	-0.333	+0.247	-0.209	-0.207	-0.834	-0.795	-0.792	-0.796	-0.809	-0.797	-0.201	-0.176	-0.803	-0.806	-0.806	-0.807	-0.808	-0.813	-0.816	-0.034	-0.150	-0.805	-0.170	-0.171	-0.172	-0.174	-0.421	-0.175	-0.175	-0.174	-0.803	-0.176	-0.455	-0.813	-0.177	-0.177	-0.178	-0.178	-0.178	-0.178	-0.179	-0.179	-0.179	-0.179	-0.179	-0.179	-0.180	-0.180	-0.180	-0.180	-0.180	-0.180	-0.180	-0.181	-0.181	-0.181	-0.186	-0.182	-0.182	-0.180	-0.182	-0.182	-0.182	-0.182	-0.185	-0.185	-0.074	-0.183	-0.186	-0.183	-0.184	-0.184	-0.184	-0.185	-0.230	-0.185	-0.092	-0.092	-0.186	-0.811	-0.186	-0.187	-0.187	-0.188	-0.188	-0.189	-0.189	-0.190	-0.190	-0.022	-0.191	-0.191	-0.191	-0.192	-0.192	-0.195	-0.196	-0.202	-0.289	-0.812	-0.294	-0.811	-0.266	-0.811	-0.354	-0.373	-0.374	-0.375	-0.375	-0.376	-0.378	-0.379	-0.349	-0.382	-0.410	-0.384	-0.385	-0.385	-0.387	-0.388	
rs11132566     -0.360	-0.306	-0.624	-0.623	-0.629	-0.267	-0.590	-0.588	-0.522	-0.292	-0.266	-0.266	-0.265	-0.592	-0.581	-0.166	-0.581	-0.228	-0.327	-0.331	-0.307	-0.357	-0.361	-0.434	-0.344	-0.349	-0.143	+0.366	-0.067	-0.065	-0.586	-0.541	-0.548	-0.551	-0.557	-0.542	-0.055	-0.031	-0.549	-0.553	-0.553	-0.554	-0.555	-0.561	-0.564	+0.121	+0.008	-0.552	-0.011	-0.013	-0.013	-0.015	-0.149	-0.016	-0.016	-0.015	-0.550	-0.017	-0.186	-0.561	-0.018	-0.018	-0.019	-0.019	-0.019	-0.019	-0.020	-0.020	-0.020	-0.020	-0.020	-0.020	-0.020	-0.021	-0.021	-0.021	-0.021	-0.021	-0.021	-0.021	-0.022	-0.022	-0.026	-0.023	-0.023	-0.021	-0.023	-0.023	-0.023	-0.023	-0.025	-0.025	+0.084	-0.024	-0.027	-0.024	-0.025	-0.025	-0.025	-0.025	-0.067	-0.025	+0.068	+0.068	-0.026	-0.560	-0.027	-0.028	-0.028	-0.029	-0.029	-0.030	-0.030	-0.030	-0.030	+0.135	-0.031	-0.032	-0.032	-0.032	-0.032	-0.036	-0.036	-0.042	-0.124	-0.561	-0.128	-0.560	-0.106	-0.560	-0.186	-0.204	-0.206	-0.206	-0.206	-0.207	-0.209	-0.210	-0.182	-0.213	-0.239	-0.215	-0.215	-0.216	-0.218	-0.218	
rs423865       -0.695	-0.635	-0.629	-0.630	-0.621	-0.582	-0.612	-0.607	-0.477	-0.599	-0.588	-0.588	-0.587	-0.611	-0.601	-0.581	-0.428	-0.548	-0.617	-0.736	-0.703	-0.721	-0.719	-0.690	-0.688	-0.706	-0.334	+0.244	-0.210	-0.209	-0.833	-0.794	-0.791	-0.794	-0.808	-0.795	-0.202	-0.177	-0.801	-0.805	-0.805	-0.806	-0.806	-0.811	-0.814	-0.036	-0.152	-0.803	-0.171	-0.173	-0.174	-0.176	-0.418	-0.176	-0.177	-0.176	-0.802	-0.178	-0.453	-0.811	-0.178	-0.179	-0.179	-0.180	-0.180	-0.180	-0.181	-0.180	-0.180	-0.181	-0.181	-0.181	-0.181	-0.181	-0.182	-0.182	-0.182	-0.182	-0.182	-0.182	-0.182	-0.183	-0.188	-0.183	-0.183	-0.181	-0.184	-0.184	-0.184	-0.184	-0.186	-0.186	-0.075	-0.184	-0.188	-0.185	-0.185	-0.185	-0.186	-0.186	-0.232	-0.186	-0.094	-0.094	-0.187	-0.810	-0.188	-0.189	-0.189	-0.190	-0.190	-0.191	-0.191	-0.191	-0.191	-0.024	-0.192	-0.193	-0.193	-0.193	-0.193	-0.197	-0.197	-0.204	-0.291	-0.811	-0.296	-0.809	-0.267	-0.809	-0.355	-0.375	-0.376	-0.376	-0.377	-0.377	-0.380	-0.381	-0.351	-0.384	-0.411	-0.386	-0.386	-0.387	-0.389	-0.389	
rs72642049     -0.311	-0.259	-0.589	-0.588	-0.594	-0.240	-0.556	-0.555	-0.491	-0.258	-0.236	-0.236	-0.236	-0.558	-0.548	-0.228	-0.548	-0.122	-0.292	-0.261	-0.233	-0.296	-0.301	-0.398	-0.287	-0.288	-0.114	+0.384	-0.038	-0.037	-0.550	-0.505	-0.512	-0.516	-0.520	-0.506	-0.026	-0.002	-0.513	-0.517	-0.517	-0.518	-0.519	-0.524	-0.528	+0.140	+0.029	-0.515	+0.011	+0.009	+0.009	+0.007	-0.115	+0.006	+0.006	+0.007	-0.513	+0.005	-0.153	-0.525	+0.004	+0.004	+0.003	+0.003	+0.003	+0.003	+0.002	+0.002	+0.002	+0.002	+0.002	+0.001	+0.001	+0.001	+0.001	+0.001	+0.001	+0.001	+0.001	+0.000	+0.000	+0.000	-0.004	-0.001	-0.001	+0.001	-0.001	-0.001	-0.001	-0.001	-0.003	-0.003	+0.104	-0.002	-0.005	-0.002	-0.003	-0.003	-0.003	-0.003	-0.044	-0.003	+0.090	+0.090	-0.004	-0.524	-0.005	-0.006	-0.006	-0.007	-0.007	-0.008	-0.008	-0.008	-0.008	+0.153	-0.009	-0.010	-0.010	-0.010	-0.010	-0.014	-0.014	-0.020	-0.100	-0.525	-0.104	-0.523	-0.083	-0.523	-0.161	-0.179	-0.180	-0.180	-0.181	-0.181	-0.183	-0.184	-0.157	-0.187	-0.213	-0.189	-0.189	-0.190	-0.192	-0.192	
rs12643939     -0.424	-0.386	-0.666	-0.665	-0.671	-0.335	-0.630	-0.629	-0.556	-0.358	-0.338	-0.338	-0.337	-0.632	-0.621	-0.327	-0.617	-0.292	-0.218	-0.331	-0.418	-0.368	-0.373	-0.461	-0.428	-0.436	-0.175	+0.346	-0.098	-0.096	-0.631	-0.586	-0.592	-0.596	-0.602	-0.588	-0.086	-0.062	-0.594	-0.598	-0.598	-0.600	-0.600	-0.606	-0.609	+0.098	-0.017	-0.597	-0.035	-0.037	-0.038	-0.040	-0.193	-0.040	-0.041	-0.040	-0.595	-0.042	-0.231	-0.607	-0.042	-0.043	-0.043	-0.044	-0.044	-0.044	-0.045	-0.044	-0.044	-0.045	-0.045	-0.045	-0.045	-0.045	-0.046	-0.046	-0.046	-0.046	-0.046	-0.046	-0.046	-0.046	-0.050	-0.047	-0.047	-0.045	-0.047	-0.048	-0.048	-0.048	-0.050	-0.050	+0.061	-0.048	-0.052	-0.049	-0.049	-0.049	-0.049	-0.050	-0.093	-0.050	+0.044	+0.044	-0.051	-0.605	-0.052	-0.053	-0.053	-0.053	-0.054	-0.055	-0.055	-0.055	-0.055	+0.112	-0.056	-0.056	-0.056	-0.057	-0.057	-0.061	-0.061	-0.067	-0.151	-0.607	-0.156	-0.605	-0.132	-0.605	-0.215	-0.233	-0.235	-0.235	-0.235	-0.236	-0.238	-0.239	-0.211	-0.242	-0.269	-0.244	-0.245	-0.245	-0.247	-0.247	
rs66763300     -0.621	-0.472	-0.795	-0.793	-0.801	-0.349	-0.748	-0.747	-0.665	-0.398	-0.356	-0.356	-0.354	-0.751	-0.738	-0.331	-0.736	-0.261	-0.331	-0.392	-0.514	-0.484	-0.479	-0.517	-0.502	-0.543	-0.281	+0.304	-0.197	-0.195	-0.775	-0.727	-0.731	-0.734	-0.744	-0.729	-0.187	-0.161	-0.736	-0.740	-0.740	-0.741	-0.742	-0.748	-0.752	+0.046	-0.078	-0.739	-0.098	-0.100	-0.101	-0.103	-0.320	-0.104	-0.104	-0.103	-0.737	-0.105	-0.357	-0.749	-0.106	-0.106	-0.107	-0.107	-0.107	-0.107	-0.108	-0.108	-0.108	-0.109	-0.109	-0.109	-0.109	-0.109	-0.109	-0.110	-0.110	-0.110	-0.110	-0.110	-0.110	-0.110	-0.115	-0.111	-0.111	-0.109	-0.111	-0.112	-0.112	-0.112	-0.114	-0.114	+0.005	-0.112	-0.116	-0.113	-0.113	-0.114	-0.114	-0.114	-0.166	-0.114	-0.018	-0.019	-0.115	-0.747	-0.116	-0.117	-0.118	-0.118	-0.118	-0.120	-0.120	-0.120	-0.120	+0.063	-0.121	-0.121	-0.121	-0.122	-0.122	-0.126	-0.126	-0.133	-0.229	-0.749	-0.234	-0.747	-0.203	-0.747	-0.299	-0.320	-0.321	-0.321	-0.322	-0.322	-0.325	-0.326	-0.295	-0.329	-0.359	-0.331	-0.332	-0.332	-0.335	-0.335	
rs66716921     -0.568	-0.447	-0.757	-0.755	-0.763	-0.329	-0.714	-0.712	-0.635	-0.378	-0.334	-0.334	-0.332	-0.716	-0.704	-0.307	-0.703	-0.233	-0.418	-0.514	-0.342	-0.511	-0.510	-0.526	-0.453	-0.492	-0.252	+0.316	-0.170	-0.168	-0.733	-0.686	-0.690	-0.694	-0.702	-0.687	-0.159	-0.134	-0.694	-0.698	-0.698	-0.700	-0.701	-0.706	-0.710	+0.060	-0.061	-0.697	-0.081	-0.083	-0.083	-0.085	-0.282	-0.086	-0.087	-0.085	-0.695	-0.088	-0.319	-0.707	-0.088	-0.089	-0.089	-0.090	-0.090	-0.090	-0.091	-0.090	-0.090	-0.091	-0.091	-0.091	-0.091	-0.091	-0.092	-0.092	-0.092	-0.092	-0.092	-0.092	-0.092	-0.093	-0.097	-0.093	-0.094	-0.091	-0.094	-0.094	-0.094	-0.094	-0.097	-0.097	+0.021	-0.095	-0.099	-0.095	-0.096	-0.096	-0.096	-0.097	-0.146	-0.097	-0.001	-0.001	-0.098	-0.706	-0.098	-0.099	-0.100	-0.100	-0.100	-0.102	-0.102	-0.102	-0.102	+0.077	-0.103	-0.103	-0.103	-0.104	-0.104	-0.108	-0.108	-0.115	-0.208	-0.707	-0.213	-0.705	-0.183	-0.705	-0.276	-0.296	-0.297	-0.298	-0.298	-0.299	-0.301	-0.303	-0.272	-0.305	-0.334	-0.308	-0.308	-0.309	-0.311	-0.311	
rs1434024      -0.597	-0.477	-0.779	-0.777	-0.785	-0.372	-0.734	-0.732	-0.652	-0.413	-0.378	-0.378	-0.376	-0.736	-0.724	-0.357	-0.721	-0.296	-0.368	-0.484	-0.511	-0.369	-0.476	-0.517	-0.501	-0.534	-0.268	+0.304	-0.186	-0.184	-0.756	-0.709	-0.713	-0.717	-0.725	-0.711	-0.175	-0.150	-0.718	-0.722	-0.722	-0.723	-0.724	-0.730	-0.733	+0.048	-0.074	-0.721	-0.094	-0.096	-0.096	-0.098	-0.305	-0.099	-0.100	-0.098	-0.719	-0.101	-0.342	-0.731	-0.102	-0.102	-0.102	-0.103	-0.103	-0.103	-0.104	-0.104	-0.104	-0.104	-0.104	-0.104	-0.104	-0.105	-0.105	-0.105	-0.105	-0.105	-0.105	-0.105	-0.106	-0.106	-0.110	-0.107	-0.107	-0.105	-0.107	-0.107	-0.107	-0.107	-0.110	-0.110	+0.008	-0.108	-0.112	-0.109	-0.109	-0.109	-0.109	-0.110	-0.160	-0.110	-0.014	-0.014	-0.111	-0.729	-0.111	-0.113	-0.113	-0.113	-0.114	-0.115	-0.115	-0.115	-0.115	+0.065	-0.116	-0.117	-0.117	-0.117	-0.117	-0.121	-0.122	-0.129	-0.222	-0.731	-0.227	-0.729	-0.197	-0.729	-0.291	-0.311	-0.312	-0.312	-0.313	-0.314	-0.316	-0.317	-0.286	-0.320	-0.350	-0.322	-0.323	-0.323	-0.326	-0.326	
rs67852655     -0.593	-0.477	-0.776	-0.774	-0.782	-0.376	-0.731	-0.730	-0.650	-0.415	-0.381	-0.381	-0.379	-0.734	-0.721	-0.361	-0.719	-0.301	-0.373	-0.479	-0.510	-0.476	-0.365	-0.517	-0.499	-0.532	-0.266	+0.305	-0.184	-0.182	-0.753	-0.706	-0.710	-0.714	-0.722	-0.708	-0.173	-0.148	-0.715	-0.719	-0.719	-0.720	-0.721	-0.727	-0.730	+0.048	-0.073	-0.718	-0.093	-0.095	-0.095	-0.098	-0.302	-0.098	-0.099	-0.098	-0.716	-0.100	-0.340	-0.728	-0.101	-0.101	-0.101	-0.102	-0.102	-0.102	-0.103	-0.103	-0.103	-0.103	-0.103	-0.103	-0.103	-0.104	-0.104	-0.104	-0.104	-0.104	-0.104	-0.104	-0.105	-0.105	-0.109	-0.106	-0.106	-0.104	-0.106	-0.106	-0.106	-0.106	-0.109	-0.109	+0.009	-0.107	-0.111	-0.108	-0.108	-0.108	-0.108	-0.109	-0.158	-0.109	-0.013	-0.013	-0.110	-0.726	-0.110	-0.112	-0.112	-0.112	-0.113	-0.114	-0.114	-0.114	-0.114	+0.065	-0.115	-0.116	-0.116	-0.116	-0.116	-0.120	-0.121	-0.128	-0.221	-0.728	-0.226	-0.726	-0.196	-0.726	-0.289	-0.309	-0.311	-0.311	-0.311	-0.312	-0.314	-0.316	-0.285	-0.319	-0.348	-0.321	-0.322	-0.322	-0.324	-0.325	
rs13103616     -0.546	-0.497	-0.741	-0.739	-0.747	-0.440	-0.702	-0.701	-0.626	-0.460	-0.444	-0.444	-0.443	-0.704	-0.693	-0.434	-0.690	-0.398	-0.461	-0.517	-0.526	-0.517	-0.517	-0.312	-0.520	-0.534	-0.233	+0.297	-0.155	-0.153	-0.714	-0.670	-0.675	-0.679	-0.685	-0.671	-0.143	-0.119	-0.678	-0.681	-0.682	-0.683	-0.684	-0.689	-0.692	+0.045	-0.074	-0.680	-0.094	-0.095	-0.096	-0.098	-0.276	-0.099	-0.099	-0.098	-0.678	-0.100	-0.313	-0.690	-0.101	-0.101	-0.102	-0.102	-0.102	-0.102	-0.103	-0.103	-0.103	-0.104	-0.104	-0.104	-0.104	-0.104	-0.104	-0.105	-0.105	-0.105	-0.105	-0.105	-0.105	-0.105	-0.109	-0.106	-0.106	-0.104	-0.106	-0.106	-0.106	-0.107	-0.109	-0.109	+0.006	-0.107	-0.111	-0.108	-0.108	-0.108	-0.108	-0.109	-0.157	-0.109	-0.015	-0.015	-0.110	-0.688	-0.111	-0.112	-0.112	-0.112	-0.113	-0.114	-0.114	-0.114	-0.114	+0.061	-0.115	-0.116	-0.116	-0.116	-0.116	-0.120	-0.120	-0.127	-0.217	-0.690	-0.222	-0.688	-0.194	-0.688	-0.283	-0.302	-0.303	-0.304	-0.304	-0.305	-0.307	-0.308	-0.279	-0.311	-0.339	-0.313	-0.314	-0.314	-0.316	-0.317	
rs9992330      -0.548	-0.452	-0.741	-0.739	-0.747	-0.360	-0.699	-0.697	-0.621	-0.397	-0.365	-0.365	-0.363	-0.701	-0.689	-0.344	-0.688	-0.287	-0.428	-0.502	-0.453	-0.501	-0.499	-0.520	-0.320	-0.459	-0.239	+0.320	-0.159	-0.157	-0.715	-0.669	-0.674	-0.677	-0.685	-0.670	-0.148	-0.123	-0.677	-0.681	-0.681	-0.683	-0.683	-0.689	-0.693	+0.065	-0.055	-0.680	-0.074	-0.076	-0.077	-0.079	-0.267	-0.080	-0.080	-0.079	-0.678	-0.081	-0.305	-0.690	-0.082	-0.082	-0.083	-0.083	-0.083	-0.083	-0.084	-0.084	-0.084	-0.084	-0.085	-0.085	-0.085	-0.085	-0.085	-0.085	-0.086	-0.086	-0.086	-0.086	-0.086	-0.086	-0.090	-0.087	-0.087	-0.085	-0.087	-0.087	-0.087	-0.088	-0.090	-0.090	+0.026	-0.088	-0.092	-0.089	-0.089	-0.089	-0.089	-0.090	-0.138	-0.090	+0.005	+0.005	-0.091	-0.689	-0.092	-0.093	-0.093	-0.094	-0.094	-0.095	-0.095	-0.095	-0.095	+0.082	-0.096	-0.097	-0.097	-0.097	-0.097	-0.101	-0.102	-0.108	-0.200	-0.690	-0.204	-0.688	-0.176	-0.688	-0.267	-0.287	-0.288	-0.288	-0.289	-0.289	-0.292	-0.293	-0.263	-0.296	-0.324	-0.298	-0.298	-0.299	-0.301	-0.301	
rs7659814      -0.579	-0.463	-0.761	-0.759	-0.767	-0.362	-0.716	-0.715	-0.637	-0.405	-0.371	-0.371	-0.369	-0.719	-0.706	-0.349	-0.706	-0.288	-0.436	-0.543	-0.492	-0.534	-0.532	-0.534	-0.459	-0.347	-0.256	+0.318	-0.173	-0.171	-0.738	-0.691	-0.695	-0.699	-0.707	-0.692	-0.162	-0.137	-0.699	-0.703	-0.703	-0.705	-0.705	-0.711	-0.715	+0.061	-0.061	-0.702	-0.081	-0.083	-0.083	-0.086	-0.286	-0.086	-0.087	-0.086	-0.700	-0.088	-0.324	-0.712	-0.089	-0.089	-0.089	-0.090	-0.090	-0.090	-0.091	-0.091	-0.091	-0.091	-0.091	-0.091	-0.092	-0.092	-0.092	-0.092	-0.092	-0.092	-0.092	-0.093	-0.093	-0.093	-0.097	-0.094	-0.094	-0.092	-0.094	-0.094	-0.094	-0.094	-0.097	-0.097	+0.021	-0.095	-0.099	-0.096	-0.096	-0.096	-0.096	-0.097	-0.147	-0.097	-0.001	-0.002	-0.098	-0.711	-0.099	-0.100	-0.100	-0.100	-0.101	-0.102	-0.102	-0.102	-0.102	+0.078	-0.103	-0.104	-0.104	-0.104	-0.105	-0.108	-0.109	-0.116	-0.210	-0.712	-0.214	-0.710	-0.184	-0.710	-0.278	-0.298	-0.299	-0.300	-0.300	-0.301	-0.303	-0.305	-0.274	-0.307	-0.337	-0.310	-0.310	-0.311	-0.313	-0.313	
rs2126307      -0.212	-0.193	-0.383	-0.381	-0.388	-0.144	-0.342	-0.341	-0.272	-0.161	-0.149	-0.149	-0.148	-0.344	-0.333	-0.143	-0.334	-0.114	-0.175	-0.281	-0.252	-0.268	-0.266	-0.233	-0.239	-0.256	+0.105	+0.487	+0.026	+0.027	-0.381	-0.345	-0.304	-0.308	-0.357	-0.346	+0.033	+0.054	-0.351	-0.354	-0.354	-0.355	-0.356	-0.361	-0.363	+0.248	+0.145	-0.353	+0.128	+0.126	+0.126	+0.124	+0.022	+0.123	+0.123	+0.124	-0.352	+0.122	-0.004	-0.358	+0.121	+0.121	+0.121	+0.120	+0.120	+0.120	+0.119	+0.120	+0.120	+0.119	+0.119	+0.119	+0.119	+0.119	+0.119	+0.118	+0.118	+0.118	+0.118	+0.118	+0.118	+0.118	+0.115	+0.117	+0.117	+0.119	+0.117	+0.117	+0.117	+0.117	+0.115	+0.115	+0.215	+0.116	+0.113	+0.116	+0.115	+0.115	+0.115	+0.115	+0.083	+0.115	+0.206	+0.206	+0.114	-0.357	+0.113	+0.112	+0.112	+0.112	+0.111	+0.110	+0.110	+0.110	+0.110	+0.260	+0.109	+0.109	+0.109	+0.108	+0.108	+0.105	+0.105	+0.099	+0.018	-0.358	+0.014	-0.356	+0.048	-0.356	-0.036	-0.052	-0.053	-0.053	-0.054	-0.054	-0.056	-0.057	-0.033	-0.059	-0.083	-0.061	-0.062	-0.062	-0.064	-0.064	
rs1350865      +0.398	+0.350	+0.210	+0.211	+0.204	+0.366	+0.239	+0.240	+0.300	+0.363	+0.363	+0.363	+0.364	+0.237	+0.247	+0.366	+0.244	+0.384	+0.346	+0.304	+0.316	+0.304	+0.305	+0.297	+0.320	+0.318	+0.487	+0.734	+0.462	+0.462	+0.178	+0.191	+0.182	+0.181	+0.185	+0.190	+0.462	+0.471	+0.188	+0.186	+0.186	+0.186	+0.186	+0.184	+0.183	+0.504	+0.451	+0.187	+0.443	+0.442	+0.442	+0.441	+0.448	+0.441	+0.441	+0.441	+0.188	+0.441	+0.430	+0.184	+0.440	+0.440	+0.440	+0.440	+0.440	+0.440	+0.439	+0.440	+0.440	+0.439	+0.439	+0.439	+0.439	+0.439	+0.439	+0.439	+0.439	+0.439	+0.439	+0.439	+0.439	+0.439	+0.437	+0.438	+0.438	+0.439	+0.438	+0.438	+0.438	+0.438	+0.438	+0.438	+0.488	+0.438	+0.436	+0.438	+0.438	+0.438	+0.438	+0.437	+0.423	+0.437	+0.485	+0.485	+0.437	+0.185	+0.437	+0.436	+0.436	+0.436	+0.436	+0.435	+0.435	+0.435	+0.435	+0.520	+0.435	+0.435	+0.435	+0.435	+0.434	+0.433	+0.433	+0.430	+0.404	+0.185	+0.402	+0.186	+0.409	+0.186	+0.383	+0.378	+0.378	+0.378	+0.378	+0.378	+0.377	+0.377	+0.384	+0.376	+0.370	+0.376	+0.375	+0.375	+0.375	+0.375	
rs7665861      -0.118	-0.113	-0.266	-0.264	-0.272	-0.068	-0.220	-0.218	-0.141	-0.084	-0.072	-0.073	-0.072	-0.222	-0.209	-0.067	-0.210	-0.038	-0.098	-0.197	-0.170	-0.186	-0.184	-0.155	-0.159	-0.173	+0.026	+0.462	+0.207	+0.157	-0.296	-0.261	-0.271	-0.274	-0.274	-0.262	+0.115	+0.134	-0.268	-0.271	-0.271	-0.272	-0.273	-0.277	-0.280	+0.396	+0.299	-0.270	+0.280	+0.279	+0.278	+0.276	+0.100	+0.275	+0.275	+0.276	-0.268	+0.274	+0.077	-0.273	+0.274	+0.273	+0.273	+0.273	+0.272	+0.272	+0.272	+0.272	+0.272	+0.271	+0.271	+0.271	+0.271	+0.271	+0.271	+0.270	+0.270	+0.270	+0.270	+0.270	+0.270	+0.270	+0.267	+0.269	+0.269	+0.271	+0.269	+0.269	+0.269	+0.269	+0.268	+0.268	+0.372	+0.268	+0.265	+0.268	+0.267	+0.267	+0.267	+0.266	+0.238	+0.266	+0.372	+0.372	+0.266	-0.272	+0.265	+0.264	+0.264	+0.263	+0.263	+0.262	+0.262	+0.262	+0.262	+0.416	+0.261	+0.261	+0.261	+0.260	+0.260	+0.257	+0.256	+0.250	+0.164	-0.273	+0.160	-0.272	+0.189	-0.271	+0.106	+0.089	+0.088	+0.088	+0.087	+0.087	+0.084	+0.083	+0.109	+0.081	+0.055	+0.079	+0.078	+0.078	+0.076	+0.076	
rs10866312     -0.116	-0.111	-0.264	-0.263	-0.271	-0.066	-0.218	-0.217	-0.139	-0.082	-0.071	-0.071	-0.070	-0.220	-0.207	-0.065	-0.209	-0.037	-0.096	-0.195	-0.168	-0.184	-0.182	-0.153	-0.157	-0.171	+0.027	+0.462	+0.157	+0.209	-0.294	-0.260	-0.269	-0.272	-0.272	-0.261	+0.117	+0.135	-0.266	-0.269	-0.269	-0.270	-0.271	-0.275	-0.278	+0.397	+0.300	-0.268	+0.281	+0.280	+0.279	+0.277	+0.102	+0.277	+0.276	+0.278	-0.267	+0.276	+0.079	-0.272	+0.275	+0.275	+0.274	+0.274	+0.274	+0.274	+0.273	+0.273	+0.273	+0.273	+0.273	+0.272	+0.272	+0.272	+0.272	+0.272	+0.272	+0.272	+0.272	+0.272	+0.271	+0.271	+0.268	+0.270	+0.270	+0.272	+0.270	+0.270	+0.270	+0.270	+0.269	+0.269	+0.373	+0.269	+0.266	+0.269	+0.269	+0.268	+0.268	+0.268	+0.240	+0.268	+0.373	+0.373	+0.267	-0.271	+0.266	+0.265	+0.265	+0.265	+0.264	+0.263	+0.263	+0.263	+0.263	+0.417	+0.262	+0.262	+0.262	+0.261	+0.261	+0.258	+0.258	+0.252	+0.166	-0.272	+0.162	-0.270	+0.191	-0.270	+0.108	+0.090	+0.089	+0.089	+0.088	+0.088	+0.086	+0.085	+0.111	+0.082	+0.057	+0.080	+0.080	+0.080	+0.078	+0.077	
rs4863066      -0.756	-0.651	-0.889	-0.887	-0.896	-0.589	-0.844	-0.843	-0.763	-0.608	-0.595	-0.595	-0.594	-0.847	-0.834	-0.586	-0.833	-0.550	-0.631	-0.775	-0.733	-0.756	-0.753	-0.714	-0.715	-0.738	-0.381	+0.178	-0.296	-0.294	-0.491	-0.603	-0.733	-0.737	-0.626	-0.606	-0.281	-0.256	-0.615	-0.622	-0.622	-0.625	-0.626	-0.635	-0.641	-0.073	-0.191	-0.631	-0.211	-0.212	-0.213	-0.215	+0.084	-0.216	-0.216	-0.215	-0.629	-0.217	-0.037	-0.654	-0.218	-0.218	-0.219	-0.219	-0.219	-0.219	-0.220	-0.220	-0.220	-0.221	-0.221	-0.221	-0.221	-0.221	-0.221	-0.222	-0.222	-0.222	-0.222	-0.222	-0.222	-0.222	-0.227	-0.223	-0.223	-0.221	-0.223	-0.223	-0.224	-0.224	-0.226	-0.226	-0.112	-0.224	-0.228	-0.225	-0.225	-0.225	-0.225	-0.226	-0.275	-0.226	-0.132	-0.132	-0.227	-0.654	-0.228	-0.229	-0.229	-0.230	-0.230	-0.231	-0.231	-0.231	-0.231	-0.056	-0.232	-0.233	-0.233	-0.233	-0.234	-0.237	-0.238	-0.244	-0.335	-0.658	-0.340	-0.657	-0.311	-0.657	-0.402	-0.421	-0.423	-0.423	-0.423	-0.424	-0.426	-0.428	-0.397	-0.431	-0.459	-0.433	-0.433	-0.434	-0.436	-0.436	
rs4863067      -0.705	-0.604	-0.847	-0.846	-0.853	-0.544	-0.805	-0.804	-0.727	-0.562	-0.550	-0.550	-0.549	-0.807	-0.795	-0.541	-0.794	-0.505	-0.586	-0.727	-0.686	-0.709	-0.706	-0.670	-0.669	-0.691	-0.345	+0.191	-0.261	-0.260	-0.603	-0.437	-0.707	-0.710	-0.570	-0.561	-0.255	-0.231	-0.572	-0.572	-0.572	-0.573	-0.573	-0.573	-0.574	-0.050	-0.165	-0.588	-0.185	-0.186	-0.187	-0.189	-0.002	-0.190	-0.190	-0.189	-0.588	-0.191	-0.113	-0.605	-0.192	-0.192	-0.193	-0.193	-0.193	-0.193	-0.194	-0.194	-0.194	-0.194	-0.194	-0.194	-0.195	-0.195	-0.195	-0.195	-0.195	-0.195	-0.195	-0.195	-0.196	-0.196	-0.201	-0.197	-0.197	-0.195	-0.197	-0.197	-0.197	-0.197	-0.200	-0.200	-0.088	-0.198	-0.201	-0.198	-0.199	-0.199	-0.199	-0.200	-0.247	-0.200	-0.107	-0.107	-0.200	-0.606	-0.201	-0.202	-0.202	-0.203	-0.203	-0.204	-0.204	-0.205	-0.205	-0.033	-0.206	-0.206	-0.206	-0.207	-0.207	-0.210	-0.211	-0.217	-0.305	-0.610	-0.310	-0.611	-0.282	-0.611	-0.369	-0.389	-0.390	-0.390	-0.390	-0.391	-0.393	-0.395	-0.365	-0.397	-0.426	-0.399	-0.400	-0.400	-0.403	-0.403	
rs1841631      -0.705	-0.610	-0.845	-0.843	-0.851	-0.551	-0.802	-0.801	-0.722	-0.569	-0.556	-0.556	-0.555	-0.804	-0.792	-0.548	-0.791	-0.512	-0.592	-0.731	-0.690	-0.713	-0.710	-0.675	-0.674	-0.695	-0.304	+0.182	-0.271	-0.269	-0.733	-0.707	-0.436	-0.562	-0.715	-0.708	-0.265	-0.241	-0.711	-0.713	-0.713	-0.714	-0.714	-0.717	-0.719	-0.023	-0.137	-0.715	-0.158	-0.159	-0.160	-0.162	-0.297	-0.163	-0.163	-0.162	-0.714	-0.164	-0.352	-0.723	-0.165	-0.165	-0.166	-0.166	-0.166	-0.166	-0.167	-0.167	-0.167	-0.167	-0.167	-0.167	-0.168	-0.168	-0.168	-0.168	-0.168	-0.168	-0.168	-0.168	-0.169	-0.169	-0.174	-0.170	-0.170	-0.168	-0.170	-0.170	-0.170	-0.170	-0.173	-0.173	-0.062	-0.171	-0.174	-0.171	-0.172	-0.172	-0.172	-0.173	-0.220	-0.173	-0.077	-0.077	-0.174	-0.723	-0.174	-0.175	-0.175	-0.176	-0.176	-0.177	-0.177	-0.178	-0.178	-0.004	-0.179	-0.179	-0.179	-0.180	-0.180	-0.183	-0.184	-0.190	-0.277	-0.724	-0.282	-0.724	-0.259	-0.724	-0.342	-0.361	-0.363	-0.363	-0.363	-0.364	-0.366	-0.368	-0.337	-0.370	-0.399	-0.373	-0.373	-0.374	-0.376	-0.376	
rs13132768     -0.709	-0.613	-0.848	-0.847	-0.855	-0.554	-0.805	-0.804	-0.725	-0.572	-0.560	-0.560	-0.559	-0.808	-0.796	-0.551	-0.794	-0.516	-0.596	-0.734	-0.694	-0.717	-0.714	-0.679	-0.677	-0.699	-0.308	+0.181	-0.274	-0.272	-0.737	-0.710	-0.562	-0.441	-0.718	-0.711	-0.268	-0.244	-0.714	-0.716	-0.716	-0.717	-0.717	-0.720	-0.722	-0.026	-0.140	-0.718	-0.161	-0.162	-0.163	-0.165	-0.294	-0.166	-0.166	-0.165	-0.717	-0.167	-0.350	-0.726	-0.168	-0.168	-0.169	-0.169	-0.169	-0.169	-0.170	-0.170	-0.170	-0.170	-0.170	-0.170	-0.171	-0.171	-0.171	-0.171	-0.171	-0.171	-0.171	-0.171	-0.172	-0.172	-0.177	-0.173	-0.173	-0.171	-0.173	-0.173	-0.173	-0.173	-0.176	-0.176	-0.065	-0.174	-0.177	-0.174	-0.175	-0.175	-0.175	-0.176	-0.223	-0.176	-0.080	-0.080	-0.176	-0.726	-0.177	-0.178	-0.178	-0.179	-0.179	-0.180	-0.180	-0.181	-0.181	-0.007	-0.182	-0.182	-0.182	-0.183	-0.183	-0.186	-0.187	-0.193	-0.280	-0.727	-0.285	-0.727	-0.262	-0.727	-0.345	-0.365	-0.366	-0.366	-0.367	-0.367	-0.370	-0.371	-0.340	-0.374	-0.402	-0.376	-0.377	-0.377	-0.379	-0.380	
rs67925757     -0.723	-0.620	-0.862	-0.860	-0.868	-0.559	-0.819	-0.818	-0.740	-0.578	-0.565	-0.565	-0.564	-0.821	-0.809	-0.557	-0.808	-0.520	-0.602	-0.744	-0.702	-0.725	-0.722	-0.685	-0.685	-0.707	-0.357	+0.185	-0.274	-0.272	-0.626	-0.570	-0.715	-0.718	-0.455	-0.572	-0.268	-0.243	-0.574	-0.579	-0.579	-0.580	-0.581	-0.585	-0.588	-0.059	-0.174	-0.595	-0.194	-0.196	-0.197	-0.199	+0.045	-0.199	-0.200	-0.199	-0.594	-0.201	-0.076	-0.617	-0.202	-0.202	-0.202	-0.203	-0.203	-0.203	-0.204	-0.203	-0.204	-0.204	-0.204	-0.204	-0.204	-0.204	-0.205	-0.205	-0.205	-0.205	-0.205	-0.205	-0.205	-0.206	-0.210	-0.206	-0.207	-0.204	-0.207	-0.207	-0.207	-0.207	-0.209	-0.209	-0.097	-0.208	-0.211	-0.208	-0.208	-0.209	-0.209	-0.209	-0.257	-0.209	-0.116	-0.116	-0.210	-0.618	-0.211	-0.212	-0.212	-0.213	-0.213	-0.214	-0.214	-0.214	-0.215	-0.042	-0.215	-0.216	-0.216	-0.216	-0.217	-0.220	-0.221	-0.227	-0.316	-0.622	-0.321	-0.622	-0.293	-0.622	-0.381	-0.400	-0.401	-0.402	-0.402	-0.403	-0.405	-0.407	-0.376	-0.409	-0.438	-0.411	-0.412	-0.412	-0.414	-0.415	
rs2377334      -0.707	-0.606	-0.849	-0.847	-0.855	-0.545	-0.806	-0.805	-0.728	-0.564	-0.551	-0.551	-0.550	-0.809	-0.797	-0.542	-0.795	-0.506	-0.588	-0.729	-0.687	-0.711	-0.708	-0.671	-0.670	-0.692	-0.346	+0.190	-0.262	-0.261	-0.606	-0.561	-0.708	-0.711	-0.572	-0.438	-0.257	-0.232	-0.573	-0.573	-0.573	-0.574	-0.574	-0.574	-0.575	-0.051	-0.166	-0.589	-0.186	-0.187	-0.188	-0.190	+0.003	-0.191	-0.191	-0.190	-0.589	-0.192	-0.110	-0.606	-0.193	-0.193	-0.194	-0.194	-0.194	-0.194	-0.195	-0.195	-0.195	-0.195	-0.195	-0.196	-0.196	-0.196	-0.196	-0.196	-0.196	-0.196	-0.197	-0.197	-0.197	-0.197	-0.202	-0.198	-0.198	-0.196	-0.198	-0.198	-0.198	-0.198	-0.201	-0.201	-0.089	-0.199	-0.202	-0.200	-0.200	-0.200	-0.200	-0.201	-0.248	-0.201	-0.108	-0.108	-0.202	-0.607	-0.202	-0.203	-0.204	-0.204	-0.204	-0.205	-0.205	-0.206	-0.206	-0.034	-0.207	-0.207	-0.207	-0.208	-0.208	-0.211	-0.212	-0.218	-0.306	-0.611	-0.311	-0.612	-0.283	-0.612	-0.370	-0.390	-0.391	-0.391	-0.392	-0.392	-0.395	-0.396	-0.366	-0.399	-0.427	-0.401	-0.401	-0.402	-0.404	-0.404	
rs7662924      -0.110	-0.102	-0.258	-0.256	-0.264	-0.056	-0.211	-0.210	-0.133	-0.072	-0.060	-0.061	-0.060	-0.214	-0.201	-0.055	-0.202	-0.026	-0.086	-0.187	-0.159	-0.175	-0.173	-0.143	-0.148	-0.162	+0.033	+0.462	+0.115	+0.117	-0.281	-0.255	-0.265	-0.268	-0.268	-0.257	+0.215	+0.176	-0.262	-0.265	-0.265	-0.266	-0.267	-0.271	-0.274	+0.409	+0.312	-0.264	+0.293	+0.292	+0.291	+0.289	+0.101	+0.288	+0.288	+0.289	-0.263	+0.287	+0.078	-0.267	+0.287	+0.286	+0.286	+0.286	+0.285	+0.285	+0.285	+0.285	+0.285	+0.284	+0.284	+0.284	+0.284	+0.284	+0.284	+0.283	+0.283	+0.283	+0.283	+0.283	+0.283	+0.283	+0.280	+0.282	+0.282	+0.284	+0.282	+0.282	+0.282	+0.282	+0.281	+0.281	+0.386	+0.281	+0.278	+0.280	+0.280	+0.280	+0.280	+0.279	+0.251	+0.279	+0.385	+0.385	+0.279	-0.266	+0.278	+0.277	+0.277	+0.276	+0.276	+0.275	+0.275	+0.275	+0.275	+0.429	+0.274	+0.274	+0.273	+0.273	+0.273	+0.270	+0.269	+0.263	+0.177	-0.267	+0.173	-0.266	+0.202	-0.266	+0.119	+0.101	+0.100	+0.100	+0.100	+0.099	+0.097	+0.096	+0.122	+0.093	+0.068	+0.092	+0.091	+0.091	+0.089	+0.088	
rs6853859      -0.082	-0.077	-0.232	-0.230	-0.238	-0.032	-0.186	-0.185	-0.108	-0.048	-0.036	-0.036	-0.036	-0.189	-0.176	-0.031	-0.177	-0.002	-0.062	-0.161	-0.134	-0.150	-0.148	-0.119	-0.123	-0.137	+0.054	+0.471	+0.134	+0.135	-0.256	-0.231	-0.241	-0.244	-0.243	-0.232	+0.176	+0.245	-0.238	-0.241	-0.241	-0.242	-0.242	-0.246	-0.249	+0.431	+0.334	-0.240	+0.315	+0.314	+0.313	+0.311	+0.123	+0.311	+0.310	+0.312	-0.238	+0.310	+0.100	-0.243	+0.309	+0.309	+0.308	+0.308	+0.308	+0.308	+0.307	+0.307	+0.307	+0.307	+0.307	+0.306	+0.306	+0.306	+0.306	+0.306	+0.306	+0.306	+0.306	+0.305	+0.305	+0.305	+0.302	+0.304	+0.304	+0.306	+0.304	+0.304	+0.304	+0.304	+0.303	+0.303	+0.408	+0.303	+0.300	+0.303	+0.303	+0.302	+0.302	+0.302	+0.274	+0.302	+0.408	+0.408	+0.301	-0.242	+0.300	+0.299	+0.299	+0.299	+0.298	+0.297	+0.297	+0.297	+0.297	+0.450	+0.296	+0.296	+0.296	+0.295	+0.295	+0.292	+0.292	+0.286	+0.200	-0.243	+0.196	-0.241	+0.225	-0.241	+0.142	+0.125	+0.124	+0.123	+0.123	+0.122	+0.120	+0.119	+0.145	+0.117	+0.091	+0.115	+0.114	+0.114	+0.112	+0.112	
