## Summary of overall evidence for association with region:
## log10(BF for region) = -0.502087
## p-value for region = NA

## BFs for choosing among multi-SNP models:
## log10(average 1-SNP BF) = -0.432038
## log10(average 2-SNP BF) = -0.689216

## Example posterior probabilities for multi-SNP models, based on default prior: [p(l) propto 0.5^l for l=1,2,...,L]
## posterior probability of 1-SNP = 0.783355
## posterior probability of 2-SNP = 0.216645

## log10(BF) for single SNP and pair of SNPs:
rs7731592      -0.557	-0.688	-0.689	-0.925	-0.688	-0.925	-0.693	-0.689	-0.692	-0.688	-0.602	-0.688	-0.832	-0.553	-0.691	-0.694	-0.542	-0.692	-0.759	-0.601	-0.687	-0.512	-0.678	-0.721	-0.518	-0.685	-0.699	-0.493	-0.525	-0.675	-0.417	-0.426	-0.694	-0.557	-0.461	-0.676	-0.678	-0.688	-0.677	-0.378	-0.687	-0.681	-0.600	+0.182	-0.816	-0.912	-0.824	-0.773	-0.773	-0.776	-0.772	-0.773	-0.921	-0.864	-0.914	-0.903	-0.903	-0.853	-0.814	-0.879	-0.897	-0.877	-0.873	-0.882	-0.895	-0.861	-0.851	-0.859	-0.884	-0.875	-0.860	-0.874	-0.312	-0.857	-0.856	-0.886	-0.918	-0.913	-0.894	-0.916	-0.925	-0.885	-0.908	-0.898	-0.895	-0.815	-0.911	-0.788	-0.776	-0.808	-0.657	-0.688	-0.730	-0.616	-0.864	-0.630	-0.630	-0.713	-1.026	-1.006	-0.868	-0.714	-1.015	-0.707	-0.617	-0.608	-0.893	-1.031	-0.725	-0.731	-0.996	-0.689	-1.017	-0.970	-1.004	-0.671	-0.630	-0.736	-0.818	-0.613	-1.010	-0.774	-0.949	-0.613	-1.018	-1.011	-0.608	-0.624	-0.722	
rs7703341      -0.688	-0.557	-0.689	-0.925	-0.689	-0.925	-0.694	-0.690	-0.693	-0.688	-0.605	-0.689	-0.832	-0.556	-0.692	-0.694	-0.545	-0.693	-0.759	-0.600	-0.688	-0.515	-0.679	-0.721	-0.521	-0.686	-0.699	-0.496	-0.528	-0.677	-0.422	-0.430	-0.695	-0.556	-0.465	-0.678	-0.680	-0.690	-0.679	-0.382	-0.689	-0.683	-0.602	+0.180	-0.816	-0.913	-0.825	-0.774	-0.773	-0.776	-0.772	-0.774	-0.922	-0.864	-0.915	-0.904	-0.904	-0.854	-0.815	-0.880	-0.898	-0.878	-0.874	-0.883	-0.895	-0.861	-0.852	-0.860	-0.885	-0.876	-0.860	-0.875	-0.313	-0.858	-0.857	-0.887	-0.918	-0.914	-0.895	-0.916	-0.925	-0.885	-0.909	-0.899	-0.896	-0.816	-0.912	-0.789	-0.776	-0.808	-0.658	-0.688	-0.731	-0.617	-0.864	-0.630	-0.630	-0.714	-1.026	-1.007	-0.868	-0.714	-1.016	-0.707	-0.617	-0.609	-0.894	-1.032	-0.725	-0.731	-0.997	-0.689	-1.018	-0.970	-1.005	-0.672	-0.631	-0.737	-0.819	-0.614	-1.010	-0.775	-0.950	-0.613	-1.018	-1.011	-0.608	-0.624	-0.723	
rs7705093      -0.689	-0.689	-0.549	-0.915	-0.689	-0.915	-0.692	-0.692	-0.690	-0.689	-0.579	-0.689	-0.825	-0.527	-0.688	-0.689	-0.516	-0.694	-0.760	-0.615	-0.681	-0.484	-0.670	-0.721	-0.490	-0.679	-0.696	-0.464	-0.498	-0.665	-0.385	-0.394	-0.686	-0.565	-0.430	-0.667	-0.668	-0.675	-0.662	-0.344	-0.678	-0.667	-0.577	+0.200	-0.809	-0.905	-0.816	-0.765	-0.765	-0.768	-0.764	-0.766	-0.913	-0.856	-0.907	-0.896	-0.895	-0.846	-0.807	-0.871	-0.890	-0.869	-0.865	-0.874	-0.887	-0.853	-0.843	-0.851	-0.876	-0.867	-0.852	-0.867	-0.307	-0.849	-0.848	-0.879	-0.910	-0.905	-0.887	-0.908	-0.917	-0.877	-0.901	-0.890	-0.888	-0.808	-0.905	-0.781	-0.769	-0.801	-0.650	-0.680	-0.723	-0.610	-0.857	-0.623	-0.623	-0.707	-1.019	-0.999	-0.861	-0.706	-1.008	-0.700	-0.610	-0.601	-0.886	-1.024	-0.717	-0.723	-0.989	-0.682	-1.010	-0.963	-0.997	-0.664	-0.624	-0.729	-0.811	-0.606	-1.003	-0.767	-0.942	-0.606	-1.011	-1.004	-0.601	-0.617	-0.715	
rs4869317      -0.925	-0.925	-0.915	-0.609	-0.927	-0.742	-0.931	-0.922	-0.935	-0.926	-1.041	-0.926	-0.886	-1.047	-0.939	-0.941	-1.048	-0.924	-0.907	-0.784	-0.946	-1.050	-0.954	-0.857	-1.049	-0.948	-0.935	-1.051	-1.049	-0.961	-1.056	-1.055	-0.954	-0.677	-1.054	-0.961	-0.960	-0.981	-0.987	-1.057	-0.957	-0.984	-1.036	-0.361	-0.856	-0.964	-0.899	-0.853	-0.852	-0.855	-0.851	-0.852	-0.992	-0.938	-0.991	-0.982	-0.982	-0.928	-0.893	-0.963	-0.978	-0.961	-0.958	-0.966	-0.976	-0.948	-0.940	-0.945	-0.954	-0.947	-0.942	-0.946	-0.264	-0.940	-0.940	-0.956	-0.991	-0.988	-0.972	-0.983	-0.991	-0.964	-0.976	-0.966	-0.964	-0.892	-0.951	-0.839	-0.824	-0.852	-0.711	-0.741	-0.773	-0.660	-0.912	-0.674	-0.674	-0.753	-1.075	-1.053	-0.917	-0.767	-1.064	-0.746	-0.661	-0.652	-0.942	-1.081	-0.777	-0.783	-1.043	-0.727	-1.066	-1.019	-1.052	-0.708	-0.668	-0.789	-0.870	-0.657	-1.058	-0.826	-0.994	-0.656	-1.066	-1.059	-0.651	-0.668	-0.775	
rs7716222      -0.688	-0.689	-0.689	-0.927	-0.558	-0.927	-0.694	-0.690	-0.694	-0.689	-0.609	-0.689	-0.833	-0.561	-0.694	-0.696	-0.551	-0.693	-0.759	-0.598	-0.690	-0.521	-0.682	-0.720	-0.527	-0.688	-0.700	-0.502	-0.534	-0.680	-0.428	-0.436	-0.697	-0.555	-0.471	-0.681	-0.682	-0.693	-0.683	-0.390	-0.691	-0.687	-0.607	+0.178	-0.817	-0.914	-0.826	-0.775	-0.774	-0.777	-0.774	-0.775	-0.923	-0.865	-0.916	-0.905	-0.905	-0.855	-0.816	-0.881	-0.899	-0.879	-0.875	-0.884	-0.897	-0.863	-0.853	-0.861	-0.886	-0.877	-0.862	-0.876	-0.313	-0.859	-0.858	-0.888	-0.919	-0.915	-0.896	-0.917	-0.926	-0.886	-0.910	-0.900	-0.897	-0.817	-0.913	-0.790	-0.777	-0.809	-0.659	-0.689	-0.732	-0.618	-0.865	-0.631	-0.631	-0.715	-1.027	-1.008	-0.869	-0.715	-1.017	-0.708	-0.618	-0.610	-0.895	-1.033	-0.726	-0.732	-0.998	-0.690	-1.019	-0.971	-1.006	-0.673	-0.632	-0.738	-0.820	-0.615	-1.011	-0.776	-0.951	-0.614	-1.019	-1.012	-0.609	-0.625	-0.724	
rs62377827     -0.925	-0.925	-0.915	-0.742	-0.927	-0.609	-0.931	-0.922	-0.935	-0.926	-1.041	-0.926	-0.886	-1.047	-0.939	-0.941	-1.048	-0.924	-0.907	-0.784	-0.946	-1.050	-0.954	-0.857	-1.049	-0.948	-0.935	-1.051	-1.049	-0.961	-1.056	-1.055	-0.954	-0.677	-1.054	-0.961	-0.960	-0.981	-0.987	-1.057	-0.957	-0.984	-1.036	-0.361	-0.856	-0.964	-0.899	-0.853	-0.852	-0.855	-0.851	-0.852	-0.992	-0.938	-0.991	-0.982	-0.982	-0.928	-0.893	-0.963	-0.978	-0.961	-0.958	-0.966	-0.976	-0.948	-0.940	-0.945	-0.954	-0.947	-0.942	-0.946	-0.264	-0.940	-0.940	-0.956	-0.991	-0.988	-0.972	-0.983	-0.991	-0.964	-0.976	-0.966	-0.964	-0.892	-0.951	-0.839	-0.824	-0.852	-0.711	-0.741	-0.773	-0.660	-0.912	-0.674	-0.674	-0.753	-1.075	-1.053	-0.916	-0.767	-1.064	-0.746	-0.661	-0.652	-0.942	-1.081	-0.777	-0.783	-1.043	-0.727	-1.066	-1.019	-1.052	-0.708	-0.668	-0.789	-0.870	-0.657	-1.058	-0.826	-0.994	-0.656	-1.066	-1.059	-0.651	-0.668	-0.775	
rs4360063      -0.693	-0.694	-0.692	-0.931	-0.694	-0.931	-0.562	-0.688	-0.701	-0.694	-0.628	-0.694	-0.837	-0.576	-0.702	-0.698	-0.566	-0.692	-0.758	-0.592	-0.700	-0.546	-0.696	-0.720	-0.551	-0.699	-0.706	-0.528	-0.557	-0.695	-0.459	-0.466	-0.708	-0.553	-0.499	-0.696	-0.697	-0.706	-0.698	-0.422	-0.703	-0.701	-0.625	+0.167	-0.820	-0.917	-0.830	-0.779	-0.778	-0.781	-0.777	-0.779	-0.926	-0.869	-0.920	-0.909	-0.908	-0.859	-0.820	-0.885	-0.903	-0.883	-0.879	-0.888	-0.900	-0.866	-0.857	-0.865	-0.889	-0.881	-0.865	-0.880	-0.315	-0.863	-0.862	-0.892	-0.923	-0.919	-0.900	-0.921	-0.930	-0.890	-0.914	-0.903	-0.901	-0.820	-0.916	-0.793	-0.781	-0.813	-0.662	-0.693	-0.735	-0.621	-0.868	-0.635	-0.635	-0.718	-1.031	-1.011	-0.873	-0.719	-1.020	-0.711	-0.622	-0.613	-0.898	-1.036	-0.730	-0.736	-1.001	-0.693	-1.022	-0.974	-1.009	-0.676	-0.635	-0.741	-0.823	-0.618	-1.015	-0.779	-0.954	-0.617	-1.023	-1.016	-0.613	-0.628	-0.727	
rs1363974      -0.689	-0.690	-0.692	-0.922	-0.690	-0.922	-0.688	-0.555	-0.693	-0.690	-0.598	-0.690	-0.830	-0.540	-0.691	-0.687	-0.529	-0.688	-0.758	-0.603	-0.686	-0.507	-0.676	-0.723	-0.512	-0.684	-0.699	-0.488	-0.520	-0.673	-0.412	-0.420	-0.693	-0.559	-0.455	-0.675	-0.676	-0.685	-0.674	-0.372	-0.686	-0.678	-0.595	+0.187	-0.814	-0.910	-0.822	-0.771	-0.770	-0.774	-0.770	-0.771	-0.919	-0.861	-0.912	-0.901	-0.901	-0.851	-0.812	-0.877	-0.895	-0.875	-0.871	-0.880	-0.893	-0.859	-0.849	-0.857	-0.882	-0.873	-0.858	-0.873	-0.311	-0.855	-0.854	-0.884	-0.916	-0.911	-0.892	-0.913	-0.923	-0.883	-0.906	-0.896	-0.893	-0.813	-0.910	-0.787	-0.774	-0.806	-0.655	-0.686	-0.728	-0.615	-0.862	-0.628	-0.628	-0.712	-1.024	-1.005	-0.866	-0.712	-1.014	-0.705	-0.615	-0.606	-0.891	-1.029	-0.723	-0.729	-0.995	-0.687	-1.015	-0.968	-1.002	-0.669	-0.629	-0.735	-0.816	-0.611	-1.008	-0.772	-0.947	-0.611	-1.016	-1.009	-0.606	-0.622	-0.720	
rs3909451      -0.692	-0.693	-0.690	-0.935	-0.694	-0.935	-0.701	-0.693	-0.565	-0.693	-0.640	-0.694	-0.840	-0.593	-0.702	-0.704	-0.584	-0.697	-0.760	-0.587	-0.701	-0.557	-0.698	-0.717	-0.562	-0.701	-0.705	-0.540	-0.568	-0.698	-0.472	-0.479	-0.710	-0.548	-0.511	-0.699	-0.700	-0.711	-0.703	-0.436	-0.706	-0.706	-0.635	+0.160	-0.823	-0.920	-0.833	-0.782	-0.781	-0.784	-0.780	-0.782	-0.929	-0.872	-0.923	-0.912	-0.912	-0.862	-0.823	-0.888	-0.906	-0.886	-0.882	-0.891	-0.903	-0.870	-0.860	-0.868	-0.892	-0.883	-0.868	-0.883	-0.317	-0.866	-0.865	-0.895	-0.926	-0.922	-0.903	-0.924	-0.933	-0.893	-0.917	-0.906	-0.904	-0.823	-0.919	-0.796	-0.783	-0.815	-0.665	-0.696	-0.737	-0.624	-0.871	-0.637	-0.637	-0.721	-1.033	-1.014	-0.875	-0.722	-1.023	-0.714	-0.624	-0.616	-0.901	-1.039	-0.732	-0.739	-1.004	-0.696	-1.025	-0.977	-1.012	-0.678	-0.638	-0.744	-0.826	-0.621	-1.017	-0.782	-0.957	-0.620	-1.025	-1.018	-0.615	-0.631	-0.730	
rs13358339     -0.688	-0.688	-0.689	-0.926	-0.689	-0.926	-0.694	-0.690	-0.693	-0.558	-0.608	-0.689	-0.833	-0.559	-0.693	-0.695	-0.549	-0.693	-0.759	-0.599	-0.689	-0.519	-0.681	-0.720	-0.525	-0.688	-0.700	-0.500	-0.532	-0.679	-0.426	-0.434	-0.697	-0.555	-0.469	-0.680	-0.681	-0.692	-0.681	-0.387	-0.690	-0.686	-0.605	+0.179	-0.817	-0.913	-0.825	-0.775	-0.774	-0.777	-0.773	-0.775	-0.922	-0.865	-0.916	-0.905	-0.904	-0.855	-0.816	-0.881	-0.899	-0.878	-0.875	-0.884	-0.896	-0.862	-0.853	-0.861	-0.885	-0.876	-0.861	-0.876	-0.313	-0.859	-0.858	-0.888	-0.919	-0.915	-0.896	-0.917	-0.926	-0.886	-0.910	-0.899	-0.897	-0.816	-0.912	-0.790	-0.777	-0.809	-0.658	-0.689	-0.731	-0.618	-0.865	-0.631	-0.631	-0.715	-1.027	-1.008	-0.869	-0.715	-1.017	-0.708	-0.618	-0.609	-0.894	-1.032	-0.726	-0.732	-0.998	-0.690	-1.019	-0.971	-1.005	-0.672	-0.632	-0.738	-0.819	-0.614	-1.011	-0.775	-0.950	-0.614	-1.019	-1.012	-0.609	-0.625	-0.723	
rs10058476     -0.602	-0.605	-0.579	-1.041	-0.609	-1.041	-0.628	-0.598	-0.640	-0.608	-0.645	-0.608	-0.917	-0.782	-0.655	-0.663	-0.780	-0.607	-0.603	-0.341	-0.675	-0.770	-0.701	-0.586	-0.770	-0.680	-0.644	-0.763	-0.775	-0.723	-0.728	-0.735	-0.708	-0.391	-0.752	-0.722	-0.721	-0.790	-0.804	-0.708	-0.715	-0.796	-0.898	-0.106	-0.896	-1.001	-0.929	-0.881	-0.881	-0.884	-0.880	-0.881	-1.016	-0.962	-1.013	-1.003	-1.003	-0.952	-0.916	-0.981	-0.998	-0.979	-0.976	-0.984	-0.995	-0.965	-0.956	-0.963	-0.981	-0.973	-0.962	-0.972	-0.344	-0.960	-0.959	-0.983	-1.015	-1.011	-0.994	-1.011	-1.019	-0.985	-1.004	-0.994	-0.991	-0.915	-0.992	-0.876	-0.861	-0.891	-0.745	-0.775	-0.813	-0.699	-0.949	-0.712	-0.712	-0.793	-1.110	-1.089	-0.953	-0.801	-1.099	-0.786	-0.699	-0.691	-0.979	-1.116	-0.812	-0.818	-1.079	-0.767	-1.101	-1.054	-1.087	-0.749	-0.709	-0.823	-0.904	-0.695	-1.093	-0.860	-1.032	-0.695	-1.102	-1.095	-0.690	-0.706	-0.809	
rs1423357      -0.688	-0.689	-0.689	-0.926	-0.689	-0.926	-0.694	-0.690	-0.694	-0.689	-0.608	-0.558	-0.833	-0.559	-0.692	-0.694	-0.548	-0.692	-0.759	-0.598	-0.688	-0.519	-0.679	-0.720	-0.524	-0.687	-0.699	-0.500	-0.531	-0.677	-0.424	-0.433	-0.695	-0.555	-0.467	-0.678	-0.680	-0.691	-0.680	-0.386	-0.689	-0.684	-0.605	+0.179	-0.817	-0.913	-0.825	-0.775	-0.774	-0.777	-0.773	-0.775	-0.922	-0.865	-0.916	-0.905	-0.904	-0.855	-0.816	-0.881	-0.899	-0.878	-0.875	-0.884	-0.896	-0.862	-0.853	-0.861	-0.885	-0.876	-0.861	-0.876	-0.313	-0.859	-0.858	-0.888	-0.919	-0.915	-0.896	-0.917	-0.926	-0.886	-0.910	-0.899	-0.897	-0.816	-0.912	-0.790	-0.777	-0.809	-0.658	-0.689	-0.731	-0.618	-0.865	-0.631	-0.631	-0.715	-1.027	-1.008	-0.869	-0.715	-1.017	-0.708	-0.618	-0.609	-0.894	-1.032	-0.726	-0.732	-0.998	-0.690	-1.019	-0.971	-1.005	-0.672	-0.632	-0.738	-0.820	-0.614	-1.011	-0.775	-0.950	-0.614	-1.019	-1.012	-0.609	-0.625	-0.723	
rs2194245      -0.832	-0.832	-0.825	-0.886	-0.833	-0.886	-0.837	-0.830	-0.840	-0.833	-0.917	-0.833	-0.418	-0.921	-0.843	-0.844	-0.922	-0.832	-0.797	-0.691	-0.848	-0.923	-0.855	-0.766	-0.923	-0.850	-0.839	-0.924	-0.923	-0.860	-0.927	-0.927	-0.854	-0.521	-0.926	-0.859	-0.859	-0.874	-0.879	-0.928	-0.857	-0.877	-0.911	-0.207	-0.681	-0.789	-0.716	-0.668	-0.668	-0.670	-0.667	-0.668	-0.814	-0.758	-0.813	-0.804	-0.804	-0.748	-0.712	-0.784	-0.799	-0.782	-0.779	-0.787	-0.797	-0.769	-0.761	-0.769	-0.780	-0.772	-0.766	-0.771	-0.120	-0.764	-0.764	-0.782	-0.816	-0.812	-0.797	-0.809	-0.817	-0.789	-0.802	-0.792	-0.790	-0.716	-0.771	-0.662	-0.646	-0.675	-0.529	-0.560	-0.596	-0.480	-0.737	-0.494	-0.494	-0.574	-0.900	-0.879	-0.741	-0.586	-0.890	-0.567	-0.480	-0.471	-0.767	-0.906	-0.597	-0.603	-0.869	-0.547	-0.892	-0.846	-0.878	-0.529	-0.489	-0.609	-0.692	-0.476	-0.884	-0.647	-0.821	-0.476	-0.892	-0.885	-0.471	-0.487	-0.594	
rs1544777      -0.553	-0.556	-0.527	-1.047	-0.561	-1.047	-0.576	-0.540	-0.593	-0.559	-0.782	-0.559	-0.921	-0.650	-0.610	-0.613	-0.787	-0.548	-0.556	-0.275	-0.633	-0.790	-0.663	-0.547	-0.789	-0.639	-0.596	-0.788	-0.793	-0.689	-0.771	-0.775	-0.672	-0.361	-0.783	-0.687	-0.686	-0.768	-0.784	-0.760	-0.679	-0.775	-0.899	-0.131	-0.900	-1.005	-0.935	-0.887	-0.886	-0.889	-0.886	-0.887	-1.021	-0.968	-1.018	-1.009	-1.008	-0.958	-0.922	-0.988	-1.004	-0.986	-0.982	-0.990	-1.001	-0.971	-0.963	-0.969	-0.987	-0.978	-0.968	-0.978	-0.343	-0.966	-0.965	-0.989	-1.020	-1.016	-1.000	-1.016	-1.025	-0.991	-1.009	-0.999	-0.997	-0.920	-0.996	-0.880	-0.865	-0.895	-0.750	-0.780	-0.817	-0.703	-0.953	-0.717	-0.717	-0.797	-1.114	-1.094	-0.958	-0.806	-1.104	-0.790	-0.704	-0.695	-0.983	-1.120	-0.816	-0.822	-1.084	-0.771	-1.105	-1.059	-1.092	-0.753	-0.713	-0.828	-0.909	-0.700	-1.098	-0.865	-1.036	-0.699	-1.106	-1.099	-0.694	-0.710	-0.814	
rs3797796      -0.691	-0.692	-0.688	-0.939	-0.694	-0.939	-0.702	-0.691	-0.702	-0.693	-0.655	-0.692	-0.843	-0.610	-0.568	-0.705	-0.600	-0.693	-0.759	-0.579	-0.703	-0.574	-0.702	-0.714	-0.579	-0.703	-0.705	-0.558	-0.585	-0.702	-0.491	-0.498	-0.712	-0.543	-0.528	-0.702	-0.703	-0.717	-0.710	-0.456	-0.709	-0.712	-0.647	+0.150	-0.827	-0.923	-0.837	-0.786	-0.785	-0.788	-0.784	-0.786	-0.933	-0.876	-0.927	-0.916	-0.916	-0.866	-0.827	-0.892	-0.910	-0.890	-0.886	-0.895	-0.908	-0.874	-0.864	-0.872	-0.896	-0.888	-0.873	-0.887	-0.319	-0.870	-0.869	-0.899	-0.930	-0.926	-0.907	-0.928	-0.937	-0.897	-0.921	-0.910	-0.908	-0.827	-0.922	-0.800	-0.787	-0.819	-0.669	-0.699	-0.741	-0.627	-0.875	-0.641	-0.641	-0.724	-1.037	-1.017	-0.879	-0.725	-1.027	-0.717	-0.628	-0.619	-0.904	-1.042	-0.736	-0.742	-1.007	-0.699	-1.028	-0.981	-1.015	-0.682	-0.641	-0.748	-0.830	-0.624	-1.021	-0.786	-0.960	-0.624	-1.029	-1.022	-0.619	-0.635	-0.734	
rs10476696     -0.694	-0.694	-0.689	-0.941	-0.696	-0.941	-0.698	-0.687	-0.704	-0.695	-0.663	-0.694	-0.844	-0.613	-0.705	-0.570	-0.603	-0.687	-0.757	-0.574	-0.705	-0.585	-0.705	-0.713	-0.589	-0.706	-0.706	-0.569	-0.595	-0.705	-0.502	-0.510	-0.715	-0.543	-0.539	-0.706	-0.707	-0.721	-0.714	-0.470	-0.712	-0.717	-0.653	+0.146	-0.828	-0.925	-0.838	-0.787	-0.787	-0.790	-0.786	-0.788	-0.935	-0.877	-0.928	-0.917	-0.917	-0.867	-0.828	-0.893	-0.912	-0.891	-0.888	-0.897	-0.909	-0.875	-0.866	-0.874	-0.898	-0.889	-0.874	-0.888	-0.320	-0.872	-0.871	-0.900	-0.931	-0.927	-0.908	-0.929	-0.938	-0.899	-0.922	-0.912	-0.909	-0.829	-0.923	-0.801	-0.788	-0.820	-0.670	-0.700	-0.742	-0.629	-0.876	-0.642	-0.642	-0.725	-1.038	-1.019	-0.880	-0.727	-1.028	-0.719	-0.629	-0.620	-0.906	-1.044	-0.737	-0.743	-1.009	-0.701	-1.030	-0.982	-1.016	-0.683	-0.642	-0.749	-0.831	-0.625	-1.022	-0.787	-0.961	-0.625	-1.030	-1.023	-0.620	-0.636	-0.735	
rs38032        -0.542	-0.545	-0.516	-1.048	-0.551	-1.048	-0.566	-0.529	-0.584	-0.549	-0.780	-0.548	-0.922	-0.787	-0.600	-0.603	-0.651	-0.536	-0.546	-0.262	-0.624	-0.792	-0.655	-0.539	-0.790	-0.630	-0.586	-0.791	-0.794	-0.681	-0.776	-0.780	-0.663	-0.355	-0.786	-0.679	-0.678	-0.763	-0.780	-0.767	-0.671	-0.771	-0.899	-0.136	-0.901	-1.006	-0.936	-0.888	-0.887	-0.890	-0.887	-0.888	-1.022	-0.969	-1.019	-1.010	-1.009	-0.959	-0.923	-0.989	-1.005	-0.987	-0.984	-0.992	-1.002	-0.972	-0.964	-0.970	-0.988	-0.979	-0.969	-0.979	-0.343	-0.967	-0.966	-0.990	-1.021	-1.017	-1.001	-1.017	-1.026	-0.992	-1.010	-1.000	-0.998	-0.921	-0.997	-0.881	-0.866	-0.896	-0.751	-0.781	-0.817	-0.704	-0.954	-0.717	-0.717	-0.797	-1.115	-1.094	-0.958	-0.807	-1.104	-0.790	-0.704	-0.696	-0.984	-1.121	-0.817	-0.823	-1.084	-0.772	-1.106	-1.059	-1.093	-0.754	-0.714	-0.829	-0.910	-0.700	-1.099	-0.866	-1.036	-0.700	-1.107	-1.100	-0.695	-0.711	-0.814	
rs38033        -0.692	-0.693	-0.694	-0.924	-0.693	-0.924	-0.692	-0.688	-0.697	-0.693	-0.607	-0.692	-0.832	-0.548	-0.693	-0.687	-0.536	-0.556	-0.758	-0.600	-0.687	-0.515	-0.677	-0.721	-0.520	-0.685	-0.699	-0.496	-0.528	-0.671	-0.417	-0.427	-0.692	-0.557	-0.461	-0.673	-0.674	-0.686	-0.674	-0.380	-0.684	-0.679	-0.598	+0.183	-0.815	-0.912	-0.824	-0.773	-0.772	-0.775	-0.771	-0.773	-0.921	-0.863	-0.914	-0.903	-0.902	-0.853	-0.814	-0.879	-0.897	-0.877	-0.873	-0.882	-0.894	-0.860	-0.851	-0.859	-0.883	-0.875	-0.859	-0.874	-0.312	-0.857	-0.856	-0.886	-0.917	-0.913	-0.894	-0.915	-0.924	-0.884	-0.908	-0.898	-0.895	-0.814	-0.911	-0.788	-0.775	-0.807	-0.657	-0.687	-0.730	-0.616	-0.863	-0.629	-0.629	-0.713	-1.025	-1.006	-0.867	-0.713	-1.015	-0.706	-0.617	-0.608	-0.893	-1.031	-0.724	-0.730	-0.996	-0.688	-1.017	-0.969	-1.004	-0.671	-0.630	-0.736	-0.818	-0.613	-1.009	-0.774	-0.949	-0.612	-1.017	-1.010	-0.608	-0.623	-0.722	
rs251851       -0.759	-0.759	-0.760	-0.907	-0.759	-0.907	-0.758	-0.758	-0.760	-0.759	-0.603	-0.759	-0.797	-0.556	-0.759	-0.757	-0.546	-0.758	-0.521	-0.596	-0.757	-0.529	-0.754	-0.767	-0.534	-0.756	-0.759	-0.514	-0.539	-0.752	-0.456	-0.462	-0.757	-0.557	-0.489	-0.753	-0.753	-0.749	-0.743	-0.426	-0.755	-0.746	-0.663	+0.219	-0.783	-0.870	-0.774	-0.721	-0.720	-0.724	-0.720	-0.721	-0.879	-0.820	-0.871	-0.859	-0.858	-0.809	-0.769	-0.833	-0.853	-0.831	-0.827	-0.837	-0.850	-0.814	-0.804	-0.814	-0.842	-0.833	-0.815	-0.832	-0.284	-0.812	-0.811	-0.844	-0.876	-0.871	-0.851	-0.875	-0.884	-0.841	-0.868	-0.857	-0.854	-0.777	-0.880	-0.752	-0.742	-0.773	-0.621	-0.652	-0.696	-0.582	-0.829	-0.595	-0.595	-0.679	-0.992	-0.972	-0.833	-0.679	-0.981	-0.672	-0.583	-0.574	-0.859	-0.997	-0.689	-0.696	-0.962	-0.654	-0.983	-0.935	-0.969	-0.636	-0.595	-0.701	-0.784	-0.579	-0.975	-0.739	-0.915	-0.578	-0.984	-0.977	-0.574	-0.589	-0.687	
rs58811396     -0.601	-0.600	-0.615	-0.784	-0.598	-0.784	-0.592	-0.603	-0.587	-0.599	-0.341	-0.598	-0.691	-0.275	-0.579	-0.574	-0.262	-0.600	-0.596	-0.412	-0.566	-0.239	-0.547	-0.692	-0.243	-0.563	-0.586	-0.219	-0.250	-0.537	-0.142	-0.150	-0.556	-0.579	-0.184	-0.539	-0.540	-0.512	-0.495	-0.106	-0.549	-0.503	-0.339	+0.470	-0.681	-0.760	-0.646	-0.590	-0.590	-0.593	-0.589	-0.591	-0.760	-0.696	-0.748	-0.734	-0.734	-0.685	-0.642	-0.706	-0.727	-0.703	-0.699	-0.709	-0.725	-0.684	-0.673	-0.685	-0.721	-0.712	-0.688	-0.711	-0.202	-0.685	-0.684	-0.724	-0.755	-0.749	-0.727	-0.756	-0.767	-0.716	-0.748	-0.737	-0.734	-0.662	-0.778	-0.645	-0.638	-0.672	-0.517	-0.548	-0.594	-0.478	-0.725	-0.491	-0.491	-0.578	-0.887	-0.868	-0.730	-0.574	-0.877	-0.571	-0.479	-0.470	-0.755	-0.893	-0.585	-0.591	-0.858	-0.554	-0.879	-0.829	-0.865	-0.536	-0.497	-0.597	-0.680	-0.475	-0.871	-0.635	-0.811	-0.474	-0.879	-0.872	-0.470	-0.485	-0.583	
rs38038        -0.687	-0.688	-0.681	-0.946	-0.690	-0.946	-0.700	-0.686	-0.701	-0.689	-0.675	-0.688	-0.848	-0.633	-0.703	-0.705	-0.624	-0.687	-0.757	-0.566	-0.574	-0.600	-0.708	-0.709	-0.604	-0.706	-0.703	-0.585	-0.610	-0.709	-0.521	-0.528	-0.717	-0.537	-0.556	-0.710	-0.710	-0.728	-0.722	-0.489	-0.714	-0.724	-0.666	+0.135	-0.831	-0.929	-0.842	-0.792	-0.791	-0.794	-0.790	-0.792	-0.939	-0.882	-0.933	-0.922	-0.921	-0.872	-0.833	-0.898	-0.916	-0.896	-0.892	-0.901	-0.913	-0.880	-0.870	-0.878	-0.902	-0.893	-0.879	-0.893	-0.322	-0.876	-0.875	-0.904	-0.936	-0.931	-0.913	-0.933	-0.942	-0.903	-0.926	-0.916	-0.913	-0.833	-0.927	-0.805	-0.792	-0.824	-0.674	-0.704	-0.746	-0.632	-0.880	-0.646	-0.646	-0.729	-1.042	-1.022	-0.884	-0.730	-1.032	-0.722	-0.633	-0.624	-0.909	-1.047	-0.741	-0.747	-1.012	-0.704	-1.033	-0.986	-1.020	-0.687	-0.646	-0.753	-0.835	-0.629	-1.026	-0.791	-0.965	-0.629	-1.034	-1.027	-0.624	-0.640	-0.739	
rs38039        -0.512	-0.515	-0.484	-1.050	-0.521	-1.050	-0.546	-0.507	-0.557	-0.519	-0.770	-0.519	-0.923	-0.790	-0.574	-0.585	-0.792	-0.515	-0.529	-0.239	-0.600	-0.653	-0.634	-0.518	-0.792	-0.607	-0.560	-0.791	-0.795	-0.661	-0.787	-0.785	-0.642	-0.340	-0.794	-0.660	-0.658	-0.750	-0.768	-0.775	-0.650	-0.758	-0.898	-0.149	-0.902	-1.007	-0.938	-0.890	-0.890	-0.893	-0.889	-0.890	-1.024	-0.972	-1.022	-1.012	-1.012	-0.962	-0.925	-0.991	-1.008	-0.989	-0.986	-0.994	-1.004	-0.975	-0.967	-0.973	-0.990	-0.982	-0.972	-0.981	-0.341	-0.970	-0.969	-0.992	-1.024	-1.020	-1.003	-1.020	-1.028	-0.995	-1.012	-1.003	-1.000	-0.924	-0.998	-0.883	-0.867	-0.897	-0.753	-0.783	-0.818	-0.705	-0.956	-0.719	-0.719	-0.799	-1.117	-1.096	-0.960	-0.808	-1.106	-0.792	-0.706	-0.697	-0.985	-1.123	-0.819	-0.825	-1.086	-0.773	-1.108	-1.061	-1.094	-0.755	-0.715	-0.830	-0.911	-0.702	-1.100	-0.868	-1.038	-0.701	-1.108	-1.101	-0.697	-0.712	-0.816	
rs27436        -0.678	-0.679	-0.670	-0.954	-0.682	-0.954	-0.696	-0.676	-0.698	-0.681	-0.701	-0.679	-0.855	-0.663	-0.702	-0.705	-0.655	-0.677	-0.754	-0.547	-0.708	-0.634	-0.580	-0.702	-0.638	-0.709	-0.700	-0.620	-0.643	-0.720	-0.562	-0.568	-0.723	-0.528	-0.594	-0.720	-0.720	-0.741	-0.738	-0.533	-0.722	-0.739	-0.692	+0.116	-0.838	-0.935	-0.850	-0.799	-0.798	-0.801	-0.798	-0.799	-0.946	-0.889	-0.940	-0.929	-0.929	-0.879	-0.840	-0.905	-0.923	-0.903	-0.899	-0.908	-0.921	-0.887	-0.878	-0.886	-0.909	-0.900	-0.886	-0.900	-0.325	-0.883	-0.883	-0.911	-0.943	-0.938	-0.920	-0.940	-0.949	-0.910	-0.933	-0.923	-0.920	-0.840	-0.933	-0.811	-0.798	-0.830	-0.680	-0.711	-0.752	-0.639	-0.886	-0.652	-0.652	-0.735	-1.048	-1.028	-0.890	-0.737	-1.038	-0.728	-0.639	-0.630	-0.916	-1.054	-0.748	-0.754	-1.019	-0.710	-1.040	-0.992	-1.026	-0.693	-0.652	-0.760	-0.841	-0.635	-1.032	-0.797	-0.971	-0.635	-1.040	-1.033	-0.630	-0.646	-0.745	
rs444309       -0.721	-0.721	-0.721	-0.857	-0.720	-0.857	-0.720	-0.723	-0.717	-0.720	-0.586	-0.720	-0.766	-0.547	-0.714	-0.713	-0.539	-0.721	-0.767	-0.692	-0.709	-0.518	-0.702	-0.490	-0.522	-0.707	-0.717	-0.504	-0.526	-0.696	-0.450	-0.456	-0.705	-0.608	-0.480	-0.697	-0.698	-0.686	-0.677	-0.425	-0.701	-0.681	-0.539	+0.318	-0.754	-0.850	-0.754	-0.702	-0.702	-0.705	-0.701	-0.703	-0.854	-0.793	-0.844	-0.833	-0.832	-0.783	-0.743	-0.807	-0.827	-0.805	-0.801	-0.811	-0.825	-0.788	-0.778	-0.788	-0.816	-0.807	-0.791	-0.806	-0.274	-0.788	-0.787	-0.819	-0.850	-0.845	-0.826	-0.848	-0.858	-0.816	-0.841	-0.831	-0.828	-0.746	-0.853	-0.723	-0.711	-0.745	-0.590	-0.621	-0.667	-0.556	-0.799	-0.569	-0.569	-0.652	-0.962	-0.942	-0.803	-0.647	-0.951	-0.646	-0.556	-0.547	-0.829	-0.967	-0.658	-0.664	-0.931	-0.628	-0.952	-0.905	-0.939	-0.611	-0.569	-0.670	-0.752	-0.552	-0.946	-0.708	-0.884	-0.552	-0.954	-0.947	-0.547	-0.563	-0.656	
rs27306        -0.518	-0.521	-0.490	-1.049	-0.527	-1.049	-0.551	-0.512	-0.562	-0.525	-0.770	-0.524	-0.923	-0.789	-0.579	-0.589	-0.790	-0.520	-0.534	-0.243	-0.604	-0.792	-0.638	-0.522	-0.652	-0.611	-0.564	-0.791	-0.793	-0.665	-0.781	-0.785	-0.646	-0.343	-0.789	-0.664	-0.662	-0.753	-0.771	-0.773	-0.654	-0.761	-0.898	-0.144	-0.902	-1.007	-0.937	-0.890	-0.889	-0.892	-0.888	-0.890	-1.024	-0.971	-1.021	-1.012	-1.011	-0.961	-0.925	-0.991	-1.007	-0.989	-0.985	-0.993	-1.004	-0.974	-0.966	-0.972	-0.989	-0.981	-0.971	-0.981	-0.342	-0.969	-0.968	-0.991	-1.023	-1.019	-1.003	-1.019	-1.028	-0.994	-1.012	-1.002	-1.000	-0.923	-0.998	-0.882	-0.867	-0.897	-0.752	-0.782	-0.818	-0.705	-0.955	-0.718	-0.719	-0.798	-1.116	-1.095	-0.959	-0.808	-1.106	-0.792	-0.705	-0.697	-0.985	-1.122	-0.819	-0.825	-1.085	-0.773	-1.108	-1.061	-1.094	-0.755	-0.715	-0.830	-0.911	-0.701	-1.100	-0.867	-1.038	-0.701	-1.108	-1.101	-0.696	-0.712	-0.816	
rs38043        -0.685	-0.686	-0.679	-0.948	-0.688	-0.948	-0.699	-0.684	-0.701	-0.688	-0.680	-0.687	-0.850	-0.639	-0.703	-0.706	-0.630	-0.685	-0.756	-0.563	-0.706	-0.607	-0.709	-0.707	-0.611	-0.575	-0.702	-0.592	-0.617	-0.711	-0.528	-0.535	-0.718	-0.535	-0.563	-0.712	-0.712	-0.730	-0.725	-0.497	-0.716	-0.727	-0.671	+0.132	-0.833	-0.930	-0.844	-0.793	-0.793	-0.796	-0.792	-0.793	-0.940	-0.883	-0.934	-0.923	-0.923	-0.873	-0.834	-0.900	-0.918	-0.897	-0.894	-0.903	-0.915	-0.881	-0.872	-0.880	-0.903	-0.895	-0.880	-0.894	-0.322	-0.878	-0.877	-0.906	-0.937	-0.933	-0.914	-0.935	-0.944	-0.905	-0.928	-0.917	-0.915	-0.835	-0.928	-0.806	-0.793	-0.825	-0.675	-0.706	-0.747	-0.634	-0.881	-0.647	-0.647	-0.730	-1.043	-1.024	-0.885	-0.732	-1.033	-0.724	-0.634	-0.625	-0.911	-1.049	-0.743	-0.749	-1.014	-0.705	-1.035	-0.987	-1.021	-0.688	-0.647	-0.754	-0.836	-0.630	-1.027	-0.792	-0.966	-0.630	-1.035	-1.028	-0.625	-0.641	-0.740	
rs38044        -0.699	-0.699	-0.696	-0.935	-0.700	-0.935	-0.706	-0.699	-0.705	-0.700	-0.644	-0.699	-0.839	-0.596	-0.705	-0.706	-0.586	-0.699	-0.759	-0.586	-0.703	-0.560	-0.700	-0.717	-0.564	-0.702	-0.564	-0.543	-0.571	-0.697	-0.472	-0.480	-0.709	-0.546	-0.511	-0.698	-0.699	-0.710	-0.702	-0.437	-0.705	-0.705	-0.634	+0.161	-0.823	-0.919	-0.831	-0.781	-0.780	-0.783	-0.779	-0.781	-0.928	-0.871	-0.922	-0.911	-0.911	-0.861	-0.822	-0.887	-0.905	-0.885	-0.881	-0.890	-0.903	-0.869	-0.859	-0.867	-0.892	-0.883	-0.867	-0.882	-0.316	-0.865	-0.864	-0.894	-0.925	-0.921	-0.902	-0.923	-0.932	-0.892	-0.916	-0.906	-0.903	-0.823	-0.918	-0.796	-0.783	-0.815	-0.665	-0.695	-0.737	-0.624	-0.871	-0.637	-0.637	-0.720	-1.033	-1.013	-0.875	-0.721	-1.023	-0.714	-0.624	-0.615	-0.900	-1.038	-0.732	-0.738	-1.004	-0.696	-1.025	-0.977	-1.011	-0.678	-0.637	-0.744	-0.826	-0.620	-1.017	-0.782	-0.956	-0.620	-1.025	-1.018	-0.615	-0.631	-0.730	
rs27307        -0.493	-0.496	-0.464	-1.051	-0.502	-1.051	-0.528	-0.488	-0.540	-0.500	-0.763	-0.500	-0.924	-0.788	-0.558	-0.569	-0.791	-0.496	-0.514	-0.219	-0.585	-0.791	-0.620	-0.504	-0.791	-0.592	-0.543	-0.654	-0.795	-0.648	-0.792	-0.788	-0.628	-0.330	-0.796	-0.646	-0.644	-0.741	-0.760	-0.780	-0.636	-0.750	-0.897	-0.155	-0.903	-1.008	-0.939	-0.892	-0.891	-0.894	-0.890	-0.892	-1.025	-0.973	-1.023	-1.014	-1.013	-0.963	-0.927	-0.993	-1.009	-0.991	-0.988	-0.996	-1.006	-0.977	-0.968	-0.975	-0.991	-0.983	-0.973	-0.983	-0.341	-0.971	-0.970	-0.993	-1.025	-1.021	-1.005	-1.021	-1.029	-0.996	-1.014	-1.004	-1.001	-0.925	-0.999	-0.884	-0.868	-0.898	-0.754	-0.784	-0.819	-0.706	-0.957	-0.720	-0.720	-0.800	-1.118	-1.097	-0.961	-0.809	-1.107	-0.793	-0.707	-0.698	-0.986	-1.124	-0.820	-0.826	-1.087	-0.774	-1.109	-1.062	-1.095	-0.756	-0.716	-0.832	-0.912	-0.703	-1.101	-0.869	-1.039	-0.702	-1.109	-1.102	-0.698	-0.714	-0.817	
rs27997        -0.525	-0.528	-0.498	-1.049	-0.534	-1.049	-0.557	-0.520	-0.568	-0.532	-0.775	-0.531	-0.923	-0.793	-0.585	-0.595	-0.794	-0.528	-0.539	-0.250	-0.610	-0.795	-0.643	-0.526	-0.793	-0.617	-0.571	-0.795	-0.652	-0.670	-0.786	-0.789	-0.651	-0.346	-0.793	-0.668	-0.666	-0.755	-0.773	-0.779	-0.659	-0.763	-0.899	-0.145	-0.901	-1.007	-0.937	-0.890	-0.889	-0.892	-0.888	-0.889	-1.023	-0.971	-1.021	-1.012	-1.011	-0.961	-0.925	-0.990	-1.007	-0.989	-0.985	-0.993	-1.004	-0.974	-0.966	-0.972	-0.989	-0.981	-0.971	-0.980	-0.342	-0.969	-0.968	-0.991	-1.023	-1.019	-1.002	-1.019	-1.027	-0.994	-1.012	-1.002	-0.999	-0.923	-0.997	-0.882	-0.867	-0.897	-0.752	-0.782	-0.818	-0.705	-0.955	-0.718	-0.718	-0.798	-1.116	-1.095	-0.959	-0.808	-1.105	-0.791	-0.705	-0.697	-0.985	-1.122	-0.818	-0.824	-1.085	-0.773	-1.107	-1.061	-1.094	-0.755	-0.715	-0.830	-0.911	-0.701	-1.100	-0.867	-1.037	-0.701	-1.108	-1.101	-0.696	-0.712	-0.816	
rs27659        -0.675	-0.677	-0.665	-0.961	-0.680	-0.961	-0.695	-0.673	-0.698	-0.679	-0.723	-0.677	-0.860	-0.689	-0.702	-0.705	-0.681	-0.671	-0.752	-0.537	-0.709	-0.661	-0.720	-0.696	-0.665	-0.711	-0.697	-0.648	-0.670	-0.586	-0.586	-0.592	-0.720	-0.521	-0.616	-0.718	-0.718	-0.747	-0.745	-0.558	-0.719	-0.745	-0.708	+0.102	-0.842	-0.940	-0.855	-0.805	-0.804	-0.808	-0.804	-0.805	-0.951	-0.895	-0.946	-0.935	-0.934	-0.885	-0.846	-0.911	-0.929	-0.909	-0.906	-0.914	-0.927	-0.893	-0.884	-0.892	-0.915	-0.906	-0.892	-0.905	-0.328	-0.889	-0.889	-0.917	-0.948	-0.944	-0.926	-0.946	-0.955	-0.916	-0.939	-0.929	-0.926	-0.846	-0.938	-0.817	-0.803	-0.835	-0.686	-0.716	-0.757	-0.644	-0.891	-0.657	-0.657	-0.740	-1.053	-1.033	-0.895	-0.742	-1.043	-0.733	-0.644	-0.635	-0.921	-1.059	-0.753	-0.759	-1.024	-0.715	-1.045	-0.997	-1.031	-0.697	-0.657	-0.765	-0.846	-0.640	-1.037	-0.802	-0.976	-0.640	-1.045	-1.038	-0.635	-0.651	-0.750	
rs27711        -0.417	-0.422	-0.385	-1.056	-0.428	-1.056	-0.459	-0.412	-0.472	-0.426	-0.728	-0.424	-0.927	-0.771	-0.491	-0.502	-0.776	-0.417	-0.456	-0.142	-0.521	-0.787	-0.562	-0.450	-0.781	-0.528	-0.472	-0.792	-0.786	-0.586	-0.657	-0.800	-0.562	-0.293	-0.793	-0.583	-0.581	-0.701	-0.724	-0.801	-0.572	-0.712	-0.891	-0.179	-0.905	-1.011	-0.944	-0.896	-0.896	-0.899	-0.895	-0.896	-1.030	-0.978	-1.028	-1.019	-1.018	-0.968	-0.932	-0.998	-1.014	-0.996	-0.993	-1.001	-1.011	-0.982	-0.974	-0.980	-0.996	-0.988	-0.978	-0.987	-0.337	-0.976	-0.976	-0.998	-1.029	-1.026	-1.010	-1.025	-1.034	-1.001	-1.018	-1.009	-1.006	-0.930	-1.001	-0.887	-0.871	-0.901	-0.757	-0.787	-0.822	-0.709	-0.960	-0.723	-0.723	-0.802	-1.121	-1.100	-0.964	-0.813	-1.110	-0.795	-0.710	-0.701	-0.989	-1.127	-0.824	-0.830	-1.090	-0.776	-1.112	-1.066	-1.099	-0.758	-0.719	-0.835	-0.916	-0.706	-1.104	-0.872	-1.042	-0.705	-1.113	-1.106	-0.700	-0.716	-0.821	
rs27660        -0.426	-0.430	-0.394	-1.055	-0.436	-1.055	-0.466	-0.420	-0.479	-0.434	-0.735	-0.433	-0.927	-0.775	-0.498	-0.510	-0.780	-0.427	-0.462	-0.150	-0.528	-0.785	-0.568	-0.456	-0.785	-0.535	-0.480	-0.788	-0.789	-0.592	-0.800	-0.657	-0.569	-0.295	-0.795	-0.589	-0.587	-0.705	-0.728	-0.794	-0.578	-0.715	-0.891	-0.179	-0.905	-1.011	-0.943	-0.896	-0.895	-0.898	-0.894	-0.896	-1.029	-0.978	-1.027	-1.018	-1.018	-0.968	-0.932	-0.998	-1.014	-0.996	-0.992	-1.000	-1.010	-0.982	-0.973	-0.980	-0.996	-0.988	-0.978	-0.987	-0.337	-0.976	-0.975	-0.998	-1.029	-1.025	-1.009	-1.025	-1.033	-1.001	-1.018	-1.008	-1.006	-0.929	-1.001	-0.887	-0.871	-0.900	-0.757	-0.787	-0.821	-0.709	-0.959	-0.722	-0.722	-0.802	-1.121	-1.099	-0.963	-0.813	-1.110	-0.795	-0.709	-0.701	-0.989	-1.127	-0.823	-0.829	-1.089	-0.776	-1.112	-1.065	-1.098	-0.758	-0.718	-0.835	-0.915	-0.705	-1.104	-0.872	-1.041	-0.705	-1.112	-1.105	-0.700	-0.716	-0.821	
rs27290        -0.694	-0.695	-0.686	-0.954	-0.697	-0.954	-0.708	-0.693	-0.710	-0.697	-0.708	-0.695	-0.854	-0.672	-0.712	-0.715	-0.663	-0.692	-0.757	-0.556	-0.717	-0.642	-0.723	-0.705	-0.646	-0.718	-0.709	-0.628	-0.651	-0.720	-0.562	-0.569	-0.580	-0.530	-0.593	-0.720	-0.720	-0.741	-0.738	-0.533	-0.722	-0.739	-0.691	+0.118	-0.837	-0.935	-0.849	-0.799	-0.798	-0.801	-0.797	-0.799	-0.945	-0.889	-0.940	-0.929	-0.928	-0.879	-0.840	-0.905	-0.923	-0.903	-0.899	-0.908	-0.920	-0.887	-0.878	-0.886	-0.909	-0.900	-0.886	-0.900	-0.325	-0.883	-0.882	-0.911	-0.943	-0.938	-0.920	-0.940	-0.949	-0.910	-0.933	-0.923	-0.920	-0.840	-0.932	-0.811	-0.798	-0.830	-0.680	-0.711	-0.752	-0.639	-0.886	-0.652	-0.652	-0.735	-1.048	-1.028	-0.890	-0.737	-1.038	-0.728	-0.639	-0.630	-0.915	-1.053	-0.747	-0.754	-1.018	-0.710	-1.039	-0.992	-1.026	-0.693	-0.652	-0.759	-0.841	-0.635	-1.032	-0.797	-0.971	-0.635	-1.040	-1.033	-0.630	-0.646	-0.745	
rs18059        -0.557	-0.556	-0.565	-0.677	-0.555	-0.677	-0.553	-0.559	-0.548	-0.555	-0.391	-0.555	-0.521	-0.361	-0.543	-0.543	-0.355	-0.557	-0.557	-0.579	-0.537	-0.340	-0.528	-0.608	-0.343	-0.535	-0.546	-0.330	-0.346	-0.521	-0.293	-0.295	-0.530	-0.237	-0.312	-0.522	-0.523	-0.502	-0.493	-0.273	-0.526	-0.498	-0.378	+0.606	-0.518	-0.583	-0.452	-0.393	-0.392	-0.396	-0.392	-0.394	-0.563	-0.496	-0.541	-0.526	-0.525	-0.483	-0.437	-0.492	-0.518	-0.488	-0.483	-0.496	-0.520	-0.466	-0.453	-0.472	-0.532	-0.520	-0.481	-0.520	-0.044	-0.478	-0.477	-0.535	-0.558	-0.552	-0.526	-0.570	-0.581	-0.513	-0.563	-0.551	-0.548	-0.479	-0.629	-0.463	-0.473	-0.510	-0.352	-0.384	-0.441	-0.313	-0.563	-0.326	-0.326	-0.413	-0.720	-0.708	-0.567	-0.409	-0.711	-0.407	-0.313	-0.304	-0.592	-0.725	-0.420	-0.426	-0.698	-0.390	-0.715	-0.663	-0.703	-0.373	-0.341	-0.432	-0.515	-0.309	-0.705	-0.469	-0.653	-0.309	-0.712	-0.706	-0.304	-0.320	-0.418	
rs38029        -0.461	-0.465	-0.430	-1.054	-0.471	-1.054	-0.499	-0.455	-0.511	-0.469	-0.752	-0.467	-0.926	-0.783	-0.528	-0.539	-0.786	-0.461	-0.489	-0.184	-0.556	-0.794	-0.594	-0.480	-0.789	-0.563	-0.511	-0.796	-0.793	-0.616	-0.793	-0.795	-0.593	-0.312	-0.656	-0.613	-0.611	-0.721	-0.742	-0.792	-0.603	-0.731	-0.894	-0.165	-0.904	-1.010	-0.942	-0.894	-0.893	-0.896	-0.893	-0.894	-1.028	-0.976	-1.025	-1.016	-1.016	-0.965	-0.929	-0.995	-1.012	-0.994	-0.990	-0.998	-1.008	-0.979	-0.971	-0.977	-0.994	-0.986	-0.976	-0.985	-0.339	-0.974	-0.973	-0.996	-1.027	-1.024	-1.007	-1.023	-1.032	-0.999	-1.016	-1.006	-1.004	-0.927	-1.000	-0.886	-0.870	-0.899	-0.756	-0.786	-0.821	-0.708	-0.958	-0.721	-0.721	-0.801	-1.119	-1.098	-0.962	-0.811	-1.109	-0.794	-0.708	-0.700	-0.988	-1.125	-0.822	-0.828	-1.088	-0.775	-1.111	-1.064	-1.097	-0.757	-0.718	-0.833	-0.914	-0.704	-1.103	-0.871	-1.040	-0.704	-1.111	-1.104	-0.699	-0.715	-0.819	
rs27293        -0.676	-0.678	-0.667	-0.961	-0.681	-0.961	-0.696	-0.675	-0.699	-0.680	-0.722	-0.678	-0.859	-0.687	-0.702	-0.706	-0.679	-0.673	-0.753	-0.539	-0.710	-0.660	-0.720	-0.697	-0.664	-0.712	-0.698	-0.646	-0.668	-0.718	-0.583	-0.589	-0.720	-0.522	-0.613	-0.585	-0.717	-0.745	-0.743	-0.554	-0.718	-0.744	-0.706	+0.103	-0.842	-0.940	-0.855	-0.805	-0.804	-0.807	-0.803	-0.805	-0.951	-0.894	-0.945	-0.935	-0.934	-0.884	-0.846	-0.911	-0.929	-0.909	-0.905	-0.914	-0.926	-0.893	-0.884	-0.891	-0.914	-0.906	-0.892	-0.905	-0.328	-0.889	-0.888	-0.917	-0.948	-0.944	-0.925	-0.946	-0.955	-0.916	-0.938	-0.928	-0.925	-0.846	-0.937	-0.816	-0.803	-0.835	-0.685	-0.716	-0.757	-0.643	-0.891	-0.657	-0.657	-0.740	-1.053	-1.033	-0.895	-0.742	-1.043	-0.733	-0.644	-0.635	-0.920	-1.058	-0.753	-0.759	-1.023	-0.715	-1.044	-0.997	-1.031	-0.697	-0.657	-0.764	-0.846	-0.640	-1.037	-0.802	-0.976	-0.640	-1.045	-1.038	-0.635	-0.651	-0.750	
rs27295        -0.678	-0.680	-0.668	-0.960	-0.682	-0.960	-0.697	-0.676	-0.700	-0.681	-0.721	-0.680	-0.859	-0.686	-0.703	-0.707	-0.678	-0.674	-0.753	-0.540	-0.710	-0.658	-0.720	-0.698	-0.662	-0.712	-0.699	-0.644	-0.666	-0.718	-0.581	-0.587	-0.720	-0.523	-0.611	-0.717	-0.585	-0.744	-0.742	-0.551	-0.718	-0.743	-0.704	+0.105	-0.842	-0.939	-0.855	-0.804	-0.804	-0.807	-0.803	-0.804	-0.950	-0.894	-0.945	-0.934	-0.934	-0.884	-0.845	-0.910	-0.928	-0.908	-0.905	-0.913	-0.926	-0.893	-0.883	-0.891	-0.914	-0.905	-0.891	-0.905	-0.327	-0.888	-0.888	-0.916	-0.948	-0.943	-0.925	-0.945	-0.954	-0.915	-0.938	-0.928	-0.925	-0.845	-0.937	-0.816	-0.803	-0.834	-0.685	-0.715	-0.756	-0.643	-0.890	-0.656	-0.656	-0.739	-1.052	-1.033	-0.894	-0.741	-1.042	-0.732	-0.643	-0.635	-0.920	-1.058	-0.752	-0.758	-1.023	-0.714	-1.044	-0.997	-1.031	-0.697	-0.656	-0.764	-0.845	-0.640	-1.036	-0.801	-0.975	-0.639	-1.044	-1.038	-0.634	-0.650	-0.750	
rs27298        -0.688	-0.690	-0.675	-0.981	-0.693	-0.981	-0.706	-0.685	-0.711	-0.692	-0.790	-0.691	-0.874	-0.768	-0.717	-0.721	-0.763	-0.686	-0.749	-0.512	-0.728	-0.750	-0.741	-0.686	-0.753	-0.730	-0.710	-0.741	-0.755	-0.747	-0.701	-0.705	-0.741	-0.502	-0.721	-0.745	-0.744	-0.601	-0.737	-0.681	-0.741	-0.735	-0.736	+0.063	-0.856	-0.954	-0.871	-0.821	-0.821	-0.824	-0.820	-0.821	-0.967	-0.911	-0.962	-0.951	-0.951	-0.901	-0.862	-0.928	-0.946	-0.926	-0.922	-0.931	-0.943	-0.910	-0.901	-0.909	-0.931	-0.922	-0.909	-0.922	-0.335	-0.906	-0.906	-0.933	-0.965	-0.960	-0.942	-0.962	-0.971	-0.933	-0.954	-0.944	-0.942	-0.862	-0.951	-0.831	-0.818	-0.849	-0.700	-0.731	-0.771	-0.658	-0.905	-0.671	-0.671	-0.754	-1.067	-1.047	-0.909	-0.757	-1.057	-0.747	-0.659	-0.650	-0.935	-1.073	-0.767	-0.774	-1.037	-0.729	-1.059	-1.012	-1.046	-0.711	-0.670	-0.779	-0.861	-0.655	-1.051	-0.817	-0.990	-0.654	-1.059	-1.052	-0.650	-0.665	-0.765	
rs27300        -0.677	-0.679	-0.662	-0.987	-0.683	-0.987	-0.698	-0.674	-0.703	-0.681	-0.804	-0.680	-0.879	-0.784	-0.710	-0.714	-0.780	-0.674	-0.743	-0.495	-0.722	-0.768	-0.738	-0.677	-0.771	-0.725	-0.702	-0.760	-0.773	-0.745	-0.724	-0.728	-0.738	-0.493	-0.742	-0.743	-0.742	-0.737	-0.606	-0.705	-0.738	-0.740	-0.755	+0.047	-0.861	-0.959	-0.877	-0.827	-0.826	-0.829	-0.825	-0.827	-0.972	-0.916	-0.967	-0.957	-0.956	-0.906	-0.868	-0.934	-0.951	-0.931	-0.928	-0.937	-0.948	-0.916	-0.907	-0.914	-0.936	-0.927	-0.914	-0.927	-0.337	-0.912	-0.911	-0.938	-0.970	-0.966	-0.948	-0.967	-0.976	-0.938	-0.960	-0.950	-0.947	-0.868	-0.955	-0.836	-0.822	-0.853	-0.705	-0.736	-0.776	-0.663	-0.910	-0.676	-0.676	-0.758	-1.072	-1.052	-0.914	-0.762	-1.062	-0.751	-0.663	-0.655	-0.940	-1.078	-0.772	-0.778	-1.042	-0.733	-1.064	-1.016	-1.050	-0.715	-0.675	-0.784	-0.866	-0.659	-1.056	-0.822	-0.994	-0.659	-1.064	-1.057	-0.654	-0.670	-0.770	
rs27712        -0.378	-0.382	-0.344	-1.057	-0.390	-1.057	-0.422	-0.372	-0.436	-0.387	-0.708	-0.386	-0.928	-0.760	-0.456	-0.470	-0.767	-0.380	-0.426	-0.106	-0.489	-0.775	-0.533	-0.425	-0.773	-0.497	-0.437	-0.780	-0.779	-0.558	-0.801	-0.794	-0.533	-0.273	-0.792	-0.554	-0.551	-0.681	-0.705	-0.658	-0.540	-0.692	-0.887	-0.194	-0.906	-1.012	-0.945	-0.898	-0.898	-0.900	-0.897	-0.898	-1.031	-0.980	-1.030	-1.021	-1.020	-0.970	-0.934	-1.000	-1.016	-0.998	-0.995	-1.003	-1.013	-0.984	-0.976	-0.982	-0.998	-0.990	-0.980	-0.989	-0.334	-0.978	-0.978	-1.000	-1.031	-1.028	-1.012	-1.027	-1.036	-1.003	-1.020	-1.010	-1.008	-0.931	-1.002	-0.888	-0.872	-0.901	-0.759	-0.789	-0.822	-0.710	-0.961	-0.724	-0.724	-0.803	-1.122	-1.100	-0.965	-0.814	-1.111	-0.796	-0.710	-0.702	-0.990	-1.128	-0.825	-0.831	-1.090	-0.777	-1.113	-1.067	-1.100	-0.759	-0.720	-0.836	-0.917	-0.706	-1.105	-0.873	-1.042	-0.706	-1.114	-1.107	-0.701	-0.717	-0.822	
rs39602        -0.687	-0.689	-0.678	-0.957	-0.691	-0.957	-0.703	-0.686	-0.706	-0.690	-0.715	-0.689	-0.857	-0.679	-0.709	-0.712	-0.671	-0.684	-0.755	-0.549	-0.714	-0.650	-0.722	-0.701	-0.654	-0.716	-0.705	-0.636	-0.659	-0.719	-0.572	-0.578	-0.722	-0.526	-0.603	-0.718	-0.718	-0.741	-0.738	-0.540	-0.582	-0.739	-0.696	+0.114	-0.839	-0.937	-0.852	-0.801	-0.801	-0.804	-0.800	-0.801	-0.948	-0.891	-0.942	-0.931	-0.931	-0.881	-0.842	-0.908	-0.926	-0.905	-0.902	-0.911	-0.923	-0.890	-0.880	-0.888	-0.911	-0.902	-0.888	-0.902	-0.326	-0.886	-0.885	-0.913	-0.945	-0.941	-0.922	-0.942	-0.951	-0.913	-0.935	-0.925	-0.922	-0.842	-0.935	-0.813	-0.800	-0.832	-0.682	-0.713	-0.754	-0.641	-0.888	-0.654	-0.654	-0.737	-1.050	-1.030	-0.892	-0.739	-1.040	-0.730	-0.641	-0.632	-0.917	-1.056	-0.750	-0.756	-1.020	-0.712	-1.042	-0.994	-1.028	-0.694	-0.654	-0.761	-0.843	-0.637	-1.034	-0.799	-0.973	-0.637	-1.042	-1.035	-0.632	-0.648	-0.747	
rs27998        -0.681	-0.683	-0.667	-0.984	-0.687	-0.984	-0.701	-0.678	-0.706	-0.686	-0.796	-0.684	-0.877	-0.775	-0.712	-0.717	-0.771	-0.679	-0.746	-0.503	-0.724	-0.758	-0.739	-0.681	-0.761	-0.727	-0.705	-0.750	-0.763	-0.745	-0.712	-0.715	-0.739	-0.498	-0.731	-0.744	-0.743	-0.735	-0.740	-0.692	-0.739	-0.603	-0.745	+0.055	-0.858	-0.957	-0.874	-0.824	-0.823	-0.826	-0.823	-0.824	-0.969	-0.913	-0.964	-0.954	-0.953	-0.903	-0.865	-0.931	-0.948	-0.929	-0.925	-0.934	-0.946	-0.913	-0.904	-0.912	-0.933	-0.925	-0.912	-0.924	-0.336	-0.909	-0.908	-0.936	-0.967	-0.963	-0.945	-0.964	-0.973	-0.936	-0.957	-0.947	-0.944	-0.865	-0.953	-0.834	-0.820	-0.851	-0.703	-0.733	-0.773	-0.660	-0.907	-0.674	-0.674	-0.756	-1.070	-1.050	-0.912	-0.759	-1.059	-0.749	-0.661	-0.652	-0.937	-1.075	-0.770	-0.776	-1.040	-0.731	-1.061	-1.014	-1.048	-0.713	-0.672	-0.782	-0.863	-0.657	-1.054	-0.819	-0.992	-0.657	-1.062	-1.055	-0.652	-0.668	-0.767	
