## Summary of overall evidence for association with region:
## log10(BF for region) = 21.8793
## p-value for region = NA

## BFs for choosing among multi-SNP models:
## log10(average 1-SNP BF) = 16.0494
## log10(average 2-SNP BF) = 22.3564

## Example posterior probabilities for multi-SNP models, based on default prior: [p(l) propto 0.5^l for l=1,2,...,L]
## posterior probability of 1-SNP = 9.86411e-07
## posterior probability of 2-SNP = 0.999999

## log10(BF) for single SNP and pair of SNPs:
rs12305252     +5.088	+5.427	+4.455	+5.414	+4.454	+5.413	+4.441	+5.152	+5.105	+4.471	+5.421	+4.452	+5.204	+4.477	+5.406	+5.419	+5.158	+5.192	+5.195	+5.197	+5.197	+5.198	+5.412	+5.201	+5.202	+5.398	+5.202	+4.483	+5.205	+4.470	+5.226	+5.226	+4.445	+5.226	+4.455	+5.272	+5.273	+5.274	+4.460	+5.273	+5.273	+4.472	+4.472	+5.397	+5.012	+5.012	+4.468	+4.468	+4.467	+4.459	+4.572	+4.563	+4.458	+4.574	+4.574	+4.575	+4.589	+4.568	+4.574	+4.502	+5.130	+4.568	+5.126	+4.476	+5.942	+5.093	+5.130	+5.921	+4.787	+5.945	+4.997	+4.982	+4.939	+13.163	+4.932	+4.996	+4.990	+5.013	+12.774	+15.190	+4.697	+15.917	+4.825	+15.044	+15.101	+4.501	+15.032	+16.065	+5.276	+4.497	+15.695	+5.294	+15.750	+4.844	+16.819	+16.961	+16.953	+16.927	+4.847	+4.222	+16.980	+16.944	+16.980	+16.980	+5.320	+4.842	+17.013	+5.301	+15.616	+17.040	+17.040	+6.259	+22.407	+23.098	+22.584	+22.584	+7.385	+7.390	+7.305	+7.305	+7.392	+7.392	+24.368	+7.393	+22.416	+7.450	+22.679	+6.867	+22.693	+7.392	+23.454	+23.143	+23.133	+23.111	+23.170	+23.095	+20.536	+7.656	+23.331	+20.211	+20.692	+23.378	+14.121	+4.956	+5.354	+5.392	+4.263	+4.227	+5.392	+5.354	+5.487	+5.390	+5.536	+5.537	+5.538	+5.321	+5.325	+5.337	+5.554	+5.658	+5.658	+5.660	+5.638	+5.414	+5.444	+5.637	+12.559	+15.093	+6.275	+6.274	+7.044	+7.000	+7.112	+6.268	
rs11612056     +5.427	+0.892	+0.676	+0.864	+0.675	+0.864	+0.651	+5.432	+5.338	+0.705	+0.857	+0.671	+5.526	+0.714	+0.848	+0.854	+5.458	+5.515	+5.519	+5.522	+5.522	+5.525	+0.848	+5.530	+5.531	+5.797	+5.532	+0.725	+5.539	+0.705	+5.571	+5.571	+0.660	+5.570	+0.677	+5.640	+5.642	+5.644	+0.693	+5.645	+5.646	+0.712	+0.712	+0.823	+5.160	+5.159	+0.706	+0.706	+0.703	+0.690	+0.988	+0.974	+0.690	+0.989	+0.989	+0.991	+1.012	+0.981	+0.876	+0.886	+5.412	+0.981	+5.401	+0.711	+1.917	+1.368	+1.407	+1.897	+0.518	+1.336	+1.226	+1.211	+1.168	+8.479	+1.164	+1.227	+1.217	+1.241	+8.117	+9.526	+0.827	+9.965	+0.981	+9.419	+9.473	+0.529	+9.353	+10.380	+1.633	+0.525	+10.074	+1.484	+10.111	+0.959	+11.165	+11.324	+10.982	+11.266	+0.935	+0.310	+11.006	+11.282	+11.318	+11.318	+1.317	+0.905	+11.302	+1.298	+9.893	+11.369	+11.369	+2.145	+16.490	+17.079	+16.623	+16.624	+2.809	+2.813	+2.734	+2.734	+2.814	+2.815	+18.106	+2.816	+16.506	+2.867	+16.756	+2.758	+16.770	+2.813	+17.425	+17.131	+17.122	+17.102	+17.153	+17.087	+14.491	+3.045	+17.319	+14.244	+14.717	+17.365	+9.759	+1.083	+1.456	+1.490	+0.338	+0.314	+1.491	+1.473	+1.597	+1.495	+1.636	+1.637	+1.639	+1.434	+1.438	+1.449	+1.655	+1.758	+1.759	+1.761	+1.738	+1.482	+1.503	+1.739	+9.646	+10.653	+3.188	+3.180	+3.471	+3.425	+3.544	+3.239	
rs7316559      +4.455	+0.676	-0.317	+0.662	-0.416	+0.661	-0.424	+4.459	+4.362	-0.407	+0.663	-0.427	+4.561	-0.398	+0.649	+0.662	+4.489	+4.548	+4.552	+4.556	+4.555	+4.559	+0.651	+4.564	+4.565	+4.853	+4.566	-0.395	+4.573	-0.410	+4.606	+4.606	-0.427	+4.605	-0.424	+4.676	+4.678	+4.680	-0.426	+4.681	+4.681	-0.416	-0.416	+0.605	+4.172	+4.170	-0.416	-0.417	-0.419	-0.430	-0.313	-0.325	-0.430	-0.312	-0.312	-0.310	-0.293	-0.320	-0.260	-0.399	+4.432	-0.320	+4.421	-0.419	+1.184	+0.066	+0.098	+1.163	-0.457	+0.823	-0.070	-0.082	-0.117	+8.280	-0.121	-0.068	-0.078	-0.058	+7.893	+8.640	-0.443	+9.143	-0.367	+8.211	+8.265	-0.334	+8.460	+9.204	+0.150	-0.338	+8.904	+0.042	+8.943	+0.116	+10.001	+10.156	+10.160	+10.121	-0.305	-0.650	+10.185	+10.137	+10.174	+10.174	+0.101	-0.327	+10.155	+0.084	+9.000	+10.224	+10.224	+0.888	+15.436	+16.022	+15.578	+15.578	+2.435	+2.439	+2.349	+2.349	+2.441	+2.441	+17.276	+2.442	+15.450	+2.499	+15.702	+1.441	+15.715	+2.439	+16.368	+16.072	+16.063	+16.043	+16.095	+16.029	+13.696	+2.696	+16.261	+13.155	+13.632	+16.308	+7.569	-0.240	+0.054	+0.082	-0.686	-0.722	+0.082	+0.057	+0.161	+0.085	+0.198	+0.199	+0.200	+0.037	+0.040	+0.049	+0.213	+0.296	+0.297	+0.299	+0.281	+0.063	+0.079	+0.280	+8.253	+9.177	+1.302	+1.298	+1.852	+1.811	+1.917	+1.351	
rs10506183     +5.414	+0.864	+0.662	+0.879	+0.661	+0.857	+0.637	+5.420	+5.325	+0.692	+0.851	+0.658	+5.513	+0.701	+0.841	+0.848	+5.445	+5.502	+5.505	+5.509	+5.509	+5.512	+0.842	+5.517	+5.518	+5.784	+5.519	+0.711	+5.525	+0.691	+5.558	+5.558	+0.647	+5.557	+0.663	+5.626	+5.629	+5.631	+0.679	+5.632	+5.633	+0.698	+0.698	+0.815	+5.147	+5.145	+0.692	+0.692	+0.690	+0.677	+0.974	+0.960	+0.676	+0.975	+0.975	+0.976	+0.997	+0.966	+0.862	+0.872	+5.398	+0.966	+5.387	+0.697	+1.905	+1.354	+1.393	+1.885	+0.506	+1.325	+1.212	+1.196	+1.154	+8.470	+1.149	+1.213	+1.202	+1.226	+8.108	+9.515	+0.814	+9.954	+0.967	+9.407	+9.461	+0.516	+9.341	+10.368	+1.618	+0.513	+10.062	+1.469	+10.099	+0.946	+11.153	+11.312	+10.971	+11.255	+0.922	+0.298	+10.995	+11.270	+11.307	+11.307	+1.304	+0.891	+11.290	+1.285	+9.881	+11.357	+11.357	+2.132	+16.479	+17.068	+16.613	+16.613	+2.798	+2.802	+2.723	+2.724	+2.804	+2.804	+18.096	+2.805	+16.496	+2.857	+16.746	+2.745	+16.759	+2.803	+17.415	+17.120	+17.111	+17.091	+17.142	+17.077	+14.480	+3.035	+17.309	+14.233	+14.706	+17.355	+9.744	+1.069	+1.442	+1.476	+0.326	+0.302	+1.477	+1.459	+1.583	+1.481	+1.622	+1.623	+1.625	+1.420	+1.424	+1.435	+1.641	+1.744	+1.744	+1.746	+1.724	+1.468	+1.489	+1.725	+9.632	+10.639	+3.173	+3.165	+3.458	+3.411	+3.530	+3.224	
rs7971737      +4.454	+0.675	-0.416	+0.661	-0.318	+0.660	-0.425	+4.458	+4.361	-0.406	+0.662	-0.427	+4.560	-0.397	+0.648	+0.661	+4.489	+4.548	+4.551	+4.555	+4.555	+4.558	+0.650	+4.564	+4.564	+4.852	+4.566	-0.394	+4.572	-0.410	+4.606	+4.606	-0.427	+4.605	-0.424	+4.675	+4.678	+4.680	-0.426	+4.680	+4.681	-0.416	-0.416	+0.604	+4.171	+4.169	-0.416	-0.416	-0.419	-0.430	-0.312	-0.325	-0.430	-0.311	-0.311	-0.310	-0.292	-0.319	-0.257	-0.399	+4.431	-0.319	+4.420	-0.418	+1.183	+0.065	+0.098	+1.162	-0.458	+0.823	-0.071	-0.083	-0.118	+8.280	-0.122	-0.069	-0.079	-0.059	+7.893	+8.639	-0.444	+9.142	-0.368	+8.210	+8.264	-0.335	+8.459	+9.203	+0.149	-0.339	+8.903	+0.041	+8.942	+0.115	+10.000	+10.156	+10.160	+10.121	-0.306	-0.651	+10.185	+10.137	+10.173	+10.173	+0.100	-0.327	+10.154	+0.083	+8.999	+10.223	+10.223	+0.887	+15.436	+16.022	+15.577	+15.578	+2.434	+2.438	+2.348	+2.348	+2.440	+2.440	+17.276	+2.441	+15.450	+2.497	+15.701	+1.440	+15.715	+2.438	+16.367	+16.072	+16.063	+16.043	+16.095	+16.028	+13.696	+2.695	+16.261	+13.154	+13.632	+16.308	+7.568	-0.241	+0.053	+0.081	-0.686	-0.722	+0.081	+0.056	+0.160	+0.085	+0.197	+0.198	+0.199	+0.036	+0.040	+0.048	+0.212	+0.296	+0.296	+0.298	+0.280	+0.062	+0.078	+0.280	+8.253	+9.176	+1.302	+1.298	+1.851	+1.811	+1.917	+1.351	
rs10506184     +5.413	+0.864	+0.661	+0.857	+0.660	+0.878	+0.636	+5.418	+5.324	+0.691	+0.851	+0.657	+5.512	+0.700	+0.841	+0.848	+5.443	+5.501	+5.504	+5.507	+5.507	+5.510	+0.842	+5.516	+5.516	+5.782	+5.518	+0.710	+5.524	+0.690	+5.556	+5.556	+0.646	+5.556	+0.662	+5.625	+5.628	+5.630	+0.678	+5.631	+5.631	+0.697	+0.697	+0.815	+5.146	+5.144	+0.691	+0.691	+0.689	+0.676	+0.973	+0.959	+0.675	+0.974	+0.974	+0.975	+0.996	+0.965	+0.861	+0.871	+5.397	+0.965	+5.386	+0.696	+1.904	+1.353	+1.392	+1.885	+0.505	+1.325	+1.211	+1.195	+1.153	+8.470	+1.149	+1.212	+1.201	+1.225	+8.107	+9.514	+0.813	+9.953	+0.966	+9.406	+9.460	+0.515	+9.340	+10.367	+1.617	+0.512	+10.061	+1.468	+10.098	+0.945	+11.152	+11.312	+10.970	+11.254	+0.921	+0.297	+10.994	+11.270	+11.306	+11.306	+1.303	+0.890	+11.289	+1.284	+9.880	+11.357	+11.356	+2.131	+16.479	+17.068	+16.612	+16.613	+2.797	+2.801	+2.723	+2.723	+2.803	+2.804	+18.096	+2.804	+16.495	+2.856	+16.745	+2.744	+16.759	+2.802	+17.414	+17.120	+17.110	+17.091	+17.142	+17.076	+14.480	+3.034	+17.308	+14.233	+14.705	+17.354	+9.744	+1.068	+1.441	+1.475	+0.325	+0.301	+1.476	+1.458	+1.582	+1.480	+1.621	+1.622	+1.624	+1.419	+1.423	+1.434	+1.640	+1.743	+1.743	+1.745	+1.723	+1.467	+1.488	+1.724	+9.631	+10.638	+3.172	+3.164	+3.457	+3.410	+3.530	+3.222	
rs73120954     +4.441	+0.651	-0.424	+0.637	-0.425	+0.636	-0.336	+4.445	+4.348	-0.398	+0.638	-0.431	+4.547	-0.389	+0.624	+0.637	+4.476	+4.534	+4.538	+4.542	+4.542	+4.545	+0.626	+4.550	+4.551	+4.839	+4.552	-0.384	+4.559	-0.406	+4.592	+4.592	-0.440	+4.591	-0.431	+4.662	+4.664	+4.666	-0.428	+4.667	+4.667	-0.413	-0.413	+0.580	+4.157	+4.156	-0.414	-0.414	-0.418	-0.430	-0.302	-0.316	-0.431	-0.302	-0.303	-0.301	-0.282	-0.311	-0.220	-0.396	+4.418	-0.311	+4.406	-0.418	+1.161	+0.046	+0.079	+1.140	-0.473	+0.804	-0.088	-0.100	-0.135	+8.269	-0.139	-0.087	-0.097	-0.076	+7.882	+8.629	-0.457	+9.134	-0.381	+8.203	+8.257	-0.354	+8.450	+9.195	+0.140	-0.358	+8.894	+0.030	+8.933	+0.099	+9.992	+10.148	+10.153	+10.113	-0.321	-0.669	+10.178	+10.129	+10.165	+10.165	+0.087	-0.342	+10.146	+0.070	+8.990	+10.215	+10.215	+0.875	+15.431	+16.017	+15.572	+15.573	+2.410	+2.414	+2.324	+2.324	+2.416	+2.416	+17.271	+2.417	+15.445	+2.473	+15.696	+1.427	+15.710	+2.414	+16.363	+16.067	+16.058	+16.038	+16.090	+16.023	+13.691	+2.670	+16.256	+13.146	+13.624	+16.303	+7.556	-0.257	+0.037	+0.065	-0.702	-0.738	+0.065	+0.040	+0.143	+0.069	+0.181	+0.182	+0.183	+0.020	+0.023	+0.032	+0.196	+0.279	+0.280	+0.281	+0.263	+0.046	+0.061	+0.263	+8.242	+9.163	+1.286	+1.282	+1.838	+1.797	+1.903	+1.335	
rs12310793     +5.152	+5.432	+4.459	+5.420	+4.458	+5.418	+4.445	+5.093	+5.111	+4.475	+5.426	+4.456	+5.210	+4.481	+5.411	+5.423	+5.165	+5.200	+5.202	+5.204	+5.204	+5.205	+5.416	+5.208	+5.209	+5.407	+5.209	+4.487	+5.212	+4.474	+5.232	+5.232	+4.449	+5.231	+4.459	+5.279	+5.280	+5.280	+4.464	+5.279	+5.278	+4.476	+4.476	+5.400	+5.016	+5.016	+4.473	+4.472	+4.471	+4.463	+4.576	+4.566	+4.462	+4.577	+4.577	+4.578	+4.592	+4.571	+4.577	+4.506	+5.130	+4.571	+5.126	+4.481	+5.948	+5.101	+5.138	+5.927	+4.791	+5.949	+5.005	+4.990	+4.947	+13.162	+4.940	+5.004	+4.996	+5.020	+12.774	+15.190	+4.703	+15.922	+4.831	+15.050	+15.107	+4.505	+15.033	+16.072	+5.283	+4.501	+15.702	+5.303	+15.757	+4.849	+16.826	+16.968	+16.958	+16.934	+4.851	+4.226	+16.985	+16.951	+16.987	+16.987	+5.326	+4.846	+17.020	+5.307	+15.617	+17.047	+17.047	+6.266	+22.416	+23.107	+22.592	+22.592	+7.388	+7.392	+7.307	+7.307	+7.394	+7.395	+24.376	+7.396	+22.425	+7.453	+22.688	+6.874	+22.702	+7.395	+23.462	+23.152	+23.141	+23.119	+23.179	+23.103	+20.542	+7.659	+23.340	+20.206	+20.688	+23.386	+14.121	+4.957	+5.354	+5.392	+4.268	+4.232	+5.392	+5.354	+5.487	+5.390	+5.536	+5.537	+5.538	+5.322	+5.326	+5.338	+5.554	+5.658	+5.658	+5.660	+5.638	+5.414	+5.443	+5.637	+12.554	+15.088	+6.278	+6.278	+7.045	+7.001	+7.113	+6.271	
rs12297017     +5.105	+5.338	+4.362	+5.325	+4.361	+5.324	+4.348	+5.111	+4.993	+4.378	+5.331	+4.359	+5.177	+4.384	+5.316	+5.328	+5.123	+5.164	+5.166	+5.169	+5.169	+5.171	+5.321	+5.174	+5.174	+5.390	+5.174	+4.390	+5.177	+4.377	+5.198	+5.198	+4.352	+5.197	+4.362	+5.251	+5.251	+5.251	+4.367	+5.250	+5.249	+4.379	+4.379	+5.305	+4.951	+4.951	+4.376	+4.375	+4.374	+4.366	+4.481	+4.472	+4.365	+4.483	+4.483	+4.484	+4.498	+4.477	+4.482	+4.411	+5.080	+4.477	+5.076	+4.383	+5.855	+5.006	+5.043	+5.834	+4.691	+5.852	+4.909	+4.894	+4.849	+13.069	+4.842	+4.908	+4.900	+4.924	+12.681	+15.085	+4.605	+15.807	+4.732	+14.936	+14.993	+4.408	+14.928	+15.957	+5.187	+4.404	+15.588	+5.205	+15.643	+4.754	+16.712	+16.854	+16.843	+16.820	+4.752	+4.130	+16.870	+16.836	+16.873	+16.872	+5.227	+4.747	+16.906	+5.209	+15.511	+16.933	+16.932	+6.167	+22.300	+22.989	+22.476	+22.476	+7.291	+7.295	+7.210	+7.210	+7.297	+7.298	+24.258	+7.299	+22.309	+7.356	+22.572	+6.775	+22.586	+7.298	+23.345	+23.035	+23.024	+23.002	+23.062	+22.986	+20.424	+7.561	+23.223	+20.090	+20.571	+23.269	+14.011	+4.859	+5.255	+5.293	+4.171	+4.135	+5.294	+5.256	+5.388	+5.292	+5.437	+5.438	+5.439	+5.224	+5.228	+5.240	+5.455	+5.559	+5.560	+5.561	+5.539	+5.315	+5.344	+5.539	+12.468	+14.986	+6.183	+6.182	+6.950	+6.905	+7.017	+6.177	
rs12318064     +4.471	+0.705	-0.407	+0.692	-0.406	+0.691	-0.398	+4.475	+4.378	-0.296	+0.693	-0.400	+4.576	-0.389	+0.678	+0.692	+4.505	+4.564	+4.568	+4.571	+4.571	+4.574	+0.680	+4.580	+4.580	+4.868	+4.582	-0.388	+4.588	-0.398	+4.622	+4.622	-0.409	+4.621	-0.412	+4.691	+4.694	+4.696	-0.411	+4.697	+4.697	-0.405	-0.405	+0.634	+4.188	+4.186	-0.404	-0.404	-0.406	-0.411	-0.318	-0.330	-0.411	-0.318	-0.318	-0.317	-0.300	-0.325	-0.280	-0.400	+4.448	-0.325	+4.437	-0.406	+1.212	+0.088	+0.121	+1.191	-0.438	+0.848	-0.049	-0.061	-0.096	+8.294	-0.101	-0.047	-0.057	-0.037	+7.908	+8.649	-0.427	+9.151	-0.352	+8.218	+8.273	-0.309	+8.469	+9.214	+0.161	-0.314	+8.914	+0.055	+8.952	+0.137	+10.010	+10.165	+10.168	+10.131	-0.287	-0.628	+10.192	+10.147	+10.183	+10.183	+0.116	-0.308	+10.164	+0.100	+9.009	+10.233	+10.233	+0.902	+15.443	+16.028	+15.583	+15.584	+2.465	+2.470	+2.380	+2.379	+2.471	+2.472	+17.282	+2.473	+15.456	+2.529	+15.708	+1.455	+15.721	+2.470	+16.373	+16.078	+16.069	+16.049	+16.100	+16.034	+13.702	+2.727	+16.267	+13.165	+13.642	+16.313	+7.583	-0.220	+0.074	+0.102	-0.665	-0.702	+0.102	+0.077	+0.181	+0.105	+0.218	+0.219	+0.220	+0.057	+0.060	+0.069	+0.233	+0.317	+0.317	+0.319	+0.301	+0.083	+0.099	+0.301	+8.266	+9.192	+1.320	+1.316	+1.868	+1.827	+1.933	+1.369	
rs11180534     +5.421	+0.857	+0.663	+0.851	+0.662	+0.851	+0.638	+5.426	+5.331	+0.693	+0.882	+0.659	+5.519	+0.702	+0.853	+0.860	+5.450	+5.507	+5.510	+5.514	+5.514	+5.517	+0.854	+5.522	+5.523	+5.789	+5.524	+0.712	+5.531	+0.693	+5.563	+5.563	+0.648	+5.562	+0.665	+5.631	+5.634	+5.636	+0.680	+5.637	+5.638	+0.699	+0.699	+0.827	+5.152	+5.150	+0.693	+0.693	+0.691	+0.678	+0.974	+0.960	+0.677	+0.976	+0.975	+0.977	+0.998	+0.967	+0.863	+0.873	+5.403	+0.967	+5.392	+0.698	+1.914	+1.361	+1.400	+1.894	+0.506	+1.327	+1.216	+1.200	+1.158	+8.475	+1.153	+1.217	+1.206	+1.230	+8.112	+9.523	+0.817	+9.963	+0.972	+9.422	+9.476	+0.519	+9.349	+10.384	+1.621	+0.516	+10.077	+1.473	+10.114	+0.949	+11.169	+11.329	+10.980	+11.271	+0.923	+0.299	+11.004	+11.286	+11.323	+11.323	+1.308	+0.893	+11.305	+1.289	+9.890	+11.373	+11.373	+2.136	+16.495	+17.084	+16.628	+16.628	+2.804	+2.808	+2.729	+2.729	+2.810	+2.810	+18.109	+2.811	+16.511	+2.863	+16.762	+2.750	+16.776	+2.809	+17.431	+17.136	+17.127	+17.107	+17.158	+17.092	+14.490	+3.041	+17.325	+14.248	+14.721	+17.371	+9.772	+1.068	+1.440	+1.475	+0.327	+0.303	+1.475	+1.457	+1.581	+1.479	+1.620	+1.621	+1.623	+1.418	+1.422	+1.433	+1.639	+1.742	+1.742	+1.744	+1.722	+1.466	+1.487	+1.722	+9.625	+10.637	+3.171	+3.163	+3.457	+3.410	+3.530	+3.222	
rs12319621     +4.452	+0.671	-0.427	+0.658	-0.427	+0.657	-0.431	+4.456	+4.359	-0.400	+0.659	-0.321	+4.558	-0.393	+0.644	+0.658	+4.486	+4.545	+4.549	+4.552	+4.552	+4.555	+0.647	+4.561	+4.562	+4.850	+4.563	-0.389	+4.569	-0.407	+4.603	+4.603	-0.436	+4.602	-0.431	+4.672	+4.675	+4.677	-0.425	+4.678	+4.678	-0.413	-0.413	+0.600	+4.169	+4.167	-0.413	-0.414	-0.416	-0.426	-0.310	-0.323	-0.427	-0.310	-0.310	-0.309	-0.291	-0.318	-0.247	-0.399	+4.429	-0.318	+4.418	-0.416	+1.181	+0.062	+0.095	+1.160	-0.460	+0.821	-0.073	-0.086	-0.121	+8.279	-0.125	-0.072	-0.082	-0.062	+7.892	+8.635	-0.446	+9.139	-0.371	+8.207	+8.262	-0.336	+8.456	+9.201	+0.147	-0.341	+8.901	+0.039	+8.939	+0.114	+9.998	+10.154	+10.157	+10.119	-0.309	-0.653	+10.182	+10.134	+10.171	+10.171	+0.097	-0.330	+10.152	+0.081	+8.996	+10.221	+10.221	+0.885	+15.434	+16.020	+15.575	+15.575	+2.432	+2.436	+2.347	+2.347	+2.438	+2.438	+17.274	+2.439	+15.448	+2.496	+15.699	+1.437	+15.713	+2.437	+16.365	+16.070	+16.061	+16.041	+16.093	+16.026	+13.693	+2.693	+16.259	+13.152	+13.630	+16.306	+7.565	-0.243	+0.051	+0.078	-0.688	-0.725	+0.079	+0.053	+0.157	+0.082	+0.195	+0.195	+0.197	+0.034	+0.037	+0.046	+0.210	+0.293	+0.294	+0.295	+0.277	+0.059	+0.075	+0.277	+8.251	+9.174	+1.298	+1.294	+1.848	+1.807	+1.914	+1.347	
rs67832493     +5.204	+5.526	+4.561	+5.513	+4.560	+5.512	+4.547	+5.210	+5.177	+4.576	+5.519	+4.558	+5.199	+4.582	+5.503	+5.516	+5.227	+5.255	+5.257	+5.259	+5.259	+5.260	+5.509	+5.262	+5.262	+5.436	+5.263	+4.588	+5.264	+4.576	+5.280	+5.280	+4.551	+5.279	+4.560	+5.321	+5.321	+5.322	+4.566	+5.321	+5.320	+4.577	+4.577	+5.493	+5.092	+5.092	+4.574	+4.574	+4.573	+4.564	+4.678	+4.668	+4.564	+4.680	+4.680	+4.681	+4.694	+4.674	+4.680	+4.608	+5.187	+4.674	+5.184	+4.582	+6.049	+5.203	+5.240	+6.028	+4.895	+6.056	+5.107	+5.092	+5.047	+13.248	+5.040	+5.106	+5.095	+5.118	+12.859	+15.296	+4.806	+16.021	+4.935	+15.151	+15.208	+4.606	+15.139	+16.172	+5.386	+4.602	+15.802	+5.407	+15.857	+4.950	+16.926	+17.067	+17.057	+17.033	+4.952	+4.328	+17.083	+17.050	+17.086	+17.086	+5.430	+4.948	+17.120	+5.411	+15.723	+17.146	+17.146	+6.375	+22.535	+23.205	+22.690	+22.690	+7.491	+7.496	+7.404	+7.404	+7.497	+7.498	+24.474	+7.499	+22.544	+7.556	+22.807	+6.985	+22.821	+7.498	+23.560	+23.250	+23.239	+23.217	+23.277	+23.201	+20.638	+7.762	+23.438	+20.296	+20.777	+23.484	+14.221	+5.058	+5.457	+5.495	+4.370	+4.334	+5.496	+5.455	+5.588	+5.494	+5.640	+5.641	+5.642	+5.429	+5.433	+5.446	+5.658	+5.762	+5.763	+5.764	+5.742	+5.516	+5.547	+5.742	+12.650	+15.205	+6.380	+6.379	+7.147	+7.103	+7.215	+6.372	
rs73120962     +4.477	+0.714	-0.398	+0.701	-0.397	+0.700	-0.389	+4.481	+4.384	-0.389	+0.702	-0.393	+4.582	-0.289	+0.687	+0.701	+4.511	+4.570	+4.574	+4.577	+4.577	+4.580	+0.689	+4.586	+4.586	+4.874	+4.588	-0.383	+4.594	-0.390	+4.628	+4.628	-0.396	+4.627	-0.402	+4.697	+4.700	+4.702	-0.403	+4.703	+4.703	-0.399	-0.399	+0.643	+4.194	+4.193	-0.397	-0.397	-0.399	-0.404	-0.318	-0.330	-0.405	-0.318	-0.318	-0.316	-0.300	-0.325	-0.281	-0.398	+4.454	-0.325	+4.443	-0.398	+1.220	+0.095	+0.128	+1.199	-0.432	+0.854	-0.042	-0.054	-0.090	+8.300	-0.094	-0.041	-0.051	-0.030	+7.913	+8.654	-0.421	+9.154	-0.346	+8.222	+8.276	-0.302	+8.474	+9.217	+0.166	-0.307	+8.917	+0.060	+8.956	+0.144	+10.013	+10.169	+10.171	+10.134	-0.281	-0.621	+10.196	+10.150	+10.187	+10.187	+0.121	-0.302	+10.168	+0.105	+9.014	+10.237	+10.237	+0.907	+15.445	+16.030	+15.586	+15.586	+2.474	+2.478	+2.388	+2.388	+2.480	+2.480	+17.284	+2.481	+15.459	+2.538	+15.710	+1.460	+15.724	+2.478	+16.376	+16.080	+16.071	+16.051	+16.103	+16.037	+13.705	+2.736	+16.269	+13.168	+13.645	+16.316	+7.587	-0.214	+0.080	+0.108	-0.659	-0.696	+0.108	+0.083	+0.187	+0.112	+0.225	+0.225	+0.226	+0.063	+0.066	+0.075	+0.240	+0.323	+0.324	+0.325	+0.307	+0.089	+0.105	+0.307	+8.272	+9.197	+1.326	+1.322	+1.873	+1.833	+1.939	+1.375	
rs11614877     +5.406	+0.848	+0.649	+0.841	+0.648	+0.841	+0.624	+5.411	+5.316	+0.678	+0.853	+0.644	+5.503	+0.687	+0.867	+0.853	+5.434	+5.491	+5.495	+5.498	+5.498	+5.501	+0.847	+5.506	+5.507	+5.773	+5.508	+0.698	+5.515	+0.678	+5.547	+5.547	+0.633	+5.546	+0.650	+5.615	+5.618	+5.620	+0.666	+5.621	+5.622	+0.684	+0.684	+0.818	+5.136	+5.134	+0.679	+0.679	+0.676	+0.663	+0.959	+0.945	+0.663	+0.960	+0.960	+0.961	+0.982	+0.951	+0.848	+0.857	+5.387	+0.951	+5.376	+0.683	+1.901	+1.345	+1.385	+1.882	+0.493	+1.316	+1.201	+1.185	+1.143	+8.467	+1.138	+1.202	+1.191	+1.215	+8.104	+9.510	+0.802	+9.950	+0.956	+9.408	+9.462	+0.507	+9.336	+10.370	+1.605	+0.503	+10.063	+1.457	+10.100	+0.937	+11.156	+11.315	+10.967	+11.257	+0.909	+0.286	+10.991	+11.273	+11.310	+11.310	+1.293	+0.879	+11.292	+1.274	+9.876	+11.360	+11.360	+2.121	+16.482	+17.071	+16.616	+16.616	+2.794	+2.798	+2.719	+2.719	+2.799	+2.800	+18.098	+2.801	+16.499	+2.852	+16.750	+2.734	+16.763	+2.798	+17.419	+17.123	+17.114	+17.094	+17.146	+17.080	+14.477	+3.030	+17.313	+14.235	+14.708	+17.359	+9.756	+1.053	+1.425	+1.459	+0.314	+0.290	+1.460	+1.441	+1.566	+1.464	+1.605	+1.606	+1.607	+1.403	+1.407	+1.418	+1.623	+1.726	+1.726	+1.728	+1.706	+1.451	+1.471	+1.707	+9.608	+10.621	+3.153	+3.145	+3.440	+3.394	+3.513	+3.204	
rs10879924     +5.419	+0.854	+0.662	+0.848	+0.661	+0.848	+0.637	+5.423	+5.328	+0.692	+0.860	+0.658	+5.516	+0.701	+0.853	+0.880	+5.446	+5.503	+5.507	+5.510	+5.510	+5.513	+0.855	+5.518	+5.519	+5.785	+5.520	+0.711	+5.527	+0.691	+5.559	+5.559	+0.647	+5.558	+0.663	+5.627	+5.630	+5.632	+0.679	+5.633	+5.634	+0.698	+0.698	+0.828	+5.148	+5.146	+0.692	+0.692	+0.690	+0.676	+0.973	+0.959	+0.676	+0.974	+0.974	+0.976	+0.997	+0.965	+0.861	+0.871	+5.400	+0.965	+5.389	+0.697	+1.913	+1.360	+1.399	+1.893	+0.505	+1.326	+1.214	+1.199	+1.156	+8.474	+1.152	+1.216	+1.205	+1.229	+8.111	+9.521	+0.815	+9.961	+0.971	+9.421	+9.475	+0.518	+9.347	+10.383	+1.620	+0.514	+10.077	+1.472	+10.114	+0.948	+11.169	+11.329	+10.978	+11.270	+0.922	+0.298	+11.002	+11.286	+11.323	+11.323	+1.306	+0.892	+11.305	+1.287	+9.888	+11.373	+11.373	+2.135	+16.495	+17.084	+16.629	+16.629	+2.803	+2.807	+2.728	+2.728	+2.809	+2.809	+18.109	+2.810	+16.512	+2.861	+16.763	+2.749	+16.776	+2.808	+17.431	+17.136	+17.127	+17.107	+17.158	+17.093	+14.488	+3.039	+17.325	+14.248	+14.721	+17.372	+9.774	+1.067	+1.439	+1.474	+0.326	+0.302	+1.474	+1.456	+1.580	+1.478	+1.619	+1.620	+1.622	+1.417	+1.421	+1.432	+1.638	+1.741	+1.741	+1.743	+1.721	+1.465	+1.486	+1.721	+9.621	+10.636	+3.170	+3.162	+3.456	+3.409	+3.529	+3.221	
rs3858730      +5.158	+5.458	+4.489	+5.445	+4.489	+5.443	+4.476	+5.165	+5.123	+4.505	+5.450	+4.486	+5.227	+4.511	+5.434	+5.446	+5.125	+5.221	+5.223	+5.225	+5.225	+5.227	+5.439	+5.229	+5.230	+5.420	+5.230	+4.517	+5.232	+4.504	+5.249	+5.249	+4.480	+5.248	+4.489	+5.295	+5.295	+5.295	+4.495	+5.294	+5.293	+4.506	+4.506	+5.423	+5.039	+5.039	+4.503	+4.503	+4.501	+4.493	+4.607	+4.597	+4.493	+4.609	+4.609	+4.610	+4.623	+4.603	+4.609	+4.537	+5.146	+4.603	+5.142	+4.511	+5.983	+5.137	+5.174	+5.962	+4.821	+5.984	+5.042	+5.027	+4.982	+13.178	+4.975	+5.041	+5.029	+5.052	+12.790	+15.215	+4.734	+15.941	+4.862	+15.071	+15.128	+4.537	+15.058	+16.093	+5.315	+4.532	+15.723	+5.336	+15.779	+4.882	+16.847	+16.988	+16.976	+16.954	+4.882	+4.258	+17.003	+16.971	+17.007	+17.007	+5.357	+4.877	+17.041	+5.338	+15.642	+17.067	+17.067	+6.302	+22.456	+23.125	+22.611	+22.611	+7.421	+7.425	+7.333	+7.334	+7.427	+7.427	+24.393	+7.428	+22.465	+7.485	+22.728	+6.910	+22.742	+7.428	+23.480	+23.170	+23.160	+23.137	+23.197	+23.121	+20.556	+7.691	+23.358	+20.200	+20.681	+23.404	+14.134	+4.985	+5.383	+5.421	+4.300	+4.264	+5.422	+5.381	+5.513	+5.420	+5.566	+5.566	+5.568	+5.356	+5.360	+5.373	+5.584	+5.688	+5.689	+5.690	+5.668	+5.441	+5.473	+5.668	+12.587	+15.133	+6.309	+6.308	+7.072	+7.028	+7.140	+6.302	
rs12300590     +5.192	+5.515	+4.548	+5.502	+4.548	+5.501	+4.534	+5.200	+5.164	+4.564	+5.507	+4.545	+5.255	+4.570	+5.491	+5.503	+5.221	+5.186	+5.252	+5.254	+5.254	+5.256	+5.496	+5.258	+5.258	+5.435	+5.259	+4.576	+5.260	+4.563	+5.276	+5.276	+4.539	+5.275	+4.548	+5.318	+5.318	+5.318	+4.553	+5.317	+5.317	+4.565	+4.565	+5.480	+5.084	+5.083	+4.562	+4.561	+4.560	+4.552	+4.665	+4.656	+4.551	+4.667	+4.667	+4.668	+4.681	+4.661	+4.667	+4.596	+5.179	+4.661	+5.176	+4.570	+6.041	+5.196	+5.233	+6.020	+4.881	+6.045	+5.099	+5.084	+5.039	+13.233	+5.032	+5.098	+5.086	+5.110	+12.845	+15.279	+4.794	+16.006	+4.923	+15.136	+15.193	+4.594	+15.122	+16.158	+5.374	+4.590	+15.788	+5.396	+15.843	+4.939	+16.912	+17.053	+17.041	+17.019	+4.940	+4.316	+17.068	+17.036	+17.072	+17.072	+5.418	+4.935	+17.106	+5.399	+15.706	+17.132	+17.132	+6.364	+22.522	+23.191	+22.677	+22.677	+7.480	+7.484	+7.392	+7.393	+7.486	+7.486	+24.460	+7.487	+22.531	+7.544	+22.794	+6.973	+22.808	+7.487	+23.547	+23.236	+23.226	+23.203	+23.263	+23.187	+20.621	+7.750	+23.424	+20.265	+20.746	+23.470	+14.200	+5.044	+5.443	+5.481	+4.358	+4.322	+5.481	+5.441	+5.573	+5.479	+5.625	+5.626	+5.627	+5.416	+5.420	+5.432	+5.644	+5.748	+5.748	+5.750	+5.728	+5.501	+5.532	+5.728	+12.636	+15.191	+6.366	+6.365	+7.131	+7.086	+7.198	+6.359	
rs12302094     +5.195	+5.519	+4.552	+5.505	+4.551	+5.504	+4.538	+5.202	+5.166	+4.568	+5.510	+4.549	+5.257	+4.574	+5.495	+5.507	+5.223	+5.252	+5.190	+5.256	+5.256	+5.258	+5.500	+5.260	+5.260	+5.436	+5.261	+4.580	+5.263	+4.567	+5.278	+5.278	+4.542	+5.277	+4.552	+5.320	+5.320	+5.321	+4.557	+5.320	+5.319	+4.568	+4.568	+5.483	+5.088	+5.087	+4.565	+4.565	+4.564	+4.556	+4.669	+4.659	+4.555	+4.671	+4.671	+4.672	+4.685	+4.665	+4.671	+4.599	+5.182	+4.665	+5.178	+4.573	+6.046	+5.200	+5.237	+6.025	+4.884	+6.048	+5.104	+5.088	+5.044	+13.236	+5.036	+5.102	+5.090	+5.114	+12.848	+15.284	+4.799	+16.011	+4.928	+15.142	+15.198	+4.598	+15.128	+16.163	+5.378	+4.594	+15.793	+5.400	+15.849	+4.942	+16.917	+17.058	+17.046	+17.024	+4.943	+4.319	+17.073	+17.041	+17.077	+17.077	+5.422	+4.939	+17.111	+5.404	+15.711	+17.137	+17.137	+6.369	+22.528	+23.197	+22.683	+22.683	+7.484	+7.488	+7.397	+7.397	+7.490	+7.490	+24.466	+7.491	+22.537	+7.548	+22.800	+6.978	+22.814	+7.491	+23.553	+23.242	+23.232	+23.209	+23.269	+23.193	+20.627	+7.754	+23.430	+20.269	+20.751	+23.476	+14.208	+5.048	+5.446	+5.485	+4.362	+4.326	+5.485	+5.444	+5.577	+5.483	+5.629	+5.630	+5.631	+5.420	+5.424	+5.436	+5.648	+5.752	+5.752	+5.754	+5.732	+5.505	+5.536	+5.732	+12.639	+15.195	+6.370	+6.369	+7.134	+7.090	+7.202	+6.362	
rs12300840     +5.197	+5.522	+4.556	+5.509	+4.555	+5.507	+4.542	+5.204	+5.169	+4.571	+5.514	+4.552	+5.259	+4.577	+5.498	+5.510	+5.225	+5.254	+5.256	+5.193	+5.258	+5.260	+5.503	+5.262	+5.263	+5.438	+5.263	+4.583	+5.265	+4.570	+5.281	+5.281	+4.546	+5.280	+4.555	+5.322	+5.323	+5.323	+4.561	+5.322	+5.321	+4.572	+4.572	+5.485	+5.091	+5.091	+4.569	+4.569	+4.567	+4.559	+4.672	+4.663	+4.559	+4.674	+4.674	+4.675	+4.689	+4.668	+4.674	+4.603	+5.184	+4.668	+5.181	+4.577	+6.050	+5.204	+5.241	+6.029	+4.886	+6.051	+5.108	+5.092	+5.048	+13.238	+5.040	+5.107	+5.094	+5.118	+12.850	+15.290	+4.803	+16.016	+4.932	+15.147	+15.204	+4.601	+15.133	+16.168	+5.382	+4.597	+15.798	+5.404	+15.854	+4.945	+16.922	+17.063	+17.052	+17.029	+4.947	+4.323	+17.078	+17.046	+17.082	+17.082	+5.427	+4.942	+17.116	+5.408	+15.717	+17.142	+17.142	+6.374	+22.534	+23.203	+22.689	+22.689	+7.488	+7.492	+7.401	+7.401	+7.494	+7.495	+24.472	+7.495	+22.543	+7.553	+22.806	+6.984	+22.820	+7.495	+23.559	+23.248	+23.238	+23.216	+23.275	+23.200	+20.632	+7.759	+23.436	+20.274	+20.755	+23.482	+14.217	+5.051	+5.450	+5.488	+4.365	+4.329	+5.489	+5.448	+5.580	+5.487	+5.633	+5.634	+5.635	+5.423	+5.427	+5.440	+5.651	+5.755	+5.756	+5.758	+5.735	+5.508	+5.540	+5.735	+12.641	+15.198	+6.373	+6.372	+7.137	+7.093	+7.205	+6.366	
rs12300884     +5.197	+5.522	+4.555	+5.509	+4.555	+5.507	+4.542	+5.204	+5.169	+4.571	+5.514	+4.552	+5.259	+4.577	+5.498	+5.510	+5.225	+5.254	+5.256	+5.258	+5.193	+5.260	+5.503	+5.263	+5.263	+5.438	+5.263	+4.583	+5.265	+4.570	+5.281	+5.281	+4.546	+5.280	+4.555	+5.322	+5.323	+5.323	+4.561	+5.322	+5.322	+4.572	+4.572	+5.485	+5.091	+5.091	+4.569	+4.569	+4.567	+4.559	+4.672	+4.663	+4.559	+4.674	+4.674	+4.675	+4.689	+4.668	+4.674	+4.603	+5.184	+4.668	+5.180	+4.577	+6.050	+5.204	+5.241	+6.029	+4.886	+6.050	+5.108	+5.093	+5.048	+13.238	+5.040	+5.107	+5.094	+5.118	+12.850	+15.290	+4.803	+16.016	+4.932	+15.147	+15.204	+4.601	+15.133	+16.168	+5.382	+4.597	+15.799	+5.404	+15.854	+4.945	+16.922	+17.063	+17.052	+17.030	+4.947	+4.323	+17.079	+17.046	+17.082	+17.082	+5.427	+4.942	+17.116	+5.409	+15.717	+17.142	+17.142	+6.375	+22.534	+23.203	+22.689	+22.689	+7.488	+7.492	+7.401	+7.401	+7.494	+7.495	+24.472	+7.496	+22.543	+7.553	+22.806	+6.984	+22.820	+7.495	+23.559	+23.249	+23.238	+23.216	+23.276	+23.200	+20.632	+7.759	+23.437	+20.274	+20.755	+23.483	+14.218	+5.051	+5.450	+5.488	+4.365	+4.329	+5.489	+5.448	+5.580	+5.487	+5.633	+5.634	+5.635	+5.423	+5.427	+5.440	+5.651	+5.755	+5.756	+5.758	+5.735	+5.508	+5.540	+5.735	+12.641	+15.198	+6.373	+6.372	+7.137	+7.093	+7.204	+6.366	
rs12300953     +5.198	+5.525	+4.559	+5.512	+4.558	+5.510	+4.545	+5.205	+5.171	+4.574	+5.517	+4.555	+5.260	+4.580	+5.501	+5.513	+5.227	+5.256	+5.258	+5.260	+5.260	+5.197	+5.505	+5.264	+5.265	+5.439	+5.265	+4.586	+5.267	+4.573	+5.283	+5.283	+4.549	+5.282	+4.558	+5.324	+5.325	+5.325	+4.564	+5.324	+5.323	+4.575	+4.575	+5.487	+5.094	+5.094	+4.572	+4.572	+4.570	+4.562	+4.675	+4.666	+4.562	+4.677	+4.677	+4.678	+4.692	+4.671	+4.677	+4.606	+5.186	+4.671	+5.182	+4.580	+6.054	+5.208	+5.245	+6.033	+4.888	+6.053	+5.111	+5.096	+5.051	+13.240	+5.044	+5.110	+5.098	+5.122	+12.852	+15.294	+4.807	+16.021	+4.936	+15.151	+15.208	+4.603	+15.137	+16.173	+5.385	+4.599	+15.803	+5.407	+15.858	+4.947	+16.926	+17.068	+17.056	+17.034	+4.950	+4.326	+17.083	+17.050	+17.086	+17.086	+5.431	+4.945	+17.120	+5.412	+15.721	+17.147	+17.146	+6.379	+22.539	+23.208	+22.694	+22.694	+7.492	+7.496	+7.404	+7.405	+7.498	+7.498	+24.478	+7.499	+22.548	+7.556	+22.811	+6.988	+22.825	+7.499	+23.564	+23.254	+23.243	+23.221	+23.281	+23.205	+20.637	+7.762	+23.442	+20.278	+20.759	+23.488	+14.225	+5.055	+5.453	+5.491	+4.368	+4.332	+5.492	+5.451	+5.584	+5.490	+5.636	+5.637	+5.638	+5.426	+5.430	+5.443	+5.654	+5.758	+5.759	+5.761	+5.738	+5.512	+5.543	+5.739	+12.643	+15.201	+6.376	+6.375	+7.140	+7.095	+7.207	+6.368	
rs17129192     +5.412	+0.848	+0.651	+0.842	+0.650	+0.842	+0.626	+5.416	+5.321	+0.680	+0.854	+0.647	+5.509	+0.689	+0.847	+0.855	+5.439	+5.496	+5.500	+5.503	+5.503	+5.505	+0.869	+5.511	+5.511	+5.777	+5.512	+0.696	+5.518	+0.680	+5.550	+5.550	+0.635	+5.549	+0.652	+5.618	+5.621	+5.623	+0.668	+5.623	+5.624	+0.686	+0.687	+0.821	+5.137	+5.135	+0.681	+0.681	+0.678	+0.665	+0.961	+0.947	+0.665	+0.962	+0.962	+0.964	+0.985	+0.954	+0.850	+0.860	+5.388	+0.954	+5.377	+0.686	+1.903	+1.348	+1.387	+1.884	+0.494	+1.317	+1.203	+1.187	+1.145	+8.467	+1.140	+1.204	+1.193	+1.217	+8.104	+9.510	+0.805	+9.950	+0.960	+9.410	+9.464	+0.508	+9.336	+10.372	+1.608	+0.504	+10.065	+1.460	+10.102	+0.938	+11.158	+11.318	+10.967	+11.259	+0.911	+0.288	+10.992	+11.275	+11.312	+11.312	+1.296	+0.881	+11.294	+1.277	+9.877	+11.362	+11.362	+2.125	+16.485	+17.074	+16.619	+16.619	+2.795	+2.799	+2.720	+2.720	+2.801	+2.801	+18.100	+2.802	+16.502	+2.854	+16.753	+2.739	+16.766	+2.800	+17.422	+17.126	+17.117	+17.097	+17.148	+17.083	+14.477	+3.032	+17.316	+14.237	+14.710	+17.362	+9.767	+1.055	+1.428	+1.462	+0.315	+0.291	+1.463	+1.444	+1.568	+1.467	+1.608	+1.608	+1.610	+1.405	+1.409	+1.420	+1.626	+1.729	+1.729	+1.731	+1.709	+1.453	+1.474	+1.709	+9.608	+10.623	+3.156	+3.148	+3.442	+3.396	+3.515	+3.206	
rs1431126      +5.201	+5.530	+4.564	+5.517	+4.564	+5.516	+4.550	+5.208	+5.174	+4.580	+5.522	+4.561	+5.262	+4.586	+5.506	+5.518	+5.229	+5.258	+5.260	+5.262	+5.263	+5.264	+5.511	+5.203	+5.268	+5.441	+5.269	+4.592	+5.271	+4.579	+5.287	+5.287	+4.555	+5.286	+4.564	+5.329	+5.329	+5.329	+4.569	+5.329	+5.328	+4.581	+4.581	+5.490	+5.101	+5.101	+4.577	+4.577	+4.576	+4.568	+4.681	+4.672	+4.567	+4.683	+4.683	+4.684	+4.697	+4.677	+4.683	+4.611	+5.189	+4.677	+5.186	+4.586	+6.062	+5.215	+5.252	+6.041	+4.891	+6.057	+5.118	+5.103	+5.058	+13.242	+5.051	+5.117	+5.105	+5.128	+12.854	+15.304	+4.815	+16.030	+4.944	+15.160	+15.217	+4.608	+15.147	+16.181	+5.391	+4.604	+15.811	+5.414	+15.867	+4.952	+16.935	+17.076	+17.066	+17.042	+4.955	+4.331	+17.092	+17.059	+17.095	+17.095	+5.440	+4.951	+17.129	+5.421	+15.731	+17.155	+17.155	+6.389	+22.550	+23.220	+22.705	+22.705	+7.499	+7.503	+7.412	+7.412	+7.505	+7.506	+24.489	+7.507	+22.559	+7.564	+22.822	+6.999	+22.836	+7.506	+23.576	+23.265	+23.255	+23.232	+23.292	+23.216	+20.646	+7.770	+23.453	+20.285	+20.767	+23.499	+14.245	+5.060	+5.459	+5.497	+4.373	+4.337	+5.498	+5.457	+5.590	+5.496	+5.642	+5.643	+5.644	+5.432	+5.436	+5.449	+5.660	+5.764	+5.765	+5.767	+5.744	+5.518	+5.549	+5.745	+12.646	+15.206	+6.382	+6.381	+7.144	+7.100	+7.212	+6.374	
rs1431125      +5.202	+5.531	+4.565	+5.518	+4.564	+5.516	+4.551	+5.209	+5.174	+4.580	+5.523	+4.562	+5.262	+4.586	+5.507	+5.519	+5.230	+5.258	+5.260	+5.263	+5.263	+5.265	+5.511	+5.268	+5.203	+5.441	+5.269	+4.592	+5.272	+4.580	+5.287	+5.287	+4.555	+5.286	+4.565	+5.329	+5.330	+5.330	+4.570	+5.329	+5.329	+4.581	+4.581	+5.490	+5.102	+5.102	+4.578	+4.578	+4.577	+4.568	+4.682	+4.672	+4.568	+4.683	+4.683	+4.685	+4.698	+4.677	+4.684	+4.612	+5.189	+4.677	+5.186	+4.586	+6.063	+5.215	+5.252	+6.042	+4.891	+6.057	+5.119	+5.103	+5.059	+13.242	+5.051	+5.118	+5.105	+5.129	+12.854	+15.305	+4.816	+16.031	+4.945	+15.161	+15.218	+4.608	+15.148	+16.182	+5.391	+4.604	+15.812	+5.415	+15.867	+4.952	+16.936	+17.077	+17.067	+17.043	+4.956	+4.331	+17.093	+17.060	+17.096	+17.096	+5.441	+4.952	+17.130	+5.422	+15.732	+17.156	+17.156	+6.391	+22.552	+23.221	+22.706	+22.707	+7.500	+7.504	+7.413	+7.413	+7.506	+7.507	+24.491	+7.507	+22.560	+7.565	+22.824	+7.001	+22.837	+7.507	+23.577	+23.266	+23.256	+23.234	+23.293	+23.218	+20.647	+7.771	+23.454	+20.287	+20.768	+23.501	+14.248	+5.061	+5.460	+5.498	+4.374	+4.338	+5.498	+5.458	+5.590	+5.496	+5.642	+5.643	+5.644	+5.433	+5.437	+5.449	+5.661	+5.765	+5.765	+5.767	+5.745	+5.518	+5.550	+5.745	+12.646	+15.206	+6.382	+6.381	+7.145	+7.100	+7.212	+6.374	
rs12305924     +5.398	+5.797	+4.853	+5.784	+4.852	+5.782	+4.839	+5.407	+5.390	+4.868	+5.789	+4.850	+5.436	+4.874	+5.773	+5.785	+5.420	+5.435	+5.436	+5.438	+5.438	+5.439	+5.777	+5.441	+5.441	+5.501	+5.442	+4.880	+5.443	+4.867	+5.453	+5.452	+4.844	+5.452	+4.853	+5.476	+5.477	+5.477	+4.858	+5.477	+5.476	+4.869	+4.869	+5.756	+5.345	+5.345	+4.866	+4.865	+4.864	+4.856	+5.003	+4.993	+4.856	+5.005	+5.005	+5.007	+5.021	+4.999	+4.967	+4.928	+5.385	+4.999	+5.384	+4.874	+6.374	+5.536	+5.574	+6.353	+5.174	+6.332	+5.441	+5.425	+5.380	+13.534	+5.373	+5.439	+5.427	+5.450	+13.127	+15.643	+5.108	+16.375	+5.240	+15.507	+15.564	+4.896	+15.486	+16.531	+5.673	+4.892	+16.159	+5.701	+16.214	+5.228	+17.287	+17.429	+17.410	+17.396	+5.250	+4.618	+17.436	+17.413	+17.449	+17.449	+5.734	+5.247	+17.482	+5.715	+16.071	+17.509	+17.509	+6.694	+22.920	+23.593	+23.075	+23.075	+7.785	+7.790	+7.698	+7.698	+7.792	+7.792	+24.865	+7.793	+22.929	+7.850	+23.193	+7.305	+23.206	+7.792	+23.949	+23.638	+23.628	+23.605	+23.666	+23.589	+20.992	+8.057	+23.827	+20.662	+21.145	+23.873	+14.624	+5.341	+5.738	+5.776	+4.659	+4.624	+5.777	+5.736	+5.868	+5.775	+5.920	+5.921	+5.922	+5.712	+5.716	+5.728	+5.939	+6.042	+6.043	+6.045	+6.022	+5.797	+5.830	+6.023	+12.870	+15.460	+6.659	+6.658	+7.417	+7.373	+7.485	+6.650	
rs11180566     +5.202	+5.532	+4.566	+5.519	+4.566	+5.518	+4.552	+5.209	+5.174	+4.582	+5.524	+4.563	+5.263	+4.588	+5.508	+5.520	+5.230	+5.259	+5.261	+5.263	+5.263	+5.265	+5.512	+5.269	+5.269	+5.442	+5.205	+4.594	+5.273	+4.581	+5.288	+5.288	+4.557	+5.287	+4.566	+5.330	+5.331	+5.332	+4.571	+5.331	+5.330	+4.582	+4.583	+5.491	+5.105	+5.104	+4.579	+4.579	+4.578	+4.570	+4.683	+4.673	+4.569	+4.685	+4.685	+4.686	+4.699	+4.679	+4.685	+4.613	+5.190	+4.679	+5.187	+4.587	+6.065	+5.217	+5.254	+6.044	+4.891	+6.057	+5.120	+5.105	+5.060	+13.242	+5.053	+5.119	+5.107	+5.130	+12.854	+15.307	+4.818	+16.034	+4.948	+15.163	+15.220	+4.609	+15.150	+16.185	+5.393	+4.605	+15.814	+5.417	+15.870	+4.953	+16.938	+17.079	+17.069	+17.046	+4.957	+4.332	+17.096	+17.062	+17.098	+17.098	+5.444	+4.953	+17.132	+5.425	+15.734	+17.159	+17.158	+6.394	+22.555	+23.225	+22.710	+22.710	+7.502	+7.507	+7.415	+7.415	+7.509	+7.509	+24.494	+7.510	+22.564	+7.567	+22.827	+7.005	+22.841	+7.509	+23.580	+23.270	+23.260	+23.237	+23.297	+23.221	+20.650	+7.773	+23.458	+20.290	+20.771	+23.504	+14.257	+5.062	+5.461	+5.499	+4.375	+4.339	+5.500	+5.459	+5.591	+5.498	+5.644	+5.645	+5.646	+5.434	+5.438	+5.451	+5.662	+5.766	+5.767	+5.769	+5.746	+5.520	+5.551	+5.746	+12.646	+15.207	+6.384	+6.383	+7.146	+7.101	+7.213	+6.375	
rs55877007     +4.483	+0.725	-0.395	+0.711	-0.394	+0.710	-0.384	+4.487	+4.390	-0.388	+0.712	-0.389	+4.588	-0.383	+0.698	+0.711	+4.517	+4.576	+4.580	+4.583	+4.583	+4.586	+0.696	+4.592	+4.592	+4.880	+4.594	-0.281	+4.600	-0.383	+4.634	+4.634	-0.383	+4.633	-0.387	+4.703	+4.706	+4.708	-0.394	+4.708	+4.709	-0.388	-0.388	+0.653	+4.200	+4.198	-0.389	-0.389	-0.390	-0.394	-0.318	-0.329	-0.394	-0.317	-0.317	-0.316	-0.300	-0.324	-0.282	-0.396	+4.460	-0.324	+4.449	-0.389	+1.230	+0.104	+0.137	+1.209	-0.426	+0.861	-0.034	-0.047	-0.082	+8.305	-0.086	-0.033	-0.043	-0.022	+7.919	+8.659	-0.416	+9.159	-0.341	+8.226	+8.280	-0.294	+8.479	+9.222	+0.170	-0.298	+8.922	+0.065	+8.960	+0.151	+10.017	+10.173	+10.175	+10.138	-0.274	-0.614	+10.200	+10.154	+10.191	+10.191	+0.127	-0.296	+10.172	+0.110	+9.018	+10.241	+10.241	+0.912	+15.447	+16.033	+15.589	+15.589	+2.482	+2.486	+2.397	+2.397	+2.488	+2.488	+17.287	+2.489	+15.461	+2.546	+15.713	+1.465	+15.726	+2.487	+16.379	+16.084	+16.074	+16.054	+16.106	+16.040	+13.708	+2.744	+16.272	+13.173	+13.649	+16.319	+7.593	-0.206	+0.088	+0.115	-0.652	-0.689	+0.116	+0.090	+0.195	+0.119	+0.232	+0.233	+0.234	+0.070	+0.074	+0.083	+0.247	+0.331	+0.331	+0.333	+0.315	+0.096	+0.112	+0.314	+8.276	+9.203	+1.333	+1.329	+1.879	+1.839	+1.945	+1.382	
rs1367606      +5.205	+5.539	+4.573	+5.525	+4.572	+5.524	+4.559	+5.212	+5.177	+4.588	+5.531	+4.569	+5.264	+4.594	+5.515	+5.527	+5.232	+5.260	+5.263	+5.265	+5.265	+5.267	+5.518	+5.271	+5.272	+5.443	+5.273	+4.600	+5.212	+4.587	+5.292	+5.292	+4.563	+5.292	+4.572	+5.335	+5.336	+5.337	+4.577	+5.336	+5.336	+4.589	+4.589	+5.493	+5.114	+5.114	+4.586	+4.586	+4.584	+4.576	+4.689	+4.680	+4.576	+4.691	+4.691	+4.692	+4.706	+4.685	+4.691	+4.620	+5.195	+4.685	+5.192	+4.594	+6.074	+5.224	+5.261	+6.053	+4.893	+6.060	+5.127	+5.112	+5.067	+13.243	+5.060	+5.126	+5.114	+5.137	+12.855	+15.319	+4.828	+16.044	+4.958	+15.173	+15.230	+4.614	+15.161	+16.194	+5.400	+4.609	+15.824	+5.425	+15.879	+4.957	+16.947	+17.089	+17.080	+17.055	+4.963	+4.337	+17.107	+17.072	+17.108	+17.108	+5.456	+4.960	+17.142	+5.437	+15.745	+17.168	+17.168	+6.408	+22.568	+23.238	+22.723	+22.723	+7.512	+7.516	+7.425	+7.425	+7.518	+7.519	+24.508	+7.520	+22.576	+7.577	+22.840	+7.020	+22.854	+7.519	+23.594	+23.283	+23.273	+23.250	+23.310	+23.234	+20.661	+7.783	+23.471	+20.302	+20.783	+23.517	+14.288	+5.068	+5.467	+5.506	+4.380	+4.345	+5.506	+5.466	+5.598	+5.504	+5.650	+5.651	+5.652	+5.441	+5.445	+5.457	+5.669	+5.773	+5.773	+5.775	+5.753	+5.526	+5.558	+5.753	+12.650	+15.212	+6.390	+6.389	+7.151	+7.106	+7.218	+6.382	
rs73120983     +4.470	+0.705	-0.410	+0.691	-0.410	+0.690	-0.406	+4.474	+4.377	-0.398	+0.693	-0.407	+4.576	-0.390	+0.678	+0.691	+4.504	+4.563	+4.567	+4.570	+4.570	+4.573	+0.680	+4.579	+4.580	+4.867	+4.581	-0.383	+4.587	-0.296	+4.621	+4.621	-0.403	+4.620	-0.407	+4.690	+4.693	+4.695	-0.405	+4.695	+4.696	-0.399	-0.399	+0.634	+4.187	+4.185	-0.397	-0.397	-0.398	-0.405	-0.315	-0.327	-0.406	-0.315	-0.315	-0.313	-0.296	-0.322	-0.264	-0.398	+4.447	-0.322	+4.436	-0.398	+1.210	+0.087	+0.120	+1.189	-0.439	+0.846	-0.049	-0.062	-0.097	+8.295	-0.101	-0.048	-0.058	-0.037	+7.908	+8.649	-0.427	+9.150	-0.352	+8.218	+8.272	-0.310	+8.469	+9.212	+0.161	-0.314	+8.912	+0.055	+8.951	+0.137	+10.009	+10.164	+10.167	+10.130	-0.288	-0.628	+10.192	+10.145	+10.182	+10.182	+0.115	-0.309	+10.163	+0.099	+9.009	+10.232	+10.232	+0.901	+15.441	+16.027	+15.582	+15.582	+2.462	+2.466	+2.376	+2.376	+2.468	+2.468	+17.280	+2.469	+15.455	+2.526	+15.707	+1.454	+15.720	+2.467	+16.372	+16.077	+16.067	+16.047	+16.099	+16.033	+13.701	+2.724	+16.266	+13.163	+13.640	+16.312	+7.581	-0.220	+0.073	+0.101	-0.666	-0.702	+0.102	+0.076	+0.180	+0.105	+0.218	+0.218	+0.219	+0.056	+0.060	+0.068	+0.233	+0.316	+0.317	+0.318	+0.300	+0.082	+0.098	+0.300	+8.266	+9.191	+1.320	+1.316	+1.867	+1.827	+1.933	+1.369	
rs11180586     +5.226	+5.571	+4.606	+5.558	+4.606	+5.556	+4.592	+5.232	+5.198	+4.622	+5.563	+4.603	+5.280	+4.628	+5.547	+5.559	+5.249	+5.276	+5.278	+5.281	+5.281	+5.283	+5.550	+5.287	+5.287	+5.453	+5.288	+4.634	+5.292	+4.621	+5.248	+5.314	+4.596	+5.313	+4.606	+5.349	+5.350	+5.351	+4.611	+5.351	+5.351	+4.622	+4.622	+5.524	+5.143	+5.142	+4.619	+4.619	+4.618	+4.609	+4.721	+4.712	+4.609	+4.723	+4.723	+4.724	+4.738	+4.717	+4.724	+4.652	+5.217	+4.717	+5.214	+4.627	+6.102	+5.253	+5.290	+6.081	+4.926	+6.090	+5.158	+5.143	+5.099	+13.268	+5.092	+5.157	+5.145	+5.168	+12.879	+15.353	+4.863	+16.094	+4.994	+15.225	+15.282	+4.645	+15.195	+16.246	+5.431	+4.641	+15.874	+5.460	+15.930	+4.986	+17.001	+17.142	+17.131	+17.109	+4.999	+4.369	+17.157	+17.125	+17.162	+17.162	+5.493	+4.996	+17.196	+5.474	+15.779	+17.222	+17.222	+6.447	+22.624	+23.296	+22.780	+22.780	+7.546	+7.551	+7.459	+7.459	+7.553	+7.553	+24.568	+7.554	+22.633	+7.611	+22.896	+7.059	+22.910	+7.554	+23.652	+23.341	+23.331	+23.309	+23.368	+23.293	+20.715	+7.818	+23.530	+20.362	+20.843	+23.576	+14.345	+5.100	+5.499	+5.537	+4.412	+4.377	+5.538	+5.497	+5.630	+5.536	+5.682	+5.683	+5.684	+5.472	+5.476	+5.489	+5.701	+5.805	+5.805	+5.807	+5.785	+5.559	+5.590	+5.785	+12.667	+15.237	+6.418	+6.417	+7.179	+7.135	+7.247	+6.408	
