## Summary of overall evidence for association with region:
## log10(BF for region) = 8.57058
## p-value for region = NA

## BFs for choosing among multi-SNP models:
## log10(average 1-SNP BF) = 6.37575
## log10(average 2-SNP BF) = 9.04585

## Example posterior probabilities for multi-SNP models, based on default prior: [p(l) propto 0.5^l for l=1,2,...,L]
## posterior probability of 1-SNP = 0.00425673
## posterior probability of 2-SNP = 0.995743

## log10(BF) for single SNP and pair of SNPs:
rs10851512     +4.840	+4.216	+5.166	+4.998	+5.385	+4.171	+5.476	+5.013	+5.032	+5.032	+5.028	+4.997	+4.569	+6.065	+8.081	+5.045	+7.914	+6.220	+4.099	+4.170	+5.502	+6.189	+6.130	+6.440	+6.070	+8.041	+6.307	+8.042	+4.584	+8.049	+5.500	+4.092	+4.093	+4.093	+4.170	+7.861	+4.090	+4.102	+4.093	+6.139	+6.223	+7.776	+7.936	+7.936	+4.170	+6.063	+8.318	+6.136	+7.966	+4.120	+4.624	+7.053	+5.139	+7.918	+5.135	+5.137	+5.137	+7.700	+5.134	+5.133	+5.131	+5.130	+6.904	+8.000	+5.134	+8.000	+6.725	+5.142	+6.730	+6.655	+4.169	+8.310	+8.446	+7.292	+6.771	+7.459	+5.185	+5.143	+4.929	+6.855	+5.132	+5.145	+5.196	+5.141	+5.090	+5.128	+6.857	+7.548	+8.341	+6.887	+5.089	+5.152	+4.069	+4.976	+5.135	+7.413	+5.199	+7.567	+5.100	+5.172	+7.421	+5.199	+5.200	+5.171	+5.006	+7.406	+5.380	+5.205	+4.169	+5.329	+5.228	+4.069	+5.123	+5.136	+4.069	+7.503	+5.106	+5.334	+5.197	+5.190	+4.075	+5.137	+4.169	+5.199	+4.169	+4.185	+4.106	+5.160	+7.503	+5.212	+5.044	+5.123	+5.093	+4.098	+4.083	+4.091	+4.071	+5.073	+4.093	+5.209	+5.256	+5.190	+5.215	+5.049	+5.215	+5.109	+5.121	+5.121	+5.123	+5.122	+4.092	+5.112	+5.176	+5.113	+4.553	+7.564	+4.177	+4.203	
rs6493552      +4.216	-0.276	+0.709	+0.539	+4.660	-0.324	+4.775	+0.709	+0.720	+0.719	+0.708	+0.643	+1.480	+5.742	+1.587	+0.760	+1.593	+5.919	-0.664	-0.340	+4.811	+5.881	+5.816	+6.170	+5.745	+1.657	+6.032	+1.657	+1.540	+1.664	+4.807	-0.670	-0.670	-0.669	-0.373	+1.520	-0.672	-0.663	-0.669	+5.826	+5.922	+1.464	+1.583	+1.583	-0.367	+5.735	+1.861	+5.821	+1.614	-0.654	+1.569	+6.804	+1.174	+1.588	+1.165	+1.168	+1.168	+7.489	+1.160	+1.155	+1.152	+1.143	+6.640	+1.655	+1.151	+1.655	+6.435	+1.165	+6.441	+6.351	-0.414	+1.896	+2.016	+1.150	+6.483	+1.279	+1.187	+1.150	+0.794	+6.581	+1.147	+1.164	+1.263	+1.165	+1.055	+1.134	+6.583	+1.344	+1.949	+6.625	+1.034	+1.189	-0.663	+0.767	+1.159	+1.258	+1.271	+1.349	+1.081	+1.217	+1.241	+1.271	+1.282	+1.207	+0.969	+1.239	+1.269	+1.281	-0.412	+1.411	+1.180	-0.636	+1.135	+1.154	-0.646	+1.301	+1.090	+1.422	+1.261	+1.265	-0.682	+1.163	-0.411	+1.272	-0.418	-0.458	-0.698	+1.207	+1.301	+1.302	+0.425	+1.127	+1.055	-0.699	-0.690	-0.550	-0.661	+1.006	-0.696	+1.276	+1.247	+1.242	+1.295	+0.971	+0.720	+1.095	+1.102	+1.115	+1.118	+1.117	-0.695	+1.095	+1.204	+1.097	-0.325	+1.351	-0.417	-0.363	
rs3751620      +5.166	+0.709	+0.825	+0.712	+5.287	+1.298	+5.395	+0.690	+0.698	+0.698	+0.695	+0.678	+2.444	+6.364	+2.509	+0.707	+2.572	+6.531	+1.456	+1.287	+5.431	+6.494	+6.434	+6.771	+6.365	+2.637	+6.753	+2.637	+2.503	+2.643	+5.422	+1.366	+1.368	+1.375	+1.220	+2.499	+1.317	+1.465	+1.375	+6.442	+6.537	+2.443	+2.560	+2.560	+1.234	+6.360	+2.827	+6.437	+2.590	+1.520	+2.520	+7.571	+0.874	+2.564	+0.871	+0.872	+0.872	+8.204	+0.869	+0.868	+0.867	+0.865	+7.424	+2.631	+0.869	+2.631	+7.230	+0.876	+7.237	+7.148	+1.145	+2.865	+2.989	+2.152	+7.276	+2.286	+0.889	+0.874	+0.704	+7.371	+0.867	+0.878	+0.917	+0.875	+0.832	+0.862	+7.373	+2.352	+2.928	+7.412	+0.829	+0.886	+0.759	+0.721	+0.873	+2.265	+0.921	+2.356	+0.841	+0.901	+2.247	+0.921	+0.931	+0.896	+0.763	+2.246	+1.058	+0.925	+1.146	+1.010	+0.992	+0.639	+0.866	+0.871	+0.684	+2.311	+0.850	+1.015	+0.917	+0.918	+0.416	+0.878	+1.149	+0.923	+1.129	+0.962	+0.443	+0.894	+2.310	+0.935	+0.745	+0.859	+0.832	+0.461	+0.437	+0.439	+0.778	+0.809	+0.453	+0.924	+0.934	+0.909	+0.932	+0.797	+0.842	+0.845	+0.850	+0.854	+0.855	+0.855	+0.454	+0.845	+0.892	+0.846	+0.457	+2.362	+1.133	+1.257	
rs3751619      +4.998	+0.539	+0.712	+0.688	+5.185	+1.082	+5.294	+0.626	+0.636	+0.636	+0.632	+0.609	+2.313	+6.261	+2.395	+0.649	+2.452	+6.429	+1.086	+1.071	+5.330	+6.392	+6.332	+6.670	+6.262	+2.517	+6.643	+2.517	+2.372	+2.523	+5.322	+1.012	+1.014	+1.020	+1.007	+2.379	+0.973	+1.095	+1.020	+6.341	+6.430	+2.324	+2.440	+2.441	+1.020	+6.252	+2.709	+6.336	+2.470	+1.147	+2.391	+7.460	+0.838	+2.443	+0.834	+0.836	+0.836	+8.099	+0.833	+0.831	+0.830	+0.827	+7.312	+2.510	+0.831	+2.510	+7.116	+0.839	+7.123	+7.035	+0.936	+2.745	+2.868	+2.027	+7.163	+2.160	+0.854	+0.837	+0.638	+7.258	+0.829	+0.841	+0.888	+0.838	+0.788	+0.823	+7.259	+2.226	+2.807	+7.299	+0.784	+0.851	+0.522	+0.657	+0.836	+2.139	+0.892	+2.231	+0.799	+0.868	+2.122	+0.892	+0.903	+0.863	+0.706	+2.121	+1.022	+0.897	+0.937	+0.983	+0.952	+0.425	+0.828	+0.833	+0.464	+2.185	+0.809	+0.989	+0.887	+0.888	+0.255	+0.841	+0.940	+0.894	+0.921	+0.771	+0.298	+0.860	+2.185	+0.908	+0.662	+0.820	+0.788	+0.293	+0.272	+0.279	+0.540	+0.762	+0.286	+0.895	+0.899	+0.878	+0.904	+0.746	+0.776	+0.804	+0.809	+0.814	+0.815	+0.814	+0.287	+0.803	+0.857	+0.804	+0.325	+2.235	+0.925	+1.048	
rs12900962     +5.385	+4.660	+5.287	+5.185	+5.299	+4.636	+5.378	+5.200	+5.215	+5.215	+5.212	+5.186	+4.912	+6.116	+8.635	+5.226	+8.543	+6.271	+4.679	+4.635	+5.398	+6.232	+6.182	+6.520	+6.115	+8.615	+6.319	+8.615	+4.927	+8.622	+5.395	+4.658	+4.658	+4.660	+4.632	+8.423	+4.653	+4.678	+4.660	+6.191	+6.274	+8.336	+8.499	+8.499	+4.633	+6.103	+8.883	+6.185	+8.527	+4.708	+4.947	+7.064	+5.453	+8.480	+5.449	+5.451	+5.451	+7.703	+5.448	+5.447	+5.446	+5.444	+6.916	+8.564	+5.448	+8.564	+6.739	+5.456	+6.745	+6.671	+4.632	+8.881	+9.021	+7.824	+6.785	+8.002	+5.497	+5.456	+5.257	+6.869	+5.446	+5.459	+5.496	+5.455	+5.408	+5.441	+6.870	+8.089	+8.905	+6.910	+5.407	+5.471	+4.550	+5.305	+5.449	+7.951	+5.499	+8.103	+5.415	+5.483	+7.956	+5.500	+5.510	+5.472	+5.330	+7.946	+5.662	+5.503	+4.632	+5.585	+5.493	+4.534	+5.437	+5.449	+4.541	+8.026	+5.418	+5.588	+5.497	+5.498	+4.586	+5.451	+4.632	+5.500	+4.631	+4.644	+4.622	+5.472	+8.025	+5.515	+5.362	+5.437	+5.409	+4.622	+4.601	+4.530	+4.553	+5.393	+4.615	+5.504	+5.515	+5.487	+5.511	+5.366	+5.521	+5.422	+5.422	+5.434	+5.435	+5.435	+4.615	+5.425	+5.474	+5.426	+4.935	+8.085	+4.641	+4.687	
rs11852464     +4.171	-0.324	+1.298	+1.082	+4.636	-0.434	+4.752	+1.515	+1.508	+1.508	+1.489	+1.370	+1.359	+5.721	+1.474	+1.593	+1.468	+5.900	-0.818	-0.554	+4.789	+5.862	+5.796	+6.154	+5.724	+1.532	+5.968	+1.532	+1.419	+1.538	+4.784	-0.817	-0.817	-0.818	-0.547	+1.395	-0.817	-0.818	-0.818	+5.806	+5.904	+1.338	+1.458	+1.458	-0.550	+5.715	+1.739	+5.802	+1.489	-0.817	+1.450	+6.792	+2.135	+1.463	+2.121	+2.126	+2.126	+7.490	+2.107	+2.097	+2.092	+2.072	+6.624	+1.530	+2.085	+1.530	+6.416	+2.101	+6.423	+6.331	-0.581	+1.773	+1.894	+1.017	+6.465	+1.146	+2.122	+2.067	+1.654	+6.565	+2.076	+2.093	+2.245	+2.104	+1.928	+2.054	+6.566	+1.211	+1.824	+6.609	+1.877	+2.136	-0.762	+1.476	+2.091	+1.125	+2.256	+1.216	+1.969	+2.171	+1.108	+2.255	+2.258	+2.149	+1.951	+1.106	+1.907	+2.270	-0.581	+2.395	+1.824	-0.715	+2.046	+2.076	-0.732	+1.168	+1.972	+2.411	+2.239	+2.252	-0.781	+2.086	-0.581	+2.252	-0.578	-0.588	-0.807	+2.163	+1.168	+2.301	+0.624	+2.046	+1.927	-0.809	-0.794	-0.592	-0.761	+1.859	-0.804	+2.261	+2.149	+2.210	+2.288	+1.800	+1.061	+1.995	+1.997	+2.026	+2.031	+2.028	-0.803	+1.999	+2.156	+2.001	-0.272	+1.218	-0.591	-0.623	
rs2290332      +5.476	+4.775	+5.395	+5.294	+5.378	+4.752	+5.417	+5.308	+5.323	+5.323	+5.319	+5.294	+5.006	+6.121	+8.772	+5.334	+8.673	+6.287	+4.801	+4.752	+5.458	+6.249	+6.185	+6.533	+6.123	+8.744	+6.336	+8.745	+5.020	+8.752	+5.456	+4.779	+4.780	+4.781	+4.749	+8.552	+4.775	+4.800	+4.781	+6.194	+6.284	+8.464	+8.628	+8.628	+4.750	+6.115	+9.012	+6.190	+8.656	+4.830	+5.036	+7.077	+5.559	+8.609	+5.556	+5.557	+5.557	+7.713	+5.555	+5.554	+5.552	+5.551	+6.931	+8.692	+5.554	+8.692	+6.777	+5.562	+6.782	+6.711	+4.748	+9.013	+9.153	+7.953	+6.822	+8.132	+5.603	+5.562	+5.364	+6.904	+5.552	+5.566	+5.603	+5.561	+5.514	+5.547	+6.905	+8.221	+9.041	+6.944	+5.514	+5.577	+4.668	+5.413	+5.555	+8.080	+5.605	+8.235	+5.522	+5.589	+8.085	+5.606	+5.615	+5.578	+5.437	+8.075	+5.766	+5.609	+4.748	+5.689	+5.596	+4.651	+5.544	+5.556	+4.659	+8.158	+5.525	+5.693	+5.602	+5.604	+4.707	+5.557	+4.749	+5.607	+4.748	+4.760	+4.743	+5.578	+8.157	+5.621	+5.468	+5.544	+5.515	+4.744	+4.722	+4.646	+4.672	+5.499	+4.736	+5.610	+5.620	+5.593	+5.617	+5.473	+5.629	+5.529	+5.529	+5.540	+5.542	+5.541	+4.736	+5.532	+5.580	+5.533	+5.046	+8.216	+4.758	+4.804	
rs4341694      +5.013	+0.709	+0.690	+0.626	+5.200	+1.515	+5.308	+0.751	+0.719	+0.719	+0.715	+0.694	+2.354	+6.275	+2.439	+0.730	+2.499	+6.441	+1.517	+1.492	+5.343	+6.404	+6.344	+6.682	+6.275	+2.565	+6.653	+2.566	+2.412	+2.572	+5.335	+1.419	+1.422	+1.429	+1.402	+2.427	+1.365	+1.531	+1.429	+6.353	+6.441	+2.373	+2.489	+2.489	+1.420	+6.265	+2.756	+6.348	+2.518	+1.586	+2.432	+7.465	+0.873	+2.492	+0.869	+0.870	+0.870	+8.102	+0.867	+0.865	+0.863	+0.860	+7.318	+2.559	+0.864	+2.559	+7.124	+0.872	+7.131	+7.043	+1.282	+2.792	+2.915	+2.080	+7.171	+2.212	+0.886	+0.869	+0.667	+7.266	+0.862	+0.874	+0.923	+0.871	+0.819	+0.856	+7.267	+2.278	+2.855	+7.307	+0.814	+0.884	+0.750	+0.690	+0.869	+2.191	+0.927	+2.283	+0.830	+0.902	+2.174	+0.927	+0.938	+0.895	+0.738	+2.173	+1.034	+0.933	+1.286	+1.019	+0.966	+0.614	+0.859	+0.866	+0.670	+2.237	+0.839	+1.026	+0.922	+0.924	+0.365	+0.872	+1.290	+0.929	+1.265	+1.052	+0.421	+0.894	+2.237	+0.945	+0.682	+0.852	+0.819	+0.415	+0.387	+0.394	+0.777	+0.793	+0.405	+0.931	+0.929	+0.912	+0.940	+0.777	+0.792	+0.835	+0.840	+0.845	+0.847	+0.846	+0.406	+0.834	+0.890	+0.835	+0.434	+2.287	+1.251	+1.370	
rs2290334      +5.032	+0.720	+0.698	+0.636	+5.215	+1.508	+5.323	+0.719	+0.768	+0.734	+0.730	+0.712	+2.371	+6.291	+2.456	+0.734	+2.518	+6.457	+1.548	+1.487	+5.359	+6.420	+6.360	+6.698	+6.291	+2.583	+6.671	+2.584	+2.429	+2.590	+5.350	+1.449	+1.452	+1.459	+1.400	+2.445	+1.394	+1.562	+1.459	+6.369	+6.457	+2.390	+2.507	+2.507	+1.418	+6.280	+2.774	+6.364	+2.536	+1.618	+2.449	+7.484	+0.876	+2.510	+0.872	+0.873	+0.873	+8.120	+0.870	+0.868	+0.867	+0.864	+7.336	+2.577	+0.868	+2.577	+7.143	+0.876	+7.150	+7.062	+1.286	+2.810	+2.933	+2.098	+7.190	+2.231	+0.889	+0.873	+0.676	+7.285	+0.866	+0.877	+0.925	+0.875	+0.824	+0.860	+7.286	+2.297	+2.873	+7.326	+0.819	+0.888	+0.773	+0.698	+0.872	+2.210	+0.929	+2.301	+0.835	+0.905	+2.192	+0.929	+0.939	+0.898	+0.745	+2.191	+1.039	+0.934	+1.289	+1.020	+0.971	+0.636	+0.863	+0.869	+0.691	+2.256	+0.843	+1.026	+0.924	+0.926	+0.382	+0.876	+1.294	+0.931	+1.269	+1.063	+0.439	+0.897	+2.255	+0.947	+0.693	+0.856	+0.824	+0.433	+0.404	+0.411	+0.800	+0.798	+0.422	+0.933	+0.932	+0.914	+0.942	+0.783	+0.800	+0.839	+0.844	+0.849	+0.851	+0.850	+0.423	+0.838	+0.893	+0.839	+0.451	+2.305	+1.256	+1.376	
rs17707338     +5.032	+0.719	+0.698	+0.636	+5.215	+1.508	+5.323	+0.719	+0.734	+0.768	+0.730	+0.712	+2.370	+6.290	+2.456	+0.734	+2.517	+6.457	+1.548	+1.487	+5.358	+6.419	+6.360	+6.698	+6.291	+2.583	+6.671	+2.584	+2.429	+2.590	+5.350	+1.449	+1.452	+1.459	+1.400	+2.445	+1.394	+1.562	+1.459	+6.369	+6.457	+2.390	+2.507	+2.507	+1.418	+6.280	+2.774	+6.364	+2.536	+1.619	+2.449	+7.484	+0.876	+2.510	+0.872	+0.873	+0.873	+8.120	+0.870	+0.868	+0.867	+0.864	+7.336	+2.577	+0.868	+2.577	+7.143	+0.876	+7.150	+7.062	+1.286	+2.810	+2.933	+2.098	+7.189	+2.231	+0.889	+0.873	+0.676	+7.285	+0.866	+0.877	+0.925	+0.875	+0.824	+0.860	+7.286	+2.297	+2.873	+7.326	+0.819	+0.888	+0.773	+0.698	+0.872	+2.210	+0.929	+2.301	+0.835	+0.905	+2.192	+0.929	+0.939	+0.898	+0.745	+2.191	+1.039	+0.934	+1.290	+1.020	+0.971	+0.636	+0.863	+0.869	+0.691	+2.255	+0.844	+1.026	+0.924	+0.927	+0.382	+0.876	+1.294	+0.931	+1.269	+1.063	+0.439	+0.897	+2.255	+0.947	+0.693	+0.856	+0.824	+0.433	+0.404	+0.411	+0.800	+0.798	+0.422	+0.933	+0.932	+0.914	+0.942	+0.783	+0.800	+0.839	+0.844	+0.849	+0.851	+0.850	+0.423	+0.838	+0.893	+0.839	+0.451	+2.305	+1.256	+1.376	
rs17613587     +5.028	+0.708	+0.695	+0.632	+5.212	+1.489	+5.319	+0.715	+0.730	+0.730	+0.761	+0.706	+2.365	+6.287	+2.449	+0.731	+2.510	+6.453	+1.530	+1.469	+5.355	+6.416	+6.356	+6.694	+6.287	+2.576	+6.667	+2.576	+2.424	+2.583	+5.346	+1.432	+1.434	+1.441	+1.383	+2.438	+1.377	+1.544	+1.441	+6.365	+6.453	+2.383	+2.500	+2.500	+1.400	+6.277	+2.767	+6.360	+2.529	+1.600	+2.444	+7.480	+0.875	+2.503	+0.870	+0.872	+0.872	+8.116	+0.868	+0.867	+0.865	+0.862	+7.332	+2.570	+0.866	+2.570	+7.139	+0.874	+7.146	+7.058	+1.270	+2.803	+2.926	+2.091	+7.186	+2.223	+0.888	+0.871	+0.672	+7.281	+0.864	+0.876	+0.924	+0.873	+0.822	+0.858	+7.282	+2.290	+2.866	+7.322	+0.817	+0.886	+0.760	+0.695	+0.871	+2.202	+0.929	+2.294	+0.833	+0.904	+2.185	+0.928	+0.939	+0.897	+0.742	+2.184	+1.037	+0.934	+1.273	+1.019	+0.969	+0.625	+0.861	+0.868	+0.680	+2.248	+0.842	+1.026	+0.923	+0.926	+0.374	+0.875	+1.278	+0.930	+1.253	+1.049	+0.430	+0.895	+2.248	+0.946	+0.688	+0.854	+0.822	+0.424	+0.396	+0.403	+0.788	+0.796	+0.414	+0.932	+0.931	+0.913	+0.941	+0.780	+0.797	+0.838	+0.842	+0.848	+0.849	+0.848	+0.415	+0.837	+0.891	+0.837	+0.443	+2.298	+1.240	+1.360	
rs17613607     +4.997	+0.643	+0.678	+0.609	+5.186	+1.370	+5.294	+0.694	+0.712	+0.712	+0.706	+0.724	+2.330	+6.261	+2.416	+0.715	+2.476	+6.427	+1.433	+1.351	+5.329	+6.390	+6.331	+6.669	+6.262	+2.541	+6.639	+2.542	+2.388	+2.548	+5.321	+1.338	+1.341	+1.347	+1.270	+2.403	+1.286	+1.446	+1.347	+6.339	+6.428	+2.349	+2.465	+2.465	+1.286	+6.251	+2.732	+6.334	+2.494	+1.502	+2.408	+7.452	+0.869	+2.468	+0.864	+0.866	+0.866	+8.090	+0.862	+0.860	+0.859	+0.856	+7.304	+2.535	+0.860	+2.535	+7.110	+0.868	+7.117	+7.029	+1.167	+2.768	+2.891	+2.056	+7.157	+2.188	+0.882	+0.865	+0.654	+7.252	+0.857	+0.870	+0.920	+0.867	+0.813	+0.851	+7.254	+2.254	+2.831	+7.294	+0.807	+0.881	+0.695	+0.679	+0.864	+2.167	+0.925	+2.258	+0.824	+0.899	+2.149	+0.925	+0.935	+0.892	+0.728	+2.149	+1.031	+0.930	+1.171	+1.019	+0.961	+0.566	+0.854	+0.861	+0.618	+2.213	+0.834	+1.025	+0.919	+0.922	+0.330	+0.868	+1.175	+0.927	+1.151	+0.964	+0.384	+0.890	+2.212	+0.943	+0.667	+0.847	+0.813	+0.378	+0.351	+0.358	+0.721	+0.786	+0.368	+0.929	+0.926	+0.909	+0.938	+0.769	+0.782	+0.830	+0.834	+0.840	+0.842	+0.841	+0.369	+0.828	+0.886	+0.829	+0.400	+2.262	+1.141	+1.263	
rs34855483     +4.569	+1.480	+2.444	+2.313	+4.912	+1.359	+5.006	+2.354	+2.371	+2.370	+2.365	+2.330	+1.974	+5.934	+4.578	+2.385	+4.572	+6.119	+1.235	+1.359	+5.040	+6.079	+6.008	+6.377	+5.937	+4.643	+6.188	+4.643	+2.030	+4.651	+5.036	+1.233	+1.233	+1.233	+1.365	+4.481	+1.233	+1.235	+1.233	+6.018	+6.119	+4.408	+4.555	+4.555	+1.364	+5.928	+4.896	+6.015	+4.589	+1.241	+2.025	+7.047	+2.666	+4.554	+2.661	+2.663	+2.663	+7.737	+2.660	+2.659	+2.657	+2.655	+6.873	+4.632	+2.660	+4.632	+6.636	+2.669	+6.644	+6.550	+1.363	+4.922	+5.052	+4.007	+6.685	+4.161	+2.684	+2.668	+2.416	+6.787	+2.658	+2.673	+2.722	+2.668	+2.609	+2.652	+6.788	+4.242	+4.966	+6.831	+2.605	+2.682	+1.262	+2.480	+2.663	+4.139	+2.726	+4.256	+2.621	+2.703	+4.121	+2.727	+2.738	+2.692	+2.509	+4.111	+2.819	+2.732	+1.362	+2.832	+2.745	+1.294	+2.652	+2.661	+1.282	+4.187	+2.632	+2.838	+2.722	+2.724	+1.235	+2.668	+1.363	+2.731	+1.365	+1.388	+1.224	+2.691	+4.187	+2.745	+2.467	+2.646	+2.609	+1.223	+1.229	+1.374	+1.263	+2.586	+1.225	+2.731	+2.747	+2.712	+2.741	+2.559	+2.684	+2.628	+2.633	+2.642	+2.644	+2.643	+1.227	+2.631	+2.694	+2.632	+2.028	+4.246	+1.367	+1.344	
rs12441597     +6.065	+5.742	+6.364	+6.261	+6.116	+5.721	+6.121	+6.275	+6.291	+6.290	+6.287	+6.261	+5.934	+6.423	+9.800	+6.301	+9.711	+6.551	+5.773	+5.720	+6.128	+6.523	+6.500	+6.736	+6.463	+9.784	+6.585	+9.785	+5.936	+9.792	+6.127	+5.751	+5.751	+5.753	+5.717	+9.593	+5.746	+5.772	+5.753	+6.505	+6.552	+9.503	+9.668	+9.669	+5.718	+6.450	+10.060	+6.498	+9.696	+5.803	+5.931	+7.272	+6.526	+9.648	+6.523	+6.524	+6.524	+7.864	+6.522	+6.521	+6.519	+6.518	+7.144	+9.731	+6.521	+9.731	+6.996	+6.529	+7.000	+6.940	+5.716	+10.051	+10.187	+8.985	+7.038	+9.162	+6.575	+6.529	+6.332	+7.107	+6.519	+6.533	+6.569	+6.528	+6.481	+6.514	+7.108	+9.250	+10.070	+7.144	+6.480	+6.545	+5.636	+6.384	+6.522	+9.107	+6.572	+9.264	+6.488	+6.556	+9.114	+6.572	+6.582	+6.545	+6.403	+9.105	+6.755	+6.576	+5.716	+6.656	+6.565	+5.618	+6.509	+6.523	+5.626	+9.187	+6.492	+6.660	+6.569	+6.571	+5.684	+6.523	+5.717	+6.573	+5.716	+5.728	+5.722	+6.545	+9.186	+6.588	+6.445	+6.510	+6.483	+5.724	+5.699	+5.610	+5.639	+6.468	+5.715	+6.577	+6.587	+6.560	+6.584	+6.440	+6.602	+6.495	+6.495	+6.507	+6.509	+6.508	+5.714	+6.499	+6.548	+6.500	+6.063	+9.244	+5.726	+5.774	
rs11638675     +8.081	+1.587	+2.509	+2.395	+8.635	+1.474	+8.772	+2.439	+2.456	+2.456	+2.449	+2.416	+4.578	+9.800	+2.058	+2.470	+2.084	+10.003	+2.035	+1.473	+8.812	+9.954	+9.868	+10.269	+9.794	+2.118	+10.102	+2.118	+4.646	+2.122	+8.810	+2.074	+2.073	+2.069	+1.479	+2.046	+2.087	+2.031	+2.069	+9.883	+10.003	+2.018	+2.081	+2.081	+1.478	+9.785	+2.253	+9.889	+2.100	+1.957	+4.685	+11.025	+2.727	+2.089	+2.722	+2.724	+2.724	+10.618	+2.721	+2.720	+2.718	+2.716	+10.819	+2.127	+2.720	+2.127	+10.570	+2.731	+10.580	+10.479	+1.476	+2.286	+2.364	+1.920	+10.608	+1.975	+2.745	+2.729	+2.487	+10.709	+2.720	+2.734	+2.783	+2.730	+2.674	+2.712	+10.711	+2.009	+2.327	+10.777	+2.668	+2.744	+2.203	+2.504	+2.736	+1.968	+2.787	+2.018	+2.684	+2.762	+1.964	+2.786	+2.797	+2.757	+2.580	+1.957	+2.905	+2.794	+1.476	+2.880	+2.806	+2.345	+2.755	+2.725	+2.281	+1.993	+2.690	+2.887	+2.781	+2.786	+1.990	+2.731	+1.476	+2.789	+1.478	+1.499	+1.886	+2.753	+1.993	+2.806	+2.531	+2.709	+2.672	+1.894	+1.951	+2.584	+2.172	+2.641	+1.904	+2.791	+2.793	+2.772	+2.801	+2.623	+2.701	+2.690	+2.693	+2.702	+2.704	+2.703	+1.904	+2.690	+2.750	+2.691	+1.967	+2.024	+1.481	+1.462	
rs3794568      +5.045	+0.760	+0.707	+0.649	+5.226	+1.593	+5.334	+0.730	+0.734	+0.734	+0.731	+0.715	+2.385	+6.301	+2.470	+0.787	+2.532	+6.465	+1.616	+1.599	+5.367	+6.428	+6.369	+6.706	+6.300	+2.598	+6.679	+2.598	+2.443	+2.604	+5.359	+1.515	+1.517	+1.525	+1.507	+2.460	+1.458	+1.631	+1.524	+6.377	+6.465	+2.405	+2.521	+2.521	+1.526	+6.289	+2.788	+6.372	+2.551	+1.686	+2.463	+7.493	+0.881	+2.524	+0.877	+0.878	+0.878	+8.128	+0.875	+0.873	+0.871	+0.869	+7.346	+2.591	+0.872	+2.591	+7.152	+0.880	+7.160	+7.071	+1.379	+2.824	+2.947	+2.113	+7.199	+2.245	+0.894	+0.878	+0.685	+7.294	+0.871	+0.882	+0.929	+0.880	+0.830	+0.865	+7.295	+2.311	+2.887	+7.335	+0.825	+0.892	+0.814	+0.707	+0.877	+2.224	+0.933	+2.316	+0.840	+0.909	+2.207	+0.933	+0.943	+0.903	+0.753	+2.206	+1.042	+0.938	+1.382	+1.022	+0.974	+0.672	+0.868	+0.874	+0.730	+2.270	+0.849	+1.029	+0.928	+0.930	+0.407	+0.881	+1.387	+0.935	+1.360	+1.132	+0.466	+0.901	+2.270	+0.950	+0.703	+0.861	+0.829	+0.460	+0.430	+0.437	+0.843	+0.804	+0.449	+0.937	+0.935	+0.918	+0.946	+0.789	+0.808	+0.845	+0.849	+0.855	+0.856	+0.855	+0.450	+0.844	+0.897	+0.845	+0.477	+2.320	+1.344	+1.454	
rs10851513     +7.914	+1.593	+2.572	+2.452	+8.543	+1.468	+8.673	+2.499	+2.518	+2.517	+2.510	+2.476	+4.572	+9.711	+2.084	+2.532	+2.075	+9.908	+2.424	+1.468	+8.722	+9.873	+9.794	+10.191	+9.720	+2.138	+10.012	+2.138	+4.642	+2.142	+8.725	+2.459	+2.457	+2.452	+1.475	+2.052	+2.476	+2.399	+2.452	+9.808	+9.918	+2.025	+2.081	+2.081	+1.474	+9.709	+2.277	+9.808	+2.097	+2.305	+4.673	+10.931	+2.801	+2.076	+2.796	+2.798	+2.798	+10.421	+2.795	+2.793	+2.791	+2.790	+10.719	+2.115	+2.794	+2.115	+10.484	+2.805	+10.494	+10.392	+1.473	+2.282	+2.401	+1.891	+10.520	+1.935	+2.821	+2.803	+2.551	+10.623	+2.793	+2.808	+2.859	+2.804	+2.746	+2.786	+10.624	+1.962	+2.319	+10.680	+2.740	+2.818	+2.558	+2.569	+2.812	+1.927	+2.863	+1.967	+2.757	+2.838	+1.924	+2.863	+2.875	+2.830	+2.650	+1.921	+2.989	+2.868	+1.472	+2.961	+2.883	+2.730	+2.837	+2.799	+2.645	+1.947	+2.763	+2.968	+2.858	+2.862	+2.237	+2.805	+1.472	+2.866	+1.475	+1.497	+2.133	+2.828	+1.947	+2.882	+2.593	+2.782	+2.744	+2.116	+2.188	+3.007	+2.509	+2.713	+2.127	+2.867	+2.871	+2.848	+2.878	+2.694	+2.775	+2.763	+2.766	+2.775	+2.777	+2.776	+2.130	+2.762	+2.825	+2.763	+2.044	+1.972	+1.476	+1.453	
rs8025937      +6.220	+5.919	+6.531	+6.429	+6.271	+5.900	+6.287	+6.441	+6.457	+6.457	+6.453	+6.427	+6.119	+6.551	+10.003	+6.465	+9.908	+6.604	+5.960	+5.899	+6.293	+6.627	+6.580	+6.801	+6.552	+9.982	+6.658	+9.982	+6.118	+9.989	+6.294	+5.938	+5.938	+5.940	+5.896	+9.790	+5.933	+5.960	+5.940	+6.583	+6.634	+9.700	+9.865	+9.866	+5.897	+6.545	+10.258	+6.582	+9.892	+5.991	+6.104	+7.314	+6.689	+9.843	+6.685	+6.687	+6.687	+7.894	+6.684	+6.683	+6.682	+6.680	+7.190	+9.926	+6.684	+9.926	+7.081	+6.691	+7.084	+7.028	+5.895	+10.250	+10.386	+9.180	+7.121	+9.357	+6.737	+6.691	+6.497	+7.187	+6.682	+6.695	+6.731	+6.690	+6.644	+6.677	+7.188	+9.449	+10.274	+7.223	+6.644	+6.708	+5.818	+6.549	+6.684	+9.302	+6.734	+9.463	+6.651	+6.718	+9.309	+6.735	+6.743	+6.707	+6.567	+9.300	+6.915	+6.738	+5.895	+6.818	+6.725	+5.798	+6.671	+6.685	+5.807	+9.386	+6.654	+6.821	+6.732	+6.733	+5.869	+6.686	+5.896	+6.736	+5.895	+5.907	+5.910	+6.707	+9.385	+6.750	+6.608	+6.673	+6.644	+5.912	+5.886	+5.788	+5.821	+6.631	+5.902	+6.739	+6.749	+6.723	+6.746	+6.603	+6.767	+6.658	+6.658	+6.670	+6.672	+6.671	+5.902	+6.662	+6.710	+6.663	+6.233	+9.443	+5.905	+5.955	
rs2414139      +4.099	-0.664	+1.456	+1.086	+4.679	-0.818	+4.801	+1.517	+1.548	+1.548	+1.530	+1.433	+1.235	+5.773	+2.035	+1.616	+2.424	+5.960	-0.578	-0.817	+4.840	+5.922	+5.852	+6.222	+5.779	+2.513	+5.978	+2.514	+1.296	+2.523	+4.839	-0.715	-0.716	-0.717	-0.808	+2.287	-0.718	-0.718	-0.717	+5.864	+5.963	+2.196	+2.376	+2.376	-0.810	+5.767	+2.761	+5.860	+2.416	-0.737	+1.329	+6.797	+1.803	+2.360	+1.791	+1.795	+1.795	+7.399	+1.783	+1.776	+1.772	+1.760	+6.619	+2.460	+1.769	+2.460	+6.405	+1.788	+6.412	+6.319	-0.814	+2.766	+2.966	+1.598	+6.453	+1.803	+1.806	+1.776	+1.129	+6.554	+1.765	+1.787	+1.913	+1.788	+1.658	+1.753	+6.555	+1.891	+2.834	+6.601	+1.624	+1.815	-0.661	+1.269	+1.795	+1.763	+1.920	+1.886	+1.680	+1.853	+1.735	+1.919	+1.918	+1.836	+1.445	+1.744	+1.691	+1.931	-0.815	+2.249	+1.579	-0.534	+1.817	+1.771	-0.586	+1.822	+1.679	+2.266	+1.915	+1.911	-0.800	+1.771	-0.815	+1.919	-0.811	-0.798	-0.847	+1.835	+1.822	+1.961	+0.745	+1.741	+1.653	-0.843	-0.819	-0.320	-0.667	+1.588	-0.837	+1.937	+2.041	+1.888	+1.953	+1.539	+1.170	+1.695	+1.707	+1.720	+1.724	+1.722	-0.836	+1.689	+1.831	+1.691	-0.223	+1.886	-0.816	-0.862	
rs11853452     +4.170	-0.340	+1.287	+1.071	+4.635	-0.554	+4.752	+1.492	+1.487	+1.487	+1.469	+1.351	+1.359	+5.720	+1.473	+1.599	+1.468	+5.899	-0.817	-0.433	+4.788	+5.861	+5.795	+6.153	+5.723	+1.531	+5.967	+1.532	+1.419	+1.538	+4.784	-0.817	-0.817	-0.817	-0.541	+1.395	-0.817	-0.817	-0.817	+5.806	+5.903	+1.338	+1.458	+1.458	-0.545	+5.714	+1.739	+5.801	+1.489	-0.816	+1.450	+6.791	+2.152	+1.463	+2.138	+2.142	+2.142	+7.489	+2.123	+2.113	+2.108	+2.088	+6.623	+1.530	+2.101	+1.530	+6.415	+2.117	+6.422	+6.330	-0.578	+1.773	+1.894	+1.017	+6.464	+1.146	+2.138	+2.082	+1.670	+6.564	+2.092	+2.109	+2.262	+2.120	+1.943	+2.070	+6.565	+1.211	+1.824	+6.609	+1.891	+2.153	-0.762	+1.487	+2.107	+1.125	+2.273	+1.216	+1.984	+2.188	+1.108	+2.272	+2.275	+2.165	+1.970	+1.106	+1.914	+2.287	-0.578	+2.412	+1.831	-0.715	+2.061	+2.091	-0.732	+1.168	+1.987	+2.428	+2.256	+2.269	-0.781	+2.102	-0.578	+2.270	-0.575	-0.586	-0.807	+2.179	+1.168	+2.319	+0.625	+2.062	+1.942	-0.809	-0.794	-0.592	-0.761	+1.873	-0.804	+2.278	+2.164	+2.226	+2.305	+1.813	+1.062	+2.010	+2.012	+2.042	+2.046	+2.044	-0.803	+2.014	+2.172	+2.017	-0.272	+1.218	-0.589	-0.621	
rs8029205      +5.502	+4.811	+5.431	+5.330	+5.398	+4.789	+5.458	+5.343	+5.359	+5.358	+5.355	+5.329	+5.040	+6.128	+8.812	+5.367	+8.722	+6.293	+4.840	+4.788	+5.454	+6.258	+6.193	+6.543	+6.131	+8.795	+6.342	+8.795	+5.051	+8.802	+5.486	+4.819	+4.819	+4.821	+4.785	+8.602	+4.814	+4.840	+4.821	+6.202	+6.292	+8.514	+8.678	+8.678	+4.786	+6.123	+9.063	+6.198	+8.704	+4.869	+5.065	+7.080	+5.593	+8.655	+5.589	+5.590	+5.590	+7.715	+5.588	+5.587	+5.586	+5.584	+6.934	+8.738	+5.588	+8.738	+6.780	+5.596	+6.785	+6.713	+4.785	+9.059	+9.199	+7.997	+6.824	+8.176	+5.636	+5.596	+5.395	+6.905	+5.586	+5.599	+5.636	+5.595	+5.548	+5.581	+6.906	+8.265	+9.087	+6.945	+5.548	+5.611	+4.705	+5.447	+5.589	+8.124	+5.639	+8.279	+5.555	+5.623	+8.129	+5.639	+5.649	+5.611	+5.471	+8.119	+5.800	+5.643	+4.785	+5.723	+5.629	+4.688	+5.577	+5.590	+4.696	+8.202	+5.559	+5.726	+5.636	+5.638	+4.746	+5.591	+4.785	+5.640	+4.784	+4.796	+4.782	+5.612	+8.202	+5.654	+5.503	+5.577	+5.549	+4.783	+4.761	+4.682	+4.709	+5.533	+4.776	+5.644	+5.653	+5.627	+5.650	+5.507	+5.659	+5.562	+5.562	+5.574	+5.575	+5.575	+4.776	+5.566	+5.614	+5.566	+5.083	+8.261	+4.794	+4.841	
rs12438578     +6.189	+5.881	+6.494	+6.392	+6.232	+5.862	+6.249	+6.404	+6.420	+6.419	+6.416	+6.390	+6.079	+6.523	+9.954	+6.428	+9.873	+6.627	+5.922	+5.861	+6.258	+6.564	+6.558	+6.799	+6.528	+9.947	+6.640	+9.947	+6.079	+9.955	+6.259	+5.900	+5.900	+5.902	+5.857	+9.755	+5.895	+5.921	+5.902	+6.562	+6.618	+9.666	+9.831	+9.831	+5.859	+6.521	+10.224	+6.561	+9.857	+5.953	+6.066	+7.298	+6.652	+9.807	+6.648	+6.650	+6.650	+7.881	+6.647	+6.646	+6.645	+6.643	+7.173	+9.890	+6.647	+9.890	+7.061	+6.654	+7.065	+7.008	+5.857	+10.215	+10.350	+9.144	+7.102	+9.321	+6.700	+6.654	+6.460	+7.168	+6.645	+6.658	+6.695	+6.653	+6.607	+6.640	+7.169	+9.413	+10.239	+7.204	+6.607	+6.671	+5.780	+6.512	+6.647	+9.266	+6.697	+9.427	+6.614	+6.681	+9.273	+6.698	+6.706	+6.670	+6.530	+9.264	+6.878	+6.701	+5.857	+6.781	+6.688	+5.760	+6.634	+6.648	+5.769	+9.349	+6.618	+6.784	+6.695	+6.696	+5.831	+6.649	+5.857	+6.699	+5.856	+5.868	+5.871	+6.670	+9.349	+6.713	+6.570	+6.636	+6.607	+5.873	+5.847	+5.750	+5.783	+6.594	+5.864	+6.702	+6.712	+6.686	+6.709	+6.566	+6.730	+6.621	+6.621	+6.633	+6.635	+6.634	+5.863	+6.625	+6.673	+6.626	+6.194	+9.407	+5.867	+5.917	
rs3794566      +6.130	+5.816	+6.434	+6.332	+6.182	+5.796	+6.185	+6.344	+6.360	+6.360	+6.356	+6.331	+6.008	+6.500	+9.868	+6.369	+9.794	+6.580	+5.852	+5.795	+6.193	+6.558	+6.500	+6.760	+6.508	+9.869	+6.615	+9.869	+6.010	+9.876	+6.193	+5.830	+5.830	+5.832	+5.792	+9.677	+5.825	+5.851	+5.832	+6.547	+6.585	+9.587	+9.752	+9.753	+5.793	+6.499	+10.145	+6.537	+9.778	+5.882	+6.003	+7.292	+6.594	+9.729	+6.590	+6.592	+6.592	+7.879	+6.589	+6.588	+6.587	+6.585	+7.166	+9.811	+6.589	+9.812	+7.022	+6.596	+7.026	+6.967	+5.791	+10.136	+10.271	+9.064	+7.063	+9.241	+6.642	+6.596	+6.401	+7.131	+6.587	+6.600	+6.637	+6.595	+6.549	+6.582	+7.132	+9.333	+10.155	+7.167	+6.548	+6.613	+5.712	+6.453	+6.589	+9.186	+6.640	+9.347	+6.556	+6.624	+9.193	+6.640	+6.649	+6.612	+6.471	+9.184	+6.821	+6.644	+5.791	+6.724	+6.631	+5.693	+6.576	+6.590	+5.702	+9.270	+6.559	+6.727	+6.637	+6.639	+5.762	+6.591	+5.792	+6.641	+5.791	+5.803	+5.801	+6.613	+9.269	+6.655	+6.512	+6.578	+6.551	+5.802	+5.778	+5.684	+5.716	+6.536	+5.794	+6.645	+6.655	+6.628	+6.651	+6.508	+6.672	+6.563	+6.563	+6.575	+6.577	+6.576	+5.793	+6.567	+6.616	+6.568	+6.136	+9.327	+5.801	+5.850	
rs3794565      +6.440	+6.170	+6.771	+6.670	+6.520	+6.154	+6.533	+6.682	+6.698	+6.698	+6.694	+6.669	+6.377	+6.736	+10.269	+6.706	+10.191	+6.801	+6.222	+6.153	+6.543	+6.799	+6.760	+6.862	+6.745	+10.265	+6.795	+10.266	+6.375	+10.273	+6.546	+6.199	+6.200	+6.202	+6.149	+10.073	+6.195	+6.222	+6.202	+6.759	+6.791	+9.982	+10.148	+10.149	+6.151	+6.739	+10.543	+6.760	+10.174	+6.254	+6.356	+7.413	+6.928	+10.124	+6.925	+6.926	+6.926	+7.971	+6.924	+6.923	+6.921	+6.920	+7.296	+10.207	+6.923	+10.207	+7.200	+6.931	+7.203	+7.152	+6.149	+10.533	+10.668	+9.457	+7.239	+9.635	+6.977	+6.931	+6.739	+7.300	+6.921	+6.935	+6.971	+6.930	+6.884	+6.916	+7.301	+9.727	+10.556	+7.335	+6.884	+6.947	+6.074	+6.791	+6.924	+9.579	+6.973	+9.741	+6.891	+6.958	+9.587	+6.974	+6.982	+6.947	+6.808	+9.577	+7.155	+6.977	+6.149	+7.056	+6.963	+6.053	+6.911	+6.925	+6.063	+9.663	+6.894	+7.060	+6.971	+6.973	+6.131	+6.925	+6.149	+6.975	+6.148	+6.160	+6.172	+6.947	+9.663	+6.989	+6.850	+6.913	+6.884	+6.174	+6.147	+6.040	+6.078	+6.871	+6.165	+6.978	+6.988	+6.962	+6.985	+6.843	+7.008	+6.898	+6.897	+6.910	+6.911	+6.911	+6.164	+6.902	+6.950	+6.903	+6.484	+9.721	+6.159	+6.211	
rs3794564      +6.070	+5.745	+6.365	+6.262	+6.115	+5.724	+6.123	+6.275	+6.291	+6.291	+6.287	+6.262	+5.937	+6.463	+9.794	+6.300	+9.720	+6.552	+5.779	+5.723	+6.131	+6.528	+6.508	+6.745	+6.426	+9.795	+6.586	+9.795	+5.939	+9.802	+6.131	+5.757	+5.757	+5.759	+5.720	+9.603	+5.752	+5.778	+5.759	+6.514	+6.558	+9.514	+9.679	+9.679	+5.721	+6.457	+10.071	+6.506	+9.704	+5.809	+5.934	+7.268	+6.525	+9.655	+6.521	+6.523	+6.523	+7.860	+6.521	+6.520	+6.518	+6.517	+7.140	+9.738	+6.520	+9.738	+6.991	+6.528	+6.995	+6.936	+5.719	+10.058	+10.193	+8.990	+7.032	+9.167	+6.573	+6.528	+6.332	+7.102	+6.518	+6.532	+6.568	+6.527	+6.480	+6.513	+7.103	+9.256	+10.077	+7.139	+6.480	+6.544	+5.640	+6.383	+6.521	+9.113	+6.571	+9.270	+6.487	+6.555	+9.120	+6.571	+6.580	+6.544	+6.403	+9.110	+6.753	+6.575	+5.719	+6.655	+6.563	+5.621	+6.508	+6.521	+5.630	+9.193	+6.491	+6.659	+6.568	+6.570	+5.688	+6.522	+5.720	+6.572	+5.719	+5.731	+5.727	+6.544	+9.192	+6.587	+6.444	+6.509	+6.482	+5.728	+5.704	+5.613	+5.644	+6.467	+5.720	+6.576	+6.586	+6.559	+6.582	+6.439	+6.602	+6.494	+6.494	+6.506	+6.508	+6.507	+5.719	+6.498	+6.547	+6.499	+6.064	+9.250	+5.729	+5.778	
rs62016004     +8.041	+1.657	+2.637	+2.517	+8.615	+1.532	+8.744	+2.565	+2.583	+2.583	+2.576	+2.541	+4.643	+9.784	+2.118	+2.598	+2.138	+9.982	+2.513	+1.531	+8.795	+9.947	+9.869	+10.265	+9.795	+2.144	+10.086	+2.177	+4.713	+2.180	+8.798	+2.569	+2.567	+2.562	+1.539	+2.104	+2.586	+2.508	+2.562	+9.882	+9.997	+2.082	+2.125	+2.125	+1.537	+9.784	+2.299	+9.887	+2.137	+2.410	+4.747	+11.008	+2.866	+2.116	+2.861	+2.863	+2.863	+10.482	+2.860	+2.859	+2.857	+2.855	+10.796	+2.150	+2.859	+2.150	+10.555	+2.870	+10.565	+10.463	+1.536	+2.303	+2.413	+1.945	+10.592	+1.984	+2.886	+2.869	+2.615	+10.694	+2.859	+2.873	+2.924	+2.869	+2.811	+2.852	+10.696	+2.008	+2.339	+10.758	+2.805	+2.884	+2.660	+2.634	+2.877	+1.977	+2.929	+2.013	+2.823	+2.903	+1.974	+2.928	+2.941	+2.896	+2.715	+1.972	+3.052	+2.934	+1.535	+3.026	+2.945	+2.833	+2.902	+2.864	+2.747	+1.994	+2.828	+3.033	+2.923	+2.928	+2.328	+2.871	+1.535	+2.931	+1.538	+1.560	+2.223	+2.894	+1.994	+2.947	+2.659	+2.847	+2.810	+2.204	+2.278	+3.112	+2.608	+2.778	+2.216	+2.932	+2.936	+2.913	+2.944	+2.759	+2.840	+2.828	+2.831	+2.841	+2.842	+2.841	+2.217	+2.828	+2.890	+2.829	+2.115	+2.017	+1.540	+1.516	
rs2290335      +6.307	+6.032	+6.753	+6.643	+6.319	+5.968	+6.336	+6.653	+6.671	+6.671	+6.667	+6.639	+6.188	+6.585	+10.102	+6.679	+10.012	+6.658	+5.978	+5.967	+6.342	+6.640	+6.615	+6.795	+6.586	+10.086	+6.678	+10.086	+6.189	+10.093	+6.342	+5.960	+5.960	+5.962	+5.968	+9.894	+5.956	+5.977	+5.962	+6.619	+6.660	+9.804	+9.970	+9.970	+5.968	+6.582	+10.363	+6.617	+9.996	+6.004	+6.179	+7.377	+6.921	+9.948	+6.917	+6.919	+6.919	+7.948	+6.916	+6.915	+6.913	+6.912	+7.257	+10.030	+6.915	+10.030	+7.155	+6.924	+7.159	+7.105	+5.966	+10.357	+10.492	+9.280	+7.196	+9.457	+6.973	+6.923	+6.715	+7.260	+6.913	+6.928	+6.967	+6.923	+6.872	+6.908	+7.261	+9.549	+10.384	+7.296	+6.873	+6.943	+5.873	+6.770	+6.917	+9.403	+6.971	+9.567	+6.881	+6.955	+9.413	+6.972	+6.981	+6.942	+6.794	+9.399	+7.151	+6.976	+5.966	+7.059	+6.947	+5.864	+6.901	+6.917	+5.869	+9.485	+6.884	+7.062	+6.967	+6.969	+5.908	+6.917	+5.966	+6.971	+5.967	+5.986	+5.939	+6.941	+9.484	+6.987	+6.860	+6.904	+6.873	+5.941	+5.921	+5.870	+5.876	+6.858	+5.934	+6.975	+6.984	+6.957	+6.982	+6.828	+6.834	+6.888	+6.887	+6.900	+6.902	+6.902	+5.934	+6.892	+6.944	+6.893	+6.411	+9.542	+5.974	+5.992	
rs62016006     +8.042	+1.657	+2.637	+2.517	+8.615	+1.532	+8.745	+2.566	+2.584	+2.584	+2.576	+2.542	+4.643	+9.785	+2.118	+2.598	+2.138	+9.982	+2.514	+1.532	+8.795	+9.947	+9.869	+10.266	+9.795	+2.177	+10.086	+2.144	+4.714	+2.180	+8.799	+2.570	+2.568	+2.563	+1.539	+2.104	+2.586	+2.508	+2.562	+9.882	+9.997	+2.083	+2.126	+2.126	+1.537	+9.784	+2.299	+9.888	+2.137	+2.410	+4.748	+11.009	+2.867	+2.116	+2.861	+2.863	+2.863	+10.482	+2.860	+2.859	+2.857	+2.855	+10.797	+2.150	+2.860	+2.150	+10.556	+2.871	+10.565	+10.464	+1.536	+2.304	+2.413	+1.945	+10.592	+1.984	+2.886	+2.869	+2.616	+10.695	+2.859	+2.873	+2.925	+2.870	+2.811	+2.852	+10.696	+2.008	+2.339	+10.759	+2.806	+2.884	+2.660	+2.634	+2.878	+1.977	+2.929	+2.013	+2.823	+2.904	+1.975	+2.928	+2.941	+2.896	+2.716	+1.972	+3.053	+2.934	+1.535	+3.026	+2.946	+2.834	+2.903	+2.865	+2.747	+1.994	+2.828	+3.033	+2.924	+2.928	+2.328	+2.871	+1.536	+2.932	+1.538	+1.561	+2.223	+2.894	+1.994	+2.948	+2.659	+2.848	+2.810	+2.205	+2.279	+3.112	+2.609	+2.778	+2.216	+2.933	+2.936	+2.913	+2.944	+2.759	+2.840	+2.829	+2.831	+2.841	+2.843	+2.842	+2.218	+2.828	+2.890	+2.829	+2.115	+2.017	+1.540	+1.517	
rs79732515     +4.584	+1.540	+2.503	+2.372	+4.927	+1.419	+5.020	+2.412	+2.429	+2.429	+2.424	+2.388	+2.030	+5.936	+4.646	+2.443	+4.642	+6.118	+1.296	+1.419	+5.051	+6.079	+6.010	+6.375	+5.939	+4.713	+6.189	+4.714	+2.040	+4.721	+5.046	+1.294	+1.294	+1.294	+1.426	+4.551	+1.293	+1.296	+1.294	+6.020	+6.119	+4.478	+4.625	+4.626	+1.424	+5.930	+4.966	+6.016	+4.659	+1.302	+2.056	+7.042	+2.724	+4.624	+2.720	+2.721	+2.721	+7.732	+2.719	+2.717	+2.716	+2.714	+6.870	+4.701	+2.718	+4.702	+6.635	+2.728	+6.643	+6.550	+1.424	+4.992	+5.122	+4.077	+6.685	+4.231	+2.743	+2.726	+2.475	+6.786	+2.717	+2.731	+2.781	+2.727	+2.668	+2.710	+6.787	+4.311	+5.037	+6.830	+2.664	+2.740	+1.322	+2.539	+2.722	+4.209	+2.785	+4.326	+2.680	+2.761	+4.190	+2.785	+2.797	+2.751	+2.568	+4.180	+2.876	+2.790	+1.423	+2.890	+2.803	+1.353	+2.710	+2.720	+1.342	+4.257	+2.691	+2.896	+2.781	+2.782	+1.294	+2.727	+1.423	+2.789	+1.426	+1.449	+1.284	+2.750	+4.257	+2.803	+2.526	+2.704	+2.667	+1.283	+1.289	+1.433	+1.323	+2.649	+1.285	+2.789	+2.805	+2.770	+2.799	+2.618	+2.745	+2.687	+2.692	+2.700	+2.702	+2.702	+1.287	+2.690	+2.752	+2.691	+2.096	+4.315	+1.427	+1.405	
rs10444827     +8.049	+1.664	+2.643	+2.523	+8.622	+1.538	+8.752	+2.572	+2.590	+2.590	+2.583	+2.548	+4.651	+9.792	+2.122	+2.604	+2.142	+9.989	+2.523	+1.538	+8.802	+9.955	+9.876	+10.273	+9.802	+2.180	+10.093	+2.180	+4.721	+2.151	+8.806	+2.579	+2.577	+2.572	+1.545	+2.109	+2.596	+2.518	+2.572	+9.890	+10.005	+2.089	+2.130	+2.130	+1.544	+9.792	+2.301	+9.896	+2.141	+2.420	+4.755	+11.017	+2.873	+2.121	+2.867	+2.869	+2.869	+10.488	+2.866	+2.865	+2.863	+2.861	+10.804	+2.154	+2.866	+2.154	+10.563	+2.877	+10.573	+10.472	+1.542	+2.306	+2.414	+1.951	+10.600	+1.989	+2.892	+2.875	+2.622	+10.703	+2.865	+2.879	+2.931	+2.876	+2.817	+2.858	+10.704	+2.013	+2.341	+10.767	+2.812	+2.890	+2.669	+2.640	+2.884	+1.982	+2.935	+2.018	+2.829	+2.910	+1.980	+2.934	+2.947	+2.902	+2.722	+1.977	+3.058	+2.940	+1.542	+3.032	+2.952	+2.843	+2.909	+2.871	+2.757	+1.999	+2.834	+3.039	+2.930	+2.934	+2.336	+2.877	+1.542	+2.938	+1.545	+1.567	+2.232	+2.900	+1.999	+2.954	+2.665	+2.854	+2.816	+2.213	+2.287	+3.122	+2.618	+2.784	+2.224	+2.939	+2.942	+2.919	+2.950	+2.765	+2.846	+2.835	+2.837	+2.847	+2.849	+2.848	+2.226	+2.834	+2.896	+2.835	+2.122	+2.022	+1.546	+1.523	
rs2290336      +5.500	+4.807	+5.422	+5.322	+5.395	+4.784	+5.456	+5.335	+5.350	+5.350	+5.346	+5.321	+5.036	+6.127	+8.810	+5.359	+8.725	+6.294	+4.839	+4.784	+5.486	+6.259	+6.193	+6.546	+6.131	+8.798	+6.342	+8.799	+5.046	+8.806	+5.450	+4.817	+4.817	+4.819	+4.781	+8.606	+4.812	+4.838	+4.819	+6.202	+6.294	+8.518	+8.682	+8.682	+4.782	+6.122	+9.067	+6.199	+8.708	+4.868	+5.060	+7.078	+5.584	+8.659	+5.580	+5.581	+5.581	+7.713	+5.579	+5.578	+5.576	+5.575	+6.932	+8.742	+5.578	+8.742	+6.776	+5.586	+6.781	+6.710	+4.780	+9.064	+9.204	+8.001	+6.821	+8.180	+5.627	+5.586	+5.391	+6.902	+5.577	+5.590	+5.627	+5.585	+5.539	+5.571	+6.903	+8.270	+9.092	+6.943	+5.539	+5.602	+4.702	+5.438	+5.580	+8.128	+5.630	+8.284	+5.546	+5.613	+8.133	+5.630	+5.640	+5.602	+5.462	+8.123	+5.791	+5.634	+4.780	+5.713	+5.620	+4.684	+5.568	+5.581	+4.693	+8.206	+5.549	+5.717	+5.627	+5.629	+4.743	+5.582	+4.780	+5.630	+4.780	+4.792	+4.780	+5.602	+8.206	+5.645	+5.493	+5.568	+5.539	+4.781	+4.758	+4.677	+4.706	+5.524	+4.773	+5.634	+5.644	+5.618	+5.641	+5.498	+5.655	+5.553	+5.552	+5.565	+5.566	+5.566	+4.774	+5.556	+5.605	+5.557	+5.075	+8.265	+4.790	+4.836	
rs7172291      +4.092	-0.670	+1.366	+1.012	+4.658	-0.817	+4.779	+1.419	+1.449	+1.449	+1.432	+1.338	+1.233	+5.751	+2.074	+1.515	+2.459	+5.938	-0.715	-0.817	+4.819	+5.900	+5.830	+6.199	+5.757	+2.569	+5.960	+2.570	+1.294	+2.579	+4.817	-0.572	-0.702	-0.702	-0.808	+2.375	-0.711	-0.709	-0.702	+5.842	+5.941	+2.284	+2.467	+2.468	-0.810	+5.746	+2.858	+5.839	+2.506	-0.704	+1.326	+6.779	+1.725	+2.447	+1.713	+1.717	+1.717	+7.389	+1.705	+1.699	+1.695	+1.683	+6.601	+2.549	+1.692	+2.549	+6.388	+1.710	+6.395	+6.302	-0.814	+2.858	+3.021	+1.666	+6.436	+1.848	+1.728	+1.699	+1.069	+6.536	+1.688	+1.710	+1.833	+1.710	+1.583	+1.676	+6.538	+1.937	+2.888	+6.583	+1.551	+1.737	-0.681	+1.204	+1.717	+1.808	+1.840	+1.931	+1.605	+1.774	+1.779	+1.839	+1.838	+1.758	+1.375	+1.789	+1.631	+1.850	-0.815	+2.161	+1.518	-0.557	+1.736	+1.693	-0.614	+1.867	+1.604	+2.175	+1.834	+1.831	-0.805	+1.695	-0.814	+1.838	-0.811	-0.797	-0.849	+1.757	+1.867	+1.880	+0.705	+1.664	+1.579	-0.848	-0.825	-0.363	-0.686	+1.515	-0.840	+1.857	+1.955	+1.808	+1.872	+1.467	+1.117	+1.620	+1.631	+1.644	+1.647	+1.645	-0.840	+1.614	+1.753	+1.616	-0.248	+1.932	-0.816	-0.857	
rs7174068      +4.093	-0.670	+1.368	+1.014	+4.658	-0.817	+4.780	+1.422	+1.452	+1.452	+1.434	+1.341	+1.233	+5.751	+2.073	+1.517	+2.457	+5.938	-0.716	-0.817	+4.819	+5.900	+5.830	+6.200	+5.757	+2.567	+5.960	+2.568	+1.294	+2.577	+4.817	-0.702	-0.572	-0.703	-0.808	+2.374	-0.711	-0.709	-0.703	+5.842	+5.942	+2.283	+2.465	+2.466	-0.810	+5.746	+2.856	+5.839	+2.504	-0.705	+1.326	+6.779	+1.727	+2.446	+1.715	+1.719	+1.719	+7.389	+1.707	+1.701	+1.697	+1.685	+6.602	+2.547	+1.694	+2.547	+6.388	+1.713	+6.395	+6.302	-0.814	+2.856	+3.019	+1.664	+6.436	+1.847	+1.731	+1.701	+1.071	+6.537	+1.690	+1.712	+1.835	+1.713	+1.585	+1.679	+6.538	+1.936	+2.886	+6.584	+1.553	+1.739	-0.681	+1.206	+1.720	+1.806	+1.843	+1.930	+1.607	+1.776	+1.778	+1.842	+1.841	+1.760	+1.377	+1.787	+1.632	+1.853	-0.815	+2.163	+1.519	-0.556	+1.739	+1.695	-0.613	+1.866	+1.607	+2.178	+1.837	+1.833	-0.805	+1.697	-0.815	+1.840	-0.811	-0.798	-0.849	+1.759	+1.865	+1.883	+0.706	+1.666	+1.581	-0.848	-0.825	-0.362	-0.686	+1.517	-0.840	+1.859	+1.957	+1.811	+1.875	+1.469	+1.119	+1.622	+1.634	+1.646	+1.649	+1.647	-0.840	+1.616	+1.755	+1.618	-0.248	+1.930	-0.816	-0.857	
rs6493554      +4.093	-0.669	+1.375	+1.020	+4.660	-0.818	+4.781	+1.429	+1.459	+1.459	+1.441	+1.347	+1.233	+5.753	+2.069	+1.525	+2.452	+5.940	-0.717	-0.817	+4.821	+5.902	+5.832	+6.202	+5.759	+2.562	+5.962	+2.563	+1.294	+2.572	+4.819	-0.702	-0.703	-0.573	-0.808	+2.369	-0.711	-0.710	-0.703	+5.844	+5.943	+2.278	+2.460	+2.461	-0.810	+5.748	+2.851	+5.841	+2.499	-0.707	+1.326	+6.780	+1.733	+2.441	+1.722	+1.726	+1.725	+7.390	+1.714	+1.708	+1.703	+1.692	+6.603	+2.542	+1.701	+2.542	+6.389	+1.719	+6.396	+6.303	-0.814	+2.851	+3.013	+1.660	+6.437	+1.842	+1.737	+1.707	+1.076	+6.538	+1.697	+1.719	+1.842	+1.719	+1.591	+1.685	+6.539	+1.931	+2.881	+6.585	+1.559	+1.746	-0.679	+1.211	+1.726	+1.802	+1.849	+1.925	+1.614	+1.783	+1.774	+1.848	+1.847	+1.766	+1.383	+1.783	+1.637	+1.859	-0.815	+2.171	+1.524	-0.554	+1.745	+1.702	-0.611	+1.861	+1.613	+2.185	+1.843	+1.840	-0.804	+1.703	-0.815	+1.847	-0.811	-0.798	-0.849	+1.766	+1.861	+1.889	+0.709	+1.673	+1.587	-0.848	-0.825	-0.359	-0.685	+1.523	-0.840	+1.866	+1.964	+1.817	+1.881	+1.475	+1.123	+1.628	+1.640	+1.652	+1.656	+1.654	-0.839	+1.622	+1.762	+1.624	-0.246	+1.926	-0.816	-0.858	
rs113235251    +4.170	-0.373	+1.220	+1.007	+4.632	-0.547	+4.749	+1.402	+1.400	+1.400	+1.383	+1.270	+1.365	+5.717	+1.479	+1.507	+1.475	+5.896	-0.808	-0.541	+4.785	+5.857	+5.792	+6.149	+5.720	+1.539	+5.968	+1.539	+1.426	+1.545	+4.781	-0.808	-0.808	-0.808	-0.423	+1.402	-0.808	-0.807	-0.808	+5.802	+5.900	+1.345	+1.465	+1.465	-0.540	+5.711	+1.746	+5.798	+1.496	-0.805	+1.456	+6.787	+2.068	+1.470	+2.055	+2.059	+2.059	+7.484	+2.041	+2.032	+2.026	+2.007	+6.619	+1.537	+2.020	+1.537	+6.412	+2.036	+6.419	+6.327	-0.572	+1.780	+1.900	+1.025	+6.461	+1.154	+2.057	+2.003	+1.591	+6.561	+2.011	+2.029	+2.179	+2.039	+1.866	+1.990	+6.562	+1.218	+1.831	+6.605	+1.816	+2.071	-0.758	+1.420	+2.026	+1.133	+2.189	+1.224	+1.906	+2.106	+1.115	+2.188	+2.192	+2.083	+1.884	+1.113	+1.856	+2.203	-0.572	+2.328	+1.772	-0.713	+1.982	+2.010	-0.729	+1.176	+1.909	+2.345	+2.173	+2.185	-0.776	+2.022	-0.572	+2.185	-0.570	-0.582	-0.801	+2.097	+1.175	+2.234	+0.602	+1.982	+1.865	-0.803	-0.789	-0.593	-0.757	+1.797	-0.798	+2.194	+2.085	+2.144	+2.221	+1.738	+1.026	+1.931	+1.933	+1.962	+1.967	+1.964	-0.797	+1.935	+2.090	+1.937	-0.282	+1.226	-0.581	-0.603	
