## Summary of overall evidence for association with region:
## log10(BF for region) = -0.418948
## p-value for region = NA

## BFs for choosing among multi-SNP models:
## log10(average 1-SNP BF) = -0.350888
## log10(average 2-SNP BF) = -0.598957

## Example posterior probabilities for multi-SNP models, based on default prior: [p(l) propto 0.5^l for l=1,2,...,L]
## posterior probability of 1-SNP = 0.779774
## posterior probability of 2-SNP = 0.220226

## log10(BF) for single SNP and pair of SNPs:
rs878554       -0.544	-0.671	-0.687	-0.688	-0.679	-0.666	-0.673	-0.673	-0.637	-0.623	+0.225	-0.889	-0.698	-0.881	-0.878	-0.879	-0.686	-0.879	-0.882	-0.382	-0.683	-0.642	-0.755	-0.875	-0.754	-0.753	-0.753	-0.753	-0.937	-0.741	-0.725	-0.725	-0.995	-0.733	-0.733	-0.648	-0.745	-0.641	-0.831	-0.711	-0.634	-0.997	-0.752	-0.985	-0.773	-0.984	-0.978	-0.608	-0.949	-0.603	-0.898	-0.615	-0.855	-0.985	-0.622	-0.840	-0.667	-0.852	-1.029	-0.768	-0.853	-0.661	-0.907	-0.997	-0.608	-0.816	-0.908	-0.607	-0.990	-0.818	-1.002	-1.002	-1.001	-1.000	-0.841	-0.959	-0.960	-1.045	-1.045	-0.746	-1.045	-1.045	-0.814	-1.045	-1.036	-0.795	-1.044	-0.791	-0.587	-0.830	-0.828	-0.872	-0.838	-1.016	-0.578	-0.564	-0.572	-0.558	-0.552	-0.769	-1.025	-0.770	-0.765	-0.972	-0.552	-0.552	-0.972	-0.770	-0.512	-1.044	-1.046	-0.551	-1.045	-1.046	-0.883	-1.045	-0.552	-1.045	-1.015	-0.794	-0.216	-1.014	-0.825	-0.970	-0.829	-0.840	-1.008	-0.528	-0.559	-0.825	-0.774	-1.018	-1.042	-0.850	-0.840	-0.586	-0.586	-0.841	-0.586	-0.835	-1.012	-1.042	-1.035	-0.854	-0.849	-0.827	-0.782	-0.590	-0.575	-0.857	-0.567	-0.873	-0.602	-0.787	-0.860	-0.861	-0.608	-1.005	-0.868	-1.039	-0.838	-0.612	-0.875	-0.781	-0.610	-0.786	-0.783	-0.768	-0.791	-0.613	-0.790	-0.878	-0.969	-0.887	-0.703	-0.895	-0.894	-1.038	-1.041	-1.006	-1.019	-0.890	-0.856	-1.018	-0.896	-0.709	-0.781	-0.786	
rs11621051     -0.671	-0.539	-0.680	-0.680	-0.668	-0.652	-0.660	-0.660	-0.635	-0.624	+0.220	-0.885	-0.695	-0.877	-0.875	-0.875	-0.684	-0.875	-0.879	-0.383	-0.680	-0.640	-0.751	-0.870	-0.751	-0.750	-0.749	-0.749	-0.932	-0.738	-0.722	-0.722	-0.991	-0.730	-0.730	-0.646	-0.742	-0.639	-0.826	-0.708	-0.632	-0.993	-0.750	-0.981	-0.768	-0.980	-0.973	-0.606	-0.945	-0.600	-0.895	-0.613	-0.851	-0.980	-0.620	-0.837	-0.664	-0.848	-1.025	-0.763	-0.849	-0.659	-0.903	-0.992	-0.606	-0.813	-0.904	-0.605	-0.985	-0.814	-0.998	-0.998	-0.997	-0.996	-0.837	-0.955	-0.956	-1.041	-1.041	-0.741	-1.041	-1.040	-0.810	-1.041	-1.032	-0.792	-1.040	-0.788	-0.585	-0.826	-0.825	-0.868	-0.835	-1.012	-0.577	-0.563	-0.571	-0.557	-0.551	-0.764	-1.020	-0.765	-0.759	-0.968	-0.551	-0.550	-0.968	-0.765	-0.511	-1.040	-1.042	-0.550	-1.041	-1.041	-0.878	-1.041	-0.551	-1.041	-1.011	-0.790	-0.217	-1.010	-0.822	-0.966	-0.826	-0.837	-1.004	-0.527	-0.558	-0.822	-0.769	-1.014	-1.038	-0.847	-0.837	-0.584	-0.584	-0.838	-0.584	-0.832	-1.008	-1.038	-1.030	-0.850	-0.845	-0.824	-0.779	-0.589	-0.573	-0.854	-0.565	-0.869	-0.601	-0.785	-0.857	-0.858	-0.607	-1.002	-0.865	-1.034	-0.833	-0.610	-0.872	-0.776	-0.609	-0.781	-0.780	-0.766	-0.789	-0.611	-0.787	-0.874	-0.965	-0.883	-0.701	-0.892	-0.891	-1.034	-1.037	-1.002	-1.015	-0.886	-0.853	-1.015	-0.894	-0.707	-0.776	-0.781	
rs12432536     -0.687	-0.680	-0.546	-0.675	-0.686	-0.671	-0.679	-0.679	-0.639	-0.624	+0.226	-0.891	-0.699	-0.883	-0.880	-0.880	-0.688	-0.881	-0.884	-0.382	-0.685	-0.644	-0.756	-0.877	-0.756	-0.755	-0.754	-0.754	-0.939	-0.743	-0.727	-0.727	-0.997	-0.735	-0.735	-0.650	-0.747	-0.642	-0.833	-0.713	-0.636	-0.999	-0.754	-0.987	-0.775	-0.986	-0.980	-0.609	-0.951	-0.604	-0.900	-0.616	-0.857	-0.987	-0.623	-0.842	-0.668	-0.854	-1.031	-0.771	-0.855	-0.662	-0.909	-0.999	-0.610	-0.818	-0.910	-0.608	-0.992	-0.820	-1.004	-1.004	-1.003	-1.002	-0.843	-0.961	-0.962	-1.047	-1.047	-0.748	-1.047	-1.047	-0.816	-1.047	-1.038	-0.797	-1.046	-0.793	-0.588	-0.832	-0.830	-0.874	-0.840	-1.019	-0.580	-0.565	-0.574	-0.559	-0.554	-0.771	-1.027	-0.772	-0.767	-0.974	-0.553	-0.553	-0.974	-0.773	-0.513	-1.046	-1.048	-0.552	-1.047	-1.047	-0.885	-1.047	-0.554	-1.047	-1.017	-0.795	-0.216	-1.016	-0.827	-0.972	-0.831	-0.842	-1.010	-0.529	-0.561	-0.827	-0.776	-1.020	-1.044	-0.852	-0.842	-0.587	-0.587	-0.843	-0.587	-0.837	-1.014	-1.044	-1.037	-0.855	-0.851	-0.829	-0.783	-0.592	-0.576	-0.859	-0.568	-0.875	-0.604	-0.789	-0.862	-0.863	-0.609	-1.007	-0.870	-1.041	-0.840	-0.613	-0.877	-0.784	-0.611	-0.789	-0.784	-0.770	-0.793	-0.614	-0.791	-0.879	-0.971	-0.889	-0.705	-0.897	-0.896	-1.040	-1.043	-1.007	-1.020	-0.892	-0.858	-1.020	-0.898	-0.710	-0.784	-0.788	
rs11622657     -0.688	-0.680	-0.675	-0.547	-0.687	-0.675	-0.683	-0.683	-0.640	-0.624	+0.227	-0.892	-0.700	-0.884	-0.881	-0.882	-0.688	-0.882	-0.885	-0.382	-0.685	-0.644	-0.757	-0.878	-0.757	-0.756	-0.755	-0.755	-0.940	-0.744	-0.728	-0.728	-0.998	-0.736	-0.736	-0.650	-0.748	-0.642	-0.834	-0.714	-0.637	-1.000	-0.754	-0.988	-0.777	-0.987	-0.981	-0.610	-0.952	-0.605	-0.901	-0.617	-0.858	-0.988	-0.624	-0.843	-0.669	-0.855	-1.032	-0.772	-0.856	-0.663	-0.910	-1.000	-0.610	-0.819	-0.911	-0.609	-0.993	-0.821	-1.005	-1.005	-1.004	-1.003	-0.844	-0.963	-0.963	-1.048	-1.049	-0.750	-1.048	-1.048	-0.817	-1.048	-1.040	-0.798	-1.048	-0.794	-0.589	-0.834	-0.831	-0.875	-0.841	-1.020	-0.580	-0.566	-0.574	-0.560	-0.554	-0.773	-1.028	-0.774	-0.768	-0.975	-0.554	-0.553	-0.975	-0.774	-0.514	-1.047	-1.049	-0.553	-1.049	-1.049	-0.886	-1.049	-0.554	-1.049	-1.019	-0.796	-0.215	-1.017	-0.828	-0.973	-0.832	-0.843	-1.011	-0.530	-0.561	-0.828	-0.777	-1.021	-1.045	-0.853	-0.843	-0.587	-0.587	-0.844	-0.587	-0.838	-1.015	-1.045	-1.038	-0.856	-0.852	-0.830	-0.784	-0.592	-0.576	-0.860	-0.568	-0.876	-0.604	-0.790	-0.863	-0.864	-0.610	-1.009	-0.871	-1.042	-0.841	-0.614	-0.878	-0.785	-0.612	-0.790	-0.785	-0.771	-0.794	-0.614	-0.792	-0.880	-0.972	-0.890	-0.705	-0.898	-0.897	-1.041	-1.044	-1.009	-1.022	-0.893	-0.859	-1.021	-0.898	-0.711	-0.785	-0.789	
rs8013057      -0.679	-0.668	-0.686	-0.687	-0.545	-0.669	-0.676	-0.676	-0.638	-0.623	+0.227	-0.890	-0.699	-0.882	-0.879	-0.880	-0.687	-0.880	-0.883	-0.381	-0.684	-0.643	-0.756	-0.876	-0.755	-0.754	-0.754	-0.754	-0.938	-0.742	-0.727	-0.727	-0.996	-0.735	-0.735	-0.649	-0.746	-0.641	-0.832	-0.712	-0.635	-0.998	-0.753	-0.987	-0.775	-0.985	-0.979	-0.609	-0.951	-0.603	-0.900	-0.616	-0.856	-0.986	-0.622	-0.842	-0.667	-0.853	-1.030	-0.770	-0.854	-0.662	-0.908	-0.998	-0.609	-0.818	-0.909	-0.608	-0.991	-0.819	-1.003	-1.003	-1.003	-1.002	-0.842	-0.961	-0.961	-1.046	-1.047	-0.748	-1.047	-1.046	-0.815	-1.046	-1.038	-0.797	-1.046	-0.793	-0.587	-0.832	-0.830	-0.873	-0.839	-1.018	-0.579	-0.565	-0.573	-0.559	-0.553	-0.770	-1.026	-0.771	-0.766	-0.973	-0.553	-0.552	-0.973	-0.772	-0.513	-1.045	-1.047	-0.552	-1.047	-1.047	-0.884	-1.047	-0.553	-1.047	-1.017	-0.795	-0.215	-1.015	-0.826	-0.972	-0.830	-0.841	-1.009	-0.529	-0.560	-0.826	-0.775	-1.019	-1.044	-0.851	-0.841	-0.586	-0.586	-0.842	-0.586	-0.837	-1.013	-1.043	-1.036	-0.855	-0.850	-0.828	-0.783	-0.591	-0.575	-0.858	-0.567	-0.875	-0.603	-0.788	-0.861	-0.862	-0.609	-1.007	-0.869	-1.040	-0.839	-0.612	-0.877	-0.783	-0.611	-0.788	-0.784	-0.769	-0.792	-0.613	-0.791	-0.879	-0.970	-0.888	-0.704	-0.896	-0.896	-1.039	-1.042	-1.007	-1.020	-0.891	-0.858	-1.020	-0.897	-0.709	-0.783	-0.787	
rs12147759     -0.666	-0.652	-0.671	-0.675	-0.669	-0.493	-0.617	-0.617	-0.556	-0.428	+0.638	-0.831	-0.616	-0.821	-0.818	-0.819	-0.605	-0.819	-0.823	-0.197	-0.601	-0.523	-0.684	-0.827	-0.683	-0.682	-0.682	-0.682	-0.890	-0.670	-0.654	-0.654	-0.944	-0.662	-0.662	-0.531	-0.674	-0.543	-0.790	-0.639	-0.515	-0.947	-0.645	-0.934	-0.743	-0.931	-0.934	-0.489	-0.900	-0.485	-0.840	-0.497	-0.796	-0.939	-0.505	-0.781	-0.555	-0.793	-0.980	-0.739	-0.795	-0.548	-0.849	-0.953	-0.490	-0.756	-0.851	-0.488	-0.948	-0.758	-0.950	-0.953	-0.953	-0.953	-0.781	-0.911	-0.912	-0.997	-0.996	-0.718	-0.995	-0.996	-0.754	-0.995	-0.983	-0.735	-0.995	-0.730	-0.466	-0.783	-0.763	-0.821	-0.773	-0.979	-0.451	-0.435	-0.444	-0.429	-0.423	-0.738	-0.985	-0.739	-0.735	-0.925	-0.422	-0.422	-0.925	-0.740	-0.380	-0.992	-0.996	-0.421	-0.995	-0.995	-0.833	-0.995	-0.422	-0.995	-0.978	-0.726	+0.033	-0.955	-0.760	-0.923	-0.764	-0.776	-0.948	-0.396	-0.427	-0.760	-0.743	-0.959	-0.991	-0.786	-0.776	-0.459	-0.459	-0.777	-0.459	-0.771	-0.953	-0.990	-0.992	-0.790	-0.789	-0.766	-0.707	-0.465	-0.446	-0.794	-0.438	-0.824	-0.477	-0.713	-0.797	-0.799	-0.483	-0.945	-0.806	-0.994	-0.791	-0.487	-0.813	-0.750	-0.485	-0.754	-0.689	-0.674	-0.699	-0.488	-0.697	-0.816	-0.904	-0.826	-0.589	-0.835	-0.834	-0.986	-0.987	-0.945	-0.960	-0.829	-0.794	-0.960	-0.804	-0.594	-0.750	-0.754	
rs12147752     -0.673	-0.660	-0.679	-0.683	-0.676	-0.617	-0.494	-0.617	-0.558	-0.434	+0.626	-0.833	-0.619	-0.823	-0.820	-0.821	-0.607	-0.821	-0.825	-0.203	-0.604	-0.527	-0.686	-0.829	-0.686	-0.685	-0.684	-0.684	-0.892	-0.672	-0.656	-0.656	-0.946	-0.664	-0.665	-0.534	-0.677	-0.546	-0.791	-0.641	-0.519	-0.949	-0.648	-0.936	-0.744	-0.933	-0.935	-0.493	-0.901	-0.489	-0.842	-0.501	-0.798	-0.941	-0.508	-0.783	-0.558	-0.795	-0.982	-0.740	-0.797	-0.552	-0.851	-0.955	-0.494	-0.758	-0.852	-0.492	-0.949	-0.760	-0.951	-0.955	-0.955	-0.955	-0.783	-0.913	-0.913	-0.999	-0.998	-0.720	-0.997	-0.998	-0.756	-0.997	-0.985	-0.737	-0.996	-0.732	-0.470	-0.785	-0.765	-0.822	-0.775	-0.980	-0.455	-0.439	-0.449	-0.433	-0.427	-0.740	-0.986	-0.741	-0.736	-0.926	-0.426	-0.426	-0.926	-0.741	-0.384	-0.993	-0.998	-0.425	-0.997	-0.997	-0.835	-0.997	-0.426	-0.997	-0.979	-0.728	+0.026	-0.957	-0.762	-0.924	-0.766	-0.778	-0.950	-0.400	-0.431	-0.762	-0.744	-0.961	-0.992	-0.788	-0.778	-0.463	-0.463	-0.779	-0.463	-0.773	-0.954	-0.992	-0.993	-0.792	-0.791	-0.768	-0.709	-0.469	-0.450	-0.796	-0.442	-0.825	-0.481	-0.716	-0.799	-0.801	-0.487	-0.947	-0.808	-0.995	-0.793	-0.491	-0.815	-0.751	-0.489	-0.755	-0.692	-0.677	-0.702	-0.492	-0.700	-0.818	-0.906	-0.828	-0.592	-0.837	-0.836	-0.987	-0.989	-0.947	-0.962	-0.831	-0.796	-0.962	-0.807	-0.598	-0.752	-0.755	
rs12147754     -0.673	-0.660	-0.679	-0.683	-0.676	-0.617	-0.617	-0.494	-0.558	-0.434	+0.626	-0.833	-0.619	-0.823	-0.820	-0.821	-0.607	-0.821	-0.825	-0.203	-0.604	-0.527	-0.686	-0.829	-0.686	-0.685	-0.684	-0.684	-0.892	-0.672	-0.656	-0.656	-0.946	-0.664	-0.665	-0.534	-0.677	-0.546	-0.791	-0.641	-0.519	-0.949	-0.648	-0.936	-0.744	-0.933	-0.935	-0.493	-0.901	-0.489	-0.842	-0.501	-0.798	-0.941	-0.508	-0.783	-0.558	-0.795	-0.982	-0.740	-0.796	-0.552	-0.851	-0.955	-0.494	-0.758	-0.852	-0.492	-0.949	-0.760	-0.951	-0.955	-0.955	-0.955	-0.783	-0.913	-0.913	-0.999	-0.998	-0.720	-0.997	-0.998	-0.756	-0.997	-0.985	-0.737	-0.996	-0.732	-0.470	-0.784	-0.765	-0.822	-0.775	-0.980	-0.455	-0.439	-0.449	-0.433	-0.427	-0.740	-0.986	-0.741	-0.736	-0.926	-0.426	-0.426	-0.926	-0.741	-0.384	-0.993	-0.998	-0.425	-0.997	-0.997	-0.835	-0.997	-0.426	-0.997	-0.979	-0.728	+0.026	-0.957	-0.762	-0.924	-0.766	-0.778	-0.950	-0.400	-0.431	-0.762	-0.744	-0.961	-0.992	-0.788	-0.778	-0.463	-0.463	-0.779	-0.463	-0.773	-0.954	-0.992	-0.993	-0.792	-0.791	-0.768	-0.709	-0.469	-0.450	-0.796	-0.442	-0.825	-0.481	-0.716	-0.799	-0.801	-0.487	-0.947	-0.808	-0.995	-0.793	-0.491	-0.815	-0.751	-0.489	-0.755	-0.692	-0.677	-0.702	-0.492	-0.700	-0.818	-0.906	-0.828	-0.592	-0.837	-0.836	-0.987	-0.989	-0.947	-0.962	-0.831	-0.796	-0.962	-0.807	-0.598	-0.752	-0.755	
rs76271854     -0.637	-0.635	-0.639	-0.640	-0.638	-0.556	-0.558	-0.558	-0.192	-0.347	+0.447	-0.543	-0.472	-0.532	-0.529	-0.529	-0.463	-0.529	-0.534	-0.140	-0.460	-0.375	-0.511	-0.556	-0.511	-0.510	-0.509	-0.509	-0.617	-0.499	-0.486	-0.486	-0.671	-0.493	-0.493	-0.381	-0.503	-0.422	-0.513	-0.473	-0.368	-0.677	-0.475	-0.667	-0.451	-0.664	-0.671	-0.335	-0.618	-0.331	-0.554	-0.341	-0.595	-0.675	-0.347	-0.585	-0.390	-0.593	-0.701	-0.446	-0.594	-0.384	-0.565	-0.690	-0.334	-0.568	-0.566	-0.333	-0.687	-0.569	-0.682	-0.687	-0.688	-0.689	-0.585	-0.633	-0.635	-0.726	-0.722	-0.422	-0.721	-0.724	-0.566	-0.721	-0.704	-0.553	-0.720	-0.550	-0.313	-0.511	-0.576	-0.542	-0.583	-0.721	-0.300	-0.287	-0.295	-0.281	-0.276	-0.447	-0.724	-0.448	-0.442	-0.653	-0.275	-0.275	-0.652	-0.448	-0.238	-0.712	-0.720	-0.274	-0.718	-0.718	-0.557	-0.718	-0.275	-0.718	-0.720	-0.549	+0.068	-0.645	-0.573	-0.648	-0.576	-0.585	-0.635	-0.252	-0.283	-0.574	-0.452	-0.651	-0.693	-0.591	-0.584	-0.306	-0.306	-0.585	-0.306	-0.581	-0.642	-0.693	-0.724	-0.594	-0.582	-0.567	-0.543	-0.312	-0.295	-0.596	-0.288	-0.548	-0.322	-0.547	-0.597	-0.598	-0.328	-0.634	-0.603	-0.723	-0.525	-0.331	-0.608	-0.460	-0.329	-0.465	-0.488	-0.475	-0.497	-0.332	-0.495	-0.610	-0.583	-0.616	-0.418	-0.621	-0.620	-0.686	-0.708	-0.635	-0.656	-0.618	-0.593	-0.656	-0.610	-0.423	-0.459	-0.463	
rs7155600      -0.623	-0.624	-0.624	-0.624	-0.623	-0.428	-0.434	-0.434	-0.347	-0.200	+0.584	-0.584	-0.396	-0.577	-0.575	-0.576	-0.385	-0.576	-0.579	-0.240	-0.382	-0.457	-0.503	-0.552	-0.502	-0.501	-0.501	-0.501	-0.613	-0.490	-0.476	-0.476	-0.675	-0.484	-0.484	-0.462	-0.494	-0.405	-0.520	-0.463	-0.450	-0.669	-0.538	-0.663	-0.485	-0.666	-0.628	-0.424	-0.640	-0.420	-0.600	-0.430	-0.534	-0.642	-0.435	-0.520	-0.470	-0.532	-0.703	-0.482	-0.533	-0.466	-0.607	-0.647	-0.424	-0.496	-0.608	-0.423	-0.635	-0.497	-0.680	-0.675	-0.671	-0.668	-0.521	-0.644	-0.644	-0.698	-0.705	-0.464	-0.706	-0.702	-0.493	-0.705	-0.713	-0.474	-0.705	-0.470	-0.406	-0.501	-0.550	-0.542	-0.559	-0.649	-0.410	-0.399	-0.405	-0.394	-0.389	-0.481	-0.664	-0.482	-0.478	-0.652	-0.389	-0.389	-0.652	-0.483	-0.356	-0.718	-0.714	-0.388	-0.714	-0.714	-0.557	-0.714	-0.389	-0.714	-0.647	-0.520	-0.091	-0.714	-0.548	-0.652	-0.551	-0.561	-0.712	-0.369	-0.395	-0.548	-0.485	-0.714	-0.715	-0.569	-0.561	-0.416	-0.416	-0.562	-0.416	-0.557	-0.712	-0.715	-0.686	-0.572	-0.563	-0.544	-0.519	-0.420	-0.407	-0.575	-0.401	-0.546	-0.429	-0.523	-0.577	-0.578	-0.434	-0.710	-0.585	-0.696	-0.513	-0.436	-0.591	-0.491	-0.435	-0.495	-0.564	-0.555	-0.570	-0.437	-0.569	-0.593	-0.694	-0.600	-0.504	-0.607	-0.607	-0.717	-0.719	-0.710	-0.714	-0.603	-0.573	-0.714	-0.641	-0.508	-0.486	-0.489	
rs7147098      +0.225	+0.220	+0.226	+0.227	+0.227	+0.638	+0.626	+0.626	+0.447	+0.584	+0.688	+0.215	+0.287	+0.221	+0.222	+0.222	+0.295	+0.222	+0.219	+0.312	+0.297	+0.197	+0.180	+0.263	+0.180	+0.181	+0.181	+0.181	+0.210	+0.188	+0.198	+0.198	+0.146	+0.193	+0.193	+0.195	+0.186	+0.315	+0.297	+0.207	+0.199	+0.160	+0.179	+0.158	+0.321	+0.151	+0.219	+0.217	+0.168	+0.213	+0.191	+0.214	+0.202	+0.199	+0.213	+0.212	+0.200	+0.204	+0.126	+0.324	+0.203	+0.202	+0.187	+0.202	+0.217	+0.229	+0.186	+0.217	+0.220	+0.229	+0.141	+0.155	+0.161	+0.165	+0.212	+0.170	+0.171	+0.163	+0.149	+0.341	+0.147	+0.156	+0.232	+0.149	+0.119	+0.246	+0.147	+0.249	+0.226	+0.308	+0.219	+0.251	+0.211	+0.216	+0.238	+0.244	+0.241	+0.246	+0.249	+0.324	+0.196	+0.323	+0.327	+0.163	+0.249	+0.249	+0.162	+0.323	+0.266	+0.112	+0.122	+0.249	+0.119	+0.120	+0.246	+0.120	+0.249	+0.120	+0.220	+0.244	+0.407	+0.095	+0.220	+0.160	+0.217	+0.209	+0.093	+0.259	+0.246	+0.220	+0.321	+0.100	+0.117	+0.203	+0.209	+0.236	+0.236	+0.209	+0.236	+0.213	+0.097	+0.116	+0.163	+0.200	+0.217	+0.233	+0.234	+0.235	+0.240	+0.198	+0.243	+0.257	+0.230	+0.232	+0.198	+0.197	+0.228	+0.094	+0.190	+0.146	+0.309	+0.228	+0.185	+0.316	+0.229	+0.313	+0.167	+0.171	+0.166	+0.228	+0.166	+0.184	+0.091	+0.178	+0.204	+0.173	+0.173	+0.107	+0.105	+0.093	+0.099	+0.176	+0.203	+0.099	+0.134	+0.202	+0.327	+0.324	
rs941601       -0.889	-0.885	-0.891	-0.892	-0.890	-0.831	-0.833	-0.833	-0.543	-0.584	+0.215	-0.485	-0.543	-0.599	-0.594	-0.595	-0.530	-0.596	-0.602	-0.351	-0.526	-0.031	-0.553	-0.817	-0.553	-0.551	-0.551	-0.551	-0.877	-0.536	-0.517	-0.517	-0.924	-0.527	-0.527	-0.047	-0.542	-0.481	-0.778	-0.498	-0.020	-0.930	-0.241	-0.923	-0.727	-0.919	-0.927	-0.168	-0.880	-0.165	-0.817	-0.183	-0.763	-0.931	-0.197	-0.747	-0.275	-0.760	-0.962	-0.723	-0.762	-0.265	-0.827	-0.946	-0.180	-0.720	-0.829	-0.179	-0.942	-0.722	-0.941	-0.945	-0.946	-0.946	-0.747	-0.894	-0.895	-0.979	-0.975	-0.702	-0.974	-0.977	-0.717	-0.975	-0.955	-0.697	-0.974	-0.693	-0.153	-0.774	-0.773	-0.784	-0.783	-0.969	-0.369	-0.352	-0.361	-0.344	-0.337	-0.723	-0.973	-0.724	-0.719	-0.911	-0.337	-0.337	-0.911	-0.724	-0.292	-0.967	-0.973	-0.336	-0.972	-0.973	-0.786	-0.972	-0.337	-0.972	-0.968	-0.738	-0.176	-0.907	-0.769	-0.908	-0.773	-0.785	-0.898	-0.307	-0.348	-0.770	-0.728	-0.917	-0.956	-0.794	-0.784	-0.390	-0.390	-0.786	-0.390	-0.780	-0.909	-0.955	-0.976	-0.798	-0.796	-0.774	-0.726	-0.399	-0.378	-0.802	-0.368	-0.782	-0.411	-0.732	-0.805	-0.806	-0.418	-0.899	-0.813	-0.976	-0.762	-0.422	-0.820	-0.735	-0.421	-0.740	-0.626	-0.609	-0.637	-0.424	-0.635	-0.823	-0.850	-0.832	-0.536	-0.840	-0.840	-0.948	-0.964	-0.900	-0.920	-0.835	-0.802	-0.920	-0.789	-0.546	-0.734	-0.738	
rs8015996      -0.698	-0.695	-0.699	-0.700	-0.699	-0.616	-0.619	-0.619	-0.472	-0.396	+0.287	-0.543	-0.275	-0.528	-0.523	-0.524	-0.383	-0.524	-0.531	-0.311	-0.383	-0.518	-0.628	-0.482	-0.628	-0.627	-0.627	-0.627	-0.654	-0.620	-0.610	-0.610	-0.653	-0.616	-0.616	-0.523	-0.623	-0.534	-0.560	-0.601	-0.512	-0.672	-0.600	-0.672	-0.479	-0.661	-0.715	-0.481	-0.699	-0.480	-0.659	-0.487	-0.609	-0.709	-0.492	-0.609	-0.529	-0.609	-0.646	-0.473	-0.609	-0.523	-0.666	-0.721	-0.481	-0.607	-0.667	-0.480	-0.727	-0.606	-0.673	-0.694	-0.699	-0.702	-0.608	-0.706	-0.706	-0.768	-0.762	-0.445	-0.760	-0.765	-0.606	-0.761	-0.746	-0.601	-0.760	-0.600	-0.462	-0.502	-0.652	-0.609	-0.655	-0.781	-0.400	-0.388	-0.395	-0.382	-0.377	-0.473	-0.782	-0.475	-0.468	-0.714	-0.376	-0.376	-0.715	-0.475	-0.336	-0.744	-0.757	-0.376	-0.755	-0.756	-0.622	-0.755	-0.377	-0.755	-0.780	-0.635	-0.083	-0.626	-0.650	-0.714	-0.652	-0.657	-0.613	-0.355	-0.380	-0.651	-0.480	-0.633	-0.723	-0.660	-0.657	-0.405	-0.405	-0.657	-0.405	-0.655	-0.621	-0.723	-0.780	-0.662	-0.652	-0.643	-0.635	-0.404	-0.395	-0.663	-0.388	-0.614	-0.419	-0.637	-0.663	-0.663	-0.425	-0.609	-0.667	-0.778	-0.553	-0.427	-0.670	-0.490	-0.426	-0.496	-0.596	-0.585	-0.602	-0.428	-0.602	-0.670	-0.538	-0.672	-0.508	-0.674	-0.674	-0.714	-0.739	-0.611	-0.638	-0.673	-0.660	-0.638	-0.693	-0.510	-0.502	-0.506	
rs2228543      -0.881	-0.877	-0.883	-0.884	-0.882	-0.821	-0.823	-0.823	-0.532	-0.577	+0.221	-0.599	-0.528	-0.475	-0.595	-0.595	-0.515	-0.596	-0.599	-0.349	-0.511	+0.011	-0.535	-0.808	-0.534	-0.533	-0.532	-0.532	-0.868	-0.518	-0.498	-0.498	-0.914	-0.508	-0.508	-0.005	-0.523	-0.465	-0.769	-0.479	+0.022	-0.921	-0.203	-0.914	-0.717	-0.910	-0.918	-0.137	-0.870	-0.134	-0.806	-0.152	-0.752	-0.922	-0.166	-0.735	-0.246	-0.749	-0.953	-0.713	-0.750	-0.236	-0.817	-0.938	-0.149	-0.708	-0.818	-0.148	-0.933	-0.710	-0.931	-0.936	-0.937	-0.937	-0.736	-0.885	-0.886	-0.969	-0.965	-0.692	-0.965	-0.967	-0.706	-0.965	-0.944	-0.685	-0.964	-0.681	-0.122	-0.765	-0.765	-0.776	-0.775	-0.961	-0.351	-0.333	-0.343	-0.326	-0.319	-0.713	-0.964	-0.714	-0.709	-0.902	-0.318	-0.318	-0.902	-0.715	-0.273	-0.957	-0.964	-0.317	-0.962	-0.962	-0.776	-0.962	-0.319	-0.962	-0.959	-0.730	-0.170	-0.895	-0.761	-0.898	-0.765	-0.777	-0.885	-0.289	-0.330	-0.762	-0.718	-0.905	-0.945	-0.786	-0.776	-0.373	-0.373	-0.778	-0.373	-0.772	-0.897	-0.944	-0.967	-0.790	-0.788	-0.766	-0.718	-0.381	-0.360	-0.794	-0.351	-0.773	-0.394	-0.724	-0.797	-0.798	-0.401	-0.887	-0.805	-0.966	-0.751	-0.405	-0.812	-0.725	-0.404	-0.730	-0.611	-0.594	-0.622	-0.407	-0.620	-0.814	-0.837	-0.824	-0.520	-0.832	-0.831	-0.937	-0.953	-0.888	-0.908	-0.827	-0.794	-0.908	-0.776	-0.530	-0.724	-0.728	
rs72704334     -0.878	-0.875	-0.880	-0.881	-0.879	-0.818	-0.820	-0.820	-0.529	-0.575	+0.222	-0.594	-0.523	-0.595	-0.472	-0.593	-0.510	-0.594	-0.596	-0.348	-0.506	+0.024	-0.529	-0.805	-0.529	-0.527	-0.527	-0.526	-0.865	-0.512	-0.492	-0.492	-0.911	-0.502	-0.502	+0.008	-0.518	-0.461	-0.766	-0.474	+0.035	-0.918	-0.192	-0.911	-0.714	-0.907	-0.916	-0.127	-0.867	-0.125	-0.803	-0.143	-0.748	-0.919	-0.157	-0.732	-0.238	-0.745	-0.950	-0.711	-0.747	-0.227	-0.814	-0.935	-0.140	-0.704	-0.815	-0.139	-0.931	-0.706	-0.928	-0.933	-0.934	-0.934	-0.732	-0.882	-0.883	-0.966	-0.963	-0.689	-0.962	-0.964	-0.702	-0.962	-0.941	-0.682	-0.961	-0.677	-0.113	-0.763	-0.762	-0.773	-0.772	-0.958	-0.345	-0.328	-0.338	-0.320	-0.313	-0.710	-0.962	-0.711	-0.706	-0.899	-0.313	-0.313	-0.899	-0.712	-0.268	-0.954	-0.960	-0.312	-0.959	-0.959	-0.773	-0.959	-0.313	-0.959	-0.957	-0.728	-0.168	-0.891	-0.759	-0.896	-0.763	-0.774	-0.882	-0.283	-0.325	-0.759	-0.715	-0.902	-0.942	-0.783	-0.774	-0.368	-0.368	-0.775	-0.368	-0.769	-0.893	-0.941	-0.964	-0.788	-0.786	-0.764	-0.716	-0.376	-0.355	-0.791	-0.345	-0.770	-0.389	-0.722	-0.795	-0.796	-0.396	-0.883	-0.802	-0.964	-0.748	-0.400	-0.810	-0.723	-0.398	-0.727	-0.606	-0.590	-0.618	-0.402	-0.615	-0.812	-0.833	-0.821	-0.516	-0.829	-0.829	-0.933	-0.950	-0.884	-0.905	-0.824	-0.791	-0.904	-0.773	-0.526	-0.721	-0.725	
rs72704338     -0.879	-0.875	-0.880	-0.882	-0.880	-0.819	-0.821	-0.821	-0.529	-0.576	+0.222	-0.595	-0.524	-0.595	-0.593	-0.473	-0.511	-0.594	-0.596	-0.348	-0.507	+0.022	-0.530	-0.806	-0.530	-0.528	-0.527	-0.527	-0.866	-0.513	-0.493	-0.493	-0.912	-0.503	-0.503	+0.006	-0.519	-0.461	-0.767	-0.475	+0.033	-0.918	-0.194	-0.911	-0.715	-0.907	-0.916	-0.129	-0.867	-0.127	-0.803	-0.144	-0.749	-0.920	-0.159	-0.732	-0.239	-0.746	-0.950	-0.711	-0.747	-0.229	-0.814	-0.935	-0.142	-0.705	-0.816	-0.141	-0.931	-0.707	-0.929	-0.933	-0.935	-0.935	-0.733	-0.882	-0.883	-0.967	-0.963	-0.689	-0.962	-0.964	-0.703	-0.962	-0.942	-0.682	-0.962	-0.678	-0.114	-0.763	-0.763	-0.773	-0.773	-0.959	-0.346	-0.329	-0.339	-0.321	-0.314	-0.711	-0.962	-0.712	-0.707	-0.900	-0.314	-0.314	-0.899	-0.712	-0.269	-0.954	-0.961	-0.313	-0.960	-0.960	-0.773	-0.960	-0.314	-0.960	-0.957	-0.728	-0.168	-0.892	-0.759	-0.896	-0.763	-0.775	-0.882	-0.284	-0.326	-0.760	-0.716	-0.902	-0.942	-0.784	-0.774	-0.369	-0.369	-0.776	-0.369	-0.770	-0.894	-0.941	-0.965	-0.788	-0.786	-0.765	-0.716	-0.377	-0.356	-0.792	-0.346	-0.770	-0.390	-0.722	-0.795	-0.796	-0.397	-0.884	-0.803	-0.964	-0.749	-0.401	-0.810	-0.723	-0.399	-0.728	-0.607	-0.590	-0.618	-0.403	-0.616	-0.812	-0.834	-0.822	-0.516	-0.830	-0.829	-0.934	-0.951	-0.885	-0.905	-0.825	-0.792	-0.905	-0.773	-0.527	-0.722	-0.726	
rs3790035      -0.686	-0.684	-0.688	-0.688	-0.687	-0.605	-0.607	-0.607	-0.463	-0.385	+0.295	-0.530	-0.383	-0.515	-0.510	-0.511	-0.263	-0.511	-0.517	-0.304	-0.374	-0.510	-0.621	-0.466	-0.620	-0.620	-0.619	-0.619	-0.642	-0.613	-0.603	-0.603	-0.640	-0.609	-0.609	-0.515	-0.616	-0.527	-0.547	-0.594	-0.504	-0.659	-0.591	-0.659	-0.466	-0.648	-0.703	-0.473	-0.688	-0.472	-0.648	-0.479	-0.596	-0.696	-0.484	-0.597	-0.520	-0.597	-0.632	-0.460	-0.597	-0.515	-0.655	-0.709	-0.472	-0.595	-0.656	-0.471	-0.714	-0.595	-0.659	-0.682	-0.686	-0.690	-0.597	-0.694	-0.694	-0.756	-0.750	-0.432	-0.748	-0.753	-0.595	-0.749	-0.734	-0.591	-0.748	-0.590	-0.454	-0.488	-0.642	-0.597	-0.645	-0.769	-0.391	-0.378	-0.385	-0.373	-0.368	-0.460	-0.771	-0.462	-0.455	-0.703	-0.367	-0.367	-0.703	-0.462	-0.327	-0.732	-0.745	-0.366	-0.743	-0.743	-0.611	-0.743	-0.367	-0.743	-0.769	-0.626	-0.074	-0.612	-0.641	-0.703	-0.642	-0.647	-0.599	-0.345	-0.370	-0.641	-0.467	-0.619	-0.710	-0.649	-0.647	-0.395	-0.395	-0.647	-0.395	-0.645	-0.607	-0.710	-0.769	-0.651	-0.641	-0.633	-0.627	-0.394	-0.385	-0.653	-0.378	-0.602	-0.410	-0.628	-0.652	-0.652	-0.415	-0.595	-0.656	-0.766	-0.540	-0.418	-0.659	-0.477	-0.416	-0.483	-0.586	-0.576	-0.592	-0.418	-0.592	-0.659	-0.524	-0.661	-0.497	-0.663	-0.663	-0.701	-0.727	-0.597	-0.624	-0.662	-0.649	-0.625	-0.682	-0.499	-0.489	-0.494	
rs12437272     -0.879	-0.875	-0.881	-0.882	-0.880	-0.819	-0.821	-0.821	-0.529	-0.576	+0.222	-0.596	-0.524	-0.596	-0.594	-0.594	-0.511	-0.473	-0.596	-0.349	-0.507	+0.022	-0.530	-0.806	-0.530	-0.528	-0.528	-0.528	-0.866	-0.513	-0.493	-0.494	-0.912	-0.503	-0.503	+0.005	-0.519	-0.462	-0.767	-0.475	+0.033	-0.918	-0.194	-0.912	-0.715	-0.908	-0.917	-0.129	-0.867	-0.127	-0.803	-0.145	-0.749	-0.920	-0.159	-0.732	-0.239	-0.746	-0.950	-0.711	-0.747	-0.229	-0.814	-0.936	-0.142	-0.705	-0.816	-0.141	-0.931	-0.707	-0.929	-0.934	-0.935	-0.935	-0.733	-0.882	-0.884	-0.967	-0.963	-0.690	-0.962	-0.965	-0.703	-0.963	-0.942	-0.682	-0.962	-0.678	-0.114	-0.763	-0.763	-0.774	-0.773	-0.959	-0.347	-0.329	-0.339	-0.322	-0.315	-0.711	-0.963	-0.712	-0.707	-0.900	-0.314	-0.314	-0.900	-0.713	-0.269	-0.955	-0.961	-0.313	-0.960	-0.960	-0.774	-0.960	-0.315	-0.960	-0.958	-0.728	-0.169	-0.892	-0.759	-0.896	-0.763	-0.775	-0.882	-0.284	-0.326	-0.760	-0.716	-0.902	-0.943	-0.784	-0.775	-0.369	-0.369	-0.776	-0.369	-0.770	-0.894	-0.941	-0.965	-0.788	-0.786	-0.765	-0.716	-0.377	-0.356	-0.792	-0.347	-0.771	-0.390	-0.723	-0.795	-0.797	-0.397	-0.884	-0.803	-0.964	-0.749	-0.401	-0.810	-0.723	-0.400	-0.728	-0.607	-0.591	-0.619	-0.403	-0.616	-0.813	-0.834	-0.822	-0.517	-0.830	-0.829	-0.934	-0.951	-0.885	-0.905	-0.825	-0.792	-0.905	-0.774	-0.527	-0.722	-0.726	
rs12437224     -0.882	-0.879	-0.884	-0.885	-0.883	-0.823	-0.825	-0.825	-0.534	-0.579	+0.219	-0.602	-0.531	-0.599	-0.596	-0.596	-0.517	-0.596	-0.477	-0.350	-0.513	+0.006	-0.538	-0.810	-0.537	-0.536	-0.535	-0.535	-0.870	-0.520	-0.501	-0.501	-0.916	-0.511	-0.511	-0.011	-0.526	-0.468	-0.771	-0.482	+0.016	-0.922	-0.209	-0.916	-0.719	-0.912	-0.920	-0.142	-0.871	-0.139	-0.808	-0.157	-0.754	-0.924	-0.171	-0.737	-0.251	-0.751	-0.954	-0.715	-0.752	-0.240	-0.819	-0.939	-0.154	-0.710	-0.820	-0.153	-0.935	-0.712	-0.933	-0.937	-0.939	-0.939	-0.738	-0.886	-0.888	-0.971	-0.967	-0.694	-0.966	-0.969	-0.708	-0.967	-0.946	-0.687	-0.966	-0.683	-0.126	-0.767	-0.766	-0.777	-0.776	-0.962	-0.354	-0.336	-0.346	-0.329	-0.322	-0.715	-0.966	-0.716	-0.711	-0.904	-0.321	-0.322	-0.903	-0.716	-0.277	-0.959	-0.965	-0.320	-0.964	-0.964	-0.778	-0.964	-0.322	-0.964	-0.961	-0.732	-0.171	-0.897	-0.763	-0.900	-0.767	-0.778	-0.887	-0.292	-0.333	-0.763	-0.720	-0.907	-0.947	-0.787	-0.778	-0.376	-0.376	-0.779	-0.376	-0.773	-0.899	-0.946	-0.968	-0.792	-0.790	-0.768	-0.720	-0.384	-0.363	-0.795	-0.354	-0.775	-0.397	-0.726	-0.799	-0.800	-0.404	-0.889	-0.806	-0.968	-0.753	-0.408	-0.814	-0.727	-0.406	-0.732	-0.613	-0.597	-0.625	-0.410	-0.622	-0.816	-0.839	-0.825	-0.523	-0.833	-0.833	-0.939	-0.955	-0.890	-0.910	-0.828	-0.795	-0.910	-0.779	-0.533	-0.726	-0.730	
rs2144835      -0.382	-0.383	-0.382	-0.382	-0.381	-0.197	-0.203	-0.203	-0.140	-0.240	+0.312	-0.351	-0.311	-0.349	-0.348	-0.348	-0.304	-0.349	-0.350	+0.050	-0.303	-0.217	-0.047	-0.278	-0.046	-0.045	-0.044	-0.044	+0.062	-0.029	-0.012	-0.012	-0.376	-0.020	-0.020	-0.221	-0.034	-0.014	-0.107	+0.007	-0.210	-0.357	-0.287	-0.369	+0.046	-0.379	-0.280	-0.192	-0.331	-0.186	-0.223	-0.198	-0.379	-0.307	-0.204	-0.372	-0.236	-0.378	-0.466	+0.054	-0.378	-0.234	-0.239	-0.287	-0.194	-0.359	-0.242	-0.192	-0.263	-0.360	-0.383	-0.356	-0.349	-0.343	-0.372	-0.355	-0.358	-0.469	-0.474	+0.100	-0.474	-0.471	-0.358	-0.473	-0.478	-0.348	-0.473	-0.345	-0.175	-0.243	-0.369	-0.310	-0.374	-0.438	-0.166	-0.155	-0.161	-0.150	-0.145	+0.044	-0.448	+0.042	+0.054	-0.380	-0.145	-0.145	-0.379	+0.041	-0.112	-0.481	-0.479	-0.144	-0.480	-0.479	-0.309	-0.480	-0.145	-0.479	-0.435	-0.350	+0.006	-0.424	-0.368	-0.372	-0.370	-0.376	-0.416	-0.126	-0.148	-0.368	+0.032	-0.431	-0.454	-0.379	-0.375	-0.175	-0.175	-0.376	-0.175	-0.373	-0.424	-0.453	-0.463	-0.381	-0.365	-0.355	-0.360	-0.175	-0.166	-0.383	-0.160	-0.300	-0.187	-0.361	-0.382	-0.382	-0.192	-0.415	-0.388	-0.470	-0.218	-0.194	-0.391	+0.012	-0.192	+0.000	-0.299	-0.293	-0.305	-0.194	-0.304	-0.392	-0.368	-0.395	-0.263	-0.398	-0.398	-0.445	-0.482	-0.415	-0.433	-0.396	-0.377	-0.433	-0.416	-0.265	-0.008	-0.015	
rs11629171     -0.683	-0.680	-0.685	-0.685	-0.684	-0.601	-0.604	-0.604	-0.460	-0.382	+0.297	-0.526	-0.383	-0.511	-0.506	-0.507	-0.374	-0.507	-0.513	-0.303	-0.260	-0.508	-0.619	-0.462	-0.618	-0.618	-0.617	-0.617	-0.639	-0.611	-0.601	-0.602	-0.637	-0.607	-0.607	-0.513	-0.614	-0.525	-0.544	-0.592	-0.502	-0.656	-0.588	-0.656	-0.462	-0.644	-0.699	-0.471	-0.685	-0.469	-0.645	-0.476	-0.593	-0.693	-0.481	-0.594	-0.518	-0.594	-0.628	-0.456	-0.594	-0.512	-0.652	-0.706	-0.470	-0.593	-0.653	-0.469	-0.711	-0.592	-0.656	-0.678	-0.683	-0.686	-0.594	-0.691	-0.691	-0.753	-0.746	-0.428	-0.745	-0.749	-0.592	-0.745	-0.730	-0.588	-0.744	-0.587	-0.451	-0.484	-0.639	-0.594	-0.643	-0.766	-0.388	-0.375	-0.383	-0.370	-0.365	-0.457	-0.768	-0.458	-0.451	-0.699	-0.364	-0.364	-0.700	-0.459	-0.324	-0.728	-0.742	-0.363	-0.739	-0.740	-0.607	-0.739	-0.364	-0.740	-0.765	-0.623	-0.072	-0.608	-0.638	-0.699	-0.640	-0.644	-0.595	-0.343	-0.368	-0.638	-0.463	-0.615	-0.707	-0.646	-0.644	-0.393	-0.393	-0.644	-0.393	-0.642	-0.603	-0.707	-0.766	-0.649	-0.639	-0.630	-0.624	-0.391	-0.382	-0.650	-0.375	-0.599	-0.407	-0.626	-0.649	-0.650	-0.412	-0.591	-0.653	-0.763	-0.537	-0.415	-0.656	-0.473	-0.413	-0.479	-0.583	-0.573	-0.589	-0.415	-0.589	-0.657	-0.520	-0.658	-0.495	-0.660	-0.660	-0.698	-0.723	-0.593	-0.621	-0.659	-0.646	-0.621	-0.679	-0.497	-0.486	-0.490	
rs2144833      -0.642	-0.640	-0.644	-0.644	-0.643	-0.523	-0.527	-0.527	-0.375	-0.457	+0.197	-0.031	-0.518	+0.011	+0.024	+0.022	-0.510	+0.022	+0.006	-0.217	-0.508	-0.214	-0.594	-0.540	-0.594	-0.593	-0.593	-0.593	-0.596	-0.585	-0.576	-0.576	-0.651	-0.581	-0.581	-0.336	-0.588	-0.466	-0.521	-0.566	-0.327	-0.638	-0.394	-0.645	-0.497	-0.651	-0.584	-0.419	-0.637	-0.425	-0.614	-0.425	-0.606	-0.603	-0.430	-0.596	-0.458	-0.604	-0.677	-0.493	-0.605	-0.453	-0.619	-0.609	-0.423	-0.580	-0.619	-0.422	-0.592	-0.581	-0.664	-0.652	-0.647	-0.644	-0.597	-0.635	-0.634	-0.628	-0.642	-0.477	-0.644	-0.635	-0.578	-0.642	-0.666	-0.564	-0.644	-0.561	-0.412	-0.502	-0.540	-0.452	-0.549	-0.548	-0.452	-0.442	-0.448	-0.438	-0.434	-0.493	-0.572	-0.494	-0.490	-0.638	-0.433	-0.433	-0.639	-0.494	-0.405	-0.672	-0.661	-0.433	-0.664	-0.663	-0.482	-0.663	-0.434	-0.663	-0.547	-0.507	-0.153	-0.683	-0.538	-0.643	-0.541	-0.552	-0.686	-0.416	-0.439	-0.538	-0.496	-0.684	-0.657	-0.561	-0.551	-0.457	-0.457	-0.552	-0.457	-0.547	-0.687	-0.658	-0.610	-0.563	-0.549	-0.529	-0.500	-0.461	-0.449	-0.567	-0.444	-0.483	-0.468	-0.503	-0.567	-0.568	-0.472	-0.689	-0.576	-0.628	-0.533	-0.475	-0.583	-0.501	-0.473	-0.504	-0.583	-0.577	-0.587	-0.475	-0.587	-0.584	-0.691	-0.593	-0.529	-0.600	-0.599	-0.668	-0.685	-0.690	-0.685	-0.595	-0.563	-0.685	-0.649	-0.533	-0.506	-0.509	
rs8023023      -0.755	-0.751	-0.756	-0.757	-0.756	-0.684	-0.686	-0.686	-0.511	-0.503	+0.180	-0.553	-0.628	-0.535	-0.529	-0.530	-0.621	-0.530	-0.538	-0.047	-0.619	-0.594	-0.344	-0.623	-0.462	-0.462	-0.462	-0.462	-0.651	-0.461	-0.450	-0.450	-0.636	-0.455	-0.456	-0.599	-0.473	-0.586	-0.628	-0.430	-0.588	-0.665	-0.671	-0.681	-0.626	-0.666	-0.743	-0.562	-0.746	-0.560	-0.730	-0.567	-0.725	-0.732	-0.572	-0.719	-0.607	-0.724	-0.767	-0.625	-0.725	-0.602	-0.732	-0.735	-0.561	-0.707	-0.733	-0.560	-0.747	-0.707	-0.671	-0.695	-0.703	-0.709	-0.719	-0.742	-0.740	-0.845	-0.840	-0.612	-0.839	-0.842	-0.705	-0.839	-0.830	-0.695	-0.838	-0.692	-0.543	-0.605	-0.711	-0.655	-0.717	-0.842	-0.507	-0.495	-0.502	-0.490	-0.485	-0.624	-0.846	-0.625	-0.622	-0.742	-0.484	-0.484	-0.744	-0.625	-0.449	-0.826	-0.836	-0.484	-0.834	-0.834	-0.672	-0.834	-0.485	-0.834	-0.841	-0.687	-0.179	-0.811	-0.709	-0.748	-0.711	-0.719	-0.804	-0.464	-0.489	-0.709	-0.626	-0.814	-0.851	-0.725	-0.718	-0.511	-0.511	-0.719	-0.510	-0.715	-0.807	-0.851	-0.849	-0.727	-0.713	-0.699	-0.662	-0.512	-0.501	-0.729	-0.495	-0.665	-0.524	-0.664	-0.729	-0.730	-0.529	-0.801	-0.736	-0.849	-0.638	-0.532	-0.740	-0.630	-0.530	-0.632	-0.684	-0.673	-0.690	-0.532	-0.689	-0.741	-0.759	-0.747	-0.605	-0.751	-0.751	-0.848	-0.820	-0.801	-0.815	-0.748	-0.725	-0.815	-0.729	-0.608	-0.635	-0.637	
rs8022616      -0.875	-0.870	-0.877	-0.878	-0.876	-0.827	-0.829	-0.829	-0.556	-0.552	+0.263	-0.817	-0.482	-0.808	-0.805	-0.806	-0.466	-0.806	-0.810	-0.278	-0.462	-0.540	-0.623	-0.474	-0.622	-0.621	-0.621	-0.621	-0.870	-0.608	-0.590	-0.590	-0.925	-0.599	-0.599	-0.546	-0.613	-0.549	-0.772	-0.574	-0.532	-0.928	-0.657	-0.918	-0.722	-0.916	-0.911	-0.507	-0.882	-0.501	-0.827	-0.514	-0.685	-0.918	-0.522	-0.667	-0.568	-0.682	-0.957	-0.718	-0.684	-0.563	-0.836	-0.930	-0.508	-0.634	-0.837	-0.506	-0.924	-0.635	-0.934	-0.936	-0.936	-0.935	-0.667	-0.893	-0.894	-0.976	-0.975	-0.697	-0.975	-0.975	-0.631	-0.974	-0.964	-0.606	-0.974	-0.601	-0.486	-0.676	-0.717	-0.803	-0.729	-0.951	-0.494	-0.479	-0.488	-0.473	-0.467	-0.718	-0.959	-0.719	-0.714	-0.906	-0.467	-0.467	-0.906	-0.719	-0.426	-0.971	-0.975	-0.466	-0.974	-0.974	-0.815	-0.974	-0.467	-0.974	-0.950	-0.677	-0.132	-0.930	-0.713	-0.904	-0.718	-0.731	-0.923	-0.442	-0.474	-0.714	-0.722	-0.934	-0.965	-0.742	-0.730	-0.501	-0.501	-0.732	-0.501	-0.725	-0.927	-0.965	-0.968	-0.746	-0.746	-0.720	-0.672	-0.506	-0.490	-0.750	-0.482	-0.805	-0.518	-0.683	-0.758	-0.760	-0.524	-0.920	-0.763	-0.971	-0.753	-0.528	-0.772	-0.729	-0.526	-0.734	-0.704	-0.689	-0.713	-0.529	-0.711	-0.774	-0.879	-0.785	-0.622	-0.795	-0.794	-0.961	-0.968	-0.920	-0.935	-0.789	-0.755	-0.935	-0.823	-0.627	-0.731	-0.735	
rs2180401      -0.754	-0.751	-0.756	-0.757	-0.755	-0.683	-0.686	-0.686	-0.511	-0.502	+0.180	-0.553	-0.628	-0.534	-0.529	-0.530	-0.620	-0.530	-0.537	-0.046	-0.618	-0.594	-0.462	-0.622	-0.343	-0.461	-0.461	-0.461	-0.651	-0.460	-0.449	-0.449	-0.635	-0.454	-0.455	-0.598	-0.472	-0.586	-0.628	-0.428	-0.588	-0.664	-0.670	-0.680	-0.626	-0.665	-0.743	-0.561	-0.745	-0.560	-0.729	-0.567	-0.725	-0.731	-0.572	-0.718	-0.606	-0.724	-0.767	-0.624	-0.724	-0.601	-0.732	-0.735	-0.561	-0.706	-0.732	-0.560	-0.746	-0.707	-0.670	-0.695	-0.703	-0.708	-0.718	-0.741	-0.740	-0.844	-0.839	-0.612	-0.838	-0.841	-0.705	-0.839	-0.829	-0.695	-0.838	-0.692	-0.543	-0.604	-0.710	-0.654	-0.717	-0.841	-0.506	-0.495	-0.502	-0.490	-0.485	-0.624	-0.846	-0.624	-0.621	-0.742	-0.484	-0.484	-0.743	-0.624	-0.449	-0.825	-0.835	-0.483	-0.833	-0.834	-0.672	-0.834	-0.484	-0.834	-0.840	-0.686	-0.179	-0.810	-0.708	-0.748	-0.711	-0.718	-0.803	-0.463	-0.489	-0.708	-0.626	-0.814	-0.851	-0.724	-0.718	-0.510	-0.510	-0.719	-0.510	-0.715	-0.807	-0.851	-0.848	-0.727	-0.713	-0.699	-0.662	-0.512	-0.501	-0.729	-0.494	-0.665	-0.524	-0.664	-0.728	-0.729	-0.529	-0.800	-0.735	-0.849	-0.637	-0.532	-0.740	-0.629	-0.530	-0.631	-0.684	-0.672	-0.690	-0.532	-0.689	-0.741	-0.758	-0.746	-0.605	-0.751	-0.750	-0.847	-0.819	-0.800	-0.815	-0.748	-0.725	-0.815	-0.729	-0.608	-0.635	-0.637	
rs2144832      -0.753	-0.750	-0.755	-0.756	-0.754	-0.682	-0.685	-0.685	-0.510	-0.501	+0.181	-0.551	-0.627	-0.533	-0.527	-0.528	-0.620	-0.528	-0.536	-0.045	-0.618	-0.593	-0.462	-0.621	-0.461	-0.342	-0.460	-0.460	-0.649	-0.457	-0.447	-0.447	-0.633	-0.452	-0.453	-0.598	-0.470	-0.586	-0.627	-0.426	-0.587	-0.663	-0.670	-0.678	-0.625	-0.663	-0.741	-0.561	-0.744	-0.559	-0.728	-0.566	-0.724	-0.730	-0.571	-0.717	-0.606	-0.723	-0.766	-0.623	-0.723	-0.601	-0.731	-0.733	-0.560	-0.705	-0.731	-0.559	-0.745	-0.706	-0.669	-0.693	-0.701	-0.707	-0.717	-0.740	-0.738	-0.843	-0.838	-0.611	-0.837	-0.840	-0.704	-0.837	-0.828	-0.694	-0.837	-0.691	-0.543	-0.603	-0.709	-0.653	-0.716	-0.840	-0.506	-0.494	-0.501	-0.489	-0.484	-0.623	-0.845	-0.623	-0.620	-0.740	-0.483	-0.483	-0.742	-0.623	-0.448	-0.824	-0.834	-0.483	-0.832	-0.833	-0.671	-0.832	-0.484	-0.833	-0.839	-0.685	-0.178	-0.809	-0.707	-0.747	-0.710	-0.717	-0.802	-0.463	-0.488	-0.708	-0.625	-0.813	-0.850	-0.723	-0.717	-0.509	-0.509	-0.718	-0.509	-0.714	-0.806	-0.850	-0.847	-0.726	-0.712	-0.698	-0.661	-0.511	-0.500	-0.728	-0.493	-0.664	-0.523	-0.663	-0.728	-0.728	-0.528	-0.799	-0.734	-0.847	-0.636	-0.531	-0.739	-0.628	-0.529	-0.630	-0.683	-0.671	-0.689	-0.531	-0.688	-0.740	-0.757	-0.745	-0.604	-0.750	-0.749	-0.846	-0.818	-0.799	-0.814	-0.747	-0.724	-0.813	-0.728	-0.607	-0.634	-0.636	
rs1950661      -0.753	-0.749	-0.754	-0.755	-0.754	-0.682	-0.684	-0.684	-0.509	-0.501	+0.181	-0.551	-0.627	-0.532	-0.527	-0.527	-0.619	-0.528	-0.535	-0.044	-0.617	-0.593	-0.462	-0.621	-0.461	-0.460	-0.342	-0.460	-0.648	-0.456	-0.446	-0.446	-0.633	-0.450	-0.451	-0.597	-0.469	-0.585	-0.626	-0.425	-0.587	-0.662	-0.669	-0.678	-0.624	-0.663	-0.741	-0.560	-0.744	-0.559	-0.727	-0.566	-0.723	-0.729	-0.571	-0.717	-0.605	-0.722	-0.765	-0.623	-0.723	-0.600	-0.730	-0.732	-0.560	-0.705	-0.731	-0.559	-0.744	-0.706	-0.668	-0.692	-0.700	-0.706	-0.717	-0.739	-0.738	-0.842	-0.838	-0.610	-0.836	-0.839	-0.703	-0.837	-0.827	-0.693	-0.836	-0.691	-0.542	-0.602	-0.709	-0.653	-0.715	-0.840	-0.505	-0.493	-0.500	-0.488	-0.484	-0.622	-0.844	-0.622	-0.620	-0.740	-0.483	-0.483	-0.741	-0.623	-0.448	-0.824	-0.833	-0.482	-0.832	-0.832	-0.670	-0.832	-0.483	-0.832	-0.839	-0.685	-0.178	-0.809	-0.707	-0.746	-0.709	-0.717	-0.802	-0.462	-0.488	-0.707	-0.624	-0.812	-0.849	-0.723	-0.717	-0.509	-0.509	-0.717	-0.509	-0.713	-0.805	-0.849	-0.847	-0.725	-0.711	-0.697	-0.660	-0.511	-0.500	-0.727	-0.493	-0.663	-0.523	-0.662	-0.727	-0.728	-0.528	-0.798	-0.734	-0.847	-0.636	-0.530	-0.738	-0.628	-0.529	-0.630	-0.682	-0.671	-0.688	-0.531	-0.688	-0.739	-0.757	-0.745	-0.604	-0.749	-0.749	-0.846	-0.818	-0.798	-0.813	-0.746	-0.723	-0.813	-0.727	-0.606	-0.633	-0.635	
rs1950660      -0.753	-0.749	-0.754	-0.755	-0.754	-0.682	-0.684	-0.684	-0.509	-0.501	+0.181	-0.551	-0.627	-0.532	-0.526	-0.527	-0.619	-0.528	-0.535	-0.044	-0.617	-0.593	-0.462	-0.621	-0.461	-0.460	-0.460	-0.342	-0.648	-0.456	-0.446	-0.446	-0.632	-0.450	-0.451	-0.597	-0.469	-0.585	-0.626	-0.425	-0.587	-0.662	-0.669	-0.678	-0.624	-0.663	-0.741	-0.560	-0.743	-0.559	-0.727	-0.566	-0.723	-0.729	-0.571	-0.717	-0.605	-0.722	-0.765	-0.623	-0.723	-0.600	-0.730	-0.732	-0.560	-0.705	-0.730	-0.559	-0.744	-0.706	-0.668	-0.692	-0.700	-0.706	-0.717	-0.739	-0.738	-0.842	-0.838	-0.610	-0.836	-0.839	-0.703	-0.837	-0.827	-0.693	-0.836	-0.691	-0.542	-0.602	-0.709	-0.652	-0.715	-0.840	-0.505	-0.493	-0.500	-0.488	-0.484	-0.622	-0.844	-0.622	-0.620	-0.740	-0.483	-0.483	-0.741	-0.623	-0.447	-0.824	-0.833	-0.482	-0.832	-0.832	-0.670	-0.832	-0.483	-0.832	-0.839	-0.685	-0.178	-0.809	-0.707	-0.746	-0.709	-0.717	-0.802	-0.462	-0.488	-0.707	-0.624	-0.812	-0.849	-0.723	-0.716	-0.509	-0.509	-0.717	-0.509	-0.713	-0.805	-0.849	-0.847	-0.725	-0.711	-0.697	-0.660	-0.511	-0.500	-0.727	-0.493	-0.663	-0.523	-0.662	-0.727	-0.728	-0.528	-0.798	-0.734	-0.847	-0.636	-0.530	-0.738	-0.628	-0.529	-0.630	-0.682	-0.671	-0.688	-0.531	-0.687	-0.739	-0.757	-0.745	-0.604	-0.749	-0.749	-0.846	-0.818	-0.798	-0.813	-0.746	-0.723	-0.813	-0.727	-0.606	-0.633	-0.635	
rs11622665     -0.937	-0.932	-0.939	-0.940	-0.938	-0.890	-0.892	-0.892	-0.617	-0.613	+0.210	-0.877	-0.654	-0.868	-0.865	-0.866	-0.642	-0.866	-0.870	+0.062	-0.639	-0.596	-0.651	-0.870	-0.651	-0.649	-0.648	-0.648	-0.542	-0.633	-0.616	-0.616	-0.983	-0.624	-0.624	-0.602	-0.639	-0.594	-0.778	-0.597	-0.587	-0.986	-0.715	-0.978	-0.720	-0.975	-0.971	-0.565	-0.927	-0.558	-0.864	-0.573	-0.834	-0.978	-0.580	-0.819	-0.627	-0.831	-1.026	-0.716	-0.832	-0.622	-0.874	-0.989	-0.566	-0.794	-0.876	-0.564	-0.983	-0.795	-0.994	-0.995	-0.995	-0.994	-0.819	-0.938	-0.939	-1.048	-1.047	-0.690	-1.047	-1.047	-0.791	-1.046	-1.034	-0.771	-1.046	-0.767	-0.543	-0.827	-0.802	-0.866	-0.813	-1.022	-0.537	-0.522	-0.531	-0.516	-0.510	-0.718	-1.029	-0.720	-0.713	-0.955	-0.509	-0.509	-0.955	-0.720	-0.467	-1.043	-1.047	-0.508	-1.046	-1.046	-0.878	-1.046	-0.510	-1.046	-1.021	-0.765	-0.196	-0.984	-0.799	-0.953	-0.803	-0.815	-0.977	-0.485	-0.517	-0.799	-0.725	-0.989	-1.012	-0.826	-0.815	-0.546	-0.546	-0.816	-0.546	-0.810	-0.982	-1.012	-1.038	-0.830	-0.829	-0.805	-0.743	-0.550	-0.534	-0.833	-0.526	-0.868	-0.563	-0.750	-0.837	-0.839	-0.569	-0.975	-0.845	-1.040	-0.835	-0.573	-0.853	-0.734	-0.572	-0.740	-0.749	-0.736	-0.758	-0.574	-0.756	-0.856	-0.933	-0.866	-0.670	-0.875	-0.874	-1.008	-1.040	-0.975	-0.991	-0.869	-0.834	-0.991	-0.880	-0.676	-0.740	-0.744	
