## Summary of overall evidence for association with region:
## log10(BF for region) = 0.516467
## p-value for region = NA

## BFs for choosing among multi-SNP models:
## log10(average 1-SNP BF) = 0.533259
## log10(average 2-SNP BF) = 0.4808

## Example posterior probabilities for multi-SNP models, based on default prior: [p(l) propto 0.5^l for l=1,2,...,L]
## posterior probability of 1-SNP = 0.692948
## posterior probability of 2-SNP = 0.307052

## log10(BF) for single SNP and pair of SNPs:
rs3761260      -0.476	-0.616	-0.905	-0.588	-0.920	-0.572	-0.579	-0.921	-0.584	-0.917	-0.620	-0.658	-0.598	-0.598	-0.578	-0.583	-0.581	-0.552	-0.818	-0.620	-0.934	-0.941	-0.936	-0.335	-0.932	-0.345	-0.927	-0.974	-0.972	-0.972	-0.740	+0.584	+0.538	+0.567	+0.503	-0.765	-0.585	-0.616	-0.545	-0.580	-0.581	-0.577	+0.445	-0.594	-0.712	+0.281	-0.806	-0.851	-0.844	+0.834	+0.174	-0.063	-0.063	-0.004	-0.058	+0.022	-0.088	+0.026	+0.085	-0.053	-0.057	-0.001	+0.047	+0.095	+0.060	-0.063	+0.011	+0.039	+0.006	-0.027	-0.019	-0.025	+0.018	-0.032	-0.004	-0.030	-0.031	-0.005	-0.031	-0.066	+0.533	-0.062	-0.081	-0.020	-0.079	-0.093	-0.088	-0.112	-0.096	-0.213	-0.099	-0.102	-0.096	-0.110	-0.131	-0.124	-0.135	-0.146	-0.163	+0.154	+0.151	+0.069	+0.113	+0.092	+0.104	+0.333	+0.099	+0.050	+0.079	+0.079	+0.097	+0.354	+0.289	+0.315	+0.618	+0.279	+0.601	+0.652	+0.287	+0.672	+0.798	+0.390	+0.364	+0.381	+0.366	+0.742	+0.733	+0.324	+0.730	+0.733	+0.823	+0.742	+0.740	+0.731	+0.590	+0.609	+0.609	+0.606	+0.509	-0.439	-0.124	-0.445	-0.149	-0.464	-0.183	-0.180	-0.180	-0.479	-0.151	-0.186	-0.187	-0.192	-0.187	-0.192	-0.187	
rs3746703      -0.616	-0.478	-0.909	-0.590	-0.923	-0.574	-0.581	-0.925	-0.586	-0.921	-0.622	-0.661	-0.600	-0.600	-0.580	-0.585	-0.583	-0.554	-0.821	-0.622	-0.937	-0.943	-0.938	-0.336	-0.935	-0.347	-0.930	-0.977	-0.975	-0.975	-0.742	+0.582	+0.536	+0.564	+0.501	-0.767	-0.587	-0.619	-0.548	-0.581	-0.583	-0.579	+0.443	-0.596	-0.714	+0.280	-0.808	-0.853	-0.846	+0.833	+0.171	-0.065	-0.065	-0.005	-0.060	+0.020	-0.090	+0.025	+0.084	-0.055	-0.059	-0.002	+0.046	+0.093	+0.058	-0.064	+0.009	+0.037	+0.005	-0.029	-0.020	-0.027	+0.017	-0.034	-0.005	-0.031	-0.033	-0.006	-0.032	-0.067	+0.532	-0.063	-0.082	-0.022	-0.081	-0.094	-0.090	-0.114	-0.097	-0.215	-0.101	-0.104	-0.098	-0.112	-0.132	-0.126	-0.136	-0.148	-0.164	+0.153	+0.149	+0.067	+0.111	+0.091	+0.103	+0.332	+0.098	+0.048	+0.077	+0.078	+0.096	+0.352	+0.288	+0.313	+0.616	+0.277	+0.599	+0.650	+0.285	+0.670	+0.796	+0.388	+0.363	+0.380	+0.364	+0.740	+0.731	+0.323	+0.728	+0.732	+0.821	+0.740	+0.738	+0.729	+0.588	+0.607	+0.607	+0.604	+0.507	-0.441	-0.126	-0.447	-0.151	-0.466	-0.185	-0.182	-0.182	-0.481	-0.153	-0.188	-0.189	-0.194	-0.189	-0.194	-0.189	
rs163780       -0.905	-0.909	-0.631	-0.554	-0.727	-0.533	-0.542	-0.713	-0.549	-0.770	-0.604	-0.658	-0.579	-0.579	-0.553	-0.560	-0.557	-0.525	-0.859	-0.760	-0.975	-0.987	-0.977	-0.375	-0.973	-0.387	-0.965	-1.058	-1.051	-1.053	-0.738	+0.528	+0.481	+0.371	+0.446	-0.775	-0.584	-0.724	-0.647	-0.578	-0.579	-0.682	+0.383	-0.700	-0.771	+0.196	-0.887	-0.943	-0.935	+0.540	-0.012	-0.151	-0.151	-0.092	-0.146	-0.066	-0.177	-0.061	-0.001	-0.142	-0.146	-0.092	-0.043	+0.004	-0.030	-0.162	-0.087	-0.051	-0.085	-0.119	-0.110	-0.117	-0.072	-0.124	-0.095	-0.121	-0.123	-0.095	-0.122	-0.158	+0.281	-0.153	-0.173	-0.111	-0.171	-0.185	-0.180	-0.203	-0.188	-0.308	-0.192	-0.195	-0.189	-0.203	-0.224	-0.217	-0.228	-0.240	-0.257	+0.073	+0.069	-0.015	+0.030	+0.009	+0.021	+0.104	+0.016	-0.011	+0.019	+0.020	+0.038	+0.107	+0.146	+0.172	+0.441	+0.153	+0.424	+0.475	+0.161	+0.494	+0.619	+0.264	+0.239	+0.256	+0.240	+0.563	+0.554	+0.199	+0.551	+0.554	+0.649	+0.563	+0.561	+0.552	+0.412	+0.431	+0.431	+0.429	+0.331	-0.577	-0.295	-0.583	-0.320	-0.602	-0.353	-0.350	-0.350	-0.617	-0.322	-0.356	-0.357	-0.362	-0.356	-0.362	-0.356	
rs163782       -0.588	-0.590	-0.554	-0.274	-0.605	-0.369	-0.374	-0.615	-0.378	-0.593	-0.442	-0.461	-0.446	-0.445	-0.435	-0.441	-0.438	-0.426	-0.558	-0.511	-0.766	-0.769	-0.766	-0.307	-0.765	-0.316	-0.762	-0.765	-0.770	-0.769	-0.631	+0.578	+0.530	+0.872	+0.495	-0.650	-0.493	-0.497	-0.433	-0.488	-0.489	-0.461	+0.437	-0.476	-0.604	+0.274	-0.678	-0.712	-0.706	+0.760	+0.457	-0.047	-0.047	+0.008	-0.042	+0.032	-0.070	+0.037	+0.091	-0.037	-0.041	+0.021	+0.066	+0.111	+0.078	-0.027	+0.041	+0.059	+0.028	-0.003	+0.005	-0.001	+0.039	-0.008	+0.019	-0.005	-0.007	+0.018	-0.006	-0.039	+0.514	-0.035	-0.052	+0.004	-0.051	-0.063	-0.059	-0.081	-0.066	-0.173	-0.069	-0.072	-0.066	-0.079	-0.098	-0.092	-0.102	-0.112	-0.127	+0.168	+0.165	+0.090	+0.130	+0.111	+0.122	+0.351	+0.118	+0.078	+0.106	+0.107	+0.124	+0.389	+0.354	+0.378	+0.939	+0.527	+0.919	+0.973	+0.535	+0.993	+1.128	+0.641	+0.616	+0.633	+0.617	+1.067	+1.058	+0.574	+1.055	+1.058	+1.161	+1.068	+1.066	+1.056	+0.907	+0.927	+0.927	+0.924	+0.820	-0.242	+0.135	-0.248	+0.108	-0.267	+0.072	+0.075	+0.075	-0.283	+0.105	+0.068	+0.068	+0.062	+0.068	+0.062	+0.068	
rs149265       -0.920	-0.923	-0.727	-0.605	-0.633	-0.584	-0.593	-0.772	-0.599	-0.778	-0.648	-0.698	-0.624	-0.624	-0.598	-0.605	-0.603	-0.571	-0.884	-0.772	-0.996	-1.006	-0.998	-0.403	-0.994	-0.414	-0.988	-1.064	-1.059	-1.061	-0.772	+0.499	+0.453	+0.399	+0.418	-0.807	-0.619	-0.708	-0.629	-0.613	-0.615	-0.665	+0.357	-0.683	-0.794	+0.178	-0.906	-0.959	-0.950	+0.548	+0.010	-0.167	-0.167	-0.108	-0.162	-0.082	-0.192	-0.078	-0.018	-0.157	-0.161	-0.106	-0.057	-0.010	-0.044	-0.173	-0.098	-0.066	-0.098	-0.132	-0.123	-0.130	-0.086	-0.137	-0.109	-0.135	-0.136	-0.109	-0.136	-0.171	+0.288	-0.167	-0.186	-0.125	-0.185	-0.198	-0.194	-0.217	-0.202	-0.321	-0.205	-0.208	-0.202	-0.216	-0.237	-0.230	-0.241	-0.253	-0.270	+0.056	+0.052	-0.031	+0.014	-0.007	+0.005	+0.110	-0.000	-0.033	-0.004	-0.003	+0.015	+0.106	+0.136	+0.162	+0.467	+0.162	+0.448	+0.500	+0.170	+0.520	+0.645	+0.273	+0.248	+0.265	+0.249	+0.588	+0.580	+0.207	+0.577	+0.580	+0.675	+0.589	+0.587	+0.578	+0.436	+0.455	+0.455	+0.452	+0.354	-0.574	-0.283	-0.580	-0.309	-0.599	-0.342	-0.339	-0.339	-0.615	-0.310	-0.345	-0.346	-0.351	-0.346	-0.351	-0.345	
rs184673       -0.572	-0.574	-0.533	-0.369	-0.584	-0.258	-0.366	-0.594	-0.368	-0.572	-0.430	-0.444	-0.436	-0.436	-0.427	-0.432	-0.430	-0.420	-0.538	-0.498	-0.752	-0.755	-0.753	-0.302	-0.751	-0.311	-0.748	-0.750	-0.754	-0.753	-0.620	+0.576	+0.529	+0.892	+0.494	-0.639	-0.482	-0.485	-0.422	-0.478	-0.479	-0.449	+0.437	-0.465	-0.593	+0.277	-0.666	-0.699	-0.694	+0.770	+0.476	-0.042	-0.041	+0.013	-0.037	+0.037	-0.064	+0.042	+0.096	-0.032	-0.035	+0.027	+0.072	+0.116	+0.084	-0.020	+0.048	+0.064	+0.034	+0.003	+0.011	+0.005	+0.045	-0.001	+0.025	+0.001	-0.000	+0.024	-0.000	-0.032	+0.525	-0.028	-0.046	+0.010	-0.044	-0.056	-0.052	-0.074	-0.059	-0.165	-0.062	-0.065	-0.060	-0.072	-0.091	-0.085	-0.095	-0.105	-0.120	+0.174	+0.170	+0.096	+0.136	+0.117	+0.128	+0.362	+0.123	+0.085	+0.112	+0.113	+0.130	+0.401	+0.365	+0.389	+0.958	+0.542	+0.937	+0.992	+0.550	+1.012	+1.146	+0.656	+0.631	+0.648	+0.632	+1.086	+1.077	+0.589	+1.074	+1.077	+1.180	+1.087	+1.085	+1.075	+0.925	+0.945	+0.945	+0.942	+0.838	-0.228	+0.152	-0.234	+0.124	-0.253	+0.089	+0.092	+0.091	-0.268	+0.122	+0.085	+0.084	+0.079	+0.084	+0.079	+0.084	
rs163783       -0.579	-0.581	-0.542	-0.374	-0.593	-0.366	-0.265	-0.603	-0.373	-0.581	-0.435	-0.451	-0.440	-0.440	-0.430	-0.436	-0.433	-0.423	-0.547	-0.503	-0.758	-0.761	-0.759	-0.304	-0.757	-0.313	-0.754	-0.756	-0.761	-0.760	-0.625	+0.577	+0.530	+0.884	+0.495	-0.644	-0.487	-0.490	-0.427	-0.482	-0.483	-0.455	+0.437	-0.470	-0.598	+0.276	-0.671	-0.705	-0.699	+0.765	+0.467	-0.044	-0.044	+0.011	-0.039	+0.035	-0.066	+0.039	+0.094	-0.034	-0.038	+0.024	+0.069	+0.114	+0.081	-0.023	+0.045	+0.062	+0.032	+0.000	+0.008	+0.002	+0.042	-0.004	+0.022	-0.002	-0.003	+0.022	-0.003	-0.035	+0.520	-0.031	-0.049	+0.007	-0.047	-0.059	-0.055	-0.077	-0.062	-0.169	-0.065	-0.068	-0.063	-0.075	-0.094	-0.088	-0.098	-0.108	-0.123	+0.171	+0.168	+0.093	+0.133	+0.114	+0.125	+0.357	+0.121	+0.082	+0.109	+0.110	+0.127	+0.396	+0.360	+0.384	+0.949	+0.535	+0.929	+0.983	+0.543	+1.003	+1.138	+0.649	+0.624	+0.641	+0.625	+1.077	+1.068	+0.582	+1.065	+1.068	+1.171	+1.078	+1.076	+1.066	+0.917	+0.937	+0.936	+0.934	+0.830	-0.234	+0.144	-0.240	+0.117	-0.259	+0.081	+0.084	+0.084	-0.275	+0.114	+0.077	+0.077	+0.071	+0.077	+0.071	+0.077	
rs448943       -0.921	-0.925	-0.713	-0.615	-0.772	-0.594	-0.603	-0.631	-0.609	-0.773	-0.657	-0.706	-0.632	-0.632	-0.607	-0.613	-0.611	-0.580	-0.888	-0.773	-0.999	-1.009	-1.001	-0.407	-0.998	-0.419	-0.991	-1.064	-1.060	-1.061	-0.779	+0.494	+0.448	+0.408	+0.413	-0.813	-0.626	-0.703	-0.624	-0.620	-0.622	-0.659	+0.352	-0.678	-0.799	+0.175	-0.908	-0.961	-0.953	+0.552	+0.017	-0.170	-0.169	-0.110	-0.165	-0.084	-0.195	-0.080	-0.020	-0.159	-0.163	-0.108	-0.059	-0.011	-0.046	-0.174	-0.100	-0.068	-0.100	-0.134	-0.125	-0.132	-0.088	-0.139	-0.110	-0.137	-0.138	-0.111	-0.138	-0.173	+0.291	-0.169	-0.188	-0.127	-0.187	-0.200	-0.195	-0.219	-0.203	-0.322	-0.207	-0.210	-0.204	-0.218	-0.239	-0.232	-0.243	-0.254	-0.271	+0.053	+0.049	-0.034	+0.011	-0.010	+0.002	+0.113	-0.003	-0.038	-0.008	-0.008	+0.010	+0.108	+0.135	+0.161	+0.476	+0.166	+0.457	+0.509	+0.174	+0.529	+0.655	+0.278	+0.252	+0.270	+0.254	+0.597	+0.589	+0.211	+0.586	+0.589	+0.685	+0.598	+0.596	+0.587	+0.445	+0.464	+0.463	+0.461	+0.362	-0.572	-0.278	-0.577	-0.304	-0.596	-0.337	-0.334	-0.334	-0.612	-0.305	-0.341	-0.341	-0.346	-0.341	-0.346	-0.341	
rs13720        -0.584	-0.586	-0.549	-0.378	-0.599	-0.368	-0.373	-0.609	-0.269	-0.587	-0.437	-0.454	-0.441	-0.441	-0.430	-0.436	-0.434	-0.422	-0.551	-0.507	-0.762	-0.765	-0.762	-0.305	-0.761	-0.314	-0.758	-0.760	-0.765	-0.764	-0.628	+0.579	+0.531	+0.878	+0.496	-0.647	-0.490	-0.493	-0.430	-0.486	-0.487	-0.458	+0.438	-0.473	-0.601	+0.275	-0.675	-0.708	-0.703	+0.762	+0.462	-0.046	-0.045	+0.010	-0.041	+0.034	-0.068	+0.038	+0.092	-0.036	-0.039	+0.022	+0.068	+0.112	+0.080	-0.025	+0.043	+0.060	+0.030	-0.002	+0.007	+0.000	+0.040	-0.006	+0.020	-0.004	-0.005	+0.020	-0.005	-0.037	+0.516	-0.033	-0.051	+0.005	-0.049	-0.061	-0.057	-0.079	-0.064	-0.171	-0.067	-0.070	-0.065	-0.077	-0.096	-0.090	-0.100	-0.110	-0.125	+0.170	+0.166	+0.091	+0.132	+0.112	+0.124	+0.354	+0.119	+0.080	+0.107	+0.108	+0.125	+0.392	+0.357	+0.381	+0.944	+0.531	+0.924	+0.978	+0.539	+0.998	+1.132	+0.645	+0.619	+0.637	+0.621	+1.072	+1.063	+0.578	+1.060	+1.063	+1.165	+1.073	+1.071	+1.061	+0.912	+0.932	+0.931	+0.929	+0.825	-0.239	+0.140	-0.244	+0.112	-0.263	+0.077	+0.080	+0.079	-0.279	+0.110	+0.073	+0.072	+0.067	+0.072	+0.067	+0.072	
rs9760         -0.917	-0.921	-0.770	-0.593	-0.778	-0.572	-0.581	-0.773	-0.587	-0.633	-0.636	-0.688	-0.612	-0.611	-0.585	-0.592	-0.590	-0.558	-0.877	-0.769	-0.990	-1.001	-0.993	-0.395	-0.989	-0.406	-0.982	-1.063	-1.057	-1.059	-0.763	+0.507	+0.461	+0.391	+0.426	-0.798	-0.610	-0.713	-0.634	-0.603	-0.605	-0.670	+0.364	-0.688	-0.788	+0.183	-0.901	-0.955	-0.947	+0.545	+0.004	-0.163	-0.163	-0.104	-0.158	-0.078	-0.188	-0.073	-0.014	-0.153	-0.157	-0.102	-0.054	-0.006	-0.041	-0.170	-0.096	-0.062	-0.095	-0.129	-0.120	-0.127	-0.082	-0.134	-0.105	-0.132	-0.133	-0.106	-0.132	-0.168	+0.286	-0.163	-0.183	-0.122	-0.181	-0.195	-0.190	-0.214	-0.198	-0.318	-0.202	-0.205	-0.199	-0.213	-0.234	-0.227	-0.238	-0.250	-0.267	+0.060	+0.056	-0.027	+0.018	-0.003	+0.009	+0.108	+0.004	-0.028	+0.002	+0.002	+0.020	+0.106	+0.138	+0.164	+0.460	+0.159	+0.442	+0.493	+0.167	+0.513	+0.638	+0.271	+0.245	+0.262	+0.246	+0.581	+0.572	+0.204	+0.569	+0.572	+0.668	+0.581	+0.580	+0.570	+0.429	+0.448	+0.448	+0.446	+0.348	-0.575	-0.287	-0.581	-0.312	-0.600	-0.345	-0.342	-0.342	-0.616	-0.314	-0.349	-0.349	-0.354	-0.349	-0.354	-0.349	
rs163787       -0.620	-0.622	-0.604	-0.442	-0.648	-0.430	-0.435	-0.657	-0.437	-0.636	-0.296	-0.428	-0.414	-0.413	-0.395	-0.404	-0.400	-0.391	-0.558	-0.527	-0.784	-0.787	-0.785	-0.314	-0.783	-0.323	-0.780	-0.782	-0.786	-0.786	-0.650	+0.595	+0.545	+0.844	+0.509	-0.669	-0.513	-0.515	-0.451	-0.508	-0.509	-0.479	+0.448	-0.494	-0.624	+0.269	-0.698	-0.731	-0.726	+0.722	+0.429	-0.058	-0.058	-0.002	-0.053	+0.022	-0.081	+0.027	+0.082	-0.048	-0.052	+0.008	+0.054	+0.099	+0.066	-0.044	+0.025	+0.046	+0.015	-0.017	-0.008	-0.015	+0.026	-0.021	+0.006	-0.019	-0.020	+0.005	-0.020	-0.053	+0.478	-0.049	-0.066	-0.010	-0.065	-0.077	-0.073	-0.095	-0.080	-0.188	-0.083	-0.086	-0.081	-0.093	-0.113	-0.106	-0.116	-0.127	-0.142	+0.156	+0.153	+0.076	+0.117	+0.098	+0.109	+0.315	+0.105	+0.063	+0.091	+0.092	+0.108	+0.350	+0.325	+0.349	+0.909	+0.505	+0.890	+0.944	+0.513	+0.964	+1.097	+0.619	+0.593	+0.611	+0.595	+1.037	+1.029	+0.552	+1.025	+1.029	+1.130	+1.038	+1.036	+1.027	+0.878	+0.898	+0.897	+0.895	+0.791	-0.263	+0.109	-0.269	+0.082	-0.288	+0.047	+0.050	+0.049	-0.304	+0.080	+0.043	+0.042	+0.037	+0.042	+0.037	+0.042	
rs163789       -0.658	-0.661	-0.658	-0.461	-0.698	-0.444	-0.451	-0.706	-0.454	-0.688	-0.428	-0.333	-0.394	-0.395	-0.358	-0.377	-0.368	-0.364	-0.600	-0.557	-0.816	-0.820	-0.817	-0.323	-0.815	-0.333	-0.813	-0.818	-0.822	-0.821	-0.676	+0.609	+0.558	+0.794	+0.521	-0.696	-0.537	-0.543	-0.479	-0.533	-0.534	-0.507	+0.458	-0.523	-0.650	+0.266	-0.726	-0.761	-0.756	+0.698	+0.383	-0.069	-0.068	-0.012	-0.064	+0.013	-0.092	+0.017	+0.074	-0.059	-0.063	-0.005	+0.042	+0.087	+0.054	-0.060	+0.010	+0.034	+0.002	-0.030	-0.021	-0.028	+0.014	-0.034	-0.007	-0.032	-0.034	-0.008	-0.033	-0.067	+0.453	-0.062	-0.081	-0.023	-0.079	-0.092	-0.087	-0.110	-0.095	-0.205	-0.098	-0.101	-0.095	-0.108	-0.128	-0.121	-0.131	-0.142	-0.158	+0.145	+0.141	+0.063	+0.106	+0.086	+0.097	+0.289	+0.093	+0.048	+0.076	+0.077	+0.094	+0.321	+0.301	+0.325	+0.862	+0.468	+0.842	+0.896	+0.476	+0.916	+1.049	+0.582	+0.557	+0.574	+0.558	+0.990	+0.981	+0.515	+0.978	+0.981	+1.083	+0.990	+0.989	+0.979	+0.832	+0.851	+0.851	+0.848	+0.745	-0.298	+0.067	-0.304	+0.041	-0.322	+0.006	+0.009	+0.008	-0.338	+0.038	+0.002	+0.001	-0.004	+0.001	-0.004	+0.001	
rs163791       -0.598	-0.600	-0.579	-0.446	-0.624	-0.436	-0.440	-0.632	-0.441	-0.612	-0.414	-0.394	-0.272	-0.378	-0.385	-0.392	-0.388	-0.384	-0.521	-0.508	-0.762	-0.765	-0.763	-0.308	-0.761	-0.317	-0.759	-0.757	-0.762	-0.761	-0.633	+0.588	+0.539	+0.879	+0.503	-0.652	-0.497	-0.498	-0.435	-0.493	-0.494	-0.462	+0.444	-0.477	-0.607	+0.271	-0.679	-0.712	-0.707	+0.739	+0.462	-0.052	-0.052	+0.004	-0.047	+0.028	-0.075	+0.032	+0.087	-0.042	-0.046	+0.015	+0.060	+0.104	+0.072	-0.035	+0.033	+0.052	+0.022	-0.010	-0.001	-0.008	+0.033	-0.014	+0.013	-0.012	-0.013	+0.012	-0.013	-0.045	+0.496	-0.041	-0.059	-0.002	-0.057	-0.070	-0.065	-0.087	-0.072	-0.179	-0.075	-0.078	-0.073	-0.085	-0.104	-0.098	-0.108	-0.118	-0.133	+0.162	+0.159	+0.083	+0.124	+0.104	+0.116	+0.334	+0.111	+0.071	+0.098	+0.099	+0.116	+0.372	+0.343	+0.367	+0.946	+0.533	+0.925	+0.980	+0.541	+1.000	+1.135	+0.648	+0.622	+0.639	+0.624	+1.075	+1.066	+0.580	+1.063	+1.066	+1.169	+1.075	+1.073	+1.064	+0.915	+0.934	+0.934	+0.931	+0.827	-0.239	+0.139	-0.245	+0.111	-0.264	+0.076	+0.079	+0.079	-0.279	+0.109	+0.072	+0.071	+0.066	+0.072	+0.066	+0.072	
rs191490       -0.598	-0.600	-0.579	-0.445	-0.624	-0.436	-0.440	-0.632	-0.441	-0.611	-0.413	-0.395	-0.378	-0.271	-0.384	-0.391	-0.387	-0.384	-0.520	-0.507	-0.762	-0.765	-0.762	-0.308	-0.761	-0.317	-0.759	-0.757	-0.762	-0.761	-0.633	+0.588	+0.539	+0.879	+0.503	-0.652	-0.497	-0.497	-0.435	-0.493	-0.494	-0.462	+0.444	-0.477	-0.607	+0.271	-0.679	-0.712	-0.706	+0.739	+0.463	-0.052	-0.052	+0.004	-0.047	+0.028	-0.074	+0.032	+0.087	-0.042	-0.046	+0.015	+0.060	+0.105	+0.072	-0.035	+0.034	+0.052	+0.022	-0.009	-0.001	-0.007	+0.033	-0.014	+0.013	-0.012	-0.013	+0.012	-0.012	-0.045	+0.496	-0.041	-0.059	-0.002	-0.057	-0.069	-0.065	-0.087	-0.072	-0.179	-0.075	-0.078	-0.072	-0.085	-0.104	-0.098	-0.108	-0.118	-0.133	+0.162	+0.159	+0.083	+0.124	+0.105	+0.116	+0.335	+0.111	+0.071	+0.099	+0.099	+0.116	+0.372	+0.343	+0.367	+0.947	+0.534	+0.927	+0.982	+0.542	+1.001	+1.136	+0.649	+0.623	+0.640	+0.624	+1.076	+1.067	+0.581	+1.063	+1.067	+1.169	+1.076	+1.074	+1.065	+0.915	+0.935	+0.935	+0.932	+0.828	-0.239	+0.139	-0.245	+0.112	-0.263	+0.076	+0.079	+0.079	-0.279	+0.110	+0.073	+0.072	+0.066	+0.072	+0.067	+0.072	
rs163795       -0.578	-0.580	-0.553	-0.435	-0.598	-0.427	-0.430	-0.607	-0.430	-0.585	-0.395	-0.358	-0.385	-0.384	-0.251	-0.362	-0.357	-0.367	-0.484	-0.491	-0.744	-0.746	-0.744	-0.302	-0.743	-0.311	-0.741	-0.736	-0.741	-0.740	-0.619	+0.585	+0.536	+0.904	+0.501	-0.637	-0.484	-0.482	-0.419	-0.480	-0.481	-0.447	+0.442	-0.462	-0.593	+0.274	-0.664	-0.696	-0.690	+0.751	+0.486	-0.046	-0.045	+0.009	-0.041	+0.033	-0.068	+0.038	+0.092	-0.036	-0.039	+0.022	+0.067	+0.111	+0.079	-0.026	+0.041	+0.059	+0.029	-0.002	+0.006	-0.000	+0.039	-0.007	+0.020	-0.004	-0.006	+0.019	-0.005	-0.038	+0.509	-0.034	-0.051	+0.005	-0.049	-0.062	-0.057	-0.079	-0.064	-0.170	-0.067	-0.070	-0.065	-0.077	-0.096	-0.090	-0.100	-0.110	-0.125	+0.168	+0.165	+0.090	+0.130	+0.111	+0.122	+0.349	+0.118	+0.079	+0.106	+0.107	+0.124	+0.387	+0.356	+0.380	+0.971	+0.554	+0.951	+1.006	+0.562	+1.026	+1.160	+0.668	+0.643	+0.660	+0.644	+1.100	+1.091	+0.601	+1.087	+1.091	+1.194	+1.100	+1.098	+1.089	+0.939	+0.959	+0.958	+0.956	+0.851	-0.220	+0.161	-0.226	+0.134	-0.245	+0.098	+0.101	+0.101	-0.260	+0.132	+0.094	+0.094	+0.088	+0.094	+0.088	+0.094	
rs163800       -0.583	-0.585	-0.560	-0.441	-0.605	-0.432	-0.436	-0.613	-0.436	-0.592	-0.404	-0.377	-0.392	-0.391	-0.362	-0.255	-0.363	-0.370	-0.490	-0.494	-0.747	-0.750	-0.748	-0.303	-0.746	-0.312	-0.744	-0.740	-0.745	-0.744	-0.622	+0.586	+0.537	+0.895	+0.502	-0.641	-0.488	-0.485	-0.422	-0.483	-0.484	-0.450	+0.443	-0.465	-0.596	+0.273	-0.667	-0.699	-0.694	+0.747	+0.479	-0.047	-0.047	+0.008	-0.042	+0.032	-0.070	+0.036	+0.090	-0.037	-0.041	+0.020	+0.065	+0.109	+0.077	-0.029	+0.039	+0.057	+0.027	-0.004	+0.004	-0.002	+0.038	-0.009	+0.018	-0.006	-0.008	+0.017	-0.007	-0.040	+0.505	-0.036	-0.053	+0.003	-0.051	-0.064	-0.059	-0.081	-0.066	-0.172	-0.069	-0.072	-0.067	-0.079	-0.098	-0.092	-0.102	-0.112	-0.127	+0.166	+0.163	+0.088	+0.129	+0.109	+0.121	+0.344	+0.116	+0.077	+0.104	+0.105	+0.122	+0.383	+0.352	+0.376	+0.963	+0.549	+0.944	+0.998	+0.557	+1.018	+1.152	+0.663	+0.637	+0.654	+0.639	+1.092	+1.083	+0.595	+1.080	+1.083	+1.186	+1.092	+1.090	+1.081	+0.931	+0.951	+0.950	+0.948	+0.843	-0.225	+0.155	-0.230	+0.127	-0.249	+0.092	+0.095	+0.095	-0.265	+0.125	+0.088	+0.087	+0.082	+0.088	+0.082	+0.088	
rs163801       -0.581	-0.583	-0.557	-0.438	-0.603	-0.430	-0.433	-0.611	-0.434	-0.590	-0.400	-0.368	-0.388	-0.387	-0.357	-0.363	-0.254	-0.367	-0.487	-0.493	-0.746	-0.749	-0.747	-0.303	-0.745	-0.312	-0.743	-0.739	-0.744	-0.743	-0.621	+0.586	+0.537	+0.900	+0.502	-0.640	-0.487	-0.484	-0.422	-0.482	-0.483	-0.449	+0.443	-0.464	-0.595	+0.274	-0.666	-0.698	-0.693	+0.748	+0.483	-0.047	-0.046	+0.008	-0.042	+0.032	-0.069	+0.037	+0.091	-0.037	-0.040	+0.020	+0.065	+0.109	+0.077	-0.028	+0.040	+0.058	+0.028	-0.004	+0.005	-0.002	+0.038	-0.008	+0.018	-0.006	-0.007	+0.018	-0.007	-0.039	+0.507	-0.035	-0.052	+0.003	-0.051	-0.063	-0.059	-0.081	-0.066	-0.172	-0.069	-0.072	-0.066	-0.079	-0.098	-0.091	-0.101	-0.112	-0.127	+0.167	+0.164	+0.089	+0.129	+0.110	+0.121	+0.346	+0.117	+0.077	+0.105	+0.105	+0.122	+0.384	+0.354	+0.377	+0.968	+0.551	+0.948	+1.003	+0.559	+1.022	+1.157	+0.665	+0.640	+0.657	+0.641	+1.097	+1.088	+0.598	+1.084	+1.088	+1.191	+1.097	+1.095	+1.086	+0.936	+0.956	+0.955	+0.953	+0.848	-0.223	+0.158	-0.228	+0.131	-0.247	+0.095	+0.098	+0.098	-0.263	+0.129	+0.091	+0.091	+0.085	+0.091	+0.085	+0.091	
rs163802       -0.552	-0.554	-0.525	-0.426	-0.571	-0.420	-0.423	-0.580	-0.422	-0.558	-0.391	-0.364	-0.384	-0.384	-0.367	-0.370	-0.367	-0.223	-0.449	-0.467	-0.719	-0.721	-0.719	-0.292	-0.718	-0.301	-0.716	-0.709	-0.715	-0.714	-0.597	+0.579	+0.531	+0.944	+0.496	-0.615	-0.463	-0.461	-0.400	-0.459	-0.460	-0.427	+0.439	-0.441	-0.571	+0.280	-0.641	-0.672	-0.667	+0.771	+0.523	-0.035	-0.035	+0.019	-0.030	+0.043	-0.057	+0.047	+0.101	-0.025	-0.029	+0.033	+0.078	+0.121	+0.090	-0.013	+0.055	+0.070	+0.041	+0.010	+0.018	+0.012	+0.051	+0.005	+0.031	+0.008	+0.006	+0.031	+0.007	-0.025	+0.530	-0.021	-0.038	+0.017	-0.036	-0.049	-0.044	-0.066	-0.051	-0.155	-0.054	-0.057	-0.052	-0.064	-0.083	-0.077	-0.086	-0.097	-0.111	+0.179	+0.176	+0.102	+0.142	+0.123	+0.134	+0.371	+0.129	+0.092	+0.119	+0.120	+0.137	+0.413	+0.380	+0.404	+1.015	+0.590	+0.995	+1.050	+0.598	+1.070	+1.206	+0.705	+0.679	+0.696	+0.680	+1.145	+1.136	+0.637	+1.133	+1.136	+1.240	+1.145	+1.144	+1.134	+0.983	+1.003	+1.002	+1.000	+0.894	-0.190	+0.197	-0.196	+0.170	-0.215	+0.134	+0.137	+0.137	-0.231	+0.168	+0.130	+0.129	+0.124	+0.129	+0.124	+0.130	
rs151335       -0.818	-0.821	-0.859	-0.558	-0.884	-0.538	-0.547	-0.888	-0.551	-0.877	-0.558	-0.600	-0.521	-0.520	-0.484	-0.490	-0.487	-0.449	-0.488	-0.670	-0.939	-0.944	-0.941	-0.268	-0.938	-0.281	-0.935	-0.957	-0.959	-0.959	-0.771	+0.692	+0.634	+0.590	+0.594	-0.794	-0.622	-0.651	-0.584	-0.617	-0.618	-0.614	+0.520	-0.631	-0.745	+0.275	-0.834	-0.876	-0.869	+0.617	+0.194	-0.092	-0.092	-0.031	-0.088	-0.006	-0.119	-0.001	+0.060	-0.083	-0.087	-0.035	+0.014	+0.063	+0.027	-0.104	-0.030	+0.005	-0.028	-0.062	-0.053	-0.060	-0.016	-0.067	-0.038	-0.065	-0.066	-0.039	-0.066	-0.102	+0.366	-0.097	-0.117	-0.056	-0.116	-0.129	-0.125	-0.149	-0.132	-0.251	-0.136	-0.139	-0.133	-0.147	-0.168	-0.161	-0.172	-0.183	-0.200	+0.121	+0.117	+0.033	+0.078	+0.057	+0.069	+0.195	+0.064	+0.010	+0.039	+0.040	+0.057	+0.216	+0.216	+0.241	+0.675	+0.324	+0.658	+0.711	+0.332	+0.730	+0.860	+0.437	+0.411	+0.429	+0.413	+0.801	+0.793	+0.370	+0.789	+0.793	+0.891	+0.802	+0.800	+0.791	+0.646	+0.665	+0.665	+0.662	+0.561	-0.435	-0.099	-0.441	-0.125	-0.460	-0.160	-0.157	-0.157	-0.476	-0.127	-0.163	-0.164	-0.169	-0.164	-0.169	-0.164	
rs163803       -0.620	-0.622	-0.760	-0.511	-0.772	-0.498	-0.503	-0.773	-0.507	-0.769	-0.527	-0.557	-0.508	-0.507	-0.491	-0.494	-0.493	-0.467	-0.670	-0.277	-0.772	-0.777	-0.773	-0.219	-0.770	-0.229	-0.766	-0.800	-0.799	-0.800	-0.593	+0.675	+0.629	+0.755	+0.595	-0.617	-0.443	-0.457	-0.387	-0.438	-0.439	-0.418	+0.539	-0.435	-0.567	+0.384	-0.655	-0.697	-0.690	+0.800	+0.361	+0.051	+0.052	+0.110	+0.057	+0.134	+0.028	+0.139	+0.196	+0.062	+0.058	+0.115	+0.162	+0.209	+0.175	+0.053	+0.126	+0.154	+0.122	+0.089	+0.098	+0.091	+0.134	+0.085	+0.113	+0.087	+0.086	+0.112	+0.086	+0.052	+0.519	+0.056	+0.037	+0.096	+0.039	+0.026	+0.030	+0.007	+0.023	-0.090	+0.020	+0.017	+0.023	+0.009	-0.011	-0.004	-0.015	-0.026	-0.042	+0.268	+0.265	+0.185	+0.228	+0.208	+0.220	+0.333	+0.215	+0.170	+0.198	+0.199	+0.217	+0.333	+0.359	+0.384	+0.798	+0.549	+0.782	+0.833	+0.557	+0.853	+0.979	+0.665	+0.638	+0.656	+0.639	+0.922	+0.914	+0.596	+0.911	+0.914	+1.009	+0.923	+0.921	+0.912	+0.771	+0.791	+0.790	+0.788	+0.690	-0.227	+0.054	-0.234	+0.028	-0.253	-0.006	-0.003	-0.003	-0.270	+0.026	-0.010	-0.010	-0.016	-0.010	-0.015	-0.010	
rs108728       -0.934	-0.937	-0.975	-0.766	-0.996	-0.752	-0.758	-0.999	-0.762	-0.990	-0.784	-0.816	-0.762	-0.762	-0.744	-0.747	-0.746	-0.719	-0.939	-0.772	-0.597	-0.734	-0.734	-0.263	-0.739	-0.278	-0.741	-0.555	-0.653	-0.639	-0.565	+0.817	+0.744	+0.313	+0.698	-0.641	-0.482	-0.621	-0.541	-0.473	-0.476	-0.580	+0.596	-0.598	-0.725	+0.260	-0.856	-0.911	-0.904	+0.622	-0.052	-0.136	-0.136	-0.075	-0.133	-0.048	-0.165	-0.044	+0.017	-0.129	-0.133	-0.076	-0.025	+0.025	-0.011	-0.151	-0.072	-0.034	-0.069	-0.105	-0.096	-0.103	-0.057	-0.110	-0.080	-0.108	-0.109	-0.081	-0.109	-0.146	+0.334	-0.142	-0.162	-0.098	-0.162	-0.176	-0.171	-0.195	-0.180	-0.306	-0.183	-0.186	-0.180	-0.195	-0.217	-0.210	-0.221	-0.234	-0.252	+0.084	+0.080	-0.009	+0.039	+0.017	+0.029	+0.130	+0.023	-0.008	+0.024	+0.024	+0.042	+0.133	+0.177	+0.204	+0.385	+0.145	+0.371	+0.421	+0.153	+0.440	+0.561	+0.257	+0.231	+0.249	+0.233	+0.507	+0.499	+0.190	+0.496	+0.499	+0.589	+0.507	+0.506	+0.497	+0.362	+0.382	+0.381	+0.379	+0.285	-0.581	-0.313	-0.586	-0.337	-0.605	-0.369	-0.366	-0.366	-0.620	-0.339	-0.372	-0.373	-0.378	-0.372	-0.377	-0.372	
rs108727       -0.941	-0.943	-0.987	-0.769	-1.006	-0.755	-0.761	-1.009	-0.765	-1.001	-0.787	-0.820	-0.765	-0.765	-0.746	-0.750	-0.749	-0.721	-0.944	-0.777	-0.734	-0.605	-0.739	-0.248	-0.742	-0.264	-0.741	-0.627	-0.702	-0.691	-0.545	+0.841	+0.766	+0.311	+0.720	-0.625	-0.466	-0.634	-0.554	-0.458	-0.460	-0.592	+0.616	-0.610	-0.718	+0.270	-0.854	-0.911	-0.905	+0.632	-0.055	-0.130	-0.130	-0.069	-0.127	-0.042	-0.160	-0.037	+0.023	-0.123	-0.127	-0.070	-0.019	+0.031	-0.005	-0.147	-0.067	-0.028	-0.063	-0.100	-0.090	-0.098	-0.051	-0.105	-0.074	-0.102	-0.104	-0.075	-0.103	-0.141	+0.341	-0.137	-0.157	-0.093	-0.157	-0.171	-0.166	-0.190	-0.175	-0.302	-0.178	-0.182	-0.175	-0.190	-0.212	-0.205	-0.217	-0.229	-0.247	+0.090	+0.086	-0.003	+0.045	+0.023	+0.035	+0.135	+0.029	-0.001	+0.031	+0.031	+0.049	+0.139	+0.183	+0.211	+0.386	+0.147	+0.372	+0.422	+0.155	+0.441	+0.563	+0.259	+0.233	+0.251	+0.235	+0.508	+0.500	+0.192	+0.497	+0.500	+0.591	+0.509	+0.507	+0.498	+0.363	+0.383	+0.382	+0.380	+0.285	-0.583	-0.315	-0.589	-0.339	-0.607	-0.371	-0.368	-0.368	-0.622	-0.341	-0.374	-0.375	-0.380	-0.375	-0.380	-0.375	
rs151344       -0.936	-0.938	-0.977	-0.766	-0.998	-0.753	-0.759	-1.001	-0.762	-0.993	-0.785	-0.817	-0.763	-0.762	-0.744	-0.748	-0.747	-0.719	-0.941	-0.773	-0.734	-0.739	-0.599	-0.260	-0.735	-0.275	-0.738	-0.563	-0.653	-0.638	-0.556	+0.825	+0.751	+0.313	+0.705	-0.634	-0.475	-0.624	-0.543	-0.467	-0.469	-0.582	+0.603	-0.600	-0.722	+0.263	-0.855	-0.910	-0.904	+0.625	-0.053	-0.134	-0.134	-0.073	-0.131	-0.046	-0.164	-0.041	+0.019	-0.127	-0.131	-0.074	-0.023	+0.027	-0.009	-0.150	-0.070	-0.032	-0.067	-0.103	-0.094	-0.101	-0.055	-0.109	-0.078	-0.106	-0.108	-0.079	-0.107	-0.145	+0.336	-0.140	-0.161	-0.096	-0.160	-0.175	-0.170	-0.193	-0.178	-0.305	-0.182	-0.185	-0.179	-0.193	-0.215	-0.208	-0.220	-0.232	-0.250	+0.086	+0.082	-0.007	+0.041	+0.019	+0.031	+0.132	+0.025	-0.005	+0.026	+0.026	+0.045	+0.135	+0.179	+0.207	+0.386	+0.146	+0.371	+0.421	+0.154	+0.440	+0.562	+0.258	+0.232	+0.249	+0.233	+0.507	+0.499	+0.191	+0.496	+0.499	+0.590	+0.508	+0.506	+0.497	+0.363	+0.382	+0.381	+0.379	+0.285	-0.581	-0.313	-0.587	-0.338	-0.605	-0.369	-0.366	-0.367	-0.620	-0.339	-0.373	-0.373	-0.378	-0.373	-0.378	-0.373	
rs24048        -0.335	-0.336	-0.375	-0.307	-0.403	-0.302	-0.304	-0.407	-0.305	-0.395	-0.314	-0.323	-0.308	-0.308	-0.302	-0.303	-0.303	-0.292	-0.268	-0.219	-0.263	-0.248	-0.260	+0.052	-0.265	-0.051	-0.276	-0.076	-0.115	-0.107	-0.395	+0.899	+0.775	+0.644	+0.720	-0.402	-0.326	-0.285	-0.242	-0.323	-0.324	-0.262	+0.597	-0.273	-0.388	+0.282	-0.416	-0.422	-0.423	+0.631	+0.319	-0.009	-0.009	+0.038	-0.005	+0.059	-0.028	+0.063	+0.110	-0.000	-0.003	+0.047	+0.086	+0.125	+0.097	+0.003	+0.061	+0.080	+0.054	+0.027	+0.034	+0.028	+0.064	+0.023	+0.046	+0.025	+0.024	+0.045	+0.024	-0.003	+0.396	+0.000	-0.015	+0.033	-0.013	-0.023	-0.020	-0.037	-0.026	-0.111	-0.028	-0.030	-0.026	-0.036	-0.052	-0.047	-0.055	-0.063	-0.075	+0.183	+0.180	+0.114	+0.149	+0.132	+0.143	+0.254	+0.139	+0.110	+0.134	+0.135	+0.150	+0.290	+0.317	+0.338	+0.615	+0.391	+0.606	+0.649	+0.399	+0.664	+0.773	+0.490	+0.469	+0.484	+0.471	+0.728	+0.721	+0.435	+0.718	+0.721	+0.802	+0.728	+0.727	+0.719	+0.605	+0.621	+0.621	+0.619	+0.539	-0.163	+0.063	-0.167	+0.044	-0.179	+0.020	+0.022	+0.022	-0.189	+0.043	+0.017	+0.017	+0.013	+0.017	+0.013	+0.017	
rs151345       -0.932	-0.935	-0.973	-0.765	-0.994	-0.751	-0.757	-0.998	-0.761	-0.989	-0.783	-0.815	-0.761	-0.761	-0.743	-0.746	-0.745	-0.718	-0.938	-0.770	-0.739	-0.742	-0.735	-0.265	-0.595	-0.279	-0.732	-0.477	-0.598	-0.579	-0.556	+0.823	+0.752	+0.314	+0.706	-0.631	-0.474	-0.618	-0.538	-0.466	-0.469	-0.576	+0.603	-0.595	-0.721	+0.263	-0.853	-0.908	-0.902	+0.624	-0.051	-0.134	-0.134	-0.073	-0.131	-0.046	-0.163	-0.041	+0.019	-0.126	-0.131	-0.074	-0.023	+0.027	-0.009	-0.150	-0.070	-0.032	-0.067	-0.103	-0.094	-0.101	-0.055	-0.108	-0.078	-0.106	-0.107	-0.079	-0.107	-0.145	+0.336	-0.140	-0.161	-0.096	-0.160	-0.175	-0.169	-0.193	-0.178	-0.304	-0.181	-0.185	-0.178	-0.193	-0.215	-0.208	-0.220	-0.232	-0.250	+0.086	+0.082	-0.007	+0.041	+0.019	+0.031	+0.132	+0.025	-0.006	+0.026	+0.026	+0.044	+0.135	+0.178	+0.206	+0.386	+0.146	+0.372	+0.422	+0.154	+0.441	+0.562	+0.258	+0.232	+0.250	+0.234	+0.508	+0.500	+0.191	+0.497	+0.500	+0.590	+0.508	+0.507	+0.498	+0.363	+0.382	+0.382	+0.380	+0.286	-0.580	-0.312	-0.585	-0.336	-0.603	-0.368	-0.365	-0.365	-0.618	-0.338	-0.371	-0.372	-0.377	-0.371	-0.376	-0.371	
rs151336       -0.345	-0.347	-0.387	-0.316	-0.414	-0.311	-0.313	-0.419	-0.314	-0.406	-0.323	-0.333	-0.317	-0.317	-0.311	-0.312	-0.312	-0.301	-0.281	-0.229	-0.278	-0.264	-0.275	-0.051	-0.279	+0.041	-0.289	-0.089	-0.129	-0.121	-0.404	+0.932	+0.804	+0.635	+0.746	-0.412	-0.335	-0.295	-0.252	-0.332	-0.333	-0.271	+0.615	-0.282	-0.397	+0.281	-0.426	-0.432	-0.432	+0.630	+0.311	-0.014	-0.013	+0.034	-0.009	+0.055	-0.032	+0.059	+0.107	-0.005	-0.008	+0.042	+0.082	+0.121	+0.092	-0.002	+0.056	+0.075	+0.049	+0.022	+0.029	+0.024	+0.059	+0.018	+0.041	+0.020	+0.019	+0.040	+0.019	-0.008	+0.393	-0.005	-0.020	+0.028	-0.018	-0.029	-0.025	-0.043	-0.031	-0.117	-0.033	-0.036	-0.031	-0.042	-0.057	-0.052	-0.060	-0.069	-0.081	+0.178	+0.175	+0.109	+0.145	+0.128	+0.138	+0.249	+0.134	+0.104	+0.128	+0.130	+0.145	+0.284	+0.311	+0.332	+0.608	+0.384	+0.599	+0.642	+0.391	+0.657	+0.767	+0.483	+0.462	+0.477	+0.464	+0.721	+0.714	+0.428	+0.712	+0.714	+0.796	+0.722	+0.720	+0.713	+0.598	+0.614	+0.614	+0.612	+0.532	-0.172	+0.055	-0.176	+0.036	-0.188	+0.011	+0.014	+0.013	-0.198	+0.035	+0.009	+0.008	+0.005	+0.009	+0.005	+0.009	
rs151346       -0.927	-0.930	-0.965	-0.762	-0.988	-0.748	-0.754	-0.991	-0.758	-0.982	-0.780	-0.813	-0.759	-0.759	-0.741	-0.744	-0.743	-0.716	-0.935	-0.766	-0.741	-0.741	-0.738	-0.276	-0.732	-0.289	-0.589	-0.444	-0.571	-0.551	-0.571	+0.806	+0.737	+0.316	+0.691	-0.642	-0.486	-0.610	-0.529	-0.478	-0.481	-0.568	+0.590	-0.586	-0.726	+0.256	-0.854	-0.908	-0.902	+0.618	-0.049	-0.138	-0.138	-0.077	-0.135	-0.051	-0.167	-0.046	+0.014	-0.131	-0.135	-0.078	-0.027	+0.023	-0.014	-0.153	-0.074	-0.036	-0.071	-0.107	-0.098	-0.105	-0.059	-0.112	-0.082	-0.110	-0.111	-0.083	-0.110	-0.148	+0.331	-0.144	-0.164	-0.100	-0.164	-0.178	-0.173	-0.196	-0.181	-0.307	-0.185	-0.188	-0.182	-0.196	-0.218	-0.211	-0.223	-0.235	-0.253	+0.081	+0.077	-0.011	+0.037	+0.014	+0.027	+0.129	+0.021	-0.011	+0.021	+0.021	+0.039	+0.132	+0.174	+0.202	+0.386	+0.145	+0.372	+0.422	+0.153	+0.440	+0.562	+0.257	+0.231	+0.249	+0.233	+0.508	+0.499	+0.190	+0.496	+0.499	+0.590	+0.508	+0.506	+0.498	+0.363	+0.382	+0.382	+0.380	+0.286	-0.577	-0.310	-0.583	-0.334	-0.601	-0.366	-0.363	-0.363	-0.616	-0.336	-0.369	-0.370	-0.375	-0.369	-0.374	-0.369	
rs151347       -0.974	-0.977	-1.058	-0.765	-1.064	-0.750	-0.756	-1.064	-0.760	-1.063	-0.782	-0.818	-0.757	-0.757	-0.736	-0.740	-0.739	-0.709	-0.957	-0.800	-0.555	-0.627	-0.563	-0.076	-0.477	-0.089	-0.444	-0.651	-0.780	-0.786	-0.124	+1.127	+1.048	+0.327	+0.996	-0.279	-0.200	-0.717	-0.640	-0.189	-0.192	-0.676	+0.870	-0.694	-0.575	+0.426	-0.771	-0.855	-0.845	+0.782	-0.047	-0.017	-0.018	+0.047	-0.016	+0.075	-0.052	+0.080	+0.144	-0.013	-0.017	+0.039	+0.095	+0.148	+0.109	-0.052	+0.035	+0.085	+0.046	+0.006	+0.017	+0.009	+0.059	+0.001	+0.034	+0.004	+0.002	+0.034	+0.003	-0.039	+0.473	-0.034	-0.056	+0.014	-0.057	-0.073	-0.067	-0.091	-0.076	-0.217	-0.080	-0.084	-0.077	-0.093	-0.118	-0.110	-0.122	-0.136	-0.156	+0.207	+0.203	+0.104	+0.157	+0.133	+0.146	+0.239	+0.140	+0.125	+0.160	+0.159	+0.179	+0.242	+0.301	+0.332	+0.438	+0.206	+0.422	+0.474	+0.214	+0.495	+0.620	+0.322	+0.294	+0.313	+0.296	+0.563	+0.554	+0.251	+0.551	+0.555	+0.647	+0.564	+0.562	+0.553	+0.412	+0.432	+0.432	+0.430	+0.331	-0.572	-0.296	-0.578	-0.322	-0.598	-0.356	-0.353	-0.353	-0.614	-0.324	-0.359	-0.360	-0.365	-0.360	-0.365	-0.359	
rs151348       -0.972	-0.975	-1.051	-0.770	-1.059	-0.754	-0.761	-1.060	-0.765	-1.057	-0.786	-0.822	-0.762	-0.762	-0.741	-0.745	-0.744	-0.715	-0.959	-0.799	-0.653	-0.702	-0.653	-0.115	-0.598	-0.129	-0.571	-0.780	-0.646	-0.782	-0.199	+1.077	+1.001	+0.321	+0.950	-0.338	-0.245	-0.705	-0.628	-0.234	-0.238	-0.664	+0.828	-0.682	-0.601	+0.399	-0.788	-0.868	-0.859	+0.755	-0.052	-0.038	-0.038	+0.026	-0.037	+0.054	-0.072	+0.059	+0.123	-0.033	-0.037	+0.019	+0.074	+0.127	+0.089	-0.070	+0.016	+0.064	+0.026	-0.013	-0.003	-0.010	+0.039	-0.018	+0.015	-0.016	-0.017	+0.014	-0.016	-0.058	+0.450	-0.053	-0.075	-0.006	-0.076	-0.091	-0.086	-0.109	-0.095	-0.233	-0.099	-0.102	-0.095	-0.111	-0.135	-0.128	-0.140	-0.154	-0.173	+0.187	+0.182	+0.085	+0.137	+0.113	+0.126	+0.219	+0.120	+0.103	+0.137	+0.137	+0.156	+0.222	+0.280	+0.309	+0.426	+0.193	+0.411	+0.462	+0.201	+0.482	+0.607	+0.308	+0.281	+0.299	+0.283	+0.551	+0.542	+0.238	+0.539	+0.542	+0.635	+0.551	+0.550	+0.540	+0.401	+0.421	+0.420	+0.418	+0.320	-0.577	-0.303	-0.584	-0.329	-0.603	-0.362	-0.359	-0.359	-0.619	-0.330	-0.365	-0.366	-0.371	-0.366	-0.371	-0.365	
rs151349       -0.972	-0.975	-1.053	-0.769	-1.061	-0.753	-0.760	-1.061	-0.764	-1.059	-0.786	-0.821	-0.761	-0.761	-0.740	-0.744	-0.743	-0.714	-0.959	-0.800	-0.639	-0.691	-0.638	-0.107	-0.579	-0.121	-0.551	-0.786	-0.782	-0.647	-0.179	+1.089	+1.013	+0.323	+0.962	-0.321	-0.233	-0.708	-0.630	-0.222	-0.225	-0.667	+0.838	-0.685	-0.594	+0.405	-0.784	-0.865	-0.855	+0.761	-0.051	-0.033	-0.033	+0.031	-0.032	+0.059	-0.068	+0.064	+0.128	-0.028	-0.033	+0.024	+0.079	+0.132	+0.094	-0.065	+0.021	+0.069	+0.031	-0.008	+0.002	-0.006	+0.044	-0.014	+0.019	-0.011	-0.013	+0.019	-0.012	-0.053	+0.455	-0.048	-0.071	-0.001	-0.071	-0.087	-0.081	-0.105	-0.091	-0.230	-0.094	-0.098	-0.091	-0.107	-0.131	-0.124	-0.136	-0.149	-0.169	+0.191	+0.187	+0.089	+0.142	+0.118	+0.130	+0.224	+0.125	+0.108	+0.143	+0.142	+0.161	+0.227	+0.284	+0.314	+0.429	+0.195	+0.413	+0.465	+0.204	+0.485	+0.610	+0.311	+0.283	+0.302	+0.285	+0.553	+0.545	+0.241	+0.542	+0.545	+0.637	+0.554	+0.552	+0.543	+0.403	+0.423	+0.423	+0.420	+0.322	-0.576	-0.301	-0.582	-0.327	-0.602	-0.361	-0.358	-0.358	-0.618	-0.329	-0.364	-0.365	-0.370	-0.364	-0.370	-0.364	
rs151350       -0.740	-0.742	-0.738	-0.631	-0.772	-0.620	-0.625	-0.779	-0.628	-0.763	-0.650	-0.676	-0.633	-0.633	-0.619	-0.622	-0.621	-0.597	-0.771	-0.593	-0.565	-0.545	-0.556	-0.395	-0.556	-0.404	-0.571	-0.124	-0.199	-0.179	-0.379	+0.641	+0.584	+0.382	+0.541	-0.545	-0.519	-0.306	-0.217	-0.513	-0.515	-0.262	+0.456	-0.281	-0.668	+0.201	-0.732	-0.750	-0.750	+0.568	+0.036	-0.144	-0.144	-0.087	-0.140	-0.063	-0.168	-0.058	-0.002	-0.135	-0.139	-0.083	-0.036	+0.010	-0.024	-0.144	-0.073	-0.045	-0.076	-0.109	-0.100	-0.107	-0.065	-0.113	-0.086	-0.111	-0.112	-0.087	-0.112	-0.146	+0.305	-0.142	-0.160	-0.102	-0.159	-0.172	-0.167	-0.190	-0.174	-0.285	-0.178	-0.180	-0.175	-0.188	-0.208	-0.201	-0.211	-0.222	-0.238	+0.067	+0.063	-0.017	+0.026	+0.006	+0.018	+0.127	+0.013	-0.031	-0.002	-0.001	+0.016	+0.130	+0.157	+0.182	+0.425	+0.181	+0.412	+0.460	+0.188	+0.477	+0.594	+0.287	+0.263	+0.279	+0.265	+0.543	+0.535	+0.225	+0.532	+0.535	+0.622	+0.543	+0.541	+0.533	+0.406	+0.424	+0.423	+0.421	+0.332	-0.458	-0.203	-0.463	-0.225	-0.478	-0.254	-0.251	-0.251	-0.492	-0.226	-0.257	-0.257	-0.262	-0.257	-0.261	-0.257	
rs151351       +0.584	+0.582	+0.528	+0.578	+0.499	+0.576	+0.577	+0.494	+0.579	+0.507	+0.595	+0.609	+0.588	+0.588	+0.585	+0.586	+0.586	+0.579	+0.692	+0.675	+0.817	+0.841	+0.825	+0.899	+0.823	+0.932	+0.806	+1.127	+1.077	+1.089	+0.641	+0.999	+0.896	+1.212	+0.884	+0.669	+0.516	+0.543	+0.566	+0.515	+0.515	+0.556	+0.835	+0.549	+0.571	+0.707	+0.612	+0.648	+0.633	+0.974	+0.959	+0.597	+0.597	+0.610	+0.596	+0.617	+0.589	+0.619	+0.637	+0.597	+0.596	+0.614	+0.631	+0.648	+0.636	+0.600	+0.625	+0.629	+0.617	+0.606	+0.609	+0.607	+0.622	+0.605	+0.614	+0.606	+0.605	+0.614	+0.605	+0.595	+0.835	+0.596	+0.590	+0.609	+0.591	+0.587	+0.588	+0.582	+0.586	+0.560	+0.585	+0.585	+0.586	+0.583	+0.577	+0.579	+0.577	+0.574	+0.570	+0.691	+0.690	+0.655	+0.674	+0.665	+0.671	+0.768	+0.669	+0.663	+0.678	+0.679	+0.689	+0.825	+0.855	+0.870	+1.152	+0.971	+1.147	+1.183	+0.977	+1.194	+1.286	+1.052	+1.036	+1.047	+1.037	+1.251	+1.245	+1.010	+1.243	+1.245	+1.314	+1.251	+1.250	+1.244	+1.155	+1.169	+1.169	+1.167	+1.105	+0.634	+0.811	+0.632	+0.797	+0.625	+0.778	+0.780	+0.780	+0.619	+0.796	+0.777	+0.776	+0.774	+0.776	+0.774	+0.776	
rs151352       +0.538	+0.536	+0.481	+0.530	+0.453	+0.529	+0.530	+0.448	+0.531	+0.461	+0.545	+0.558	+0.539	+0.539	+0.536	+0.537	+0.537	+0.531	+0.634	+0.629	+0.744	+0.766	+0.751	+0.775	+0.752	+0.804	+0.737	+1.048	+1.001	+1.013	+0.584	+0.896	+0.951	+1.169	+0.878	+0.620	+0.472	+0.500	+0.523	+0.471	+0.471	+0.513	+0.811	+0.506	+0.524	+0.673	+0.565	+0.600	+0.585	+0.945	+0.916	+0.557	+0.557	+0.572	+0.556	+0.579	+0.549	+0.581	+0.600	+0.558	+0.557	+0.576	+0.593	+0.611	+0.598	+0.561	+0.587	+0.591	+0.579	+0.568	+0.571	+0.568	+0.584	+0.566	+0.576	+0.567	+0.567	+0.576	+0.567	+0.555	+0.803	+0.557	+0.551	+0.570	+0.552	+0.547	+0.549	+0.543	+0.547	+0.519	+0.546	+0.545	+0.547	+0.543	+0.538	+0.539	+0.537	+0.534	+0.530	+0.655	+0.653	+0.618	+0.637	+0.628	+0.634	+0.733	+0.632	+0.625	+0.640	+0.642	+0.652	+0.790	+0.818	+0.832	+1.117	+0.930	+1.112	+1.148	+0.937	+1.159	+1.251	+1.011	+0.995	+1.007	+0.997	+1.216	+1.210	+0.969	+1.208	+1.210	+1.279	+1.216	+1.215	+1.209	+1.119	+1.135	+1.135	+1.133	+1.070	+0.592	+0.773	+0.589	+0.758	+0.582	+0.740	+0.741	+0.741	+0.576	+0.758	+0.738	+0.738	+0.735	+0.738	+0.735	+0.738	
rs55924207     +0.567	+0.564	+0.371	+0.872	+0.399	+0.892	+0.884	+0.408	+0.878	+0.391	+0.844	+0.794	+0.879	+0.879	+0.904	+0.895	+0.900	+0.944	+0.590	+0.755	+0.313	+0.311	+0.313	+0.644	+0.314	+0.635	+0.316	+0.327	+0.321	+0.323	+0.382	+1.212	+1.169	+0.987	+1.142	+0.364	+0.487	+0.556	+0.616	+0.490	+0.489	+0.592	+1.104	+0.577	+0.399	+1.052	+0.352	+0.335	+0.337	+1.177	+0.770	+0.800	+0.800	+0.845	+0.805	+0.865	+0.783	+0.868	+0.910	+0.809	+0.806	+0.846	+0.883	+0.918	+0.892	+0.794	+0.849	+0.877	+0.852	+0.827	+0.834	+0.829	+0.863	+0.824	+0.845	+0.826	+0.825	+0.845	+0.825	+0.799	+1.003	+0.803	+0.789	+0.834	+0.791	+0.781	+0.784	+0.767	+0.778	+0.689	+0.776	+0.773	+0.778	+0.768	+0.752	+0.757	+0.749	+0.741	+0.728	+0.971	+0.968	+0.904	+0.939	+0.924	+0.934	+0.871	+0.930	+0.908	+0.931	+0.932	+0.947	+0.915	+0.986	+1.005	+1.049	+0.921	+1.043	+1.080	+0.928	+1.092	+1.182	+1.002	+0.984	+0.996	+0.985	+1.142	+1.136	+0.955	+1.134	+1.136	+1.206	+1.142	+1.141	+1.135	+1.041	+1.059	+1.059	+1.058	+0.991	+0.591	+0.753	+0.588	+0.737	+0.577	+0.716	+0.718	+0.717	+0.568	+0.737	+0.714	+0.713	+0.710	+0.713	+0.710	+0.714	
rs151337       +0.503	+0.501	+0.446	+0.495	+0.418	+0.494	+0.495	+0.413	+0.496	+0.426	+0.509	+0.521	+0.503	+0.503	+0.501	+0.502	+0.502	+0.496	+0.594	+0.595	+0.698	+0.720	+0.705	+0.720	+0.706	+0.746	+0.691	+0.996	+0.950	+0.962	+0.541	+0.884	+0.878	+1.142	+0.915	+0.577	+0.436	+0.467	+0.491	+0.436	+0.436	+0.481	+0.786	+0.473	+0.485	+0.649	+0.524	+0.557	+0.543	+0.926	+0.888	+0.527	+0.527	+0.543	+0.527	+0.551	+0.519	+0.553	+0.573	+0.528	+0.527	+0.548	+0.566	+0.585	+0.572	+0.533	+0.559	+0.564	+0.552	+0.540	+0.543	+0.540	+0.557	+0.538	+0.548	+0.539	+0.538	+0.548	+0.538	+0.527	+0.780	+0.528	+0.522	+0.542	+0.523	+0.518	+0.520	+0.513	+0.518	+0.488	+0.517	+0.516	+0.518	+0.513	+0.508	+0.510	+0.507	+0.504	+0.499	+0.630	+0.628	+0.592	+0.611	+0.602	+0.608	+0.708	+0.606	+0.599	+0.615	+0.616	+0.626	+0.765	+0.792	+0.807	+1.092	+0.904	+1.087	+1.123	+0.910	+1.134	+1.227	+0.986	+0.970	+0.981	+0.971	+1.191	+1.185	+0.943	+1.183	+1.186	+1.255	+1.192	+1.191	+1.185	+1.094	+1.110	+1.110	+1.108	+1.045	+0.560	+0.743	+0.558	+0.728	+0.550	+0.710	+0.711	+0.711	+0.544	+0.728	+0.708	+0.707	+0.705	+0.707	+0.705	+0.707	
