## Summary of overall evidence for association with region:
## log10(BF for region) = 4.03812
## p-value for region = NA

## BFs for choosing among multi-SNP models:
## log10(average 1-SNP BF) = 4.04917
## log10(average 2-SNP BF) = 4.01515

## Example posterior probabilities for multi-SNP models, based on default prior: [p(l) propto 0.5^l for l=1,2,...,L]
## posterior probability of 1-SNP = 0.683841
## posterior probability of 2-SNP = 0.316159

## log10(BF) for single SNP and pair of SNPs:
rs76892999     -0.284	-0.024	-0.010	-0.284	-0.123	+0.866	+1.279	+2.582	+1.583	+1.478	+1.476	+0.745	+2.097	-0.565	+1.706	-0.552	+1.532	-0.549	-0.543	+1.954	+2.016	+2.050	+2.046	+2.053	+2.059	+2.067	+2.995	+2.156	+2.801	+2.672	+2.886	+2.835	+2.241	+2.885	+2.888	+2.886	+2.670	+2.670	+2.193	-0.298	+0.562	-0.303	+2.382	+2.122	+3.820	+2.777	+2.528	+1.343	+2.863	+2.864	+2.882	+2.620	+2.884	+2.589	+2.116	+1.303	+1.892	+2.026	+1.309	+1.924	+1.297	+2.107	+1.292	+2.626	+1.259	+1.241	-0.461	+2.555	+1.213	-0.180	-0.162	+3.219	+2.557	-0.168	+2.534	-0.160	+3.946	+1.955	+1.978	+1.318	-0.688	+5.657	+1.344	+0.728	+0.734	+1.441	+0.517	+0.509	+0.500	+2.098	+1.430	+1.412	+0.279	+3.834	+3.831	+0.934	-0.222	+1.369	+0.640	+1.099	+1.513	-0.430	-0.742	-0.602	-0.617	-0.122	-0.546	-0.611	-0.120	-0.120	-0.611	-0.119	-0.590	-0.076	-0.548	-0.075	-0.074	-0.074	-0.072	-0.054	-0.084	-0.084	-0.086	-0.190	-0.218	-0.538	-0.146	-0.156	-0.417	-0.604	-0.166	-0.614	-0.150	-0.643	-0.648	-0.100	-0.693	-0.658	-0.595	-0.601	-0.702	-0.549	-0.673	-0.673	-0.605	-0.636	-0.565	-0.776	-0.442	-0.422	-0.427	-0.491	-0.495	-0.496	-0.512	-0.514	-0.521	-0.506	-0.529	-0.620	-0.530	-0.526	-0.507	-0.517	
rs2740757      -0.024	+0.089	+0.020	+0.097	-0.099	+2.324	+1.690	+3.431	+1.995	+1.891	+1.889	+1.753	+2.285	-0.221	+1.660	-0.209	+1.477	-0.206	-0.201	+1.882	+1.936	+1.966	+2.891	+2.900	+2.906	+2.915	+3.643	+2.363	+3.433	+3.182	+3.408	+3.470	+2.447	+3.408	+3.410	+3.522	+3.182	+3.182	+2.400	+0.324	+0.863	+0.317	+2.585	+2.306	+3.962	+3.102	+3.027	+1.595	+3.523	+3.525	+3.543	+3.135	+3.545	+3.105	+2.358	+1.984	+2.122	+2.819	+1.989	+2.152	+1.976	+2.350	+1.970	+3.142	+1.934	+1.914	-0.078	+3.070	+1.882	+0.139	+0.156	+3.299	+3.071	+0.150	+3.049	+0.158	+4.017	+2.204	+2.226	+2.771	+0.127	+5.699	+2.805	+2.104	+0.475	+3.104	+0.297	+0.290	+0.285	+2.348	+3.088	+3.065	+0.602	+4.003	+4.001	+1.267	+0.885	+3.000	+2.179	+2.539	+3.152	+0.024	-0.422	-0.239	-0.254	+0.226	-0.226	-0.248	+0.227	+0.228	-0.249	+0.229	-0.234	+0.256	-0.226	+0.257	+0.259	+0.259	+0.261	+0.278	+0.248	+0.248	+0.246	+0.104	+0.113	-0.218	+0.146	+0.137	-0.090	-0.250	+0.127	-0.260	+0.142	-0.288	-0.293	+0.231	-0.338	-0.304	-0.261	-0.266	-0.359	-0.214	-0.329	-0.328	-0.241	-0.275	-0.202	-0.406	-0.036	-0.014	-0.019	-0.089	-0.093	-0.095	-0.112	-0.114	-0.122	+0.014	-0.131	-0.262	-0.132	-0.127	+0.013	-0.118	
rs2555110      -0.010	+0.020	+0.102	+0.111	-0.090	+2.351	+1.702	+3.451	+2.007	+1.903	+1.901	+1.771	+2.294	-0.209	+1.671	-0.198	+1.487	-0.195	-0.189	+1.892	+1.947	+1.977	+2.904	+2.913	+2.919	+2.928	+3.656	+2.373	+3.446	+3.193	+3.418	+3.483	+2.456	+3.418	+3.421	+3.536	+3.193	+3.193	+2.409	+0.338	+0.874	+0.331	+2.594	+2.313	+3.969	+3.110	+3.038	+1.605	+3.535	+3.536	+3.555	+3.146	+3.556	+3.115	+2.368	+1.997	+2.131	+2.839	+2.002	+2.162	+1.989	+2.359	+1.983	+3.152	+1.947	+1.927	-0.066	+3.080	+1.895	+0.149	+0.166	+3.304	+3.081	+0.161	+3.059	+0.168	+4.025	+2.214	+2.236	+2.798	+0.147	+5.704	+2.831	+2.130	+0.477	+3.136	+0.300	+0.293	+0.289	+2.358	+3.120	+3.097	+0.613	+4.010	+4.008	+1.278	+0.909	+3.030	+2.209	+2.566	+3.181	+0.038	-0.411	-0.227	-0.242	+0.238	-0.214	-0.237	+0.240	+0.240	-0.237	+0.241	-0.223	+0.269	-0.215	+0.270	+0.271	+0.271	+0.273	+0.291	+0.261	+0.260	+0.259	+0.116	+0.125	-0.206	+0.158	+0.149	-0.079	-0.239	+0.139	-0.248	+0.154	-0.276	-0.281	+0.244	-0.326	-0.292	-0.249	-0.254	-0.347	-0.203	-0.317	-0.317	-0.229	-0.263	-0.190	-0.394	-0.025	-0.003	-0.008	-0.077	-0.082	-0.083	-0.101	-0.103	-0.110	+0.027	-0.120	-0.250	-0.120	-0.115	+0.026	-0.106	
rs11870626     -0.284	+0.097	+0.111	-0.182	-0.010	+0.884	+1.338	+2.584	+1.639	+1.535	+1.534	+0.796	+2.154	-0.474	+1.898	-0.461	+1.725	-0.459	-0.453	+2.152	+2.217	+2.252	+2.058	+2.065	+2.071	+2.079	+3.010	+2.213	+2.819	+2.682	+2.891	+2.854	+2.297	+2.891	+2.893	+2.904	+2.680	+2.680	+2.249	-0.221	+0.643	-0.225	+2.437	+2.168	+3.850	+2.788	+2.540	+1.409	+2.882	+2.883	+2.901	+2.629	+2.903	+2.599	+2.173	+1.348	+1.954	+2.039	+1.353	+1.985	+1.341	+2.164	+1.337	+2.635	+1.305	+1.286	-0.363	+2.565	+1.259	-0.099	-0.082	+3.229	+2.568	-0.087	+2.546	-0.080	+3.953	+2.013	+2.036	+1.330	-0.607	+5.656	+1.356	+0.758	+0.875	+1.460	+0.653	+0.644	+0.634	+2.155	+1.449	+1.431	+0.363	+3.866	+3.864	+1.017	-0.162	+1.390	+0.679	+1.125	+1.531	-0.349	-0.642	-0.526	-0.540	-0.045	-0.444	-0.535	-0.043	-0.043	-0.535	-0.042	-0.514	+0.000	-0.446	+0.001	+0.002	+0.003	+0.005	+0.023	-0.007	-0.008	-0.009	-0.081	-0.139	-0.436	-0.036	-0.046	-0.332	-0.528	-0.057	-0.537	-0.040	-0.565	-0.570	-0.023	-0.611	-0.579	-0.510	-0.515	-0.621	-0.462	-0.594	-0.594	-0.511	-0.542	-0.469	-0.686	-0.367	-0.347	-0.352	-0.415	-0.418	-0.420	-0.436	-0.437	-0.444	-0.441	-0.452	-0.525	-0.452	-0.449	-0.441	-0.440	
rs2740755      -0.123	-0.099	-0.090	-0.010	+0.030	+1.829	+1.798	+4.190	+2.122	+2.011	+2.008	+2.277	+2.353	-0.284	+2.020	-0.270	+1.789	-0.267	-0.260	+2.270	+2.330	+2.365	+3.405	+3.416	+3.423	+3.434	+3.960	+2.433	+3.717	+3.463	+3.719	+3.754	+2.517	+3.718	+3.721	+3.809	+3.460	+3.460	+2.468	+0.347	+0.865	+0.339	+2.657	+2.387	+4.079	+3.324	+3.293	+1.634	+3.816	+3.817	+3.836	+3.424	+3.838	+3.391	+2.429	+2.155	+2.177	+3.279	+2.160	+2.209	+2.145	+2.420	+2.139	+3.429	+2.100	+2.078	-0.165	+3.351	+2.041	+0.117	+0.135	+3.427	+3.346	+0.130	+3.322	+0.138	+4.159	+2.269	+2.292	+2.236	-0.201	+5.850	+2.266	+1.561	+0.546	+2.426	+0.369	+0.362	+0.357	+2.415	+2.411	+2.391	+0.587	+4.121	+4.119	+1.284	+0.438	+2.335	+1.541	+2.002	+2.478	+0.055	-0.500	-0.226	-0.243	+0.261	-0.317	-0.236	+0.264	+0.264	-0.237	+0.265	-0.223	+0.290	-0.317	+0.291	+0.292	+0.292	+0.294	+0.314	+0.282	+0.281	+0.279	+0.005	+0.134	-0.310	+0.045	+0.036	-0.129	-0.241	+0.027	-0.253	+0.043	-0.287	-0.294	+0.263	-0.353	-0.307	-0.311	-0.317	-0.380	-0.266	-0.345	-0.345	-0.326	-0.357	-0.292	-0.474	-0.052	-0.027	-0.033	-0.107	-0.112	-0.114	-0.133	-0.135	-0.143	-0.065	-0.154	-0.348	-0.154	-0.148	-0.066	-0.139	
rs4793944      +0.866	+2.324	+2.351	+0.884	+1.829	+1.238	+1.742	+2.659	+1.975	+1.896	+1.896	+1.219	+2.431	+0.895	+1.537	+0.893	+1.448	+0.893	+0.895	+1.697	+1.747	+1.767	+2.058	+2.065	+2.070	+2.077	+3.011	+2.557	+2.858	+2.649	+2.831	+2.889	+2.629	+2.831	+2.834	+2.935	+2.650	+2.650	+2.593	+0.906	+1.695	+0.904	+2.753	+2.385	+3.861	+2.790	+2.559	+1.986	+2.980	+2.981	+2.998	+2.628	+2.999	+2.602	+2.558	+1.705	+2.403	+2.084	+1.710	+2.430	+1.702	+2.553	+1.700	+2.636	+1.676	+1.664	+0.923	+2.579	+1.649	+1.065	+1.078	+3.319	+2.590	+1.074	+2.571	+1.080	+3.895	+2.442	+2.461	+1.461	+0.735	+5.556	+1.480	+1.251	+3.450	+1.655	+3.078	+3.065	+3.042	+2.558	+1.647	+1.634	+1.406	+4.111	+4.109	+2.255	+0.762	+1.606	+1.187	+1.431	+1.716	+0.765	+0.911	+0.686	+0.685	+0.879	+0.964	+0.685	+0.880	+0.880	+0.685	+0.881	+0.686	+0.908	+0.962	+0.909	+0.909	+0.909	+0.910	+0.921	+0.904	+0.904	+0.903	+1.162	+0.842	+0.974	+1.200	+1.191	+0.926	+0.683	+1.183	+0.684	+1.191	+0.683	+0.683	+0.896	+0.683	+0.683	+0.804	+0.803	+0.691	+0.854	+0.689	+0.693	+1.045	+0.977	+1.065	+0.683	+1.244	+1.272	+1.265	+1.181	+1.176	+1.173	+1.154	+1.152	+1.145	+0.841	+1.134	+0.971	+1.134	+1.136	+0.841	+1.148	
rs4793951      +1.279	+1.690	+1.702	+1.338	+1.798	+1.742	+1.686	+2.925	+1.889	+1.793	+1.795	+1.396	+2.277	+1.379	+1.999	+1.410	+1.861	+1.415	+1.426	+2.159	+2.188	+2.211	+2.532	+2.539	+2.543	+2.551	+3.157	+2.289	+2.968	+2.962	+3.162	+2.999	+2.363	+3.164	+3.166	+3.044	+2.966	+2.966	+2.321	+1.719	+3.031	+1.712	+2.488	+2.394	+3.864	+3.237	+2.897	+1.748	+3.072	+3.073	+3.090	+3.003	+3.092	+2.979	+2.302	+1.860	+2.102	+2.582	+1.865	+2.127	+1.858	+2.297	+1.857	+3.014	+1.836	+1.825	+1.327	+2.965	+1.812	+1.886	+1.908	+3.642	+2.981	+1.900	+2.962	+1.910	+4.205	+2.197	+2.215	+2.221	+1.346	+5.669	+2.241	+1.800	+2.339	+2.245	+2.151	+2.144	+2.135	+2.309	+2.237	+2.224	+2.736	+3.865	+3.863	+3.154	+1.151	+2.194	+1.591	+1.999	+2.319	+1.185	+1.066	+1.078	+1.069	+1.236	+1.181	+1.072	+1.237	+1.237	+1.071	+1.237	+1.081	+1.257	+1.180	+1.258	+1.258	+1.258	+1.259	+1.270	+1.254	+1.253	+1.253	+1.484	+1.187	+1.185	+1.520	+1.512	+1.322	+1.074	+1.504	+1.070	+1.516	+1.054	+1.053	+1.246	+1.050	+1.050	+1.200	+1.197	+1.046	+1.236	+1.051	+1.055	+1.536	+1.459	+1.567	+1.058	+1.606	+1.635	+1.628	+1.548	+1.542	+1.540	+1.519	+1.517	+1.509	+1.397	+1.497	+1.452	+1.497	+1.502	+1.397	+1.513	
rs11079830     +2.582	+3.431	+3.451	+2.584	+4.190	+2.659	+2.925	+3.024	+3.063	+3.008	+3.010	+2.555	+3.450	+2.654	+2.615	+2.637	+2.591	+2.634	+2.631	+2.692	+2.727	+2.739	+2.797	+2.802	+2.804	+2.809	+3.651	+3.601	+3.575	+3.261	+3.352	+3.601	+3.661	+3.355	+3.357	+3.639	+3.268	+3.268	+3.636	+2.523	+3.162	+2.522	+3.768	+3.331	+4.502	+3.410	+3.248	+3.215	+3.726	+3.726	+3.741	+3.267	+3.742	+3.250	+3.603	+2.825	+3.527	+2.860	+2.828	+3.549	+2.824	+3.600	+2.823	+3.278	+2.809	+2.802	+2.639	+3.244	+2.796	+2.633	+2.642	+3.954	+3.264	+2.639	+3.250	+2.643	+4.359	+3.523	+3.540	+2.665	+2.426	+5.925	+2.675	+2.704	+4.282	+2.919	+3.988	+3.977	+3.956	+3.619	+2.915	+2.906	+2.920	+4.914	+4.913	+3.774	+2.437	+2.890	+2.680	+2.765	+2.973	+2.533	+3.057	+2.654	+2.666	+2.456	+2.836	+2.659	+2.456	+2.456	+2.659	+2.456	+2.615	+2.459	+2.832	+2.459	+2.459	+2.459	+2.460	+2.461	+2.459	+2.459	+2.458	+2.957	+2.462	+2.850	+3.000	+2.990	+2.575	+2.620	+2.978	+2.636	+2.984	+2.609	+2.615	+2.458	+2.565	+2.627	+2.552	+2.555	+2.668	+2.560	+2.625	+2.633	+2.997	+2.891	+3.001	+2.394	+3.027	+3.057	+3.050	+2.957	+2.951	+2.949	+2.928	+2.925	+2.919	+2.517	+2.907	+2.861	+2.907	+2.909	+2.517	+2.922	
rs9896015      +1.583	+1.995	+2.007	+1.639	+2.122	+1.975	+1.889	+3.063	+2.014	+1.960	+1.956	+1.631	+2.323	+1.697	+2.217	+1.723	+2.087	+1.729	+1.740	+2.371	+2.399	+2.421	+2.705	+2.712	+2.716	+2.722	+3.276	+2.385	+3.089	+3.105	+3.302	+3.118	+2.451	+3.304	+3.306	+3.161	+3.109	+3.109	+2.416	+2.059	+3.373	+2.052	+2.565	+2.529	+3.931	+3.398	+3.051	+1.938	+3.207	+3.208	+3.224	+3.156	+3.226	+3.133	+2.429	+2.063	+2.239	+2.759	+2.067	+2.261	+2.061	+2.424	+2.060	+3.167	+2.040	+2.031	+1.632	+3.122	+2.020	+2.186	+2.209	+3.777	+3.139	+2.200	+3.121	+2.210	+4.315	+2.339	+2.355	+2.436	+1.681	+5.728	+2.455	+2.039	+2.610	+2.458	+2.425	+2.417	+2.406	+2.441	+2.450	+2.437	+3.097	+3.916	+3.915	+3.481	+1.435	+2.408	+1.826	+2.220	+2.532	+1.475	+1.372	+1.371	+1.365	+1.510	+1.484	+1.367	+1.511	+1.512	+1.367	+1.512	+1.375	+1.529	+1.484	+1.530	+1.530	+1.530	+1.531	+1.541	+1.526	+1.526	+1.526	+1.784	+1.470	+1.488	+1.819	+1.811	+1.617	+1.369	+1.803	+1.366	+1.815	+1.354	+1.353	+1.520	+1.357	+1.351	+1.505	+1.502	+1.352	+1.539	+1.354	+1.358	+1.878	+1.796	+1.907	+1.363	+1.927	+1.956	+1.949	+1.867	+1.862	+1.860	+1.838	+1.836	+1.828	+1.704	+1.816	+1.786	+1.816	+1.821	+1.704	+1.832	
rs28575348     +1.478	+1.891	+1.903	+1.535	+2.011	+1.896	+1.793	+3.008	+1.960	+1.901	+1.895	+1.545	+2.302	+1.588	+2.144	+1.619	+2.012	+1.626	+1.637	+2.300	+2.329	+2.351	+2.646	+2.653	+2.657	+2.665	+3.233	+2.347	+3.045	+3.058	+3.256	+3.075	+2.415	+3.258	+3.261	+3.119	+3.062	+3.062	+2.378	+1.947	+3.247	+1.940	+2.534	+2.482	+3.904	+3.346	+3.002	+1.869	+3.161	+3.162	+3.178	+3.107	+3.180	+3.084	+2.380	+1.993	+2.187	+2.702	+1.998	+2.210	+1.991	+2.376	+1.990	+3.118	+1.970	+1.960	+1.527	+3.071	+1.949	+2.087	+2.110	+3.728	+3.088	+2.101	+3.070	+2.111	+4.275	+2.286	+2.302	+2.365	+1.569	+5.703	+2.385	+1.956	+2.506	+2.384	+2.322	+2.314	+2.303	+2.390	+2.376	+2.363	+2.971	+3.895	+3.893	+3.366	+1.337	+2.333	+1.744	+2.142	+2.458	+1.374	+1.266	+1.270	+1.264	+1.414	+1.379	+1.266	+1.415	+1.415	+1.266	+1.415	+1.274	+1.433	+1.378	+1.434	+1.434	+1.434	+1.436	+1.445	+1.430	+1.430	+1.429	+1.682	+1.371	+1.383	+1.717	+1.709	+1.513	+1.268	+1.701	+1.265	+1.713	+1.250	+1.249	+1.424	+1.251	+1.247	+1.401	+1.398	+1.246	+1.434	+1.250	+1.253	+1.762	+1.681	+1.791	+1.258	+1.815	+1.843	+1.836	+1.755	+1.750	+1.748	+1.727	+1.725	+1.716	+1.599	+1.704	+1.672	+1.704	+1.709	+1.599	+1.720	
rs9909884      +1.476	+1.889	+1.901	+1.534	+2.008	+1.896	+1.795	+3.010	+1.956	+1.895	+1.899	+1.544	+2.304	+1.586	+2.145	+1.618	+2.010	+1.624	+1.635	+2.301	+2.329	+2.352	+2.647	+2.654	+2.658	+2.666	+3.233	+2.346	+3.045	+3.058	+3.257	+3.075	+2.415	+3.258	+3.261	+3.119	+3.062	+3.062	+2.377	+1.950	+3.257	+1.943	+2.533	+2.479	+3.902	+3.348	+3.002	+1.866	+3.157	+3.158	+3.175	+3.107	+3.176	+3.084	+2.378	+1.990	+2.185	+2.702	+1.994	+2.208	+1.988	+2.373	+1.986	+3.118	+1.966	+1.956	+1.526	+3.072	+1.945	+2.093	+2.116	+3.728	+3.088	+2.107	+3.070	+2.117	+4.276	+2.283	+2.299	+2.364	+1.567	+5.703	+2.384	+1.954	+2.506	+2.382	+2.321	+2.313	+2.303	+2.389	+2.374	+2.361	+2.973	+3.895	+3.893	+3.366	+1.335	+2.332	+1.742	+2.140	+2.456	+1.372	+1.264	+1.268	+1.262	+1.411	+1.377	+1.264	+1.412	+1.412	+1.264	+1.413	+1.272	+1.431	+1.376	+1.431	+1.432	+1.432	+1.433	+1.442	+1.428	+1.428	+1.427	+1.679	+1.369	+1.380	+1.714	+1.706	+1.512	+1.266	+1.698	+1.263	+1.710	+1.249	+1.247	+1.421	+1.249	+1.245	+1.399	+1.396	+1.244	+1.432	+1.248	+1.251	+1.759	+1.678	+1.789	+1.256	+1.810	+1.839	+1.832	+1.751	+1.746	+1.744	+1.723	+1.721	+1.712	+1.597	+1.701	+1.670	+1.700	+1.705	+1.597	+1.716	
rs15689        +0.745	+1.753	+1.771	+0.796	+2.277	+1.219	+1.396	+2.555	+1.631	+1.545	+1.544	+1.105	+2.090	+0.855	+1.446	+0.881	+1.317	+0.887	+0.897	+1.614	+1.646	+1.668	+2.080	+2.086	+2.091	+2.099	+2.958	+2.179	+2.773	+2.685	+2.887	+2.806	+2.254	+2.888	+2.890	+2.855	+2.686	+2.686	+2.214	+0.867	+1.949	+0.863	+2.380	+2.323	+3.837	+2.870	+2.586	+1.581	+2.861	+2.862	+2.879	+2.684	+2.881	+2.658	+2.206	+1.583	+1.989	+2.099	+1.588	+2.015	+1.580	+2.200	+1.577	+2.692	+1.553	+1.540	+0.794	+2.635	+1.524	+1.127	+1.144	+3.454	+2.645	+1.138	+2.626	+1.146	+4.039	+2.088	+2.107	+1.661	+0.590	+5.563	+1.682	+1.221	+2.554	+1.699	+2.308	+2.297	+2.279	+2.207	+1.691	+1.678	+1.920	+3.767	+3.765	+2.087	+0.657	+1.647	+1.050	+1.445	+1.773	+0.625	+0.621	+0.549	+0.544	+0.756	+0.721	+0.546	+0.758	+0.758	+0.545	+0.758	+0.556	+0.791	+0.719	+0.792	+0.792	+0.793	+0.794	+0.805	+0.787	+0.787	+0.786	+1.142	+0.709	+0.728	+1.187	+1.177	+0.822	+0.550	+1.164	+0.548	+1.175	+0.538	+0.537	+0.779	+0.544	+0.535	+0.700	+0.696	+0.533	+0.727	+0.538	+0.542	+0.884	+0.825	+0.956	+0.537	+1.047	+1.073	+1.066	+0.990	+0.985	+0.983	+0.963	+0.961	+0.954	+0.807	+0.943	+0.860	+0.943	+0.946	+0.806	+0.957	
rs12939324     +2.097	+2.285	+2.294	+2.154	+2.353	+2.431	+2.277	+3.450	+2.323	+2.302	+2.304	+2.090	+2.571	+2.229	+2.651	+2.256	+2.521	+2.263	+2.274	+2.805	+2.831	+2.854	+3.098	+3.105	+3.109	+3.117	+3.595	+2.585	+3.408	+3.463	+3.658	+3.436	+2.638	+3.660	+3.662	+3.477	+3.468	+3.468	+2.610	+2.916	+3.944	+2.906	+2.732	+2.741	+4.028	+3.613	+3.429	+2.281	+3.529	+3.530	+3.546	+3.543	+3.547	+3.521	+2.641	+2.481	+2.484	+3.175	+2.485	+2.501	+2.479	+2.637	+2.479	+3.554	+2.461	+2.452	+2.148	+3.513	+2.443	+2.740	+2.764	+3.961	+3.530	+2.755	+3.513	+2.766	+4.466	+2.569	+2.583	+2.883	+2.366	+5.801	+2.902	+2.493	+2.863	+2.874	+2.699	+2.693	+2.685	+2.657	+2.866	+2.854	+3.709	+4.006	+4.005	+4.022	+1.926	+2.825	+2.266	+2.638	+2.941	+1.951	+1.882	+1.861	+1.858	+1.960	+1.986	+1.859	+1.961	+1.961	+1.859	+1.961	+1.864	+1.972	+1.986	+1.972	+1.973	+1.973	+1.973	+1.979	+1.970	+1.970	+1.970	+2.277	+1.946	+1.989	+2.311	+2.304	+2.101	+1.860	+2.295	+1.859	+2.309	+1.859	+1.860	+1.967	+1.893	+1.860	+2.010	+2.007	+1.878	+2.044	+1.872	+1.877	+2.453	+2.363	+2.506	+1.877	+2.502	+2.534	+2.526	+2.439	+2.434	+2.431	+2.408	+2.406	+2.398	+2.231	+2.385	+2.370	+2.385	+2.390	+2.231	+2.401	
rs3809781      -0.565	-0.221	-0.209	-0.474	-0.284	+0.895	+1.379	+2.654	+1.697	+1.588	+1.586	+0.855	+2.229	-0.384	+1.160	-0.483	+0.993	-0.478	-0.470	+1.382	+1.430	+1.459	+2.201	+2.208	+2.214	+2.221	+3.136	+2.296	+2.934	+2.929	+3.142	+2.969	+2.384	+3.142	+3.145	+3.021	+2.927	+2.927	+2.333	-0.339	+0.517	-0.344	+2.531	+2.384	+4.082	+3.053	+2.761	+1.425	+3.001	+3.002	+3.020	+2.843	+3.022	+2.809	+2.250	+1.461	+2.005	+2.174	+1.467	+2.038	+1.455	+2.240	+1.449	+2.847	+1.415	+1.395	-0.575	+2.768	+1.365	-0.082	-0.058	+3.526	+2.762	-0.069	+2.738	-0.057	+4.381	+2.079	+2.104	+1.377	-0.736	+5.821	+1.404	+0.861	+0.472	+1.603	+0.272	+0.264	+0.258	+2.230	+1.590	+1.572	+0.265	+3.926	+3.924	+0.887	-0.157	+1.527	+0.740	+1.243	+1.655	-0.482	-0.838	-0.659	-0.675	-0.175	-0.671	-0.669	-0.173	-0.173	-0.669	-0.172	-0.646	-0.128	-0.672	-0.127	-0.125	-0.125	-0.123	-0.104	-0.136	-0.136	-0.138	-0.339	-0.277	-0.664	-0.298	-0.307	-0.481	-0.662	-0.317	-0.672	-0.302	-0.706	-0.712	-0.153	-0.763	-0.723	-0.665	-0.671	-0.768	-0.622	-0.736	-0.736	-0.690	-0.722	-0.638	-0.864	-0.461	-0.439	-0.445	-0.515	-0.519	-0.521	-0.538	-0.540	-0.548	-0.534	-0.557	-0.696	-0.558	-0.554	-0.534	-0.544	
rs3809780      +1.706	+1.660	+1.671	+1.898	+2.020	+1.537	+1.999	+2.615	+2.217	+2.144	+2.145	+1.446	+2.651	+1.160	+1.491	+1.148	+1.323	+1.145	+1.144	+1.627	+1.600	+1.629	+2.097	+2.103	+2.108	+2.115	+3.006	+2.682	+2.859	+2.671	+2.858	+2.889	+2.751	+2.857	+2.860	+2.933	+2.670	+2.670	+2.714	+1.083	+1.734	+1.082	+2.869	+2.491	+3.896	+2.788	+2.570	+2.123	+2.962	+2.963	+2.979	+2.636	+2.981	+2.610	+2.651	+1.802	+2.522	+2.112	+1.806	+2.547	+1.800	+2.645	+1.796	+2.643	+1.774	+1.763	+1.156	+2.584	+1.748	+1.221	+1.232	+3.300	+2.592	+1.229	+2.573	+1.233	+3.885	+2.542	+2.562	+1.808	+0.952	+5.603	+1.828	+1.727	+2.425	+2.090	+2.184	+2.175	+2.167	+2.661	+2.083	+2.070	+1.781	+4.062	+4.061	+2.615	+1.040	+2.042	+1.658	+1.866	+2.157	+0.993	+1.173	+0.928	+0.929	+1.060	+1.166	+0.928	+1.061	+1.061	+0.928	+1.061	+0.925	+1.084	+1.164	+1.084	+1.085	+1.085	+1.086	+1.094	+1.080	+1.080	+1.080	+1.332	+1.036	+1.176	+1.366	+1.358	+1.128	+0.924	+1.350	+0.926	+1.356	+0.925	+0.926	+1.074	+0.924	+0.928	+1.046	+1.047	+0.938	+1.082	+0.931	+0.935	+1.300	+1.230	+1.449	+0.963	+1.869	+1.906	+1.896	+1.780	+1.773	+1.769	+1.741	+1.737	+1.729	+1.296	+1.713	+1.331	+1.713	+1.716	+1.295	+1.732	
rs3809778      -0.552	-0.209	-0.198	-0.461	-0.270	+0.893	+1.410	+2.637	+1.723	+1.619	+1.618	+0.881	+2.256	-0.483	+1.148	-0.367	+0.980	-0.471	-0.468	+1.368	+1.415	+1.444	+2.171	+2.179	+2.185	+2.192	+3.172	+2.334	+2.968	+2.887	+3.100	+3.003	+2.423	+3.099	+3.102	+3.056	+2.884	+2.884	+2.371	-0.323	+0.529	-0.328	+2.570	+2.343	+4.136	+3.010	+2.722	+1.457	+3.035	+3.037	+3.055	+2.806	+3.057	+2.772	+2.288	+1.502	+2.041	+2.146	+1.508	+2.074	+1.496	+2.279	+1.490	+2.810	+1.455	+1.435	-0.560	+2.732	+1.406	-0.110	-0.087	+3.482	+2.727	-0.096	+2.703	-0.085	+4.328	+2.117	+2.142	+1.364	-0.718	+5.860	+1.390	+0.895	+0.483	+1.641	+0.280	+0.272	+0.267	+2.268	+1.628	+1.610	+0.291	+3.950	+3.948	+0.896	-0.128	+1.564	+0.769	+1.278	+1.690	-0.464	-0.819	-0.653	-0.668	-0.179	-0.656	-0.662	-0.177	-0.176	-0.663	-0.175	-0.640	-0.132	-0.657	-0.131	-0.130	-0.129	-0.127	-0.109	-0.140	-0.140	-0.142	-0.325	-0.279	-0.649	-0.285	-0.294	-0.480	-0.656	-0.304	-0.666	-0.289	-0.699	-0.704	-0.157	-0.754	-0.716	-0.659	-0.664	-0.760	-0.615	-0.728	-0.728	-0.671	-0.704	-0.617	-0.850	-0.442	-0.419	-0.425	-0.495	-0.500	-0.502	-0.519	-0.521	-0.529	-0.523	-0.538	-0.676	-0.539	-0.535	-0.524	-0.525	
rs2326016      +1.532	+1.477	+1.487	+1.725	+1.789	+1.448	+1.861	+2.591	+2.087	+2.012	+2.010	+1.317	+2.521	+0.993	+1.323	+0.980	+1.318	+0.978	+0.977	+1.521	+1.532	+1.560	+2.065	+2.071	+2.077	+2.084	+2.989	+2.551	+2.795	+2.640	+2.839	+2.826	+2.620	+2.838	+2.841	+2.872	+2.638	+2.638	+2.582	+0.953	+1.588	+0.951	+2.739	+2.373	+3.904	+2.766	+2.515	+1.977	+2.942	+2.943	+2.959	+2.611	+2.961	+2.584	+2.639	+1.749	+2.382	+2.075	+1.753	+2.408	+1.746	+2.633	+1.743	+2.618	+1.720	+1.707	+0.989	+2.557	+1.692	+1.059	+1.070	+3.279	+2.565	+1.067	+2.545	+1.072	+3.873	+2.526	+2.546	+1.735	+0.802	+5.608	+1.756	+1.577	+2.279	+2.023	+2.036	+2.028	+2.018	+2.650	+2.015	+2.002	+1.619	+4.068	+4.067	+2.423	+0.910	+1.972	+1.566	+1.788	+2.089	+0.838	+0.956	+0.758	+0.758	+0.923	+1.006	+0.757	+0.924	+0.924	+0.757	+0.925	+0.757	+0.950	+1.004	+0.950	+0.951	+0.951	+0.952	+0.961	+0.946	+0.946	+0.945	+1.180	+0.883	+1.015	+1.214	+1.207	+0.964	+0.755	+1.198	+0.757	+1.205	+0.755	+0.755	+0.939	+0.755	+0.756	+0.880	+0.881	+0.761	+0.917	+0.759	+0.763	+1.132	+1.062	+1.279	+0.803	+1.731	+1.768	+1.759	+1.640	+1.632	+1.629	+1.600	+1.596	+1.587	+1.144	+1.571	+1.161	+1.571	+1.574	+1.143	+1.590	
rs4619445      -0.549	-0.206	-0.195	-0.459	-0.267	+0.893	+1.415	+2.634	+1.729	+1.626	+1.624	+0.887	+2.263	-0.478	+1.145	-0.471	+0.978	-0.363	-0.467	+1.365	+1.412	+1.441	+2.165	+2.172	+2.179	+2.186	+3.179	+2.342	+2.975	+2.878	+3.091	+3.011	+2.431	+3.090	+3.093	+3.063	+2.876	+2.876	+2.379	-0.320	+0.531	-0.325	+2.578	+2.335	+4.147	+3.001	+2.714	+1.464	+3.043	+3.044	+3.062	+2.798	+3.064	+2.764	+2.295	+1.511	+2.048	+2.140	+1.516	+2.082	+1.504	+2.286	+1.498	+2.802	+1.463	+1.444	-0.557	+2.725	+1.414	-0.115	-0.092	+3.473	+2.719	-0.102	+2.696	-0.091	+4.316	+2.125	+2.149	+1.362	-0.715	+5.869	+1.388	+0.902	+0.485	+1.649	+0.282	+0.274	+0.269	+2.276	+1.636	+1.617	+0.296	+3.956	+3.954	+0.898	-0.122	+1.572	+0.775	+1.285	+1.698	-0.461	-0.815	-0.651	-0.667	-0.179	-0.653	-0.661	-0.177	-0.176	-0.661	-0.175	-0.639	-0.132	-0.654	-0.131	-0.130	-0.130	-0.127	-0.109	-0.140	-0.140	-0.142	-0.323	-0.279	-0.646	-0.282	-0.291	-0.480	-0.654	-0.301	-0.664	-0.287	-0.698	-0.703	-0.157	-0.752	-0.714	-0.657	-0.662	-0.758	-0.614	-0.726	-0.726	-0.668	-0.700	-0.612	-0.847	-0.438	-0.415	-0.421	-0.491	-0.496	-0.497	-0.515	-0.517	-0.525	-0.521	-0.534	-0.672	-0.535	-0.530	-0.521	-0.521	
rs3809777      -0.543	-0.201	-0.189	-0.453	-0.260	+0.895	+1.426	+2.631	+1.740	+1.637	+1.635	+0.897	+2.274	-0.470	+1.144	-0.468	+0.977	-0.467	-0.356	+1.363	+1.410	+1.438	+2.160	+2.167	+2.173	+2.181	+3.190	+2.355	+2.986	+2.870	+3.083	+3.021	+2.444	+3.082	+3.085	+3.074	+2.868	+2.868	+2.392	-0.313	+0.537	-0.319	+2.592	+2.325	+4.162	+2.992	+2.706	+1.475	+3.054	+3.055	+3.073	+2.790	+3.075	+2.757	+2.308	+1.523	+2.060	+2.135	+1.529	+2.094	+1.517	+2.299	+1.511	+2.794	+1.476	+1.456	-0.551	+2.717	+1.426	-0.121	-0.099	+3.464	+2.712	-0.109	+2.688	-0.098	+4.303	+2.137	+2.162	+1.360	-0.708	+5.881	+1.387	+0.913	+0.490	+1.661	+0.287	+0.279	+0.274	+2.289	+1.648	+1.629	+0.305	+3.965	+3.963	+0.903	-0.112	+1.584	+0.786	+1.297	+1.709	-0.454	-0.808	-0.647	-0.663	-0.177	-0.646	-0.657	-0.175	-0.175	-0.657	-0.174	-0.635	-0.131	-0.647	-0.130	-0.129	-0.128	-0.126	-0.108	-0.139	-0.139	-0.141	-0.317	-0.277	-0.639	-0.276	-0.285	-0.477	-0.650	-0.295	-0.660	-0.281	-0.693	-0.699	-0.156	-0.747	-0.710	-0.653	-0.658	-0.753	-0.609	-0.722	-0.722	-0.660	-0.693	-0.604	-0.840	-0.430	-0.408	-0.414	-0.484	-0.488	-0.490	-0.508	-0.510	-0.517	-0.516	-0.527	-0.664	-0.527	-0.523	-0.516	-0.514	
rs3809775      +1.954	+1.882	+1.892	+2.152	+2.270	+1.697	+2.159	+2.692	+2.371	+2.300	+2.301	+1.614	+2.805	+1.382	+1.627	+1.368	+1.521	+1.365	+1.363	+1.715	+1.668	+1.686	+2.160	+2.165	+2.170	+2.177	+3.068	+2.822	+2.933	+2.721	+2.892	+2.961	+2.889	+2.891	+2.894	+3.004	+2.721	+2.721	+2.852	+1.286	+1.916	+1.285	+3.004	+2.609	+3.974	+2.846	+2.636	+2.281	+3.042	+3.043	+3.058	+2.693	+3.060	+2.668	+2.789	+1.935	+2.668	+2.186	+1.939	+2.692	+1.933	+2.783	+1.929	+2.700	+1.909	+1.898	+1.372	+2.645	+1.884	+1.417	+1.428	+3.374	+2.655	+1.425	+2.636	+1.429	+3.923	+2.678	+2.697	+1.935	+1.162	+5.656	+1.954	+1.890	+2.656	+2.228	+2.411	+2.403	+2.394	+2.794	+2.221	+2.208	+1.986	+4.159	+4.157	+2.831	+1.233	+2.181	+1.822	+2.017	+2.294	+1.202	+1.409	+1.147	+1.150	+1.254	+1.383	+1.148	+1.255	+1.255	+1.148	+1.255	+1.142	+1.275	+1.381	+1.276	+1.276	+1.276	+1.277	+1.285	+1.273	+1.272	+1.272	+1.538	+1.235	+1.393	+1.571	+1.564	+1.336	+1.142	+1.555	+1.146	+1.561	+1.144	+1.145	+1.267	+1.141	+1.149	+1.263	+1.265	+1.161	+1.295	+1.151	+1.155	+1.530	+1.457	+1.688	+1.179	+2.121	+2.159	+2.149	+2.030	+2.022	+2.019	+1.990	+1.986	+1.977	+1.509	+1.962	+1.565	+1.961	+1.964	+1.509	+1.980	
rs11652932     +2.016	+1.936	+1.947	+2.217	+2.330	+1.747	+2.188	+2.727	+2.399	+2.329	+2.329	+1.646	+2.831	+1.430	+1.600	+1.415	+1.532	+1.412	+1.410	+1.668	+1.763	+1.744	+2.170	+2.176	+2.180	+2.187	+3.076	+2.845	+2.943	+2.730	+2.898	+2.972	+2.911	+2.898	+2.901	+3.014	+2.729	+2.729	+2.875	+1.329	+1.952	+1.327	+3.025	+2.629	+3.985	+2.853	+2.644	+2.310	+3.049	+3.051	+3.066	+2.700	+3.067	+2.675	+2.811	+1.958	+2.693	+2.195	+1.962	+2.717	+1.956	+2.805	+1.952	+2.707	+1.932	+1.921	+1.418	+2.652	+1.908	+1.455	+1.465	+3.379	+2.662	+1.463	+2.643	+1.467	+3.927	+2.701	+2.720	+1.977	+1.210	+5.656	+1.996	+1.945	+2.631	+2.277	+2.393	+2.385	+2.376	+2.816	+2.270	+2.258	+2.024	+4.166	+4.164	+2.856	+1.282	+2.231	+1.877	+2.068	+2.344	+1.247	+1.473	+1.198	+1.202	+1.293	+1.433	+1.200	+1.293	+1.293	+1.200	+1.294	+1.192	+1.313	+1.431	+1.313	+1.314	+1.314	+1.315	+1.322	+1.310	+1.310	+1.309	+1.586	+1.275	+1.444	+1.620	+1.612	+1.379	+1.193	+1.603	+1.197	+1.609	+1.195	+1.196	+1.305	+1.191	+1.200	+1.311	+1.312	+1.213	+1.341	+1.202	+1.207	+1.584	+1.509	+1.745	+1.226	+2.137	+2.175	+2.165	+2.048	+2.040	+2.037	+2.008	+2.005	+1.996	+1.560	+1.981	+1.619	+1.980	+1.983	+1.559	+1.999	
rs11652981     +2.050	+1.966	+1.977	+2.252	+2.365	+1.767	+2.211	+2.739	+2.421	+2.351	+2.352	+1.668	+2.854	+1.459	+1.629	+1.444	+1.560	+1.441	+1.438	+1.686	+1.744	+1.792	+2.180	+2.186	+2.190	+2.197	+3.087	+2.866	+2.956	+2.739	+2.905	+2.984	+2.932	+2.904	+2.907	+3.026	+2.738	+2.738	+2.896	+1.355	+1.977	+1.353	+3.046	+2.647	+3.999	+2.864	+2.657	+2.334	+3.065	+3.066	+3.081	+2.711	+3.083	+2.687	+2.832	+1.977	+2.715	+2.208	+1.981	+2.740	+1.975	+2.826	+1.972	+2.718	+1.952	+1.941	+1.445	+2.664	+1.928	+1.482	+1.493	+3.394	+2.674	+1.490	+2.656	+1.494	+3.936	+2.722	+2.741	+1.998	+1.238	+5.670	+2.017	+1.971	+2.662	+2.301	+2.423	+2.415	+2.406	+2.838	+2.294	+2.281	+2.052	+4.187	+4.185	+2.895	+1.308	+2.255	+1.903	+2.092	+2.367	+1.274	+1.502	+1.225	+1.229	+1.319	+1.461	+1.227	+1.319	+1.320	+1.227	+1.320	+1.220	+1.339	+1.459	+1.339	+1.340	+1.340	+1.341	+1.348	+1.336	+1.336	+1.336	+1.612	+1.302	+1.471	+1.646	+1.638	+1.406	+1.220	+1.630	+1.225	+1.635	+1.222	+1.223	+1.331	+1.218	+1.227	+1.338	+1.340	+1.241	+1.368	+1.229	+1.234	+1.612	+1.537	+1.774	+1.254	+2.170	+2.208	+2.198	+2.080	+2.073	+2.070	+2.041	+2.037	+2.028	+1.588	+2.013	+1.648	+2.012	+2.016	+1.587	+2.032	
rs2303486      +2.046	+2.891	+2.904	+2.058	+3.405	+2.058	+2.532	+2.797	+2.705	+2.646	+2.647	+2.080	+3.098	+2.201	+2.097	+2.171	+2.065	+2.165	+2.160	+2.160	+2.170	+2.180	+2.477	+2.467	+2.470	+2.468	+3.144	+3.097	+3.024	+2.835	+3.039	+3.050	+3.154	+3.038	+3.040	+3.088	+2.833	+2.833	+3.123	+2.019	+2.438	+2.019	+3.256	+2.837	+4.048	+2.931	+2.739	+2.668	+3.121	+3.122	+3.136	+2.794	+3.137	+2.770	+3.067	+2.266	+2.984	+2.382	+2.269	+3.005	+2.265	+3.062	+2.263	+2.799	+2.249	+2.242	+2.103	+2.747	+2.234	+2.051	+2.057	+3.401	+2.753	+2.055	+2.737	+2.057	+3.962	+2.976	+2.992	+2.171	+1.899	+5.624	+2.182	+2.173	+3.761	+2.410	+3.466	+3.456	+3.437	+3.076	+2.405	+2.396	+2.549	+4.238	+4.237	+3.313	+1.936	+2.378	+2.165	+2.269	+2.462	+1.968	+2.645	+2.122	+2.148	+1.938	+2.254	+2.140	+1.938	+1.938	+2.140	+1.938	+2.095	+1.940	+2.251	+1.940	+1.940	+1.940	+1.940	+1.942	+1.939	+1.939	+1.939	+2.354	+1.943	+2.268	+2.393	+2.384	+2.037	+2.100	+2.374	+2.119	+2.380	+2.082	+2.089	+1.939	+2.022	+2.100	+2.087	+2.093	+2.155	+2.059	+2.115	+2.123	+2.371	+2.280	+2.600	+1.865	+2.557	+2.588	+2.581	+2.482	+2.476	+2.473	+2.451	+2.448	+2.441	+1.969	+2.429	+2.445	+2.429	+2.430	+1.969	+2.444	
rs12938558     +2.053	+2.900	+2.913	+2.065	+3.416	+2.065	+2.539	+2.802	+2.712	+2.653	+2.654	+2.086	+3.105	+2.208	+2.103	+2.179	+2.071	+2.172	+2.167	+2.165	+2.176	+2.186	+2.467	+2.484	+2.476	+2.474	+3.145	+3.100	+3.026	+2.837	+3.041	+3.052	+3.157	+3.039	+3.042	+3.090	+2.835	+2.835	+3.126	+2.026	+2.443	+2.026	+3.259	+2.839	+4.049	+2.933	+2.741	+2.671	+3.122	+3.123	+3.137	+2.795	+3.139	+2.772	+3.070	+2.270	+2.987	+2.386	+2.273	+3.008	+2.269	+3.065	+2.267	+2.801	+2.253	+2.246	+2.110	+2.749	+2.238	+2.058	+2.063	+3.402	+2.755	+2.061	+2.739	+2.064	+3.963	+2.978	+2.995	+2.176	+1.906	+5.624	+2.186	+2.178	+3.770	+2.413	+3.474	+3.464	+3.445	+3.078	+2.408	+2.399	+2.555	+4.239	+4.238	+3.320	+1.944	+2.381	+2.169	+2.272	+2.465	+1.976	+2.655	+2.132	+2.158	+1.945	+2.262	+2.150	+1.945	+1.945	+2.150	+1.945	+2.105	+1.947	+2.258	+1.947	+1.947	+1.947	+1.947	+1.948	+1.946	+1.946	+1.946	+2.360	+1.950	+2.276	+2.400	+2.390	+2.044	+2.110	+2.381	+2.128	+2.387	+2.091	+2.098	+1.946	+2.030	+2.109	+2.095	+2.101	+2.164	+2.066	+2.124	+2.132	+2.379	+2.288	+2.608	+1.872	+2.563	+2.595	+2.587	+2.488	+2.482	+2.479	+2.457	+2.454	+2.447	+1.975	+2.435	+2.452	+2.435	+2.436	+1.975	+2.450	
rs2875820      +2.059	+2.906	+2.919	+2.071	+3.423	+2.070	+2.543	+2.804	+2.716	+2.657	+2.658	+2.091	+3.109	+2.214	+2.108	+2.185	+2.077	+2.179	+2.173	+2.170	+2.180	+2.190	+2.470	+2.476	+2.490	+2.477	+3.147	+3.104	+3.029	+2.839	+3.041	+3.054	+3.161	+3.040	+3.042	+3.092	+2.837	+2.837	+3.130	+2.032	+2.448	+2.032	+3.262	+2.843	+4.052	+2.934	+2.743	+2.676	+3.125	+3.126	+3.140	+2.797	+3.141	+2.774	+3.074	+2.275	+2.991	+2.389	+2.277	+3.012	+2.273	+3.069	+2.271	+2.802	+2.257	+2.250	+2.115	+2.751	+2.242	+2.063	+2.068	+3.404	+2.757	+2.067	+2.741	+2.069	+3.964	+2.982	+2.999	+2.180	+1.912	+5.625	+2.190	+2.182	+3.776	+2.417	+3.481	+3.471	+3.451	+3.082	+2.412	+2.403	+2.560	+4.242	+4.240	+3.325	+1.950	+2.385	+2.174	+2.277	+2.469	+1.982	+2.663	+2.140	+2.165	+1.951	+2.268	+2.158	+1.951	+1.951	+2.158	+1.951	+2.112	+1.952	+2.265	+1.952	+1.952	+1.952	+1.953	+1.954	+1.952	+1.952	+1.952	+2.366	+1.956	+2.282	+2.405	+2.396	+2.049	+2.117	+2.387	+2.136	+2.392	+2.098	+2.105	+1.951	+2.037	+2.116	+2.101	+2.107	+2.172	+2.072	+2.131	+2.140	+2.385	+2.294	+2.615	+1.878	+2.569	+2.601	+2.593	+2.494	+2.488	+2.486	+2.463	+2.460	+2.453	+1.981	+2.441	+2.459	+2.441	+2.442	+1.981	+2.456	
rs2303487      +2.067	+2.915	+2.928	+2.079	+3.434	+2.077	+2.551	+2.809	+2.722	+2.665	+2.666	+2.099	+3.117	+2.221	+2.115	+2.192	+2.084	+2.186	+2.181	+2.177	+2.187	+2.197	+2.468	+2.474	+2.477	+2.498	+3.150	+3.109	+3.031	+2.841	+3.041	+3.056	+3.165	+3.040	+3.043	+3.094	+2.839	+2.839	+3.134	+2.041	+2.456	+2.041	+3.266	+2.848	+4.054	+2.936	+2.746	+2.681	+3.126	+3.127	+3.141	+2.799	+3.142	+2.776	+3.077	+2.279	+2.995	+2.393	+2.282	+3.016	+2.277	+3.072	+2.276	+2.804	+2.262	+2.255	+2.124	+2.753	+2.247	+2.072	+2.077	+3.407	+2.760	+2.075	+2.743	+2.078	+3.965	+2.985	+3.002	+2.185	+1.921	+5.626	+2.195	+2.187	+3.790	+2.420	+3.494	+3.484	+3.464	+3.084	+2.415	+2.406	+2.569	+4.243	+4.242	+3.334	+1.960	+2.389	+2.178	+2.281	+2.472	+1.991	+2.674	+2.148	+2.175	+1.959	+2.275	+2.167	+1.959	+1.959	+2.168	+1.959	+2.122	+1.960	+2.272	+1.960	+1.961	+1.961	+1.961	+1.962	+1.960	+1.960	+1.960	+2.374	+1.965	+2.289	+2.413	+2.404	+2.058	+2.127	+2.395	+2.145	+2.400	+2.108	+2.114	+1.960	+2.046	+2.126	+2.110	+2.116	+2.181	+2.080	+2.140	+2.149	+2.392	+2.301	+2.622	+1.886	+2.577	+2.609	+2.601	+2.502	+2.496	+2.494	+2.471	+2.468	+2.461	+1.989	+2.449	+2.466	+2.449	+2.450	+1.989	+2.464	
rs718079       +2.995	+3.643	+3.656	+3.010	+3.960	+3.011	+3.157	+3.651	+3.276	+3.233	+3.233	+2.958	+3.595	+3.136	+3.006	+3.172	+2.989	+3.179	+3.190	+3.068	+3.076	+3.087	+3.144	+3.145	+3.147	+3.150	+3.483	+3.545	+3.352	+3.377	+3.442	+3.366	+3.589	+3.442	+3.443	+3.387	+3.377	+3.377	+3.566	+3.293	+3.174	+3.297	+3.669	+3.931	+4.212	+3.506	+3.349	+3.263	+3.386	+3.386	+3.395	+3.353	+3.396	+3.340	+3.521	+3.122	+3.477	+3.158	+3.119	+3.493	+3.120	+3.517	+3.120	+3.359	+3.128	+3.132	+3.058	+3.329	+3.129	+3.315	+3.331	+4.045	+3.338	+3.326	+3.327	+3.333	+4.440	+3.454	+3.468	+3.066	+2.888	+5.683	+3.076	+2.921	+4.371	+3.033	+4.173	+4.164	+4.150	+3.534	+3.031	+3.027	+3.312	+4.430	+4.428	+4.020	+3.096	+3.020	+2.936	+2.973	+3.081	+2.914	+3.194	+2.900	+2.916	+2.897	+3.322	+2.911	+2.898	+2.898	+2.911	+2.898	+2.901	+2.909	+3.319	+2.910	+2.910	+2.910	+2.911	+2.917	+2.907	+2.907	+2.907	+3.403	+2.883	+3.341	+3.449	+3.438	+3.019	+2.904	+3.427	+2.916	+3.435	+2.883	+2.887	+2.903	+2.855	+2.894	+2.946	+2.948	+2.927	+2.975	+2.902	+2.910	+3.236	+3.157	+3.473	+2.809	+3.457	+3.490	+3.483	+3.385	+3.379	+3.377	+3.355	+3.353	+3.346	+2.969	+3.333	+3.326	+3.333	+3.335	+2.969	+3.349	
rs34582033     +2.156	+2.363	+2.373	+2.213	+2.433	+2.557	+2.289	+3.601	+2.385	+2.347	+2.346	+2.179	+2.585	+2.296	+2.682	+2.334	+2.551	+2.342	+2.355	+2.822	+2.845	+2.866	+3.097	+3.100	+3.104	+3.109	+3.545	+2.633	+3.358	+3.425	+3.618	+3.384	+2.704	+3.619	+3.621	+3.422	+3.427	+3.427	+2.664	+3.143	+4.248	+3.132	+2.815	+2.680	+3.968	+3.591	+3.397	+2.374	+3.478	+3.479	+3.493	+3.508	+3.495	+3.486	+2.589	+2.424	+2.479	+3.149	+2.427	+2.491	+2.421	+2.585	+2.420	+3.518	+2.404	+2.396	+2.206	+3.474	+2.386	+2.953	+2.981	+3.900	+3.488	+2.970	+3.471	+2.983	+4.405	+2.516	+2.528	+2.871	+2.542	+5.744	+2.889	+2.478	+2.884	+2.842	+2.726	+2.720	+2.713	+2.594	+2.835	+2.823	+3.797	+3.977	+3.975	+4.304	+1.980	+2.795	+2.265	+2.618	+2.908	+1.996	+1.941	+1.921	+1.919	+2.008	+2.043	+1.919	+2.008	+2.009	+1.919	+2.009	+1.921	+2.016	+2.043	+2.016	+2.016	+2.016	+2.016	+2.020	+2.015	+2.015	+2.014	+2.328	+2.014	+2.045	+2.362	+2.354	+2.165	+1.919	+2.346	+1.920	+2.358	+1.930	+1.931	+2.013	+1.991	+1.933	+2.075	+2.073	+1.962	+2.106	+1.950	+1.955	+2.557	+2.460	+2.614	+1.944	+2.628	+2.661	+2.653	+2.561	+2.555	+2.553	+2.529	+2.527	+2.517	+2.279	+2.504	+2.470	+2.504	+2.509	+2.279	+2.521	
rs3744772      +2.801	+3.433	+3.446	+2.819	+3.717	+2.858	+2.968	+3.575	+3.089	+3.045	+3.045	+2.773	+3.408	+2.934	+2.859	+2.968	+2.795	+2.975	+2.986	+2.933	+2.943	+2.956	+3.024	+3.026	+3.029	+3.031	+3.352	+3.358	+3.284	+3.225	+3.367	+3.313	+3.402	+3.367	+3.368	+3.347	+3.224	+3.224	+3.379	+2.913	+2.989	+2.915	+3.483	+3.725	+4.201	+3.435	+3.188	+3.070	+3.303	+3.304	+3.315	+3.266	+3.316	+3.251	+3.466	+2.861	+3.285	+3.041	+2.860	+3.301	+2.860	+3.461	+2.859	+3.272	+2.859	+2.859	+2.864	+3.239	+2.856	+3.107	+3.122	+3.995	+3.249	+3.117	+3.237	+3.125	+4.410	+3.391	+3.405	+2.929	+2.656	+5.673	+2.940	+2.734	+4.213	+2.891	+4.010	+4.001	+3.986	+3.477	+2.888	+2.883	+3.123	+4.414	+4.413	+3.808	+2.807	+2.873	+2.774	+2.813	+2.945	+2.695	+2.922	+2.682	+2.694	+2.725	+3.144	+2.690	+2.726	+2.726	+2.690	+2.727	+2.682	+2.740	+3.141	+2.740	+2.741	+2.741	+2.742	+2.749	+2.737	+2.737	+2.737	+3.233	+2.693	+3.162	+3.281	+3.269	+2.823	+2.685	+3.258	+2.695	+3.266	+2.666	+2.669	+2.732	+2.645	+2.676	+2.753	+2.755	+2.701	+2.781	+2.680	+2.688	+3.057	+2.975	+3.298	+2.618	+3.318	+3.352	+3.344	+3.241	+3.235	+3.233	+3.210	+3.207	+3.200	+2.790	+3.187	+3.148	+3.187	+3.189	+2.790	+3.203	
rs4793963      +2.672	+3.182	+3.193	+2.682	+3.463	+2.649	+2.962	+3.261	+3.105	+3.058	+3.058	+2.685	+3.463	+2.929	+2.671	+2.887	+2.640	+2.878	+2.870	+2.721	+2.730	+2.739	+2.835	+2.837	+2.839	+2.841	+3.377	+3.425	+3.225	+3.135	+3.210	+3.245	+3.475	+3.209	+3.211	+3.276	+3.134	+3.134	+3.448	+2.658	+2.944	+2.658	+3.563	+3.142	+4.343	+3.162	+3.006	+3.077	+3.395	+3.396	+3.408	+3.047	+3.409	+3.032	+3.542	+2.755	+3.335	+2.830	+2.757	+3.353	+2.754	+3.537	+2.753	+3.051	+2.744	+2.739	+2.731	+3.017	+2.733	+2.652	+2.653	+3.616	+3.022	+2.652	+3.011	+2.652	+4.085	+3.460	+3.477	+2.715	+2.499	+5.763	+2.723	+2.736	+3.918	+2.991	+3.667	+3.658	+3.645	+3.555	+2.987	+2.979	+3.093	+4.569	+4.567	+3.818	+2.530	+2.963	+2.805	+2.867	+3.041	+2.550	+3.078	+2.731	+2.755	+2.547	+2.979	+2.748	+2.547	+2.547	+2.748	+2.547	+2.733	+2.553	+2.976	+2.553	+2.553	+2.553	+2.553	+2.555	+2.552	+2.552	+2.552	+3.029	+2.558	+2.996	+3.071	+3.061	+2.680	+2.739	+3.051	+2.757	+3.056	+2.706	+2.713	+2.551	+2.629	+2.725	+2.845	+2.854	+2.769	+2.747	+2.727	+2.736	+3.111	+3.002	+3.368	+2.485	+3.266	+3.300	+3.292	+3.184	+3.177	+3.175	+3.151	+3.148	+3.141	+2.604	+3.127	+3.186	+3.127	+3.129	+2.605	+3.143	
rs1057201      +2.886	+3.408	+3.418	+2.891	+3.719	+2.831	+3.162	+3.352	+3.302	+3.256	+3.257	+2.887	+3.658	+3.142	+2.858	+3.100	+2.839	+3.091	+3.083	+2.892	+2.898	+2.905	+3.039	+3.041	+3.041	+3.041	+3.442	+3.618	+3.367	+3.210	+3.352	+3.385	+3.666	+3.358	+3.359	+3.413	+3.209	+3.209	+3.640	+2.955	+3.143	+2.957	+3.753	+3.326	+4.347	+3.254	+3.144	+3.279	+3.459	+3.460	+3.471	+3.179	+3.472	+3.168	+3.590	+2.919	+3.532	+3.009	+2.920	+3.550	+2.917	+3.585	+2.917	+3.179	+2.911	+2.908	+2.944	+3.154	+2.904	+2.861	+2.862	+3.672	+3.151	+2.861	+3.143	+2.862	+4.116	+3.516	+3.531	+2.882	+2.715	+5.761	+2.888	+2.938	+4.098	+3.115	+3.851	+3.842	+3.830	+3.604	+3.112	+3.104	+3.297	+4.579	+4.578	+4.049	+2.765	+3.090	+2.954	+3.006	+3.164	+2.779	+3.413	+3.005	+3.034	+2.760	+3.178	+3.026	+2.760	+2.759	+3.026	+2.759	+3.008	+2.762	+3.175	+2.762	+2.762	+2.762	+2.762	+2.763	+2.762	+2.762	+2.762	+3.218	+2.771	+3.195	+3.260	+3.250	+2.891	+3.014	+3.240	+3.036	+3.245	+2.976	+2.983	+2.762	+2.880	+2.996	+3.058	+3.067	+3.052	+2.960	+3.005	+3.014	+3.314	+3.207	+3.572	+2.698	+3.424	+3.458	+3.450	+3.346	+3.340	+3.338	+3.315	+3.312	+3.305	+2.802	+3.292	+3.391	+3.292	+3.294	+2.802	+3.308	
rs4793596      +2.835	+3.470	+3.483	+2.854	+3.754	+2.889	+2.999	+3.601	+3.118	+3.075	+3.075	+2.806	+3.436	+2.969	+2.889	+3.003	+2.826	+3.011	+3.021	+2.961	+2.972	+2.984	+3.050	+3.052	+3.054	+3.056	+3.366	+3.384	+3.313	+3.245	+3.385	+3.320	+3.427	+3.385	+3.387	+3.360	+3.244	+3.244	+3.403	+2.954	+3.020	+2.956	+3.507	+3.751	+4.216	+3.454	+3.209	+3.098	+3.321	+3.321	+3.332	+3.286	+3.333	+3.271	+3.490	+2.896	+3.310	+3.065	+2.896	+3.326	+2.895	+3.485	+2.895	+3.291	+2.896	+2.896	+2.898	+3.258	+2.893	+3.141	+3.156	+4.013	+3.268	+3.151	+3.256	+3.159	+4.425	+3.415	+3.430	+2.956	+2.691	+5.676	+2.967	+2.766	+4.249	+2.918	+4.047	+4.038	+4.022	+3.501	+2.915	+2.910	+3.154	+4.430	+4.429	+3.839	+2.849	+2.901	+2.804	+2.842	+2.971	+2.730	+2.959	+2.719	+2.731	+2.758	+3.182	+2.727	+2.759	+2.759	+2.727	+2.759	+2.718	+2.773	+3.178	+2.773	+2.773	+2.773	+2.774	+2.782	+2.770	+2.770	+2.769	+3.268	+2.726	+3.200	+3.316	+3.304	+2.857	+2.721	+3.293	+2.732	+3.301	+2.702	+2.706	+2.765	+2.681	+2.712	+2.788	+2.791	+2.738	+2.815	+2.716	+2.724	+3.093	+3.011	+3.336	+2.652	+3.354	+3.388	+3.380	+3.278	+3.272	+3.269	+3.246	+3.243	+3.236	+2.823	+3.223	+3.185	+3.223	+3.225	+2.823	+3.239	
rs71377382     +2.241	+2.447	+2.456	+2.297	+2.517	+2.629	+2.363	+3.661	+2.451	+2.415	+2.415	+2.254	+2.638	+2.384	+2.751	+2.423	+2.620	+2.431	+2.444	+2.889	+2.911	+2.932	+3.154	+3.157	+3.161	+3.165	+3.589	+2.704	+3.402	+3.475	+3.666	+3.427	+2.724	+3.667	+3.669	+3.465	+3.476	+3.476	+2.715	+3.242	+4.348	+3.232	+2.831	+2.728	+3.986	+3.639	+3.447	+2.473	+3.521	+3.522	+3.536	+3.558	+3.537	+3.536	+2.638	+2.485	+2.545	+3.204	+2.488	+2.554	+2.483	+2.634	+2.481	+3.567	+2.466	+2.458	+2.292	+3.524	+2.449	+3.046	+3.074	+3.943	+3.538	+3.064	+3.521	+3.077	+4.440	+2.570	+2.581	+2.934	+2.640	+5.760	+2.953	+2.546	+2.963	+2.903	+2.805	+2.799	+2.792	+2.643	+2.896	+2.885	+3.898	+3.992	+3.990	+4.401	+2.066	+2.857	+2.334	+2.683	+2.969	+2.080	+2.027	+2.007	+2.005	+2.092	+2.128	+2.005	+2.092	+2.092	+2.005	+2.092	+2.006	+2.098	+2.128	+2.098	+2.099	+2.099	+2.099	+2.102	+2.097	+2.097	+2.097	+2.411	+2.101	+2.130	+2.445	+2.438	+2.248	+2.004	+2.429	+2.005	+2.441	+2.017	+2.018	+2.096	+2.082	+2.021	+2.160	+2.158	+2.052	+2.191	+2.038	+2.044	+2.654	+2.556	+2.711	+2.030	+2.720	+2.753	+2.745	+2.653	+2.647	+2.644	+2.620	+2.618	+2.609	+2.364	+2.595	+2.565	+2.595	+2.600	+2.365	+2.613	
