## Summary of overall evidence for association with region:
## log10(BF for region) = -0.553377
## p-value for region = NA

## BFs for choosing among multi-SNP models:
## log10(average 1-SNP BF) = -0.485968
## log10(average 2-SNP BF) = -0.73109

## Example posterior probabilities for multi-SNP models, based on default prior: [p(l) propto 0.5^l for l=1,2,...,L]
## posterior probability of 1-SNP = 0.778606
## posterior probability of 2-SNP = 0.221394

## log10(BF) for single SNP and pair of SNPs:
rs8009371      -0.633	-0.765	-0.838	-0.769	-0.861	-0.683	-0.791	-0.898	-0.724	-0.776	-0.608	-0.463	-1.053	-1.044	-0.973	-1.051	-1.076	-1.087	-1.058	-1.064	-1.079	-1.074	-1.012	-1.066	-1.065	-1.083	-1.044	-0.986	-0.983	-1.032	-1.034	-1.079	-1.033	-1.006	-0.990	-1.030	-1.018	-1.033	-1.001	-0.978	-0.983	-0.999	-0.958	-1.066	-0.966	-0.966	-0.973	-1.030	-1.014	-1.015	-0.971	-1.029	-1.005	-1.017	-0.846	-0.968	-0.978	-0.970	-0.967	-0.993	-1.017	-1.019	-0.975	-1.031	-1.006	-0.967	-1.072	-0.982	-0.973	-0.970	-0.954	-1.027	-0.957	-1.083	-1.009	-0.972	-1.009	-1.032	-1.032	-1.083	-1.009	-1.081	-0.952	-0.970	-0.946	-0.966	-0.975	-0.966	-0.966	-0.966	-0.966	-1.019	-0.946	-0.996	-0.935	-0.932	-0.931	-1.010	-0.911	-1.000	-0.913	-0.932	-1.082	-0.992	-0.924	-0.924	-0.920	-0.919	-0.970	-0.827	-0.993	-1.079	-0.992	-0.899	-0.901	-0.904	-0.930	-1.064	-0.931	-0.932	-0.932	-0.866	-0.639	-0.878	-0.870	-1.076	-0.896	-0.841	-0.756	-0.850	-0.891	-1.077	-0.769	-0.910	-0.914	-0.923	-0.946	-0.945	-0.868	-0.950	-1.079	-0.964	-0.872	-0.967	-0.978	-0.916	-0.964	-0.966	-0.841	-0.944	-1.016	-1.004	-1.000	-1.006	-1.006	-1.064	-1.020	-0.989	-1.011	-1.070	-1.013	-1.062	-0.990	-1.003	-1.014	-0.956	-1.039	-1.051	-1.066	-1.068	-0.895	-0.881	-0.759	-0.904	-0.909	-0.880	-0.894	-0.867	-0.758	-0.919	-0.736	-0.845	-0.851	-0.862	-0.702	
rs12323816     -0.765	-0.629	-0.844	-0.764	-0.851	-0.710	-0.799	-0.889	-0.713	-0.766	-0.597	-0.448	-1.050	-1.040	-0.969	-1.047	-1.072	-1.084	-1.053	-1.059	-1.075	-1.071	-1.008	-1.062	-1.061	-1.080	-1.039	-0.982	-0.979	-1.028	-1.030	-1.076	-1.028	-1.002	-0.986	-1.026	-1.014	-1.029	-0.997	-0.974	-0.980	-0.995	-0.954	-1.063	-0.964	-0.963	-0.969	-1.025	-1.009	-1.011	-0.967	-1.025	-1.001	-1.012	-0.842	-0.964	-0.974	-0.965	-0.963	-0.989	-1.012	-1.014	-0.970	-1.027	-1.001	-0.963	-1.069	-0.977	-0.969	-0.965	-0.950	-1.024	-0.952	-1.079	-1.005	-0.968	-1.005	-1.028	-1.028	-1.079	-1.005	-1.077	-0.948	-0.966	-0.942	-0.962	-0.971	-0.962	-0.961	-0.961	-0.961	-1.015	-0.941	-0.991	-0.931	-0.928	-0.927	-1.005	-0.906	-0.996	-0.908	-0.930	-1.078	-0.988	-0.922	-0.921	-0.917	-0.917	-0.965	-0.822	-0.991	-1.075	-0.990	-0.894	-0.896	-0.899	-0.925	-1.061	-0.926	-0.927	-0.927	-0.861	-0.636	-0.875	-0.865	-1.072	-0.892	-0.836	-0.754	-0.844	-0.886	-1.074	-0.766	-0.905	-0.911	-0.918	-0.941	-0.940	-0.863	-0.945	-1.075	-0.959	-0.867	-0.963	-0.974	-0.911	-0.961	-0.962	-0.839	-0.939	-1.011	-0.999	-0.997	-1.001	-1.002	-1.061	-1.016	-0.984	-1.006	-1.066	-1.008	-1.059	-0.985	-1.000	-1.009	-0.952	-1.035	-1.047	-1.062	-1.064	-0.890	-0.876	-0.754	-0.899	-0.904	-0.875	-0.889	-0.862	-0.753	-0.914	-0.731	-0.840	-0.846	-0.857	-0.697	
rs12323522     -0.838	-0.844	-0.577	-0.837	-0.709	-0.864	-0.674	-0.756	-0.548	-0.612	-0.577	-0.450	-1.007	-0.990	-0.919	-0.997	-1.024	-1.038	-1.000	-1.007	-1.031	-1.027	-0.958	-1.011	-1.010	-1.035	-0.989	-0.932	-0.929	-0.978	-0.979	-1.027	-0.978	-0.952	-0.936	-0.975	-0.963	-0.979	-0.947	-0.924	-0.941	-0.945	-0.905	-1.017	-0.925	-0.925	-0.919	-0.975	-0.958	-0.960	-0.917	-0.975	-0.951	-0.962	-0.797	-0.914	-0.925	-0.915	-0.913	-0.939	-0.961	-0.963	-0.921	-0.977	-0.951	-0.914	-1.025	-0.927	-0.919	-0.916	-0.900	-0.984	-0.903	-1.029	-0.954	-0.919	-0.954	-0.978	-0.977	-1.030	-0.954	-1.028	-0.898	-0.916	-0.892	-0.912	-0.921	-0.912	-0.912	-0.911	-0.911	-0.964	-0.891	-0.940	-0.881	-0.878	-0.877	-0.955	-0.856	-0.945	-0.859	-0.892	-1.029	-0.937	-0.884	-0.884	-0.880	-0.879	-0.914	-0.772	-0.954	-1.026	-0.955	-0.838	-0.840	-0.843	-0.870	-1.015	-0.871	-0.872	-0.872	-0.804	-0.602	-0.835	-0.808	-1.021	-0.835	-0.777	-0.718	-0.786	-0.829	-1.026	-0.731	-0.849	-0.870	-0.862	-0.886	-0.884	-0.805	-0.890	-1.026	-0.904	-0.808	-0.908	-0.919	-0.853	-0.918	-0.919	-0.800	-0.883	-0.956	-0.945	-0.952	-0.947	-0.947	-1.016	-0.971	-0.928	-0.952	-1.021	-0.954	-1.014	-0.930	-0.955	-0.955	-0.900	-0.984	-0.997	-1.016	-1.012	-0.827	-0.813	-0.692	-0.838	-0.843	-0.813	-0.827	-0.799	-0.692	-0.853	-0.669	-0.777	-0.783	-0.795	-0.634	
rs4905942      -0.769	-0.764	-0.837	-0.634	-0.862	-0.678	-0.789	-0.899	-0.725	-0.777	-0.610	-0.464	-1.053	-1.045	-0.974	-1.052	-1.076	-1.088	-1.058	-1.064	-1.079	-1.075	-1.012	-1.066	-1.065	-1.083	-1.044	-0.987	-0.984	-1.033	-1.034	-1.080	-1.033	-1.007	-0.990	-1.031	-1.019	-1.034	-1.001	-0.979	-0.983	-0.999	-0.959	-1.067	-0.967	-0.966	-0.974	-1.030	-1.014	-1.016	-0.972	-1.030	-1.006	-1.017	-0.846	-0.969	-0.979	-0.970	-0.967	-0.994	-1.017	-1.019	-0.975	-1.032	-1.006	-0.968	-1.073	-0.982	-0.973	-0.970	-0.954	-1.027	-0.957	-1.084	-1.010	-0.973	-1.010	-1.033	-1.033	-1.084	-1.009	-1.081	-0.953	-0.971	-0.946	-0.967	-0.976	-0.966	-0.966	-0.966	-0.966	-1.020	-0.946	-0.996	-0.936	-0.933	-0.932	-1.010	-0.911	-1.001	-0.913	-0.933	-1.082	-0.993	-0.925	-0.924	-0.920	-0.920	-0.970	-0.828	-0.993	-1.079	-0.992	-0.900	-0.901	-0.905	-0.931	-1.064	-0.932	-0.932	-0.932	-0.867	-0.639	-0.879	-0.871	-1.076	-0.897	-0.841	-0.756	-0.850	-0.891	-1.078	-0.769	-0.910	-0.915	-0.923	-0.946	-0.945	-0.868	-0.950	-1.079	-0.964	-0.873	-0.968	-0.979	-0.916	-0.965	-0.966	-0.842	-0.944	-1.016	-1.004	-1.000	-1.006	-1.007	-1.064	-1.020	-0.989	-1.011	-1.070	-1.013	-1.063	-0.990	-1.004	-1.014	-0.957	-1.039	-1.051	-1.066	-1.069	-0.896	-0.882	-0.759	-0.905	-0.910	-0.881	-0.894	-0.867	-0.758	-0.919	-0.736	-0.845	-0.852	-0.863	-0.702	
rs35696661     -0.861	-0.851	-0.709	-0.862	-0.510	-0.768	-0.643	-0.672	-0.592	-0.655	-0.646	-0.521	-0.937	-0.934	-0.888	-0.938	-0.944	-0.971	-0.950	-0.952	-0.962	-0.955	-0.919	-0.947	-0.947	-0.964	-0.936	-0.898	-0.895	-0.930	-0.931	-0.949	-0.931	-0.915	-0.901	-0.929	-0.922	-0.931	-0.910	-0.891	-0.857	-0.909	-0.872	-0.925	-0.842	-0.841	-0.887	-0.929	-0.919	-0.920	-0.885	-0.929	-0.913	-0.921	-0.754	-0.883	-0.890	-0.884	-0.881	-0.904	-0.921	-0.923	-0.888	-0.933	-0.913	-0.882	-0.952	-0.894	-0.886	-0.884	-0.871	-0.903	-0.873	-0.959	-0.916	-0.885	-0.916	-0.930	-0.930	-0.958	-0.916	-0.952	-0.869	-0.885	-0.864	-0.882	-0.889	-0.882	-0.882	-0.882	-0.881	-0.922	-0.865	-0.906	-0.856	-0.854	-0.853	-0.916	-0.836	-0.909	-0.835	-0.808	-0.954	-0.903	-0.800	-0.799	-0.795	-0.795	-0.885	-0.766	-0.815	-0.953	-0.821	-0.830	-0.832	-0.834	-0.855	-0.922	-0.856	-0.856	-0.856	-0.801	-0.507	-0.756	-0.804	-0.955	-0.826	-0.779	-0.627	-0.786	-0.821	-0.948	-0.639	-0.837	-0.792	-0.847	-0.861	-0.860	-0.802	-0.869	-0.952	-0.880	-0.806	-0.882	-0.890	-0.843	-0.843	-0.845	-0.714	-0.865	-0.923	-0.912	-0.880	-0.913	-0.913	-0.919	-0.901	-0.902	-0.916	-0.928	-0.917	-0.917	-0.902	-0.884	-0.916	-0.855	-0.922	-0.926	-0.926	-0.958	-0.810	-0.796	-0.668	-0.814	-0.820	-0.792	-0.805	-0.779	-0.666	-0.828	-0.646	-0.759	-0.765	-0.775	-0.613	
rs28470843     -0.683	-0.710	-0.864	-0.678	-0.768	-0.590	-0.839	-0.812	-0.618	-0.677	-0.497	-0.321	-1.017	-1.000	-0.928	-1.007	-1.035	-1.050	-1.013	-1.020	-1.042	-1.038	-0.968	-1.024	-1.023	-1.046	-0.999	-0.943	-0.940	-0.987	-0.989	-1.039	-0.987	-0.963	-0.947	-0.985	-0.972	-0.988	-0.957	-0.935	-0.950	-0.955	-0.915	-1.029	-0.934	-0.934	-0.930	-0.984	-0.967	-0.969	-0.928	-0.984	-0.962	-0.971	-0.808	-0.924	-0.935	-0.926	-0.923	-0.949	-0.970	-0.974	-0.931	-0.988	-0.959	-0.924	-1.036	-0.938	-0.929	-0.926	-0.910	-0.993	-0.913	-1.042	-0.963	-0.929	-0.963	-0.987	-0.987	-1.042	-0.962	-1.041	-0.908	-0.926	-0.902	-0.922	-0.929	-0.921	-0.921	-0.921	-0.921	-0.973	-0.901	-0.949	-0.890	-0.887	-0.886	-0.963	-0.865	-0.954	-0.866	-0.901	-1.041	-0.945	-0.893	-0.893	-0.888	-0.888	-0.922	-0.776	-0.964	-1.038	-0.964	-0.848	-0.849	-0.853	-0.880	-1.027	-0.881	-0.881	-0.882	-0.814	-0.611	-0.844	-0.818	-1.034	-0.846	-0.788	-0.726	-0.797	-0.840	-1.038	-0.739	-0.860	-0.879	-0.873	-0.897	-0.895	-0.816	-0.901	-1.038	-0.915	-0.823	-0.919	-0.930	-0.868	-0.929	-0.930	-0.810	-0.897	-0.970	-0.959	-0.964	-0.960	-0.961	-1.028	-0.983	-0.943	-0.965	-1.032	-0.968	-1.026	-0.944	-0.967	-0.969	-0.913	-0.996	-1.010	-1.028	-1.025	-0.843	-0.829	-0.708	-0.854	-0.858	-0.829	-0.843	-0.815	-0.707	-0.869	-0.685	-0.793	-0.799	-0.811	-0.650	
rs1951521      -0.791	-0.799	-0.674	-0.789	-0.643	-0.839	-0.545	-0.693	-0.475	-0.542	-0.530	-0.398	-0.978	-0.957	-0.887	-0.965	-0.993	-1.009	-0.967	-0.974	-1.002	-0.998	-0.926	-0.979	-0.978	-1.006	-0.957	-0.900	-0.897	-0.945	-0.947	-0.996	-0.946	-0.920	-0.904	-0.943	-0.930	-0.946	-0.915	-0.892	-0.915	-0.912	-0.873	-0.988	-0.899	-0.898	-0.887	-0.942	-0.926	-0.927	-0.885	-0.942	-0.920	-0.929	-0.768	-0.882	-0.893	-0.883	-0.881	-0.907	-0.929	-0.931	-0.889	-0.946	-0.918	-0.881	-0.996	-0.895	-0.887	-0.884	-0.868	-0.956	-0.871	-0.998	-0.921	-0.887	-0.921	-0.945	-0.945	-0.999	-0.921	-0.998	-0.866	-0.884	-0.860	-0.879	-0.889	-0.879	-0.879	-0.879	-0.879	-0.932	-0.859	-0.907	-0.848	-0.845	-0.844	-0.922	-0.823	-0.912	-0.827	-0.866	-0.998	-0.904	-0.858	-0.858	-0.854	-0.853	-0.881	-0.738	-0.929	-0.995	-0.930	-0.803	-0.804	-0.808	-0.835	-0.986	-0.836	-0.837	-0.837	-0.768	-0.577	-0.807	-0.772	-0.990	-0.800	-0.741	-0.692	-0.750	-0.794	-0.995	-0.705	-0.814	-0.842	-0.827	-0.851	-0.850	-0.769	-0.855	-0.995	-0.869	-0.773	-0.873	-0.885	-0.818	-0.889	-0.890	-0.773	-0.848	-0.922	-0.911	-0.923	-0.913	-0.913	-0.987	-0.942	-0.894	-0.918	-0.991	-0.920	-0.985	-0.896	-0.926	-0.922	-0.867	-0.952	-0.966	-0.986	-0.980	-0.791	-0.777	-0.657	-0.802	-0.807	-0.778	-0.791	-0.763	-0.656	-0.818	-0.633	-0.740	-0.747	-0.759	-0.599	
rs35788933     -0.898	-0.889	-0.756	-0.899	-0.672	-0.812	-0.693	-0.536	-0.550	-0.632	-0.636	-0.496	-0.960	-0.957	-0.907	-0.962	-0.970	-0.994	-0.974	-0.976	-0.986	-0.979	-0.939	-0.971	-0.972	-0.988	-0.959	-0.918	-0.915	-0.952	-0.953	-0.975	-0.953	-0.935	-0.921	-0.951	-0.943	-0.953	-0.931	-0.911	-0.881	-0.929	-0.891	-0.951	-0.866	-0.865	-0.906	-0.951	-0.940	-0.941	-0.905	-0.950	-0.933	-0.942	-0.774	-0.902	-0.910	-0.904	-0.901	-0.924	-0.942	-0.944	-0.907	-0.955	-0.934	-0.901	-0.976	-0.914	-0.906	-0.903	-0.890	-0.927	-0.892	-0.984	-0.937	-0.905	-0.937	-0.952	-0.952	-0.983	-0.937	-0.978	-0.888	-0.905	-0.883	-0.901	-0.908	-0.901	-0.901	-0.901	-0.901	-0.943	-0.884	-0.926	-0.875	-0.872	-0.871	-0.937	-0.854	-0.930	-0.853	-0.831	-0.980	-0.923	-0.823	-0.823	-0.818	-0.818	-0.904	-0.782	-0.845	-0.978	-0.850	-0.848	-0.850	-0.853	-0.874	-0.949	-0.874	-0.875	-0.875	-0.818	-0.530	-0.779	-0.822	-0.980	-0.844	-0.796	-0.650	-0.803	-0.839	-0.973	-0.663	-0.855	-0.816	-0.866	-0.881	-0.880	-0.819	-0.888	-0.978	-0.899	-0.824	-0.903	-0.911	-0.862	-0.867	-0.869	-0.738	-0.884	-0.944	-0.933	-0.904	-0.934	-0.934	-0.946	-0.924	-0.922	-0.937	-0.955	-0.939	-0.944	-0.923	-0.908	-0.938	-0.877	-0.946	-0.951	-0.953	-0.981	-0.831	-0.817	-0.689	-0.836	-0.841	-0.813	-0.826	-0.800	-0.687	-0.850	-0.667	-0.780	-0.786	-0.796	-0.634	
rs34203872     -0.724	-0.713	-0.548	-0.725	-0.592	-0.618	-0.475	-0.550	-0.396	-0.557	-0.622	-0.530	-0.834	-0.827	-0.794	-0.830	-0.829	-0.867	-0.843	-0.843	-0.858	-0.851	-0.821	-0.837	-0.837	-0.859	-0.830	-0.802	-0.800	-0.827	-0.828	-0.835	-0.827	-0.817	-0.805	-0.826	-0.821	-0.828	-0.813	-0.796	-0.753	-0.812	-0.778	-0.809	-0.739	-0.739	-0.792	-0.826	-0.819	-0.820	-0.791	-0.826	-0.816	-0.821	-0.663	-0.789	-0.795	-0.790	-0.787	-0.808	-0.821	-0.823	-0.793	-0.834	-0.814	-0.788	-0.848	-0.799	-0.792	-0.790	-0.778	-0.799	-0.780	-0.848	-0.816	-0.790	-0.816	-0.826	-0.827	-0.846	-0.816	-0.839	-0.776	-0.791	-0.771	-0.788	-0.794	-0.788	-0.788	-0.788	-0.787	-0.821	-0.772	-0.808	-0.764	-0.762	-0.761	-0.816	-0.746	-0.810	-0.745	-0.705	-0.842	-0.806	-0.697	-0.697	-0.693	-0.692	-0.789	-0.682	-0.687	-0.841	-0.698	-0.740	-0.741	-0.744	-0.762	-0.806	-0.762	-0.763	-0.763	-0.712	-0.403	-0.654	-0.715	-0.844	-0.735	-0.691	-0.524	-0.699	-0.731	-0.834	-0.536	-0.745	-0.690	-0.755	-0.763	-0.762	-0.713	-0.774	-0.840	-0.783	-0.716	-0.785	-0.792	-0.751	-0.739	-0.742	-0.610	-0.771	-0.823	-0.812	-0.776	-0.812	-0.813	-0.802	-0.797	-0.804	-0.815	-0.811	-0.816	-0.800	-0.805	-0.781	-0.815	-0.753	-0.813	-0.813	-0.810	-0.850	-0.705	-0.692	-0.561	-0.709	-0.715	-0.687	-0.700	-0.674	-0.559	-0.723	-0.539	-0.654	-0.659	-0.670	-0.506	
rs61993679     -0.776	-0.766	-0.612	-0.777	-0.655	-0.677	-0.542	-0.632	-0.557	-0.434	-0.628	-0.529	-0.870	-0.862	-0.826	-0.866	-0.868	-0.902	-0.879	-0.880	-0.894	-0.886	-0.854	-0.874	-0.874	-0.895	-0.865	-0.835	-0.832	-0.861	-0.862	-0.874	-0.862	-0.850	-0.838	-0.860	-0.855	-0.862	-0.846	-0.828	-0.789	-0.845	-0.810	-0.848	-0.775	-0.775	-0.825	-0.860	-0.853	-0.854	-0.823	-0.860	-0.849	-0.854	-0.696	-0.821	-0.828	-0.822	-0.819	-0.841	-0.854	-0.856	-0.825	-0.867	-0.848	-0.820	-0.883	-0.832	-0.824	-0.822	-0.810	-0.835	-0.811	-0.885	-0.850	-0.823	-0.850	-0.860	-0.861	-0.884	-0.850	-0.877	-0.808	-0.823	-0.803	-0.820	-0.826	-0.820	-0.820	-0.820	-0.820	-0.855	-0.804	-0.841	-0.796	-0.794	-0.793	-0.850	-0.777	-0.844	-0.776	-0.741	-0.880	-0.839	-0.733	-0.733	-0.729	-0.728	-0.822	-0.711	-0.729	-0.878	-0.741	-0.771	-0.772	-0.775	-0.793	-0.845	-0.794	-0.794	-0.794	-0.743	-0.440	-0.690	-0.746	-0.882	-0.766	-0.722	-0.561	-0.729	-0.762	-0.872	-0.573	-0.776	-0.726	-0.786	-0.796	-0.795	-0.743	-0.806	-0.878	-0.816	-0.747	-0.818	-0.825	-0.783	-0.776	-0.778	-0.647	-0.803	-0.857	-0.845	-0.813	-0.846	-0.846	-0.841	-0.833	-0.837	-0.849	-0.851	-0.850	-0.839	-0.838	-0.817	-0.849	-0.787	-0.850	-0.850	-0.849	-0.886	-0.739	-0.726	-0.596	-0.744	-0.749	-0.722	-0.734	-0.708	-0.594	-0.758	-0.574	-0.688	-0.694	-0.704	-0.541	
rs1957452      -0.608	-0.597	-0.577	-0.610	-0.646	-0.497	-0.530	-0.636	-0.622	-0.628	-0.293	-0.502	-0.731	-0.727	-0.711	-0.729	-0.730	-0.772	-0.740	-0.738	-0.765	-0.756	-0.731	-0.729	-0.731	-0.765	-0.732	-0.717	-0.715	-0.730	-0.731	-0.722	-0.731	-0.729	-0.720	-0.730	-0.727	-0.731	-0.726	-0.712	-0.662	-0.725	-0.697	-0.690	-0.649	-0.648	-0.709	-0.730	-0.725	-0.726	-0.708	-0.730	-0.728	-0.726	-0.586	-0.706	-0.711	-0.707	-0.705	-0.722	-0.726	-0.728	-0.710	-0.741	-0.721	-0.706	-0.750	-0.715	-0.709	-0.707	-0.697	-0.706	-0.699	-0.737	-0.723	-0.707	-0.723	-0.729	-0.730	-0.735	-0.723	-0.727	-0.695	-0.708	-0.691	-0.705	-0.710	-0.705	-0.705	-0.705	-0.705	-0.726	-0.692	-0.716	-0.685	-0.683	-0.682	-0.722	-0.668	-0.717	-0.667	-0.613	-0.730	-0.713	-0.605	-0.605	-0.600	-0.600	-0.699	-0.608	-0.579	-0.730	-0.559	-0.652	-0.653	-0.656	-0.672	-0.689	-0.673	-0.673	-0.673	-0.626	-0.303	-0.536	-0.628	-0.736	-0.647	-0.604	-0.424	-0.610	-0.643	-0.722	-0.437	-0.656	-0.572	-0.665	-0.670	-0.669	-0.624	-0.682	-0.729	-0.691	-0.626	-0.693	-0.699	-0.660	-0.626	-0.625	-0.509	-0.680	-0.727	-0.717	-0.662	-0.717	-0.718	-0.682	-0.684	-0.710	-0.720	-0.693	-0.721	-0.680	-0.711	-0.667	-0.719	-0.656	-0.714	-0.711	-0.693	-0.755	-0.601	-0.588	-0.479	-0.608	-0.611	-0.585	-0.598	-0.572	-0.476	-0.621	-0.457	-0.552	-0.558	-0.568	-0.425	
rs61993680     -0.463	-0.448	-0.450	-0.464	-0.521	-0.321	-0.398	-0.496	-0.530	-0.529	-0.502	-0.236	-0.688	-0.669	-0.659	-0.670	-0.666	-0.719	-0.689	-0.688	-0.712	-0.702	-0.678	-0.679	-0.681	-0.710	-0.676	-0.663	-0.661	-0.676	-0.677	-0.674	-0.677	-0.675	-0.666	-0.676	-0.674	-0.677	-0.672	-0.658	-0.607	-0.671	-0.641	-0.644	-0.593	-0.593	-0.655	-0.676	-0.673	-0.674	-0.654	-0.676	-0.675	-0.674	-0.527	-0.651	-0.657	-0.652	-0.650	-0.668	-0.674	-0.676	-0.655	-0.688	-0.670	-0.651	-0.697	-0.661	-0.654	-0.652	-0.642	-0.651	-0.644	-0.688	-0.671	-0.653	-0.671	-0.675	-0.676	-0.686	-0.671	-0.678	-0.641	-0.654	-0.636	-0.651	-0.656	-0.651	-0.651	-0.651	-0.651	-0.673	-0.638	-0.665	-0.631	-0.629	-0.628	-0.670	-0.614	-0.666	-0.613	-0.560	-0.681	-0.663	-0.552	-0.552	-0.548	-0.548	-0.649	-0.560	-0.508	-0.681	-0.518	-0.606	-0.607	-0.609	-0.624	-0.642	-0.625	-0.625	-0.625	-0.580	-0.250	-0.504	-0.583	-0.686	-0.600	-0.560	-0.371	-0.566	-0.597	-0.673	-0.384	-0.609	-0.539	-0.617	-0.619	-0.619	-0.579	-0.633	-0.680	-0.641	-0.582	-0.643	-0.649	-0.614	-0.590	-0.590	-0.457	-0.632	-0.676	-0.665	-0.623	-0.666	-0.666	-0.634	-0.645	-0.661	-0.668	-0.646	-0.669	-0.633	-0.661	-0.629	-0.667	-0.604	-0.657	-0.652	-0.645	-0.698	-0.557	-0.544	-0.411	-0.560	-0.566	-0.538	-0.550	-0.525	-0.409	-0.574	-0.389	-0.505	-0.510	-0.521	-0.356	
rs9972137      -1.053	-1.050	-1.007	-1.053	-0.937	-1.017	-0.978	-0.960	-0.834	-0.870	-0.731	-0.688	-0.571	-0.962	-0.933	-0.966	-0.998	-0.923	-0.933	-0.952	-0.921	-0.932	-0.965	-0.957	-0.955	-0.937	-0.966	-0.947	-0.944	-0.963	-0.964	-0.980	-0.963	-0.961	-0.950	-0.962	-0.957	-0.963	-0.957	-0.940	-0.843	-0.956	-0.923	-0.982	-0.825	-0.825	-0.936	-0.962	-0.954	-0.955	-0.935	-0.962	-0.962	-0.956	-0.792	-0.932	-0.939	-0.934	-0.931	-0.952	-0.956	-0.963	-0.937	-0.982	-0.950	-0.932	-0.942	-0.944	-0.936	-0.933	-0.920	-0.887	-0.923	-0.977	-0.951	-0.935	-0.951	-0.962	-0.963	-0.978	-0.951	-0.980	-0.919	-0.933	-0.913	-0.930	-0.934	-0.929	-0.929	-0.929	-0.929	-0.956	-0.912	-0.943	-0.904	-0.901	-0.900	-0.951	-0.883	-0.945	-0.882	-0.781	-0.980	-0.940	-0.771	-0.770	-0.765	-0.764	-0.922	-0.806	-0.940	-0.975	-0.928	-0.875	-0.876	-0.879	-0.900	-0.977	-0.901	-0.901	-0.901	-0.847	-0.481	-0.747	-0.851	-0.966	-0.873	-0.828	-0.615	-0.835	-0.868	-0.980	-0.638	-0.884	-0.794	-0.895	-0.910	-0.909	-0.852	-0.917	-0.978	-0.927	-0.857	-0.930	-0.938	-0.895	-0.868	-0.865	-0.741	-0.916	-0.974	-0.963	-0.905	-0.964	-0.964	-0.989	-0.923	-0.953	-0.967	-0.991	-0.968	-0.987	-0.954	-0.908	-0.968	-0.908	-0.972	-0.972	-0.985	-0.892	-0.709	-0.694	-0.484	-0.714	-0.722	-0.682	-0.700	-0.664	-0.483	-0.734	-0.452	-0.637	-0.645	-0.660	-0.407	
rs35097172     -1.044	-1.040	-0.990	-1.045	-0.934	-1.000	-0.957	-0.957	-0.827	-0.862	-0.727	-0.669	-0.962	-0.573	-0.697	-0.731	-0.997	-0.997	-0.999	-1.001	-0.988	-0.991	-0.808	-0.999	-0.999	-1.000	-0.789	-0.782	-0.777	-0.777	-0.779	-1.003	-0.777	-0.801	-0.787	-0.793	-0.760	-0.778	-0.793	-0.770	-0.897	-0.789	-0.747	-0.980	-0.881	-0.881	-0.762	-0.773	-0.752	-0.750	-0.759	-0.773	-0.815	-0.759	-0.651	-0.754	-0.777	-0.760	-0.754	-0.782	-0.758	-0.790	-0.765	-0.852	-0.744	-0.754	-0.996	-0.777	-0.763	-0.758	-0.733	-0.946	-0.737	-1.012	-0.745	-0.765	-0.745	-0.779	-0.779	-1.011	-0.744	-1.006	-0.728	-0.744	-0.718	-0.737	-0.733	-0.736	-0.736	-0.736	-0.736	-0.759	-0.701	-0.720	-0.681	-0.676	-0.674	-0.745	-0.638	-0.730	-0.627	-0.845	-1.008	-0.714	-0.836	-0.836	-0.831	-0.831	-0.677	-0.397	-0.873	-1.007	-0.915	-0.682	-0.685	-0.692	-0.732	-0.979	-0.735	-0.735	-0.736	-0.664	-0.563	-0.809	-0.673	-1.009	-0.715	-0.674	-0.683	-0.685	-0.708	-1.003	-0.697	-0.736	-0.847	-0.755	-0.824	-0.823	-0.728	-0.800	-1.007	-0.817	-0.743	-0.823	-0.836	-0.797	-0.903	-0.903	-0.776	-0.819	-0.907	-0.883	-0.938	-0.884	-0.883	-0.977	-0.958	-0.876	-0.889	-0.985	-0.891	-0.975	-0.877	-0.941	-0.894	-0.862	-0.914	-0.895	-0.983	-0.991	-0.826	-0.812	-0.667	-0.830	-0.836	-0.806	-0.819	-0.791	-0.666	-0.846	-0.643	-0.768	-0.775	-0.787	-0.607	
rs1951519      -0.973	-0.969	-0.919	-0.974	-0.888	-0.928	-0.887	-0.907	-0.794	-0.826	-0.711	-0.659	-0.933	-0.697	-0.498	-0.681	-0.928	-0.934	-0.926	-0.929	-0.931	-0.939	-0.751	-0.917	-0.918	-0.943	-0.744	-0.735	-0.733	-0.761	-0.760	-0.910	-0.762	-0.754	-0.738	-0.768	-0.771	-0.761	-0.753	-0.733	-0.878	-0.753	-0.723	-0.878	-0.865	-0.865	-0.730	-0.765	-0.773	-0.770	-0.729	-0.765	-0.752	-0.772	-0.688	-0.727	-0.739	-0.731	-0.727	-0.752	-0.773	-0.781	-0.733	-0.748	-0.779	-0.727	-0.941	-0.738	-0.732	-0.730	-0.719	-0.914	-0.720	-0.925	-0.774	-0.732	-0.774	-0.760	-0.762	-0.923	-0.774	-0.916	-0.716	-0.742	-0.711	-0.740	-0.731	-0.740	-0.740	-0.740	-0.740	-0.772	-0.727	-0.775	-0.719	-0.717	-0.716	-0.776	-0.700	-0.777	-0.671	-0.837	-0.919	-0.778	-0.830	-0.830	-0.826	-0.826	-0.773	-0.625	-0.797	-0.919	-0.829	-0.767	-0.768	-0.771	-0.788	-0.880	-0.789	-0.790	-0.790	-0.752	-0.569	-0.791	-0.756	-0.926	-0.778	-0.750	-0.679	-0.757	-0.774	-0.912	-0.692	-0.788	-0.824	-0.797	-0.812	-0.812	-0.773	-0.816	-0.919	-0.823	-0.781	-0.826	-0.831	-0.816	-0.867	-0.869	-0.759	-0.828	-0.874	-0.852	-0.898	-0.853	-0.851	-0.874	-0.916	-0.858	-0.854	-0.885	-0.854	-0.872	-0.858	-0.901	-0.853	-0.820	-0.842	-0.792	-0.886	-0.910	-0.708	-0.693	-0.576	-0.711	-0.719	-0.683	-0.699	-0.669	-0.575	-0.730	-0.551	-0.644	-0.651	-0.663	-0.514	
rs1535464      -1.051	-1.047	-0.997	-1.052	-0.938	-1.007	-0.965	-0.962	-0.830	-0.866	-0.729	-0.670	-0.966	-0.731	-0.681	-0.580	-1.005	-1.000	-1.005	-1.008	-0.991	-0.994	-0.799	-1.006	-1.006	-1.003	-0.785	-0.770	-0.765	-0.768	-0.770	-1.010	-0.768	-0.791	-0.776	-0.786	-0.745	-0.770	-0.782	-0.757	-0.898	-0.778	-0.733	-0.988	-0.882	-0.882	-0.749	-0.763	-0.736	-0.734	-0.746	-0.763	-0.806	-0.744	-0.639	-0.741	-0.766	-0.746	-0.740	-0.770	-0.743	-0.780	-0.752	-0.847	-0.726	-0.740	-1.000	-0.766	-0.750	-0.745	-0.718	-0.948	-0.722	-1.019	-0.727	-0.753	-0.727	-0.775	-0.770	-1.018	-0.727	-1.014	-0.712	-0.728	-0.701	-0.721	-0.716	-0.720	-0.720	-0.720	-0.719	-0.746	-0.681	-0.698	-0.660	-0.655	-0.652	-0.727	-0.613	-0.710	-0.600	-0.844	-1.015	-0.690	-0.835	-0.835	-0.830	-0.830	-0.648	-0.341	-0.884	-1.014	-0.923	-0.670	-0.673	-0.680	-0.725	-0.987	-0.727	-0.728	-0.728	-0.654	-0.563	-0.811	-0.663	-1.016	-0.708	-0.665	-0.684	-0.677	-0.700	-1.010	-0.698	-0.730	-0.849	-0.749	-0.824	-0.823	-0.723	-0.797	-1.014	-0.816	-0.739	-0.822	-0.835	-0.794	-0.906	-0.906	-0.778	-0.817	-0.909	-0.884	-0.942	-0.886	-0.885	-0.985	-0.962	-0.876	-0.892	-0.993	-0.894	-0.983	-0.877	-0.945	-0.897	-0.865	-0.921	-0.905	-0.991	-1.000	-0.836	-0.822	-0.679	-0.840	-0.847	-0.816	-0.830	-0.801	-0.678	-0.856	-0.655	-0.779	-0.786	-0.797	-0.619	
rs732898       -1.076	-1.072	-1.024	-1.076	-0.944	-1.035	-0.993	-0.970	-0.829	-0.868	-0.730	-0.666	-0.998	-0.997	-0.928	-1.005	-0.605	-1.002	-0.807	-0.841	-0.993	-0.982	-0.976	-0.850	-0.847	-0.993	-0.998	-0.948	-0.944	-0.985	-0.987	-0.886	-0.986	-0.970	-0.951	-0.985	-0.970	-0.987	-0.964	-0.939	-0.874	-0.962	-0.918	-0.876	-0.851	-0.850	-0.934	-0.982	-0.966	-0.967	-0.932	-0.982	-0.966	-0.969	-0.819	-0.929	-0.941	-0.930	-0.927	-0.957	-0.969	-0.974	-0.935	-0.994	-0.956	-0.928	-0.994	-0.942	-0.933	-0.930	-0.914	-0.923	-0.917	-0.891	-0.960	-0.933	-0.960	-0.986	-0.985	-0.891	-0.960	-0.895	-0.912	-0.933	-0.905	-0.928	-0.933	-0.928	-0.928	-0.928	-0.928	-0.971	-0.907	-0.946	-0.896	-0.893	-0.892	-0.961	-0.871	-0.950	-0.863	-0.812	-0.896	-0.941	-0.803	-0.802	-0.797	-0.797	-0.917	-0.772	-0.651	-0.909	-0.847	-0.855	-0.857	-0.861	-0.888	-0.891	-0.889	-0.889	-0.889	-0.821	-0.453	-0.786	-0.825	-0.918	-0.853	-0.788	-0.623	-0.797	-0.847	-0.918	-0.630	-0.867	-0.828	-0.881	-0.914	-0.912	-0.817	-0.911	-0.920	-0.925	-0.828	-0.929	-0.941	-0.873	-0.884	-0.883	-0.711	-0.904	-0.983	-0.969	-0.926	-0.970	-0.971	-0.918	-0.949	-0.950	-0.975	-0.925	-0.978	-0.916	-0.951	-0.931	-0.979	-0.921	-1.005	-1.016	-0.927	-1.014	-0.823	-0.808	-0.686	-0.831	-0.838	-0.805	-0.819	-0.790	-0.685	-0.847	-0.662	-0.766	-0.773	-0.785	-0.625	
rs34184867     -1.087	-1.084	-1.038	-1.088	-0.971	-1.050	-1.009	-0.994	-0.867	-0.902	-0.772	-0.719	-0.923	-0.997	-0.934	-1.000	-1.002	-0.609	-0.972	-0.980	-0.739	-0.803	-0.972	-0.993	-0.991	-0.815	-0.999	-0.948	-0.945	-0.993	-0.994	-1.022	-0.993	-0.968	-0.951	-0.992	-0.984	-0.994	-0.963	-0.941	-0.667	-0.962	-0.922	-1.019	-0.629	-0.630	-0.936	-0.992	-0.981	-0.982	-0.935	-0.992	-0.966	-0.983	-0.729	-0.932	-0.938	-0.935	-0.931	-0.957	-0.983	-0.984	-0.938	-0.988	-0.976	-0.931	-0.899	-0.945	-0.936	-0.933	-0.919	-0.753	-0.921	-1.022	-0.978	-0.935	-0.978	-0.993	-0.993	-1.023	-0.978	-1.024	-0.917	-0.937	-0.911	-0.933	-0.942	-0.933	-0.933	-0.933	-0.933	-0.985	-0.915	-0.968	-0.905	-0.902	-0.901	-0.978	-0.883	-0.972	-0.883	-0.560	-1.023	-0.965	-0.544	-0.544	-0.535	-0.539	-0.947	-0.810	-0.949	-1.024	-0.950	-0.894	-0.895	-0.898	-0.921	-1.019	-0.922	-0.922	-0.922	-0.865	-0.323	-0.745	-0.869	-1.019	-0.893	-0.849	-0.552	-0.857	-0.888	-1.027	-0.559	-0.905	-0.797	-0.917	-0.936	-0.935	-0.874	-0.941	-1.026	-0.952	-0.878	-0.955	-0.964	-0.918	-0.870	-0.866	-0.676	-0.938	-1.000	-0.987	-0.914	-0.988	-0.988	-1.027	-0.934	-0.979	-0.992	-1.031	-0.993	-1.025	-0.979	-0.918	-0.993	-0.940	-1.005	-0.999	-1.026	-0.938	-0.704	-0.689	-0.538	-0.710	-0.721	-0.676	-0.695	-0.659	-0.539	-0.731	-0.509	-0.629	-0.639	-0.653	-0.466	
rs11160580     -1.058	-1.053	-1.000	-1.058	-0.950	-1.013	-0.967	-0.974	-0.843	-0.879	-0.740	-0.689	-0.933	-0.999	-0.926	-1.005	-0.807	-0.972	-0.592	-0.777	-0.960	-0.946	-0.966	-0.720	-0.725	-0.959	-1.000	-0.939	-0.936	-0.990	-0.991	-0.711	-0.990	-0.961	-0.943	-0.988	-0.977	-0.991	-0.955	-0.931	-0.818	-0.953	-0.910	-0.639	-0.792	-0.791	-0.926	-0.988	-0.973	-0.975	-0.924	-0.988	-0.957	-0.977	-0.805	-0.921	-0.933	-0.922	-0.920	-0.948	-0.976	-0.977	-0.927	-0.983	-0.965	-0.920	-0.962	-0.934	-0.926	-0.922	-0.907	-0.871	-0.910	-0.774	-0.969	-0.925	-0.969	-0.990	-0.990	-0.764	-0.969	-0.759	-0.905	-0.925	-0.899	-0.921	-0.930	-0.921	-0.921	-0.921	-0.921	-0.978	-0.901	-0.957	-0.891	-0.888	-0.887	-0.970	-0.867	-0.961	-0.867	-0.742	-0.775	-0.954	-0.731	-0.731	-0.725	-0.724	-0.932	-0.787	-0.575	-0.814	-0.687	-0.872	-0.873	-0.877	-0.901	-0.724	-0.902	-0.902	-0.902	-0.839	-0.348	-0.652	-0.843	-0.856	-0.868	-0.812	-0.496	-0.821	-0.863	-0.818	-0.521	-0.881	-0.704	-0.894	-0.918	-0.917	-0.838	-0.920	-0.833	-0.933	-0.843	-0.936	-0.946	-0.885	-0.784	-0.783	-0.625	-0.912	-0.983	-0.970	-0.838	-0.971	-0.972	-0.790	-0.867	-0.954	-0.976	-0.807	-0.978	-0.787	-0.956	-0.847	-0.978	-0.918	-0.996	-1.004	-0.820	-1.013	-0.857	-0.843	-0.706	-0.864	-0.870	-0.841	-0.854	-0.826	-0.705	-0.879	-0.682	-0.805	-0.811	-0.822	-0.647	
rs10144242     -1.064	-1.059	-1.007	-1.064	-0.952	-1.020	-0.974	-0.976	-0.843	-0.880	-0.738	-0.688	-0.952	-1.001	-0.929	-1.008	-0.841	-0.980	-0.777	-0.597	-0.968	-0.955	-0.966	-0.787	-0.788	-0.968	-1.002	-0.943	-0.940	-0.992	-0.993	-0.789	-0.992	-0.961	-0.947	-0.990	-0.979	-0.993	-0.955	-0.935	-0.831	-0.953	-0.914	-0.735	-0.805	-0.804	-0.930	-0.989	-0.974	-0.976	-0.928	-0.989	-0.961	-0.978	-0.809	-0.925	-0.937	-0.926	-0.924	-0.948	-0.977	-0.979	-0.931	-0.987	-0.966	-0.924	-0.971	-0.938	-0.929	-0.926	-0.910	-0.883	-0.913	-0.823	-0.970	-0.929	-0.970	-0.992	-0.992	-0.817	-0.970	-0.814	-0.909	-0.925	-0.902	-0.920	-0.929	-0.920	-0.920	-0.920	-0.920	-0.980	-0.900	-0.957	-0.889	-0.886	-0.885	-0.971	-0.865	-0.962	-0.869	-0.757	-0.823	-0.954	-0.746	-0.746	-0.740	-0.739	-0.932	-0.783	-0.589	-0.850	-0.706	-0.872	-0.873	-0.877	-0.901	-0.783	-0.903	-0.903	-0.903	-0.839	-0.371	-0.673	-0.843	-0.880	-0.868	-0.811	-0.519	-0.819	-0.863	-0.854	-0.542	-0.881	-0.724	-0.894	-0.920	-0.919	-0.840	-0.921	-0.865	-0.934	-0.845	-0.938	-0.948	-0.888	-0.802	-0.801	-0.644	-0.915	-0.987	-0.974	-0.854	-0.975	-0.976	-0.831	-0.882	-0.958	-0.980	-0.846	-0.982	-0.829	-0.959	-0.863	-0.982	-0.921	-1.000	-1.011	-0.854	-1.014	-0.855	-0.841	-0.701	-0.862	-0.868	-0.838	-0.851	-0.824	-0.701	-0.877	-0.678	-0.801	-0.808	-0.819	-0.642	
rs7147511      -1.079	-1.075	-1.031	-1.079	-0.962	-1.042	-1.002	-0.986	-0.858	-0.894	-0.765	-0.712	-0.921	-0.988	-0.931	-0.991	-0.993	-0.739	-0.960	-0.968	-0.599	-0.802	-0.967	-0.982	-0.980	-0.810	-0.990	-0.944	-0.942	-0.985	-0.986	-1.013	-0.985	-0.963	-0.948	-0.984	-0.977	-0.986	-0.959	-0.938	-0.689	-0.957	-0.920	-1.011	-0.656	-0.656	-0.933	-0.984	-0.974	-0.975	-0.932	-0.984	-0.962	-0.976	-0.736	-0.929	-0.934	-0.932	-0.928	-0.953	-0.976	-0.977	-0.935	-0.982	-0.970	-0.928	-0.894	-0.941	-0.933	-0.930	-0.917	-0.767	-0.919	-1.012	-0.971	-0.932	-0.971	-0.985	-0.985	-1.013	-0.971	-1.014	-0.915	-0.934	-0.909	-0.930	-0.939	-0.930	-0.930	-0.930	-0.929	-0.978	-0.912	-0.962	-0.903	-0.900	-0.899	-0.972	-0.882	-0.965	-0.881	-0.592	-1.014	-0.960	-0.577	-0.576	-0.569	-0.571	-0.942	-0.810	-0.947	-1.015	-0.947	-0.890	-0.892	-0.895	-0.916	-1.012	-0.917	-0.917	-0.918	-0.862	-0.349	-0.754	-0.866	-1.009	-0.889	-0.846	-0.569	-0.854	-0.885	-1.018	-0.577	-0.901	-0.804	-0.912	-0.930	-0.929	-0.870	-0.935	-1.017	-0.946	-0.875	-0.950	-0.958	-0.914	-0.874	-0.870	-0.689	-0.934	-0.993	-0.980	-0.915	-0.981	-0.981	-1.020	-0.934	-0.973	-0.984	-1.024	-0.986	-1.019	-0.973	-0.919	-0.985	-0.932	-0.995	-0.988	-1.019	-0.920	-0.680	-0.664	-0.512	-0.687	-0.697	-0.652	-0.671	-0.635	-0.513	-0.708	-0.483	-0.604	-0.614	-0.628	-0.439	
rs35007880     -1.074	-1.071	-1.027	-1.075	-0.955	-1.038	-0.998	-0.979	-0.851	-0.886	-0.756	-0.702	-0.932	-0.991	-0.939	-0.994	-0.982	-0.803	-0.946	-0.955	-0.802	-0.594	-0.962	-0.971	-0.969	-0.727	-0.983	-0.941	-0.939	-0.979	-0.980	-1.004	-0.979	-0.959	-0.944	-0.979	-0.972	-0.980	-0.955	-0.935	-0.632	-0.953	-0.917	-1.005	-0.589	-0.590	-0.931	-0.978	-0.969	-0.971	-0.929	-0.978	-0.958	-0.971	-0.734	-0.926	-0.932	-0.929	-0.925	-0.949	-0.971	-0.972	-0.932	-0.977	-0.965	-0.926	-0.868	-0.939	-0.931	-0.928	-0.915	-0.723	-0.917	-1.002	-0.967	-0.930	-0.967	-0.978	-0.979	-1.003	-0.967	-1.005	-0.913	-0.931	-0.907	-0.927	-0.936	-0.927	-0.927	-0.927	-0.927	-0.973	-0.910	-0.958	-0.901	-0.899	-0.898	-0.967	-0.880	-0.961	-0.880	-0.515	-1.005	-0.956	-0.498	-0.498	-0.489	-0.495	-0.939	-0.810	-0.945	-1.006	-0.944	-0.889	-0.891	-0.894	-0.914	-1.005	-0.915	-0.916	-0.916	-0.862	-0.329	-0.750	-0.866	-0.999	-0.888	-0.846	-0.562	-0.853	-0.884	-1.010	-0.568	-0.900	-0.801	-0.911	-0.927	-0.926	-0.869	-0.933	-1.009	-0.944	-0.874	-0.947	-0.955	-0.912	-0.870	-0.867	-0.684	-0.932	-0.989	-0.976	-0.910	-0.977	-0.977	-1.015	-0.929	-0.970	-0.981	-1.018	-0.982	-1.013	-0.970	-0.914	-0.981	-0.928	-0.988	-0.980	-1.012	-0.893	-0.634	-0.618	-0.462	-0.642	-0.654	-0.604	-0.625	-0.587	-0.463	-0.664	-0.431	-0.554	-0.565	-0.580	-0.385	
rs8015259      -1.012	-1.008	-0.958	-1.012	-0.919	-0.968	-0.926	-0.939	-0.821	-0.854	-0.731	-0.678	-0.965	-0.808	-0.751	-0.799	-0.976	-0.972	-0.966	-0.966	-0.967	-0.962	-0.539	-0.960	-0.961	-0.968	-0.774	-0.687	-0.683	-0.785	-0.784	-0.957	-0.785	-0.670	-0.695	-0.797	-0.787	-0.785	-0.663	-0.677	-0.890	-0.660	-0.657	-0.928	-0.876	-0.876	-0.669	-0.787	-0.787	-0.788	-0.666	-0.787	-0.729	-0.788	-0.636	-0.660	-0.700	-0.672	-0.660	-0.652	-0.788	-0.779	-0.675	-0.746	-0.790	-0.660	-0.967	-0.690	-0.672	-0.667	-0.635	-0.932	-0.639	-0.970	-0.786	-0.677	-0.786	-0.786	-0.787	-0.968	-0.786	-0.962	-0.629	-0.592	-0.616	-0.578	-0.680	-0.577	-0.577	-0.577	-0.575	-0.790	-0.493	-0.781	-0.445	-0.432	-0.426	-0.789	-0.411	-0.787	-0.626	-0.845	-0.964	-0.785	-0.838	-0.838	-0.834	-0.833	-0.772	-0.504	-0.850	-0.964	-0.870	-0.766	-0.767	-0.771	-0.794	-0.929	-0.796	-0.796	-0.796	-0.748	-0.576	-0.814	-0.753	-0.970	-0.781	-0.746	-0.695	-0.755	-0.776	-0.959	-0.706	-0.794	-0.848	-0.806	-0.835	-0.834	-0.781	-0.832	-0.964	-0.842	-0.782	-0.846	-0.853	-0.824	-0.896	-0.897	-0.777	-0.839	-0.899	-0.877	-0.928	-0.878	-0.877	-0.925	-0.946	-0.878	-0.880	-0.935	-0.881	-0.923	-0.879	-0.931	-0.881	-0.845	-0.873	-0.839	-0.935	-0.946	-0.742	-0.727	-0.608	-0.746	-0.754	-0.718	-0.734	-0.703	-0.607	-0.764	-0.583	-0.679	-0.687	-0.699	-0.546	
rs4905950      -1.066	-1.062	-1.011	-1.066	-0.947	-1.024	-0.979	-0.971	-0.837	-0.874	-0.729	-0.679	-0.957	-0.999	-0.917	-1.006	-0.850	-0.993	-0.720	-0.787	-0.982	-0.971	-0.960	-0.596	-0.732	-0.983	-0.999	-0.931	-0.928	-0.988	-0.990	-0.792	-0.989	-0.954	-0.935	-0.986	-0.974	-0.990	-0.948	-0.922	-0.849	-0.946	-0.901	-0.718	-0.825	-0.824	-0.917	-0.986	-0.970	-0.971	-0.915	-0.986	-0.950	-0.973	-0.808	-0.912	-0.926	-0.913	-0.910	-0.941	-0.973	-0.973	-0.918	-0.978	-0.961	-0.911	-0.979	-0.926	-0.917	-0.913	-0.896	-0.904	-0.899	-0.814	-0.965	-0.916	-0.965	-0.989	-0.988	-0.814	-0.965	-0.796	-0.895	-0.917	-0.888	-0.912	-0.922	-0.912	-0.912	-0.912	-0.912	-0.976	-0.891	-0.952	-0.880	-0.877	-0.876	-0.966	-0.855	-0.957	-0.855	-0.779	-0.805	-0.949	-0.768	-0.768	-0.762	-0.762	-0.926	-0.773	-0.652	-0.837	-0.743	-0.865	-0.867	-0.870	-0.896	-0.780	-0.897	-0.897	-0.897	-0.832	-0.401	-0.696	-0.836	-0.865	-0.862	-0.802	-0.545	-0.811	-0.856	-0.846	-0.568	-0.875	-0.745	-0.888	-0.916	-0.914	-0.829	-0.916	-0.855	-0.930	-0.834	-0.933	-0.944	-0.878	-0.820	-0.818	-0.667	-0.906	-0.981	-0.967	-0.870	-0.969	-0.969	-0.832	-0.896	-0.950	-0.974	-0.846	-0.976	-0.830	-0.952	-0.877	-0.976	-0.918	-0.999	-1.009	-0.854	-1.008	-0.844	-0.830	-0.686	-0.852	-0.858	-0.827	-0.841	-0.812	-0.685	-0.867	-0.662	-0.790	-0.796	-0.808	-0.625	
rs10147903     -1.065	-1.061	-1.010	-1.065	-0.947	-1.023	-0.978	-0.972	-0.837	-0.874	-0.731	-0.681	-0.955	-0.999	-0.918	-1.006	-0.847	-0.991	-0.725	-0.788	-0.980	-0.969	-0.961	-0.732	-0.596	-0.980	-1.000	-0.932	-0.929	-0.989	-0.990	-0.789	-0.989	-0.955	-0.936	-0.987	-0.975	-0.990	-0.949	-0.923	-0.846	-0.947	-0.902	-0.710	-0.822	-0.821	-0.918	-0.986	-0.971	-0.972	-0.916	-0.986	-0.951	-0.974	-0.808	-0.913	-0.927	-0.914	-0.912	-0.942	-0.973	-0.974	-0.919	-0.978	-0.962	-0.912	-0.978	-0.927	-0.918	-0.914	-0.898	-0.902	-0.901	-0.814	-0.966	-0.917	-0.966	-0.989	-0.989	-0.813	-0.966	-0.793	-0.896	-0.918	-0.890	-0.913	-0.923	-0.913	-0.913	-0.913	-0.913	-0.976	-0.892	-0.953	-0.882	-0.879	-0.877	-0.967	-0.857	-0.958	-0.857	-0.775	-0.803	-0.950	-0.764	-0.764	-0.758	-0.758	-0.927	-0.775	-0.644	-0.836	-0.737	-0.866	-0.867	-0.871	-0.896	-0.775	-0.897	-0.898	-0.898	-0.833	-0.396	-0.691	-0.837	-0.865	-0.863	-0.803	-0.540	-0.812	-0.857	-0.844	-0.563	-0.876	-0.741	-0.889	-0.916	-0.915	-0.830	-0.917	-0.853	-0.930	-0.835	-0.934	-0.944	-0.879	-0.816	-0.815	-0.663	-0.907	-0.982	-0.968	-0.866	-0.970	-0.970	-0.828	-0.893	-0.951	-0.974	-0.842	-0.976	-0.826	-0.953	-0.874	-0.977	-0.918	-0.999	-1.008	-0.851	-1.009	-0.846	-0.832	-0.688	-0.853	-0.859	-0.829	-0.842	-0.814	-0.687	-0.868	-0.664	-0.792	-0.798	-0.810	-0.628	
rs3736951      -1.083	-1.080	-1.035	-1.083	-0.964	-1.046	-1.006	-0.988	-0.859	-0.895	-0.765	-0.710	-0.937	-1.000	-0.943	-1.003	-0.993	-0.815	-0.959	-0.968	-0.810	-0.727	-0.968	-0.983	-0.980	-0.604	-0.991	-0.945	-0.943	-0.987	-0.988	-1.014	-0.987	-0.964	-0.949	-0.987	-0.979	-0.987	-0.960	-0.938	-0.598	-0.958	-0.921	-1.013	-0.549	-0.550	-0.934	-0.985	-0.976	-0.978	-0.933	-0.985	-0.963	-0.978	-0.727	-0.930	-0.935	-0.933	-0.929	-0.954	-0.978	-0.978	-0.936	-0.983	-0.972	-0.929	-0.873	-0.942	-0.934	-0.931	-0.918	-0.703	-0.920	-1.012	-0.973	-0.933	-0.973	-0.986	-0.987	-1.014	-0.973	-1.015	-0.916	-0.935	-0.910	-0.931	-0.940	-0.931	-0.931	-0.931	-0.930	-0.980	-0.913	-0.964	-0.904	-0.901	-0.900	-0.974	-0.882	-0.967	-0.882	-0.467	-1.015	-0.962	-0.449	-0.448	-0.439	-0.447	-0.944	-0.811	-0.949	-1.016	-0.948	-0.893	-0.895	-0.898	-0.919	-1.013	-0.920	-0.920	-0.921	-0.866	-0.303	-0.743	-0.869	-1.010	-0.893	-0.849	-0.546	-0.857	-0.888	-1.019	-0.552	-0.904	-0.795	-0.916	-0.934	-0.933	-0.874	-0.939	-1.018	-0.950	-0.878	-0.953	-0.961	-0.917	-0.868	-0.864	-0.672	-0.937	-0.996	-0.983	-0.910	-0.984	-0.984	-1.023	-0.930	-0.976	-0.988	-1.026	-0.989	-1.021	-0.977	-0.914	-0.989	-0.936	-0.998	-0.990	-1.021	-0.909	-0.655	-0.639	-0.485	-0.663	-0.675	-0.627	-0.647	-0.609	-0.486	-0.685	-0.455	-0.577	-0.587	-0.602	-0.409	
rs3736952      -1.044	-1.039	-0.989	-1.044	-0.936	-0.999	-0.957	-0.959	-0.830	-0.865	-0.732	-0.676	-0.966	-0.789	-0.744	-0.785	-0.998	-0.999	-1.000	-1.002	-0.990	-0.983	-0.774	-0.999	-1.000	-0.991	-0.572	-0.747	-0.742	-0.683	-0.687	-1.004	-0.687	-0.764	-0.753	-0.749	-0.655	-0.688	-0.755	-0.733	-0.888	-0.751	-0.709	-0.981	-0.872	-0.872	-0.724	-0.676	-0.636	-0.661	-0.721	-0.676	-0.785	-0.658	-0.617	-0.715	-0.743	-0.722	-0.715	-0.742	-0.654	-0.738	-0.728	-0.826	-0.639	-0.715	-0.988	-0.742	-0.726	-0.720	-0.691	-0.938	-0.696	-1.013	-0.619	-0.729	-0.619	-0.707	-0.694	-1.012	-0.619	-1.007	-0.685	-0.697	-0.672	-0.688	-0.677	-0.688	-0.688	-0.687	-0.687	-0.642	-0.643	-0.547	-0.619	-0.612	-0.609	-0.605	-0.565	-0.577	-0.547	-0.835	-1.008	-0.523	-0.826	-0.825	-0.821	-0.820	-0.470	-0.139	-0.875	-1.007	-0.917	-0.652	-0.655	-0.662	-0.708	-0.980	-0.711	-0.712	-0.712	-0.641	-0.557	-0.805	-0.651	-1.009	-0.698	-0.656	-0.679	-0.669	-0.690	-1.003	-0.692	-0.720	-0.844	-0.740	-0.816	-0.815	-0.716	-0.788	-1.007	-0.806	-0.733	-0.813	-0.825	-0.788	-0.900	-0.900	-0.773	-0.810	-0.899	-0.874	-0.936	-0.876	-0.875	-0.977	-0.955	-0.867	-0.881	-0.985	-0.883	-0.975	-0.869	-0.939	-0.885	-0.858	-0.904	-0.881	-0.984	-0.981	-0.810	-0.796	-0.646	-0.815	-0.822	-0.790	-0.804	-0.775	-0.645	-0.832	-0.621	-0.752	-0.759	-0.771	-0.585	
rs7143025      -0.986	-0.982	-0.932	-0.987	-0.898	-0.943	-0.900	-0.918	-0.802	-0.835	-0.717	-0.663	-0.947	-0.782	-0.735	-0.770	-0.948	-0.948	-0.939	-0.943	-0.944	-0.941	-0.687	-0.931	-0.932	-0.945	-0.747	-0.512	-0.636	-0.764	-0.763	-0.925	-0.764	-0.692	-0.646	-0.777	-0.771	-0.764	-0.692	-0.636	-0.879	-0.692	-0.629	-0.893	-0.867	-0.866	-0.630	-0.768	-0.773	-0.774	-0.628	-0.768	-0.680	-0.773	-0.647	-0.624	-0.674	-0.641	-0.626	-0.692	-0.773	-0.751	-0.640	-0.662	-0.780	-0.624	-0.945	-0.654	-0.638	-0.634	-0.604	-0.917	-0.605	-0.940	-0.774	-0.644	-0.774	-0.764	-0.766	-0.938	-0.774	-0.931	-0.594	-0.681	-0.578	-0.678	-0.712	-0.678	-0.677	-0.677	-0.677	-0.774	-0.658	-0.774	-0.645	-0.642	-0.640	-0.777	-0.619	-0.778	-0.634	-0.838	-0.933	-0.780	-0.831	-0.831	-0.827	-0.827	-0.773	-0.596	-0.825	-0.933	-0.845	-0.770	-0.771	-0.774	-0.793	-0.895	-0.794	-0.794	-0.794	-0.754	-0.573	-0.801	-0.758	-0.940	-0.782	-0.751	-0.687	-0.759	-0.778	-0.927	-0.699	-0.793	-0.834	-0.802	-0.821	-0.820	-0.775	-0.823	-0.934	-0.831	-0.777	-0.834	-0.839	-0.814	-0.880	-0.881	-0.768	-0.826	-0.875	-0.852	-0.911	-0.853	-0.851	-0.890	-0.928	-0.858	-0.854	-0.900	-0.854	-0.888	-0.859	-0.913	-0.853	-0.825	-0.844	-0.790	-0.901	-0.915	-0.702	-0.687	-0.571	-0.706	-0.714	-0.677	-0.693	-0.662	-0.570	-0.724	-0.545	-0.637	-0.645	-0.657	-0.508	
rs7143218      -0.983	-0.979	-0.929	-0.984	-0.895	-0.940	-0.897	-0.915	-0.800	-0.832	-0.715	-0.661	-0.944	-0.777	-0.733	-0.765	-0.944	-0.945	-0.936	-0.940	-0.942	-0.939	-0.683	-0.928	-0.929	-0.943	-0.742	-0.636	-0.509	-0.759	-0.758	-0.922	-0.759	-0.687	-0.642	-0.772	-0.767	-0.759	-0.688	-0.635	-0.878	-0.689	-0.630	-0.889	-0.865	-0.865	-0.630	-0.763	-0.769	-0.770	-0.628	-0.763	-0.676	-0.769	-0.648	-0.625	-0.672	-0.641	-0.627	-0.689	-0.769	-0.746	-0.639	-0.654	-0.776	-0.625	-0.942	-0.652	-0.638	-0.634	-0.607	-0.915	-0.608	-0.936	-0.771	-0.643	-0.771	-0.759	-0.761	-0.934	-0.771	-0.927	-0.598	-0.680	-0.583	-0.677	-0.710	-0.677	-0.676	-0.676	-0.676	-0.770	-0.658	-0.771	-0.647	-0.643	-0.642	-0.773	-0.622	-0.775	-0.636	-0.837	-0.930	-0.777	-0.830	-0.830	-0.826	-0.826	-0.771	-0.598	-0.821	-0.930	-0.842	-0.769	-0.770	-0.773	-0.791	-0.892	-0.792	-0.792	-0.792	-0.753	-0.573	-0.799	-0.757	-0.937	-0.780	-0.751	-0.686	-0.758	-0.776	-0.923	-0.698	-0.791	-0.832	-0.801	-0.818	-0.818	-0.774	-0.821	-0.930	-0.829	-0.776	-0.832	-0.837	-0.813	-0.878	-0.879	-0.767	-0.824	-0.872	-0.849	-0.908	-0.850	-0.848	-0.886	-0.926	-0.856	-0.851	-0.897	-0.851	-0.884	-0.856	-0.911	-0.850	-0.822	-0.840	-0.785	-0.897	-0.911	-0.697	-0.682	-0.566	-0.701	-0.710	-0.672	-0.689	-0.658	-0.565	-0.719	-0.541	-0.632	-0.640	-0.652	-0.504	
rs35852289     -1.032	-1.028	-0.978	-1.033	-0.930	-0.987	-0.945	-0.952	-0.827	-0.861	-0.730	-0.676	-0.963	-0.777	-0.761	-0.768	-0.985	-0.993	-0.990	-0.992	-0.985	-0.979	-0.785	-0.988	-0.989	-0.987	-0.683	-0.764	-0.759	-0.561	-0.692	-0.991	-0.695	-0.777	-0.769	-0.750	-0.687	-0.693	-0.770	-0.752	-0.890	-0.767	-0.730	-0.967	-0.875	-0.875	-0.744	-0.692	-0.678	-0.691	-0.741	-0.693	-0.796	-0.689	-0.641	-0.737	-0.760	-0.743	-0.736	-0.759	-0.687	-0.748	-0.747	-0.830	-0.678	-0.736	-0.983	-0.760	-0.745	-0.740	-0.715	-0.937	-0.719	-1.001	-0.668	-0.748	-0.668	-0.706	-0.700	-1.000	-0.668	-0.995	-0.710	-0.721	-0.699	-0.713	-0.705	-0.713	-0.713	-0.713	-0.712	-0.677	-0.675	-0.627	-0.654	-0.648	-0.646	-0.662	-0.607	-0.641	-0.592	-0.839	-0.996	-0.610	-0.830	-0.830	-0.825	-0.825	-0.566	-0.260	-0.856	-0.995	-0.904	-0.676	-0.679	-0.686	-0.726	-0.966	-0.729	-0.729	-0.729	-0.664	-0.562	-0.807	-0.673	-0.998	-0.715	-0.676	-0.682	-0.687	-0.708	-0.991	-0.696	-0.735	-0.844	-0.753	-0.817	-0.816	-0.730	-0.795	-0.996	-0.811	-0.745	-0.817	-0.828	-0.796	-0.898	-0.898	-0.774	-0.817	-0.897	-0.873	-0.933	-0.874	-0.873	-0.963	-0.951	-0.869	-0.878	-0.972	-0.880	-0.961	-0.870	-0.935	-0.882	-0.853	-0.891	-0.864	-0.971	-0.966	-0.793	-0.778	-0.625	-0.797	-0.804	-0.772	-0.786	-0.756	-0.624	-0.814	-0.600	-0.733	-0.740	-0.752	-0.563	
