## Summary of overall evidence for association with region:
## log10(BF for region) = -0.37701
## p-value for region = NA

## BFs for choosing among multi-SNP models:
## log10(average 1-SNP BF) = -0.318932
## log10(average 2-SNP BF) = -0.523413

## Example posterior probabilities for multi-SNP models, based on default prior: [p(l) propto 0.5^l for l=1,2,...,L]
## posterior probability of 1-SNP = 0.762055
## posterior probability of 2-SNP = 0.237945

## log10(BF) for single SNP and pair of SNPs:
rs4686281      -0.612	-0.287	-0.893	-0.838	-0.997	-0.997	-0.751	-0.470	-0.538	-0.700	-0.691	-0.729	-0.743	-0.967	-1.075	-0.739	-0.749	-0.678	-0.712	-0.721	-1.027	-0.779	-0.974	-0.779	-0.984	-0.982	-0.909	-0.896	-0.892	-0.907	-0.971	-0.807	-0.758	-0.758	-0.730	-0.871	-0.732	-0.695	-0.958	-0.859	-0.957	-1.037	-0.878	-0.634	-0.888	-0.877	-0.887	-0.888	-0.881	-0.794	-0.599	-0.778	-0.718	-0.720	-0.836	-0.719	-0.715	-0.798	-0.764	-0.713	-0.879	-0.879	-0.735	-0.718	-0.879	-0.720	-0.831	-0.716	-0.805	-0.715	-0.805	-0.829	-0.714	-0.649	-0.803	-0.711	-0.709	-0.776	-0.807	-0.729	-0.718	-0.880	-0.720	-0.706	-0.711	-0.711	-0.718	-0.718	-0.718	-0.719	-0.829	-0.719	-0.717	-0.819	-0.778	-0.704	-0.683	-0.893	-0.827	-0.789	-0.717	-0.830	-0.925	-0.926	-0.900	-0.901	-0.926	-0.872	-0.925	-0.912	-0.798	-0.925	-0.925	-0.925	-0.871	-0.641	-0.926	-0.926	-0.827	-0.918	-0.870	-0.922	-0.922	-0.922	-0.922	-0.922	-0.921	-0.922	
rs56243726     -0.287	+0.219	+0.109	-0.043	-0.198	-0.176	-0.029	+0.225	+0.162	+0.007	+0.015	-0.019	-0.030	-0.217	-0.296	-0.025	-0.035	+0.031	+0.001	-0.007	-0.268	-0.056	-0.219	-0.056	-0.204	-0.200	-0.131	-0.100	-0.096	-0.116	-0.189	+0.007	+0.062	+0.062	+0.091	-0.073	+0.090	+0.128	-0.170	-0.045	-0.170	-0.260	-0.098	+0.185	-0.099	-0.098	-0.098	-0.099	-0.102	-0.003	+0.223	+0.036	+0.097	+0.081	-0.039	+0.081	+0.086	-0.007	+0.034	+0.088	-0.100	-0.100	+0.074	+0.089	-0.100	+0.077	-0.036	+0.081	-0.017	+0.082	-0.017	-0.035	+0.083	+0.151	-0.015	+0.086	+0.088	+0.017	-0.019	+0.066	+0.089	-0.101	+0.076	+0.091	+0.086	+0.086	+0.078	+0.078	+0.078	+0.078	-0.035	+0.078	+0.080	-0.024	+0.023	+0.093	+0.116	-0.101	-0.044	+0.008	+0.073	-0.042	-0.149	-0.150	-0.124	-0.125	-0.150	-0.088	-0.150	-0.135	-0.010	-0.150	-0.150	-0.150	-0.090	+0.142	-0.150	-0.150	-0.041	-0.140	-0.089	-0.146	-0.146	-0.146	-0.146	-0.146	-0.144	-0.146	
rs12636369     -0.893	+0.109	-0.427	-0.559	-0.823	-0.823	-0.572	-0.285	-0.353	-0.517	-0.509	-0.548	-0.561	-0.785	-0.901	-0.557	-0.568	-0.497	-0.532	-0.542	-0.848	-0.601	-0.795	-0.601	-0.810	-0.808	-0.734	-0.723	-0.720	-0.727	-0.792	-0.627	-0.579	-0.579	-0.551	-0.699	-0.553	-0.516	-0.778	-0.680	-0.778	-0.860	-0.702	-0.448	-0.716	-0.702	-0.716	-0.716	-0.705	-0.622	-0.428	-0.606	-0.547	-0.547	-0.664	-0.547	-0.542	-0.626	-0.592	-0.541	-0.703	-0.704	-0.556	-0.533	-0.704	-0.547	-0.658	-0.544	-0.634	-0.543	-0.634	-0.657	-0.542	-0.476	-0.632	-0.539	-0.537	-0.604	-0.636	-0.557	-0.532	-0.704	-0.548	-0.534	-0.538	-0.538	-0.546	-0.546	-0.546	-0.546	-0.656	-0.546	-0.544	-0.646	-0.605	-0.532	-0.510	-0.715	-0.650	-0.610	-0.542	-0.658	-0.750	-0.751	-0.725	-0.726	-0.751	-0.700	-0.751	-0.737	-0.626	-0.751	-0.751	-0.751	-0.693	-0.467	-0.751	-0.751	-0.655	-0.748	-0.691	-0.747	-0.747	-0.747	-0.747	-0.747	-0.746	-0.747	
rs61621827     -0.838	-0.043	-0.559	-0.365	-0.766	-0.767	-0.491	-0.194	-0.265	-0.435	-0.426	-0.467	-0.481	-0.714	-0.846	-0.478	-0.489	-0.413	-0.450	-0.460	-0.780	-0.522	-0.723	-0.522	-0.754	-0.752	-0.677	-0.666	-0.662	-0.674	-0.743	-0.582	-0.534	-0.534	-0.507	-0.641	-0.508	-0.472	-0.725	-0.633	-0.724	-0.807	-0.644	-0.410	-0.665	-0.644	-0.665	-0.665	-0.648	-0.574	-0.365	-0.546	-0.486	-0.493	-0.609	-0.493	-0.488	-0.578	-0.537	-0.487	-0.645	-0.645	-0.512	-0.492	-0.645	-0.491	-0.601	-0.487	-0.583	-0.487	-0.583	-0.600	-0.486	-0.421	-0.581	-0.483	-0.481	-0.548	-0.585	-0.501	-0.492	-0.646	-0.492	-0.478	-0.482	-0.482	-0.490	-0.490	-0.490	-0.490	-0.600	-0.490	-0.488	-0.590	-0.550	-0.476	-0.454	-0.666	-0.588	-0.558	-0.490	-0.599	-0.693	-0.694	-0.669	-0.670	-0.694	-0.640	-0.694	-0.679	-0.565	-0.694	-0.694	-0.694	-0.636	-0.406	-0.694	-0.694	-0.595	-0.692	-0.635	-0.690	-0.690	-0.690	-0.690	-0.690	-0.688	-0.690	
rs12491393     -0.997	-0.198	-0.823	-0.766	-0.538	-0.670	-0.673	-0.386	-0.455	-0.620	-0.612	-0.651	-0.664	-0.895	-1.002	-0.661	-0.671	-0.598	-0.634	-0.643	-0.956	-0.703	-0.902	-0.703	-0.913	-0.911	-0.838	-0.824	-0.820	-0.835	-0.899	-0.733	-0.683	-0.683	-0.655	-0.799	-0.657	-0.620	-0.886	-0.784	-0.886	-0.966	-0.807	-0.558	-0.816	-0.807	-0.815	-0.815	-0.810	-0.721	-0.525	-0.705	-0.645	-0.647	-0.764	-0.647	-0.642	-0.725	-0.691	-0.641	-0.808	-0.808	-0.661	-0.643	-0.808	-0.647	-0.758	-0.643	-0.733	-0.642	-0.732	-0.757	-0.641	-0.575	-0.731	-0.639	-0.637	-0.704	-0.734	-0.657	-0.643	-0.809	-0.647	-0.633	-0.638	-0.638	-0.645	-0.645	-0.645	-0.646	-0.756	-0.646	-0.644	-0.746	-0.705	-0.631	-0.610	-0.820	-0.756	-0.715	-0.644	-0.758	-0.854	-0.855	-0.829	-0.830	-0.855	-0.800	-0.855	-0.842	-0.726	-0.855	-0.855	-0.855	-0.799	-0.568	-0.855	-0.855	-0.755	-0.846	-0.798	-0.851	-0.851	-0.851	-0.851	-0.851	-0.850	-0.851	
rs17049459     -0.997	-0.176	-0.823	-0.767	-0.670	-0.536	-0.663	-0.371	-0.441	-0.609	-0.600	-0.640	-0.654	-0.891	-1.001	-0.650	-0.661	-0.587	-0.623	-0.633	-0.953	-0.694	-0.899	-0.694	-0.913	-0.910	-0.837	-0.824	-0.820	-0.836	-0.899	-0.735	-0.685	-0.685	-0.657	-0.799	-0.659	-0.622	-0.886	-0.786	-0.886	-0.965	-0.806	-0.560	-0.815	-0.805	-0.814	-0.814	-0.809	-0.720	-0.526	-0.705	-0.645	-0.647	-0.764	-0.647	-0.642	-0.724	-0.691	-0.641	-0.807	-0.807	-0.662	-0.645	-0.807	-0.647	-0.758	-0.643	-0.732	-0.643	-0.732	-0.757	-0.642	-0.576	-0.730	-0.639	-0.637	-0.704	-0.734	-0.657	-0.645	-0.808	-0.648	-0.634	-0.638	-0.638	-0.646	-0.646	-0.646	-0.646	-0.757	-0.646	-0.644	-0.747	-0.705	-0.632	-0.610	-0.821	-0.756	-0.717	-0.643	-0.757	-0.853	-0.854	-0.827	-0.829	-0.853	-0.799	-0.853	-0.841	-0.725	-0.853	-0.853	-0.853	-0.799	-0.566	-0.853	-0.854	-0.754	-0.844	-0.798	-0.850	-0.850	-0.850	-0.850	-0.850	-0.849	-0.850	
rs1974763      -0.751	-0.029	-0.572	-0.491	-0.673	-0.663	-0.267	-0.100	-0.205	-0.403	-0.391	-0.426	-0.438	-0.667	-0.731	-0.437	-0.444	-0.395	-0.427	-0.435	-0.693	-0.483	-0.658	-0.484	-0.658	-0.655	-0.588	-0.547	-0.543	-0.586	-0.656	-0.460	-0.410	-0.410	-0.382	-0.520	-0.383	-0.345	-0.637	-0.515	-0.637	-0.720	-0.555	-0.289	-0.548	-0.555	-0.547	-0.548	-0.559	-0.453	-0.240	-0.425	-0.366	-0.362	-0.482	-0.361	-0.357	-0.458	-0.410	-0.355	-0.556	-0.556	-0.388	-0.377	-0.556	-0.360	-0.474	-0.356	-0.464	-0.355	-0.464	-0.472	-0.354	-0.280	-0.462	-0.351	-0.349	-0.421	-0.466	-0.370	-0.377	-0.557	-0.360	-0.345	-0.350	-0.350	-0.358	-0.358	-0.358	-0.359	-0.472	-0.359	-0.357	-0.461	-0.418	-0.344	-0.321	-0.559	-0.496	-0.442	-0.388	-0.480	-0.605	-0.606	-0.581	-0.582	-0.606	-0.523	-0.605	-0.590	-0.445	-0.606	-0.606	-0.606	-0.556	-0.289	-0.606	-0.605	-0.476	-0.583	-0.555	-0.602	-0.602	-0.602	-0.602	-0.602	-0.600	-0.602	
rs11713611     -0.470	+0.225	-0.285	-0.194	-0.386	-0.371	-0.100	+0.039	-0.054	-0.043	-0.082	-0.046	-0.035	-0.364	-0.421	-0.050	-0.036	-0.150	-0.142	-0.139	-0.362	-0.131	-0.336	-0.134	-0.372	-0.369	-0.304	-0.253	-0.249	-0.298	-0.375	-0.163	-0.113	-0.113	-0.084	-0.224	-0.085	-0.047	-0.351	-0.221	-0.351	-0.440	-0.269	+0.001	-0.259	-0.269	-0.258	-0.259	-0.274	-0.165	+0.058	-0.129	-0.071	-0.062	-0.183	-0.062	-0.057	-0.169	-0.113	-0.055	-0.271	-0.271	-0.088	-0.087	-0.271	-0.059	-0.174	-0.055	-0.175	-0.054	-0.174	-0.173	-0.053	+0.025	-0.172	-0.050	-0.048	-0.122	-0.176	-0.070	-0.088	-0.272	-0.060	-0.044	-0.049	-0.049	-0.057	-0.058	-0.058	-0.058	-0.173	-0.058	-0.056	-0.161	-0.117	-0.043	-0.020	-0.273	-0.205	-0.148	-0.107	-0.186	-0.322	-0.322	-0.299	-0.300	-0.323	-0.229	-0.322	-0.305	-0.149	-0.323	-0.323	-0.323	-0.275	+0.005	-0.323	-0.322	-0.181	-0.297	-0.274	-0.318	-0.318	-0.318	-0.318	-0.318	-0.316	-0.318	
rs11713745     -0.538	+0.162	-0.353	-0.265	-0.455	-0.441	-0.205	-0.054	-0.034	-0.175	-0.193	-0.172	-0.165	-0.441	-0.494	-0.179	-0.166	-0.229	-0.230	-0.229	-0.443	-0.232	-0.417	-0.233	-0.441	-0.438	-0.372	-0.324	-0.320	-0.367	-0.443	-0.235	-0.184	-0.184	-0.156	-0.296	-0.157	-0.119	-0.420	-0.292	-0.420	-0.507	-0.338	-0.070	-0.329	-0.338	-0.328	-0.329	-0.343	-0.235	-0.015	-0.200	-0.143	-0.136	-0.256	-0.135	-0.130	-0.239	-0.185	-0.128	-0.339	-0.339	-0.160	-0.158	-0.339	-0.132	-0.247	-0.128	-0.245	-0.128	-0.245	-0.245	-0.127	-0.049	-0.243	-0.123	-0.121	-0.195	-0.247	-0.143	-0.158	-0.341	-0.133	-0.118	-0.123	-0.123	-0.131	-0.131	-0.131	-0.131	-0.245	-0.131	-0.129	-0.234	-0.190	-0.116	-0.094	-0.343	-0.275	-0.219	-0.176	-0.257	-0.390	-0.390	-0.367	-0.368	-0.391	-0.301	-0.390	-0.373	-0.221	-0.391	-0.391	-0.391	-0.343	-0.067	-0.391	-0.390	-0.253	-0.366	-0.342	-0.386	-0.386	-0.386	-0.386	-0.386	-0.384	-0.386	
rs6778677      -0.700	+0.007	-0.517	-0.435	-0.620	-0.609	-0.403	-0.043	-0.175	-0.213	-0.319	-0.341	-0.346	-0.607	-0.667	-0.349	-0.351	-0.341	-0.367	-0.373	-0.621	-0.407	-0.590	-0.408	-0.607	-0.604	-0.536	-0.498	-0.494	-0.533	-0.605	-0.410	-0.361	-0.361	-0.333	-0.470	-0.334	-0.296	-0.585	-0.466	-0.584	-0.670	-0.503	-0.245	-0.500	-0.503	-0.499	-0.499	-0.507	-0.406	-0.193	-0.376	-0.318	-0.312	-0.431	-0.312	-0.307	-0.410	-0.361	-0.306	-0.504	-0.504	-0.336	-0.332	-0.504	-0.310	-0.423	-0.306	-0.416	-0.305	-0.416	-0.422	-0.304	-0.230	-0.414	-0.301	-0.299	-0.371	-0.418	-0.320	-0.332	-0.505	-0.310	-0.295	-0.300	-0.300	-0.308	-0.308	-0.308	-0.309	-0.422	-0.309	-0.307	-0.411	-0.368	-0.294	-0.272	-0.512	-0.443	-0.394	-0.345	-0.433	-0.554	-0.554	-0.530	-0.531	-0.555	-0.475	-0.554	-0.538	-0.397	-0.554	-0.554	-0.554	-0.505	-0.244	-0.554	-0.554	-0.429	-0.536	-0.505	-0.550	-0.550	-0.550	-0.550	-0.550	-0.548	-0.550	
rs13061909     -0.691	+0.015	-0.509	-0.426	-0.612	-0.600	-0.391	-0.082	-0.193	-0.319	-0.204	-0.314	-0.315	-0.596	-0.659	-0.324	-0.324	-0.330	-0.355	-0.360	-0.609	-0.392	-0.579	-0.393	-0.598	-0.595	-0.528	-0.488	-0.484	-0.527	-0.598	-0.404	-0.354	-0.354	-0.326	-0.461	-0.327	-0.290	-0.578	-0.459	-0.578	-0.662	-0.494	-0.238	-0.490	-0.494	-0.489	-0.489	-0.499	-0.396	-0.182	-0.366	-0.308	-0.302	-0.421	-0.301	-0.297	-0.400	-0.350	-0.295	-0.496	-0.496	-0.330	-0.325	-0.496	-0.299	-0.413	-0.296	-0.406	-0.295	-0.406	-0.411	-0.294	-0.219	-0.404	-0.291	-0.288	-0.360	-0.408	-0.310	-0.325	-0.497	-0.300	-0.285	-0.290	-0.290	-0.298	-0.298	-0.298	-0.298	-0.411	-0.298	-0.296	-0.400	-0.358	-0.283	-0.261	-0.503	-0.434	-0.383	-0.335	-0.422	-0.545	-0.546	-0.521	-0.523	-0.546	-0.465	-0.545	-0.529	-0.387	-0.546	-0.546	-0.546	-0.497	-0.233	-0.546	-0.545	-0.418	-0.526	-0.496	-0.541	-0.541	-0.541	-0.541	-0.542	-0.539	-0.542	
rs6777061      -0.729	-0.019	-0.548	-0.467	-0.651	-0.640	-0.426	-0.046	-0.172	-0.341	-0.314	-0.246	-0.351	-0.634	-0.700	-0.359	-0.361	-0.339	-0.375	-0.383	-0.652	-0.427	-0.620	-0.429	-0.637	-0.634	-0.566	-0.528	-0.524	-0.565	-0.636	-0.444	-0.394	-0.394	-0.366	-0.501	-0.368	-0.330	-0.617	-0.499	-0.616	-0.700	-0.533	-0.278	-0.529	-0.533	-0.529	-0.529	-0.537	-0.436	-0.224	-0.407	-0.349	-0.343	-0.462	-0.343	-0.338	-0.440	-0.391	-0.336	-0.534	-0.535	-0.370	-0.364	-0.535	-0.341	-0.454	-0.337	-0.446	-0.336	-0.446	-0.452	-0.335	-0.261	-0.444	-0.332	-0.330	-0.402	-0.448	-0.352	-0.364	-0.536	-0.341	-0.327	-0.331	-0.332	-0.339	-0.340	-0.339	-0.340	-0.452	-0.340	-0.338	-0.441	-0.399	-0.325	-0.303	-0.542	-0.474	-0.424	-0.373	-0.463	-0.584	-0.584	-0.560	-0.561	-0.584	-0.505	-0.584	-0.568	-0.427	-0.584	-0.584	-0.584	-0.535	-0.273	-0.584	-0.584	-0.458	-0.565	-0.534	-0.580	-0.580	-0.580	-0.580	-0.580	-0.578	-0.580	
rs67724427     -0.743	-0.030	-0.561	-0.481	-0.664	-0.654	-0.438	-0.035	-0.165	-0.346	-0.315	-0.351	-0.260	-0.647	-0.714	-0.366	-0.371	-0.339	-0.380	-0.389	-0.666	-0.439	-0.634	-0.440	-0.651	-0.647	-0.580	-0.543	-0.539	-0.579	-0.650	-0.458	-0.408	-0.408	-0.381	-0.515	-0.382	-0.344	-0.630	-0.513	-0.630	-0.713	-0.547	-0.292	-0.543	-0.547	-0.543	-0.543	-0.551	-0.450	-0.238	-0.421	-0.363	-0.358	-0.476	-0.357	-0.353	-0.454	-0.406	-0.351	-0.548	-0.548	-0.384	-0.378	-0.548	-0.356	-0.469	-0.352	-0.460	-0.351	-0.460	-0.467	-0.350	-0.276	-0.458	-0.347	-0.345	-0.416	-0.462	-0.366	-0.378	-0.549	-0.356	-0.341	-0.346	-0.346	-0.354	-0.354	-0.354	-0.355	-0.467	-0.355	-0.353	-0.456	-0.414	-0.340	-0.318	-0.556	-0.488	-0.438	-0.387	-0.477	-0.597	-0.598	-0.573	-0.575	-0.598	-0.519	-0.598	-0.582	-0.442	-0.598	-0.598	-0.598	-0.548	-0.288	-0.598	-0.597	-0.473	-0.579	-0.548	-0.594	-0.594	-0.594	-0.594	-0.594	-0.592	-0.594	
rs11916022     -0.967	-0.217	-0.785	-0.714	-0.895	-0.891	-0.667	-0.364	-0.441	-0.607	-0.596	-0.634	-0.647	-0.505	-0.972	-0.644	-0.654	-0.586	-0.622	-0.632	-0.748	-0.690	-0.760	-0.690	-0.880	-0.877	-0.805	-0.786	-0.782	-0.813	-0.864	-0.685	-0.637	-0.637	-0.609	-0.761	-0.610	-0.574	-0.861	-0.740	-0.861	-0.932	-0.773	-0.522	-0.759	-0.773	-0.758	-0.758	-0.775	-0.663	-0.495	-0.673	-0.615	-0.610	-0.725	-0.610	-0.605	-0.667	-0.654	-0.604	-0.775	-0.775	-0.614	-0.607	-0.775	-0.608	-0.717	-0.604	-0.673	-0.604	-0.673	-0.716	-0.603	-0.535	-0.671	-0.600	-0.598	-0.665	-0.675	-0.618	-0.606	-0.776	-0.609	-0.594	-0.599	-0.599	-0.607	-0.607	-0.607	-0.607	-0.716	-0.607	-0.605	-0.705	-0.666	-0.593	-0.572	-0.778	-0.735	-0.685	-0.578	-0.706	-0.819	-0.821	-0.793	-0.794	-0.820	-0.748	-0.820	-0.811	-0.670	-0.820	-0.820	-0.820	-0.773	-0.513	-0.820	-0.821	-0.701	-0.778	-0.772	-0.817	-0.817	-0.817	-0.818	-0.817	-0.817	-0.818	
rs151462       -1.075	-0.296	-0.901	-0.846	-1.002	-1.001	-0.731	-0.421	-0.494	-0.667	-0.659	-0.700	-0.714	-0.972	-0.620	-0.710	-0.721	-0.645	-0.683	-0.693	-1.033	-0.757	-0.981	-0.757	-0.991	-0.989	-0.916	-0.902	-0.898	-0.914	-0.977	-0.812	-0.763	-0.763	-0.735	-0.877	-0.736	-0.700	-0.965	-0.863	-0.964	-1.044	-0.884	-0.638	-0.894	-0.884	-0.893	-0.894	-0.887	-0.800	-0.602	-0.782	-0.722	-0.725	-0.842	-0.724	-0.720	-0.804	-0.769	-0.718	-0.886	-0.886	-0.740	-0.723	-0.886	-0.725	-0.836	-0.721	-0.811	-0.720	-0.811	-0.835	-0.719	-0.653	-0.809	-0.717	-0.715	-0.781	-0.813	-0.735	-0.723	-0.886	-0.725	-0.711	-0.716	-0.716	-0.723	-0.723	-0.723	-0.724	-0.835	-0.724	-0.722	-0.824	-0.783	-0.709	-0.688	-0.898	-0.835	-0.792	-0.722	-0.837	-0.930	-0.932	-0.905	-0.907	-0.931	-0.879	-0.931	-0.918	-0.804	-0.931	-0.931	-0.931	-0.878	-0.647	-0.931	-0.931	-0.834	-0.923	-0.877	-0.928	-0.928	-0.928	-0.928	-0.928	-0.927	-0.928	
rs56112390     -0.739	-0.025	-0.557	-0.478	-0.661	-0.650	-0.437	-0.050	-0.179	-0.349	-0.324	-0.359	-0.366	-0.644	-0.710	-0.256	-0.363	-0.334	-0.372	-0.381	-0.659	-0.427	-0.627	-0.429	-0.646	-0.643	-0.576	-0.537	-0.533	-0.575	-0.646	-0.453	-0.403	-0.403	-0.375	-0.510	-0.376	-0.339	-0.626	-0.508	-0.626	-0.709	-0.543	-0.287	-0.539	-0.542	-0.538	-0.538	-0.547	-0.445	-0.232	-0.416	-0.357	-0.352	-0.471	-0.352	-0.347	-0.449	-0.400	-0.345	-0.544	-0.544	-0.379	-0.373	-0.544	-0.350	-0.463	-0.346	-0.455	-0.345	-0.455	-0.462	-0.344	-0.270	-0.453	-0.341	-0.339	-0.411	-0.457	-0.361	-0.373	-0.545	-0.351	-0.336	-0.341	-0.341	-0.348	-0.349	-0.349	-0.349	-0.462	-0.349	-0.347	-0.451	-0.408	-0.334	-0.312	-0.551	-0.483	-0.433	-0.382	-0.472	-0.593	-0.594	-0.569	-0.571	-0.594	-0.515	-0.593	-0.578	-0.437	-0.594	-0.594	-0.594	-0.544	-0.283	-0.594	-0.593	-0.468	-0.574	-0.543	-0.590	-0.590	-0.590	-0.590	-0.590	-0.588	-0.590	
rs17297803     -0.749	-0.035	-0.568	-0.489	-0.671	-0.661	-0.444	-0.036	-0.166	-0.351	-0.324	-0.361	-0.371	-0.654	-0.721	-0.363	-0.267	-0.331	-0.373	-0.383	-0.671	-0.435	-0.638	-0.436	-0.657	-0.654	-0.586	-0.549	-0.544	-0.585	-0.656	-0.464	-0.414	-0.414	-0.386	-0.521	-0.387	-0.350	-0.637	-0.519	-0.636	-0.720	-0.553	-0.298	-0.549	-0.553	-0.549	-0.549	-0.558	-0.456	-0.244	-0.427	-0.369	-0.364	-0.482	-0.363	-0.359	-0.460	-0.412	-0.357	-0.555	-0.555	-0.390	-0.384	-0.555	-0.362	-0.475	-0.358	-0.466	-0.357	-0.466	-0.473	-0.356	-0.282	-0.464	-0.353	-0.351	-0.422	-0.468	-0.372	-0.384	-0.556	-0.362	-0.347	-0.352	-0.352	-0.360	-0.360	-0.360	-0.361	-0.473	-0.361	-0.359	-0.462	-0.419	-0.346	-0.324	-0.561	-0.494	-0.444	-0.393	-0.483	-0.604	-0.604	-0.580	-0.581	-0.604	-0.526	-0.604	-0.588	-0.448	-0.604	-0.604	-0.604	-0.555	-0.294	-0.604	-0.604	-0.479	-0.585	-0.554	-0.600	-0.600	-0.600	-0.600	-0.600	-0.598	-0.600	
rs35132423     -0.678	+0.031	-0.497	-0.413	-0.598	-0.587	-0.395	-0.150	-0.229	-0.341	-0.330	-0.339	-0.339	-0.586	-0.645	-0.334	-0.331	-0.189	-0.295	-0.296	-0.584	-0.316	-0.553	-0.321	-0.583	-0.579	-0.514	-0.469	-0.464	-0.518	-0.589	-0.384	-0.341	-0.341	-0.313	-0.441	-0.315	-0.277	-0.568	-0.446	-0.568	-0.650	-0.481	-0.225	-0.471	-0.480	-0.470	-0.471	-0.485	-0.377	-0.159	-0.345	-0.286	-0.280	-0.400	-0.279	-0.275	-0.381	-0.329	-0.273	-0.482	-0.482	-0.317	-0.312	-0.482	-0.278	-0.392	-0.274	-0.387	-0.273	-0.387	-0.391	-0.272	-0.196	-0.385	-0.269	-0.267	-0.339	-0.389	-0.288	-0.312	-0.483	-0.278	-0.263	-0.268	-0.268	-0.276	-0.276	-0.276	-0.277	-0.391	-0.277	-0.275	-0.379	-0.336	-0.262	-0.239	-0.490	-0.420	-0.371	-0.322	-0.409	-0.532	-0.532	-0.508	-0.509	-0.532	-0.452	-0.532	-0.516	-0.374	-0.532	-0.532	-0.532	-0.483	-0.221	-0.532	-0.532	-0.405	-0.513	-0.483	-0.528	-0.528	-0.528	-0.528	-0.528	-0.526	-0.528	
rs11715632     -0.712	+0.001	-0.532	-0.450	-0.634	-0.623	-0.427	-0.142	-0.230	-0.367	-0.355	-0.375	-0.380	-0.622	-0.683	-0.372	-0.373	-0.295	-0.227	-0.329	-0.623	-0.357	-0.591	-0.361	-0.618	-0.615	-0.549	-0.505	-0.501	-0.553	-0.623	-0.420	-0.377	-0.377	-0.349	-0.477	-0.350	-0.313	-0.603	-0.482	-0.602	-0.685	-0.516	-0.261	-0.507	-0.516	-0.506	-0.507	-0.520	-0.413	-0.196	-0.382	-0.323	-0.317	-0.437	-0.317	-0.312	-0.417	-0.366	-0.310	-0.517	-0.517	-0.353	-0.347	-0.517	-0.315	-0.429	-0.311	-0.423	-0.310	-0.423	-0.428	-0.309	-0.234	-0.421	-0.306	-0.304	-0.377	-0.425	-0.326	-0.347	-0.518	-0.316	-0.300	-0.305	-0.305	-0.313	-0.314	-0.314	-0.314	-0.428	-0.314	-0.312	-0.417	-0.373	-0.299	-0.277	-0.525	-0.456	-0.407	-0.357	-0.445	-0.567	-0.567	-0.543	-0.544	-0.567	-0.488	-0.567	-0.551	-0.410	-0.567	-0.567	-0.567	-0.518	-0.257	-0.567	-0.567	-0.441	-0.549	-0.517	-0.563	-0.563	-0.563	-0.563	-0.563	-0.561	-0.563	
rs11710913     -0.721	-0.007	-0.542	-0.460	-0.643	-0.633	-0.435	-0.139	-0.229	-0.373	-0.360	-0.383	-0.389	-0.632	-0.693	-0.381	-0.383	-0.296	-0.329	-0.237	-0.633	-0.367	-0.601	-0.371	-0.627	-0.624	-0.558	-0.515	-0.511	-0.562	-0.632	-0.429	-0.386	-0.386	-0.358	-0.487	-0.360	-0.322	-0.612	-0.491	-0.612	-0.694	-0.525	-0.270	-0.516	-0.525	-0.516	-0.516	-0.530	-0.422	-0.206	-0.392	-0.333	-0.327	-0.447	-0.327	-0.322	-0.426	-0.376	-0.320	-0.527	-0.527	-0.363	-0.357	-0.527	-0.325	-0.439	-0.321	-0.432	-0.320	-0.432	-0.438	-0.319	-0.244	-0.430	-0.316	-0.314	-0.386	-0.434	-0.336	-0.356	-0.528	-0.325	-0.310	-0.315	-0.315	-0.323	-0.324	-0.323	-0.324	-0.438	-0.324	-0.322	-0.427	-0.383	-0.309	-0.287	-0.534	-0.465	-0.416	-0.366	-0.455	-0.576	-0.576	-0.552	-0.553	-0.577	-0.498	-0.576	-0.560	-0.420	-0.576	-0.576	-0.576	-0.527	-0.267	-0.576	-0.576	-0.451	-0.558	-0.526	-0.572	-0.572	-0.572	-0.572	-0.572	-0.570	-0.572	
rs6777088      -1.027	-0.268	-0.848	-0.780	-0.956	-0.953	-0.693	-0.362	-0.443	-0.621	-0.609	-0.652	-0.666	-0.748	-1.033	-0.659	-0.671	-0.584	-0.623	-0.633	-0.568	-0.696	-0.782	-0.697	-0.940	-0.938	-0.866	-0.847	-0.843	-0.872	-0.927	-0.749	-0.704	-0.703	-0.676	-0.822	-0.677	-0.640	-0.920	-0.806	-0.920	-0.994	-0.834	-0.586	-0.825	-0.834	-0.824	-0.825	-0.837	-0.729	-0.553	-0.732	-0.674	-0.671	-0.787	-0.670	-0.666	-0.734	-0.714	-0.664	-0.836	-0.836	-0.681	-0.670	-0.836	-0.669	-0.779	-0.666	-0.740	-0.665	-0.740	-0.778	-0.664	-0.596	-0.738	-0.661	-0.659	-0.726	-0.742	-0.679	-0.669	-0.837	-0.670	-0.656	-0.660	-0.660	-0.668	-0.668	-0.668	-0.668	-0.778	-0.668	-0.666	-0.768	-0.727	-0.654	-0.633	-0.843	-0.792	-0.746	-0.651	-0.775	-0.880	-0.882	-0.854	-0.856	-0.881	-0.817	-0.881	-0.871	-0.740	-0.881	-0.881	-0.881	-0.832	-0.584	-0.881	-0.882	-0.771	-0.851	-0.831	-0.878	-0.878	-0.878	-0.878	-0.878	-0.878	-0.878	
rs13078112     -0.779	-0.056	-0.601	-0.522	-0.703	-0.694	-0.483	-0.131	-0.232	-0.407	-0.392	-0.427	-0.439	-0.690	-0.757	-0.427	-0.435	-0.316	-0.357	-0.367	-0.696	-0.300	-0.660	-0.407	-0.686	-0.682	-0.617	-0.575	-0.570	-0.620	-0.689	-0.488	-0.446	-0.446	-0.418	-0.547	-0.419	-0.382	-0.670	-0.550	-0.670	-0.751	-0.584	-0.329	-0.575	-0.584	-0.574	-0.574	-0.588	-0.480	-0.266	-0.452	-0.393	-0.388	-0.508	-0.387	-0.382	-0.484	-0.436	-0.381	-0.585	-0.585	-0.422	-0.415	-0.585	-0.386	-0.500	-0.382	-0.491	-0.381	-0.491	-0.498	-0.380	-0.306	-0.489	-0.377	-0.375	-0.447	-0.493	-0.396	-0.415	-0.586	-0.386	-0.371	-0.376	-0.376	-0.384	-0.384	-0.384	-0.385	-0.498	-0.385	-0.383	-0.487	-0.444	-0.370	-0.348	-0.593	-0.526	-0.476	-0.423	-0.515	-0.634	-0.635	-0.610	-0.611	-0.635	-0.558	-0.634	-0.619	-0.480	-0.635	-0.635	-0.635	-0.585	-0.327	-0.635	-0.634	-0.511	-0.616	-0.584	-0.630	-0.630	-0.630	-0.631	-0.631	-0.629	-0.631	
rs6777678      -0.974	-0.219	-0.795	-0.723	-0.902	-0.899	-0.658	-0.336	-0.417	-0.590	-0.579	-0.620	-0.634	-0.760	-0.981	-0.627	-0.638	-0.553	-0.591	-0.601	-0.782	-0.660	-0.512	-0.660	-0.885	-0.882	-0.813	-0.787	-0.783	-0.824	-0.879	-0.695	-0.654	-0.654	-0.626	-0.761	-0.627	-0.591	-0.871	-0.755	-0.870	-0.943	-0.782	-0.539	-0.767	-0.782	-0.767	-0.767	-0.784	-0.672	-0.491	-0.671	-0.613	-0.609	-0.725	-0.608	-0.604	-0.676	-0.652	-0.602	-0.783	-0.784	-0.630	-0.622	-0.784	-0.607	-0.717	-0.603	-0.682	-0.602	-0.682	-0.716	-0.601	-0.532	-0.680	-0.598	-0.596	-0.665	-0.684	-0.617	-0.622	-0.784	-0.607	-0.593	-0.598	-0.598	-0.605	-0.606	-0.605	-0.606	-0.716	-0.606	-0.604	-0.705	-0.664	-0.592	-0.570	-0.792	-0.738	-0.699	-0.596	-0.710	-0.828	-0.830	-0.803	-0.804	-0.829	-0.753	-0.829	-0.818	-0.674	-0.829	-0.829	-0.829	-0.781	-0.518	-0.829	-0.830	-0.705	-0.792	-0.780	-0.826	-0.826	-0.826	-0.826	-0.826	-0.825	-0.826	
rs13060135     -0.779	-0.056	-0.601	-0.522	-0.703	-0.694	-0.484	-0.134	-0.233	-0.408	-0.393	-0.429	-0.440	-0.690	-0.757	-0.429	-0.436	-0.321	-0.361	-0.371	-0.697	-0.407	-0.660	-0.300	-0.686	-0.683	-0.617	-0.575	-0.571	-0.621	-0.690	-0.489	-0.447	-0.447	-0.419	-0.548	-0.420	-0.383	-0.671	-0.551	-0.670	-0.751	-0.584	-0.330	-0.575	-0.584	-0.575	-0.575	-0.588	-0.481	-0.267	-0.453	-0.393	-0.388	-0.508	-0.388	-0.383	-0.485	-0.437	-0.381	-0.586	-0.586	-0.423	-0.416	-0.586	-0.387	-0.501	-0.383	-0.491	-0.382	-0.491	-0.499	-0.381	-0.307	-0.489	-0.378	-0.376	-0.447	-0.493	-0.397	-0.416	-0.587	-0.387	-0.372	-0.377	-0.377	-0.385	-0.385	-0.385	-0.385	-0.499	-0.386	-0.383	-0.488	-0.445	-0.371	-0.348	-0.593	-0.526	-0.477	-0.424	-0.515	-0.634	-0.635	-0.610	-0.612	-0.635	-0.558	-0.635	-0.619	-0.481	-0.635	-0.635	-0.635	-0.585	-0.328	-0.635	-0.635	-0.512	-0.617	-0.584	-0.631	-0.631	-0.631	-0.631	-0.631	-0.629	-0.631	
rs75775        -0.984	-0.204	-0.810	-0.754	-0.913	-0.913	-0.658	-0.372	-0.441	-0.607	-0.598	-0.637	-0.651	-0.880	-0.991	-0.646	-0.657	-0.583	-0.618	-0.627	-0.940	-0.686	-0.885	-0.686	-0.523	-0.649	-0.823	-0.647	-0.641	-0.803	-0.863	-0.671	-0.634	-0.634	-0.605	-0.611	-0.606	-0.567	-0.860	-0.741	-0.859	-0.940	-0.792	-0.520	-0.713	-0.792	-0.713	-0.713	-0.795	-0.608	-0.278	-0.526	-0.462	-0.438	-0.588	-0.438	-0.432	-0.614	-0.507	-0.431	-0.794	-0.794	-0.624	-0.618	-0.794	-0.477	-0.611	-0.472	-0.641	-0.471	-0.641	-0.609	-0.470	-0.378	-0.639	-0.466	-0.463	-0.556	-0.644	-0.492	-0.618	-0.795	-0.479	-0.460	-0.466	-0.466	-0.476	-0.477	-0.477	-0.477	-0.610	-0.477	-0.475	-0.597	-0.501	-0.459	-0.432	-0.789	-0.744	-0.672	-0.601	-0.681	-0.838	-0.840	-0.812	-0.814	-0.839	-0.741	-0.839	-0.827	-0.659	-0.839	-0.839	-0.839	-0.781	-0.490	-0.839	-0.839	-0.692	-0.811	-0.780	-0.836	-0.836	-0.836	-0.836	-0.836	-0.835	-0.836	
rs237924       -0.982	-0.200	-0.808	-0.752	-0.911	-0.910	-0.655	-0.369	-0.438	-0.604	-0.595	-0.634	-0.647	-0.877	-0.989	-0.643	-0.654	-0.579	-0.615	-0.624	-0.938	-0.682	-0.882	-0.683	-0.649	-0.520	-0.820	-0.655	-0.649	-0.799	-0.858	-0.675	-0.637	-0.637	-0.608	-0.620	-0.609	-0.570	-0.856	-0.743	-0.856	-0.937	-0.790	-0.523	-0.718	-0.790	-0.717	-0.718	-0.793	-0.614	-0.290	-0.535	-0.471	-0.449	-0.596	-0.449	-0.443	-0.619	-0.517	-0.442	-0.791	-0.791	-0.627	-0.620	-0.791	-0.486	-0.618	-0.481	-0.646	-0.480	-0.646	-0.616	-0.478	-0.389	-0.644	-0.475	-0.472	-0.563	-0.649	-0.500	-0.619	-0.792	-0.488	-0.469	-0.475	-0.475	-0.485	-0.485	-0.485	-0.486	-0.617	-0.486	-0.484	-0.604	-0.511	-0.468	-0.439	-0.790	-0.742	-0.675	-0.604	-0.685	-0.836	-0.837	-0.810	-0.811	-0.837	-0.744	-0.837	-0.825	-0.663	-0.837	-0.837	-0.837	-0.778	-0.495	-0.837	-0.837	-0.695	-0.812	-0.777	-0.834	-0.834	-0.834	-0.834	-0.834	-0.833	-0.834	
rs78988587     -0.909	-0.131	-0.734	-0.677	-0.838	-0.837	-0.588	-0.304	-0.372	-0.536	-0.528	-0.566	-0.580	-0.805	-0.916	-0.576	-0.586	-0.514	-0.549	-0.558	-0.866	-0.617	-0.813	-0.617	-0.823	-0.820	-0.440	-0.730	-0.727	-0.741	-0.804	-0.624	-0.565	-0.565	-0.536	-0.705	-0.538	-0.500	-0.794	-0.675	-0.793	-0.873	-0.716	-0.443	-0.724	-0.716	-0.723	-0.724	-0.719	-0.628	-0.432	-0.614	-0.552	-0.555	-0.674	-0.555	-0.551	-0.632	-0.600	-0.549	-0.717	-0.718	-0.555	-0.531	-0.718	-0.555	-0.668	-0.552	-0.640	-0.551	-0.640	-0.666	-0.550	-0.483	-0.638	-0.547	-0.545	-0.612	-0.642	-0.565	-0.531	-0.718	-0.556	-0.542	-0.546	-0.546	-0.554	-0.554	-0.554	-0.554	-0.666	-0.554	-0.552	-0.656	-0.614	-0.540	-0.518	-0.722	-0.665	-0.618	-0.536	-0.664	-0.763	-0.765	-0.738	-0.740	-0.764	-0.707	-0.764	-0.751	-0.631	-0.764	-0.764	-0.764	-0.709	-0.472	-0.764	-0.764	-0.661	-0.750	-0.708	-0.761	-0.761	-0.761	-0.761	-0.761	-0.759	-0.761	
rs378801       -0.896	-0.100	-0.723	-0.666	-0.824	-0.824	-0.547	-0.253	-0.324	-0.498	-0.488	-0.528	-0.543	-0.786	-0.902	-0.537	-0.549	-0.469	-0.505	-0.515	-0.847	-0.575	-0.787	-0.575	-0.647	-0.655	-0.730	-0.427	-0.543	-0.655	-0.709	-0.687	-0.651	-0.651	-0.626	-0.521	-0.627	-0.593	-0.728	-0.740	-0.727	-0.818	-0.701	-0.539	-0.704	-0.701	-0.704	-0.704	-0.703	-0.634	-0.325	-0.544	-0.502	-0.468	-0.571	-0.468	-0.463	-0.639	-0.531	-0.461	-0.703	-0.703	-0.633	-0.617	-0.703	-0.502	-0.595	-0.497	-0.656	-0.496	-0.656	-0.594	-0.495	-0.410	-0.655	-0.492	-0.490	-0.570	-0.658	-0.516	-0.617	-0.704	-0.504	-0.486	-0.492	-0.492	-0.501	-0.501	-0.501	-0.502	-0.595	-0.502	-0.500	-0.584	-0.498	-0.486	-0.459	-0.771	-0.664	-0.678	-0.617	-0.696	-0.744	-0.747	-0.715	-0.717	-0.745	-0.737	-0.745	-0.738	-0.673	-0.745	-0.745	-0.745	-0.676	-0.525	-0.745	-0.746	-0.700	-0.792	-0.675	-0.743	-0.743	-0.743	-0.744	-0.743	-0.744	-0.744	
rs406257       -0.892	-0.096	-0.720	-0.662	-0.820	-0.820	-0.543	-0.249	-0.320	-0.494	-0.484	-0.524	-0.539	-0.782	-0.898	-0.533	-0.544	-0.464	-0.501	-0.511	-0.843	-0.570	-0.783	-0.571	-0.641	-0.649	-0.727	-0.543	-0.423	-0.650	-0.704	-0.686	-0.650	-0.650	-0.625	-0.523	-0.626	-0.592	-0.724	-0.738	-0.723	-0.813	-0.697	-0.538	-0.702	-0.698	-0.703	-0.703	-0.699	-0.634	-0.329	-0.545	-0.504	-0.471	-0.571	-0.471	-0.465	-0.639	-0.532	-0.464	-0.699	-0.699	-0.632	-0.615	-0.699	-0.503	-0.595	-0.499	-0.656	-0.498	-0.656	-0.594	-0.497	-0.413	-0.654	-0.494	-0.491	-0.571	-0.658	-0.517	-0.615	-0.700	-0.505	-0.488	-0.494	-0.494	-0.503	-0.503	-0.503	-0.504	-0.595	-0.503	-0.501	-0.585	-0.500	-0.487	-0.461	-0.769	-0.661	-0.677	-0.616	-0.695	-0.740	-0.743	-0.711	-0.713	-0.741	-0.736	-0.742	-0.735	-0.672	-0.741	-0.741	-0.741	-0.672	-0.525	-0.742	-0.743	-0.698	-0.790	-0.671	-0.740	-0.740	-0.740	-0.740	-0.740	-0.740	-0.740	
rs6443207      -0.907	-0.116	-0.727	-0.674	-0.835	-0.836	-0.586	-0.298	-0.367	-0.533	-0.527	-0.565	-0.579	-0.813	-0.914	-0.575	-0.585	-0.518	-0.553	-0.562	-0.872	-0.620	-0.824	-0.621	-0.803	-0.799	-0.741	-0.655	-0.650	-0.441	-0.754	-0.704	-0.662	-0.662	-0.637	-0.623	-0.638	-0.605	-0.653	-0.756	-0.652	-0.756	-0.713	-0.554	-0.603	-0.713	-0.603	-0.604	-0.715	-0.532	-0.363	-0.510	-0.489	-0.484	-0.577	-0.483	-0.478	-0.537	-0.533	-0.476	-0.715	-0.715	-0.644	-0.632	-0.715	-0.488	-0.574	-0.484	-0.551	-0.483	-0.550	-0.572	-0.482	-0.413	-0.548	-0.479	-0.477	-0.551	-0.553	-0.499	-0.632	-0.716	-0.489	-0.473	-0.478	-0.478	-0.487	-0.487	-0.487	-0.487	-0.573	-0.487	-0.485	-0.561	-0.505	-0.472	-0.449	-0.787	-0.677	-0.697	-0.632	-0.686	-0.762	-0.764	-0.738	-0.739	-0.763	-0.729	-0.763	-0.750	-0.656	-0.763	-0.763	-0.763	-0.710	-0.508	-0.763	-0.763	-0.684	-0.772	-0.710	-0.760	-0.760	-0.760	-0.760	-0.760	-0.758	-0.760	
rs6791619      -0.971	-0.189	-0.792	-0.743	-0.899	-0.899	-0.656	-0.375	-0.443	-0.605	-0.598	-0.636	-0.650	-0.864	-0.977	-0.646	-0.656	-0.589	-0.623	-0.632	-0.927	-0.689	-0.879	-0.690	-0.863	-0.858	-0.804	-0.709	-0.704	-0.754	-0.509	-0.757	-0.673	-0.673	-0.644	-0.677	-0.646	-0.608	-0.804	-0.786	-0.804	-0.698	-0.745	-0.579	-0.775	-0.743	-0.774	-0.775	-0.754	-0.696	-0.399	-0.562	-0.529	-0.527	-0.629	-0.526	-0.521	-0.700	-0.582	-0.519	-0.745	-0.745	-0.656	-0.660	-0.744	-0.532	-0.627	-0.528	-0.710	-0.527	-0.710	-0.625	-0.526	-0.455	-0.708	-0.523	-0.521	-0.597	-0.712	-0.543	-0.661	-0.746	-0.533	-0.517	-0.522	-0.522	-0.531	-0.531	-0.531	-0.531	-0.626	-0.531	-0.529	-0.614	-0.556	-0.516	-0.492	-0.830	-0.644	-0.743	-0.671	-0.723	-0.798	-0.793	-0.787	-0.787	-0.797	-0.769	-0.796	-0.762	-0.692	-0.797	-0.797	-0.797	-0.778	-0.538	-0.796	-0.793	-0.721	-0.854	-0.778	-0.789	-0.789	-0.789	-0.789	-0.790	-0.784	-0.789	
rs237858       -0.807	+0.007	-0.627	-0.582	-0.733	-0.735	-0.460	-0.163	-0.235	-0.410	-0.404	-0.444	-0.458	-0.685	-0.812	-0.453	-0.464	-0.384	-0.420	-0.429	-0.749	-0.488	-0.695	-0.489	-0.671	-0.675	-0.624	-0.687	-0.686	-0.704	-0.757	-0.337	-0.586	-0.586	-0.565	-0.678	-0.566	-0.537	-0.733	-0.632	-0.733	-0.756	-0.581	-0.532	-0.696	-0.579	-0.696	-0.696	-0.592	-0.647	-0.505	-0.635	-0.596	-0.597	-0.670	-0.597	-0.594	-0.650	-0.628	-0.593	-0.581	-0.581	-0.592	-0.603	-0.581	-0.596	-0.666	-0.593	-0.656	-0.593	-0.656	-0.665	-0.592	-0.543	-0.655	-0.590	-0.589	-0.636	-0.658	-0.603	-0.603	-0.583	-0.596	-0.586	-0.590	-0.590	-0.595	-0.595	-0.595	-0.595	-0.665	-0.595	-0.594	-0.658	-0.633	-0.584	-0.568	-0.696	-0.475	-0.654	-0.606	-0.679	-0.654	-0.651	-0.638	-0.639	-0.654	-0.706	-0.653	-0.625	-0.650	-0.653	-0.653	-0.653	-0.631	-0.522	-0.653	-0.651	-0.672	-0.750	-0.632	-0.647	-0.647	-0.647	-0.647	-0.647	-0.643	-0.647	
rs237857       -0.758	+0.062	-0.579	-0.534	-0.683	-0.685	-0.410	-0.113	-0.184	-0.361	-0.354	-0.394	-0.408	-0.637	-0.763	-0.403	-0.414	-0.341	-0.377	-0.386	-0.704	-0.446	-0.654	-0.447	-0.634	-0.637	-0.565	-0.651	-0.650	-0.662	-0.673	-0.586	-0.285	-0.400	-0.383	-0.642	-0.387	-0.353	-0.670	-0.504	-0.671	-0.639	-0.533	-0.489	-0.668	-0.532	-0.668	-0.668	-0.544	-0.623	-0.475	-0.595	-0.561	-0.563	-0.631	-0.563	-0.560	-0.626	-0.594	-0.559	-0.534	-0.534	-0.498	-0.558	-0.533	-0.561	-0.626	-0.558	-0.630	-0.558	-0.630	-0.625	-0.557	-0.510	-0.629	-0.555	-0.554	-0.599	-0.632	-0.568	-0.560	-0.535	-0.561	-0.551	-0.555	-0.555	-0.560	-0.560	-0.560	-0.560	-0.625	-0.560	-0.559	-0.619	-0.595	-0.550	-0.534	-0.616	-0.429	-0.611	-0.562	-0.654	-0.593	-0.587	-0.582	-0.583	-0.592	-0.677	-0.590	-0.553	-0.630	-0.591	-0.591	-0.591	-0.585	-0.516	-0.591	-0.587	-0.649	-0.705	-0.585	-0.583	-0.583	-0.583	-0.582	-0.583	-0.577	-0.583	
rs237856       -0.758	+0.062	-0.579	-0.534	-0.683	-0.685	-0.410	-0.113	-0.184	-0.361	-0.354	-0.394	-0.408	-0.637	-0.763	-0.403	-0.414	-0.341	-0.377	-0.386	-0.703	-0.446	-0.654	-0.447	-0.634	-0.637	-0.565	-0.651	-0.650	-0.662	-0.673	-0.586	-0.400	-0.285	-0.383	-0.642	-0.387	-0.353	-0.670	-0.504	-0.671	-0.639	-0.533	-0.489	-0.668	-0.532	-0.668	-0.668	-0.544	-0.623	-0.475	-0.595	-0.561	-0.563	-0.631	-0.563	-0.560	-0.626	-0.594	-0.559	-0.534	-0.533	-0.498	-0.558	-0.533	-0.561	-0.626	-0.558	-0.630	-0.558	-0.630	-0.625	-0.557	-0.510	-0.629	-0.555	-0.554	-0.599	-0.632	-0.568	-0.560	-0.535	-0.561	-0.551	-0.555	-0.555	-0.560	-0.560	-0.560	-0.560	-0.625	-0.560	-0.559	-0.619	-0.595	-0.550	-0.534	-0.616	-0.429	-0.611	-0.562	-0.654	-0.593	-0.587	-0.582	-0.583	-0.592	-0.677	-0.590	-0.553	-0.630	-0.591	-0.591	-0.591	-0.585	-0.516	-0.591	-0.587	-0.649	-0.705	-0.585	-0.583	-0.583	-0.583	-0.582	-0.583	-0.577	-0.583	
rs237855       -0.730	+0.091	-0.551	-0.507	-0.655	-0.657	-0.382	-0.084	-0.156	-0.333	-0.326	-0.366	-0.381	-0.609	-0.735	-0.375	-0.386	-0.313	-0.349	-0.358	-0.676	-0.418	-0.626	-0.419	-0.605	-0.608	-0.536	-0.626	-0.625	-0.637	-0.644	-0.565	-0.383	-0.383	-0.257	-0.618	-0.372	-0.354	-0.643	-0.468	-0.643	-0.605	-0.504	-0.478	-0.644	-0.503	-0.644	-0.644	-0.516	-0.603	-0.458	-0.574	-0.541	-0.544	-0.609	-0.543	-0.540	-0.606	-0.573	-0.539	-0.505	-0.504	-0.483	-0.543	-0.504	-0.541	-0.603	-0.538	-0.610	-0.538	-0.610	-0.602	-0.537	-0.492	-0.609	-0.535	-0.534	-0.578	-0.611	-0.548	-0.544	-0.507	-0.541	-0.532	-0.535	-0.535	-0.540	-0.540	-0.540	-0.540	-0.602	-0.540	-0.539	-0.596	-0.574	-0.530	-0.515	-0.589	-0.398	-0.592	-0.548	-0.632	-0.564	-0.559	-0.555	-0.555	-0.564	-0.655	-0.561	-0.524	-0.609	-0.563	-0.563	-0.562	-0.558	-0.498	-0.562	-0.559	-0.628	-0.682	-0.559	-0.554	-0.554	-0.554	-0.554	-0.555	-0.548	-0.554	
rs237854       -0.871	-0.073	-0.699	-0.641	-0.799	-0.799	-0.520	-0.224	-0.296	-0.470	-0.461	-0.501	-0.515	-0.761	-0.877	-0.510	-0.521	-0.441	-0.477	-0.487	-0.822	-0.547	-0.761	-0.548	-0.611	-0.620	-0.705	-0.521	-0.523	-0.623	-0.677	-0.678	-0.642	-0.642	-0.618	-0.401	-0.619	-0.586	-0.698	-0.728	-0.697	-0.789	-0.676	-0.530	-0.692	-0.676	-0.693	-0.693	-0.677	-0.630	-0.348	-0.548	-0.510	-0.481	-0.569	-0.481	-0.476	-0.635	-0.537	-0.474	-0.678	-0.678	-0.624	-0.605	-0.678	-0.509	-0.590	-0.505	-0.650	-0.504	-0.650	-0.589	-0.503	-0.425	-0.649	-0.500	-0.498	-0.572	-0.652	-0.522	-0.605	-0.678	-0.511	-0.494	-0.500	-0.500	-0.508	-0.509	-0.509	-0.509	-0.590	-0.509	-0.507	-0.582	-0.508	-0.494	-0.469	-0.757	-0.641	-0.669	-0.608	-0.688	-0.718	-0.721	-0.689	-0.691	-0.719	-0.726	-0.720	-0.713	-0.666	-0.720	-0.720	-0.720	-0.649	-0.524	-0.720	-0.721	-0.691	-0.777	-0.648	-0.718	-0.718	-0.718	-0.718	-0.718	-0.718	-0.718	
rs237853       -0.732	+0.090	-0.553	-0.508	-0.657	-0.659	-0.383	-0.085	-0.157	-0.334	-0.327	-0.368	-0.382	-0.610	-0.736	-0.376	-0.387	-0.315	-0.350	-0.360	-0.677	-0.419	-0.627	-0.420	-0.606	-0.609	-0.538	-0.627	-0.626	-0.638	-0.646	-0.566	-0.387	-0.387	-0.372	-0.619	-0.258	-0.351	-0.644	-0.468	-0.644	-0.606	-0.505	-0.479	-0.645	-0.504	-0.645	-0.645	-0.517	-0.604	-0.459	-0.575	-0.542	-0.545	-0.610	-0.544	-0.542	-0.607	-0.574	-0.540	-0.506	-0.506	-0.483	-0.544	-0.505	-0.542	-0.604	-0.539	-0.611	-0.539	-0.611	-0.603	-0.538	-0.493	-0.610	-0.536	-0.535	-0.579	-0.612	-0.549	-0.545	-0.508	-0.542	-0.533	-0.536	-0.536	-0.541	-0.541	-0.541	-0.541	-0.603	-0.541	-0.540	-0.597	-0.575	-0.531	-0.516	-0.590	-0.399	-0.593	-0.549	-0.633	-0.565	-0.560	-0.556	-0.556	-0.565	-0.656	-0.562	-0.525	-0.611	-0.564	-0.564	-0.564	-0.559	-0.499	-0.563	-0.560	-0.629	-0.683	-0.560	-0.555	-0.555	-0.555	-0.555	-0.556	-0.549	-0.555	
rs237852       -0.695	+0.128	-0.516	-0.472	-0.620	-0.622	-0.345	-0.047	-0.119	-0.296	-0.290	-0.330	-0.344	-0.574	-0.700	-0.339	-0.350	-0.277	-0.313	-0.322	-0.640	-0.382	-0.591	-0.383	-0.567	-0.570	-0.500	-0.593	-0.592	-0.605	-0.608	-0.537	-0.353	-0.353	-0.354	-0.586	-0.351	-0.220	-0.607	-0.418	-0.607	-0.560	-0.467	-0.463	-0.613	-0.465	-0.613	-0.613	-0.479	-0.576	-0.434	-0.545	-0.515	-0.517	-0.578	-0.517	-0.514	-0.579	-0.545	-0.513	-0.467	-0.467	-0.460	-0.522	-0.467	-0.514	-0.573	-0.512	-0.582	-0.511	-0.582	-0.572	-0.511	-0.467	-0.581	-0.509	-0.508	-0.550	-0.583	-0.521	-0.523	-0.469	-0.514	-0.505	-0.508	-0.508	-0.513	-0.513	-0.513	-0.513	-0.572	-0.513	-0.512	-0.566	-0.546	-0.503	-0.489	-0.552	-0.358	-0.566	-0.528	-0.605	-0.528	-0.522	-0.519	-0.519	-0.527	-0.626	-0.525	-0.486	-0.582	-0.526	-0.526	-0.526	-0.524	-0.474	-0.525	-0.522	-0.600	-0.651	-0.524	-0.517	-0.517	-0.517	-0.517	-0.518	-0.511	-0.517	
rs9844525      -0.958	-0.170	-0.778	-0.725	-0.886	-0.886	-0.637	-0.351	-0.420	-0.585	-0.578	-0.617	-0.630	-0.861	-0.965	-0.626	-0.637	-0.568	-0.603	-0.612	-0.920	-0.670	-0.871	-0.671	-0.860	-0.856	-0.794	-0.728	-0.724	-0.653	-0.804	-0.733	-0.670	-0.670	-0.643	-0.698	-0.644	-0.607	-0.495	-0.766	-0.633	-0.799	-0.765	-0.561	-0.686	-0.765	-0.686	-0.686	-0.767	-0.611	-0.437	-0.591	-0.561	-0.556	-0.653	-0.555	-0.551	-0.616	-0.603	-0.549	-0.766	-0.767	-0.651	-0.643	-0.767	-0.559	-0.649	-0.555	-0.627	-0.554	-0.627	-0.647	-0.553	-0.486	-0.625	-0.550	-0.548	-0.620	-0.629	-0.569	-0.643	-0.767	-0.559	-0.544	-0.549	-0.550	-0.557	-0.558	-0.558	-0.558	-0.648	-0.558	-0.556	-0.636	-0.586	-0.543	-0.521	-0.810	-0.725	-0.711	-0.649	-0.736	-0.809	-0.812	-0.781	-0.783	-0.810	-0.778	-0.810	-0.802	-0.705	-0.810	-0.810	-0.810	-0.749	-0.555	-0.810	-0.811	-0.733	-0.810	-0.749	-0.807	-0.807	-0.807	-0.807	-0.807	-0.807	-0.807	
rs237851       -0.859	-0.045	-0.680	-0.633	-0.784	-0.786	-0.515	-0.221	-0.292	-0.466	-0.459	-0.499	-0.513	-0.740	-0.863	-0.508	-0.519	-0.446	-0.482	-0.491	-0.806	-0.550	-0.755	-0.551	-0.741	-0.743	-0.675	-0.740	-0.738	-0.756	-0.786	-0.632	-0.504	-0.504	-0.468	-0.728	-0.468	-0.418	-0.766	-0.391	-0.766	-0.751	-0.640	-0.522	-0.749	-0.638	-0.749	-0.749	-0.649	-0.691	-0.536	-0.673	-0.632	-0.633	-0.713	-0.633	-0.630	-0.694	-0.667	-0.628	-0.640	-0.640	-0.550	-0.608	-0.640	-0.632	-0.708	-0.629	-0.700	-0.628	-0.700	-0.707	-0.628	-0.576	-0.699	-0.626	-0.624	-0.675	-0.702	-0.640	-0.610	-0.642	-0.632	-0.621	-0.625	-0.625	-0.631	-0.631	-0.631	-0.631	-0.707	-0.631	-0.630	-0.700	-0.672	-0.620	-0.603	-0.684	-0.542	-0.658	-0.610	-0.728	-0.708	-0.706	-0.690	-0.691	-0.708	-0.756	-0.707	-0.683	-0.703	-0.708	-0.708	-0.708	-0.682	-0.578	-0.708	-0.706	-0.725	-0.789	-0.683	-0.702	-0.702	-0.702	-0.702	-0.702	-0.698	-0.702	
rs3864085      -0.957	-0.170	-0.778	-0.724	-0.886	-0.886	-0.637	-0.351	-0.420	-0.584	-0.578	-0.616	-0.630	-0.861	-0.964	-0.626	-0.636	-0.568	-0.602	-0.612	-0.920	-0.670	-0.870	-0.670	-0.859	-0.856	-0.793	-0.727	-0.723	-0.652	-0.804	-0.733	-0.671	-0.671	-0.643	-0.697	-0.644	-0.607	-0.633	-0.766	-0.494	-0.798	-0.764	-0.561	-0.685	-0.764	-0.685	-0.685	-0.766	-0.610	-0.437	-0.590	-0.561	-0.556	-0.653	-0.555	-0.551	-0.615	-0.603	-0.549	-0.766	-0.766	-0.651	-0.643	-0.766	-0.559	-0.649	-0.555	-0.627	-0.554	-0.627	-0.647	-0.553	-0.486	-0.625	-0.550	-0.548	-0.620	-0.629	-0.569	-0.643	-0.767	-0.559	-0.544	-0.549	-0.549	-0.557	-0.558	-0.557	-0.558	-0.647	-0.558	-0.556	-0.636	-0.586	-0.543	-0.520	-0.810	-0.724	-0.712	-0.649	-0.736	-0.809	-0.811	-0.781	-0.782	-0.810	-0.778	-0.810	-0.801	-0.705	-0.810	-0.810	-0.810	-0.749	-0.555	-0.810	-0.811	-0.733	-0.810	-0.749	-0.807	-0.807	-0.807	-0.807	-0.807	-0.807	-0.807	
rs3901927      -1.037	-0.260	-0.860	-0.807	-0.966	-0.965	-0.720	-0.440	-0.507	-0.670	-0.662	-0.700	-0.713	-0.932	-1.044	-0.709	-0.720	-0.650	-0.685	-0.694	-0.994	-0.751	-0.943	-0.751	-0.940	-0.937	-0.873	-0.818	-0.813	-0.756	-0.698	-0.756	-0.639	-0.639	-0.605	-0.789	-0.606	-0.560	-0.799	-0.751	-0.798	-0.579	-0.826	-0.548	-0.847	-0.826	-0.847	-0.847	-0.832	-0.761	-0.516	-0.684	-0.641	-0.640	-0.746	-0.640	-0.635	-0.766	-0.690	-0.633	-0.827	-0.827	-0.619	-0.638	-0.827	-0.643	-0.742	-0.639	-0.774	-0.638	-0.774	-0.740	-0.637	-0.569	-0.772	-0.634	-0.632	-0.703	-0.776	-0.653	-0.639	-0.828	-0.643	-0.628	-0.633	-0.633	-0.641	-0.641	-0.641	-0.642	-0.740	-0.642	-0.640	-0.729	-0.680	-0.627	-0.604	-0.823	-0.753	-0.744	-0.662	-0.798	-0.885	-0.884	-0.865	-0.866	-0.885	-0.841	-0.885	-0.866	-0.766	-0.885	-0.885	-0.885	-0.823	-0.612	-0.885	-0.884	-0.795	-0.895	-0.823	-0.881	-0.881	-0.881	-0.881	-0.881	-0.878	-0.881	
rs2241326      -0.878	-0.098	-0.702	-0.644	-0.807	-0.806	-0.555	-0.269	-0.338	-0.503	-0.494	-0.533	-0.547	-0.773	-0.884	-0.543	-0.553	-0.481	-0.516	-0.525	-0.834	-0.584	-0.782	-0.584	-0.792	-0.790	-0.716	-0.701	-0.697	-0.713	-0.745	-0.581	-0.533	-0.533	-0.504	-0.676	-0.505	-0.467	-0.765	-0.640	-0.764	-0.826	-0.404	-0.411	-0.647	-0.514	-0.647	-0.647	-0.531	-0.545	-0.398	-0.581	-0.519	-0.522	-0.641	-0.521	-0.517	-0.550	-0.568	-0.515	-0.522	-0.523	-0.511	-0.499	-0.523	-0.522	-0.635	-0.518	-0.556	-0.517	-0.556	-0.633	-0.516	-0.449	-0.554	-0.513	-0.511	-0.579	-0.559	-0.532	-0.499	-0.526	-0.522	-0.508	-0.513	-0.513	-0.520	-0.520	-0.520	-0.521	-0.633	-0.521	-0.519	-0.623	-0.581	-0.506	-0.484	-0.675	-0.313	-0.593	-0.496	-0.632	-0.651	-0.655	-0.634	-0.636	-0.653	-0.675	-0.653	-0.641	-0.599	-0.653	-0.653	-0.653	-0.677	-0.439	-0.654	-0.654	-0.629	-0.701	-0.676	-0.648	-0.648	-0.648	-0.648	-0.648	-0.648	-0.649	
