## Summary of overall evidence for association with region:
## log10(BF for region) = -0.661969
## p-value for region = NA

## BFs for choosing among multi-SNP models:
## log10(average 1-SNP BF) = -0.585269
## log10(average 2-SNP BF) = -0.874034

## Example posterior probabilities for multi-SNP models, based on default prior: [p(l) propto 0.5^l for l=1,2,...,L]
## posterior probability of 1-SNP = 0.795443
## posterior probability of 2-SNP = 0.204557

## log10(BF) for single SNP and pair of SNPs:
rs2371669      -0.569	-0.703	-0.713	-0.827	-0.900	-0.939	-0.909	-1.038	-0.999	-0.995	-1.038	-1.037	-1.038	-1.039	-1.038	-1.039	-1.040	-1.038	-1.038	-1.038	-1.027	-1.017	-1.039	-0.999	-1.038	-1.038	-1.041	-0.999	-1.038	-1.039	-1.038	-0.999	-1.038	-0.999	-1.038	-1.038	-1.039	-1.039	-1.039	-1.039	-1.039	-1.040	-1.039	-1.039	-1.038	-1.000	-1.039	-1.039	-1.039	-1.040	-1.040	-1.041	-1.041	-1.041	-1.041	-1.041	-1.041	-1.041	-1.041	-1.041	-1.041	-1.042	-1.003	-1.042	-1.047	-1.010	-1.042	-0.996	-1.048	-0.929	-0.997	-1.048	-0.943	-1.048	-0.994	-0.993	-0.992	-1.048	-0.991	-0.990	-0.990	-0.990	-0.988	-0.990	-0.990	-0.990	-1.047	-0.984	-0.927	-0.922	-0.983	-0.983	-0.983	-0.983	-0.983	-0.925	-1.047	-0.983	-0.983	-0.921	-1.047	-0.924	-1.025	-0.987	-0.986	-0.963	-1.046	-0.920	-1.046	-0.914	-0.922	-0.922	-0.925	-0.984	-0.922	-0.922	-0.985	-0.834	-0.932	-0.936	-1.043	-0.933	-0.984	-1.045	-1.045	-1.043	-1.042	-1.043	-1.037	-1.042	-1.033	-1.012	-1.037	-1.037	-1.034	-1.034	-1.033	-1.039	-1.033	-1.033	-1.033	-1.033	-1.033	-1.033	-1.033	-1.033	-1.034	-1.033	-1.034	-1.036	-1.036	-0.605	-0.689	-0.765	-0.802	-0.917	-0.921	-0.918	-0.671	-0.918	-0.526	-0.915	-0.933	-0.928	-0.895	-0.617	-0.888	-0.893	-0.652	-0.943	-1.032	-0.650	-0.803	-0.857	-0.623	-0.622	-0.622	-0.622	-0.805	-0.745	-0.869	-0.628	-0.834	-0.809	-0.710	-0.829	
rs13309288     -0.703	-0.573	-0.714	-0.833	-0.904	-0.941	-0.914	-1.041	-1.002	-0.998	-1.041	-1.040	-1.041	-1.042	-1.041	-1.042	-1.042	-1.041	-1.041	-1.041	-1.030	-1.019	-1.042	-1.002	-1.041	-1.041	-1.044	-1.002	-1.041	-1.042	-1.041	-1.002	-1.041	-1.002	-1.041	-1.041	-1.042	-1.042	-1.042	-1.042	-1.042	-1.043	-1.042	-1.042	-1.041	-1.003	-1.042	-1.042	-1.042	-1.043	-1.043	-1.044	-1.044	-1.044	-1.044	-1.044	-1.044	-1.044	-1.044	-1.044	-1.044	-1.045	-1.006	-1.045	-1.050	-1.013	-1.045	-1.000	-1.051	-0.934	-1.000	-1.051	-0.948	-1.051	-0.997	-0.996	-0.995	-1.051	-0.995	-0.994	-0.994	-0.994	-0.992	-0.993	-0.993	-0.993	-1.050	-0.987	-0.931	-0.927	-0.987	-0.987	-0.987	-0.987	-0.987	-0.930	-1.050	-0.987	-0.987	-0.925	-1.050	-0.929	-1.027	-0.990	-0.990	-0.967	-1.049	-0.925	-1.049	-0.919	-0.926	-0.926	-0.929	-0.987	-0.926	-0.926	-0.988	-0.839	-0.936	-0.940	-1.046	-0.937	-0.987	-1.048	-1.048	-1.046	-1.046	-1.046	-1.041	-1.045	-1.037	-1.016	-1.040	-1.040	-1.038	-1.038	-1.037	-1.043	-1.037	-1.037	-1.037	-1.037	-1.037	-1.037	-1.037	-1.037	-1.038	-1.037	-1.037	-1.039	-1.040	-0.610	-0.694	-0.771	-0.807	-0.922	-0.926	-0.923	-0.676	-0.923	-0.533	-0.920	-0.938	-0.933	-0.900	-0.622	-0.893	-0.898	-0.656	-0.948	-1.036	-0.654	-0.809	-0.862	-0.627	-0.627	-0.626	-0.626	-0.810	-0.750	-0.874	-0.632	-0.839	-0.814	-0.714	-0.834	
rs4416776      -0.713	-0.714	-0.576	-0.842	-0.910	-0.944	-0.920	-1.044	-1.006	-1.001	-1.045	-1.043	-1.045	-1.045	-1.045	-1.045	-1.046	-1.045	-1.045	-1.045	-1.033	-1.022	-1.045	-1.005	-1.045	-1.045	-1.047	-1.005	-1.044	-1.045	-1.045	-1.005	-1.045	-1.005	-1.045	-1.044	-1.045	-1.045	-1.045	-1.045	-1.045	-1.046	-1.045	-1.045	-1.044	-1.006	-1.045	-1.045	-1.045	-1.046	-1.046	-1.047	-1.047	-1.047	-1.047	-1.047	-1.047	-1.048	-1.048	-1.048	-1.048	-1.048	-1.010	-1.048	-1.053	-1.016	-1.048	-1.004	-1.054	-0.939	-1.004	-1.055	-0.953	-1.055	-1.002	-1.000	-0.999	-1.055	-0.999	-0.998	-0.998	-0.998	-0.996	-0.998	-0.998	-0.997	-1.054	-0.991	-0.937	-0.933	-0.991	-0.991	-0.991	-0.991	-0.991	-0.936	-1.054	-0.991	-0.991	-0.931	-1.054	-0.934	-1.030	-0.994	-0.993	-0.973	-1.053	-0.931	-1.053	-0.924	-0.932	-0.932	-0.935	-0.991	-0.932	-0.932	-0.992	-0.846	-0.942	-0.946	-1.050	-0.943	-0.991	-1.052	-1.052	-1.050	-1.050	-1.050	-1.045	-1.048	-1.041	-1.020	-1.045	-1.045	-1.043	-1.042	-1.041	-1.047	-1.041	-1.041	-1.041	-1.041	-1.041	-1.041	-1.041	-1.041	-1.042	-1.041	-1.042	-1.044	-1.044	-0.615	-0.698	-0.777	-0.814	-0.928	-0.932	-0.928	-0.680	-0.929	-0.542	-0.926	-0.944	-0.939	-0.906	-0.627	-0.899	-0.904	-0.661	-0.954	-1.040	-0.659	-0.816	-0.868	-0.632	-0.632	-0.631	-0.631	-0.817	-0.757	-0.879	-0.637	-0.846	-0.821	-0.719	-0.841	
rs3109167      -0.827	-0.833	-0.842	-0.643	-0.769	-0.940	-0.984	-1.015	-1.050	-1.039	-1.015	-1.013	-1.015	-1.017	-1.015	-1.017	-1.020	-1.015	-1.015	-1.015	-0.995	-0.973	-1.016	-1.049	-1.015	-1.015	-1.023	-1.049	-1.015	-1.017	-1.015	-1.049	-1.015	-1.048	-1.015	-1.015	-1.018	-1.018	-1.018	-1.018	-1.018	-1.020	-1.018	-1.018	-1.014	-1.050	-1.018	-1.018	-1.018	-1.020	-1.021	-1.023	-1.023	-1.024	-1.024	-1.024	-1.024	-1.024	-1.025	-1.025	-1.025	-1.026	-1.066	-1.026	-1.048	-0.973	-1.035	-1.071	-1.051	-1.050	-1.071	-1.056	-1.058	-1.054	-1.072	-1.072	-1.072	-1.058	-1.072	-1.071	-1.071	-1.071	-1.071	-1.071	-1.071	-1.071	-1.062	-1.054	-1.045	-1.043	-1.054	-1.054	-1.054	-1.054	-1.054	-1.044	-1.062	-1.054	-1.054	-1.042	-1.063	-1.044	-1.001	-1.051	-1.051	-1.062	-1.065	-1.042	-1.065	-1.038	-1.042	-1.042	-1.044	-1.053	-1.042	-1.042	-1.051	-0.951	-1.047	-1.049	-1.056	-1.048	-1.046	-1.066	-1.066	-1.067	-1.068	-1.067	-1.072	-1.032	-1.080	-1.092	-1.080	-1.081	-1.080	-1.081	-1.081	-1.080	-1.081	-1.081	-1.081	-1.081	-1.081	-1.081	-1.081	-1.081	-1.081	-1.081	-1.080	-1.080	-1.080	-0.758	-0.828	-0.899	-0.931	-1.003	-1.005	-1.003	-0.814	-1.004	-0.693	-1.002	-1.011	-1.009	-0.993	-0.769	-0.988	-0.992	-0.800	-1.015	-1.089	-0.799	-0.932	-0.962	-0.774	-0.773	-0.773	-0.773	-0.933	-0.882	-0.972	-0.781	-0.955	-0.935	-0.855	-0.951	
rs2722998      -0.900	-0.904	-0.910	-0.769	-0.633	-0.993	-0.938	-1.050	-1.055	-1.047	-1.050	-1.049	-1.050	-1.051	-1.050	-1.051	-1.054	-1.050	-1.050	-1.050	-1.038	-1.023	-1.051	-1.054	-1.050	-1.050	-1.054	-1.054	-1.050	-1.051	-1.050	-1.054	-1.050	-1.054	-1.050	-1.050	-1.052	-1.052	-1.052	-1.052	-1.052	-1.053	-1.052	-1.052	-1.050	-1.055	-1.052	-1.052	-1.052	-1.053	-1.053	-1.054	-1.054	-1.055	-1.055	-1.055	-1.055	-1.055	-1.055	-1.056	-1.056	-1.056	-1.063	-1.056	-1.067	-1.020	-1.062	-1.061	-1.068	-1.018	-1.062	-1.069	-1.029	-1.069	-1.060	-1.060	-1.059	-1.070	-1.059	-1.058	-1.058	-1.058	-1.057	-1.058	-1.058	-1.058	-1.070	-1.047	-1.014	-1.010	-1.046	-1.046	-1.046	-1.046	-1.046	-1.013	-1.070	-1.046	-1.046	-1.009	-1.070	-1.012	-1.039	-1.047	-1.047	-1.041	-1.070	-1.009	-1.070	-1.004	-1.010	-1.010	-1.012	-1.046	-1.010	-1.010	-1.046	-0.876	-1.018	-1.020	-1.066	-1.018	-1.043	-1.070	-1.070	-1.068	-1.068	-1.069	-1.067	-1.058	-1.070	-1.083	-1.073	-1.073	-1.071	-1.071	-1.070	-1.075	-1.070	-1.070	-1.070	-1.070	-1.070	-1.070	-1.070	-1.070	-1.071	-1.070	-1.071	-1.072	-1.073	-0.720	-0.795	-0.801	-0.842	-0.951	-0.956	-0.952	-0.780	-0.953	-0.576	-0.950	-0.968	-0.963	-0.929	-0.731	-0.922	-0.927	-0.764	-0.977	-1.072	-0.762	-0.852	-0.884	-0.736	-0.736	-0.735	-0.735	-0.853	-0.788	-0.898	-0.743	-0.881	-0.855	-0.826	-0.876	
rs3109168      -0.939	-0.941	-0.944	-0.940	-0.993	-0.555	-0.894	-0.979	-0.946	-0.946	-0.979	-0.979	-0.979	-0.979	-0.979	-0.979	-0.982	-0.979	-0.979	-0.979	-0.973	-0.966	-0.979	-0.946	-0.979	-0.979	-0.980	-0.946	-0.979	-0.979	-0.979	-0.946	-0.979	-0.946	-0.979	-0.979	-0.980	-0.980	-0.980	-0.980	-0.980	-0.980	-0.980	-0.980	-0.979	-0.946	-0.980	-0.980	-0.980	-0.980	-0.980	-0.980	-0.980	-0.980	-0.980	-0.980	-0.980	-0.980	-0.980	-0.980	-0.980	-0.980	-0.941	-0.981	-0.980	-0.972	-0.985	-0.928	-0.979	-0.798	-0.928	-0.977	-0.819	-0.978	-0.921	-0.919	-0.918	-0.976	-0.917	-0.915	-0.915	-0.915	-0.912	-0.915	-0.915	-0.916	-0.972	-0.940	-0.848	-0.842	-0.939	-0.939	-0.939	-0.939	-0.939	-0.846	-0.972	-0.939	-0.939	-0.841	-0.972	-0.845	-0.984	-0.946	-0.945	-0.897	-0.969	-0.840	-0.969	-0.833	-0.842	-0.842	-0.846	-0.940	-0.842	-0.842	-0.943	-0.824	-0.857	-0.862	-0.976	-0.858	-0.946	-0.968	-0.968	-0.964	-0.962	-0.964	-0.946	-0.989	-0.958	-0.985	-0.964	-0.964	-0.960	-0.959	-0.958	-0.968	-0.957	-0.957	-0.958	-0.957	-0.958	-0.958	-0.958	-0.958	-0.960	-0.959	-0.960	-0.964	-0.965	-0.690	-0.757	-0.774	-0.796	-0.919	-0.924	-0.920	-0.743	-0.921	-0.557	-0.917	-0.934	-0.930	-0.908	-0.700	-0.902	-0.906	-0.732	-0.944	-0.970	-0.730	-0.796	-0.877	-0.704	-0.704	-0.703	-0.703	-0.797	-0.753	-0.889	-0.713	-0.837	-0.813	-0.765	-0.833	
rs2722974      -0.909	-0.914	-0.920	-0.984	-0.938	-0.894	-0.637	-0.909	-1.010	-0.995	-0.909	-0.907	-0.909	-0.913	-0.909	-0.914	-0.920	-0.909	-0.909	-0.909	-0.882	-0.850	-0.911	-1.007	-0.909	-0.909	-0.922	-1.007	-0.909	-0.912	-0.909	-1.007	-0.909	-1.006	-0.909	-0.909	-0.913	-0.913	-0.913	-0.913	-0.913	-0.917	-0.913	-0.913	-0.908	-1.009	-0.913	-0.913	-0.913	-0.917	-0.919	-0.921	-0.922	-0.923	-0.924	-0.924	-0.924	-0.924	-0.925	-0.925	-0.925	-0.927	-1.031	-0.927	-0.965	-0.865	-0.949	-1.041	-0.968	-1.027	-1.041	-0.976	-1.034	-0.974	-1.043	-1.043	-1.044	-0.980	-1.044	-1.044	-1.044	-1.044	-1.044	-1.044	-1.044	-1.043	-0.989	-1.036	-1.034	-1.033	-1.036	-1.036	-1.036	-1.036	-1.036	-1.034	-0.990	-1.036	-1.036	-1.032	-0.991	-1.033	-0.905	-1.032	-1.033	-1.046	-0.996	-1.032	-0.996	-1.029	-1.032	-1.032	-1.034	-1.036	-1.032	-1.032	-1.033	-0.849	-1.036	-1.038	-0.987	-1.036	-1.027	-0.998	-0.997	-1.002	-1.004	-1.002	-1.008	-0.928	-1.013	-1.071	-1.012	-1.012	-1.013	-1.014	-1.015	-1.010	-1.015	-1.015	-1.015	-1.015	-1.015	-1.015	-1.015	-1.015	-1.014	-1.015	-1.014	-1.013	-1.012	-0.762	-0.831	-0.853	-0.873	-0.927	-0.929	-0.927	-0.817	-0.928	-0.657	-0.928	-0.934	-0.933	-0.937	-0.773	-0.933	-0.936	-0.804	-0.937	-1.045	-0.802	-0.846	-0.919	-0.777	-0.777	-0.776	-0.776	-0.847	-0.807	-0.931	-0.785	-0.893	-0.870	-0.857	-0.889	
rs2709931      -1.038	-1.041	-1.044	-1.015	-1.050	-0.979	-0.909	-0.625	-0.982	-0.980	-0.760	-0.775	-0.760	-0.765	-0.760	-0.767	-0.802	-0.760	-0.760	-0.760	-0.818	-0.800	-0.760	-0.982	-0.760	-0.760	-0.771	-0.982	-0.760	-0.761	-0.760	-0.982	-0.760	-0.982	-0.760	-0.763	-0.763	-0.763	-0.763	-0.763	-0.763	-0.764	-0.763	-0.763	-0.763	-0.982	-0.763	-0.763	-0.763	-0.764	-0.765	-0.767	-0.767	-0.768	-0.769	-0.769	-0.769	-0.770	-0.770	-0.771	-0.771	-0.773	-0.975	-0.773	-0.776	-0.847	-0.844	-0.963	-0.758	-0.820	-0.964	-0.737	-0.843	-0.744	-0.957	-0.955	-0.953	-0.726	-0.952	-0.951	-0.951	-0.950	-0.947	-0.950	-0.950	-0.952	-0.698	-0.976	-0.875	-0.869	-0.975	-0.975	-0.975	-0.975	-0.975	-0.874	-0.713	-0.975	-0.975	-0.869	-0.712	-0.872	-0.874	-0.982	-0.981	-0.932	-0.699	-0.868	-0.698	-0.860	-0.869	-0.869	-0.874	-0.976	-0.870	-0.870	-0.980	-0.847	-0.888	-0.893	-0.807	-0.888	-0.982	-0.710	-0.712	-0.702	-0.683	-0.708	-0.770	-0.908	-0.929	-1.061	-0.939	-0.939	-0.936	-0.934	-0.933	-0.948	-0.932	-0.932	-0.933	-0.933	-0.934	-0.934	-0.935	-0.935	-0.937	-0.935	-0.937	-0.943	-0.945	-0.757	-0.824	-0.724	-0.777	-0.907	-0.914	-0.908	-0.811	-0.909	-0.597	-0.905	-0.927	-0.921	-0.876	-0.768	-0.867	-0.873	-0.798	-0.941	-0.965	-0.797	-0.826	-0.845	-0.772	-0.772	-0.771	-0.771	-0.827	-0.753	-0.861	-0.780	-0.851	-0.822	-0.851	-0.845	
rs17285647     -0.999	-1.002	-1.006	-1.050	-1.055	-0.946	-1.010	-0.982	-0.595	-0.749	-0.983	-0.980	-0.983	-0.984	-0.983	-0.985	-0.985	-0.983	-0.983	-0.983	-0.972	-0.956	-0.983	-0.730	-0.983	-0.983	-0.987	-0.730	-0.982	-0.984	-0.983	-0.730	-0.983	-0.731	-0.983	-0.982	-0.984	-0.984	-0.984	-0.984	-0.984	-0.985	-0.984	-0.984	-0.982	-0.734	-0.984	-0.984	-0.984	-0.985	-0.986	-0.987	-0.987	-0.987	-0.987	-0.987	-0.988	-0.988	-0.988	-0.988	-0.988	-0.989	-0.760	-0.989	-0.999	-0.921	-0.993	-0.722	-1.000	-0.676	-0.726	-1.002	-0.712	-1.002	-0.714	-0.707	-0.701	-1.002	-0.697	-0.694	-0.693	-0.692	-0.681	-0.691	-0.692	-0.690	-1.003	-0.828	-0.796	-0.788	-0.828	-0.828	-0.828	-0.828	-0.828	-0.794	-1.003	-0.828	-0.828	-0.786	-1.003	-0.792	-0.947	-0.835	-0.834	-0.865	-1.003	-0.786	-1.003	-0.775	-0.788	-0.788	-0.794	-0.829	-0.788	-0.788	-0.833	-0.956	-0.809	-0.817	-1.004	-0.811	-0.844	-1.003	-1.003	-1.001	-1.000	-1.001	-1.002	-1.016	-1.031	-0.969	-1.034	-1.034	-1.033	-1.033	-1.032	-1.037	-1.032	-1.032	-1.032	-1.032	-1.032	-1.033	-1.033	-1.033	-1.034	-1.033	-1.033	-1.035	-1.035	-0.720	-0.789	-0.861	-0.915	-1.007	-1.010	-1.007	-0.775	-1.008	-0.736	-1.006	-1.017	-1.014	-0.976	-0.731	-0.970	-0.974	-0.762	-1.024	-1.040	-0.760	-0.932	-0.944	-0.735	-0.735	-0.734	-0.734	-0.932	-0.864	-0.954	-0.743	-0.935	-0.914	-0.814	-0.930	
rs17213384     -0.995	-0.998	-1.001	-1.039	-1.047	-0.946	-0.995	-0.980	-0.749	-0.584	-0.980	-0.978	-0.980	-0.981	-0.980	-0.982	-0.983	-0.980	-0.980	-0.980	-0.971	-0.957	-0.981	-0.748	-0.980	-0.980	-0.984	-0.748	-0.980	-0.981	-0.980	-0.748	-0.980	-0.750	-0.980	-0.980	-0.981	-0.981	-0.981	-0.981	-0.981	-0.982	-0.981	-0.981	-0.980	-0.749	-0.981	-0.981	-0.981	-0.982	-0.983	-0.984	-0.984	-0.984	-0.984	-0.984	-0.984	-0.984	-0.985	-0.985	-0.985	-0.985	-0.749	-0.985	-0.993	-0.925	-0.989	-0.702	-0.994	-0.646	-0.706	-0.995	-0.685	-0.995	-0.693	-0.686	-0.679	-0.995	-0.676	-0.671	-0.671	-0.670	-0.658	-0.668	-0.669	-0.667	-0.994	-0.810	-0.769	-0.761	-0.810	-0.810	-0.810	-0.810	-0.810	-0.766	-0.995	-0.810	-0.810	-0.758	-0.995	-0.764	-0.948	-0.820	-0.818	-0.844	-0.994	-0.758	-0.994	-0.746	-0.760	-0.760	-0.767	-0.811	-0.761	-0.761	-0.816	-0.938	-0.783	-0.792	-0.996	-0.786	-0.818	-0.994	-0.994	-0.991	-0.990	-0.991	-0.991	-1.009	-1.019	-0.955	-1.022	-1.022	-1.021	-1.020	-1.020	-1.025	-1.020	-1.020	-1.020	-1.020	-1.020	-1.020	-1.020	-1.020	-1.021	-1.020	-1.021	-1.023	-1.023	-0.713	-0.781	-0.839	-0.896	-0.991	-0.994	-0.992	-0.767	-0.992	-0.714	-0.990	-1.003	-0.999	-0.959	-0.724	-0.953	-0.957	-0.755	-1.010	-1.027	-0.753	-0.913	-0.926	-0.728	-0.728	-0.727	-0.727	-0.914	-0.843	-0.936	-0.736	-0.916	-0.895	-0.806	-0.912	
rs2709932      -1.038	-1.041	-1.045	-1.015	-1.050	-0.979	-0.909	-0.760	-0.983	-0.980	-0.625	-0.775	-0.760	-0.765	-0.760	-0.767	-0.802	-0.760	-0.760	-0.760	-0.818	-0.800	-0.760	-0.982	-0.760	-0.760	-0.771	-0.982	-0.760	-0.761	-0.760	-0.982	-0.760	-0.982	-0.760	-0.763	-0.763	-0.763	-0.763	-0.763	-0.763	-0.764	-0.763	-0.763	-0.763	-0.982	-0.763	-0.763	-0.763	-0.764	-0.765	-0.767	-0.767	-0.768	-0.769	-0.769	-0.769	-0.770	-0.770	-0.771	-0.771	-0.773	-0.975	-0.773	-0.776	-0.847	-0.844	-0.963	-0.758	-0.820	-0.964	-0.738	-0.843	-0.745	-0.957	-0.955	-0.953	-0.727	-0.952	-0.951	-0.951	-0.951	-0.947	-0.950	-0.950	-0.952	-0.699	-0.976	-0.876	-0.870	-0.976	-0.976	-0.976	-0.976	-0.976	-0.874	-0.714	-0.976	-0.976	-0.869	-0.713	-0.873	-0.874	-0.982	-0.981	-0.933	-0.700	-0.868	-0.699	-0.861	-0.870	-0.870	-0.875	-0.977	-0.870	-0.870	-0.980	-0.848	-0.888	-0.893	-0.808	-0.888	-0.982	-0.711	-0.713	-0.703	-0.685	-0.709	-0.770	-0.909	-0.929	-1.061	-0.939	-0.939	-0.936	-0.935	-0.934	-0.948	-0.933	-0.933	-0.934	-0.933	-0.934	-0.934	-0.935	-0.935	-0.938	-0.936	-0.938	-0.943	-0.945	-0.757	-0.824	-0.725	-0.778	-0.907	-0.914	-0.908	-0.811	-0.909	-0.598	-0.906	-0.928	-0.922	-0.876	-0.768	-0.867	-0.873	-0.799	-0.941	-0.966	-0.797	-0.826	-0.845	-0.772	-0.772	-0.771	-0.771	-0.827	-0.754	-0.862	-0.780	-0.851	-0.823	-0.852	-0.845	
rs3757606      -1.037	-1.040	-1.043	-1.013	-1.049	-0.979	-0.907	-0.775	-0.980	-0.978	-0.775	-0.623	-0.775	-0.778	-0.775	-0.780	-0.808	-0.775	-0.775	-0.775	-0.823	-0.807	-0.775	-0.979	-0.775	-0.775	-0.782	-0.979	-0.775	-0.775	-0.775	-0.979	-0.775	-0.979	-0.775	-0.776	-0.776	-0.776	-0.776	-0.776	-0.776	-0.776	-0.776	-0.776	-0.776	-0.980	-0.776	-0.776	-0.776	-0.777	-0.777	-0.779	-0.779	-0.779	-0.780	-0.780	-0.780	-0.781	-0.781	-0.781	-0.781	-0.782	-0.973	-0.783	-0.780	-0.845	-0.841	-0.960	-0.766	-0.820	-0.961	-0.749	-0.842	-0.755	-0.956	-0.954	-0.952	-0.739	-0.951	-0.950	-0.950	-0.949	-0.946	-0.949	-0.949	-0.949	-0.713	-0.975	-0.875	-0.869	-0.974	-0.974	-0.974	-0.974	-0.974	-0.873	-0.725	-0.974	-0.974	-0.868	-0.724	-0.871	-0.876	-0.979	-0.978	-0.931	-0.712	-0.867	-0.710	-0.859	-0.869	-0.869	-0.873	-0.975	-0.869	-0.869	-0.977	-0.845	-0.887	-0.892	-0.809	-0.887	-0.979	-0.719	-0.721	-0.706	-0.694	-0.716	-0.770	-0.908	-0.927	-1.058	-0.937	-0.937	-0.934	-0.933	-0.932	-0.947	-0.931	-0.931	-0.932	-0.931	-0.932	-0.932	-0.933	-0.933	-0.935	-0.934	-0.936	-0.941	-0.943	-0.756	-0.823	-0.717	-0.773	-0.903	-0.910	-0.904	-0.809	-0.905	-0.594	-0.902	-0.924	-0.918	-0.872	-0.766	-0.863	-0.869	-0.797	-0.938	-0.963	-0.797	-0.823	-0.842	-0.771	-0.770	-0.770	-0.770	-0.824	-0.749	-0.856	-0.778	-0.848	-0.819	-0.850	-0.842	
rs2245441      -1.038	-1.041	-1.045	-1.015	-1.050	-0.979	-0.909	-0.760	-0.983	-0.980	-0.760	-0.775	-0.625	-0.765	-0.760	-0.767	-0.802	-0.760	-0.760	-0.760	-0.818	-0.800	-0.760	-0.982	-0.760	-0.760	-0.771	-0.982	-0.760	-0.761	-0.760	-0.982	-0.760	-0.982	-0.760	-0.763	-0.763	-0.763	-0.763	-0.763	-0.763	-0.764	-0.763	-0.763	-0.763	-0.982	-0.763	-0.763	-0.763	-0.764	-0.765	-0.767	-0.767	-0.768	-0.769	-0.769	-0.769	-0.770	-0.770	-0.771	-0.771	-0.773	-0.975	-0.773	-0.776	-0.847	-0.844	-0.963	-0.758	-0.820	-0.964	-0.738	-0.843	-0.745	-0.957	-0.955	-0.953	-0.726	-0.952	-0.951	-0.951	-0.951	-0.947	-0.950	-0.950	-0.952	-0.699	-0.976	-0.876	-0.870	-0.976	-0.976	-0.976	-0.976	-0.976	-0.874	-0.714	-0.976	-0.976	-0.869	-0.713	-0.873	-0.874	-0.982	-0.981	-0.933	-0.700	-0.868	-0.699	-0.861	-0.870	-0.870	-0.875	-0.977	-0.870	-0.870	-0.980	-0.848	-0.888	-0.893	-0.808	-0.888	-0.982	-0.711	-0.713	-0.703	-0.684	-0.709	-0.770	-0.909	-0.929	-1.061	-0.939	-0.939	-0.936	-0.935	-0.934	-0.948	-0.933	-0.933	-0.934	-0.933	-0.934	-0.934	-0.935	-0.935	-0.938	-0.936	-0.938	-0.943	-0.945	-0.757	-0.824	-0.725	-0.778	-0.907	-0.914	-0.908	-0.811	-0.909	-0.598	-0.906	-0.928	-0.922	-0.876	-0.768	-0.867	-0.873	-0.799	-0.941	-0.966	-0.797	-0.826	-0.845	-0.772	-0.772	-0.771	-0.771	-0.827	-0.754	-0.862	-0.780	-0.851	-0.823	-0.852	-0.845	
rs2709935      -1.039	-1.042	-1.045	-1.017	-1.051	-0.979	-0.913	-0.765	-0.984	-0.981	-0.765	-0.778	-0.765	-0.626	-0.765	-0.772	-0.804	-0.765	-0.765	-0.765	-0.819	-0.800	-0.765	-0.983	-0.765	-0.765	-0.776	-0.983	-0.765	-0.766	-0.765	-0.983	-0.765	-0.983	-0.765	-0.767	-0.768	-0.768	-0.768	-0.768	-0.768	-0.769	-0.768	-0.768	-0.767	-0.983	-0.768	-0.768	-0.768	-0.770	-0.771	-0.773	-0.773	-0.774	-0.774	-0.774	-0.775	-0.776	-0.776	-0.776	-0.776	-0.778	-0.977	-0.778	-0.783	-0.847	-0.846	-0.965	-0.767	-0.824	-0.966	-0.750	-0.847	-0.755	-0.959	-0.957	-0.955	-0.739	-0.954	-0.953	-0.953	-0.953	-0.950	-0.952	-0.953	-0.955	-0.714	-0.978	-0.879	-0.873	-0.977	-0.977	-0.977	-0.977	-0.977	-0.877	-0.727	-0.977	-0.977	-0.872	-0.726	-0.876	-0.875	-0.984	-0.983	-0.935	-0.714	-0.871	-0.713	-0.864	-0.873	-0.873	-0.878	-0.978	-0.873	-0.873	-0.982	-0.852	-0.891	-0.896	-0.810	-0.891	-0.984	-0.723	-0.725	-0.716	-0.699	-0.721	-0.778	-0.911	-0.933	-1.062	-0.942	-0.943	-0.939	-0.938	-0.937	-0.951	-0.936	-0.936	-0.937	-0.937	-0.937	-0.938	-0.938	-0.938	-0.941	-0.939	-0.941	-0.946	-0.948	-0.758	-0.825	-0.730	-0.783	-0.911	-0.918	-0.912	-0.811	-0.913	-0.601	-0.909	-0.931	-0.925	-0.880	-0.768	-0.872	-0.878	-0.799	-0.945	-0.969	-0.797	-0.830	-0.849	-0.773	-0.772	-0.772	-0.772	-0.832	-0.759	-0.866	-0.780	-0.855	-0.827	-0.852	-0.849	
rs3735512      -1.038	-1.041	-1.045	-1.015	-1.050	-0.979	-0.909	-0.760	-0.983	-0.980	-0.760	-0.775	-0.760	-0.765	-0.625	-0.767	-0.802	-0.760	-0.760	-0.760	-0.818	-0.800	-0.760	-0.982	-0.760	-0.760	-0.771	-0.982	-0.760	-0.761	-0.760	-0.982	-0.760	-0.982	-0.760	-0.763	-0.763	-0.763	-0.763	-0.763	-0.763	-0.764	-0.763	-0.763	-0.763	-0.982	-0.763	-0.763	-0.763	-0.764	-0.765	-0.767	-0.767	-0.768	-0.769	-0.769	-0.769	-0.770	-0.770	-0.771	-0.771	-0.773	-0.975	-0.773	-0.776	-0.847	-0.844	-0.963	-0.758	-0.820	-0.964	-0.738	-0.843	-0.745	-0.957	-0.955	-0.953	-0.727	-0.952	-0.951	-0.951	-0.951	-0.947	-0.950	-0.950	-0.952	-0.699	-0.976	-0.876	-0.870	-0.976	-0.976	-0.976	-0.976	-0.976	-0.874	-0.714	-0.976	-0.976	-0.869	-0.713	-0.873	-0.874	-0.982	-0.981	-0.933	-0.700	-0.868	-0.699	-0.861	-0.870	-0.870	-0.875	-0.977	-0.870	-0.870	-0.980	-0.848	-0.888	-0.893	-0.808	-0.888	-0.982	-0.711	-0.713	-0.703	-0.685	-0.709	-0.770	-0.909	-0.929	-1.061	-0.939	-0.939	-0.936	-0.935	-0.934	-0.948	-0.933	-0.933	-0.934	-0.933	-0.934	-0.934	-0.935	-0.935	-0.938	-0.936	-0.938	-0.943	-0.945	-0.757	-0.824	-0.725	-0.778	-0.907	-0.914	-0.908	-0.811	-0.909	-0.598	-0.906	-0.928	-0.922	-0.876	-0.768	-0.867	-0.873	-0.799	-0.941	-0.966	-0.797	-0.826	-0.845	-0.772	-0.772	-0.771	-0.771	-0.827	-0.754	-0.862	-0.780	-0.851	-0.823	-0.852	-0.845	
rs2709936      -1.039	-1.042	-1.045	-1.017	-1.051	-0.979	-0.914	-0.767	-0.985	-0.982	-0.767	-0.780	-0.767	-0.772	-0.767	-0.626	-0.805	-0.767	-0.767	-0.767	-0.818	-0.799	-0.768	-0.984	-0.767	-0.767	-0.779	-0.984	-0.767	-0.769	-0.767	-0.984	-0.767	-0.984	-0.767	-0.769	-0.771	-0.771	-0.771	-0.771	-0.771	-0.772	-0.771	-0.771	-0.769	-0.984	-0.771	-0.771	-0.771	-0.773	-0.774	-0.776	-0.776	-0.777	-0.777	-0.777	-0.778	-0.779	-0.779	-0.779	-0.779	-0.781	-0.978	-0.781	-0.787	-0.847	-0.847	-0.967	-0.772	-0.828	-0.968	-0.756	-0.850	-0.761	-0.961	-0.959	-0.957	-0.746	-0.956	-0.955	-0.955	-0.955	-0.951	-0.954	-0.954	-0.956	-0.722	-0.979	-0.882	-0.876	-0.979	-0.979	-0.979	-0.979	-0.979	-0.880	-0.734	-0.979	-0.979	-0.875	-0.733	-0.879	-0.875	-0.985	-0.984	-0.937	-0.722	-0.874	-0.720	-0.867	-0.876	-0.876	-0.881	-0.980	-0.876	-0.876	-0.983	-0.853	-0.894	-0.899	-0.816	-0.894	-0.985	-0.730	-0.732	-0.722	-0.706	-0.727	-0.781	-0.911	-0.933	-1.063	-0.943	-0.943	-0.940	-0.939	-0.938	-0.952	-0.937	-0.937	-0.938	-0.938	-0.938	-0.939	-0.939	-0.939	-0.942	-0.940	-0.942	-0.947	-0.949	-0.758	-0.825	-0.731	-0.784	-0.912	-0.919	-0.913	-0.811	-0.914	-0.604	-0.910	-0.932	-0.926	-0.882	-0.768	-0.873	-0.879	-0.799	-0.945	-0.970	-0.797	-0.831	-0.851	-0.773	-0.772	-0.772	-0.772	-0.832	-0.759	-0.867	-0.780	-0.856	-0.828	-0.852	-0.850	
rs2722982      -1.040	-1.042	-1.046	-1.020	-1.054	-0.982	-0.920	-0.802	-0.985	-0.983	-0.802	-0.808	-0.802	-0.804	-0.802	-0.805	-0.625	-0.802	-0.802	-0.802	-0.795	-0.776	-0.802	-0.985	-0.802	-0.802	-0.808	-0.985	-0.802	-0.803	-0.802	-0.985	-0.802	-0.985	-0.802	-0.803	-0.804	-0.804	-0.804	-0.804	-0.804	-0.804	-0.804	-0.804	-0.803	-0.985	-0.804	-0.804	-0.804	-0.805	-0.805	-0.806	-0.807	-0.807	-0.807	-0.807	-0.807	-0.808	-0.808	-0.808	-0.808	-0.809	-0.978	-0.810	-0.812	-0.858	-0.826	-0.967	-0.802	-0.829	-0.968	-0.790	-0.851	-0.794	-0.961	-0.959	-0.957	-0.783	-0.956	-0.955	-0.954	-0.954	-0.951	-0.954	-0.954	-0.956	-0.766	-0.979	-0.882	-0.876	-0.978	-0.978	-0.978	-0.978	-0.978	-0.880	-0.772	-0.978	-0.978	-0.875	-0.771	-0.879	-0.884	-0.985	-0.984	-0.938	-0.761	-0.874	-0.760	-0.867	-0.876	-0.876	-0.881	-0.979	-0.876	-0.876	-0.983	-0.859	-0.894	-0.899	-0.831	-0.894	-0.985	-0.765	-0.766	-0.757	-0.745	-0.760	-0.798	-0.919	-0.938	-1.063	-0.948	-0.948	-0.945	-0.943	-0.942	-0.957	-0.942	-0.942	-0.943	-0.942	-0.943	-0.943	-0.944	-0.944	-0.946	-0.945	-0.946	-0.952	-0.953	-0.758	-0.824	-0.739	-0.791	-0.917	-0.924	-0.918	-0.811	-0.919	-0.615	-0.916	-0.937	-0.931	-0.886	-0.768	-0.878	-0.883	-0.799	-0.950	-0.972	-0.797	-0.837	-0.854	-0.772	-0.772	-0.772	-0.771	-0.838	-0.766	-0.870	-0.780	-0.861	-0.833	-0.852	-0.855	
rs2709938      -1.038	-1.041	-1.045	-1.015	-1.050	-0.979	-0.909	-0.760	-0.983	-0.980	-0.760	-0.775	-0.760	-0.765	-0.760	-0.767	-0.802	-0.625	-0.760	-0.760	-0.818	-0.800	-0.760	-0.982	-0.760	-0.760	-0.771	-0.982	-0.760	-0.761	-0.760	-0.982	-0.760	-0.982	-0.760	-0.763	-0.763	-0.763	-0.763	-0.763	-0.763	-0.764	-0.763	-0.763	-0.763	-0.982	-0.763	-0.763	-0.763	-0.764	-0.765	-0.767	-0.767	-0.768	-0.769	-0.769	-0.769	-0.770	-0.770	-0.771	-0.771	-0.773	-0.975	-0.773	-0.776	-0.847	-0.844	-0.963	-0.758	-0.820	-0.964	-0.738	-0.843	-0.744	-0.957	-0.955	-0.953	-0.726	-0.952	-0.951	-0.951	-0.951	-0.947	-0.950	-0.950	-0.952	-0.699	-0.976	-0.876	-0.870	-0.976	-0.976	-0.976	-0.976	-0.976	-0.874	-0.714	-0.976	-0.976	-0.869	-0.713	-0.873	-0.874	-0.982	-0.981	-0.933	-0.700	-0.868	-0.699	-0.861	-0.870	-0.870	-0.875	-0.977	-0.870	-0.870	-0.980	-0.848	-0.888	-0.893	-0.808	-0.888	-0.982	-0.711	-0.713	-0.703	-0.684	-0.709	-0.770	-0.909	-0.929	-1.061	-0.939	-0.939	-0.936	-0.935	-0.934	-0.948	-0.933	-0.933	-0.934	-0.933	-0.934	-0.934	-0.935	-0.935	-0.938	-0.936	-0.938	-0.943	-0.945	-0.757	-0.824	-0.725	-0.778	-0.907	-0.914	-0.908	-0.811	-0.909	-0.598	-0.906	-0.928	-0.922	-0.876	-0.768	-0.867	-0.873	-0.799	-0.941	-0.966	-0.797	-0.826	-0.845	-0.772	-0.772	-0.771	-0.771	-0.827	-0.754	-0.862	-0.780	-0.851	-0.823	-0.852	-0.845	
rs2709942      -1.038	-1.041	-1.045	-1.015	-1.050	-0.979	-0.909	-0.760	-0.983	-0.980	-0.760	-0.775	-0.760	-0.765	-0.760	-0.767	-0.802	-0.760	-0.625	-0.760	-0.818	-0.800	-0.760	-0.982	-0.760	-0.760	-0.771	-0.982	-0.760	-0.761	-0.760	-0.982	-0.760	-0.982	-0.760	-0.763	-0.763	-0.763	-0.763	-0.763	-0.763	-0.764	-0.763	-0.763	-0.763	-0.982	-0.763	-0.763	-0.763	-0.764	-0.765	-0.767	-0.767	-0.768	-0.769	-0.769	-0.769	-0.770	-0.770	-0.771	-0.771	-0.773	-0.975	-0.773	-0.776	-0.847	-0.844	-0.963	-0.758	-0.820	-0.964	-0.738	-0.843	-0.745	-0.957	-0.955	-0.953	-0.727	-0.952	-0.951	-0.951	-0.951	-0.947	-0.950	-0.950	-0.952	-0.699	-0.976	-0.876	-0.870	-0.976	-0.976	-0.976	-0.976	-0.976	-0.874	-0.714	-0.976	-0.976	-0.869	-0.713	-0.873	-0.874	-0.982	-0.981	-0.933	-0.700	-0.868	-0.699	-0.861	-0.870	-0.870	-0.875	-0.977	-0.870	-0.870	-0.980	-0.848	-0.888	-0.893	-0.808	-0.888	-0.982	-0.711	-0.713	-0.703	-0.685	-0.709	-0.770	-0.909	-0.929	-1.061	-0.939	-0.939	-0.936	-0.935	-0.934	-0.948	-0.933	-0.933	-0.934	-0.933	-0.934	-0.934	-0.935	-0.935	-0.938	-0.936	-0.938	-0.943	-0.945	-0.757	-0.824	-0.725	-0.778	-0.907	-0.914	-0.908	-0.811	-0.909	-0.598	-0.906	-0.928	-0.922	-0.876	-0.768	-0.867	-0.873	-0.799	-0.941	-0.966	-0.797	-0.826	-0.845	-0.772	-0.772	-0.771	-0.771	-0.827	-0.754	-0.862	-0.780	-0.851	-0.823	-0.852	-0.845	
rs2722985      -1.038	-1.041	-1.045	-1.015	-1.050	-0.979	-0.909	-0.760	-0.983	-0.980	-0.760	-0.775	-0.760	-0.765	-0.760	-0.767	-0.802	-0.760	-0.760	-0.625	-0.818	-0.800	-0.760	-0.982	-0.760	-0.760	-0.771	-0.982	-0.760	-0.761	-0.760	-0.982	-0.760	-0.982	-0.760	-0.763	-0.763	-0.763	-0.763	-0.763	-0.763	-0.764	-0.763	-0.763	-0.763	-0.982	-0.763	-0.763	-0.763	-0.764	-0.765	-0.767	-0.767	-0.768	-0.769	-0.769	-0.769	-0.770	-0.770	-0.771	-0.771	-0.773	-0.975	-0.773	-0.776	-0.847	-0.844	-0.963	-0.758	-0.820	-0.964	-0.738	-0.843	-0.744	-0.957	-0.955	-0.953	-0.726	-0.952	-0.951	-0.951	-0.951	-0.947	-0.950	-0.950	-0.952	-0.699	-0.976	-0.876	-0.870	-0.976	-0.976	-0.976	-0.976	-0.976	-0.874	-0.714	-0.976	-0.976	-0.869	-0.713	-0.873	-0.874	-0.982	-0.981	-0.933	-0.700	-0.868	-0.699	-0.861	-0.870	-0.870	-0.875	-0.977	-0.870	-0.870	-0.980	-0.848	-0.888	-0.893	-0.808	-0.888	-0.982	-0.711	-0.713	-0.703	-0.684	-0.709	-0.770	-0.909	-0.929	-1.061	-0.939	-0.939	-0.936	-0.935	-0.934	-0.948	-0.933	-0.933	-0.934	-0.933	-0.934	-0.934	-0.935	-0.935	-0.938	-0.936	-0.938	-0.943	-0.945	-0.757	-0.824	-0.725	-0.778	-0.907	-0.914	-0.908	-0.811	-0.909	-0.598	-0.906	-0.928	-0.922	-0.876	-0.768	-0.867	-0.873	-0.799	-0.941	-0.966	-0.797	-0.826	-0.845	-0.772	-0.772	-0.771	-0.771	-0.827	-0.754	-0.862	-0.780	-0.851	-0.823	-0.852	-0.845	
rs2709955      -1.027	-1.030	-1.033	-0.995	-1.038	-0.973	-0.882	-0.818	-0.972	-0.971	-0.818	-0.823	-0.818	-0.819	-0.818	-0.818	-0.795	-0.818	-0.818	-0.818	-0.608	-0.743	-0.817	-0.972	-0.818	-0.818	-0.819	-0.972	-0.818	-0.817	-0.818	-0.972	-0.818	-0.972	-0.818	-0.819	-0.818	-0.818	-0.818	-0.818	-0.818	-0.817	-0.818	-0.818	-0.819	-0.972	-0.818	-0.818	-0.818	-0.817	-0.817	-0.817	-0.817	-0.817	-0.817	-0.817	-0.817	-0.818	-0.818	-0.818	-0.818	-0.818	-0.961	-0.818	-0.809	-0.871	-0.806	-0.948	-0.799	-0.801	-0.949	-0.787	-0.824	-0.791	-0.941	-0.939	-0.937	-0.780	-0.935	-0.934	-0.934	-0.934	-0.930	-0.933	-0.933	-0.936	-0.762	-0.961	-0.856	-0.850	-0.961	-0.961	-0.961	-0.961	-0.961	-0.855	-0.766	-0.961	-0.961	-0.850	-0.765	-0.853	-0.889	-0.968	-0.967	-0.914	-0.754	-0.848	-0.754	-0.841	-0.850	-0.850	-0.855	-0.962	-0.850	-0.850	-0.966	-0.821	-0.869	-0.874	-0.819	-0.869	-0.969	-0.756	-0.757	-0.747	-0.736	-0.749	-0.778	-0.911	-0.921	-1.047	-0.931	-0.932	-0.928	-0.927	-0.925	-0.941	-0.925	-0.925	-0.926	-0.925	-0.926	-0.926	-0.927	-0.927	-0.929	-0.928	-0.929	-0.935	-0.937	-0.746	-0.812	-0.695	-0.749	-0.879	-0.887	-0.880	-0.799	-0.881	-0.572	-0.878	-0.901	-0.895	-0.846	-0.756	-0.837	-0.843	-0.787	-0.916	-0.953	-0.785	-0.799	-0.814	-0.760	-0.760	-0.760	-0.759	-0.800	-0.725	-0.831	-0.768	-0.825	-0.795	-0.839	-0.818	
rs2723038      -1.017	-1.019	-1.022	-0.973	-1.023	-0.966	-0.850	-0.800	-0.956	-0.957	-0.800	-0.807	-0.800	-0.800	-0.800	-0.799	-0.776	-0.800	-0.800	-0.800	-0.743	-0.592	-0.799	-0.956	-0.800	-0.800	-0.797	-0.956	-0.801	-0.799	-0.800	-0.956	-0.800	-0.956	-0.800	-0.802	-0.799	-0.799	-0.799	-0.799	-0.799	-0.797	-0.799	-0.800	-0.802	-0.955	-0.799	-0.799	-0.799	-0.798	-0.797	-0.796	-0.796	-0.795	-0.795	-0.795	-0.795	-0.795	-0.795	-0.795	-0.795	-0.795	-0.941	-0.795	-0.775	-0.871	-0.781	-0.924	-0.762	-0.762	-0.925	-0.745	-0.787	-0.751	-0.916	-0.913	-0.911	-0.737	-0.910	-0.909	-0.908	-0.908	-0.904	-0.908	-0.908	-0.910	-0.713	-0.940	-0.823	-0.817	-0.939	-0.939	-0.939	-0.939	-0.939	-0.821	-0.718	-0.939	-0.939	-0.816	-0.717	-0.820	-0.882	-0.948	-0.947	-0.886	-0.703	-0.815	-0.703	-0.806	-0.817	-0.817	-0.822	-0.940	-0.817	-0.817	-0.945	-0.787	-0.837	-0.843	-0.782	-0.837	-0.949	-0.705	-0.707	-0.694	-0.681	-0.697	-0.731	-0.891	-0.892	-1.029	-0.904	-0.904	-0.900	-0.898	-0.897	-0.914	-0.896	-0.896	-0.897	-0.896	-0.897	-0.897	-0.898	-0.898	-0.901	-0.899	-0.901	-0.908	-0.910	-0.736	-0.801	-0.652	-0.709	-0.846	-0.854	-0.847	-0.787	-0.848	-0.535	-0.844	-0.870	-0.863	-0.811	-0.745	-0.801	-0.808	-0.776	-0.885	-0.926	-0.774	-0.765	-0.778	-0.750	-0.749	-0.749	-0.749	-0.767	-0.689	-0.797	-0.757	-0.792	-0.762	-0.829	-0.786	
rs2245114      -1.039	-1.042	-1.045	-1.016	-1.051	-0.979	-0.911	-0.760	-0.983	-0.981	-0.760	-0.775	-0.760	-0.765	-0.760	-0.768	-0.802	-0.760	-0.760	-0.760	-0.817	-0.799	-0.626	-0.983	-0.760	-0.760	-0.772	-0.983	-0.760	-0.761	-0.760	-0.983	-0.760	-0.982	-0.760	-0.763	-0.763	-0.763	-0.763	-0.764	-0.764	-0.764	-0.764	-0.764	-0.763	-0.983	-0.764	-0.764	-0.764	-0.765	-0.766	-0.768	-0.768	-0.769	-0.770	-0.770	-0.770	-0.771	-0.771	-0.772	-0.772	-0.774	-0.976	-0.774	-0.778	-0.846	-0.845	-0.964	-0.761	-0.822	-0.965	-0.741	-0.845	-0.748	-0.958	-0.956	-0.954	-0.730	-0.953	-0.952	-0.952	-0.952	-0.948	-0.951	-0.951	-0.953	-0.703	-0.977	-0.877	-0.871	-0.976	-0.976	-0.976	-0.976	-0.976	-0.876	-0.718	-0.976	-0.976	-0.871	-0.717	-0.874	-0.874	-0.983	-0.982	-0.934	-0.704	-0.869	-0.703	-0.862	-0.871	-0.871	-0.876	-0.977	-0.871	-0.871	-0.981	-0.850	-0.889	-0.894	-0.810	-0.890	-0.983	-0.714	-0.717	-0.707	-0.689	-0.713	-0.773	-0.909	-0.930	-1.061	-0.940	-0.941	-0.937	-0.936	-0.935	-0.950	-0.934	-0.934	-0.935	-0.935	-0.935	-0.936	-0.936	-0.936	-0.939	-0.937	-0.939	-0.944	-0.946	-0.758	-0.825	-0.727	-0.779	-0.909	-0.916	-0.910	-0.811	-0.911	-0.600	-0.907	-0.929	-0.923	-0.878	-0.768	-0.869	-0.875	-0.799	-0.943	-0.967	-0.797	-0.828	-0.847	-0.773	-0.772	-0.772	-0.772	-0.829	-0.755	-0.863	-0.780	-0.853	-0.824	-0.852	-0.847	
rs17214056     -0.999	-1.002	-1.005	-1.049	-1.054	-0.946	-1.007	-0.982	-0.730	-0.748	-0.982	-0.979	-0.982	-0.983	-0.982	-0.984	-0.985	-0.982	-0.982	-0.982	-0.972	-0.956	-0.983	-0.594	-0.982	-0.982	-0.987	-0.726	-0.982	-0.983	-0.982	-0.726	-0.982	-0.727	-0.982	-0.982	-0.983	-0.983	-0.983	-0.983	-0.983	-0.985	-0.983	-0.983	-0.981	-0.729	-0.983	-0.983	-0.983	-0.984	-0.985	-0.986	-0.986	-0.987	-0.987	-0.987	-0.987	-0.987	-0.987	-0.987	-0.987	-0.988	-0.753	-0.988	-0.998	-0.921	-0.992	-0.710	-0.999	-0.664	-0.715	-1.001	-0.702	-1.000	-0.702	-0.694	-0.687	-1.001	-0.684	-0.680	-0.679	-0.678	-0.665	-0.676	-0.677	-0.676	-1.001	-0.824	-0.789	-0.782	-0.823	-0.823	-0.823	-0.823	-0.823	-0.787	-1.002	-0.823	-0.823	-0.779	-1.002	-0.785	-0.947	-0.832	-0.830	-0.860	-1.001	-0.779	-1.001	-0.768	-0.781	-0.781	-0.787	-0.825	-0.782	-0.782	-0.829	-0.953	-0.803	-0.811	-1.003	-0.805	-0.841	-1.001	-1.001	-0.999	-0.998	-0.999	-1.000	-1.015	-1.029	-0.967	-1.032	-1.032	-1.031	-1.031	-1.030	-1.035	-1.030	-1.030	-1.030	-1.030	-1.030	-1.030	-1.031	-1.031	-1.031	-1.031	-1.031	-1.033	-1.033	-0.720	-0.788	-0.857	-0.911	-1.004	-1.007	-1.004	-0.774	-1.005	-0.731	-1.003	-1.015	-1.012	-0.973	-0.730	-0.967	-0.971	-0.762	-1.021	-1.038	-0.760	-0.928	-0.941	-0.735	-0.734	-0.734	-0.734	-0.929	-0.860	-0.951	-0.742	-0.931	-0.911	-0.814	-0.927	
rs2709956      -1.038	-1.041	-1.045	-1.015	-1.050	-0.979	-0.909	-0.760	-0.983	-0.980	-0.760	-0.775	-0.760	-0.765	-0.760	-0.767	-0.802	-0.760	-0.760	-0.760	-0.818	-0.800	-0.760	-0.982	-0.625	-0.760	-0.771	-0.982	-0.760	-0.761	-0.760	-0.982	-0.760	-0.982	-0.760	-0.763	-0.763	-0.763	-0.763	-0.763	-0.763	-0.764	-0.763	-0.763	-0.763	-0.982	-0.763	-0.763	-0.763	-0.764	-0.765	-0.767	-0.767	-0.768	-0.769	-0.769	-0.769	-0.770	-0.770	-0.771	-0.771	-0.773	-0.975	-0.773	-0.776	-0.847	-0.844	-0.963	-0.758	-0.820	-0.964	-0.738	-0.843	-0.744	-0.957	-0.955	-0.953	-0.726	-0.952	-0.951	-0.951	-0.951	-0.947	-0.950	-0.950	-0.952	-0.698	-0.976	-0.876	-0.870	-0.976	-0.976	-0.976	-0.976	-0.976	-0.874	-0.714	-0.976	-0.976	-0.869	-0.713	-0.873	-0.874	-0.982	-0.981	-0.933	-0.700	-0.868	-0.698	-0.861	-0.870	-0.870	-0.875	-0.977	-0.870	-0.870	-0.980	-0.848	-0.888	-0.893	-0.808	-0.888	-0.982	-0.710	-0.713	-0.703	-0.684	-0.709	-0.770	-0.909	-0.929	-1.061	-0.939	-0.939	-0.936	-0.935	-0.934	-0.948	-0.933	-0.933	-0.934	-0.933	-0.934	-0.934	-0.935	-0.935	-0.938	-0.936	-0.938	-0.943	-0.945	-0.757	-0.824	-0.725	-0.778	-0.907	-0.914	-0.908	-0.811	-0.909	-0.598	-0.906	-0.928	-0.922	-0.876	-0.768	-0.867	-0.873	-0.799	-0.941	-0.966	-0.797	-0.826	-0.845	-0.772	-0.772	-0.771	-0.771	-0.827	-0.754	-0.862	-0.780	-0.851	-0.823	-0.852	-0.845	
rs2709957      -1.038	-1.041	-1.045	-1.015	-1.050	-0.979	-0.909	-0.760	-0.983	-0.980	-0.760	-0.775	-0.760	-0.765	-0.760	-0.767	-0.802	-0.760	-0.760	-0.760	-0.818	-0.800	-0.760	-0.982	-0.760	-0.625	-0.771	-0.982	-0.760	-0.761	-0.760	-0.982	-0.760	-0.982	-0.760	-0.763	-0.763	-0.763	-0.763	-0.763	-0.763	-0.764	-0.763	-0.763	-0.763	-0.982	-0.763	-0.763	-0.763	-0.764	-0.765	-0.767	-0.767	-0.768	-0.769	-0.769	-0.769	-0.770	-0.770	-0.771	-0.771	-0.773	-0.975	-0.773	-0.776	-0.847	-0.844	-0.963	-0.758	-0.820	-0.964	-0.738	-0.843	-0.744	-0.957	-0.955	-0.953	-0.726	-0.952	-0.951	-0.951	-0.951	-0.947	-0.950	-0.950	-0.952	-0.698	-0.976	-0.876	-0.870	-0.976	-0.976	-0.976	-0.976	-0.976	-0.874	-0.714	-0.976	-0.976	-0.869	-0.713	-0.873	-0.874	-0.982	-0.981	-0.933	-0.700	-0.868	-0.698	-0.861	-0.870	-0.870	-0.875	-0.977	-0.870	-0.870	-0.980	-0.848	-0.888	-0.893	-0.808	-0.888	-0.982	-0.710	-0.713	-0.703	-0.684	-0.709	-0.770	-0.909	-0.929	-1.061	-0.939	-0.939	-0.936	-0.935	-0.934	-0.948	-0.933	-0.933	-0.934	-0.933	-0.934	-0.934	-0.935	-0.935	-0.938	-0.936	-0.938	-0.943	-0.945	-0.757	-0.824	-0.725	-0.778	-0.907	-0.914	-0.908	-0.811	-0.909	-0.598	-0.906	-0.928	-0.922	-0.876	-0.768	-0.867	-0.873	-0.799	-0.941	-0.966	-0.797	-0.826	-0.845	-0.772	-0.772	-0.771	-0.771	-0.827	-0.754	-0.862	-0.780	-0.851	-0.823	-0.852	-0.845	
rs9791983      -1.041	-1.044	-1.047	-1.023	-1.054	-0.980	-0.922	-0.771	-0.987	-0.984	-0.771	-0.782	-0.771	-0.776	-0.771	-0.779	-0.808	-0.771	-0.771	-0.771	-0.819	-0.797	-0.772	-0.987	-0.771	-0.771	-0.630	-0.987	-0.771	-0.773	-0.771	-0.987	-0.771	-0.986	-0.771	-0.772	-0.775	-0.775	-0.775	-0.775	-0.775	-0.777	-0.775	-0.775	-0.772	-0.987	-0.775	-0.775	-0.775	-0.777	-0.779	-0.781	-0.782	-0.783	-0.783	-0.783	-0.784	-0.784	-0.785	-0.785	-0.785	-0.787	-0.981	-0.788	-0.798	-0.844	-0.846	-0.971	-0.786	-0.836	-0.972	-0.772	-0.858	-0.777	-0.965	-0.963	-0.962	-0.764	-0.961	-0.960	-0.959	-0.959	-0.956	-0.959	-0.959	-0.961	-0.744	-0.983	-0.888	-0.882	-0.982	-0.982	-0.982	-0.982	-0.982	-0.887	-0.754	-0.982	-0.982	-0.882	-0.753	-0.885	-0.875	-0.988	-0.988	-0.943	-0.743	-0.881	-0.742	-0.873	-0.882	-0.882	-0.887	-0.983	-0.883	-0.883	-0.986	-0.863	-0.900	-0.905	-0.826	-0.900	-0.988	-0.750	-0.751	-0.743	-0.728	-0.747	-0.795	-0.916	-0.941	-1.066	-0.950	-0.951	-0.948	-0.946	-0.945	-0.959	-0.945	-0.945	-0.945	-0.945	-0.946	-0.946	-0.947	-0.947	-0.949	-0.947	-0.949	-0.954	-0.956	-0.759	-0.827	-0.742	-0.795	-0.920	-0.927	-0.921	-0.813	-0.922	-0.612	-0.919	-0.940	-0.934	-0.890	-0.770	-0.882	-0.888	-0.801	-0.953	-0.976	-0.799	-0.841	-0.859	-0.774	-0.774	-0.774	-0.774	-0.842	-0.770	-0.875	-0.782	-0.865	-0.837	-0.854	-0.859	
rs62460798     -0.999	-1.002	-1.005	-1.049	-1.054	-0.946	-1.007	-0.982	-0.730	-0.748	-0.982	-0.979	-0.982	-0.983	-0.982	-0.984	-0.985	-0.982	-0.982	-0.982	-0.972	-0.956	-0.983	-0.726	-0.982	-0.982	-0.987	-0.594	-0.982	-0.983	-0.982	-0.726	-0.982	-0.727	-0.982	-0.982	-0.983	-0.983	-0.983	-0.983	-0.983	-0.985	-0.983	-0.983	-0.981	-0.729	-0.983	-0.983	-0.983	-0.984	-0.985	-0.986	-0.986	-0.987	-0.987	-0.987	-0.987	-0.987	-0.987	-0.987	-0.987	-0.988	-0.753	-0.988	-0.998	-0.921	-0.992	-0.710	-0.999	-0.665	-0.715	-1.001	-0.702	-1.000	-0.702	-0.694	-0.688	-1.001	-0.684	-0.680	-0.679	-0.678	-0.665	-0.677	-0.677	-0.676	-1.001	-0.824	-0.789	-0.782	-0.823	-0.824	-0.824	-0.824	-0.823	-0.787	-1.002	-0.823	-0.824	-0.779	-1.002	-0.785	-0.947	-0.832	-0.830	-0.860	-1.001	-0.779	-1.001	-0.768	-0.782	-0.782	-0.787	-0.825	-0.782	-0.782	-0.829	-0.953	-0.803	-0.811	-1.003	-0.805	-0.841	-1.001	-1.001	-0.999	-0.998	-0.999	-1.000	-1.015	-1.029	-0.967	-1.032	-1.032	-1.031	-1.031	-1.030	-1.035	-1.030	-1.030	-1.030	-1.030	-1.030	-1.030	-1.031	-1.031	-1.031	-1.031	-1.031	-1.033	-1.033	-0.720	-0.788	-0.857	-0.911	-1.004	-1.007	-1.004	-0.774	-1.005	-0.731	-1.003	-1.015	-1.012	-0.973	-0.730	-0.967	-0.971	-0.762	-1.021	-1.038	-0.760	-0.928	-0.941	-0.735	-0.734	-0.734	-0.734	-0.929	-0.860	-0.951	-0.742	-0.931	-0.911	-0.814	-0.927	
rs2723042      -1.038	-1.041	-1.044	-1.015	-1.050	-0.979	-0.909	-0.760	-0.982	-0.980	-0.760	-0.775	-0.760	-0.765	-0.760	-0.767	-0.802	-0.760	-0.760	-0.760	-0.818	-0.801	-0.760	-0.982	-0.760	-0.760	-0.771	-0.982	-0.625	-0.761	-0.760	-0.982	-0.760	-0.982	-0.760	-0.763	-0.763	-0.763	-0.763	-0.763	-0.763	-0.763	-0.763	-0.763	-0.763	-0.982	-0.763	-0.763	-0.763	-0.764	-0.765	-0.767	-0.767	-0.768	-0.768	-0.768	-0.768	-0.770	-0.770	-0.770	-0.770	-0.772	-0.975	-0.772	-0.775	-0.847	-0.844	-0.963	-0.757	-0.819	-0.964	-0.736	-0.842	-0.743	-0.957	-0.955	-0.953	-0.725	-0.952	-0.951	-0.950	-0.950	-0.947	-0.950	-0.950	-0.952	-0.696	-0.976	-0.875	-0.869	-0.975	-0.975	-0.975	-0.975	-0.975	-0.873	-0.712	-0.975	-0.975	-0.869	-0.711	-0.872	-0.874	-0.982	-0.981	-0.932	-0.698	-0.867	-0.697	-0.860	-0.869	-0.869	-0.874	-0.976	-0.869	-0.869	-0.980	-0.847	-0.888	-0.892	-0.807	-0.888	-0.982	-0.709	-0.711	-0.701	-0.682	-0.707	-0.769	-0.908	-0.929	-1.061	-0.939	-0.939	-0.936	-0.934	-0.933	-0.948	-0.932	-0.932	-0.933	-0.933	-0.933	-0.934	-0.934	-0.934	-0.937	-0.935	-0.937	-0.943	-0.945	-0.757	-0.824	-0.724	-0.777	-0.907	-0.913	-0.907	-0.811	-0.908	-0.597	-0.905	-0.927	-0.921	-0.876	-0.768	-0.867	-0.873	-0.798	-0.941	-0.965	-0.797	-0.825	-0.845	-0.772	-0.772	-0.771	-0.771	-0.826	-0.753	-0.861	-0.780	-0.851	-0.822	-0.851	-0.844	
