## Summary of overall evidence for association with region:
## log10(BF for region) = 1.5615
## p-value for region = NA

## BFs for choosing among multi-SNP models:
## log10(average 1-SNP BF) = 1.5681
## log10(average 2-SNP BF) = 1.54798

## Example posterior probabilities for multi-SNP models, based on default prior: [p(l) propto 0.5^l for l=1,2,...,L]
## posterior probability of 1-SNP = 0.676877
## posterior probability of 2-SNP = 0.323123

## log10(BF) for single SNP and pair of SNPs:
rs4776308      -0.200	-0.339	-0.274	-0.272	-0.268	-0.224	-0.280	-0.013	+0.028	-0.209	-0.182	-0.246	-0.272	+0.478	+0.471	+0.210	+1.876	+1.789	+0.198	+2.518	+0.084	+2.169	+2.356	+0.450	+2.069	-0.654	+1.967	+1.990	-0.698	+0.145	+1.726	+1.724	+1.570	+1.562	+1.709	+1.549	+1.541	-0.041	+1.799	+1.508	+1.655	+0.801	+1.655	+1.510	+1.653	+1.653	+1.653	+1.654	+1.671	+1.852	+0.077	+1.656	+0.105	+1.662	+1.852	+1.661	+0.084	+0.084	+1.868	+0.696	+1.799	+0.880	+0.104	+0.874	+0.607	+1.834	+0.526	+0.527	+0.490	+1.598	+1.643	+1.478	+0.527	+0.505	+0.483	+0.507	-0.577	-0.648	-0.655	-0.647	-0.634	-0.650	-0.660	-0.650	-0.686	-0.653	-0.651	-0.651	-0.632	-0.569	-0.542	-0.542	-0.542	-0.541	-0.437	-0.444	-0.438	-0.541	-0.541	-0.541	-0.497	-0.495	-0.494	-0.453	-0.535	
rs4776309      -0.339	-0.242	-0.300	-0.297	-0.292	-0.228	-0.298	+0.006	+0.049	-0.208	-0.187	-0.255	-0.284	+0.430	+0.427	+0.167	+1.825	+1.738	+0.153	+2.464	+0.039	+2.116	+2.302	+0.404	+2.020	-0.695	+1.913	+1.936	-0.738	+0.102	+1.674	+1.671	+1.518	+1.510	+1.657	+1.497	+1.489	-0.078	+1.746	+1.456	+1.602	+0.764	+1.602	+1.458	+1.600	+1.601	+1.601	+1.601	+1.618	+1.798	+0.040	+1.603	+0.069	+1.609	+1.798	+1.609	+0.048	+0.048	+1.814	+0.660	+1.746	+0.843	+0.068	+0.837	+0.571	+1.780	+0.490	+0.491	+0.454	+1.546	+1.590	+1.426	+0.489	+0.467	+0.446	+0.469	-0.616	-0.688	-0.694	-0.686	-0.674	-0.689	-0.699	-0.689	-0.726	-0.692	-0.690	-0.690	-0.671	-0.608	-0.582	-0.581	-0.581	-0.581	-0.476	-0.483	-0.477	-0.580	-0.580	-0.580	-0.537	-0.534	-0.534	-0.492	-0.575	
rs4776310      -0.274	-0.300	-0.166	-0.259	-0.257	-0.228	-0.268	-0.029	+0.008	-0.212	-0.194	-0.243	-0.263	+0.514	+0.505	+0.242	+1.913	+1.826	+0.232	+2.555	+0.119	+2.205	+2.393	+0.485	+2.104	-0.621	+2.004	+2.027	-0.667	+0.177	+1.763	+1.761	+1.607	+1.598	+1.746	+1.586	+1.577	-0.013	+1.835	+1.544	+1.691	+0.831	+1.691	+1.546	+1.690	+1.690	+1.690	+1.690	+1.708	+1.889	+0.105	+1.693	+0.133	+1.698	+1.889	+1.698	+0.113	+0.113	+1.905	+0.724	+1.836	+0.910	+0.132	+0.904	+0.636	+1.871	+0.555	+0.556	+0.519	+1.635	+1.680	+1.516	+0.556	+0.534	+0.513	+0.537	-0.545	-0.617	-0.623	-0.615	-0.603	-0.618	-0.628	-0.618	-0.655	-0.621	-0.619	-0.619	-0.600	-0.538	-0.510	-0.510	-0.510	-0.510	-0.405	-0.413	-0.406	-0.509	-0.509	-0.509	-0.466	-0.463	-0.462	-0.421	-0.503	
rs4776311      -0.272	-0.297	-0.259	-0.163	-0.256	-0.228	-0.267	-0.031	+0.006	-0.212	-0.195	-0.242	-0.263	+0.517	+0.507	+0.245	+1.915	+1.829	+0.235	+2.558	+0.121	+2.208	+2.395	+0.487	+2.106	-0.619	+2.006	+2.030	-0.665	+0.179	+1.766	+1.763	+1.609	+1.601	+1.749	+1.588	+1.580	-0.011	+1.838	+1.547	+1.694	+0.833	+1.694	+1.549	+1.692	+1.693	+1.693	+1.693	+1.710	+1.892	+0.107	+1.695	+0.135	+1.701	+1.892	+1.701	+0.115	+0.115	+1.908	+0.726	+1.839	+0.912	+0.134	+0.906	+0.638	+1.874	+0.557	+0.558	+0.521	+1.638	+1.682	+1.518	+0.558	+0.536	+0.515	+0.539	-0.543	-0.614	-0.621	-0.613	-0.600	-0.616	-0.626	-0.616	-0.652	-0.619	-0.617	-0.617	-0.598	-0.536	-0.508	-0.507	-0.507	-0.507	-0.403	-0.410	-0.404	-0.506	-0.507	-0.507	-0.463	-0.461	-0.460	-0.418	-0.501	
rs11630102     -0.268	-0.292	-0.257	-0.256	-0.160	-0.228	-0.265	-0.032	+0.005	-0.213	-0.196	-0.242	-0.261	+0.521	+0.510	+0.248	+1.919	+1.832	+0.238	+2.562	+0.125	+2.211	+2.399	+0.491	+2.110	-0.616	+2.010	+2.034	-0.661	+0.182	+1.770	+1.767	+1.613	+1.605	+1.753	+1.592	+1.584	-0.008	+1.842	+1.551	+1.698	+0.836	+1.698	+1.553	+1.696	+1.696	+1.697	+1.697	+1.714	+1.896	+0.110	+1.699	+0.138	+1.705	+1.896	+1.705	+0.118	+0.118	+1.912	+0.729	+1.842	+0.915	+0.137	+0.909	+0.641	+1.877	+0.560	+0.561	+0.524	+1.641	+1.686	+1.522	+0.561	+0.539	+0.518	+0.542	-0.540	-0.611	-0.618	-0.610	-0.597	-0.613	-0.623	-0.613	-0.649	-0.616	-0.613	-0.613	-0.594	-0.532	-0.505	-0.504	-0.504	-0.504	-0.400	-0.407	-0.401	-0.503	-0.504	-0.503	-0.460	-0.458	-0.457	-0.415	-0.498	
rs12708489     -0.224	-0.228	-0.228	-0.228	-0.228	-0.087	-0.222	-0.059	-0.036	-0.212	-0.206	-0.226	-0.237	+0.599	+0.571	+0.310	+1.972	+1.886	+0.301	+2.609	+0.199	+2.260	+2.449	+0.554	+2.160	-0.547	+2.064	+2.088	-0.594	+0.243	+1.825	+1.822	+1.669	+1.660	+1.808	+1.648	+1.640	+0.050	+1.898	+1.607	+1.754	+0.892	+1.754	+1.608	+1.752	+1.753	+1.753	+1.753	+1.770	+1.951	+0.168	+1.755	+0.196	+1.761	+1.951	+1.761	+0.175	+0.175	+1.967	+0.784	+1.898	+0.971	+0.195	+0.964	+0.696	+1.933	+0.615	+0.616	+0.579	+1.697	+1.742	+1.596	+0.618	+0.597	+0.576	+0.599	-0.470	-0.542	-0.550	-0.541	-0.528	-0.544	-0.555	-0.544	-0.581	-0.547	-0.544	-0.544	-0.525	-0.463	-0.437	-0.436	-0.436	-0.436	-0.330	-0.337	-0.331	-0.435	-0.435	-0.435	-0.392	-0.390	-0.389	-0.344	-0.430	
rs10162739     -0.280	-0.298	-0.268	-0.267	-0.265	-0.222	-0.149	-0.022	+0.005	-0.208	-0.192	-0.236	-0.255	+0.534	+0.519	+0.257	+1.928	+1.842	+0.247	+2.570	+0.137	+2.220	+2.408	+0.500	+2.119	-0.606	+2.019	+2.042	-0.652	+0.192	+1.778	+1.776	+1.622	+1.613	+1.761	+1.601	+1.592	-0.001	+1.851	+1.559	+1.707	+0.841	+1.706	+1.561	+1.705	+1.705	+1.705	+1.705	+1.722	+1.905	+0.117	+1.708	+0.145	+1.714	+1.905	+1.713	+0.125	+0.125	+1.921	+0.735	+1.851	+0.920	+0.144	+0.914	+0.646	+1.886	+0.566	+0.566	+0.529	+1.650	+1.695	+1.537	+0.567	+0.546	+0.524	+0.548	-0.531	-0.602	-0.608	-0.601	-0.588	-0.604	-0.613	-0.604	-0.640	-0.606	-0.604	-0.604	-0.585	-0.524	-0.495	-0.495	-0.495	-0.495	-0.391	-0.398	-0.392	-0.494	-0.494	-0.494	-0.450	-0.448	-0.447	-0.406	-0.489	
rs2439371      -0.013	+0.006	-0.029	-0.031	-0.032	-0.059	-0.022	+0.173	+0.106	-0.023	-0.046	-0.041	-0.045	+0.890	+0.849	+0.584	+2.135	+2.050	+0.576	+2.738	+0.475	+2.397	+2.585	+0.839	+2.307	-0.308	+2.219	+2.242	-0.352	+0.444	+1.984	+1.982	+1.832	+1.823	+1.968	+1.812	+1.803	+0.264	+2.057	+1.770	+1.916	+1.097	+1.916	+1.772	+1.914	+1.914	+1.915	+1.915	+1.932	+2.109	+0.380	+1.917	+0.408	+1.923	+2.109	+1.923	+0.388	+0.387	+2.125	+0.988	+2.057	+1.177	+0.407	+1.170	+0.901	+2.097	+0.820	+0.821	+0.785	+1.864	+1.910	+1.758	+0.828	+0.807	+0.785	+0.809	-0.234	-0.304	-0.307	-0.302	-0.290	-0.305	-0.312	-0.305	-0.340	-0.308	-0.306	-0.306	-0.288	-0.229	-0.192	-0.192	-0.192	-0.192	-0.097	-0.104	-0.098	-0.191	-0.191	-0.191	-0.148	-0.146	-0.145	-0.108	-0.186	
rs2469141      +0.028	+0.049	+0.008	+0.006	+0.005	-0.036	+0.005	+0.106	+0.202	+0.012	-0.014	-0.006	-0.011	+0.923	+0.886	+0.619	+2.172	+2.087	+0.613	+2.773	+0.505	+2.432	+2.620	+0.876	+2.340	-0.280	+2.254	+2.277	-0.325	+0.471	+2.019	+2.016	+1.865	+1.857	+2.002	+1.845	+1.837	+0.291	+2.090	+1.804	+1.949	+1.127	+1.949	+1.806	+1.947	+1.948	+1.948	+1.948	+1.965	+2.143	+0.407	+1.950	+0.434	+1.956	+2.143	+1.956	+0.414	+0.414	+2.159	+1.017	+2.091	+1.206	+0.434	+1.199	+0.929	+2.130	+0.849	+0.850	+0.813	+1.898	+1.944	+1.784	+0.857	+0.836	+0.814	+0.838	-0.207	-0.277	-0.280	-0.276	-0.263	-0.279	-0.285	-0.278	-0.313	-0.281	-0.279	-0.279	-0.261	-0.202	-0.165	-0.165	-0.165	-0.165	-0.070	-0.077	-0.071	-0.164	-0.164	-0.164	-0.121	-0.119	-0.118	-0.080	-0.159	
rs2439370      -0.209	-0.208	-0.212	-0.212	-0.213	-0.212	-0.208	-0.023	+0.012	-0.041	-0.184	-0.196	-0.205	+0.652	+0.630	+0.367	+2.058	+1.971	+0.358	+2.692	+0.249	+2.341	+2.531	+0.614	+2.236	-0.503	+2.141	+2.165	-0.552	+0.285	+1.898	+1.896	+1.741	+1.733	+1.882	+1.720	+1.711	+0.094	+1.972	+1.678	+1.827	+0.951	+1.827	+1.680	+1.826	+1.826	+1.826	+1.826	+1.843	+2.027	+0.212	+1.829	+0.240	+1.834	+2.027	+1.834	+0.219	+0.219	+2.043	+0.842	+1.973	+1.032	+0.239	+1.025	+0.753	+2.008	+0.671	+0.672	+0.635	+1.769	+1.816	+1.661	+0.676	+0.655	+0.633	+0.657	-0.431	-0.502	-0.508	-0.501	-0.488	-0.504	-0.513	-0.504	-0.540	-0.506	-0.504	-0.504	-0.486	-0.424	-0.395	-0.394	-0.394	-0.394	-0.291	-0.298	-0.292	-0.393	-0.393	-0.393	-0.350	-0.348	-0.347	-0.304	-0.388	
rs2469142      -0.182	-0.187	-0.194	-0.195	-0.196	-0.206	-0.192	-0.046	-0.014	-0.184	-0.069	-0.181	-0.198	+0.625	+0.608	+0.343	+2.032	+1.945	+0.336	+2.671	+0.221	+2.319	+2.509	+0.591	+2.213	-0.529	+2.118	+2.142	-0.578	+0.269	+1.876	+1.873	+1.718	+1.709	+1.859	+1.697	+1.688	+0.069	+1.948	+1.655	+1.804	+0.916	+1.803	+1.657	+1.802	+1.802	+1.802	+1.802	+1.820	+2.003	+0.187	+1.805	+0.215	+1.811	+2.003	+1.810	+0.194	+0.194	+2.019	+0.807	+1.949	+0.996	+0.214	+0.989	+0.719	+1.985	+0.638	+0.639	+0.602	+1.747	+1.792	+1.628	+0.642	+0.620	+0.599	+0.622	-0.457	-0.528	-0.535	-0.527	-0.514	-0.530	-0.540	-0.530	-0.566	-0.533	-0.530	-0.530	-0.512	-0.450	-0.421	-0.420	-0.420	-0.420	-0.317	-0.324	-0.318	-0.419	-0.420	-0.420	-0.376	-0.374	-0.373	-0.331	-0.414	
rs10162752     -0.246	-0.255	-0.243	-0.242	-0.242	-0.226	-0.236	-0.041	-0.006	-0.196	-0.181	-0.108	-0.218	+0.583	+0.569	+0.304	+1.988	+1.900	+0.295	+2.626	+0.181	+2.274	+2.463	+0.549	+2.169	-0.568	+2.071	+2.094	-0.614	+0.232	+1.829	+1.827	+1.672	+1.664	+1.812	+1.651	+1.642	+0.037	+1.902	+1.609	+1.757	+0.883	+1.757	+1.611	+1.756	+1.756	+1.756	+1.757	+1.774	+1.957	+0.155	+1.759	+0.183	+1.765	+1.957	+1.765	+0.163	+0.162	+1.972	+0.775	+1.902	+0.963	+0.182	+0.956	+0.686	+1.938	+0.606	+0.606	+0.569	+1.701	+1.746	+1.582	+0.609	+0.587	+0.565	+0.589	-0.492	-0.564	-0.571	-0.563	-0.550	-0.566	-0.576	-0.566	-0.602	-0.568	-0.566	-0.566	-0.547	-0.485	-0.457	-0.457	-0.457	-0.457	-0.352	-0.360	-0.353	-0.456	-0.456	-0.456	-0.413	-0.410	-0.409	-0.367	-0.451	
rs2439369      -0.272	-0.284	-0.263	-0.263	-0.261	-0.237	-0.255	-0.045	-0.011	-0.205	-0.198	-0.218	-0.113	+0.577	+0.569	+0.303	+1.991	+1.904	+0.294	+2.628	+0.175	+2.276	+2.466	+0.549	+2.170	-0.574	+2.072	+2.096	-0.620	+0.229	+1.830	+1.828	+1.673	+1.664	+1.813	+1.652	+1.643	+0.033	+1.903	+1.610	+1.758	+0.880	+1.758	+1.612	+1.757	+1.757	+1.757	+1.757	+1.775	+1.958	+0.152	+1.760	+0.180	+1.766	+1.958	+1.765	+0.159	+0.159	+1.974	+0.772	+1.904	+0.960	+0.179	+0.954	+0.684	+1.939	+0.603	+0.603	+0.566	+1.701	+1.747	+1.576	+0.606	+0.584	+0.563	+0.586	-0.498	-0.570	-0.576	-0.568	-0.556	-0.572	-0.581	-0.571	-0.608	-0.574	-0.572	-0.572	-0.553	-0.491	-0.463	-0.463	-0.463	-0.462	-0.358	-0.365	-0.359	-0.462	-0.462	-0.462	-0.418	-0.416	-0.415	-0.373	-0.457	
rs118036296    +0.478	+0.430	+0.514	+0.517	+0.521	+0.599	+0.534	+0.890	+0.923	+0.652	+0.625	+0.583	+0.577	+0.620	+0.542	+0.382	+1.719	+1.635	+0.388	+2.390	+0.477	+2.026	+2.200	+0.517	+1.948	-0.020	+1.791	+1.812	+0.025	+0.462	+1.578	+1.574	+1.441	+1.433	+1.561	+1.423	+1.416	+0.519	+1.643	+1.387	+1.515	+1.125	+1.515	+1.389	+1.513	+1.513	+1.514	+1.514	+1.528	+1.687	+0.627	+1.516	+0.653	+1.521	+1.688	+1.521	+0.634	+0.634	+1.703	+1.054	+1.642	+1.196	+0.651	+1.192	+0.972	+1.673	+0.902	+0.903	+0.871	+1.466	+1.506	+1.349	+0.887	+0.866	+0.846	+0.869	+0.079	+0.022	+0.053	+0.023	+0.033	+0.020	+0.045	+0.021	+0.001	+0.019	+0.020	+0.020	+0.034	+0.098	+0.171	+0.172	+0.174	+0.172	+0.219	+0.212	+0.219	+0.172	+0.170	+0.170	+0.230	+0.233	+0.233	+0.198	+0.168	
rs2439426      +0.471	+0.427	+0.505	+0.507	+0.510	+0.571	+0.519	+0.849	+0.886	+0.630	+0.608	+0.569	+0.569	+0.542	+0.624	+0.503	+1.964	+1.817	+0.395	+2.283	+0.385	+1.936	+2.121	+0.500	+1.883	+0.031	+1.720	+1.741	+0.095	+0.449	+1.515	+1.512	+1.381	+1.374	+1.499	+1.364	+1.357	+0.517	+1.577	+1.330	+1.453	+1.161	+1.452	+1.331	+1.451	+1.451	+1.451	+1.451	+1.465	+1.621	+0.619	+1.454	+0.643	+1.458	+1.622	+1.458	+0.624	+0.624	+1.636	+1.048	+1.577	+1.235	+0.640	+1.229	+0.967	+1.606	+0.899	+0.900	+0.870	+1.408	+1.445	+1.354	+0.883	+0.865	+0.845	+0.868	+0.132	+0.073	+0.096	+0.074	+0.084	+0.072	+0.089	+0.072	+0.050	+0.070	+0.072	+0.071	+0.086	+0.162	+0.214	+0.215	+0.217	+0.215	+0.288	+0.281	+0.288	+0.215	+0.213	+0.214	+0.269	+0.272	+0.272	+0.269	+0.213	
rs7359178      +0.210	+0.167	+0.242	+0.245	+0.248	+0.310	+0.257	+0.584	+0.619	+0.367	+0.343	+0.304	+0.303	+0.382	+0.503	+0.340	+2.539	+2.328	+0.196	+2.345	+0.165	+1.958	+2.177	+0.347	+1.920	-0.225	+1.674	+1.696	-0.172	+0.265	+1.446	+1.442	+1.303	+1.295	+1.428	+1.284	+1.277	+0.308	+1.512	+1.247	+1.377	+0.964	+1.377	+1.249	+1.376	+1.376	+1.376	+1.376	+1.390	+1.559	+0.401	+1.379	+0.426	+1.384	+1.559	+1.384	+0.407	+0.407	+1.575	+0.855	+1.511	+1.039	+0.424	+1.033	+0.773	+1.543	+0.714	+0.714	+0.683	+1.328	+1.366	+1.242	+0.687	+0.668	+0.648	+0.671	-0.118	-0.179	-0.161	-0.178	-0.167	-0.181	-0.168	-0.181	-0.205	-0.183	-0.181	-0.181	-0.166	-0.092	-0.045	-0.044	-0.042	-0.044	+0.035	+0.028	+0.035	-0.044	-0.045	-0.045	+0.008	+0.011	+0.011	+0.015	-0.045	
rs12441773     +1.876	+1.825	+1.913	+1.915	+1.919	+1.972	+1.928	+2.135	+2.172	+2.058	+2.032	+1.988	+1.991	+1.719	+1.964	+2.539	+2.053	+2.017	+1.756	+2.497	+1.739	+2.260	+2.370	+1.676	+2.202	+1.453	+2.178	+2.193	+1.539	+1.528	+2.070	+2.068	+1.983	+1.978	+2.060	+1.973	+1.967	+1.689	+2.094	+1.950	+2.014	+2.113	+2.013	+1.951	+2.013	+2.013	+2.013	+2.013	+2.023	+2.125	+1.757	+2.014	+1.777	+2.017	+2.126	+2.017	+1.760	+1.760	+2.135	+2.005	+2.097	+2.178	+1.774	+2.173	+1.938	+2.120	+1.901	+1.901	+1.878	+2.008	+2.018	+2.025	+1.869	+1.856	+1.839	+1.860	+1.448	+1.396	+1.441	+1.397	+1.408	+1.395	+1.431	+1.395	+1.384	+1.394	+1.394	+1.395	+1.408	+1.479	+1.564	+1.566	+1.569	+1.566	+1.600	+1.593	+1.600	+1.565	+1.563	+1.563	+1.626	+1.629	+1.629	+1.582	+1.558	
rs12441801     +1.789	+1.738	+1.826	+1.829	+1.832	+1.886	+1.842	+2.050	+2.087	+1.971	+1.945	+1.900	+1.904	+1.635	+1.817	+2.328	+2.017	+1.961	+1.657	+2.465	+1.643	+2.217	+2.335	+1.587	+2.160	+1.361	+2.128	+2.144	+1.448	+1.450	+2.016	+2.013	+1.925	+1.921	+2.004	+1.915	+1.909	+1.612	+2.041	+1.892	+1.958	+2.045	+1.957	+1.892	+1.957	+1.957	+1.957	+1.957	+1.967	+2.073	+1.680	+1.958	+1.701	+1.961	+2.073	+1.961	+1.684	+1.684	+2.083	+1.936	+2.044	+2.108	+1.698	+2.105	+1.867	+2.067	+1.830	+1.831	+1.808	+1.951	+1.961	+1.964	+1.799	+1.784	+1.767	+1.788	+1.363	+1.311	+1.355	+1.311	+1.322	+1.309	+1.345	+1.309	+1.298	+1.308	+1.309	+1.309	+1.322	+1.393	+1.478	+1.479	+1.482	+1.479	+1.514	+1.507	+1.514	+1.478	+1.476	+1.476	+1.539	+1.542	+1.542	+1.496	+1.471	
rs16950152     +0.198	+0.153	+0.232	+0.235	+0.238	+0.301	+0.247	+0.576	+0.613	+0.358	+0.336	+0.295	+0.294	+0.388	+0.395	+0.196	+1.756	+1.657	+0.314	+3.159	+0.159	+2.538	+2.654	+0.378	+2.104	-0.260	+1.814	+1.839	-0.217	+0.227	+1.532	+1.529	+1.369	+1.360	+1.513	+1.346	+1.339	+0.276	+1.603	+1.305	+1.451	+0.884	+1.451	+1.307	+1.449	+1.449	+1.449	+1.449	+1.463	+1.659	+0.382	+1.453	+0.408	+1.459	+1.660	+1.459	+0.388	+0.388	+1.678	+0.810	+1.603	+0.954	+0.406	+0.951	+0.729	+1.640	+0.659	+0.660	+0.629	+1.393	+1.436	+1.242	+0.644	+0.623	+0.603	+0.626	-0.154	-0.216	-0.200	-0.215	-0.204	-0.218	-0.207	-0.218	-0.243	-0.220	-0.218	-0.218	-0.203	-0.142	-0.084	-0.083	-0.082	-0.083	-0.020	-0.026	-0.020	-0.083	-0.084	-0.084	-0.033	-0.030	-0.030	-0.039	-0.085	
rs4776823      +2.518	+2.464	+2.555	+2.558	+2.562	+2.609	+2.570	+2.738	+2.773	+2.692	+2.671	+2.626	+2.628	+2.390	+2.283	+2.345	+2.497	+2.465	+3.159	+2.749	+2.784	+2.707	+2.649	+2.582	+2.545	+2.229	+2.489	+2.497	+2.239	+2.097	+2.424	+2.423	+2.385	+2.384	+2.419	+2.381	+2.379	+2.278	+2.440	+2.373	+2.402	+2.498	+2.402	+2.374	+2.401	+2.401	+2.401	+2.401	+2.406	+2.456	+2.339	+2.402	+2.358	+2.403	+2.456	+2.403	+2.343	+2.343	+2.462	+2.461	+2.441	+2.548	+2.356	+2.548	+2.403	+2.453	+2.377	+2.377	+2.358	+2.394	+2.401	+2.415	+2.349	+2.335	+2.321	+2.338	+2.097	+2.040	+2.074	+2.041	+2.053	+2.038	+2.067	+2.038	+2.024	+2.037	+2.037	+2.037	+2.052	+2.103	+2.203	+2.203	+2.203	+2.203	+2.218	+2.212	+2.218	+2.204	+2.204	+2.204	+2.248	+2.251	+2.252	+2.203	+2.198	
rs72756477     +0.084	+0.039	+0.119	+0.121	+0.125	+0.199	+0.137	+0.475	+0.505	+0.249	+0.221	+0.181	+0.175	+0.477	+0.385	+0.165	+1.739	+1.643	+0.159	+2.784	+0.202	+2.281	+2.461	+0.353	+2.051	-0.378	+1.812	+1.836	-0.345	+0.186	+1.546	+1.544	+1.386	+1.377	+1.528	+1.364	+1.356	+0.202	+1.616	+1.322	+1.468	+0.862	+1.467	+1.324	+1.465	+1.465	+1.466	+1.466	+1.479	+1.671	+0.313	+1.468	+0.340	+1.474	+1.671	+1.474	+0.320	+0.320	+1.689	+0.785	+1.616	+0.935	+0.338	+0.931	+0.701	+1.653	+0.629	+0.629	+0.596	+1.412	+1.453	+1.300	+0.613	+0.591	+0.570	+0.593	-0.275	-0.335	-0.313	-0.334	-0.324	-0.337	-0.320	-0.337	-0.360	-0.339	-0.337	-0.337	-0.323	-0.261	-0.198	-0.197	-0.196	-0.197	-0.140	-0.146	-0.140	-0.197	-0.199	-0.199	-0.144	-0.141	-0.141	-0.161	-0.200	
rs62005625     +2.169	+2.116	+2.205	+2.208	+2.211	+2.260	+2.220	+2.397	+2.432	+2.341	+2.319	+2.274	+2.276	+2.026	+1.936	+1.958	+2.260	+2.217	+2.538	+2.707	+2.281	+2.386	+2.467	+2.128	+2.320	+1.851	+2.251	+2.263	+1.870	+1.778	+2.167	+2.164	+2.107	+2.104	+2.158	+2.100	+2.097	+1.965	+2.188	+2.086	+2.131	+2.219	+2.131	+2.087	+2.130	+2.130	+2.130	+2.130	+2.137	+2.210	+2.030	+2.131	+2.050	+2.133	+2.210	+2.133	+2.034	+2.034	+2.218	+2.177	+2.188	+2.273	+2.048	+2.271	+2.118	+2.206	+2.087	+2.088	+2.068	+2.122	+2.131	+2.146	+2.059	+2.045	+2.030	+2.048	+1.758	+1.700	+1.733	+1.701	+1.714	+1.699	+1.726	+1.699	+1.684	+1.697	+1.698	+1.698	+1.712	+1.766	+1.860	+1.861	+1.860	+1.861	+1.881	+1.875	+1.881	+1.862	+1.862	+1.862	+1.907	+1.909	+1.910	+1.865	+1.856	
rs61049230     +2.356	+2.302	+2.393	+2.395	+2.399	+2.449	+2.408	+2.585	+2.620	+2.531	+2.509	+2.463	+2.466	+2.200	+2.121	+2.177	+2.370	+2.335	+2.654	+2.649	+2.461	+2.467	+2.572	+2.499	+2.425	+2.070	+2.358	+2.367	+2.073	+1.938	+2.285	+2.284	+2.243	+2.242	+2.280	+2.239	+2.237	+2.116	+2.303	+2.231	+2.262	+2.341	+2.262	+2.231	+2.261	+2.261	+2.261	+2.261	+2.266	+2.320	+2.178	+2.262	+2.197	+2.264	+2.320	+2.264	+2.181	+2.181	+2.326	+2.303	+2.304	+2.392	+2.195	+2.391	+2.246	+2.317	+2.218	+2.219	+2.200	+2.252	+2.261	+2.264	+2.190	+2.177	+2.162	+2.180	+1.930	+1.874	+1.910	+1.875	+1.888	+1.873	+1.902	+1.873	+1.860	+1.871	+1.872	+1.872	+1.886	+1.938	+2.037	+2.038	+2.038	+2.038	+2.053	+2.046	+2.052	+2.039	+2.039	+2.039	+2.083	+2.086	+2.087	+2.036	+2.033	
rs2278603      +0.450	+0.404	+0.485	+0.487	+0.491	+0.554	+0.500	+0.839	+0.876	+0.614	+0.591	+0.549	+0.549	+0.517	+0.500	+0.347	+1.676	+1.587	+0.378	+2.582	+0.353	+2.128	+2.499	+0.573	+2.162	-0.009	+1.840	+1.866	+0.043	+0.373	+1.536	+1.533	+1.379	+1.371	+1.518	+1.358	+1.350	+0.470	+1.621	+1.318	+1.471	+1.001	+1.471	+1.320	+1.468	+1.468	+1.469	+1.469	+1.482	+1.678	+0.560	+1.472	+0.584	+1.478	+1.679	+1.478	+0.565	+0.565	+1.698	+0.934	+1.622	+1.068	+0.582	+1.065	+0.856	+1.660	+0.802	+0.803	+0.773	+1.404	+1.455	+1.278	+0.775	+0.756	+0.736	+0.759	+0.079	+0.019	+0.041	+0.020	+0.031	+0.017	+0.034	+0.018	-0.005	+0.016	+0.017	+0.017	+0.031	+0.090	+0.158	+0.159	+0.160	+0.159	+0.210	+0.204	+0.210	+0.159	+0.158	+0.158	+0.211	+0.214	+0.214	+0.191	+0.156	
rs2469123      +2.069	+2.020	+2.104	+2.106	+2.110	+2.160	+2.119	+2.307	+2.340	+2.236	+2.213	+2.169	+2.170	+1.948	+1.883	+1.920	+2.202	+2.160	+2.104	+2.545	+2.051	+2.320	+2.425	+2.162	+2.310	+1.827	+2.192	+2.203	+1.830	+1.714	+2.100	+2.098	+2.044	+2.041	+2.092	+2.037	+2.035	+1.859	+2.123	+2.026	+2.068	+2.150	+2.068	+2.026	+2.067	+2.067	+2.068	+2.068	+2.074	+2.144	+1.920	+2.069	+1.938	+2.071	+2.144	+2.071	+1.923	+1.923	+2.151	+2.050	+2.123	+2.202	+1.935	+2.200	+1.995	+2.139	+1.965	+1.966	+1.946	+2.056	+2.067	+2.066	+1.939	+1.926	+1.912	+1.929	+1.687	+1.635	+1.674	+1.635	+1.647	+1.633	+1.666	+1.633	+1.622	+1.632	+1.632	+1.633	+1.645	+1.711	+1.798	+1.798	+1.799	+1.799	+1.831	+1.824	+1.830	+1.799	+1.799	+1.799	+1.845	+1.847	+1.848	+1.817	+1.794	
rs2469122      -0.654	-0.695	-0.621	-0.619	-0.616	-0.547	-0.606	-0.308	-0.280	-0.503	-0.529	-0.568	-0.574	-0.020	+0.031	-0.225	+1.453	+1.361	-0.260	+2.229	-0.378	+1.851	+2.070	-0.009	+1.827	-0.605	+1.684	+1.709	-0.963	-0.218	+1.411	+1.395	+1.230	+1.221	+1.379	+1.207	+1.199	+0.689	+1.490	+1.163	+1.328	+0.730	+1.328	+1.165	+1.327	+1.328	+1.328	+1.328	+1.344	+1.543	+0.928	+1.331	+0.987	+1.338	+1.543	+1.338	+0.934	+0.934	+1.560	+0.617	+1.485	+0.823	+0.964	+0.815	+0.513	+1.519	+0.429	+0.428	+0.388	+1.253	+1.309	+1.075	+0.393	+0.367	+0.338	+0.370	-0.968	-1.035	-1.030	-1.034	-1.022	-1.037	-1.035	-1.036	-1.066	-1.039	-1.037	-1.037	-1.019	-0.953	-0.921	-0.920	-0.920	-0.920	-0.827	-0.834	-0.828	-0.920	-0.920	-0.920	-0.876	-0.874	-0.873	-0.849	-0.917	
rs2439403      +1.967	+1.913	+2.004	+2.006	+2.010	+2.064	+2.019	+2.219	+2.254	+2.141	+2.118	+2.071	+2.072	+1.791	+1.720	+1.674	+2.178	+2.128	+1.814	+2.489	+1.812	+2.251	+2.358	+1.840	+2.192	+1.684	+2.126	+2.145	+1.683	+1.547	+1.995	+2.005	+1.988	+1.988	+2.001	+1.984	+1.990	+1.697	+2.026	+1.994	+2.015	+1.932	+2.015	+1.995	+2.011	+2.012	+2.012	+2.012	+2.007	+2.052	+1.760	+2.013	+1.778	+2.012	+2.051	+2.011	+1.763	+1.763	+2.058	+1.893	+2.033	+1.982	+1.776	+1.980	+1.837	+2.040	+1.806	+1.807	+1.787	+1.970	+1.990	+1.904	+1.781	+1.767	+1.753	+1.770	+1.558	+1.492	+1.516	+1.493	+1.508	+1.490	+1.507	+1.490	+1.465	+1.488	+1.490	+1.489	+1.507	+1.560	+1.634	+1.635	+1.636	+1.635	+1.683	+1.676	+1.682	+1.636	+1.635	+1.635	+1.685	+1.687	+1.688	+1.669	+1.629	
rs2439402      +1.990	+1.936	+2.027	+2.030	+2.034	+2.088	+2.042	+2.242	+2.277	+2.165	+2.142	+2.094	+2.096	+1.812	+1.741	+1.696	+2.193	+2.144	+1.839	+2.497	+1.836	+2.263	+2.367	+1.866	+2.203	+1.709	+2.145	+2.150	+1.708	+1.569	+2.017	+2.029	+2.022	+2.023	+2.027	+2.019	+2.026	+1.717	+2.047	+2.034	+2.050	+1.948	+2.050	+2.035	+2.046	+2.046	+2.046	+2.046	+2.039	+2.072	+1.779	+2.047	+1.798	+2.045	+2.071	+2.043	+1.783	+1.783	+2.078	+1.910	+2.056	+1.998	+1.795	+1.996	+1.854	+2.060	+1.824	+1.824	+1.804	+1.997	+2.019	+1.924	+1.798	+1.785	+1.771	+1.788	+1.580	+1.514	+1.539	+1.515	+1.530	+1.512	+1.529	+1.512	+1.487	+1.510	+1.512	+1.511	+1.529	+1.582	+1.657	+1.658	+1.659	+1.658	+1.705	+1.698	+1.704	+1.658	+1.657	+1.657	+1.707	+1.710	+1.710	+1.691	+1.652	
rs2119260      -0.698	-0.738	-0.667	-0.665	-0.661	-0.594	-0.652	-0.352	-0.325	-0.552	-0.578	-0.614	-0.620	+0.025	+0.095	-0.172	+1.539	+1.448	-0.217	+2.239	-0.345	+1.870	+2.073	+0.043	+1.830	-0.963	+1.683	+1.708	-0.628	-0.036	+1.438	+1.425	+1.266	+1.257	+1.409	+1.244	+1.235	-0.182	+1.512	+1.201	+1.357	+1.442	+1.357	+1.203	+1.356	+1.357	+1.357	+1.357	+1.373	+1.563	-0.035	+1.360	+0.001	+1.366	+1.563	+1.366	-0.028	-0.028	+1.580	+1.256	+1.509	+1.587	-0.003	+1.569	+1.084	+1.544	+0.956	+0.954	+0.896	+1.291	+1.343	+1.126	+0.865	+0.827	+0.779	+0.831	-0.980	-1.051	-1.053	-1.049	-1.036	-1.052	-1.058	-1.052	-1.087	-1.055	-1.052	-1.053	-1.033	-0.966	-0.942	-0.941	-0.940	-0.941	-0.836	-0.843	-0.836	-0.940	-0.941	-0.941	-0.896	-0.893	-0.893	-0.858	-0.937	
rs2119261      +0.145	+0.102	+0.177	+0.179	+0.182	+0.243	+0.192	+0.444	+0.471	+0.285	+0.269	+0.232	+0.229	+0.462	+0.449	+0.265	+1.528	+1.450	+0.227	+2.097	+0.186	+1.778	+1.938	+0.373	+1.714	-0.218	+1.547	+1.569	-0.036	+0.254	+1.328	+1.324	+1.187	+1.180	+1.310	+1.169	+1.161	+0.035	+1.393	+1.132	+1.262	+1.263	+1.262	+1.134	+1.261	+1.261	+1.261	+1.261	+1.274	+1.439	+0.119	+1.264	+0.140	+1.269	+1.439	+1.269	+0.125	+0.125	+1.454	+1.198	+1.392	+1.344	+0.138	+1.340	+1.094	+1.423	+1.009	+1.011	+0.971	+1.212	+1.252	+1.112	+0.983	+0.958	+0.932	+0.960	-0.085	-0.174	-0.214	-0.173	-0.152	-0.176	-0.218	-0.176	-0.235	-0.180	-0.175	-0.176	-0.149	-0.115	-0.097	-0.097	-0.099	-0.097	+0.020	+0.012	+0.019	-0.095	-0.094	-0.094	-0.062	-0.060	-0.059	+0.012	-0.094	
rs2469120      +1.726	+1.674	+1.763	+1.766	+1.770	+1.825	+1.778	+1.984	+2.019	+1.898	+1.876	+1.829	+1.830	+1.578	+1.515	+1.446	+2.070	+2.016	+1.532	+2.424	+1.546	+2.167	+2.285	+1.536	+2.100	+1.411	+1.995	+2.017	+1.438	+1.328	+1.878	+1.861	+1.825	+1.823	+1.852	+1.817	+1.823	+1.480	+1.886	+1.826	+1.815	+1.757	+1.815	+1.825	+1.812	+1.813	+1.813	+1.813	+1.818	+1.919	+1.559	+1.814	+1.579	+1.814	+1.916	+1.813	+1.564	+1.564	+1.929	+1.721	+1.883	+1.815	+1.577	+1.812	+1.658	+1.900	+1.611	+1.612	+1.589	+1.788	+1.793	+1.723	+1.598	+1.583	+1.568	+1.585	+1.331	+1.263	+1.284	+1.264	+1.280	+1.261	+1.275	+1.262	+1.235	+1.259	+1.262	+1.261	+1.280	+1.333	+1.402	+1.403	+1.403	+1.403	+1.456	+1.449	+1.456	+1.404	+1.402	+1.403	+1.450	+1.453	+1.454	+1.443	+1.397	
rs61219780     +1.724	+1.671	+1.761	+1.763	+1.767	+1.822	+1.776	+1.982	+2.016	+1.896	+1.873	+1.827	+1.828	+1.574	+1.512	+1.442	+2.068	+2.013	+1.529	+2.423	+1.544	+2.164	+2.284	+1.533	+2.098	+1.395	+2.005	+2.029	+1.425	+1.324	+1.861	+1.874	+1.817	+1.816	+1.868	+1.811	+1.816	+1.468	+1.884	+1.817	+1.812	+1.748	+1.812	+1.817	+1.810	+1.810	+1.810	+1.810	+1.815	+1.930	+1.546	+1.811	+1.566	+1.811	+1.925	+1.811	+1.551	+1.551	+1.940	+1.708	+1.888	+1.800	+1.564	+1.799	+1.649	+1.908	+1.602	+1.603	+1.580	+1.796	+1.795	+1.721	+1.589	+1.574	+1.559	+1.576	+1.326	+1.259	+1.280	+1.260	+1.275	+1.257	+1.271	+1.257	+1.231	+1.255	+1.257	+1.257	+1.275	+1.329	+1.398	+1.398	+1.399	+1.399	+1.453	+1.446	+1.452	+1.399	+1.398	+1.398	+1.446	+1.449	+1.450	+1.439	+1.393	
rs2439401      +1.570	+1.518	+1.607	+1.609	+1.613	+1.669	+1.622	+1.832	+1.865	+1.741	+1.718	+1.672	+1.673	+1.441	+1.381	+1.303	+1.983	+1.925	+1.369	+2.385	+1.386	+2.107	+2.243	+1.379	+2.044	+1.230	+1.988	+2.022	+1.266	+1.187	+1.825	+1.817	+1.716	+1.710	+1.803	+1.700	+1.699	+1.336	+1.852	+1.686	+1.740	+1.634	+1.739	+1.687	+1.736	+1.736	+1.736	+1.736	+1.745	+1.898	+1.416	+1.738	+1.436	+1.739	+1.891	+1.738	+1.420	+1.420	+1.911	+1.596	+1.844	+1.693	+1.434	+1.690	+1.531	+1.864	+1.483	+1.484	+1.461	+1.697	+1.712	+1.620	+1.470	+1.455	+1.439	+1.456	+1.182	+1.114	+1.133	+1.115	+1.131	+1.112	+1.124	+1.112	+1.085	+1.110	+1.112	+1.111	+1.130	+1.185	+1.250	+1.251	+1.252	+1.251	+1.309	+1.302	+1.308	+1.252	+1.251	+1.251	+1.299	+1.301	+1.302	+1.295	+1.246	
rs2469113      +1.562	+1.510	+1.598	+1.601	+1.605	+1.660	+1.613	+1.823	+1.857	+1.733	+1.709	+1.664	+1.664	+1.433	+1.374	+1.295	+1.978	+1.921	+1.360	+2.384	+1.377	+2.104	+2.242	+1.371	+2.041	+1.221	+1.988	+2.023	+1.257	+1.180	+1.823	+1.816	+1.710	+1.708	+1.802	+1.696	+1.695	+1.328	+1.852	+1.680	+1.737	+1.628	+1.737	+1.681	+1.733	+1.733	+1.734	+1.734	+1.742	+1.899	+1.409	+1.735	+1.429	+1.737	+1.891	+1.735	+1.413	+1.413	+1.912	+1.590	+1.844	+1.687	+1.426	+1.684	+1.525	+1.863	+1.477	+1.477	+1.454	+1.693	+1.708	+1.615	+1.463	+1.448	+1.433	+1.450	+1.174	+1.106	+1.125	+1.107	+1.123	+1.104	+1.116	+1.104	+1.077	+1.102	+1.104	+1.103	+1.123	+1.177	+1.242	+1.243	+1.244	+1.243	+1.301	+1.294	+1.300	+1.244	+1.243	+1.243	+1.291	+1.293	+1.294	+1.287	+1.238	
rs2439399      +1.709	+1.657	+1.746	+1.749	+1.753	+1.808	+1.761	+1.968	+2.002	+1.882	+1.859	+1.812	+1.813	+1.561	+1.499	+1.428	+2.060	+2.004	+1.513	+2.419	+1.528	+2.158	+2.280	+1.518	+2.092	+1.379	+2.001	+2.027	+1.409	+1.310	+1.852	+1.868	+1.803	+1.802	+1.859	+1.797	+1.801	+1.455	+1.879	+1.802	+1.803	+1.737	+1.803	+1.801	+1.801	+1.801	+1.801	+1.801	+1.807	+1.926	+1.534	+1.802	+1.554	+1.803	+1.922	+1.802	+1.538	+1.538	+1.936	+1.697	+1.882	+1.789	+1.551	+1.788	+1.637	+1.903	+1.590	+1.591	+1.569	+1.786	+1.786	+1.711	+1.577	+1.563	+1.548	+1.564	+1.313	+1.245	+1.266	+1.247	+1.262	+1.244	+1.257	+1.244	+1.217	+1.241	+1.243	+1.243	+1.261	+1.315	+1.383	+1.384	+1.385	+1.384	+1.439	+1.432	+1.439	+1.385	+1.384	+1.384	+1.432	+1.434	+1.435	+1.425	+1.379	
rs2439398      +1.549	+1.497	+1.586	+1.588	+1.592	+1.648	+1.601	+1.812	+1.845	+1.720	+1.697	+1.651	+1.652	+1.423	+1.364	+1.284	+1.973	+1.915	+1.346	+2.381	+1.364	+2.100	+2.239	+1.358	+2.037	+1.207	+1.984	+2.019	+1.244	+1.169	+1.817	+1.811	+1.700	+1.696	+1.797	+1.695	+1.684	+1.318	+1.848	+1.668	+1.731	+1.619	+1.730	+1.669	+1.727	+1.727	+1.727	+1.727	+1.736	+1.896	+1.398	+1.729	+1.418	+1.730	+1.888	+1.729	+1.403	+1.403	+1.908	+1.581	+1.840	+1.678	+1.416	+1.675	+1.516	+1.859	+1.467	+1.468	+1.445	+1.686	+1.702	+1.608	+1.454	+1.439	+1.424	+1.441	+1.163	+1.095	+1.113	+1.096	+1.111	+1.093	+1.104	+1.093	+1.066	+1.091	+1.093	+1.092	+1.111	+1.166	+1.230	+1.231	+1.232	+1.231	+1.290	+1.283	+1.289	+1.232	+1.231	+1.231	+1.278	+1.281	+1.282	+1.276	+1.226	
rs2469115      +1.541	+1.489	+1.577	+1.580	+1.584	+1.640	+1.592	+1.803	+1.837	+1.711	+1.688	+1.642	+1.643	+1.416	+1.357	+1.277	+1.967	+1.909	+1.339	+2.379	+1.356	+2.097	+2.237	+1.350	+2.035	+1.199	+1.990	+2.026	+1.235	+1.161	+1.823	+1.816	+1.699	+1.695	+1.801	+1.684	+1.686	+1.311	+1.853	+1.667	+1.731	+1.613	+1.731	+1.668	+1.727	+1.727	+1.727	+1.727	+1.737	+1.902	+1.391	+1.729	+1.411	+1.731	+1.892	+1.729	+1.396	+1.396	+1.914	+1.574	+1.844	+1.672	+1.409	+1.669	+1.509	+1.862	+1.461	+1.461	+1.438	+1.683	+1.700	+1.603	+1.447	+1.432	+1.417	+1.434	+1.154	+1.086	+1.105	+1.087	+1.103	+1.084	+1.096	+1.084	+1.057	+1.082	+1.084	+1.084	+1.103	+1.157	+1.222	+1.223	+1.224	+1.223	+1.281	+1.274	+1.281	+1.224	+1.223	+1.223	+1.270	+1.273	+1.273	+1.267	+1.218	
rs57183043     -0.041	-0.078	-0.013	-0.011	-0.008	+0.050	-0.001	+0.264	+0.291	+0.094	+0.069	+0.037	+0.033	+0.519	+0.517	+0.308	+1.689	+1.612	+0.276	+2.278	+0.202	+1.965	+2.116	+0.470	+1.859	+0.689	+1.697	+1.717	-0.182	+0.035	+1.480	+1.468	+1.336	+1.328	+1.455	+1.318	+1.311	+0.126	+1.547	+1.282	+1.418	+0.556	+1.418	+1.284	+1.418	+1.418	+1.418	+1.418	+1.431	+1.590	+0.133	+1.421	+0.173	+1.427	+1.592	+1.427	+0.128	+0.128	+1.605	+0.474	+1.545	+0.627	+0.153	+0.623	+0.394	+1.576	+0.324	+0.325	+0.292	+1.363	+1.412	+1.270	+0.312	+0.292	+0.274	+0.294	-0.216	-0.298	-0.335	-0.296	-0.281	-0.300	-0.340	-0.300	-0.358	-0.303	-0.300	-0.300	-0.274	-0.211	-0.220	-0.219	-0.219	-0.219	-0.064	-0.072	-0.065	-0.219	-0.220	-0.220	-0.168	-0.165	-0.165	-0.077	-0.212	
rs2439396      +1.799	+1.746	+1.835	+1.838	+1.842	+1.898	+1.851	+2.057	+2.090	+1.972	+1.948	+1.902	+1.903	+1.643	+1.577	+1.512	+2.094	+2.041	+1.603	+2.440	+1.616	+2.188	+2.303	+1.621	+2.123	+1.490	+2.026	+2.047	+1.512	+1.393	+1.886	+1.884	+1.852	+1.852	+1.879	+1.848	+1.853	+1.547	+1.950	+1.857	+1.897	+1.800	+1.897	+1.857	+1.892	+1.892	+1.892	+1.892	+1.890	+1.962	+1.611	+1.892	+1.631	+1.887	+1.957	+1.884	+1.616	+1.616	+1.969	+1.764	+1.931	+1.857	+1.629	+1.853	+1.703	+1.942	+1.670	+1.670	+1.648	+1.828	+1.856	+1.773	+1.644	+1.631	+1.616	+1.633	+1.400	+1.333	+1.354	+1.334	+1.349	+1.331	+1.345	+1.331	+1.305	+1.329	+1.331	+1.330	+1.349	+1.403	+1.472	+1.472	+1.473	+1.472	+1.526	+1.519	+1.526	+1.473	+1.472	+1.472	+1.520	+1.522	+1.523	+1.513	+1.467	
rs2469116      +1.508	+1.456	+1.544	+1.547	+1.551	+1.607	+1.559	+1.770	+1.804	+1.678	+1.655	+1.609	+1.610	+1.387	+1.330	+1.247	+1.950	+1.892	+1.305	+2.373	+1.322	+2.086	+2.231	+1.318	+2.026	+1.163	+1.994	+2.034	+1.201	+1.132	+1.826	+1.817	+1.686	+1.680	+1.802	+1.668	+1.667	+1.282	+1.857	+1.652	+1.723	+1.588	+1.723	+1.649	+1.718	+1.719	+1.719	+1.719	+1.729	+1.907	+1.363	+1.721	+1.383	+1.722	+1.895	+1.720	+1.368	+1.368	+1.918	+1.550	+1.844	+1.649	+1.381	+1.645	+1.484	+1.861	+1.435	+1.436	+1.412	+1.669	+1.688	+1.583	+1.422	+1.407	+1.391	+1.409	+1.123	+1.055	+1.073	+1.056	+1.071	+1.053	+1.064	+1.053	+1.026	+1.051	+1.053	+1.052	+1.071	+1.126	+1.190	+1.191	+1.192	+1.191	+1.250	+1.243	+1.249	+1.192	+1.191	+1.191	+1.238	+1.241	+1.241	+1.236	+1.186	
rs2439395      +1.655	+1.602	+1.691	+1.694	+1.698	+1.754	+1.707	+1.916	+1.949	+1.827	+1.804	+1.757	+1.758	+1.515	+1.453	+1.377	+2.014	+1.958	+1.451	+2.402	+1.468	+2.131	+2.262	+1.471	+2.068	+1.328	+2.015	+2.050	+1.357	+1.262	+1.815	+1.812	+1.740	+1.737	+1.803	+1.731	+1.731	+1.418	+1.897	+1.723	+1.801	+1.690	+1.801	+1.723	+1.796	+1.796	+1.796	+1.796	+1.801	+1.940	+1.484	+1.797	+1.504	+1.796	+1.928	+1.794	+1.489	+1.489	+1.949	+1.652	+1.886	+1.748	+1.502	+1.744	+1.589	+1.899	+1.555	+1.555	+1.532	+1.732	+1.763	+1.673	+1.529	+1.515	+1.500	+1.517	+1.261	+1.194	+1.214	+1.195	+1.210	+1.192	+1.205	+1.192	+1.165	+1.190	+1.192	+1.191	+1.210	+1.264	+1.331	+1.332	+1.332	+1.332	+1.388	+1.381	+1.387	+1.333	+1.332	+1.332	+1.380	+1.382	+1.383	+1.374	+1.326	
rs893900       +0.801	+0.764	+0.831	+0.833	+0.836	+0.892	+0.841	+1.097	+1.127	+0.951	+0.916	+0.883	+0.880	+1.125	+1.161	+0.964	+2.113	+2.045	+0.884	+2.498	+0.862	+2.219	+2.341	+1.001	+2.150	+0.730	+1.932	+1.948	+1.442	+1.263	+1.757	+1.748	+1.634	+1.628	+1.737	+1.619	+1.613	+0.556	+1.800	+1.588	+1.690	+0.988	+1.689	+1.590	+1.690	+1.690	+1.690	+1.690	+1.703	+1.838	+0.591	+1.692	+0.601	+1.698	+1.841	+1.699	+0.594	+0.594	+1.852	+0.837	+1.801	+0.958	+0.601	+0.962	+0.808	+1.830	+0.793	+0.791	+0.798	+1.664	+1.692	+1.613	+0.777	+0.775	+0.772	+0.774	+0.545	+0.484	+0.498	+0.485	+0.498	+0.482	+0.491	+0.482	+0.458	+0.480	+0.480	+0.482	+0.499	+0.579	+0.624	+0.625	+0.631	+0.625	+0.713	+0.705	+0.712	+0.624	+0.621	+0.621	+0.688	+0.692	+0.690	+0.688	+0.612	
rs2439394      +1.655	+1.602	+1.691	+1.694	+1.698	+1.754	+1.706	+1.916	+1.949	+1.827	+1.803	+1.757	+1.758	+1.515	+1.452	+1.377	+2.013	+1.957	+1.451	+2.402	+1.467	+2.131	+2.262	+1.471	+2.068	+1.328	+2.015	+2.050	+1.357	+1.262	+1.815	+1.812	+1.739	+1.737	+1.803	+1.730	+1.731	+1.418	+1.897	+1.723	+1.801	+1.689	+1.801	+1.723	+1.796	+1.796	+1.796	+1.796	+1.801	+1.940	+1.484	+1.797	+1.504	+1.796	+1.928	+1.794	+1.489	+1.489	+1.949	+1.652	+1.886	+1.748	+1.501	+1.744	+1.589	+1.899	+1.554	+1.555	+1.532	+1.732	+1.763	+1.673	+1.529	+1.515	+1.500	+1.517	+1.261	+1.193	+1.213	+1.194	+1.210	+1.191	+1.205	+1.192	+1.165	+1.189	+1.192	+1.191	+1.210	+1.264	+1.331	+1.332	+1.332	+1.332	+1.388	+1.381	+1.387	+1.332	+1.331	+1.331	+1.380	+1.382	+1.383	+1.374	+1.326	
rs2469117      +1.510	+1.458	+1.546	+1.549	+1.553	+1.608	+1.561	+1.772	+1.806	+1.680	+1.657	+1.611	+1.612	+1.389	+1.331	+1.249	+1.951	+1.892	+1.307	+2.374	+1.324	+2.087	+2.231	+1.320	+2.026	+1.165	+1.995	+2.035	+1.203	+1.134	+1.825	+1.817	+1.687	+1.681	+1.801	+1.669	+1.668	+1.284	+1.857	+1.649	+1.723	+1.590	+1.723	+1.654	+1.719	+1.719	+1.719	+1.719	+1.729	+1.907	+1.365	+1.721	+1.385	+1.723	+1.896	+1.721	+1.369	+1.369	+1.919	+1.551	+1.845	+1.650	+1.383	+1.646	+1.486	+1.862	+1.437	+1.438	+1.414	+1.670	+1.689	+1.584	+1.423	+1.408	+1.393	+1.410	+1.125	+1.057	+1.075	+1.058	+1.073	+1.055	+1.066	+1.055	+1.028	+1.053	+1.055	+1.054	+1.073	+1.128	+1.192	+1.193	+1.194	+1.193	+1.252	+1.245	+1.251	+1.194	+1.193	+1.193	+1.240	+1.243	+1.243	+1.238	+1.188	
rs2469118      +1.653	+1.600	+1.690	+1.692	+1.696	+1.752	+1.705	+1.914	+1.947	+1.826	+1.802	+1.756	+1.757	+1.513	+1.451	+1.376	+2.013	+1.957	+1.449	+2.401	+1.465	+2.130	+2.261	+1.468	+2.067	+1.327	+2.011	+2.046	+1.356	+1.261	+1.812	+1.810	+1.736	+1.733	+1.801	+1.727	+1.727	+1.418	+1.892	+1.718	+1.796	+1.690	+1.796	+1.719	+1.799	+1.798	+1.799	+1.799	+1.803	+1.946	+1.483	+1.800	+1.503	+1.798	+1.933	+1.796	+1.487	+1.487	+1.944	+1.652	+1.883	+1.748	+1.502	+1.745	+1.589	+1.896	+1.554	+1.555	+1.532	+1.730	+1.760	+1.672	+1.529	+1.515	+1.500	+1.517	+1.260	+1.192	+1.211	+1.193	+1.209	+1.190	+1.203	+1.190	+1.164	+1.188	+1.190	+1.189	+1.208	+1.262	+1.329	+1.330	+1.330	+1.330	+1.386	+1.379	+1.386	+1.330	+1.329	+1.330	+1.378	+1.380	+1.381	+1.373	+1.324	
rs2469119      +1.653	+1.601	+1.690	+1.693	+1.696	+1.753	+1.705	+1.914	+1.948	+1.826	+1.802	+1.756	+1.757	+1.513	+1.451	+1.376	+2.013	+1.957	+1.449	+2.401	+1.465	+2.130	+2.261	+1.468	+2.067	+1.328	+2.012	+2.046	+1.357	+1.261	+1.813	+1.810	+1.736	+1.733	+1.801	+1.727	+1.727	+1.418	+1.892	+1.719	+1.796	+1.690	+1.796	+1.719	+1.798	+1.799	+1.799	+1.799	+1.803	+1.946	+1.483	+1.800	+1.503	+1.798	+1.934	+1.796	+1.487	+1.487	+1.945	+1.652	+1.883	+1.748	+1.502	+1.745	+1.589	+1.897	+1.554	+1.555	+1.532	+1.730	+1.760	+1.672	+1.529	+1.515	+1.500	+1.517	+1.260	+1.192	+1.211	+1.193	+1.209	+1.190	+1.203	+1.190	+1.164	+1.188	+1.190	+1.190	+1.209	+1.262	+1.329	+1.330	+1.330	+1.330	+1.386	+1.379	+1.386	+1.331	+1.330	+1.330	+1.378	+1.380	+1.381	+1.373	+1.325	
rs7180087      +1.653	+1.601	+1.690	+1.693	+1.697	+1.753	+1.705	+1.915	+1.948	+1.826	+1.802	+1.756	+1.757	+1.514	+1.451	+1.376	+2.013	+1.957	+1.449	+2.401	+1.466	+2.130	+2.261	+1.469	+2.068	+1.328	+2.012	+2.046	+1.357	+1.261	+1.813	+1.810	+1.736	+1.734	+1.801	+1.727	+1.727	+1.418	+1.892	+1.719	+1.796	+1.690	+1.796	+1.719	+1.799	+1.799	+1.799	+1.799	+1.803	+1.946	+1.483	+1.800	+1.503	+1.798	+1.934	+1.796	+1.488	+1.488	+1.945	+1.652	+1.883	+1.748	+1.502	+1.745	+1.589	+1.897	+1.555	+1.555	+1.532	+1.730	+1.761	+1.672	+1.529	+1.515	+1.500	+1.517	+1.260	+1.192	+1.212	+1.193	+1.209	+1.190	+1.203	+1.191	+1.164	+1.188	+1.191	+1.190	+1.209	+1.263	+1.329	+1.330	+1.331	+1.330	+1.387	+1.380	+1.386	+1.331	+1.330	+1.330	+1.378	+1.380	+1.381	+1.373	+1.325	
rs2439393      +1.654	+1.601	+1.690	+1.693	+1.697	+1.753	+1.705	+1.915	+1.948	+1.826	+1.802	+1.757	+1.757	+1.514	+1.451	+1.376	+2.013	+1.957	+1.449	+2.401	+1.466	+2.130	+2.261	+1.469	+2.068	+1.328	+2.012	+2.046	+1.357	+1.261	+1.813	+1.810	+1.736	+1.734	+1.801	+1.727	+1.727	+1.418	+1.892	+1.719	+1.796	+1.690	+1.796	+1.719	+1.799	+1.799	+1.799	+1.799	+1.803	+1.946	+1.483	+1.800	+1.503	+1.798	+1.934	+1.796	+1.488	+1.488	+1.945	+1.653	+1.883	+1.749	+1.502	+1.745	+1.589	+1.897	+1.555	+1.555	+1.532	+1.730	+1.761	+1.672	+1.529	+1.515	+1.500	+1.518	+1.260	+1.192	+1.212	+1.194	+1.209	+1.190	+1.203	+1.191	+1.164	+1.188	+1.191	+1.190	+1.209	+1.263	+1.329	+1.330	+1.331	+1.330	+1.387	+1.380	+1.386	+1.331	+1.330	+1.330	+1.378	+1.380	+1.381	+1.373	+1.325	
rs893904       +1.671	+1.618	+1.708	+1.710	+1.714	+1.770	+1.722	+1.932	+1.965	+1.843	+1.820	+1.774	+1.775	+1.528	+1.465	+1.390	+2.023	+1.967	+1.463	+2.406	+1.479	+2.137	+2.266	+1.482	+2.074	+1.344	+2.007	+2.039	+1.373	+1.274	+1.818	+1.815	+1.745	+1.742	+1.807	+1.736	+1.737	+1.431	+1.890	+1.729	+1.801	+1.703	+1.801	+1.729	+1.803	+1.803	+1.803	+1.803	+1.815	+1.938	+1.497	+1.804	+1.516	+1.803	+1.930	+1.801	+1.501	+1.501	+1.941	+1.665	+1.883	+1.761	+1.515	+1.757	+1.602	+1.898	+1.567	+1.568	+1.545	+1.739	+1.768	+1.682	+1.542	+1.528	+1.513	+1.530	+1.275	+1.207	+1.225	+1.208	+1.224	+1.205	+1.217	+1.205	+1.178	+1.203	+1.205	+1.204	+1.223	+1.278	+1.344	+1.344	+1.345	+1.344	+1.402	+1.395	+1.401	+1.345	+1.344	+1.344	+1.392	+1.394	+1.395	+1.388	+1.339	
rs893905       +1.852	+1.798	+1.889	+1.892	+1.896	+1.951	+1.905	+2.109	+2.143	+2.027	+2.003	+1.957	+1.958	+1.687	+1.621	+1.559	+2.125	+2.073	+1.659	+2.456	+1.671	+2.210	+2.320	+1.678	+2.144	+1.543	+2.052	+2.072	+1.563	+1.439	+1.919	+1.930	+1.898	+1.899	+1.926	+1.896	+1.902	+1.590	+1.962	+1.907	+1.940	+1.838	+1.940	+1.907	+1.946	+1.946	+1.946	+1.946	+1.938	+2.003	+1.653	+1.946	+1.672	+1.939	+2.002	+1.936	+1.657	+1.657	+2.007	+1.800	+1.968	+1.889	+1.671	+1.888	+1.742	+1.979	+1.709	+1.710	+1.688	+1.881	+1.904	+1.812	+1.684	+1.670	+1.656	+1.673	+1.448	+1.380	+1.401	+1.382	+1.397	+1.379	+1.393	+1.379	+1.353	+1.376	+1.378	+1.378	+1.396	+1.449	+1.520	+1.521	+1.521	+1.521	+1.573	+1.566	+1.573	+1.521	+1.520	+1.520	+1.569	+1.571	+1.572	+1.560	+1.515	
rs36120854     +0.077	+0.040	+0.105	+0.107	+0.110	+0.168	+0.117	+0.380	+0.407	+0.212	+0.187	+0.155	+0.152	+0.627	+0.619	+0.401	+1.757	+1.680	+0.382	+2.339	+0.313	+2.030	+2.178	+0.560	+1.920	+0.928	+1.760	+1.779	-0.035	+0.119	+1.559	+1.546	+1.416	+1.409	+1.534	+1.398	+1.391	+0.133	+1.611	+1.363	+1.484	+0.591	+1.484	+1.365	+1.483	+1.483	+1.483	+1.483	+1.497	+1.653	+0.253	+1.486	+0.186	+1.491	+1.654	+1.492	+0.164	+0.164	+1.668	+0.511	+1.609	+0.659	+0.171	+0.655	+0.436	+1.640	+0.372	+0.372	+0.342	+1.443	+1.478	+1.354	+0.360	+0.341	+0.324	+0.343	-0.091	-0.174	-0.214	-0.173	-0.157	-0.177	-0.219	-0.176	-0.237	-0.180	-0.177	-0.177	-0.150	-0.087	-0.099	-0.098	-0.097	-0.098	+0.061	+0.053	+0.060	-0.097	-0.098	-0.098	-0.045	-0.042	-0.043	+0.049	-0.090	
rs893906       +1.656	+1.603	+1.693	+1.695	+1.699	+1.755	+1.708	+1.917	+1.950	+1.829	+1.805	+1.759	+1.760	+1.516	+1.454	+1.379	+2.014	+1.958	+1.453	+2.402	+1.468	+2.131	+2.262	+1.472	+2.069	+1.331	+2.013	+2.047	+1.360	+1.264	+1.814	+1.811	+1.738	+1.735	+1.802	+1.729	+1.729	+1.421	+1.892	+1.721	+1.797	+1.692	+1.797	+1.721	+1.800	+1.800	+1.800	+1.800	+1.804	+1.946	+1.486	+1.802	+1.505	+1.802	+1.938	+1.800	+1.490	+1.490	+1.949	+1.654	+1.887	+1.750	+1.504	+1.747	+1.591	+1.900	+1.556	+1.557	+1.534	+1.733	+1.764	+1.674	+1.531	+1.517	+1.502	+1.519	+1.263	+1.195	+1.214	+1.196	+1.212	+1.193	+1.206	+1.193	+1.167	+1.191	+1.193	+1.192	+1.211	+1.265	+1.332	+1.333	+1.333	+1.333	+1.389	+1.382	+1.389	+1.334	+1.333	+1.333	+1.381	+1.383	+1.384	+1.376	+1.327	
