## Summary of overall evidence for association with region:
## log10(BF for region) = -0.606212
## p-value for region = NA

## BFs for choosing among multi-SNP models:
## log10(average 1-SNP BF) = -0.532942
## log10(average 2-SNP BF) = -0.80519

## Example posterior probabilities for multi-SNP models, based on default prior: [p(l) propto 0.5^l for l=1,2,...,L]
## posterior probability of 1-SNP = 0.789185
## posterior probability of 2-SNP = 0.210815

## log10(BF) for single SNP and pair of SNPs:
rs10191737     -0.498	-0.949	-0.915	-0.920	-0.920	-0.914	-0.910	-0.920	-0.703	-0.971	-0.920	-0.704	-0.913	-0.705	-0.913	-0.692	-0.920	-0.693	-0.918	-0.705	-0.689	-0.944	-0.910	-0.698	-0.912	-0.976	-0.976	-0.940	-0.976	-0.913	-0.976	-0.976	-0.893	-0.682	-0.976	-0.912	-0.913	-0.695	-0.976	-0.895	-0.890	-0.695	-0.976	-0.916	-0.691	-0.976	-0.894	-0.976	-0.673	-0.916	-0.976	-0.917	-0.694	-0.913	-0.694	-0.914	-0.694	-0.977	-0.977	-0.691	-0.886	-0.970	-0.697	-0.956	-0.686	-0.976	-0.914	-0.908	-0.956	-0.912	-0.912	-0.912	-0.693	-0.976	-0.912	-0.912	-0.910	-0.973	-0.912	-0.915	-0.912	-0.912	-0.912	-0.912	-0.912	-0.954	-0.912	-0.955	-0.912	-0.912	-0.912	-0.912	-0.911	-0.911	-0.911	-0.911	-0.912	-0.910	-0.957	-0.953	-0.977	-0.911	-0.911	-0.909	-0.909	-0.909	-0.909	-0.909	-0.687	-0.909	-0.909	-0.909	-0.909	-0.914	-0.909	-0.909	-0.955	-0.977	-0.909	-0.954	-0.909	-0.908	-0.909	-0.953	-0.884	-0.912	-0.668	-0.664	-0.669	-0.804	-0.668	-0.668	-0.668	-0.666	-0.691	-0.915	-0.813	-0.658	-0.670	-0.663	-0.669	-0.677	-0.678	-0.797	-0.683	-0.683	-0.801	-0.693	-0.691	-0.678	-0.687	-0.687	-0.683	-0.685	-0.729	-0.706	-0.726	-0.717	-0.726	-0.727	-0.727	-0.726	-0.727	-0.804	-0.727	-0.806	-0.725	-0.727	-0.725	-0.721	-0.719	-0.712	
rs6718577      -0.949	-0.600	-0.877	-0.895	-0.897	-0.897	-0.985	-0.895	-0.921	-0.967	-0.893	-0.921	-0.990	-0.922	-0.990	-0.917	-0.893	-0.917	-0.892	-0.922	-0.915	-0.748	-0.861	-0.919	-0.866	-0.959	-0.959	-1.025	-0.960	-0.870	-0.960	-0.960	-0.961	-0.912	-0.960	-0.866	-0.869	-0.918	-0.960	-0.915	-0.815	-0.917	-0.964	-0.877	-0.916	-0.963	-0.962	-0.964	-0.908	-0.877	-0.963	-0.881	-0.917	-0.870	-0.917	-0.871	-0.917	-0.961	-0.961	-0.916	-0.978	-0.956	-0.918	-0.769	-0.914	-0.963	-0.869	-0.853	-0.771	-0.864	-0.864	-0.864	-0.917	-0.963	-0.864	-0.864	-0.862	-0.968	-0.864	-0.875	-0.864	-0.864	-0.864	-0.864	-0.864	-0.770	-0.864	-0.771	-0.864	-0.864	-0.864	-0.864	-0.863	-0.861	-0.860	-0.860	-0.864	-0.860	-0.773	-0.771	-0.961	-0.861	-0.861	-0.857	-0.857	-0.856	-0.857	-0.857	-0.912	-0.857	-0.856	-0.857	-0.857	-0.871	-0.857	-0.857	-0.866	-0.958	-0.860	-0.865	-0.860	-0.858	-0.860	-0.775	-0.861	-0.872	-0.904	-0.902	-0.904	-0.971	-0.904	-0.904	-0.904	-0.903	-0.914	-0.883	-0.910	-0.899	-0.903	-0.900	-0.903	-0.906	-0.907	-0.965	-0.909	-0.909	-0.968	-0.914	-0.913	-0.906	-0.911	-0.911	-0.909	-0.910	-0.927	-0.909	-0.926	-0.921	-0.926	-0.926	-0.927	-0.926	-0.926	-0.969	-0.926	-0.971	-0.926	-0.926	-0.925	-0.919	-0.914	-0.910	
rs34484259     -0.915	-0.877	-0.564	-0.684	-0.679	-0.768	-0.922	-0.686	-0.882	-0.994	-0.689	-0.883	-0.924	-0.883	-0.924	-0.876	-0.688	-0.877	-0.693	-0.883	-0.874	-0.860	-0.685	-0.879	-0.691	-1.005	-1.005	-0.979	-1.004	-0.696	-1.004	-1.004	-0.906	-0.871	-1.004	-0.694	-0.696	-0.878	-1.004	-0.655	-0.638	-0.877	-1.002	-0.703	-0.875	-1.003	-0.907	-1.002	-0.865	-0.703	-1.003	-0.706	-0.877	-0.703	-0.877	-0.701	-0.877	-1.004	-1.004	-0.875	-0.920	-0.995	-0.878	-0.885	-0.873	-1.003	-0.701	-0.685	-0.886	-0.698	-0.698	-0.698	-0.876	-1.003	-0.698	-0.698	-0.698	-0.997	-0.698	-0.708	-0.698	-0.697	-0.697	-0.697	-0.697	-0.881	-0.697	-0.884	-0.697	-0.697	-0.697	-0.697	-0.696	-0.695	-0.694	-0.694	-0.698	-0.695	-0.887	-0.881	-1.005	-0.695	-0.696	-0.691	-0.691	-0.691	-0.691	-0.691	-0.871	-0.691	-0.691	-0.691	-0.691	-0.706	-0.691	-0.691	-0.868	-1.004	-0.699	-0.869	-0.698	-0.697	-0.699	-0.883	-0.605	-0.711	-0.861	-0.859	-0.861	-0.930	-0.861	-0.861	-0.861	-0.860	-0.873	-0.714	-0.840	-0.856	-0.860	-0.857	-0.860	-0.864	-0.865	-0.924	-0.867	-0.867	-0.928	-0.873	-0.872	-0.864	-0.870	-0.870	-0.867	-0.868	-0.893	-0.871	-0.891	-0.884	-0.891	-0.892	-0.892	-0.891	-0.891	-0.932	-0.892	-0.933	-0.890	-0.891	-0.890	-0.884	-0.878	-0.872	
rs11884359     -0.920	-0.895	-0.684	-0.569	-0.700	-0.794	-0.919	-0.699	-0.888	-1.004	-0.699	-0.889	-0.922	-0.889	-0.922	-0.883	-0.699	-0.883	-0.701	-0.889	-0.881	-0.881	-0.646	-0.885	-0.661	-1.012	-1.012	-0.989	-1.012	-0.675	-1.012	-1.012	-0.900	-0.877	-1.012	-0.667	-0.674	-0.884	-1.012	-0.703	-0.564	-0.883	-1.011	-0.693	-0.881	-1.011	-0.901	-1.011	-0.872	-0.693	-1.011	-0.702	-0.883	-0.685	-0.883	-0.682	-0.883	-1.012	-1.012	-0.881	-0.932	-1.002	-0.884	-0.904	-0.879	-1.012	-0.680	-0.643	-0.904	-0.671	-0.671	-0.671	-0.882	-1.012	-0.670	-0.671	-0.670	-1.006	-0.670	-0.696	-0.670	-0.670	-0.670	-0.670	-0.670	-0.900	-0.670	-0.902	-0.670	-0.669	-0.669	-0.669	-0.667	-0.664	-0.662	-0.662	-0.671	-0.666	-0.906	-0.900	-1.013	-0.666	-0.666	-0.654	-0.654	-0.654	-0.655	-0.654	-0.877	-0.655	-0.654	-0.655	-0.655	-0.689	-0.655	-0.656	-0.886	-1.012	-0.671	-0.886	-0.671	-0.667	-0.672	-0.902	-0.659	-0.700	-0.868	-0.866	-0.868	-0.936	-0.868	-0.867	-0.868	-0.866	-0.879	-0.715	-0.854	-0.862	-0.867	-0.863	-0.866	-0.870	-0.871	-0.930	-0.873	-0.873	-0.933	-0.879	-0.878	-0.871	-0.876	-0.876	-0.874	-0.874	-0.898	-0.877	-0.896	-0.890	-0.896	-0.897	-0.897	-0.896	-0.897	-0.936	-0.897	-0.938	-0.896	-0.897	-0.895	-0.889	-0.884	-0.877	
rs1384497      -0.920	-0.897	-0.679	-0.700	-0.569	-0.796	-0.918	-0.700	-0.889	-1.005	-0.698	-0.889	-0.922	-0.889	-0.922	-0.883	-0.699	-0.883	-0.700	-0.889	-0.881	-0.882	-0.641	-0.885	-0.658	-1.013	-1.013	-0.990	-1.013	-0.672	-1.013	-1.013	-0.899	-0.877	-1.013	-0.663	-0.671	-0.884	-1.013	-0.705	-0.557	-0.884	-1.011	-0.691	-0.882	-1.012	-0.900	-1.011	-0.872	-0.691	-1.012	-0.700	-0.883	-0.682	-0.883	-0.679	-0.883	-1.013	-1.013	-0.881	-0.933	-1.003	-0.885	-0.905	-0.879	-1.012	-0.678	-0.638	-0.906	-0.668	-0.668	-0.668	-0.883	-1.012	-0.667	-0.667	-0.666	-1.007	-0.667	-0.694	-0.667	-0.667	-0.667	-0.667	-0.666	-0.901	-0.666	-0.904	-0.666	-0.666	-0.666	-0.666	-0.663	-0.660	-0.659	-0.658	-0.666	-0.660	-0.907	-0.901	-1.013	-0.661	-0.661	-0.650	-0.650	-0.650	-0.651	-0.650	-0.878	-0.651	-0.650	-0.651	-0.651	-0.687	-0.651	-0.651	-0.887	-1.013	-0.668	-0.887	-0.668	-0.664	-0.669	-0.903	-0.663	-0.698	-0.868	-0.866	-0.868	-0.936	-0.868	-0.868	-0.868	-0.867	-0.879	-0.714	-0.855	-0.863	-0.867	-0.864	-0.867	-0.871	-0.872	-0.930	-0.874	-0.874	-0.934	-0.880	-0.878	-0.871	-0.876	-0.876	-0.874	-0.875	-0.899	-0.877	-0.897	-0.890	-0.896	-0.897	-0.897	-0.897	-0.897	-0.937	-0.897	-0.938	-0.896	-0.897	-0.896	-0.890	-0.884	-0.877	
rs10205771     -0.914	-0.897	-0.768	-0.794	-0.796	-0.563	-0.914	-0.792	-0.886	-0.992	-0.790	-0.886	-0.920	-0.886	-0.920	-0.881	-0.791	-0.881	-0.789	-0.886	-0.879	-0.891	-0.744	-0.883	-0.751	-0.991	-0.991	-0.999	-0.992	-0.758	-0.992	-0.992	-0.887	-0.876	-0.992	-0.752	-0.757	-0.882	-0.992	-0.833	-0.682	-0.882	-0.993	-0.768	-0.880	-0.993	-0.888	-0.993	-0.871	-0.768	-0.993	-0.774	-0.881	-0.759	-0.881	-0.759	-0.881	-0.992	-0.992	-0.880	-0.951	-0.984	-0.883	-0.903	-0.878	-0.993	-0.756	-0.733	-0.903	-0.750	-0.750	-0.750	-0.881	-0.993	-0.749	-0.749	-0.747	-0.994	-0.749	-0.765	-0.749	-0.749	-0.749	-0.749	-0.749	-0.901	-0.749	-0.902	-0.749	-0.749	-0.749	-0.748	-0.747	-0.745	-0.744	-0.744	-0.749	-0.744	-0.903	-0.901	-0.992	-0.745	-0.745	-0.739	-0.739	-0.738	-0.739	-0.739	-0.876	-0.739	-0.739	-0.739	-0.739	-0.760	-0.739	-0.739	-0.935	-0.990	-0.745	-0.934	-0.745	-0.742	-0.745	-0.901	-0.850	-0.763	-0.868	-0.866	-0.868	-0.935	-0.868	-0.868	-0.868	-0.867	-0.878	-0.779	-0.882	-0.863	-0.867	-0.864	-0.866	-0.870	-0.871	-0.929	-0.873	-0.873	-0.932	-0.878	-0.877	-0.870	-0.875	-0.875	-0.873	-0.873	-0.893	-0.873	-0.892	-0.886	-0.891	-0.892	-0.892	-0.892	-0.892	-0.934	-0.892	-0.936	-0.891	-0.892	-0.891	-0.885	-0.879	-0.874	
rs13030841     -0.910	-0.985	-0.922	-0.919	-0.918	-0.914	-0.610	-0.919	-0.900	-0.936	-0.920	-0.900	-0.745	-0.900	-0.745	-0.896	-0.920	-0.896	-0.919	-0.900	-0.895	-0.974	-0.921	-0.898	-0.922	-0.959	-0.959	-0.982	-0.958	-0.922	-0.958	-0.958	-0.722	-0.892	-0.958	-0.922	-0.922	-0.897	-0.959	-0.874	-0.909	-0.897	-0.953	-0.924	-0.896	-0.955	-0.733	-0.954	-0.888	-0.924	-0.955	-0.924	-0.897	-0.923	-0.897	-0.924	-0.897	-0.958	-0.958	-0.895	-0.911	-0.948	-0.898	-0.993	-0.894	-0.956	-0.924	-0.922	-0.994	-0.923	-0.923	-0.923	-0.896	-0.956	-0.923	-0.923	-0.922	-0.942	-0.923	-0.925	-0.923	-0.923	-0.923	-0.923	-0.923	-0.990	-0.923	-0.992	-0.923	-0.923	-0.923	-0.923	-0.923	-0.923	-0.923	-0.923	-0.923	-0.923	-0.995	-0.990	-0.960	-0.923	-0.923	-0.922	-0.922	-0.922	-0.922	-0.922	-0.893	-0.922	-0.922	-0.922	-0.922	-0.924	-0.922	-0.922	-0.984	-0.962	-0.922	-0.984	-0.922	-0.921	-0.922	-0.991	-0.837	-0.922	-0.885	-0.884	-0.885	-0.962	-0.885	-0.885	-0.885	-0.884	-0.895	-0.922	-0.819	-0.881	-0.885	-0.882	-0.884	-0.887	-0.888	-0.957	-0.890	-0.890	-0.959	-0.894	-0.893	-0.887	-0.892	-0.892	-0.890	-0.891	-0.902	-0.890	-0.902	-0.899	-0.902	-0.901	-0.903	-0.903	-0.903	-0.950	-0.902	-0.954	-0.902	-0.902	-0.902	-0.897	-0.893	-0.891	
rs35043661     -0.920	-0.895	-0.686	-0.699	-0.700	-0.792	-0.919	-0.569	-0.888	-1.004	-0.699	-0.889	-0.922	-0.889	-0.923	-0.883	-0.699	-0.883	-0.701	-0.889	-0.881	-0.880	-0.650	-0.885	-0.665	-1.012	-1.012	-0.989	-1.012	-0.677	-1.012	-1.012	-0.901	-0.877	-1.012	-0.670	-0.676	-0.884	-1.012	-0.701	-0.570	-0.883	-1.011	-0.694	-0.881	-1.011	-0.902	-1.011	-0.872	-0.694	-1.011	-0.703	-0.883	-0.687	-0.883	-0.684	-0.883	-1.012	-1.012	-0.881	-0.931	-1.002	-0.884	-0.903	-0.879	-1.012	-0.683	-0.647	-0.904	-0.674	-0.674	-0.674	-0.882	-1.012	-0.673	-0.673	-0.672	-1.006	-0.673	-0.697	-0.673	-0.673	-0.673	-0.673	-0.673	-0.899	-0.672	-0.902	-0.672	-0.672	-0.672	-0.672	-0.670	-0.667	-0.665	-0.665	-0.674	-0.669	-0.905	-0.899	-1.013	-0.669	-0.669	-0.658	-0.658	-0.657	-0.658	-0.658	-0.877	-0.658	-0.658	-0.658	-0.658	-0.691	-0.659	-0.659	-0.885	-1.012	-0.674	-0.886	-0.673	-0.670	-0.675	-0.901	-0.657	-0.701	-0.868	-0.866	-0.868	-0.936	-0.868	-0.867	-0.868	-0.866	-0.879	-0.716	-0.853	-0.862	-0.867	-0.863	-0.866	-0.870	-0.871	-0.930	-0.873	-0.873	-0.933	-0.879	-0.878	-0.871	-0.876	-0.876	-0.874	-0.874	-0.898	-0.877	-0.896	-0.890	-0.896	-0.897	-0.897	-0.896	-0.897	-0.937	-0.897	-0.938	-0.896	-0.897	-0.895	-0.889	-0.884	-0.877	
rs1384498      -0.703	-0.921	-0.882	-0.888	-0.889	-0.886	-0.900	-0.888	-0.467	-0.939	-0.888	-0.587	-0.902	-0.587	-0.902	-0.582	-0.888	-0.587	-0.887	-0.587	-0.579	-0.917	-0.877	-0.585	-0.878	-0.947	-0.947	-0.904	-0.947	-0.880	-0.947	-0.947	-0.888	-0.575	-0.947	-0.879	-0.880	-0.583	-0.947	-0.867	-0.854	-0.582	-0.945	-0.883	-0.581	-0.946	-0.889	-0.946	-0.552	-0.883	-0.946	-0.885	-0.581	-0.880	-0.581	-0.881	-0.581	-0.947	-0.947	-0.578	-0.846	-0.943	-0.586	-0.928	-0.575	-0.946	-0.880	-0.874	-0.928	-0.879	-0.879	-0.879	-0.581	-0.947	-0.878	-0.879	-0.877	-0.941	-0.879	-0.882	-0.878	-0.878	-0.878	-0.878	-0.878	-0.926	-0.878	-0.927	-0.878	-0.878	-0.878	-0.878	-0.878	-0.877	-0.877	-0.877	-0.878	-0.877	-0.929	-0.926	-0.948	-0.877	-0.877	-0.875	-0.875	-0.875	-0.875	-0.875	-0.578	-0.875	-0.875	-0.875	-0.875	-0.881	-0.875	-0.875	-0.926	-0.948	-0.875	-0.925	-0.875	-0.874	-0.875	-0.925	-0.858	-0.879	-0.554	-0.549	-0.558	-0.741	-0.554	-0.554	-0.555	-0.552	-0.596	-0.882	-0.769	-0.540	-0.563	-0.553	-0.564	-0.576	-0.580	-0.739	-0.584	-0.585	-0.739	-0.596	-0.594	-0.579	-0.590	-0.590	-0.585	-0.588	-0.598	-0.627	-0.607	-0.620	-0.608	-0.599	-0.606	-0.608	-0.607	-0.713	-0.603	-0.723	-0.609	-0.605	-0.608	-0.613	-0.627	-0.635	
rs6733969      -0.971	-0.967	-0.994	-1.004	-1.005	-0.992	-0.936	-1.004	-0.939	-0.653	-1.003	-0.939	-0.943	-0.940	-0.943	-0.932	-1.003	-0.933	-1.002	-0.940	-0.929	-0.956	-0.985	-0.935	-0.988	-0.772	-0.773	-1.034	-0.780	-0.991	-0.780	-0.780	-0.902	-0.925	-0.780	-0.989	-0.990	-0.933	-0.779	-0.995	-0.955	-0.932	-0.798	-0.995	-0.930	-0.793	-0.904	-0.795	-0.917	-0.995	-0.793	-0.997	-0.932	-0.991	-0.932	-0.992	-0.932	-0.788	-0.788	-0.929	-0.976	-0.812	-0.934	-0.973	-0.927	-0.796	-0.991	-0.981	-0.974	-0.988	-0.988	-0.988	-0.931	-0.797	-0.988	-0.988	-0.986	-0.811	-0.988	-0.994	-0.988	-0.988	-0.988	-0.988	-0.988	-0.971	-0.988	-0.973	-0.988	-0.988	-0.988	-0.988	-0.987	-0.986	-0.986	-0.986	-0.988	-0.986	-0.975	-0.971	-0.791	-0.986	-0.986	-0.983	-0.983	-0.983	-0.983	-0.983	-0.925	-0.983	-0.983	-0.983	-0.983	-0.992	-0.984	-0.984	-1.003	-0.793	-0.985	-1.002	-0.985	-0.984	-0.985	-0.972	-0.949	-0.991	-0.913	-0.911	-0.914	-0.978	-0.913	-0.913	-0.913	-0.912	-0.926	-0.997	-0.893	-0.907	-0.913	-0.909	-0.912	-0.917	-0.918	-0.971	-0.921	-0.921	-0.976	-0.928	-0.927	-0.918	-0.924	-0.924	-0.921	-0.922	-0.954	-0.930	-0.951	-0.943	-0.951	-0.953	-0.952	-0.951	-0.951	-0.986	-0.952	-0.986	-0.950	-0.952	-0.950	-0.944	-0.939	-0.931	
rs17382801     -0.920	-0.893	-0.689	-0.699	-0.698	-0.790	-0.920	-0.699	-0.888	-1.003	-0.569	-0.888	-0.923	-0.889	-0.923	-0.882	-0.699	-0.883	-0.701	-0.889	-0.880	-0.878	-0.657	-0.885	-0.670	-1.012	-1.012	-0.988	-1.011	-0.682	-1.012	-1.012	-0.902	-0.876	-1.012	-0.675	-0.681	-0.883	-1.012	-0.697	-0.581	-0.883	-1.010	-0.697	-0.881	-1.011	-0.902	-1.010	-0.871	-0.697	-1.011	-0.705	-0.882	-0.691	-0.882	-0.688	-0.882	-1.012	-1.012	-0.881	-0.930	-1.002	-0.884	-0.901	-0.878	-1.011	-0.687	-0.654	-0.902	-0.679	-0.679	-0.679	-0.882	-1.011	-0.678	-0.678	-0.677	-1.005	-0.678	-0.700	-0.678	-0.678	-0.678	-0.678	-0.678	-0.898	-0.678	-0.900	-0.677	-0.677	-0.677	-0.677	-0.675	-0.673	-0.671	-0.670	-0.679	-0.674	-0.903	-0.897	-1.012	-0.674	-0.675	-0.664	-0.664	-0.664	-0.664	-0.664	-0.877	-0.664	-0.664	-0.664	-0.664	-0.695	-0.665	-0.665	-0.884	-1.012	-0.679	-0.884	-0.678	-0.675	-0.680	-0.900	-0.652	-0.704	-0.867	-0.865	-0.867	-0.936	-0.867	-0.867	-0.867	-0.866	-0.878	-0.717	-0.852	-0.862	-0.866	-0.863	-0.866	-0.870	-0.871	-0.929	-0.873	-0.873	-0.933	-0.879	-0.878	-0.870	-0.875	-0.875	-0.873	-0.874	-0.898	-0.876	-0.896	-0.889	-0.896	-0.897	-0.897	-0.896	-0.896	-0.936	-0.896	-0.938	-0.895	-0.896	-0.895	-0.889	-0.883	-0.877	
rs2128504      -0.704	-0.921	-0.883	-0.889	-0.889	-0.886	-0.900	-0.889	-0.587	-0.939	-0.888	-0.467	-0.902	-0.587	-0.902	-0.582	-0.888	-0.586	-0.887	-0.587	-0.578	-0.917	-0.877	-0.584	-0.879	-0.948	-0.948	-0.904	-0.947	-0.880	-0.947	-0.947	-0.888	-0.575	-0.947	-0.879	-0.880	-0.582	-0.948	-0.867	-0.855	-0.582	-0.946	-0.883	-0.580	-0.947	-0.889	-0.946	-0.551	-0.884	-0.947	-0.885	-0.581	-0.881	-0.581	-0.881	-0.581	-0.948	-0.948	-0.578	-0.846	-0.943	-0.585	-0.928	-0.574	-0.947	-0.881	-0.875	-0.928	-0.879	-0.879	-0.879	-0.581	-0.947	-0.879	-0.879	-0.877	-0.941	-0.879	-0.883	-0.879	-0.879	-0.879	-0.879	-0.879	-0.926	-0.879	-0.928	-0.879	-0.879	-0.879	-0.879	-0.878	-0.878	-0.877	-0.877	-0.879	-0.877	-0.929	-0.926	-0.948	-0.877	-0.877	-0.876	-0.876	-0.876	-0.876	-0.876	-0.577	-0.876	-0.876	-0.876	-0.876	-0.881	-0.876	-0.876	-0.926	-0.949	-0.875	-0.925	-0.875	-0.875	-0.875	-0.925	-0.859	-0.879	-0.553	-0.548	-0.556	-0.742	-0.553	-0.552	-0.553	-0.551	-0.596	-0.882	-0.769	-0.538	-0.562	-0.552	-0.563	-0.575	-0.579	-0.739	-0.584	-0.584	-0.739	-0.596	-0.593	-0.578	-0.589	-0.592	-0.585	-0.587	-0.599	-0.627	-0.608	-0.620	-0.609	-0.600	-0.607	-0.609	-0.607	-0.714	-0.604	-0.723	-0.610	-0.606	-0.609	-0.613	-0.627	-0.635	
rs2170604      -0.913	-0.990	-0.924	-0.922	-0.922	-0.920	-0.745	-0.922	-0.902	-0.943	-0.923	-0.902	-0.612	-0.902	-0.746	-0.898	-0.923	-0.898	-0.922	-0.902	-0.896	-0.979	-0.923	-0.900	-0.924	-0.965	-0.965	-0.988	-0.964	-0.925	-0.964	-0.964	-0.703	-0.894	-0.964	-0.924	-0.925	-0.899	-0.964	-0.879	-0.909	-0.899	-0.958	-0.926	-0.897	-0.961	-0.719	-0.959	-0.890	-0.926	-0.961	-0.926	-0.898	-0.926	-0.898	-0.926	-0.898	-0.964	-0.964	-0.897	-0.918	-0.953	-0.900	-0.998	-0.895	-0.961	-0.926	-0.924	-0.998	-0.925	-0.925	-0.925	-0.898	-0.961	-0.925	-0.925	-0.924	-0.948	-0.925	-0.927	-0.925	-0.925	-0.925	-0.925	-0.925	-0.995	-0.925	-0.997	-0.925	-0.925	-0.925	-0.925	-0.925	-0.925	-0.925	-0.925	-0.925	-0.925	-1.000	-0.994	-0.965	-0.925	-0.925	-0.924	-0.924	-0.924	-0.924	-0.924	-0.894	-0.924	-0.924	-0.924	-0.924	-0.926	-0.924	-0.924	-0.988	-0.967	-0.923	-0.989	-0.923	-0.923	-0.923	-0.996	-0.844	-0.925	-0.886	-0.885	-0.887	-0.964	-0.886	-0.886	-0.887	-0.886	-0.897	-0.925	-0.826	-0.882	-0.886	-0.883	-0.886	-0.889	-0.889	-0.959	-0.891	-0.891	-0.961	-0.896	-0.895	-0.889	-0.893	-0.893	-0.892	-0.892	-0.905	-0.892	-0.905	-0.901	-0.905	-0.904	-0.905	-0.905	-0.905	-0.953	-0.905	-0.957	-0.905	-0.905	-0.904	-0.899	-0.896	-0.893	
rs7559997      -0.705	-0.922	-0.883	-0.889	-0.889	-0.886	-0.900	-0.889	-0.587	-0.940	-0.889	-0.587	-0.902	-0.468	-0.903	-0.581	-0.889	-0.586	-0.887	-0.587	-0.578	-0.917	-0.877	-0.584	-0.879	-0.948	-0.948	-0.905	-0.948	-0.881	-0.948	-0.948	-0.888	-0.574	-0.948	-0.880	-0.881	-0.582	-0.948	-0.867	-0.855	-0.581	-0.946	-0.884	-0.579	-0.947	-0.889	-0.947	-0.548	-0.884	-0.947	-0.885	-0.580	-0.881	-0.580	-0.882	-0.580	-0.948	-0.948	-0.577	-0.847	-0.944	-0.585	-0.929	-0.573	-0.947	-0.881	-0.875	-0.929	-0.879	-0.879	-0.879	-0.580	-0.947	-0.879	-0.879	-0.878	-0.942	-0.879	-0.883	-0.879	-0.879	-0.879	-0.879	-0.879	-0.927	-0.879	-0.928	-0.879	-0.879	-0.879	-0.879	-0.879	-0.878	-0.878	-0.878	-0.879	-0.878	-0.929	-0.926	-0.948	-0.878	-0.878	-0.876	-0.876	-0.876	-0.876	-0.876	-0.576	-0.876	-0.876	-0.876	-0.876	-0.881	-0.876	-0.876	-0.927	-0.949	-0.876	-0.925	-0.876	-0.875	-0.876	-0.926	-0.859	-0.879	-0.551	-0.545	-0.555	-0.742	-0.551	-0.550	-0.552	-0.548	-0.595	-0.883	-0.770	-0.536	-0.561	-0.550	-0.562	-0.574	-0.578	-0.739	-0.583	-0.583	-0.740	-0.595	-0.593	-0.577	-0.589	-0.589	-0.584	-0.587	-0.601	-0.628	-0.609	-0.621	-0.610	-0.602	-0.608	-0.610	-0.609	-0.715	-0.605	-0.724	-0.611	-0.608	-0.610	-0.614	-0.628	-0.636	
rs13411159     -0.913	-0.990	-0.924	-0.922	-0.922	-0.920	-0.745	-0.923	-0.902	-0.943	-0.923	-0.902	-0.746	-0.903	-0.612	-0.898	-0.923	-0.898	-0.923	-0.902	-0.897	-0.979	-0.923	-0.900	-0.924	-0.965	-0.965	-0.988	-0.964	-0.925	-0.964	-0.964	-0.702	-0.894	-0.964	-0.924	-0.925	-0.899	-0.964	-0.880	-0.909	-0.899	-0.958	-0.926	-0.897	-0.961	-0.718	-0.960	-0.890	-0.926	-0.961	-0.926	-0.899	-0.926	-0.898	-0.926	-0.898	-0.964	-0.964	-0.897	-0.918	-0.953	-0.900	-0.998	-0.895	-0.962	-0.926	-0.924	-0.999	-0.925	-0.925	-0.925	-0.898	-0.962	-0.925	-0.925	-0.924	-0.948	-0.925	-0.927	-0.925	-0.925	-0.925	-0.925	-0.925	-0.995	-0.925	-0.997	-0.925	-0.925	-0.925	-0.925	-0.925	-0.925	-0.925	-0.925	-0.925	-0.925	-1.000	-0.995	-0.965	-0.925	-0.925	-0.924	-0.924	-0.924	-0.924	-0.924	-0.894	-0.924	-0.924	-0.924	-0.924	-0.926	-0.924	-0.924	-0.989	-0.968	-0.924	-0.989	-0.923	-0.923	-0.924	-0.996	-0.844	-0.925	-0.886	-0.885	-0.887	-0.964	-0.886	-0.886	-0.887	-0.886	-0.897	-0.925	-0.826	-0.882	-0.886	-0.883	-0.886	-0.889	-0.889	-0.959	-0.891	-0.891	-0.961	-0.896	-0.895	-0.889	-0.893	-0.893	-0.892	-0.892	-0.905	-0.892	-0.905	-0.902	-0.905	-0.904	-0.905	-0.905	-0.905	-0.953	-0.905	-0.957	-0.905	-0.905	-0.904	-0.899	-0.896	-0.893	
rs13392510     -0.692	-0.917	-0.876	-0.883	-0.883	-0.881	-0.896	-0.883	-0.582	-0.932	-0.882	-0.582	-0.898	-0.581	-0.898	-0.461	-0.882	-0.582	-0.881	-0.581	-0.578	-0.912	-0.871	-0.585	-0.872	-0.941	-0.941	-0.896	-0.940	-0.874	-0.940	-0.940	-0.885	-0.578	-0.940	-0.873	-0.874	-0.585	-0.941	-0.862	-0.848	-0.585	-0.939	-0.877	-0.583	-0.939	-0.886	-0.939	-0.570	-0.877	-0.940	-0.879	-0.585	-0.874	-0.585	-0.875	-0.585	-0.941	-0.941	-0.584	-0.838	-0.937	-0.587	-0.923	-0.580	-0.940	-0.874	-0.868	-0.923	-0.873	-0.873	-0.873	-0.585	-0.940	-0.872	-0.872	-0.871	-0.934	-0.872	-0.876	-0.872	-0.872	-0.872	-0.872	-0.872	-0.921	-0.872	-0.923	-0.872	-0.872	-0.872	-0.872	-0.872	-0.871	-0.871	-0.871	-0.872	-0.871	-0.924	-0.921	-0.941	-0.871	-0.871	-0.869	-0.869	-0.869	-0.869	-0.869	-0.585	-0.869	-0.869	-0.869	-0.869	-0.875	-0.869	-0.869	-0.921	-0.942	-0.869	-0.919	-0.869	-0.868	-0.869	-0.920	-0.854	-0.873	-0.570	-0.568	-0.573	-0.735	-0.570	-0.570	-0.571	-0.570	-0.601	-0.876	-0.760	-0.557	-0.578	-0.570	-0.578	-0.586	-0.586	-0.734	-0.591	-0.591	-0.733	-0.599	-0.597	-0.585	-0.595	-0.595	-0.592	-0.594	-0.580	-0.622	-0.592	-0.611	-0.594	-0.578	-0.591	-0.593	-0.592	-0.701	-0.584	-0.712	-0.596	-0.591	-0.592	-0.601	-0.617	-0.630	
rs13013918     -0.920	-0.893	-0.688	-0.699	-0.699	-0.791	-0.920	-0.699	-0.888	-1.003	-0.699	-0.888	-0.923	-0.889	-0.923	-0.882	-0.569	-0.883	-0.701	-0.889	-0.880	-0.878	-0.656	-0.885	-0.669	-1.012	-1.012	-0.989	-1.012	-0.681	-1.012	-1.012	-0.901	-0.877	-1.012	-0.674	-0.680	-0.883	-1.012	-0.698	-0.579	-0.883	-1.010	-0.697	-0.881	-1.011	-0.902	-1.010	-0.871	-0.697	-1.011	-0.705	-0.883	-0.690	-0.882	-0.687	-0.882	-1.012	-1.012	-0.881	-0.931	-1.002	-0.884	-0.902	-0.878	-1.011	-0.686	-0.652	-0.902	-0.678	-0.678	-0.678	-0.882	-1.011	-0.677	-0.677	-0.676	-1.006	-0.677	-0.700	-0.677	-0.677	-0.677	-0.677	-0.677	-0.898	-0.676	-0.901	-0.676	-0.676	-0.676	-0.676	-0.674	-0.671	-0.670	-0.669	-0.678	-0.673	-0.904	-0.898	-1.012	-0.673	-0.673	-0.663	-0.663	-0.662	-0.663	-0.663	-0.877	-0.663	-0.663	-0.663	-0.663	-0.694	-0.664	-0.664	-0.884	-1.012	-0.678	-0.885	-0.677	-0.674	-0.679	-0.900	-0.653	-0.704	-0.867	-0.865	-0.867	-0.936	-0.867	-0.867	-0.867	-0.866	-0.879	-0.717	-0.852	-0.862	-0.866	-0.863	-0.866	-0.870	-0.871	-0.929	-0.873	-0.873	-0.933	-0.879	-0.878	-0.870	-0.875	-0.875	-0.873	-0.874	-0.898	-0.876	-0.896	-0.889	-0.896	-0.897	-0.897	-0.896	-0.896	-0.936	-0.897	-0.938	-0.896	-0.896	-0.895	-0.889	-0.883	-0.877	
rs75093500     -0.693	-0.917	-0.877	-0.883	-0.883	-0.881	-0.896	-0.883	-0.587	-0.933	-0.883	-0.586	-0.898	-0.586	-0.898	-0.582	-0.883	-0.461	-0.881	-0.586	-0.580	-0.913	-0.871	-0.588	-0.873	-0.942	-0.941	-0.897	-0.941	-0.875	-0.941	-0.941	-0.885	-0.574	-0.941	-0.873	-0.875	-0.588	-0.941	-0.862	-0.849	-0.588	-0.939	-0.878	-0.586	-0.940	-0.886	-0.940	-0.572	-0.878	-0.940	-0.879	-0.588	-0.875	-0.588	-0.876	-0.588	-0.942	-0.942	-0.587	-0.839	-0.937	-0.590	-0.924	-0.582	-0.941	-0.875	-0.869	-0.924	-0.873	-0.873	-0.873	-0.588	-0.941	-0.873	-0.873	-0.871	-0.935	-0.873	-0.877	-0.873	-0.873	-0.873	-0.873	-0.873	-0.922	-0.873	-0.923	-0.873	-0.873	-0.873	-0.873	-0.872	-0.872	-0.872	-0.871	-0.873	-0.871	-0.924	-0.921	-0.942	-0.872	-0.872	-0.870	-0.870	-0.870	-0.870	-0.870	-0.587	-0.870	-0.870	-0.870	-0.870	-0.875	-0.870	-0.870	-0.921	-0.943	-0.870	-0.920	-0.870	-0.869	-0.870	-0.921	-0.854	-0.873	-0.570	-0.568	-0.573	-0.736	-0.570	-0.570	-0.571	-0.570	-0.603	-0.877	-0.761	-0.556	-0.579	-0.571	-0.578	-0.586	-0.587	-0.735	-0.592	-0.592	-0.734	-0.601	-0.599	-0.586	-0.597	-0.597	-0.593	-0.595	-0.587	-0.624	-0.597	-0.615	-0.598	-0.581	-0.596	-0.598	-0.597	-0.704	-0.590	-0.714	-0.601	-0.596	-0.597	-0.605	-0.620	-0.632	
rs67593092     -0.918	-0.892	-0.693	-0.701	-0.700	-0.789	-0.919	-0.701	-0.887	-1.002	-0.701	-0.887	-0.922	-0.887	-0.923	-0.881	-0.701	-0.881	-0.567	-0.887	-0.879	-0.877	-0.666	-0.883	-0.677	-1.011	-1.011	-0.987	-1.010	-0.687	-1.010	-1.010	-0.901	-0.875	-1.010	-0.681	-0.687	-0.882	-1.011	-0.696	-0.594	-0.882	-1.009	-0.701	-0.880	-1.010	-0.902	-1.009	-0.870	-0.701	-1.010	-0.708	-0.881	-0.695	-0.881	-0.693	-0.881	-1.011	-1.011	-0.879	-0.929	-1.001	-0.883	-0.900	-0.877	-1.010	-0.691	-0.661	-0.901	-0.684	-0.684	-0.684	-0.881	-1.010	-0.683	-0.683	-0.682	-1.004	-0.683	-0.704	-0.683	-0.683	-0.683	-0.683	-0.683	-0.896	-0.683	-0.899	-0.683	-0.683	-0.682	-0.682	-0.681	-0.678	-0.677	-0.676	-0.684	-0.679	-0.902	-0.896	-1.011	-0.680	-0.680	-0.670	-0.670	-0.670	-0.671	-0.670	-0.876	-0.671	-0.670	-0.671	-0.671	-0.698	-0.671	-0.671	-0.882	-1.010	-0.683	-0.883	-0.683	-0.680	-0.684	-0.898	-0.650	-0.707	-0.866	-0.864	-0.866	-0.934	-0.866	-0.866	-0.866	-0.865	-0.877	-0.719	-0.851	-0.860	-0.865	-0.862	-0.864	-0.869	-0.869	-0.928	-0.872	-0.872	-0.932	-0.877	-0.876	-0.869	-0.874	-0.874	-0.872	-0.873	-0.897	-0.875	-0.895	-0.888	-0.895	-0.896	-0.895	-0.895	-0.895	-0.935	-0.895	-0.936	-0.894	-0.895	-0.894	-0.888	-0.882	-0.876	
rs2380481      -0.705	-0.922	-0.883	-0.889	-0.889	-0.886	-0.900	-0.889	-0.587	-0.940	-0.889	-0.587	-0.902	-0.587	-0.902	-0.581	-0.889	-0.586	-0.887	-0.468	-0.577	-0.917	-0.877	-0.584	-0.879	-0.948	-0.948	-0.905	-0.948	-0.881	-0.948	-0.948	-0.888	-0.573	-0.948	-0.880	-0.881	-0.581	-0.948	-0.867	-0.855	-0.581	-0.946	-0.884	-0.579	-0.947	-0.889	-0.947	-0.548	-0.884	-0.947	-0.886	-0.580	-0.881	-0.580	-0.882	-0.580	-0.948	-0.948	-0.577	-0.847	-0.944	-0.585	-0.929	-0.573	-0.947	-0.881	-0.875	-0.929	-0.879	-0.879	-0.879	-0.580	-0.947	-0.879	-0.879	-0.878	-0.942	-0.879	-0.883	-0.879	-0.879	-0.879	-0.879	-0.879	-0.927	-0.879	-0.928	-0.879	-0.879	-0.879	-0.879	-0.879	-0.878	-0.878	-0.878	-0.879	-0.878	-0.929	-0.926	-0.949	-0.878	-0.878	-0.876	-0.876	-0.876	-0.876	-0.876	-0.576	-0.876	-0.876	-0.876	-0.876	-0.881	-0.876	-0.876	-0.927	-0.949	-0.876	-0.925	-0.876	-0.875	-0.876	-0.926	-0.859	-0.879	-0.550	-0.545	-0.554	-0.742	-0.550	-0.550	-0.551	-0.548	-0.595	-0.883	-0.770	-0.535	-0.560	-0.549	-0.561	-0.574	-0.578	-0.739	-0.583	-0.583	-0.740	-0.595	-0.593	-0.577	-0.588	-0.588	-0.584	-0.586	-0.601	-0.628	-0.609	-0.621	-0.610	-0.602	-0.608	-0.610	-0.609	-0.715	-0.605	-0.724	-0.611	-0.608	-0.610	-0.614	-0.628	-0.636	
rs10193283     -0.689	-0.915	-0.874	-0.881	-0.881	-0.879	-0.895	-0.881	-0.579	-0.929	-0.880	-0.578	-0.896	-0.578	-0.897	-0.578	-0.880	-0.580	-0.879	-0.577	-0.459	-0.911	-0.869	-0.583	-0.870	-0.939	-0.938	-0.894	-0.938	-0.872	-0.938	-0.938	-0.884	-0.578	-0.938	-0.871	-0.872	-0.584	-0.938	-0.860	-0.846	-0.584	-0.936	-0.875	-0.583	-0.937	-0.885	-0.937	-0.573	-0.875	-0.937	-0.877	-0.584	-0.872	-0.584	-0.873	-0.584	-0.939	-0.939	-0.584	-0.835	-0.935	-0.585	-0.922	-0.580	-0.938	-0.872	-0.866	-0.922	-0.871	-0.871	-0.871	-0.584	-0.938	-0.870	-0.870	-0.869	-0.931	-0.870	-0.874	-0.870	-0.870	-0.870	-0.870	-0.870	-0.920	-0.870	-0.921	-0.870	-0.870	-0.870	-0.870	-0.870	-0.869	-0.869	-0.869	-0.870	-0.869	-0.922	-0.920	-0.939	-0.869	-0.869	-0.867	-0.867	-0.867	-0.867	-0.867	-0.585	-0.867	-0.867	-0.867	-0.867	-0.873	-0.867	-0.867	-0.919	-0.940	-0.867	-0.918	-0.867	-0.866	-0.867	-0.919	-0.853	-0.871	-0.572	-0.570	-0.574	-0.733	-0.572	-0.572	-0.573	-0.572	-0.601	-0.874	-0.757	-0.560	-0.580	-0.573	-0.580	-0.586	-0.587	-0.732	-0.591	-0.591	-0.730	-0.598	-0.596	-0.586	-0.595	-0.595	-0.592	-0.594	-0.573	-0.620	-0.586	-0.607	-0.587	-0.570	-0.585	-0.587	-0.585	-0.697	-0.577	-0.708	-0.590	-0.584	-0.586	-0.596	-0.614	-0.628	
rs10196301     -0.944	-0.748	-0.860	-0.881	-0.882	-0.891	-0.974	-0.880	-0.917	-0.956	-0.878	-0.917	-0.979	-0.917	-0.979	-0.912	-0.878	-0.913	-0.877	-0.917	-0.911	-0.595	-0.842	-0.915	-0.847	-0.946	-0.946	-1.022	-0.947	-0.852	-0.947	-0.947	-0.949	-0.908	-0.947	-0.848	-0.851	-0.913	-0.947	-0.907	-0.792	-0.913	-0.953	-0.860	-0.912	-0.951	-0.950	-0.952	-0.904	-0.860	-0.951	-0.865	-0.913	-0.853	-0.913	-0.853	-0.913	-0.948	-0.948	-0.911	-0.978	-0.942	-0.914	-0.735	-0.910	-0.951	-0.851	-0.833	-0.739	-0.846	-0.846	-0.846	-0.912	-0.951	-0.845	-0.846	-0.843	-0.958	-0.846	-0.858	-0.845	-0.845	-0.845	-0.845	-0.845	-0.743	-0.845	-0.741	-0.845	-0.845	-0.845	-0.845	-0.844	-0.842	-0.842	-0.841	-0.845	-0.841	-0.740	-0.745	-0.948	-0.842	-0.842	-0.837	-0.837	-0.837	-0.838	-0.837	-0.908	-0.837	-0.837	-0.837	-0.838	-0.853	-0.838	-0.838	-0.849	-0.944	-0.842	-0.848	-0.841	-0.840	-0.842	-0.748	-0.859	-0.855	-0.900	-0.899	-0.900	-0.966	-0.900	-0.900	-0.900	-0.899	-0.910	-0.867	-0.912	-0.896	-0.899	-0.896	-0.899	-0.902	-0.903	-0.960	-0.905	-0.905	-0.963	-0.910	-0.909	-0.902	-0.907	-0.907	-0.905	-0.905	-0.922	-0.904	-0.921	-0.916	-0.921	-0.921	-0.922	-0.921	-0.922	-0.964	-0.921	-0.966	-0.921	-0.922	-0.921	-0.915	-0.910	-0.905	
rs36061407     -0.910	-0.861	-0.685	-0.646	-0.641	-0.744	-0.921	-0.650	-0.877	-0.985	-0.657	-0.877	-0.923	-0.877	-0.923	-0.871	-0.656	-0.871	-0.666	-0.877	-0.869	-0.842	-0.558	-0.873	-0.688	-0.997	-0.997	-0.970	-0.996	-0.690	-0.996	-0.996	-0.907	-0.865	-0.996	-0.691	-0.690	-0.872	-0.996	-0.607	-0.669	-0.871	-0.993	-0.690	-0.869	-0.995	-0.908	-0.994	-0.859	-0.690	-0.995	-0.688	-0.871	-0.697	-0.871	-0.695	-0.871	-0.996	-0.996	-0.869	-0.909	-0.988	-0.872	-0.868	-0.867	-0.995	-0.697	-0.696	-0.869	-0.698	-0.698	-0.698	-0.870	-0.995	-0.698	-0.698	-0.700	-0.987	-0.698	-0.700	-0.698	-0.698	-0.698	-0.698	-0.698	-0.864	-0.698	-0.867	-0.698	-0.698	-0.698	-0.698	-0.698	-0.698	-0.698	-0.698	-0.699	-0.700	-0.871	-0.864	-0.997	-0.700	-0.700	-0.697	-0.697	-0.697	-0.698	-0.697	-0.865	-0.698	-0.697	-0.697	-0.698	-0.701	-0.698	-0.698	-0.852	-0.997	-0.701	-0.853	-0.701	-0.701	-0.702	-0.867	-0.556	-0.705	-0.855	-0.853	-0.855	-0.925	-0.855	-0.855	-0.855	-0.854	-0.867	-0.699	-0.827	-0.849	-0.854	-0.851	-0.854	-0.858	-0.859	-0.918	-0.861	-0.861	-0.922	-0.867	-0.866	-0.858	-0.864	-0.864	-0.861	-0.862	-0.888	-0.865	-0.886	-0.879	-0.885	-0.887	-0.886	-0.886	-0.886	-0.927	-0.886	-0.928	-0.885	-0.886	-0.885	-0.878	-0.873	-0.866	
rs2220042      -0.698	-0.919	-0.879	-0.885	-0.885	-0.883	-0.898	-0.885	-0.585	-0.935	-0.885	-0.584	-0.900	-0.584	-0.900	-0.585	-0.885	-0.588	-0.883	-0.584	-0.583	-0.915	-0.873	-0.464	-0.875	-0.943	-0.943	-0.899	-0.943	-0.877	-0.943	-0.943	-0.887	-0.579	-0.943	-0.875	-0.877	-0.582	-0.943	-0.864	-0.851	-0.581	-0.941	-0.880	-0.581	-0.942	-0.888	-0.942	-0.560	-0.880	-0.942	-0.881	-0.581	-0.877	-0.581	-0.878	-0.581	-0.944	-0.944	-0.580	-0.841	-0.939	-0.584	-0.925	-0.578	-0.943	-0.877	-0.871	-0.926	-0.875	-0.875	-0.875	-0.581	-0.943	-0.875	-0.875	-0.873	-0.937	-0.875	-0.879	-0.875	-0.875	-0.875	-0.875	-0.875	-0.924	-0.875	-0.925	-0.875	-0.875	-0.875	-0.875	-0.875	-0.874	-0.874	-0.874	-0.875	-0.873	-0.926	-0.923	-0.944	-0.874	-0.874	-0.872	-0.872	-0.872	-0.872	-0.872	-0.580	-0.872	-0.872	-0.872	-0.872	-0.877	-0.872	-0.872	-0.923	-0.944	-0.872	-0.922	-0.872	-0.871	-0.872	-0.923	-0.856	-0.875	-0.562	-0.558	-0.565	-0.737	-0.562	-0.562	-0.563	-0.560	-0.597	-0.879	-0.763	-0.550	-0.570	-0.562	-0.571	-0.580	-0.583	-0.736	-0.587	-0.587	-0.735	-0.596	-0.594	-0.583	-0.591	-0.591	-0.588	-0.590	-0.585	-0.625	-0.596	-0.613	-0.597	-0.586	-0.594	-0.597	-0.595	-0.705	-0.591	-0.716	-0.599	-0.594	-0.598	-0.604	-0.620	-0.631	
rs72769691     -0.912	-0.866	-0.691	-0.661	-0.658	-0.751	-0.922	-0.665	-0.878	-0.988	-0.670	-0.879	-0.924	-0.879	-0.924	-0.872	-0.669	-0.873	-0.677	-0.879	-0.870	-0.847	-0.688	-0.875	-0.560	-0.999	-0.999	-0.973	-0.998	-0.691	-0.999	-0.999	-0.907	-0.867	-0.999	-0.691	-0.691	-0.874	-0.999	-0.620	-0.659	-0.873	-0.996	-0.693	-0.871	-0.997	-0.908	-0.996	-0.861	-0.693	-0.997	-0.692	-0.873	-0.698	-0.873	-0.696	-0.873	-0.999	-0.999	-0.871	-0.912	-0.990	-0.874	-0.873	-0.869	-0.997	-0.698	-0.692	-0.873	-0.698	-0.698	-0.698	-0.872	-0.997	-0.697	-0.697	-0.699	-0.990	-0.697	-0.702	-0.697	-0.697	-0.697	-0.697	-0.697	-0.868	-0.697	-0.871	-0.697	-0.697	-0.697	-0.697	-0.697	-0.697	-0.696	-0.696	-0.699	-0.699	-0.875	-0.868	-0.999	-0.698	-0.698	-0.695	-0.695	-0.695	-0.695	-0.695	-0.867	-0.695	-0.695	-0.695	-0.695	-0.702	-0.695	-0.695	-0.856	-0.999	-0.700	-0.858	-0.700	-0.699	-0.700	-0.871	-0.568	-0.706	-0.857	-0.855	-0.857	-0.927	-0.857	-0.857	-0.857	-0.856	-0.869	-0.703	-0.831	-0.851	-0.856	-0.853	-0.856	-0.860	-0.861	-0.920	-0.863	-0.863	-0.924	-0.869	-0.868	-0.860	-0.866	-0.866	-0.863	-0.864	-0.890	-0.867	-0.887	-0.880	-0.887	-0.888	-0.888	-0.887	-0.888	-0.929	-0.888	-0.930	-0.887	-0.888	-0.886	-0.880	-0.875	-0.868	
rs1482758      -0.976	-0.959	-1.005	-1.012	-1.013	-0.991	-0.959	-1.012	-0.947	-0.772	-1.012	-0.948	-0.965	-0.948	-0.965	-0.941	-1.012	-0.942	-1.011	-0.948	-0.939	-0.946	-0.997	-0.943	-0.999	-0.658	-0.794	-1.028	-0.795	-1.001	-0.795	-0.795	-0.928	-0.934	-0.795	-0.999	-1.001	-0.942	-0.795	-0.996	-0.970	-0.941	-0.795	-1.005	-0.939	-0.796	-0.930	-0.795	-0.928	-1.005	-0.796	-1.007	-0.941	-1.002	-0.941	-1.002	-0.941	-0.799	-0.799	-0.939	-0.965	-0.835	-0.943	-0.965	-0.936	-0.800	-1.001	-0.993	-0.966	-0.999	-0.999	-0.999	-0.940	-0.801	-0.999	-0.999	-0.997	-0.784	-0.999	-1.004	-0.999	-0.999	-0.999	-0.999	-0.999	-0.962	-0.999	-0.964	-0.999	-0.999	-0.999	-0.999	-0.998	-0.997	-0.997	-0.997	-0.999	-0.997	-0.968	-0.962	-0.805	-0.997	-0.997	-0.995	-0.995	-0.995	-0.995	-0.995	-0.935	-0.995	-0.995	-0.995	-0.995	-1.002	-0.995	-0.995	-1.002	-0.810	-0.996	-1.002	-0.996	-0.995	-0.996	-0.964	-0.939	-1.001	-0.924	-0.922	-0.924	-0.986	-0.924	-0.924	-0.924	-0.922	-0.936	-1.006	-0.877	-0.918	-0.923	-0.920	-0.923	-0.927	-0.928	-0.979	-0.931	-0.931	-0.984	-0.937	-0.936	-0.928	-0.934	-0.934	-0.931	-0.932	-0.960	-0.938	-0.957	-0.950	-0.957	-0.959	-0.958	-0.957	-0.958	-0.989	-0.958	-0.990	-0.957	-0.958	-0.956	-0.951	-0.946	-0.939	
rs1482757      -0.976	-0.959	-1.005	-1.012	-1.013	-0.991	-0.959	-1.012	-0.947	-0.773	-1.012	-0.948	-0.965	-0.948	-0.965	-0.941	-1.012	-0.941	-1.011	-0.948	-0.938	-0.946	-0.997	-0.943	-0.999	-0.794	-0.658	-1.028	-0.795	-1.001	-0.795	-0.795	-0.928	-0.934	-0.795	-0.999	-1.001	-0.942	-0.795	-0.996	-0.970	-0.941	-0.795	-1.005	-0.939	-0.796	-0.930	-0.795	-0.928	-1.005	-0.796	-1.007	-0.941	-1.001	-0.941	-1.002	-0.941	-0.799	-0.799	-0.939	-0.965	-0.835	-0.943	-0.965	-0.936	-0.800	-1.001	-0.993	-0.966	-0.999	-0.999	-0.999	-0.940	-0.801	-0.999	-0.999	-0.997	-0.785	-0.999	-1.004	-0.999	-0.999	-0.999	-0.999	-0.999	-0.962	-0.999	-0.964	-0.999	-0.999	-0.999	-0.998	-0.998	-0.997	-0.997	-0.997	-0.998	-0.997	-0.968	-0.962	-0.805	-0.997	-0.997	-0.995	-0.995	-0.995	-0.995	-0.995	-0.935	-0.995	-0.995	-0.995	-0.995	-1.002	-0.995	-0.995	-1.002	-0.810	-0.996	-1.002	-0.996	-0.995	-0.996	-0.964	-0.939	-1.001	-0.924	-0.922	-0.924	-0.986	-0.924	-0.924	-0.924	-0.922	-0.936	-1.006	-0.877	-0.918	-0.923	-0.919	-0.923	-0.927	-0.928	-0.979	-0.931	-0.931	-0.984	-0.937	-0.936	-0.928	-0.934	-0.934	-0.931	-0.932	-0.960	-0.938	-0.957	-0.950	-0.957	-0.958	-0.958	-0.957	-0.958	-0.989	-0.958	-0.990	-0.957	-0.958	-0.956	-0.951	-0.946	-0.939	
rs1564630      -0.940	-1.025	-0.979	-0.989	-0.990	-0.999	-0.982	-0.989	-0.904	-1.034	-0.988	-0.904	-0.988	-0.905	-0.988	-0.896	-0.989	-0.897	-0.987	-0.905	-0.894	-1.022	-0.970	-0.899	-0.973	-1.028	-1.028	-0.603	-1.029	-0.975	-1.029	-1.029	-0.957	-0.889	-1.029	-0.973	-0.975	-0.897	-1.029	-0.982	-0.941	-0.897	-1.032	-0.980	-0.895	-1.031	-0.959	-1.031	-0.882	-0.980	-1.031	-0.982	-0.897	-0.976	-0.896	-0.976	-0.896	-1.030	-1.030	-0.894	-0.662	-1.019	-0.898	-1.029	-0.891	-1.031	-0.975	-0.966	-1.030	-0.973	-0.973	-0.973	-0.896	-1.031	-0.972	-0.972	-0.971	-1.035	-0.972	-0.978	-0.972	-0.972	-0.972	-0.972	-0.972	-1.028	-0.972	-1.029	-0.972	-0.972	-0.972	-0.972	-0.972	-0.971	-0.970	-0.970	-0.972	-0.970	-1.030	-1.028	-1.029	-0.970	-0.970	-0.968	-0.968	-0.968	-0.968	-0.968	-0.890	-0.968	-0.968	-0.968	-0.968	-0.976	-0.968	-0.968	-1.028	-1.028	-0.969	-1.026	-0.969	-0.968	-0.969	-1.027	-0.979	-0.975	-0.878	-0.875	-0.878	-0.950	-0.877	-0.877	-0.878	-0.876	-0.891	-0.981	-0.451	-0.871	-0.877	-0.873	-0.876	-0.881	-0.882	-0.942	-0.885	-0.885	-0.948	-0.892	-0.891	-0.882	-0.888	-0.888	-0.885	-0.886	-0.919	-0.893	-0.916	-0.908	-0.916	-0.918	-0.917	-0.916	-0.917	-0.961	-0.917	-0.961	-0.915	-0.917	-0.915	-0.909	-0.903	-0.894	
rs6732084      -0.976	-0.960	-1.004	-1.012	-1.013	-0.992	-0.958	-1.012	-0.947	-0.780	-1.011	-0.947	-0.964	-0.948	-0.964	-0.940	-1.012	-0.941	-1.010	-0.948	-0.938	-0.947	-0.996	-0.943	-0.998	-0.795	-0.795	-1.029	-0.658	-1.001	-0.794	-0.794	-0.926	-0.934	-0.794	-0.999	-1.000	-0.941	-0.795	-0.996	-0.969	-0.941	-0.796	-1.004	-0.939	-0.797	-0.928	-0.796	-0.927	-1.004	-0.797	-1.006	-0.941	-1.001	-0.940	-1.002	-0.940	-0.799	-0.799	-0.938	-0.966	-0.834	-0.942	-0.966	-0.936	-0.800	-1.001	-0.993	-0.966	-0.998	-0.998	-0.998	-0.940	-0.802	-0.998	-0.998	-0.997	-0.787	-0.998	-1.004	-0.998	-0.998	-0.998	-0.998	-0.998	-0.963	-0.998	-0.965	-0.998	-0.998	-0.998	-0.998	-0.998	-0.997	-0.996	-0.996	-0.998	-0.996	-0.969	-0.963	-0.804	-0.996	-0.997	-0.994	-0.994	-0.994	-0.994	-0.994	-0.934	-0.994	-0.994	-0.994	-0.994	-1.002	-0.995	-0.995	-1.002	-0.809	-0.995	-1.002	-0.995	-0.994	-0.995	-0.965	-0.940	-1.001	-0.923	-0.921	-0.924	-0.985	-0.923	-0.923	-0.923	-0.922	-0.935	-1.006	-0.878	-0.917	-0.923	-0.919	-0.922	-0.927	-0.928	-0.979	-0.930	-0.931	-0.984	-0.937	-0.936	-0.927	-0.933	-0.933	-0.931	-0.931	-0.960	-0.937	-0.957	-0.950	-0.957	-0.958	-0.958	-0.957	-0.958	-0.989	-0.958	-0.990	-0.957	-0.958	-0.956	-0.951	-0.945	-0.938	
rs35548928     -0.913	-0.870	-0.696	-0.675	-0.672	-0.758	-0.922	-0.677	-0.880	-0.991	-0.682	-0.880	-0.925	-0.881	-0.925	-0.874	-0.681	-0.875	-0.687	-0.881	-0.872	-0.852	-0.690	-0.877	-0.691	-1.001	-1.001	-0.975	-1.001	-0.562	-1.001	-1.001	-0.907	-0.868	-1.001	-0.691	-0.691	-0.875	-1.001	-0.630	-0.651	-0.875	-0.998	-0.695	-0.873	-0.999	-0.908	-0.998	-0.863	-0.695	-0.999	-0.696	-0.875	-0.699	-0.874	-0.696	-0.874	-1.001	-1.001	-0.873	-0.915	-0.992	-0.876	-0.877	-0.870	-0.999	-0.698	-0.689	-0.877	-0.697	-0.697	-0.697	-0.874	-0.999	-0.697	-0.697	-0.697	-0.992	-0.697	-0.703	-0.696	-0.696	-0.696	-0.696	-0.696	-0.872	-0.696	-0.875	-0.696	-0.696	-0.696	-0.696	-0.696	-0.695	-0.695	-0.695	-0.698	-0.697	-0.879	-0.872	-1.001	-0.697	-0.697	-0.693	-0.693	-0.693	-0.693	-0.693	-0.869	-0.693	-0.693	-0.693	-0.693	-0.702	-0.693	-0.693	-0.860	-1.001	-0.699	-0.861	-0.699	-0.698	-0.699	-0.875	-0.578	-0.707	-0.859	-0.857	-0.859	-0.928	-0.859	-0.858	-0.859	-0.857	-0.870	-0.706	-0.834	-0.853	-0.858	-0.854	-0.857	-0.861	-0.862	-0.922	-0.865	-0.865	-0.926	-0.871	-0.870	-0.862	-0.867	-0.867	-0.865	-0.866	-0.891	-0.869	-0.889	-0.882	-0.889	-0.890	-0.890	-0.889	-0.889	-0.930	-0.889	-0.931	-0.888	-0.889	-0.888	-0.882	-0.876	-0.869	
rs1351643      -0.976	-0.960	-1.004	-1.012	-1.013	-0.992	-0.958	-1.012	-0.947	-0.780	-1.012	-0.947	-0.964	-0.948	-0.964	-0.940	-1.012	-0.941	-1.010	-0.948	-0.938	-0.947	-0.996	-0.943	-0.999	-0.795	-0.795	-1.029	-0.794	-1.001	-0.658	-0.794	-0.926	-0.934	-0.794	-0.999	-1.000	-0.941	-0.795	-0.996	-0.969	-0.941	-0.796	-1.004	-0.939	-0.797	-0.929	-0.796	-0.927	-1.004	-0.797	-1.006	-0.941	-1.001	-0.940	-1.002	-0.940	-0.799	-0.799	-0.938	-0.966	-0.834	-0.942	-0.966	-0.936	-0.800	-1.001	-0.993	-0.966	-0.998	-0.998	-0.998	-0.940	-0.802	-0.998	-0.998	-0.997	-0.787	-0.998	-1.004	-0.998	-0.998	-0.998	-0.998	-0.998	-0.963	-0.998	-0.965	-0.998	-0.998	-0.998	-0.998	-0.998	-0.997	-0.996	-0.996	-0.998	-0.996	-0.969	-0.963	-0.804	-0.997	-0.997	-0.994	-0.994	-0.994	-0.995	-0.994	-0.935	-0.994	-0.994	-0.994	-0.994	-1.002	-0.995	-0.995	-1.002	-0.809	-0.995	-1.002	-0.995	-0.994	-0.995	-0.965	-0.940	-1.001	-0.923	-0.921	-0.924	-0.985	-0.923	-0.923	-0.923	-0.922	-0.935	-1.006	-0.878	-0.917	-0.923	-0.919	-0.922	-0.927	-0.928	-0.979	-0.930	-0.931	-0.984	-0.937	-0.936	-0.927	-0.933	-0.933	-0.931	-0.931	-0.960	-0.937	-0.957	-0.950	-0.957	-0.958	-0.958	-0.957	-0.958	-0.989	-0.958	-0.990	-0.957	-0.958	-0.956	-0.951	-0.946	-0.938	
rs11897353     -0.976	-0.960	-1.004	-1.012	-1.013	-0.992	-0.958	-1.012	-0.947	-0.780	-1.012	-0.947	-0.964	-0.948	-0.964	-0.940	-1.012	-0.941	-1.010	-0.948	-0.938	-0.947	-0.996	-0.943	-0.999	-0.795	-0.795	-1.029	-0.794	-1.001	-0.794	-0.658	-0.926	-0.934	-0.794	-0.999	-1.000	-0.941	-0.795	-0.996	-0.969	-0.941	-0.796	-1.004	-0.939	-0.797	-0.929	-0.795	-0.927	-1.004	-0.797	-1.006	-0.941	-1.001	-0.940	-1.002	-0.940	-0.799	-0.799	-0.938	-0.966	-0.834	-0.942	-0.966	-0.936	-0.800	-1.001	-0.993	-0.966	-0.998	-0.998	-0.998	-0.940	-0.802	-0.998	-0.998	-0.997	-0.787	-0.998	-1.004	-0.998	-0.998	-0.998	-0.998	-0.998	-0.963	-0.998	-0.965	-0.998	-0.998	-0.998	-0.998	-0.998	-0.997	-0.996	-0.996	-0.998	-0.996	-0.969	-0.963	-0.804	-0.997	-0.997	-0.994	-0.994	-0.994	-0.995	-0.994	-0.935	-0.995	-0.994	-0.994	-0.994	-1.002	-0.995	-0.995	-1.002	-0.809	-0.995	-1.002	-0.995	-0.994	-0.995	-0.965	-0.940	-1.001	-0.923	-0.921	-0.924	-0.985	-0.923	-0.923	-0.923	-0.922	-0.935	-1.006	-0.878	-0.917	-0.923	-0.919	-0.922	-0.927	-0.928	-0.979	-0.930	-0.931	-0.984	-0.937	-0.936	-0.927	-0.933	-0.933	-0.931	-0.931	-0.960	-0.937	-0.957	-0.950	-0.957	-0.958	-0.958	-0.957	-0.958	-0.989	-0.958	-0.990	-0.957	-0.958	-0.956	-0.951	-0.946	-0.938	
