## Summary of overall evidence for association with region:
## log10(BF for region) = 10.6474
## p-value for region = NA

## BFs for choosing among multi-SNP models:
## log10(average 1-SNP BF) = 10.6191
## log10(average 2-SNP BF) = 10.6989

## Example posterior probabilities for multi-SNP models, based on default prior: [p(l) propto 0.5^l for l=1,2,...,L]
## posterior probability of 1-SNP = 0.624668
## posterior probability of 2-SNP = 0.375332

## log10(BF) for single SNP and pair of SNPs:
rs13413169     -0.440	+3.601	+3.501	+3.553	-0.671	+5.316	+5.342	+8.437	+8.401	+9.745	+5.575	+5.468	+5.540	+5.538	+9.831	+5.523	+9.924	+5.486	+5.421	+4.640	+9.839	+5.782	+5.224	+5.378	+5.383	+9.953	+5.495	+7.382	+5.395	+5.242	+9.985	+5.389	+7.965	+4.930	+5.768	+5.766	-0.558	+5.675	+5.770	+4.830	+4.905	+4.903	+4.901	+4.799	+4.798	+5.673	+4.888	+5.640	+5.250	+5.091	+5.143	+4.165	+5.125	+4.172	+6.317	+5.024	+5.006	+4.213	+4.888	+4.924	+4.964	+4.908	+9.434	+4.325	+5.206	+4.114	+7.704	+4.901	+4.235	+4.126	+4.126	+4.933	+4.934	+6.003	+4.342	+5.162	+4.346	+5.166	+5.178	+4.581	+4.446	+6.889	+6.504	+6.412	+10.734	+6.067	+10.706	+10.710	+10.177	+10.626	+10.573	+6.598	+10.487	+10.420	+6.519	+10.211	+10.191	+5.999	+5.779	+10.209	+6.531	+6.516	+10.639	+10.410	+5.899	+6.453	+6.004	+6.027	+6.063	+5.972	+10.246	+10.243	+10.240	+10.367	+10.415	+10.233	+10.210	+10.229	+10.251	+10.227	+10.226	+5.304	+10.225	+10.223	+10.222	+10.303	+10.219	+10.218	+10.216	+10.213	+2.610	+5.983	+10.207	+10.206	+10.184	+10.204	+10.200	+10.198	+10.178	
rs79782574     +3.601	+4.309	+4.299	+4.324	+3.850	+6.557	+6.591	+8.954	+8.922	+9.959	+6.874	+6.795	+6.850	+6.850	+10.045	+6.838	+10.191	+6.810	+6.758	+5.928	+10.052	+7.068	+6.676	+6.732	+6.735	+10.167	+6.822	+7.684	+6.745	+6.669	+10.253	+6.743	+8.411	+6.084	+6.985	+6.985	+3.812	+6.914	+6.994	+6.021	+6.078	+6.077	+6.075	+5.996	+5.996	+6.920	+6.067	+6.892	+6.657	+6.530	+6.571	+5.610	+6.547	+5.615	+7.776	+6.141	+6.461	+5.647	+6.469	+6.499	+6.529	+6.485	+9.641	+5.726	+6.618	+5.661	+8.200	+6.481	+5.746	+5.725	+5.724	+6.569	+6.570	+7.657	+5.791	+6.645	+5.794	+6.648	+6.660	+5.963	+5.954	+8.358	+8.041	+8.012	+10.923	+7.598	+10.894	+10.898	+10.370	+10.814	+10.761	+8.110	+10.675	+10.608	+8.049	+10.400	+10.381	+7.562	+7.231	+10.400	+8.061	+8.055	+10.825	+10.600	+7.507	+8.006	+7.565	+7.558	+7.595	+7.532	+10.435	+10.432	+10.428	+10.555	+10.613	+10.422	+10.399	+10.418	+10.440	+10.416	+10.415	+7.354	+10.414	+10.412	+10.411	+10.490	+10.408	+10.407	+10.405	+10.403	+5.274	+7.576	+10.396	+10.395	+10.374	+10.393	+10.389	+10.388	+10.367	
rs78462154     +3.501	+4.299	+4.213	+4.298	+3.761	+6.559	+6.592	+8.868	+8.835	+10.026	+6.871	+6.791	+6.847	+6.846	+10.115	+6.835	+10.147	+6.806	+6.754	+5.924	+10.122	+7.065	+6.666	+6.725	+6.728	+10.239	+6.815	+7.794	+6.737	+6.660	+10.207	+6.734	+8.336	+6.078	+6.978	+6.977	+3.716	+6.906	+6.986	+6.013	+6.071	+6.069	+6.068	+5.988	+5.987	+6.910	+6.059	+6.882	+6.644	+6.516	+6.557	+5.595	+6.539	+5.599	+7.761	+6.145	+6.446	+5.632	+6.458	+6.488	+6.518	+6.474	+9.641	+5.712	+6.604	+5.649	+8.211	+6.470	+5.736	+5.716	+5.716	+6.561	+6.561	+7.639	+5.780	+6.633	+5.783	+6.637	+6.649	+5.955	+5.948	+8.232	+7.906	+8.003	+10.979	+7.457	+10.946	+10.951	+10.415	+10.862	+10.808	+8.089	+10.716	+10.646	+8.028	+10.429	+10.408	+7.422	+7.097	+10.431	+8.040	+8.033	+10.865	+10.637	+7.366	+7.984	+7.425	+7.420	+7.458	+7.392	+10.459	+10.457	+10.453	+10.584	+10.670	+10.446	+10.423	+10.442	+10.465	+10.440	+10.439	+7.207	+10.437	+10.436	+10.435	+10.514	+10.432	+10.430	+10.428	+10.426	+5.133	+7.435	+10.419	+10.418	+10.397	+10.416	+10.412	+10.410	+10.390	
rs871213       +3.553	+4.324	+4.298	+4.267	+3.814	+6.585	+6.619	+8.881	+8.849	+10.022	+6.897	+6.817	+6.873	+6.872	+10.111	+6.861	+10.153	+6.832	+6.780	+5.951	+10.117	+7.091	+6.694	+6.751	+6.755	+10.235	+6.842	+7.788	+6.764	+6.687	+10.214	+6.761	+8.348	+6.102	+7.002	+7.001	+3.767	+6.930	+7.010	+6.038	+6.095	+6.094	+6.092	+6.012	+6.012	+6.934	+6.084	+6.907	+6.670	+6.542	+6.583	+5.622	+6.565	+5.627	+7.788	+6.169	+6.473	+5.660	+6.486	+6.515	+6.546	+6.502	+9.643	+5.739	+6.630	+5.678	+8.225	+6.498	+5.764	+5.745	+5.745	+6.589	+6.590	+7.667	+5.808	+6.660	+5.810	+6.663	+6.676	+5.982	+5.975	+8.258	+7.933	+8.031	+10.976	+7.483	+10.943	+10.948	+10.412	+10.860	+10.805	+8.116	+10.714	+10.644	+8.055	+10.428	+10.408	+7.449	+7.124	+10.430	+8.067	+8.061	+10.863	+10.636	+7.393	+8.012	+7.452	+7.447	+7.485	+7.419	+10.459	+10.456	+10.452	+10.583	+10.666	+10.445	+10.423	+10.441	+10.464	+10.439	+10.438	+7.239	+10.437	+10.435	+10.434	+10.513	+10.431	+10.430	+10.428	+10.425	+5.171	+7.462	+10.418	+10.417	+10.396	+10.416	+10.411	+10.410	+10.389	
rs150744457    -0.671	+3.850	+3.761	+3.814	-0.348	+5.386	+5.411	+8.554	+8.517	+10.123	+5.641	+5.534	+5.606	+5.605	+10.209	+5.589	+9.992	+5.552	+5.486	+4.824	+10.216	+5.852	+5.289	+5.443	+5.448	+10.329	+5.560	+7.713	+5.460	+5.306	+10.052	+5.455	+8.136	+5.225	+5.836	+5.835	-0.521	+5.744	+5.840	+5.122	+5.195	+5.194	+5.192	+5.090	+5.089	+5.743	+5.178	+5.709	+5.319	+5.162	+5.213	+4.440	+5.195	+4.447	+6.362	+5.319	+5.077	+4.488	+4.958	+4.994	+5.034	+4.979	+9.777	+4.603	+5.276	+4.385	+8.022	+4.972	+4.509	+4.398	+4.397	+5.004	+5.004	+6.046	+4.621	+5.232	+4.624	+5.236	+5.249	+4.864	+4.722	+6.938	+6.555	+6.456	+11.090	+6.124	+11.057	+11.063	+10.522	+10.980	+10.931	+6.643	+10.840	+10.774	+6.565	+10.566	+10.543	+6.059	+5.982	+10.578	+6.577	+6.562	+10.997	+10.766	+5.959	+6.503	+6.064	+6.087	+6.123	+6.031	+10.596	+10.593	+10.590	+10.719	+10.767	+10.583	+10.564	+10.579	+10.601	+10.577	+10.576	+5.370	+10.574	+10.573	+10.572	+10.657	+10.569	+10.568	+10.565	+10.563	+2.681	+6.042	+10.556	+10.555	+10.538	+10.554	+10.549	+10.547	+10.531	
rs16852925     +5.316	+6.557	+6.559	+6.585	+5.386	+5.942	+5.992	+8.585	+8.551	+10.161	+6.095	+6.026	+6.071	+6.070	+10.234	+6.060	+10.011	+6.037	+5.997	+5.831	+10.240	+6.242	+5.911	+5.973	+5.976	+10.337	+6.041	+8.660	+5.982	+5.914	+10.069	+5.979	+8.353	+6.124	+6.279	+6.279	+5.422	+6.222	+6.281	+6.076	+6.113	+6.112	+6.111	+6.064	+6.064	+6.221	+6.106	+6.203	+6.059	+5.974	+6.001	+5.876	+5.993	+5.880	+6.750	+6.369	+5.935	+5.895	+5.903	+5.921	+5.939	+5.913	+9.994	+5.949	+6.035	+5.888	+8.559	+5.911	+5.941	+5.915	+5.915	+5.944	+5.944	+6.631	+5.980	+6.031	+5.982	+6.033	+6.037	+6.105	+6.079	+7.410	+7.116	+6.950	+11.107	+6.998	+11.089	+11.087	+10.643	+11.015	+10.971	+7.252	+10.899	+10.844	+7.202	+10.673	+10.657	+6.965	+7.147	+10.712	+7.211	+7.202	+11.044	+10.871	+6.933	+7.167	+6.966	+7.063	+7.084	+6.948	+10.710	+10.707	+10.704	+10.811	+10.879	+10.699	+10.681	+10.696	+10.713	+10.694	+10.693	+6.640	+10.692	+10.691	+10.690	+10.769	+10.688	+10.686	+10.685	+10.683	+5.567	+6.967	+10.677	+10.676	+10.660	+10.675	+10.671	+10.670	+10.655	
rs60188538     +5.342	+6.591	+6.592	+6.619	+5.411	+5.992	+5.968	+8.587	+8.553	+10.158	+6.108	+6.040	+6.085	+6.084	+10.230	+6.074	+10.013	+6.050	+6.011	+5.838	+10.237	+6.253	+5.920	+5.986	+5.989	+10.333	+6.053	+8.658	+5.995	+5.923	+10.071	+5.992	+8.350	+6.125	+6.281	+6.280	+5.447	+6.224	+6.283	+6.077	+6.114	+6.113	+6.112	+6.065	+6.065	+6.222	+6.107	+6.204	+6.061	+5.978	+6.004	+5.881	+5.996	+5.885	+6.748	+6.369	+5.939	+5.900	+5.908	+5.925	+5.943	+5.917	+9.988	+5.952	+6.037	+5.892	+8.553	+5.916	+5.945	+5.920	+5.919	+5.947	+5.948	+6.629	+5.983	+6.033	+5.985	+6.035	+6.040	+6.107	+6.082	+7.407	+7.115	+6.946	+11.102	+6.997	+11.083	+11.081	+10.638	+11.010	+10.966	+7.247	+10.893	+10.838	+7.198	+10.668	+10.652	+6.965	+7.147	+10.707	+7.206	+7.198	+11.038	+10.866	+6.932	+7.162	+6.966	+7.062	+7.084	+6.947	+10.704	+10.702	+10.699	+10.805	+10.874	+10.693	+10.675	+10.690	+10.708	+10.688	+10.688	+6.641	+10.686	+10.685	+10.684	+10.764	+10.682	+10.681	+10.679	+10.677	+5.582	+6.967	+10.672	+10.671	+10.654	+10.669	+10.666	+10.665	+10.649	
rs6747597      +8.437	+8.954	+8.868	+8.881	+8.554	+8.585	+8.587	+9.147	+9.188	+10.744	+8.608	+8.594	+8.602	+8.603	+10.800	+8.601	+10.319	+8.596	+8.589	+8.749	+10.805	+8.653	+8.577	+8.586	+8.586	+10.881	+8.598	+9.859	+8.587	+8.575	+10.371	+8.586	+9.649	+9.144	+8.812	+8.812	+8.533	+8.784	+8.817	+9.115	+9.147	+9.147	+9.146	+9.098	+9.098	+8.787	+9.141	+8.775	+8.737	+8.689	+8.703	+8.952	+8.698	+8.954	+9.052	+9.110	+8.666	+8.974	+8.674	+8.684	+8.695	+8.680	+10.656	+9.018	+8.721	+9.000	+10.291	+8.679	+9.052	+9.053	+9.053	+8.716	+8.717	+9.055	+9.073	+8.739	+9.075	+8.740	+8.747	+9.197	+9.217	+9.300	+9.084	+9.308	+11.591	+9.158	+11.578	+11.577	+11.223	+11.523	+11.488	+9.715	+11.431	+11.390	+9.683	+11.261	+11.247	+9.148	+9.551	+11.327	+9.689	+9.686	+11.572	+11.449	+9.161	+9.659	+9.148	+9.300	+9.318	+9.134	+11.297	+11.295	+11.292	+11.381	+11.462	+11.288	+11.275	+11.285	+11.300	+11.284	+11.283	+9.034	+11.282	+11.281	+11.281	+11.355	+11.279	+11.278	+11.276	+11.275	+8.491	+9.162	+11.271	+11.270	+11.258	+11.269	+11.266	+11.265	+11.254	
rs6719383      +8.401	+8.922	+8.835	+8.849	+8.517	+8.551	+8.553	+9.188	+9.111	+10.726	+8.575	+8.561	+8.570	+8.570	+10.783	+8.568	+10.314	+8.563	+8.556	+8.719	+10.788	+8.622	+8.544	+8.552	+8.552	+10.865	+8.565	+9.834	+8.553	+8.541	+10.366	+8.553	+9.628	+9.116	+8.784	+8.784	+8.497	+8.755	+8.789	+9.087	+9.119	+9.119	+9.118	+9.070	+9.069	+8.759	+9.113	+8.746	+8.708	+8.659	+8.673	+8.922	+8.668	+8.925	+9.025	+9.081	+8.636	+8.945	+8.643	+8.654	+8.665	+8.649	+10.637	+8.989	+8.691	+8.971	+10.267	+8.649	+9.023	+9.024	+9.024	+8.687	+8.687	+9.029	+9.044	+8.710	+9.046	+8.711	+8.717	+9.167	+9.189	+9.275	+9.058	+9.283	+11.577	+9.132	+11.564	+11.564	+11.208	+11.509	+11.474	+9.691	+11.417	+11.376	+9.659	+11.243	+11.230	+9.122	+9.524	+11.309	+9.665	+9.661	+11.556	+11.432	+9.134	+9.635	+9.122	+9.274	+9.292	+9.108	+11.280	+11.278	+11.275	+11.364	+11.445	+11.271	+11.258	+11.268	+11.283	+11.267	+11.266	+9.006	+11.265	+11.264	+11.264	+11.338	+11.262	+11.261	+11.259	+11.258	+8.457	+9.136	+11.254	+11.253	+11.241	+11.252	+11.249	+11.248	+11.237	
rs17616012     +9.745	+9.959	+10.026	+10.022	+10.123	+10.161	+10.158	+10.744	+10.726	+10.530	+10.187	+10.155	+10.178	+10.178	+10.655	+10.172	+11.232	+10.160	+10.138	+9.841	+10.660	+10.288	+10.136	+10.122	+10.124	+10.732	+10.159	+10.158	+10.126	+10.126	+11.271	+10.125	+10.257	+9.880	+10.161	+10.161	+9.873	+10.132	+10.166	+9.876	+9.875	+9.875	+9.875	+9.879	+9.879	+10.135	+9.874	+10.123	+10.089	+10.039	+10.054	+9.845	+10.048	+9.845	+10.849	+9.937	+10.014	+9.840	+10.048	+10.061	+10.072	+10.055	+10.488	+9.837	+10.075	+9.828	+10.290	+10.055	+9.828	+9.825	+9.825	+10.117	+10.118	+10.888	+9.831	+10.115	+9.831	+10.117	+10.124	+9.845	+9.852	+11.177	+10.927	+11.209	+11.308	+10.578	+11.291	+11.293	+10.939	+11.233	+11.194	+11.187	+11.137	+11.094	+11.153	+10.963	+10.954	+10.580	+10.283	+11.014	+11.162	+11.160	+11.262	+11.131	+10.622	+11.130	+10.578	+10.603	+10.631	+10.554	+10.999	+10.997	+10.995	+11.078	+11.146	+10.991	+10.974	+10.988	+11.003	+10.987	+10.987	+10.571	+10.986	+10.985	+10.984	+11.046	+10.982	+10.982	+10.980	+10.979	+10.006	+10.591	+10.975	+10.974	+10.959	+10.973	+10.971	+10.970	+10.955	
rs16852941     +5.575	+6.874	+6.871	+6.897	+5.641	+6.095	+6.108	+8.608	+8.575	+10.187	+6.202	+6.191	+6.217	+6.219	+10.257	+6.212	+10.022	+6.196	+6.175	+5.975	+10.263	+6.335	+6.057	+6.160	+6.161	+10.356	+6.189	+8.724	+6.159	+6.063	+10.080	+6.156	+8.392	+6.222	+6.350	+6.349	+5.672	+6.298	+6.354	+6.182	+6.215	+6.214	+6.214	+6.167	+6.166	+6.299	+6.208	+6.280	+6.155	+6.082	+6.105	+6.007	+6.098	+6.010	+6.800	+6.447	+6.050	+6.027	+6.023	+6.038	+6.053	+6.031	+10.007	+6.071	+6.134	+6.018	+8.589	+6.030	+6.065	+6.043	+6.043	+6.058	+6.058	+6.687	+6.099	+6.131	+6.101	+6.133	+6.140	+6.208	+6.199	+7.446	+7.172	+6.998	+11.115	+7.064	+11.099	+11.097	+10.659	+11.026	+10.981	+7.302	+10.910	+10.856	+7.253	+10.687	+10.672	+7.045	+7.226	+10.730	+7.263	+7.255	+11.055	+10.887	+7.006	+7.221	+7.044	+7.134	+7.164	+7.018	+10.724	+10.722	+10.719	+10.824	+10.896	+10.714	+10.694	+10.710	+10.728	+10.709	+10.708	+6.738	+10.707	+10.705	+10.705	+10.784	+10.702	+10.701	+10.699	+10.698	+5.760	+7.038	+10.692	+10.691	+10.674	+10.690	+10.686	+10.685	+10.668	
rs6742332      +5.468	+6.795	+6.791	+6.817	+5.534	+6.026	+6.040	+8.594	+8.561	+10.155	+6.191	+6.093	+6.171	+6.171	+10.226	+6.161	+10.016	+6.141	+6.108	+5.895	+10.232	+6.307	+5.985	+6.087	+6.089	+10.326	+6.133	+8.671	+6.090	+5.991	+10.074	+6.086	+8.353	+6.149	+6.301	+6.300	+5.566	+6.245	+6.305	+6.107	+6.142	+6.141	+6.140	+6.092	+6.091	+6.246	+6.135	+6.226	+6.089	+6.013	+6.036	+5.925	+6.030	+5.928	+6.756	+6.381	+5.978	+5.946	+5.949	+5.965	+5.981	+5.957	+9.971	+5.990	+6.067	+5.935	+8.542	+5.956	+5.984	+5.961	+5.960	+5.985	+5.985	+6.634	+6.019	+6.063	+6.021	+6.065	+6.073	+6.136	+6.120	+7.404	+7.121	+6.949	+11.086	+7.010	+11.068	+11.066	+10.625	+10.994	+10.951	+7.249	+10.878	+10.824	+7.201	+10.654	+10.638	+6.984	+7.165	+10.694	+7.209	+7.201	+11.023	+10.853	+6.950	+7.166	+6.983	+7.077	+7.101	+6.963	+10.690	+10.688	+10.685	+10.791	+10.861	+10.679	+10.661	+10.676	+10.694	+10.674	+10.674	+6.669	+10.672	+10.671	+10.670	+10.750	+10.668	+10.667	+10.665	+10.663	+5.668	+6.982	+10.658	+10.657	+10.641	+10.656	+10.652	+10.651	+10.635	
rs6432968      +5.540	+6.850	+6.847	+6.873	+5.606	+6.071	+6.085	+8.602	+8.570	+10.178	+6.217	+6.171	+6.167	+6.202	+10.248	+6.194	+10.020	+6.178	+6.154	+5.948	+10.254	+6.325	+6.032	+6.137	+6.138	+10.347	+6.169	+8.709	+6.137	+6.039	+10.078	+6.134	+8.376	+6.196	+6.332	+6.332	+5.637	+6.279	+6.337	+6.156	+6.190	+6.189	+6.188	+6.141	+6.140	+6.281	+6.183	+6.261	+6.132	+6.058	+6.081	+5.979	+6.075	+5.982	+6.784	+6.428	+6.025	+5.999	+5.998	+6.013	+6.028	+6.006	+9.997	+6.042	+6.110	+5.989	+8.575	+6.004	+6.037	+6.014	+6.014	+6.032	+6.032	+6.667	+6.071	+6.107	+6.073	+6.109	+6.117	+6.186	+6.171	+7.433	+7.153	+6.980	+11.107	+7.048	+11.089	+11.087	+10.648	+11.016	+10.972	+7.283	+10.900	+10.846	+7.235	+10.678	+10.661	+7.023	+7.208	+10.719	+7.243	+7.235	+11.045	+10.876	+6.990	+7.201	+7.022	+7.117	+7.141	+7.002	+10.714	+10.711	+10.708	+10.814	+10.885	+10.703	+10.685	+10.700	+10.717	+10.698	+10.697	+6.713	+10.696	+10.695	+10.694	+10.773	+10.692	+10.690	+10.689	+10.687	+5.731	+7.021	+10.681	+10.680	+10.664	+10.679	+10.676	+10.674	+10.659	
rs7581050      +5.538	+6.850	+6.846	+6.872	+5.605	+6.070	+6.084	+8.603	+8.570	+10.178	+6.219	+6.171	+6.202	+6.165	+10.248	+6.196	+10.020	+6.178	+6.154	+5.947	+10.254	+6.326	+6.032	+6.137	+6.138	+10.347	+6.170	+8.708	+6.137	+6.038	+10.078	+6.133	+8.376	+6.195	+6.332	+6.331	+5.636	+6.278	+6.335	+6.154	+6.188	+6.187	+6.186	+6.139	+6.138	+6.279	+6.181	+6.260	+6.131	+6.057	+6.080	+5.977	+6.073	+5.980	+6.783	+6.425	+6.024	+5.997	+5.996	+6.012	+6.027	+6.004	+9.997	+6.041	+6.109	+5.987	+8.575	+6.003	+6.035	+6.013	+6.012	+6.031	+6.031	+6.666	+6.069	+6.106	+6.071	+6.108	+6.115	+6.184	+6.169	+7.433	+7.152	+6.978	+11.107	+7.047	+11.090	+11.088	+10.650	+11.017	+10.972	+7.281	+10.902	+10.848	+7.234	+10.677	+10.663	+7.021	+7.206	+10.720	+7.242	+7.234	+11.047	+10.878	+6.988	+7.199	+7.021	+7.116	+7.139	+7.000	+10.715	+10.713	+10.710	+10.815	+10.886	+10.704	+10.685	+10.701	+10.719	+10.699	+10.699	+6.712	+10.697	+10.696	+10.695	+10.775	+10.693	+10.692	+10.690	+10.688	+5.729	+7.020	+10.683	+10.682	+10.664	+10.681	+10.677	+10.676	+10.659	
rs79774925     +9.831	+10.045	+10.115	+10.111	+10.209	+10.234	+10.230	+10.800	+10.783	+10.655	+10.257	+10.226	+10.248	+10.248	+10.617	+10.242	+11.275	+10.231	+10.209	+9.926	+10.700	+10.357	+10.207	+10.193	+10.195	+10.763	+10.230	+10.238	+10.197	+10.198	+11.314	+10.196	+10.321	+9.967	+10.231	+10.231	+9.959	+10.202	+10.236	+9.964	+9.962	+9.962	+9.962	+9.967	+9.967	+10.205	+9.961	+10.193	+10.161	+10.111	+10.126	+9.934	+10.121	+9.934	+10.913	+10.029	+10.087	+9.929	+10.121	+10.134	+10.145	+10.128	+10.542	+9.924	+10.147	+9.914	+10.354	+10.127	+9.914	+9.910	+9.910	+10.189	+10.190	+10.953	+9.916	+10.187	+9.916	+10.188	+10.195	+9.927	+9.933	+11.239	+10.990	+11.273	+11.331	+10.643	+11.314	+11.316	+10.974	+11.258	+11.221	+11.250	+11.165	+11.124	+11.216	+10.999	+10.989	+10.646	+10.352	+11.050	+11.225	+11.223	+11.288	+11.164	+10.688	+11.194	+10.644	+10.669	+10.697	+10.620	+11.033	+11.031	+11.029	+11.109	+11.179	+11.025	+11.011	+11.023	+11.037	+11.022	+11.021	+10.639	+11.020	+11.019	+11.019	+11.080	+11.017	+11.016	+11.015	+11.014	+10.084	+10.657	+11.010	+11.009	+10.996	+11.008	+11.006	+11.005	+10.993	
rs891384       +5.523	+6.838	+6.835	+6.861	+5.589	+6.060	+6.074	+8.601	+8.568	+10.172	+6.212	+6.161	+6.194	+6.196	+10.242	+6.149	+10.019	+6.170	+6.144	+5.935	+10.248	+6.322	+6.021	+6.126	+6.128	+10.342	+6.162	+8.699	+6.127	+6.027	+10.077	+6.124	+8.370	+6.184	+6.324	+6.324	+5.621	+6.271	+6.328	+6.143	+6.177	+6.176	+6.175	+6.128	+6.128	+6.272	+6.170	+6.252	+6.121	+6.047	+6.069	+5.965	+6.063	+5.968	+6.776	+6.415	+6.013	+5.986	+5.985	+6.001	+6.016	+5.994	+9.990	+6.029	+6.099	+5.975	+8.567	+5.992	+6.023	+6.001	+6.001	+6.020	+6.020	+6.658	+6.058	+6.096	+6.059	+6.098	+6.105	+6.173	+6.158	+7.425	+7.144	+6.971	+11.102	+7.037	+11.085	+11.083	+10.643	+11.012	+10.966	+7.273	+10.896	+10.842	+7.226	+10.671	+10.657	+7.012	+7.196	+10.714	+7.234	+7.225	+11.041	+10.872	+6.978	+7.191	+7.012	+7.106	+7.130	+6.991	+10.709	+10.707	+10.704	+10.809	+10.880	+10.698	+10.679	+10.695	+10.712	+10.693	+10.692	+6.701	+10.691	+10.690	+10.689	+10.769	+10.687	+10.686	+10.684	+10.682	+5.715	+7.010	+10.677	+10.676	+10.658	+10.674	+10.671	+10.670	+10.652	
rs7425359      +9.924	+10.191	+10.147	+10.153	+9.992	+10.011	+10.013	+10.319	+10.314	+11.232	+10.022	+10.016	+10.020	+10.020	+11.275	+10.019	+10.669	+10.017	+10.014	+10.226	+11.279	+10.046	+10.001	+10.013	+10.013	+11.340	+10.017	+10.684	+10.013	+10.000	+10.766	+10.013	+10.998	+10.210	+10.050	+10.050	+10.024	+10.050	+10.048	+10.192	+10.212	+10.212	+10.211	+10.181	+10.181	+10.048	+10.208	+10.049	+10.007	+10.011	+10.009	+10.101	+10.008	+10.102	+10.377	+10.184	+10.015	+10.115	+10.002	+10.001	+10.001	+10.002	+11.187	+10.142	+10.009	+10.138	+11.033	+10.001	+10.171	+10.177	+10.177	+9.995	+9.995	+10.406	+10.183	+10.004	+10.184	+10.004	+10.003	+10.267	+10.298	+10.586	+10.403	+10.639	+11.983	+10.531	+11.975	+11.975	+11.683	+11.930	+11.899	+11.097	+11.855	+11.821	+11.065	+11.713	+11.704	+10.535	+11.034	+11.790	+11.074	+11.071	+11.982	+11.889	+10.555	+11.047	+10.533	+10.709	+10.736	+10.512	+11.750	+11.749	+11.747	+11.821	+11.909	+11.743	+11.729	+11.741	+11.754	+11.740	+11.739	+10.472	+11.738	+11.738	+11.737	+11.803	+11.736	+11.735	+11.734	+11.732	+9.987	+10.539	+11.729	+11.728	+11.715	+11.727	+11.725	+11.724	+11.712	
rs1807380      +5.486	+6.810	+6.806	+6.832	+5.552	+6.037	+6.050	+8.596	+8.563	+10.160	+6.196	+6.141	+6.178	+6.178	+10.231	+6.170	+10.017	+6.112	+6.120	+5.908	+10.236	+6.312	+5.997	+6.100	+6.102	+10.330	+6.142	+8.679	+6.103	+6.002	+10.075	+6.099	+8.358	+6.160	+6.308	+6.307	+5.584	+6.253	+6.312	+6.118	+6.152	+6.152	+6.151	+6.103	+6.102	+6.254	+6.146	+6.234	+6.099	+6.023	+6.046	+5.937	+6.040	+5.941	+6.762	+6.392	+5.989	+5.958	+5.960	+5.976	+5.992	+5.969	+9.977	+6.002	+6.077	+5.948	+8.550	+5.967	+5.996	+5.973	+5.973	+5.996	+5.996	+6.641	+6.031	+6.073	+6.033	+6.075	+6.083	+6.147	+6.132	+7.410	+7.127	+6.955	+11.090	+7.017	+11.072	+11.070	+10.630	+10.999	+10.955	+7.256	+10.883	+10.828	+7.208	+10.659	+10.643	+6.992	+7.174	+10.700	+7.216	+7.208	+11.028	+10.858	+6.958	+7.174	+6.991	+7.085	+7.109	+6.970	+10.695	+10.693	+10.690	+10.796	+10.866	+10.684	+10.666	+10.681	+10.699	+10.679	+10.679	+6.678	+10.677	+10.676	+10.675	+10.755	+10.673	+10.672	+10.670	+10.668	+5.683	+6.990	+10.663	+10.662	+10.646	+10.661	+10.657	+10.656	+10.640	
rs11888203     +5.421	+6.758	+6.754	+6.780	+5.486	+5.997	+6.011	+8.589	+8.556	+10.138	+6.175	+6.108	+6.154	+6.154	+10.209	+6.144	+10.014	+6.120	+6.045	+5.861	+10.215	+6.298	+5.955	+6.059	+6.061	+10.309	+6.113	+8.642	+6.063	+5.960	+10.073	+6.059	+8.336	+6.118	+6.280	+6.280	+5.518	+6.223	+6.284	+6.075	+6.110	+6.109	+6.109	+6.059	+6.059	+6.224	+6.103	+6.203	+6.061	+5.982	+6.007	+5.889	+6.000	+5.892	+6.738	+6.349	+5.947	+5.910	+5.917	+5.933	+5.949	+5.925	+9.952	+5.955	+6.038	+5.899	+8.519	+5.924	+5.949	+5.925	+5.925	+5.953	+5.953	+6.611	+5.984	+6.034	+5.986	+6.036	+6.043	+6.102	+6.086	+7.384	+7.099	+6.928	+11.070	+6.983	+11.051	+11.049	+10.606	+10.978	+10.934	+7.227	+10.861	+10.806	+7.179	+10.636	+10.620	+6.957	+7.135	+10.676	+7.187	+7.179	+11.007	+10.835	+6.922	+7.143	+6.956	+7.050	+7.074	+6.935	+10.672	+10.670	+10.667	+10.774	+10.843	+10.661	+10.643	+10.658	+10.676	+10.656	+10.656	+6.638	+10.654	+10.653	+10.652	+10.732	+10.650	+10.649	+10.647	+10.645	+5.626	+6.955	+10.640	+10.639	+10.622	+10.637	+10.634	+10.632	+10.617	
rs6733384      +4.640	+5.928	+5.924	+5.951	+4.824	+5.831	+5.838	+8.749	+8.719	+9.841	+5.975	+5.895	+5.948	+5.947	+9.926	+5.935	+10.226	+5.908	+5.861	+5.273	+9.933	+6.148	+5.774	+5.833	+5.836	+10.047	+5.918	+7.963	+5.846	+5.774	+10.280	+5.843	+8.186	+5.483	+6.246	+6.245	+4.758	+6.181	+6.251	+5.425	+5.470	+5.469	+5.468	+5.406	+5.405	+6.182	+5.460	+6.158	+5.981	+5.876	+5.909	+5.157	+5.900	+5.160	+6.729	+5.671	+5.826	+5.180	+5.792	+5.816	+5.839	+5.805	+9.556	+5.230	+5.953	+5.160	+7.972	+5.802	+5.215	+5.184	+5.184	+5.851	+5.851	+6.586	+5.257	+5.954	+5.259	+5.957	+5.966	+5.388	+5.356	+7.477	+7.173	+6.937	+10.805	+6.769	+10.779	+10.783	+10.267	+10.701	+10.650	+7.032	+10.566	+10.502	+6.976	+10.301	+10.283	+6.734	+6.420	+10.307	+6.985	+6.975	+10.716	+10.497	+6.698	+6.934	+6.735	+6.732	+6.758	+6.712	+10.337	+10.334	+10.330	+10.454	+10.501	+10.324	+10.302	+10.320	+10.342	+10.318	+10.318	+6.383	+10.316	+10.315	+10.314	+10.392	+10.311	+10.310	+10.308	+10.306	+5.120	+6.734	+10.299	+10.298	+10.278	+10.297	+10.292	+10.291	+10.272	
rs79717346     +9.839	+10.052	+10.122	+10.117	+10.216	+10.240	+10.237	+10.805	+10.788	+10.660	+10.263	+10.232	+10.254	+10.254	+10.700	+10.248	+11.279	+10.236	+10.215	+9.933	+10.625	+10.362	+10.213	+10.199	+10.201	+10.766	+10.235	+10.245	+10.203	+10.203	+11.317	+10.202	+10.326	+9.974	+10.236	+10.236	+9.966	+10.207	+10.241	+9.972	+9.969	+9.969	+9.969	+9.975	+9.975	+10.211	+9.969	+10.198	+10.166	+10.117	+10.132	+9.942	+10.126	+9.942	+10.917	+10.037	+10.093	+9.937	+10.127	+10.140	+10.150	+10.134	+10.546	+9.932	+10.153	+9.922	+10.359	+10.133	+9.921	+9.917	+9.917	+10.195	+10.195	+10.958	+9.924	+10.192	+9.924	+10.193	+10.201	+9.934	+9.940	+11.243	+10.995	+11.277	+11.332	+10.648	+11.315	+11.317	+10.976	+11.259	+11.223	+11.255	+11.167	+11.126	+11.221	+11.002	+10.991	+10.651	+10.357	+11.052	+11.230	+11.228	+11.290	+11.166	+10.693	+11.198	+10.649	+10.674	+10.701	+10.625	+11.035	+11.033	+11.031	+11.111	+11.181	+11.027	+11.013	+11.025	+11.039	+11.024	+11.023	+10.644	+11.022	+11.021	+11.021	+11.082	+11.019	+11.018	+11.017	+11.016	+10.090	+10.662	+11.012	+11.011	+10.999	+11.010	+11.008	+11.007	+10.995	
rs7424994      +5.782	+7.068	+7.065	+7.091	+5.852	+6.242	+6.253	+8.653	+8.622	+10.288	+6.335	+6.307	+6.325	+6.326	+10.357	+6.322	+10.046	+6.312	+6.298	+6.148	+10.362	+6.418	+6.223	+6.294	+6.294	+10.452	+6.312	+8.871	+6.295	+6.217	+10.101	+6.293	+8.487	+6.377	+6.464	+6.464	+5.890	+6.418	+6.465	+6.334	+6.365	+6.365	+6.364	+6.324	+6.324	+6.417	+6.359	+6.402	+6.300	+6.234	+6.254	+6.179	+6.248	+6.182	+6.904	+6.604	+6.205	+6.194	+6.182	+6.196	+6.209	+6.189	+10.113	+6.239	+6.280	+6.190	+8.718	+6.188	+6.234	+6.215	+6.215	+6.214	+6.214	+6.815	+6.267	+6.280	+6.269	+6.281	+6.285	+6.376	+6.360	+7.565	+7.295	+7.114	+11.205	+7.206	+11.190	+11.187	+10.757	+11.117	+11.073	+7.423	+11.004	+10.951	+7.378	+10.785	+10.771	+7.183	+7.385	+10.832	+7.386	+7.378	+11.148	+10.985	+7.154	+7.346	+7.183	+7.281	+7.304	+7.163	+10.822	+10.820	+10.817	+10.921	+10.994	+10.812	+10.793	+10.809	+10.826	+10.807	+10.806	+6.891	+10.805	+10.804	+10.803	+10.882	+10.801	+10.800	+10.798	+10.796	+5.956	+7.183	+10.791	+10.790	+10.772	+10.789	+10.785	+10.784	+10.767	
rs141569879    +5.224	+6.676	+6.666	+6.694	+5.289	+5.911	+5.920	+8.577	+8.544	+10.136	+6.057	+5.985	+6.032	+6.032	+10.207	+6.021	+10.001	+5.997	+5.955	+5.774	+10.213	+6.223	+5.843	+5.929	+5.932	+10.307	+6.002	+8.612	+5.939	+5.867	+10.059	+5.935	+8.326	+6.052	+6.238	+6.237	+5.336	+6.177	+6.239	+6.000	+6.038	+6.037	+6.036	+5.987	+5.987	+6.175	+6.030	+6.156	+6.007	+5.919	+5.946	+5.801	+5.939	+5.804	+6.683	+6.286	+5.879	+5.820	+5.843	+5.862	+5.881	+5.853	+9.942	+5.874	+5.981	+5.810	+8.506	+5.852	+5.864	+5.838	+5.838	+5.885	+5.886	+6.545	+5.906	+5.977	+5.908	+5.979	+5.984	+6.034	+6.009	+7.323	+7.029	+6.869	+11.068	+6.890	+11.051	+11.049	+10.604	+10.978	+10.932	+7.157	+10.861	+10.806	+7.106	+10.633	+10.618	+6.862	+7.019	+10.675	+7.115	+7.106	+11.006	+10.836	+6.825	+7.070	+6.863	+6.951	+6.977	+6.841	+10.671	+10.668	+10.665	+10.773	+10.844	+10.660	+10.640	+10.656	+10.674	+10.655	+10.654	+6.525	+10.653	+10.651	+10.651	+10.730	+10.648	+10.647	+10.645	+10.643	+5.457	+6.860	+10.638	+10.637	+10.619	+10.636	+10.632	+10.631	+10.613	
rs148622865    +5.378	+6.732	+6.725	+6.751	+5.443	+5.973	+5.986	+8.586	+8.552	+10.122	+6.160	+6.087	+6.137	+6.137	+10.193	+6.126	+10.013	+6.100	+6.059	+5.833	+10.199	+6.294	+5.929	+6.001	+6.042	+10.293	+6.102	+8.614	+6.047	+5.934	+10.072	+6.043	+8.321	+6.085	+6.261	+6.260	+5.476	+6.202	+6.264	+6.042	+6.077	+6.076	+6.075	+6.026	+6.025	+6.202	+6.069	+6.181	+6.032	+5.952	+5.977	+5.853	+5.970	+5.857	+6.720	+6.315	+5.916	+5.875	+5.885	+5.901	+5.918	+5.894	+9.928	+5.920	+6.009	+5.863	+8.495	+5.892	+5.913	+5.890	+5.890	+5.922	+5.922	+6.588	+5.950	+6.005	+5.952	+6.007	+6.014	+6.069	+6.052	+7.364	+7.076	+6.909	+11.050	+6.956	+11.031	+11.030	+10.585	+10.958	+10.914	+7.207	+10.841	+10.786	+7.158	+10.615	+10.599	+6.929	+7.104	+10.654	+7.166	+7.158	+10.987	+10.814	+6.894	+7.122	+6.929	+7.022	+7.046	+6.908	+10.651	+10.649	+10.646	+10.754	+10.822	+10.640	+10.622	+10.637	+10.655	+10.635	+10.634	+6.607	+10.633	+10.632	+10.631	+10.711	+10.629	+10.627	+10.626	+10.624	+5.587	+6.927	+10.618	+10.617	+10.601	+10.616	+10.612	+10.611	+10.595	
rs145242445    +5.383	+6.735	+6.728	+6.755	+5.448	+5.976	+5.989	+8.586	+8.552	+10.124	+6.161	+6.089	+6.138	+6.138	+10.195	+6.128	+10.013	+6.102	+6.061	+5.836	+10.201	+6.294	+5.932	+6.042	+6.006	+10.294	+6.104	+8.617	+6.049	+5.937	+10.072	+6.045	+8.322	+6.089	+6.263	+6.262	+5.480	+6.204	+6.266	+6.045	+6.080	+6.079	+6.079	+6.029	+6.028	+6.204	+6.073	+6.183	+6.035	+5.955	+5.980	+5.857	+5.973	+5.860	+6.721	+6.318	+5.919	+5.878	+5.888	+5.905	+5.921	+5.897	+9.930	+5.924	+6.012	+5.867	+8.497	+5.895	+5.917	+5.893	+5.893	+5.925	+5.925	+6.590	+5.954	+6.007	+5.955	+6.010	+6.017	+6.073	+6.056	+7.366	+7.078	+6.911	+11.051	+6.958	+11.033	+11.031	+10.586	+10.959	+10.915	+7.209	+10.842	+10.787	+7.160	+10.616	+10.600	+6.932	+7.107	+10.655	+7.168	+7.160	+10.988	+10.815	+6.896	+7.125	+6.931	+7.024	+7.048	+6.910	+10.652	+10.650	+10.647	+10.755	+10.823	+10.641	+10.623	+10.638	+10.656	+10.636	+10.636	+6.610	+10.634	+10.633	+10.632	+10.712	+10.630	+10.629	+10.627	+10.625	+5.591	+6.929	+10.620	+10.619	+10.602	+10.617	+10.614	+10.612	+10.597	
rs145734066    +9.953	+10.167	+10.239	+10.235	+10.329	+10.337	+10.333	+10.881	+10.865	+10.732	+10.356	+10.326	+10.347	+10.347	+10.763	+10.342	+11.340	+10.330	+10.309	+10.047	+10.766	+10.452	+10.307	+10.293	+10.294	+10.741	+10.327	+10.353	+10.296	+10.296	+11.373	+10.294	+10.410	+10.093	+10.326	+10.325	+10.080	+10.297	+10.330	+10.092	+10.088	+10.088	+10.088	+10.096	+10.096	+10.300	+10.088	+10.288	+10.258	+10.210	+10.224	+10.065	+10.219	+10.064	+10.996	+10.164	+10.185	+10.058	+10.220	+10.233	+10.243	+10.227	+10.621	+10.051	+10.244	+10.040	+10.440	+10.226	+10.037	+10.031	+10.031	+10.286	+10.286	+11.037	+10.039	+10.283	+10.039	+10.284	+10.291	+10.045	+10.047	+11.320	+11.074	+11.353	+11.362	+10.731	+11.347	+11.348	+11.022	+11.293	+11.258	+11.331	+11.205	+11.166	+11.298	+11.047	+11.037	+10.735	+10.445	+11.099	+11.307	+11.305	+11.325	+11.208	+10.778	+11.276	+10.733	+10.758	+10.785	+10.709	+11.080	+11.078	+11.076	+11.153	+11.224	+11.073	+11.059	+11.070	+11.084	+11.069	+11.069	+10.732	+11.068	+11.067	+11.066	+11.126	+11.065	+11.064	+11.063	+11.062	+10.192	+10.746	+11.058	+11.057	+11.045	+11.056	+11.054	+11.053	+11.041	
rs4667530      +5.495	+6.822	+6.815	+6.842	+5.560	+6.041	+6.053	+8.598	+8.565	+10.159	+6.189	+6.133	+6.169	+6.170	+10.230	+6.162	+10.017	+6.142	+6.113	+5.918	+10.235	+6.312	+6.002	+6.102	+6.104	+10.327	+6.120	+8.673	+6.109	+6.008	+10.075	+6.106	+8.358	+6.160	+6.309	+6.308	+5.591	+6.254	+6.312	+6.118	+6.152	+6.151	+6.150	+6.102	+6.102	+6.254	+6.144	+6.234	+6.100	+6.025	+6.048	+5.939	+6.041	+5.943	+6.763	+6.387	+5.991	+5.960	+5.962	+5.978	+5.993	+5.971	+9.965	+6.004	+6.078	+5.950	+8.546	+5.969	+5.998	+5.976	+5.975	+5.998	+5.998	+6.643	+6.033	+6.075	+6.035	+6.077	+6.084	+6.149	+6.133	+7.410	+7.127	+6.958	+11.081	+7.016	+11.064	+11.062	+10.621	+10.990	+10.945	+7.260	+10.874	+10.820	+7.212	+10.649	+10.634	+6.991	+7.172	+10.690	+7.220	+7.212	+11.019	+10.849	+6.957	+7.177	+6.990	+7.085	+7.108	+6.969	+10.686	+10.684	+10.681	+10.788	+10.858	+10.675	+10.656	+10.672	+10.690	+10.670	+10.670	+6.678	+10.668	+10.667	+10.666	+10.746	+10.664	+10.663	+10.661	+10.659	+5.689	+6.989	+10.654	+10.653	+10.635	+10.651	+10.648	+10.647	+10.629	
rs148923534    +7.382	+7.684	+7.794	+7.788	+7.713	+8.660	+8.658	+9.859	+9.834	+10.158	+8.724	+8.671	+8.709	+8.708	+10.238	+8.699	+10.684	+8.679	+8.642	+7.963	+10.245	+8.871	+8.612	+8.614	+8.617	+10.353	+8.673	+8.180	+8.618	+8.597	+10.728	+8.615	+9.222	+7.974	+8.717	+8.717	+7.555	+8.666	+8.724	+7.943	+7.974	+7.973	+7.972	+7.928	+7.927	+8.670	+7.967	+8.648	+8.546	+8.459	+8.485	+7.778	+8.474	+7.781	+9.530	+7.982	+8.414	+7.799	+8.473	+8.495	+8.514	+8.484	+9.944	+7.840	+8.523	+7.844	+9.235	+8.483	+7.893	+7.909	+7.909	+8.586	+8.586	+9.532	+7.905	+8.585	+7.907	+8.588	+8.598	+8.021	+8.073	+9.951	+9.673	+9.905	+11.090	+9.254	+11.066	+11.070	+10.599	+10.995	+10.947	+9.918	+10.872	+10.815	+9.873	+10.636	+10.621	+9.247	+8.900	+10.680	+9.884	+9.881	+11.018	+10.842	+9.295	+9.842	+9.246	+9.298	+9.332	+9.216	+10.677	+10.674	+10.671	+10.782	+10.823	+10.666	+10.645	+10.663	+10.682	+10.661	+10.660	+9.209	+10.659	+10.658	+10.657	+10.732	+10.654	+10.653	+10.651	+10.650	+7.958	+9.262	+10.644	+10.643	+10.624	+10.642	+10.638	+10.637	+10.618	
rs6432970      +5.395	+6.745	+6.737	+6.764	+5.460	+5.982	+5.995	+8.587	+8.553	+10.126	+6.159	+6.090	+6.137	+6.137	+10.197	+6.127	+10.013	+6.103	+6.063	+5.846	+10.203	+6.295	+5.939	+6.047	+6.049	+10.296	+6.109	+8.618	+6.018	+5.944	+10.073	+6.053	+8.325	+6.094	+6.266	+6.265	+5.492	+6.208	+6.270	+6.050	+6.085	+6.084	+6.084	+6.034	+6.034	+6.208	+6.078	+6.187	+6.040	+5.961	+5.985	+5.864	+5.978	+5.867	+6.724	+6.322	+5.925	+5.885	+5.894	+5.911	+5.927	+5.903	+9.928	+5.930	+6.016	+5.874	+8.498	+5.901	+5.923	+5.900	+5.900	+5.931	+5.931	+6.594	+5.960	+6.012	+5.961	+6.015	+6.022	+6.078	+6.062	+7.368	+7.080	+6.914	+11.050	+6.960	+11.031	+11.029	+10.584	+10.957	+10.913	+7.212	+10.840	+10.785	+7.163	+10.614	+10.598	+6.934	+7.110	+10.653	+7.171	+7.163	+10.986	+10.813	+6.899	+7.128	+6.934	+7.027	+7.051	+6.912	+10.650	+10.648	+10.645	+10.753	+10.821	+10.639	+10.621	+10.636	+10.654	+10.634	+10.633	+6.614	+10.632	+10.631	+10.630	+10.710	+10.628	+10.627	+10.625	+10.623	+5.600	+6.932	+10.617	+10.617	+10.600	+10.615	+10.612	+10.610	+10.594	
rs4667942      +5.242	+6.669	+6.660	+6.687	+5.306	+5.914	+5.923	+8.575	+8.541	+10.126	+6.063	+5.991	+6.039	+6.038	+10.198	+6.027	+10.000	+6.002	+5.960	+5.774	+10.203	+6.217	+5.867	+5.934	+5.937	+10.296	+6.008	+8.597	+5.944	+5.857	+10.059	+5.941	+8.320	+6.042	+6.230	+6.230	+5.336	+6.170	+6.234	+5.996	+6.033	+6.032	+6.031	+5.978	+5.978	+6.170	+6.025	+6.147	+5.995	+5.909	+5.936	+5.794	+5.928	+5.797	+6.712	+6.273	+5.869	+5.817	+5.835	+5.853	+5.871	+5.845	+9.926	+5.866	+5.970	+5.804	+8.492	+5.843	+5.857	+5.831	+5.831	+5.875	+5.876	+6.581	+5.897	+5.965	+5.899	+5.968	+5.976	+6.024	+6.004	+7.364	+7.073	+6.908	+11.050	+6.944	+11.031	+11.029	+10.582	+10.957	+10.913	+7.207	+10.839	+10.784	+7.157	+10.612	+10.596	+6.916	+7.088	+10.650	+7.165	+7.157	+10.985	+10.811	+6.880	+7.121	+6.915	+7.010	+7.035	+6.894	+10.648	+10.646	+10.643	+10.750	+10.819	+10.637	+10.619	+10.634	+10.652	+10.632	+10.631	+6.583	+10.630	+10.629	+10.628	+10.709	+10.626	+10.624	+10.623	+10.621	+5.498	+6.914	+10.615	+10.614	+10.598	+10.613	+10.609	+10.608	+10.592	
rs137940024    +9.985	+10.253	+10.207	+10.214	+10.052	+10.069	+10.071	+10.371	+10.366	+11.271	+10.080	+10.074	+10.078	+10.078	+11.314	+10.077	+10.766	+10.075	+10.073	+10.280	+11.317	+10.101	+10.059	+10.072	+10.072	+11.373	+10.075	+10.728	+10.073	+10.059	+10.729	+10.073	+11.034	+10.259	+10.111	+10.111	+10.084	+10.113	+10.110	+10.240	+10.260	+10.259	+10.259	+10.229	+10.229	+10.111	+10.256	+10.113	+10.069	+10.075	+10.072	+10.151	+10.072	+10.152	+10.418	+10.232	+10.080	+10.164	+10.066	+10.064	+10.063	+10.065	+11.210	+10.191	+10.072	+10.187	+11.064	+10.065	+10.220	+10.226	+10.226	+10.056	+10.056	+10.446	+10.231	+10.065	+10.232	+10.065	+10.064	+10.313	+10.344	+10.623	+10.443	+10.677	+11.998	+10.571	+11.991	+11.990	+11.701	+11.946	+11.915	+11.132	+11.871	+11.838	+11.101	+11.730	+11.721	+10.575	+11.072	+11.808	+11.110	+11.107	+11.997	+11.907	+10.595	+11.083	+10.573	+10.748	+10.774	+10.552	+11.768	+11.766	+11.764	+11.838	+11.926	+11.760	+11.746	+11.758	+11.771	+11.757	+11.757	+10.515	+11.756	+11.755	+11.755	+11.821	+11.753	+11.752	+11.751	+11.750	+10.041	+10.578	+11.746	+11.746	+11.733	+11.745	+11.742	+11.742	+11.730	
rs11694517     +5.389	+6.743	+6.734	+6.761	+5.455	+5.979	+5.992	+8.586	+8.553	+10.125	+6.156	+6.086	+6.134	+6.133	+10.196	+6.124	+10.013	+6.099	+6.059	+5.843	+10.202	+6.293	+5.935	+6.043	+6.045	+10.294	+6.106	+8.615	+6.053	+5.941	+10.073	+6.012	+8.323	+6.090	+6.264	+6.263	+5.487	+6.205	+6.267	+6.046	+6.081	+6.080	+6.079	+6.030	+6.029	+6.205	+6.073	+6.184	+6.036	+5.957	+5.981	+5.859	+5.974	+5.863	+6.722	+6.318	+5.921	+5.881	+5.890	+5.907	+5.923	+5.899	+9.925	+5.926	+6.013	+5.869	+8.495	+5.897	+5.919	+5.896	+5.895	+5.927	+5.927	+6.591	+5.955	+6.009	+5.957	+6.011	+6.018	+6.074	+6.057	+7.365	+7.077	+6.911	+11.047	+6.957	+11.028	+11.026	+10.581	+10.955	+10.910	+7.209	+10.837	+10.782	+7.160	+10.611	+10.595	+6.930	+7.106	+10.650	+7.169	+7.160	+10.983	+10.810	+6.895	+7.125	+6.930	+7.023	+7.047	+6.909	+10.647	+10.645	+10.642	+10.750	+10.818	+10.636	+10.618	+10.633	+10.651	+10.631	+10.631	+6.610	+10.629	+10.628	+10.627	+10.707	+10.625	+10.624	+10.622	+10.620	+5.595	+6.928	+10.614	+10.614	+10.597	+10.612	+10.609	+10.607	+10.592	
rs10211405     +7.965	+8.411	+8.336	+8.348	+8.136	+8.353	+8.350	+9.649	+9.628	+10.257	+8.392	+8.353	+8.376	+8.376	+10.321	+8.370	+10.998	+8.358	+8.336	+8.186	+10.326	+8.487	+8.326	+8.321	+8.322	+10.410	+8.358	+9.222	+8.325	+8.320	+11.034	+8.323	+8.694	+8.199	+8.759	+8.758	+8.078	+8.717	+8.763	+8.183	+8.198	+8.198	+8.197	+8.176	+8.175	+8.719	+8.194	+8.701	+8.645	+8.573	+8.595	+8.104	+8.592	+8.105	+9.026	+8.503	+8.543	+8.113	+8.568	+8.586	+8.601	+8.578	+10.113	+8.131	+8.628	+8.122	+9.052	+8.577	+8.146	+8.145	+8.145	+8.641	+8.642	+9.020	+8.155	+8.662	+8.156	+8.664	+8.673	+8.221	+8.243	+9.893	+9.601	+9.324	+11.138	+9.217	+11.121	+11.122	+10.716	+11.058	+11.017	+9.348	+10.953	+10.904	+9.314	+10.752	+10.739	+9.202	+8.884	+10.798	+9.320	+9.316	+11.096	+10.941	+9.229	+9.288	+9.202	+9.219	+9.238	+9.186	+10.790	+10.788	+10.785	+10.883	+10.954	+10.780	+10.763	+10.777	+10.794	+10.776	+10.775	+9.093	+10.774	+10.773	+10.772	+10.847	+10.770	+10.769	+10.767	+10.766	+8.301	+9.223	+10.761	+10.760	+10.744	+10.759	+10.755	+10.754	+10.739	
rs12476854     +4.930	+6.084	+6.078	+6.102	+5.225	+6.124	+6.125	+9.144	+9.116	+9.880	+6.222	+6.149	+6.196	+6.195	+9.967	+6.184	+10.210	+6.160	+6.118	+5.483	+9.974	+6.377	+6.052	+6.085	+6.089	+10.093	+6.160	+7.974	+6.094	+6.042	+10.259	+6.090	+8.199	+5.583	+6.236	+6.235	+5.052	+6.171	+6.240	+5.575	+5.605	+5.604	+5.603	+5.570	+5.569	+6.172	+5.597	+6.147	+5.973	+5.876	+5.907	+5.325	+5.898	+5.326	+6.951	+5.709	+5.830	+5.333	+5.798	+5.821	+5.842	+5.810	+9.568	+5.359	+5.948	+5.311	+7.946	+5.808	+5.339	+5.316	+5.316	+5.854	+5.854	+6.839	+5.368	+5.949	+5.369	+5.952	+5.961	+5.460	+5.430	+7.785	+7.489	+7.186	+10.863	+7.087	+10.832	+10.839	+10.295	+10.754	+10.699	+7.272	+10.612	+10.544	+7.221	+10.331	+10.312	+7.056	+6.729	+10.324	+7.228	+7.220	+10.762	+10.524	+7.035	+7.181	+7.055	+7.062	+7.087	+7.034	+10.366	+10.363	+10.359	+10.488	+10.526	+10.352	+10.329	+10.349	+10.371	+10.346	+10.346	+6.744	+10.344	+10.342	+10.342	+10.420	+10.339	+10.337	+10.335	+10.333	+5.511	+7.056	+10.326	+10.325	+10.304	+10.324	+10.319	+10.318	+10.297	
rs12692857     +5.768	+6.985	+6.978	+7.002	+5.836	+6.279	+6.281	+8.812	+8.784	+10.161	+6.350	+6.301	+6.332	+6.332	+10.231	+6.324	+10.050	+6.308	+6.280	+6.246	+10.236	+6.464	+6.238	+6.261	+6.263	+10.326	+6.309	+8.717	+6.266	+6.230	+10.111	+6.264	+8.759	+6.236	+6.408	+6.449	+5.868	+6.408	+6.446	+6.202	+6.227	+6.227	+6.226	+6.190	+6.190	+6.402	+6.221	+6.395	+6.208	+6.169	+6.180	+6.062	+6.175	+6.064	+6.971	+6.445	+6.152	+6.076	+6.126	+6.132	+6.140	+6.130	+9.928	+6.109	+6.196	+6.069	+8.503	+6.128	+6.104	+6.087	+6.087	+6.133	+6.134	+6.884	+6.131	+6.187	+6.132	+6.188	+6.192	+6.226	+6.213	+7.679	+7.408	+7.190	+11.043	+7.349	+11.024	+11.023	+10.582	+10.951	+10.908	+7.528	+10.835	+10.781	+7.483	+10.612	+10.596	+7.327	+7.575	+10.651	+7.491	+7.483	+10.981	+10.809	+7.303	+7.450	+7.325	+7.444	+7.468	+7.305	+10.649	+10.646	+10.643	+10.751	+10.822	+10.638	+10.619	+10.635	+10.653	+10.633	+10.632	+7.038	+10.631	+10.630	+10.629	+10.708	+10.627	+10.625	+10.624	+10.622	+6.029	+7.323	+10.616	+10.616	+10.599	+10.614	+10.611	+10.609	+10.593	
rs10171261     +5.766	+6.985	+6.977	+7.001	+5.835	+6.279	+6.280	+8.812	+8.784	+10.161	+6.349	+6.300	+6.332	+6.331	+10.231	+6.324	+10.050	+6.307	+6.280	+6.245	+10.236	+6.464	+6.237	+6.260	+6.262	+10.325	+6.308	+8.717	+6.265	+6.230	+10.111	+6.263	+8.758	+6.235	+6.449	+6.407	+5.867	+6.407	+6.446	+6.201	+6.226	+6.226	+6.225	+6.189	+6.189	+6.401	+6.220	+6.394	+6.207	+6.168	+6.179	+6.061	+6.174	+6.063	+6.971	+6.444	+6.151	+6.075	+6.125	+6.131	+6.139	+6.128	+9.927	+6.107	+6.195	+6.068	+8.503	+6.127	+6.103	+6.086	+6.086	+6.132	+6.132	+6.883	+6.129	+6.186	+6.131	+6.187	+6.191	+6.225	+6.212	+7.679	+7.407	+7.189	+11.042	+7.348	+11.024	+11.022	+10.581	+10.951	+10.907	+7.527	+10.835	+10.781	+7.483	+10.611	+10.595	+7.326	+7.574	+10.650	+7.490	+7.483	+10.980	+10.809	+7.303	+7.450	+7.325	+7.443	+7.467	+7.304	+10.648	+10.646	+10.643	+10.750	+10.822	+10.638	+10.619	+10.634	+10.652	+10.633	+10.632	+7.038	+10.631	+10.629	+10.629	+10.707	+10.626	+10.625	+10.623	+10.622	+6.028	+7.322	+10.616	+10.615	+10.598	+10.614	+10.610	+10.609	+10.593	
rs150573144    -0.558	+3.812	+3.716	+3.767	-0.521	+5.422	+5.447	+8.533	+8.497	+9.873	+5.672	+5.566	+5.637	+5.636	+9.959	+5.621	+10.024	+5.584	+5.518	+4.758	+9.966	+5.890	+5.336	+5.476	+5.480	+10.080	+5.591	+7.555	+5.492	+5.336	+10.084	+5.487	+8.078	+5.052	+5.868	+5.867	-0.269	+5.776	+5.872	+4.953	+5.027	+5.026	+5.024	+4.922	+4.921	+5.775	+5.010	+5.741	+5.347	+5.190	+5.241	+4.284	+5.223	+4.291	+6.381	+5.154	+5.105	+4.332	+4.989	+5.025	+5.065	+5.010	+9.563	+4.443	+5.303	+4.236	+7.817	+5.002	+4.356	+4.249	+4.248	+5.036	+5.036	+6.065	+4.461	+5.260	+4.465	+5.264	+5.277	+4.698	+4.546	+6.957	+6.576	+6.475	+10.854	+6.148	+10.827	+10.831	+10.300	+10.747	+10.694	+6.660	+10.610	+10.544	+6.582	+10.334	+10.316	+6.082	+5.874	+10.337	+6.594	+6.579	+10.761	+10.538	+5.984	+6.521	+6.087	+6.114	+6.150	+6.055	+10.371	+10.368	+10.364	+10.494	+10.538	+10.358	+10.335	+10.354	+10.376	+10.352	+10.351	+5.398	+10.350	+10.348	+10.347	+10.425	+10.344	+10.343	+10.341	+10.339	+2.739	+6.066	+10.332	+10.331	+10.309	+10.329	+10.325	+10.323	+10.302	
