## Summary of overall evidence for association with region:
## log10(BF for region) = -0.631357
## p-value for region = NA

## BFs for choosing among multi-SNP models:
## log10(average 1-SNP BF) = -0.545278
## log10(average 2-SNP BF) = -0.881946

## Example posterior probabilities for multi-SNP models, based on default prior: [p(l) propto 0.5^l for l=1,2,...,L]
## posterior probability of 1-SNP = 0.812807
## posterior probability of 2-SNP = 0.187193

## log10(BF) for single SNP and pair of SNPs:
rs7131750      -0.485	-0.607	-0.693	-0.790	-0.784	-0.782	-0.788	-0.785	-0.785	-0.634	-0.783	-0.784	-0.785	-0.787	-0.789	-0.643	-0.797	-0.669	-0.646	-0.642	-0.799	-0.801	-0.800	-0.803	-0.805	-0.652	-0.808	-0.646	-0.812	-0.808	-0.659	-0.812	-0.633	-0.650	-0.829	-0.851	-0.919	-0.773	-0.842	-0.850	-0.862	-0.829	-0.821	-0.792	-0.846	-0.788	-0.948	-0.961	-0.961	-0.936	-0.968	-0.978	-0.938	-0.931	-0.768	-0.977	-0.828	-0.769	-0.691	-0.976	-0.968	-0.969	-0.937	-0.970	-0.937	-0.938	-0.940	-0.976	-0.763	-0.992	-0.910	-0.989	-0.997	-0.997	-0.996	-0.992	-0.978	-0.997	-0.990	-0.997	-0.991	-0.992	-0.727	-0.997	-0.997	-0.993	-0.991	-0.982	-0.984	-0.994	-0.997	-0.997	-0.764	-0.992	-0.954	-0.992	-0.985	-0.888	-0.973	-0.818	-0.708	-0.760	-0.985	-0.849	-0.847	-0.727	-0.839	-0.843	-0.848	-0.850	-0.854	-0.856	-0.920	-0.904	-0.893	-0.788	-0.903	-0.902	-0.915	-0.894	-0.893	-0.914	-0.885	-0.917	-0.918	-0.889	-0.733	-0.850	-0.961	-0.961	-0.953	-0.962	-0.787	-0.952	-0.838	-0.695	-0.681	-0.686	-0.760	-0.706	-0.724	-0.962	-0.912	-0.770	-0.962	-0.716	-0.985	-0.916	-0.951	-0.868	-0.834	-0.948	-0.948	-0.948	-0.961	-0.873	-0.944	-0.910	-0.942	-0.921	-0.884	-0.867	-0.911	-0.905	-0.916	-0.923	-0.871	-0.906	-0.967	-0.906	-0.871	-0.912	-0.913	-0.880	-0.880	-0.907	-0.949	-0.881	-0.942	-0.936	-0.946	-0.879	-0.943	-0.879	-0.879	-0.915	-0.940	-0.846	-0.917	-0.949	-0.917	-0.917	-0.948	-0.833	-0.912	-0.946	-0.988	
rs10846554     -0.607	-0.463	-0.690	-0.753	-0.746	-0.743	-0.751	-0.747	-0.746	-0.583	-0.744	-0.746	-0.747	-0.749	-0.751	-0.596	-0.765	-0.641	-0.612	-0.614	-0.768	-0.765	-0.764	-0.767	-0.769	-0.622	-0.773	-0.620	-0.778	-0.774	-0.631	-0.778	-0.623	-0.635	-0.798	-0.834	-0.894	-0.764	-0.827	-0.835	-0.846	-0.807	-0.807	-0.779	-0.831	-0.775	-0.927	-0.939	-0.939	-0.916	-0.948	-0.956	-0.917	-0.911	-0.747	-0.955	-0.807	-0.748	-0.677	-0.955	-0.944	-0.946	-0.916	-0.947	-0.916	-0.915	-0.917	-0.953	-0.740	-0.970	-0.891	-0.967	-0.975	-0.975	-0.974	-0.970	-0.956	-0.976	-0.968	-0.975	-0.969	-0.970	-0.708	-0.975	-0.975	-0.971	-0.969	-0.960	-0.962	-0.972	-0.975	-0.975	-0.743	-0.970	-0.933	-0.970	-0.963	-0.869	-0.952	-0.795	-0.684	-0.743	-0.964	-0.829	-0.827	-0.711	-0.819	-0.823	-0.828	-0.830	-0.834	-0.839	-0.899	-0.883	-0.872	-0.764	-0.882	-0.881	-0.894	-0.873	-0.872	-0.893	-0.865	-0.896	-0.896	-0.869	-0.707	-0.831	-0.939	-0.938	-0.931	-0.940	-0.763	-0.932	-0.818	-0.668	-0.655	-0.661	-0.735	-0.680	-0.699	-0.940	-0.891	-0.745	-0.940	-0.690	-0.964	-0.896	-0.930	-0.849	-0.813	-0.928	-0.928	-0.928	-0.940	-0.854	-0.923	-0.891	-0.921	-0.901	-0.864	-0.849	-0.892	-0.885	-0.896	-0.903	-0.852	-0.886	-0.946	-0.886	-0.853	-0.892	-0.893	-0.861	-0.861	-0.887	-0.928	-0.862	-0.922	-0.916	-0.925	-0.860	-0.922	-0.860	-0.861	-0.895	-0.920	-0.825	-0.897	-0.929	-0.897	-0.898	-0.928	-0.811	-0.892	-0.926	-0.967	
rs11057351     -0.693	-0.690	-0.363	-0.708	-0.703	-0.701	-0.707	-0.704	-0.703	-0.692	-0.701	-0.703	-0.704	-0.706	-0.707	-0.693	-0.734	-0.550	-0.696	-0.695	-0.736	-0.719	-0.717	-0.720	-0.722	-0.696	-0.725	-0.695	-0.727	-0.726	-0.697	-0.729	-0.690	-0.695	-0.743	-0.764	-0.826	-0.724	-0.775	-0.752	-0.772	-0.709	-0.737	-0.714	-0.757	-0.711	-0.832	-0.835	-0.835	-0.813	-0.850	-0.849	-0.813	-0.812	-0.654	-0.851	-0.708	-0.655	-0.613	-0.851	-0.827	-0.829	-0.807	-0.831	-0.808	-0.795	-0.800	-0.845	-0.640	-0.863	-0.788	-0.858	-0.872	-0.872	-0.870	-0.869	-0.843	-0.873	-0.860	-0.872	-0.862	-0.864	-0.618	-0.873	-0.875	-0.864	-0.861	-0.851	-0.859	-0.867	-0.877	-0.877	-0.651	-0.873	-0.846	-0.869	-0.873	-0.771	-0.866	-0.689	-0.579	-0.669	-0.873	-0.749	-0.747	-0.639	-0.740	-0.744	-0.748	-0.750	-0.754	-0.761	-0.806	-0.795	-0.783	-0.661	-0.795	-0.794	-0.803	-0.784	-0.787	-0.802	-0.779	-0.804	-0.804	-0.783	-0.599	-0.749	-0.834	-0.833	-0.828	-0.838	-0.655	-0.837	-0.737	-0.556	-0.546	-0.552	-0.627	-0.569	-0.592	-0.836	-0.799	-0.638	-0.831	-0.583	-0.870	-0.811	-0.840	-0.769	-0.726	-0.838	-0.838	-0.838	-0.846	-0.774	-0.835	-0.806	-0.833	-0.814	-0.781	-0.769	-0.807	-0.802	-0.811	-0.816	-0.772	-0.802	-0.852	-0.803	-0.773	-0.808	-0.809	-0.781	-0.780	-0.803	-0.839	-0.781	-0.834	-0.828	-0.836	-0.779	-0.834	-0.779	-0.780	-0.810	-0.832	-0.736	-0.812	-0.839	-0.812	-0.813	-0.839	-0.715	-0.808	-0.837	-0.872	
rs11832329     -0.790	-0.753	-0.708	-0.616	-0.752	-0.785	-0.786	-0.755	-0.752	-0.823	-0.752	-0.752	-0.753	-0.762	-0.761	-0.827	-0.822	-0.831	-0.785	-0.773	-0.820	-0.762	-0.764	-0.763	-0.763	-0.803	-0.760	-0.770	-0.791	-0.760	-0.781	-0.765	-0.726	-0.746	-0.755	-0.717	-0.973	-0.625	-0.784	-0.848	-0.906	-0.951	-0.824	-0.783	-0.862	-0.783	-1.043	-1.064	-1.064	-1.041	-1.060	-1.080	-1.045	-1.030	-0.876	-1.075	-0.951	-0.878	-0.740	-1.074	-1.077	-1.078	-1.051	-1.078	-1.050	-1.069	-1.066	-1.079	-0.898	-1.113	-1.006	-1.110	-1.119	-1.119	-1.118	-1.113	-1.099	-1.119	-1.112	-1.119	-1.113	-1.114	-0.811	-1.119	-1.119	-1.114	-1.112	-1.104	-1.108	-1.115	-1.118	-1.119	-0.879	-1.114	-1.066	-1.114	-1.109	-0.982	-1.098	-0.955	-0.862	-0.839	-1.109	-0.954	-0.953	-0.799	-0.943	-0.948	-0.953	-0.955	-0.960	-0.924	-1.033	-1.016	-1.003	-0.935	-1.013	-1.012	-1.027	-1.004	-1.003	-1.026	-0.996	-1.030	-1.030	-1.001	-0.891	-0.954	-1.070	-1.072	-1.064	-1.069	-0.933	-1.050	-0.940	-0.861	-0.829	-0.834	-0.917	-0.871	-0.869	-1.071	-1.024	-0.923	-1.081	-0.864	-1.111	-1.020	-1.061	-0.963	-0.951	-1.058	-1.058	-1.058	-1.078	-0.969	-1.053	-1.015	-1.051	-1.031	-0.989	-0.963	-1.016	-1.009	-1.020	-1.027	-0.966	-1.009	-1.082	-1.009	-0.967	-1.016	-1.017	-0.977	-0.977	-1.010	-1.059	-0.978	-1.051	-1.043	-1.056	-0.976	-1.052	-0.976	-0.975	-1.019	-1.049	-0.965	-1.022	-1.059	-1.022	-1.022	-1.058	-0.961	-1.016	-1.056	-1.110	
rs11835233     -0.784	-0.746	-0.703	-0.752	-0.618	-0.788	-0.788	-0.755	-0.752	-0.818	-0.752	-0.752	-0.752	-0.762	-0.760	-0.822	-0.817	-0.835	-0.779	-0.767	-0.815	-0.758	-0.760	-0.758	-0.758	-0.797	-0.754	-0.764	-0.788	-0.754	-0.775	-0.759	-0.720	-0.740	-0.746	-0.709	-0.973	-0.616	-0.778	-0.845	-0.905	-0.953	-0.822	-0.780	-0.860	-0.780	-1.044	-1.066	-1.066	-1.042	-1.061	-1.081	-1.046	-1.031	-0.879	-1.076	-0.953	-0.881	-0.740	-1.075	-1.079	-1.080	-1.053	-1.080	-1.051	-1.071	-1.067	-1.081	-0.900	-1.115	-1.007	-1.112	-1.121	-1.121	-1.120	-1.116	-1.102	-1.122	-1.114	-1.121	-1.115	-1.116	-0.814	-1.121	-1.121	-1.116	-1.115	-1.106	-1.110	-1.118	-1.121	-1.121	-0.881	-1.117	-1.068	-1.116	-1.111	-0.984	-1.100	-0.957	-0.865	-0.840	-1.111	-0.955	-0.954	-0.800	-0.944	-0.949	-0.954	-0.956	-0.961	-0.925	-1.035	-1.018	-1.004	-0.937	-1.015	-1.014	-1.029	-1.006	-1.004	-1.028	-0.997	-1.031	-1.032	-1.002	-0.894	-0.956	-1.073	-1.074	-1.066	-1.071	-0.935	-1.052	-0.941	-0.865	-0.832	-0.837	-0.919	-0.874	-0.872	-1.073	-1.026	-0.926	-1.083	-0.867	-1.114	-1.022	-1.063	-0.964	-0.953	-1.060	-1.060	-1.060	-1.080	-0.971	-1.054	-1.016	-1.052	-1.032	-0.990	-0.964	-1.017	-1.010	-1.021	-1.028	-0.967	-1.010	-1.084	-1.011	-0.968	-1.017	-1.018	-0.978	-0.978	-1.012	-1.061	-0.979	-1.053	-1.045	-1.057	-0.977	-1.053	-0.977	-0.977	-1.021	-1.050	-0.966	-1.023	-1.061	-1.023	-1.024	-1.060	-0.964	-1.017	-1.057	-1.113	
rs11835249     -0.782	-0.743	-0.701	-0.785	-0.788	-0.621	-0.757	-0.789	-0.788	-0.815	-0.790	-0.789	-0.788	-0.792	-0.790	-0.820	-0.816	-0.845	-0.776	-0.764	-0.814	-0.782	-0.784	-0.781	-0.780	-0.795	-0.775	-0.761	-0.799	-0.775	-0.772	-0.776	-0.716	-0.736	-0.756	-0.700	-0.976	-0.607	-0.771	-0.840	-0.901	-0.957	-0.817	-0.773	-0.855	-0.774	-1.046	-1.069	-1.069	-1.043	-1.063	-1.085	-1.047	-1.032	-0.881	-1.079	-0.956	-0.884	-0.738	-1.078	-1.085	-1.085	-1.055	-1.085	-1.053	-1.074	-1.070	-1.085	-0.904	-1.119	-1.007	-1.116	-1.124	-1.124	-1.124	-1.119	-1.105	-1.125	-1.117	-1.124	-1.119	-1.120	-0.817	-1.124	-1.124	-1.120	-1.118	-1.110	-1.113	-1.121	-1.123	-1.123	-0.882	-1.119	-1.070	-1.119	-1.113	-0.984	-1.102	-0.963	-0.870	-0.838	-1.114	-0.952	-0.951	-0.797	-0.942	-0.947	-0.952	-0.954	-0.959	-0.924	-1.035	-1.017	-1.004	-0.942	-1.014	-1.013	-1.029	-1.006	-1.003	-1.028	-0.996	-1.032	-1.033	-1.001	-0.901	-0.954	-1.076	-1.078	-1.069	-1.074	-0.941	-1.053	-0.940	-0.873	-0.842	-0.847	-0.926	-0.883	-0.881	-1.077	-1.027	-0.932	-1.088	-0.876	-1.116	-1.022	-1.064	-0.964	-0.953	-1.061	-1.061	-1.061	-1.082	-0.970	-1.056	-1.016	-1.053	-1.033	-0.990	-0.964	-1.017	-1.010	-1.021	-1.029	-0.967	-1.011	-1.087	-1.011	-0.968	-1.018	-1.019	-0.978	-0.978	-1.012	-1.062	-0.979	-1.054	-1.046	-1.058	-0.977	-1.054	-0.977	-0.976	-1.021	-1.051	-0.967	-1.024	-1.062	-1.023	-1.024	-1.061	-0.967	-1.018	-1.058	-1.115	
rs10846555     -0.788	-0.751	-0.707	-0.786	-0.788	-0.757	-0.618	-0.789	-0.788	-0.821	-0.789	-0.789	-0.788	-0.792	-0.791	-0.826	-0.822	-0.840	-0.783	-0.771	-0.821	-0.785	-0.787	-0.785	-0.784	-0.801	-0.780	-0.769	-0.802	-0.780	-0.779	-0.781	-0.724	-0.744	-0.764	-0.711	-0.976	-0.618	-0.778	-0.844	-0.903	-0.955	-0.820	-0.778	-0.858	-0.778	-1.045	-1.068	-1.068	-1.043	-1.062	-1.084	-1.047	-1.032	-0.879	-1.078	-0.955	-0.881	-0.739	-1.077	-1.083	-1.083	-1.054	-1.084	-1.052	-1.073	-1.069	-1.083	-0.902	-1.117	-1.006	-1.114	-1.122	-1.122	-1.122	-1.117	-1.103	-1.123	-1.115	-1.122	-1.116	-1.117	-0.814	-1.122	-1.122	-1.118	-1.116	-1.108	-1.111	-1.119	-1.121	-1.122	-0.881	-1.117	-1.068	-1.117	-1.111	-0.983	-1.101	-0.961	-0.868	-0.838	-1.112	-0.953	-0.952	-0.797	-0.942	-0.947	-0.952	-0.954	-0.959	-0.925	-1.034	-1.016	-1.003	-0.940	-1.013	-1.013	-1.028	-1.005	-1.003	-1.027	-0.996	-1.031	-1.031	-1.001	-0.898	-0.954	-1.075	-1.076	-1.067	-1.073	-0.938	-1.053	-0.939	-0.870	-0.839	-0.844	-0.924	-0.880	-0.878	-1.075	-1.025	-0.930	-1.086	-0.873	-1.114	-1.022	-1.063	-0.964	-0.952	-1.060	-1.060	-1.060	-1.080	-0.970	-1.055	-1.016	-1.052	-1.032	-0.990	-0.964	-1.017	-1.010	-1.021	-1.028	-0.967	-1.010	-1.085	-1.010	-0.968	-1.017	-1.018	-0.978	-0.978	-1.011	-1.061	-0.979	-1.053	-1.045	-1.057	-0.976	-1.054	-0.977	-0.976	-1.020	-1.050	-0.966	-1.023	-1.061	-1.023	-1.024	-1.060	-0.965	-1.017	-1.057	-1.113	
rs11835252     -0.785	-0.747	-0.704	-0.755	-0.755	-0.789	-0.789	-0.618	-0.755	-0.819	-0.755	-0.755	-0.755	-0.760	-0.762	-0.824	-0.817	-0.834	-0.780	-0.768	-0.816	-0.757	-0.759	-0.758	-0.758	-0.798	-0.754	-0.765	-0.788	-0.754	-0.776	-0.759	-0.721	-0.741	-0.750	-0.710	-0.973	-0.620	-0.780	-0.845	-0.905	-0.953	-0.823	-0.780	-0.860	-0.780	-1.044	-1.065	-1.065	-1.041	-1.061	-1.081	-1.046	-1.031	-0.878	-1.076	-0.952	-0.881	-0.740	-1.075	-1.079	-1.079	-1.052	-1.080	-1.051	-1.070	-1.067	-1.080	-0.899	-1.115	-1.007	-1.112	-1.121	-1.121	-1.120	-1.115	-1.101	-1.121	-1.113	-1.121	-1.115	-1.116	-0.813	-1.121	-1.121	-1.116	-1.114	-1.105	-1.110	-1.117	-1.120	-1.120	-0.881	-1.116	-1.068	-1.116	-1.110	-0.983	-1.100	-0.957	-0.864	-0.840	-1.111	-0.955	-0.953	-0.799	-0.944	-0.949	-0.954	-0.956	-0.961	-0.925	-1.034	-1.017	-1.004	-0.937	-1.014	-1.014	-1.029	-1.005	-1.004	-1.028	-0.997	-1.031	-1.032	-1.002	-0.893	-0.955	-1.072	-1.074	-1.065	-1.070	-0.935	-1.052	-0.941	-0.864	-0.832	-0.837	-0.919	-0.874	-0.872	-1.073	-1.026	-0.926	-1.083	-0.866	-1.113	-1.021	-1.062	-0.964	-0.953	-1.059	-1.059	-1.059	-1.079	-0.970	-1.054	-1.015	-1.052	-1.032	-0.990	-0.964	-1.016	-1.009	-1.021	-1.028	-0.967	-1.010	-1.084	-1.010	-0.968	-1.017	-1.018	-0.978	-0.978	-1.011	-1.060	-0.979	-1.053	-1.044	-1.057	-0.977	-1.053	-0.977	-0.976	-1.020	-1.050	-0.966	-1.023	-1.060	-1.023	-1.023	-1.060	-0.963	-1.017	-1.057	-1.112	
rs34535130     -0.785	-0.746	-0.703	-0.752	-0.752	-0.788	-0.788	-0.755	-0.618	-0.818	-0.752	-0.752	-0.752	-0.762	-0.760	-0.822	-0.817	-0.835	-0.779	-0.767	-0.815	-0.758	-0.760	-0.758	-0.758	-0.797	-0.754	-0.765	-0.788	-0.754	-0.775	-0.759	-0.720	-0.740	-0.746	-0.709	-0.973	-0.616	-0.778	-0.845	-0.905	-0.953	-0.822	-0.780	-0.860	-0.780	-1.044	-1.066	-1.066	-1.042	-1.061	-1.081	-1.046	-1.031	-0.879	-1.076	-0.953	-0.881	-0.740	-1.075	-1.079	-1.080	-1.053	-1.080	-1.051	-1.071	-1.067	-1.081	-0.900	-1.115	-1.007	-1.112	-1.121	-1.121	-1.120	-1.116	-1.102	-1.122	-1.114	-1.121	-1.115	-1.116	-0.814	-1.121	-1.121	-1.116	-1.114	-1.106	-1.110	-1.118	-1.120	-1.121	-0.881	-1.117	-1.068	-1.116	-1.111	-0.984	-1.100	-0.957	-0.865	-0.840	-1.111	-0.955	-0.954	-0.800	-0.944	-0.949	-0.954	-0.956	-0.961	-0.925	-1.035	-1.018	-1.004	-0.937	-1.015	-1.014	-1.029	-1.006	-1.004	-1.028	-0.997	-1.031	-1.032	-1.002	-0.894	-0.956	-1.073	-1.074	-1.066	-1.071	-0.935	-1.052	-0.941	-0.864	-0.832	-0.837	-0.919	-0.874	-0.872	-1.073	-1.026	-0.926	-1.083	-0.867	-1.114	-1.022	-1.063	-0.964	-0.953	-1.060	-1.060	-1.060	-1.080	-0.971	-1.054	-1.016	-1.052	-1.032	-0.990	-0.964	-1.017	-1.010	-1.021	-1.028	-0.967	-1.010	-1.084	-1.011	-0.968	-1.017	-1.018	-0.978	-0.978	-1.012	-1.061	-0.979	-1.053	-1.045	-1.057	-0.977	-1.053	-0.977	-0.977	-1.021	-1.050	-0.966	-1.023	-1.061	-1.023	-1.024	-1.060	-0.963	-1.017	-1.057	-1.113	
rs11057352     -0.634	-0.583	-0.692	-0.823	-0.818	-0.815	-0.821	-0.819	-0.818	-0.511	-0.816	-0.817	-0.818	-0.821	-0.821	-0.647	-0.823	-0.702	-0.629	-0.618	-0.825	-0.832	-0.831	-0.834	-0.836	-0.645	-0.838	-0.625	-0.841	-0.839	-0.648	-0.842	-0.604	-0.630	-0.855	-0.867	-0.943	-0.779	-0.855	-0.866	-0.881	-0.853	-0.836	-0.806	-0.862	-0.803	-0.971	-0.985	-0.985	-0.958	-0.991	-1.002	-0.961	-0.953	-0.791	-1.000	-0.853	-0.793	-0.707	-1.000	-0.993	-0.995	-0.960	-0.995	-0.960	-0.963	-0.964	-1.000	-0.788	-1.016	-0.931	-1.013	-1.021	-1.021	-1.020	-1.016	-1.003	-1.022	-1.015	-1.021	-1.016	-1.017	-0.749	-1.021	-1.021	-1.017	-1.015	-1.007	-1.008	-1.018	-1.021	-1.021	-0.788	-1.016	-0.977	-1.016	-1.009	-0.909	-0.998	-0.844	-0.735	-0.780	-1.009	-0.872	-0.870	-0.746	-0.861	-0.866	-0.871	-0.873	-0.877	-0.874	-0.944	-0.928	-0.916	-0.815	-0.926	-0.926	-0.939	-0.917	-0.916	-0.938	-0.909	-0.941	-0.942	-0.913	-0.760	-0.873	-0.985	-0.985	-0.977	-0.986	-0.813	-0.975	-0.860	-0.723	-0.709	-0.714	-0.787	-0.735	-0.752	-0.986	-0.936	-0.797	-0.987	-0.743	-1.010	-0.938	-0.974	-0.889	-0.857	-0.971	-0.971	-0.971	-0.985	-0.895	-0.967	-0.933	-0.965	-0.944	-0.907	-0.889	-0.934	-0.927	-0.938	-0.945	-0.892	-0.928	-0.991	-0.928	-0.893	-0.934	-0.935	-0.902	-0.902	-0.929	-0.972	-0.903	-0.965	-0.959	-0.969	-0.900	-0.966	-0.901	-0.901	-0.937	-0.963	-0.870	-0.939	-0.972	-0.939	-0.940	-0.972	-0.858	-0.934	-0.969	-1.013	
rs10846556     -0.783	-0.744	-0.701	-0.752	-0.752	-0.790	-0.789	-0.755	-0.752	-0.816	-0.619	-0.753	-0.752	-0.762	-0.759	-0.820	-0.815	-0.837	-0.777	-0.765	-0.813	-0.756	-0.758	-0.756	-0.756	-0.795	-0.751	-0.762	-0.787	-0.751	-0.773	-0.756	-0.717	-0.738	-0.743	-0.705	-0.973	-0.612	-0.775	-0.844	-0.905	-0.954	-0.821	-0.779	-0.859	-0.779	-1.045	-1.066	-1.066	-1.042	-1.062	-1.082	-1.046	-1.031	-0.880	-1.077	-0.954	-0.882	-0.740	-1.076	-1.080	-1.081	-1.053	-1.081	-1.051	-1.071	-1.068	-1.082	-0.901	-1.116	-1.008	-1.113	-1.122	-1.122	-1.121	-1.116	-1.103	-1.122	-1.115	-1.122	-1.116	-1.117	-0.815	-1.122	-1.122	-1.117	-1.115	-1.107	-1.111	-1.119	-1.121	-1.122	-0.882	-1.117	-1.069	-1.117	-1.112	-0.984	-1.101	-0.958	-0.866	-0.840	-1.112	-0.955	-0.954	-0.800	-0.944	-0.949	-0.954	-0.957	-0.961	-0.925	-1.035	-1.018	-1.005	-0.938	-1.015	-1.014	-1.029	-1.006	-1.005	-1.029	-0.998	-1.032	-1.033	-1.002	-0.895	-0.956	-1.073	-1.075	-1.066	-1.072	-0.936	-1.052	-0.942	-0.866	-0.833	-0.838	-0.920	-0.875	-0.873	-1.074	-1.027	-0.927	-1.084	-0.868	-1.115	-1.022	-1.063	-0.964	-0.954	-1.060	-1.060	-1.060	-1.080	-0.971	-1.055	-1.016	-1.053	-1.033	-0.991	-0.964	-1.017	-1.010	-1.021	-1.029	-0.968	-1.011	-1.085	-1.011	-0.969	-1.018	-1.019	-0.979	-0.979	-1.012	-1.061	-0.980	-1.054	-1.045	-1.058	-0.977	-1.054	-0.978	-0.977	-1.021	-1.051	-0.967	-1.023	-1.061	-1.023	-1.024	-1.060	-0.964	-1.018	-1.058	-1.113	
rs7136121      -0.784	-0.746	-0.703	-0.752	-0.752	-0.789	-0.789	-0.755	-0.752	-0.817	-0.753	-0.618	-0.752	-0.761	-0.759	-0.822	-0.816	-0.836	-0.778	-0.766	-0.814	-0.757	-0.758	-0.757	-0.757	-0.797	-0.752	-0.764	-0.788	-0.752	-0.774	-0.757	-0.719	-0.739	-0.744	-0.707	-0.973	-0.614	-0.777	-0.845	-0.905	-0.953	-0.822	-0.779	-0.860	-0.779	-1.044	-1.066	-1.066	-1.042	-1.061	-1.082	-1.046	-1.031	-0.879	-1.077	-0.953	-0.881	-0.740	-1.076	-1.079	-1.080	-1.053	-1.081	-1.051	-1.071	-1.068	-1.081	-0.900	-1.116	-1.007	-1.113	-1.121	-1.121	-1.121	-1.116	-1.102	-1.122	-1.114	-1.122	-1.115	-1.116	-0.814	-1.122	-1.122	-1.117	-1.115	-1.106	-1.111	-1.118	-1.121	-1.121	-0.881	-1.117	-1.069	-1.116	-1.111	-0.984	-1.101	-0.958	-0.865	-0.840	-1.112	-0.955	-0.954	-0.800	-0.944	-0.949	-0.954	-0.957	-0.961	-0.925	-1.035	-1.018	-1.005	-0.938	-1.015	-1.014	-1.029	-1.006	-1.004	-1.028	-0.997	-1.032	-1.032	-1.002	-0.894	-0.956	-1.073	-1.074	-1.066	-1.071	-0.936	-1.052	-0.941	-0.865	-0.833	-0.838	-0.920	-0.875	-0.873	-1.073	-1.026	-0.927	-1.084	-0.867	-1.114	-1.022	-1.063	-0.964	-0.953	-1.060	-1.060	-1.060	-1.080	-0.971	-1.055	-1.016	-1.052	-1.032	-0.991	-0.964	-1.017	-1.010	-1.021	-1.029	-0.968	-1.011	-1.085	-1.011	-0.969	-1.018	-1.019	-0.979	-0.979	-1.012	-1.061	-0.980	-1.053	-1.045	-1.057	-0.977	-1.054	-0.978	-0.977	-1.021	-1.050	-0.967	-1.023	-1.061	-1.023	-1.024	-1.060	-0.964	-1.017	-1.057	-1.113	
rs7137299      -0.785	-0.747	-0.704	-0.753	-0.752	-0.788	-0.788	-0.755	-0.752	-0.818	-0.752	-0.752	-0.618	-0.761	-0.759	-0.822	-0.817	-0.835	-0.779	-0.768	-0.815	-0.757	-0.759	-0.757	-0.757	-0.798	-0.753	-0.765	-0.788	-0.753	-0.776	-0.758	-0.720	-0.740	-0.746	-0.708	-0.973	-0.616	-0.778	-0.845	-0.905	-0.953	-0.822	-0.780	-0.860	-0.780	-1.044	-1.066	-1.066	-1.042	-1.061	-1.081	-1.046	-1.031	-0.879	-1.076	-0.953	-0.881	-0.740	-1.075	-1.079	-1.080	-1.053	-1.080	-1.051	-1.071	-1.067	-1.081	-0.900	-1.115	-1.007	-1.112	-1.121	-1.121	-1.120	-1.116	-1.102	-1.122	-1.114	-1.121	-1.115	-1.116	-0.814	-1.121	-1.121	-1.116	-1.114	-1.106	-1.110	-1.118	-1.120	-1.121	-0.881	-1.116	-1.068	-1.116	-1.111	-0.984	-1.100	-0.957	-0.865	-0.840	-1.111	-0.955	-0.954	-0.800	-0.944	-0.949	-0.954	-0.956	-0.961	-0.925	-1.035	-1.018	-1.004	-0.937	-1.015	-1.014	-1.029	-1.006	-1.004	-1.028	-0.997	-1.031	-1.032	-1.002	-0.894	-0.956	-1.073	-1.074	-1.066	-1.071	-0.935	-1.052	-0.941	-0.864	-0.832	-0.837	-0.919	-0.874	-0.872	-1.073	-1.026	-0.926	-1.083	-0.867	-1.114	-1.022	-1.063	-0.964	-0.953	-1.060	-1.060	-1.060	-1.080	-0.971	-1.054	-1.016	-1.052	-1.032	-0.990	-0.964	-1.017	-1.010	-1.021	-1.028	-0.968	-1.010	-1.084	-1.011	-0.968	-1.017	-1.018	-0.978	-0.978	-1.012	-1.061	-0.980	-1.053	-1.045	-1.057	-0.977	-1.053	-0.977	-0.977	-1.021	-1.050	-0.966	-1.023	-1.061	-1.023	-1.024	-1.060	-0.963	-1.017	-1.057	-1.113	
rs1022321      -0.787	-0.749	-0.706	-0.762	-0.762	-0.792	-0.792	-0.760	-0.762	-0.821	-0.762	-0.761	-0.761	-0.618	-0.756	-0.824	-0.817	-0.834	-0.780	-0.768	-0.815	-0.749	-0.750	-0.749	-0.750	-0.798	-0.745	-0.765	-0.785	-0.745	-0.776	-0.752	-0.721	-0.741	-0.744	-0.708	-0.972	-0.617	-0.779	-0.845	-0.905	-0.953	-0.823	-0.780	-0.860	-0.780	-1.044	-1.065	-1.065	-1.042	-1.061	-1.081	-1.046	-1.031	-0.878	-1.076	-0.953	-0.881	-0.741	-1.075	-1.078	-1.079	-1.053	-1.080	-1.051	-1.070	-1.067	-1.080	-0.900	-1.115	-1.007	-1.112	-1.121	-1.121	-1.120	-1.115	-1.101	-1.121	-1.114	-1.121	-1.115	-1.116	-0.813	-1.121	-1.121	-1.116	-1.114	-1.106	-1.110	-1.117	-1.120	-1.121	-0.881	-1.116	-1.068	-1.116	-1.111	-0.984	-1.100	-0.957	-0.864	-0.840	-1.111	-0.955	-0.954	-0.800	-0.944	-0.949	-0.954	-0.957	-0.961	-0.925	-1.035	-1.018	-1.004	-0.937	-1.015	-1.014	-1.029	-1.006	-1.004	-1.028	-0.997	-1.031	-1.032	-1.002	-0.893	-0.956	-1.072	-1.074	-1.065	-1.070	-0.935	-1.052	-0.941	-0.864	-0.831	-0.836	-0.919	-0.873	-0.871	-1.073	-1.026	-0.926	-1.083	-0.866	-1.113	-1.022	-1.063	-0.964	-0.953	-1.060	-1.060	-1.060	-1.079	-0.971	-1.054	-1.016	-1.052	-1.032	-0.991	-0.964	-1.017	-1.010	-1.021	-1.028	-0.968	-1.011	-1.084	-1.011	-0.969	-1.017	-1.018	-0.979	-0.979	-1.012	-1.060	-0.980	-1.053	-1.045	-1.057	-0.977	-1.053	-0.977	-0.977	-1.021	-1.050	-0.966	-1.023	-1.061	-1.023	-1.024	-1.060	-0.963	-1.017	-1.057	-1.112	
rs1022320      -0.789	-0.751	-0.707	-0.761	-0.760	-0.790	-0.791	-0.762	-0.760	-0.821	-0.759	-0.759	-0.759	-0.756	-0.617	-0.824	-0.818	-0.833	-0.781	-0.770	-0.817	-0.753	-0.755	-0.754	-0.754	-0.800	-0.750	-0.767	-0.787	-0.750	-0.778	-0.756	-0.722	-0.743	-0.745	-0.711	-0.972	-0.619	-0.780	-0.846	-0.906	-0.952	-0.823	-0.781	-0.861	-0.781	-1.044	-1.065	-1.065	-1.041	-1.061	-1.080	-1.046	-1.031	-0.878	-1.075	-0.952	-0.880	-0.741	-1.075	-1.078	-1.078	-1.052	-1.079	-1.050	-1.070	-1.067	-1.080	-0.899	-1.114	-1.007	-1.111	-1.120	-1.120	-1.119	-1.115	-1.100	-1.121	-1.113	-1.120	-1.114	-1.115	-0.813	-1.120	-1.120	-1.115	-1.113	-1.105	-1.110	-1.117	-1.120	-1.120	-0.880	-1.116	-1.068	-1.115	-1.110	-0.983	-1.100	-0.956	-0.863	-0.840	-1.111	-0.955	-0.954	-0.800	-0.944	-0.949	-0.954	-0.956	-0.961	-0.925	-1.034	-1.017	-1.004	-0.936	-1.014	-1.014	-1.028	-1.005	-1.004	-1.028	-0.997	-1.031	-1.032	-1.002	-0.892	-0.956	-1.072	-1.073	-1.065	-1.070	-0.934	-1.051	-0.941	-0.863	-0.830	-0.835	-0.918	-0.873	-0.870	-1.072	-1.026	-0.925	-1.082	-0.865	-1.113	-1.021	-1.062	-0.964	-0.952	-1.059	-1.059	-1.059	-1.079	-0.970	-1.054	-1.016	-1.052	-1.032	-0.990	-0.964	-1.017	-1.010	-1.021	-1.028	-0.967	-1.010	-1.084	-1.010	-0.968	-1.017	-1.018	-0.978	-0.978	-1.011	-1.060	-0.979	-1.053	-1.044	-1.057	-0.977	-1.053	-0.977	-0.976	-1.020	-1.050	-0.966	-1.023	-1.060	-1.023	-1.023	-1.059	-0.963	-1.017	-1.057	-1.112	
rs10846557     -0.643	-0.596	-0.693	-0.827	-0.822	-0.820	-0.826	-0.824	-0.822	-0.647	-0.820	-0.822	-0.822	-0.824	-0.824	-0.513	-0.826	-0.705	-0.622	-0.610	-0.827	-0.835	-0.834	-0.837	-0.838	-0.641	-0.841	-0.618	-0.844	-0.841	-0.644	-0.844	-0.597	-0.625	-0.857	-0.869	-0.946	-0.779	-0.856	-0.868	-0.883	-0.855	-0.838	-0.808	-0.864	-0.804	-0.973	-0.987	-0.987	-0.960	-0.993	-1.005	-0.963	-0.955	-0.794	-1.003	-0.855	-0.795	-0.709	-1.002	-0.995	-0.997	-0.962	-0.998	-0.962	-0.965	-0.966	-1.002	-0.790	-1.018	-0.933	-1.016	-1.024	-1.024	-1.023	-1.019	-1.005	-1.024	-1.017	-1.024	-1.018	-1.019	-0.752	-1.024	-1.024	-1.019	-1.018	-1.009	-1.010	-1.021	-1.023	-1.024	-0.790	-1.018	-0.979	-1.019	-1.011	-0.911	-1.000	-0.846	-0.737	-0.782	-1.012	-0.874	-0.873	-0.748	-0.864	-0.868	-0.873	-0.875	-0.879	-0.876	-0.947	-0.930	-0.919	-0.817	-0.929	-0.928	-0.941	-0.920	-0.918	-0.940	-0.911	-0.943	-0.944	-0.915	-0.762	-0.875	-0.988	-0.988	-0.979	-0.988	-0.815	-0.977	-0.862	-0.725	-0.711	-0.716	-0.789	-0.737	-0.754	-0.989	-0.938	-0.799	-0.990	-0.745	-1.012	-0.940	-0.976	-0.891	-0.860	-0.974	-0.974	-0.974	-0.988	-0.897	-0.969	-0.935	-0.967	-0.946	-0.909	-0.891	-0.936	-0.930	-0.941	-0.947	-0.894	-0.930	-0.994	-0.931	-0.895	-0.937	-0.938	-0.904	-0.904	-0.931	-0.974	-0.905	-0.968	-0.961	-0.971	-0.903	-0.968	-0.903	-0.903	-0.940	-0.965	-0.873	-0.942	-0.975	-0.942	-0.942	-0.974	-0.860	-0.937	-0.972	-1.015	
rs11057353     -0.797	-0.765	-0.734	-0.822	-0.817	-0.816	-0.822	-0.817	-0.817	-0.823	-0.815	-0.816	-0.817	-0.817	-0.818	-0.826	-0.577	-0.773	-0.791	-0.781	-0.718	-0.828	-0.827	-0.829	-0.831	-0.806	-0.833	-0.779	-0.843	-0.833	-0.788	-0.837	-0.741	-0.759	-0.848	-0.840	-0.970	-0.656	-0.796	-0.869	-0.910	-0.918	-0.842	-0.807	-0.874	-0.805	-1.017	-1.030	-1.030	-1.018	-1.035	-1.046	-1.022	-1.009	-0.835	-1.044	-0.918	-0.837	-0.736	-1.044	-1.035	-1.036	-1.025	-1.037	-1.024	-1.037	-1.036	-1.043	-0.858	-1.073	-0.980	-1.069	-1.080	-1.080	-1.079	-1.075	-1.057	-1.081	-1.071	-1.080	-1.073	-1.074	-0.766	-1.080	-1.081	-1.074	-1.072	-1.062	-1.073	-1.076	-1.081	-1.082	-0.847	-1.078	-1.032	-1.076	-1.074	-0.957	-1.065	-0.918	-0.815	-0.822	-1.075	-0.935	-0.934	-0.785	-0.925	-0.930	-0.934	-0.936	-0.940	-0.915	-1.000	-0.988	-0.975	-0.891	-0.986	-0.986	-0.996	-0.976	-0.977	-0.996	-0.970	-0.997	-0.998	-0.975	-0.845	-0.932	-1.031	-1.031	-1.029	-1.031	-0.890	-1.022	-0.920	-0.813	-0.775	-0.781	-0.870	-0.823	-0.817	-1.032	-0.993	-0.878	-1.037	-0.812	-1.075	-0.997	-1.032	-0.944	-0.923	-1.029	-1.029	-1.029	-1.043	-0.950	-1.025	-0.992	-1.023	-1.005	-0.967	-0.944	-0.992	-0.986	-0.996	-1.002	-0.947	-0.987	-1.048	-0.987	-0.948	-0.993	-0.994	-0.957	-0.957	-0.988	-1.030	-0.958	-1.024	-1.016	-1.027	-0.956	-1.024	-0.956	-0.956	-0.996	-1.022	-0.934	-0.998	-1.031	-0.998	-0.999	-1.030	-0.925	-0.993	-1.028	-1.074	
rs11057354     -0.669	-0.641	-0.550	-0.831	-0.835	-0.845	-0.840	-0.834	-0.835	-0.702	-0.837	-0.836	-0.835	-0.834	-0.833	-0.705	-0.773	-0.431	-0.668	-0.658	-0.771	-0.823	-0.825	-0.822	-0.820	-0.682	-0.816	-0.655	-0.805	-0.815	-0.662	-0.811	-0.611	-0.628	-0.789	-0.652	-0.852	-0.526	-0.655	-0.615	-0.665	-0.779	-0.576	-0.529	-0.618	-0.528	-0.864	-0.900	-0.899	-0.854	-0.883	-0.919	-0.860	-0.840	-0.715	-0.909	-0.779	-0.717	-0.520	-0.907	-0.933	-0.932	-0.872	-0.932	-0.869	-0.899	-0.893	-0.921	-0.730	-0.926	-0.793	-0.921	-0.935	-0.935	-0.933	-0.930	-0.905	-0.936	-0.923	-0.935	-0.925	-0.926	-0.658	-0.935	-0.937	-0.927	-0.924	-0.914	-0.926	-0.929	-0.938	-0.938	-0.698	-0.929	-0.894	-0.923	-0.930	-0.768	-0.924	-0.795	-0.705	-0.636	-0.930	-0.759	-0.758	-0.591	-0.747	-0.753	-0.758	-0.761	-0.766	-0.721	-0.859	-0.835	-0.821	-0.774	-0.829	-0.829	-0.850	-0.823	-0.816	-0.849	-0.810	-0.855	-0.856	-0.815	-0.741	-0.763	-0.911	-0.913	-0.897	-0.905	-0.772	-0.873	-0.747	-0.716	-0.693	-0.698	-0.762	-0.725	-0.729	-0.909	-0.848	-0.767	-0.922	-0.723	-0.917	-0.820	-0.872	-0.754	-0.769	-0.868	-0.868	-0.868	-0.899	-0.762	-0.861	-0.813	-0.858	-0.836	-0.785	-0.754	-0.814	-0.805	-0.819	-0.828	-0.758	-0.806	-0.903	-0.806	-0.759	-0.815	-0.816	-0.771	-0.771	-0.808	-0.868	-0.772	-0.859	-0.850	-0.864	-0.769	-0.859	-0.770	-0.768	-0.818	-0.855	-0.785	-0.821	-0.868	-0.821	-0.822	-0.867	-0.790	-0.814	-0.864	-0.933	
rs10846558     -0.646	-0.612	-0.696	-0.785	-0.779	-0.776	-0.783	-0.780	-0.779	-0.629	-0.777	-0.778	-0.779	-0.780	-0.781	-0.622	-0.791	-0.668	-0.485	-0.606	-0.792	-0.793	-0.792	-0.795	-0.797	-0.629	-0.800	-0.612	-0.805	-0.801	-0.631	-0.805	-0.607	-0.627	-0.822	-0.849	-0.916	-0.771	-0.840	-0.850	-0.863	-0.828	-0.821	-0.792	-0.846	-0.788	-0.947	-0.960	-0.960	-0.935	-0.968	-0.977	-0.937	-0.930	-0.767	-0.976	-0.828	-0.769	-0.692	-0.975	-0.966	-0.968	-0.936	-0.969	-0.936	-0.937	-0.938	-0.975	-0.762	-0.991	-0.910	-0.988	-0.996	-0.996	-0.996	-0.991	-0.977	-0.997	-0.990	-0.996	-0.991	-0.992	-0.727	-0.996	-0.997	-0.992	-0.990	-0.982	-0.983	-0.993	-0.996	-0.996	-0.764	-0.991	-0.954	-0.992	-0.984	-0.888	-0.973	-0.817	-0.706	-0.761	-0.985	-0.848	-0.847	-0.727	-0.838	-0.843	-0.848	-0.850	-0.854	-0.856	-0.920	-0.904	-0.893	-0.787	-0.902	-0.902	-0.914	-0.894	-0.893	-0.914	-0.885	-0.916	-0.917	-0.889	-0.730	-0.850	-0.960	-0.960	-0.952	-0.961	-0.785	-0.952	-0.837	-0.692	-0.679	-0.684	-0.758	-0.704	-0.723	-0.961	-0.912	-0.768	-0.961	-0.713	-0.985	-0.916	-0.950	-0.868	-0.833	-0.948	-0.948	-0.948	-0.961	-0.873	-0.943	-0.910	-0.942	-0.921	-0.884	-0.867	-0.911	-0.905	-0.916	-0.923	-0.871	-0.906	-0.967	-0.906	-0.872	-0.912	-0.913	-0.880	-0.880	-0.907	-0.949	-0.881	-0.942	-0.936	-0.946	-0.879	-0.942	-0.879	-0.880	-0.915	-0.940	-0.846	-0.917	-0.949	-0.917	-0.917	-0.948	-0.832	-0.912	-0.946	-0.988	
rs11057357     -0.642	-0.614	-0.695	-0.773	-0.767	-0.764	-0.771	-0.768	-0.767	-0.618	-0.765	-0.766	-0.768	-0.768	-0.770	-0.610	-0.781	-0.658	-0.606	-0.477	-0.782	-0.782	-0.780	-0.784	-0.786	-0.619	-0.789	-0.609	-0.794	-0.790	-0.625	-0.794	-0.609	-0.626	-0.813	-0.844	-0.908	-0.768	-0.835	-0.845	-0.857	-0.821	-0.816	-0.788	-0.841	-0.784	-0.940	-0.952	-0.952	-0.928	-0.961	-0.970	-0.930	-0.924	-0.760	-0.968	-0.820	-0.761	-0.687	-0.968	-0.958	-0.960	-0.929	-0.961	-0.929	-0.929	-0.930	-0.967	-0.754	-0.983	-0.903	-0.980	-0.989	-0.989	-0.988	-0.984	-0.970	-0.989	-0.982	-0.989	-0.983	-0.984	-0.720	-0.989	-0.989	-0.984	-0.983	-0.974	-0.975	-0.986	-0.989	-0.989	-0.757	-0.984	-0.947	-0.984	-0.977	-0.881	-0.966	-0.809	-0.698	-0.755	-0.977	-0.842	-0.840	-0.722	-0.831	-0.836	-0.841	-0.843	-0.847	-0.850	-0.913	-0.896	-0.885	-0.778	-0.895	-0.895	-0.907	-0.887	-0.885	-0.906	-0.878	-0.909	-0.910	-0.882	-0.722	-0.843	-0.953	-0.952	-0.945	-0.953	-0.777	-0.945	-0.831	-0.683	-0.670	-0.676	-0.749	-0.695	-0.714	-0.954	-0.904	-0.760	-0.954	-0.705	-0.977	-0.909	-0.943	-0.861	-0.826	-0.941	-0.941	-0.941	-0.954	-0.867	-0.936	-0.903	-0.935	-0.914	-0.877	-0.861	-0.904	-0.898	-0.909	-0.916	-0.864	-0.899	-0.960	-0.899	-0.865	-0.905	-0.906	-0.874	-0.874	-0.900	-0.942	-0.875	-0.935	-0.929	-0.939	-0.872	-0.935	-0.872	-0.873	-0.908	-0.933	-0.839	-0.910	-0.942	-0.910	-0.910	-0.941	-0.825	-0.905	-0.939	-0.981	
rs7962448      -0.799	-0.768	-0.736	-0.820	-0.815	-0.814	-0.821	-0.816	-0.815	-0.825	-0.813	-0.814	-0.815	-0.815	-0.817	-0.827	-0.718	-0.771	-0.792	-0.782	-0.577	-0.824	-0.823	-0.826	-0.827	-0.806	-0.829	-0.779	-0.839	-0.830	-0.788	-0.833	-0.741	-0.759	-0.845	-0.838	-0.968	-0.651	-0.793	-0.868	-0.910	-0.918	-0.842	-0.807	-0.874	-0.805	-1.017	-1.029	-1.029	-1.018	-1.034	-1.045	-1.021	-1.009	-0.834	-1.044	-0.917	-0.836	-0.736	-1.043	-1.034	-1.035	-1.025	-1.036	-1.024	-1.037	-1.035	-1.042	-0.857	-1.072	-0.980	-1.069	-1.079	-1.079	-1.078	-1.075	-1.056	-1.080	-1.070	-1.079	-1.072	-1.073	-0.765	-1.080	-1.081	-1.073	-1.071	-1.062	-1.072	-1.075	-1.081	-1.081	-0.846	-1.077	-1.031	-1.075	-1.073	-0.956	-1.064	-0.917	-0.814	-0.821	-1.074	-0.934	-0.933	-0.784	-0.925	-0.929	-0.933	-0.936	-0.940	-0.914	-0.999	-0.987	-0.974	-0.891	-0.986	-0.985	-0.995	-0.975	-0.977	-0.995	-0.970	-0.996	-0.997	-0.974	-0.844	-0.932	-1.030	-1.030	-1.028	-1.030	-0.889	-1.022	-0.919	-0.812	-0.774	-0.779	-0.869	-0.822	-0.816	-1.031	-0.992	-0.877	-1.035	-0.811	-1.074	-0.996	-1.031	-0.944	-0.922	-1.029	-1.029	-1.029	-1.042	-0.950	-1.024	-0.991	-1.023	-1.004	-0.967	-0.944	-0.992	-0.986	-0.996	-1.001	-0.947	-0.986	-1.047	-0.987	-0.948	-0.992	-0.993	-0.957	-0.957	-0.987	-1.030	-0.958	-1.023	-1.016	-1.027	-0.955	-1.024	-0.956	-0.955	-0.995	-1.021	-0.934	-0.998	-1.030	-0.997	-0.998	-1.029	-0.924	-0.992	-1.027	-1.074	
rs11057358     -0.801	-0.765	-0.719	-0.762	-0.758	-0.782	-0.785	-0.757	-0.758	-0.832	-0.756	-0.757	-0.757	-0.749	-0.753	-0.835	-0.828	-0.823	-0.793	-0.782	-0.824	-0.612	-0.746	-0.746	-0.746	-0.810	-0.744	-0.778	-0.784	-0.744	-0.788	-0.752	-0.735	-0.754	-0.752	-0.722	-0.968	-0.633	-0.788	-0.850	-0.907	-0.948	-0.827	-0.786	-0.864	-0.786	-1.041	-1.060	-1.060	-1.039	-1.058	-1.076	-1.043	-1.028	-0.872	-1.071	-0.948	-0.874	-0.741	-1.071	-1.072	-1.073	-1.049	-1.073	-1.048	-1.066	-1.063	-1.075	-0.894	-1.109	-1.004	-1.106	-1.115	-1.115	-1.115	-1.110	-1.095	-1.116	-1.108	-1.115	-1.109	-1.110	-0.806	-1.115	-1.116	-1.110	-1.108	-1.099	-1.105	-1.112	-1.115	-1.115	-0.876	-1.111	-1.063	-1.110	-1.106	-0.980	-1.095	-0.951	-0.857	-0.838	-1.106	-0.953	-0.952	-0.798	-0.942	-0.947	-0.952	-0.954	-0.959	-0.924	-1.030	-1.014	-1.001	-0.930	-1.011	-1.010	-1.025	-1.002	-1.001	-1.024	-0.994	-1.027	-1.028	-0.999	-0.886	-0.953	-1.067	-1.068	-1.061	-1.065	-0.929	-1.048	-0.939	-0.856	-0.823	-0.828	-0.912	-0.866	-0.863	-1.067	-1.022	-0.919	-1.077	-0.858	-1.108	-1.019	-1.059	-0.962	-0.949	-1.056	-1.056	-1.056	-1.075	-0.968	-1.051	-1.013	-1.048	-1.029	-0.988	-0.962	-1.014	-1.007	-1.018	-1.025	-0.965	-1.008	-1.079	-1.008	-0.966	-1.014	-1.015	-0.976	-0.976	-1.009	-1.057	-0.977	-1.049	-1.041	-1.053	-0.975	-1.050	-0.975	-0.974	-1.018	-1.046	-0.962	-1.020	-1.057	-1.020	-1.021	-1.056	-0.958	-1.014	-1.053	-1.107	
rs12302651     -0.800	-0.764	-0.717	-0.764	-0.760	-0.784	-0.787	-0.759	-0.760	-0.831	-0.758	-0.758	-0.759	-0.750	-0.755	-0.834	-0.827	-0.825	-0.792	-0.780	-0.823	-0.746	-0.613	-0.746	-0.746	-0.808	-0.743	-0.777	-0.784	-0.744	-0.787	-0.751	-0.733	-0.753	-0.750	-0.720	-0.969	-0.631	-0.787	-0.849	-0.907	-0.948	-0.827	-0.785	-0.863	-0.785	-1.041	-1.061	-1.061	-1.039	-1.058	-1.076	-1.043	-1.029	-0.873	-1.072	-0.948	-0.875	-0.741	-1.071	-1.072	-1.073	-1.050	-1.074	-1.048	-1.067	-1.064	-1.076	-0.895	-1.110	-1.004	-1.107	-1.116	-1.116	-1.115	-1.110	-1.096	-1.117	-1.108	-1.116	-1.110	-1.111	-0.807	-1.116	-1.116	-1.111	-1.109	-1.100	-1.106	-1.112	-1.116	-1.116	-0.877	-1.112	-1.064	-1.111	-1.106	-0.980	-1.096	-0.951	-0.858	-0.838	-1.107	-0.953	-0.952	-0.799	-0.943	-0.948	-0.952	-0.955	-0.959	-0.925	-1.031	-1.014	-1.001	-0.931	-1.012	-1.011	-1.025	-1.002	-1.001	-1.024	-0.994	-1.027	-1.028	-0.999	-0.887	-0.953	-1.068	-1.069	-1.061	-1.066	-0.929	-1.049	-0.939	-0.857	-0.824	-0.829	-0.913	-0.867	-0.864	-1.068	-1.022	-0.920	-1.077	-0.859	-1.109	-1.019	-1.059	-0.962	-0.950	-1.056	-1.056	-1.056	-1.075	-0.969	-1.051	-1.013	-1.049	-1.029	-0.988	-0.962	-1.014	-1.007	-1.019	-1.026	-0.966	-1.008	-1.080	-1.008	-0.967	-1.015	-1.016	-0.976	-0.976	-1.009	-1.057	-0.977	-1.050	-1.042	-1.054	-0.975	-1.050	-0.975	-0.975	-1.018	-1.047	-0.963	-1.020	-1.057	-1.020	-1.021	-1.057	-0.959	-1.015	-1.054	-1.107	
rs7970404      -0.803	-0.767	-0.720	-0.763	-0.758	-0.781	-0.785	-0.758	-0.758	-0.834	-0.756	-0.757	-0.757	-0.749	-0.754	-0.837	-0.829	-0.822	-0.795	-0.784	-0.826	-0.746	-0.746	-0.611	-0.745	-0.811	-0.743	-0.780	-0.784	-0.744	-0.789	-0.750	-0.736	-0.756	-0.752	-0.723	-0.967	-0.634	-0.789	-0.850	-0.907	-0.947	-0.827	-0.786	-0.864	-0.786	-1.040	-1.059	-1.059	-1.038	-1.057	-1.075	-1.042	-1.028	-0.871	-1.071	-0.947	-0.873	-0.741	-1.070	-1.071	-1.072	-1.049	-1.072	-1.047	-1.065	-1.062	-1.074	-0.893	-1.108	-1.003	-1.105	-1.115	-1.115	-1.114	-1.109	-1.094	-1.115	-1.107	-1.115	-1.108	-1.109	-0.805	-1.115	-1.115	-1.109	-1.107	-1.099	-1.104	-1.111	-1.114	-1.114	-0.876	-1.110	-1.062	-1.109	-1.105	-0.979	-1.095	-0.950	-0.856	-0.838	-1.105	-0.952	-0.951	-0.798	-0.942	-0.947	-0.951	-0.954	-0.958	-0.924	-1.029	-1.013	-1.000	-0.929	-1.010	-1.010	-1.024	-1.001	-1.000	-1.023	-0.993	-1.026	-1.027	-0.998	-0.885	-0.953	-1.066	-1.067	-1.060	-1.065	-0.928	-1.048	-0.938	-0.855	-0.821	-0.827	-0.911	-0.865	-0.862	-1.066	-1.021	-0.918	-1.076	-0.857	-1.107	-1.018	-1.058	-0.962	-0.948	-1.055	-1.055	-1.055	-1.074	-0.968	-1.050	-1.012	-1.048	-1.028	-0.987	-0.961	-1.013	-1.007	-1.018	-1.025	-0.965	-1.007	-1.079	-1.007	-0.966	-1.014	-1.015	-0.976	-0.976	-1.008	-1.056	-0.977	-1.049	-1.041	-1.053	-0.974	-1.049	-0.975	-0.974	-1.017	-1.046	-0.961	-1.020	-1.056	-1.019	-1.020	-1.055	-0.957	-1.014	-1.053	-1.106	
rs10846559     -0.805	-0.769	-0.722	-0.763	-0.758	-0.780	-0.784	-0.758	-0.758	-0.836	-0.756	-0.757	-0.757	-0.750	-0.754	-0.838	-0.831	-0.820	-0.797	-0.786	-0.827	-0.746	-0.746	-0.745	-0.611	-0.812	-0.743	-0.781	-0.784	-0.743	-0.791	-0.750	-0.738	-0.757	-0.753	-0.725	-0.967	-0.635	-0.790	-0.851	-0.907	-0.946	-0.828	-0.787	-0.864	-0.786	-1.040	-1.059	-1.059	-1.038	-1.057	-1.074	-1.042	-1.027	-0.870	-1.070	-0.946	-0.872	-0.741	-1.069	-1.070	-1.071	-1.048	-1.071	-1.046	-1.065	-1.062	-1.073	-0.892	-1.107	-1.002	-1.104	-1.114	-1.114	-1.113	-1.108	-1.093	-1.114	-1.106	-1.114	-1.107	-1.108	-0.804	-1.114	-1.114	-1.108	-1.107	-1.098	-1.103	-1.110	-1.113	-1.114	-0.875	-1.109	-1.062	-1.108	-1.104	-0.979	-1.094	-0.949	-0.855	-0.837	-1.105	-0.952	-0.951	-0.798	-0.942	-0.946	-0.951	-0.954	-0.958	-0.924	-1.029	-1.013	-0.999	-0.928	-1.010	-1.009	-1.023	-1.001	-1.000	-1.022	-0.993	-1.025	-1.026	-0.997	-0.884	-0.952	-1.065	-1.066	-1.059	-1.064	-0.927	-1.047	-0.938	-0.854	-0.820	-0.825	-0.910	-0.864	-0.861	-1.066	-1.020	-0.917	-1.075	-0.856	-1.107	-1.018	-1.057	-0.961	-0.948	-1.055	-1.055	-1.055	-1.073	-0.967	-1.050	-1.012	-1.047	-1.028	-0.987	-0.961	-1.013	-1.006	-1.017	-1.024	-0.964	-1.007	-1.078	-1.007	-0.965	-1.014	-1.014	-0.975	-0.975	-1.008	-1.055	-0.976	-1.048	-1.040	-1.052	-0.974	-1.048	-0.974	-0.973	-1.017	-1.045	-0.961	-1.019	-1.056	-1.019	-1.020	-1.055	-0.957	-1.013	-1.052	-1.105	
rs11057359     -0.652	-0.622	-0.696	-0.803	-0.797	-0.795	-0.801	-0.798	-0.797	-0.645	-0.795	-0.797	-0.798	-0.798	-0.800	-0.641	-0.806	-0.682	-0.629	-0.619	-0.806	-0.810	-0.808	-0.811	-0.812	-0.495	-0.815	-0.610	-0.819	-0.815	-0.629	-0.819	-0.592	-0.618	-0.835	-0.856	-0.926	-0.772	-0.844	-0.857	-0.870	-0.838	-0.827	-0.798	-0.853	-0.794	-0.957	-0.970	-0.970	-0.944	-0.977	-0.987	-0.946	-0.939	-0.777	-0.986	-0.838	-0.778	-0.698	-0.986	-0.977	-0.979	-0.945	-0.979	-0.945	-0.947	-0.948	-0.985	-0.773	-1.001	-0.919	-0.999	-1.007	-1.007	-1.006	-1.002	-0.988	-1.007	-1.000	-1.007	-1.001	-1.002	-0.736	-1.007	-1.007	-1.002	-1.001	-0.992	-0.993	-1.004	-1.006	-1.007	-0.774	-1.002	-0.963	-1.002	-0.994	-0.897	-0.983	-0.828	-0.718	-0.769	-0.995	-0.858	-0.857	-0.735	-0.848	-0.853	-0.857	-0.860	-0.864	-0.863	-0.930	-0.914	-0.902	-0.798	-0.912	-0.912	-0.924	-0.904	-0.902	-0.924	-0.895	-0.926	-0.927	-0.899	-0.742	-0.860	-0.970	-0.970	-0.962	-0.971	-0.796	-0.961	-0.847	-0.704	-0.691	-0.696	-0.769	-0.716	-0.734	-0.971	-0.922	-0.779	-0.972	-0.725	-0.995	-0.925	-0.960	-0.877	-0.843	-0.958	-0.958	-0.958	-0.971	-0.883	-0.953	-0.920	-0.951	-0.931	-0.894	-0.877	-0.921	-0.914	-0.925	-0.932	-0.880	-0.915	-0.977	-0.915	-0.881	-0.921	-0.922	-0.889	-0.889	-0.916	-0.958	-0.890	-0.952	-0.945	-0.955	-0.888	-0.952	-0.888	-0.889	-0.924	-0.949	-0.856	-0.926	-0.959	-0.926	-0.927	-0.958	-0.843	-0.921	-0.956	-0.998	
rs1568027      -0.808	-0.773	-0.725	-0.760	-0.754	-0.775	-0.780	-0.754	-0.754	-0.838	-0.751	-0.752	-0.753	-0.745	-0.750	-0.841	-0.833	-0.816	-0.800	-0.789	-0.829	-0.744	-0.743	-0.743	-0.743	-0.815	-0.608	-0.785	-0.782	-0.741	-0.794	-0.747	-0.742	-0.761	-0.753	-0.727	-0.964	-0.637	-0.790	-0.851	-0.906	-0.944	-0.828	-0.787	-0.864	-0.787	-1.038	-1.056	-1.056	-1.036	-1.055	-1.072	-1.040	-1.026	-0.867	-1.068	-0.944	-0.869	-0.740	-1.067	-1.066	-1.067	-1.046	-1.068	-1.044	-1.062	-1.059	-1.071	-0.890	-1.105	-1.000	-1.101	-1.111	-1.111	-1.110	-1.105	-1.090	-1.112	-1.103	-1.111	-1.104	-1.105	-0.800	-1.111	-1.112	-1.106	-1.104	-1.095	-1.101	-1.107	-1.111	-1.111	-0.873	-1.107	-1.059	-1.106	-1.102	-0.977	-1.092	-0.946	-0.852	-0.836	-1.102	-0.950	-0.949	-0.796	-0.940	-0.945	-0.949	-0.952	-0.956	-0.923	-1.026	-1.010	-0.997	-0.926	-1.008	-1.007	-1.021	-0.999	-0.998	-1.020	-0.991	-1.023	-1.024	-0.996	-0.881	-0.950	-1.062	-1.063	-1.057	-1.061	-0.924	-1.045	-0.936	-0.850	-0.816	-0.821	-0.907	-0.860	-0.857	-1.063	-1.018	-0.914	-1.072	-0.852	-1.104	-1.016	-1.055	-0.960	-0.946	-1.053	-1.052	-1.052	-1.071	-0.966	-1.047	-1.010	-1.045	-1.026	-0.985	-0.960	-1.011	-1.004	-1.015	-1.022	-0.963	-1.005	-1.076	-1.005	-0.964	-1.012	-1.013	-0.974	-0.974	-1.006	-1.053	-0.975	-1.046	-1.038	-1.050	-0.972	-1.046	-0.972	-0.972	-1.015	-1.043	-0.959	-1.017	-1.054	-1.017	-1.018	-1.053	-0.954	-1.012	-1.050	-1.102	
rs1568028      -0.646	-0.620	-0.695	-0.770	-0.764	-0.761	-0.769	-0.765	-0.765	-0.625	-0.762	-0.764	-0.765	-0.765	-0.767	-0.618	-0.779	-0.655	-0.612	-0.609	-0.779	-0.778	-0.777	-0.780	-0.781	-0.610	-0.785	-0.474	-0.790	-0.785	-0.611	-0.789	-0.597	-0.615	-0.808	-0.840	-0.904	-0.764	-0.831	-0.843	-0.855	-0.818	-0.814	-0.786	-0.839	-0.782	-0.938	-0.950	-0.950	-0.925	-0.958	-0.967	-0.927	-0.921	-0.758	-0.966	-0.818	-0.759	-0.685	-0.965	-0.955	-0.957	-0.926	-0.958	-0.926	-0.925	-0.927	-0.964	-0.751	-0.981	-0.901	-0.978	-0.986	-0.986	-0.986	-0.982	-0.967	-0.987	-0.980	-0.987	-0.981	-0.982	-0.718	-0.986	-0.987	-0.982	-0.980	-0.972	-0.973	-0.983	-0.986	-0.987	-0.754	-0.981	-0.944	-0.982	-0.974	-0.879	-0.963	-0.806	-0.695	-0.753	-0.975	-0.839	-0.838	-0.720	-0.829	-0.834	-0.839	-0.841	-0.845	-0.848	-0.910	-0.894	-0.883	-0.775	-0.893	-0.892	-0.905	-0.884	-0.883	-0.904	-0.876	-0.907	-0.907	-0.880	-0.718	-0.841	-0.950	-0.949	-0.942	-0.951	-0.774	-0.942	-0.828	-0.679	-0.667	-0.672	-0.746	-0.691	-0.711	-0.951	-0.902	-0.756	-0.951	-0.702	-0.975	-0.906	-0.941	-0.859	-0.824	-0.938	-0.938	-0.938	-0.951	-0.865	-0.934	-0.901	-0.932	-0.912	-0.875	-0.859	-0.902	-0.896	-0.907	-0.913	-0.862	-0.897	-0.957	-0.897	-0.863	-0.903	-0.903	-0.872	-0.872	-0.898	-0.939	-0.872	-0.933	-0.926	-0.936	-0.870	-0.933	-0.870	-0.871	-0.905	-0.930	-0.836	-0.908	-0.939	-0.907	-0.908	-0.939	-0.822	-0.903	-0.937	-0.978	
