## Summary of overall evidence for association with region:
## log10(BF for region) = -0.574403
## p-value for region = NA

## BFs for choosing among multi-SNP models:
## log10(average 1-SNP BF) = -0.491062
## log10(average 2-SNP BF) = -0.813303

## Example posterior probabilities for multi-SNP models, based on default prior: [p(l) propto 0.5^l for l=1,2,...,L]
## posterior probability of 1-SNP = 0.8077
## posterior probability of 2-SNP = 0.1923

## log10(BF) for single SNP and pair of SNPs:
rs2937541      -0.551	-0.868	-0.864	-0.864	-0.864	-0.861	-0.861	-0.860	-0.856	-0.856	-0.865	-0.865	-0.865	-0.866	-0.866	-0.866	-0.867	-0.867	-0.867	-0.865	-0.865	-0.912	-0.802	-0.923	-0.828	-0.831	-0.800	-0.954	-0.775	-0.616	-0.687	-0.562	-0.794	-1.038	-1.042	-1.040	-1.048	-1.042	-0.828	-0.814	-1.042	-0.863	-0.863	-0.862	-0.862	-0.856	-0.930	-0.875	-0.779	-0.858	-1.045	-1.038	-1.039	-0.739	-0.817	-1.043	-1.045	-1.044	-1.042	-1.041	-1.039	-1.046	-0.830	-0.826	-0.834	-0.683	-1.031	-0.676	-0.941	-0.964	-0.956	-1.025	-0.771	-0.806	-1.017	-0.781	-0.800	-0.773	-0.764	-0.925	-0.992	-1.030	-0.915	-1.036	-0.976	-1.034	-1.032	-0.895	-1.030	-0.884	-0.974	-0.970	-0.974	-0.757	-0.966	-0.790	-0.789	-0.963	-0.788	-0.876	-0.841	-0.935	-0.939	-0.993	-0.955	-0.969	-0.970	-1.026	-0.964	-1.026	-0.960	-0.933	-1.030	-1.029	-0.857	-0.816	-0.727	-0.831	-0.820	-0.699	-0.708	-0.908	-0.819	-0.731	-0.748	-0.791	-0.949	-0.933	-0.967	-1.022	-0.951	-0.984	-0.922	-0.886	-0.656	-0.998	-0.990	-1.000	-0.993	-0.948	-0.855	-0.884	-1.048	-0.886	-0.896	-0.900	-0.904	-0.985	-0.971	-0.896	-0.911	-1.019	-1.007	-1.006	-1.024	-1.027	-0.984	-0.975	-1.028	-0.942	-0.950	-0.964	-0.998	-0.930	-0.942	-0.936	-0.973	-1.001	-1.001	-1.016	-1.019	
rs4484459      -0.868	-0.452	-0.671	-0.671	-0.671	-0.671	-0.672	-0.671	-0.670	-0.670	-0.672	-0.672	-0.672	-0.672	-0.672	-0.672	-0.672	-0.672	-0.672	-0.672	-0.672	-0.754	-0.662	-0.752	-0.681	-0.682	-0.667	-0.842	-0.493	-0.530	-0.590	-0.478	-0.671	-0.953	-0.953	-0.954	-0.959	-0.954	-0.703	-0.687	-0.954	-0.755	-0.755	-0.754	-0.754	-0.748	-0.784	-0.767	-0.665	-0.749	-0.953	-0.952	-0.953	-0.601	-0.691	-0.955	-0.954	-0.955	-0.953	-0.955	-0.955	-0.954	-0.705	-0.701	-0.710	-0.537	-0.953	-0.539	-0.794	-0.912	-0.820	-0.949	-0.694	-0.700	-0.946	-0.678	-0.705	-0.675	-0.666	-0.891	-0.921	-0.954	-0.878	-0.956	-0.912	-0.955	-0.955	-0.864	-0.954	-0.854	-0.882	-0.908	-0.883	-0.667	-0.906	-0.779	-0.778	-0.903	-0.777	-0.836	-0.820	-0.883	-0.886	-0.911	-0.839	-0.858	-0.858	-0.928	-0.850	-0.928	-0.845	-0.841	-0.936	-0.937	-0.765	-0.678	-0.577	-0.695	-0.682	-0.532	-0.542	-0.814	-0.669	-0.574	-0.587	-0.630	-0.854	-0.821	-0.861	-0.923	-0.841	-0.884	-0.809	-0.771	-0.540	-0.900	-0.886	-0.898	-0.890	-0.854	-0.763	-0.793	-0.958	-0.795	-0.804	-0.808	-0.812	-0.896	-0.877	-0.805	-0.820	-0.930	-0.919	-0.918	-0.934	-0.938	-0.894	-0.884	-0.937	-0.848	-0.865	-0.872	-0.908	-0.834	-0.847	-0.841	-0.885	-0.914	-0.914	-0.925	-0.928	
rs13160898     -0.864	-0.671	-0.450	-0.568	-0.568	-0.566	-0.567	-0.566	-0.560	-0.562	-0.572	-0.572	-0.572	-0.572	-0.572	-0.573	-0.573	-0.573	-0.575	-0.577	-0.580	-0.772	-0.601	-0.776	-0.633	-0.636	-0.619	-0.831	-0.543	-0.523	-0.600	-0.471	-0.673	-0.953	-0.953	-0.956	-0.956	-0.956	-0.697	-0.682	-0.957	-0.732	-0.732	-0.732	-0.732	-0.725	-0.801	-0.745	-0.637	-0.727	-0.956	-0.953	-0.954	-0.600	-0.686	-0.957	-0.957	-0.957	-0.955	-0.957	-0.956	-0.958	-0.700	-0.695	-0.704	-0.535	-0.952	-0.536	-0.811	-0.906	-0.826	-0.948	-0.673	-0.713	-0.946	-0.692	-0.704	-0.674	-0.664	-0.888	-0.918	-0.953	-0.875	-0.956	-0.908	-0.955	-0.954	-0.860	-0.953	-0.851	-0.881	-0.904	-0.882	-0.654	-0.901	-0.775	-0.774	-0.898	-0.773	-0.828	-0.816	-0.877	-0.880	-0.910	-0.844	-0.862	-0.863	-0.932	-0.855	-0.932	-0.850	-0.841	-0.939	-0.939	-0.762	-0.685	-0.586	-0.701	-0.689	-0.544	-0.554	-0.813	-0.679	-0.584	-0.598	-0.642	-0.853	-0.819	-0.859	-0.921	-0.837	-0.881	-0.807	-0.768	-0.541	-0.900	-0.887	-0.899	-0.891	-0.853	-0.763	-0.793	-0.957	-0.794	-0.803	-0.807	-0.811	-0.894	-0.877	-0.804	-0.819	-0.928	-0.917	-0.916	-0.932	-0.936	-0.893	-0.883	-0.936	-0.847	-0.863	-0.871	-0.906	-0.834	-0.847	-0.841	-0.884	-0.911	-0.912	-0.924	-0.927	
rs13185087     -0.864	-0.671	-0.568	-0.450	-0.567	-0.566	-0.567	-0.566	-0.560	-0.562	-0.571	-0.572	-0.571	-0.572	-0.572	-0.572	-0.573	-0.573	-0.575	-0.577	-0.580	-0.772	-0.601	-0.776	-0.633	-0.636	-0.620	-0.831	-0.543	-0.523	-0.600	-0.471	-0.673	-0.953	-0.953	-0.956	-0.956	-0.956	-0.697	-0.682	-0.957	-0.732	-0.732	-0.732	-0.731	-0.725	-0.801	-0.745	-0.636	-0.726	-0.956	-0.953	-0.954	-0.599	-0.686	-0.957	-0.957	-0.957	-0.955	-0.957	-0.956	-0.958	-0.699	-0.695	-0.704	-0.535	-0.952	-0.536	-0.811	-0.906	-0.826	-0.948	-0.673	-0.713	-0.946	-0.691	-0.704	-0.674	-0.664	-0.888	-0.918	-0.953	-0.875	-0.956	-0.908	-0.955	-0.954	-0.860	-0.953	-0.851	-0.881	-0.904	-0.882	-0.654	-0.901	-0.775	-0.774	-0.898	-0.773	-0.828	-0.816	-0.877	-0.880	-0.910	-0.844	-0.862	-0.863	-0.932	-0.855	-0.932	-0.850	-0.841	-0.939	-0.939	-0.762	-0.685	-0.586	-0.701	-0.689	-0.543	-0.554	-0.812	-0.679	-0.584	-0.597	-0.642	-0.853	-0.819	-0.859	-0.921	-0.837	-0.881	-0.806	-0.767	-0.540	-0.900	-0.887	-0.899	-0.891	-0.853	-0.763	-0.793	-0.957	-0.794	-0.803	-0.807	-0.811	-0.894	-0.877	-0.804	-0.819	-0.928	-0.917	-0.916	-0.932	-0.936	-0.893	-0.883	-0.936	-0.847	-0.863	-0.871	-0.906	-0.834	-0.847	-0.841	-0.884	-0.911	-0.911	-0.924	-0.927	
rs11746647     -0.864	-0.671	-0.568	-0.567	-0.450	-0.566	-0.567	-0.565	-0.560	-0.562	-0.571	-0.571	-0.571	-0.572	-0.572	-0.572	-0.573	-0.573	-0.575	-0.577	-0.580	-0.772	-0.601	-0.776	-0.633	-0.636	-0.620	-0.831	-0.543	-0.523	-0.600	-0.471	-0.673	-0.952	-0.953	-0.956	-0.956	-0.956	-0.697	-0.682	-0.957	-0.732	-0.732	-0.731	-0.731	-0.725	-0.801	-0.745	-0.636	-0.726	-0.956	-0.953	-0.954	-0.599	-0.686	-0.957	-0.957	-0.957	-0.955	-0.957	-0.956	-0.958	-0.699	-0.695	-0.704	-0.535	-0.952	-0.536	-0.811	-0.906	-0.826	-0.948	-0.673	-0.713	-0.945	-0.691	-0.704	-0.674	-0.664	-0.888	-0.918	-0.953	-0.875	-0.956	-0.908	-0.955	-0.954	-0.860	-0.953	-0.851	-0.881	-0.904	-0.882	-0.654	-0.901	-0.775	-0.774	-0.898	-0.773	-0.828	-0.816	-0.876	-0.880	-0.910	-0.844	-0.862	-0.863	-0.932	-0.855	-0.932	-0.850	-0.841	-0.939	-0.939	-0.762	-0.685	-0.586	-0.701	-0.689	-0.543	-0.554	-0.812	-0.678	-0.584	-0.597	-0.642	-0.853	-0.819	-0.859	-0.921	-0.837	-0.881	-0.806	-0.767	-0.540	-0.900	-0.887	-0.898	-0.891	-0.853	-0.763	-0.793	-0.957	-0.794	-0.803	-0.807	-0.811	-0.894	-0.877	-0.804	-0.819	-0.928	-0.917	-0.916	-0.932	-0.936	-0.893	-0.883	-0.936	-0.847	-0.863	-0.871	-0.906	-0.834	-0.847	-0.841	-0.884	-0.911	-0.911	-0.924	-0.926	
rs17359426     -0.861	-0.671	-0.566	-0.566	-0.566	-0.446	-0.564	-0.563	-0.559	-0.561	-0.565	-0.565	-0.565	-0.565	-0.565	-0.565	-0.565	-0.565	-0.567	-0.571	-0.574	-0.769	-0.601	-0.772	-0.631	-0.634	-0.619	-0.826	-0.535	-0.521	-0.598	-0.468	-0.668	-0.949	-0.950	-0.952	-0.953	-0.953	-0.692	-0.677	-0.953	-0.727	-0.727	-0.727	-0.726	-0.720	-0.797	-0.740	-0.631	-0.721	-0.953	-0.950	-0.951	-0.594	-0.681	-0.954	-0.954	-0.954	-0.952	-0.953	-0.953	-0.954	-0.695	-0.690	-0.700	-0.530	-0.949	-0.531	-0.806	-0.903	-0.823	-0.945	-0.672	-0.709	-0.942	-0.688	-0.700	-0.670	-0.660	-0.884	-0.915	-0.950	-0.872	-0.953	-0.905	-0.952	-0.951	-0.857	-0.950	-0.847	-0.878	-0.901	-0.878	-0.652	-0.898	-0.771	-0.770	-0.895	-0.769	-0.825	-0.812	-0.874	-0.877	-0.906	-0.840	-0.858	-0.859	-0.928	-0.851	-0.928	-0.846	-0.837	-0.935	-0.935	-0.758	-0.681	-0.582	-0.697	-0.684	-0.538	-0.548	-0.809	-0.674	-0.579	-0.592	-0.637	-0.849	-0.815	-0.855	-0.917	-0.833	-0.877	-0.802	-0.763	-0.536	-0.896	-0.883	-0.895	-0.887	-0.849	-0.759	-0.789	-0.953	-0.790	-0.799	-0.804	-0.808	-0.891	-0.874	-0.801	-0.815	-0.925	-0.914	-0.913	-0.929	-0.933	-0.889	-0.880	-0.932	-0.844	-0.860	-0.867	-0.903	-0.830	-0.843	-0.837	-0.880	-0.908	-0.908	-0.921	-0.923	
rs11748292     -0.861	-0.672	-0.567	-0.567	-0.567	-0.564	-0.446	-0.563	-0.560	-0.561	-0.566	-0.566	-0.566	-0.566	-0.566	-0.566	-0.566	-0.566	-0.567	-0.571	-0.574	-0.769	-0.601	-0.772	-0.631	-0.634	-0.619	-0.826	-0.535	-0.521	-0.598	-0.468	-0.668	-0.949	-0.949	-0.952	-0.952	-0.953	-0.692	-0.677	-0.953	-0.727	-0.727	-0.727	-0.726	-0.720	-0.796	-0.740	-0.631	-0.721	-0.953	-0.950	-0.951	-0.594	-0.681	-0.954	-0.954	-0.954	-0.952	-0.953	-0.953	-0.954	-0.695	-0.690	-0.699	-0.530	-0.949	-0.531	-0.806	-0.903	-0.822	-0.945	-0.672	-0.709	-0.942	-0.688	-0.700	-0.670	-0.660	-0.884	-0.915	-0.950	-0.872	-0.952	-0.905	-0.951	-0.951	-0.856	-0.950	-0.847	-0.878	-0.901	-0.878	-0.652	-0.898	-0.771	-0.770	-0.895	-0.769	-0.825	-0.812	-0.874	-0.877	-0.906	-0.840	-0.858	-0.858	-0.928	-0.850	-0.928	-0.846	-0.837	-0.935	-0.935	-0.758	-0.680	-0.581	-0.697	-0.684	-0.538	-0.548	-0.809	-0.673	-0.578	-0.592	-0.637	-0.849	-0.815	-0.855	-0.917	-0.833	-0.877	-0.802	-0.763	-0.536	-0.896	-0.883	-0.895	-0.887	-0.849	-0.759	-0.789	-0.953	-0.790	-0.799	-0.804	-0.808	-0.891	-0.873	-0.801	-0.815	-0.925	-0.914	-0.913	-0.929	-0.933	-0.889	-0.880	-0.932	-0.844	-0.860	-0.867	-0.903	-0.830	-0.843	-0.837	-0.880	-0.908	-0.908	-0.921	-0.923	
rs12374568     -0.860	-0.671	-0.566	-0.566	-0.565	-0.563	-0.563	-0.445	-0.559	-0.560	-0.564	-0.564	-0.564	-0.564	-0.564	-0.564	-0.564	-0.564	-0.566	-0.570	-0.572	-0.768	-0.601	-0.772	-0.631	-0.633	-0.619	-0.825	-0.533	-0.520	-0.597	-0.468	-0.667	-0.948	-0.949	-0.952	-0.952	-0.952	-0.692	-0.676	-0.952	-0.726	-0.726	-0.726	-0.726	-0.719	-0.796	-0.739	-0.630	-0.720	-0.952	-0.949	-0.950	-0.593	-0.680	-0.953	-0.953	-0.953	-0.951	-0.952	-0.952	-0.953	-0.694	-0.689	-0.699	-0.529	-0.948	-0.530	-0.805	-0.902	-0.822	-0.944	-0.672	-0.709	-0.942	-0.687	-0.699	-0.669	-0.659	-0.884	-0.914	-0.949	-0.871	-0.952	-0.904	-0.951	-0.950	-0.856	-0.949	-0.846	-0.877	-0.900	-0.878	-0.651	-0.897	-0.770	-0.769	-0.894	-0.768	-0.824	-0.811	-0.873	-0.876	-0.905	-0.839	-0.857	-0.858	-0.928	-0.850	-0.928	-0.845	-0.836	-0.934	-0.935	-0.758	-0.680	-0.581	-0.696	-0.684	-0.537	-0.547	-0.808	-0.673	-0.578	-0.591	-0.636	-0.848	-0.814	-0.854	-0.916	-0.832	-0.876	-0.801	-0.762	-0.535	-0.896	-0.882	-0.894	-0.886	-0.848	-0.758	-0.788	-0.952	-0.790	-0.799	-0.803	-0.807	-0.890	-0.873	-0.800	-0.814	-0.924	-0.913	-0.912	-0.928	-0.932	-0.888	-0.879	-0.931	-0.843	-0.859	-0.867	-0.902	-0.829	-0.843	-0.836	-0.879	-0.907	-0.907	-0.920	-0.922	
rs11749280     -0.856	-0.670	-0.560	-0.560	-0.560	-0.559	-0.560	-0.559	-0.440	-0.560	-0.558	-0.558	-0.558	-0.557	-0.557	-0.557	-0.556	-0.556	-0.557	-0.563	-0.566	-0.764	-0.601	-0.766	-0.628	-0.631	-0.618	-0.819	-0.524	-0.516	-0.594	-0.464	-0.662	-0.944	-0.944	-0.947	-0.947	-0.947	-0.685	-0.670	-0.948	-0.720	-0.720	-0.719	-0.719	-0.712	-0.790	-0.733	-0.623	-0.714	-0.947	-0.945	-0.945	-0.587	-0.674	-0.948	-0.948	-0.948	-0.946	-0.948	-0.947	-0.948	-0.688	-0.683	-0.692	-0.522	-0.944	-0.524	-0.799	-0.898	-0.817	-0.940	-0.671	-0.704	-0.937	-0.682	-0.694	-0.663	-0.654	-0.878	-0.910	-0.945	-0.865	-0.947	-0.900	-0.946	-0.945	-0.850	-0.944	-0.841	-0.872	-0.896	-0.873	-0.648	-0.893	-0.765	-0.764	-0.890	-0.763	-0.820	-0.806	-0.869	-0.872	-0.901	-0.834	-0.852	-0.852	-0.922	-0.844	-0.922	-0.839	-0.831	-0.929	-0.930	-0.753	-0.674	-0.574	-0.690	-0.678	-0.530	-0.540	-0.803	-0.666	-0.571	-0.584	-0.629	-0.843	-0.808	-0.849	-0.911	-0.826	-0.871	-0.795	-0.756	-0.530	-0.891	-0.877	-0.889	-0.881	-0.843	-0.753	-0.783	-0.947	-0.785	-0.794	-0.798	-0.802	-0.885	-0.868	-0.795	-0.809	-0.919	-0.908	-0.907	-0.923	-0.927	-0.883	-0.874	-0.926	-0.838	-0.855	-0.862	-0.897	-0.824	-0.837	-0.831	-0.875	-0.903	-0.903	-0.915	-0.917	
rs12652219     -0.856	-0.670	-0.562	-0.562	-0.562	-0.561	-0.561	-0.560	-0.560	-0.440	-0.559	-0.558	-0.558	-0.558	-0.557	-0.557	-0.557	-0.556	-0.558	-0.563	-0.566	-0.764	-0.601	-0.766	-0.628	-0.630	-0.617	-0.819	-0.524	-0.516	-0.593	-0.464	-0.662	-0.944	-0.944	-0.947	-0.947	-0.947	-0.686	-0.670	-0.948	-0.720	-0.720	-0.720	-0.720	-0.713	-0.790	-0.733	-0.624	-0.714	-0.947	-0.944	-0.945	-0.587	-0.674	-0.948	-0.948	-0.948	-0.946	-0.948	-0.947	-0.948	-0.688	-0.684	-0.693	-0.523	-0.944	-0.524	-0.799	-0.898	-0.817	-0.940	-0.671	-0.704	-0.937	-0.682	-0.694	-0.663	-0.654	-0.879	-0.910	-0.945	-0.866	-0.947	-0.900	-0.946	-0.945	-0.851	-0.944	-0.841	-0.872	-0.896	-0.873	-0.648	-0.893	-0.765	-0.764	-0.890	-0.763	-0.820	-0.806	-0.869	-0.872	-0.901	-0.834	-0.852	-0.852	-0.922	-0.844	-0.922	-0.839	-0.832	-0.929	-0.930	-0.753	-0.674	-0.574	-0.690	-0.678	-0.530	-0.540	-0.803	-0.666	-0.571	-0.584	-0.629	-0.843	-0.808	-0.849	-0.911	-0.826	-0.871	-0.795	-0.756	-0.530	-0.891	-0.877	-0.889	-0.881	-0.843	-0.753	-0.783	-0.947	-0.785	-0.794	-0.798	-0.802	-0.885	-0.868	-0.795	-0.809	-0.919	-0.909	-0.907	-0.923	-0.927	-0.883	-0.874	-0.926	-0.838	-0.855	-0.862	-0.897	-0.824	-0.838	-0.831	-0.875	-0.903	-0.903	-0.915	-0.917	
rs13168912     -0.865	-0.672	-0.572	-0.571	-0.571	-0.565	-0.566	-0.564	-0.558	-0.559	-0.451	-0.569	-0.569	-0.569	-0.569	-0.569	-0.570	-0.570	-0.572	-0.575	-0.578	-0.773	-0.600	-0.777	-0.633	-0.635	-0.619	-0.832	-0.544	-0.524	-0.601	-0.472	-0.673	-0.953	-0.954	-0.957	-0.957	-0.957	-0.698	-0.683	-0.957	-0.733	-0.733	-0.732	-0.732	-0.726	-0.802	-0.746	-0.637	-0.727	-0.957	-0.954	-0.955	-0.600	-0.687	-0.958	-0.958	-0.958	-0.956	-0.957	-0.957	-0.958	-0.700	-0.696	-0.705	-0.536	-0.953	-0.537	-0.812	-0.906	-0.827	-0.949	-0.673	-0.714	-0.946	-0.692	-0.705	-0.675	-0.665	-0.889	-0.919	-0.954	-0.876	-0.957	-0.909	-0.956	-0.955	-0.861	-0.954	-0.851	-0.882	-0.905	-0.883	-0.655	-0.902	-0.776	-0.775	-0.899	-0.774	-0.828	-0.817	-0.877	-0.880	-0.910	-0.845	-0.863	-0.864	-0.933	-0.856	-0.933	-0.851	-0.842	-0.939	-0.940	-0.763	-0.686	-0.587	-0.702	-0.690	-0.545	-0.555	-0.813	-0.680	-0.585	-0.598	-0.643	-0.853	-0.820	-0.860	-0.921	-0.838	-0.882	-0.807	-0.768	-0.541	-0.901	-0.888	-0.899	-0.892	-0.853	-0.764	-0.793	-0.957	-0.795	-0.804	-0.808	-0.812	-0.895	-0.878	-0.805	-0.820	-0.929	-0.918	-0.917	-0.933	-0.937	-0.893	-0.884	-0.936	-0.848	-0.864	-0.872	-0.907	-0.834	-0.848	-0.842	-0.884	-0.912	-0.912	-0.925	-0.927	
rs34546912     -0.865	-0.672	-0.572	-0.572	-0.571	-0.565	-0.566	-0.564	-0.558	-0.558	-0.569	-0.451	-0.569	-0.569	-0.570	-0.570	-0.570	-0.571	-0.572	-0.575	-0.578	-0.773	-0.600	-0.777	-0.633	-0.636	-0.619	-0.832	-0.545	-0.524	-0.601	-0.472	-0.674	-0.954	-0.954	-0.957	-0.957	-0.957	-0.699	-0.683	-0.958	-0.733	-0.734	-0.733	-0.733	-0.726	-0.803	-0.747	-0.638	-0.728	-0.957	-0.954	-0.955	-0.601	-0.687	-0.958	-0.958	-0.958	-0.956	-0.958	-0.957	-0.959	-0.701	-0.696	-0.706	-0.537	-0.954	-0.538	-0.813	-0.907	-0.827	-0.949	-0.673	-0.714	-0.947	-0.693	-0.705	-0.675	-0.666	-0.889	-0.919	-0.954	-0.877	-0.957	-0.909	-0.956	-0.955	-0.862	-0.954	-0.852	-0.883	-0.905	-0.883	-0.655	-0.902	-0.776	-0.775	-0.899	-0.774	-0.829	-0.817	-0.878	-0.881	-0.911	-0.845	-0.863	-0.864	-0.933	-0.856	-0.933	-0.851	-0.842	-0.940	-0.940	-0.763	-0.687	-0.588	-0.703	-0.690	-0.545	-0.555	-0.814	-0.680	-0.585	-0.599	-0.644	-0.854	-0.820	-0.861	-0.922	-0.838	-0.882	-0.808	-0.769	-0.542	-0.901	-0.888	-0.900	-0.892	-0.854	-0.764	-0.794	-0.958	-0.795	-0.804	-0.809	-0.813	-0.895	-0.878	-0.806	-0.820	-0.929	-0.918	-0.917	-0.933	-0.937	-0.894	-0.884	-0.937	-0.848	-0.864	-0.872	-0.907	-0.835	-0.848	-0.842	-0.885	-0.913	-0.913	-0.926	-0.928	
rs35371171     -0.865	-0.672	-0.572	-0.571	-0.571	-0.565	-0.566	-0.564	-0.558	-0.558	-0.569	-0.569	-0.451	-0.569	-0.570	-0.570	-0.570	-0.570	-0.572	-0.575	-0.578	-0.773	-0.600	-0.777	-0.633	-0.635	-0.619	-0.832	-0.545	-0.524	-0.601	-0.472	-0.674	-0.954	-0.954	-0.957	-0.957	-0.957	-0.698	-0.683	-0.958	-0.733	-0.733	-0.733	-0.733	-0.726	-0.803	-0.746	-0.638	-0.728	-0.957	-0.954	-0.955	-0.601	-0.687	-0.958	-0.958	-0.958	-0.956	-0.958	-0.957	-0.959	-0.701	-0.696	-0.706	-0.537	-0.953	-0.537	-0.812	-0.906	-0.827	-0.949	-0.673	-0.714	-0.947	-0.693	-0.705	-0.675	-0.666	-0.889	-0.919	-0.954	-0.877	-0.957	-0.909	-0.956	-0.955	-0.862	-0.954	-0.852	-0.882	-0.905	-0.883	-0.655	-0.902	-0.776	-0.775	-0.899	-0.774	-0.829	-0.817	-0.877	-0.881	-0.911	-0.845	-0.863	-0.864	-0.933	-0.856	-0.933	-0.851	-0.842	-0.940	-0.940	-0.763	-0.686	-0.588	-0.703	-0.690	-0.545	-0.555	-0.814	-0.680	-0.585	-0.599	-0.643	-0.854	-0.820	-0.860	-0.922	-0.838	-0.882	-0.808	-0.769	-0.542	-0.901	-0.888	-0.900	-0.892	-0.854	-0.764	-0.794	-0.958	-0.795	-0.804	-0.809	-0.812	-0.895	-0.878	-0.805	-0.820	-0.929	-0.918	-0.917	-0.933	-0.937	-0.894	-0.884	-0.937	-0.848	-0.864	-0.872	-0.907	-0.835	-0.848	-0.842	-0.885	-0.912	-0.912	-0.925	-0.928	
rs148946067    -0.866	-0.672	-0.572	-0.572	-0.572	-0.565	-0.566	-0.564	-0.557	-0.558	-0.569	-0.569	-0.569	-0.452	-0.570	-0.570	-0.571	-0.571	-0.573	-0.575	-0.578	-0.773	-0.599	-0.778	-0.632	-0.635	-0.619	-0.833	-0.547	-0.525	-0.602	-0.473	-0.675	-0.954	-0.955	-0.958	-0.958	-0.958	-0.700	-0.684	-0.958	-0.734	-0.735	-0.734	-0.734	-0.727	-0.804	-0.748	-0.639	-0.729	-0.958	-0.955	-0.956	-0.602	-0.688	-0.959	-0.959	-0.959	-0.957	-0.959	-0.958	-0.960	-0.702	-0.697	-0.707	-0.538	-0.954	-0.539	-0.814	-0.907	-0.828	-0.950	-0.673	-0.715	-0.947	-0.693	-0.706	-0.676	-0.667	-0.890	-0.920	-0.955	-0.877	-0.958	-0.910	-0.957	-0.956	-0.862	-0.955	-0.853	-0.883	-0.906	-0.884	-0.655	-0.903	-0.777	-0.776	-0.900	-0.775	-0.829	-0.818	-0.878	-0.881	-0.911	-0.846	-0.864	-0.865	-0.934	-0.857	-0.934	-0.852	-0.843	-0.941	-0.941	-0.764	-0.688	-0.589	-0.704	-0.691	-0.546	-0.557	-0.815	-0.681	-0.587	-0.600	-0.645	-0.855	-0.821	-0.861	-0.923	-0.839	-0.883	-0.809	-0.770	-0.543	-0.902	-0.889	-0.901	-0.893	-0.855	-0.765	-0.795	-0.958	-0.796	-0.805	-0.809	-0.813	-0.896	-0.879	-0.806	-0.821	-0.930	-0.919	-0.918	-0.934	-0.938	-0.895	-0.885	-0.938	-0.849	-0.865	-0.873	-0.908	-0.836	-0.849	-0.843	-0.885	-0.913	-0.913	-0.926	-0.928	
rs8180512      -0.866	-0.672	-0.572	-0.572	-0.572	-0.565	-0.566	-0.564	-0.557	-0.557	-0.569	-0.570	-0.570	-0.570	-0.453	-0.570	-0.571	-0.571	-0.573	-0.575	-0.578	-0.774	-0.599	-0.778	-0.632	-0.635	-0.619	-0.834	-0.547	-0.525	-0.602	-0.473	-0.675	-0.955	-0.955	-0.958	-0.958	-0.958	-0.700	-0.685	-0.959	-0.735	-0.735	-0.734	-0.734	-0.728	-0.804	-0.748	-0.640	-0.729	-0.959	-0.955	-0.956	-0.602	-0.689	-0.959	-0.959	-0.960	-0.957	-0.959	-0.958	-0.960	-0.702	-0.698	-0.707	-0.538	-0.955	-0.539	-0.814	-0.907	-0.828	-0.950	-0.673	-0.715	-0.948	-0.694	-0.706	-0.677	-0.667	-0.890	-0.920	-0.955	-0.878	-0.958	-0.910	-0.957	-0.956	-0.863	-0.955	-0.853	-0.884	-0.906	-0.884	-0.655	-0.903	-0.777	-0.776	-0.900	-0.775	-0.830	-0.819	-0.878	-0.882	-0.912	-0.847	-0.865	-0.865	-0.935	-0.857	-0.934	-0.852	-0.843	-0.941	-0.941	-0.764	-0.688	-0.590	-0.704	-0.692	-0.547	-0.557	-0.815	-0.682	-0.587	-0.601	-0.645	-0.855	-0.822	-0.862	-0.923	-0.840	-0.883	-0.809	-0.770	-0.543	-0.903	-0.890	-0.901	-0.893	-0.855	-0.765	-0.795	-0.959	-0.796	-0.805	-0.810	-0.814	-0.897	-0.880	-0.807	-0.821	-0.931	-0.920	-0.918	-0.935	-0.939	-0.895	-0.886	-0.938	-0.850	-0.865	-0.873	-0.909	-0.836	-0.849	-0.843	-0.886	-0.914	-0.914	-0.927	-0.929	
rs7444015      -0.866	-0.672	-0.573	-0.572	-0.572	-0.565	-0.566	-0.564	-0.557	-0.557	-0.569	-0.570	-0.570	-0.570	-0.570	-0.453	-0.571	-0.571	-0.573	-0.575	-0.578	-0.774	-0.599	-0.778	-0.632	-0.635	-0.619	-0.834	-0.548	-0.525	-0.602	-0.473	-0.675	-0.955	-0.955	-0.958	-0.958	-0.959	-0.700	-0.685	-0.959	-0.735	-0.735	-0.735	-0.734	-0.728	-0.804	-0.748	-0.640	-0.729	-0.959	-0.956	-0.956	-0.603	-0.689	-0.960	-0.960	-0.960	-0.958	-0.959	-0.959	-0.960	-0.702	-0.698	-0.707	-0.539	-0.955	-0.539	-0.814	-0.907	-0.828	-0.950	-0.673	-0.715	-0.948	-0.694	-0.706	-0.677	-0.667	-0.891	-0.920	-0.956	-0.878	-0.958	-0.910	-0.957	-0.956	-0.863	-0.955	-0.853	-0.884	-0.906	-0.884	-0.655	-0.903	-0.777	-0.776	-0.900	-0.776	-0.830	-0.819	-0.879	-0.882	-0.912	-0.847	-0.865	-0.865	-0.935	-0.857	-0.935	-0.853	-0.843	-0.941	-0.942	-0.765	-0.688	-0.590	-0.704	-0.692	-0.547	-0.557	-0.815	-0.682	-0.587	-0.601	-0.645	-0.855	-0.822	-0.862	-0.923	-0.840	-0.883	-0.809	-0.770	-0.543	-0.903	-0.890	-0.901	-0.893	-0.855	-0.765	-0.795	-0.959	-0.797	-0.806	-0.810	-0.814	-0.897	-0.880	-0.807	-0.821	-0.931	-0.920	-0.918	-0.935	-0.939	-0.895	-0.886	-0.938	-0.850	-0.865	-0.873	-0.909	-0.836	-0.849	-0.843	-0.886	-0.914	-0.914	-0.927	-0.929	
rs66584056     -0.867	-0.672	-0.573	-0.573	-0.573	-0.565	-0.566	-0.564	-0.556	-0.557	-0.570	-0.570	-0.570	-0.571	-0.571	-0.571	-0.454	-0.572	-0.573	-0.575	-0.578	-0.774	-0.598	-0.779	-0.632	-0.635	-0.618	-0.835	-0.549	-0.526	-0.603	-0.474	-0.676	-0.956	-0.956	-0.959	-0.959	-0.959	-0.701	-0.686	-0.960	-0.736	-0.736	-0.736	-0.735	-0.729	-0.805	-0.749	-0.641	-0.730	-0.959	-0.956	-0.957	-0.604	-0.690	-0.960	-0.960	-0.960	-0.958	-0.960	-0.959	-0.961	-0.703	-0.699	-0.708	-0.540	-0.955	-0.540	-0.815	-0.908	-0.829	-0.951	-0.673	-0.716	-0.948	-0.695	-0.707	-0.678	-0.668	-0.891	-0.921	-0.956	-0.879	-0.959	-0.911	-0.958	-0.957	-0.864	-0.956	-0.854	-0.885	-0.907	-0.885	-0.656	-0.904	-0.778	-0.777	-0.901	-0.776	-0.830	-0.820	-0.879	-0.882	-0.913	-0.848	-0.866	-0.866	-0.935	-0.858	-0.935	-0.853	-0.844	-0.942	-0.942	-0.765	-0.689	-0.591	-0.705	-0.693	-0.548	-0.559	-0.816	-0.683	-0.588	-0.602	-0.646	-0.856	-0.823	-0.863	-0.924	-0.841	-0.884	-0.810	-0.771	-0.544	-0.904	-0.890	-0.902	-0.894	-0.856	-0.766	-0.796	-0.960	-0.797	-0.806	-0.811	-0.815	-0.897	-0.880	-0.807	-0.822	-0.931	-0.920	-0.919	-0.935	-0.939	-0.896	-0.886	-0.939	-0.850	-0.866	-0.874	-0.909	-0.837	-0.850	-0.844	-0.887	-0.914	-0.914	-0.928	-0.930	
rs12188176     -0.867	-0.672	-0.573	-0.573	-0.573	-0.565	-0.566	-0.564	-0.556	-0.556	-0.570	-0.571	-0.570	-0.571	-0.571	-0.571	-0.572	-0.454	-0.573	-0.574	-0.578	-0.774	-0.597	-0.779	-0.631	-0.635	-0.618	-0.836	-0.550	-0.526	-0.603	-0.474	-0.677	-0.956	-0.957	-0.959	-0.960	-0.960	-0.702	-0.686	-0.960	-0.737	-0.737	-0.736	-0.736	-0.729	-0.806	-0.750	-0.642	-0.731	-0.960	-0.957	-0.958	-0.604	-0.690	-0.961	-0.961	-0.961	-0.959	-0.960	-0.960	-0.961	-0.704	-0.700	-0.709	-0.540	-0.956	-0.541	-0.816	-0.908	-0.829	-0.952	-0.673	-0.716	-0.949	-0.695	-0.708	-0.678	-0.669	-0.892	-0.921	-0.957	-0.879	-0.959	-0.911	-0.958	-0.958	-0.864	-0.956	-0.854	-0.885	-0.907	-0.886	-0.656	-0.904	-0.779	-0.778	-0.901	-0.777	-0.831	-0.820	-0.879	-0.883	-0.913	-0.848	-0.866	-0.867	-0.936	-0.859	-0.936	-0.854	-0.844	-0.942	-0.943	-0.766	-0.690	-0.592	-0.706	-0.694	-0.549	-0.559	-0.816	-0.683	-0.589	-0.603	-0.647	-0.856	-0.823	-0.863	-0.924	-0.841	-0.885	-0.811	-0.772	-0.545	-0.904	-0.891	-0.902	-0.895	-0.856	-0.766	-0.796	-0.960	-0.798	-0.807	-0.811	-0.815	-0.898	-0.881	-0.808	-0.822	-0.932	-0.921	-0.919	-0.936	-0.940	-0.896	-0.887	-0.939	-0.851	-0.866	-0.875	-0.910	-0.837	-0.851	-0.845	-0.887	-0.915	-0.915	-0.928	-0.930	
rs66702892     -0.867	-0.672	-0.575	-0.575	-0.575	-0.567	-0.567	-0.566	-0.557	-0.558	-0.572	-0.572	-0.572	-0.573	-0.573	-0.573	-0.573	-0.573	-0.454	-0.572	-0.575	-0.774	-0.594	-0.779	-0.629	-0.633	-0.616	-0.836	-0.551	-0.526	-0.603	-0.474	-0.677	-0.956	-0.957	-0.959	-0.960	-0.960	-0.702	-0.687	-0.960	-0.737	-0.737	-0.737	-0.736	-0.730	-0.806	-0.750	-0.642	-0.731	-0.960	-0.957	-0.958	-0.605	-0.691	-0.961	-0.961	-0.961	-0.959	-0.960	-0.960	-0.961	-0.704	-0.700	-0.709	-0.541	-0.956	-0.541	-0.816	-0.908	-0.829	-0.952	-0.672	-0.716	-0.949	-0.695	-0.708	-0.678	-0.669	-0.892	-0.921	-0.957	-0.879	-0.960	-0.911	-0.958	-0.958	-0.864	-0.956	-0.855	-0.885	-0.907	-0.886	-0.655	-0.904	-0.779	-0.778	-0.901	-0.777	-0.830	-0.820	-0.879	-0.883	-0.913	-0.848	-0.866	-0.867	-0.936	-0.859	-0.936	-0.854	-0.844	-0.942	-0.943	-0.766	-0.690	-0.592	-0.706	-0.694	-0.550	-0.560	-0.816	-0.684	-0.590	-0.603	-0.647	-0.857	-0.823	-0.864	-0.925	-0.842	-0.885	-0.811	-0.772	-0.545	-0.904	-0.891	-0.903	-0.895	-0.857	-0.767	-0.796	-0.960	-0.798	-0.807	-0.811	-0.815	-0.898	-0.881	-0.808	-0.823	-0.932	-0.921	-0.920	-0.936	-0.940	-0.896	-0.887	-0.939	-0.851	-0.866	-0.875	-0.910	-0.838	-0.851	-0.845	-0.887	-0.915	-0.915	-0.928	-0.930	
rs72730786     -0.865	-0.672	-0.577	-0.577	-0.577	-0.571	-0.571	-0.570	-0.563	-0.563	-0.575	-0.575	-0.575	-0.575	-0.575	-0.575	-0.575	-0.574	-0.572	-0.451	-0.571	-0.771	-0.591	-0.775	-0.626	-0.629	-0.613	-0.832	-0.545	-0.524	-0.601	-0.471	-0.674	-0.953	-0.954	-0.956	-0.957	-0.957	-0.699	-0.683	-0.957	-0.734	-0.734	-0.733	-0.733	-0.726	-0.802	-0.747	-0.638	-0.728	-0.957	-0.954	-0.955	-0.601	-0.687	-0.958	-0.958	-0.958	-0.956	-0.957	-0.957	-0.958	-0.701	-0.697	-0.706	-0.537	-0.953	-0.538	-0.812	-0.906	-0.826	-0.949	-0.671	-0.714	-0.946	-0.692	-0.705	-0.675	-0.666	-0.889	-0.919	-0.954	-0.877	-0.957	-0.909	-0.956	-0.955	-0.862	-0.954	-0.852	-0.882	-0.905	-0.883	-0.653	-0.902	-0.776	-0.775	-0.899	-0.774	-0.828	-0.817	-0.877	-0.880	-0.910	-0.845	-0.863	-0.864	-0.933	-0.856	-0.933	-0.851	-0.842	-0.940	-0.940	-0.763	-0.686	-0.589	-0.703	-0.690	-0.546	-0.556	-0.814	-0.680	-0.586	-0.599	-0.643	-0.854	-0.820	-0.860	-0.922	-0.838	-0.882	-0.808	-0.769	-0.542	-0.901	-0.888	-0.900	-0.892	-0.854	-0.764	-0.794	-0.958	-0.795	-0.804	-0.808	-0.812	-0.895	-0.878	-0.805	-0.820	-0.929	-0.918	-0.917	-0.933	-0.937	-0.894	-0.884	-0.937	-0.848	-0.864	-0.872	-0.907	-0.835	-0.848	-0.842	-0.884	-0.912	-0.912	-0.925	-0.928	
rs72730787     -0.865	-0.672	-0.580	-0.580	-0.580	-0.574	-0.574	-0.572	-0.566	-0.566	-0.578	-0.578	-0.578	-0.578	-0.578	-0.578	-0.578	-0.578	-0.575	-0.571	-0.452	-0.771	-0.589	-0.775	-0.624	-0.628	-0.612	-0.833	-0.545	-0.524	-0.601	-0.471	-0.674	-0.953	-0.954	-0.957	-0.957	-0.957	-0.699	-0.684	-0.958	-0.734	-0.735	-0.734	-0.734	-0.727	-0.803	-0.748	-0.639	-0.729	-0.957	-0.954	-0.955	-0.602	-0.688	-0.958	-0.958	-0.958	-0.956	-0.958	-0.957	-0.959	-0.702	-0.697	-0.707	-0.538	-0.953	-0.539	-0.812	-0.906	-0.826	-0.949	-0.670	-0.714	-0.946	-0.693	-0.705	-0.676	-0.666	-0.890	-0.919	-0.954	-0.877	-0.957	-0.909	-0.956	-0.955	-0.862	-0.954	-0.852	-0.883	-0.905	-0.883	-0.653	-0.902	-0.777	-0.776	-0.899	-0.775	-0.828	-0.818	-0.877	-0.880	-0.911	-0.845	-0.863	-0.864	-0.933	-0.856	-0.933	-0.851	-0.842	-0.940	-0.940	-0.764	-0.687	-0.589	-0.703	-0.691	-0.547	-0.557	-0.814	-0.680	-0.587	-0.599	-0.644	-0.854	-0.820	-0.861	-0.922	-0.839	-0.882	-0.808	-0.770	-0.542	-0.902	-0.889	-0.900	-0.893	-0.854	-0.764	-0.794	-0.958	-0.795	-0.804	-0.809	-0.813	-0.896	-0.879	-0.806	-0.820	-0.930	-0.919	-0.917	-0.934	-0.938	-0.894	-0.885	-0.937	-0.849	-0.864	-0.872	-0.908	-0.835	-0.848	-0.842	-0.885	-0.912	-0.912	-0.926	-0.928	
rs2562534      -0.912	-0.754	-0.772	-0.772	-0.772	-0.769	-0.769	-0.768	-0.764	-0.764	-0.773	-0.773	-0.773	-0.773	-0.774	-0.774	-0.774	-0.774	-0.774	-0.771	-0.771	-0.509	-0.687	-0.629	-0.718	-0.721	-0.697	-0.894	-0.611	-0.575	-0.630	-0.522	-0.727	-1.007	-1.008	-1.009	-1.016	-1.010	-0.754	-0.738	-1.010	-0.811	-0.812	-0.811	-0.811	-0.805	-0.864	-0.824	-0.724	-0.806	-1.011	-1.007	-1.007	-0.654	-0.743	-1.011	-1.011	-1.011	-1.009	-1.010	-1.010	-1.012	-0.756	-0.752	-0.761	-0.590	-1.005	-0.589	-0.876	-0.956	-0.878	-1.001	-0.723	-0.745	-0.998	-0.734	-0.765	-0.742	-0.733	-0.943	-0.970	-1.005	-0.931	-1.008	-0.959	-1.007	-1.006	-0.916	-1.005	-0.907	-0.934	-0.955	-0.935	-0.705	-0.952	-0.832	-0.831	-0.949	-0.830	-0.878	-0.873	-0.927	-0.930	-0.963	-0.898	-0.916	-0.917	-0.985	-0.909	-0.985	-0.904	-0.893	-0.991	-0.992	-0.813	-0.743	-0.648	-0.759	-0.746	-0.619	-0.629	-0.868	-0.745	-0.658	-0.668	-0.710	-0.907	-0.884	-0.922	-0.980	-0.903	-0.942	-0.874	-0.838	-0.605	-0.955	-0.942	-0.954	-0.946	-0.908	-0.816	-0.846	-1.009	-0.847	-0.856	-0.860	-0.864	-0.947	-0.929	-0.858	-0.872	-0.981	-0.970	-0.968	-0.985	-0.989	-0.946	-0.936	-0.988	-0.901	-0.914	-0.923	-0.959	-0.887	-0.900	-0.894	-0.936	-0.963	-0.963	-0.978	-0.980	
rs13166425     -0.802	-0.662	-0.601	-0.601	-0.601	-0.601	-0.601	-0.601	-0.601	-0.601	-0.600	-0.600	-0.600	-0.599	-0.599	-0.599	-0.598	-0.597	-0.594	-0.591	-0.589	-0.687	-0.377	-0.682	-0.478	-0.471	-0.530	-0.757	-0.459	-0.460	-0.539	-0.407	-0.606	-0.889	-0.889	-0.892	-0.892	-0.892	-0.627	-0.611	-0.893	-0.661	-0.661	-0.660	-0.660	-0.653	-0.727	-0.674	-0.563	-0.655	-0.891	-0.890	-0.891	-0.525	-0.615	-0.893	-0.893	-0.893	-0.891	-0.893	-0.893	-0.893	-0.629	-0.624	-0.634	-0.459	-0.890	-0.463	-0.737	-0.846	-0.768	-0.886	-0.633	-0.646	-0.883	-0.624	-0.644	-0.619	-0.611	-0.825	-0.855	-0.888	-0.812	-0.889	-0.846	-0.888	-0.888	-0.798	-0.887	-0.788	-0.812	-0.842	-0.813	-0.595	-0.839	-0.713	-0.712	-0.837	-0.711	-0.768	-0.754	-0.816	-0.819	-0.845	-0.765	-0.785	-0.786	-0.860	-0.777	-0.860	-0.772	-0.769	-0.868	-0.869	-0.679	-0.597	-0.491	-0.614	-0.601	-0.462	-0.472	-0.741	-0.602	-0.503	-0.518	-0.564	-0.782	-0.749	-0.790	-0.852	-0.766	-0.811	-0.734	-0.696	-0.475	-0.833	-0.820	-0.831	-0.823	-0.785	-0.697	-0.727	-0.891	-0.729	-0.737	-0.742	-0.746	-0.829	-0.812	-0.738	-0.753	-0.864	-0.854	-0.853	-0.867	-0.872	-0.827	-0.817	-0.869	-0.782	-0.803	-0.806	-0.841	-0.768	-0.781	-0.775	-0.821	-0.849	-0.849	-0.859	-0.861	
rs2731888      -0.923	-0.752	-0.776	-0.776	-0.776	-0.772	-0.772	-0.772	-0.766	-0.766	-0.777	-0.777	-0.777	-0.778	-0.778	-0.778	-0.779	-0.779	-0.779	-0.775	-0.775	-0.629	-0.682	-0.520	-0.717	-0.721	-0.695	-0.909	-0.639	-0.582	-0.644	-0.530	-0.740	-1.017	-1.018	-1.020	-1.026	-1.020	-0.769	-0.754	-1.021	-0.822	-0.822	-0.822	-0.822	-0.815	-0.879	-0.834	-0.735	-0.817	-1.021	-1.017	-1.018	-0.671	-0.758	-1.022	-1.022	-1.022	-1.019	-1.021	-1.020	-1.023	-0.771	-0.767	-0.776	-0.608	-1.015	-0.606	-0.891	-0.963	-0.887	-1.010	-0.727	-0.760	-1.008	-0.747	-0.776	-0.752	-0.744	-0.954	-0.980	-1.015	-0.943	-1.018	-0.968	-1.017	-1.016	-0.928	-1.015	-0.918	-0.945	-0.964	-0.946	-0.709	-0.961	-0.844	-0.843	-0.958	-0.842	-0.885	-0.885	-0.935	-0.938	-0.973	-0.912	-0.929	-0.930	-0.997	-0.922	-0.997	-0.917	-0.904	-1.003	-1.003	-0.825	-0.757	-0.664	-0.773	-0.761	-0.635	-0.645	-0.879	-0.760	-0.673	-0.684	-0.726	-0.919	-0.897	-0.933	-0.992	-0.914	-0.954	-0.886	-0.851	-0.617	-0.966	-0.955	-0.966	-0.958	-0.919	-0.827	-0.857	-1.020	-0.858	-0.867	-0.872	-0.876	-0.958	-0.941	-0.869	-0.883	-0.991	-0.980	-0.979	-0.996	-0.999	-0.956	-0.947	-1.000	-0.912	-0.924	-0.935	-0.970	-0.898	-0.911	-0.905	-0.946	-0.973	-0.973	-0.989	-0.991	
rs35659611     -0.828	-0.681	-0.633	-0.633	-0.633	-0.631	-0.631	-0.631	-0.628	-0.628	-0.633	-0.633	-0.633	-0.632	-0.632	-0.632	-0.632	-0.631	-0.629	-0.626	-0.624	-0.718	-0.478	-0.717	-0.409	-0.522	-0.544	-0.793	-0.509	-0.486	-0.564	-0.433	-0.638	-0.917	-0.917	-0.920	-0.920	-0.920	-0.661	-0.645	-0.921	-0.695	-0.695	-0.695	-0.695	-0.688	-0.763	-0.708	-0.600	-0.690	-0.920	-0.918	-0.919	-0.561	-0.649	-0.921	-0.921	-0.921	-0.920	-0.921	-0.921	-0.922	-0.663	-0.658	-0.668	-0.496	-0.917	-0.499	-0.772	-0.871	-0.798	-0.913	-0.647	-0.675	-0.910	-0.653	-0.673	-0.649	-0.640	-0.854	-0.882	-0.915	-0.842	-0.917	-0.873	-0.916	-0.915	-0.827	-0.914	-0.817	-0.841	-0.868	-0.842	-0.616	-0.866	-0.743	-0.742	-0.863	-0.741	-0.793	-0.783	-0.841	-0.844	-0.874	-0.799	-0.818	-0.818	-0.891	-0.810	-0.891	-0.805	-0.799	-0.898	-0.899	-0.712	-0.634	-0.530	-0.650	-0.638	-0.501	-0.512	-0.771	-0.638	-0.542	-0.556	-0.602	-0.812	-0.782	-0.822	-0.883	-0.798	-0.842	-0.768	-0.730	-0.506	-0.863	-0.850	-0.861	-0.854	-0.815	-0.726	-0.756	-0.920	-0.758	-0.766	-0.771	-0.775	-0.857	-0.841	-0.767	-0.782	-0.892	-0.881	-0.880	-0.895	-0.900	-0.856	-0.846	-0.898	-0.811	-0.829	-0.835	-0.869	-0.797	-0.810	-0.804	-0.848	-0.876	-0.876	-0.888	-0.890	
rs55959609     -0.831	-0.682	-0.636	-0.636	-0.636	-0.634	-0.634	-0.633	-0.631	-0.630	-0.635	-0.636	-0.635	-0.635	-0.635	-0.635	-0.635	-0.635	-0.633	-0.629	-0.628	-0.721	-0.471	-0.721	-0.522	-0.412	-0.542	-0.797	-0.516	-0.488	-0.566	-0.435	-0.641	-0.920	-0.921	-0.923	-0.924	-0.924	-0.664	-0.649	-0.924	-0.699	-0.699	-0.699	-0.699	-0.692	-0.767	-0.712	-0.604	-0.694	-0.924	-0.921	-0.922	-0.565	-0.653	-0.925	-0.924	-0.925	-0.923	-0.924	-0.924	-0.925	-0.667	-0.662	-0.672	-0.501	-0.920	-0.503	-0.776	-0.874	-0.801	-0.916	-0.647	-0.678	-0.913	-0.657	-0.677	-0.652	-0.644	-0.857	-0.885	-0.918	-0.845	-0.920	-0.875	-0.919	-0.918	-0.830	-0.917	-0.821	-0.845	-0.871	-0.846	-0.617	-0.868	-0.746	-0.745	-0.866	-0.744	-0.796	-0.787	-0.844	-0.847	-0.877	-0.802	-0.821	-0.822	-0.894	-0.814	-0.894	-0.809	-0.802	-0.901	-0.902	-0.715	-0.638	-0.535	-0.655	-0.642	-0.506	-0.516	-0.775	-0.643	-0.546	-0.561	-0.606	-0.816	-0.786	-0.826	-0.886	-0.802	-0.846	-0.771	-0.734	-0.510	-0.866	-0.853	-0.865	-0.857	-0.818	-0.729	-0.759	-0.923	-0.761	-0.770	-0.774	-0.778	-0.861	-0.844	-0.771	-0.785	-0.895	-0.884	-0.883	-0.898	-0.903	-0.859	-0.849	-0.901	-0.814	-0.831	-0.838	-0.873	-0.800	-0.814	-0.807	-0.851	-0.879	-0.879	-0.891	-0.893	
rs2731891      -0.800	-0.667	-0.619	-0.620	-0.620	-0.619	-0.619	-0.619	-0.618	-0.617	-0.619	-0.619	-0.619	-0.619	-0.619	-0.619	-0.618	-0.618	-0.616	-0.613	-0.612	-0.697	-0.530	-0.695	-0.544	-0.542	-0.375	-0.760	-0.467	-0.463	-0.541	-0.411	-0.600	-0.887	-0.887	-0.890	-0.891	-0.891	-0.620	-0.604	-0.891	-0.655	-0.655	-0.655	-0.654	-0.647	-0.727	-0.669	-0.557	-0.649	-0.890	-0.888	-0.889	-0.526	-0.608	-0.892	-0.891	-0.892	-0.890	-0.891	-0.891	-0.892	-0.623	-0.618	-0.628	-0.461	-0.888	-0.465	-0.737	-0.844	-0.762	-0.884	-0.627	-0.647	-0.881	-0.625	-0.642	-0.617	-0.609	-0.821	-0.853	-0.887	-0.809	-0.888	-0.844	-0.887	-0.887	-0.793	-0.886	-0.784	-0.811	-0.840	-0.812	-0.589	-0.837	-0.708	-0.708	-0.835	-0.707	-0.766	-0.750	-0.814	-0.817	-0.844	-0.762	-0.782	-0.783	-0.858	-0.774	-0.858	-0.769	-0.768	-0.867	-0.867	-0.680	-0.592	-0.488	-0.609	-0.596	-0.459	-0.469	-0.740	-0.597	-0.501	-0.513	-0.559	-0.782	-0.746	-0.788	-0.850	-0.763	-0.808	-0.731	-0.693	-0.478	-0.830	-0.817	-0.829	-0.821	-0.783	-0.696	-0.727	-0.890	-0.728	-0.736	-0.741	-0.745	-0.828	-0.810	-0.737	-0.752	-0.862	-0.852	-0.851	-0.865	-0.871	-0.826	-0.816	-0.868	-0.782	-0.801	-0.804	-0.839	-0.765	-0.779	-0.773	-0.819	-0.847	-0.847	-0.858	-0.860	
rs62354588     -0.954	-0.842	-0.831	-0.831	-0.831	-0.826	-0.826	-0.825	-0.819	-0.819	-0.832	-0.832	-0.832	-0.833	-0.834	-0.834	-0.835	-0.836	-0.836	-0.832	-0.833	-0.894	-0.757	-0.909	-0.793	-0.797	-0.760	-0.555	-0.793	-0.641	-0.708	-0.590	-0.740	-0.970	-0.977	-0.977	-0.975	-0.980	-0.787	-0.771	-0.980	-0.835	-0.835	-0.835	-0.834	-0.828	-0.921	-0.848	-0.745	-0.830	-0.988	-0.971	-0.974	-0.680	-0.775	-0.983	-0.987	-0.984	-0.979	-0.976	-0.974	-0.990	-0.789	-0.785	-0.794	-0.610	-0.957	-0.597	-0.928	-0.830	-0.938	-0.948	-0.600	-0.797	-0.938	-0.773	-0.808	-0.790	-0.783	-0.952	-0.954	-1.030	-0.947	-1.039	-0.939	-1.037	-1.035	-0.929	-1.033	-0.919	-0.968	-0.933	-0.969	-0.732	-0.928	-0.834	-0.833	-0.923	-0.832	-0.809	-0.881	-0.889	-0.894	-0.973	-0.964	-0.977	-0.978	-1.030	-0.972	-1.030	-0.969	-0.925	-1.031	-1.031	-0.836	-0.831	-0.745	-0.846	-0.835	-0.718	-0.727	-0.901	-0.834	-0.748	-0.758	-0.803	-0.936	-0.938	-0.972	-1.027	-0.960	-0.994	-0.936	-0.900	-0.661	-1.005	-0.996	-1.006	-0.999	-0.953	-0.859	-0.888	-1.052	-0.889	-0.901	-0.905	-0.909	-0.988	-0.976	-0.900	-0.916	-1.021	-1.008	-1.007	-1.027	-1.030	-0.988	-0.979	-1.032	-0.944	-0.947	-0.968	-1.002	-0.934	-0.947	-0.941	-0.974	-1.000	-1.001	-1.021	-1.023	
rs9292633      -0.775	-0.493	-0.543	-0.543	-0.543	-0.535	-0.535	-0.533	-0.524	-0.524	-0.544	-0.545	-0.545	-0.547	-0.547	-0.548	-0.549	-0.550	-0.551	-0.545	-0.545	-0.611	-0.459	-0.639	-0.509	-0.516	-0.467	-0.793	-0.345	-0.544	-0.598	-0.504	-0.643	-0.627	-0.645	-0.636	-0.730	-0.646	-0.673	-0.661	-0.644	-0.676	-0.676	-0.676	-0.675	-0.670	-0.776	-0.687	-0.598	-0.671	-0.669	-0.640	-0.642	-0.613	-0.664	-0.652	-0.660	-0.653	-0.655	-0.636	-0.631	-0.669	-0.675	-0.671	-0.678	-0.571	-0.596	-0.561	-0.779	-0.521	-0.507	-0.588	-0.486	-0.621	-0.611	-0.593	-0.596	-0.597	-0.593	-0.709	-0.717	-0.761	-0.671	-0.772	-0.683	-0.766	-0.763	-0.645	-0.758	-0.633	-0.778	-0.674	-0.778	-0.440	-0.668	-0.521	-0.520	-0.662	-0.518	-0.536	-0.583	-0.618	-0.624	-0.746	-0.780	-0.785	-0.785	-0.802	-0.784	-0.802	-0.783	-0.735	-0.799	-0.797	-0.661	-0.689	-0.615	-0.701	-0.692	-0.596	-0.604	-0.715	-0.698	-0.620	-0.637	-0.675	-0.756	-0.710	-0.765	-0.829	-0.785	-0.806	-0.763	-0.733	-0.435	-0.819	-0.815	-0.823	-0.817	-0.761	-0.659	-0.688	-0.847	-0.690	-0.709	-0.712	-0.715	-0.783	-0.779	-0.699	-0.721	-0.824	-0.813	-0.811	-0.828	-0.836	-0.786	-0.776	-0.832	-0.737	-0.757	-0.772	-0.802	-0.743	-0.753	-0.748	-0.784	-0.811	-0.811	-0.819	-0.822	
rs34641347     -0.616	-0.530	-0.523	-0.523	-0.523	-0.521	-0.521	-0.520	-0.516	-0.516	-0.524	-0.524	-0.524	-0.525	-0.525	-0.525	-0.526	-0.526	-0.526	-0.524	-0.524	-0.575	-0.460	-0.582	-0.486	-0.488	-0.463	-0.641	-0.544	-0.177	-0.436	-0.231	-0.440	-0.624	-0.634	-0.628	-0.621	-0.633	-0.475	-0.460	-0.632	-0.527	-0.527	-0.526	-0.526	-0.520	-0.629	-0.538	-0.444	-0.522	-0.645	-0.632	-0.634	-0.439	-0.464	-0.637	-0.641	-0.637	-0.641	-0.628	-0.624	-0.645	-0.477	-0.473	-0.481	-0.392	-0.605	-0.387	-0.640	-0.573	-0.612	-0.596	-0.503	-0.472	-0.599	-0.445	-0.446	-0.413	-0.403	-0.468	-0.605	-0.603	-0.386	-0.618	-0.580	-0.612	-0.608	-0.348	-0.603	-0.333	-0.625	-0.572	-0.624	-0.417	-0.566	-0.187	-0.185	-0.561	-0.184	-0.456	-0.268	-0.523	-0.529	-0.621	-0.637	-0.642	-0.642	-0.663	-0.640	-0.663	-0.639	-0.594	-0.660	-0.659	-0.540	-0.547	-0.470	-0.558	-0.550	-0.444	-0.451	-0.575	-0.550	-0.470	-0.485	-0.523	-0.611	-0.578	-0.621	-0.681	-0.640	-0.658	-0.613	-0.583	-0.274	-0.669	-0.665	-0.673	-0.667	-0.615	-0.505	-0.534	-0.701	-0.535	-0.558	-0.561	-0.565	-0.638	-0.623	-0.548	-0.571	-0.677	-0.667	-0.666	-0.680	-0.690	-0.639	-0.628	-0.682	-0.583	-0.614	-0.621	-0.653	-0.588	-0.600	-0.594	-0.637	-0.673	-0.673	-0.660	-0.664	
rs7730843      -0.687	-0.590	-0.600	-0.600	-0.600	-0.598	-0.598	-0.597	-0.594	-0.593	-0.601	-0.601	-0.601	-0.602	-0.602	-0.602	-0.603	-0.603	-0.603	-0.601	-0.601	-0.630	-0.539	-0.644	-0.564	-0.566	-0.541	-0.708	-0.598	-0.436	-0.261	-0.394	-0.530	-0.676	-0.687	-0.681	-0.746	-0.686	-0.564	-0.551	-0.685	-0.532	-0.532	-0.531	-0.531	-0.524	-0.704	-0.546	-0.434	-0.526	-0.700	-0.685	-0.686	-0.518	-0.554	-0.690	-0.695	-0.691	-0.694	-0.681	-0.678	-0.701	-0.566	-0.562	-0.571	-0.472	-0.655	-0.467	-0.713	-0.612	-0.679	-0.646	-0.580	-0.528	-0.657	-0.502	-0.521	-0.487	-0.477	-0.538	-0.691	-0.683	-0.465	-0.697	-0.667	-0.692	-0.688	-0.428	-0.683	-0.413	-0.697	-0.659	-0.697	-0.493	-0.654	-0.267	-0.266	-0.649	-0.264	-0.541	-0.347	-0.614	-0.619	-0.704	-0.709	-0.715	-0.716	-0.737	-0.713	-0.737	-0.712	-0.668	-0.735	-0.733	-0.617	-0.613	-0.538	-0.625	-0.616	-0.511	-0.519	-0.650	-0.616	-0.538	-0.551	-0.591	-0.686	-0.661	-0.702	-0.754	-0.705	-0.726	-0.676	-0.642	-0.346	-0.740	-0.734	-0.743	-0.737	-0.686	-0.582	-0.611	-0.775	-0.613	-0.634	-0.637	-0.640	-0.713	-0.699	-0.624	-0.646	-0.752	-0.742	-0.741	-0.754	-0.763	-0.713	-0.702	-0.756	-0.659	-0.690	-0.695	-0.727	-0.661	-0.673	-0.668	-0.711	-0.747	-0.747	-0.735	-0.739	
rs13177646     -0.562	-0.478	-0.471	-0.471	-0.471	-0.468	-0.468	-0.468	-0.464	-0.464	-0.472	-0.472	-0.472	-0.473	-0.473	-0.473	-0.474	-0.474	-0.474	-0.471	-0.471	-0.522	-0.407	-0.530	-0.433	-0.435	-0.411	-0.590	-0.504	-0.231	-0.394	-0.119	-0.386	-0.563	-0.573	-0.567	-0.558	-0.572	-0.422	-0.408	-0.571	-0.475	-0.476	-0.475	-0.475	-0.469	-0.580	-0.487	-0.393	-0.471	-0.585	-0.573	-0.574	-0.392	-0.412	-0.576	-0.581	-0.576	-0.581	-0.567	-0.564	-0.585	-0.424	-0.420	-0.428	-0.346	-0.542	-0.341	-0.591	-0.514	-0.559	-0.534	-0.459	-0.420	-0.536	-0.392	-0.392	-0.358	-0.348	-0.401	-0.547	-0.540	-0.312	-0.556	-0.520	-0.550	-0.546	-0.272	-0.541	-0.257	-0.572	-0.512	-0.571	-0.365	-0.506	-0.106	-0.104	-0.501	-0.103	-0.393	-0.190	-0.462	-0.468	-0.565	-0.586	-0.590	-0.590	-0.608	-0.589	-0.608	-0.588	-0.542	-0.604	-0.602	-0.489	-0.502	-0.427	-0.513	-0.505	-0.400	-0.408	-0.523	-0.505	-0.426	-0.441	-0.479	-0.558	-0.524	-0.568	-0.629	-0.590	-0.607	-0.563	-0.534	-0.218	-0.618	-0.614	-0.622	-0.616	-0.562	-0.452	-0.480	-0.647	-0.482	-0.506	-0.509	-0.512	-0.585	-0.570	-0.494	-0.518	-0.625	-0.614	-0.613	-0.627	-0.637	-0.586	-0.575	-0.629	-0.529	-0.562	-0.568	-0.600	-0.535	-0.547	-0.542	-0.585	-0.622	-0.622	-0.606	-0.611	
