## Summary of overall evidence for association with region:
## log10(BF for region) = 0.594713
## p-value for region = NA

## BFs for choosing among multi-SNP models:
## log10(average 1-SNP BF) = 0.608842
## log10(average 2-SNP BF) = 0.564997

## Example posterior probabilities for multi-SNP models, based on default prior: [p(l) propto 0.5^l for l=1,2,...,L]
## posterior probability of 1-SNP = 0.688712
## posterior probability of 2-SNP = 0.311288

## log10(BF) for single SNP and pair of SNPs:
rs9964229      -0.050	-0.196	-0.167	-0.179	-0.167	-0.063	-0.230	-0.234	-0.300	-0.262	-0.320	-0.313	-0.180	-0.194	-0.278	-0.245	-0.258	-0.291	-0.308	-0.298	-0.300	-0.300	-0.300	-0.268	+0.756	+0.525	-0.226	+0.408	-0.237	+0.409	+0.409	+0.409	-0.231	+0.413	-0.312	-0.241	+0.439	-0.306	-0.304	-0.304	-0.304	-0.313	+0.426	-0.314	-0.320	-0.592	-0.222	-0.313	-0.314	-0.240	-0.220	-0.238	-0.239	-0.238	-0.237	-0.237	-0.235	-0.238	-0.195	-0.199	-0.197	-0.202	-0.185	+0.360	-0.147	-0.488	-0.097	-0.107	-0.102	-0.108	-0.514	-0.109	-0.505	-0.115	-0.105	-0.508	+1.205	-0.552	-0.193	+1.281	-0.192	-0.072	-0.072	-0.073	-0.073	-0.137	-0.136	+1.475	+1.474	+1.413	+1.406	+1.398	+1.397	+1.362	+1.388	+1.387	+1.386	+1.393	-0.135	-0.499	+1.385	+1.385	+1.361	+1.211	+1.364	+1.367	+1.396	+1.369	+1.366	+1.368	+1.375	+1.379	+1.375	-0.551	-0.250	-0.559	-0.557	-0.559	-0.555	-0.558	-0.558	-0.556	-0.105	-0.565	-0.571	-0.571	-0.329	-0.327	-0.533	-0.291	-0.256	-0.292	-0.259	-0.303	-0.194	-0.478	-0.439	-0.253	-0.296	-0.238	-0.255	-0.025	-0.238	-0.414	-0.316	-0.477	-0.256	-0.119	-0.329	-0.187	-0.183	-0.185	-0.041	-0.042	-0.281	+0.178	+0.264	+0.366	+0.195	-0.068	-0.067	-0.067	-0.310	-0.302	-0.032	+0.015	-0.067	+0.010	-0.069	-0.070	-0.063	-0.065	-0.072	-0.259	-0.309	-0.451	-0.454	-0.281	-0.440	-0.423	-0.405	-0.407	-0.408	-0.456	-0.427	
rs56042504     -0.196	-0.312	-0.327	-0.286	-0.335	-0.512	-0.305	-0.314	-0.562	-0.608	-0.532	-0.544	-0.537	-0.544	-0.555	-0.561	-0.552	-0.560	-0.543	-0.540	-0.539	-0.539	-0.545	-0.561	+0.458	+0.320	-0.477	+0.153	-0.487	+0.154	+0.154	+0.155	-0.482	+0.158	-0.540	-0.492	+0.184	-0.532	-0.530	-0.530	-0.530	-0.564	+0.172	-0.565	-0.572	-0.834	-0.474	-0.565	-0.565	-0.492	-0.472	-0.491	-0.491	-0.490	-0.490	-0.490	-0.488	-0.491	-0.447	-0.450	-0.449	-0.453	-0.436	+0.102	-0.428	-0.745	-0.382	-0.391	-0.386	-0.392	-0.766	-0.393	-0.763	-0.399	-0.390	-0.762	+0.947	-0.785	-0.404	+1.025	-0.403	-0.360	-0.360	-0.360	-0.360	-0.347	-0.345	+1.212	+1.212	+1.152	+1.145	+1.137	+1.137	+1.101	+1.128	+1.126	+1.126	+1.132	-0.345	-0.755	+1.124	+1.124	+1.100	+0.951	+1.103	+1.106	+1.135	+1.108	+1.105	+1.107	+1.114	+1.118	+1.114	-0.783	-0.464	-0.792	-0.790	-0.791	-0.787	-0.790	-0.791	-0.789	-0.308	-0.799	-0.806	-0.806	-0.549	-0.547	-0.780	-0.510	-0.473	-0.511	-0.477	-0.523	-0.410	-0.711	-0.671	-0.471	-0.515	-0.456	-0.474	-0.275	-0.456	-0.639	-0.543	-0.731	-0.474	-0.337	-0.557	-0.410	-0.406	-0.409	-0.292	-0.293	-0.527	-0.077	+0.015	+0.116	-0.058	-0.320	-0.320	-0.320	-0.553	-0.546	-0.275	-0.227	-0.310	-0.231	-0.311	-0.312	-0.306	-0.307	-0.314	-0.501	-0.549	-0.693	-0.695	-0.528	-0.679	-0.662	-0.645	-0.647	-0.647	-0.695	-0.667	
rs7243676      -0.167	-0.327	-0.146	-0.229	-0.241	-0.249	-0.272	-0.278	-0.402	-0.389	-0.407	-0.406	-0.324	-0.334	-0.388	-0.365	-0.377	-0.396	-0.404	-0.401	-0.402	-0.402	-0.402	-0.368	+0.655	+0.448	-0.316	+0.315	-0.327	+0.316	+0.317	+0.317	-0.321	+0.320	-0.395	-0.332	+0.346	-0.389	-0.387	-0.386	-0.386	-0.403	+0.334	-0.404	-0.411	-0.679	-0.312	-0.404	-0.404	-0.331	-0.310	-0.329	-0.329	-0.329	-0.328	-0.328	-0.326	-0.329	-0.286	-0.289	-0.288	-0.292	-0.275	+0.266	-0.243	-0.579	-0.194	-0.203	-0.198	-0.204	-0.604	-0.205	-0.596	-0.211	-0.202	-0.598	+1.111	-0.637	-0.274	+1.187	-0.273	-0.169	-0.169	-0.170	-0.170	-0.218	-0.217	+1.378	+1.378	+1.317	+1.310	+1.302	+1.302	+1.267	+1.293	+1.291	+1.291	+1.298	-0.217	-0.589	+1.289	+1.289	+1.265	+1.116	+1.268	+1.272	+1.301	+1.273	+1.270	+1.272	+1.279	+1.283	+1.279	-0.636	-0.332	-0.644	-0.643	-0.644	-0.640	-0.643	-0.643	-0.642	-0.184	-0.651	-0.657	-0.657	-0.412	-0.410	-0.621	-0.374	-0.339	-0.375	-0.342	-0.386	-0.276	-0.563	-0.525	-0.336	-0.379	-0.321	-0.338	-0.116	-0.320	-0.497	-0.398	-0.567	-0.338	-0.199	-0.411	-0.268	-0.264	-0.267	-0.132	-0.132	-0.370	+0.085	+0.171	+0.273	+0.103	-0.159	-0.159	-0.159	-0.395	-0.387	-0.117	-0.070	-0.152	-0.074	-0.153	-0.154	-0.148	-0.150	-0.157	-0.344	-0.394	-0.537	-0.540	-0.370	-0.525	-0.508	-0.490	-0.492	-0.493	-0.541	-0.512	
rs7226371      -0.179	-0.286	-0.229	-0.119	-0.231	-0.210	-0.264	-0.269	-0.377	-0.356	-0.385	-0.383	-0.287	-0.299	-0.356	-0.335	-0.347	-0.369	-0.380	-0.374	-0.375	-0.375	-0.376	-0.337	+0.685	+0.467	-0.292	+0.340	-0.303	+0.341	+0.341	+0.342	-0.297	+0.345	-0.373	-0.308	+0.371	-0.367	-0.365	-0.365	-0.364	-0.379	+0.358	-0.380	-0.386	-0.655	-0.288	-0.380	-0.380	-0.306	-0.286	-0.305	-0.305	-0.305	-0.304	-0.304	-0.302	-0.305	-0.262	-0.265	-0.264	-0.269	-0.251	+0.292	-0.217	-0.554	-0.168	-0.178	-0.172	-0.178	-0.579	-0.179	-0.571	-0.186	-0.176	-0.574	+1.135	-0.614	-0.252	+1.211	-0.251	-0.143	-0.143	-0.144	-0.144	-0.196	-0.195	+1.403	+1.402	+1.342	+1.334	+1.327	+1.326	+1.291	+1.317	+1.316	+1.315	+1.322	-0.194	-0.564	+1.314	+1.314	+1.290	+1.140	+1.293	+1.296	+1.325	+1.297	+1.295	+1.296	+1.303	+1.307	+1.303	-0.613	-0.310	-0.621	-0.619	-0.620	-0.616	-0.619	-0.620	-0.618	-0.162	-0.627	-0.633	-0.633	-0.389	-0.387	-0.597	-0.351	-0.316	-0.352	-0.319	-0.364	-0.254	-0.540	-0.502	-0.314	-0.357	-0.298	-0.316	-0.091	-0.298	-0.475	-0.376	-0.542	-0.315	-0.177	-0.389	-0.246	-0.241	-0.244	-0.107	-0.108	-0.346	+0.110	+0.195	+0.297	+0.127	-0.135	-0.134	-0.134	-0.371	-0.364	-0.093	-0.046	-0.129	-0.050	-0.130	-0.131	-0.124	-0.126	-0.133	-0.320	-0.370	-0.513	-0.516	-0.345	-0.501	-0.484	-0.467	-0.469	-0.469	-0.517	-0.489	
rs7230605      -0.167	-0.335	-0.241	-0.231	-0.151	-0.263	-0.274	-0.280	-0.409	-0.397	-0.412	-0.412	-0.333	-0.343	-0.395	-0.373	-0.385	-0.403	-0.410	-0.407	-0.408	-0.408	-0.409	-0.374	+0.649	+0.444	-0.321	+0.310	-0.332	+0.311	+0.311	+0.311	-0.327	+0.315	-0.400	-0.337	+0.341	-0.394	-0.392	-0.391	-0.391	-0.409	+0.328	-0.410	-0.416	-0.684	-0.318	-0.409	-0.409	-0.336	-0.316	-0.335	-0.335	-0.334	-0.333	-0.333	-0.331	-0.334	-0.291	-0.294	-0.293	-0.298	-0.280	+0.261	-0.249	-0.584	-0.200	-0.209	-0.204	-0.210	-0.609	-0.211	-0.601	-0.217	-0.208	-0.604	+1.105	-0.643	-0.279	+1.182	-0.278	-0.175	-0.175	-0.176	-0.176	-0.223	-0.222	+1.373	+1.373	+1.312	+1.305	+1.297	+1.297	+1.261	+1.288	+1.286	+1.285	+1.292	-0.221	-0.595	+1.284	+1.284	+1.260	+1.111	+1.263	+1.266	+1.295	+1.268	+1.265	+1.267	+1.274	+1.278	+1.274	-0.641	-0.337	-0.650	-0.648	-0.649	-0.645	-0.648	-0.649	-0.647	-0.188	-0.656	-0.662	-0.662	-0.417	-0.415	-0.627	-0.379	-0.344	-0.380	-0.347	-0.391	-0.281	-0.569	-0.530	-0.341	-0.384	-0.326	-0.343	-0.121	-0.325	-0.502	-0.403	-0.573	-0.342	-0.204	-0.416	-0.273	-0.268	-0.271	-0.137	-0.138	-0.375	+0.080	+0.166	+0.267	+0.097	-0.165	-0.164	-0.164	-0.400	-0.392	-0.122	-0.075	-0.157	-0.079	-0.158	-0.159	-0.153	-0.155	-0.162	-0.349	-0.399	-0.542	-0.545	-0.375	-0.530	-0.513	-0.495	-0.497	-0.498	-0.546	-0.518	
rs9959497      -0.063	-0.512	-0.249	-0.210	-0.263	-0.327	-0.025	-0.066	-0.538	-0.579	-0.512	-0.522	-0.546	-0.550	-0.568	-0.563	-0.560	-0.566	-0.554	-0.552	-0.551	-0.551	-0.556	-0.564	+0.446	+0.310	-0.492	+0.144	-0.502	+0.145	+0.146	+0.146	-0.496	+0.149	-0.549	-0.507	+0.175	-0.543	-0.542	-0.541	-0.541	-0.576	+0.163	-0.577	-0.583	-0.846	-0.488	-0.576	-0.576	-0.504	-0.484	-0.503	-0.503	-0.502	-0.501	-0.501	-0.499	-0.502	-0.458	-0.462	-0.460	-0.465	-0.448	+0.087	-0.428	-0.752	-0.380	-0.390	-0.385	-0.391	-0.775	-0.392	-0.770	-0.398	-0.389	-0.770	+0.943	-0.799	-0.422	+1.021	-0.421	-0.358	-0.358	-0.359	-0.358	-0.365	-0.364	+1.208	+1.208	+1.148	+1.141	+1.133	+1.133	+1.097	+1.124	+1.122	+1.122	+1.128	-0.363	-0.763	+1.120	+1.120	+1.096	+0.947	+1.099	+1.102	+1.131	+1.104	+1.101	+1.103	+1.110	+1.114	+1.110	-0.797	-0.481	-0.806	-0.803	-0.805	-0.801	-0.804	-0.805	-0.803	-0.328	-0.813	-0.819	-0.819	-0.565	-0.563	-0.790	-0.526	-0.490	-0.527	-0.494	-0.538	-0.427	-0.724	-0.684	-0.488	-0.531	-0.472	-0.490	-0.285	-0.471	-0.652	-0.550	-0.740	-0.489	-0.346	-0.564	-0.418	-0.413	-0.416	-0.301	-0.302	-0.538	-0.089	-0.002	+0.099	-0.071	-0.332	-0.331	-0.332	-0.561	-0.553	-0.282	-0.234	-0.317	-0.239	-0.318	-0.319	-0.313	-0.315	-0.321	-0.509	-0.558	-0.702	-0.705	-0.540	-0.690	-0.673	-0.655	-0.657	-0.657	-0.706	-0.677	
rs8090698      -0.230	-0.305	-0.272	-0.264	-0.274	-0.025	-0.103	-0.197	-0.285	-0.229	-0.326	-0.312	-0.076	-0.101	-0.273	-0.224	-0.230	-0.288	-0.319	-0.291	-0.294	-0.294	-0.301	-0.310	+0.688	+0.470	-0.283	+0.361	-0.293	+0.361	+0.362	+0.362	-0.287	+0.366	-0.361	-0.297	+0.392	-0.357	-0.355	-0.355	-0.355	-0.366	+0.379	-0.367	-0.373	-0.638	-0.279	-0.366	-0.366	-0.294	-0.274	-0.292	-0.293	-0.292	-0.291	-0.296	-0.289	-0.292	-0.250	-0.253	-0.251	-0.256	-0.239	+0.300	-0.196	-0.534	-0.146	-0.156	-0.151	-0.157	-0.561	-0.157	-0.552	-0.164	-0.154	-0.555	+1.154	-0.597	-0.237	+1.230	-0.236	-0.121	-0.121	-0.122	-0.122	-0.181	-0.180	+1.422	+1.421	+1.361	+1.354	+1.346	+1.346	+1.311	+1.336	+1.335	+1.334	+1.341	-0.179	-0.545	+1.333	+1.333	+1.309	+1.160	+1.312	+1.315	+1.344	+1.316	+1.314	+1.316	+1.323	+1.327	+1.323	-0.596	-0.295	-0.604	-0.602	-0.604	-0.600	-0.603	-0.603	-0.602	-0.149	-0.610	-0.616	-0.616	-0.373	-0.371	-0.579	-0.335	-0.300	-0.336	-0.303	-0.348	-0.238	-0.522	-0.484	-0.298	-0.341	-0.283	-0.300	-0.072	-0.283	-0.460	-0.364	-0.523	-0.300	-0.164	-0.376	-0.233	-0.228	-0.231	-0.088	-0.089	-0.327	+0.131	+0.218	+0.320	+0.149	-0.113	-0.113	-0.113	-0.353	-0.346	-0.076	-0.029	-0.111	-0.034	-0.113	-0.113	-0.107	-0.109	-0.116	-0.303	-0.353	-0.496	-0.498	-0.328	-0.484	-0.467	-0.450	-0.452	-0.452	-0.500	-0.472	
rs7226473      -0.234	-0.314	-0.278	-0.269	-0.280	-0.066	-0.197	-0.109	-0.293	-0.238	-0.332	-0.319	-0.090	-0.114	-0.281	-0.233	-0.240	-0.296	-0.326	-0.299	-0.302	-0.302	-0.308	-0.317	+0.682	+0.466	-0.288	+0.356	-0.298	+0.356	+0.357	+0.357	-0.293	+0.360	-0.366	-0.303	+0.386	-0.362	-0.361	-0.360	-0.360	-0.371	+0.374	-0.372	-0.378	-0.643	-0.284	-0.371	-0.372	-0.299	-0.279	-0.298	-0.298	-0.297	-0.297	-0.296	-0.294	-0.297	-0.255	-0.258	-0.257	-0.261	-0.244	+0.294	-0.202	-0.540	-0.152	-0.162	-0.157	-0.163	-0.566	-0.164	-0.558	-0.170	-0.160	-0.560	+1.149	-0.603	-0.242	+1.224	-0.241	-0.128	-0.127	-0.128	-0.128	-0.186	-0.185	+1.416	+1.415	+1.355	+1.348	+1.340	+1.340	+1.305	+1.331	+1.329	+1.328	+1.335	-0.184	-0.551	+1.327	+1.327	+1.303	+1.154	+1.306	+1.309	+1.338	+1.311	+1.308	+1.310	+1.317	+1.321	+1.317	-0.602	-0.300	-0.610	-0.608	-0.609	-0.605	-0.608	-0.609	-0.607	-0.154	-0.616	-0.622	-0.622	-0.379	-0.377	-0.585	-0.341	-0.305	-0.342	-0.309	-0.353	-0.243	-0.528	-0.490	-0.303	-0.346	-0.288	-0.305	-0.077	-0.288	-0.465	-0.369	-0.528	-0.305	-0.169	-0.381	-0.238	-0.233	-0.236	-0.094	-0.094	-0.333	+0.126	+0.212	+0.314	+0.143	-0.119	-0.118	-0.118	-0.359	-0.351	-0.082	-0.035	-0.117	-0.039	-0.118	-0.119	-0.113	-0.115	-0.121	-0.309	-0.359	-0.501	-0.504	-0.333	-0.490	-0.473	-0.455	-0.457	-0.458	-0.506	-0.477	
rs2083323      -0.300	-0.562	-0.402	-0.377	-0.409	-0.538	-0.285	-0.293	-0.347	-0.503	-0.445	-0.451	-0.586	-0.589	-0.595	-0.593	-0.593	-0.593	-0.581	-0.583	-0.582	-0.582	-0.586	-0.569	+0.409	+0.285	-0.506	+0.096	-0.517	+0.097	+0.097	+0.097	-0.511	+0.101	-0.568	-0.521	+0.126	-0.557	-0.555	-0.554	-0.554	-0.598	+0.114	-0.599	-0.605	-0.862	-0.503	-0.598	-0.598	-0.527	-0.507	-0.526	-0.526	-0.525	-0.525	-0.525	-0.522	-0.526	-0.483	-0.486	-0.484	-0.489	-0.472	+0.055	-0.456	-0.773	-0.410	-0.419	-0.414	-0.420	-0.794	-0.421	-0.786	-0.427	-0.418	-0.789	+0.900	-0.813	-0.441	+0.976	-0.440	-0.388	-0.388	-0.389	-0.389	-0.384	-0.383	+1.160	+1.160	+1.102	+1.095	+1.087	+1.086	+1.052	+1.077	+1.076	+1.075	+1.082	-0.382	-0.783	+1.074	+1.074	+1.050	+0.902	+1.053	+1.056	+1.085	+1.058	+1.055	+1.057	+1.063	+1.067	+1.063	-0.811	-0.500	-0.820	-0.818	-0.820	-0.815	-0.818	-0.819	-0.817	-0.338	-0.827	-0.834	-0.834	-0.583	-0.581	-0.808	-0.544	-0.508	-0.545	-0.512	-0.557	-0.445	-0.741	-0.702	-0.506	-0.549	-0.489	-0.507	-0.317	-0.488	-0.669	-0.567	-0.759	-0.505	-0.362	-0.580	-0.434	-0.429	-0.432	-0.331	-0.332	-0.560	-0.104	-0.017	+0.084	-0.086	-0.347	-0.346	-0.347	-0.578	-0.571	-0.301	-0.254	-0.336	-0.259	-0.337	-0.338	-0.332	-0.333	-0.340	-0.527	-0.577	-0.720	-0.723	-0.560	-0.706	-0.689	-0.672	-0.674	-0.674	-0.723	-0.694	
rs9948978      -0.262	-0.608	-0.389	-0.356	-0.397	-0.579	-0.229	-0.238	-0.503	-0.430	-0.434	-0.451	-0.679	-0.678	-0.670	-0.678	-0.661	-0.665	-0.635	-0.637	-0.635	-0.634	-0.640	-0.663	+0.313	+0.228	-0.590	+0.023	-0.600	+0.024	+0.024	+0.025	-0.595	+0.028	-0.638	-0.605	+0.053	-0.628	-0.626	-0.626	-0.626	-0.678	+0.041	-0.679	-0.686	-0.941	-0.587	-0.679	-0.679	-0.608	-0.588	-0.607	-0.607	-0.606	-0.606	-0.605	-0.603	-0.606	-0.563	-0.566	-0.565	-0.569	-0.553	-0.029	-0.546	-0.855	-0.501	-0.510	-0.505	-0.511	-0.874	-0.511	-0.870	-0.518	-0.509	-0.870	+0.813	-0.889	-0.510	+0.889	-0.509	-0.480	-0.480	-0.481	-0.480	-0.453	-0.452	+1.071	+1.070	+1.013	+1.006	+0.998	+0.998	+0.963	+0.988	+0.987	+0.986	+0.993	-0.451	-0.865	+0.985	+0.985	+0.961	+0.813	+0.964	+0.967	+0.996	+0.969	+0.966	+0.968	+0.974	+0.978	+0.974	-0.887	-0.570	-0.896	-0.894	-0.896	-0.891	-0.895	-0.895	-0.893	-0.409	-0.904	-0.910	-0.910	-0.655	-0.653	-0.887	-0.615	-0.579	-0.617	-0.583	-0.628	-0.517	-0.817	-0.778	-0.577	-0.621	-0.561	-0.579	-0.393	-0.553	-0.737	-0.632	-0.841	-0.571	-0.425	-0.646	-0.498	-0.493	-0.496	-0.408	-0.408	-0.638	-0.187	-0.099	+0.002	-0.169	-0.429	-0.428	-0.429	-0.654	-0.647	-0.376	-0.329	-0.411	-0.334	-0.412	-0.413	-0.407	-0.409	-0.416	-0.603	-0.652	-0.796	-0.799	-0.639	-0.783	-0.766	-0.748	-0.750	-0.750	-0.799	-0.770	
rs1992268      -0.320	-0.532	-0.407	-0.385	-0.412	-0.512	-0.326	-0.332	-0.445	-0.434	-0.297	-0.431	-0.527	-0.532	-0.548	-0.541	-0.547	-0.547	-0.543	-0.544	-0.543	-0.543	-0.547	-0.511	+0.457	+0.321	-0.461	+0.140	-0.472	+0.141	+0.142	+0.142	-0.466	+0.145	-0.527	-0.476	+0.170	-0.515	-0.513	-0.512	-0.512	-0.554	+0.158	-0.554	-0.561	-0.817	-0.458	-0.554	-0.554	-0.483	-0.463	-0.482	-0.482	-0.481	-0.481	-0.480	-0.478	-0.481	-0.439	-0.442	-0.441	-0.445	-0.428	+0.099	-0.409	-0.726	-0.361	-0.371	-0.366	-0.372	-0.748	-0.373	-0.739	-0.379	-0.370	-0.743	+0.946	-0.767	-0.398	+1.021	-0.397	-0.340	-0.340	-0.340	-0.340	-0.342	-0.340	+1.207	+1.207	+1.148	+1.141	+1.133	+1.133	+1.098	+1.124	+1.122	+1.121	+1.128	-0.340	-0.736	+1.120	+1.120	+1.096	+0.948	+1.099	+1.102	+1.131	+1.104	+1.101	+1.103	+1.110	+1.114	+1.110	-0.766	-0.457	-0.775	-0.773	-0.774	-0.770	-0.773	-0.774	-0.772	-0.295	-0.782	-0.789	-0.788	-0.539	-0.537	-0.763	-0.500	-0.464	-0.501	-0.468	-0.513	-0.402	-0.696	-0.657	-0.462	-0.505	-0.446	-0.463	-0.271	-0.444	-0.625	-0.523	-0.713	-0.461	-0.319	-0.536	-0.391	-0.385	-0.388	-0.286	-0.286	-0.514	-0.055	+0.032	+0.133	-0.038	-0.298	-0.297	-0.298	-0.532	-0.525	-0.256	-0.209	-0.291	-0.214	-0.292	-0.293	-0.287	-0.289	-0.295	-0.482	-0.532	-0.674	-0.677	-0.514	-0.662	-0.645	-0.627	-0.629	-0.629	-0.678	-0.649	
rs1992269      -0.313	-0.544	-0.406	-0.383	-0.412	-0.522	-0.312	-0.319	-0.451	-0.451	-0.431	-0.318	-0.548	-0.552	-0.566	-0.560	-0.564	-0.564	-0.558	-0.559	-0.558	-0.558	-0.563	-0.534	+0.438	+0.304	-0.480	+0.121	-0.491	+0.122	+0.123	+0.123	-0.485	+0.126	-0.545	-0.495	+0.151	-0.533	-0.531	-0.531	-0.531	-0.572	+0.139	-0.573	-0.579	-0.836	-0.477	-0.572	-0.572	-0.501	-0.482	-0.500	-0.500	-0.499	-0.499	-0.498	-0.496	-0.499	-0.457	-0.460	-0.459	-0.463	-0.446	+0.081	-0.428	-0.745	-0.381	-0.390	-0.385	-0.391	-0.767	-0.392	-0.758	-0.398	-0.389	-0.762	+0.927	-0.786	-0.417	+1.002	-0.416	-0.359	-0.359	-0.360	-0.360	-0.360	-0.359	+1.187	+1.187	+1.128	+1.121	+1.113	+1.113	+1.079	+1.104	+1.102	+1.102	+1.108	-0.358	-0.755	+1.100	+1.100	+1.076	+0.928	+1.079	+1.082	+1.112	+1.085	+1.081	+1.083	+1.090	+1.094	+1.090	-0.785	-0.476	-0.794	-0.792	-0.793	-0.789	-0.792	-0.793	-0.791	-0.314	-0.801	-0.808	-0.807	-0.558	-0.556	-0.781	-0.519	-0.483	-0.520	-0.487	-0.532	-0.420	-0.715	-0.676	-0.481	-0.524	-0.464	-0.482	-0.291	-0.463	-0.644	-0.542	-0.732	-0.480	-0.338	-0.555	-0.410	-0.405	-0.408	-0.305	-0.306	-0.534	-0.075	+0.012	+0.113	-0.058	-0.318	-0.318	-0.318	-0.552	-0.544	-0.275	-0.228	-0.309	-0.232	-0.311	-0.312	-0.306	-0.307	-0.314	-0.501	-0.551	-0.694	-0.696	-0.533	-0.680	-0.664	-0.646	-0.648	-0.648	-0.696	-0.668	
rs117649251    -0.180	-0.537	-0.324	-0.287	-0.333	-0.546	-0.076	-0.090	-0.586	-0.679	-0.527	-0.548	-0.449	-0.568	-0.612	-0.622	-0.535	-0.604	-0.516	-0.469	-0.464	-0.464	-0.496	-0.708	+0.295	+0.232	-0.607	+0.026	-0.618	+0.027	+0.027	+0.028	-0.612	+0.031	-0.649	-0.622	+0.057	-0.642	-0.640	-0.640	-0.639	-0.692	+0.045	-0.693	-0.699	-0.959	-0.604	-0.692	-0.692	-0.620	-0.601	-0.619	-0.619	-0.619	-0.618	-0.618	-0.616	-0.619	-0.574	-0.577	-0.576	-0.580	-0.563	-0.034	-0.567	-0.875	-0.521	-0.531	-0.526	-0.531	-0.894	-0.532	-0.894	-0.539	-0.530	-0.890	+0.818	-0.905	-0.515	+0.896	-0.514	-0.502	-0.502	-0.502	-0.502	-0.457	-0.456	+1.078	+1.078	+1.020	+1.013	+1.005	+1.004	+0.970	+0.995	+0.994	+0.993	+1.000	-0.455	-0.885	+0.992	+0.991	+0.968	+0.820	+0.971	+0.974	+1.003	+0.976	+0.973	+0.974	+0.981	+0.985	+0.981	-0.903	-0.575	-0.913	-0.910	-0.912	-0.908	-0.911	-0.911	-0.910	-0.415	-0.920	-0.927	-0.927	-0.663	-0.661	-0.906	-0.623	-0.587	-0.625	-0.591	-0.637	-0.523	-0.831	-0.791	-0.585	-0.629	-0.569	-0.588	-0.402	-0.567	-0.752	-0.649	-0.861	-0.585	-0.441	-0.664	-0.515	-0.511	-0.514	-0.419	-0.420	-0.653	-0.206	-0.114	-0.013	-0.187	-0.448	-0.448	-0.448	-0.676	-0.669	-0.397	-0.350	-0.432	-0.355	-0.434	-0.434	-0.428	-0.430	-0.437	-0.624	-0.672	-0.816	-0.819	-0.658	-0.803	-0.786	-0.768	-0.770	-0.770	-0.819	-0.790	
rs56047191     -0.194	-0.544	-0.334	-0.299	-0.343	-0.550	-0.101	-0.114	-0.589	-0.678	-0.532	-0.552	-0.568	-0.442	-0.608	-0.616	-0.536	-0.601	-0.519	-0.475	-0.470	-0.470	-0.500	-0.700	+0.302	+0.234	-0.601	+0.032	-0.612	+0.033	+0.033	+0.034	-0.606	+0.037	-0.644	-0.617	+0.063	-0.638	-0.636	-0.635	-0.635	-0.686	+0.051	-0.687	-0.693	-0.953	-0.599	-0.687	-0.687	-0.615	-0.595	-0.614	-0.614	-0.613	-0.612	-0.612	-0.610	-0.613	-0.569	-0.572	-0.570	-0.575	-0.558	-0.029	-0.560	-0.869	-0.515	-0.524	-0.519	-0.525	-0.887	-0.525	-0.887	-0.532	-0.523	-0.884	+0.823	-0.900	-0.510	+0.901	-0.509	-0.495	-0.495	-0.496	-0.495	-0.453	-0.451	+1.083	+1.083	+1.025	+1.018	+1.010	+1.009	+0.975	+1.000	+0.999	+0.998	+1.005	-0.451	-0.879	+0.997	+0.997	+0.973	+0.825	+0.976	+0.979	+1.008	+0.981	+0.978	+0.979	+0.986	+0.990	+0.986	-0.898	-0.571	-0.907	-0.905	-0.907	-0.902	-0.905	-0.906	-0.904	-0.411	-0.915	-0.922	-0.921	-0.658	-0.656	-0.900	-0.618	-0.582	-0.620	-0.586	-0.632	-0.518	-0.826	-0.785	-0.580	-0.624	-0.564	-0.583	-0.396	-0.562	-0.747	-0.645	-0.854	-0.580	-0.437	-0.659	-0.511	-0.506	-0.509	-0.413	-0.414	-0.647	-0.199	-0.108	-0.006	-0.181	-0.442	-0.441	-0.442	-0.670	-0.663	-0.391	-0.344	-0.426	-0.349	-0.428	-0.429	-0.422	-0.424	-0.431	-0.618	-0.666	-0.810	-0.813	-0.652	-0.797	-0.780	-0.762	-0.764	-0.765	-0.813	-0.784	
rs112303896    -0.278	-0.555	-0.388	-0.356	-0.395	-0.568	-0.273	-0.281	-0.595	-0.670	-0.548	-0.566	-0.612	-0.608	-0.396	-0.541	-0.581	-0.549	-0.529	-0.548	-0.545	-0.545	-0.550	-0.657	+0.339	+0.275	-0.560	+0.078	-0.571	+0.079	+0.080	+0.080	-0.565	+0.083	-0.603	-0.575	+0.109	-0.596	-0.594	-0.594	-0.594	-0.646	+0.097	-0.647	-0.654	-0.912	-0.557	-0.647	-0.647	-0.575	-0.555	-0.574	-0.574	-0.573	-0.573	-0.573	-0.571	-0.574	-0.529	-0.532	-0.531	-0.535	-0.518	+0.010	-0.517	-0.828	-0.472	-0.481	-0.476	-0.481	-0.847	-0.482	-0.846	-0.489	-0.481	-0.843	+0.864	-0.860	-0.472	+0.941	-0.471	-0.452	-0.452	-0.453	-0.453	-0.414	-0.413	+1.124	+1.124	+1.065	+1.058	+1.050	+1.050	+1.015	+1.041	+1.039	+1.039	+1.045	-0.412	-0.838	+1.037	+1.037	+1.013	+0.866	+1.016	+1.019	+1.048	+1.021	+1.018	+1.020	+1.027	+1.030	+1.026	-0.858	-0.532	-0.867	-0.864	-0.866	-0.862	-0.865	-0.866	-0.864	-0.372	-0.874	-0.881	-0.881	-0.619	-0.617	-0.859	-0.580	-0.543	-0.581	-0.547	-0.593	-0.479	-0.786	-0.746	-0.541	-0.585	-0.525	-0.544	-0.352	-0.522	-0.708	-0.606	-0.813	-0.541	-0.397	-0.619	-0.471	-0.467	-0.470	-0.368	-0.369	-0.605	-0.159	-0.067	+0.034	-0.141	-0.402	-0.402	-0.402	-0.628	-0.621	-0.349	-0.301	-0.384	-0.306	-0.385	-0.386	-0.380	-0.382	-0.388	-0.576	-0.624	-0.769	-0.772	-0.609	-0.756	-0.739	-0.721	-0.723	-0.723	-0.772	-0.743	
rs7237714      -0.245	-0.561	-0.365	-0.335	-0.373	-0.563	-0.224	-0.233	-0.593	-0.678	-0.541	-0.560	-0.622	-0.616	-0.541	-0.422	-0.573	-0.539	-0.507	-0.529	-0.525	-0.525	-0.531	-0.687	+0.309	+0.260	-0.584	+0.054	-0.595	+0.054	+0.055	+0.055	-0.589	+0.058	-0.623	-0.599	+0.085	-0.615	-0.613	-0.613	-0.613	-0.670	+0.072	-0.671	-0.677	-0.936	-0.581	-0.670	-0.670	-0.599	-0.579	-0.597	-0.598	-0.597	-0.596	-0.596	-0.594	-0.597	-0.552	-0.556	-0.554	-0.559	-0.542	-0.015	-0.545	-0.853	-0.500	-0.509	-0.504	-0.509	-0.871	-0.510	-0.871	-0.517	-0.509	-0.867	+0.839	-0.882	-0.492	+0.916	-0.491	-0.480	-0.480	-0.481	-0.481	-0.434	-0.433	+1.098	+1.098	+1.040	+1.032	+1.025	+1.024	+0.990	+1.015	+1.014	+1.013	+1.020	-0.432	-0.863	+1.012	+1.011	+0.988	+0.840	+0.991	+0.994	+1.023	+0.996	+0.992	+0.994	+1.001	+1.005	+1.001	-0.880	-0.552	-0.889	-0.887	-0.889	-0.884	-0.888	-0.888	-0.886	-0.391	-0.897	-0.904	-0.904	-0.640	-0.638	-0.883	-0.600	-0.563	-0.602	-0.568	-0.613	-0.500	-0.808	-0.768	-0.562	-0.606	-0.546	-0.564	-0.376	-0.542	-0.728	-0.625	-0.838	-0.561	-0.416	-0.639	-0.491	-0.486	-0.489	-0.393	-0.393	-0.629	-0.184	-0.092	+0.009	-0.165	-0.427	-0.426	-0.427	-0.652	-0.644	-0.372	-0.324	-0.407	-0.329	-0.408	-0.409	-0.403	-0.405	-0.411	-0.599	-0.647	-0.792	-0.795	-0.634	-0.779	-0.762	-0.744	-0.746	-0.746	-0.795	-0.766	
rs9955466      -0.258	-0.552	-0.377	-0.347	-0.385	-0.560	-0.230	-0.240	-0.593	-0.661	-0.547	-0.564	-0.535	-0.536	-0.581	-0.573	-0.397	-0.577	-0.522	-0.486	-0.482	-0.482	-0.489	-0.643	+0.353	+0.257	-0.560	+0.075	-0.571	+0.076	+0.077	+0.077	-0.565	+0.080	-0.611	-0.575	+0.106	-0.604	-0.602	-0.602	-0.602	-0.645	+0.094	-0.646	-0.652	-0.911	-0.557	-0.645	-0.645	-0.574	-0.554	-0.573	-0.573	-0.572	-0.571	-0.571	-0.569	-0.572	-0.528	-0.531	-0.530	-0.534	-0.517	+0.013	-0.511	-0.825	-0.465	-0.475	-0.470	-0.475	-0.844	-0.476	-0.842	-0.482	-0.474	-0.840	+0.865	-0.860	-0.476	+0.942	-0.475	-0.445	-0.445	-0.446	-0.446	-0.418	-0.417	+1.125	+1.124	+1.066	+1.059	+1.051	+1.051	+1.016	+1.042	+1.040	+1.040	+1.046	-0.416	-0.835	+1.038	+1.038	+1.014	+0.866	+1.017	+1.020	+1.049	+1.022	+1.019	+1.021	+1.028	+1.031	+1.027	-0.858	-0.536	-0.867	-0.865	-0.867	-0.862	-0.865	-0.866	-0.864	-0.377	-0.874	-0.881	-0.881	-0.622	-0.620	-0.858	-0.582	-0.545	-0.583	-0.550	-0.595	-0.482	-0.786	-0.746	-0.544	-0.588	-0.528	-0.546	-0.354	-0.526	-0.710	-0.611	-0.810	-0.544	-0.404	-0.624	-0.477	-0.473	-0.476	-0.370	-0.371	-0.605	-0.153	-0.061	+0.041	-0.135	-0.396	-0.395	-0.396	-0.628	-0.621	-0.350	-0.303	-0.385	-0.307	-0.386	-0.387	-0.381	-0.383	-0.389	-0.576	-0.625	-0.769	-0.771	-0.609	-0.755	-0.739	-0.721	-0.723	-0.723	-0.772	-0.743	
rs145908261    -0.291	-0.560	-0.396	-0.369	-0.403	-0.566	-0.288	-0.296	-0.593	-0.665	-0.547	-0.564	-0.604	-0.601	-0.549	-0.539	-0.577	-0.383	-0.501	-0.537	-0.533	-0.533	-0.543	-0.644	+0.343	+0.284	-0.550	+0.091	-0.561	+0.091	+0.092	+0.092	-0.555	+0.096	-0.591	-0.565	+0.122	-0.585	-0.584	-0.583	-0.583	-0.634	+0.109	-0.635	-0.641	-0.901	-0.547	-0.634	-0.634	-0.563	-0.543	-0.561	-0.561	-0.561	-0.560	-0.560	-0.558	-0.561	-0.517	-0.520	-0.518	-0.523	-0.506	+0.018	-0.505	-0.816	-0.460	-0.469	-0.464	-0.470	-0.835	-0.471	-0.834	-0.477	-0.469	-0.831	+0.871	-0.849	-0.462	+0.948	-0.461	-0.440	-0.440	-0.441	-0.441	-0.405	-0.403	+1.130	+1.129	+1.071	+1.064	+1.056	+1.055	+1.021	+1.046	+1.045	+1.044	+1.051	-0.403	-0.826	+1.043	+1.043	+1.019	+0.871	+1.022	+1.025	+1.054	+1.027	+1.024	+1.025	+1.032	+1.036	+1.032	-0.847	-0.522	-0.856	-0.853	-0.855	-0.851	-0.854	-0.855	-0.853	-0.363	-0.863	-0.870	-0.870	-0.609	-0.607	-0.848	-0.570	-0.533	-0.571	-0.537	-0.583	-0.470	-0.775	-0.735	-0.531	-0.575	-0.515	-0.534	-0.340	-0.512	-0.697	-0.595	-0.801	-0.530	-0.388	-0.609	-0.461	-0.457	-0.460	-0.357	-0.357	-0.593	-0.146	-0.054	+0.047	-0.128	-0.389	-0.389	-0.390	-0.616	-0.608	-0.336	-0.288	-0.371	-0.293	-0.372	-0.373	-0.367	-0.369	-0.375	-0.563	-0.612	-0.757	-0.759	-0.597	-0.744	-0.727	-0.709	-0.711	-0.711	-0.760	-0.731	
rs9946569      -0.308	-0.543	-0.404	-0.380	-0.410	-0.554	-0.319	-0.326	-0.581	-0.635	-0.543	-0.558	-0.516	-0.519	-0.529	-0.507	-0.522	-0.501	-0.338	-0.508	-0.506	-0.506	-0.509	-0.584	+0.405	+0.297	-0.506	+0.129	-0.517	+0.130	+0.130	+0.131	-0.511	+0.134	-0.562	-0.521	+0.160	-0.557	-0.556	-0.555	-0.555	-0.589	+0.148	-0.590	-0.596	-0.859	-0.503	-0.589	-0.589	-0.518	-0.498	-0.516	-0.516	-0.516	-0.515	-0.515	-0.513	-0.516	-0.472	-0.476	-0.474	-0.479	-0.462	+0.064	-0.451	-0.770	-0.405	-0.414	-0.409	-0.414	-0.790	-0.415	-0.787	-0.422	-0.413	-0.786	+0.916	-0.810	-0.431	+0.991	-0.430	-0.385	-0.385	-0.385	-0.385	-0.374	-0.373	+1.174	+1.173	+1.115	+1.108	+1.100	+1.100	+1.065	+1.091	+1.089	+1.088	+1.095	-0.372	-0.780	+1.087	+1.087	+1.063	+0.915	+1.066	+1.069	+1.098	+1.071	+1.068	+1.070	+1.077	+1.080	+1.076	-0.808	-0.490	-0.817	-0.815	-0.816	-0.812	-0.815	-0.816	-0.814	-0.333	-0.824	-0.831	-0.830	-0.575	-0.573	-0.805	-0.536	-0.500	-0.537	-0.504	-0.549	-0.437	-0.737	-0.697	-0.498	-0.542	-0.482	-0.500	-0.301	-0.480	-0.663	-0.565	-0.755	-0.498	-0.360	-0.578	-0.433	-0.428	-0.431	-0.317	-0.317	-0.552	-0.097	-0.004	+0.098	-0.078	-0.340	-0.340	-0.341	-0.575	-0.567	-0.296	-0.249	-0.332	-0.254	-0.333	-0.334	-0.327	-0.329	-0.336	-0.523	-0.572	-0.716	-0.719	-0.557	-0.703	-0.687	-0.669	-0.671	-0.671	-0.719	-0.691	
rs28372460     -0.298	-0.540	-0.401	-0.374	-0.407	-0.552	-0.291	-0.299	-0.583	-0.637	-0.544	-0.559	-0.469	-0.475	-0.548	-0.529	-0.486	-0.537	-0.508	-0.355	-0.462	-0.462	-0.483	-0.594	+0.397	+0.282	-0.522	+0.115	-0.533	+0.116	+0.116	+0.117	-0.527	+0.120	-0.577	-0.537	+0.146	-0.572	-0.570	-0.570	-0.570	-0.606	+0.134	-0.607	-0.613	-0.873	-0.519	-0.606	-0.606	-0.535	-0.515	-0.533	-0.534	-0.533	-0.532	-0.532	-0.530	-0.533	-0.489	-0.493	-0.491	-0.496	-0.479	+0.052	-0.469	-0.784	-0.422	-0.432	-0.427	-0.432	-0.805	-0.433	-0.802	-0.440	-0.431	-0.800	+0.904	-0.823	-0.442	+0.980	-0.441	-0.403	-0.403	-0.404	-0.403	-0.384	-0.383	+1.163	+1.162	+1.104	+1.097	+1.089	+1.088	+1.054	+1.079	+1.078	+1.077	+1.084	-0.382	-0.795	+1.076	+1.076	+1.052	+0.904	+1.055	+1.058	+1.087	+1.060	+1.057	+1.058	+1.065	+1.069	+1.065	-0.821	-0.501	-0.830	-0.828	-0.829	-0.825	-0.828	-0.829	-0.827	-0.345	-0.837	-0.844	-0.843	-0.586	-0.584	-0.819	-0.547	-0.511	-0.548	-0.514	-0.560	-0.447	-0.749	-0.709	-0.509	-0.552	-0.493	-0.511	-0.315	-0.492	-0.675	-0.578	-0.769	-0.509	-0.372	-0.591	-0.445	-0.440	-0.443	-0.331	-0.332	-0.566	-0.112	-0.019	+0.082	-0.093	-0.355	-0.354	-0.355	-0.589	-0.581	-0.310	-0.263	-0.345	-0.267	-0.347	-0.348	-0.341	-0.343	-0.350	-0.537	-0.586	-0.729	-0.732	-0.569	-0.717	-0.700	-0.682	-0.684	-0.684	-0.733	-0.704	
rs11080899     -0.300	-0.539	-0.402	-0.375	-0.408	-0.551	-0.294	-0.302	-0.582	-0.635	-0.543	-0.558	-0.464	-0.470	-0.545	-0.525	-0.482	-0.533	-0.506	-0.462	-0.351	-0.459	-0.481	-0.590	+0.401	+0.285	-0.519	+0.119	-0.529	+0.119	+0.120	+0.120	-0.523	+0.124	-0.574	-0.534	+0.150	-0.569	-0.567	-0.567	-0.567	-0.602	+0.137	-0.603	-0.609	-0.869	-0.516	-0.603	-0.603	-0.531	-0.511	-0.530	-0.530	-0.530	-0.529	-0.529	-0.527	-0.530	-0.486	-0.489	-0.488	-0.492	-0.475	+0.055	-0.465	-0.781	-0.418	-0.428	-0.423	-0.429	-0.801	-0.429	-0.799	-0.436	-0.427	-0.797	+0.907	-0.820	-0.439	+0.983	-0.438	-0.399	-0.399	-0.400	-0.400	-0.381	-0.380	+1.166	+1.166	+1.107	+1.100	+1.092	+1.092	+1.057	+1.083	+1.081	+1.080	+1.087	-0.379	-0.791	+1.079	+1.079	+1.055	+0.907	+1.058	+1.061	+1.090	+1.063	+1.060	+1.062	+1.069	+1.073	+1.068	-0.818	-0.498	-0.827	-0.824	-0.826	-0.822	-0.825	-0.826	-0.824	-0.342	-0.834	-0.840	-0.840	-0.583	-0.581	-0.815	-0.544	-0.508	-0.545	-0.511	-0.557	-0.444	-0.745	-0.705	-0.506	-0.549	-0.490	-0.508	-0.311	-0.489	-0.672	-0.575	-0.766	-0.506	-0.369	-0.588	-0.442	-0.437	-0.440	-0.328	-0.328	-0.563	-0.109	-0.016	+0.086	-0.090	-0.351	-0.351	-0.352	-0.585	-0.578	-0.307	-0.259	-0.342	-0.264	-0.343	-0.344	-0.338	-0.340	-0.347	-0.533	-0.582	-0.726	-0.729	-0.566	-0.713	-0.697	-0.679	-0.681	-0.681	-0.730	-0.701	
rs11080900     -0.300	-0.539	-0.402	-0.375	-0.408	-0.551	-0.294	-0.302	-0.582	-0.634	-0.543	-0.558	-0.464	-0.470	-0.545	-0.525	-0.482	-0.533	-0.506	-0.462	-0.459	-0.351	-0.481	-0.589	+0.401	+0.285	-0.519	+0.119	-0.529	+0.120	+0.120	+0.121	-0.523	+0.124	-0.574	-0.533	+0.150	-0.569	-0.567	-0.567	-0.566	-0.602	+0.138	-0.603	-0.609	-0.869	-0.516	-0.602	-0.603	-0.531	-0.511	-0.530	-0.530	-0.529	-0.529	-0.528	-0.526	-0.529	-0.486	-0.489	-0.487	-0.492	-0.475	+0.056	-0.465	-0.780	-0.418	-0.428	-0.423	-0.428	-0.801	-0.429	-0.798	-0.436	-0.427	-0.797	+0.907	-0.819	-0.438	+0.984	-0.438	-0.399	-0.399	-0.399	-0.399	-0.381	-0.380	+1.166	+1.166	+1.107	+1.100	+1.092	+1.092	+1.058	+1.083	+1.081	+1.081	+1.087	-0.379	-0.791	+1.079	+1.079	+1.055	+0.907	+1.058	+1.061	+1.090	+1.063	+1.060	+1.062	+1.069	+1.073	+1.069	-0.817	-0.498	-0.826	-0.824	-0.826	-0.822	-0.825	-0.825	-0.824	-0.342	-0.834	-0.840	-0.840	-0.583	-0.581	-0.815	-0.544	-0.507	-0.545	-0.511	-0.557	-0.444	-0.745	-0.705	-0.505	-0.549	-0.490	-0.508	-0.311	-0.488	-0.672	-0.575	-0.766	-0.506	-0.369	-0.588	-0.442	-0.437	-0.440	-0.328	-0.328	-0.562	-0.108	-0.016	+0.086	-0.090	-0.351	-0.350	-0.351	-0.585	-0.578	-0.306	-0.259	-0.342	-0.264	-0.343	-0.344	-0.338	-0.340	-0.346	-0.533	-0.582	-0.726	-0.729	-0.565	-0.713	-0.696	-0.679	-0.681	-0.681	-0.729	-0.701	
rs28608619     -0.300	-0.545	-0.402	-0.376	-0.409	-0.556	-0.301	-0.308	-0.586	-0.640	-0.547	-0.563	-0.496	-0.500	-0.550	-0.531	-0.489	-0.543	-0.509	-0.483	-0.481	-0.481	-0.356	-0.594	+0.398	+0.282	-0.522	+0.113	-0.533	+0.113	+0.114	+0.114	-0.527	+0.118	-0.578	-0.538	+0.144	-0.572	-0.570	-0.570	-0.570	-0.607	+0.131	-0.608	-0.614	-0.874	-0.519	-0.607	-0.607	-0.536	-0.516	-0.535	-0.535	-0.534	-0.534	-0.533	-0.531	-0.534	-0.491	-0.494	-0.492	-0.497	-0.480	+0.049	-0.469	-0.785	-0.422	-0.431	-0.426	-0.432	-0.806	-0.433	-0.803	-0.439	-0.431	-0.801	+0.904	-0.824	-0.443	+0.980	-0.442	-0.402	-0.402	-0.403	-0.403	-0.386	-0.385	+1.163	+1.162	+1.104	+1.097	+1.089	+1.089	+1.054	+1.080	+1.078	+1.077	+1.084	-0.384	-0.796	+1.076	+1.076	+1.052	+0.904	+1.055	+1.058	+1.087	+1.060	+1.057	+1.059	+1.066	+1.069	+1.065	-0.822	-0.503	-0.831	-0.829	-0.831	-0.826	-0.829	-0.830	-0.828	-0.346	-0.838	-0.845	-0.845	-0.588	-0.586	-0.820	-0.548	-0.512	-0.550	-0.516	-0.561	-0.449	-0.750	-0.710	-0.510	-0.554	-0.495	-0.513	-0.317	-0.493	-0.676	-0.579	-0.770	-0.511	-0.373	-0.592	-0.446	-0.442	-0.445	-0.333	-0.333	-0.567	-0.113	-0.020	+0.081	-0.094	-0.356	-0.355	-0.356	-0.590	-0.582	-0.311	-0.264	-0.346	-0.268	-0.348	-0.348	-0.342	-0.344	-0.351	-0.537	-0.586	-0.730	-0.733	-0.571	-0.717	-0.701	-0.683	-0.685	-0.685	-0.734	-0.705	
rs12606742     -0.268	-0.561	-0.368	-0.337	-0.374	-0.564	-0.310	-0.317	-0.569	-0.663	-0.511	-0.534	-0.708	-0.700	-0.657	-0.687	-0.643	-0.644	-0.584	-0.594	-0.590	-0.589	-0.594	-0.455	+0.209	+0.214	-0.642	+0.032	-0.652	+0.033	+0.034	+0.034	-0.647	+0.037	-0.641	-0.656	+0.063	-0.652	-0.650	-0.650	-0.650	-0.707	+0.051	-0.708	-0.714	-0.963	-0.640	-0.707	-0.707	-0.640	-0.620	-0.638	-0.638	-0.638	-0.637	-0.637	-0.637	-0.640	-0.585	-0.589	-0.587	-0.591	-0.575	-0.056	-0.622	-0.892	-0.580	-0.589	-0.585	-0.590	-0.903	-0.590	-0.916	-0.596	-0.588	-0.901	+0.771	-0.900	-0.488	+0.846	-0.487	-0.564	-0.564	-0.565	-0.565	-0.428	-0.427	+1.021	+1.020	+0.965	+0.958	+0.950	+0.950	+0.915	+0.941	+0.939	+0.939	+0.945	-0.426	-0.900	+0.937	+0.937	+0.913	+0.767	+0.916	+0.919	+0.948	+0.923	+0.918	+0.920	+0.927	+0.931	+0.927	-0.897	-0.550	-0.907	-0.904	-0.907	-0.902	-0.905	-0.906	-0.904	-0.398	-0.916	-0.924	-0.923	-0.655	-0.653	-0.911	-0.614	-0.577	-0.616	-0.581	-0.628	-0.512	-0.838	-0.799	-0.575	-0.620	-0.559	-0.577	-0.398	-0.544	-0.742	-0.621	-0.874	-0.562	-0.392	-0.634	-0.470	-0.465	-0.469	-0.416	-0.417	-0.651	-0.224	-0.131	-0.032	-0.205	-0.466	-0.465	-0.466	-0.677	-0.670	-0.396	-0.349	-0.430	-0.353	-0.431	-0.432	-0.425	-0.427	-0.434	-0.626	-0.675	-0.820	-0.823	-0.678	-0.805	-0.788	-0.771	-0.773	-0.773	-0.822	-0.793	
rs7504694      +0.756	+0.458	+0.655	+0.685	+0.649	+0.446	+0.688	+0.682	+0.409	+0.313	+0.457	+0.438	+0.295	+0.302	+0.339	+0.309	+0.353	+0.343	+0.405	+0.397	+0.401	+0.401	+0.398	+0.209	+0.618	+0.688	+0.144	+0.804	+0.141	+0.804	+0.805	+0.805	+0.142	+0.808	+0.194	+0.140	+0.829	+0.173	+0.174	+0.175	+0.175	+0.110	+0.819	+0.110	+0.108	+0.172	+0.145	+0.110	+0.110	+0.128	+0.135	+0.129	+0.129	+0.129	+0.130	+0.130	+0.132	+0.131	+0.154	+0.153	+0.154	+0.152	+0.160	+0.525	+0.245	+0.131	+0.281	+0.275	+0.278	+0.275	+0.145	+0.274	+0.092	+0.270	+0.273	+0.138	+1.155	+0.104	+0.377	+1.232	+0.378	+0.295	+0.295	+0.295	+0.295	+0.423	+0.424	+1.387	+1.387	+1.334	+1.328	+1.322	+1.321	+1.293	+1.314	+1.312	+1.312	+1.318	+0.424	+0.126	+1.311	+1.311	+1.292	+1.159	+1.295	+1.297	+1.320	+1.302	+1.297	+1.298	+1.305	+1.308	+1.305	+0.112	+0.330	+0.101	+0.104	+0.101	+0.105	+0.102	+0.102	+0.103	+0.513	+0.095	+0.089	+0.089	+0.298	+0.300	+0.147	+0.341	+0.374	+0.340	+0.366	+0.330	+0.429	+0.170	+0.211	+0.371	+0.337	+0.390	+0.376	+0.498	+0.463	+0.285	+0.349	+0.155	+0.444	+0.540	+0.335	+0.463	+0.469	+0.466	+0.489	+0.488	+0.342	+0.831	+0.912	+1.015	+0.848	+0.574	+0.574	+0.579	+0.318	+0.325	+0.582	+0.634	+0.559	+0.630	+0.558	+0.557	+0.563	+0.561	+0.554	+0.379	+0.325	+0.188	+0.189	+0.327	+0.199	+0.215	+0.232	+0.230	+0.230	+0.185	+0.211	
rs6505982      +0.525	+0.320	+0.448	+0.467	+0.444	+0.310	+0.470	+0.466	+0.285	+0.228	+0.321	+0.304	+0.232	+0.234	+0.275	+0.260	+0.257	+0.284	+0.297	+0.282	+0.285	+0.285	+0.282	+0.214	+0.688	+0.640	+0.197	+0.810	+0.198	+0.811	+0.811	+0.811	+0.196	+0.814	+0.302	+0.198	+0.834	+0.618	+0.613	+0.613	+0.612	+0.129	+0.824	+0.129	+0.128	+0.208	+0.196	+0.130	+0.130	+0.146	+0.151	+0.146	+0.146	+0.147	+0.147	+0.147	+0.149	+0.149	+0.169	+0.168	+0.169	+0.167	+0.176	+0.539	+0.473	+0.181	+0.532	+0.522	+0.527	+0.521	+0.157	+0.521	+0.214	+0.514	+0.530	+0.163	+1.140	+0.105	+0.225	+1.210	+0.225	+0.548	+0.548	+0.547	+0.547	+0.259	+0.259	+1.362	+1.361	+1.309	+1.304	+1.297	+1.297	+1.268	+1.290	+1.289	+1.288	+1.294	+0.260	+0.167	+1.287	+1.287	+1.268	+1.131	+1.271	+1.273	+1.299	+1.274	+1.273	+1.274	+1.281	+1.284	+1.281	+0.097	+0.199	+0.096	+0.097	+0.096	+0.096	+0.096	+0.096	+0.096	+0.327	+0.098	+0.100	+0.100	+0.174	+0.175	+0.141	+0.198	+0.219	+0.198	+0.214	+0.191	+0.251	+0.135	+0.155	+0.218	+0.196	+0.231	+0.222	+0.510	+0.329	+0.166	+0.181	+0.221	+0.311	+0.344	+0.173	+0.290	+0.294	+0.292	+0.501	+0.501	+0.361	+0.806	+0.898	+0.996	+0.822	+0.572	+0.572	+0.574	+0.362	+0.369	+0.621	+0.670	+0.595	+0.665	+0.593	+0.592	+0.598	+0.597	+0.590	+0.414	+0.357	+0.224	+0.221	+0.340	+0.237	+0.254	+0.271	+0.269	+0.269	+0.221	+0.249	
rs6505983      -0.226	-0.477	-0.316	-0.292	-0.321	-0.492	-0.283	-0.288	-0.506	-0.590	-0.461	-0.480	-0.607	-0.601	-0.560	-0.584	-0.560	-0.550	-0.506	-0.522	-0.519	-0.519	-0.522	-0.642	+0.144	+0.197	-0.287	+0.397	-0.416	+0.398	+0.398	+0.399	-0.416	+0.403	-0.615	-0.420	+0.433	-0.610	-0.609	-0.608	-0.608	-0.664	+0.418	-0.665	-0.668	-0.456	-0.410	-0.664	-0.664	-0.619	-0.606	-0.618	-0.618	-0.618	-0.617	-0.617	-0.616	-0.618	-0.588	-0.590	-0.589	-0.592	-0.580	-0.130	-0.536	-0.736	-0.497	-0.505	-0.501	-0.505	-0.738	-0.506	-0.770	-0.511	-0.505	-0.739	+0.686	-0.775	-0.430	+0.764	-0.429	-0.482	-0.482	-0.483	-0.483	-0.375	-0.374	+0.938	+0.937	+0.882	+0.875	+0.867	+0.867	+0.832	+0.858	+0.856	+0.856	+0.862	-0.373	-0.743	+0.854	+0.854	+0.831	+0.687	+0.833	+0.836	+0.865	+0.840	+0.835	+0.837	+0.844	+0.847	+0.843	-0.773	-0.478	-0.780	-0.778	-0.779	-0.777	-0.779	-0.779	-0.778	-0.395	-0.784	-0.787	-0.787	-0.546	-0.544	-0.739	-0.508	-0.473	-0.509	-0.482	-0.520	-0.417	-0.685	-0.645	-0.476	-0.513	-0.460	-0.476	-0.134	-0.351	-0.565	-0.486	-0.717	-0.368	-0.255	-0.497	-0.332	-0.328	-0.331	-0.157	-0.157	-0.455	-0.112	-0.024	+0.072	-0.096	-0.343	-0.342	-0.343	-0.549	-0.542	-0.288	-0.243	-0.318	-0.247	-0.319	-0.320	-0.314	-0.316	-0.322	-0.497	-0.543	-0.677	-0.680	-0.530	-0.664	-0.648	-0.631	-0.633	-0.634	-0.678	-0.652	
rs78900372     +0.408	+0.153	+0.315	+0.340	+0.310	+0.144	+0.361	+0.356	+0.096	+0.023	+0.140	+0.121	+0.026	+0.032	+0.078	+0.054	+0.075	+0.091	+0.129	+0.115	+0.119	+0.119	+0.113	+0.032	+0.804	+0.810	+0.397	+0.468	+0.383	+0.447	+0.447	+0.447	+0.391	+0.449	+0.060	+0.377	+0.465	+0.496	+0.498	+0.499	+0.499	-0.034	+0.456	-0.035	-0.039	-0.120	+0.401	-0.034	-0.034	+0.017	+0.032	+0.018	+0.018	+0.018	+0.019	+0.019	+0.022	+0.019	+0.052	+0.050	+0.051	+0.048	+0.061	+0.484	+0.091	-0.108	+0.129	+0.121	+0.125	+0.121	-0.107	+0.120	+0.072	+0.115	+0.121	-0.109	+1.151	+0.047	+0.152	+1.218	+0.152	+0.144	+0.144	+0.143	+0.143	+0.202	+0.203	+1.376	+1.375	+1.327	+1.321	+1.314	+1.314	+1.282	+1.305	+1.304	+1.303	+1.309	+0.204	-0.114	+1.302	+1.302	+1.280	+1.144	+1.283	+1.286	+1.313	+1.289	+1.285	+1.286	+1.293	+1.296	+1.292	+0.050	+0.098	+0.028	+0.034	+0.029	+0.039	+0.032	+0.030	+0.034	+0.754	+0.011	-0.005	-0.004	+0.028	+0.030	-0.106	+0.064	+0.095	+0.063	+0.094	+0.053	+0.151	-0.093	-0.062	+0.100	+0.061	+0.122	+0.106	+0.280	+0.118	-0.047	+0.028	-0.087	+0.101	+0.219	+0.017	+0.151	+0.157	+0.155	+0.275	+0.275	+0.564	+0.697	+0.799	+0.912	+0.718	+0.426	+0.427	+0.424	+0.191	+0.199	+0.511	+0.564	+0.468	+0.558	+0.466	+0.466	+0.472	+0.470	+0.463	+0.249	+0.190	+0.021	+0.017	+0.148	+0.032	+0.051	+0.072	+0.070	+0.070	+0.012	+0.045	
rs4797955      -0.237	-0.487	-0.327	-0.303	-0.332	-0.502	-0.293	-0.298	-0.517	-0.600	-0.472	-0.491	-0.618	-0.612	-0.571	-0.595	-0.571	-0.561	-0.517	-0.533	-0.529	-0.529	-0.533	-0.652	+0.141	+0.198	-0.416	+0.383	-0.298	+0.384	+0.384	+0.385	-0.410	+0.389	-0.623	-0.416	+0.419	-0.616	-0.615	-0.615	-0.615	-0.672	+0.404	-0.673	-0.676	-0.473	-0.416	-0.672	-0.672	-0.626	-0.613	-0.625	-0.625	-0.625	-0.624	-0.624	-0.623	-0.625	-0.595	-0.597	-0.596	-0.599	-0.586	-0.134	-0.545	-0.747	-0.506	-0.513	-0.509	-0.514	-0.748	-0.515	-0.781	-0.520	-0.514	-0.750	+0.683	-0.785	-0.440	+0.761	-0.439	-0.491	-0.491	-0.491	-0.491	-0.385	-0.384	+0.935	+0.935	+0.879	+0.872	+0.864	+0.864	+0.830	+0.855	+0.853	+0.853	+0.860	-0.383	-0.753	+0.851	+0.851	+0.828	+0.684	+0.831	+0.834	+0.862	+0.837	+0.833	+0.834	+0.841	+0.844	+0.840	-0.784	-0.488	-0.790	-0.788	-0.790	-0.787	-0.789	-0.789	-0.788	-0.403	-0.794	-0.797	-0.797	-0.556	-0.554	-0.750	-0.518	-0.483	-0.519	-0.492	-0.530	-0.427	-0.695	-0.656	-0.486	-0.523	-0.470	-0.486	-0.148	-0.363	-0.576	-0.497	-0.728	-0.380	-0.267	-0.507	-0.343	-0.339	-0.342	-0.169	-0.170	-0.466	-0.123	-0.035	+0.062	-0.106	-0.353	-0.353	-0.353	-0.559	-0.552	-0.298	-0.253	-0.328	-0.257	-0.329	-0.330	-0.324	-0.326	-0.332	-0.507	-0.553	-0.687	-0.690	-0.540	-0.674	-0.658	-0.642	-0.644	-0.644	-0.689	-0.663	
rs78133824     +0.409	+0.154	+0.316	+0.341	+0.311	+0.145	+0.361	+0.356	+0.097	+0.024	+0.141	+0.122	+0.027	+0.033	+0.079	+0.054	+0.076	+0.091	+0.130	+0.116	+0.119	+0.120	+0.113	+0.033	+0.804	+0.811	+0.398	+0.447	+0.384	+0.468	+0.448	+0.448	+0.392	+0.450	+0.061	+0.378	+0.466	+0.497	+0.499	+0.500	+0.500	-0.034	+0.457	-0.034	-0.039	-0.119	+0.402	-0.034	-0.034	+0.017	+0.033	+0.018	+0.018	+0.019	+0.019	+0.020	+0.022	+0.020	+0.053	+0.050	+0.052	+0.048	+0.062	+0.484	+0.092	-0.107	+0.130	+0.122	+0.126	+0.121	-0.107	+0.120	+0.073	+0.115	+0.121	-0.109	+1.152	+0.048	+0.152	+1.218	+0.153	+0.144	+0.144	+0.144	+0.144	+0.203	+0.204	+1.376	+1.376	+1.328	+1.321	+1.314	+1.314	+1.282	+1.306	+1.304	+1.304	+1.310	+0.204	-0.114	+1.302	+1.302	+1.281	+1.144	+1.283	+1.286	+1.313	+1.290	+1.285	+1.287	+1.293	+1.296	+1.293	+0.051	+0.099	+0.029	+0.035	+0.030	+0.039	+0.033	+0.031	+0.035	+0.755	+0.012	-0.004	-0.003	+0.029	+0.031	-0.106	+0.065	+0.096	+0.064	+0.094	+0.054	+0.152	-0.093	-0.061	+0.100	+0.061	+0.123	+0.107	+0.281	+0.119	-0.046	+0.029	-0.086	+0.102	+0.219	+0.017	+0.151	+0.158	+0.155	+0.275	+0.276	+0.565	+0.698	+0.800	+0.913	+0.719	+0.427	+0.427	+0.425	+0.191	+0.200	+0.512	+0.565	+0.469	+0.559	+0.467	+0.466	+0.473	+0.471	+0.464	+0.250	+0.191	+0.022	+0.018	+0.149	+0.033	+0.052	+0.073	+0.071	+0.070	+0.013	+0.046	
