## Summary of overall evidence for association with region:
## log10(BF for region) = 25.2388
## p-value for region = NA

## BFs for choosing among multi-SNP models:
## log10(average 1-SNP BF) = 22.0131
## log10(average 2-SNP BF) = 25.7158

## Example posterior probabilities for multi-SNP models, based on default prior: [p(l) propto 0.5^l for l=1,2,...,L]
## posterior probability of 1-SNP = 0.000396456
## posterior probability of 2-SNP = 0.999604

## log10(BF) for single SNP and pair of SNPs:
rs675644       +0.768	+4.095	+3.942	+2.638	+2.612	+3.828	+4.128	+1.366	+4.173	+4.219	+2.729	+2.905	+4.245	+4.406	+4.409	+4.423	+4.363	+4.426	+3.044	+4.355	+6.351	+4.177	+4.614	+4.290	+2.914	+4.348	+4.332	+4.284	+4.333	+4.311	+4.334	+2.868	+1.466	+4.313	+4.265	+2.889	+4.360	+4.284	+2.893	+4.347	+4.228	+4.223	+4.278	+4.272	+3.975	+4.275	+4.275	+2.831	+4.227	+2.833	+4.261	+2.885	+4.037	+11.364	+7.115	+3.735	+12.079	+11.444	+12.074	+3.723	+12.032	+11.995	+12.055	+11.452	+12.109	+3.740	+12.137	+11.915	+3.744	+11.538	+11.972	+12.026	+3.748	+3.736	+11.694	+12.129	+12.174	+7.148	+11.876	+12.357	+7.129	+3.852	+12.007	+12.026	+3.835	+12.647	+12.553	+0.969	+12.738	+16.597	+4.573	+4.590	+8.757	+19.326	+19.276	+4.636	+4.642	+4.645	+4.598	+4.651	+20.203	+20.923	+5.350	+21.384	+21.255	+21.085	+21.334	+3.998	+21.280	+21.310	+21.564	+21.632	+21.810	+5.629	+12.993	+20.532	+23.491	+13.471	+13.420	+24.264	+5.826	+12.675	+4.338	+12.827	+24.185	+5.823	+5.823	+24.090	+3.984	+24.060	+5.714	+5.742	+23.969	+5.795	+5.793	+5.792	+5.741	+19.250	+1.422	+16.952	+9.288	+3.498	+17.012	+9.257	+3.291	+9.242	+16.930	+3.286	+16.825	+16.820	+3.280	+16.925	+3.281	+3.259	+9.141	+9.184	+16.865	+16.901	+6.871	+1.504	+3.706	+1.455	+1.489	+3.426	+1.461	+1.494	+1.214	+1.316	+1.336	+3.278	+1.276	+1.276	+1.443	+1.441	+1.460	
rs503115       +4.095	+3.941	+3.872	+3.497	+3.510	+3.834	+3.938	+4.964	+3.966	+3.976	+3.455	+3.406	+3.972	+4.093	+4.095	+4.106	+4.066	+4.108	+3.396	+4.056	+5.051	+4.125	+4.405	+4.014	+3.405	+4.050	+4.039	+4.010	+4.040	+4.025	+4.040	+3.410	+4.403	+4.026	+3.997	+3.407	+4.058	+4.010	+3.407	+4.047	+3.974	+3.970	+4.002	+3.998	+3.816	+4.000	+4.000	+3.414	+3.973	+3.413	+3.991	+3.407	+3.869	+10.623	+6.735	+4.042	+12.960	+10.697	+12.950	+4.038	+12.878	+12.814	+12.922	+10.706	+13.001	+4.047	+13.032	+12.704	+4.049	+10.785	+12.785	+12.859	+4.052	+4.046	+10.918	+13.012	+13.076	+6.843	+11.089	+13.324	+6.748	+4.104	+11.210	+11.229	+4.112	+13.655	+13.605	+3.298	+13.843	+17.447	+4.199	+4.209	+7.897	+20.616	+20.551	+4.235	+4.239	+4.243	+4.218	+4.246	+21.288	+21.658	+5.188	+22.236	+22.042	+21.836	+22.128	+7.589	+22.051	+22.060	+22.332	+22.337	+22.544	+5.394	+18.627	+19.930	+22.289	+11.703	+11.666	+23.068	+5.531	+11.392	+8.226	+11.537	+22.978	+5.531	+5.531	+22.809	+7.589	+22.775	+5.495	+5.484	+22.680	+5.515	+5.514	+5.514	+5.491	+17.721	+3.588	+15.694	+8.971	+4.363	+15.706	+8.947	+4.254	+8.937	+15.676	+4.252	+15.577	+15.573	+4.250	+15.669	+4.250	+4.238	+8.864	+8.897	+15.618	+15.654	+6.168	+3.388	+4.714	+3.375	+3.385	+4.353	+3.377	+3.388	+3.336	+3.355	+3.359	+4.282	+3.346	+3.346	+3.374	+3.374	+3.381	
rs474229       +3.942	+3.872	+3.775	+3.315	+3.315	+3.703	+3.897	+4.678	+3.941	+3.931	+3.277	+3.237	+3.909	+4.049	+4.052	+4.065	+4.019	+4.067	+3.229	+4.009	+5.019	+4.042	+4.343	+3.961	+3.236	+4.002	+3.990	+3.956	+3.990	+3.972	+3.990	+3.240	+4.151	+3.973	+3.941	+3.238	+4.011	+3.955	+3.238	+3.997	+3.912	+3.908	+3.945	+3.941	+3.725	+3.943	+3.943	+3.243	+3.912	+3.242	+3.932	+3.238	+3.787	+10.569	+6.657	+3.914	+13.152	+10.643	+13.142	+3.910	+13.067	+13.001	+13.113	+10.652	+13.194	+3.919	+13.225	+12.888	+3.921	+10.732	+12.971	+13.048	+3.924	+3.918	+10.866	+13.203	+13.269	+6.913	+11.037	+13.522	+6.670	+3.977	+11.160	+11.178	+3.985	+13.852	+13.809	+3.143	+14.049	+17.604	+4.093	+4.102	+7.882	+20.694	+20.629	+4.130	+4.134	+4.137	+4.112	+4.141	+21.355	+21.718	+5.066	+22.298	+22.102	+21.896	+22.188	+7.424	+22.110	+22.119	+22.391	+22.394	+22.601	+5.273	+18.582	+19.896	+22.316	+11.644	+11.606	+23.096	+5.411	+11.394	+8.126	+11.541	+23.005	+5.411	+5.411	+22.833	+7.423	+22.799	+5.374	+5.363	+22.704	+5.394	+5.394	+5.393	+5.370	+17.719	+3.437	+15.658	+8.888	+4.228	+15.672	+8.864	+4.118	+8.854	+15.640	+4.116	+15.540	+15.537	+4.113	+15.633	+4.114	+4.101	+8.781	+8.813	+15.582	+15.618	+6.079	+3.235	+4.594	+3.221	+3.232	+4.217	+3.223	+3.235	+3.180	+3.200	+3.204	+4.145	+3.191	+3.191	+3.221	+3.220	+3.227	
rs10235630     +2.638	+3.497	+3.315	+0.947	+0.863	+3.152	+3.549	+0.613	+3.605	+3.631	+0.902	+0.992	+3.598	+3.801	+3.804	+3.821	+3.755	+3.825	+1.088	+3.745	+6.327	+3.555	+4.016	+3.672	+0.999	+3.735	+3.717	+3.665	+3.718	+3.691	+3.716	+0.966	+0.625	+3.693	+3.641	+0.978	+3.748	+3.664	+0.980	+3.727	+3.597	+3.591	+3.650	+3.643	+3.270	+3.646	+3.647	+0.942	+3.596	+0.943	+3.629	+0.975	+3.364	+10.187	+6.017	+1.810	+12.271	+10.270	+12.265	+1.804	+12.214	+12.169	+12.245	+10.280	+12.309	+1.817	+12.340	+12.083	+1.820	+10.367	+12.151	+12.214	+1.824	+1.816	+10.514	+12.339	+12.392	+6.752	+10.701	+12.608	+6.032	+1.898	+10.835	+10.854	+1.896	+12.880	+12.837	+0.697	+13.046	+17.566	+3.037	+3.049	+7.883	+20.572	+20.514	+3.094	+3.100	+3.101	+3.055	+3.106	+20.992	+21.505	+3.036	+21.970	+21.875	+21.674	+21.955	+7.111	+21.879	+21.885	+22.151	+22.181	+22.386	+3.275	+19.568	+19.255	+23.363	+10.001	+9.947	+24.153	+3.441	+11.845	+5.724	+12.026	+24.057	+3.439	+3.439	+23.867	+7.058	+23.831	+3.366	+3.379	+23.728	+3.417	+3.416	+3.415	+3.380	+18.156	+0.812	+15.343	+6.482	+1.863	+15.359	+6.456	+1.732	+6.444	+15.324	+1.729	+15.213	+15.208	+1.727	+15.310	+1.726	+1.712	+6.361	+6.394	+15.246	+15.282	+4.887	+0.883	+2.953	+0.848	+0.876	+1.839	+0.851	+0.880	+0.728	+0.790	+0.800	+1.745	+0.760	+0.760	+0.842	+0.841	+0.861	
rs2099446      +2.612	+3.510	+3.315	+0.863	+0.922	+3.154	+3.553	+0.591	+3.608	+3.634	+0.892	+0.987	+3.601	+3.812	+3.815	+3.833	+3.766	+3.836	+1.099	+3.747	+6.335	+3.555	+4.017	+3.675	+0.994	+3.738	+3.719	+3.667	+3.720	+3.694	+3.719	+0.960	+0.606	+3.696	+3.644	+0.973	+3.750	+3.666	+0.975	+3.730	+3.599	+3.593	+3.652	+3.646	+3.272	+3.649	+3.649	+0.935	+3.598	+0.936	+3.632	+0.969	+3.366	+10.187	+6.015	+1.802	+12.273	+10.270	+12.267	+1.796	+12.216	+12.171	+12.247	+10.279	+12.311	+1.809	+12.343	+12.085	+1.812	+10.367	+12.153	+12.217	+1.816	+1.808	+10.514	+12.341	+12.394	+6.755	+10.701	+12.611	+6.030	+1.890	+10.835	+10.855	+1.888	+12.882	+12.840	+0.680	+13.049	+17.569	+3.038	+3.050	+7.891	+20.651	+20.593	+3.096	+3.101	+3.103	+3.056	+3.108	+21.062	+21.568	+3.031	+22.034	+21.939	+21.738	+22.020	+7.084	+21.943	+21.948	+22.215	+22.243	+22.450	+3.270	+19.351	+19.259	+23.443	+10.015	+9.960	+24.235	+3.436	+11.849	+5.599	+12.030	+24.138	+3.435	+3.435	+23.945	+7.032	+23.909	+3.360	+3.374	+23.805	+3.413	+3.412	+3.411	+3.375	+18.198	+0.792	+15.352	+6.469	+1.851	+15.369	+6.444	+1.719	+6.432	+15.333	+1.716	+15.221	+15.216	+1.714	+15.319	+1.714	+1.700	+6.348	+6.381	+15.254	+15.291	+4.884	+0.869	+2.934	+0.833	+0.863	+1.827	+0.837	+0.866	+0.712	+0.775	+0.786	+1.732	+0.744	+0.744	+0.828	+0.827	+0.847	
rs2572024      +3.828	+3.834	+3.703	+3.152	+3.154	+3.629	+3.868	+4.325	+3.921	+3.902	+3.122	+3.091	+3.871	+4.027	+4.029	+4.044	+3.990	+4.046	+3.088	+3.982	+4.999	+3.981	+4.300	+3.926	+3.091	+3.975	+3.960	+3.921	+3.961	+3.941	+3.960	+3.093	+3.887	+3.942	+3.903	+3.091	+3.984	+3.920	+3.091	+3.967	+3.872	+3.867	+3.910	+3.905	+3.657	+3.907	+3.907	+3.095	+3.871	+3.094	+3.895	+3.091	+3.728	+10.538	+6.605	+3.813	+13.263	+10.613	+13.252	+3.809	+13.177	+13.110	+13.223	+10.622	+13.305	+3.819	+13.336	+12.996	+3.821	+10.702	+13.079	+13.156	+3.824	+3.818	+10.833	+13.314	+13.379	+6.961	+11.006	+13.635	+6.619	+3.878	+11.129	+11.147	+3.878	+14.024	+13.923	+3.008	+14.165	+17.742	+4.006	+4.016	+7.874	+20.842	+20.776	+4.044	+4.048	+4.052	+4.026	+4.056	+21.447	+21.801	+4.968	+22.386	+22.188	+21.980	+22.275	+7.268	+22.196	+22.205	+22.477	+22.477	+22.686	+5.177	+18.427	+19.855	+22.356	+11.564	+11.526	+23.136	+5.316	+11.398	+7.945	+11.547	+23.044	+5.316	+5.316	+22.871	+7.267	+22.836	+5.277	+5.268	+22.740	+5.299	+5.299	+5.298	+5.275	+17.721	+3.311	+15.624	+8.808	+4.118	+15.629	+8.784	+4.006	+8.774	+15.606	+4.004	+15.506	+15.502	+4.002	+15.598	+4.002	+3.990	+8.700	+8.733	+15.547	+15.583	+6.002	+3.105	+4.489	+3.089	+3.102	+4.107	+3.091	+3.105	+3.044	+3.067	+3.072	+4.033	+3.056	+3.056	+3.088	+3.088	+3.097	
rs1025576      +4.128	+3.938	+3.897	+3.549	+3.553	+3.868	+3.976	+5.164	+4.014	+4.002	+3.505	+3.449	+3.986	+4.105	+4.107	+4.118	+4.079	+4.120	+3.434	+4.070	+5.053	+4.129	+4.407	+4.029	+3.448	+4.064	+4.053	+4.025	+4.054	+4.039	+4.054	+3.453	+4.553	+4.040	+4.012	+3.450	+4.072	+4.024	+3.450	+4.060	+3.989	+3.985	+4.016	+4.013	+3.838	+4.014	+4.014	+3.458	+3.988	+3.458	+4.006	+3.451	+3.886	+10.620	+6.735	+4.063	+13.070	+10.693	+13.060	+4.059	+12.986	+12.920	+13.031	+10.702	+13.112	+4.068	+13.143	+12.808	+4.070	+10.781	+12.890	+12.966	+4.073	+4.067	+10.914	+13.122	+13.187	+6.869	+11.084	+13.440	+6.749	+4.124	+11.206	+11.224	+4.133	+13.769	+13.726	+3.334	+13.966	+17.543	+4.206	+4.216	+7.903	+20.639	+20.574	+4.242	+4.246	+4.249	+4.225	+4.253	+21.301	+21.674	+5.202	+22.254	+22.058	+21.852	+22.144	+7.598	+22.066	+22.076	+22.348	+22.353	+22.560	+5.407	+18.759	+19.946	+22.292	+11.745	+11.708	+23.071	+5.543	+11.393	+8.332	+11.538	+22.980	+5.543	+5.543	+22.811	+7.600	+22.777	+5.508	+5.496	+22.682	+5.527	+5.527	+5.526	+5.504	+17.719	+3.618	+15.689	+9.015	+4.383	+15.702	+8.992	+4.275	+8.982	+15.670	+4.273	+15.571	+15.568	+4.271	+15.663	+4.271	+4.259	+8.909	+8.941	+15.613	+15.649	+6.189	+3.422	+4.760	+3.409	+3.419	+4.373	+3.411	+3.421	+3.370	+3.389	+3.393	+4.303	+3.380	+3.380	+3.408	+3.408	+3.414	
rs2572023      +1.366	+4.964	+4.678	+0.613	+0.591	+4.325	+5.164	+0.482	+5.255	+5.106	+0.691	+0.823	+4.754	+5.100	+5.105	+5.133	+5.040	+5.138	+0.921	+5.029	+5.498	+4.213	+4.823	+4.925	+0.832	+5.012	+4.982	+4.912	+4.983	+4.940	+4.974	+0.796	+0.392	+4.941	+4.872	+0.810	+5.023	+4.906	+0.812	+4.983	+4.793	+4.783	+4.865	+4.854	+4.302	+4.858	+4.859	+0.769	+4.789	+0.771	+4.829	+0.807	+4.313	+10.183	+6.000	+1.706	+14.505	+10.265	+14.497	+1.699	+14.424	+14.359	+14.472	+10.275	+14.551	+1.713	+14.581	+14.249	+1.716	+10.362	+14.332	+14.407	+1.720	+1.711	+10.507	+14.561	+14.625	+8.092	+10.692	+14.880	+6.015	+1.800	+10.825	+10.845	+1.794	+15.118	+15.154	+0.427	+15.389	+20.562	+3.765	+3.772	+8.540	+23.801	+23.735	+3.839	+3.845	+3.840	+3.762	+3.842	+23.759	+23.983	+2.977	+24.429	+24.380	+24.150	+24.459	+6.664	+24.352	+24.328	+24.596	+24.570	+24.797	+3.222	+19.314	+19.270	+23.701	+9.966	+9.913	+24.486	+3.392	+12.176	+4.118	+12.364	+24.389	+3.390	+3.390	+24.174	+6.610	+24.138	+3.312	+3.328	+24.036	+3.367	+3.366	+3.365	+3.328	+18.382	+0.489	+15.400	+6.451	+1.705	+15.411	+6.425	+1.563	+6.414	+15.381	+1.560	+15.268	+15.263	+1.557	+15.366	+1.557	+1.541	+6.328	+6.362	+15.299	+15.335	+4.861	+0.593	+2.595	+0.555	+0.585	+1.675	+0.559	+0.589	+0.411	+0.481	+0.494	+1.572	+0.449	+0.449	+0.548	+0.547	+0.567	
rs2572022      +4.173	+3.966	+3.941	+3.605	+3.608	+3.921	+4.014	+5.255	+4.025	+4.024	+3.560	+3.501	+4.009	+4.122	+4.124	+4.135	+4.097	+4.137	+3.485	+4.088	+5.063	+4.153	+4.424	+4.049	+3.500	+4.083	+4.072	+4.045	+4.073	+4.059	+4.073	+3.506	+4.650	+4.060	+4.033	+3.503	+4.090	+4.045	+3.503	+4.079	+4.011	+4.008	+4.037	+4.034	+3.870	+4.035	+4.036	+3.511	+4.010	+3.511	+4.027	+3.503	+3.914	+10.635	+6.756	+4.102	+13.042	+10.708	+13.031	+4.097	+12.958	+12.892	+13.003	+10.716	+13.083	+4.106	+13.114	+12.780	+4.108	+10.796	+12.862	+12.938	+4.111	+4.105	+10.928	+13.092	+13.157	+6.858	+11.098	+13.409	+6.770	+4.162	+11.219	+11.238	+4.171	+13.738	+13.693	+3.381	+13.933	+17.512	+4.237	+4.246	+7.908	+20.606	+20.541	+4.272	+4.276	+4.279	+4.255	+4.283	+21.271	+21.649	+5.238	+22.228	+22.032	+21.826	+22.118	+7.644	+22.041	+22.050	+22.322	+22.328	+22.534	+5.443	+18.812	+19.965	+22.280	+11.776	+11.739	+23.059	+5.578	+11.393	+8.386	+11.538	+22.968	+5.578	+5.579	+22.800	+7.646	+22.766	+5.544	+5.532	+22.671	+5.562	+5.562	+5.561	+5.539	+17.720	+3.663	+15.701	+9.051	+4.423	+15.715	+9.028	+4.315	+9.018	+15.683	+4.313	+15.584	+15.580	+4.311	+15.676	+4.311	+4.299	+8.945	+8.978	+15.626	+15.662	+6.216	+3.466	+4.794	+3.454	+3.463	+4.413	+3.455	+3.466	+3.416	+3.434	+3.438	+4.343	+3.426	+3.426	+3.453	+3.453	+3.459	
rs2060452      +4.219	+3.976	+3.931	+3.631	+3.634	+3.902	+4.002	+5.106	+4.024	+4.077	+3.624	+3.562	+4.036	+4.146	+4.148	+4.159	+4.122	+4.160	+3.542	+4.114	+5.068	+4.169	+4.435	+4.076	+3.560	+4.108	+4.098	+4.072	+4.099	+4.085	+4.098	+3.567	+4.812	+4.086	+4.061	+3.563	+4.115	+4.072	+3.563	+4.104	+4.040	+4.037	+4.064	+4.061	+3.913	+4.062	+4.062	+3.573	+4.039	+3.573	+4.054	+3.564	+3.947	+10.639	+6.768	+4.145	+13.149	+10.713	+13.138	+4.141	+13.062	+12.994	+13.108	+10.721	+13.190	+4.150	+13.220	+12.879	+4.152	+10.800	+12.961	+13.039	+4.155	+4.149	+10.932	+13.195	+13.260	+6.883	+11.102	+13.515	+6.781	+4.206	+11.223	+11.241	+4.213	+13.855	+13.802	+3.429	+14.042	+17.542	+4.265	+4.274	+7.911	+20.645	+20.580	+4.300	+4.304	+4.307	+4.283	+4.311	+21.291	+21.656	+5.286	+22.239	+22.039	+21.833	+22.126	+7.669	+22.047	+22.056	+22.336	+22.334	+22.539	+5.491	+18.819	+19.989	+22.274	+11.828	+11.792	+23.050	+5.627	+11.393	+8.442	+11.537	+22.960	+5.628	+5.628	+22.792	+7.672	+22.758	+5.593	+5.581	+22.663	+5.612	+5.611	+5.611	+5.589	+17.720	+3.708	+15.708	+9.108	+4.473	+15.723	+9.085	+4.366	+9.075	+15.690	+4.364	+15.592	+15.588	+4.362	+15.684	+4.362	+4.350	+9.003	+9.035	+15.634	+15.670	+6.235	+3.512	+4.825	+3.500	+3.510	+4.465	+3.502	+3.512	+3.465	+3.482	+3.485	+4.395	+3.473	+3.473	+3.499	+3.499	+3.505	
rs2527881      +2.729	+3.455	+3.277	+0.902	+0.892	+3.122	+3.505	+0.691	+3.560	+3.624	+1.039	+1.037	+3.605	+3.808	+3.811	+3.829	+3.762	+3.832	+1.130	+3.752	+6.432	+3.559	+4.019	+3.679	+1.043	+3.742	+3.724	+3.671	+3.725	+3.698	+3.723	+1.013	+0.701	+3.700	+3.648	+1.024	+3.755	+3.670	+1.026	+3.734	+3.603	+3.597	+3.656	+3.650	+3.276	+3.653	+3.653	+0.991	+3.602	+0.992	+3.636	+1.021	+3.370	+10.190	+6.028	+1.842	+12.267	+10.272	+12.260	+1.836	+12.209	+12.163	+12.239	+10.282	+12.303	+1.849	+12.335	+12.077	+1.852	+10.369	+12.145	+12.208	+1.856	+1.848	+10.515	+12.332	+12.385	+6.742	+10.701	+12.602	+6.043	+1.929	+10.835	+10.854	+1.927	+12.871	+12.830	+0.771	+13.038	+17.530	+3.036	+3.048	+7.864	+20.540	+20.482	+3.093	+3.098	+3.100	+3.054	+3.105	+20.953	+21.461	+3.059	+21.927	+21.829	+21.629	+21.910	+7.292	+21.834	+21.840	+22.106	+22.137	+22.341	+3.296	+19.847	+19.253	+23.305	+9.989	+9.935	+24.091	+3.460	+11.801	+5.863	+11.980	+23.996	+3.459	+3.459	+23.807	+7.239	+23.771	+3.388	+3.399	+23.669	+3.437	+3.436	+3.435	+3.401	+18.119	+0.887	+15.336	+6.502	+1.909	+15.352	+6.477	+1.780	+6.465	+15.317	+1.777	+15.206	+15.201	+1.776	+15.303	+1.775	+1.761	+6.382	+6.415	+15.239	+15.276	+4.896	+0.950	+3.005	+0.915	+0.943	+1.887	+0.918	+0.947	+0.798	+0.859	+0.870	+1.795	+0.830	+0.830	+0.909	+0.909	+0.928	
rs2527927      +2.905	+3.406	+3.237	+0.992	+0.987	+3.091	+3.449	+0.823	+3.501	+3.562	+1.037	+1.189	+3.604	+3.806	+3.810	+3.827	+3.760	+3.830	+1.199	+3.750	+6.495	+3.566	+4.021	+3.677	+1.138	+3.740	+3.722	+3.670	+3.723	+3.697	+3.721	+1.122	+0.844	+3.698	+3.647	+1.125	+3.753	+3.669	+1.127	+3.732	+3.602	+3.596	+3.655	+3.648	+3.277	+3.651	+3.652	+1.109	+3.601	+1.110	+3.634	+1.121	+3.370	+10.194	+6.045	+1.896	+12.297	+10.276	+12.290	+1.890	+12.238	+12.192	+12.269	+10.286	+12.333	+1.903	+12.364	+12.104	+1.906	+10.373	+12.171	+12.236	+1.910	+1.902	+10.518	+12.359	+12.412	+6.736	+10.704	+12.629	+6.059	+1.980	+10.837	+10.856	+1.979	+12.896	+12.857	+0.906	+13.065	+17.563	+3.039	+3.051	+7.819	+20.593	+20.534	+3.095	+3.101	+3.103	+3.058	+3.107	+20.998	+21.506	+3.095	+21.973	+21.875	+21.673	+21.955	+7.494	+21.877	+21.881	+22.147	+22.177	+22.382	+3.329	+20.076	+19.253	+23.309	+9.980	+9.927	+24.144	+3.491	+11.792	+6.057	+11.972	+24.047	+3.490	+3.490	+23.858	+7.439	+23.821	+3.422	+3.431	+23.718	+3.468	+3.467	+3.467	+3.433	+18.124	+1.006	+15.337	+6.531	+1.982	+15.352	+6.506	+1.856	+6.494	+15.317	+1.854	+15.206	+15.202	+1.852	+15.304	+1.851	+1.838	+6.412	+6.445	+15.240	+15.276	+4.908	+1.045	+3.114	+1.012	+1.039	+1.961	+1.016	+1.043	+0.904	+0.961	+0.971	+1.872	+0.933	+0.933	+1.007	+1.007	+1.025	
rs2527926      +4.245	+3.972	+3.909	+3.598	+3.601	+3.871	+3.986	+4.754	+4.009	+4.036	+3.605	+3.604	+4.083	+4.195	+4.198	+4.211	+4.160	+4.214	+3.575	+4.163	+5.058	+4.147	+4.415	+4.113	+3.601	+4.156	+4.144	+4.109	+4.144	+4.127	+4.141	+3.611	+5.089	+4.128	+4.096	+3.605	+4.159	+4.107	+3.605	+4.143	+4.073	+4.070	+4.101	+4.098	+3.982	+4.099	+4.100	+3.619	+4.072	+3.618	+4.090	+3.606	+3.971	+10.610	+6.738	+4.136	+13.434	+10.683	+13.421	+4.132	+13.339	+13.266	+13.387	+10.692	+13.471	+4.141	+13.500	+13.142	+4.143	+10.771	+13.227	+13.307	+4.146	+4.140	+10.899	+13.467	+13.534	+6.955	+11.069	+13.796	+6.751	+4.196	+11.191	+11.209	+4.205	+14.110	+14.085	+3.443	+14.324	+17.810	+4.242	+4.251	+7.918	+20.961	+20.893	+4.277	+4.281	+4.284	+4.261	+4.288	+21.534	+21.868	+5.255	+22.466	+22.256	+22.044	+22.342	+7.631	+22.259	+22.264	+22.536	+22.534	+22.745	+5.459	+18.778	+19.921	+22.341	+11.759	+11.722	+23.146	+5.595	+11.395	+8.406	+11.542	+23.053	+5.595	+5.595	+22.879	+7.634	+22.844	+5.565	+5.549	+22.747	+5.579	+5.579	+5.578	+5.558	+17.719	+3.714	+15.646	+9.062	+4.453	+15.651	+9.037	+4.346	+9.027	+15.629	+4.344	+15.529	+15.525	+4.342	+15.621	+4.343	+4.331	+8.955	+8.987	+15.571	+15.607	+6.168	+3.508	+4.849	+3.496	+3.506	+4.443	+3.498	+3.508	+3.471	+3.483	+3.486	+4.375	+3.476	+3.476	+3.496	+3.496	+3.502	
rs2572019      +4.406	+4.093	+4.049	+3.801	+3.812	+4.027	+4.105	+5.100	+4.122	+4.146	+3.808	+3.806	+4.195	+4.270	+4.286	+4.295	+4.261	+4.296	+3.779	+4.248	+5.099	+4.245	+4.489	+4.223	+3.804	+4.245	+4.239	+4.220	+4.239	+4.231	+4.236	+3.815	+5.483	+4.231	+4.214	+3.809	+4.244	+4.218	+3.809	+4.234	+4.205	+4.204	+4.218	+4.217	+4.255	+4.217	+4.217	+3.824	+4.203	+3.824	+4.212	+3.810	+4.132	+10.667	+6.819	+4.280	+13.240	+10.740	+13.227	+4.275	+13.147	+13.077	+13.195	+10.748	+13.277	+4.284	+13.306	+12.956	+4.286	+10.827	+13.039	+13.118	+4.289	+4.283	+10.954	+13.274	+13.340	+6.888	+11.122	+13.598	+6.831	+4.338	+11.243	+11.261	+4.347	+13.917	+13.884	+3.617	+14.121	+17.562	+4.374	+4.382	+7.947	+20.791	+20.724	+4.407	+4.411	+4.414	+4.392	+4.418	+21.436	+21.780	+5.398	+22.374	+22.167	+21.956	+22.253	+7.812	+22.171	+22.177	+22.449	+22.450	+22.659	+5.601	+18.794	+19.954	+22.300	+11.844	+11.807	+23.103	+5.735	+11.394	+8.514	+11.538	+23.011	+5.735	+5.736	+22.839	+7.816	+22.805	+5.708	+5.690	+22.709	+5.720	+5.720	+5.719	+5.699	+17.720	+3.886	+15.692	+9.153	+4.609	+15.707	+9.128	+4.504	+9.118	+15.676	+4.502	+15.577	+15.573	+4.500	+15.668	+4.501	+4.489	+9.047	+9.079	+15.619	+15.654	+6.269	+3.682	+4.986	+3.673	+3.680	+4.600	+3.674	+3.682	+3.648	+3.659	+3.662	+4.533	+3.653	+3.653	+3.672	+3.672	+3.677	
rs2527925      +4.409	+4.095	+4.052	+3.804	+3.815	+4.029	+4.107	+5.105	+4.124	+4.148	+3.811	+3.810	+4.198	+4.286	+4.273	+4.296	+4.262	+4.297	+3.782	+4.250	+5.099	+4.246	+4.490	+4.225	+3.807	+4.246	+4.241	+4.223	+4.241	+4.233	+4.238	+3.819	+5.489	+4.233	+4.217	+3.812	+4.246	+4.221	+3.812	+4.236	+4.207	+4.207	+4.220	+4.219	+4.260	+4.219	+4.219	+3.827	+4.206	+3.827	+4.215	+3.813	+4.135	+10.668	+6.820	+4.282	+13.237	+10.741	+13.224	+4.278	+13.145	+13.075	+13.192	+10.749	+13.274	+4.286	+13.303	+12.953	+4.288	+10.828	+13.036	+13.115	+4.291	+4.286	+10.955	+13.271	+13.337	+6.887	+11.123	+13.595	+6.833	+4.340	+11.244	+11.262	+4.349	+13.914	+13.881	+3.620	+14.118	+17.560	+4.375	+4.384	+7.948	+20.789	+20.722	+4.409	+4.413	+4.416	+4.394	+4.420	+21.434	+21.778	+5.400	+22.371	+22.164	+21.954	+22.250	+7.815	+22.169	+22.175	+22.446	+22.448	+22.657	+5.603	+18.797	+19.955	+22.299	+11.846	+11.809	+23.102	+5.737	+11.394	+8.517	+11.538	+23.010	+5.738	+5.738	+22.839	+7.819	+22.804	+5.710	+5.692	+22.708	+5.722	+5.722	+5.721	+5.701	+17.720	+3.889	+15.693	+9.155	+4.612	+15.708	+9.130	+4.507	+9.120	+15.676	+4.505	+15.578	+15.574	+4.503	+15.669	+4.503	+4.491	+9.049	+9.081	+15.619	+15.655	+6.270	+3.685	+4.988	+3.675	+3.683	+4.603	+3.677	+3.685	+3.651	+3.662	+3.664	+4.536	+3.656	+3.656	+3.675	+3.675	+3.679	
rs2572018      +4.423	+4.106	+4.065	+3.821	+3.833	+4.044	+4.118	+5.133	+4.135	+4.159	+3.829	+3.827	+4.211	+4.295	+4.296	+4.289	+4.272	+4.305	+3.800	+4.260	+5.103	+4.255	+4.497	+4.237	+3.825	+4.257	+4.252	+4.235	+4.252	+4.245	+4.248	+3.837	+5.522	+4.245	+4.230	+3.830	+4.255	+4.233	+3.830	+4.246	+4.221	+4.221	+4.234	+4.232	+4.290	+4.232	+4.233	+3.845	+4.220	+3.845	+4.228	+3.831	+4.150	+10.674	+6.828	+4.294	+13.221	+10.746	+13.208	+4.290	+13.128	+13.059	+13.175	+10.755	+13.258	+4.299	+13.287	+12.937	+4.301	+10.833	+13.020	+13.098	+4.303	+4.298	+10.960	+13.255	+13.321	+6.882	+11.128	+13.579	+6.840	+4.352	+11.249	+11.267	+4.361	+13.897	+13.863	+3.635	+14.100	+17.547	+4.386	+4.394	+7.951	+20.774	+20.707	+4.419	+4.423	+4.426	+4.404	+4.430	+21.420	+21.767	+5.411	+22.359	+22.153	+21.943	+22.239	+7.830	+22.157	+22.164	+22.435	+22.437	+22.646	+5.614	+18.814	+19.961	+22.294	+11.855	+11.819	+23.096	+5.748	+11.395	+8.535	+11.538	+23.005	+5.749	+5.749	+22.834	+7.834	+22.800	+5.721	+5.703	+22.704	+5.733	+5.733	+5.732	+5.712	+17.720	+3.903	+15.698	+9.166	+4.624	+15.713	+9.142	+4.519	+9.132	+15.681	+4.518	+15.583	+15.579	+4.516	+15.674	+4.516	+4.504	+9.060	+9.092	+15.625	+15.660	+6.280	+3.700	+5.001	+3.690	+3.698	+4.615	+3.691	+3.699	+3.666	+3.676	+3.679	+4.548	+3.671	+3.671	+3.689	+3.689	+3.694	
rs2082745      +4.363	+4.066	+4.019	+3.755	+3.766	+3.990	+4.079	+5.040	+4.097	+4.122	+3.762	+3.760	+4.160	+4.261	+4.262	+4.272	+4.231	+4.274	+3.735	+4.221	+5.089	+4.224	+4.473	+4.200	+3.758	+4.217	+4.210	+4.197	+4.210	+4.200	+4.207	+3.769	+5.387	+4.200	+4.190	+3.763	+4.218	+4.195	+3.763	+4.207	+4.177	+4.176	+4.184	+4.182	+4.170	+4.183	+4.183	+3.777	+4.176	+3.777	+4.177	+3.764	+4.099	+10.650	+6.802	+4.250	+13.301	+10.723	+13.288	+4.245	+13.207	+13.136	+13.255	+10.731	+13.338	+4.254	+13.367	+13.014	+4.256	+10.810	+13.097	+13.177	+4.259	+4.253	+10.941	+13.334	+13.401	+6.904	+11.110	+13.660	+6.815	+4.308	+11.231	+11.249	+4.317	+13.978	+13.947	+3.580	+14.185	+17.607	+4.347	+4.356	+7.940	+20.844	+20.777	+4.381	+4.385	+4.388	+4.365	+4.391	+21.482	+21.819	+5.371	+22.414	+22.206	+21.995	+22.292	+7.774	+22.210	+22.216	+22.487	+22.488	+22.697	+5.574	+18.744	+19.942	+22.317	+11.822	+11.786	+23.121	+5.709	+11.394	+8.468	+11.538	+23.029	+5.709	+5.710	+22.856	+7.778	+22.821	+5.682	+5.664	+22.725	+5.694	+5.694	+5.693	+5.673	+17.720	+3.851	+15.679	+9.126	+4.579	+15.693	+9.102	+4.473	+9.092	+15.662	+4.472	+15.563	+15.559	+4.470	+15.655	+4.470	+4.458	+9.020	+9.052	+15.605	+15.641	+6.243	+3.646	+4.956	+3.636	+3.644	+4.570	+3.637	+3.645	+3.611	+3.622	+3.624	+4.502	+3.616	+3.616	+3.635	+3.635	+3.640	
rs2572015      +4.426	+4.108	+4.067	+3.825	+3.836	+4.046	+4.120	+5.138	+4.137	+4.160	+3.832	+3.830	+4.214	+4.296	+4.297	+4.305	+4.274	+4.292	+3.803	+4.262	+5.104	+4.257	+4.498	+4.239	+3.828	+4.259	+4.254	+4.237	+4.254	+4.247	+4.250	+3.840	+5.528	+4.247	+4.232	+3.833	+4.257	+4.235	+3.833	+4.248	+4.224	+4.224	+4.236	+4.235	+4.296	+4.235	+4.235	+3.849	+4.222	+3.848	+4.231	+3.834	+4.153	+10.675	+6.829	+4.296	+13.218	+10.747	+13.205	+4.292	+13.126	+13.056	+13.173	+10.755	+13.255	+4.301	+13.284	+12.935	+4.303	+10.834	+13.018	+13.096	+4.305	+4.300	+10.961	+13.252	+13.318	+6.881	+11.129	+13.576	+6.841	+4.354	+11.250	+11.268	+4.364	+13.894	+13.861	+3.638	+14.097	+17.546	+4.388	+4.396	+7.951	+20.772	+20.705	+4.421	+4.425	+4.428	+4.406	+4.431	+21.418	+21.765	+5.413	+22.357	+22.151	+21.941	+22.237	+7.832	+22.155	+22.162	+22.433	+22.435	+22.644	+5.616	+18.818	+19.962	+22.293	+11.857	+11.820	+23.096	+5.750	+11.395	+8.538	+11.538	+23.004	+5.751	+5.751	+22.833	+7.836	+22.799	+5.723	+5.705	+22.703	+5.735	+5.735	+5.734	+5.714	+17.720	+3.906	+15.699	+9.168	+4.626	+15.714	+9.144	+4.522	+9.134	+15.682	+4.520	+15.583	+15.580	+4.518	+15.675	+4.518	+4.506	+9.062	+9.094	+15.625	+15.661	+6.281	+3.702	+5.003	+3.692	+3.700	+4.618	+3.694	+3.702	+3.669	+3.679	+3.682	+4.551	+3.673	+3.673	+3.692	+3.692	+3.696	
rs2099445      +3.044	+3.396	+3.229	+1.088	+1.099	+3.088	+3.434	+0.921	+3.485	+3.542	+1.130	+1.199	+3.575	+3.779	+3.782	+3.800	+3.735	+3.803	+1.289	+3.717	+6.265	+3.569	+4.016	+3.647	+1.199	+3.708	+3.690	+3.640	+3.691	+3.666	+3.690	+1.200	+0.940	+3.667	+3.618	+1.196	+3.720	+3.639	+1.198	+3.700	+3.575	+3.569	+3.626	+3.619	+3.259	+3.622	+3.623	+1.199	+3.574	+1.198	+3.606	+1.193	+3.355	+10.203	+6.067	+1.941	+12.194	+10.285	+12.187	+1.935	+12.136	+12.091	+12.166	+10.294	+12.230	+1.947	+12.261	+12.003	+1.950	+10.381	+12.070	+12.133	+1.954	+1.946	+10.525	+12.256	+12.308	+6.690	+10.710	+12.523	+6.081	+2.023	+10.842	+10.862	+2.023	+12.793	+12.749	+0.991	+12.955	+17.417	+3.043	+3.054	+7.806	+20.506	+20.448	+3.097	+3.103	+3.105	+3.061	+3.109	+20.930	+21.443	+3.128	+21.911	+21.812	+21.611	+21.892	+7.662	+21.815	+21.820	+22.086	+22.117	+22.322	+3.360	+20.135	+19.255	+23.244	+9.977	+9.924	+24.078	+3.520	+11.719	+6.120	+11.896	+23.981	+3.519	+3.519	+23.793	+7.607	+23.757	+3.454	+3.462	+23.654	+3.498	+3.497	+3.497	+3.464	+18.088	+1.089	+15.331	+6.553	+2.040	+15.346	+6.527	+1.917	+6.516	+15.312	+1.914	+15.202	+15.197	+1.912	+15.298	+1.912	+1.898	+6.435	+6.467	+15.235	+15.271	+4.924	+1.126	+3.179	+1.094	+1.120	+2.021	+1.097	+1.123	+0.989	+1.044	+1.053	+1.933	+1.017	+1.017	+1.089	+1.088	+1.106	
rs2572013      +4.355	+4.056	+4.009	+3.745	+3.747	+3.982	+4.070	+5.029	+4.088	+4.114	+3.752	+3.750	+4.163	+4.248	+4.250	+4.260	+4.221	+4.262	+3.717	+4.216	+5.084	+4.213	+4.464	+4.197	+3.748	+4.226	+4.218	+4.194	+4.218	+4.208	+4.214	+3.759	+5.409	+4.208	+4.187	+3.752	+4.224	+4.192	+3.752	+4.212	+4.174	+4.173	+4.191	+4.189	+4.220	+4.190	+4.190	+3.767	+4.172	+3.767	+4.184	+3.753	+4.091	+10.644	+6.790	+4.235	+13.342	+10.717	+13.329	+4.231	+13.248	+13.176	+13.296	+10.726	+13.379	+4.240	+13.408	+13.053	+4.242	+10.804	+13.137	+13.216	+4.245	+4.239	+10.932	+13.375	+13.442	+6.917	+11.100	+13.703	+6.803	+4.294	+11.222	+11.240	+4.303	+14.019	+13.990	+3.567	+14.228	+17.640	+4.335	+4.343	+7.939	+20.774	+20.707	+4.369	+4.373	+4.376	+4.353	+4.380	+21.411	+21.761	+5.354	+22.353	+22.146	+21.937	+22.232	+7.757	+22.151	+22.158	+22.428	+22.431	+22.640	+5.557	+18.862	+19.959	+22.291	+11.845	+11.808	+23.093	+5.692	+11.393	+8.558	+11.538	+23.002	+5.693	+5.693	+22.831	+7.760	+22.797	+5.664	+5.647	+22.701	+5.677	+5.677	+5.676	+5.656	+17.718	+3.837	+15.689	+9.146	+4.562	+15.704	+9.121	+4.457	+9.111	+15.672	+4.455	+15.574	+15.570	+4.453	+15.665	+4.454	+4.442	+9.039	+9.071	+15.615	+15.651	+6.248	+3.631	+4.952	+3.622	+3.629	+4.553	+3.623	+3.631	+3.598	+3.608	+3.611	+4.486	+3.602	+3.602	+3.621	+3.621	+3.626	
rs151012614    +6.351	+5.051	+5.019	+6.327	+6.335	+4.999	+5.053	+5.498	+5.063	+5.068	+6.432	+6.495	+5.058	+5.099	+5.099	+5.103	+5.089	+5.104	+6.265	+5.084	+5.454	+5.280	+5.452	+5.071	+6.483	+5.082	+5.079	+5.069	+5.079	+5.074	+5.079	+6.552	+5.600	+5.075	+5.065	+6.508	+5.086	+5.069	+6.511	+5.082	+5.058	+5.057	+5.067	+5.066	+5.017	+5.066	+5.067	+6.597	+5.058	+6.594	+5.064	+6.511	+5.029	+10.703	+7.089	+5.086	+11.650	+10.775	+11.644	+5.084	+11.600	+11.562	+11.626	+10.783	+11.682	+5.090	+11.708	+11.479	+5.091	+10.860	+11.536	+11.591	+5.093	+5.089	+10.989	+11.699	+11.745	+7.019	+11.153	+11.931	+7.102	+5.129	+11.271	+11.289	+5.140	+12.243	+12.140	+4.864	+12.330	+16.190	+5.550	+5.555	+8.579	+18.996	+18.943	+5.584	+5.587	+5.590	+5.569	+5.593	+19.853	+20.516	+6.001	+20.992	+20.852	+20.679	+20.934	+8.633	+20.876	+20.903	+21.161	+21.220	+21.399	+6.182	+19.451	+19.794	+22.083	+12.028	+11.993	+22.870	+6.303	+11.506	+11.904	+11.636	+22.783	+6.304	+6.304	+22.639	+8.640	+22.606	+6.287	+6.264	+22.514	+6.291	+6.291	+6.290	+6.277	+17.786	+4.919	+16.002	+9.557	+5.398	+16.013	+9.534	+5.314	+9.526	+15.989	+5.313	+15.894	+15.890	+5.313	+15.982	+5.312	+5.303	+9.461	+9.488	+15.936	+15.971	+6.876	+4.812	+6.150	+4.814	+4.811	+5.397	+4.813	+4.810	+4.844	+4.821	+4.819	+5.345	+4.827	+4.827	+4.813	+4.813	+4.812	
rs143345600    +4.177	+4.125	+4.042	+3.555	+3.555	+3.981	+4.129	+4.213	+4.153	+4.169	+3.559	+3.566	+4.147	+4.245	+4.246	+4.255	+4.224	+4.257	+3.569	+4.213	+5.280	+4.164	+4.560	+4.180	+3.566	+4.208	+4.199	+4.176	+4.200	+4.188	+4.201	+3.565	+4.319	+4.189	+4.166	+3.565	+4.217	+4.176	+3.565	+4.208	+4.146	+4.143	+4.169	+4.166	+4.005	+4.167	+4.168	+3.566	+4.146	+3.566	+4.161	+3.565	+4.059	+10.691	+6.848	+4.145	+12.117	+10.764	+12.109	+4.141	+12.051	+12.001	+12.086	+10.772	+12.151	+4.150	+12.178	+11.901	+4.152	+10.851	+11.968	+12.032	+4.155	+4.149	+10.979	+12.159	+12.213	+6.697	+11.146	+12.427	+6.859	+4.203	+11.267	+11.285	+4.211	+12.744	+12.666	+3.510	+12.877	+16.690	+4.431	+4.440	+8.092	+19.663	+19.604	+4.468	+4.472	+4.476	+4.452	+4.480	+20.544	+21.075	+5.200	+21.609	+21.436	+21.245	+21.520	+8.040	+21.448	+21.463	+21.730	+21.762	+21.957	+5.397	+19.177	+19.849	+22.038	+11.527	+11.491	+22.817	+5.525	+11.457	+8.138	+11.592	+22.733	+5.526	+5.526	+22.592	+8.042	+22.561	+5.488	+5.480	+22.470	+5.510	+5.510	+5.509	+5.489	+17.804	+3.766	+15.981	+8.851	+4.427	+16.000	+8.826	+4.325	+8.816	+15.965	+4.323	+15.868	+15.864	+4.321	+15.959	+4.321	+4.310	+8.743	+8.775	+15.911	+15.946	+6.574	+3.631	+5.107	+3.616	+3.628	+4.414	+3.618	+3.631	+3.563	+3.591	+3.596	+4.354	+3.579	+3.579	+3.615	+3.615	+3.622	
rs139854824    +4.614	+4.405	+4.343	+4.016	+4.017	+4.300	+4.407	+4.823	+4.424	+4.435	+4.019	+4.021	+4.415	+4.489	+4.490	+4.497	+4.473	+4.498	+4.016	+4.464	+5.452	+4.560	+4.634	+4.439	+4.021	+4.461	+4.454	+4.437	+4.454	+4.445	+4.455	+4.023	+4.957	+4.446	+4.429	+4.022	+4.467	+4.437	+4.021	+4.461	+4.415	+4.413	+4.432	+4.429	+4.318	+4.430	+4.431	+4.025	+4.415	+4.025	+4.426	+4.022	+4.353	+10.809	+7.025	+4.526	+11.999	+10.881	+11.991	+4.522	+11.935	+11.887	+11.968	+10.889	+12.033	+4.530	+12.060	+11.789	+4.532	+10.966	+11.855	+11.917	+4.535	+4.530	+11.091	+12.042	+12.094	+6.741	+11.256	+12.304	+7.036	+4.581	+11.375	+11.392	+4.590	+12.624	+12.539	+3.950	+12.747	+16.585	+4.758	+4.767	+8.220	+19.540	+19.481	+4.793	+4.797	+4.800	+4.778	+4.804	+20.425	+20.972	+5.556	+21.499	+21.330	+21.141	+21.414	+8.257	+21.343	+21.360	+21.626	+21.662	+21.855	+5.749	+19.302	+19.949	+22.017	+11.844	+11.809	+22.791	+5.874	+11.518	+8.682	+11.651	+22.708	+5.874	+5.875	+22.573	+8.263	+22.542	+5.841	+5.830	+22.453	+5.860	+5.859	+5.859	+5.841	+17.861	+4.200	+16.125	+9.230	+4.820	+16.144	+9.206	+4.722	+9.196	+16.109	+4.720	+16.014	+16.010	+4.719	+16.104	+4.719	+4.708	+9.124	+9.156	+16.058	+16.093	+6.843	+4.050	+5.463	+4.037	+4.047	+4.809	+4.039	+4.050	+3.996	+4.017	+4.021	+4.752	+4.008	+4.008	+4.036	+4.036	+4.043	
rs4727438      +4.290	+4.014	+3.961	+3.672	+3.675	+3.926	+4.029	+4.925	+4.049	+4.076	+3.679	+3.677	+4.113	+4.223	+4.225	+4.237	+4.200	+4.239	+3.647	+4.197	+5.071	+4.180	+4.439	+4.152	+3.676	+4.191	+4.181	+4.162	+4.182	+4.167	+4.178	+3.686	+5.264	+4.168	+4.151	+3.680	+4.193	+4.160	+3.680	+4.178	+4.133	+4.131	+4.145	+4.143	+4.093	+4.144	+4.144	+3.694	+4.131	+3.693	+4.136	+3.681	+4.038	+10.619	+6.763	+4.187	+13.434	+10.692	+13.420	+4.183	+13.337	+13.265	+13.386	+10.701	+13.471	+4.191	+13.500	+13.140	+4.193	+10.780	+13.225	+13.305	+4.196	+4.191	+10.912	+13.465	+13.533	+6.944	+11.081	+13.795	+6.776	+4.246	+11.202	+11.221	+4.255	+14.111	+14.086	+3.507	+14.325	+17.708	+4.293	+4.302	+7.928	+20.850	+20.782	+4.328	+4.331	+4.334	+4.312	+4.338	+21.477	+21.817	+5.310	+22.412	+22.204	+21.993	+22.290	+7.696	+22.208	+22.214	+22.485	+22.486	+22.695	+5.514	+18.785	+19.937	+22.316	+11.808	+11.772	+23.119	+5.649	+11.394	+8.485	+11.539	+23.027	+5.649	+5.650	+22.855	+7.700	+22.821	+5.621	+5.603	+22.724	+5.634	+5.633	+5.633	+5.612	+17.718	+3.779	+15.668	+9.101	+4.512	+15.683	+9.077	+4.407	+9.067	+15.651	+4.405	+15.552	+15.548	+4.403	+15.644	+4.403	+4.391	+8.995	+9.027	+15.594	+15.630	+6.209	+3.572	+4.903	+3.562	+3.570	+4.503	+3.564	+3.572	+3.537	+3.548	+3.551	+4.435	+3.542	+3.542	+3.562	+3.561	+3.566	
rs2572011      +2.914	+3.405	+3.236	+0.999	+0.994	+3.091	+3.448	+0.832	+3.500	+3.560	+1.043	+1.138	+3.601	+3.804	+3.807	+3.825	+3.758	+3.828	+1.199	+3.748	+6.483	+3.566	+4.021	+3.676	+1.198	+3.739	+3.720	+3.668	+3.721	+3.695	+3.720	+1.130	+0.853	+3.697	+3.645	+1.132	+3.751	+3.667	+1.134	+3.731	+3.601	+3.595	+3.653	+3.647	+3.276	+3.650	+3.650	+1.119	+3.599	+1.119	+3.633	+1.128	+3.370	+10.195	+6.047	+1.900	+12.291	+10.277	+12.284	+1.894	+12.233	+12.186	+12.263	+10.286	+12.327	+1.907	+12.359	+12.098	+1.909	+10.373	+12.166	+12.230	+1.913	+1.905	+10.518	+12.354	+12.407	+6.733	+10.704	+12.623	+6.061	+1.984	+10.837	+10.857	+1.983	+12.891	+12.852	+0.914	+13.059	+17.553	+3.040	+3.051	+7.819	+20.585	+20.526	+3.095	+3.101	+3.103	+3.058	+3.107	+20.992	+21.499	+3.098	+21.967	+21.868	+21.666	+21.949	+7.513	+21.870	+21.874	+22.141	+22.171	+22.376	+3.332	+20.094	+19.253	+23.300	+9.979	+9.926	+24.134	+3.493	+11.786	+6.069	+11.965	+24.037	+3.492	+3.492	+23.848	+7.458	+23.812	+3.425	+3.434	+23.709	+3.471	+3.470	+3.469	+3.436	+18.119	+1.013	+15.336	+6.534	+1.987	+15.351	+6.508	+1.862	+6.497	+15.316	+1.859	+15.206	+15.201	+1.858	+15.303	+1.857	+1.843	+6.415	+6.447	+15.239	+15.275	+4.910	+1.052	+3.120	+1.020	+1.046	+1.967	+1.023	+1.050	+0.912	+0.968	+0.978	+1.878	+0.941	+0.941	+1.015	+1.014	+1.032	
rs2572010      +4.348	+4.050	+4.002	+3.735	+3.738	+3.975	+4.064	+5.012	+4.083	+4.108	+3.742	+3.740	+4.156	+4.245	+4.246	+4.257	+4.217	+4.259	+3.708	+4.226	+5.082	+4.208	+4.461	+4.191	+3.739	+4.208	+4.213	+4.189	+4.214	+4.203	+4.209	+3.750	+5.394	+4.203	+4.181	+3.743	+4.221	+4.187	+3.743	+4.208	+4.168	+4.167	+4.186	+4.184	+4.206	+4.184	+4.185	+3.758	+4.166	+3.758	+4.178	+3.744	+4.083	+10.641	+6.786	+4.229	+13.353	+10.714	+13.340	+4.224	+13.259	+13.187	+13.307	+10.722	+13.390	+4.233	+13.419	+13.063	+4.235	+10.801	+13.147	+13.227	+4.238	+4.232	+10.929	+13.386	+13.453	+6.920	+11.097	+13.714	+6.799	+4.287	+11.219	+11.237	+4.296	+14.030	+14.002	+3.559	+14.240	+17.649	+4.329	+4.338	+7.938	+20.783	+20.716	+4.363	+4.367	+4.370	+4.348	+4.374	+21.418	+21.768	+5.348	+22.360	+22.153	+21.943	+22.239	+7.749	+22.158	+22.164	+22.435	+22.438	+22.646	+5.551	+18.854	+19.955	+22.294	+11.839	+11.802	+23.096	+5.686	+11.393	+8.549	+11.538	+23.005	+5.686	+5.686	+22.834	+7.753	+22.800	+5.658	+5.640	+22.704	+5.671	+5.670	+5.670	+5.649	+17.718	+3.829	+15.687	+9.139	+4.555	+15.701	+9.114	+4.450	+9.104	+15.669	+4.448	+15.571	+15.567	+4.446	+15.663	+4.446	+4.435	+9.032	+9.064	+15.613	+15.649	+6.243	+3.623	+4.945	+3.614	+3.621	+4.546	+3.615	+3.623	+3.589	+3.600	+3.603	+4.479	+3.594	+3.594	+3.613	+3.613	+3.618	
rs1048705      +4.332	+4.039	+3.990	+3.717	+3.719	+3.960	+4.053	+4.982	+4.072	+4.098	+3.724	+3.722	+4.144	+4.239	+4.241	+4.252	+4.210	+4.254	+3.690	+4.218	+5.079	+4.199	+4.454	+4.181	+3.720	+4.213	+4.191	+4.179	+4.205	+4.193	+4.201	+3.731	+5.360	+4.194	+4.170	+3.725	+4.214	+4.177	+3.725	+4.200	+4.155	+4.154	+4.175	+4.172	+4.176	+4.173	+4.173	+3.740	+4.154	+3.739	+4.166	+3.726	+4.069	+10.636	+6.779	+4.216	+13.372	+10.709	+13.359	+4.212	+13.277	+13.205	+13.325	+10.717	+13.409	+4.221	+13.438	+13.081	+4.223	+10.796	+13.165	+13.245	+4.225	+4.220	+10.924	+13.404	+13.471	+6.927	+11.093	+13.732	+6.791	+4.275	+11.214	+11.232	+4.284	+14.049	+14.021	+3.543	+14.260	+17.663	+4.318	+4.327	+7.935	+20.798	+20.731	+4.353	+4.357	+4.360	+4.337	+4.363	+21.432	+21.780	+5.336	+22.372	+22.165	+21.955	+22.251	+7.734	+22.170	+22.176	+22.447	+22.449	+22.658	+5.539	+18.835	+19.949	+22.299	+11.829	+11.792	+23.102	+5.674	+11.393	+8.530	+11.538	+23.010	+5.675	+5.675	+22.839	+7.737	+22.805	+5.646	+5.629	+22.709	+5.659	+5.659	+5.658	+5.638	+17.718	+3.814	+15.681	+9.127	+4.542	+15.696	+9.102	+4.437	+9.092	+15.664	+4.435	+15.566	+15.562	+4.433	+15.658	+4.433	+4.421	+9.020	+9.053	+15.607	+15.643	+6.233	+3.608	+4.933	+3.599	+3.606	+4.533	+3.600	+3.608	+3.574	+3.585	+3.587	+4.466	+3.579	+3.579	+3.598	+3.598	+3.603	
rs2572009      +4.284	+4.010	+3.956	+3.665	+3.667	+3.921	+4.025	+4.912	+4.045	+4.072	+3.671	+3.670	+4.109	+4.220	+4.223	+4.235	+4.197	+4.237	+3.640	+4.194	+5.069	+4.176	+4.437	+4.162	+3.668	+4.189	+4.179	+4.146	+4.179	+4.164	+4.175	+3.678	+5.251	+4.165	+4.148	+3.672	+4.191	+4.157	+3.672	+4.176	+4.129	+4.127	+4.142	+4.139	+4.085	+4.140	+4.141	+3.686	+4.127	+3.686	+4.132	+3.673	+4.032	+10.617	+6.760	+4.181	+13.443	+10.690	+13.429	+4.177	+13.346	+13.273	+13.395	+10.698	+13.480	+4.186	+13.509	+13.149	+4.188	+10.777	+13.234	+13.314	+4.191	+4.185	+10.910	+13.474	+13.542	+6.948	+11.079	+13.805	+6.773	+4.241	+11.200	+11.218	+4.250	+14.120	+14.095	+3.501	+14.334	+17.714	+4.288	+4.297	+7.927	+20.857	+20.790	+4.323	+4.327	+4.330	+4.307	+4.334	+21.484	+21.823	+5.305	+22.418	+22.209	+21.998	+22.295	+7.690	+22.213	+22.219	+22.490	+22.491	+22.700	+5.509	+18.778	+19.934	+22.318	+11.804	+11.767	+23.122	+5.644	+11.394	+8.477	+11.540	+23.030	+5.644	+5.645	+22.857	+7.693	+22.823	+5.616	+5.598	+22.727	+5.629	+5.628	+5.628	+5.607	+17.718	+3.773	+15.666	+9.096	+4.507	+15.681	+9.071	+4.401	+9.061	+15.649	+4.399	+15.550	+15.546	+4.397	+15.642	+4.397	+4.385	+8.989	+9.021	+15.592	+15.628	+6.204	+3.566	+4.897	+3.556	+3.564	+4.498	+3.557	+3.566	+3.530	+3.542	+3.544	+4.430	+3.535	+3.535	+3.555	+3.555	+3.560	
rs2572008      +4.333	+4.040	+3.990	+3.718	+3.720	+3.961	+4.054	+4.983	+4.073	+4.099	+3.725	+3.723	+4.144	+4.239	+4.241	+4.252	+4.210	+4.254	+3.691	+4.218	+5.079	+4.200	+4.454	+4.182	+3.721	+4.214	+4.205	+4.179	+4.192	+4.194	+4.202	+3.732	+5.362	+4.194	+4.171	+3.726	+4.214	+4.177	+3.726	+4.201	+4.156	+4.155	+4.176	+4.173	+4.179	+4.174	+4.174	+3.741	+4.155	+3.740	+4.167	+3.727	+4.070	+10.636	+6.779	+4.217	+13.372	+10.709	+13.359	+4.212	+13.277	+13.205	+13.325	+10.717	+13.409	+4.221	+13.438	+13.081	+4.223	+10.796	+13.166	+13.245	+4.226	+4.220	+10.924	+13.404	+13.471	+6.927	+11.093	+13.732	+6.792	+4.275	+11.214	+11.232	+4.284	+14.049	+14.021	+3.544	+14.260	+17.663	+4.319	+4.328	+7.935	+20.798	+20.731	+4.353	+4.357	+4.360	+4.338	+4.364	+21.432	+21.780	+5.337	+22.372	+22.165	+21.955	+22.251	+7.735	+22.169	+22.176	+22.447	+22.449	+22.658	+5.540	+18.836	+19.949	+22.299	+11.829	+11.793	+23.102	+5.675	+11.393	+8.531	+11.538	+23.010	+5.675	+5.675	+22.839	+7.738	+22.805	+5.647	+5.629	+22.709	+5.660	+5.659	+5.659	+5.638	+17.718	+3.815	+15.682	+9.127	+4.543	+15.697	+9.103	+4.437	+9.093	+15.664	+4.436	+15.566	+15.562	+4.434	+15.658	+4.434	+4.422	+9.021	+9.053	+15.608	+15.644	+6.234	+3.609	+4.933	+3.599	+3.607	+4.534	+3.601	+3.609	+3.575	+3.585	+3.588	+4.466	+3.579	+3.579	+3.599	+3.598	+3.603	
rs2527922      +4.311	+4.025	+3.972	+3.691	+3.694	+3.941	+4.039	+4.940	+4.059	+4.085	+3.698	+3.697	+4.127	+4.231	+4.233	+4.245	+4.200	+4.247	+3.666	+4.208	+5.074	+4.188	+4.445	+4.167	+3.695	+4.203	+4.193	+4.164	+4.194	+4.169	+4.191	+3.706	+5.317	+4.183	+4.156	+3.700	+4.206	+4.164	+3.700	+4.191	+4.140	+4.138	+4.162	+4.159	+4.143	+4.160	+4.160	+3.714	+4.138	+3.714	+4.152	+3.701	+4.049	+10.627	+6.768	+4.198	+13.405	+10.700	+13.391	+4.193	+13.309	+13.236	+13.357	+10.709	+13.442	+4.202	+13.470	+13.112	+4.204	+10.787	+13.197	+13.277	+4.207	+4.201	+10.916	+13.437	+13.504	+6.937	+11.084	+13.766	+6.780	+4.257	+11.206	+11.224	+4.266	+14.082	+14.055	+3.522	+14.294	+17.687	+4.304	+4.312	+7.931	+20.825	+20.758	+4.338	+4.342	+4.345	+4.322	+4.349	+21.456	+21.800	+5.319	+22.393	+22.186	+21.975	+22.272	+7.713	+22.190	+22.196	+22.467	+22.468	+22.678	+5.522	+18.806	+19.938	+22.308	+11.812	+11.776	+23.111	+5.657	+11.393	+8.501	+11.539	+23.019	+5.658	+5.658	+22.847	+7.717	+22.813	+5.629	+5.612	+22.717	+5.642	+5.642	+5.641	+5.621	+17.718	+3.793	+15.674	+9.107	+4.523	+15.689	+9.083	+4.418	+9.073	+15.657	+4.416	+15.558	+15.554	+4.414	+15.650	+4.414	+4.402	+9.001	+9.033	+15.600	+15.636	+6.219	+3.587	+4.915	+3.578	+3.585	+4.514	+3.579	+3.587	+3.552	+3.563	+3.566	+4.446	+3.557	+3.557	+3.577	+3.577	+3.582	
