## Summary of overall evidence for association with region:
## log10(BF for region) = 0.117222
## p-value for region = NA

## BFs for choosing among multi-SNP models:
## log10(average 1-SNP BF) = 0.12448
## log10(average 2-SNP BF) = 0.102331

## Example posterior probabilities for multi-SNP models, based on default prior: [p(l) propto 0.5^l for l=1,2,...,L]
## posterior probability of 1-SNP = 0.677902
## posterior probability of 2-SNP = 0.322098

## log10(BF) for single SNP and pair of SNPs:
rs1465721      -0.424	-0.407	-0.274	-0.163	-0.489	-0.786	-0.670	-0.544	-0.787	-0.788	-0.230	-0.577	-0.143	-0.609	-0.608	-0.098	-0.097	-0.350	-0.582	-0.110	-0.119	-0.104	-0.352	-0.569	-0.294	-0.583	-0.617	-0.790	-0.627	-0.799	-0.800	-0.741	-0.799	-0.790	-0.804	-0.528	-0.648	-0.800	-0.805	-0.789	-0.479	-0.649	-0.618	-0.564	-0.797	-0.398	-0.798	-0.800	-0.565	-0.597	-0.465	-0.589	-0.599	-0.602	-0.413	-0.803	-0.804	-0.731	-0.562	-0.885	-0.890	-0.884	-0.566	-0.180	-0.896	-0.896	+0.016	-0.748	-0.879	+0.104	-0.634	-0.666	-0.044	-0.916	-0.666	-0.905	-0.061	-0.239	-0.051	-0.938	-0.073	+0.002	-0.035	-0.101	-0.083	-0.111	-0.225	-0.935	-0.248	-0.205	-0.921	-0.230	-0.209	-0.178	-0.177	-0.771	-0.201	-0.924	-0.167	-0.137	-0.155	-0.159	-0.939	-0.151	-0.939	-0.131	+0.037	+0.013	-0.044	-0.047	-0.912	-0.911	-0.911	+0.158	-0.760	-0.031	-0.020	-0.905	+0.199	+0.114	-0.902	-0.905	+0.214	-0.899	-0.898	+0.241	+0.283	-0.893	-0.884	-0.885	-0.883	-0.890	+0.307	-0.893	+0.321	-0.889	+0.360	+0.343	+0.464	+0.524	-0.745	+0.531	+0.531	+0.635	-0.546	-0.647	+0.666	+0.490	+0.651	-0.653	-0.585	-0.570	-0.536	-0.529	+0.759	-0.652	+0.296	+0.297	-0.797	-0.566	-0.543	-0.611	-0.603	-0.598	-0.609	-0.609	+0.514	-0.613	+0.501	+0.491	-0.623	-0.635	-0.631	-0.632	-0.629	-0.634	-0.631	-0.631	-0.640	-0.704	-0.753	-0.683	-0.603	-0.609	-0.625	-0.621	-0.702	-0.669	
rs982507       -0.407	-0.109	-0.249	-0.122	-0.329	-0.476	-0.430	-0.432	-0.478	-0.480	-0.239	-0.444	-0.166	-0.465	-0.464	-0.130	-0.130	-0.319	-0.446	-0.140	-0.147	-0.135	-0.320	-0.448	-0.275	-0.447	-0.465	-0.484	-0.397	-0.498	-0.500	-0.492	-0.499	-0.483	-0.507	-0.459	-0.414	-0.502	-0.511	-0.482	-0.296	-0.413	-0.386	-0.371	-0.489	-0.221	-0.491	-0.494	-0.369	-0.429	-0.318	-0.423	-0.432	-0.434	-0.234	-0.501	-0.503	-0.421	-0.314	-0.543	-0.609	-0.600	-0.344	+0.051	-0.564	-0.564	+0.270	-0.368	-0.535	+0.286	-0.389	-0.416	+0.337	-0.586	-0.416	-0.566	+0.313	+0.140	+0.324	-0.643	+0.302	+0.207	+0.173	+0.275	+0.293	+0.263	+0.154	-0.636	+0.141	+0.187	-0.595	+0.160	+0.183	+0.215	+0.216	-0.501	+0.191	-0.600	+0.228	+0.259	+0.240	+0.236	-0.652	+0.244	-0.652	+0.099	+0.297	+0.275	+0.358	+0.348	-0.577	-0.576	-0.576	+0.545	-0.495	+0.361	+0.374	-0.565	+0.588	+0.510	-0.560	-0.565	+0.602	-0.555	-0.553	+0.610	+0.673	-0.547	-0.533	-0.534	-0.530	-0.542	+0.698	-0.545	+0.710	-0.538	+0.751	+0.734	+0.856	+0.921	-0.482	+0.921	+0.921	+0.931	-0.312	-0.395	+0.966	+0.881	+0.946	-0.401	-0.347	-0.333	-0.303	-0.297	+1.052	-0.400	+0.595	+0.596	-0.414	-0.330	-0.309	-0.369	-0.363	-0.358	-0.368	-0.368	+0.811	-0.371	+0.798	+0.789	-0.380	-0.390	-0.387	-0.388	-0.385	-0.390	-0.387	-0.387	-0.395	-0.448	-0.490	-0.431	-0.353	-0.359	-0.374	-0.371	-0.444	-0.419	
rs12455553     -0.274	-0.249	+0.003	-0.113	-0.250	-0.340	-0.289	-0.307	-0.343	-0.345	-0.226	-0.321	-0.135	-0.343	-0.343	-0.102	-0.101	-0.222	-0.323	-0.110	-0.116	-0.106	-0.223	-0.327	-0.177	-0.324	-0.341	-0.352	-0.340	-0.371	-0.373	-0.359	-0.372	-0.351	-0.380	-0.348	-0.353	-0.377	-0.388	-0.349	-0.247	-0.351	-0.329	-0.320	-0.354	-0.186	-0.358	-0.362	-0.228	-0.332	-0.289	-0.326	-0.334	-0.336	-0.198	-0.371	-0.374	-0.330	-0.259	-0.482	-0.485	-0.474	-0.278	+0.265	-0.499	-0.499	+0.292	-0.348	-0.480	+0.494	-0.251	-0.279	+0.567	-0.509	-0.280	-0.496	+0.543	+0.363	+0.554	-0.542	+0.531	+0.418	+0.382	+0.501	+0.520	+0.489	+0.367	-0.540	+0.351	+0.400	-0.515	+0.371	+0.395	+0.430	+0.431	-0.373	+0.404	-0.518	+0.443	+0.477	+0.456	+0.452	-0.540	+0.461	-0.540	+0.298	+0.404	+0.382	+0.581	+0.575	-0.503	-0.503	-0.502	+0.793	-0.380	+0.604	+0.619	-0.495	+0.841	+0.753	-0.491	-0.494	+0.857	-0.487	-0.486	+0.866	+0.932	-0.481	-0.471	-0.471	-0.469	-0.477	+0.959	-0.478	+0.972	-0.473	+1.016	+0.998	+1.130	+1.200	-0.369	+1.207	+1.207	+1.261	-0.170	-0.257	+1.297	+1.158	+1.278	-0.263	-0.208	-0.193	-0.161	-0.154	+1.392	-0.262	+0.885	+0.886	-0.353	-0.190	-0.167	-0.232	-0.225	-0.220	-0.230	-0.231	+1.132	-0.234	+1.118	+1.108	-0.243	-0.255	-0.251	-0.252	-0.249	-0.254	-0.251	-0.251	-0.260	-0.318	-0.365	-0.299	-0.214	-0.219	-0.242	-0.238	-0.319	-0.285	
rs1434497      -0.163	-0.122	-0.113	+0.130	-0.194	-0.232	-0.179	-0.195	-0.235	-0.237	-0.133	-0.209	-0.078	-0.258	-0.258	-0.048	-0.048	-0.157	-0.211	-0.056	-0.062	-0.053	-0.157	-0.214	-0.116	-0.241	-0.255	-0.244	-0.253	-0.261	-0.264	-0.261	-0.262	-0.242	-0.271	-0.234	-0.265	-0.267	-0.277	-0.240	-0.143	-0.264	-0.245	-0.203	-0.246	-0.066	-0.250	-0.253	-0.118	-0.191	-0.172	-0.184	-0.193	-0.195	-0.078	-0.262	-0.265	-0.259	-0.182	-0.344	-0.392	-0.386	-0.167	+0.332	-0.364	-0.364	+0.336	-0.190	-0.339	+0.435	-0.154	-0.180	+0.657	-0.378	-0.181	-0.360	+0.632	+0.453	+0.643	-0.426	+0.620	+0.479	+0.444	+0.591	+0.610	+0.579	+0.460	-0.422	+0.444	+0.492	-0.385	+0.464	+0.488	+0.522	+0.523	-0.268	+0.497	-0.389	+0.535	+0.568	+0.548	+0.544	-0.430	+0.553	-0.430	+0.363	+0.514	+0.492	+0.673	+0.665	-0.369	-0.369	-0.368	+0.876	-0.276	+0.688	+0.702	-0.358	+0.923	+0.837	-0.354	-0.358	+0.938	-0.349	-0.348	+0.943	+1.013	-0.342	-0.329	-0.330	-0.327	-0.337	+1.039	-0.339	+1.053	-0.333	+1.096	+1.078	+1.208	+1.275	-0.265	+1.282	+1.282	+1.287	-0.075	-0.158	+1.322	+1.233	+1.302	-0.164	-0.111	-0.097	-0.067	-0.060	+1.413	-0.163	+0.927	+0.928	-0.189	-0.094	-0.072	-0.134	-0.128	-0.123	-0.133	-0.133	+1.159	-0.136	+1.146	+1.136	-0.145	-0.156	-0.153	-0.154	-0.150	-0.155	-0.152	-0.152	-0.161	-0.215	-0.260	-0.198	-0.115	-0.121	-0.140	-0.137	-0.214	-0.185	
rs982265       -0.489	-0.329	-0.250	-0.194	-0.186	-0.496	-0.507	-0.461	-0.493	-0.490	-0.348	-0.466	-0.274	-0.532	-0.532	-0.239	-0.239	-0.407	-0.466	-0.249	-0.256	-0.244	-0.408	-0.458	-0.367	-0.522	-0.534	-0.485	-0.547	-0.461	-0.455	-0.571	-0.460	-0.487	-0.467	-0.423	-0.557	-0.449	-0.442	-0.492	-0.302	-0.557	-0.542	-0.513	-0.515	-0.392	-0.512	-0.508	-0.492	-0.382	-0.321	-0.374	-0.385	-0.387	-0.403	-0.495	-0.492	-0.611	-0.463	-0.681	-0.650	-0.641	-0.368	-0.031	-0.691	-0.691	+0.075	-0.600	-0.684	+0.394	-0.341	-0.375	-0.051	-0.695	-0.376	-0.691	-0.065	-0.196	-0.057	-0.693	-0.073	+0.055	+0.024	-0.094	-0.079	-0.103	-0.188	-0.697	-0.185	-0.150	-0.696	-0.170	-0.153	-0.128	-0.127	-0.497	-0.146	-0.697	-0.118	-0.094	-0.109	-0.111	-0.679	-0.105	-0.679	-0.032	+0.140	+0.120	-0.014	-0.022	-0.694	-0.694	-0.694	+0.131	-0.503	-0.016	-0.008	-0.692	+0.164	+0.099	-0.691	-0.692	+0.175	-0.689	-0.689	+0.199	+0.232	-0.687	-0.682	-0.682	-0.681	-0.685	+0.252	-0.683	+0.264	-0.681	+0.298	+0.284	+0.386	+0.441	-0.490	+0.433	+0.433	+0.707	-0.253	-0.359	+0.754	+0.404	+0.720	-0.366	-0.297	-0.280	-0.243	-0.234	+0.820	-0.365	+0.388	+0.388	-0.614	-0.275	-0.250	-0.326	-0.319	-0.313	-0.325	-0.326	+0.595	-0.330	+0.583	+0.574	-0.341	-0.354	-0.350	-0.352	-0.348	-0.354	-0.350	-0.350	-0.360	-0.430	-0.492	-0.409	-0.317	-0.324	-0.357	-0.352	-0.438	-0.390	
rs1434499      -0.786	-0.476	-0.340	-0.232	-0.496	-0.501	-0.812	-0.801	-0.628	-0.629	-0.265	-0.811	-0.105	-0.581	-0.581	-0.054	-0.054	-0.301	-0.812	-0.071	-0.082	-0.064	-0.305	-0.813	-0.220	-0.547	-0.590	-0.648	-0.597	-0.640	-0.632	-0.696	-0.637	-0.653	-0.677	-0.812	-0.623	-0.628	-0.651	-0.665	-0.554	-0.629	-0.590	-0.621	-0.709	-0.452	-0.710	-0.711	-0.755	-0.554	-0.382	-0.545	-0.557	-0.561	-0.468	-0.709	-0.709	-0.771	-0.609	-0.945	-0.897	-0.888	-0.638	-0.228	-0.956	-0.956	-0.012	-0.805	-0.938	+0.244	-0.699	-0.730	-0.179	-0.978	-0.730	-0.967	-0.199	-0.357	-0.189	-0.995	-0.208	-0.117	-0.151	-0.232	-0.216	-0.242	-0.337	-0.993	-0.345	-0.304	-0.983	-0.328	-0.308	-0.279	-0.278	-0.834	-0.300	-0.985	-0.268	-0.240	-0.257	-0.260	-0.995	-0.253	-0.995	-0.221	-0.048	-0.071	-0.152	-0.163	-0.974	-0.974	-0.973	+0.018	-0.826	-0.156	-0.145	-0.967	+0.057	-0.012	-0.964	-0.967	+0.069	-0.961	-0.960	+0.098	+0.133	-0.955	-0.946	-0.947	-0.945	-0.952	+0.155	-0.956	+0.166	-0.952	+0.203	+0.187	+0.298	+0.354	-0.811	+0.347	+0.347	+0.532	-0.609	-0.707	+0.571	+0.323	+0.546	-0.713	-0.648	-0.633	-0.598	-0.591	+0.650	-0.712	+0.206	+0.207	-0.857	-0.629	-0.605	-0.674	-0.667	-0.662	-0.673	-0.673	+0.416	-0.677	+0.404	+0.394	-0.687	-0.699	-0.695	-0.697	-0.693	-0.699	-0.695	-0.695	-0.704	-0.769	-0.819	-0.747	-0.668	-0.674	-0.691	-0.687	-0.768	-0.733	
rs61138687     -0.670	-0.430	-0.289	-0.179	-0.507	-0.812	-0.456	-0.657	-0.813	-0.814	-0.256	-0.670	-0.148	-0.628	-0.628	-0.102	-0.101	-0.362	-0.671	-0.114	-0.123	-0.108	-0.364	-0.664	-0.306	-0.602	-0.636	-0.817	-0.647	-0.826	-0.827	-0.765	-0.826	-0.816	-0.831	-0.631	-0.668	-0.827	-0.832	-0.815	-0.504	-0.668	-0.637	-0.595	-0.823	-0.429	-0.825	-0.827	-0.660	-0.624	-0.493	-0.616	-0.627	-0.630	-0.445	-0.830	-0.831	-0.757	-0.575	-0.913	-0.918	-0.912	-0.592	-0.193	-0.925	-0.925	-0.001	-0.778	-0.908	+0.070	-0.679	-0.708	-0.117	-0.944	-0.709	-0.933	-0.140	-0.306	-0.130	-0.970	-0.150	-0.070	-0.104	-0.176	-0.159	-0.187	-0.286	-0.967	-0.301	-0.260	-0.949	-0.284	-0.264	-0.234	-0.233	-0.806	-0.256	-0.952	-0.223	-0.194	-0.212	-0.215	-0.972	-0.207	-0.972	-0.183	-0.014	-0.037	-0.105	-0.115	-0.940	-0.940	-0.940	+0.075	-0.798	-0.104	-0.093	-0.934	+0.115	+0.044	-0.931	-0.933	+0.128	-0.927	-0.926	+0.156	+0.195	-0.922	-0.913	-0.914	-0.912	-0.919	+0.217	-0.922	+0.230	-0.918	+0.268	+0.251	+0.366	+0.423	-0.784	+0.423	+0.423	+0.622	-0.594	-0.689	+0.653	+0.391	+0.638	-0.695	-0.631	-0.617	-0.584	-0.577	+0.749	-0.694	+0.281	+0.282	-0.826	-0.613	-0.590	-0.655	-0.648	-0.643	-0.654	-0.654	+0.499	-0.658	+0.485	+0.476	-0.667	-0.679	-0.675	-0.676	-0.672	-0.678	-0.675	-0.675	-0.683	-0.744	-0.790	-0.724	-0.647	-0.653	-0.667	-0.664	-0.740	-0.711	
rs117102178    -0.544	-0.432	-0.307	-0.195	-0.461	-0.801	-0.657	-0.439	-0.802	-0.803	-0.274	-0.600	-0.185	-0.635	-0.634	-0.141	-0.140	-0.383	-0.604	-0.152	-0.161	-0.147	-0.385	-0.600	-0.328	-0.609	-0.642	-0.806	-0.653	-0.813	-0.814	-0.760	-0.813	-0.805	-0.818	-0.589	-0.672	-0.814	-0.819	-0.804	-0.500	-0.673	-0.643	-0.560	-0.812	-0.391	-0.814	-0.815	-0.523	-0.585	-0.451	-0.577	-0.588	-0.591	-0.406	-0.818	-0.819	-0.723	-0.538	-0.892	-0.899	-0.892	-0.585	-0.137	-0.903	-0.903	+0.059	-0.749	-0.885	+0.109	-0.653	-0.683	+0.025	-0.925	-0.684	-0.913	-0.006	-0.193	+0.006	-0.950	-0.018	+0.051	+0.013	-0.048	-0.030	-0.060	-0.171	-0.946	-0.204	-0.158	-0.931	-0.185	-0.163	-0.130	-0.129	-0.786	-0.154	-0.933	-0.117	-0.086	-0.106	-0.110	-0.952	-0.101	-0.952	-0.088	+0.079	+0.054	+0.010	+0.000	-0.921	-0.920	-0.920	+0.215	-0.776	+0.019	+0.030	-0.913	+0.259	+0.181	-0.910	-0.913	+0.273	-0.906	-0.905	+0.301	+0.347	-0.901	-0.891	-0.892	-0.890	-0.897	+0.371	-0.901	+0.386	-0.897	+0.426	+0.409	+0.535	+0.595	-0.762	+0.604	+0.605	+0.682	-0.564	-0.663	+0.710	+0.561	+0.699	-0.669	-0.603	-0.588	-0.554	-0.547	+0.810	-0.668	+0.338	+0.339	-0.799	-0.585	-0.561	-0.628	-0.621	-0.616	-0.626	-0.627	+0.559	-0.631	+0.545	+0.535	-0.640	-0.653	-0.649	-0.650	-0.646	-0.652	-0.648	-0.648	-0.657	-0.721	-0.769	-0.699	-0.621	-0.627	-0.642	-0.638	-0.718	-0.686	
rs11662694     -0.787	-0.478	-0.343	-0.235	-0.493	-0.628	-0.813	-0.802	-0.502	-0.629	-0.259	-0.812	-0.097	-0.576	-0.576	-0.046	-0.046	-0.294	-0.813	-0.062	-0.074	-0.056	-0.298	-0.814	-0.212	-0.542	-0.585	-0.648	-0.591	-0.642	-0.634	-0.692	-0.639	-0.652	-0.679	-0.813	-0.618	-0.631	-0.654	-0.664	-0.556	-0.624	-0.584	-0.620	-0.709	-0.451	-0.710	-0.711	-0.757	-0.558	-0.386	-0.548	-0.561	-0.564	-0.467	-0.710	-0.710	-0.769	-0.612	-0.946	-0.899	-0.891	-0.640	-0.232	-0.956	-0.956	-0.016	-0.805	-0.938	+0.237	-0.701	-0.732	-0.179	-0.978	-0.732	-0.968	-0.199	-0.357	-0.189	-0.997	-0.208	-0.118	-0.151	-0.232	-0.216	-0.242	-0.337	-0.994	-0.345	-0.304	-0.984	-0.328	-0.308	-0.279	-0.278	-0.835	-0.300	-0.986	-0.268	-0.240	-0.257	-0.260	-0.996	-0.253	-0.996	-0.222	-0.049	-0.071	-0.152	-0.162	-0.975	-0.974	-0.974	+0.018	-0.827	-0.156	-0.145	-0.968	+0.057	-0.011	-0.965	-0.967	+0.070	-0.961	-0.960	+0.099	+0.134	-0.956	-0.947	-0.947	-0.946	-0.953	+0.156	-0.956	+0.167	-0.952	+0.204	+0.188	+0.298	+0.355	-0.813	+0.347	+0.347	+0.531	-0.611	-0.709	+0.570	+0.324	+0.545	-0.715	-0.650	-0.635	-0.600	-0.593	+0.649	-0.714	+0.205	+0.205	-0.857	-0.631	-0.607	-0.676	-0.669	-0.664	-0.674	-0.675	+0.415	-0.679	+0.403	+0.393	-0.689	-0.701	-0.697	-0.698	-0.695	-0.700	-0.697	-0.697	-0.706	-0.770	-0.820	-0.749	-0.670	-0.676	-0.693	-0.689	-0.769	-0.735	
rs72916595     -0.788	-0.480	-0.345	-0.237	-0.490	-0.629	-0.814	-0.803	-0.629	-0.503	-0.255	-0.813	-0.091	-0.572	-0.572	-0.040	-0.040	-0.289	-0.814	-0.057	-0.069	-0.050	-0.292	-0.815	-0.206	-0.537	-0.581	-0.647	-0.587	-0.644	-0.637	-0.689	-0.641	-0.651	-0.681	-0.814	-0.614	-0.633	-0.657	-0.663	-0.557	-0.621	-0.580	-0.619	-0.709	-0.450	-0.710	-0.711	-0.758	-0.560	-0.390	-0.551	-0.564	-0.567	-0.466	-0.711	-0.711	-0.768	-0.614	-0.946	-0.901	-0.893	-0.641	-0.234	-0.956	-0.956	-0.018	-0.805	-0.938	+0.232	-0.702	-0.733	-0.179	-0.979	-0.733	-0.968	-0.198	-0.357	-0.189	-0.997	-0.207	-0.118	-0.151	-0.232	-0.216	-0.242	-0.337	-0.995	-0.344	-0.304	-0.984	-0.327	-0.308	-0.279	-0.278	-0.837	-0.300	-0.987	-0.268	-0.239	-0.257	-0.260	-0.997	-0.252	-0.997	-0.222	-0.049	-0.071	-0.151	-0.162	-0.975	-0.975	-0.974	+0.019	-0.829	-0.155	-0.144	-0.968	+0.058	-0.011	-0.965	-0.968	+0.070	-0.962	-0.961	+0.099	+0.134	-0.956	-0.947	-0.948	-0.946	-0.953	+0.157	-0.957	+0.168	-0.953	+0.205	+0.189	+0.299	+0.356	-0.814	+0.348	+0.348	+0.530	-0.612	-0.710	+0.569	+0.325	+0.545	-0.716	-0.651	-0.636	-0.602	-0.594	+0.649	-0.715	+0.204	+0.205	-0.857	-0.633	-0.608	-0.677	-0.670	-0.665	-0.676	-0.676	+0.415	-0.680	+0.402	+0.393	-0.690	-0.702	-0.698	-0.700	-0.696	-0.702	-0.698	-0.698	-0.707	-0.772	-0.821	-0.750	-0.671	-0.677	-0.694	-0.690	-0.770	-0.736	
rs4986202      -0.230	-0.239	-0.226	-0.133	-0.348	-0.265	-0.256	-0.274	-0.259	-0.255	+0.009	-0.289	-0.149	-0.343	-0.343	-0.121	-0.121	-0.275	-0.291	-0.131	-0.138	-0.127	-0.276	-0.297	-0.249	-0.341	-0.344	-0.247	-0.349	-0.215	-0.207	-0.325	-0.211	-0.251	-0.219	-0.330	-0.348	-0.197	-0.183	-0.259	-0.223	-0.355	-0.355	-0.360	-0.288	-0.250	-0.284	-0.279	-0.174	-0.151	-0.115	-0.142	-0.154	-0.157	-0.260	-0.261	-0.257	-0.437	-0.169	-0.500	-0.308	-0.282	-0.256	+0.473	-0.510	-0.510	+0.500	-0.422	-0.503	+0.927	-0.177	-0.208	+0.406	-0.512	-0.209	-0.508	+0.385	+0.238	+0.395	-0.488	+0.375	+0.364	+0.330	+0.348	+0.365	+0.338	+0.228	-0.496	+0.208	+0.251	-0.514	+0.226	+0.247	+0.277	+0.278	-0.318	+0.254	-0.514	+0.288	+0.317	+0.300	+0.296	-0.468	+0.304	-0.468	+0.242	+0.365	+0.344	+0.409	+0.407	-0.512	-0.512	-0.512	+0.589	-0.332	+0.435	+0.444	-0.509	+0.626	+0.546	-0.508	-0.509	+0.639	-0.506	-0.505	+0.660	+0.705	-0.503	-0.498	-0.498	-0.497	-0.501	+0.729	-0.499	+0.745	-0.497	+0.783	+0.768	+0.886	+0.950	-0.320	+0.960	+0.960	+1.233	-0.089	-0.181	+1.267	+0.912	+1.250	-0.188	-0.132	-0.115	-0.079	-0.071	+1.363	-0.186	+0.897	+0.898	-0.424	-0.111	-0.086	-0.160	-0.153	-0.148	-0.159	-0.160	+1.106	-0.163	+1.092	+1.082	-0.175	-0.187	-0.183	-0.185	-0.181	-0.187	-0.183	-0.183	-0.192	-0.261	-0.318	-0.239	-0.142	-0.149	-0.184	-0.180	-0.273	-0.221	
rs75716351     -0.577	-0.444	-0.321	-0.209	-0.466	-0.811	-0.670	-0.600	-0.812	-0.813	-0.289	-0.450	-0.199	-0.646	-0.646	-0.155	-0.155	-0.397	-0.574	-0.167	-0.176	-0.161	-0.398	-0.570	-0.341	-0.621	-0.653	-0.815	-0.665	-0.823	-0.823	-0.771	-0.823	-0.814	-0.828	-0.580	-0.684	-0.824	-0.828	-0.814	-0.512	-0.685	-0.655	-0.563	-0.821	-0.393	-0.823	-0.825	-0.408	-0.585	-0.450	-0.577	-0.588	-0.591	-0.409	-0.827	-0.828	-0.724	-0.527	-0.899	-0.906	-0.900	-0.596	-0.116	-0.910	-0.910	+0.081	-0.753	-0.891	+0.105	-0.663	-0.694	+0.062	-0.933	-0.694	-0.921	+0.029	-0.167	+0.041	-0.958	+0.015	+0.078	+0.039	-0.016	+0.003	-0.028	-0.143	-0.954	-0.182	-0.135	-0.939	-0.162	-0.139	-0.105	-0.104	-0.796	-0.130	-0.941	-0.092	-0.059	-0.080	-0.084	-0.961	-0.075	-0.961	-0.069	+0.098	+0.072	+0.039	+0.029	-0.928	-0.928	-0.927	+0.213	-0.786	+0.016	+0.028	-0.921	+0.256	+0.178	-0.917	-0.920	+0.270	-0.914	-0.912	+0.299	+0.344	-0.908	-0.898	-0.899	-0.897	-0.904	+0.368	-0.909	+0.383	-0.904	+0.423	+0.405	+0.531	+0.591	-0.772	+0.600	+0.600	+0.677	-0.575	-0.673	+0.705	+0.558	+0.694	-0.679	-0.614	-0.599	-0.565	-0.558	+0.805	-0.678	+0.334	+0.335	-0.804	-0.595	-0.572	-0.639	-0.631	-0.626	-0.637	-0.637	+0.554	-0.641	+0.541	+0.531	-0.651	-0.663	-0.659	-0.660	-0.656	-0.662	-0.659	-0.659	-0.668	-0.731	-0.779	-0.710	-0.632	-0.637	-0.653	-0.649	-0.728	-0.696	
rs12968905     -0.143	-0.166	-0.135	-0.078	-0.274	-0.105	-0.148	-0.185	-0.097	-0.091	-0.149	-0.199	+0.109	-0.187	-0.186	+0.030	+0.026	-0.161	-0.202	+0.009	-0.000	+0.014	-0.163	-0.207	-0.151	-0.195	-0.195	-0.079	-0.202	-0.035	-0.025	-0.167	-0.030	-0.085	-0.035	-0.238	-0.194	-0.011	+0.012	-0.095	-0.145	-0.207	-0.219	-0.271	-0.135	-0.160	-0.129	-0.122	-0.089	+0.044	+0.048	+0.053	+0.040	+0.037	-0.170	-0.099	-0.093	-0.357	-0.093	-0.406	-0.261	-0.237	-0.173	+0.511	-0.417	-0.417	+0.519	-0.323	-0.409	+0.819	-0.100	-0.130	+0.451	-0.419	-0.131	-0.415	+0.430	+0.287	+0.440	-0.404	+0.420	+0.394	+0.362	+0.395	+0.411	+0.384	+0.279	-0.411	+0.260	+0.301	-0.422	+0.277	+0.298	+0.327	+0.328	-0.235	+0.305	-0.422	+0.338	+0.366	+0.349	+0.346	-0.386	+0.353	-0.386	+0.279	+0.437	+0.417	+0.456	+0.452	-0.418	-0.418	-0.418	+0.626	-0.250	+0.476	+0.484	-0.416	+0.662	+0.585	-0.414	-0.415	+0.675	-0.412	-0.411	+0.691	+0.739	-0.409	-0.403	-0.403	-0.402	-0.407	+0.761	-0.405	+0.777	-0.402	+0.815	+0.800	+0.914	+0.976	-0.238	+0.985	+0.985	+1.222	-0.012	-0.102	+1.254	+0.940	+1.237	-0.109	-0.054	-0.038	-0.003	+0.005	+1.345	-0.107	+0.903	+0.904	-0.322	-0.034	-0.009	-0.082	-0.075	-0.070	-0.081	-0.082	+1.095	-0.085	+1.082	+1.072	-0.096	-0.108	-0.105	-0.106	-0.102	-0.108	-0.104	-0.104	-0.113	-0.178	-0.235	-0.159	-0.064	-0.070	-0.103	-0.098	-0.189	-0.141	
rs2000831      -0.609	-0.465	-0.343	-0.258	-0.532	-0.581	-0.628	-0.635	-0.576	-0.572	-0.343	-0.646	-0.187	-0.337	-0.455	-0.130	-0.131	-0.328	-0.648	-0.149	-0.159	-0.142	-0.332	-0.650	-0.283	-0.459	-0.512	-0.563	-0.656	-0.532	-0.524	-0.684	-0.528	-0.567	-0.521	-0.663	-0.669	-0.513	-0.493	-0.574	-0.365	-0.670	-0.650	-0.580	-0.604	-0.434	-0.600	-0.595	-0.569	-0.434	-0.277	-0.424	-0.437	-0.440	-0.447	-0.579	-0.575	-0.705	-0.347	-0.806	-0.739	-0.721	-0.441	+0.106	-0.820	-0.820	+0.379	-0.679	-0.802	+0.451	-0.481	-0.517	-0.030	-0.832	-0.518	-0.821	-0.050	-0.197	-0.041	-0.855	-0.059	+0.058	+0.024	-0.083	-0.067	-0.093	-0.190	-0.854	-0.203	-0.163	-0.838	-0.186	-0.167	-0.139	-0.137	-0.638	-0.159	-0.840	-0.128	-0.100	-0.117	-0.120	-0.853	-0.113	-0.853	-0.056	+0.139	+0.117	-0.013	-0.021	-0.828	-0.828	-0.828	+0.151	-0.630	-0.009	+0.000	-0.822	+0.186	+0.115	-0.818	-0.821	+0.198	-0.815	-0.814	+0.211	+0.260	-0.810	-0.801	-0.801	-0.799	-0.807	+0.282	-0.808	+0.295	-0.804	+0.332	+0.317	+0.426	+0.484	-0.614	+0.483	+0.483	+0.821	-0.382	-0.488	+0.858	+0.447	+0.836	-0.496	-0.428	-0.410	-0.371	-0.363	+0.945	-0.494	+0.487	+0.488	-0.712	-0.406	-0.379	-0.458	-0.451	-0.445	-0.457	-0.458	+0.696	-0.462	+0.683	+0.673	-0.474	-0.487	-0.483	-0.485	-0.481	-0.487	-0.483	-0.483	-0.493	-0.568	-0.635	-0.545	-0.455	-0.462	-0.490	-0.485	-0.577	-0.526	
rs1036347      -0.608	-0.464	-0.343	-0.258	-0.532	-0.581	-0.628	-0.634	-0.576	-0.572	-0.343	-0.646	-0.186	-0.455	-0.336	-0.128	-0.129	-0.328	-0.647	-0.147	-0.157	-0.139	-0.333	-0.650	-0.284	-0.459	-0.512	-0.563	-0.656	-0.531	-0.523	-0.684	-0.528	-0.567	-0.520	-0.663	-0.668	-0.513	-0.492	-0.574	-0.367	-0.670	-0.650	-0.580	-0.604	-0.434	-0.599	-0.595	-0.568	-0.432	-0.277	-0.423	-0.435	-0.438	-0.447	-0.578	-0.574	-0.705	-0.348	-0.806	-0.739	-0.721	-0.442	+0.108	-0.819	-0.819	+0.378	-0.679	-0.801	+0.452	-0.480	-0.516	-0.029	-0.832	-0.516	-0.821	-0.049	-0.196	-0.039	-0.855	-0.058	+0.059	+0.024	-0.082	-0.066	-0.092	-0.189	-0.854	-0.201	-0.162	-0.837	-0.185	-0.166	-0.137	-0.136	-0.638	-0.158	-0.840	-0.126	-0.099	-0.116	-0.119	-0.852	-0.112	-0.852	-0.055	+0.139	+0.116	-0.012	-0.020	-0.828	-0.827	-0.827	+0.152	-0.629	-0.007	+0.002	-0.821	+0.187	+0.116	-0.818	-0.821	+0.199	-0.815	-0.814	+0.212	+0.262	-0.809	-0.800	-0.801	-0.799	-0.806	+0.283	-0.807	+0.297	-0.803	+0.333	+0.318	+0.428	+0.485	-0.613	+0.484	+0.484	+0.824	-0.381	-0.487	+0.861	+0.449	+0.839	-0.495	-0.427	-0.409	-0.370	-0.361	+0.948	-0.493	+0.490	+0.491	-0.712	-0.405	-0.378	-0.457	-0.449	-0.444	-0.456	-0.457	+0.699	-0.461	+0.685	+0.676	-0.473	-0.486	-0.482	-0.484	-0.479	-0.486	-0.482	-0.482	-0.492	-0.567	-0.634	-0.544	-0.454	-0.461	-0.489	-0.484	-0.576	-0.525	
rs751393       -0.098	-0.130	-0.102	-0.048	-0.239	-0.054	-0.102	-0.141	-0.046	-0.040	-0.121	-0.155	+0.030	-0.130	-0.128	+0.153	+0.063	-0.117	-0.158	+0.047	+0.041	+0.054	-0.117	-0.163	-0.118	-0.147	-0.147	-0.027	-0.152	+0.020	+0.030	-0.115	+0.024	-0.032	+0.037	-0.195	-0.142	+0.044	+0.074	-0.044	-0.109	-0.150	-0.164	-0.236	-0.085	-0.129	-0.079	-0.072	-0.043	+0.094	+0.086	+0.104	+0.091	+0.087	-0.138	-0.048	-0.042	-0.318	-0.058	-0.365	-0.217	-0.186	-0.133	+0.563	-0.376	-0.376	+0.564	-0.285	-0.368	+0.881	-0.056	-0.085	+0.496	-0.378	-0.086	-0.373	+0.475	+0.332	+0.485	-0.359	+0.465	+0.425	+0.393	+0.440	+0.456	+0.429	+0.324	-0.366	+0.304	+0.345	-0.380	+0.321	+0.342	+0.371	+0.372	-0.191	+0.349	-0.380	+0.382	+0.410	+0.393	+0.390	-0.339	+0.397	-0.339	+0.310	+0.467	+0.447	+0.501	+0.496	-0.377	-0.377	-0.377	+0.672	-0.208	+0.522	+0.530	-0.374	+0.707	+0.630	-0.373	-0.374	+0.720	-0.371	-0.370	+0.721	+0.785	-0.368	-0.362	-0.363	-0.361	-0.366	+0.807	-0.364	+0.824	-0.361	+0.861	+0.846	+0.961	+1.023	-0.195	+1.032	+1.032	+1.273	+0.032	-0.057	+1.305	+0.986	+1.288	-0.064	-0.009	+0.007	+0.042	+0.050	+1.397	-0.063	+0.954	+0.955	-0.282	+0.011	+0.035	-0.037	-0.031	-0.026	-0.037	-0.037	+1.146	-0.041	+1.133	+1.123	-0.052	-0.064	-0.060	-0.062	-0.058	-0.064	-0.060	-0.060	-0.069	-0.134	-0.194	-0.115	-0.019	-0.026	-0.059	-0.054	-0.146	-0.097	
rs16953140     -0.097	-0.130	-0.101	-0.048	-0.239	-0.054	-0.101	-0.140	-0.046	-0.040	-0.121	-0.155	+0.026	-0.131	-0.129	+0.063	+0.154	-0.117	-0.157	+0.053	+0.047	+0.060	-0.117	-0.162	-0.118	-0.147	-0.147	-0.026	-0.149	+0.020	+0.030	-0.114	+0.025	-0.032	+0.038	-0.195	-0.139	+0.044	+0.074	-0.043	-0.109	-0.147	-0.162	-0.236	-0.085	-0.128	-0.078	-0.072	-0.042	+0.096	+0.086	+0.106	+0.092	+0.089	-0.138	-0.047	-0.041	-0.318	-0.059	-0.365	-0.216	-0.185	-0.133	+0.564	-0.376	-0.376	+0.563	-0.285	-0.368	+0.882	-0.055	-0.085	+0.498	-0.377	-0.086	-0.373	+0.477	+0.333	+0.487	-0.358	+0.467	+0.426	+0.394	+0.441	+0.458	+0.431	+0.325	-0.365	+0.306	+0.347	-0.379	+0.323	+0.343	+0.372	+0.374	-0.191	+0.350	-0.380	+0.383	+0.412	+0.394	+0.391	-0.338	+0.399	-0.338	+0.311	+0.468	+0.448	+0.503	+0.498	-0.377	-0.376	-0.376	+0.673	-0.208	+0.523	+0.531	-0.374	+0.709	+0.632	-0.372	-0.373	+0.722	-0.370	-0.370	+0.723	+0.786	-0.367	-0.362	-0.362	-0.361	-0.365	+0.809	-0.363	+0.825	-0.361	+0.863	+0.848	+0.963	+1.025	-0.195	+1.034	+1.034	+1.275	+0.033	-0.057	+1.307	+0.988	+1.290	-0.064	-0.008	+0.008	+0.043	+0.051	+1.399	-0.062	+0.955	+0.956	-0.282	+0.012	+0.036	-0.037	-0.030	-0.025	-0.036	-0.037	+1.148	-0.040	+1.134	+1.125	-0.051	-0.063	-0.060	-0.061	-0.057	-0.063	-0.060	-0.060	-0.068	-0.134	-0.194	-0.114	-0.018	-0.025	-0.058	-0.054	-0.146	-0.096	
rs4986229      -0.350	-0.319	-0.222	-0.157	-0.407	-0.301	-0.362	-0.383	-0.294	-0.289	-0.275	-0.397	-0.161	-0.328	-0.328	-0.117	-0.117	-0.085	-0.399	-0.130	-0.139	-0.124	-0.186	-0.402	-0.190	-0.340	-0.348	-0.276	-0.454	-0.233	-0.223	-0.350	-0.228	-0.281	-0.216	-0.425	-0.458	-0.209	-0.180	-0.291	-0.240	-0.460	-0.453	-0.412	-0.329	-0.285	-0.323	-0.317	-0.302	-0.230	-0.074	-0.221	-0.233	-0.236	-0.296	-0.295	-0.289	-0.515	-0.183	-0.581	-0.429	-0.398	-0.285	+0.237	-0.595	-0.594	+0.505	-0.475	-0.580	+0.696	-0.305	-0.336	+0.223	-0.601	-0.336	-0.592	+0.203	+0.058	+0.212	-0.609	+0.193	+0.174	+0.142	+0.168	+0.184	+0.158	+0.058	-0.611	+0.043	+0.083	-0.605	+0.059	+0.079	+0.108	+0.109	-0.436	+0.087	-0.607	+0.119	+0.146	+0.129	+0.126	-0.599	+0.133	-0.599	+0.066	+0.259	+0.238	+0.234	+0.227	-0.598	-0.598	-0.598	+0.397	-0.429	+0.244	+0.253	-0.593	+0.432	+0.360	-0.590	-0.593	+0.445	-0.588	-0.587	+0.449	+0.507	-0.583	-0.576	-0.576	-0.575	-0.581	+0.529	-0.580	+0.544	-0.577	+0.580	+0.565	+0.676	+0.736	-0.416	+0.740	+0.740	+0.937	-0.221	-0.310	+0.970	+0.701	+0.952	-0.316	-0.261	-0.245	-0.212	-0.204	+1.056	-0.315	+0.630	+0.631	-0.497	-0.242	-0.218	-0.287	-0.281	-0.276	-0.286	-0.287	+0.817	-0.290	+0.804	+0.795	-0.301	-0.312	-0.309	-0.310	-0.306	-0.312	-0.309	-0.308	-0.317	-0.379	-0.433	-0.360	-0.272	-0.278	-0.304	-0.300	-0.385	-0.344	
rs16953155     -0.582	-0.446	-0.323	-0.211	-0.466	-0.812	-0.671	-0.604	-0.813	-0.814	-0.291	-0.574	-0.202	-0.648	-0.647	-0.158	-0.157	-0.399	-0.451	-0.169	-0.178	-0.164	-0.400	-0.570	-0.344	-0.623	-0.655	-0.816	-0.666	-0.824	-0.824	-0.772	-0.824	-0.815	-0.829	-0.582	-0.686	-0.825	-0.829	-0.815	-0.513	-0.687	-0.657	-0.563	-0.823	-0.392	-0.824	-0.826	-0.398	-0.584	-0.449	-0.576	-0.587	-0.591	-0.408	-0.828	-0.829	-0.724	-0.526	-0.899	-0.907	-0.900	-0.597	-0.113	-0.910	-0.910	+0.083	-0.754	-0.891	+0.105	-0.665	-0.695	+0.066	-0.933	-0.695	-0.921	+0.032	-0.165	+0.044	-0.959	+0.019	+0.080	+0.041	-0.013	+0.007	-0.025	-0.141	-0.955	-0.179	-0.132	-0.939	-0.160	-0.136	-0.103	-0.102	-0.797	-0.128	-0.942	-0.089	-0.056	-0.077	-0.081	-0.962	-0.072	-0.962	-0.067	+0.100	+0.074	+0.042	+0.032	-0.929	-0.928	-0.928	+0.215	-0.788	+0.018	+0.030	-0.921	+0.259	+0.181	-0.918	-0.921	+0.273	-0.914	-0.913	+0.302	+0.347	-0.908	-0.898	-0.899	-0.897	-0.905	+0.371	-0.909	+0.386	-0.905	+0.426	+0.408	+0.534	+0.594	-0.773	+0.602	+0.602	+0.679	-0.576	-0.674	+0.707	+0.561	+0.696	-0.680	-0.615	-0.600	-0.566	-0.559	+0.807	-0.679	+0.336	+0.336	-0.805	-0.597	-0.573	-0.640	-0.633	-0.628	-0.638	-0.639	+0.556	-0.643	+0.542	+0.532	-0.652	-0.664	-0.660	-0.661	-0.658	-0.663	-0.660	-0.660	-0.669	-0.732	-0.780	-0.711	-0.633	-0.639	-0.654	-0.650	-0.729	-0.697	
rs892576       -0.110	-0.140	-0.110	-0.056	-0.249	-0.071	-0.114	-0.152	-0.062	-0.057	-0.131	-0.167	+0.009	-0.149	-0.147	+0.047	+0.053	-0.130	-0.169	+0.142	+0.037	+0.052	-0.130	-0.174	-0.128	-0.163	-0.162	-0.042	-0.164	+0.003	+0.014	-0.131	+0.008	-0.048	+0.018	-0.206	-0.154	+0.028	+0.054	-0.059	-0.119	-0.162	-0.176	-0.246	-0.100	-0.138	-0.094	-0.087	-0.054	+0.083	+0.074	+0.093	+0.079	+0.076	-0.147	-0.063	-0.057	-0.329	-0.070	-0.376	-0.229	-0.199	-0.144	+0.550	-0.387	-0.387	+0.549	-0.296	-0.379	+0.865	-0.068	-0.097	+0.486	-0.389	-0.098	-0.384	+0.465	+0.321	+0.475	-0.370	+0.455	+0.416	+0.383	+0.430	+0.446	+0.419	+0.314	-0.377	+0.294	+0.335	-0.391	+0.311	+0.332	+0.361	+0.362	-0.203	+0.339	-0.391	+0.372	+0.400	+0.383	+0.380	-0.351	+0.387	-0.351	+0.301	+0.458	+0.438	+0.492	+0.486	-0.388	-0.388	-0.388	+0.662	-0.220	+0.512	+0.520	-0.385	+0.698	+0.621	-0.384	-0.385	+0.711	-0.382	-0.381	+0.713	+0.775	-0.379	-0.373	-0.374	-0.372	-0.377	+0.798	-0.375	+0.814	-0.372	+0.851	+0.836	+0.952	+1.013	-0.208	+1.023	+1.023	+1.262	+0.020	-0.070	+1.294	+0.977	+1.277	-0.076	-0.021	-0.005	+0.030	+0.038	+1.385	-0.075	+0.942	+0.943	-0.292	-0.001	+0.023	-0.049	-0.043	-0.038	-0.049	-0.049	+1.134	-0.053	+1.121	+1.112	-0.064	-0.076	-0.072	-0.074	-0.070	-0.076	-0.072	-0.072	-0.081	-0.146	-0.206	-0.127	-0.031	-0.038	-0.070	-0.066	-0.158	-0.109	
rs2004310      -0.119	-0.147	-0.116	-0.062	-0.256	-0.082	-0.123	-0.161	-0.074	-0.069	-0.138	-0.176	-0.000	-0.159	-0.157	+0.041	+0.047	-0.139	-0.178	+0.037	+0.133	+0.046	-0.139	-0.183	-0.137	-0.172	-0.172	-0.054	-0.174	-0.009	+0.001	-0.142	-0.004	-0.060	+0.009	-0.215	-0.165	+0.015	+0.045	-0.070	-0.127	-0.173	-0.186	-0.253	-0.111	-0.144	-0.104	-0.098	-0.063	+0.076	+0.066	+0.085	+0.072	+0.069	-0.154	-0.074	-0.068	-0.337	-0.078	-0.385	-0.240	-0.209	-0.152	+0.543	-0.396	-0.395	+0.543	-0.304	-0.387	+0.858	-0.075	-0.105	+0.477	-0.397	-0.105	-0.393	+0.456	+0.312	+0.465	-0.379	+0.446	+0.408	+0.375	+0.420	+0.437	+0.410	+0.304	-0.386	+0.285	+0.326	-0.400	+0.302	+0.322	+0.352	+0.353	-0.211	+0.330	-0.400	+0.363	+0.391	+0.374	+0.370	-0.360	+0.378	-0.360	+0.293	+0.450	+0.430	+0.482	+0.477	-0.397	-0.397	-0.396	+0.652	-0.228	+0.502	+0.510	-0.394	+0.688	+0.611	-0.392	-0.393	+0.701	-0.390	-0.390	+0.701	+0.766	-0.387	-0.382	-0.382	-0.381	-0.385	+0.788	-0.383	+0.804	-0.381	+0.842	+0.827	+0.942	+1.003	-0.215	+1.012	+1.012	+1.256	+0.013	-0.077	+1.288	+0.967	+1.270	-0.084	-0.028	-0.012	+0.023	+0.031	+1.379	-0.082	+0.935	+0.936	-0.301	-0.008	+0.016	-0.056	-0.050	-0.045	-0.056	-0.057	+1.128	-0.060	+1.115	+1.105	-0.071	-0.083	-0.080	-0.081	-0.077	-0.083	-0.080	-0.079	-0.088	-0.154	-0.214	-0.134	-0.039	-0.045	-0.078	-0.074	-0.165	-0.116	
rs748509       -0.104	-0.135	-0.106	-0.053	-0.244	-0.064	-0.108	-0.147	-0.056	-0.050	-0.127	-0.161	+0.014	-0.142	-0.139	+0.054	+0.060	-0.124	-0.164	+0.052	+0.046	+0.147	-0.124	-0.169	-0.124	-0.156	-0.156	-0.036	-0.156	+0.010	+0.021	-0.123	+0.015	-0.041	+0.028	-0.201	-0.146	+0.035	+0.065	-0.052	-0.115	-0.154	-0.169	-0.242	-0.094	-0.134	-0.087	-0.080	-0.048	+0.089	+0.079	+0.099	+0.086	+0.083	-0.143	-0.056	-0.050	-0.324	-0.066	-0.371	-0.224	-0.192	-0.139	+0.557	-0.382	-0.382	+0.556	-0.291	-0.374	+0.874	-0.062	-0.092	+0.492	-0.384	-0.092	-0.379	+0.471	+0.327	+0.480	-0.364	+0.460	+0.419	+0.387	+0.435	+0.452	+0.425	+0.319	-0.372	+0.299	+0.340	-0.386	+0.316	+0.337	+0.366	+0.367	-0.198	+0.344	-0.386	+0.377	+0.406	+0.388	+0.385	-0.345	+0.393	-0.345	+0.304	+0.461	+0.441	+0.497	+0.491	-0.383	-0.383	-0.383	+0.667	-0.215	+0.517	+0.525	-0.380	+0.703	+0.626	-0.379	-0.380	+0.716	-0.377	-0.376	+0.716	+0.780	-0.374	-0.368	-0.369	-0.368	-0.372	+0.803	-0.370	+0.819	-0.367	+0.857	+0.842	+0.957	+1.018	-0.202	+1.028	+1.028	+1.268	+0.026	-0.064	+1.300	+0.982	+1.283	-0.071	-0.015	+0.001	+0.036	+0.044	+1.391	-0.069	+0.948	+0.949	-0.288	+0.004	+0.029	-0.044	-0.037	-0.032	-0.043	-0.044	+1.141	-0.047	+1.127	+1.118	-0.058	-0.070	-0.067	-0.068	-0.064	-0.070	-0.067	-0.067	-0.075	-0.141	-0.201	-0.121	-0.026	-0.032	-0.065	-0.061	-0.152	-0.103	
rs892577       -0.352	-0.320	-0.223	-0.157	-0.408	-0.305	-0.364	-0.385	-0.298	-0.292	-0.276	-0.398	-0.163	-0.332	-0.333	-0.117	-0.117	-0.186	-0.400	-0.130	-0.139	-0.124	-0.086	-0.404	-0.192	-0.343	-0.351	-0.278	-0.456	-0.235	-0.225	-0.352	-0.230	-0.283	-0.218	-0.427	-0.460	-0.212	-0.183	-0.293	-0.242	-0.462	-0.454	-0.414	-0.331	-0.286	-0.325	-0.319	-0.303	-0.231	-0.075	-0.223	-0.234	-0.237	-0.298	-0.297	-0.292	-0.517	-0.185	-0.583	-0.432	-0.400	-0.287	+0.235	-0.596	-0.596	+0.504	-0.476	-0.582	+0.694	-0.307	-0.338	+0.221	-0.603	-0.338	-0.594	+0.201	+0.057	+0.210	-0.611	+0.191	+0.172	+0.140	+0.167	+0.183	+0.157	+0.057	-0.613	+0.041	+0.081	-0.607	+0.058	+0.078	+0.106	+0.107	-0.438	+0.085	-0.608	+0.117	+0.145	+0.128	+0.125	-0.601	+0.132	-0.601	+0.064	+0.257	+0.236	+0.233	+0.226	-0.600	-0.600	-0.599	+0.396	-0.431	+0.243	+0.251	-0.595	+0.431	+0.358	-0.592	-0.594	+0.443	-0.590	-0.589	+0.448	+0.506	-0.585	-0.578	-0.578	-0.576	-0.582	+0.528	-0.582	+0.543	-0.579	+0.579	+0.564	+0.675	+0.734	-0.418	+0.738	+0.738	+0.935	-0.223	-0.312	+0.968	+0.700	+0.949	-0.319	-0.263	-0.247	-0.214	-0.207	+1.054	-0.317	+0.627	+0.628	-0.499	-0.244	-0.220	-0.289	-0.283	-0.278	-0.288	-0.289	+0.814	-0.292	+0.802	+0.792	-0.303	-0.314	-0.311	-0.312	-0.308	-0.314	-0.311	-0.311	-0.319	-0.381	-0.435	-0.362	-0.274	-0.280	-0.306	-0.302	-0.387	-0.346	
rs79125582     -0.569	-0.448	-0.327	-0.214	-0.458	-0.813	-0.664	-0.600	-0.814	-0.815	-0.297	-0.570	-0.207	-0.650	-0.650	-0.163	-0.162	-0.402	-0.570	-0.174	-0.183	-0.169	-0.404	-0.451	-0.348	-0.625	-0.657	-0.817	-0.668	-0.824	-0.824	-0.774	-0.824	-0.816	-0.829	-0.594	-0.688	-0.825	-0.829	-0.815	-0.515	-0.689	-0.659	-0.560	-0.823	-0.388	-0.825	-0.826	-0.341	-0.579	-0.443	-0.570	-0.582	-0.585	-0.404	-0.829	-0.829	-0.719	-0.517	-0.898	-0.906	-0.899	-0.598	-0.099	-0.909	-0.909	+0.097	-0.751	-0.890	+0.109	-0.666	-0.696	+0.085	-0.933	-0.697	-0.920	+0.050	-0.150	+0.062	-0.959	+0.036	+0.096	+0.057	+0.004	+0.024	-0.008	-0.125	-0.955	-0.166	-0.118	-0.939	-0.146	-0.123	-0.089	-0.088	-0.797	-0.114	-0.942	-0.075	-0.042	-0.063	-0.067	-0.962	-0.058	-0.962	-0.054	+0.112	+0.086	+0.057	+0.048	-0.928	-0.928	-0.927	+0.231	-0.789	+0.032	+0.044	-0.920	+0.275	+0.196	-0.917	-0.920	+0.289	-0.913	-0.912	+0.318	+0.364	-0.907	-0.897	-0.898	-0.896	-0.904	+0.388	-0.908	+0.403	-0.904	+0.443	+0.426	+0.552	+0.613	-0.774	+0.622	+0.622	+0.692	-0.578	-0.675	+0.719	+0.580	+0.708	-0.681	-0.616	-0.601	-0.568	-0.560	+0.820	-0.680	+0.347	+0.348	-0.803	-0.598	-0.574	-0.641	-0.634	-0.629	-0.639	-0.640	+0.568	-0.644	+0.554	+0.544	-0.653	-0.665	-0.661	-0.662	-0.659	-0.664	-0.661	-0.661	-0.670	-0.733	-0.781	-0.712	-0.634	-0.640	-0.655	-0.651	-0.730	-0.698	
rs1434503      -0.294	-0.275	-0.177	-0.116	-0.367	-0.220	-0.306	-0.328	-0.212	-0.206	-0.249	-0.341	-0.151	-0.283	-0.284	-0.118	-0.118	-0.190	-0.344	-0.128	-0.137	-0.124	-0.192	-0.348	-0.027	-0.286	-0.263	-0.190	-0.406	-0.146	-0.133	-0.293	-0.141	-0.196	-0.174	-0.372	-0.410	-0.118	-0.125	-0.207	-0.174	-0.413	-0.406	-0.367	-0.251	-0.241	-0.244	-0.237	-0.244	-0.184	-0.005	-0.175	-0.187	-0.189	-0.253	-0.213	-0.207	-0.464	-0.104	-0.527	-0.359	-0.346	-0.234	+0.290	-0.541	-0.541	+0.562	-0.420	-0.530	+0.727	-0.252	-0.283	+0.272	-0.547	-0.284	-0.538	+0.251	+0.108	+0.260	-0.556	+0.242	+0.241	+0.209	+0.217	+0.233	+0.207	+0.108	-0.559	+0.092	+0.132	-0.551	+0.108	+0.128	+0.156	+0.157	-0.383	+0.135	-0.553	+0.167	+0.195	+0.178	+0.175	-0.547	+0.182	-0.547	+0.132	+0.327	+0.306	+0.282	+0.276	-0.544	-0.544	-0.544	+0.444	-0.376	+0.293	+0.301	-0.539	+0.479	+0.406	-0.536	-0.538	+0.491	-0.534	-0.533	+0.530	+0.553	-0.529	-0.521	-0.522	-0.520	-0.526	+0.575	-0.526	+0.589	-0.522	+0.625	+0.611	+0.721	+0.781	-0.362	+0.787	+0.787	+0.979	-0.170	-0.258	+1.011	+0.747	+0.994	-0.264	-0.209	-0.194	-0.161	-0.153	+1.098	-0.263	+0.675	+0.676	-0.442	-0.191	-0.167	-0.236	-0.229	-0.224	-0.235	-0.235	+0.859	-0.239	+0.847	+0.837	-0.249	-0.260	-0.257	-0.259	-0.255	-0.260	-0.257	-0.257	-0.265	-0.327	-0.374	-0.308	-0.219	-0.225	-0.253	-0.248	-0.333	-0.292	
rs12969736     -0.583	-0.447	-0.324	-0.241	-0.522	-0.547	-0.602	-0.609	-0.542	-0.537	-0.341	-0.621	-0.195	-0.459	-0.459	-0.147	-0.147	-0.340	-0.623	-0.163	-0.172	-0.156	-0.343	-0.625	-0.286	-0.310	-0.478	-0.523	-0.637	-0.488	-0.479	-0.659	-0.483	-0.527	-0.486	-0.639	-0.649	-0.467	-0.446	-0.534	-0.331	-0.651	-0.632	-0.562	-0.566	-0.418	-0.561	-0.556	-0.542	-0.406	-0.241	-0.397	-0.409	-0.412	-0.431	-0.538	-0.533	-0.684	-0.306	-0.782	-0.709	-0.694	-0.412	+0.143	-0.795	-0.795	+0.423	-0.654	-0.778	+0.482	-0.452	-0.489	-0.006	-0.808	-0.489	-0.796	-0.025	-0.172	-0.016	-0.831	-0.035	+0.091	+0.056	-0.059	-0.043	-0.069	-0.166	-0.830	-0.178	-0.139	-0.813	-0.162	-0.142	-0.114	-0.113	-0.611	-0.135	-0.816	-0.103	-0.076	-0.093	-0.096	-0.828	-0.088	-0.828	-0.024	+0.172	+0.150	+0.011	+0.003	-0.803	-0.803	-0.803	+0.174	-0.603	+0.016	+0.025	-0.797	+0.210	+0.139	-0.794	-0.796	+0.222	-0.790	-0.789	+0.241	+0.284	-0.785	-0.776	-0.776	-0.775	-0.782	+0.306	-0.783	+0.319	-0.779	+0.355	+0.340	+0.450	+0.508	-0.587	+0.507	+0.507	+0.853	-0.353	-0.460	+0.890	+0.471	+0.868	-0.467	-0.399	-0.381	-0.342	-0.333	+0.977	-0.466	+0.519	+0.520	-0.687	-0.377	-0.350	-0.430	-0.422	-0.416	-0.429	-0.430	+0.727	-0.434	+0.714	+0.704	-0.446	-0.459	-0.455	-0.457	-0.452	-0.459	-0.455	-0.455	-0.465	-0.541	-0.607	-0.517	-0.427	-0.434	-0.463	-0.458	-0.550	-0.499	
rs12956867     -0.617	-0.465	-0.341	-0.255	-0.534	-0.590	-0.636	-0.642	-0.585	-0.581	-0.344	-0.653	-0.195	-0.512	-0.512	-0.147	-0.147	-0.348	-0.655	-0.162	-0.172	-0.156	-0.351	-0.657	-0.263	-0.478	-0.344	-0.567	-0.660	-0.535	-0.526	-0.693	-0.531	-0.570	-0.555	-0.670	-0.673	-0.515	-0.520	-0.577	-0.350	-0.674	-0.654	-0.582	-0.606	-0.435	-0.602	-0.598	-0.577	-0.449	-0.274	-0.440	-0.452	-0.455	-0.449	-0.581	-0.576	-0.707	-0.331	-0.810	-0.745	-0.736	-0.446	+0.098	-0.824	-0.824	+0.377	-0.679	-0.808	+0.412	-0.488	-0.525	-0.037	-0.837	-0.525	-0.825	-0.057	-0.204	-0.047	-0.863	-0.066	+0.071	+0.037	-0.090	-0.074	-0.100	-0.197	-0.861	-0.209	-0.170	-0.843	-0.193	-0.173	-0.145	-0.144	-0.646	-0.166	-0.846	-0.134	-0.106	-0.123	-0.126	-0.861	-0.119	-0.861	-0.044	+0.153	+0.130	-0.019	-0.027	-0.833	-0.832	-0.832	+0.144	-0.637	-0.016	-0.007	-0.826	+0.179	+0.109	-0.822	-0.825	+0.191	-0.819	-0.818	+0.226	+0.254	-0.813	-0.804	-0.805	-0.803	-0.810	+0.275	-0.812	+0.289	-0.807	+0.325	+0.310	+0.419	+0.477	-0.621	+0.475	+0.476	+0.810	-0.391	-0.497	+0.847	+0.440	+0.825	-0.505	-0.437	-0.419	-0.380	-0.372	+0.934	-0.503	+0.476	+0.477	-0.715	-0.415	-0.388	-0.467	-0.459	-0.453	-0.466	-0.466	+0.685	-0.470	+0.672	+0.662	-0.482	-0.496	-0.492	-0.494	-0.489	-0.496	-0.492	-0.492	-0.501	-0.577	-0.635	-0.553	-0.464	-0.471	-0.499	-0.494	-0.585	-0.535	
rs17734193     -0.790	-0.484	-0.352	-0.244	-0.485	-0.648	-0.817	-0.806	-0.648	-0.647	-0.247	-0.815	-0.079	-0.563	-0.563	-0.027	-0.026	-0.276	-0.816	-0.042	-0.054	-0.036	-0.278	-0.817	-0.190	-0.523	-0.567	-0.505	-0.573	-0.630	-0.621	-0.675	-0.624	-0.629	-0.675	-0.816	-0.601	-0.612	-0.649	-0.644	-0.559	-0.608	-0.565	-0.617	-0.697	-0.447	-0.699	-0.701	-0.760	-0.567	-0.395	-0.558	-0.570	-0.574	-0.463	-0.703	-0.703	-0.763	-0.617	-0.946	-0.904	-0.896	-0.643	-0.238	-0.956	-0.956	-0.022	-0.803	-0.938	+0.228	-0.705	-0.736	-0.178	-0.980	-0.736	-0.969	-0.197	-0.357	-0.188	-0.999	-0.206	-0.118	-0.151	-0.231	-0.215	-0.241	-0.337	-0.996	-0.344	-0.303	-0.985	-0.327	-0.307	-0.278	-0.277	-0.839	-0.299	-0.988	-0.267	-0.238	-0.256	-0.259	-0.999	-0.251	-0.999	-0.222	-0.049	-0.072	-0.150	-0.161	-0.976	-0.975	-0.975	+0.021	-0.831	-0.154	-0.143	-0.969	+0.060	-0.009	-0.965	-0.968	+0.072	-0.962	-0.961	+0.101	+0.137	-0.957	-0.947	-0.948	-0.946	-0.953	+0.159	-0.957	+0.170	-0.953	+0.207	+0.191	+0.302	+0.358	-0.816	+0.351	+0.351	+0.529	-0.615	-0.713	+0.568	+0.328	+0.544	-0.719	-0.655	-0.639	-0.605	-0.598	+0.648	-0.718	+0.202	+0.203	-0.856	-0.636	-0.612	-0.680	-0.673	-0.668	-0.679	-0.679	+0.413	-0.683	+0.401	+0.392	-0.693	-0.705	-0.701	-0.703	-0.699	-0.705	-0.701	-0.701	-0.710	-0.774	-0.824	-0.753	-0.674	-0.680	-0.697	-0.693	-0.773	-0.739	
rs11082587     -0.627	-0.397	-0.340	-0.253	-0.547	-0.597	-0.647	-0.653	-0.591	-0.587	-0.349	-0.665	-0.202	-0.656	-0.656	-0.152	-0.149	-0.454	-0.666	-0.164	-0.174	-0.156	-0.456	-0.668	-0.406	-0.637	-0.660	-0.573	-0.355	-0.539	-0.531	-0.601	-0.535	-0.577	-0.536	-0.681	-0.485	-0.520	-0.498	-0.584	-0.518	-0.522	-0.507	-0.588	-0.613	-0.440	-0.608	-0.604	-0.588	-0.276	-0.272	-0.265	-0.280	-0.284	-0.453	-0.587	-0.582	-0.728	-0.559	-0.831	-0.691	-0.665	-0.575	-0.087	-0.839	-0.839	-0.003	-0.748	-0.833	+0.430	-0.580	-0.608	-0.061	-0.844	-0.608	-0.843	-0.080	-0.228	-0.071	-0.820	-0.089	-0.069	-0.100	-0.113	-0.098	-0.123	-0.219	-0.828	-0.231	-0.192	-0.845	-0.215	-0.195	-0.167	-0.166	-0.704	-0.188	-0.845	-0.157	-0.129	-0.146	-0.149	-0.800	-0.142	-0.801	-0.172	-0.018	-0.039	-0.044	-0.052	-0.846	-0.846	-0.846	+0.121	-0.708	-0.038	-0.029	-0.845	+0.157	+0.087	-0.844	-0.845	+0.169	-0.843	-0.842	+0.189	+0.231	-0.841	-0.836	-0.837	-0.836	-0.839	+0.253	-0.838	+0.267	-0.836	+0.302	+0.287	+0.396	+0.453	-0.696	+0.451	+0.451	+0.622	-0.495	-0.585	+0.658	+0.421	+0.636	-0.591	-0.533	-0.519	-0.486	-0.479	+0.739	-0.590	+0.315	+0.316	-0.776	-0.515	-0.492	-0.558	-0.551	-0.547	-0.557	-0.557	+0.507	-0.561	+0.494	+0.485	-0.571	-0.582	-0.578	-0.579	-0.576	-0.581	-0.578	-0.578	-0.586	-0.646	-0.695	-0.626	-0.544	-0.550	-0.570	-0.566	-0.647	-0.612	
