## Summary of overall evidence for association with region:
## log10(BF for region) = 1.52235
## p-value for region = NA

## BFs for choosing among multi-SNP models:
## log10(average 1-SNP BF) = 1.55035
## log10(average 2-SNP BF) = 1.46027

## Example posterior probabilities for multi-SNP models, based on default prior: [p(l) propto 0.5^l for l=1,2,...,L]
## posterior probability of 1-SNP = 0.711064
## posterior probability of 2-SNP = 0.288936

## log10(BF) for single SNP and pair of SNPs:
rs7829518      -0.515	-0.755	-0.755	-0.826	-0.793	-0.758	-0.755	-0.898	-0.752	-0.752	-0.753	-0.757	-0.757	-0.758	-0.805	-0.762	-0.777	-0.805	-0.809	-0.921	-0.808	-0.801	-0.795	-0.795	-0.826	-0.837	-0.837	-0.992	-0.990	-0.990	-0.993	-0.990	-0.993	-0.989	-0.991	-0.991	-0.838	-1.002	-0.840	-0.842	-0.923	-0.865	-0.924	-0.978	-0.974	-0.844	-0.844	-0.845	-1.002	-0.917	-0.845	-0.969	-0.977	-0.358	-0.846	-0.846	-0.846	-1.010	-0.846	-0.847	-0.383	-0.911	-0.846	-0.847	-0.847	-0.789	-0.847	-0.837	-0.837	-0.838	-0.837	-0.847	-0.846	-0.845	-0.845	-0.829	-0.971	-0.955	-0.674	-0.946	-0.502	-0.504	-0.791	-0.775	-0.834	-0.986	-0.827	-0.971	-0.778	-0.780	-0.777	+1.670	-0.767	-0.769	+1.588	+1.580	+2.132	+2.223	+2.223	+1.581	+1.583	+1.720	+1.574	+1.654	+1.583	-0.324	+1.585	+1.585	+1.587	+1.588	+1.588	+1.589	+1.589	+1.646	+1.661	+1.589	-0.765	+1.605	+1.253	-0.324	+1.619	+1.526	+1.578	+1.607	-0.335	+1.566	-0.763	+1.757	+1.560	+1.559	-0.765	+1.607	-0.761	+1.579	+1.189	+1.233	-0.741	+1.207	+1.171	-0.765	+1.205	+1.064	+1.065	-0.763	+1.199	+1.457	-0.712	+1.199	+1.200	+1.214	+1.228	+1.342	+1.186	+1.161	+1.159	+1.044	-0.519	+1.126	+1.102	+1.124	+0.676	+0.663	+1.121	+1.119	+1.116	+0.141	+1.033	+1.059	+1.223	+1.032	-0.186	-0.199	-0.699	-0.739	-0.686	-0.689	-0.689	-0.721	-0.693	-0.723	
rs62499147     -0.755	-0.531	-0.657	-0.834	-0.800	-0.665	-0.659	-0.887	-0.657	-0.657	-0.658	-0.665	-0.666	-0.667	-0.811	-0.674	-0.743	-0.820	-0.828	-0.922	-0.827	-0.821	-0.816	-0.816	-0.840	-0.851	-0.851	-1.001	-0.998	-0.999	-1.002	-0.999	-1.002	-0.998	-1.000	-1.000	-0.852	-1.012	-0.854	-0.856	-0.941	-0.879	-0.942	-0.994	-0.990	-0.858	-0.858	-0.859	-1.020	-0.931	-0.859	-0.989	-0.996	-0.376	-0.861	-0.861	-0.861	-1.028	-0.861	-0.861	-0.401	-0.924	-0.861	-0.861	-0.862	-0.804	-0.861	-0.851	-0.851	-0.852	-0.852	-0.861	-0.860	-0.859	-0.859	-0.844	-0.983	-0.969	-0.686	-0.961	-0.510	-0.512	-0.804	-0.788	-0.847	-1.000	-0.841	-0.985	-0.793	-0.794	-0.791	+1.643	-0.781	-0.783	+1.561	+1.554	+2.104	+2.195	+2.195	+1.555	+1.557	+1.693	+1.547	+1.628	+1.557	-0.338	+1.559	+1.559	+1.561	+1.562	+1.561	+1.562	+1.562	+1.619	+1.634	+1.563	-0.779	+1.579	+1.228	-0.338	+1.592	+1.500	+1.552	+1.581	-0.348	+1.540	-0.777	+1.731	+1.534	+1.533	-0.779	+1.580	-0.775	+1.553	+1.158	+1.201	-0.756	+1.176	+1.140	-0.779	+1.174	+1.034	+1.035	-0.777	+1.169	+1.453	-0.727	+1.168	+1.169	+1.183	+1.197	+1.310	+1.156	+1.130	+1.129	+1.014	-0.535	+1.095	+1.072	+1.093	+0.649	+0.635	+1.090	+1.088	+1.085	+0.118	+1.004	+1.029	+1.192	+1.002	-0.207	-0.219	-0.717	-0.756	-0.704	-0.707	-0.707	-0.739	-0.710	-0.738	
rs62499148     -0.755	-0.657	-0.531	-0.834	-0.800	-0.665	-0.659	-0.887	-0.657	-0.657	-0.658	-0.665	-0.666	-0.667	-0.811	-0.674	-0.743	-0.820	-0.829	-0.922	-0.827	-0.821	-0.816	-0.816	-0.840	-0.851	-0.851	-1.001	-0.998	-0.999	-1.002	-0.999	-1.002	-0.998	-1.000	-1.000	-0.852	-1.012	-0.854	-0.856	-0.941	-0.879	-0.943	-0.994	-0.990	-0.858	-0.859	-0.859	-1.020	-0.931	-0.859	-0.989	-0.996	-0.376	-0.861	-0.861	-0.861	-1.028	-0.861	-0.861	-0.401	-0.924	-0.861	-0.861	-0.862	-0.804	-0.861	-0.852	-0.852	-0.852	-0.852	-0.861	-0.860	-0.859	-0.859	-0.844	-0.983	-0.969	-0.686	-0.961	-0.510	-0.512	-0.804	-0.788	-0.847	-1.000	-0.841	-0.985	-0.793	-0.794	-0.791	+1.643	-0.781	-0.783	+1.561	+1.554	+2.104	+2.195	+2.195	+1.555	+1.556	+1.693	+1.547	+1.627	+1.557	-0.338	+1.559	+1.559	+1.561	+1.562	+1.561	+1.562	+1.562	+1.619	+1.634	+1.563	-0.779	+1.579	+1.228	-0.338	+1.592	+1.500	+1.552	+1.580	-0.348	+1.540	-0.777	+1.731	+1.534	+1.533	-0.779	+1.580	-0.775	+1.553	+1.158	+1.201	-0.756	+1.176	+1.140	-0.779	+1.174	+1.034	+1.035	-0.777	+1.169	+1.453	-0.727	+1.168	+1.169	+1.183	+1.197	+1.310	+1.156	+1.130	+1.129	+1.014	-0.535	+1.095	+1.072	+1.093	+0.649	+0.635	+1.090	+1.088	+1.085	+0.118	+1.004	+1.029	+1.192	+1.002	-0.207	-0.219	-0.717	-0.756	-0.704	-0.707	-0.707	-0.739	-0.710	-0.738	
rs4872394      -0.826	-0.834	-0.834	-0.483	-0.583	-0.836	-0.832	-0.897	-0.828	-0.828	-0.828	-0.835	-0.835	-0.835	-0.660	-0.841	-0.812	-0.770	-0.775	-0.906	-0.774	-0.766	-0.761	-0.761	-0.794	-0.805	-0.805	-0.968	-0.967	-0.967	-0.969	-0.967	-0.969	-0.966	-0.968	-0.968	-0.806	-0.975	-0.809	-0.810	-0.879	-0.816	-0.880	-0.926	-0.922	-0.813	-0.813	-0.814	-0.977	-0.893	-0.814	-0.948	-0.955	-0.330	-0.815	-0.815	-0.815	-0.985	-0.815	-0.815	-0.355	-0.889	-0.815	-0.815	-0.816	-0.759	-0.816	-0.805	-0.805	-0.806	-0.805	-0.815	-0.814	-0.813	-0.813	-0.797	-0.932	-0.914	-0.676	-0.906	-0.522	-0.524	-0.772	-0.755	-0.810	-0.946	-0.795	-0.929	-0.748	-0.749	-0.746	+1.622	-0.738	-0.740	+1.542	+1.534	+2.079	+2.171	+2.171	+1.535	+1.537	+1.674	+1.528	+1.609	+1.537	-0.334	+1.539	+1.539	+1.541	+1.542	+1.542	+1.543	+1.543	+1.601	+1.615	+1.543	-0.736	+1.559	+1.212	-0.334	+1.573	+1.481	+1.532	+1.561	-0.344	+1.521	-0.735	+1.691	+1.515	+1.514	-0.736	+1.561	-0.732	+1.534	+1.116	+1.159	-0.745	+1.134	+1.098	-0.736	+1.132	+0.995	+0.996	-0.734	+1.126	+1.401	-0.718	+1.126	+1.127	+1.141	+1.154	+1.265	+1.114	+1.089	+1.087	+0.975	-0.540	+1.055	+1.031	+1.053	+0.614	+0.601	+1.050	+1.048	+1.045	+0.099	+0.967	+0.990	+1.151	+0.964	-0.211	-0.223	-0.683	-0.721	-0.669	-0.673	-0.673	-0.705	-0.676	-0.732	
rs1601467      -0.793	-0.800	-0.800	-0.583	-0.451	-0.801	-0.797	-0.862	-0.793	-0.793	-0.793	-0.800	-0.800	-0.801	-0.639	-0.807	-0.777	-0.738	-0.744	-0.877	-0.743	-0.735	-0.730	-0.730	-0.764	-0.775	-0.775	-0.939	-0.937	-0.938	-0.940	-0.938	-0.940	-0.937	-0.939	-0.939	-0.776	-0.946	-0.778	-0.780	-0.847	-0.784	-0.848	-0.894	-0.890	-0.782	-0.783	-0.783	-0.947	-0.865	-0.783	-0.917	-0.924	-0.300	-0.785	-0.785	-0.785	-0.954	-0.785	-0.785	-0.325	-0.860	-0.785	-0.785	-0.786	-0.728	-0.786	-0.775	-0.775	-0.775	-0.775	-0.785	-0.784	-0.783	-0.783	-0.766	-0.901	-0.883	-0.649	-0.875	-0.495	-0.497	-0.743	-0.726	-0.780	-0.914	-0.765	-0.897	-0.718	-0.719	-0.716	+1.641	-0.708	-0.710	+1.561	+1.554	+2.097	+2.189	+2.189	+1.555	+1.557	+1.693	+1.547	+1.628	+1.557	-0.306	+1.559	+1.559	+1.561	+1.562	+1.561	+1.562	+1.562	+1.620	+1.635	+1.563	-0.706	+1.579	+1.232	-0.306	+1.592	+1.500	+1.552	+1.581	-0.316	+1.541	-0.705	+1.708	+1.534	+1.534	-0.706	+1.581	-0.702	+1.554	+1.135	+1.177	-0.717	+1.153	+1.117	-0.706	+1.151	+1.014	+1.015	-0.704	+1.145	+1.424	-0.691	+1.145	+1.146	+1.159	+1.173	+1.283	+1.133	+1.108	+1.106	+0.994	-0.514	+1.075	+1.050	+1.072	+0.635	+0.622	+1.070	+1.068	+1.065	+0.122	+0.987	+1.010	+1.170	+0.984	-0.185	-0.196	-0.652	-0.691	-0.638	-0.643	-0.643	-0.674	-0.646	-0.704	
rs7835900      -0.758	-0.665	-0.665	-0.836	-0.801	-0.532	-0.662	-0.888	-0.660	-0.660	-0.660	-0.668	-0.669	-0.670	-0.813	-0.677	-0.744	-0.821	-0.829	-0.923	-0.828	-0.822	-0.817	-0.817	-0.841	-0.852	-0.852	-1.002	-0.999	-1.000	-1.003	-1.000	-1.004	-0.999	-1.001	-1.001	-0.853	-1.013	-0.856	-0.857	-0.943	-0.880	-0.944	-0.995	-0.991	-0.859	-0.860	-0.860	-1.021	-0.932	-0.860	-0.990	-0.998	-0.377	-0.862	-0.862	-0.862	-1.029	-0.862	-0.862	-0.402	-0.925	-0.862	-0.862	-0.863	-0.805	-0.862	-0.853	-0.853	-0.853	-0.853	-0.862	-0.861	-0.861	-0.860	-0.845	-0.985	-0.970	-0.687	-0.962	-0.512	-0.514	-0.805	-0.790	-0.848	-1.001	-0.842	-0.986	-0.794	-0.795	-0.792	+1.642	-0.782	-0.784	+1.560	+1.553	+2.103	+2.194	+2.194	+1.554	+1.555	+1.692	+1.546	+1.626	+1.556	-0.339	+1.558	+1.558	+1.560	+1.561	+1.560	+1.561	+1.561	+1.618	+1.633	+1.562	-0.780	+1.578	+1.227	-0.339	+1.591	+1.499	+1.550	+1.579	-0.350	+1.539	-0.778	+1.730	+1.532	+1.532	-0.780	+1.579	-0.776	+1.552	+1.157	+1.200	-0.758	+1.175	+1.138	-0.780	+1.173	+1.033	+1.033	-0.778	+1.167	+1.451	-0.729	+1.167	+1.168	+1.182	+1.196	+1.308	+1.154	+1.129	+1.127	+1.013	-0.536	+1.094	+1.070	+1.092	+0.647	+0.634	+1.089	+1.087	+1.084	+0.116	+1.002	+1.027	+1.191	+1.001	-0.208	-0.221	-0.718	-0.757	-0.705	-0.708	-0.708	-0.740	-0.711	-0.739	
rs62499150     -0.755	-0.659	-0.659	-0.832	-0.797	-0.662	-0.529	-0.885	-0.653	-0.653	-0.654	-0.659	-0.661	-0.661	-0.808	-0.667	-0.742	-0.819	-0.827	-0.919	-0.826	-0.820	-0.814	-0.814	-0.838	-0.849	-0.849	-0.999	-0.996	-0.997	-1.000	-0.997	-1.001	-0.996	-0.998	-0.998	-0.851	-1.010	-0.853	-0.854	-0.940	-0.878	-0.941	-0.992	-0.989	-0.857	-0.857	-0.857	-1.018	-0.929	-0.857	-0.987	-0.994	-0.374	-0.859	-0.859	-0.859	-1.026	-0.859	-0.859	-0.399	-0.922	-0.859	-0.859	-0.860	-0.802	-0.859	-0.850	-0.850	-0.850	-0.850	-0.859	-0.858	-0.858	-0.857	-0.842	-0.982	-0.968	-0.684	-0.959	-0.508	-0.510	-0.802	-0.787	-0.845	-0.998	-0.839	-0.984	-0.791	-0.792	-0.789	+1.644	-0.779	-0.781	+1.563	+1.555	+2.105	+2.196	+2.196	+1.556	+1.558	+1.694	+1.549	+1.629	+1.558	-0.335	+1.560	+1.560	+1.562	+1.563	+1.563	+1.564	+1.564	+1.621	+1.636	+1.564	-0.777	+1.580	+1.230	-0.335	+1.594	+1.501	+1.553	+1.582	-0.346	+1.541	-0.775	+1.733	+1.535	+1.535	-0.777	+1.582	-0.773	+1.555	+1.160	+1.204	-0.754	+1.179	+1.142	-0.777	+1.177	+1.036	+1.037	-0.775	+1.171	+1.456	-0.725	+1.171	+1.171	+1.185	+1.199	+1.312	+1.158	+1.133	+1.131	+1.016	-0.532	+1.098	+1.074	+1.095	+0.651	+0.638	+1.093	+1.091	+1.088	+0.120	+1.006	+1.031	+1.194	+1.004	-0.204	-0.217	-0.715	-0.754	-0.702	-0.705	-0.705	-0.737	-0.708	-0.735	
rs6993325      -0.898	-0.887	-0.887	-0.897	-0.862	-0.888	-0.885	-0.604	-0.881	-0.881	-0.882	-0.887	-0.887	-0.887	-0.873	-0.892	-0.889	-0.882	-0.893	-0.993	-0.892	-0.885	-0.880	-0.880	-0.908	-0.920	-0.920	-1.069	-1.066	-1.066	-1.070	-1.067	-1.070	-1.066	-1.068	-1.068	-0.921	-1.079	-0.923	-0.925	-1.011	-0.946	-1.012	-1.059	-1.055	-0.928	-0.928	-0.928	-1.092	-0.999	-0.929	-1.063	-1.070	-0.451	-0.930	-0.930	-0.930	-1.100	-0.930	-0.930	-0.476	-0.992	-0.930	-0.930	-0.931	-0.875	-0.931	-0.920	-0.920	-0.920	-0.920	-0.930	-0.929	-0.928	-0.927	-0.911	-1.055	-1.037	-0.761	-1.029	-0.594	-0.596	-0.875	-0.860	-0.917	-1.069	-0.910	-1.055	-0.863	-0.864	-0.861	+1.586	-0.851	-0.854	+1.502	+1.494	+2.045	+2.136	+2.136	+1.495	+1.497	+1.636	+1.488	+1.568	+1.498	-0.415	+1.499	+1.500	+1.501	+1.503	+1.502	+1.503	+1.503	+1.560	+1.575	+1.503	-0.849	+1.519	+1.168	-0.415	+1.533	+1.440	+1.492	+1.521	-0.426	+1.480	-0.848	+1.664	+1.474	+1.474	-0.850	+1.521	-0.845	+1.494	+1.097	+1.140	-0.828	+1.115	+1.079	-0.850	+1.113	+0.973	+0.974	-0.848	+1.107	+1.375	-0.800	+1.108	+1.108	+1.122	+1.136	+1.248	+1.095	+1.070	+1.068	+0.953	-0.609	+1.032	+1.008	+1.030	+0.584	+0.571	+1.027	+1.025	+1.022	+0.053	+0.940	+0.965	+1.130	+0.939	-0.275	-0.288	-0.785	-0.824	-0.771	-0.775	-0.775	-0.806	-0.778	-0.811	
rs6992372      -0.752	-0.657	-0.657	-0.828	-0.793	-0.660	-0.653	-0.881	-0.526	-0.652	-0.652	-0.654	-0.656	-0.656	-0.804	-0.659	-0.741	-0.816	-0.824	-0.915	-0.823	-0.817	-0.812	-0.811	-0.835	-0.846	-0.846	-0.996	-0.993	-0.993	-0.997	-0.994	-0.997	-0.993	-0.995	-0.995	-0.848	-1.007	-0.850	-0.851	-0.937	-0.875	-0.938	-0.989	-0.986	-0.854	-0.854	-0.854	-1.015	-0.926	-0.854	-0.984	-0.991	-0.370	-0.856	-0.856	-0.856	-1.023	-0.856	-0.856	-0.396	-0.920	-0.856	-0.856	-0.857	-0.799	-0.856	-0.847	-0.847	-0.847	-0.847	-0.856	-0.855	-0.855	-0.854	-0.839	-0.978	-0.965	-0.680	-0.957	-0.503	-0.505	-0.799	-0.783	-0.842	-0.995	-0.836	-0.981	-0.788	-0.789	-0.786	+1.647	-0.776	-0.778	+1.566	+1.558	+2.108	+2.199	+2.199	+1.559	+1.561	+1.697	+1.551	+1.632	+1.561	-0.331	+1.563	+1.563	+1.565	+1.566	+1.566	+1.567	+1.567	+1.623	+1.638	+1.567	-0.774	+1.583	+1.233	-0.331	+1.597	+1.504	+1.556	+1.585	-0.342	+1.544	-0.772	+1.737	+1.538	+1.537	-0.774	+1.584	-0.770	+1.557	+1.164	+1.208	-0.750	+1.183	+1.146	-0.774	+1.181	+1.040	+1.041	-0.772	+1.175	+1.461	-0.721	+1.175	+1.175	+1.189	+1.203	+1.316	+1.162	+1.137	+1.135	+1.020	-0.528	+1.102	+1.078	+1.099	+0.655	+0.642	+1.097	+1.095	+1.092	+0.124	+1.010	+1.035	+1.198	+1.008	-0.200	-0.213	-0.711	-0.751	-0.698	-0.702	-0.702	-0.733	-0.705	-0.732	
rs6992402      -0.752	-0.657	-0.657	-0.828	-0.793	-0.660	-0.653	-0.881	-0.652	-0.526	-0.652	-0.654	-0.656	-0.656	-0.804	-0.659	-0.741	-0.816	-0.824	-0.916	-0.823	-0.817	-0.812	-0.812	-0.835	-0.846	-0.846	-0.996	-0.993	-0.993	-0.997	-0.994	-0.997	-0.993	-0.995	-0.995	-0.848	-1.007	-0.850	-0.851	-0.937	-0.875	-0.938	-0.989	-0.986	-0.854	-0.854	-0.854	-1.015	-0.926	-0.854	-0.984	-0.991	-0.371	-0.856	-0.856	-0.856	-1.023	-0.856	-0.856	-0.396	-0.920	-0.856	-0.856	-0.857	-0.799	-0.856	-0.847	-0.847	-0.847	-0.847	-0.856	-0.855	-0.855	-0.855	-0.839	-0.978	-0.965	-0.680	-0.957	-0.503	-0.505	-0.799	-0.783	-0.842	-0.995	-0.836	-0.981	-0.788	-0.789	-0.786	+1.647	-0.776	-0.778	+1.566	+1.558	+2.108	+2.199	+2.199	+1.559	+1.561	+1.697	+1.551	+1.632	+1.561	-0.331	+1.563	+1.563	+1.565	+1.566	+1.566	+1.566	+1.567	+1.623	+1.638	+1.567	-0.774	+1.583	+1.233	-0.331	+1.597	+1.504	+1.556	+1.585	-0.342	+1.544	-0.772	+1.736	+1.538	+1.537	-0.774	+1.584	-0.770	+1.557	+1.164	+1.208	-0.750	+1.183	+1.146	-0.774	+1.181	+1.040	+1.041	-0.772	+1.175	+1.460	-0.721	+1.175	+1.175	+1.189	+1.203	+1.316	+1.162	+1.136	+1.135	+1.020	-0.529	+1.102	+1.078	+1.099	+0.655	+0.642	+1.097	+1.095	+1.091	+0.124	+1.010	+1.035	+1.198	+1.008	-0.200	-0.213	-0.711	-0.751	-0.698	-0.702	-0.702	-0.733	-0.705	-0.732	
rs6993963      -0.753	-0.658	-0.658	-0.828	-0.793	-0.660	-0.654	-0.882	-0.652	-0.652	-0.526	-0.654	-0.656	-0.656	-0.804	-0.659	-0.741	-0.816	-0.825	-0.916	-0.823	-0.817	-0.812	-0.812	-0.835	-0.847	-0.847	-0.996	-0.993	-0.994	-0.997	-0.994	-0.998	-0.993	-0.995	-0.995	-0.848	-1.007	-0.850	-0.852	-0.937	-0.875	-0.938	-0.990	-0.986	-0.854	-0.854	-0.854	-1.015	-0.926	-0.855	-0.984	-0.991	-0.371	-0.856	-0.856	-0.856	-1.023	-0.856	-0.856	-0.396	-0.920	-0.856	-0.856	-0.857	-0.799	-0.857	-0.847	-0.847	-0.848	-0.847	-0.857	-0.856	-0.855	-0.855	-0.839	-0.979	-0.965	-0.681	-0.957	-0.504	-0.506	-0.799	-0.784	-0.842	-0.996	-0.837	-0.981	-0.788	-0.789	-0.786	+1.647	-0.776	-0.779	+1.565	+1.558	+2.108	+2.199	+2.199	+1.559	+1.561	+1.697	+1.551	+1.631	+1.561	-0.331	+1.563	+1.563	+1.565	+1.566	+1.565	+1.566	+1.566	+1.623	+1.638	+1.567	-0.774	+1.583	+1.232	-0.331	+1.596	+1.504	+1.556	+1.585	-0.342	+1.544	-0.772	+1.736	+1.538	+1.537	-0.774	+1.584	-0.770	+1.557	+1.164	+1.207	-0.751	+1.182	+1.146	-0.774	+1.180	+1.040	+1.041	-0.773	+1.174	+1.460	-0.722	+1.174	+1.175	+1.189	+1.203	+1.316	+1.162	+1.136	+1.135	+1.020	-0.529	+1.101	+1.077	+1.099	+0.655	+0.641	+1.096	+1.094	+1.091	+0.123	+1.009	+1.035	+1.198	+1.008	-0.201	-0.213	-0.712	-0.751	-0.699	-0.702	-0.702	-0.734	-0.705	-0.732	
rs62499151     -0.757	-0.665	-0.665	-0.835	-0.800	-0.668	-0.659	-0.887	-0.654	-0.654	-0.654	-0.531	-0.659	-0.660	-0.811	-0.666	-0.740	-0.820	-0.828	-0.922	-0.827	-0.821	-0.815	-0.815	-0.840	-0.851	-0.851	-1.001	-0.998	-0.999	-1.002	-0.999	-1.002	-0.998	-1.000	-1.000	-0.852	-1.012	-0.854	-0.856	-0.941	-0.879	-0.942	-0.994	-0.990	-0.858	-0.858	-0.859	-1.020	-0.931	-0.859	-0.989	-0.996	-0.376	-0.860	-0.860	-0.860	-1.028	-0.860	-0.861	-0.401	-0.924	-0.861	-0.861	-0.861	-0.804	-0.861	-0.851	-0.851	-0.852	-0.851	-0.861	-0.860	-0.859	-0.859	-0.843	-0.983	-0.969	-0.686	-0.961	-0.510	-0.512	-0.804	-0.788	-0.847	-1.000	-0.841	-0.985	-0.792	-0.794	-0.790	+1.643	-0.781	-0.783	+1.561	+1.554	+2.104	+2.195	+2.195	+1.555	+1.557	+1.693	+1.547	+1.628	+1.557	-0.338	+1.559	+1.559	+1.561	+1.562	+1.561	+1.562	+1.562	+1.619	+1.634	+1.563	-0.779	+1.579	+1.229	-0.338	+1.592	+1.500	+1.552	+1.581	-0.348	+1.540	-0.777	+1.731	+1.534	+1.533	-0.779	+1.580	-0.774	+1.553	+1.158	+1.201	-0.756	+1.176	+1.140	-0.779	+1.174	+1.034	+1.035	-0.777	+1.169	+1.452	-0.727	+1.168	+1.169	+1.183	+1.197	+1.310	+1.156	+1.130	+1.129	+1.014	-0.535	+1.095	+1.072	+1.093	+0.649	+0.635	+1.090	+1.088	+1.085	+0.118	+1.004	+1.029	+1.192	+1.002	-0.207	-0.219	-0.717	-0.756	-0.704	-0.707	-0.707	-0.739	-0.710	-0.738	
rs62501773     -0.757	-0.666	-0.666	-0.835	-0.800	-0.669	-0.661	-0.887	-0.656	-0.656	-0.656	-0.659	-0.531	-0.657	-0.811	-0.661	-0.739	-0.820	-0.828	-0.922	-0.827	-0.821	-0.816	-0.815	-0.840	-0.851	-0.851	-1.001	-0.998	-0.999	-1.002	-0.999	-1.003	-0.998	-1.000	-1.000	-0.852	-1.012	-0.854	-0.856	-0.941	-0.879	-0.942	-0.994	-0.990	-0.858	-0.858	-0.859	-1.020	-0.931	-0.859	-0.989	-0.996	-0.375	-0.860	-0.860	-0.860	-1.028	-0.861	-0.861	-0.401	-0.924	-0.861	-0.861	-0.861	-0.804	-0.861	-0.851	-0.851	-0.852	-0.852	-0.861	-0.860	-0.859	-0.859	-0.843	-0.983	-0.969	-0.686	-0.961	-0.510	-0.512	-0.804	-0.788	-0.847	-1.000	-0.841	-0.985	-0.792	-0.794	-0.791	+1.643	-0.781	-0.783	+1.561	+1.554	+2.104	+2.195	+2.195	+1.555	+1.556	+1.693	+1.547	+1.627	+1.557	-0.337	+1.559	+1.559	+1.560	+1.562	+1.561	+1.562	+1.562	+1.619	+1.634	+1.563	-0.779	+1.579	+1.228	-0.337	+1.592	+1.500	+1.551	+1.580	-0.348	+1.540	-0.777	+1.731	+1.533	+1.533	-0.779	+1.580	-0.774	+1.553	+1.158	+1.201	-0.756	+1.176	+1.140	-0.779	+1.174	+1.034	+1.035	-0.777	+1.168	+1.453	-0.727	+1.168	+1.169	+1.183	+1.197	+1.310	+1.156	+1.130	+1.129	+1.014	-0.535	+1.095	+1.071	+1.093	+0.649	+0.635	+1.090	+1.088	+1.085	+0.118	+1.003	+1.029	+1.192	+1.002	-0.207	-0.219	-0.717	-0.756	-0.704	-0.707	-0.707	-0.739	-0.710	-0.738	
rs62501774     -0.758	-0.667	-0.667	-0.835	-0.801	-0.670	-0.661	-0.887	-0.656	-0.656	-0.656	-0.660	-0.657	-0.531	-0.812	-0.661	-0.739	-0.821	-0.829	-0.922	-0.828	-0.821	-0.816	-0.816	-0.840	-0.851	-0.851	-1.001	-0.999	-0.999	-1.002	-0.999	-1.003	-0.998	-1.000	-1.000	-0.853	-1.012	-0.855	-0.856	-0.942	-0.880	-0.943	-0.994	-0.990	-0.859	-0.859	-0.859	-1.020	-0.931	-0.859	-0.989	-0.996	-0.376	-0.861	-0.861	-0.861	-1.028	-0.861	-0.861	-0.401	-0.924	-0.861	-0.861	-0.862	-0.804	-0.862	-0.852	-0.852	-0.852	-0.852	-0.861	-0.860	-0.860	-0.859	-0.844	-0.984	-0.970	-0.686	-0.961	-0.511	-0.513	-0.804	-0.789	-0.847	-1.000	-0.841	-0.986	-0.793	-0.794	-0.791	+1.642	-0.781	-0.784	+1.561	+1.553	+2.104	+2.195	+2.195	+1.554	+1.556	+1.693	+1.547	+1.627	+1.556	-0.338	+1.558	+1.558	+1.560	+1.561	+1.561	+1.562	+1.562	+1.619	+1.634	+1.562	-0.779	+1.578	+1.228	-0.338	+1.592	+1.499	+1.551	+1.580	-0.349	+1.539	-0.777	+1.731	+1.533	+1.533	-0.779	+1.580	-0.775	+1.553	+1.157	+1.201	-0.757	+1.176	+1.139	-0.779	+1.174	+1.034	+1.034	-0.777	+1.168	+1.452	-0.728	+1.168	+1.168	+1.183	+1.197	+1.309	+1.155	+1.130	+1.128	+1.014	-0.535	+1.095	+1.071	+1.093	+0.648	+0.635	+1.090	+1.088	+1.085	+0.117	+1.003	+1.028	+1.192	+1.001	-0.207	-0.220	-0.717	-0.756	-0.704	-0.707	-0.707	-0.739	-0.711	-0.738	
rs7828852      -0.805	-0.811	-0.811	-0.660	-0.639	-0.813	-0.808	-0.873	-0.804	-0.804	-0.804	-0.811	-0.811	-0.812	-0.464	-0.818	-0.788	-0.750	-0.757	-0.889	-0.755	-0.747	-0.742	-0.742	-0.776	-0.787	-0.787	-0.951	-0.949	-0.949	-0.952	-0.950	-0.952	-0.949	-0.950	-0.950	-0.789	-0.958	-0.791	-0.792	-0.864	-0.801	-0.865	-0.910	-0.905	-0.795	-0.795	-0.796	-0.959	-0.876	-0.796	-0.930	-0.937	-0.315	-0.797	-0.797	-0.797	-0.967	-0.797	-0.797	-0.340	-0.872	-0.797	-0.797	-0.798	-0.741	-0.798	-0.787	-0.787	-0.788	-0.787	-0.797	-0.796	-0.795	-0.795	-0.779	-0.913	-0.897	-0.661	-0.889	-0.507	-0.509	-0.756	-0.739	-0.793	-0.928	-0.778	-0.911	-0.730	-0.731	-0.728	+1.630	-0.720	-0.722	+1.549	+1.542	+2.086	+2.177	+2.177	+1.543	+1.545	+1.681	+1.536	+1.616	+1.545	-0.318	+1.547	+1.547	+1.549	+1.550	+1.550	+1.550	+1.551	+1.608	+1.623	+1.551	-0.718	+1.567	+1.220	-0.317	+1.580	+1.488	+1.540	+1.569	-0.328	+1.529	-0.717	+1.698	+1.522	+1.522	-0.718	+1.569	-0.714	+1.542	+1.123	+1.166	-0.729	+1.141	+1.105	-0.718	+1.139	+1.003	+1.003	-0.716	+1.133	+1.411	-0.702	+1.133	+1.134	+1.148	+1.162	+1.271	+1.121	+1.096	+1.095	+0.982	-0.525	+1.063	+1.038	+1.061	+0.623	+0.610	+1.058	+1.056	+1.053	+0.110	+0.975	+0.998	+1.158	+0.972	-0.197	-0.209	-0.665	-0.704	-0.651	-0.656	-0.656	-0.687	-0.659	-0.716	
rs6985329      -0.762	-0.674	-0.674	-0.841	-0.807	-0.677	-0.667	-0.892	-0.659	-0.659	-0.659	-0.666	-0.661	-0.661	-0.818	-0.535	-0.737	-0.825	-0.832	-0.927	-0.831	-0.825	-0.819	-0.819	-0.844	-0.855	-0.855	-1.006	-1.003	-1.004	-1.007	-1.004	-1.007	-1.003	-1.005	-1.005	-0.857	-1.017	-0.859	-0.860	-0.946	-0.883	-0.947	-0.998	-0.994	-0.863	-0.863	-0.863	-1.024	-0.935	-0.863	-0.993	-1.001	-0.380	-0.865	-0.865	-0.865	-1.032	-0.865	-0.865	-0.405	-0.928	-0.865	-0.865	-0.866	-0.808	-0.866	-0.856	-0.856	-0.856	-0.856	-0.865	-0.864	-0.864	-0.863	-0.848	-0.988	-0.973	-0.691	-0.965	-0.517	-0.519	-0.809	-0.793	-0.851	-1.004	-0.845	-0.990	-0.797	-0.798	-0.795	+1.639	-0.785	-0.788	+1.557	+1.550	+2.100	+2.192	+2.191	+1.551	+1.552	+1.689	+1.543	+1.623	+1.553	-0.343	+1.555	+1.555	+1.556	+1.558	+1.557	+1.558	+1.558	+1.615	+1.630	+1.558	-0.783	+1.574	+1.224	-0.343	+1.588	+1.496	+1.547	+1.576	-0.354	+1.536	-0.782	+1.726	+1.529	+1.529	-0.784	+1.576	-0.779	+1.549	+1.152	+1.195	-0.762	+1.170	+1.134	-0.783	+1.168	+1.028	+1.029	-0.782	+1.163	+1.445	-0.733	+1.162	+1.163	+1.177	+1.191	+1.304	+1.150	+1.124	+1.123	+1.008	-0.541	+1.089	+1.066	+1.087	+0.642	+0.629	+1.084	+1.082	+1.079	+0.112	+0.998	+1.023	+1.186	+0.996	-0.213	-0.226	-0.722	-0.761	-0.709	-0.712	-0.712	-0.744	-0.715	-0.744	
rs9644109      -0.777	-0.743	-0.743	-0.812	-0.777	-0.744	-0.742	-0.889	-0.741	-0.741	-0.741	-0.740	-0.739	-0.739	-0.788	-0.737	-0.511	-0.803	-0.811	-0.901	-0.810	-0.804	-0.799	-0.799	-0.822	-0.833	-0.833	-0.981	-0.978	-0.978	-0.982	-0.979	-0.982	-0.978	-0.980	-0.980	-0.834	-0.992	-0.836	-0.838	-0.919	-0.863	-0.920	-0.977	-0.973	-0.840	-0.840	-0.840	-0.997	-0.913	-0.841	-0.964	-0.971	-0.348	-0.842	-0.842	-0.842	-1.006	-0.842	-0.842	-0.373	-0.907	-0.842	-0.842	-0.843	-0.782	-0.843	-0.833	-0.833	-0.834	-0.834	-0.843	-0.842	-0.841	-0.841	-0.826	-0.965	-0.952	-0.666	-0.944	-0.484	-0.486	-0.786	-0.769	-0.829	-0.981	-0.823	-0.966	-0.774	-0.775	-0.772	+1.664	-0.762	-0.765	+1.583	+1.575	+2.125	+2.215	+2.215	+1.576	+1.578	+1.713	+1.569	+1.649	+1.578	-0.315	+1.580	+1.580	+1.582	+1.583	+1.583	+1.584	+1.584	+1.641	+1.655	+1.584	-0.760	+1.600	+1.249	-0.315	+1.614	+1.521	+1.573	+1.602	-0.326	+1.561	-0.759	+1.754	+1.555	+1.555	-0.761	+1.601	-0.756	+1.574	+1.188	+1.231	-0.735	+1.206	+1.170	-0.760	+1.204	+1.064	+1.064	-0.759	+1.198	+1.488	-0.706	+1.198	+1.199	+1.213	+1.227	+1.340	+1.185	+1.160	+1.158	+1.043	-0.514	+1.125	+1.101	+1.123	+0.680	+0.667	+1.120	+1.118	+1.115	+0.151	+1.032	+1.058	+1.222	+1.031	-0.182	-0.195	-0.696	-0.736	-0.682	-0.687	-0.686	-0.718	-0.690	-0.717	
rs77114109     -0.805	-0.820	-0.820	-0.770	-0.738	-0.821	-0.819	-0.882	-0.816	-0.816	-0.816	-0.820	-0.820	-0.821	-0.750	-0.825	-0.803	-0.427	-0.681	-0.821	-0.679	-0.671	-0.667	-0.667	-0.745	-0.756	-0.757	-0.907	-0.904	-0.905	-0.908	-0.905	-0.908	-0.904	-0.906	-0.906	-0.758	-0.918	-0.760	-0.762	-0.848	-0.780	-0.849	-0.892	-0.888	-0.764	-0.764	-0.765	-0.929	-0.835	-0.765	-0.902	-0.908	-0.283	-0.766	-0.766	-0.766	-0.936	-0.767	-0.767	-0.308	-0.828	-0.766	-0.767	-0.768	-0.712	-0.767	-0.757	-0.757	-0.757	-0.757	-0.767	-0.766	-0.765	-0.765	-0.748	-0.892	-0.875	-0.598	-0.867	-0.445	-0.447	-0.712	-0.697	-0.754	-0.908	-0.747	-0.894	-0.699	-0.700	-0.697	+1.753	-0.687	-0.690	+1.671	+1.663	+2.218	+2.313	+2.313	+1.664	+1.666	+1.806	+1.656	+1.738	+1.666	-0.263	+1.668	+1.668	+1.670	+1.671	+1.671	+1.671	+1.672	+1.729	+1.744	+1.672	-0.685	+1.688	+1.338	-0.262	+1.702	+1.609	+1.661	+1.690	-0.273	+1.649	-0.684	+1.830	+1.643	+1.642	-0.686	+1.690	-0.681	+1.662	+1.242	+1.285	-0.676	+1.260	+1.224	-0.685	+1.258	+1.118	+1.119	-0.684	+1.252	+1.532	-0.647	+1.252	+1.253	+1.267	+1.281	+1.393	+1.240	+1.214	+1.213	+1.098	-0.460	+1.178	+1.155	+1.176	+0.727	+0.713	+1.174	+1.172	+1.169	+0.198	+1.089	+1.112	+1.275	+1.085	-0.134	-0.146	-0.631	-0.670	-0.617	-0.621	-0.621	-0.652	-0.624	-0.663	
rs76899649     -0.809	-0.828	-0.829	-0.775	-0.744	-0.829	-0.827	-0.893	-0.824	-0.824	-0.825	-0.828	-0.828	-0.829	-0.757	-0.832	-0.811	-0.681	-0.433	-0.761	-0.547	-0.547	-0.544	-0.544	-0.750	-0.761	-0.761	-0.890	-0.886	-0.887	-0.891	-0.887	-0.892	-0.886	-0.888	-0.888	-0.762	-0.904	-0.764	-0.766	-0.861	-0.775	-0.862	-0.896	-0.893	-0.768	-0.768	-0.769	-0.931	-0.830	-0.769	-0.909	-0.915	-0.300	-0.770	-0.770	-0.770	-0.936	-0.770	-0.771	-0.325	-0.822	-0.771	-0.771	-0.771	-0.718	-0.771	-0.762	-0.762	-0.762	-0.762	-0.771	-0.770	-0.770	-0.769	-0.754	-0.890	-0.877	-0.594	-0.870	-0.449	-0.451	-0.711	-0.698	-0.755	-0.915	-0.750	-0.902	-0.702	-0.704	-0.700	+1.788	-0.691	-0.693	+1.705	+1.697	+2.256	+2.349	+2.349	+1.698	+1.700	+1.838	+1.690	+1.772	+1.701	-0.223	+1.702	+1.702	+1.704	+1.706	+1.705	+1.706	+1.706	+1.763	+1.778	+1.706	-0.689	+1.723	+1.375	-0.223	+1.736	+1.642	+1.695	+1.724	-0.234	+1.683	-0.687	+1.879	+1.677	+1.676	-0.689	+1.724	-0.684	+1.697	+1.258	+1.302	-0.683	+1.276	+1.240	-0.689	+1.275	+1.134	+1.135	-0.687	+1.269	+1.575	-0.655	+1.269	+1.269	+1.284	+1.298	+1.411	+1.256	+1.231	+1.229	+1.116	-0.435	+1.196	+1.172	+1.194	+0.728	+0.714	+1.191	+1.189	+1.186	+0.175	+1.106	+1.129	+1.292	+1.102	-0.113	-0.126	-0.621	-0.661	-0.608	-0.611	-0.611	-0.644	-0.615	-0.648	
rs13269936     -0.921	-0.922	-0.922	-0.906	-0.877	-0.923	-0.919	-0.993	-0.915	-0.916	-0.916	-0.922	-0.922	-0.922	-0.889	-0.927	-0.901	-0.821	-0.761	-0.566	-0.758	-0.744	-0.740	-0.740	-0.871	-0.882	-0.882	-1.036	-1.034	-1.034	-1.036	-1.034	-1.037	-1.034	-1.035	-1.035	-0.883	-1.043	-0.886	-0.888	-0.977	-0.911	-0.978	-1.018	-1.014	-0.891	-0.891	-0.892	-1.057	-0.962	-0.892	-1.029	-1.036	-0.420	-0.893	-0.893	-0.893	-1.065	-0.893	-0.893	-0.445	-0.956	-0.892	-0.893	-0.894	-0.835	-0.894	-0.882	-0.882	-0.883	-0.882	-0.893	-0.891	-0.890	-0.890	-0.871	-1.021	-0.998	-0.731	-0.993	-0.582	-0.584	-0.841	-0.826	-0.882	-1.029	-0.874	-1.013	-0.827	-0.828	-0.825	+1.605	-0.816	-0.818	+1.522	+1.515	+2.067	+2.163	+2.163	+1.516	+1.517	+1.659	+1.508	+1.589	+1.518	-0.403	+1.520	+1.520	+1.522	+1.523	+1.522	+1.523	+1.523	+1.581	+1.596	+1.524	-0.814	+1.540	+1.189	-0.403	+1.553	+1.462	+1.513	+1.541	-0.413	+1.501	-0.812	+1.682	+1.495	+1.494	-0.814	+1.541	-0.809	+1.514	+1.093	+1.136	-0.804	+1.111	+1.075	-0.814	+1.110	+0.970	+0.971	-0.812	+1.104	+1.367	-0.776	+1.103	+1.104	+1.118	+1.132	+1.243	+1.091	+1.066	+1.064	+0.950	-0.598	+1.030	+1.006	+1.028	+0.581	+0.567	+1.025	+1.023	+1.020	+0.064	+0.941	+0.964	+1.126	+0.937	-0.274	-0.287	-0.765	-0.804	-0.752	-0.755	-0.755	-0.786	-0.759	-0.798	
rs75697519     -0.808	-0.827	-0.827	-0.774	-0.743	-0.828	-0.826	-0.892	-0.823	-0.823	-0.823	-0.827	-0.827	-0.828	-0.755	-0.831	-0.810	-0.679	-0.547	-0.758	-0.431	-0.547	-0.543	-0.544	-0.749	-0.760	-0.760	-0.888	-0.884	-0.885	-0.889	-0.885	-0.890	-0.884	-0.887	-0.887	-0.761	-0.902	-0.763	-0.765	-0.861	-0.773	-0.862	-0.895	-0.892	-0.767	-0.767	-0.767	-0.930	-0.828	-0.768	-0.908	-0.914	-0.300	-0.769	-0.769	-0.769	-0.935	-0.769	-0.769	-0.324	-0.820	-0.769	-0.769	-0.770	-0.717	-0.770	-0.761	-0.760	-0.761	-0.761	-0.770	-0.769	-0.768	-0.768	-0.753	-0.889	-0.876	-0.592	-0.868	-0.447	-0.450	-0.709	-0.696	-0.753	-0.914	-0.749	-0.901	-0.701	-0.702	-0.699	+1.790	-0.689	-0.692	+1.707	+1.700	+2.259	+2.351	+2.351	+1.701	+1.703	+1.840	+1.693	+1.774	+1.703	-0.221	+1.705	+1.705	+1.707	+1.708	+1.707	+1.708	+1.708	+1.766	+1.781	+1.709	-0.687	+1.725	+1.378	-0.221	+1.739	+1.644	+1.697	+1.727	-0.232	+1.685	-0.686	+1.882	+1.679	+1.679	-0.688	+1.727	-0.683	+1.699	+1.260	+1.304	-0.682	+1.278	+1.242	-0.687	+1.277	+1.136	+1.137	-0.686	+1.271	+1.577	-0.654	+1.271	+1.271	+1.286	+1.300	+1.413	+1.258	+1.233	+1.231	+1.118	-0.433	+1.198	+1.174	+1.196	+0.729	+0.716	+1.193	+1.191	+1.188	+0.175	+1.108	+1.131	+1.294	+1.104	-0.111	-0.124	-0.620	-0.660	-0.606	-0.610	-0.610	-0.642	-0.613	-0.646	
rs11780628     -0.801	-0.821	-0.821	-0.766	-0.735	-0.822	-0.820	-0.885	-0.817	-0.817	-0.817	-0.821	-0.821	-0.821	-0.747	-0.825	-0.804	-0.671	-0.547	-0.744	-0.547	-0.423	-0.549	-0.549	-0.742	-0.753	-0.753	-0.879	-0.875	-0.875	-0.880	-0.876	-0.881	-0.875	-0.877	-0.877	-0.754	-0.893	-0.756	-0.758	-0.856	-0.765	-0.857	-0.890	-0.887	-0.760	-0.760	-0.760	-0.923	-0.820	-0.760	-0.903	-0.909	-0.295	-0.762	-0.762	-0.762	-0.928	-0.762	-0.762	-0.319	-0.812	-0.762	-0.762	-0.763	-0.710	-0.762	-0.754	-0.754	-0.754	-0.754	-0.763	-0.762	-0.761	-0.761	-0.746	-0.881	-0.869	-0.584	-0.861	-0.440	-0.442	-0.701	-0.689	-0.746	-0.907	-0.742	-0.895	-0.694	-0.695	-0.692	+1.802	-0.682	-0.685	+1.719	+1.712	+2.271	+2.363	+2.363	+1.713	+1.715	+1.852	+1.705	+1.786	+1.715	-0.209	+1.717	+1.717	+1.719	+1.720	+1.719	+1.720	+1.720	+1.778	+1.793	+1.721	-0.680	+1.737	+1.390	-0.209	+1.751	+1.656	+1.709	+1.739	-0.221	+1.697	-0.678	+1.896	+1.691	+1.691	-0.680	+1.739	-0.676	+1.711	+1.270	+1.314	-0.675	+1.288	+1.252	-0.680	+1.287	+1.146	+1.147	-0.678	+1.281	+1.591	-0.647	+1.281	+1.281	+1.296	+1.310	+1.423	+1.268	+1.243	+1.241	+1.128	-0.422	+1.208	+1.184	+1.206	+0.737	+0.724	+1.203	+1.201	+1.198	+0.179	+1.118	+1.141	+1.304	+1.114	-0.101	-0.114	-0.611	-0.651	-0.597	-0.601	-0.601	-0.633	-0.604	-0.637	
rs11777071     -0.795	-0.816	-0.816	-0.761	-0.730	-0.817	-0.814	-0.880	-0.812	-0.812	-0.812	-0.815	-0.816	-0.816	-0.742	-0.819	-0.799	-0.667	-0.544	-0.740	-0.543	-0.549	-0.417	-0.530	-0.736	-0.747	-0.747	-0.872	-0.868	-0.868	-0.873	-0.869	-0.874	-0.868	-0.870	-0.870	-0.749	-0.887	-0.751	-0.752	-0.850	-0.759	-0.851	-0.884	-0.881	-0.754	-0.754	-0.755	-0.918	-0.814	-0.755	-0.897	-0.903	-0.289	-0.757	-0.757	-0.757	-0.923	-0.757	-0.757	-0.314	-0.806	-0.757	-0.757	-0.757	-0.705	-0.757	-0.748	-0.748	-0.749	-0.748	-0.757	-0.757	-0.756	-0.756	-0.741	-0.875	-0.863	-0.578	-0.856	-0.435	-0.437	-0.695	-0.683	-0.740	-0.902	-0.736	-0.890	-0.688	-0.690	-0.686	+1.809	-0.677	-0.679	+1.725	+1.718	+2.277	+2.370	+2.370	+1.719	+1.721	+1.858	+1.711	+1.792	+1.721	-0.202	+1.723	+1.723	+1.725	+1.726	+1.725	+1.726	+1.726	+1.784	+1.799	+1.727	-0.674	+1.743	+1.396	-0.202	+1.757	+1.662	+1.715	+1.745	-0.213	+1.703	-0.673	+1.901	+1.697	+1.696	-0.675	+1.745	-0.670	+1.717	+1.276	+1.320	-0.670	+1.295	+1.258	-0.675	+1.293	+1.152	+1.153	-0.673	+1.287	+1.598	-0.642	+1.287	+1.288	+1.302	+1.316	+1.429	+1.274	+1.249	+1.247	+1.134	-0.416	+1.214	+1.190	+1.212	+0.743	+0.730	+1.209	+1.207	+1.204	+0.184	+1.124	+1.147	+1.310	+1.120	-0.095	-0.108	-0.605	-0.645	-0.592	-0.595	-0.595	-0.628	-0.599	-0.631	
rs11773965     -0.795	-0.816	-0.816	-0.761	-0.730	-0.817	-0.814	-0.880	-0.811	-0.812	-0.812	-0.815	-0.815	-0.816	-0.742	-0.819	-0.799	-0.667	-0.544	-0.740	-0.544	-0.549	-0.530	-0.417	-0.736	-0.747	-0.747	-0.872	-0.868	-0.868	-0.873	-0.869	-0.874	-0.868	-0.870	-0.870	-0.749	-0.887	-0.751	-0.752	-0.850	-0.759	-0.851	-0.884	-0.881	-0.754	-0.754	-0.755	-0.918	-0.814	-0.755	-0.897	-0.903	-0.289	-0.756	-0.756	-0.756	-0.923	-0.757	-0.757	-0.314	-0.806	-0.757	-0.757	-0.757	-0.705	-0.757	-0.748	-0.748	-0.748	-0.748	-0.757	-0.757	-0.756	-0.756	-0.741	-0.875	-0.863	-0.578	-0.856	-0.435	-0.437	-0.695	-0.683	-0.740	-0.902	-0.736	-0.890	-0.688	-0.690	-0.686	+1.809	-0.677	-0.679	+1.726	+1.718	+2.278	+2.370	+2.370	+1.719	+1.721	+1.858	+1.711	+1.792	+1.721	-0.202	+1.723	+1.723	+1.725	+1.726	+1.726	+1.726	+1.727	+1.784	+1.799	+1.727	-0.674	+1.743	+1.396	-0.202	+1.757	+1.662	+1.715	+1.745	-0.213	+1.703	-0.673	+1.901	+1.697	+1.697	-0.675	+1.745	-0.670	+1.717	+1.276	+1.320	-0.670	+1.295	+1.258	-0.675	+1.293	+1.152	+1.153	-0.673	+1.287	+1.598	-0.642	+1.287	+1.288	+1.302	+1.316	+1.429	+1.274	+1.249	+1.247	+1.135	-0.416	+1.214	+1.190	+1.212	+0.743	+0.730	+1.209	+1.207	+1.204	+0.184	+1.124	+1.147	+1.310	+1.120	-0.095	-0.108	-0.605	-0.645	-0.592	-0.595	-0.595	-0.628	-0.599	-0.631	
rs4425765      -0.826	-0.840	-0.840	-0.794	-0.764	-0.841	-0.838	-0.908	-0.835	-0.835	-0.835	-0.840	-0.840	-0.840	-0.776	-0.844	-0.822	-0.745	-0.750	-0.871	-0.749	-0.742	-0.736	-0.736	-0.449	-0.615	-0.616	-0.922	-0.920	-0.920	-0.923	-0.920	-0.923	-0.919	-0.921	-0.921	-0.619	-0.931	-0.622	-0.626	-0.844	-0.694	-0.845	-0.885	-0.880	-0.626	-0.626	-0.626	-0.934	-0.853	-0.625	-0.899	-0.906	-0.287	-0.633	-0.633	-0.633	-0.941	-0.633	-0.634	-0.313	-0.847	-0.636	-0.636	-0.632	-0.729	-0.630	-0.645	-0.645	-0.645	-0.645	-0.645	-0.647	-0.647	-0.647	-0.640	-0.891	-0.893	-0.620	-0.885	-0.463	-0.465	-0.733	-0.718	-0.774	-0.925	-0.766	-0.911	-0.718	-0.719	-0.716	+1.745	-0.707	-0.709	+1.662	+1.654	+2.215	+2.300	+2.299	+1.655	+1.657	+1.791	+1.647	+1.728	+1.657	-0.282	+1.659	+1.659	+1.661	+1.662	+1.662	+1.662	+1.663	+1.720	+1.734	+1.663	-0.705	+1.679	+1.326	-0.282	+1.693	+1.595	+1.652	+1.681	-0.293	+1.640	-0.703	+1.817	+1.633	+1.633	-0.705	+1.680	-0.700	+1.653	+1.238	+1.282	-0.688	+1.256	+1.220	-0.705	+1.255	+1.114	+1.114	-0.703	+1.249	+1.546	-0.660	+1.248	+1.249	+1.263	+1.277	+1.390	+1.236	+1.210	+1.209	+1.094	-0.470	+1.180	+1.155	+1.177	+0.724	+0.711	+1.175	+1.173	+1.170	+0.187	+1.089	+1.112	+1.274	+1.085	-0.146	-0.159	-0.646	-0.686	-0.633	-0.637	-0.637	-0.669	-0.640	-0.679	
rs112087977    -0.837	-0.851	-0.851	-0.805	-0.775	-0.852	-0.849	-0.920	-0.846	-0.846	-0.847	-0.851	-0.851	-0.851	-0.787	-0.855	-0.833	-0.756	-0.761	-0.882	-0.760	-0.753	-0.747	-0.747	-0.615	-0.461	-0.580	-0.932	-0.929	-0.930	-0.932	-0.930	-0.933	-0.929	-0.931	-0.931	-0.583	-0.941	-0.586	-0.593	-0.853	-0.692	-0.854	-0.892	-0.888	-0.590	-0.589	-0.589	-0.943	-0.864	-0.588	-0.908	-0.915	-0.298	-0.603	-0.603	-0.603	-0.950	-0.603	-0.603	-0.324	-0.858	-0.608	-0.608	-0.601	-0.740	-0.598	-0.625	-0.625	-0.626	-0.626	-0.623	-0.626	-0.627	-0.627	-0.623	-0.900	-0.904	-0.632	-0.896	-0.477	-0.479	-0.744	-0.729	-0.785	-0.936	-0.777	-0.922	-0.729	-0.730	-0.727	+1.730	-0.718	-0.720	+1.647	+1.639	+2.199	+2.284	+2.284	+1.640	+1.642	+1.776	+1.633	+1.713	+1.642	-0.295	+1.644	+1.644	+1.646	+1.647	+1.647	+1.648	+1.648	+1.705	+1.720	+1.648	-0.716	+1.664	+1.312	-0.294	+1.678	+1.581	+1.637	+1.666	-0.305	+1.625	-0.714	+1.803	+1.618	+1.618	-0.716	+1.665	-0.712	+1.638	+1.224	+1.267	-0.701	+1.242	+1.206	-0.716	+1.240	+1.099	+1.100	-0.714	+1.234	+1.531	-0.673	+1.234	+1.235	+1.249	+1.263	+1.376	+1.221	+1.196	+1.194	+1.079	-0.483	+1.165	+1.140	+1.163	+0.709	+0.696	+1.160	+1.158	+1.155	+0.174	+1.074	+1.097	+1.259	+1.071	-0.159	-0.171	-0.658	-0.698	-0.645	-0.649	-0.648	-0.681	-0.652	-0.691	
rs79845487     -0.837	-0.851	-0.851	-0.805	-0.775	-0.852	-0.849	-0.920	-0.846	-0.846	-0.847	-0.851	-0.851	-0.851	-0.787	-0.855	-0.833	-0.757	-0.761	-0.882	-0.760	-0.753	-0.747	-0.747	-0.616	-0.580	-0.461	-0.932	-0.929	-0.930	-0.932	-0.930	-0.933	-0.929	-0.931	-0.931	-0.583	-0.941	-0.586	-0.593	-0.853	-0.692	-0.854	-0.892	-0.888	-0.590	-0.589	-0.588	-0.943	-0.864	-0.588	-0.908	-0.915	-0.298	-0.603	-0.603	-0.603	-0.950	-0.603	-0.603	-0.324	-0.858	-0.607	-0.608	-0.600	-0.740	-0.598	-0.625	-0.625	-0.625	-0.625	-0.623	-0.626	-0.627	-0.627	-0.623	-0.900	-0.904	-0.632	-0.896	-0.477	-0.479	-0.744	-0.729	-0.785	-0.936	-0.777	-0.922	-0.729	-0.730	-0.727	+1.730	-0.718	-0.720	+1.647	+1.639	+2.199	+2.284	+2.284	+1.640	+1.642	+1.776	+1.633	+1.713	+1.642	-0.295	+1.644	+1.644	+1.646	+1.647	+1.647	+1.647	+1.648	+1.705	+1.719	+1.648	-0.716	+1.664	+1.312	-0.294	+1.678	+1.581	+1.637	+1.666	-0.305	+1.625	-0.715	+1.803	+1.618	+1.618	-0.716	+1.665	-0.712	+1.638	+1.224	+1.267	-0.701	+1.242	+1.206	-0.716	+1.240	+1.099	+1.100	-0.714	+1.234	+1.531	-0.673	+1.234	+1.235	+1.249	+1.263	+1.376	+1.221	+1.196	+1.194	+1.079	-0.483	+1.165	+1.140	+1.163	+0.709	+0.696	+1.160	+1.158	+1.155	+0.174	+1.074	+1.097	+1.259	+1.070	-0.159	-0.171	-0.658	-0.698	-0.645	-0.649	-0.649	-0.681	-0.652	-0.691	
rs2951994      -0.992	-1.001	-1.001	-0.968	-0.939	-1.002	-0.999	-1.069	-0.996	-0.996	-0.996	-1.001	-1.001	-1.001	-0.951	-1.006	-0.981	-0.907	-0.890	-1.036	-0.888	-0.879	-0.872	-0.872	-0.922	-0.932	-0.932	-0.632	-0.769	-0.769	-0.767	-0.770	-0.767	-0.766	-0.771	-0.771	-0.933	-0.773	-0.934	-0.936	-0.954	-0.892	-0.955	-0.836	-0.825	-0.937	-0.937	-0.937	-1.099	-1.003	-0.937	-1.064	-1.072	-0.485	-0.939	-0.939	-0.939	-1.109	-0.939	-0.940	-0.510	-0.997	-0.940	-0.940	-0.939	-0.898	-0.938	-0.934	-0.934	-0.934	-0.934	-0.941	-0.941	-0.941	-0.941	-0.930	-1.063	-1.027	-0.798	-1.033	-0.641	-0.643	-0.907	-0.891	-0.947	-1.086	-0.937	-1.071	-0.890	-0.891	-0.888	+1.538	-0.879	-0.881	+1.456	+1.448	+1.999	+2.094	+2.094	+1.449	+1.451	+1.592	+1.441	+1.522	+1.451	-0.465	+1.453	+1.453	+1.455	+1.456	+1.456	+1.457	+1.457	+1.514	+1.529	+1.457	-0.877	+1.473	+1.123	-0.464	+1.487	+1.396	+1.446	+1.475	-0.475	+1.434	-0.875	+1.620	+1.428	+1.428	-0.877	+1.475	-0.873	+1.448	+1.029	+1.072	-0.870	+1.047	+1.011	-0.877	+1.045	+0.906	+0.907	-0.875	+1.039	+1.302	-0.842	+1.039	+1.040	+1.054	+1.067	+1.179	+1.026	+1.001	+1.000	+0.886	-0.660	+0.966	+0.942	+0.964	+0.525	+0.512	+0.961	+0.959	+0.956	+0.015	+0.877	+0.900	+1.061	+0.874	-0.333	-0.346	-0.824	-0.863	-0.810	-0.814	-0.814	-0.846	-0.817	-0.858	
rs2951993      -0.990	-0.998	-0.998	-0.967	-0.937	-0.999	-0.996	-1.066	-0.993	-0.993	-0.993	-0.998	-0.998	-0.999	-0.949	-1.003	-0.978	-0.904	-0.886	-1.034	-0.884	-0.875	-0.868	-0.868	-0.920	-0.929	-0.929	-0.769	-0.629	-0.764	-0.768	-0.764	-0.768	-0.767	-0.764	-0.764	-0.931	-0.754	-0.932	-0.933	-0.948	-0.887	-0.950	-0.825	-0.814	-0.934	-0.934	-0.934	-1.096	-1.002	-0.934	-1.060	-1.068	-0.485	-0.937	-0.937	-0.937	-1.106	-0.937	-0.937	-0.510	-0.996	-0.938	-0.938	-0.937	-0.896	-0.936	-0.932	-0.932	-0.932	-0.932	-0.939	-0.939	-0.939	-0.939	-0.928	-1.060	-1.023	-0.797	-1.030	-0.642	-0.644	-0.905	-0.889	-0.945	-1.084	-0.935	-1.068	-0.887	-0.888	-0.885	+1.537	-0.877	-0.879	+1.455	+1.447	+1.998	+2.093	+2.093	+1.448	+1.450	+1.591	+1.441	+1.521	+1.450	-0.465	+1.452	+1.452	+1.454	+1.455	+1.455	+1.456	+1.456	+1.513	+1.528	+1.456	-0.875	+1.472	+1.122	-0.464	+1.486	+1.395	+1.445	+1.474	-0.475	+1.433	-0.873	+1.618	+1.427	+1.427	-0.875	+1.474	-0.870	+1.447	+1.029	+1.072	-0.868	+1.047	+1.011	-0.875	+1.045	+0.906	+0.907	-0.873	+1.039	+1.303	-0.840	+1.039	+1.040	+1.054	+1.068	+1.179	+1.027	+1.002	+1.000	+0.886	-0.659	+0.966	+0.943	+0.964	+0.527	+0.514	+0.962	+0.960	+0.957	+0.018	+0.877	+0.901	+1.062	+0.874	-0.332	-0.344	-0.822	-0.861	-0.808	-0.812	-0.812	-0.844	-0.816	-0.856	
rs2952047      -0.990	-0.999	-0.999	-0.967	-0.938	-1.000	-0.997	-1.066	-0.993	-0.993	-0.994	-0.999	-0.999	-0.999	-0.949	-1.004	-0.978	-0.905	-0.887	-1.034	-0.885	-0.875	-0.868	-0.868	-0.920	-0.930	-0.930	-0.769	-0.764	-0.629	-0.769	-0.764	-0.768	-0.767	-0.765	-0.765	-0.931	-0.755	-0.932	-0.934	-0.949	-0.887	-0.950	-0.826	-0.815	-0.934	-0.934	-0.934	-1.097	-1.002	-0.934	-1.061	-1.069	-0.485	-0.937	-0.937	-0.937	-1.107	-0.937	-0.937	-0.510	-0.996	-0.938	-0.938	-0.937	-0.896	-0.936	-0.932	-0.932	-0.932	-0.932	-0.939	-0.939	-0.939	-0.939	-0.929	-1.061	-1.024	-0.797	-1.030	-0.642	-0.644	-0.905	-0.890	-0.945	-1.084	-0.935	-1.068	-0.888	-0.889	-0.886	+1.537	-0.877	-0.879	+1.455	+1.447	+1.998	+2.093	+2.093	+1.448	+1.450	+1.591	+1.441	+1.521	+1.451	-0.465	+1.452	+1.452	+1.454	+1.455	+1.455	+1.456	+1.456	+1.513	+1.528	+1.456	-0.875	+1.472	+1.122	-0.465	+1.486	+1.395	+1.445	+1.474	-0.475	+1.433	-0.873	+1.619	+1.427	+1.427	-0.875	+1.474	-0.871	+1.447	+1.029	+1.072	-0.868	+1.047	+1.011	-0.875	+1.045	+0.906	+0.907	-0.873	+1.039	+1.303	-0.840	+1.039	+1.040	+1.054	+1.068	+1.179	+1.027	+1.002	+1.000	+0.886	-0.659	+0.966	+0.943	+0.964	+0.527	+0.513	+0.961	+0.960	+0.956	+0.018	+0.877	+0.901	+1.062	+0.874	-0.332	-0.345	-0.822	-0.861	-0.809	-0.813	-0.812	-0.844	-0.816	-0.856	
