## Summary of overall evidence for association with region:
## log10(BF for region) = 10.5946
## p-value for region = NA

## BFs for choosing among multi-SNP models:
## log10(average 1-SNP BF) = 7.03294
## log10(average 2-SNP BF) = 11.0716

## Example posterior probabilities for multi-SNP models, based on default prior: [p(l) propto 0.5^l for l=1,2,...,L]
## posterior probability of 1-SNP = 0.000182915
## posterior probability of 2-SNP = 0.999817

## log10(BF) for single SNP and pair of SNPs:
rs9493695      +5.855	+5.945	+5.759	+5.767	+5.884	+5.885	+5.971	+5.858	+5.668	+6.060	+5.791	+5.629	+5.671	+5.511	+5.506	+5.501	+5.501	+5.860	+5.482	+5.801	+5.491	+5.944	+5.789	+5.487	+5.487	+5.483	+5.506	+5.886	+5.857	+5.488	+5.488	+5.487	+5.469	+5.451	+5.471	+5.694	+5.787	+5.684	+5.698	+5.435	+5.937	+5.400	+5.908	+5.621	+5.952	+5.366	+5.862	+6.030	+6.013	+5.365	+6.168	+5.301	+5.339	+10.552	+7.681	+10.552	+10.621	+7.615	+7.634	+10.562	+7.640	+7.640	+5.125	+7.532	+7.692	+5.115	+7.871	+10.661	+5.109	+8.025	+5.108	+7.948	+10.666	+8.058	+8.361	+8.071	+7.966	+8.071	+10.618	+8.081	+7.963	+10.607	+10.595	+10.591	+8.071	+10.581	+13.326	+10.067	+10.977	+8.410	+8.221	+10.259	+10.962	+9.330	+10.911	+10.036	+5.201	+10.293	+11.085	+11.001	+8.366	+10.136	+5.174	+5.156	+5.156	+11.067	+11.061	+10.323	+10.073	+11.029	+10.994	+5.165	+8.202	+8.554	+10.950	+10.977	+8.134	+5.305	+11.071	+5.463	+8.303	+11.288	+11.821	+5.573	+8.312	+12.105	+8.588	+12.049	+12.371	+12.032	+8.222	+8.223	+12.373	+8.174	+5.628	+8.428	+12.350	+8.654	+8.840	+5.507	+8.723	+12.181	+5.451	+5.066	+5.066	+5.081	+8.663	+5.356	+11.580	+8.663	+5.080	+11.579	+5.078	+8.651	+11.583	+5.084	+11.213	+11.215	+5.093	+8.289	+8.291	+5.094	+8.313	+8.310	+8.285	+11.709	+11.258	+8.284	+5.104	+10.873	+11.571	+5.100	+5.095	+8.282	+5.099	+8.283	+11.763	+8.276	+8.291	+8.280	
rs1468054      +5.945	+5.976	+5.944	+5.956	+5.964	+5.964	+6.024	+5.945	+5.815	+6.099	+5.882	+5.777	+5.821	+5.646	+5.641	+5.636	+5.635	+5.924	+5.617	+5.884	+5.627	+5.998	+5.876	+5.621	+5.621	+5.616	+5.642	+5.946	+5.921	+5.623	+5.623	+5.622	+5.601	+5.583	+5.608	+5.817	+5.870	+5.830	+5.818	+5.565	+5.993	+5.525	+5.968	+5.711	+6.003	+5.484	+5.925	+6.078	+6.062	+5.483	+6.218	+5.406	+5.454	+10.660	+7.797	+10.659	+10.729	+7.740	+7.751	+10.669	+7.756	+7.757	+5.244	+7.651	+7.812	+5.234	+7.988	+10.769	+5.227	+8.142	+5.226	+8.064	+10.773	+8.175	+8.474	+8.186	+8.082	+8.188	+10.724	+8.196	+8.080	+10.713	+10.702	+10.698	+8.188	+10.687	+13.454	+10.183	+11.086	+8.521	+8.332	+10.366	+11.070	+9.466	+11.004	+10.151	+5.324	+10.400	+11.193	+11.109	+8.478	+10.252	+5.297	+5.278	+5.279	+11.175	+11.169	+10.430	+10.189	+11.137	+11.101	+5.289	+8.294	+8.668	+11.058	+11.084	+8.227	+5.430	+11.185	+5.593	+8.400	+11.402	+11.923	+5.700	+8.410	+12.206	+8.706	+12.147	+12.481	+12.133	+8.321	+8.322	+12.483	+8.288	+5.755	+8.542	+12.488	+8.770	+8.947	+5.633	+8.839	+12.282	+5.576	+5.184	+5.184	+5.201	+8.777	+5.473	+11.679	+8.777	+5.200	+11.678	+5.198	+8.767	+11.682	+5.204	+11.311	+11.312	+5.213	+8.403	+8.402	+5.215	+8.426	+8.423	+8.399	+11.827	+11.355	+8.398	+5.225	+10.973	+11.687	+5.220	+5.215	+8.395	+5.219	+8.395	+11.880	+8.386	+8.403	+8.390	
rs9493698      +5.759	+5.944	+5.509	+5.538	+5.812	+5.811	+5.965	+5.750	+5.199	+5.989	+5.626	+5.175	+5.205	+5.095	+5.092	+5.089	+5.088	+5.724	+5.078	+5.645	+5.083	+5.834	+5.623	+5.080	+5.080	+5.076	+5.093	+5.758	+5.719	+5.081	+5.081	+5.080	+5.070	+5.060	+5.073	+5.424	+5.622	+5.388	+5.449	+5.053	+5.818	+5.040	+5.780	+5.394	+5.863	+5.036	+5.713	+5.928	+5.907	+5.036	+6.037	+5.005	+5.016	+10.310	+7.394	+10.310	+10.380	+7.310	+7.348	+10.320	+7.354	+7.355	+4.794	+7.226	+7.383	+4.783	+7.588	+10.420	+4.776	+7.742	+4.775	+7.665	+10.425	+7.776	+8.083	+7.790	+7.685	+7.790	+10.375	+7.801	+7.681	+10.363	+10.352	+10.348	+7.790	+10.337	+13.063	+9.827	+10.730	+8.144	+7.953	+10.010	+10.713	+8.997	+10.643	+9.794	+4.851	+10.047	+10.837	+10.752	+8.101	+9.896	+4.830	+4.810	+4.810	+10.821	+10.815	+10.076	+9.833	+10.783	+10.746	+4.822	+7.997	+8.295	+10.702	+10.730	+7.928	+4.953	+10.796	+5.108	+8.066	+11.012	+11.513	+5.233	+8.008	+11.799	+8.309	+11.737	+12.094	+11.725	+7.916	+7.917	+12.095	+7.884	+5.287	+8.144	+12.097	+8.360	+8.537	+5.170	+8.429	+11.870	+5.114	+4.729	+4.728	+4.745	+8.358	+5.014	+11.256	+8.358	+4.745	+11.254	+4.743	+8.348	+11.258	+4.748	+10.884	+10.886	+4.758	+7.981	+7.979	+4.759	+8.004	+8.001	+7.977	+11.415	+10.928	+7.976	+4.769	+10.539	+11.282	+4.764	+4.760	+7.971	+4.764	+7.971	+11.469	+7.960	+7.978	+7.964	
rs6569897      +5.767	+5.956	+5.538	+5.515	+5.823	+5.822	+5.981	+5.761	+5.214	+5.994	+5.631	+5.189	+5.220	+5.106	+5.103	+5.100	+5.100	+5.726	+5.089	+5.650	+5.094	+5.837	+5.628	+5.091	+5.091	+5.087	+5.104	+5.760	+5.721	+5.092	+5.092	+5.091	+5.080	+5.070	+5.084	+5.430	+5.627	+5.394	+5.453	+5.062	+5.820	+5.048	+5.782	+5.396	+5.868	+5.042	+5.715	+5.930	+5.909	+5.042	+6.037	+5.008	+5.022	+10.305	+7.397	+10.305	+10.375	+7.312	+7.352	+10.315	+7.357	+7.358	+4.799	+7.228	+7.385	+4.788	+7.591	+10.416	+4.781	+7.745	+4.780	+7.668	+10.420	+7.779	+8.086	+7.793	+7.688	+7.792	+10.370	+7.804	+7.684	+10.358	+10.347	+10.343	+7.793	+10.332	+13.061	+9.824	+10.725	+8.146	+7.955	+10.007	+10.708	+8.998	+10.638	+9.792	+4.857	+10.044	+10.832	+10.747	+8.103	+9.893	+4.836	+4.815	+4.816	+10.816	+10.810	+10.073	+9.830	+10.778	+10.742	+4.828	+7.996	+8.297	+10.698	+10.725	+7.927	+4.959	+10.792	+5.114	+8.067	+11.008	+11.510	+5.238	+8.011	+11.796	+8.310	+11.734	+12.090	+11.722	+7.920	+7.920	+12.092	+7.888	+5.292	+8.148	+12.096	+8.364	+8.542	+5.175	+8.433	+11.871	+5.119	+4.735	+4.734	+4.751	+8.366	+5.019	+11.260	+8.366	+4.750	+11.258	+4.748	+8.355	+11.263	+4.754	+10.890	+10.891	+4.763	+7.990	+7.988	+4.765	+8.013	+8.010	+7.985	+11.421	+10.934	+7.984	+4.774	+10.545	+11.287	+4.770	+4.765	+7.979	+4.769	+7.980	+11.474	+7.969	+7.987	+7.972	
rs6569898      +5.884	+5.964	+5.812	+5.823	+5.885	+5.917	+6.000	+5.889	+5.702	+6.069	+5.823	+5.673	+5.716	+5.546	+5.542	+5.537	+5.535	+5.875	+5.518	+5.827	+5.527	+5.956	+5.817	+5.521	+5.521	+5.517	+5.542	+5.899	+5.872	+5.524	+5.524	+5.523	+5.503	+5.485	+5.509	+5.735	+5.812	+5.743	+5.741	+5.470	+5.950	+5.432	+5.922	+5.642	+5.966	+5.396	+5.874	+6.039	+6.023	+5.395	+6.173	+5.324	+5.367	+10.586	+7.719	+10.585	+10.655	+7.657	+7.673	+10.595	+7.677	+7.678	+5.156	+7.569	+7.729	+5.145	+7.909	+10.695	+5.138	+8.065	+5.137	+7.987	+10.699	+8.098	+8.397	+8.110	+8.004	+8.111	+10.650	+8.118	+8.001	+10.639	+10.628	+10.624	+8.111	+10.613	+13.380	+10.110	+11.011	+8.446	+8.257	+10.293	+10.996	+9.386	+10.930	+10.078	+5.233	+10.328	+11.119	+11.034	+8.403	+10.179	+5.207	+5.188	+5.188	+11.100	+11.094	+10.357	+10.116	+11.062	+11.026	+5.198	+8.227	+8.593	+10.982	+11.009	+8.159	+5.338	+11.103	+5.499	+8.328	+11.319	+11.836	+5.606	+8.330	+12.119	+8.624	+12.060	+12.392	+12.046	+8.240	+8.241	+12.394	+8.208	+5.662	+8.463	+12.400	+8.690	+8.867	+5.541	+8.758	+12.197	+5.484	+5.095	+5.095	+5.111	+8.696	+5.382	+11.594	+8.696	+5.111	+11.592	+5.109	+8.686	+11.596	+5.114	+11.225	+11.226	+5.124	+8.321	+8.320	+5.125	+8.344	+8.341	+8.317	+11.738	+11.269	+8.316	+5.135	+10.885	+11.599	+5.130	+5.126	+8.312	+5.130	+8.313	+11.792	+8.303	+8.320	+8.307	
rs736572       +5.885	+5.964	+5.811	+5.822	+5.917	+5.885	+6.000	+5.890	+5.704	+6.069	+5.825	+5.676	+5.719	+5.549	+5.545	+5.539	+5.537	+5.875	+5.521	+5.829	+5.529	+5.957	+5.809	+5.524	+5.523	+5.519	+5.544	+5.900	+5.872	+5.526	+5.526	+5.525	+5.505	+5.487	+5.512	+5.738	+5.813	+5.748	+5.744	+5.472	+5.950	+5.434	+5.922	+5.642	+5.967	+5.397	+5.874	+6.039	+6.022	+5.396	+6.172	+5.324	+5.368	+10.586	+7.721	+10.585	+10.655	+7.658	+7.674	+10.595	+7.679	+7.679	+5.156	+7.570	+7.731	+5.146	+7.910	+10.695	+5.139	+8.066	+5.138	+7.989	+10.699	+8.099	+8.398	+8.111	+8.005	+8.112	+10.650	+8.119	+8.003	+10.639	+10.628	+10.624	+8.112	+10.613	+13.382	+10.110	+11.011	+8.447	+8.258	+10.293	+10.995	+9.389	+10.930	+10.078	+5.234	+10.328	+11.119	+11.034	+8.404	+10.179	+5.207	+5.189	+5.189	+11.100	+11.094	+10.357	+10.116	+11.062	+11.026	+5.199	+8.226	+8.594	+10.982	+11.009	+8.159	+5.339	+11.103	+5.500	+8.327	+11.319	+11.836	+5.606	+8.331	+12.119	+8.625	+12.060	+12.392	+12.046	+8.241	+8.242	+12.394	+8.209	+5.662	+8.464	+12.400	+8.691	+8.868	+5.541	+8.759	+12.197	+5.485	+5.096	+5.095	+5.112	+8.697	+5.383	+11.594	+8.697	+5.111	+11.592	+5.109	+8.687	+11.596	+5.115	+11.225	+11.227	+5.124	+8.322	+8.321	+5.125	+8.344	+8.342	+8.318	+11.738	+11.269	+8.316	+5.135	+10.885	+11.599	+5.131	+5.126	+8.313	+5.130	+8.313	+11.792	+8.304	+8.321	+8.308	
rs6925029      +5.971	+6.024	+5.965	+5.981	+6.000	+6.000	+6.032	+5.987	+5.924	+6.120	+5.940	+5.896	+5.946	+5.746	+5.741	+5.735	+5.732	+5.955	+5.712	+5.935	+5.723	+6.024	+5.930	+5.716	+5.715	+5.711	+5.741	+5.976	+5.952	+5.719	+5.719	+5.718	+5.693	+5.671	+5.701	+5.899	+5.918	+5.932	+5.897	+5.651	+6.020	+5.601	+5.995	+5.755	+6.031	+5.547	+5.954	+6.100	+6.085	+5.545	+6.239	+5.452	+5.506	+10.704	+7.868	+10.703	+10.773	+7.792	+7.822	+10.714	+7.826	+7.826	+5.294	+7.702	+7.863	+5.284	+8.058	+10.813	+5.277	+8.214	+5.276	+8.136	+10.817	+8.247	+8.544	+8.258	+8.152	+8.260	+10.769	+8.266	+8.150	+10.758	+10.746	+10.742	+8.259	+10.732	+13.543	+10.227	+11.132	+8.587	+8.397	+10.409	+11.116	+9.555	+11.051	+10.195	+5.380	+10.444	+11.239	+11.155	+8.543	+10.296	+5.353	+5.334	+5.334	+11.221	+11.215	+10.473	+10.233	+11.183	+11.147	+5.344	+8.329	+8.734	+11.104	+11.131	+8.262	+5.486	+11.237	+5.652	+8.444	+11.453	+11.975	+5.749	+8.474	+12.257	+8.771	+12.198	+12.529	+12.184	+8.384	+8.385	+12.532	+8.352	+5.805	+8.605	+12.539	+8.837	+9.014	+5.683	+8.906	+12.335	+5.627	+5.237	+5.237	+5.253	+8.843	+5.523	+11.734	+8.843	+5.253	+11.732	+5.251	+8.833	+11.736	+5.256	+11.364	+11.366	+5.266	+8.467	+8.466	+5.267	+8.490	+8.487	+8.463	+11.877	+11.409	+8.462	+5.277	+11.027	+11.733	+5.272	+5.268	+8.458	+5.271	+8.459	+11.930	+8.449	+8.466	+8.453	
rs7767765      +5.858	+5.945	+5.750	+5.761	+5.889	+5.890	+5.987	+5.834	+5.643	+6.056	+5.794	+5.617	+5.660	+5.496	+5.491	+5.486	+5.486	+5.850	+5.467	+5.801	+5.477	+5.936	+5.790	+5.473	+5.472	+5.468	+5.493	+5.876	+5.846	+5.474	+5.474	+5.473	+5.454	+5.437	+5.460	+5.700	+5.784	+5.704	+5.704	+5.420	+5.927	+5.384	+5.898	+5.604	+5.951	+5.348	+5.847	+6.020	+6.003	+5.347	+6.148	+5.279	+5.319	+10.547	+7.678	+10.547	+10.616	+7.614	+7.632	+10.557	+7.638	+7.638	+5.106	+7.526	+7.686	+5.096	+7.870	+10.657	+5.089	+8.024	+5.088	+7.947	+10.661	+8.057	+8.359	+8.070	+7.965	+8.071	+10.612	+8.080	+7.962	+10.601	+10.589	+10.585	+8.070	+10.575	+13.344	+10.072	+10.973	+8.408	+8.218	+10.255	+10.958	+9.348	+10.892	+10.040	+5.184	+10.290	+11.081	+10.996	+8.364	+10.141	+5.157	+5.138	+5.139	+11.062	+11.056	+10.319	+10.078	+11.024	+10.988	+5.148	+8.189	+8.557	+10.944	+10.971	+8.122	+5.288	+11.062	+5.449	+8.288	+11.278	+11.796	+5.554	+8.292	+12.080	+8.586	+12.020	+12.351	+12.006	+8.202	+8.203	+12.354	+8.169	+5.609	+8.425	+12.359	+8.650	+8.828	+5.489	+8.719	+12.157	+5.433	+5.046	+5.045	+5.061	+8.657	+5.332	+11.553	+8.657	+5.061	+11.551	+5.059	+8.647	+11.555	+5.064	+11.183	+11.185	+5.074	+8.281	+8.280	+5.075	+8.304	+8.301	+8.277	+11.696	+11.227	+8.276	+5.085	+10.842	+11.556	+5.080	+5.076	+8.273	+5.080	+8.273	+11.749	+8.263	+8.281	+8.267	
rs6569899      +5.668	+5.815	+5.199	+5.214	+5.702	+5.704	+5.924	+5.643	+2.524	+6.005	+5.473	+2.516	+2.476	+2.519	+2.520	+2.535	+2.534	+5.583	+2.565	+5.510	+2.546	+5.759	+5.476	+2.556	+2.556	+2.523	+2.525	+5.642	+5.572	+2.547	+2.548	+2.549	+2.590	+2.628	+2.584	+5.026	+5.467	+4.896	+5.089	+2.676	+5.733	+2.810	+5.665	+4.784	+5.843	+2.868	+5.469	+5.842	+5.810	+2.868	+5.735	+2.954	+2.435	+8.393	+5.708	+8.392	+8.463	+4.643	+5.646	+8.402	+5.653	+5.653	+1.860	+4.693	+4.730	+1.854	+5.931	+8.508	+1.851	+6.115	+1.850	+6.023	+8.512	+6.159	+6.601	+6.210	+6.084	+6.177	+8.455	+6.230	+6.050	+8.437	+8.429	+8.424	+6.180	+8.412	+11.656	+7.822	+8.753	+6.641	+6.415	+8.054	+8.733	+6.659	+8.680	+7.783	+1.858	+8.078	+8.863	+8.772	+6.589	+7.890	+1.858	+1.859	+1.859	+8.841	+8.834	+8.118	+7.820	+8.798	+8.759	+1.859	+6.578	+6.810	+8.707	+8.739	+6.493	+1.874	+7.982	+1.938	+6.149	+8.165	+8.562	+2.064	+5.837	+8.878	+6.099	+8.825	+9.092	+8.804	+5.735	+5.736	+9.094	+5.680	+2.101	+6.136	+9.070	+6.187	+6.398	+2.031	+6.268	+8.953	+1.996	+1.833	+1.833	+1.829	+6.211	+1.947	+8.314	+6.211	+1.829	+8.312	+1.830	+6.193	+8.316	+1.829	+7.958	+7.960	+1.829	+5.805	+5.814	+1.829	+5.837	+5.834	+5.801	+8.420	+8.003	+5.799	+1.830	+7.616	+8.373	+1.829	+1.829	+5.802	+1.829	+5.802	+8.475	+5.795	+5.812	+5.800	
rs9493710      +6.060	+6.099	+5.989	+5.994	+6.069	+6.069	+6.120	+6.056	+6.005	+6.210	+6.034	+6.017	+6.062	+6.103	+6.097	+6.087	+6.086	+6.147	+6.057	+6.037	+6.073	+6.158	+6.036	+6.062	+6.061	+6.052	+6.084	+6.148	+6.138	+6.062	+6.062	+6.060	+6.025	+5.991	+6.034	+6.007	+6.028	+6.024	+6.005	+5.959	+6.132	+5.872	+6.115	+5.896	+6.126	+5.765	+6.074	+6.201	+6.188	+5.761	+6.353	+5.608	+5.681	+10.883	+7.986	+10.882	+10.949	+7.940	+7.939	+10.892	+7.943	+7.943	+5.475	+7.854	+8.017	+5.464	+8.173	+10.991	+5.457	+8.328	+5.456	+8.251	+10.997	+8.361	+8.658	+8.373	+8.268	+8.374	+10.949	+8.382	+8.266	+10.937	+10.927	+10.924	+8.374	+10.913	+13.618	+10.401	+11.320	+8.694	+8.507	+10.591	+11.304	+9.845	+11.254	+10.370	+5.591	+10.623	+11.427	+11.343	+8.652	+10.466	+5.558	+5.536	+5.537	+11.409	+11.403	+10.655	+10.404	+11.371	+11.336	+5.548	+8.378	+8.834	+11.293	+11.320	+8.311	+5.707	+11.436	+5.884	+8.494	+11.654	+12.206	+5.887	+8.614	+12.490	+8.884	+12.430	+12.591	+12.417	+8.524	+8.526	+12.595	+8.477	+5.940	+8.727	+12.522	+8.962	+9.148	+5.821	+9.030	+12.569	+5.766	+5.410	+5.410	+5.417	+8.972	+5.704	+11.965	+8.972	+5.416	+11.963	+5.415	+8.956	+11.967	+5.419	+11.595	+11.597	+5.427	+8.594	+8.599	+5.428	+8.623	+8.620	+8.591	+11.954	+11.641	+8.589	+5.437	+11.268	+11.814	+5.433	+5.429	+8.592	+5.432	+8.593	+12.008	+8.583	+8.601	+8.587	
rs13196860     +5.791	+5.882	+5.626	+5.631	+5.823	+5.825	+5.940	+5.794	+5.473	+6.034	+5.714	+5.500	+5.543	+5.378	+5.375	+5.370	+5.368	+5.800	+5.353	+5.758	+5.362	+5.900	+5.741	+5.357	+5.356	+5.352	+5.378	+5.830	+5.795	+5.359	+5.359	+5.358	+5.338	+5.321	+5.345	+5.614	+5.732	+5.619	+5.624	+5.307	+5.883	+5.271	+5.849	+5.518	+5.936	+5.238	+5.787	+5.984	+5.964	+5.237	+6.090	+5.173	+5.207	+10.447	+7.596	+10.446	+10.516	+7.521	+7.550	+10.456	+7.554	+7.554	+4.987	+7.435	+7.595	+4.977	+7.788	+10.556	+4.970	+7.944	+4.969	+7.866	+10.560	+7.977	+8.279	+7.990	+7.883	+7.990	+10.511	+7.998	+7.880	+10.500	+10.488	+10.484	+7.990	+10.474	+13.285	+9.970	+10.872	+8.329	+8.139	+10.154	+10.856	+9.277	+10.791	+9.938	+5.068	+10.189	+10.979	+10.895	+8.285	+10.038	+5.041	+5.023	+5.023	+10.960	+10.954	+10.218	+9.976	+10.922	+10.886	+5.032	+8.093	+8.479	+10.842	+10.869	+8.025	+5.171	+10.946	+5.331	+8.179	+11.161	+11.676	+5.424	+8.203	+11.960	+8.498	+11.899	+12.227	+11.886	+8.112	+8.113	+12.229	+8.079	+5.478	+8.337	+12.232	+8.558	+8.737	+5.361	+8.627	+12.037	+5.306	+4.929	+4.928	+4.943	+8.564	+5.209	+11.431	+8.564	+4.943	+11.429	+4.941	+8.553	+11.434	+4.946	+11.062	+11.064	+4.955	+8.187	+8.185	+4.956	+8.210	+8.207	+8.183	+11.570	+11.107	+8.182	+4.966	+10.718	+11.429	+4.961	+4.957	+8.179	+4.961	+8.179	+11.623	+8.169	+8.187	+8.172	
rs12660662     +5.629	+5.777	+5.175	+5.189	+5.673	+5.676	+5.896	+5.617	+2.516	+6.017	+5.500	+2.521	+2.493	+2.521	+2.522	+2.538	+2.537	+5.610	+2.569	+5.541	+2.549	+5.789	+5.507	+2.559	+2.560	+2.525	+2.528	+5.670	+5.597	+2.550	+2.551	+2.552	+2.595	+2.633	+2.587	+5.046	+5.497	+4.915	+5.112	+2.684	+5.759	+2.823	+5.690	+4.791	+5.878	+2.873	+5.487	+5.868	+5.835	+2.873	+5.743	+2.947	+2.428	+8.383	+5.723	+8.382	+8.453	+4.655	+5.661	+8.392	+5.667	+5.667	+1.857	+4.705	+4.742	+1.852	+5.945	+8.498	+1.848	+6.132	+1.848	+6.039	+8.502	+6.176	+6.616	+6.227	+6.098	+6.193	+8.445	+6.245	+6.065	+8.426	+8.419	+8.414	+6.196	+8.402	+11.695	+7.812	+8.744	+6.655	+6.429	+8.045	+8.724	+6.695	+8.671	+7.774	+1.857	+8.069	+8.854	+8.763	+6.602	+7.880	+1.857	+1.857	+1.857	+8.831	+8.825	+8.108	+7.811	+8.788	+8.750	+1.857	+6.562	+6.823	+8.697	+8.729	+6.478	+1.874	+7.971	+1.939	+6.132	+8.154	+8.551	+2.058	+5.846	+8.866	+6.108	+8.812	+9.079	+8.792	+5.743	+5.744	+9.081	+5.688	+2.094	+6.146	+9.056	+6.195	+6.407	+2.026	+6.276	+8.941	+1.991	+1.832	+1.832	+1.828	+6.217	+1.943	+8.302	+6.217	+1.828	+8.300	+1.828	+6.199	+8.304	+1.828	+7.946	+7.948	+1.827	+5.811	+5.818	+1.827	+5.843	+5.840	+5.806	+8.406	+7.991	+5.805	+1.829	+7.603	+8.359	+1.828	+1.827	+5.807	+1.828	+5.808	+8.461	+5.800	+5.817	+5.804	
rs12660720     +5.671	+5.821	+5.205	+5.220	+5.716	+5.719	+5.946	+5.660	+2.476	+6.062	+5.543	+2.493	+2.435	+2.485	+2.487	+2.505	+2.504	+5.648	+2.541	+5.584	+2.518	+5.829	+5.550	+2.529	+2.530	+2.489	+2.493	+5.709	+5.633	+2.519	+2.519	+2.521	+2.569	+2.613	+2.561	+5.078	+5.539	+4.943	+5.146	+2.670	+5.798	+2.824	+5.728	+4.803	+5.926	+2.868	+5.524	+5.917	+5.884	+2.867	+5.760	+2.893	+2.369	+8.324	+5.645	+8.323	+8.394	+4.580	+5.584	+8.333	+5.589	+5.589	+1.776	+4.630	+4.667	+1.771	+5.868	+8.439	+1.768	+6.055	+1.767	+5.962	+8.443	+6.099	+6.540	+6.150	+6.022	+6.116	+8.386	+6.169	+5.988	+8.367	+8.360	+8.355	+6.119	+8.342	+11.613	+7.752	+8.683	+6.582	+6.356	+7.985	+8.663	+6.607	+8.610	+7.713	+1.775	+8.009	+8.793	+8.702	+6.530	+7.819	+1.775	+1.776	+1.776	+8.771	+8.764	+8.048	+7.750	+8.728	+8.689	+1.776	+6.513	+6.751	+8.636	+8.668	+6.429	+1.791	+7.911	+1.854	+6.079	+8.095	+8.488	+1.975	+5.776	+8.804	+6.040	+8.750	+9.016	+8.730	+5.673	+5.674	+9.018	+5.618	+2.012	+6.076	+8.993	+6.112	+6.323	+1.946	+6.192	+8.879	+1.911	+1.750	+1.750	+1.746	+6.132	+1.864	+8.238	+6.133	+1.746	+8.236	+1.747	+6.115	+8.240	+1.746	+7.882	+7.884	+1.746	+5.727	+5.734	+1.746	+5.758	+5.755	+5.722	+8.342	+7.927	+5.721	+1.747	+7.537	+8.295	+1.746	+1.746	+5.723	+1.746	+5.723	+8.397	+5.716	+5.733	+5.720	
rs13219946     +5.511	+5.646	+5.095	+5.106	+5.546	+5.549	+5.746	+5.496	+2.519	+6.103	+5.378	+2.521	+2.485	+2.582	+2.590	+2.609	+2.608	+5.680	+2.640	+5.417	+2.619	+5.863	+5.384	+2.630	+2.630	+2.583	+2.594	+5.742	+5.666	+2.614	+2.615	+2.616	+2.667	+2.712	+2.652	+4.961	+5.379	+4.841	+5.022	+2.771	+5.833	+2.949	+5.760	+4.763	+5.741	+2.913	+5.417	+5.767	+5.737	+2.911	+5.715	+2.991	+2.454	+8.477	+5.756	+8.476	+8.547	+4.686	+5.693	+8.486	+5.700	+5.700	+1.914	+4.736	+4.772	+1.909	+5.978	+8.593	+1.905	+6.163	+1.905	+6.070	+8.597	+6.207	+6.650	+6.260	+6.133	+6.225	+8.541	+6.280	+6.099	+8.522	+8.515	+8.511	+6.229	+8.498	+11.690	+7.904	+8.845	+6.682	+6.457	+8.138	+8.825	+6.863	+8.772	+7.866	+1.916	+8.162	+8.955	+8.864	+6.630	+7.970	+1.913	+1.912	+1.912	+8.932	+8.926	+8.201	+7.900	+8.889	+8.851	+1.913	+6.563	+6.851	+8.798	+8.830	+6.480	+1.939	+8.062	+2.009	+6.132	+8.245	+8.649	+2.098	+5.884	+8.966	+6.140	+8.912	+9.077	+8.892	+5.781	+5.782	+9.080	+5.721	+2.134	+6.178	+9.016	+6.232	+6.447	+2.066	+6.312	+9.042	+2.033	+1.887	+1.886	+1.884	+6.257	+1.999	+8.402	+6.257	+1.884	+8.400	+1.885	+6.238	+8.404	+1.883	+8.046	+8.048	+1.882	+5.852	+5.860	+1.882	+5.884	+5.881	+5.847	+8.418	+8.090	+5.846	+1.882	+7.714	+8.374	+1.882	+1.881	+5.849	+1.882	+5.849	+8.473	+5.842	+5.859	+5.846	
rs12661599     +5.506	+5.641	+5.092	+5.103	+5.542	+5.545	+5.741	+5.491	+2.520	+6.097	+5.375	+2.522	+2.487	+2.590	+2.585	+2.607	+2.605	+5.676	+2.637	+5.414	+2.616	+5.858	+5.381	+2.626	+2.627	+2.582	+2.592	+5.737	+5.672	+2.620	+2.621	+2.622	+2.662	+2.705	+2.648	+4.963	+5.383	+4.844	+5.025	+2.765	+5.827	+2.933	+5.755	+4.764	+5.745	+2.911	+5.414	+5.764	+5.734	+2.909	+5.715	+2.994	+2.457	+8.485	+5.760	+8.484	+8.555	+4.691	+5.698	+8.494	+5.703	+5.703	+1.917	+4.740	+4.777	+1.912	+5.981	+8.601	+1.908	+6.168	+1.908	+6.075	+8.605	+6.212	+6.653	+6.264	+6.136	+6.230	+8.549	+6.283	+6.102	+8.530	+8.523	+8.519	+6.233	+8.506	+11.701	+7.912	+8.854	+6.685	+6.460	+8.146	+8.834	+6.878	+8.781	+7.874	+1.919	+8.170	+8.964	+8.873	+6.634	+7.978	+1.916	+1.915	+1.915	+8.942	+8.935	+8.209	+7.908	+8.899	+8.861	+1.916	+6.564	+6.855	+8.808	+8.840	+6.481	+1.943	+8.071	+2.014	+6.134	+8.254	+8.658	+2.102	+5.889	+8.975	+6.145	+8.920	+9.086	+8.900	+5.786	+5.787	+9.088	+5.726	+2.137	+6.183	+9.024	+6.236	+6.452	+2.070	+6.317	+9.050	+2.036	+1.890	+1.889	+1.887	+6.261	+2.002	+8.408	+6.261	+1.887	+8.406	+1.887	+6.242	+8.410	+1.886	+8.052	+8.054	+1.885	+5.855	+5.863	+1.885	+5.888	+5.885	+5.850	+8.424	+8.097	+5.849	+1.885	+7.719	+8.379	+1.885	+1.884	+5.852	+1.885	+5.853	+8.479	+5.845	+5.862	+5.850	
rs13194152     +5.501	+5.636	+5.089	+5.100	+5.537	+5.539	+5.735	+5.486	+2.535	+6.087	+5.370	+2.538	+2.505	+2.609	+2.607	+2.611	+2.621	+5.668	+2.650	+5.408	+2.631	+5.850	+5.376	+2.640	+2.641	+2.597	+2.608	+5.729	+5.654	+2.627	+2.627	+2.629	+2.673	+2.713	+2.660	+4.955	+5.371	+4.837	+5.016	+2.770	+5.819	+2.933	+5.746	+4.763	+5.730	+2.915	+5.411	+5.760	+5.729	+2.913	+5.714	+3.009	+2.474	+8.498	+5.785	+8.497	+8.568	+4.715	+5.723	+8.507	+5.728	+5.728	+1.941	+4.764	+4.801	+1.935	+6.006	+8.614	+1.932	+6.193	+1.932	+6.100	+8.618	+6.237	+6.677	+6.289	+6.161	+6.254	+8.562	+6.308	+6.126	+8.543	+8.536	+8.531	+6.258	+8.519	+11.724	+7.925	+8.866	+6.708	+6.483	+8.159	+8.846	+6.898	+8.794	+7.887	+1.944	+8.183	+8.976	+8.885	+6.656	+7.991	+1.940	+1.939	+1.939	+8.954	+8.947	+8.222	+7.922	+8.911	+8.873	+1.940	+6.580	+6.877	+8.820	+8.852	+6.496	+1.967	+8.083	+2.038	+6.150	+8.266	+8.671	+2.126	+5.908	+8.988	+6.165	+8.934	+9.099	+8.914	+5.806	+5.807	+9.101	+5.746	+2.161	+6.203	+9.037	+6.257	+6.472	+2.094	+6.337	+9.063	+2.060	+1.914	+1.914	+1.911	+6.282	+2.026	+8.424	+6.282	+1.911	+8.422	+1.912	+6.263	+8.426	+1.911	+8.068	+8.070	+1.909	+5.876	+5.885	+1.909	+5.909	+5.906	+5.872	+8.440	+8.113	+5.870	+1.910	+7.737	+8.396	+1.909	+1.909	+5.874	+1.909	+5.874	+8.495	+5.867	+5.884	+5.871	
rs35439350     +5.501	+5.635	+5.088	+5.100	+5.535	+5.537	+5.732	+5.486	+2.534	+6.086	+5.368	+2.537	+2.504	+2.608	+2.605	+2.621	+2.610	+5.666	+2.650	+5.408	+2.631	+5.849	+5.375	+2.641	+2.641	+2.597	+2.609	+5.728	+5.653	+2.627	+2.627	+2.628	+2.674	+2.715	+2.660	+4.955	+5.371	+4.836	+5.016	+2.770	+5.819	+2.936	+5.747	+4.763	+5.730	+2.914	+5.410	+5.758	+5.728	+2.913	+5.714	+3.010	+2.474	+8.499	+5.785	+8.498	+8.569	+4.714	+5.722	+8.508	+5.729	+5.729	+1.940	+4.764	+4.800	+1.934	+6.007	+8.615	+1.931	+6.192	+1.930	+6.099	+8.619	+6.236	+6.679	+6.289	+6.162	+6.254	+8.563	+6.309	+6.127	+8.544	+8.537	+8.532	+6.258	+8.520	+11.721	+7.926	+8.867	+6.709	+6.484	+8.160	+8.847	+6.896	+8.795	+7.888	+1.942	+8.184	+8.977	+8.886	+6.657	+7.992	+1.939	+1.938	+1.938	+8.955	+8.948	+8.223	+7.923	+8.912	+8.874	+1.939	+6.581	+6.878	+8.821	+8.853	+6.497	+1.966	+8.084	+2.037	+6.151	+8.267	+8.673	+2.124	+5.909	+8.989	+6.166	+8.935	+9.100	+8.915	+5.807	+5.808	+9.103	+5.746	+2.160	+6.204	+9.039	+6.257	+6.473	+2.093	+6.338	+9.065	+2.059	+1.913	+1.913	+1.910	+6.282	+2.025	+8.425	+6.283	+1.910	+8.423	+1.911	+6.264	+8.427	+1.910	+8.069	+8.071	+1.908	+5.877	+5.885	+1.908	+5.909	+5.906	+5.872	+8.441	+8.113	+5.871	+1.909	+7.737	+8.396	+1.908	+1.908	+5.874	+1.908	+5.875	+8.496	+5.867	+5.884	+5.871	
rs6921832      +5.860	+5.924	+5.724	+5.726	+5.875	+5.875	+5.955	+5.850	+5.583	+6.147	+5.800	+5.610	+5.648	+5.680	+5.676	+5.668	+5.666	+5.888	+5.644	+5.813	+5.656	+6.003	+5.801	+5.647	+5.647	+5.640	+5.680	+5.940	+5.906	+5.652	+5.651	+5.650	+5.618	+5.591	+5.628	+5.694	+5.802	+5.683	+5.706	+5.566	+5.964	+5.502	+5.932	+5.649	+5.963	+5.429	+5.887	+6.049	+6.032	+5.427	+6.194	+5.326	+5.371	+10.632	+7.716	+10.632	+10.701	+7.651	+7.669	+10.642	+7.673	+7.673	+5.164	+7.565	+7.726	+5.153	+7.906	+10.742	+5.145	+8.060	+5.145	+7.983	+10.747	+8.094	+8.395	+8.107	+8.001	+8.107	+10.699	+8.116	+7.998	+10.688	+10.677	+10.673	+8.107	+10.662	+13.354	+10.154	+11.067	+8.437	+8.249	+10.340	+11.051	+9.550	+11.001	+10.122	+5.269	+10.374	+11.175	+11.090	+8.394	+10.220	+5.237	+5.216	+5.216	+11.156	+11.150	+10.404	+10.156	+11.118	+11.084	+5.227	+8.158	+8.584	+11.040	+11.067	+8.092	+5.380	+11.159	+5.551	+8.252	+11.375	+11.918	+5.564	+8.343	+12.205	+8.619	+12.144	+12.314	+12.132	+8.252	+8.254	+12.318	+8.202	+5.617	+8.457	+12.242	+8.684	+8.869	+5.501	+8.753	+12.284	+5.448	+5.097	+5.097	+5.104	+8.693	+5.387	+11.675	+8.694	+5.103	+11.673	+5.102	+8.681	+11.678	+5.106	+11.306	+11.307	+5.114	+8.318	+8.318	+5.115	+8.343	+8.341	+8.314	+11.666	+11.351	+8.313	+5.123	+10.974	+11.530	+5.119	+5.116	+8.312	+5.119	+8.313	+11.720	+8.302	+8.321	+8.306	
rs6906782      +5.482	+5.617	+5.078	+5.089	+5.518	+5.521	+5.712	+5.467	+2.565	+6.057	+5.353	+2.569	+2.541	+2.640	+2.637	+2.650	+2.650	+5.644	+2.661	+5.393	+2.658	+5.825	+5.360	+2.664	+2.664	+2.626	+2.638	+5.705	+5.630	+2.653	+2.653	+2.654	+2.690	+2.724	+2.679	+4.944	+5.357	+4.829	+5.006	+2.774	+5.793	+2.917	+5.722	+4.762	+5.711	+2.920	+5.401	+5.744	+5.715	+2.919	+5.712	+3.043	+2.509	+8.536	+5.838	+8.535	+8.606	+4.765	+5.775	+8.545	+5.780	+5.780	+1.988	+4.814	+4.851	+1.982	+6.058	+8.651	+1.979	+6.245	+1.978	+6.152	+8.656	+6.289	+6.729	+6.341	+6.213	+6.307	+8.600	+6.359	+6.178	+8.581	+8.574	+8.569	+6.310	+8.557	+11.779	+7.964	+8.905	+6.756	+6.532	+8.197	+8.885	+6.956	+8.832	+7.926	+1.992	+8.221	+9.015	+8.924	+6.705	+8.030	+1.988	+1.987	+1.987	+8.992	+8.986	+8.260	+7.960	+8.949	+8.911	+1.988	+6.610	+6.924	+8.858	+8.890	+6.527	+2.015	+8.121	+2.087	+6.183	+8.304	+8.711	+2.173	+5.953	+9.027	+6.210	+8.973	+9.138	+8.953	+5.851	+5.852	+9.140	+5.791	+2.209	+6.248	+9.076	+6.302	+6.518	+2.141	+6.382	+9.102	+2.107	+1.962	+1.961	+1.959	+6.327	+2.073	+8.463	+6.327	+1.959	+8.461	+1.960	+6.308	+8.465	+1.958	+8.108	+8.110	+1.956	+5.922	+5.930	+1.956	+5.954	+5.951	+5.917	+8.479	+8.152	+5.916	+1.957	+7.778	+8.434	+1.957	+1.956	+5.919	+1.957	+5.919	+8.534	+5.912	+5.929	+5.916	
rs12203961     +5.801	+5.884	+5.645	+5.650	+5.827	+5.829	+5.935	+5.801	+5.510	+6.037	+5.758	+5.541	+5.584	+5.417	+5.414	+5.408	+5.408	+5.813	+5.393	+5.748	+5.401	+5.909	+5.756	+5.396	+5.395	+5.391	+5.418	+5.842	+5.809	+5.399	+5.399	+5.398	+5.377	+5.359	+5.384	+5.644	+5.748	+5.654	+5.653	+5.344	+5.894	+5.306	+5.861	+5.541	+5.939	+5.270	+5.802	+5.993	+5.973	+5.269	+6.104	+5.204	+5.239	+10.481	+7.630	+10.481	+10.550	+7.558	+7.584	+10.491	+7.588	+7.589	+5.020	+7.471	+7.631	+5.010	+7.823	+10.591	+5.003	+7.978	+5.002	+7.901	+10.595	+8.011	+8.313	+8.023	+7.917	+8.025	+10.546	+8.032	+7.914	+10.534	+10.523	+10.519	+8.024	+10.508	+13.321	+10.003	+10.906	+8.361	+8.171	+10.187	+10.890	+9.317	+10.824	+9.971	+5.102	+10.222	+11.013	+10.928	+8.317	+10.072	+5.075	+5.057	+5.057	+10.994	+10.988	+10.251	+10.009	+10.956	+10.920	+5.067	+8.119	+8.511	+10.876	+10.903	+8.051	+5.206	+10.979	+5.367	+8.207	+11.195	+11.711	+5.459	+8.234	+11.995	+8.530	+11.934	+12.262	+11.922	+8.143	+8.144	+12.264	+8.110	+5.513	+8.369	+12.266	+8.589	+8.767	+5.396	+8.658	+12.072	+5.341	+4.962	+4.961	+4.977	+8.594	+5.243	+11.466	+8.594	+4.976	+11.464	+4.974	+8.584	+11.468	+4.979	+11.097	+11.098	+4.989	+8.218	+8.215	+4.990	+8.240	+8.238	+8.213	+11.604	+11.141	+8.212	+4.999	+10.752	+11.461	+4.995	+4.990	+8.209	+4.994	+8.209	+11.657	+8.199	+8.217	+8.202	
rs17398664     +5.491	+5.627	+5.083	+5.094	+5.527	+5.529	+5.723	+5.477	+2.546	+6.073	+5.362	+2.549	+2.518	+2.619	+2.616	+2.631	+2.631	+5.656	+2.658	+5.401	+2.629	+5.839	+5.369	+2.649	+2.649	+2.608	+2.619	+5.719	+5.642	+2.635	+2.636	+2.637	+2.679	+2.717	+2.667	+4.950	+5.365	+4.833	+5.011	+2.771	+5.808	+2.927	+5.736	+4.762	+5.723	+2.916	+5.406	+5.752	+5.722	+2.915	+5.713	+3.023	+2.487	+8.513	+5.806	+8.512	+8.583	+4.735	+5.743	+8.522	+5.750	+5.750	+1.959	+4.784	+4.820	+1.953	+6.028	+8.629	+1.950	+6.213	+1.949	+6.120	+8.633	+6.257	+6.699	+6.309	+6.183	+6.275	+8.577	+6.329	+6.148	+8.558	+8.551	+8.546	+6.278	+8.534	+11.744	+7.940	+8.881	+6.728	+6.503	+8.174	+8.861	+6.919	+8.809	+7.902	+1.962	+8.198	+8.991	+8.900	+6.677	+8.006	+1.958	+1.957	+1.957	+8.969	+8.962	+8.237	+7.937	+8.926	+8.888	+1.958	+6.592	+6.896	+8.835	+8.867	+6.509	+1.985	+8.098	+2.057	+6.164	+8.281	+8.687	+2.143	+5.927	+9.003	+6.184	+8.949	+9.114	+8.929	+5.824	+5.825	+9.117	+5.764	+2.179	+6.222	+9.052	+6.275	+6.491	+2.112	+6.355	+9.078	+2.078	+1.932	+1.932	+1.929	+6.300	+2.044	+8.439	+6.300	+1.929	+8.437	+1.930	+6.281	+8.441	+1.929	+8.083	+8.085	+1.927	+5.895	+5.903	+1.927	+5.927	+5.924	+5.890	+8.455	+8.128	+5.889	+1.928	+7.752	+8.410	+1.927	+1.927	+5.892	+1.927	+5.892	+8.510	+5.885	+5.902	+5.889	
rs6939216      +5.944	+5.998	+5.834	+5.837	+5.956	+5.957	+6.024	+5.936	+5.759	+6.158	+5.900	+5.789	+5.829	+5.863	+5.858	+5.850	+5.849	+6.003	+5.825	+5.909	+5.839	+6.037	+5.900	+5.829	+5.828	+5.821	+5.864	+6.018	+5.996	+5.833	+5.833	+5.831	+5.796	+5.766	+5.807	+5.826	+5.899	+5.827	+5.833	+5.738	+6.029	+5.666	+6.004	+5.759	+6.032	+5.580	+5.969	+6.114	+6.099	+5.577	+6.265	+5.457	+5.513	+10.750	+7.845	+10.749	+10.819	+7.789	+7.798	+10.759	+7.802	+7.802	+5.308	+7.701	+7.864	+5.297	+8.034	+10.859	+5.290	+8.189	+5.289	+8.111	+10.864	+8.222	+8.520	+8.234	+8.128	+8.235	+10.816	+8.243	+8.126	+10.806	+10.794	+10.791	+8.235	+10.780	+13.478	+10.274	+11.186	+8.557	+8.370	+10.458	+11.170	+9.682	+11.120	+10.243	+5.417	+10.493	+11.294	+11.209	+8.514	+10.339	+5.385	+5.363	+5.363	+11.275	+11.269	+10.523	+10.277	+11.237	+11.202	+5.374	+8.267	+8.703	+11.159	+11.186	+8.201	+5.527	+11.289	+5.703	+8.374	+11.503	+12.026	+5.710	+8.469	+12.313	+8.745	+12.251	+12.423	+12.240	+8.378	+8.379	+12.426	+8.328	+5.762	+8.581	+12.351	+8.811	+8.995	+5.646	+8.879	+12.391	+5.592	+5.242	+5.241	+5.248	+8.818	+5.530	+11.784	+8.818	+5.248	+11.782	+5.246	+8.806	+11.786	+5.251	+11.415	+11.417	+5.258	+8.444	+8.444	+5.259	+8.469	+8.466	+8.440	+11.776	+11.461	+8.439	+5.268	+11.084	+11.636	+5.264	+5.260	+8.438	+5.263	+8.438	+11.830	+8.428	+8.446	+8.432	
rs9493712      +5.789	+5.876	+5.623	+5.628	+5.817	+5.809	+5.930	+5.790	+5.476	+6.036	+5.741	+5.507	+5.550	+5.384	+5.381	+5.376	+5.375	+5.801	+5.360	+5.756	+5.369	+5.900	+5.718	+5.364	+5.364	+5.360	+5.379	+5.831	+5.797	+5.368	+5.368	+5.367	+5.347	+5.329	+5.354	+5.627	+5.735	+5.642	+5.637	+5.314	+5.884	+5.277	+5.850	+5.520	+5.937	+5.242	+5.789	+5.985	+5.965	+5.241	+6.092	+5.176	+5.210	+10.451	+7.600	+10.450	+10.518	+7.524	+7.554	+10.461	+7.559	+7.559	+4.990	+7.441	+7.601	+4.979	+7.793	+10.560	+4.973	+7.948	+4.972	+7.871	+10.565	+7.982	+8.284	+7.994	+7.887	+7.995	+10.515	+8.002	+7.885	+10.502	+10.493	+10.489	+7.994	+10.478	+13.292	+9.969	+10.876	+8.334	+8.143	+10.157	+10.860	+9.287	+10.794	+9.937	+5.072	+10.192	+10.983	+10.899	+8.289	+10.037	+5.045	+5.026	+5.027	+10.964	+10.958	+10.221	+9.975	+10.926	+10.890	+5.036	+8.091	+8.479	+10.846	+10.873	+8.021	+5.176	+10.951	+5.336	+8.179	+11.167	+11.683	+5.426	+8.210	+11.966	+8.501	+11.906	+12.228	+11.893	+8.120	+8.121	+12.230	+8.087	+5.480	+8.346	+12.233	+8.568	+8.748	+5.363	+8.637	+12.044	+5.307	+4.932	+4.931	+4.946	+8.573	+5.211	+11.438	+8.573	+4.945	+11.436	+4.943	+8.561	+11.440	+4.949	+11.069	+11.071	+4.958	+8.195	+8.195	+4.959	+8.220	+8.217	+8.191	+11.576	+11.114	+8.190	+4.968	+10.723	+11.433	+4.964	+4.959	+8.188	+4.963	+8.188	+11.629	+8.178	+8.196	+8.182	
rs12660957     +5.487	+5.621	+5.080	+5.091	+5.521	+5.524	+5.716	+5.473	+2.556	+6.062	+5.357	+2.559	+2.529	+2.630	+2.626	+2.640	+2.641	+5.647	+2.664	+5.396	+2.649	+5.829	+5.364	+2.645	+2.659	+2.618	+2.631	+5.712	+5.638	+2.646	+2.646	+2.647	+2.689	+2.726	+2.677	+4.950	+5.363	+4.833	+5.011	+2.778	+5.807	+2.937	+5.735	+4.763	+5.721	+2.921	+5.407	+5.753	+5.723	+2.919	+5.714	+3.031	+2.497	+8.523	+5.823	+8.522	+8.593	+4.750	+5.760	+8.532	+5.766	+5.767	+1.973	+4.800	+4.836	+1.967	+6.045	+8.638	+1.964	+6.230	+1.963	+6.137	+8.643	+6.274	+6.716	+6.326	+6.199	+6.292	+8.587	+6.346	+6.165	+8.568	+8.561	+8.557	+6.295	+8.544	+11.764	+7.950	+8.892	+6.743	+6.518	+8.184	+8.872	+6.941	+8.819	+7.912	+1.976	+8.208	+9.002	+8.911	+6.692	+8.016	+1.973	+1.972	+1.972	+8.979	+8.973	+8.247	+7.947	+8.936	+8.898	+1.972	+6.599	+6.912	+8.846	+8.877	+6.516	+2.000	+8.108	+2.072	+6.172	+8.291	+8.699	+2.158	+5.942	+9.015	+6.199	+8.960	+9.126	+8.941	+5.839	+5.841	+9.128	+5.779	+2.194	+6.237	+9.064	+6.291	+6.507	+2.126	+6.372	+9.090	+2.092	+1.947	+1.946	+1.944	+6.316	+2.058	+8.451	+6.317	+1.944	+8.449	+1.944	+6.298	+8.453	+1.943	+8.095	+8.097	+1.941	+5.911	+5.919	+1.941	+5.943	+5.940	+5.906	+8.467	+8.140	+5.905	+1.942	+7.765	+8.422	+1.942	+1.941	+5.908	+1.941	+5.908	+8.522	+5.901	+5.918	+5.905	
rs13200337     +5.487	+5.621	+5.080	+5.091	+5.521	+5.523	+5.715	+5.472	+2.556	+6.061	+5.356	+2.560	+2.530	+2.630	+2.627	+2.641	+2.641	+5.647	+2.664	+5.395	+2.649	+5.828	+5.364	+2.659	+2.646	+2.619	+2.631	+5.711	+5.638	+2.647	+2.647	+2.648	+2.689	+2.726	+2.677	+4.950	+5.363	+4.833	+5.011	+2.779	+5.807	+2.937	+5.735	+4.763	+5.721	+2.921	+5.407	+5.753	+5.722	+2.920	+5.714	+3.031	+2.498	+8.524	+5.824	+8.523	+8.594	+4.751	+5.761	+8.533	+5.768	+5.768	+1.974	+4.801	+4.837	+1.968	+6.046	+8.639	+1.965	+6.231	+1.964	+6.138	+8.644	+6.275	+6.717	+6.327	+6.201	+6.293	+8.588	+6.347	+6.166	+8.569	+8.562	+8.557	+6.296	+8.545	+11.765	+7.951	+8.893	+6.744	+6.519	+8.184	+8.873	+6.942	+8.820	+7.913	+1.978	+8.208	+9.003	+8.911	+6.693	+8.017	+1.974	+1.973	+1.973	+8.980	+8.973	+8.248	+7.947	+8.937	+8.899	+1.974	+6.599	+6.913	+8.846	+8.878	+6.516	+2.001	+8.109	+2.073	+6.173	+8.292	+8.699	+2.159	+5.943	+9.016	+6.200	+8.961	+9.126	+8.941	+5.840	+5.842	+9.129	+5.780	+2.195	+6.238	+9.065	+6.293	+6.508	+2.127	+6.373	+9.091	+2.093	+1.948	+1.948	+1.945	+6.317	+2.059	+8.452	+6.318	+1.945	+8.450	+1.946	+6.299	+8.454	+1.944	+8.096	+8.098	+1.942	+5.912	+5.920	+1.942	+5.944	+5.941	+5.907	+8.468	+8.141	+5.906	+1.943	+7.766	+8.423	+1.943	+1.942	+5.909	+1.943	+5.909	+8.523	+5.902	+5.919	+5.906	
rs13203797     +5.483	+5.616	+5.076	+5.087	+5.517	+5.519	+5.711	+5.468	+2.523	+6.052	+5.352	+2.525	+2.489	+2.583	+2.582	+2.597	+2.597	+5.640	+2.626	+5.391	+2.608	+5.821	+5.360	+2.618	+2.619	+2.596	+2.588	+5.705	+5.631	+2.608	+2.608	+2.609	+2.653	+2.693	+2.643	+4.947	+5.359	+4.829	+5.007	+2.747	+5.801	+2.904	+5.729	+4.759	+5.717	+2.907	+5.405	+5.750	+5.720	+2.906	+5.712	+3.014	+2.466	+8.467	+5.806	+8.466	+8.537	+4.727	+5.743	+8.476	+5.750	+5.750	+1.924	+4.777	+4.814	+1.919	+6.029	+8.583	+1.916	+6.215	+1.915	+6.122	+8.587	+6.260	+6.702	+6.312	+6.185	+6.278	+8.531	+6.332	+6.151	+8.512	+8.505	+8.501	+6.281	+8.489	+11.644	+7.894	+8.836	+6.731	+6.506	+8.127	+8.816	+6.844	+8.764	+7.856	+1.927	+8.151	+8.946	+8.855	+6.680	+7.960	+1.925	+1.925	+1.925	+8.924	+8.917	+8.191	+7.890	+8.881	+8.843	+1.925	+6.597	+6.901	+8.790	+8.822	+6.514	+1.947	+8.048	+2.014	+6.162	+8.230	+8.632	+2.100	+5.923	+8.949	+6.181	+8.895	+9.060	+8.875	+5.820	+5.822	+9.063	+5.760	+2.135	+6.220	+8.998	+6.272	+6.488	+2.070	+6.352	+9.025	+2.037	+1.902	+1.902	+1.899	+6.295	+2.005	+8.389	+6.295	+1.899	+8.387	+1.899	+6.276	+8.391	+1.898	+8.035	+8.036	+1.895	+5.889	+5.897	+1.895	+5.922	+5.919	+5.885	+8.406	+8.079	+5.883	+1.895	+7.702	+8.362	+1.895	+1.895	+5.887	+1.895	+5.887	+8.461	+5.880	+5.897	+5.884	
rs13204047     +5.506	+5.642	+5.093	+5.104	+5.542	+5.544	+5.741	+5.493	+2.525	+6.084	+5.378	+2.528	+2.493	+2.594	+2.592	+2.608	+2.609	+5.680	+2.638	+5.418	+2.619	+5.864	+5.379	+2.631	+2.631	+2.588	+2.596	+5.746	+5.671	+2.620	+2.621	+2.622	+2.668	+2.711	+2.658	+4.960	+5.384	+4.841	+5.022	+2.770	+5.834	+2.942	+5.760	+4.765	+5.746	+2.914	+5.419	+5.771	+5.740	+2.912	+5.717	+2.998	+2.464	+8.483	+5.772	+8.482	+8.555	+4.705	+5.709	+8.492	+5.716	+5.716	+1.928	+4.751	+4.787	+1.922	+5.994	+8.599	+1.919	+6.179	+1.918	+6.087	+8.603	+6.223	+6.664	+6.275	+6.149	+6.241	+8.547	+6.295	+6.114	+8.530	+8.521	+8.516	+6.244	+8.504	+11.705	+7.915	+8.851	+6.693	+6.468	+8.144	+8.831	+6.880	+8.778	+7.877	+1.930	+8.170	+8.961	+8.870	+6.642	+7.981	+1.927	+1.926	+1.926	+8.939	+8.932	+8.207	+7.911	+8.896	+8.858	+1.927	+6.571	+6.867	+8.805	+8.837	+6.489	+1.953	+8.069	+2.024	+6.141	+8.252	+8.657	+2.113	+5.894	+8.975	+6.156	+8.920	+9.091	+8.900	+5.792	+5.793	+9.093	+5.730	+2.149	+6.186	+9.027	+6.240	+6.454	+2.081	+6.320	+9.050	+2.047	+1.901	+1.900	+1.898	+6.264	+2.013	+8.409	+6.264	+1.898	+8.407	+1.898	+6.248	+8.411	+1.897	+8.053	+8.055	+1.896	+5.862	+5.867	+1.896	+5.891	+5.888	+5.857	+8.426	+8.098	+5.856	+1.896	+7.722	+8.381	+1.896	+1.895	+5.856	+1.896	+5.856	+8.481	+5.849	+5.866	+5.853	
rs9321412      +5.886	+5.946	+5.758	+5.760	+5.899	+5.900	+5.976	+5.876	+5.642	+6.148	+5.830	+5.670	+5.709	+5.742	+5.737	+5.729	+5.728	+5.940	+5.705	+5.842	+5.719	+6.018	+5.831	+5.712	+5.711	+5.705	+5.746	+5.936	+5.938	+5.718	+5.718	+5.717	+5.685	+5.657	+5.697	+5.742	+5.833	+5.738	+5.751	+5.632	+5.987	+5.562	+5.957	+5.682	+5.984	+5.480	+5.909	+6.066	+6.050	+5.478	+6.211	+5.365	+5.416	+10.662	+7.753	+10.661	+10.731	+7.693	+7.706	+10.671	+7.711	+7.711	+5.209	+7.606	+7.767	+5.198	+7.943	+10.771	+5.190	+8.098	+5.189	+8.020	+10.776	+8.131	+8.431	+8.144	+8.038	+8.144	+10.728	+8.152	+8.035	+10.717	+10.706	+10.702	+8.144	+10.692	+13.388	+10.183	+11.096	+8.470	+8.282	+10.368	+11.080	+9.590	+11.029	+10.151	+5.316	+10.402	+11.204	+11.119	+8.428	+10.248	+5.284	+5.263	+5.263	+11.185	+11.179	+10.432	+10.185	+11.147	+11.112	+5.274	+8.184	+8.617	+11.069	+11.096	+8.118	+5.428	+11.192	+5.601	+8.282	+11.409	+11.954	+5.611	+8.380	+12.241	+8.656	+12.179	+12.350	+12.168	+8.290	+8.291	+12.353	+8.240	+5.664	+8.494	+12.278	+8.723	+8.908	+5.547	+8.791	+12.320	+5.494	+5.143	+5.142	+5.149	+8.731	+5.432	+11.711	+8.732	+5.149	+11.709	+5.147	+8.719	+11.713	+5.152	+11.341	+11.343	+5.159	+8.356	+8.356	+5.160	+8.381	+8.379	+8.352	+11.702	+11.387	+8.351	+5.169	+11.008	+11.563	+5.165	+5.161	+8.350	+5.164	+8.351	+11.756	+8.340	+8.359	+8.344	
rs9493716      +5.857	+5.921	+5.719	+5.721	+5.872	+5.872	+5.952	+5.846	+5.572	+6.138	+5.795	+5.597	+5.633	+5.666	+5.672	+5.654	+5.653	+5.906	+5.630	+5.809	+5.642	+5.996	+5.797	+5.638	+5.638	+5.631	+5.671	+5.938	+5.881	+5.654	+5.654	+5.653	+5.613	+5.586	+5.624	+5.696	+5.799	+5.688	+5.707	+5.561	+5.965	+5.497	+5.932	+5.642	+5.961	+5.423	+5.882	+6.045	+6.028	+5.421	+6.188	+5.318	+5.364	+10.629	+7.706	+10.628	+10.698	+7.643	+7.659	+10.638	+7.664	+7.664	+5.157	+7.557	+7.718	+5.146	+7.896	+10.738	+5.139	+8.051	+5.138	+7.974	+10.743	+8.084	+8.385	+8.097	+7.991	+8.098	+10.695	+8.106	+7.988	+10.685	+10.673	+10.669	+8.098	+10.659	+13.345	+10.149	+11.064	+8.427	+8.238	+10.335	+11.049	+9.548	+10.998	+10.117	+5.263	+10.369	+11.172	+11.088	+8.384	+10.214	+5.231	+5.210	+5.210	+11.154	+11.147	+10.399	+10.151	+11.115	+11.081	+5.221	+8.148	+8.574	+11.038	+11.064	+8.081	+5.376	+11.158	+5.548	+8.243	+11.375	+11.919	+5.559	+8.338	+12.206	+8.614	+12.144	+12.315	+12.133	+8.247	+8.248	+12.318	+8.197	+5.611	+8.452	+12.242	+8.679	+8.865	+5.495	+8.748	+12.284	+5.441	+5.090	+5.090	+5.097	+8.687	+5.380	+11.672	+8.688	+5.096	+11.670	+5.095	+8.675	+11.674	+5.099	+11.302	+11.304	+5.107	+8.312	+8.312	+5.108	+8.337	+8.334	+8.308	+11.663	+11.348	+8.307	+5.116	+10.967	+11.523	+5.112	+5.109	+8.306	+5.112	+8.306	+11.717	+8.296	+8.315	+8.300	
rs6941465      +5.488	+5.623	+5.081	+5.092	+5.524	+5.526	+5.719	+5.474	+2.547	+6.062	+5.359	+2.550	+2.519	+2.614	+2.620	+2.627	+2.627	+5.652	+2.653	+5.399	+2.635	+5.833	+5.368	+2.646	+2.647	+2.608	+2.620	+5.718	+5.654	+2.634	+2.647	+2.648	+2.679	+2.718	+2.671	+4.957	+5.375	+4.840	+5.019	+2.774	+5.814	+2.931	+5.742	+4.765	+5.734	+2.918	+5.410	+5.757	+5.727	+2.917	+5.715	+3.023	+2.489	+8.518	+5.813	+8.517	+8.588	+4.740	+5.750	+8.527	+5.755	+5.755	+1.962	+4.790	+4.826	+1.957	+6.033	+8.633	+1.953	+6.220	+1.953	+6.127	+8.638	+6.264	+6.703	+6.315	+6.187	+6.281	+8.582	+6.334	+6.153	+8.563	+8.556	+8.551	+6.284	+8.539	+11.757	+7.946	+8.887	+6.731	+6.506	+8.178	+8.867	+6.939	+8.814	+7.908	+1.966	+8.203	+8.997	+8.906	+6.680	+8.012	+1.963	+1.961	+1.961	+8.975	+8.968	+8.241	+7.942	+8.932	+8.894	+1.962	+6.589	+6.900	+8.841	+8.873	+6.506	+1.990	+8.105	+2.063	+6.163	+8.288	+8.695	+2.148	+5.933	+9.011	+6.191	+8.956	+9.123	+8.936	+5.831	+5.832	+9.125	+5.769	+2.184	+6.226	+9.059	+6.281	+6.497	+2.116	+6.361	+9.085	+2.082	+1.936	+1.936	+1.933	+6.305	+2.048	+8.444	+6.305	+1.933	+8.442	+1.934	+6.288	+8.446	+1.933	+8.088	+8.090	+1.931	+5.901	+5.908	+1.931	+5.932	+5.929	+5.896	+8.460	+8.133	+5.895	+1.931	+7.757	+8.414	+1.931	+1.931	+5.897	+1.931	+5.897	+8.515	+5.890	+5.907	+5.894	
