## Summary of overall evidence for association with region:
## log10(BF for region) = 4.25433
## p-value for region = NA

## BFs for choosing among multi-SNP models:
## log10(average 1-SNP BF) = 4.27203
## log10(average 2-SNP BF) = 4.21661

## Example posterior probabilities for multi-SNP models, based on default prior: [p(l) propto 0.5^l for l=1,2,...,L]
## posterior probability of 1-SNP = 0.694395
## posterior probability of 2-SNP = 0.305605

## log10(BF) for single SNP and pair of SNPs:
rs7029464      -0.558	+0.751	-0.529	-0.880	-0.560	-0.560	-0.830	-0.513	-0.888	-0.444	-0.621	-0.567	-0.337	-0.346	-0.461	+3.209	+3.258	+0.353	-0.146	+0.322	+0.327	+0.268	+0.063	+0.320	-0.712	+2.036	-0.328	+0.350	+1.209	-0.418	+1.141	+0.362	-0.315	+3.172	+0.349	+0.348	+1.337	+1.137	-0.313	-0.375	+1.359	-0.373	+3.177	-0.310	+0.337	+0.362	+0.366	+0.380	+0.506	-0.290	+0.510	+0.514	+0.492	+0.520	+0.520	+0.452	+0.521	+0.521	+3.337	+0.521	-0.387	+0.522	+0.537	+0.548	+0.538	+0.538	-0.382	+0.538	+0.538	+0.543	+3.435	+3.625	+0.548	+3.634	+3.630	-0.271	+0.511	+0.613	+1.607	+0.614	-0.301	-0.428	+5.063	-0.442	-0.443	-0.411	+0.017	-0.514	+0.016	+0.016	-0.865	+4.262	+0.014	+0.013	+0.013	-0.425	+0.012	-0.537	+5.092	+2.556	-0.407	-0.370	+0.002	-0.865	-0.029	-0.015	-0.410	-0.408	-0.430	+5.110	-0.530	-0.410	+0.713	+4.289	-0.029	+2.931	-0.544	-0.035	+5.133	-0.038	+0.649	-0.040	-0.378	-0.044	-0.048	-0.049	+4.130	-0.049	+0.648	+5.093	+0.624	-0.555	-0.056	-0.058	+5.036	+4.051	+5.199	-0.524	-0.431	-0.052	+5.366	-0.066	-0.430	+2.564	-0.052	-0.429	-0.434	-0.053	+5.289	-0.422	-0.520	-0.039	-0.408	-0.072	-0.535	-0.408	-0.396	-0.019	-0.005	-0.397	
rs56387873     +0.751	+0.839	+1.065	+0.396	+1.018	+1.018	+0.768	+1.089	+0.414	+1.219	+0.973	+1.046	+1.388	+1.374	+1.251	+3.003	+3.040	+0.620	+0.778	+0.630	+0.632	+0.607	+2.061	+0.603	+0.926	+2.270	+1.401	+0.619	+1.412	+1.271	+1.396	+0.625	+1.419	+2.978	+0.618	+0.617	+1.513	+1.392	+1.422	+1.333	+1.532	+1.337	+2.981	+1.427	+0.612	+0.625	+0.626	+0.634	+0.705	+1.456	+0.707	+0.709	+0.700	+0.713	+0.713	+0.673	+0.713	+0.713	+3.141	+0.713	+1.316	+0.714	+0.723	+0.729	+0.723	+0.723	+1.322	+0.723	+0.724	+0.727	+3.178	+3.316	+2.471	+3.323	+3.320	+1.483	+0.708	+0.770	+1.754	+0.771	+1.438	+1.225	+4.830	+1.203	+1.201	+1.247	+1.217	+1.123	+1.216	+1.216	+0.526	+4.391	+1.214	+1.213	+1.213	+1.226	+1.212	+1.088	+4.864	+2.826	+1.252	+1.306	+1.203	+0.526	+1.168	+1.187	+1.248	+1.249	+1.214	+4.888	+1.097	+1.247	+2.158	+4.414	+1.173	+3.136	+1.076	+1.167	+4.899	+1.165	+2.094	+1.163	+1.293	+1.159	+1.155	+1.154	+4.259	+1.154	+2.093	+4.870	+2.068	+1.060	+1.147	+1.145	+4.819	+4.182	+4.961	+1.105	+1.213	+1.152	+5.100	+1.140	+1.216	+2.907	+1.152	+1.216	+1.208	+1.151	+5.039	+1.223	+1.111	+1.166	+1.242	+1.129	+1.088	+1.244	+1.260	+1.190	+1.209	+1.257	
rs62577094     -0.529	+1.065	-0.005	-0.484	-0.093	-0.093	-0.462	-0.053	-0.476	-0.068	-0.219	-0.178	+0.022	+0.013	-0.117	+3.008	+3.051	+0.919	+0.319	+0.894	+0.899	+0.846	+0.100	+0.885	-0.146	+2.252	+0.031	+0.917	+1.408	-0.057	+1.368	+0.929	+0.043	+2.984	+0.915	+0.914	+1.528	+1.364	+0.046	-0.017	+1.549	-0.015	+2.988	+0.048	+0.903	+0.930	+0.933	+0.948	+1.083	+0.069	+1.087	+1.091	+1.070	+1.097	+1.097	+1.023	+1.099	+1.098	+3.184	+1.098	-0.029	+1.099	+1.115	+1.126	+1.116	+1.116	-0.025	+1.116	+1.117	+1.122	+3.199	+3.349	+0.381	+3.357	+3.354	+0.089	+1.086	+1.194	+1.792	+1.195	+0.054	-0.041	+4.958	-0.055	-0.057	-0.028	+0.714	+0.088	+0.713	+0.713	-0.356	+4.509	+0.711	+0.710	+0.710	-0.042	+0.709	+0.063	+4.991	+2.869	-0.026	+0.017	+0.697	-0.356	+0.659	+0.678	-0.029	-0.027	-0.048	+5.018	+0.067	-0.029	+0.994	+4.532	+0.660	+3.234	+0.054	+0.653	+5.028	+0.650	+0.929	+0.648	+0.007	+0.643	+0.638	+0.637	+4.378	+0.636	+0.927	+4.998	+0.904	+0.041	+0.629	+0.626	+4.945	+4.301	+5.092	+0.078	-0.050	+0.633	+5.235	+0.616	-0.049	+2.782	+0.634	-0.049	-0.053	+0.633	+5.173	-0.044	+0.083	+0.649	-0.031	+0.609	+0.064	-0.031	-0.020	+0.672	+0.689	-0.021	
rs7046374      -0.880	+0.396	-0.484	-0.564	-0.517	-0.517	-0.611	-0.467	-0.692	-0.392	-0.585	-0.526	-0.284	-0.293	-0.416	+2.928	+2.975	+0.256	-0.085	+0.230	+0.235	+0.185	+0.042	+0.225	-0.584	+2.002	-0.274	+0.254	+1.355	-0.368	+1.240	+0.265	-0.261	+2.900	+0.252	+0.251	+1.485	+1.235	-0.259	-0.323	+1.508	-0.321	+2.905	-0.256	+0.240	+0.265	+0.268	+0.282	+0.404	-0.235	+0.408	+0.411	+0.392	+0.418	+0.418	+0.351	+0.419	+0.418	+3.045	+0.418	-0.336	+0.419	+0.434	+0.444	+0.435	+0.435	-0.331	+0.435	+0.435	+0.440	+3.130	+3.295	+0.390	+3.302	+3.299	-0.215	+0.409	+0.508	+1.782	+0.509	-0.246	-0.381	+5.145	-0.395	-0.396	-0.362	+0.067	-0.264	+0.066	+0.066	-0.857	+4.372	+0.064	+0.064	+0.064	-0.378	+0.063	-0.300	+5.171	+2.619	-0.359	-0.321	+0.052	-0.857	+0.020	+0.035	-0.361	-0.360	-0.382	+5.184	-0.294	-0.362	+0.780	+4.402	+0.019	+3.035	-0.314	+0.013	+5.209	+0.010	+0.716	+0.008	-0.329	+0.004	-0.000	-0.001	+4.242	-0.002	+0.714	+5.171	+0.691	-0.332	-0.008	-0.011	+5.113	+4.162	+5.271	-0.285	-0.384	-0.004	+5.438	-0.019	-0.382	+2.899	-0.004	-0.382	-0.387	-0.005	+5.357	-0.375	-0.280	+0.008	-0.360	-0.025	-0.303	-0.360	-0.348	+0.029	+0.043	-0.349	
rs10982941     -0.560	+1.018	-0.093	-0.517	-0.045	-0.109	-0.493	-0.077	-0.510	-0.079	-0.243	-0.200	+0.011	+0.001	-0.136	+2.984	+3.028	+0.875	+0.285	+0.849	+0.855	+0.802	+0.077	+0.841	-0.184	+2.230	+0.020	+0.872	+1.390	-0.069	+1.348	+0.885	+0.033	+2.961	+0.871	+0.869	+1.513	+1.344	+0.035	-0.026	+1.534	-0.024	+2.965	+0.038	+0.858	+0.885	+0.888	+0.903	+1.037	+0.060	+1.041	+1.045	+1.025	+1.052	+1.052	+0.978	+1.053	+1.052	+3.161	+1.053	-0.039	+1.053	+1.069	+1.081	+1.070	+1.070	-0.034	+1.070	+1.071	+1.076	+3.176	+3.326	+0.361	+3.334	+3.331	+0.081	+1.040	+1.148	+1.775	+1.149	+0.050	-0.048	+4.941	-0.065	-0.067	-0.035	+0.669	+0.050	+0.668	+0.668	-0.391	+4.498	+0.666	+0.665	+0.665	-0.051	+0.664	+0.025	+4.974	+2.848	-0.032	+0.006	+0.652	-0.391	+0.614	+0.633	-0.036	-0.034	-0.057	+5.000	+0.030	-0.036	+0.996	+4.521	+0.615	+3.217	+0.016	+0.608	+5.010	+0.605	+0.930	+0.603	-0.004	+0.598	+0.593	+0.593	+4.367	+0.592	+0.928	+4.981	+0.904	+0.003	+0.584	+0.581	+4.928	+4.290	+5.075	+0.040	-0.060	+0.589	+5.218	+0.571	-0.058	+2.763	+0.589	-0.058	-0.063	+0.588	+5.156	-0.054	+0.044	+0.604	-0.040	+0.565	+0.027	-0.040	-0.029	+0.627	+0.644	-0.032	
rs10982942     -0.560	+1.018	-0.093	-0.517	-0.109	-0.045	-0.492	-0.077	-0.510	-0.079	-0.243	-0.200	+0.011	+0.001	-0.135	+2.985	+3.029	+0.875	+0.285	+0.850	+0.856	+0.802	+0.077	+0.841	-0.183	+2.230	+0.020	+0.873	+1.390	-0.069	+1.348	+0.885	+0.033	+2.961	+0.871	+0.870	+1.513	+1.344	+0.035	-0.026	+1.534	-0.023	+2.965	+0.038	+0.859	+0.886	+0.889	+0.904	+1.038	+0.060	+1.042	+1.046	+1.025	+1.052	+1.053	+0.979	+1.054	+1.053	+3.162	+1.053	-0.039	+1.054	+1.070	+1.081	+1.071	+1.071	-0.034	+1.071	+1.072	+1.077	+3.176	+3.326	+0.361	+3.334	+3.331	+0.081	+1.041	+1.148	+1.775	+1.149	+0.050	-0.048	+4.941	-0.065	-0.066	-0.035	+0.670	+0.051	+0.669	+0.669	-0.391	+4.499	+0.666	+0.666	+0.665	-0.051	+0.665	+0.026	+4.974	+2.848	-0.032	+0.006	+0.652	-0.390	+0.615	+0.633	-0.036	-0.034	-0.057	+5.001	+0.030	-0.036	+0.996	+4.521	+0.616	+3.217	+0.017	+0.609	+5.011	+0.606	+0.930	+0.604	-0.004	+0.599	+0.594	+0.593	+4.367	+0.592	+0.928	+4.981	+0.904	+0.004	+0.585	+0.582	+4.928	+4.290	+5.075	+0.040	-0.060	+0.590	+5.218	+0.572	-0.058	+2.763	+0.590	-0.058	-0.063	+0.589	+5.156	-0.054	+0.045	+0.605	-0.040	+0.565	+0.027	-0.040	-0.028	+0.628	+0.645	-0.031	
rs6478207      -0.830	+0.768	-0.462	-0.611	-0.493	-0.492	-0.457	-0.448	-0.642	-0.383	-0.554	-0.501	-0.280	-0.289	-0.403	+2.767	+2.812	+0.678	-0.109	+0.625	+0.631	+0.576	-0.087	+0.640	-0.672	+1.958	-0.271	+0.675	+1.378	-0.359	+1.277	+0.688	-0.259	+2.740	+0.673	+0.672	+1.511	+1.273	-0.257	-0.317	+1.534	-0.315	+2.744	-0.254	+0.659	+0.689	+0.692	+0.708	+0.848	-0.234	+0.852	+0.856	+0.833	+0.864	+0.864	+0.789	+0.865	+0.864	+2.924	+0.865	-0.329	+0.865	+0.882	+0.895	+0.883	+0.883	-0.324	+0.883	+0.884	+0.889	+2.966	+3.126	+0.274	+3.134	+3.131	-0.215	+0.855	+0.969	+1.784	+0.970	-0.245	-0.368	+4.964	-0.381	-0.382	-0.350	+0.272	-0.451	+0.271	+0.271	-0.772	+4.317	+0.268	+0.268	+0.268	-0.365	+0.267	-0.473	+4.991	+2.591	-0.347	-0.311	+0.255	-0.772	+0.223	+0.236	-0.349	-0.348	-0.369	+5.009	-0.467	-0.350	+0.741	+4.346	+0.219	+3.035	-0.481	+0.213	+5.030	+0.210	+0.680	+0.207	-0.319	+0.203	+0.198	+0.197	+4.184	+0.196	+0.678	+4.993	+0.656	-0.491	+0.189	+0.186	+4.935	+4.104	+5.094	-0.461	-0.370	+0.193	+5.258	+0.177	-0.369	+2.723	+0.193	-0.369	-0.373	+0.192	+5.181	-0.361	-0.457	+0.204	-0.348	+0.174	-0.472	-0.348	-0.336	+0.225	+0.239	-0.336	
rs12156496     -0.513	+1.089	-0.053	-0.467	-0.077	-0.077	-0.448	+0.014	-0.460	-0.061	-0.206	-0.167	+0.027	+0.018	-0.108	+3.016	+3.060	+0.945	+0.334	+0.919	+0.925	+0.871	+0.109	+0.910	-0.127	+2.260	+0.035	+0.942	+1.414	-0.050	+1.375	+0.955	+0.047	+2.993	+0.941	+0.939	+1.534	+1.371	+0.050	-0.011	+1.555	-0.009	+2.997	+0.052	+0.928	+0.955	+0.958	+0.974	+1.109	+0.073	+1.113	+1.117	+1.096	+1.124	+1.124	+1.049	+1.125	+1.124	+3.191	+1.125	-0.023	+1.125	+1.141	+1.153	+1.142	+1.142	-0.019	+1.142	+1.143	+1.148	+3.208	+3.358	+0.388	+3.365	+3.362	+0.092	+1.112	+1.221	+1.797	+1.222	+0.058	-0.034	+4.963	-0.048	-0.049	-0.022	+0.737	+0.107	+0.736	+0.736	-0.339	+4.511	+0.734	+0.733	+0.733	-0.035	+0.732	+0.082	+4.997	+2.875	-0.020	+0.021	+0.720	-0.339	+0.682	+0.700	-0.023	-0.021	-0.041	+5.023	+0.086	-0.022	+0.993	+4.534	+0.683	+3.240	+0.073	+0.676	+5.033	+0.673	+0.929	+0.670	+0.012	+0.666	+0.661	+0.660	+4.380	+0.659	+0.927	+5.003	+0.903	+0.060	+0.651	+0.648	+4.950	+4.304	+5.097	+0.097	-0.043	+0.656	+5.240	+0.639	-0.041	+2.788	+0.656	-0.041	-0.046	+0.655	+5.178	-0.036	+0.102	+0.671	-0.024	+0.631	+0.083	-0.024	-0.014	+0.695	+0.712	-0.015	
rs4979587      -0.888	+0.414	-0.476	-0.692	-0.510	-0.510	-0.642	-0.460	-0.559	-0.383	-0.580	-0.520	-0.277	-0.287	-0.412	+2.911	+2.957	+0.278	-0.090	+0.251	+0.256	+0.206	+0.025	+0.247	-0.595	+1.998	-0.267	+0.276	+1.389	-0.361	+1.266	+0.287	-0.254	+2.883	+0.274	+0.273	+1.520	+1.262	-0.252	-0.316	+1.544	-0.314	+2.887	-0.249	+0.263	+0.288	+0.291	+0.305	+0.428	-0.228	+0.431	+0.435	+0.415	+0.441	+0.441	+0.374	+0.442	+0.442	+3.031	+0.442	-0.329	+0.443	+0.457	+0.468	+0.458	+0.458	-0.324	+0.458	+0.459	+0.464	+3.112	+3.276	+0.370	+3.284	+3.281	-0.208	+0.433	+0.533	+1.821	+0.534	-0.239	-0.375	+5.119	-0.389	-0.390	-0.356	+0.077	-0.282	+0.076	+0.076	-0.855	+4.361	+0.074	+0.074	+0.073	-0.372	+0.073	-0.317	+5.146	+2.619	-0.353	-0.315	+0.062	-0.855	+0.030	+0.044	-0.355	-0.354	-0.377	+5.159	-0.311	-0.356	+0.792	+4.389	+0.029	+3.049	-0.331	+0.023	+5.184	+0.020	+0.729	+0.018	-0.323	+0.014	+0.009	+0.009	+4.230	+0.008	+0.727	+5.147	+0.704	-0.348	+0.001	-0.001	+5.089	+4.151	+5.246	-0.302	-0.379	+0.005	+5.413	-0.010	-0.377	+2.874	+0.005	-0.377	-0.382	+0.004	+5.333	-0.369	-0.297	+0.018	-0.354	-0.015	-0.319	-0.354	-0.342	+0.038	+0.053	-0.343	
rs10982943     -0.444	+1.219	-0.068	-0.392	-0.079	-0.079	-0.383	-0.061	-0.383	+0.088	-0.112	-0.084	+0.066	+0.056	-0.079	+3.010	+3.055	+1.089	+0.438	+1.059	+1.065	+1.010	+0.122	+1.054	-0.036	+2.258	+0.073	+1.087	+1.405	+0.000	+1.369	+1.100	+0.085	+2.987	+1.085	+1.084	+1.527	+1.365	+0.087	+0.034	+1.548	+0.036	+2.991	+0.090	+1.072	+1.100	+1.103	+1.119	+1.258	+0.110	+1.262	+1.266	+1.245	+1.273	+1.273	+1.197	+1.274	+1.274	+3.180	+1.274	+0.024	+1.275	+1.291	+1.303	+1.292	+1.292	+0.027	+1.292	+1.293	+1.298	+3.201	+3.349	+0.389	+3.356	+3.353	+0.130	+1.261	+1.373	+1.783	+1.374	+0.100	-0.027	+4.939	-0.037	-0.038	-0.016	+0.836	+0.191	+0.835	+0.834	-0.291	+4.547	+0.832	+0.832	+0.831	-0.026	+0.830	+0.167	+4.973	+2.958	-0.014	+0.015	+0.818	-0.291	+0.779	+0.799	-0.016	-0.015	-0.030	+4.999	+0.171	-0.016	+0.968	+4.570	+0.781	+3.221	+0.158	+0.774	+5.009	+0.771	+0.908	+0.768	+0.009	+0.764	+0.758	+0.758	+4.420	+0.757	+0.907	+4.981	+0.885	+0.145	+0.749	+0.746	+4.927	+4.344	+5.073	+0.181	-0.031	+0.754	+5.215	+0.732	-0.030	+2.773	+0.754	-0.030	-0.033	+0.753	+5.153	-0.024	+0.186	+0.770	-0.014	+0.729	+0.169	-0.014	-0.004	+0.794	+0.811	-0.002	
rs10759826     -0.621	+0.973	-0.219	-0.585	-0.243	-0.243	-0.554	-0.206	-0.580	-0.112	-0.128	-0.197	+0.103	+0.082	-0.165	+2.887	+2.930	+0.851	+0.251	+0.821	+0.827	+0.773	-0.001	+0.815	-0.240	+2.145	+0.116	+0.848	+1.323	-0.028	+1.272	+0.861	+0.138	+2.863	+0.847	+0.846	+1.445	+1.268	+0.142	+0.044	+1.466	+0.048	+2.867	+0.148	+0.834	+0.861	+0.865	+0.880	+1.015	+0.190	+1.018	+1.022	+1.002	+1.029	+1.029	+0.955	+1.030	+1.030	+3.080	+1.030	+0.020	+1.031	+1.047	+1.058	+1.048	+1.048	+0.028	+1.048	+1.048	+1.054	+3.078	+3.228	+0.294	+3.236	+3.233	+0.229	+1.018	+1.126	+1.711	+1.128	+0.173	-0.122	+4.867	-0.136	-0.138	-0.107	+0.592	-0.013	+0.591	+0.591	-0.477	+4.458	+0.589	+0.588	+0.588	-0.122	+0.587	-0.037	+4.900	+2.836	-0.104	-0.066	+0.575	-0.477	+0.537	+0.556	-0.106	-0.105	-0.126	+4.927	-0.032	-0.106	+0.933	+4.479	+0.538	+3.143	-0.046	+0.531	+4.936	+0.528	+0.869	+0.526	-0.074	+0.521	+0.516	+0.515	+4.327	+0.514	+0.867	+4.906	+0.843	-0.059	+0.507	+0.504	+4.853	+4.250	+5.001	-0.025	-0.128	+0.512	+5.146	+0.493	-0.126	+2.685	+0.512	-0.126	-0.131	+0.511	+5.083	-0.120	-0.020	+0.526	-0.107	+0.487	-0.036	-0.107	-0.095	+0.546	+0.562	-0.098	
rs68019277     -0.567	+1.046	-0.178	-0.526	-0.200	-0.200	-0.501	-0.167	-0.520	-0.084	-0.197	-0.062	+0.147	+0.123	-0.151	+2.919	+2.963	+0.924	+0.320	+0.893	+0.899	+0.845	+0.033	+0.889	-0.178	+2.177	+0.162	+0.921	+1.340	+0.014	+1.299	+0.934	+0.187	+2.895	+0.920	+0.918	+1.462	+1.295	+0.192	+0.091	+1.483	+0.096	+2.899	+0.198	+0.907	+0.934	+0.937	+0.953	+1.089	+0.248	+1.093	+1.097	+1.076	+1.103	+1.104	+1.029	+1.105	+1.104	+3.094	+1.104	+0.066	+1.105	+1.121	+1.133	+1.122	+1.122	+0.075	+1.122	+1.123	+1.128	+3.109	+3.259	+0.316	+3.266	+3.263	+0.295	+1.092	+1.201	+1.725	+1.202	+0.238	-0.092	+4.878	-0.106	-0.107	-0.079	+0.665	+0.053	+0.664	+0.664	-0.418	+4.470	+0.661	+0.661	+0.661	-0.092	+0.660	+0.028	+4.911	+2.855	-0.075	-0.041	+0.648	-0.418	+0.610	+0.628	-0.078	-0.077	-0.097	+4.938	+0.032	-0.078	+0.941	+4.492	+0.610	+3.157	+0.018	+0.604	+4.948	+0.600	+0.878	+0.598	-0.049	+0.594	+0.588	+0.588	+4.339	+0.587	+0.876	+4.918	+0.853	+0.006	+0.579	+0.576	+4.865	+4.262	+5.012	+0.042	-0.098	+0.584	+5.155	+0.563	-0.097	+2.704	+0.584	-0.097	-0.101	+0.583	+5.094	-0.091	+0.047	+0.599	-0.078	+0.559	+0.029	-0.079	-0.067	+0.621	+0.637	-0.069	
rs10817838     -0.337	+1.388	+0.022	-0.284	+0.011	+0.011	-0.280	+0.027	-0.277	+0.066	+0.103	+0.147	+0.214	+0.162	-0.002	+3.059	+3.102	+1.263	+0.579	+1.228	+1.233	+1.178	+0.184	+1.226	+0.097	+2.301	+0.173	+1.260	+1.441	+0.117	+1.409	+1.273	+0.181	+3.037	+1.258	+1.257	+1.556	+1.405	+0.183	+0.133	+1.577	+0.134	+3.040	+0.185	+1.245	+1.273	+1.277	+1.293	+1.436	+0.202	+1.439	+1.444	+1.422	+1.451	+1.451	+1.373	+1.452	+1.451	+3.223	+1.452	+0.123	+1.452	+1.469	+1.481	+1.470	+1.470	+0.125	+1.470	+1.471	+1.476	+3.248	+3.395	+0.438	+3.402	+3.399	+0.220	+1.438	+1.553	+1.812	+1.554	+0.173	+0.058	+4.967	+0.051	+0.050	+0.065	+0.984	+0.326	+0.983	+0.983	-0.177	+4.576	+0.980	+0.980	+0.980	+0.057	+0.979	+0.300	+5.001	+3.012	+0.066	+0.091	+0.966	-0.177	+0.926	+0.946	+0.064	+0.066	+0.054	+5.027	+0.303	+0.065	+0.987	+4.599	+0.928	+3.251	+0.290	+0.921	+5.037	+0.918	+0.929	+0.915	+0.086	+0.911	+0.905	+0.905	+4.448	+0.903	+0.928	+5.008	+0.907	+0.276	+0.895	+0.893	+4.956	+4.374	+5.101	+0.315	+0.053	+0.901	+5.241	+0.883	+0.054	+2.808	+0.901	+0.054	+0.052	+0.900	+5.180	+0.059	+0.320	+0.917	+0.066	+0.874	+0.301	+0.066	+0.074	+0.942	+0.959	+0.076	
rs62577095     -0.346	+1.374	+0.013	-0.293	+0.001	+0.001	-0.289	+0.018	-0.287	+0.056	+0.082	+0.123	+0.162	+0.203	-0.009	+3.053	+3.096	+1.250	+0.569	+1.214	+1.220	+1.165	+0.178	+1.213	+0.086	+2.295	+0.169	+1.247	+1.436	+0.107	+1.404	+1.260	+0.177	+3.030	+1.245	+1.244	+1.552	+1.400	+0.179	+0.126	+1.572	+0.127	+3.034	+0.181	+1.232	+1.260	+1.264	+1.280	+1.422	+0.200	+1.426	+1.430	+1.409	+1.437	+1.437	+1.359	+1.438	+1.438	+3.217	+1.438	+0.115	+1.439	+1.455	+1.468	+1.456	+1.457	+0.117	+1.457	+1.457	+1.463	+3.242	+3.389	+0.432	+3.396	+3.393	+0.220	+1.425	+1.539	+1.807	+1.540	+0.169	+0.050	+4.963	+0.043	+0.042	+0.058	+0.971	+0.314	+0.970	+0.970	-0.187	+4.571	+0.968	+0.967	+0.967	+0.050	+0.966	+0.288	+4.996	+3.005	+0.059	+0.084	+0.953	-0.186	+0.913	+0.933	+0.057	+0.058	+0.047	+5.022	+0.292	+0.057	+0.983	+4.594	+0.915	+3.246	+0.278	+0.908	+5.032	+0.905	+0.926	+0.902	+0.079	+0.898	+0.892	+0.892	+4.443	+0.891	+0.925	+5.003	+0.903	+0.265	+0.883	+0.880	+4.951	+4.368	+5.096	+0.304	+0.045	+0.888	+5.237	+0.870	+0.046	+2.803	+0.888	+0.047	+0.044	+0.887	+5.176	+0.051	+0.309	+0.904	+0.058	+0.862	+0.289	+0.058	+0.066	+0.929	+0.946	+0.068	
rs10982946     -0.461	+1.251	-0.117	-0.416	-0.136	-0.135	-0.403	-0.108	-0.412	-0.079	-0.165	-0.151	-0.002	-0.009	+0.055	+2.903	+2.946	+1.151	+0.349	+1.112	+1.118	+1.063	+0.055	+1.114	-0.024	+2.157	+0.005	+1.148	+1.430	-0.063	+1.278	+1.161	+0.015	+2.880	+1.146	+1.145	+1.547	+1.274	+0.016	-0.033	+1.568	-0.031	+2.884	+0.019	+1.133	+1.161	+1.165	+1.181	+1.324	+0.035	+1.328	+1.332	+1.310	+1.339	+1.339	+1.262	+1.341	+1.340	+3.303	+1.340	-0.042	+1.341	+1.358	+1.370	+1.359	+1.359	-0.039	+1.359	+1.360	+1.365	+3.092	+3.240	+0.396	+3.247	+3.244	+0.051	+1.328	+1.442	+1.805	+1.443	+0.024	-0.062	+4.843	-0.071	-0.072	-0.050	+0.829	+0.190	+0.828	+0.828	-0.320	+4.631	+0.825	+0.825	+0.824	-0.060	+0.824	+0.164	+4.876	+3.102	-0.048	-0.021	+0.811	-0.320	+0.771	+0.791	-0.050	-0.049	-0.064	+4.902	+0.167	-0.050	+0.935	+4.654	+0.773	+3.128	+0.154	+0.766	+4.912	+0.763	+0.878	+0.761	-0.026	+0.756	+0.751	+0.750	+4.501	+0.749	+0.877	+4.883	+0.856	+0.141	+0.741	+0.739	+4.830	+4.426	+4.977	+0.179	-0.064	+0.746	+5.119	+0.729	-0.063	+2.679	+0.746	-0.063	-0.066	+0.745	+5.059	-0.056	+0.183	+0.762	-0.046	+0.720	+0.164	-0.046	-0.037	+0.786	+0.802	-0.034	
rs4979588      +3.209	+3.003	+3.008	+2.928	+2.984	+2.985	+2.767	+3.016	+2.911	+3.010	+2.887	+2.919	+3.059	+3.053	+2.903	+3.308	+3.328	+2.770	+3.346	+2.792	+2.793	+2.781	+2.737	+2.764	+2.805	+2.987	+3.065	+2.769	+2.962	+3.005	+2.894	+2.772	+3.074	+3.286	+2.769	+2.769	+3.014	+2.892	+3.075	+3.032	+3.023	+3.034	+3.287	+3.077	+2.767	+2.772	+2.773	+2.775	+2.805	+3.090	+2.806	+2.807	+2.804	+2.809	+2.809	+2.792	+2.809	+2.809	+3.359	+2.809	+3.024	+2.809	+2.814	+2.817	+2.814	+2.814	+3.027	+2.814	+2.814	+2.815	+3.427	+3.598	+2.789	+3.608	+3.600	+3.103	+2.807	+2.837	+3.139	+2.837	+3.079	+3.047	+4.987	+3.039	+3.039	+3.059	+3.312	+2.909	+3.312	+3.312	+2.939	+4.736	+3.310	+3.310	+3.310	+3.050	+3.310	+2.902	+5.006	+4.078	+3.060	+3.092	+3.302	+2.938	+3.284	+3.290	+3.058	+3.060	+3.045	+5.032	+2.904	+3.059	+3.477	+4.744	+3.279	+3.693	+2.899	+3.275	+5.048	+3.273	+3.436	+3.272	+3.086	+3.269	+3.266	+3.265	+4.630	+3.265	+3.435	+5.012	+3.420	+2.896	+3.260	+3.259	+4.951	+4.571	+5.119	+2.909	+3.046	+3.264	+5.292	+3.252	+3.047	+3.358	+3.264	+3.047	+3.044	+3.263	+5.213	+3.057	+2.911	+3.270	+3.066	+3.254	+2.906	+3.069	+3.077	+3.288	+3.308	+3.084	
rs55738230     +3.258	+3.040	+3.051	+2.975	+3.028	+3.029	+2.812	+3.060	+2.957	+3.055	+2.930	+2.963	+3.102	+3.096	+2.946	+3.328	+3.354	+2.811	+3.400	+2.833	+2.834	+2.822	+2.781	+2.805	+2.851	+3.026	+3.108	+2.810	+2.997	+3.050	+2.931	+2.812	+3.116	+3.318	+2.810	+2.810	+3.047	+2.929	+3.118	+3.075	+3.056	+3.077	+3.319	+3.120	+2.808	+2.813	+2.813	+2.816	+2.845	+3.133	+2.846	+2.847	+2.844	+2.848	+2.848	+2.832	+2.849	+2.848	+3.379	+2.849	+3.068	+2.849	+2.853	+2.856	+2.853	+2.853	+3.071	+2.853	+2.853	+2.855	+3.437	+3.590	+2.831	+3.600	+3.593	+3.145	+2.847	+2.875	+3.172	+2.875	+3.122	+3.090	+4.979	+3.083	+3.082	+3.102	+3.355	+2.952	+3.355	+3.355	+2.985	+4.752	+3.353	+3.353	+3.353	+3.093	+3.353	+2.945	+4.999	+4.105	+3.105	+3.135	+3.345	+2.984	+3.326	+3.333	+3.103	+3.103	+3.088	+5.025	+2.947	+3.102	+3.518	+4.760	+3.322	+3.717	+2.943	+3.318	+5.041	+3.316	+3.479	+3.315	+3.129	+3.312	+3.309	+3.308	+4.647	+3.308	+3.478	+5.008	+3.463	+2.939	+3.303	+3.302	+4.946	+4.589	+5.112	+2.952	+3.089	+3.307	+5.281	+3.297	+3.090	+3.383	+3.307	+3.091	+3.087	+3.306	+5.204	+3.101	+2.954	+3.313	+3.109	+3.297	+2.949	+3.113	+3.122	+3.331	+3.351	+3.127	
rs147754585    +0.353	+0.620	+0.919	+0.256	+0.875	+0.875	+0.678	+0.945	+0.278	+1.089	+0.851	+0.924	+1.263	+1.250	+1.151	+2.770	+2.811	+0.643	+0.490	+0.504	+0.506	+0.486	+2.291	+0.566	+0.883	+2.043	+1.278	+0.580	+1.308	+1.149	+1.229	+0.586	+1.296	+2.746	+0.579	+0.579	+1.446	+1.225	+1.299	+1.211	+1.470	+1.215	+2.750	+1.304	+0.572	+0.586	+0.588	+0.596	+0.716	+1.333	+0.716	+0.721	+0.676	+0.728	+0.728	+0.649	+0.730	+0.729	+2.940	+0.729	+1.195	+0.730	+0.746	+0.764	+0.747	+0.747	+1.202	+0.747	+0.747	+0.753	+2.953	+3.098	+2.701	+3.105	+3.103	+1.361	+0.703	+0.853	+1.745	+0.854	+1.317	+1.088	+4.749	+1.065	+1.063	+1.109	+1.131	+1.009	+1.130	+1.130	+0.336	+4.316	+1.128	+1.128	+1.127	+1.087	+1.127	+0.971	+4.783	+2.897	+1.115	+1.167	+1.116	+0.336	+1.081	+1.100	+1.110	+1.111	+1.076	+4.807	+0.980	+1.109	+2.167	+4.339	+1.085	+3.037	+0.958	+1.080	+4.818	+1.077	+2.100	+1.075	+1.155	+1.071	+1.067	+1.067	+4.190	+1.066	+2.099	+4.789	+2.072	+0.941	+1.059	+1.057	+4.739	+4.116	+4.880	+0.987	+1.076	+1.064	+5.019	+1.051	+1.078	+2.778	+1.064	+1.078	+1.070	+1.063	+4.958	+1.087	+0.993	+1.078	+1.105	+1.040	+0.969	+1.109	+1.123	+1.102	+1.118	+1.118	
rs7390463      -0.146	+0.778	+0.319	-0.085	+0.285	+0.285	-0.109	+0.334	-0.090	+0.438	+0.251	+0.320	+0.579	+0.569	+0.349	+3.346	+3.400	+0.490	+0.340	+0.453	+0.457	+0.423	+0.248	+0.467	-0.024	+2.407	+0.589	+0.489	+1.325	+0.488	+1.237	+0.497	+0.603	+3.306	+0.488	+0.487	+1.434	+1.233	+0.605	+0.534	+1.454	+0.537	+3.312	+0.608	+0.479	+0.497	+0.500	+0.510	+0.603	+0.629	+0.606	+0.609	+0.593	+0.613	+0.613	+0.562	+0.614	+0.614	+3.236	+0.614	+0.520	+0.614	+0.626	+0.634	+0.626	+0.626	+0.525	+0.627	+0.627	+0.631	+3.623	+3.852	+0.536	+3.863	+3.857	+0.649	+0.606	+0.683	+1.679	+0.684	+0.611	+0.433	+5.578	+0.420	+0.419	+0.450	+0.729	+0.209	+0.728	+0.728	-0.024	+4.326	+0.726	+0.726	+0.726	+0.436	+0.725	+0.191	+5.584	+2.707	+0.453	+0.496	+0.715	-0.024	+0.690	+0.700	+0.450	+0.452	+0.430	+5.604	+0.196	+0.451	+1.315	+4.357	+0.687	+3.008	+0.185	+0.681	+5.637	+0.679	+1.257	+0.677	+0.487	+0.673	+0.669	+0.669	+4.191	+0.668	+1.255	+5.594	+1.234	+0.177	+0.662	+0.660	+5.524	+4.111	+5.722	+0.201	+0.429	+0.666	+5.923	+0.652	+0.431	+2.573	+0.666	+0.431	+0.426	+0.665	+5.827	+0.436	+0.204	+0.675	+0.449	+0.651	+0.193	+0.451	+0.460	+0.694	+0.710	+0.462	
rs182746893    +0.322	+0.630	+0.894	+0.230	+0.849	+0.850	+0.625	+0.919	+0.251	+1.059	+0.821	+0.893	+1.228	+1.214	+1.112	+2.792	+2.833	+0.504	+0.453	+0.633	+0.577	+0.536	+2.164	+0.486	+0.834	+2.064	+1.242	+0.502	+1.299	+1.114	+1.236	+0.509	+1.260	+2.768	+0.501	+0.501	+1.427	+1.232	+1.264	+1.176	+1.450	+1.180	+2.772	+1.268	+0.495	+0.509	+0.511	+0.519	+0.601	+1.297	+0.604	+0.606	+0.594	+0.611	+0.611	+0.562	+0.612	+0.611	+2.958	+0.612	+1.160	+0.612	+0.623	+0.632	+0.624	+0.624	+1.167	+0.624	+0.624	+0.628	+2.974	+3.119	+2.569	+3.126	+3.123	+1.324	+0.603	+0.683	+1.711	+0.684	+1.280	+1.057	+4.769	+1.035	+1.033	+1.079	+1.093	+0.972	+1.092	+1.092	+0.314	+4.345	+1.090	+1.089	+1.089	+1.057	+1.089	+0.936	+4.803	+2.930	+1.084	+1.136	+1.078	+0.314	+1.044	+1.062	+1.080	+1.080	+1.047	+4.828	+0.945	+1.078	+2.094	+4.368	+1.048	+3.058	+0.923	+1.042	+4.839	+1.040	+2.028	+1.038	+1.124	+1.034	+1.030	+1.029	+4.220	+1.028	+2.027	+4.809	+2.001	+0.906	+1.022	+1.020	+4.759	+4.146	+4.900	+0.952	+1.046	+1.026	+5.039	+1.014	+1.048	+2.809	+1.026	+1.049	+1.040	+1.026	+4.978	+1.056	+0.957	+1.041	+1.075	+1.003	+0.934	+1.078	+1.092	+1.063	+1.080	+1.087	
rs187032922    +0.327	+0.632	+0.899	+0.235	+0.855	+0.856	+0.631	+0.925	+0.256	+1.065	+0.827	+0.899	+1.233	+1.220	+1.118	+2.793	+2.834	+0.506	+0.457	+0.577	+0.638	+0.539	+2.171	+0.489	+0.840	+2.065	+1.248	+0.505	+1.299	+1.120	+1.237	+0.511	+1.266	+2.769	+0.504	+0.503	+1.427	+1.233	+1.269	+1.182	+1.449	+1.186	+2.773	+1.274	+0.497	+0.511	+0.513	+0.521	+0.603	+1.303	+0.605	+0.608	+0.596	+0.612	+0.612	+0.564	+0.613	+0.613	+2.959	+0.613	+1.166	+0.613	+0.624	+0.633	+0.625	+0.625	+1.173	+0.625	+0.625	+0.629	+2.976	+3.120	+2.576	+3.127	+3.124	+1.330	+0.604	+0.683	+1.710	+0.684	+1.286	+1.063	+4.770	+1.041	+1.039	+1.084	+1.097	+0.978	+1.096	+1.096	+0.318	+4.346	+1.094	+1.094	+1.094	+1.063	+1.093	+0.941	+4.805	+2.933	+1.090	+1.142	+1.083	+0.319	+1.048	+1.067	+1.085	+1.086	+1.052	+4.829	+0.950	+1.084	+2.099	+4.369	+1.052	+3.059	+0.928	+1.047	+4.840	+1.044	+2.033	+1.042	+1.130	+1.039	+1.034	+1.034	+4.221	+1.033	+2.032	+4.811	+2.006	+0.912	+1.027	+1.024	+4.760	+4.147	+4.902	+0.957	+1.051	+1.031	+5.040	+1.018	+1.054	+2.812	+1.031	+1.054	+1.046	+1.030	+4.979	+1.062	+0.963	+1.045	+1.080	+1.007	+0.939	+1.083	+1.098	+1.068	+1.084	+1.093	
rs191716472    +0.268	+0.607	+0.846	+0.185	+0.802	+0.802	+0.576	+0.871	+0.206	+1.010	+0.773	+0.845	+1.178	+1.165	+1.063	+2.781	+2.822	+0.486	+0.423	+0.536	+0.539	+0.587	+2.104	+0.467	+0.783	+2.052	+1.192	+0.485	+1.300	+1.065	+1.229	+0.492	+1.211	+2.757	+0.484	+0.483	+1.432	+1.225	+1.214	+1.127	+1.456	+1.131	+2.761	+1.218	+0.476	+0.492	+0.494	+0.503	+0.596	+1.247	+0.598	+0.601	+0.589	+0.607	+0.607	+0.552	+0.607	+0.607	+2.951	+0.607	+1.111	+0.608	+0.620	+0.630	+0.621	+0.621	+1.118	+0.621	+0.621	+0.625	+2.965	+3.110	+2.506	+3.118	+3.115	+1.274	+0.597	+0.686	+1.723	+0.687	+1.230	+1.008	+4.763	+0.987	+0.985	+1.030	+1.051	+0.921	+1.050	+1.050	+0.270	+4.338	+1.048	+1.048	+1.048	+1.008	+1.047	+0.884	+4.798	+2.915	+1.035	+1.087	+1.037	+0.270	+1.002	+1.021	+1.031	+1.032	+0.998	+4.822	+0.893	+1.030	+2.050	+4.361	+1.006	+3.051	+0.872	+1.001	+4.833	+0.998	+1.984	+0.996	+1.075	+0.993	+0.988	+0.988	+4.212	+0.987	+1.983	+4.804	+1.957	+0.855	+0.981	+0.978	+4.753	+4.138	+4.895	+0.900	+0.997	+0.985	+5.034	+0.972	+1.000	+2.795	+0.985	+1.000	+0.991	+0.984	+4.973	+1.008	+0.906	+0.999	+1.026	+0.962	+0.883	+1.029	+1.043	+1.022	+1.038	+1.039	
rs150389517    +0.063	+2.061	+0.100	+0.042	+0.077	+0.077	-0.087	+0.109	+0.025	+0.122	-0.001	+0.033	+0.184	+0.178	+0.055	+2.737	+2.781	+2.291	+0.248	+2.164	+2.171	+2.104	+0.265	+2.238	-0.073	+2.075	+0.190	+2.287	+2.416	+0.127	+2.087	+2.305	+0.199	+2.712	+2.285	+2.283	+2.577	+2.082	+0.200	+0.156	+2.601	+0.157	+2.716	+0.202	+2.266	+2.306	+2.311	+2.333	+2.531	+0.217	+2.536	+2.542	+2.510	+2.551	+2.552	+2.443	+2.553	+2.552	+2.916	+2.553	+0.147	+2.554	+2.576	+2.594	+2.578	+2.578	+0.150	+2.578	+2.579	+2.586	+2.933	+3.088	+0.326	+3.096	+3.092	+0.230	+2.531	+2.682	+2.858	+2.684	+0.207	+0.151	+4.890	+0.143	+0.142	+0.164	+0.671	+0.051	+0.671	+0.670	-0.061	+4.354	+0.669	+0.668	+0.668	+0.154	+0.668	+0.040	+4.921	+2.916	+0.166	+0.195	+0.658	-0.061	+0.633	+0.643	+0.164	+0.166	+0.151	+4.942	+0.043	+0.165	+0.982	+4.368	+0.629	+3.126	+0.036	+0.623	+4.962	+0.621	+0.929	+0.619	+0.190	+0.616	+0.612	+0.611	+4.224	+0.610	+0.927	+4.926	+0.908	+0.030	+0.604	+0.602	+4.869	+4.149	+5.030	+0.048	+0.151	+0.608	+5.194	+0.593	+0.152	+2.549	+0.609	+0.152	+0.149	+0.608	+5.118	+0.160	+0.051	+0.617	+0.170	+0.595	+0.043	+0.171	+0.180	+0.635	+0.652	+0.184	
rs183884000    +0.320	+0.603	+0.885	+0.225	+0.841	+0.841	+0.640	+0.910	+0.247	+1.054	+0.815	+0.889	+1.226	+1.213	+1.114	+2.764	+2.805	+0.566	+0.467	+0.486	+0.489	+0.467	+2.238	+0.612	+0.846	+2.037	+1.241	+0.565	+1.311	+1.111	+1.226	+0.573	+1.260	+2.740	+0.564	+0.563	+1.451	+1.222	+1.263	+1.175	+1.476	+1.179	+2.744	+1.267	+0.554	+0.573	+0.576	+0.587	+0.735	+1.297	+0.735	+0.740	+0.683	+0.749	+0.749	+0.653	+0.751	+0.750	+2.937	+0.750	+1.157	+0.751	+0.769	+0.791	+0.770	+0.771	+1.163	+0.770	+0.771	+0.777	+2.948	+3.094	+2.648	+3.101	+3.098	+1.324	+0.716	+0.893	+1.755	+0.894	+1.280	+1.052	+4.742	+1.030	+1.028	+1.074	+1.101	+0.974	+1.100	+1.100	+0.306	+4.311	+1.098	+1.098	+1.098	+1.052	+1.097	+0.937	+4.776	+2.880	+1.079	+1.132	+1.087	+0.306	+1.051	+1.070	+1.075	+1.076	+1.041	+4.801	+0.946	+1.074	+2.132	+4.333	+1.056	+3.031	+0.924	+1.050	+4.811	+1.047	+2.065	+1.046	+1.119	+1.042	+1.037	+1.037	+4.184	+1.036	+2.064	+4.782	+2.038	+0.907	+1.030	+1.027	+4.731	+4.110	+4.874	+0.953	+1.041	+1.034	+5.012	+1.022	+1.043	+2.762	+1.034	+1.043	+1.035	+1.033	+4.951	+1.051	+0.958	+1.049	+1.070	+1.010	+0.935	+1.074	+1.088	+1.071	+1.088	+1.083	
rs146025448    -0.712	+0.926	-0.146	-0.584	-0.184	-0.183	-0.672	-0.127	-0.595	-0.036	-0.240	-0.178	+0.097	+0.086	-0.024	+2.805	+2.851	+0.883	-0.024	+0.834	+0.840	+0.783	-0.073	+0.846	-0.275	+2.058	+0.108	+0.880	+2.332	+0.003	+2.358	+0.893	+0.123	+2.779	+0.878	+0.877	+2.488	+2.353	+0.126	+0.053	+2.516	+0.056	+2.783	+0.129	+0.864	+0.894	+0.897	+0.913	+1.059	+0.153	+1.063	+1.068	+1.045	+1.075	+1.075	+0.995	+1.076	+1.076	+3.025	+1.076	+0.039	+1.077	+1.094	+1.106	+1.095	+1.095	+0.045	+1.095	+1.096	+1.101	+3.006	+3.164	+0.339	+3.172	+3.168	+0.175	+1.061	+1.176	+2.843	+1.178	+0.139	-0.022	+4.913	-0.038	-0.039	-0.002	+0.209	-0.348	+0.208	+0.208	-0.609	+4.326	+0.206	+0.206	+0.205	-0.019	+0.205	-0.367	+4.945	+2.693	+0.002	+0.045	+0.195	-0.609	+0.167	+0.179	-0.001	+0.000	-0.024	+4.963	-0.361	-0.001	+0.970	+4.349	+0.165	+3.214	-0.373	+0.159	+4.985	+0.157	+0.910	+0.155	+0.036	+0.151	+0.147	+0.147	+4.195	+0.146	+0.908	+4.955	+0.886	-0.381	+0.140	+0.138	+4.896	+4.118	+5.055	-0.355	-0.026	+0.144	+5.207	+0.131	-0.024	+2.574	+0.144	-0.024	-0.030	+0.143	+5.142	-0.015	-0.352	+0.154	+0.001	+0.127	-0.365	+0.002	+0.014	+0.174	+0.190	+0.011	
rs141741383    +2.036	+2.270	+2.252	+2.002	+2.230	+2.230	+1.958	+2.260	+1.998	+2.258	+2.145	+2.177	+2.301	+2.295	+2.157	+2.987	+3.026	+2.043	+2.407	+2.064	+2.065	+2.052	+2.075	+2.037	+2.058	+2.531	+2.306	+2.043	+2.266	+2.250	+2.204	+2.045	+2.314	+2.966	+2.043	+2.042	+2.322	+2.203	+2.315	+2.274	+2.332	+2.276	+2.970	+2.317	+2.041	+2.045	+2.046	+2.049	+2.080	+2.330	+2.081	+2.082	+2.079	+2.084	+2.084	+2.066	+2.084	+2.084	+3.149	+2.084	+2.268	+2.084	+2.089	+2.092	+2.089	+2.089	+2.271	+2.089	+2.089	+2.091	+3.162	+3.311	+2.288	+3.318	+3.314	+2.342	+2.083	+2.113	+2.463	+2.114	+2.319	+2.288	+4.909	+2.280	+2.280	+2.300	+2.572	+2.335	+2.572	+2.572	+2.102	+4.498	+2.571	+2.570	+2.570	+2.291	+2.570	+2.315	+4.932	+3.633	+2.303	+2.331	+2.562	+2.102	+2.518	+2.551	+2.302	+2.302	+2.288	+4.959	+2.318	+2.301	+2.745	+4.518	+2.540	+3.324	+2.308	+2.536	+4.974	+2.534	+2.707	+2.533	+2.327	+2.530	+2.527	+2.527	+4.386	+2.526	+2.708	+4.941	+2.693	+2.299	+2.522	+2.520	+4.879	+4.321	+5.047	+2.326	+2.290	+2.525	+5.209	+2.517	+2.291	+3.075	+2.525	+2.291	+2.288	+2.525	+5.135	+2.301	+2.329	+2.537	+2.309	+2.513	+2.316	+2.312	+2.321	+2.557	+2.576	+2.326	
rs150922121    -0.328	+1.401	+0.031	-0.274	+0.020	+0.020	-0.271	+0.035	-0.267	+0.073	+0.116	+0.162	+0.173	+0.169	+0.005	+3.065	+3.108	+1.278	+0.589	+1.242	+1.248	+1.192	+0.190	+1.241	+0.108	+2.306	+0.224	+1.275	+1.445	+0.129	+1.414	+1.288	+0.188	+3.042	+1.273	+1.272	+1.560	+1.410	+0.190	+0.143	+1.581	+0.144	+3.046	+0.192	+1.260	+1.288	+1.292	+1.308	+1.451	+0.208	+1.455	+1.459	+1.437	+1.466	+1.466	+1.388	+1.467	+1.467	+3.228	+1.467	+0.133	+1.468	+1.484	+1.497	+1.485	+1.486	+0.134	+1.486	+1.486	+1.492	+3.253	+3.400	+0.442	+3.407	+3.404	+0.225	+1.454	+1.568	+1.815	+1.569	+0.179	+0.066	+4.971	+0.059	+0.058	+0.072	+0.996	+0.337	+0.995	+0.995	-0.167	+4.580	+0.993	+0.992	+0.992	+0.065	+0.991	+0.310	+5.004	+3.018	+0.073	+0.098	+0.978	-0.167	+0.938	+0.958	+0.072	+0.073	+0.062	+5.030	+0.314	+0.072	+0.989	+4.603	+0.940	+3.255	+0.300	+0.933	+5.040	+0.930	+0.932	+0.927	+0.093	+0.923	+0.917	+0.917	+4.453	+0.915	+0.931	+5.011	+0.909	+0.287	+0.907	+0.905	+4.960	+4.378	+5.104	+0.326	+0.061	+0.913	+5.245	+0.895	+0.062	+2.812	+0.913	+0.062	+0.060	+0.912	+5.184	+0.066	+0.331	+0.929	+0.073	+0.886	+0.312	+0.073	+0.081	+0.954	+0.971	+0.083	
rs147744027    +0.350	+0.619	+0.917	+0.254	+0.872	+0.873	+0.675	+0.942	+0.276	+1.087	+0.848	+0.921	+1.260	+1.247	+1.148	+2.769	+2.810	+0.580	+0.489	+0.502	+0.505	+0.485	+2.287	+0.565	+0.880	+2.043	+1.275	+0.641	+1.308	+1.146	+1.229	+0.585	+1.293	+2.745	+0.578	+0.577	+1.446	+1.224	+1.297	+1.208	+1.471	+1.213	+2.749	+1.301	+0.571	+0.585	+0.587	+0.596	+0.717	+1.331	+0.718	+0.722	+0.676	+0.730	+0.730	+0.649	+0.731	+0.730	+2.939	+0.731	+1.192	+0.732	+0.748	+0.766	+0.749	+0.749	+1.199	+0.749	+0.749	+0.755	+2.953	+3.098	+2.698	+3.105	+3.102	+1.358	+0.704	+0.856	+1.745	+0.857	+1.314	+1.085	+4.748	+1.063	+1.061	+1.107	+1.129	+1.006	+1.128	+1.128	+0.334	+4.316	+1.126	+1.125	+1.125	+1.085	+1.125	+0.969	+4.783	+2.895	+1.112	+1.165	+1.114	+0.334	+1.079	+1.098	+1.108	+1.108	+1.074	+4.807	+0.978	+1.106	+2.164	+4.339	+1.083	+3.037	+0.955	+1.078	+4.818	+1.075	+2.097	+1.073	+1.152	+1.069	+1.065	+1.065	+4.190	+1.064	+2.097	+4.789	+2.070	+0.938	+1.057	+1.055	+4.738	+4.116	+4.880	+0.985	+1.073	+1.062	+5.018	+1.049	+1.076	+2.776	+1.062	+1.076	+1.067	+1.061	+4.957	+1.084	+0.990	+1.076	+1.103	+1.038	+0.967	+1.106	+1.120	+1.100	+1.116	+1.115	
rs185268281    +1.209	+1.412	+1.408	+1.355	+1.390	+1.390	+1.378	+1.414	+1.389	+1.405	+1.323	+1.340	+1.441	+1.436	+1.430	+2.962	+2.997	+1.308	+1.325	+1.299	+1.299	+1.300	+2.416	+1.311	+2.332	+2.266	+1.445	+1.308	+1.683	+1.397	+1.543	+1.308	+1.451	+2.938	+1.309	+1.309	+1.730	+1.541	+1.452	+1.417	+1.752	+1.419	+2.942	+1.454	+1.309	+1.308	+1.308	+1.307	+1.308	+1.464	+1.309	+1.309	+1.307	+1.309	+1.309	+1.306	+1.309	+1.309	+3.076	+1.309	+1.411	+1.310	+1.311	+1.312	+1.311	+1.311	+1.413	+1.311	+1.311	+1.311	+3.122	+3.251	+2.662	+3.258	+3.255	+1.475	+1.309	+1.322	+2.193	+1.322	+1.456	+1.434	+4.852	+1.428	+1.428	+1.444	+2.246	+2.271	+2.245	+2.245	+1.337	+4.437	+2.243	+2.242	+2.242	+1.437	+2.241	+2.228	+4.887	+3.273	+1.446	+1.471	+2.230	+1.337	+2.189	+2.212	+1.445	+1.446	+1.434	+4.908	+2.232	+1.445	+2.254	+4.460	+2.196	+3.171	+2.211	+2.190	+4.920	+2.187	+2.205	+2.185	+1.467	+2.181	+2.177	+2.176	+4.321	+2.175	+2.206	+4.894	+2.187	+2.189	+2.168	+2.166	+4.846	+4.252	+4.979	+2.245	+1.435	+2.173	+5.111	+2.155	+1.436	+3.023	+2.173	+1.437	+1.434	+2.172	+5.052	+1.445	+2.252	+2.190	+1.452	+2.144	+2.223	+1.453	+1.461	+2.215	+2.232	+1.469	
rs142742552    -0.418	+1.271	-0.057	-0.368	-0.069	-0.069	-0.359	-0.050	-0.361	+0.000	-0.028	+0.014	+0.117	+0.107	-0.063	+3.005	+3.050	+1.149	+0.488	+1.114	+1.120	+1.065	+0.127	+1.111	+0.003	+2.250	+0.129	+1.146	+1.397	+0.117	+1.363	+1.159	+0.145	+2.981	+1.144	+1.143	+1.519	+1.358	+0.147	+0.093	+1.540	+0.095	+2.985	+0.151	+1.131	+1.159	+1.163	+1.179	+1.320	+0.178	+1.323	+1.327	+1.306	+1.334	+1.334	+1.257	+1.336	+1.335	+3.171	+1.335	+0.085	+1.336	+1.352	+1.365	+1.354	+1.354	+0.089	+1.354	+1.354	+1.360	+3.193	+3.341	+0.387	+3.348	+3.345	+0.205	+1.322	+1.435	+1.772	+1.436	+0.171	-0.003	+4.926	-0.012	-0.013	+0.006	+0.872	+0.231	+0.871	+0.871	-0.261	+4.527	+0.869	+0.868	+0.868	-0.004	+0.867	+0.205	+4.960	+2.945	+0.008	+0.034	+0.855	-0.260	+0.816	+0.835	+0.006	+0.007	-0.007	+4.986	+0.209	+0.006	+0.960	+4.549	+0.817	+3.209	+0.195	+0.810	+4.996	+0.807	+0.900	+0.804	+0.028	+0.800	+0.795	+0.794	+4.399	+0.793	+0.899	+4.968	+0.877	+0.182	+0.785	+0.782	+4.915	+4.323	+5.060	+0.220	-0.009	+0.790	+5.201	+0.768	-0.008	+2.765	+0.790	-0.007	-0.010	+0.789	+5.140	-0.003	+0.225	+0.806	+0.006	+0.765	+0.206	+0.006	+0.015	+0.830	+0.846	+0.016	
rs2418414      +1.141	+1.396	+1.368	+1.240	+1.348	+1.348	+1.277	+1.375	+1.266	+1.369	+1.272	+1.299	+1.409	+1.404	+1.278	+2.894	+2.931	+1.229	+1.237	+1.236	+1.237	+1.229	+2.087	+1.226	+2.358	+2.204	+1.414	+1.229	+1.543	+1.363	+1.629	+1.230	+1.421	+2.871	+1.228	+1.228	+1.619	+1.593	+1.422	+1.385	+1.634	+1.386	+2.874	+1.424	+1.227	+1.230	+1.230	+1.232	+1.252	+1.435	+1.252	+1.253	+1.250	+1.254	+1.255	+1.242	+1.255	+1.255	+3.142	+1.255	+1.378	+1.255	+1.258	+1.261	+1.258	+1.258	+1.381	+1.258	+1.258	+1.260	+3.059	+3.192	+2.733	+3.198	+3.196	+1.446	+1.253	+1.278	+1.829	+1.278	+1.426	+1.400	+4.780	+1.393	+1.393	+1.411	+2.236	+2.251	+2.235	+2.235	+1.220	+4.508	+2.233	+2.232	+2.232	+1.403	+2.231	+2.207	+4.814	+3.411	+1.412	+1.438	+2.220	+1.220	+2.176	+2.202	+1.411	+1.412	+1.399	+4.837	+2.209	+1.412	+2.269	+4.530	+2.185	+3.108	+2.189	+2.179	+4.848	+2.176	+2.219	+2.174	+1.434	+2.170	+2.165	+2.164	+4.392	+2.163	+2.220	+4.821	+2.200	+2.167	+2.156	+2.153	+4.772	+4.325	+4.909	+2.224	+1.401	+2.161	+5.043	+2.143	+1.402	+2.901	+2.161	+1.402	+1.399	+2.160	+4.987	+1.410	+2.231	+2.179	+1.418	+2.130	+2.201	+1.420	+1.428	+2.204	+2.220	+1.435	
rs966955       +0.362	+0.625	+0.929	+0.265	+0.885	+0.885	+0.688	+0.955	+0.287	+1.100	+0.861	+0.934	+1.273	+1.260	+1.161	+2.772	+2.812	+0.586	+0.497	+0.509	+0.511	+0.492	+2.305	+0.573	+0.893	+2.045	+1.288	+0.585	+1.308	+1.159	+1.230	+0.652	+1.307	+2.747	+0.584	+0.584	+1.444	+1.226	+1.310	+1.222	+1.468	+1.226	+2.751	+1.315	+0.578	+0.590	+0.592	+0.599	+0.710	+1.344	+0.710	+0.715	+0.674	+0.722	+0.722	+0.647	+0.723	+0.722	+2.941	+0.723	+1.206	+0.723	+0.739	+0.755	+0.740	+0.740	+1.213	+0.739	+0.740	+0.745	+2.954	+3.100	+2.715	+3.107	+3.104	+1.372	+0.699	+0.840	+1.742	+0.841	+1.328	+1.098	+4.751	+1.076	+1.074	+1.120	+1.140	+1.019	+1.139	+1.139	+0.345	+4.318	+1.137	+1.136	+1.136	+1.098	+1.135	+0.981	+4.785	+2.901	+1.125	+1.178	+1.125	+0.346	+1.090	+1.109	+1.121	+1.121	+1.087	+4.809	+0.990	+1.119	+2.177	+4.341	+1.094	+3.039	+0.968	+1.089	+4.820	+1.086	+2.110	+1.084	+1.165	+1.080	+1.076	+1.075	+4.192	+1.075	+2.109	+4.791	+2.083	+0.951	+1.068	+1.066	+4.741	+4.118	+4.882	+0.997	+1.086	+1.073	+5.021	+1.060	+1.089	+2.782	+1.073	+1.089	+1.080	+1.072	+4.960	+1.097	+1.003	+1.087	+1.116	+1.048	+0.979	+1.119	+1.133	+1.111	+1.127	+1.128	
rs10448252     -0.315	+1.419	+0.043	-0.261	+0.033	+0.033	-0.259	+0.047	-0.254	+0.085	+0.138	+0.187	+0.181	+0.177	+0.015	+3.074	+3.116	+1.296	+0.603	+1.260	+1.266	+1.211	+0.199	+1.260	+0.123	+2.314	+0.188	+1.293	+1.451	+0.145	+1.421	+1.307	+0.239	+3.050	+1.292	+1.290	+1.567	+1.417	+0.197	+0.155	+1.587	+0.156	+3.054	+0.199	+1.278	+1.307	+1.311	+1.327	+1.470	+0.213	+1.474	+1.478	+1.456	+1.485	+1.485	+1.407	+1.486	+1.486	+3.235	+1.486	+0.146	+1.487	+1.503	+1.516	+1.505	+1.505	+0.147	+1.505	+1.505	+1.511	+3.261	+3.408	+0.449	+3.415	+3.412	+0.229	+1.473	+1.587	+1.821	+1.589	+0.186	+0.077	+4.976	+0.070	+0.069	+0.082	+1.013	+0.351	+1.012	+1.012	-0.154	+4.587	+1.009	+1.009	+1.009	+0.075	+1.008	+0.325	+5.010	+3.027	+0.083	+0.107	+0.995	-0.154	+0.955	+0.975	+0.082	+0.083	+0.072	+5.036	+0.329	+0.082	+0.993	+4.610	+0.957	+3.260	+0.315	+0.949	+5.046	+0.946	+0.936	+0.944	+0.102	+0.939	+0.934	+0.933	+4.459	+0.932	+0.935	+5.017	+0.914	+0.302	+0.924	+0.921	+4.965	+4.384	+5.110	+0.341	+0.071	+0.929	+5.250	+0.911	+0.072	+2.818	+0.929	+0.072	+0.070	+0.928	+5.189	+0.076	+0.346	+0.945	+0.083	+0.903	+0.326	+0.083	+0.090	+0.970	+0.987	+0.093	
rs766101       +3.172	+2.978	+2.984	+2.900	+2.961	+2.961	+2.740	+2.993	+2.883	+2.987	+2.863	+2.895	+3.037	+3.030	+2.880	+3.286	+3.318	+2.746	+3.306	+2.768	+2.769	+2.757	+2.712	+2.740	+2.779	+2.966	+3.042	+2.745	+2.938	+2.981	+2.871	+2.747	+3.050	+3.282	+2.745	+2.745	+2.990	+2.869	+3.051	+3.008	+2.999	+3.010	+3.286	+3.053	+2.743	+2.747	+2.748	+2.751	+2.781	+3.066	+2.782	+2.783	+2.780	+2.784	+2.784	+2.767	+2.785	+2.785	+3.347	+2.785	+3.000	+2.785	+2.789	+2.792	+2.789	+2.789	+3.003	+2.789	+2.790	+2.791	+3.447	+3.661	+2.766	+3.675	+3.661	+3.079	+2.783	+2.812	+3.116	+2.812	+3.055	+3.022	+4.997	+3.015	+3.014	+3.034	+3.290	+2.886	+3.290	+3.289	+2.912	+4.720	+3.288	+3.288	+3.288	+3.025	+3.287	+2.879	+5.015	+4.055	+3.036	+3.068	+3.280	+2.911	+3.261	+3.268	+3.034	+3.035	+3.020	+5.041	+2.881	+3.034	+3.455	+4.728	+3.257	+3.676	+2.876	+3.253	+5.058	+3.251	+3.414	+3.249	+3.061	+3.246	+3.243	+3.243	+4.615	+3.242	+3.413	+5.021	+3.398	+2.873	+3.238	+3.236	+4.959	+4.555	+5.130	+2.886	+3.021	+3.241	+5.305	+3.229	+3.022	+3.340	+3.241	+3.022	+3.019	+3.241	+5.225	+3.032	+2.888	+3.247	+3.041	+3.232	+2.882	+3.045	+3.052	+3.265	+3.285	+3.059	
