## Summary of overall evidence for association with region:
## log10(BF for region) = 0.988256
## p-value for region = NA

## BFs for choosing among multi-SNP models:
## log10(average 1-SNP BF) = 1.03137
## log10(average 2-SNP BF) = 0.886581

## Example posterior probabilities for multi-SNP models, based on default prior: [p(l) propto 0.5^l for l=1,2,...,L]
## posterior probability of 1-SNP = 0.736243
## posterior probability of 2-SNP = 0.263757

## log10(BF) for single SNP and pair of SNPs:
rs12929202     -0.213	-0.752	-0.748	-0.728	-0.750	-0.615	-0.622	-0.615	-0.612	-0.612	-0.593	-0.689	-0.687	-0.687	-0.688	-0.598	-0.604	-0.690	-0.604	-0.607	-0.607	-0.607	-0.457	-0.611	-0.693	-0.690	-0.604	-0.617	-0.690	-0.695	-0.584	-0.690	-0.582	-0.582	-0.447	-0.647	-0.623	-0.446	-0.691	-0.689	-0.569	-0.569	-0.506	-0.447	-0.625	-0.626	-0.446	-0.444	-0.688	-0.445	-0.448	-0.688	-0.629	-0.574	-0.574	-0.430	-0.687	-0.443	-0.572	-0.688	-0.442	-0.568	-0.582	-0.688	-0.441	-0.632	-0.428	-0.497	-0.570	-0.583	+0.407	+0.400	-0.605	+2.096	-0.566	+2.287	+0.424	+2.346	+0.426	+0.429	-0.489	+2.340	-0.609	+0.392	+0.413	-0.042	+0.412	+0.454	-0.004	+0.279	-0.569	+0.091	-0.562	-0.575	+0.081	+0.226	+0.123	+0.059	-0.605	+0.028	-0.609	-0.608	-0.609	+0.454	-0.637	-0.503	-0.483	-0.489	-0.476	-0.482	-0.611	-0.377	-0.574	-0.235	-0.301	-0.654	-0.712	-0.656	-0.656	-0.658	-0.658	-0.658	-0.658	-0.658	-0.708	-0.659	-0.659	-0.659	-0.659	-0.712	-0.659	-0.714	-0.659	-0.659	-0.659	-0.655	-0.295	-0.570	-0.656	-0.739	-0.740	-0.660	-0.291	-0.738	-0.660	-0.659	-0.658	-0.659	-0.657	-0.656	-0.656	-0.658	-0.737	-0.657	-0.657	-0.657	-0.657	-0.656	-0.750	-0.757	-0.758	-0.756	-0.756	-0.757	-0.757	-0.602	-0.758	-0.757	-0.757	-0.756	-0.755	-0.349	-0.750	-0.750	-0.430	-0.409	-0.005	-0.729	+0.089	+0.105	+0.032	+0.103	+0.103	+0.111	+0.021	+0.060	+0.049	+0.140	
rs8052420      -0.752	-0.653	-0.780	-0.883	-0.803	-0.523	-0.553	-0.523	-0.515	-0.515	-0.444	-0.754	-0.825	-0.748	-0.752	-0.467	-0.491	-0.753	-0.492	-0.504	-0.504	-0.506	-0.843	-0.522	-0.769	-0.757	-0.499	-0.549	-0.757	-0.773	-0.574	-0.759	-0.568	-0.568	-0.817	-0.671	-0.572	-0.816	-0.761	-0.755	-0.541	-0.541	-0.774	-0.817	-0.580	-0.583	-0.815	-0.811	-0.755	-0.813	-0.818	-0.753	-0.598	-0.551	-0.551	-0.784	-0.750	-0.809	-0.545	-0.754	-0.808	-0.538	-0.571	-0.756	-0.806	-0.610	-0.785	-0.901	-0.969	-0.981	+0.223	+0.210	-1.000	+1.823	-0.959	+2.014	+0.236	+2.073	+0.237	+0.240	-0.858	+2.067	-1.003	+0.198	+0.222	-0.415	+0.221	+0.266	-0.377	+0.072	-0.978	-0.140	-0.960	-0.974	-0.151	+0.005	-0.106	-0.178	-1.002	-0.213	-1.005	-1.004	-1.004	+0.137	-1.025	-0.914	-0.895	-0.884	-0.889	-0.895	-0.998	-0.774	-0.956	-0.630	-0.720	-1.046	-1.096	-1.050	-1.049	-1.052	-1.052	-1.052	-1.052	-1.052	-1.091	-1.052	-1.053	-1.053	-1.053	-1.096	-1.053	-1.098	-1.053	-1.053	-1.053	-1.048	-0.654	-0.941	-1.050	-1.101	-1.103	-1.053	-0.608	-1.100	-1.053	-1.053	-1.052	-1.053	-1.050	-1.050	-1.050	-1.052	-1.099	-1.051	-1.051	-1.051	-1.051	-1.050	-1.134	-1.136	-1.142	-1.133	-1.133	-1.134	-1.136	-0.997	-1.139	-1.138	-1.139	-1.135	-1.132	-0.783	-1.131	-1.131	-0.832	-0.812	-0.460	-1.117	-0.390	-0.297	-0.368	-0.299	-0.298	-0.290	-0.379	-0.339	-0.351	-0.260	
rs7191425      -0.748	-0.780	-0.650	-0.886	-0.795	-0.576	-0.603	-0.576	-0.569	-0.569	-0.505	-0.779	-0.844	-0.773	-0.777	-0.526	-0.547	-0.778	-0.548	-0.558	-0.559	-0.560	-0.839	-0.575	-0.793	-0.782	-0.554	-0.599	-0.782	-0.797	-0.606	-0.784	-0.601	-0.601	-0.812	-0.700	-0.619	-0.811	-0.785	-0.780	-0.575	-0.575	-0.750	-0.812	-0.627	-0.630	-0.810	-0.806	-0.780	-0.808	-0.813	-0.778	-0.643	-0.585	-0.585	-0.778	-0.775	-0.804	-0.579	-0.779	-0.803	-0.572	-0.604	-0.781	-0.801	-0.654	-0.780	-0.901	-0.968	-0.979	+0.241	+0.227	-0.998	+1.825	-0.956	+2.015	+0.253	+2.075	+0.255	+0.258	-0.862	+2.068	-1.001	+0.215	+0.239	-0.418	+0.238	+0.283	-0.379	+0.088	-0.977	-0.126	-0.959	-0.972	-0.137	+0.020	-0.092	-0.164	-1.000	-0.200	-1.003	-1.002	-1.003	+0.135	-1.022	-0.916	-0.897	-0.885	-0.891	-0.897	-0.995	-0.776	-0.953	-0.633	-0.724	-1.044	-1.093	-1.048	-1.047	-1.049	-1.050	-1.050	-1.050	-1.050	-1.088	-1.050	-1.050	-1.050	-1.050	-1.094	-1.050	-1.095	-1.051	-1.051	-1.051	-1.045	-0.655	-0.940	-1.048	-1.097	-1.098	-1.051	-0.600	-1.095	-1.051	-1.051	-1.050	-1.051	-1.048	-1.048	-1.048	-1.049	-1.094	-1.049	-1.049	-1.049	-1.048	-1.048	-1.131	-1.133	-1.139	-1.130	-1.129	-1.131	-1.133	-0.995	-1.136	-1.135	-1.136	-1.131	-1.129	-0.789	-1.127	-1.127	-0.831	-0.811	-0.469	-1.115	-0.391	-0.297	-0.368	-0.299	-0.298	-0.290	-0.379	-0.339	-0.351	-0.260	
rs1423982      -0.728	-0.883	-0.886	-0.644	-0.887	-0.383	-0.436	-0.386	-0.378	-0.378	-0.267	-0.836	-0.881	-0.831	-0.834	-0.317	-0.358	-0.835	-0.359	-0.378	-0.378	-0.381	-0.832	-0.408	-0.847	-0.838	-0.377	-0.449	-0.838	-0.850	-0.570	-0.839	-0.565	-0.565	-0.806	-0.764	-0.484	-0.805	-0.841	-0.836	-0.537	-0.537	-0.763	-0.806	-0.498	-0.502	-0.803	-0.799	-0.836	-0.801	-0.806	-0.834	-0.525	-0.547	-0.547	-0.771	-0.832	-0.797	-0.541	-0.835	-0.796	-0.534	-0.568	-0.837	-0.794	-0.543	-0.773	-0.892	-0.959	-0.971	+0.248	+0.233	-0.990	+1.830	-0.951	+2.021	+0.259	+2.080	+0.261	+0.264	-0.864	+2.073	-0.993	+0.221	+0.245	-0.417	+0.244	+0.289	-0.379	+0.094	-0.970	-0.118	-0.953	-0.965	-0.130	+0.027	-0.084	-0.157	-0.992	-0.192	-0.995	-0.995	-0.995	+0.140	-1.014	-0.912	-0.894	-0.882	-0.887	-0.893	-0.985	-0.774	-0.943	-0.632	-0.721	-1.038	-1.086	-1.041	-1.040	-1.043	-1.043	-1.043	-1.043	-1.043	-1.081	-1.044	-1.044	-1.044	-1.044	-1.087	-1.044	-1.088	-1.044	-1.044	-1.044	-1.039	-0.650	-0.933	-1.042	-1.085	-1.087	-1.045	-0.594	-1.084	-1.045	-1.045	-1.044	-1.045	-1.042	-1.042	-1.042	-1.043	-1.083	-1.043	-1.043	-1.043	-1.042	-1.042	-1.123	-1.124	-1.130	-1.120	-1.119	-1.121	-1.124	-0.990	-1.126	-1.125	-1.126	-1.121	-1.118	-0.780	-1.117	-1.117	-0.826	-0.806	-0.458	-1.105	-0.385	-0.292	-0.363	-0.294	-0.293	-0.285	-0.374	-0.334	-0.346	-0.255	
rs7189911      -0.750	-0.803	-0.795	-0.887	-0.652	-0.550	-0.578	-0.550	-0.542	-0.542	-0.475	-0.763	-0.833	-0.757	-0.761	-0.497	-0.520	-0.762	-0.521	-0.532	-0.532	-0.534	-0.841	-0.549	-0.778	-0.767	-0.527	-0.574	-0.767	-0.782	-0.589	-0.769	-0.584	-0.584	-0.815	-0.682	-0.596	-0.814	-0.770	-0.764	-0.557	-0.556	-0.762	-0.815	-0.604	-0.607	-0.812	-0.809	-0.764	-0.811	-0.816	-0.762	-0.621	-0.567	-0.567	-0.781	-0.759	-0.807	-0.561	-0.763	-0.806	-0.554	-0.587	-0.766	-0.804	-0.632	-0.783	-0.901	-0.968	-0.980	+0.231	+0.217	-0.999	+1.824	-0.957	+2.015	+0.243	+2.074	+0.245	+0.248	-0.860	+2.067	-1.002	+0.206	+0.230	-0.417	+0.228	+0.273	-0.378	+0.079	-0.978	-0.134	-0.960	-0.973	-0.145	+0.011	-0.100	-0.172	-1.001	-0.207	-1.004	-1.003	-1.004	+0.136	-1.024	-0.915	-0.896	-0.884	-0.890	-0.896	-0.996	-0.775	-0.955	-0.631	-0.722	-1.045	-1.094	-1.049	-1.048	-1.051	-1.051	-1.051	-1.051	-1.051	-1.089	-1.051	-1.052	-1.052	-1.052	-1.095	-1.052	-1.097	-1.052	-1.052	-1.052	-1.047	-0.654	-0.940	-1.049	-1.099	-1.100	-1.052	-0.605	-1.098	-1.052	-1.052	-1.051	-1.052	-1.049	-1.049	-1.049	-1.051	-1.097	-1.050	-1.050	-1.050	-1.050	-1.049	-1.133	-1.135	-1.140	-1.132	-1.131	-1.133	-1.135	-0.996	-1.138	-1.137	-1.138	-1.133	-1.131	-0.786	-1.129	-1.129	-0.832	-0.811	-0.464	-1.116	-0.390	-0.297	-0.368	-0.299	-0.298	-0.290	-0.379	-0.339	-0.351	-0.260	
rs12935798     -0.615	-0.523	-0.576	-0.383	-0.550	-0.548	-0.681	-0.678	-0.677	-0.677	-0.660	-0.867	-0.894	-0.866	-0.867	-0.670	-0.676	-0.867	-0.677	-0.680	-0.680	-0.681	-0.718	-0.684	-0.871	-0.868	-0.681	-0.688	-0.868	-0.872	-0.741	-0.869	-0.738	-0.738	-0.688	-0.836	-0.690	-0.686	-0.869	-0.868	-0.722	-0.722	-0.433	-0.688	-0.691	-0.691	-0.684	-0.681	-0.868	-0.683	-0.688	-0.867	-0.692	-0.728	-0.728	-0.649	-0.866	-0.678	-0.725	-0.867	-0.677	-0.721	-0.740	-0.868	-0.675	-0.693	-0.652	-0.827	-0.878	-0.889	+0.502	+0.482	-0.903	+1.907	-0.855	+2.094	+0.509	+2.152	+0.511	+0.514	-0.823	+2.145	-0.904	+0.467	+0.494	-0.360	+0.492	+0.539	-0.323	+0.330	-0.891	+0.097	-0.876	-0.880	+0.084	+0.253	+0.133	+0.054	-0.907	+0.016	-0.908	-0.908	-0.908	+0.191	-0.917	-0.856	-0.840	-0.817	-0.833	-0.839	-0.882	-0.719	-0.833	-0.582	-0.683	-0.944	-0.991	-0.949	-0.948	-0.951	-0.951	-0.951	-0.951	-0.951	-0.985	-0.952	-0.952	-0.952	-0.952	-0.992	-0.953	-0.993	-0.953	-0.953	-0.952	-0.946	-0.595	-0.849	-0.951	-0.964	-0.966	-0.953	-0.451	-0.962	-0.953	-0.953	-0.953	-0.953	-0.951	-0.951	-0.951	-0.952	-0.961	-0.952	-0.951	-0.951	-0.952	-0.951	-1.026	-1.018	-1.028	-1.013	-1.011	-1.014	-1.018	-0.905	-1.021	-1.021	-1.022	-1.015	-1.011	-0.775	-1.012	-1.012	-0.748	-0.728	-0.478	-1.006	-0.329	-0.229	-0.299	-0.231	-0.231	-0.223	-0.309	-0.271	-0.283	-0.194	
rs4785039      -0.622	-0.553	-0.603	-0.436	-0.578	-0.681	-0.554	-0.680	-0.677	-0.677	-0.653	-0.870	-0.897	-0.868	-0.870	-0.665	-0.673	-0.869	-0.674	-0.678	-0.678	-0.679	-0.724	-0.684	-0.874	-0.871	-0.679	-0.690	-0.871	-0.876	-0.739	-0.872	-0.736	-0.736	-0.694	-0.837	-0.695	-0.693	-0.872	-0.870	-0.720	-0.719	-0.448	-0.694	-0.696	-0.697	-0.691	-0.687	-0.870	-0.689	-0.695	-0.870	-0.699	-0.726	-0.726	-0.656	-0.869	-0.685	-0.722	-0.870	-0.683	-0.718	-0.737	-0.871	-0.681	-0.700	-0.659	-0.831	-0.883	-0.894	+0.491	+0.471	-0.909	+1.902	-0.861	+2.089	+0.498	+2.147	+0.499	+0.502	-0.826	+2.140	-0.909	+0.456	+0.482	-0.365	+0.481	+0.528	-0.327	+0.319	-0.896	+0.087	-0.881	-0.886	+0.074	+0.242	+0.123	+0.044	-0.912	+0.006	-0.914	-0.913	-0.914	+0.187	-0.922	-0.860	-0.844	-0.821	-0.837	-0.843	-0.888	-0.723	-0.839	-0.586	-0.686	-0.950	-0.996	-0.954	-0.953	-0.956	-0.957	-0.957	-0.957	-0.957	-0.991	-0.957	-0.958	-0.958	-0.958	-0.997	-0.958	-0.999	-0.958	-0.958	-0.958	-0.951	-0.599	-0.854	-0.957	-0.971	-0.973	-0.959	-0.458	-0.969	-0.959	-0.959	-0.958	-0.959	-0.956	-0.956	-0.956	-0.958	-0.968	-0.957	-0.957	-0.957	-0.957	-0.957	-1.032	-1.024	-1.034	-1.019	-1.017	-1.020	-1.024	-0.910	-1.027	-1.027	-1.028	-1.021	-1.017	-0.777	-1.018	-1.018	-0.753	-0.733	-0.480	-1.012	-0.333	-0.234	-0.304	-0.236	-0.235	-0.227	-0.314	-0.276	-0.287	-0.198	
rs4785040      -0.615	-0.523	-0.576	-0.386	-0.550	-0.678	-0.680	-0.548	-0.676	-0.676	-0.660	-0.867	-0.893	-0.865	-0.867	-0.670	-0.676	-0.866	-0.676	-0.679	-0.679	-0.679	-0.717	-0.683	-0.871	-0.868	-0.680	-0.687	-0.868	-0.872	-0.741	-0.868	-0.738	-0.738	-0.687	-0.836	-0.689	-0.686	-0.869	-0.867	-0.723	-0.723	-0.431	-0.687	-0.690	-0.690	-0.684	-0.680	-0.867	-0.682	-0.688	-0.867	-0.691	-0.729	-0.728	-0.649	-0.866	-0.678	-0.725	-0.867	-0.676	-0.721	-0.740	-0.868	-0.674	-0.691	-0.651	-0.826	-0.877	-0.888	+0.503	+0.483	-0.903	+1.907	-0.855	+2.094	+0.510	+2.153	+0.512	+0.515	-0.822	+2.146	-0.903	+0.469	+0.495	-0.360	+0.493	+0.540	-0.323	+0.331	-0.891	+0.098	-0.875	-0.880	+0.085	+0.254	+0.134	+0.055	-0.906	+0.017	-0.908	-0.907	-0.908	+0.191	-0.916	-0.856	-0.839	-0.816	-0.833	-0.838	-0.882	-0.719	-0.832	-0.582	-0.682	-0.944	-0.990	-0.948	-0.947	-0.950	-0.951	-0.951	-0.951	-0.951	-0.985	-0.951	-0.952	-0.952	-0.952	-0.991	-0.952	-0.993	-0.952	-0.952	-0.952	-0.945	-0.595	-0.848	-0.951	-0.963	-0.965	-0.953	-0.450	-0.961	-0.953	-0.953	-0.952	-0.953	-0.950	-0.950	-0.950	-0.952	-0.960	-0.951	-0.951	-0.951	-0.951	-0.951	-1.026	-1.018	-1.027	-1.012	-1.011	-1.013	-1.017	-0.904	-1.021	-1.020	-1.021	-1.014	-1.010	-0.775	-1.012	-1.012	-0.747	-0.727	-0.478	-1.006	-0.328	-0.229	-0.299	-0.231	-0.230	-0.222	-0.309	-0.271	-0.282	-0.194	
rs989293       -0.612	-0.515	-0.569	-0.378	-0.542	-0.677	-0.677	-0.676	-0.545	-0.675	-0.661	-0.866	-0.892	-0.864	-0.865	-0.669	-0.674	-0.865	-0.674	-0.677	-0.677	-0.677	-0.714	-0.680	-0.869	-0.866	-0.679	-0.683	-0.866	-0.870	-0.742	-0.867	-0.739	-0.739	-0.684	-0.835	-0.684	-0.683	-0.867	-0.866	-0.723	-0.723	-0.424	-0.684	-0.684	-0.684	-0.681	-0.677	-0.866	-0.679	-0.685	-0.865	-0.684	-0.729	-0.729	-0.646	-0.864	-0.675	-0.726	-0.865	-0.673	-0.722	-0.740	-0.866	-0.671	-0.685	-0.648	-0.824	-0.875	-0.886	+0.509	+0.488	-0.900	+1.910	-0.852	+2.097	+0.515	+2.155	+0.517	+0.520	-0.820	+2.148	-0.901	+0.474	+0.500	-0.358	+0.498	+0.546	-0.321	+0.336	-0.888	+0.103	-0.873	-0.877	+0.090	+0.259	+0.139	+0.060	-0.904	+0.021	-0.905	-0.905	-0.905	+0.193	-0.913	-0.854	-0.837	-0.814	-0.831	-0.836	-0.879	-0.717	-0.830	-0.580	-0.681	-0.941	-0.988	-0.946	-0.944	-0.948	-0.948	-0.948	-0.948	-0.948	-0.982	-0.949	-0.949	-0.949	-0.949	-0.988	-0.949	-0.990	-0.949	-0.949	-0.949	-0.943	-0.593	-0.846	-0.948	-0.960	-0.962	-0.950	-0.447	-0.958	-0.950	-0.950	-0.950	-0.950	-0.948	-0.948	-0.948	-0.949	-0.957	-0.949	-0.948	-0.948	-0.949	-0.948	-1.023	-1.015	-1.025	-1.009	-1.008	-1.010	-1.015	-0.902	-1.018	-1.017	-1.019	-1.011	-1.007	-0.773	-1.009	-1.009	-0.745	-0.725	-0.477	-1.003	-0.326	-0.227	-0.297	-0.229	-0.228	-0.220	-0.307	-0.269	-0.280	-0.192	
rs989292       -0.612	-0.515	-0.569	-0.378	-0.542	-0.677	-0.677	-0.676	-0.675	-0.545	-0.661	-0.866	-0.892	-0.864	-0.865	-0.669	-0.674	-0.865	-0.674	-0.676	-0.677	-0.677	-0.714	-0.680	-0.869	-0.866	-0.678	-0.683	-0.866	-0.870	-0.742	-0.867	-0.739	-0.739	-0.684	-0.835	-0.684	-0.683	-0.867	-0.866	-0.723	-0.723	-0.424	-0.684	-0.684	-0.684	-0.681	-0.677	-0.866	-0.679	-0.685	-0.865	-0.684	-0.729	-0.729	-0.645	-0.864	-0.675	-0.726	-0.865	-0.673	-0.722	-0.740	-0.866	-0.671	-0.685	-0.648	-0.824	-0.875	-0.886	+0.509	+0.488	-0.900	+1.910	-0.852	+2.097	+0.515	+2.155	+0.517	+0.520	-0.820	+2.148	-0.900	+0.474	+0.500	-0.358	+0.498	+0.546	-0.321	+0.336	-0.888	+0.103	-0.873	-0.877	+0.090	+0.259	+0.139	+0.060	-0.904	+0.021	-0.905	-0.905	-0.905	+0.193	-0.913	-0.854	-0.837	-0.814	-0.831	-0.836	-0.879	-0.717	-0.829	-0.580	-0.681	-0.941	-0.987	-0.946	-0.944	-0.948	-0.948	-0.948	-0.948	-0.948	-0.982	-0.949	-0.949	-0.949	-0.949	-0.988	-0.949	-0.990	-0.949	-0.949	-0.949	-0.943	-0.593	-0.846	-0.948	-0.960	-0.962	-0.950	-0.446	-0.958	-0.950	-0.950	-0.950	-0.950	-0.948	-0.948	-0.948	-0.949	-0.957	-0.949	-0.948	-0.948	-0.949	-0.948	-1.023	-1.015	-1.025	-1.009	-1.008	-1.010	-1.014	-0.902	-1.018	-1.017	-1.019	-1.011	-1.007	-0.773	-1.009	-1.009	-0.745	-0.725	-0.477	-1.003	-0.326	-0.227	-0.297	-0.229	-0.228	-0.220	-0.307	-0.269	-0.280	-0.192	
rs987686       -0.593	-0.444	-0.505	-0.267	-0.475	-0.660	-0.653	-0.660	-0.661	-0.661	-0.529	-0.856	-0.882	-0.855	-0.856	-0.669	-0.668	-0.855	-0.668	-0.668	-0.668	-0.668	-0.696	-0.667	-0.859	-0.857	-0.672	-0.664	-0.857	-0.860	-0.746	-0.857	-0.744	-0.744	-0.665	-0.831	-0.659	-0.664	-0.858	-0.857	-0.729	-0.729	-0.379	-0.665	-0.657	-0.657	-0.662	-0.658	-0.856	-0.660	-0.666	-0.856	-0.654	-0.735	-0.735	-0.626	-0.855	-0.656	-0.732	-0.856	-0.654	-0.728	-0.745	-0.857	-0.652	-0.652	-0.629	-0.810	-0.860	-0.871	+0.542	+0.521	-0.884	+1.925	-0.836	+2.111	+0.548	+2.170	+0.550	+0.553	-0.809	+2.163	-0.885	+0.506	+0.533	-0.345	+0.531	+0.578	-0.308	+0.367	-0.873	+0.132	-0.858	-0.862	+0.119	+0.289	+0.168	+0.088	-0.888	+0.050	-0.890	-0.889	-0.889	+0.205	-0.897	-0.841	-0.825	-0.801	-0.819	-0.824	-0.862	-0.704	-0.812	-0.568	-0.670	-0.925	-0.971	-0.930	-0.928	-0.932	-0.932	-0.932	-0.932	-0.932	-0.966	-0.933	-0.933	-0.933	-0.933	-0.972	-0.933	-0.974	-0.933	-0.933	-0.933	-0.927	-0.580	-0.831	-0.932	-0.940	-0.942	-0.934	-0.425	-0.938	-0.934	-0.934	-0.934	-0.934	-0.932	-0.932	-0.932	-0.933	-0.937	-0.933	-0.932	-0.932	-0.933	-0.932	-1.006	-0.997	-1.007	-0.991	-0.989	-0.992	-0.997	-0.887	-1.000	-0.999	-1.001	-0.993	-0.989	-0.765	-0.991	-0.991	-0.730	-0.710	-0.472	-0.986	-0.314	-0.214	-0.284	-0.216	-0.215	-0.207	-0.293	-0.255	-0.267	-0.179	
rs1384210      -0.689	-0.754	-0.779	-0.836	-0.763	-0.867	-0.870	-0.867	-0.866	-0.866	-0.856	-0.550	-0.805	-0.680	-0.682	-0.859	-0.862	-0.703	-0.862	-0.863	-0.863	-0.863	-0.772	-0.865	-0.691	-0.687	-0.862	-0.868	-0.690	-0.695	-0.627	-0.692	-0.622	-0.622	-0.752	-0.690	-0.870	-0.751	-0.693	-0.692	-0.597	-0.597	-0.096	-0.752	-0.871	-0.871	-0.750	-0.747	-0.693	-0.749	-0.753	-0.694	-0.873	-0.608	-0.608	-0.725	-0.693	-0.745	-0.602	-0.696	-0.744	-0.596	-0.628	-0.697	-0.743	-0.873	-0.725	-0.828	-0.880	-0.891	+0.274	+0.265	-0.906	+1.828	-0.858	+2.017	+0.291	+2.077	+0.293	+0.296	-0.825	+2.070	-0.906	+0.256	+0.279	-0.364	+0.278	+0.319	-0.327	+0.136	-0.892	-0.066	-0.878	-0.882	-0.077	+0.078	-0.032	-0.102	-0.909	-0.135	-0.911	-0.910	-0.910	+0.157	-0.922	-0.853	-0.836	-0.815	-0.829	-0.835	-0.889	-0.716	-0.841	-0.580	-0.677	-0.946	-0.999	-0.951	-0.949	-0.953	-0.953	-0.953	-0.953	-0.953	-0.994	-0.954	-0.954	-0.954	-0.954	-1.000	-0.954	-1.001	-0.954	-0.954	-0.954	-0.948	-0.612	-0.863	-0.953	-0.992	-0.994	-0.955	-0.518	-0.991	-0.955	-0.955	-0.955	-0.955	-0.953	-0.953	-0.953	-0.954	-0.989	-0.954	-0.953	-0.953	-0.953	-0.953	-1.034	-1.036	-1.044	-1.032	-1.031	-1.034	-1.036	-0.907	-1.040	-1.040	-1.041	-1.035	-1.032	-0.775	-1.032	-1.032	-0.749	-0.729	-0.477	-1.021	-0.309	-0.233	-0.303	-0.235	-0.234	-0.226	-0.313	-0.275	-0.286	-0.198	
rs17201441     -0.687	-0.825	-0.844	-0.881	-0.833	-0.894	-0.897	-0.893	-0.892	-0.892	-0.882	-0.805	-0.550	-0.804	-0.805	-0.885	-0.888	-0.810	-0.888	-0.889	-0.889	-0.889	-0.771	-0.891	-0.809	-0.807	-0.888	-0.894	-0.807	-0.811	-0.727	-0.808	-0.724	-0.724	-0.751	-0.775	-0.897	-0.750	-0.808	-0.807	-0.707	-0.706	-0.350	-0.751	-0.898	-0.898	-0.749	-0.746	-0.807	-0.747	-0.752	-0.806	-0.900	-0.714	-0.714	-0.723	-0.806	-0.744	-0.710	-0.807	-0.743	-0.706	-0.726	-0.807	-0.741	-0.900	-0.724	-0.810	-0.873	-0.885	+0.297	+0.288	-0.904	+1.841	-0.827	+2.029	+0.314	+2.088	+0.316	+0.318	-0.830	+2.082	-0.907	+0.279	+0.301	-0.388	+0.300	+0.343	-0.352	+0.156	-0.882	-0.049	-0.864	-0.875	-0.060	+0.097	-0.015	-0.086	-0.905	-0.120	-0.908	-0.908	-0.908	+0.174	-0.932	-0.847	-0.830	-0.826	-0.823	-0.829	-0.903	-0.728	-0.865	-0.593	-0.669	-0.950	-1.002	-0.952	-0.951	-0.953	-0.953	-0.953	-0.953	-0.953	-0.998	-0.953	-0.953	-0.953	-0.953	-1.003	-0.953	-1.004	-0.953	-0.953	-0.954	-0.951	-0.603	-0.853	-0.950	-1.002	-1.004	-0.954	-0.508	-1.001	-0.954	-0.954	-0.952	-0.954	-0.951	-0.951	-0.951	-0.952	-1.000	-0.952	-0.952	-0.952	-0.951	-0.950	-1.038	-1.041	-1.048	-1.038	-1.037	-1.039	-1.041	-0.894	-1.045	-1.044	-1.045	-1.040	-1.037	-0.770	-1.036	-1.036	-0.736	-0.716	-0.471	-1.024	-0.306	-0.228	-0.298	-0.230	-0.229	-0.221	-0.308	-0.270	-0.282	-0.194	
rs4785041      -0.687	-0.748	-0.773	-0.831	-0.757	-0.866	-0.868	-0.865	-0.864	-0.864	-0.855	-0.680	-0.804	-0.548	-0.679	-0.858	-0.860	-0.700	-0.860	-0.862	-0.862	-0.862	-0.770	-0.864	-0.687	-0.684	-0.860	-0.866	-0.686	-0.691	-0.630	-0.688	-0.625	-0.625	-0.750	-0.691	-0.869	-0.749	-0.689	-0.688	-0.601	-0.601	-0.083	-0.750	-0.869	-0.869	-0.747	-0.745	-0.690	-0.746	-0.751	-0.691	-0.871	-0.612	-0.612	-0.723	-0.691	-0.743	-0.607	-0.693	-0.742	-0.600	-0.632	-0.694	-0.740	-0.871	-0.723	-0.825	-0.878	-0.889	+0.278	+0.269	-0.903	+1.829	-0.855	+2.018	+0.295	+2.077	+0.296	+0.299	-0.823	+2.070	-0.904	+0.260	+0.283	-0.362	+0.281	+0.323	-0.325	+0.140	-0.890	-0.062	-0.875	-0.880	-0.073	+0.082	-0.029	-0.098	-0.906	-0.132	-0.908	-0.908	-0.908	+0.158	-0.920	-0.851	-0.834	-0.813	-0.827	-0.833	-0.886	-0.714	-0.838	-0.578	-0.675	-0.944	-0.996	-0.948	-0.947	-0.950	-0.950	-0.950	-0.950	-0.950	-0.992	-0.951	-0.951	-0.951	-0.952	-0.997	-0.952	-0.999	-0.952	-0.952	-0.951	-0.945	-0.610	-0.860	-0.950	-0.989	-0.991	-0.952	-0.515	-0.988	-0.952	-0.952	-0.952	-0.952	-0.950	-0.950	-0.950	-0.951	-0.986	-0.951	-0.951	-0.951	-0.951	-0.950	-1.032	-1.033	-1.041	-1.030	-1.029	-1.031	-1.034	-0.904	-1.037	-1.037	-1.038	-1.032	-1.029	-0.774	-1.029	-1.029	-0.746	-0.726	-0.476	-1.019	-0.306	-0.231	-0.301	-0.232	-0.232	-0.224	-0.310	-0.272	-0.284	-0.196	
rs2048319      -0.688	-0.752	-0.777	-0.834	-0.761	-0.867	-0.870	-0.867	-0.865	-0.865	-0.856	-0.682	-0.805	-0.679	-0.549	-0.858	-0.861	-0.701	-0.861	-0.862	-0.863	-0.863	-0.771	-0.865	-0.688	-0.685	-0.861	-0.867	-0.687	-0.692	-0.627	-0.689	-0.623	-0.623	-0.751	-0.690	-0.870	-0.750	-0.690	-0.689	-0.598	-0.598	-0.090	-0.751	-0.870	-0.871	-0.749	-0.746	-0.691	-0.748	-0.752	-0.691	-0.872	-0.609	-0.609	-0.724	-0.691	-0.744	-0.604	-0.694	-0.743	-0.597	-0.629	-0.695	-0.742	-0.873	-0.724	-0.827	-0.879	-0.890	+0.276	+0.267	-0.905	+1.828	-0.857	+2.018	+0.292	+2.077	+0.294	+0.297	-0.824	+2.070	-0.905	+0.258	+0.280	-0.363	+0.279	+0.321	-0.326	+0.137	-0.891	-0.064	-0.877	-0.881	-0.075	+0.080	-0.031	-0.100	-0.908	-0.134	-0.910	-0.909	-0.909	+0.157	-0.921	-0.852	-0.835	-0.814	-0.828	-0.834	-0.887	-0.716	-0.840	-0.579	-0.676	-0.945	-0.998	-0.950	-0.948	-0.952	-0.952	-0.952	-0.952	-0.952	-0.993	-0.953	-0.953	-0.953	-0.953	-0.999	-0.953	-1.000	-0.953	-0.953	-0.953	-0.947	-0.612	-0.862	-0.952	-0.991	-0.993	-0.954	-0.517	-0.989	-0.954	-0.954	-0.954	-0.954	-0.952	-0.952	-0.952	-0.953	-0.988	-0.953	-0.952	-0.952	-0.952	-0.952	-1.033	-1.035	-1.043	-1.031	-1.030	-1.032	-1.035	-0.906	-1.039	-1.039	-1.040	-1.034	-1.031	-0.775	-1.031	-1.031	-0.748	-0.728	-0.477	-1.020	-0.308	-0.232	-0.302	-0.234	-0.233	-0.225	-0.312	-0.274	-0.285	-0.197	
rs2048320      -0.598	-0.467	-0.526	-0.317	-0.497	-0.670	-0.665	-0.670	-0.669	-0.669	-0.669	-0.859	-0.885	-0.858	-0.858	-0.533	-0.666	-0.858	-0.666	-0.666	-0.666	-0.666	-0.701	-0.666	-0.862	-0.859	-0.670	-0.663	-0.859	-0.863	-0.745	-0.860	-0.742	-0.742	-0.670	-0.832	-0.659	-0.669	-0.860	-0.859	-0.728	-0.728	-0.392	-0.670	-0.657	-0.657	-0.667	-0.663	-0.859	-0.666	-0.671	-0.858	-0.654	-0.733	-0.733	-0.632	-0.858	-0.661	-0.730	-0.859	-0.660	-0.726	-0.744	-0.859	-0.657	-0.653	-0.634	-0.814	-0.864	-0.875	+0.533	+0.512	-0.889	+1.920	-0.840	+2.107	+0.539	+2.166	+0.541	+0.544	-0.813	+2.158	-0.889	+0.497	+0.524	-0.349	+0.522	+0.569	-0.312	+0.359	-0.878	+0.124	-0.863	-0.866	+0.111	+0.280	+0.160	+0.080	-0.893	+0.041	-0.894	-0.894	-0.894	+0.201	-0.902	-0.845	-0.829	-0.805	-0.822	-0.828	-0.866	-0.708	-0.817	-0.572	-0.673	-0.929	-0.976	-0.934	-0.933	-0.936	-0.937	-0.937	-0.937	-0.937	-0.970	-0.937	-0.938	-0.938	-0.938	-0.977	-0.938	-0.978	-0.938	-0.938	-0.938	-0.931	-0.584	-0.835	-0.937	-0.946	-0.948	-0.939	-0.431	-0.944	-0.939	-0.939	-0.939	-0.939	-0.937	-0.936	-0.936	-0.938	-0.943	-0.938	-0.937	-0.937	-0.937	-0.937	-1.011	-1.002	-1.012	-0.996	-0.995	-0.997	-1.002	-0.891	-1.005	-1.004	-1.006	-0.998	-0.994	-0.768	-0.996	-0.996	-0.735	-0.715	-0.474	-0.991	-0.318	-0.218	-0.288	-0.220	-0.219	-0.211	-0.297	-0.260	-0.271	-0.183	
rs7205834      -0.604	-0.491	-0.547	-0.358	-0.520	-0.676	-0.673	-0.676	-0.674	-0.674	-0.668	-0.862	-0.888	-0.860	-0.861	-0.666	-0.538	-0.860	-0.667	-0.668	-0.668	-0.668	-0.706	-0.669	-0.865	-0.862	-0.671	-0.668	-0.862	-0.866	-0.744	-0.862	-0.741	-0.741	-0.676	-0.833	-0.666	-0.675	-0.863	-0.861	-0.726	-0.726	-0.404	-0.676	-0.665	-0.664	-0.673	-0.669	-0.861	-0.671	-0.677	-0.861	-0.662	-0.731	-0.731	-0.637	-0.860	-0.666	-0.728	-0.861	-0.665	-0.724	-0.742	-0.862	-0.663	-0.661	-0.640	-0.818	-0.868	-0.880	+0.523	+0.502	-0.893	+1.916	-0.845	+2.103	+0.530	+2.161	+0.531	+0.534	-0.816	+2.154	-0.894	+0.488	+0.514	-0.353	+0.512	+0.560	-0.316	+0.350	-0.882	+0.116	-0.867	-0.871	+0.102	+0.272	+0.151	+0.072	-0.897	+0.033	-0.898	-0.898	-0.898	+0.198	-0.906	-0.849	-0.832	-0.809	-0.826	-0.831	-0.871	-0.711	-0.822	-0.575	-0.676	-0.934	-0.981	-0.939	-0.938	-0.941	-0.941	-0.941	-0.941	-0.941	-0.975	-0.942	-0.942	-0.942	-0.943	-0.981	-0.943	-0.983	-0.943	-0.943	-0.942	-0.936	-0.588	-0.840	-0.941	-0.952	-0.954	-0.943	-0.437	-0.950	-0.943	-0.943	-0.943	-0.943	-0.941	-0.941	-0.941	-0.943	-0.949	-0.942	-0.942	-0.942	-0.942	-0.941	-1.016	-1.007	-1.017	-1.001	-1.000	-1.003	-1.007	-0.895	-1.010	-1.009	-1.011	-1.004	-0.999	-0.770	-1.001	-1.001	-0.739	-0.719	-0.475	-0.996	-0.321	-0.222	-0.291	-0.223	-0.223	-0.215	-0.301	-0.263	-0.275	-0.186	
rs17258338     -0.690	-0.753	-0.778	-0.835	-0.762	-0.867	-0.869	-0.866	-0.865	-0.865	-0.855	-0.703	-0.810	-0.700	-0.701	-0.858	-0.860	-0.551	-0.860	-0.862	-0.862	-0.862	-0.773	-0.864	-0.705	-0.702	-0.861	-0.867	-0.703	-0.709	-0.633	-0.705	-0.628	-0.628	-0.752	-0.696	-0.869	-0.751	-0.706	-0.704	-0.604	-0.604	-0.110	-0.752	-0.870	-0.870	-0.750	-0.747	-0.705	-0.749	-0.753	-0.705	-0.871	-0.615	-0.615	-0.725	-0.705	-0.745	-0.609	-0.707	-0.744	-0.603	-0.634	-0.708	-0.743	-0.872	-0.725	-0.828	-0.881	-0.892	+0.278	+0.269	-0.907	+1.829	-0.859	+2.018	+0.295	+2.077	+0.297	+0.299	-0.826	+2.070	-0.907	+0.260	+0.283	-0.365	+0.281	+0.323	-0.328	+0.139	-0.893	-0.063	-0.879	-0.883	-0.074	+0.082	-0.029	-0.099	-0.910	-0.133	-0.911	-0.911	-0.911	+0.157	-0.923	-0.854	-0.837	-0.816	-0.830	-0.836	-0.889	-0.717	-0.842	-0.581	-0.678	-0.947	-1.000	-0.951	-0.950	-0.954	-0.954	-0.954	-0.954	-0.954	-0.995	-0.955	-0.955	-0.955	-0.955	-1.000	-0.955	-1.002	-0.955	-0.955	-0.955	-0.949	-0.612	-0.863	-0.954	-0.992	-0.994	-0.956	-0.517	-0.991	-0.956	-0.956	-0.955	-0.956	-0.954	-0.953	-0.953	-0.955	-0.989	-0.955	-0.954	-0.954	-0.954	-0.954	-1.035	-1.037	-1.044	-1.033	-1.032	-1.034	-1.037	-0.908	-1.041	-1.040	-1.041	-1.035	-1.032	-0.776	-1.032	-1.032	-0.750	-0.730	-0.478	-1.022	-0.311	-0.235	-0.305	-0.236	-0.236	-0.228	-0.314	-0.277	-0.288	-0.200	
rs7205365      -0.604	-0.492	-0.548	-0.359	-0.521	-0.677	-0.674	-0.676	-0.674	-0.674	-0.668	-0.862	-0.888	-0.860	-0.861	-0.666	-0.667	-0.860	-0.538	-0.668	-0.669	-0.669	-0.707	-0.669	-0.865	-0.862	-0.672	-0.669	-0.862	-0.866	-0.744	-0.863	-0.741	-0.741	-0.676	-0.833	-0.666	-0.675	-0.863	-0.862	-0.726	-0.726	-0.404	-0.676	-0.665	-0.665	-0.673	-0.669	-0.861	-0.671	-0.677	-0.861	-0.662	-0.731	-0.731	-0.637	-0.860	-0.667	-0.728	-0.861	-0.665	-0.724	-0.742	-0.862	-0.663	-0.661	-0.640	-0.818	-0.869	-0.880	+0.523	+0.502	-0.894	+1.916	-0.845	+2.102	+0.529	+2.161	+0.531	+0.534	-0.816	+2.154	-0.894	+0.487	+0.514	-0.353	+0.512	+0.559	-0.316	+0.349	-0.882	+0.115	-0.867	-0.871	+0.102	+0.271	+0.151	+0.071	-0.897	+0.033	-0.899	-0.898	-0.899	+0.197	-0.906	-0.849	-0.832	-0.809	-0.826	-0.831	-0.872	-0.712	-0.822	-0.575	-0.676	-0.934	-0.981	-0.939	-0.938	-0.941	-0.941	-0.941	-0.941	-0.941	-0.975	-0.942	-0.943	-0.943	-0.943	-0.982	-0.943	-0.983	-0.943	-0.943	-0.943	-0.936	-0.588	-0.840	-0.942	-0.952	-0.954	-0.944	-0.438	-0.950	-0.944	-0.944	-0.943	-0.944	-0.941	-0.941	-0.941	-0.943	-0.949	-0.942	-0.942	-0.942	-0.942	-0.942	-1.016	-1.007	-1.017	-1.001	-1.000	-1.003	-1.007	-0.896	-1.010	-1.010	-1.011	-1.004	-1.000	-0.770	-1.001	-1.001	-0.739	-0.719	-0.475	-0.996	-0.321	-0.222	-0.292	-0.224	-0.223	-0.215	-0.301	-0.263	-0.275	-0.186	
rs2046234      -0.607	-0.504	-0.558	-0.378	-0.532	-0.680	-0.678	-0.679	-0.677	-0.676	-0.668	-0.863	-0.889	-0.862	-0.862	-0.666	-0.668	-0.862	-0.668	-0.541	-0.670	-0.670	-0.709	-0.671	-0.866	-0.864	-0.672	-0.672	-0.863	-0.867	-0.743	-0.864	-0.740	-0.740	-0.679	-0.834	-0.670	-0.678	-0.864	-0.863	-0.725	-0.725	-0.411	-0.679	-0.669	-0.669	-0.676	-0.672	-0.863	-0.674	-0.679	-0.862	-0.667	-0.730	-0.730	-0.640	-0.861	-0.669	-0.727	-0.863	-0.668	-0.723	-0.741	-0.863	-0.666	-0.666	-0.643	-0.820	-0.871	-0.882	+0.518	+0.497	-0.896	+1.913	-0.848	+2.100	+0.524	+2.159	+0.526	+0.529	-0.818	+2.151	-0.896	+0.483	+0.509	-0.355	+0.507	+0.555	-0.318	+0.345	-0.884	+0.111	-0.869	-0.873	+0.098	+0.267	+0.147	+0.067	-0.900	+0.029	-0.901	-0.901	-0.901	+0.196	-0.909	-0.850	-0.834	-0.811	-0.828	-0.833	-0.874	-0.713	-0.825	-0.577	-0.678	-0.937	-0.983	-0.941	-0.940	-0.943	-0.944	-0.944	-0.944	-0.944	-0.978	-0.944	-0.945	-0.945	-0.945	-0.984	-0.945	-0.986	-0.945	-0.945	-0.945	-0.938	-0.590	-0.842	-0.944	-0.955	-0.957	-0.946	-0.441	-0.953	-0.946	-0.946	-0.946	-0.946	-0.944	-0.943	-0.943	-0.945	-0.952	-0.945	-0.944	-0.944	-0.944	-0.944	-1.018	-1.010	-1.020	-1.004	-1.003	-1.005	-1.010	-0.898	-1.013	-1.012	-1.014	-1.006	-1.002	-0.771	-1.004	-1.004	-0.741	-0.721	-0.476	-0.998	-0.323	-0.224	-0.294	-0.226	-0.225	-0.217	-0.303	-0.265	-0.277	-0.188	
rs1423979      -0.607	-0.504	-0.559	-0.378	-0.532	-0.680	-0.678	-0.679	-0.677	-0.677	-0.668	-0.863	-0.889	-0.862	-0.863	-0.666	-0.668	-0.862	-0.669	-0.670	-0.541	-0.670	-0.709	-0.672	-0.866	-0.864	-0.672	-0.672	-0.864	-0.867	-0.743	-0.864	-0.740	-0.740	-0.679	-0.834	-0.670	-0.678	-0.864	-0.863	-0.725	-0.725	-0.411	-0.679	-0.669	-0.669	-0.676	-0.672	-0.863	-0.674	-0.680	-0.862	-0.667	-0.730	-0.730	-0.640	-0.861	-0.669	-0.727	-0.863	-0.668	-0.723	-0.741	-0.863	-0.666	-0.666	-0.643	-0.820	-0.871	-0.882	+0.518	+0.497	-0.896	+1.913	-0.848	+2.100	+0.524	+2.159	+0.526	+0.529	-0.818	+2.151	-0.896	+0.483	+0.509	-0.355	+0.507	+0.555	-0.318	+0.344	-0.884	+0.111	-0.869	-0.873	+0.098	+0.267	+0.147	+0.067	-0.900	+0.029	-0.901	-0.901	-0.901	+0.196	-0.909	-0.851	-0.834	-0.811	-0.828	-0.833	-0.874	-0.713	-0.825	-0.577	-0.678	-0.937	-0.983	-0.941	-0.940	-0.944	-0.944	-0.944	-0.944	-0.944	-0.978	-0.944	-0.945	-0.945	-0.945	-0.984	-0.945	-0.986	-0.945	-0.945	-0.945	-0.938	-0.590	-0.842	-0.944	-0.955	-0.957	-0.946	-0.441	-0.953	-0.946	-0.946	-0.946	-0.946	-0.944	-0.944	-0.944	-0.945	-0.952	-0.945	-0.944	-0.944	-0.944	-0.944	-1.018	-1.010	-1.020	-1.004	-1.003	-1.005	-1.010	-0.898	-1.013	-1.012	-1.014	-1.006	-1.002	-0.771	-1.004	-1.004	-0.741	-0.721	-0.476	-0.998	-0.323	-0.224	-0.294	-0.226	-0.225	-0.217	-0.303	-0.265	-0.277	-0.188	
rs1423980      -0.607	-0.506	-0.560	-0.381	-0.534	-0.681	-0.679	-0.679	-0.677	-0.677	-0.668	-0.863	-0.889	-0.862	-0.863	-0.666	-0.668	-0.862	-0.669	-0.670	-0.670	-0.541	-0.710	-0.672	-0.866	-0.864	-0.673	-0.672	-0.864	-0.867	-0.743	-0.864	-0.740	-0.740	-0.679	-0.834	-0.671	-0.678	-0.865	-0.863	-0.724	-0.724	-0.412	-0.679	-0.670	-0.670	-0.676	-0.672	-0.863	-0.675	-0.680	-0.862	-0.668	-0.730	-0.730	-0.641	-0.862	-0.670	-0.727	-0.863	-0.669	-0.723	-0.741	-0.863	-0.666	-0.667	-0.643	-0.821	-0.871	-0.882	+0.517	+0.496	-0.896	+1.913	-0.848	+2.100	+0.524	+2.158	+0.525	+0.528	-0.818	+2.151	-0.897	+0.482	+0.508	-0.355	+0.507	+0.554	-0.318	+0.344	-0.885	+0.110	-0.870	-0.874	+0.097	+0.266	+0.146	+0.066	-0.900	+0.028	-0.901	-0.901	-0.901	+0.195	-0.909	-0.851	-0.834	-0.811	-0.828	-0.834	-0.874	-0.714	-0.825	-0.577	-0.678	-0.937	-0.984	-0.942	-0.941	-0.944	-0.944	-0.944	-0.944	-0.944	-0.978	-0.945	-0.945	-0.945	-0.945	-0.984	-0.946	-0.986	-0.946	-0.946	-0.945	-0.939	-0.590	-0.842	-0.944	-0.955	-0.957	-0.946	-0.441	-0.953	-0.946	-0.946	-0.946	-0.946	-0.944	-0.944	-0.944	-0.945	-0.952	-0.945	-0.945	-0.944	-0.945	-0.944	-1.019	-1.010	-1.020	-1.005	-1.003	-1.006	-1.010	-0.898	-1.013	-1.013	-1.014	-1.007	-1.003	-0.772	-1.004	-1.004	-0.742	-0.721	-0.476	-0.999	-0.324	-0.224	-0.294	-0.226	-0.225	-0.217	-0.304	-0.266	-0.277	-0.189	
rs8054343      -0.457	-0.843	-0.839	-0.832	-0.841	-0.718	-0.724	-0.717	-0.714	-0.714	-0.696	-0.772	-0.771	-0.770	-0.771	-0.701	-0.706	-0.773	-0.707	-0.709	-0.709	-0.710	-0.329	-0.714	-0.777	-0.773	-0.707	-0.720	-0.773	-0.779	-0.673	-0.774	-0.670	-0.670	-0.402	-0.726	-0.725	-0.400	-0.774	-0.772	-0.657	-0.657	-0.634	-0.404	-0.727	-0.728	-0.401	-0.393	-0.772	-0.398	-0.415	-0.771	-0.732	-0.662	-0.662	-0.341	-0.769	-0.392	-0.660	-0.771	-0.390	-0.657	-0.670	-0.772	-0.388	-0.734	-0.355	-0.615	-0.679	-0.691	+0.400	+0.387	-0.709	+2.141	-0.676	+2.340	+0.412	+2.403	+0.414	+0.416	-0.564	+2.394	-0.711	+0.375	+0.399	-0.099	+0.397	+0.444	-0.059	+0.253	-0.684	+0.051	-0.671	-0.682	+0.040	+0.189	+0.084	+0.016	-0.711	-0.018	-0.713	-0.713	-0.713	+0.383	-0.731	-0.607	-0.587	-0.571	-0.580	-0.587	-0.704	-0.456	-0.661	-0.311	-0.407	-0.752	-0.808	-0.756	-0.755	-0.758	-0.758	-0.758	-0.758	-0.758	-0.804	-0.759	-0.759	-0.759	-0.759	-0.809	-0.759	-0.810	-0.759	-0.759	-0.759	-0.754	-0.392	-0.661	-0.756	-0.831	-0.832	-0.760	-0.369	-0.830	-0.760	-0.759	-0.758	-0.759	-0.757	-0.757	-0.757	-0.758	-0.829	-0.758	-0.757	-0.757	-0.757	-0.757	-0.849	-0.854	-0.857	-0.853	-0.853	-0.854	-0.855	-0.703	-0.857	-0.856	-0.856	-0.854	-0.852	-0.485	-0.848	-0.848	-0.530	-0.509	-0.153	-0.830	-0.055	-0.009	-0.080	-0.011	-0.010	-0.002	-0.092	-0.052	-0.064	+0.027	
rs1946276      -0.611	-0.522	-0.575	-0.408	-0.549	-0.684	-0.684	-0.683	-0.680	-0.680	-0.667	-0.865	-0.891	-0.864	-0.865	-0.666	-0.669	-0.864	-0.669	-0.671	-0.672	-0.672	-0.714	-0.545	-0.868	-0.866	-0.673	-0.676	-0.866	-0.869	-0.741	-0.866	-0.738	-0.738	-0.683	-0.835	-0.676	-0.682	-0.866	-0.865	-0.723	-0.723	-0.421	-0.683	-0.675	-0.675	-0.680	-0.676	-0.865	-0.679	-0.684	-0.864	-0.674	-0.729	-0.729	-0.645	-0.863	-0.674	-0.725	-0.865	-0.673	-0.721	-0.740	-0.865	-0.670	-0.674	-0.647	-0.824	-0.874	-0.886	+0.510	+0.490	-0.899	+1.910	-0.851	+2.097	+0.517	+2.155	+0.518	+0.521	-0.820	+2.148	-0.900	+0.475	+0.501	-0.358	+0.500	+0.547	-0.320	+0.337	-0.888	+0.104	-0.873	-0.877	+0.091	+0.260	+0.140	+0.060	-0.903	+0.022	-0.905	-0.904	-0.905	+0.193	-0.913	-0.853	-0.837	-0.814	-0.831	-0.836	-0.878	-0.716	-0.829	-0.580	-0.680	-0.940	-0.987	-0.945	-0.944	-0.947	-0.947	-0.947	-0.947	-0.948	-0.982	-0.948	-0.949	-0.949	-0.949	-0.988	-0.949	-0.990	-0.949	-0.949	-0.949	-0.942	-0.592	-0.846	-0.948	-0.959	-0.961	-0.950	-0.446	-0.957	-0.950	-0.950	-0.949	-0.950	-0.947	-0.947	-0.947	-0.949	-0.956	-0.948	-0.948	-0.948	-0.948	-0.948	-1.022	-1.014	-1.024	-1.008	-1.007	-1.010	-1.014	-0.901	-1.017	-1.016	-1.018	-1.011	-1.006	-0.773	-1.008	-1.008	-0.745	-0.725	-0.477	-1.002	-0.326	-0.227	-0.297	-0.229	-0.228	-0.220	-0.306	-0.268	-0.280	-0.191	
rs8044998      -0.693	-0.769	-0.793	-0.847	-0.778	-0.871	-0.874	-0.871	-0.869	-0.869	-0.859	-0.691	-0.809	-0.687	-0.688	-0.862	-0.865	-0.705	-0.865	-0.866	-0.866	-0.866	-0.777	-0.868	-0.556	-0.686	-0.865	-0.872	-0.687	-0.694	-0.614	-0.688	-0.609	-0.609	-0.757	-0.682	-0.874	-0.756	-0.689	-0.687	-0.582	-0.582	-0.114	-0.757	-0.875	-0.875	-0.754	-0.752	-0.688	-0.753	-0.758	-0.688	-0.877	-0.594	-0.594	-0.729	-0.687	-0.750	-0.588	-0.690	-0.749	-0.580	-0.615	-0.692	-0.747	-0.877	-0.730	-0.833	-0.885	-0.897	+0.267	+0.258	-0.911	+1.827	-0.864	+2.017	+0.284	+2.076	+0.285	+0.288	-0.829	+2.069	-0.912	+0.249	+0.272	-0.368	+0.270	+0.312	-0.331	+0.129	-0.897	-0.072	-0.883	-0.888	-0.083	+0.071	-0.039	-0.108	-0.914	-0.142	-0.916	-0.916	-0.916	+0.154	-0.928	-0.858	-0.841	-0.820	-0.834	-0.840	-0.894	-0.721	-0.847	-0.584	-0.681	-0.952	-1.005	-0.956	-0.955	-0.958	-0.959	-0.958	-0.959	-0.959	-1.000	-0.959	-0.960	-0.960	-0.960	-1.005	-0.960	-1.007	-0.960	-0.960	-0.960	-0.953	-0.616	-0.868	-0.958	-0.998	-1.000	-0.961	-0.524	-0.997	-0.961	-0.961	-0.960	-0.960	-0.958	-0.958	-0.958	-0.960	-0.995	-0.959	-0.959	-0.959	-0.959	-0.959	-1.040	-1.042	-1.050	-1.038	-1.037	-1.039	-1.042	-0.912	-1.046	-1.045	-1.046	-1.041	-1.038	-0.779	-1.037	-1.037	-0.754	-0.734	-0.480	-1.027	-0.314	-0.238	-0.308	-0.239	-0.239	-0.231	-0.318	-0.280	-0.291	-0.203	
rs12598422     -0.690	-0.757	-0.782	-0.838	-0.767	-0.868	-0.871	-0.868	-0.866	-0.866	-0.857	-0.687	-0.807	-0.684	-0.685	-0.859	-0.862	-0.702	-0.862	-0.864	-0.864	-0.864	-0.773	-0.866	-0.686	-0.551	-0.862	-0.868	-0.682	-0.687	-0.621	-0.684	-0.616	-0.616	-0.753	-0.685	-0.871	-0.752	-0.684	-0.683	-0.590	-0.590	-0.095	-0.753	-0.872	-0.872	-0.750	-0.748	-0.684	-0.749	-0.754	-0.684	-0.873	-0.601	-0.601	-0.726	-0.684	-0.746	-0.595	-0.687	-0.745	-0.588	-0.622	-0.688	-0.743	-0.874	-0.726	-0.829	-0.881	-0.892	+0.272	+0.263	-0.907	+1.828	-0.859	+2.017	+0.289	+2.076	+0.291	+0.294	-0.826	+2.070	-0.907	+0.255	+0.277	-0.365	+0.276	+0.317	-0.328	+0.134	-0.893	-0.067	-0.879	-0.883	-0.078	+0.077	-0.034	-0.103	-0.910	-0.137	-0.911	-0.911	-0.911	+0.156	-0.923	-0.854	-0.837	-0.816	-0.830	-0.836	-0.889	-0.717	-0.842	-0.580	-0.678	-0.947	-1.000	-0.952	-0.950	-0.954	-0.954	-0.954	-0.954	-0.954	-0.995	-0.955	-0.955	-0.955	-0.955	-1.001	-0.955	-1.002	-0.955	-0.955	-0.955	-0.949	-0.613	-0.864	-0.954	-0.993	-0.995	-0.956	-0.519	-0.991	-0.956	-0.956	-0.956	-0.956	-0.954	-0.953	-0.953	-0.955	-0.990	-0.955	-0.954	-0.954	-0.954	-0.954	-1.035	-1.037	-1.045	-1.033	-1.032	-1.034	-1.037	-0.908	-1.041	-1.040	-1.042	-1.036	-1.033	-0.776	-1.033	-1.032	-0.750	-0.730	-0.478	-1.022	-0.310	-0.234	-0.304	-0.236	-0.235	-0.227	-0.314	-0.276	-0.287	-0.199	
rs2170490      -0.604	-0.499	-0.554	-0.377	-0.527	-0.681	-0.679	-0.680	-0.679	-0.678	-0.672	-0.862	-0.888	-0.860	-0.861	-0.670	-0.671	-0.861	-0.672	-0.672	-0.672	-0.673	-0.707	-0.673	-0.865	-0.862	-0.538	-0.672	-0.862	-0.866	-0.743	-0.863	-0.740	-0.740	-0.676	-0.833	-0.669	-0.675	-0.863	-0.862	-0.725	-0.725	-0.406	-0.676	-0.667	-0.667	-0.673	-0.669	-0.861	-0.672	-0.677	-0.861	-0.664	-0.731	-0.731	-0.638	-0.860	-0.667	-0.727	-0.861	-0.665	-0.723	-0.741	-0.862	-0.663	-0.662	-0.640	-0.819	-0.869	-0.880	+0.523	+0.505	-0.894	+1.917	-0.845	+2.103	+0.532	+2.162	+0.534	+0.537	-0.816	+2.155	-0.894	+0.491	+0.517	-0.353	+0.515	+0.563	-0.316	+0.352	-0.882	+0.118	-0.867	-0.871	+0.104	+0.274	+0.153	+0.074	-0.897	+0.035	-0.899	-0.899	-0.899	+0.198	-0.907	-0.849	-0.832	-0.809	-0.826	-0.831	-0.872	-0.712	-0.822	-0.575	-0.676	-0.934	-0.981	-0.939	-0.938	-0.941	-0.941	-0.941	-0.941	-0.942	-0.975	-0.942	-0.943	-0.943	-0.943	-0.982	-0.943	-0.983	-0.943	-0.943	-0.943	-0.936	-0.588	-0.840	-0.942	-0.952	-0.954	-0.944	-0.437	-0.950	-0.944	-0.944	-0.943	-0.944	-0.941	-0.941	-0.941	-0.943	-0.949	-0.942	-0.942	-0.942	-0.942	-0.942	-1.016	-1.007	-1.017	-1.001	-1.000	-1.003	-1.007	-0.896	-1.010	-1.010	-1.011	-1.004	-1.000	-0.770	-1.001	-1.001	-0.739	-0.719	-0.475	-0.996	-0.322	-0.222	-0.292	-0.224	-0.223	-0.215	-0.301	-0.263	-0.275	-0.187	
rs2897527      -0.617	-0.549	-0.599	-0.449	-0.574	-0.688	-0.690	-0.687	-0.683	-0.683	-0.664	-0.868	-0.894	-0.866	-0.867	-0.663	-0.668	-0.867	-0.669	-0.672	-0.672	-0.672	-0.720	-0.676	-0.872	-0.868	-0.672	-0.550	-0.868	-0.873	-0.739	-0.869	-0.736	-0.736	-0.690	-0.836	-0.682	-0.688	-0.869	-0.868	-0.720	-0.720	-0.436	-0.690	-0.682	-0.682	-0.686	-0.683	-0.867	-0.685	-0.690	-0.867	-0.682	-0.726	-0.726	-0.651	-0.866	-0.680	-0.722	-0.867	-0.679	-0.718	-0.737	-0.868	-0.677	-0.682	-0.654	-0.828	-0.879	-0.891	+0.499	+0.479	-0.905	+1.905	-0.857	+2.092	+0.506	+2.150	+0.507	+0.510	-0.824	+2.143	-0.905	+0.464	+0.490	-0.362	+0.489	+0.536	-0.324	+0.327	-0.893	+0.094	-0.877	-0.882	+0.081	+0.249	+0.130	+0.051	-0.908	+0.012	-0.910	-0.910	-0.910	+0.189	-0.918	-0.858	-0.841	-0.818	-0.835	-0.840	-0.884	-0.720	-0.835	-0.583	-0.684	-0.946	-0.992	-0.950	-0.949	-0.953	-0.953	-0.953	-0.953	-0.953	-0.987	-0.954	-0.954	-0.954	-0.954	-0.993	-0.954	-0.995	-0.954	-0.954	-0.954	-0.947	-0.597	-0.851	-0.953	-0.966	-0.968	-0.955	-0.453	-0.964	-0.955	-0.955	-0.955	-0.955	-0.953	-0.953	-0.953	-0.954	-0.963	-0.954	-0.953	-0.953	-0.953	-0.953	-1.028	-1.020	-1.030	-1.014	-1.013	-1.016	-1.020	-0.906	-1.023	-1.022	-1.024	-1.017	-1.013	-0.776	-1.014	-1.014	-0.750	-0.729	-0.479	-1.008	-0.330	-0.231	-0.301	-0.233	-0.232	-0.224	-0.311	-0.273	-0.284	-0.196	
rs2406778      -0.690	-0.757	-0.782	-0.838	-0.767	-0.868	-0.871	-0.868	-0.866	-0.866	-0.857	-0.690	-0.807	-0.686	-0.687	-0.859	-0.862	-0.703	-0.862	-0.863	-0.864	-0.864	-0.773	-0.866	-0.687	-0.682	-0.862	-0.868	-0.551	-0.686	-0.620	-0.682	-0.615	-0.615	-0.753	-0.685	-0.871	-0.752	-0.683	-0.681	-0.590	-0.589	-0.094	-0.753	-0.871	-0.872	-0.750	-0.748	-0.682	-0.749	-0.754	-0.682	-0.873	-0.600	-0.600	-0.726	-0.682	-0.746	-0.594	-0.685	-0.745	-0.587	-0.620	-0.685	-0.743	-0.873	-0.726	-0.829	-0.881	-0.892	+0.272	+0.263	-0.907	+1.828	-0.859	+2.017	+0.289	+2.076	+0.291	+0.294	-0.826	+2.070	-0.907	+0.255	+0.277	-0.365	+0.276	+0.317	-0.327	+0.134	-0.893	-0.067	-0.879	-0.883	-0.078	+0.077	-0.034	-0.103	-0.910	-0.137	-0.911	-0.911	-0.911	+0.156	-0.923	-0.854	-0.837	-0.816	-0.830	-0.836	-0.889	-0.717	-0.842	-0.580	-0.678	-0.947	-1.000	-0.951	-0.950	-0.954	-0.954	-0.954	-0.954	-0.954	-0.995	-0.954	-0.955	-0.955	-0.955	-1.001	-0.955	-1.002	-0.955	-0.955	-0.955	-0.948	-0.613	-0.863	-0.954	-0.993	-0.995	-0.956	-0.519	-0.991	-0.956	-0.956	-0.955	-0.956	-0.953	-0.953	-0.953	-0.955	-0.990	-0.954	-0.954	-0.954	-0.954	-0.954	-1.035	-1.037	-1.045	-1.033	-1.032	-1.034	-1.037	-0.908	-1.041	-1.040	-1.042	-1.036	-1.033	-0.776	-1.032	-1.032	-0.750	-0.730	-0.478	-1.022	-0.310	-0.234	-0.304	-0.236	-0.235	-0.227	-0.314	-0.276	-0.287	-0.199	
