## Summary of overall evidence for association with region:
## log10(BF for region) = 4.81816
## p-value for region = NA

## BFs for choosing among multi-SNP models:
## log10(average 1-SNP BF) = 4.77638
## log10(average 2-SNP BF) = 4.89131

## Example posterior probabilities for multi-SNP models, based on default prior: [p(l) propto 0.5^l for l=1,2,...,L]
## posterior probability of 1-SNP = 0.605521
## posterior probability of 2-SNP = 0.394479

## log10(BF) for single SNP and pair of SNPs:
rs8031646      -0.524	-0.843	-0.836	-0.874	-0.933	-0.914	-1.010	-0.946	-1.005	-1.003	-0.640	-0.677	-0.885	-0.624	-0.886	-0.886	+1.278	-0.700	-0.689	-0.786	-0.722	-0.717	-0.898	-0.783	-0.774	-0.722	-0.710	-0.818	-0.564	-0.610	-0.816	-0.619	+2.513	-0.579	-0.759	-0.605	-0.560	+2.622	-0.579	+3.817	+3.796	+3.796	+3.795	+3.849	+3.881	+3.881	+3.881	+3.948	+3.242	+3.907	+3.880	+3.962	+3.899	+3.899	+3.848	+3.849	+3.761	+3.761	+3.760	-0.322	-0.322	-0.322	-0.322	-0.696	-0.709	+3.830	+3.641	+3.709	+3.556	+3.527	+3.919	+3.919	+3.984	+2.768	-0.806	-0.807	+4.026	+3.947	+3.949	+3.622	+4.037	+3.525	+2.747	+2.835	+2.735	-0.812	+3.798	+6.206	+3.622	+4.082	+4.297	+3.634	+2.721	+3.713	+2.752	+2.856	+2.841	+2.061	+1.913	+1.946	+2.571	-0.816	+1.744	+1.689	+1.747	-0.757	-0.439	-0.451	+2.924	+1.873	+1.768	-0.763	+2.450	-0.815	-0.814	-0.456	+3.311	-0.758	+3.425	-0.818	+3.247	-0.410	-0.773	-0.399	-0.815	-0.818	-0.819	-0.303	+1.877	+3.498	+3.497	+3.453	+3.455	-0.767	+0.318	-0.732	+0.381	+0.364	-0.735	
rs7171736      -0.843	-0.515	-0.649	-0.671	-0.716	-0.746	-0.998	-0.940	-1.000	-1.000	-0.599	-0.681	-0.878	-0.583	-0.878	-0.878	+1.296	-0.702	-0.692	-0.761	-0.725	-0.720	-0.891	-0.781	-0.773	-0.714	-0.702	-0.813	-0.518	-0.587	-0.808	-0.597	+2.514	-0.533	-0.759	-0.581	-0.534	+2.592	-0.553	+3.682	+3.660	+3.660	+3.659	+3.718	+3.750	+3.750	+3.750	+3.812	+3.214	+3.775	+3.749	+3.823	+3.759	+3.760	+3.716	+3.716	+3.628	+3.628	+3.628	-0.259	-0.258	-0.258	-0.258	-0.666	-0.681	+3.699	+3.508	+3.570	+3.478	+3.415	+3.788	+3.788	+3.846	+2.635	-0.803	-0.803	+3.890	+3.817	+3.818	+3.510	+3.901	+3.417	+2.619	+2.703	+2.608	-0.808	+3.697	+6.139	+3.513	+3.952	+4.161	+3.525	+2.596	+3.680	+2.626	+2.726	+2.711	+1.965	+1.822	+1.914	+2.485	-0.811	+1.710	+1.600	+1.713	-0.757	-0.385	-0.398	+2.820	+1.779	+1.677	-0.762	+2.322	-0.810	-0.809	-0.401	+3.211	-0.758	+3.366	-0.812	+3.148	-0.355	-0.772	-0.368	-0.810	-0.812	-0.812	-0.237	+1.842	+3.509	+3.508	+3.463	+3.427	-0.766	+0.255	-0.734	+0.317	+0.303	-0.735	
rs1021392      -0.836	-0.649	-0.510	-0.649	-0.697	-0.733	-0.993	-0.935	-0.995	-0.995	-0.594	-0.676	-0.873	-0.578	-0.873	-0.873	+1.300	-0.697	-0.687	-0.756	-0.720	-0.715	-0.886	-0.776	-0.768	-0.709	-0.697	-0.808	-0.512	-0.581	-0.803	-0.591	+2.516	-0.527	-0.754	-0.576	-0.529	+2.595	-0.548	+3.683	+3.662	+3.661	+3.660	+3.719	+3.751	+3.751	+3.751	+3.813	+3.215	+3.776	+3.750	+3.824	+3.760	+3.761	+3.717	+3.717	+3.629	+3.629	+3.629	-0.253	-0.253	-0.253	-0.252	-0.661	-0.675	+3.700	+3.509	+3.571	+3.479	+3.416	+3.789	+3.789	+3.847	+2.637	-0.798	-0.798	+3.891	+3.818	+3.819	+3.512	+3.902	+3.419	+2.621	+2.705	+2.609	-0.803	+3.698	+6.141	+3.515	+3.953	+4.162	+3.527	+2.598	+3.681	+2.628	+2.728	+2.713	+1.968	+1.825	+1.916	+2.487	-0.805	+1.713	+1.603	+1.716	-0.752	-0.379	-0.392	+2.822	+1.782	+1.680	-0.758	+2.325	-0.805	-0.804	-0.395	+3.213	-0.753	+3.367	-0.807	+3.150	-0.349	-0.767	-0.363	-0.805	-0.807	-0.807	-0.231	+1.845	+3.512	+3.511	+3.467	+3.431	-0.762	+0.258	-0.729	+0.320	+0.306	-0.730	
rs4965115      -0.874	-0.671	-0.649	-0.542	-0.754	-0.776	-1.023	-0.965	-1.025	-1.025	-0.627	-0.705	-0.903	-0.612	-0.903	-0.903	+1.278	-0.726	-0.716	-0.788	-0.749	-0.744	-0.916	-0.806	-0.797	-0.740	-0.727	-0.838	-0.546	-0.613	-0.833	-0.623	+2.506	-0.561	-0.783	-0.607	-0.560	+2.581	-0.580	+3.684	+3.663	+3.663	+3.662	+3.721	+3.753	+3.753	+3.753	+3.814	+3.212	+3.779	+3.752	+3.825	+3.763	+3.763	+3.719	+3.720	+3.631	+3.631	+3.631	-0.288	-0.288	-0.288	-0.288	-0.693	-0.707	+3.702	+3.511	+3.573	+3.484	+3.411	+3.791	+3.791	+3.849	+2.630	-0.828	-0.828	+3.892	+3.820	+3.821	+3.506	+3.903	+3.414	+2.614	+2.697	+2.603	-0.833	+3.694	+6.138	+3.511	+3.955	+4.164	+3.523	+2.589	+3.678	+2.620	+2.719	+2.704	+1.954	+1.808	+1.902	+2.481	-0.836	+1.698	+1.586	+1.701	-0.781	-0.414	-0.427	+2.813	+1.765	+1.664	-0.787	+2.314	-0.835	-0.834	-0.430	+3.207	-0.782	+3.366	-0.837	+3.144	-0.384	-0.797	-0.395	-0.835	-0.837	-0.837	-0.268	+1.830	+3.486	+3.486	+3.441	+3.407	-0.791	+0.242	-0.758	+0.305	+0.290	-0.759	
rs4965117      -0.933	-0.716	-0.697	-0.754	-0.594	-0.743	-1.071	-1.014	-1.074	-1.074	-0.682	-0.752	-0.952	-0.667	-0.953	-0.953	+1.244	-0.774	-0.764	-0.847	-0.796	-0.792	-0.963	-0.854	-0.845	-0.787	-0.775	-0.887	-0.602	-0.663	-0.883	-0.673	+2.490	-0.617	-0.831	-0.657	-0.611	+2.560	-0.630	+3.676	+3.655	+3.655	+3.654	+3.714	+3.746	+3.746	+3.746	+3.806	+3.203	+3.772	+3.745	+3.817	+3.757	+3.757	+3.713	+3.713	+3.625	+3.625	+3.624	-0.347	-0.347	-0.347	-0.346	-0.746	-0.760	+3.695	+3.505	+3.566	+3.480	+3.398	+3.785	+3.784	+3.841	+2.626	-0.877	-0.877	+3.885	+3.813	+3.814	+3.493	+3.895	+3.402	+2.611	+2.693	+2.600	-0.882	+3.683	+6.125	+3.499	+3.949	+4.157	+3.511	+2.582	+3.669	+2.614	+2.711	+2.696	+1.934	+1.784	+1.883	+2.480	-0.885	+1.679	+1.562	+1.682	-0.829	-0.471	-0.484	+2.796	+1.741	+1.640	-0.834	+2.303	-0.884	-0.883	-0.488	+3.194	-0.830	+3.358	-0.886	+3.130	-0.442	-0.845	-0.446	-0.884	-0.886	-0.887	-0.328	+1.811	+3.439	+3.439	+3.394	+3.368	-0.839	+0.220	-0.805	+0.284	+0.269	-0.806	
rs11634101     -0.914	-0.746	-0.733	-0.776	-0.743	-0.581	-1.059	-1.003	-1.061	-1.062	-0.668	-0.741	-0.940	-0.653	-0.940	-0.940	+1.249	-0.762	-0.752	-0.834	-0.785	-0.780	-0.951	-0.842	-0.833	-0.775	-0.763	-0.875	-0.588	-0.650	-0.871	-0.660	+2.492	-0.603	-0.819	-0.645	-0.598	+2.565	-0.618	+3.674	+3.653	+3.653	+3.652	+3.712	+3.743	+3.743	+3.743	+3.804	+3.202	+3.769	+3.742	+3.816	+3.754	+3.754	+3.710	+3.710	+3.622	+3.622	+3.622	-0.332	-0.332	-0.332	-0.332	-0.733	-0.747	+3.692	+3.502	+3.564	+3.475	+3.399	+3.782	+3.781	+3.839	+2.624	-0.865	-0.865	+3.883	+3.810	+3.812	+3.494	+3.893	+3.403	+2.609	+2.691	+2.597	-0.870	+3.683	+6.126	+3.500	+3.946	+4.154	+3.512	+2.580	+3.668	+2.612	+2.710	+2.695	+1.936	+1.787	+1.884	+2.477	-0.873	+1.680	+1.565	+1.683	-0.817	-0.456	-0.469	+2.799	+1.744	+1.643	-0.823	+2.303	-0.872	-0.871	-0.473	+3.195	-0.818	+3.356	-0.874	+3.132	-0.427	-0.833	-0.433	-0.872	-0.874	-0.875	-0.312	+1.812	+3.447	+3.447	+3.402	+3.375	-0.827	+0.222	-0.793	+0.286	+0.271	-0.794	
rs1062702      -1.010	-0.998	-0.993	-1.023	-1.071	-1.059	-0.637	-0.912	-0.893	-0.879	-0.736	-0.795	-0.991	-0.723	-0.992	-0.992	+1.566	-0.816	-0.806	-0.890	-0.838	-0.834	-1.003	-0.894	-0.886	-0.834	-0.822	-0.918	-0.661	-0.710	-0.917	-0.720	+2.455	-0.676	-0.872	-0.705	-0.661	+2.532	-0.680	+3.663	+3.642	+3.641	+3.640	+3.701	+3.733	+3.733	+3.733	+3.806	+3.166	+3.759	+3.732	+3.813	+3.745	+3.745	+3.695	+3.695	+3.607	+3.607	+3.607	-0.411	-0.410	-0.410	-0.410	-0.797	-0.810	+3.682	+3.493	+3.567	+3.445	+3.559	+3.771	+3.770	+3.840	+2.675	-0.905	-0.905	+3.884	+3.799	+3.801	+3.657	+3.894	+3.540	+2.645	+2.743	+2.633	-0.912	+3.882	+6.086	+3.637	+3.934	+4.155	+3.649	+2.601	+3.626	+2.632	+2.744	+2.729	+2.080	+1.942	+1.875	+2.476	-0.916	+1.646	+1.636	+1.649	-0.871	-0.527	-0.539	+2.833	+1.833	+1.717	-0.876	+2.293	-0.915	-0.914	-0.545	+3.252	-0.871	+3.390	-0.918	+3.188	-0.498	-0.886	-0.499	-0.915	-0.919	-0.920	-0.389	+1.780	+3.418	+3.418	+3.373	+3.490	-0.880	+0.197	-0.847	+0.261	+0.245	-0.848	
rs6496272      -0.946	-0.940	-0.935	-0.965	-1.014	-1.003	-0.912	-0.573	-0.961	-0.968	-0.654	-0.715	-0.929	-0.646	-0.930	-0.930	+1.678	-0.738	-0.727	-0.833	-0.761	-0.756	-0.944	-0.825	-0.815	-0.728	-0.714	-0.865	-0.582	-0.615	-0.862	-0.626	+2.525	-0.597	-0.799	-0.610	-0.560	+2.599	-0.581	+3.868	+3.846	+3.846	+3.845	+3.900	+3.932	+3.933	+3.932	+4.011	+3.228	+3.958	+3.932	+4.031	+3.939	+3.939	+3.896	+3.896	+3.806	+3.806	+3.806	-0.321	-0.321	-0.321	-0.321	-0.725	-0.738	+3.881	+3.675	+3.753	+3.651	+3.488	+3.973	+3.972	+4.048	+2.695	-0.853	-0.853	+4.092	+4.002	+4.004	+3.584	+4.104	+3.483	+2.673	+2.763	+2.661	-0.859	+3.765	+6.566	+3.581	+4.143	+4.375	+3.594	+2.667	+3.709	+2.699	+2.807	+2.791	+1.968	+1.822	+1.899	+2.555	-0.862	+1.709	+1.631	+1.712	-0.797	-0.467	-0.480	+2.981	+1.818	+1.709	-0.803	+2.470	-0.862	-0.860	-0.485	+3.378	-0.798	+3.542	-0.864	+3.311	-0.438	-0.814	-0.415	-0.862	-0.864	-0.865	-0.329	+1.841	+3.467	+3.466	+3.422	+3.438	-0.809	+0.247	-0.773	+0.312	+0.297	-0.775	
rs190524788    -1.005	-1.000	-0.995	-1.025	-1.074	-1.061	-0.893	-0.961	-0.637	-0.787	-0.726	-0.783	-0.993	-0.714	-0.993	-0.993	+1.443	-0.806	-0.795	-0.891	-0.828	-0.823	-1.000	-0.888	-0.880	-0.831	-0.819	-0.917	-0.651	-0.684	-0.914	-0.695	+2.461	-0.666	-0.865	-0.679	-0.635	+2.536	-0.656	+3.678	+3.657	+3.657	+3.656	+3.717	+3.749	+3.749	+3.749	+3.825	+3.165	+3.775	+3.748	+3.831	+3.762	+3.762	+3.711	+3.711	+3.622	+3.622	+3.622	-0.397	-0.397	-0.397	-0.397	-0.791	-0.805	+3.697	+3.508	+3.585	+3.435	+3.606	+3.786	+3.786	+3.859	+2.691	-0.906	-0.906	+3.903	+3.815	+3.817	+3.706	+3.914	+3.581	+2.657	+2.759	+2.645	-0.912	+3.946	+6.099	+3.679	+3.950	+4.175	+3.691	+2.608	+3.634	+2.640	+2.754	+2.739	+2.097	+1.959	+1.854	+2.453	-0.916	+1.645	+1.646	+1.649	-0.863	-0.525	-0.538	+2.852	+1.847	+1.728	-0.869	+2.302	-0.915	-0.914	-0.543	+3.280	-0.864	+3.364	-0.918	+3.216	-0.497	-0.879	-0.476	-0.915	-0.918	-0.918	-0.386	+1.777	+3.417	+3.417	+3.372	+3.503	-0.874	+0.189	-0.839	+0.252	+0.237	-0.841	
rs145368286    -1.003	-1.000	-0.995	-1.025	-1.074	-1.062	-0.879	-0.968	-0.787	-0.638	-0.723	-0.780	-0.993	-0.712	-0.993	-0.993	+1.416	-0.803	-0.792	-0.891	-0.826	-0.820	-0.999	-0.887	-0.878	-0.830	-0.818	-0.917	-0.648	-0.679	-0.914	-0.689	+2.465	-0.663	-0.863	-0.674	-0.630	+2.532	-0.650	+3.666	+3.645	+3.645	+3.644	+3.705	+3.737	+3.737	+3.736	+3.811	+3.167	+3.763	+3.736	+3.818	+3.749	+3.749	+3.699	+3.699	+3.611	+3.611	+3.611	-0.395	-0.394	-0.394	-0.394	-0.790	-0.804	+3.685	+3.496	+3.571	+3.433	+3.577	+3.774	+3.774	+3.845	+2.672	-0.908	-0.908	+3.889	+3.803	+3.805	+3.677	+3.900	+3.554	+2.640	+2.740	+2.628	-0.913	+3.914	+6.096	+3.651	+3.938	+4.161	+3.663	+2.594	+3.639	+2.625	+2.738	+2.723	+2.072	+1.934	+1.851	+2.446	-0.917	+1.647	+1.628	+1.650	-0.861	-0.524	-0.537	+2.836	+1.827	+1.709	-0.867	+2.292	-0.916	-0.915	-0.542	+3.261	-0.862	+3.353	-0.918	+3.197	-0.496	-0.877	-0.471	-0.916	-0.918	-0.919	-0.385	+1.779	+3.412	+3.411	+3.367	+3.477	-0.872	+0.188	-0.838	+0.252	+0.236	-0.840	
rs72756716     -0.640	-0.599	-0.594	-0.627	-0.682	-0.668	-0.736	-0.654	-0.726	-0.723	-0.203	-0.377	-0.513	-0.322	-0.506	-0.506	+2.061	-0.402	-0.390	-0.482	-0.427	-0.421	-0.473	-0.493	-0.483	-0.511	-0.501	-0.537	-0.287	-0.399	-0.534	-0.407	+3.290	-0.302	-0.466	-0.394	-0.354	+3.395	-0.371	+4.844	+4.821	+4.821	+4.819	+4.884	+4.919	+4.919	+4.919	+5.013	+4.044	+4.950	+4.918	+5.043	+4.929	+4.930	+4.878	+4.878	+4.779	+4.779	+4.779	-0.022	-0.022	-0.022	-0.022	-0.408	-0.414	+4.860	+4.632	+4.726	+4.557	+4.404	+4.964	+4.963	+5.055	+3.705	-0.523	-0.523	+5.101	+4.994	+4.995	+4.509	+5.113	+4.389	+3.660	+3.776	+3.645	-0.529	+4.694	+6.387	+4.492	+5.138	+5.402	+4.506	+3.601	+4.532	+3.641	+3.772	+3.753	+2.753	+2.595	+2.602	+3.432	-0.533	+2.362	+2.313	+2.365	-0.464	-0.197	-0.210	+3.665	+2.525	+2.401	-0.471	+3.261	-0.532	-0.531	-0.214	+4.085	-0.465	+4.233	-0.536	+4.018	-0.168	-0.482	-0.202	-0.532	-0.536	-0.537	-0.047	+2.503	+3.691	+3.690	+3.645	+3.617	-0.476	+0.738	-0.437	+0.810	+0.795	-0.439	
rs35598712     -0.677	-0.681	-0.676	-0.705	-0.752	-0.741	-0.795	-0.715	-0.783	-0.780	-0.377	-0.278	-0.665	-0.359	-0.666	-0.666	+2.014	-0.384	-0.384	-0.545	-0.414	-0.416	-0.687	-0.390	-0.418	-0.563	-0.552	-0.598	-0.288	-0.436	-0.597	-0.445	+3.246	-0.305	-0.455	-0.432	-0.390	+3.386	-0.409	+3.896	+3.874	+3.874	+3.873	+3.934	+3.967	+3.967	+3.966	+4.025	+3.982	+3.993	+3.966	+4.036	+3.977	+3.977	+3.932	+3.932	+3.843	+3.843	+3.842	-0.009	-0.009	-0.009	-0.008	-0.440	-0.456	+3.914	+3.721	+3.781	+3.703	+4.427	+4.005	+4.005	+4.060	+2.820	-0.584	-0.585	+4.105	+4.034	+4.036	+4.533	+4.116	+4.404	+2.805	+2.888	+2.794	-0.591	+4.745	+6.365	+4.507	+4.172	+4.380	+4.521	+2.778	+4.479	+2.810	+2.908	+2.893	+2.767	+2.631	+2.577	+2.674	-0.595	+2.332	+2.331	+2.336	-0.471	-0.141	-0.154	+3.690	+2.552	+2.420	-0.470	+2.501	-0.594	-0.593	-0.160	+4.114	-0.471	+4.227	-0.597	+4.043	-0.109	-0.464	-0.235	-0.594	-0.598	-0.599	+0.012	+2.478	+4.536	+4.535	+4.483	+4.641	-0.465	+0.690	-0.486	+0.762	+0.748	-0.482	
rs7162717      -0.885	-0.878	-0.873	-0.903	-0.952	-0.940	-0.991	-0.929	-0.993	-0.993	-0.513	-0.665	-0.508	-0.469	-0.632	-0.632	+1.693	-0.687	-0.677	-0.726	-0.710	-0.705	-0.724	-0.769	-0.761	-0.576	-0.560	-0.781	-0.388	-0.543	-0.777	-0.554	+2.854	-0.410	-0.746	-0.537	-0.489	+2.910	-0.510	+3.794	+3.773	+3.773	+3.772	+3.841	+3.873	+3.873	+3.873	+3.927	+3.594	+3.899	+3.872	+3.941	+3.882	+3.882	+3.838	+3.838	+3.750	+3.750	+3.750	-0.048	-0.048	-0.047	-0.047	-0.576	-0.594	+3.822	+3.625	+3.680	+3.589	+3.502	+3.912	+3.912	+3.962	+2.745	-0.772	-0.772	+4.006	+3.941	+3.942	+3.598	+4.017	+3.507	+2.736	+2.812	+2.725	-0.778	+3.786	+6.690	+3.604	+4.077	+4.279	+3.616	+2.706	+4.061	+2.738	+2.830	+2.815	+2.037	+1.886	+2.167	+2.589	-0.782	+1.937	+1.663	+1.940	-0.744	-0.265	-0.281	+2.901	+1.842	+1.742	-0.750	+2.414	-0.782	-0.781	-0.296	+3.298	-0.745	+3.459	-0.784	+3.234	-0.228	-0.760	-0.319	-0.782	-0.784	-0.785	-0.096	+2.072	+3.558	+3.557	+3.512	+3.824	-0.754	+0.371	-0.719	+0.439	+0.424	-0.721	
rs7177806      -0.624	-0.583	-0.578	-0.612	-0.667	-0.653	-0.723	-0.646	-0.714	-0.712	-0.322	-0.359	-0.469	-0.190	-0.461	-0.461	+2.151	-0.384	-0.372	-0.451	-0.410	-0.404	-0.420	-0.477	-0.467	-0.509	-0.499	-0.523	-0.272	-0.399	-0.521	-0.407	+3.377	-0.287	-0.450	-0.394	-0.356	+3.477	-0.373	+5.005	+4.981	+4.981	+4.979	+5.047	+5.083	+5.083	+5.083	+5.173	+4.136	+5.114	+5.082	+5.205	+5.093	+5.093	+5.041	+5.041	+4.940	+4.940	+4.940	-0.008	-0.008	-0.008	-0.008	-0.382	-0.384	+5.022	+4.788	+4.877	+4.706	+4.519	+5.128	+5.127	+5.214	+3.845	-0.508	-0.508	+5.262	+5.158	+5.160	+4.625	+5.274	+4.510	+3.803	+3.917	+3.788	-0.514	+4.805	+6.365	+4.613	+5.303	+5.565	+4.626	+3.737	+4.627	+3.779	+3.907	+3.888	+2.846	+2.681	+2.675	+3.558	-0.519	+2.429	+2.395	+2.432	-0.448	-0.198	-0.211	+3.763	+2.606	+2.484	-0.454	+3.380	-0.518	-0.517	-0.215	+4.185	-0.449	+4.332	-0.521	+4.117	-0.169	-0.466	-0.208	-0.518	-0.521	-0.523	-0.048	+2.572	+3.671	+3.670	+3.625	+3.600	-0.460	+0.779	-0.421	+0.852	+0.835	-0.423	
rs66510110     -0.886	-0.878	-0.873	-0.903	-0.953	-0.940	-0.992	-0.930	-0.993	-0.993	-0.506	-0.666	-0.632	-0.461	-0.508	-0.632	+1.678	-0.688	-0.678	-0.723	-0.711	-0.706	-0.730	-0.770	-0.761	-0.566	-0.550	-0.780	-0.377	-0.539	-0.777	-0.549	+2.841	-0.400	-0.746	-0.533	-0.484	+2.898	-0.505	+3.790	+3.769	+3.769	+3.768	+3.837	+3.868	+3.869	+3.868	+3.923	+3.581	+3.895	+3.868	+3.936	+3.878	+3.878	+3.834	+3.834	+3.746	+3.746	+3.746	-0.032	-0.032	-0.032	-0.032	-0.569	-0.588	+3.818	+3.621	+3.677	+3.585	+3.502	+3.908	+3.907	+3.958	+2.741	-0.771	-0.771	+4.002	+3.936	+3.938	+3.597	+4.013	+3.506	+2.732	+2.808	+2.720	-0.777	+3.786	+6.708	+3.603	+4.073	+4.275	+3.615	+2.702	+4.047	+2.734	+2.827	+2.811	+2.036	+1.885	+2.157	+2.586	-0.782	+1.927	+1.663	+1.931	-0.744	-0.255	-0.271	+2.901	+1.842	+1.741	-0.750	+2.411	-0.781	-0.780	-0.286	+3.299	-0.745	+3.461	-0.784	+3.235	-0.217	-0.761	-0.313	-0.781	-0.784	-0.785	-0.084	+2.062	+3.561	+3.560	+3.515	+3.841	-0.755	+0.366	-0.720	+0.433	+0.418	-0.722	
rs73465486     -0.886	-0.878	-0.873	-0.903	-0.953	-0.940	-0.992	-0.930	-0.993	-0.993	-0.506	-0.666	-0.632	-0.461	-0.632	-0.508	+1.678	-0.688	-0.678	-0.723	-0.711	-0.706	-0.730	-0.770	-0.761	-0.566	-0.550	-0.780	-0.377	-0.539	-0.777	-0.549	+2.841	-0.400	-0.746	-0.533	-0.484	+2.898	-0.505	+3.790	+3.769	+3.769	+3.768	+3.837	+3.868	+3.869	+3.868	+3.923	+3.581	+3.895	+3.868	+3.936	+3.878	+3.878	+3.834	+3.834	+3.746	+3.746	+3.746	-0.032	-0.032	-0.032	-0.032	-0.569	-0.588	+3.818	+3.621	+3.677	+3.586	+3.502	+3.908	+3.907	+3.958	+2.741	-0.771	-0.771	+4.002	+3.936	+3.938	+3.597	+4.013	+3.506	+2.732	+2.808	+2.720	-0.777	+3.786	+6.708	+3.603	+4.073	+4.275	+3.615	+2.702	+4.048	+2.734	+2.827	+2.811	+2.036	+1.885	+2.157	+2.586	-0.782	+1.927	+1.663	+1.931	-0.744	-0.255	-0.271	+2.901	+1.842	+1.741	-0.750	+2.411	-0.781	-0.780	-0.286	+3.299	-0.745	+3.461	-0.784	+3.235	-0.217	-0.761	-0.313	-0.781	-0.784	-0.785	-0.084	+2.063	+3.561	+3.560	+3.515	+3.841	-0.755	+0.366	-0.720	+0.433	+0.418	-0.722	
rs4561450      +1.278	+1.296	+1.300	+1.278	+1.244	+1.249	+1.566	+1.678	+1.443	+1.416	+2.061	+2.014	+1.693	+2.151	+1.678	+1.678	+1.812	+1.965	+1.986	+1.570	+1.902	+1.915	+1.370	+1.724	+1.753	+3.239	+3.283	+1.584	+2.281	+2.767	+1.539	+2.750	+2.785	+2.242	+1.820	+2.791	+2.964	+2.935	+2.914	+4.703	+4.684	+4.684	+4.684	+4.714	+4.741	+4.741	+4.741	+4.866	+3.424	+4.762	+4.741	+4.897	+4.765	+4.765	+4.698	+4.698	+4.622	+4.622	+4.621	+2.749	+2.749	+2.749	+2.750	+1.981	+1.956	+4.700	+4.569	+4.695	+4.357	+4.065	+4.782	+4.782	+4.909	+3.687	+1.630	+1.629	+4.943	+4.807	+4.808	+4.146	+4.957	+4.013	+3.619	+3.749	+3.612	+1.600	+4.374	+7.616	+4.101	+4.940	+5.202	+4.113	+3.680	+3.862	+3.713	+3.855	+3.840	+2.781	+2.712	+2.366	+3.454	+1.576	+2.269	+2.578	+2.271	+1.830	+2.201	+2.181	+3.677	+2.767	+2.637	+1.814	+3.637	+1.578	+1.585	+2.166	+4.080	+1.828	+4.054	+1.560	+4.026	+2.241	+1.778	+2.859	+1.573	+1.554	+1.544	+2.388	+2.368	+4.031	+4.030	+3.993	+4.345	+1.774	+1.517	+1.840	+1.553	+1.557	+1.841	
rs34468353     -0.700	-0.702	-0.697	-0.726	-0.774	-0.762	-0.816	-0.738	-0.806	-0.803	-0.402	-0.384	-0.687	-0.384	-0.688	-0.688	+1.965	-0.303	-0.397	-0.569	-0.434	-0.434	-0.708	-0.428	-0.448	-0.576	-0.565	-0.621	-0.314	-0.443	-0.619	-0.453	+3.203	-0.330	-0.477	-0.439	-0.396	+3.338	-0.416	+3.902	+3.880	+3.880	+3.879	+3.941	+3.973	+3.974	+3.973	+4.031	+3.938	+4.000	+3.973	+4.042	+3.984	+3.985	+3.939	+3.939	+3.849	+3.849	+3.849	-0.037	-0.037	-0.037	-0.037	-0.465	-0.480	+3.921	+3.728	+3.787	+3.712	+4.373	+4.012	+4.012	+4.066	+2.819	-0.607	-0.607	+4.111	+4.042	+4.043	+4.478	+4.122	+4.349	+2.805	+2.887	+2.793	-0.613	+4.689	+6.372	+4.453	+4.179	+4.387	+4.467	+2.777	+4.434	+2.809	+2.906	+2.891	+2.719	+2.582	+2.536	+2.675	-0.618	+2.293	+2.285	+2.296	-0.491	-0.168	-0.181	+3.639	+2.505	+2.373	-0.492	+2.499	-0.617	-0.616	-0.187	+4.062	-0.491	+4.179	-0.620	+3.992	-0.136	-0.489	-0.237	-0.617	-0.620	-0.621	-0.016	+2.437	+4.480	+4.480	+4.427	+4.579	-0.489	+0.657	-0.503	+0.729	+0.715	-0.500	
rs4398093      -0.689	-0.692	-0.687	-0.716	-0.764	-0.752	-0.806	-0.727	-0.795	-0.792	-0.390	-0.384	-0.677	-0.372	-0.678	-0.678	+1.986	-0.397	-0.292	-0.558	-0.421	-0.421	-0.698	-0.403	-0.429	-0.570	-0.560	-0.610	-0.301	-0.441	-0.608	-0.451	+3.223	-0.318	-0.464	-0.437	-0.395	+3.362	-0.414	+3.897	+3.875	+3.875	+3.874	+3.936	+3.968	+3.969	+3.968	+4.027	+3.957	+3.995	+3.968	+4.038	+3.979	+3.980	+3.934	+3.934	+3.844	+3.844	+3.844	-0.023	-0.023	-0.023	-0.022	-0.453	-0.468	+3.916	+3.723	+3.782	+3.706	+4.400	+4.007	+4.007	+4.062	+2.817	-0.596	-0.597	+4.106	+4.037	+4.038	+4.505	+4.117	+4.376	+2.803	+2.885	+2.791	-0.603	+4.717	+6.366	+4.481	+4.174	+4.382	+4.494	+2.776	+4.454	+2.807	+2.905	+2.890	+2.744	+2.607	+2.555	+2.673	-0.607	+2.311	+2.309	+2.314	-0.480	-0.154	-0.168	+3.665	+2.529	+2.397	-0.479	+2.498	-0.606	-0.605	-0.173	+4.088	-0.480	+4.202	-0.609	+4.018	-0.122	-0.474	-0.238	-0.606	-0.610	-0.611	-0.002	+2.456	+4.512	+4.511	+4.459	+4.616	-0.475	+0.673	-0.495	+0.744	+0.731	-0.491	
rs72756727     -0.786	-0.761	-0.756	-0.788	-0.847	-0.834	-0.890	-0.833	-0.891	-0.891	-0.482	-0.545	-0.726	-0.451	-0.723	-0.723	+1.570	-0.569	-0.558	-0.392	-0.593	-0.588	-0.585	-0.657	-0.648	-0.633	-0.622	-0.700	-0.379	-0.506	-0.697	-0.516	+3.133	-0.398	-0.632	-0.501	-0.457	+3.128	-0.476	+4.641	+4.617	+4.617	+4.615	+4.690	+4.726	+4.726	+4.725	+4.787	+3.883	+4.754	+4.724	+4.818	+4.731	+4.731	+4.683	+4.683	+4.583	+4.583	+4.582	-0.069	-0.069	-0.069	-0.068	-0.545	-0.557	+4.665	+4.430	+4.493	+4.511	+4.127	+4.770	+4.769	+4.827	+3.058	-0.686	-0.687	+4.873	+4.798	+4.799	+4.229	+4.884	+4.137	+3.042	+3.125	+3.029	-0.692	+4.398	+6.293	+4.235	+4.935	+5.165	+4.247	+3.000	+4.363	+3.034	+3.133	+3.117	+2.246	+2.090	+2.169	+2.926	-0.696	+1.947	+1.851	+1.950	-0.629	-0.273	-0.287	+3.409	+2.036	+1.932	-0.636	+2.683	-0.695	-0.694	-0.292	+3.816	-0.630	+4.076	-0.699	+3.750	-0.240	-0.647	-0.295	-0.695	-0.699	-0.700	-0.106	+2.081	+3.790	+3.789	+3.740	+3.632	-0.641	+0.439	-0.604	+0.504	+0.490	-0.606	
rs28500670     -0.722	-0.725	-0.720	-0.749	-0.796	-0.785	-0.838	-0.761	-0.828	-0.826	-0.427	-0.414	-0.710	-0.410	-0.711	-0.711	+1.902	-0.434	-0.421	-0.593	-0.330	-0.428	-0.730	-0.432	-0.455	-0.591	-0.580	-0.644	-0.339	-0.452	-0.642	-0.463	+3.169	-0.356	-0.487	-0.448	-0.404	+3.306	-0.424	+3.902	+3.880	+3.880	+3.879	+3.942	+3.974	+3.975	+3.974	+4.031	+3.866	+4.001	+3.974	+4.042	+3.986	+3.986	+3.940	+3.940	+3.849	+3.849	+3.849	-0.064	-0.064	-0.064	-0.064	-0.489	-0.505	+3.922	+3.728	+3.786	+3.716	+4.295	+4.013	+4.013	+4.066	+2.811	-0.630	-0.630	+4.111	+4.043	+4.044	+4.399	+4.122	+4.272	+2.798	+2.879	+2.786	-0.636	+4.654	+6.374	+4.376	+4.180	+4.388	+4.390	+2.770	+4.361	+2.802	+2.899	+2.884	+2.656	+2.550	+2.503	+2.671	-0.640	+2.260	+2.254	+2.263	-0.502	-0.194	-0.207	+3.607	+2.473	+2.342	-0.503	+2.492	-0.640	-0.639	-0.213	+4.029	-0.502	+4.143	-0.643	+3.959	-0.162	-0.501	-0.243	-0.640	-0.643	-0.644	-0.043	+2.405	+4.447	+4.447	+4.394	+4.547	-0.501	+0.629	-0.515	+0.700	+0.686	-0.520	
rs28396781     -0.717	-0.720	-0.715	-0.744	-0.792	-0.780	-0.834	-0.756	-0.823	-0.820	-0.421	-0.416	-0.705	-0.404	-0.706	-0.706	+1.915	-0.434	-0.421	-0.588	-0.428	-0.324	-0.725	-0.414	-0.443	-0.589	-0.578	-0.639	-0.334	-0.452	-0.637	-0.462	+3.184	-0.350	-0.479	-0.448	-0.405	+3.323	-0.424	+3.897	+3.876	+3.875	+3.874	+3.937	+3.970	+3.970	+3.970	+4.027	+3.881	+3.996	+3.969	+4.037	+3.981	+3.981	+3.935	+3.935	+3.845	+3.845	+3.845	-0.057	-0.057	-0.057	-0.057	-0.484	-0.499	+3.917	+3.724	+3.782	+3.711	+4.314	+4.008	+4.008	+4.062	+2.809	-0.625	-0.625	+4.107	+4.038	+4.040	+4.418	+4.117	+4.291	+2.795	+2.877	+2.784	-0.631	+4.674	+6.369	+4.395	+4.175	+4.383	+4.409	+2.768	+4.377	+2.799	+2.896	+2.881	+2.672	+2.567	+2.517	+2.668	-0.635	+2.273	+2.269	+2.277	-0.496	-0.188	-0.201	+3.625	+2.489	+2.358	-0.496	+2.489	-0.635	-0.633	-0.207	+4.047	-0.496	+4.160	-0.638	+3.977	-0.156	-0.493	-0.244	-0.635	-0.638	-0.639	-0.037	+2.419	+4.469	+4.468	+4.415	+4.571	-0.494	+0.638	-0.511	+0.709	+0.696	-0.516	
rs7170981      -0.898	-0.891	-0.886	-0.916	-0.963	-0.951	-1.003	-0.944	-1.000	-0.999	-0.473	-0.687	-0.724	-0.420	-0.730	-0.730	+1.370	-0.708	-0.698	-0.585	-0.730	-0.725	-0.519	-0.785	-0.777	-0.526	-0.509	-0.790	-0.309	-0.514	-0.793	-0.525	+2.745	-0.334	-0.764	-0.508	-0.459	+2.760	-0.481	+3.743	+3.722	+3.722	+3.721	+3.787	+3.819	+3.819	+3.818	+3.874	+3.480	+3.844	+3.818	+3.887	+3.827	+3.828	+3.784	+3.784	+3.696	+3.696	+3.696	+0.054	+0.054	+0.054	+0.054	-0.526	-0.548	+3.768	+3.572	+3.629	+3.551	+3.470	+3.858	+3.857	+3.909	+2.699	-0.774	-0.774	+3.953	+3.886	+3.888	+3.565	+3.964	+3.470	+2.678	+2.767	+2.666	-0.783	+3.758	+6.604	+3.567	+4.022	+4.225	+3.579	+2.654	+3.943	+2.685	+2.790	+2.775	+2.056	+1.916	+1.963	+2.543	-0.789	+1.752	+1.692	+1.755	-0.762	-0.192	-0.209	+2.873	+1.884	+1.772	-0.767	+2.392	-0.788	-0.787	-0.214	+3.274	-0.763	+3.427	-0.793	+3.210	-0.152	-0.777	-0.286	-0.789	-0.794	-0.795	+0.004	+1.885	+3.731	+3.730	+3.683	+4.304	-0.771	+0.284	-0.737	+0.348	+0.332	-0.739	
rs75834869     -0.783	-0.781	-0.776	-0.806	-0.854	-0.842	-0.894	-0.825	-0.888	-0.887	-0.493	-0.390	-0.769	-0.477	-0.770	-0.770	+1.724	-0.428	-0.403	-0.657	-0.432	-0.414	-0.785	-0.396	-0.507	-0.607	-0.594	-0.704	-0.410	-0.437	-0.701	-0.449	+3.002	-0.425	-0.501	-0.431	-0.383	+3.127	-0.406	+3.981	+3.959	+3.959	+3.958	+4.024	+4.057	+4.057	+4.057	+4.111	+3.702	+4.084	+4.056	+4.121	+4.070	+4.070	+4.023	+4.023	+3.930	+3.930	+3.930	-0.142	-0.142	-0.141	-0.141	-0.556	-0.570	+4.003	+3.808	+3.863	+3.807	+4.081	+4.096	+4.096	+4.145	+2.855	-0.691	-0.691	+4.192	+4.127	+4.129	+4.183	+4.203	+4.063	+2.845	+2.924	+2.833	-0.697	+4.426	+6.468	+4.165	+4.267	+4.474	+4.179	+2.815	+4.192	+2.847	+2.941	+2.927	+2.475	+2.361	+2.348	+2.725	-0.701	+2.115	+2.081	+2.118	-0.518	-0.270	-0.283	+3.413	+2.292	+2.167	-0.526	+2.533	-0.700	-0.699	-0.288	+3.829	-0.519	+3.953	-0.703	+3.760	-0.239	-0.539	-0.206	-0.700	-0.703	-0.704	-0.123	+2.257	+4.213	+4.212	+4.162	+4.277	-0.540	+0.523	-0.532	+0.592	+0.578	-0.544	
rs4558396      -0.774	-0.773	-0.768	-0.797	-0.845	-0.833	-0.886	-0.815	-0.880	-0.878	-0.483	-0.418	-0.761	-0.467	-0.761	-0.761	+1.753	-0.448	-0.429	-0.648	-0.455	-0.443	-0.777	-0.507	-0.386	-0.606	-0.594	-0.695	-0.399	-0.443	-0.692	-0.455	+3.027	-0.415	-0.506	-0.438	-0.390	+3.152	-0.413	+3.968	+3.946	+3.946	+3.944	+4.010	+4.043	+4.043	+4.043	+4.097	+3.726	+4.070	+4.042	+4.108	+4.055	+4.056	+4.009	+4.009	+3.916	+3.916	+3.916	-0.130	-0.129	-0.129	-0.129	-0.546	-0.560	+3.989	+3.795	+3.850	+3.791	+4.108	+4.082	+4.082	+4.132	+2.847	-0.682	-0.682	+4.179	+4.113	+4.115	+4.210	+4.189	+4.090	+2.836	+2.915	+2.824	-0.688	+4.456	+6.454	+4.192	+4.252	+4.460	+4.205	+2.806	+4.217	+2.838	+2.933	+2.918	+2.499	+2.386	+2.371	+2.714	-0.692	+2.137	+2.105	+2.140	-0.521	-0.258	-0.271	+3.439	+2.316	+2.191	-0.527	+2.524	-0.691	-0.690	-0.276	+3.855	-0.522	+3.979	-0.694	+3.787	-0.227	-0.537	-0.217	-0.691	-0.694	-0.695	-0.110	+2.279	+4.248	+4.247	+4.196	+4.313	-0.538	+0.539	-0.533	+0.609	+0.595	-0.543	
rs8030721      -0.722	-0.714	-0.709	-0.740	-0.787	-0.775	-0.834	-0.728	-0.831	-0.830	-0.511	-0.563	-0.576	-0.509	-0.566	-0.566	+3.239	-0.576	-0.570	-0.633	-0.591	-0.589	-0.526	-0.607	-0.606	-0.335	-0.439	-0.577	-0.469	-0.519	-0.549	-0.527	+4.316	-0.480	-0.607	-0.515	-0.483	+4.554	-0.499	+3.716	+3.695	+3.695	+3.694	+3.751	+3.782	+3.782	+3.782	+3.845	+5.031	+3.807	+3.781	+3.859	+3.790	+3.790	+3.752	+3.752	+3.666	+3.666	+3.666	-0.261	-0.261	-0.261	-0.261	-0.567	-0.574	+3.732	+3.539	+3.603	+3.501	+3.952	+3.820	+3.820	+3.880	+2.697	-0.602	-0.602	+3.923	+3.848	+3.850	+4.050	+3.934	+3.941	+2.679	+2.764	+2.668	-0.597	+4.239	+6.658	+4.044	+3.983	+4.192	+4.058	+2.652	+5.533	+2.684	+2.784	+2.769	+2.452	+2.330	+3.411	+2.528	-0.595	+3.065	+2.040	+3.069	-0.609	-0.362	-0.372	+3.275	+2.237	+2.122	-0.611	+2.369	-0.596	-0.597	-0.375	+3.645	-0.609	+3.738	-0.589	+3.582	-0.337	-0.611	-0.348	-0.594	-0.585	-0.581	-0.238	+3.225	+4.140	+4.139	+4.091	+3.484	-0.606	+1.000	-0.595	+1.087	+1.075	-0.593	
rs8038397      -0.710	-0.702	-0.697	-0.727	-0.775	-0.763	-0.822	-0.714	-0.819	-0.818	-0.501	-0.552	-0.560	-0.499	-0.550	-0.550	+3.283	-0.565	-0.560	-0.622	-0.580	-0.578	-0.509	-0.594	-0.594	-0.439	-0.322	-0.562	-0.460	-0.513	-0.534	-0.520	+4.355	-0.471	-0.596	-0.509	-0.478	+4.597	-0.494	+3.720	+3.699	+3.699	+3.698	+3.754	+3.786	+3.786	+3.785	+3.849	+5.069	+3.811	+3.785	+3.863	+3.794	+3.794	+3.756	+3.756	+3.670	+3.670	+3.670	-0.254	-0.254	-0.254	-0.254	-0.556	-0.564	+3.736	+3.543	+3.607	+3.504	+3.971	+3.824	+3.823	+3.884	+2.704	-0.589	-0.589	+3.927	+3.852	+3.854	+4.069	+3.938	+3.960	+2.685	+2.770	+2.674	-0.584	+4.258	+6.638	+4.064	+3.987	+4.196	+4.077	+2.659	+5.571	+2.690	+2.790	+2.775	+2.471	+2.349	+3.445	+2.533	-0.581	+3.098	+2.058	+3.102	-0.597	-0.354	-0.364	+3.293	+2.255	+2.140	-0.599	+2.375	-0.582	-0.584	-0.367	+3.662	-0.598	+3.754	-0.575	+3.599	-0.329	-0.599	-0.345	-0.580	-0.571	-0.567	-0.231	+3.258	+4.162	+4.161	+4.114	+3.492	-0.594	+1.023	-0.584	+1.111	+1.099	-0.582	
rs72756742     -0.818	-0.813	-0.808	-0.838	-0.887	-0.875	-0.918	-0.865	-0.917	-0.917	-0.537	-0.598	-0.781	-0.523	-0.780	-0.780	+1.584	-0.621	-0.610	-0.700	-0.644	-0.639	-0.790	-0.704	-0.695	-0.577	-0.562	-0.435	-0.458	-0.510	-0.559	-0.520	+2.841	-0.473	-0.680	-0.505	-0.458	+2.912	-0.478	+4.136	+4.113	+4.113	+4.112	+4.180	+4.214	+4.214	+4.214	+4.276	+3.568	+4.241	+4.213	+4.284	+4.229	+4.229	+4.150	+4.150	+4.052	+4.052	+4.052	-0.200	-0.200	-0.200	-0.200	-0.600	-0.614	+4.158	+3.963	+4.027	+3.920	+3.973	+4.254	+4.253	+4.313	+2.985	-0.569	-0.570	+4.359	+4.285	+4.286	+4.079	+4.370	+3.985	+2.969	+3.055	+2.956	-0.587	+4.316	+6.664	+4.083	+4.423	+4.645	+4.095	+2.936	+4.037	+2.969	+3.073	+3.057	+2.323	+2.156	+2.173	+2.822	-0.604	+1.957	+1.936	+1.960	-0.678	-0.325	-0.338	+3.337	+2.129	+2.021	-0.683	+2.655	-0.602	-0.601	-0.343	+3.815	-0.678	+4.023	-0.606	+3.742	-0.295	-0.694	-0.288	-0.605	-0.607	-0.610	-0.182	+2.093	+3.855	+3.854	+3.807	+3.794	-0.688	+0.423	-0.652	+0.490	+0.474	-0.654	
rs28418823     -0.564	-0.518	-0.512	-0.546	-0.602	-0.588	-0.661	-0.582	-0.651	-0.648	-0.287	-0.288	-0.388	-0.272	-0.377	-0.377	+2.281	-0.314	-0.301	-0.379	-0.339	-0.334	-0.309	-0.410	-0.399	-0.469	-0.460	-0.458	-0.120	-0.367	-0.457	-0.374	+3.555	-0.206	-0.380	-0.363	-0.329	+3.685	-0.344	+5.334	+5.310	+5.310	+5.308	+5.375	+5.412	+5.412	+5.412	+5.522	+4.333	+5.445	+5.411	+5.563	+5.422	+5.422	+5.368	+5.368	+5.263	+5.263	+5.263	+0.025	+0.025	+0.025	+0.025	-0.237	-0.209	+5.350	+5.106	+5.214	+4.992	+4.791	+5.460	+5.459	+5.566	+4.158	-0.443	-0.443	+5.615	+5.491	+5.493	+4.900	+5.628	+4.769	+4.101	+4.234	+4.085	-0.449	+5.080	+6.347	+4.875	+5.640	+5.929	+4.888	+4.025	+4.830	+4.068	+4.216	+4.196	+3.060	+2.896	+2.844	+3.811	-0.454	+2.588	+2.589	+2.591	-0.379	-0.175	-0.187	+3.988	+2.815	+2.680	-0.385	+3.658	-0.453	-0.452	-0.194	+4.417	-0.380	+4.545	-0.457	+4.349	-0.149	-0.398	-0.192	-0.453	-0.457	-0.458	-0.041	+2.733	+3.655	+3.654	+3.610	+3.594	-0.392	+0.892	-0.356	+0.967	+0.952	-0.358	
rs8026076      -0.610	-0.587	-0.581	-0.613	-0.663	-0.650	-0.710	-0.615	-0.684	-0.679	-0.399	-0.436	-0.543	-0.399	-0.539	-0.539	+2.767	-0.443	-0.441	-0.506	-0.452	-0.452	-0.514	-0.437	-0.443	-0.519	-0.513	-0.510	-0.367	-0.198	-0.511	-0.312	+3.998	-0.377	-0.452	-0.303	-0.304	+4.221	-0.322	+4.064	+4.043	+4.043	+4.042	+4.097	+4.128	+4.128	+4.128	+4.199	+4.715	+4.154	+4.127	+4.220	+4.135	+4.135	+4.092	+4.092	+4.005	+4.005	+4.005	-0.178	-0.178	-0.178	-0.178	-0.446	-0.450	+4.078	+3.875	+3.946	+3.798	+5.505	+4.168	+4.167	+4.236	+3.056	-0.492	-0.492	+4.278	+4.195	+4.197	+5.622	+4.290	+5.482	+3.030	+3.123	+3.018	-0.500	+5.895	+6.318	+5.596	+4.329	+4.550	+5.612	+2.995	+5.236	+3.029	+3.138	+3.122	+3.633	+3.526	+3.233	+2.833	-0.505	+2.920	+3.127	+2.924	-0.458	-0.277	-0.287	+4.636	+3.381	+3.230	-0.457	+2.690	-0.504	-0.502	-0.289	+5.074	-0.458	+5.122	-0.508	+5.000	-0.254	-0.451	-0.197	-0.504	-0.509	-0.511	-0.161	+3.075	+3.882	+3.881	+3.836	+3.970	-0.448	+1.019	-0.456	+1.102	+1.088	-0.454	
rs58965013     -0.816	-0.808	-0.803	-0.833	-0.883	-0.871	-0.917	-0.862	-0.914	-0.914	-0.534	-0.597	-0.777	-0.521	-0.777	-0.777	+1.539	-0.619	-0.608	-0.697	-0.642	-0.637	-0.793	-0.701	-0.692	-0.549	-0.534	-0.559	-0.457	-0.511	-0.431	-0.521	+2.795	-0.472	-0.677	-0.506	-0.459	+2.877	-0.479	+4.219	+4.196	+4.196	+4.195	+4.265	+4.299	+4.299	+4.299	+4.352	+3.518	+4.327	+4.298	+4.360	+4.315	+4.315	+4.230	+4.230	+4.131	+4.131	+4.130	-0.199	-0.199	-0.199	-0.199	-0.598	-0.612	+4.243	+4.048	+4.102	+4.031	+4.058	+4.340	+4.340	+4.390	+3.045	-0.493	-0.495	+4.437	+4.372	+4.373	+4.166	+4.448	+4.083	+3.036	+3.116	+3.023	-0.537	+4.409	+6.743	+4.183	+4.511	+4.725	+4.195	+3.002	+3.989	+3.035	+3.133	+3.117	+2.392	+2.215	+2.141	+2.905	-0.569	+1.927	+2.001	+1.930	-0.675	-0.325	-0.338	+3.429	+2.190	+2.088	-0.681	+2.713	-0.567	-0.562	-0.343	+3.920	-0.676	+4.176	-0.578	+3.845	-0.296	-0.691	-0.291	-0.573	-0.583	-0.589	-0.183	+2.063	+3.825	+3.825	+3.778	+3.861	-0.685	+0.410	-0.650	+0.476	+0.461	-0.651	
rs8030387      -0.619	-0.597	-0.591	-0.623	-0.673	-0.660	-0.720	-0.626	-0.695	-0.689	-0.407	-0.445	-0.554	-0.407	-0.549	-0.549	+2.750	-0.453	-0.451	-0.516	-0.463	-0.462	-0.525	-0.449	-0.455	-0.527	-0.520	-0.520	-0.374	-0.312	-0.521	-0.208	+3.993	-0.384	-0.463	-0.297	-0.302	+4.199	-0.321	+4.047	+4.026	+4.026	+4.025	+4.080	+4.111	+4.111	+4.111	+4.181	+4.704	+4.137	+4.111	+4.201	+4.118	+4.118	+4.075	+4.075	+3.988	+3.988	+3.988	-0.184	-0.184	-0.184	-0.184	-0.455	-0.459	+4.062	+3.858	+3.928	+3.794	+5.438	+4.151	+4.150	+4.217	+3.038	-0.502	-0.502	+4.259	+4.178	+4.180	+5.555	+4.271	+5.422	+3.013	+3.105	+3.002	-0.509	+5.824	+6.328	+5.535	+4.312	+4.530	+5.551	+2.979	+5.225	+3.012	+3.119	+3.103	+3.586	+3.474	+3.222	+2.828	-0.515	+2.909	+3.082	+2.912	-0.469	-0.283	-0.293	+4.580	+3.330	+3.185	-0.468	+2.673	-0.514	-0.512	-0.296	+5.015	-0.469	+5.104	-0.518	+4.942	-0.260	-0.462	-0.199	-0.514	-0.519	-0.521	-0.166	+3.062	+3.863	+3.863	+3.817	+3.946	-0.459	+1.009	-0.466	+1.092	+1.078	-0.464	
rs4965371      +2.513	+2.514	+2.516	+2.506	+2.490	+2.492	+2.455	+2.525	+2.461	+2.465	+3.290	+3.246	+2.854	+3.377	+2.841	+2.841	+2.785	+3.203	+3.223	+3.133	+3.169	+3.184	+2.745	+3.002	+3.027	+4.316	+4.355	+2.841	+3.555	+3.998	+2.795	+3.993	+3.122	+3.521	+3.100	+4.035	+4.195	+3.119	+4.144	+4.425	+4.409	+4.409	+4.408	+4.439	+4.462	+4.462	+4.462	+4.553	+3.595	+4.481	+4.462	+4.569	+4.483	+4.483	+4.429	+4.429	+4.363	+4.363	+4.363	+4.008	+4.008	+4.009	+4.009	+3.264	+3.235	+4.426	+4.321	+4.413	+4.131	+3.988	+4.495	+4.495	+4.585	+3.805	+2.914	+2.913	+4.616	+4.517	+4.518	+4.058	+4.627	+3.952	+3.755	+3.855	+3.749	+2.882	+4.256	+6.733	+4.028	+4.631	+4.838	+4.039	+3.818	+3.998	+3.845	+3.956	+3.943	+3.159	+3.102	+2.845	+3.609	+2.856	+2.811	+3.041	+2.812	+3.105	+3.364	+3.346	+3.695	+3.177	+3.084	+3.088	+3.831	+2.860	+2.866	+3.330	+4.046	+3.102	+3.994	+2.839	+4.003	+3.401	+3.053	+3.961	+2.853	+2.832	+2.821	+3.537	+2.864	+4.137	+4.136	+4.104	+4.378	+3.052	+2.657	+3.123	+2.643	+2.635	+3.101	
rs150519139    -0.579	-0.533	-0.527	-0.561	-0.617	-0.603	-0.676	-0.597	-0.666	-0.663	-0.302	-0.305	-0.410	-0.287	-0.400	-0.400	+2.242	-0.330	-0.318	-0.398	-0.356	-0.350	-0.334	-0.425	-0.415	-0.480	-0.471	-0.473	-0.206	-0.377	-0.472	-0.384	+3.521	-0.137	-0.396	-0.373	-0.338	+3.651	-0.353	+5.289	+5.265	+5.265	+5.264	+5.331	+5.368	+5.368	+5.367	+5.476	+4.298	+5.400	+5.367	+5.517	+5.378	+5.378	+5.324	+5.324	+5.219	+5.219	+5.219	+0.042	+0.042	+0.043	+0.043	-0.257	-0.232	+5.306	+5.063	+5.171	+4.950	+4.751	+5.416	+5.415	+5.521	+4.117	-0.458	-0.458	+5.570	+5.447	+5.449	+4.860	+5.583	+4.729	+4.060	+4.193	+4.045	-0.465	+5.041	+6.346	+4.835	+5.597	+5.884	+4.849	+3.986	+4.796	+4.029	+4.176	+4.156	+3.026	+2.863	+2.815	+3.774	-0.469	+2.560	+2.557	+2.563	-0.394	-0.178	-0.190	+3.953	+2.782	+2.649	-0.401	+3.620	-0.468	-0.467	-0.197	+4.380	-0.395	+4.509	-0.472	+4.313	-0.150	-0.413	-0.199	-0.468	-0.472	-0.473	-0.039	+2.703	+3.654	+3.653	+3.608	+3.589	-0.408	+0.869	-0.372	+0.944	+0.929	-0.374	
rs9972490      -0.759	-0.759	-0.754	-0.783	-0.831	-0.819	-0.872	-0.799	-0.865	-0.863	-0.466	-0.455	-0.746	-0.450	-0.746	-0.746	+1.820	-0.477	-0.464	-0.632	-0.487	-0.479	-0.764	-0.501	-0.506	-0.607	-0.596	-0.680	-0.380	-0.452	-0.677	-0.463	+3.100	-0.396	-0.370	-0.446	-0.400	+3.223	-0.422	+3.932	+3.910	+3.910	+3.909	+3.973	+4.006	+4.006	+4.006	+4.068	+3.797	+4.033	+4.005	+4.078	+4.018	+4.018	+3.972	+3.972	+3.880	+3.880	+3.879	-0.109	-0.109	-0.109	-0.109	-0.528	-0.543	+3.952	+3.758	+3.821	+3.750	+4.183	+4.046	+4.045	+4.103	+2.825	-0.667	-0.667	+4.149	+4.076	+4.078	+4.286	+4.160	+4.181	+2.811	+2.894	+2.799	-0.672	+4.539	+6.423	+4.285	+4.217	+4.432	+4.299	+2.783	+4.289	+2.814	+2.913	+2.898	+2.577	+2.455	+2.436	+2.687	-0.676	+2.196	+2.178	+2.200	-0.504	-0.237	-0.250	+3.525	+2.382	+2.265	-0.507	+2.505	-0.676	-0.675	-0.255	+3.944	-0.504	+4.067	-0.679	+3.874	-0.205	-0.512	-0.233	-0.676	-0.679	-0.680	-0.088	+2.340	+4.340	+4.339	+4.287	+4.421	-0.517	+0.576	-0.529	+0.647	+0.632	-0.537	
rs7180197      -0.605	-0.581	-0.576	-0.607	-0.657	-0.645	-0.705	-0.610	-0.679	-0.674	-0.394	-0.432	-0.537	-0.394	-0.533	-0.533	+2.791	-0.439	-0.437	-0.501	-0.448	-0.448	-0.508	-0.431	-0.438	-0.515	-0.509	-0.505	-0.363	-0.303	-0.506	-0.297	+4.035	-0.373	-0.446	-0.192	-0.298	+4.251	-0.315	+4.066	+4.045	+4.045	+4.044	+4.099	+4.130	+4.130	+4.130	+4.199	+4.754	+4.156	+4.129	+4.220	+4.137	+4.137	+4.094	+4.094	+4.007	+4.007	+4.006	-0.176	-0.176	-0.176	-0.176	-0.441	-0.445	+4.080	+3.876	+3.947	+3.811	+5.497	+4.170	+4.169	+4.236	+3.057	-0.486	-0.486	+4.278	+4.197	+4.198	+5.614	+4.289	+5.481	+3.032	+3.124	+3.021	-0.494	+5.885	+6.318	+5.595	+4.330	+4.548	+5.611	+2.997	+5.277	+3.031	+3.138	+3.122	+3.637	+3.525	+3.268	+2.845	-0.499	+2.952	+3.130	+2.955	-0.452	-0.274	-0.284	+4.635	+3.379	+3.233	-0.451	+2.690	-0.498	-0.497	-0.286	+5.071	-0.452	+5.158	-0.503	+4.997	-0.251	-0.445	-0.199	-0.499	-0.504	-0.506	-0.158	+3.105	+3.883	+3.882	+3.837	+3.969	-0.442	+1.034	-0.451	+1.117	+1.103	-0.449	
rs6598496      -0.560	-0.534	-0.529	-0.560	-0.611	-0.598	-0.661	-0.560	-0.635	-0.630	-0.354	-0.390	-0.489	-0.356	-0.484	-0.484	+2.964	-0.396	-0.395	-0.457	-0.404	-0.405	-0.459	-0.383	-0.390	-0.483	-0.478	-0.458	-0.329	-0.304	-0.459	-0.302	+4.195	-0.338	-0.400	-0.298	-0.143	+4.427	-0.256	+4.154	+4.133	+4.133	+4.132	+4.186	+4.217	+4.217	+4.217	+4.211	+4.912	+4.243	+4.216	+4.232	+4.223	+4.223	+4.180	+4.180	+4.092	+4.092	+4.092	-0.156	-0.156	-0.156	-0.156	-0.400	-0.403	+4.167	+3.960	+3.958	+3.889	+5.450	+4.257	+4.256	+4.248	+3.074	-0.438	-0.438	+4.289	+4.284	+4.285	+5.565	+4.300	+5.687	+3.118	+3.141	+3.106	-0.446	+5.828	+6.300	+5.802	+4.417	+4.558	+5.818	+3.081	+5.439	+3.115	+3.154	+3.138	+3.812	+3.510	+3.410	+2.921	-0.452	+3.084	+3.294	+3.088	-0.406	-0.244	-0.253	+4.821	+3.366	+3.398	-0.405	+2.706	-0.450	-0.449	-0.255	+5.259	-0.406	+5.339	-0.455	+5.185	-0.221	-0.397	-0.214	-0.451	-0.456	-0.458	-0.131	+3.238	+3.892	+3.891	+3.846	+3.985	-0.394	+1.125	-0.406	+1.209	+1.193	-0.404	
rs4246339      +2.622	+2.592	+2.595	+2.581	+2.560	+2.565	+2.532	+2.599	+2.536	+2.532	+3.395	+3.386	+2.910	+3.477	+2.898	+2.898	+2.935	+3.338	+3.362	+3.128	+3.306	+3.323	+2.760	+3.127	+3.152	+4.554	+4.597	+2.912	+3.685	+4.221	+2.877	+4.199	+3.119	+3.651	+3.223	+4.251	+4.427	+3.190	+4.372	+4.292	+4.277	+4.277	+4.276	+4.341	+4.364	+4.364	+4.364	+4.411	+3.602	+4.383	+4.364	+4.425	+4.382	+4.382	+4.331	+4.331	+4.267	+4.267	+4.266	+4.111	+4.111	+4.111	+4.111	+3.377	+3.346	+4.328	+4.218	+4.264	+4.370	+3.864	+4.396	+4.396	+4.442	+3.684	+3.003	+3.002	+4.472	+4.417	+4.419	+3.933	+4.483	+3.861	+3.677	+3.732	+3.672	+2.970	+4.115	+6.558	+3.937	+4.530	+4.690	+3.947	+3.731	+3.982	+3.757	+3.819	+3.807	+3.094	+3.016	+2.958	+3.861	+2.943	+2.927	+2.979	+2.928	+3.235	+3.506	+3.487	+3.580	+3.068	+3.016	+3.217	+3.680	+2.948	+2.955	+3.471	+3.905	+3.232	+4.173	+2.924	+3.864	+3.543	+3.177	+4.205	+2.941	+2.918	+2.909	+3.684	+2.990	+4.001	+4.001	+3.970	+4.230	+3.173	+2.677	+3.244	+2.676	+2.673	+3.220	
rs58608426     -0.579	-0.553	-0.548	-0.580	-0.630	-0.618	-0.680	-0.581	-0.656	-0.650	-0.371	-0.409	-0.510	-0.373	-0.505	-0.505	+2.914	-0.416	-0.414	-0.476	-0.424	-0.424	-0.481	-0.406	-0.413	-0.499	-0.494	-0.478	-0.344	-0.322	-0.479	-0.321	+4.144	-0.353	-0.422	-0.315	-0.256	+4.372	-0.164	+4.134	+4.113	+4.113	+4.112	+4.166	+4.197	+4.198	+4.197	+4.193	+4.862	+4.223	+4.197	+4.213	+4.204	+4.204	+4.160	+4.160	+4.073	+4.073	+4.072	-0.167	-0.166	-0.166	-0.166	-0.418	-0.422	+4.147	+3.941	+3.940	+3.868	+5.401	+4.237	+4.237	+4.229	+3.055	-0.458	-0.458	+4.271	+4.264	+4.266	+5.515	+4.282	+5.635	+3.097	+3.121	+3.085	-0.466	+5.779	+6.310	+5.751	+4.398	+4.540	+5.767	+3.060	+5.389	+3.094	+3.135	+3.119	+3.765	+3.465	+3.363	+2.900	-0.471	+3.041	+3.250	+3.045	-0.427	-0.257	-0.267	+4.775	+3.324	+3.354	-0.426	+2.689	-0.470	-0.469	-0.268	+5.213	-0.427	+5.288	-0.475	+5.139	-0.235	-0.419	-0.216	-0.471	-0.476	-0.478	-0.143	+3.195	+3.872	+3.872	+3.827	+3.961	-0.416	+1.093	-0.426	+1.177	+1.163	-0.424	
