## Summary of overall evidence for association with region:
## log10(BF for region) = 19.114
## p-value for region = NA

## BFs for choosing among multi-SNP models:
## log10(average 1-SNP BF) = 12.858
## log10(average 2-SNP BF) = 19.5911

## Example posterior probabilities for multi-SNP models, based on default prior: [p(l) propto 0.5^l for l=1,2,...,L]
## posterior probability of 1-SNP = 3.69716e-07
## posterior probability of 2-SNP = 1

## log10(BF) for single SNP and pair of SNPs:
rs2516232      -0.407	-0.247	-0.520	-0.520	-0.315	-0.500	-0.089	-0.497	-0.507	-0.500	+0.340	-0.808	-0.820	+0.160	+0.004	-0.809	+0.140	-0.816	-0.812	+0.190	+0.213	-0.822	+0.171	-0.806	-0.825	+0.225	+0.225	+0.239	+0.234	-0.828	-0.788	-0.815	+0.281	-0.047	+0.216	-0.825	+0.296	-0.815	+0.271	-0.832	-0.833	+0.260	-0.833	-0.851	-0.820	-0.834	-0.834	-0.834	-0.834	-0.835	+0.235	-0.835	-0.836	+0.280	-0.852	+0.548	+0.490	-0.493	-0.475	+0.570	+0.696	+1.287	+1.318	+0.491	+1.306	+1.238	-0.557	-0.647	+1.729	+0.887	+1.742	+1.794	+2.386	-0.849	+2.798	-0.876	-0.875	-0.437	-0.444	-0.877	-0.875	-0.876	+2.949	-0.884	-0.400	-0.385	-0.391	-0.559	+3.133	-0.187	-0.407	+4.658	+4.604	+4.709	-0.017	-0.010	+5.874	+5.444	+6.689	+5.323	+12.589	+5.502	+5.435	+12.619	+5.367	+12.741	+5.490	+12.798	+5.464	+5.453	+5.419	+12.499	+12.819	+12.883	+11.013	+12.910	+12.922	+11.203	+6.372	-0.628	+11.973	+11.887	+12.952	+12.908	+12.913	+11.296	+12.836	+11.518	+12.984	+11.706	+13.074	+11.896	+11.897	+12.068	+13.092	+12.068	+11.993	+13.098	+11.907	+13.124	+13.145	+12.295	+12.986	+13.606	+12.554	+0.579	+6.668	+6.669	
rs6927364      -0.247	-0.151	-0.247	-0.246	-0.271	-0.287	-0.180	-0.354	-0.366	-0.360	+0.286	-0.584	-0.596	+0.364	+0.213	-0.585	+0.345	-0.592	-0.588	+0.393	+0.416	-0.597	+0.375	-0.582	-0.601	+0.428	+0.428	+0.442	+0.435	-0.603	-0.565	-0.591	+0.483	+0.171	+0.438	-0.601	+0.498	-0.592	+0.493	-0.607	-0.608	+0.463	-0.608	-0.625	-0.596	-0.609	-0.609	-0.609	-0.609	-0.610	+0.459	-0.610	-0.610	+0.482	-0.626	+0.747	+0.689	-0.288	-0.271	+0.769	+0.892	+1.478	+1.508	+0.709	+1.497	+1.429	-0.333	-0.421	+1.924	+1.110	+1.937	+1.988	+2.577	-0.617	+2.975	-0.643	-0.642	-0.180	-0.187	-0.644	-0.642	-0.643	+3.126	-0.650	-0.142	-0.126	-0.133	-0.332	+3.307	+0.063	-0.178	+4.862	+4.810	+4.915	+0.236	+0.244	+5.960	+5.752	+6.998	+5.624	+12.700	+5.803	+5.737	+12.729	+5.664	+12.850	+5.787	+12.909	+5.760	+5.750	+5.716	+12.606	+12.924	+12.987	+11.116	+13.015	+13.026	+11.304	+6.598	-0.393	+12.092	+12.006	+13.057	+13.013	+13.018	+11.398	+12.945	+11.617	+13.087	+11.783	+13.156	+11.969	+11.972	+12.140	+13.173	+12.139	+12.067	+13.179	+11.981	+13.205	+13.226	+12.382	+13.069	+13.701	+12.639	+0.809	+6.952	+6.913	
rs563853       -0.520	-0.247	-0.407	-0.520	-0.315	-0.500	-0.089	-0.497	-0.507	-0.500	+0.340	-0.808	-0.820	+0.160	+0.004	-0.809	+0.140	-0.816	-0.811	+0.190	+0.213	-0.822	+0.172	-0.806	-0.825	+0.225	+0.225	+0.240	+0.234	-0.828	-0.788	-0.815	+0.281	-0.046	+0.216	-0.825	+0.296	-0.815	+0.271	-0.832	-0.833	+0.260	-0.833	-0.851	-0.820	-0.834	-0.834	-0.834	-0.834	-0.835	+0.235	-0.835	-0.836	+0.280	-0.852	+0.548	+0.491	-0.493	-0.475	+0.570	+0.696	+1.287	+1.318	+0.491	+1.306	+1.238	-0.557	-0.647	+1.729	+0.887	+1.742	+1.794	+2.386	-0.849	+2.798	-0.876	-0.875	-0.437	-0.444	-0.877	-0.875	-0.876	+2.949	-0.884	-0.400	-0.384	-0.391	-0.559	+3.133	-0.187	-0.407	+4.658	+4.604	+4.709	-0.017	-0.010	+5.874	+5.444	+6.689	+5.323	+12.589	+5.502	+5.435	+12.619	+5.367	+12.741	+5.490	+12.798	+5.464	+5.453	+5.419	+12.499	+12.819	+12.883	+11.013	+12.910	+12.922	+11.203	+6.372	-0.628	+11.973	+11.887	+12.952	+12.908	+12.913	+11.296	+12.836	+11.518	+12.984	+11.706	+13.074	+11.896	+11.897	+12.068	+13.092	+12.068	+11.993	+13.098	+11.907	+13.124	+13.145	+12.295	+12.986	+13.606	+12.554	+0.580	+6.668	+6.669	
rs542119       -0.520	-0.246	-0.520	-0.408	-0.314	-0.500	-0.087	-0.498	-0.507	-0.500	+0.341	-0.809	-0.821	+0.160	+0.003	-0.809	+0.140	-0.817	-0.812	+0.189	+0.213	-0.822	+0.171	-0.806	-0.826	+0.225	+0.225	+0.239	+0.233	-0.828	-0.788	-0.815	+0.281	-0.047	+0.216	-0.826	+0.296	-0.816	+0.271	-0.832	-0.834	+0.260	-0.834	-0.851	-0.821	-0.834	-0.834	-0.834	-0.835	-0.835	+0.234	-0.836	-0.836	+0.280	-0.853	+0.547	+0.490	-0.493	-0.475	+0.570	+0.695	+1.287	+1.317	+0.490	+1.306	+1.238	-0.557	-0.648	+1.728	+0.886	+1.742	+1.793	+2.385	-0.849	+2.798	-0.876	-0.875	-0.437	-0.445	-0.877	-0.875	-0.876	+2.949	-0.884	-0.400	-0.385	-0.392	-0.559	+3.133	-0.188	-0.407	+4.658	+4.603	+4.709	-0.018	-0.011	+5.874	+5.442	+6.688	+5.322	+12.589	+5.500	+5.434	+12.619	+5.366	+12.740	+5.489	+12.798	+5.462	+5.452	+5.418	+12.498	+12.818	+12.882	+11.013	+12.909	+12.921	+11.202	+6.371	-0.629	+11.972	+11.886	+12.951	+12.908	+12.912	+11.296	+12.836	+11.517	+12.984	+11.705	+13.074	+11.895	+11.897	+12.068	+13.092	+12.068	+11.993	+13.097	+11.907	+13.124	+13.145	+12.295	+12.986	+13.606	+12.553	+0.579	+6.667	+6.667	
rs515572       -0.315	-0.271	-0.315	-0.314	-0.195	-0.348	-0.175	-0.387	-0.398	-0.392	+0.274	-0.624	-0.636	+0.327	+0.175	-0.624	+0.307	-0.632	-0.627	+0.355	+0.379	-0.637	+0.337	-0.622	-0.640	+0.391	+0.391	+0.405	+0.398	-0.643	-0.604	-0.630	+0.446	+0.133	+0.399	-0.640	+0.461	-0.632	+0.454	-0.647	-0.648	+0.425	-0.648	-0.665	-0.636	-0.648	-0.648	-0.649	-0.649	-0.650	+0.420	-0.650	-0.650	+0.445	-0.666	+0.710	+0.652	-0.326	-0.309	+0.732	+0.856	+1.442	+1.472	+0.671	+1.461	+1.393	-0.372	-0.461	+1.888	+1.071	+1.900	+1.951	+2.540	-0.658	+2.940	-0.683	-0.683	-0.225	-0.232	-0.684	-0.683	-0.684	+3.091	-0.691	-0.187	-0.171	-0.178	-0.373	+3.273	+0.017	-0.220	+4.822	+4.769	+4.875	+0.189	+0.197	+5.936	+5.683	+6.940	+5.557	+12.673	+5.735	+5.669	+12.702	+5.597	+12.824	+5.720	+12.882	+5.693	+5.683	+5.649	+12.581	+12.899	+12.962	+11.083	+12.989	+13.001	+11.271	+6.555	-0.435	+12.065	+11.979	+13.032	+12.989	+12.993	+11.365	+12.918	+11.585	+13.063	+11.754	+13.133	+11.941	+11.943	+12.113	+13.151	+12.112	+12.038	+13.156	+11.953	+13.183	+13.204	+12.352	+13.047	+13.679	+12.609	+0.767	+6.886	+6.853	
rs561480       -0.500	-0.287	-0.500	-0.500	-0.348	-0.385	-0.144	-0.491	-0.501	-0.494	+0.321	-0.790	-0.802	+0.178	+0.022	-0.791	+0.158	-0.798	-0.793	+0.207	+0.230	-0.804	+0.189	-0.788	-0.807	+0.243	+0.243	+0.257	+0.251	-0.809	-0.770	-0.797	+0.298	-0.032	+0.237	-0.807	+0.313	-0.797	+0.292	-0.814	-0.815	+0.277	-0.815	-0.832	-0.802	-0.815	-0.815	-0.815	-0.816	-0.816	+0.252	-0.817	-0.817	+0.297	-0.834	+0.565	+0.507	-0.475	-0.458	+0.587	+0.712	+1.303	+1.334	+0.511	+1.322	+1.254	-0.540	-0.630	+1.746	+0.908	+1.759	+1.811	+2.402	-0.830	+2.813	-0.856	-0.855	-0.412	-0.419	-0.857	-0.855	-0.856	+2.964	-0.864	-0.375	-0.359	-0.366	-0.540	+3.148	-0.162	-0.388	+4.677	+4.622	+4.728	+0.009	+0.017	+5.880	+5.489	+6.735	+5.367	+12.601	+5.547	+5.480	+12.631	+5.412	+12.752	+5.535	+12.810	+5.509	+5.498	+5.464	+12.511	+12.830	+12.894	+11.024	+12.921	+12.933	+11.213	+6.398	-0.608	+11.986	+11.900	+12.963	+12.920	+12.924	+11.306	+12.848	+11.528	+12.996	+11.716	+13.086	+11.906	+11.907	+12.078	+13.104	+12.078	+12.003	+13.109	+11.917	+13.136	+13.157	+12.305	+12.998	+13.617	+12.563	+0.600	+6.715	+6.713	
rs482591       -0.089	-0.180	-0.089	-0.087	-0.175	-0.144	-0.062	-0.287	-0.299	-0.293	+0.317	-0.507	-0.518	+0.438	+0.288	-0.507	+0.419	-0.515	-0.510	+0.467	+0.490	-0.520	+0.448	-0.505	-0.523	+0.502	+0.502	+0.515	+0.509	-0.525	-0.487	-0.514	+0.556	+0.246	+0.518	-0.523	+0.572	-0.514	+0.573	-0.529	-0.531	+0.536	-0.530	-0.547	-0.519	-0.531	-0.531	-0.531	-0.531	-0.532	+0.535	-0.532	-0.533	+0.556	-0.548	+0.820	+0.762	-0.214	-0.198	+0.842	+0.965	+1.549	+1.579	+0.789	+1.568	+1.501	-0.256	-0.343	+1.998	+1.193	+2.011	+2.062	+2.651	-0.538	+3.046	-0.563	-0.562	-0.090	-0.098	-0.564	-0.562	-0.563	+3.196	-0.570	-0.052	-0.035	-0.043	-0.254	+3.378	+0.151	-0.100	+4.941	+4.889	+4.995	+0.325	+0.334	+6.010	+5.877	+7.128	+5.746	+12.761	+5.926	+5.860	+12.790	+5.800	+12.911	+5.924	+12.970	+5.897	+5.887	+5.853	+12.666	+12.984	+13.046	+11.174	+13.074	+13.086	+11.362	+6.690	-0.312	+12.156	+12.070	+13.116	+13.073	+13.077	+11.455	+13.006	+11.674	+13.147	+11.835	+13.210	+12.019	+12.022	+12.190	+13.228	+12.189	+12.117	+13.233	+12.032	+13.259	+13.280	+12.445	+13.123	+13.769	+12.702	+0.891	+7.088	+7.030	
rs189842397    -0.497	-0.354	-0.497	-0.498	-0.387	-0.491	-0.287	-0.168	-0.319	-0.315	+0.486	-0.622	-0.632	+0.307	+0.155	-0.622	+0.288	-0.629	-0.625	+0.336	+0.359	-0.634	+0.318	-0.620	-0.637	+0.371	+0.371	+0.385	+0.380	-0.639	-0.603	-0.628	+0.426	+0.121	+0.380	-0.637	+0.440	-0.626	+0.435	-0.643	-0.644	+0.405	-0.644	-0.660	-0.633	-0.645	-0.645	-0.645	-0.645	-0.646	+0.380	-0.646	-0.646	+0.425	-0.660	+0.688	+0.631	-0.338	-0.321	+0.710	+0.834	+1.417	+1.447	+0.645	+1.436	+1.369	-0.377	-0.464	+1.843	+1.026	+1.856	+1.907	+2.490	-0.651	+2.900	-0.673	-0.672	-0.165	-0.172	-0.674	-0.672	-0.673	+3.051	-0.678	-0.125	-0.107	-0.115	-0.358	+3.233	+0.040	-0.204	+4.765	+4.709	+4.814	+0.214	+0.221	+5.950	+5.784	+7.059	+5.655	+12.652	+5.836	+5.765	+12.681	+5.709	+12.803	+5.834	+12.860	+5.807	+5.796	+5.761	+12.561	+12.881	+12.946	+11.081	+12.972	+12.984	+11.270	+6.478	-0.419	+12.036	+11.950	+13.013	+12.970	+12.974	+11.363	+12.898	+11.585	+13.046	+11.774	+13.135	+11.964	+11.966	+12.137	+13.154	+12.137	+12.062	+13.159	+11.976	+13.185	+13.207	+12.366	+13.047	+13.669	+12.624	+0.756	+7.036	+7.021	
rs184267799    -0.507	-0.366	-0.507	-0.507	-0.398	-0.501	-0.299	-0.319	-0.184	-0.265	+0.462	-0.632	-0.643	+0.298	+0.145	-0.633	+0.279	-0.640	-0.636	+0.327	+0.350	-0.645	+0.309	-0.630	-0.648	+0.362	+0.362	+0.375	+0.370	-0.650	-0.614	-0.638	+0.416	+0.111	+0.372	-0.648	+0.431	-0.637	+0.426	-0.654	-0.655	+0.396	-0.655	-0.671	-0.644	-0.656	-0.656	-0.656	-0.656	-0.657	+0.370	-0.657	-0.657	+0.416	-0.672	+0.679	+0.622	-0.346	-0.329	+0.701	+0.825	+1.406	+1.436	+0.636	+1.425	+1.358	-0.387	-0.474	+1.833	+1.018	+1.847	+1.897	+2.480	-0.663	+2.891	-0.686	-0.685	-0.186	-0.194	-0.686	-0.685	-0.686	+3.041	-0.691	-0.147	-0.130	-0.138	-0.372	+3.223	+0.049	-0.218	+4.754	+4.696	+4.800	+0.224	+0.232	+5.940	+5.862	+7.125	+5.730	+12.639	+5.912	+5.842	+12.669	+5.804	+12.791	+5.930	+12.848	+5.902	+5.891	+5.854	+12.548	+12.869	+12.934	+11.071	+12.960	+12.972	+11.260	+6.464	-0.432	+12.022	+11.936	+13.001	+12.957	+12.962	+11.353	+12.885	+11.575	+13.033	+11.764	+13.123	+11.954	+11.956	+12.127	+13.141	+12.127	+12.052	+13.147	+11.966	+13.173	+13.194	+12.356	+13.034	+13.657	+12.615	+0.745	+7.137	+7.099	
rs184303230    -0.500	-0.360	-0.500	-0.500	-0.392	-0.494	-0.293	-0.315	-0.265	-0.175	+0.458	-0.625	-0.636	+0.306	+0.153	-0.626	+0.287	-0.633	-0.628	+0.335	+0.358	-0.638	+0.317	-0.623	-0.641	+0.370	+0.370	+0.383	+0.378	-0.643	-0.606	-0.631	+0.424	+0.118	+0.380	-0.641	+0.439	-0.630	+0.435	-0.647	-0.648	+0.404	-0.648	-0.663	-0.636	-0.648	-0.648	-0.648	-0.649	-0.649	+0.378	-0.650	-0.650	+0.424	-0.664	+0.687	+0.630	-0.339	-0.322	+0.709	+0.833	+1.414	+1.445	+0.644	+1.433	+1.366	-0.380	-0.467	+1.842	+1.027	+1.855	+1.906	+2.489	-0.655	+2.899	-0.678	-0.677	-0.177	-0.184	-0.679	-0.677	-0.678	+3.049	-0.683	-0.137	-0.120	-0.128	-0.364	+3.231	+0.059	-0.210	+4.762	+4.704	+4.808	+0.234	+0.242	+5.943	+5.880	+7.143	+5.748	+12.643	+5.930	+5.859	+12.673	+5.822	+12.795	+5.948	+12.852	+5.920	+5.909	+5.872	+12.552	+12.872	+12.937	+11.074	+12.964	+12.975	+11.263	+6.473	-0.424	+12.026	+11.941	+13.005	+12.961	+12.966	+11.357	+12.889	+11.578	+13.037	+11.767	+13.127	+11.957	+11.959	+12.130	+13.145	+12.130	+12.055	+13.151	+11.969	+13.177	+13.198	+12.360	+13.037	+13.661	+12.618	+0.753	+7.155	+7.117	
rs10948174     +0.340	+0.286	+0.340	+0.341	+0.274	+0.321	+0.317	+0.486	+0.462	+0.458	+0.675	+0.160	+0.150	+0.820	+0.694	+0.160	+0.803	+0.153	+0.157	+0.845	+0.865	+0.148	+0.828	+0.163	+0.144	+0.876	+0.876	+0.889	+0.883	+0.142	+0.181	+0.154	+0.924	+0.793	+0.974	+0.144	+0.938	+0.158	+1.021	+0.138	+0.137	+0.906	+0.137	+0.120	+0.149	+0.136	+0.136	+0.136	+0.136	+0.135	+0.885	+0.135	+0.134	+0.924	+0.119	+1.159	+1.106	+0.348	+0.362	+1.179	+1.290	+1.821	+1.850	+1.205	+1.839	+1.777	+0.337	+0.262	+2.285	+1.630	+2.297	+2.345	+2.891	+0.110	+3.253	+0.098	+0.098	+0.615	+0.607	+0.097	+0.098	+0.098	+3.394	+0.098	+0.655	+0.673	+0.664	+0.373	+3.566	+0.892	+0.516	+5.097	+5.046	+5.133	+1.078	+1.086	+6.213	+6.570	+7.854	+6.427	+12.795	+6.609	+6.536	+12.820	+6.493	+12.941	+6.617	+12.997	+6.590	+6.579	+6.543	+12.704	+13.015	+13.079	+11.204	+13.105	+13.117	+11.389	+7.008	+0.358	+12.213	+12.128	+13.150	+13.108	+13.113	+11.484	+13.041	+11.698	+13.182	+11.885	+13.277	+12.070	+12.074	+12.242	+13.296	+12.242	+12.170	+13.301	+12.085	+13.327	+13.348	+12.470	+13.197	+13.810	+12.724	+1.534	+7.809	+7.800	
rs2327616      -0.808	-0.584	-0.808	-0.809	-0.624	-0.790	-0.507	-0.622	-0.632	-0.625	+0.160	-0.524	-0.683	+4.909	+4.286	-0.668	+4.788	-0.671	-0.668	+5.031	+5.115	-0.676	+4.777	-0.676	-0.678	+5.145	+5.145	+5.190	+5.196	-0.678	-0.650	-0.681	+5.366	+0.218	+1.621	-0.680	+5.434	-0.714	+1.758	-0.677	-0.676	+5.289	-0.677	-0.664	-0.683	-0.676	-0.676	-0.676	-0.676	-0.675	+4.722	-0.675	-0.676	+5.379	-0.647	+6.171	+5.688	+0.150	+0.188	+6.240	+6.663	+8.033	+7.893	+2.236	+7.852	+7.564	-0.614	-0.717	+8.006	+2.737	+7.967	+8.056	+9.479	-0.867	+10.413	-0.851	-0.853	+3.704	+3.656	-0.850	-0.853	-0.851	+10.649	-0.829	+3.936	+3.910	+3.971	-0.573	+11.031	+0.835	-0.394	+10.814	+10.633	+10.934	+1.063	+1.073	+9.163	+10.183	+14.055	+9.640	+20.201	+9.904	+9.807	+20.263	+9.502	+20.474	+9.698	+20.484	+9.665	+9.650	+9.587	+20.197	+20.597	+20.612	+15.928	+20.701	+20.715	+16.153	+8.784	-0.706	+19.780	+19.668	+20.724	+20.657	+20.657	+16.241	+20.497	+16.533	+20.713	+16.577	+20.454	+16.756	+16.768	+16.988	+20.416	+16.984	+16.874	+20.423	+16.756	+20.452	+20.474	+17.084	+20.052	+20.762	+17.403	+0.732	+11.279	+11.402	
rs13217579     -0.820	-0.596	-0.820	-0.821	-0.636	-0.802	-0.518	-0.632	-0.643	-0.636	+0.150	-0.683	-0.538	+4.744	+4.128	-0.676	+4.625	-0.681	-0.676	+4.868	+4.954	-0.687	+4.629	-0.682	-0.691	+4.987	+4.987	+5.031	+5.006	-0.692	-0.650	-0.689	+5.205	+0.226	+1.606	-0.693	+5.269	-0.724	+1.742	-0.693	-0.693	+5.125	-0.694	-0.688	-0.693	-0.693	-0.693	-0.693	-0.693	-0.692	+4.582	-0.692	-0.693	+5.215	-0.676	+6.005	+5.538	+0.113	+0.149	+6.074	+6.466	+7.812	+7.680	+2.222	+7.640	+7.356	-0.618	-0.723	+7.824	+2.726	+7.788	+7.879	+9.280	-0.881	+10.205	-0.868	-0.870	+3.490	+3.442	-0.867	-0.869	-0.868	+10.441	-0.847	+3.712	+3.685	+3.746	-0.589	+10.817	+0.780	-0.415	+10.625	+10.448	+10.744	+1.015	+1.026	+9.056	+10.075	+14.083	+9.539	+20.215	+9.803	+9.709	+20.276	+9.401	+20.488	+9.596	+20.496	+9.563	+9.548	+9.485	+20.208	+20.611	+20.624	+15.826	+20.717	+20.731	+16.052	+8.768	-0.720	+19.793	+19.684	+20.744	+20.676	+20.677	+16.142	+20.521	+16.433	+20.731	+16.473	+20.462	+16.648	+16.663	+16.880	+20.421	+16.876	+16.767	+20.427	+16.651	+20.456	+20.477	+16.979	+20.052	+20.761	+17.297	+0.714	+11.178	+11.295	
rs6916397      +0.160	+0.364	+0.160	+0.160	+0.327	+0.178	+0.438	+0.307	+0.298	+0.306	+0.820	+4.909	+4.744	+0.489	+0.427	+5.010	+0.400	+4.936	+5.006	+0.431	+0.448	+4.831	+0.401	+4.971	+4.762	+0.456	+0.456	+0.463	+0.462	+4.724	+5.240	+4.872	+0.520	+5.354	+0.312	+4.745	+0.540	+4.322	+0.347	+4.648	+4.627	+0.495	+4.615	+4.420	+4.793	+4.623	+4.623	+4.622	+4.614	+4.606	+0.415	+4.600	+4.580	+0.524	+4.304	+0.905	+0.718	+0.162	+0.155	+0.949	+1.238	+2.583	+2.420	+0.499	+2.373	+2.117	+2.867	+2.462	+2.813	+0.816	+2.819	+2.909	+4.434	+1.249	+5.410	+0.979	+0.990	+0.095	+0.096	+0.967	+0.985	+0.974	+5.674	+0.836	+0.091	+0.089	+0.090	+0.174	+6.078	+0.153	+0.267	+5.881	+5.762	+5.983	+0.241	+0.245	+6.592	+5.033	+6.432	+4.909	+15.406	+5.088	+5.020	+15.466	+4.949	+15.650	+5.071	+15.669	+5.045	+5.034	+5.000	+15.348	+15.764	+15.798	+12.334	+15.873	+15.888	+12.557	+6.250	+0.207	+14.752	+14.652	+15.896	+15.832	+15.834	+12.656	+15.683	+12.933	+15.907	+13.048	+15.751	+13.241	+13.244	+13.453	+15.730	+13.450	+13.350	+15.736	+13.241	+15.765	+15.787	+13.646	+15.438	+16.224	+13.952	+0.985	+6.263	+6.261	
rs6916418      +0.004	+0.213	+0.004	+0.003	+0.175	+0.022	+0.288	+0.155	+0.145	+0.153	+0.694	+4.286	+4.128	+0.427	+0.322	+4.382	+0.375	+4.309	+4.376	+0.498	+0.553	+4.208	+0.395	+4.344	+4.142	+0.570	+0.569	+0.575	+0.580	+4.105	+4.607	+4.249	+0.744	+4.856	+0.228	+4.126	+0.790	+3.730	+0.268	+4.033	+4.013	+0.679	+4.001	+3.808	+4.172	+4.008	+4.008	+4.007	+4.000	+3.992	+0.413	+3.986	+3.968	+0.765	+3.703	+1.318	+0.928	-0.032	-0.034	+1.381	+1.778	+3.410	+3.128	+0.441	+3.068	+2.734	+2.503	+2.111	+3.353	+0.783	+3.350	+3.444	+5.113	+0.961	+6.134	+0.710	+0.719	-0.069	-0.069	+0.698	+0.716	+0.705	+6.392	+0.578	-0.068	-0.067	-0.067	+0.023	+6.812	+0.023	+0.121	+6.175	+6.048	+6.283	+0.121	+0.125	+6.791	+5.084	+6.562	+4.948	+15.764	+5.131	+5.062	+15.828	+4.984	+16.013	+5.109	+16.028	+5.083	+5.072	+5.036	+15.709	+16.128	+16.159	+12.570	+16.238	+16.252	+12.795	+6.319	+0.048	+15.112	+15.011	+16.258	+16.193	+16.195	+12.894	+16.039	+13.174	+16.267	+13.283	+16.093	+13.475	+13.478	+13.690	+16.070	+13.686	+13.584	+16.076	+13.473	+16.105	+16.127	+13.877	+15.765	+16.558	+14.186	+0.862	+6.322	+6.323	
rs6922482      -0.809	-0.585	-0.809	-0.809	-0.624	-0.791	-0.507	-0.622	-0.633	-0.626	+0.160	-0.668	-0.676	+5.010	+4.382	-0.525	+4.886	-0.662	-0.660	+5.137	+5.225	-0.664	+4.885	-0.671	-0.666	+5.258	+5.258	+5.302	+5.275	-0.665	-0.648	-0.673	+5.481	+0.199	+1.635	-0.668	+5.545	-0.710	+1.772	-0.662	-0.660	+5.399	-0.661	-0.637	-0.674	-0.659	-0.659	-0.659	-0.659	-0.658	+4.819	-0.657	-0.658	+5.491	-0.611	+6.286	+5.799	+0.161	+0.197	+6.354	+6.742	+8.098	+7.955	+2.252	+7.915	+7.623	-0.621	-0.723	+8.064	+2.753	+8.026	+8.117	+9.537	-0.867	+10.469	-0.850	-0.852	+3.800	+3.751	-0.848	-0.851	-0.850	+10.704	-0.826	+4.029	+3.996	+4.063	-0.571	+11.083	+0.845	-0.391	+10.817	+10.636	+10.936	+1.073	+1.085	+9.159	+10.212	+14.092	+9.670	+20.225	+9.934	+9.841	+20.287	+9.529	+20.498	+9.725	+20.505	+9.692	+9.677	+9.613	+20.218	+20.620	+20.633	+15.956	+20.725	+20.739	+16.182	+8.779	-0.706	+19.802	+19.693	+20.751	+20.684	+20.685	+16.271	+20.529	+16.565	+20.740	+16.602	+20.478	+16.779	+16.794	+17.013	+20.439	+17.008	+16.899	+20.445	+16.782	+20.475	+20.497	+17.111	+20.077	+20.787	+17.430	+0.736	+11.318	+11.434	
rs1572000      +0.140	+0.345	+0.140	+0.140	+0.307	+0.158	+0.419	+0.288	+0.279	+0.287	+0.803	+4.788	+4.625	+0.400	+0.375	+4.886	+0.468	+4.813	+4.881	+0.424	+0.445	+4.709	+0.391	+4.849	+4.641	+0.454	+0.454	+0.462	+0.461	+4.603	+5.114	+4.787	+0.528	+5.287	+0.301	+4.624	+0.549	+4.211	+0.336	+4.528	+4.508	+0.499	+4.496	+4.303	+4.709	+4.504	+4.503	+4.502	+4.495	+4.487	+0.408	+4.481	+4.462	+0.532	+4.189	+0.938	+0.733	+0.136	+0.129	+0.984	+1.287	+2.661	+2.487	+0.491	+2.439	+2.174	+2.818	+2.405	+2.869	+0.811	+2.887	+2.978	+4.528	+1.211	+5.511	+0.942	+0.953	+0.073	+0.074	+0.930	+0.950	+0.939	+5.775	+0.801	+0.070	+0.068	+0.070	+0.155	+6.180	+0.136	+0.248	+5.922	+5.801	+6.024	+0.226	+0.229	+6.618	+5.038	+6.445	+4.913	+15.467	+5.092	+5.024	+15.527	+4.952	+15.709	+5.075	+15.728	+5.048	+5.038	+5.003	+15.395	+15.814	+15.848	+12.374	+15.924	+15.938	+12.597	+6.259	+0.187	+14.802	+14.701	+15.945	+15.881	+15.883	+12.697	+15.740	+12.973	+15.955	+13.087	+15.795	+13.274	+13.283	+13.486	+15.773	+13.483	+13.388	+15.780	+13.278	+15.809	+15.830	+13.687	+15.475	+16.269	+13.994	+0.970	+6.269	+6.266	
rs10948235     -0.816	-0.592	-0.816	-0.817	-0.632	-0.798	-0.515	-0.629	-0.640	-0.633	+0.153	-0.671	-0.681	+4.936	+4.309	-0.662	+4.813	-0.533	-0.662	+5.061	+5.148	-0.671	+4.809	-0.672	-0.675	+5.180	+5.180	+5.225	+5.197	-0.675	-0.640	-0.677	+5.403	+0.220	+1.602	-0.677	+5.467	-0.716	+1.738	-0.674	-0.673	+5.321	-0.674	-0.658	-0.680	-0.673	-0.673	-0.673	-0.672	-0.671	+4.750	-0.671	-0.672	+5.412	-0.638	+6.208	+5.723	+0.136	+0.173	+6.276	+6.663	+8.020	+7.879	+2.214	+7.838	+7.547	-0.618	-0.723	+7.991	+2.715	+7.954	+8.044	+9.463	-0.875	+10.397	-0.860	-0.862	+3.706	+3.657	-0.859	-0.862	-0.860	+10.633	-0.838	+3.934	+3.902	+3.968	-0.582	+11.012	+0.813	-0.402	+10.766	+10.586	+10.886	+1.041	+1.052	+9.121	+10.162	+14.033	+9.622	+20.177	+9.886	+9.792	+20.239	+9.481	+20.450	+9.678	+20.458	+9.645	+9.629	+9.566	+20.170	+20.571	+20.585	+15.914	+20.677	+20.690	+16.140	+8.753	-0.715	+19.754	+19.645	+20.703	+20.635	+20.636	+16.230	+20.480	+16.523	+20.691	+16.561	+20.431	+16.738	+16.753	+16.972	+20.392	+16.967	+16.858	+20.398	+16.741	+20.428	+20.450	+17.070	+20.030	+20.741	+17.389	+0.721	+11.270	+11.386	
rs950720       -0.812	-0.588	-0.811	-0.812	-0.627	-0.793	-0.510	-0.625	-0.636	-0.628	+0.157	-0.668	-0.676	+5.006	+4.376	-0.660	+4.881	-0.662	-0.528	+5.145	+5.242	-0.660	+4.909	-0.666	-0.661	+5.285	+5.285	+5.330	+5.302	-0.660	-0.637	-0.669	+5.509	+0.211	+1.634	-0.664	+5.574	-0.709	+1.771	-0.657	-0.654	+5.427	-0.656	-0.630	-0.670	-0.654	-0.654	-0.654	-0.653	-0.652	+4.845	-0.651	-0.653	+5.519	-0.596	+6.318	+5.824	+0.155	+0.192	+6.387	+6.773	+8.133	+7.988	+2.252	+7.947	+7.653	-0.619	-0.722	+8.088	+2.752	+8.050	+8.141	+9.565	-0.869	+10.500	-0.853	-0.855	+3.841	+3.792	-0.852	-0.854	-0.853	+10.735	-0.830	+4.072	+4.036	+4.106	-0.575	+11.114	+0.840	-0.395	+10.839	+10.658	+10.960	+1.068	+1.079	+9.158	+10.218	+14.111	+9.674	+20.237	+9.938	+9.845	+20.299	+9.531	+20.511	+9.728	+20.519	+9.695	+9.680	+9.616	+20.231	+20.633	+20.647	+15.959	+20.739	+20.753	+16.185	+8.786	-0.709	+19.816	+19.707	+20.765	+20.697	+20.698	+16.274	+20.542	+16.568	+20.753	+16.606	+20.491	+16.782	+16.797	+17.016	+20.452	+17.011	+16.902	+20.458	+16.785	+20.488	+20.510	+17.113	+20.089	+20.799	+17.432	+0.731	+11.321	+11.439	
rs1412749      +0.190	+0.393	+0.190	+0.189	+0.355	+0.207	+0.467	+0.336	+0.327	+0.335	+0.845	+5.031	+4.868	+0.431	+0.498	+5.137	+0.424	+5.061	+5.145	+0.520	+0.458	+4.984	+0.422	+5.135	+4.923	+0.465	+0.465	+0.470	+0.470	+4.885	+5.409	+5.035	+0.519	+5.467	+0.329	+4.907	+0.535	+4.470	+0.363	+4.808	+4.787	+0.497	+4.774	+4.578	+4.954	+4.783	+4.782	+4.781	+4.774	+4.765	+0.427	+4.759	+4.739	+0.522	+4.459	+0.870	+0.702	+0.200	+0.191	+0.911	+1.181	+2.500	+2.346	+0.512	+2.302	+2.053	+2.952	+2.542	+2.750	+0.824	+2.757	+2.846	+4.354	+1.310	+5.324	+1.036	+1.046	+0.127	+0.128	+1.023	+1.042	+1.030	+5.588	+0.890	+0.122	+0.119	+0.121	+0.202	+5.991	+0.177	+0.294	+5.835	+5.718	+5.936	+0.263	+0.267	+6.562	+5.029	+6.418	+4.906	+15.353	+5.085	+5.017	+15.412	+4.946	+15.595	+5.068	+15.615	+5.042	+5.032	+4.997	+15.294	+15.710	+15.745	+12.298	+15.820	+15.834	+12.521	+6.240	+0.237	+14.698	+14.598	+15.842	+15.778	+15.781	+12.620	+15.630	+12.895	+15.853	+13.011	+15.698	+13.204	+13.207	+13.415	+15.677	+13.412	+13.312	+15.683	+13.204	+15.713	+15.735	+13.609	+15.387	+16.172	+13.914	+1.008	+6.257	+6.255	
rs6941422      +0.213	+0.416	+0.213	+0.213	+0.379	+0.230	+0.490	+0.359	+0.350	+0.358	+0.865	+5.115	+4.954	+0.448	+0.553	+5.225	+0.445	+5.148	+5.242	+0.458	+0.544	+5.107	+0.442	+5.267	+5.054	+0.477	+0.477	+0.479	+0.479	+5.015	+5.544	+5.166	+0.520	+5.560	+0.344	+5.037	+0.534	+4.590	+0.377	+4.937	+4.916	+0.502	+4.903	+4.706	+5.085	+4.912	+4.911	+4.910	+4.902	+4.894	+0.438	+4.888	+4.868	+0.522	+4.585	+0.843	+0.691	+0.231	+0.222	+0.881	+1.134	+2.421	+2.279	+0.523	+2.235	+1.995	+3.022	+2.608	+2.693	+0.832	+2.700	+2.789	+4.278	+1.361	+5.243	+1.083	+1.093	+0.154	+0.155	+1.069	+1.089	+1.077	+5.507	+0.934	+0.148	+0.145	+0.147	+0.225	+5.908	+0.197	+0.316	+5.799	+5.682	+5.899	+0.281	+0.285	+6.537	+5.025	+6.406	+4.904	+15.303	+5.082	+5.014	+15.362	+4.945	+15.545	+5.066	+15.565	+5.040	+5.029	+4.995	+15.244	+15.660	+15.695	+12.265	+15.769	+15.784	+12.488	+6.233	+0.261	+14.648	+14.549	+15.792	+15.729	+15.731	+12.587	+15.581	+12.862	+15.803	+12.978	+15.650	+13.171	+13.174	+13.381	+15.629	+13.379	+13.278	+15.635	+13.170	+15.664	+15.686	+13.575	+15.339	+16.123	+13.880	+1.027	+6.252	+6.250	
rs6941624      -0.822	-0.597	-0.822	-0.822	-0.637	-0.804	-0.520	-0.634	-0.645	-0.638	+0.148	-0.676	-0.687	+4.831	+4.208	-0.664	+4.709	-0.671	-0.660	+4.984	+5.107	-0.539	+4.790	-0.662	-0.670	+5.163	+5.163	+5.207	+5.179	-0.671	-0.613	-0.670	+5.386	+0.244	+1.579	-0.673	+5.450	-0.716	+1.715	-0.672	-0.671	+5.304	-0.673	-0.661	-0.675	-0.671	-0.671	-0.671	-0.671	-0.670	+4.729	-0.670	-0.672	+5.396	-0.637	+6.194	+5.701	+0.120	+0.157	+6.262	+6.644	+8.002	+7.859	+2.191	+7.818	+7.526	-0.614	-0.721	+7.968	+2.691	+7.930	+8.021	+9.440	-0.881	+10.377	-0.868	-0.869	+3.699	+3.649	-0.866	-0.869	-0.867	+10.613	-0.847	+3.928	+3.894	+3.962	-0.590	+10.991	+0.793	-0.411	+10.742	+10.563	+10.862	+1.021	+1.032	+9.095	+10.127	+13.997	+9.588	+20.134	+9.852	+9.759	+20.195	+9.448	+20.406	+9.644	+20.415	+9.611	+9.596	+9.533	+20.127	+20.530	+20.544	+15.879	+20.636	+20.650	+16.105	+8.729	-0.722	+19.711	+19.602	+20.663	+20.595	+20.596	+16.194	+20.440	+16.487	+20.650	+16.526	+20.390	+16.702	+16.717	+16.936	+20.351	+16.931	+16.820	+20.357	+16.705	+20.386	+20.408	+17.032	+19.988	+20.697	+17.351	+0.709	+11.230	+11.346	
rs7757205      +0.171	+0.375	+0.172	+0.171	+0.337	+0.189	+0.448	+0.318	+0.309	+0.317	+0.828	+4.777	+4.629	+0.401	+0.395	+4.885	+0.391	+4.809	+4.909	+0.422	+0.442	+4.790	+0.501	+5.100	+4.746	+0.454	+0.454	+0.461	+0.459	+4.708	+5.220	+4.856	+0.512	+5.325	+0.319	+4.730	+0.529	+4.310	+0.354	+4.634	+4.613	+0.489	+4.601	+4.409	+4.777	+4.609	+4.608	+4.607	+4.600	+4.592	+0.418	+4.586	+4.567	+0.514	+4.293	+0.877	+0.706	+0.174	+0.166	+0.918	+1.188	+2.512	+2.363	+0.505	+2.319	+2.070	+2.861	+2.459	+2.766	+0.820	+2.773	+2.862	+4.365	+1.253	+5.334	+0.986	+0.996	+0.106	+0.107	+0.973	+0.992	+0.980	+5.598	+0.844	+0.102	+0.100	+0.101	+0.185	+5.999	+0.163	+0.278	+5.856	+5.739	+5.957	+0.251	+0.255	+6.563	+5.029	+6.418	+4.906	+15.348	+5.085	+5.017	+15.407	+4.946	+15.590	+5.068	+15.610	+5.042	+5.032	+4.997	+15.290	+15.706	+15.740	+12.296	+15.815	+15.830	+12.518	+6.246	+0.219	+14.698	+14.598	+15.838	+15.775	+15.777	+12.618	+15.626	+12.893	+15.849	+13.009	+15.694	+13.201	+13.204	+13.412	+15.673	+13.409	+13.306	+15.679	+13.201	+15.708	+15.730	+13.603	+15.383	+16.166	+13.909	+0.995	+6.257	+6.255	
rs7758513      -0.806	-0.582	-0.806	-0.806	-0.622	-0.788	-0.505	-0.620	-0.630	-0.623	+0.163	-0.676	-0.682	+4.971	+4.344	-0.671	+4.849	-0.672	-0.666	+5.135	+5.267	-0.662	+5.100	-0.522	-0.659	+5.331	+5.331	+5.376	+5.348	-0.657	-0.647	-0.669	+5.556	+0.189	+1.658	-0.661	+5.621	-0.706	+1.797	-0.653	-0.650	+5.474	-0.652	-0.622	-0.668	-0.650	-0.650	-0.650	-0.649	-0.648	+4.888	-0.647	-0.648	+5.566	-0.591	+6.367	+5.871	+0.167	+0.204	+6.435	+6.816	+8.175	+8.031	+2.280	+7.990	+7.697	-0.622	-0.723	+8.124	+2.778	+8.086	+8.176	+9.596	-0.864	+10.534	-0.847	-0.849	+3.864	+3.814	-0.845	-0.848	-0.846	+10.769	-0.823	+4.092	+4.058	+4.126	-0.568	+11.147	+0.847	-0.387	+10.882	+10.702	+11.002	+1.077	+1.088	+9.158	+10.203	+14.093	+9.663	+20.232	+9.927	+9.834	+20.293	+9.520	+20.505	+9.716	+20.514	+9.683	+9.668	+9.604	+20.228	+20.630	+20.643	+15.954	+20.735	+20.749	+16.179	+8.810	-0.703	+19.817	+19.709	+20.762	+20.695	+20.695	+16.268	+20.539	+16.562	+20.750	+16.599	+20.487	+16.775	+16.790	+17.009	+20.448	+17.004	+16.890	+20.454	+16.778	+20.483	+20.505	+17.101	+20.085	+20.790	+17.421	+0.741	+11.300	+11.421	
rs11758650     -0.825	-0.601	-0.825	-0.826	-0.640	-0.807	-0.523	-0.637	-0.648	-0.641	+0.144	-0.678	-0.691	+4.762	+4.142	-0.666	+4.641	-0.675	-0.661	+4.923	+5.054	-0.670	+4.746	-0.659	-0.543	+5.117	+5.117	+5.162	+5.134	-0.674	-0.602	-0.670	+5.341	+0.256	+1.561	-0.675	+5.404	-0.718	+1.697	-0.676	-0.676	+5.259	-0.677	-0.671	-0.676	-0.676	-0.676	-0.676	-0.676	-0.676	+4.687	-0.675	-0.677	+5.350	-0.650	+6.148	+5.656	+0.108	+0.145	+6.215	+6.596	+7.955	+7.814	+2.171	+7.773	+7.482	-0.612	-0.721	+7.925	+2.671	+7.888	+7.979	+9.397	-0.884	+10.333	-0.873	-0.874	+3.644	+3.595	-0.871	-0.874	-0.872	+10.569	-0.852	+3.872	+3.839	+3.906	-0.594	+10.947	+0.777	-0.416	+10.705	+10.526	+10.826	+1.005	+1.016	+9.072	+10.097	+13.959	+9.560	+20.099	+9.824	+9.731	+20.160	+9.421	+20.371	+9.617	+20.381	+9.584	+9.569	+9.505	+20.093	+20.496	+20.510	+15.853	+20.602	+20.616	+16.079	+8.710	-0.726	+19.675	+19.567	+20.629	+20.561	+20.562	+16.168	+20.406	+16.461	+20.617	+16.501	+20.357	+16.677	+16.692	+16.910	+20.319	+16.905	+16.795	+20.325	+16.679	+20.354	+20.376	+17.006	+19.956	+20.666	+17.325	+0.702	+11.201	+11.317	
rs9463106      +0.225	+0.428	+0.225	+0.225	+0.391	+0.243	+0.502	+0.371	+0.362	+0.370	+0.876	+5.145	+4.987	+0.456	+0.570	+5.258	+0.454	+5.180	+5.285	+0.465	+0.477	+5.163	+0.454	+5.331	+5.117	+0.557	+0.484	+0.485	+0.485	+5.078	+5.610	+5.230	+0.521	+5.606	+0.351	+5.100	+0.533	+4.648	+0.384	+5.000	+4.979	+0.505	+4.965	+4.768	+5.148	+4.974	+4.974	+4.973	+4.965	+4.957	+0.445	+4.950	+4.931	+0.523	+4.646	+0.828	+0.686	+0.247	+0.238	+0.865	+1.107	+2.378	+2.243	+0.528	+2.200	+1.965	+3.058	+2.642	+2.663	+0.835	+2.671	+2.759	+4.237	+1.386	+5.199	+1.106	+1.117	+0.167	+0.169	+1.093	+1.113	+1.101	+5.463	+0.957	+0.161	+0.158	+0.160	+0.236	+5.863	+0.207	+0.327	+5.778	+5.662	+5.877	+0.291	+0.294	+6.523	+5.023	+6.400	+4.903	+15.277	+5.081	+5.013	+15.336	+4.944	+15.519	+5.065	+15.540	+5.039	+5.028	+4.994	+15.218	+15.635	+15.670	+12.249	+15.744	+15.759	+12.471	+6.229	+0.273	+14.623	+14.523	+15.767	+15.704	+15.706	+12.571	+15.556	+12.845	+15.778	+12.962	+15.626	+13.155	+13.158	+13.365	+15.606	+13.363	+13.262	+15.612	+13.154	+15.641	+15.663	+13.559	+15.317	+16.100	+13.863	+1.037	+6.250	+6.248	
rs6922969      +0.225	+0.428	+0.225	+0.225	+0.391	+0.243	+0.502	+0.371	+0.362	+0.370	+0.876	+5.145	+4.987	+0.456	+0.569	+5.258	+0.454	+5.180	+5.285	+0.465	+0.477	+5.163	+0.454	+5.331	+5.117	+0.484	+0.557	+0.485	+0.485	+5.078	+5.610	+5.230	+0.521	+5.606	+0.351	+5.100	+0.533	+4.649	+0.384	+5.000	+4.979	+0.505	+4.966	+4.768	+5.148	+4.974	+4.974	+4.973	+4.965	+4.957	+0.445	+4.951	+4.931	+0.523	+4.646	+0.828	+0.686	+0.247	+0.238	+0.865	+1.107	+2.378	+2.243	+0.528	+2.200	+1.965	+3.058	+2.642	+2.663	+0.835	+2.671	+2.759	+4.237	+1.386	+5.199	+1.106	+1.117	+0.167	+0.169	+1.093	+1.113	+1.101	+5.463	+0.957	+0.161	+0.158	+0.160	+0.236	+5.863	+0.207	+0.327	+5.778	+5.662	+5.877	+0.291	+0.294	+6.523	+5.023	+6.400	+4.903	+15.277	+5.081	+5.013	+15.336	+4.944	+15.519	+5.065	+15.540	+5.039	+5.028	+4.994	+15.218	+15.635	+15.670	+12.249	+15.744	+15.759	+12.471	+6.229	+0.273	+14.623	+14.523	+15.767	+15.704	+15.706	+12.571	+15.556	+12.845	+15.778	+12.962	+15.626	+13.155	+13.158	+13.365	+15.606	+13.363	+13.262	+15.612	+13.154	+15.641	+15.663	+13.559	+15.317	+16.100	+13.863	+1.037	+6.250	+6.248	
rs1572002      +0.239	+0.442	+0.240	+0.239	+0.405	+0.257	+0.515	+0.385	+0.375	+0.383	+0.889	+5.190	+5.031	+0.463	+0.575	+5.302	+0.462	+5.225	+5.330	+0.470	+0.479	+5.207	+0.461	+5.376	+5.162	+0.485	+0.485	+0.572	+0.486	+5.121	+5.652	+5.271	+0.514	+5.636	+0.360	+5.143	+0.526	+4.696	+0.392	+5.044	+5.023	+0.502	+5.010	+4.812	+5.193	+5.018	+5.018	+5.017	+5.009	+5.001	+0.450	+4.995	+4.975	+0.518	+4.690	+0.802	+0.676	+0.264	+0.254	+0.837	+1.066	+2.308	+2.186	+0.535	+2.145	+1.918	+3.088	+2.672	+2.607	+0.840	+2.611	+2.699	+4.146	+1.411	+5.096	+1.129	+1.140	+0.183	+0.185	+1.116	+1.136	+1.123	+5.358	+0.979	+0.176	+0.172	+0.175	+0.250	+5.749	+0.219	+0.340	+5.748	+5.630	+5.844	+0.302	+0.306	+6.504	+5.022	+6.393	+4.902	+15.245	+5.079	+5.012	+15.301	+4.943	+15.491	+5.064	+15.510	+5.038	+5.028	+4.993	+15.183	+15.598	+15.633	+12.226	+15.707	+15.721	+12.448	+6.223	+0.287	+14.586	+14.487	+15.729	+15.666	+15.668	+12.547	+15.519	+12.821	+15.740	+12.939	+15.590	+13.131	+13.134	+13.341	+15.570	+13.338	+13.238	+15.576	+13.131	+15.605	+15.627	+13.534	+15.282	+16.064	+13.838	+1.049	+6.247	+6.245	
rs9381391      +0.234	+0.435	+0.234	+0.233	+0.398	+0.251	+0.509	+0.380	+0.370	+0.378	+0.883	+5.196	+5.006	+0.462	+0.580	+5.275	+0.461	+5.197	+5.302	+0.470	+0.479	+5.179	+0.459	+5.348	+5.134	+0.485	+0.485	+0.486	+0.566	+5.096	+5.629	+5.243	+0.519	+5.626	+0.356	+5.119	+0.530	+4.668	+0.388	+5.019	+4.997	+0.504	+4.984	+4.787	+5.161	+4.993	+4.993	+4.992	+4.984	+4.975	+0.448	+4.969	+4.950	+0.520	+4.666	+0.812	+0.680	+0.258	+0.249	+0.848	+1.103	+2.372	+2.235	+0.532	+2.193	+1.959	+3.076	+2.665	+2.653	+0.838	+2.660	+2.748	+4.224	+1.402	+5.187	+1.125	+1.135	+0.177	+0.179	+1.111	+1.127	+1.116	+5.452	+0.974	+0.171	+0.167	+0.169	+0.244	+5.853	+0.214	+0.335	+5.768	+5.653	+5.868	+0.297	+0.301	+6.517	+5.022	+6.396	+4.902	+15.267	+5.079	+5.012	+15.326	+4.943	+15.509	+5.064	+15.530	+5.038	+5.028	+4.993	+15.213	+15.630	+15.665	+12.233	+15.739	+15.754	+12.455	+6.226	+0.281	+14.617	+14.517	+15.762	+15.698	+15.700	+12.554	+15.547	+12.828	+15.773	+12.948	+15.621	+13.142	+13.143	+13.352	+15.601	+13.350	+13.248	+15.607	+13.141	+15.636	+15.658	+13.544	+15.313	+16.096	+13.848	+1.044	+6.248	+6.246	
rs7760140      -0.828	-0.603	-0.828	-0.828	-0.643	-0.809	-0.525	-0.639	-0.650	-0.643	+0.142	-0.678	-0.692	+4.724	+4.105	-0.665	+4.603	-0.675	-0.660	+4.885	+5.015	-0.671	+4.708	-0.657	-0.674	+5.078	+5.078	+5.121	+5.096	-0.546	-0.590	-0.667	+5.314	+0.265	+1.549	-0.676	+5.374	-0.719	+1.684	-0.678	-0.678	+5.228	-0.679	-0.676	-0.676	-0.678	-0.678	-0.678	-0.678	-0.678	+4.657	-0.678	-0.680	+5.319	-0.657	+6.116	+5.625	+0.100	+0.136	+6.184	+6.563	+7.923	+7.782	+2.158	+7.741	+7.451	-0.611	-0.720	+7.896	+2.657	+7.860	+7.951	+9.368	-0.887	+10.305	-0.876	-0.877	+3.612	+3.563	-0.875	-0.877	-0.876	+10.543	-0.856	+3.840	+3.803	+3.875	-0.598	+10.922	+0.765	-0.419	+10.683	+10.505	+10.804	+0.993	+1.005	+9.055	+10.075	+13.935	+9.540	+20.078	+9.804	+9.711	+20.140	+9.402	+20.351	+9.598	+20.360	+9.565	+9.549	+9.486	+20.073	+20.476	+20.490	+15.835	+20.582	+20.596	+16.061	+8.697	-0.729	+19.653	+19.545	+20.607	+20.539	+20.540	+16.150	+20.384	+16.443	+20.594	+16.483	+20.335	+16.659	+16.674	+16.892	+20.297	+16.887	+16.777	+20.303	+16.661	+20.332	+20.354	+16.989	+19.937	+20.646	+17.307	+0.698	+11.181	+11.298	
rs2327617      -0.788	-0.565	-0.788	-0.788	-0.604	-0.770	-0.487	-0.603	-0.614	-0.606	+0.181	-0.650	-0.650	+5.240	+4.607	-0.648	+5.114	-0.640	-0.637	+5.409	+5.544	-0.613	+5.220	-0.647	-0.602	+5.610	+5.610	+5.652	+5.629	-0.590	-0.501	-0.633	+5.867	+0.148	+1.758	-0.602	+5.923	-0.679	+1.900	-0.570	-0.562	+5.773	-0.567	-0.492	-0.625	-0.560	-0.560	-0.560	-0.556	-0.552	+5.154	-0.550	-0.556	+5.867	-0.390	+6.673	+6.154	+0.234	+0.272	+6.742	+7.126	+8.480	+8.326	+2.392	+8.284	+7.985	-0.626	-0.721	+8.397	+2.892	+8.358	+8.448	+9.881	-0.842	+10.824	-0.819	-0.821	+4.231	+4.180	-0.817	-0.820	-0.818	+11.062	-0.791	+4.470	+4.417	+4.505	-0.542	+11.449	+0.943	-0.360	+11.099	+10.918	+11.224	+1.172	+1.184	+9.290	+10.386	+14.341	+9.838	+20.440	+10.104	+10.010	+20.502	+9.689	+20.714	+9.887	+20.722	+9.854	+9.838	+9.774	+20.435	+20.839	+20.851	+16.108	+20.944	+20.958	+16.334	+8.918	-0.681	+20.024	+19.915	+20.968	+20.900	+20.901	+16.422	+20.743	+16.717	+20.955	+16.753	+20.690	+16.930	+16.945	+17.165	+20.651	+17.160	+17.049	+20.657	+16.933	+20.687	+20.708	+17.254	+20.286	+20.991	+17.573	+0.777	+11.474	+11.599	
rs10948244     -0.815	-0.591	-0.815	-0.815	-0.630	-0.797	-0.514	-0.628	-0.638	-0.631	+0.154	-0.681	-0.689	+4.872	+4.249	-0.673	+4.787	-0.677	-0.669	+5.035	+5.166	-0.670	+4.856	-0.669	-0.670	+5.230	+5.230	+5.271	+5.243	-0.667	-0.633	-0.531	+5.487	+0.228	+1.616	-0.669	+5.540	-0.712	+1.756	-0.664	-0.662	+5.393	-0.664	-0.643	-0.663	-0.662	-0.662	-0.662	-0.661	-0.660	+4.809	-0.660	-0.661	+5.484	-0.614	+6.284	+5.785	+0.144	+0.181	+6.352	+6.728	+8.094	+7.950	+2.234	+7.909	+7.616	-0.616	-0.721	+8.055	+2.735	+8.037	+8.128	+9.552	-0.872	+10.491	-0.857	-0.859	+3.888	+3.838	-0.855	-0.858	-0.856	+10.732	-0.834	+4.122	+4.071	+4.156	-0.579	+11.114	+0.834	-0.399	+10.851	+10.670	+10.972	+1.062	+1.078	+9.148	+10.241	+14.139	+9.695	+20.252	+9.961	+9.868	+20.315	+9.551	+20.522	+9.749	+20.531	+9.716	+9.701	+9.637	+20.214	+20.622	+20.632	+15.972	+20.728	+20.741	+16.203	+8.775	-0.713	+19.802	+19.693	+20.750	+20.682	+20.683	+16.288	+20.544	+16.586	+20.736	+16.615	+20.473	+16.778	+16.805	+17.011	+20.433	+17.006	+16.909	+20.439	+16.792	+20.468	+20.490	+17.127	+20.063	+20.780	+17.447	+0.723	+11.332	+11.420	
rs9472551      +0.281	+0.483	+0.281	+0.281	+0.446	+0.298	+0.556	+0.426	+0.416	+0.424	+0.924	+5.366	+5.205	+0.520	+0.744	+5.481	+0.528	+5.403	+5.509	+0.519	+0.520	+5.386	+0.512	+5.556	+5.341	+0.521	+0.521	+0.514	+0.519	+5.314	+5.867	+5.487	+0.616	+5.796	+0.386	+5.346	+0.543	+4.875	+0.417	+5.243	+5.222	+0.529	+5.208	+5.005	+5.394	+5.217	+5.217	+5.216	+5.208	+5.199	+0.478	+5.193	+5.173	+0.537	+4.883	+0.770	+0.668	+0.320	+0.309	+0.800	+0.997	+2.157	+2.060	+0.555	+2.022	+1.816	+3.201	+2.779	+2.514	+0.854	+2.526	+2.612	+4.025	+1.496	+4.969	+1.209	+1.220	+0.230	+0.232	+1.195	+1.215	+1.203	+5.239	+1.055	+0.222	+0.217	+0.220	+0.290	+5.639	+0.254	+0.379	+5.682	+5.571	+5.782	+0.335	+0.338	+6.460	+5.017	+6.373	+4.899	+15.164	+5.076	+5.009	+15.224	+4.941	+15.404	+5.062	+15.426	+5.036	+5.025	+4.991	+15.106	+15.520	+15.556	+12.175	+15.630	+15.644	+12.396	+6.212	+0.329	+14.510	+14.410	+15.653	+15.589	+15.591	+12.496	+15.443	+12.769	+15.663	+12.889	+15.518	+13.081	+13.084	+13.291	+15.498	+13.288	+13.189	+15.504	+13.081	+15.533	+15.555	+13.486	+15.215	+15.996	+13.789	+1.082	+6.241	+6.238	
rs944767       -0.047	+0.171	-0.046	-0.047	+0.133	-0.032	+0.246	+0.121	+0.111	+0.118	+0.793	+0.218	+0.226	+5.354	+4.856	+0.199	+5.287	+0.220	+0.211	+5.467	+5.560	+0.244	+5.325	+0.189	+0.256	+5.606	+5.606	+5.636	+5.626	+0.265	+0.148	+0.228	+5.796	+0.295	+3.077	+0.257	+5.832	+0.169	+3.222	+0.281	+0.286	+5.726	+0.285	+0.350	+0.245	+0.287	+0.287	+0.287	+0.289	+0.291	+5.237	+0.293	+0.294	+5.789	+0.362	+6.450	+6.084	+6.230	+6.362	+6.504	+6.820	+7.905	+7.867	+3.688	+7.830	+7.623	+0.572	+1.114	+9.105	+4.543	+9.093	+9.186	+10.368	+2.175	+11.234	+2.623	+2.569	+4.220	+4.187	+2.654	+2.612	+2.651	+11.449	+2.988	+4.391	+4.413	+4.424	+0.314	+11.819	+7.052	+0.529	+12.259	+12.107	+12.269	+6.819	+6.859	+16.522	+14.334	+15.274	+14.060	+21.698	+14.355	+14.240	+21.751	+13.666	+21.950	+13.891	+21.952	+13.851	+13.833	+13.759	+21.666	+22.083	+22.094	+20.596	+22.196	+22.210	+20.852	+10.737	+0.118	+21.449	+21.341	+22.243	+22.180	+22.182	+20.931	+22.053	+21.249	+22.220	+21.191	+21.984	+21.309	+21.330	+21.553	+21.943	+21.546	+21.435	+21.949	+21.304	+21.978	+21.999	+21.431	+21.587	+22.122	+21.768	+1.831	+15.433	+15.681	
rs10807323     +0.216	+0.438	+0.216	+0.216	+0.399	+0.237	+0.518	+0.380	+0.372	+0.380	+0.974	+1.621	+1.606	+0.312	+0.228	+1.635	+0.301	+1.602	+1.634	+0.329	+0.344	+1.579	+0.319	+1.658	+1.561	+0.351	+0.351	+0.360	+0.356	+1.549	+1.758	+1.616	+0.386	+3.077	+0.524	+1.561	+0.396	+1.517	+0.473	+1.524	+1.515	+0.373	+1.522	+1.416	+1.585	+1.514	+1.514	+1.513	+1.510	+1.507	+0.359	+1.505	+1.497	+0.386	+1.397	+0.573	+0.532	+0.077	+0.080	+0.590	+0.690	+1.221	+1.249	+0.555	+1.238	+1.172	+1.664	+1.418	+1.643	+0.935	+1.657	+1.710	+2.347	+0.687	+2.816	+0.531	+0.537	+0.075	+0.074	+0.523	+0.534	+0.527	+2.989	+0.453	+0.083	+0.087	+0.086	+0.709	+3.203	+0.232	+0.937	+4.679	+4.610	+4.740	+0.341	+0.346	+5.810	+4.994	+6.209	+4.891	+13.468	+5.062	+4.997	+13.515	+4.939	+13.662	+5.055	+13.778	+5.030	+5.020	+4.987	+13.389	+13.770	+13.818	+11.291	+13.874	+13.888	+11.503	+7.154	+0.244	+12.840	+12.727	+13.910	+13.857	+13.861	+11.595	+13.752	+11.842	+13.938	+12.046	+14.012	+12.246	+12.248	+12.439	+14.019	+12.439	+12.349	+14.025	+12.255	+14.054	+14.077	+12.607	+13.853	+14.472	+12.889	+0.920	+6.207	+6.199	
rs9472583      -0.825	-0.601	-0.825	-0.826	-0.640	-0.807	-0.523	-0.637	-0.648	-0.641	+0.144	-0.680	-0.693	+4.745	+4.126	-0.668	+4.624	-0.677	-0.664	+4.907	+5.037	-0.673	+4.730	-0.661	-0.675	+5.100	+5.100	+5.143	+5.119	-0.676	-0.602	-0.669	+5.346	+0.257	+1.561	-0.543	+5.416	-0.718	+1.696	-0.675	-0.675	+5.270	-0.676	-0.669	-0.675	-0.674	-0.674	-0.674	-0.674	-0.674	+4.696	-0.674	-0.676	+5.361	-0.647	+6.154	+5.661	+0.108	+0.144	+6.221	+6.600	+7.959	+7.817	+2.170	+7.777	+7.486	-0.612	-0.721	+7.929	+2.670	+7.893	+7.983	+9.402	-0.884	+10.338	-0.873	-0.874	+3.654	+3.605	-0.871	-0.874	-0.872	+10.574	-0.852	+3.883	+3.837	+3.917	-0.594	+10.952	+0.776	-0.416	+10.706	+10.528	+10.827	+1.004	+1.015	+9.069	+10.098	+13.965	+9.561	+20.103	+9.825	+9.732	+20.164	+9.422	+20.375	+9.618	+20.384	+9.585	+9.570	+9.507	+20.097	+20.501	+20.515	+15.853	+20.607	+20.620	+16.080	+8.709	-0.726	+19.679	+19.570	+20.632	+20.564	+20.565	+16.169	+20.409	+16.462	+20.619	+16.501	+20.359	+16.678	+16.693	+16.911	+20.321	+16.906	+16.796	+20.327	+16.680	+20.356	+20.378	+17.008	+19.961	+20.671	+17.327	+0.703	+11.204	+11.321	
