## Summary of overall evidence for association with region:
## log10(BF for region) = -0.443727
## p-value for region = NA

## BFs for choosing among multi-SNP models:
## log10(average 1-SNP BF) = -0.380677
## log10(average 2-SNP BF) = -0.606449

## Example posterior probabilities for multi-SNP models, based on default prior: [p(l) propto 0.5^l for l=1,2,...,L]
## posterior probability of 1-SNP = 0.77083
## posterior probability of 2-SNP = 0.22917

## log10(BF) for single SNP and pair of SNPs:
rs73155394     -0.344	-0.865	-0.636	-0.667	-0.275	-0.755	-0.760	-0.665	-0.672	-0.672	-0.723	-0.726	-0.814	-0.225	-0.738	-0.798	-0.591	-0.561	-0.558	-0.558	-0.560	-0.559	-0.676	-0.566	-0.559	-0.559	-0.681	-0.560	-0.571	-0.562	-0.547	-0.552	-0.563	-0.575	-0.566	-0.577	-0.566	-0.553	-0.565	-0.787	-0.578	-0.654	-0.794	-0.651	-0.804	-0.701	-0.716	-0.797	-0.604	-0.716	-0.394	-0.402	-0.617	-0.708	-0.697	-0.622	-0.624	-0.799	-0.705	-0.707	-0.800	-0.739	-0.763	-0.739	-0.739	-0.811	-0.726	-0.713	-0.426	-0.702	-0.705	-0.811	-0.811	-0.710	-0.439	-0.832	-0.682	-0.415	-0.623	-0.449	-0.327	-0.600	-0.774	-0.524	-0.832	-0.603	-0.434	-0.630	-0.522	-0.521	-0.521	-0.435	-0.550	-0.837	-0.519	-0.519	-0.444	-0.622	-0.439	-0.637	-0.634	-0.447	-0.620	-0.606	-0.621	-0.429	-0.501	-0.501	-0.430	-0.368	-0.430	-0.431	-0.407	-0.451	-0.438	-0.461	-0.433	-0.379	-0.431	-0.508	-0.658	-0.605	-0.593	-0.289	-0.485	-0.463	-0.621	-0.541	-0.444	-0.474	-0.474	-0.474	-0.281	-0.468	-0.580	-0.616	-0.335	-0.620	-0.632	-0.616	-0.496	-0.527	-0.527	-0.619	-0.527	-0.678	-0.527	-0.616	-0.782	-0.782	-0.782	-0.782	-0.782	-0.779	-0.782	-0.782	-0.781	-0.676	-0.615	-0.789	-0.789	-0.790	-0.584	-0.790	-0.615	-0.613	-0.790	-0.548	-0.447	-0.769	-0.569	-0.800	-0.555	-0.545	-0.449	-0.537	
rs2178710      -0.865	-0.658	-0.913	-0.965	-0.539	-1.010	-1.014	-0.955	-0.966	-0.967	-1.007	-1.009	-1.123	-0.516	-1.046	-1.100	-0.882	-0.854	-0.851	-0.852	-0.853	-0.853	-0.988	-0.860	-0.853	-0.853	-0.987	-0.853	-0.864	-0.856	-0.841	-0.846	-0.856	-0.868	-0.860	-0.870	-0.860	-0.847	-0.858	-1.092	-0.903	-0.953	-1.097	-0.950	-1.106	-1.014	-1.001	-1.100	-0.926	-1.001	-0.807	-0.813	-0.939	-0.996	-1.011	-0.944	-0.945	-1.102	-0.991	-0.993	-1.102	-1.024	-1.056	-1.024	-1.024	-1.112	-1.037	-1.026	-0.681	-1.015	-1.019	-1.112	-1.112	-1.024	-0.839	-1.128	-0.997	-0.841	-0.900	-0.857	-0.605	-0.917	-1.047	-0.815	-1.111	-0.920	-0.682	-0.909	-0.813	-0.812	-0.812	-0.684	-0.841	-1.116	-0.810	-0.809	-0.694	-0.901	-0.688	-0.915	-0.948	-0.697	-0.898	-0.884	-0.899	-0.679	-0.757	-0.757	-0.679	-0.618	-0.679	-0.681	-0.677	-0.725	-0.689	-0.727	-0.719	-0.637	-0.681	-0.778	-0.921	-0.883	-0.872	-0.568	-0.752	-0.729	-0.899	-0.820	-0.697	-0.741	-0.741	-0.741	-0.560	-0.735	-0.849	-0.895	-0.615	-0.899	-0.911	-0.895	-0.764	-0.795	-0.795	-0.898	-0.795	-0.986	-0.795	-0.894	-1.057	-1.057	-1.057	-1.057	-1.057	-1.053	-1.057	-1.057	-1.056	-0.984	-0.894	-1.064	-1.064	-1.065	-0.904	-1.065	-0.894	-0.892	-1.065	-0.816	-0.700	-1.045	-0.838	-1.075	-0.823	-0.813	-0.702	-0.805	
rs117425421    -0.636	-0.913	-0.407	-0.746	-0.315	-0.791	-0.792	-0.735	-0.746	-0.746	-0.771	-0.771	-0.880	-0.227	-0.784	-0.865	-0.651	-0.616	-0.613	-0.614	-0.615	-0.615	-0.765	-0.622	-0.615	-0.615	-0.765	-0.615	-0.627	-0.618	-0.603	-0.608	-0.618	-0.630	-0.622	-0.632	-0.622	-0.609	-0.620	-0.847	-0.635	-0.697	-0.853	-0.694	-0.863	-0.761	-0.772	-0.856	-0.661	-0.772	-0.574	-0.580	-0.674	-0.762	-0.758	-0.680	-0.681	-0.858	-0.762	-0.763	-0.859	-0.793	-0.810	-0.793	-0.793	-0.869	-0.785	-0.770	-0.422	-0.758	-0.762	-0.869	-0.870	-0.767	-0.606	-0.889	-0.733	-0.604	-0.683	-0.621	-0.365	-0.715	-0.834	-0.575	-0.889	-0.718	-0.545	-0.689	-0.572	-0.572	-0.571	-0.546	-0.620	-0.893	-0.569	-0.569	-0.554	-0.684	-0.549	-0.696	-0.743	-0.555	-0.680	-0.669	-0.680	-0.539	-0.604	-0.604	-0.539	-0.484	-0.539	-0.541	-0.520	-0.560	-0.547	-0.520	-0.531	-0.496	-0.540	-0.568	-0.745	-0.668	-0.657	-0.327	-0.544	-0.522	-0.683	-0.606	-0.553	-0.534	-0.534	-0.534	-0.319	-0.527	-0.639	-0.675	-0.363	-0.679	-0.690	-0.675	-0.555	-0.586	-0.586	-0.679	-0.586	-0.776	-0.586	-0.675	-0.842	-0.842	-0.843	-0.842	-0.843	-0.839	-0.842	-0.842	-0.842	-0.775	-0.674	-0.847	-0.847	-0.848	-0.701	-0.848	-0.674	-0.672	-0.848	-0.606	-0.554	-0.827	-0.627	-0.857	-0.613	-0.603	-0.555	-0.595	
rs112243148    -0.667	-0.965	-0.746	-0.468	-0.397	-0.864	-0.868	-0.635	-0.640	-0.643	-0.832	-0.834	-0.894	-0.297	-0.824	-0.864	-0.703	-0.682	-0.680	-0.680	-0.682	-0.681	-0.649	-0.687	-0.681	-0.681	-0.666	-0.681	-0.692	-0.684	-0.669	-0.674	-0.684	-0.696	-0.687	-0.697	-0.687	-0.675	-0.686	-0.867	-0.660	-0.744	-0.874	-0.741	-0.886	-0.772	-0.825	-0.877	-0.687	-0.825	-0.350	-0.362	-0.701	-0.821	-0.768	-0.706	-0.708	-0.881	-0.814	-0.816	-0.881	-0.849	-0.858	-0.849	-0.849	-0.894	-0.800	-0.801	-0.513	-0.789	-0.793	-0.895	-0.895	-0.799	-0.416	-0.920	-0.771	-0.590	-0.726	-0.614	-0.416	-0.666	-0.874	-0.637	-0.935	-0.671	-0.514	-0.734	-0.635	-0.634	-0.634	-0.516	-0.646	-0.939	-0.632	-0.632	-0.525	-0.724	-0.520	-0.740	-0.705	-0.528	-0.724	-0.707	-0.725	-0.510	-0.585	-0.584	-0.511	-0.446	-0.511	-0.512	-0.496	-0.542	-0.519	-0.547	-0.536	-0.471	-0.512	-0.604	-0.753	-0.706	-0.695	-0.379	-0.572	-0.549	-0.722	-0.642	-0.526	-0.561	-0.561	-0.561	-0.371	-0.555	-0.671	-0.720	-0.430	-0.724	-0.736	-0.720	-0.583	-0.615	-0.615	-0.723	-0.615	-0.755	-0.616	-0.720	-0.883	-0.883	-0.883	-0.883	-0.883	-0.880	-0.883	-0.883	-0.882	-0.754	-0.719	-0.892	-0.892	-0.892	-0.653	-0.892	-0.719	-0.717	-0.892	-0.637	-0.529	-0.871	-0.659	-0.903	-0.644	-0.634	-0.530	-0.626	
rs113981818    -0.275	-0.539	-0.315	-0.397	+0.008	-0.480	-0.483	-0.386	-0.394	-0.394	-0.396	-0.390	-0.551	-0.083	-0.505	-0.497	-0.289	-0.213	-0.210	-0.211	-0.212	-0.212	-0.404	-0.219	-0.212	-0.212	-0.406	-0.212	-0.225	-0.215	-0.197	-0.203	-0.216	-0.230	-0.220	-0.232	-0.220	-0.204	-0.218	-0.535	-0.405	-0.449	-0.537	-0.447	-0.540	-0.489	-0.414	-0.538	-0.424	-0.414	-0.169	-0.176	-0.434	-0.398	-0.487	-0.438	-0.439	-0.539	-0.405	-0.405	-0.539	-0.433	-0.525	-0.434	-0.433	-0.542	-0.505	-0.501	-0.224	-0.493	-0.495	-0.541	-0.541	-0.498	-0.206	-0.539	-0.473	-0.217	-0.345	-0.237	-0.113	-0.301	-0.501	-0.197	-0.544	-0.305	-0.055	-0.346	-0.194	-0.194	-0.193	-0.057	-0.303	-0.547	-0.191	-0.191	-0.067	-0.350	-0.061	-0.355	-0.336	-0.069	-0.340	-0.336	-0.341	-0.050	-0.128	-0.128	-0.051	+0.016	-0.051	-0.052	-0.042	-0.090	-0.060	-0.253	-0.026	-0.007	-0.052	-0.296	-0.306	-0.334	-0.324	-0.077	-0.274	-0.255	-0.349	-0.274	-0.068	-0.265	-0.265	-0.265	-0.070	-0.260	-0.352	-0.334	-0.108	-0.337	-0.349	-0.334	-0.284	-0.311	-0.311	-0.337	-0.311	-0.379	-0.311	-0.334	-0.507	-0.507	-0.507	-0.507	-0.507	-0.505	-0.507	-0.507	-0.506	-0.378	-0.334	-0.508	-0.509	-0.509	-0.284	-0.509	-0.334	-0.332	-0.509	-0.329	-0.072	-0.488	-0.347	-0.517	-0.335	-0.326	-0.074	-0.319	
rs28758182     -0.755	-1.010	-0.791	-0.864	-0.480	-0.532	-0.744	-0.853	-0.861	-0.861	-0.893	-0.895	-0.986	-0.492	-0.924	-0.982	-0.753	-0.763	-0.761	-0.761	-0.763	-0.762	-0.869	-0.768	-0.762	-0.762	-0.872	-0.762	-0.772	-0.765	-0.751	-0.756	-0.765	-0.776	-0.768	-0.777	-0.768	-0.757	-0.767	-0.971	-0.818	-0.879	-0.976	-0.877	-0.985	-0.900	-0.867	-0.979	-0.839	-0.867	-0.671	-0.677	-0.851	-0.885	-0.897	-0.855	-0.857	-0.981	-0.853	-0.855	-0.981	-0.903	-0.967	-0.903	-0.903	-0.991	-0.922	-0.931	-0.661	-0.921	-0.924	-0.991	-0.991	-0.928	-0.705	-1.008	-0.899	-0.718	-0.780	-0.735	-0.485	-0.779	-0.911	-0.719	-0.974	-0.783	-0.515	-0.780	-0.716	-0.716	-0.715	-0.518	-0.697	-0.980	-0.713	-0.713	-0.528	-0.780	-0.523	-0.790	-0.813	-0.531	-0.772	-0.763	-0.773	-0.512	-0.593	-0.592	-0.513	-0.440	-0.513	-0.514	-0.525	-0.576	-0.523	-0.577	-0.586	-0.465	-0.515	-0.631	-0.769	-0.762	-0.751	-0.448	-0.604	-0.581	-0.779	-0.697	-0.533	-0.594	-0.593	-0.593	-0.441	-0.587	-0.705	-0.766	-0.481	-0.770	-0.783	-0.766	-0.620	-0.651	-0.651	-0.770	-0.651	-0.854	-0.651	-0.766	-0.925	-0.925	-0.925	-0.925	-0.925	-0.921	-0.925	-0.925	-0.923	-0.853	-0.765	-0.929	-0.929	-0.930	-0.768	-0.930	-0.765	-0.763	-0.930	-0.673	-0.539	-0.910	-0.696	-0.942	-0.680	-0.670	-0.541	-0.662	
rs28972578     -0.760	-1.014	-0.792	-0.868	-0.483	-0.744	-0.537	-0.858	-0.865	-0.865	-0.897	-0.900	-0.993	-0.497	-0.925	-0.986	-0.756	-0.768	-0.765	-0.766	-0.767	-0.766	-0.873	-0.772	-0.767	-0.767	-0.876	-0.767	-0.777	-0.769	-0.756	-0.760	-0.769	-0.780	-0.772	-0.782	-0.772	-0.761	-0.771	-0.974	-0.821	-0.884	-0.979	-0.881	-0.988	-0.902	-0.872	-0.982	-0.843	-0.872	-0.673	-0.680	-0.854	-0.889	-0.899	-0.859	-0.861	-0.984	-0.858	-0.860	-0.985	-0.907	-0.972	-0.907	-0.907	-0.994	-0.925	-0.935	-0.664	-0.925	-0.928	-0.994	-0.995	-0.932	-0.707	-1.011	-0.905	-0.722	-0.783	-0.739	-0.487	-0.789	-0.915	-0.723	-0.979	-0.792	-0.525	-0.786	-0.720	-0.720	-0.720	-0.528	-0.701	-0.985	-0.718	-0.717	-0.538	-0.783	-0.533	-0.796	-0.822	-0.541	-0.778	-0.766	-0.779	-0.522	-0.602	-0.602	-0.523	-0.451	-0.523	-0.524	-0.537	-0.587	-0.533	-0.581	-0.593	-0.477	-0.525	-0.636	-0.777	-0.765	-0.753	-0.450	-0.607	-0.584	-0.781	-0.699	-0.542	-0.597	-0.597	-0.597	-0.442	-0.591	-0.708	-0.771	-0.487	-0.775	-0.788	-0.771	-0.623	-0.654	-0.655	-0.775	-0.655	-0.863	-0.655	-0.771	-0.929	-0.929	-0.929	-0.929	-0.929	-0.925	-0.929	-0.929	-0.927	-0.861	-0.771	-0.935	-0.935	-0.936	-0.777	-0.936	-0.771	-0.768	-0.936	-0.677	-0.548	-0.917	-0.699	-0.948	-0.684	-0.674	-0.550	-0.665	
rs73157376     -0.665	-0.955	-0.735	-0.635	-0.386	-0.853	-0.858	-0.456	-0.573	-0.577	-0.821	-0.824	-0.884	-0.287	-0.814	-0.844	-0.692	-0.676	-0.673	-0.674	-0.675	-0.674	-0.589	-0.681	-0.675	-0.675	-0.622	-0.675	-0.686	-0.677	-0.663	-0.668	-0.678	-0.689	-0.681	-0.691	-0.681	-0.669	-0.680	-0.848	-0.649	-0.733	-0.855	-0.730	-0.868	-0.750	-0.814	-0.859	-0.676	-0.814	-0.292	-0.304	-0.690	-0.812	-0.746	-0.696	-0.698	-0.862	-0.803	-0.805	-0.862	-0.838	-0.847	-0.838	-0.838	-0.876	-0.778	-0.791	-0.501	-0.779	-0.783	-0.877	-0.877	-0.788	-0.365	-0.903	-0.760	-0.570	-0.715	-0.595	-0.405	-0.643	-0.857	-0.632	-0.920	-0.648	-0.491	-0.723	-0.629	-0.629	-0.629	-0.493	-0.634	-0.925	-0.626	-0.626	-0.502	-0.712	-0.497	-0.729	-0.683	-0.505	-0.713	-0.696	-0.714	-0.487	-0.563	-0.563	-0.488	-0.421	-0.488	-0.489	-0.473	-0.521	-0.497	-0.524	-0.529	-0.448	-0.489	-0.583	-0.736	-0.695	-0.683	-0.368	-0.549	-0.526	-0.711	-0.630	-0.504	-0.538	-0.538	-0.538	-0.360	-0.532	-0.650	-0.709	-0.419	-0.712	-0.725	-0.709	-0.561	-0.594	-0.594	-0.712	-0.594	-0.735	-0.594	-0.708	-0.868	-0.868	-0.868	-0.868	-0.868	-0.864	-0.868	-0.868	-0.867	-0.734	-0.708	-0.877	-0.877	-0.877	-0.630	-0.877	-0.708	-0.706	-0.878	-0.616	-0.506	-0.856	-0.638	-0.888	-0.623	-0.613	-0.508	-0.604	
rs73157379     -0.672	-0.966	-0.746	-0.640	-0.394	-0.861	-0.865	-0.573	-0.467	-0.590	-0.831	-0.833	-0.900	-0.310	-0.831	-0.859	-0.703	-0.685	-0.682	-0.683	-0.684	-0.684	-0.619	-0.690	-0.684	-0.684	-0.645	-0.684	-0.695	-0.687	-0.672	-0.677	-0.687	-0.698	-0.690	-0.700	-0.690	-0.678	-0.689	-0.864	-0.669	-0.751	-0.871	-0.747	-0.883	-0.768	-0.825	-0.875	-0.696	-0.825	-0.335	-0.347	-0.709	-0.822	-0.765	-0.715	-0.717	-0.878	-0.814	-0.816	-0.878	-0.848	-0.863	-0.848	-0.848	-0.891	-0.797	-0.808	-0.519	-0.796	-0.800	-0.892	-0.892	-0.805	-0.405	-0.917	-0.778	-0.589	-0.727	-0.614	-0.422	-0.665	-0.870	-0.642	-0.932	-0.670	-0.512	-0.735	-0.639	-0.639	-0.638	-0.514	-0.648	-0.937	-0.636	-0.636	-0.523	-0.725	-0.518	-0.741	-0.704	-0.526	-0.725	-0.709	-0.726	-0.508	-0.583	-0.583	-0.509	-0.443	-0.509	-0.510	-0.494	-0.541	-0.518	-0.541	-0.547	-0.469	-0.510	-0.599	-0.752	-0.708	-0.696	-0.385	-0.566	-0.543	-0.724	-0.644	-0.524	-0.555	-0.555	-0.555	-0.377	-0.549	-0.666	-0.721	-0.434	-0.725	-0.737	-0.721	-0.577	-0.610	-0.610	-0.724	-0.610	-0.754	-0.610	-0.720	-0.880	-0.880	-0.880	-0.880	-0.880	-0.877	-0.880	-0.880	-0.879	-0.753	-0.720	-0.889	-0.889	-0.889	-0.652	-0.889	-0.720	-0.718	-0.890	-0.632	-0.527	-0.868	-0.654	-0.900	-0.639	-0.629	-0.529	-0.621	
rs28815612     -0.672	-0.967	-0.746	-0.643	-0.394	-0.861	-0.865	-0.577	-0.590	-0.468	-0.831	-0.833	-0.901	-0.312	-0.832	-0.860	-0.703	-0.685	-0.683	-0.683	-0.685	-0.684	-0.617	-0.690	-0.684	-0.684	-0.643	-0.684	-0.695	-0.687	-0.672	-0.677	-0.687	-0.699	-0.690	-0.700	-0.690	-0.678	-0.689	-0.864	-0.671	-0.752	-0.872	-0.749	-0.884	-0.769	-0.825	-0.875	-0.697	-0.825	-0.334	-0.346	-0.711	-0.822	-0.765	-0.716	-0.718	-0.879	-0.815	-0.816	-0.879	-0.848	-0.864	-0.848	-0.848	-0.892	-0.797	-0.809	-0.521	-0.798	-0.802	-0.892	-0.893	-0.807	-0.404	-0.918	-0.779	-0.590	-0.728	-0.614	-0.423	-0.666	-0.871	-0.642	-0.933	-0.671	-0.513	-0.735	-0.640	-0.639	-0.639	-0.515	-0.649	-0.938	-0.637	-0.636	-0.524	-0.726	-0.519	-0.742	-0.705	-0.527	-0.725	-0.710	-0.726	-0.509	-0.584	-0.584	-0.510	-0.444	-0.510	-0.511	-0.495	-0.542	-0.519	-0.541	-0.548	-0.470	-0.511	-0.600	-0.753	-0.709	-0.697	-0.386	-0.566	-0.544	-0.725	-0.645	-0.525	-0.556	-0.556	-0.556	-0.378	-0.550	-0.666	-0.721	-0.435	-0.725	-0.737	-0.721	-0.578	-0.611	-0.611	-0.725	-0.611	-0.755	-0.611	-0.721	-0.881	-0.881	-0.881	-0.881	-0.881	-0.877	-0.881	-0.881	-0.880	-0.754	-0.720	-0.889	-0.889	-0.890	-0.653	-0.890	-0.721	-0.718	-0.890	-0.633	-0.528	-0.868	-0.655	-0.900	-0.640	-0.629	-0.530	-0.621	
rs7964739      -0.723	-1.007	-0.771	-0.832	-0.396	-0.893	-0.897	-0.821	-0.831	-0.831	-0.501	-0.709	-0.939	-0.341	-0.904	-0.934	-0.733	-0.702	-0.699	-0.699	-0.701	-0.701	-0.849	-0.707	-0.701	-0.701	-0.849	-0.701	-0.712	-0.704	-0.689	-0.693	-0.704	-0.716	-0.707	-0.718	-0.707	-0.695	-0.706	-0.918	-0.692	-0.800	-0.924	-0.797	-0.935	-0.824	-0.839	-0.927	-0.719	-0.839	-0.657	-0.663	-0.733	-0.847	-0.820	-0.738	-0.740	-0.930	-0.831	-0.833	-0.931	-0.878	-0.907	-0.878	-0.878	-0.942	-0.851	-0.834	-0.613	-0.823	-0.827	-0.943	-0.943	-0.832	-0.689	-0.964	-0.833	-0.690	-0.740	-0.707	-0.402	-0.794	-0.909	-0.663	-0.963	-0.797	-0.610	-0.754	-0.660	-0.660	-0.659	-0.612	-0.663	-0.968	-0.657	-0.657	-0.620	-0.744	-0.615	-0.752	-0.822	-0.622	-0.734	-0.727	-0.735	-0.606	-0.672	-0.672	-0.606	-0.550	-0.606	-0.607	-0.593	-0.633	-0.614	-0.577	-0.595	-0.565	-0.607	-0.627	-0.819	-0.727	-0.715	-0.367	-0.602	-0.579	-0.743	-0.662	-0.620	-0.591	-0.591	-0.591	-0.358	-0.585	-0.696	-0.738	-0.415	-0.742	-0.755	-0.738	-0.614	-0.645	-0.645	-0.742	-0.645	-0.857	-0.645	-0.738	-0.918	-0.918	-0.918	-0.918	-0.918	-0.914	-0.918	-0.918	-0.917	-0.856	-0.737	-0.921	-0.921	-0.922	-0.780	-0.922	-0.737	-0.735	-0.922	-0.667	-0.622	-0.907	-0.688	-0.932	-0.674	-0.663	-0.624	-0.655	
rs7979039      -0.726	-1.009	-0.771	-0.834	-0.390	-0.895	-0.900	-0.824	-0.833	-0.833	-0.709	-0.502	-0.929	-0.352	-0.910	-0.926	-0.735	-0.706	-0.703	-0.704	-0.705	-0.705	-0.850	-0.711	-0.705	-0.705	-0.850	-0.705	-0.716	-0.708	-0.693	-0.698	-0.708	-0.720	-0.712	-0.722	-0.712	-0.699	-0.710	-0.909	-0.678	-0.792	-0.916	-0.788	-0.928	-0.810	-0.841	-0.919	-0.705	-0.841	-0.653	-0.659	-0.719	-0.848	-0.807	-0.725	-0.727	-0.923	-0.833	-0.835	-0.923	-0.879	-0.900	-0.879	-0.879	-0.936	-0.839	-0.822	-0.622	-0.809	-0.814	-0.936	-0.936	-0.818	-0.686	-0.959	-0.825	-0.690	-0.738	-0.706	-0.402	-0.792	-0.901	-0.665	-0.956	-0.795	-0.600	-0.753	-0.662	-0.662	-0.661	-0.601	-0.638	-0.961	-0.659	-0.659	-0.610	-0.743	-0.605	-0.750	-0.821	-0.612	-0.732	-0.726	-0.733	-0.595	-0.662	-0.662	-0.596	-0.539	-0.596	-0.597	-0.585	-0.626	-0.604	-0.551	-0.604	-0.556	-0.597	-0.604	-0.813	-0.725	-0.713	-0.368	-0.577	-0.554	-0.742	-0.661	-0.610	-0.566	-0.566	-0.566	-0.359	-0.559	-0.674	-0.737	-0.414	-0.741	-0.754	-0.737	-0.590	-0.622	-0.622	-0.740	-0.622	-0.856	-0.622	-0.736	-0.910	-0.910	-0.910	-0.910	-0.910	-0.906	-0.910	-0.910	-0.908	-0.855	-0.736	-0.912	-0.912	-0.913	-0.777	-0.913	-0.736	-0.733	-0.913	-0.644	-0.612	-0.900	-0.667	-0.924	-0.652	-0.641	-0.614	-0.633	
rs1433342      -0.814	-1.123	-0.880	-0.894	-0.551	-0.986	-0.993	-0.884	-0.900	-0.901	-0.939	-0.929	-0.626	-0.418	-0.950	-1.070	-0.842	-0.834	-0.832	-0.832	-0.833	-0.833	-0.944	-0.839	-0.833	-0.833	-0.938	-0.834	-0.844	-0.836	-0.822	-0.826	-0.836	-0.847	-0.840	-0.849	-0.840	-0.828	-0.838	-1.058	-0.839	-0.923	-1.062	-0.920	-1.070	-0.983	-0.974	-1.065	-0.865	-0.974	-0.795	-0.801	-0.878	-0.968	-0.980	-0.883	-0.885	-1.067	-0.963	-0.964	-1.067	-0.988	-1.021	-0.988	-0.988	-1.075	-1.005	-0.969	-0.688	-0.959	-0.962	-1.074	-1.074	-0.967	-0.825	-1.085	-0.951	-0.819	-0.886	-0.833	-0.624	-0.922	-1.018	-0.798	-1.084	-0.925	-0.722	-0.889	-0.795	-0.795	-0.795	-0.723	-0.828	-1.088	-0.793	-0.792	-0.732	-0.888	-0.727	-0.897	-0.948	-0.733	-0.881	-0.872	-0.882	-0.716	-0.785	-0.785	-0.717	-0.661	-0.717	-0.718	-0.707	-0.749	-0.725	-0.737	-0.745	-0.670	-0.718	-0.781	-0.928	-0.871	-0.860	-0.589	-0.760	-0.739	-0.887	-0.810	-0.731	-0.751	-0.751	-0.750	-0.581	-0.745	-0.851	-0.876	-0.628	-0.880	-0.891	-0.876	-0.772	-0.801	-0.801	-0.879	-0.801	-0.981	-0.802	-0.876	-1.029	-1.029	-1.029	-1.029	-1.029	-1.025	-1.029	-1.029	-1.028	-0.980	-0.875	-1.032	-1.032	-1.033	-0.908	-1.033	-0.875	-0.873	-1.033	-0.821	-0.734	-1.005	-0.842	-1.044	-0.828	-0.819	-0.736	-0.811	
rs10778842     -0.225	-0.516	-0.227	-0.297	-0.083	-0.492	-0.497	-0.287	-0.310	-0.312	-0.341	-0.352	-0.418	-0.046	-0.519	-0.516	-0.245	-0.369	-0.367	-0.367	-0.368	-0.367	-0.377	-0.371	-0.368	-0.367	-0.364	-0.368	-0.374	-0.369	-0.360	-0.363	-0.369	-0.376	-0.371	-0.377	-0.371	-0.364	-0.370	-0.503	-0.475	-0.493	-0.500	-0.492	-0.494	-0.514	-0.421	-0.499	-0.479	-0.421	-0.318	-0.322	-0.480	-0.435	-0.514	-0.480	-0.480	-0.497	-0.413	-0.413	-0.497	-0.419	-0.472	-0.419	-0.419	-0.488	-0.515	-0.466	-0.395	-0.469	-0.468	-0.486	-0.486	-0.467	-0.339	-0.457	-0.450	-0.295	-0.296	-0.305	-0.160	-0.360	-0.378	-0.327	-0.495	-0.364	+0.162	-0.318	-0.325	-0.324	-0.324	+0.159	-0.276	-0.502	-0.323	-0.322	+0.146	-0.304	+0.152	-0.318	-0.389	+0.142	-0.301	-0.288	-0.302	+0.164	+0.061	+0.061	+0.163	+0.258	+0.163	+0.162	+0.062	+0.003	+0.151	-0.160	-0.079	+0.204	+0.161	-0.201	-0.143	-0.286	-0.274	-0.126	-0.184	-0.162	-0.303	-0.224	+0.137	-0.175	-0.175	-0.175	-0.120	-0.169	-0.272	-0.302	-0.171	-0.305	-0.320	-0.302	-0.201	-0.227	-0.227	-0.305	-0.227	-0.424	-0.227	-0.301	-0.394	-0.394	-0.394	-0.394	-0.394	-0.390	-0.394	-0.394	-0.393	-0.423	-0.301	-0.405	-0.406	-0.406	-0.351	-0.406	-0.301	-0.299	-0.407	-0.249	+0.124	-0.343	-0.270	-0.423	-0.255	-0.246	+0.122	-0.238	
rs9651968      -0.738	-1.046	-0.784	-0.824	-0.505	-0.924	-0.925	-0.814	-0.831	-0.832	-0.904	-0.910	-0.950	-0.519	-0.547	-0.970	-0.756	-0.788	-0.786	-0.786	-0.787	-0.787	-0.874	-0.792	-0.787	-0.787	-0.866	-0.787	-0.796	-0.789	-0.776	-0.781	-0.790	-0.799	-0.792	-0.801	-0.792	-0.782	-0.791	-0.997	-0.852	-0.906	-1.001	-0.903	-1.009	-0.931	-0.879	-1.004	-0.872	-0.879	-0.746	-0.751	-0.883	-0.899	-0.928	-0.887	-0.888	-1.006	-0.868	-0.870	-1.006	-0.909	-0.985	-0.909	-0.909	-1.014	-0.951	-0.956	-0.651	-0.947	-0.950	-1.013	-1.014	-0.953	-0.773	-1.025	-0.929	-0.754	-0.770	-0.767	-0.507	-0.848	-0.891	-0.745	-0.967	-0.851	-0.571	-0.788	-0.742	-0.742	-0.741	-0.573	-0.691	-0.975	-0.739	-0.739	-0.583	-0.773	-0.578	-0.791	-0.875	-0.585	-0.772	-0.755	-0.773	-0.567	-0.644	-0.644	-0.567	-0.510	-0.567	-0.569	-0.580	-0.626	-0.577	-0.572	-0.647	-0.524	-0.569	-0.619	-0.802	-0.755	-0.742	-0.472	-0.599	-0.576	-0.772	-0.689	-0.586	-0.589	-0.589	-0.589	-0.464	-0.583	-0.700	-0.773	-0.523	-0.777	-0.791	-0.773	-0.617	-0.648	-0.648	-0.777	-0.648	-0.907	-0.648	-0.773	-0.907	-0.907	-0.907	-0.907	-0.907	-0.903	-0.907	-0.907	-0.906	-0.906	-0.772	-0.918	-0.918	-0.919	-0.836	-0.919	-0.772	-0.770	-0.919	-0.671	-0.591	-0.901	-0.695	-0.933	-0.679	-0.668	-0.593	-0.659	
rs12820783     -0.798	-1.100	-0.865	-0.864	-0.497	-0.982	-0.986	-0.844	-0.859	-0.860	-0.934	-0.926	-1.070	-0.516	-0.970	-0.601	-0.829	-0.790	-0.787	-0.788	-0.789	-0.789	-0.890	-0.796	-0.789	-0.789	-0.886	-0.789	-0.801	-0.792	-0.777	-0.782	-0.792	-0.804	-0.796	-0.806	-0.796	-0.783	-0.795	-1.036	-0.855	-0.919	-1.042	-0.916	-1.050	-0.960	-0.945	-1.044	-0.878	-0.945	-0.694	-0.701	-0.890	-0.935	-0.957	-0.895	-0.897	-1.046	-0.934	-0.935	-1.047	-0.967	-1.018	-0.967	-0.967	-1.056	-0.982	-0.976	-0.687	-0.966	-0.970	-1.056	-1.056	-0.974	-0.732	-1.072	-0.945	-0.764	-0.854	-0.782	-0.568	-0.876	-1.009	-0.750	-1.065	-0.879	-0.720	-0.858	-0.748	-0.747	-0.747	-0.722	-0.782	-1.070	-0.745	-0.745	-0.730	-0.857	-0.725	-0.865	-0.905	-0.731	-0.849	-0.841	-0.850	-0.715	-0.781	-0.781	-0.716	-0.659	-0.716	-0.717	-0.698	-0.738	-0.723	-0.712	-0.715	-0.673	-0.716	-0.756	-0.922	-0.840	-0.828	-0.532	-0.735	-0.714	-0.855	-0.777	-0.729	-0.725	-0.725	-0.724	-0.524	-0.718	-0.824	-0.844	-0.565	-0.848	-0.860	-0.844	-0.745	-0.775	-0.775	-0.848	-0.775	-0.940	-0.775	-0.844	-1.017	-1.017	-1.017	-1.017	-1.017	-1.014	-1.017	-1.017	-1.016	-0.939	-0.843	-1.022	-1.022	-1.023	-0.863	-1.023	-0.843	-0.841	-1.023	-0.795	-0.730	-1.002	-0.816	-1.032	-0.802	-0.792	-0.732	-0.785	
rs118139086    -0.591	-0.882	-0.651	-0.703	-0.289	-0.753	-0.756	-0.692	-0.703	-0.703	-0.733	-0.735	-0.842	-0.245	-0.756	-0.829	-0.360	-0.374	-0.369	-0.370	-0.373	-0.379	-0.725	-0.390	-0.379	-0.379	-0.723	-0.379	-0.398	-0.383	-0.358	-0.367	-0.384	-0.404	-0.390	-0.407	-0.390	-0.368	-0.388	-0.825	-0.591	-0.668	-0.830	-0.665	-0.838	-0.751	-0.730	-0.832	-0.617	-0.730	-0.547	-0.553	-0.630	-0.631	-0.748	-0.636	-0.638	-0.835	-0.719	-0.721	-0.835	-0.693	-0.778	-0.694	-0.693	-0.844	-0.773	-0.727	-0.443	-0.715	-0.719	-0.843	-0.843	-0.724	-0.578	-0.858	-0.696	-0.570	-0.629	-0.586	-0.326	-0.678	-0.794	-0.298	-0.845	-0.681	-0.515	-0.637	-0.295	-0.295	-0.294	-0.516	-0.554	-0.849	-0.293	-0.293	-0.524	-0.629	-0.519	-0.644	-0.705	-0.526	-0.627	-0.612	-0.628	-0.509	-0.573	-0.573	-0.510	-0.455	-0.510	-0.511	-0.490	-0.530	-0.518	-0.507	-0.429	-0.466	-0.511	-0.553	-0.713	-0.612	-0.600	-0.289	-0.530	-0.509	-0.628	-0.547	-0.523	-0.520	-0.520	-0.520	-0.281	-0.514	-0.619	-0.624	-0.337	-0.627	-0.640	-0.623	-0.540	-0.570	-0.570	-0.627	-0.570	-0.738	-0.571	-0.623	-0.803	-0.803	-0.803	-0.803	-0.803	-0.800	-0.803	-0.803	-0.802	-0.737	-0.622	-0.806	-0.806	-0.806	-0.663	-0.806	-0.623	-0.620	-0.806	-0.590	-0.524	-0.785	-0.611	-0.815	-0.597	-0.587	-0.526	-0.580	
rs10862406     -0.561	-0.854	-0.616	-0.682	-0.213	-0.763	-0.768	-0.676	-0.685	-0.685	-0.702	-0.706	-0.834	-0.369	-0.788	-0.790	-0.374	-0.338	-0.444	-0.444	-0.446	-0.462	-0.696	-0.466	-0.462	-0.462	-0.698	-0.463	-0.469	-0.465	-0.459	-0.461	-0.465	-0.472	-0.472	-0.473	-0.472	-0.464	-0.468	-0.730	-0.686	-0.733	-0.738	-0.730	-0.751	-0.665	-0.706	-0.742	-0.705	-0.706	-0.473	-0.480	-0.715	-0.622	-0.661	-0.718	-0.720	-0.745	-0.697	-0.698	-0.745	-0.560	-0.807	-0.559	-0.559	-0.761	-0.692	-0.781	-0.517	-0.773	-0.775	-0.761	-0.762	-0.778	-0.509	-0.792	-0.755	-0.520	-0.634	-0.538	-0.402	-0.596	-0.565	-0.555	-0.702	-0.600	-0.360	-0.636	-0.554	-0.554	-0.553	-0.362	-0.565	-0.714	-0.553	-0.553	-0.373	-0.639	-0.367	-0.644	-0.631	-0.375	-0.629	-0.625	-0.630	-0.357	-0.442	-0.442	-0.357	-0.292	-0.358	-0.359	-0.362	-0.407	-0.367	-0.199	-0.562	-0.318	-0.359	-0.268	-0.607	-0.624	-0.613	-0.366	-0.234	-0.206	-0.638	-0.565	-0.376	-0.223	-0.223	-0.223	-0.359	-0.216	-0.385	-0.623	-0.397	-0.627	-0.638	-0.624	-0.258	-0.298	-0.298	-0.627	-0.298	-0.673	-0.298	-0.623	-0.606	-0.606	-0.606	-0.606	-0.606	-0.600	-0.606	-0.606	-0.605	-0.672	-0.623	-0.604	-0.604	-0.606	-0.589	-0.606	-0.623	-0.621	-0.606	-0.327	-0.381	-0.555	-0.358	-0.628	-0.337	-0.324	-0.383	-0.313	
rs11115118     -0.558	-0.851	-0.613	-0.680	-0.210	-0.761	-0.765	-0.673	-0.682	-0.683	-0.699	-0.703	-0.832	-0.367	-0.786	-0.787	-0.369	-0.444	-0.335	-0.442	-0.443	-0.460	-0.694	-0.463	-0.460	-0.460	-0.696	-0.461	-0.466	-0.462	-0.457	-0.459	-0.463	-0.469	-0.469	-0.470	-0.469	-0.462	-0.466	-0.726	-0.684	-0.730	-0.735	-0.728	-0.748	-0.662	-0.704	-0.738	-0.703	-0.704	-0.470	-0.477	-0.713	-0.618	-0.658	-0.716	-0.718	-0.742	-0.695	-0.695	-0.742	-0.555	-0.805	-0.554	-0.555	-0.757	-0.689	-0.779	-0.515	-0.771	-0.773	-0.758	-0.758	-0.776	-0.506	-0.789	-0.753	-0.517	-0.632	-0.535	-0.400	-0.593	-0.560	-0.554	-0.699	-0.597	-0.356	-0.634	-0.552	-0.552	-0.552	-0.359	-0.562	-0.711	-0.551	-0.551	-0.369	-0.637	-0.363	-0.642	-0.628	-0.371	-0.627	-0.622	-0.627	-0.353	-0.439	-0.438	-0.354	-0.288	-0.354	-0.355	-0.358	-0.404	-0.363	-0.194	-0.560	-0.315	-0.355	-0.264	-0.603	-0.621	-0.611	-0.364	-0.229	-0.201	-0.635	-0.563	-0.372	-0.218	-0.218	-0.218	-0.357	-0.211	-0.380	-0.621	-0.394	-0.624	-0.635	-0.621	-0.253	-0.293	-0.293	-0.624	-0.293	-0.670	-0.293	-0.621	-0.602	-0.602	-0.602	-0.602	-0.602	-0.596	-0.602	-0.602	-0.600	-0.669	-0.620	-0.600	-0.600	-0.601	-0.586	-0.601	-0.620	-0.618	-0.602	-0.323	-0.377	-0.551	-0.354	-0.624	-0.332	-0.319	-0.379	-0.308	
rs10746212     -0.558	-0.852	-0.614	-0.680	-0.211	-0.761	-0.766	-0.674	-0.683	-0.683	-0.699	-0.704	-0.832	-0.367	-0.786	-0.788	-0.370	-0.444	-0.442	-0.336	-0.444	-0.460	-0.694	-0.463	-0.460	-0.460	-0.696	-0.461	-0.466	-0.462	-0.457	-0.459	-0.463	-0.469	-0.469	-0.470	-0.469	-0.462	-0.466	-0.727	-0.684	-0.731	-0.735	-0.729	-0.749	-0.662	-0.704	-0.739	-0.703	-0.704	-0.471	-0.477	-0.713	-0.619	-0.659	-0.717	-0.718	-0.743	-0.695	-0.696	-0.743	-0.556	-0.805	-0.555	-0.555	-0.758	-0.689	-0.779	-0.516	-0.771	-0.774	-0.759	-0.759	-0.777	-0.507	-0.790	-0.753	-0.518	-0.632	-0.536	-0.400	-0.594	-0.561	-0.554	-0.699	-0.598	-0.357	-0.634	-0.553	-0.552	-0.552	-0.359	-0.563	-0.711	-0.551	-0.551	-0.370	-0.637	-0.364	-0.642	-0.628	-0.372	-0.627	-0.623	-0.628	-0.354	-0.439	-0.439	-0.354	-0.289	-0.354	-0.356	-0.359	-0.404	-0.364	-0.195	-0.560	-0.315	-0.356	-0.265	-0.604	-0.622	-0.611	-0.365	-0.230	-0.202	-0.636	-0.563	-0.373	-0.219	-0.219	-0.219	-0.357	-0.212	-0.381	-0.621	-0.395	-0.625	-0.636	-0.621	-0.254	-0.294	-0.294	-0.625	-0.294	-0.671	-0.294	-0.621	-0.603	-0.603	-0.603	-0.603	-0.603	-0.597	-0.603	-0.603	-0.601	-0.670	-0.621	-0.601	-0.601	-0.602	-0.586	-0.602	-0.621	-0.619	-0.603	-0.324	-0.378	-0.552	-0.355	-0.625	-0.333	-0.320	-0.380	-0.309	
rs11115120     -0.560	-0.853	-0.615	-0.682	-0.212	-0.763	-0.767	-0.675	-0.684	-0.685	-0.701	-0.705	-0.833	-0.368	-0.787	-0.789	-0.373	-0.446	-0.443	-0.444	-0.337	-0.460	-0.696	-0.464	-0.460	-0.460	-0.698	-0.461	-0.466	-0.462	-0.457	-0.459	-0.463	-0.469	-0.470	-0.471	-0.470	-0.462	-0.466	-0.729	-0.685	-0.732	-0.737	-0.730	-0.750	-0.664	-0.706	-0.741	-0.704	-0.706	-0.472	-0.479	-0.714	-0.621	-0.660	-0.718	-0.719	-0.744	-0.697	-0.697	-0.744	-0.558	-0.806	-0.557	-0.557	-0.760	-0.691	-0.780	-0.517	-0.772	-0.775	-0.760	-0.761	-0.778	-0.509	-0.792	-0.755	-0.519	-0.634	-0.537	-0.401	-0.595	-0.563	-0.555	-0.701	-0.599	-0.359	-0.636	-0.553	-0.553	-0.553	-0.361	-0.564	-0.713	-0.552	-0.552	-0.372	-0.638	-0.366	-0.643	-0.630	-0.374	-0.628	-0.624	-0.629	-0.355	-0.441	-0.441	-0.356	-0.291	-0.356	-0.358	-0.361	-0.406	-0.366	-0.197	-0.561	-0.317	-0.358	-0.267	-0.606	-0.623	-0.613	-0.366	-0.232	-0.204	-0.637	-0.565	-0.375	-0.222	-0.222	-0.221	-0.358	-0.214	-0.383	-0.623	-0.396	-0.626	-0.637	-0.623	-0.256	-0.296	-0.296	-0.626	-0.296	-0.672	-0.297	-0.622	-0.605	-0.605	-0.605	-0.605	-0.605	-0.599	-0.605	-0.605	-0.603	-0.671	-0.622	-0.603	-0.603	-0.604	-0.588	-0.604	-0.622	-0.620	-0.605	-0.326	-0.380	-0.554	-0.357	-0.627	-0.335	-0.322	-0.382	-0.311	
rs11115127     -0.559	-0.853	-0.615	-0.681	-0.212	-0.762	-0.766	-0.674	-0.684	-0.684	-0.701	-0.705	-0.833	-0.367	-0.787	-0.789	-0.379	-0.462	-0.460	-0.460	-0.460	-0.337	-0.695	-0.447	-0.444	-0.444	-0.697	-0.444	-0.455	-0.452	-0.440	-0.441	-0.452	-0.457	-0.452	-0.458	-0.452	-0.444	-0.455	-0.727	-0.685	-0.732	-0.736	-0.729	-0.749	-0.663	-0.705	-0.740	-0.704	-0.705	-0.471	-0.478	-0.714	-0.618	-0.659	-0.718	-0.719	-0.743	-0.696	-0.697	-0.743	-0.554	-0.806	-0.553	-0.554	-0.759	-0.690	-0.780	-0.516	-0.772	-0.774	-0.759	-0.760	-0.777	-0.508	-0.791	-0.754	-0.519	-0.633	-0.537	-0.400	-0.594	-0.558	-0.554	-0.701	-0.598	-0.359	-0.635	-0.552	-0.552	-0.552	-0.361	-0.564	-0.712	-0.551	-0.551	-0.372	-0.638	-0.366	-0.643	-0.629	-0.374	-0.628	-0.623	-0.628	-0.355	-0.441	-0.441	-0.356	-0.291	-0.356	-0.358	-0.361	-0.406	-0.366	-0.193	-0.561	-0.317	-0.358	-0.263	-0.606	-0.622	-0.612	-0.365	-0.228	-0.200	-0.636	-0.564	-0.375	-0.218	-0.218	-0.218	-0.357	-0.210	-0.380	-0.622	-0.395	-0.625	-0.637	-0.622	-0.252	-0.292	-0.293	-0.625	-0.293	-0.672	-0.293	-0.622	-0.602	-0.602	-0.602	-0.602	-0.602	-0.596	-0.602	-0.602	-0.600	-0.670	-0.621	-0.600	-0.600	-0.601	-0.588	-0.601	-0.621	-0.619	-0.602	-0.322	-0.380	-0.551	-0.354	-0.624	-0.332	-0.319	-0.382	-0.307	
rs73159211     -0.676	-0.988	-0.765	-0.649	-0.404	-0.869	-0.873	-0.589	-0.619	-0.617	-0.849	-0.850	-0.944	-0.377	-0.874	-0.890	-0.725	-0.696	-0.694	-0.694	-0.696	-0.695	-0.491	-0.702	-0.695	-0.695	-0.609	-0.695	-0.707	-0.698	-0.683	-0.688	-0.698	-0.710	-0.702	-0.712	-0.702	-0.689	-0.700	-0.901	-0.722	-0.796	-0.907	-0.793	-0.918	-0.815	-0.847	-0.910	-0.747	-0.847	-0.420	-0.432	-0.760	-0.838	-0.812	-0.765	-0.767	-0.913	-0.837	-0.838	-0.914	-0.868	-0.900	-0.868	-0.868	-0.925	-0.841	-0.852	-0.569	-0.841	-0.845	-0.925	-0.925	-0.850	-0.485	-0.945	-0.822	-0.634	-0.754	-0.654	-0.465	-0.720	-0.899	-0.656	-0.957	-0.724	-0.568	-0.761	-0.653	-0.653	-0.652	-0.569	-0.684	-0.962	-0.650	-0.650	-0.578	-0.754	-0.573	-0.767	-0.755	-0.581	-0.751	-0.738	-0.752	-0.563	-0.635	-0.635	-0.564	-0.502	-0.564	-0.565	-0.547	-0.592	-0.573	-0.584	-0.594	-0.523	-0.565	-0.637	-0.794	-0.737	-0.726	-0.428	-0.608	-0.586	-0.753	-0.675	-0.579	-0.598	-0.598	-0.598	-0.420	-0.592	-0.704	-0.747	-0.473	-0.751	-0.762	-0.747	-0.619	-0.651	-0.651	-0.750	-0.651	-0.799	-0.651	-0.747	-0.908	-0.908	-0.908	-0.908	-0.908	-0.905	-0.908	-0.908	-0.907	-0.798	-0.746	-0.915	-0.915	-0.915	-0.708	-0.915	-0.746	-0.744	-0.916	-0.672	-0.581	-0.894	-0.694	-0.925	-0.679	-0.669	-0.583	-0.661	
rs7315798      -0.566	-0.860	-0.622	-0.687	-0.219	-0.768	-0.772	-0.681	-0.690	-0.690	-0.707	-0.711	-0.839	-0.371	-0.792	-0.796	-0.390	-0.466	-0.463	-0.463	-0.464	-0.447	-0.702	-0.344	-0.448	-0.448	-0.704	-0.448	-0.461	-0.456	-0.442	-0.444	-0.456	-0.463	-0.456	-0.465	-0.456	-0.447	-0.459	-0.735	-0.689	-0.737	-0.743	-0.734	-0.757	-0.670	-0.711	-0.747	-0.708	-0.712	-0.479	-0.485	-0.718	-0.627	-0.667	-0.722	-0.724	-0.751	-0.703	-0.703	-0.751	-0.565	-0.811	-0.564	-0.565	-0.766	-0.697	-0.785	-0.521	-0.777	-0.779	-0.767	-0.767	-0.783	-0.515	-0.798	-0.759	-0.526	-0.639	-0.544	-0.405	-0.602	-0.568	-0.557	-0.709	-0.606	-0.367	-0.641	-0.556	-0.556	-0.555	-0.370	-0.571	-0.721	-0.555	-0.555	-0.380	-0.644	-0.375	-0.649	-0.636	-0.382	-0.634	-0.629	-0.634	-0.364	-0.449	-0.449	-0.365	-0.300	-0.365	-0.366	-0.369	-0.414	-0.374	-0.204	-0.565	-0.326	-0.366	-0.273	-0.613	-0.628	-0.618	-0.370	-0.239	-0.211	-0.642	-0.569	-0.383	-0.228	-0.228	-0.228	-0.362	-0.221	-0.390	-0.628	-0.400	-0.632	-0.643	-0.628	-0.263	-0.303	-0.303	-0.631	-0.303	-0.679	-0.303	-0.628	-0.612	-0.612	-0.612	-0.612	-0.612	-0.606	-0.612	-0.612	-0.610	-0.678	-0.627	-0.610	-0.610	-0.611	-0.595	-0.611	-0.627	-0.625	-0.612	-0.333	-0.388	-0.561	-0.364	-0.634	-0.342	-0.329	-0.390	-0.318	
rs7304752      -0.559	-0.853	-0.615	-0.681	-0.212	-0.762	-0.767	-0.675	-0.684	-0.684	-0.701	-0.705	-0.833	-0.368	-0.787	-0.789	-0.379	-0.462	-0.460	-0.460	-0.460	-0.444	-0.695	-0.448	-0.337	-0.444	-0.697	-0.444	-0.455	-0.451	-0.440	-0.441	-0.452	-0.457	-0.451	-0.458	-0.452	-0.444	-0.454	-0.728	-0.685	-0.732	-0.736	-0.729	-0.749	-0.663	-0.705	-0.740	-0.704	-0.705	-0.472	-0.478	-0.714	-0.618	-0.660	-0.718	-0.719	-0.743	-0.696	-0.697	-0.743	-0.555	-0.806	-0.554	-0.554	-0.759	-0.690	-0.780	-0.516	-0.772	-0.774	-0.760	-0.760	-0.778	-0.508	-0.791	-0.754	-0.519	-0.633	-0.537	-0.401	-0.594	-0.558	-0.554	-0.701	-0.598	-0.359	-0.635	-0.552	-0.552	-0.552	-0.361	-0.565	-0.713	-0.551	-0.551	-0.372	-0.638	-0.366	-0.643	-0.629	-0.374	-0.628	-0.623	-0.628	-0.356	-0.441	-0.441	-0.356	-0.291	-0.357	-0.358	-0.361	-0.406	-0.366	-0.193	-0.561	-0.317	-0.358	-0.263	-0.606	-0.622	-0.612	-0.365	-0.228	-0.200	-0.637	-0.564	-0.375	-0.218	-0.218	-0.218	-0.357	-0.210	-0.380	-0.622	-0.395	-0.626	-0.637	-0.622	-0.253	-0.293	-0.293	-0.625	-0.293	-0.672	-0.293	-0.622	-0.602	-0.602	-0.602	-0.602	-0.602	-0.596	-0.602	-0.602	-0.600	-0.671	-0.621	-0.600	-0.600	-0.602	-0.588	-0.602	-0.621	-0.619	-0.602	-0.323	-0.380	-0.551	-0.354	-0.625	-0.332	-0.319	-0.382	-0.308	
rs11115129     -0.559	-0.853	-0.615	-0.681	-0.212	-0.762	-0.767	-0.675	-0.684	-0.684	-0.701	-0.705	-0.833	-0.367	-0.787	-0.789	-0.379	-0.462	-0.460	-0.460	-0.460	-0.444	-0.695	-0.448	-0.444	-0.337	-0.697	-0.444	-0.455	-0.451	-0.440	-0.441	-0.452	-0.457	-0.451	-0.458	-0.451	-0.444	-0.454	-0.728	-0.685	-0.732	-0.736	-0.729	-0.749	-0.663	-0.705	-0.740	-0.704	-0.705	-0.472	-0.478	-0.714	-0.618	-0.660	-0.718	-0.719	-0.743	-0.696	-0.697	-0.743	-0.555	-0.806	-0.554	-0.554	-0.759	-0.690	-0.780	-0.516	-0.772	-0.774	-0.760	-0.760	-0.778	-0.508	-0.791	-0.754	-0.519	-0.633	-0.537	-0.401	-0.594	-0.558	-0.554	-0.701	-0.598	-0.359	-0.635	-0.552	-0.552	-0.552	-0.361	-0.565	-0.713	-0.551	-0.551	-0.372	-0.638	-0.366	-0.643	-0.629	-0.374	-0.628	-0.623	-0.628	-0.356	-0.441	-0.441	-0.356	-0.291	-0.357	-0.358	-0.361	-0.406	-0.366	-0.193	-0.561	-0.317	-0.358	-0.263	-0.606	-0.622	-0.612	-0.365	-0.228	-0.200	-0.637	-0.564	-0.375	-0.218	-0.218	-0.218	-0.357	-0.210	-0.380	-0.622	-0.395	-0.626	-0.637	-0.622	-0.252	-0.293	-0.293	-0.625	-0.293	-0.672	-0.293	-0.622	-0.602	-0.602	-0.602	-0.602	-0.602	-0.596	-0.602	-0.602	-0.600	-0.670	-0.621	-0.600	-0.600	-0.602	-0.588	-0.602	-0.621	-0.619	-0.602	-0.323	-0.380	-0.551	-0.354	-0.625	-0.332	-0.319	-0.382	-0.308	
rs73159213     -0.681	-0.987	-0.765	-0.666	-0.406	-0.872	-0.876	-0.622	-0.645	-0.643	-0.849	-0.850	-0.938	-0.364	-0.866	-0.886	-0.723	-0.698	-0.696	-0.696	-0.698	-0.697	-0.609	-0.704	-0.697	-0.697	-0.489	-0.698	-0.708	-0.700	-0.685	-0.690	-0.700	-0.712	-0.704	-0.714	-0.704	-0.691	-0.702	-0.894	-0.712	-0.788	-0.900	-0.785	-0.911	-0.804	-0.845	-0.904	-0.738	-0.845	-0.382	-0.394	-0.751	-0.839	-0.801	-0.756	-0.758	-0.907	-0.835	-0.836	-0.907	-0.867	-0.895	-0.867	-0.867	-0.919	-0.831	-0.845	-0.560	-0.833	-0.837	-0.919	-0.919	-0.842	-0.451	-0.941	-0.815	-0.623	-0.751	-0.644	-0.458	-0.706	-0.895	-0.657	-0.954	-0.711	-0.554	-0.758	-0.655	-0.654	-0.654	-0.556	-0.679	-0.959	-0.652	-0.652	-0.565	-0.751	-0.560	-0.765	-0.743	-0.568	-0.749	-0.735	-0.750	-0.550	-0.623	-0.623	-0.551	-0.487	-0.551	-0.552	-0.534	-0.579	-0.559	-0.574	-0.586	-0.510	-0.552	-0.630	-0.785	-0.734	-0.723	-0.421	-0.599	-0.577	-0.750	-0.671	-0.566	-0.589	-0.589	-0.589	-0.413	-0.582	-0.696	-0.745	-0.467	-0.748	-0.760	-0.745	-0.610	-0.642	-0.643	-0.748	-0.643	-0.789	-0.643	-0.744	-0.904	-0.904	-0.904	-0.904	-0.904	-0.901	-0.904	-0.904	-0.903	-0.788	-0.744	-0.911	-0.912	-0.912	-0.693	-0.912	-0.744	-0.742	-0.912	-0.664	-0.568	-0.891	-0.686	-0.922	-0.671	-0.661	-0.570	-0.653	
rs2053094      -0.560	-0.853	-0.615	-0.681	-0.212	-0.762	-0.767	-0.675	-0.684	-0.684	-0.701	-0.705	-0.834	-0.368	-0.787	-0.789	-0.379	-0.463	-0.461	-0.461	-0.461	-0.444	-0.695	-0.448	-0.444	-0.444	-0.698	-0.337	-0.455	-0.451	-0.439	-0.440	-0.451	-0.456	-0.450	-0.457	-0.450	-0.443	-0.453	-0.728	-0.685	-0.732	-0.736	-0.730	-0.750	-0.663	-0.705	-0.740	-0.704	-0.705	-0.472	-0.479	-0.714	-0.619	-0.660	-0.718	-0.719	-0.744	-0.697	-0.697	-0.744	-0.555	-0.806	-0.554	-0.554	-0.759	-0.690	-0.780	-0.517	-0.772	-0.775	-0.760	-0.760	-0.778	-0.508	-0.791	-0.755	-0.519	-0.633	-0.537	-0.401	-0.595	-0.558	-0.554	-0.701	-0.599	-0.359	-0.635	-0.552	-0.552	-0.552	-0.362	-0.565	-0.713	-0.551	-0.551	-0.372	-0.638	-0.367	-0.643	-0.629	-0.375	-0.628	-0.623	-0.629	-0.356	-0.442	-0.441	-0.357	-0.292	-0.357	-0.358	-0.361	-0.406	-0.366	-0.193	-0.561	-0.318	-0.358	-0.263	-0.606	-0.622	-0.612	-0.365	-0.228	-0.200	-0.637	-0.564	-0.375	-0.218	-0.218	-0.218	-0.358	-0.210	-0.380	-0.622	-0.395	-0.626	-0.637	-0.622	-0.253	-0.293	-0.293	-0.626	-0.293	-0.672	-0.293	-0.622	-0.602	-0.602	-0.602	-0.602	-0.602	-0.596	-0.602	-0.602	-0.601	-0.671	-0.621	-0.600	-0.601	-0.602	-0.588	-0.602	-0.622	-0.619	-0.602	-0.323	-0.381	-0.551	-0.354	-0.625	-0.332	-0.319	-0.383	-0.308	
rs11115131     -0.571	-0.864	-0.627	-0.692	-0.225	-0.772	-0.777	-0.686	-0.695	-0.695	-0.712	-0.716	-0.844	-0.374	-0.796	-0.801	-0.398	-0.469	-0.466	-0.466	-0.466	-0.455	-0.707	-0.461	-0.455	-0.455	-0.708	-0.455	-0.349	-0.452	-0.444	-0.446	-0.452	-0.461	-0.460	-0.462	-0.460	-0.448	-0.454	-0.741	-0.693	-0.740	-0.750	-0.738	-0.763	-0.677	-0.716	-0.753	-0.712	-0.716	-0.484	-0.491	-0.722	-0.632	-0.673	-0.726	-0.727	-0.757	-0.707	-0.708	-0.757	-0.572	-0.816	-0.571	-0.572	-0.772	-0.703	-0.789	-0.525	-0.781	-0.783	-0.773	-0.773	-0.787	-0.521	-0.804	-0.763	-0.531	-0.644	-0.549	-0.409	-0.608	-0.577	-0.559	-0.716	-0.612	-0.373	-0.646	-0.558	-0.558	-0.557	-0.376	-0.576	-0.728	-0.557	-0.556	-0.386	-0.648	-0.380	-0.653	-0.642	-0.388	-0.638	-0.633	-0.639	-0.370	-0.455	-0.455	-0.371	-0.306	-0.371	-0.372	-0.375	-0.420	-0.380	-0.211	-0.568	-0.331	-0.372	-0.280	-0.619	-0.633	-0.622	-0.373	-0.246	-0.218	-0.647	-0.574	-0.389	-0.236	-0.236	-0.235	-0.366	-0.228	-0.397	-0.633	-0.404	-0.636	-0.647	-0.633	-0.270	-0.310	-0.310	-0.636	-0.310	-0.684	-0.310	-0.632	-0.618	-0.618	-0.618	-0.618	-0.618	-0.612	-0.618	-0.618	-0.617	-0.683	-0.632	-0.616	-0.617	-0.618	-0.600	-0.618	-0.632	-0.630	-0.618	-0.340	-0.394	-0.568	-0.371	-0.641	-0.349	-0.336	-0.396	-0.325	
rs10862409     -0.562	-0.856	-0.618	-0.684	-0.215	-0.765	-0.769	-0.677	-0.687	-0.687	-0.704	-0.708	-0.836	-0.369	-0.789	-0.792	-0.383	-0.465	-0.462	-0.462	-0.462	-0.452	-0.698	-0.456	-0.451	-0.451	-0.700	-0.451	-0.452	-0.340	-0.442	-0.444	-0.447	-0.453	-0.455	-0.454	-0.455	-0.446	-0.449	-0.731	-0.687	-0.734	-0.740	-0.732	-0.753	-0.667	-0.708	-0.743	-0.706	-0.708	-0.475	-0.482	-0.716	-0.621	-0.663	-0.720	-0.721	-0.747	-0.699	-0.699	-0.747	-0.558	-0.808	-0.557	-0.557	-0.762	-0.693	-0.782	-0.518	-0.774	-0.777	-0.763	-0.763	-0.780	-0.511	-0.794	-0.756	-0.522	-0.636	-0.540	-0.402	-0.598	-0.563	-0.555	-0.705	-0.602	-0.362	-0.638	-0.553	-0.553	-0.553	-0.364	-0.568	-0.716	-0.552	-0.552	-0.375	-0.640	-0.369	-0.645	-0.633	-0.377	-0.630	-0.626	-0.631	-0.359	-0.444	-0.444	-0.359	-0.294	-0.360	-0.361	-0.364	-0.409	-0.369	-0.196	-0.562	-0.320	-0.361	-0.266	-0.609	-0.625	-0.614	-0.367	-0.231	-0.203	-0.639	-0.566	-0.378	-0.221	-0.221	-0.221	-0.359	-0.214	-0.383	-0.625	-0.397	-0.628	-0.639	-0.625	-0.256	-0.296	-0.296	-0.628	-0.296	-0.675	-0.296	-0.624	-0.606	-0.606	-0.606	-0.606	-0.606	-0.600	-0.606	-0.606	-0.604	-0.674	-0.624	-0.604	-0.604	-0.605	-0.591	-0.605	-0.624	-0.622	-0.606	-0.326	-0.383	-0.555	-0.357	-0.628	-0.335	-0.322	-0.385	-0.311	
rs55751796     -0.547	-0.841	-0.603	-0.669	-0.197	-0.751	-0.756	-0.663	-0.672	-0.672	-0.689	-0.693	-0.822	-0.360	-0.776	-0.777	-0.358	-0.459	-0.457	-0.457	-0.457	-0.440	-0.683	-0.442	-0.440	-0.440	-0.685	-0.439	-0.444	-0.442	-0.324	-0.435	-0.442	-0.444	-0.441	-0.444	-0.441	-0.436	-0.443	-0.714	-0.676	-0.722	-0.722	-0.720	-0.736	-0.649	-0.693	-0.726	-0.695	-0.693	-0.458	-0.465	-0.705	-0.602	-0.646	-0.709	-0.710	-0.729	-0.684	-0.685	-0.730	-0.533	-0.795	-0.532	-0.532	-0.745	-0.676	-0.770	-0.507	-0.762	-0.765	-0.746	-0.746	-0.768	-0.495	-0.778	-0.745	-0.506	-0.622	-0.524	-0.391	-0.581	-0.539	-0.546	-0.685	-0.585	-0.343	-0.624	-0.545	-0.544	-0.544	-0.346	-0.554	-0.697	-0.543	-0.543	-0.356	-0.627	-0.351	-0.632	-0.616	-0.359	-0.617	-0.612	-0.617	-0.340	-0.426	-0.426	-0.341	-0.276	-0.341	-0.342	-0.346	-0.391	-0.351	-0.172	-0.554	-0.302	-0.343	-0.242	-0.592	-0.611	-0.601	-0.356	-0.207	-0.179	-0.626	-0.553	-0.360	-0.197	-0.197	-0.197	-0.348	-0.190	-0.361	-0.611	-0.385	-0.614	-0.626	-0.611	-0.232	-0.273	-0.273	-0.614	-0.273	-0.659	-0.273	-0.610	-0.584	-0.584	-0.584	-0.584	-0.584	-0.578	-0.584	-0.584	-0.583	-0.658	-0.610	-0.582	-0.582	-0.583	-0.575	-0.583	-0.610	-0.608	-0.584	-0.303	-0.365	-0.532	-0.334	-0.607	-0.312	-0.299	-0.367	-0.288	
