## Summary of overall evidence for association with region:
## log10(BF for region) = 3.5977
## p-value for region = NA

## BFs for choosing among multi-SNP models:
## log10(average 1-SNP BF) = 3.61815
## log10(average 2-SNP BF) = 3.55364

## Example posterior probabilities for multi-SNP models, based on default prior: [p(l) propto 0.5^l for l=1,2,...,L]
## posterior probability of 1-SNP = 0.69882
## posterior probability of 2-SNP = 0.30118

## log10(BF) for single SNP and pair of SNPs:
rs10851512     -0.435	+2.333	+2.566	+2.926	-0.423	+2.640	-0.347	+3.898	+4.075	+4.075	+4.046	+4.065	-0.669	-0.630	-0.666	+3.857	-0.677	-0.612	+1.864	+2.618	-0.407	-0.612	-0.646	-0.599	-0.639	-0.693	-0.685	-0.693	-0.656	-0.693	-0.431	+1.962	+1.970	+1.967	+2.569	-0.694	+2.044	+2.016	+1.967	-0.638	-0.633	-0.701	-0.689	-0.689	+2.580	-0.641	-0.700	-0.632	-0.694	+1.868	-0.657	-0.703	+3.166	-0.700	+3.158	+3.159	+3.159	-0.731	+3.144	+3.136	+3.133	+3.114	-0.703	-0.701	+3.124	-0.701	-0.708	+3.192	-0.708	-0.707	+2.368	-0.684	-0.694	-0.689	-0.707	-0.690	+3.224	+3.080	+2.973	-0.707	+3.140	+3.177	+3.204	+3.137	+3.170	+3.106	-0.707	-0.684	-0.699	-0.705	+3.299	+3.175	+1.675	+3.137	+3.151	-0.688	+3.212	-0.691	+3.049	+3.094	-0.694	+3.217	+2.911	+3.294	+3.092	-0.687	+1.050	+3.273	+2.321	+2.789	+1.454	+1.573	+3.267	+3.095	+1.549	-0.679	+2.981	+2.735	+3.174	+3.116	+2.269	+2.860	+2.322	+3.217	+2.301	+2.153	+2.673	+3.170	-0.679	+3.112	+2.327	+3.143	+3.129	+2.301	+2.257	+1.002	+1.554	+3.218	+2.247	+3.152	+2.678	+3.179	+3.173	+3.023	+2.692	+3.143	+3.137	+3.155	+3.155	+3.154	+2.194	+3.153	+3.152	+3.154	+2.461	-0.679	+2.377	+2.023	
rs6493552      +2.333	+2.967	+3.249	+3.480	+2.454	+3.151	+2.496	+4.203	+4.360	+4.360	+4.335	+4.353	+2.472	+2.350	+2.424	+4.168	+2.451	+2.359	+3.020	+3.132	+2.464	+2.359	+2.343	+2.367	+2.345	+2.445	+2.336	+2.445	+2.487	+2.445	+2.451	+3.080	+3.085	+3.083	+3.096	+2.443	+3.134	+3.111	+3.083	+2.346	+2.348	+2.442	+2.445	+2.445	+3.104	+2.344	+2.441	+2.349	+2.444	+3.032	+2.491	+2.328	+3.637	+2.443	+3.631	+3.632	+3.632	+2.318	+3.622	+3.616	+3.615	+3.602	+2.329	+2.443	+3.609	+2.443	+2.330	+3.660	+2.330	+2.330	+2.969	+2.447	+2.447	+2.462	+2.330	+2.464	+3.686	+3.582	+3.476	+2.331	+3.621	+3.650	+3.668	+3.618	+3.645	+3.596	+2.331	+2.467	+2.449	+2.331	+3.747	+3.647	+2.906	+3.622	+3.630	+2.463	+3.674	+2.470	+3.556	+3.590	+2.468	+3.678	+3.461	+3.738	+3.560	+2.464	+2.542	+3.720	+2.944	+3.384	+2.692	+2.849	+3.718	+3.589	+2.833	+2.470	+3.512	+3.348	+3.646	+3.604	+3.468	+3.425	+2.944	+3.679	+2.933	+2.878	+3.731	+3.644	+2.470	+3.601	+3.413	+3.623	+3.615	+3.484	+3.456	+2.593	+2.833	+3.679	+3.449	+3.630	+3.311	+3.651	+3.646	+3.538	+3.528	+3.623	+3.620	+3.632	+3.632	+3.631	+3.415	+3.630	+3.630	+3.631	+3.262	+2.475	+2.981	+2.838	
rs3751620      +2.566	+3.249	+3.165	+3.427	+2.642	+3.381	+2.678	+4.353	+4.584	+4.583	+4.542	+4.558	+2.698	+2.560	+2.636	+4.293	+2.666	+2.566	+2.947	+3.369	+2.651	+2.566	+2.555	+2.572	+2.557	+2.664	+2.546	+2.664	+2.716	+2.664	+2.638	+2.996	+2.999	+2.998	+3.342	+2.662	+3.040	+3.021	+2.998	+2.558	+2.558	+2.662	+2.662	+2.662	+3.349	+2.556	+2.661	+2.560	+2.663	+2.959	+2.725	+2.551	+3.578	+2.662	+3.573	+3.573	+3.573	+2.537	+3.563	+3.557	+3.556	+3.543	+2.552	+2.662	+3.550	+2.662	+2.550	+3.600	+2.550	+2.550	+3.252	+2.664	+2.665	+2.681	+2.551	+2.683	+3.625	+3.521	+3.446	+2.552	+3.562	+3.590	+3.608	+3.559	+3.584	+3.537	+2.552	+2.685	+2.669	+2.552	+3.684	+3.587	+2.904	+3.562	+3.570	+2.682	+3.614	+2.691	+3.497	+3.530	+2.689	+3.618	+3.406	+3.676	+3.530	+2.683	+2.720	+3.660	+3.228	+3.310	+2.785	+2.859	+3.657	+3.530	+2.849	+2.688	+3.453	+3.276	+3.586	+3.545	+3.450	+3.372	+3.228	+3.618	+3.217	+3.189	+3.737	+3.584	+2.688	+3.541	+3.271	+3.564	+3.555	+3.467	+3.439	+2.685	+2.849	+3.620	+3.434	+3.569	+3.242	+3.590	+3.585	+3.481	+3.402	+3.565	+3.559	+3.573	+3.573	+3.573	+3.404	+3.572	+3.570	+3.573	+3.232	+2.693	+3.273	+3.166	
rs3751619      +2.926	+3.480	+3.427	+3.553	+2.998	+3.588	+3.032	+4.328	+4.531	+4.530	+4.494	+4.510	+3.073	+2.924	+3.003	+4.279	+3.035	+2.929	+3.227	+3.577	+3.006	+2.929	+2.920	+2.934	+2.921	+3.033	+2.911	+3.033	+3.093	+3.033	+2.994	+3.269	+3.272	+3.271	+3.554	+3.031	+3.308	+3.291	+3.271	+2.922	+2.922	+3.031	+3.032	+3.032	+3.560	+2.920	+3.031	+2.924	+3.032	+3.238	+3.102	+2.917	+3.718	+3.032	+3.713	+3.714	+3.714	+2.905	+3.705	+3.701	+3.699	+3.689	+2.918	+3.032	+3.695	+3.032	+2.917	+3.738	+2.917	+2.917	+3.480	+3.033	+3.035	+3.051	+2.918	+3.053	+3.760	+3.671	+3.609	+2.919	+3.705	+3.730	+3.745	+3.703	+3.724	+3.684	+2.919	+3.055	+3.039	+2.919	+3.812	+3.727	+3.193	+3.707	+3.712	+3.052	+3.750	+3.062	+3.651	+3.679	+3.060	+3.754	+3.575	+3.805	+3.680	+3.053	+3.115	+3.790	+3.459	+3.516	+3.117	+3.156	+3.788	+3.679	+3.146	+3.057	+3.615	+3.488	+3.726	+3.691	+3.715	+3.547	+3.459	+3.754	+3.450	+3.432	+3.942	+3.725	+3.058	+3.689	+3.504	+3.707	+3.700	+3.727	+3.704	+3.014	+3.146	+3.755	+3.697	+3.713	+3.462	+3.730	+3.726	+3.637	+3.608	+3.708	+3.705	+3.716	+3.716	+3.715	+3.669	+3.715	+3.715	+3.716	+3.446	+3.063	+3.501	+3.417	
rs12900962     -0.423	+2.454	+2.642	+2.998	-0.169	+2.753	-0.230	+3.946	+4.120	+4.120	+4.092	+4.110	-0.342	-0.295	-0.395	+3.906	-0.412	-0.341	+1.927	+2.730	-0.276	-0.344	-0.273	-0.356	-0.285	-0.432	-0.280	-0.432	-0.309	-0.432	-0.288	+2.024	+2.031	+2.028	+2.683	-0.434	+2.103	+2.076	+2.029	-0.292	-0.319	-0.441	-0.427	-0.427	+2.694	-0.290	-0.441	-0.306	-0.434	+1.932	-0.302	-0.376	+3.236	-0.440	+3.229	+3.230	+3.230	-0.357	+3.215	+3.207	+3.205	+3.187	-0.367	-0.441	+3.196	-0.441	-0.313	+3.263	-0.315	-0.325	+2.487	-0.422	-0.434	-0.431	-0.336	-0.432	+3.300	+3.154	+3.051	-0.338	+3.212	+3.248	+3.273	+3.208	+3.241	+3.178	-0.338	-0.426	-0.441	-0.346	+3.368	+3.247	+1.756	+3.218	+3.222	-0.431	+3.281	-0.435	+3.122	+3.167	-0.437	+3.286	+2.987	+3.360	+3.165	-0.429	+1.183	+3.341	+2.441	+2.868	+1.557	+1.656	+3.333	+3.168	+1.632	-0.420	+3.054	+2.815	+3.245	+3.188	+2.276	+2.937	+2.442	+3.285	+2.421	+2.284	+2.661	+3.240	-0.420	+3.184	+2.438	+3.215	+3.201	+2.307	+2.265	+1.095	+1.638	+3.291	+2.255	+3.223	+2.760	+3.249	+3.243	+3.097	+2.798	+3.215	+3.207	+3.227	+3.227	+3.226	+2.206	+3.225	+3.224	+3.226	+2.656	-0.421	+2.496	+2.152	
rs11852464     +2.640	+3.151	+3.381	+3.588	+2.753	+3.286	+2.794	+4.250	+4.402	+4.401	+4.377	+4.395	+2.782	+2.654	+2.730	+4.217	+2.759	+2.662	+3.180	+3.298	+2.762	+2.662	+2.647	+2.670	+2.650	+2.754	+2.641	+2.754	+2.798	+2.754	+2.750	+3.235	+3.239	+3.237	+3.273	+2.752	+3.284	+3.263	+3.238	+2.651	+2.652	+2.750	+2.753	+2.753	+3.278	+2.648	+2.750	+2.654	+2.752	+3.194	+2.803	+2.635	+3.722	+2.751	+3.717	+3.718	+3.718	+2.626	+3.709	+3.704	+3.702	+3.691	+2.636	+2.751	+3.698	+2.751	+2.638	+3.745	+2.638	+2.637	+3.168	+2.755	+2.755	+2.770	+2.638	+2.772	+3.769	+3.673	+3.571	+2.638	+3.709	+3.736	+3.753	+3.706	+3.732	+3.686	+2.638	+2.775	+2.757	+2.638	+3.827	+3.733	+3.081	+3.711	+3.717	+2.772	+3.759	+2.779	+3.649	+3.680	+2.777	+3.762	+3.562	+3.818	+3.648	+2.773	+2.796	+3.801	+3.157	+3.495	+2.902	+3.031	+3.799	+3.680	+3.017	+2.778	+3.608	+3.462	+3.733	+3.693	+3.650	+3.529	+3.157	+3.763	+3.153	+3.096	+3.899	+3.730	+2.779	+3.691	+3.561	+3.711	+3.704	+3.665	+3.639	+2.815	+3.016	+3.763	+3.631	+3.718	+3.429	+3.737	+3.732	+3.632	+3.662	+3.711	+3.708	+3.719	+3.719	+3.718	+3.599	+3.717	+3.718	+3.718	+3.396	+2.783	+3.164	+3.047	
rs2290332      -0.347	+2.496	+2.678	+3.032	-0.230	+2.794	-0.104	+3.975	+4.148	+4.147	+4.120	+4.138	-0.253	-0.189	-0.331	+3.935	-0.349	-0.216	+1.958	+2.771	-0.220	-0.221	-0.155	-0.246	-0.175	-0.370	-0.114	-0.370	-0.216	-0.369	-0.217	+2.054	+2.061	+2.058	+2.723	-0.371	+2.132	+2.106	+2.058	-0.180	-0.189	-0.379	-0.365	-0.365	+2.735	-0.177	-0.379	-0.195	-0.372	+1.963	-0.208	-0.269	+3.269	-0.378	+3.261	+3.262	+3.262	-0.244	+3.248	+3.240	+3.238	+3.219	-0.257	-0.379	+3.229	-0.379	-0.213	+3.295	-0.216	-0.227	+2.529	-0.360	-0.371	-0.369	-0.241	-0.370	+3.334	+3.187	+3.084	-0.243	+3.244	+3.280	+3.305	+3.241	+3.273	+3.211	-0.243	-0.364	-0.379	-0.253	+3.400	+3.279	+1.789	+3.252	+3.254	-0.369	+3.313	-0.373	+3.154	+3.199	-0.376	+3.318	+3.020	+3.392	+3.198	-0.367	+1.225	+3.373	+2.483	+2.902	+1.594	+1.689	+3.365	+3.201	+1.665	-0.358	+3.087	+2.849	+3.277	+3.221	+2.295	+2.970	+2.484	+3.317	+2.463	+2.328	+2.677	+3.273	-0.358	+3.216	+2.477	+3.247	+3.234	+2.325	+2.284	+1.130	+1.672	+3.324	+2.274	+3.255	+2.794	+3.281	+3.275	+3.130	+2.838	+3.247	+3.239	+3.259	+3.259	+3.258	+2.225	+3.258	+3.256	+3.259	+2.710	-0.359	+2.538	+2.196	
rs4341694      +3.898	+4.203	+4.353	+4.328	+3.946	+4.250	+3.975	+4.559	+4.708	+4.707	+4.683	+4.693	+4.068	+3.896	+3.979	+4.565	+4.014	+3.897	+4.029	+4.245	+3.952	+3.897	+3.895	+3.901	+3.895	+4.015	+3.885	+4.015	+4.092	+4.015	+3.942	+4.040	+4.041	+4.040	+4.233	+4.013	+4.053	+4.048	+4.040	+3.895	+3.894	+4.014	+4.013	+4.013	+4.236	+3.894	+4.014	+3.896	+4.014	+4.029	+4.104	+3.893	+4.299	+4.015	+4.297	+4.297	+4.297	+3.890	+4.294	+4.292	+4.292	+4.287	+3.894	+4.015	+4.289	+4.015	+3.899	+4.301	+3.898	+3.898	+4.196	+4.013	+4.017	+4.034	+3.898	+4.036	+4.307	+4.282	+4.256	+3.898	+4.292	+4.298	+4.304	+4.291	+4.298	+4.285	+3.898	+4.038	+4.022	+3.898	+4.329	+4.298	+4.010	+4.288	+4.293	+4.035	+4.305	+4.047	+4.276	+4.284	+4.045	+4.306	+4.261	+4.325	+4.289	+4.036	+4.612	+4.320	+4.186	+4.241	+4.368	+4.003	+4.318	+4.284	+4.005	+4.039	+4.266	+4.242	+4.297	+4.287	+4.350	+4.261	+4.187	+4.306	+4.183	+4.178	+4.528	+4.297	+4.040	+4.286	+4.213	+4.292	+4.289	+4.358	+4.340	+4.004	+4.006	+4.307	+4.335	+4.293	+4.241	+4.298	+4.297	+4.273	+4.249	+4.292	+4.290	+4.294	+4.294	+4.294	+4.314	+4.293	+4.293	+4.294	+4.134	+4.046	+4.211	+4.167	
rs2290334      +4.075	+4.360	+4.584	+4.531	+4.120	+4.402	+4.148	+4.708	+4.745	+4.780	+4.765	+4.770	+4.248	+4.073	+4.156	+4.692	+4.192	+4.074	+4.199	+4.397	+4.126	+4.074	+4.072	+4.077	+4.072	+4.193	+4.062	+4.193	+4.273	+4.193	+4.116	+4.205	+4.206	+4.205	+4.387	+4.191	+4.214	+4.211	+4.205	+4.072	+4.070	+4.192	+4.191	+4.191	+4.390	+4.071	+4.192	+4.073	+4.192	+4.197	+4.286	+4.070	+4.458	+4.193	+4.457	+4.457	+4.457	+4.068	+4.454	+4.453	+4.453	+4.449	+4.071	+4.193	+4.450	+4.193	+4.076	+4.456	+4.076	+4.075	+4.354	+4.191	+4.195	+4.212	+4.075	+4.215	+4.457	+4.445	+4.415	+4.076	+4.451	+4.453	+4.457	+4.450	+4.454	+4.448	+4.076	+4.216	+4.200	+4.075	+4.472	+4.453	+4.180	+4.444	+4.451	+4.214	+4.457	+4.225	+4.444	+4.446	+4.224	+4.458	+4.440	+4.469	+4.453	+4.214	+4.884	+4.467	+4.346	+4.424	+4.614	+4.178	+4.464	+4.446	+4.182	+4.218	+4.438	+4.432	+4.453	+4.448	+4.489	+4.445	+4.346	+4.457	+4.343	+4.339	+4.660	+4.453	+4.218	+4.447	+4.374	+4.451	+4.449	+4.496	+4.479	+4.197	+4.183	+4.459	+4.474	+4.450	+4.435	+4.453	+4.452	+4.442	+4.400	+4.450	+4.448	+4.451	+4.451	+4.451	+4.454	+4.450	+4.449	+4.451	+4.290	+4.225	+4.367	+4.327	
rs17707338     +4.075	+4.360	+4.583	+4.530	+4.120	+4.401	+4.147	+4.707	+4.780	+4.744	+4.765	+4.770	+4.247	+4.072	+4.155	+4.692	+4.191	+4.073	+4.198	+4.396	+4.125	+4.073	+4.071	+4.076	+4.071	+4.192	+4.061	+4.192	+4.272	+4.192	+4.116	+4.204	+4.205	+4.205	+4.386	+4.191	+4.213	+4.210	+4.205	+4.071	+4.070	+4.192	+4.190	+4.190	+4.389	+4.070	+4.191	+4.072	+4.192	+4.196	+4.285	+4.070	+4.457	+4.192	+4.457	+4.457	+4.456	+4.067	+4.454	+4.452	+4.452	+4.449	+4.071	+4.193	+4.449	+4.193	+4.075	+4.455	+4.075	+4.074	+4.353	+4.190	+4.195	+4.211	+4.075	+4.214	+4.457	+4.445	+4.415	+4.075	+4.450	+4.453	+4.456	+4.450	+4.453	+4.447	+4.075	+4.215	+4.200	+4.074	+4.472	+4.453	+4.179	+4.444	+4.450	+4.213	+4.457	+4.224	+4.443	+4.446	+4.223	+4.457	+4.439	+4.469	+4.453	+4.213	+4.883	+4.466	+4.345	+4.423	+4.614	+4.177	+4.464	+4.446	+4.181	+4.217	+4.437	+4.431	+4.452	+4.448	+4.488	+4.445	+4.345	+4.457	+4.342	+4.338	+4.659	+4.452	+4.217	+4.447	+4.374	+4.450	+4.448	+4.495	+4.478	+4.196	+4.183	+4.458	+4.473	+4.450	+4.434	+4.452	+4.451	+4.441	+4.399	+4.450	+4.447	+4.450	+4.450	+4.450	+4.454	+4.450	+4.448	+4.450	+4.289	+4.224	+4.366	+4.326	
rs17613587     +4.046	+4.335	+4.542	+4.494	+4.092	+4.377	+4.120	+4.683	+4.765	+4.765	+4.715	+4.755	+4.218	+4.044	+4.127	+4.666	+4.163	+4.045	+4.170	+4.372	+4.098	+4.045	+4.043	+4.048	+4.043	+4.164	+4.033	+4.164	+4.243	+4.164	+4.088	+4.178	+4.178	+4.178	+4.362	+4.162	+4.187	+4.184	+4.178	+4.043	+4.041	+4.163	+4.161	+4.161	+4.365	+4.042	+4.163	+4.043	+4.163	+4.169	+4.255	+4.041	+4.431	+4.164	+4.430	+4.430	+4.430	+4.039	+4.427	+4.425	+4.425	+4.422	+4.042	+4.164	+4.422	+4.164	+4.047	+4.429	+4.046	+4.046	+4.328	+4.162	+4.166	+4.183	+4.046	+4.185	+4.432	+4.417	+4.388	+4.046	+4.423	+4.427	+4.430	+4.423	+4.427	+4.420	+4.046	+4.187	+4.171	+4.046	+4.448	+4.427	+4.152	+4.418	+4.424	+4.184	+4.431	+4.196	+4.415	+4.418	+4.194	+4.432	+4.409	+4.445	+4.425	+4.185	+4.835	+4.442	+4.320	+4.392	+4.571	+4.149	+4.439	+4.418	+4.152	+4.188	+4.408	+4.399	+4.426	+4.421	+4.466	+4.413	+4.320	+4.431	+4.316	+4.313	+4.639	+4.426	+4.189	+4.420	+4.347	+4.424	+4.421	+4.474	+4.457	+4.164	+4.154	+4.433	+4.452	+4.423	+4.401	+4.426	+4.426	+4.413	+4.374	+4.423	+4.421	+4.424	+4.424	+4.424	+4.432	+4.424	+4.422	+4.424	+4.264	+4.195	+4.341	+4.301	
rs17613607     +4.065	+4.353	+4.558	+4.510	+4.110	+4.395	+4.138	+4.693	+4.770	+4.770	+4.755	+4.735	+4.238	+4.062	+4.146	+4.678	+4.182	+4.063	+4.188	+4.390	+4.116	+4.063	+4.061	+4.066	+4.061	+4.182	+4.051	+4.182	+4.263	+4.182	+4.106	+4.195	+4.196	+4.195	+4.380	+4.181	+4.205	+4.201	+4.195	+4.061	+4.060	+4.182	+4.180	+4.180	+4.382	+4.060	+4.182	+4.062	+4.182	+4.187	+4.275	+4.060	+4.447	+4.183	+4.446	+4.446	+4.446	+4.057	+4.443	+4.442	+4.442	+4.438	+4.061	+4.183	+4.439	+4.183	+4.065	+4.445	+4.065	+4.064	+4.346	+4.181	+4.185	+4.202	+4.065	+4.204	+4.448	+4.434	+4.405	+4.065	+4.440	+4.443	+4.447	+4.439	+4.443	+4.436	+4.065	+4.206	+4.190	+4.064	+4.463	+4.443	+4.169	+4.434	+4.440	+4.203	+4.447	+4.215	+4.432	+4.435	+4.213	+4.448	+4.426	+4.460	+4.442	+4.204	+4.857	+4.457	+4.337	+4.410	+4.592	+4.167	+4.455	+4.435	+4.170	+4.207	+4.425	+4.417	+4.442	+4.437	+4.483	+4.431	+4.337	+4.447	+4.334	+4.331	+4.655	+4.442	+4.207	+4.436	+4.365	+4.440	+4.438	+4.490	+4.473	+4.183	+4.172	+4.449	+4.468	+4.440	+4.419	+4.443	+4.442	+4.429	+4.391	+4.439	+4.437	+4.440	+4.440	+4.440	+4.448	+4.440	+4.439	+4.440	+4.281	+4.214	+4.359	+4.320	
rs34855483     -0.669	+2.472	+2.698	+3.073	-0.342	+2.782	-0.253	+4.068	+4.248	+4.247	+4.218	+4.238	-0.404	-0.584	-0.654	+4.026	-0.659	-0.551	+2.007	+2.759	-0.312	-0.552	-0.604	-0.533	-0.596	-0.674	-0.651	-0.674	-0.514	-0.674	-0.336	+2.108	+2.116	+2.112	+2.709	-0.675	+2.193	+2.163	+2.112	-0.593	-0.582	-0.681	-0.670	-0.670	+2.721	-0.598	-0.681	-0.583	-0.675	+2.011	-0.531	-0.664	+3.323	-0.680	+3.315	+3.316	+3.316	-0.715	+3.301	+3.293	+3.290	+3.271	-0.665	-0.680	+3.281	-0.680	-0.695	+3.350	-0.694	-0.690	+2.504	-0.666	-0.674	-0.668	-0.687	-0.669	+3.382	+3.237	+3.127	-0.686	+3.297	+3.334	+3.362	+3.293	+3.327	+3.262	-0.686	-0.663	-0.678	-0.685	+3.459	+3.333	+1.813	+3.284	+3.309	-0.667	+3.371	-0.669	+3.204	+3.250	-0.671	+3.376	+3.065	+3.454	+3.249	-0.666	+1.166	+3.433	+2.456	+2.938	+1.586	+1.708	+3.427	+3.252	+1.685	-0.659	+3.136	+2.884	+3.332	+3.273	+2.434	+3.013	+2.457	+3.375	+2.436	+2.283	+2.841	+3.328	-0.659	+3.269	+2.469	+3.300	+3.286	+2.466	+2.421	+1.128	+1.689	+3.374	+2.411	+3.310	+2.824	+3.337	+3.331	+3.178	+2.831	+3.300	+3.294	+3.312	+3.312	+3.311	+2.358	+3.309	+3.309	+3.310	+2.562	-0.658	+2.514	+2.152	
rs12441597     -0.630	+2.350	+2.560	+2.924	-0.295	+2.654	-0.189	+3.896	+4.073	+4.072	+4.044	+4.062	-0.584	-0.379	-0.609	+3.855	-0.620	-0.491	+1.865	+2.631	-0.280	-0.493	-0.503	-0.483	-0.499	-0.638	-0.549	-0.638	-0.563	-0.638	-0.315	+1.963	+1.971	+1.968	+2.583	-0.639	+2.045	+2.017	+1.968	-0.502	-0.511	-0.646	-0.633	-0.634	+2.594	-0.506	-0.646	-0.501	-0.640	+1.869	-0.560	-0.612	+3.169	-0.645	+3.161	+3.162	+3.162	-0.624	+3.147	+3.139	+3.137	+3.118	-0.609	-0.646	+3.128	-0.646	-0.592	+3.196	-0.593	-0.596	+2.384	-0.629	-0.639	-0.635	-0.601	-0.636	+3.229	+3.084	+2.978	-0.601	+3.144	+3.180	+3.207	+3.140	+3.173	+3.110	-0.601	-0.630	-0.644	-0.604	+3.302	+3.179	+1.682	+3.143	+3.155	-0.634	+3.215	-0.638	+3.052	+3.098	-0.640	+3.220	+2.915	+3.296	+3.096	-0.633	+1.070	+3.276	+2.337	+2.793	+1.465	+1.580	+3.269	+3.099	+1.556	-0.625	+2.985	+2.740	+3.178	+3.120	+2.260	+2.865	+2.338	+3.220	+2.317	+2.172	+2.657	+3.174	-0.625	+3.116	+2.339	+3.147	+3.133	+2.292	+2.248	+1.011	+1.561	+3.222	+2.238	+3.156	+2.683	+3.183	+3.176	+3.027	+2.702	+3.147	+3.140	+3.159	+3.159	+3.158	+2.186	+3.157	+3.156	+3.158	+2.503	-0.625	+2.392	+2.040	
rs11638675     -0.666	+2.424	+2.636	+3.003	-0.395	+2.730	-0.331	+3.979	+4.156	+4.155	+4.127	+4.146	-0.654	-0.609	-0.372	+3.937	-0.559	-0.586	+2.971	+2.707	-0.378	-0.586	-0.627	-0.571	-0.619	-0.555	-0.668	-0.555	-0.657	-0.556	-0.398	+3.097	+3.107	+3.103	+2.658	-0.559	+3.198	+3.175	+3.103	-0.617	-0.609	-0.558	-0.561	-0.561	+2.670	-0.621	-0.560	-0.609	-0.560	+2.954	-0.663	-0.682	+3.248	-0.560	+3.241	+3.242	+3.241	-0.735	+3.226	+3.218	+3.216	+3.197	-0.683	-0.560	+3.207	-0.560	-0.707	+3.275	-0.706	-0.702	+2.457	-0.568	-0.563	-0.569	-0.699	-0.564	+3.306	+3.163	+3.057	-0.698	+3.223	+3.260	+3.287	+3.219	+3.253	+3.189	-0.698	-0.565	-0.562	-0.696	+3.382	+3.258	+2.478	+3.219	+3.235	-0.566	+3.295	-0.557	+3.131	+3.177	-0.557	+3.300	+2.993	+3.376	+3.176	-0.565	+1.122	+3.356	+2.410	+2.870	+1.530	+2.335	+3.353	+3.178	+2.300	-0.566	+3.063	+2.816	+3.257	+3.199	+2.908	+2.943	+2.411	+3.299	+2.390	+2.243	+3.339	+3.253	-0.566	+3.195	+2.413	+3.226	+3.212	+2.937	+2.897	+1.576	+2.304	+3.301	+2.869	+3.235	+2.758	+3.262	+3.256	+3.106	+2.775	+3.226	+3.219	+3.238	+3.238	+3.237	+2.811	+3.236	+3.235	+3.237	+2.574	-0.562	+2.467	+2.128	
rs3794568      +3.857	+4.168	+4.293	+4.279	+3.906	+4.217	+3.935	+4.565	+4.692	+4.692	+4.666	+4.678	+4.026	+3.855	+3.937	+4.516	+3.973	+3.856	+3.990	+4.210	+3.912	+3.856	+3.853	+3.859	+3.853	+3.973	+3.844	+3.973	+4.050	+3.973	+3.902	+4.002	+4.003	+4.002	+4.197	+3.972	+4.015	+4.010	+4.002	+3.854	+3.852	+3.973	+3.971	+3.971	+4.201	+3.853	+3.972	+3.854	+3.973	+3.990	+4.063	+3.852	+4.264	+3.973	+4.263	+4.263	+4.263	+3.848	+4.259	+4.257	+4.257	+4.253	+3.853	+3.973	+4.254	+3.973	+3.857	+4.268	+3.857	+3.856	+4.159	+3.972	+3.975	+3.992	+3.856	+3.995	+4.274	+4.246	+4.221	+3.857	+4.257	+4.264	+4.270	+4.256	+4.264	+4.251	+3.857	+3.996	+3.981	+3.856	+4.297	+4.264	+3.970	+4.254	+4.259	+3.994	+4.272	+4.005	+4.241	+4.249	+4.003	+4.273	+4.224	+4.293	+4.254	+3.994	+4.562	+4.287	+4.149	+4.202	+4.322	+3.963	+4.285	+4.249	+3.965	+3.998	+4.229	+4.203	+4.263	+4.252	+4.316	+4.223	+4.150	+4.273	+4.145	+4.141	+4.495	+4.263	+3.998	+4.251	+4.175	+4.258	+4.255	+4.323	+4.306	+3.961	+3.966	+4.274	+4.301	+4.258	+4.201	+4.264	+4.263	+4.237	+4.214	+4.257	+4.255	+4.260	+4.260	+4.260	+4.280	+4.259	+4.258	+4.260	+4.097	+4.005	+4.174	+4.130	
rs10851513     -0.677	+2.451	+2.666	+3.035	-0.412	+2.759	-0.349	+4.014	+4.192	+4.191	+4.163	+4.182	-0.659	-0.620	-0.559	+3.973	-0.376	-0.598	+3.289	+2.736	-0.395	-0.598	-0.637	-0.583	-0.630	-0.485	-0.678	-0.485	-0.661	-0.485	-0.414	+3.407	+3.417	+3.413	+2.687	-0.496	+3.517	+3.491	+3.413	-0.628	-0.621	-0.494	-0.500	-0.500	+2.698	-0.632	-0.501	-0.620	-0.500	+3.254	-0.667	-0.691	+3.281	-0.504	+3.274	+3.275	+3.274	-0.741	+3.260	+3.251	+3.249	+3.230	-0.693	-0.503	+3.240	-0.503	-0.715	+3.308	-0.714	-0.710	+2.485	-0.520	-0.514	-0.540	-0.707	-0.534	+3.340	+3.196	+3.089	-0.707	+3.256	+3.293	+3.320	+3.252	+3.286	+3.222	-0.706	-0.535	-0.519	-0.705	+3.416	+3.291	+2.656	+3.252	+3.268	-0.537	+3.328	-0.530	+3.164	+3.210	-0.529	+3.333	+3.026	+3.410	+3.209	-0.535	+1.145	+3.390	+2.438	+2.902	+1.557	+2.498	+3.385	+3.211	+2.457	-0.537	+3.096	+2.848	+3.290	+3.232	+3.049	+2.975	+2.439	+3.333	+2.417	+2.269	+3.527	+3.286	-0.537	+3.228	+2.443	+3.259	+3.245	+3.075	+3.036	+1.678	+2.461	+3.335	+3.003	+3.268	+2.790	+3.295	+3.289	+3.138	+2.807	+3.259	+3.252	+3.271	+3.271	+3.270	+2.945	+3.269	+3.268	+3.270	+2.600	-0.535	+2.495	+2.152	
rs8025937      -0.612	+2.359	+2.566	+2.929	-0.341	+2.662	-0.216	+3.897	+4.074	+4.073	+4.045	+4.063	-0.551	-0.491	-0.586	+3.856	-0.598	-0.357	+1.868	+2.640	-0.296	-0.469	-0.487	-0.466	-0.490	-0.616	-0.498	-0.616	-0.527	-0.616	-0.327	+1.966	+1.974	+1.971	+2.591	-0.617	+2.048	+2.020	+1.971	-0.491	-0.485	-0.624	-0.611	-0.611	+2.603	-0.493	-0.624	-0.490	-0.618	+1.873	-0.523	-0.581	+3.172	-0.623	+3.165	+3.166	+3.166	-0.586	+3.151	+3.143	+3.141	+3.122	-0.576	-0.624	+3.132	-0.624	-0.564	+3.199	-0.565	-0.569	+2.393	-0.607	-0.617	-0.613	-0.574	-0.614	+3.233	+3.088	+2.983	-0.575	+3.148	+3.184	+3.211	+3.144	+3.177	+3.113	-0.575	-0.608	-0.623	-0.578	+3.305	+3.182	+1.686	+3.148	+3.158	-0.613	+3.219	-0.616	+3.056	+3.102	-0.618	+3.224	+2.919	+3.299	+3.100	-0.611	+1.080	+3.279	+2.346	+2.798	+1.472	+1.585	+3.272	+3.103	+1.561	-0.603	+2.989	+2.744	+3.181	+3.124	+2.256	+2.869	+2.347	+3.223	+2.326	+2.182	+2.652	+3.177	-0.603	+3.120	+2.346	+3.150	+3.136	+2.288	+2.245	+1.018	+1.566	+3.226	+2.234	+3.159	+2.688	+3.186	+3.180	+3.031	+2.710	+3.151	+3.144	+3.163	+3.162	+3.161	+2.183	+3.160	+3.159	+3.161	+2.519	-0.603	+2.401	+2.050	
rs2414139      +1.864	+3.020	+2.947	+3.227	+1.927	+3.180	+1.958	+4.029	+4.199	+4.198	+4.170	+4.188	+2.007	+1.865	+2.971	+3.990	+3.289	+1.868	+2.388	+3.162	+1.933	+1.868	+1.862	+1.872	+1.863	+3.145	+1.851	+3.145	+2.026	+3.148	+1.923	+2.437	+2.443	+2.441	+3.130	+3.116	+2.493	+2.496	+2.440	+1.863	+1.863	+3.057	+3.161	+3.161	+3.138	+1.862	+3.041	+1.864	+3.101	+2.358	+2.036	+1.859	+3.428	+3.041	+3.423	+3.423	+3.423	+1.846	+3.412	+3.406	+3.405	+3.391	+1.859	+3.036	+3.399	+3.036	+1.863	+3.452	+1.863	+1.863	+3.013	+3.123	+3.059	+2.876	+1.863	+2.887	+3.480	+3.366	+3.305	+1.863	+3.411	+3.441	+3.461	+3.408	+3.435	+3.384	+1.863	+2.917	+2.965	+1.862	+3.541	+3.439	+2.240	+3.413	+3.418	+2.891	+3.468	+2.805	+3.341	+3.377	+2.800	+3.472	+3.240	+3.534	+3.373	+2.909	+2.196	+3.516	+2.983	+3.131	+2.397	+2.199	+3.504	+3.377	+2.191	+2.937	+3.294	+3.091	+3.437	+3.393	+2.728	+3.202	+2.982	+3.472	+2.968	+2.910	+3.018	+3.436	+2.937	+3.389	+2.994	+3.413	+3.403	+2.750	+2.718	+2.051	+2.193	+3.473	+2.716	+3.419	+3.050	+3.441	+3.436	+3.322	+3.193	+3.414	+3.409	+3.424	+3.424	+3.423	+2.684	+3.423	+3.421	+3.423	+2.886	+2.894	+3.033	+2.834	
rs11853452     +2.618	+3.132	+3.369	+3.577	+2.730	+3.298	+2.771	+4.245	+4.397	+4.396	+4.372	+4.390	+2.759	+2.631	+2.707	+4.210	+2.736	+2.640	+3.162	+3.261	+2.739	+2.639	+2.625	+2.647	+2.627	+2.731	+2.619	+2.731	+2.775	+2.731	+2.727	+3.217	+3.221	+3.219	+3.267	+2.729	+3.266	+3.246	+3.220	+2.628	+2.629	+2.727	+2.730	+2.730	+3.272	+2.626	+2.727	+2.631	+2.729	+3.175	+2.780	+2.612	+3.709	+2.728	+3.704	+3.705	+3.705	+2.603	+3.696	+3.691	+3.689	+3.678	+2.613	+2.728	+3.684	+2.728	+2.615	+3.732	+2.615	+2.614	+3.154	+2.732	+2.732	+2.747	+2.615	+2.749	+3.756	+3.659	+3.557	+2.615	+3.696	+3.723	+3.740	+3.693	+3.718	+3.672	+2.615	+2.752	+2.734	+2.615	+3.814	+3.720	+3.062	+3.697	+3.704	+2.749	+3.746	+2.756	+3.635	+3.667	+2.754	+3.749	+3.548	+3.805	+3.635	+2.750	+2.775	+3.789	+3.142	+3.480	+2.882	+3.012	+3.786	+3.666	+2.998	+2.755	+3.594	+3.446	+3.720	+3.680	+3.632	+3.514	+3.143	+3.750	+3.139	+3.078	+3.881	+3.717	+2.756	+3.678	+3.541	+3.697	+3.690	+3.646	+3.620	+2.795	+2.997	+3.750	+3.613	+3.705	+3.413	+3.724	+3.719	+3.618	+3.646	+3.698	+3.695	+3.706	+3.706	+3.705	+3.581	+3.704	+3.704	+3.705	+3.379	+2.760	+3.149	+3.029	
rs8029205      -0.407	+2.464	+2.651	+3.006	-0.276	+2.762	-0.220	+3.952	+4.126	+4.125	+4.098	+4.116	-0.312	-0.280	-0.378	+3.912	-0.395	-0.296	+1.933	+2.739	-0.152	-0.295	-0.244	-0.314	-0.260	-0.415	-0.211	-0.415	-0.275	-0.415	-0.256	+2.030	+2.037	+2.034	+2.692	-0.417	+2.108	+2.082	+2.034	-0.264	-0.271	-0.424	-0.410	-0.410	+2.703	-0.261	-0.424	-0.275	-0.417	+1.938	-0.267	-0.336	+3.243	-0.424	+3.236	+3.236	+3.236	-0.315	+3.222	+3.214	+3.212	+3.193	-0.325	-0.425	+3.203	-0.425	-0.287	+3.269	-0.289	-0.299	+2.497	-0.405	-0.417	-0.415	-0.311	-0.416	+3.307	+3.161	+3.057	-0.312	+3.219	+3.255	+3.280	+3.215	+3.247	+3.185	-0.312	-0.409	-0.424	-0.320	+3.374	+3.254	+1.763	+3.225	+3.228	-0.414	+3.288	-0.419	+3.128	+3.173	-0.421	+3.293	+2.994	+3.367	+3.172	-0.412	+1.193	+3.347	+2.451	+2.875	+1.565	+1.663	+3.340	+3.175	+1.638	-0.404	+3.061	+2.822	+3.251	+3.195	+2.279	+2.944	+2.452	+3.292	+2.431	+2.295	+2.663	+3.247	-0.403	+3.191	+2.446	+3.221	+3.208	+2.310	+2.268	+1.103	+1.645	+3.298	+2.258	+3.230	+2.767	+3.256	+3.250	+3.104	+2.806	+3.221	+3.214	+3.234	+3.234	+3.232	+2.209	+3.232	+3.231	+3.233	+2.670	-0.405	+2.506	+2.162	
rs12438578     -0.612	+2.359	+2.566	+2.929	-0.344	+2.662	-0.221	+3.897	+4.074	+4.073	+4.045	+4.063	-0.552	-0.493	-0.586	+3.856	-0.598	-0.469	+1.868	+2.639	-0.295	-0.357	-0.485	-0.465	-0.488	-0.616	-0.495	-0.616	-0.527	-0.615	-0.326	+1.966	+1.974	+1.971	+2.591	-0.617	+2.047	+2.020	+1.971	-0.489	-0.483	-0.624	-0.611	-0.611	+2.603	-0.491	-0.623	-0.488	-0.617	+1.872	-0.523	-0.580	+3.172	-0.623	+3.165	+3.166	+3.165	-0.585	+3.151	+3.143	+3.141	+3.122	-0.575	-0.624	+3.132	-0.624	-0.562	+3.199	-0.563	-0.568	+2.393	-0.607	-0.617	-0.613	-0.573	-0.614	+3.233	+3.088	+2.983	-0.574	+3.148	+3.184	+3.210	+3.144	+3.177	+3.113	-0.574	-0.608	-0.622	-0.577	+3.305	+3.182	+1.686	+3.147	+3.158	-0.612	+3.218	-0.616	+3.056	+3.101	-0.618	+3.224	+2.919	+3.299	+3.100	-0.611	+1.080	+3.279	+2.346	+2.798	+1.472	+1.585	+3.272	+3.103	+1.561	-0.603	+2.989	+2.744	+3.181	+3.124	+2.256	+2.869	+2.347	+3.223	+2.326	+2.182	+2.652	+3.177	-0.603	+3.119	+2.346	+3.150	+3.136	+2.288	+2.245	+1.017	+1.566	+3.226	+2.234	+3.159	+2.688	+3.186	+3.180	+3.031	+2.710	+3.150	+3.143	+3.162	+3.162	+3.161	+2.183	+3.160	+3.159	+3.161	+2.519	-0.603	+2.401	+2.050	
rs3794566      -0.646	+2.343	+2.555	+2.920	-0.273	+2.647	-0.155	+3.895	+4.072	+4.071	+4.043	+4.061	-0.604	-0.503	-0.627	+3.853	-0.637	-0.487	+1.862	+2.625	-0.244	-0.485	-0.396	-0.466	-0.507	-0.655	-0.568	-0.655	-0.584	-0.654	-0.282	+1.961	+1.969	+1.966	+2.576	-0.656	+2.043	+2.015	+1.966	-0.505	-0.512	-0.663	-0.650	-0.650	+2.588	-0.512	-0.662	-0.503	-0.656	+1.867	-0.581	-0.629	+3.166	-0.662	+3.158	+3.159	+3.159	-0.644	+3.144	+3.136	+3.134	+3.115	-0.626	-0.663	+3.125	-0.663	-0.614	+3.193	-0.615	-0.617	+2.377	-0.646	-0.655	-0.652	-0.621	-0.652	+3.225	+3.081	+2.975	-0.621	+3.141	+3.177	+3.204	+3.137	+3.170	+3.106	-0.621	-0.647	-0.661	-0.624	+3.299	+3.176	+1.678	+3.139	+3.151	-0.651	+3.212	-0.654	+3.049	+3.095	-0.656	+3.217	+2.912	+3.293	+3.093	-0.649	+1.061	+3.273	+2.330	+2.789	+1.459	+1.575	+3.266	+3.096	+1.552	-0.641	+2.982	+2.736	+3.175	+3.117	+2.263	+2.861	+2.331	+3.217	+2.310	+2.164	+2.662	+3.171	-0.641	+3.113	+2.332	+3.144	+3.129	+2.295	+2.251	+1.006	+1.557	+3.219	+2.241	+3.152	+2.679	+3.180	+3.173	+3.024	+2.696	+3.144	+3.137	+3.156	+3.156	+3.154	+2.189	+3.153	+3.153	+3.154	+2.488	-0.642	+2.385	+2.033	
rs3794565      -0.599	+2.367	+2.572	+2.934	-0.356	+2.670	-0.246	+3.901	+4.077	+4.076	+4.048	+4.066	-0.533	-0.483	-0.571	+3.859	-0.583	-0.466	+1.872	+2.647	-0.314	-0.465	-0.466	-0.342	-0.475	-0.601	-0.473	-0.601	-0.507	-0.601	-0.342	+1.970	+1.978	+1.975	+2.599	-0.603	+2.051	+2.024	+1.975	-0.475	-0.471	-0.610	-0.597	-0.597	+2.610	-0.477	-0.609	-0.477	-0.603	+1.877	-0.502	-0.563	+3.177	-0.609	+3.170	+3.171	+3.170	-0.565	+3.156	+3.148	+3.145	+3.126	-0.558	-0.610	+3.136	-0.610	-0.542	+3.204	-0.543	-0.548	+2.400	-0.592	-0.602	-0.599	-0.554	-0.600	+3.238	+3.093	+2.988	-0.555	+3.152	+3.188	+3.215	+3.148	+3.181	+3.118	-0.555	-0.594	-0.608	-0.559	+3.310	+3.187	+1.691	+3.153	+3.163	-0.598	+3.223	-0.602	+3.061	+3.106	-0.604	+3.228	+2.924	+3.304	+3.105	-0.597	+1.089	+3.284	+2.354	+2.803	+1.479	+1.590	+3.276	+3.107	+1.566	-0.588	+2.994	+2.750	+3.186	+3.128	+2.256	+2.874	+2.355	+3.227	+2.334	+2.191	+2.651	+3.182	-0.588	+3.124	+2.353	+3.155	+3.141	+2.288	+2.245	+1.023	+1.571	+3.231	+2.234	+3.164	+2.693	+3.190	+3.184	+3.036	+2.716	+3.155	+3.148	+3.167	+3.167	+3.166	+2.183	+3.165	+3.164	+3.166	+2.533	-0.589	+2.409	+2.059	
rs3794564      -0.639	+2.345	+2.557	+2.921	-0.285	+2.650	-0.175	+3.895	+4.072	+4.071	+4.043	+4.061	-0.596	-0.499	-0.619	+3.853	-0.630	-0.490	+1.863	+2.627	-0.260	-0.488	-0.507	-0.475	-0.389	-0.648	-0.559	-0.648	-0.576	-0.647	-0.295	+1.961	+1.969	+1.966	+2.578	-0.649	+2.043	+2.015	+1.966	-0.504	-0.511	-0.656	-0.643	-0.643	+2.590	-0.509	-0.655	-0.501	-0.649	+1.867	-0.572	-0.621	+3.167	-0.655	+3.159	+3.160	+3.160	-0.635	+3.145	+3.137	+3.135	+3.116	-0.618	-0.656	+3.126	-0.656	-0.604	+3.193	-0.604	-0.607	+2.379	-0.639	-0.649	-0.645	-0.611	-0.645	+3.226	+3.082	+2.976	-0.612	+3.142	+3.178	+3.205	+3.138	+3.171	+3.107	-0.612	-0.640	-0.654	-0.615	+3.300	+3.176	+1.679	+3.140	+3.152	-0.644	+3.213	-0.647	+3.050	+3.095	-0.649	+3.218	+2.913	+3.294	+3.094	-0.642	+1.065	+3.274	+2.332	+2.790	+1.461	+1.577	+3.267	+3.097	+1.553	-0.635	+2.983	+2.737	+3.175	+3.118	+2.261	+2.862	+2.333	+3.217	+2.312	+2.167	+2.659	+3.171	-0.634	+3.114	+2.334	+3.144	+3.130	+2.293	+2.250	+1.008	+1.558	+3.220	+2.239	+3.153	+2.680	+3.180	+3.174	+3.025	+2.698	+3.145	+3.138	+3.157	+3.156	+3.155	+2.188	+3.154	+3.153	+3.155	+2.493	-0.635	+2.388	+2.035	
rs62016004     -0.693	+2.445	+2.664	+3.033	-0.432	+2.754	-0.370	+4.015	+4.193	+4.192	+4.164	+4.182	-0.674	-0.638	-0.555	+3.973	-0.485	-0.616	+3.145	+2.731	-0.415	-0.616	-0.655	-0.601	-0.648	-0.393	-0.695	-0.501	-0.676	-0.501	-0.434	+3.284	+3.294	+3.290	+2.681	-0.511	+3.393	+3.366	+3.290	-0.645	-0.638	-0.516	-0.508	-0.508	+2.693	-0.649	-0.521	-0.638	-0.515	+3.133	-0.681	-0.708	+3.281	-0.524	+3.273	+3.274	+3.274	-0.756	+3.259	+3.251	+3.248	+3.229	-0.709	-0.525	+3.239	-0.525	-0.731	+3.307	-0.730	-0.727	+2.479	-0.526	-0.529	-0.557	-0.724	-0.552	+3.339	+3.195	+3.088	-0.723	+3.255	+3.292	+3.319	+3.251	+3.285	+3.220	-0.723	-0.551	-0.539	-0.721	+3.415	+3.290	+2.559	+3.251	+3.266	-0.554	+3.327	-0.551	+3.163	+3.209	-0.551	+3.333	+3.024	+3.409	+3.207	-0.552	+1.141	+3.389	+2.432	+2.900	+1.554	+2.404	+3.382	+3.210	+2.365	-0.550	+3.095	+2.846	+3.289	+3.231	+2.968	+2.973	+2.433	+3.332	+2.411	+2.262	+3.442	+3.285	-0.550	+3.227	+2.438	+3.258	+3.244	+2.995	+2.956	+1.603	+2.369	+3.334	+2.924	+3.267	+2.788	+3.294	+3.288	+3.137	+2.803	+3.258	+3.252	+3.270	+3.270	+3.269	+2.866	+3.268	+3.267	+3.269	+2.576	-0.550	+2.489	+2.139	
rs2290335      -0.685	+2.336	+2.546	+2.911	-0.280	+2.641	-0.114	+3.885	+4.062	+4.061	+4.033	+4.051	-0.651	-0.549	-0.668	+3.844	-0.678	-0.498	+1.851	+2.619	-0.211	-0.495	-0.568	-0.473	-0.559	-0.695	-0.438	-0.695	-0.635	-0.694	-0.252	+1.950	+1.958	+1.955	+2.570	-0.696	+2.033	+2.004	+1.955	-0.556	-0.541	-0.702	-0.690	-0.691	+2.581	-0.563	-0.702	-0.545	-0.696	+1.856	-0.633	-0.671	+3.156	-0.702	+3.149	+3.150	+3.149	-0.696	+3.135	+3.127	+3.124	+3.105	-0.669	-0.702	+3.115	-0.702	-0.675	+3.183	-0.675	-0.675	+2.370	-0.686	-0.695	-0.692	-0.677	-0.692	+3.216	+3.072	+2.965	-0.677	+3.131	+3.168	+3.195	+3.128	+3.161	+3.097	-0.677	-0.686	-0.701	-0.678	+3.290	+3.166	+1.666	+3.129	+3.142	-0.691	+3.203	-0.694	+3.040	+3.085	-0.696	+3.208	+2.902	+3.284	+3.084	-0.689	+1.047	+3.264	+2.323	+2.780	+1.447	+1.564	+3.257	+3.086	+1.540	-0.681	+2.972	+2.726	+3.165	+3.107	+2.255	+2.851	+2.324	+3.207	+2.303	+2.158	+2.654	+3.161	-0.681	+3.103	+2.325	+3.134	+3.120	+2.287	+2.244	+0.993	+1.545	+3.210	+2.233	+3.143	+2.669	+3.170	+3.164	+3.014	+2.678	+3.134	+3.127	+3.146	+3.146	+3.145	+2.181	+3.144	+3.143	+3.145	+2.474	-0.682	+2.378	+2.025	
rs62016006     -0.693	+2.445	+2.664	+3.033	-0.432	+2.754	-0.370	+4.015	+4.193	+4.192	+4.164	+4.182	-0.674	-0.638	-0.555	+3.973	-0.485	-0.616	+3.145	+2.731	-0.415	-0.616	-0.655	-0.601	-0.648	-0.501	-0.695	-0.393	-0.676	-0.501	-0.434	+3.284	+3.294	+3.290	+2.681	-0.511	+3.393	+3.366	+3.290	-0.645	-0.638	-0.516	-0.508	-0.508	+2.693	-0.649	-0.521	-0.638	-0.515	+3.133	-0.681	-0.708	+3.281	-0.524	+3.273	+3.274	+3.274	-0.756	+3.259	+3.251	+3.248	+3.229	-0.709	-0.525	+3.239	-0.525	-0.731	+3.307	-0.730	-0.727	+2.479	-0.526	-0.529	-0.557	-0.724	-0.552	+3.339	+3.195	+3.088	-0.723	+3.255	+3.292	+3.319	+3.251	+3.285	+3.220	-0.723	-0.551	-0.539	-0.721	+3.415	+3.290	+2.559	+3.251	+3.266	-0.554	+3.327	-0.551	+3.163	+3.209	-0.551	+3.333	+3.024	+3.409	+3.207	-0.552	+1.141	+3.389	+2.432	+2.900	+1.554	+2.405	+3.382	+3.210	+2.365	-0.550	+3.095	+2.846	+3.289	+3.231	+2.968	+2.973	+2.433	+3.332	+2.411	+2.262	+3.442	+3.285	-0.550	+3.227	+2.438	+3.258	+3.244	+2.995	+2.956	+1.603	+2.369	+3.334	+2.924	+3.267	+2.788	+3.294	+3.288	+3.137	+2.803	+3.258	+3.252	+3.270	+3.270	+3.269	+2.866	+3.268	+3.267	+3.269	+2.576	-0.550	+2.489	+2.139	
rs79732515     -0.656	+2.487	+2.716	+3.093	-0.309	+2.798	-0.216	+4.092	+4.273	+4.272	+4.243	+4.263	-0.514	-0.563	-0.657	+4.050	-0.661	-0.527	+2.026	+2.775	-0.275	-0.527	-0.584	-0.507	-0.576	-0.676	-0.635	-0.676	-0.406	-0.676	-0.300	+2.128	+2.135	+2.132	+2.725	-0.677	+2.213	+2.183	+2.132	-0.573	-0.560	-0.683	-0.672	-0.672	+2.737	-0.578	-0.683	-0.562	-0.677	+2.030	-0.546	-0.649	+3.344	-0.682	+3.336	+3.337	+3.337	-0.706	+3.321	+3.313	+3.311	+3.291	-0.651	-0.682	+3.301	-0.682	-0.685	+3.370	-0.683	-0.679	+2.518	-0.668	-0.676	-0.670	-0.675	-0.670	+3.403	+3.257	+3.147	-0.674	+3.318	+3.355	+3.383	+3.314	+3.348	+3.282	-0.674	-0.665	-0.680	-0.672	+3.480	+3.353	+1.830	+3.302	+3.329	-0.669	+3.391	-0.671	+3.224	+3.270	-0.673	+3.396	+3.084	+3.475	+3.269	-0.668	+1.180	+3.454	+2.470	+2.957	+1.602	+1.725	+3.448	+3.272	+1.702	-0.661	+3.156	+2.902	+3.352	+3.294	+2.461	+3.032	+2.471	+3.396	+2.450	+2.296	+2.871	+3.349	-0.661	+3.289	+2.486	+3.321	+3.306	+2.494	+2.448	+1.143	+1.706	+3.393	+2.439	+3.330	+2.842	+3.358	+3.351	+3.197	+2.846	+3.321	+3.314	+3.332	+3.332	+3.331	+2.385	+3.330	+3.329	+3.330	+2.548	-0.660	+2.528	+2.166	
rs10444827     -0.693	+2.445	+2.664	+3.033	-0.432	+2.754	-0.369	+4.015	+4.193	+4.192	+4.164	+4.182	-0.674	-0.638	-0.556	+3.973	-0.485	-0.616	+3.148	+2.731	-0.415	-0.615	-0.654	-0.601	-0.647	-0.501	-0.694	-0.501	-0.676	-0.392	-0.434	+3.287	+3.297	+3.293	+2.681	-0.511	+3.396	+3.369	+3.293	-0.645	-0.638	-0.516	-0.508	-0.508	+2.693	-0.649	-0.520	-0.637	-0.515	+3.136	-0.681	-0.707	+3.281	-0.524	+3.273	+3.274	+3.274	-0.755	+3.259	+3.251	+3.248	+3.229	-0.709	-0.524	+3.239	-0.524	-0.731	+3.307	-0.730	-0.726	+2.479	-0.526	-0.528	-0.556	-0.723	-0.552	+3.339	+3.195	+3.088	-0.723	+3.255	+3.292	+3.319	+3.251	+3.285	+3.220	-0.723	-0.551	-0.539	-0.721	+3.415	+3.290	+2.562	+3.251	+3.266	-0.554	+3.327	-0.551	+3.163	+3.209	-0.551	+3.333	+3.024	+3.409	+3.207	-0.551	+1.141	+3.389	+2.432	+2.900	+1.554	+2.407	+3.382	+3.210	+2.367	-0.550	+3.095	+2.846	+3.289	+3.231	+2.970	+2.973	+2.433	+3.332	+2.411	+2.262	+3.444	+3.285	-0.550	+3.227	+2.439	+3.258	+3.244	+2.997	+2.958	+1.605	+2.371	+3.334	+2.926	+3.267	+2.788	+3.294	+3.288	+3.137	+2.803	+3.258	+3.252	+3.270	+3.270	+3.269	+2.868	+3.268	+3.267	+3.269	+2.577	-0.550	+2.489	+2.140	
rs2290336      -0.431	+2.451	+2.638	+2.994	-0.288	+2.750	-0.217	+3.942	+4.116	+4.116	+4.088	+4.106	-0.336	-0.315	-0.398	+3.902	-0.414	-0.327	+1.923	+2.727	-0.256	-0.326	-0.282	-0.342	-0.295	-0.434	-0.252	-0.434	-0.300	-0.434	-0.172	+2.019	+2.027	+2.024	+2.679	-0.436	+2.098	+2.072	+2.024	-0.298	-0.304	-0.443	-0.429	-0.429	+2.691	-0.296	-0.443	-0.308	-0.436	+1.928	-0.292	-0.364	+3.232	-0.443	+3.224	+3.225	+3.225	-0.344	+3.210	+3.203	+3.201	+3.182	-0.354	-0.444	+3.192	-0.444	-0.317	+3.258	-0.320	-0.329	+2.484	-0.424	-0.436	-0.434	-0.340	-0.434	+3.296	+3.149	+3.046	-0.341	+3.207	+3.243	+3.269	+3.204	+3.236	+3.174	-0.341	-0.428	-0.443	-0.349	+3.363	+3.242	+1.752	+3.213	+3.217	-0.433	+3.277	-0.437	+3.117	+3.162	-0.440	+3.282	+2.982	+3.356	+3.161	-0.431	+1.179	+3.336	+2.438	+2.863	+1.552	+1.652	+3.329	+3.163	+1.627	-0.422	+3.050	+2.810	+3.240	+3.183	+2.273	+2.932	+2.439	+3.280	+2.419	+2.282	+2.658	+3.236	-0.422	+3.179	+2.432	+3.210	+3.196	+2.303	+2.262	+1.091	+1.634	+3.286	+2.251	+3.218	+2.755	+3.245	+3.238	+3.093	+2.794	+3.210	+3.202	+3.222	+3.222	+3.221	+2.202	+3.220	+3.219	+3.221	+2.650	-0.423	+2.493	+2.149	
rs7172291      +1.962	+3.080	+2.996	+3.269	+2.024	+3.235	+2.054	+4.040	+4.205	+4.204	+4.178	+4.195	+2.108	+1.963	+3.097	+4.002	+3.407	+1.966	+2.437	+3.217	+2.030	+1.966	+1.961	+1.970	+1.961	+3.284	+1.950	+3.284	+2.128	+3.287	+2.019	+2.492	+2.500	+2.498	+3.183	+3.294	+2.534	+2.517	+2.498	+1.962	+1.961	+3.234	+3.342	+3.342	+3.192	+1.961	+3.216	+1.963	+3.278	+2.429	+2.138	+1.958	+3.465	+3.213	+3.459	+3.460	+3.460	+1.945	+3.449	+3.443	+3.442	+3.428	+1.959	+3.208	+3.436	+3.208	+1.963	+3.488	+1.963	+1.962	+3.070	+3.296	+3.193	+3.037	+1.962	+3.017	+3.516	+3.404	+3.347	+1.962	+3.448	+3.477	+3.496	+3.445	+3.471	+3.421	+1.962	+3.047	+3.096	+1.962	+3.575	+3.475	+2.307	+3.450	+3.454	+3.021	+3.503	+2.933	+3.380	+3.414	+2.928	+3.507	+3.282	+3.569	+3.410	+3.039	+2.273	+3.551	+3.040	+3.174	+2.467	+2.272	+3.538	+3.415	+2.265	+3.067	+3.335	+3.135	+3.473	+3.430	+2.775	+3.244	+3.040	+3.508	+3.026	+2.971	+3.058	+3.472	+3.067	+3.426	+3.054	+3.450	+3.441	+2.801	+2.770	+2.149	+2.267	+3.508	+2.764	+3.456	+3.095	+3.478	+3.473	+3.361	+3.245	+3.451	+3.446	+3.461	+3.461	+3.460	+2.733	+3.459	+3.458	+3.460	+2.936	+3.023	+3.090	+2.897	
rs7174068      +1.970	+3.085	+2.999	+3.272	+2.031	+3.239	+2.061	+4.041	+4.206	+4.205	+4.178	+4.196	+2.116	+1.971	+3.107	+4.003	+3.417	+1.974	+2.443	+3.221	+2.037	+1.974	+1.969	+1.978	+1.969	+3.294	+1.958	+3.294	+2.135	+3.297	+2.027	+2.500	+2.500	+2.502	+3.188	+3.304	+2.537	+2.520	+2.502	+1.970	+1.969	+3.244	+3.353	+3.352	+3.196	+1.968	+3.227	+1.971	+3.288	+2.434	+2.146	+1.965	+3.467	+3.223	+3.462	+3.463	+3.462	+1.953	+3.452	+3.446	+3.445	+3.431	+1.966	+3.219	+3.439	+3.219	+1.971	+3.491	+1.970	+1.970	+3.075	+3.306	+3.203	+3.047	+1.970	+3.026	+3.518	+3.407	+3.351	+1.970	+3.451	+3.480	+3.499	+3.448	+3.474	+3.424	+1.970	+3.057	+3.107	+1.970	+3.578	+3.478	+2.313	+3.453	+3.457	+3.031	+3.506	+2.943	+3.383	+3.417	+2.937	+3.510	+3.285	+3.571	+3.413	+3.049	+2.278	+3.553	+3.045	+3.177	+2.472	+2.278	+3.540	+3.418	+2.271	+3.077	+3.338	+3.139	+3.476	+3.433	+2.778	+3.247	+3.044	+3.511	+3.031	+2.976	+3.061	+3.475	+3.077	+3.429	+3.058	+3.453	+3.443	+2.805	+2.774	+2.157	+2.273	+3.511	+2.768	+3.459	+3.099	+3.480	+3.475	+3.364	+3.249	+3.454	+3.449	+3.463	+3.463	+3.462	+2.737	+3.462	+3.461	+3.463	+2.940	+3.033	+3.095	+2.902	
rs6493554      +1.967	+3.083	+2.998	+3.271	+2.028	+3.237	+2.058	+4.040	+4.205	+4.205	+4.178	+4.195	+2.112	+1.968	+3.103	+4.002	+3.413	+1.971	+2.441	+3.219	+2.034	+1.971	+1.966	+1.975	+1.966	+3.290	+1.955	+3.290	+2.132	+3.293	+2.024	+2.498	+2.502	+2.497	+3.186	+3.300	+2.536	+2.519	+2.501	+1.966	+1.966	+3.240	+3.348	+3.348	+3.194	+1.965	+3.222	+1.968	+3.284	+2.432	+2.143	+1.962	+3.466	+3.219	+3.461	+3.461	+3.461	+1.950	+3.451	+3.445	+3.443	+3.430	+1.963	+3.214	+3.438	+3.214	+1.968	+3.490	+1.967	+1.967	+3.073	+3.302	+3.199	+3.043	+1.967	+3.022	+3.517	+3.406	+3.349	+1.967	+3.450	+3.479	+3.498	+3.447	+3.473	+3.423	+1.967	+3.053	+3.102	+1.966	+3.577	+3.477	+2.311	+3.452	+3.456	+3.027	+3.505	+2.939	+3.382	+3.416	+2.933	+3.509	+3.283	+3.570	+3.412	+3.045	+2.276	+3.552	+3.043	+3.176	+2.470	+2.276	+3.539	+3.416	+2.269	+3.073	+3.336	+3.137	+3.475	+3.432	+2.777	+3.246	+3.043	+3.509	+3.029	+2.974	+3.060	+3.474	+3.073	+3.428	+3.056	+3.452	+3.442	+2.803	+2.772	+2.153	+2.270	+3.510	+2.766	+3.457	+3.097	+3.479	+3.474	+3.363	+3.247	+3.453	+3.448	+3.462	+3.462	+3.461	+2.735	+3.461	+3.460	+3.462	+2.939	+3.029	+3.093	+2.900	
rs113235251    +2.569	+3.096	+3.342	+3.554	+2.683	+3.273	+2.723	+4.233	+4.387	+4.386	+4.362	+4.380	+2.709	+2.583	+2.658	+4.197	+2.687	+2.591	+3.130	+3.267	+2.692	+2.591	+2.576	+2.599	+2.578	+2.681	+2.570	+2.681	+2.725	+2.681	+2.679	+3.183	+3.188	+3.186	+3.210	+2.679	+3.234	+3.213	+3.186	+2.579	+2.580	+2.678	+2.681	+2.681	+3.245	+2.577	+2.677	+2.582	+2.680	+3.141	+2.730	+2.563	+3.687	+2.679	+3.682	+3.683	+3.682	+2.554	+3.673	+3.668	+3.667	+3.655	+2.564	+2.679	+3.662	+2.679	+2.566	+3.710	+2.566	+2.565	+3.118	+2.683	+2.683	+2.698	+2.566	+2.700	+3.735	+3.636	+3.534	+2.566	+3.673	+3.701	+3.718	+3.670	+3.696	+3.650	+2.566	+2.703	+2.685	+2.566	+3.793	+3.698	+3.026	+3.675	+3.681	+2.700	+3.724	+2.707	+3.612	+3.644	+2.705	+3.728	+3.523	+3.784	+3.613	+2.700	+2.731	+3.768	+3.104	+3.453	+2.843	+2.975	+3.765	+3.644	+2.961	+2.706	+3.570	+3.420	+3.698	+3.657	+3.598	+3.489	+3.104	+3.728	+3.099	+3.039	+3.849	+3.695	+2.706	+3.655	+3.507	+3.675	+3.668	+3.613	+3.587	+2.754	+2.960	+3.728	+3.579	+3.682	+3.386	+3.701	+3.697	+3.595	+3.615	+3.675	+3.672	+3.684	+3.684	+3.683	+3.547	+3.682	+3.682	+3.682	+3.349	+2.711	+3.115	+2.990	
