## Summary of overall evidence for association with region:
## log10(BF for region) = 5.80314
## p-value for region = NA

## BFs for choosing among multi-SNP models:
## log10(average 1-SNP BF) = 5.36781
## log10(average 2-SNP BF) = 6.15839

## Example posterior probabilities for multi-SNP models, based on default prior: [p(l) propto 0.5^l for l=1,2,...,L]
## posterior probability of 1-SNP = 0.244671
## posterior probability of 2-SNP = 0.755329

## log10(BF) for single SNP and pair of SNPs:
rs61878760     +2.586	+2.156	+2.938	+2.128	+8.012	+2.268	+5.380	+5.477	+5.664	+5.447	+5.536	+3.718	+2.344	+1.911	+2.046	+1.902	+2.040	+6.441	+3.550	+6.445	+1.820	+6.573	+2.099	+6.467	+3.601	+1.812	+2.006	+1.813	+2.012	+1.961	+1.979	+1.973	+1.972	+2.066	+2.269	+2.239	+2.274	+2.321	+2.218	+1.899	+2.151	+1.999	+1.911	+1.932	+1.916	+2.002	+2.059	+1.959	+2.229	+1.773	+1.922	+2.033	+1.946	+1.889	+2.031	+1.884	+1.884	+1.884	+1.884	+2.033	+1.886	+1.881	+1.881	+1.879	+1.879	+1.878	+1.869	+2.096	+2.251	+2.157	+2.497	+1.817	+1.874	+1.813	+1.817	+1.814	+1.815	+1.886	+1.840	+1.879	+1.951	+1.943	+1.827	+1.871	+1.929	+1.829	+1.829	+1.829	+1.978	+1.827	+1.827	+1.990	+1.929	+1.941	+1.862	+1.872	+1.814	+1.807	+1.807	+1.807	+1.916	+1.807	+1.805	+1.869	+1.813	+1.813	+1.809	+1.803	+1.812	+1.813	+1.804	+1.803	+1.803	+1.872	+1.802	+1.802	+1.802	+1.802	+1.802	+1.803	+1.871	+1.940	+1.814	+1.941	+1.938	+1.959	+1.937	+1.815	+1.937	+1.934	+1.836	+1.936	+2.070	+1.836	+1.858	+1.909	+1.881	+1.811	+1.909	+1.888	+1.848	+1.756	+1.898	+1.777	+1.967	+2.040	+1.971	+2.238	+1.873	+1.822	+2.041	+2.044	+2.044	+1.892	+1.895	+1.849	+1.850	+1.861	+1.851	+1.852	+1.915	+2.573	+1.983	+2.573	+1.809	+2.565	+2.565	+1.822	+2.023	+1.813	+2.562	+1.838	+1.816	+1.814	+1.817	
rs12787239     +2.156	-0.443	+0.177	+0.124	+7.250	+0.345	+5.382	+5.468	+5.631	+5.444	+5.537	+1.422	-0.213	-0.934	-0.755	-0.923	-0.808	+3.700	+0.805	+3.700	-0.870	+3.812	-0.655	+3.659	+0.833	-0.873	-0.644	-0.872	-0.640	-0.643	-0.727	-0.735	-0.736	-0.703	-0.295	-0.324	-0.288	-0.244	-0.355	-0.828	-0.488	-0.703	-0.779	-0.747	-0.768	-0.699	-0.649	-0.676	-0.406	-0.939	-0.811	-0.747	-0.815	-0.872	-0.749	-0.875	-0.875	-0.875	-0.875	-0.748	-0.874	-0.878	-0.877	-0.878	-0.878	-0.879	-0.885	-0.682	-0.536	-0.621	-0.315	-0.875	-0.807	-0.906	-0.906	-0.906	-0.907	-0.816	-0.898	-0.869	-0.785	-0.791	-0.889	-0.874	-0.756	-0.885	-0.885	-0.885	-0.758	-0.893	-0.887	-0.747	-0.819	-0.756	-0.862	-0.854	-0.871	-0.881	-0.881	-0.881	-0.749	-0.882	-0.884	-0.855	-0.873	-0.873	-0.880	-0.888	-0.875	-0.874	-0.887	-0.888	-0.888	-0.854	-0.889	-0.890	-0.890	-0.890	-0.890	-0.888	-0.850	-0.758	-0.868	-0.755	-0.761	-0.779	-0.763	-0.866	-0.763	-0.768	-0.842	-0.764	-0.698	-0.838	-0.819	-0.747	-0.795	-0.901	-0.747	-0.837	-0.823	-0.951	-0.761	-0.950	-0.767	-0.727	-0.762	-0.486	-0.809	-0.873	-0.729	-0.727	-0.727	-0.789	-0.787	-0.848	-0.846	-0.831	-0.844	-0.843	-0.808	-0.346	-0.749	-0.345	-0.901	-0.351	-0.351	-0.888	-0.714	-0.893	-0.354	-0.873	-0.894	-0.893	-0.890	
rs11022509     +2.938	+0.177	+0.632	+2.621	+7.561	+3.008	+5.818	+5.900	+6.055	+5.878	+5.971	+1.832	+0.608	+0.040	+0.153	+0.074	+0.124	+4.553	+1.648	+4.555	+0.086	+4.678	+0.216	+4.543	+1.687	+0.091	+0.347	+0.091	+0.352	+0.285	+0.225	+0.218	+0.217	+0.276	+0.596	+0.567	+0.603	+0.647	+0.540	+0.136	+0.369	+0.247	+0.158	+0.182	+0.165	+0.250	+0.312	+0.226	+0.583	+0.037	+0.174	+0.247	+0.163	+0.155	+0.245	+0.151	+0.151	+0.151	+0.151	+0.246	+0.151	+0.146	+0.148	+0.146	+0.146	+0.145	+0.136	+0.288	+0.442	+0.353	+0.629	+0.094	+0.163	+0.059	+0.058	+0.059	+0.059	+0.137	+0.063	+0.091	+0.176	+0.170	+0.075	+0.086	+0.190	+0.078	+0.078	+0.078	+0.203	+0.072	+0.076	+0.214	+0.147	+0.204	+0.098	+0.106	+0.089	+0.080	+0.079	+0.079	+0.212	+0.079	+0.077	+0.110	+0.087	+0.087	+0.081	+0.073	+0.085	+0.086	+0.074	+0.073	+0.073	+0.105	+0.072	+0.071	+0.071	+0.071	+0.071	+0.073	+0.113	+0.202	+0.091	+0.204	+0.199	+0.190	+0.197	+0.094	+0.197	+0.193	+0.124	+0.197	+0.283	+0.124	+0.151	+0.215	+0.177	+0.065	+0.215	+0.128	+0.140	+0.010	+0.196	+0.015	+0.197	+0.255	+0.202	+0.464	+0.143	+0.089	+0.256	+0.258	+0.258	+0.195	+0.198	+0.108	+0.110	+0.123	+0.112	+0.112	+0.159	+0.667	+0.222	+0.667	+0.067	+0.661	+0.661	+0.081	+0.259	+0.071	+0.658	+0.097	+0.075	+0.072	+0.075	
rs2033908      +2.128	+0.124	+2.621	+0.491	+6.649	+0.505	+4.897	+4.979	+5.135	+4.959	+5.054	+1.795	+0.411	-0.049	+0.115	-0.056	+0.193	+4.623	+1.857	+4.623	-0.007	+4.735	+0.370	+4.591	+1.883	-0.005	+0.176	-0.003	+0.179	+0.169	+0.167	+0.159	+0.158	+0.202	+0.669	+0.639	+0.676	+0.724	+0.606	+0.078	+0.504	+0.190	+0.136	+0.172	+0.149	+0.193	+0.259	+0.302	+0.402	-0.038	+0.081	+0.126	+0.070	-0.013	+0.124	-0.016	-0.016	-0.016	-0.016	+0.126	-0.015	-0.018	-0.017	-0.018	-0.018	-0.018	-0.023	+0.209	+0.358	+0.268	+0.599	+0.001	+0.065	-0.010	-0.008	-0.009	-0.009	+0.080	+0.008	+0.042	+0.103	+0.097	+0.006	+0.036	+0.116	+0.010	+0.010	+0.010	+0.129	+0.004	+0.008	+0.140	+0.082	+0.128	+0.032	+0.040	+0.013	+0.005	+0.004	+0.004	+0.129	+0.004	+0.002	+0.042	+0.011	+0.011	+0.005	-0.002	+0.010	+0.010	-0.001	-0.002	-0.002	+0.040	-0.003	-0.003	-0.003	-0.003	-0.004	-0.002	+0.047	+0.128	+0.017	+0.131	+0.126	+0.125	+0.124	+0.019	+0.124	+0.119	+0.037	+0.123	+0.208	+0.043	+0.058	+0.133	+0.081	-0.007	+0.133	+0.061	+0.057	-0.056	+0.109	-0.050	+0.146	+0.175	+0.153	+0.457	+0.072	+0.004	+0.172	+0.173	+0.174	+0.083	+0.085	+0.041	+0.043	+0.056	+0.045	+0.045	+0.085	+0.577	+0.144	+0.577	-0.013	+0.571	+0.571	-0.000	+0.179	+0.004	+0.568	+0.014	-0.006	+0.005	+0.008	
rs10466408     +8.012	+7.250	+7.561	+6.649	+7.569	+6.668	+7.839	+7.740	+7.535	+7.708	+7.448	+7.852	+6.885	+7.138	+7.079	+7.192	+7.112	+9.570	+7.646	+9.580	+6.617	+9.715	+6.959	+9.657	+7.724	+6.605	+6.668	+6.609	+6.676	+6.662	+6.843	+6.835	+6.834	+6.938	+6.922	+6.897	+6.927	+6.968	+6.884	+6.750	+6.903	+6.863	+6.775	+6.802	+6.782	+6.866	+6.908	+6.743	+6.888	+6.644	+6.805	+6.764	+6.721	+6.684	+6.764	+6.680	+6.681	+6.680	+6.680	+6.764	+6.682	+6.678	+6.678	+6.676	+6.676	+6.676	+6.669	+6.951	+7.100	+7.007	+7.417	+6.632	+6.670	+6.697	+6.709	+6.701	+6.702	+6.732	+6.760	+6.817	+6.829	+6.819	+6.706	+6.804	+6.702	+6.694	+6.694	+6.694	+6.857	+6.716	+6.700	+6.870	+6.785	+6.784	+6.737	+6.749	+6.644	+6.642	+6.641	+6.641	+6.712	+6.641	+6.641	+6.772	+6.644	+6.644	+6.642	+6.641	+6.643	+6.644	+6.641	+6.641	+6.641	+6.748	+6.641	+6.641	+6.641	+6.641	+6.641	+6.641	+6.768	+6.791	+6.642	+6.789	+6.793	+6.816	+6.794	+6.643	+6.794	+6.796	+6.645	+6.795	+6.934	+6.654	+6.662	+6.702	+6.681	+6.667	+6.702	+6.788	+6.661	+6.619	+6.693	+6.680	+6.822	+6.908	+6.827	+7.075	+6.679	+6.641	+6.907	+6.910	+6.911	+6.714	+6.715	+6.684	+6.683	+6.682	+6.682	+6.682	+6.794	+7.501	+6.874	+7.501	+6.634	+7.493	+7.492	+6.645	+6.919	+6.641	+7.489	+6.658	+6.640	+6.641	+6.643	
rs12797960     +2.268	+0.345	+3.008	+0.505	+6.668	+0.734	+4.944	+5.024	+5.177	+5.004	+5.100	+1.974	+0.610	+0.184	+0.355	+0.174	+0.445	+4.860	+2.070	+4.860	+0.222	+4.973	+0.618	+4.832	+2.099	+0.219	+0.392	+0.222	+0.395	+0.387	+0.400	+0.392	+0.391	+0.434	+0.903	+0.872	+0.908	+0.958	+0.839	+0.309	+0.753	+0.423	+0.367	+0.404	+0.381	+0.427	+0.490	+0.550	+0.634	+0.195	+0.309	+0.350	+0.297	+0.211	+0.349	+0.208	+0.209	+0.208	+0.208	+0.350	+0.209	+0.207	+0.207	+0.206	+0.206	+0.206	+0.202	+0.446	+0.599	+0.505	+0.836	+0.233	+0.299	+0.221	+0.222	+0.221	+0.221	+0.313	+0.238	+0.272	+0.338	+0.331	+0.237	+0.266	+0.354	+0.241	+0.241	+0.241	+0.364	+0.234	+0.239	+0.375	+0.316	+0.361	+0.265	+0.274	+0.244	+0.236	+0.235	+0.235	+0.364	+0.234	+0.233	+0.274	+0.242	+0.242	+0.236	+0.229	+0.241	+0.241	+0.230	+0.229	+0.229	+0.273	+0.228	+0.228	+0.228	+0.227	+0.227	+0.229	+0.279	+0.361	+0.248	+0.364	+0.358	+0.354	+0.356	+0.250	+0.356	+0.352	+0.270	+0.356	+0.438	+0.275	+0.291	+0.366	+0.314	+0.225	+0.366	+0.292	+0.288	+0.175	+0.342	+0.179	+0.375	+0.408	+0.382	+0.684	+0.307	+0.236	+0.405	+0.407	+0.407	+0.312	+0.315	+0.274	+0.275	+0.289	+0.278	+0.278	+0.312	+0.810	+0.370	+0.810	+0.218	+0.804	+0.804	+0.231	+0.403	+0.237	+0.801	+0.245	+0.225	+0.238	+0.241	
rs16911637     +5.380	+5.382	+5.818	+4.897	+7.839	+4.944	+5.745	+5.843	+5.953	+5.828	+5.868	+6.156	+5.127	+5.225	+5.235	+5.258	+5.260	+7.996	+5.949	+8.005	+4.835	+8.141	+5.180	+8.074	+6.024	+4.823	+4.900	+4.827	+4.908	+4.890	+5.058	+5.051	+5.050	+5.149	+5.184	+5.157	+5.188	+5.232	+5.142	+4.965	+5.140	+5.079	+4.989	+5.016	+4.997	+5.082	+5.125	+4.971	+5.104	+4.856	+5.016	+4.988	+4.941	+4.903	+4.988	+4.900	+4.900	+4.900	+4.900	+4.989	+4.901	+4.897	+4.898	+4.896	+4.896	+4.896	+4.889	+5.166	+5.320	+5.227	+5.614	+4.853	+4.895	+4.904	+4.914	+4.907	+4.908	+4.943	+4.960	+5.016	+5.039	+5.029	+4.914	+5.005	+4.929	+4.905	+4.905	+4.905	+5.067	+4.922	+4.908	+5.079	+4.997	+4.994	+4.947	+4.958	+4.863	+4.860	+4.860	+4.859	+4.939	+4.859	+4.859	+4.974	+4.862	+4.862	+4.861	+4.858	+4.862	+4.862	+4.859	+4.858	+4.858	+4.957	+4.858	+4.858	+4.858	+4.858	+4.858	+4.858	+4.971	+5.000	+4.862	+4.999	+5.001	+5.030	+5.002	+4.863	+5.002	+5.003	+4.870	+5.003	+5.147	+4.876	+4.888	+4.929	+4.908	+4.880	+4.929	+4.991	+4.884	+4.831	+4.920	+4.884	+5.036	+5.119	+5.040	+5.292	+4.905	+4.863	+5.118	+5.122	+5.123	+4.935	+4.937	+4.900	+4.899	+4.900	+4.898	+4.898	+5.007	+5.706	+5.085	+5.706	+4.857	+5.698	+5.697	+4.869	+5.129	+4.862	+5.694	+4.883	+4.864	+4.862	+4.864	
rs11022514     +5.477	+5.468	+5.900	+4.979	+7.740	+5.024	+5.843	+5.831	+5.978	+5.873	+5.904	+6.231	+5.208	+5.316	+5.321	+5.349	+5.348	+8.066	+6.026	+8.075	+4.919	+8.210	+5.265	+8.145	+6.101	+4.907	+4.982	+4.911	+4.990	+4.973	+5.143	+5.135	+5.134	+5.234	+5.266	+5.240	+5.271	+5.315	+5.225	+5.050	+5.223	+5.163	+5.073	+5.101	+5.082	+5.166	+5.209	+5.055	+5.187	+4.941	+5.101	+5.072	+5.025	+4.987	+5.072	+4.984	+4.984	+4.984	+4.984	+5.073	+4.985	+4.981	+4.982	+4.980	+4.980	+4.980	+4.973	+5.251	+5.405	+5.312	+5.699	+4.937	+4.978	+4.989	+4.999	+4.992	+4.993	+5.028	+5.045	+5.102	+5.123	+5.113	+4.999	+5.090	+5.013	+4.990	+4.990	+4.990	+5.151	+5.007	+4.993	+5.164	+5.082	+5.079	+5.031	+5.042	+4.947	+4.944	+4.944	+4.944	+5.022	+4.943	+4.943	+5.060	+4.946	+4.946	+4.945	+4.942	+4.946	+4.946	+4.943	+4.942	+4.942	+5.042	+4.942	+4.942	+4.942	+4.942	+4.942	+4.942	+5.057	+5.085	+4.946	+5.084	+5.086	+5.115	+5.087	+4.947	+5.087	+5.088	+4.953	+5.088	+5.231	+4.959	+4.971	+5.013	+4.991	+4.965	+5.013	+5.077	+4.967	+4.916	+5.003	+4.970	+5.121	+5.204	+5.125	+5.376	+4.988	+4.947	+5.203	+5.207	+5.207	+5.019	+5.021	+4.984	+4.983	+4.984	+4.983	+4.983	+5.092	+5.790	+5.169	+5.790	+4.942	+5.782	+5.781	+4.953	+5.214	+4.946	+5.778	+4.968	+4.948	+4.946	+4.948	
rs12295774     +5.664	+5.631	+6.055	+5.135	+7.535	+5.177	+5.953	+5.978	+5.996	+5.973	+5.989	+6.372	+5.359	+5.484	+5.483	+5.517	+5.512	+8.198	+6.173	+8.207	+5.079	+8.343	+5.426	+8.277	+6.249	+5.067	+5.139	+5.071	+5.147	+5.130	+5.303	+5.295	+5.294	+5.394	+5.426	+5.400	+5.431	+5.475	+5.385	+5.210	+5.383	+5.323	+5.233	+5.260	+5.241	+5.326	+5.369	+5.215	+5.346	+5.100	+5.261	+5.232	+5.185	+5.146	+5.231	+5.143	+5.143	+5.143	+5.143	+5.232	+5.144	+5.140	+5.141	+5.139	+5.139	+5.139	+5.132	+5.405	+5.557	+5.466	+5.857	+5.097	+5.138	+5.148	+5.159	+5.151	+5.152	+5.188	+5.204	+5.260	+5.281	+5.272	+5.158	+5.248	+5.173	+5.149	+5.149	+5.149	+5.310	+5.166	+5.153	+5.322	+5.242	+5.240	+5.190	+5.201	+5.107	+5.104	+5.103	+5.103	+5.183	+5.103	+5.103	+5.220	+5.106	+5.106	+5.105	+5.102	+5.106	+5.106	+5.103	+5.102	+5.102	+5.201	+5.102	+5.102	+5.102	+5.102	+5.102	+5.102	+5.216	+5.246	+5.106	+5.244	+5.247	+5.275	+5.248	+5.106	+5.248	+5.249	+5.113	+5.248	+5.392	+5.119	+5.132	+5.172	+5.151	+5.125	+5.172	+5.237	+5.127	+5.076	+5.163	+5.131	+5.281	+5.364	+5.285	+5.535	+5.148	+5.107	+5.363	+5.367	+5.368	+5.179	+5.181	+5.144	+5.143	+5.145	+5.143	+5.143	+5.252	+5.952	+5.329	+5.952	+5.102	+5.944	+5.943	+5.113	+5.374	+5.105	+5.940	+5.128	+5.108	+5.106	+5.108	
rs12277874     +5.447	+5.444	+5.878	+4.959	+7.708	+5.004	+5.828	+5.873	+5.973	+5.809	+5.897	+6.208	+5.185	+5.292	+5.298	+5.325	+5.325	+8.046	+6.005	+8.055	+4.898	+8.191	+5.245	+8.125	+6.080	+4.886	+4.960	+4.890	+4.968	+4.951	+5.121	+5.114	+5.113	+5.212	+5.246	+5.219	+5.251	+5.294	+5.204	+5.028	+5.202	+5.142	+5.052	+5.079	+5.060	+5.145	+5.188	+5.034	+5.166	+4.919	+5.079	+5.051	+5.004	+4.966	+5.051	+4.963	+4.963	+4.963	+4.963	+5.052	+4.964	+4.960	+4.961	+4.959	+4.959	+4.958	+4.952	+5.229	+5.383	+5.291	+5.677	+4.915	+4.957	+4.967	+4.978	+4.970	+4.971	+5.007	+5.023	+5.080	+5.101	+5.091	+4.977	+5.068	+4.991	+4.968	+4.968	+4.968	+5.130	+4.985	+4.972	+5.142	+5.060	+5.057	+5.010	+5.021	+4.925	+4.922	+4.922	+4.922	+5.001	+4.922	+4.922	+5.039	+4.925	+4.925	+4.923	+4.921	+4.925	+4.925	+4.921	+4.921	+4.921	+5.020	+4.921	+4.921	+4.921	+4.920	+4.920	+4.921	+5.035	+5.064	+4.924	+5.062	+5.064	+5.093	+5.065	+4.925	+5.065	+5.067	+4.932	+5.066	+5.210	+4.938	+4.950	+4.991	+4.970	+4.943	+4.991	+5.055	+4.946	+4.894	+4.982	+4.949	+5.099	+5.182	+5.103	+5.354	+4.966	+4.926	+5.182	+5.185	+5.186	+4.997	+4.999	+4.963	+4.962	+4.963	+4.961	+4.961	+5.071	+5.767	+5.148	+5.767	+4.920	+5.759	+5.759	+4.932	+5.192	+4.924	+5.755	+4.946	+4.926	+4.924	+4.927	
rs10047490     +5.536	+5.537	+5.971	+5.054	+7.448	+5.100	+5.868	+5.904	+5.989	+5.897	+5.906	+6.294	+5.274	+5.393	+5.390	+5.425	+5.430	+8.134	+6.091	+8.143	+4.991	+8.278	+5.342	+8.211	+6.166	+4.980	+5.052	+4.984	+5.059	+5.042	+5.213	+5.206	+5.205	+5.308	+5.346	+5.319	+5.350	+5.391	+5.304	+5.123	+5.297	+5.234	+5.143	+5.170	+5.151	+5.237	+5.280	+5.128	+5.260	+5.013	+5.172	+5.144	+5.098	+5.060	+5.144	+5.057	+5.057	+5.057	+5.057	+5.145	+5.058	+5.054	+5.055	+5.053	+5.053	+5.053	+5.046	+5.328	+5.484	+5.390	+5.775	+5.010	+5.052	+5.062	+5.072	+5.065	+5.066	+5.101	+5.118	+5.175	+5.197	+5.188	+5.072	+5.163	+5.085	+5.063	+5.063	+5.063	+5.226	+5.081	+5.067	+5.239	+5.156	+5.152	+5.104	+5.114	+5.019	+5.016	+5.016	+5.016	+5.093	+5.016	+5.015	+5.133	+5.018	+5.018	+5.017	+5.015	+5.018	+5.018	+5.015	+5.015	+5.015	+5.114	+5.014	+5.014	+5.014	+5.014	+5.014	+5.015	+5.130	+5.158	+5.018	+5.156	+5.159	+5.187	+5.160	+5.019	+5.160	+5.161	+5.023	+5.160	+5.304	+5.031	+5.041	+5.083	+5.060	+5.038	+5.083	+5.150	+5.039	+4.988	+5.074	+5.042	+5.193	+5.277	+5.197	+5.446	+5.060	+5.018	+5.277	+5.280	+5.281	+5.091	+5.093	+5.057	+5.056	+5.057	+5.055	+5.055	+5.163	+5.860	+5.239	+5.860	+5.014	+5.852	+5.851	+5.026	+5.283	+5.019	+5.848	+5.040	+5.020	+5.019	+5.021	
rs7115063      +3.718	+1.422	+1.832	+1.795	+7.852	+1.974	+6.156	+6.231	+6.372	+6.208	+6.294	+1.855	+2.065	+2.519	+1.487	+4.015	+1.603	+4.829	+2.284	+4.834	+1.276	+4.959	+1.466	+4.845	+2.341	+1.253	+1.385	+1.257	+1.389	+1.336	+1.463	+1.456	+1.455	+1.544	+2.213	+2.177	+2.221	+2.285	+2.139	+1.375	+1.739	+1.487	+1.378	+1.392	+1.380	+1.491	+1.622	+1.543	+1.749	+1.261	+1.379	+1.399	+1.358	+1.305	+1.397	+1.301	+1.301	+1.301	+1.301	+1.397	+1.302	+1.299	+1.300	+1.298	+1.298	+1.298	+1.293	+1.421	+1.534	+1.470	+1.744	+1.315	+1.382	+1.302	+1.299	+1.301	+1.300	+1.399	+1.296	+1.318	+1.369	+1.364	+1.315	+1.313	+1.396	+1.321	+1.321	+1.321	+1.391	+1.310	+1.317	+1.400	+1.378	+1.436	+1.315	+1.322	+1.334	+1.324	+1.323	+1.323	+1.473	+1.323	+1.320	+1.353	+1.331	+1.331	+1.324	+1.316	+1.329	+1.330	+1.317	+1.316	+1.316	+1.322	+1.315	+1.315	+1.315	+1.314	+1.314	+1.316	+1.359	+1.434	+1.340	+1.435	+1.431	+1.427	+1.429	+1.343	+1.429	+1.425	+1.388	+1.429	+1.515	+1.375	+1.416	+1.479	+1.444	+1.313	+1.480	+1.372	+1.393	+1.250	+1.466	+1.249	+1.436	+1.493	+1.441	+1.745	+1.402	+1.333	+1.496	+1.499	+1.499	+1.436	+1.439	+1.378	+1.381	+1.400	+1.384	+1.385	+1.410	+1.807	+1.479	+1.807	+1.269	+1.801	+1.801	+1.279	+1.517	+1.283	+1.799	+1.290	+1.274	+1.284	+1.286	
rs73409210     +2.344	-0.213	+0.608	+0.411	+6.885	+0.610	+5.127	+5.208	+5.359	+5.185	+5.274	+2.065	+0.178	-0.054	-0.212	+0.264	-0.208	+3.681	+0.993	+3.683	-0.325	+3.801	-0.038	+3.668	+1.038	-0.337	-0.191	-0.334	-0.186	-0.210	-0.129	-0.138	-0.139	-0.086	+0.586	+0.550	+0.594	+0.653	+0.511	-0.236	+0.214	-0.104	-0.204	-0.179	-0.197	-0.100	-0.010	-0.009	+0.150	-0.344	-0.219	-0.177	-0.231	-0.297	-0.179	-0.300	-0.300	-0.300	-0.300	-0.178	-0.300	-0.303	-0.302	-0.303	-0.303	-0.304	-0.309	-0.140	-0.010	-0.083	+0.209	-0.275	-0.205	-0.308	-0.310	-0.308	-0.309	-0.206	-0.306	-0.281	-0.201	-0.207	-0.291	-0.286	-0.166	-0.286	-0.286	-0.285	-0.177	-0.296	-0.289	-0.166	-0.225	-0.162	-0.272	-0.264	-0.266	-0.277	-0.277	-0.277	-0.135	-0.278	-0.280	-0.253	-0.269	-0.269	-0.276	-0.284	-0.271	-0.270	-0.284	-0.285	-0.285	-0.264	-0.286	-0.286	-0.286	-0.287	-0.287	-0.284	-0.247	-0.165	-0.261	-0.163	-0.167	-0.183	-0.170	-0.259	-0.170	-0.174	-0.232	-0.170	-0.103	-0.227	-0.205	-0.128	-0.179	-0.296	-0.128	-0.234	-0.211	-0.350	-0.140	-0.356	-0.174	-0.124	-0.169	+0.109	-0.198	-0.270	-0.123	-0.121	-0.121	-0.188	-0.185	-0.229	-0.226	-0.208	-0.223	-0.222	-0.215	+0.226	-0.156	+0.226	-0.317	+0.221	+0.220	-0.305	-0.122	-0.306	+0.218	-0.292	-0.311	-0.306	-0.303	
rs2304731      +1.911	-0.934	+0.040	-0.049	+7.138	+0.184	+5.225	+5.316	+5.484	+5.292	+5.393	+2.519	-0.054	-0.650	-0.979	-0.988	-0.974	+3.422	+0.604	+3.422	-1.042	+3.536	-0.918	+3.386	+0.630	-1.048	-0.806	-1.047	-0.801	-0.813	-0.920	-0.928	-0.929	-0.898	-0.567	-0.596	-0.561	-0.520	-0.623	-1.023	-0.747	-0.895	-0.976	-0.945	-0.965	-0.892	-0.844	-0.922	-0.616	-1.132	-1.004	-0.946	-1.012	-1.058	-0.948	-1.061	-1.061	-1.061	-1.061	-0.947	-1.060	-1.064	-1.063	-1.065	-1.065	-1.065	-1.072	-0.871	-0.729	-0.810	-0.501	-1.063	-0.996	-1.097	-1.097	-1.097	-1.097	-1.009	-1.089	-1.061	-0.971	-0.978	-1.081	-1.066	-0.943	-1.076	-1.076	-1.076	-0.944	-1.085	-1.079	-0.933	-1.011	-0.949	-1.051	-1.042	-1.062	-1.072	-1.073	-1.073	-0.942	-1.073	-1.076	-1.046	-1.065	-1.064	-1.071	-1.079	-1.066	-1.065	-1.079	-1.080	-1.080	-1.043	-1.081	-1.081	-1.081	-1.081	-1.082	-1.080	-1.042	-0.952	-1.061	-0.950	-0.955	-0.973	-0.957	-1.059	-0.957	-0.962	-1.039	-0.958	-0.894	-1.031	-1.016	-0.944	-0.993	-1.092	-0.944	-1.028	-1.017	-1.142	-0.955	-1.141	-0.964	-0.921	-0.959	-0.694	-1.005	-1.065	-0.922	-0.921	-0.921	-0.988	-0.985	-1.039	-1.038	-1.023	-1.035	-1.035	-1.004	-0.529	-0.946	-0.529	-1.090	-0.535	-0.535	-1.077	-0.911	-1.084	-0.537	-1.062	-1.083	-1.083	-1.080	
rs72862716     +2.046	-0.755	+0.153	+0.115	+7.079	+0.355	+5.235	+5.321	+5.483	+5.298	+5.390	+1.487	-0.212	-0.979	-0.487	-0.953	-0.843	+3.760	+0.818	+3.759	-0.903	+3.872	-0.681	+3.714	+0.844	-0.906	-0.670	-0.905	-0.666	-0.674	-0.765	-0.774	-0.775	-0.744	-0.339	-0.367	-0.332	-0.288	-0.399	-0.868	-0.519	-0.741	-0.819	-0.787	-0.808	-0.737	-0.690	-0.715	-0.449	-0.978	-0.851	-0.788	-0.856	-0.911	-0.790	-0.914	-0.914	-0.914	-0.914	-0.789	-0.913	-0.917	-0.916	-0.917	-0.917	-0.918	-0.924	-0.718	-0.572	-0.657	-0.353	-0.913	-0.844	-0.946	-0.946	-0.946	-0.947	-0.858	-0.938	-0.909	-0.821	-0.827	-0.929	-0.915	-0.793	-0.925	-0.925	-0.925	-0.794	-0.933	-0.928	-0.783	-0.859	-0.797	-0.900	-0.891	-0.910	-0.920	-0.921	-0.921	-0.791	-0.921	-0.923	-0.895	-0.912	-0.912	-0.919	-0.927	-0.914	-0.913	-0.926	-0.927	-0.928	-0.892	-0.929	-0.929	-0.929	-0.929	-0.929	-0.927	-0.891	-0.800	-0.909	-0.797	-0.802	-0.819	-0.805	-0.907	-0.805	-0.809	-0.886	-0.805	-0.739	-0.880	-0.863	-0.791	-0.839	-0.941	-0.791	-0.877	-0.865	-0.991	-0.807	-0.989	-0.807	-0.767	-0.801	-0.527	-0.854	-0.915	-0.769	-0.768	-0.768	-0.834	-0.832	-0.890	-0.888	-0.874	-0.886	-0.885	-0.851	-0.382	-0.792	-0.382	-0.939	-0.387	-0.387	-0.926	-0.758	-0.931	-0.390	-0.911	-0.932	-0.931	-0.928	
rs2304733      +1.902	-0.923	+0.074	-0.056	+7.192	+0.174	+5.258	+5.349	+5.517	+5.325	+5.425	+4.015	+0.264	-0.988	-0.953	-0.655	-0.957	+3.410	+0.604	+3.410	-1.040	+3.524	-0.921	+3.377	+0.630	-1.048	-0.806	-1.047	-0.802	-0.806	-0.925	-0.933	-0.934	-0.904	-0.578	-0.607	-0.572	-0.531	-0.633	-1.028	-0.753	-0.900	-0.980	-0.948	-0.969	-0.897	-0.851	-0.927	-0.624	-1.137	-1.008	-0.949	-1.017	-1.062	-0.952	-1.066	-1.066	-1.066	-1.066	-0.951	-1.065	-1.069	-1.068	-1.069	-1.069	-1.070	-1.077	-0.871	-0.729	-0.810	-0.500	-1.069	-1.002	-1.103	-1.103	-1.103	-1.103	-1.017	-1.094	-1.064	-0.974	-0.981	-1.087	-1.070	-0.949	-1.083	-1.083	-1.083	-0.947	-1.091	-1.085	-0.936	-1.016	-0.959	-1.055	-1.046	-1.068	-1.078	-1.078	-1.079	-0.948	-1.079	-1.081	-1.053	-1.070	-1.070	-1.077	-1.085	-1.072	-1.071	-1.084	-1.085	-1.085	-1.047	-1.086	-1.087	-1.087	-1.087	-1.087	-1.085	-1.049	-0.961	-1.067	-0.959	-0.964	-0.979	-0.966	-1.065	-0.966	-0.970	-1.046	-0.967	-0.899	-1.037	-1.024	-0.951	-1.000	-1.099	-0.951	-1.035	-1.023	-1.148	-0.963	-1.147	-0.969	-0.927	-0.964	-0.700	-1.011	-1.071	-0.928	-0.927	-0.927	-0.994	-0.991	-1.048	-1.047	-1.033	-1.045	-1.044	-1.009	-0.530	-0.950	-0.530	-1.096	-0.536	-0.536	-1.083	-0.916	-1.089	-0.538	-1.067	-1.088	-1.089	-1.086	
rs2304734      +2.040	-0.808	+0.124	+0.193	+7.112	+0.445	+5.260	+5.348	+5.512	+5.325	+5.430	+1.603	-0.208	-0.974	-0.843	-0.957	-0.515	+3.640	+0.675	+3.639	-0.916	+3.747	-0.803	+3.591	+0.704	-0.912	-0.662	-0.911	-0.658	-0.699	-0.791	-0.800	-0.801	-0.769	-0.477	-0.505	-0.471	-0.431	-0.530	-0.897	-0.633	-0.766	-0.847	-0.816	-0.837	-0.763	-0.710	-0.804	-0.476	-1.001	-0.874	-0.811	-0.880	-0.912	-0.814	-0.916	-0.916	-0.916	-0.916	-0.813	-0.915	-0.919	-0.918	-0.920	-0.920	-0.921	-0.928	-0.750	-0.609	-0.689	-0.382	-0.934	-0.866	-0.973	-0.973	-0.972	-0.973	-0.884	-0.965	-0.936	-0.843	-0.849	-0.955	-0.941	-0.814	-0.951	-0.951	-0.951	-0.815	-0.959	-0.954	-0.804	-0.884	-0.826	-0.922	-0.914	-0.934	-0.944	-0.944	-0.945	-0.814	-0.945	-0.947	-0.921	-0.936	-0.936	-0.943	-0.951	-0.938	-0.937	-0.950	-0.952	-0.952	-0.915	-0.953	-0.953	-0.953	-0.953	-0.954	-0.951	-0.917	-0.829	-0.933	-0.826	-0.831	-0.846	-0.833	-0.931	-0.834	-0.838	-0.913	-0.834	-0.767	-0.903	-0.890	-0.816	-0.866	-0.967	-0.816	-0.904	-0.888	-1.016	-0.824	-1.016	-0.838	-0.793	-0.833	-0.569	-0.875	-0.934	-0.794	-0.793	-0.793	-0.858	-0.856	-0.915	-0.913	-0.898	-0.910	-0.910	-0.876	-0.397	-0.816	-0.397	-0.964	-0.403	-0.403	-0.951	-0.782	-0.959	-0.405	-0.936	-0.957	-0.959	-0.956	
rs72862724     +6.441	+3.700	+4.553	+4.623	+9.570	+4.860	+7.996	+8.066	+8.198	+8.046	+8.134	+4.829	+3.681	+3.422	+3.760	+3.410	+3.640	+4.282	+3.794	+4.330	+3.581	+4.384	+3.454	+4.288	+3.748	+3.618	+3.469	+3.620	+3.472	+3.422	+3.829	+3.811	+3.809	+3.764	+3.584	+3.559	+3.581	+3.613	+3.556	+3.598	+3.591	+3.879	+3.779	+3.832	+3.791	+3.885	+3.952	+3.485	+3.751	+3.440	+3.577	+3.509	+3.486	+3.455	+3.508	+3.452	+3.452	+3.452	+3.452	+3.508	+3.452	+3.449	+3.450	+3.448	+3.448	+3.448	+3.442	+3.635	+3.773	+3.698	+4.441	+3.504	+3.584	+3.447	+3.453	+3.448	+3.449	+3.523	+3.482	+3.534	+3.722	+3.711	+3.460	+3.525	+3.633	+3.457	+3.457	+3.457	+3.761	+3.465	+3.457	+3.778	+3.542	+3.571	+3.597	+3.612	+3.513	+3.499	+3.498	+3.498	+3.706	+3.497	+3.494	+3.496	+3.511	+3.511	+3.500	+3.488	+3.506	+3.507	+3.487	+3.487	+3.487	+3.610	+3.485	+3.485	+3.485	+3.484	+3.484	+3.488	+3.500	+3.574	+3.512	+3.573	+3.573	+3.603	+3.571	+3.515	+3.571	+3.568	+3.522	+3.571	+3.703	+3.555	+3.551	+3.668	+3.581	+3.438	+3.668	+3.517	+3.577	+3.383	+3.683	+3.385	+3.592	+3.691	+3.594	+3.879	+3.602	+3.527	+3.696	+3.701	+3.702	+3.673	+3.677	+3.508	+3.510	+3.528	+3.513	+3.514	+3.641	+4.372	+3.734	+4.372	+3.409	+4.363	+4.363	+3.419	+3.787	+3.405	+4.359	+3.432	+3.415	+3.405	+3.406	
rs11022532     +3.550	+0.805	+1.648	+1.857	+7.646	+2.070	+5.949	+6.026	+6.173	+6.005	+6.091	+2.284	+0.993	+0.604	+0.818	+0.604	+0.675	+3.794	+1.202	+3.795	+0.650	+3.931	+0.652	+3.738	+1.172	+0.663	+0.615	+0.664	+0.621	+0.625	+0.914	+0.900	+0.898	+0.865	+1.278	+1.236	+1.279	+1.332	+1.218	+0.724	+0.835	+0.954	+0.683	+0.691	+0.682	+0.960	+1.003	+0.696	+1.052	+0.587	+0.705	+0.668	+0.667	+0.581	+0.668	+0.579	+0.579	+0.579	+0.579	+0.668	+0.579	+0.578	+0.578	+0.578	+0.578	+0.578	+0.576	+0.801	+0.932	+0.862	+1.284	+0.655	+0.724	+0.608	+0.608	+0.608	+0.608	+0.707	+0.616	+0.646	+0.750	+0.743	+0.626	+0.640	+0.769	+0.631	+0.631	+0.632	+0.774	+0.622	+0.628	+0.786	+0.698	+0.767	+0.664	+0.673	+0.664	+0.652	+0.652	+0.651	+0.840	+0.651	+0.648	+0.665	+0.662	+0.662	+0.654	+0.643	+0.659	+0.661	+0.643	+0.643	+0.643	+0.672	+0.641	+0.641	+0.641	+0.641	+0.640	+0.643	+0.671	+0.765	+0.676	+0.765	+0.762	+0.744	+0.760	+0.679	+0.760	+0.755	+0.686	+0.759	+0.833	+0.714	+0.713	+0.815	+0.740	+0.622	+0.815	+0.686	+0.733	+0.573	+0.826	+0.561	+0.744	+0.818	+0.747	+0.985	+0.753	+0.685	+0.821	+0.825	+0.825	+0.761	+0.764	+0.698	+0.700	+0.721	+0.704	+0.705	+0.718	+1.350	+0.785	+1.350	+0.599	+1.343	+1.343	+0.611	+0.823	+0.600	+1.339	+0.625	+0.606	+0.601	+0.603	
rs72862725     +6.445	+3.700	+4.555	+4.623	+9.580	+4.860	+8.005	+8.075	+8.207	+8.055	+8.143	+4.834	+3.683	+3.422	+3.759	+3.410	+3.639	+4.330	+3.795	+4.282	+3.582	+4.386	+3.455	+4.289	+3.752	+3.620	+3.470	+3.622	+3.473	+3.423	+3.830	+3.813	+3.811	+3.764	+3.584	+3.560	+3.582	+3.613	+3.557	+3.599	+3.591	+3.880	+3.780	+3.833	+3.792	+3.886	+3.953	+3.485	+3.751	+3.441	+3.577	+3.509	+3.487	+3.455	+3.508	+3.452	+3.452	+3.452	+3.452	+3.509	+3.452	+3.450	+3.450	+3.449	+3.449	+3.448	+3.442	+3.636	+3.773	+3.699	+4.444	+3.504	+3.584	+3.447	+3.453	+3.449	+3.450	+3.524	+3.482	+3.535	+3.723	+3.712	+3.461	+3.525	+3.633	+3.458	+3.458	+3.458	+3.762	+3.465	+3.458	+3.779	+3.542	+3.572	+3.598	+3.613	+3.514	+3.499	+3.499	+3.499	+3.707	+3.498	+3.495	+3.497	+3.511	+3.511	+3.501	+3.488	+3.506	+3.508	+3.487	+3.488	+3.488	+3.611	+3.486	+3.486	+3.486	+3.485	+3.485	+3.488	+3.501	+3.575	+3.513	+3.573	+3.573	+3.604	+3.572	+3.516	+3.572	+3.569	+3.523	+3.571	+3.703	+3.556	+3.552	+3.669	+3.582	+3.438	+3.669	+3.517	+3.577	+3.384	+3.684	+3.386	+3.593	+3.691	+3.595	+3.879	+3.603	+3.527	+3.696	+3.701	+3.702	+3.674	+3.677	+3.509	+3.511	+3.528	+3.513	+3.514	+3.642	+4.373	+3.734	+4.373	+3.410	+4.364	+4.364	+3.420	+3.788	+3.405	+4.360	+3.433	+3.415	+3.406	+3.407	
rs11022533     +1.820	-0.870	+0.086	-0.007	+6.617	+0.222	+4.835	+4.919	+5.079	+4.898	+4.991	+1.276	-0.325	-1.042	-0.903	-1.040	-0.916	+3.581	+0.650	+3.582	-0.552	+3.708	-0.464	+3.549	+0.682	-0.822	-0.595	-0.820	-0.589	-0.736	-0.812	-0.821	-0.822	-0.792	+0.008	-0.044	+0.013	+0.076	-0.079	-0.931	-0.489	-0.786	-0.887	-0.858	-0.878	-0.781	-0.710	-0.706	-0.545	-1.035	-0.912	-0.858	-0.921	-0.981	-0.860	-0.984	-0.984	-0.984	-0.984	-0.859	-0.983	-0.986	-0.985	-0.987	-0.987	-0.988	-0.993	-0.791	-0.651	-0.731	-0.411	-0.965	-0.895	-1.005	-1.005	-1.005	-1.005	-0.915	-0.998	-0.969	-0.875	-0.882	-0.988	-0.974	-0.846	-0.983	-0.983	-0.983	-0.848	-0.992	-0.986	-0.837	-0.918	-0.862	-0.953	-0.944	-0.964	-0.974	-0.975	-0.975	-0.836	-0.976	-0.978	-0.954	-0.967	-0.967	-0.973	-0.982	-0.968	-0.967	-0.981	-0.982	-0.983	-0.945	-0.984	-0.984	-0.984	-0.984	-0.984	-0.982	-0.949	-0.864	-0.962	-0.862	-0.867	-0.880	-0.869	-0.959	-0.869	-0.873	-0.941	-0.869	-0.801	-0.930	-0.918	-0.838	-0.894	-0.997	-0.838	-0.936	-0.915	-1.046	-0.853	-1.049	-0.872	-0.825	-0.867	-0.611	-0.903	-0.969	-0.825	-0.823	-0.823	-0.885	-0.882	-0.941	-0.939	-0.923	-0.936	-0.935	-0.911	-0.451	-0.854	-0.451	-1.006	-0.457	-0.457	-0.993	-0.820	-0.996	-0.459	-0.979	-0.999	-0.995	-0.992	
rs7481217      +6.573	+3.812	+4.678	+4.735	+9.715	+4.973	+8.141	+8.210	+8.343	+8.191	+8.278	+4.959	+3.801	+3.536	+3.872	+3.524	+3.747	+4.384	+3.931	+4.386	+3.708	+4.397	+3.569	+4.363	+3.902	+3.754	+3.595	+3.756	+3.598	+3.539	+3.950	+3.933	+3.931	+3.881	+3.696	+3.671	+3.693	+3.725	+3.669	+3.716	+3.703	+4.001	+3.901	+3.955	+3.913	+4.007	+4.074	+3.600	+3.864	+3.555	+3.692	+3.623	+3.602	+3.567	+3.623	+3.565	+3.565	+3.565	+3.565	+3.623	+3.565	+3.562	+3.563	+3.562	+3.562	+3.561	+3.555	+3.750	+3.887	+3.813	+4.571	+3.621	+3.700	+3.563	+3.569	+3.565	+3.565	+3.639	+3.598	+3.651	+3.841	+3.830	+3.576	+3.641	+3.751	+3.573	+3.573	+3.573	+3.882	+3.581	+3.573	+3.898	+3.657	+3.687	+3.715	+3.730	+3.631	+3.617	+3.616	+3.616	+3.826	+3.615	+3.612	+3.612	+3.629	+3.629	+3.618	+3.605	+3.623	+3.625	+3.604	+3.605	+3.604	+3.728	+3.603	+3.603	+3.602	+3.602	+3.602	+3.605	+3.616	+3.690	+3.630	+3.688	+3.688	+3.720	+3.687	+3.633	+3.687	+3.683	+3.640	+3.686	+3.818	+3.673	+3.670	+3.786	+3.700	+3.554	+3.786	+3.632	+3.694	+3.499	+3.803	+3.501	+3.708	+3.807	+3.710	+3.995	+3.720	+3.644	+3.811	+3.816	+3.817	+3.790	+3.794	+3.624	+3.626	+3.643	+3.629	+3.629	+3.762	+4.495	+3.855	+4.495	+3.525	+4.486	+4.486	+3.535	+3.909	+3.520	+4.482	+3.548	+3.530	+3.520	+3.522	
rs4757064      +2.099	-0.655	+0.216	+0.370	+6.959	+0.618	+5.180	+5.265	+5.426	+5.245	+5.342	+1.466	-0.038	-0.918	-0.681	-0.921	-0.803	+3.454	+0.652	+3.455	-0.464	+3.569	-0.414	+3.424	+0.681	-0.416	+0.339	-0.418	+0.350	-0.055	-0.715	-0.722	-0.723	-0.676	-0.488	-0.514	-0.483	-0.446	-0.537	-0.797	-0.615	-0.694	-0.774	-0.751	-0.768	-0.691	-0.635	-0.750	-0.376	-0.899	-0.788	-0.748	-0.805	-0.803	-0.749	-0.807	-0.806	-0.807	-0.807	-0.748	-0.805	-0.810	-0.809	-0.811	-0.811	-0.812	-0.819	-0.636	-0.497	-0.574	-0.238	-0.827	-0.761	-0.876	-0.876	-0.876	-0.876	-0.789	-0.869	-0.842	-0.738	-0.745	-0.857	-0.847	-0.699	-0.852	-0.852	-0.852	-0.711	-0.861	-0.855	-0.699	-0.787	-0.721	-0.825	-0.817	-0.831	-0.841	-0.842	-0.842	-0.700	-0.843	-0.845	-0.825	-0.833	-0.833	-0.841	-0.849	-0.834	-0.833	-0.848	-0.849	-0.850	-0.818	-0.851	-0.851	-0.851	-0.851	-0.852	-0.849	-0.820	-0.723	-0.829	-0.721	-0.726	-0.749	-0.728	-0.827	-0.729	-0.733	-0.806	-0.729	-0.667	-0.798	-0.782	-0.712	-0.758	-0.870	-0.712	-0.806	-0.784	-0.919	-0.715	-0.920	-0.742	-0.696	-0.737	-0.473	-0.770	-0.825	-0.698	-0.697	-0.697	-0.758	-0.755	-0.821	-0.820	-0.806	-0.818	-0.817	-0.768	-0.256	-0.703	-0.256	-0.859	-0.262	-0.262	-0.845	-0.666	-0.861	-0.265	-0.828	-0.851	-0.861	-0.858	
rs16911710     +6.467	+3.659	+4.543	+4.591	+9.657	+4.832	+8.074	+8.145	+8.277	+8.125	+8.211	+4.845	+3.668	+3.386	+3.714	+3.377	+3.591	+4.288	+3.738	+4.289	+3.549	+4.363	+3.424	+4.243	+3.725	+3.598	+3.443	+3.600	+3.446	+3.392	+3.801	+3.783	+3.781	+3.730	+3.550	+3.530	+3.553	+3.579	+3.523	+3.567	+3.561	+3.852	+3.751	+3.805	+3.763	+3.858	+3.923	+3.454	+3.717	+3.409	+3.547	+3.477	+3.454	+3.422	+3.476	+3.418	+3.418	+3.418	+3.418	+3.476	+3.419	+3.416	+3.416	+3.415	+3.415	+3.414	+3.408	+3.605	+3.741	+3.667	+4.417	+3.476	+3.554	+3.414	+3.420	+3.416	+3.417	+3.491	+3.448	+3.499	+3.693	+3.682	+3.427	+3.490	+3.608	+3.425	+3.425	+3.425	+3.731	+3.431	+3.425	+3.747	+3.510	+3.539	+3.566	+3.580	+3.483	+3.469	+3.468	+3.468	+3.679	+3.468	+3.464	+3.464	+3.481	+3.481	+3.471	+3.458	+3.477	+3.478	+3.457	+3.458	+3.458	+3.578	+3.456	+3.456	+3.456	+3.455	+3.455	+3.458	+3.468	+3.542	+3.483	+3.540	+3.540	+3.572	+3.539	+3.486	+3.539	+3.536	+3.493	+3.539	+3.670	+3.526	+3.522	+3.637	+3.552	+3.406	+3.637	+3.485	+3.547	+3.351	+3.656	+3.353	+3.560	+3.657	+3.562	+3.847	+3.574	+3.498	+3.661	+3.667	+3.667	+3.645	+3.649	+3.476	+3.478	+3.496	+3.481	+3.482	+3.614	+4.346	+3.706	+4.346	+3.377	+4.337	+4.337	+3.388	+3.758	+3.373	+4.333	+3.400	+3.383	+3.373	+3.374	
rs10831916     +3.601	+0.833	+1.687	+1.883	+7.724	+2.099	+6.024	+6.101	+6.249	+6.080	+6.166	+2.341	+1.038	+0.630	+0.844	+0.630	+0.704	+3.748	+1.172	+3.752	+0.682	+3.902	+0.681	+3.725	+1.227	+0.706	+0.647	+0.706	+0.653	+0.652	+0.950	+0.936	+0.934	+0.895	+1.320	+1.276	+1.319	+1.374	+1.259	+0.757	+0.862	+0.991	+0.713	+0.719	+0.711	+0.997	+1.038	+0.725	+1.081	+0.618	+0.737	+0.698	+0.699	+0.610	+0.698	+0.608	+0.608	+0.608	+0.608	+0.697	+0.608	+0.607	+0.608	+0.607	+0.607	+0.607	+0.605	+0.830	+0.960	+0.890	+1.313	+0.686	+0.755	+0.638	+0.638	+0.638	+0.638	+0.738	+0.645	+0.675	+0.780	+0.773	+0.656	+0.669	+0.801	+0.662	+0.662	+0.662	+0.803	+0.652	+0.658	+0.815	+0.728	+0.798	+0.693	+0.703	+0.695	+0.683	+0.682	+0.682	+0.871	+0.682	+0.679	+0.696	+0.693	+0.693	+0.684	+0.674	+0.690	+0.691	+0.674	+0.674	+0.673	+0.702	+0.672	+0.672	+0.672	+0.671	+0.671	+0.674	+0.701	+0.796	+0.706	+0.796	+0.793	+0.773	+0.791	+0.710	+0.790	+0.785	+0.717	+0.790	+0.863	+0.745	+0.743	+0.845	+0.770	+0.653	+0.845	+0.717	+0.764	+0.604	+0.857	+0.591	+0.774	+0.848	+0.776	+1.013	+0.783	+0.715	+0.851	+0.854	+0.855	+0.792	+0.795	+0.729	+0.732	+0.752	+0.736	+0.736	+0.747	+1.382	+0.813	+1.382	+0.630	+1.374	+1.374	+0.643	+0.851	+0.631	+1.371	+0.657	+0.637	+0.632	+0.634	
rs4757963      +1.812	-0.873	+0.091	-0.005	+6.605	+0.219	+4.823	+4.907	+5.067	+4.886	+4.980	+1.253	-0.337	-1.048	-0.906	-1.048	-0.912	+3.618	+0.663	+3.620	-0.822	+3.754	-0.416	+3.598	+0.706	-0.555	-0.493	-0.709	-0.483	-0.718	-0.774	-0.785	-0.786	-0.796	-0.120	-0.165	-0.113	-0.057	-0.195	-0.930	-0.464	-0.743	-0.872	-0.839	-0.861	-0.738	-0.715	-0.703	-0.551	-1.036	-0.916	-0.864	-0.927	-0.987	-0.867	-0.990	-0.990	-0.990	-0.990	-0.866	-0.989	-0.992	-0.991	-0.993	-0.993	-0.993	-0.998	-0.793	-0.652	-0.733	-0.423	-0.975	-0.908	-1.009	-1.008	-1.008	-1.009	-0.920	-1.000	-0.970	-0.883	-0.889	-0.992	-0.975	-0.859	-0.988	-0.988	-0.987	-0.856	-0.995	-0.990	-0.845	-0.921	-0.866	-0.960	-0.951	-0.973	-0.983	-0.984	-0.984	-0.851	-0.984	-0.986	-0.958	-0.976	-0.976	-0.982	-0.990	-0.977	-0.976	-0.989	-0.990	-0.991	-0.952	-0.992	-0.992	-0.992	-0.992	-0.992	-0.990	-0.953	-0.869	-0.971	-0.866	-0.871	-0.883	-0.873	-0.969	-0.873	-0.877	-0.951	-0.874	-0.804	-0.942	-0.928	-0.853	-0.904	-1.002	-0.853	-0.940	-0.927	-1.051	-0.867	-1.052	-0.874	-0.829	-0.870	-0.613	-0.915	-0.977	-0.829	-0.827	-0.827	-0.895	-0.893	-0.946	-0.944	-0.929	-0.942	-0.941	-0.917	-0.449	-0.860	-0.449	-1.006	-0.455	-0.455	-0.994	-0.826	-0.997	-0.457	-0.979	-0.999	-0.997	-0.994	
rs3937603      +2.006	-0.644	+0.347	+0.176	+6.668	+0.392	+4.900	+4.982	+5.139	+4.960	+5.052	+1.385	-0.191	-0.806	-0.670	-0.806	-0.662	+3.469	+0.615	+3.470	-0.595	+3.595	+0.339	+3.443	+0.647	-0.493	-0.299	-0.482	-0.433	-0.605	-0.499	-0.511	-0.513	-0.542	+0.328	+0.276	+0.336	+0.398	+0.245	-0.685	-0.050	-0.464	-0.628	-0.595	-0.617	-0.459	-0.447	-0.337	-0.327	-0.784	-0.675	-0.631	-0.688	-0.764	-0.633	-0.767	-0.767	-0.767	-0.767	-0.632	-0.766	-0.769	-0.768	-0.769	-0.769	-0.769	-0.773	-0.560	-0.419	-0.501	-0.188	-0.738	-0.671	-0.764	-0.763	-0.763	-0.764	-0.676	-0.752	-0.719	-0.640	-0.647	-0.748	-0.725	-0.627	-0.744	-0.744	-0.744	-0.614	-0.750	-0.746	-0.603	-0.677	-0.627	-0.714	-0.705	-0.730	-0.740	-0.741	-0.741	-0.609	-0.741	-0.743	-0.713	-0.733	-0.733	-0.739	-0.747	-0.734	-0.734	-0.746	-0.747	-0.747	-0.706	-0.748	-0.748	-0.749	-0.749	-0.749	-0.747	-0.708	-0.628	-0.727	-0.627	-0.631	-0.637	-0.633	-0.725	-0.633	-0.637	-0.713	-0.633	-0.559	-0.698	-0.691	-0.608	-0.668	-0.758	-0.608	-0.695	-0.683	-0.806	-0.622	-0.808	-0.629	-0.581	-0.624	-0.372	-0.670	-0.735	-0.581	-0.579	-0.578	-0.650	-0.648	-0.699	-0.697	-0.681	-0.694	-0.694	-0.677	-0.203	-0.622	-0.203	-0.769	-0.209	-0.209	-0.757	-0.589	-0.756	-0.211	-0.743	-0.762	-0.756	-0.753	
rs11022534     +1.813	-0.872	+0.091	-0.003	+6.609	+0.222	+4.827	+4.911	+5.071	+4.890	+4.984	+1.257	-0.334	-1.047	-0.905	-1.047	-0.911	+3.620	+0.664	+3.622	-0.820	+3.756	-0.418	+3.600	+0.706	-0.709	-0.482	-0.554	-0.469	-0.711	-0.775	-0.785	-0.786	-0.795	-0.115	-0.160	-0.108	-0.051	-0.190	-0.929	-0.463	-0.743	-0.872	-0.839	-0.861	-0.739	-0.714	-0.702	-0.550	-1.035	-0.915	-0.863	-0.925	-0.985	-0.865	-0.988	-0.988	-0.988	-0.988	-0.865	-0.987	-0.991	-0.990	-0.991	-0.991	-0.992	-0.997	-0.792	-0.651	-0.732	-0.422	-0.974	-0.906	-1.007	-1.007	-1.007	-1.008	-0.919	-0.999	-0.969	-0.882	-0.888	-0.991	-0.974	-0.858	-0.987	-0.986	-0.986	-0.855	-0.994	-0.989	-0.844	-0.920	-0.865	-0.959	-0.950	-0.972	-0.982	-0.983	-0.983	-0.850	-0.983	-0.985	-0.956	-0.975	-0.974	-0.981	-0.989	-0.976	-0.975	-0.988	-0.989	-0.989	-0.951	-0.990	-0.991	-0.991	-0.991	-0.991	-0.989	-0.952	-0.867	-0.970	-0.865	-0.870	-0.882	-0.872	-0.968	-0.872	-0.876	-0.950	-0.873	-0.803	-0.940	-0.927	-0.852	-0.903	-1.001	-0.852	-0.939	-0.926	-1.050	-0.866	-1.051	-0.873	-0.828	-0.869	-0.612	-0.913	-0.976	-0.828	-0.826	-0.826	-0.895	-0.892	-0.945	-0.943	-0.928	-0.941	-0.940	-0.915	-0.448	-0.858	-0.448	-1.005	-0.454	-0.454	-0.993	-0.825	-0.996	-0.456	-0.978	-0.998	-0.996	-0.993	
rs4757964      +2.012	-0.640	+0.352	+0.179	+6.676	+0.395	+4.908	+4.990	+5.147	+4.968	+5.059	+1.389	-0.186	-0.801	-0.666	-0.802	-0.658	+3.472	+0.621	+3.473	-0.589	+3.598	+0.350	+3.446	+0.653	-0.483	-0.433	-0.469	-0.294	-0.599	-0.492	-0.504	-0.506	-0.538	+0.357	+0.304	+0.365	+0.429	+0.272	-0.681	-0.028	-0.457	-0.623	-0.590	-0.612	-0.452	-0.441	-0.317	-0.323	-0.778	-0.671	-0.627	-0.684	-0.761	-0.630	-0.764	-0.764	-0.764	-0.764	-0.629	-0.763	-0.765	-0.765	-0.766	-0.766	-0.766	-0.770	-0.555	-0.414	-0.496	-0.184	-0.734	-0.667	-0.759	-0.759	-0.759	-0.759	-0.672	-0.747	-0.714	-0.636	-0.642	-0.743	-0.720	-0.623	-0.740	-0.740	-0.740	-0.610	-0.746	-0.742	-0.598	-0.673	-0.622	-0.709	-0.700	-0.727	-0.736	-0.737	-0.737	-0.605	-0.737	-0.739	-0.708	-0.729	-0.729	-0.735	-0.743	-0.730	-0.730	-0.742	-0.743	-0.743	-0.701	-0.744	-0.744	-0.745	-0.745	-0.745	-0.743	-0.704	-0.624	-0.724	-0.623	-0.627	-0.633	-0.628	-0.721	-0.629	-0.633	-0.709	-0.629	-0.555	-0.694	-0.687	-0.604	-0.664	-0.754	-0.604	-0.691	-0.679	-0.802	-0.619	-0.804	-0.625	-0.577	-0.620	-0.368	-0.666	-0.731	-0.576	-0.574	-0.574	-0.646	-0.644	-0.695	-0.693	-0.676	-0.690	-0.689	-0.673	-0.199	-0.619	-0.199	-0.764	-0.205	-0.205	-0.753	-0.586	-0.752	-0.207	-0.739	-0.758	-0.752	-0.749	
rs7103221      +1.961	-0.643	+0.285	+0.169	+6.662	+0.387	+4.890	+4.973	+5.130	+4.951	+5.042	+1.336	-0.210	-0.813	-0.674	-0.806	-0.699	+3.422	+0.625	+3.423	-0.736	+3.539	-0.055	+3.392	+0.652	-0.718	-0.605	-0.711	-0.599	-0.306	-0.582	-0.590	-0.592	-0.571	+0.177	+0.130	+0.186	+0.241	+0.101	-0.697	-0.062	-0.556	-0.667	-0.642	-0.659	-0.552	-0.538	-0.364	-0.318	-0.796	-0.682	-0.633	-0.697	-0.766	-0.635	-0.769	-0.769	-0.769	-0.769	-0.634	-0.768	-0.771	-0.770	-0.771	-0.771	-0.772	-0.776	-0.565	-0.426	-0.507	-0.200	-0.758	-0.698	-0.769	-0.767	-0.769	-0.769	-0.696	-0.749	-0.710	-0.646	-0.652	-0.755	-0.717	-0.656	-0.753	-0.753	-0.753	-0.619	-0.756	-0.755	-0.608	-0.687	-0.642	-0.717	-0.708	-0.744	-0.753	-0.754	-0.754	-0.629	-0.754	-0.756	-0.722	-0.746	-0.746	-0.752	-0.759	-0.748	-0.747	-0.759	-0.760	-0.760	-0.709	-0.761	-0.761	-0.761	-0.761	-0.761	-0.759	-0.718	-0.643	-0.742	-0.642	-0.645	-0.645	-0.647	-0.740	-0.647	-0.651	-0.737	-0.648	-0.567	-0.714	-0.716	-0.628	-0.695	-0.769	-0.628	-0.705	-0.699	-0.816	-0.646	-0.814	-0.635	-0.590	-0.630	-0.366	-0.692	-0.758	-0.589	-0.588	-0.587	-0.671	-0.668	-0.722	-0.720	-0.707	-0.718	-0.718	-0.685	-0.199	-0.630	-0.199	-0.774	-0.204	-0.205	-0.762	-0.598	-0.754	-0.207	-0.748	-0.767	-0.754	-0.751	
rs16911732     +1.979	-0.727	+0.225	+0.167	+6.843	+0.400	+5.058	+5.143	+5.303	+5.121	+5.213	+1.463	-0.129	-0.920	-0.765	-0.925	-0.791	+3.829	+0.914	+3.830	-0.812	+3.950	-0.715	+3.801	+0.950	-0.774	-0.499	-0.775	-0.492	-0.582	-0.412	-0.529	-0.529	-0.621	-0.373	-0.401	-0.367	-0.327	-0.427	-0.727	-0.556	-0.512	-0.708	-0.685	-0.700	-0.510	-0.598	-0.718	-0.400	-0.908	-0.777	-0.718	-0.793	-0.822	-0.720	-0.826	-0.826	-0.826	-0.826	-0.719	-0.825	-0.829	-0.828	-0.830	-0.830	-0.831	-0.838	-0.637	-0.482	-0.575	-0.244	-0.838	-0.766	-0.879	-0.879	-0.879	-0.879	-0.793	-0.869	-0.838	-0.737	-0.744	-0.862	-0.844	-0.715	-0.858	-0.858	-0.858	-0.709	-0.866	-0.861	-0.698	-0.790	-0.726	-0.820	-0.811	-0.837	-0.847	-0.848	-0.848	-0.709	-0.849	-0.851	-0.828	-0.839	-0.839	-0.846	-0.855	-0.841	-0.840	-0.854	-0.855	-0.856	-0.812	-0.857	-0.857	-0.857	-0.857	-0.857	-0.855	-0.824	-0.729	-0.836	-0.726	-0.731	-0.752	-0.734	-0.834	-0.734	-0.738	-0.817	-0.734	-0.670	-0.805	-0.794	-0.711	-0.770	-0.874	-0.711	-0.811	-0.790	-0.922	-0.728	-0.922	-0.741	-0.698	-0.735	-0.460	-0.774	-0.842	-0.700	-0.698	-0.698	-0.760	-0.757	-0.825	-0.823	-0.809	-0.821	-0.820	-0.778	-0.310	-0.717	-0.310	-0.874	-0.315	-0.316	-0.861	-0.682	-0.862	-0.318	-0.846	-0.866	-0.861	-0.858	
