## Summary of overall evidence for association with region:
## log10(BF for region) = 50.2672
## p-value for region = NA

## BFs for choosing among multi-SNP models:
## log10(average 1-SNP BF) = 39.2524
## log10(average 2-SNP BF) = 50.7443

## Example posterior probabilities for multi-SNP models, based on default prior: [p(l) propto 0.5^l for l=1,2,...,L]
## posterior probability of 1-SNP = 6.44305e-12
## posterior probability of 2-SNP = 1

## log10(BF) for single SNP and pair of SNPs:
rs12541175     -0.429	-0.267	-0.453	-0.480	+31.811	+3.979	+37.379	+37.381	+37.388	+37.381	+37.068	+37.286	+37.105	+37.194	+37.302	+37.306	+37.306	+37.310	+37.312	+37.245	+37.320	+37.211	+37.215	+37.236	+37.252	+37.259	+37.267	+37.189	+37.321	+37.355	+36.087	+37.446	+37.479	+37.535	+36.844	+36.873	+37.769	+37.650	+37.650	+36.904	+36.909	+36.916	+37.671	+37.707	+37.716	+37.723	+36.959	+36.935	+35.902	+35.899	+29.401	+40.408	+37.849	+37.833	+37.819	+37.806	+38.395	+37.795	+37.789	+37.146	+37.770	+37.099	+37.248	+37.242	+36.792	+36.930	+37.322	+37.287	+37.284	+36.707	+20.088	+35.302	+36.893	+35.962	+36.511	+31.996	+35.396	+8.867	+35.857	+21.692	+35.425	+35.504	+31.282	+30.952	+6.054	+30.198	+30.736	+30.273	-0.112	+30.265	+28.887	+10.959	+30.035	+29.635	-0.257	+0.184	+11.617	+15.502	+12.521	+3.093	+1.893	+7.739	+14.967	+0.190	+0.159	+14.826	+1.887	+14.637	+7.344	+7.106	+14.082	-0.256	-0.343	-0.476	-0.112	+0.058	+0.300	+1.386	+1.388	+1.780	+1.779	+1.774	+1.822	+4.600	+1.374	+1.828	-0.493	-0.317	+1.325	+15.204	+2.852	+11.744	+15.197	+13.452	+9.516	+12.759	+6.334	+15.664	+14.099	+15.040	+12.806	+13.291	+14.613	+14.977	+14.922	+12.047	+10.750	+12.865	+6.656	+7.137	+15.837	+14.923	+7.554	+18.054	+18.314	+18.708	+17.209	+4.840	+19.223	+17.560	+8.554	+18.523	+18.377	+18.039	+2.896	+14.181	+18.097	+18.573	+18.395	+18.472	
rs7814866      -0.267	+0.153	-0.118	-0.141	+32.064	+7.033	+37.432	+37.435	+37.441	+37.434	+37.135	+37.349	+37.171	+37.255	+37.365	+37.369	+37.369	+37.373	+37.375	+37.308	+37.383	+37.275	+37.279	+37.300	+37.316	+37.323	+37.331	+37.252	+37.384	+37.418	+36.137	+37.509	+37.542	+37.597	+37.085	+37.114	+37.832	+37.713	+37.712	+37.144	+37.150	+37.156	+37.735	+37.770	+37.779	+37.786	+37.199	+37.173	+36.149	+36.143	+30.338	+40.629	+38.084	+38.068	+38.054	+38.041	+38.616	+38.029	+38.024	+37.382	+38.004	+37.337	+37.482	+37.477	+37.028	+37.160	+37.552	+37.516	+37.513	+36.937	+19.977	+35.535	+37.122	+36.199	+36.745	+32.354	+35.628	+9.705	+36.093	+21.963	+35.669	+35.758	+31.545	+31.215	+6.674	+30.469	+31.006	+30.547	+0.469	+30.561	+29.221	+11.329	+30.310	+30.134	+0.152	+0.605	+12.167	+16.768	+13.838	+3.814	+2.624	+8.264	+16.380	+0.769	+0.739	+15.811	+2.575	+15.639	+8.573	+8.324	+15.082	+0.368	+0.271	+0.125	+0.428	+0.707	+0.881	+1.729	+2.043	+2.428	+2.427	+2.423	+2.477	+5.918	+1.719	+2.482	+0.042	+0.297	+1.787	+16.422	+3.523	+11.601	+16.411	+14.707	+9.557	+12.709	+7.432	+16.873	+15.355	+16.019	+13.303	+14.146	+15.869	+16.246	+16.196	+13.095	+11.772	+13.179	+7.794	+8.294	+16.785	+15.260	+8.389	+19.049	+19.312	+19.176	+17.687	+6.161	+20.284	+18.266	+10.061	+19.586	+19.438	+19.407	+3.571	+15.162	+19.449	+19.524	+19.347	+19.419	
rs141755309    -0.453	-0.118	-0.068	-0.234	+31.885	+6.736	+37.243	+37.246	+37.252	+37.245	+36.945	+37.158	+36.982	+37.068	+37.173	+37.178	+37.177	+37.182	+37.183	+37.116	+37.191	+37.082	+37.086	+37.107	+37.123	+37.130	+37.138	+37.060	+37.191	+37.226	+35.935	+37.316	+37.350	+37.405	+36.904	+36.932	+37.641	+37.520	+37.520	+36.963	+36.969	+36.975	+37.542	+37.578	+37.586	+37.594	+37.018	+37.006	+35.974	+35.977	+29.793	+40.475	+37.909	+37.893	+37.879	+37.866	+38.452	+37.855	+37.849	+37.201	+37.830	+37.158	+37.305	+37.300	+36.854	+36.986	+37.378	+37.342	+37.340	+36.760	+19.199	+35.362	+36.949	+36.026	+36.569	+32.118	+35.458	+11.510	+35.921	+22.103	+35.498	+35.584	+31.356	+31.027	+7.279	+30.279	+30.814	+30.350	+0.346	+30.349	+29.005	+10.723	+30.116	+29.783	-0.092	+0.374	+11.704	+16.754	+13.921	+3.584	+2.514	+8.835	+15.597	+0.613	+0.583	+15.244	+2.447	+15.067	+7.840	+7.599	+14.517	+0.170	+0.074	-0.071	+0.131	+0.500	+0.544	+1.495	+1.887	+2.278	+2.278	+2.273	+2.332	+6.324	+1.485	+2.336	-0.207	+0.096	+1.474	+16.347	+3.271	+11.416	+16.340	+14.706	+10.545	+12.495	+8.411	+16.805	+15.364	+15.463	+12.899	+14.177	+15.876	+16.264	+16.211	+13.275	+11.927	+12.821	+8.793	+9.371	+17.044	+14.824	+8.126	+18.998	+19.261	+18.758	+17.277	+6.639	+20.311	+17.629	+9.174	+19.611	+19.460	+19.431	+3.348	+15.344	+19.461	+19.753	+19.571	+19.689	
rs62485485     -0.480	-0.141	-0.234	-0.095	+31.849	+6.939	+37.205	+37.208	+37.214	+37.207	+36.905	+37.119	+36.941	+37.030	+37.134	+37.139	+37.139	+37.143	+37.144	+37.077	+37.152	+37.043	+37.047	+37.068	+37.085	+37.091	+37.099	+37.021	+37.152	+37.187	+35.895	+37.278	+37.311	+37.366	+36.868	+36.897	+37.602	+37.481	+37.481	+36.927	+36.933	+36.939	+37.503	+37.539	+37.547	+37.555	+36.982	+37.001	+35.973	+35.970	+29.765	+40.469	+37.872	+37.856	+37.843	+37.830	+38.419	+37.818	+37.813	+37.166	+37.794	+37.122	+37.270	+37.264	+36.817	+36.952	+37.343	+37.308	+37.305	+36.726	+19.106	+35.327	+36.916	+35.989	+36.534	+32.065	+35.421	+11.890	+35.884	+22.443	+35.458	+35.547	+31.315	+30.985	+7.360	+30.236	+30.772	+30.309	+0.351	+30.301	+28.961	+10.654	+30.073	+29.713	-0.120	+0.342	+11.631	+16.742	+13.881	+3.584	+2.496	+8.957	+15.435	+0.606	+0.576	+15.139	+2.446	+14.960	+7.733	+7.492	+14.410	+0.156	+0.059	-0.086	+0.095	+0.488	+0.501	+1.463	+1.878	+2.273	+2.272	+2.268	+2.327	+6.511	+1.453	+2.331	-0.236	+0.085	+1.436	+16.299	+3.264	+11.399	+16.292	+14.687	+10.812	+12.472	+8.755	+16.760	+15.344	+15.348	+12.831	+14.216	+15.909	+16.295	+16.246	+13.357	+12.008	+12.771	+9.149	+9.754	+17.115	+14.767	+8.082	+18.996	+19.262	+18.718	+17.233	+6.823	+20.290	+17.563	+9.028	+19.589	+19.438	+19.418	+3.330	+15.398	+19.448	+19.785	+19.601	+19.721	
rs116865328    +31.811	+32.064	+31.885	+31.849	+32.851	+32.007	+38.143	+38.145	+38.150	+38.145	+37.886	+38.049	+37.917	+37.971	+38.063	+38.067	+38.067	+38.071	+38.072	+38.019	+38.079	+37.991	+37.996	+38.013	+38.027	+38.033	+38.040	+37.980	+38.086	+38.115	+37.386	+38.194	+38.224	+38.272	+37.506	+37.534	+38.479	+38.379	+38.378	+37.563	+37.569	+37.575	+38.403	+38.434	+38.442	+38.449	+37.617	+37.672	+37.005	+37.018	+34.402	+41.028	+38.474	+38.459	+38.446	+38.434	+39.040	+38.423	+38.419	+37.843	+38.401	+37.781	+37.917	+37.912	+37.582	+37.647	+38.069	+38.042	+38.041	+37.617	+34.251	+36.590	+37.661	+37.149	+37.426	+35.019	+36.948	+31.976	+37.326	+33.824	+37.101	+37.044	+35.174	+35.018	+32.000	+34.804	+35.084	+35.101	+31.697	+34.933	+34.067	+33.025	+34.688	+35.056	+31.980	+31.942	+38.388	+43.509	+39.943	+34.509	+39.052	+33.398	+33.059	+32.133	+32.107	+32.838	+32.830	+32.727	+32.201	+32.150	+32.728	+31.942	+31.898	+31.966	+31.910	+32.173	+31.981	+32.764	+32.753	+32.925	+32.924	+32.919	+32.918	+32.023	+32.754	+32.922	+31.699	+31.827	+33.029	+43.038	+34.510	+39.229	+43.019	+41.026	+33.340	+39.566	+32.149	+43.370	+41.506	+33.126	+38.474	+42.031	+42.087	+42.356	+42.310	+39.151	+38.060	+39.085	+32.260	+32.367	+42.550	+41.206	+37.543	+45.531	+45.752	+45.295	+43.918	+32.134	+46.548	+44.908	+32.636	+46.081	+45.970	+45.639	+35.008	+41.412	+45.607	+45.460	+45.331	+45.407	
rs11136637     +3.979	+7.033	+6.736	+6.939	+32.007	+4.304	+37.305	+37.308	+37.315	+37.307	+37.008	+37.226	+37.045	+37.132	+37.242	+37.246	+37.246	+37.250	+37.252	+37.182	+37.260	+37.147	+37.151	+37.172	+37.189	+37.196	+37.204	+37.122	+37.258	+37.293	+35.924	+37.385	+37.419	+37.474	+37.140	+37.168	+37.714	+37.590	+37.589	+37.198	+37.204	+37.210	+37.610	+37.647	+37.655	+37.663	+37.249	+37.279	+36.139	+36.118	+29.085	+40.885	+38.137	+38.120	+38.105	+38.090	+38.600	+38.077	+38.072	+37.384	+38.051	+37.364	+37.517	+37.510	+37.009	+37.171	+37.540	+37.501	+37.499	+36.877	+19.071	+35.414	+37.105	+36.074	+36.681	+31.950	+35.459	+8.268	+35.929	+21.743	+35.483	+35.593	+31.261	+30.931	+5.438	+30.179	+30.712	+30.245	+4.253	+30.216	+28.868	+12.011	+30.018	+29.558	+7.333	+7.330	+18.087	+18.064	+14.378	+7.394	+6.359	+7.275	+15.176	+5.390	+5.336	+15.637	+6.789	+15.430	+8.391	+8.207	+14.962	+4.164	+4.079	+3.983	+5.367	+4.503	+5.519	+8.984	+6.472	+6.923	+6.923	+6.913	+6.916	+5.279	+8.974	+6.927	+4.852	+4.017	+9.163	+17.773	+7.681	+19.365	+17.760	+15.622	+8.892	+19.867	+6.786	+18.213	+16.222	+15.778	+18.568	+16.165	+16.817	+17.140	+17.078	+15.415	+14.143	+19.276	+7.054	+7.392	+19.443	+21.726	+11.365	+20.501	+20.737	+27.605	+25.850	+5.425	+21.435	+23.519	+9.246	+20.798	+20.667	+20.341	+8.135	+17.884	+20.401	+22.704	+22.563	+22.587	
rs117726827    +37.379	+37.432	+37.243	+37.205	+38.143	+37.305	+38.220	+38.469	+38.472	+38.468	+38.359	+38.448	+38.375	+38.420	+38.456	+38.458	+38.458	+38.460	+38.461	+38.429	+38.465	+38.418	+38.420	+38.430	+38.438	+38.442	+38.446	+38.411	+38.473	+38.492	+38.137	+38.542	+38.562	+38.595	+39.114	+39.135	+38.738	+38.670	+38.670	+39.157	+39.161	+39.166	+38.689	+38.711	+38.717	+38.723	+39.209	+39.469	+39.238	+39.339	+38.264	+41.739	+39.891	+39.888	+39.884	+39.881	+40.530	+39.878	+39.877	+39.588	+39.872	+39.509	+39.589	+39.589	+39.514	+39.497	+39.861	+39.853	+39.852	+39.652	+38.801	+39.154	+39.598	+39.530	+39.554	+38.456	+39.496	+37.228	+39.771	+38.315	+39.634	+39.869	+38.555	+38.468	+37.257	+38.410	+38.573	+38.603	+37.085	+38.509	+38.226	+38.021	+38.344	+38.696	+37.284	+37.582	+42.718	+47.870	+44.227	+39.648	+44.446	+38.435	+37.797	+37.438	+37.414	+37.652	+37.969	+37.586	+37.345	+37.324	+37.577	+37.670	+37.583	+37.710	+37.560	+37.500	+37.255	+37.891	+37.948	+38.094	+38.094	+38.091	+38.091	+37.248	+37.890	+38.093	+37.065	+37.397	+38.278	+47.397	+39.748	+43.503	+47.400	+45.368	+38.286	+43.714	+37.315	+47.739	+45.812	+37.799	+42.611	+46.356	+46.443	+46.686	+46.653	+43.526	+43.746	+43.370	+37.386	+37.453	+46.844	+45.504	+42.479	+50.003	+50.210	+49.595	+49.958	+37.322	+51.013	+49.261	+37.613	+50.540	+50.442	+50.089	+40.371	+45.809	+49.999	+49.827	+49.703	+49.784	
rs117124533    +37.381	+37.435	+37.246	+37.208	+38.145	+37.308	+38.469	+38.223	+38.473	+38.470	+38.361	+38.449	+38.377	+38.421	+38.457	+38.459	+38.459	+38.461	+38.462	+38.431	+38.466	+38.419	+38.421	+38.432	+38.440	+38.443	+38.447	+38.413	+38.475	+38.493	+38.139	+38.544	+38.563	+38.596	+39.115	+39.136	+38.739	+38.671	+38.671	+39.158	+39.162	+39.167	+38.690	+38.712	+38.718	+38.724	+39.210	+39.471	+39.240	+39.340	+38.266	+41.740	+39.891	+39.889	+39.885	+39.882	+40.530	+39.879	+39.878	+39.589	+39.873	+39.510	+39.590	+39.590	+39.515	+39.498	+39.862	+39.854	+39.853	+39.653	+38.803	+39.155	+39.599	+39.531	+39.555	+38.458	+39.497	+37.230	+39.772	+38.317	+39.635	+39.870	+38.557	+38.470	+37.259	+38.411	+38.574	+38.605	+37.088	+38.511	+38.228	+38.024	+38.345	+38.698	+37.287	+37.585	+42.720	+47.872	+44.230	+39.650	+44.448	+38.438	+37.799	+37.441	+37.416	+37.654	+37.971	+37.589	+37.347	+37.326	+37.579	+37.673	+37.585	+37.713	+37.563	+37.503	+37.258	+37.894	+37.951	+38.097	+38.096	+38.094	+38.094	+37.250	+37.893	+38.095	+37.068	+37.399	+38.281	+47.399	+39.750	+43.506	+47.403	+45.370	+38.288	+43.717	+37.318	+47.741	+45.815	+37.802	+42.613	+46.359	+46.446	+46.688	+46.655	+43.529	+43.749	+43.373	+37.388	+37.456	+46.846	+45.507	+42.481	+50.005	+50.212	+49.597	+49.961	+37.324	+51.015	+49.263	+37.615	+50.542	+50.444	+50.091	+40.373	+45.811	+50.001	+49.830	+49.705	+49.786	
rs117427427    +37.388	+37.441	+37.252	+37.214	+38.150	+37.315	+38.472	+38.473	+38.229	+38.473	+38.365	+38.453	+38.381	+38.424	+38.460	+38.463	+38.463	+38.465	+38.466	+38.434	+38.470	+38.422	+38.425	+38.435	+38.443	+38.446	+38.451	+38.416	+38.478	+38.496	+38.144	+38.547	+38.566	+38.599	+39.119	+39.139	+38.741	+38.674	+38.674	+39.161	+39.165	+39.170	+38.693	+38.715	+38.721	+38.726	+39.213	+39.474	+39.243	+39.343	+38.271	+41.742	+39.894	+39.892	+39.888	+39.885	+40.533	+39.881	+39.880	+39.592	+39.876	+39.513	+39.593	+39.592	+39.518	+39.501	+39.865	+39.856	+39.856	+39.656	+38.808	+39.158	+39.602	+39.534	+39.558	+38.462	+39.500	+37.236	+39.775	+38.322	+39.638	+39.873	+38.561	+38.474	+37.265	+38.416	+38.579	+38.609	+37.094	+38.515	+38.233	+38.029	+38.350	+38.703	+37.293	+37.591	+42.726	+47.878	+44.235	+39.656	+44.455	+38.444	+37.805	+37.447	+37.423	+37.660	+37.978	+37.595	+37.353	+37.333	+37.586	+37.679	+37.592	+37.719	+37.569	+37.509	+37.264	+37.900	+37.957	+38.103	+38.103	+38.100	+38.100	+37.257	+37.899	+38.102	+37.074	+37.406	+38.287	+47.405	+39.756	+43.512	+47.408	+45.376	+38.294	+43.722	+37.324	+47.747	+45.820	+37.808	+42.619	+46.364	+46.451	+46.694	+46.661	+43.535	+43.755	+43.378	+37.395	+37.462	+46.852	+45.512	+42.488	+50.011	+50.218	+49.603	+49.966	+37.331	+51.021	+49.269	+37.621	+50.547	+50.450	+50.097	+40.379	+45.817	+50.007	+49.835	+49.711	+49.792	
rs147494244    +37.381	+37.434	+37.245	+37.207	+38.145	+37.307	+38.468	+38.470	+38.473	+38.222	+38.360	+38.448	+38.376	+38.420	+38.456	+38.459	+38.459	+38.461	+38.462	+38.430	+38.466	+38.418	+38.421	+38.431	+38.439	+38.443	+38.447	+38.412	+38.474	+38.492	+38.138	+38.543	+38.562	+38.595	+39.115	+39.136	+38.738	+38.671	+38.670	+39.158	+39.162	+39.167	+38.689	+38.711	+38.717	+38.723	+39.210	+39.470	+39.239	+39.340	+38.266	+41.740	+39.891	+39.889	+39.884	+39.882	+40.530	+39.878	+39.877	+39.589	+39.872	+39.509	+39.590	+39.589	+39.515	+39.498	+39.861	+39.853	+39.852	+39.652	+38.803	+39.154	+39.598	+39.530	+39.554	+38.457	+39.496	+37.229	+39.771	+38.316	+39.634	+39.869	+38.556	+38.469	+37.259	+38.411	+38.574	+38.604	+37.087	+38.510	+38.227	+38.023	+38.345	+38.698	+37.285	+37.584	+42.721	+47.875	+44.231	+39.649	+44.450	+38.438	+37.798	+37.440	+37.415	+37.654	+37.970	+37.588	+37.347	+37.326	+37.579	+37.672	+37.585	+37.712	+37.562	+37.502	+37.257	+37.892	+37.949	+38.095	+38.095	+38.093	+38.093	+37.250	+37.891	+38.094	+37.067	+37.398	+38.279	+47.402	+39.749	+43.506	+47.405	+45.372	+38.288	+43.717	+37.317	+47.744	+45.816	+37.801	+42.613	+46.361	+46.448	+46.691	+46.657	+43.530	+43.750	+43.373	+37.388	+37.456	+46.848	+45.508	+42.480	+50.009	+50.216	+49.599	+49.962	+37.324	+51.019	+49.265	+37.615	+50.545	+50.448	+50.095	+40.372	+45.813	+50.004	+49.832	+49.708	+49.788	
rs5009624      +37.068	+37.135	+36.945	+36.905	+37.886	+37.008	+38.359	+38.361	+38.365	+38.360	+37.912	+38.286	+38.176	+38.249	+38.295	+38.298	+38.298	+38.300	+38.301	+38.263	+38.306	+38.248	+38.251	+38.263	+38.272	+38.276	+38.281	+38.239	+38.313	+38.334	+37.899	+38.392	+38.414	+38.452	+38.925	+38.946	+38.614	+38.535	+38.535	+38.968	+38.973	+38.978	+38.554	+38.579	+38.585	+38.591	+39.021	+39.279	+39.029	+39.129	+38.003	+41.615	+39.718	+39.716	+39.711	+39.708	+40.362	+39.704	+39.703	+39.400	+39.697	+39.320	+39.404	+39.403	+39.318	+39.305	+39.673	+39.664	+39.664	+39.452	+38.511	+38.933	+39.403	+39.317	+39.350	+38.164	+39.276	+36.919	+39.557	+38.022	+39.398	+39.651	+38.300	+38.210	+36.941	+38.148	+38.312	+38.340	+36.781	+38.246	+37.955	+37.702	+38.080	+38.438	+36.986	+37.301	+42.486	+47.619	+43.966	+39.367	+44.173	+38.117	+37.502	+37.140	+37.115	+37.356	+37.683	+37.289	+37.039	+37.018	+37.278	+37.370	+37.282	+37.409	+37.269	+37.199	+36.960	+37.613	+37.656	+37.808	+37.808	+37.807	+37.807	+36.937	+37.614	+37.809	+36.759	+37.097	+38.002	+47.158	+39.469	+43.287	+47.160	+45.126	+37.973	+43.508	+37.006	+47.501	+45.574	+37.506	+42.407	+46.113	+46.205	+46.449	+46.415	+43.288	+43.506	+43.161	+37.076	+37.143	+46.621	+45.300	+42.226	+49.768	+49.976	+49.411	+49.773	+37.009	+50.780	+49.060	+37.308	+50.303	+50.205	+49.851	+40.095	+45.573	+49.762	+49.606	+49.481	+49.561	
rs148864786    +37.286	+37.349	+37.158	+37.119	+38.049	+37.226	+38.448	+38.449	+38.453	+38.448	+38.286	+38.132	+38.302	+38.347	+38.387	+38.390	+38.390	+38.392	+38.393	+38.359	+38.397	+38.346	+38.348	+38.359	+38.367	+38.371	+38.375	+38.338	+38.403	+38.422	+38.049	+38.474	+38.494	+38.528	+39.019	+39.039	+38.677	+38.605	+38.605	+39.060	+39.064	+39.069	+38.623	+38.646	+38.652	+38.657	+39.111	+39.369	+39.132	+39.231	+38.163	+41.660	+39.792	+39.789	+39.785	+39.781	+40.430	+39.778	+39.777	+39.484	+39.772	+39.405	+39.485	+39.485	+39.407	+39.390	+39.754	+39.745	+39.745	+39.541	+38.695	+39.038	+39.487	+39.413	+39.439	+38.340	+39.377	+37.135	+39.653	+38.198	+39.516	+39.751	+38.442	+38.355	+37.163	+38.298	+38.460	+38.489	+36.998	+38.397	+38.117	+37.919	+38.233	+38.584	+37.197	+37.504	+42.681	+47.842	+44.189	+39.585	+44.441	+38.339	+37.701	+37.354	+37.330	+37.558	+37.895	+37.493	+37.255	+37.234	+37.485	+37.590	+37.501	+37.630	+37.481	+37.417	+37.174	+37.815	+37.869	+38.018	+38.018	+38.016	+38.016	+37.156	+37.815	+38.018	+36.978	+37.316	+38.203	+47.374	+39.683	+43.462	+47.376	+45.342	+38.187	+43.681	+37.223	+47.716	+45.789	+37.704	+42.583	+46.328	+46.420	+46.663	+46.629	+43.486	+43.710	+43.336	+37.292	+37.359	+46.819	+45.470	+42.436	+49.981	+50.189	+49.575	+49.944	+37.229	+50.992	+49.242	+37.519	+50.518	+50.420	+50.068	+40.305	+45.767	+49.977	+49.802	+49.677	+49.758	
rs4481570      +37.105	+37.171	+36.982	+36.941	+37.917	+37.045	+38.375	+38.377	+38.381	+38.376	+38.176	+38.302	+37.948	+38.266	+38.311	+38.313	+38.313	+38.316	+38.316	+38.279	+38.321	+38.264	+38.267	+38.278	+38.287	+38.291	+38.296	+38.255	+38.327	+38.348	+37.923	+38.404	+38.426	+38.463	+38.938	+38.958	+38.623	+38.544	+38.544	+38.980	+38.984	+38.989	+38.563	+38.588	+38.594	+38.600	+39.031	+39.288	+39.040	+39.140	+38.025	+41.616	+39.722	+39.719	+39.714	+39.711	+40.364	+39.707	+39.706	+39.405	+39.700	+39.325	+39.408	+39.407	+39.323	+39.309	+39.675	+39.666	+39.666	+39.456	+38.534	+38.939	+39.404	+39.319	+39.351	+38.178	+39.279	+36.954	+39.560	+38.045	+39.403	+39.655	+38.316	+38.227	+36.976	+38.166	+38.329	+38.357	+36.818	+38.264	+37.976	+37.733	+38.100	+38.456	+37.022	+37.337	+42.519	+47.654	+43.999	+39.402	+44.219	+38.149	+37.534	+37.177	+37.151	+37.389	+37.719	+37.322	+37.074	+37.053	+37.311	+37.407	+37.319	+37.447	+37.306	+37.236	+36.996	+37.650	+37.692	+37.845	+37.844	+37.844	+37.843	+36.972	+37.650	+37.845	+36.796	+37.134	+38.038	+47.193	+39.505	+43.322	+47.195	+45.159	+38.004	+43.543	+37.041	+47.535	+45.607	+37.537	+42.440	+46.148	+46.239	+46.482	+46.449	+43.323	+43.542	+43.195	+37.111	+37.177	+46.655	+45.336	+42.262	+49.803	+50.011	+49.445	+49.809	+37.044	+50.815	+49.094	+37.341	+50.338	+50.240	+49.887	+40.131	+45.609	+49.797	+49.642	+49.517	+49.596	
rs150630307    +37.194	+37.255	+37.068	+37.030	+37.971	+37.132	+38.420	+38.421	+38.424	+38.420	+38.249	+38.347	+38.266	+38.047	+38.355	+38.358	+38.358	+38.360	+38.361	+38.326	+38.365	+38.306	+38.309	+38.320	+38.328	+38.332	+38.336	+38.297	+38.366	+38.386	+37.989	+38.439	+38.460	+38.496	+38.980	+39.000	+38.654	+38.574	+38.574	+39.021	+39.025	+39.030	+38.592	+38.616	+38.622	+38.628	+39.071	+39.302	+39.087	+39.185	+38.111	+41.627	+39.753	+39.750	+39.745	+39.742	+40.392	+39.738	+39.737	+39.441	+39.731	+39.360	+39.442	+39.441	+39.360	+39.320	+39.706	+39.697	+39.696	+39.490	+38.628	+38.960	+39.415	+39.355	+39.383	+38.270	+39.316	+37.052	+39.594	+38.123	+39.472	+39.692	+38.358	+38.271	+37.085	+38.226	+38.390	+38.419	+36.913	+38.324	+38.044	+37.842	+38.148	+38.507	+37.108	+37.417	+42.609	+47.793	+44.120	+39.508	+44.358	+38.267	+37.624	+37.270	+37.248	+37.480	+37.814	+37.414	+37.175	+37.151	+37.411	+37.508	+37.420	+37.549	+37.399	+37.334	+37.087	+37.725	+37.791	+37.941	+37.941	+37.939	+37.935	+37.075	+37.723	+37.940	+36.893	+37.233	+38.118	+47.319	+39.603	+43.379	+47.322	+45.271	+38.117	+43.598	+37.140	+47.662	+45.727	+37.627	+42.509	+46.229	+46.351	+46.605	+46.571	+43.427	+43.653	+43.261	+37.213	+37.281	+46.765	+45.399	+42.365	+49.920	+50.140	+49.505	+49.876	+37.148	+50.930	+49.177	+37.443	+50.469	+50.358	+50.019	+40.220	+45.699	+49.927	+49.743	+49.606	+49.700	
rs149402593    +37.302	+37.365	+37.173	+37.134	+38.063	+37.242	+38.456	+38.457	+38.460	+38.456	+38.295	+38.387	+38.311	+38.355	+38.148	+38.397	+38.397	+38.399	+38.400	+38.367	+38.404	+38.354	+38.356	+38.366	+38.375	+38.378	+38.382	+38.345	+38.410	+38.428	+38.060	+38.480	+38.500	+38.533	+39.024	+39.043	+38.681	+38.609	+38.609	+39.064	+39.069	+39.073	+38.627	+38.650	+38.655	+38.661	+39.114	+39.372	+39.136	+39.235	+38.172	+41.659	+39.792	+39.789	+39.784	+39.781	+40.429	+39.778	+39.777	+39.485	+39.771	+39.405	+39.486	+39.485	+39.407	+39.390	+39.753	+39.744	+39.743	+39.541	+38.704	+39.039	+39.486	+39.412	+39.437	+38.344	+39.377	+37.150	+39.652	+38.206	+39.516	+39.750	+38.447	+38.362	+37.178	+38.304	+38.466	+38.495	+37.014	+38.403	+38.125	+37.931	+38.240	+38.591	+37.212	+37.520	+42.695	+47.857	+44.203	+39.600	+44.461	+38.352	+37.714	+37.370	+37.345	+37.572	+37.910	+37.507	+37.269	+37.249	+37.498	+37.606	+37.517	+37.646	+37.497	+37.433	+37.190	+37.831	+37.885	+38.034	+38.034	+38.031	+38.031	+37.171	+37.830	+38.033	+36.993	+37.331	+38.218	+47.388	+39.698	+43.477	+47.391	+45.356	+38.200	+43.697	+37.238	+47.730	+45.802	+37.717	+42.597	+46.342	+46.434	+46.677	+46.643	+43.500	+43.725	+43.351	+37.307	+37.373	+46.833	+45.485	+42.452	+49.997	+50.204	+49.591	+49.961	+37.243	+51.007	+49.257	+37.532	+50.533	+50.435	+50.083	+40.320	+45.783	+49.992	+49.817	+49.692	+49.773	
rs17737960     +37.306	+37.369	+37.178	+37.139	+38.067	+37.246	+38.458	+38.459	+38.463	+38.459	+38.298	+38.390	+38.313	+38.358	+38.397	+38.152	+38.400	+38.402	+38.402	+38.369	+38.407	+38.356	+38.358	+38.369	+38.377	+38.380	+38.384	+38.348	+38.412	+38.430	+38.063	+38.481	+38.501	+38.535	+39.025	+39.044	+38.682	+38.610	+38.610	+39.065	+39.070	+39.074	+38.628	+38.651	+38.656	+38.662	+39.115	+39.373	+39.136	+39.235	+38.174	+41.659	+39.791	+39.788	+39.784	+39.780	+40.428	+39.777	+39.776	+39.484	+39.770	+39.404	+39.485	+39.484	+39.407	+39.389	+39.751	+39.743	+39.742	+39.539	+38.706	+39.039	+39.485	+39.411	+39.436	+38.345	+39.375	+37.155	+39.651	+38.208	+39.515	+39.749	+38.449	+38.363	+37.182	+38.306	+38.467	+38.497	+37.018	+38.405	+38.127	+37.935	+38.242	+38.592	+37.217	+37.524	+42.700	+47.862	+44.207	+39.605	+44.467	+38.356	+37.718	+37.374	+37.350	+37.576	+37.915	+37.511	+37.274	+37.254	+37.503	+37.611	+37.522	+37.651	+37.501	+37.437	+37.194	+37.836	+37.890	+38.039	+38.039	+38.036	+38.036	+37.176	+37.835	+38.038	+36.998	+37.336	+38.223	+47.393	+39.703	+43.482	+47.395	+45.360	+38.204	+43.701	+37.242	+47.735	+45.806	+37.721	+42.601	+46.347	+46.438	+46.681	+46.647	+43.504	+43.729	+43.355	+37.311	+37.378	+46.837	+45.490	+42.456	+50.001	+50.209	+49.596	+49.966	+37.248	+51.012	+49.262	+37.536	+50.537	+50.440	+50.088	+40.325	+45.788	+49.997	+49.822	+49.697	+49.778	
rs17737966     +37.306	+37.369	+37.177	+37.139	+38.067	+37.246	+38.458	+38.459	+38.463	+38.459	+38.298	+38.390	+38.313	+38.358	+38.397	+38.400	+38.152	+38.402	+38.402	+38.369	+38.406	+38.356	+38.358	+38.369	+38.377	+38.380	+38.384	+38.348	+38.412	+38.430	+38.063	+38.481	+38.501	+38.535	+39.025	+39.044	+38.682	+38.610	+38.610	+39.065	+39.069	+39.074	+38.628	+38.651	+38.656	+38.662	+39.114	+39.372	+39.136	+39.235	+38.174	+41.658	+39.791	+39.788	+39.783	+39.780	+40.428	+39.777	+39.776	+39.484	+39.770	+39.404	+39.485	+39.484	+39.406	+39.389	+39.751	+39.742	+39.742	+39.539	+38.706	+39.038	+39.484	+39.410	+39.436	+38.344	+39.375	+37.154	+39.651	+38.208	+39.514	+39.748	+38.448	+38.363	+37.182	+38.306	+38.467	+38.496	+37.018	+38.404	+38.127	+37.935	+38.242	+38.592	+37.217	+37.524	+42.700	+47.861	+44.207	+39.605	+44.467	+38.355	+37.717	+37.374	+37.350	+37.576	+37.915	+37.511	+37.274	+37.253	+37.502	+37.610	+37.522	+37.651	+37.501	+37.437	+37.194	+37.836	+37.890	+38.039	+38.038	+38.036	+38.036	+37.175	+37.835	+38.038	+36.998	+37.336	+38.223	+47.393	+39.703	+43.482	+47.395	+45.360	+38.204	+43.701	+37.242	+47.735	+45.806	+37.721	+42.601	+46.346	+46.437	+46.681	+46.647	+43.504	+43.729	+43.355	+37.311	+37.377	+46.837	+45.490	+42.456	+50.001	+50.208	+49.595	+49.966	+37.248	+51.012	+49.262	+37.536	+50.537	+50.440	+50.087	+40.324	+45.788	+49.997	+49.822	+49.697	+49.778	
rs145945239    +37.310	+37.373	+37.182	+37.143	+38.071	+37.250	+38.460	+38.461	+38.465	+38.461	+38.300	+38.392	+38.316	+38.360	+38.399	+38.402	+38.402	+38.156	+38.404	+38.371	+38.408	+38.358	+38.361	+38.371	+38.379	+38.382	+38.386	+38.350	+38.413	+38.432	+38.066	+38.483	+38.503	+38.536	+39.026	+39.046	+38.683	+38.611	+38.611	+39.067	+39.071	+39.075	+38.629	+38.652	+38.657	+38.663	+39.116	+39.374	+39.137	+39.236	+38.176	+41.659	+39.791	+39.789	+39.784	+39.781	+40.429	+39.777	+39.776	+39.484	+39.771	+39.405	+39.485	+39.484	+39.407	+39.390	+39.752	+39.743	+39.742	+39.540	+38.708	+39.039	+39.485	+39.411	+39.436	+38.346	+39.376	+37.158	+39.651	+38.211	+39.515	+39.749	+38.450	+38.365	+37.186	+38.308	+38.469	+38.498	+37.022	+38.407	+38.129	+37.938	+38.244	+38.594	+37.221	+37.528	+42.704	+47.865	+44.210	+39.609	+44.472	+38.359	+37.721	+37.378	+37.354	+37.579	+37.919	+37.515	+37.278	+37.257	+37.506	+37.615	+37.526	+37.655	+37.505	+37.441	+37.198	+37.840	+37.894	+38.043	+38.043	+38.040	+38.040	+37.179	+37.839	+38.042	+37.002	+37.340	+38.227	+47.397	+39.707	+43.486	+47.399	+45.363	+38.208	+43.705	+37.246	+47.739	+45.810	+37.725	+42.605	+46.350	+46.441	+46.685	+46.651	+43.508	+43.733	+43.359	+37.315	+37.381	+46.841	+45.494	+42.460	+50.005	+50.212	+49.600	+49.970	+37.251	+51.016	+49.266	+37.540	+50.541	+50.444	+50.091	+40.329	+45.792	+50.001	+49.826	+49.701	+49.782	
rs139792883    +37.312	+37.375	+37.183	+37.144	+38.072	+37.252	+38.461	+38.462	+38.466	+38.462	+38.301	+38.393	+38.316	+38.361	+38.400	+38.402	+38.402	+38.404	+38.158	+38.372	+38.409	+38.359	+38.361	+38.371	+38.380	+38.383	+38.387	+38.351	+38.414	+38.433	+38.067	+38.484	+38.503	+38.537	+39.027	+39.046	+38.684	+38.612	+38.612	+39.067	+39.071	+39.076	+38.629	+38.652	+38.658	+38.663	+39.116	+39.374	+39.138	+39.237	+38.177	+41.659	+39.792	+39.789	+39.784	+39.781	+40.429	+39.777	+39.776	+39.485	+39.771	+39.405	+39.485	+39.484	+39.407	+39.390	+39.752	+39.743	+39.742	+39.540	+38.709	+39.039	+39.485	+39.411	+39.436	+38.347	+39.376	+37.160	+39.651	+38.212	+39.515	+39.749	+38.451	+38.365	+37.188	+38.309	+38.470	+38.499	+37.024	+38.407	+38.130	+37.940	+38.245	+38.595	+37.222	+37.530	+42.705	+47.867	+44.212	+39.610	+44.474	+38.360	+37.722	+37.380	+37.356	+37.581	+37.921	+37.516	+37.279	+37.259	+37.508	+37.616	+37.528	+37.657	+37.507	+37.443	+37.200	+37.842	+37.895	+38.045	+38.044	+38.042	+38.042	+37.181	+37.841	+38.044	+37.004	+37.342	+38.229	+47.398	+39.709	+43.488	+47.400	+45.365	+38.209	+43.707	+37.247	+47.740	+45.811	+37.726	+42.606	+46.352	+46.443	+46.686	+46.652	+43.510	+43.735	+43.361	+37.316	+37.383	+46.842	+45.496	+42.462	+50.007	+50.214	+49.601	+49.972	+37.253	+51.017	+49.267	+37.541	+50.543	+50.445	+50.093	+40.330	+45.793	+50.002	+49.828	+49.702	+49.784	
rs17737978     +37.245	+37.308	+37.116	+37.077	+38.019	+37.182	+38.429	+38.431	+38.434	+38.430	+38.263	+38.359	+38.279	+38.326	+38.367	+38.369	+38.369	+38.371	+38.372	+38.090	+38.376	+38.324	+38.326	+38.337	+38.345	+38.349	+38.353	+38.315	+38.381	+38.400	+38.016	+38.453	+38.473	+38.508	+38.990	+39.009	+38.660	+38.585	+38.585	+39.030	+39.034	+39.039	+38.603	+38.626	+38.632	+38.637	+39.079	+39.336	+39.095	+39.195	+38.121	+41.635	+39.757	+39.754	+39.750	+39.746	+40.396	+39.743	+39.742	+39.447	+39.736	+39.367	+39.448	+39.447	+39.368	+39.351	+39.714	+39.705	+39.704	+39.499	+38.650	+38.994	+39.445	+39.367	+39.394	+38.291	+39.330	+37.093	+39.608	+38.151	+39.471	+39.705	+38.398	+38.311	+37.121	+38.253	+38.416	+38.445	+36.956	+38.353	+38.073	+37.877	+38.190	+38.541	+37.155	+37.463	+42.643	+47.808	+44.151	+39.545	+44.405	+38.297	+37.659	+37.313	+37.289	+37.517	+37.855	+37.452	+37.213	+37.192	+37.443	+37.549	+37.461	+37.590	+37.440	+37.376	+37.133	+37.776	+37.830	+37.980	+37.979	+37.977	+37.977	+37.114	+37.775	+37.979	+36.936	+37.274	+38.163	+47.339	+39.644	+43.427	+47.341	+45.304	+38.146	+43.646	+37.181	+47.680	+45.750	+37.663	+42.545	+46.292	+46.382	+46.626	+46.593	+43.449	+43.673	+43.300	+37.251	+37.317	+46.783	+45.436	+42.401	+49.948	+50.155	+49.543	+49.912	+37.187	+50.960	+49.207	+37.476	+50.484	+50.386	+50.034	+40.266	+45.733	+49.944	+49.769	+49.644	+49.725	
rs142296812    +37.320	+37.383	+37.191	+37.152	+38.079	+37.260	+38.465	+38.466	+38.470	+38.466	+38.306	+38.397	+38.321	+38.365	+38.404	+38.407	+38.406	+38.408	+38.409	+38.376	+38.166	+38.363	+38.365	+38.375	+38.383	+38.387	+38.391	+38.354	+38.418	+38.436	+38.073	+38.486	+38.506	+38.539	+39.029	+39.048	+38.686	+38.614	+38.614	+39.069	+39.073	+39.078	+38.631	+38.654	+38.660	+38.665	+39.117	+39.375	+39.139	+39.238	+38.181	+41.658	+39.791	+39.788	+39.783	+39.780	+40.427	+39.776	+39.775	+39.484	+39.770	+39.404	+39.485	+39.484	+39.407	+39.389	+39.750	+39.741	+39.741	+39.538	+38.713	+39.039	+39.483	+39.409	+39.434	+38.348	+39.374	+37.167	+39.649	+38.216	+39.514	+39.747	+38.453	+38.368	+37.195	+38.311	+38.472	+38.502	+37.032	+38.410	+38.134	+37.946	+38.248	+38.598	+37.230	+37.538	+42.713	+47.875	+44.218	+39.618	+44.484	+38.367	+37.729	+37.388	+37.364	+37.588	+37.928	+37.523	+37.287	+37.266	+37.515	+37.624	+37.536	+37.665	+37.515	+37.451	+37.208	+37.850	+37.903	+38.053	+38.052	+38.050	+38.050	+37.188	+37.849	+38.052	+37.012	+37.350	+38.237	+47.406	+39.717	+43.496	+47.408	+45.372	+38.215	+43.715	+37.255	+47.748	+45.818	+37.733	+42.614	+46.359	+46.450	+46.693	+46.659	+43.517	+43.743	+43.368	+37.324	+37.390	+46.850	+45.504	+42.470	+50.015	+50.222	+49.609	+49.981	+37.260	+51.025	+49.275	+37.548	+50.551	+50.453	+50.101	+40.338	+45.801	+50.010	+49.836	+49.710	+49.792	
rs12544287     +37.211	+37.275	+37.082	+37.043	+37.991	+37.147	+38.418	+38.419	+38.422	+38.418	+38.248	+38.346	+38.264	+38.306	+38.354	+38.356	+38.356	+38.358	+38.359	+38.324	+38.363	+38.057	+38.306	+38.317	+38.326	+38.329	+38.333	+38.294	+38.362	+38.382	+37.988	+38.435	+38.456	+38.490	+38.963	+38.982	+38.649	+38.568	+38.568	+39.003	+39.007	+39.012	+38.586	+38.609	+38.615	+38.621	+39.050	+39.307	+39.063	+39.163	+38.086	+41.613	+39.728	+39.725	+39.720	+39.717	+40.366	+39.713	+39.712	+39.416	+39.706	+39.335	+39.417	+39.416	+39.335	+39.318	+39.681	+39.672	+39.671	+39.465	+38.618	+38.958	+39.410	+39.330	+39.357	+38.254	+39.293	+37.060	+39.570	+38.114	+39.445	+39.667	+38.361	+38.275	+37.089	+38.217	+38.380	+38.408	+36.923	+38.326	+38.038	+37.845	+38.154	+38.506	+37.120	+37.429	+42.613	+47.782	+44.115	+39.514	+44.372	+38.264	+37.625	+37.281	+37.257	+37.483	+37.821	+37.418	+37.181	+37.159	+37.412	+37.518	+37.429	+37.558	+37.409	+37.344	+37.099	+37.742	+37.799	+37.949	+37.948	+37.946	+37.943	+37.082	+37.742	+37.948	+36.903	+37.243	+38.127	+47.313	+39.613	+43.396	+47.315	+45.278	+38.114	+43.617	+37.147	+47.655	+45.724	+37.629	+42.515	+46.255	+46.356	+46.600	+46.566	+43.425	+43.649	+43.269	+37.219	+37.285	+46.758	+45.406	+42.370	+49.923	+50.130	+49.510	+49.880	+37.154	+50.920	+49.173	+37.446	+50.459	+50.361	+50.010	+40.233	+45.700	+49.919	+49.733	+49.608	+49.702	
rs118079287    +37.215	+37.279	+37.086	+37.047	+37.996	+37.151	+38.420	+38.421	+38.425	+38.421	+38.251	+38.348	+38.267	+38.309	+38.356	+38.358	+38.358	+38.361	+38.361	+38.326	+38.365	+38.306	+38.061	+38.319	+38.327	+38.331	+38.335	+38.296	+38.364	+38.383	+37.990	+38.436	+38.456	+38.491	+38.961	+38.980	+38.649	+38.568	+38.568	+39.001	+39.005	+39.009	+38.585	+38.609	+38.615	+38.620	+39.047	+39.304	+39.059	+39.158	+38.085	+41.608	+39.722	+39.719	+39.714	+39.710	+40.360	+39.706	+39.705	+39.409	+39.700	+39.329	+39.410	+39.409	+39.328	+39.311	+39.673	+39.664	+39.663	+39.457	+38.616	+38.950	+39.402	+39.321	+39.348	+38.249	+39.284	+37.063	+39.561	+38.112	+39.437	+39.658	+38.357	+38.271	+37.092	+38.214	+38.376	+38.405	+36.927	+38.323	+38.036	+37.847	+38.151	+38.503	+37.124	+37.433	+42.615	+47.783	+44.116	+39.518	+44.378	+38.265	+37.627	+37.285	+37.261	+37.485	+37.826	+37.421	+37.184	+37.162	+37.415	+37.522	+37.433	+37.563	+37.413	+37.348	+37.103	+37.747	+37.803	+37.953	+37.953	+37.951	+37.947	+37.085	+37.747	+37.953	+36.907	+37.247	+38.132	+47.314	+39.618	+43.400	+47.316	+45.278	+38.116	+43.620	+37.150	+47.656	+45.725	+37.631	+42.518	+46.256	+46.357	+46.600	+46.567	+43.426	+43.651	+43.272	+37.222	+37.288	+46.760	+45.409	+42.375	+49.923	+50.130	+49.512	+49.882	+37.157	+50.919	+49.174	+37.448	+50.459	+50.361	+50.011	+40.238	+45.703	+49.920	+49.736	+49.610	+49.704	
rs117957167    +37.236	+37.300	+37.107	+37.068	+38.013	+37.172	+38.430	+38.432	+38.435	+38.431	+38.263	+38.359	+38.278	+38.320	+38.366	+38.369	+38.369	+38.371	+38.371	+38.337	+38.375	+38.317	+38.319	+38.082	+38.337	+38.341	+38.345	+38.307	+38.373	+38.392	+38.006	+38.444	+38.465	+38.499	+38.971	+38.990	+38.655	+38.575	+38.575	+39.010	+39.014	+39.018	+38.592	+38.616	+38.621	+38.627	+39.056	+39.312	+39.069	+39.168	+38.100	+41.612	+39.728	+39.725	+39.720	+39.716	+40.365	+39.712	+39.711	+39.416	+39.706	+39.336	+39.417	+39.416	+39.336	+39.318	+39.679	+39.670	+39.669	+39.464	+38.632	+38.959	+39.408	+39.329	+39.355	+38.261	+39.292	+37.084	+39.569	+38.128	+39.445	+39.666	+38.370	+38.284	+37.112	+38.228	+38.389	+38.418	+36.947	+38.336	+38.050	+37.865	+38.165	+38.517	+37.145	+37.454	+42.634	+47.802	+44.135	+39.538	+44.401	+38.284	+37.646	+37.306	+37.282	+37.504	+37.846	+37.440	+37.204	+37.182	+37.434	+37.543	+37.454	+37.584	+37.434	+37.369	+37.124	+37.768	+37.824	+37.974	+37.973	+37.971	+37.968	+37.105	+37.767	+37.973	+36.928	+37.268	+38.152	+47.333	+39.638	+43.419	+47.335	+45.297	+38.135	+43.639	+37.171	+47.675	+45.743	+37.650	+42.536	+46.275	+46.376	+46.619	+46.585	+43.445	+43.671	+43.291	+37.242	+37.308	+46.779	+45.428	+42.394	+49.941	+50.149	+49.531	+49.902	+37.177	+50.938	+49.193	+37.467	+50.478	+50.380	+50.030	+40.258	+45.722	+49.939	+49.755	+49.629	+49.723	
rs150987845    +37.252	+37.316	+37.123	+37.085	+38.027	+37.189	+38.438	+38.440	+38.443	+38.439	+38.272	+38.367	+38.287	+38.328	+38.375	+38.377	+38.377	+38.379	+38.380	+38.345	+38.383	+38.326	+38.327	+38.337	+38.098	+38.349	+38.353	+38.315	+38.381	+38.400	+38.018	+38.451	+38.471	+38.505	+38.979	+38.997	+38.660	+38.581	+38.580	+39.017	+39.021	+39.025	+38.598	+38.621	+38.627	+38.632	+39.062	+39.319	+39.076	+39.175	+38.111	+41.615	+39.733	+39.729	+39.725	+39.721	+40.369	+39.717	+39.716	+39.422	+39.710	+39.341	+39.422	+39.421	+39.341	+39.323	+39.684	+39.675	+39.674	+39.469	+38.644	+38.966	+39.413	+39.334	+39.360	+38.271	+39.298	+37.100	+39.574	+38.140	+39.452	+39.672	+38.380	+38.295	+37.128	+38.238	+38.399	+38.428	+36.964	+38.347	+38.062	+37.880	+38.177	+38.527	+37.161	+37.470	+42.649	+47.817	+44.150	+39.554	+44.420	+38.299	+37.661	+37.323	+37.298	+37.520	+37.862	+37.456	+37.220	+37.199	+37.450	+37.560	+37.471	+37.601	+37.451	+37.386	+37.140	+37.784	+37.840	+37.990	+37.990	+37.988	+37.984	+37.122	+37.784	+37.990	+36.945	+37.284	+38.169	+47.348	+39.654	+43.434	+47.350	+45.312	+38.150	+43.655	+37.187	+47.690	+45.758	+37.665	+42.550	+46.290	+46.390	+46.634	+46.600	+43.461	+43.687	+43.305	+37.258	+37.324	+46.793	+45.443	+42.410	+49.956	+50.164	+49.545	+49.917	+37.193	+50.954	+49.208	+37.483	+50.493	+50.395	+50.045	+40.274	+45.738	+49.954	+49.770	+49.644	+49.738	
rs140463420    +37.259	+37.323	+37.130	+37.091	+38.033	+37.196	+38.442	+38.443	+38.446	+38.443	+38.276	+38.371	+38.291	+38.332	+38.378	+38.380	+38.380	+38.382	+38.383	+38.349	+38.387	+38.329	+38.331	+38.341	+38.349	+38.105	+38.357	+38.319	+38.384	+38.403	+38.023	+38.454	+38.474	+38.508	+38.982	+39.000	+38.662	+38.583	+38.583	+39.020	+39.024	+39.028	+38.600	+38.623	+38.629	+38.634	+39.065	+39.322	+39.079	+39.178	+38.116	+41.616	+39.735	+39.731	+39.727	+39.723	+40.371	+39.719	+39.718	+39.424	+39.712	+39.344	+39.424	+39.423	+39.344	+39.325	+39.686	+39.677	+39.676	+39.472	+38.649	+38.969	+39.415	+39.337	+39.362	+38.275	+39.300	+37.106	+39.577	+38.145	+39.454	+39.675	+38.384	+38.299	+37.134	+38.243	+38.404	+38.432	+36.971	+38.351	+38.067	+37.886	+38.181	+38.532	+37.168	+37.477	+42.655	+47.823	+44.156	+39.561	+44.427	+38.305	+37.667	+37.329	+37.305	+37.526	+37.869	+37.462	+37.227	+37.205	+37.456	+37.567	+37.478	+37.607	+37.457	+37.392	+37.147	+37.791	+37.847	+37.997	+37.997	+37.994	+37.991	+37.128	+37.790	+37.996	+36.951	+37.291	+38.175	+47.354	+39.661	+43.441	+47.356	+45.318	+38.156	+43.661	+37.193	+47.696	+45.764	+37.671	+42.556	+46.296	+46.396	+46.640	+46.606	+43.467	+43.693	+43.312	+37.264	+37.330	+46.799	+45.449	+42.417	+49.962	+50.170	+49.551	+49.924	+37.200	+50.960	+49.214	+37.489	+50.499	+50.401	+50.051	+40.281	+45.744	+49.960	+49.776	+49.651	+49.745	
rs116916919    +37.267	+37.331	+37.138	+37.099	+38.040	+37.204	+38.446	+38.447	+38.451	+38.447	+38.281	+38.375	+38.296	+38.336	+38.382	+38.384	+38.384	+38.386	+38.387	+38.353	+38.391	+38.333	+38.335	+38.345	+38.353	+38.357	+38.113	+38.323	+38.388	+38.406	+38.029	+38.457	+38.477	+38.510	+38.986	+39.004	+38.664	+38.585	+38.585	+39.023	+39.027	+39.031	+38.602	+38.625	+38.631	+38.636	+39.068	+39.324	+39.082	+39.181	+38.121	+41.616	+39.736	+39.732	+39.728	+39.724	+40.372	+39.720	+39.719	+39.425	+39.713	+39.345	+39.425	+39.424	+39.345	+39.326	+39.687	+39.677	+39.677	+39.473	+38.655	+38.970	+39.416	+39.338	+39.362	+38.278	+39.301	+37.114	+39.578	+38.151	+39.455	+39.675	+38.388	+38.303	+37.142	+38.247	+38.408	+38.436	+36.979	+38.356	+38.072	+37.893	+38.186	+38.536	+37.175	+37.485	+42.663	+47.835	+44.165	+39.569	+44.439	+38.313	+37.674	+37.337	+37.313	+37.533	+37.877	+37.469	+37.234	+37.213	+37.464	+37.575	+37.486	+37.616	+37.465	+37.401	+37.155	+37.798	+37.855	+38.005	+38.004	+38.002	+37.999	+37.136	+37.798	+38.004	+36.959	+37.299	+38.182	+47.365	+39.669	+43.449	+47.367	+45.327	+38.163	+43.669	+37.201	+47.707	+45.773	+37.678	+42.564	+46.306	+46.406	+46.650	+46.616	+43.476	+43.703	+43.320	+37.272	+37.338	+46.809	+45.459	+42.424	+49.974	+50.181	+49.560	+49.933	+37.208	+50.972	+49.224	+37.497	+50.511	+50.413	+50.063	+40.289	+45.755	+49.972	+49.786	+49.661	+49.755	
rs147849067    +37.189	+37.252	+37.060	+37.021	+37.980	+37.122	+38.411	+38.413	+38.416	+38.412	+38.239	+38.338	+38.255	+38.297	+38.345	+38.348	+38.348	+38.350	+38.351	+38.315	+38.354	+38.294	+38.296	+38.307	+38.315	+38.319	+38.323	+38.034	+38.351	+38.371	+37.970	+38.424	+38.444	+38.479	+38.944	+38.962	+38.638	+38.556	+38.556	+38.981	+38.985	+38.989	+38.573	+38.597	+38.603	+38.608	+39.024	+39.281	+39.033	+39.132	+38.056	+41.590	+39.697	+39.693	+39.688	+39.685	+40.335	+39.681	+39.679	+39.382	+39.674	+39.302	+39.383	+39.382	+39.299	+39.282	+39.643	+39.634	+39.633	+39.426	+38.586	+38.918	+39.370	+39.288	+39.314	+38.216	+39.249	+37.036	+39.527	+38.081	+39.404	+39.624	+38.326	+38.240	+37.066	+38.183	+38.345	+38.373	+36.900	+38.292	+38.006	+37.820	+38.121	+38.474	+37.096	+37.406	+42.585	+47.757	+44.088	+39.490	+44.351	+38.239	+37.600	+37.259	+37.234	+37.459	+37.798	+37.394	+37.157	+37.135	+37.388	+37.496	+37.407	+37.537	+37.388	+37.322	+37.076	+37.720	+37.776	+37.926	+37.926	+37.924	+37.920	+37.059	+37.719	+37.926	+36.880	+37.220	+38.103	+47.287	+39.590	+43.371	+47.290	+45.249	+38.090	+43.591	+37.124	+47.630	+45.696	+37.604	+42.487	+46.228	+46.329	+46.572	+46.539	+43.399	+43.625	+43.243	+37.195	+37.262	+46.731	+45.382	+42.346	+49.896	+50.104	+49.483	+49.855	+37.131	+50.895	+49.147	+37.422	+50.434	+50.336	+49.986	+40.210	+45.678	+49.895	+49.710	+49.584	+49.678	
