## Summary of overall evidence for association with region:
## log10(BF for region) = -0.0466107
## p-value for region = NA

## BFs for choosing among multi-SNP models:
## log10(average 1-SNP BF) = -0.0146869
## log10(average 2-SNP BF) = -0.118498

## Example posterior probabilities for multi-SNP models, based on default prior: [p(l) propto 0.5^l for l=1,2,...,L]
## posterior probability of 1-SNP = 0.717518
## posterior probability of 2-SNP = 0.282482

## log10(BF) for single SNP and pair of SNPs:
rs9964229      +0.305	+0.113	+0.232	+0.203	+0.271	+0.187	+0.110	+0.112	+0.054	+0.033	+0.031	+0.033	+0.040	+0.047	+0.025	+0.026	+0.065	+0.030	+0.148	+0.053	+0.053	+0.053	+0.077	-0.210	-0.188	-0.203	-0.223	-0.018	-0.224	-0.018	-0.018	-0.018	-0.226	-0.018	-0.085	-0.224	-0.020	-0.225	-0.220	-0.220	-0.220	-0.047	-0.021	-0.050	-0.054	-0.003	-0.219	-0.050	-0.049	-0.005	+0.019	-0.004	-0.004	-0.003	-0.002	-0.002	+0.015	+0.017	-0.081	-0.082	-0.096	-0.089	-0.104	+0.409	+0.055	+0.528	+0.112	+0.062	+0.065	+0.063	+0.399	+0.065	+0.037	+0.069	+0.111	+0.528	-0.149	+0.262	+0.349	-0.168	+0.350	+0.069	+0.069	+0.070	+0.070	+0.446	+0.413	-0.141	-0.141	-0.159	-0.160	-0.161	-0.161	-0.175	-0.164	-0.164	-0.164	-0.160	+0.400	+0.562	-0.164	-0.164	-0.170	-0.178	-0.170	-0.169	-0.155	-0.170	-0.169	-0.169	-0.168	-0.167	-0.166	+0.243	+0.276	+0.255	+0.253	+0.292	+0.284	+0.304	+0.300	+0.319	+0.756	+0.360	+0.360	+0.362	+0.731	+0.732	+0.394	+0.721	+0.766	+0.722	+0.650	+0.740	+0.706	+0.928	+0.868	+0.639	+0.732	+0.803	+0.883	-0.021	+0.545	+0.384	+0.500	+0.632	+0.628	+0.772	+0.612	+0.746	+0.760	+0.765	-0.017	-0.017	-0.001	-0.208	-0.211	-0.209	-0.215	-0.219	-0.220	-0.219	-0.201	-0.202	-0.227	-0.231	-0.236	-0.230	-0.236	-0.236	-0.234	-0.234	-0.236	-0.190	-0.216	-0.182	-0.186	+0.625	-0.207	-0.198	-0.202	-0.201	-0.201	-0.205	-0.194	
rs56042504     +0.113	+0.128	-0.019	-0.011	-0.038	-0.085	-0.028	-0.020	-0.171	-0.100	-0.117	-0.154	-0.084	-0.072	-0.127	-0.131	-0.043	-0.110	+0.067	-0.061	-0.061	-0.061	-0.024	-0.372	-0.362	-0.369	-0.391	-0.186	-0.392	-0.186	-0.186	-0.186	-0.395	-0.186	-0.247	-0.393	-0.188	-0.392	-0.386	-0.386	-0.386	-0.205	-0.189	-0.209	-0.213	-0.160	-0.388	-0.208	-0.208	-0.163	-0.139	-0.162	-0.162	-0.161	-0.160	-0.160	-0.143	-0.140	-0.240	-0.241	-0.255	-0.248	-0.264	+0.231	-0.090	+0.404	-0.031	-0.082	-0.080	-0.081	+0.271	-0.080	-0.108	-0.075	-0.031	+0.404	-0.317	+0.118	+0.209	-0.336	+0.210	-0.075	-0.075	-0.074	-0.073	+0.308	+0.275	-0.309	-0.309	-0.327	-0.328	-0.329	-0.329	-0.343	-0.332	-0.332	-0.332	-0.328	+0.262	+0.439	-0.332	-0.332	-0.338	-0.346	-0.338	-0.337	-0.324	-0.337	-0.337	-0.337	-0.336	-0.335	-0.334	+0.100	+0.135	+0.111	+0.110	+0.150	+0.142	+0.161	+0.157	+0.177	+0.628	+0.219	+0.218	+0.220	+0.591	+0.593	+0.267	+0.582	+0.627	+0.583	+0.509	+0.600	+0.565	+0.779	+0.720	+0.498	+0.593	+0.663	+0.743	-0.189	+0.397	+0.228	+0.324	+0.499	+0.482	+0.609	+0.438	+0.576	+0.590	+0.596	-0.185	-0.185	-0.170	-0.375	-0.376	-0.374	-0.381	-0.386	-0.386	-0.386	-0.369	-0.369	-0.393	-0.398	-0.403	-0.397	-0.403	-0.402	-0.401	-0.400	-0.402	-0.357	-0.382	-0.349	-0.353	+0.455	-0.372	-0.364	-0.367	-0.367	-0.367	-0.370	-0.359	
rs7243676      +0.232	-0.019	+0.116	+0.041	+0.031	-0.040	-0.010	-0.003	-0.146	-0.099	-0.112	-0.140	-0.105	-0.092	-0.149	-0.145	-0.060	-0.123	+0.051	-0.079	-0.079	-0.079	-0.041	-0.379	-0.364	-0.370	-0.396	-0.192	-0.397	-0.192	-0.192	-0.192	-0.399	-0.193	-0.264	-0.397	-0.194	-0.394	-0.388	-0.388	-0.388	-0.217	-0.196	-0.221	-0.224	-0.171	-0.392	-0.220	-0.220	-0.175	-0.152	-0.174	-0.174	-0.174	-0.173	-0.173	-0.156	-0.153	-0.252	-0.253	-0.267	-0.260	-0.275	+0.228	-0.110	+0.373	-0.052	-0.103	-0.100	-0.102	+0.244	-0.100	-0.126	-0.096	-0.053	+0.373	-0.322	+0.097	+0.187	-0.341	+0.188	-0.095	-0.095	-0.094	-0.094	+0.284	+0.251	-0.314	-0.315	-0.332	-0.333	-0.334	-0.334	-0.348	-0.337	-0.337	-0.337	-0.333	+0.238	+0.409	-0.337	-0.337	-0.343	-0.351	-0.343	-0.342	-0.328	-0.342	-0.342	-0.342	-0.341	-0.340	-0.339	+0.078	+0.114	+0.090	+0.089	+0.128	+0.120	+0.139	+0.135	+0.155	+0.600	+0.196	+0.195	+0.197	+0.568	+0.569	+0.239	+0.558	+0.603	+0.559	+0.486	+0.576	+0.542	+0.758	+0.698	+0.475	+0.569	+0.639	+0.719	-0.196	+0.382	+0.221	+0.338	+0.476	+0.467	+0.613	+0.453	+0.587	+0.600	+0.606	-0.192	-0.192	-0.177	-0.380	-0.384	-0.382	-0.387	-0.392	-0.393	-0.392	-0.372	-0.373	-0.398	-0.402	-0.408	-0.402	-0.407	-0.407	-0.405	-0.405	-0.407	-0.361	-0.387	-0.352	-0.357	+0.442	-0.377	-0.369	-0.372	-0.372	-0.371	-0.375	-0.364	
rs7226371      +0.203	-0.011	+0.041	+0.127	+0.028	-0.036	-0.007	-0.000	-0.138	-0.093	-0.106	-0.133	-0.099	-0.085	-0.139	-0.138	-0.054	-0.116	+0.055	-0.073	-0.073	-0.073	-0.035	-0.370	-0.354	-0.362	-0.387	-0.183	-0.388	-0.183	-0.183	-0.183	-0.390	-0.183	-0.254	-0.388	-0.185	-0.385	-0.380	-0.380	-0.380	-0.207	-0.186	-0.211	-0.215	-0.162	-0.383	-0.210	-0.210	-0.165	-0.142	-0.164	-0.164	-0.164	-0.163	-0.163	-0.146	-0.143	-0.242	-0.243	-0.257	-0.250	-0.265	+0.238	-0.100	+0.383	-0.042	-0.093	-0.090	-0.092	+0.253	-0.090	-0.117	-0.086	-0.042	+0.383	-0.313	+0.106	+0.196	-0.332	+0.197	-0.085	-0.085	-0.084	-0.084	+0.293	+0.261	-0.305	-0.306	-0.323	-0.324	-0.325	-0.325	-0.339	-0.328	-0.328	-0.328	-0.324	+0.248	+0.418	-0.328	-0.328	-0.334	-0.342	-0.334	-0.333	-0.319	-0.333	-0.333	-0.333	-0.332	-0.331	-0.330	+0.088	+0.123	+0.100	+0.098	+0.137	+0.129	+0.149	+0.145	+0.165	+0.608	+0.205	+0.205	+0.207	+0.576	+0.578	+0.249	+0.567	+0.611	+0.568	+0.495	+0.585	+0.551	+0.767	+0.707	+0.484	+0.578	+0.648	+0.729	-0.186	+0.391	+0.228	+0.346	+0.484	+0.477	+0.622	+0.460	+0.596	+0.610	+0.615	-0.183	-0.183	-0.167	-0.371	-0.374	-0.372	-0.378	-0.383	-0.383	-0.383	-0.363	-0.364	-0.389	-0.393	-0.398	-0.392	-0.398	-0.398	-0.396	-0.396	-0.398	-0.352	-0.378	-0.343	-0.348	+0.452	-0.368	-0.359	-0.363	-0.362	-0.362	-0.366	-0.355	
rs7230605      +0.271	-0.038	+0.031	+0.028	+0.080	-0.074	-0.026	-0.017	-0.180	-0.120	-0.136	-0.170	-0.130	-0.115	-0.180	-0.176	-0.080	-0.151	+0.036	-0.101	-0.101	-0.101	-0.060	-0.412	-0.398	-0.403	-0.429	-0.226	-0.430	-0.226	-0.226	-0.226	-0.433	-0.227	-0.300	-0.431	-0.228	-0.426	-0.421	-0.421	-0.421	-0.251	-0.229	-0.254	-0.258	-0.205	-0.426	-0.253	-0.253	-0.209	-0.185	-0.208	-0.208	-0.208	-0.206	-0.206	-0.189	-0.187	-0.285	-0.287	-0.300	-0.294	-0.309	+0.194	-0.141	+0.344	-0.084	-0.134	-0.131	-0.133	+0.214	-0.132	-0.157	-0.127	-0.084	+0.344	-0.355	+0.066	+0.156	-0.374	+0.157	-0.127	-0.127	-0.126	-0.125	+0.253	+0.221	-0.348	-0.348	-0.365	-0.366	-0.367	-0.368	-0.381	-0.370	-0.370	-0.370	-0.367	+0.208	+0.380	-0.370	-0.370	-0.376	-0.384	-0.376	-0.376	-0.362	-0.376	-0.376	-0.375	-0.374	-0.374	-0.372	+0.047	+0.083	+0.059	+0.058	+0.097	+0.089	+0.109	+0.104	+0.124	+0.570	+0.165	+0.164	+0.167	+0.537	+0.539	+0.209	+0.528	+0.572	+0.528	+0.455	+0.546	+0.512	+0.727	+0.666	+0.444	+0.538	+0.609	+0.689	-0.230	+0.351	+0.190	+0.308	+0.447	+0.437	+0.583	+0.423	+0.557	+0.570	+0.576	-0.226	-0.226	-0.211	-0.414	-0.417	-0.415	-0.421	-0.426	-0.426	-0.426	-0.406	-0.406	-0.431	-0.436	-0.441	-0.435	-0.441	-0.440	-0.438	-0.438	-0.440	-0.394	-0.420	-0.386	-0.391	+0.407	-0.410	-0.402	-0.405	-0.405	-0.405	-0.408	-0.397	
rs9959497      +0.187	-0.085	-0.040	-0.036	-0.074	-0.010	-0.004	+0.010	-0.241	-0.157	-0.177	-0.222	-0.176	-0.156	-0.245	-0.240	-0.116	-0.209	+0.011	-0.142	-0.141	-0.141	-0.093	-0.491	-0.485	-0.483	-0.513	-0.308	-0.514	-0.308	-0.308	-0.308	-0.516	-0.308	-0.383	-0.515	-0.310	-0.508	-0.502	-0.502	-0.502	-0.328	-0.311	-0.331	-0.335	-0.279	-0.510	-0.330	-0.330	-0.285	-0.262	-0.284	-0.284	-0.284	-0.283	-0.283	-0.266	-0.263	-0.363	-0.364	-0.378	-0.371	-0.387	+0.103	-0.220	+0.270	-0.162	-0.212	-0.209	-0.211	+0.139	-0.210	-0.233	-0.205	-0.162	+0.270	-0.434	-0.010	+0.085	-0.454	+0.086	-0.204	-0.204	-0.203	-0.203	+0.182	+0.150	-0.427	-0.427	-0.444	-0.445	-0.447	-0.447	-0.461	-0.450	-0.450	-0.450	-0.446	+0.137	+0.306	-0.450	-0.450	-0.456	-0.464	-0.456	-0.455	-0.441	-0.455	-0.455	-0.455	-0.454	-0.453	-0.452	-0.029	+0.011	-0.017	-0.018	+0.021	+0.013	+0.033	+0.029	+0.049	+0.499	+0.090	+0.089	+0.091	+0.467	+0.468	+0.135	+0.457	+0.502	+0.458	+0.384	+0.476	+0.441	+0.654	+0.594	+0.373	+0.468	+0.538	+0.618	-0.312	+0.278	+0.114	+0.232	+0.369	+0.364	+0.511	+0.347	+0.483	+0.497	+0.503	-0.309	-0.309	-0.293	-0.495	-0.498	-0.496	-0.502	-0.507	-0.507	-0.507	-0.486	-0.487	-0.512	-0.516	-0.521	-0.515	-0.521	-0.521	-0.519	-0.519	-0.521	-0.474	-0.501	-0.467	-0.471	+0.321	-0.491	-0.482	-0.486	-0.485	-0.485	-0.489	-0.478	
rs8090698      +0.110	-0.028	-0.010	-0.007	-0.026	-0.004	+0.131	+0.064	-0.075	-0.076	-0.083	-0.093	-0.074	-0.064	-0.110	-0.107	-0.040	-0.098	+0.059	-0.058	-0.057	-0.057	-0.026	-0.363	-0.351	-0.358	-0.382	-0.175	-0.383	-0.175	-0.175	-0.175	-0.385	-0.176	-0.241	-0.383	-0.178	-0.381	-0.376	-0.375	-0.375	-0.195	-0.179	-0.199	-0.203	-0.148	-0.378	-0.198	-0.198	-0.153	-0.129	-0.152	-0.151	-0.151	-0.150	-0.150	-0.133	-0.131	-0.230	-0.231	-0.245	-0.238	-0.254	+0.236	-0.095	+0.385	-0.038	-0.088	-0.085	-0.087	+0.256	-0.085	-0.110	-0.081	-0.038	+0.385	-0.305	+0.110	+0.201	-0.324	+0.203	-0.081	-0.080	-0.079	-0.079	+0.298	+0.266	-0.297	-0.298	-0.315	-0.316	-0.317	-0.317	-0.330	-0.320	-0.320	-0.320	-0.316	+0.253	+0.420	-0.320	-0.320	-0.326	-0.334	-0.326	-0.325	-0.311	-0.325	-0.325	-0.325	-0.324	-0.323	-0.322	+0.092	+0.129	+0.104	+0.102	+0.141	+0.133	+0.153	+0.149	+0.168	+0.611	+0.209	+0.208	+0.211	+0.582	+0.584	+0.252	+0.573	+0.617	+0.574	+0.501	+0.591	+0.557	+0.775	+0.715	+0.490	+0.584	+0.654	+0.733	-0.179	+0.395	+0.231	+0.345	+0.485	+0.480	+0.623	+0.460	+0.597	+0.610	+0.616	-0.176	-0.176	-0.160	-0.364	-0.366	-0.364	-0.371	-0.375	-0.375	-0.375	-0.356	-0.357	-0.381	-0.386	-0.391	-0.385	-0.391	-0.391	-0.389	-0.388	-0.390	-0.344	-0.371	-0.336	-0.341	+0.458	-0.361	-0.352	-0.356	-0.355	-0.355	-0.359	-0.348	
rs7226473      +0.112	-0.020	-0.003	-0.000	-0.017	+0.010	+0.064	+0.144	-0.056	-0.066	-0.072	-0.078	-0.064	-0.054	-0.096	-0.094	-0.032	-0.087	+0.065	-0.048	-0.048	-0.048	-0.018	-0.351	-0.338	-0.345	-0.369	-0.162	-0.370	-0.163	-0.163	-0.163	-0.372	-0.163	-0.228	-0.371	-0.165	-0.369	-0.363	-0.363	-0.363	-0.183	-0.166	-0.187	-0.190	-0.135	-0.366	-0.186	-0.185	-0.140	-0.116	-0.139	-0.139	-0.139	-0.138	-0.138	-0.121	-0.118	-0.218	-0.219	-0.233	-0.226	-0.241	+0.249	-0.083	+0.396	-0.026	-0.076	-0.073	-0.075	+0.267	-0.073	-0.098	-0.069	-0.026	+0.396	-0.292	+0.122	+0.213	-0.312	+0.214	-0.069	-0.069	-0.067	-0.067	+0.310	+0.278	-0.285	-0.285	-0.302	-0.303	-0.304	-0.305	-0.318	-0.307	-0.307	-0.307	-0.304	+0.265	+0.431	-0.307	-0.307	-0.313	-0.321	-0.313	-0.313	-0.299	-0.313	-0.313	-0.312	-0.311	-0.311	-0.309	+0.103	+0.140	+0.115	+0.114	+0.153	+0.145	+0.164	+0.160	+0.180	+0.622	+0.221	+0.220	+0.222	+0.594	+0.595	+0.263	+0.584	+0.629	+0.585	+0.513	+0.603	+0.569	+0.787	+0.727	+0.501	+0.595	+0.665	+0.745	-0.166	+0.406	+0.242	+0.356	+0.496	+0.492	+0.635	+0.471	+0.608	+0.622	+0.627	-0.163	-0.163	-0.147	-0.351	-0.354	-0.352	-0.358	-0.362	-0.363	-0.362	-0.343	-0.344	-0.369	-0.373	-0.378	-0.372	-0.378	-0.378	-0.376	-0.376	-0.378	-0.332	-0.358	-0.324	-0.329	+0.471	-0.348	-0.340	-0.343	-0.343	-0.343	-0.346	-0.336	
rs2083323      +0.054	-0.171	-0.146	-0.138	-0.180	-0.241	-0.075	-0.056	-0.154	-0.087	-0.102	-0.210	-0.260	-0.235	-0.359	-0.352	-0.184	-0.307	-0.039	-0.217	-0.216	-0.216	-0.158	-0.619	-0.623	-0.609	-0.642	-0.443	-0.643	-0.443	-0.443	-0.443	-0.645	-0.444	-0.518	-0.644	-0.445	-0.631	-0.625	-0.625	-0.625	-0.452	-0.446	-0.455	-0.459	-0.413	-0.639	-0.454	-0.454	-0.409	-0.385	-0.408	-0.407	-0.407	-0.406	-0.406	-0.389	-0.387	-0.487	-0.488	-0.502	-0.495	-0.511	-0.046	-0.332	+0.168	-0.273	-0.324	-0.322	-0.323	+0.036	-0.322	-0.358	-0.317	-0.273	+0.169	-0.571	-0.117	-0.037	-0.590	-0.036	-0.316	-0.316	-0.314	-0.314	+0.061	+0.028	-0.565	-0.565	-0.581	-0.582	-0.584	-0.584	-0.597	-0.586	-0.586	-0.586	-0.583	+0.015	+0.206	-0.586	-0.586	-0.592	-0.600	-0.592	-0.592	-0.578	-0.592	-0.591	-0.591	-0.590	-0.590	-0.589	-0.136	-0.112	-0.124	-0.125	-0.086	-0.094	-0.074	-0.078	-0.058	+0.401	-0.016	-0.017	-0.015	+0.344	+0.345	+0.033	+0.335	+0.380	+0.335	+0.262	+0.353	+0.318	+0.526	+0.467	+0.251	+0.346	+0.418	+0.499	-0.444	+0.161	-0.003	+0.116	+0.268	+0.248	+0.398	+0.233	+0.368	+0.383	+0.389	-0.441	-0.441	-0.426	-0.625	-0.628	-0.626	-0.632	-0.637	-0.637	-0.637	-0.616	-0.617	-0.642	-0.646	-0.651	-0.646	-0.651	-0.651	-0.649	-0.649	-0.651	-0.605	-0.631	-0.597	-0.602	+0.174	-0.620	-0.611	-0.615	-0.614	-0.614	-0.618	-0.607	
rs9948978      +0.033	-0.100	-0.099	-0.093	-0.120	-0.157	-0.076	-0.066	-0.087	+0.041	-0.110	-0.116	-0.164	-0.149	-0.214	-0.211	-0.115	-0.183	+0.002	-0.135	-0.134	-0.134	-0.094	-0.442	-0.441	-0.438	-0.462	-0.259	-0.464	-0.259	-0.259	-0.260	-0.466	-0.260	-0.320	-0.464	-0.261	-0.457	-0.451	-0.451	-0.451	-0.261	-0.262	-0.265	-0.268	-0.226	-0.459	-0.264	-0.264	-0.216	-0.192	-0.216	-0.215	-0.215	-0.214	-0.214	-0.197	-0.194	-0.295	-0.297	-0.311	-0.304	-0.320	+0.122	-0.154	+0.334	-0.095	-0.146	-0.143	-0.145	+0.203	-0.144	-0.184	-0.139	-0.095	+0.334	-0.396	+0.047	+0.121	-0.414	+0.122	-0.139	-0.138	-0.137	-0.137	+0.217	+0.185	-0.389	-0.389	-0.405	-0.406	-0.407	-0.407	-0.420	-0.410	-0.410	-0.410	-0.407	+0.172	+0.371	-0.410	-0.410	-0.415	-0.422	-0.415	-0.415	-0.402	-0.415	-0.415	-0.415	-0.413	-0.413	-0.412	+0.029	+0.048	+0.040	+0.039	+0.078	+0.070	+0.090	+0.086	+0.106	+0.549	+0.147	+0.146	+0.148	+0.500	+0.502	+0.199	+0.492	+0.536	+0.493	+0.420	+0.510	+0.475	+0.687	+0.629	+0.409	+0.503	+0.576	+0.655	-0.260	+0.340	+0.175	+0.292	+0.434	+0.428	+0.575	+0.409	+0.545	+0.561	+0.567	-0.256	-0.256	-0.242	-0.444	-0.445	-0.443	-0.450	-0.454	-0.454	-0.454	-0.432	-0.433	-0.459	-0.464	-0.469	-0.463	-0.468	-0.468	-0.466	-0.466	-0.468	-0.421	-0.448	-0.413	-0.418	+0.366	-0.437	-0.429	-0.432	-0.432	-0.432	-0.435	-0.424	
rs1992268      +0.031	-0.117	-0.112	-0.106	-0.136	-0.177	-0.083	-0.072	-0.102	-0.110	+0.003	-0.116	-0.184	-0.167	-0.243	-0.239	-0.129	-0.208	-0.006	-0.151	-0.151	-0.151	-0.107	-0.478	-0.476	-0.470	-0.497	-0.296	-0.498	-0.296	-0.297	-0.297	-0.500	-0.297	-0.363	-0.498	-0.298	-0.490	-0.484	-0.484	-0.484	-0.303	-0.299	-0.306	-0.310	-0.268	-0.494	-0.306	-0.305	-0.259	-0.235	-0.258	-0.258	-0.257	-0.256	-0.256	-0.240	-0.237	-0.338	-0.339	-0.353	-0.346	-0.362	+0.097	-0.191	+0.300	-0.132	-0.183	-0.181	-0.182	+0.169	-0.181	-0.221	-0.176	-0.132	+0.301	-0.427	+0.025	+0.098	-0.445	+0.100	-0.175	-0.175	-0.174	-0.174	+0.196	+0.164	-0.420	-0.420	-0.437	-0.437	-0.439	-0.439	-0.452	-0.441	-0.442	-0.442	-0.438	+0.150	+0.337	-0.442	-0.442	-0.447	-0.455	-0.447	-0.447	-0.434	-0.447	-0.447	-0.446	-0.445	-0.445	-0.444	+0.006	+0.024	+0.017	+0.016	+0.056	+0.048	+0.068	+0.064	+0.084	+0.536	+0.126	+0.125	+0.127	+0.480	+0.482	+0.166	+0.472	+0.516	+0.472	+0.400	+0.490	+0.455	+0.668	+0.609	+0.389	+0.483	+0.556	+0.636	-0.296	+0.298	+0.134	+0.252	+0.402	+0.385	+0.533	+0.368	+0.503	+0.519	+0.524	-0.293	-0.293	-0.279	-0.480	-0.482	-0.480	-0.487	-0.491	-0.491	-0.491	-0.471	-0.472	-0.497	-0.501	-0.506	-0.501	-0.506	-0.506	-0.504	-0.504	-0.506	-0.460	-0.486	-0.452	-0.457	+0.326	-0.476	-0.467	-0.471	-0.470	-0.470	-0.473	-0.463	
rs1992269      +0.033	-0.154	-0.140	-0.133	-0.170	-0.222	-0.093	-0.078	-0.210	-0.116	-0.116	-0.089	-0.232	-0.211	-0.313	-0.307	-0.166	-0.269	-0.030	-0.194	-0.193	-0.193	-0.141	-0.561	-0.562	-0.553	-0.582	-0.382	-0.583	-0.382	-0.382	-0.382	-0.585	-0.383	-0.453	-0.583	-0.384	-0.573	-0.567	-0.567	-0.567	-0.390	-0.385	-0.394	-0.397	-0.353	-0.578	-0.393	-0.393	-0.347	-0.322	-0.346	-0.345	-0.345	-0.344	-0.344	-0.327	-0.325	-0.425	-0.426	-0.440	-0.433	-0.449	+0.013	-0.274	+0.221	-0.215	-0.266	-0.264	-0.265	+0.090	-0.264	-0.302	-0.259	-0.215	+0.222	-0.511	-0.058	+0.018	-0.530	+0.020	-0.258	-0.258	-0.257	-0.256	+0.116	+0.084	-0.505	-0.505	-0.521	-0.522	-0.523	-0.524	-0.536	-0.526	-0.526	-0.526	-0.523	+0.070	+0.259	-0.526	-0.526	-0.532	-0.539	-0.532	-0.531	-0.518	-0.532	-0.531	-0.531	-0.530	-0.530	-0.528	-0.077	-0.056	-0.066	-0.067	-0.027	-0.035	-0.015	-0.020	+0.001	+0.455	+0.042	+0.041	+0.044	+0.400	+0.401	+0.086	+0.391	+0.436	+0.392	+0.319	+0.410	+0.374	+0.584	+0.525	+0.308	+0.402	+0.475	+0.555	-0.383	+0.217	+0.053	+0.171	+0.321	+0.304	+0.452	+0.288	+0.422	+0.438	+0.443	-0.380	-0.379	-0.365	-0.565	-0.567	-0.565	-0.572	-0.576	-0.577	-0.576	-0.556	-0.557	-0.582	-0.586	-0.591	-0.585	-0.591	-0.591	-0.589	-0.588	-0.591	-0.545	-0.571	-0.537	-0.542	+0.237	-0.560	-0.552	-0.555	-0.555	-0.555	-0.558	-0.547	
rs117649251    +0.040	-0.084	-0.105	-0.099	-0.130	-0.176	-0.074	-0.064	-0.260	-0.164	-0.184	-0.232	+0.007	-0.055	-0.181	-0.173	-0.030	-0.162	+0.108	-0.069	-0.070	-0.070	-0.018	-0.478	-0.477	-0.475	-0.500	-0.294	-0.502	-0.294	-0.294	-0.294	-0.504	-0.295	-0.357	-0.502	-0.296	-0.499	-0.493	-0.493	-0.493	-0.310	-0.297	-0.314	-0.317	-0.262	-0.498	-0.313	-0.313	-0.267	-0.243	-0.266	-0.266	-0.265	-0.264	-0.264	-0.247	-0.245	-0.345	-0.346	-0.360	-0.354	-0.369	+0.107	-0.196	+0.301	-0.137	-0.188	-0.186	-0.187	+0.169	-0.186	-0.211	-0.181	-0.137	+0.301	-0.424	+0.010	+0.104	-0.443	+0.105	-0.180	-0.180	-0.178	-0.178	+0.202	+0.169	-0.418	-0.418	-0.434	-0.435	-0.437	-0.437	-0.450	-0.439	-0.440	-0.440	-0.436	+0.156	+0.339	-0.440	-0.440	-0.446	-0.453	-0.445	-0.445	-0.431	-0.445	-0.445	-0.445	-0.443	-0.443	-0.442	-0.007	+0.030	+0.004	+0.003	+0.043	+0.035	+0.054	+0.050	+0.070	+0.524	+0.112	+0.111	+0.113	+0.486	+0.488	+0.167	+0.477	+0.522	+0.478	+0.404	+0.496	+0.461	+0.672	+0.613	+0.393	+0.488	+0.558	+0.638	-0.298	+0.295	+0.129	+0.227	+0.397	+0.382	+0.510	+0.341	+0.478	+0.492	+0.497	-0.294	-0.294	-0.279	-0.482	-0.482	-0.480	-0.489	-0.492	-0.492	-0.492	-0.474	-0.475	-0.499	-0.504	-0.509	-0.503	-0.509	-0.509	-0.507	-0.506	-0.508	-0.462	-0.488	-0.455	-0.459	+0.329	-0.479	-0.471	-0.474	-0.474	-0.474	-0.477	-0.467	
rs56047191     +0.047	-0.072	-0.092	-0.085	-0.115	-0.156	-0.064	-0.054	-0.235	-0.149	-0.167	-0.211	-0.055	+0.039	-0.145	-0.136	-0.021	-0.136	+0.106	-0.055	-0.055	-0.055	-0.010	-0.449	-0.447	-0.447	-0.471	-0.264	-0.473	-0.264	-0.264	-0.264	-0.475	-0.264	-0.324	-0.473	-0.266	-0.470	-0.465	-0.465	-0.465	-0.279	-0.267	-0.283	-0.287	-0.231	-0.468	-0.282	-0.282	-0.236	-0.212	-0.235	-0.235	-0.235	-0.233	-0.233	-0.217	-0.214	-0.314	-0.316	-0.330	-0.323	-0.338	+0.136	-0.167	+0.328	-0.108	-0.159	-0.157	-0.159	+0.197	-0.157	-0.183	-0.152	-0.108	+0.329	-0.395	+0.038	+0.131	-0.414	+0.132	-0.151	-0.151	-0.150	-0.149	+0.229	+0.196	-0.388	-0.388	-0.405	-0.406	-0.407	-0.408	-0.421	-0.410	-0.410	-0.410	-0.407	+0.183	+0.366	-0.410	-0.410	-0.416	-0.424	-0.416	-0.415	-0.402	-0.416	-0.415	-0.415	-0.414	-0.414	-0.412	+0.020	+0.057	+0.032	+0.031	+0.070	+0.062	+0.082	+0.078	+0.098	+0.550	+0.139	+0.138	+0.140	+0.514	+0.515	+0.194	+0.504	+0.549	+0.505	+0.432	+0.523	+0.488	+0.701	+0.641	+0.420	+0.515	+0.586	+0.666	-0.268	+0.324	+0.157	+0.254	+0.424	+0.411	+0.537	+0.368	+0.505	+0.519	+0.524	-0.264	-0.264	-0.249	-0.453	-0.452	-0.450	-0.459	-0.462	-0.462	-0.462	-0.444	-0.445	-0.470	-0.474	-0.479	-0.473	-0.479	-0.479	-0.477	-0.476	-0.479	-0.433	-0.459	-0.425	-0.430	+0.361	-0.450	-0.441	-0.445	-0.444	-0.444	-0.448	-0.437	
rs112303896    +0.025	-0.127	-0.149	-0.139	-0.180	-0.245	-0.110	-0.096	-0.359	-0.214	-0.243	-0.313	-0.181	-0.145	-0.137	-0.241	-0.074	-0.205	+0.181	-0.126	-0.125	-0.125	-0.043	-0.609	-0.620	-0.600	-0.638	-0.432	-0.639	-0.432	-0.432	-0.432	-0.641	-0.433	-0.512	-0.640	-0.434	-0.627	-0.621	-0.621	-0.621	-0.445	-0.435	-0.448	-0.452	-0.394	-0.635	-0.447	-0.447	-0.402	-0.378	-0.401	-0.400	-0.400	-0.399	-0.399	-0.382	-0.379	-0.481	-0.482	-0.496	-0.489	-0.505	-0.037	-0.322	+0.191	-0.262	-0.314	-0.311	-0.313	+0.059	-0.312	-0.335	-0.307	-0.261	+0.192	-0.563	-0.116	-0.019	-0.581	-0.018	-0.304	-0.304	-0.303	-0.302	+0.080	+0.047	-0.556	-0.556	-0.573	-0.574	-0.575	-0.575	-0.588	-0.578	-0.578	-0.578	-0.575	+0.033	+0.231	-0.578	-0.578	-0.584	-0.591	-0.584	-0.583	-0.570	-0.584	-0.583	-0.583	-0.582	-0.581	-0.580	-0.134	-0.093	-0.122	-0.120	-0.084	-0.092	-0.072	-0.076	-0.056	+0.410	-0.014	-0.015	-0.013	+0.365	+0.366	+0.055	+0.354	+0.399	+0.355	+0.280	+0.373	+0.337	+0.541	+0.481	+0.269	+0.365	+0.436	+0.517	-0.437	+0.177	+0.010	+0.117	+0.286	+0.265	+0.403	+0.234	+0.371	+0.385	+0.390	-0.433	-0.433	-0.418	-0.619	-0.621	-0.619	-0.626	-0.631	-0.631	-0.631	-0.611	-0.612	-0.636	-0.640	-0.645	-0.639	-0.645	-0.645	-0.643	-0.643	-0.645	-0.599	-0.624	-0.591	-0.596	+0.189	-0.615	-0.607	-0.610	-0.610	-0.609	-0.613	-0.602	
rs7237714      +0.026	-0.131	-0.145	-0.138	-0.176	-0.240	-0.107	-0.094	-0.352	-0.211	-0.239	-0.307	-0.173	-0.136	-0.241	-0.124	-0.060	-0.186	+0.224	-0.112	-0.112	-0.112	-0.026	-0.597	-0.609	-0.587	-0.625	-0.419	-0.627	-0.419	-0.419	-0.419	-0.629	-0.420	-0.500	-0.627	-0.421	-0.614	-0.609	-0.609	-0.609	-0.432	-0.423	-0.436	-0.439	-0.382	-0.622	-0.435	-0.435	-0.389	-0.365	-0.388	-0.388	-0.387	-0.386	-0.386	-0.369	-0.366	-0.468	-0.469	-0.484	-0.476	-0.492	-0.028	-0.310	+0.202	-0.250	-0.302	-0.299	-0.301	+0.070	-0.299	-0.323	-0.294	-0.249	+0.202	-0.551	-0.105	-0.009	-0.569	-0.007	-0.292	-0.292	-0.290	-0.290	+0.090	+0.057	-0.544	-0.544	-0.561	-0.562	-0.563	-0.564	-0.576	-0.566	-0.566	-0.566	-0.563	+0.044	+0.242	-0.566	-0.566	-0.572	-0.579	-0.572	-0.571	-0.558	-0.572	-0.571	-0.571	-0.570	-0.569	-0.568	-0.124	-0.083	-0.111	-0.109	-0.073	-0.081	-0.061	-0.065	-0.045	+0.419	-0.003	-0.004	-0.002	+0.376	+0.377	+0.066	+0.365	+0.410	+0.366	+0.291	+0.384	+0.349	+0.554	+0.493	+0.280	+0.376	+0.447	+0.528	-0.424	+0.188	+0.024	+0.129	+0.300	+0.276	+0.412	+0.246	+0.380	+0.394	+0.400	-0.421	-0.420	-0.405	-0.606	-0.608	-0.606	-0.613	-0.618	-0.618	-0.618	-0.598	-0.599	-0.623	-0.627	-0.632	-0.626	-0.632	-0.632	-0.630	-0.630	-0.632	-0.586	-0.612	-0.578	-0.583	+0.202	-0.602	-0.594	-0.597	-0.597	-0.597	-0.600	-0.590	
rs9955466      +0.065	-0.043	-0.060	-0.054	-0.080	-0.116	-0.040	-0.032	-0.184	-0.115	-0.129	-0.166	-0.030	-0.021	-0.074	-0.060	+0.103	-0.082	+0.116	+0.000	+0.000	+0.000	+0.037	-0.392	-0.387	-0.391	-0.413	-0.205	-0.415	-0.205	-0.205	-0.205	-0.417	-0.206	-0.260	-0.415	-0.207	-0.414	-0.409	-0.409	-0.409	-0.219	-0.208	-0.223	-0.226	-0.171	-0.410	-0.222	-0.222	-0.175	-0.151	-0.174	-0.174	-0.174	-0.172	-0.172	-0.155	-0.153	-0.254	-0.255	-0.269	-0.262	-0.278	+0.194	-0.112	+0.379	-0.054	-0.105	-0.102	-0.104	+0.248	-0.103	-0.129	-0.098	-0.054	+0.380	-0.337	+0.092	+0.183	-0.356	+0.184	-0.096	-0.096	-0.095	-0.094	+0.281	+0.248	-0.331	-0.331	-0.348	-0.349	-0.350	-0.350	-0.363	-0.353	-0.353	-0.353	-0.349	+0.235	+0.419	-0.353	-0.353	-0.359	-0.366	-0.358	-0.358	-0.344	-0.358	-0.358	-0.358	-0.356	-0.356	-0.355	+0.074	+0.110	+0.086	+0.084	+0.124	+0.116	+0.136	+0.131	+0.151	+0.601	+0.193	+0.192	+0.194	+0.566	+0.568	+0.247	+0.557	+0.601	+0.557	+0.484	+0.575	+0.541	+0.755	+0.696	+0.473	+0.567	+0.638	+0.718	-0.209	+0.377	+0.211	+0.305	+0.474	+0.464	+0.589	+0.420	+0.556	+0.570	+0.576	-0.205	-0.205	-0.190	-0.395	-0.394	-0.392	-0.401	-0.403	-0.404	-0.404	-0.386	-0.387	-0.412	-0.416	-0.421	-0.415	-0.421	-0.421	-0.419	-0.418	-0.421	-0.375	-0.401	-0.366	-0.371	+0.423	-0.392	-0.383	-0.387	-0.386	-0.386	-0.390	-0.379	
rs145908261    +0.030	-0.110	-0.123	-0.116	-0.151	-0.209	-0.098	-0.087	-0.307	-0.183	-0.208	-0.269	-0.162	-0.136	-0.205	-0.186	-0.082	-0.044	+0.193	-0.109	-0.108	-0.108	-0.048	-0.528	-0.539	-0.521	-0.555	-0.347	-0.556	-0.347	-0.347	-0.347	-0.558	-0.347	-0.425	-0.557	-0.349	-0.546	-0.541	-0.541	-0.541	-0.361	-0.350	-0.365	-0.369	-0.312	-0.552	-0.364	-0.364	-0.318	-0.294	-0.317	-0.316	-0.316	-0.315	-0.315	-0.298	-0.295	-0.396	-0.398	-0.412	-0.405	-0.420	+0.040	-0.241	+0.266	-0.181	-0.233	-0.230	-0.232	+0.135	-0.230	-0.256	-0.226	-0.180	+0.267	-0.482	-0.041	+0.054	-0.500	+0.055	-0.223	-0.223	-0.221	-0.221	+0.152	+0.119	-0.475	-0.476	-0.492	-0.493	-0.494	-0.495	-0.507	-0.497	-0.497	-0.497	-0.494	+0.106	+0.307	-0.497	-0.497	-0.503	-0.510	-0.503	-0.502	-0.489	-0.503	-0.502	-0.502	-0.501	-0.500	-0.499	-0.059	-0.020	-0.047	-0.045	-0.009	-0.017	+0.003	-0.001	+0.019	+0.479	+0.061	+0.059	+0.062	+0.436	+0.437	+0.133	+0.426	+0.471	+0.427	+0.353	+0.445	+0.409	+0.616	+0.556	+0.341	+0.437	+0.508	+0.588	-0.351	+0.250	+0.086	+0.189	+0.363	+0.338	+0.472	+0.306	+0.441	+0.455	+0.460	-0.348	-0.348	-0.332	-0.535	-0.537	-0.535	-0.542	-0.546	-0.547	-0.547	-0.526	-0.527	-0.552	-0.556	-0.561	-0.555	-0.561	-0.561	-0.559	-0.558	-0.561	-0.514	-0.540	-0.506	-0.511	+0.281	-0.531	-0.523	-0.526	-0.526	-0.526	-0.529	-0.519	
rs9946569      +0.148	+0.067	+0.051	+0.055	+0.036	+0.011	+0.059	+0.065	-0.039	+0.002	-0.006	-0.030	+0.108	+0.106	+0.181	+0.224	+0.116	+0.193	+0.288	+0.116	+0.116	+0.116	+0.121	-0.231	-0.225	-0.235	-0.249	-0.039	-0.251	-0.039	-0.039	-0.039	-0.253	-0.039	-0.088	-0.251	-0.041	-0.255	-0.251	-0.250	-0.250	-0.060	-0.042	-0.064	-0.068	-0.016	-0.246	-0.063	-0.063	-0.016	+0.008	-0.015	-0.015	-0.014	-0.013	-0.013	+0.004	+0.007	-0.093	-0.094	-0.108	-0.101	-0.117	+0.356	+0.042	+0.526	+0.100	+0.049	+0.051	+0.050	+0.397	+0.051	+0.022	+0.056	+0.099	+0.527	-0.176	+0.242	+0.326	-0.195	+0.327	+0.058	+0.059	+0.060	+0.060	+0.423	+0.391	-0.170	-0.170	-0.187	-0.188	-0.189	-0.189	-0.202	-0.192	-0.192	-0.192	-0.189	+0.378	+0.567	-0.192	-0.192	-0.198	-0.205	-0.197	-0.197	-0.184	-0.197	-0.197	-0.197	-0.196	-0.195	-0.194	+0.223	+0.254	+0.235	+0.233	+0.273	+0.265	+0.285	+0.280	+0.300	+0.744	+0.342	+0.341	+0.343	+0.708	+0.709	+0.397	+0.698	+0.742	+0.699	+0.626	+0.716	+0.683	+0.900	+0.840	+0.615	+0.709	+0.780	+0.859	-0.042	+0.521	+0.356	+0.446	+0.616	+0.608	+0.728	+0.561	+0.696	+0.710	+0.715	-0.038	-0.038	-0.022	-0.231	-0.230	-0.227	-0.237	-0.239	-0.240	-0.240	-0.222	-0.223	-0.248	-0.253	-0.258	-0.252	-0.258	-0.257	-0.256	-0.255	-0.257	-0.211	-0.237	-0.203	-0.208	+0.594	-0.228	-0.220	-0.223	-0.223	-0.223	-0.226	-0.216	
rs28372460     +0.053	-0.061	-0.079	-0.073	-0.101	-0.142	-0.058	-0.048	-0.217	-0.135	-0.151	-0.194	-0.069	-0.055	-0.126	-0.112	+0.000	-0.109	+0.116	+0.069	-0.004	-0.004	+0.030	-0.424	-0.420	-0.422	-0.445	-0.237	-0.447	-0.238	-0.238	-0.238	-0.449	-0.238	-0.295	-0.447	-0.240	-0.445	-0.440	-0.440	-0.440	-0.253	-0.241	-0.256	-0.260	-0.205	-0.442	-0.255	-0.255	-0.208	-0.184	-0.208	-0.207	-0.207	-0.206	-0.206	-0.189	-0.186	-0.287	-0.288	-0.302	-0.295	-0.311	+0.162	-0.142	+0.351	-0.083	-0.134	-0.131	-0.133	+0.219	-0.132	-0.158	-0.127	-0.083	+0.352	-0.370	+0.063	+0.155	-0.389	+0.156	-0.124	-0.124	-0.123	-0.122	+0.253	+0.220	-0.364	-0.364	-0.380	-0.381	-0.383	-0.383	-0.396	-0.385	-0.385	-0.386	-0.382	+0.207	+0.391	-0.386	-0.386	-0.391	-0.399	-0.391	-0.391	-0.377	-0.391	-0.391	-0.391	-0.389	-0.389	-0.388	+0.045	+0.081	+0.057	+0.056	+0.096	+0.087	+0.107	+0.103	+0.123	+0.573	+0.165	+0.164	+0.166	+0.538	+0.539	+0.220	+0.528	+0.573	+0.529	+0.456	+0.547	+0.512	+0.726	+0.667	+0.444	+0.539	+0.609	+0.689	-0.241	+0.348	+0.181	+0.276	+0.442	+0.436	+0.561	+0.392	+0.529	+0.543	+0.548	-0.238	-0.238	-0.222	-0.427	-0.426	-0.424	-0.433	-0.436	-0.437	-0.436	-0.418	-0.419	-0.443	-0.448	-0.453	-0.447	-0.453	-0.453	-0.451	-0.450	-0.452	-0.406	-0.432	-0.398	-0.402	+0.391	-0.423	-0.414	-0.418	-0.417	-0.417	-0.421	-0.410	
rs11080899     +0.053	-0.061	-0.079	-0.073	-0.101	-0.141	-0.057	-0.048	-0.216	-0.134	-0.151	-0.193	-0.070	-0.055	-0.125	-0.112	+0.000	-0.108	+0.116	-0.004	+0.070	-0.003	+0.030	-0.423	-0.419	-0.422	-0.445	-0.237	-0.446	-0.237	-0.237	-0.237	-0.448	-0.237	-0.294	-0.446	-0.239	-0.445	-0.440	-0.439	-0.439	-0.252	-0.240	-0.255	-0.259	-0.204	-0.442	-0.254	-0.254	-0.208	-0.184	-0.207	-0.206	-0.206	-0.205	-0.205	-0.188	-0.186	-0.286	-0.288	-0.302	-0.295	-0.310	+0.163	-0.141	+0.351	-0.082	-0.134	-0.131	-0.133	+0.220	-0.131	-0.158	-0.126	-0.082	+0.352	-0.369	+0.064	+0.155	-0.388	+0.156	-0.123	-0.123	-0.122	-0.122	+0.254	+0.221	-0.363	-0.363	-0.380	-0.381	-0.382	-0.382	-0.395	-0.385	-0.385	-0.385	-0.381	+0.208	+0.392	-0.385	-0.385	-0.391	-0.398	-0.390	-0.390	-0.377	-0.390	-0.390	-0.390	-0.389	-0.388	-0.387	+0.046	+0.082	+0.058	+0.056	+0.096	+0.088	+0.108	+0.103	+0.123	+0.573	+0.165	+0.164	+0.166	+0.538	+0.540	+0.221	+0.529	+0.574	+0.530	+0.456	+0.547	+0.513	+0.727	+0.667	+0.445	+0.540	+0.610	+0.690	-0.240	+0.349	+0.181	+0.277	+0.442	+0.436	+0.562	+0.392	+0.530	+0.544	+0.549	-0.237	-0.237	-0.222	-0.426	-0.426	-0.423	-0.432	-0.435	-0.436	-0.436	-0.417	-0.418	-0.442	-0.447	-0.452	-0.446	-0.452	-0.452	-0.450	-0.449	-0.452	-0.405	-0.431	-0.397	-0.402	+0.391	-0.422	-0.414	-0.417	-0.416	-0.416	-0.420	-0.409	
rs11080900     +0.053	-0.061	-0.079	-0.073	-0.101	-0.141	-0.057	-0.048	-0.216	-0.134	-0.151	-0.193	-0.070	-0.055	-0.125	-0.112	+0.000	-0.108	+0.116	-0.004	-0.003	+0.070	+0.030	-0.423	-0.419	-0.422	-0.445	-0.237	-0.446	-0.237	-0.237	-0.237	-0.448	-0.237	-0.294	-0.446	-0.239	-0.445	-0.440	-0.439	-0.439	-0.252	-0.240	-0.255	-0.259	-0.204	-0.442	-0.255	-0.254	-0.208	-0.184	-0.207	-0.206	-0.206	-0.205	-0.205	-0.188	-0.186	-0.286	-0.288	-0.302	-0.295	-0.310	+0.163	-0.141	+0.351	-0.082	-0.134	-0.131	-0.133	+0.220	-0.131	-0.158	-0.126	-0.082	+0.352	-0.369	+0.064	+0.155	-0.388	+0.156	-0.124	-0.123	-0.122	-0.122	+0.254	+0.221	-0.363	-0.363	-0.380	-0.381	-0.382	-0.382	-0.395	-0.385	-0.385	-0.385	-0.382	+0.208	+0.392	-0.385	-0.385	-0.391	-0.398	-0.390	-0.390	-0.377	-0.390	-0.390	-0.390	-0.389	-0.388	-0.387	+0.046	+0.082	+0.058	+0.056	+0.096	+0.088	+0.108	+0.103	+0.123	+0.573	+0.165	+0.164	+0.166	+0.538	+0.540	+0.221	+0.529	+0.574	+0.529	+0.456	+0.547	+0.513	+0.727	+0.667	+0.445	+0.540	+0.610	+0.690	-0.240	+0.349	+0.181	+0.277	+0.442	+0.436	+0.562	+0.392	+0.530	+0.543	+0.549	-0.237	-0.237	-0.222	-0.426	-0.426	-0.424	-0.432	-0.435	-0.436	-0.436	-0.417	-0.418	-0.442	-0.447	-0.452	-0.446	-0.452	-0.452	-0.450	-0.449	-0.452	-0.405	-0.431	-0.397	-0.402	+0.391	-0.422	-0.414	-0.417	-0.416	-0.416	-0.420	-0.409	
rs28608619     +0.077	-0.024	-0.041	-0.035	-0.060	-0.093	-0.026	-0.018	-0.158	-0.094	-0.107	-0.141	-0.018	-0.010	-0.043	-0.026	+0.037	-0.048	+0.121	+0.030	+0.030	+0.030	+0.142	-0.358	-0.351	-0.358	-0.378	-0.170	-0.380	-0.170	-0.170	-0.170	-0.382	-0.171	-0.224	-0.380	-0.172	-0.380	-0.375	-0.375	-0.375	-0.185	-0.173	-0.188	-0.192	-0.138	-0.375	-0.187	-0.187	-0.140	-0.116	-0.139	-0.139	-0.139	-0.138	-0.138	-0.121	-0.118	-0.219	-0.220	-0.234	-0.227	-0.243	+0.227	-0.079	+0.409	-0.021	-0.072	-0.070	-0.071	+0.278	-0.070	-0.097	-0.065	-0.022	+0.410	-0.302	+0.126	+0.215	-0.322	+0.216	-0.062	-0.062	-0.061	-0.061	+0.313	+0.281	-0.296	-0.296	-0.313	-0.314	-0.315	-0.316	-0.328	-0.318	-0.318	-0.318	-0.315	+0.268	+0.450	-0.318	-0.318	-0.324	-0.331	-0.324	-0.323	-0.310	-0.324	-0.323	-0.323	-0.322	-0.321	-0.320	+0.108	+0.142	+0.120	+0.118	+0.158	+0.150	+0.170	+0.166	+0.186	+0.633	+0.227	+0.226	+0.229	+0.598	+0.600	+0.279	+0.589	+0.634	+0.589	+0.516	+0.607	+0.573	+0.790	+0.730	+0.505	+0.599	+0.669	+0.749	-0.173	+0.408	+0.242	+0.335	+0.500	+0.496	+0.618	+0.450	+0.586	+0.600	+0.605	-0.170	-0.170	-0.154	-0.360	-0.359	-0.357	-0.366	-0.369	-0.369	-0.369	-0.350	-0.351	-0.376	-0.381	-0.386	-0.380	-0.386	-0.386	-0.384	-0.383	-0.385	-0.339	-0.365	-0.330	-0.335	+0.460	-0.355	-0.347	-0.350	-0.350	-0.350	-0.354	-0.343	
rs12606742     -0.210	-0.372	-0.379	-0.370	-0.412	-0.491	-0.363	-0.351	-0.619	-0.442	-0.478	-0.561	-0.478	-0.449	-0.609	-0.597	-0.392	-0.528	-0.231	-0.424	-0.423	-0.423	-0.358	-0.555	-1.000	-0.924	-1.007	-0.816	-1.009	-0.816	-0.816	-0.816	-1.011	-0.817	-0.946	-1.009	-0.818	-0.963	-0.956	-0.955	-0.955	-0.838	-0.820	-0.842	-0.846	-0.783	-1.004	-0.841	-0.841	-0.800	-0.777	-0.799	-0.799	-0.799	-0.798	-0.798	-0.783	-0.780	-0.876	-0.877	-0.891	-0.884	-0.900	-0.398	-0.680	-0.121	-0.616	-0.670	-0.667	-0.669	-0.260	-0.667	-0.685	-0.662	-0.614	-0.120	-0.930	-0.445	-0.332	-0.948	-0.331	-0.658	-0.657	-0.656	-0.656	-0.232	-0.266	-0.923	-0.923	-0.940	-0.941	-0.943	-0.943	-0.957	-0.946	-0.946	-0.946	-0.942	-0.280	-0.079	-0.946	-0.946	-0.952	-0.960	-0.952	-0.951	-0.937	-0.951	-0.951	-0.951	-0.950	-0.950	-0.948	-0.461	-0.411	-0.449	-0.448	-0.409	-0.418	-0.397	-0.401	-0.380	+0.134	-0.337	-0.339	-0.336	+0.067	+0.069	-0.263	+0.057	+0.104	+0.058	-0.021	+0.076	+0.036	+0.246	+0.185	-0.033	+0.069	+0.139	+0.221	-0.823	-0.131	-0.290	-0.169	-0.012	-0.046	+0.106	-0.054	+0.074	+0.089	+0.094	-0.820	-0.819	-0.804	-0.998	-1.004	-1.002	-1.005	-1.013	-1.013	-1.013	-0.990	-0.991	-1.014	-1.018	-1.023	-1.017	-1.023	-1.023	-1.021	-1.021	-1.023	-0.975	-1.001	-0.968	-0.972	-0.202	-0.988	-0.980	-0.983	-0.983	-0.983	-0.986	-0.975	
rs7504694      -0.188	-0.362	-0.364	-0.354	-0.398	-0.485	-0.351	-0.338	-0.623	-0.441	-0.476	-0.562	-0.477	-0.447	-0.620	-0.609	-0.387	-0.539	-0.225	-0.420	-0.419	-0.419	-0.351	-1.000	-0.607	-1.000	-1.038	-0.866	-1.039	-0.866	-0.866	-0.866	-1.041	-0.866	-0.933	-1.040	-0.868	-1.039	-1.033	-1.032	-1.032	-0.708	-0.869	-0.713	-0.718	-0.703	-1.037	-0.712	-0.712	-0.634	-0.602	-0.633	-0.633	-0.632	-0.631	-0.631	-0.617	-0.614	-0.769	-0.771	-0.791	-0.782	-0.803	-0.489	-0.635	-0.064	-0.568	-0.629	-0.626	-0.628	-0.208	-0.626	-0.689	-0.621	-0.566	-0.064	-0.994	-0.508	-0.412	-1.010	-0.411	-0.617	-0.617	-0.615	-0.615	-0.313	-0.347	-0.990	-0.990	-1.004	-1.005	-1.006	-1.006	-1.017	-1.008	-1.008	-1.008	-1.005	-0.360	-0.025	-1.008	-1.008	-1.013	-1.018	-1.013	-1.013	-1.001	-1.013	-1.013	-1.013	-1.012	-1.011	-1.010	-0.520	-0.489	-0.510	-0.508	-0.471	-0.479	-0.458	-0.463	-0.442	+0.040	-0.399	-0.401	-0.399	-0.022	-0.020	-0.225	-0.030	+0.016	-0.029	-0.107	-0.011	-0.051	+0.140	+0.082	-0.119	-0.018	+0.051	+0.133	-0.868	-0.188	-0.351	-0.234	+0.042	-0.102	+0.048	-0.117	+0.015	+0.029	+0.035	-0.865	-0.865	-0.852	-1.047	-1.053	-1.051	-1.054	-1.062	-1.062	-1.062	-1.042	-1.043	-1.065	-1.069	-1.074	-1.068	-1.074	-1.074	-1.072	-1.071	-1.074	-1.028	-1.053	-1.021	-1.026	-0.291	-1.042	-1.034	-1.037	-1.037	-1.037	-1.040	-1.030	
rs6505982      -0.203	-0.369	-0.370	-0.362	-0.403	-0.483	-0.358	-0.345	-0.609	-0.438	-0.470	-0.553	-0.475	-0.447	-0.600	-0.587	-0.391	-0.521	-0.235	-0.422	-0.422	-0.422	-0.358	-0.924	-1.000	-0.539	-0.940	-0.802	-0.941	-0.802	-0.802	-0.802	-0.942	-0.802	-0.331	-0.942	-0.803	-0.853	-0.851	-0.851	-0.851	-0.558	-0.804	-0.565	-0.570	-0.578	-0.942	-0.563	-0.563	-0.471	-0.435	-0.470	-0.470	-0.470	-0.468	-0.468	-0.457	-0.454	-0.632	-0.635	-0.657	-0.647	-0.676	-0.479	-0.651	-0.121	-0.591	-0.645	-0.642	-0.644	-0.256	-0.642	-0.691	-0.637	-0.591	-0.120	-0.945	-0.508	-0.400	-0.956	-0.399	-0.632	-0.632	-0.631	-0.630	-0.301	-0.335	-0.940	-0.940	-0.952	-0.952	-0.953	-0.953	-0.962	-0.955	-0.955	-0.955	-0.953	-0.349	-0.075	-0.955	-0.955	-0.959	-0.961	-0.959	-0.959	-0.950	-0.958	-0.959	-0.959	-0.958	-0.958	-0.957	-0.520	-0.477	-0.510	-0.509	-0.472	-0.480	-0.460	-0.465	-0.444	+0.041	-0.403	-0.405	-0.402	-0.023	-0.022	-0.259	-0.033	+0.013	-0.033	-0.109	-0.015	-0.053	+0.133	+0.075	-0.121	-0.022	+0.047	+0.129	-0.800	-0.187	-0.359	-0.243	-0.046	-0.104	+0.040	-0.127	+0.008	+0.022	+0.028	-0.797	-0.797	-0.786	-0.979	-0.988	-0.986	-0.988	-0.996	-0.997	-0.996	-0.975	-0.976	-1.000	-1.004	-1.008	-1.003	-1.008	-1.008	-1.006	-1.006	-1.008	-0.962	-0.988	-0.954	-0.959	-0.237	-0.975	-0.967	-0.970	-0.970	-0.970	-0.973	-0.963	
rs6505983      -0.223	-0.391	-0.396	-0.387	-0.429	-0.513	-0.382	-0.369	-0.642	-0.462	-0.497	-0.582	-0.500	-0.471	-0.638	-0.625	-0.413	-0.555	-0.249	-0.445	-0.445	-0.445	-0.378	-1.007	-1.038	-0.940	-0.615	-0.864	-0.760	-0.864	-0.864	-0.864	-0.763	-0.865	-0.883	-0.762	-0.867	-0.949	-0.941	-0.941	-0.941	-0.541	-0.869	-0.549	-0.556	-0.252	-0.757	-0.548	-0.547	-0.439	-0.396	-0.438	-0.438	-0.438	-0.436	-0.436	-0.417	-0.412	-0.646	-0.649	-0.675	-0.662	-0.697	-0.391	-0.660	-0.100	-0.593	-0.652	-0.649	-0.651	-0.245	-0.649	-0.634	-0.644	-0.591	-0.099	-0.984	-0.509	-0.404	-1.002	-0.403	-0.639	-0.638	-0.637	-0.636	-0.303	-0.337	-0.981	-0.981	-0.995	-0.996	-0.997	-0.998	-1.010	-1.000	-1.000	-1.000	-0.997	-0.351	-0.053	-1.000	-1.000	-1.006	-1.011	-1.006	-1.005	-0.993	-1.005	-1.005	-1.005	-1.004	-1.004	-1.003	-0.529	-0.482	-0.518	-0.516	-0.477	-0.486	-0.465	-0.470	-0.448	+0.086	-0.405	-0.407	-0.405	-0.019	-0.018	-0.253	-0.029	+0.018	-0.028	-0.106	-0.010	-0.049	+0.139	+0.080	-0.118	-0.018	+0.052	+0.134	-0.876	-0.174	-0.349	-0.232	-0.009	-0.084	+0.061	-0.114	+0.028	+0.042	+0.048	-0.873	-0.873	-0.857	-1.051	-1.061	-1.059	-1.060	-1.069	-1.070	-1.069	-1.049	-1.050	-1.072	-1.076	-1.081	-1.076	-1.081	-1.081	-1.079	-1.079	-1.081	-1.036	-1.060	-1.029	-1.033	-0.294	-1.049	-1.041	-1.044	-1.044	-1.044	-1.047	-1.037	
rs78900372     -0.018	-0.186	-0.192	-0.183	-0.226	-0.308	-0.175	-0.162	-0.443	-0.259	-0.296	-0.382	-0.294	-0.264	-0.432	-0.419	-0.205	-0.347	-0.039	-0.237	-0.237	-0.237	-0.170	-0.816	-0.866	-0.802	-0.864	-0.396	-0.866	-0.505	-0.505	-0.505	-0.868	-0.505	-0.783	-0.866	-0.507	-0.813	-0.806	-0.806	-0.805	-0.653	-0.507	-0.657	-0.660	-0.636	-0.861	-0.656	-0.655	-0.607	-0.582	-0.606	-0.606	-0.605	-0.604	-0.604	-0.587	-0.584	-0.693	-0.695	-0.710	-0.703	-0.720	-0.261	-0.492	+0.079	-0.425	-0.482	-0.479	-0.481	-0.065	-0.479	-0.522	-0.474	-0.423	+0.080	-0.787	-0.228	-0.188	-0.805	-0.187	-0.469	-0.469	-0.468	-0.467	-0.086	-0.120	-0.781	-0.781	-0.797	-0.798	-0.800	-0.800	-0.813	-0.802	-0.803	-0.803	-0.799	-0.134	+0.123	-0.803	-0.803	-0.809	-0.815	-0.808	-0.808	-0.795	-0.808	-0.808	-0.808	-0.807	-0.806	-0.805	-0.247	-0.267	-0.236	-0.234	-0.193	-0.202	-0.180	-0.185	-0.162	+0.354	-0.116	-0.118	-0.115	+0.203	+0.204	-0.068	+0.193	+0.240	+0.193	+0.114	+0.212	+0.172	+0.359	+0.298	+0.102	+0.204	+0.274	+0.357	-0.569	+0.013	-0.155	-0.020	+0.178	+0.100	+0.268	+0.099	+0.236	+0.250	+0.256	-0.571	-0.571	-0.585	-0.855	-0.859	-0.857	-0.862	-0.868	-0.869	-0.869	-0.843	-0.844	-0.868	-0.872	-0.878	-0.871	-0.878	-0.878	-0.876	-0.875	-0.877	-0.829	-0.855	-0.822	-0.827	-0.072	-0.844	-0.835	-0.838	-0.838	-0.838	-0.841	-0.831	
rs4797955      -0.224	-0.392	-0.397	-0.388	-0.430	-0.514	-0.383	-0.370	-0.643	-0.464	-0.498	-0.583	-0.502	-0.473	-0.639	-0.627	-0.415	-0.556	-0.251	-0.447	-0.446	-0.446	-0.380	-1.009	-1.039	-0.941	-0.760	-0.866	-0.616	-0.866	-0.866	-0.866	-0.753	-0.866	-0.884	-0.752	-0.868	-0.950	-0.942	-0.942	-0.941	-0.542	-0.870	-0.550	-0.557	-0.252	-0.759	-0.548	-0.548	-0.440	-0.396	-0.439	-0.438	-0.438	-0.436	-0.436	-0.417	-0.413	-0.647	-0.650	-0.675	-0.663	-0.698	-0.392	-0.661	-0.102	-0.595	-0.654	-0.651	-0.653	-0.247	-0.651	-0.636	-0.645	-0.593	-0.100	-0.985	-0.510	-0.405	-1.003	-0.404	-0.640	-0.640	-0.639	-0.638	-0.304	-0.338	-0.982	-0.982	-0.997	-0.997	-0.999	-0.999	-1.011	-1.001	-1.001	-1.002	-0.998	-0.352	-0.054	-1.002	-1.002	-1.007	-1.013	-1.007	-1.007	-0.994	-1.006	-1.007	-1.006	-1.005	-1.005	-1.004	-0.531	-0.483	-0.519	-0.517	-0.479	-0.487	-0.466	-0.471	-0.450	+0.085	-0.407	-0.408	-0.406	-0.020	-0.019	-0.255	-0.030	+0.016	-0.030	-0.107	-0.012	-0.051	+0.138	+0.078	-0.119	-0.019	+0.051	+0.133	-0.877	-0.175	-0.351	-0.234	-0.011	-0.086	+0.059	-0.115	+0.026	+0.041	+0.046	-0.874	-0.874	-0.858	-1.053	-1.062	-1.060	-1.061	-1.071	-1.071	-1.070	-1.051	-1.052	-1.074	-1.078	-1.083	-1.077	-1.083	-1.083	-1.081	-1.080	-1.082	-1.037	-1.062	-1.030	-1.035	-0.295	-1.051	-1.043	-1.046	-1.045	-1.045	-1.048	-1.038	
rs78133824     -0.018	-0.186	-0.192	-0.183	-0.226	-0.308	-0.175	-0.163	-0.443	-0.259	-0.296	-0.382	-0.294	-0.264	-0.432	-0.419	-0.205	-0.347	-0.039	-0.238	-0.237	-0.237	-0.170	-0.816	-0.866	-0.802	-0.864	-0.505	-0.866	-0.396	-0.505	-0.505	-0.868	-0.505	-0.783	-0.866	-0.507	-0.813	-0.806	-0.806	-0.806	-0.653	-0.507	-0.657	-0.661	-0.636	-0.861	-0.656	-0.655	-0.607	-0.582	-0.606	-0.606	-0.606	-0.604	-0.604	-0.587	-0.584	-0.694	-0.695	-0.710	-0.703	-0.720	-0.261	-0.492	+0.079	-0.425	-0.482	-0.479	-0.481	-0.065	-0.479	-0.522	-0.474	-0.423	+0.079	-0.787	-0.228	-0.188	-0.805	-0.187	-0.469	-0.469	-0.468	-0.467	-0.086	-0.120	-0.781	-0.781	-0.797	-0.798	-0.800	-0.800	-0.813	-0.803	-0.803	-0.803	-0.799	-0.134	+0.123	-0.803	-0.803	-0.809	-0.815	-0.808	-0.808	-0.795	-0.808	-0.808	-0.808	-0.807	-0.806	-0.805	-0.247	-0.267	-0.236	-0.234	-0.193	-0.202	-0.180	-0.185	-0.162	+0.354	-0.116	-0.118	-0.115	+0.203	+0.204	-0.068	+0.193	+0.240	+0.193	+0.114	+0.211	+0.172	+0.359	+0.298	+0.102	+0.204	+0.274	+0.357	-0.569	+0.013	-0.155	-0.020	+0.177	+0.100	+0.268	+0.099	+0.236	+0.250	+0.256	-0.571	-0.571	-0.585	-0.855	-0.859	-0.857	-0.862	-0.869	-0.869	-0.869	-0.843	-0.844	-0.868	-0.872	-0.878	-0.871	-0.878	-0.878	-0.876	-0.875	-0.877	-0.829	-0.855	-0.822	-0.827	-0.072	-0.844	-0.835	-0.838	-0.838	-0.838	-0.841	-0.831	
