## Summary of overall evidence for association with region:
## log10(BF for region) = -0.619187
## p-value for region = NA

## BFs for choosing among multi-SNP models:
## log10(average 1-SNP BF) = -0.542424
## log10(average 2-SNP BF) = -0.831495

## Example posterior probabilities for multi-SNP models, based on default prior: [p(l) propto 0.5^l for l=1,2,...,L]
## posterior probability of 1-SNP = 0.795558
## posterior probability of 2-SNP = 0.204442

## log10(BF) for single SNP and pair of SNPs:
rs12568066     -0.623	-0.855	-0.544	-0.794	-0.792	-0.796	-0.796	-1.044	-0.785	-0.774	-1.050	-0.769	-0.762	-1.050	-0.883	-1.050	-0.739	-0.858	-1.052	-1.052	-1.030	-0.975	-1.052	-1.052	-1.052	-0.807	-1.051	-1.042	-0.795	-1.051	-0.800	-1.013	-0.935	-1.050	-1.071	-1.008	-1.072	-1.072	-1.072	-1.072	-1.072	-1.052	-1.053	-0.784	-0.781	-0.780	-0.785	-0.791	-0.832	-0.824	-0.823	-0.813	-0.811	-0.809	-0.809	-0.798	-0.805	-0.788	-0.783	-0.800	-0.783	-0.787	-0.819	-0.825	-0.817	-0.799	-0.804	-0.791	-0.687	-1.013	-1.082	-1.085	-1.086	-1.086	-1.085	-1.086	-1.087	-1.084	-1.086	-1.085	-1.084	-1.087	-1.086	-1.087	-1.087	-1.086	-1.087	-1.085	-1.087	-1.088	-1.086	-1.087	-1.085	-1.087	-1.086	-1.086	-1.003	-1.088	-1.087	-1.095	-1.084	-1.088	-1.089	-1.100	-1.085	-1.088	-1.097	-0.789	-1.090	-1.088	-1.088	-1.088	-1.088	-1.060	-1.066	-1.063	-1.059	-1.059	-1.021	-1.050	-1.064	-1.097	-1.088	-1.086	-1.088	-1.047	-1.097	-1.085	-1.046	-1.086	-1.085	-1.049	-1.042	-1.043	-1.050	-1.050	-1.091	-1.088	-1.093	-1.060	-1.062	-1.098	-1.100	-1.100	-1.097	-1.094	-1.091	-1.100	-1.063	-1.100	-1.100	-1.100	
rs6678710      -0.855	-0.629	-0.593	-0.863	-0.845	-0.863	-0.863	-0.988	-0.821	-0.803	-0.958	-0.794	-0.787	-0.964	-0.847	-0.956	-0.760	-0.800	-0.982	-0.964	-0.905	-0.810	-0.970	-0.965	-0.961	-0.824	-0.978	-0.916	-0.806	-0.954	-0.813	-0.851	-0.910	-0.954	-1.000	-0.912	-1.002	-1.002	-1.002	-1.002	-1.001	-0.966	-0.969	-0.774	-0.771	-0.770	-0.775	-0.781	-0.823	-0.815	-0.814	-0.805	-0.802	-0.799	-0.799	-0.789	-0.795	-0.779	-0.774	-0.791	-0.774	-0.777	-0.810	-0.804	-0.798	-0.779	-0.783	-0.769	-0.674	-0.996	-1.083	-1.090	-1.091	-1.091	-1.090	-1.091	-1.091	-1.090	-1.091	-1.091	-1.090	-1.092	-1.091	-1.092	-1.091	-1.091	-1.092	-1.091	-1.092	-1.092	-1.091	-1.091	-1.091	-1.091	-1.091	-1.091	-1.009	-1.091	-1.091	-1.110	-1.102	-1.104	-1.106	-1.113	-1.102	-1.105	-1.110	-0.767	-1.106	-1.105	-1.105	-1.105	-1.105	-1.082	-1.087	-1.084	-1.082	-1.082	-1.049	-1.074	-1.086	-1.110	-1.105	-1.103	-1.105	-1.071	-1.109	-1.102	-1.070	-1.103	-1.102	-1.073	-1.067	-1.068	-1.074	-1.074	-1.107	-1.105	-1.109	-1.082	-1.083	-1.112	-1.114	-1.114	-1.111	-1.109	-1.092	-1.114	-1.085	-1.114	-1.114	-1.114	
rs75982300     -0.544	-0.593	-0.040	-0.543	-0.535	-0.543	-0.543	-0.588	-0.523	-0.515	-0.566	-0.511	-0.507	-0.569	-0.402	-0.565	-0.496	-0.418	-0.579	-0.567	-0.498	-0.483	-0.571	-0.568	-0.565	-0.520	-0.578	-0.510	-0.511	-0.560	-0.514	-0.449	-0.448	-0.555	-0.519	-0.401	-0.521	-0.521	-0.520	-0.520	-0.520	-0.486	-0.488	-0.175	-0.171	-0.170	-0.175	-0.183	-0.231	-0.222	-0.220	-0.206	-0.206	-0.204	-0.203	-0.188	-0.199	-0.177	-0.170	-0.191	-0.170	-0.178	-0.212	-0.225	-0.214	-0.193	-0.198	-0.185	-0.099	-0.456	-0.559	-0.574	-0.574	-0.574	-0.574	-0.574	-0.574	-0.574	-0.574	-0.574	-0.574	-0.574	-0.574	-0.574	-0.574	-0.574	-0.574	-0.574	-0.574	-0.574	-0.574	-0.574	-0.574	-0.574	-0.574	-0.574	-0.474	-0.572	-0.573	-0.602	-0.597	-0.599	-0.600	-0.604	-0.598	-0.599	-0.603	-0.208	-0.600	-0.599	-0.599	-0.599	-0.599	-0.583	-0.586	-0.585	-0.583	-0.583	-0.556	-0.577	-0.585	-0.603	-0.599	-0.598	-0.599	-0.574	-0.595	-0.598	-0.574	-0.598	-0.598	-0.576	-0.571	-0.572	-0.576	-0.576	-0.600	-0.599	-0.601	-0.583	-0.584	-0.603	-0.604	-0.604	-0.603	-0.602	-0.566	-0.604	-0.585	-0.604	-0.604	-0.604	
rs12025407     -0.794	-0.863	-0.543	-0.623	-0.752	-0.759	-0.760	-1.042	-0.744	-0.726	-1.048	-0.722	-0.710	-1.048	-0.877	-1.048	-0.669	-0.854	-1.050	-1.050	-1.028	-0.973	-1.050	-1.050	-1.050	-0.783	-1.049	-1.041	-0.768	-1.049	-0.774	-1.011	-0.931	-1.048	-1.070	-1.008	-1.071	-1.071	-1.071	-1.071	-1.071	-1.051	-1.052	-0.785	-0.782	-0.781	-0.785	-0.792	-0.832	-0.825	-0.823	-0.813	-0.811	-0.809	-0.809	-0.798	-0.805	-0.789	-0.783	-0.800	-0.783	-0.787	-0.819	-0.825	-0.817	-0.800	-0.804	-0.791	-0.687	-1.013	-1.082	-1.085	-1.086	-1.086	-1.085	-1.086	-1.087	-1.084	-1.086	-1.085	-1.084	-1.087	-1.086	-1.087	-1.087	-1.086	-1.088	-1.085	-1.087	-1.088	-1.087	-1.087	-1.085	-1.087	-1.086	-1.086	-1.003	-1.088	-1.087	-1.094	-1.084	-1.087	-1.089	-1.099	-1.085	-1.088	-1.097	-0.789	-1.089	-1.088	-1.088	-1.088	-1.088	-1.060	-1.065	-1.062	-1.059	-1.059	-1.021	-1.050	-1.064	-1.096	-1.087	-1.086	-1.088	-1.046	-1.097	-1.085	-1.045	-1.086	-1.085	-1.049	-1.042	-1.043	-1.050	-1.050	-1.091	-1.088	-1.093	-1.059	-1.061	-1.098	-1.100	-1.100	-1.097	-1.094	-1.091	-1.100	-1.063	-1.100	-1.100	-1.100	
rs10913310     -0.792	-0.845	-0.535	-0.752	-0.618	-0.750	-0.751	-1.035	-0.757	-0.747	-1.043	-0.744	-0.735	-1.044	-0.885	-1.043	-0.706	-0.860	-1.044	-1.046	-1.027	-0.973	-1.046	-1.046	-1.046	-0.790	-1.044	-1.039	-0.780	-1.045	-0.784	-1.012	-0.935	-1.044	-1.068	-1.007	-1.069	-1.069	-1.069	-1.069	-1.069	-1.050	-1.051	-0.780	-0.777	-0.776	-0.781	-0.787	-0.827	-0.820	-0.818	-0.809	-0.807	-0.805	-0.804	-0.794	-0.801	-0.784	-0.779	-0.795	-0.779	-0.783	-0.814	-0.821	-0.813	-0.796	-0.800	-0.787	-0.685	-1.010	-1.078	-1.080	-1.081	-1.082	-1.080	-1.081	-1.082	-1.079	-1.082	-1.081	-1.079	-1.082	-1.082	-1.083	-1.082	-1.081	-1.083	-1.080	-1.082	-1.083	-1.082	-1.083	-1.081	-1.082	-1.082	-1.081	-0.999	-1.083	-1.082	-1.089	-1.079	-1.082	-1.084	-1.094	-1.079	-1.083	-1.091	-0.786	-1.084	-1.082	-1.082	-1.082	-1.082	-1.054	-1.059	-1.056	-1.053	-1.053	-1.014	-1.044	-1.058	-1.091	-1.082	-1.080	-1.082	-1.040	-1.092	-1.079	-1.039	-1.080	-1.079	-1.043	-1.035	-1.037	-1.043	-1.044	-1.085	-1.083	-1.088	-1.054	-1.055	-1.093	-1.095	-1.095	-1.091	-1.089	-1.086	-1.095	-1.057	-1.095	-1.095	-1.095	
rs12048883     -0.796	-0.863	-0.543	-0.759	-0.750	-0.623	-0.757	-1.041	-0.740	-0.722	-1.047	-0.717	-0.704	-1.048	-0.877	-1.047	-0.661	-0.854	-1.049	-1.050	-1.028	-0.973	-1.050	-1.050	-1.050	-0.781	-1.049	-1.041	-0.767	-1.048	-0.773	-1.011	-0.930	-1.048	-1.070	-1.008	-1.071	-1.071	-1.071	-1.071	-1.071	-1.051	-1.052	-0.785	-0.782	-0.781	-0.785	-0.791	-0.832	-0.824	-0.823	-0.813	-0.811	-0.809	-0.809	-0.798	-0.805	-0.789	-0.783	-0.800	-0.783	-0.787	-0.819	-0.825	-0.817	-0.800	-0.804	-0.791	-0.687	-1.013	-1.082	-1.085	-1.086	-1.086	-1.085	-1.086	-1.087	-1.084	-1.086	-1.085	-1.084	-1.087	-1.086	-1.087	-1.087	-1.086	-1.087	-1.085	-1.087	-1.088	-1.086	-1.087	-1.085	-1.087	-1.086	-1.086	-1.003	-1.088	-1.087	-1.094	-1.084	-1.087	-1.089	-1.099	-1.085	-1.088	-1.096	-0.789	-1.089	-1.087	-1.088	-1.088	-1.088	-1.059	-1.065	-1.062	-1.059	-1.059	-1.021	-1.050	-1.063	-1.096	-1.087	-1.085	-1.088	-1.046	-1.097	-1.084	-1.045	-1.085	-1.084	-1.049	-1.041	-1.043	-1.049	-1.050	-1.091	-1.088	-1.093	-1.059	-1.061	-1.098	-1.100	-1.100	-1.096	-1.094	-1.091	-1.100	-1.063	-1.100	-1.100	-1.100	
rs35504019     -0.796	-0.863	-0.543	-0.760	-0.751	-0.757	-0.623	-1.041	-0.740	-0.722	-1.047	-0.717	-0.704	-1.048	-0.877	-1.047	-0.661	-0.854	-1.049	-1.049	-1.028	-0.973	-1.050	-1.050	-1.049	-0.781	-1.049	-1.040	-0.767	-1.048	-0.773	-1.011	-0.930	-1.048	-1.070	-1.008	-1.071	-1.071	-1.071	-1.071	-1.071	-1.051	-1.052	-0.785	-0.781	-0.781	-0.785	-0.791	-0.832	-0.824	-0.823	-0.813	-0.811	-0.809	-0.809	-0.798	-0.805	-0.788	-0.783	-0.800	-0.783	-0.787	-0.819	-0.825	-0.817	-0.799	-0.804	-0.791	-0.687	-1.013	-1.082	-1.084	-1.086	-1.086	-1.084	-1.085	-1.087	-1.084	-1.086	-1.085	-1.084	-1.087	-1.086	-1.087	-1.086	-1.086	-1.087	-1.085	-1.087	-1.087	-1.086	-1.087	-1.085	-1.087	-1.086	-1.086	-1.003	-1.088	-1.087	-1.094	-1.084	-1.087	-1.089	-1.099	-1.084	-1.088	-1.096	-0.789	-1.089	-1.087	-1.088	-1.088	-1.088	-1.059	-1.065	-1.062	-1.059	-1.059	-1.020	-1.050	-1.063	-1.096	-1.087	-1.085	-1.087	-1.046	-1.097	-1.084	-1.045	-1.085	-1.084	-1.048	-1.041	-1.043	-1.049	-1.049	-1.091	-1.088	-1.093	-1.059	-1.061	-1.098	-1.100	-1.100	-1.096	-1.094	-1.090	-1.099	-1.063	-1.100	-1.100	-1.100	
rs2861976      -1.044	-0.988	-0.588	-1.042	-1.035	-1.041	-1.041	-0.665	-1.025	-1.018	-0.792	-1.014	-1.011	-0.814	-0.749	-0.789	-1.000	-0.958	-0.850	-0.824	-0.766	-0.899	-0.835	-0.827	-0.820	-1.024	-0.853	-0.835	-1.016	-0.809	-1.020	-0.766	-0.844	-0.834	-0.967	-0.889	-0.969	-0.969	-0.969	-0.969	-0.969	-0.929	-0.933	-0.794	-0.791	-0.791	-0.795	-0.802	-0.845	-0.837	-0.836	-0.828	-0.823	-0.821	-0.820	-0.812	-0.817	-0.802	-0.796	-0.814	-0.796	-0.798	-0.833	-0.843	-0.836	-0.818	-0.822	-0.808	-0.716	-1.035	-1.114	-1.118	-1.119	-1.120	-1.118	-1.119	-1.120	-1.117	-1.120	-1.119	-1.118	-1.120	-1.120	-1.121	-1.120	-1.119	-1.121	-1.119	-1.120	-1.121	-1.120	-1.120	-1.119	-1.120	-1.120	-1.119	-1.044	-1.121	-1.120	-1.137	-1.127	-1.130	-1.132	-1.142	-1.128	-1.131	-1.140	-0.824	-1.132	-1.131	-1.131	-1.131	-1.131	-1.104	-1.109	-1.106	-1.103	-1.103	-1.066	-1.095	-1.109	-1.140	-1.131	-1.129	-1.131	-1.091	-1.141	-1.128	-1.090	-1.129	-1.128	-1.093	-1.087	-1.088	-1.094	-1.094	-1.134	-1.131	-1.136	-1.104	-1.105	-1.140	-1.142	-1.142	-1.139	-1.137	-1.131	-1.142	-1.107	-1.142	-1.142	-1.142	
rs1883245      -0.785	-0.821	-0.523	-0.744	-0.757	-0.740	-0.740	-1.025	-0.611	-0.738	-1.035	-0.733	-0.725	-1.035	-0.891	-1.035	-0.698	-0.862	-1.034	-1.037	-1.023	-0.969	-1.037	-1.037	-1.037	-0.779	-1.034	-1.035	-0.774	-1.037	-0.777	-1.010	-0.937	-1.037	-1.063	-1.005	-1.064	-1.064	-1.064	-1.064	-1.064	-1.046	-1.047	-0.772	-0.769	-0.768	-0.773	-0.779	-0.820	-0.812	-0.811	-0.801	-0.799	-0.797	-0.797	-0.786	-0.793	-0.776	-0.771	-0.787	-0.771	-0.775	-0.806	-0.814	-0.806	-0.788	-0.793	-0.780	-0.681	-1.003	-1.071	-1.073	-1.074	-1.074	-1.073	-1.074	-1.075	-1.072	-1.074	-1.073	-1.072	-1.075	-1.074	-1.076	-1.075	-1.074	-1.076	-1.073	-1.075	-1.076	-1.075	-1.075	-1.073	-1.075	-1.074	-1.074	-0.991	-1.076	-1.075	-1.081	-1.070	-1.073	-1.075	-1.086	-1.071	-1.074	-1.083	-0.781	-1.075	-1.074	-1.074	-1.074	-1.074	-1.045	-1.050	-1.047	-1.044	-1.044	-1.005	-1.035	-1.048	-1.083	-1.073	-1.071	-1.074	-1.031	-1.084	-1.070	-1.030	-1.071	-1.070	-1.033	-1.026	-1.027	-1.034	-1.034	-1.077	-1.074	-1.079	-1.044	-1.046	-1.085	-1.087	-1.087	-1.083	-1.080	-1.080	-1.086	-1.048	-1.087	-1.087	-1.087	
rs12048531     -0.774	-0.803	-0.515	-0.726	-0.747	-0.722	-0.722	-1.018	-0.738	-0.606	-1.029	-0.737	-0.733	-1.029	-0.895	-1.029	-0.718	-0.863	-1.028	-1.031	-1.021	-0.967	-1.031	-1.031	-1.032	-0.775	-1.028	-1.032	-0.774	-1.032	-0.775	-1.009	-0.939	-1.032	-1.060	-1.003	-1.061	-1.061	-1.061	-1.061	-1.061	-1.043	-1.044	-0.767	-0.764	-0.763	-0.768	-0.774	-0.814	-0.807	-0.805	-0.795	-0.794	-0.792	-0.791	-0.780	-0.788	-0.771	-0.765	-0.782	-0.766	-0.770	-0.801	-0.809	-0.801	-0.784	-0.788	-0.775	-0.678	-0.999	-1.066	-1.068	-1.069	-1.069	-1.068	-1.069	-1.070	-1.067	-1.069	-1.068	-1.067	-1.070	-1.069	-1.070	-1.070	-1.069	-1.071	-1.068	-1.070	-1.071	-1.070	-1.070	-1.068	-1.070	-1.069	-1.069	-0.986	-1.071	-1.070	-1.075	-1.064	-1.067	-1.069	-1.080	-1.065	-1.068	-1.077	-0.777	-1.070	-1.068	-1.068	-1.068	-1.068	-1.038	-1.044	-1.041	-1.038	-1.038	-0.998	-1.028	-1.042	-1.077	-1.068	-1.066	-1.068	-1.024	-1.078	-1.065	-1.023	-1.066	-1.065	-1.027	-1.020	-1.021	-1.028	-1.028	-1.071	-1.068	-1.074	-1.038	-1.040	-1.079	-1.081	-1.081	-1.077	-1.075	-1.075	-1.081	-1.042	-1.081	-1.081	-1.081	
rs2861977      -1.050	-0.958	-0.566	-1.048	-1.043	-1.047	-1.047	-0.792	-1.035	-1.029	-0.661	-1.026	-1.023	-0.811	-0.810	-0.798	-1.015	-0.972	-0.822	-0.828	-0.824	-0.926	-0.830	-0.829	-0.829	-1.034	-0.832	-0.876	-1.028	-0.828	-1.030	-0.829	-0.889	-0.853	-0.986	-0.924	-0.988	-0.988	-0.988	-0.988	-0.988	-0.957	-0.960	-0.808	-0.805	-0.805	-0.809	-0.815	-0.858	-0.850	-0.848	-0.840	-0.836	-0.834	-0.833	-0.825	-0.830	-0.815	-0.809	-0.827	-0.809	-0.812	-0.846	-0.853	-0.846	-0.828	-0.832	-0.818	-0.720	-1.039	-1.110	-1.112	-1.113	-1.113	-1.112	-1.113	-1.114	-1.111	-1.113	-1.112	-1.111	-1.114	-1.113	-1.115	-1.114	-1.113	-1.115	-1.112	-1.114	-1.115	-1.114	-1.114	-1.113	-1.114	-1.113	-1.113	-1.039	-1.115	-1.114	-1.129	-1.118	-1.121	-1.123	-1.134	-1.119	-1.122	-1.132	-0.823	-1.123	-1.122	-1.122	-1.122	-1.122	-1.092	-1.098	-1.095	-1.092	-1.092	-1.053	-1.083	-1.099	-1.132	-1.121	-1.120	-1.122	-1.079	-1.135	-1.119	-1.078	-1.120	-1.119	-1.081	-1.074	-1.076	-1.082	-1.082	-1.125	-1.122	-1.127	-1.092	-1.094	-1.132	-1.134	-1.134	-1.131	-1.128	-1.127	-1.134	-1.096	-1.134	-1.134	-1.134	
rs10489221     -0.769	-0.794	-0.511	-0.722	-0.744	-0.717	-0.717	-1.014	-0.733	-0.737	-1.026	-0.603	-0.735	-1.026	-0.897	-1.026	-0.725	-0.864	-1.024	-1.028	-1.019	-0.965	-1.027	-1.028	-1.029	-0.771	-1.024	-1.030	-0.773	-1.029	-0.773	-1.008	-0.940	-1.029	-1.058	-1.002	-1.059	-1.059	-1.059	-1.059	-1.059	-1.042	-1.042	-0.764	-0.761	-0.760	-0.765	-0.771	-0.811	-0.804	-0.802	-0.792	-0.791	-0.789	-0.789	-0.778	-0.785	-0.768	-0.762	-0.779	-0.763	-0.767	-0.798	-0.806	-0.799	-0.781	-0.785	-0.773	-0.676	-0.997	-1.063	-1.065	-1.066	-1.066	-1.065	-1.066	-1.067	-1.064	-1.066	-1.065	-1.064	-1.067	-1.066	-1.068	-1.067	-1.066	-1.068	-1.065	-1.067	-1.068	-1.067	-1.067	-1.066	-1.067	-1.066	-1.066	-0.983	-1.068	-1.067	-1.072	-1.061	-1.064	-1.066	-1.077	-1.061	-1.065	-1.074	-0.775	-1.066	-1.064	-1.065	-1.065	-1.065	-1.035	-1.041	-1.037	-1.034	-1.034	-0.994	-1.025	-1.039	-1.074	-1.064	-1.062	-1.065	-1.021	-1.075	-1.061	-1.020	-1.062	-1.061	-1.023	-1.016	-1.017	-1.024	-1.024	-1.068	-1.065	-1.070	-1.035	-1.037	-1.076	-1.078	-1.078	-1.074	-1.071	-1.072	-1.077	-1.038	-1.078	-1.078	-1.078	
rs10913315     -0.762	-0.787	-0.507	-0.710	-0.735	-0.704	-0.704	-1.011	-0.725	-0.733	-1.023	-0.735	-0.601	-1.023	-0.898	-1.024	-0.727	-0.864	-1.021	-1.026	-1.018	-0.964	-1.025	-1.026	-1.026	-0.768	-1.021	-1.028	-0.771	-1.027	-0.770	-1.007	-0.940	-1.027	-1.056	-1.001	-1.057	-1.057	-1.057	-1.057	-1.057	-1.040	-1.041	-0.762	-0.759	-0.758	-0.763	-0.769	-0.809	-0.802	-0.800	-0.790	-0.789	-0.787	-0.786	-0.775	-0.783	-0.766	-0.760	-0.777	-0.760	-0.764	-0.796	-0.804	-0.797	-0.779	-0.783	-0.771	-0.674	-0.995	-1.061	-1.063	-1.064	-1.064	-1.063	-1.064	-1.065	-1.062	-1.064	-1.063	-1.062	-1.065	-1.064	-1.066	-1.065	-1.064	-1.066	-1.063	-1.065	-1.066	-1.065	-1.065	-1.063	-1.065	-1.064	-1.064	-0.981	-1.066	-1.065	-1.069	-1.058	-1.062	-1.064	-1.075	-1.059	-1.063	-1.071	-0.773	-1.064	-1.062	-1.062	-1.062	-1.062	-1.032	-1.038	-1.035	-1.032	-1.032	-0.992	-1.022	-1.036	-1.071	-1.062	-1.060	-1.062	-1.018	-1.073	-1.059	-1.017	-1.060	-1.059	-1.021	-1.013	-1.015	-1.022	-1.022	-1.065	-1.063	-1.068	-1.032	-1.034	-1.073	-1.075	-1.076	-1.072	-1.069	-1.070	-1.075	-1.036	-1.075	-1.076	-1.075	
rs2861981      -1.050	-0.964	-0.569	-1.048	-1.044	-1.048	-1.048	-0.814	-1.035	-1.029	-0.811	-1.026	-1.023	-0.661	-0.806	-0.811	-1.014	-0.972	-0.835	-0.836	-0.822	-0.925	-0.838	-0.837	-0.836	-1.034	-0.842	-0.874	-1.028	-0.834	-1.030	-0.825	-0.886	-0.856	-0.986	-0.921	-0.987	-0.988	-0.988	-0.988	-0.987	-0.956	-0.958	-0.806	-0.804	-0.803	-0.807	-0.814	-0.856	-0.848	-0.847	-0.838	-0.835	-0.832	-0.832	-0.823	-0.828	-0.813	-0.807	-0.825	-0.808	-0.810	-0.844	-0.851	-0.845	-0.827	-0.831	-0.817	-0.719	-1.038	-1.110	-1.112	-1.114	-1.114	-1.112	-1.113	-1.115	-1.111	-1.114	-1.113	-1.111	-1.114	-1.114	-1.115	-1.114	-1.113	-1.115	-1.113	-1.114	-1.116	-1.114	-1.115	-1.113	-1.115	-1.114	-1.113	-1.039	-1.116	-1.115	-1.129	-1.119	-1.122	-1.124	-1.134	-1.119	-1.123	-1.133	-0.823	-1.124	-1.122	-1.122	-1.123	-1.123	-1.093	-1.099	-1.096	-1.093	-1.093	-1.054	-1.084	-1.099	-1.132	-1.122	-1.120	-1.122	-1.080	-1.135	-1.119	-1.079	-1.120	-1.119	-1.083	-1.075	-1.077	-1.083	-1.084	-1.125	-1.123	-1.128	-1.093	-1.095	-1.133	-1.135	-1.135	-1.131	-1.129	-1.127	-1.134	-1.097	-1.135	-1.135	-1.135	
rs10429832     -0.883	-0.847	-0.402	-0.877	-0.885	-0.877	-0.877	-0.749	-0.891	-0.895	-0.810	-0.897	-0.898	-0.806	-0.550	-0.813	-0.901	-0.902	-0.788	-0.817	-0.887	-0.914	-0.809	-0.816	-0.821	-0.895	-0.795	-0.905	-0.899	-0.830	-0.898	-0.923	-0.735	-0.841	-0.968	-0.956	-0.968	-0.968	-0.969	-0.968	-0.968	-0.966	-0.967	-0.758	-0.755	-0.754	-0.759	-0.764	-0.801	-0.795	-0.793	-0.784	-0.782	-0.781	-0.780	-0.770	-0.777	-0.761	-0.756	-0.771	-0.756	-0.760	-0.789	-0.784	-0.777	-0.760	-0.764	-0.752	-0.652	-0.958	-1.008	-1.003	-1.005	-1.005	-1.003	-1.005	-1.007	-1.002	-1.005	-1.004	-1.002	-1.006	-1.006	-1.008	-1.006	-1.005	-1.008	-1.004	-1.006	-1.008	-1.006	-1.007	-1.004	-1.007	-1.006	-1.005	-0.922	-1.010	-1.008	-1.009	-0.996	-1.000	-1.002	-1.015	-0.996	-1.001	-1.017	-0.721	-1.002	-1.000	-1.000	-1.000	-1.000	-0.964	-0.971	-0.967	-0.963	-0.963	-0.919	-0.953	-0.976	-1.017	-1.000	-0.997	-1.000	-0.948	-1.020	-0.996	-0.947	-0.997	-0.996	-0.951	-0.943	-0.945	-0.952	-0.953	-1.004	-1.001	-1.007	-0.964	-0.967	-1.013	-1.016	-1.016	-1.012	-1.008	-1.023	-1.016	-0.968	-1.016	-1.016	-1.016	
rs978271       -1.050	-0.956	-0.565	-1.048	-1.043	-1.047	-1.047	-0.789	-1.035	-1.029	-0.798	-1.026	-1.024	-0.811	-0.813	-0.661	-1.015	-0.973	-0.819	-0.827	-0.826	-0.926	-0.829	-0.828	-0.827	-1.034	-0.829	-0.877	-1.028	-0.828	-1.030	-0.831	-0.891	-0.853	-0.987	-0.925	-0.989	-0.989	-0.989	-0.989	-0.988	-0.958	-0.961	-0.809	-0.806	-0.805	-0.809	-0.816	-0.858	-0.850	-0.849	-0.840	-0.837	-0.835	-0.834	-0.825	-0.830	-0.815	-0.809	-0.827	-0.810	-0.812	-0.846	-0.853	-0.846	-0.828	-0.833	-0.819	-0.720	-1.039	-1.109	-1.111	-1.113	-1.113	-1.111	-1.112	-1.114	-1.110	-1.113	-1.112	-1.110	-1.114	-1.113	-1.114	-1.113	-1.112	-1.114	-1.112	-1.114	-1.115	-1.113	-1.114	-1.112	-1.114	-1.113	-1.112	-1.038	-1.115	-1.114	-1.128	-1.118	-1.121	-1.123	-1.133	-1.118	-1.122	-1.132	-0.823	-1.123	-1.121	-1.121	-1.121	-1.121	-1.092	-1.097	-1.094	-1.091	-1.091	-1.052	-1.082	-1.098	-1.131	-1.121	-1.119	-1.121	-1.078	-1.135	-1.118	-1.077	-1.119	-1.118	-1.081	-1.074	-1.075	-1.082	-1.082	-1.124	-1.122	-1.127	-1.092	-1.094	-1.132	-1.134	-1.134	-1.130	-1.128	-1.127	-1.133	-1.095	-1.134	-1.134	-1.133	
rs3829804      -0.739	-0.760	-0.496	-0.669	-0.706	-0.661	-0.661	-1.000	-0.698	-0.718	-1.015	-0.725	-0.727	-1.014	-0.901	-1.015	-0.593	-0.864	-1.011	-1.017	-1.013	-0.959	-1.016	-1.017	-1.017	-0.749	-1.011	-1.023	-0.759	-1.018	-0.757	-1.004	-0.940	-1.018	-1.051	-0.998	-1.052	-1.052	-1.052	-1.052	-1.052	-1.036	-1.036	-0.754	-0.751	-0.750	-0.755	-0.761	-0.801	-0.794	-0.792	-0.782	-0.781	-0.779	-0.778	-0.767	-0.775	-0.758	-0.752	-0.769	-0.752	-0.756	-0.788	-0.797	-0.789	-0.772	-0.776	-0.763	-0.669	-0.988	-1.054	-1.055	-1.056	-1.057	-1.055	-1.056	-1.057	-1.054	-1.056	-1.056	-1.054	-1.057	-1.057	-1.058	-1.057	-1.056	-1.058	-1.055	-1.057	-1.058	-1.057	-1.058	-1.056	-1.057	-1.057	-1.056	-0.974	-1.059	-1.057	-1.061	-1.049	-1.053	-1.055	-1.066	-1.050	-1.054	-1.063	-0.767	-1.055	-1.053	-1.053	-1.054	-1.054	-1.023	-1.029	-1.026	-1.022	-1.022	-0.982	-1.013	-1.027	-1.063	-1.053	-1.051	-1.053	-1.009	-1.065	-1.050	-1.007	-1.051	-1.050	-1.011	-1.004	-1.005	-1.012	-1.012	-1.057	-1.054	-1.059	-1.023	-1.025	-1.065	-1.067	-1.067	-1.063	-1.060	-1.063	-1.067	-1.026	-1.067	-1.067	-1.067	
rs35600310     -0.858	-0.800	-0.418	-0.854	-0.860	-0.854	-0.854	-0.958	-0.862	-0.863	-0.972	-0.864	-0.864	-0.972	-0.902	-0.973	-0.864	-0.510	-0.969	-0.974	-0.967	-0.932	-0.973	-0.974	-0.974	-0.866	-0.969	-0.977	-0.867	-0.975	-0.866	-0.960	-0.927	-0.974	-0.952	-0.914	-0.953	-0.953	-0.953	-0.953	-0.953	-0.944	-0.944	-0.689	-0.686	-0.685	-0.690	-0.696	-0.735	-0.728	-0.727	-0.717	-0.715	-0.713	-0.713	-0.702	-0.709	-0.692	-0.687	-0.704	-0.687	-0.691	-0.722	-0.731	-0.724	-0.706	-0.710	-0.698	-0.604	-0.916	-0.975	-0.973	-0.974	-0.975	-0.973	-0.974	-0.976	-0.971	-0.975	-0.974	-0.972	-0.975	-0.975	-0.977	-0.975	-0.974	-0.977	-0.973	-0.975	-0.977	-0.975	-0.976	-0.974	-0.976	-0.975	-0.974	-0.900	-0.978	-0.976	-0.993	-0.983	-0.986	-0.988	-0.998	-0.984	-0.987	-0.992	-0.647	-0.988	-0.987	-0.987	-0.987	-0.987	-0.959	-0.965	-0.962	-0.959	-0.959	-0.922	-0.950	-0.959	-0.992	-0.986	-0.985	-0.987	-0.946	-0.997	-0.984	-0.945	-0.985	-0.984	-0.949	-0.942	-0.943	-0.950	-0.950	-0.990	-0.987	-0.992	-0.959	-0.961	-0.997	-0.999	-0.999	-0.995	-0.993	-0.987	-0.998	-0.963	-0.999	-0.999	-0.999	
rs6660646      -1.052	-0.982	-0.579	-1.050	-1.044	-1.049	-1.049	-0.850	-1.034	-1.028	-0.822	-1.024	-1.021	-0.835	-0.788	-0.819	-1.011	-0.969	-0.664	-0.786	-0.771	-0.908	-0.801	-0.789	-0.780	-1.029	-0.820	-0.860	-1.022	-0.767	-1.025	-0.802	-0.860	-0.821	-0.972	-0.908	-0.974	-0.975	-0.975	-0.974	-0.974	-0.938	-0.941	-0.801	-0.798	-0.797	-0.802	-0.808	-0.851	-0.843	-0.841	-0.833	-0.829	-0.827	-0.826	-0.818	-0.823	-0.807	-0.802	-0.820	-0.802	-0.804	-0.839	-0.847	-0.841	-0.823	-0.827	-0.813	-0.719	-1.038	-1.113	-1.116	-1.117	-1.118	-1.116	-1.117	-1.118	-1.115	-1.117	-1.117	-1.115	-1.118	-1.118	-1.119	-1.118	-1.117	-1.119	-1.116	-1.118	-1.119	-1.118	-1.118	-1.117	-1.118	-1.117	-1.117	-1.042	-1.119	-1.118	-1.134	-1.124	-1.127	-1.129	-1.139	-1.124	-1.128	-1.137	-0.824	-1.129	-1.127	-1.127	-1.127	-1.127	-1.099	-1.105	-1.102	-1.099	-1.099	-1.061	-1.090	-1.105	-1.137	-1.127	-1.125	-1.127	-1.086	-1.139	-1.124	-1.085	-1.125	-1.124	-1.089	-1.082	-1.083	-1.089	-1.090	-1.130	-1.128	-1.132	-1.099	-1.101	-1.137	-1.139	-1.139	-1.136	-1.133	-1.130	-1.139	-1.102	-1.139	-1.139	-1.139	
rs10798513     -1.052	-0.964	-0.567	-1.050	-1.046	-1.050	-1.049	-0.824	-1.037	-1.031	-0.828	-1.028	-1.026	-0.836	-0.817	-0.827	-1.017	-0.974	-0.786	-0.661	-0.807	-0.921	-0.801	-0.798	-0.797	-1.032	-0.804	-0.881	-1.026	-0.796	-1.028	-0.833	-0.882	-0.835	-0.982	-0.925	-0.984	-0.984	-0.984	-0.984	-0.984	-0.952	-0.955	-0.807	-0.804	-0.803	-0.808	-0.814	-0.856	-0.849	-0.847	-0.839	-0.835	-0.833	-0.832	-0.823	-0.829	-0.813	-0.808	-0.825	-0.808	-0.810	-0.844	-0.852	-0.845	-0.827	-0.831	-0.817	-0.720	-1.039	-1.110	-1.112	-1.113	-1.114	-1.112	-1.113	-1.114	-1.111	-1.114	-1.113	-1.111	-1.114	-1.114	-1.115	-1.114	-1.113	-1.115	-1.112	-1.114	-1.115	-1.114	-1.115	-1.113	-1.114	-1.114	-1.113	-1.039	-1.116	-1.114	-1.129	-1.119	-1.122	-1.123	-1.134	-1.119	-1.123	-1.132	-0.823	-1.124	-1.122	-1.122	-1.122	-1.122	-1.093	-1.099	-1.096	-1.092	-1.092	-1.054	-1.083	-1.099	-1.132	-1.122	-1.120	-1.122	-1.080	-1.135	-1.119	-1.079	-1.120	-1.119	-1.082	-1.075	-1.076	-1.083	-1.083	-1.125	-1.123	-1.128	-1.093	-1.095	-1.132	-1.134	-1.134	-1.131	-1.128	-1.127	-1.134	-1.096	-1.134	-1.134	-1.134	
rs4652248      -1.030	-0.905	-0.498	-1.028	-1.027	-1.028	-1.028	-0.766	-1.023	-1.021	-0.824	-1.019	-1.018	-0.822	-0.887	-0.826	-1.013	-0.967	-0.771	-0.807	-0.619	-0.904	-0.797	-0.805	-0.812	-1.020	-0.783	-0.916	-1.017	-0.822	-1.018	-0.908	-0.927	-0.844	-0.989	-0.957	-0.990	-0.990	-0.990	-0.990	-0.990	-0.975	-0.977	-0.799	-0.796	-0.796	-0.800	-0.806	-0.846	-0.838	-0.837	-0.828	-0.826	-0.824	-0.823	-0.814	-0.820	-0.804	-0.799	-0.815	-0.799	-0.802	-0.834	-0.837	-0.830	-0.813	-0.817	-0.804	-0.693	-1.012	-1.070	-1.068	-1.070	-1.070	-1.068	-1.069	-1.071	-1.067	-1.070	-1.069	-1.067	-1.071	-1.070	-1.072	-1.071	-1.069	-1.072	-1.068	-1.071	-1.072	-1.071	-1.072	-1.069	-1.071	-1.070	-1.070	-0.996	-1.074	-1.072	-1.081	-1.070	-1.073	-1.075	-1.087	-1.070	-1.074	-1.085	-0.789	-1.075	-1.073	-1.074	-1.074	-1.074	-1.041	-1.047	-1.044	-1.040	-1.040	-0.997	-1.030	-1.047	-1.085	-1.073	-1.071	-1.073	-1.026	-1.092	-1.070	-1.025	-1.071	-1.070	-1.029	-1.021	-1.023	-1.030	-1.030	-1.077	-1.074	-1.080	-1.041	-1.043	-1.085	-1.088	-1.088	-1.084	-1.081	-1.088	-1.087	-1.044	-1.088	-1.088	-1.088	
rs10732998     -0.975	-0.810	-0.483	-0.973	-0.973	-0.973	-0.973	-0.899	-0.969	-0.967	-0.926	-0.965	-0.964	-0.925	-0.914	-0.926	-0.959	-0.932	-0.908	-0.921	-0.904	-0.593	-0.917	-0.920	-0.922	-0.965	-0.912	-0.959	-0.963	-0.925	-0.964	-0.944	-0.947	-0.931	-1.014	-0.971	-1.015	-1.015	-1.015	-1.015	-1.015	-1.000	-1.001	-0.777	-0.774	-0.773	-0.778	-0.784	-0.823	-0.816	-0.814	-0.805	-0.803	-0.801	-0.801	-0.791	-0.797	-0.781	-0.776	-0.792	-0.776	-0.780	-0.811	-0.812	-0.805	-0.788	-0.792	-0.779	-0.669	-0.990	-1.050	-1.051	-1.053	-1.053	-1.051	-1.053	-1.054	-1.050	-1.053	-1.052	-1.050	-1.054	-1.053	-1.055	-1.054	-1.053	-1.055	-1.052	-1.054	-1.055	-1.054	-1.054	-1.052	-1.054	-1.053	-1.053	-0.975	-1.056	-1.054	-1.061	-1.050	-1.053	-1.055	-1.066	-1.050	-1.054	-1.062	-0.769	-1.056	-1.054	-1.054	-1.054	-1.054	-1.023	-1.029	-1.025	-1.022	-1.022	-0.980	-1.013	-1.025	-1.062	-1.053	-1.051	-1.054	-1.009	-1.068	-1.050	-1.007	-1.051	-1.050	-1.011	-1.004	-1.005	-1.012	-1.012	-1.057	-1.054	-1.060	-1.023	-1.025	-1.065	-1.067	-1.067	-1.063	-1.061	-1.063	-1.067	-1.026	-1.067	-1.067	-1.067	
rs2205885      -1.052	-0.970	-0.571	-1.050	-1.046	-1.050	-1.050	-0.835	-1.037	-1.031	-0.830	-1.027	-1.025	-0.838	-0.809	-0.829	-1.016	-0.973	-0.801	-0.801	-0.797	-0.917	-0.662	-0.801	-0.798	-1.032	-0.814	-0.876	-1.025	-0.794	-1.028	-0.825	-0.876	-0.834	-0.980	-0.920	-0.982	-0.982	-0.982	-0.982	-0.982	-0.949	-0.951	-0.805	-0.802	-0.801	-0.806	-0.812	-0.855	-0.847	-0.845	-0.837	-0.833	-0.831	-0.830	-0.822	-0.827	-0.812	-0.806	-0.824	-0.806	-0.809	-0.843	-0.850	-0.844	-0.826	-0.830	-0.816	-0.720	-1.039	-1.111	-1.113	-1.115	-1.115	-1.113	-1.115	-1.116	-1.113	-1.115	-1.114	-1.113	-1.116	-1.115	-1.116	-1.116	-1.115	-1.117	-1.114	-1.116	-1.117	-1.115	-1.116	-1.114	-1.116	-1.115	-1.115	-1.040	-1.117	-1.116	-1.131	-1.120	-1.124	-1.125	-1.136	-1.121	-1.124	-1.134	-0.824	-1.126	-1.124	-1.124	-1.124	-1.124	-1.095	-1.101	-1.098	-1.095	-1.095	-1.056	-1.086	-1.101	-1.134	-1.124	-1.122	-1.124	-1.082	-1.137	-1.121	-1.081	-1.122	-1.121	-1.084	-1.077	-1.079	-1.085	-1.085	-1.127	-1.124	-1.129	-1.095	-1.097	-1.134	-1.136	-1.136	-1.133	-1.130	-1.128	-1.136	-1.098	-1.136	-1.136	-1.136	
rs2223296      -1.052	-0.965	-0.568	-1.050	-1.046	-1.050	-1.050	-0.827	-1.037	-1.031	-0.829	-1.028	-1.026	-0.837	-0.816	-0.828	-1.017	-0.974	-0.789	-0.798	-0.805	-0.920	-0.801	-0.661	-0.797	-1.032	-0.806	-0.880	-1.026	-0.795	-1.028	-0.832	-0.881	-0.835	-0.982	-0.924	-0.983	-0.984	-0.984	-0.983	-0.983	-0.952	-0.954	-0.807	-0.804	-0.803	-0.807	-0.814	-0.856	-0.848	-0.847	-0.838	-0.835	-0.833	-0.832	-0.823	-0.829	-0.813	-0.808	-0.825	-0.808	-0.810	-0.844	-0.851	-0.845	-0.827	-0.831	-0.817	-0.720	-1.039	-1.110	-1.112	-1.114	-1.114	-1.112	-1.113	-1.115	-1.111	-1.114	-1.113	-1.112	-1.115	-1.114	-1.115	-1.114	-1.114	-1.115	-1.113	-1.115	-1.116	-1.114	-1.115	-1.113	-1.115	-1.114	-1.114	-1.039	-1.116	-1.115	-1.129	-1.119	-1.122	-1.124	-1.134	-1.120	-1.123	-1.133	-0.823	-1.124	-1.122	-1.123	-1.123	-1.123	-1.094	-1.099	-1.096	-1.093	-1.093	-1.054	-1.084	-1.100	-1.133	-1.122	-1.120	-1.123	-1.080	-1.136	-1.119	-1.079	-1.120	-1.119	-1.083	-1.076	-1.077	-1.083	-1.084	-1.126	-1.123	-1.128	-1.093	-1.095	-1.133	-1.135	-1.135	-1.131	-1.129	-1.128	-1.134	-1.097	-1.135	-1.135	-1.135	
rs926323       -1.052	-0.961	-0.565	-1.050	-1.046	-1.050	-1.049	-0.820	-1.037	-1.032	-0.829	-1.029	-1.026	-0.836	-0.821	-0.827	-1.017	-0.974	-0.780	-0.797	-0.812	-0.922	-0.798	-0.797	-0.660	-1.032	-0.800	-0.883	-1.026	-0.798	-1.029	-0.837	-0.885	-0.836	-0.983	-0.927	-0.985	-0.985	-0.985	-0.985	-0.985	-0.954	-0.956	-0.808	-0.805	-0.804	-0.808	-0.815	-0.857	-0.849	-0.848	-0.839	-0.836	-0.834	-0.833	-0.824	-0.830	-0.814	-0.808	-0.826	-0.809	-0.811	-0.845	-0.852	-0.846	-0.827	-0.832	-0.818	-0.720	-1.039	-1.109	-1.111	-1.113	-1.113	-1.111	-1.112	-1.114	-1.110	-1.113	-1.112	-1.110	-1.114	-1.113	-1.114	-1.113	-1.112	-1.114	-1.112	-1.114	-1.115	-1.113	-1.114	-1.112	-1.114	-1.113	-1.112	-1.038	-1.115	-1.114	-1.128	-1.118	-1.121	-1.123	-1.133	-1.118	-1.122	-1.132	-0.823	-1.123	-1.121	-1.121	-1.121	-1.121	-1.092	-1.098	-1.095	-1.091	-1.091	-1.052	-1.082	-1.098	-1.131	-1.121	-1.119	-1.121	-1.079	-1.135	-1.118	-1.077	-1.119	-1.118	-1.081	-1.074	-1.075	-1.082	-1.082	-1.124	-1.122	-1.127	-1.092	-1.094	-1.132	-1.134	-1.134	-1.130	-1.128	-1.127	-1.133	-1.095	-1.134	-1.134	-1.134	
rs2142754      -0.807	-0.824	-0.520	-0.783	-0.790	-0.781	-0.781	-1.024	-0.779	-0.775	-1.034	-0.771	-0.768	-1.034	-0.895	-1.034	-0.749	-0.866	-1.029	-1.032	-1.020	-0.965	-1.032	-1.032	-1.032	-0.608	-1.029	-1.034	-0.738	-1.032	-0.744	-1.010	-0.934	-1.032	-1.060	-1.004	-1.061	-1.061	-1.061	-1.061	-1.061	-1.043	-1.044	-0.770	-0.767	-0.766	-0.770	-0.777	-0.817	-0.810	-0.808	-0.798	-0.796	-0.794	-0.794	-0.783	-0.790	-0.774	-0.768	-0.785	-0.768	-0.772	-0.804	-0.811	-0.804	-0.786	-0.790	-0.778	-0.679	-1.001	-1.068	-1.070	-1.072	-1.072	-1.070	-1.071	-1.073	-1.069	-1.072	-1.071	-1.070	-1.072	-1.072	-1.073	-1.072	-1.071	-1.073	-1.071	-1.073	-1.074	-1.072	-1.073	-1.071	-1.073	-1.072	-1.071	-0.989	-1.074	-1.073	-1.078	-1.068	-1.071	-1.073	-1.084	-1.068	-1.072	-1.080	-0.779	-1.073	-1.071	-1.071	-1.071	-1.071	-1.042	-1.048	-1.045	-1.042	-1.042	-1.002	-1.032	-1.046	-1.080	-1.071	-1.069	-1.071	-1.028	-1.082	-1.068	-1.027	-1.069	-1.068	-1.031	-1.024	-1.025	-1.032	-1.032	-1.075	-1.072	-1.077	-1.042	-1.044	-1.082	-1.084	-1.084	-1.081	-1.078	-1.077	-1.084	-1.045	-1.084	-1.084	-1.084	
rs9662701      -1.051	-0.978	-0.578	-1.049	-1.044	-1.049	-1.049	-0.853	-1.034	-1.028	-0.832	-1.024	-1.021	-0.842	-0.795	-0.829	-1.011	-0.969	-0.820	-0.804	-0.783	-0.912	-0.814	-0.806	-0.800	-1.029	-0.664	-0.866	-1.022	-0.790	-1.024	-0.810	-0.865	-0.830	-0.975	-0.912	-0.977	-0.978	-0.978	-0.977	-0.977	-0.942	-0.945	-0.802	-0.799	-0.799	-0.803	-0.810	-0.852	-0.845	-0.843	-0.835	-0.831	-0.829	-0.828	-0.819	-0.825	-0.809	-0.803	-0.821	-0.804	-0.806	-0.840	-0.849	-0.842	-0.824	-0.828	-0.814	-0.719	-1.038	-1.113	-1.116	-1.117	-1.117	-1.115	-1.117	-1.118	-1.115	-1.117	-1.116	-1.115	-1.118	-1.117	-1.118	-1.118	-1.117	-1.118	-1.116	-1.118	-1.119	-1.118	-1.118	-1.116	-1.118	-1.117	-1.117	-1.042	-1.119	-1.118	-1.133	-1.123	-1.126	-1.128	-1.138	-1.124	-1.127	-1.136	-0.825	-1.128	-1.127	-1.127	-1.127	-1.127	-1.099	-1.104	-1.101	-1.098	-1.098	-1.060	-1.089	-1.104	-1.136	-1.126	-1.125	-1.127	-1.086	-1.139	-1.124	-1.084	-1.125	-1.124	-1.088	-1.081	-1.082	-1.089	-1.089	-1.130	-1.127	-1.132	-1.098	-1.100	-1.137	-1.139	-1.139	-1.135	-1.133	-1.130	-1.138	-1.102	-1.139	-1.139	-1.138	
rs2207029      -1.042	-0.916	-0.510	-1.041	-1.039	-1.041	-1.040	-0.835	-1.035	-1.032	-0.876	-1.030	-1.028	-0.874	-0.905	-0.877	-1.023	-0.977	-0.860	-0.881	-0.916	-0.959	-0.876	-0.880	-0.883	-1.034	-0.866	-0.638	-1.030	-0.888	-1.032	-0.790	-0.952	-0.901	-1.009	-0.922	-1.010	-1.010	-1.010	-1.010	-1.010	-0.993	-0.994	-0.814	-0.811	-0.810	-0.815	-0.821	-0.860	-0.853	-0.852	-0.843	-0.840	-0.838	-0.838	-0.828	-0.834	-0.819	-0.813	-0.830	-0.814	-0.817	-0.848	-0.851	-0.845	-0.827	-0.831	-0.818	-0.709	-1.028	-1.089	-1.087	-1.089	-1.089	-1.087	-1.089	-1.091	-1.086	-1.089	-1.088	-1.086	-1.090	-1.089	-1.091	-1.090	-1.089	-1.091	-1.088	-1.090	-1.092	-1.090	-1.091	-1.088	-1.091	-1.089	-1.089	-1.018	-1.093	-1.091	-1.102	-1.091	-1.094	-1.096	-1.108	-1.091	-1.095	-1.102	-0.806	-1.096	-1.094	-1.095	-1.095	-1.095	-1.063	-1.069	-1.065	-1.062	-1.062	-1.021	-1.052	-1.064	-1.102	-1.094	-1.092	-1.094	-1.048	-1.111	-1.091	-1.047	-1.092	-1.091	-1.051	-1.043	-1.045	-1.052	-1.052	-1.098	-1.095	-1.100	-1.062	-1.064	-1.106	-1.108	-1.108	-1.104	-1.102	-1.107	-1.108	-1.066	-1.108	-1.108	-1.108	
rs16851232     -0.795	-0.806	-0.511	-0.768	-0.780	-0.767	-0.767	-1.016	-0.774	-0.774	-1.028	-0.773	-0.771	-1.028	-0.899	-1.028	-0.759	-0.867	-1.022	-1.026	-1.017	-0.963	-1.025	-1.026	-1.026	-0.738	-1.022	-1.030	-0.602	-1.026	-0.738	-1.008	-0.935	-1.026	-1.056	-1.002	-1.057	-1.057	-1.057	-1.057	-1.057	-1.040	-1.041	-0.764	-0.761	-0.760	-0.764	-0.770	-0.811	-0.804	-0.802	-0.792	-0.790	-0.788	-0.788	-0.777	-0.784	-0.767	-0.762	-0.779	-0.762	-0.766	-0.798	-0.806	-0.798	-0.781	-0.785	-0.772	-0.675	-0.996	-1.063	-1.065	-1.066	-1.066	-1.064	-1.066	-1.067	-1.064	-1.066	-1.065	-1.064	-1.067	-1.066	-1.067	-1.067	-1.066	-1.068	-1.065	-1.067	-1.068	-1.067	-1.067	-1.065	-1.067	-1.066	-1.066	-0.983	-1.068	-1.067	-1.072	-1.061	-1.064	-1.066	-1.077	-1.062	-1.065	-1.074	-0.774	-1.067	-1.065	-1.065	-1.065	-1.065	-1.035	-1.041	-1.038	-1.035	-1.035	-0.995	-1.025	-1.039	-1.074	-1.064	-1.063	-1.065	-1.021	-1.075	-1.061	-1.020	-1.062	-1.061	-1.024	-1.016	-1.018	-1.025	-1.025	-1.068	-1.065	-1.071	-1.035	-1.037	-1.076	-1.078	-1.078	-1.074	-1.072	-1.072	-1.078	-1.039	-1.078	-1.078	-1.078	
rs10737322     -1.051	-0.954	-0.560	-1.049	-1.045	-1.048	-1.048	-0.809	-1.037	-1.032	-0.828	-1.029	-1.027	-0.834	-0.830	-0.828	-1.018	-0.975	-0.767	-0.796	-0.822	-0.925	-0.794	-0.795	-0.798	-1.032	-0.790	-0.888	-1.026	-0.658	-1.028	-0.843	-0.890	-0.832	-0.984	-0.930	-0.986	-0.986	-0.986	-0.986	-0.986	-0.956	-0.959	-0.809	-0.806	-0.805	-0.809	-0.816	-0.858	-0.850	-0.848	-0.840	-0.837	-0.834	-0.834	-0.825	-0.830	-0.815	-0.809	-0.827	-0.810	-0.812	-0.846	-0.852	-0.846	-0.828	-0.832	-0.818	-0.719	-1.038	-1.107	-1.109	-1.110	-1.111	-1.109	-1.110	-1.111	-1.108	-1.110	-1.110	-1.108	-1.111	-1.111	-1.112	-1.111	-1.110	-1.112	-1.109	-1.111	-1.112	-1.111	-1.112	-1.110	-1.111	-1.111	-1.110	-1.036	-1.113	-1.111	-1.125	-1.115	-1.118	-1.120	-1.130	-1.115	-1.119	-1.129	-0.821	-1.120	-1.118	-1.118	-1.119	-1.119	-1.089	-1.095	-1.091	-1.088	-1.088	-1.049	-1.079	-1.095	-1.129	-1.118	-1.116	-1.118	-1.075	-1.132	-1.115	-1.074	-1.116	-1.115	-1.078	-1.071	-1.072	-1.079	-1.079	-1.122	-1.119	-1.124	-1.089	-1.091	-1.129	-1.131	-1.131	-1.127	-1.125	-1.125	-1.131	-1.092	-1.131	-1.131	-1.131	
rs10913337     -0.800	-0.813	-0.514	-0.774	-0.784	-0.773	-0.773	-1.020	-0.777	-0.775	-1.030	-0.773	-0.770	-1.030	-0.898	-1.030	-0.757	-0.866	-1.025	-1.028	-1.018	-0.964	-1.028	-1.028	-1.029	-0.744	-1.024	-1.032	-0.738	-1.028	-0.604	-1.008	-0.933	-1.028	-1.058	-1.002	-1.059	-1.059	-1.059	-1.059	-1.058	-1.041	-1.042	-0.766	-0.763	-0.762	-0.767	-0.773	-0.813	-0.806	-0.804	-0.794	-0.793	-0.790	-0.790	-0.779	-0.786	-0.770	-0.764	-0.781	-0.764	-0.768	-0.800	-0.808	-0.800	-0.783	-0.787	-0.774	-0.676	-0.998	-1.064	-1.067	-1.068	-1.068	-1.067	-1.068	-1.069	-1.066	-1.068	-1.067	-1.066	-1.069	-1.068	-1.069	-1.069	-1.068	-1.070	-1.067	-1.069	-1.070	-1.069	-1.069	-1.067	-1.069	-1.068	-1.068	-0.985	-1.070	-1.069	-1.074	-1.063	-1.067	-1.068	-1.079	-1.064	-1.068	-1.076	-0.776	-1.069	-1.067	-1.067	-1.067	-1.067	-1.038	-1.044	-1.040	-1.037	-1.037	-0.998	-1.028	-1.041	-1.076	-1.067	-1.065	-1.067	-1.024	-1.078	-1.064	-1.023	-1.065	-1.064	-1.026	-1.019	-1.020	-1.027	-1.027	-1.070	-1.068	-1.073	-1.038	-1.039	-1.078	-1.080	-1.080	-1.076	-1.074	-1.074	-1.080	-1.041	-1.080	-1.080	-1.080	
rs7551092      -1.013	-0.851	-0.449	-1.011	-1.012	-1.011	-1.011	-0.766	-1.010	-1.009	-0.829	-1.008	-1.007	-0.825	-0.923	-0.831	-1.004	-0.960	-0.802	-0.833	-0.908	-0.944	-0.825	-0.832	-0.837	-1.010	-0.810	-0.790	-1.008	-0.843	-1.008	-0.604	-0.953	-0.855	-0.990	-0.917	-0.991	-0.991	-0.991	-0.991	-0.991	-0.983	-0.984	-0.800	-0.797	-0.797	-0.801	-0.807	-0.845	-0.838	-0.837	-0.828	-0.826	-0.824	-0.823	-0.814	-0.820	-0.804	-0.799	-0.815	-0.799	-0.803	-0.833	-0.834	-0.827	-0.810	-0.814	-0.802	-0.685	-1.004	-1.056	-1.053	-1.055	-1.055	-1.053	-1.054	-1.056	-1.052	-1.055	-1.054	-1.052	-1.056	-1.055	-1.057	-1.056	-1.054	-1.057	-1.053	-1.056	-1.058	-1.056	-1.057	-1.054	-1.057	-1.055	-1.055	-0.987	-1.059	-1.057	-1.065	-1.052	-1.056	-1.058	-1.071	-1.053	-1.057	-1.064	-0.778	-1.059	-1.056	-1.056	-1.057	-1.057	-1.022	-1.028	-1.025	-1.021	-1.021	-0.978	-1.011	-1.021	-1.063	-1.056	-1.054	-1.056	-1.007	-1.075	-1.053	-1.005	-1.054	-1.053	-1.009	-1.001	-1.003	-1.010	-1.011	-1.060	-1.057	-1.063	-1.022	-1.024	-1.069	-1.071	-1.071	-1.067	-1.064	-1.075	-1.071	-1.026	-1.071	-1.071	-1.071	
rs10913340     -0.935	-0.910	-0.448	-0.931	-0.935	-0.930	-0.930	-0.844	-0.937	-0.939	-0.889	-0.940	-0.940	-0.886	-0.735	-0.891	-0.940	-0.927	-0.860	-0.882	-0.927	-0.947	-0.876	-0.881	-0.885	-0.934	-0.865	-0.952	-0.935	-0.890	-0.933	-0.953	-0.582	-0.887	-0.997	-0.975	-0.998	-0.998	-0.998	-0.998	-0.998	-0.991	-0.992	-0.780	-0.777	-0.776	-0.781	-0.787	-0.825	-0.818	-0.816	-0.807	-0.805	-0.803	-0.803	-0.793	-0.800	-0.783	-0.778	-0.794	-0.779	-0.782	-0.812	-0.809	-0.802	-0.785	-0.789	-0.777	-0.676	-0.985	-1.039	-1.035	-1.037	-1.037	-1.035	-1.037	-1.039	-1.034	-1.037	-1.036	-1.034	-1.038	-1.037	-1.039	-1.038	-1.037	-1.040	-1.036	-1.038	-1.040	-1.038	-1.039	-1.036	-1.039	-1.037	-1.037	-0.954	-1.041	-1.039	-1.043	-1.030	-1.034	-1.036	-1.049	-1.031	-1.035	-1.050	-0.754	-1.036	-1.034	-1.034	-1.034	-1.034	-1.002	-1.009	-1.005	-1.002	-1.002	-0.959	-0.991	-1.013	-1.050	-1.034	-1.032	-1.034	-0.987	-1.054	-1.030	-0.986	-1.032	-1.030	-0.990	-0.982	-0.983	-0.991	-0.991	-1.038	-1.035	-1.041	-1.002	-1.005	-1.047	-1.049	-1.049	-1.045	-1.042	-1.054	-1.049	-1.006	-1.049	-1.049	-1.049	
rs6676131      -1.050	-0.954	-0.555	-1.048	-1.044	-1.048	-1.048	-0.834	-1.037	-1.032	-0.853	-1.029	-1.027	-0.856	-0.841	-0.853	-1.018	-0.974	-0.821	-0.835	-0.844	-0.931	-0.834	-0.835	-0.836	-1.032	-0.830	-0.901	-1.026	-0.832	-1.028	-0.855	-0.887	-0.655	-0.980	-0.927	-0.981	-0.981	-0.981	-0.981	-0.981	-0.952	-0.954	-0.807	-0.804	-0.803	-0.808	-0.814	-0.856	-0.848	-0.846	-0.838	-0.835	-0.833	-0.832	-0.823	-0.829	-0.813	-0.807	-0.825	-0.808	-0.810	-0.844	-0.850	-0.844	-0.826	-0.830	-0.816	-0.717	-1.035	-1.103	-1.104	-1.106	-1.106	-1.104	-1.105	-1.107	-1.103	-1.106	-1.105	-1.103	-1.107	-1.106	-1.107	-1.107	-1.105	-1.108	-1.105	-1.107	-1.108	-1.106	-1.107	-1.105	-1.107	-1.106	-1.106	-1.032	-1.108	-1.107	-1.121	-1.110	-1.113	-1.115	-1.126	-1.111	-1.114	-1.125	-0.819	-1.115	-1.114	-1.114	-1.114	-1.114	-1.085	-1.091	-1.088	-1.084	-1.084	-1.045	-1.075	-1.092	-1.124	-1.113	-1.111	-1.114	-1.072	-1.129	-1.110	-1.070	-1.111	-1.110	-1.074	-1.067	-1.068	-1.075	-1.075	-1.117	-1.114	-1.119	-1.085	-1.087	-1.124	-1.126	-1.126	-1.123	-1.120	-1.121	-1.126	-1.088	-1.126	-1.126	-1.126	
rs1040579      -1.071	-1.000	-0.519	-1.070	-1.068	-1.070	-1.070	-0.967	-1.063	-1.060	-0.986	-1.058	-1.056	-0.986	-0.968	-0.987	-1.051	-0.952	-0.972	-0.982	-0.989	-1.014	-0.980	-0.982	-0.983	-1.060	-0.975	-1.009	-1.056	-0.984	-1.058	-0.990	-0.997	-0.980	-0.626	-0.799	-0.762	-0.762	-0.763	-0.763	-0.763	-0.732	-0.750	-0.798	-0.796	-0.795	-0.799	-0.805	-0.846	-0.838	-0.837	-0.829	-0.826	-0.823	-0.823	-0.814	-0.820	-0.804	-0.799	-0.816	-0.799	-0.802	-0.834	-0.840	-0.833	-0.816	-0.820	-0.807	-0.703	-1.016	-1.072	-1.069	-1.071	-1.071	-1.069	-1.071	-1.073	-1.068	-1.071	-1.070	-1.068	-1.072	-1.071	-1.073	-1.072	-1.071	-1.074	-1.069	-1.072	-1.074	-1.072	-1.073	-1.070	-1.073	-1.071	-1.071	-1.007	-1.075	-1.073	-1.101	-1.090	-1.093	-1.095	-1.106	-1.091	-1.094	-1.102	-0.764	-1.096	-1.094	-1.094	-1.094	-1.094	-1.065	-1.071	-1.068	-1.065	-1.065	-1.026	-1.056	-1.068	-1.102	-1.093	-1.092	-1.094	-1.052	-1.108	-1.091	-1.051	-1.092	-1.091	-1.054	-1.047	-1.049	-1.055	-1.055	-1.097	-1.094	-1.099	-1.065	-1.067	-1.104	-1.106	-1.106	-1.103	-1.100	-1.096	-1.106	-1.068	-1.106	-1.106	-1.106	
rs6673896      -1.008	-0.912	-0.401	-1.008	-1.007	-1.008	-1.008	-0.889	-1.005	-1.003	-0.924	-1.002	-1.001	-0.921	-0.956	-0.925	-0.998	-0.914	-0.908	-0.925	-0.957	-0.971	-0.920	-0.924	-0.927	-1.004	-0.912	-0.922	-1.002	-0.930	-1.002	-0.917	-0.975	-0.927	-0.799	-0.554	-0.798	-0.798	-0.799	-0.799	-0.799	-0.825	-0.826	-0.775	-0.772	-0.772	-0.776	-0.781	-0.818	-0.811	-0.810	-0.801	-0.799	-0.798	-0.797	-0.788	-0.794	-0.779	-0.774	-0.789	-0.774	-0.777	-0.806	-0.806	-0.799	-0.782	-0.786	-0.775	-0.654	-0.963	-1.002	-0.993	-0.996	-0.996	-0.993	-0.995	-0.998	-0.992	-0.996	-0.995	-0.992	-0.997	-0.996	-0.999	-0.997	-0.995	-0.999	-0.994	-0.997	-1.000	-0.997	-0.999	-0.995	-0.999	-0.996	-0.996	-0.943	-1.002	-0.999	-1.028	-1.017	-1.020	-1.022	-1.034	-1.018	-1.021	-1.024	-0.676	-1.023	-1.021	-1.021	-1.021	-1.021	-0.990	-0.996	-0.992	-0.989	-0.989	-0.950	-0.980	-0.984	-1.023	-1.020	-1.018	-1.021	-0.976	-1.037	-1.017	-0.975	-1.018	-1.017	-0.978	-0.971	-0.972	-0.979	-0.979	-1.024	-1.021	-1.027	-0.990	-0.992	-1.032	-1.034	-1.034	-1.030	-1.028	-1.027	-1.034	-0.993	-1.034	-1.034	-1.034	
