## Summary of overall evidence for association with region:
## log10(BF for region) = -0.49558
## p-value for region = NA

## BFs for choosing among multi-SNP models:
## log10(average 1-SNP BF) = -0.42168
## log10(average 2-SNP BF) = -0.696923

## Example posterior probabilities for multi-SNP models, based on default prior: [p(l) propto 0.5^l for l=1,2,...,L]
## posterior probability of 1-SNP = 0.79033
## posterior probability of 2-SNP = 0.20967

## log10(BF) for single SNP and pair of SNPs:
rs6707629      +0.024	-0.187	-0.167	-0.150	-0.155	-0.144	-0.378	-0.376	-0.378	-0.377	-0.382	-0.379	-0.377	-0.379	-0.375	-0.270	-0.374	-0.371	-0.378	-0.378	-0.377	-0.401	-0.400	-0.404	-0.405	-0.407	-0.386	-0.406	-0.380	-0.425	-0.526	-0.168	-0.350	-0.527	-0.239	-0.372	-0.529	-0.531	-0.531	-0.385	-0.360	-0.360	-0.363	-0.500	-0.497	-0.476	-0.489	-0.044	-0.494	-0.493	-0.495	-0.188	-0.497	-0.177	-0.203	-0.192	-0.206	-0.492	-0.496	-0.276	-0.283	-0.245	-0.278	-0.396	-0.298	-0.329	-0.287	-0.323	-0.382	-0.376	-0.358	-0.357	-0.295	-0.316	-0.356	-0.355	-0.355	-0.316	-0.318	-0.348	-0.352	-0.352	-0.354	-0.356	-0.359	-0.314	-0.313	-0.315	-0.314	-0.310	-0.357	-0.311	-0.311	-0.310	-0.313	-0.313	-0.310	-0.394	-0.299	-0.299	-0.299	-0.385	-0.277	-0.395	-0.393	
rs56052420     -0.187	-0.114	-0.180	-0.149	-0.170	-0.151	-0.509	-0.508	-0.509	-0.508	-0.513	-0.510	-0.508	-0.510	-0.506	-0.400	-0.504	-0.501	-0.509	-0.511	-0.510	-0.530	-0.528	-0.533	-0.533	-0.536	-0.518	-0.535	-0.514	-0.557	-0.657	-0.305	-0.482	-0.658	-0.373	-0.504	-0.660	-0.662	-0.662	-0.516	-0.492	-0.492	-0.495	-0.633	-0.630	-0.609	-0.623	-0.178	-0.626	-0.626	-0.627	-0.325	-0.629	-0.313	-0.339	-0.328	-0.342	-0.625	-0.630	-0.410	-0.417	-0.379	-0.418	-0.528	-0.434	-0.467	-0.419	-0.455	-0.515	-0.509	-0.488	-0.487	-0.427	-0.448	-0.486	-0.485	-0.485	-0.448	-0.450	-0.478	-0.482	-0.482	-0.485	-0.486	-0.489	-0.447	-0.446	-0.448	-0.447	-0.443	-0.487	-0.442	-0.443	-0.441	-0.446	-0.446	-0.442	-0.526	-0.431	-0.431	-0.431	-0.518	-0.406	-0.527	-0.526	
rs28437246     -0.167	-0.180	-0.062	-0.115	-0.136	-0.120	-0.463	-0.462	-0.463	-0.462	-0.468	-0.465	-0.463	-0.464	-0.460	-0.346	-0.459	-0.456	-0.463	-0.465	-0.464	-0.482	-0.481	-0.486	-0.486	-0.489	-0.472	-0.488	-0.468	-0.511	-0.612	-0.256	-0.436	-0.613	-0.326	-0.458	-0.615	-0.617	-0.617	-0.470	-0.446	-0.446	-0.449	-0.588	-0.585	-0.563	-0.577	-0.130	-0.580	-0.580	-0.581	-0.277	-0.584	-0.265	-0.291	-0.280	-0.294	-0.579	-0.583	-0.363	-0.370	-0.332	-0.372	-0.482	-0.389	-0.420	-0.372	-0.409	-0.469	-0.463	-0.442	-0.441	-0.381	-0.402	-0.440	-0.438	-0.439	-0.402	-0.404	-0.431	-0.436	-0.436	-0.438	-0.440	-0.443	-0.401	-0.400	-0.402	-0.401	-0.397	-0.441	-0.396	-0.397	-0.395	-0.400	-0.400	-0.395	-0.480	-0.384	-0.384	-0.384	-0.472	-0.359	-0.481	-0.480	
rs7575297      -0.150	-0.149	-0.115	-0.027	-0.113	-0.101	-0.433	-0.432	-0.433	-0.432	-0.437	-0.434	-0.432	-0.434	-0.430	-0.313	-0.429	-0.426	-0.433	-0.434	-0.433	-0.451	-0.450	-0.455	-0.455	-0.458	-0.442	-0.456	-0.437	-0.481	-0.582	-0.225	-0.405	-0.583	-0.295	-0.428	-0.585	-0.587	-0.587	-0.440	-0.416	-0.416	-0.418	-0.558	-0.555	-0.534	-0.547	-0.099	-0.551	-0.550	-0.551	-0.245	-0.554	-0.234	-0.259	-0.249	-0.262	-0.549	-0.554	-0.332	-0.339	-0.301	-0.343	-0.452	-0.358	-0.391	-0.342	-0.378	-0.438	-0.433	-0.412	-0.410	-0.350	-0.372	-0.409	-0.408	-0.408	-0.372	-0.373	-0.401	-0.406	-0.406	-0.408	-0.409	-0.413	-0.370	-0.369	-0.371	-0.370	-0.367	-0.410	-0.365	-0.366	-0.364	-0.369	-0.369	-0.365	-0.450	-0.354	-0.354	-0.354	-0.442	-0.329	-0.451	-0.450	
rs6743329      -0.155	-0.170	-0.136	-0.113	-0.042	-0.096	-0.447	-0.446	-0.447	-0.446	-0.451	-0.448	-0.446	-0.448	-0.444	-0.328	-0.442	-0.439	-0.447	-0.448	-0.447	-0.465	-0.464	-0.469	-0.469	-0.472	-0.456	-0.470	-0.451	-0.495	-0.595	-0.239	-0.420	-0.597	-0.309	-0.442	-0.599	-0.601	-0.601	-0.454	-0.430	-0.430	-0.433	-0.572	-0.569	-0.547	-0.561	-0.111	-0.565	-0.564	-0.565	-0.260	-0.568	-0.248	-0.274	-0.263	-0.277	-0.563	-0.567	-0.346	-0.353	-0.315	-0.357	-0.466	-0.372	-0.405	-0.356	-0.392	-0.452	-0.447	-0.425	-0.424	-0.364	-0.386	-0.423	-0.422	-0.422	-0.385	-0.387	-0.414	-0.419	-0.419	-0.422	-0.423	-0.426	-0.384	-0.383	-0.385	-0.384	-0.381	-0.424	-0.379	-0.380	-0.378	-0.383	-0.383	-0.378	-0.464	-0.367	-0.367	-0.368	-0.456	-0.342	-0.465	-0.463	
rs35162931     -0.144	-0.151	-0.120	-0.101	-0.096	-0.020	-0.428	-0.427	-0.428	-0.427	-0.432	-0.429	-0.427	-0.429	-0.425	-0.306	-0.423	-0.420	-0.428	-0.429	-0.428	-0.445	-0.444	-0.449	-0.449	-0.453	-0.437	-0.451	-0.432	-0.476	-0.577	-0.219	-0.401	-0.578	-0.289	-0.423	-0.580	-0.582	-0.582	-0.435	-0.411	-0.411	-0.413	-0.553	-0.550	-0.529	-0.542	-0.092	-0.546	-0.545	-0.547	-0.240	-0.549	-0.229	-0.254	-0.243	-0.257	-0.544	-0.548	-0.327	-0.334	-0.296	-0.338	-0.447	-0.353	-0.386	-0.336	-0.373	-0.433	-0.428	-0.406	-0.405	-0.345	-0.366	-0.404	-0.403	-0.403	-0.366	-0.368	-0.395	-0.400	-0.400	-0.402	-0.404	-0.407	-0.365	-0.364	-0.366	-0.365	-0.361	-0.405	-0.360	-0.361	-0.359	-0.364	-0.364	-0.359	-0.445	-0.348	-0.348	-0.348	-0.437	-0.323	-0.446	-0.444	
rs7586625      -0.378	-0.509	-0.463	-0.433	-0.447	-0.428	-0.485	-0.610	-0.607	-0.609	-0.625	-0.626	-0.626	-0.629	-0.610	-0.722	-0.608	-0.608	-0.631	-0.628	-0.619	-0.779	-0.779	-0.782	-0.782	-0.784	-0.677	-0.784	-0.648	-0.877	-0.971	-0.585	-0.802	-0.971	-0.701	-0.824	-0.974	-0.975	-0.976	-0.837	-0.812	-0.812	-0.815	-0.948	-0.945	-0.926	-0.937	-0.498	-0.940	-0.939	-0.941	-0.613	-0.944	-0.599	-0.634	-0.622	-0.639	-0.947	-0.952	-0.717	-0.724	-0.687	-0.735	-0.851	-0.753	-0.783	-0.743	-0.780	-0.837	-0.832	-0.816	-0.815	-0.756	-0.775	-0.814	-0.813	-0.813	-0.775	-0.777	-0.807	-0.811	-0.811	-0.813	-0.814	-0.816	-0.773	-0.773	-0.775	-0.773	-0.770	-0.814	-0.770	-0.770	-0.769	-0.773	-0.772	-0.770	-0.849	-0.759	-0.759	-0.759	-0.841	-0.737	-0.850	-0.848	
rs72801983     -0.376	-0.508	-0.462	-0.432	-0.446	-0.427	-0.610	-0.486	-0.610	-0.608	-0.640	-0.635	-0.628	-0.636	-0.602	-0.708	-0.599	-0.594	-0.631	-0.648	-0.645	-0.775	-0.774	-0.778	-0.779	-0.781	-0.686	-0.781	-0.669	-0.879	-0.971	-0.595	-0.803	-0.972	-0.702	-0.826	-0.975	-0.976	-0.977	-0.838	-0.813	-0.813	-0.816	-0.950	-0.947	-0.927	-0.939	-0.485	-0.941	-0.941	-0.942	-0.621	-0.945	-0.608	-0.641	-0.630	-0.645	-0.946	-0.951	-0.721	-0.727	-0.691	-0.737	-0.852	-0.754	-0.785	-0.744	-0.781	-0.838	-0.832	-0.816	-0.815	-0.756	-0.776	-0.814	-0.813	-0.813	-0.776	-0.778	-0.807	-0.811	-0.811	-0.813	-0.814	-0.817	-0.774	-0.773	-0.775	-0.774	-0.770	-0.815	-0.771	-0.771	-0.769	-0.773	-0.773	-0.770	-0.850	-0.760	-0.760	-0.760	-0.842	-0.737	-0.850	-0.849	
rs7572638      -0.378	-0.509	-0.463	-0.433	-0.447	-0.428	-0.607	-0.610	-0.485	-0.610	-0.625	-0.626	-0.626	-0.629	-0.610	-0.722	-0.608	-0.608	-0.631	-0.629	-0.620	-0.779	-0.779	-0.782	-0.782	-0.784	-0.678	-0.784	-0.649	-0.877	-0.971	-0.586	-0.802	-0.971	-0.701	-0.825	-0.975	-0.976	-0.976	-0.837	-0.812	-0.812	-0.815	-0.948	-0.945	-0.927	-0.937	-0.498	-0.940	-0.940	-0.941	-0.613	-0.944	-0.600	-0.634	-0.622	-0.639	-0.947	-0.952	-0.717	-0.724	-0.687	-0.736	-0.851	-0.753	-0.784	-0.744	-0.780	-0.838	-0.832	-0.816	-0.815	-0.756	-0.775	-0.814	-0.813	-0.813	-0.775	-0.777	-0.807	-0.811	-0.811	-0.813	-0.814	-0.817	-0.774	-0.773	-0.775	-0.774	-0.770	-0.815	-0.770	-0.771	-0.769	-0.773	-0.772	-0.770	-0.849	-0.759	-0.759	-0.759	-0.841	-0.737	-0.850	-0.848	
rs72801984     -0.377	-0.508	-0.462	-0.432	-0.446	-0.427	-0.609	-0.608	-0.610	-0.486	-0.641	-0.635	-0.628	-0.636	-0.601	-0.708	-0.598	-0.592	-0.630	-0.649	-0.645	-0.775	-0.774	-0.778	-0.779	-0.782	-0.687	-0.781	-0.670	-0.879	-0.971	-0.596	-0.804	-0.972	-0.703	-0.826	-0.975	-0.977	-0.977	-0.839	-0.814	-0.814	-0.817	-0.950	-0.947	-0.928	-0.939	-0.485	-0.942	-0.941	-0.943	-0.622	-0.945	-0.609	-0.642	-0.631	-0.646	-0.947	-0.951	-0.721	-0.728	-0.692	-0.738	-0.852	-0.755	-0.785	-0.745	-0.781	-0.839	-0.833	-0.817	-0.815	-0.757	-0.776	-0.814	-0.813	-0.814	-0.776	-0.778	-0.807	-0.812	-0.812	-0.813	-0.814	-0.817	-0.774	-0.774	-0.776	-0.774	-0.771	-0.815	-0.771	-0.771	-0.770	-0.774	-0.773	-0.770	-0.850	-0.760	-0.760	-0.760	-0.842	-0.737	-0.851	-0.849	
rs17033293     -0.382	-0.513	-0.468	-0.437	-0.451	-0.432	-0.625	-0.640	-0.625	-0.641	-0.492	-0.623	-0.614	-0.626	-0.611	-0.708	-0.608	-0.602	-0.639	-0.645	-0.642	-0.776	-0.776	-0.780	-0.780	-0.783	-0.686	-0.783	-0.669	-0.885	-0.977	-0.603	-0.809	-0.977	-0.708	-0.831	-0.981	-0.982	-0.982	-0.844	-0.819	-0.819	-0.822	-0.955	-0.952	-0.933	-0.945	-0.490	-0.947	-0.947	-0.948	-0.628	-0.951	-0.616	-0.648	-0.637	-0.653	-0.952	-0.956	-0.727	-0.733	-0.698	-0.743	-0.857	-0.760	-0.791	-0.750	-0.786	-0.844	-0.838	-0.822	-0.820	-0.762	-0.781	-0.819	-0.818	-0.819	-0.781	-0.783	-0.812	-0.817	-0.817	-0.818	-0.820	-0.822	-0.780	-0.779	-0.781	-0.780	-0.776	-0.820	-0.776	-0.776	-0.775	-0.779	-0.779	-0.775	-0.855	-0.765	-0.765	-0.765	-0.847	-0.742	-0.856	-0.855	
rs7567921      -0.379	-0.510	-0.465	-0.434	-0.448	-0.429	-0.626	-0.635	-0.626	-0.635	-0.623	-0.488	-0.613	-0.621	-0.615	-0.714	-0.613	-0.610	-0.639	-0.632	-0.625	-0.776	-0.776	-0.780	-0.780	-0.783	-0.679	-0.782	-0.655	-0.880	-0.973	-0.593	-0.805	-0.974	-0.704	-0.827	-0.977	-0.978	-0.978	-0.840	-0.815	-0.815	-0.818	-0.951	-0.948	-0.929	-0.940	-0.494	-0.943	-0.942	-0.944	-0.619	-0.947	-0.606	-0.640	-0.628	-0.644	-0.949	-0.953	-0.721	-0.728	-0.691	-0.738	-0.853	-0.756	-0.786	-0.746	-0.782	-0.840	-0.834	-0.818	-0.817	-0.758	-0.777	-0.816	-0.815	-0.815	-0.778	-0.779	-0.809	-0.813	-0.813	-0.815	-0.816	-0.819	-0.776	-0.775	-0.777	-0.776	-0.772	-0.817	-0.772	-0.773	-0.771	-0.775	-0.775	-0.772	-0.851	-0.761	-0.761	-0.761	-0.843	-0.739	-0.852	-0.851	
rs10490351     -0.377	-0.508	-0.463	-0.432	-0.446	-0.427	-0.626	-0.628	-0.626	-0.628	-0.614	-0.613	-0.485	-0.607	-0.614	-0.719	-0.613	-0.613	-0.636	-0.613	-0.603	-0.776	-0.776	-0.779	-0.779	-0.781	-0.671	-0.781	-0.639	-0.877	-0.970	-0.584	-0.801	-0.970	-0.701	-0.824	-0.974	-0.975	-0.975	-0.837	-0.812	-0.812	-0.814	-0.948	-0.945	-0.926	-0.937	-0.498	-0.939	-0.939	-0.940	-0.611	-0.943	-0.598	-0.633	-0.621	-0.637	-0.947	-0.951	-0.716	-0.723	-0.686	-0.735	-0.850	-0.752	-0.783	-0.743	-0.779	-0.837	-0.831	-0.815	-0.814	-0.755	-0.775	-0.813	-0.812	-0.812	-0.775	-0.777	-0.806	-0.810	-0.810	-0.812	-0.813	-0.816	-0.773	-0.772	-0.774	-0.773	-0.769	-0.814	-0.770	-0.770	-0.769	-0.772	-0.772	-0.769	-0.848	-0.759	-0.759	-0.759	-0.840	-0.736	-0.849	-0.848	
rs10194925     -0.379	-0.510	-0.464	-0.434	-0.448	-0.429	-0.629	-0.636	-0.629	-0.636	-0.626	-0.621	-0.607	-0.487	-0.610	-0.714	-0.608	-0.607	-0.638	-0.628	-0.621	-0.776	-0.776	-0.780	-0.780	-0.782	-0.678	-0.782	-0.652	-0.880	-0.973	-0.592	-0.804	-0.973	-0.704	-0.827	-0.977	-0.978	-0.978	-0.839	-0.815	-0.815	-0.817	-0.951	-0.948	-0.929	-0.940	-0.495	-0.942	-0.942	-0.943	-0.618	-0.946	-0.605	-0.639	-0.627	-0.644	-0.949	-0.953	-0.721	-0.727	-0.691	-0.738	-0.853	-0.755	-0.786	-0.746	-0.782	-0.840	-0.834	-0.818	-0.817	-0.758	-0.777	-0.816	-0.815	-0.815	-0.777	-0.779	-0.808	-0.813	-0.813	-0.815	-0.816	-0.818	-0.775	-0.775	-0.777	-0.775	-0.772	-0.816	-0.772	-0.772	-0.771	-0.775	-0.774	-0.771	-0.851	-0.761	-0.761	-0.761	-0.843	-0.739	-0.852	-0.850	
rs66512070     -0.375	-0.506	-0.460	-0.430	-0.444	-0.425	-0.610	-0.602	-0.610	-0.601	-0.611	-0.615	-0.614	-0.610	-0.481	-0.728	-0.602	-0.608	-0.621	-0.600	-0.587	-0.777	-0.777	-0.779	-0.780	-0.781	-0.663	-0.781	-0.624	-0.872	-0.967	-0.574	-0.797	-0.967	-0.697	-0.820	-0.970	-0.971	-0.972	-0.833	-0.808	-0.808	-0.810	-0.943	-0.940	-0.922	-0.932	-0.502	-0.935	-0.935	-0.936	-0.602	-0.939	-0.588	-0.624	-0.612	-0.629	-0.944	-0.949	-0.710	-0.718	-0.680	-0.730	-0.847	-0.748	-0.779	-0.739	-0.776	-0.833	-0.827	-0.812	-0.811	-0.752	-0.771	-0.810	-0.809	-0.809	-0.771	-0.773	-0.803	-0.807	-0.807	-0.809	-0.810	-0.813	-0.769	-0.768	-0.771	-0.769	-0.765	-0.811	-0.766	-0.766	-0.765	-0.769	-0.768	-0.766	-0.845	-0.755	-0.755	-0.755	-0.837	-0.733	-0.846	-0.844	
rs11899866     -0.270	-0.400	-0.346	-0.313	-0.328	-0.306	-0.722	-0.708	-0.722	-0.708	-0.708	-0.714	-0.719	-0.714	-0.728	-0.437	-0.729	-0.734	-0.725	-0.692	-0.683	-0.733	-0.736	-0.731	-0.731	-0.728	-0.707	-0.730	-0.674	-0.846	-0.929	-0.522	-0.735	-0.929	-0.646	-0.760	-0.932	-0.934	-0.934	-0.776	-0.746	-0.746	-0.749	-0.909	-0.906	-0.884	-0.899	-0.511	-0.900	-0.900	-0.901	-0.550	-0.903	-0.535	-0.572	-0.558	-0.577	-0.911	-0.914	-0.665	-0.674	-0.633	-0.687	-0.804	-0.692	-0.734	-0.688	-0.728	-0.792	-0.785	-0.770	-0.769	-0.707	-0.726	-0.768	-0.767	-0.767	-0.727	-0.729	-0.762	-0.766	-0.766	-0.767	-0.768	-0.770	-0.724	-0.723	-0.726	-0.724	-0.720	-0.768	-0.722	-0.722	-0.722	-0.723	-0.723	-0.722	-0.802	-0.711	-0.711	-0.711	-0.795	-0.691	-0.803	-0.802	
rs59496748     -0.374	-0.504	-0.459	-0.429	-0.442	-0.423	-0.608	-0.599	-0.608	-0.598	-0.608	-0.613	-0.613	-0.608	-0.602	-0.729	-0.479	-0.605	-0.615	-0.587	-0.571	-0.775	-0.775	-0.777	-0.778	-0.779	-0.656	-0.779	-0.614	-0.871	-0.965	-0.570	-0.796	-0.965	-0.695	-0.818	-0.969	-0.970	-0.970	-0.831	-0.806	-0.806	-0.809	-0.942	-0.939	-0.921	-0.931	-0.502	-0.934	-0.933	-0.934	-0.599	-0.938	-0.585	-0.621	-0.609	-0.626	-0.943	-0.947	-0.708	-0.716	-0.678	-0.729	-0.846	-0.747	-0.777	-0.738	-0.775	-0.832	-0.826	-0.811	-0.810	-0.750	-0.770	-0.808	-0.807	-0.808	-0.770	-0.772	-0.801	-0.806	-0.806	-0.807	-0.809	-0.811	-0.768	-0.767	-0.769	-0.768	-0.764	-0.809	-0.765	-0.765	-0.764	-0.767	-0.767	-0.764	-0.843	-0.754	-0.754	-0.754	-0.836	-0.732	-0.844	-0.843	
rs6736338      -0.371	-0.501	-0.456	-0.426	-0.439	-0.420	-0.608	-0.594	-0.608	-0.592	-0.602	-0.610	-0.613	-0.607	-0.608	-0.734	-0.605	-0.476	-0.593	-0.556	-0.533	-0.772	-0.772	-0.774	-0.774	-0.775	-0.640	-0.776	-0.589	-0.866	-0.962	-0.561	-0.792	-0.961	-0.691	-0.815	-0.965	-0.966	-0.967	-0.828	-0.802	-0.802	-0.805	-0.938	-0.935	-0.917	-0.927	-0.505	-0.929	-0.929	-0.930	-0.590	-0.934	-0.576	-0.613	-0.601	-0.619	-0.940	-0.945	-0.702	-0.710	-0.672	-0.725	-0.842	-0.743	-0.773	-0.734	-0.771	-0.828	-0.823	-0.807	-0.806	-0.747	-0.766	-0.805	-0.804	-0.804	-0.766	-0.768	-0.798	-0.802	-0.802	-0.804	-0.805	-0.808	-0.764	-0.763	-0.766	-0.764	-0.760	-0.806	-0.761	-0.762	-0.760	-0.764	-0.763	-0.761	-0.840	-0.750	-0.750	-0.750	-0.832	-0.728	-0.841	-0.839	
rs6715182      -0.378	-0.509	-0.463	-0.433	-0.447	-0.428	-0.631	-0.631	-0.631	-0.630	-0.639	-0.639	-0.636	-0.638	-0.621	-0.725	-0.615	-0.593	-0.486	-0.604	-0.590	-0.775	-0.775	-0.778	-0.778	-0.780	-0.661	-0.780	-0.627	-0.877	-0.971	-0.583	-0.802	-0.971	-0.701	-0.825	-0.975	-0.976	-0.976	-0.837	-0.812	-0.812	-0.815	-0.948	-0.945	-0.927	-0.937	-0.499	-0.940	-0.939	-0.941	-0.610	-0.944	-0.597	-0.632	-0.620	-0.637	-0.948	-0.952	-0.716	-0.723	-0.686	-0.736	-0.851	-0.753	-0.784	-0.744	-0.780	-0.838	-0.832	-0.816	-0.815	-0.756	-0.775	-0.814	-0.813	-0.813	-0.776	-0.777	-0.807	-0.811	-0.811	-0.813	-0.814	-0.817	-0.774	-0.773	-0.775	-0.774	-0.770	-0.815	-0.770	-0.771	-0.769	-0.773	-0.773	-0.770	-0.849	-0.759	-0.759	-0.759	-0.841	-0.737	-0.850	-0.849	
rs17033364     -0.378	-0.511	-0.465	-0.434	-0.448	-0.429	-0.628	-0.648	-0.629	-0.649	-0.645	-0.632	-0.613	-0.628	-0.600	-0.692	-0.587	-0.556	-0.604	-0.490	-0.610	-0.756	-0.754	-0.760	-0.760	-0.764	-0.653	-0.762	-0.647	-0.884	-0.975	-0.608	-0.809	-0.976	-0.707	-0.831	-0.979	-0.981	-0.981	-0.843	-0.819	-0.819	-0.821	-0.955	-0.952	-0.932	-0.944	-0.475	-0.946	-0.946	-0.947	-0.632	-0.950	-0.620	-0.651	-0.641	-0.656	-0.949	-0.954	-0.727	-0.733	-0.698	-0.743	-0.856	-0.759	-0.790	-0.749	-0.785	-0.843	-0.837	-0.820	-0.819	-0.760	-0.780	-0.818	-0.817	-0.817	-0.780	-0.782	-0.811	-0.815	-0.815	-0.817	-0.818	-0.821	-0.778	-0.777	-0.779	-0.778	-0.775	-0.819	-0.775	-0.775	-0.774	-0.778	-0.777	-0.774	-0.854	-0.764	-0.764	-0.764	-0.846	-0.741	-0.855	-0.853	
rs10210172     -0.377	-0.510	-0.464	-0.433	-0.447	-0.428	-0.619	-0.645	-0.620	-0.645	-0.642	-0.625	-0.603	-0.621	-0.587	-0.683	-0.571	-0.533	-0.590	-0.610	-0.490	-0.749	-0.747	-0.754	-0.754	-0.758	-0.646	-0.756	-0.650	-0.885	-0.975	-0.613	-0.809	-0.976	-0.708	-0.831	-0.979	-0.981	-0.981	-0.843	-0.819	-0.819	-0.822	-0.955	-0.953	-0.932	-0.945	-0.468	-0.947	-0.947	-0.948	-0.637	-0.950	-0.625	-0.655	-0.645	-0.659	-0.948	-0.953	-0.729	-0.734	-0.700	-0.744	-0.856	-0.760	-0.791	-0.749	-0.785	-0.843	-0.837	-0.820	-0.819	-0.760	-0.780	-0.818	-0.817	-0.817	-0.780	-0.782	-0.811	-0.815	-0.815	-0.817	-0.818	-0.821	-0.778	-0.777	-0.779	-0.778	-0.775	-0.819	-0.775	-0.775	-0.773	-0.778	-0.777	-0.774	-0.854	-0.764	-0.764	-0.764	-0.846	-0.741	-0.855	-0.853	
rs7561692      -0.401	-0.530	-0.482	-0.451	-0.465	-0.445	-0.779	-0.775	-0.779	-0.775	-0.776	-0.776	-0.776	-0.776	-0.777	-0.733	-0.775	-0.772	-0.775	-0.756	-0.749	-0.527	-0.656	-0.659	-0.660	-0.659	-0.757	-0.664	-0.735	-0.909	-1.004	-0.630	-0.837	-1.004	-0.739	-0.860	-1.008	-1.009	-1.010	-0.873	-0.848	-0.848	-0.850	-0.980	-0.977	-0.962	-0.969	-0.547	-0.973	-0.973	-0.974	-0.656	-0.978	-0.643	-0.677	-0.665	-0.681	-0.986	-0.990	-0.759	-0.766	-0.729	-0.771	-0.889	-0.791	-0.819	-0.782	-0.819	-0.875	-0.869	-0.855	-0.854	-0.795	-0.814	-0.853	-0.852	-0.852	-0.814	-0.816	-0.846	-0.850	-0.850	-0.852	-0.853	-0.855	-0.812	-0.811	-0.813	-0.812	-0.808	-0.853	-0.809	-0.809	-0.808	-0.811	-0.811	-0.808	-0.887	-0.798	-0.798	-0.798	-0.879	-0.776	-0.888	-0.886	
rs12612653     -0.400	-0.528	-0.481	-0.450	-0.464	-0.444	-0.779	-0.774	-0.779	-0.774	-0.776	-0.776	-0.776	-0.776	-0.777	-0.736	-0.775	-0.772	-0.775	-0.754	-0.747	-0.656	-0.526	-0.658	-0.658	-0.656	-0.756	-0.661	-0.733	-0.908	-1.004	-0.628	-0.836	-1.003	-0.738	-0.859	-1.007	-1.008	-1.009	-0.872	-0.847	-0.847	-0.849	-0.979	-0.976	-0.961	-0.968	-0.547	-0.972	-0.972	-0.973	-0.655	-0.977	-0.641	-0.675	-0.663	-0.679	-0.986	-0.990	-0.758	-0.765	-0.728	-0.770	-0.888	-0.790	-0.818	-0.781	-0.818	-0.874	-0.869	-0.854	-0.853	-0.794	-0.813	-0.852	-0.851	-0.851	-0.813	-0.815	-0.845	-0.849	-0.849	-0.851	-0.852	-0.855	-0.811	-0.810	-0.812	-0.811	-0.807	-0.853	-0.808	-0.808	-0.807	-0.810	-0.810	-0.808	-0.886	-0.797	-0.797	-0.797	-0.878	-0.775	-0.887	-0.886	
rs12612741     -0.404	-0.533	-0.486	-0.455	-0.469	-0.449	-0.782	-0.778	-0.782	-0.778	-0.780	-0.780	-0.779	-0.780	-0.779	-0.731	-0.777	-0.774	-0.778	-0.760	-0.754	-0.659	-0.658	-0.530	-0.656	-0.657	-0.762	-0.661	-0.742	-0.912	-1.007	-0.635	-0.840	-1.007	-0.742	-0.863	-1.010	-1.012	-1.012	-0.876	-0.850	-0.850	-0.853	-0.983	-0.980	-0.964	-0.972	-0.545	-0.976	-0.976	-0.977	-0.661	-0.981	-0.648	-0.681	-0.669	-0.685	-0.988	-0.993	-0.762	-0.769	-0.732	-0.774	-0.892	-0.793	-0.822	-0.784	-0.821	-0.878	-0.872	-0.857	-0.856	-0.797	-0.816	-0.855	-0.854	-0.854	-0.817	-0.818	-0.848	-0.852	-0.852	-0.854	-0.855	-0.858	-0.815	-0.814	-0.816	-0.815	-0.811	-0.856	-0.811	-0.812	-0.810	-0.814	-0.813	-0.811	-0.890	-0.801	-0.801	-0.801	-0.882	-0.779	-0.890	-0.889	
rs10169587     -0.405	-0.533	-0.486	-0.455	-0.469	-0.449	-0.782	-0.779	-0.782	-0.779	-0.780	-0.780	-0.779	-0.780	-0.780	-0.731	-0.778	-0.774	-0.778	-0.760	-0.754	-0.660	-0.658	-0.656	-0.530	-0.657	-0.762	-0.661	-0.742	-0.913	-1.007	-0.635	-0.840	-1.007	-0.742	-0.863	-1.010	-1.012	-1.012	-0.876	-0.850	-0.850	-0.853	-0.983	-0.980	-0.965	-0.972	-0.546	-0.976	-0.976	-0.977	-0.661	-0.981	-0.648	-0.681	-0.669	-0.685	-0.989	-0.993	-0.762	-0.770	-0.732	-0.774	-0.892	-0.793	-0.822	-0.785	-0.821	-0.878	-0.872	-0.857	-0.856	-0.797	-0.816	-0.855	-0.854	-0.855	-0.817	-0.819	-0.848	-0.853	-0.853	-0.854	-0.855	-0.858	-0.815	-0.814	-0.816	-0.815	-0.811	-0.856	-0.812	-0.812	-0.811	-0.814	-0.814	-0.811	-0.890	-0.801	-0.801	-0.801	-0.882	-0.779	-0.891	-0.889	
rs2042476      -0.407	-0.536	-0.489	-0.458	-0.472	-0.453	-0.784	-0.781	-0.784	-0.782	-0.783	-0.783	-0.781	-0.782	-0.781	-0.728	-0.779	-0.775	-0.780	-0.764	-0.758	-0.659	-0.656	-0.657	-0.657	-0.532	-0.765	-0.662	-0.746	-0.915	-1.009	-0.639	-0.842	-1.009	-0.744	-0.865	-1.013	-1.014	-1.014	-0.878	-0.853	-0.853	-0.856	-0.986	-0.983	-0.967	-0.974	-0.544	-0.979	-0.978	-0.980	-0.665	-0.983	-0.652	-0.685	-0.673	-0.689	-0.990	-0.994	-0.765	-0.772	-0.735	-0.777	-0.894	-0.796	-0.824	-0.787	-0.823	-0.880	-0.874	-0.859	-0.858	-0.799	-0.818	-0.857	-0.856	-0.856	-0.819	-0.821	-0.850	-0.854	-0.854	-0.856	-0.857	-0.860	-0.817	-0.816	-0.818	-0.817	-0.813	-0.858	-0.814	-0.814	-0.813	-0.816	-0.816	-0.813	-0.892	-0.803	-0.803	-0.803	-0.884	-0.781	-0.893	-0.891	
rs17033378     -0.386	-0.518	-0.472	-0.442	-0.456	-0.437	-0.677	-0.686	-0.678	-0.687	-0.686	-0.679	-0.671	-0.678	-0.663	-0.707	-0.656	-0.640	-0.661	-0.653	-0.646	-0.757	-0.756	-0.762	-0.762	-0.765	-0.497	-0.763	-0.603	-0.890	-0.981	-0.611	-0.815	-0.982	-0.714	-0.837	-0.985	-0.987	-0.987	-0.849	-0.825	-0.825	-0.827	-0.961	-0.958	-0.938	-0.950	-0.489	-0.952	-0.952	-0.953	-0.636	-0.956	-0.624	-0.655	-0.644	-0.660	-0.956	-0.961	-0.733	-0.739	-0.704	-0.749	-0.862	-0.765	-0.796	-0.755	-0.792	-0.849	-0.843	-0.827	-0.826	-0.767	-0.786	-0.825	-0.824	-0.824	-0.787	-0.788	-0.817	-0.822	-0.822	-0.823	-0.825	-0.827	-0.785	-0.784	-0.786	-0.785	-0.781	-0.825	-0.781	-0.782	-0.780	-0.784	-0.784	-0.781	-0.860	-0.770	-0.770	-0.770	-0.852	-0.748	-0.861	-0.860	
rs17033379     -0.406	-0.535	-0.488	-0.456	-0.470	-0.451	-0.784	-0.781	-0.784	-0.781	-0.783	-0.782	-0.781	-0.782	-0.781	-0.730	-0.779	-0.776	-0.780	-0.762	-0.756	-0.664	-0.661	-0.661	-0.661	-0.662	-0.763	-0.531	-0.744	-0.914	-1.008	-0.637	-0.841	-1.008	-0.743	-0.864	-1.012	-1.013	-1.013	-0.877	-0.852	-0.852	-0.854	-0.985	-0.982	-0.966	-0.973	-0.545	-0.977	-0.977	-0.978	-0.663	-0.982	-0.650	-0.683	-0.671	-0.687	-0.989	-0.993	-0.764	-0.771	-0.734	-0.775	-0.893	-0.794	-0.823	-0.786	-0.822	-0.879	-0.873	-0.858	-0.857	-0.798	-0.817	-0.856	-0.855	-0.855	-0.818	-0.820	-0.849	-0.853	-0.853	-0.855	-0.856	-0.859	-0.816	-0.815	-0.817	-0.816	-0.812	-0.857	-0.813	-0.813	-0.812	-0.815	-0.815	-0.812	-0.891	-0.802	-0.802	-0.802	-0.883	-0.780	-0.892	-0.890	
rs13398490     -0.380	-0.514	-0.468	-0.437	-0.451	-0.432	-0.648	-0.669	-0.649	-0.670	-0.669	-0.655	-0.639	-0.652	-0.624	-0.674	-0.614	-0.589	-0.627	-0.647	-0.650	-0.735	-0.733	-0.742	-0.742	-0.746	-0.603	-0.744	-0.495	-0.890	-0.979	-0.624	-0.814	-0.981	-0.713	-0.836	-0.983	-0.985	-0.985	-0.848	-0.824	-0.824	-0.827	-0.960	-0.958	-0.937	-0.950	-0.464	-0.952	-0.952	-0.953	-0.647	-0.955	-0.635	-0.665	-0.654	-0.669	-0.952	-0.956	-0.736	-0.741	-0.707	-0.749	-0.860	-0.764	-0.796	-0.753	-0.790	-0.847	-0.842	-0.824	-0.823	-0.765	-0.784	-0.822	-0.821	-0.821	-0.784	-0.786	-0.815	-0.819	-0.819	-0.821	-0.822	-0.825	-0.783	-0.782	-0.784	-0.783	-0.779	-0.823	-0.779	-0.779	-0.778	-0.782	-0.782	-0.778	-0.858	-0.768	-0.768	-0.768	-0.851	-0.745	-0.859	-0.858	
rs1862891      -0.425	-0.557	-0.511	-0.481	-0.495	-0.476	-0.877	-0.879	-0.877	-0.879	-0.885	-0.880	-0.877	-0.880	-0.872	-0.846	-0.871	-0.866	-0.877	-0.884	-0.885	-0.909	-0.908	-0.912	-0.913	-0.915	-0.890	-0.914	-0.890	-0.542	-0.932	-0.710	-0.803	-0.941	-0.750	-0.822	-0.932	-0.944	-0.942	-0.828	-0.815	-0.815	-0.817	-0.903	-0.902	-0.939	-0.901	-0.364	-0.940	-0.940	-0.941	-0.726	-0.941	-0.716	-0.738	-0.730	-0.741	-1.001	-1.006	-0.799	-0.803	-0.771	-0.800	-0.903	-0.802	-0.846	-0.794	-0.831	-0.892	-0.886	-0.868	-0.867	-0.808	-0.827	-0.866	-0.865	-0.865	-0.827	-0.829	-0.859	-0.863	-0.863	-0.865	-0.866	-0.869	-0.825	-0.825	-0.827	-0.826	-0.822	-0.867	-0.822	-0.823	-0.821	-0.825	-0.824	-0.822	-0.902	-0.811	-0.811	-0.812	-0.894	-0.790	-0.902	-0.901	
rs4953225      -0.526	-0.657	-0.612	-0.582	-0.595	-0.577	-0.971	-0.971	-0.971	-0.971	-0.977	-0.973	-0.970	-0.973	-0.967	-0.929	-0.965	-0.962	-0.971	-0.975	-0.975	-1.004	-1.004	-1.007	-1.007	-1.009	-0.981	-1.008	-0.979	-0.932	-0.641	-0.789	-0.910	-0.795	-0.837	-0.936	-0.888	-0.824	-0.826	-0.951	-0.923	-0.923	-0.926	-0.941	-0.938	-0.986	-0.925	-0.406	-0.995	-0.994	-0.996	-0.807	-1.003	-0.796	-0.820	-0.811	-0.823	-1.093	-1.098	-0.886	-0.892	-0.859	-0.882	-0.996	-0.901	-0.930	-0.890	-0.926	-0.983	-0.977	-0.962	-0.961	-0.903	-0.922	-0.960	-0.959	-0.959	-0.922	-0.924	-0.952	-0.957	-0.957	-0.959	-0.960	-0.962	-0.920	-0.920	-0.922	-0.921	-0.917	-0.960	-0.917	-0.917	-0.916	-0.920	-0.919	-0.916	-0.994	-0.906	-0.906	-0.906	-0.986	-0.884	-0.995	-0.994	
rs17321017     -0.168	-0.305	-0.256	-0.225	-0.239	-0.219	-0.585	-0.595	-0.586	-0.596	-0.603	-0.593	-0.584	-0.592	-0.574	-0.522	-0.570	-0.561	-0.583	-0.608	-0.613	-0.630	-0.628	-0.635	-0.635	-0.639	-0.611	-0.637	-0.624	-0.710	-0.789	-0.277	-0.631	-0.794	-0.522	-0.651	-0.794	-0.797	-0.796	-0.662	-0.640	-0.640	-0.642	-0.778	-0.776	-0.750	-0.770	-0.146	-0.769	-0.768	-0.769	-0.404	-0.770	-0.399	-0.429	-0.427	-0.437	-0.746	-0.752	-0.459	-0.431	-0.444	-0.561	-0.670	-0.573	-0.608	-0.561	-0.598	-0.657	-0.652	-0.632	-0.631	-0.571	-0.592	-0.630	-0.629	-0.629	-0.592	-0.593	-0.622	-0.626	-0.626	-0.628	-0.630	-0.633	-0.590	-0.589	-0.591	-0.590	-0.586	-0.631	-0.586	-0.586	-0.585	-0.589	-0.589	-0.585	-0.668	-0.574	-0.574	-0.575	-0.660	-0.550	-0.669	-0.668	
rs6741169      -0.350	-0.482	-0.436	-0.405	-0.420	-0.401	-0.802	-0.803	-0.802	-0.804	-0.809	-0.805	-0.801	-0.804	-0.797	-0.735	-0.796	-0.792	-0.802	-0.809	-0.809	-0.837	-0.836	-0.840	-0.840	-0.842	-0.815	-0.841	-0.814	-0.803	-0.910	-0.631	-0.457	-0.915	-0.659	-0.590	-0.911	-0.918	-0.916	-0.580	-0.613	-0.613	-0.615	-0.892	-0.891	-0.903	-0.888	-0.364	-0.912	-0.912	-0.912	-0.647	-0.911	-0.637	-0.660	-0.650	-0.662	-0.917	-0.924	-0.721	-0.725	-0.692	-0.717	-0.826	-0.724	-0.763	-0.718	-0.754	-0.814	-0.808	-0.790	-0.789	-0.729	-0.748	-0.788	-0.787	-0.787	-0.749	-0.751	-0.781	-0.786	-0.786	-0.787	-0.788	-0.791	-0.746	-0.745	-0.748	-0.747	-0.742	-0.789	-0.744	-0.744	-0.743	-0.746	-0.745	-0.744	-0.824	-0.733	-0.733	-0.733	-0.817	-0.712	-0.825	-0.824	
rs1559475      -0.527	-0.658	-0.613	-0.583	-0.597	-0.578	-0.971	-0.972	-0.971	-0.972	-0.977	-0.974	-0.970	-0.973	-0.967	-0.929	-0.965	-0.961	-0.971	-0.976	-0.976	-1.004	-1.003	-1.007	-1.007	-1.009	-0.982	-1.008	-0.981	-0.941	-0.795	-0.794	-0.915	-0.642	-0.842	-0.939	-0.877	-0.806	-0.802	-0.953	-0.927	-0.927	-0.930	-0.948	-0.945	-0.991	-0.934	-0.359	-1.000	-1.000	-1.001	-0.811	-1.007	-0.801	-0.824	-0.815	-0.827	-1.094	-1.099	-0.889	-0.894	-0.861	-0.886	-0.997	-0.901	-0.933	-0.891	-0.927	-0.984	-0.979	-0.963	-0.962	-0.904	-0.923	-0.961	-0.960	-0.960	-0.923	-0.925	-0.954	-0.958	-0.958	-0.960	-0.961	-0.964	-0.921	-0.921	-0.923	-0.922	-0.918	-0.962	-0.918	-0.918	-0.917	-0.921	-0.920	-0.917	-0.996	-0.907	-0.907	-0.907	-0.988	-0.885	-0.996	-0.995	
rs17033393     -0.239	-0.373	-0.326	-0.295	-0.309	-0.289	-0.701	-0.702	-0.701	-0.703	-0.708	-0.704	-0.701	-0.704	-0.697	-0.646	-0.695	-0.691	-0.701	-0.707	-0.708	-0.739	-0.738	-0.742	-0.742	-0.744	-0.714	-0.743	-0.713	-0.750	-0.837	-0.522	-0.659	-0.842	-0.340	-0.676	-0.841	-0.845	-0.845	-0.681	-0.666	-0.666	-0.668	-0.822	-0.820	-0.787	-0.814	-0.329	-0.811	-0.811	-0.812	-0.539	-0.811	-0.529	-0.552	-0.542	-0.555	-0.792	-0.800	-0.616	-0.621	-0.587	-0.611	-0.724	-0.626	-0.659	-0.612	-0.651	-0.710	-0.705	-0.688	-0.688	-0.626	-0.646	-0.686	-0.685	-0.686	-0.646	-0.649	-0.680	-0.684	-0.684	-0.686	-0.687	-0.689	-0.644	-0.643	-0.646	-0.644	-0.640	-0.687	-0.641	-0.642	-0.640	-0.643	-0.643	-0.641	-0.722	-0.630	-0.630	-0.630	-0.714	-0.608	-0.723	-0.721	
rs17033398     -0.372	-0.504	-0.458	-0.428	-0.442	-0.423	-0.824	-0.826	-0.825	-0.826	-0.831	-0.827	-0.824	-0.827	-0.820	-0.760	-0.818	-0.815	-0.825	-0.831	-0.831	-0.860	-0.859	-0.863	-0.863	-0.865	-0.837	-0.864	-0.836	-0.822	-0.936	-0.651	-0.590	-0.939	-0.676	-0.481	-0.935	-0.942	-0.941	-0.623	-0.624	-0.624	-0.629	-0.913	-0.911	-0.924	-0.908	-0.401	-0.933	-0.933	-0.933	-0.668	-0.933	-0.658	-0.680	-0.671	-0.683	-0.940	-0.946	-0.742	-0.746	-0.714	-0.738	-0.848	-0.747	-0.785	-0.740	-0.776	-0.835	-0.829	-0.812	-0.811	-0.751	-0.771	-0.810	-0.809	-0.809	-0.771	-0.773	-0.803	-0.807	-0.807	-0.809	-0.810	-0.813	-0.769	-0.768	-0.770	-0.769	-0.764	-0.811	-0.766	-0.766	-0.765	-0.768	-0.768	-0.766	-0.846	-0.755	-0.755	-0.755	-0.838	-0.734	-0.847	-0.845	
rs889843       -0.529	-0.660	-0.615	-0.585	-0.599	-0.580	-0.974	-0.975	-0.975	-0.975	-0.981	-0.977	-0.974	-0.977	-0.970	-0.932	-0.969	-0.965	-0.975	-0.979	-0.979	-1.008	-1.007	-1.010	-1.010	-1.013	-0.985	-1.012	-0.983	-0.932	-0.888	-0.794	-0.911	-0.877	-0.841	-0.935	-0.644	-0.878	-0.878	-0.950	-0.923	-0.923	-0.926	-0.927	-0.923	-0.985	-0.911	-0.397	-0.990	-0.990	-0.992	-0.812	-0.999	-0.801	-0.825	-0.816	-0.828	-1.096	-1.101	-0.890	-0.896	-0.863	-0.887	-0.999	-0.904	-0.934	-0.893	-0.930	-0.986	-0.981	-0.965	-0.964	-0.906	-0.925	-0.963	-0.962	-0.962	-0.926	-0.927	-0.956	-0.960	-0.960	-0.962	-0.963	-0.966	-0.924	-0.923	-0.925	-0.924	-0.920	-0.964	-0.920	-0.921	-0.919	-0.923	-0.923	-0.920	-0.998	-0.909	-0.909	-0.909	-0.989	-0.887	-0.998	-0.997	
rs883413       -0.531	-0.662	-0.617	-0.587	-0.601	-0.582	-0.975	-0.976	-0.976	-0.977	-0.982	-0.978	-0.975	-0.978	-0.971	-0.934	-0.970	-0.966	-0.976	-0.981	-0.981	-1.009	-1.008	-1.012	-1.012	-1.014	-0.987	-1.013	-0.985	-0.944	-0.824	-0.797	-0.918	-0.806	-0.845	-0.942	-0.878	-0.646	-0.788	-0.956	-0.929	-0.929	-0.932	-0.946	-0.943	-0.994	-0.932	-0.374	-1.001	-1.001	-1.002	-0.814	-1.008	-0.804	-0.828	-0.818	-0.831	-1.098	-1.103	-0.892	-0.898	-0.865	-0.889	-1.001	-0.905	-0.937	-0.895	-0.931	-0.988	-0.983	-0.967	-0.966	-0.908	-0.927	-0.965	-0.964	-0.964	-0.927	-0.929	-0.958	-0.962	-0.962	-0.964	-0.965	-0.968	-0.926	-0.925	-0.927	-0.926	-0.922	-0.966	-0.922	-0.922	-0.921	-0.925	-0.925	-0.921	-1.000	-0.911	-0.911	-0.911	-0.992	-0.889	-1.000	-0.999	
rs35562627     -0.531	-0.662	-0.617	-0.587	-0.601	-0.582	-0.976	-0.977	-0.976	-0.977	-0.982	-0.978	-0.975	-0.978	-0.972	-0.934	-0.970	-0.967	-0.976	-0.981	-0.981	-1.010	-1.009	-1.012	-1.012	-1.014	-0.987	-1.013	-0.985	-0.942	-0.826	-0.796	-0.916	-0.802	-0.845	-0.941	-0.878	-0.788	-0.646	-0.955	-0.928	-0.928	-0.931	-0.943	-0.940	-0.993	-0.928	-0.379	-1.000	-1.000	-1.001	-0.814	-1.008	-0.803	-0.827	-0.818	-0.830	-1.098	-1.103	-0.892	-0.898	-0.865	-0.889	-1.001	-0.905	-0.936	-0.895	-0.932	-0.988	-0.983	-0.967	-0.966	-0.908	-0.927	-0.965	-0.964	-0.964	-0.928	-0.929	-0.958	-0.962	-0.962	-0.964	-0.965	-0.968	-0.926	-0.925	-0.927	-0.926	-0.922	-0.966	-0.922	-0.923	-0.921	-0.925	-0.925	-0.922	-1.000	-0.911	-0.911	-0.911	-0.992	-0.889	-1.001	-0.999	
rs10169967     -0.385	-0.516	-0.470	-0.440	-0.454	-0.435	-0.837	-0.838	-0.837	-0.839	-0.844	-0.840	-0.837	-0.839	-0.833	-0.776	-0.831	-0.828	-0.837	-0.843	-0.843	-0.873	-0.872	-0.876	-0.876	-0.878	-0.849	-0.877	-0.848	-0.828	-0.951	-0.662	-0.580	-0.953	-0.681	-0.623	-0.950	-0.956	-0.955	-0.494	-0.582	-0.582	-0.596	-0.923	-0.921	-0.936	-0.916	-0.430	-0.943	-0.943	-0.944	-0.679	-0.944	-0.669	-0.691	-0.682	-0.694	-0.953	-0.959	-0.754	-0.758	-0.725	-0.750	-0.860	-0.760	-0.796	-0.753	-0.789	-0.847	-0.842	-0.824	-0.823	-0.764	-0.783	-0.822	-0.821	-0.821	-0.783	-0.785	-0.815	-0.819	-0.819	-0.821	-0.822	-0.825	-0.781	-0.780	-0.783	-0.781	-0.777	-0.823	-0.778	-0.779	-0.778	-0.780	-0.780	-0.778	-0.858	-0.768	-0.768	-0.768	-0.850	-0.746	-0.859	-0.858	
rs756181       -0.360	-0.492	-0.446	-0.416	-0.430	-0.411	-0.812	-0.813	-0.812	-0.814	-0.819	-0.815	-0.812	-0.815	-0.808	-0.746	-0.806	-0.802	-0.812	-0.819	-0.819	-0.848	-0.847	-0.850	-0.850	-0.853	-0.825	-0.852	-0.824	-0.815	-0.923	-0.640	-0.613	-0.927	-0.666	-0.624	-0.923	-0.929	-0.928	-0.582	-0.468	-0.588	-0.591	-0.901	-0.900	-0.913	-0.897	-0.381	-0.921	-0.921	-0.922	-0.657	-0.921	-0.647	-0.669	-0.660	-0.672	-0.928	-0.934	-0.730	-0.735	-0.702	-0.727	-0.836	-0.734	-0.773	-0.728	-0.764	-0.823	-0.818	-0.800	-0.799	-0.739	-0.758	-0.798	-0.797	-0.797	-0.759	-0.761	-0.791	-0.795	-0.795	-0.797	-0.798	-0.801	-0.756	-0.756	-0.758	-0.757	-0.752	-0.799	-0.754	-0.754	-0.753	-0.756	-0.755	-0.754	-0.834	-0.743	-0.743	-0.743	-0.826	-0.722	-0.835	-0.834	
rs756180       -0.360	-0.492	-0.446	-0.416	-0.430	-0.411	-0.812	-0.813	-0.812	-0.814	-0.819	-0.815	-0.812	-0.815	-0.808	-0.746	-0.806	-0.802	-0.812	-0.819	-0.819	-0.848	-0.847	-0.850	-0.850	-0.853	-0.825	-0.852	-0.824	-0.815	-0.923	-0.640	-0.613	-0.927	-0.666	-0.624	-0.923	-0.929	-0.928	-0.582	-0.588	-0.468	-0.591	-0.901	-0.900	-0.913	-0.896	-0.381	-0.921	-0.921	-0.922	-0.657	-0.921	-0.647	-0.669	-0.660	-0.672	-0.928	-0.934	-0.730	-0.735	-0.702	-0.727	-0.836	-0.734	-0.773	-0.728	-0.764	-0.823	-0.818	-0.800	-0.799	-0.739	-0.758	-0.798	-0.797	-0.797	-0.759	-0.761	-0.791	-0.795	-0.795	-0.797	-0.798	-0.801	-0.756	-0.755	-0.758	-0.757	-0.752	-0.799	-0.754	-0.754	-0.753	-0.756	-0.755	-0.754	-0.834	-0.743	-0.743	-0.743	-0.826	-0.722	-0.835	-0.833	
rs13431811     -0.363	-0.495	-0.449	-0.418	-0.433	-0.413	-0.815	-0.816	-0.815	-0.817	-0.822	-0.818	-0.814	-0.817	-0.810	-0.749	-0.809	-0.805	-0.815	-0.821	-0.822	-0.850	-0.849	-0.853	-0.853	-0.856	-0.827	-0.854	-0.827	-0.817	-0.926	-0.642	-0.615	-0.930	-0.668	-0.629	-0.926	-0.932	-0.931	-0.596	-0.591	-0.591	-0.471	-0.904	-0.902	-0.915	-0.899	-0.386	-0.924	-0.924	-0.924	-0.659	-0.924	-0.649	-0.671	-0.662	-0.674	-0.931	-0.937	-0.733	-0.737	-0.705	-0.729	-0.839	-0.737	-0.775	-0.731	-0.767	-0.826	-0.820	-0.803	-0.802	-0.742	-0.761	-0.801	-0.800	-0.800	-0.761	-0.764	-0.794	-0.798	-0.798	-0.800	-0.801	-0.803	-0.759	-0.758	-0.760	-0.759	-0.755	-0.801	-0.757	-0.757	-0.756	-0.758	-0.758	-0.756	-0.837	-0.746	-0.746	-0.746	-0.829	-0.725	-0.837	-0.836	
rs6544802      -0.500	-0.633	-0.588	-0.558	-0.572	-0.553	-0.948	-0.950	-0.948	-0.950	-0.955	-0.951	-0.948	-0.951	-0.943	-0.909	-0.942	-0.938	-0.948	-0.955	-0.955	-0.980	-0.979	-0.983	-0.983	-0.986	-0.961	-0.985	-0.960	-0.903	-0.941	-0.778	-0.892	-0.948	-0.822	-0.913	-0.927	-0.946	-0.943	-0.923	-0.901	-0.901	-0.904	-0.617	-0.755	-0.913	-0.751	-0.385	-0.924	-0.924	-0.925	-0.795	-0.918	-0.785	-0.807	-0.798	-0.810	-1.071	-1.074	-0.868	-0.873	-0.841	-0.868	-0.973	-0.876	-0.914	-0.866	-0.903	-0.961	-0.956	-0.939	-0.938	-0.880	-0.899	-0.937	-0.936	-0.936	-0.899	-0.901	-0.930	-0.934	-0.934	-0.936	-0.937	-0.940	-0.898	-0.897	-0.899	-0.898	-0.894	-0.938	-0.894	-0.894	-0.893	-0.897	-0.897	-0.893	-0.972	-0.883	-0.883	-0.883	-0.964	-0.860	-0.972	-0.971	
rs13416528     -0.497	-0.630	-0.585	-0.555	-0.569	-0.550	-0.945	-0.947	-0.945	-0.947	-0.952	-0.948	-0.945	-0.948	-0.940	-0.906	-0.939	-0.935	-0.945	-0.952	-0.953	-0.977	-0.976	-0.980	-0.980	-0.983	-0.958	-0.982	-0.958	-0.902	-0.938	-0.776	-0.891	-0.945	-0.820	-0.911	-0.923	-0.943	-0.940	-0.921	-0.900	-0.900	-0.902	-0.755	-0.614	-0.910	-0.753	-0.376	-0.921	-0.921	-0.922	-0.793	-0.914	-0.783	-0.805	-0.796	-0.808	-1.068	-1.072	-0.866	-0.870	-0.838	-0.865	-0.970	-0.873	-0.912	-0.863	-0.900	-0.959	-0.953	-0.937	-0.935	-0.877	-0.896	-0.934	-0.933	-0.934	-0.897	-0.898	-0.927	-0.932	-0.932	-0.933	-0.934	-0.937	-0.895	-0.894	-0.896	-0.895	-0.891	-0.935	-0.891	-0.892	-0.890	-0.894	-0.894	-0.891	-0.969	-0.880	-0.880	-0.880	-0.961	-0.858	-0.970	-0.969	
rs6735426      -0.476	-0.609	-0.563	-0.534	-0.547	-0.529	-0.926	-0.927	-0.927	-0.928	-0.933	-0.929	-0.926	-0.929	-0.922	-0.884	-0.921	-0.917	-0.927	-0.932	-0.932	-0.962	-0.961	-0.964	-0.965	-0.967	-0.938	-0.966	-0.937	-0.939	-0.986	-0.750	-0.903	-0.991	-0.787	-0.924	-0.985	-0.994	-0.993	-0.936	-0.913	-0.913	-0.915	-0.913	-0.910	-0.592	-0.899	-0.480	-0.894	-0.894	-0.895	-0.768	-0.894	-0.757	-0.780	-0.771	-0.783	-1.047	-1.052	-0.843	-0.848	-0.815	-0.840	-0.949	-0.855	-0.887	-0.843	-0.879	-0.937	-0.932	-0.915	-0.914	-0.856	-0.876	-0.913	-0.912	-0.913	-0.876	-0.877	-0.906	-0.911	-0.911	-0.912	-0.913	-0.916	-0.874	-0.873	-0.875	-0.874	-0.870	-0.914	-0.870	-0.871	-0.869	-0.873	-0.873	-0.870	-0.948	-0.859	-0.859	-0.859	-0.940	-0.836	-0.949	-0.947	
rs7558782      -0.489	-0.623	-0.577	-0.547	-0.561	-0.542	-0.937	-0.939	-0.937	-0.939	-0.945	-0.940	-0.937	-0.940	-0.932	-0.899	-0.931	-0.927	-0.937	-0.944	-0.945	-0.969	-0.968	-0.972	-0.972	-0.974	-0.950	-0.973	-0.950	-0.901	-0.925	-0.770	-0.888	-0.934	-0.814	-0.908	-0.911	-0.932	-0.928	-0.916	-0.897	-0.896	-0.899	-0.751	-0.753	-0.899	-0.606	-0.348	-0.910	-0.910	-0.911	-0.787	-0.901	-0.777	-0.799	-0.790	-0.801	-1.062	-1.065	-0.859	-0.863	-0.831	-0.859	-0.963	-0.865	-0.905	-0.855	-0.893	-0.952	-0.946	-0.929	-0.928	-0.869	-0.889	-0.927	-0.926	-0.926	-0.889	-0.891	-0.920	-0.924	-0.924	-0.926	-0.927	-0.930	-0.887	-0.886	-0.888	-0.887	-0.883	-0.928	-0.884	-0.884	-0.883	-0.887	-0.886	-0.883	-0.962	-0.873	-0.873	-0.873	-0.954	-0.850	-0.962	-0.961	
rs113496397    -0.044	-0.178	-0.130	-0.099	-0.111	-0.092	-0.498	-0.485	-0.498	-0.485	-0.490	-0.494	-0.498	-0.495	-0.502	-0.511	-0.502	-0.505	-0.499	-0.475	-0.468	-0.547	-0.547	-0.545	-0.546	-0.544	-0.489	-0.545	-0.464	-0.364	-0.406	-0.146	-0.364	-0.359	-0.329	-0.401	-0.397	-0.374	-0.379	-0.430	-0.381	-0.381	-0.386	-0.385	-0.376	-0.480	-0.348	-0.155	-0.489	-0.488	-0.492	-0.175	-0.510	-0.156	-0.203	-0.187	-0.207	-0.590	-0.608	-0.332	-0.349	-0.301	-0.352	-0.525	-0.434	-0.407	-0.434	-0.465	-0.507	-0.501	-0.499	-0.499	-0.435	-0.453	-0.497	-0.496	-0.497	-0.454	-0.458	-0.491	-0.495	-0.495	-0.497	-0.497	-0.500	-0.450	-0.448	-0.452	-0.450	-0.444	-0.498	-0.451	-0.451	-0.451	-0.448	-0.448	-0.452	-0.522	-0.441	-0.441	-0.441	-0.513	-0.426	-0.523	-0.521	
rs6544804      -0.494	-0.626	-0.580	-0.551	-0.565	-0.546	-0.940	-0.941	-0.940	-0.942	-0.947	-0.943	-0.939	-0.942	-0.935	-0.900	-0.934	-0.929	-0.940	-0.946	-0.947	-0.973	-0.972	-0.976	-0.976	-0.979	-0.952	-0.977	-0.952	-0.940	-0.995	-0.769	-0.912	-1.000	-0.811	-0.933	-0.990	-1.001	-1.000	-0.943	-0.921	-0.921	-0.924	-0.924	-0.921	-0.894	-0.910	-0.489	-0.609	-0.742	-0.744	-0.786	-0.771	-0.775	-0.798	-0.789	-0.801	-1.063	-1.067	-0.860	-0.864	-0.832	-0.857	-0.966	-0.870	-0.904	-0.859	-0.896	-0.954	-0.948	-0.931	-0.930	-0.872	-0.891	-0.928	-0.927	-0.928	-0.891	-0.893	-0.921	-0.926	-0.926	-0.927	-0.929	-0.931	-0.890	-0.889	-0.891	-0.890	-0.886	-0.929	-0.886	-0.886	-0.885	-0.889	-0.889	-0.885	-0.965	-0.875	-0.875	-0.875	-0.957	-0.852	-0.965	-0.964	
rs6544805      -0.493	-0.626	-0.580	-0.550	-0.564	-0.545	-0.939	-0.941	-0.940	-0.941	-0.947	-0.942	-0.939	-0.942	-0.935	-0.900	-0.933	-0.929	-0.939	-0.946	-0.947	-0.973	-0.972	-0.976	-0.976	-0.978	-0.952	-0.977	-0.952	-0.940	-0.994	-0.768	-0.912	-1.000	-0.811	-0.933	-0.990	-1.001	-1.000	-0.943	-0.921	-0.921	-0.924	-0.924	-0.921	-0.894	-0.910	-0.488	-0.742	-0.608	-0.744	-0.785	-0.770	-0.775	-0.798	-0.789	-0.801	-1.063	-1.067	-0.859	-0.864	-0.832	-0.857	-0.966	-0.870	-0.903	-0.859	-0.896	-0.954	-0.948	-0.930	-0.929	-0.871	-0.891	-0.928	-0.927	-0.928	-0.891	-0.893	-0.921	-0.925	-0.925	-0.927	-0.928	-0.931	-0.889	-0.889	-0.891	-0.889	-0.886	-0.929	-0.886	-0.886	-0.884	-0.889	-0.889	-0.885	-0.964	-0.875	-0.875	-0.875	-0.957	-0.852	-0.965	-0.964	
rs6755279      -0.495	-0.627	-0.581	-0.551	-0.565	-0.547	-0.941	-0.942	-0.941	-0.943	-0.948	-0.944	-0.940	-0.943	-0.936	-0.901	-0.934	-0.930	-0.941	-0.947	-0.948	-0.974	-0.973	-0.977	-0.977	-0.980	-0.953	-0.978	-0.953	-0.941	-0.996	-0.769	-0.912	-1.001	-0.812	-0.933	-0.992	-1.002	-1.001	-0.944	-0.922	-0.922	-0.924	-0.925	-0.922	-0.895	-0.911	-0.492	-0.744	-0.744	-0.609	-0.786	-0.774	-0.776	-0.799	-0.790	-0.801	-1.064	-1.068	-0.860	-0.865	-0.833	-0.858	-0.967	-0.871	-0.904	-0.860	-0.897	-0.955	-0.949	-0.932	-0.930	-0.872	-0.892	-0.929	-0.928	-0.929	-0.892	-0.894	-0.922	-0.926	-0.926	-0.928	-0.929	-0.932	-0.890	-0.890	-0.892	-0.891	-0.887	-0.930	-0.887	-0.887	-0.886	-0.890	-0.890	-0.886	-0.965	-0.876	-0.876	-0.876	-0.958	-0.853	-0.966	-0.965	
rs17393058     -0.188	-0.325	-0.277	-0.245	-0.260	-0.240	-0.613	-0.621	-0.613	-0.622	-0.628	-0.619	-0.611	-0.618	-0.602	-0.550	-0.599	-0.590	-0.610	-0.632	-0.637	-0.656	-0.655	-0.661	-0.661	-0.665	-0.636	-0.663	-0.647	-0.726	-0.807	-0.404	-0.647	-0.811	-0.539	-0.668	-0.812	-0.814	-0.814	-0.679	-0.657	-0.657	-0.659	-0.795	-0.793	-0.768	-0.787	-0.175	-0.786	-0.785	-0.786	-0.297	-0.787	-0.387	-0.427	-0.425	-0.436	-0.765	-0.771	-0.465	-0.433	-0.451	-0.578	-0.688	-0.590	-0.625	-0.579	-0.615	-0.675	-0.669	-0.650	-0.648	-0.589	-0.609	-0.647	-0.646	-0.647	-0.609	-0.611	-0.640	-0.644	-0.644	-0.646	-0.647	-0.650	-0.608	-0.607	-0.609	-0.608	-0.604	-0.648	-0.604	-0.604	-0.602	-0.607	-0.607	-0.603	-0.686	-0.592	-0.592	-0.592	-0.678	-0.568	-0.686	-0.685	
