## Summary of overall evidence for association with region:
## log10(BF for region) = -0.618657
## p-value for region = NA

## BFs for choosing among multi-SNP models:
## log10(average 1-SNP BF) = -0.53253
## log10(average 2-SNP BF) = -0.869453

## Example posterior probabilities for multi-SNP models, based on default prior: [p(l) propto 0.5^l for l=1,2,...,L]
## posterior probability of 1-SNP = 0.812896
## posterior probability of 2-SNP = 0.187104

## log10(BF) for single SNP and pair of SNPs:
rs75171838     -0.373	-0.538	-0.551	-0.862	-0.862	-0.862	-0.862	-0.861	-0.567	-0.862	-0.568	-0.567	-0.567	-0.562	-0.499	-0.541	-0.474	-0.520	-0.473	-0.518	-0.510	-0.502	-0.479	-0.514	-0.482	-0.483	-0.487	-0.513	-0.513	-0.511	-0.601	-0.751	-0.707	-0.534	-0.601	-0.631	-0.865	-0.717	-0.814	-0.866	-0.692	-0.703	-0.766	-0.816	-0.759	-0.683	-0.757	-0.811	-0.858	-0.817	-0.780	-0.826	-0.783	-0.826	-0.794	-0.826	-0.822	-0.816	-0.881	-0.886	-0.886	-0.865	-0.833	-0.869	-0.855	-0.836	-0.832	-0.806	-0.837	-0.801	-0.874	-0.837	-0.832	-0.833	-0.833	-0.890	-0.832	-0.837	-0.832	-0.836	-0.887	-0.760	-0.832	-0.832	-0.835	-0.840	-0.832	-0.846	-0.854	-0.512	-0.831	-0.832	-0.855	-0.831	-0.823	-0.863	-0.849	-0.846	-0.862	-0.850	-0.850	-0.836	-0.824	-0.875	-0.862	-0.801	-0.666	-0.826	-0.821	-0.862	-0.865	-0.822	-0.772	-0.868	-0.867	-0.845	-0.852	-0.842	-0.852	-0.865	-0.844	-0.828	-0.876	-0.825	-0.872	-0.876	-0.871	-0.870	-0.870	-0.868	-0.864	-0.840	-0.679	-0.856	-0.798	-0.771	-0.874	-0.870	-0.808	-0.797	-0.816	-0.807	-0.600	-0.824	-0.837	-0.616	-0.605	-0.606	-0.826	-0.826	-0.827	-0.825	-0.822	-0.824	-0.821	-0.828	-0.834	-0.835	-0.645	-0.830	-0.830	-0.836	-0.859	
rs35376199     -0.538	-0.422	-0.512	-0.899	-0.899	-0.899	-0.899	-0.898	-0.543	-0.899	-0.561	-0.568	-0.569	-0.577	-0.498	-0.558	-0.467	-0.554	-0.466	-0.553	-0.559	-0.544	-0.473	-0.550	-0.623	-0.623	-0.624	-0.625	-0.626	-0.626	-0.695	-0.801	-0.761	-0.591	-0.657	-0.676	-0.910	-0.765	-0.858	-0.911	-0.741	-0.751	-0.813	-0.861	-0.806	-0.731	-0.804	-0.856	-0.903	-0.862	-0.826	-0.870	-0.829	-0.870	-0.839	-0.871	-0.867	-0.862	-0.925	-0.930	-0.930	-0.909	-0.877	-0.912	-0.899	-0.880	-0.877	-0.851	-0.882	-0.846	-0.918	-0.882	-0.877	-0.877	-0.877	-0.934	-0.876	-0.881	-0.877	-0.881	-0.931	-0.807	-0.877	-0.877	-0.882	-0.886	-0.877	-0.892	-0.900	-0.558	-0.876	-0.876	-0.900	-0.876	-0.868	-0.908	-0.894	-0.892	-0.908	-0.894	-0.895	-0.882	-0.869	-0.920	-0.908	-0.844	-0.707	-0.873	-0.865	-0.907	-0.910	-0.866	-0.819	-0.913	-0.913	-0.890	-0.897	-0.888	-0.897	-0.910	-0.888	-0.873	-0.921	-0.869	-0.917	-0.921	-0.916	-0.915	-0.915	-0.913	-0.909	-0.886	-0.725	-0.901	-0.841	-0.815	-0.919	-0.914	-0.851	-0.841	-0.860	-0.851	-0.644	-0.868	-0.882	-0.661	-0.650	-0.651	-0.870	-0.870	-0.871	-0.869	-0.866	-0.868	-0.865	-0.872	-0.878	-0.880	-0.690	-0.874	-0.874	-0.880	-0.904	
rs11640093     -0.551	-0.512	-0.399	-0.882	-0.882	-0.882	-0.882	-0.881	-0.541	-0.882	-0.549	-0.551	-0.551	-0.550	-0.496	-0.510	-0.468	-0.474	-0.467	-0.471	-0.498	-0.445	-0.474	-0.463	-0.600	-0.600	-0.602	-0.606	-0.606	-0.606	-0.669	-0.780	-0.739	-0.568	-0.634	-0.658	-0.890	-0.745	-0.838	-0.890	-0.720	-0.731	-0.793	-0.840	-0.785	-0.711	-0.784	-0.835	-0.883	-0.842	-0.805	-0.850	-0.808	-0.850	-0.819	-0.850	-0.847	-0.841	-0.904	-0.909	-0.909	-0.888	-0.857	-0.892	-0.879	-0.860	-0.857	-0.830	-0.862	-0.825	-0.897	-0.862	-0.856	-0.857	-0.857	-0.914	-0.856	-0.861	-0.856	-0.860	-0.910	-0.786	-0.857	-0.856	-0.861	-0.865	-0.857	-0.871	-0.880	-0.537	-0.855	-0.856	-0.880	-0.855	-0.847	-0.888	-0.873	-0.871	-0.887	-0.874	-0.874	-0.862	-0.848	-0.899	-0.887	-0.824	-0.686	-0.852	-0.845	-0.887	-0.890	-0.846	-0.799	-0.893	-0.892	-0.869	-0.876	-0.868	-0.876	-0.890	-0.867	-0.852	-0.900	-0.848	-0.897	-0.901	-0.895	-0.895	-0.895	-0.893	-0.888	-0.866	-0.705	-0.881	-0.821	-0.794	-0.898	-0.894	-0.831	-0.820	-0.839	-0.830	-0.624	-0.847	-0.862	-0.640	-0.630	-0.630	-0.850	-0.849	-0.851	-0.848	-0.845	-0.847	-0.844	-0.852	-0.858	-0.859	-0.669	-0.853	-0.853	-0.860	-0.884	
rs55894950     -0.862	-0.899	-0.882	-0.615	-0.749	-0.749	-0.749	-0.749	-0.882	-0.750	-0.893	-0.898	-0.898	-0.905	-0.470	-0.905	-0.537	-0.914	-0.535	-0.914	-0.902	-0.918	-0.544	-0.915	-0.915	-0.915	-0.916	-0.912	-0.912	-0.913	-0.949	-0.966	-0.920	-0.732	-0.806	-0.840	-1.088	-0.947	-1.036	-1.087	-0.922	-0.933	-0.994	-1.038	-0.987	-0.913	-0.985	-1.033	-1.080	-1.040	-1.003	-1.048	-1.006	-1.048	-1.016	-1.048	-1.044	-1.039	-1.100	-1.105	-1.105	-1.084	-1.054	-1.088	-1.076	-1.057	-1.054	-1.028	-1.059	-1.023	-1.094	-1.059	-1.054	-1.055	-1.054	-1.110	-1.053	-1.059	-1.054	-1.058	-1.106	-0.989	-1.054	-1.054	-1.060	-1.064	-1.055	-1.070	-1.079	-0.745	-1.053	-1.054	-1.079	-1.053	-1.045	-1.087	-1.071	-1.071	-1.086	-1.071	-1.071	-1.061	-1.046	-1.097	-1.086	-1.021	-0.882	-1.052	-1.042	-1.086	-1.088	-1.043	-1.003	-1.091	-1.090	-1.066	-1.073	-1.067	-1.073	-1.088	-1.063	-1.050	-1.097	-1.046	-1.095	-1.098	-1.093	-1.093	-1.092	-1.090	-1.086	-1.064	-0.904	-1.079	-1.018	-0.992	-1.095	-1.091	-1.029	-1.019	-1.037	-1.028	-0.826	-1.045	-1.059	-0.842	-0.831	-0.832	-1.048	-1.047	-1.048	-1.046	-1.043	-1.045	-1.042	-1.050	-1.056	-1.057	-0.870	-1.051	-1.052	-1.058	-1.081	
rs55897253     -0.862	-0.899	-0.882	-0.749	-0.615	-0.749	-0.749	-0.749	-0.882	-0.750	-0.893	-0.898	-0.898	-0.905	-0.470	-0.905	-0.537	-0.914	-0.535	-0.914	-0.902	-0.918	-0.544	-0.915	-0.915	-0.915	-0.916	-0.912	-0.912	-0.913	-0.949	-0.966	-0.920	-0.732	-0.806	-0.840	-1.088	-0.947	-1.036	-1.087	-0.922	-0.933	-0.994	-1.038	-0.987	-0.913	-0.985	-1.033	-1.080	-1.040	-1.003	-1.048	-1.006	-1.048	-1.016	-1.048	-1.044	-1.039	-1.100	-1.105	-1.105	-1.084	-1.054	-1.088	-1.076	-1.057	-1.054	-1.028	-1.059	-1.023	-1.094	-1.059	-1.054	-1.055	-1.054	-1.110	-1.053	-1.059	-1.054	-1.058	-1.106	-0.989	-1.054	-1.054	-1.060	-1.064	-1.055	-1.070	-1.079	-0.745	-1.053	-1.054	-1.079	-1.053	-1.045	-1.087	-1.071	-1.071	-1.086	-1.071	-1.071	-1.061	-1.046	-1.097	-1.086	-1.021	-0.882	-1.052	-1.042	-1.086	-1.088	-1.043	-1.003	-1.091	-1.090	-1.066	-1.073	-1.067	-1.073	-1.088	-1.063	-1.050	-1.097	-1.046	-1.095	-1.098	-1.093	-1.093	-1.092	-1.090	-1.086	-1.064	-0.904	-1.079	-1.018	-0.992	-1.095	-1.091	-1.029	-1.019	-1.037	-1.028	-0.826	-1.045	-1.059	-0.842	-0.831	-0.832	-1.048	-1.047	-1.048	-1.046	-1.043	-1.045	-1.042	-1.050	-1.056	-1.057	-0.870	-1.051	-1.052	-1.058	-1.081	
rs10431949     -0.862	-0.899	-0.882	-0.749	-0.749	-0.615	-0.749	-0.749	-0.883	-0.750	-0.893	-0.898	-0.898	-0.905	-0.470	-0.905	-0.537	-0.914	-0.535	-0.914	-0.902	-0.918	-0.544	-0.915	-0.915	-0.915	-0.916	-0.912	-0.912	-0.913	-0.949	-0.966	-0.920	-0.732	-0.806	-0.840	-1.088	-0.947	-1.036	-1.087	-0.922	-0.933	-0.994	-1.038	-0.987	-0.913	-0.985	-1.033	-1.080	-1.040	-1.003	-1.048	-1.006	-1.048	-1.016	-1.048	-1.044	-1.039	-1.100	-1.105	-1.105	-1.085	-1.054	-1.088	-1.076	-1.057	-1.054	-1.028	-1.059	-1.023	-1.094	-1.059	-1.054	-1.055	-1.054	-1.110	-1.053	-1.059	-1.054	-1.058	-1.106	-0.989	-1.054	-1.054	-1.060	-1.064	-1.055	-1.070	-1.079	-0.745	-1.053	-1.054	-1.079	-1.053	-1.045	-1.087	-1.071	-1.071	-1.086	-1.071	-1.071	-1.061	-1.046	-1.097	-1.086	-1.021	-0.882	-1.052	-1.043	-1.086	-1.088	-1.043	-1.003	-1.091	-1.090	-1.066	-1.073	-1.067	-1.073	-1.088	-1.063	-1.050	-1.097	-1.046	-1.095	-1.098	-1.093	-1.093	-1.092	-1.090	-1.086	-1.064	-0.904	-1.079	-1.018	-0.992	-1.096	-1.091	-1.029	-1.019	-1.037	-1.028	-0.826	-1.045	-1.059	-0.842	-0.832	-0.832	-1.048	-1.047	-1.049	-1.046	-1.043	-1.045	-1.042	-1.050	-1.056	-1.057	-0.870	-1.051	-1.052	-1.058	-1.081	
rs9302822      -0.862	-0.899	-0.882	-0.749	-0.749	-0.749	-0.615	-0.749	-0.883	-0.750	-0.893	-0.898	-0.898	-0.905	-0.470	-0.905	-0.537	-0.914	-0.535	-0.914	-0.902	-0.918	-0.543	-0.915	-0.915	-0.915	-0.916	-0.912	-0.912	-0.913	-0.950	-0.966	-0.920	-0.732	-0.806	-0.840	-1.088	-0.947	-1.036	-1.088	-0.922	-0.933	-0.994	-1.039	-0.987	-0.913	-0.985	-1.033	-1.080	-1.040	-1.004	-1.048	-1.006	-1.048	-1.016	-1.048	-1.045	-1.039	-1.100	-1.105	-1.106	-1.085	-1.054	-1.088	-1.076	-1.057	-1.054	-1.028	-1.059	-1.023	-1.094	-1.059	-1.054	-1.055	-1.055	-1.110	-1.053	-1.059	-1.054	-1.058	-1.106	-0.990	-1.054	-1.054	-1.060	-1.064	-1.055	-1.070	-1.079	-0.745	-1.053	-1.054	-1.079	-1.053	-1.045	-1.087	-1.071	-1.071	-1.086	-1.071	-1.072	-1.061	-1.046	-1.097	-1.086	-1.021	-0.882	-1.052	-1.043	-1.086	-1.088	-1.043	-1.003	-1.091	-1.090	-1.066	-1.073	-1.067	-1.073	-1.088	-1.063	-1.050	-1.097	-1.046	-1.095	-1.098	-1.093	-1.093	-1.093	-1.091	-1.087	-1.064	-0.904	-1.079	-1.018	-0.992	-1.096	-1.091	-1.029	-1.019	-1.037	-1.028	-0.826	-1.045	-1.059	-0.842	-0.832	-0.832	-1.048	-1.047	-1.049	-1.046	-1.043	-1.045	-1.042	-1.050	-1.056	-1.057	-0.870	-1.051	-1.052	-1.058	-1.081	
rs10431951     -0.861	-0.898	-0.881	-0.749	-0.749	-0.749	-0.749	-0.614	-0.881	-0.749	-0.892	-0.896	-0.897	-0.904	-0.474	-0.904	-0.539	-0.912	-0.537	-0.913	-0.901	-0.917	-0.546	-0.914	-0.913	-0.913	-0.914	-0.911	-0.911	-0.911	-0.948	-0.964	-0.919	-0.730	-0.804	-0.838	-1.086	-0.946	-1.035	-1.086	-0.921	-0.932	-0.993	-1.037	-0.985	-0.912	-0.984	-1.032	-1.079	-1.039	-1.002	-1.046	-1.004	-1.046	-1.015	-1.046	-1.043	-1.037	-1.099	-1.104	-1.104	-1.083	-1.053	-1.087	-1.075	-1.056	-1.053	-1.027	-1.058	-1.022	-1.092	-1.058	-1.053	-1.053	-1.053	-1.109	-1.052	-1.057	-1.053	-1.056	-1.105	-0.988	-1.053	-1.053	-1.059	-1.063	-1.053	-1.068	-1.077	-0.743	-1.052	-1.052	-1.078	-1.052	-1.043	-1.085	-1.069	-1.069	-1.085	-1.070	-1.070	-1.059	-1.044	-1.095	-1.085	-1.020	-0.881	-1.051	-1.041	-1.084	-1.087	-1.042	-1.001	-1.089	-1.089	-1.064	-1.072	-1.065	-1.072	-1.087	-1.062	-1.048	-1.095	-1.044	-1.093	-1.096	-1.092	-1.092	-1.091	-1.089	-1.085	-1.063	-0.903	-1.078	-1.017	-0.991	-1.094	-1.090	-1.027	-1.017	-1.036	-1.027	-0.824	-1.044	-1.058	-0.840	-0.830	-0.831	-1.046	-1.045	-1.047	-1.045	-1.041	-1.044	-1.041	-1.048	-1.054	-1.056	-0.868	-1.050	-1.050	-1.056	-1.080	
rs78034404     -0.567	-0.543	-0.541	-0.882	-0.882	-0.883	-0.883	-0.881	-0.400	-0.883	-0.514	-0.512	-0.512	-0.499	-0.500	-0.543	-0.472	-0.522	-0.471	-0.520	-0.523	-0.504	-0.478	-0.516	-0.610	-0.610	-0.611	-0.615	-0.615	-0.615	-0.673	-0.779	-0.738	-0.567	-0.633	-0.659	-0.890	-0.745	-0.838	-0.891	-0.720	-0.731	-0.793	-0.841	-0.786	-0.711	-0.784	-0.836	-0.883	-0.842	-0.805	-0.850	-0.808	-0.850	-0.819	-0.850	-0.847	-0.841	-0.904	-0.909	-0.909	-0.888	-0.857	-0.892	-0.879	-0.860	-0.857	-0.830	-0.862	-0.826	-0.897	-0.862	-0.857	-0.857	-0.857	-0.914	-0.856	-0.861	-0.856	-0.860	-0.910	-0.787	-0.857	-0.857	-0.861	-0.866	-0.857	-0.871	-0.880	-0.538	-0.855	-0.856	-0.880	-0.856	-0.847	-0.888	-0.874	-0.872	-0.888	-0.874	-0.874	-0.862	-0.848	-0.900	-0.888	-0.824	-0.686	-0.853	-0.845	-0.887	-0.890	-0.846	-0.800	-0.893	-0.893	-0.869	-0.876	-0.868	-0.876	-0.890	-0.867	-0.852	-0.901	-0.849	-0.897	-0.901	-0.896	-0.895	-0.895	-0.893	-0.889	-0.866	-0.705	-0.881	-0.821	-0.793	-0.899	-0.894	-0.831	-0.820	-0.839	-0.831	-0.624	-0.847	-0.862	-0.641	-0.630	-0.631	-0.850	-0.849	-0.851	-0.849	-0.845	-0.848	-0.845	-0.852	-0.858	-0.859	-0.669	-0.853	-0.854	-0.860	-0.884	
rs10431959     -0.862	-0.899	-0.882	-0.750	-0.750	-0.750	-0.750	-0.749	-0.883	-0.616	-0.893	-0.898	-0.898	-0.905	-0.469	-0.906	-0.536	-0.914	-0.534	-0.915	-0.902	-0.918	-0.543	-0.915	-0.915	-0.915	-0.916	-0.912	-0.912	-0.913	-0.950	-0.967	-0.921	-0.732	-0.807	-0.840	-1.088	-0.947	-1.037	-1.088	-0.923	-0.933	-0.995	-1.039	-0.987	-0.914	-0.985	-1.034	-1.081	-1.041	-1.004	-1.048	-1.006	-1.048	-1.016	-1.048	-1.045	-1.039	-1.101	-1.106	-1.106	-1.085	-1.055	-1.089	-1.077	-1.058	-1.055	-1.029	-1.060	-1.024	-1.094	-1.060	-1.055	-1.055	-1.055	-1.111	-1.054	-1.059	-1.054	-1.058	-1.107	-0.990	-1.055	-1.055	-1.060	-1.064	-1.055	-1.070	-1.079	-0.745	-1.053	-1.054	-1.080	-1.053	-1.045	-1.087	-1.071	-1.071	-1.087	-1.072	-1.072	-1.061	-1.046	-1.097	-1.086	-1.022	-0.883	-1.052	-1.043	-1.086	-1.088	-1.044	-1.003	-1.091	-1.091	-1.066	-1.073	-1.067	-1.073	-1.088	-1.064	-1.050	-1.097	-1.046	-1.095	-1.098	-1.094	-1.093	-1.093	-1.091	-1.087	-1.065	-0.905	-1.080	-1.019	-0.993	-1.096	-1.091	-1.029	-1.019	-1.038	-1.029	-0.826	-1.046	-1.059	-0.842	-0.832	-0.833	-1.048	-1.047	-1.049	-1.047	-1.043	-1.046	-1.043	-1.050	-1.056	-1.057	-0.870	-1.052	-1.052	-1.058	-1.082	
rs7206104      -0.568	-0.561	-0.549	-0.893	-0.893	-0.893	-0.893	-0.892	-0.514	-0.893	-0.413	-0.529	-0.529	-0.526	-0.502	-0.562	-0.473	-0.550	-0.472	-0.548	-0.551	-0.537	-0.479	-0.545	-0.622	-0.622	-0.624	-0.626	-0.626	-0.626	-0.688	-0.791	-0.751	-0.580	-0.646	-0.670	-0.902	-0.757	-0.850	-0.902	-0.732	-0.743	-0.805	-0.853	-0.798	-0.723	-0.796	-0.847	-0.895	-0.854	-0.817	-0.862	-0.820	-0.862	-0.831	-0.862	-0.859	-0.853	-0.916	-0.921	-0.921	-0.900	-0.869	-0.904	-0.891	-0.872	-0.869	-0.842	-0.874	-0.838	-0.909	-0.874	-0.869	-0.869	-0.869	-0.926	-0.868	-0.873	-0.868	-0.872	-0.922	-0.799	-0.869	-0.869	-0.873	-0.877	-0.869	-0.883	-0.892	-0.550	-0.867	-0.868	-0.892	-0.867	-0.859	-0.900	-0.886	-0.884	-0.900	-0.886	-0.886	-0.874	-0.860	-0.911	-0.900	-0.836	-0.698	-0.865	-0.857	-0.899	-0.902	-0.858	-0.811	-0.905	-0.904	-0.881	-0.888	-0.880	-0.888	-0.902	-0.879	-0.864	-0.913	-0.861	-0.909	-0.913	-0.908	-0.907	-0.907	-0.905	-0.901	-0.878	-0.717	-0.893	-0.833	-0.806	-0.910	-0.906	-0.843	-0.832	-0.851	-0.843	-0.636	-0.859	-0.874	-0.653	-0.642	-0.643	-0.862	-0.861	-0.863	-0.861	-0.857	-0.860	-0.857	-0.864	-0.870	-0.871	-0.682	-0.865	-0.866	-0.872	-0.896	
rs723135       -0.567	-0.568	-0.551	-0.898	-0.898	-0.898	-0.898	-0.896	-0.512	-0.898	-0.529	-0.420	-0.533	-0.535	-0.503	-0.569	-0.473	-0.561	-0.472	-0.560	-0.562	-0.551	-0.478	-0.557	-0.627	-0.627	-0.629	-0.631	-0.631	-0.631	-0.694	-0.797	-0.757	-0.587	-0.652	-0.675	-0.908	-0.763	-0.856	-0.908	-0.738	-0.749	-0.811	-0.858	-0.803	-0.729	-0.801	-0.853	-0.901	-0.860	-0.823	-0.868	-0.826	-0.868	-0.836	-0.868	-0.865	-0.859	-0.922	-0.927	-0.927	-0.906	-0.875	-0.910	-0.897	-0.878	-0.875	-0.848	-0.880	-0.843	-0.915	-0.880	-0.874	-0.875	-0.875	-0.932	-0.874	-0.879	-0.874	-0.878	-0.928	-0.805	-0.874	-0.874	-0.879	-0.883	-0.875	-0.889	-0.898	-0.556	-0.873	-0.874	-0.898	-0.873	-0.865	-0.906	-0.891	-0.889	-0.905	-0.892	-0.892	-0.879	-0.866	-0.917	-0.905	-0.842	-0.704	-0.870	-0.863	-0.905	-0.908	-0.864	-0.817	-0.911	-0.910	-0.887	-0.894	-0.885	-0.894	-0.907	-0.885	-0.870	-0.918	-0.866	-0.915	-0.918	-0.913	-0.913	-0.912	-0.910	-0.906	-0.883	-0.723	-0.899	-0.839	-0.812	-0.916	-0.912	-0.849	-0.838	-0.857	-0.848	-0.642	-0.865	-0.879	-0.659	-0.648	-0.649	-0.868	-0.867	-0.869	-0.866	-0.863	-0.865	-0.863	-0.870	-0.876	-0.877	-0.687	-0.871	-0.871	-0.878	-0.902	
rs723136       -0.567	-0.569	-0.551	-0.898	-0.898	-0.898	-0.898	-0.897	-0.512	-0.898	-0.529	-0.533	-0.420	-0.536	-0.503	-0.569	-0.473	-0.562	-0.472	-0.561	-0.563	-0.551	-0.479	-0.558	-0.627	-0.628	-0.629	-0.631	-0.631	-0.631	-0.695	-0.798	-0.757	-0.587	-0.652	-0.675	-0.908	-0.763	-0.856	-0.909	-0.738	-0.749	-0.811	-0.859	-0.804	-0.729	-0.802	-0.854	-0.901	-0.860	-0.823	-0.868	-0.826	-0.868	-0.837	-0.868	-0.865	-0.859	-0.923	-0.927	-0.927	-0.906	-0.875	-0.910	-0.897	-0.878	-0.875	-0.848	-0.880	-0.844	-0.915	-0.880	-0.875	-0.875	-0.875	-0.932	-0.874	-0.879	-0.874	-0.879	-0.929	-0.805	-0.875	-0.875	-0.879	-0.884	-0.875	-0.889	-0.898	-0.557	-0.874	-0.874	-0.898	-0.874	-0.865	-0.906	-0.892	-0.890	-0.906	-0.892	-0.892	-0.880	-0.866	-0.917	-0.906	-0.842	-0.704	-0.871	-0.863	-0.905	-0.908	-0.864	-0.817	-0.911	-0.910	-0.887	-0.894	-0.886	-0.894	-0.908	-0.885	-0.871	-0.919	-0.867	-0.915	-0.919	-0.914	-0.913	-0.913	-0.911	-0.907	-0.884	-0.723	-0.899	-0.839	-0.812	-0.917	-0.912	-0.849	-0.839	-0.858	-0.849	-0.642	-0.866	-0.879	-0.659	-0.648	-0.649	-0.868	-0.867	-0.869	-0.867	-0.863	-0.866	-0.863	-0.870	-0.876	-0.877	-0.688	-0.872	-0.872	-0.878	-0.902	
rs1640961      -0.562	-0.577	-0.550	-0.905	-0.905	-0.905	-0.905	-0.904	-0.499	-0.905	-0.526	-0.535	-0.536	-0.430	-0.503	-0.580	-0.471	-0.579	-0.470	-0.579	-0.581	-0.574	-0.477	-0.577	-0.635	-0.635	-0.637	-0.637	-0.637	-0.638	-0.705	-0.807	-0.767	-0.597	-0.662	-0.683	-0.917	-0.772	-0.865	-0.917	-0.747	-0.758	-0.820	-0.868	-0.812	-0.738	-0.811	-0.862	-0.910	-0.869	-0.832	-0.877	-0.835	-0.877	-0.845	-0.877	-0.874	-0.868	-0.931	-0.936	-0.936	-0.915	-0.884	-0.919	-0.906	-0.887	-0.884	-0.857	-0.889	-0.852	-0.924	-0.889	-0.883	-0.884	-0.884	-0.941	-0.883	-0.888	-0.883	-0.887	-0.937	-0.814	-0.884	-0.883	-0.888	-0.892	-0.884	-0.898	-0.907	-0.566	-0.882	-0.883	-0.907	-0.882	-0.874	-0.915	-0.900	-0.898	-0.914	-0.901	-0.901	-0.889	-0.875	-0.926	-0.914	-0.851	-0.713	-0.879	-0.872	-0.914	-0.917	-0.873	-0.826	-0.920	-0.919	-0.896	-0.903	-0.895	-0.903	-0.916	-0.894	-0.879	-0.927	-0.876	-0.924	-0.928	-0.922	-0.922	-0.921	-0.919	-0.915	-0.892	-0.732	-0.908	-0.848	-0.821	-0.925	-0.921	-0.858	-0.848	-0.866	-0.858	-0.651	-0.875	-0.888	-0.668	-0.657	-0.658	-0.877	-0.876	-0.878	-0.876	-0.872	-0.875	-0.872	-0.879	-0.885	-0.886	-0.697	-0.880	-0.881	-0.887	-0.911	
rs812980       -0.499	-0.498	-0.496	-0.470	-0.470	-0.470	-0.470	-0.474	-0.500	-0.469	-0.502	-0.503	-0.503	-0.503	-0.188	-0.499	-0.427	-0.494	-0.425	-0.493	-0.474	-0.489	-0.430	-0.492	-0.508	-0.508	-0.509	-0.510	-0.510	-0.509	-0.541	-0.491	-0.417	-0.231	-0.292	-0.352	-0.682	-0.554	-0.626	-0.677	-0.531	-0.541	-0.600	-0.629	-0.593	-0.522	-0.592	-0.623	-0.671	-0.633	-0.594	-0.638	-0.594	-0.638	-0.605	-0.638	-0.634	-0.628	-0.684	-0.691	-0.691	-0.668	-0.645	-0.673	-0.667	-0.648	-0.645	-0.618	-0.650	-0.614	-0.679	-0.650	-0.645	-0.645	-0.645	-0.697	-0.643	-0.649	-0.644	-0.648	-0.693	-0.595	-0.645	-0.645	-0.654	-0.658	-0.646	-0.663	-0.674	-0.341	-0.643	-0.644	-0.675	-0.643	-0.635	-0.682	-0.661	-0.667	-0.681	-0.662	-0.662	-0.655	-0.636	-0.689	-0.681	-0.611	-0.467	-0.647	-0.633	-0.681	-0.683	-0.634	-0.610	-0.685	-0.685	-0.655	-0.663	-0.661	-0.663	-0.683	-0.651	-0.640	-0.687	-0.635	-0.689	-0.690	-0.687	-0.687	-0.686	-0.684	-0.681	-0.659	-0.493	-0.674	-0.606	-0.574	-0.687	-0.681	-0.620	-0.610	-0.628	-0.620	-0.417	-0.636	-0.656	-0.432	-0.422	-0.423	-0.639	-0.638	-0.640	-0.638	-0.634	-0.637	-0.634	-0.641	-0.647	-0.648	-0.458	-0.643	-0.643	-0.649	-0.672	
rs17140359     -0.541	-0.558	-0.510	-0.905	-0.905	-0.905	-0.905	-0.904	-0.543	-0.906	-0.562	-0.569	-0.569	-0.580	-0.499	-0.431	-0.467	-0.544	-0.466	-0.543	-0.560	-0.535	-0.473	-0.540	-0.622	-0.622	-0.623	-0.625	-0.625	-0.626	-0.700	-0.809	-0.769	-0.600	-0.665	-0.684	-0.918	-0.773	-0.866	-0.918	-0.748	-0.759	-0.821	-0.869	-0.813	-0.739	-0.812	-0.864	-0.911	-0.870	-0.833	-0.878	-0.837	-0.878	-0.847	-0.878	-0.875	-0.869	-0.933	-0.938	-0.938	-0.916	-0.885	-0.920	-0.907	-0.888	-0.885	-0.858	-0.890	-0.854	-0.926	-0.890	-0.885	-0.885	-0.885	-0.942	-0.884	-0.889	-0.884	-0.888	-0.939	-0.815	-0.885	-0.885	-0.889	-0.893	-0.885	-0.899	-0.908	-0.567	-0.884	-0.884	-0.908	-0.884	-0.875	-0.916	-0.902	-0.899	-0.915	-0.902	-0.902	-0.890	-0.876	-0.927	-0.915	-0.852	-0.715	-0.880	-0.873	-0.915	-0.918	-0.874	-0.827	-0.921	-0.920	-0.897	-0.904	-0.896	-0.904	-0.917	-0.895	-0.881	-0.929	-0.877	-0.925	-0.929	-0.923	-0.923	-0.922	-0.921	-0.916	-0.894	-0.733	-0.909	-0.849	-0.823	-0.926	-0.922	-0.859	-0.849	-0.868	-0.859	-0.652	-0.876	-0.889	-0.669	-0.658	-0.659	-0.878	-0.877	-0.879	-0.877	-0.873	-0.876	-0.873	-0.880	-0.886	-0.887	-0.698	-0.882	-0.882	-0.888	-0.912	
rs3095508      -0.474	-0.467	-0.468	-0.537	-0.537	-0.537	-0.537	-0.539	-0.472	-0.536	-0.473	-0.473	-0.473	-0.471	-0.427	-0.467	-0.162	-0.459	-0.276	-0.458	-0.438	-0.452	-0.284	-0.456	-0.474	-0.474	-0.475	-0.478	-0.477	-0.477	-0.507	-0.486	-0.412	-0.229	-0.294	-0.340	-0.658	-0.531	-0.602	-0.653	-0.507	-0.518	-0.579	-0.604	-0.572	-0.499	-0.571	-0.599	-0.647	-0.608	-0.570	-0.613	-0.569	-0.613	-0.580	-0.613	-0.609	-0.603	-0.657	-0.664	-0.664	-0.642	-0.620	-0.647	-0.643	-0.623	-0.620	-0.594	-0.625	-0.589	-0.653	-0.626	-0.620	-0.620	-0.620	-0.670	-0.619	-0.625	-0.620	-0.623	-0.666	-0.573	-0.620	-0.621	-0.631	-0.634	-0.621	-0.640	-0.651	-0.314	-0.618	-0.620	-0.651	-0.618	-0.610	-0.658	-0.637	-0.644	-0.657	-0.637	-0.638	-0.631	-0.612	-0.665	-0.657	-0.586	-0.443	-0.623	-0.608	-0.657	-0.659	-0.609	-0.587	-0.661	-0.660	-0.629	-0.638	-0.637	-0.638	-0.659	-0.625	-0.615	-0.662	-0.611	-0.664	-0.665	-0.663	-0.663	-0.662	-0.660	-0.656	-0.634	-0.467	-0.650	-0.581	-0.547	-0.661	-0.656	-0.595	-0.585	-0.603	-0.595	-0.396	-0.612	-0.632	-0.410	-0.401	-0.402	-0.614	-0.613	-0.615	-0.613	-0.609	-0.612	-0.609	-0.616	-0.622	-0.624	-0.434	-0.618	-0.618	-0.624	-0.648	
rs802697       -0.520	-0.554	-0.474	-0.914	-0.914	-0.914	-0.914	-0.912	-0.522	-0.914	-0.550	-0.561	-0.562	-0.579	-0.494	-0.544	-0.459	-0.444	-0.457	-0.561	-0.582	-0.565	-0.465	-0.563	-0.623	-0.623	-0.625	-0.624	-0.625	-0.626	-0.711	-0.821	-0.782	-0.614	-0.679	-0.694	-0.929	-0.785	-0.878	-0.930	-0.760	-0.770	-0.832	-0.880	-0.825	-0.751	-0.823	-0.875	-0.923	-0.882	-0.845	-0.890	-0.848	-0.890	-0.859	-0.890	-0.887	-0.881	-0.945	-0.949	-0.949	-0.928	-0.897	-0.932	-0.919	-0.900	-0.897	-0.870	-0.901	-0.865	-0.937	-0.902	-0.896	-0.897	-0.897	-0.954	-0.896	-0.901	-0.896	-0.900	-0.950	-0.827	-0.896	-0.896	-0.901	-0.905	-0.897	-0.911	-0.919	-0.579	-0.895	-0.896	-0.920	-0.895	-0.887	-0.928	-0.913	-0.911	-0.927	-0.914	-0.914	-0.901	-0.888	-0.939	-0.927	-0.864	-0.727	-0.892	-0.885	-0.927	-0.929	-0.886	-0.838	-0.932	-0.932	-0.909	-0.916	-0.907	-0.916	-0.929	-0.907	-0.892	-0.940	-0.889	-0.937	-0.940	-0.935	-0.934	-0.934	-0.932	-0.928	-0.905	-0.745	-0.920	-0.861	-0.835	-0.938	-0.934	-0.871	-0.861	-0.880	-0.871	-0.664	-0.888	-0.900	-0.681	-0.670	-0.671	-0.890	-0.889	-0.891	-0.889	-0.885	-0.888	-0.885	-0.892	-0.898	-0.899	-0.710	-0.893	-0.894	-0.900	-0.923	
rs42189        -0.473	-0.466	-0.467	-0.535	-0.535	-0.535	-0.535	-0.537	-0.471	-0.534	-0.472	-0.472	-0.472	-0.470	-0.425	-0.466	-0.276	-0.457	-0.161	-0.457	-0.437	-0.451	-0.275	-0.455	-0.473	-0.473	-0.474	-0.477	-0.476	-0.476	-0.506	-0.485	-0.411	-0.227	-0.293	-0.338	-0.657	-0.530	-0.601	-0.652	-0.506	-0.517	-0.578	-0.603	-0.571	-0.498	-0.570	-0.598	-0.646	-0.607	-0.569	-0.612	-0.568	-0.612	-0.578	-0.612	-0.608	-0.602	-0.656	-0.663	-0.663	-0.641	-0.619	-0.645	-0.641	-0.622	-0.619	-0.593	-0.624	-0.588	-0.652	-0.624	-0.619	-0.619	-0.619	-0.669	-0.618	-0.624	-0.619	-0.622	-0.665	-0.572	-0.619	-0.619	-0.630	-0.633	-0.620	-0.638	-0.650	-0.313	-0.617	-0.619	-0.650	-0.617	-0.609	-0.657	-0.635	-0.643	-0.656	-0.636	-0.637	-0.630	-0.611	-0.663	-0.656	-0.585	-0.442	-0.621	-0.607	-0.656	-0.658	-0.608	-0.586	-0.660	-0.659	-0.628	-0.637	-0.636	-0.636	-0.658	-0.624	-0.614	-0.661	-0.610	-0.663	-0.664	-0.662	-0.662	-0.661	-0.659	-0.655	-0.633	-0.466	-0.649	-0.580	-0.546	-0.660	-0.655	-0.594	-0.584	-0.602	-0.594	-0.395	-0.610	-0.631	-0.409	-0.400	-0.400	-0.613	-0.612	-0.614	-0.612	-0.608	-0.611	-0.608	-0.615	-0.621	-0.623	-0.433	-0.617	-0.617	-0.623	-0.647	
rs74951496     -0.518	-0.553	-0.471	-0.914	-0.914	-0.914	-0.914	-0.913	-0.520	-0.915	-0.548	-0.560	-0.561	-0.579	-0.493	-0.543	-0.458	-0.561	-0.457	-0.445	-0.583	-0.566	-0.464	-0.564	-0.622	-0.623	-0.624	-0.624	-0.625	-0.626	-0.712	-0.822	-0.783	-0.614	-0.679	-0.694	-0.930	-0.785	-0.878	-0.931	-0.760	-0.771	-0.833	-0.881	-0.825	-0.751	-0.824	-0.876	-0.923	-0.882	-0.846	-0.890	-0.849	-0.890	-0.859	-0.890	-0.887	-0.882	-0.945	-0.950	-0.950	-0.929	-0.897	-0.932	-0.919	-0.900	-0.897	-0.871	-0.902	-0.866	-0.938	-0.902	-0.897	-0.897	-0.897	-0.954	-0.896	-0.901	-0.897	-0.901	-0.951	-0.827	-0.897	-0.897	-0.901	-0.905	-0.897	-0.911	-0.920	-0.579	-0.896	-0.896	-0.920	-0.896	-0.888	-0.928	-0.914	-0.911	-0.927	-0.914	-0.914	-0.902	-0.889	-0.939	-0.927	-0.865	-0.727	-0.893	-0.885	-0.927	-0.930	-0.886	-0.839	-0.933	-0.932	-0.910	-0.917	-0.908	-0.917	-0.929	-0.908	-0.893	-0.941	-0.889	-0.937	-0.941	-0.935	-0.935	-0.935	-0.933	-0.928	-0.906	-0.746	-0.921	-0.862	-0.835	-0.939	-0.934	-0.872	-0.861	-0.880	-0.871	-0.665	-0.888	-0.901	-0.681	-0.670	-0.671	-0.891	-0.890	-0.891	-0.889	-0.886	-0.888	-0.885	-0.893	-0.898	-0.900	-0.710	-0.894	-0.894	-0.900	-0.924	
rs809093       -0.510	-0.559	-0.498	-0.902	-0.902	-0.902	-0.902	-0.901	-0.523	-0.902	-0.551	-0.562	-0.563	-0.581	-0.474	-0.560	-0.438	-0.582	-0.437	-0.583	-0.433	-0.591	-0.444	-0.584	-0.618	-0.618	-0.620	-0.619	-0.619	-0.621	-0.706	-0.811	-0.772	-0.604	-0.669	-0.682	-0.919	-0.774	-0.868	-0.920	-0.750	-0.760	-0.822	-0.870	-0.815	-0.740	-0.813	-0.865	-0.912	-0.872	-0.835	-0.880	-0.838	-0.880	-0.848	-0.880	-0.877	-0.871	-0.934	-0.939	-0.939	-0.918	-0.886	-0.922	-0.908	-0.889	-0.886	-0.860	-0.891	-0.855	-0.927	-0.891	-0.886	-0.887	-0.886	-0.944	-0.885	-0.891	-0.886	-0.890	-0.940	-0.817	-0.886	-0.886	-0.891	-0.895	-0.887	-0.901	-0.909	-0.569	-0.885	-0.886	-0.909	-0.885	-0.877	-0.917	-0.903	-0.901	-0.917	-0.903	-0.904	-0.891	-0.878	-0.929	-0.917	-0.854	-0.716	-0.882	-0.875	-0.916	-0.919	-0.876	-0.828	-0.922	-0.922	-0.899	-0.906	-0.897	-0.906	-0.919	-0.897	-0.882	-0.930	-0.878	-0.926	-0.930	-0.925	-0.924	-0.924	-0.922	-0.918	-0.895	-0.735	-0.910	-0.851	-0.825	-0.928	-0.923	-0.861	-0.851	-0.869	-0.861	-0.653	-0.877	-0.890	-0.670	-0.659	-0.660	-0.880	-0.879	-0.881	-0.879	-0.875	-0.877	-0.875	-0.882	-0.888	-0.889	-0.699	-0.883	-0.883	-0.890	-0.913	
rs7404493      -0.502	-0.544	-0.445	-0.918	-0.918	-0.918	-0.918	-0.917	-0.504	-0.918	-0.537	-0.551	-0.551	-0.574	-0.489	-0.535	-0.452	-0.565	-0.451	-0.566	-0.591	-0.451	-0.458	-0.568	-0.620	-0.621	-0.622	-0.621	-0.623	-0.624	-0.716	-0.828	-0.789	-0.621	-0.686	-0.699	-0.936	-0.791	-0.884	-0.936	-0.766	-0.777	-0.839	-0.887	-0.831	-0.757	-0.829	-0.881	-0.929	-0.888	-0.851	-0.896	-0.854	-0.896	-0.865	-0.896	-0.893	-0.887	-0.951	-0.956	-0.956	-0.934	-0.903	-0.938	-0.925	-0.906	-0.903	-0.876	-0.908	-0.872	-0.944	-0.908	-0.903	-0.903	-0.903	-0.960	-0.902	-0.907	-0.902	-0.906	-0.957	-0.833	-0.903	-0.902	-0.907	-0.911	-0.903	-0.917	-0.925	-0.585	-0.901	-0.902	-0.926	-0.901	-0.893	-0.934	-0.919	-0.917	-0.933	-0.920	-0.920	-0.907	-0.894	-0.945	-0.933	-0.870	-0.733	-0.898	-0.891	-0.933	-0.935	-0.892	-0.844	-0.938	-0.938	-0.915	-0.922	-0.913	-0.922	-0.935	-0.914	-0.899	-0.946	-0.895	-0.943	-0.946	-0.941	-0.940	-0.940	-0.938	-0.934	-0.911	-0.751	-0.926	-0.868	-0.841	-0.944	-0.940	-0.878	-0.867	-0.886	-0.877	-0.670	-0.894	-0.906	-0.687	-0.676	-0.677	-0.896	-0.896	-0.897	-0.895	-0.892	-0.894	-0.891	-0.898	-0.904	-0.905	-0.716	-0.900	-0.900	-0.906	-0.930	
rs811919       -0.479	-0.473	-0.474	-0.544	-0.544	-0.544	-0.543	-0.546	-0.478	-0.543	-0.479	-0.478	-0.479	-0.477	-0.430	-0.473	-0.284	-0.465	-0.275	-0.464	-0.444	-0.458	-0.168	-0.462	-0.480	-0.480	-0.481	-0.483	-0.483	-0.483	-0.513	-0.492	-0.418	-0.235	-0.300	-0.346	-0.664	-0.537	-0.607	-0.659	-0.513	-0.523	-0.585	-0.610	-0.578	-0.504	-0.576	-0.605	-0.652	-0.613	-0.575	-0.619	-0.574	-0.619	-0.585	-0.619	-0.614	-0.608	-0.663	-0.669	-0.669	-0.648	-0.626	-0.652	-0.648	-0.629	-0.626	-0.599	-0.631	-0.595	-0.659	-0.631	-0.625	-0.626	-0.626	-0.676	-0.624	-0.630	-0.625	-0.629	-0.672	-0.578	-0.626	-0.626	-0.636	-0.640	-0.627	-0.645	-0.657	-0.320	-0.624	-0.625	-0.657	-0.624	-0.616	-0.663	-0.642	-0.650	-0.662	-0.643	-0.643	-0.636	-0.617	-0.670	-0.663	-0.591	-0.449	-0.628	-0.614	-0.662	-0.664	-0.615	-0.592	-0.666	-0.666	-0.635	-0.643	-0.642	-0.643	-0.665	-0.631	-0.621	-0.667	-0.616	-0.670	-0.671	-0.669	-0.668	-0.668	-0.665	-0.662	-0.640	-0.473	-0.655	-0.587	-0.552	-0.667	-0.662	-0.601	-0.591	-0.609	-0.601	-0.401	-0.617	-0.637	-0.416	-0.406	-0.407	-0.620	-0.619	-0.621	-0.619	-0.615	-0.617	-0.615	-0.622	-0.628	-0.629	-0.439	-0.624	-0.624	-0.630	-0.653	
rs75721674     -0.514	-0.550	-0.463	-0.915	-0.915	-0.915	-0.915	-0.914	-0.516	-0.915	-0.545	-0.557	-0.558	-0.577	-0.492	-0.540	-0.456	-0.563	-0.455	-0.564	-0.584	-0.568	-0.462	-0.446	-0.621	-0.621	-0.623	-0.623	-0.624	-0.625	-0.712	-0.823	-0.784	-0.616	-0.681	-0.695	-0.931	-0.786	-0.880	-0.932	-0.762	-0.772	-0.834	-0.882	-0.827	-0.752	-0.825	-0.877	-0.924	-0.884	-0.847	-0.892	-0.850	-0.892	-0.860	-0.892	-0.889	-0.883	-0.946	-0.951	-0.951	-0.930	-0.898	-0.934	-0.920	-0.901	-0.898	-0.872	-0.903	-0.867	-0.939	-0.903	-0.898	-0.899	-0.898	-0.956	-0.897	-0.903	-0.898	-0.902	-0.952	-0.828	-0.898	-0.898	-0.902	-0.907	-0.899	-0.912	-0.921	-0.581	-0.897	-0.898	-0.921	-0.897	-0.889	-0.929	-0.915	-0.913	-0.929	-0.915	-0.916	-0.903	-0.890	-0.941	-0.929	-0.866	-0.729	-0.894	-0.887	-0.928	-0.931	-0.888	-0.840	-0.934	-0.934	-0.911	-0.918	-0.909	-0.918	-0.931	-0.909	-0.894	-0.942	-0.890	-0.938	-0.942	-0.937	-0.936	-0.936	-0.934	-0.930	-0.907	-0.747	-0.922	-0.863	-0.837	-0.940	-0.935	-0.873	-0.863	-0.881	-0.873	-0.666	-0.889	-0.902	-0.682	-0.672	-0.672	-0.892	-0.891	-0.893	-0.891	-0.887	-0.889	-0.887	-0.894	-0.900	-0.901	-0.711	-0.895	-0.895	-0.902	-0.925	
rs1640966      -0.482	-0.623	-0.600	-0.915	-0.915	-0.915	-0.915	-0.913	-0.610	-0.915	-0.622	-0.627	-0.627	-0.635	-0.508	-0.622	-0.474	-0.623	-0.473	-0.622	-0.618	-0.620	-0.480	-0.621	-0.442	-0.558	-0.562	-0.573	-0.574	-0.575	-0.682	-0.816	-0.774	-0.604	-0.670	-0.691	-0.927	-0.781	-0.876	-0.928	-0.756	-0.766	-0.829	-0.878	-0.821	-0.746	-0.819	-0.873	-0.920	-0.879	-0.842	-0.888	-0.846	-0.888	-0.856	-0.888	-0.884	-0.879	-0.943	-0.947	-0.947	-0.927	-0.894	-0.930	-0.916	-0.897	-0.894	-0.868	-0.899	-0.863	-0.936	-0.899	-0.894	-0.895	-0.894	-0.952	-0.893	-0.899	-0.894	-0.898	-0.948	-0.823	-0.894	-0.894	-0.898	-0.902	-0.894	-0.908	-0.916	-0.577	-0.893	-0.894	-0.917	-0.893	-0.885	-0.925	-0.911	-0.908	-0.924	-0.911	-0.912	-0.898	-0.886	-0.937	-0.924	-0.863	-0.727	-0.889	-0.883	-0.924	-0.926	-0.884	-0.835	-0.930	-0.929	-0.907	-0.914	-0.904	-0.914	-0.926	-0.906	-0.890	-0.938	-0.887	-0.934	-0.938	-0.932	-0.932	-0.932	-0.930	-0.925	-0.902	-0.742	-0.918	-0.860	-0.834	-0.936	-0.931	-0.870	-0.859	-0.878	-0.869	-0.662	-0.886	-0.898	-0.679	-0.668	-0.669	-0.888	-0.888	-0.889	-0.887	-0.884	-0.886	-0.883	-0.890	-0.896	-0.897	-0.707	-0.892	-0.892	-0.898	-0.921	
rs76314852     -0.483	-0.623	-0.600	-0.915	-0.915	-0.915	-0.915	-0.913	-0.610	-0.915	-0.622	-0.627	-0.628	-0.635	-0.508	-0.622	-0.474	-0.623	-0.473	-0.623	-0.618	-0.621	-0.480	-0.621	-0.558	-0.442	-0.562	-0.572	-0.573	-0.574	-0.682	-0.816	-0.774	-0.604	-0.670	-0.691	-0.927	-0.781	-0.876	-0.928	-0.756	-0.766	-0.829	-0.878	-0.821	-0.746	-0.819	-0.873	-0.920	-0.879	-0.843	-0.888	-0.846	-0.888	-0.856	-0.888	-0.884	-0.879	-0.943	-0.947	-0.948	-0.927	-0.895	-0.930	-0.916	-0.897	-0.894	-0.868	-0.899	-0.863	-0.936	-0.899	-0.894	-0.895	-0.894	-0.952	-0.893	-0.899	-0.894	-0.898	-0.948	-0.823	-0.894	-0.894	-0.898	-0.902	-0.894	-0.908	-0.916	-0.577	-0.893	-0.894	-0.917	-0.893	-0.885	-0.925	-0.911	-0.908	-0.924	-0.911	-0.912	-0.898	-0.886	-0.937	-0.924	-0.863	-0.727	-0.889	-0.883	-0.924	-0.927	-0.884	-0.835	-0.930	-0.929	-0.907	-0.914	-0.904	-0.914	-0.926	-0.906	-0.890	-0.938	-0.887	-0.934	-0.938	-0.932	-0.932	-0.932	-0.930	-0.925	-0.902	-0.742	-0.918	-0.860	-0.834	-0.936	-0.931	-0.870	-0.859	-0.878	-0.869	-0.662	-0.886	-0.898	-0.679	-0.668	-0.669	-0.888	-0.888	-0.889	-0.887	-0.884	-0.886	-0.883	-0.890	-0.896	-0.897	-0.708	-0.892	-0.892	-0.898	-0.921	
rs802694       -0.487	-0.624	-0.602	-0.916	-0.916	-0.916	-0.916	-0.914	-0.611	-0.916	-0.624	-0.629	-0.629	-0.637	-0.509	-0.623	-0.475	-0.625	-0.474	-0.624	-0.620	-0.622	-0.481	-0.623	-0.562	-0.562	-0.443	-0.576	-0.577	-0.577	-0.683	-0.817	-0.775	-0.605	-0.671	-0.692	-0.928	-0.782	-0.877	-0.929	-0.757	-0.767	-0.830	-0.879	-0.822	-0.747	-0.820	-0.874	-0.921	-0.880	-0.844	-0.889	-0.847	-0.889	-0.857	-0.889	-0.885	-0.880	-0.944	-0.948	-0.949	-0.928	-0.896	-0.931	-0.918	-0.898	-0.895	-0.869	-0.900	-0.864	-0.937	-0.900	-0.895	-0.896	-0.895	-0.953	-0.894	-0.900	-0.895	-0.899	-0.949	-0.824	-0.895	-0.895	-0.899	-0.903	-0.895	-0.909	-0.917	-0.578	-0.894	-0.895	-0.918	-0.894	-0.886	-0.926	-0.912	-0.909	-0.925	-0.912	-0.913	-0.899	-0.887	-0.938	-0.925	-0.864	-0.728	-0.890	-0.884	-0.925	-0.928	-0.885	-0.836	-0.931	-0.930	-0.908	-0.915	-0.905	-0.915	-0.927	-0.907	-0.891	-0.939	-0.888	-0.935	-0.939	-0.933	-0.933	-0.933	-0.931	-0.926	-0.903	-0.743	-0.919	-0.861	-0.835	-0.937	-0.932	-0.871	-0.860	-0.879	-0.870	-0.663	-0.887	-0.899	-0.680	-0.669	-0.670	-0.889	-0.889	-0.890	-0.888	-0.885	-0.887	-0.884	-0.891	-0.897	-0.898	-0.709	-0.893	-0.893	-0.899	-0.922	
rs12444030     -0.513	-0.625	-0.606	-0.912	-0.912	-0.912	-0.912	-0.911	-0.615	-0.912	-0.626	-0.631	-0.631	-0.637	-0.510	-0.625	-0.478	-0.624	-0.477	-0.624	-0.619	-0.621	-0.483	-0.623	-0.573	-0.572	-0.576	-0.438	-0.558	-0.558	-0.673	-0.812	-0.770	-0.600	-0.666	-0.687	-0.923	-0.777	-0.872	-0.924	-0.752	-0.763	-0.825	-0.875	-0.818	-0.743	-0.816	-0.870	-0.917	-0.876	-0.839	-0.884	-0.842	-0.884	-0.852	-0.884	-0.881	-0.875	-0.939	-0.944	-0.944	-0.923	-0.891	-0.927	-0.913	-0.894	-0.891	-0.864	-0.896	-0.860	-0.932	-0.896	-0.891	-0.891	-0.891	-0.948	-0.890	-0.895	-0.890	-0.894	-0.945	-0.819	-0.890	-0.890	-0.894	-0.898	-0.891	-0.904	-0.913	-0.573	-0.889	-0.890	-0.913	-0.890	-0.881	-0.921	-0.907	-0.904	-0.921	-0.908	-0.908	-0.895	-0.882	-0.933	-0.921	-0.859	-0.723	-0.885	-0.879	-0.920	-0.923	-0.880	-0.831	-0.926	-0.926	-0.904	-0.910	-0.901	-0.911	-0.923	-0.902	-0.887	-0.934	-0.883	-0.930	-0.934	-0.929	-0.928	-0.928	-0.926	-0.922	-0.899	-0.739	-0.914	-0.856	-0.830	-0.932	-0.928	-0.866	-0.856	-0.874	-0.866	-0.658	-0.882	-0.894	-0.675	-0.664	-0.665	-0.885	-0.884	-0.886	-0.883	-0.880	-0.882	-0.880	-0.887	-0.892	-0.894	-0.704	-0.888	-0.888	-0.894	-0.918	
rs1558347      -0.513	-0.626	-0.606	-0.912	-0.912	-0.912	-0.912	-0.911	-0.615	-0.912	-0.626	-0.631	-0.631	-0.637	-0.510	-0.625	-0.477	-0.625	-0.476	-0.625	-0.619	-0.623	-0.483	-0.624	-0.574	-0.573	-0.577	-0.558	-0.438	-0.554	-0.672	-0.813	-0.771	-0.601	-0.666	-0.688	-0.923	-0.777	-0.873	-0.925	-0.752	-0.763	-0.826	-0.875	-0.818	-0.743	-0.816	-0.870	-0.917	-0.876	-0.839	-0.884	-0.842	-0.884	-0.852	-0.884	-0.881	-0.875	-0.939	-0.944	-0.944	-0.923	-0.891	-0.927	-0.913	-0.894	-0.891	-0.864	-0.896	-0.860	-0.932	-0.896	-0.891	-0.891	-0.891	-0.948	-0.890	-0.895	-0.890	-0.895	-0.945	-0.819	-0.891	-0.890	-0.894	-0.899	-0.891	-0.904	-0.913	-0.573	-0.890	-0.890	-0.913	-0.890	-0.882	-0.921	-0.908	-0.904	-0.921	-0.908	-0.908	-0.895	-0.882	-0.933	-0.921	-0.859	-0.724	-0.885	-0.879	-0.920	-0.923	-0.880	-0.831	-0.926	-0.926	-0.904	-0.911	-0.901	-0.911	-0.923	-0.902	-0.887	-0.935	-0.883	-0.931	-0.934	-0.929	-0.928	-0.928	-0.926	-0.922	-0.899	-0.739	-0.914	-0.856	-0.830	-0.932	-0.928	-0.866	-0.856	-0.874	-0.866	-0.659	-0.882	-0.894	-0.675	-0.664	-0.665	-0.885	-0.884	-0.886	-0.884	-0.880	-0.883	-0.880	-0.887	-0.893	-0.894	-0.704	-0.888	-0.889	-0.894	-0.918	
rs2345079      -0.511	-0.626	-0.606	-0.913	-0.913	-0.913	-0.913	-0.911	-0.615	-0.913	-0.626	-0.631	-0.631	-0.638	-0.509	-0.626	-0.477	-0.626	-0.476	-0.626	-0.621	-0.624	-0.483	-0.625	-0.575	-0.574	-0.577	-0.558	-0.554	-0.439	-0.673	-0.813	-0.772	-0.601	-0.667	-0.688	-0.924	-0.778	-0.873	-0.925	-0.753	-0.764	-0.826	-0.876	-0.819	-0.744	-0.817	-0.870	-0.917	-0.877	-0.840	-0.885	-0.843	-0.885	-0.853	-0.885	-0.882	-0.876	-0.940	-0.945	-0.945	-0.924	-0.892	-0.928	-0.914	-0.895	-0.892	-0.865	-0.897	-0.860	-0.933	-0.896	-0.891	-0.892	-0.892	-0.949	-0.891	-0.896	-0.891	-0.895	-0.946	-0.820	-0.891	-0.891	-0.895	-0.899	-0.892	-0.905	-0.914	-0.574	-0.890	-0.891	-0.914	-0.890	-0.882	-0.922	-0.908	-0.905	-0.922	-0.909	-0.909	-0.895	-0.883	-0.934	-0.921	-0.860	-0.724	-0.886	-0.880	-0.921	-0.924	-0.881	-0.832	-0.927	-0.927	-0.904	-0.911	-0.902	-0.911	-0.924	-0.903	-0.888	-0.935	-0.884	-0.931	-0.935	-0.930	-0.929	-0.929	-0.927	-0.923	-0.900	-0.739	-0.915	-0.857	-0.831	-0.933	-0.929	-0.867	-0.856	-0.875	-0.867	-0.659	-0.883	-0.895	-0.676	-0.665	-0.666	-0.886	-0.885	-0.887	-0.884	-0.881	-0.883	-0.881	-0.888	-0.893	-0.895	-0.705	-0.889	-0.889	-0.895	-0.918	
rs802693       -0.601	-0.695	-0.669	-0.949	-0.949	-0.949	-0.950	-0.948	-0.673	-0.950	-0.688	-0.694	-0.695	-0.705	-0.541	-0.700	-0.507	-0.711	-0.506	-0.712	-0.706	-0.716	-0.513	-0.712	-0.682	-0.682	-0.683	-0.673	-0.672	-0.673	-0.489	-0.862	-0.822	-0.654	-0.719	-0.734	-0.970	-0.824	-0.919	-0.971	-0.800	-0.810	-0.873	-0.921	-0.865	-0.790	-0.863	-0.916	-0.963	-0.922	-0.886	-0.931	-0.889	-0.931	-0.899	-0.931	-0.927	-0.922	-0.985	-0.990	-0.990	-0.969	-0.937	-0.973	-0.959	-0.940	-0.937	-0.911	-0.942	-0.906	-0.978	-0.942	-0.937	-0.937	-0.937	-0.994	-0.936	-0.942	-0.937	-0.941	-0.991	-0.867	-0.937	-0.937	-0.941	-0.945	-0.937	-0.951	-0.960	-0.620	-0.936	-0.936	-0.960	-0.936	-0.928	-0.968	-0.954	-0.951	-0.967	-0.954	-0.955	-0.942	-0.929	-0.979	-0.967	-0.905	-0.769	-0.932	-0.926	-0.967	-0.970	-0.927	-0.878	-0.973	-0.972	-0.950	-0.957	-0.948	-0.957	-0.969	-0.948	-0.933	-0.981	-0.929	-0.977	-0.981	-0.975	-0.975	-0.974	-0.973	-0.968	-0.946	-0.786	-0.961	-0.902	-0.877	-0.979	-0.974	-0.913	-0.902	-0.921	-0.912	-0.706	-0.929	-0.940	-0.722	-0.712	-0.712	-0.931	-0.930	-0.932	-0.930	-0.927	-0.929	-0.926	-0.933	-0.939	-0.940	-0.751	-0.935	-0.935	-0.941	-0.964	
rs2110613      -0.751	-0.801	-0.780	-0.966	-0.966	-0.966	-0.966	-0.964	-0.779	-0.967	-0.791	-0.797	-0.798	-0.807	-0.491	-0.809	-0.486	-0.821	-0.485	-0.822	-0.811	-0.828	-0.492	-0.823	-0.816	-0.816	-0.817	-0.812	-0.813	-0.813	-0.862	-0.519	-0.723	-0.573	-0.702	-0.800	-0.998	-0.850	-0.943	-0.996	-0.825	-0.836	-0.900	-0.946	-0.893	-0.816	-0.891	-0.941	-0.989	-0.945	-0.907	-0.956	-0.912	-0.956	-0.923	-0.956	-0.952	-0.946	-1.008	-1.014	-1.014	-0.992	-0.962	-0.996	-0.985	-0.965	-0.963	-0.936	-0.968	-0.931	-1.001	-0.968	-0.962	-0.963	-0.962	-1.018	-0.961	-0.967	-0.962	-0.966	-1.015	-0.899	-0.963	-0.963	-0.971	-0.975	-0.963	-0.980	-0.989	-0.651	-0.961	-0.962	-0.989	-0.961	-0.953	-0.996	-0.979	-0.981	-0.996	-0.980	-0.980	-0.971	-0.954	-1.006	-0.995	-0.929	-0.789	-0.962	-0.951	-0.995	-0.997	-0.952	-0.912	-1.000	-1.000	-0.975	-0.982	-0.975	-0.982	-0.996	-0.973	-0.958	-1.006	-0.955	-1.004	-1.007	-1.002	-1.002	-1.001	-0.999	-0.995	-0.973	-0.813	-0.988	-0.927	-0.902	-1.004	-1.000	-0.940	-0.929	-0.948	-0.940	-0.733	-0.956	-0.960	-0.749	-0.739	-0.740	-0.958	-0.958	-0.959	-0.957	-0.954	-0.956	-0.953	-0.960	-0.965	-0.966	-0.777	-0.961	-0.961	-0.967	-0.990	
rs7203727      -0.707	-0.761	-0.739	-0.920	-0.920	-0.920	-0.920	-0.919	-0.738	-0.921	-0.751	-0.757	-0.757	-0.767	-0.417	-0.769	-0.412	-0.782	-0.411	-0.783	-0.772	-0.789	-0.418	-0.784	-0.774	-0.774	-0.775	-0.770	-0.771	-0.772	-0.822	-0.723	-0.480	-0.544	-0.701	-0.788	-0.961	-0.815	-0.906	-0.958	-0.790	-0.800	-0.865	-0.909	-0.857	-0.780	-0.855	-0.903	-0.951	-0.906	-0.868	-0.918	-0.873	-0.918	-0.884	-0.918	-0.913	-0.907	-0.971	-0.976	-0.976	-0.953	-0.925	-0.957	-0.948	-0.928	-0.925	-0.899	-0.930	-0.894	-0.963	-0.931	-0.925	-0.925	-0.925	-0.981	-0.924	-0.930	-0.925	-0.929	-0.978	-0.864	-0.925	-0.926	-0.936	-0.940	-0.926	-0.945	-0.953	-0.611	-0.923	-0.925	-0.953	-0.923	-0.915	-0.960	-0.942	-0.945	-0.959	-0.943	-0.943	-0.935	-0.917	-0.969	-0.959	-0.891	-0.749	-0.927	-0.914	-0.959	-0.961	-0.914	-0.877	-0.963	-0.963	-0.937	-0.945	-0.940	-0.945	-0.960	-0.936	-0.921	-0.969	-0.917	-0.967	-0.970	-0.965	-0.965	-0.964	-0.962	-0.958	-0.937	-0.776	-0.951	-0.890	-0.867	-0.967	-0.963	-0.904	-0.892	-0.911	-0.903	-0.695	-0.919	-0.923	-0.712	-0.701	-0.702	-0.921	-0.921	-0.922	-0.920	-0.917	-0.919	-0.917	-0.923	-0.928	-0.929	-0.740	-0.924	-0.924	-0.930	-0.952	
rs1362330      -0.534	-0.591	-0.568	-0.732	-0.732	-0.732	-0.732	-0.730	-0.567	-0.732	-0.580	-0.587	-0.587	-0.597	-0.231	-0.600	-0.229	-0.614	-0.227	-0.614	-0.604	-0.621	-0.235	-0.616	-0.604	-0.604	-0.605	-0.600	-0.601	-0.601	-0.654	-0.573	-0.544	-0.306	-0.630	-0.670	-0.797	-0.649	-0.740	-0.792	-0.624	-0.634	-0.700	-0.743	-0.693	-0.614	-0.691	-0.738	-0.786	-0.736	-0.698	-0.752	-0.704	-0.753	-0.715	-0.753	-0.745	-0.739	-0.804	-0.809	-0.809	-0.786	-0.759	-0.790	-0.782	-0.762	-0.760	-0.733	-0.765	-0.728	-0.796	-0.765	-0.759	-0.760	-0.760	-0.815	-0.758	-0.764	-0.759	-0.763	-0.812	-0.701	-0.760	-0.760	-0.772	-0.775	-0.760	-0.780	-0.789	-0.441	-0.758	-0.759	-0.788	-0.758	-0.750	-0.795	-0.777	-0.781	-0.795	-0.777	-0.777	-0.771	-0.751	-0.804	-0.794	-0.725	-0.584	-0.763	-0.748	-0.794	-0.796	-0.749	-0.712	-0.798	-0.798	-0.772	-0.780	-0.774	-0.780	-0.794	-0.772	-0.756	-0.803	-0.752	-0.801	-0.804	-0.800	-0.799	-0.799	-0.797	-0.793	-0.771	-0.610	-0.785	-0.725	-0.701	-0.802	-0.797	-0.740	-0.729	-0.747	-0.740	-0.528	-0.755	-0.754	-0.544	-0.534	-0.535	-0.758	-0.757	-0.759	-0.757	-0.754	-0.756	-0.753	-0.759	-0.764	-0.765	-0.573	-0.760	-0.760	-0.765	-0.786	
