## Summary of overall evidence for association with region:
## log10(BF for region) = -0.548942
## p-value for region = NA

## BFs for choosing among multi-SNP models:
## log10(average 1-SNP BF) = -0.46896
## log10(average 2-SNP BF) = -0.774007

## Example posterior probabilities for multi-SNP models, based on default prior: [p(l) propto 0.5^l for l=1,2,...,L]
## posterior probability of 1-SNP = 0.801476
## posterior probability of 2-SNP = 0.198524

## log10(BF) for single SNP and pair of SNPs:
rs43120        -0.572	-0.703	-0.702	-0.695	-0.705	-0.705	-0.705	-0.745	-0.742	-0.696	-0.691	-0.687	-0.696	-0.684	-1.019	-0.834	-0.999	-0.853	-0.862	-0.854	-0.850	-0.875	-0.878	-1.013	-1.012	-1.004	-0.875	-0.873	-0.875	-1.019	-0.874	-0.875	-0.875	-0.870	-0.870	-1.037	-0.870	-0.759	-0.870	-1.020	-0.870	-1.027	-1.029	-1.049	-0.806	-1.050	-1.051	-0.870	-1.051	-0.870	-0.870	-0.867	-0.869	-0.886	-1.050	-0.962	-1.062	-0.889	-1.047	-0.907	-1.056	-1.053	-1.048	-0.912	-0.911	-1.001	-0.865	-0.890	-0.877	-0.878	-0.931	-0.877	-0.883	-1.052	-0.937	-0.672	-1.052	-0.883	-0.885	-0.828	-0.931	-0.884	-0.887	-0.703	-0.892	-0.896	-0.831	-0.933	-0.725	-0.709	-0.708	-0.914	-0.905	-0.794	-0.727	-0.773	-0.883	-0.910	-0.905	-0.912	-0.818	-0.860	-0.976	-0.992	-1.012	-0.952	-0.993	-1.026	-1.014	-0.948	-0.948	-0.952	-0.947	-0.952	-0.856	-0.856	-0.857	-0.849	-0.894	-0.881	-1.073	-0.888	-0.884	-0.810	-1.072	-0.898	-0.889	-0.888	-0.870	-0.874	-0.787	-0.884	-0.881	-1.071	-0.871	-0.912	-0.899	-0.865	-1.068	-1.073	-0.782	-0.529	-0.777	-0.830	-0.493	-0.775	-0.720	-0.959	-0.980	-0.833	-0.942	-0.710	-0.786	-0.785	-0.944	-0.822	-0.783	-0.784	-0.854	-0.788	-0.967	-0.750	-0.963	-0.769	-0.769	-0.750	-0.943	-0.948	-0.768	-0.798	-0.753	-0.753	
rs1468202      -0.703	-0.572	-0.703	-0.693	-0.705	-0.705	-0.705	-0.745	-0.741	-0.695	-0.689	-0.685	-0.694	-0.681	-1.019	-0.835	-0.999	-0.853	-0.862	-0.854	-0.850	-0.875	-0.877	-1.013	-1.013	-1.004	-0.875	-0.873	-0.875	-1.019	-0.875	-0.875	-0.876	-0.870	-0.870	-1.037	-0.870	-0.758	-0.870	-1.021	-0.870	-1.027	-1.029	-1.049	-0.805	-1.050	-1.051	-0.871	-1.051	-0.870	-0.870	-0.867	-0.868	-0.886	-1.050	-0.963	-1.063	-0.889	-1.048	-0.907	-1.056	-1.054	-1.048	-0.912	-0.911	-1.002	-0.866	-0.890	-0.877	-0.879	-0.931	-0.877	-0.883	-1.052	-0.937	-0.672	-1.053	-0.883	-0.886	-0.828	-0.931	-0.885	-0.888	-0.703	-0.893	-0.896	-0.831	-0.933	-0.725	-0.709	-0.708	-0.914	-0.905	-0.794	-0.728	-0.773	-0.883	-0.910	-0.905	-0.913	-0.818	-0.860	-0.977	-0.992	-1.013	-0.952	-0.994	-1.026	-1.014	-0.948	-0.948	-0.952	-0.947	-0.953	-0.857	-0.857	-0.857	-0.850	-0.894	-0.882	-1.073	-0.888	-0.884	-0.811	-1.072	-0.899	-0.890	-0.889	-0.870	-0.874	-0.787	-0.884	-0.881	-1.071	-0.871	-0.912	-0.899	-0.866	-1.068	-1.073	-0.782	-0.529	-0.778	-0.831	-0.493	-0.775	-0.721	-0.959	-0.980	-0.833	-0.943	-0.711	-0.786	-0.785	-0.944	-0.822	-0.784	-0.784	-0.854	-0.788	-0.968	-0.750	-0.963	-0.769	-0.769	-0.750	-0.944	-0.948	-0.768	-0.798	-0.753	-0.753	
rs43121        -0.702	-0.703	-0.572	-0.695	-0.705	-0.705	-0.705	-0.745	-0.742	-0.696	-0.691	-0.687	-0.696	-0.684	-1.019	-0.834	-0.999	-0.853	-0.862	-0.854	-0.850	-0.875	-0.878	-1.013	-1.012	-1.004	-0.875	-0.873	-0.875	-1.019	-0.874	-0.875	-0.875	-0.870	-0.870	-1.037	-0.870	-0.759	-0.870	-1.020	-0.870	-1.027	-1.029	-1.049	-0.806	-1.050	-1.051	-0.870	-1.051	-0.870	-0.870	-0.867	-0.869	-0.886	-1.050	-0.962	-1.062	-0.889	-1.047	-0.907	-1.056	-1.053	-1.048	-0.912	-0.911	-1.001	-0.865	-0.890	-0.877	-0.878	-0.931	-0.877	-0.883	-1.052	-0.937	-0.672	-1.052	-0.883	-0.885	-0.828	-0.931	-0.884	-0.887	-0.703	-0.892	-0.896	-0.831	-0.933	-0.725	-0.709	-0.708	-0.914	-0.905	-0.794	-0.727	-0.773	-0.883	-0.910	-0.905	-0.912	-0.818	-0.860	-0.976	-0.992	-1.012	-0.952	-0.993	-1.026	-1.014	-0.948	-0.948	-0.952	-0.947	-0.952	-0.856	-0.856	-0.857	-0.849	-0.894	-0.881	-1.073	-0.888	-0.884	-0.810	-1.072	-0.898	-0.889	-0.888	-0.870	-0.874	-0.787	-0.884	-0.881	-1.071	-0.871	-0.912	-0.899	-0.865	-1.068	-1.073	-0.782	-0.529	-0.777	-0.830	-0.493	-0.775	-0.720	-0.959	-0.980	-0.833	-0.942	-0.710	-0.786	-0.785	-0.944	-0.822	-0.783	-0.784	-0.854	-0.788	-0.967	-0.750	-0.963	-0.769	-0.769	-0.750	-0.943	-0.948	-0.768	-0.798	-0.753	-0.753	
rs43124        -0.695	-0.693	-0.695	-0.544	-0.693	-0.693	-0.692	-0.746	-0.748	-0.718	-0.721	-0.723	-0.696	-0.725	-0.985	-0.804	-0.969	-0.824	-0.834	-0.825	-0.821	-0.874	-0.876	-0.978	-0.977	-0.964	-0.847	-0.845	-0.847	-0.995	-0.847	-0.847	-0.848	-0.844	-0.843	-1.006	-0.844	-0.773	-0.844	-0.984	-0.844	-0.992	-0.995	-1.025	-0.815	-1.026	-1.026	-0.844	-1.026	-0.844	-0.844	-0.868	-0.869	-0.883	-1.019	-0.917	-1.032	-0.881	-1.016	-0.882	-1.024	-1.020	-1.016	-0.886	-0.885	-0.962	-0.831	-0.856	-0.842	-0.844	-0.902	-0.842	-0.849	-1.025	-0.908	-0.647	-1.025	-0.848	-0.851	-0.799	-0.902	-0.850	-0.853	-0.678	-0.858	-0.862	-0.803	-0.904	-0.700	-0.684	-0.683	-0.880	-0.871	-0.766	-0.703	-0.748	-0.847	-0.876	-0.871	-0.879	-0.794	-0.822	-0.952	-0.961	-0.984	-0.929	-0.964	-0.998	-0.985	-0.924	-0.924	-0.928	-0.924	-0.919	-0.830	-0.830	-0.831	-0.814	-0.869	-0.857	-1.046	-0.863	-0.859	-0.782	-1.046	-0.863	-0.865	-0.864	-0.835	-0.850	-0.751	-0.859	-0.857	-1.045	-0.836	-0.876	-0.875	-0.830	-1.041	-1.046	-0.758	-0.494	-0.753	-0.794	-0.457	-0.751	-0.695	-0.926	-0.948	-0.797	-0.908	-0.673	-0.755	-0.761	-0.910	-0.786	-0.760	-0.760	-0.817	-0.764	-0.934	-0.726	-0.929	-0.745	-0.746	-0.726	-0.908	-0.913	-0.745	-0.774	-0.730	-0.730	
rs43125        -0.705	-0.705	-0.705	-0.693	-0.572	-0.703	-0.703	-0.744	-0.740	-0.691	-0.685	-0.680	-0.692	-0.678	-1.019	-0.835	-0.999	-0.853	-0.862	-0.854	-0.850	-0.874	-0.877	-1.013	-1.012	-1.004	-0.875	-0.873	-0.875	-1.019	-0.875	-0.875	-0.876	-0.870	-0.870	-1.037	-0.870	-0.757	-0.870	-1.021	-0.870	-1.027	-1.029	-1.049	-0.804	-1.050	-1.051	-0.871	-1.051	-0.870	-0.870	-0.867	-0.868	-0.886	-1.050	-0.963	-1.062	-0.889	-1.048	-0.907	-1.056	-1.053	-1.048	-0.912	-0.911	-1.001	-0.866	-0.890	-0.877	-0.878	-0.931	-0.877	-0.883	-1.052	-0.937	-0.672	-1.053	-0.883	-0.886	-0.828	-0.931	-0.885	-0.887	-0.703	-0.893	-0.896	-0.831	-0.933	-0.725	-0.709	-0.708	-0.914	-0.905	-0.794	-0.728	-0.773	-0.883	-0.910	-0.905	-0.913	-0.818	-0.860	-0.977	-0.992	-1.013	-0.952	-0.993	-1.026	-1.014	-0.948	-0.948	-0.952	-0.947	-0.952	-0.857	-0.857	-0.857	-0.850	-0.894	-0.881	-1.073	-0.888	-0.884	-0.811	-1.072	-0.899	-0.890	-0.888	-0.870	-0.874	-0.787	-0.884	-0.881	-1.071	-0.871	-0.912	-0.899	-0.865	-1.068	-1.073	-0.782	-0.529	-0.777	-0.831	-0.493	-0.775	-0.721	-0.959	-0.980	-0.833	-0.943	-0.711	-0.786	-0.785	-0.944	-0.822	-0.783	-0.784	-0.854	-0.788	-0.967	-0.750	-0.963	-0.769	-0.769	-0.750	-0.943	-0.948	-0.768	-0.798	-0.753	-0.753	
rs43126        -0.705	-0.705	-0.705	-0.693	-0.703	-0.572	-0.703	-0.744	-0.740	-0.691	-0.685	-0.680	-0.692	-0.678	-1.019	-0.835	-0.999	-0.853	-0.862	-0.854	-0.850	-0.874	-0.877	-1.013	-1.012	-1.004	-0.875	-0.873	-0.875	-1.019	-0.874	-0.875	-0.876	-0.870	-0.870	-1.037	-0.870	-0.758	-0.870	-1.020	-0.870	-1.027	-1.029	-1.049	-0.805	-1.050	-1.051	-0.871	-1.051	-0.870	-0.870	-0.867	-0.868	-0.886	-1.050	-0.962	-1.062	-0.889	-1.048	-0.907	-1.056	-1.053	-1.048	-0.912	-0.911	-1.001	-0.866	-0.890	-0.877	-0.878	-0.931	-0.877	-0.883	-1.052	-0.937	-0.672	-1.053	-0.883	-0.886	-0.828	-0.931	-0.885	-0.887	-0.703	-0.893	-0.896	-0.831	-0.933	-0.725	-0.709	-0.708	-0.914	-0.905	-0.794	-0.728	-0.773	-0.883	-0.910	-0.905	-0.912	-0.818	-0.860	-0.976	-0.992	-1.013	-0.952	-0.993	-1.026	-1.014	-0.948	-0.948	-0.952	-0.947	-0.952	-0.856	-0.856	-0.857	-0.849	-0.894	-0.881	-1.073	-0.888	-0.884	-0.810	-1.072	-0.898	-0.890	-0.888	-0.870	-0.874	-0.787	-0.884	-0.881	-1.071	-0.871	-0.912	-0.899	-0.865	-1.068	-1.073	-0.782	-0.529	-0.777	-0.831	-0.493	-0.775	-0.721	-0.959	-0.980	-0.833	-0.942	-0.711	-0.786	-0.785	-0.944	-0.822	-0.783	-0.784	-0.854	-0.788	-0.967	-0.750	-0.963	-0.769	-0.769	-0.750	-0.943	-0.948	-0.768	-0.798	-0.753	-0.753	
rs336          -0.705	-0.705	-0.705	-0.692	-0.703	-0.703	-0.572	-0.744	-0.740	-0.691	-0.684	-0.680	-0.692	-0.677	-1.019	-0.835	-0.999	-0.853	-0.862	-0.854	-0.850	-0.874	-0.877	-1.013	-1.012	-1.004	-0.875	-0.873	-0.875	-1.019	-0.875	-0.875	-0.876	-0.870	-0.870	-1.037	-0.870	-0.757	-0.870	-1.021	-0.870	-1.027	-1.029	-1.049	-0.804	-1.050	-1.051	-0.871	-1.051	-0.870	-0.870	-0.867	-0.868	-0.885	-1.050	-0.963	-1.062	-0.889	-1.048	-0.907	-1.056	-1.053	-1.048	-0.912	-0.911	-1.001	-0.866	-0.890	-0.877	-0.878	-0.931	-0.877	-0.883	-1.052	-0.937	-0.672	-1.053	-0.883	-0.886	-0.828	-0.931	-0.885	-0.887	-0.703	-0.893	-0.896	-0.831	-0.933	-0.725	-0.709	-0.708	-0.914	-0.905	-0.794	-0.728	-0.773	-0.883	-0.910	-0.905	-0.913	-0.818	-0.860	-0.977	-0.992	-1.013	-0.952	-0.993	-1.026	-1.014	-0.948	-0.948	-0.952	-0.947	-0.952	-0.857	-0.857	-0.857	-0.850	-0.894	-0.881	-1.073	-0.888	-0.884	-0.811	-1.072	-0.899	-0.890	-0.888	-0.870	-0.874	-0.787	-0.884	-0.881	-1.071	-0.871	-0.912	-0.899	-0.865	-1.068	-1.073	-0.782	-0.529	-0.777	-0.831	-0.493	-0.775	-0.721	-0.959	-0.980	-0.833	-0.943	-0.711	-0.786	-0.785	-0.944	-0.822	-0.783	-0.784	-0.854	-0.788	-0.967	-0.750	-0.963	-0.769	-0.769	-0.750	-0.943	-0.948	-0.768	-0.798	-0.753	-0.753	
rs10241805     -0.745	-0.745	-0.745	-0.746	-0.744	-0.744	-0.744	-0.556	-0.684	-0.746	-0.745	-0.744	-0.745	-0.741	-1.005	-0.818	-0.983	-0.837	-0.846	-0.838	-0.833	-0.875	-0.877	-0.999	-0.998	-0.989	-0.859	-0.857	-0.859	-1.008	-0.859	-0.859	-0.860	-0.855	-0.854	-1.023	-0.855	-0.765	-0.855	-1.005	-0.854	-1.012	-1.014	-1.037	-0.809	-1.038	-1.039	-0.855	-1.039	-0.855	-0.854	-0.866	-0.868	-0.885	-1.036	-0.946	-1.048	-0.883	-1.032	-0.892	-1.041	-1.038	-1.033	-0.896	-0.896	-0.985	-0.846	-0.871	-0.857	-0.859	-0.914	-0.858	-0.864	-1.036	-0.920	-0.657	-1.037	-0.863	-0.866	-0.812	-0.914	-0.865	-0.868	-0.688	-0.873	-0.877	-0.815	-0.915	-0.710	-0.694	-0.693	-0.895	-0.886	-0.778	-0.713	-0.758	-0.865	-0.891	-0.886	-0.894	-0.803	-0.842	-0.962	-0.976	-0.996	-0.938	-0.976	-1.010	-0.998	-0.934	-0.933	-0.937	-0.933	-0.935	-0.841	-0.841	-0.841	-0.830	-0.879	-0.867	-1.057	-0.873	-0.869	-0.794	-1.057	-0.881	-0.875	-0.874	-0.851	-0.859	-0.769	-0.869	-0.866	-1.056	-0.851	-0.894	-0.884	-0.846	-1.052	-1.057	-0.767	-0.511	-0.763	-0.811	-0.475	-0.760	-0.705	-0.942	-0.963	-0.813	-0.925	-0.690	-0.769	-0.770	-0.927	-0.802	-0.769	-0.769	-0.837	-0.774	-0.952	-0.735	-0.947	-0.754	-0.755	-0.735	-0.928	-0.932	-0.754	-0.783	-0.739	-0.739	
rs10228092     -0.742	-0.741	-0.742	-0.748	-0.740	-0.740	-0.740	-0.684	-0.555	-0.745	-0.745	-0.744	-0.748	-0.743	-1.003	-0.816	-0.981	-0.835	-0.845	-0.836	-0.832	-0.876	-0.878	-0.998	-0.997	-0.987	-0.858	-0.856	-0.858	-1.007	-0.857	-0.858	-0.858	-0.853	-0.853	-1.021	-0.854	-0.767	-0.854	-1.003	-0.853	-1.010	-1.012	-1.036	-0.811	-1.037	-1.038	-0.854	-1.038	-0.854	-0.853	-0.868	-0.869	-0.886	-1.034	-0.943	-1.046	-0.884	-1.031	-0.891	-1.039	-1.036	-1.031	-0.895	-0.895	-0.982	-0.844	-0.869	-0.855	-0.857	-0.912	-0.855	-0.862	-1.035	-0.918	-0.656	-1.036	-0.861	-0.864	-0.811	-0.912	-0.863	-0.866	-0.687	-0.871	-0.875	-0.814	-0.914	-0.709	-0.693	-0.692	-0.893	-0.884	-0.776	-0.712	-0.757	-0.864	-0.889	-0.884	-0.892	-0.802	-0.840	-0.961	-0.974	-0.994	-0.937	-0.975	-1.009	-0.997	-0.933	-0.932	-0.936	-0.932	-0.933	-0.840	-0.840	-0.840	-0.828	-0.878	-0.866	-1.056	-0.872	-0.868	-0.793	-1.055	-0.879	-0.874	-0.873	-0.849	-0.858	-0.767	-0.868	-0.865	-1.055	-0.849	-0.892	-0.883	-0.844	-1.051	-1.056	-0.766	-0.509	-0.762	-0.808	-0.473	-0.759	-0.704	-0.940	-0.961	-0.811	-0.923	-0.688	-0.767	-0.769	-0.925	-0.800	-0.768	-0.768	-0.835	-0.773	-0.950	-0.734	-0.945	-0.753	-0.754	-0.734	-0.926	-0.930	-0.753	-0.782	-0.738	-0.738	
rs43129        -0.696	-0.695	-0.696	-0.718	-0.691	-0.691	-0.691	-0.746	-0.745	-0.567	-0.696	-0.694	-0.712	-0.697	-1.011	-0.828	-0.992	-0.847	-0.856	-0.848	-0.843	-0.878	-0.880	-1.005	-1.004	-0.994	-0.869	-0.867	-0.869	-1.015	-0.869	-0.869	-0.870	-0.865	-0.864	-1.030	-0.865	-0.766	-0.865	-1.012	-0.865	-1.019	-1.021	-1.045	-0.812	-1.046	-1.047	-0.865	-1.046	-0.865	-0.865	-0.871	-0.872	-0.889	-1.043	-0.951	-1.056	-0.890	-1.040	-0.902	-1.049	-1.046	-1.041	-0.907	-0.906	-0.992	-0.856	-0.881	-0.867	-0.869	-0.925	-0.868	-0.874	-1.046	-0.931	-0.667	-1.047	-0.874	-0.876	-0.822	-0.925	-0.875	-0.878	-0.697	-0.883	-0.887	-0.825	-0.927	-0.720	-0.704	-0.703	-0.905	-0.896	-0.788	-0.722	-0.768	-0.874	-0.901	-0.896	-0.904	-0.813	-0.851	-0.972	-0.984	-1.006	-0.948	-0.986	-1.020	-1.007	-0.944	-0.943	-0.947	-0.943	-0.944	-0.851	-0.851	-0.851	-0.840	-0.889	-0.877	-1.067	-0.883	-0.879	-0.805	-1.066	-0.889	-0.885	-0.884	-0.861	-0.869	-0.777	-0.879	-0.876	-1.066	-0.862	-0.902	-0.894	-0.856	-1.062	-1.067	-0.777	-0.520	-0.773	-0.821	-0.484	-0.770	-0.715	-0.951	-0.972	-0.823	-0.934	-0.700	-0.779	-0.780	-0.936	-0.812	-0.779	-0.779	-0.845	-0.784	-0.960	-0.745	-0.955	-0.764	-0.765	-0.745	-0.935	-0.940	-0.764	-0.793	-0.749	-0.749	
rs4727156      -0.691	-0.689	-0.691	-0.721	-0.685	-0.685	-0.684	-0.745	-0.745	-0.696	-0.565	-0.694	-0.714	-0.699	-1.009	-0.826	-0.990	-0.845	-0.854	-0.846	-0.842	-0.879	-0.881	-1.003	-1.003	-0.992	-0.868	-0.865	-0.868	-1.014	-0.867	-0.867	-0.868	-0.863	-0.863	-1.029	-0.864	-0.768	-0.864	-1.010	-0.863	-1.017	-1.019	-1.044	-0.813	-1.044	-1.045	-0.864	-1.045	-0.864	-0.863	-0.871	-0.873	-0.889	-1.042	-0.948	-1.055	-0.890	-1.039	-0.901	-1.047	-1.044	-1.039	-0.905	-0.905	-0.990	-0.854	-0.879	-0.865	-0.867	-0.923	-0.866	-0.872	-1.045	-0.929	-0.666	-1.045	-0.871	-0.874	-0.821	-0.923	-0.873	-0.876	-0.696	-0.881	-0.885	-0.824	-0.925	-0.718	-0.703	-0.702	-0.903	-0.894	-0.787	-0.721	-0.767	-0.873	-0.899	-0.894	-0.902	-0.812	-0.849	-0.970	-0.983	-1.005	-0.947	-0.985	-1.018	-1.006	-0.942	-0.942	-0.946	-0.942	-0.942	-0.850	-0.850	-0.850	-0.838	-0.888	-0.875	-1.066	-0.881	-0.878	-0.803	-1.065	-0.887	-0.883	-0.882	-0.859	-0.868	-0.775	-0.877	-0.875	-1.064	-0.859	-0.900	-0.893	-0.854	-1.061	-1.066	-0.776	-0.518	-0.771	-0.819	-0.482	-0.769	-0.714	-0.949	-0.970	-0.821	-0.932	-0.698	-0.777	-0.779	-0.934	-0.810	-0.778	-0.778	-0.844	-0.782	-0.958	-0.744	-0.953	-0.763	-0.764	-0.744	-0.934	-0.938	-0.763	-0.792	-0.748	-0.747	
rs12386756     -0.687	-0.685	-0.687	-0.723	-0.680	-0.680	-0.680	-0.744	-0.744	-0.694	-0.694	-0.564	-0.716	-0.700	-1.008	-0.825	-0.989	-0.844	-0.853	-0.845	-0.841	-0.879	-0.881	-1.002	-1.001	-0.991	-0.867	-0.864	-0.867	-1.013	-0.866	-0.866	-0.867	-0.862	-0.862	-1.027	-0.863	-0.769	-0.863	-1.008	-0.862	-1.016	-1.018	-1.043	-0.814	-1.044	-1.045	-0.863	-1.044	-0.863	-0.862	-0.872	-0.873	-0.889	-1.040	-0.946	-1.053	-0.890	-1.038	-0.900	-1.046	-1.043	-1.038	-0.904	-0.904	-0.988	-0.853	-0.877	-0.864	-0.865	-0.922	-0.864	-0.871	-1.044	-0.928	-0.665	-1.044	-0.870	-0.873	-0.819	-0.922	-0.872	-0.875	-0.695	-0.880	-0.884	-0.823	-0.924	-0.717	-0.702	-0.701	-0.902	-0.893	-0.786	-0.720	-0.766	-0.871	-0.898	-0.893	-0.900	-0.811	-0.848	-0.969	-0.981	-1.004	-0.946	-0.984	-1.017	-1.005	-0.942	-0.941	-0.945	-0.941	-0.940	-0.849	-0.849	-0.849	-0.836	-0.887	-0.874	-1.065	-0.881	-0.877	-0.802	-1.064	-0.885	-0.883	-0.881	-0.857	-0.867	-0.774	-0.877	-0.874	-1.063	-0.858	-0.899	-0.892	-0.853	-1.060	-1.065	-0.775	-0.516	-0.771	-0.817	-0.480	-0.768	-0.713	-0.948	-0.969	-0.819	-0.930	-0.696	-0.776	-0.778	-0.932	-0.808	-0.777	-0.777	-0.842	-0.782	-0.957	-0.743	-0.952	-0.762	-0.763	-0.743	-0.932	-0.937	-0.762	-0.791	-0.747	-0.747	
rs12704392     -0.696	-0.694	-0.696	-0.696	-0.692	-0.692	-0.692	-0.745	-0.748	-0.712	-0.714	-0.716	-0.543	-0.713	-0.981	-0.802	-0.966	-0.822	-0.832	-0.823	-0.819	-0.872	-0.873	-0.974	-0.973	-0.959	-0.846	-0.843	-0.846	-0.992	-0.845	-0.845	-0.846	-0.842	-0.842	-1.003	-0.843	-0.771	-0.843	-0.980	-0.842	-0.989	-0.991	-1.023	-0.813	-1.024	-1.024	-0.843	-1.024	-0.842	-0.842	-0.866	-0.867	-0.881	-1.016	-0.912	-1.030	-0.879	-1.014	-0.880	-1.021	-1.018	-1.014	-0.884	-0.884	-0.958	-0.829	-0.854	-0.840	-0.842	-0.901	-0.841	-0.847	-1.023	-0.907	-0.646	-1.024	-0.847	-0.850	-0.798	-0.900	-0.848	-0.851	-0.677	-0.857	-0.860	-0.802	-0.902	-0.699	-0.683	-0.683	-0.879	-0.870	-0.764	-0.702	-0.747	-0.844	-0.874	-0.869	-0.877	-0.793	-0.820	-0.950	-0.959	-0.983	-0.927	-0.962	-0.997	-0.983	-0.923	-0.923	-0.927	-0.922	-0.917	-0.829	-0.829	-0.829	-0.812	-0.868	-0.856	-1.045	-0.862	-0.858	-0.781	-1.044	-0.861	-0.864	-0.863	-0.833	-0.849	-0.749	-0.858	-0.856	-1.043	-0.834	-0.874	-0.874	-0.829	-1.040	-1.045	-0.757	-0.492	-0.752	-0.793	-0.456	-0.750	-0.694	-0.924	-0.946	-0.795	-0.906	-0.671	-0.752	-0.760	-0.908	-0.784	-0.759	-0.759	-0.815	-0.763	-0.932	-0.725	-0.927	-0.744	-0.745	-0.725	-0.906	-0.911	-0.744	-0.773	-0.729	-0.729	
rs12704396     -0.684	-0.681	-0.684	-0.725	-0.678	-0.678	-0.677	-0.741	-0.743	-0.697	-0.699	-0.700	-0.713	-0.553	-0.992	-0.812	-0.976	-0.832	-0.841	-0.833	-0.828	-0.873	-0.875	-0.986	-0.985	-0.973	-0.855	-0.853	-0.855	-1.001	-0.854	-0.855	-0.856	-0.851	-0.851	-1.013	-0.852	-0.769	-0.852	-0.991	-0.851	-1.000	-1.002	-1.031	-0.812	-1.032	-1.033	-0.852	-1.033	-0.851	-0.851	-0.867	-0.868	-0.884	-1.026	-0.925	-1.040	-0.883	-1.024	-0.890	-1.032	-1.029	-1.024	-0.894	-0.893	-0.972	-0.838	-0.863	-0.850	-0.851	-0.910	-0.850	-0.857	-1.032	-0.917	-0.654	-1.033	-0.856	-0.859	-0.808	-0.910	-0.858	-0.861	-0.685	-0.866	-0.870	-0.811	-0.912	-0.707	-0.691	-0.691	-0.888	-0.879	-0.774	-0.710	-0.756	-0.857	-0.884	-0.879	-0.887	-0.801	-0.832	-0.959	-0.969	-0.992	-0.936	-0.972	-1.006	-0.993	-0.932	-0.932	-0.935	-0.931	-0.926	-0.838	-0.838	-0.838	-0.822	-0.877	-0.864	-1.054	-0.871	-0.867	-0.791	-1.053	-0.871	-0.872	-0.871	-0.843	-0.857	-0.760	-0.867	-0.864	-1.053	-0.844	-0.884	-0.882	-0.839	-1.049	-1.054	-0.765	-0.503	-0.761	-0.803	-0.467	-0.758	-0.703	-0.934	-0.956	-0.805	-0.917	-0.681	-0.763	-0.768	-0.919	-0.794	-0.767	-0.767	-0.827	-0.772	-0.944	-0.733	-0.939	-0.752	-0.753	-0.734	-0.918	-0.923	-0.752	-0.781	-0.737	-0.737	
rs7800039      -1.019	-1.019	-1.019	-0.985	-1.019	-1.019	-1.019	-1.005	-1.003	-1.011	-1.009	-1.008	-0.981	-0.992	-0.642	-0.899	-1.050	-0.917	-0.926	-0.918	-0.914	-0.906	-0.909	-0.954	-0.954	-0.949	-0.939	-0.936	-0.938	-0.986	-0.938	-0.938	-0.939	-0.933	-0.933	-1.092	-0.933	-0.778	-0.933	-1.080	-0.933	-1.085	-1.086	-1.105	-0.830	-1.106	-1.108	-0.934	-1.108	-0.933	-0.933	-0.903	-0.905	-0.925	-1.113	-1.027	-1.130	-0.928	-1.114	-0.974	-1.128	-1.126	-1.114	-0.979	-0.978	-1.075	-0.939	-0.962	-0.949	-0.951	-0.996	-0.949	-0.956	-1.108	-1.002	-0.722	-1.109	-0.955	-0.958	-0.891	-0.996	-0.957	-0.960	-0.754	-0.965	-0.969	-0.893	-0.997	-0.777	-0.761	-0.760	-0.986	-0.977	-0.856	-0.780	-0.827	-0.941	-0.982	-0.977	-0.984	-0.874	-0.918	-1.036	-1.063	-1.080	-1.013	-1.062	-1.093	-1.083	-1.009	-1.009	-1.012	-1.008	-1.024	-0.911	-0.911	-0.911	-0.923	-0.951	-0.939	-1.128	-0.945	-0.941	-0.871	-1.128	-0.972	-0.947	-0.946	-0.943	-0.932	-0.863	-0.941	-0.939	-1.127	-0.944	-0.986	-0.957	-0.938	-1.124	-1.131	-0.838	-0.601	-0.833	-0.904	-0.566	-0.831	-0.776	-1.033	-1.052	-0.906	-1.017	-0.785	-0.857	-0.842	-1.019	-0.896	-0.840	-0.841	-0.914	-0.845	-1.032	-0.806	-1.027	-0.826	-0.826	-0.806	-1.009	-1.014	-0.825	-0.855	-0.810	-0.810	
rs28406056     -0.834	-0.835	-0.834	-0.804	-0.835	-0.835	-0.835	-0.818	-0.816	-0.828	-0.826	-0.825	-0.802	-0.812	-0.899	-0.404	-0.820	-0.555	-0.543	-0.555	-0.558	-0.772	-0.774	-0.896	-0.896	-0.893	-0.546	-0.547	-0.546	-0.880	-0.554	-0.554	-0.550	-0.546	-0.547	-0.902	-0.544	-0.657	-0.547	-0.896	-0.552	-0.900	-0.900	-0.903	-0.699	-0.904	-0.906	-0.551	-0.907	-0.558	-0.561	-0.751	-0.752	-0.769	-0.914	-0.854	-0.906	-0.748	-0.908	-0.690	-0.899	-0.895	-0.908	-0.684	-0.687	-0.834	-0.738	-0.761	-0.749	-0.750	-0.774	-0.749	-0.755	-0.905	-0.780	-0.520	-0.905	-0.754	-0.757	-0.677	-0.774	-0.756	-0.758	-0.550	-0.763	-0.767	-0.679	-0.776	-0.573	-0.557	-0.556	-0.783	-0.774	-0.642	-0.576	-0.622	-0.746	-0.778	-0.773	-0.780	-0.668	-0.725	-0.812	-0.849	-0.865	-0.789	-0.847	-0.880	-0.870	-0.784	-0.784	-0.788	-0.783	-0.821	-0.706	-0.706	-0.706	-0.721	-0.744	-0.732	-0.919	-0.738	-0.734	-0.660	-0.919	-0.772	-0.740	-0.739	-0.741	-0.725	-0.635	-0.734	-0.732	-0.919	-0.741	-0.785	-0.750	-0.737	-0.917	-0.920	-0.633	-0.379	-0.628	-0.704	-0.343	-0.626	-0.573	-0.805	-0.824	-0.706	-0.788	-0.589	-0.638	-0.636	-0.789	-0.696	-0.635	-0.635	-0.719	-0.640	-0.804	-0.598	-0.799	-0.617	-0.618	-0.598	-0.777	-0.782	-0.617	-0.646	-0.602	-0.601	
rs73205960     -0.999	-0.999	-0.999	-0.969	-0.999	-0.999	-0.999	-0.983	-0.981	-0.992	-0.990	-0.989	-0.966	-0.976	-1.050	-0.820	-0.591	-0.839	-0.847	-0.840	-0.837	-0.931	-0.933	-1.049	-1.049	-1.046	-0.859	-0.858	-0.859	-1.029	-0.860	-0.860	-0.861	-0.857	-0.857	-1.076	-0.857	-0.815	-0.857	-1.062	-0.858	-1.069	-1.070	-1.077	-0.857	-1.077	-1.079	-0.858	-1.079	-0.859	-0.859	-0.911	-0.912	-0.929	-1.076	-1.012	-1.047	-0.910	-1.060	-0.912	-1.042	-1.038	-1.060	-0.915	-0.915	-0.975	-0.896	-0.920	-0.907	-0.908	-0.954	-0.907	-0.913	-1.071	-0.959	-0.660	-1.071	-0.913	-0.915	-0.848	-0.954	-0.914	-0.917	-0.692	-0.922	-0.926	-0.851	-0.955	-0.715	-0.699	-0.698	-0.942	-0.934	-0.814	-0.719	-0.767	-0.913	-0.940	-0.935	-0.942	-0.822	-0.892	-0.974	-1.019	-1.035	-0.951	-1.018	-1.048	-1.039	-0.946	-0.946	-0.950	-0.945	-0.982	-0.859	-0.859	-0.859	-0.883	-0.898	-0.885	-1.089	-0.892	-0.888	-0.831	-1.088	-0.932	-0.894	-0.893	-0.902	-0.878	-0.805	-0.888	-0.885	-1.088	-0.903	-0.945	-0.904	-0.897	-1.085	-1.092	-0.783	-0.548	-0.779	-0.864	-0.513	-0.776	-0.725	-0.991	-1.010	-0.866	-0.976	-0.746	-0.810	-0.787	-0.977	-0.855	-0.786	-0.786	-0.886	-0.791	-0.995	-0.749	-0.990	-0.769	-0.770	-0.749	-0.972	-0.976	-0.768	-0.799	-0.753	-0.753	
rs17351721     -0.853	-0.853	-0.853	-0.824	-0.853	-0.853	-0.853	-0.837	-0.835	-0.847	-0.845	-0.844	-0.822	-0.832	-0.917	-0.555	-0.839	-0.424	-0.548	-0.551	-0.545	-0.792	-0.794	-0.913	-0.913	-0.909	-0.567	-0.567	-0.568	-0.899	-0.575	-0.575	-0.572	-0.585	-0.585	-0.919	-0.584	-0.679	-0.586	-0.911	-0.589	-0.915	-0.916	-0.921	-0.720	-0.922	-0.924	-0.589	-0.925	-0.594	-0.596	-0.771	-0.772	-0.789	-0.931	-0.867	-0.926	-0.767	-0.923	-0.708	-0.920	-0.917	-0.923	-0.706	-0.708	-0.859	-0.751	-0.774	-0.762	-0.763	-0.793	-0.762	-0.768	-0.920	-0.799	-0.535	-0.921	-0.767	-0.770	-0.694	-0.793	-0.769	-0.772	-0.566	-0.776	-0.780	-0.697	-0.795	-0.588	-0.573	-0.572	-0.796	-0.788	-0.659	-0.591	-0.637	-0.761	-0.792	-0.787	-0.794	-0.683	-0.740	-0.831	-0.866	-0.882	-0.807	-0.864	-0.897	-0.887	-0.803	-0.803	-0.806	-0.802	-0.836	-0.721	-0.721	-0.722	-0.735	-0.759	-0.747	-0.936	-0.753	-0.749	-0.676	-0.936	-0.785	-0.755	-0.754	-0.754	-0.740	-0.656	-0.749	-0.747	-0.936	-0.755	-0.798	-0.765	-0.750	-0.933	-0.937	-0.648	-0.396	-0.643	-0.717	-0.360	-0.641	-0.587	-0.825	-0.844	-0.719	-0.808	-0.601	-0.656	-0.651	-0.809	-0.708	-0.649	-0.650	-0.734	-0.654	-0.825	-0.613	-0.820	-0.632	-0.633	-0.613	-0.799	-0.804	-0.632	-0.661	-0.617	-0.617	
rs4727163      -0.862	-0.862	-0.862	-0.834	-0.862	-0.862	-0.862	-0.846	-0.845	-0.856	-0.854	-0.853	-0.832	-0.841	-0.926	-0.543	-0.847	-0.548	-0.434	-0.543	-0.540	-0.802	-0.804	-0.922	-0.921	-0.918	-0.577	-0.576	-0.579	-0.908	-0.585	-0.585	-0.583	-0.600	-0.600	-0.928	-0.599	-0.690	-0.601	-0.919	-0.604	-0.923	-0.924	-0.931	-0.731	-0.932	-0.934	-0.604	-0.934	-0.608	-0.610	-0.782	-0.783	-0.800	-0.939	-0.874	-0.935	-0.777	-0.932	-0.719	-0.930	-0.927	-0.932	-0.717	-0.718	-0.871	-0.758	-0.782	-0.769	-0.770	-0.803	-0.769	-0.775	-0.928	-0.809	-0.544	-0.929	-0.775	-0.777	-0.703	-0.803	-0.776	-0.779	-0.574	-0.784	-0.787	-0.705	-0.805	-0.597	-0.581	-0.580	-0.804	-0.795	-0.668	-0.600	-0.646	-0.770	-0.800	-0.795	-0.802	-0.692	-0.748	-0.841	-0.875	-0.891	-0.817	-0.873	-0.906	-0.896	-0.813	-0.813	-0.816	-0.812	-0.843	-0.730	-0.730	-0.730	-0.742	-0.768	-0.755	-0.945	-0.762	-0.758	-0.685	-0.945	-0.793	-0.764	-0.763	-0.762	-0.748	-0.666	-0.758	-0.755	-0.945	-0.762	-0.806	-0.773	-0.757	-0.942	-0.946	-0.656	-0.406	-0.651	-0.724	-0.370	-0.649	-0.595	-0.835	-0.854	-0.726	-0.818	-0.608	-0.664	-0.659	-0.819	-0.715	-0.658	-0.658	-0.742	-0.662	-0.835	-0.622	-0.830	-0.641	-0.641	-0.622	-0.809	-0.814	-0.640	-0.670	-0.625	-0.625	
rs112980627    -0.854	-0.854	-0.854	-0.825	-0.854	-0.854	-0.854	-0.838	-0.836	-0.848	-0.846	-0.845	-0.823	-0.833	-0.918	-0.555	-0.840	-0.551	-0.543	-0.425	-0.539	-0.792	-0.794	-0.914	-0.914	-0.910	-0.561	-0.561	-0.562	-0.899	-0.571	-0.570	-0.567	-0.581	-0.582	-0.920	-0.580	-0.679	-0.582	-0.912	-0.586	-0.916	-0.917	-0.922	-0.720	-0.923	-0.925	-0.586	-0.925	-0.591	-0.593	-0.771	-0.773	-0.790	-0.932	-0.868	-0.927	-0.768	-0.925	-0.710	-0.921	-0.918	-0.925	-0.706	-0.708	-0.860	-0.753	-0.776	-0.763	-0.765	-0.794	-0.763	-0.769	-0.922	-0.800	-0.536	-0.922	-0.769	-0.771	-0.695	-0.794	-0.771	-0.773	-0.567	-0.778	-0.781	-0.698	-0.796	-0.589	-0.574	-0.573	-0.798	-0.789	-0.660	-0.592	-0.638	-0.763	-0.793	-0.789	-0.796	-0.685	-0.742	-0.832	-0.868	-0.883	-0.808	-0.865	-0.898	-0.888	-0.804	-0.804	-0.808	-0.803	-0.837	-0.723	-0.723	-0.723	-0.736	-0.761	-0.748	-0.938	-0.754	-0.751	-0.677	-0.937	-0.787	-0.756	-0.755	-0.756	-0.741	-0.658	-0.751	-0.748	-0.937	-0.757	-0.800	-0.766	-0.751	-0.934	-0.938	-0.649	-0.397	-0.644	-0.719	-0.361	-0.642	-0.588	-0.826	-0.845	-0.721	-0.809	-0.602	-0.657	-0.652	-0.810	-0.710	-0.651	-0.651	-0.735	-0.656	-0.826	-0.614	-0.820	-0.633	-0.634	-0.614	-0.799	-0.804	-0.633	-0.662	-0.618	-0.618	
rs12533888     -0.850	-0.850	-0.850	-0.821	-0.850	-0.850	-0.850	-0.833	-0.832	-0.843	-0.842	-0.841	-0.819	-0.828	-0.914	-0.558	-0.837	-0.545	-0.540	-0.539	-0.421	-0.787	-0.789	-0.910	-0.910	-0.907	-0.554	-0.554	-0.555	-0.895	-0.564	-0.563	-0.560	-0.574	-0.574	-0.916	-0.572	-0.674	-0.574	-0.908	-0.578	-0.913	-0.913	-0.918	-0.715	-0.919	-0.921	-0.578	-0.921	-0.584	-0.586	-0.766	-0.768	-0.785	-0.928	-0.865	-0.922	-0.763	-0.921	-0.705	-0.916	-0.913	-0.921	-0.701	-0.703	-0.855	-0.749	-0.772	-0.760	-0.761	-0.790	-0.760	-0.766	-0.918	-0.796	-0.532	-0.918	-0.765	-0.768	-0.691	-0.790	-0.767	-0.770	-0.563	-0.774	-0.778	-0.694	-0.792	-0.585	-0.570	-0.569	-0.794	-0.786	-0.656	-0.588	-0.634	-0.759	-0.790	-0.785	-0.792	-0.681	-0.738	-0.828	-0.863	-0.879	-0.804	-0.861	-0.894	-0.884	-0.799	-0.799	-0.803	-0.798	-0.833	-0.718	-0.718	-0.719	-0.733	-0.757	-0.744	-0.933	-0.750	-0.747	-0.673	-0.933	-0.783	-0.752	-0.751	-0.752	-0.737	-0.653	-0.747	-0.744	-0.933	-0.753	-0.796	-0.762	-0.748	-0.930	-0.934	-0.645	-0.392	-0.640	-0.715	-0.357	-0.638	-0.584	-0.821	-0.840	-0.717	-0.804	-0.599	-0.653	-0.648	-0.806	-0.706	-0.647	-0.647	-0.731	-0.652	-0.821	-0.610	-0.816	-0.629	-0.630	-0.610	-0.794	-0.799	-0.629	-0.658	-0.614	-0.614	
rs1987847      -0.875	-0.875	-0.875	-0.874	-0.874	-0.874	-0.874	-0.875	-0.876	-0.878	-0.879	-0.879	-0.872	-0.873	-0.906	-0.772	-0.931	-0.792	-0.802	-0.792	-0.787	-0.520	-0.648	-0.842	-0.838	-0.805	-0.819	-0.815	-0.818	-0.918	-0.817	-0.818	-0.819	-0.818	-0.818	-0.885	-0.819	-0.611	-0.819	-0.830	-0.818	-0.848	-0.855	-0.953	-0.675	-0.953	-0.951	-0.819	-0.950	-0.818	-0.818	-0.751	-0.751	-0.761	-0.917	-0.706	-0.956	-0.804	-0.935	-0.859	-0.946	-0.940	-0.936	-0.863	-0.863	-0.856	-0.726	-0.756	-0.739	-0.742	-0.869	-0.741	-0.749	-0.983	-0.875	-0.602	-0.984	-0.748	-0.752	-0.741	-0.868	-0.751	-0.754	-0.633	-0.762	-0.767	-0.750	-0.871	-0.656	-0.640	-0.640	-0.790	-0.779	-0.729	-0.659	-0.707	-0.744	-0.801	-0.795	-0.804	-0.764	-0.711	-0.925	-0.902	-0.938	-0.903	-0.912	-0.953	-0.934	-0.899	-0.899	-0.902	-0.898	-0.846	-0.799	-0.799	-0.799	-0.731	-0.841	-0.829	-1.017	-0.835	-0.831	-0.736	-1.016	-0.780	-0.837	-0.835	-0.755	-0.821	-0.690	-0.831	-0.828	-1.015	-0.756	-0.795	-0.846	-0.750	-1.010	-1.018	-0.728	-0.426	-0.724	-0.708	-0.388	-0.721	-0.664	-0.863	-0.890	-0.711	-0.842	-0.571	-0.724	-0.732	-0.845	-0.700	-0.731	-0.731	-0.711	-0.736	-0.864	-0.698	-0.857	-0.717	-0.717	-0.698	-0.830	-0.837	-0.716	-0.746	-0.701	-0.701	
rs10487012     -0.878	-0.877	-0.878	-0.876	-0.877	-0.877	-0.877	-0.877	-0.878	-0.880	-0.881	-0.881	-0.873	-0.875	-0.909	-0.774	-0.933	-0.794	-0.804	-0.794	-0.789	-0.648	-0.522	-0.844	-0.841	-0.808	-0.820	-0.817	-0.820	-0.920	-0.819	-0.820	-0.821	-0.820	-0.820	-0.888	-0.821	-0.607	-0.821	-0.832	-0.820	-0.851	-0.857	-0.955	-0.673	-0.955	-0.953	-0.821	-0.952	-0.820	-0.820	-0.751	-0.751	-0.761	-0.920	-0.709	-0.958	-0.805	-0.938	-0.861	-0.948	-0.942	-0.938	-0.865	-0.865	-0.858	-0.729	-0.759	-0.742	-0.745	-0.871	-0.744	-0.752	-0.985	-0.877	-0.604	-0.986	-0.751	-0.754	-0.743	-0.870	-0.753	-0.757	-0.635	-0.764	-0.769	-0.752	-0.873	-0.658	-0.642	-0.642	-0.793	-0.781	-0.731	-0.661	-0.709	-0.746	-0.803	-0.797	-0.807	-0.766	-0.713	-0.927	-0.904	-0.940	-0.905	-0.914	-0.955	-0.936	-0.901	-0.901	-0.904	-0.900	-0.848	-0.801	-0.801	-0.801	-0.733	-0.843	-0.830	-1.019	-0.836	-0.833	-0.738	-1.018	-0.782	-0.838	-0.837	-0.758	-0.823	-0.693	-0.832	-0.830	-1.017	-0.758	-0.798	-0.848	-0.752	-1.012	-1.019	-0.730	-0.429	-0.726	-0.711	-0.391	-0.723	-0.665	-0.865	-0.892	-0.714	-0.844	-0.573	-0.726	-0.734	-0.847	-0.703	-0.733	-0.733	-0.714	-0.738	-0.867	-0.699	-0.860	-0.719	-0.719	-0.699	-0.833	-0.839	-0.718	-0.748	-0.703	-0.703	
rs2191472      -1.013	-1.013	-1.013	-0.978	-1.013	-1.013	-1.013	-0.999	-0.998	-1.005	-1.003	-1.002	-0.974	-0.986	-0.954	-0.896	-1.049	-0.913	-0.922	-0.914	-0.910	-0.842	-0.844	-0.637	-0.773	-0.770	-0.934	-0.932	-0.934	-0.889	-0.933	-0.934	-0.934	-0.928	-0.928	-1.094	-0.928	-0.686	-0.928	-1.082	-0.928	-1.087	-1.088	-1.106	-0.755	-1.107	-1.109	-0.929	-1.109	-0.929	-0.928	-0.846	-0.847	-0.871	-1.114	-1.030	-1.128	-0.887	-1.113	-0.969	-1.126	-1.124	-1.113	-0.974	-0.973	-1.074	-0.925	-0.950	-0.936	-0.938	-0.989	-0.937	-0.943	-1.093	-0.995	-0.726	-1.094	-0.943	-0.945	-0.883	-0.989	-0.944	-0.947	-0.756	-0.952	-0.956	-0.886	-0.991	-0.779	-0.763	-0.763	-0.974	-0.965	-0.850	-0.782	-0.828	-0.931	-0.973	-0.968	-0.976	-0.876	-0.907	-1.036	-1.055	-1.073	-1.012	-1.055	-1.086	-1.075	-1.008	-1.008	-1.011	-1.007	-1.016	-0.914	-0.914	-0.914	-0.914	-0.953	-0.940	-1.118	-0.946	-0.943	-0.865	-1.117	-0.963	-0.948	-0.947	-0.934	-0.933	-0.861	-0.942	-0.940	-1.117	-0.935	-0.976	-0.958	-0.930	-1.114	-1.122	-0.840	-0.602	-0.836	-0.895	-0.566	-0.834	-0.779	-1.025	-1.045	-0.897	-1.009	-0.775	-0.852	-0.844	-1.011	-0.887	-0.842	-0.843	-0.904	-0.847	-1.024	-0.809	-1.019	-0.828	-0.828	-0.809	-1.001	-1.005	-0.827	-0.857	-0.812	-0.812	
rs2191473      -1.012	-1.013	-1.012	-0.977	-1.012	-1.012	-1.012	-0.998	-0.997	-1.004	-1.003	-1.001	-0.973	-0.985	-0.954	-0.896	-1.049	-0.913	-0.921	-0.914	-0.910	-0.838	-0.841	-0.773	-0.636	-0.773	-0.934	-0.931	-0.933	-0.886	-0.933	-0.933	-0.934	-0.928	-0.927	-1.094	-0.928	-0.681	-0.928	-1.082	-0.928	-1.087	-1.088	-1.105	-0.751	-1.107	-1.108	-0.928	-1.108	-0.928	-0.928	-0.843	-0.844	-0.868	-1.113	-1.031	-1.128	-0.885	-1.112	-0.969	-1.126	-1.124	-1.113	-0.974	-0.973	-1.074	-0.926	-0.950	-0.937	-0.939	-0.989	-0.938	-0.944	-1.094	-0.994	-0.726	-1.094	-0.943	-0.946	-0.883	-0.988	-0.945	-0.948	-0.757	-0.953	-0.957	-0.885	-0.990	-0.780	-0.764	-0.763	-0.974	-0.965	-0.850	-0.782	-0.829	-0.931	-0.973	-0.968	-0.976	-0.876	-0.908	-1.036	-1.055	-1.073	-1.012	-1.055	-1.086	-1.075	-1.008	-1.008	-1.011	-1.007	-1.016	-0.914	-0.914	-0.915	-0.914	-0.953	-0.940	-1.118	-0.946	-0.943	-0.865	-1.117	-0.963	-0.948	-0.947	-0.935	-0.933	-0.861	-0.942	-0.940	-1.117	-0.935	-0.977	-0.958	-0.930	-1.114	-1.122	-0.841	-0.601	-0.836	-0.896	-0.566	-0.834	-0.780	-1.025	-1.045	-0.898	-1.009	-0.776	-0.852	-0.844	-1.011	-0.888	-0.842	-0.843	-0.905	-0.847	-1.024	-0.809	-1.019	-0.828	-0.828	-0.809	-1.001	-1.005	-0.827	-0.857	-0.812	-0.812	
rs6955239      -1.004	-1.004	-1.004	-0.964	-1.004	-1.004	-1.004	-0.989	-0.987	-0.994	-0.992	-0.991	-0.959	-0.973	-0.949	-0.893	-1.046	-0.909	-0.918	-0.910	-0.907	-0.805	-0.808	-0.770	-0.773	-0.631	-0.929	-0.927	-0.929	-0.853	-0.929	-0.929	-0.929	-0.922	-0.922	-1.088	-0.922	-0.634	-0.922	-1.080	-0.922	-1.083	-1.084	-1.097	-0.710	-1.099	-1.100	-0.923	-1.101	-0.923	-0.923	-0.811	-0.812	-0.838	-1.108	-1.032	-1.123	-0.862	-1.108	-0.964	-1.121	-1.119	-1.108	-0.968	-0.967	-1.072	-0.928	-0.952	-0.939	-0.941	-0.980	-0.939	-0.945	-1.092	-0.987	-0.728	-1.092	-0.945	-0.948	-0.878	-0.980	-0.947	-0.949	-0.759	-0.954	-0.958	-0.880	-0.982	-0.781	-0.766	-0.765	-0.975	-0.967	-0.847	-0.784	-0.830	-0.933	-0.973	-0.969	-0.976	-0.875	-0.911	-1.033	-1.052	-1.069	-1.009	-1.052	-1.081	-1.071	-1.005	-1.004	-1.008	-1.004	-1.015	-0.914	-0.914	-0.914	-0.916	-0.951	-0.939	-1.113	-0.945	-0.941	-0.863	-1.112	-0.964	-0.947	-0.946	-0.935	-0.931	-0.857	-0.941	-0.938	-1.112	-0.936	-0.977	-0.956	-0.931	-1.109	-1.117	-0.840	-0.598	-0.835	-0.897	-0.562	-0.833	-0.779	-1.024	-1.043	-0.900	-1.008	-0.780	-0.848	-0.842	-1.010	-0.889	-0.841	-0.842	-0.907	-0.846	-1.022	-0.807	-1.018	-0.826	-0.827	-0.808	-1.001	-1.005	-0.826	-0.855	-0.811	-0.811	
rs78008951     -0.875	-0.875	-0.875	-0.847	-0.875	-0.875	-0.875	-0.859	-0.858	-0.869	-0.868	-0.867	-0.846	-0.855	-0.939	-0.546	-0.859	-0.567	-0.577	-0.561	-0.554	-0.819	-0.820	-0.934	-0.934	-0.929	-0.447	-0.577	-0.581	-0.922	-0.585	-0.586	-0.585	-0.614	-0.614	-0.940	-0.614	-0.708	-0.615	-0.929	-0.617	-0.934	-0.935	-0.944	-0.748	-0.945	-0.946	-0.617	-0.947	-0.620	-0.621	-0.798	-0.799	-0.816	-0.951	-0.882	-0.947	-0.793	-0.942	-0.729	-0.942	-0.939	-0.942	-0.728	-0.728	-0.885	-0.767	-0.791	-0.778	-0.779	-0.816	-0.778	-0.784	-0.939	-0.822	-0.555	-0.939	-0.783	-0.786	-0.715	-0.815	-0.785	-0.788	-0.586	-0.793	-0.796	-0.717	-0.817	-0.608	-0.592	-0.592	-0.813	-0.805	-0.679	-0.611	-0.657	-0.780	-0.809	-0.804	-0.812	-0.702	-0.759	-0.854	-0.887	-0.903	-0.830	-0.885	-0.918	-0.907	-0.826	-0.826	-0.830	-0.825	-0.853	-0.741	-0.741	-0.741	-0.751	-0.779	-0.766	-0.957	-0.772	-0.769	-0.696	-0.956	-0.802	-0.774	-0.773	-0.771	-0.759	-0.679	-0.768	-0.766	-0.956	-0.772	-0.815	-0.784	-0.767	-0.953	-0.958	-0.666	-0.418	-0.662	-0.733	-0.382	-0.660	-0.606	-0.847	-0.867	-0.735	-0.831	-0.616	-0.675	-0.669	-0.832	-0.724	-0.668	-0.668	-0.752	-0.673	-0.848	-0.633	-0.843	-0.652	-0.652	-0.633	-0.822	-0.827	-0.651	-0.681	-0.636	-0.636	
rs714125       -0.873	-0.873	-0.873	-0.845	-0.873	-0.873	-0.873	-0.857	-0.856	-0.867	-0.865	-0.864	-0.843	-0.853	-0.936	-0.547	-0.858	-0.567	-0.576	-0.561	-0.554	-0.815	-0.817	-0.932	-0.931	-0.927	-0.577	-0.445	-0.566	-0.920	-0.570	-0.570	-0.568	-0.605	-0.605	-0.937	-0.604	-0.704	-0.605	-0.927	-0.607	-0.932	-0.933	-0.941	-0.744	-0.942	-0.944	-0.607	-0.944	-0.611	-0.612	-0.794	-0.796	-0.812	-0.949	-0.880	-0.946	-0.790	-0.940	-0.726	-0.941	-0.938	-0.941	-0.724	-0.725	-0.884	-0.766	-0.789	-0.777	-0.778	-0.814	-0.777	-0.783	-0.937	-0.820	-0.554	-0.938	-0.782	-0.785	-0.713	-0.814	-0.784	-0.786	-0.584	-0.791	-0.795	-0.716	-0.816	-0.607	-0.591	-0.590	-0.812	-0.803	-0.677	-0.610	-0.656	-0.779	-0.808	-0.803	-0.810	-0.701	-0.757	-0.853	-0.885	-0.901	-0.829	-0.883	-0.916	-0.906	-0.825	-0.824	-0.828	-0.824	-0.852	-0.740	-0.740	-0.740	-0.750	-0.777	-0.765	-0.955	-0.771	-0.767	-0.694	-0.954	-0.801	-0.773	-0.772	-0.770	-0.758	-0.677	-0.767	-0.765	-0.954	-0.770	-0.814	-0.783	-0.765	-0.951	-0.956	-0.665	-0.417	-0.661	-0.732	-0.381	-0.658	-0.604	-0.846	-0.865	-0.734	-0.830	-0.614	-0.674	-0.668	-0.831	-0.723	-0.667	-0.667	-0.751	-0.672	-0.847	-0.631	-0.842	-0.650	-0.651	-0.631	-0.821	-0.826	-0.650	-0.680	-0.635	-0.635	
rs2024195      -0.875	-0.875	-0.875	-0.847	-0.875	-0.875	-0.875	-0.859	-0.858	-0.869	-0.868	-0.867	-0.846	-0.855	-0.938	-0.546	-0.859	-0.568	-0.579	-0.562	-0.555	-0.818	-0.820	-0.934	-0.933	-0.929	-0.581	-0.566	-0.447	-0.922	-0.568	-0.568	-0.567	-0.608	-0.609	-0.939	-0.607	-0.707	-0.610	-0.929	-0.612	-0.934	-0.935	-0.943	-0.747	-0.945	-0.946	-0.612	-0.946	-0.615	-0.616	-0.797	-0.799	-0.815	-0.950	-0.881	-0.948	-0.792	-0.942	-0.728	-0.943	-0.940	-0.942	-0.726	-0.727	-0.887	-0.767	-0.791	-0.778	-0.779	-0.816	-0.778	-0.784	-0.939	-0.822	-0.556	-0.939	-0.783	-0.786	-0.715	-0.816	-0.785	-0.788	-0.586	-0.793	-0.796	-0.718	-0.818	-0.609	-0.593	-0.592	-0.813	-0.805	-0.679	-0.612	-0.658	-0.780	-0.809	-0.805	-0.812	-0.703	-0.759	-0.855	-0.887	-0.903	-0.831	-0.885	-0.918	-0.908	-0.827	-0.827	-0.830	-0.826	-0.853	-0.742	-0.742	-0.742	-0.751	-0.779	-0.767	-0.957	-0.773	-0.769	-0.696	-0.956	-0.802	-0.775	-0.774	-0.771	-0.760	-0.680	-0.769	-0.767	-0.956	-0.772	-0.816	-0.785	-0.767	-0.953	-0.958	-0.667	-0.419	-0.662	-0.733	-0.383	-0.660	-0.606	-0.849	-0.868	-0.735	-0.832	-0.615	-0.675	-0.670	-0.834	-0.724	-0.668	-0.669	-0.752	-0.673	-0.849	-0.633	-0.844	-0.652	-0.653	-0.633	-0.824	-0.829	-0.652	-0.682	-0.637	-0.637	
rs41650        -1.019	-1.019	-1.019	-0.995	-1.019	-1.019	-1.019	-1.008	-1.007	-1.015	-1.014	-1.013	-0.992	-1.001	-0.986	-0.880	-1.029	-0.899	-0.908	-0.899	-0.895	-0.918	-0.920	-0.889	-0.886	-0.853	-0.922	-0.920	-0.922	-0.630	-0.921	-0.922	-0.923	-0.920	-0.920	-1.091	-0.920	-0.764	-0.921	-1.073	-0.920	-1.079	-1.082	-1.111	-0.819	-1.111	-1.113	-0.921	-1.113	-0.920	-0.920	-0.892	-0.893	-0.914	-1.111	-1.013	-1.125	-0.917	-1.107	-0.962	-1.122	-1.119	-1.107	-0.967	-0.966	-1.066	-0.903	-0.928	-0.914	-0.917	-0.990	-0.916	-0.922	-1.084	-0.996	-0.717	-1.084	-0.921	-0.924	-0.872	-0.990	-0.923	-0.926	-0.748	-0.932	-0.936	-0.876	-0.991	-0.770	-0.755	-0.754	-0.955	-0.945	-0.837	-0.773	-0.820	-0.905	-0.955	-0.950	-0.958	-0.869	-0.879	-1.029	-1.042	-1.064	-1.006	-1.044	-1.077	-1.065	-1.002	-1.002	-1.005	-1.001	-0.998	-0.905	-0.905	-0.906	-0.893	-0.945	-0.933	-1.113	-0.939	-0.935	-0.851	-1.112	-0.942	-0.941	-0.940	-0.914	-0.926	-0.856	-0.935	-0.933	-1.112	-0.915	-0.956	-0.951	-0.909	-1.107	-1.117	-0.833	-0.596	-0.829	-0.874	-0.561	-0.826	-0.772	-1.010	-1.032	-0.876	-0.993	-0.750	-0.843	-0.837	-0.995	-0.866	-0.835	-0.836	-0.877	-0.840	-1.008	-0.802	-1.002	-0.821	-0.822	-0.802	-0.982	-0.987	-0.821	-0.850	-0.806	-0.805	
rs12530919     -0.874	-0.875	-0.874	-0.847	-0.875	-0.874	-0.875	-0.859	-0.857	-0.869	-0.867	-0.866	-0.845	-0.854	-0.938	-0.554	-0.860	-0.575	-0.585	-0.571	-0.564	-0.817	-0.819	-0.933	-0.933	-0.929	-0.585	-0.570	-0.568	-0.921	-0.447	-0.564	-0.567	-0.604	-0.605	-0.939	-0.603	-0.706	-0.606	-0.929	-0.608	-0.934	-0.935	-0.943	-0.746	-0.944	-0.946	-0.607	-0.946	-0.610	-0.612	-0.796	-0.798	-0.814	-0.950	-0.881	-0.947	-0.792	-0.942	-0.727	-0.943	-0.940	-0.942	-0.725	-0.726	-0.886	-0.767	-0.791	-0.778	-0.779	-0.816	-0.778	-0.784	-0.939	-0.822	-0.555	-0.939	-0.783	-0.786	-0.715	-0.815	-0.785	-0.788	-0.586	-0.793	-0.796	-0.717	-0.817	-0.608	-0.593	-0.592	-0.813	-0.804	-0.679	-0.611	-0.657	-0.780	-0.809	-0.804	-0.812	-0.703	-0.759	-0.854	-0.887	-0.903	-0.830	-0.885	-0.918	-0.908	-0.826	-0.826	-0.830	-0.825	-0.853	-0.741	-0.741	-0.741	-0.751	-0.779	-0.766	-0.957	-0.773	-0.769	-0.696	-0.956	-0.802	-0.775	-0.773	-0.771	-0.759	-0.679	-0.769	-0.766	-0.956	-0.772	-0.815	-0.784	-0.767	-0.953	-0.958	-0.666	-0.418	-0.662	-0.733	-0.383	-0.660	-0.606	-0.848	-0.867	-0.735	-0.831	-0.616	-0.675	-0.669	-0.833	-0.724	-0.668	-0.669	-0.752	-0.673	-0.848	-0.633	-0.844	-0.652	-0.653	-0.633	-0.823	-0.828	-0.652	-0.681	-0.636	-0.636	
rs12530925     -0.875	-0.875	-0.875	-0.847	-0.875	-0.875	-0.875	-0.859	-0.858	-0.869	-0.867	-0.866	-0.845	-0.855	-0.938	-0.554	-0.860	-0.575	-0.585	-0.570	-0.563	-0.818	-0.820	-0.934	-0.933	-0.929	-0.586	-0.570	-0.568	-0.922	-0.564	-0.447	-0.567	-0.605	-0.606	-0.939	-0.603	-0.707	-0.606	-0.929	-0.608	-0.934	-0.935	-0.943	-0.747	-0.944	-0.946	-0.608	-0.946	-0.611	-0.612	-0.797	-0.798	-0.815	-0.950	-0.882	-0.948	-0.792	-0.942	-0.727	-0.943	-0.940	-0.942	-0.725	-0.726	-0.886	-0.767	-0.791	-0.778	-0.779	-0.816	-0.778	-0.784	-0.939	-0.822	-0.555	-0.939	-0.784	-0.786	-0.715	-0.816	-0.785	-0.788	-0.586	-0.793	-0.796	-0.718	-0.818	-0.609	-0.593	-0.592	-0.813	-0.805	-0.679	-0.611	-0.657	-0.780	-0.809	-0.805	-0.812	-0.703	-0.759	-0.855	-0.887	-0.903	-0.831	-0.885	-0.918	-0.908	-0.827	-0.826	-0.830	-0.826	-0.853	-0.742	-0.742	-0.742	-0.752	-0.779	-0.767	-0.957	-0.773	-0.769	-0.696	-0.956	-0.802	-0.775	-0.774	-0.771	-0.759	-0.679	-0.769	-0.767	-0.956	-0.772	-0.816	-0.785	-0.767	-0.953	-0.958	-0.667	-0.419	-0.662	-0.733	-0.383	-0.660	-0.606	-0.848	-0.868	-0.735	-0.832	-0.616	-0.675	-0.670	-0.833	-0.724	-0.668	-0.669	-0.752	-0.673	-0.849	-0.633	-0.844	-0.652	-0.653	-0.633	-0.824	-0.829	-0.652	-0.681	-0.637	-0.637	
