## Summary of overall evidence for association with region:
## log10(BF for region) = 0.777973
## p-value for region = NA

## BFs for choosing among multi-SNP models:
## log10(average 1-SNP BF) = 0.769302
## log10(average 2-SNP BF) = 0.794813

## Example posterior probabilities for multi-SNP models, based on default prior: [p(l) propto 0.5^l for l=1,2,...,L]
## posterior probability of 1-SNP = 0.653488
## posterior probability of 2-SNP = 0.346512

## log10(BF) for single SNP and pair of SNPs:
rs62057209     -0.313	-0.416	-0.050	-0.423	-0.732	-0.424	-0.425	-0.429	-0.429	-0.431	-0.430	-0.650	-0.430	-0.435	-0.431	-0.432	-0.319	-0.439	-0.442	-0.436	-0.803	-0.778	-0.776	-0.779	-0.802	-0.809	-0.818	-0.802	-0.786	-0.735	-0.787	-0.786	-0.470	-0.786	-0.788	-0.786	-0.780	-0.779	-0.809	-0.806	-0.756	-0.709	-0.803	-0.809	+0.360	-0.813	-0.812	-0.790	-0.605	-0.808	-0.698	-0.808	-0.782	-0.808	-0.817	-0.813	-0.809	+0.445	-0.813	-0.811	-0.809	-0.809	-0.809	-0.809	-0.732	-0.732	-0.809	-0.721	-0.738	-0.743	-0.476	+0.398	+1.120	+0.432	+1.081	+1.370	+0.351	+1.435	+0.248	+0.422	+0.471	+0.612	+0.536	-0.451	+0.376	+0.448	+0.396	+1.117	+1.470	-0.451	+1.177	+1.104	+1.114	+0.479	+0.561	+1.227	+0.575	+0.518	+0.455	+0.435	+0.517	+0.434	+0.432	+0.512	+0.429	+0.510	+0.466	+1.213	+0.509	+0.541	+0.453	+0.463	+0.525	+0.550	+0.431	+0.512	+0.519	+1.243	+0.442	+0.440	+0.440	+0.449	+0.633	+0.462	+0.485	+0.445	+0.439	+0.433	+0.439	+0.437	+0.412	+0.437	+0.430	+0.386	+0.364	+0.399	+0.476	+0.441	+0.580	+0.428	+0.407	+0.407	+0.590	+0.407	+0.611	+0.326	+0.376	+0.567	+0.342	+0.398	+0.748	+0.540	+0.373	+0.496	+0.498	+0.499	-0.445	+0.052	+0.575	+0.577	+0.513	+0.579	+0.568	-0.222	-0.594	-0.597	-0.143	+0.085	+0.084	-0.586	+0.308	-0.605	+0.118	-0.063	-0.597	-0.597	-0.081	-0.632	+0.263	-0.623	-0.012	+0.138	-0.012	-0.633	-0.690	-0.690	
rs62057210     -0.416	-0.302	-0.053	-0.416	-0.722	-0.416	-0.417	-0.418	-0.418	-0.420	-0.418	-0.638	-0.418	-0.422	-0.418	-0.414	-0.319	-0.428	-0.435	-0.426	-0.792	-0.766	-0.765	-0.768	-0.791	-0.798	-0.807	-0.791	-0.776	-0.724	-0.777	-0.776	-0.459	-0.775	-0.777	-0.775	-0.770	-0.769	-0.798	-0.795	-0.745	-0.699	-0.793	-0.798	+0.369	-0.802	-0.801	-0.779	-0.594	-0.797	-0.688	-0.797	-0.772	-0.797	-0.806	-0.802	-0.798	+0.454	-0.801	-0.800	-0.798	-0.798	-0.798	-0.798	-0.722	-0.722	-0.798	-0.711	-0.728	-0.733	-0.464	+0.411	+1.129	+0.445	+1.090	+1.379	+0.364	+1.444	+0.261	+0.435	+0.485	+0.626	+0.550	-0.436	+0.389	+0.462	+0.409	+1.126	+1.479	-0.436	+1.186	+1.113	+1.123	+0.493	+0.575	+1.236	+0.589	+0.532	+0.469	+0.448	+0.531	+0.447	+0.445	+0.526	+0.442	+0.524	+0.480	+1.222	+0.523	+0.555	+0.467	+0.477	+0.539	+0.564	+0.444	+0.526	+0.533	+1.252	+0.456	+0.454	+0.453	+0.463	+0.642	+0.476	+0.499	+0.459	+0.453	+0.447	+0.453	+0.451	+0.426	+0.451	+0.444	+0.399	+0.377	+0.413	+0.490	+0.454	+0.590	+0.437	+0.416	+0.416	+0.600	+0.416	+0.621	+0.335	+0.385	+0.577	+0.352	+0.408	+0.757	+0.549	+0.383	+0.510	+0.512	+0.513	-0.430	+0.060	+0.584	+0.586	+0.527	+0.593	+0.582	-0.213	-0.581	-0.584	-0.134	+0.098	+0.097	-0.573	+0.322	-0.592	+0.132	-0.054	-0.584	-0.584	-0.072	-0.619	+0.277	-0.610	-0.002	+0.152	-0.003	-0.620	-0.677	-0.677	
rs8079002      -0.050	-0.053	+0.292	-0.050	+0.998	-0.049	-0.049	-0.046	-0.046	-0.045	-0.044	-0.004	-0.044	-0.041	-0.043	-0.036	+0.209	-0.045	-0.048	-0.045	-0.236	-0.218	-0.217	-0.219	-0.236	-0.245	-0.236	-0.218	-0.206	-0.179	-0.205	-0.206	+0.100	-0.206	-0.208	-0.206	-0.199	-0.198	-0.228	-0.214	-0.203	-0.168	-0.210	-0.218	+0.772	-0.225	-0.231	-0.189	-0.046	-0.231	-0.156	-0.231	-0.215	-0.231	-0.243	-0.235	-0.231	+0.842	-0.235	-0.234	-0.231	-0.231	-0.230	-0.231	-0.186	-0.186	-0.231	-0.177	-0.190	-0.193	+0.077	+0.990	+1.524	+1.039	+1.489	+1.769	+0.950	+1.828	+0.821	+1.026	+1.076	+1.221	+1.115	+0.172	+0.978	+1.024	+1.001	+1.526	+1.867	+0.172	+1.598	+1.514	+1.523	+1.085	+1.139	+1.629	+1.153	+1.095	+1.059	+1.038	+1.093	+1.037	+1.035	+1.089	+1.032	+1.087	+1.074	+1.617	+1.086	+1.117	+1.057	+1.040	+1.103	+1.125	+1.034	+1.089	+1.096	+1.648	+1.046	+1.044	+1.043	+1.053	+1.095	+1.038	+1.061	+1.049	+1.043	+1.036	+1.043	+1.041	+1.016	+1.041	+1.034	+0.992	+0.970	+0.980	+1.053	+1.044	+1.045	+0.934	+0.914	+0.914	+1.055	+0.914	+1.074	+0.837	+0.884	+1.077	+0.852	+0.867	+1.209	+1.007	+0.882	+1.101	+1.104	+1.105	+0.178	+0.568	+1.041	+1.043	+1.119	+1.187	+1.173	+0.457	-0.035	-0.039	+0.513	+0.718	+0.717	-0.017	+0.957	-0.036	+0.764	+0.599	-0.028	-0.027	+0.579	-0.061	+0.911	-0.052	+0.653	+0.783	+0.652	-0.061	-0.116	-0.116	
rs62057211     -0.423	-0.416	-0.050	-0.314	-0.732	-0.424	-0.425	-0.429	-0.429	-0.431	-0.430	-0.651	-0.430	-0.435	-0.431	-0.433	-0.319	-0.439	-0.442	-0.436	-0.803	-0.778	-0.776	-0.779	-0.803	-0.809	-0.818	-0.802	-0.787	-0.735	-0.788	-0.787	-0.470	-0.786	-0.789	-0.786	-0.781	-0.780	-0.810	-0.806	-0.756	-0.709	-0.804	-0.809	+0.359	-0.814	-0.813	-0.790	-0.605	-0.808	-0.698	-0.809	-0.783	-0.809	-0.817	-0.813	-0.809	+0.445	-0.813	-0.811	-0.809	-0.809	-0.809	-0.809	-0.732	-0.733	-0.809	-0.722	-0.738	-0.744	-0.477	+0.397	+1.120	+0.431	+1.081	+1.370	+0.351	+1.435	+0.248	+0.421	+0.471	+0.612	+0.535	-0.452	+0.375	+0.448	+0.395	+1.117	+1.470	-0.451	+1.177	+1.104	+1.114	+0.479	+0.560	+1.226	+0.575	+0.517	+0.455	+0.434	+0.516	+0.433	+0.431	+0.511	+0.428	+0.509	+0.466	+1.213	+0.509	+0.540	+0.453	+0.463	+0.524	+0.550	+0.430	+0.512	+0.519	+1.242	+0.442	+0.439	+0.439	+0.449	+0.633	+0.462	+0.484	+0.445	+0.439	+0.433	+0.439	+0.437	+0.412	+0.437	+0.430	+0.385	+0.363	+0.399	+0.475	+0.440	+0.580	+0.427	+0.406	+0.406	+0.590	+0.406	+0.611	+0.326	+0.376	+0.567	+0.342	+0.398	+0.747	+0.540	+0.373	+0.495	+0.498	+0.499	-0.446	+0.051	+0.575	+0.577	+0.513	+0.578	+0.568	-0.223	-0.595	-0.598	-0.143	+0.084	+0.084	-0.587	+0.308	-0.606	+0.118	-0.063	-0.598	-0.598	-0.081	-0.632	+0.263	-0.623	-0.012	+0.138	-0.013	-0.633	-0.690	-0.690	
rs11080110     -0.732	-0.722	+0.998	-0.732	-0.527	-0.733	-0.735	-0.743	-0.742	-0.744	-0.746	-0.862	-0.747	-0.749	-0.748	-0.765	+0.236	-0.748	-0.731	-0.741	-1.004	-0.981	-0.979	-0.982	-1.004	-1.015	-1.014	-0.995	-0.981	-0.937	-0.982	-0.980	-0.664	-0.980	-0.983	-0.980	-0.974	-0.973	-1.008	-1.000	-0.948	-0.902	-0.997	-1.004	+0.169	-1.009	-1.011	-0.981	-0.802	-1.003	-0.886	-1.004	-0.975	-1.004	-1.020	-1.013	-1.005	+0.259	-1.013	-1.012	-1.005	-1.004	-1.004	-1.004	-0.926	-0.926	-1.004	-0.915	-0.931	-0.937	-0.702	+0.161	+0.938	+0.197	+0.898	+1.189	+0.116	+1.253	+0.001	+0.179	+0.227	+0.369	+0.278	-0.756	+0.136	+0.193	+0.157	+0.931	+1.284	-0.756	+0.986	+0.918	+0.928	+0.237	+0.302	+1.040	+0.316	+0.260	+0.213	+0.193	+0.259	+0.192	+0.190	+0.254	+0.187	+0.252	+0.225	+1.026	+0.251	+0.281	+0.211	+0.205	+0.267	+0.290	+0.189	+0.252	+0.261	+1.054	+0.200	+0.197	+0.197	+0.207	+0.451	+0.203	+0.225	+0.203	+0.197	+0.191	+0.197	+0.195	+0.171	+0.195	+0.188	+0.145	+0.123	+0.143	+0.217	+0.198	+0.398	+0.259	+0.238	+0.238	+0.408	+0.238	+0.429	+0.156	+0.207	+0.405	+0.173	+0.216	+0.572	+0.357	+0.204	+0.251	+0.254	+0.254	-0.747	-0.080	+0.393	+0.395	+0.269	+0.333	+0.321	-0.357	-0.857	-0.861	-0.269	-0.162	-0.162	-0.846	+0.062	-0.862	-0.125	-0.184	-0.856	-0.856	-0.203	-0.885	+0.018	-0.878	-0.130	-0.107	-0.131	-0.886	-0.931	-0.931	
rs62057212     -0.424	-0.416	-0.049	-0.424	-0.733	-0.315	-0.426	-0.430	-0.430	-0.432	-0.431	-0.652	-0.431	-0.436	-0.432	-0.434	-0.319	-0.440	-0.443	-0.437	-0.804	-0.779	-0.778	-0.780	-0.804	-0.810	-0.819	-0.804	-0.788	-0.736	-0.789	-0.788	-0.471	-0.787	-0.790	-0.787	-0.782	-0.781	-0.811	-0.807	-0.757	-0.710	-0.805	-0.810	+0.359	-0.815	-0.814	-0.791	-0.606	-0.810	-0.699	-0.810	-0.784	-0.810	-0.819	-0.814	-0.811	+0.444	-0.814	-0.813	-0.810	-0.810	-0.810	-0.810	-0.733	-0.734	-0.810	-0.723	-0.739	-0.745	-0.478	+0.396	+1.119	+0.430	+1.080	+1.369	+0.349	+1.434	+0.246	+0.420	+0.469	+0.610	+0.534	-0.453	+0.374	+0.447	+0.394	+1.116	+1.469	-0.453	+1.176	+1.103	+1.113	+0.478	+0.559	+1.225	+0.573	+0.516	+0.454	+0.433	+0.515	+0.432	+0.430	+0.510	+0.427	+0.508	+0.464	+1.212	+0.507	+0.539	+0.451	+0.462	+0.523	+0.548	+0.429	+0.510	+0.517	+1.242	+0.440	+0.438	+0.438	+0.447	+0.632	+0.460	+0.483	+0.444	+0.438	+0.431	+0.438	+0.435	+0.411	+0.435	+0.428	+0.384	+0.362	+0.397	+0.474	+0.439	+0.579	+0.426	+0.405	+0.406	+0.589	+0.405	+0.610	+0.325	+0.375	+0.566	+0.341	+0.397	+0.746	+0.539	+0.372	+0.494	+0.496	+0.497	-0.447	+0.051	+0.574	+0.576	+0.512	+0.577	+0.566	-0.224	-0.596	-0.599	-0.144	+0.083	+0.082	-0.588	+0.306	-0.607	+0.117	-0.064	-0.599	-0.599	-0.082	-0.633	+0.262	-0.625	-0.013	+0.136	-0.014	-0.634	-0.691	-0.691	
rs62057213     -0.425	-0.417	-0.049	-0.425	-0.735	-0.426	-0.316	-0.431	-0.431	-0.433	-0.432	-0.653	-0.432	-0.437	-0.433	-0.436	-0.319	-0.441	-0.444	-0.437	-0.806	-0.781	-0.779	-0.782	-0.805	-0.812	-0.821	-0.805	-0.789	-0.738	-0.790	-0.789	-0.472	-0.789	-0.791	-0.789	-0.783	-0.782	-0.812	-0.809	-0.758	-0.712	-0.806	-0.812	+0.357	-0.816	-0.815	-0.792	-0.608	-0.811	-0.701	-0.811	-0.785	-0.811	-0.820	-0.816	-0.812	+0.443	-0.815	-0.814	-0.812	-0.812	-0.812	-0.812	-0.735	-0.735	-0.811	-0.724	-0.741	-0.746	-0.479	+0.394	+1.118	+0.428	+1.079	+1.368	+0.348	+1.433	+0.245	+0.418	+0.468	+0.609	+0.532	-0.455	+0.372	+0.445	+0.392	+1.115	+1.468	-0.455	+1.175	+1.102	+1.112	+0.476	+0.557	+1.224	+0.572	+0.514	+0.452	+0.431	+0.513	+0.430	+0.428	+0.508	+0.425	+0.506	+0.463	+1.211	+0.506	+0.537	+0.450	+0.460	+0.521	+0.547	+0.427	+0.508	+0.516	+1.240	+0.439	+0.436	+0.436	+0.446	+0.631	+0.458	+0.481	+0.442	+0.436	+0.430	+0.436	+0.433	+0.409	+0.434	+0.426	+0.382	+0.360	+0.396	+0.472	+0.437	+0.578	+0.425	+0.404	+0.404	+0.588	+0.404	+0.609	+0.323	+0.373	+0.565	+0.340	+0.396	+0.745	+0.537	+0.371	+0.492	+0.495	+0.495	-0.449	+0.050	+0.572	+0.575	+0.510	+0.575	+0.565	-0.225	-0.597	-0.601	-0.146	+0.081	+0.081	-0.589	+0.305	-0.609	+0.115	-0.065	-0.601	-0.601	-0.084	-0.635	+0.260	-0.626	-0.014	+0.135	-0.015	-0.636	-0.693	-0.693	
rs2270759      -0.429	-0.418	-0.046	-0.429	-0.743	-0.430	-0.431	-0.326	-0.436	-0.439	-0.439	-0.663	-0.439	-0.445	-0.440	-0.448	-0.319	-0.448	-0.448	-0.443	-0.815	-0.790	-0.788	-0.791	-0.815	-0.821	-0.830	-0.814	-0.798	-0.747	-0.799	-0.798	-0.481	-0.798	-0.800	-0.798	-0.792	-0.791	-0.821	-0.818	-0.767	-0.720	-0.816	-0.821	+0.350	-0.825	-0.825	-0.802	-0.617	-0.820	-0.709	-0.820	-0.794	-0.821	-0.829	-0.825	-0.821	+0.436	-0.825	-0.823	-0.821	-0.821	-0.821	-0.821	-0.743	-0.744	-0.821	-0.733	-0.749	-0.755	-0.490	+0.383	+1.110	+0.417	+1.071	+1.360	+0.336	+1.425	+0.233	+0.407	+0.456	+0.597	+0.520	-0.468	+0.361	+0.433	+0.381	+1.107	+1.460	-0.468	+1.166	+1.094	+1.104	+0.464	+0.546	+1.217	+0.560	+0.502	+0.440	+0.420	+0.501	+0.419	+0.417	+0.497	+0.414	+0.495	+0.451	+1.203	+0.494	+0.525	+0.438	+0.448	+0.509	+0.535	+0.416	+0.497	+0.504	+1.233	+0.427	+0.425	+0.425	+0.434	+0.622	+0.447	+0.469	+0.430	+0.425	+0.418	+0.425	+0.422	+0.398	+0.422	+0.415	+0.371	+0.349	+0.384	+0.460	+0.426	+0.570	+0.417	+0.396	+0.396	+0.580	+0.396	+0.601	+0.315	+0.365	+0.557	+0.332	+0.388	+0.737	+0.529	+0.363	+0.481	+0.483	+0.484	-0.462	+0.042	+0.564	+0.566	+0.498	+0.564	+0.553	-0.233	-0.608	-0.612	-0.154	+0.070	+0.069	-0.600	+0.293	-0.619	+0.104	-0.073	-0.612	-0.612	-0.092	-0.646	+0.248	-0.637	-0.022	+0.123	-0.023	-0.647	-0.704	-0.703	
rs2270758      -0.429	-0.418	-0.046	-0.429	-0.742	-0.430	-0.431	-0.436	-0.325	-0.438	-0.438	-0.662	-0.438	-0.444	-0.439	-0.446	-0.319	-0.447	-0.447	-0.442	-0.814	-0.789	-0.787	-0.790	-0.813	-0.820	-0.829	-0.813	-0.797	-0.746	-0.798	-0.797	-0.480	-0.797	-0.799	-0.796	-0.791	-0.790	-0.820	-0.816	-0.766	-0.719	-0.814	-0.819	+0.351	-0.824	-0.823	-0.800	-0.615	-0.819	-0.708	-0.819	-0.793	-0.819	-0.828	-0.824	-0.820	+0.437	-0.823	-0.822	-0.820	-0.819	-0.819	-0.819	-0.742	-0.742	-0.819	-0.731	-0.748	-0.754	-0.488	+0.385	+1.112	+0.419	+1.072	+1.362	+0.338	+1.426	+0.235	+0.408	+0.458	+0.599	+0.522	-0.466	+0.363	+0.435	+0.383	+1.108	+1.461	-0.466	+1.168	+1.095	+1.105	+0.466	+0.547	+1.218	+0.562	+0.504	+0.442	+0.421	+0.503	+0.420	+0.418	+0.499	+0.415	+0.496	+0.453	+1.204	+0.496	+0.527	+0.440	+0.450	+0.511	+0.537	+0.417	+0.499	+0.506	+1.234	+0.429	+0.427	+0.426	+0.436	+0.624	+0.449	+0.471	+0.432	+0.426	+0.420	+0.426	+0.424	+0.399	+0.424	+0.417	+0.372	+0.350	+0.386	+0.462	+0.427	+0.571	+0.418	+0.397	+0.398	+0.581	+0.397	+0.602	+0.317	+0.367	+0.558	+0.333	+0.389	+0.739	+0.531	+0.364	+0.482	+0.485	+0.486	-0.460	+0.043	+0.566	+0.568	+0.500	+0.566	+0.555	-0.232	-0.607	-0.610	-0.152	+0.072	+0.071	-0.599	+0.295	-0.618	+0.105	-0.072	-0.610	-0.610	-0.090	-0.644	+0.250	-0.635	-0.021	+0.125	-0.022	-0.645	-0.702	-0.702	
rs2270757      -0.431	-0.420	-0.045	-0.431	-0.744	-0.432	-0.433	-0.439	-0.438	-0.328	-0.441	-0.665	-0.441	-0.447	-0.442	-0.450	-0.319	-0.449	-0.449	-0.444	-0.816	-0.791	-0.789	-0.792	-0.816	-0.822	-0.831	-0.815	-0.799	-0.748	-0.800	-0.799	-0.482	-0.799	-0.801	-0.799	-0.793	-0.792	-0.823	-0.819	-0.768	-0.721	-0.817	-0.822	+0.349	-0.826	-0.826	-0.803	-0.618	-0.821	-0.710	-0.821	-0.795	-0.822	-0.831	-0.826	-0.822	+0.435	-0.826	-0.824	-0.822	-0.822	-0.822	-0.822	-0.744	-0.745	-0.822	-0.734	-0.750	-0.756	-0.491	+0.382	+1.109	+0.416	+1.070	+1.360	+0.335	+1.424	+0.232	+0.406	+0.455	+0.596	+0.519	-0.469	+0.360	+0.432	+0.380	+1.106	+1.459	-0.469	+1.165	+1.093	+1.103	+0.463	+0.544	+1.216	+0.559	+0.501	+0.439	+0.419	+0.500	+0.418	+0.415	+0.496	+0.413	+0.494	+0.450	+1.202	+0.493	+0.524	+0.437	+0.447	+0.508	+0.534	+0.415	+0.496	+0.503	+1.232	+0.426	+0.424	+0.424	+0.433	+0.621	+0.446	+0.468	+0.429	+0.423	+0.417	+0.423	+0.421	+0.397	+0.421	+0.414	+0.370	+0.348	+0.383	+0.459	+0.425	+0.569	+0.416	+0.395	+0.396	+0.579	+0.395	+0.600	+0.315	+0.365	+0.556	+0.331	+0.387	+0.737	+0.528	+0.362	+0.480	+0.482	+0.483	-0.463	+0.042	+0.563	+0.565	+0.497	+0.563	+0.552	-0.234	-0.610	-0.613	-0.154	+0.069	+0.068	-0.602	+0.292	-0.621	+0.103	-0.074	-0.613	-0.613	-0.092	-0.647	+0.247	-0.638	-0.023	+0.122	-0.024	-0.648	-0.705	-0.704	
rs62057214     -0.430	-0.418	-0.044	-0.430	-0.746	-0.431	-0.432	-0.439	-0.438	-0.441	-0.330	-0.667	-0.441	-0.447	-0.442	-0.451	-0.319	-0.450	-0.449	-0.444	-0.818	-0.793	-0.792	-0.794	-0.818	-0.824	-0.833	-0.817	-0.801	-0.750	-0.802	-0.801	-0.484	-0.801	-0.803	-0.801	-0.795	-0.794	-0.824	-0.821	-0.770	-0.723	-0.819	-0.824	+0.347	-0.828	-0.828	-0.805	-0.620	-0.823	-0.712	-0.823	-0.797	-0.823	-0.833	-0.828	-0.824	+0.433	-0.828	-0.826	-0.824	-0.824	-0.824	-0.824	-0.746	-0.746	-0.824	-0.736	-0.752	-0.758	-0.493	+0.379	+1.108	+0.413	+1.069	+1.358	+0.333	+1.423	+0.230	+0.403	+0.452	+0.593	+0.517	-0.472	+0.357	+0.430	+0.377	+1.105	+1.457	-0.472	+1.164	+1.092	+1.102	+0.461	+0.542	+1.214	+0.556	+0.499	+0.437	+0.416	+0.498	+0.415	+0.413	+0.493	+0.410	+0.491	+0.448	+1.201	+0.490	+0.522	+0.434	+0.444	+0.506	+0.531	+0.412	+0.493	+0.500	+1.230	+0.423	+0.421	+0.421	+0.430	+0.620	+0.443	+0.466	+0.427	+0.421	+0.414	+0.421	+0.418	+0.394	+0.418	+0.411	+0.367	+0.345	+0.380	+0.457	+0.422	+0.567	+0.415	+0.394	+0.394	+0.577	+0.394	+0.598	+0.313	+0.363	+0.555	+0.329	+0.385	+0.735	+0.527	+0.360	+0.477	+0.479	+0.480	-0.466	+0.040	+0.562	+0.564	+0.495	+0.560	+0.549	-0.236	-0.612	-0.615	-0.156	+0.067	+0.066	-0.604	+0.290	-0.623	+0.100	-0.076	-0.615	-0.615	-0.094	-0.649	+0.245	-0.640	-0.025	+0.120	-0.025	-0.650	-0.707	-0.707	
rs59523907     -0.650	-0.638	-0.004	-0.651	-0.862	-0.652	-0.653	-0.663	-0.662	-0.665	-0.667	-0.499	-0.667	-0.670	-0.670	-0.689	-0.275	-0.669	-0.649	-0.660	-0.983	-0.961	-0.959	-0.961	-0.983	-0.989	-0.987	-0.964	-0.948	-0.897	-0.951	-0.948	-0.615	-0.948	-0.950	-0.948	-0.941	-0.940	-0.983	-0.974	-0.901	-0.845	-0.971	-0.978	+0.287	-0.984	-0.986	-0.954	-0.762	-0.978	-0.836	-0.978	-0.934	-0.978	-0.996	-0.990	-0.980	+0.381	-0.990	-0.988	-0.981	-0.980	-0.980	-0.980	-0.872	-0.873	-0.980	-0.861	-0.880	-0.887	-0.699	+0.134	+1.060	+0.160	+1.019	+1.316	+0.083	+1.382	-0.021	+0.139	+0.184	+0.324	+0.240	-0.782	+0.100	+0.160	+0.120	+1.051	+1.411	-0.782	+1.099	+1.037	+1.047	+0.196	+0.264	+1.161	+0.277	+0.223	+0.173	+0.153	+0.221	+0.152	+0.150	+0.217	+0.147	+0.215	+0.184	+1.145	+0.214	+0.243	+0.170	+0.170	+0.230	+0.253	+0.149	+0.215	+0.224	+1.172	+0.160	+0.158	+0.157	+0.167	+0.564	+0.168	+0.189	+0.163	+0.157	+0.151	+0.157	+0.155	+0.132	+0.155	+0.148	+0.104	+0.082	+0.106	+0.181	+0.158	+0.508	+0.366	+0.343	+0.344	+0.518	+0.343	+0.541	+0.257	+0.311	+0.516	+0.275	+0.318	+0.695	+0.465	+0.308	+0.206	+0.209	+0.209	-0.772	-0.003	+0.503	+0.505	+0.223	+0.285	+0.274	-0.278	-0.855	-0.859	-0.184	-0.184	-0.185	-0.847	+0.029	-0.862	-0.154	-0.093	-0.856	-0.856	-0.114	-0.884	-0.013	-0.877	-0.035	-0.137	-0.036	-0.885	-0.926	-0.925	
rs17703253     -0.430	-0.418	-0.044	-0.430	-0.747	-0.431	-0.432	-0.439	-0.438	-0.441	-0.441	-0.667	-0.330	-0.447	-0.442	-0.452	-0.319	-0.450	-0.449	-0.445	-0.819	-0.794	-0.792	-0.795	-0.818	-0.825	-0.834	-0.818	-0.802	-0.750	-0.803	-0.802	-0.485	-0.801	-0.804	-0.801	-0.796	-0.795	-0.825	-0.821	-0.771	-0.723	-0.819	-0.824	+0.347	-0.829	-0.828	-0.805	-0.620	-0.824	-0.713	-0.824	-0.798	-0.824	-0.833	-0.829	-0.825	+0.433	-0.828	-0.827	-0.825	-0.824	-0.824	-0.824	-0.747	-0.747	-0.824	-0.736	-0.753	-0.758	-0.493	+0.379	+1.108	+0.413	+1.068	+1.357	+0.332	+1.422	+0.229	+0.402	+0.451	+0.593	+0.516	-0.473	+0.357	+0.429	+0.377	+1.104	+1.457	-0.473	+1.163	+1.091	+1.101	+0.460	+0.541	+1.214	+0.555	+0.498	+0.436	+0.415	+0.497	+0.414	+0.412	+0.492	+0.409	+0.490	+0.447	+1.200	+0.489	+0.521	+0.434	+0.444	+0.505	+0.530	+0.411	+0.492	+0.499	+1.230	+0.423	+0.420	+0.420	+0.430	+0.619	+0.442	+0.465	+0.426	+0.420	+0.414	+0.420	+0.418	+0.393	+0.418	+0.411	+0.366	+0.344	+0.379	+0.456	+0.421	+0.567	+0.414	+0.393	+0.393	+0.577	+0.393	+0.598	+0.312	+0.362	+0.554	+0.329	+0.384	+0.735	+0.526	+0.360	+0.476	+0.479	+0.479	-0.467	+0.040	+0.561	+0.563	+0.494	+0.559	+0.548	-0.237	-0.613	-0.616	-0.157	+0.066	+0.065	-0.605	+0.289	-0.624	+0.099	-0.076	-0.616	-0.616	-0.095	-0.650	+0.244	-0.641	-0.025	+0.119	-0.026	-0.651	-0.708	-0.707	
rs62057215     -0.435	-0.422	-0.041	-0.435	-0.749	-0.436	-0.437	-0.445	-0.444	-0.447	-0.447	-0.670	-0.447	-0.333	-0.449	-0.460	-0.317	-0.455	-0.452	-0.449	-0.821	-0.796	-0.794	-0.797	-0.820	-0.827	-0.836	-0.820	-0.805	-0.754	-0.806	-0.805	-0.489	-0.804	-0.807	-0.804	-0.799	-0.798	-0.828	-0.824	-0.773	-0.726	-0.822	-0.827	+0.346	-0.832	-0.831	-0.808	-0.622	-0.826	-0.715	-0.826	-0.800	-0.826	-0.835	-0.831	-0.827	+0.432	-0.831	-0.829	-0.827	-0.827	-0.827	-0.827	-0.749	-0.749	-0.827	-0.739	-0.755	-0.761	-0.494	+0.379	+1.107	+0.413	+1.068	+1.357	+0.332	+1.422	+0.229	+0.402	+0.452	+0.593	+0.516	-0.475	+0.357	+0.429	+0.377	+1.103	+1.456	-0.475	+1.162	+1.090	+1.100	+0.460	+0.541	+1.213	+0.556	+0.498	+0.436	+0.415	+0.497	+0.414	+0.412	+0.493	+0.409	+0.490	+0.447	+1.199	+0.490	+0.521	+0.434	+0.444	+0.505	+0.531	+0.411	+0.492	+0.500	+1.229	+0.423	+0.421	+0.420	+0.430	+0.619	+0.443	+0.465	+0.426	+0.420	+0.414	+0.420	+0.418	+0.393	+0.418	+0.411	+0.366	+0.344	+0.380	+0.456	+0.421	+0.566	+0.413	+0.392	+0.392	+0.576	+0.392	+0.597	+0.311	+0.361	+0.553	+0.327	+0.383	+0.734	+0.525	+0.359	+0.476	+0.479	+0.480	-0.469	+0.039	+0.560	+0.562	+0.494	+0.560	+0.549	-0.238	-0.614	-0.618	-0.158	+0.065	+0.065	-0.606	+0.289	-0.625	+0.099	-0.078	-0.618	-0.618	-0.096	-0.652	+0.244	-0.643	-0.026	+0.119	-0.027	-0.653	-0.710	-0.709	
rs62057216     -0.431	-0.418	-0.043	-0.431	-0.748	-0.432	-0.433	-0.440	-0.439	-0.442	-0.442	-0.670	-0.442	-0.449	-0.332	-0.454	-0.319	-0.451	-0.449	-0.445	-0.821	-0.796	-0.794	-0.797	-0.820	-0.827	-0.836	-0.820	-0.804	-0.752	-0.805	-0.804	-0.487	-0.803	-0.806	-0.803	-0.798	-0.797	-0.827	-0.823	-0.772	-0.725	-0.821	-0.826	+0.345	-0.831	-0.830	-0.807	-0.622	-0.826	-0.714	-0.826	-0.799	-0.826	-0.835	-0.831	-0.827	+0.431	-0.831	-0.829	-0.827	-0.826	-0.826	-0.826	-0.749	-0.749	-0.826	-0.738	-0.755	-0.760	-0.496	+0.376	+1.106	+0.410	+1.067	+1.356	+0.329	+1.421	+0.227	+0.400	+0.449	+0.590	+0.513	-0.475	+0.354	+0.426	+0.374	+1.103	+1.455	-0.475	+1.162	+1.089	+1.099	+0.457	+0.538	+1.212	+0.553	+0.495	+0.433	+0.413	+0.494	+0.412	+0.410	+0.490	+0.407	+0.488	+0.444	+1.198	+0.487	+0.518	+0.431	+0.441	+0.502	+0.528	+0.409	+0.490	+0.497	+1.228	+0.420	+0.418	+0.418	+0.427	+0.618	+0.440	+0.462	+0.424	+0.418	+0.411	+0.418	+0.415	+0.391	+0.415	+0.408	+0.364	+0.342	+0.377	+0.453	+0.419	+0.565	+0.412	+0.391	+0.392	+0.575	+0.391	+0.596	+0.311	+0.361	+0.553	+0.327	+0.383	+0.733	+0.525	+0.358	+0.474	+0.476	+0.477	-0.469	+0.038	+0.560	+0.562	+0.491	+0.557	+0.546	-0.238	-0.615	-0.618	-0.158	+0.063	+0.063	-0.607	+0.286	-0.626	+0.097	-0.078	-0.618	-0.618	-0.096	-0.652	+0.242	-0.644	-0.027	+0.117	-0.028	-0.653	-0.710	-0.710	
rs17776417     -0.432	-0.414	-0.036	-0.433	-0.765	-0.434	-0.436	-0.448	-0.446	-0.450	-0.451	-0.689	-0.452	-0.460	-0.454	-0.352	-0.318	-0.461	-0.455	-0.453	-0.839	-0.814	-0.813	-0.815	-0.839	-0.845	-0.854	-0.837	-0.821	-0.770	-0.822	-0.821	-0.503	-0.821	-0.823	-0.821	-0.815	-0.814	-0.845	-0.841	-0.789	-0.742	-0.839	-0.844	+0.331	-0.849	-0.848	-0.825	-0.639	-0.844	-0.731	-0.844	-0.817	-0.844	-0.853	-0.849	-0.845	+0.418	-0.849	-0.847	-0.845	-0.844	-0.844	-0.844	-0.765	-0.765	-0.844	-0.754	-0.771	-0.777	-0.515	+0.354	+1.092	+0.387	+1.052	+1.342	+0.307	+1.406	+0.204	+0.376	+0.425	+0.566	+0.490	-0.501	+0.331	+0.403	+0.351	+1.088	+1.441	-0.501	+1.146	+1.075	+1.085	+0.434	+0.515	+1.197	+0.529	+0.472	+0.410	+0.389	+0.471	+0.388	+0.386	+0.466	+0.383	+0.464	+0.421	+1.184	+0.463	+0.494	+0.408	+0.418	+0.479	+0.504	+0.385	+0.466	+0.473	+1.213	+0.397	+0.395	+0.394	+0.404	+0.602	+0.416	+0.439	+0.400	+0.394	+0.388	+0.394	+0.392	+0.367	+0.392	+0.385	+0.341	+0.319	+0.354	+0.430	+0.395	+0.550	+0.397	+0.376	+0.376	+0.559	+0.376	+0.581	+0.295	+0.345	+0.538	+0.312	+0.367	+0.718	+0.509	+0.343	+0.450	+0.453	+0.453	-0.495	+0.025	+0.544	+0.546	+0.468	+0.533	+0.522	-0.254	-0.637	-0.640	-0.174	+0.041	+0.040	-0.629	+0.263	-0.647	+0.074	-0.093	-0.640	-0.640	-0.111	-0.673	+0.219	-0.665	-0.042	+0.094	-0.042	-0.675	-0.731	-0.730	
rs8075923      -0.319	-0.319	+0.209	-0.319	+0.236	-0.319	-0.319	-0.319	-0.319	-0.319	-0.319	-0.275	-0.319	-0.317	-0.319	-0.318	+0.030	-0.318	-0.315	-0.316	-0.482	-0.463	-0.462	-0.464	-0.482	-0.493	-0.485	-0.467	-0.454	-0.424	-0.454	-0.454	-0.147	-0.453	-0.456	-0.454	-0.447	-0.446	-0.477	-0.465	-0.446	-0.408	-0.461	-0.469	+0.558	-0.475	-0.480	-0.441	-0.291	-0.479	-0.397	-0.479	-0.459	-0.479	-0.492	-0.484	-0.479	+0.632	-0.484	-0.482	-0.479	-0.479	-0.479	-0.479	-0.428	-0.429	-0.479	-0.419	-0.432	-0.436	-0.173	+0.725	+1.308	+0.772	+1.272	+1.554	+0.685	+1.613	+0.555	+0.757	+0.806	+0.950	+0.848	-0.120	+0.710	+0.759	+0.734	+1.308	+1.650	-0.120	+1.374	+1.296	+1.305	+0.815	+0.872	+1.413	+0.886	+0.828	+0.790	+0.769	+0.827	+0.768	+0.766	+0.822	+0.763	+0.820	+0.804	+1.400	+0.820	+0.850	+0.788	+0.772	+0.836	+0.858	+0.765	+0.820	+0.829	+1.430	+0.776	+0.774	+0.774	+0.784	+0.867	+0.770	+0.792	+0.780	+0.774	+0.767	+0.774	+0.771	+0.747	+0.771	+0.764	+0.723	+0.700	+0.711	+0.784	+0.775	+0.816	+0.701	+0.681	+0.682	+0.826	+0.681	+0.846	+0.603	+0.652	+0.845	+0.619	+0.638	+0.982	+0.778	+0.649	+0.831	+0.833	+0.834	-0.113	+0.348	+0.812	+0.814	+0.848	+0.916	+0.902	+0.194	-0.291	-0.296	+0.255	+0.446	+0.445	-0.274	+0.681	-0.293	+0.490	+0.341	-0.285	-0.285	+0.321	-0.317	+0.636	-0.309	+0.394	+0.508	+0.393	-0.318	-0.371	-0.371	
rs17703289     -0.439	-0.428	-0.045	-0.439	-0.748	-0.440	-0.441	-0.448	-0.447	-0.449	-0.450	-0.669	-0.450	-0.455	-0.451	-0.461	-0.318	-0.332	-0.446	-0.440	-0.820	-0.795	-0.794	-0.796	-0.820	-0.826	-0.835	-0.819	-0.803	-0.752	-0.804	-0.803	-0.486	-0.803	-0.805	-0.803	-0.797	-0.796	-0.827	-0.823	-0.772	-0.725	-0.821	-0.826	+0.346	-0.830	-0.830	-0.807	-0.622	-0.825	-0.714	-0.825	-0.799	-0.826	-0.835	-0.830	-0.826	+0.432	-0.830	-0.828	-0.826	-0.826	-0.826	-0.826	-0.748	-0.748	-0.826	-0.738	-0.754	-0.760	-0.495	+0.377	+1.106	+0.412	+1.067	+1.356	+0.331	+1.421	+0.228	+0.401	+0.450	+0.590	+0.515	-0.474	+0.355	+0.428	+0.375	+1.103	+1.455	-0.474	+1.162	+1.090	+1.100	+0.459	+0.540	+1.212	+0.554	+0.497	+0.435	+0.414	+0.496	+0.413	+0.411	+0.491	+0.408	+0.489	+0.446	+1.199	+0.488	+0.520	+0.433	+0.443	+0.504	+0.529	+0.410	+0.491	+0.498	+1.228	+0.421	+0.419	+0.419	+0.428	+0.618	+0.441	+0.464	+0.425	+0.419	+0.412	+0.419	+0.416	+0.392	+0.416	+0.409	+0.365	+0.343	+0.378	+0.455	+0.420	+0.565	+0.413	+0.392	+0.392	+0.575	+0.392	+0.596	+0.311	+0.361	+0.553	+0.327	+0.383	+0.733	+0.525	+0.358	+0.475	+0.477	+0.478	-0.468	+0.039	+0.560	+0.562	+0.493	+0.558	+0.547	-0.238	-0.614	-0.617	-0.158	+0.065	+0.064	-0.606	+0.288	-0.625	+0.098	-0.078	-0.617	-0.617	-0.096	-0.651	+0.243	-0.643	-0.026	+0.118	-0.027	-0.652	-0.709	-0.709	
rs17703295     -0.442	-0.435	-0.048	-0.442	-0.731	-0.443	-0.444	-0.448	-0.447	-0.449	-0.449	-0.649	-0.449	-0.452	-0.449	-0.455	-0.315	-0.446	-0.311	-0.442	-0.800	-0.774	-0.772	-0.775	-0.799	-0.806	-0.816	-0.801	-0.786	-0.735	-0.787	-0.786	-0.472	-0.785	-0.787	-0.785	-0.780	-0.779	-0.807	-0.804	-0.755	-0.708	-0.802	-0.807	+0.364	-0.811	-0.810	-0.789	-0.602	-0.806	-0.695	-0.806	-0.781	-0.806	-0.814	-0.810	-0.807	+0.450	-0.810	-0.808	-0.807	-0.806	-0.806	-0.806	-0.731	-0.731	-0.806	-0.721	-0.737	-0.742	-0.469	+0.411	+1.124	+0.446	+1.085	+1.374	+0.364	+1.439	+0.260	+0.435	+0.485	+0.626	+0.550	-0.443	+0.389	+0.462	+0.409	+1.120	+1.473	-0.443	+1.180	+1.107	+1.117	+0.493	+0.575	+1.229	+0.589	+0.531	+0.468	+0.448	+0.530	+0.447	+0.445	+0.525	+0.442	+0.523	+0.479	+1.216	+0.523	+0.554	+0.466	+0.476	+0.538	+0.564	+0.443	+0.525	+0.532	+1.245	+0.455	+0.453	+0.452	+0.462	+0.637	+0.475	+0.498	+0.458	+0.452	+0.446	+0.452	+0.450	+0.425	+0.450	+0.443	+0.398	+0.376	+0.412	+0.489	+0.453	+0.585	+0.432	+0.411	+0.411	+0.594	+0.411	+0.616	+0.330	+0.380	+0.571	+0.346	+0.402	+0.752	+0.544	+0.377	+0.509	+0.511	+0.512	-0.437	+0.056	+0.579	+0.581	+0.526	+0.592	+0.581	-0.219	-0.589	-0.592	-0.140	+0.094	+0.093	-0.581	+0.319	-0.600	+0.128	-0.060	-0.592	-0.592	-0.078	-0.626	+0.274	-0.618	-0.008	+0.147	-0.009	-0.628	-0.685	-0.685	
rs62057219     -0.436	-0.426	-0.045	-0.436	-0.741	-0.437	-0.437	-0.443	-0.442	-0.444	-0.444	-0.660	-0.445	-0.449	-0.445	-0.453	-0.316	-0.440	-0.442	-0.323	-0.812	-0.787	-0.785	-0.788	-0.811	-0.818	-0.827	-0.811	-0.795	-0.744	-0.796	-0.795	-0.479	-0.795	-0.797	-0.795	-0.789	-0.788	-0.818	-0.815	-0.764	-0.717	-0.812	-0.818	+0.352	-0.822	-0.821	-0.799	-0.614	-0.817	-0.707	-0.817	-0.791	-0.817	-0.826	-0.822	-0.818	+0.438	-0.822	-0.820	-0.818	-0.818	-0.818	-0.818	-0.741	-0.741	-0.818	-0.730	-0.746	-0.752	-0.486	+0.386	+1.113	+0.420	+1.074	+1.363	+0.339	+1.428	+0.236	+0.410	+0.459	+0.599	+0.524	-0.462	+0.364	+0.437	+0.384	+1.110	+1.462	-0.462	+1.169	+1.097	+1.107	+0.468	+0.549	+1.219	+0.563	+0.506	+0.444	+0.423	+0.505	+0.422	+0.420	+0.500	+0.417	+0.498	+0.455	+1.206	+0.497	+0.529	+0.441	+0.452	+0.513	+0.538	+0.419	+0.500	+0.507	+1.235	+0.430	+0.428	+0.428	+0.437	+0.626	+0.450	+0.473	+0.434	+0.428	+0.421	+0.428	+0.425	+0.401	+0.425	+0.418	+0.374	+0.352	+0.387	+0.464	+0.429	+0.573	+0.420	+0.399	+0.399	+0.583	+0.399	+0.604	+0.318	+0.369	+0.560	+0.335	+0.391	+0.740	+0.533	+0.366	+0.484	+0.486	+0.487	-0.456	+0.044	+0.568	+0.570	+0.501	+0.567	+0.556	-0.230	-0.605	-0.608	-0.151	+0.073	+0.073	-0.597	+0.297	-0.616	+0.107	-0.071	-0.608	-0.608	-0.089	-0.642	+0.252	-0.634	-0.019	+0.127	-0.020	-0.643	-0.700	-0.700	
rs1812195      -0.803	-0.792	-0.236	-0.803	-1.004	-0.804	-0.806	-0.815	-0.814	-0.816	-0.818	-0.983	-0.819	-0.821	-0.821	-0.839	-0.482	-0.820	-0.800	-0.812	-0.634	-0.683	-0.711	-0.732	-0.808	-1.004	-0.910	-0.849	-0.816	-0.610	-0.838	-0.816	-0.087	-0.816	-0.823	-0.817	-0.797	-0.795	-0.986	-0.975	-0.963	-0.902	-0.971	-0.987	+0.137	-1.002	-1.001	-0.942	-0.822	-1.072	-0.819	-1.072	-1.018	-1.071	-1.049	-1.025	-1.075	+0.231	-1.026	-1.024	-1.076	-1.075	-1.075	-1.074	-0.935	-0.936	-1.075	-0.919	-0.946	-0.955	-0.769	-0.011	+0.895	+0.013	+0.854	+1.148	-0.062	+1.213	-0.161	-0.006	+0.039	+0.177	+0.098	-0.906	-0.045	+0.018	-0.025	+0.887	+1.242	-0.906	+0.937	+0.873	+0.883	+0.050	+0.121	+0.998	+0.135	+0.080	+0.027	+0.008	+0.079	+0.007	+0.005	+0.075	+0.002	+0.073	+0.038	+0.983	+0.072	+0.101	+0.025	+0.028	+0.088	+0.111	+0.004	+0.074	+0.082	+1.010	+0.015	+0.013	+0.012	+0.021	+0.397	+0.027	+0.048	+0.018	+0.012	+0.006	+0.012	+0.010	-0.013	+0.010	+0.003	-0.040	-0.061	-0.034	+0.040	+0.013	+0.342	+0.191	+0.169	+0.169	+0.352	+0.169	+0.374	+0.085	+0.137	+0.337	+0.102	+0.157	+0.518	+0.300	+0.135	+0.062	+0.065	+0.065	-0.897	-0.132	+0.337	+0.339	+0.079	+0.140	+0.130	-0.472	-0.984	-0.988	-0.383	-0.327	-0.328	-0.976	-0.119	-0.991	-0.300	-0.299	-0.985	-0.985	-0.318	-1.012	-0.161	-1.005	-0.246	-0.283	-0.247	-1.013	-1.053	-1.053	
rs4795526      -0.778	-0.766	-0.218	-0.778	-0.981	-0.779	-0.781	-0.790	-0.789	-0.791	-0.793	-0.961	-0.794	-0.796	-0.796	-0.814	-0.463	-0.795	-0.774	-0.787	-0.683	-0.609	-0.766	-0.774	-0.766	-0.983	-0.839	-0.764	-0.728	-0.477	-0.755	-0.728	+0.088	-0.727	-0.736	-0.729	-0.705	-0.702	-0.941	-0.924	-0.922	-0.859	-0.919	-0.939	+0.145	-0.957	-0.958	-0.885	-0.779	-1.041	-0.760	-1.041	-0.982	-1.041	-1.020	-0.991	-1.044	+0.237	-0.993	-0.991	-1.046	-1.044	-1.045	-1.044	-0.894	-0.894	-1.044	-0.877	-0.906	-0.915	-0.784	-0.000	+0.903	+0.023	+0.862	+1.156	-0.051	+1.220	-0.148	+0.005	+0.050	+0.186	+0.109	-0.886	-0.033	+0.031	-0.014	+0.896	+1.251	-0.886	+0.950	+0.882	+0.892	+0.062	+0.133	+1.006	+0.146	+0.093	+0.039	+0.019	+0.092	+0.018	+0.016	+0.087	+0.014	+0.085	+0.049	+0.992	+0.084	+0.113	+0.037	+0.041	+0.100	+0.123	+0.016	+0.086	+0.094	+1.020	+0.027	+0.024	+0.024	+0.033	+0.394	+0.039	+0.060	+0.030	+0.024	+0.018	+0.024	+0.022	-0.001	+0.022	+0.015	-0.028	-0.049	-0.021	+0.052	+0.025	+0.340	+0.190	+0.168	+0.168	+0.350	+0.168	+0.372	+0.085	+0.137	+0.340	+0.102	+0.156	+0.520	+0.298	+0.134	+0.074	+0.076	+0.077	-0.877	-0.102	+0.335	+0.337	+0.090	+0.152	+0.141	-0.449	-0.964	-0.968	-0.364	-0.313	-0.314	-0.957	-0.111	-0.972	-0.289	-0.281	-0.966	-0.966	-0.300	-0.992	-0.152	-0.986	-0.228	-0.271	-0.228	-0.993	-1.033	-1.032	
rs4795530      -0.776	-0.765	-0.217	-0.776	-0.979	-0.778	-0.779	-0.788	-0.787	-0.789	-0.792	-0.959	-0.792	-0.794	-0.794	-0.813	-0.462	-0.794	-0.772	-0.785	-0.711	-0.766	-0.608	-0.758	-0.735	-0.979	-0.828	-0.752	-0.715	-0.454	-0.742	-0.714	+0.122	-0.714	-0.723	-0.716	-0.691	-0.688	-0.935	-0.918	-0.917	-0.854	-0.913	-0.933	+0.146	-0.951	-0.953	-0.878	-0.778	-1.038	-0.756	-1.038	-0.978	-1.038	-1.017	-0.987	-1.041	+0.237	-0.989	-0.987	-1.043	-1.041	-1.042	-1.041	-0.889	-0.890	-1.042	-0.872	-0.901	-0.911	-0.784	-0.001	+0.903	+0.022	+0.863	+1.157	-0.051	+1.221	-0.149	+0.004	+0.049	+0.185	+0.108	-0.885	-0.034	+0.030	-0.014	+0.896	+1.252	-0.885	+0.951	+0.882	+0.893	+0.062	+0.133	+1.007	+0.146	+0.093	+0.039	+0.019	+0.092	+0.018	+0.016	+0.087	+0.014	+0.085	+0.049	+0.992	+0.084	+0.113	+0.037	+0.041	+0.100	+0.123	+0.016	+0.086	+0.094	+1.020	+0.027	+0.024	+0.024	+0.033	+0.394	+0.040	+0.060	+0.030	+0.024	+0.018	+0.024	+0.022	-0.001	+0.022	+0.015	-0.027	-0.048	-0.020	+0.052	+0.025	+0.340	+0.190	+0.168	+0.168	+0.349	+0.168	+0.371	+0.085	+0.136	+0.340	+0.102	+0.156	+0.520	+0.298	+0.134	+0.074	+0.076	+0.077	-0.876	-0.101	+0.334	+0.337	+0.091	+0.152	+0.142	-0.447	-0.963	-0.967	-0.363	-0.313	-0.314	-0.956	-0.110	-0.971	-0.289	-0.279	-0.965	-0.965	-0.299	-0.991	-0.152	-0.985	-0.226	-0.271	-0.227	-0.992	-1.031	-1.031	
rs9905895      -0.779	-0.768	-0.219	-0.779	-0.982	-0.780	-0.782	-0.791	-0.790	-0.792	-0.794	-0.961	-0.795	-0.797	-0.797	-0.815	-0.464	-0.796	-0.775	-0.788	-0.732	-0.774	-0.758	-0.610	-0.727	-0.981	-0.832	-0.756	-0.718	-0.456	-0.745	-0.717	+0.117	-0.717	-0.726	-0.717	-0.694	-0.691	-0.937	-0.920	-0.920	-0.857	-0.915	-0.935	+0.144	-0.954	-0.955	-0.881	-0.780	-1.041	-0.758	-1.041	-0.981	-1.040	-1.019	-0.989	-1.044	+0.236	-0.991	-0.989	-1.045	-1.044	-1.044	-1.044	-0.892	-0.892	-1.044	-0.874	-0.904	-0.914	-0.784	-0.003	+0.900	+0.020	+0.859	+1.153	-0.053	+1.217	-0.151	+0.003	+0.048	+0.183	+0.106	-0.887	-0.036	+0.028	-0.016	+0.893	+1.248	-0.887	+0.946	+0.879	+0.889	+0.060	+0.131	+1.003	+0.144	+0.091	+0.037	+0.017	+0.089	+0.016	+0.014	+0.085	+0.012	+0.083	+0.047	+0.988	+0.082	+0.111	+0.035	+0.039	+0.098	+0.121	+0.014	+0.085	+0.092	+1.016	+0.025	+0.023	+0.022	+0.031	+0.393	+0.038	+0.059	+0.028	+0.022	+0.016	+0.022	+0.020	-0.003	+0.020	+0.013	-0.029	-0.050	-0.022	+0.050	+0.023	+0.339	+0.188	+0.167	+0.167	+0.348	+0.167	+0.370	+0.083	+0.135	+0.338	+0.100	+0.155	+0.518	+0.297	+0.132	+0.072	+0.075	+0.075	-0.878	-0.104	+0.333	+0.336	+0.089	+0.150	+0.140	-0.451	-0.965	-0.969	-0.367	-0.315	-0.316	-0.958	-0.112	-0.972	-0.291	-0.283	-0.966	-0.966	-0.302	-0.993	-0.154	-0.987	-0.230	-0.273	-0.231	-0.994	-1.033	-1.033	
rs4795544      -0.802	-0.791	-0.236	-0.803	-1.004	-0.804	-0.805	-0.815	-0.813	-0.816	-0.818	-0.983	-0.818	-0.820	-0.820	-0.839	-0.482	-0.820	-0.799	-0.811	-0.808	-0.766	-0.735	-0.727	-0.633	-0.999	-0.891	-0.825	-0.791	-0.564	-0.814	-0.791	-0.019	-0.790	-0.798	-0.791	-0.770	-0.767	-0.976	-0.964	-0.957	-0.896	-0.961	-0.977	+0.135	-0.993	-0.993	-0.930	-0.818	-1.069	-0.811	-1.069	-1.013	-1.069	-1.044	-1.019	-1.072	+0.229	-1.020	-1.018	-1.073	-1.072	-1.072	-1.072	-0.929	-0.930	-1.072	-0.913	-0.940	-0.950	-0.770	-0.014	+0.892	+0.011	+0.851	+1.145	-0.064	+1.209	-0.164	-0.009	+0.036	+0.174	+0.095	-0.907	-0.047	+0.016	-0.028	+0.884	+1.239	-0.907	+0.933	+0.870	+0.880	+0.048	+0.119	+0.994	+0.132	+0.078	+0.025	+0.005	+0.077	+0.005	+0.003	+0.073	-0.000	+0.071	+0.036	+0.979	+0.070	+0.099	+0.023	+0.026	+0.085	+0.109	+0.002	+0.072	+0.080	+1.007	+0.013	+0.010	+0.010	+0.019	+0.396	+0.025	+0.046	+0.016	+0.010	+0.004	+0.010	+0.008	-0.015	+0.008	+0.001	-0.042	-0.063	-0.036	+0.038	+0.011	+0.342	+0.190	+0.168	+0.168	+0.351	+0.168	+0.374	+0.083	+0.136	+0.335	+0.101	+0.156	+0.516	+0.299	+0.133	+0.060	+0.062	+0.063	-0.897	-0.133	+0.336	+0.338	+0.077	+0.138	+0.128	-0.474	-0.984	-0.988	-0.386	-0.329	-0.330	-0.976	-0.122	-0.991	-0.302	-0.302	-0.985	-0.985	-0.321	-1.012	-0.164	-1.005	-0.249	-0.285	-0.249	-1.013	-1.053	-1.053	
rs9902474      -0.809	-0.798	-0.245	-0.809	-1.015	-0.810	-0.812	-0.821	-0.820	-0.822	-0.824	-0.989	-0.825	-0.827	-0.827	-0.845	-0.493	-0.826	-0.806	-0.818	-1.004	-0.983	-0.979	-0.981	-0.999	-0.641	-0.803	-0.709	-0.736	-0.666	-0.766	-0.735	+0.120	-0.734	-0.747	-0.741	-0.715	-0.712	-0.959	-0.927	-0.939	-0.877	-0.924	-0.944	+0.131	-0.960	-0.983	-0.889	-0.831	-1.050	-0.841	-1.051	-0.974	-1.050	-1.017	-1.011	-1.054	+0.226	-1.011	-1.008	-1.056	-1.054	-1.055	-1.054	-0.917	-0.917	-1.054	-0.900	-0.929	-0.939	-0.734	-0.015	+0.889	+0.009	+0.848	+1.141	-0.066	+1.206	-0.166	-0.011	+0.034	+0.174	+0.094	-0.913	-0.050	+0.014	-0.030	+0.880	+1.235	-0.913	+0.929	+0.866	+0.876	+0.045	+0.117	+0.991	+0.130	+0.076	+0.022	+0.002	+0.075	+0.002	-0.001	+0.070	-0.003	+0.069	+0.033	+0.976	+0.068	+0.097	+0.020	+0.023	+0.083	+0.107	-0.001	+0.069	+0.077	+1.003	+0.009	+0.007	+0.007	+0.016	+0.396	+0.022	+0.043	+0.012	+0.007	+0.001	+0.007	+0.004	-0.019	+0.005	-0.002	-0.046	-0.067	-0.040	+0.035	+0.008	+0.341	+0.184	+0.162	+0.162	+0.351	+0.162	+0.373	+0.078	+0.130	+0.330	+0.095	+0.155	+0.514	+0.298	+0.128	+0.057	+0.059	+0.060	-0.903	-0.155	+0.335	+0.337	+0.073	+0.135	+0.125	-0.489	-0.986	-0.990	-0.392	-0.335	-0.336	-0.977	-0.124	-0.992	-0.307	-0.307	-0.986	-0.986	-0.326	-1.013	-0.166	-1.006	-0.252	-0.289	-0.253	-1.014	-1.055	-1.055	
rs62058562     -0.818	-0.807	-0.236	-0.818	-1.014	-0.819	-0.821	-0.830	-0.829	-0.831	-0.833	-0.987	-0.834	-0.836	-0.836	-0.854	-0.485	-0.835	-0.816	-0.827	-0.910	-0.839	-0.828	-0.832	-0.891	-0.803	-0.639	-0.734	-0.819	-0.783	-0.839	-0.818	+0.070	-0.817	-0.825	-0.821	-0.811	-0.810	-0.932	-0.948	-0.986	-0.934	-0.952	-0.957	+0.182	-0.960	-0.964	-0.942	-0.875	-1.065	-0.913	-1.066	-1.030	-1.066	-0.949	-0.954	-1.067	+0.283	-0.951	-0.943	-1.067	-1.067	-1.067	-1.067	-0.966	-0.966	-1.067	-0.952	-0.975	-0.982	-0.409	+0.116	+0.943	+0.139	+0.901	+1.192	+0.054	+1.260	-0.050	+0.109	+0.157	+0.314	+0.232	-0.897	+0.069	+0.143	+0.088	+0.931	+1.285	-0.897	+0.967	+0.917	+0.927	+0.166	+0.249	+1.040	+0.263	+0.205	+0.141	+0.120	+0.203	+0.119	+0.117	+0.198	+0.114	+0.196	+0.151	+1.025	+0.195	+0.227	+0.138	+0.148	+0.212	+0.240	+0.115	+0.196	+0.205	+1.051	+0.126	+0.124	+0.124	+0.133	+0.499	+0.145	+0.168	+0.130	+0.124	+0.117	+0.124	+0.121	+0.096	+0.121	+0.114	+0.065	+0.043	+0.077	+0.159	+0.125	+0.442	+0.266	+0.243	+0.243	+0.452	+0.243	+0.475	+0.154	+0.209	+0.392	+0.172	+0.248	+0.594	+0.396	+0.206	+0.174	+0.177	+0.177	-0.888	-0.126	+0.435	+0.437	+0.192	+0.255	+0.244	-0.427	-0.975	-0.979	-0.314	-0.260	-0.261	-0.968	-0.018	-0.984	-0.218	-0.224	-0.978	-0.978	-0.244	-1.006	-0.063	-0.999	-0.165	-0.199	-0.166	-1.007	-1.050	-1.050	
rs1875043      -0.802	-0.791	-0.218	-0.802	-0.995	-0.804	-0.805	-0.814	-0.813	-0.815	-0.817	-0.964	-0.818	-0.820	-0.820	-0.837	-0.467	-0.819	-0.801	-0.811	-0.849	-0.764	-0.752	-0.756	-0.825	-0.709	-0.734	-0.616	-0.835	-0.820	-0.846	-0.835	-0.144	-0.834	-0.839	-0.837	-0.833	-0.833	-0.885	-0.922	-0.982	-0.937	-0.930	-0.929	+0.219	-0.925	-0.923	-0.933	-0.865	-1.044	-0.915	-1.044	-1.019	-1.044	-0.887	-0.899	-1.045	+0.323	-0.894	-0.883	-1.045	-1.045	-1.045	-1.045	-0.965	-0.966	-1.045	-0.953	-0.973	-0.979	-0.269	+0.181	+0.981	+0.202	+0.939	+1.229	+0.116	+1.298	+0.011	+0.171	+0.219	+0.381	+0.298	-0.870	+0.129	+0.206	+0.149	+0.969	+1.322	-0.870	+1.000	+0.954	+0.964	+0.228	+0.314	+1.077	+0.328	+0.269	+0.203	+0.181	+0.268	+0.180	+0.178	+0.262	+0.174	+0.260	+0.213	+1.061	+0.259	+0.292	+0.199	+0.210	+0.277	+0.306	+0.176	+0.259	+0.269	+1.087	+0.187	+0.185	+0.185	+0.194	+0.555	+0.208	+0.231	+0.190	+0.184	+0.178	+0.184	+0.182	+0.157	+0.182	+0.175	+0.124	+0.101	+0.138	+0.222	+0.186	+0.497	+0.314	+0.291	+0.291	+0.507	+0.291	+0.531	+0.201	+0.256	+0.433	+0.219	+0.301	+0.641	+0.450	+0.253	+0.235	+0.237	+0.238	-0.860	-0.089	+0.489	+0.491	+0.252	+0.316	+0.306	-0.384	-0.948	-0.952	-0.268	-0.213	-0.213	-0.941	+0.039	-0.957	-0.167	-0.175	-0.951	-0.951	-0.196	-0.979	-0.007	-0.972	-0.115	-0.147	-0.116	-0.981	-1.025	-1.025	
rs12306        -0.786	-0.776	-0.206	-0.787	-0.981	-0.788	-0.789	-0.798	-0.797	-0.799	-0.801	-0.948	-0.802	-0.805	-0.804	-0.821	-0.454	-0.803	-0.786	-0.795	-0.816	-0.728	-0.715	-0.718	-0.791	-0.736	-0.819	-0.835	-0.598	-0.777	-0.758	-0.733	+0.319	-0.733	-0.737	-0.740	-0.745	-0.746	-0.802	-0.898	-0.978	-0.925	-0.908	-0.904	+0.233	-0.898	-0.862	-0.917	-0.851	-1.033	-0.901	-1.033	-1.011	-1.033	-0.856	-0.825	-1.034	+0.337	-0.819	-0.803	-1.033	-1.033	-1.033	-1.033	-0.953	-0.953	-1.033	-0.941	-0.960	-0.966	-0.187	+0.217	+0.999	+0.255	+0.956	+1.248	+0.166	+1.315	+0.045	+0.222	+0.271	+0.437	+0.334	-0.853	+0.179	+0.242	+0.200	+0.986	+1.339	-0.853	+1.016	+0.971	+0.981	+0.279	+0.350	+1.094	+0.364	+0.304	+0.253	+0.231	+0.303	+0.230	+0.227	+0.297	+0.224	+0.295	+0.263	+1.078	+0.294	+0.327	+0.249	+0.245	+0.312	+0.341	+0.225	+0.294	+0.304	+1.103	+0.237	+0.234	+0.234	+0.244	+0.576	+0.242	+0.266	+0.240	+0.234	+0.227	+0.234	+0.231	+0.206	+0.231	+0.224	+0.172	+0.149	+0.171	+0.256	+0.235	+0.518	+0.359	+0.335	+0.336	+0.528	+0.335	+0.552	+0.243	+0.300	+0.480	+0.262	+0.321	+0.667	+0.471	+0.297	+0.285	+0.287	+0.288	-0.843	-0.054	+0.511	+0.513	+0.302	+0.367	+0.356	-0.366	-0.933	-0.938	-0.249	-0.166	-0.166	-0.924	+0.056	-0.940	-0.142	-0.157	-0.934	-0.934	-0.177	-0.962	+0.010	-0.955	-0.097	-0.122	-0.098	-0.964	-1.008	-1.008	
