## Summary of overall evidence for association with region:
## log10(BF for region) = -0.32481
## p-value for region = NA

## BFs for choosing among multi-SNP models:
## log10(average 1-SNP BF) = -0.273085
## log10(average 2-SNP BF) = -0.451473

## Example posterior probabilities for multi-SNP models, based on default prior: [p(l) propto 0.5^l for l=1,2,...,L]
## posterior probability of 1-SNP = 0.75099
## posterior probability of 2-SNP = 0.24901

## log10(BF) for single SNP and pair of SNPs:
rs2443085      -0.661	-0.795	-0.816	-0.706	-0.959	-0.957	-0.708	-0.511	-0.539	-0.531	-0.662	-0.680	-0.954	-0.955	-0.949	-0.840	-0.840	-0.966	-0.967	-0.966	-0.964	-0.602	-0.870	-0.092	-0.961	-0.946	-0.470	-0.946	-0.947	-0.448	-0.438	-0.434	-0.432	-0.952	-0.950	-0.953	-0.951	-0.460	-0.951	-0.952	-0.471	-0.954	-0.688	-0.954	-0.954	-0.954	-0.954	-0.856	-0.953	-0.954	-0.955	-1.028	-0.906	-1.032	-0.906	-0.911	-0.906	-1.033	-0.899	-0.906	-1.016	-0.992	-1.019	-1.020	-0.764	-1.058	-1.037	-0.980	-1.000	-0.994	-1.007	-0.993	-0.981	-0.966	-0.970	-0.956	-0.963	-0.969	-1.006	-0.993	-0.870	-0.974	-0.974	-0.862	-0.912	-0.965	-0.965	-0.966	-0.835	-1.004	-1.005	-0.910	-1.005	-1.006	-0.961	-1.005	-0.819	-0.881	-0.951	-1.006	-1.006	-0.958	-1.006	-1.005	-0.880	-0.889	-0.998	-0.891	-0.885	-1.001	-1.002	-0.888	-0.615	-0.982	-0.873	-0.890	-0.601	-0.597	-0.875	-0.992	-0.950	-0.998	-0.822	-0.869	-0.873	-0.855	-0.996	-0.881	-0.588	-0.855	-0.895	-0.916	-0.869	-0.511	-0.516	-0.304	-0.534	-0.518	-0.532	-0.519	-0.583	-0.505	-0.344	-0.686	-0.515	-0.992	-0.712	-0.521	-1.008	-0.992	-0.986	-0.509	-0.548	-0.578	-0.513	-0.995	-0.378	-0.529	-0.909	-0.992	-0.527	-0.501	-0.527	-0.939	-1.008	-0.519	-0.992	-0.687	-0.416	-0.941	-0.473	-0.992	-0.359	-0.685	-0.995	-0.531	-1.007	-0.525	-0.558	-1.050	
rs2443091      -0.795	-0.658	-0.828	-0.629	-0.917	-0.912	-0.724	-0.414	-0.444	-0.436	-0.679	-0.697	-0.952	-0.953	-0.947	-0.843	-0.843	-0.964	-0.965	-0.964	-0.962	-0.516	-0.854	-0.059	-0.959	-0.943	-0.447	-0.942	-0.943	-0.424	-0.414	-0.409	-0.408	-0.948	-0.947	-0.949	-0.947	-0.437	-0.948	-0.949	-0.448	-0.951	-0.614	-0.951	-0.951	-0.951	-0.952	-0.866	-0.950	-0.951	-0.952	-1.020	-0.900	-1.024	-0.901	-0.905	-0.901	-1.025	-0.894	-0.900	-1.008	-0.962	-1.010	-1.012	-0.754	-1.051	-1.029	-0.948	-0.971	-0.984	-0.998	-0.963	-0.972	-0.957	-0.960	-0.946	-0.953	-0.936	-0.998	-0.984	-0.872	-0.964	-0.964	-0.864	-0.890	-0.931	-0.931	-0.933	-0.809	-1.002	-1.004	-0.905	-1.003	-1.004	-0.941	-1.003	-0.799	-0.882	-0.926	-1.004	-1.004	-0.924	-1.004	-1.003	-0.874	-0.889	-0.969	-0.891	-0.879	-1.000	-1.001	-0.888	-0.584	-0.951	-0.874	-0.890	-0.570	-0.566	-0.869	-0.991	-0.917	-0.993	-0.815	-0.863	-0.866	-0.857	-0.967	-0.875	-0.556	-0.844	-0.895	-0.900	-0.862	-0.493	-0.497	-0.272	-0.515	-0.499	-0.513	-0.501	-0.566	-0.487	-0.313	-0.678	-0.497	-0.962	-0.705	-0.502	-1.004	-0.962	-0.955	-0.491	-0.530	-0.560	-0.494	-0.966	-0.356	-0.511	-0.901	-0.963	-0.508	-0.482	-0.508	-0.940	-1.004	-0.500	-0.963	-0.680	-0.387	-0.933	-0.454	-0.963	-0.328	-0.678	-0.966	-0.512	-0.980	-0.506	-0.540	-1.035	
rs16869175     -0.816	-0.828	-0.321	-0.626	-0.789	-0.786	-0.345	-0.497	-0.517	-0.511	-0.299	-0.327	-0.642	-0.644	-0.638	-0.538	-0.538	-0.654	-0.654	-0.654	-0.653	-0.550	-0.549	+0.062	-0.650	-0.627	-0.288	-0.627	-0.628	-0.267	-0.257	-0.256	-0.252	-0.634	-0.632	-0.636	-0.634	-0.278	-0.634	-0.635	-0.288	-0.637	-0.600	-0.638	-0.639	-0.639	-0.639	-0.550	-0.637	-0.638	-0.640	-0.758	-0.586	-0.761	-0.586	-0.591	-0.586	-0.760	-0.579	-0.586	-0.748	-0.767	-0.750	-0.751	-0.539	-0.775	-0.763	-0.759	-0.772	-0.732	-0.742	-0.768	-0.721	-0.710	-0.714	-0.703	-0.708	-0.749	-0.741	-0.731	-0.566	-0.717	-0.716	-0.559	-0.581	-0.748	-0.748	-0.748	-0.499	-0.552	-0.549	-0.591	-0.543	-0.547	-0.700	-0.539	-0.544	-0.576	-0.706	-0.535	-0.537	-0.742	-0.536	-0.541	-0.559	-0.582	-0.768	-0.583	-0.564	-0.557	-0.549	-0.581	-0.273	-0.757	-0.569	-0.583	-0.260	-0.256	-0.554	-0.568	-0.729	-0.468	-0.498	-0.548	-0.552	-0.552	-0.767	-0.560	-0.248	-0.616	-0.587	-0.675	-0.548	-0.311	-0.315	+0.055	-0.332	-0.317	-0.329	-0.318	-0.376	-0.305	+0.015	-0.462	-0.315	-0.763	-0.486	-0.319	-0.544	-0.763	-0.759	-0.309	-0.345	-0.371	-0.312	-0.764	-0.185	-0.328	-0.592	-0.763	-0.325	-0.301	-0.325	-0.638	-0.544	-0.318	-0.763	-0.464	-0.057	-0.625	-0.276	-0.764	-0.000	-0.462	-0.765	-0.329	-0.773	-0.323	-0.354	-0.787	
rs11744325     -0.706	-0.629	-0.626	-0.375	-0.668	-0.674	-0.545	-0.338	-0.364	-0.364	-0.508	-0.522	-0.651	-0.654	-0.643	-0.534	-0.534	-0.666	-0.671	-0.669	-0.665	-0.493	-0.659	-0.063	-0.659	-0.678	-0.394	-0.677	-0.678	-0.374	-0.365	-0.364	-0.360	-0.678	-0.678	-0.678	-0.677	-0.385	-0.677	-0.677	-0.394	-0.676	-0.564	-0.676	-0.675	-0.675	-0.675	-0.660	-0.676	-0.675	-0.673	-0.813	-0.657	-0.816	-0.657	-0.661	-0.657	-0.815	-0.653	-0.657	-0.805	-0.672	-0.807	-0.807	-0.619	-0.827	-0.817	-0.692	-0.682	-0.791	-0.799	-0.687	-0.781	-0.770	-0.774	-0.764	-0.769	-0.705	-0.798	-0.790	-0.576	-0.777	-0.777	-0.564	-0.722	-0.701	-0.701	-0.701	-0.662	-0.732	-0.732	-0.661	-0.730	-0.732	-0.719	-0.729	-0.642	-0.588	-0.718	-0.729	-0.729	-0.706	-0.729	-0.730	-0.638	-0.599	-0.691	-0.602	-0.642	-0.732	-0.730	-0.597	-0.471	-0.702	-0.577	-0.600	-0.459	-0.456	-0.635	-0.724	-0.721	-0.692	-0.591	-0.630	-0.633	-0.562	-0.697	-0.639	-0.448	-0.684	-0.607	-0.749	-0.630	-0.416	-0.420	-0.156	-0.436	-0.421	-0.433	-0.423	-0.477	-0.411	-0.193	-0.528	-0.419	-0.711	-0.550	-0.424	-0.717	-0.711	-0.713	-0.414	-0.448	-0.473	-0.417	-0.710	-0.301	-0.432	-0.676	-0.711	-0.430	-0.407	-0.429	-0.645	-0.717	-0.423	-0.711	-0.529	-0.257	-0.699	-0.383	-0.711	-0.206	-0.526	-0.709	-0.433	-0.703	-0.427	-0.456	-0.654	
rs2247870      -0.959	-0.917	-0.789	-0.668	-0.655	-0.790	-0.674	-0.451	-0.483	-0.474	-0.627	-0.646	-0.948	-0.949	-0.943	-0.832	-0.831	-0.960	-0.961	-0.960	-0.958	-0.565	-0.877	-0.126	-0.955	-0.942	-0.489	-0.941	-0.942	-0.467	-0.457	-0.455	-0.451	-0.947	-0.945	-0.947	-0.946	-0.479	-0.946	-0.947	-0.490	-0.948	-0.659	-0.949	-0.949	-0.949	-0.949	-0.831	-0.948	-0.948	-0.949	-1.028	-0.902	-1.032	-0.902	-0.907	-0.902	-1.032	-0.895	-0.902	-1.015	-0.979	-1.018	-1.019	-0.762	-1.055	-1.035	-0.967	-0.987	-0.994	-1.007	-0.981	-0.981	-0.966	-0.971	-0.957	-0.964	-0.957	-1.006	-0.993	-0.863	-0.974	-0.974	-0.853	-0.925	-0.953	-0.953	-0.954	-0.852	-0.993	-0.995	-0.906	-0.995	-0.996	-0.956	-0.995	-0.818	-0.873	-0.945	-0.996	-0.996	-0.947	-0.996	-0.995	-0.876	-0.882	-0.986	-0.884	-0.881	-0.990	-0.992	-0.881	-0.639	-0.971	-0.865	-0.882	-0.626	-0.622	-0.872	-0.982	-0.940	-0.992	-0.819	-0.866	-0.869	-0.847	-0.985	-0.877	-0.613	-0.856	-0.888	-0.925	-0.865	-0.522	-0.527	-0.327	-0.544	-0.528	-0.542	-0.530	-0.592	-0.516	-0.367	-0.682	-0.526	-0.981	-0.708	-0.531	-1.000	-0.981	-0.975	-0.520	-0.558	-0.587	-0.523	-0.984	-0.395	-0.540	-0.907	-0.981	-0.538	-0.512	-0.537	-0.932	-1.000	-0.530	-0.981	-0.683	-0.436	-0.939	-0.485	-0.982	-0.381	-0.681	-0.984	-0.541	-0.996	-0.535	-0.568	-1.037	
rs2247546      -0.957	-0.912	-0.786	-0.674	-0.790	-0.653	-0.670	-0.457	-0.489	-0.480	-0.623	-0.642	-0.946	-0.948	-0.941	-0.830	-0.829	-0.958	-0.960	-0.959	-0.957	-0.570	-0.877	-0.127	-0.954	-0.940	-0.490	-0.940	-0.941	-0.467	-0.457	-0.455	-0.452	-0.945	-0.944	-0.946	-0.945	-0.479	-0.945	-0.945	-0.490	-0.947	-0.663	-0.947	-0.948	-0.948	-0.948	-0.828	-0.947	-0.947	-0.948	-1.027	-0.901	-1.031	-0.901	-0.905	-0.901	-1.031	-0.894	-0.901	-1.014	-0.980	-1.017	-1.018	-0.761	-1.054	-1.034	-0.968	-0.987	-0.993	-1.006	-0.981	-0.980	-0.965	-0.970	-0.956	-0.963	-0.958	-1.005	-0.992	-0.861	-0.973	-0.973	-0.851	-0.925	-0.954	-0.954	-0.955	-0.853	-0.991	-0.993	-0.905	-0.993	-0.994	-0.956	-0.994	-0.818	-0.871	-0.946	-0.995	-0.994	-0.948	-0.994	-0.993	-0.875	-0.880	-0.986	-0.882	-0.880	-0.989	-0.990	-0.879	-0.640	-0.971	-0.863	-0.881	-0.627	-0.623	-0.871	-0.980	-0.941	-0.991	-0.818	-0.865	-0.868	-0.845	-0.985	-0.876	-0.614	-0.855	-0.886	-0.925	-0.864	-0.522	-0.526	-0.328	-0.544	-0.528	-0.541	-0.530	-0.591	-0.516	-0.368	-0.680	-0.526	-0.982	-0.707	-0.531	-0.998	-0.982	-0.976	-0.520	-0.558	-0.587	-0.523	-0.985	-0.395	-0.539	-0.907	-0.982	-0.537	-0.511	-0.537	-0.930	-0.998	-0.529	-0.982	-0.682	-0.437	-0.938	-0.485	-0.982	-0.382	-0.679	-0.985	-0.541	-0.996	-0.535	-0.568	-1.036	
rs6865577      -0.708	-0.724	-0.345	-0.545	-0.674	-0.670	-0.212	-0.421	-0.440	-0.434	-0.280	-0.297	-0.544	-0.545	-0.540	-0.440	-0.439	-0.555	-0.555	-0.555	-0.554	-0.472	-0.440	+0.079	-0.551	-0.524	-0.249	-0.525	-0.526	-0.230	-0.221	-0.219	-0.215	-0.532	-0.530	-0.534	-0.532	-0.240	-0.532	-0.533	-0.249	-0.536	-0.519	-0.537	-0.537	-0.537	-0.538	-0.442	-0.536	-0.536	-0.539	-0.674	-0.482	-0.676	-0.482	-0.487	-0.482	-0.676	-0.475	-0.482	-0.666	-0.676	-0.667	-0.668	-0.479	-0.686	-0.677	-0.668	-0.680	-0.652	-0.660	-0.676	-0.642	-0.632	-0.635	-0.626	-0.630	-0.658	-0.659	-0.651	-0.467	-0.638	-0.638	-0.460	-0.462	-0.657	-0.657	-0.658	-0.377	-0.357	-0.353	-0.487	-0.342	-0.348	-0.606	-0.336	-0.450	-0.477	-0.613	-0.330	-0.333	-0.652	-0.331	-0.340	-0.455	-0.483	-0.676	-0.484	-0.460	-0.368	-0.354	-0.482	-0.144	-0.666	-0.470	-0.483	-0.130	-0.126	-0.450	-0.394	-0.639	-0.245	-0.392	-0.443	-0.447	-0.453	-0.675	-0.456	-0.119	-0.545	-0.487	-0.598	-0.443	-0.256	-0.260	+0.182	-0.276	-0.262	-0.274	-0.263	-0.318	-0.251	+0.141	-0.405	-0.259	-0.672	-0.427	-0.264	-0.359	-0.672	-0.668	-0.254	-0.288	-0.313	-0.257	-0.673	-0.128	-0.272	-0.484	-0.672	-0.270	-0.246	-0.270	-0.539	-0.359	-0.263	-0.672	-0.407	+0.068	-0.519	-0.223	-0.672	+0.125	-0.405	-0.674	-0.273	-0.680	-0.267	-0.297	-0.690	
rs2443087      -0.511	-0.414	-0.497	-0.338	-0.451	-0.457	-0.421	-0.227	-0.359	-0.362	-0.385	-0.399	-0.498	-0.501	-0.489	-0.378	-0.377	-0.515	-0.520	-0.517	-0.513	-0.411	-0.527	-0.014	-0.506	-0.536	-0.323	-0.535	-0.535	-0.305	-0.297	-0.296	-0.292	-0.534	-0.534	-0.533	-0.533	-0.314	-0.533	-0.532	-0.323	-0.531	-0.429	-0.530	-0.530	-0.529	-0.529	-0.531	-0.531	-0.530	-0.526	-0.686	-0.521	-0.688	-0.521	-0.524	-0.521	-0.687	-0.517	-0.521	-0.678	-0.435	-0.680	-0.680	-0.519	-0.695	-0.688	-0.479	-0.452	-0.667	-0.674	-0.464	-0.658	-0.649	-0.652	-0.644	-0.648	-0.507	-0.672	-0.666	-0.424	-0.655	-0.655	-0.410	-0.593	-0.503	-0.503	-0.503	-0.537	-0.587	-0.587	-0.525	-0.584	-0.586	-0.566	-0.583	-0.521	-0.436	-0.561	-0.582	-0.583	-0.515	-0.582	-0.584	-0.505	-0.448	-0.474	-0.453	-0.508	-0.587	-0.585	-0.447	-0.351	-0.499	-0.424	-0.449	-0.339	-0.336	-0.502	-0.579	-0.558	-0.538	-0.464	-0.497	-0.500	-0.411	-0.501	-0.506	-0.329	-0.570	-0.457	-0.634	-0.497	-0.336	-0.339	-0.035	-0.354	-0.340	-0.351	-0.342	-0.391	-0.331	-0.071	-0.420	-0.339	-0.525	-0.441	-0.343	-0.567	-0.525	-0.530	-0.334	-0.365	-0.388	-0.336	-0.524	-0.227	-0.350	-0.544	-0.525	-0.348	-0.327	-0.348	-0.492	-0.567	-0.342	-0.525	-0.421	-0.135	-0.565	-0.306	-0.525	-0.084	-0.418	-0.521	-0.351	-0.508	-0.346	-0.373	-0.433	
rs72782791     -0.539	-0.444	-0.517	-0.364	-0.483	-0.489	-0.440	-0.359	-0.249	-0.362	-0.405	-0.418	-0.522	-0.524	-0.512	-0.402	-0.401	-0.538	-0.543	-0.540	-0.536	-0.426	-0.547	-0.024	-0.529	-0.558	-0.335	-0.557	-0.557	-0.317	-0.309	-0.308	-0.304	-0.556	-0.556	-0.555	-0.555	-0.326	-0.555	-0.554	-0.335	-0.553	-0.449	-0.553	-0.552	-0.552	-0.551	-0.551	-0.553	-0.552	-0.548	-0.705	-0.542	-0.707	-0.542	-0.545	-0.542	-0.706	-0.538	-0.542	-0.698	-0.466	-0.699	-0.700	-0.535	-0.716	-0.708	-0.507	-0.483	-0.686	-0.693	-0.494	-0.677	-0.667	-0.671	-0.663	-0.667	-0.534	-0.692	-0.685	-0.447	-0.674	-0.674	-0.433	-0.612	-0.530	-0.530	-0.530	-0.556	-0.608	-0.608	-0.545	-0.606	-0.608	-0.589	-0.605	-0.540	-0.459	-0.584	-0.604	-0.604	-0.540	-0.604	-0.606	-0.525	-0.471	-0.502	-0.475	-0.529	-0.609	-0.607	-0.470	-0.368	-0.525	-0.447	-0.472	-0.357	-0.354	-0.522	-0.601	-0.581	-0.561	-0.484	-0.518	-0.520	-0.434	-0.527	-0.526	-0.346	-0.588	-0.480	-0.652	-0.517	-0.349	-0.353	-0.053	-0.367	-0.354	-0.365	-0.355	-0.405	-0.344	-0.089	-0.436	-0.352	-0.551	-0.458	-0.356	-0.589	-0.551	-0.556	-0.347	-0.379	-0.402	-0.350	-0.549	-0.239	-0.364	-0.564	-0.551	-0.362	-0.340	-0.361	-0.516	-0.589	-0.355	-0.550	-0.437	-0.152	-0.585	-0.319	-0.550	-0.101	-0.435	-0.547	-0.364	-0.534	-0.359	-0.387	-0.463	
rs11738573     -0.531	-0.436	-0.511	-0.364	-0.474	-0.480	-0.434	-0.362	-0.362	-0.242	-0.399	-0.412	-0.514	-0.517	-0.505	-0.394	-0.393	-0.530	-0.536	-0.533	-0.529	-0.414	-0.540	-0.021	-0.522	-0.551	-0.332	-0.550	-0.550	-0.313	-0.305	-0.305	-0.300	-0.549	-0.549	-0.548	-0.548	-0.323	-0.548	-0.547	-0.331	-0.546	-0.434	-0.546	-0.545	-0.545	-0.544	-0.545	-0.546	-0.545	-0.541	-0.699	-0.535	-0.701	-0.536	-0.539	-0.536	-0.700	-0.531	-0.536	-0.692	-0.449	-0.693	-0.694	-0.530	-0.709	-0.702	-0.492	-0.466	-0.680	-0.687	-0.478	-0.671	-0.661	-0.665	-0.657	-0.661	-0.522	-0.686	-0.679	-0.439	-0.668	-0.668	-0.425	-0.606	-0.516	-0.516	-0.516	-0.550	-0.602	-0.602	-0.539	-0.599	-0.601	-0.580	-0.598	-0.534	-0.451	-0.576	-0.597	-0.598	-0.527	-0.597	-0.599	-0.519	-0.464	-0.487	-0.468	-0.522	-0.602	-0.600	-0.462	-0.362	-0.511	-0.439	-0.464	-0.351	-0.348	-0.516	-0.594	-0.570	-0.553	-0.478	-0.512	-0.514	-0.426	-0.514	-0.520	-0.340	-0.582	-0.473	-0.647	-0.511	-0.345	-0.349	-0.047	-0.363	-0.350	-0.361	-0.351	-0.401	-0.340	-0.083	-0.431	-0.348	-0.538	-0.452	-0.352	-0.582	-0.538	-0.543	-0.343	-0.375	-0.398	-0.346	-0.537	-0.236	-0.360	-0.558	-0.538	-0.358	-0.336	-0.357	-0.508	-0.582	-0.351	-0.538	-0.432	-0.146	-0.579	-0.315	-0.538	-0.095	-0.430	-0.534	-0.360	-0.521	-0.355	-0.382	-0.448	
rs10059629     -0.662	-0.679	-0.299	-0.508	-0.627	-0.623	-0.280	-0.385	-0.405	-0.399	-0.164	-0.259	-0.500	-0.502	-0.497	-0.397	-0.396	-0.511	-0.511	-0.511	-0.510	-0.437	-0.393	+0.093	-0.508	-0.478	-0.228	-0.479	-0.480	-0.209	-0.200	-0.198	-0.195	-0.487	-0.485	-0.489	-0.486	-0.219	-0.486	-0.488	-0.228	-0.491	-0.483	-0.492	-0.493	-0.493	-0.493	-0.382	-0.491	-0.492	-0.495	-0.635	-0.435	-0.637	-0.435	-0.441	-0.435	-0.637	-0.428	-0.435	-0.628	-0.635	-0.629	-0.630	-0.449	-0.646	-0.638	-0.627	-0.639	-0.614	-0.622	-0.636	-0.606	-0.596	-0.599	-0.590	-0.595	-0.618	-0.621	-0.614	-0.423	-0.602	-0.602	-0.416	-0.412	-0.617	-0.617	-0.617	-0.325	-0.264	-0.258	-0.441	-0.246	-0.253	-0.564	-0.239	-0.408	-0.433	-0.571	-0.231	-0.235	-0.612	-0.233	-0.243	-0.408	-0.439	-0.635	-0.440	-0.413	-0.278	-0.262	-0.438	-0.090	-0.625	-0.426	-0.440	-0.077	-0.073	-0.403	-0.314	-0.599	-0.145	-0.343	-0.396	-0.400	-0.410	-0.634	-0.409	-0.065	-0.512	-0.443	-0.563	-0.396	-0.228	-0.232	+0.237	-0.248	-0.234	-0.245	-0.235	-0.289	-0.223	+0.196	-0.377	-0.231	-0.631	-0.398	-0.236	-0.277	-0.631	-0.628	-0.226	-0.260	-0.284	-0.229	-0.632	-0.099	-0.244	-0.437	-0.631	-0.242	-0.219	-0.241	-0.496	-0.276	-0.235	-0.631	-0.378	+0.122	-0.473	-0.195	-0.631	+0.180	-0.376	-0.633	-0.245	-0.639	-0.239	-0.268	-0.647	
rs2366935      -0.680	-0.697	-0.327	-0.522	-0.646	-0.642	-0.297	-0.399	-0.418	-0.412	-0.259	-0.182	-0.517	-0.518	-0.513	-0.413	-0.413	-0.528	-0.528	-0.528	-0.527	-0.450	-0.411	+0.087	-0.525	-0.495	-0.236	-0.496	-0.497	-0.217	-0.208	-0.206	-0.203	-0.504	-0.502	-0.505	-0.503	-0.227	-0.503	-0.505	-0.236	-0.508	-0.497	-0.508	-0.509	-0.509	-0.510	-0.403	-0.508	-0.508	-0.511	-0.650	-0.452	-0.652	-0.452	-0.457	-0.452	-0.651	-0.445	-0.452	-0.642	-0.651	-0.644	-0.644	-0.461	-0.661	-0.653	-0.643	-0.654	-0.629	-0.637	-0.651	-0.620	-0.609	-0.613	-0.604	-0.608	-0.633	-0.635	-0.628	-0.440	-0.616	-0.615	-0.433	-0.431	-0.632	-0.632	-0.632	-0.344	-0.295	-0.290	-0.458	-0.278	-0.285	-0.580	-0.271	-0.424	-0.449	-0.587	-0.264	-0.267	-0.627	-0.265	-0.275	-0.424	-0.455	-0.651	-0.456	-0.430	-0.308	-0.292	-0.455	-0.110	-0.641	-0.442	-0.456	-0.097	-0.093	-0.419	-0.341	-0.614	-0.179	-0.361	-0.413	-0.417	-0.427	-0.650	-0.426	-0.085	-0.525	-0.460	-0.576	-0.413	-0.238	-0.243	+0.216	-0.258	-0.244	-0.256	-0.246	-0.300	-0.233	+0.175	-0.388	-0.242	-0.647	-0.409	-0.246	-0.305	-0.647	-0.643	-0.237	-0.270	-0.295	-0.239	-0.647	-0.110	-0.254	-0.454	-0.647	-0.252	-0.229	-0.252	-0.512	-0.305	-0.245	-0.647	-0.389	+0.102	-0.489	-0.205	-0.647	+0.159	-0.387	-0.648	-0.255	-0.655	-0.250	-0.279	-0.663	
rs58884460     -0.954	-0.952	-0.642	-0.651	-0.948	-0.946	-0.544	-0.498	-0.522	-0.514	-0.500	-0.517	-0.438	-0.560	-0.549	-0.567	-0.567	-0.595	-0.591	-0.593	-0.594	-0.560	-0.687	+0.068	-0.598	-0.568	-0.294	-0.568	-0.572	-0.272	-0.262	-0.261	-0.257	-0.594	-0.589	-0.601	-0.594	-0.284	-0.594	-0.601	-0.294	-0.611	-0.618	-0.613	-0.616	-0.617	-0.619	-0.673	-0.612	-0.615	-0.627	-0.829	-0.447	-0.833	-0.448	-0.462	-0.448	-0.833	-0.428	-0.448	-0.817	-0.835	-0.819	-0.820	-0.557	-0.857	-0.837	-0.824	-0.842	-0.795	-0.808	-0.837	-0.782	-0.767	-0.772	-0.759	-0.765	-0.810	-0.807	-0.794	-0.618	-0.776	-0.776	-0.608	-0.743	-0.810	-0.810	-0.811	-0.672	-0.806	-0.808	-0.469	-0.807	-0.808	-0.780	-0.807	-0.622	-0.629	-0.779	-0.808	-0.808	-0.804	-0.808	-0.807	-0.387	-0.636	-0.838	-0.637	-0.403	-0.803	-0.805	-0.635	-0.462	-0.824	-0.622	-0.637	-0.449	-0.446	-0.381	-0.794	-0.787	-0.798	-0.246	-0.365	-0.375	-0.607	-0.835	-0.399	-0.437	-0.658	-0.642	-0.691	-0.371	-0.188	-0.193	-0.144	-0.214	-0.194	-0.209	-0.197	-0.266	-0.181	-0.183	-0.484	-0.192	-0.830	-0.511	-0.198	-0.807	-0.830	-0.825	-0.185	-0.228	-0.261	-0.189	-0.832	-0.037	-0.208	-0.551	-0.830	-0.205	-0.176	-0.205	-0.713	-0.807	-0.197	-0.830	-0.486	-0.250	-0.601	-0.145	-0.830	-0.197	-0.484	-0.833	-0.210	-0.843	-0.203	-0.241	-0.879	
rs6861214      -0.955	-0.953	-0.644	-0.654	-0.949	-0.948	-0.545	-0.501	-0.524	-0.517	-0.502	-0.518	-0.560	-0.440	-0.550	-0.567	-0.566	-0.598	-0.595	-0.596	-0.596	-0.562	-0.689	+0.068	-0.600	-0.574	-0.295	-0.573	-0.577	-0.273	-0.263	-0.261	-0.257	-0.598	-0.593	-0.605	-0.598	-0.285	-0.599	-0.605	-0.295	-0.614	-0.621	-0.617	-0.620	-0.620	-0.622	-0.675	-0.616	-0.618	-0.630	-0.831	-0.455	-0.834	-0.456	-0.470	-0.456	-0.835	-0.436	-0.456	-0.818	-0.837	-0.821	-0.822	-0.559	-0.858	-0.838	-0.826	-0.844	-0.797	-0.810	-0.839	-0.783	-0.769	-0.774	-0.760	-0.767	-0.812	-0.808	-0.796	-0.619	-0.777	-0.777	-0.608	-0.744	-0.812	-0.812	-0.813	-0.673	-0.807	-0.809	-0.477	-0.809	-0.809	-0.782	-0.809	-0.624	-0.629	-0.781	-0.810	-0.809	-0.806	-0.809	-0.809	-0.395	-0.637	-0.840	-0.639	-0.412	-0.805	-0.806	-0.636	-0.463	-0.826	-0.623	-0.638	-0.450	-0.447	-0.390	-0.796	-0.789	-0.799	-0.257	-0.375	-0.384	-0.608	-0.837	-0.408	-0.438	-0.659	-0.643	-0.693	-0.380	-0.192	-0.197	-0.145	-0.218	-0.198	-0.213	-0.201	-0.269	-0.185	-0.184	-0.486	-0.196	-0.832	-0.512	-0.202	-0.808	-0.832	-0.826	-0.189	-0.232	-0.265	-0.193	-0.834	-0.042	-0.212	-0.556	-0.832	-0.209	-0.180	-0.209	-0.714	-0.808	-0.201	-0.832	-0.487	-0.251	-0.606	-0.149	-0.832	-0.198	-0.485	-0.834	-0.214	-0.845	-0.207	-0.245	-0.881	
rs10942614     -0.949	-0.947	-0.638	-0.643	-0.943	-0.941	-0.540	-0.489	-0.512	-0.505	-0.497	-0.513	-0.549	-0.550	-0.433	-0.570	-0.570	-0.586	-0.580	-0.582	-0.584	-0.550	-0.683	+0.066	-0.592	-0.548	-0.293	-0.547	-0.552	-0.271	-0.261	-0.259	-0.255	-0.577	-0.571	-0.584	-0.577	-0.282	-0.577	-0.585	-0.293	-0.596	-0.609	-0.599	-0.603	-0.604	-0.606	-0.668	-0.598	-0.601	-0.616	-0.826	-0.415	-0.830	-0.417	-0.432	-0.417	-0.830	-0.394	-0.417	-0.813	-0.828	-0.816	-0.817	-0.553	-0.853	-0.833	-0.817	-0.836	-0.792	-0.805	-0.830	-0.779	-0.764	-0.769	-0.756	-0.763	-0.803	-0.804	-0.791	-0.617	-0.773	-0.773	-0.608	-0.740	-0.803	-0.803	-0.804	-0.670	-0.801	-0.803	-0.441	-0.802	-0.803	-0.774	-0.803	-0.615	-0.627	-0.773	-0.803	-0.803	-0.797	-0.803	-0.802	-0.351	-0.633	-0.832	-0.634	-0.370	-0.799	-0.800	-0.633	-0.461	-0.817	-0.621	-0.634	-0.448	-0.444	-0.346	-0.789	-0.780	-0.793	-0.202	-0.329	-0.340	-0.608	-0.829	-0.366	-0.435	-0.655	-0.638	-0.682	-0.336	-0.170	-0.176	-0.143	-0.197	-0.177	-0.192	-0.180	-0.249	-0.163	-0.182	-0.482	-0.175	-0.823	-0.508	-0.181	-0.802	-0.823	-0.818	-0.168	-0.211	-0.245	-0.171	-0.825	-0.018	-0.191	-0.533	-0.823	-0.188	-0.158	-0.188	-0.710	-0.802	-0.180	-0.823	-0.483	-0.248	-0.585	-0.128	-0.823	-0.195	-0.481	-0.826	-0.193	-0.836	-0.186	-0.224	-0.873	
rs78750530     -0.840	-0.843	-0.538	-0.534	-0.832	-0.830	-0.440	-0.378	-0.402	-0.394	-0.397	-0.413	-0.567	-0.567	-0.570	-0.315	-0.412	-0.575	-0.570	-0.573	-0.575	-0.440	-0.584	+0.139	-0.580	-0.406	-0.213	-0.406	-0.411	-0.192	-0.182	-0.180	-0.176	-0.446	-0.437	-0.456	-0.445	-0.203	-0.445	-0.456	-0.213	-0.472	-0.500	-0.476	-0.482	-0.483	-0.486	-0.576	-0.474	-0.479	-0.501	-0.735	-0.243	-0.738	-0.244	-0.263	-0.245	-0.738	-0.219	-0.245	-0.723	-0.723	-0.725	-0.726	-0.478	-0.760	-0.741	-0.712	-0.731	-0.702	-0.714	-0.725	-0.689	-0.675	-0.680	-0.667	-0.673	-0.698	-0.713	-0.701	-0.469	-0.684	-0.683	-0.468	-0.645	-0.698	-0.698	-0.699	-0.577	-0.700	-0.701	-0.272	-0.700	-0.701	-0.668	-0.700	-0.506	-0.473	-0.667	-0.701	-0.701	-0.691	-0.701	-0.700	-0.171	-0.465	-0.727	-0.462	-0.191	-0.697	-0.698	-0.471	-0.368	-0.712	-0.483	-0.469	-0.355	-0.352	-0.166	-0.688	-0.674	-0.686	-0.007	-0.147	-0.160	-0.494	-0.724	-0.190	-0.343	-0.568	-0.464	-0.542	-0.158	-0.061	-0.067	-0.048	-0.087	-0.068	-0.083	-0.070	-0.140	-0.054	-0.087	-0.396	-0.065	-0.718	-0.422	-0.071	-0.697	-0.718	-0.712	-0.059	-0.101	-0.136	-0.062	-0.720	+0.090	-0.082	-0.390	-0.718	-0.079	-0.049	-0.079	-0.586	-0.697	-0.071	-0.718	-0.398	-0.154	-0.444	-0.019	-0.718	-0.100	-0.396	-0.721	-0.084	-0.732	-0.077	-0.116	-0.771	
rs7718692      -0.840	-0.843	-0.538	-0.534	-0.831	-0.829	-0.439	-0.377	-0.401	-0.393	-0.396	-0.413	-0.567	-0.566	-0.570	-0.412	-0.314	-0.574	-0.569	-0.572	-0.574	-0.439	-0.583	+0.139	-0.579	-0.403	-0.213	-0.402	-0.408	-0.191	-0.182	-0.180	-0.176	-0.443	-0.434	-0.453	-0.442	-0.203	-0.443	-0.454	-0.213	-0.469	-0.499	-0.474	-0.480	-0.481	-0.484	-0.575	-0.471	-0.476	-0.499	-0.734	-0.238	-0.738	-0.240	-0.259	-0.240	-0.738	-0.214	-0.241	-0.722	-0.723	-0.725	-0.726	-0.478	-0.759	-0.741	-0.712	-0.731	-0.702	-0.714	-0.725	-0.689	-0.675	-0.680	-0.667	-0.673	-0.697	-0.713	-0.701	-0.468	-0.683	-0.683	-0.467	-0.645	-0.697	-0.697	-0.698	-0.576	-0.699	-0.701	-0.268	-0.700	-0.701	-0.668	-0.700	-0.505	-0.472	-0.666	-0.700	-0.700	-0.691	-0.700	-0.700	-0.166	-0.463	-0.727	-0.460	-0.187	-0.697	-0.698	-0.469	-0.368	-0.711	-0.482	-0.467	-0.355	-0.351	-0.162	-0.688	-0.673	-0.686	-0.001	-0.142	-0.155	-0.493	-0.723	-0.186	-0.342	-0.568	-0.462	-0.541	-0.154	-0.060	-0.065	-0.048	-0.086	-0.066	-0.082	-0.069	-0.139	-0.053	-0.086	-0.396	-0.064	-0.717	-0.422	-0.070	-0.697	-0.717	-0.712	-0.057	-0.100	-0.134	-0.061	-0.720	+0.091	-0.080	-0.388	-0.717	-0.078	-0.048	-0.077	-0.586	-0.697	-0.069	-0.718	-0.397	-0.153	-0.442	-0.018	-0.718	-0.100	-0.395	-0.720	-0.083	-0.731	-0.076	-0.114	-0.770	
rs6893164      -0.966	-0.964	-0.654	-0.666	-0.960	-0.958	-0.555	-0.515	-0.538	-0.530	-0.511	-0.528	-0.595	-0.598	-0.586	-0.575	-0.574	-0.452	-0.572	-0.571	-0.571	-0.575	-0.698	+0.064	-0.573	-0.564	-0.303	-0.563	-0.567	-0.281	-0.271	-0.269	-0.265	-0.591	-0.586	-0.598	-0.591	-0.293	-0.592	-0.599	-0.303	-0.608	-0.633	-0.611	-0.614	-0.615	-0.617	-0.686	-0.611	-0.614	-0.626	-0.840	-0.436	-0.844	-0.437	-0.453	-0.438	-0.844	-0.414	-0.438	-0.827	-0.848	-0.830	-0.831	-0.569	-0.867	-0.847	-0.838	-0.856	-0.806	-0.819	-0.850	-0.793	-0.778	-0.783	-0.769	-0.776	-0.824	-0.818	-0.805	-0.627	-0.786	-0.786	-0.615	-0.753	-0.824	-0.824	-0.825	-0.682	-0.818	-0.820	-0.462	-0.819	-0.820	-0.793	-0.820	-0.635	-0.638	-0.792	-0.820	-0.820	-0.818	-0.820	-0.819	-0.371	-0.646	-0.852	-0.648	-0.390	-0.816	-0.817	-0.645	-0.471	-0.837	-0.631	-0.647	-0.458	-0.455	-0.367	-0.806	-0.801	-0.810	-0.218	-0.349	-0.360	-0.615	-0.849	-0.386	-0.446	-0.668	-0.653	-0.709	-0.357	-0.205	-0.211	-0.153	-0.231	-0.212	-0.227	-0.215	-0.283	-0.198	-0.192	-0.495	-0.209	-0.843	-0.521	-0.215	-0.819	-0.843	-0.838	-0.203	-0.246	-0.279	-0.207	-0.845	-0.055	-0.226	-0.560	-0.843	-0.223	-0.193	-0.223	-0.724	-0.819	-0.214	-0.843	-0.496	-0.259	-0.610	-0.163	-0.843	-0.206	-0.494	-0.846	-0.228	-0.856	-0.221	-0.258	-0.891	
rs10942615     -0.967	-0.965	-0.654	-0.671	-0.961	-0.960	-0.555	-0.520	-0.543	-0.536	-0.511	-0.528	-0.591	-0.595	-0.580	-0.570	-0.569	-0.572	-0.454	-0.572	-0.569	-0.580	-0.699	+0.068	-0.568	-0.576	-0.302	-0.575	-0.579	-0.280	-0.270	-0.268	-0.264	-0.601	-0.596	-0.607	-0.600	-0.292	-0.601	-0.607	-0.302	-0.616	-0.638	-0.618	-0.621	-0.622	-0.623	-0.688	-0.617	-0.620	-0.631	-0.840	-0.454	-0.844	-0.456	-0.471	-0.456	-0.844	-0.435	-0.456	-0.828	-0.851	-0.830	-0.831	-0.570	-0.868	-0.848	-0.841	-0.859	-0.806	-0.819	-0.853	-0.793	-0.778	-0.783	-0.769	-0.775	-0.827	-0.818	-0.805	-0.624	-0.787	-0.786	-0.612	-0.753	-0.827	-0.827	-0.828	-0.682	-0.820	-0.821	-0.479	-0.821	-0.822	-0.796	-0.821	-0.638	-0.636	-0.795	-0.822	-0.821	-0.821	-0.821	-0.821	-0.393	-0.644	-0.855	-0.647	-0.410	-0.817	-0.818	-0.644	-0.470	-0.840	-0.628	-0.646	-0.457	-0.454	-0.388	-0.808	-0.804	-0.811	-0.246	-0.371	-0.382	-0.611	-0.852	-0.407	-0.445	-0.668	-0.652	-0.713	-0.379	-0.216	-0.221	-0.151	-0.242	-0.222	-0.237	-0.225	-0.293	-0.209	-0.191	-0.495	-0.220	-0.846	-0.521	-0.226	-0.820	-0.846	-0.841	-0.213	-0.256	-0.289	-0.217	-0.849	-0.067	-0.236	-0.571	-0.846	-0.233	-0.204	-0.233	-0.724	-0.820	-0.225	-0.847	-0.496	-0.259	-0.620	-0.174	-0.847	-0.204	-0.494	-0.849	-0.238	-0.859	-0.231	-0.268	-0.894	
rs10942616     -0.966	-0.964	-0.654	-0.669	-0.960	-0.959	-0.555	-0.517	-0.540	-0.533	-0.511	-0.528	-0.593	-0.596	-0.582	-0.573	-0.572	-0.571	-0.572	-0.453	-0.569	-0.577	-0.699	+0.065	-0.570	-0.570	-0.303	-0.569	-0.573	-0.281	-0.271	-0.269	-0.265	-0.596	-0.591	-0.602	-0.596	-0.292	-0.596	-0.603	-0.303	-0.612	-0.636	-0.615	-0.618	-0.619	-0.620	-0.687	-0.614	-0.617	-0.628	-0.840	-0.445	-0.844	-0.446	-0.461	-0.447	-0.844	-0.424	-0.447	-0.827	-0.850	-0.830	-0.831	-0.570	-0.868	-0.848	-0.839	-0.857	-0.806	-0.819	-0.852	-0.793	-0.778	-0.783	-0.769	-0.776	-0.825	-0.818	-0.805	-0.626	-0.786	-0.786	-0.614	-0.753	-0.825	-0.825	-0.826	-0.682	-0.819	-0.821	-0.471	-0.820	-0.821	-0.794	-0.820	-0.637	-0.637	-0.794	-0.821	-0.821	-0.819	-0.821	-0.820	-0.382	-0.645	-0.853	-0.648	-0.400	-0.816	-0.818	-0.645	-0.471	-0.839	-0.629	-0.647	-0.458	-0.454	-0.377	-0.807	-0.803	-0.810	-0.232	-0.360	-0.371	-0.613	-0.850	-0.397	-0.445	-0.668	-0.652	-0.711	-0.368	-0.210	-0.216	-0.152	-0.236	-0.217	-0.232	-0.220	-0.288	-0.204	-0.191	-0.495	-0.214	-0.845	-0.521	-0.220	-0.819	-0.845	-0.840	-0.208	-0.251	-0.284	-0.212	-0.847	-0.061	-0.231	-0.566	-0.845	-0.228	-0.199	-0.228	-0.724	-0.819	-0.219	-0.845	-0.496	-0.259	-0.615	-0.168	-0.845	-0.205	-0.494	-0.847	-0.233	-0.858	-0.226	-0.263	-0.892	
rs4916692      -0.964	-0.962	-0.653	-0.665	-0.958	-0.957	-0.554	-0.513	-0.536	-0.529	-0.510	-0.527	-0.594	-0.596	-0.584	-0.575	-0.574	-0.571	-0.569	-0.569	-0.451	-0.573	-0.697	+0.064	-0.572	-0.561	-0.303	-0.559	-0.563	-0.281	-0.271	-0.269	-0.265	-0.588	-0.582	-0.595	-0.588	-0.292	-0.588	-0.596	-0.303	-0.606	-0.632	-0.609	-0.612	-0.613	-0.615	-0.685	-0.608	-0.611	-0.624	-0.839	-0.428	-0.843	-0.430	-0.446	-0.430	-0.843	-0.407	-0.431	-0.826	-0.847	-0.829	-0.830	-0.568	-0.866	-0.846	-0.836	-0.854	-0.805	-0.818	-0.849	-0.792	-0.777	-0.782	-0.768	-0.775	-0.822	-0.817	-0.804	-0.626	-0.785	-0.785	-0.614	-0.752	-0.822	-0.822	-0.823	-0.681	-0.817	-0.819	-0.456	-0.818	-0.819	-0.792	-0.818	-0.634	-0.637	-0.791	-0.819	-0.819	-0.816	-0.819	-0.818	-0.363	-0.644	-0.850	-0.647	-0.382	-0.815	-0.816	-0.644	-0.471	-0.836	-0.630	-0.646	-0.457	-0.454	-0.359	-0.805	-0.799	-0.809	-0.209	-0.341	-0.353	-0.614	-0.847	-0.380	-0.445	-0.667	-0.651	-0.707	-0.350	-0.203	-0.208	-0.152	-0.229	-0.209	-0.224	-0.212	-0.280	-0.196	-0.191	-0.494	-0.207	-0.842	-0.520	-0.213	-0.818	-0.842	-0.837	-0.200	-0.243	-0.276	-0.204	-0.844	-0.053	-0.223	-0.557	-0.842	-0.220	-0.191	-0.220	-0.723	-0.818	-0.212	-0.842	-0.495	-0.259	-0.607	-0.160	-0.842	-0.205	-0.493	-0.845	-0.225	-0.855	-0.218	-0.256	-0.890	
rs2438348      -0.602	-0.516	-0.550	-0.493	-0.565	-0.570	-0.472	-0.411	-0.426	-0.414	-0.437	-0.450	-0.560	-0.562	-0.550	-0.440	-0.439	-0.575	-0.580	-0.577	-0.573	-0.287	-0.581	-0.038	-0.566	-0.593	-0.355	-0.593	-0.593	-0.336	-0.328	-0.327	-0.323	-0.592	-0.592	-0.591	-0.591	-0.346	-0.591	-0.591	-0.355	-0.589	-0.435	-0.589	-0.588	-0.588	-0.587	-0.584	-0.589	-0.588	-0.585	-0.738	-0.577	-0.740	-0.577	-0.580	-0.577	-0.739	-0.573	-0.577	-0.731	-0.485	-0.732	-0.733	-0.562	-0.749	-0.741	-0.530	-0.503	-0.718	-0.726	-0.514	-0.709	-0.699	-0.703	-0.694	-0.699	-0.560	-0.724	-0.717	-0.484	-0.706	-0.706	-0.470	-0.646	-0.553	-0.554	-0.554	-0.588	-0.645	-0.645	-0.580	-0.643	-0.644	-0.621	-0.642	-0.571	-0.496	-0.616	-0.641	-0.641	-0.565	-0.641	-0.642	-0.560	-0.508	-0.526	-0.512	-0.564	-0.645	-0.643	-0.506	-0.399	-0.551	-0.484	-0.509	-0.388	-0.384	-0.557	-0.638	-0.609	-0.599	-0.518	-0.552	-0.555	-0.471	-0.554	-0.561	-0.377	-0.618	-0.517	-0.682	-0.552	-0.371	-0.375	-0.083	-0.390	-0.376	-0.387	-0.378	-0.429	-0.366	-0.119	-0.465	-0.374	-0.579	-0.486	-0.379	-0.627	-0.579	-0.584	-0.369	-0.402	-0.425	-0.372	-0.578	-0.260	-0.386	-0.598	-0.579	-0.384	-0.362	-0.384	-0.553	-0.627	-0.378	-0.579	-0.466	-0.183	-0.620	-0.340	-0.579	-0.132	-0.463	-0.575	-0.387	-0.563	-0.382	-0.410	-0.494	
rs77572045     -0.870	-0.854	-0.549	-0.659	-0.877	-0.877	-0.440	-0.527	-0.547	-0.540	-0.393	-0.411	-0.687	-0.689	-0.683	-0.584	-0.583	-0.698	-0.699	-0.699	-0.697	-0.581	-0.370	+0.090	-0.695	-0.670	-0.284	-0.671	-0.671	-0.262	-0.252	-0.250	-0.246	-0.678	-0.676	-0.679	-0.677	-0.273	-0.677	-0.679	-0.284	-0.681	-0.631	-0.682	-0.682	-0.683	-0.683	-0.594	-0.681	-0.682	-0.684	-0.789	-0.620	-0.792	-0.620	-0.626	-0.620	-0.791	-0.613	-0.620	-0.778	-0.807	-0.780	-0.781	-0.555	-0.810	-0.794	-0.799	-0.813	-0.761	-0.772	-0.809	-0.750	-0.738	-0.741	-0.730	-0.736	-0.788	-0.771	-0.760	-0.611	-0.745	-0.745	-0.604	-0.704	-0.788	-0.788	-0.788	-0.644	-0.743	-0.745	-0.625	-0.745	-0.746	-0.743	-0.745	-0.589	-0.621	-0.748	-0.746	-0.745	-0.782	-0.745	-0.745	-0.591	-0.628	-0.809	-0.629	-0.597	-0.741	-0.742	-0.627	-0.439	-0.798	-0.614	-0.628	-0.426	-0.422	-0.586	-0.731	-0.765	-0.737	-0.527	-0.580	-0.583	-0.597	-0.808	-0.592	-0.414	-0.640	-0.632	-0.707	-0.579	-0.323	-0.328	-0.123	-0.345	-0.329	-0.342	-0.331	-0.390	-0.318	-0.164	-0.479	-0.327	-0.804	-0.503	-0.332	-0.745	-0.804	-0.799	-0.321	-0.358	-0.386	-0.324	-0.805	-0.201	-0.340	-0.624	-0.804	-0.338	-0.313	-0.338	-0.683	-0.745	-0.331	-0.804	-0.480	-0.233	-0.659	-0.288	-0.804	-0.178	-0.478	-0.806	-0.342	-0.813	-0.336	-0.368	-0.830	
rs2443068      -0.092	-0.059	+0.062	-0.063	-0.126	-0.127	+0.079	-0.014	-0.024	-0.021	+0.093	+0.087	+0.068	+0.068	+0.066	+0.139	+0.139	+0.064	+0.068	+0.065	+0.064	-0.038	+0.090	+0.411	+0.061	+0.139	+0.284	+0.136	+0.134	+0.260	+0.246	+0.226	+0.241	+0.119	+0.123	+0.115	+0.120	+0.248	+0.120	+0.115	+0.247	+0.108	-0.055	+0.107	+0.105	+0.104	+0.103	+0.044	+0.109	+0.106	+0.096	+0.737	+0.216	+0.744	+0.216	+0.208	+0.216	+0.611	+0.227	+0.216	+0.543	-0.077	+0.542	+0.544	+0.049	+0.626	+0.592	-0.085	-0.083	+0.372	+0.417	-0.084	+0.330	+0.273	+0.348	+0.314	+0.326	-0.083	+0.401	+0.368	+0.126	+0.320	+0.320	+0.127	+0.014	-0.086	-0.086	-0.086	-0.006	+0.146	+0.149	+0.205	+0.156	+0.152	-0.029	+0.160	+0.082	+0.119	-0.045	+0.164	+0.163	-0.086	+0.164	+0.158	+0.253	+0.118	-0.082	+0.120	+0.243	+0.135	+0.144	+0.118	+0.035	-0.084	+0.121	+0.118	+0.039	+0.041	+0.256	+0.129	-0.084	+0.229	+0.339	+0.265	+0.260	+0.125	-0.083	+0.247	+0.044	+0.038	+0.118	-0.031	+0.263	+0.045	+0.042	+0.253	+0.034	+0.042	+0.036	+0.041	+0.014	+0.048	+0.228	-0.005	+0.043	-0.086	-0.011	+0.041	+0.156	-0.086	-0.087	+0.046	+0.031	+0.015	+0.044	-0.085	+0.119	+0.036	+0.117	-0.086	+0.037	+0.050	+0.037	+0.083	+0.157	+0.041	-0.086	-0.006	+0.188	+0.085	+0.063	-0.086	+0.219	-0.005	-0.086	+0.036	-0.082	+0.039	+0.023	-0.028	
rs4916824      -0.961	-0.959	-0.650	-0.659	-0.955	-0.954	-0.551	-0.506	-0.529	-0.522	-0.508	-0.525	-0.598	-0.600	-0.592	-0.580	-0.579	-0.573	-0.568	-0.570	-0.572	-0.566	-0.695	+0.061	-0.447	-0.535	-0.303	-0.535	-0.538	-0.280	-0.270	-0.269	-0.265	-0.568	-0.562	-0.577	-0.569	-0.292	-0.569	-0.578	-0.303	-0.589	-0.624	-0.593	-0.597	-0.598	-0.600	-0.682	-0.592	-0.596	-0.611	-0.837	-0.389	-0.841	-0.391	-0.408	-0.391	-0.841	-0.364	-0.391	-0.824	-0.841	-0.827	-0.828	-0.564	-0.864	-0.844	-0.831	-0.849	-0.803	-0.816	-0.844	-0.790	-0.775	-0.780	-0.767	-0.773	-0.816	-0.815	-0.802	-0.626	-0.784	-0.783	-0.616	-0.750	-0.817	-0.817	-0.818	-0.680	-0.813	-0.815	-0.428	-0.815	-0.815	-0.787	-0.815	-0.629	-0.637	-0.786	-0.816	-0.815	-0.810	-0.815	-0.815	-0.329	-0.644	-0.845	-0.646	-0.350	-0.811	-0.812	-0.642	-0.470	-0.830	-0.630	-0.645	-0.457	-0.454	-0.325	-0.802	-0.793	-0.805	-0.164	-0.306	-0.317	-0.616	-0.842	-0.346	-0.445	-0.666	-0.650	-0.700	-0.314	-0.185	-0.191	-0.152	-0.211	-0.192	-0.207	-0.194	-0.264	-0.178	-0.191	-0.493	-0.189	-0.836	-0.519	-0.195	-0.814	-0.836	-0.831	-0.183	-0.226	-0.259	-0.186	-0.839	-0.033	-0.206	-0.540	-0.836	-0.203	-0.173	-0.203	-0.721	-0.814	-0.194	-0.836	-0.494	-0.258	-0.593	-0.142	-0.837	-0.205	-0.492	-0.839	-0.208	-0.850	-0.201	-0.239	-0.886	
rs11948100     -0.946	-0.943	-0.627	-0.678	-0.942	-0.940	-0.524	-0.536	-0.558	-0.551	-0.478	-0.495	-0.568	-0.574	-0.548	-0.406	-0.403	-0.564	-0.576	-0.570	-0.561	-0.593	-0.670	+0.139	-0.535	-0.431	-0.233	-0.555	-0.553	-0.210	-0.199	-0.197	-0.193	-0.552	-0.553	-0.548	-0.551	-0.222	-0.551	-0.548	-0.233	-0.540	-0.648	-0.537	-0.535	-0.534	-0.531	-0.661	-0.543	-0.540	-0.520	-0.800	-0.511	-0.804	-0.512	-0.523	-0.512	-0.805	-0.496	-0.512	-0.787	-0.845	-0.790	-0.791	-0.546	-0.831	-0.809	-0.836	-0.852	-0.764	-0.778	-0.847	-0.750	-0.734	-0.739	-0.724	-0.731	-0.823	-0.777	-0.763	-0.525	-0.743	-0.742	-0.497	-0.717	-0.823	-0.823	-0.824	-0.643	-0.798	-0.800	-0.536	-0.799	-0.800	-0.786	-0.799	-0.629	-0.544	-0.787	-0.800	-0.800	-0.817	-0.800	-0.799	-0.472	-0.563	-0.848	-0.573	-0.486	-0.795	-0.797	-0.558	-0.426	-0.835	-0.524	-0.567	-0.412	-0.408	-0.469	-0.786	-0.802	-0.791	-0.354	-0.456	-0.465	-0.499	-0.846	-0.485	-0.399	-0.619	-0.581	-0.720	-0.463	-0.288	-0.293	-0.102	-0.311	-0.294	-0.308	-0.296	-0.360	-0.282	-0.142	-0.441	-0.292	-0.841	-0.469	-0.297	-0.799	-0.841	-0.836	-0.286	-0.325	-0.356	-0.289	-0.843	-0.153	-0.306	-0.614	-0.841	-0.304	-0.277	-0.304	-0.671	-0.799	-0.296	-0.841	-0.443	-0.211	-0.651	-0.249	-0.841	-0.156	-0.441	-0.844	-0.308	-0.853	-0.302	-0.336	-0.880	
rs57107124     -0.470	-0.447	-0.288	-0.394	-0.489	-0.490	-0.249	-0.323	-0.335	-0.332	-0.228	-0.236	-0.294	-0.295	-0.293	-0.213	-0.213	-0.303	-0.302	-0.303	-0.303	-0.355	-0.284	+0.284	-0.303	-0.233	+0.037	-0.235	-0.237	-0.044	-0.041	-0.060	-0.036	-0.249	-0.246	-0.253	-0.249	-0.066	-0.249	-0.253	-0.077	-0.258	-0.381	-0.260	-0.262	-0.262	-0.263	-0.302	-0.258	-0.260	-0.268	+0.094	-0.161	+0.100	-0.162	-0.169	-0.162	+0.015	-0.151	-0.162	-0.037	-0.436	-0.036	-0.035	-0.313	+0.036	+0.004	-0.440	-0.441	-0.146	-0.115	-0.441	-0.172	-0.207	-0.179	-0.200	-0.193	-0.436	-0.123	-0.147	-0.229	-0.179	-0.180	-0.227	-0.368	-0.437	-0.437	-0.437	-0.361	-0.216	-0.214	-0.170	-0.207	-0.211	-0.382	-0.203	-0.260	-0.237	-0.396	-0.199	-0.201	-0.436	-0.200	-0.205	-0.126	-0.239	-0.439	-0.238	-0.134	-0.226	-0.238	-0.239	-0.266	-0.438	-0.234	-0.239	-0.259	-0.257	-0.122	-0.230	-0.430	-0.132	-0.045	-0.114	-0.119	-0.227	-0.439	-0.130	-0.252	-0.335	-0.240	-0.393	-0.115	-0.227	-0.230	-0.012	-0.241	-0.230	-0.239	-0.232	-0.269	-0.223	-0.041	-0.311	-0.229	-0.442	-0.322	-0.232	-0.202	-0.442	-0.441	-0.225	-0.247	-0.267	-0.227	-0.441	-0.136	-0.238	-0.238	-0.442	-0.237	-0.220	-0.236	-0.277	-0.202	-0.231	-0.442	-0.311	-0.092	-0.270	-0.202	-0.442	-0.051	-0.310	-0.441	-0.239	-0.440	-0.235	-0.255	-0.401	
rs4916825      -0.946	-0.942	-0.627	-0.677	-0.941	-0.940	-0.525	-0.535	-0.557	-0.550	-0.479	-0.496	-0.568	-0.573	-0.547	-0.406	-0.402	-0.563	-0.575	-0.569	-0.559	-0.593	-0.671	+0.136	-0.535	-0.555	-0.235	-0.431	-0.548	-0.212	-0.201	-0.199	-0.195	-0.541	-0.543	-0.536	-0.541	-0.224	-0.541	-0.536	-0.235	-0.526	-0.647	-0.523	-0.521	-0.519	-0.515	-0.661	-0.531	-0.528	-0.502	-0.800	-0.499	-0.805	-0.500	-0.512	-0.501	-0.805	-0.482	-0.501	-0.787	-0.845	-0.790	-0.791	-0.547	-0.832	-0.809	-0.836	-0.852	-0.764	-0.778	-0.847	-0.750	-0.735	-0.739	-0.725	-0.732	-0.823	-0.777	-0.763	-0.525	-0.743	-0.743	-0.496	-0.718	-0.823	-0.823	-0.824	-0.644	-0.798	-0.800	-0.527	-0.799	-0.800	-0.785	-0.799	-0.629	-0.543	-0.787	-0.800	-0.800	-0.817	-0.800	-0.799	-0.457	-0.563	-0.848	-0.572	-0.473	-0.795	-0.796	-0.558	-0.427	-0.835	-0.524	-0.566	-0.413	-0.409	-0.456	-0.786	-0.802	-0.791	-0.334	-0.442	-0.451	-0.498	-0.846	-0.473	-0.400	-0.619	-0.581	-0.720	-0.450	-0.285	-0.290	-0.103	-0.309	-0.291	-0.305	-0.294	-0.357	-0.279	-0.143	-0.442	-0.289	-0.841	-0.470	-0.294	-0.799	-0.841	-0.836	-0.283	-0.322	-0.353	-0.286	-0.843	-0.150	-0.304	-0.611	-0.841	-0.301	-0.274	-0.301	-0.671	-0.799	-0.293	-0.841	-0.443	-0.212	-0.648	-0.246	-0.841	-0.157	-0.442	-0.843	-0.305	-0.852	-0.299	-0.334	-0.879	
rs11956677     -0.947	-0.943	-0.628	-0.678	-0.942	-0.941	-0.526	-0.535	-0.557	-0.550	-0.480	-0.497	-0.572	-0.577	-0.552	-0.411	-0.408	-0.567	-0.579	-0.573	-0.563	-0.593	-0.671	+0.134	-0.538	-0.553	-0.237	-0.548	-0.432	-0.214	-0.203	-0.201	-0.197	-0.546	-0.547	-0.542	-0.545	-0.226	-0.546	-0.541	-0.237	-0.533	-0.647	-0.530	-0.528	-0.526	-0.522	-0.662	-0.536	-0.533	-0.510	-0.802	-0.496	-0.806	-0.498	-0.510	-0.498	-0.807	-0.479	-0.498	-0.789	-0.845	-0.791	-0.792	-0.548	-0.833	-0.811	-0.836	-0.852	-0.766	-0.780	-0.847	-0.752	-0.736	-0.741	-0.726	-0.733	-0.823	-0.779	-0.765	-0.527	-0.745	-0.745	-0.500	-0.719	-0.823	-0.823	-0.824	-0.645	-0.798	-0.800	-0.525	-0.800	-0.801	-0.786	-0.800	-0.629	-0.546	-0.788	-0.801	-0.800	-0.817	-0.801	-0.800	-0.454	-0.565	-0.848	-0.575	-0.470	-0.796	-0.797	-0.560	-0.428	-0.835	-0.527	-0.569	-0.414	-0.410	-0.452	-0.787	-0.802	-0.792	-0.328	-0.438	-0.448	-0.502	-0.846	-0.470	-0.401	-0.621	-0.583	-0.720	-0.446	-0.284	-0.289	-0.104	-0.308	-0.290	-0.304	-0.292	-0.356	-0.278	-0.144	-0.444	-0.288	-0.841	-0.471	-0.293	-0.800	-0.841	-0.836	-0.282	-0.321	-0.352	-0.285	-0.843	-0.148	-0.303	-0.610	-0.841	-0.300	-0.273	-0.300	-0.672	-0.800	-0.292	-0.841	-0.445	-0.213	-0.647	-0.245	-0.841	-0.158	-0.444	-0.844	-0.304	-0.853	-0.298	-0.333	-0.880	
rs4916826      -0.448	-0.424	-0.267	-0.374	-0.467	-0.467	-0.230	-0.305	-0.317	-0.313	-0.209	-0.217	-0.272	-0.273	-0.271	-0.192	-0.191	-0.281	-0.280	-0.281	-0.281	-0.336	-0.262	+0.260	-0.280	-0.210	-0.044	-0.212	-0.214	+0.060	-0.032	-0.050	-0.029	-0.226	-0.223	-0.230	-0.226	-0.052	-0.226	-0.230	-0.061	-0.236	-0.361	-0.237	-0.239	-0.239	-0.241	-0.280	-0.235	-0.237	-0.246	+0.160	-0.137	+0.167	-0.138	-0.145	-0.138	+0.070	-0.127	-0.138	+0.016	-0.414	+0.017	+0.018	-0.290	+0.093	+0.060	-0.418	-0.418	-0.101	-0.068	-0.419	-0.130	-0.168	-0.138	-0.160	-0.152	-0.414	-0.077	-0.103	-0.207	-0.138	-0.138	-0.205	-0.345	-0.416	-0.416	-0.416	-0.340	-0.188	-0.186	-0.146	-0.179	-0.183	-0.360	-0.175	-0.239	-0.215	-0.374	-0.170	-0.172	-0.414	-0.171	-0.177	-0.102	-0.217	-0.417	-0.216	-0.110	-0.199	-0.190	-0.217	-0.249	-0.416	-0.212	-0.217	-0.242	-0.240	-0.098	-0.203	-0.409	-0.103	-0.020	-0.090	-0.094	-0.205	-0.417	-0.106	-0.235	-0.311	-0.218	-0.370	-0.091	-0.212	-0.215	+0.004	-0.226	-0.216	-0.224	-0.217	-0.253	-0.208	-0.025	-0.293	-0.214	-0.419	-0.304	-0.217	-0.175	-0.419	-0.419	-0.211	-0.232	-0.251	-0.213	-0.418	-0.123	-0.223	-0.215	-0.419	-0.222	-0.205	-0.222	-0.255	-0.175	-0.217	-0.419	-0.294	-0.075	-0.248	-0.188	-0.419	-0.035	-0.293	-0.419	-0.224	-0.418	-0.220	-0.240	-0.377	
