## Summary of overall evidence for association with region:
## log10(BF for region) = 4.86275
## p-value for region = NA

## BFs for choosing among multi-SNP models:
## log10(average 1-SNP BF) = 4.94198
## log10(average 2-SNP BF) = 4.64071

## Example posterior probabilities for multi-SNP models, based on default prior: [p(l) propto 0.5^l for l=1,2,...,L]
## posterior probability of 1-SNP = 0.800088
## posterior probability of 2-SNP = 0.199912

## log10(BF) for single SNP and pair of SNPs:
rs75979004     -0.368	-0.696	-0.730	-0.674	-0.707	-0.697	-0.691	-0.251	-0.702	-0.675	-0.675	-0.685	-0.677	-0.559	-0.691	-0.674	-0.674	-0.674	-0.644	-0.517	-0.640	-0.655	-0.674	-0.514	-0.514	-0.399	-0.470	-0.385	-0.511	-0.651	-0.673	-0.673	-0.384	-0.605	-0.676	-0.676	+0.926	+0.251	-0.544	-0.679	-0.638	-0.637	-0.623	-0.635	-0.634	-0.662	-0.633	-0.631	-0.636	-0.629	-0.447	-0.442	-0.441	-0.453	-0.440	-0.433	-0.436	-0.670	+0.308	-0.663	-0.410	-0.397	+0.312	-0.666	-0.379	-0.671	-0.672	-0.678	-0.382	-0.679	-0.679	-0.679	-0.679	-0.680	-0.680	-0.680	-0.651	-0.651	-0.566	-0.657	-0.661	-0.635	-0.661	-0.580	-0.661	-0.741	-0.579	-0.661	-0.661	-0.579	-0.741	-0.661	-0.564	+5.301	-0.660	-0.661	-0.580	-0.580	+5.304	-0.661	-0.698	+5.309	-0.660	-0.660	-0.662	-0.660	-0.660	-0.662	+5.316	-0.662	-0.660	-0.738	-0.660	+5.319	-0.579	-0.576	-0.662	+5.328	-0.574	+0.332	+5.756	-0.585	-0.662	+5.332	-0.570	+5.325	+0.335	-0.572	+5.235	-0.569	-0.569	+0.291	+5.213	-0.662	-0.662	+5.188	+4.915	+4.934	-0.723	+5.113	+5.119	+5.505	+5.462	+5.477	+5.200	+4.886	+4.886	-0.832	-0.680	-0.680	+4.916	-0.639	-0.848	+0.242	-0.847	+0.237	-0.661	-0.660	-0.661	+4.913	-0.660	-0.635	+4.759	+4.720	-0.657	-0.657	-0.626	-0.862	-0.649	-0.626	-0.626	+4.627	+0.574	-0.630	+4.641	-0.692	-0.652	-0.659	-0.718	-0.168	-0.159	-0.156	-0.132	-0.305	+4.650	
rs984939       -0.696	-0.451	-0.761	-0.629	-0.735	-0.724	-0.627	-0.362	-0.729	-0.630	-0.630	-0.597	-0.702	-0.671	-0.619	-0.632	-0.633	-0.633	-0.669	-0.573	-0.700	-0.681	-0.632	-0.570	-0.570	-0.509	-0.524	-0.495	-0.567	-0.676	-0.630	-0.630	-0.495	-0.625	-0.635	-0.636	+1.253	+0.292	-0.656	-0.641	-0.662	-0.660	-0.646	-0.658	-0.657	-0.591	-0.655	-0.654	-0.659	-0.652	-0.453	-0.447	-0.446	-0.459	-0.445	-0.437	-0.441	-0.612	+0.350	-0.596	-0.412	-0.398	+0.354	-0.606	-0.378	-0.617	-0.621	-0.637	-0.382	-0.641	-0.640	-0.641	-0.641	-0.644	-0.657	-0.657	-0.729	-0.729	-0.628	-0.746	-0.744	-0.700	-0.744	-0.643	-0.749	-0.793	-0.642	-0.749	-0.744	-0.643	-0.793	-0.744	-0.627	+5.109	-0.749	-0.744	-0.643	-0.643	+5.112	-0.744	-0.759	+5.117	-0.748	-0.748	-0.744	-0.748	-0.748	-0.744	+5.124	-0.744	-0.748	-0.791	-0.748	+5.126	-0.642	-0.639	-0.745	+5.136	-0.637	+0.273	+5.560	-0.648	-0.745	+5.139	-0.633	+5.133	+0.276	-0.635	+5.043	-0.632	-0.632	+0.232	+5.022	-0.745	-0.745	+4.997	+4.728	+4.747	-0.790	+4.926	+4.930	+5.314	+5.271	+5.286	+5.011	+4.711	+4.711	-0.903	-0.742	-0.742	+4.740	-0.735	-0.937	+0.133	-0.937	+0.127	-0.736	-0.735	-0.735	+4.738	-0.735	-0.732	+4.586	+4.547	-0.732	-0.732	-0.722	-0.948	-0.741	-0.722	-0.722	+4.456	+0.441	-0.724	+4.470	-0.755	-0.718	-0.733	-0.782	-0.229	-0.221	-0.218	-0.192	-0.370	+4.479	
rs1813040      -0.730	-0.761	-0.487	-0.747	-0.595	-0.577	-0.762	+2.296	-0.586	-0.753	-0.755	-0.774	-0.543	-0.643	-0.773	-0.756	-0.754	-0.754	-0.520	+0.352	-0.788	-0.556	-0.757	+0.349	+0.348	+1.606	+0.454	+1.666	+0.350	-0.559	-0.760	-0.760	+1.652	-0.476	-0.757	-0.756	+0.769	+0.057	-0.624	-0.760	-0.589	-0.587	-0.565	-0.584	-0.583	-0.772	-0.593	-0.591	-0.598	-0.589	-0.251	-0.220	-0.219	-0.239	-0.218	-0.220	-0.256	-0.777	+0.111	-0.773	-0.180	-0.127	+0.115	-0.774	-0.076	-0.774	-0.775	-0.774	-0.098	-0.773	-0.773	-0.773	-0.773	-0.771	-0.753	-0.753	-0.766	-0.766	-0.724	-0.716	-0.769	-0.775	-0.769	-0.735	-0.721	-0.800	-0.735	-0.721	-0.770	-0.735	-0.799	-0.770	-0.723	+4.954	-0.720	-0.770	-0.735	-0.735	+4.957	-0.770	-0.726	+4.962	-0.720	-0.719	-0.770	-0.719	-0.719	-0.770	+4.969	-0.770	-0.719	-0.794	-0.719	+4.971	-0.734	-0.732	-0.770	+4.981	-0.731	+0.219	+5.417	-0.739	-0.770	+4.984	-0.727	+4.977	+0.221	-0.729	+4.884	-0.727	-0.727	+0.179	+4.863	-0.769	-0.769	+4.839	+4.565	+4.584	-0.793	+4.768	+4.773	+5.167	+5.123	+5.139	+4.854	+4.508	+4.508	-0.917	-0.820	-0.820	+4.536	-0.786	-0.962	+0.298	-0.961	+0.292	-0.776	-0.775	-0.775	+4.531	-0.775	-0.783	+4.375	+4.335	-0.773	-0.773	-0.769	-0.973	-0.793	-0.769	-0.769	+4.242	+0.564	-0.777	+4.256	-0.830	-0.653	-0.774	-0.848	-0.180	-0.171	-0.167	-0.133	-0.262	+4.265	
rs17374609     -0.674	-0.629	-0.747	-0.427	-0.721	-0.710	-0.612	-0.356	-0.715	-0.540	-0.537	-0.583	-0.688	-0.649	-0.604	-0.549	-0.552	-0.552	-0.655	-0.551	-0.680	-0.666	-0.549	-0.548	-0.548	-0.497	-0.502	-0.484	-0.545	-0.662	-0.545	-0.545	-0.483	-0.611	-0.555	-0.556	+1.447	+0.378	-0.634	-0.567	-0.647	-0.645	-0.631	-0.643	-0.643	-0.469	-0.641	-0.639	-0.644	-0.637	-0.442	-0.435	-0.434	-0.447	-0.433	-0.426	-0.429	-0.516	+0.440	-0.484	-0.401	-0.387	+0.444	-0.503	-0.368	-0.525	-0.534	-0.563	-0.371	-0.569	-0.569	-0.571	-0.571	-0.576	-0.600	-0.600	-0.708	-0.708	-0.608	-0.720	-0.723	-0.679	-0.723	-0.623	-0.723	-0.762	-0.622	-0.723	-0.723	-0.622	-0.762	-0.723	-0.607	+5.154	-0.723	-0.723	-0.622	-0.622	+5.157	-0.723	-0.726	+5.162	-0.722	-0.722	-0.723	-0.722	-0.722	-0.723	+5.169	-0.723	-0.722	-0.760	-0.722	+5.172	-0.622	-0.619	-0.724	+5.181	-0.617	+0.296	+5.608	-0.628	-0.724	+5.185	-0.612	+5.178	+0.299	-0.615	+5.088	-0.612	-0.612	+0.254	+5.067	-0.724	-0.724	+5.042	+4.772	+4.791	-0.764	+4.970	+4.975	+5.361	+5.318	+5.333	+5.056	+4.756	+4.755	-0.882	-0.722	-0.722	+4.784	-0.714	-0.916	+0.156	-0.916	+0.151	-0.714	-0.713	-0.714	+4.781	-0.713	-0.711	+4.629	+4.590	-0.710	-0.710	-0.701	-0.927	-0.721	-0.701	-0.701	+4.498	+0.463	-0.703	+4.512	-0.735	-0.697	-0.711	-0.762	-0.209	-0.200	-0.197	-0.172	-0.349	+4.521	
rs2926617      -0.707	-0.735	-0.595	-0.721	-0.462	-0.580	-0.736	+2.521	-0.583	-0.728	-0.730	-0.749	-0.562	-0.615	-0.748	-0.730	-0.728	-0.728	-0.546	+0.447	-0.770	-0.572	-0.731	+0.444	+0.442	+1.801	+0.551	+1.864	+0.445	-0.574	-0.734	-0.734	+1.849	-0.509	-0.731	-0.731	+0.752	+0.043	-0.595	-0.735	-0.599	-0.597	-0.579	-0.595	-0.594	-0.749	-0.602	-0.600	-0.606	-0.599	-0.304	-0.278	-0.277	-0.295	-0.276	-0.276	-0.306	-0.754	+0.097	-0.749	-0.239	-0.192	+0.100	-0.750	-0.147	-0.751	-0.751	-0.749	-0.166	-0.748	-0.748	-0.748	-0.748	-0.747	-0.727	-0.727	-0.742	-0.742	-0.705	-0.687	-0.745	-0.755	-0.745	-0.716	-0.692	-0.771	-0.716	-0.692	-0.745	-0.716	-0.771	-0.745	-0.704	+4.938	-0.691	-0.745	-0.716	-0.716	+4.941	-0.745	-0.695	+4.946	-0.690	-0.690	-0.745	-0.690	-0.690	-0.745	+4.953	-0.745	-0.690	-0.766	-0.689	+4.955	-0.716	-0.713	-0.746	+4.965	-0.712	+0.241	+5.400	-0.720	-0.746	+4.968	-0.708	+4.961	+0.243	-0.710	+4.868	-0.708	-0.708	+0.200	+4.847	-0.745	-0.745	+4.823	+4.550	+4.569	-0.766	+4.753	+4.757	+5.150	+5.107	+5.122	+4.839	+4.498	+4.498	-0.892	-0.801	-0.801	+4.526	-0.763	-0.937	+0.332	-0.937	+0.326	-0.753	-0.752	-0.752	+4.522	-0.752	-0.760	+4.367	+4.327	-0.750	-0.750	-0.746	-0.949	-0.770	-0.745	-0.745	+4.235	+0.595	-0.754	+4.249	-0.810	-0.625	-0.751	-0.827	-0.153	-0.144	-0.141	-0.106	-0.232	+4.258	
rs2926616      -0.697	-0.724	-0.577	-0.710	-0.580	-0.451	-0.725	+2.601	-0.579	-0.717	-0.719	-0.739	-0.568	-0.603	-0.737	-0.719	-0.717	-0.718	-0.555	+0.483	-0.762	-0.577	-0.721	+0.480	+0.478	+1.871	+0.589	+1.935	+0.481	-0.579	-0.724	-0.724	+1.919	-0.521	-0.720	-0.720	+0.746	+0.038	-0.583	-0.724	-0.601	-0.599	-0.584	-0.598	-0.597	-0.739	-0.604	-0.603	-0.608	-0.602	-0.325	-0.301	-0.300	-0.318	-0.299	-0.298	-0.325	-0.744	+0.091	-0.740	-0.262	-0.219	+0.095	-0.740	-0.176	-0.741	-0.741	-0.739	-0.194	-0.738	-0.738	-0.738	-0.738	-0.736	-0.716	-0.716	-0.732	-0.732	-0.697	-0.675	-0.735	-0.746	-0.735	-0.708	-0.680	-0.760	-0.708	-0.679	-0.735	-0.708	-0.759	-0.735	-0.696	+4.932	-0.679	-0.735	-0.708	-0.708	+4.935	-0.735	-0.682	+4.940	-0.678	-0.678	-0.735	-0.678	-0.678	-0.735	+4.946	-0.735	-0.678	-0.754	-0.677	+4.949	-0.708	-0.705	-0.735	+4.959	-0.704	+0.250	+5.393	-0.712	-0.735	+4.962	-0.700	+4.955	+0.252	-0.702	+4.863	-0.700	-0.700	+0.210	+4.841	-0.735	-0.734	+4.817	+4.544	+4.564	-0.755	+4.747	+4.752	+5.144	+5.100	+5.115	+4.833	+4.495	+4.495	-0.882	-0.792	-0.792	+4.523	-0.754	-0.927	+0.347	-0.926	+0.341	-0.743	-0.742	-0.742	+4.519	-0.742	-0.750	+4.364	+4.325	-0.740	-0.740	-0.736	-0.939	-0.761	-0.736	-0.736	+4.232	+0.609	-0.745	+4.246	-0.801	-0.612	-0.742	-0.818	-0.141	-0.132	-0.129	-0.094	-0.218	+4.255	
rs7830063      -0.691	-0.627	-0.762	-0.612	-0.736	-0.725	-0.446	-0.356	-0.730	-0.614	-0.614	-0.563	-0.703	-0.667	-0.593	-0.617	-0.617	-0.617	-0.671	-0.569	-0.697	-0.683	-0.617	-0.567	-0.566	-0.504	-0.521	-0.490	-0.564	-0.678	-0.616	-0.616	-0.490	-0.628	-0.620	-0.620	+1.288	+0.324	-0.652	-0.626	-0.664	-0.662	-0.648	-0.660	-0.659	-0.577	-0.658	-0.656	-0.661	-0.654	-0.458	-0.452	-0.451	-0.464	-0.450	-0.447	-0.450	-0.599	+0.366	-0.583	-0.422	-0.408	+0.370	-0.592	-0.389	-0.604	-0.609	-0.625	-0.388	-0.629	-0.629	-0.630	-0.630	-0.633	-0.643	-0.643	-0.725	-0.725	-0.626	-0.739	-0.740	-0.697	-0.740	-0.640	-0.742	-0.785	-0.640	-0.742	-0.740	-0.640	-0.785	-0.740	-0.624	+5.117	-0.741	-0.740	-0.640	-0.640	+5.120	-0.740	-0.748	+5.125	-0.741	-0.741	-0.740	-0.741	-0.741	-0.740	+5.132	-0.740	-0.741	-0.783	-0.740	+5.134	-0.640	-0.636	-0.741	+5.144	-0.635	+0.277	+5.568	-0.646	-0.741	+5.147	-0.630	+5.140	+0.280	-0.632	+5.051	-0.630	-0.630	+0.235	+5.030	-0.741	-0.741	+5.005	+4.735	+4.754	-0.783	+4.933	+4.937	+5.322	+5.279	+5.294	+5.018	+4.718	+4.718	-0.899	-0.740	-0.740	+4.747	-0.731	-0.933	+0.137	-0.933	+0.131	-0.732	-0.730	-0.731	+4.745	-0.731	-0.728	+4.593	+4.554	-0.727	-0.727	-0.718	-0.944	-0.737	-0.718	-0.718	+4.463	+0.446	-0.720	+4.477	-0.752	-0.713	-0.728	-0.779	-0.225	-0.216	-0.213	-0.188	-0.365	+4.486	
rs2980231      -0.251	-0.362	+2.296	-0.356	+2.521	+2.601	-0.356	-0.095	+2.563	-0.347	-0.344	-0.321	+2.711	-0.364	-0.337	-0.341	-0.345	-0.344	+2.777	-0.425	-0.090	+2.660	-0.338	-0.426	-0.426	-0.294	-0.418	-0.297	-0.427	+2.631	-0.331	-0.330	-0.299	+2.846	-0.343	-0.344	+1.785	+1.376	-0.359	-0.344	+2.394	+2.401	+2.479	+2.413	+2.418	-0.251	+2.466	+2.473	+2.443	+2.473	+3.246	+3.319	+3.319	+3.323	+3.321	+3.291	+3.193	-0.273	+1.424	-0.256	+3.327	+3.462	+1.429	-0.266	+3.547	-0.280	-0.285	-0.308	+3.520	-0.313	-0.313	-0.314	-0.314	-0.320	-0.362	-0.362	-0.327	-0.327	-0.085	-0.443	-0.367	-0.203	-0.367	-0.107	-0.443	-0.429	-0.106	-0.443	-0.367	-0.106	-0.429	-0.367	-0.082	+4.995	-0.443	-0.368	-0.107	-0.107	+4.998	-0.368	-0.463	+5.003	-0.443	-0.443	-0.369	-0.443	-0.443	-0.369	+5.009	-0.369	-0.443	-0.434	-0.443	+5.012	-0.106	-0.102	-0.370	+5.022	-0.099	+0.413	+5.432	-0.116	-0.370	+5.025	-0.092	+5.018	+0.415	-0.096	+4.932	-0.092	-0.092	+0.374	+4.911	-0.372	-0.373	+4.888	+4.632	+4.650	-0.434	+4.822	+4.829	+5.198	+5.156	+5.171	+4.907	+4.655	+4.654	-0.554	-0.210	-0.210	+4.678	-0.388	-0.595	+0.155	-0.595	+0.151	-0.315	-0.312	-0.314	+4.677	-0.313	-0.385	+4.531	+4.494	-0.307	-0.306	-0.389	-0.602	-0.398	-0.389	-0.389	+4.407	+0.440	-0.380	+4.420	-0.239	-0.496	-0.305	-0.289	-0.057	-0.049	-0.047	-0.032	-0.246	+4.430	
rs1117111      -0.702	-0.729	-0.586	-0.715	-0.583	-0.579	-0.730	+2.563	-0.456	-0.722	-0.724	-0.744	-0.563	-0.608	-0.742	-0.724	-0.722	-0.723	-0.548	+0.469	-0.765	-0.573	-0.726	+0.465	+0.464	+1.849	+0.574	+1.913	+0.466	-0.575	-0.729	-0.729	+1.897	-0.514	-0.725	-0.725	+0.749	+0.041	-0.589	-0.729	-0.599	-0.597	-0.581	-0.595	-0.594	-0.744	-0.602	-0.601	-0.607	-0.600	-0.313	-0.288	-0.287	-0.305	-0.285	-0.285	-0.314	-0.748	+0.094	-0.744	-0.249	-0.204	+0.098	-0.745	-0.159	-0.745	-0.745	-0.744	-0.178	-0.743	-0.743	-0.742	-0.742	-0.741	-0.721	-0.721	-0.737	-0.737	-0.701	-0.680	-0.740	-0.750	-0.740	-0.712	-0.685	-0.765	-0.712	-0.685	-0.740	-0.712	-0.765	-0.740	-0.700	+4.934	-0.684	-0.740	-0.712	-0.712	+4.937	-0.740	-0.688	+4.942	-0.684	-0.684	-0.740	-0.683	-0.683	-0.740	+4.949	-0.740	-0.683	-0.759	-0.683	+4.952	-0.711	-0.709	-0.740	+4.961	-0.708	+0.246	+5.396	-0.716	-0.740	+4.965	-0.704	+4.957	+0.248	-0.706	+4.865	-0.704	-0.704	+0.205	+4.844	-0.740	-0.739	+4.820	+4.547	+4.566	-0.760	+4.750	+4.754	+5.147	+5.103	+5.118	+4.835	+4.497	+4.496	-0.887	-0.796	-0.796	+4.525	-0.758	-0.932	+0.340	-0.931	+0.334	-0.747	-0.746	-0.747	+4.520	-0.747	-0.755	+4.365	+4.326	-0.745	-0.745	-0.740	-0.944	-0.765	-0.740	-0.740	+4.233	+0.603	-0.749	+4.247	-0.805	-0.618	-0.746	-0.822	-0.147	-0.138	-0.134	-0.099	-0.224	+4.256	
rs11787312     -0.675	-0.630	-0.753	-0.540	-0.728	-0.717	-0.614	-0.347	-0.722	-0.428	-0.542	-0.592	-0.695	-0.651	-0.608	-0.554	-0.555	-0.555	-0.662	-0.543	-0.683	-0.673	-0.556	-0.541	-0.540	-0.490	-0.494	-0.477	-0.537	-0.669	-0.554	-0.553	-0.476	-0.619	-0.559	-0.559	+1.406	+0.354	-0.636	-0.571	-0.655	-0.652	-0.638	-0.651	-0.650	-0.496	-0.648	-0.647	-0.651	-0.645	-0.451	-0.444	-0.444	-0.456	-0.443	-0.435	-0.438	-0.536	+0.417	-0.508	-0.411	-0.396	+0.421	-0.524	-0.377	-0.543	-0.551	-0.575	-0.381	-0.579	-0.579	-0.580	-0.580	-0.585	-0.599	-0.599	-0.709	-0.709	-0.611	-0.718	-0.724	-0.682	-0.724	-0.625	-0.721	-0.761	-0.625	-0.721	-0.724	-0.625	-0.761	-0.724	-0.610	+5.163	-0.720	-0.724	-0.625	-0.625	+5.166	-0.724	-0.722	+5.171	-0.720	-0.720	-0.724	-0.720	-0.720	-0.724	+5.178	-0.725	-0.720	-0.759	-0.720	+5.180	-0.625	-0.621	-0.725	+5.190	-0.620	+0.300	+5.618	-0.631	-0.725	+5.193	-0.615	+5.186	+0.303	-0.617	+5.096	-0.615	-0.615	+0.258	+5.075	-0.725	-0.725	+5.050	+4.780	+4.799	-0.764	+4.978	+4.983	+5.370	+5.327	+5.342	+5.064	+4.763	+4.763	-0.883	-0.725	-0.725	+4.791	-0.716	-0.917	+0.160	-0.917	+0.155	-0.716	-0.714	-0.715	+4.788	-0.715	-0.713	+4.635	+4.596	-0.712	-0.711	-0.703	-0.928	-0.723	-0.703	-0.703	+4.504	+0.464	-0.705	+4.518	-0.737	-0.696	-0.712	-0.764	-0.207	-0.198	-0.195	-0.169	-0.347	+4.527	
rs11994161     -0.675	-0.630	-0.755	-0.537	-0.730	-0.719	-0.614	-0.344	-0.724	-0.542	-0.429	-0.594	-0.697	-0.652	-0.609	-0.554	-0.555	-0.555	-0.664	-0.540	-0.684	-0.676	-0.557	-0.538	-0.537	-0.487	-0.490	-0.474	-0.534	-0.671	-0.556	-0.555	-0.473	-0.621	-0.559	-0.559	+1.390	+0.346	-0.637	-0.571	-0.657	-0.655	-0.641	-0.653	-0.652	-0.505	-0.651	-0.649	-0.654	-0.647	-0.454	-0.448	-0.447	-0.459	-0.446	-0.438	-0.442	-0.542	+0.408	-0.516	-0.414	-0.400	+0.412	-0.531	-0.381	-0.549	-0.556	-0.578	-0.384	-0.582	-0.582	-0.583	-0.583	-0.587	-0.598	-0.597	-0.709	-0.709	-0.612	-0.717	-0.724	-0.683	-0.724	-0.626	-0.720	-0.760	-0.626	-0.720	-0.724	-0.626	-0.760	-0.724	-0.610	+5.166	-0.719	-0.724	-0.626	-0.626	+5.169	-0.725	-0.720	+5.174	-0.719	-0.719	-0.725	-0.719	-0.719	-0.725	+5.181	-0.725	-0.719	-0.758	-0.719	+5.183	-0.626	-0.622	-0.725	+5.193	-0.621	+0.302	+5.621	-0.631	-0.725	+5.196	-0.616	+5.190	+0.305	-0.618	+5.100	-0.616	-0.616	+0.260	+5.078	-0.726	-0.726	+5.054	+4.783	+4.802	-0.764	+4.981	+4.986	+5.374	+5.330	+5.346	+5.067	+4.766	+4.766	-0.884	-0.726	-0.726	+4.794	-0.717	-0.917	+0.162	-0.917	+0.157	-0.716	-0.715	-0.716	+4.791	-0.715	-0.713	+4.638	+4.599	-0.712	-0.712	-0.704	-0.928	-0.723	-0.704	-0.704	+4.507	+0.465	-0.706	+4.521	-0.738	-0.695	-0.713	-0.765	-0.206	-0.197	-0.194	-0.168	-0.345	+4.530	
rs11995079     -0.685	-0.597	-0.774	-0.583	-0.749	-0.739	-0.563	-0.321	-0.744	-0.592	-0.594	-0.440	-0.718	-0.663	-0.575	-0.600	-0.598	-0.598	-0.686	-0.541	-0.698	-0.697	-0.602	-0.539	-0.538	-0.473	-0.491	-0.459	-0.535	-0.693	-0.605	-0.606	-0.459	-0.644	-0.603	-0.603	+1.203	+0.261	-0.648	-0.611	-0.679	-0.677	-0.663	-0.675	-0.674	-0.597	-0.673	-0.671	-0.676	-0.669	-0.480	-0.474	-0.473	-0.485	-0.472	-0.465	-0.468	-0.614	+0.317	-0.601	-0.441	-0.427	+0.321	-0.608	-0.408	-0.616	-0.619	-0.628	-0.411	-0.629	-0.629	-0.630	-0.630	-0.630	-0.622	-0.622	-0.719	-0.719	-0.626	-0.722	-0.734	-0.696	-0.734	-0.640	-0.726	-0.770	-0.639	-0.726	-0.735	-0.639	-0.770	-0.735	-0.624	+5.135	-0.725	-0.735	-0.640	-0.640	+5.138	-0.735	-0.724	+5.143	-0.725	-0.725	-0.735	-0.725	-0.725	-0.735	+5.150	-0.735	-0.725	-0.767	-0.725	+5.153	-0.639	-0.636	-0.736	+5.162	-0.634	+0.298	+5.588	-0.645	-0.736	+5.166	-0.630	+5.159	+0.301	-0.632	+5.069	-0.629	-0.629	+0.256	+5.048	-0.736	-0.736	+5.024	+4.752	+4.771	-0.773	+4.951	+4.954	+5.341	+5.298	+5.314	+5.035	+4.732	+4.732	-0.893	-0.739	-0.739	+4.763	-0.728	-0.928	+0.157	-0.927	+0.152	-0.728	-0.726	-0.727	+4.760	-0.726	-0.725	+4.608	+4.569	-0.723	-0.723	-0.716	-0.939	-0.735	-0.715	-0.715	+4.478	+0.456	-0.718	+4.492	-0.751	-0.701	-0.724	-0.778	-0.209	-0.201	-0.198	-0.172	-0.349	+4.501	
rs2014238      -0.677	-0.702	-0.543	-0.688	-0.562	-0.568	-0.703	+2.711	-0.563	-0.695	-0.697	-0.718	-0.430	-0.579	-0.716	-0.698	-0.696	-0.696	-0.554	+0.566	-0.745	-0.571	-0.699	+0.563	+0.561	+2.065	+0.675	+2.133	+0.564	-0.573	-0.702	-0.702	+2.114	-0.528	-0.699	-0.698	+0.735	+0.031	-0.558	-0.702	-0.597	-0.596	-0.582	-0.594	-0.594	-0.719	-0.601	-0.600	-0.604	-0.599	-0.350	-0.329	-0.328	-0.344	-0.327	-0.325	-0.349	-0.723	+0.083	-0.719	-0.291	-0.252	+0.087	-0.720	-0.212	-0.720	-0.720	-0.718	-0.228	-0.717	-0.717	-0.717	-0.717	-0.715	-0.694	-0.694	-0.712	-0.712	-0.681	-0.650	-0.714	-0.728	-0.714	-0.692	-0.655	-0.736	-0.691	-0.655	-0.714	-0.691	-0.735	-0.714	-0.680	+4.921	-0.654	-0.714	-0.691	-0.691	+4.924	-0.714	-0.656	+4.929	-0.654	-0.654	-0.714	-0.653	-0.653	-0.714	+4.936	-0.714	-0.653	-0.730	-0.653	+4.938	-0.691	-0.689	-0.714	+4.948	-0.687	+0.270	+5.381	-0.695	-0.714	+4.951	-0.684	+4.944	+0.272	-0.686	+4.852	-0.684	-0.684	+0.229	+4.831	-0.714	-0.713	+4.807	+4.534	+4.554	-0.731	+4.736	+4.741	+5.132	+5.088	+5.104	+4.822	+4.489	+4.489	-0.861	-0.775	-0.775	+4.518	-0.735	-0.907	+0.379	-0.906	+0.373	-0.723	-0.722	-0.722	+4.514	-0.722	-0.731	+4.360	+4.320	-0.720	-0.720	-0.717	-0.918	-0.742	-0.717	-0.717	+4.228	+0.639	-0.726	+4.242	-0.784	-0.585	-0.722	-0.800	-0.116	-0.107	-0.103	-0.068	-0.189	+4.251	
rs35133896     -0.559	-0.671	-0.643	-0.649	-0.615	-0.603	-0.667	-0.364	-0.608	-0.651	-0.652	-0.663	-0.579	-0.342	-0.668	-0.651	-0.650	-0.650	-0.541	-0.471	-0.592	-0.554	-0.651	-0.469	-0.468	-0.490	-0.423	-0.478	-0.465	-0.550	-0.650	-0.650	-0.477	-0.496	-0.652	-0.652	+0.907	+0.582	-0.461	-0.655	-0.535	-0.533	-0.518	-0.531	-0.530	-0.639	-0.528	-0.526	-0.532	-0.525	-0.316	-0.309	-0.308	-0.322	-0.307	-0.300	-0.303	-0.648	+0.649	-0.640	-0.274	-0.259	+0.653	-0.644	-0.239	-0.648	-0.650	-0.655	-0.243	-0.656	-0.656	-0.656	-0.656	-0.657	-0.656	-0.656	-0.415	-0.415	-0.522	-0.661	-0.524	-0.596	-0.524	-0.537	-0.664	-0.733	-0.536	-0.664	-0.525	-0.537	-0.733	-0.526	-0.521	+5.186	-0.664	-0.526	-0.537	-0.537	+5.188	-0.527	-0.701	+5.193	-0.663	-0.663	-0.528	-0.663	-0.663	-0.528	+5.200	-0.529	-0.663	-0.730	-0.663	+5.203	-0.536	-0.533	-0.530	+5.213	-0.531	+0.650	+5.635	-0.543	-0.531	+5.216	-0.526	+5.209	+0.654	-0.529	+5.120	-0.526	-0.526	+0.600	+5.099	-0.535	-0.537	+5.075	+4.806	+4.825	-0.672	+5.003	+5.008	+5.390	+5.347	+5.362	+5.088	+4.795	+4.794	-0.790	-0.638	-0.638	+4.823	-0.626	-0.835	+0.192	-0.836	+0.187	-0.470	-0.465	-0.468	+4.820	-0.466	-0.623	+4.669	+4.631	-0.457	-0.457	-0.612	-0.846	-0.631	-0.612	-0.612	+4.539	+0.502	-0.613	+4.554	-0.651	-0.647	-0.461	-0.680	-0.057	-0.048	-0.044	-0.016	-0.312	+4.563	
rs6472910      -0.691	-0.619	-0.773	-0.604	-0.748	-0.737	-0.593	-0.337	-0.742	-0.608	-0.609	-0.575	-0.716	-0.668	-0.446	-0.610	-0.609	-0.609	-0.684	-0.554	-0.701	-0.695	-0.612	-0.552	-0.552	-0.487	-0.505	-0.474	-0.548	-0.691	-0.613	-0.613	-0.473	-0.641	-0.613	-0.613	+1.229	+0.274	-0.653	-0.620	-0.678	-0.676	-0.662	-0.674	-0.673	-0.592	-0.672	-0.670	-0.675	-0.668	-0.477	-0.471	-0.470	-0.481	-0.469	-0.460	-0.463	-0.611	+0.331	-0.597	-0.437	-0.422	+0.335	-0.605	-0.403	-0.614	-0.618	-0.630	-0.406	-0.632	-0.632	-0.633	-0.633	-0.634	-0.633	-0.633	-0.724	-0.725	-0.629	-0.731	-0.739	-0.699	-0.739	-0.643	-0.735	-0.777	-0.643	-0.735	-0.740	-0.643	-0.777	-0.740	-0.627	+5.126	-0.734	-0.740	-0.643	-0.643	+5.129	-0.740	-0.734	+5.134	-0.734	-0.734	-0.740	-0.734	-0.734	-0.740	+5.141	-0.740	-0.734	-0.774	-0.733	+5.143	-0.642	-0.639	-0.741	+5.153	-0.638	+0.288	+5.578	-0.648	-0.741	+5.156	-0.633	+5.150	+0.291	-0.635	+5.060	-0.633	-0.633	+0.246	+5.039	-0.741	-0.741	+5.014	+4.743	+4.762	-0.780	+4.942	+4.945	+5.332	+5.288	+5.304	+5.026	+4.724	+4.723	-0.898	-0.742	-0.742	+4.754	-0.732	-0.933	+0.148	-0.932	+0.142	-0.732	-0.731	-0.732	+4.751	-0.731	-0.729	+4.599	+4.560	-0.728	-0.728	-0.720	-0.944	-0.739	-0.720	-0.720	+4.469	+0.449	-0.722	+4.483	-0.755	-0.709	-0.729	-0.781	-0.217	-0.209	-0.205	-0.180	-0.357	+4.492	
rs11786019     -0.674	-0.632	-0.756	-0.549	-0.730	-0.719	-0.617	-0.341	-0.724	-0.554	-0.554	-0.600	-0.698	-0.651	-0.610	-0.427	-0.542	-0.542	-0.663	-0.536	-0.683	-0.675	-0.545	-0.534	-0.533	-0.483	-0.486	-0.470	-0.530	-0.671	-0.543	-0.543	-0.469	-0.622	-0.557	-0.557	+1.383	+0.343	-0.636	-0.570	-0.657	-0.655	-0.641	-0.653	-0.652	-0.507	-0.651	-0.649	-0.654	-0.647	-0.455	-0.448	-0.448	-0.460	-0.446	-0.439	-0.442	-0.542	+0.406	-0.518	-0.415	-0.401	+0.409	-0.533	-0.382	-0.550	-0.557	-0.578	-0.385	-0.582	-0.582	-0.583	-0.583	-0.587	-0.596	-0.595	-0.708	-0.708	-0.611	-0.714	-0.723	-0.682	-0.723	-0.625	-0.717	-0.759	-0.625	-0.717	-0.723	-0.625	-0.759	-0.723	-0.610	+5.171	-0.717	-0.723	-0.625	-0.625	+5.174	-0.723	-0.718	+5.179	-0.716	-0.716	-0.724	-0.716	-0.716	-0.724	+5.186	-0.724	-0.716	-0.756	-0.716	+5.188	-0.625	-0.621	-0.724	+5.198	-0.620	+0.304	+5.626	-0.631	-0.724	+5.201	-0.615	+5.195	+0.307	-0.618	+5.104	-0.615	-0.615	+0.262	+5.083	-0.724	-0.725	+5.058	+4.788	+4.807	-0.761	+4.986	+4.991	+5.379	+5.335	+5.351	+5.072	+4.770	+4.770	-0.882	-0.725	-0.725	+4.798	-0.715	-0.916	+0.165	-0.916	+0.159	-0.715	-0.714	-0.715	+4.795	-0.714	-0.712	+4.642	+4.603	-0.711	-0.711	-0.703	-0.927	-0.722	-0.703	-0.703	+4.511	+0.466	-0.705	+4.525	-0.737	-0.693	-0.712	-0.764	-0.204	-0.196	-0.192	-0.167	-0.344	+4.534	
rs75276617     -0.674	-0.633	-0.754	-0.552	-0.728	-0.717	-0.617	-0.345	-0.722	-0.555	-0.555	-0.598	-0.696	-0.650	-0.609	-0.542	-0.427	-0.541	-0.661	-0.539	-0.682	-0.673	-0.542	-0.537	-0.537	-0.487	-0.490	-0.473	-0.534	-0.669	-0.538	-0.538	-0.472	-0.619	-0.555	-0.556	+1.397	+0.351	-0.635	-0.568	-0.655	-0.653	-0.639	-0.651	-0.650	-0.495	-0.648	-0.647	-0.652	-0.645	-0.452	-0.445	-0.445	-0.457	-0.443	-0.436	-0.439	-0.534	+0.413	-0.508	-0.412	-0.397	+0.417	-0.524	-0.378	-0.543	-0.550	-0.574	-0.382	-0.578	-0.578	-0.579	-0.579	-0.584	-0.596	-0.596	-0.708	-0.708	-0.610	-0.715	-0.723	-0.681	-0.723	-0.625	-0.718	-0.760	-0.624	-0.718	-0.723	-0.624	-0.759	-0.723	-0.609	+5.167	-0.718	-0.723	-0.624	-0.624	+5.170	-0.723	-0.720	+5.175	-0.718	-0.717	-0.723	-0.717	-0.717	-0.723	+5.182	-0.723	-0.717	-0.757	-0.717	+5.185	-0.624	-0.621	-0.724	+5.194	-0.619	+0.303	+5.623	-0.630	-0.724	+5.198	-0.614	+5.191	+0.305	-0.617	+5.101	-0.614	-0.614	+0.261	+5.080	-0.724	-0.724	+5.055	+4.785	+4.804	-0.762	+4.983	+4.988	+5.375	+5.332	+5.347	+5.068	+4.767	+4.767	-0.882	-0.724	-0.724	+4.795	-0.715	-0.916	+0.163	-0.916	+0.157	-0.715	-0.713	-0.714	+4.792	-0.714	-0.712	+4.639	+4.600	-0.711	-0.710	-0.702	-0.927	-0.721	-0.702	-0.702	+4.508	+0.466	-0.704	+4.522	-0.737	-0.694	-0.711	-0.763	-0.205	-0.196	-0.193	-0.168	-0.345	+4.531	
rs113135741    -0.674	-0.633	-0.754	-0.552	-0.728	-0.718	-0.617	-0.344	-0.723	-0.555	-0.555	-0.598	-0.696	-0.650	-0.609	-0.542	-0.541	-0.427	-0.662	-0.539	-0.682	-0.673	-0.542	-0.536	-0.536	-0.486	-0.489	-0.473	-0.533	-0.669	-0.539	-0.539	-0.472	-0.620	-0.555	-0.555	+1.394	+0.349	-0.635	-0.568	-0.655	-0.653	-0.639	-0.651	-0.651	-0.497	-0.649	-0.647	-0.652	-0.646	-0.452	-0.446	-0.445	-0.458	-0.444	-0.437	-0.440	-0.535	+0.412	-0.509	-0.412	-0.398	+0.415	-0.525	-0.379	-0.543	-0.551	-0.574	-0.382	-0.579	-0.579	-0.580	-0.580	-0.584	-0.596	-0.595	-0.708	-0.708	-0.610	-0.715	-0.723	-0.681	-0.723	-0.625	-0.718	-0.759	-0.624	-0.718	-0.723	-0.624	-0.759	-0.723	-0.609	+5.168	-0.718	-0.723	-0.625	-0.625	+5.171	-0.723	-0.719	+5.176	-0.717	-0.717	-0.723	-0.717	-0.717	-0.723	+5.183	-0.723	-0.717	-0.757	-0.717	+5.185	-0.624	-0.621	-0.724	+5.195	-0.619	+0.303	+5.623	-0.630	-0.724	+5.199	-0.615	+5.192	+0.306	-0.617	+5.102	-0.614	-0.614	+0.261	+5.081	-0.724	-0.724	+5.056	+4.785	+4.804	-0.762	+4.983	+4.989	+5.376	+5.332	+5.348	+5.069	+4.768	+4.767	-0.882	-0.724	-0.724	+4.796	-0.715	-0.916	+0.163	-0.916	+0.158	-0.715	-0.713	-0.714	+4.793	-0.714	-0.712	+4.640	+4.601	-0.711	-0.710	-0.702	-0.927	-0.721	-0.702	-0.702	+4.509	+0.466	-0.704	+4.523	-0.737	-0.693	-0.711	-0.763	-0.205	-0.196	-0.193	-0.168	-0.344	+4.532	
rs2926613      -0.644	-0.669	-0.520	-0.655	-0.546	-0.555	-0.671	+2.777	-0.548	-0.662	-0.664	-0.686	-0.554	-0.541	-0.684	-0.663	-0.661	-0.662	-0.396	+0.714	-0.718	-0.525	-0.665	+0.717	+0.716	+2.472	+0.839	+2.544	+0.721	-0.529	-0.669	-0.669	+2.529	-0.516	-0.665	-0.665	+0.723	+0.024	-0.519	-0.669	-0.575	-0.575	-0.566	-0.574	-0.573	-0.687	-0.581	-0.580	-0.584	-0.580	-0.368	-0.348	-0.347	-0.363	-0.346	-0.347	-0.368	-0.692	+0.075	-0.688	-0.316	-0.280	+0.079	-0.688	-0.243	-0.688	-0.688	-0.685	-0.255	-0.684	-0.684	-0.684	-0.684	-0.682	-0.660	-0.660	-0.680	-0.680	-0.655	-0.608	-0.681	-0.700	-0.681	-0.665	-0.614	-0.698	-0.665	-0.614	-0.681	-0.665	-0.697	-0.681	-0.654	+4.909	-0.613	-0.681	-0.665	-0.665	+4.912	-0.681	-0.615	+4.917	-0.612	-0.612	-0.681	-0.612	-0.612	-0.681	+4.924	-0.681	-0.612	-0.692	-0.611	+4.926	-0.664	-0.662	-0.681	+4.936	-0.661	+0.301	+5.367	-0.669	-0.681	+4.939	-0.658	+4.932	+0.303	-0.659	+4.841	-0.657	-0.657	+0.260	+4.819	-0.681	-0.680	+4.795	+4.524	+4.543	-0.694	+4.725	+4.729	+5.119	+5.075	+5.091	+4.810	+4.485	+4.484	-0.827	-0.746	-0.746	+4.513	-0.704	-0.874	+0.428	-0.873	+0.422	-0.691	-0.690	-0.691	+4.510	-0.691	-0.701	+4.357	+4.318	-0.689	-0.689	-0.685	-0.886	-0.711	-0.685	-0.685	+4.226	+0.686	-0.695	+4.240	-0.755	-0.545	-0.690	-0.770	-0.080	-0.071	-0.068	-0.031	-0.148	+4.249	
rs2926612      -0.517	-0.573	+0.352	-0.551	+0.447	+0.483	-0.569	-0.425	+0.469	-0.543	-0.540	-0.541	+0.566	-0.471	-0.554	-0.536	-0.539	-0.539	+0.714	-0.290	-0.380	+0.674	-0.533	-0.405	-0.407	-0.525	-0.375	-0.516	-0.409	+0.681	-0.527	-0.526	-0.515	+0.800	-0.539	-0.540	+1.710	+0.566	-0.453	-0.542	+0.623	+0.628	+0.672	+0.634	+0.637	-0.470	+0.607	+0.611	+0.596	+0.614	+1.076	+1.107	+1.108	+1.097	+1.110	+1.108	+1.073	-0.489	+0.613	-0.474	+1.145	+1.207	+0.617	-0.483	+1.256	-0.495	-0.499	-0.518	+1.251	-0.523	-0.523	-0.524	-0.524	-0.529	-0.562	-0.562	-0.581	-0.581	-0.345	-0.624	-0.582	-0.447	-0.582	-0.364	-0.625	-0.622	-0.363	-0.625	-0.582	-0.363	-0.622	-0.582	-0.342	+4.928	-0.625	-0.582	-0.364	-0.364	+4.931	-0.582	-0.653	+4.936	-0.625	-0.625	-0.582	-0.625	-0.625	-0.582	+4.943	-0.582	-0.625	-0.626	-0.625	+4.946	-0.363	-0.359	-0.582	+4.955	-0.357	+0.174	+5.371	-0.372	-0.582	+4.959	-0.351	+4.952	+0.176	-0.354	+4.864	-0.350	-0.350	+0.136	+4.843	-0.582	-0.581	+4.819	+4.555	+4.574	-0.652	+4.751	+4.754	+5.131	+5.089	+5.104	+4.834	+4.554	+4.554	-0.720	-0.472	-0.472	+4.583	-0.593	-0.778	+0.065	-0.778	+0.061	-0.589	-0.588	-0.589	+4.581	-0.589	-0.590	+4.433	+4.395	-0.586	-0.586	-0.592	-0.791	-0.604	-0.592	-0.592	+4.307	+0.370	-0.588	+4.320	-0.493	-0.640	-0.587	-0.535	-0.252	-0.244	-0.242	-0.224	-0.345	+4.330	
rs12678774     -0.640	-0.700	-0.788	-0.680	-0.770	-0.762	-0.697	-0.090	-0.765	-0.683	-0.684	-0.698	-0.745	-0.592	-0.701	-0.683	-0.682	-0.682	-0.718	-0.380	-0.387	-0.727	-0.683	-0.378	-0.377	-0.252	-0.324	-0.236	-0.374	-0.724	-0.684	-0.684	-0.235	-0.684	-0.684	-0.684	+0.779	+0.076	-0.575	-0.688	-0.713	-0.711	-0.700	-0.710	-0.709	-0.682	-0.708	-0.707	-0.710	-0.705	-0.544	-0.539	-0.539	-0.549	-0.538	-0.531	-0.534	-0.689	+0.126	-0.683	-0.510	-0.498	+0.129	-0.686	-0.482	-0.688	-0.689	-0.692	-0.484	-0.693	-0.693	-0.693	-0.693	-0.693	-0.685	-0.685	-0.674	-0.674	-0.579	-0.675	-0.682	-0.627	-0.682	-0.591	-0.678	-0.752	-0.590	-0.678	-0.682	-0.590	-0.752	-0.682	-0.579	+5.013	-0.678	-0.682	-0.590	-0.591	+5.016	-0.683	-0.703	+5.021	-0.677	-0.677	-0.683	-0.677	-0.677	-0.683	+5.028	-0.683	-0.677	-0.749	-0.677	+5.031	-0.590	-0.588	-0.683	+5.040	-0.587	+1.089	+5.460	-0.595	-0.683	+5.044	-0.583	+5.037	+1.088	-0.585	+4.949	-0.583	-0.583	+1.030	+4.928	-0.683	-0.683	+4.904	+4.637	+4.656	-0.731	+4.833	+4.837	+5.218	+5.175	+5.190	+4.918	+4.628	+4.628	-0.794	-0.718	-0.718	+4.657	-0.618	-0.846	+0.921	-0.843	+0.913	-0.683	-0.682	-0.683	+4.657	-0.682	-0.614	+4.507	+4.469	-0.680	-0.680	-0.599	-0.857	-0.617	-0.599	-0.599	+4.378	+1.188	-0.596	+4.393	-0.719	-0.541	-0.681	-0.734	-0.068	-0.059	-0.056	-0.026	-0.161	+4.402	
rs2926611      -0.655	-0.681	-0.556	-0.666	-0.572	-0.577	-0.683	+2.660	-0.573	-0.673	-0.676	-0.697	-0.571	-0.554	-0.695	-0.675	-0.673	-0.673	-0.525	+0.674	-0.727	-0.408	-0.677	+0.680	+0.680	+2.408	+0.803	+2.482	+0.686	-0.532	-0.680	-0.680	+2.467	-0.510	-0.677	-0.676	+0.727	+0.027	-0.532	-0.680	-0.579	-0.577	-0.567	-0.576	-0.576	-0.698	-0.584	-0.583	-0.587	-0.582	-0.352	-0.329	-0.329	-0.342	-0.327	-0.329	-0.353	-0.702	+0.079	-0.698	-0.297	-0.257	+0.082	-0.699	-0.218	-0.699	-0.699	-0.696	-0.231	-0.695	-0.695	-0.695	-0.695	-0.693	-0.672	-0.671	-0.691	-0.691	-0.663	-0.621	-0.692	-0.709	-0.692	-0.674	-0.627	-0.710	-0.674	-0.626	-0.692	-0.674	-0.710	-0.692	-0.663	+4.913	-0.626	-0.692	-0.674	-0.674	+4.916	-0.692	-0.628	+4.921	-0.625	-0.625	-0.692	-0.624	-0.625	-0.692	+4.928	-0.692	-0.625	-0.704	-0.624	+4.930	-0.673	-0.671	-0.692	+4.940	-0.670	+0.290	+5.372	-0.678	-0.692	+4.943	-0.667	+4.936	+0.292	-0.668	+4.845	-0.666	-0.666	+0.249	+4.823	-0.692	-0.691	+4.799	+4.527	+4.547	-0.706	+4.729	+4.733	+5.123	+5.080	+5.095	+4.814	+4.486	+4.486	-0.838	-0.756	-0.756	+4.515	-0.714	-0.885	+0.412	-0.884	+0.406	-0.702	-0.701	-0.701	+4.511	-0.701	-0.711	+4.358	+4.318	-0.700	-0.699	-0.696	-0.897	-0.722	-0.696	-0.696	+4.227	+0.670	-0.706	+4.241	-0.765	-0.559	-0.701	-0.780	-0.093	-0.084	-0.080	-0.044	-0.162	+4.250	
rs73689630     -0.674	-0.632	-0.757	-0.549	-0.731	-0.721	-0.617	-0.338	-0.726	-0.556	-0.557	-0.602	-0.699	-0.651	-0.612	-0.545	-0.542	-0.542	-0.665	-0.533	-0.683	-0.677	-0.427	-0.531	-0.531	-0.481	-0.483	-0.467	-0.528	-0.672	-0.541	-0.541	-0.466	-0.623	-0.553	-0.553	+1.369	+0.337	-0.636	-0.566	-0.659	-0.657	-0.643	-0.655	-0.654	-0.508	-0.652	-0.651	-0.656	-0.649	-0.457	-0.450	-0.450	-0.462	-0.449	-0.441	-0.444	-0.543	+0.398	-0.519	-0.417	-0.403	+0.402	-0.534	-0.384	-0.550	-0.557	-0.578	-0.387	-0.582	-0.582	-0.583	-0.583	-0.586	-0.592	-0.592	-0.708	-0.708	-0.611	-0.713	-0.723	-0.682	-0.723	-0.626	-0.716	-0.758	-0.625	-0.716	-0.723	-0.625	-0.758	-0.723	-0.610	+5.174	-0.715	-0.723	-0.625	-0.625	+5.176	-0.723	-0.716	+5.181	-0.715	-0.715	-0.723	-0.715	-0.715	-0.724	+5.188	-0.724	-0.715	-0.755	-0.715	+5.191	-0.625	-0.622	-0.724	+5.201	-0.620	+0.306	+5.629	-0.631	-0.724	+5.204	-0.615	+5.197	+0.309	-0.618	+5.107	-0.615	-0.615	+0.264	+5.086	-0.724	-0.724	+5.061	+4.791	+4.810	-0.761	+4.989	+4.994	+5.382	+5.338	+5.354	+5.075	+4.774	+4.773	-0.882	-0.725	-0.725	+4.802	-0.715	-0.916	+0.166	-0.916	+0.161	-0.715	-0.714	-0.715	+4.799	-0.714	-0.712	+4.646	+4.607	-0.711	-0.711	-0.703	-0.927	-0.722	-0.703	-0.703	+4.515	+0.467	-0.705	+4.529	-0.738	-0.692	-0.712	-0.764	-0.203	-0.194	-0.191	-0.166	-0.342	+4.538	
rs1824452      -0.514	-0.570	+0.349	-0.548	+0.444	+0.480	-0.567	-0.426	+0.465	-0.541	-0.538	-0.539	+0.563	-0.469	-0.552	-0.534	-0.537	-0.536	+0.717	-0.405	-0.378	+0.680	-0.531	-0.288	-0.401	-0.524	-0.368	-0.515	-0.402	+0.691	-0.525	-0.524	-0.514	+0.809	-0.537	-0.537	+1.714	+0.567	-0.450	-0.539	+0.632	+0.637	+0.681	+0.643	+0.646	-0.468	+0.616	+0.620	+0.604	+0.623	+1.085	+1.116	+1.117	+1.106	+1.119	+1.117	+1.081	-0.486	+0.615	-0.471	+1.154	+1.216	+0.619	-0.481	+1.265	-0.492	-0.497	-0.516	+1.260	-0.520	-0.520	-0.522	-0.522	-0.526	-0.560	-0.560	-0.579	-0.579	-0.342	-0.622	-0.580	-0.444	-0.580	-0.361	-0.623	-0.620	-0.360	-0.623	-0.580	-0.361	-0.620	-0.580	-0.339	+4.928	-0.623	-0.580	-0.361	-0.361	+4.931	-0.580	-0.650	+4.936	-0.623	-0.623	-0.580	-0.623	-0.623	-0.580	+4.943	-0.580	-0.623	-0.624	-0.623	+4.946	-0.360	-0.356	-0.580	+4.955	-0.354	+0.174	+5.372	-0.369	-0.580	+4.959	-0.348	+4.952	+0.177	-0.351	+4.864	-0.347	-0.347	+0.136	+4.843	-0.579	-0.579	+4.819	+4.556	+4.574	-0.650	+4.751	+4.754	+5.131	+5.089	+5.104	+4.834	+4.554	+4.554	-0.717	-0.469	-0.469	+4.583	-0.591	-0.776	+0.066	-0.776	+0.061	-0.587	-0.586	-0.587	+4.582	-0.587	-0.588	+4.433	+4.396	-0.584	-0.584	-0.590	-0.788	-0.602	-0.590	-0.590	+4.307	+0.371	-0.586	+4.320	-0.491	-0.638	-0.585	-0.533	-0.251	-0.243	-0.241	-0.223	-0.344	+4.330	
rs2926610      -0.514	-0.570	+0.348	-0.548	+0.442	+0.478	-0.566	-0.426	+0.464	-0.540	-0.537	-0.538	+0.561	-0.468	-0.552	-0.533	-0.537	-0.536	+0.716	-0.407	-0.377	+0.680	-0.531	-0.401	-0.288	-0.524	-0.367	-0.515	-0.401	+0.692	-0.524	-0.524	-0.514	+0.810	-0.537	-0.537	+1.715	+0.568	-0.449	-0.539	+0.633	+0.637	+0.682	+0.644	+0.647	-0.467	+0.616	+0.621	+0.605	+0.624	+1.086	+1.117	+1.118	+1.107	+1.120	+1.118	+1.082	-0.486	+0.615	-0.471	+1.155	+1.217	+0.619	-0.480	+1.266	-0.492	-0.496	-0.516	+1.261	-0.520	-0.520	-0.521	-0.521	-0.526	-0.559	-0.560	-0.578	-0.578	-0.341	-0.622	-0.580	-0.444	-0.580	-0.361	-0.622	-0.619	-0.360	-0.622	-0.580	-0.360	-0.620	-0.580	-0.338	+4.928	-0.622	-0.580	-0.360	-0.360	+4.931	-0.580	-0.650	+4.936	-0.623	-0.623	-0.580	-0.622	-0.623	-0.580	+4.943	-0.580	-0.623	-0.623	-0.623	+4.946	-0.360	-0.356	-0.580	+4.955	-0.354	+0.174	+5.371	-0.368	-0.580	+4.959	-0.347	+4.952	+0.177	-0.351	+4.864	-0.347	-0.347	+0.136	+4.843	-0.579	-0.579	+4.819	+4.556	+4.574	-0.650	+4.751	+4.754	+5.131	+5.089	+5.104	+4.834	+4.554	+4.554	-0.717	-0.468	-0.468	+4.583	-0.591	-0.776	+0.066	-0.775	+0.062	-0.587	-0.586	-0.587	+4.581	-0.586	-0.588	+4.433	+4.396	-0.584	-0.584	-0.590	-0.788	-0.602	-0.590	-0.590	+4.307	+0.371	-0.586	+4.320	-0.490	-0.638	-0.585	-0.532	-0.251	-0.243	-0.240	-0.223	-0.343	+4.330	
rs2980218      -0.399	-0.509	+1.606	-0.497	+1.801	+1.871	-0.504	-0.294	+1.849	-0.490	-0.487	-0.473	+2.065	-0.490	-0.487	-0.483	-0.487	-0.486	+2.472	-0.525	-0.252	+2.408	-0.481	-0.524	-0.524	-0.230	-0.505	-0.337	-0.523	+2.436	-0.474	-0.474	-0.340	+2.601	-0.487	-0.487	+1.561	+1.120	-0.484	-0.487	+2.128	+2.135	+2.212	+2.147	+2.151	-0.408	+2.054	+2.061	+2.031	+2.060	+2.816	+2.893	+2.894	+2.892	+2.895	+2.855	+2.762	-0.426	+1.167	-0.411	+2.893	+3.021	+1.172	-0.421	+3.104	-0.432	-0.437	-0.457	+3.090	-0.461	-0.461	-0.463	-0.463	-0.468	-0.502	-0.503	-0.464	-0.464	-0.236	-0.571	-0.501	-0.349	-0.501	-0.257	-0.571	-0.572	-0.257	-0.571	-0.501	-0.257	-0.572	-0.501	-0.233	+4.930	-0.572	-0.501	-0.257	-0.257	+4.933	-0.502	-0.596	+4.938	-0.572	-0.572	-0.502	-0.571	-0.572	-0.502	+4.945	-0.503	-0.572	-0.576	-0.572	+4.947	-0.257	-0.252	-0.503	+4.957	-0.250	+0.306	+5.371	-0.266	-0.504	+4.960	-0.243	+4.954	+0.308	-0.247	+4.866	-0.242	-0.242	+0.267	+4.846	-0.506	-0.507	+4.822	+4.562	+4.580	-0.569	+4.754	+4.760	+5.133	+5.091	+5.106	+4.839	+4.573	+4.573	-0.683	-0.361	-0.361	+4.598	-0.515	-0.723	+0.072	-0.723	+0.067	-0.455	-0.452	-0.454	+4.596	-0.453	-0.512	+4.449	+4.412	-0.447	-0.447	-0.515	-0.730	-0.525	-0.515	-0.515	+4.324	+0.366	-0.508	+4.337	-0.388	-0.612	-0.446	-0.435	-0.163	-0.155	-0.152	-0.136	-0.344	+4.346	
rs2980220      -0.470	-0.524	+0.454	-0.502	+0.551	+0.589	-0.521	-0.418	+0.574	-0.494	-0.490	-0.491	+0.675	-0.423	-0.505	-0.486	-0.490	-0.489	+0.839	-0.375	-0.324	+0.803	-0.483	-0.368	-0.367	-0.505	-0.244	-0.497	-0.369	+0.817	-0.476	-0.476	-0.497	+0.938	-0.489	-0.490	+1.800	+0.628	-0.403	-0.492	+0.752	+0.757	+0.803	+0.764	+0.766	-0.416	+0.733	+0.738	+0.722	+0.741	+1.218	+1.251	+1.252	+1.241	+1.254	+1.251	+1.233	-0.435	+0.675	-0.420	+1.288	+1.352	+0.680	-0.429	+1.403	-0.442	-0.446	-0.467	+1.421	-0.471	-0.471	-0.473	-0.473	-0.478	-0.514	-0.514	-0.536	-0.536	-0.290	-0.580	-0.537	-0.394	-0.537	-0.310	-0.580	-0.571	-0.309	-0.580	-0.537	-0.309	-0.572	-0.537	-0.287	+4.943	-0.580	-0.537	-0.310	-0.310	+4.946	-0.537	-0.607	+4.951	-0.580	-0.580	-0.537	-0.580	-0.581	-0.537	+4.958	-0.537	-0.581	-0.576	-0.581	+4.960	-0.309	-0.305	-0.537	+4.970	-0.303	+0.194	+5.385	-0.318	-0.537	+4.973	-0.296	+4.967	+0.197	-0.300	+4.879	-0.296	-0.296	+0.157	+4.858	-0.536	-0.536	+4.835	+4.572	+4.590	-0.608	+4.767	+4.770	+5.146	+5.104	+5.119	+4.849	+4.574	+4.573	-0.673	-0.415	-0.415	+4.602	-0.549	-0.734	+0.089	-0.733	+0.085	-0.545	-0.544	-0.545	+4.601	-0.545	-0.547	+4.453	+4.416	-0.542	-0.542	-0.549	-0.746	-0.561	-0.549	-0.549	+4.328	+0.393	-0.545	+4.341	-0.438	-0.602	-0.543	-0.481	-0.223	-0.216	-0.213	-0.196	-0.312	+4.350	
rs2980221      -0.385	-0.495	+1.666	-0.484	+1.864	+1.935	-0.490	-0.297	+1.913	-0.477	-0.474	-0.459	+2.133	-0.478	-0.474	-0.470	-0.473	-0.473	+2.544	-0.516	-0.236	+2.482	-0.467	-0.515	-0.515	-0.337	-0.497	-0.217	-0.514	+2.515	-0.461	-0.460	-0.334	+2.688	-0.473	-0.473	+1.582	+1.145	-0.472	-0.474	+2.205	+2.212	+2.291	+2.224	+2.229	-0.393	+2.129	+2.135	+2.106	+2.135	+2.897	+2.976	+2.976	+2.976	+2.977	+2.936	+2.841	-0.412	+1.193	-0.397	+2.973	+3.104	+1.198	-0.406	+3.188	-0.418	-0.423	-0.443	+3.174	-0.447	-0.447	-0.449	-0.449	-0.454	-0.489	-0.489	-0.451	-0.451	-0.221	-0.559	-0.488	-0.334	-0.488	-0.242	-0.559	-0.558	-0.241	-0.559	-0.488	-0.241	-0.558	-0.488	-0.217	+4.935	-0.559	-0.489	-0.242	-0.242	+4.938	-0.489	-0.583	+4.943	-0.559	-0.559	-0.489	-0.559	-0.559	-0.490	+4.950	-0.490	-0.559	-0.562	-0.559	+4.952	-0.241	-0.237	-0.490	+4.962	-0.234	+0.315	+5.376	-0.250	-0.491	+4.965	-0.227	+4.959	+0.318	-0.231	+4.871	-0.227	-0.227	+0.277	+4.851	-0.493	-0.494	+4.827	+4.567	+4.586	-0.556	+4.759	+4.765	+5.138	+5.096	+5.111	+4.844	+4.580	+4.580	-0.671	-0.346	-0.346	+4.604	-0.503	-0.711	+0.079	-0.711	+0.074	-0.442	-0.439	-0.440	+4.603	-0.440	-0.500	+4.456	+4.418	-0.434	-0.433	-0.503	-0.718	-0.513	-0.503	-0.503	+4.331	+0.373	-0.495	+4.344	-0.373	-0.601	-0.433	-0.421	-0.153	-0.146	-0.143	-0.127	-0.336	+4.353	
rs2926607      -0.511	-0.567	+0.350	-0.545	+0.445	+0.481	-0.564	-0.427	+0.466	-0.537	-0.534	-0.535	+0.564	-0.465	-0.548	-0.530	-0.534	-0.533	+0.721	-0.409	-0.374	+0.686	-0.528	-0.402	-0.401	-0.523	-0.369	-0.514	-0.285	+0.700	-0.521	-0.520	-0.513	+0.820	-0.533	-0.534	+1.722	+0.571	-0.446	-0.536	+0.642	+0.649	+0.693	+0.653	+0.656	-0.464	+0.625	+0.629	+0.614	+0.632	+1.095	+1.127	+1.128	+1.117	+1.129	+1.128	+1.092	-0.482	+0.619	-0.467	+1.164	+1.226	+0.623	-0.477	+1.276	-0.488	-0.493	-0.512	+1.271	-0.517	-0.516	-0.518	-0.518	-0.523	-0.556	-0.556	-0.575	-0.575	-0.338	-0.619	-0.577	-0.440	-0.577	-0.357	-0.620	-0.616	-0.356	-0.620	-0.577	-0.356	-0.616	-0.577	-0.335	+4.929	-0.620	-0.577	-0.357	-0.357	+4.932	-0.577	-0.647	+4.937	-0.620	-0.620	-0.577	-0.620	-0.620	-0.577	+4.944	-0.577	-0.620	-0.620	-0.620	+4.946	-0.356	-0.352	-0.577	+4.956	-0.350	+0.175	+5.372	-0.365	-0.577	+4.959	-0.344	+4.952	+0.178	-0.347	+4.864	-0.343	-0.343	+0.137	+4.844	-0.576	-0.576	+4.820	+4.556	+4.575	-0.647	+4.751	+4.755	+5.132	+5.089	+5.104	+4.834	+4.555	+4.555	-0.714	-0.465	-0.465	+4.584	-0.588	-0.773	+0.068	-0.772	+0.063	-0.584	-0.583	-0.584	+4.583	-0.583	-0.585	+4.435	+4.397	-0.581	-0.581	-0.587	-0.785	-0.599	-0.587	-0.587	+4.308	+0.372	-0.583	+4.322	-0.487	-0.636	-0.582	-0.529	-0.249	-0.242	-0.239	-0.221	-0.341	+4.331	
rs2980224      -0.651	-0.676	-0.559	-0.662	-0.574	-0.579	-0.678	+2.631	-0.575	-0.669	-0.671	-0.693	-0.573	-0.550	-0.691	-0.671	-0.669	-0.669	-0.529	+0.681	-0.724	-0.532	-0.672	+0.691	+0.692	+2.436	+0.817	+2.515	+0.700	-0.404	-0.676	-0.676	+2.509	-0.506	-0.672	-0.672	+0.726	+0.026	-0.527	-0.676	-0.574	-0.573	-0.563	-0.572	-0.571	-0.694	-0.580	-0.579	-0.582	-0.578	-0.351	-0.328	-0.327	-0.343	-0.326	-0.327	-0.352	-0.698	+0.078	-0.694	-0.295	-0.256	+0.081	-0.695	-0.216	-0.695	-0.695	-0.692	-0.230	-0.691	-0.691	-0.691	-0.691	-0.689	-0.667	-0.667	-0.687	-0.687	-0.660	-0.616	-0.688	-0.706	-0.688	-0.671	-0.622	-0.706	-0.671	-0.622	-0.688	-0.671	-0.705	-0.688	-0.660	+4.912	-0.621	-0.688	-0.671	-0.671	+4.915	-0.688	-0.623	+4.920	-0.620	-0.620	-0.688	-0.620	-0.620	-0.688	+4.927	-0.688	-0.620	-0.700	-0.619	+4.929	-0.670	-0.668	-0.688	+4.939	-0.667	+0.294	+5.371	-0.674	-0.688	+4.942	-0.664	+4.935	+0.296	-0.665	+4.844	-0.663	-0.663	+0.254	+4.822	-0.687	-0.687	+4.798	+4.526	+4.546	-0.701	+4.727	+4.732	+5.122	+5.079	+5.094	+4.813	+4.485	+4.485	-0.834	-0.753	-0.753	+4.514	-0.710	-0.881	+0.421	-0.880	+0.415	-0.698	-0.697	-0.698	+4.510	-0.697	-0.707	+4.357	+4.318	-0.696	-0.696	-0.692	-0.893	-0.718	-0.692	-0.692	+4.226	+0.679	-0.702	+4.240	-0.761	-0.552	-0.697	-0.777	-0.087	-0.078	-0.075	-0.038	-0.155	+4.249	
