## Summary of overall evidence for association with region:
## log10(BF for region) = -0.412079
## p-value for region = NA

## BFs for choosing among multi-SNP models:
## log10(average 1-SNP BF) = -0.358425
## log10(average 2-SNP BF) = -0.544613

## Example posterior probabilities for multi-SNP models, based on default prior: [p(l) propto 0.5^l for l=1,2,...,L]
## posterior probability of 1-SNP = 0.754334
## posterior probability of 2-SNP = 0.245666

## log10(BF) for single SNP and pair of SNPs:
rs12644754     -0.548	-0.650	-1.007	-0.673	-0.677	-0.675	-0.676	-0.672	-0.671	-0.670	-0.682	-0.668	-0.668	-0.988	-0.661	-0.660	-0.990	-0.658	-0.996	-0.652	-0.650	-0.650	-0.467	-0.467	-0.467	-0.468	-0.645	-0.644	-0.637	-0.628	-0.628	-0.629	-0.628	-0.627	-0.627	-0.627	-0.626	-0.624	-0.620	-0.620	-0.552	-0.638	-0.589	-0.623	-0.606	-0.603	-0.602	-0.601	-0.595	-0.594	-0.601	-0.593	-0.592	-0.591	-0.590	-0.590	-0.590	-0.855	-1.006	-0.579	-0.837	-1.004	-1.006	-0.582	-1.004	-1.006	-1.006	-0.841	-0.573	-1.005	-0.581	-1.007	-1.007	-0.841	-0.581	-1.004	-0.834	-1.004	-1.004	-1.004	-1.004	-0.833	-0.833	-1.004	-0.833	-0.833	-1.004	-1.004	-0.833	-0.833	-0.833	-1.005	-1.005	-0.828	-0.845	-0.833	-1.005	-1.005	-0.833	-1.006	-1.005	-1.005	-0.833	-0.833	-1.005	-0.831	-0.833	-1.005	-0.833	-1.005	-1.005	-1.005	-1.006	-0.833	-1.006	-0.951	-0.951	-1.006	-0.570	-0.950	-0.950	-0.950	-1.005	-0.826	-0.821	-1.005	-0.950	-0.950	-0.950	-0.950	-1.007	-0.950	-0.950	-0.950	-0.950	-0.570	-1.005	-0.950	-0.950	-1.005	-0.950	-0.901	-0.988	-0.901	-0.988	-0.901	-0.987	-0.570	-0.901	-0.984	-0.903	-0.729	-0.901	-0.897	-0.988	-0.571	-0.908	-0.985	-0.623	-0.737	-0.902	-0.985	-0.732	-0.556	-0.898	-0.898	-0.897	-0.988	-0.988	-0.552	-0.988	-0.897	-0.897	-0.988	-0.896	-0.896	-0.547	-0.896	-0.988	-0.896	-0.707	-0.902	-0.896	-0.896	-0.719	-0.988	
rs114468107    -0.650	-0.207	-0.668	-0.429	-0.432	-0.431	-0.431	-0.429	-0.428	-0.427	-0.428	-0.426	-0.425	-0.649	-0.420	-0.419	-0.652	-0.418	-0.669	-0.414	-0.412	-0.412	-0.255	-0.255	-0.255	-0.257	-0.408	-0.408	-0.402	-0.394	-0.394	-0.396	-0.394	-0.394	-0.394	-0.393	-0.393	-0.392	-0.389	-0.388	-0.326	-0.402	-0.363	-0.391	-0.377	-0.374	-0.374	-0.373	-0.368	-0.367	-0.373	-0.366	-0.365	-0.365	-0.364	-0.363	-0.363	-0.581	-0.685	-0.354	-0.569	-0.677	-0.682	-0.357	-0.677	-0.687	-0.688	-0.571	-0.349	-0.677	-0.356	-0.688	-0.688	-0.571	-0.356	-0.675	-0.566	-0.675	-0.675	-0.676	-0.676	-0.566	-0.566	-0.676	-0.566	-0.566	-0.677	-0.677	-0.566	-0.565	-0.565	-0.678	-0.678	-0.562	-0.574	-0.565	-0.679	-0.679	-0.565	-0.684	-0.679	-0.684	-0.565	-0.565	-0.679	-0.564	-0.565	-0.679	-0.565	-0.679	-0.679	-0.679	-0.682	-0.566	-0.681	-0.644	-0.644	-0.680	-0.347	-0.644	-0.644	-0.644	-0.680	-0.561	-0.549	-0.680	-0.644	-0.644	-0.644	-0.644	-0.690	-0.645	-0.644	-0.644	-0.644	-0.347	-0.678	-0.644	-0.644	-0.678	-0.644	-0.607	-0.668	-0.607	-0.668	-0.607	-0.671	-0.347	-0.607	-0.674	-0.608	-0.480	-0.607	-0.605	-0.661	-0.347	-0.610	-0.674	-0.391	-0.486	-0.608	-0.674	-0.482	-0.335	-0.606	-0.606	-0.606	-0.668	-0.668	-0.332	-0.668	-0.605	-0.605	-0.668	-0.605	-0.605	-0.328	-0.605	-0.668	-0.605	-0.463	-0.591	-0.605	-0.605	-0.472	-0.663	
rs11944087     -1.007	-0.668	-0.617	-0.699	-0.703	-0.701	-0.702	-0.698	-0.697	-0.695	-0.718	-0.693	-0.693	-1.041	-0.686	-0.684	-1.043	-0.683	-1.049	-0.676	-0.674	-0.673	-0.472	-0.472	-0.472	-0.474	-0.668	-0.668	-0.660	-0.650	-0.650	-0.651	-0.649	-0.649	-0.649	-0.648	-0.647	-0.646	-0.642	-0.641	-0.570	-0.661	-0.607	-0.645	-0.626	-0.622	-0.622	-0.621	-0.614	-0.613	-0.621	-0.612	-0.611	-0.610	-0.609	-0.609	-0.609	-0.894	-1.061	-0.597	-0.875	-1.059	-1.061	-0.600	-1.059	-1.061	-1.061	-0.879	-0.590	-1.059	-0.599	-1.061	-1.061	-0.879	-0.599	-1.059	-0.871	-1.059	-1.059	-1.059	-1.059	-0.870	-0.870	-1.059	-0.870	-0.870	-1.059	-1.059	-0.870	-0.870	-0.870	-1.060	-1.060	-0.864	-0.883	-0.870	-1.060	-1.060	-0.870	-1.061	-1.060	-1.060	-0.870	-0.870	-1.060	-0.867	-0.870	-1.060	-0.870	-1.060	-1.060	-1.060	-1.061	-0.870	-1.061	-0.996	-0.996	-1.060	-0.587	-0.995	-0.995	-0.995	-1.060	-0.863	-0.860	-1.060	-0.995	-0.995	-0.995	-0.995	-1.061	-0.996	-0.995	-0.995	-0.995	-0.587	-1.060	-0.995	-0.995	-1.060	-0.995	-0.935	-1.039	-0.935	-1.039	-0.935	-1.038	-0.587	-0.935	-1.036	-0.938	-0.743	-0.936	-0.930	-1.039	-0.588	-0.944	-1.036	-0.645	-0.753	-0.937	-1.036	-0.747	-0.572	-0.932	-0.932	-0.931	-1.039	-1.039	-0.567	-1.039	-0.931	-0.930	-1.039	-0.930	-0.930	-0.562	-0.930	-1.039	-0.930	-0.718	-0.943	-0.929	-0.929	-0.732	-1.040	
rs12500215     -0.673	-0.429	-0.699	-0.237	-0.330	-0.329	-0.329	-0.327	-0.326	-0.326	-0.369	-0.324	-0.324	-0.598	-0.320	-0.319	-0.603	-0.318	-0.633	-0.313	-0.311	-0.311	+0.020	+0.020	+0.021	+0.013	-0.308	-0.307	-0.302	-0.294	-0.294	-0.295	-0.294	-0.294	-0.294	-0.294	-0.293	-0.292	-0.289	-0.289	-0.264	-0.313	-0.252	-0.301	-0.275	-0.272	-0.272	-0.271	-0.270	-0.269	-0.279	-0.269	-0.268	-0.267	-0.267	-0.266	-0.266	-0.575	-0.656	-0.250	-0.569	-0.640	-0.649	-0.260	-0.641	-0.660	-0.662	-0.571	-0.248	-0.641	-0.260	-0.662	-0.661	-0.571	-0.260	-0.637	-0.568	-0.637	-0.637	-0.637	-0.638	-0.568	-0.568	-0.639	-0.568	-0.568	-0.639	-0.639	-0.568	-0.568	-0.568	-0.643	-0.643	-0.566	-0.573	-0.568	-0.643	-0.643	-0.568	-0.653	-0.643	-0.654	-0.568	-0.568	-0.644	-0.567	-0.568	-0.644	-0.568	-0.644	-0.644	-0.644	-0.651	-0.568	-0.647	-0.603	-0.603	-0.646	-0.247	-0.603	-0.603	-0.603	-0.645	-0.566	-0.513	-0.645	-0.603	-0.603	-0.603	-0.603	-0.667	-0.605	-0.604	-0.604	-0.604	-0.249	-0.643	-0.604	-0.604	-0.642	-0.604	-0.562	-0.630	-0.562	-0.630	-0.562	-0.637	-0.249	-0.562	-0.649	-0.561	-0.471	-0.562	-0.565	-0.616	-0.251	-0.556	-0.649	-0.328	-0.476	-0.561	-0.648	-0.473	-0.229	-0.564	-0.564	-0.564	-0.632	-0.631	-0.222	-0.631	-0.565	-0.565	-0.631	-0.565	-0.565	-0.214	-0.565	-0.631	-0.565	-0.457	-0.542	-0.565	-0.565	-0.465	-0.620	
rs35670594     -0.677	-0.432	-0.703	-0.330	-0.241	-0.331	-0.331	-0.329	-0.328	-0.327	-0.373	-0.326	-0.326	-0.603	-0.320	-0.319	-0.608	-0.319	-0.637	-0.313	-0.311	-0.311	+0.037	+0.037	+0.038	+0.030	-0.307	-0.307	-0.301	-0.293	-0.292	-0.294	-0.293	-0.292	-0.292	-0.292	-0.291	-0.290	-0.287	-0.287	-0.263	-0.313	-0.249	-0.300	-0.272	-0.269	-0.269	-0.269	-0.267	-0.267	-0.277	-0.266	-0.265	-0.265	-0.264	-0.264	-0.264	-0.578	-0.660	-0.247	-0.573	-0.645	-0.654	-0.258	-0.645	-0.665	-0.666	-0.574	-0.245	-0.645	-0.257	-0.666	-0.665	-0.574	-0.257	-0.642	-0.571	-0.642	-0.642	-0.642	-0.643	-0.571	-0.571	-0.644	-0.571	-0.571	-0.644	-0.644	-0.571	-0.571	-0.571	-0.647	-0.647	-0.569	-0.576	-0.571	-0.648	-0.648	-0.571	-0.658	-0.648	-0.659	-0.571	-0.571	-0.648	-0.570	-0.571	-0.649	-0.571	-0.649	-0.649	-0.649	-0.655	-0.571	-0.652	-0.607	-0.607	-0.650	-0.244	-0.608	-0.608	-0.608	-0.650	-0.569	-0.517	-0.650	-0.608	-0.608	-0.608	-0.608	-0.671	-0.609	-0.608	-0.608	-0.608	-0.246	-0.647	-0.608	-0.608	-0.647	-0.608	-0.566	-0.635	-0.567	-0.635	-0.567	-0.642	-0.247	-0.567	-0.653	-0.565	-0.473	-0.566	-0.569	-0.620	-0.248	-0.561	-0.653	-0.328	-0.478	-0.565	-0.653	-0.476	-0.225	-0.569	-0.569	-0.569	-0.636	-0.636	-0.218	-0.636	-0.569	-0.569	-0.635	-0.569	-0.569	-0.210	-0.569	-0.635	-0.569	-0.459	-0.547	-0.569	-0.569	-0.467	-0.625	
rs35263733     -0.675	-0.431	-0.701	-0.329	-0.331	-0.240	-0.330	-0.328	-0.327	-0.327	-0.371	-0.325	-0.325	-0.601	-0.320	-0.319	-0.606	-0.318	-0.636	-0.312	-0.311	-0.310	+0.034	+0.035	+0.036	+0.027	-0.307	-0.306	-0.300	-0.292	-0.292	-0.294	-0.292	-0.292	-0.292	-0.292	-0.291	-0.290	-0.287	-0.286	-0.263	-0.312	-0.249	-0.299	-0.272	-0.268	-0.268	-0.268	-0.267	-0.266	-0.277	-0.266	-0.265	-0.264	-0.264	-0.263	-0.263	-0.577	-0.659	-0.247	-0.571	-0.643	-0.652	-0.257	-0.643	-0.663	-0.664	-0.573	-0.244	-0.643	-0.257	-0.665	-0.664	-0.573	-0.257	-0.640	-0.570	-0.640	-0.640	-0.640	-0.641	-0.570	-0.570	-0.642	-0.570	-0.570	-0.642	-0.642	-0.570	-0.570	-0.570	-0.646	-0.646	-0.568	-0.575	-0.570	-0.646	-0.646	-0.570	-0.656	-0.646	-0.657	-0.570	-0.570	-0.647	-0.569	-0.570	-0.647	-0.570	-0.647	-0.647	-0.647	-0.653	-0.570	-0.650	-0.605	-0.605	-0.649	-0.244	-0.606	-0.606	-0.606	-0.648	-0.567	-0.516	-0.648	-0.606	-0.606	-0.606	-0.606	-0.670	-0.608	-0.606	-0.606	-0.606	-0.246	-0.646	-0.607	-0.607	-0.645	-0.607	-0.565	-0.633	-0.565	-0.633	-0.565	-0.640	-0.246	-0.565	-0.652	-0.563	-0.472	-0.565	-0.567	-0.618	-0.248	-0.559	-0.651	-0.327	-0.477	-0.564	-0.651	-0.475	-0.225	-0.567	-0.567	-0.567	-0.634	-0.634	-0.217	-0.634	-0.567	-0.567	-0.634	-0.567	-0.567	-0.210	-0.567	-0.634	-0.567	-0.459	-0.545	-0.568	-0.568	-0.466	-0.623	
rs76490583     -0.676	-0.431	-0.702	-0.329	-0.331	-0.330	-0.240	-0.328	-0.328	-0.327	-0.372	-0.325	-0.325	-0.602	-0.320	-0.319	-0.607	-0.318	-0.636	-0.312	-0.311	-0.310	+0.037	+0.037	+0.038	+0.029	-0.307	-0.306	-0.300	-0.292	-0.292	-0.293	-0.292	-0.292	-0.292	-0.291	-0.291	-0.289	-0.286	-0.286	-0.263	-0.312	-0.248	-0.299	-0.271	-0.268	-0.268	-0.268	-0.266	-0.266	-0.277	-0.265	-0.264	-0.264	-0.263	-0.263	-0.263	-0.577	-0.659	-0.246	-0.572	-0.644	-0.652	-0.257	-0.644	-0.664	-0.665	-0.573	-0.244	-0.644	-0.256	-0.665	-0.664	-0.573	-0.257	-0.640	-0.570	-0.640	-0.640	-0.640	-0.641	-0.570	-0.570	-0.642	-0.570	-0.570	-0.642	-0.643	-0.570	-0.570	-0.570	-0.646	-0.646	-0.568	-0.575	-0.570	-0.646	-0.647	-0.570	-0.656	-0.647	-0.657	-0.570	-0.570	-0.647	-0.569	-0.570	-0.647	-0.570	-0.647	-0.648	-0.648	-0.654	-0.570	-0.650	-0.606	-0.606	-0.649	-0.243	-0.606	-0.606	-0.606	-0.648	-0.568	-0.516	-0.648	-0.606	-0.606	-0.606	-0.607	-0.670	-0.608	-0.607	-0.607	-0.607	-0.245	-0.646	-0.607	-0.607	-0.645	-0.607	-0.565	-0.633	-0.565	-0.633	-0.565	-0.641	-0.246	-0.565	-0.652	-0.564	-0.473	-0.565	-0.568	-0.619	-0.247	-0.559	-0.652	-0.327	-0.478	-0.564	-0.652	-0.475	-0.224	-0.567	-0.567	-0.567	-0.635	-0.635	-0.217	-0.634	-0.567	-0.568	-0.634	-0.568	-0.568	-0.209	-0.568	-0.634	-0.568	-0.459	-0.545	-0.568	-0.568	-0.466	-0.623	
rs13145842     -0.672	-0.429	-0.698	-0.327	-0.329	-0.328	-0.328	-0.236	-0.325	-0.324	-0.368	-0.323	-0.323	-0.597	-0.318	-0.317	-0.602	-0.317	-0.631	-0.311	-0.310	-0.309	+0.024	+0.024	+0.025	+0.017	-0.306	-0.305	-0.300	-0.292	-0.292	-0.293	-0.292	-0.291	-0.291	-0.291	-0.291	-0.289	-0.286	-0.286	-0.263	-0.311	-0.250	-0.299	-0.271	-0.268	-0.268	-0.268	-0.267	-0.266	-0.277	-0.266	-0.265	-0.264	-0.264	-0.263	-0.263	-0.574	-0.654	-0.247	-0.568	-0.639	-0.648	-0.257	-0.639	-0.659	-0.660	-0.570	-0.245	-0.639	-0.257	-0.660	-0.659	-0.570	-0.257	-0.635	-0.567	-0.635	-0.635	-0.635	-0.636	-0.567	-0.567	-0.637	-0.567	-0.574	-0.637	-0.638	-0.567	-0.567	-0.567	-0.641	-0.641	-0.565	-0.572	-0.567	-0.642	-0.642	-0.567	-0.652	-0.642	-0.652	-0.567	-0.567	-0.642	-0.566	-0.567	-0.642	-0.567	-0.642	-0.643	-0.643	-0.649	-0.567	-0.645	-0.601	-0.601	-0.644	-0.244	-0.601	-0.601	-0.601	-0.644	-0.564	-0.512	-0.644	-0.602	-0.602	-0.602	-0.602	-0.665	-0.603	-0.602	-0.602	-0.602	-0.246	-0.641	-0.602	-0.602	-0.640	-0.602	-0.560	-0.628	-0.560	-0.628	-0.560	-0.636	-0.246	-0.560	-0.647	-0.559	-0.470	-0.560	-0.563	-0.614	-0.248	-0.554	-0.647	-0.326	-0.475	-0.559	-0.647	-0.472	-0.225	-0.562	-0.562	-0.563	-0.630	-0.630	-0.218	-0.630	-0.563	-0.563	-0.629	-0.563	-0.563	-0.210	-0.563	-0.629	-0.563	-0.456	-0.540	-0.563	-0.563	-0.464	-0.618	
rs34940948     -0.671	-0.428	-0.697	-0.326	-0.328	-0.327	-0.328	-0.325	-0.235	-0.324	-0.368	-0.323	-0.323	-0.595	-0.318	-0.317	-0.600	-0.316	-0.630	-0.311	-0.309	-0.309	+0.022	+0.022	+0.023	+0.015	-0.305	-0.305	-0.299	-0.292	-0.291	-0.293	-0.292	-0.291	-0.291	-0.291	-0.290	-0.289	-0.286	-0.286	-0.263	-0.311	-0.250	-0.298	-0.271	-0.268	-0.268	-0.268	-0.267	-0.266	-0.276	-0.266	-0.264	-0.264	-0.264	-0.263	-0.263	-0.573	-0.653	-0.247	-0.567	-0.637	-0.646	-0.257	-0.638	-0.658	-0.659	-0.569	-0.245	-0.638	-0.257	-0.659	-0.658	-0.569	-0.257	-0.634	-0.566	-0.634	-0.634	-0.634	-0.635	-0.566	-0.566	-0.636	-0.566	-0.566	-0.636	-0.636	-0.566	-0.566	-0.566	-0.640	-0.640	-0.564	-0.571	-0.566	-0.640	-0.640	-0.566	-0.650	-0.640	-0.651	-0.566	-0.566	-0.641	-0.565	-0.566	-0.641	-0.566	-0.641	-0.641	-0.641	-0.648	-0.566	-0.644	-0.600	-0.600	-0.643	-0.244	-0.600	-0.600	-0.600	-0.642	-0.564	-0.511	-0.642	-0.600	-0.600	-0.600	-0.600	-0.664	-0.602	-0.601	-0.601	-0.601	-0.246	-0.640	-0.601	-0.601	-0.639	-0.601	-0.559	-0.627	-0.559	-0.627	-0.559	-0.635	-0.246	-0.559	-0.646	-0.557	-0.469	-0.559	-0.562	-0.612	-0.248	-0.553	-0.646	-0.326	-0.474	-0.558	-0.646	-0.471	-0.225	-0.561	-0.561	-0.561	-0.629	-0.629	-0.218	-0.628	-0.562	-0.562	-0.628	-0.562	-0.562	-0.211	-0.562	-0.628	-0.562	-0.456	-0.539	-0.562	-0.562	-0.463	-0.617	
rs34428277     -0.670	-0.427	-0.695	-0.326	-0.327	-0.327	-0.327	-0.324	-0.324	-0.233	-0.366	-0.322	-0.322	-0.593	-0.317	-0.316	-0.599	-0.315	-0.628	-0.310	-0.309	-0.309	+0.018	+0.019	+0.020	+0.012	-0.305	-0.305	-0.299	-0.291	-0.291	-0.292	-0.291	-0.291	-0.291	-0.290	-0.290	-0.289	-0.286	-0.285	-0.263	-0.310	-0.249	-0.298	-0.271	-0.268	-0.268	-0.268	-0.266	-0.266	-0.276	-0.265	-0.264	-0.264	-0.263	-0.263	-0.263	-0.571	-0.651	-0.247	-0.566	-0.636	-0.645	-0.257	-0.636	-0.656	-0.657	-0.567	-0.244	-0.636	-0.257	-0.657	-0.656	-0.567	-0.257	-0.632	-0.565	-0.632	-0.632	-0.632	-0.633	-0.565	-0.565	-0.634	-0.565	-0.565	-0.634	-0.635	-0.565	-0.565	-0.565	-0.638	-0.638	-0.563	-0.569	-0.565	-0.638	-0.639	-0.565	-0.649	-0.639	-0.649	-0.565	-0.565	-0.639	-0.564	-0.565	-0.639	-0.565	-0.639	-0.640	-0.640	-0.646	-0.565	-0.642	-0.598	-0.598	-0.641	-0.244	-0.598	-0.598	-0.598	-0.640	-0.562	-0.509	-0.640	-0.598	-0.599	-0.599	-0.599	-0.663	-0.600	-0.599	-0.599	-0.599	-0.246	-0.638	-0.599	-0.599	-0.637	-0.599	-0.557	-0.625	-0.557	-0.625	-0.557	-0.633	-0.246	-0.557	-0.645	-0.556	-0.468	-0.557	-0.560	-0.611	-0.248	-0.551	-0.644	-0.325	-0.473	-0.556	-0.644	-0.470	-0.225	-0.559	-0.559	-0.560	-0.627	-0.627	-0.218	-0.626	-0.560	-0.560	-0.626	-0.560	-0.560	-0.210	-0.560	-0.626	-0.560	-0.455	-0.537	-0.560	-0.560	-0.462	-0.615	
rs34927386     -0.682	-0.428	-0.718	-0.369	-0.373	-0.371	-0.372	-0.368	-0.368	-0.366	-0.245	-0.365	-0.365	-0.631	-0.358	-0.357	-0.635	-0.356	-0.660	-0.350	-0.348	-0.348	-0.112	-0.112	-0.111	-0.115	-0.343	-0.343	-0.336	-0.328	-0.327	-0.328	-0.327	-0.326	-0.326	-0.326	-0.325	-0.323	-0.320	-0.319	-0.279	-0.341	-0.287	-0.326	-0.304	-0.301	-0.301	-0.300	-0.296	-0.296	-0.304	-0.294	-0.293	-0.293	-0.292	-0.291	-0.291	-0.588	-0.681	-0.278	-0.580	-0.668	-0.675	-0.284	-0.668	-0.685	-0.686	-0.582	-0.273	-0.668	-0.283	-0.686	-0.685	-0.582	-0.283	-0.665	-0.578	-0.665	-0.665	-0.665	-0.666	-0.578	-0.578	-0.667	-0.578	-0.578	-0.667	-0.667	-0.578	-0.578	-0.578	-0.670	-0.670	-0.575	-0.584	-0.578	-0.670	-0.670	-0.578	-0.679	-0.671	-0.679	-0.578	-0.578	-0.671	-0.577	-0.578	-0.671	-0.578	-0.671	-0.671	-0.671	-0.676	-0.578	-0.674	-0.630	-0.630	-0.673	-0.270	-0.630	-0.630	-0.630	-0.672	-0.574	-0.536	-0.672	-0.630	-0.630	-0.630	-0.630	-0.690	-0.631	-0.630	-0.630	-0.630	-0.271	-0.670	-0.630	-0.630	-0.669	-0.630	-0.589	-0.657	-0.589	-0.657	-0.589	-0.663	-0.271	-0.589	-0.672	-0.589	-0.478	-0.589	-0.591	-0.645	-0.273	-0.586	-0.672	-0.341	-0.484	-0.589	-0.672	-0.480	-0.253	-0.590	-0.590	-0.590	-0.659	-0.659	-0.248	-0.658	-0.590	-0.590	-0.658	-0.590	-0.590	-0.241	-0.590	-0.658	-0.590	-0.462	-0.575	-0.591	-0.591	-0.470	-0.649	
rs35518034     -0.668	-0.426	-0.693	-0.324	-0.326	-0.325	-0.325	-0.323	-0.323	-0.322	-0.365	-0.232	-0.321	-0.591	-0.316	-0.315	-0.596	-0.314	-0.626	-0.309	-0.308	-0.308	+0.015	+0.016	+0.017	+0.009	-0.304	-0.304	-0.298	-0.291	-0.290	-0.292	-0.290	-0.290	-0.290	-0.290	-0.289	-0.288	-0.285	-0.285	-0.262	-0.309	-0.249	-0.297	-0.270	-0.267	-0.267	-0.267	-0.266	-0.265	-0.275	-0.265	-0.263	-0.263	-0.263	-0.262	-0.262	-0.570	-0.649	-0.246	-0.564	-0.633	-0.642	-0.256	-0.633	-0.654	-0.655	-0.566	-0.244	-0.634	-0.256	-0.655	-0.654	-0.566	-0.256	-0.630	-0.563	-0.630	-0.630	-0.630	-0.631	-0.563	-0.563	-0.632	-0.563	-0.563	-0.632	-0.632	-0.563	-0.563	-0.563	-0.636	-0.636	-0.561	-0.568	-0.563	-0.636	-0.636	-0.563	-0.646	-0.636	-0.647	-0.563	-0.563	-0.637	-0.562	-0.563	-0.637	-0.563	-0.637	-0.637	-0.637	-0.644	-0.563	-0.640	-0.596	-0.596	-0.639	-0.243	-0.596	-0.596	-0.596	-0.638	-0.561	-0.507	-0.638	-0.596	-0.596	-0.596	-0.596	-0.660	-0.598	-0.597	-0.597	-0.597	-0.245	-0.636	-0.597	-0.597	-0.635	-0.597	-0.555	-0.623	-0.555	-0.623	-0.555	-0.630	-0.246	-0.555	-0.642	-0.553	-0.467	-0.555	-0.558	-0.608	-0.247	-0.548	-0.642	-0.324	-0.472	-0.554	-0.642	-0.469	-0.224	-0.557	-0.557	-0.557	-0.625	-0.624	-0.218	-0.624	-0.558	-0.558	-0.624	-0.558	-0.558	-0.210	-0.558	-0.624	-0.558	-0.453	-0.535	-0.558	-0.558	-0.461	-0.613	
rs77513366     -0.668	-0.425	-0.693	-0.324	-0.326	-0.325	-0.325	-0.323	-0.323	-0.322	-0.365	-0.321	-0.231	-0.591	-0.316	-0.315	-0.596	-0.314	-0.625	-0.309	-0.308	-0.307	+0.015	+0.015	+0.016	+0.008	-0.304	-0.303	-0.298	-0.290	-0.290	-0.291	-0.290	-0.290	-0.290	-0.289	-0.289	-0.287	-0.285	-0.284	-0.262	-0.308	-0.249	-0.296	-0.270	-0.266	-0.266	-0.266	-0.265	-0.265	-0.275	-0.264	-0.263	-0.263	-0.262	-0.261	-0.261	-0.569	-0.648	-0.246	-0.564	-0.633	-0.642	-0.256	-0.633	-0.653	-0.654	-0.565	-0.243	-0.633	-0.256	-0.654	-0.654	-0.565	-0.256	-0.629	-0.563	-0.629	-0.629	-0.629	-0.630	-0.563	-0.563	-0.631	-0.563	-0.563	-0.631	-0.632	-0.563	-0.563	-0.563	-0.635	-0.635	-0.561	-0.567	-0.563	-0.636	-0.636	-0.563	-0.646	-0.636	-0.647	-0.563	-0.563	-0.636	-0.562	-0.563	-0.636	-0.563	-0.636	-0.637	-0.637	-0.643	-0.563	-0.640	-0.595	-0.595	-0.638	-0.243	-0.595	-0.595	-0.595	-0.638	-0.560	-0.506	-0.638	-0.596	-0.596	-0.596	-0.596	-0.660	-0.597	-0.596	-0.596	-0.596	-0.244	-0.635	-0.596	-0.596	-0.634	-0.596	-0.554	-0.622	-0.554	-0.622	-0.554	-0.630	-0.245	-0.554	-0.642	-0.553	-0.466	-0.554	-0.557	-0.607	-0.247	-0.548	-0.641	-0.324	-0.471	-0.553	-0.641	-0.468	-0.224	-0.557	-0.557	-0.557	-0.624	-0.624	-0.217	-0.623	-0.557	-0.557	-0.623	-0.557	-0.557	-0.209	-0.557	-0.623	-0.557	-0.453	-0.534	-0.557	-0.557	-0.460	-0.612	
rs2340728      -0.988	-0.649	-1.041	-0.598	-0.603	-0.601	-0.602	-0.597	-0.595	-0.593	-0.631	-0.591	-0.591	-0.591	-0.581	-0.579	-0.726	-0.577	-0.699	-0.568	-0.566	-0.565	-0.325	-0.325	-0.325	-0.327	-0.559	-0.558	-0.548	-0.536	-0.535	-0.536	-0.534	-0.533	-0.533	-0.533	-0.532	-0.530	-0.524	-0.523	-0.454	-0.549	-0.484	-0.530	-0.505	-0.500	-0.499	-0.498	-0.492	-0.491	-0.501	-0.490	-0.488	-0.487	-0.486	-0.485	-0.485	-0.723	-0.746	-0.471	-0.691	-0.763	-0.761	-0.473	-0.763	-0.736	-0.732	-0.699	-0.462	-0.763	-0.473	-0.733	-0.736	-0.698	-0.473	-0.767	-0.684	-0.767	-0.767	-0.766	-0.766	-0.684	-0.684	-0.765	-0.684	-0.684	-0.765	-0.765	-0.684	-0.683	-0.683	-0.763	-0.763	-0.674	-0.703	-0.683	-0.763	-0.763	-0.683	-0.749	-0.763	-0.745	-0.683	-0.683	-0.763	-0.679	-0.683	-0.763	-0.683	-0.763	-0.762	-0.762	-0.767	-0.685	-0.760	-0.855	-0.855	-0.762	-0.458	-0.854	-0.854	-0.854	-0.764	-0.673	-0.754	-0.764	-0.854	-0.854	-0.854	-0.854	-0.726	-0.855	-0.854	-0.854	-0.853	-0.459	-0.767	-0.853	-0.853	-0.768	-0.853	-0.832	-0.845	-0.832	-0.845	-0.832	-0.837	-0.459	-0.832	-0.823	-0.836	-0.613	-0.832	-0.824	-0.855	-0.460	-0.846	-0.823	-0.534	-0.626	-0.835	-0.824	-0.618	-0.441	-0.826	-0.826	-0.825	-0.843	-0.843	-0.435	-0.844	-0.825	-0.824	-0.844	-0.824	-0.823	-0.429	-0.823	-0.844	-0.823	-0.581	-0.864	-0.823	-0.822	-0.599	-0.854	
rs4557289      -0.661	-0.420	-0.686	-0.320	-0.320	-0.320	-0.320	-0.318	-0.318	-0.317	-0.358	-0.316	-0.316	-0.581	-0.223	-0.311	-0.586	-0.310	-0.616	-0.306	-0.304	-0.304	-0.001	-0.000	+0.001	-0.007	-0.301	-0.300	-0.295	-0.288	-0.288	-0.288	-0.287	-0.287	-0.287	-0.286	-0.286	-0.285	-0.282	-0.281	-0.261	-0.304	-0.247	-0.293	-0.267	-0.264	-0.264	-0.264	-0.263	-0.263	-0.272	-0.262	-0.261	-0.260	-0.260	-0.259	-0.259	-0.562	-0.639	-0.244	-0.557	-0.623	-0.632	-0.254	-0.623	-0.644	-0.646	-0.559	-0.242	-0.624	-0.254	-0.646	-0.645	-0.559	-0.254	-0.620	-0.556	-0.620	-0.620	-0.620	-0.621	-0.556	-0.556	-0.622	-0.556	-0.556	-0.622	-0.622	-0.556	-0.556	-0.556	-0.626	-0.626	-0.554	-0.561	-0.556	-0.626	-0.626	-0.556	-0.637	-0.626	-0.638	-0.556	-0.556	-0.627	-0.555	-0.556	-0.627	-0.556	-0.627	-0.627	-0.627	-0.634	-0.557	-0.630	-0.586	-0.586	-0.629	-0.241	-0.586	-0.586	-0.586	-0.628	-0.554	-0.498	-0.628	-0.586	-0.586	-0.586	-0.586	-0.651	-0.588	-0.587	-0.587	-0.587	-0.243	-0.626	-0.587	-0.587	-0.625	-0.587	-0.545	-0.613	-0.545	-0.613	-0.545	-0.621	-0.243	-0.545	-0.633	-0.543	-0.461	-0.545	-0.548	-0.598	-0.245	-0.538	-0.633	-0.320	-0.465	-0.544	-0.633	-0.463	-0.223	-0.547	-0.547	-0.548	-0.615	-0.614	-0.216	-0.614	-0.548	-0.548	-0.614	-0.548	-0.548	-0.208	-0.548	-0.614	-0.548	-0.448	-0.524	-0.548	-0.548	-0.455	-0.602	
rs4274878      -0.660	-0.419	-0.684	-0.319	-0.319	-0.319	-0.319	-0.317	-0.317	-0.316	-0.357	-0.315	-0.315	-0.579	-0.311	-0.222	-0.584	-0.309	-0.615	-0.305	-0.304	-0.303	-0.004	-0.003	-0.002	-0.009	-0.300	-0.300	-0.294	-0.287	-0.287	-0.288	-0.287	-0.286	-0.286	-0.286	-0.285	-0.284	-0.281	-0.281	-0.260	-0.303	-0.247	-0.292	-0.267	-0.263	-0.263	-0.263	-0.262	-0.262	-0.272	-0.261	-0.260	-0.260	-0.259	-0.258	-0.259	-0.561	-0.638	-0.243	-0.556	-0.621	-0.631	-0.253	-0.621	-0.642	-0.644	-0.557	-0.241	-0.622	-0.253	-0.644	-0.643	-0.557	-0.253	-0.618	-0.555	-0.618	-0.618	-0.618	-0.619	-0.555	-0.555	-0.620	-0.555	-0.555	-0.620	-0.620	-0.555	-0.555	-0.555	-0.624	-0.624	-0.553	-0.559	-0.555	-0.624	-0.624	-0.555	-0.635	-0.624	-0.636	-0.555	-0.555	-0.625	-0.554	-0.555	-0.625	-0.555	-0.625	-0.625	-0.625	-0.632	-0.555	-0.628	-0.584	-0.584	-0.627	-0.240	-0.584	-0.584	-0.584	-0.626	-0.553	-0.496	-0.626	-0.584	-0.584	-0.584	-0.585	-0.649	-0.586	-0.585	-0.585	-0.585	-0.242	-0.624	-0.585	-0.585	-0.623	-0.585	-0.543	-0.611	-0.543	-0.611	-0.543	-0.619	-0.243	-0.543	-0.631	-0.541	-0.460	-0.543	-0.546	-0.596	-0.244	-0.536	-0.631	-0.319	-0.464	-0.542	-0.631	-0.462	-0.222	-0.545	-0.545	-0.546	-0.613	-0.612	-0.215	-0.612	-0.546	-0.546	-0.612	-0.546	-0.546	-0.208	-0.546	-0.612	-0.546	-0.447	-0.522	-0.546	-0.547	-0.454	-0.600	
rs4256251      -0.990	-0.652	-1.043	-0.603	-0.608	-0.606	-0.607	-0.602	-0.600	-0.599	-0.635	-0.596	-0.596	-0.726	-0.586	-0.584	-0.593	-0.582	-0.705	-0.573	-0.571	-0.570	-0.331	-0.331	-0.331	-0.333	-0.564	-0.563	-0.553	-0.541	-0.540	-0.541	-0.539	-0.538	-0.538	-0.538	-0.537	-0.534	-0.529	-0.528	-0.459	-0.554	-0.489	-0.534	-0.510	-0.505	-0.504	-0.503	-0.497	-0.496	-0.505	-0.494	-0.492	-0.492	-0.491	-0.490	-0.490	-0.728	-0.744	-0.476	-0.696	-0.760	-0.759	-0.478	-0.760	-0.733	-0.730	-0.703	-0.466	-0.761	-0.478	-0.731	-0.733	-0.703	-0.478	-0.764	-0.689	-0.764	-0.764	-0.764	-0.763	-0.689	-0.689	-0.763	-0.688	-0.688	-0.763	-0.762	-0.688	-0.688	-0.688	-0.760	-0.760	-0.679	-0.708	-0.688	-0.760	-0.760	-0.688	-0.747	-0.760	-0.743	-0.688	-0.688	-0.760	-0.683	-0.688	-0.760	-0.688	-0.760	-0.760	-0.760	-0.765	-0.689	-0.758	-0.858	-0.858	-0.760	-0.463	-0.857	-0.857	-0.857	-0.761	-0.678	-0.758	-0.761	-0.857	-0.857	-0.857	-0.857	-0.724	-0.858	-0.856	-0.856	-0.856	-0.464	-0.764	-0.856	-0.856	-0.765	-0.856	-0.835	-0.846	-0.835	-0.846	-0.835	-0.838	-0.464	-0.835	-0.825	-0.839	-0.618	-0.835	-0.828	-0.856	-0.465	-0.849	-0.825	-0.539	-0.630	-0.838	-0.826	-0.623	-0.445	-0.829	-0.829	-0.829	-0.845	-0.845	-0.440	-0.845	-0.828	-0.827	-0.845	-0.827	-0.827	-0.434	-0.826	-0.845	-0.826	-0.586	-0.867	-0.826	-0.826	-0.603	-0.855	
rs4557290      -0.658	-0.418	-0.683	-0.318	-0.319	-0.318	-0.318	-0.317	-0.316	-0.315	-0.356	-0.314	-0.314	-0.577	-0.310	-0.309	-0.582	-0.220	-0.613	-0.304	-0.303	-0.302	-0.006	-0.006	-0.004	-0.012	-0.299	-0.299	-0.293	-0.286	-0.286	-0.286	-0.285	-0.285	-0.285	-0.284	-0.284	-0.282	-0.279	-0.279	-0.260	-0.301	-0.246	-0.291	-0.265	-0.261	-0.261	-0.261	-0.261	-0.260	-0.270	-0.259	-0.258	-0.258	-0.257	-0.257	-0.257	-0.559	-0.636	-0.241	-0.555	-0.619	-0.628	-0.251	-0.619	-0.640	-0.642	-0.556	-0.239	-0.619	-0.251	-0.642	-0.641	-0.556	-0.251	-0.615	-0.554	-0.616	-0.616	-0.616	-0.617	-0.554	-0.554	-0.618	-0.553	-0.553	-0.618	-0.618	-0.553	-0.553	-0.553	-0.622	-0.622	-0.551	-0.558	-0.553	-0.622	-0.622	-0.553	-0.633	-0.622	-0.634	-0.553	-0.553	-0.623	-0.553	-0.553	-0.623	-0.553	-0.623	-0.623	-0.623	-0.630	-0.554	-0.626	-0.581	-0.581	-0.625	-0.238	-0.582	-0.582	-0.582	-0.624	-0.551	-0.494	-0.624	-0.582	-0.582	-0.582	-0.582	-0.647	-0.584	-0.583	-0.583	-0.583	-0.240	-0.622	-0.583	-0.583	-0.621	-0.583	-0.541	-0.609	-0.541	-0.609	-0.541	-0.617	-0.241	-0.541	-0.629	-0.539	-0.458	-0.541	-0.544	-0.593	-0.242	-0.533	-0.629	-0.317	-0.463	-0.539	-0.629	-0.460	-0.220	-0.543	-0.543	-0.543	-0.610	-0.610	-0.213	-0.610	-0.544	-0.544	-0.610	-0.544	-0.544	-0.206	-0.544	-0.609	-0.544	-0.446	-0.520	-0.544	-0.544	-0.453	-0.598	
rs4487380      -0.996	-0.669	-1.049	-0.633	-0.637	-0.636	-0.636	-0.631	-0.630	-0.628	-0.660	-0.626	-0.625	-0.699	-0.616	-0.615	-0.705	-0.613	-0.600	-0.604	-0.602	-0.601	-0.373	-0.373	-0.372	-0.375	-0.595	-0.594	-0.585	-0.573	-0.573	-0.574	-0.572	-0.571	-0.571	-0.571	-0.570	-0.568	-0.562	-0.562	-0.493	-0.586	-0.524	-0.567	-0.544	-0.539	-0.539	-0.538	-0.531	-0.531	-0.540	-0.529	-0.527	-0.527	-0.526	-0.525	-0.525	-0.763	-0.771	-0.511	-0.734	-0.776	-0.775	-0.514	-0.776	-0.768	-0.767	-0.741	-0.503	-0.777	-0.513	-0.767	-0.768	-0.741	-0.513	-0.775	-0.728	-0.775	-0.775	-0.775	-0.776	-0.728	-0.728	-0.776	-0.728	-0.728	-0.776	-0.777	-0.727	-0.727	-0.727	-0.779	-0.779	-0.719	-0.745	-0.727	-0.779	-0.779	-0.727	-0.780	-0.779	-0.780	-0.727	-0.727	-0.779	-0.723	-0.727	-0.779	-0.727	-0.780	-0.780	-0.780	-0.789	-0.728	-0.781	-0.879	-0.879	-0.781	-0.499	-0.878	-0.878	-0.878	-0.781	-0.718	-0.784	-0.781	-0.878	-0.878	-0.878	-0.878	-0.766	-0.879	-0.878	-0.878	-0.878	-0.500	-0.781	-0.878	-0.878	-0.781	-0.877	-0.857	-0.864	-0.857	-0.864	-0.857	-0.860	-0.500	-0.857	-0.849	-0.861	-0.653	-0.858	-0.851	-0.868	-0.501	-0.870	-0.849	-0.571	-0.665	-0.860	-0.849	-0.658	-0.482	-0.852	-0.852	-0.852	-0.863	-0.863	-0.477	-0.863	-0.851	-0.850	-0.864	-0.850	-0.850	-0.471	-0.850	-0.864	-0.850	-0.623	-0.881	-0.849	-0.849	-0.640	-0.868	
rs74401960     -0.652	-0.414	-0.676	-0.313	-0.313	-0.312	-0.312	-0.311	-0.311	-0.310	-0.350	-0.309	-0.309	-0.568	-0.306	-0.305	-0.573	-0.304	-0.604	-0.213	-0.299	-0.299	-0.022	-0.022	-0.021	-0.028	-0.296	-0.296	-0.290	-0.285	-0.284	-0.284	-0.283	-0.283	-0.283	-0.282	-0.282	-0.281	-0.278	-0.277	-0.259	-0.298	-0.246	-0.288	-0.264	-0.261	-0.261	-0.260	-0.260	-0.260	-0.269	-0.259	-0.258	-0.257	-0.257	-0.256	-0.256	-0.553	-0.627	-0.241	-0.549	-0.611	-0.620	-0.251	-0.611	-0.632	-0.634	-0.550	-0.239	-0.611	-0.251	-0.634	-0.633	-0.550	-0.251	-0.607	-0.548	-0.607	-0.607	-0.607	-0.608	-0.548	-0.548	-0.609	-0.548	-0.548	-0.609	-0.610	-0.548	-0.548	-0.548	-0.613	-0.613	-0.546	-0.551	-0.548	-0.614	-0.614	-0.548	-0.624	-0.614	-0.625	-0.548	-0.548	-0.614	-0.547	-0.548	-0.614	-0.548	-0.615	-0.615	-0.615	-0.622	-0.548	-0.618	-0.573	-0.573	-0.616	-0.238	-0.574	-0.574	-0.574	-0.616	-0.546	-0.486	-0.616	-0.574	-0.574	-0.574	-0.574	-0.639	-0.576	-0.574	-0.574	-0.574	-0.240	-0.613	-0.574	-0.574	-0.612	-0.575	-0.532	-0.600	-0.532	-0.600	-0.532	-0.608	-0.241	-0.532	-0.621	-0.530	-0.453	-0.532	-0.536	-0.585	-0.242	-0.524	-0.621	-0.314	-0.458	-0.531	-0.621	-0.455	-0.221	-0.535	-0.535	-0.535	-0.602	-0.602	-0.214	-0.602	-0.535	-0.536	-0.601	-0.536	-0.536	-0.207	-0.536	-0.601	-0.536	-0.441	-0.511	-0.536	-0.536	-0.448	-0.590	
rs4487381      -0.650	-0.412	-0.674	-0.311	-0.311	-0.311	-0.311	-0.310	-0.309	-0.309	-0.348	-0.308	-0.308	-0.566	-0.304	-0.304	-0.571	-0.303	-0.602	-0.299	-0.211	-0.298	-0.027	-0.027	-0.026	-0.032	-0.295	-0.294	-0.289	-0.284	-0.284	-0.283	-0.282	-0.282	-0.282	-0.281	-0.281	-0.280	-0.277	-0.276	-0.258	-0.296	-0.246	-0.287	-0.263	-0.260	-0.260	-0.259	-0.259	-0.259	-0.268	-0.258	-0.257	-0.257	-0.256	-0.255	-0.255	-0.551	-0.625	-0.241	-0.547	-0.608	-0.618	-0.250	-0.608	-0.630	-0.631	-0.548	-0.239	-0.608	-0.250	-0.631	-0.630	-0.548	-0.250	-0.604	-0.546	-0.604	-0.604	-0.605	-0.605	-0.546	-0.546	-0.606	-0.546	-0.546	-0.607	-0.607	-0.546	-0.546	-0.546	-0.611	-0.611	-0.544	-0.549	-0.546	-0.611	-0.611	-0.546	-0.622	-0.611	-0.623	-0.546	-0.546	-0.612	-0.545	-0.546	-0.612	-0.546	-0.612	-0.612	-0.612	-0.619	-0.546	-0.615	-0.570	-0.570	-0.614	-0.238	-0.571	-0.571	-0.571	-0.613	-0.544	-0.484	-0.613	-0.571	-0.571	-0.571	-0.571	-0.637	-0.573	-0.572	-0.572	-0.572	-0.240	-0.610	-0.572	-0.572	-0.610	-0.572	-0.529	-0.598	-0.530	-0.597	-0.530	-0.606	-0.240	-0.530	-0.619	-0.527	-0.452	-0.529	-0.533	-0.582	-0.242	-0.522	-0.618	-0.313	-0.456	-0.528	-0.618	-0.454	-0.220	-0.532	-0.532	-0.532	-0.599	-0.599	-0.214	-0.599	-0.533	-0.533	-0.599	-0.533	-0.533	-0.207	-0.533	-0.598	-0.533	-0.440	-0.508	-0.533	-0.534	-0.446	-0.587	
rs114773134    -0.650	-0.412	-0.673	-0.311	-0.311	-0.310	-0.310	-0.309	-0.309	-0.309	-0.348	-0.308	-0.307	-0.565	-0.304	-0.303	-0.570	-0.302	-0.601	-0.299	-0.298	-0.211	-0.028	-0.028	-0.026	-0.033	-0.295	-0.294	-0.289	-0.284	-0.283	-0.283	-0.282	-0.282	-0.282	-0.281	-0.281	-0.280	-0.277	-0.276	-0.258	-0.296	-0.246	-0.287	-0.263	-0.260	-0.260	-0.259	-0.259	-0.259	-0.268	-0.258	-0.257	-0.257	-0.256	-0.255	-0.255	-0.550	-0.624	-0.241	-0.546	-0.608	-0.617	-0.250	-0.608	-0.629	-0.631	-0.547	-0.239	-0.608	-0.250	-0.631	-0.630	-0.548	-0.250	-0.604	-0.545	-0.604	-0.604	-0.604	-0.605	-0.545	-0.545	-0.606	-0.545	-0.545	-0.606	-0.606	-0.545	-0.545	-0.545	-0.610	-0.610	-0.544	-0.549	-0.545	-0.611	-0.611	-0.545	-0.621	-0.611	-0.622	-0.545	-0.545	-0.611	-0.545	-0.545	-0.611	-0.545	-0.611	-0.612	-0.612	-0.618	-0.546	-0.615	-0.570	-0.570	-0.613	-0.238	-0.570	-0.570	-0.571	-0.613	-0.544	-0.483	-0.613	-0.571	-0.571	-0.571	-0.571	-0.636	-0.572	-0.571	-0.571	-0.571	-0.240	-0.610	-0.571	-0.571	-0.609	-0.571	-0.529	-0.597	-0.529	-0.597	-0.529	-0.605	-0.240	-0.529	-0.618	-0.527	-0.452	-0.529	-0.533	-0.581	-0.242	-0.521	-0.618	-0.313	-0.456	-0.528	-0.618	-0.453	-0.220	-0.532	-0.532	-0.532	-0.599	-0.599	-0.214	-0.598	-0.532	-0.533	-0.598	-0.533	-0.533	-0.207	-0.533	-0.598	-0.533	-0.440	-0.508	-0.533	-0.533	-0.446	-0.586	
rs149289605    -0.467	-0.255	-0.472	+0.020	+0.037	+0.034	+0.037	+0.024	+0.022	+0.018	-0.112	+0.015	+0.015	-0.325	-0.001	-0.004	-0.331	-0.006	-0.373	-0.022	-0.027	-0.028	+0.002	-0.061	-0.061	-0.062	-0.040	-0.041	-0.059	-0.079	-0.080	-0.077	-0.081	-0.082	-0.082	-0.083	-0.084	-0.087	-0.095	-0.096	-0.153	-0.075	-0.118	-0.107	-0.113	-0.118	-0.118	-0.119	-0.131	-0.131	-0.129	-0.133	-0.134	-0.134	-0.135	-0.135	-0.135	-0.355	-0.401	-0.137	-0.360	-0.378	-0.391	-0.140	-0.378	-0.408	-0.409	-0.359	-0.141	-0.378	-0.141	-0.410	-0.408	-0.359	-0.141	-0.373	-0.361	-0.373	-0.373	-0.373	-0.374	-0.361	-0.361	-0.375	-0.361	-0.361	-0.376	-0.376	-0.361	-0.361	-0.361	-0.381	-0.381	-0.362	-0.359	-0.361	-0.382	-0.382	-0.361	-0.396	-0.382	-0.398	-0.361	-0.361	-0.383	-0.361	-0.361	-0.383	-0.361	-0.383	-0.383	-0.383	-0.393	-0.361	-0.387	-0.337	-0.337	-0.385	-0.143	-0.338	-0.338	-0.338	-0.385	-0.362	-0.253	-0.385	-0.338	-0.338	-0.339	-0.339	-0.418	-0.341	-0.339	-0.339	-0.339	-0.144	-0.381	-0.339	-0.339	-0.380	-0.340	-0.290	-0.366	-0.290	-0.366	-0.290	-0.378	-0.145	-0.290	-0.398	-0.286	-0.279	-0.290	-0.298	-0.344	-0.145	-0.273	-0.397	-0.156	-0.278	-0.287	-0.397	-0.279	-0.143	-0.296	-0.296	-0.297	-0.369	-0.368	-0.142	-0.368	-0.298	-0.298	-0.368	-0.298	-0.299	-0.141	-0.299	-0.367	-0.299	-0.278	-0.269	-0.299	-0.300	-0.278	-0.350	
rs144502518    -0.467	-0.255	-0.472	+0.020	+0.037	+0.035	+0.037	+0.024	+0.022	+0.019	-0.112	+0.016	+0.015	-0.325	-0.000	-0.003	-0.331	-0.006	-0.373	-0.022	-0.027	-0.028	-0.061	+0.002	-0.061	-0.062	-0.039	-0.041	-0.058	-0.079	-0.079	-0.077	-0.080	-0.081	-0.082	-0.083	-0.084	-0.087	-0.095	-0.096	-0.153	-0.074	-0.118	-0.106	-0.113	-0.117	-0.118	-0.119	-0.131	-0.131	-0.129	-0.132	-0.134	-0.134	-0.135	-0.135	-0.135	-0.355	-0.400	-0.137	-0.360	-0.378	-0.390	-0.140	-0.378	-0.407	-0.409	-0.359	-0.141	-0.378	-0.140	-0.409	-0.408	-0.359	-0.140	-0.372	-0.361	-0.373	-0.373	-0.373	-0.374	-0.361	-0.361	-0.375	-0.361	-0.361	-0.376	-0.376	-0.361	-0.361	-0.361	-0.381	-0.381	-0.361	-0.359	-0.361	-0.382	-0.382	-0.361	-0.396	-0.382	-0.398	-0.361	-0.361	-0.382	-0.361	-0.361	-0.383	-0.361	-0.383	-0.383	-0.383	-0.392	-0.361	-0.387	-0.337	-0.337	-0.385	-0.143	-0.338	-0.338	-0.338	-0.384	-0.362	-0.253	-0.384	-0.338	-0.338	-0.338	-0.338	-0.417	-0.341	-0.339	-0.339	-0.339	-0.144	-0.381	-0.339	-0.339	-0.380	-0.340	-0.290	-0.366	-0.290	-0.366	-0.290	-0.378	-0.145	-0.290	-0.398	-0.285	-0.279	-0.289	-0.298	-0.343	-0.145	-0.273	-0.397	-0.156	-0.278	-0.287	-0.397	-0.279	-0.143	-0.296	-0.296	-0.297	-0.368	-0.368	-0.142	-0.368	-0.297	-0.298	-0.367	-0.298	-0.298	-0.141	-0.299	-0.367	-0.299	-0.278	-0.269	-0.299	-0.299	-0.278	-0.350	
rs139540874    -0.467	-0.255	-0.472	+0.021	+0.038	+0.036	+0.038	+0.025	+0.023	+0.020	-0.111	+0.017	+0.016	-0.325	+0.001	-0.002	-0.331	-0.004	-0.372	-0.021	-0.026	-0.026	-0.061	-0.061	+0.002	-0.062	-0.038	-0.039	-0.057	-0.078	-0.078	-0.076	-0.079	-0.080	-0.081	-0.081	-0.083	-0.086	-0.094	-0.095	-0.153	-0.073	-0.117	-0.105	-0.112	-0.116	-0.117	-0.118	-0.130	-0.131	-0.128	-0.132	-0.133	-0.133	-0.134	-0.134	-0.134	-0.354	-0.400	-0.136	-0.359	-0.377	-0.390	-0.139	-0.377	-0.407	-0.409	-0.358	-0.140	-0.377	-0.140	-0.409	-0.408	-0.358	-0.140	-0.372	-0.360	-0.372	-0.372	-0.372	-0.373	-0.360	-0.360	-0.375	-0.360	-0.360	-0.375	-0.375	-0.360	-0.360	-0.360	-0.380	-0.380	-0.361	-0.359	-0.360	-0.381	-0.381	-0.360	-0.396	-0.381	-0.397	-0.360	-0.360	-0.382	-0.361	-0.360	-0.382	-0.360	-0.382	-0.382	-0.383	-0.392	-0.361	-0.387	-0.336	-0.336	-0.385	-0.143	-0.337	-0.337	-0.337	-0.384	-0.362	-0.252	-0.384	-0.338	-0.338	-0.338	-0.338	-0.417	-0.340	-0.338	-0.338	-0.338	-0.143	-0.380	-0.339	-0.339	-0.379	-0.339	-0.289	-0.365	-0.289	-0.365	-0.289	-0.377	-0.144	-0.289	-0.397	-0.285	-0.278	-0.289	-0.297	-0.343	-0.144	-0.272	-0.397	-0.155	-0.278	-0.286	-0.396	-0.278	-0.142	-0.295	-0.296	-0.296	-0.368	-0.368	-0.141	-0.367	-0.297	-0.297	-0.367	-0.298	-0.298	-0.140	-0.298	-0.367	-0.298	-0.277	-0.268	-0.298	-0.299	-0.278	-0.350	
rs77317643     -0.468	-0.257	-0.474	+0.013	+0.030	+0.027	+0.029	+0.017	+0.015	+0.012	-0.115	+0.009	+0.008	-0.327	-0.007	-0.009	-0.333	-0.012	-0.375	-0.028	-0.032	-0.033	-0.062	-0.062	-0.062	+0.000	-0.044	-0.045	-0.062	-0.082	-0.083	-0.080	-0.084	-0.085	-0.085	-0.086	-0.087	-0.090	-0.098	-0.099	-0.155	-0.078	-0.120	-0.109	-0.116	-0.120	-0.120	-0.121	-0.133	-0.133	-0.131	-0.134	-0.135	-0.136	-0.136	-0.137	-0.137	-0.356	-0.402	-0.139	-0.361	-0.379	-0.392	-0.142	-0.379	-0.409	-0.411	-0.360	-0.142	-0.380	-0.142	-0.411	-0.410	-0.361	-0.142	-0.374	-0.362	-0.374	-0.375	-0.375	-0.376	-0.362	-0.362	-0.377	-0.362	-0.362	-0.377	-0.378	-0.362	-0.362	-0.362	-0.383	-0.383	-0.363	-0.361	-0.362	-0.383	-0.383	-0.362	-0.398	-0.384	-0.400	-0.362	-0.362	-0.384	-0.363	-0.363	-0.384	-0.363	-0.385	-0.385	-0.385	-0.394	-0.363	-0.389	-0.339	-0.339	-0.387	-0.145	-0.340	-0.340	-0.340	-0.386	-0.364	-0.255	-0.386	-0.340	-0.340	-0.340	-0.340	-0.419	-0.343	-0.341	-0.341	-0.341	-0.145	-0.383	-0.341	-0.341	-0.381	-0.341	-0.292	-0.367	-0.292	-0.367	-0.292	-0.380	-0.146	-0.292	-0.399	-0.287	-0.280	-0.292	-0.300	-0.345	-0.146	-0.275	-0.399	-0.158	-0.280	-0.289	-0.399	-0.280	-0.144	-0.298	-0.298	-0.299	-0.370	-0.370	-0.143	-0.370	-0.299	-0.300	-0.369	-0.300	-0.300	-0.142	-0.301	-0.369	-0.301	-0.279	-0.271	-0.301	-0.301	-0.280	-0.352	
rs77552188     -0.645	-0.408	-0.668	-0.308	-0.307	-0.307	-0.307	-0.306	-0.305	-0.305	-0.343	-0.304	-0.304	-0.559	-0.301	-0.300	-0.564	-0.299	-0.595	-0.296	-0.295	-0.295	-0.040	-0.039	-0.038	-0.044	-0.205	-0.291	-0.287	-0.282	-0.281	-0.281	-0.280	-0.279	-0.279	-0.279	-0.278	-0.277	-0.274	-0.274	-0.257	-0.292	-0.245	-0.284	-0.261	-0.258	-0.257	-0.257	-0.257	-0.257	-0.265	-0.256	-0.255	-0.255	-0.254	-0.253	-0.253	-0.545	-0.618	-0.239	-0.542	-0.601	-0.611	-0.249	-0.601	-0.623	-0.624	-0.543	-0.237	-0.601	-0.248	-0.624	-0.623	-0.543	-0.248	-0.597	-0.541	-0.597	-0.597	-0.597	-0.598	-0.541	-0.541	-0.599	-0.541	-0.541	-0.599	-0.600	-0.541	-0.541	-0.541	-0.603	-0.603	-0.539	-0.544	-0.541	-0.604	-0.604	-0.541	-0.615	-0.604	-0.616	-0.541	-0.541	-0.605	-0.540	-0.541	-0.605	-0.541	-0.605	-0.605	-0.605	-0.612	-0.541	-0.608	-0.563	-0.563	-0.607	-0.236	-0.564	-0.564	-0.564	-0.606	-0.539	-0.477	-0.606	-0.564	-0.564	-0.564	-0.564	-0.630	-0.566	-0.564	-0.564	-0.564	-0.238	-0.603	-0.565	-0.565	-0.602	-0.565	-0.522	-0.590	-0.522	-0.590	-0.522	-0.599	-0.239	-0.522	-0.612	-0.520	-0.447	-0.522	-0.526	-0.574	-0.240	-0.514	-0.612	-0.310	-0.451	-0.521	-0.612	-0.449	-0.219	-0.525	-0.525	-0.525	-0.592	-0.592	-0.213	-0.592	-0.526	-0.526	-0.591	-0.526	-0.526	-0.206	-0.526	-0.591	-0.526	-0.436	-0.501	-0.526	-0.526	-0.442	-0.579	
rs12502203     -0.644	-0.408	-0.668	-0.307	-0.307	-0.306	-0.306	-0.305	-0.305	-0.305	-0.343	-0.304	-0.303	-0.558	-0.300	-0.300	-0.563	-0.299	-0.594	-0.296	-0.294	-0.294	-0.041	-0.041	-0.039	-0.045	-0.291	-0.205	-0.286	-0.281	-0.281	-0.280	-0.279	-0.279	-0.279	-0.279	-0.278	-0.277	-0.274	-0.274	-0.257	-0.292	-0.245	-0.284	-0.261	-0.257	-0.257	-0.257	-0.257	-0.257	-0.265	-0.256	-0.255	-0.254	-0.254	-0.253	-0.253	-0.545	-0.617	-0.239	-0.541	-0.600	-0.610	-0.248	-0.600	-0.622	-0.624	-0.542	-0.237	-0.600	-0.248	-0.624	-0.623	-0.542	-0.248	-0.596	-0.540	-0.596	-0.596	-0.597	-0.597	-0.540	-0.540	-0.598	-0.540	-0.540	-0.599	-0.599	-0.540	-0.540	-0.540	-0.603	-0.603	-0.538	-0.544	-0.540	-0.603	-0.603	-0.540	-0.614	-0.603	-0.615	-0.540	-0.540	-0.604	-0.539	-0.540	-0.604	-0.540	-0.604	-0.604	-0.604	-0.611	-0.540	-0.607	-0.562	-0.562	-0.606	-0.236	-0.563	-0.563	-0.563	-0.605	-0.538	-0.476	-0.605	-0.563	-0.563	-0.563	-0.563	-0.629	-0.565	-0.564	-0.564	-0.564	-0.238	-0.603	-0.564	-0.564	-0.602	-0.564	-0.521	-0.590	-0.521	-0.589	-0.521	-0.598	-0.238	-0.521	-0.611	-0.519	-0.447	-0.521	-0.525	-0.573	-0.240	-0.513	-0.611	-0.310	-0.451	-0.520	-0.611	-0.449	-0.219	-0.524	-0.524	-0.525	-0.591	-0.591	-0.213	-0.591	-0.525	-0.525	-0.591	-0.525	-0.525	-0.206	-0.525	-0.590	-0.525	-0.436	-0.500	-0.525	-0.526	-0.442	-0.579	
rs59237653     -0.637	-0.402	-0.660	-0.302	-0.301	-0.300	-0.300	-0.300	-0.299	-0.299	-0.336	-0.298	-0.298	-0.548	-0.295	-0.294	-0.553	-0.293	-0.585	-0.290	-0.289	-0.289	-0.059	-0.058	-0.057	-0.062	-0.287	-0.286	-0.196	-0.278	-0.278	-0.277	-0.275	-0.275	-0.275	-0.275	-0.274	-0.273	-0.270	-0.270	-0.255	-0.286	-0.244	-0.279	-0.258	-0.255	-0.254	-0.254	-0.255	-0.254	-0.262	-0.253	-0.252	-0.252	-0.251	-0.250	-0.250	-0.537	-0.607	-0.237	-0.534	-0.590	-0.600	-0.246	-0.590	-0.613	-0.614	-0.535	-0.235	-0.590	-0.246	-0.614	-0.613	-0.535	-0.246	-0.586	-0.533	-0.586	-0.586	-0.586	-0.587	-0.533	-0.533	-0.588	-0.533	-0.533	-0.588	-0.589	-0.533	-0.533	-0.533	-0.593	-0.592	-0.531	-0.536	-0.533	-0.593	-0.593	-0.533	-0.604	-0.593	-0.605	-0.533	-0.533	-0.594	-0.532	-0.533	-0.594	-0.533	-0.594	-0.594	-0.594	-0.601	-0.533	-0.597	-0.552	-0.552	-0.596	-0.234	-0.553	-0.553	-0.553	-0.595	-0.531	-0.467	-0.595	-0.553	-0.553	-0.553	-0.553	-0.620	-0.555	-0.553	-0.553	-0.554	-0.236	-0.592	-0.554	-0.554	-0.591	-0.554	-0.511	-0.579	-0.511	-0.579	-0.511	-0.588	-0.237	-0.511	-0.602	-0.509	-0.441	-0.511	-0.515	-0.563	-0.238	-0.502	-0.601	-0.305	-0.444	-0.509	-0.601	-0.442	-0.218	-0.514	-0.514	-0.514	-0.581	-0.581	-0.212	-0.581	-0.515	-0.515	-0.580	-0.515	-0.515	-0.205	-0.515	-0.580	-0.515	-0.430	-0.490	-0.515	-0.516	-0.436	-0.568	
