## Summary of overall evidence for association with region:
## log10(BF for region) = 0.127439
## p-value for region = NA

## BFs for choosing among multi-SNP models:
## log10(average 1-SNP BF) = 0.125312
## log10(average 2-SNP BF) = 0.131662

## Example posterior probabilities for multi-SNP models, based on default prior: [p(l) propto 0.5^l for l=1,2,...,L]
## posterior probability of 1-SNP = 0.66341
## posterior probability of 2-SNP = 0.33659

## log10(BF) for single SNP and pair of SNPs:
rs180675       -0.415	-0.537	-0.537	-0.537	-0.551	-0.551	-0.551	-0.550	-0.555	-0.581	-0.175	-0.265	-0.206	-0.265	-0.300	-0.245	-0.239	+0.003	-0.022	+0.764	-0.577	-0.615	-0.864	-0.780	-0.677	+0.303	-0.837	+0.293	+0.343	+0.354	+0.278	+0.282	+0.291	+0.343	+0.358	+0.349	+0.352	+0.352	+0.352	+0.335	+0.331	+0.385	+0.331	+0.330	+0.272	-0.048	-0.049	-0.049	-0.022	+0.266	+0.290	+0.328	+0.328	+0.266	-0.861	+0.290	-0.797	+0.755	+0.247	+0.221	+0.235	+0.606	+0.757	+0.199	+0.193	+0.230	-0.912	-0.908	-0.841	-0.888	-0.892	-0.315	-0.904	-0.824	-0.831	-0.823	-0.816	-0.816	-0.816	-0.809	-0.813	-0.871	-0.605	-0.813	-0.831	-0.817	-0.802	-0.796	-0.817	-0.855	-0.805	-0.790	-0.789	-0.793	-0.790	-0.637	-0.458	-0.811	-0.802	-0.736	-0.652	-0.857	-0.811	-0.683	-0.800	-0.856	-0.800	-0.800	-0.800	-0.800	-0.856	-0.799	-0.799	-0.692	-0.788	-0.789	-0.842	-0.803	-0.734	-0.862	-0.877	-0.745	-0.773	-0.864	-0.682	-0.797	-0.633	-0.746	-0.444	-0.597	-0.660	-0.771	-0.818	-0.711	-0.712	-0.757	-0.712	-0.703	-0.763	-0.740	-0.773	-0.723	-0.741	-0.696	-0.932	-0.743	-0.662	-0.934	-0.695	-0.673	-0.672	-0.665	-0.715	-0.683	-0.934	-0.934	-0.935	-0.935	-0.932	-0.934	-0.667	-0.934	-0.935	-0.935	-0.936	-0.711	-0.935	-0.713	-0.690	-0.935	-0.750	-0.935	-0.703	-0.710	-0.704	-0.671	-0.717	-0.935	-0.936	-0.936	-0.935	-0.935	-0.762	-0.935	-0.710	
rs180674       -0.537	-0.422	-0.541	-0.538	-0.555	-0.554	-0.554	-0.558	-0.565	-0.591	-0.170	-0.271	-0.206	-0.265	-0.300	-0.246	-0.245	-0.002	-0.027	+0.753	-0.584	-0.622	-0.870	-0.787	-0.684	+0.296	-0.844	+0.285	+0.336	+0.347	+0.271	+0.275	+0.284	+0.336	+0.351	+0.342	+0.345	+0.345	+0.345	+0.328	+0.324	+0.378	+0.324	+0.324	+0.265	-0.055	-0.056	-0.056	-0.029	+0.260	+0.283	+0.321	+0.321	+0.259	-0.868	+0.283	-0.804	+0.748	+0.240	+0.214	+0.228	+0.599	+0.750	+0.192	+0.186	+0.223	-0.918	-0.915	-0.848	-0.895	-0.898	-0.321	-0.910	-0.830	-0.837	-0.829	-0.823	-0.822	-0.822	-0.815	-0.819	-0.877	-0.612	-0.820	-0.837	-0.824	-0.808	-0.803	-0.823	-0.861	-0.811	-0.796	-0.796	-0.799	-0.796	-0.644	-0.465	-0.818	-0.809	-0.742	-0.658	-0.863	-0.817	-0.690	-0.806	-0.863	-0.806	-0.806	-0.806	-0.806	-0.862	-0.805	-0.805	-0.699	-0.795	-0.795	-0.848	-0.810	-0.741	-0.869	-0.884	-0.752	-0.779	-0.870	-0.689	-0.804	-0.639	-0.752	-0.451	-0.603	-0.666	-0.777	-0.824	-0.717	-0.718	-0.763	-0.718	-0.709	-0.770	-0.746	-0.780	-0.729	-0.747	-0.702	-0.939	-0.749	-0.668	-0.940	-0.701	-0.679	-0.678	-0.671	-0.722	-0.690	-0.940	-0.941	-0.941	-0.941	-0.938	-0.941	-0.673	-0.940	-0.942	-0.941	-0.942	-0.717	-0.941	-0.719	-0.696	-0.942	-0.756	-0.942	-0.709	-0.716	-0.710	-0.677	-0.723	-0.942	-0.943	-0.942	-0.942	-0.942	-0.769	-0.942	-0.717	
rs180673       -0.537	-0.541	-0.426	-0.541	-0.559	-0.557	-0.557	-0.561	-0.571	-0.597	-0.168	-0.274	-0.207	-0.266	-0.301	-0.246	-0.248	-0.005	-0.030	+0.747	-0.588	-0.625	-0.874	-0.791	-0.688	+0.292	-0.848	+0.281	+0.332	+0.343	+0.267	+0.271	+0.280	+0.332	+0.347	+0.338	+0.341	+0.341	+0.341	+0.324	+0.320	+0.374	+0.320	+0.320	+0.261	-0.059	-0.060	-0.060	-0.033	+0.256	+0.279	+0.317	+0.317	+0.255	-0.871	+0.279	-0.808	+0.744	+0.236	+0.211	+0.224	+0.595	+0.746	+0.188	+0.182	+0.219	-0.922	-0.918	-0.851	-0.898	-0.902	-0.324	-0.914	-0.834	-0.841	-0.833	-0.826	-0.826	-0.826	-0.819	-0.823	-0.881	-0.615	-0.823	-0.841	-0.827	-0.812	-0.806	-0.827	-0.865	-0.815	-0.800	-0.799	-0.803	-0.800	-0.648	-0.468	-0.821	-0.812	-0.745	-0.662	-0.867	-0.821	-0.694	-0.810	-0.866	-0.810	-0.810	-0.810	-0.810	-0.866	-0.809	-0.808	-0.703	-0.798	-0.799	-0.852	-0.813	-0.745	-0.872	-0.887	-0.756	-0.783	-0.874	-0.692	-0.807	-0.643	-0.756	-0.455	-0.607	-0.670	-0.781	-0.828	-0.721	-0.721	-0.767	-0.722	-0.712	-0.773	-0.750	-0.783	-0.733	-0.751	-0.705	-0.942	-0.753	-0.672	-0.944	-0.705	-0.683	-0.682	-0.675	-0.725	-0.693	-0.944	-0.944	-0.945	-0.945	-0.942	-0.945	-0.677	-0.944	-0.945	-0.945	-0.946	-0.721	-0.945	-0.723	-0.700	-0.945	-0.760	-0.945	-0.713	-0.720	-0.714	-0.680	-0.727	-0.946	-0.946	-0.946	-0.945	-0.945	-0.772	-0.945	-0.720	
rs180672       -0.537	-0.538	-0.541	-0.423	-0.556	-0.554	-0.554	-0.558	-0.565	-0.591	-0.170	-0.271	-0.206	-0.265	-0.300	-0.246	-0.245	-0.002	-0.027	+0.753	-0.584	-0.622	-0.871	-0.787	-0.684	+0.296	-0.844	+0.285	+0.336	+0.347	+0.271	+0.274	+0.284	+0.336	+0.351	+0.342	+0.345	+0.345	+0.345	+0.328	+0.324	+0.378	+0.324	+0.323	+0.265	-0.055	-0.056	-0.056	-0.029	+0.259	+0.283	+0.321	+0.321	+0.259	-0.868	+0.283	-0.804	+0.748	+0.240	+0.214	+0.227	+0.598	+0.750	+0.191	+0.186	+0.223	-0.918	-0.915	-0.848	-0.895	-0.899	-0.321	-0.911	-0.831	-0.837	-0.830	-0.823	-0.822	-0.823	-0.815	-0.819	-0.878	-0.612	-0.820	-0.837	-0.824	-0.809	-0.803	-0.823	-0.861	-0.811	-0.797	-0.796	-0.799	-0.796	-0.644	-0.465	-0.818	-0.809	-0.742	-0.658	-0.863	-0.818	-0.690	-0.807	-0.863	-0.806	-0.806	-0.806	-0.806	-0.862	-0.805	-0.805	-0.699	-0.795	-0.795	-0.848	-0.810	-0.741	-0.869	-0.884	-0.752	-0.780	-0.871	-0.689	-0.804	-0.639	-0.753	-0.451	-0.603	-0.666	-0.778	-0.825	-0.717	-0.718	-0.763	-0.719	-0.709	-0.770	-0.746	-0.780	-0.729	-0.747	-0.702	-0.939	-0.749	-0.669	-0.941	-0.701	-0.679	-0.678	-0.672	-0.722	-0.690	-0.941	-0.941	-0.941	-0.942	-0.939	-0.941	-0.673	-0.941	-0.942	-0.941	-0.942	-0.717	-0.942	-0.719	-0.696	-0.942	-0.756	-0.942	-0.710	-0.717	-0.710	-0.677	-0.724	-0.942	-0.943	-0.942	-0.942	-0.942	-0.769	-0.942	-0.717	
rs180671       -0.551	-0.555	-0.559	-0.556	-0.431	-0.545	-0.545	-0.553	-0.577	-0.602	-0.160	-0.277	-0.206	-0.265	-0.300	-0.245	-0.251	-0.007	-0.034	+0.737	-0.592	-0.630	-0.878	-0.795	-0.692	+0.287	-0.852	+0.276	+0.327	+0.338	+0.262	+0.266	+0.276	+0.327	+0.342	+0.333	+0.336	+0.336	+0.336	+0.319	+0.316	+0.369	+0.316	+0.315	+0.256	-0.065	-0.065	-0.065	-0.038	+0.251	+0.274	+0.312	+0.312	+0.250	-0.875	+0.274	-0.811	+0.740	+0.231	+0.206	+0.219	+0.590	+0.742	+0.183	+0.178	+0.215	-0.926	-0.923	-0.856	-0.902	-0.906	-0.328	-0.918	-0.838	-0.844	-0.837	-0.830	-0.830	-0.830	-0.822	-0.826	-0.885	-0.619	-0.827	-0.845	-0.831	-0.816	-0.810	-0.830	-0.869	-0.818	-0.804	-0.803	-0.807	-0.803	-0.652	-0.473	-0.825	-0.816	-0.749	-0.666	-0.871	-0.825	-0.698	-0.814	-0.870	-0.814	-0.814	-0.814	-0.814	-0.870	-0.813	-0.812	-0.707	-0.802	-0.803	-0.856	-0.818	-0.749	-0.876	-0.892	-0.760	-0.787	-0.878	-0.696	-0.811	-0.646	-0.760	-0.459	-0.611	-0.674	-0.785	-0.832	-0.724	-0.725	-0.771	-0.726	-0.716	-0.777	-0.754	-0.787	-0.737	-0.755	-0.709	-0.946	-0.756	-0.676	-0.948	-0.708	-0.687	-0.686	-0.679	-0.729	-0.697	-0.948	-0.949	-0.949	-0.949	-0.946	-0.949	-0.681	-0.948	-0.949	-0.949	-0.950	-0.724	-0.949	-0.726	-0.704	-0.949	-0.763	-0.950	-0.717	-0.724	-0.717	-0.684	-0.731	-0.950	-0.950	-0.950	-0.950	-0.950	-0.776	-0.949	-0.724	
rs180670       -0.551	-0.554	-0.557	-0.554	-0.545	-0.427	-0.543	-0.549	-0.570	-0.596	-0.163	-0.273	-0.206	-0.264	-0.300	-0.245	-0.248	-0.004	-0.031	+0.744	-0.588	-0.626	-0.874	-0.791	-0.688	+0.291	-0.848	+0.281	+0.331	+0.342	+0.266	+0.270	+0.280	+0.331	+0.346	+0.337	+0.340	+0.340	+0.340	+0.323	+0.320	+0.373	+0.319	+0.319	+0.260	-0.061	-0.061	-0.061	-0.034	+0.255	+0.278	+0.316	+0.316	+0.254	-0.872	+0.278	-0.808	+0.744	+0.235	+0.210	+0.223	+0.594	+0.746	+0.187	+0.182	+0.219	-0.922	-0.919	-0.852	-0.898	-0.902	-0.325	-0.914	-0.834	-0.841	-0.833	-0.826	-0.826	-0.826	-0.819	-0.823	-0.881	-0.615	-0.823	-0.841	-0.827	-0.812	-0.806	-0.827	-0.865	-0.815	-0.800	-0.799	-0.803	-0.800	-0.648	-0.469	-0.821	-0.812	-0.745	-0.662	-0.867	-0.821	-0.694	-0.810	-0.867	-0.810	-0.810	-0.810	-0.810	-0.866	-0.809	-0.809	-0.703	-0.799	-0.799	-0.852	-0.814	-0.745	-0.873	-0.888	-0.756	-0.783	-0.874	-0.693	-0.808	-0.642	-0.757	-0.455	-0.607	-0.670	-0.781	-0.828	-0.721	-0.722	-0.767	-0.722	-0.713	-0.773	-0.750	-0.783	-0.733	-0.751	-0.706	-0.943	-0.752	-0.672	-0.944	-0.704	-0.683	-0.682	-0.675	-0.725	-0.694	-0.945	-0.945	-0.945	-0.946	-0.943	-0.945	-0.677	-0.944	-0.946	-0.945	-0.946	-0.721	-0.945	-0.722	-0.700	-0.946	-0.760	-0.946	-0.713	-0.720	-0.714	-0.681	-0.727	-0.946	-0.947	-0.946	-0.946	-0.946	-0.772	-0.946	-0.720	
rs180669       -0.551	-0.554	-0.557	-0.554	-0.545	-0.543	-0.427	-0.549	-0.570	-0.596	-0.163	-0.273	-0.206	-0.265	-0.300	-0.245	-0.248	-0.004	-0.031	+0.744	-0.588	-0.626	-0.874	-0.791	-0.688	+0.291	-0.848	+0.281	+0.331	+0.342	+0.266	+0.270	+0.280	+0.331	+0.346	+0.337	+0.340	+0.340	+0.340	+0.323	+0.320	+0.373	+0.319	+0.319	+0.260	-0.061	-0.061	-0.061	-0.034	+0.255	+0.278	+0.316	+0.316	+0.254	-0.872	+0.278	-0.808	+0.744	+0.235	+0.210	+0.223	+0.594	+0.746	+0.187	+0.182	+0.219	-0.922	-0.919	-0.852	-0.898	-0.902	-0.325	-0.914	-0.834	-0.841	-0.833	-0.826	-0.826	-0.826	-0.819	-0.823	-0.881	-0.615	-0.823	-0.841	-0.827	-0.812	-0.806	-0.827	-0.865	-0.815	-0.800	-0.799	-0.803	-0.800	-0.648	-0.469	-0.821	-0.812	-0.745	-0.662	-0.867	-0.821	-0.694	-0.810	-0.867	-0.810	-0.810	-0.810	-0.810	-0.866	-0.809	-0.809	-0.703	-0.799	-0.799	-0.852	-0.814	-0.745	-0.873	-0.888	-0.756	-0.783	-0.874	-0.693	-0.808	-0.642	-0.757	-0.455	-0.607	-0.670	-0.781	-0.828	-0.721	-0.722	-0.767	-0.722	-0.713	-0.773	-0.750	-0.783	-0.733	-0.751	-0.706	-0.943	-0.752	-0.672	-0.944	-0.704	-0.683	-0.682	-0.675	-0.725	-0.694	-0.945	-0.945	-0.945	-0.946	-0.942	-0.945	-0.677	-0.944	-0.946	-0.945	-0.946	-0.721	-0.945	-0.722	-0.700	-0.946	-0.760	-0.946	-0.713	-0.720	-0.714	-0.681	-0.727	-0.946	-0.947	-0.946	-0.946	-0.946	-0.772	-0.946	-0.720	
rs180668       -0.550	-0.558	-0.561	-0.558	-0.553	-0.549	-0.549	-0.436	-0.584	-0.610	-0.156	-0.280	-0.206	-0.265	-0.300	-0.245	-0.255	-0.011	-0.038	+0.730	-0.597	-0.635	-0.883	-0.800	-0.697	+0.282	-0.857	+0.271	+0.321	+0.333	+0.257	+0.260	+0.270	+0.322	+0.337	+0.328	+0.331	+0.330	+0.331	+0.314	+0.310	+0.364	+0.310	+0.309	+0.251	-0.070	-0.071	-0.070	-0.044	+0.245	+0.269	+0.306	+0.307	+0.244	-0.880	+0.269	-0.816	+0.735	+0.226	+0.201	+0.214	+0.585	+0.737	+0.178	+0.173	+0.210	-0.930	-0.927	-0.861	-0.907	-0.911	-0.333	-0.923	-0.843	-0.849	-0.841	-0.835	-0.834	-0.834	-0.827	-0.831	-0.890	-0.623	-0.832	-0.849	-0.836	-0.820	-0.815	-0.835	-0.874	-0.823	-0.808	-0.808	-0.811	-0.808	-0.657	-0.478	-0.830	-0.820	-0.753	-0.671	-0.876	-0.829	-0.703	-0.819	-0.875	-0.818	-0.818	-0.818	-0.818	-0.874	-0.817	-0.817	-0.712	-0.807	-0.807	-0.860	-0.823	-0.754	-0.881	-0.896	-0.765	-0.792	-0.883	-0.701	-0.816	-0.651	-0.765	-0.463	-0.615	-0.678	-0.790	-0.836	-0.729	-0.730	-0.776	-0.731	-0.721	-0.782	-0.758	-0.792	-0.742	-0.759	-0.714	-0.951	-0.761	-0.681	-0.953	-0.713	-0.691	-0.690	-0.684	-0.733	-0.702	-0.953	-0.953	-0.954	-0.954	-0.951	-0.953	-0.686	-0.953	-0.954	-0.953	-0.955	-0.729	-0.954	-0.731	-0.709	-0.954	-0.768	-0.954	-0.721	-0.728	-0.722	-0.689	-0.735	-0.954	-0.955	-0.955	-0.954	-0.954	-0.781	-0.954	-0.728	
rs11197495     -0.555	-0.565	-0.571	-0.565	-0.577	-0.570	-0.570	-0.584	-0.404	-0.549	+0.034	-0.233	-0.017	-0.083	-0.123	-0.063	-0.207	+0.045	+0.015	+0.633	-0.571	-0.609	-0.862	-0.780	-0.682	+0.304	-0.834	+0.281	+0.344	+0.356	+0.279	+0.283	+0.293	+0.345	+0.360	+0.351	+0.353	+0.353	+0.354	+0.337	+0.333	+0.386	+0.333	+0.333	+0.274	-0.042	-0.043	-0.043	-0.017	+0.269	+0.292	+0.329	+0.330	+0.267	-0.857	+0.292	-0.794	+0.762	+0.249	+0.224	+0.236	+0.612	+0.763	+0.200	+0.195	+0.232	-0.904	-0.900	-0.835	-0.881	-0.885	-0.301	-0.897	-0.814	-0.821	-0.813	-0.806	-0.806	-0.806	-0.798	-0.803	-0.864	-0.593	-0.803	-0.821	-0.807	-0.792	-0.786	-0.806	-0.848	-0.794	-0.780	-0.779	-0.782	-0.779	-0.634	-0.449	-0.801	-0.792	-0.721	-0.643	-0.847	-0.797	-0.680	-0.786	-0.846	-0.786	-0.786	-0.786	-0.786	-0.846	-0.785	-0.784	-0.689	-0.774	-0.775	-0.831	-0.802	-0.728	-0.851	-0.867	-0.739	-0.764	-0.854	-0.667	-0.786	-0.619	-0.734	-0.435	-0.580	-0.645	-0.759	-0.807	-0.696	-0.697	-0.744	-0.698	-0.688	-0.751	-0.726	-0.762	-0.709	-0.727	-0.681	-0.925	-0.730	-0.647	-0.927	-0.681	-0.657	-0.656	-0.650	-0.702	-0.669	-0.927	-0.927	-0.928	-0.928	-0.925	-0.927	-0.652	-0.927	-0.928	-0.927	-0.928	-0.698	-0.928	-0.700	-0.675	-0.928	-0.738	-0.928	-0.690	-0.697	-0.690	-0.655	-0.704	-0.928	-0.929	-0.929	-0.928	-0.928	-0.750	-0.928	-0.697	
rs11197496     -0.581	-0.591	-0.597	-0.591	-0.602	-0.596	-0.596	-0.610	-0.549	-0.422	-0.001	-0.244	-0.045	-0.110	-0.150	-0.090	-0.218	+0.034	+0.004	+0.625	-0.588	-0.625	-0.877	-0.796	-0.697	+0.288	-0.850	+0.266	+0.328	+0.340	+0.264	+0.267	+0.277	+0.329	+0.344	+0.335	+0.337	+0.337	+0.338	+0.321	+0.317	+0.370	+0.317	+0.317	+0.258	-0.060	-0.061	-0.060	-0.034	+0.253	+0.276	+0.313	+0.314	+0.251	-0.873	+0.276	-0.810	+0.746	+0.234	+0.208	+0.221	+0.596	+0.747	+0.185	+0.180	+0.217	-0.920	-0.916	-0.851	-0.897	-0.901	-0.316	-0.912	-0.830	-0.837	-0.829	-0.822	-0.822	-0.822	-0.814	-0.819	-0.880	-0.610	-0.819	-0.837	-0.823	-0.808	-0.802	-0.822	-0.863	-0.810	-0.795	-0.795	-0.798	-0.795	-0.650	-0.466	-0.817	-0.808	-0.737	-0.660	-0.863	-0.813	-0.696	-0.802	-0.862	-0.802	-0.802	-0.802	-0.802	-0.862	-0.801	-0.800	-0.705	-0.790	-0.791	-0.847	-0.817	-0.744	-0.867	-0.883	-0.755	-0.780	-0.870	-0.683	-0.802	-0.635	-0.750	-0.452	-0.597	-0.662	-0.776	-0.823	-0.713	-0.714	-0.761	-0.714	-0.704	-0.768	-0.743	-0.778	-0.726	-0.744	-0.697	-0.941	-0.747	-0.664	-0.943	-0.698	-0.674	-0.673	-0.667	-0.719	-0.686	-0.943	-0.943	-0.943	-0.944	-0.941	-0.943	-0.669	-0.943	-0.944	-0.943	-0.944	-0.715	-0.944	-0.716	-0.692	-0.944	-0.754	-0.944	-0.706	-0.714	-0.707	-0.672	-0.721	-0.944	-0.945	-0.945	-0.944	-0.944	-0.767	-0.944	-0.714	
rs180631       -0.175	-0.170	-0.168	-0.170	-0.160	-0.163	-0.163	-0.156	+0.034	-0.001	+0.149	-0.031	-0.035	-0.074	-0.095	-0.060	-0.013	+0.182	+0.163	+0.710	-0.031	-0.071	-0.328	-0.244	-0.131	+0.860	-0.304	+0.863	+0.898	+0.911	+0.831	+0.835	+0.845	+0.899	+0.914	+0.905	+0.908	+0.908	+0.908	+0.891	+0.887	+0.940	+0.887	+0.886	+0.826	+0.532	+0.531	+0.531	+0.556	+0.819	+0.843	+0.883	+0.884	+0.820	-0.327	+0.843	-0.263	+1.316	+0.820	+0.794	+0.806	+1.178	+1.335	+0.770	+0.764	+0.803	-0.375	-0.372	-0.292	-0.362	-0.365	+0.197	-0.376	-0.302	-0.308	-0.301	-0.294	-0.294	-0.294	-0.287	-0.291	-0.335	-0.089	-0.291	-0.308	-0.295	-0.281	-0.275	-0.294	-0.325	-0.283	-0.269	-0.269	-0.272	-0.269	-0.088	+0.096	-0.290	-0.281	-0.217	-0.111	-0.333	-0.291	-0.136	-0.280	-0.332	-0.280	-0.280	-0.280	-0.280	-0.332	-0.279	-0.279	-0.145	-0.269	-0.270	-0.319	-0.261	-0.195	-0.338	-0.352	-0.206	-0.236	-0.339	-0.167	-0.275	-0.109	-0.226	+0.088	-0.051	-0.116	-0.228	-0.276	-0.167	-0.168	-0.215	-0.169	-0.159	-0.219	-0.197	-0.230	-0.180	-0.198	-0.152	-0.397	-0.198	-0.116	-0.399	-0.148	-0.128	-0.127	-0.120	-0.170	-0.139	-0.399	-0.399	-0.400	-0.400	-0.397	-0.399	-0.122	-0.398	-0.400	-0.399	-0.400	-0.164	-0.400	-0.166	-0.145	-0.400	-0.204	-0.400	-0.156	-0.163	-0.157	-0.125	-0.171	-0.400	-0.401	-0.400	-0.400	-0.400	-0.218	-0.400	-0.163	
rs11197517     -0.265	-0.271	-0.274	-0.271	-0.277	-0.273	-0.273	-0.280	-0.233	-0.244	-0.031	+0.073	-0.079	-0.121	-0.145	-0.108	-0.012	+0.179	+0.126	+0.596	-0.118	-0.154	-0.413	-0.334	-0.228	+0.788	-0.390	+0.753	+0.828	+0.841	+0.760	+0.764	+0.774	+0.829	+0.845	+0.835	+0.837	+0.837	+0.838	+0.821	+0.817	+0.873	+0.817	+0.816	+0.756	+0.479	+0.478	+0.478	+0.503	+0.750	+0.774	+0.814	+0.813	+0.749	-0.411	+0.775	-0.352	+1.208	+0.724	+0.698	+0.712	+1.071	+1.221	+0.675	+0.669	+0.708	-0.446	-0.441	-0.354	-0.444	-0.447	+0.118	-0.456	-0.386	-0.390	-0.385	-0.379	-0.378	-0.378	-0.372	-0.375	-0.409	-0.186	-0.376	-0.392	-0.380	-0.366	-0.361	-0.379	-0.399	-0.369	-0.356	-0.355	-0.358	-0.356	-0.175	+0.022	-0.375	-0.367	-0.301	-0.186	-0.415	-0.372	-0.223	-0.361	-0.414	-0.361	-0.361	-0.361	-0.361	-0.414	-0.360	-0.360	-0.232	-0.350	-0.351	-0.400	-0.331	-0.273	-0.418	-0.431	-0.284	-0.309	-0.418	-0.256	-0.358	-0.200	-0.311	-0.011	-0.125	-0.190	-0.300	-0.349	-0.242	-0.243	-0.290	-0.244	-0.234	-0.292	-0.273	-0.302	-0.256	-0.273	-0.227	-0.470	-0.269	-0.192	-0.472	-0.219	-0.203	-0.202	-0.195	-0.240	-0.214	-0.473	-0.473	-0.474	-0.474	-0.471	-0.472	-0.198	-0.472	-0.474	-0.473	-0.474	-0.235	-0.473	-0.237	-0.221	-0.473	-0.276	-0.474	-0.227	-0.234	-0.228	-0.201	-0.242	-0.474	-0.474	-0.474	-0.474	-0.474	-0.289	-0.473	-0.234	
rs7071452      -0.206	-0.206	-0.207	-0.206	-0.206	-0.206	-0.206	-0.206	-0.017	-0.045	-0.035	-0.079	+0.178	+0.068	+0.046	+0.041	-0.067	+0.084	+0.063	+0.585	-0.014	-0.050	-0.298	-0.216	-0.101	+0.932	-0.273	+0.918	+0.973	+0.985	+0.904	+0.908	+0.918	+0.973	+0.989	+0.980	+0.983	+0.983	+0.983	+0.965	+0.961	+1.019	+0.961	+0.960	+0.899	+0.593	+0.592	+0.592	+0.618	+0.893	+0.917	+0.958	+0.957	+0.893	-0.297	+0.918	-0.233	+1.343	+0.863	+0.836	+0.851	+1.206	+1.359	+0.813	+0.807	+0.846	-0.343	-0.339	-0.255	-0.334	-0.337	+0.233	-0.347	-0.275	-0.280	-0.274	-0.268	-0.267	-0.267	-0.260	-0.264	-0.304	-0.068	-0.265	-0.281	-0.269	-0.255	-0.250	-0.268	-0.289	-0.258	-0.244	-0.243	-0.247	-0.244	-0.068	+0.120	-0.264	-0.255	-0.194	-0.085	-0.305	-0.266	-0.116	-0.255	-0.305	-0.255	-0.255	-0.255	-0.255	-0.305	-0.254	-0.254	-0.125	-0.245	-0.245	-0.291	-0.223	-0.168	-0.311	-0.324	-0.179	-0.204	-0.309	-0.146	-0.248	-0.090	-0.200	+0.096	-0.030	-0.093	-0.197	-0.246	-0.145	-0.146	-0.191	-0.147	-0.137	-0.190	-0.174	-0.200	-0.158	-0.175	-0.130	-0.365	-0.168	-0.096	-0.367	-0.119	-0.106	-0.105	-0.099	-0.139	-0.117	-0.367	-0.367	-0.369	-0.368	-0.366	-0.367	-0.101	-0.366	-0.368	-0.367	-0.369	-0.134	-0.367	-0.136	-0.123	-0.368	-0.175	-0.368	-0.127	-0.134	-0.128	-0.104	-0.141	-0.368	-0.369	-0.369	-0.368	-0.368	-0.188	-0.368	-0.134	
rs1061413      -0.265	-0.265	-0.266	-0.265	-0.265	-0.264	-0.265	-0.265	-0.083	-0.110	-0.074	-0.121	+0.068	+0.116	-0.011	+0.008	-0.107	+0.058	+0.035	+0.563	-0.073	-0.109	-0.357	-0.275	-0.161	+0.869	-0.332	+0.855	+0.910	+0.922	+0.841	+0.845	+0.855	+0.910	+0.926	+0.917	+0.920	+0.920	+0.920	+0.902	+0.898	+0.956	+0.898	+0.897	+0.836	+0.530	+0.529	+0.530	+0.555	+0.830	+0.854	+0.895	+0.894	+0.830	-0.355	+0.855	-0.292	+1.283	+0.802	+0.775	+0.790	+1.146	+1.299	+0.752	+0.746	+0.785	-0.402	-0.398	-0.315	-0.392	-0.395	+0.176	-0.405	-0.333	-0.337	-0.332	-0.325	-0.325	-0.325	-0.318	-0.322	-0.362	-0.125	-0.323	-0.339	-0.326	-0.312	-0.307	-0.326	-0.348	-0.315	-0.301	-0.301	-0.304	-0.301	-0.128	+0.059	-0.321	-0.313	-0.251	-0.144	-0.363	-0.324	-0.175	-0.313	-0.363	-0.313	-0.313	-0.313	-0.313	-0.362	-0.312	-0.312	-0.184	-0.302	-0.303	-0.349	-0.283	-0.227	-0.369	-0.382	-0.238	-0.263	-0.367	-0.203	-0.305	-0.147	-0.258	+0.038	-0.089	-0.152	-0.256	-0.305	-0.204	-0.204	-0.250	-0.205	-0.195	-0.248	-0.233	-0.259	-0.216	-0.234	-0.188	-0.423	-0.227	-0.154	-0.426	-0.177	-0.165	-0.164	-0.157	-0.198	-0.175	-0.426	-0.426	-0.427	-0.427	-0.425	-0.425	-0.159	-0.425	-0.427	-0.426	-0.427	-0.193	-0.426	-0.195	-0.182	-0.426	-0.233	-0.427	-0.186	-0.192	-0.186	-0.163	-0.200	-0.427	-0.427	-0.427	-0.427	-0.427	-0.246	-0.426	-0.192	
rs1078080      -0.300	-0.300	-0.301	-0.300	-0.300	-0.300	-0.300	-0.300	-0.123	-0.150	-0.095	-0.145	+0.046	-0.011	+0.079	-0.015	-0.130	+0.043	+0.019	+0.552	-0.109	-0.145	-0.393	-0.309	-0.196	+0.837	-0.367	+0.822	+0.878	+0.890	+0.809	+0.813	+0.823	+0.878	+0.894	+0.885	+0.888	+0.888	+0.888	+0.870	+0.866	+0.924	+0.866	+0.865	+0.804	+0.493	+0.492	+0.492	+0.518	+0.797	+0.821	+0.862	+0.862	+0.798	-0.390	+0.823	-0.326	+1.254	+0.770	+0.744	+0.759	+1.116	+1.269	+0.721	+0.715	+0.754	-0.438	-0.434	-0.350	-0.426	-0.429	+0.144	-0.440	-0.367	-0.371	-0.366	-0.359	-0.359	-0.359	-0.352	-0.356	-0.397	-0.158	-0.357	-0.373	-0.361	-0.346	-0.341	-0.360	-0.382	-0.349	-0.335	-0.335	-0.338	-0.335	-0.163	+0.023	-0.355	-0.347	-0.286	-0.180	-0.397	-0.359	-0.211	-0.348	-0.397	-0.348	-0.348	-0.348	-0.348	-0.397	-0.347	-0.346	-0.220	-0.337	-0.337	-0.383	-0.319	-0.262	-0.403	-0.416	-0.273	-0.298	-0.402	-0.236	-0.339	-0.182	-0.291	+0.003	-0.124	-0.187	-0.291	-0.340	-0.239	-0.240	-0.285	-0.240	-0.231	-0.283	-0.268	-0.294	-0.251	-0.269	-0.224	-0.459	-0.262	-0.190	-0.461	-0.212	-0.200	-0.199	-0.193	-0.233	-0.211	-0.461	-0.461	-0.462	-0.462	-0.460	-0.461	-0.195	-0.460	-0.462	-0.461	-0.462	-0.228	-0.461	-0.230	-0.217	-0.462	-0.269	-0.462	-0.221	-0.227	-0.221	-0.198	-0.235	-0.462	-0.463	-0.462	-0.462	-0.462	-0.282	-0.462	-0.227	
rs10885848     -0.245	-0.246	-0.246	-0.246	-0.245	-0.245	-0.245	-0.245	-0.063	-0.090	-0.060	-0.108	+0.041	+0.008	-0.015	+0.138	-0.094	+0.066	+0.044	+0.571	-0.052	-0.088	-0.336	-0.253	-0.139	+0.895	-0.312	+0.879	+0.935	+0.948	+0.867	+0.871	+0.881	+0.936	+0.952	+0.942	+0.946	+0.946	+0.945	+0.928	+0.924	+0.981	+0.924	+0.923	+0.861	+0.553	+0.552	+0.552	+0.577	+0.855	+0.879	+0.921	+0.920	+0.856	-0.335	+0.881	-0.272	+1.307	+0.821	+0.794	+0.809	+1.170	+1.323	+0.771	+0.765	+0.804	-0.382	-0.378	-0.294	-0.372	-0.375	+0.197	-0.385	-0.313	-0.318	-0.312	-0.306	-0.306	-0.306	-0.299	-0.303	-0.342	-0.107	-0.304	-0.320	-0.307	-0.293	-0.288	-0.306	-0.328	-0.296	-0.282	-0.281	-0.285	-0.282	-0.106	+0.081	-0.302	-0.294	-0.232	-0.124	-0.344	-0.304	-0.154	-0.294	-0.343	-0.294	-0.293	-0.293	-0.293	-0.343	-0.293	-0.292	-0.163	-0.283	-0.283	-0.329	-0.261	-0.207	-0.349	-0.362	-0.218	-0.242	-0.348	-0.185	-0.287	-0.130	-0.239	+0.054	-0.067	-0.130	-0.236	-0.285	-0.182	-0.183	-0.229	-0.184	-0.174	-0.229	-0.212	-0.239	-0.195	-0.213	-0.167	-0.403	-0.207	-0.133	-0.405	-0.157	-0.144	-0.143	-0.136	-0.178	-0.154	-0.406	-0.406	-0.407	-0.407	-0.405	-0.405	-0.138	-0.405	-0.407	-0.406	-0.407	-0.173	-0.406	-0.175	-0.161	-0.406	-0.214	-0.406	-0.166	-0.173	-0.167	-0.141	-0.180	-0.407	-0.407	-0.407	-0.406	-0.406	-0.227	-0.406	-0.173	
rs2302105      -0.239	-0.245	-0.248	-0.245	-0.251	-0.248	-0.248	-0.255	-0.207	-0.218	-0.013	-0.012	-0.067	-0.107	-0.130	-0.094	+0.101	+0.188	+0.137	+0.598	-0.093	-0.128	-0.387	-0.308	-0.202	+0.815	-0.363	+0.780	+0.855	+0.868	+0.787	+0.791	+0.801	+0.856	+0.872	+0.862	+0.865	+0.865	+0.865	+0.848	+0.845	+0.900	+0.844	+0.844	+0.783	+0.504	+0.503	+0.503	+0.528	+0.777	+0.801	+0.841	+0.840	+0.776	-0.385	+0.802	-0.325	+1.235	+0.751	+0.726	+0.739	+1.098	+1.249	+0.702	+0.696	+0.735	-0.420	-0.415	-0.328	-0.418	-0.420	+0.145	-0.429	-0.359	-0.363	-0.358	-0.352	-0.352	-0.352	-0.345	-0.349	-0.383	-0.158	-0.350	-0.365	-0.353	-0.340	-0.335	-0.352	-0.372	-0.342	-0.329	-0.328	-0.332	-0.329	-0.149	+0.049	-0.348	-0.340	-0.274	-0.160	-0.388	-0.345	-0.197	-0.335	-0.388	-0.335	-0.335	-0.335	-0.334	-0.387	-0.334	-0.333	-0.206	-0.324	-0.324	-0.374	-0.306	-0.247	-0.392	-0.405	-0.258	-0.283	-0.391	-0.229	-0.331	-0.173	-0.284	+0.015	-0.099	-0.164	-0.273	-0.322	-0.217	-0.217	-0.264	-0.218	-0.208	-0.265	-0.247	-0.275	-0.230	-0.247	-0.201	-0.444	-0.242	-0.166	-0.446	-0.192	-0.177	-0.176	-0.170	-0.213	-0.188	-0.446	-0.447	-0.448	-0.448	-0.445	-0.446	-0.172	-0.446	-0.447	-0.446	-0.448	-0.208	-0.447	-0.210	-0.195	-0.447	-0.249	-0.447	-0.200	-0.207	-0.201	-0.175	-0.214	-0.447	-0.448	-0.448	-0.447	-0.447	-0.262	-0.447	-0.207	
rs11593254     +0.003	-0.002	-0.005	-0.002	-0.007	-0.004	-0.004	-0.011	+0.045	+0.034	+0.182	+0.179	+0.084	+0.058	+0.043	+0.066	+0.188	+0.368	+0.262	+0.652	+0.158	+0.122	-0.136	-0.055	+0.054	+1.083	-0.111	+1.045	+1.123	+1.136	+1.054	+1.058	+1.068	+1.125	+1.140	+1.131	+1.133	+1.133	+1.134	+1.116	+1.113	+1.170	+1.113	+1.112	+1.050	+0.760	+0.759	+0.759	+0.785	+1.044	+1.068	+1.109	+1.108	+1.043	-0.134	+1.069	-0.073	+1.498	+1.015	+0.990	+1.004	+1.363	+1.515	+0.966	+0.960	+0.999	-0.171	-0.165	-0.077	-0.169	-0.172	+0.397	-0.181	-0.110	-0.115	-0.109	-0.103	-0.103	-0.103	-0.096	-0.100	-0.134	+0.090	-0.101	-0.116	-0.105	-0.091	-0.086	-0.104	-0.123	-0.093	-0.080	-0.080	-0.083	-0.080	+0.101	+0.308	-0.100	-0.092	-0.025	+0.092	-0.140	-0.097	+0.053	-0.086	-0.139	-0.086	-0.086	-0.086	-0.086	-0.139	-0.085	-0.085	+0.044	-0.075	-0.076	-0.125	-0.056	+0.003	-0.143	-0.156	-0.009	-0.032	-0.142	+0.019	-0.082	+0.078	-0.035	+0.267	+0.148	+0.083	-0.018	-0.068	+0.030	+0.029	-0.017	+0.028	+0.039	-0.010	+0.000	-0.021	+0.017	-0.001	+0.046	-0.194	+0.013	+0.080	-0.197	+0.064	+0.069	+0.070	+0.077	+0.043	+0.059	-0.197	-0.197	-0.199	-0.199	-0.197	-0.196	+0.074	-0.196	-0.198	-0.196	-0.199	+0.049	-0.197	+0.047	+0.051	-0.197	+0.007	-0.198	+0.056	+0.049	+0.055	+0.071	+0.042	-0.198	-0.198	-0.198	-0.198	-0.198	-0.007	-0.197	+0.049	
rs11598215     -0.022	-0.027	-0.030	-0.027	-0.034	-0.031	-0.031	-0.038	+0.015	+0.004	+0.163	+0.126	+0.063	+0.035	+0.019	+0.044	+0.137	+0.262	+0.336	+0.643	+0.126	+0.091	-0.165	-0.084	+0.025	+1.054	-0.140	+1.017	+1.094	+1.107	+1.025	+1.029	+1.039	+1.095	+1.111	+1.102	+1.104	+1.104	+1.105	+1.087	+1.084	+1.141	+1.083	+1.083	+1.021	+0.727	+0.726	+0.727	+0.752	+1.015	+1.039	+1.080	+1.079	+1.013	-0.162	+1.040	-0.101	+1.470	+0.987	+0.961	+0.975	+1.334	+1.486	+0.937	+0.931	+0.970	-0.200	-0.195	-0.107	-0.199	-0.201	+0.366	-0.210	-0.140	-0.144	-0.139	-0.132	-0.132	-0.132	-0.125	-0.129	-0.163	+0.061	-0.130	-0.146	-0.134	-0.120	-0.115	-0.133	-0.153	-0.123	-0.109	-0.109	-0.112	-0.109	+0.071	+0.278	-0.129	-0.121	-0.054	+0.063	-0.169	-0.126	+0.023	-0.116	-0.169	-0.116	-0.115	-0.115	-0.115	-0.168	-0.115	-0.114	+0.014	-0.105	-0.105	-0.154	-0.087	-0.027	-0.173	-0.186	-0.038	-0.062	-0.172	-0.010	-0.112	+0.050	-0.065	+0.238	+0.117	+0.052	-0.048	-0.098	-0.000	-0.001	-0.048	-0.002	+0.008	-0.040	-0.030	-0.051	-0.013	-0.031	+0.015	-0.224	-0.017	+0.050	-0.226	+0.034	+0.039	+0.040	+0.046	+0.012	+0.028	-0.226	-0.227	-0.228	-0.228	-0.226	-0.226	+0.044	-0.225	-0.227	-0.226	-0.228	+0.018	-0.227	+0.016	+0.021	-0.227	-0.024	-0.227	+0.026	+0.019	+0.025	+0.040	+0.011	-0.227	-0.228	-0.228	-0.227	-0.227	-0.037	-0.227	+0.019	
rs72834524     +0.764	+0.753	+0.747	+0.753	+0.737	+0.744	+0.744	+0.730	+0.633	+0.625	+0.710	+0.596	+0.585	+0.563	+0.552	+0.571	+0.598	+0.652	+0.643	+1.020	+0.750	+0.714	+0.435	+0.516	+0.625	+1.687	+0.464	+1.648	+1.726	+1.739	+1.657	+1.661	+1.671	+1.727	+1.743	+1.733	+1.735	+1.735	+1.736	+1.719	+1.715	+1.774	+1.715	+1.714	+1.650	+1.382	+1.381	+1.381	+1.403	+1.643	+1.669	+1.710	+1.710	+1.642	+0.441	+1.670	+0.503	+2.139	+1.660	+1.633	+1.648	+2.014	+2.170	+1.608	+1.603	+1.645	+0.405	+0.411	+0.499	+0.407	+0.404	+0.995	+0.395	+0.468	+0.462	+0.469	+0.476	+0.476	+0.476	+0.483	+0.479	+0.444	+0.674	+0.478	+0.462	+0.474	+0.488	+0.493	+0.475	+0.454	+0.485	+0.499	+0.500	+0.496	+0.499	+0.683	+0.915	+0.479	+0.488	+0.561	+0.680	+0.439	+0.487	+0.633	+0.498	+0.440	+0.498	+0.498	+0.498	+0.499	+0.440	+0.499	+0.500	+0.624	+0.510	+0.509	+0.455	+0.515	+0.584	+0.435	+0.422	+0.572	+0.553	+0.437	+0.606	+0.502	+0.672	+0.551	+0.865	+0.733	+0.665	+0.581	+0.525	+0.614	+0.613	+0.563	+0.612	+0.622	+0.589	+0.582	+0.577	+0.598	+0.581	+0.629	+0.384	+0.614	+0.665	+0.380	+0.670	+0.654	+0.655	+0.661	+0.647	+0.642	+0.380	+0.379	+0.377	+0.377	+0.378	+0.382	+0.659	+0.383	+0.379	+0.382	+0.378	+0.653	+0.381	+0.651	+0.635	+0.381	+0.607	+0.380	+0.661	+0.653	+0.661	+0.655	+0.645	+0.380	+0.379	+0.379	+0.381	+0.381	+0.592	+0.381	+0.653	
rs11197530     -0.577	-0.584	-0.588	-0.584	-0.592	-0.588	-0.588	-0.597	-0.571	-0.588	-0.031	-0.118	-0.014	-0.073	-0.109	-0.052	-0.093	+0.158	+0.126	+0.750	-0.274	-0.372	-0.709	-0.612	-0.491	+0.380	-0.680	+0.504	+0.420	+0.431	+0.357	+0.361	+0.370	+0.420	+0.435	+0.426	+0.429	+0.429	+0.429	+0.413	+0.409	+0.462	+0.409	+0.409	+0.352	+0.034	+0.034	+0.034	+0.059	+0.347	+0.370	+0.407	+0.408	+0.346	-0.709	+0.370	-0.635	+0.851	+0.336	+0.312	+0.325	+0.704	+0.854	+0.288	+0.283	+0.320	-0.792	-0.790	-0.743	-0.746	-0.752	-0.192	-0.766	-0.663	-0.671	-0.662	-0.654	-0.653	-0.653	-0.645	-0.650	-0.752	-0.407	-0.650	-0.671	-0.655	-0.637	-0.630	-0.654	-0.739	-0.640	-0.623	-0.622	-0.626	-0.623	-0.521	-0.310	-0.648	-0.637	-0.556	-0.520	-0.705	-0.647	-0.568	-0.634	-0.704	-0.633	-0.633	-0.633	-0.633	-0.704	-0.633	-0.632	-0.577	-0.621	-0.621	-0.688	-0.712	-0.618	-0.712	-0.731	-0.629	-0.649	-0.719	-0.509	-0.642	-0.448	-0.586	-0.323	-0.466	-0.530	-0.619	-0.673	-0.584	-0.584	-0.631	-0.585	-0.575	-0.611	-0.614	-0.623	-0.596	-0.615	-0.568	-0.810	-0.588	-0.534	-0.813	-0.534	-0.544	-0.543	-0.537	-0.557	-0.555	-0.813	-0.814	-0.816	-0.816	-0.814	-0.812	-0.538	-0.811	-0.814	-0.812	-0.815	-0.552	-0.813	-0.554	-0.562	-0.813	-0.596	-0.814	-0.544	-0.551	-0.545	-0.542	-0.559	-0.814	-0.814	-0.815	-0.814	-0.814	-0.610	-0.813	-0.551	
rs11197531     -0.615	-0.622	-0.625	-0.622	-0.630	-0.626	-0.626	-0.635	-0.609	-0.625	-0.071	-0.154	-0.050	-0.109	-0.145	-0.088	-0.128	+0.122	+0.091	+0.714	-0.372	-0.317	-0.751	-0.657	-0.539	+0.352	-0.723	+0.450	+0.391	+0.403	+0.328	+0.332	+0.341	+0.392	+0.407	+0.398	+0.400	+0.400	+0.401	+0.384	+0.381	+0.433	+0.381	+0.380	+0.323	+0.004	+0.003	+0.003	+0.029	+0.318	+0.341	+0.378	+0.379	+0.317	-0.751	+0.341	-0.679	+0.819	+0.305	+0.280	+0.293	+0.671	+0.821	+0.257	+0.252	+0.289	-0.828	-0.826	-0.775	-0.786	-0.791	-0.227	-0.805	-0.706	-0.713	-0.704	-0.697	-0.696	-0.696	-0.688	-0.693	-0.789	-0.455	-0.693	-0.713	-0.698	-0.680	-0.674	-0.697	-0.774	-0.683	-0.666	-0.665	-0.670	-0.666	-0.559	-0.354	-0.691	-0.681	-0.601	-0.559	-0.746	-0.689	-0.605	-0.676	-0.745	-0.676	-0.676	-0.676	-0.676	-0.745	-0.675	-0.675	-0.614	-0.664	-0.664	-0.729	-0.743	-0.654	-0.753	-0.771	-0.665	-0.686	-0.759	-0.553	-0.684	-0.494	-0.628	-0.360	-0.502	-0.567	-0.660	-0.713	-0.620	-0.621	-0.668	-0.622	-0.612	-0.653	-0.650	-0.664	-0.633	-0.651	-0.604	-0.847	-0.630	-0.570	-0.850	-0.577	-0.581	-0.580	-0.573	-0.599	-0.592	-0.850	-0.851	-0.852	-0.852	-0.850	-0.849	-0.575	-0.849	-0.851	-0.849	-0.852	-0.594	-0.850	-0.596	-0.599	-0.850	-0.637	-0.851	-0.586	-0.594	-0.587	-0.579	-0.601	-0.851	-0.851	-0.851	-0.851	-0.851	-0.651	-0.850	-0.594	
rs7070267      -0.864	-0.870	-0.874	-0.871	-0.878	-0.874	-0.874	-0.883	-0.862	-0.877	-0.328	-0.413	-0.298	-0.357	-0.393	-0.336	-0.387	-0.136	-0.165	+0.435	-0.709	-0.751	-0.595	-0.717	-0.613	+0.184	-0.911	+0.240	+0.230	+0.243	+0.152	+0.157	+0.168	+0.230	+0.247	+0.237	+0.239	+0.239	+0.240	+0.221	+0.217	+0.275	+0.217	+0.216	+0.149	+0.083	+0.081	+0.082	+0.112	+0.141	+0.167	+0.209	+0.209	+0.138	-0.935	+0.167	-0.882	+0.542	+0.033	+0.007	+0.019	+0.389	+0.542	-0.018	-0.024	+0.014	-1.015	-1.012	-0.908	-1.054	-1.057	-0.503	-1.065	-1.005	-1.011	-1.004	-0.998	-0.998	-0.998	-0.991	-0.995	-1.030	-0.803	-0.996	-1.011	-0.999	-0.986	-0.981	-0.998	-1.026	-0.988	-0.975	-0.974	-0.978	-0.975	-0.742	-0.556	-0.994	-0.986	-0.922	-0.785	-1.033	-0.990	-0.804	-0.981	-1.032	-0.981	-0.980	-0.980	-0.980	-1.032	-0.980	-0.979	-0.814	-0.970	-0.970	-1.019	-0.892	-0.870	-1.037	-1.050	-0.883	-0.944	-1.038	-0.871	-0.979	-0.827	-0.932	-0.631	-0.766	-0.828	-0.931	-0.978	-0.878	-0.879	-0.924	-0.880	-0.870	-0.922	-0.907	-0.933	-0.890	-0.908	-0.863	-1.097	-0.900	-0.830	-1.099	-0.852	-0.841	-0.840	-0.833	-0.873	-0.851	-1.099	-1.099	-1.100	-1.100	-1.098	-1.099	-0.835	-1.098	-1.100	-1.099	-1.101	-0.869	-1.100	-0.871	-0.858	-1.100	-0.908	-1.100	-0.861	-0.868	-0.862	-0.839	-0.875	-1.100	-1.101	-1.101	-1.100	-1.100	-0.921	-1.100	-0.868	
rs2694805      -0.780	-0.787	-0.791	-0.787	-0.795	-0.791	-0.791	-0.800	-0.780	-0.796	-0.244	-0.334	-0.216	-0.275	-0.309	-0.253	-0.308	-0.055	-0.084	+0.516	-0.612	-0.657	-0.717	-0.510	-0.625	+0.148	-0.837	+0.185	+0.191	+0.203	+0.117	+0.121	+0.132	+0.190	+0.207	+0.197	+0.199	+0.199	+0.200	+0.182	+0.178	+0.234	+0.178	+0.177	+0.113	+0.287	+0.286	+0.286	+0.317	+0.106	+0.131	+0.171	+0.171	+0.104	-0.846	+0.131	-0.832	+0.539	+0.038	+0.013	+0.025	+0.391	+0.540	-0.011	-0.015	+0.021	-0.906	-0.902	-0.782	-0.981	-0.983	-0.439	-0.989	-0.941	-0.946	-0.940	-0.935	-0.935	-0.935	-0.929	-0.932	-0.946	-0.757	-0.933	-0.946	-0.936	-0.924	-0.920	-0.935	-0.949	-0.926	-0.914	-0.914	-0.917	-0.914	-0.628	-0.434	-0.931	-0.924	-0.865	-0.684	-0.964	-0.926	-0.697	-0.917	-0.963	-0.917	-0.917	-0.917	-0.917	-0.963	-0.916	-0.916	-0.708	-0.907	-0.908	-0.952	-0.775	-0.773	-0.966	-0.978	-0.788	-0.867	-0.967	-0.812	-0.913	-0.774	-0.870	-0.558	-0.691	-0.752	-0.848	-0.896	-0.802	-0.803	-0.847	-0.804	-0.794	-0.839	-0.831	-0.850	-0.813	-0.831	-0.787	-1.015	-0.817	-0.755	-1.017	-0.768	-0.765	-0.764	-0.758	-0.790	-0.774	-1.017	-1.018	-1.019	-1.019	-1.017	-1.017	-0.759	-1.016	-1.019	-1.017	-1.019	-0.785	-1.018	-0.787	-0.781	-1.018	-0.825	-1.018	-0.778	-0.785	-0.779	-0.763	-0.792	-1.018	-1.019	-1.019	-1.018	-1.018	-0.838	-1.018	-0.785	
rs10787620     -0.677	-0.684	-0.688	-0.684	-0.692	-0.688	-0.688	-0.697	-0.682	-0.697	-0.131	-0.228	-0.101	-0.161	-0.196	-0.139	-0.202	+0.054	+0.025	+0.625	-0.491	-0.539	-0.613	-0.625	-0.407	+0.138	-0.755	+0.161	+0.179	+0.191	+0.110	+0.114	+0.124	+0.179	+0.195	+0.185	+0.187	+0.187	+0.188	+0.171	+0.167	+0.221	+0.167	+0.166	+0.106	+0.321	+0.319	+0.319	+0.349	+0.099	+0.123	+0.161	+0.162	+0.097	-0.751	+0.123	-0.766	+0.556	+0.063	+0.039	+0.051	+0.412	+0.557	+0.017	+0.013	+0.048	-0.802	-0.799	-0.673	-0.891	-0.892	-0.364	-0.896	-0.854	-0.858	-0.853	-0.848	-0.848	-0.848	-0.843	-0.846	-0.842	-0.681	-0.846	-0.859	-0.849	-0.838	-0.834	-0.848	-0.854	-0.840	-0.829	-0.829	-0.831	-0.829	-0.487	-0.292	-0.845	-0.838	-0.781	-0.563	-0.874	-0.837	-0.565	-0.829	-0.873	-0.829	-0.829	-0.829	-0.828	-0.873	-0.828	-0.827	-0.578	-0.819	-0.820	-0.862	-0.674	-0.654	-0.875	-0.885	-0.670	-0.773	-0.875	-0.724	-0.823	-0.691	-0.781	-0.433	-0.594	-0.654	-0.737	-0.788	-0.705	-0.706	-0.749	-0.706	-0.697	-0.727	-0.733	-0.739	-0.716	-0.734	-0.690	-0.914	-0.704	-0.657	-0.917	-0.653	-0.667	-0.667	-0.660	-0.676	-0.677	-0.918	-0.918	-0.920	-0.920	-0.919	-0.916	-0.662	-0.915	-0.919	-0.916	-0.919	-0.671	-0.917	-0.673	-0.684	-0.917	-0.713	-0.918	-0.665	-0.670	-0.665	-0.665	-0.678	-0.918	-0.919	-0.919	-0.918	-0.918	-0.726	-0.917	-0.670	
rs2694814      +0.303	+0.296	+0.292	+0.296	+0.287	+0.291	+0.291	+0.282	+0.304	+0.288	+0.860	+0.788	+0.932	+0.869	+0.837	+0.895	+0.815	+1.083	+1.054	+1.687	+0.380	+0.352	+0.184	+0.148	+0.138	+0.630	+0.289	+0.455	+0.589	+0.586	+0.526	+0.527	+0.532	+0.576	+0.587	+0.579	+0.580	+0.579	+0.580	+0.567	+0.564	+0.598	+0.564	+0.564	+0.522	+0.641	+0.640	+0.640	+0.660	+0.514	+0.524	+0.542	+0.541	+0.505	+0.327	+0.522	+0.232	+0.840	+0.484	+0.469	+0.478	+0.741	+0.851	+0.460	+0.458	+0.479	+0.171	+0.183	+0.215	+0.067	+0.067	+0.320	+0.064	+0.085	+0.083	+0.085	+0.088	+0.088	+0.088	+0.092	+0.090	+0.339	+0.215	+0.089	+0.082	+0.087	+0.094	+0.097	+0.088	+0.197	+0.093	+0.100	+0.100	+0.099	+0.100	+0.812	+1.369	+0.090	+0.094	+0.147	+0.821	+0.076	+0.104	+0.686	+0.111	+0.077	+0.111	+0.111	+0.111	+0.111	+0.077	+0.112	+0.112	+0.662	+0.119	+0.118	+0.085	+0.260	+0.559	+0.078	+0.073	+0.527	+0.217	+0.079	+0.191	+0.113	+0.223	+0.145	+0.585	+0.423	+0.363	+0.310	+0.246	+0.299	+0.298	+0.255	+0.298	+0.308	+0.321	+0.268	+0.307	+0.293	+0.267	+0.315	+0.069	+0.350	+0.351	+0.064	+0.411	+0.340	+0.341	+0.347	+0.383	+0.335	+0.062	+0.061	+0.058	+0.058	+0.057	+0.067	+0.345	+0.068	+0.061	+0.066	+0.061	+0.391	+0.065	+0.388	+0.320	+0.065	+0.341	+0.064	+0.392	+0.392	+0.391	+0.340	+0.383	+0.064	+0.064	+0.062	+0.064	+0.064	+0.324	+0.065	+0.391	
rs3781518      -0.837	-0.844	-0.848	-0.844	-0.852	-0.848	-0.848	-0.857	-0.834	-0.850	-0.304	-0.390	-0.273	-0.332	-0.367	-0.312	-0.363	-0.111	-0.140	+0.464	-0.680	-0.723	-0.911	-0.837	-0.755	+0.289	-0.566	+0.399	+0.340	+0.353	+0.249	+0.253	+0.266	+0.338	+0.358	+0.346	+0.348	+0.348	+0.349	+0.328	+0.323	+0.388	+0.323	+0.322	+0.245	+0.303	+0.301	+0.301	+0.333	+0.235	+0.264	+0.312	+0.310	+0.231	-0.739	+0.263	-0.706	+0.589	+0.068	+0.041	+0.053	+0.425	+0.586	+0.014	+0.008	+0.047	-0.924	-0.921	-0.831	-1.017	-1.019	-0.499	-1.025	-0.981	-0.986	-0.980	-0.975	-0.975	-0.975	-0.969	-0.972	-0.992	-0.788	-0.973	-0.986	-0.976	-0.963	-0.959	-0.975	-0.998	-0.966	-0.954	-0.953	-0.956	-0.953	-0.697	-0.511	-0.971	-0.964	-0.905	-0.746	-1.006	-0.969	-0.760	-0.960	-1.005	-0.960	-0.960	-0.960	-0.960	-1.005	-0.959	-0.959	-0.771	-0.951	-0.951	-0.995	-0.821	-0.832	-1.011	-1.022	-0.846	-0.919	-1.012	-0.858	-0.959	-0.812	-0.915	-0.631	-0.730	-0.793	-0.906	-0.953	-0.845	-0.846	-0.891	-0.847	-0.837	-0.897	-0.875	-0.907	-0.857	-0.875	-0.830	-1.070	-0.875	-0.796	-1.072	-0.827	-0.807	-0.806	-0.799	-0.848	-0.817	-1.072	-1.073	-1.073	-1.073	-1.070	-1.073	-0.801	-1.072	-1.074	-1.073	-1.074	-0.844	-1.073	-0.846	-0.824	-1.073	-0.884	-1.074	-0.837	-0.844	-0.838	-0.805	-0.851	-1.074	-1.074	-1.074	-1.074	-1.074	-0.896	-1.073	-0.844	
rs7086868      +0.293	+0.285	+0.281	+0.285	+0.276	+0.281	+0.281	+0.271	+0.281	+0.266	+0.863	+0.753	+0.918	+0.855	+0.822	+0.879	+0.780	+1.045	+1.017	+1.648	+0.504	+0.450	+0.240	+0.185	+0.161	+0.455	+0.399	+0.603	+0.479	+0.485	+0.441	+0.443	+0.448	+0.478	+0.487	+0.482	+0.483	+0.483	+0.484	+0.473	+0.471	+0.504	+0.471	+0.470	+0.436	+0.594	+0.593	+0.593	+0.613	+0.432	+0.445	+0.467	+0.467	+0.431	+0.455	+0.445	+0.315	+0.857	+0.489	+0.474	+0.483	+0.760	+0.870	+0.464	+0.462	+0.484	+0.232	+0.245	+0.282	+0.055	+0.056	+0.335	+0.058	+0.059	+0.058	+0.059	+0.060	+0.060	+0.060	+0.062	+0.061	+0.249	+0.149	+0.061	+0.058	+0.060	+0.063	+0.064	+0.060	+0.140	+0.062	+0.066	+0.066	+0.065	+0.066	+0.692	+1.196	+0.061	+0.063	+0.096	+0.710	+0.058	+0.068	+0.582	+0.071	+0.058	+0.071	+0.071	+0.072	+0.072	+0.058	+0.072	+0.072	+0.561	+0.076	+0.076	+0.060	+0.351	+0.477	+0.056	+0.055	+0.449	+0.186	+0.060	+0.132	+0.079	+0.157	+0.102	+0.551	+0.391	+0.331	+0.232	+0.179	+0.270	+0.269	+0.226	+0.268	+0.278	+0.240	+0.240	+0.229	+0.262	+0.238	+0.285	+0.039	+0.265	+0.320	+0.036	+0.317	+0.309	+0.309	+0.316	+0.293	+0.302	+0.036	+0.035	+0.033	+0.034	+0.035	+0.037	+0.313	+0.037	+0.035	+0.037	+0.034	+0.297	+0.036	+0.295	+0.289	+0.036	+0.255	+0.035	+0.300	+0.298	+0.299	+0.309	+0.290	+0.035	+0.035	+0.034	+0.035	+0.035	+0.240	+0.036	+0.298	
rs2694815      +0.343	+0.336	+0.332	+0.336	+0.327	+0.331	+0.331	+0.321	+0.344	+0.328	+0.898	+0.828	+0.973	+0.910	+0.878	+0.935	+0.855	+1.123	+1.094	+1.726	+0.420	+0.391	+0.230	+0.191	+0.179	+0.589	+0.340	+0.479	+0.672	+0.614	+0.563	+0.564	+0.567	+0.606	+0.615	+0.609	+0.609	+0.609	+0.610	+0.600	+0.597	+0.622	+0.597	+0.596	+0.564	+0.673	+0.673	+0.673	+0.692	+0.555	+0.561	+0.573	+0.572	+0.543	+0.384	+0.557	+0.282	+0.857	+0.509	+0.495	+0.504	+0.761	+0.868	+0.486	+0.484	+0.504	+0.214	+0.226	+0.255	+0.106	+0.106	+0.353	+0.104	+0.123	+0.121	+0.123	+0.126	+0.126	+0.126	+0.130	+0.128	+0.389	+0.251	+0.127	+0.121	+0.126	+0.132	+0.135	+0.126	+0.242	+0.131	+0.138	+0.138	+0.137	+0.138	+0.866	+1.435	+0.128	+0.133	+0.185	+0.878	+0.115	+0.142	+0.737	+0.149	+0.115	+0.149	+0.150	+0.150	+0.150	+0.116	+0.150	+0.150	+0.712	+0.157	+0.156	+0.124	+0.300	+0.608	+0.117	+0.111	+0.576	+0.258	+0.118	+0.229	+0.152	+0.260	+0.183	+0.627	+0.463	+0.403	+0.353	+0.288	+0.339	+0.338	+0.295	+0.337	+0.347	+0.363	+0.308	+0.349	+0.332	+0.306	+0.355	+0.109	+0.392	+0.391	+0.104	+0.454	+0.380	+0.381	+0.387	+0.426	+0.375	+0.102	+0.101	+0.097	+0.097	+0.096	+0.106	+0.385	+0.108	+0.101	+0.106	+0.100	+0.434	+0.105	+0.431	+0.360	+0.104	+0.383	+0.104	+0.435	+0.435	+0.434	+0.380	+0.426	+0.104	+0.104	+0.102	+0.104	+0.104	+0.366	+0.105	+0.434	
rs10787621     +0.354	+0.347	+0.343	+0.347	+0.338	+0.342	+0.342	+0.333	+0.356	+0.340	+0.911	+0.841	+0.985	+0.922	+0.890	+0.948	+0.868	+1.136	+1.107	+1.739	+0.431	+0.403	+0.243	+0.203	+0.191	+0.586	+0.353	+0.485	+0.614	+0.684	+0.579	+0.580	+0.582	+0.623	+0.631	+0.626	+0.625	+0.625	+0.627	+0.618	+0.616	+0.633	+0.616	+0.615	+0.589	+0.683	+0.682	+0.682	+0.702	+0.579	+0.581	+0.589	+0.588	+0.563	+0.404	+0.576	+0.301	+0.860	+0.516	+0.502	+0.510	+0.765	+0.872	+0.493	+0.491	+0.511	+0.226	+0.238	+0.266	+0.118	+0.118	+0.364	+0.116	+0.135	+0.133	+0.135	+0.138	+0.138	+0.138	+0.142	+0.140	+0.402	+0.263	+0.139	+0.132	+0.138	+0.144	+0.146	+0.138	+0.254	+0.143	+0.150	+0.150	+0.148	+0.150	+0.878	+1.455	+0.140	+0.144	+0.197	+0.894	+0.127	+0.154	+0.749	+0.161	+0.127	+0.161	+0.161	+0.161	+0.162	+0.127	+0.162	+0.162	+0.724	+0.169	+0.168	+0.136	+0.311	+0.620	+0.129	+0.123	+0.588	+0.270	+0.130	+0.241	+0.163	+0.272	+0.195	+0.640	+0.475	+0.414	+0.364	+0.300	+0.351	+0.350	+0.306	+0.349	+0.359	+0.375	+0.319	+0.361	+0.344	+0.318	+0.366	+0.121	+0.403	+0.403	+0.115	+0.465	+0.391	+0.392	+0.399	+0.437	+0.386	+0.114	+0.113	+0.109	+0.109	+0.108	+0.118	+0.396	+0.120	+0.113	+0.118	+0.112	+0.445	+0.117	+0.442	+0.372	+0.116	+0.394	+0.116	+0.446	+0.446	+0.445	+0.391	+0.437	+0.116	+0.116	+0.114	+0.116	+0.116	+0.377	+0.116	+0.445	
