## Summary of overall evidence for association with region:
## log10(BF for region) = -0.394736
## p-value for region = NA

## BFs for choosing among multi-SNP models:
## log10(average 1-SNP BF) = -0.33661
## log10(average 2-SNP BF) = -0.541294

## Example posterior probabilities for multi-SNP models, based on default prior: [p(l) propto 0.5^l for l=1,2,...,L]
## posterior probability of 1-SNP = 0.76214
## posterior probability of 2-SNP = 0.23786

## log10(BF) for single SNP and pair of SNPs:
rs1220076      -0.652	-0.823	-0.834	-0.893	-0.902	-0.583	-1.019	-1.134	-1.065	-1.096	-0.753	-1.096	-1.095	-1.094	-0.798	-1.091	-0.580	-0.877	-0.880	-0.879	-0.878	-0.773	-0.726	-1.079	-0.872	-1.084	-0.807	-0.807	-1.057	-0.502	-0.594	-0.802	-0.581	-0.570	-0.981	-0.616	-0.816	-0.642	-0.606	-0.630	-1.044	-1.068	-1.023	-0.174	-0.600	-1.023	-1.023	-1.076	-1.062	-0.705	-0.840	-0.797	-0.797	-0.845	-0.834	-0.834	-0.921	-0.891	-0.834	-0.737	-0.733	-0.732	-0.715	-0.903	-0.657	-0.834	-0.818	-0.780	-1.056	-0.804	-0.783	-0.829	-0.822	-1.078	-0.784	-0.717	-1.007	-0.810	-0.810	-1.040	-0.995	-0.997	-1.013	-0.990	-0.940	-0.926	-0.957	-0.892	-0.622	-1.084	-1.074	-1.087	-0.643	-0.911	-0.956	-0.895	-1.061	-0.830	-0.843	-1.100	-0.706	-0.942	-0.997	-0.725	-1.114	-0.681	-1.028	-0.965	-0.949	-1.102	-0.887	-1.048	-0.956	-0.964	-1.126	-1.126	-1.125	-1.125	-1.040	-1.026	-0.832	-0.981	-1.025	-0.432	-1.019	-1.132	-1.006	-0.842	-1.119	-1.024	-1.122	-1.131	-0.954	-1.128	-1.128	-1.130	-0.834	-0.835	-0.816	-0.817	-0.959	-1.015	-1.130	-1.022	-1.006	-0.979	-1.023	-1.073	-1.051	-1.025	-1.072	-1.071	-0.695	-1.008	-1.001	-1.091	-0.275	-0.937	-1.064	-1.055	-1.060	-1.031	-1.068	-0.510	-1.067	-1.102	-0.365	-1.044	-1.045	-1.057	-1.086	-0.360	-1.003	-0.372	-1.081	-1.080	-0.373	-0.373	-0.994	
rs1220046      -0.823	-0.646	-0.797	-0.905	-0.916	-0.582	-1.010	-1.128	-1.059	-1.091	-0.745	-1.090	-1.089	-1.088	-0.790	-1.085	-0.570	-0.871	-0.874	-0.873	-0.872	-0.766	-0.719	-1.073	-0.866	-1.077	-0.799	-0.799	-1.050	-0.492	-0.584	-0.794	-0.571	-0.560	-0.974	-0.606	-0.808	-0.632	-0.596	-0.621	-1.038	-1.062	-1.017	-0.163	-0.591	-1.017	-1.017	-1.070	-1.056	-0.697	-0.833	-0.789	-0.789	-0.837	-0.828	-0.828	-0.913	-0.883	-0.826	-0.729	-0.724	-0.723	-0.707	-0.895	-0.648	-0.826	-0.810	-0.772	-1.050	-0.798	-0.775	-0.821	-0.816	-1.072	-0.776	-0.709	-1.001	-0.802	-0.802	-1.034	-0.989	-0.991	-1.006	-0.984	-0.933	-0.920	-0.951	-0.884	-0.613	-1.078	-1.068	-1.081	-0.634	-0.903	-0.949	-0.887	-1.054	-0.821	-0.835	-1.094	-0.696	-0.934	-0.990	-0.715	-1.108	-0.671	-1.022	-0.957	-0.941	-1.095	-0.881	-1.042	-0.950	-0.957	-1.120	-1.120	-1.119	-1.119	-1.034	-1.020	-0.824	-0.974	-1.019	-0.426	-1.013	-1.126	-1.000	-0.834	-1.113	-1.017	-1.116	-1.126	-0.947	-1.122	-1.123	-1.124	-0.825	-0.828	-0.808	-0.808	-0.952	-1.009	-1.124	-1.016	-1.000	-0.973	-1.018	-1.068	-1.046	-1.020	-1.067	-1.066	-0.691	-1.003	-0.996	-1.085	-0.272	-0.932	-1.059	-1.050	-1.054	-1.024	-1.063	-0.509	-1.061	-1.097	-0.363	-1.039	-1.039	-1.051	-1.080	-0.355	-0.999	-0.366	-1.075	-1.075	-0.367	-0.367	-0.989	
rs1220044      -0.834	-0.797	-0.646	-0.903	-0.913	-0.582	-1.011	-1.128	-1.059	-1.091	-0.745	-1.090	-1.089	-1.088	-0.791	-1.085	-0.570	-0.871	-0.874	-0.873	-0.872	-0.766	-0.719	-1.073	-0.866	-1.077	-0.799	-0.799	-1.050	-0.492	-0.585	-0.794	-0.572	-0.560	-0.974	-0.607	-0.808	-0.633	-0.596	-0.621	-1.038	-1.062	-1.017	-0.163	-0.591	-1.017	-1.017	-1.070	-1.056	-0.698	-0.833	-0.789	-0.789	-0.837	-0.828	-0.828	-0.913	-0.883	-0.826	-0.729	-0.725	-0.724	-0.707	-0.896	-0.648	-0.827	-0.810	-0.772	-1.050	-0.798	-0.775	-0.821	-0.816	-1.072	-0.776	-0.709	-1.001	-0.802	-0.802	-1.034	-0.989	-0.991	-1.006	-0.984	-0.934	-0.920	-0.951	-0.884	-0.613	-1.078	-1.068	-1.082	-0.634	-0.903	-0.949	-0.887	-1.055	-0.822	-0.835	-1.094	-0.697	-0.934	-0.990	-0.716	-1.108	-0.672	-1.022	-0.957	-0.941	-1.095	-0.882	-1.042	-0.950	-0.957	-1.120	-1.120	-1.119	-1.119	-1.034	-1.020	-0.824	-0.974	-1.019	-0.426	-1.013	-1.127	-1.000	-0.834	-1.114	-1.017	-1.116	-1.126	-0.947	-1.122	-1.123	-1.124	-0.826	-0.828	-0.808	-0.808	-0.953	-1.009	-1.124	-1.016	-1.000	-0.973	-1.019	-1.068	-1.046	-1.020	-1.067	-1.066	-0.691	-1.003	-0.996	-1.085	-0.272	-0.932	-1.059	-1.051	-1.054	-1.024	-1.063	-0.509	-1.061	-1.097	-0.363	-1.039	-1.040	-1.051	-1.081	-0.355	-0.999	-0.366	-1.075	-1.075	-0.367	-0.367	-0.989	
rs1220043      -0.893	-0.905	-0.903	-0.640	-0.891	-0.579	-1.004	-1.123	-1.053	-1.086	-0.739	-1.085	-1.084	-1.083	-0.784	-1.080	-0.566	-0.866	-0.869	-0.867	-0.866	-0.761	-0.713	-1.068	-0.861	-1.072	-0.794	-0.793	-1.045	-0.488	-0.580	-0.788	-0.567	-0.555	-0.967	-0.602	-0.802	-0.628	-0.591	-0.616	-1.033	-1.057	-1.012	-0.160	-0.586	-1.012	-1.011	-1.065	-1.051	-0.693	-0.827	-0.784	-0.784	-0.833	-0.822	-0.823	-0.909	-0.879	-0.822	-0.725	-0.720	-0.719	-0.703	-0.891	-0.644	-0.822	-0.806	-0.768	-1.045	-0.793	-0.770	-0.817	-0.811	-1.066	-0.771	-0.704	-0.996	-0.796	-0.796	-1.029	-0.984	-0.986	-1.001	-0.979	-0.929	-0.914	-0.946	-0.878	-0.609	-1.073	-1.062	-1.076	-0.629	-0.896	-0.943	-0.881	-1.049	-0.817	-0.830	-1.089	-0.692	-0.927	-0.984	-0.711	-1.103	-0.667	-1.016	-0.951	-0.935	-1.089	-0.877	-1.037	-0.945	-0.951	-1.115	-1.115	-1.114	-1.114	-1.029	-1.014	-0.819	-0.968	-1.014	-0.422	-1.008	-1.121	-0.995	-0.829	-1.108	-1.011	-1.111	-1.120	-0.941	-1.117	-1.117	-1.119	-0.821	-0.822	-0.803	-0.803	-0.947	-1.003	-1.119	-1.011	-0.995	-0.968	-1.014	-1.063	-1.042	-1.016	-1.062	-1.061	-0.688	-0.998	-0.991	-1.080	-0.270	-0.926	-1.054	-1.046	-1.049	-1.019	-1.058	-0.505	-1.057	-1.092	-0.360	-1.034	-1.035	-1.046	-1.076	-0.351	-0.995	-0.363	-1.070	-1.070	-0.363	-0.364	-0.985	
rs10967109     -0.902	-0.916	-0.913	-0.891	-0.616	-0.561	-0.978	-1.100	-1.031	-1.063	-0.714	-1.062	-1.061	-1.059	-0.759	-1.057	-0.539	-0.842	-0.845	-0.844	-0.843	-0.737	-0.690	-1.044	-0.837	-1.048	-0.770	-0.770	-1.021	-0.461	-0.553	-0.764	-0.540	-0.528	-0.942	-0.575	-0.778	-0.601	-0.565	-0.589	-1.009	-1.033	-0.989	-0.132	-0.561	-0.988	-0.988	-1.041	-1.027	-0.668	-0.804	-0.760	-0.760	-0.808	-0.799	-0.799	-0.884	-0.854	-0.797	-0.699	-0.695	-0.694	-0.677	-0.866	-0.619	-0.797	-0.781	-0.743	-1.022	-0.769	-0.745	-0.792	-0.787	-1.043	-0.746	-0.679	-0.974	-0.773	-0.773	-1.006	-0.962	-0.964	-0.979	-0.957	-0.907	-0.891	-0.924	-0.854	-0.582	-1.050	-1.039	-1.053	-0.603	-0.871	-0.918	-0.856	-1.027	-0.791	-0.804	-1.066	-0.665	-0.903	-0.959	-0.684	-1.080	-0.640	-0.994	-0.926	-0.910	-1.065	-0.854	-1.014	-0.923	-0.926	-1.091	-1.092	-1.091	-1.091	-1.006	-0.992	-0.794	-0.944	-0.992	-0.397	-0.986	-1.098	-0.973	-0.804	-1.085	-0.986	-1.088	-1.097	-0.917	-1.093	-1.094	-1.095	-0.795	-0.798	-0.777	-0.777	-0.923	-0.981	-1.096	-0.989	-0.973	-0.946	-0.992	-1.039	-1.019	-0.993	-1.039	-1.038	-0.666	-0.975	-0.968	-1.058	-0.250	-0.903	-1.031	-1.023	-1.025	-0.995	-1.035	-0.483	-1.033	-1.070	-0.338	-1.011	-1.012	-1.023	-1.052	-0.326	-0.972	-0.337	-1.047	-1.046	-0.338	-0.338	-0.961	
rs1219936      -0.583	-0.582	-0.582	-0.579	-0.561	-0.047	-0.405	-0.574	-0.506	-0.553	-0.175	-0.528	-0.527	-0.526	-0.221	-0.523	+0.023	-0.295	-0.299	-0.297	-0.296	-0.200	-0.152	-0.507	-0.289	-0.512	-0.231	-0.231	-0.481	+0.105	+0.008	-0.222	+0.022	+0.035	-0.420	-0.014	-0.236	-0.041	-0.003	-0.029	-0.471	-0.497	-0.460	+0.397	-0.011	-0.456	-0.456	-0.506	-0.491	-0.115	-0.264	-0.211	-0.211	-0.262	-0.247	-0.247	-0.343	-0.312	-0.252	-0.133	-0.127	-0.126	-0.108	-0.325	-0.043	-0.251	-0.234	-0.194	-0.484	-0.212	-0.196	-0.247	-0.233	-0.518	-0.207	-0.136	-0.436	-0.240	-0.240	-0.471	-0.423	-0.425	-0.442	-0.417	-0.389	-0.374	-0.382	-0.318	-0.023	-0.520	-0.509	-0.524	-0.048	-0.339	-0.387	-0.322	-0.495	-0.245	-0.259	-0.538	-0.110	-0.368	-0.427	-0.130	-0.553	-0.084	-0.457	-0.392	-0.376	-0.543	-0.297	-0.482	-0.407	-0.393	-0.566	-0.566	-0.565	-0.565	-0.478	-0.458	-0.246	-0.412	-0.458	+0.145	-0.451	-0.574	-0.437	-0.257	-0.559	-0.455	-0.562	-0.573	-0.381	-0.570	-0.571	-0.572	-0.247	-0.258	-0.228	-0.228	-0.386	-0.446	-0.572	-0.454	-0.436	-0.408	-0.478	-0.529	-0.508	-0.480	-0.529	-0.528	-0.167	-0.475	-0.469	-0.558	+0.180	-0.380	-0.522	-0.511	-0.519	-0.452	-0.526	-0.005	-0.524	-0.555	+0.145	-0.501	-0.501	-0.517	-0.540	+0.199	-0.477	+0.188	-0.536	-0.535	+0.187	+0.187	-0.464	
rs486456       -1.019	-1.010	-1.011	-1.004	-0.978	-0.405	-0.523	-0.944	-0.933	-0.963	-0.555	-0.861	-0.858	-0.855	-0.611	-0.851	-0.515	-0.765	-0.768	-0.767	-0.766	-0.607	-0.552	-0.851	-0.762	-0.858	-0.655	-0.655	-0.813	-0.440	-0.530	-0.631	-0.518	-0.506	-0.893	-0.551	-0.647	-0.575	-0.540	-0.564	-0.773	-0.811	-0.866	-0.127	-0.532	-0.887	-0.887	-0.825	-0.800	-0.632	-0.690	-0.718	-0.718	-0.763	-0.729	-0.729	-0.832	-0.804	-0.752	-0.671	-0.667	-0.666	-0.651	-0.816	-0.596	-0.753	-0.738	-0.702	-0.794	-0.702	-0.705	-0.747	-0.718	-0.921	-0.707	-0.644	-0.904	-0.655	-0.655	-0.927	-0.895	-0.896	-0.908	-0.891	-0.850	-0.787	-0.864	-0.745	-0.557	-0.952	-0.907	-0.953	-0.577	-0.766	-0.812	-0.749	-0.941	-0.752	-0.764	-0.837	-0.637	-0.802	-0.852	-0.655	-0.874	-0.612	-0.920	-0.824	-0.812	-0.985	-0.790	-0.933	-0.863	-0.826	-0.902	-0.904	-0.901	-0.901	-0.907	-0.918	-0.749	-0.845	-0.918	-0.349	-0.913	-0.950	-0.903	-0.759	-0.890	-0.872	-0.896	-0.942	-0.822	-0.942	-0.965	-0.961	-0.753	-0.712	-0.737	-0.737	-0.863	-0.909	-0.948	-0.914	-0.903	-0.882	-0.728	-0.869	-0.788	-0.734	-0.868	-0.866	-0.378	-0.771	-0.761	-0.906	+0.125	-0.791	-0.856	-0.795	-0.858	-0.932	-0.861	-0.147	-0.859	-0.873	+0.067	-0.777	-0.777	-0.853	-0.890	-0.279	-0.764	-0.290	-0.893	-0.891	-0.291	-0.291	-0.739	
rs34364575     -1.134	-1.128	-1.128	-1.123	-1.100	-0.574	-0.944	-0.643	-0.934	-0.744	-0.568	-0.780	-0.776	-0.772	-0.632	-0.763	-0.519	-0.865	-0.868	-0.867	-0.866	-0.615	-0.548	-0.789	-0.860	-0.802	-0.669	-0.669	-0.722	-0.436	-0.533	-0.654	-0.519	-0.506	-0.972	-0.556	-0.670	-0.584	-0.545	-0.572	-0.643	-0.711	-1.007	-0.058	-0.547	-1.001	-1.001	-0.758	-0.714	-0.665	-0.687	-0.760	-0.760	-0.811	-0.821	-0.822	-0.890	-0.860	-0.800	-0.672	-0.665	-0.664	-0.645	-0.872	-0.582	-0.800	-0.782	-0.744	-0.714	-0.791	-0.745	-0.795	-0.810	-0.976	-0.749	-0.679	-0.906	-0.650	-0.650	-0.950	-0.889	-0.891	-0.912	-0.882	-0.793	-0.917	-0.840	-0.770	-0.575	-1.010	-0.991	-1.014	-0.600	-0.795	-0.853	-0.775	-0.978	-0.796	-0.810	-0.955	-0.667	-0.843	-0.914	-0.687	-0.986	-0.643	-0.940	-0.874	-0.853	-1.093	-0.876	-0.964	-0.823	-0.876	-1.009	-1.010	-1.008	-1.008	-0.952	-0.937	-0.799	-0.896	-0.937	-0.413	-0.930	-1.029	-0.913	-0.812	-1.002	-0.949	-1.006	-1.029	-0.875	-1.033	-1.027	-1.029	-0.805	-0.733	-0.787	-0.787	-0.939	-0.925	-1.027	-0.935	-0.915	-0.879	-1.001	-1.035	-1.034	-1.003	-1.035	-1.034	-0.602	-0.966	-0.958	-1.060	-0.181	-0.908	-1.026	-1.038	-1.027	-1.002	-1.030	-0.446	-1.029	-1.087	-0.263	-1.027	-1.027	-1.024	-1.049	-0.335	-0.960	-0.347	-1.049	-1.048	-0.348	-0.348	-0.954	
rs72712605     -1.065	-1.059	-1.059	-1.053	-1.031	-0.506	-0.933	-0.934	-0.569	-0.953	-0.662	-0.800	-0.797	-0.793	-0.709	-0.786	-0.384	-0.788	-0.792	-0.791	-0.789	-0.685	-0.636	-0.776	-0.783	-0.785	-0.723	-0.723	-0.721	-0.296	-0.402	-0.717	-0.387	-0.373	-0.816	-0.427	-0.731	-0.457	-0.416	-0.444	-0.676	-0.730	-0.944	+0.104	-0.414	-0.939	-0.939	-0.769	-0.736	-0.545	-0.754	-0.648	-0.648	-0.702	-0.742	-0.743	-0.788	-0.753	-0.689	-0.548	-0.544	-0.543	-0.523	-0.768	-0.458	-0.690	-0.672	-0.629	-0.735	-0.711	-0.633	-0.684	-0.730	-0.712	-0.636	-0.560	-0.806	-0.723	-0.723	-0.848	-0.788	-0.790	-0.812	-0.781	-0.657	-0.849	-0.733	-0.810	-0.454	-0.903	-0.986	-0.905	-0.478	-0.829	-0.875	-0.813	-0.881	-0.688	-0.702	-0.888	-0.551	-0.862	-0.918	-0.571	-0.927	-0.522	-0.858	-0.886	-0.869	-0.985	-0.786	-0.882	-0.734	-0.885	-0.954	-0.955	-0.953	-0.953	-0.828	-0.855	-0.688	-0.902	-0.855	-0.321	-0.848	-0.982	-0.833	-0.703	-0.944	-0.943	-0.950	-0.978	-0.874	-0.979	-0.989	-0.988	-0.696	-0.754	-0.676	-0.676	-0.842	-0.844	-0.980	-0.854	-0.835	-0.800	-0.908	-0.915	-0.949	-0.911	-0.914	-0.913	-0.485	-0.823	-0.814	-0.955	-0.069	-0.819	-0.903	-0.954	-0.912	-0.949	-0.909	-0.282	-0.907	-0.996	-0.129	-0.941	-0.942	-0.908	-0.935	-0.239	-0.826	-0.251	-0.943	-0.941	-0.252	-0.252	-0.808	
rs676484       -1.096	-1.091	-1.091	-1.086	-1.063	-0.553	-0.963	-0.744	-0.953	-0.603	-0.679	-0.595	-0.589	-0.583	-0.733	-0.571	-0.329	-0.836	-0.839	-0.838	-0.837	-0.712	-0.657	-0.600	-0.832	-0.616	-0.754	-0.753	-0.510	-0.236	-0.342	-0.745	-0.326	-0.311	-0.917	-0.370	-0.759	-0.401	-0.358	-0.388	-0.407	-0.493	-0.916	+0.012	-0.372	-0.922	-0.922	-0.555	-0.494	-0.513	-0.778	-0.620	-0.620	-0.680	-0.796	-0.796	-0.773	-0.739	-0.669	-0.594	-0.587	-0.586	-0.567	-0.751	-0.504	-0.668	-0.646	-0.604	-0.494	-0.767	-0.603	-0.663	-0.785	-0.941	-0.611	-0.530	-0.925	-0.747	-0.747	-0.952	-0.913	-0.915	-0.929	-0.908	-0.836	-0.881	-0.876	-0.839	-0.407	-0.982	-1.001	-0.983	-0.441	-0.859	-0.904	-0.843	-0.970	-0.661	-0.677	-0.634	-0.517	-0.894	-0.947	-0.540	-0.730	-0.494	-0.948	-0.917	-0.901	-1.048	-0.813	-0.962	-0.860	-0.917	-0.808	-0.811	-0.805	-0.806	-0.945	-0.946	-0.670	-0.932	-0.945	-0.319	-0.940	-0.913	-0.929	-0.689	-0.790	-0.971	-0.806	-0.903	-0.912	-0.912	-0.944	-0.937	-0.684	-0.795	-0.662	-0.662	-0.848	-0.936	-0.914	-0.943	-0.929	-0.904	-0.925	-0.958	-0.968	-0.928	-0.957	-0.955	-0.451	-0.870	-0.861	-0.990	-0.033	-0.851	-0.946	-0.974	-0.950	-0.999	-0.951	-0.308	-0.949	-1.030	-0.098	-0.961	-0.961	-0.946	-0.978	-0.240	-0.861	-0.252	-0.981	-0.980	-0.253	-0.253	-0.859	
rs552317       -0.753	-0.745	-0.745	-0.739	-0.714	-0.175	-0.555	-0.568	-0.662	-0.679	-0.244	-0.436	-0.432	-0.428	-0.399	-0.420	-0.386	-0.509	-0.511	-0.510	-0.510	-0.453	-0.420	-0.444	-0.507	-0.454	-0.491	-0.491	-0.389	-0.322	-0.396	-0.467	-0.386	-0.376	-0.683	-0.414	-0.469	-0.434	-0.405	-0.425	-0.307	-0.361	-0.537	-0.055	-0.398	-0.588	-0.588	-0.389	-0.353	-0.482	-0.498	-0.549	-0.549	-0.584	-0.479	-0.480	-0.633	-0.615	-0.577	-0.527	-0.523	-0.522	-0.510	-0.622	-0.466	-0.577	-0.565	-0.538	-0.345	-0.456	-0.539	-0.573	-0.470	-0.625	-0.542	-0.493	-0.680	-0.491	-0.491	-0.687	-0.675	-0.676	-0.681	-0.674	-0.644	-0.466	-0.659	-0.482	-0.419	-0.682	-0.318	-0.680	-0.436	-0.493	-0.465	-0.494	-0.688	-0.574	-0.583	-0.373	-0.485	-0.516	-0.483	-0.498	-0.437	-0.463	-0.684	-0.514	-0.534	-0.698	-0.565	-0.686	-0.651	-0.504	-0.486	-0.489	-0.483	-0.484	-0.634	-0.682	-0.569	-0.494	-0.682	-0.125	-0.679	-0.588	-0.675	-0.575	-0.468	-0.454	-0.478	-0.572	-0.547	-0.560	-0.631	-0.621	-0.570	-0.545	-0.558	-0.558	-0.644	-0.677	-0.588	-0.678	-0.674	-0.664	-0.442	-0.610	-0.505	-0.447	-0.608	-0.607	-0.135	-0.508	-0.498	-0.630	+0.450	-0.503	-0.597	-0.512	-0.601	-0.704	-0.602	+0.126	-0.600	-0.594	+0.340	-0.493	-0.493	-0.596	-0.626	-0.039	-0.500	-0.050	-0.631	-0.629	-0.051	-0.051	-0.462	
rs12552503     -1.096	-1.090	-1.090	-1.085	-1.062	-0.528	-0.861	-0.780	-0.800	-0.595	-0.436	-0.603	-0.735	-0.738	-0.496	-0.735	-0.530	-0.835	-0.838	-0.837	-0.836	-0.480	-0.417	-0.801	-0.831	-0.808	-0.544	-0.544	-0.761	-0.448	-0.546	-0.524	-0.533	-0.520	-0.942	-0.569	-0.542	-0.596	-0.558	-0.584	-0.687	-0.735	-0.976	-0.083	-0.554	-0.961	-0.961	-0.771	-0.745	-0.666	-0.567	-0.759	-0.759	-0.807	-0.795	-0.795	-0.881	-0.852	-0.796	-0.683	-0.680	-0.679	-0.661	-0.864	-0.601	-0.797	-0.780	-0.742	-0.749	-0.767	-0.745	-0.791	-0.784	-0.897	-0.747	-0.679	-0.770	-0.527	-0.527	-0.827	-0.747	-0.750	-0.778	-0.738	-0.610	-0.867	-0.685	-0.662	-0.583	-0.913	-0.912	-0.920	-0.604	-0.690	-0.755	-0.668	-0.867	-0.793	-0.806	-0.942	-0.670	-0.742	-0.822	-0.689	-0.959	-0.644	-0.819	-0.777	-0.753	-1.058	-0.851	-0.850	-0.656	-0.780	-0.966	-0.966	-0.966	-0.966	-0.860	-0.816	-0.794	-0.808	-0.815	-0.403	-0.806	-0.952	-0.785	-0.805	-0.964	-0.865	-0.965	-0.959	-0.784	-0.972	-0.934	-0.943	-0.799	-0.634	-0.781	-0.781	-0.920	-0.801	-0.948	-0.815	-0.788	-0.741	-0.986	-1.019	-1.014	-0.988	-1.019	-1.018	-0.642	-0.963	-0.956	-1.046	-0.238	-0.877	-1.013	-1.018	-1.011	-0.936	-1.016	-0.476	-1.015	-1.060	-0.313	-1.007	-1.007	-1.008	-1.029	-0.335	-0.958	-0.346	-1.028	-1.027	-0.347	-0.347	-0.951	
rs12552776     -1.095	-1.089	-1.089	-1.084	-1.061	-0.527	-0.858	-0.776	-0.797	-0.589	-0.432	-0.735	-0.602	-0.738	-0.492	-0.735	-0.530	-0.834	-0.837	-0.836	-0.835	-0.477	-0.413	-0.801	-0.830	-0.808	-0.540	-0.540	-0.763	-0.449	-0.547	-0.521	-0.533	-0.521	-0.942	-0.570	-0.538	-0.596	-0.559	-0.584	-0.690	-0.737	-0.975	-0.084	-0.555	-0.960	-0.960	-0.772	-0.746	-0.667	-0.563	-0.759	-0.759	-0.807	-0.794	-0.795	-0.881	-0.851	-0.795	-0.684	-0.680	-0.679	-0.661	-0.864	-0.601	-0.797	-0.780	-0.742	-0.750	-0.766	-0.745	-0.791	-0.783	-0.894	-0.747	-0.679	-0.767	-0.523	-0.523	-0.825	-0.744	-0.747	-0.775	-0.735	-0.606	-0.866	-0.682	-0.659	-0.583	-0.911	-0.910	-0.918	-0.605	-0.687	-0.753	-0.665	-0.865	-0.793	-0.806	-0.942	-0.670	-0.740	-0.820	-0.689	-0.958	-0.644	-0.817	-0.774	-0.751	-1.057	-0.850	-0.847	-0.652	-0.778	-0.964	-0.964	-0.964	-0.964	-0.858	-0.813	-0.794	-0.806	-0.812	-0.402	-0.803	-0.950	-0.782	-0.805	-0.963	-0.863	-0.964	-0.957	-0.781	-0.970	-0.932	-0.941	-0.798	-0.631	-0.781	-0.781	-0.919	-0.798	-0.946	-0.812	-0.785	-0.738	-0.985	-1.018	-1.013	-0.987	-1.018	-1.017	-0.643	-0.962	-0.956	-1.045	-0.239	-0.876	-1.012	-1.017	-1.010	-0.934	-1.015	-0.476	-1.014	-1.059	-0.313	-1.006	-1.007	-1.008	-1.029	-0.334	-0.957	-0.346	-1.027	-1.026	-0.347	-0.347	-0.951	
rs34248401     -1.094	-1.088	-1.088	-1.083	-1.059	-0.526	-0.855	-0.772	-0.793	-0.583	-0.428	-0.738	-0.738	-0.600	-0.487	-0.732	-0.531	-0.833	-0.836	-0.835	-0.834	-0.472	-0.409	-0.802	-0.829	-0.808	-0.537	-0.536	-0.765	-0.450	-0.547	-0.517	-0.534	-0.521	-0.940	-0.570	-0.533	-0.597	-0.559	-0.585	-0.691	-0.737	-0.974	-0.086	-0.555	-0.959	-0.959	-0.771	-0.747	-0.667	-0.559	-0.759	-0.759	-0.807	-0.793	-0.793	-0.881	-0.851	-0.795	-0.684	-0.681	-0.680	-0.662	-0.864	-0.602	-0.796	-0.780	-0.742	-0.751	-0.765	-0.745	-0.791	-0.782	-0.891	-0.747	-0.680	-0.761	-0.518	-0.518	-0.820	-0.739	-0.741	-0.769	-0.729	-0.599	-0.864	-0.676	-0.654	-0.584	-0.907	-0.907	-0.914	-0.605	-0.683	-0.749	-0.660	-0.860	-0.793	-0.806	-0.940	-0.670	-0.736	-0.816	-0.689	-0.956	-0.645	-0.812	-0.771	-0.747	-1.056	-0.849	-0.843	-0.646	-0.774	-0.962	-0.962	-0.962	-0.962	-0.854	-0.808	-0.794	-0.802	-0.808	-0.401	-0.799	-0.946	-0.777	-0.805	-0.961	-0.859	-0.962	-0.954	-0.778	-0.967	-0.928	-0.937	-0.798	-0.628	-0.781	-0.781	-0.919	-0.793	-0.943	-0.808	-0.780	-0.733	-0.985	-1.018	-1.012	-0.987	-1.017	-1.016	-0.644	-0.962	-0.955	-1.044	-0.240	-0.875	-1.011	-1.016	-1.009	-0.932	-1.014	-0.477	-1.013	-1.058	-0.315	-1.005	-1.006	-1.007	-1.028	-0.334	-0.957	-0.345	-1.026	-1.025	-0.346	-0.346	-0.951	
rs1683416      -0.798	-0.790	-0.791	-0.784	-0.759	-0.221	-0.611	-0.632	-0.709	-0.733	-0.399	-0.496	-0.492	-0.487	-0.292	-0.479	-0.415	-0.553	-0.555	-0.554	-0.554	-0.468	-0.439	-0.501	-0.550	-0.510	-0.517	-0.517	-0.447	-0.349	-0.428	-0.489	-0.418	-0.408	-0.723	-0.446	-0.494	-0.467	-0.437	-0.458	-0.368	-0.421	-0.588	-0.074	-0.427	-0.637	-0.637	-0.448	-0.412	-0.514	-0.538	-0.586	-0.585	-0.621	-0.522	-0.522	-0.672	-0.652	-0.612	-0.557	-0.555	-0.554	-0.542	-0.661	-0.496	-0.614	-0.601	-0.572	-0.404	-0.498	-0.575	-0.608	-0.512	-0.674	-0.575	-0.524	-0.722	-0.524	-0.524	-0.731	-0.717	-0.718	-0.724	-0.715	-0.684	-0.516	-0.699	-0.541	-0.451	-0.729	-0.434	-0.727	-0.466	-0.554	-0.542	-0.551	-0.733	-0.611	-0.620	-0.440	-0.518	-0.568	-0.546	-0.532	-0.501	-0.494	-0.727	-0.569	-0.585	-0.746	-0.607	-0.730	-0.691	-0.560	-0.549	-0.551	-0.546	-0.547	-0.680	-0.725	-0.604	-0.565	-0.725	-0.165	-0.722	-0.644	-0.717	-0.611	-0.531	-0.523	-0.541	-0.630	-0.596	-0.625	-0.685	-0.675	-0.605	-0.582	-0.593	-0.593	-0.684	-0.719	-0.645	-0.721	-0.716	-0.705	-0.498	-0.658	-0.559	-0.503	-0.657	-0.656	-0.188	-0.558	-0.548	-0.682	+0.391	-0.551	-0.645	-0.566	-0.649	-0.745	-0.651	+0.070	-0.649	-0.646	+0.281	-0.548	-0.548	-0.645	-0.675	-0.080	-0.551	-0.090	-0.679	-0.677	-0.091	-0.091	-0.514	
rs35037880     -1.091	-1.085	-1.085	-1.080	-1.057	-0.523	-0.851	-0.763	-0.786	-0.571	-0.420	-0.735	-0.735	-0.732	-0.479	-0.598	-0.532	-0.831	-0.834	-0.832	-0.831	-0.464	-0.401	-0.802	-0.827	-0.807	-0.529	-0.529	-0.767	-0.451	-0.548	-0.510	-0.535	-0.523	-0.938	-0.571	-0.526	-0.598	-0.560	-0.586	-0.695	-0.737	-0.972	-0.089	-0.556	-0.956	-0.956	-0.771	-0.748	-0.667	-0.551	-0.759	-0.759	-0.806	-0.791	-0.791	-0.880	-0.851	-0.795	-0.685	-0.682	-0.681	-0.663	-0.863	-0.603	-0.796	-0.780	-0.742	-0.753	-0.763	-0.745	-0.791	-0.780	-0.886	-0.747	-0.680	-0.754	-0.510	-0.510	-0.814	-0.732	-0.734	-0.763	-0.722	-0.590	-0.861	-0.668	-0.648	-0.584	-0.902	-0.901	-0.909	-0.606	-0.676	-0.743	-0.654	-0.855	-0.793	-0.806	-0.939	-0.670	-0.730	-0.811	-0.689	-0.954	-0.645	-0.806	-0.765	-0.741	-1.053	-0.848	-0.837	-0.638	-0.768	-0.959	-0.959	-0.959	-0.959	-0.848	-0.802	-0.794	-0.797	-0.802	-0.400	-0.793	-0.942	-0.771	-0.804	-0.958	-0.854	-0.959	-0.949	-0.772	-0.964	-0.923	-0.932	-0.798	-0.621	-0.780	-0.780	-0.918	-0.787	-0.939	-0.802	-0.774	-0.727	-0.983	-1.016	-1.010	-0.985	-1.015	-1.015	-0.645	-0.961	-0.954	-1.042	-0.241	-0.873	-1.009	-1.014	-1.008	-0.928	-1.013	-0.477	-1.011	-1.056	-0.316	-1.003	-1.004	-1.005	-1.026	-0.333	-0.956	-0.344	-1.024	-1.023	-0.345	-0.345	-0.949	
rs10738738     -0.580	-0.570	-0.570	-0.566	-0.539	+0.023	-0.515	-0.519	-0.384	-0.329	-0.386	-0.530	-0.530	-0.531	-0.415	-0.532	-0.059	-0.254	-0.259	-0.257	-0.256	-0.390	-0.359	-0.532	-0.246	-0.531	-0.423	-0.423	-0.535	-0.105	-0.204	-0.428	-0.196	-0.189	-0.423	-0.213	-0.436	-0.221	-0.210	-0.219	-0.532	-0.535	-0.472	+0.058	-0.237	-0.437	-0.437	-0.535	-0.536	-0.292	-0.446	-0.286	-0.286	-0.259	-0.197	-0.197	-0.175	-0.205	-0.253	-0.395	-0.396	-0.395	-0.388	-0.209	-0.360	-0.274	-0.280	-0.284	-0.534	-0.156	-0.295	-0.269	-0.181	-0.454	-0.297	-0.293	-0.177	-0.427	-0.427	-0.241	-0.152	-0.156	-0.186	-0.142	-0.093	-0.101	-0.083	-0.480	-0.270	-0.354	-0.553	-0.362	-0.284	-0.490	-0.512	-0.482	-0.301	-0.289	-0.282	-0.538	-0.312	-0.504	-0.528	-0.319	-0.529	-0.309	-0.251	-0.513	-0.505	-0.313	-0.388	-0.282	-0.136	-0.512	-0.522	-0.521	-0.523	-0.523	-0.398	-0.242	-0.332	-0.516	-0.241	-0.058	-0.230	-0.474	-0.208	-0.335	-0.525	-0.532	-0.522	-0.484	-0.506	-0.504	-0.436	-0.446	-0.334	-0.438	-0.338	-0.337	-0.274	-0.226	-0.470	-0.242	-0.210	-0.161	-0.421	-0.542	-0.446	-0.423	-0.541	-0.541	-0.257	-0.501	-0.496	-0.548	+0.277	-0.381	-0.538	-0.448	-0.531	-0.477	-0.540	-0.015	-0.539	-0.502	+0.101	-0.433	-0.434	-0.529	-0.547	+0.003	-0.496	-0.006	-0.541	-0.541	-0.007	-0.007	-0.480	
rs564225       -0.877	-0.871	-0.871	-0.866	-0.842	-0.295	-0.765	-0.865	-0.788	-0.836	-0.509	-0.835	-0.834	-0.833	-0.553	-0.831	-0.254	-0.359	-0.471	-0.470	-0.469	-0.528	-0.481	-0.820	-0.463	-0.824	-0.560	-0.560	-0.800	-0.171	-0.270	-0.557	-0.256	-0.244	-0.677	-0.294	-0.571	-0.322	-0.282	-0.309	-0.787	-0.809	-0.658	+0.065	-0.277	-0.732	-0.732	-0.816	-0.804	-0.388	-0.594	-0.487	-0.487	-0.541	-0.446	-0.446	-0.623	-0.590	-0.527	-0.497	-0.493	-0.492	-0.475	-0.604	-0.417	-0.530	-0.511	-0.469	-0.798	-0.384	-0.472	-0.521	-0.425	-0.808	-0.474	-0.402	-0.751	-0.565	-0.565	-0.780	-0.741	-0.742	-0.756	-0.736	-0.689	-0.660	-0.706	-0.644	-0.301	-0.815	-0.817	-0.817	-0.323	-0.662	-0.705	-0.647	-0.798	-0.524	-0.539	-0.796	-0.392	-0.692	-0.745	-0.413	-0.815	-0.365	-0.770	-0.714	-0.698	-0.819	-0.602	-0.787	-0.704	-0.713	-0.834	-0.835	-0.833	-0.833	-0.766	-0.768	-0.526	-0.728	-0.768	-0.127	-0.762	-0.851	-0.750	-0.538	-0.826	-0.770	-0.829	-0.848	-0.703	-0.845	-0.853	-0.852	-0.531	-0.587	-0.512	-0.512	-0.669	-0.758	-0.849	-0.764	-0.750	-0.726	-0.758	-0.808	-0.786	-0.760	-0.807	-0.806	-0.438	-0.741	-0.734	-0.828	-0.015	-0.670	-0.799	-0.790	-0.794	-0.761	-0.803	-0.241	-0.802	-0.836	-0.097	-0.778	-0.779	-0.792	-0.821	-0.075	-0.739	-0.087	-0.815	-0.815	-0.087	-0.088	-0.725	
rs844356       -0.880	-0.874	-0.874	-0.869	-0.845	-0.299	-0.768	-0.868	-0.792	-0.839	-0.511	-0.838	-0.837	-0.836	-0.555	-0.834	-0.259	-0.471	-0.363	-0.467	-0.466	-0.530	-0.483	-0.823	-0.464	-0.827	-0.562	-0.562	-0.802	-0.176	-0.276	-0.559	-0.262	-0.249	-0.682	-0.299	-0.573	-0.327	-0.288	-0.315	-0.790	-0.812	-0.665	+0.064	-0.282	-0.737	-0.737	-0.819	-0.807	-0.393	-0.596	-0.492	-0.492	-0.546	-0.446	-0.446	-0.627	-0.594	-0.532	-0.498	-0.493	-0.492	-0.476	-0.608	-0.418	-0.535	-0.516	-0.474	-0.801	-0.383	-0.477	-0.526	-0.424	-0.811	-0.479	-0.407	-0.753	-0.567	-0.567	-0.782	-0.743	-0.744	-0.758	-0.738	-0.691	-0.663	-0.707	-0.646	-0.306	-0.818	-0.819	-0.820	-0.328	-0.664	-0.708	-0.649	-0.800	-0.529	-0.544	-0.801	-0.397	-0.694	-0.747	-0.418	-0.819	-0.371	-0.772	-0.716	-0.700	-0.823	-0.606	-0.790	-0.706	-0.715	-0.838	-0.839	-0.837	-0.838	-0.769	-0.770	-0.531	-0.730	-0.770	-0.132	-0.764	-0.855	-0.752	-0.543	-0.830	-0.772	-0.834	-0.852	-0.706	-0.849	-0.856	-0.855	-0.536	-0.589	-0.517	-0.517	-0.673	-0.760	-0.853	-0.767	-0.752	-0.728	-0.761	-0.811	-0.789	-0.763	-0.810	-0.809	-0.441	-0.744	-0.737	-0.831	-0.017	-0.673	-0.803	-0.794	-0.798	-0.764	-0.806	-0.244	-0.805	-0.840	-0.100	-0.782	-0.783	-0.795	-0.824	-0.077	-0.742	-0.089	-0.819	-0.818	-0.090	-0.090	-0.728	
rs836082       -0.879	-0.873	-0.873	-0.867	-0.844	-0.297	-0.767	-0.867	-0.791	-0.838	-0.510	-0.837	-0.836	-0.835	-0.554	-0.832	-0.257	-0.470	-0.467	-0.362	-0.465	-0.529	-0.482	-0.822	-0.463	-0.826	-0.561	-0.561	-0.801	-0.174	-0.274	-0.558	-0.260	-0.247	-0.680	-0.297	-0.572	-0.325	-0.286	-0.313	-0.789	-0.811	-0.663	+0.064	-0.280	-0.735	-0.735	-0.818	-0.806	-0.391	-0.595	-0.490	-0.490	-0.544	-0.446	-0.446	-0.626	-0.593	-0.530	-0.497	-0.493	-0.492	-0.475	-0.607	-0.417	-0.533	-0.514	-0.472	-0.800	-0.384	-0.476	-0.524	-0.424	-0.810	-0.477	-0.405	-0.752	-0.566	-0.566	-0.781	-0.742	-0.743	-0.757	-0.737	-0.690	-0.661	-0.706	-0.645	-0.304	-0.817	-0.818	-0.819	-0.326	-0.663	-0.707	-0.648	-0.799	-0.527	-0.542	-0.799	-0.395	-0.693	-0.746	-0.416	-0.818	-0.369	-0.771	-0.715	-0.699	-0.821	-0.605	-0.789	-0.705	-0.714	-0.837	-0.837	-0.836	-0.836	-0.768	-0.769	-0.529	-0.729	-0.769	-0.130	-0.763	-0.854	-0.752	-0.541	-0.829	-0.771	-0.832	-0.850	-0.705	-0.848	-0.855	-0.854	-0.534	-0.588	-0.515	-0.515	-0.672	-0.759	-0.852	-0.766	-0.751	-0.727	-0.760	-0.810	-0.788	-0.762	-0.809	-0.808	-0.440	-0.743	-0.736	-0.830	-0.016	-0.672	-0.801	-0.792	-0.796	-0.763	-0.805	-0.243	-0.804	-0.838	-0.099	-0.781	-0.781	-0.794	-0.822	-0.076	-0.741	-0.088	-0.817	-0.817	-0.089	-0.089	-0.727	
rs528466       -0.878	-0.872	-0.872	-0.866	-0.843	-0.296	-0.766	-0.866	-0.789	-0.837	-0.510	-0.836	-0.835	-0.834	-0.554	-0.831	-0.256	-0.469	-0.466	-0.465	-0.360	-0.528	-0.482	-0.821	-0.463	-0.825	-0.561	-0.561	-0.800	-0.172	-0.272	-0.558	-0.258	-0.245	-0.678	-0.295	-0.571	-0.324	-0.284	-0.311	-0.788	-0.810	-0.661	+0.065	-0.278	-0.734	-0.734	-0.817	-0.805	-0.390	-0.594	-0.489	-0.489	-0.543	-0.447	-0.447	-0.624	-0.591	-0.529	-0.497	-0.492	-0.491	-0.475	-0.605	-0.417	-0.532	-0.512	-0.471	-0.799	-0.386	-0.474	-0.523	-0.425	-0.809	-0.475	-0.403	-0.752	-0.565	-0.565	-0.780	-0.741	-0.743	-0.757	-0.736	-0.689	-0.660	-0.706	-0.645	-0.303	-0.816	-0.817	-0.818	-0.325	-0.662	-0.706	-0.647	-0.798	-0.526	-0.540	-0.797	-0.394	-0.692	-0.745	-0.414	-0.816	-0.367	-0.771	-0.714	-0.699	-0.820	-0.603	-0.788	-0.704	-0.713	-0.835	-0.836	-0.834	-0.835	-0.767	-0.769	-0.528	-0.728	-0.768	-0.129	-0.763	-0.852	-0.751	-0.540	-0.827	-0.770	-0.831	-0.849	-0.704	-0.846	-0.854	-0.853	-0.533	-0.587	-0.514	-0.514	-0.670	-0.758	-0.850	-0.765	-0.751	-0.726	-0.759	-0.809	-0.787	-0.761	-0.808	-0.807	-0.439	-0.742	-0.735	-0.829	-0.015	-0.670	-0.800	-0.791	-0.795	-0.762	-0.804	-0.242	-0.802	-0.837	-0.098	-0.779	-0.780	-0.792	-0.821	-0.075	-0.739	-0.086	-0.816	-0.816	-0.087	-0.087	-0.726	
rs502795       -0.773	-0.766	-0.766	-0.761	-0.737	-0.200	-0.607	-0.615	-0.685	-0.712	-0.453	-0.480	-0.477	-0.472	-0.468	-0.464	-0.390	-0.528	-0.530	-0.529	-0.528	-0.264	-0.364	-0.421	-0.525	-0.432	-0.462	-0.462	-0.361	-0.324	-0.404	-0.505	-0.393	-0.383	-0.700	-0.422	-0.509	-0.443	-0.413	-0.433	-0.353	-0.406	-0.564	-0.053	-0.402	-0.612	-0.612	-0.432	-0.397	-0.489	-0.543	-0.561	-0.561	-0.596	-0.496	-0.496	-0.648	-0.627	-0.587	-0.533	-0.532	-0.531	-0.518	-0.636	-0.473	-0.589	-0.577	-0.547	-0.389	-0.473	-0.550	-0.582	-0.487	-0.651	-0.550	-0.499	-0.699	-0.531	-0.531	-0.708	-0.693	-0.694	-0.700	-0.691	-0.660	-0.492	-0.675	-0.551	-0.426	-0.706	-0.467	-0.704	-0.441	-0.561	-0.555	-0.558	-0.710	-0.586	-0.595	-0.429	-0.494	-0.572	-0.557	-0.507	-0.488	-0.469	-0.704	-0.574	-0.586	-0.724	-0.581	-0.707	-0.667	-0.567	-0.534	-0.536	-0.531	-0.532	-0.656	-0.702	-0.578	-0.571	-0.701	-0.138	-0.699	-0.627	-0.694	-0.585	-0.517	-0.537	-0.526	-0.613	-0.594	-0.593	-0.654	-0.645	-0.580	-0.567	-0.567	-0.567	-0.659	-0.696	-0.627	-0.697	-0.692	-0.681	-0.492	-0.638	-0.551	-0.497	-0.637	-0.636	-0.184	-0.540	-0.530	-0.665	+0.369	-0.526	-0.626	-0.557	-0.629	-0.719	-0.631	+0.069	-0.629	-0.633	+0.272	-0.539	-0.539	-0.625	-0.654	-0.051	-0.534	-0.062	-0.658	-0.656	-0.063	-0.063	-0.497	
rs473107       -0.726	-0.719	-0.719	-0.713	-0.690	-0.152	-0.552	-0.548	-0.636	-0.657	-0.420	-0.417	-0.413	-0.409	-0.439	-0.401	-0.359	-0.481	-0.483	-0.482	-0.482	-0.364	-0.214	-0.356	-0.479	-0.368	-0.427	-0.427	-0.294	-0.295	-0.369	-0.474	-0.359	-0.349	-0.658	-0.387	-0.476	-0.407	-0.378	-0.398	-0.287	-0.341	-0.509	-0.031	-0.371	-0.560	-0.560	-0.369	-0.332	-0.455	-0.499	-0.522	-0.522	-0.557	-0.451	-0.451	-0.606	-0.588	-0.549	-0.500	-0.497	-0.496	-0.484	-0.595	-0.440	-0.549	-0.537	-0.511	-0.324	-0.428	-0.512	-0.545	-0.442	-0.600	-0.514	-0.465	-0.654	-0.493	-0.493	-0.662	-0.650	-0.650	-0.655	-0.648	-0.618	-0.440	-0.633	-0.496	-0.391	-0.657	-0.366	-0.655	-0.408	-0.504	-0.487	-0.504	-0.662	-0.546	-0.555	-0.360	-0.457	-0.521	-0.497	-0.470	-0.422	-0.436	-0.658	-0.519	-0.535	-0.675	-0.537	-0.660	-0.624	-0.511	-0.469	-0.472	-0.466	-0.467	-0.607	-0.656	-0.540	-0.505	-0.656	-0.094	-0.653	-0.568	-0.649	-0.547	-0.451	-0.472	-0.461	-0.553	-0.544	-0.526	-0.598	-0.587	-0.541	-0.527	-0.530	-0.530	-0.616	-0.651	-0.568	-0.652	-0.648	-0.638	-0.435	-0.588	-0.496	-0.441	-0.586	-0.585	-0.130	-0.488	-0.478	-0.611	+0.427	-0.476	-0.575	-0.502	-0.578	-0.675	-0.580	+0.126	-0.578	-0.580	+0.332	-0.484	-0.484	-0.574	-0.603	-0.007	-0.481	-0.018	-0.608	-0.605	-0.019	-0.019	-0.443	
rs1332348      -1.079	-1.073	-1.073	-1.068	-1.044	-0.507	-0.851	-0.789	-0.776	-0.600	-0.444	-0.801	-0.801	-0.802	-0.501	-0.802	-0.532	-0.820	-0.823	-0.822	-0.821	-0.421	-0.356	-0.585	-0.816	-0.731	-0.490	-0.490	-0.676	-0.451	-0.548	-0.528	-0.535	-0.523	-0.931	-0.571	-0.544	-0.597	-0.560	-0.585	-0.780	-0.801	-0.962	-0.089	-0.556	-0.945	-0.945	-0.815	-0.805	-0.665	-0.568	-0.756	-0.756	-0.803	-0.782	-0.782	-0.875	-0.846	-0.792	-0.683	-0.680	-0.679	-0.661	-0.858	-0.602	-0.793	-0.777	-0.740	-0.806	-0.754	-0.742	-0.787	-0.771	-0.877	-0.744	-0.678	-0.743	-0.528	-0.528	-0.803	-0.720	-0.724	-0.752	-0.711	-0.579	-0.845	-0.658	-0.660	-0.583	-0.892	-0.903	-0.899	-0.604	-0.687	-0.751	-0.665	-0.844	-0.789	-0.802	-0.947	-0.668	-0.737	-0.815	-0.687	-0.957	-0.643	-0.795	-0.770	-0.747	-1.043	-0.840	-0.826	-0.626	-0.773	-0.960	-0.960	-0.960	-0.960	-0.836	-0.791	-0.790	-0.801	-0.790	-0.394	-0.781	-0.938	-0.760	-0.800	-0.960	-0.856	-0.959	-0.946	-0.776	-0.951	-0.905	-0.916	-0.794	-0.616	-0.777	-0.777	-0.911	-0.776	-0.934	-0.790	-0.763	-0.715	-0.977	-1.010	-1.002	-0.978	-1.009	-1.009	-0.654	-0.957	-0.951	-1.035	-0.249	-0.863	-1.004	-1.006	-1.001	-0.917	-1.006	-0.482	-1.005	-1.047	-0.330	-0.995	-0.996	-0.999	-1.019	-0.329	-0.952	-0.340	-1.017	-1.016	-0.341	-0.341	-0.946	
rs578219       -0.872	-0.866	-0.866	-0.861	-0.837	-0.289	-0.762	-0.860	-0.783	-0.832	-0.507	-0.831	-0.830	-0.829	-0.550	-0.827	-0.246	-0.463	-0.464	-0.463	-0.463	-0.525	-0.479	-0.816	-0.354	-0.820	-0.557	-0.557	-0.796	-0.163	-0.263	-0.554	-0.249	-0.236	-0.670	-0.286	-0.568	-0.315	-0.275	-0.302	-0.783	-0.805	-0.650	+0.066	-0.270	-0.727	-0.727	-0.812	-0.800	-0.381	-0.591	-0.481	-0.481	-0.535	-0.449	-0.449	-0.617	-0.584	-0.521	-0.496	-0.492	-0.491	-0.474	-0.598	-0.417	-0.524	-0.504	-0.463	-0.795	-0.393	-0.466	-0.515	-0.429	-0.803	-0.467	-0.395	-0.749	-0.562	-0.562	-0.777	-0.738	-0.740	-0.753	-0.733	-0.686	-0.655	-0.704	-0.641	-0.294	-0.811	-0.813	-0.813	-0.316	-0.658	-0.702	-0.643	-0.794	-0.518	-0.532	-0.790	-0.385	-0.688	-0.741	-0.406	-0.809	-0.359	-0.767	-0.710	-0.695	-0.814	-0.597	-0.784	-0.700	-0.709	-0.828	-0.829	-0.827	-0.828	-0.761	-0.765	-0.520	-0.724	-0.765	-0.121	-0.759	-0.846	-0.748	-0.532	-0.820	-0.766	-0.824	-0.843	-0.700	-0.840	-0.848	-0.847	-0.525	-0.584	-0.506	-0.506	-0.663	-0.755	-0.844	-0.761	-0.747	-0.723	-0.753	-0.803	-0.781	-0.755	-0.803	-0.802	-0.434	-0.736	-0.729	-0.823	-0.011	-0.665	-0.795	-0.785	-0.790	-0.756	-0.799	-0.236	-0.797	-0.832	-0.093	-0.774	-0.775	-0.787	-0.816	-0.070	-0.734	-0.082	-0.811	-0.810	-0.082	-0.083	-0.720	
rs17486588     -1.084	-1.077	-1.077	-1.072	-1.048	-0.512	-0.858	-0.802	-0.785	-0.616	-0.454	-0.808	-0.808	-0.808	-0.510	-0.807	-0.531	-0.824	-0.827	-0.826	-0.825	-0.432	-0.368	-0.731	-0.820	-0.589	-0.501	-0.500	-0.671	-0.450	-0.547	-0.538	-0.534	-0.522	-0.934	-0.570	-0.553	-0.596	-0.559	-0.584	-0.776	-0.799	-0.966	-0.086	-0.555	-0.949	-0.949	-0.817	-0.805	-0.666	-0.577	-0.757	-0.757	-0.804	-0.785	-0.786	-0.876	-0.847	-0.793	-0.683	-0.679	-0.678	-0.661	-0.860	-0.601	-0.794	-0.778	-0.740	-0.806	-0.757	-0.743	-0.788	-0.774	-0.883	-0.745	-0.678	-0.752	-0.537	-0.537	-0.810	-0.730	-0.732	-0.760	-0.720	-0.589	-0.850	-0.667	-0.668	-0.583	-0.898	-0.910	-0.905	-0.604	-0.695	-0.758	-0.673	-0.852	-0.791	-0.803	-0.949	-0.669	-0.744	-0.822	-0.688	-0.961	-0.644	-0.803	-0.777	-0.755	-1.047	-0.843	-0.834	-0.636	-0.781	-0.964	-0.964	-0.965	-0.965	-0.844	-0.799	-0.791	-0.809	-0.799	-0.397	-0.789	-0.944	-0.767	-0.802	-0.964	-0.863	-0.964	-0.951	-0.783	-0.957	-0.912	-0.922	-0.795	-0.624	-0.778	-0.778	-0.913	-0.784	-0.941	-0.798	-0.771	-0.724	-0.979	-1.013	-1.005	-0.981	-1.012	-1.012	-0.654	-0.959	-0.953	-1.038	-0.250	-0.867	-1.007	-1.009	-1.004	-0.923	-1.010	-0.483	-1.009	-1.051	-0.330	-0.998	-0.999	-1.002	-1.022	-0.331	-0.955	-0.342	-1.020	-1.019	-0.343	-0.343	-0.948	
rs592003       -0.807	-0.799	-0.799	-0.794	-0.770	-0.231	-0.655	-0.669	-0.723	-0.754	-0.491	-0.544	-0.540	-0.537	-0.517	-0.529	-0.423	-0.560	-0.562	-0.561	-0.561	-0.462	-0.427	-0.490	-0.557	-0.501	-0.299	-0.413	-0.433	-0.358	-0.437	-0.493	-0.427	-0.417	-0.727	-0.455	-0.499	-0.476	-0.447	-0.467	-0.424	-0.474	-0.606	-0.078	-0.437	-0.650	-0.650	-0.498	-0.465	-0.523	-0.544	-0.595	-0.595	-0.630	-0.528	-0.528	-0.681	-0.660	-0.621	-0.563	-0.561	-0.560	-0.547	-0.669	-0.502	-0.623	-0.610	-0.581	-0.457	-0.504	-0.584	-0.617	-0.519	-0.693	-0.584	-0.534	-0.730	-0.530	-0.530	-0.741	-0.724	-0.725	-0.732	-0.722	-0.689	-0.531	-0.704	-0.559	-0.460	-0.744	-0.471	-0.743	-0.475	-0.572	-0.567	-0.568	-0.745	-0.619	-0.629	-0.488	-0.525	-0.586	-0.572	-0.539	-0.544	-0.501	-0.736	-0.589	-0.601	-0.750	-0.611	-0.741	-0.696	-0.582	-0.587	-0.590	-0.585	-0.586	-0.693	-0.734	-0.611	-0.590	-0.734	-0.166	-0.731	-0.673	-0.725	-0.616	-0.571	-0.553	-0.580	-0.661	-0.612	-0.644	-0.699	-0.691	-0.613	-0.579	-0.600	-0.600	-0.691	-0.728	-0.674	-0.730	-0.724	-0.711	-0.515	-0.677	-0.575	-0.521	-0.676	-0.674	-0.196	-0.581	-0.571	-0.704	+0.357	-0.564	-0.665	-0.581	-0.667	-0.750	-0.670	+0.059	-0.668	-0.659	+0.264	-0.563	-0.563	-0.663	-0.693	-0.080	-0.576	-0.091	-0.696	-0.694	-0.092	-0.092	-0.541	
rs546101       -0.807	-0.799	-0.799	-0.793	-0.770	-0.231	-0.655	-0.669	-0.723	-0.753	-0.491	-0.544	-0.540	-0.536	-0.517	-0.529	-0.423	-0.560	-0.562	-0.561	-0.561	-0.462	-0.427	-0.490	-0.557	-0.500	-0.413	-0.299	-0.433	-0.358	-0.437	-0.492	-0.427	-0.417	-0.727	-0.455	-0.499	-0.476	-0.446	-0.467	-0.424	-0.473	-0.606	-0.078	-0.437	-0.650	-0.650	-0.498	-0.465	-0.523	-0.544	-0.595	-0.595	-0.630	-0.528	-0.528	-0.680	-0.660	-0.621	-0.563	-0.561	-0.560	-0.547	-0.669	-0.502	-0.622	-0.610	-0.581	-0.457	-0.504	-0.584	-0.617	-0.518	-0.692	-0.584	-0.533	-0.730	-0.529	-0.530	-0.741	-0.724	-0.725	-0.732	-0.722	-0.688	-0.531	-0.704	-0.559	-0.460	-0.744	-0.471	-0.743	-0.475	-0.572	-0.567	-0.567	-0.745	-0.619	-0.628	-0.488	-0.525	-0.586	-0.572	-0.538	-0.544	-0.501	-0.736	-0.589	-0.601	-0.750	-0.611	-0.741	-0.696	-0.582	-0.587	-0.590	-0.585	-0.585	-0.693	-0.734	-0.611	-0.590	-0.734	-0.166	-0.731	-0.673	-0.725	-0.616	-0.571	-0.553	-0.580	-0.660	-0.612	-0.644	-0.699	-0.690	-0.613	-0.579	-0.600	-0.600	-0.691	-0.728	-0.674	-0.730	-0.724	-0.711	-0.515	-0.677	-0.575	-0.521	-0.676	-0.674	-0.196	-0.581	-0.571	-0.704	+0.357	-0.564	-0.665	-0.581	-0.667	-0.749	-0.670	+0.059	-0.668	-0.659	+0.264	-0.563	-0.563	-0.663	-0.693	-0.080	-0.576	-0.091	-0.696	-0.694	-0.092	-0.092	-0.540	
rs1332347      -1.057	-1.050	-1.050	-1.045	-1.021	-0.481	-0.813	-0.722	-0.721	-0.510	-0.389	-0.761	-0.763	-0.765	-0.447	-0.767	-0.535	-0.800	-0.802	-0.801	-0.800	-0.361	-0.294	-0.676	-0.796	-0.671	-0.433	-0.433	-0.561	-0.456	-0.550	-0.476	-0.537	-0.525	-0.912	-0.572	-0.492	-0.598	-0.561	-0.586	-0.776	-0.784	-0.941	-0.106	-0.557	-0.921	-0.921	-0.793	-0.792	-0.662	-0.516	-0.750	-0.750	-0.795	-0.762	-0.762	-0.864	-0.837	-0.785	-0.684	-0.681	-0.680	-0.663	-0.848	-0.605	-0.785	-0.770	-0.734	-0.795	-0.735	-0.737	-0.780	-0.751	-0.837	-0.738	-0.674	-0.692	-0.475	-0.475	-0.755	-0.668	-0.671	-0.701	-0.658	-0.514	-0.819	-0.602	-0.613	-0.582	-0.851	-0.865	-0.859	-0.603	-0.642	-0.708	-0.619	-0.800	-0.782	-0.795	-0.927	-0.665	-0.693	-0.774	-0.683	-0.933	-0.640	-0.748	-0.728	-0.704	-1.022	-0.823	-0.781	-0.566	-0.732	-0.931	-0.931	-0.932	-0.932	-0.794	-0.744	-0.783	-0.761	-0.744	-0.378	-0.734	-0.900	-0.711	-0.792	-0.933	-0.818	-0.932	-0.910	-0.736	-0.917	-0.862	-0.874	-0.785	-0.572	-0.769	-0.769	-0.896	-0.729	-0.896	-0.744	-0.715	-0.665	-0.960	-0.991	-0.984	-0.961	-0.991	-0.990	-0.652	-0.942	-0.937	-1.016	-0.246	-0.841	-0.986	-0.987	-0.983	-0.887	-0.989	-0.478	-0.988	-1.027	-0.332	-0.977	-0.978	-0.981	-1.000	-0.316	-0.938	-0.327	-0.997	-0.997	-0.328	-0.328	-0.932	
rs10757576     -0.502	-0.492	-0.492	-0.488	-0.461	+0.105	-0.440	-0.436	-0.296	-0.236	-0.322	-0.448	-0.449	-0.450	-0.349	-0.451	-0.105	-0.171	-0.176	-0.174	-0.172	-0.324	-0.295	-0.451	-0.163	-0.450	-0.358	-0.358	-0.456	+0.023	-0.118	-0.364	-0.117	-0.121	-0.321	-0.112	-0.372	-0.096	-0.119	-0.105	-0.454	-0.456	-0.393	+0.059	-0.170	-0.356	-0.356	-0.455	-0.457	-0.201	-0.380	-0.161	-0.161	-0.107	-0.110	-0.111	+0.017	-0.025	-0.111	-0.330	-0.331	-0.331	-0.326	-0.032	-0.304	-0.138	-0.151	-0.168	-0.456	-0.070	-0.181	-0.133	-0.096	-0.369	-0.188	-0.202	-0.074	-0.362	-0.362	-0.141	-0.048	-0.052	-0.083	-0.038	+0.011	+0.008	+0.023	-0.412	-0.207	-0.259	-0.475	-0.268	-0.219	-0.420	-0.440	-0.413	-0.204	-0.170	-0.159	-0.455	-0.233	-0.433	-0.455	-0.236	-0.445	-0.236	-0.153	-0.441	-0.434	-0.193	-0.309	-0.185	-0.035	-0.440	-0.437	-0.436	-0.438	-0.438	-0.311	-0.144	-0.233	-0.443	-0.143	+0.009	-0.131	-0.385	-0.108	-0.237	-0.441	-0.457	-0.438	-0.396	-0.435	-0.419	-0.343	-0.355	-0.237	-0.372	-0.243	-0.243	-0.150	-0.127	-0.381	-0.144	-0.111	-0.060	-0.341	-0.465	-0.365	-0.342	-0.465	-0.465	-0.188	-0.427	-0.422	-0.471	+0.357	-0.303	-0.462	-0.367	-0.455	-0.399	-0.463	+0.058	-0.463	-0.422	+0.173	-0.352	-0.353	-0.454	-0.470	+0.068	-0.422	+0.059	-0.464	-0.464	+0.059	+0.058	-0.405	
rs10757578     -0.594	-0.584	-0.585	-0.580	-0.553	+0.008	-0.530	-0.533	-0.402	-0.342	-0.396	-0.546	-0.547	-0.547	-0.428	-0.548	-0.204	-0.270	-0.276	-0.274	-0.272	-0.404	-0.369	-0.548	-0.263	-0.547	-0.437	-0.437	-0.550	-0.118	-0.075	-0.442	-0.170	-0.163	-0.431	-0.192	-0.451	-0.198	-0.192	-0.197	-0.546	-0.550	-0.487	+0.058	-0.247	-0.453	-0.453	-0.551	-0.551	-0.310	-0.458	-0.287	-0.287	-0.255	-0.212	-0.212	-0.167	-0.246	-0.290	-0.408	-0.405	-0.404	-0.397	-0.204	-0.368	-0.276	-0.283	-0.311	-0.549	-0.172	-0.299	-0.302	-0.197	-0.470	-0.325	-0.313	-0.195	-0.439	-0.439	-0.259	-0.171	-0.174	-0.204	-0.161	-0.111	-0.118	-0.102	-0.493	-0.274	-0.372	-0.567	-0.381	-0.302	-0.502	-0.525	-0.494	-0.320	-0.303	-0.294	-0.554	-0.322	-0.517	-0.542	-0.329	-0.546	-0.325	-0.269	-0.527	-0.518	-0.326	-0.403	-0.301	-0.155	-0.526	-0.539	-0.538	-0.540	-0.539	-0.414	-0.260	-0.356	-0.530	-0.260	-0.068	-0.249	-0.492	-0.226	-0.360	-0.542	-0.546	-0.539	-0.501	-0.520	-0.517	-0.454	-0.464	-0.358	-0.450	-0.361	-0.361	-0.306	-0.244	-0.487	-0.261	-0.229	-0.180	-0.435	-0.556	-0.460	-0.437	-0.556	-0.555	-0.269	-0.514	-0.509	-0.563	+0.268	-0.396	-0.552	-0.462	-0.545	-0.493	-0.554	-0.028	-0.553	-0.516	+0.090	-0.447	-0.448	-0.543	-0.561	-0.009	-0.509	-0.018	-0.555	-0.555	-0.018	-0.019	-0.493	
