## Summary of overall evidence for association with region:
## log10(BF for region) = -0.600995
## p-value for region = NA

## BFs for choosing among multi-SNP models:
## log10(average 1-SNP BF) = -0.561246
## log10(average 2-SNP BF) = -0.693418

## Example posterior probabilities for multi-SNP models, based on default prior: [p(l) propto 0.5^l for l=1,2,...,L]
## posterior probability of 1-SNP = 0.730564
## posterior probability of 2-SNP = 0.269436

## log10(BF) for single SNP and pair of SNPs:
rs62317625     -0.618	-0.762	-0.765	-0.767	-0.768	-0.769	-0.773	-0.774	-0.776	-0.789	-0.788	-0.788	-0.793	-0.795	-0.795	-0.795	-0.795	-0.795	-0.795	-0.800	-0.798	-0.805	-0.782	-0.613	-1.018	-1.022	-0.976	-1.022	-0.973	-1.018	-1.013	-0.973	-1.038	-1.045	-1.030	-0.967	-1.008	-1.020	-1.010	-0.739	-1.024	-0.992	-0.987	-0.966	-0.987	-1.010	-1.007	-1.013	-0.960	-0.997	-0.973	-0.963	-0.957	-0.957	-0.960	-0.953	-0.953	-0.957	-0.951	-0.941	-0.951	-0.941	-0.948	-0.951	-0.950	-0.950	-0.950	-0.954	-0.950	-0.951	-0.951	-0.952	-0.973	-0.981	-0.962	-0.962	-0.955	-0.955	-0.961	-0.962	-0.962	-0.963	-0.963	-0.963	-0.963	-0.963	-0.930	-0.956	-0.962	-0.961	-0.963	-0.937	-0.967	-0.971	-1.066	-0.872	-0.869	-1.053	-1.041	-0.881	-1.072	-1.072	-1.072	-1.072	-1.072	-1.072	-1.071	-1.072	-1.069	-0.891	-1.054	-1.056	-0.982	-1.057	-1.071	-1.071	-1.071	-1.057	-1.071	-1.072	-1.072	-1.072	-1.072	-1.072	-1.072	-1.072	-1.072	-1.057	-1.072	-0.927	-1.072	-1.072	-1.069	-1.069	-0.927	-1.072	-1.072	-1.074	-1.073	-1.059	-1.056	-1.073	-1.073	-1.060	-1.074	-1.046	-1.046	-1.046	-1.033	-1.041	-1.041	-1.041	-0.971	-0.971	-1.041	-1.040	-1.042	-1.042	-1.042	-1.042	-1.047	-1.033	-1.042	-1.042	-1.042	-1.042	-1.042	-1.043	-1.045	-1.046	-1.023	-1.009	-1.044	-1.046	-1.046	-1.046	-1.046	-1.050	-1.054	-1.047	-1.047	-1.045	-1.044	-1.047	-1.046	-1.032	
rs10024663     -0.762	-0.618	-0.759	-0.760	-0.762	-0.762	-0.765	-0.767	-0.768	-0.783	-0.781	-0.781	-0.785	-0.785	-0.785	-0.785	-0.786	-0.786	-0.785	-0.791	-0.788	-0.796	-0.766	-0.611	-1.019	-1.023	-0.978	-1.023	-0.976	-1.019	-1.015	-0.975	-1.039	-1.046	-1.032	-0.969	-1.010	-1.022	-1.011	-0.737	-1.025	-0.994	-0.989	-0.968	-0.989	-1.011	-1.008	-1.014	-0.962	-0.998	-0.975	-0.965	-0.959	-0.959	-0.962	-0.956	-0.955	-0.959	-0.953	-0.943	-0.953	-0.943	-0.950	-0.953	-0.952	-0.952	-0.952	-0.956	-0.952	-0.953	-0.953	-0.955	-0.975	-0.983	-0.964	-0.964	-0.957	-0.957	-0.963	-0.964	-0.964	-0.965	-0.965	-0.965	-0.965	-0.964	-0.932	-0.958	-0.964	-0.963	-0.965	-0.940	-0.969	-0.973	-1.067	-0.874	-0.872	-1.054	-1.040	-0.879	-1.073	-1.072	-1.072	-1.072	-1.072	-1.072	-1.071	-1.073	-1.069	-0.890	-1.054	-1.056	-0.981	-1.058	-1.072	-1.072	-1.072	-1.058	-1.072	-1.072	-1.072	-1.072	-1.073	-1.073	-1.073	-1.073	-1.073	-1.058	-1.073	-0.925	-1.073	-1.073	-1.069	-1.069	-0.925	-1.073	-1.073	-1.074	-1.073	-1.060	-1.057	-1.073	-1.073	-1.061	-1.075	-1.045	-1.045	-1.045	-1.032	-1.040	-1.040	-1.040	-0.969	-0.969	-1.040	-1.039	-1.040	-1.040	-1.040	-1.040	-1.046	-1.032	-1.041	-1.040	-1.041	-1.041	-1.041	-1.042	-1.044	-1.045	-1.022	-1.007	-1.042	-1.045	-1.045	-1.045	-1.045	-1.049	-1.053	-1.046	-1.046	-1.044	-1.043	-1.046	-1.045	-1.031	
rs1494105      -0.765	-0.759	-0.620	-0.756	-0.758	-0.758	-0.764	-0.763	-0.767	-0.779	-0.778	-0.778	-0.783	-0.783	-0.783	-0.783	-0.784	-0.784	-0.783	-0.789	-0.786	-0.795	-0.765	-0.613	-1.020	-1.024	-0.978	-1.024	-0.976	-1.020	-1.015	-0.976	-1.040	-1.047	-1.032	-0.969	-1.010	-1.022	-1.012	-0.739	-1.026	-0.995	-0.990	-0.969	-0.989	-1.012	-1.009	-1.015	-0.963	-0.999	-0.975	-0.966	-0.959	-0.959	-0.963	-0.956	-0.956	-0.960	-0.953	-0.943	-0.953	-0.943	-0.951	-0.953	-0.953	-0.953	-0.953	-0.956	-0.953	-0.954	-0.954	-0.955	-0.975	-0.983	-0.965	-0.965	-0.958	-0.958	-0.964	-0.964	-0.965	-0.965	-0.965	-0.965	-0.965	-0.965	-0.933	-0.958	-0.964	-0.963	-0.965	-0.940	-0.970	-0.973	-1.068	-0.875	-0.872	-1.055	-1.041	-0.881	-1.074	-1.073	-1.073	-1.073	-1.073	-1.073	-1.072	-1.074	-1.070	-0.891	-1.055	-1.057	-0.982	-1.059	-1.073	-1.073	-1.073	-1.059	-1.073	-1.073	-1.073	-1.073	-1.074	-1.074	-1.074	-1.074	-1.074	-1.059	-1.074	-0.927	-1.074	-1.074	-1.070	-1.070	-0.927	-1.074	-1.074	-1.075	-1.074	-1.061	-1.058	-1.074	-1.074	-1.062	-1.076	-1.047	-1.047	-1.047	-1.034	-1.042	-1.042	-1.042	-0.971	-0.971	-1.042	-1.041	-1.042	-1.042	-1.042	-1.042	-1.048	-1.034	-1.042	-1.042	-1.042	-1.042	-1.043	-1.043	-1.046	-1.046	-1.024	-1.009	-1.044	-1.046	-1.046	-1.046	-1.046	-1.051	-1.054	-1.047	-1.048	-1.046	-1.045	-1.048	-1.046	-1.032	
rs62315584     -0.767	-0.760	-0.756	-0.620	-0.754	-0.754	-0.760	-0.759	-0.762	-0.774	-0.773	-0.773	-0.778	-0.778	-0.778	-0.778	-0.779	-0.779	-0.778	-0.785	-0.781	-0.791	-0.759	-0.613	-1.020	-1.024	-0.978	-1.024	-0.976	-1.020	-1.015	-0.976	-1.040	-1.047	-1.033	-0.969	-1.010	-1.022	-1.012	-0.739	-1.026	-0.995	-0.990	-0.969	-0.989	-1.012	-1.009	-1.015	-0.963	-0.999	-0.975	-0.966	-0.959	-0.959	-0.963	-0.956	-0.956	-0.960	-0.953	-0.943	-0.953	-0.943	-0.951	-0.953	-0.953	-0.953	-0.953	-0.956	-0.953	-0.954	-0.954	-0.955	-0.975	-0.983	-0.965	-0.965	-0.958	-0.958	-0.964	-0.964	-0.965	-0.965	-0.965	-0.965	-0.965	-0.965	-0.933	-0.958	-0.964	-0.963	-0.965	-0.940	-0.970	-0.973	-1.068	-0.875	-0.872	-1.055	-1.042	-0.881	-1.074	-1.074	-1.073	-1.073	-1.073	-1.073	-1.072	-1.074	-1.070	-0.892	-1.055	-1.058	-0.982	-1.059	-1.073	-1.073	-1.073	-1.059	-1.073	-1.073	-1.073	-1.074	-1.074	-1.074	-1.074	-1.074	-1.074	-1.059	-1.074	-0.927	-1.074	-1.074	-1.070	-1.070	-0.927	-1.074	-1.074	-1.075	-1.074	-1.061	-1.058	-1.074	-1.074	-1.062	-1.076	-1.047	-1.047	-1.047	-1.034	-1.042	-1.042	-1.042	-0.971	-0.971	-1.042	-1.041	-1.042	-1.042	-1.042	-1.042	-1.048	-1.034	-1.042	-1.042	-1.042	-1.042	-1.043	-1.043	-1.046	-1.046	-1.024	-1.009	-1.044	-1.046	-1.046	-1.046	-1.046	-1.051	-1.054	-1.047	-1.048	-1.046	-1.045	-1.048	-1.046	-1.032	
rs17827274     -0.768	-0.762	-0.758	-0.754	-0.620	-0.754	-0.759	-0.758	-0.761	-0.772	-0.770	-0.770	-0.776	-0.776	-0.776	-0.776	-0.776	-0.776	-0.776	-0.783	-0.779	-0.789	-0.756	-0.613	-1.020	-1.024	-0.978	-1.024	-0.976	-1.020	-1.015	-0.976	-1.040	-1.047	-1.033	-0.969	-1.010	-1.023	-1.012	-0.739	-1.026	-0.995	-0.990	-0.969	-0.990	-1.012	-1.009	-1.015	-0.963	-0.999	-0.975	-0.966	-0.960	-0.959	-0.963	-0.956	-0.956	-0.960	-0.953	-0.944	-0.953	-0.944	-0.951	-0.953	-0.953	-0.953	-0.953	-0.957	-0.953	-0.954	-0.954	-0.955	-0.976	-0.984	-0.965	-0.965	-0.958	-0.958	-0.964	-0.965	-0.965	-0.966	-0.966	-0.966	-0.966	-0.965	-0.933	-0.958	-0.965	-0.963	-0.965	-0.940	-0.970	-0.974	-1.068	-0.875	-0.873	-1.055	-1.041	-0.881	-1.074	-1.074	-1.074	-1.074	-1.073	-1.073	-1.072	-1.074	-1.070	-0.891	-1.055	-1.058	-0.982	-1.059	-1.073	-1.073	-1.073	-1.059	-1.073	-1.073	-1.074	-1.074	-1.074	-1.074	-1.074	-1.074	-1.074	-1.059	-1.074	-0.927	-1.074	-1.074	-1.070	-1.070	-0.927	-1.074	-1.074	-1.075	-1.074	-1.061	-1.058	-1.074	-1.074	-1.062	-1.076	-1.047	-1.047	-1.047	-1.034	-1.042	-1.042	-1.042	-0.971	-0.971	-1.042	-1.041	-1.042	-1.042	-1.042	-1.042	-1.048	-1.034	-1.042	-1.042	-1.042	-1.042	-1.042	-1.043	-1.046	-1.046	-1.023	-1.009	-1.044	-1.046	-1.046	-1.046	-1.046	-1.051	-1.054	-1.047	-1.047	-1.046	-1.045	-1.047	-1.046	-1.032	
rs62315585     -0.769	-0.762	-0.758	-0.754	-0.754	-0.620	-0.759	-0.758	-0.760	-0.772	-0.770	-0.770	-0.776	-0.776	-0.776	-0.776	-0.777	-0.777	-0.776	-0.783	-0.779	-0.789	-0.757	-0.613	-1.020	-1.024	-0.978	-1.024	-0.976	-1.020	-1.015	-0.976	-1.040	-1.047	-1.033	-0.969	-1.010	-1.023	-1.012	-0.740	-1.026	-0.995	-0.990	-0.969	-0.990	-1.012	-1.009	-1.015	-0.963	-0.999	-0.975	-0.966	-0.959	-0.959	-0.963	-0.956	-0.956	-0.960	-0.953	-0.943	-0.953	-0.943	-0.951	-0.953	-0.953	-0.953	-0.953	-0.957	-0.953	-0.954	-0.954	-0.955	-0.975	-0.983	-0.965	-0.965	-0.958	-0.958	-0.964	-0.964	-0.965	-0.965	-0.966	-0.965	-0.965	-0.965	-0.933	-0.958	-0.965	-0.963	-0.965	-0.940	-0.970	-0.973	-1.068	-0.875	-0.872	-1.055	-1.042	-0.881	-1.074	-1.074	-1.074	-1.074	-1.074	-1.074	-1.073	-1.074	-1.070	-0.892	-1.055	-1.058	-0.983	-1.059	-1.073	-1.073	-1.073	-1.059	-1.073	-1.073	-1.074	-1.074	-1.074	-1.074	-1.074	-1.074	-1.074	-1.059	-1.074	-0.927	-1.074	-1.074	-1.070	-1.070	-0.927	-1.074	-1.074	-1.075	-1.074	-1.061	-1.058	-1.074	-1.075	-1.062	-1.076	-1.047	-1.047	-1.047	-1.034	-1.042	-1.042	-1.042	-0.971	-0.971	-1.042	-1.041	-1.042	-1.042	-1.042	-1.042	-1.048	-1.034	-1.042	-1.042	-1.043	-1.043	-1.043	-1.044	-1.046	-1.046	-1.024	-1.009	-1.044	-1.047	-1.047	-1.047	-1.047	-1.051	-1.055	-1.048	-1.048	-1.046	-1.045	-1.048	-1.047	-1.033	
rs28756055     -0.773	-0.765	-0.764	-0.760	-0.759	-0.759	-0.620	-0.755	-0.754	-0.768	-0.765	-0.765	-0.771	-0.770	-0.770	-0.770	-0.770	-0.770	-0.770	-0.777	-0.773	-0.785	-0.746	-0.612	-1.020	-1.024	-0.979	-1.024	-0.976	-1.020	-1.015	-0.976	-1.040	-1.047	-1.033	-0.970	-1.011	-1.023	-1.012	-0.739	-1.026	-0.995	-0.990	-0.969	-0.990	-1.012	-1.009	-1.015	-0.963	-0.999	-0.976	-0.966	-0.960	-0.960	-0.963	-0.957	-0.956	-0.960	-0.954	-0.944	-0.954	-0.944	-0.951	-0.954	-0.953	-0.954	-0.953	-0.957	-0.953	-0.954	-0.954	-0.956	-0.976	-0.984	-0.965	-0.965	-0.958	-0.958	-0.964	-0.965	-0.965	-0.966	-0.966	-0.966	-0.966	-0.966	-0.933	-0.959	-0.965	-0.964	-0.966	-0.941	-0.970	-0.974	-1.068	-0.876	-0.873	-1.055	-1.041	-0.880	-1.074	-1.074	-1.073	-1.073	-1.073	-1.073	-1.072	-1.074	-1.070	-0.891	-1.055	-1.057	-0.982	-1.059	-1.073	-1.073	-1.073	-1.059	-1.073	-1.073	-1.073	-1.073	-1.074	-1.074	-1.074	-1.074	-1.074	-1.059	-1.074	-0.926	-1.074	-1.074	-1.070	-1.070	-0.926	-1.074	-1.074	-1.075	-1.074	-1.061	-1.058	-1.074	-1.074	-1.062	-1.076	-1.046	-1.046	-1.046	-1.033	-1.041	-1.041	-1.041	-0.970	-0.970	-1.041	-1.040	-1.041	-1.041	-1.041	-1.041	-1.047	-1.033	-1.041	-1.041	-1.041	-1.041	-1.042	-1.042	-1.045	-1.045	-1.023	-1.008	-1.043	-1.045	-1.046	-1.046	-1.046	-1.050	-1.053	-1.046	-1.047	-1.045	-1.044	-1.047	-1.046	-1.031	
rs17827280     -0.774	-0.767	-0.763	-0.759	-0.758	-0.758	-0.755	-0.621	-0.756	-0.769	-0.767	-0.767	-0.774	-0.774	-0.774	-0.774	-0.775	-0.775	-0.775	-0.782	-0.778	-0.790	-0.757	-0.614	-1.020	-1.024	-0.978	-1.024	-0.975	-1.020	-1.015	-0.975	-1.040	-1.047	-1.033	-0.969	-1.010	-1.022	-1.012	-0.741	-1.026	-0.995	-0.990	-0.968	-0.989	-1.012	-1.009	-1.015	-0.963	-0.999	-0.976	-0.965	-0.959	-0.959	-0.962	-0.956	-0.955	-0.960	-0.953	-0.943	-0.953	-0.943	-0.951	-0.953	-0.953	-0.953	-0.953	-0.956	-0.953	-0.953	-0.953	-0.955	-0.975	-0.983	-0.964	-0.964	-0.958	-0.958	-0.964	-0.964	-0.965	-0.965	-0.965	-0.965	-0.965	-0.965	-0.933	-0.958	-0.964	-0.963	-0.965	-0.940	-0.970	-0.973	-1.068	-0.874	-0.872	-1.055	-1.043	-0.883	-1.074	-1.074	-1.074	-1.074	-1.074	-1.074	-1.073	-1.074	-1.071	-0.893	-1.056	-1.058	-0.984	-1.059	-1.073	-1.073	-1.073	-1.060	-1.074	-1.074	-1.074	-1.074	-1.074	-1.074	-1.074	-1.074	-1.074	-1.059	-1.074	-0.928	-1.074	-1.074	-1.071	-1.071	-0.928	-1.074	-1.074	-1.076	-1.075	-1.062	-1.058	-1.075	-1.075	-1.063	-1.076	-1.048	-1.048	-1.048	-1.035	-1.043	-1.043	-1.043	-0.972	-0.972	-1.043	-1.042	-1.043	-1.043	-1.043	-1.043	-1.049	-1.035	-1.043	-1.043	-1.043	-1.043	-1.044	-1.044	-1.047	-1.047	-1.025	-1.010	-1.045	-1.047	-1.047	-1.047	-1.047	-1.052	-1.055	-1.048	-1.049	-1.047	-1.046	-1.049	-1.047	-1.034	
rs10027772     -0.776	-0.768	-0.767	-0.762	-0.761	-0.760	-0.754	-0.756	-0.620	-0.766	-0.764	-0.764	-0.770	-0.769	-0.769	-0.769	-0.769	-0.769	-0.769	-0.777	-0.772	-0.785	-0.746	-0.613	-1.020	-1.024	-0.979	-1.024	-0.977	-1.021	-1.016	-0.976	-1.040	-1.048	-1.033	-0.970	-1.011	-1.023	-1.012	-0.739	-1.026	-0.995	-0.990	-0.969	-0.990	-1.012	-1.009	-1.015	-0.963	-1.000	-0.976	-0.966	-0.960	-0.960	-0.963	-0.957	-0.956	-0.960	-0.954	-0.944	-0.954	-0.944	-0.952	-0.954	-0.954	-0.954	-0.954	-0.957	-0.953	-0.954	-0.954	-0.956	-0.976	-0.984	-0.965	-0.965	-0.959	-0.959	-0.964	-0.965	-0.965	-0.966	-0.966	-0.966	-0.966	-0.966	-0.933	-0.959	-0.965	-0.964	-0.966	-0.941	-0.970	-0.974	-1.068	-0.875	-0.873	-1.055	-1.042	-0.881	-1.074	-1.074	-1.074	-1.074	-1.074	-1.074	-1.073	-1.074	-1.070	-0.891	-1.055	-1.058	-0.982	-1.059	-1.073	-1.073	-1.073	-1.059	-1.073	-1.073	-1.074	-1.074	-1.074	-1.074	-1.074	-1.074	-1.074	-1.059	-1.074	-0.927	-1.074	-1.074	-1.071	-1.071	-0.927	-1.074	-1.074	-1.075	-1.074	-1.061	-1.058	-1.075	-1.075	-1.062	-1.076	-1.047	-1.046	-1.047	-1.034	-1.041	-1.041	-1.041	-0.970	-0.970	-1.041	-1.040	-1.042	-1.042	-1.042	-1.042	-1.047	-1.033	-1.042	-1.042	-1.042	-1.042	-1.042	-1.043	-1.045	-1.046	-1.023	-1.008	-1.044	-1.046	-1.046	-1.046	-1.046	-1.050	-1.054	-1.047	-1.047	-1.046	-1.044	-1.047	-1.046	-1.032	
rs9996466      -0.789	-0.783	-0.779	-0.774	-0.772	-0.772	-0.768	-0.769	-0.766	-0.622	-0.756	-0.756	-0.766	-0.764	-0.764	-0.764	-0.765	-0.765	-0.765	-0.773	-0.769	-0.783	-0.747	-0.617	-1.020	-1.024	-0.978	-1.024	-0.975	-1.020	-1.015	-0.975	-1.041	-1.048	-1.033	-0.969	-1.010	-1.023	-1.012	-0.743	-1.027	-0.995	-0.990	-0.969	-0.990	-1.013	-1.009	-1.016	-0.963	-1.000	-0.976	-0.966	-0.959	-0.959	-0.963	-0.956	-0.955	-0.960	-0.953	-0.943	-0.953	-0.943	-0.951	-0.953	-0.953	-0.953	-0.953	-0.956	-0.953	-0.954	-0.954	-0.955	-0.976	-0.984	-0.965	-0.965	-0.958	-0.958	-0.964	-0.965	-0.965	-0.966	-0.966	-0.966	-0.965	-0.965	-0.933	-0.958	-0.965	-0.963	-0.965	-0.940	-0.970	-0.974	-1.069	-0.874	-0.872	-1.056	-1.044	-0.885	-1.075	-1.075	-1.075	-1.075	-1.075	-1.075	-1.074	-1.076	-1.072	-0.896	-1.057	-1.060	-0.986	-1.061	-1.075	-1.075	-1.075	-1.061	-1.075	-1.075	-1.075	-1.075	-1.075	-1.075	-1.075	-1.075	-1.075	-1.061	-1.076	-0.930	-1.076	-1.076	-1.072	-1.072	-0.931	-1.076	-1.076	-1.077	-1.076	-1.063	-1.059	-1.076	-1.076	-1.064	-1.078	-1.050	-1.050	-1.050	-1.037	-1.045	-1.045	-1.045	-0.974	-0.974	-1.045	-1.044	-1.045	-1.045	-1.045	-1.045	-1.051	-1.037	-1.045	-1.045	-1.045	-1.045	-1.046	-1.046	-1.049	-1.049	-1.027	-1.012	-1.047	-1.049	-1.049	-1.049	-1.049	-1.054	-1.057	-1.050	-1.051	-1.049	-1.048	-1.051	-1.049	-1.036	
rs62315601     -0.788	-0.781	-0.778	-0.773	-0.770	-0.770	-0.765	-0.767	-0.764	-0.756	-0.623	-0.757	-0.767	-0.767	-0.767	-0.767	-0.767	-0.767	-0.767	-0.775	-0.772	-0.785	-0.754	-0.618	-1.020	-1.024	-0.977	-1.024	-0.974	-1.020	-1.015	-0.974	-1.040	-1.048	-1.033	-0.968	-1.010	-1.023	-1.012	-0.744	-1.026	-0.995	-0.990	-0.968	-0.989	-1.012	-1.009	-1.015	-0.962	-1.000	-0.976	-0.965	-0.959	-0.959	-0.962	-0.955	-0.955	-0.959	-0.952	-0.943	-0.952	-0.943	-0.950	-0.952	-0.952	-0.952	-0.952	-0.956	-0.952	-0.953	-0.953	-0.954	-0.976	-0.984	-0.964	-0.964	-0.957	-0.957	-0.963	-0.964	-0.964	-0.965	-0.965	-0.965	-0.965	-0.964	-0.932	-0.957	-0.964	-0.963	-0.964	-0.939	-0.969	-0.973	-1.070	-0.873	-0.871	-1.057	-1.045	-0.886	-1.076	-1.076	-1.075	-1.075	-1.075	-1.075	-1.074	-1.076	-1.073	-0.897	-1.058	-1.060	-0.987	-1.061	-1.075	-1.075	-1.075	-1.061	-1.075	-1.075	-1.075	-1.075	-1.076	-1.076	-1.076	-1.076	-1.076	-1.061	-1.076	-0.932	-1.076	-1.076	-1.072	-1.072	-0.932	-1.076	-1.076	-1.077	-1.076	-1.063	-1.059	-1.076	-1.076	-1.064	-1.078	-1.051	-1.051	-1.051	-1.038	-1.046	-1.046	-1.046	-0.976	-0.976	-1.046	-1.045	-1.046	-1.046	-1.046	-1.046	-1.052	-1.038	-1.046	-1.046	-1.046	-1.046	-1.047	-1.047	-1.050	-1.050	-1.028	-1.014	-1.048	-1.050	-1.050	-1.050	-1.050	-1.055	-1.058	-1.051	-1.052	-1.050	-1.049	-1.052	-1.050	-1.037	
rs978414       -0.788	-0.781	-0.778	-0.773	-0.770	-0.770	-0.765	-0.767	-0.764	-0.756	-0.757	-0.623	-0.767	-0.767	-0.767	-0.767	-0.767	-0.767	-0.767	-0.775	-0.772	-0.785	-0.754	-0.618	-1.020	-1.024	-0.977	-1.024	-0.974	-1.020	-1.015	-0.974	-1.040	-1.048	-1.033	-0.968	-1.010	-1.023	-1.012	-0.745	-1.026	-0.995	-0.990	-0.968	-0.989	-1.012	-1.009	-1.015	-0.962	-1.000	-0.976	-0.965	-0.959	-0.959	-0.962	-0.955	-0.955	-0.959	-0.952	-0.943	-0.952	-0.943	-0.950	-0.952	-0.952	-0.952	-0.952	-0.956	-0.952	-0.953	-0.953	-0.954	-0.976	-0.984	-0.964	-0.964	-0.957	-0.957	-0.963	-0.964	-0.964	-0.965	-0.965	-0.965	-0.965	-0.964	-0.932	-0.957	-0.964	-0.963	-0.964	-0.939	-0.969	-0.973	-1.070	-0.873	-0.871	-1.057	-1.045	-0.886	-1.076	-1.076	-1.075	-1.075	-1.075	-1.075	-1.074	-1.076	-1.073	-0.897	-1.058	-1.060	-0.987	-1.061	-1.075	-1.075	-1.075	-1.061	-1.075	-1.075	-1.075	-1.075	-1.076	-1.076	-1.076	-1.076	-1.076	-1.061	-1.076	-0.932	-1.076	-1.076	-1.072	-1.072	-0.932	-1.076	-1.076	-1.077	-1.076	-1.063	-1.059	-1.076	-1.076	-1.064	-1.078	-1.051	-1.051	-1.051	-1.038	-1.046	-1.046	-1.046	-0.976	-0.976	-1.046	-1.045	-1.046	-1.046	-1.046	-1.046	-1.052	-1.038	-1.046	-1.046	-1.046	-1.046	-1.047	-1.047	-1.050	-1.050	-1.028	-1.014	-1.048	-1.050	-1.050	-1.050	-1.050	-1.055	-1.058	-1.051	-1.052	-1.050	-1.049	-1.052	-1.050	-1.037	
rs1377717      -0.793	-0.785	-0.783	-0.778	-0.776	-0.776	-0.771	-0.774	-0.770	-0.766	-0.767	-0.767	-0.624	-0.759	-0.759	-0.759	-0.759	-0.759	-0.759	-0.769	-0.766	-0.781	-0.750	-0.620	-1.020	-1.024	-0.976	-1.024	-0.974	-1.020	-1.015	-0.974	-1.040	-1.048	-1.033	-0.967	-1.010	-1.023	-1.012	-0.746	-1.027	-0.995	-0.990	-0.968	-0.989	-1.012	-1.009	-1.015	-0.962	-1.000	-0.976	-0.965	-0.958	-0.958	-0.962	-0.955	-0.954	-0.959	-0.952	-0.942	-0.952	-0.942	-0.950	-0.952	-0.952	-0.952	-0.952	-0.955	-0.952	-0.953	-0.953	-0.954	-0.975	-0.984	-0.964	-0.964	-0.957	-0.957	-0.963	-0.964	-0.964	-0.965	-0.965	-0.965	-0.965	-0.964	-0.932	-0.957	-0.964	-0.962	-0.964	-0.939	-0.969	-0.973	-1.070	-0.873	-0.870	-1.057	-1.046	-0.888	-1.076	-1.076	-1.076	-1.076	-1.076	-1.076	-1.075	-1.076	-1.074	-0.899	-1.059	-1.061	-0.989	-1.061	-1.075	-1.075	-1.075	-1.062	-1.076	-1.076	-1.076	-1.076	-1.076	-1.076	-1.076	-1.076	-1.076	-1.061	-1.076	-0.933	-1.076	-1.076	-1.073	-1.073	-0.933	-1.077	-1.077	-1.078	-1.077	-1.064	-1.060	-1.077	-1.077	-1.065	-1.079	-1.052	-1.052	-1.052	-1.039	-1.047	-1.047	-1.047	-0.977	-0.977	-1.047	-1.046	-1.048	-1.048	-1.047	-1.047	-1.053	-1.039	-1.048	-1.048	-1.048	-1.048	-1.048	-1.049	-1.051	-1.052	-1.030	-1.015	-1.050	-1.052	-1.052	-1.052	-1.052	-1.056	-1.059	-1.053	-1.053	-1.051	-1.050	-1.053	-1.052	-1.038	
rs143524533    -0.795	-0.785	-0.783	-0.778	-0.776	-0.776	-0.770	-0.774	-0.769	-0.764	-0.767	-0.767	-0.759	-0.624	-0.759	-0.759	-0.759	-0.759	-0.760	-0.769	-0.767	-0.782	-0.758	-0.622	-1.019	-1.023	-0.975	-1.023	-0.973	-1.019	-1.014	-0.972	-1.040	-1.048	-1.032	-0.966	-1.009	-1.022	-1.011	-0.748	-1.026	-0.994	-0.989	-0.967	-0.988	-1.012	-1.009	-1.015	-0.961	-0.999	-0.976	-0.964	-0.957	-0.957	-0.961	-0.954	-0.953	-0.958	-0.951	-0.941	-0.951	-0.941	-0.949	-0.951	-0.951	-0.951	-0.951	-0.954	-0.951	-0.951	-0.951	-0.953	-0.975	-0.983	-0.963	-0.963	-0.956	-0.956	-0.962	-0.963	-0.963	-0.964	-0.964	-0.964	-0.964	-0.963	-0.931	-0.956	-0.963	-0.961	-0.963	-0.937	-0.968	-0.972	-1.070	-0.871	-0.869	-1.057	-1.047	-0.890	-1.077	-1.076	-1.076	-1.076	-1.076	-1.076	-1.075	-1.077	-1.074	-0.901	-1.059	-1.061	-0.990	-1.062	-1.076	-1.076	-1.076	-1.062	-1.076	-1.076	-1.076	-1.076	-1.076	-1.076	-1.076	-1.076	-1.077	-1.061	-1.077	-0.935	-1.077	-1.077	-1.073	-1.073	-0.935	-1.077	-1.077	-1.078	-1.077	-1.064	-1.060	-1.077	-1.077	-1.065	-1.079	-1.054	-1.054	-1.054	-1.041	-1.049	-1.049	-1.049	-0.980	-0.980	-1.049	-1.048	-1.049	-1.049	-1.049	-1.049	-1.054	-1.041	-1.049	-1.049	-1.049	-1.049	-1.050	-1.050	-1.053	-1.053	-1.031	-1.017	-1.051	-1.053	-1.053	-1.053	-1.053	-1.057	-1.061	-1.054	-1.054	-1.053	-1.052	-1.054	-1.053	-1.040	
rs3959607      -0.795	-0.785	-0.783	-0.778	-0.776	-0.776	-0.770	-0.774	-0.769	-0.764	-0.767	-0.767	-0.759	-0.759	-0.624	-0.759	-0.759	-0.759	-0.760	-0.769	-0.767	-0.782	-0.758	-0.622	-1.019	-1.023	-0.975	-1.023	-0.973	-1.019	-1.014	-0.972	-1.040	-1.048	-1.032	-0.966	-1.009	-1.022	-1.011	-0.748	-1.026	-0.994	-0.989	-0.967	-0.988	-1.012	-1.009	-1.015	-0.961	-0.999	-0.976	-0.964	-0.957	-0.957	-0.961	-0.954	-0.953	-0.958	-0.951	-0.941	-0.951	-0.941	-0.949	-0.951	-0.951	-0.951	-0.951	-0.954	-0.950	-0.951	-0.951	-0.953	-0.975	-0.983	-0.963	-0.963	-0.956	-0.956	-0.962	-0.963	-0.963	-0.964	-0.964	-0.964	-0.964	-0.963	-0.931	-0.956	-0.963	-0.961	-0.963	-0.937	-0.968	-0.972	-1.070	-0.871	-0.869	-1.057	-1.047	-0.890	-1.077	-1.076	-1.076	-1.076	-1.076	-1.076	-1.075	-1.077	-1.074	-0.901	-1.059	-1.061	-0.990	-1.062	-1.076	-1.076	-1.076	-1.062	-1.076	-1.076	-1.076	-1.076	-1.076	-1.076	-1.076	-1.076	-1.077	-1.061	-1.077	-0.935	-1.077	-1.077	-1.073	-1.073	-0.935	-1.077	-1.077	-1.078	-1.077	-1.064	-1.060	-1.077	-1.077	-1.065	-1.079	-1.054	-1.054	-1.054	-1.041	-1.049	-1.049	-1.049	-0.980	-0.980	-1.049	-1.048	-1.049	-1.049	-1.049	-1.049	-1.054	-1.041	-1.049	-1.049	-1.049	-1.049	-1.050	-1.050	-1.053	-1.053	-1.031	-1.017	-1.051	-1.053	-1.053	-1.053	-1.053	-1.057	-1.061	-1.054	-1.054	-1.053	-1.052	-1.054	-1.053	-1.040	
rs4286599      -0.795	-0.785	-0.783	-0.778	-0.776	-0.776	-0.770	-0.774	-0.769	-0.764	-0.767	-0.767	-0.759	-0.759	-0.759	-0.624	-0.759	-0.759	-0.760	-0.769	-0.767	-0.782	-0.758	-0.622	-1.019	-1.023	-0.975	-1.023	-0.973	-1.019	-1.014	-0.972	-1.040	-1.048	-1.032	-0.966	-1.009	-1.022	-1.011	-0.748	-1.026	-0.994	-0.989	-0.967	-0.988	-1.012	-1.009	-1.015	-0.961	-0.999	-0.976	-0.964	-0.957	-0.957	-0.961	-0.954	-0.953	-0.958	-0.951	-0.941	-0.951	-0.941	-0.949	-0.951	-0.951	-0.951	-0.951	-0.954	-0.950	-0.951	-0.951	-0.953	-0.975	-0.983	-0.963	-0.963	-0.956	-0.956	-0.962	-0.963	-0.963	-0.964	-0.964	-0.964	-0.964	-0.963	-0.931	-0.956	-0.963	-0.961	-0.963	-0.937	-0.968	-0.972	-1.070	-0.871	-0.869	-1.057	-1.047	-0.890	-1.077	-1.076	-1.076	-1.076	-1.076	-1.076	-1.075	-1.077	-1.074	-0.901	-1.059	-1.061	-0.990	-1.062	-1.076	-1.076	-1.076	-1.062	-1.076	-1.076	-1.076	-1.076	-1.076	-1.076	-1.076	-1.076	-1.077	-1.061	-1.077	-0.935	-1.077	-1.077	-1.073	-1.073	-0.935	-1.077	-1.077	-1.078	-1.077	-1.064	-1.060	-1.077	-1.077	-1.065	-1.079	-1.054	-1.054	-1.054	-1.041	-1.049	-1.049	-1.049	-0.980	-0.980	-1.049	-1.048	-1.049	-1.049	-1.049	-1.049	-1.054	-1.041	-1.049	-1.049	-1.049	-1.049	-1.050	-1.050	-1.053	-1.053	-1.031	-1.017	-1.051	-1.053	-1.053	-1.053	-1.053	-1.058	-1.061	-1.054	-1.054	-1.053	-1.052	-1.054	-1.053	-1.040	
rs17237763     -0.795	-0.786	-0.784	-0.779	-0.776	-0.777	-0.770	-0.775	-0.769	-0.765	-0.767	-0.767	-0.759	-0.759	-0.759	-0.759	-0.624	-0.759	-0.759	-0.766	-0.764	-0.780	-0.754	-0.622	-1.019	-1.023	-0.975	-1.023	-0.972	-1.019	-1.014	-0.972	-1.040	-1.048	-1.032	-0.966	-1.009	-1.022	-1.011	-0.748	-1.026	-0.994	-0.989	-0.967	-0.988	-1.012	-1.008	-1.015	-0.961	-0.999	-0.976	-0.963	-0.957	-0.957	-0.960	-0.954	-0.953	-0.958	-0.951	-0.941	-0.951	-0.941	-0.948	-0.951	-0.950	-0.951	-0.950	-0.954	-0.950	-0.951	-0.951	-0.953	-0.975	-0.983	-0.963	-0.963	-0.956	-0.956	-0.962	-0.962	-0.963	-0.963	-0.963	-0.963	-0.963	-0.963	-0.931	-0.956	-0.963	-0.961	-0.963	-0.937	-0.968	-0.972	-1.070	-0.871	-0.869	-1.057	-1.047	-0.889	-1.076	-1.076	-1.076	-1.076	-1.076	-1.076	-1.075	-1.077	-1.074	-0.901	-1.059	-1.061	-0.990	-1.062	-1.076	-1.076	-1.076	-1.062	-1.076	-1.076	-1.076	-1.076	-1.076	-1.076	-1.076	-1.076	-1.076	-1.061	-1.077	-0.935	-1.077	-1.077	-1.073	-1.073	-0.935	-1.077	-1.077	-1.078	-1.077	-1.064	-1.060	-1.077	-1.077	-1.065	-1.079	-1.054	-1.054	-1.054	-1.041	-1.049	-1.049	-1.049	-0.979	-0.979	-1.049	-1.048	-1.049	-1.049	-1.049	-1.049	-1.054	-1.040	-1.049	-1.049	-1.049	-1.049	-1.050	-1.050	-1.053	-1.053	-1.031	-1.017	-1.051	-1.053	-1.053	-1.053	-1.053	-1.057	-1.061	-1.054	-1.054	-1.053	-1.052	-1.054	-1.053	-1.040	
rs17827298     -0.795	-0.786	-0.784	-0.779	-0.776	-0.777	-0.770	-0.775	-0.769	-0.765	-0.767	-0.767	-0.759	-0.759	-0.759	-0.759	-0.759	-0.624	-0.759	-0.766	-0.764	-0.780	-0.754	-0.622	-1.019	-1.023	-0.975	-1.023	-0.972	-1.019	-1.014	-0.972	-1.040	-1.048	-1.032	-0.966	-1.009	-1.022	-1.011	-0.748	-1.026	-0.994	-0.989	-0.967	-0.988	-1.012	-1.008	-1.015	-0.961	-0.999	-0.976	-0.963	-0.957	-0.957	-0.960	-0.954	-0.953	-0.958	-0.951	-0.941	-0.951	-0.941	-0.948	-0.951	-0.950	-0.951	-0.950	-0.954	-0.950	-0.951	-0.951	-0.953	-0.975	-0.983	-0.962	-0.962	-0.956	-0.956	-0.962	-0.962	-0.963	-0.963	-0.963	-0.963	-0.963	-0.963	-0.931	-0.956	-0.963	-0.961	-0.963	-0.937	-0.968	-0.972	-1.070	-0.871	-0.869	-1.057	-1.047	-0.889	-1.076	-1.076	-1.076	-1.076	-1.076	-1.076	-1.075	-1.077	-1.074	-0.901	-1.059	-1.061	-0.990	-1.062	-1.076	-1.076	-1.076	-1.062	-1.076	-1.076	-1.076	-1.076	-1.076	-1.076	-1.076	-1.076	-1.076	-1.061	-1.077	-0.935	-1.077	-1.077	-1.073	-1.073	-0.935	-1.077	-1.077	-1.078	-1.077	-1.064	-1.060	-1.077	-1.077	-1.065	-1.079	-1.054	-1.054	-1.054	-1.041	-1.049	-1.049	-1.049	-0.979	-0.979	-1.049	-1.048	-1.049	-1.049	-1.049	-1.049	-1.054	-1.040	-1.049	-1.049	-1.049	-1.049	-1.050	-1.050	-1.053	-1.053	-1.031	-1.017	-1.051	-1.053	-1.053	-1.053	-1.053	-1.057	-1.061	-1.054	-1.054	-1.053	-1.052	-1.054	-1.053	-1.040	
rs10008573     -0.795	-0.785	-0.783	-0.778	-0.776	-0.776	-0.770	-0.775	-0.769	-0.765	-0.767	-0.767	-0.759	-0.760	-0.760	-0.760	-0.759	-0.759	-0.624	-0.764	-0.762	-0.779	-0.752	-0.622	-1.018	-1.023	-0.974	-1.023	-0.972	-1.019	-1.014	-0.972	-1.040	-1.047	-1.032	-0.965	-1.009	-1.021	-1.010	-0.748	-1.026	-0.993	-0.988	-0.966	-0.988	-1.011	-1.008	-1.014	-0.960	-0.999	-0.976	-0.963	-0.957	-0.957	-0.960	-0.953	-0.953	-0.957	-0.950	-0.940	-0.950	-0.940	-0.948	-0.950	-0.950	-0.950	-0.950	-0.954	-0.950	-0.951	-0.951	-0.952	-0.974	-0.983	-0.962	-0.962	-0.955	-0.955	-0.961	-0.962	-0.962	-0.963	-0.963	-0.963	-0.963	-0.963	-0.931	-0.956	-0.962	-0.961	-0.963	-0.937	-0.968	-0.971	-1.070	-0.871	-0.868	-1.057	-1.047	-0.890	-1.076	-1.076	-1.076	-1.076	-1.076	-1.076	-1.075	-1.076	-1.074	-0.902	-1.059	-1.061	-0.991	-1.061	-1.075	-1.075	-1.075	-1.062	-1.076	-1.076	-1.076	-1.076	-1.076	-1.076	-1.076	-1.076	-1.076	-1.061	-1.076	-0.935	-1.076	-1.077	-1.073	-1.073	-0.935	-1.077	-1.077	-1.078	-1.077	-1.064	-1.060	-1.077	-1.077	-1.065	-1.079	-1.054	-1.054	-1.054	-1.041	-1.049	-1.049	-1.049	-0.980	-0.980	-1.049	-1.048	-1.049	-1.049	-1.049	-1.049	-1.055	-1.041	-1.049	-1.049	-1.049	-1.049	-1.050	-1.050	-1.053	-1.053	-1.031	-1.017	-1.051	-1.053	-1.053	-1.053	-1.053	-1.058	-1.061	-1.054	-1.054	-1.053	-1.052	-1.054	-1.053	-1.040	
rs17827311     -0.800	-0.791	-0.789	-0.785	-0.783	-0.783	-0.777	-0.782	-0.777	-0.773	-0.775	-0.775	-0.769	-0.769	-0.769	-0.769	-0.766	-0.766	-0.764	-0.625	-0.759	-0.777	-0.745	-0.623	-1.019	-1.023	-0.975	-1.023	-0.972	-1.019	-1.014	-0.972	-1.040	-1.048	-1.032	-0.966	-1.009	-1.022	-1.011	-0.748	-1.026	-0.994	-0.988	-0.967	-0.988	-1.012	-1.008	-1.015	-0.961	-0.999	-0.976	-0.963	-0.957	-0.957	-0.960	-0.953	-0.953	-0.957	-0.951	-0.941	-0.951	-0.941	-0.948	-0.951	-0.950	-0.950	-0.950	-0.954	-0.950	-0.951	-0.951	-0.953	-0.975	-0.983	-0.962	-0.962	-0.956	-0.956	-0.962	-0.962	-0.963	-0.963	-0.963	-0.963	-0.963	-0.963	-0.931	-0.956	-0.962	-0.961	-0.963	-0.937	-0.968	-0.972	-1.071	-0.871	-0.868	-1.057	-1.047	-0.890	-1.077	-1.077	-1.076	-1.076	-1.076	-1.076	-1.075	-1.077	-1.074	-0.902	-1.059	-1.061	-0.991	-1.062	-1.076	-1.076	-1.076	-1.062	-1.076	-1.076	-1.076	-1.076	-1.077	-1.077	-1.077	-1.077	-1.077	-1.062	-1.077	-0.935	-1.077	-1.077	-1.073	-1.073	-0.936	-1.077	-1.077	-1.078	-1.077	-1.064	-1.060	-1.077	-1.077	-1.065	-1.079	-1.054	-1.054	-1.054	-1.041	-1.049	-1.049	-1.049	-0.980	-0.980	-1.049	-1.048	-1.049	-1.049	-1.049	-1.049	-1.055	-1.041	-1.049	-1.049	-1.050	-1.050	-1.050	-1.051	-1.053	-1.053	-1.032	-1.017	-1.051	-1.054	-1.054	-1.054	-1.054	-1.058	-1.061	-1.054	-1.055	-1.053	-1.052	-1.055	-1.054	-1.040	
rs7686869      -0.798	-0.788	-0.786	-0.781	-0.779	-0.779	-0.773	-0.778	-0.772	-0.769	-0.772	-0.772	-0.766	-0.767	-0.767	-0.767	-0.764	-0.764	-0.762	-0.759	-0.625	-0.776	-0.750	-0.623	-1.018	-1.022	-0.974	-1.022	-0.971	-1.018	-1.013	-0.971	-1.039	-1.047	-1.031	-0.964	-1.008	-1.021	-1.010	-0.749	-1.025	-0.993	-0.988	-0.965	-0.987	-1.011	-1.008	-1.014	-0.959	-0.998	-0.975	-0.962	-0.956	-0.956	-0.959	-0.952	-0.952	-0.956	-0.950	-0.939	-0.950	-0.939	-0.947	-0.949	-0.949	-0.949	-0.949	-0.953	-0.949	-0.950	-0.950	-0.951	-0.974	-0.982	-0.961	-0.961	-0.954	-0.954	-0.961	-0.961	-0.962	-0.962	-0.962	-0.962	-0.962	-0.962	-0.930	-0.955	-0.961	-0.960	-0.962	-0.936	-0.967	-0.971	-1.070	-0.870	-0.867	-1.057	-1.048	-0.891	-1.076	-1.076	-1.076	-1.076	-1.076	-1.076	-1.075	-1.076	-1.074	-0.903	-1.059	-1.061	-0.991	-1.061	-1.075	-1.075	-1.075	-1.062	-1.076	-1.076	-1.076	-1.076	-1.076	-1.076	-1.076	-1.076	-1.076	-1.061	-1.076	-0.936	-1.076	-1.076	-1.073	-1.073	-0.936	-1.077	-1.077	-1.078	-1.077	-1.064	-1.060	-1.077	-1.077	-1.065	-1.079	-1.054	-1.054	-1.055	-1.042	-1.050	-1.050	-1.050	-0.981	-0.981	-1.050	-1.049	-1.050	-1.050	-1.050	-1.050	-1.055	-1.041	-1.050	-1.050	-1.050	-1.050	-1.050	-1.051	-1.054	-1.054	-1.032	-1.018	-1.052	-1.054	-1.054	-1.054	-1.054	-1.058	-1.062	-1.055	-1.055	-1.054	-1.052	-1.055	-1.054	-1.041	
rs62315606     -0.805	-0.796	-0.795	-0.791	-0.789	-0.789	-0.785	-0.790	-0.785	-0.783	-0.785	-0.785	-0.781	-0.782	-0.782	-0.782	-0.780	-0.780	-0.779	-0.777	-0.776	-0.625	-0.768	-0.623	-1.019	-1.023	-0.975	-1.023	-0.972	-1.019	-1.014	-0.972	-1.040	-1.048	-1.032	-0.966	-1.009	-1.022	-1.011	-0.749	-1.026	-0.994	-0.989	-0.967	-0.988	-1.012	-1.009	-1.015	-0.961	-0.999	-0.976	-0.964	-0.957	-0.957	-0.961	-0.954	-0.953	-0.958	-0.951	-0.941	-0.951	-0.941	-0.948	-0.951	-0.950	-0.951	-0.950	-0.954	-0.950	-0.951	-0.951	-0.953	-0.975	-0.983	-0.963	-0.963	-0.956	-0.956	-0.962	-0.962	-0.963	-0.963	-0.963	-0.963	-0.963	-0.963	-0.931	-0.956	-0.963	-0.961	-0.963	-0.937	-0.968	-0.972	-1.071	-0.871	-0.868	-1.058	-1.048	-0.890	-1.077	-1.077	-1.077	-1.077	-1.077	-1.077	-1.076	-1.077	-1.075	-0.902	-1.060	-1.062	-0.991	-1.062	-1.076	-1.076	-1.076	-1.062	-1.076	-1.076	-1.077	-1.077	-1.077	-1.077	-1.077	-1.077	-1.077	-1.062	-1.077	-0.936	-1.077	-1.077	-1.073	-1.073	-0.936	-1.077	-1.077	-1.079	-1.077	-1.064	-1.061	-1.078	-1.078	-1.065	-1.079	-1.055	-1.055	-1.055	-1.042	-1.050	-1.050	-1.050	-0.981	-0.981	-1.050	-1.049	-1.050	-1.050	-1.050	-1.050	-1.056	-1.042	-1.050	-1.050	-1.051	-1.051	-1.051	-1.052	-1.054	-1.054	-1.033	-1.019	-1.052	-1.054	-1.055	-1.055	-1.055	-1.059	-1.062	-1.055	-1.056	-1.054	-1.053	-1.056	-1.055	-1.041	
rs17237784     -0.782	-0.766	-0.765	-0.759	-0.756	-0.757	-0.746	-0.757	-0.746	-0.747	-0.754	-0.754	-0.750	-0.758	-0.758	-0.758	-0.754	-0.754	-0.752	-0.745	-0.750	-0.768	-0.623	-0.627	-1.012	-1.016	-0.965	-1.016	-0.962	-1.012	-1.007	-0.962	-1.034	-1.042	-1.026	-0.955	-1.001	-1.015	-1.003	-0.753	-1.020	-0.986	-0.981	-0.958	-0.980	-1.005	-1.002	-1.009	-0.952	-0.993	-0.971	-0.955	-0.948	-0.948	-0.952	-0.945	-0.944	-0.949	-0.942	-0.931	-0.942	-0.931	-0.939	-0.942	-0.942	-0.942	-0.942	-0.945	-0.941	-0.942	-0.942	-0.944	-0.968	-0.976	-0.954	-0.954	-0.947	-0.947	-0.953	-0.954	-0.954	-0.955	-0.955	-0.955	-0.955	-0.955	-0.923	-0.947	-0.954	-0.953	-0.955	-0.928	-0.960	-0.964	-1.068	-0.861	-0.858	-1.054	-1.048	-0.894	-1.074	-1.074	-1.074	-1.074	-1.074	-1.074	-1.072	-1.074	-1.073	-0.907	-1.058	-1.060	-0.994	-1.059	-1.073	-1.073	-1.073	-1.059	-1.073	-1.073	-1.073	-1.074	-1.074	-1.074	-1.074	-1.074	-1.074	-1.059	-1.074	-0.939	-1.074	-1.074	-1.070	-1.070	-0.940	-1.074	-1.074	-1.076	-1.074	-1.061	-1.057	-1.074	-1.075	-1.062	-1.076	-1.057	-1.056	-1.057	-1.043	-1.052	-1.052	-1.052	-0.985	-0.985	-1.052	-1.051	-1.052	-1.052	-1.052	-1.052	-1.057	-1.043	-1.052	-1.052	-1.052	-1.052	-1.053	-1.053	-1.056	-1.056	-1.035	-1.021	-1.054	-1.056	-1.056	-1.056	-1.056	-1.060	-1.063	-1.057	-1.057	-1.056	-1.055	-1.057	-1.056	-1.043	
rs72630988     -0.613	-0.611	-0.613	-0.613	-0.613	-0.613	-0.612	-0.614	-0.613	-0.617	-0.618	-0.618	-0.620	-0.622	-0.622	-0.622	-0.622	-0.622	-0.622	-0.623	-0.623	-0.623	-0.627	-0.108	-0.606	-0.609	-0.581	-0.609	-0.579	-0.607	-0.602	-0.579	-0.620	-0.624	-0.615	-0.574	-0.599	-0.608	-0.601	-0.419	-0.604	-0.581	-0.578	-0.561	-0.578	-0.592	-0.590	-0.595	-0.557	-0.577	-0.550	-0.559	-0.554	-0.554	-0.557	-0.552	-0.551	-0.554	-0.549	-0.541	-0.549	-0.541	-0.547	-0.549	-0.549	-0.549	-0.549	-0.551	-0.549	-0.549	-0.549	-0.550	-0.560	-0.566	-0.558	-0.558	-0.553	-0.553	-0.557	-0.558	-0.558	-0.558	-0.559	-0.559	-0.558	-0.558	-0.524	-0.553	-0.558	-0.557	-0.558	-0.538	-0.562	-0.565	-0.630	-0.481	-0.479	-0.616	-0.575	-0.525	-0.633	-0.633	-0.633	-0.633	-0.633	-0.633	-0.633	-0.633	-0.621	-0.535	-0.605	-0.608	-0.597	-0.619	-0.633	-0.633	-0.633	-0.619	-0.633	-0.633	-0.633	-0.633	-0.634	-0.634	-0.634	-0.634	-0.634	-0.619	-0.634	-0.559	-0.634	-0.634	-0.633	-0.633	-0.559	-0.634	-0.634	-0.634	-0.634	-0.620	-0.619	-0.634	-0.634	-0.620	-0.633	-0.572	-0.572	-0.572	-0.557	-0.565	-0.565	-0.565	-0.478	-0.478	-0.565	-0.564	-0.565	-0.565	-0.565	-0.565	-0.573	-0.556	-0.566	-0.565	-0.566	-0.566	-0.566	-0.567	-0.570	-0.571	-0.541	-0.523	-0.568	-0.571	-0.571	-0.571	-0.571	-0.577	-0.582	-0.573	-0.573	-0.570	-0.569	-0.573	-0.571	-0.553	
rs35886686     -1.018	-1.019	-1.020	-1.020	-1.020	-1.020	-1.020	-1.020	-1.020	-1.020	-1.020	-1.020	-1.020	-1.019	-1.019	-1.019	-1.019	-1.019	-1.018	-1.019	-1.018	-1.019	-1.012	-0.606	-0.571	-0.704	-0.753	-0.704	-0.746	-0.702	-0.713	-0.746	-0.688	-0.649	-0.704	-0.746	-0.694	-0.742	-0.727	-0.735	-0.849	-0.827	-0.824	-0.804	-0.822	-0.846	-0.845	-0.848	-0.798	-0.860	-0.874	-0.802	-0.799	-0.799	-0.799	-0.796	-0.795	-0.796	-0.788	-0.777	-0.788	-0.777	-0.786	-0.788	-0.788	-0.788	-0.788	-0.793	-0.788	-0.790	-0.790	-0.792	-0.830	-0.837	-0.803	-0.803	-0.796	-0.796	-0.804	-0.805	-0.806	-0.807	-0.807	-0.807	-0.807	-0.807	-0.799	-0.799	-0.807	-0.805	-0.807	-0.781	-0.813	-0.817	-0.865	-0.783	-0.780	-0.941	-0.812	-0.870	-0.913	-0.914	-0.915	-0.915	-0.915	-0.915	-0.917	-0.916	-0.889	-0.891	-0.914	-0.924	-0.964	-0.944	-0.918	-0.918	-0.918	-0.945	-0.919	-0.919	-0.919	-0.919	-0.918	-0.918	-0.918	-0.918	-0.918	-0.946	-0.918	-0.912	-0.918	-0.918	-0.923	-0.923	-0.912	-0.918	-0.918	-0.916	-0.918	-0.945	-0.947	-0.918	-0.918	-0.944	-0.914	-0.769	-0.769	-0.769	-0.819	-0.755	-0.755	-0.755	-0.605	-0.605	-0.755	-0.752	-0.756	-0.756	-0.755	-0.755	-0.776	-0.819	-0.756	-0.756	-0.757	-0.757	-0.758	-0.760	-0.767	-0.768	-0.711	-0.674	-0.762	-0.769	-0.769	-0.769	-0.769	-0.781	-0.793	-0.773	-0.773	-0.768	-0.769	-0.773	-0.769	-0.732	
rs17089520     -1.022	-1.023	-1.024	-1.024	-1.024	-1.024	-1.024	-1.024	-1.024	-1.024	-1.024	-1.024	-1.024	-1.023	-1.023	-1.023	-1.023	-1.023	-1.023	-1.023	-1.022	-1.023	-1.016	-0.609	-0.704	-0.575	-0.751	-0.706	-0.744	-0.704	-0.714	-0.743	-0.703	-0.675	-0.714	-0.743	-0.692	-0.743	-0.726	-0.737	-0.852	-0.828	-0.824	-0.803	-0.822	-0.848	-0.847	-0.850	-0.797	-0.862	-0.876	-0.801	-0.798	-0.798	-0.798	-0.794	-0.794	-0.795	-0.787	-0.775	-0.787	-0.775	-0.784	-0.787	-0.787	-0.787	-0.787	-0.792	-0.787	-0.788	-0.788	-0.790	-0.831	-0.838	-0.802	-0.802	-0.794	-0.794	-0.803	-0.804	-0.805	-0.806	-0.806	-0.806	-0.806	-0.806	-0.799	-0.798	-0.806	-0.804	-0.806	-0.779	-0.812	-0.816	-0.872	-0.782	-0.779	-0.945	-0.820	-0.871	-0.919	-0.919	-0.920	-0.920	-0.920	-0.920	-0.922	-0.921	-0.895	-0.893	-0.920	-0.929	-0.967	-0.948	-0.923	-0.923	-0.923	-0.949	-0.924	-0.924	-0.924	-0.924	-0.923	-0.924	-0.924	-0.924	-0.924	-0.950	-0.924	-0.913	-0.924	-0.924	-0.928	-0.928	-0.914	-0.923	-0.923	-0.921	-0.923	-0.949	-0.951	-0.923	-0.923	-0.948	-0.919	-0.778	-0.778	-0.779	-0.827	-0.765	-0.764	-0.765	-0.616	-0.616	-0.764	-0.762	-0.765	-0.765	-0.765	-0.765	-0.785	-0.827	-0.766	-0.765	-0.766	-0.766	-0.767	-0.769	-0.777	-0.778	-0.722	-0.685	-0.772	-0.778	-0.778	-0.778	-0.778	-0.791	-0.802	-0.783	-0.782	-0.777	-0.779	-0.782	-0.779	-0.742	
rs4865342      -0.976	-0.978	-0.978	-0.978	-0.978	-0.978	-0.979	-0.978	-0.979	-0.978	-0.977	-0.977	-0.976	-0.975	-0.975	-0.975	-0.975	-0.975	-0.974	-0.975	-0.974	-0.975	-0.965	-0.581	-0.753	-0.751	-0.532	-0.751	-0.669	-0.753	-0.757	-0.669	-0.728	-0.709	-0.739	-0.673	-0.758	-0.760	-0.762	-0.723	-0.837	-0.832	-0.831	-0.820	-0.829	-0.837	-0.837	-0.837	-0.817	-0.846	-0.858	-0.819	-0.816	-0.816	-0.818	-0.815	-0.814	-0.816	-0.812	-0.805	-0.812	-0.805	-0.810	-0.812	-0.812	-0.812	-0.812	-0.814	-0.812	-0.813	-0.813	-0.814	-0.830	-0.833	-0.820	-0.820	-0.816	-0.816	-0.821	-0.822	-0.822	-0.823	-0.823	-0.823	-0.823	-0.823	-0.812	-0.819	-0.823	-0.822	-0.823	-0.807	-0.826	-0.829	-0.825	-0.800	-0.798	-0.904	-0.746	-0.855	-0.869	-0.870	-0.871	-0.871	-0.871	-0.871	-0.874	-0.871	-0.836	-0.869	-0.867	-0.877	-0.942	-0.906	-0.875	-0.875	-0.875	-0.907	-0.876	-0.876	-0.875	-0.875	-0.875	-0.875	-0.875	-0.875	-0.875	-0.908	-0.875	-0.896	-0.875	-0.875	-0.882	-0.882	-0.896	-0.875	-0.875	-0.871	-0.875	-0.906	-0.910	-0.874	-0.874	-0.904	-0.868	-0.696	-0.696	-0.696	-0.753	-0.681	-0.680	-0.681	-0.521	-0.521	-0.681	-0.678	-0.682	-0.682	-0.681	-0.681	-0.704	-0.752	-0.682	-0.681	-0.683	-0.683	-0.684	-0.686	-0.694	-0.695	-0.633	-0.606	-0.689	-0.696	-0.696	-0.696	-0.696	-0.710	-0.723	-0.701	-0.700	-0.694	-0.696	-0.700	-0.696	-0.658	
rs28551064     -1.022	-1.023	-1.024	-1.024	-1.024	-1.024	-1.024	-1.024	-1.024	-1.024	-1.024	-1.024	-1.024	-1.023	-1.023	-1.023	-1.023	-1.023	-1.023	-1.023	-1.022	-1.023	-1.016	-0.609	-0.704	-0.706	-0.751	-0.575	-0.743	-0.704	-0.714	-0.743	-0.703	-0.675	-0.714	-0.743	-0.692	-0.743	-0.726	-0.737	-0.852	-0.828	-0.824	-0.803	-0.822	-0.849	-0.847	-0.850	-0.797	-0.862	-0.876	-0.801	-0.798	-0.798	-0.798	-0.794	-0.794	-0.795	-0.787	-0.774	-0.787	-0.775	-0.784	-0.787	-0.787	-0.787	-0.787	-0.791	-0.787	-0.788	-0.788	-0.790	-0.831	-0.838	-0.802	-0.802	-0.794	-0.794	-0.803	-0.804	-0.805	-0.806	-0.806	-0.806	-0.806	-0.806	-0.799	-0.798	-0.806	-0.804	-0.806	-0.779	-0.812	-0.816	-0.872	-0.782	-0.779	-0.946	-0.820	-0.871	-0.919	-0.919	-0.920	-0.920	-0.920	-0.920	-0.922	-0.921	-0.895	-0.893	-0.920	-0.929	-0.967	-0.949	-0.923	-0.923	-0.923	-0.949	-0.924	-0.924	-0.924	-0.924	-0.924	-0.924	-0.924	-0.924	-0.924	-0.950	-0.924	-0.913	-0.924	-0.924	-0.928	-0.928	-0.914	-0.924	-0.924	-0.921	-0.923	-0.949	-0.951	-0.923	-0.923	-0.948	-0.919	-0.779	-0.778	-0.779	-0.827	-0.765	-0.764	-0.765	-0.616	-0.616	-0.765	-0.762	-0.766	-0.766	-0.765	-0.765	-0.785	-0.827	-0.766	-0.765	-0.767	-0.767	-0.767	-0.769	-0.777	-0.778	-0.722	-0.686	-0.772	-0.778	-0.779	-0.779	-0.779	-0.791	-0.803	-0.783	-0.782	-0.777	-0.779	-0.782	-0.779	-0.742	
rs1494104      -0.973	-0.976	-0.976	-0.976	-0.976	-0.976	-0.976	-0.975	-0.977	-0.975	-0.974	-0.974	-0.974	-0.973	-0.973	-0.973	-0.972	-0.972	-0.972	-0.972	-0.971	-0.972	-0.962	-0.579	-0.746	-0.744	-0.669	-0.743	-0.529	-0.746	-0.751	-0.657	-0.718	-0.698	-0.730	-0.680	-0.752	-0.759	-0.761	-0.722	-0.833	-0.829	-0.828	-0.818	-0.826	-0.834	-0.834	-0.834	-0.815	-0.843	-0.855	-0.817	-0.816	-0.816	-0.815	-0.814	-0.814	-0.814	-0.810	-0.803	-0.810	-0.803	-0.808	-0.810	-0.810	-0.810	-0.810	-0.812	-0.810	-0.810	-0.811	-0.812	-0.827	-0.830	-0.818	-0.818	-0.814	-0.814	-0.819	-0.820	-0.820	-0.821	-0.821	-0.821	-0.821	-0.821	-0.810	-0.817	-0.820	-0.820	-0.821	-0.806	-0.824	-0.826	-0.820	-0.799	-0.797	-0.901	-0.739	-0.853	-0.864	-0.865	-0.866	-0.866	-0.866	-0.866	-0.870	-0.867	-0.831	-0.867	-0.863	-0.873	-0.940	-0.902	-0.870	-0.870	-0.871	-0.903	-0.872	-0.871	-0.871	-0.871	-0.871	-0.871	-0.871	-0.871	-0.871	-0.904	-0.871	-0.894	-0.871	-0.871	-0.878	-0.878	-0.894	-0.870	-0.870	-0.866	-0.870	-0.902	-0.906	-0.870	-0.869	-0.900	-0.863	-0.689	-0.689	-0.689	-0.747	-0.673	-0.673	-0.673	-0.512	-0.512	-0.673	-0.670	-0.674	-0.674	-0.674	-0.674	-0.696	-0.747	-0.674	-0.674	-0.675	-0.675	-0.676	-0.679	-0.687	-0.688	-0.625	-0.598	-0.681	-0.688	-0.688	-0.688	-0.689	-0.702	-0.716	-0.694	-0.693	-0.687	-0.689	-0.693	-0.689	-0.650	
