## Summary of overall evidence for association with region:
## log10(BF for region) = -0.335026
## p-value for region = NA

## BFs for choosing among multi-SNP models:
## log10(average 1-SNP BF) = -0.287299
## log10(average 2-SNP BF) = -0.44985

## Example posterior probabilities for multi-SNP models, based on default prior: [p(l) propto 0.5^l for l=1,2,...,L]
## posterior probability of 1-SNP = 0.744109
## posterior probability of 2-SNP = 0.255891

## log10(BF) for single SNP and pair of SNPs:
rs6463713      -0.441	-0.577	-0.561	-0.541	-0.549	-0.568	-0.576	-0.585	-0.558	-0.590	-0.499	-0.498	-0.485	-0.486	-0.494	-0.497	-0.647	-0.526	-0.677	-0.676	-0.658	-0.658	-0.658	-0.658	-0.657	-0.885	-0.662	-0.884	-0.885	-0.566	-0.593	-0.836	-0.594	-0.625	-0.665	-0.885	-0.885	-0.881	-0.435	-0.524	-0.705	-0.647	-0.882	-0.870	-0.436	-0.885	-0.471	-0.657	-0.644	-0.880	-0.650	-0.880	-0.449	-0.643	-0.619	-0.640	-0.640	-0.877	-0.383	-0.626	-0.626	-0.845	-0.626	-0.626	-0.674	-0.674	-0.877	-0.628	-0.877	-0.877	-0.874	-0.624	-0.630	-0.589	-0.863	-0.874	-0.874	-0.623	-0.624	-0.877	-0.877	-0.623	-0.844	-0.418	-0.501	-0.624	-0.877	-0.629	-0.843	-0.388	-0.879	-0.843	-0.879	-0.843	-0.841	-0.630	-0.407	-0.595	-0.591	-0.594	-0.839	-0.594	-0.838	-0.416	-0.878	-0.593	-0.593	-0.593	-0.757	-0.635	-0.755	-0.465	-0.494	-0.603	-0.433	-0.460	-0.654	-0.646	-0.647	-0.704	-0.709	-0.625	-0.700	-0.694	-0.700	-0.703	-0.700	-0.705	-0.576	-0.749	-0.755	-0.678	-0.824	-0.307	-0.372	-0.401	-0.854	-0.435	-0.945	-0.937	-0.848	-0.855	-0.597	+0.434	+0.363	-0.870	
rs6942487      -0.577	-0.436	-0.577	-0.542	-0.549	-0.568	-0.575	-0.584	-0.558	-0.590	-0.490	-0.489	-0.501	-0.501	-0.486	-0.525	-0.650	-0.548	-0.673	-0.672	-0.659	-0.659	-0.659	-0.659	-0.657	-0.881	-0.661	-0.881	-0.881	-0.562	-0.589	-0.832	-0.590	-0.627	-0.664	-0.882	-0.882	-0.877	-0.430	-0.520	-0.706	-0.643	-0.879	-0.866	-0.431	-0.881	-0.471	-0.657	-0.644	-0.876	-0.650	-0.876	-0.449	-0.642	-0.619	-0.640	-0.640	-0.873	-0.378	-0.627	-0.627	-0.840	-0.627	-0.626	-0.672	-0.672	-0.873	-0.628	-0.873	-0.873	-0.870	-0.624	-0.630	-0.591	-0.860	-0.870	-0.870	-0.624	-0.624	-0.874	-0.874	-0.624	-0.840	-0.413	-0.497	-0.624	-0.874	-0.629	-0.839	-0.383	-0.876	-0.839	-0.876	-0.839	-0.837	-0.630	-0.402	-0.596	-0.592	-0.595	-0.835	-0.595	-0.834	-0.411	-0.874	-0.593	-0.593	-0.594	-0.753	-0.631	-0.751	-0.468	-0.497	-0.600	-0.437	-0.463	-0.650	-0.644	-0.646	-0.699	-0.705	-0.621	-0.695	-0.690	-0.696	-0.698	-0.696	-0.701	-0.572	-0.745	-0.750	-0.674	-0.819	-0.302	-0.367	-0.396	-0.850	-0.431	-0.941	-0.933	-0.844	-0.851	-0.593	+0.439	+0.368	-0.866	
rs2881960      -0.561	-0.577	-0.441	-0.543	-0.550	-0.569	-0.577	-0.586	-0.559	-0.591	-0.495	-0.494	-0.486	-0.487	-0.491	-0.492	-0.646	-0.522	-0.676	-0.675	-0.657	-0.657	-0.657	-0.657	-0.656	-0.884	-0.661	-0.884	-0.884	-0.566	-0.593	-0.836	-0.594	-0.625	-0.664	-0.885	-0.885	-0.881	-0.435	-0.524	-0.706	-0.646	-0.882	-0.870	-0.436	-0.885	-0.471	-0.657	-0.644	-0.880	-0.650	-0.880	-0.449	-0.643	-0.619	-0.640	-0.640	-0.877	-0.383	-0.626	-0.626	-0.845	-0.626	-0.626	-0.673	-0.673	-0.877	-0.628	-0.877	-0.877	-0.874	-0.624	-0.630	-0.590	-0.864	-0.874	-0.874	-0.623	-0.624	-0.877	-0.877	-0.623	-0.844	-0.418	-0.501	-0.624	-0.877	-0.629	-0.843	-0.388	-0.879	-0.843	-0.880	-0.843	-0.841	-0.630	-0.407	-0.595	-0.591	-0.594	-0.839	-0.594	-0.838	-0.416	-0.878	-0.593	-0.593	-0.594	-0.758	-0.636	-0.756	-0.465	-0.494	-0.604	-0.434	-0.461	-0.654	-0.646	-0.648	-0.704	-0.709	-0.625	-0.700	-0.694	-0.701	-0.703	-0.700	-0.705	-0.576	-0.749	-0.755	-0.678	-0.824	-0.307	-0.373	-0.401	-0.854	-0.436	-0.945	-0.937	-0.849	-0.855	-0.597	+0.433	+0.362	-0.870	
rs12112300     -0.541	-0.542	-0.543	-0.350	-0.460	-0.469	-0.469	-0.468	-0.470	-0.594	-0.563	-0.563	-0.470	-0.470	-0.562	-0.569	-0.596	-0.571	-0.377	-0.376	-0.574	-0.573	-0.573	-0.573	-0.563	-0.774	-0.554	-0.778	-0.777	-0.437	-0.468	-0.757	-0.468	-0.632	-0.559	-0.781	-0.780	-0.769	-0.328	-0.421	-0.687	-0.352	-0.773	-0.734	-0.328	-0.793	-0.460	-0.605	-0.599	-0.793	-0.601	-0.794	-0.438	-0.598	-0.584	-0.597	-0.596	-0.793	-0.273	-0.589	-0.589	-0.760	-0.589	-0.589	-0.591	-0.590	-0.793	-0.590	-0.793	-0.793	-0.792	-0.587	-0.591	-0.562	-0.786	-0.792	-0.792	-0.587	-0.587	-0.793	-0.793	-0.587	-0.759	-0.310	-0.365	-0.587	-0.793	-0.590	-0.757	-0.279	-0.793	-0.758	-0.793	-0.758	-0.755	-0.590	-0.298	-0.570	-0.567	-0.569	-0.753	-0.569	-0.751	-0.307	-0.793	-0.562	-0.562	-0.563	-0.669	-0.568	-0.666	-0.470	-0.491	-0.538	-0.445	-0.462	-0.580	-0.583	-0.584	-0.614	-0.634	-0.553	-0.625	-0.619	-0.626	-0.628	-0.625	-0.630	-0.485	-0.673	-0.678	-0.603	-0.751	-0.229	-0.294	-0.322	-0.766	-0.357	-0.860	-0.853	-0.770	-0.776	-0.502	+0.501	+0.430	-0.785	
rs12111719     -0.549	-0.549	-0.550	-0.460	-0.355	-0.474	-0.475	-0.476	-0.473	-0.596	-0.568	-0.568	-0.470	-0.471	-0.567	-0.573	-0.602	-0.576	-0.388	-0.386	-0.581	-0.580	-0.580	-0.580	-0.570	-0.779	-0.561	-0.784	-0.783	-0.443	-0.473	-0.762	-0.474	-0.635	-0.566	-0.786	-0.785	-0.775	-0.333	-0.427	-0.690	-0.362	-0.778	-0.740	-0.333	-0.798	-0.463	-0.610	-0.603	-0.798	-0.606	-0.798	-0.441	-0.602	-0.588	-0.601	-0.601	-0.798	-0.279	-0.593	-0.593	-0.764	-0.593	-0.593	-0.596	-0.595	-0.798	-0.594	-0.798	-0.798	-0.797	-0.591	-0.595	-0.566	-0.790	-0.797	-0.797	-0.591	-0.591	-0.798	-0.798	-0.591	-0.763	-0.315	-0.371	-0.591	-0.798	-0.594	-0.762	-0.284	-0.798	-0.762	-0.798	-0.762	-0.760	-0.594	-0.304	-0.574	-0.571	-0.573	-0.758	-0.573	-0.756	-0.313	-0.798	-0.566	-0.566	-0.567	-0.674	-0.573	-0.671	-0.473	-0.494	-0.542	-0.448	-0.465	-0.585	-0.588	-0.588	-0.619	-0.638	-0.558	-0.629	-0.624	-0.630	-0.632	-0.630	-0.634	-0.489	-0.677	-0.682	-0.607	-0.755	-0.233	-0.299	-0.326	-0.771	-0.361	-0.865	-0.857	-0.774	-0.780	-0.507	+0.497	+0.426	-0.790	
rs7800702      -0.568	-0.568	-0.569	-0.469	-0.474	-0.370	-0.482	-0.485	-0.475	-0.600	-0.579	-0.579	-0.466	-0.467	-0.577	-0.585	-0.616	-0.588	-0.413	-0.411	-0.597	-0.597	-0.597	-0.596	-0.587	-0.794	-0.579	-0.798	-0.797	-0.458	-0.488	-0.775	-0.489	-0.643	-0.584	-0.800	-0.800	-0.789	-0.348	-0.441	-0.700	-0.386	-0.793	-0.756	-0.348	-0.811	-0.472	-0.622	-0.615	-0.811	-0.617	-0.811	-0.450	-0.613	-0.599	-0.612	-0.612	-0.811	-0.294	-0.604	-0.604	-0.778	-0.604	-0.604	-0.610	-0.609	-0.811	-0.605	-0.811	-0.811	-0.810	-0.602	-0.606	-0.577	-0.803	-0.810	-0.810	-0.602	-0.602	-0.811	-0.811	-0.602	-0.777	-0.330	-0.387	-0.602	-0.811	-0.605	-0.775	-0.299	-0.811	-0.776	-0.811	-0.776	-0.773	-0.605	-0.318	-0.584	-0.581	-0.583	-0.771	-0.583	-0.769	-0.328	-0.810	-0.577	-0.577	-0.577	-0.687	-0.585	-0.685	-0.482	-0.504	-0.554	-0.456	-0.474	-0.597	-0.600	-0.601	-0.632	-0.651	-0.570	-0.642	-0.637	-0.643	-0.645	-0.642	-0.647	-0.503	-0.690	-0.695	-0.620	-0.767	-0.246	-0.311	-0.339	-0.784	-0.374	-0.878	-0.870	-0.787	-0.793	-0.521	+0.485	+0.414	-0.803	
rs7800853      -0.576	-0.575	-0.577	-0.469	-0.475	-0.482	-0.375	-0.489	-0.477	-0.602	-0.584	-0.584	-0.465	-0.466	-0.582	-0.590	-0.622	-0.593	-0.425	-0.423	-0.605	-0.604	-0.604	-0.604	-0.595	-0.800	-0.587	-0.804	-0.803	-0.464	-0.494	-0.780	-0.495	-0.647	-0.592	-0.806	-0.806	-0.795	-0.354	-0.447	-0.704	-0.398	-0.799	-0.763	-0.354	-0.816	-0.476	-0.627	-0.619	-0.816	-0.622	-0.817	-0.454	-0.618	-0.604	-0.617	-0.617	-0.816	-0.300	-0.608	-0.608	-0.783	-0.608	-0.608	-0.616	-0.615	-0.816	-0.609	-0.816	-0.816	-0.815	-0.607	-0.610	-0.581	-0.808	-0.815	-0.815	-0.606	-0.607	-0.816	-0.816	-0.606	-0.782	-0.336	-0.393	-0.607	-0.816	-0.610	-0.781	-0.305	-0.816	-0.781	-0.816	-0.781	-0.779	-0.610	-0.325	-0.588	-0.585	-0.587	-0.776	-0.587	-0.775	-0.334	-0.816	-0.581	-0.581	-0.581	-0.693	-0.589	-0.690	-0.485	-0.507	-0.559	-0.459	-0.477	-0.602	-0.605	-0.606	-0.638	-0.656	-0.575	-0.647	-0.642	-0.648	-0.650	-0.647	-0.652	-0.509	-0.695	-0.700	-0.625	-0.772	-0.251	-0.316	-0.344	-0.790	-0.379	-0.884	-0.876	-0.792	-0.798	-0.527	+0.480	+0.409	-0.808	
rs1012997      -0.585	-0.584	-0.586	-0.468	-0.476	-0.485	-0.489	-0.382	-0.479	-0.604	-0.589	-0.589	-0.464	-0.464	-0.587	-0.595	-0.629	-0.599	-0.439	-0.437	-0.613	-0.613	-0.613	-0.613	-0.604	-0.807	-0.596	-0.811	-0.809	-0.471	-0.501	-0.786	-0.502	-0.650	-0.601	-0.813	-0.812	-0.802	-0.361	-0.454	-0.708	-0.411	-0.806	-0.770	-0.361	-0.822	-0.479	-0.632	-0.625	-0.822	-0.627	-0.822	-0.457	-0.623	-0.608	-0.622	-0.622	-0.822	-0.307	-0.613	-0.613	-0.789	-0.613	-0.613	-0.622	-0.622	-0.822	-0.614	-0.822	-0.822	-0.820	-0.612	-0.615	-0.585	-0.813	-0.820	-0.820	-0.611	-0.612	-0.822	-0.822	-0.611	-0.788	-0.343	-0.400	-0.611	-0.822	-0.615	-0.787	-0.312	-0.822	-0.787	-0.822	-0.787	-0.784	-0.615	-0.332	-0.592	-0.590	-0.591	-0.782	-0.592	-0.780	-0.341	-0.821	-0.585	-0.585	-0.586	-0.699	-0.595	-0.696	-0.488	-0.511	-0.564	-0.462	-0.481	-0.608	-0.610	-0.611	-0.644	-0.661	-0.581	-0.653	-0.647	-0.653	-0.655	-0.653	-0.658	-0.515	-0.701	-0.706	-0.631	-0.778	-0.257	-0.322	-0.350	-0.796	-0.385	-0.889	-0.882	-0.798	-0.804	-0.533	+0.474	+0.403	-0.814	
rs4725013      -0.558	-0.558	-0.559	-0.470	-0.473	-0.475	-0.477	-0.479	-0.362	-0.598	-0.572	-0.572	-0.466	-0.466	-0.570	-0.577	-0.607	-0.580	-0.396	-0.394	-0.587	-0.586	-0.586	-0.586	-0.576	-0.786	-0.567	-0.790	-0.789	-0.450	-0.480	-0.768	-0.481	-0.639	-0.573	-0.793	-0.792	-0.781	-0.340	-0.433	-0.695	-0.371	-0.785	-0.747	-0.340	-0.804	-0.468	-0.615	-0.608	-0.804	-0.611	-0.804	-0.446	-0.607	-0.593	-0.606	-0.606	-0.804	-0.286	-0.598	-0.598	-0.771	-0.598	-0.598	-0.602	-0.601	-0.804	-0.599	-0.804	-0.804	-0.803	-0.596	-0.600	-0.571	-0.796	-0.803	-0.803	-0.596	-0.596	-0.804	-0.804	-0.596	-0.770	-0.322	-0.378	-0.596	-0.804	-0.599	-0.768	-0.291	-0.804	-0.769	-0.804	-0.769	-0.766	-0.599	-0.310	-0.578	-0.576	-0.578	-0.764	-0.578	-0.762	-0.320	-0.804	-0.571	-0.571	-0.572	-0.680	-0.578	-0.677	-0.477	-0.499	-0.548	-0.452	-0.469	-0.591	-0.593	-0.594	-0.625	-0.644	-0.564	-0.635	-0.630	-0.636	-0.638	-0.636	-0.640	-0.496	-0.683	-0.689	-0.613	-0.761	-0.239	-0.304	-0.332	-0.777	-0.367	-0.871	-0.864	-0.780	-0.786	-0.514	+0.491	+0.420	-0.796	
rs4720750      -0.590	-0.590	-0.591	-0.594	-0.596	-0.600	-0.602	-0.604	-0.598	-0.324	-0.600	-0.600	-0.585	-0.585	-0.600	-0.605	-0.621	-0.606	-0.494	-0.493	-0.604	-0.603	-0.603	-0.603	-0.596	-0.620	-0.586	-0.638	-0.634	-0.434	-0.462	-0.699	-0.462	-0.600	-0.589	-0.646	-0.643	-0.650	-0.441	-0.507	-0.635	-0.461	-0.658	-0.564	-0.444	-0.703	-0.487	-0.592	-0.586	-0.719	-0.588	-0.720	-0.469	-0.584	-0.571	-0.583	-0.583	-0.725	-0.401	-0.575	-0.575	-0.675	-0.575	-0.575	-0.577	-0.576	-0.725	-0.576	-0.725	-0.725	-0.728	-0.574	-0.577	-0.550	-0.728	-0.728	-0.728	-0.574	-0.574	-0.724	-0.724	-0.573	-0.672	-0.427	-0.366	-0.574	-0.724	-0.577	-0.669	-0.404	-0.721	-0.671	-0.720	-0.670	-0.665	-0.576	-0.419	-0.557	-0.554	-0.556	-0.660	-0.556	-0.656	-0.425	-0.725	-0.547	-0.547	-0.548	-0.615	-0.398	-0.624	-0.460	-0.480	-0.358	-0.436	-0.451	-0.406	-0.563	-0.564	-0.622	-0.479	-0.338	-0.466	-0.458	-0.468	-0.471	-0.467	-0.474	-0.543	-0.540	-0.548	-0.465	-0.732	-0.207	-0.271	-0.299	-0.736	-0.333	-0.829	-0.821	-0.746	-0.751	-0.470	+0.506	+0.434	-0.754	
rs7777879      -0.499	-0.490	-0.495	-0.563	-0.568	-0.579	-0.584	-0.589	-0.572	-0.600	-0.383	-0.491	-0.532	-0.532	-0.495	-0.517	-0.589	-0.520	-0.552	-0.551	-0.564	-0.563	-0.563	-0.563	-0.550	-0.827	-0.549	-0.829	-0.828	-0.520	-0.547	-0.780	-0.548	-0.626	-0.557	-0.830	-0.830	-0.823	-0.370	-0.461	-0.690	-0.523	-0.825	-0.801	-0.370	-0.833	-0.466	-0.622	-0.614	-0.830	-0.617	-0.831	-0.444	-0.613	-0.596	-0.611	-0.611	-0.828	-0.317	-0.601	-0.601	-0.793	-0.601	-0.601	-0.617	-0.616	-0.828	-0.602	-0.828	-0.828	-0.826	-0.600	-0.604	-0.572	-0.817	-0.826	-0.826	-0.599	-0.600	-0.828	-0.828	-0.599	-0.792	-0.353	-0.456	-0.600	-0.829	-0.603	-0.792	-0.323	-0.830	-0.792	-0.830	-0.792	-0.790	-0.603	-0.342	-0.579	-0.576	-0.578	-0.789	-0.578	-0.787	-0.351	-0.828	-0.573	-0.573	-0.574	-0.703	-0.592	-0.700	-0.469	-0.493	-0.561	-0.441	-0.462	-0.607	-0.605	-0.606	-0.649	-0.659	-0.577	-0.650	-0.645	-0.651	-0.653	-0.651	-0.655	-0.521	-0.699	-0.705	-0.628	-0.776	-0.257	-0.323	-0.351	-0.798	-0.385	-0.892	-0.884	-0.798	-0.804	-0.539	+0.478	+0.408	-0.817	
rs4140803      -0.498	-0.489	-0.494	-0.563	-0.568	-0.579	-0.584	-0.589	-0.572	-0.600	-0.491	-0.382	-0.532	-0.532	-0.495	-0.516	-0.588	-0.519	-0.551	-0.549	-0.563	-0.562	-0.562	-0.562	-0.549	-0.826	-0.547	-0.828	-0.828	-0.520	-0.546	-0.780	-0.547	-0.626	-0.556	-0.830	-0.829	-0.822	-0.369	-0.460	-0.690	-0.522	-0.824	-0.801	-0.370	-0.833	-0.466	-0.621	-0.613	-0.830	-0.617	-0.830	-0.444	-0.612	-0.596	-0.611	-0.611	-0.828	-0.317	-0.601	-0.601	-0.793	-0.601	-0.601	-0.616	-0.615	-0.828	-0.602	-0.828	-0.828	-0.825	-0.599	-0.603	-0.571	-0.816	-0.825	-0.825	-0.599	-0.599	-0.828	-0.828	-0.599	-0.792	-0.352	-0.456	-0.599	-0.828	-0.603	-0.791	-0.322	-0.829	-0.791	-0.829	-0.791	-0.790	-0.603	-0.341	-0.578	-0.575	-0.577	-0.788	-0.578	-0.787	-0.350	-0.828	-0.573	-0.573	-0.574	-0.702	-0.592	-0.700	-0.468	-0.493	-0.561	-0.441	-0.462	-0.606	-0.605	-0.606	-0.649	-0.659	-0.576	-0.650	-0.644	-0.651	-0.653	-0.650	-0.655	-0.521	-0.699	-0.704	-0.627	-0.775	-0.257	-0.322	-0.350	-0.797	-0.385	-0.892	-0.884	-0.798	-0.804	-0.538	+0.479	+0.408	-0.816	
rs1544456      -0.485	-0.501	-0.486	-0.470	-0.470	-0.466	-0.465	-0.464	-0.466	-0.585	-0.532	-0.532	-0.320	-0.424	-0.531	-0.527	-0.549	-0.526	-0.287	-0.285	-0.518	-0.517	-0.517	-0.517	-0.502	-0.737	-0.492	-0.743	-0.741	-0.406	-0.436	-0.729	-0.437	-0.614	-0.501	-0.746	-0.745	-0.732	-0.295	-0.389	-0.665	-0.265	-0.737	-0.691	-0.295	-0.762	-0.444	-0.575	-0.571	-0.764	-0.573	-0.764	-0.422	-0.570	-0.559	-0.569	-0.569	-0.765	-0.240	-0.563	-0.563	-0.732	-0.563	-0.563	-0.554	-0.552	-0.764	-0.563	-0.764	-0.764	-0.764	-0.562	-0.564	-0.538	-0.758	-0.764	-0.764	-0.561	-0.561	-0.764	-0.764	-0.561	-0.731	-0.277	-0.333	-0.561	-0.764	-0.564	-0.730	-0.246	-0.764	-0.730	-0.764	-0.730	-0.727	-0.564	-0.266	-0.547	-0.545	-0.546	-0.725	-0.546	-0.723	-0.275	-0.764	-0.539	-0.539	-0.540	-0.641	-0.543	-0.637	-0.452	-0.473	-0.513	-0.429	-0.444	-0.554	-0.555	-0.555	-0.585	-0.607	-0.527	-0.598	-0.593	-0.599	-0.601	-0.598	-0.603	-0.456	-0.646	-0.651	-0.576	-0.726	-0.205	-0.271	-0.298	-0.737	-0.333	-0.833	-0.825	-0.743	-0.749	-0.473	+0.521	+0.450	-0.757	
rs12702634     -0.486	-0.501	-0.487	-0.470	-0.471	-0.467	-0.466	-0.464	-0.466	-0.585	-0.532	-0.532	-0.424	-0.320	-0.531	-0.528	-0.549	-0.527	-0.287	-0.286	-0.519	-0.517	-0.517	-0.517	-0.503	-0.737	-0.493	-0.743	-0.741	-0.406	-0.437	-0.730	-0.438	-0.614	-0.501	-0.746	-0.745	-0.733	-0.295	-0.390	-0.665	-0.266	-0.737	-0.692	-0.295	-0.763	-0.444	-0.576	-0.571	-0.764	-0.573	-0.765	-0.423	-0.570	-0.559	-0.570	-0.569	-0.765	-0.241	-0.563	-0.563	-0.732	-0.563	-0.563	-0.554	-0.553	-0.765	-0.564	-0.765	-0.765	-0.764	-0.562	-0.565	-0.538	-0.759	-0.764	-0.764	-0.561	-0.562	-0.765	-0.765	-0.561	-0.731	-0.277	-0.334	-0.562	-0.765	-0.564	-0.730	-0.246	-0.764	-0.730	-0.764	-0.730	-0.728	-0.564	-0.266	-0.547	-0.545	-0.546	-0.726	-0.547	-0.724	-0.275	-0.764	-0.539	-0.539	-0.540	-0.641	-0.543	-0.638	-0.453	-0.473	-0.514	-0.429	-0.445	-0.554	-0.555	-0.556	-0.586	-0.607	-0.528	-0.598	-0.593	-0.599	-0.601	-0.599	-0.603	-0.456	-0.646	-0.651	-0.576	-0.726	-0.206	-0.271	-0.299	-0.737	-0.333	-0.833	-0.825	-0.743	-0.749	-0.473	+0.521	+0.450	-0.758	
rs4725015      -0.494	-0.486	-0.491	-0.562	-0.567	-0.577	-0.582	-0.587	-0.570	-0.600	-0.495	-0.495	-0.531	-0.531	-0.379	-0.510	-0.581	-0.519	-0.545	-0.544	-0.559	-0.558	-0.558	-0.558	-0.545	-0.823	-0.543	-0.825	-0.824	-0.517	-0.544	-0.776	-0.544	-0.626	-0.551	-0.827	-0.826	-0.819	-0.366	-0.457	-0.689	-0.516	-0.821	-0.797	-0.366	-0.830	-0.465	-0.619	-0.611	-0.827	-0.614	-0.827	-0.443	-0.610	-0.594	-0.609	-0.608	-0.825	-0.313	-0.599	-0.599	-0.790	-0.599	-0.599	-0.612	-0.611	-0.825	-0.600	-0.825	-0.825	-0.823	-0.597	-0.601	-0.570	-0.813	-0.822	-0.823	-0.597	-0.597	-0.825	-0.825	-0.597	-0.789	-0.349	-0.453	-0.597	-0.825	-0.601	-0.788	-0.318	-0.826	-0.788	-0.826	-0.788	-0.787	-0.601	-0.337	-0.577	-0.574	-0.576	-0.785	-0.576	-0.784	-0.347	-0.825	-0.571	-0.571	-0.572	-0.699	-0.589	-0.696	-0.468	-0.492	-0.558	-0.441	-0.461	-0.603	-0.602	-0.603	-0.645	-0.656	-0.574	-0.647	-0.641	-0.648	-0.650	-0.647	-0.652	-0.518	-0.696	-0.701	-0.624	-0.772	-0.253	-0.319	-0.347	-0.794	-0.382	-0.889	-0.881	-0.795	-0.801	-0.534	+0.482	+0.411	-0.813	
rs10226060     -0.497	-0.525	-0.492	-0.569	-0.573	-0.585	-0.590	-0.595	-0.577	-0.605	-0.517	-0.516	-0.527	-0.528	-0.510	-0.390	-0.588	-0.514	-0.558	-0.557	-0.568	-0.566	-0.566	-0.566	-0.554	-0.833	-0.552	-0.835	-0.834	-0.527	-0.554	-0.787	-0.554	-0.629	-0.561	-0.836	-0.836	-0.829	-0.377	-0.468	-0.694	-0.529	-0.831	-0.808	-0.377	-0.840	-0.471	-0.626	-0.617	-0.836	-0.621	-0.837	-0.449	-0.617	-0.600	-0.615	-0.615	-0.834	-0.325	-0.605	-0.605	-0.800	-0.605	-0.605	-0.621	-0.620	-0.835	-0.606	-0.835	-0.835	-0.832	-0.604	-0.608	-0.575	-0.823	-0.832	-0.832	-0.603	-0.604	-0.835	-0.835	-0.603	-0.799	-0.360	-0.463	-0.603	-0.835	-0.607	-0.798	-0.330	-0.836	-0.798	-0.836	-0.798	-0.797	-0.607	-0.349	-0.583	-0.579	-0.581	-0.795	-0.582	-0.794	-0.358	-0.834	-0.577	-0.577	-0.578	-0.709	-0.599	-0.707	-0.471	-0.496	-0.568	-0.444	-0.465	-0.613	-0.610	-0.611	-0.656	-0.666	-0.584	-0.657	-0.651	-0.658	-0.660	-0.657	-0.662	-0.528	-0.706	-0.711	-0.635	-0.782	-0.264	-0.329	-0.357	-0.804	-0.392	-0.899	-0.891	-0.805	-0.811	-0.543	+0.472	+0.401	-0.823	
rs6962629      -0.647	-0.650	-0.646	-0.596	-0.602	-0.616	-0.622	-0.629	-0.607	-0.621	-0.589	-0.588	-0.549	-0.549	-0.581	-0.588	-0.444	-0.603	-0.668	-0.667	-0.659	-0.659	-0.659	-0.659	-0.656	-0.888	-0.658	-0.888	-0.888	-0.571	-0.598	-0.837	-0.598	-0.642	-0.662	-0.888	-0.888	-0.883	-0.434	-0.523	-0.718	-0.637	-0.885	-0.871	-0.434	-0.888	-0.487	-0.666	-0.654	-0.884	-0.659	-0.884	-0.464	-0.652	-0.630	-0.650	-0.650	-0.881	-0.381	-0.637	-0.637	-0.847	-0.637	-0.637	-0.677	-0.677	-0.881	-0.639	-0.881	-0.881	-0.878	-0.635	-0.640	-0.602	-0.867	-0.878	-0.878	-0.634	-0.635	-0.881	-0.881	-0.634	-0.846	-0.416	-0.506	-0.635	-0.881	-0.640	-0.845	-0.387	-0.883	-0.845	-0.883	-0.845	-0.844	-0.640	-0.405	-0.608	-0.604	-0.607	-0.842	-0.607	-0.840	-0.414	-0.881	-0.605	-0.605	-0.605	-0.759	-0.641	-0.757	-0.483	-0.511	-0.609	-0.453	-0.478	-0.659	-0.652	-0.654	-0.705	-0.713	-0.629	-0.704	-0.698	-0.705	-0.707	-0.704	-0.709	-0.577	-0.753	-0.758	-0.682	-0.827	-0.309	-0.375	-0.403	-0.854	-0.438	-0.947	-0.939	-0.851	-0.857	-0.593	+0.430	+0.359	-0.872	
rs12112667     -0.526	-0.548	-0.522	-0.571	-0.576	-0.588	-0.593	-0.599	-0.580	-0.606	-0.520	-0.519	-0.526	-0.527	-0.519	-0.514	-0.603	-0.400	-0.576	-0.575	-0.580	-0.579	-0.579	-0.579	-0.568	-0.843	-0.567	-0.844	-0.844	-0.535	-0.562	-0.796	-0.562	-0.630	-0.576	-0.846	-0.845	-0.839	-0.388	-0.479	-0.698	-0.547	-0.841	-0.819	-0.389	-0.849	-0.473	-0.633	-0.624	-0.845	-0.628	-0.846	-0.451	-0.623	-0.605	-0.621	-0.621	-0.843	-0.336	-0.611	-0.611	-0.809	-0.611	-0.611	-0.631	-0.630	-0.843	-0.612	-0.843	-0.843	-0.841	-0.609	-0.613	-0.580	-0.831	-0.841	-0.841	-0.609	-0.609	-0.843	-0.843	-0.608	-0.808	-0.371	-0.471	-0.609	-0.843	-0.613	-0.807	-0.341	-0.845	-0.807	-0.845	-0.807	-0.806	-0.613	-0.360	-0.587	-0.584	-0.586	-0.804	-0.586	-0.803	-0.369	-0.843	-0.582	-0.582	-0.583	-0.719	-0.607	-0.716	-0.473	-0.498	-0.575	-0.444	-0.467	-0.622	-0.618	-0.619	-0.665	-0.675	-0.592	-0.666	-0.660	-0.667	-0.669	-0.666	-0.671	-0.538	-0.715	-0.720	-0.644	-0.791	-0.273	-0.339	-0.367	-0.814	-0.402	-0.908	-0.900	-0.814	-0.820	-0.554	+0.463	+0.392	-0.833	
rs13242539     -0.677	-0.673	-0.676	-0.377	-0.388	-0.413	-0.425	-0.439	-0.396	-0.494	-0.552	-0.551	-0.287	-0.287	-0.545	-0.558	-0.668	-0.576	-0.488	-0.611	-0.677	-0.678	-0.678	-0.679	-0.694	-0.742	-0.722	-0.726	-0.732	-0.620	-0.645	-0.844	-0.645	-0.557	-0.720	-0.723	-0.728	-0.728	-0.513	-0.597	-0.662	-0.649	-0.722	-0.804	-0.515	-0.795	-0.414	-0.629	-0.605	-0.770	-0.616	-0.770	-0.391	-0.603	-0.562	-0.599	-0.598	-0.755	-0.464	-0.574	-0.574	-0.865	-0.574	-0.574	-0.702	-0.704	-0.756	-0.577	-0.757	-0.757	-0.743	-0.571	-0.580	-0.531	-0.722	-0.743	-0.743	-0.570	-0.571	-0.758	-0.758	-0.570	-0.865	-0.496	-0.558	-0.571	-0.759	-0.580	-0.865	-0.469	-0.769	-0.865	-0.770	-0.865	-0.865	-0.581	-0.486	-0.525	-0.519	-0.523	-0.865	-0.524	-0.865	-0.494	-0.776	-0.528	-0.528	-0.529	-0.802	-0.702	-0.802	-0.350	-0.389	-0.672	-0.311	-0.349	-0.722	-0.636	-0.639	-0.754	-0.772	-0.695	-0.764	-0.759	-0.764	-0.766	-0.764	-0.768	-0.631	-0.808	-0.812	-0.748	-0.862	-0.330	-0.397	-0.427	-0.901	-0.462	-0.986	-0.978	-0.893	-0.899	-0.647	+0.369	+0.300	-0.912	
rs35375940     -0.676	-0.672	-0.675	-0.376	-0.386	-0.411	-0.423	-0.437	-0.394	-0.493	-0.551	-0.549	-0.285	-0.286	-0.544	-0.557	-0.667	-0.575	-0.611	-0.488	-0.675	-0.677	-0.677	-0.677	-0.693	-0.740	-0.720	-0.725	-0.730	-0.620	-0.644	-0.843	-0.645	-0.555	-0.719	-0.721	-0.726	-0.726	-0.513	-0.596	-0.660	-0.648	-0.720	-0.803	-0.515	-0.794	-0.413	-0.628	-0.603	-0.768	-0.615	-0.769	-0.390	-0.602	-0.561	-0.598	-0.597	-0.754	-0.463	-0.573	-0.573	-0.864	-0.573	-0.573	-0.701	-0.703	-0.755	-0.576	-0.755	-0.755	-0.741	-0.570	-0.579	-0.530	-0.721	-0.742	-0.742	-0.569	-0.570	-0.757	-0.757	-0.569	-0.865	-0.496	-0.557	-0.569	-0.757	-0.579	-0.865	-0.468	-0.767	-0.865	-0.769	-0.864	-0.865	-0.580	-0.485	-0.524	-0.517	-0.521	-0.864	-0.523	-0.864	-0.494	-0.775	-0.527	-0.527	-0.528	-0.802	-0.701	-0.802	-0.349	-0.387	-0.672	-0.309	-0.347	-0.721	-0.635	-0.638	-0.754	-0.771	-0.695	-0.763	-0.758	-0.764	-0.766	-0.763	-0.768	-0.631	-0.807	-0.812	-0.747	-0.861	-0.329	-0.396	-0.426	-0.900	-0.462	-0.985	-0.977	-0.892	-0.898	-0.647	+0.369	+0.301	-0.912	
rs79061489     -0.658	-0.659	-0.657	-0.574	-0.581	-0.597	-0.605	-0.613	-0.587	-0.604	-0.564	-0.563	-0.518	-0.519	-0.559	-0.568	-0.659	-0.580	-0.677	-0.675	-0.461	-0.580	-0.580	-0.580	-0.580	-0.892	-0.603	-0.892	-0.892	-0.582	-0.609	-0.854	-0.610	-0.588	-0.612	-0.892	-0.893	-0.888	-0.456	-0.545	-0.682	-0.644	-0.889	-0.879	-0.457	-0.898	-0.453	-0.642	-0.626	-0.893	-0.634	-0.893	-0.431	-0.626	-0.595	-0.623	-0.622	-0.890	-0.405	-0.605	-0.605	-0.862	-0.605	-0.605	-0.672	-0.672	-0.890	-0.607	-0.890	-0.890	-0.886	-0.602	-0.609	-0.570	-0.877	-0.886	-0.886	-0.602	-0.602	-0.890	-0.890	-0.601	-0.861	-0.439	-0.516	-0.602	-0.890	-0.609	-0.860	-0.410	-0.892	-0.860	-0.892	-0.860	-0.858	-0.610	-0.428	-0.568	-0.563	-0.566	-0.856	-0.567	-0.855	-0.437	-0.891	-0.569	-0.569	-0.570	-0.776	-0.650	-0.774	-0.415	-0.450	-0.618	-0.378	-0.413	-0.671	-0.642	-0.644	-0.722	-0.726	-0.642	-0.717	-0.711	-0.718	-0.720	-0.717	-0.722	-0.595	-0.766	-0.772	-0.696	-0.840	-0.324	-0.389	-0.418	-0.873	-0.453	-0.963	-0.955	-0.865	-0.872	-0.615	+0.418	+0.347	-0.888	
rs2110553      -0.658	-0.659	-0.657	-0.573	-0.580	-0.597	-0.604	-0.613	-0.586	-0.603	-0.563	-0.562	-0.517	-0.517	-0.558	-0.566	-0.659	-0.579	-0.678	-0.677	-0.580	-0.462	-0.581	-0.581	-0.581	-0.893	-0.604	-0.892	-0.892	-0.582	-0.609	-0.855	-0.610	-0.587	-0.613	-0.893	-0.893	-0.888	-0.457	-0.545	-0.681	-0.646	-0.889	-0.880	-0.458	-0.898	-0.452	-0.642	-0.625	-0.893	-0.634	-0.893	-0.430	-0.625	-0.595	-0.622	-0.622	-0.890	-0.405	-0.605	-0.605	-0.862	-0.605	-0.604	-0.672	-0.672	-0.890	-0.607	-0.890	-0.890	-0.887	-0.602	-0.609	-0.569	-0.877	-0.887	-0.887	-0.601	-0.602	-0.890	-0.890	-0.601	-0.861	-0.440	-0.516	-0.602	-0.890	-0.608	-0.860	-0.410	-0.893	-0.861	-0.893	-0.861	-0.859	-0.609	-0.429	-0.567	-0.562	-0.566	-0.857	-0.567	-0.855	-0.438	-0.892	-0.569	-0.569	-0.570	-0.776	-0.651	-0.775	-0.414	-0.449	-0.618	-0.377	-0.412	-0.671	-0.642	-0.644	-0.722	-0.726	-0.642	-0.717	-0.712	-0.718	-0.720	-0.718	-0.722	-0.595	-0.767	-0.772	-0.696	-0.840	-0.324	-0.390	-0.418	-0.873	-0.453	-0.964	-0.956	-0.866	-0.872	-0.616	+0.418	+0.347	-0.889	
rs7456324      -0.658	-0.659	-0.657	-0.573	-0.580	-0.597	-0.604	-0.613	-0.586	-0.603	-0.563	-0.562	-0.517	-0.517	-0.558	-0.566	-0.659	-0.579	-0.678	-0.677	-0.580	-0.581	-0.462	-0.581	-0.581	-0.893	-0.604	-0.892	-0.892	-0.582	-0.609	-0.855	-0.610	-0.587	-0.613	-0.893	-0.893	-0.888	-0.457	-0.545	-0.681	-0.646	-0.889	-0.880	-0.458	-0.899	-0.452	-0.642	-0.625	-0.893	-0.634	-0.893	-0.430	-0.625	-0.595	-0.622	-0.622	-0.890	-0.405	-0.605	-0.605	-0.862	-0.605	-0.604	-0.672	-0.673	-0.890	-0.607	-0.890	-0.890	-0.887	-0.602	-0.609	-0.569	-0.877	-0.887	-0.887	-0.601	-0.602	-0.890	-0.890	-0.601	-0.862	-0.440	-0.516	-0.602	-0.891	-0.608	-0.860	-0.410	-0.893	-0.861	-0.893	-0.861	-0.859	-0.609	-0.429	-0.567	-0.562	-0.566	-0.857	-0.567	-0.855	-0.438	-0.892	-0.569	-0.569	-0.570	-0.776	-0.651	-0.775	-0.414	-0.449	-0.618	-0.377	-0.412	-0.671	-0.642	-0.644	-0.722	-0.726	-0.642	-0.717	-0.712	-0.718	-0.720	-0.718	-0.722	-0.595	-0.767	-0.772	-0.697	-0.840	-0.324	-0.390	-0.418	-0.873	-0.453	-0.964	-0.956	-0.866	-0.872	-0.616	+0.418	+0.347	-0.889	
rs17482123     -0.658	-0.659	-0.657	-0.573	-0.580	-0.596	-0.604	-0.613	-0.586	-0.603	-0.563	-0.562	-0.517	-0.517	-0.558	-0.566	-0.659	-0.579	-0.679	-0.677	-0.580	-0.581	-0.581	-0.462	-0.581	-0.893	-0.604	-0.892	-0.892	-0.582	-0.609	-0.855	-0.610	-0.587	-0.613	-0.893	-0.893	-0.889	-0.457	-0.545	-0.681	-0.646	-0.889	-0.880	-0.458	-0.899	-0.452	-0.642	-0.625	-0.893	-0.634	-0.893	-0.430	-0.625	-0.595	-0.622	-0.622	-0.890	-0.405	-0.605	-0.605	-0.862	-0.605	-0.604	-0.672	-0.673	-0.890	-0.606	-0.890	-0.890	-0.887	-0.602	-0.609	-0.569	-0.877	-0.887	-0.887	-0.601	-0.602	-0.890	-0.890	-0.601	-0.862	-0.440	-0.516	-0.601	-0.891	-0.608	-0.860	-0.410	-0.893	-0.861	-0.893	-0.861	-0.859	-0.609	-0.429	-0.567	-0.562	-0.566	-0.857	-0.566	-0.855	-0.438	-0.892	-0.569	-0.569	-0.570	-0.777	-0.651	-0.775	-0.414	-0.449	-0.619	-0.377	-0.412	-0.671	-0.642	-0.644	-0.722	-0.726	-0.642	-0.717	-0.712	-0.718	-0.720	-0.718	-0.723	-0.595	-0.767	-0.772	-0.697	-0.840	-0.324	-0.390	-0.418	-0.873	-0.453	-0.964	-0.956	-0.866	-0.872	-0.616	+0.418	+0.347	-0.889	
rs117310337    -0.657	-0.657	-0.656	-0.563	-0.570	-0.587	-0.595	-0.604	-0.576	-0.596	-0.550	-0.549	-0.502	-0.503	-0.545	-0.554	-0.656	-0.568	-0.694	-0.693	-0.580	-0.581	-0.581	-0.581	-0.466	-0.896	-0.610	-0.895	-0.895	-0.584	-0.612	-0.859	-0.612	-0.574	-0.618	-0.895	-0.896	-0.892	-0.462	-0.550	-0.673	-0.660	-0.892	-0.885	-0.463	-0.902	-0.443	-0.638	-0.620	-0.896	-0.630	-0.896	-0.421	-0.620	-0.588	-0.617	-0.617	-0.892	-0.411	-0.598	-0.598	-0.866	-0.598	-0.598	-0.675	-0.675	-0.893	-0.600	-0.893	-0.893	-0.889	-0.595	-0.603	-0.561	-0.879	-0.889	-0.889	-0.594	-0.595	-0.893	-0.893	-0.594	-0.865	-0.445	-0.518	-0.595	-0.893	-0.602	-0.864	-0.416	-0.895	-0.864	-0.895	-0.864	-0.862	-0.603	-0.434	-0.558	-0.553	-0.557	-0.860	-0.558	-0.858	-0.443	-0.894	-0.561	-0.561	-0.562	-0.780	-0.652	-0.779	-0.398	-0.435	-0.620	-0.360	-0.397	-0.674	-0.641	-0.643	-0.726	-0.729	-0.645	-0.720	-0.714	-0.721	-0.723	-0.721	-0.725	-0.599	-0.770	-0.776	-0.700	-0.843	-0.327	-0.393	-0.421	-0.877	-0.456	-0.968	-0.960	-0.869	-0.875	-0.620	+0.416	+0.345	-0.892	
rs1468762      -0.885	-0.881	-0.884	-0.774	-0.779	-0.794	-0.800	-0.807	-0.786	-0.620	-0.827	-0.826	-0.737	-0.737	-0.823	-0.833	-0.888	-0.843	-0.742	-0.740	-0.892	-0.893	-0.893	-0.893	-0.896	-0.611	-0.896	-0.754	-0.758	-0.631	-0.664	-0.914	-0.665	-0.631	-0.896	-0.766	-0.768	-0.817	-0.563	-0.655	-0.767	-0.667	-0.817	-0.766	-0.562	-0.879	-0.468	-0.826	-0.811	-0.879	-0.817	-0.879	-0.442	-0.808	-0.783	-0.806	-0.805	-0.873	-0.509	-0.791	-0.791	-0.908	-0.791	-0.791	-0.851	-0.851	-0.874	-0.792	-0.874	-0.874	-0.867	-0.789	-0.794	-0.757	-0.853	-0.867	-0.868	-0.788	-0.788	-0.875	-0.875	-0.788	-0.906	-0.546	-0.551	-0.788	-0.875	-0.794	-0.904	-0.515	-0.880	-0.905	-0.881	-0.905	-0.901	-0.794	-0.535	-0.758	-0.754	-0.756	-0.898	-0.757	-0.895	-0.545	-0.887	-0.753	-0.753	-0.754	-0.906	-0.656	-0.905	-0.627	-0.656	-0.614	-0.597	-0.621	-0.682	-0.807	-0.809	-0.848	-0.758	-0.654	-0.745	-0.739	-0.747	-0.751	-0.747	-0.754	-0.710	-0.811	-0.819	-0.734	-0.977	-0.465	-0.530	-0.559	-1.014	-0.593	-1.102	-1.094	-1.003	-1.009	-0.758	+0.281	+0.209	-1.026	
rs74563317     -0.662	-0.661	-0.661	-0.554	-0.561	-0.579	-0.587	-0.596	-0.567	-0.586	-0.549	-0.547	-0.492	-0.493	-0.543	-0.552	-0.658	-0.567	-0.722	-0.720	-0.603	-0.604	-0.604	-0.604	-0.610	-0.896	-0.469	-0.894	-0.895	-0.585	-0.612	-0.863	-0.613	-0.541	-0.599	-0.895	-0.895	-0.892	-0.468	-0.556	-0.649	-0.676	-0.892	-0.889	-0.469	-0.903	-0.421	-0.623	-0.603	-0.897	-0.614	-0.897	-0.399	-0.603	-0.566	-0.600	-0.599	-0.893	-0.417	-0.578	-0.578	-0.868	-0.578	-0.578	-0.674	-0.674	-0.893	-0.580	-0.893	-0.893	-0.889	-0.575	-0.583	-0.539	-0.879	-0.889	-0.889	-0.574	-0.574	-0.893	-0.893	-0.574	-0.867	-0.451	-0.518	-0.574	-0.893	-0.583	-0.866	-0.422	-0.896	-0.866	-0.896	-0.866	-0.864	-0.584	-0.440	-0.533	-0.528	-0.532	-0.862	-0.533	-0.860	-0.449	-0.895	-0.539	-0.539	-0.541	-0.784	-0.652	-0.782	-0.359	-0.400	-0.620	-0.317	-0.359	-0.675	-0.633	-0.635	-0.730	-0.731	-0.646	-0.722	-0.716	-0.723	-0.725	-0.722	-0.727	-0.602	-0.772	-0.778	-0.702	-0.845	-0.328	-0.394	-0.423	-0.881	-0.458	-0.971	-0.963	-0.872	-0.878	-0.625	+0.416	+0.345	-0.896	
rs11760924     -0.884	-0.881	-0.884	-0.778	-0.784	-0.798	-0.804	-0.811	-0.790	-0.638	-0.829	-0.828	-0.743	-0.743	-0.825	-0.835	-0.888	-0.844	-0.726	-0.725	-0.892	-0.892	-0.892	-0.892	-0.895	-0.754	-0.894	-0.609	-0.742	-0.621	-0.654	-0.913	-0.655	-0.642	-0.893	-0.758	-0.758	-0.808	-0.568	-0.659	-0.774	-0.643	-0.810	-0.732	-0.567	-0.876	-0.478	-0.826	-0.812	-0.878	-0.817	-0.878	-0.453	-0.809	-0.784	-0.806	-0.806	-0.874	-0.514	-0.792	-0.792	-0.902	-0.792	-0.792	-0.849	-0.849	-0.874	-0.793	-0.874	-0.874	-0.868	-0.789	-0.795	-0.758	-0.856	-0.869	-0.869	-0.789	-0.789	-0.875	-0.875	-0.789	-0.900	-0.551	-0.539	-0.789	-0.875	-0.795	-0.898	-0.520	-0.879	-0.899	-0.880	-0.898	-0.894	-0.795	-0.540	-0.760	-0.755	-0.758	-0.890	-0.759	-0.887	-0.550	-0.887	-0.754	-0.754	-0.755	-0.904	-0.641	-0.903	-0.630	-0.659	-0.599	-0.600	-0.624	-0.668	-0.807	-0.809	-0.848	-0.746	-0.640	-0.733	-0.726	-0.735	-0.739	-0.734	-0.742	-0.713	-0.801	-0.809	-0.723	-0.976	-0.464	-0.529	-0.557	-1.012	-0.592	-1.100	-1.092	-1.001	-1.007	-0.756	+0.284	+0.213	-1.024	
rs4725016      -0.885	-0.881	-0.884	-0.777	-0.783	-0.797	-0.803	-0.809	-0.789	-0.634	-0.828	-0.828	-0.741	-0.741	-0.824	-0.834	-0.888	-0.844	-0.732	-0.730	-0.892	-0.892	-0.892	-0.892	-0.895	-0.758	-0.895	-0.742	-0.610	-0.624	-0.658	-0.913	-0.658	-0.638	-0.894	-0.757	-0.758	-0.809	-0.566	-0.657	-0.771	-0.650	-0.810	-0.739	-0.565	-0.876	-0.473	-0.826	-0.812	-0.877	-0.817	-0.878	-0.448	-0.809	-0.784	-0.806	-0.806	-0.873	-0.512	-0.791	-0.791	-0.904	-0.791	-0.791	-0.850	-0.850	-0.873	-0.793	-0.873	-0.873	-0.867	-0.789	-0.795	-0.758	-0.854	-0.867	-0.867	-0.788	-0.789	-0.874	-0.874	-0.788	-0.902	-0.549	-0.543	-0.789	-0.875	-0.795	-0.900	-0.518	-0.879	-0.900	-0.879	-0.900	-0.896	-0.795	-0.538	-0.759	-0.755	-0.757	-0.892	-0.758	-0.889	-0.548	-0.886	-0.754	-0.754	-0.755	-0.905	-0.645	-0.904	-0.629	-0.658	-0.603	-0.599	-0.623	-0.672	-0.807	-0.809	-0.848	-0.749	-0.644	-0.737	-0.730	-0.738	-0.742	-0.738	-0.745	-0.712	-0.804	-0.812	-0.726	-0.976	-0.464	-0.530	-0.558	-1.013	-0.592	-1.100	-1.092	-1.001	-1.008	-0.757	+0.283	+0.211	-1.025	
rs4725017      -0.566	-0.562	-0.566	-0.437	-0.443	-0.458	-0.464	-0.471	-0.450	-0.434	-0.520	-0.520	-0.406	-0.406	-0.517	-0.527	-0.571	-0.535	-0.620	-0.620	-0.582	-0.582	-0.582	-0.582	-0.584	-0.631	-0.585	-0.621	-0.624	-0.228	-0.336	-0.429	-0.336	-0.506	-0.583	-0.616	-0.619	-0.623	-0.273	-0.358	-0.572	-0.609	-0.618	-0.665	-0.275	-0.583	-0.323	-0.503	-0.490	-0.556	-0.494	-0.556	-0.300	-0.486	-0.464	-0.484	-0.484	-0.541	-0.223	-0.471	-0.471	-0.554	-0.471	-0.471	-0.518	-0.518	-0.542	-0.472	-0.542	-0.542	-0.528	-0.469	-0.474	-0.437	-0.495	-0.529	-0.529	-0.468	-0.468	-0.544	-0.544	-0.468	-0.557	-0.256	-0.279	-0.468	-0.544	-0.473	-0.560	-0.228	-0.554	-0.559	-0.556	-0.559	-0.564	-0.474	-0.245	-0.440	-0.437	-0.439	-0.567	-0.440	-0.570	-0.254	-0.548	-0.432	-0.432	-0.433	-0.570	-0.514	-0.570	-0.318	-0.343	-0.490	-0.289	-0.309	-0.529	-0.472	-0.474	-0.525	-0.568	-0.508	-0.562	-0.558	-0.562	-0.564	-0.562	-0.565	-0.403	-0.594	-0.597	-0.552	-0.643	-0.091	-0.159	-0.189	-0.660	-0.225	-0.752	-0.744	-0.673	-0.678	-0.393	+0.551	+0.483	-0.681	
rs13247522     -0.593	-0.589	-0.593	-0.468	-0.473	-0.488	-0.494	-0.501	-0.480	-0.462	-0.547	-0.546	-0.436	-0.437	-0.544	-0.554	-0.598	-0.562	-0.645	-0.644	-0.609	-0.609	-0.609	-0.609	-0.612	-0.664	-0.612	-0.654	-0.658	-0.336	-0.259	-0.473	-0.352	-0.530	-0.611	-0.650	-0.653	-0.656	-0.299	-0.385	-0.597	-0.631	-0.652	-0.696	-0.301	-0.619	-0.347	-0.531	-0.518	-0.593	-0.521	-0.593	-0.325	-0.513	-0.491	-0.511	-0.511	-0.578	-0.249	-0.498	-0.498	-0.589	-0.498	-0.498	-0.546	-0.546	-0.580	-0.499	-0.580	-0.580	-0.567	-0.496	-0.501	-0.464	-0.535	-0.567	-0.567	-0.495	-0.496	-0.581	-0.581	-0.495	-0.592	-0.282	-0.254	-0.495	-0.582	-0.501	-0.595	-0.254	-0.591	-0.593	-0.593	-0.593	-0.598	-0.501	-0.272	-0.467	-0.464	-0.466	-0.601	-0.467	-0.603	-0.280	-0.585	-0.459	-0.459	-0.460	-0.597	-0.533	-0.597	-0.345	-0.370	-0.508	-0.316	-0.336	-0.549	-0.500	-0.501	-0.552	-0.590	-0.528	-0.584	-0.580	-0.584	-0.586	-0.584	-0.588	-0.429	-0.617	-0.621	-0.573	-0.670	-0.121	-0.189	-0.219	-0.688	-0.254	-0.780	-0.772	-0.699	-0.705	-0.422	+0.529	+0.461	-0.708	
rs6954931      -0.836	-0.832	-0.836	-0.757	-0.762	-0.775	-0.780	-0.786	-0.768	-0.699	-0.780	-0.780	-0.729	-0.730	-0.776	-0.787	-0.837	-0.796	-0.844	-0.843	-0.854	-0.855	-0.855	-0.855	-0.859	-0.914	-0.863	-0.913	-0.913	-0.429	-0.473	-0.538	-0.474	-0.738	-0.861	-0.912	-0.913	-0.921	-0.445	-0.545	-0.818	-0.808	-0.921	-0.902	-0.439	-0.886	-0.538	-0.774	-0.760	-0.885	-0.765	-0.886	-0.513	-0.756	-0.731	-0.753	-0.753	-0.882	-0.388	-0.739	-0.739	-0.740	-0.739	-0.739	-0.798	-0.798	-0.882	-0.741	-0.882	-0.882	-0.878	-0.737	-0.742	-0.705	-0.862	-0.878	-0.878	-0.736	-0.737	-0.883	-0.883	-0.736	-0.736	-0.431	-0.318	-0.736	-0.883	-0.742	-0.732	-0.395	-0.885	-0.734	-0.886	-0.734	-0.725	-0.742	-0.418	-0.706	-0.702	-0.704	-0.718	-0.705	-0.712	-0.430	-0.881	-0.699	-0.699	-0.700	-0.823	-0.312	-0.823	-0.577	-0.604	-0.235	-0.547	-0.570	-0.424	-0.746	-0.748	-0.773	-0.551	-0.412	-0.533	-0.525	-0.537	-0.545	-0.537	-0.549	-0.633	-0.628	-0.641	-0.561	-0.909	-0.396	-0.461	-0.489	-0.947	-0.524	-1.034	-1.026	-0.933	-0.939	-0.692	+0.367	+0.294	-0.958	
rs62432609     -0.594	-0.590	-0.594	-0.468	-0.474	-0.489	-0.495	-0.502	-0.481	-0.462	-0.548	-0.547	-0.437	-0.438	-0.544	-0.554	-0.598	-0.562	-0.645	-0.645	-0.610	-0.610	-0.610	-0.610	-0.612	-0.665	-0.613	-0.655	-0.658	-0.336	-0.352	-0.474	-0.259	-0.531	-0.612	-0.651	-0.654	-0.657	-0.300	-0.385	-0.598	-0.632	-0.653	-0.696	-0.302	-0.620	-0.348	-0.531	-0.518	-0.593	-0.522	-0.594	-0.325	-0.514	-0.491	-0.512	-0.512	-0.579	-0.250	-0.498	-0.498	-0.590	-0.498	-0.498	-0.546	-0.547	-0.581	-0.500	-0.581	-0.581	-0.568	-0.496	-0.502	-0.465	-0.535	-0.568	-0.568	-0.496	-0.496	-0.582	-0.582	-0.496	-0.593	-0.283	-0.253	-0.496	-0.583	-0.501	-0.595	-0.255	-0.592	-0.594	-0.594	-0.594	-0.599	-0.501	-0.272	-0.468	-0.464	-0.467	-0.601	-0.467	-0.604	-0.281	-0.586	-0.460	-0.460	-0.461	-0.598	-0.534	-0.598	-0.345	-0.370	-0.508	-0.317	-0.337	-0.550	-0.500	-0.502	-0.552	-0.591	-0.528	-0.584	-0.580	-0.585	-0.586	-0.585	-0.588	-0.430	-0.618	-0.622	-0.574	-0.670	-0.122	-0.190	-0.220	-0.689	-0.255	-0.780	-0.773	-0.700	-0.705	-0.423	+0.529	+0.460	-0.709	
rs7812004      -0.625	-0.627	-0.625	-0.632	-0.635	-0.643	-0.647	-0.650	-0.639	-0.600	-0.626	-0.626	-0.614	-0.614	-0.626	-0.629	-0.642	-0.630	-0.557	-0.555	-0.588	-0.587	-0.587	-0.587	-0.574	-0.631	-0.541	-0.642	-0.638	-0.506	-0.530	-0.738	-0.531	-0.348	-0.541	-0.645	-0.641	-0.653	-0.451	-0.519	-0.524	-0.495	-0.660	-0.556	-0.453	-0.719	-0.434	-0.597	-0.594	-0.737	-0.595	-0.737	-0.416	-0.594	-0.585	-0.593	-0.593	-0.743	-0.410	-0.588	-0.588	-0.722	-0.588	-0.588	-0.571	-0.570	-0.742	-0.588	-0.742	-0.742	-0.746	-0.587	-0.589	-0.566	-0.749	-0.745	-0.745	-0.586	-0.586	-0.742	-0.742	-0.586	-0.720	-0.438	-0.445	-0.586	-0.741	-0.589	-0.717	-0.414	-0.738	-0.718	-0.737	-0.718	-0.713	-0.588	-0.429	-0.574	-0.572	-0.574	-0.710	-0.574	-0.706	-0.436	-0.743	-0.567	-0.567	-0.567	-0.640	-0.395	-0.649	-0.486	-0.505	-0.355	-0.463	-0.478	-0.402	-0.577	-0.578	-0.641	-0.474	-0.362	-0.461	-0.454	-0.462	-0.467	-0.461	-0.469	-0.559	-0.540	-0.549	-0.463	-0.751	-0.232	-0.297	-0.324	-0.758	-0.358	-0.854	-0.846	-0.767	-0.772	-0.492	+0.490	+0.418	-0.779	
rs79746174     -0.665	-0.664	-0.664	-0.559	-0.566	-0.584	-0.592	-0.601	-0.573	-0.589	-0.557	-0.556	-0.501	-0.501	-0.551	-0.561	-0.662	-0.576	-0.720	-0.719	-0.612	-0.613	-0.613	-0.613	-0.618	-0.896	-0.599	-0.893	-0.894	-0.583	-0.611	-0.861	-0.612	-0.541	-0.468	-0.893	-0.894	-0.890	-0.466	-0.554	-0.649	-0.671	-0.891	-0.887	-0.467	-0.901	-0.422	-0.623	-0.601	-0.895	-0.613	-0.895	-0.399	-0.602	-0.565	-0.598	-0.598	-0.891	-0.415	-0.577	-0.577	-0.867	-0.577	-0.576	-0.671	-0.672	-0.892	-0.579	-0.892	-0.892	-0.888	-0.573	-0.582	-0.537	-0.878	-0.888	-0.888	-0.572	-0.573	-0.892	-0.892	-0.572	-0.866	-0.449	-0.517	-0.573	-0.892	-0.581	-0.865	-0.420	-0.894	-0.865	-0.895	-0.865	-0.863	-0.583	-0.438	-0.532	-0.527	-0.531	-0.861	-0.532	-0.859	-0.447	-0.894	-0.538	-0.538	-0.539	-0.782	-0.651	-0.781	-0.360	-0.399	-0.619	-0.318	-0.360	-0.674	-0.632	-0.634	-0.728	-0.730	-0.644	-0.721	-0.715	-0.721	-0.724	-0.721	-0.726	-0.601	-0.771	-0.776	-0.700	-0.844	-0.327	-0.393	-0.422	-0.880	-0.456	-0.969	-0.961	-0.870	-0.877	-0.623	+0.417	+0.346	-0.894	
rs2348557      -0.885	-0.882	-0.885	-0.781	-0.786	-0.800	-0.806	-0.813	-0.793	-0.646	-0.830	-0.830	-0.746	-0.746	-0.827	-0.836	-0.888	-0.846	-0.723	-0.721	-0.892	-0.893	-0.893	-0.893	-0.895	-0.766	-0.895	-0.758	-0.757	-0.616	-0.650	-0.912	-0.651	-0.645	-0.893	-0.608	-0.743	-0.800	-0.569	-0.660	-0.775	-0.633	-0.802	-0.708	-0.567	-0.873	-0.481	-0.826	-0.812	-0.876	-0.817	-0.877	-0.456	-0.809	-0.785	-0.807	-0.807	-0.872	-0.515	-0.792	-0.792	-0.898	-0.792	-0.792	-0.849	-0.849	-0.873	-0.794	-0.873	-0.873	-0.867	-0.790	-0.796	-0.759	-0.856	-0.868	-0.868	-0.789	-0.790	-0.874	-0.874	-0.789	-0.896	-0.552	-0.535	-0.790	-0.874	-0.796	-0.894	-0.520	-0.877	-0.895	-0.878	-0.895	-0.890	-0.796	-0.540	-0.761	-0.756	-0.759	-0.886	-0.760	-0.883	-0.550	-0.885	-0.755	-0.755	-0.756	-0.903	-0.634	-0.903	-0.632	-0.660	-0.591	-0.602	-0.626	-0.661	-0.807	-0.809	-0.848	-0.740	-0.633	-0.727	-0.720	-0.729	-0.733	-0.728	-0.736	-0.714	-0.796	-0.804	-0.717	-0.975	-0.464	-0.529	-0.557	-1.011	-0.592	-1.099	-1.091	-1.000	-1.006	-0.755	+0.285	+0.214	-1.024	
rs2024371      -0.885	-0.882	-0.885	-0.780	-0.785	-0.800	-0.806	-0.812	-0.792	-0.643	-0.830	-0.829	-0.745	-0.745	-0.826	-0.836	-0.888	-0.845	-0.728	-0.726	-0.893	-0.893	-0.893	-0.893	-0.896	-0.768	-0.895	-0.758	-0.758	-0.619	-0.653	-0.913	-0.654	-0.641	-0.894	-0.743	-0.609	-0.801	-0.567	-0.658	-0.773	-0.639	-0.803	-0.713	-0.566	-0.873	-0.477	-0.826	-0.812	-0.875	-0.817	-0.876	-0.452	-0.809	-0.784	-0.807	-0.807	-0.871	-0.513	-0.792	-0.792	-0.900	-0.792	-0.792	-0.849	-0.850	-0.872	-0.794	-0.872	-0.872	-0.866	-0.790	-0.796	-0.759	-0.854	-0.866	-0.866	-0.789	-0.790	-0.873	-0.873	-0.789	-0.898	-0.550	-0.538	-0.790	-0.873	-0.795	-0.895	-0.519	-0.877	-0.896	-0.877	-0.896	-0.892	-0.796	-0.539	-0.761	-0.756	-0.758	-0.888	-0.759	-0.885	-0.549	-0.884	-0.755	-0.755	-0.756	-0.904	-0.637	-0.903	-0.631	-0.659	-0.595	-0.601	-0.625	-0.665	-0.807	-0.809	-0.848	-0.743	-0.636	-0.730	-0.723	-0.732	-0.736	-0.731	-0.739	-0.713	-0.798	-0.807	-0.720	-0.976	-0.464	-0.529	-0.558	-1.012	-0.592	-1.100	-1.092	-1.001	-1.007	-0.756	+0.284	+0.213	-1.025	
rs4720751      -0.881	-0.877	-0.881	-0.769	-0.775	-0.789	-0.795	-0.802	-0.781	-0.650	-0.823	-0.822	-0.732	-0.733	-0.819	-0.829	-0.883	-0.839	-0.728	-0.726	-0.888	-0.888	-0.888	-0.889	-0.892	-0.817	-0.892	-0.808	-0.809	-0.623	-0.656	-0.921	-0.657	-0.653	-0.890	-0.800	-0.801	-0.607	-0.555	-0.655	-0.763	-0.634	-0.755	-0.720	-0.561	-0.870	-0.467	-0.822	-0.807	-0.858	-0.813	-0.859	-0.441	-0.804	-0.779	-0.802	-0.801	-0.852	-0.500	-0.787	-0.787	-0.896	-0.787	-0.787	-0.847	-0.847	-0.853	-0.788	-0.853	-0.853	-0.845	-0.784	-0.790	-0.753	-0.831	-0.845	-0.846	-0.784	-0.784	-0.854	-0.854	-0.784	-0.894	-0.538	-0.541	-0.784	-0.854	-0.790	-0.892	-0.505	-0.859	-0.893	-0.860	-0.893	-0.888	-0.790	-0.526	-0.754	-0.749	-0.752	-0.885	-0.753	-0.882	-0.536	-0.868	-0.749	-0.749	-0.750	-0.901	-0.641	-0.900	-0.622	-0.651	-0.599	-0.591	-0.616	-0.669	-0.803	-0.805	-0.842	-0.746	-0.640	-0.733	-0.725	-0.735	-0.738	-0.735	-0.742	-0.704	-0.801	-0.809	-0.722	-0.974	-0.462	-0.527	-0.555	-1.011	-0.590	-1.098	-1.090	-0.999	-1.006	-0.755	+0.286	+0.214	-1.023	
