## Summary of overall evidence for association with region:
## log10(BF for region) = -0.0265054
## p-value for region = NA

## BFs for choosing among multi-SNP models:
## log10(average 1-SNP BF) = 0.00242581
## log10(average 2-SNP BF) = -0.0908829

## Example posterior probabilities for multi-SNP models, based on default prior: [p(l) propto 0.5^l for l=1,2,...,L]
## posterior probability of 1-SNP = 0.71259
## posterior probability of 2-SNP = 0.28741

## log10(BF) for single SNP and pair of SNPs:
rs10191737     -0.082	+0.049	-0.197	-0.228	-0.217	-0.143	-0.087	-0.232	-0.290	+0.258	-0.228	-0.290	-0.078	-0.289	-0.077	-0.298	-0.228	-0.306	-0.215	-0.288	-0.292	+0.072	-0.216	-0.300	-0.225	+0.243	+0.241	+0.386	+0.238	-0.228	+0.237	+0.237	-0.102	-0.313	+0.237	-0.236	-0.234	-0.299	+0.228	-0.234	-0.288	-0.301	+0.191	-0.248	-0.306	+0.202	-0.112	+0.200	-0.293	-0.252	+0.202	-0.261	-0.299	-0.227	-0.297	-0.262	-0.297	+0.186	+0.186	-0.292	+0.197	+0.169	-0.294	-0.008	-0.302	+0.159	-0.279	-0.285	-0.018	-0.286	-0.286	-0.286	-0.295	+0.156	-0.289	-0.286	-0.309	+0.130	-0.286	-0.277	-0.286	-0.286	-0.286	-0.286	-0.286	-0.029	-0.286	-0.020	-0.286	-0.286	-0.286	-0.286	-0.285	-0.292	-0.289	-0.289	-0.283	-0.294	-0.013	-0.024	+0.157	-0.289	-0.286	-0.293	-0.293	-0.296	-0.293	-0.296	-0.291	-0.293	-0.296	-0.293	-0.293	-0.296	-0.293	-0.293	-0.205	+0.131	-0.295	-0.195	-0.295	-0.291	-0.295	-0.022	-0.268	-0.281	-0.282	-0.269	-0.285	-0.208	-0.282	-0.281	-0.281	-0.273	-0.269	-0.274	+0.302	-0.298	-0.289	-0.277	-0.264	-0.284	-0.308	-0.252	-0.288	-0.288	-0.259	-0.293	-0.293	-0.306	-0.297	-0.297	-0.285	-0.284	-0.283	-0.200	-0.264	-0.289	-0.264	-0.309	-0.278	-0.264	-0.265	-0.215	-0.295	-0.202	-0.261	-0.278	-0.292	-0.295	-0.311	-0.316	
rs6718577      +0.049	-0.031	-0.350	-0.360	-0.357	-0.327	-0.099	-0.361	+0.086	+0.194	-0.360	+0.086	-0.091	+0.089	-0.090	+0.063	-0.360	+0.031	-0.356	+0.091	+0.080	-0.138	-0.357	+0.057	-0.359	+0.176	+0.174	+0.244	+0.170	-0.360	+0.169	+0.169	-0.112	+0.005	+0.169	-0.362	-0.362	+0.060	+0.159	-0.351	-0.371	+0.054	+0.118	-0.366	+0.037	+0.131	-0.122	+0.129	+0.078	-0.367	+0.130	-0.369	+0.061	-0.361	+0.068	-0.369	+0.069	+0.113	+0.112	+0.081	+0.070	+0.090	+0.075	-0.181	+0.051	+0.083	-0.373	-0.374	-0.185	-0.374	-0.374	-0.374	+0.073	+0.080	-0.374	-0.374	-0.376	+0.052	-0.374	-0.373	-0.374	-0.374	-0.374	-0.374	-0.374	-0.185	-0.374	-0.185	-0.374	-0.374	-0.374	-0.374	-0.374	-0.375	-0.374	-0.374	-0.373	-0.375	-0.187	-0.186	+0.081	-0.374	-0.374	-0.375	-0.375	-0.375	-0.375	-0.375	+0.082	-0.375	-0.375	-0.375	-0.375	-0.375	-0.375	-0.375	-0.308	+0.053	-0.374	-0.308	-0.374	-0.373	-0.374	-0.191	-0.339	-0.371	+0.107	+0.140	+0.102	+0.100	+0.107	+0.109	+0.109	+0.129	+0.135	-0.370	+0.168	+0.063	+0.089	+0.121	+0.151	+0.103	+0.030	+0.045	+0.091	+0.092	+0.034	+0.078	+0.077	+0.037	+0.066	+0.066	+0.100	+0.102	+0.103	+0.258	+0.147	+0.079	+0.147	+0.026	+0.114	+0.146	+0.145	+0.092	+0.070	+0.109	+0.153	+0.115	+0.079	+0.059	+0.005	-0.012	
rs34484259     -0.197	-0.350	-0.213	-0.328	-0.326	-0.421	-0.153	-0.328	-0.167	+0.162	-0.328	-0.167	-0.142	-0.164	-0.141	-0.189	-0.328	-0.218	-0.329	-0.163	-0.174	-0.332	-0.326	-0.193	-0.327	+0.145	+0.144	+0.239	+0.140	-0.330	+0.139	+0.139	-0.169	-0.241	+0.139	-0.330	-0.330	-0.189	+0.129	-0.390	-0.335	-0.194	+0.090	-0.331	-0.211	+0.102	-0.182	+0.100	-0.171	-0.329	+0.101	-0.328	-0.188	-0.338	-0.182	-0.324	-0.181	+0.085	+0.084	-0.170	+0.051	+0.072	-0.175	-0.394	-0.199	+0.056	-0.310	-0.312	-0.401	-0.303	-0.303	-0.303	-0.177	+0.053	-0.297	-0.303	-0.260	+0.025	-0.303	-0.323	-0.303	-0.303	-0.303	-0.303	-0.303	-0.409	-0.303	-0.403	-0.303	-0.303	-0.303	-0.303	-0.306	-0.294	-0.300	-0.300	-0.309	-0.297	-0.397	-0.406	+0.054	-0.303	-0.308	-0.297	-0.297	-0.291	-0.297	-0.291	-0.169	-0.298	-0.291	-0.297	-0.297	-0.294	-0.297	-0.297	-0.498	+0.025	-0.301	-0.492	-0.301	-0.307	-0.302	-0.404	-0.478	-0.330	-0.146	-0.116	-0.151	+0.077	-0.146	-0.144	-0.144	-0.125	-0.109	-0.337	+0.156	-0.187	-0.161	-0.133	-0.106	-0.149	-0.215	+0.002	-0.160	-0.159	-0.010	-0.170	-0.172	-0.209	-0.182	-0.182	-0.151	-0.148	-0.148	-0.006	-0.108	-0.168	-0.108	-0.219	-0.138	-0.109	-0.110	+0.056	-0.179	+0.075	-0.103	-0.137	-0.171	-0.186	-0.233	-0.246	
rs11884359     -0.228	-0.360	-0.328	-0.246	-0.343	-0.435	-0.153	-0.352	-0.203	+0.159	-0.350	-0.203	-0.142	-0.200	-0.141	-0.225	-0.350	-0.253	-0.344	-0.199	-0.210	-0.341	-0.349	-0.228	-0.356	+0.142	+0.140	+0.224	+0.136	-0.359	+0.136	+0.136	-0.171	-0.276	+0.135	-0.364	-0.363	-0.225	+0.126	-0.415	-0.389	-0.230	+0.085	-0.371	-0.246	+0.098	-0.184	+0.096	-0.207	-0.372	+0.097	-0.376	-0.224	-0.365	-0.218	-0.374	-0.217	+0.080	+0.080	-0.206	+0.034	+0.069	-0.211	-0.405	-0.234	+0.051	-0.374	-0.376	-0.413	-0.373	-0.373	-0.373	-0.213	+0.048	-0.371	-0.373	-0.358	+0.019	-0.373	-0.379	-0.373	-0.373	-0.373	-0.373	-0.373	-0.422	-0.373	-0.415	-0.373	-0.373	-0.373	-0.373	-0.374	-0.370	-0.372	-0.372	-0.376	-0.373	-0.409	-0.418	+0.049	-0.374	-0.376	-0.372	-0.372	-0.369	-0.372	-0.370	-0.204	-0.372	-0.370	-0.372	-0.372	-0.371	-0.371	-0.371	-0.516	+0.020	-0.373	-0.509	-0.373	-0.376	-0.374	-0.416	-0.502	-0.384	-0.182	-0.153	-0.187	+0.037	-0.182	-0.180	-0.180	-0.162	-0.146	-0.387	+0.140	-0.223	-0.197	-0.169	-0.142	-0.186	-0.251	-0.036	-0.196	-0.195	-0.048	-0.207	-0.208	-0.245	-0.219	-0.219	-0.188	-0.185	-0.184	-0.043	-0.145	-0.204	-0.145	-0.254	-0.174	-0.146	-0.147	+0.017	-0.215	+0.036	-0.139	-0.173	-0.207	-0.221	-0.268	-0.282	
rs1384497      -0.217	-0.357	-0.326	-0.343	-0.234	-0.430	-0.153	-0.344	-0.190	+0.160	-0.343	-0.190	-0.142	-0.187	-0.141	-0.212	-0.343	-0.241	-0.339	-0.186	-0.197	-0.338	-0.345	-0.216	-0.350	+0.143	+0.141	+0.229	+0.137	-0.353	+0.137	+0.137	-0.171	-0.263	+0.136	-0.356	-0.355	-0.213	+0.126	-0.407	-0.374	-0.217	+0.087	-0.361	-0.234	+0.099	-0.184	+0.097	-0.194	-0.362	+0.098	-0.363	-0.211	-0.359	-0.206	-0.362	-0.205	+0.081	+0.081	-0.193	+0.039	+0.070	-0.198	-0.402	-0.222	+0.052	-0.358	-0.360	-0.409	-0.356	-0.356	-0.356	-0.200	+0.049	-0.353	-0.356	-0.334	+0.021	-0.356	-0.365	-0.355	-0.355	-0.355	-0.355	-0.355	-0.418	-0.355	-0.411	-0.355	-0.355	-0.355	-0.355	-0.357	-0.352	-0.354	-0.354	-0.358	-0.353	-0.405	-0.414	+0.050	-0.355	-0.358	-0.353	-0.353	-0.350	-0.353	-0.350	-0.192	-0.353	-0.350	-0.353	-0.353	-0.352	-0.353	-0.353	-0.510	+0.021	-0.355	-0.504	-0.355	-0.358	-0.355	-0.412	-0.494	-0.369	-0.169	-0.139	-0.174	+0.052	-0.169	-0.167	-0.167	-0.149	-0.133	-0.373	+0.146	-0.210	-0.184	-0.156	-0.129	-0.172	-0.238	-0.022	-0.183	-0.182	-0.034	-0.193	-0.195	-0.232	-0.206	-0.206	-0.175	-0.171	-0.171	-0.029	-0.132	-0.191	-0.132	-0.241	-0.161	-0.133	-0.134	+0.031	-0.202	+0.050	-0.126	-0.160	-0.194	-0.209	-0.255	-0.269	
rs10205771     -0.143	-0.327	-0.421	-0.435	-0.430	-0.178	-0.172	-0.436	-0.115	+0.170	-0.434	-0.115	-0.163	-0.112	-0.162	-0.137	-0.435	-0.166	-0.429	-0.111	-0.121	-0.309	-0.430	-0.142	-0.434	+0.153	+0.152	+0.238	+0.148	-0.435	+0.147	+0.147	-0.187	-0.191	+0.147	-0.439	-0.438	-0.139	+0.137	-0.437	-0.455	-0.144	+0.097	-0.444	-0.161	+0.109	-0.198	+0.107	-0.120	-0.445	+0.109	-0.448	-0.138	-0.436	-0.132	-0.449	-0.131	+0.092	+0.091	-0.119	+0.052	+0.075	-0.124	-0.370	-0.148	+0.062	-0.453	-0.456	-0.377	-0.455	-0.455	-0.455	-0.126	+0.059	-0.456	-0.455	-0.459	+0.031	-0.455	-0.454	-0.455	-0.455	-0.455	-0.455	-0.455	-0.385	-0.455	-0.379	-0.455	-0.455	-0.455	-0.455	-0.455	-0.456	-0.456	-0.456	-0.455	-0.457	-0.373	-0.382	+0.061	-0.456	-0.455	-0.457	-0.457	-0.457	-0.457	-0.457	-0.118	-0.457	-0.457	-0.457	-0.457	-0.458	-0.457	-0.457	-0.494	+0.032	-0.456	-0.487	-0.456	-0.456	-0.456	-0.380	-0.496	-0.454	-0.094	-0.064	-0.099	-0.071	-0.095	-0.093	-0.092	-0.074	-0.061	-0.452	+0.156	-0.136	-0.111	-0.081	-0.053	-0.098	-0.166	-0.130	-0.109	-0.108	-0.140	-0.120	-0.122	-0.160	-0.133	-0.133	-0.100	-0.098	-0.098	+0.049	-0.056	-0.119	-0.057	-0.169	-0.087	-0.057	-0.059	-0.084	-0.129	-0.068	-0.051	-0.086	-0.121	-0.136	-0.185	-0.199	
rs13030841     -0.087	-0.099	-0.153	-0.153	-0.153	-0.172	+0.186	-0.153	-0.099	+0.220	-0.153	-0.099	+0.104	-0.098	+0.105	-0.106	-0.153	-0.114	-0.153	-0.098	-0.101	-0.089	-0.153	-0.108	-0.154	+0.206	+0.205	+0.360	+0.201	-0.154	+0.201	+0.201	+0.078	-0.121	+0.201	-0.154	-0.154	-0.107	+0.192	-0.147	-0.146	-0.108	+0.159	-0.154	-0.113	+0.169	+0.068	+0.168	-0.101	-0.153	+0.169	-0.153	-0.106	-0.155	-0.104	-0.152	-0.104	+0.155	+0.155	-0.100	+0.200	+0.145	-0.102	-0.133	-0.109	+0.131	-0.150	-0.150	-0.138	-0.149	-0.149	-0.149	-0.103	+0.129	-0.148	-0.149	-0.142	+0.106	-0.149	-0.151	-0.149	-0.149	-0.149	-0.149	-0.149	-0.144	-0.149	-0.140	-0.149	-0.149	-0.149	-0.149	-0.149	-0.148	-0.148	-0.148	-0.150	-0.148	-0.136	-0.142	+0.130	-0.148	-0.149	-0.148	-0.148	-0.147	-0.148	-0.147	-0.098	-0.148	-0.147	-0.147	-0.147	-0.147	-0.147	-0.147	-0.219	+0.106	-0.146	-0.214	-0.146	-0.146	-0.145	-0.139	-0.204	-0.148	-0.090	-0.079	-0.092	+0.016	-0.091	-0.090	-0.090	-0.083	-0.078	-0.150	+0.292	-0.105	-0.095	-0.085	-0.074	-0.091	-0.112	-0.024	-0.094	-0.094	-0.030	-0.098	-0.099	-0.110	-0.102	-0.102	-0.091	-0.090	-0.088	-0.016	-0.072	-0.092	-0.072	-0.111	-0.084	-0.073	-0.073	+0.010	-0.099	+0.021	-0.070	-0.084	-0.096	-0.096	-0.106	-0.110	
rs35043661     -0.232	-0.361	-0.328	-0.352	-0.344	-0.436	-0.153	-0.250	-0.207	+0.159	-0.351	-0.207	-0.142	-0.204	-0.141	-0.229	-0.352	-0.257	-0.345	-0.203	-0.214	-0.342	-0.350	-0.232	-0.358	+0.142	+0.140	+0.223	+0.136	-0.361	+0.135	+0.135	-0.171	-0.280	+0.135	-0.366	-0.365	-0.229	+0.125	-0.417	-0.393	-0.234	+0.085	-0.374	-0.250	+0.097	-0.184	+0.095	-0.211	-0.375	+0.097	-0.379	-0.228	-0.367	-0.222	-0.378	-0.221	+0.080	+0.079	-0.210	+0.032	+0.069	-0.215	-0.407	-0.238	+0.050	-0.378	-0.381	-0.415	-0.377	-0.377	-0.377	-0.217	+0.047	-0.376	-0.377	-0.364	+0.019	-0.377	-0.384	-0.377	-0.377	-0.377	-0.377	-0.377	-0.423	-0.377	-0.416	-0.377	-0.377	-0.377	-0.377	-0.378	-0.375	-0.377	-0.377	-0.380	-0.378	-0.410	-0.420	+0.048	-0.379	-0.380	-0.377	-0.377	-0.375	-0.377	-0.375	-0.208	-0.377	-0.375	-0.377	-0.377	-0.376	-0.377	-0.377	-0.518	+0.019	-0.378	-0.511	-0.378	-0.380	-0.379	-0.418	-0.504	-0.388	-0.186	-0.157	-0.191	+0.033	-0.186	-0.184	-0.184	-0.166	-0.150	-0.391	+0.138	-0.227	-0.201	-0.173	-0.146	-0.190	-0.255	-0.041	-0.200	-0.199	-0.053	-0.210	-0.212	-0.249	-0.222	-0.222	-0.192	-0.189	-0.188	-0.047	-0.149	-0.208	-0.149	-0.258	-0.178	-0.150	-0.151	+0.013	-0.219	+0.032	-0.143	-0.177	-0.211	-0.225	-0.272	-0.286	
rs1384498      -0.290	+0.086	-0.167	-0.203	-0.190	-0.115	-0.099	-0.207	-0.144	+0.249	-0.202	-0.228	-0.090	-0.227	-0.089	-0.240	-0.202	-0.247	-0.187	-0.226	-0.235	+0.111	-0.189	-0.240	-0.199	+0.233	+0.231	+0.358	+0.227	-0.202	+0.227	+0.227	-0.114	-0.244	+0.227	-0.211	-0.209	-0.239	+0.217	-0.207	-0.270	-0.241	+0.179	-0.225	-0.245	+0.191	-0.126	+0.189	-0.236	-0.230	+0.190	-0.240	-0.239	-0.201	-0.238	-0.241	-0.237	+0.174	+0.174	-0.233	+0.165	+0.158	-0.236	+0.024	-0.244	+0.146	-0.261	-0.267	+0.013	-0.268	-0.268	-0.268	-0.236	+0.143	-0.272	-0.268	-0.295	+0.117	-0.268	-0.259	-0.268	-0.268	-0.268	-0.268	-0.269	+0.001	-0.269	+0.011	-0.269	-0.269	-0.269	-0.269	-0.267	-0.275	-0.272	-0.272	-0.265	-0.278	+0.018	+0.006	+0.145	-0.272	-0.268	-0.276	-0.276	-0.280	-0.276	-0.280	-0.236	-0.276	-0.280	-0.276	-0.276	-0.281	-0.277	-0.276	-0.187	+0.118	-0.279	-0.175	-0.279	-0.275	-0.279	+0.009	-0.251	-0.263	-0.227	-0.205	-0.232	-0.204	-0.227	-0.226	-0.226	-0.213	-0.214	-0.255	+0.273	-0.250	-0.242	-0.223	-0.203	-0.236	-0.262	-0.256	-0.243	-0.243	-0.265	-0.250	-0.249	-0.261	-0.254	-0.254	-0.238	-0.237	-0.246	-0.142	-0.216	-0.262	-0.217	-0.277	-0.239	-0.218	-0.219	-0.215	-0.262	-0.200	-0.212	-0.239	-0.258	-0.270	-0.296	-0.305	
rs6733969      +0.258	+0.194	+0.162	+0.159	+0.160	+0.170	+0.220	+0.159	+0.249	+0.561	+0.159	+0.248	+0.223	+0.249	+0.224	+0.242	+0.159	+0.235	+0.160	+0.250	+0.247	+0.194	+0.160	+0.240	+0.159	+0.470	+0.469	+0.487	+0.466	+0.159	+0.466	+0.465	+0.215	+0.228	+0.465	+0.158	+0.158	+0.241	+0.461	+0.173	+0.162	+0.240	+0.449	+0.157	+0.235	+0.452	+0.211	+0.452	+0.246	+0.157	+0.452	+0.157	+0.242	+0.158	+0.243	+0.157	+0.244	+0.449	+0.449	+0.247	+0.360	+0.401	+0.246	+0.195	+0.239	+0.451	+0.157	+0.157	+0.196	+0.158	+0.158	+0.158	+0.245	+0.449	+0.158	+0.158	+0.161	+0.454	+0.158	+0.157	+0.158	+0.158	+0.158	+0.158	+0.158	+0.197	+0.158	+0.196	+0.158	+0.158	+0.158	+0.158	+0.158	+0.158	+0.158	+0.158	+0.157	+0.158	+0.195	+0.197	+0.446	+0.158	+0.158	+0.158	+0.158	+0.159	+0.158	+0.159	+0.249	+0.158	+0.159	+0.158	+0.158	+0.159	+0.158	+0.158	+0.190	+0.446	+0.160	+0.187	+0.160	+0.160	+0.160	+0.197	+0.186	+0.160	+0.257	+0.267	+0.255	+0.274	+0.257	+0.257	+0.257	+0.263	+0.266	+0.159	+0.435	+0.244	+0.252	+0.262	+0.272	+0.257	+0.237	+0.251	+0.253	+0.254	+0.247	+0.249	+0.249	+0.239	+0.246	+0.246	+0.256	+0.257	+0.259	+0.329	+0.274	+0.256	+0.274	+0.238	+0.263	+0.273	+0.273	+0.274	+0.250	+0.281	+0.276	+0.263	+0.252	+0.253	+0.244	+0.241	
rs17382801     -0.228	-0.360	-0.328	-0.350	-0.343	-0.434	-0.153	-0.351	-0.202	+0.159	-0.245	-0.202	-0.142	-0.199	-0.141	-0.224	-0.349	-0.252	-0.343	-0.198	-0.209	-0.341	-0.349	-0.227	-0.356	+0.142	+0.140	+0.225	+0.136	-0.359	+0.136	+0.136	-0.171	-0.275	+0.135	-0.363	-0.362	-0.224	+0.125	-0.414	-0.387	-0.229	+0.085	-0.370	-0.245	+0.098	-0.184	+0.096	-0.206	-0.371	+0.097	-0.374	-0.223	-0.365	-0.217	-0.373	-0.216	+0.080	+0.080	-0.205	+0.034	+0.069	-0.210	-0.405	-0.233	+0.051	-0.372	-0.375	-0.413	-0.371	-0.371	-0.371	-0.212	+0.048	-0.369	-0.371	-0.356	+0.019	-0.371	-0.378	-0.371	-0.371	-0.371	-0.371	-0.371	-0.422	-0.371	-0.415	-0.371	-0.371	-0.371	-0.371	-0.372	-0.368	-0.370	-0.370	-0.374	-0.371	-0.409	-0.418	+0.049	-0.373	-0.374	-0.370	-0.370	-0.368	-0.370	-0.368	-0.203	-0.370	-0.368	-0.370	-0.370	-0.369	-0.370	-0.370	-0.516	+0.019	-0.372	-0.509	-0.372	-0.374	-0.372	-0.416	-0.501	-0.382	-0.181	-0.151	-0.186	+0.038	-0.181	-0.179	-0.179	-0.161	-0.145	-0.386	+0.140	-0.222	-0.196	-0.168	-0.141	-0.184	-0.250	-0.035	-0.195	-0.194	-0.047	-0.205	-0.207	-0.244	-0.217	-0.217	-0.187	-0.184	-0.183	-0.042	-0.144	-0.203	-0.144	-0.253	-0.173	-0.145	-0.146	+0.018	-0.214	+0.037	-0.138	-0.172	-0.206	-0.220	-0.267	-0.281	
rs2128504      -0.290	+0.086	-0.167	-0.203	-0.190	-0.115	-0.099	-0.207	-0.228	+0.248	-0.202	-0.144	-0.090	-0.227	-0.089	-0.240	-0.203	-0.247	-0.187	-0.226	-0.235	+0.111	-0.189	-0.240	-0.199	+0.233	+0.231	+0.358	+0.227	-0.202	+0.227	+0.227	-0.114	-0.244	+0.226	-0.211	-0.209	-0.239	+0.217	-0.207	-0.271	-0.241	+0.179	-0.225	-0.245	+0.191	-0.126	+0.189	-0.236	-0.230	+0.190	-0.240	-0.239	-0.201	-0.238	-0.241	-0.238	+0.174	+0.174	-0.233	+0.165	+0.158	-0.236	+0.024	-0.244	+0.146	-0.261	-0.267	+0.013	-0.268	-0.268	-0.268	-0.236	+0.143	-0.272	-0.268	-0.295	+0.117	-0.269	-0.259	-0.269	-0.269	-0.269	-0.269	-0.269	+0.001	-0.269	+0.011	-0.269	-0.269	-0.269	-0.269	-0.267	-0.275	-0.272	-0.273	-0.265	-0.278	+0.018	+0.006	+0.145	-0.272	-0.268	-0.276	-0.276	-0.280	-0.276	-0.280	-0.236	-0.276	-0.280	-0.276	-0.277	-0.281	-0.277	-0.277	-0.187	+0.117	-0.279	-0.176	-0.279	-0.275	-0.279	+0.008	-0.252	-0.263	-0.227	-0.205	-0.232	-0.204	-0.227	-0.226	-0.226	-0.213	-0.214	-0.255	+0.273	-0.250	-0.242	-0.223	-0.203	-0.236	-0.262	-0.256	-0.243	-0.243	-0.265	-0.250	-0.249	-0.261	-0.254	-0.254	-0.238	-0.237	-0.246	-0.142	-0.216	-0.262	-0.217	-0.277	-0.240	-0.218	-0.219	-0.215	-0.262	-0.200	-0.212	-0.239	-0.258	-0.270	-0.296	-0.305	
rs2170604      -0.078	-0.091	-0.142	-0.142	-0.142	-0.163	+0.104	-0.142	-0.090	+0.223	-0.142	-0.090	+0.197	-0.089	+0.113	-0.097	-0.142	-0.105	-0.142	-0.088	-0.091	-0.081	-0.143	-0.098	-0.143	+0.209	+0.208	+0.366	+0.205	-0.143	+0.204	+0.204	+0.089	-0.111	+0.204	-0.143	-0.143	-0.097	+0.196	-0.137	-0.135	-0.099	+0.163	-0.143	-0.104	+0.173	+0.078	+0.171	-0.091	-0.142	+0.172	-0.141	-0.097	-0.144	-0.095	-0.141	-0.095	+0.159	+0.158	-0.091	+0.207	+0.149	-0.093	-0.125	-0.100	+0.135	-0.138	-0.138	-0.130	-0.137	-0.137	-0.137	-0.093	+0.133	-0.136	-0.137	-0.130	+0.110	-0.137	-0.140	-0.137	-0.137	-0.137	-0.137	-0.137	-0.136	-0.137	-0.131	-0.137	-0.137	-0.137	-0.137	-0.138	-0.136	-0.137	-0.136	-0.138	-0.136	-0.128	-0.134	+0.134	-0.137	-0.137	-0.136	-0.136	-0.135	-0.136	-0.135	-0.089	-0.136	-0.135	-0.136	-0.136	-0.135	-0.136	-0.136	-0.209	+0.111	-0.134	-0.204	-0.134	-0.135	-0.134	-0.131	-0.194	-0.137	-0.081	-0.070	-0.083	+0.024	-0.081	-0.081	-0.081	-0.074	-0.069	-0.138	+0.299	-0.095	-0.086	-0.075	-0.065	-0.081	-0.102	-0.015	-0.085	-0.085	-0.022	-0.089	-0.089	-0.101	-0.093	-0.093	-0.082	-0.081	-0.079	-0.007	-0.063	-0.083	-0.063	-0.101	-0.075	-0.064	-0.064	+0.018	-0.089	+0.029	-0.061	-0.075	-0.086	-0.086	-0.097	-0.100	
rs7559997      -0.289	+0.089	-0.164	-0.200	-0.187	-0.112	-0.098	-0.204	-0.227	+0.249	-0.199	-0.227	-0.089	-0.141	-0.088	-0.238	-0.200	-0.244	-0.184	-0.225	-0.233	+0.114	-0.186	-0.237	-0.196	+0.234	+0.232	+0.360	+0.228	-0.199	+0.228	+0.228	-0.113	-0.241	+0.227	-0.208	-0.206	-0.237	+0.218	-0.204	-0.268	-0.238	+0.180	-0.222	-0.242	+0.192	-0.125	+0.190	-0.234	-0.227	+0.191	-0.237	-0.237	-0.198	-0.236	-0.239	-0.236	+0.175	+0.175	-0.232	+0.167	+0.159	-0.234	+0.027	-0.242	+0.147	-0.258	-0.265	+0.016	-0.266	-0.266	-0.266	-0.234	+0.144	-0.270	-0.266	-0.292	+0.118	-0.266	-0.256	-0.266	-0.266	-0.266	-0.266	-0.266	+0.004	-0.266	+0.014	-0.266	-0.266	-0.266	-0.266	-0.264	-0.273	-0.269	-0.270	-0.263	-0.275	+0.021	+0.009	+0.146	-0.270	-0.266	-0.274	-0.274	-0.278	-0.274	-0.277	-0.235	-0.273	-0.277	-0.274	-0.274	-0.278	-0.274	-0.274	-0.184	+0.119	-0.276	-0.173	-0.276	-0.272	-0.276	+0.012	-0.249	-0.260	-0.226	-0.205	-0.231	-0.203	-0.226	-0.225	-0.225	-0.213	-0.213	-0.252	+0.274	-0.248	-0.241	-0.223	-0.203	-0.235	-0.260	-0.256	-0.242	-0.241	-0.264	-0.248	-0.248	-0.259	-0.253	-0.253	-0.237	-0.236	-0.245	-0.142	-0.216	-0.261	-0.216	-0.275	-0.239	-0.217	-0.218	-0.214	-0.260	-0.199	-0.212	-0.238	-0.257	-0.268	-0.294	-0.303	
rs13411159     -0.077	-0.090	-0.141	-0.141	-0.141	-0.162	+0.105	-0.141	-0.089	+0.224	-0.141	-0.089	+0.113	-0.088	+0.198	-0.096	-0.141	-0.104	-0.141	-0.087	-0.090	-0.081	-0.141	-0.097	-0.141	+0.210	+0.208	+0.367	+0.205	-0.142	+0.205	+0.205	+0.090	-0.110	+0.204	-0.141	-0.141	-0.096	+0.196	-0.135	-0.133	-0.098	+0.163	-0.142	-0.103	+0.173	+0.079	+0.172	-0.090	-0.141	+0.173	-0.140	-0.096	-0.143	-0.094	-0.140	-0.094	+0.159	+0.159	-0.090	+0.208	+0.149	-0.092	-0.124	-0.099	+0.135	-0.137	-0.137	-0.129	-0.136	-0.136	-0.136	-0.092	+0.133	-0.135	-0.136	-0.129	+0.111	-0.136	-0.139	-0.136	-0.136	-0.136	-0.136	-0.136	-0.135	-0.136	-0.130	-0.136	-0.136	-0.136	-0.136	-0.136	-0.135	-0.135	-0.135	-0.137	-0.134	-0.127	-0.133	+0.134	-0.135	-0.136	-0.134	-0.134	-0.133	-0.134	-0.134	-0.088	-0.134	-0.134	-0.134	-0.134	-0.133	-0.134	-0.134	-0.208	+0.111	-0.132	-0.203	-0.132	-0.133	-0.132	-0.130	-0.193	-0.135	-0.080	-0.069	-0.082	+0.025	-0.080	-0.080	-0.080	-0.073	-0.068	-0.137	+0.300	-0.094	-0.085	-0.074	-0.064	-0.080	-0.101	-0.014	-0.084	-0.084	-0.021	-0.088	-0.088	-0.100	-0.092	-0.092	-0.081	-0.080	-0.078	-0.006	-0.062	-0.082	-0.062	-0.100	-0.074	-0.063	-0.063	+0.019	-0.088	+0.030	-0.060	-0.074	-0.085	-0.085	-0.096	-0.099	
rs13392510     -0.298	+0.063	-0.189	-0.225	-0.212	-0.137	-0.106	-0.229	-0.240	+0.242	-0.224	-0.240	-0.097	-0.238	-0.096	-0.164	-0.225	-0.263	-0.209	-0.237	-0.241	+0.087	-0.211	-0.257	-0.221	+0.226	+0.225	+0.347	+0.221	-0.224	+0.221	+0.221	-0.121	-0.266	+0.220	-0.233	-0.231	-0.256	+0.211	-0.228	-0.292	-0.259	+0.172	-0.247	-0.264	+0.184	-0.133	+0.183	-0.248	-0.252	+0.184	-0.262	-0.256	-0.223	-0.253	-0.263	-0.252	+0.167	+0.167	-0.246	+0.153	+0.152	-0.249	+0.001	-0.259	+0.139	-0.282	-0.289	-0.010	-0.290	-0.290	-0.290	-0.250	+0.137	-0.294	-0.290	-0.316	+0.109	-0.290	-0.280	-0.290	-0.290	-0.290	-0.290	-0.290	-0.022	-0.290	-0.012	-0.290	-0.290	-0.290	-0.290	-0.289	-0.297	-0.294	-0.294	-0.287	-0.300	-0.005	-0.017	+0.138	-0.294	-0.290	-0.298	-0.298	-0.302	-0.298	-0.302	-0.248	-0.298	-0.301	-0.298	-0.298	-0.302	-0.298	-0.298	-0.209	+0.110	-0.300	-0.197	-0.301	-0.296	-0.301	-0.015	-0.273	-0.285	-0.234	-0.208	-0.240	-0.208	-0.234	-0.233	-0.232	-0.218	-0.219	-0.277	+0.261	-0.262	-0.253	-0.230	-0.206	-0.245	-0.279	-0.262	-0.253	-0.253	-0.271	-0.262	-0.262	-0.277	-0.268	-0.268	-0.247	-0.246	-0.255	-0.140	-0.221	-0.273	-0.221	-0.292	-0.247	-0.222	-0.223	-0.220	-0.273	-0.204	-0.216	-0.247	-0.268	-0.283	-0.313	-0.323	
rs13013918     -0.228	-0.360	-0.328	-0.350	-0.343	-0.435	-0.153	-0.352	-0.202	+0.159	-0.349	-0.203	-0.142	-0.200	-0.141	-0.225	-0.246	-0.253	-0.343	-0.198	-0.209	-0.341	-0.349	-0.228	-0.356	+0.142	+0.140	+0.224	+0.136	-0.359	+0.136	+0.136	-0.171	-0.276	+0.135	-0.364	-0.363	-0.225	+0.125	-0.414	-0.388	-0.230	+0.085	-0.371	-0.246	+0.098	-0.184	+0.096	-0.206	-0.372	+0.097	-0.375	-0.224	-0.365	-0.218	-0.374	-0.217	+0.080	+0.080	-0.206	+0.034	+0.069	-0.211	-0.406	-0.234	+0.051	-0.373	-0.376	-0.413	-0.372	-0.372	-0.372	-0.213	+0.048	-0.370	-0.372	-0.357	+0.019	-0.372	-0.379	-0.372	-0.372	-0.372	-0.372	-0.372	-0.422	-0.372	-0.415	-0.372	-0.372	-0.372	-0.372	-0.373	-0.369	-0.371	-0.371	-0.375	-0.372	-0.409	-0.419	+0.049	-0.374	-0.375	-0.371	-0.371	-0.369	-0.371	-0.369	-0.204	-0.371	-0.369	-0.371	-0.371	-0.370	-0.371	-0.371	-0.516	+0.019	-0.373	-0.509	-0.373	-0.375	-0.373	-0.416	-0.502	-0.383	-0.182	-0.152	-0.187	+0.038	-0.182	-0.180	-0.180	-0.161	-0.145	-0.386	+0.140	-0.223	-0.197	-0.169	-0.142	-0.185	-0.251	-0.036	-0.196	-0.195	-0.048	-0.206	-0.208	-0.245	-0.218	-0.218	-0.187	-0.184	-0.184	-0.042	-0.144	-0.204	-0.144	-0.254	-0.174	-0.145	-0.147	+0.017	-0.214	+0.037	-0.139	-0.173	-0.207	-0.221	-0.268	-0.281	
rs75093500     -0.306	+0.031	-0.218	-0.253	-0.241	-0.166	-0.114	-0.257	-0.247	+0.235	-0.252	-0.247	-0.105	-0.244	-0.104	-0.263	-0.253	-0.190	-0.238	-0.242	-0.248	+0.055	-0.239	-0.272	-0.249	+0.219	+0.217	+0.333	+0.213	-0.252	+0.213	+0.213	-0.130	-0.290	+0.212	-0.261	-0.259	-0.269	+0.203	-0.257	-0.320	-0.274	+0.164	-0.275	-0.284	+0.176	-0.142	+0.174	-0.257	-0.280	+0.176	-0.290	-0.269	-0.251	-0.264	-0.291	-0.263	+0.159	+0.159	-0.254	+0.138	+0.143	-0.259	-0.030	-0.275	+0.131	-0.310	-0.317	-0.041	-0.318	-0.318	-0.318	-0.260	+0.128	-0.322	-0.318	-0.344	+0.100	-0.318	-0.308	-0.318	-0.318	-0.318	-0.318	-0.318	-0.053	-0.318	-0.043	-0.318	-0.318	-0.318	-0.318	-0.317	-0.325	-0.322	-0.322	-0.315	-0.327	-0.036	-0.049	+0.129	-0.322	-0.318	-0.326	-0.326	-0.330	-0.326	-0.329	-0.257	-0.326	-0.329	-0.326	-0.326	-0.330	-0.326	-0.326	-0.238	+0.101	-0.328	-0.227	-0.328	-0.324	-0.328	-0.046	-0.302	-0.313	-0.236	-0.203	-0.244	-0.211	-0.236	-0.235	-0.234	-0.216	-0.218	-0.305	+0.246	-0.274	-0.261	-0.231	-0.201	-0.250	-0.298	-0.270	-0.261	-0.260	-0.278	-0.272	-0.272	-0.295	-0.281	-0.281	-0.253	-0.252	-0.263	-0.133	-0.221	-0.284	-0.222	-0.308	-0.253	-0.223	-0.224	-0.224	-0.284	-0.208	-0.216	-0.253	-0.279	-0.297	-0.332	-0.343	
rs67593092     -0.215	-0.356	-0.329	-0.344	-0.339	-0.429	-0.153	-0.345	-0.187	+0.160	-0.343	-0.187	-0.142	-0.184	-0.141	-0.209	-0.343	-0.238	-0.231	-0.183	-0.194	-0.337	-0.345	-0.213	-0.350	+0.144	+0.142	+0.231	+0.138	-0.353	+0.138	+0.137	-0.171	-0.260	+0.137	-0.356	-0.355	-0.209	+0.127	-0.406	-0.372	-0.214	+0.087	-0.361	-0.231	+0.100	-0.184	+0.098	-0.191	-0.361	+0.099	-0.363	-0.208	-0.359	-0.202	-0.361	-0.201	+0.082	+0.082	-0.190	+0.042	+0.071	-0.195	-0.400	-0.219	+0.053	-0.357	-0.359	-0.408	-0.354	-0.354	-0.354	-0.197	+0.050	-0.352	-0.354	-0.333	+0.022	-0.354	-0.364	-0.354	-0.354	-0.354	-0.354	-0.354	-0.416	-0.354	-0.410	-0.354	-0.354	-0.354	-0.354	-0.356	-0.350	-0.353	-0.353	-0.358	-0.353	-0.404	-0.413	+0.051	-0.356	-0.358	-0.352	-0.352	-0.349	-0.352	-0.349	-0.189	-0.352	-0.349	-0.352	-0.352	-0.350	-0.351	-0.352	-0.509	+0.022	-0.353	-0.502	-0.353	-0.356	-0.354	-0.411	-0.492	-0.368	-0.166	-0.136	-0.171	+0.055	-0.166	-0.164	-0.164	-0.146	-0.130	-0.372	+0.148	-0.207	-0.181	-0.153	-0.126	-0.170	-0.235	-0.019	-0.180	-0.179	-0.031	-0.191	-0.192	-0.229	-0.203	-0.203	-0.172	-0.169	-0.169	-0.026	-0.129	-0.189	-0.129	-0.238	-0.158	-0.130	-0.131	+0.034	-0.199	+0.053	-0.123	-0.157	-0.191	-0.206	-0.252	-0.266	
rs2380481      -0.288	+0.091	-0.163	-0.199	-0.186	-0.111	-0.098	-0.203	-0.226	+0.250	-0.198	-0.226	-0.088	-0.225	-0.087	-0.237	-0.198	-0.242	-0.183	-0.140	-0.232	+0.115	-0.185	-0.236	-0.195	+0.234	+0.233	+0.360	+0.229	-0.198	+0.228	+0.228	-0.113	-0.238	+0.228	-0.207	-0.205	-0.236	+0.219	-0.203	-0.267	-0.237	+0.181	-0.221	-0.240	+0.192	-0.124	+0.191	-0.233	-0.226	+0.192	-0.236	-0.236	-0.197	-0.235	-0.237	-0.234	+0.176	+0.175	-0.231	+0.168	+0.160	-0.233	+0.029	-0.240	+0.148	-0.257	-0.263	+0.018	-0.264	-0.264	-0.264	-0.233	+0.145	-0.268	-0.264	-0.291	+0.118	-0.264	-0.255	-0.264	-0.264	-0.265	-0.265	-0.265	+0.005	-0.265	+0.016	-0.265	-0.265	-0.265	-0.265	-0.263	-0.271	-0.268	-0.268	-0.261	-0.274	+0.022	+0.010	+0.146	-0.268	-0.264	-0.272	-0.272	-0.276	-0.272	-0.276	-0.234	-0.272	-0.276	-0.272	-0.272	-0.277	-0.273	-0.272	-0.183	+0.119	-0.275	-0.171	-0.275	-0.271	-0.275	+0.013	-0.247	-0.259	-0.225	-0.204	-0.230	-0.203	-0.225	-0.224	-0.224	-0.212	-0.213	-0.251	+0.275	-0.247	-0.240	-0.222	-0.203	-0.234	-0.258	-0.255	-0.241	-0.240	-0.264	-0.247	-0.247	-0.258	-0.251	-0.251	-0.236	-0.236	-0.244	-0.142	-0.216	-0.260	-0.216	-0.274	-0.238	-0.217	-0.218	-0.214	-0.260	-0.199	-0.211	-0.237	-0.256	-0.267	-0.292	-0.302	
rs10193283     -0.292	+0.080	-0.174	-0.210	-0.197	-0.121	-0.101	-0.214	-0.235	+0.247	-0.209	-0.235	-0.091	-0.233	-0.090	-0.241	-0.209	-0.248	-0.194	-0.232	-0.149	+0.104	-0.195	-0.248	-0.206	+0.231	+0.230	+0.356	+0.226	-0.209	+0.226	+0.226	-0.116	-0.246	+0.225	-0.217	-0.216	-0.247	+0.216	-0.213	-0.277	-0.249	+0.178	-0.231	-0.252	+0.189	-0.127	+0.188	-0.242	-0.236	+0.189	-0.247	-0.247	-0.208	-0.245	-0.248	-0.244	+0.173	+0.172	-0.240	+0.162	+0.157	-0.243	+0.018	-0.248	+0.145	-0.267	-0.274	+0.007	-0.275	-0.275	-0.275	-0.243	+0.142	-0.279	-0.275	-0.301	+0.115	-0.275	-0.265	-0.275	-0.275	-0.275	-0.275	-0.275	-0.005	-0.275	+0.005	-0.275	-0.275	-0.275	-0.275	-0.273	-0.282	-0.279	-0.279	-0.272	-0.284	+0.012	-0.001	+0.143	-0.279	-0.275	-0.283	-0.283	-0.287	-0.283	-0.286	-0.242	-0.283	-0.286	-0.283	-0.283	-0.287	-0.283	-0.283	-0.193	+0.116	-0.285	-0.181	-0.285	-0.281	-0.285	+0.002	-0.258	-0.270	-0.230	-0.208	-0.235	-0.205	-0.230	-0.229	-0.229	-0.216	-0.218	-0.262	+0.270	-0.252	-0.247	-0.227	-0.206	-0.240	-0.267	-0.258	-0.247	-0.247	-0.267	-0.255	-0.255	-0.266	-0.260	-0.260	-0.242	-0.241	-0.250	-0.143	-0.219	-0.266	-0.219	-0.281	-0.243	-0.220	-0.221	-0.216	-0.265	-0.201	-0.214	-0.243	-0.261	-0.275	-0.302	-0.311	
rs10196301     +0.072	-0.138	-0.332	-0.341	-0.338	-0.309	-0.089	-0.342	+0.111	+0.194	-0.341	+0.111	-0.081	+0.114	-0.081	+0.087	-0.341	+0.055	-0.337	+0.115	+0.104	-0.011	-0.338	+0.082	-0.340	+0.176	+0.174	+0.251	+0.170	-0.341	+0.170	+0.169	-0.102	+0.029	+0.169	-0.343	-0.343	+0.085	+0.159	-0.332	-0.350	+0.080	+0.119	-0.346	+0.062	+0.131	-0.112	+0.130	+0.103	-0.347	+0.131	-0.349	+0.087	-0.342	+0.093	-0.349	+0.094	+0.114	+0.114	+0.106	+0.079	+0.092	+0.101	-0.133	+0.076	+0.085	-0.352	-0.353	-0.135	-0.353	-0.353	-0.353	+0.099	+0.082	-0.353	-0.353	-0.353	+0.054	-0.353	-0.352	-0.353	-0.353	-0.353	-0.353	-0.353	-0.129	-0.353	-0.134	-0.353	-0.353	-0.353	-0.353	-0.353	-0.353	-0.353	-0.353	-0.352	-0.354	-0.144	-0.135	+0.083	-0.353	-0.353	-0.353	-0.353	-0.353	-0.353	-0.353	+0.108	-0.353	-0.353	-0.353	-0.353	-0.354	-0.353	-0.353	-0.276	+0.055	-0.352	-0.279	-0.352	-0.352	-0.352	-0.146	-0.311	-0.350	+0.133	+0.166	+0.128	+0.125	+0.133	+0.135	+0.135	+0.155	+0.161	-0.350	+0.176	+0.088	+0.115	+0.147	+0.177	+0.129	+0.056	+0.069	+0.117	+0.118	+0.058	+0.104	+0.103	+0.062	+0.091	+0.091	+0.126	+0.128	+0.129	+0.284	+0.173	+0.105	+0.174	+0.051	+0.140	+0.172	+0.171	+0.116	+0.096	+0.133	+0.179	+0.141	+0.104	+0.085	+0.030	+0.013	
rs36061407     -0.216	-0.357	-0.326	-0.349	-0.345	-0.430	-0.153	-0.350	-0.189	+0.160	-0.349	-0.189	-0.143	-0.186	-0.141	-0.211	-0.349	-0.239	-0.345	-0.185	-0.195	-0.338	-0.233	-0.214	-0.340	+0.143	+0.142	+0.231	+0.138	-0.344	+0.137	+0.137	-0.170	-0.262	+0.137	-0.346	-0.345	-0.211	+0.127	-0.404	-0.362	-0.216	+0.087	-0.350	-0.232	+0.099	-0.183	+0.098	-0.193	-0.350	+0.099	-0.351	-0.210	-0.351	-0.204	-0.348	-0.203	+0.082	+0.082	-0.192	+0.041	+0.071	-0.197	-0.401	-0.220	+0.053	-0.341	-0.343	-0.408	-0.336	-0.336	-0.336	-0.199	+0.050	-0.332	-0.336	-0.305	+0.022	-0.336	-0.351	-0.336	-0.336	-0.336	-0.336	-0.336	-0.417	-0.336	-0.410	-0.336	-0.336	-0.336	-0.336	-0.339	-0.330	-0.334	-0.334	-0.343	-0.335	-0.404	-0.413	+0.051	-0.338	-0.342	-0.333	-0.333	-0.328	-0.333	-0.328	-0.190	-0.333	-0.328	-0.333	-0.333	-0.331	-0.332	-0.332	-0.509	+0.022	-0.336	-0.502	-0.336	-0.340	-0.337	-0.411	-0.491	-0.357	-0.168	-0.138	-0.173	+0.053	-0.168	-0.166	-0.166	-0.148	-0.131	-0.363	+0.147	-0.209	-0.183	-0.155	-0.128	-0.171	-0.237	-0.021	-0.182	-0.181	-0.033	-0.192	-0.194	-0.231	-0.204	-0.204	-0.173	-0.170	-0.170	-0.028	-0.130	-0.190	-0.131	-0.240	-0.160	-0.131	-0.133	+0.032	-0.201	+0.051	-0.125	-0.159	-0.193	-0.207	-0.254	-0.268	
rs2220042      -0.300	+0.057	-0.193	-0.228	-0.216	-0.142	-0.108	-0.232	-0.240	+0.240	-0.227	-0.240	-0.098	-0.237	-0.097	-0.257	-0.228	-0.272	-0.213	-0.236	-0.248	+0.082	-0.214	-0.168	-0.224	+0.224	+0.223	+0.344	+0.219	-0.227	+0.219	+0.219	-0.123	-0.273	+0.218	-0.236	-0.235	-0.254	+0.209	-0.232	-0.296	-0.256	+0.170	-0.250	-0.265	+0.182	-0.135	+0.181	-0.245	-0.255	+0.182	-0.266	-0.253	-0.226	-0.250	-0.267	-0.249	+0.165	+0.165	-0.242	+0.150	+0.150	-0.246	-0.004	-0.261	+0.137	-0.286	-0.293	-0.015	-0.293	-0.293	-0.293	-0.247	+0.134	-0.298	-0.294	-0.320	+0.107	-0.294	-0.284	-0.294	-0.294	-0.294	-0.294	-0.294	-0.027	-0.294	-0.017	-0.294	-0.294	-0.294	-0.294	-0.292	-0.300	-0.297	-0.298	-0.291	-0.303	-0.010	-0.022	+0.136	-0.297	-0.293	-0.301	-0.301	-0.305	-0.301	-0.305	-0.245	-0.301	-0.305	-0.301	-0.302	-0.306	-0.302	-0.302	-0.214	+0.108	-0.304	-0.202	-0.304	-0.300	-0.304	-0.020	-0.277	-0.288	-0.231	-0.202	-0.238	-0.208	-0.231	-0.230	-0.230	-0.213	-0.213	-0.281	+0.258	-0.264	-0.251	-0.226	-0.201	-0.242	-0.281	-0.263	-0.252	-0.251	-0.272	-0.260	-0.260	-0.279	-0.267	-0.267	-0.245	-0.244	-0.254	-0.138	-0.218	-0.273	-0.218	-0.294	-0.246	-0.219	-0.221	-0.220	-0.274	-0.204	-0.213	-0.245	-0.269	-0.283	-0.314	-0.325	
rs72769691     -0.225	-0.359	-0.327	-0.356	-0.350	-0.434	-0.154	-0.358	-0.199	+0.159	-0.356	-0.199	-0.143	-0.196	-0.141	-0.221	-0.356	-0.249	-0.350	-0.195	-0.206	-0.340	-0.340	-0.224	-0.242	+0.143	+0.141	+0.226	+0.137	-0.348	+0.137	+0.136	-0.170	-0.272	+0.136	-0.352	-0.351	-0.221	+0.126	-0.410	-0.374	-0.226	+0.086	-0.358	-0.242	+0.099	-0.183	+0.097	-0.203	-0.358	+0.098	-0.361	-0.220	-0.355	-0.214	-0.359	-0.213	+0.081	+0.081	-0.202	+0.036	+0.070	-0.207	-0.404	-0.231	+0.052	-0.354	-0.357	-0.412	-0.351	-0.351	-0.351	-0.209	+0.049	-0.348	-0.351	-0.325	+0.020	-0.351	-0.363	-0.351	-0.351	-0.351	-0.351	-0.351	-0.420	-0.351	-0.413	-0.351	-0.351	-0.351	-0.351	-0.353	-0.346	-0.349	-0.349	-0.356	-0.350	-0.407	-0.417	+0.050	-0.353	-0.356	-0.348	-0.348	-0.344	-0.348	-0.345	-0.200	-0.348	-0.345	-0.348	-0.348	-0.347	-0.348	-0.348	-0.514	+0.020	-0.352	-0.507	-0.352	-0.355	-0.352	-0.415	-0.498	-0.369	-0.178	-0.148	-0.183	+0.041	-0.178	-0.176	-0.176	-0.158	-0.142	-0.374	+0.142	-0.219	-0.193	-0.165	-0.138	-0.182	-0.247	-0.032	-0.192	-0.191	-0.044	-0.203	-0.204	-0.241	-0.215	-0.215	-0.184	-0.181	-0.181	-0.039	-0.141	-0.200	-0.141	-0.250	-0.170	-0.142	-0.143	+0.021	-0.211	+0.040	-0.135	-0.170	-0.203	-0.218	-0.264	-0.278	
rs1482758      +0.243	+0.176	+0.145	+0.142	+0.143	+0.153	+0.206	+0.142	+0.233	+0.470	+0.142	+0.233	+0.209	+0.234	+0.210	+0.226	+0.142	+0.219	+0.144	+0.234	+0.231	+0.176	+0.143	+0.224	+0.143	+0.544	+0.469	+0.477	+0.466	+0.142	+0.466	+0.466	+0.201	+0.212	+0.465	+0.142	+0.142	+0.225	+0.461	+0.157	+0.145	+0.224	+0.446	+0.141	+0.219	+0.450	+0.197	+0.449	+0.231	+0.140	+0.449	+0.140	+0.226	+0.142	+0.227	+0.140	+0.228	+0.447	+0.447	+0.231	+0.348	+0.391	+0.230	+0.178	+0.223	+0.449	+0.141	+0.140	+0.179	+0.141	+0.141	+0.141	+0.229	+0.447	+0.141	+0.141	+0.144	+0.453	+0.141	+0.140	+0.141	+0.141	+0.141	+0.141	+0.141	+0.181	+0.141	+0.179	+0.141	+0.141	+0.141	+0.141	+0.141	+0.141	+0.141	+0.141	+0.141	+0.141	+0.179	+0.180	+0.443	+0.141	+0.141	+0.141	+0.141	+0.142	+0.142	+0.142	+0.233	+0.142	+0.142	+0.142	+0.142	+0.142	+0.142	+0.142	+0.172	+0.442	+0.143	+0.170	+0.143	+0.143	+0.143	+0.180	+0.168	+0.143	+0.241	+0.251	+0.239	+0.259	+0.241	+0.241	+0.241	+0.248	+0.250	+0.143	+0.424	+0.228	+0.236	+0.246	+0.256	+0.241	+0.221	+0.236	+0.238	+0.238	+0.231	+0.233	+0.233	+0.223	+0.230	+0.230	+0.240	+0.241	+0.243	+0.314	+0.258	+0.240	+0.258	+0.222	+0.247	+0.258	+0.257	+0.259	+0.234	+0.266	+0.260	+0.247	+0.236	+0.237	+0.228	+0.225	
rs1482757      +0.241	+0.174	+0.144	+0.140	+0.141	+0.152	+0.205	+0.140	+0.231	+0.469	+0.140	+0.231	+0.208	+0.232	+0.208	+0.225	+0.140	+0.217	+0.142	+0.233	+0.230	+0.174	+0.142	+0.223	+0.141	+0.469	+0.542	+0.476	+0.465	+0.141	+0.465	+0.465	+0.200	+0.211	+0.464	+0.140	+0.140	+0.224	+0.460	+0.155	+0.143	+0.222	+0.445	+0.139	+0.218	+0.448	+0.195	+0.448	+0.229	+0.139	+0.448	+0.139	+0.224	+0.140	+0.226	+0.139	+0.226	+0.445	+0.445	+0.230	+0.347	+0.390	+0.228	+0.177	+0.221	+0.447	+0.139	+0.138	+0.177	+0.139	+0.139	+0.139	+0.228	+0.445	+0.140	+0.139	+0.143	+0.450	+0.139	+0.138	+0.139	+0.139	+0.139	+0.139	+0.139	+0.179	+0.139	+0.178	+0.139	+0.139	+0.139	+0.139	+0.139	+0.140	+0.139	+0.139	+0.139	+0.140	+0.177	+0.178	+0.441	+0.139	+0.139	+0.140	+0.140	+0.140	+0.140	+0.140	+0.232	+0.140	+0.140	+0.140	+0.140	+0.140	+0.140	+0.140	+0.170	+0.440	+0.142	+0.168	+0.142	+0.141	+0.142	+0.178	+0.166	+0.141	+0.239	+0.250	+0.238	+0.257	+0.239	+0.240	+0.240	+0.246	+0.249	+0.141	+0.423	+0.226	+0.235	+0.245	+0.255	+0.239	+0.219	+0.234	+0.236	+0.236	+0.230	+0.232	+0.232	+0.221	+0.228	+0.228	+0.239	+0.240	+0.242	+0.313	+0.257	+0.238	+0.257	+0.220	+0.245	+0.256	+0.256	+0.257	+0.232	+0.265	+0.259	+0.246	+0.235	+0.235	+0.226	+0.223	
rs1564630      +0.386	+0.244	+0.239	+0.224	+0.229	+0.238	+0.360	+0.223	+0.358	+0.487	+0.225	+0.358	+0.366	+0.360	+0.367	+0.347	+0.224	+0.333	+0.231	+0.360	+0.356	+0.251	+0.231	+0.344	+0.226	+0.477	+0.476	+0.618	+0.473	+0.225	+0.473	+0.473	+0.350	+0.321	+0.473	+0.222	+0.222	+0.346	+0.466	+0.242	+0.203	+0.343	+0.440	+0.215	+0.335	+0.448	+0.344	+0.447	+0.355	+0.214	+0.448	+0.210	+0.346	+0.225	+0.349	+0.209	+0.350	+0.437	+0.437	+0.356	+0.494	+0.436	+0.353	+0.217	+0.342	+0.419	+0.203	+0.200	+0.213	+0.200	+0.200	+0.200	+0.352	+0.417	+0.199	+0.200	+0.192	+0.400	+0.200	+0.203	+0.200	+0.200	+0.200	+0.200	+0.200	+0.209	+0.200	+0.212	+0.200	+0.200	+0.200	+0.200	+0.200	+0.198	+0.199	+0.199	+0.201	+0.197	+0.216	+0.211	+0.418	+0.199	+0.200	+0.197	+0.197	+0.196	+0.197	+0.196	+0.358	+0.198	+0.196	+0.198	+0.198	+0.197	+0.197	+0.198	+0.172	+0.401	+0.198	+0.178	+0.198	+0.200	+0.198	+0.214	+0.180	+0.204	+0.370	+0.386	+0.368	+0.420	+0.370	+0.371	+0.371	+0.381	+0.386	+0.207	+0.453	+0.348	+0.362	+0.378	+0.393	+0.369	+0.335	+0.383	+0.363	+0.363	+0.377	+0.357	+0.356	+0.338	+0.351	+0.351	+0.368	+0.369	+0.372	+0.470	+0.395	+0.364	+0.395	+0.336	+0.378	+0.394	+0.393	+0.417	+0.357	+0.428	+0.398	+0.378	+0.361	+0.357	+0.338	+0.332	
rs6732084      +0.238	+0.170	+0.140	+0.136	+0.137	+0.148	+0.201	+0.136	+0.227	+0.466	+0.136	+0.227	+0.205	+0.228	+0.205	+0.221	+0.136	+0.213	+0.138	+0.229	+0.226	+0.170	+0.138	+0.219	+0.137	+0.466	+0.465	+0.473	+0.538	+0.137	+0.463	+0.463	+0.196	+0.207	+0.463	+0.136	+0.136	+0.220	+0.458	+0.151	+0.139	+0.218	+0.441	+0.135	+0.214	+0.445	+0.192	+0.445	+0.225	+0.135	+0.445	+0.135	+0.220	+0.136	+0.222	+0.135	+0.222	+0.442	+0.442	+0.226	+0.344	+0.387	+0.224	+0.173	+0.218	+0.443	+0.135	+0.134	+0.173	+0.135	+0.135	+0.135	+0.224	+0.440	+0.136	+0.135	+0.138	+0.445	+0.135	+0.134	+0.135	+0.135	+0.135	+0.135	+0.135	+0.175	+0.135	+0.173	+0.135	+0.135	+0.135	+0.135	+0.135	+0.136	+0.135	+0.135	+0.135	+0.136	+0.173	+0.174	+0.437	+0.135	+0.135	+0.136	+0.136	+0.136	+0.136	+0.136	+0.228	+0.136	+0.136	+0.136	+0.136	+0.136	+0.136	+0.136	+0.166	+0.434	+0.138	+0.164	+0.138	+0.137	+0.138	+0.174	+0.162	+0.137	+0.236	+0.246	+0.234	+0.254	+0.236	+0.236	+0.236	+0.243	+0.245	+0.137	+0.420	+0.223	+0.231	+0.241	+0.251	+0.236	+0.216	+0.231	+0.232	+0.233	+0.226	+0.228	+0.228	+0.217	+0.225	+0.225	+0.235	+0.236	+0.238	+0.309	+0.253	+0.235	+0.253	+0.217	+0.242	+0.253	+0.252	+0.254	+0.228	+0.261	+0.255	+0.242	+0.231	+0.231	+0.222	+0.220	
rs35548928     -0.228	-0.360	-0.330	-0.359	-0.353	-0.435	-0.154	-0.361	-0.202	+0.159	-0.359	-0.202	-0.143	-0.199	-0.142	-0.224	-0.359	-0.252	-0.353	-0.198	-0.209	-0.341	-0.344	-0.227	-0.348	+0.142	+0.141	+0.225	+0.137	-0.245	+0.136	+0.136	-0.170	-0.275	+0.136	-0.353	-0.352	-0.224	+0.126	-0.412	-0.378	-0.229	+0.086	-0.360	-0.245	+0.098	-0.183	+0.096	-0.206	-0.361	+0.098	-0.363	-0.223	-0.356	-0.217	-0.361	-0.216	+0.080	+0.080	-0.205	+0.034	+0.070	-0.210	-0.405	-0.233	+0.051	-0.357	-0.360	-0.413	-0.355	-0.355	-0.355	-0.212	+0.048	-0.352	-0.355	-0.330	+0.020	-0.355	-0.366	-0.355	-0.355	-0.355	-0.355	-0.355	-0.421	-0.355	-0.414	-0.355	-0.355	-0.355	-0.355	-0.356	-0.350	-0.353	-0.353	-0.360	-0.354	-0.408	-0.418	+0.049	-0.357	-0.360	-0.352	-0.352	-0.349	-0.352	-0.349	-0.203	-0.352	-0.349	-0.352	-0.352	-0.351	-0.352	-0.352	-0.515	+0.020	-0.356	-0.508	-0.356	-0.359	-0.356	-0.416	-0.500	-0.372	-0.181	-0.152	-0.186	+0.038	-0.181	-0.179	-0.179	-0.161	-0.145	-0.377	+0.141	-0.222	-0.196	-0.168	-0.141	-0.185	-0.250	-0.036	-0.195	-0.194	-0.047	-0.206	-0.207	-0.244	-0.218	-0.218	-0.187	-0.184	-0.184	-0.042	-0.144	-0.204	-0.144	-0.253	-0.174	-0.145	-0.146	+0.018	-0.214	+0.037	-0.139	-0.173	-0.206	-0.221	-0.267	-0.281	
rs1351643      +0.237	+0.169	+0.139	+0.136	+0.137	+0.147	+0.201	+0.135	+0.227	+0.466	+0.136	+0.227	+0.204	+0.228	+0.205	+0.221	+0.136	+0.213	+0.138	+0.228	+0.226	+0.170	+0.137	+0.219	+0.137	+0.466	+0.465	+0.473	+0.463	+0.136	+0.537	+0.463	+0.196	+0.206	+0.463	+0.136	+0.136	+0.220	+0.458	+0.151	+0.139	+0.218	+0.441	+0.134	+0.214	+0.445	+0.192	+0.444	+0.225	+0.134	+0.444	+0.134	+0.220	+0.136	+0.222	+0.134	+0.222	+0.441	+0.441	+0.225	+0.344	+0.387	+0.224	+0.172	+0.217	+0.442	+0.134	+0.134	+0.173	+0.135	+0.135	+0.135	+0.223	+0.440	+0.135	+0.135	+0.138	+0.444	+0.135	+0.134	+0.135	+0.135	+0.135	+0.135	+0.135	+0.174	+0.135	+0.173	+0.135	+0.135	+0.135	+0.135	+0.135	+0.135	+0.135	+0.135	+0.135	+0.135	+0.172	+0.173	+0.436	+0.135	+0.135	+0.135	+0.135	+0.136	+0.135	+0.136	+0.227	+0.135	+0.136	+0.135	+0.135	+0.136	+0.135	+0.135	+0.165	+0.434	+0.137	+0.163	+0.137	+0.137	+0.137	+0.174	+0.162	+0.137	+0.235	+0.246	+0.234	+0.253	+0.235	+0.236	+0.236	+0.242	+0.245	+0.137	+0.420	+0.222	+0.231	+0.241	+0.251	+0.235	+0.215	+0.230	+0.232	+0.232	+0.226	+0.228	+0.228	+0.217	+0.224	+0.224	+0.235	+0.236	+0.238	+0.309	+0.253	+0.234	+0.253	+0.216	+0.241	+0.252	+0.252	+0.253	+0.228	+0.261	+0.255	+0.242	+0.231	+0.231	+0.222	+0.219	
rs11897353     +0.237	+0.169	+0.139	+0.136	+0.137	+0.147	+0.201	+0.135	+0.227	+0.465	+0.136	+0.227	+0.204	+0.228	+0.205	+0.221	+0.136	+0.213	+0.137	+0.228	+0.226	+0.169	+0.137	+0.219	+0.136	+0.466	+0.465	+0.473	+0.463	+0.136	+0.463	+0.537	+0.196	+0.206	+0.463	+0.136	+0.136	+0.219	+0.457	+0.151	+0.138	+0.218	+0.441	+0.134	+0.213	+0.444	+0.191	+0.444	+0.225	+0.134	+0.444	+0.134	+0.220	+0.135	+0.222	+0.134	+0.222	+0.441	+0.441	+0.225	+0.344	+0.387	+0.224	+0.172	+0.217	+0.442	+0.134	+0.134	+0.173	+0.135	+0.135	+0.135	+0.223	+0.440	+0.135	+0.135	+0.138	+0.444	+0.135	+0.134	+0.135	+0.135	+0.135	+0.135	+0.135	+0.174	+0.135	+0.173	+0.135	+0.135	+0.135	+0.135	+0.134	+0.135	+0.135	+0.135	+0.134	+0.135	+0.172	+0.173	+0.436	+0.135	+0.135	+0.135	+0.135	+0.135	+0.135	+0.135	+0.227	+0.135	+0.135	+0.135	+0.135	+0.135	+0.135	+0.135	+0.165	+0.433	+0.137	+0.163	+0.137	+0.137	+0.137	+0.174	+0.162	+0.137	+0.235	+0.245	+0.233	+0.253	+0.235	+0.236	+0.236	+0.242	+0.245	+0.136	+0.420	+0.222	+0.231	+0.241	+0.251	+0.235	+0.215	+0.230	+0.232	+0.232	+0.226	+0.228	+0.228	+0.217	+0.224	+0.224	+0.235	+0.235	+0.237	+0.309	+0.253	+0.234	+0.252	+0.216	+0.241	+0.252	+0.252	+0.253	+0.228	+0.261	+0.255	+0.242	+0.231	+0.231	+0.222	+0.219	
