## Summary of overall evidence for association with region:
## log10(BF for region) = 4.09411
## p-value for region = NA

## BFs for choosing among multi-SNP models:
## log10(average 1-SNP BF) = 4.09851
## log10(average 2-SNP BF) = 4.08517

## Example posterior probabilities for multi-SNP models, based on default prior: [p(l) propto 0.5^l for l=1,2,...,L]
## posterior probability of 1-SNP = 0.673458
## posterior probability of 2-SNP = 0.326542

## log10(BF) for single SNP and pair of SNPs:
rs62263577     +0.006	+2.519	+2.283	+4.287	+0.494	+4.204	+4.214	+3.989	-0.252	+4.052	+4.129	+4.065	+4.098	+4.017	+4.072	+4.073	+4.142	+4.126	-0.282	+4.183	+4.151	+4.153	+0.218	+4.342	-0.303	-0.101	+4.163	-0.107	+3.721	+4.046	+4.059	+4.106	+4.235	+4.053	-0.204	+4.092	+4.053	+4.053	+4.082	+3.538	+4.106	+4.081	+4.032	+4.031	+4.029	+4.053	+4.028	+4.028	+4.055	-0.102	+3.777	+3.777	+4.082	+4.052	-0.207	+4.033	+4.065	+4.003	+4.044	+0.318	+4.028	+3.994	+4.041	+4.030	+3.977	+4.043	+4.049	+4.034	-0.102	+3.951	+4.382	+3.752	+3.946	+3.787	+3.935	+3.954	+0.321	+3.997	+3.932	+3.947	+3.955	+3.811	+3.932	+3.987	+3.867	+3.786	+3.931	+3.866	+3.657	+3.884	+3.956	+3.900	+3.965	+3.915	+3.926	+1.816	+3.936	+1.592	+3.936	+3.945	+3.936	+3.936	+3.955	+3.944	+3.935	+2.987	+3.843	+3.840	+3.300	+3.333	+3.078	+1.189	+1.210	+3.070	+3.107	+3.060	+3.060	+3.096	+3.097	+3.091	+3.055	+3.053	+3.091	+3.056	+3.024	+3.024	+3.030	+2.963	+2.932	+2.796	+2.931	+2.744	+2.931	+2.823	+2.968	-0.286	+2.930	+2.887	+2.930	+2.975	+2.975	+3.017	+2.881	+2.911	+3.041	-0.300	+3.294	+3.291	+2.988	+0.404	+0.415	+0.393	+0.393	+0.422	+0.421	+0.394	+0.208	-0.481	+0.419	+0.400	+0.426	+0.409	+0.499	+0.447	+0.487	+0.448	+0.445	+0.451	+0.452	+0.453	-0.186	+0.489	+0.562	
rs319695       +2.519	+2.773	+2.637	+4.256	+2.331	+4.147	+4.159	+3.917	+2.316	+3.982	+4.059	+3.996	+4.030	+3.946	+4.003	+4.003	+4.073	+4.059	+2.412	+4.116	+4.081	+4.083	+2.242	+4.284	+2.429	+2.457	+4.098	+2.437	+3.654	+3.962	+3.974	+4.018	+4.141	+3.967	+2.336	+4.005	+3.967	+3.967	+3.995	+3.528	+4.019	+3.993	+3.948	+3.946	+3.944	+3.966	+3.944	+3.944	+3.969	+2.453	+3.717	+3.716	+3.994	+3.965	+2.351	+3.948	+3.979	+3.921	+3.959	+2.326	+3.942	+3.912	+3.955	+3.944	+3.897	+3.956	+3.963	+3.948	+2.453	+3.872	+4.255	+3.699	+3.868	+3.733	+3.857	+3.874	+2.326	+3.913	+3.854	+3.869	+3.876	+3.744	+3.854	+3.904	+3.795	+3.722	+3.893	+3.835	+3.689	+3.850	+3.912	+3.864	+3.919	+3.876	+3.886	+2.677	+3.896	+2.553	+3.896	+3.902	+3.896	+3.896	+3.912	+3.902	+3.895	+3.328	+3.818	+3.815	+3.409	+3.447	+3.538	+2.628	+2.640	+3.535	+3.561	+3.660	+3.660	+3.554	+3.555	+3.551	+3.528	+3.517	+3.554	+3.523	+3.497	+3.497	+3.536	+3.526	+3.463	+3.413	+3.463	+3.405	+3.463	+3.400	+3.492	+2.405	+3.463	+3.437	+3.463	+3.498	+3.499	+3.528	+3.436	+3.458	+3.547	+2.451	+3.746	+3.744	+3.508	+2.333	+2.341	+2.331	+2.332	+2.343	+2.343	+2.333	+2.413	+2.226	+2.345	+2.335	+2.346	+2.340	+2.391	+2.356	+2.376	+2.359	+2.357	+2.360	+2.361	+2.361	+2.459	+2.379	+2.412	
rs319694       +2.283	+2.637	+2.524	+4.268	+2.136	+4.149	+4.161	+3.903	+2.081	+3.973	+4.049	+3.987	+4.022	+3.934	+3.995	+3.995	+4.063	+4.054	+2.171	+4.111	+4.075	+4.074	+2.039	+4.288	+2.187	+2.222	+4.095	+2.206	+3.619	+3.935	+3.948	+3.995	+4.122	+3.942	+2.101	+3.981	+3.942	+3.942	+3.971	+3.471	+3.994	+3.966	+3.921	+3.919	+3.917	+3.938	+3.917	+3.917	+3.943	+2.217	+3.672	+3.672	+3.968	+3.937	+2.116	+3.921	+3.953	+3.892	+3.932	+2.133	+3.913	+3.882	+3.928	+3.915	+3.868	+3.928	+3.937	+3.920	+2.217	+3.840	+4.211	+3.654	+3.836	+3.692	+3.825	+3.841	+2.133	+3.882	+3.822	+3.836	+3.845	+3.703	+3.822	+3.873	+3.758	+3.681	+3.843	+3.784	+3.624	+3.799	+3.863	+3.813	+3.871	+3.826	+3.837	+2.527	+3.846	+2.392	+3.846	+3.853	+3.846	+3.846	+3.863	+3.853	+3.845	+3.224	+3.764	+3.761	+3.330	+3.369	+3.427	+2.452	+2.466	+3.424	+3.450	+3.545	+3.546	+3.443	+3.444	+3.440	+3.415	+3.405	+3.442	+3.413	+3.385	+3.385	+3.424	+3.409	+3.346	+3.291	+3.346	+3.281	+3.346	+3.279	+3.378	+2.156	+3.346	+3.318	+3.346	+3.384	+3.384	+3.414	+3.317	+3.340	+3.433	+2.195	+3.640	+3.638	+3.393	+2.130	+2.138	+2.128	+2.129	+2.141	+2.141	+2.129	+2.177	+1.982	+2.142	+2.133	+2.143	+2.137	+2.193	+2.154	+2.177	+2.157	+2.156	+2.159	+2.160	+2.160	+2.224	+2.180	+2.215	
rs1061003      +4.287	+4.256	+4.268	+4.646	+3.987	+4.611	+4.615	+4.548	+4.123	+4.559	+4.561	+4.560	+4.564	+4.553	+4.561	+4.561	+4.565	+4.572	+4.258	+4.583	+4.569	+4.567	+4.019	+4.659	+4.291	+4.230	+4.582	+4.214	+4.523	+4.505	+4.510	+4.530	+4.593	+4.507	+4.141	+4.524	+4.508	+4.507	+4.520	+4.359	+4.532	+4.520	+4.499	+4.499	+4.498	+4.508	+4.498	+4.498	+4.508	+4.227	+4.415	+4.415	+4.520	+4.508	+4.145	+4.499	+4.513	+4.488	+4.504	+3.983	+4.498	+4.485	+4.502	+4.499	+4.480	+4.505	+4.506	+4.501	+4.227	+4.469	+4.924	+4.408	+4.468	+4.420	+4.464	+4.470	+3.985	+4.487	+4.463	+4.469	+4.471	+4.424	+4.463	+4.483	+4.442	+4.418	+4.511	+4.484	+4.425	+4.489	+4.523	+4.495	+4.524	+4.502	+4.510	+4.124	+4.512	+4.167	+4.512	+4.516	+4.512	+4.512	+4.525	+4.516	+4.511	+4.301	+4.473	+4.471	+4.308	+4.326	+4.503	+4.078	+4.082	+4.505	+4.520	+4.637	+4.637	+4.516	+4.517	+4.515	+4.500	+4.490	+4.517	+4.499	+4.479	+4.479	+4.520	+4.536	+4.469	+4.463	+4.469	+4.466	+4.469	+4.440	+4.491	+4.249	+4.469	+4.454	+4.469	+4.496	+4.496	+4.514	+4.455	+4.473	+4.527	+4.314	+4.664	+4.663	+4.517	+4.003	+4.001	+4.001	+4.001	+4.000	+4.000	+4.000	+4.163	+4.166	+4.000	+4.000	+4.000	+3.999	+4.001	+4.000	+4.001	+4.000	+4.000	+4.000	+4.000	+4.000	+4.221	+4.001	+4.006	
rs13066266     +0.494	+2.331	+2.136	+3.987	+0.232	+3.901	+3.912	+3.684	+0.169	+3.748	+3.823	+3.761	+3.794	+3.713	+3.768	+3.769	+3.837	+3.822	+0.003	+3.878	+3.846	+3.847	+0.104	+4.038	+0.009	+0.387	+3.860	+0.341	+3.414	+3.751	+3.764	+3.811	+3.940	+3.757	+0.185	+3.798	+3.757	+3.757	+3.787	+3.247	+3.813	+3.784	+3.736	+3.735	+3.732	+3.756	+3.732	+3.732	+3.759	+0.375	+3.476	+3.476	+3.786	+3.755	+0.238	+3.736	+3.769	+3.707	+3.748	+0.193	+3.730	+3.698	+3.744	+3.732	+3.680	+3.745	+3.753	+3.737	+0.375	+3.654	+4.048	+3.459	+3.649	+3.499	+3.638	+3.656	+0.195	+3.699	+3.635	+3.650	+3.659	+3.511	+3.635	+3.689	+3.568	+3.486	+3.653	+3.586	+3.385	+3.606	+3.679	+3.623	+3.689	+3.638	+3.648	+1.584	+3.660	+1.379	+3.660	+3.668	+3.660	+3.660	+3.678	+3.668	+3.660	+2.713	+3.566	+3.562	+3.018	+3.051	+2.806	+1.062	+1.078	+2.795	+2.831	+2.904	+2.904	+2.821	+2.822	+2.816	+2.784	+2.780	+2.816	+2.783	+2.752	+2.752	+2.756	+2.750	+2.662	+2.589	+2.661	+2.541	+2.661	+2.572	+2.696	-0.005	+2.660	+2.619	+2.660	+2.703	+2.703	+2.743	+2.613	+2.635	+2.766	+0.053	+3.031	+3.029	+2.719	+0.371	+0.380	+0.361	+0.362	+0.386	+0.385	+0.362	+0.614	-0.232	+0.384	+0.367	+0.389	+0.375	+0.465	+0.407	+0.442	+0.408	+0.405	+0.410	+0.411	+0.412	+0.303	+0.443	+0.504	
rs1684942      +4.204	+4.147	+4.149	+4.611	+3.901	+4.555	+4.583	+4.490	+4.036	+4.493	+4.507	+4.497	+4.505	+4.484	+4.498	+4.499	+4.512	+4.517	+4.169	+4.534	+4.517	+4.515	+3.929	+4.627	+4.201	+4.145	+4.532	+4.128	+4.430	+4.450	+4.455	+4.477	+4.546	+4.452	+4.054	+4.471	+4.452	+4.452	+4.466	+4.286	+4.479	+4.466	+4.443	+4.443	+4.442	+4.453	+4.442	+4.442	+4.454	+4.142	+4.349	+4.349	+4.467	+4.453	+4.059	+4.444	+4.458	+4.431	+4.449	+3.897	+4.442	+4.427	+4.447	+4.443	+4.422	+4.450	+4.451	+4.445	+4.142	+4.410	+4.872	+4.342	+4.408	+4.357	+4.404	+4.411	+3.898	+4.429	+4.402	+4.409	+4.412	+4.359	+4.402	+4.426	+4.379	+4.352	+4.455	+4.426	+4.363	+4.431	+4.467	+4.438	+4.468	+4.445	+4.454	+4.036	+4.455	+4.073	+4.455	+4.460	+4.455	+4.456	+4.469	+4.460	+4.455	+4.231	+4.414	+4.412	+4.238	+4.258	+4.438	+3.995	+4.000	+4.439	+4.455	+4.573	+4.573	+4.451	+4.451	+4.449	+4.434	+4.424	+4.452	+4.433	+4.413	+4.413	+4.454	+4.470	+4.402	+4.395	+4.402	+4.398	+4.402	+4.373	+4.424	+4.159	+4.402	+4.387	+4.403	+4.429	+4.429	+4.448	+4.388	+4.405	+4.461	+4.223	+4.600	+4.599	+4.450	+3.917	+3.915	+3.915	+3.915	+3.915	+3.914	+3.914	+4.080	+4.074	+3.914	+3.914	+3.914	+3.914	+3.916	+3.914	+3.916	+3.914	+3.914	+3.914	+3.914	+3.914	+4.136	+3.916	+3.921	
rs800762       +4.214	+4.159	+4.161	+4.615	+3.912	+4.583	+4.566	+4.501	+4.047	+4.502	+4.514	+4.505	+4.513	+4.494	+4.507	+4.507	+4.519	+4.524	+4.180	+4.540	+4.524	+4.522	+3.941	+4.631	+4.212	+4.156	+4.538	+4.139	+4.443	+4.456	+4.462	+4.484	+4.551	+4.459	+4.065	+4.477	+4.459	+4.459	+4.472	+4.295	+4.485	+4.473	+4.450	+4.449	+4.448	+4.460	+4.448	+4.448	+4.460	+4.152	+4.357	+4.357	+4.473	+4.459	+4.070	+4.450	+4.464	+4.438	+4.455	+3.907	+4.449	+4.434	+4.453	+4.450	+4.429	+4.456	+4.457	+4.452	+4.152	+4.417	+4.878	+4.350	+4.415	+4.364	+4.411	+4.418	+3.909	+4.436	+4.410	+4.416	+4.419	+4.367	+4.410	+4.432	+4.387	+4.360	+4.462	+4.433	+4.370	+4.438	+4.473	+4.444	+4.474	+4.451	+4.460	+4.047	+4.462	+4.085	+4.462	+4.466	+4.462	+4.462	+4.475	+4.466	+4.462	+4.239	+4.421	+4.419	+4.246	+4.266	+4.445	+4.005	+4.010	+4.447	+4.462	+4.580	+4.580	+4.459	+4.459	+4.457	+4.442	+4.432	+4.459	+4.440	+4.421	+4.421	+4.461	+4.478	+4.410	+4.403	+4.410	+4.406	+4.410	+4.381	+4.432	+4.170	+4.410	+4.395	+4.410	+4.437	+4.437	+4.456	+4.396	+4.413	+4.468	+4.234	+4.607	+4.606	+4.458	+3.928	+3.926	+3.926	+3.925	+3.925	+3.925	+3.925	+4.091	+4.085	+3.925	+3.925	+3.925	+3.925	+3.927	+3.925	+3.926	+3.925	+3.925	+3.925	+3.925	+3.925	+4.147	+3.927	+3.932	
rs777014       +3.989	+3.917	+3.903	+4.548	+3.684	+4.490	+4.501	+4.329	+3.816	+4.381	+4.415	+4.390	+4.411	+4.356	+4.394	+4.395	+4.425	+4.437	+3.944	+4.465	+4.435	+4.430	+3.698	+4.631	+3.974	+3.930	+4.469	+3.912	+4.223	+4.329	+4.336	+4.365	+4.448	+4.333	+3.834	+4.356	+4.333	+4.333	+4.350	+4.114	+4.366	+4.349	+4.321	+4.320	+4.319	+4.333	+4.319	+4.319	+4.334	+3.926	+4.198	+4.197	+4.350	+4.333	+3.840	+4.321	+4.340	+4.305	+4.328	+3.678	+4.319	+4.300	+4.325	+4.320	+4.293	+4.328	+4.330	+4.322	+3.926	+4.277	+4.750	+4.190	+4.275	+4.210	+4.269	+4.279	+3.679	+4.302	+4.268	+4.277	+4.280	+4.211	+4.268	+4.298	+4.237	+4.201	+4.324	+4.291	+4.216	+4.297	+4.338	+4.305	+4.339	+4.313	+4.322	+3.820	+4.325	+3.841	+4.325	+4.330	+4.325	+4.325	+4.340	+4.330	+4.325	+4.064	+4.278	+4.275	+4.069	+4.093	+4.274	+3.790	+3.796	+4.275	+4.292	+4.407	+4.407	+4.287	+4.288	+4.286	+4.269	+4.259	+4.288	+4.268	+4.248	+4.248	+4.288	+4.303	+4.234	+4.224	+4.234	+4.226	+4.234	+4.203	+4.258	+3.934	+4.235	+4.218	+4.235	+4.263	+4.263	+4.283	+4.219	+4.237	+4.296	+3.996	+4.441	+4.440	+4.284	+3.698	+3.697	+3.697	+3.696	+3.697	+3.697	+3.696	+3.870	+3.834	+3.697	+3.696	+3.697	+3.696	+3.702	+3.698	+3.700	+3.698	+3.697	+3.698	+3.698	+3.698	+3.922	+3.701	+3.708	
rs7638388      -0.252	+2.316	+2.081	+4.123	+0.169	+4.036	+4.047	+3.816	-0.309	+3.880	+3.957	+3.894	+3.927	+3.845	+3.901	+3.902	+3.971	+3.956	-0.560	+4.013	+3.981	+3.982	+0.043	+4.175	-0.579	-0.341	+3.994	-0.373	+3.539	+3.884	+3.897	+3.945	+4.075	+3.890	-0.422	+3.931	+3.890	+3.890	+3.920	+3.371	+3.942	+3.918	+3.869	+3.867	+3.865	+3.889	+3.865	+3.865	+3.892	-0.350	+3.605	+3.605	+3.919	+3.888	-0.400	+3.869	+3.902	+3.840	+3.881	+0.159	+3.863	+3.830	+3.876	+3.865	+3.813	+3.878	+3.886	+3.869	-0.350	+3.786	+4.178	+3.586	+3.781	+3.629	+3.770	+3.787	+0.161	+3.831	+3.766	+3.783	+3.791	+3.640	+3.766	+3.821	+3.699	+3.616	+3.788	+3.718	+3.517	+3.738	+3.811	+3.754	+3.821	+3.770	+3.779	+1.596	+3.793	+1.370	+3.792	+3.801	+3.793	+3.793	+3.810	+3.800	+3.792	+2.833	+3.697	+3.694	+3.141	+3.175	+2.890	+0.949	+0.968	+2.878	+2.916	+2.904	+2.904	+2.905	+2.906	+2.900	+2.864	+2.860	+2.899	+2.862	+2.830	+2.831	+2.834	+2.777	+2.736	+2.605	+2.735	+2.559	+2.734	+2.626	+2.771	-0.564	+2.733	+2.689	+2.733	+2.778	+2.778	+2.821	+2.683	+2.704	+2.844	-0.575	+3.110	+3.108	+2.792	+0.160	+0.170	+0.148	+0.149	+0.178	+0.177	+0.149	-0.122	-0.719	+0.175	+0.155	+0.182	+0.164	+0.256	+0.203	+0.243	+0.204	+0.200	+0.207	+0.207	+0.209	-0.362	+0.246	+0.318	
rs319682       +4.052	+3.982	+3.973	+4.559	+3.748	+4.493	+4.502	+4.381	+3.880	+4.395	+4.441	+4.423	+4.439	+4.397	+4.427	+4.427	+4.450	+4.461	+4.010	+4.485	+4.458	+4.454	+3.766	+4.633	+4.041	+3.993	+4.488	+3.976	+4.293	+4.361	+4.368	+4.394	+4.473	+4.364	+3.899	+4.387	+4.365	+4.365	+4.380	+4.163	+4.396	+4.380	+4.354	+4.353	+4.352	+4.365	+4.352	+4.352	+4.366	+3.989	+4.240	+4.239	+4.381	+4.364	+3.904	+4.354	+4.371	+4.339	+4.360	+3.742	+4.352	+4.334	+4.358	+4.353	+4.327	+4.360	+4.362	+4.355	+3.989	+4.313	+4.780	+4.231	+4.311	+4.250	+4.306	+4.315	+3.743	+4.336	+4.304	+4.312	+4.315	+4.252	+4.304	+4.332	+4.276	+4.243	+4.358	+4.326	+4.255	+4.332	+4.371	+4.340	+4.373	+4.347	+4.357	+3.884	+4.359	+3.912	+4.359	+4.364	+4.359	+4.359	+4.373	+4.364	+4.359	+4.111	+4.314	+4.311	+4.116	+4.138	+4.316	+3.850	+3.855	+4.318	+4.334	+4.450	+4.450	+4.330	+4.330	+4.328	+4.312	+4.302	+4.331	+4.311	+4.291	+4.291	+4.331	+4.346	+4.278	+4.269	+4.278	+4.271	+4.278	+4.247	+4.301	+4.000	+4.279	+4.263	+4.279	+4.306	+4.306	+4.326	+4.263	+4.281	+4.339	+4.063	+4.482	+4.481	+4.328	+3.762	+3.761	+3.761	+3.760	+3.761	+3.761	+3.760	+3.931	+3.904	+3.760	+3.760	+3.760	+3.760	+3.764	+3.761	+3.763	+3.761	+3.761	+3.761	+3.761	+3.761	+3.985	+3.763	+3.770	
rs319681       +4.129	+4.059	+4.049	+4.561	+3.823	+4.507	+4.514	+4.415	+3.957	+4.441	+4.475	+4.446	+4.464	+4.427	+4.449	+4.450	+4.503	+4.476	+4.088	+4.523	+4.500	+4.505	+3.845	+4.616	+4.120	+4.070	+4.496	+4.052	+4.354	+4.404	+4.410	+4.434	+4.508	+4.407	+3.976	+4.427	+4.407	+4.407	+4.421	+4.226	+4.436	+4.420	+4.397	+4.396	+4.395	+4.406	+4.395	+4.395	+4.408	+4.066	+4.293	+4.293	+4.421	+4.406	+3.981	+4.397	+4.413	+4.383	+4.402	+3.818	+4.394	+4.379	+4.401	+4.395	+4.372	+4.402	+4.405	+4.397	+4.066	+4.360	+4.828	+4.285	+4.358	+4.302	+4.353	+4.361	+3.819	+4.380	+4.352	+4.359	+4.362	+4.305	+4.352	+4.376	+4.326	+4.298	+4.407	+4.368	+4.309	+4.380	+4.412	+4.387	+4.420	+4.395	+4.397	+3.963	+4.407	+4.002	+4.407	+4.411	+4.407	+4.407	+4.412	+4.410	+4.407	+4.166	+4.363	+4.362	+4.175	+4.191	+4.375	+3.919	+3.924	+4.374	+4.393	+4.509	+4.509	+4.389	+4.389	+4.387	+4.372	+4.362	+4.390	+4.359	+4.348	+4.348	+4.379	+4.404	+4.336	+4.327	+4.336	+4.331	+4.336	+4.300	+4.350	+4.079	+4.337	+4.315	+4.337	+4.355	+4.355	+4.375	+4.315	+4.332	+4.387	+4.142	+4.527	+4.526	+4.377	+3.839	+3.839	+3.839	+3.838	+3.837	+3.837	+3.838	+4.007	+3.985	+3.837	+3.837	+3.836	+3.837	+3.839	+3.837	+3.839	+3.837	+3.837	+3.837	+3.838	+3.838	+4.062	+3.839	+3.845	
rs2631721      +4.065	+3.996	+3.987	+4.560	+3.761	+4.497	+4.505	+4.390	+3.894	+4.423	+4.446	+4.409	+4.445	+4.406	+4.433	+4.434	+4.455	+4.466	+4.024	+4.489	+4.463	+4.459	+3.780	+4.632	+4.055	+4.006	+4.492	+3.989	+4.308	+4.368	+4.375	+4.401	+4.479	+4.372	+3.913	+4.393	+4.372	+4.372	+4.387	+4.174	+4.402	+4.387	+4.361	+4.360	+4.359	+4.372	+4.359	+4.359	+4.373	+4.003	+4.249	+4.248	+4.388	+4.372	+3.918	+4.361	+4.378	+4.346	+4.367	+3.755	+4.359	+4.342	+4.365	+4.360	+4.335	+4.367	+4.369	+4.362	+4.003	+4.321	+4.787	+4.241	+4.319	+4.259	+4.314	+4.323	+3.757	+4.344	+4.312	+4.320	+4.323	+4.261	+4.312	+4.339	+4.285	+4.252	+4.366	+4.334	+4.264	+4.340	+4.379	+4.347	+4.380	+4.355	+4.364	+3.898	+4.367	+3.927	+4.367	+4.371	+4.367	+4.367	+4.381	+4.371	+4.366	+4.121	+4.322	+4.319	+4.126	+4.148	+4.326	+3.862	+3.867	+4.327	+4.344	+4.459	+4.460	+4.340	+4.340	+4.338	+4.322	+4.312	+4.340	+4.321	+4.301	+4.301	+4.341	+4.356	+4.288	+4.279	+4.288	+4.281	+4.288	+4.257	+4.311	+4.014	+4.289	+4.273	+4.289	+4.316	+4.316	+4.335	+4.273	+4.291	+4.348	+4.077	+4.492	+4.490	+4.337	+3.776	+3.775	+3.774	+3.774	+3.774	+3.774	+3.774	+3.944	+3.919	+3.774	+3.774	+3.774	+3.773	+3.778	+3.775	+3.777	+3.775	+3.774	+3.775	+3.775	+3.775	+3.999	+3.777	+3.783	
rs319692       +4.098	+4.030	+4.022	+4.564	+3.794	+4.505	+4.513	+4.411	+3.927	+4.439	+4.464	+4.445	+4.444	+4.425	+4.448	+4.448	+4.472	+4.478	+4.058	+4.503	+4.480	+4.476	+3.815	+4.636	+4.089	+4.039	+4.500	+4.022	+4.347	+4.386	+4.393	+4.418	+4.493	+4.389	+3.946	+4.410	+4.390	+4.390	+4.405	+4.200	+4.419	+4.404	+4.379	+4.378	+4.377	+4.390	+4.377	+4.377	+4.391	+4.036	+4.272	+4.271	+4.405	+4.389	+3.951	+4.379	+4.396	+4.365	+4.385	+3.788	+4.377	+4.361	+4.383	+4.378	+4.354	+4.385	+4.387	+4.380	+4.036	+4.341	+4.805	+4.264	+4.339	+4.280	+4.334	+4.342	+3.790	+4.363	+4.333	+4.340	+4.343	+4.283	+4.333	+4.358	+4.306	+4.275	+4.385	+4.353	+4.286	+4.359	+4.397	+4.366	+4.399	+4.374	+4.383	+3.931	+4.386	+3.964	+4.386	+4.390	+4.386	+4.386	+4.399	+4.390	+4.386	+4.147	+4.341	+4.340	+4.151	+4.172	+4.350	+3.893	+3.898	+4.350	+4.367	+4.484	+4.484	+4.363	+4.364	+4.362	+4.346	+4.336	+4.364	+4.343	+4.324	+4.324	+4.364	+4.380	+4.312	+4.303	+4.312	+4.306	+4.312	+4.282	+4.334	+4.048	+4.312	+4.297	+4.313	+4.339	+4.339	+4.359	+4.297	+4.315	+4.372	+4.111	+4.514	+4.512	+4.361	+3.810	+3.808	+3.808	+3.807	+3.808	+3.807	+3.807	+3.977	+3.955	+3.807	+3.807	+3.807	+3.807	+3.810	+3.808	+3.810	+3.808	+3.807	+3.808	+3.808	+3.808	+4.032	+3.810	+3.816	
rs319689       +4.017	+3.946	+3.934	+4.553	+3.713	+4.484	+4.494	+4.356	+3.845	+4.397	+4.427	+4.406	+4.425	+4.358	+4.410	+4.411	+4.437	+4.450	+3.974	+4.477	+4.447	+4.442	+3.729	+4.638	+4.004	+3.958	+4.481	+3.941	+4.255	+4.343	+4.350	+4.377	+4.459	+4.346	+3.863	+4.369	+4.347	+4.347	+4.363	+4.136	+4.379	+4.363	+4.335	+4.334	+4.333	+4.347	+4.333	+4.333	+4.348	+3.954	+4.216	+4.216	+4.363	+4.346	+3.869	+4.335	+4.353	+4.320	+4.342	+3.706	+4.333	+4.315	+4.339	+4.334	+4.308	+4.342	+4.344	+4.337	+3.954	+4.293	+4.762	+4.208	+4.291	+4.227	+4.285	+4.295	+3.708	+4.317	+4.284	+4.292	+4.295	+4.229	+4.283	+4.312	+4.254	+4.219	+4.339	+4.306	+4.233	+4.312	+4.352	+4.320	+4.354	+4.328	+4.337	+3.849	+4.339	+3.873	+4.339	+4.344	+4.339	+4.339	+4.354	+4.344	+4.339	+4.085	+4.293	+4.291	+4.089	+4.113	+4.291	+3.817	+3.822	+4.292	+4.309	+4.425	+4.425	+4.305	+4.305	+4.303	+4.287	+4.277	+4.305	+4.286	+4.265	+4.265	+4.306	+4.320	+4.252	+4.242	+4.252	+4.244	+4.252	+4.221	+4.275	+3.964	+4.253	+4.236	+4.253	+4.280	+4.280	+4.300	+4.237	+4.255	+4.313	+4.026	+4.458	+4.457	+4.302	+3.727	+3.726	+3.725	+3.725	+3.725	+3.725	+3.725	+3.897	+3.866	+3.725	+3.725	+3.725	+3.725	+3.730	+3.726	+3.729	+3.726	+3.726	+3.726	+3.726	+3.726	+3.950	+3.729	+3.735	
rs319688       +4.072	+4.003	+3.995	+4.561	+3.768	+4.498	+4.507	+4.394	+3.901	+4.427	+4.449	+4.433	+4.448	+4.410	+4.416	+4.437	+4.458	+4.469	+4.031	+4.491	+4.466	+4.462	+3.788	+4.632	+4.062	+4.013	+4.494	+3.996	+4.316	+4.372	+4.379	+4.404	+4.482	+4.375	+3.920	+4.397	+4.375	+4.375	+4.391	+4.179	+4.406	+4.391	+4.365	+4.364	+4.363	+4.376	+4.363	+4.363	+4.376	+4.010	+4.254	+4.253	+4.391	+4.375	+3.925	+4.365	+4.382	+4.350	+4.371	+3.762	+4.363	+4.346	+4.369	+4.364	+4.339	+4.371	+4.373	+4.366	+4.010	+4.325	+4.790	+4.245	+4.323	+4.263	+4.318	+4.327	+3.764	+4.348	+4.316	+4.324	+4.327	+4.265	+4.316	+4.343	+4.289	+4.257	+4.370	+4.339	+4.269	+4.344	+4.383	+4.351	+4.384	+4.359	+4.368	+3.905	+4.371	+3.934	+4.370	+4.375	+4.371	+4.371	+4.385	+4.375	+4.370	+4.127	+4.326	+4.324	+4.131	+4.153	+4.331	+3.869	+3.874	+4.332	+4.349	+4.464	+4.464	+4.344	+4.345	+4.343	+4.327	+4.317	+4.345	+4.326	+4.306	+4.306	+4.346	+4.361	+4.293	+4.284	+4.293	+4.286	+4.293	+4.263	+4.316	+4.021	+4.294	+4.278	+4.294	+4.321	+4.321	+4.340	+4.278	+4.296	+4.353	+4.084	+4.496	+4.495	+4.342	+3.783	+3.782	+3.781	+3.781	+3.781	+3.781	+3.781	+3.951	+3.926	+3.781	+3.781	+3.781	+3.780	+3.785	+3.781	+3.784	+3.782	+3.781	+3.782	+3.782	+3.782	+4.006	+3.784	+3.790	
rs74424239     +4.073	+4.003	+3.995	+4.561	+3.769	+4.499	+4.507	+4.395	+3.902	+4.427	+4.450	+4.434	+4.448	+4.411	+4.437	+4.417	+4.458	+4.469	+4.032	+4.492	+4.466	+4.462	+3.788	+4.632	+4.063	+4.014	+4.494	+3.997	+4.317	+4.372	+4.379	+4.405	+4.482	+4.376	+3.920	+4.397	+4.376	+4.376	+4.391	+4.179	+4.406	+4.391	+4.365	+4.364	+4.363	+4.376	+4.363	+4.363	+4.377	+4.010	+4.254	+4.254	+4.392	+4.376	+3.925	+4.365	+4.382	+4.350	+4.371	+3.763	+4.363	+4.346	+4.369	+4.364	+4.339	+4.371	+4.373	+4.366	+4.010	+4.325	+4.791	+4.246	+4.323	+4.264	+4.318	+4.327	+3.764	+4.348	+4.317	+4.325	+4.328	+4.266	+4.317	+4.344	+4.289	+4.257	+4.370	+4.339	+4.269	+4.345	+4.383	+4.352	+4.385	+4.359	+4.369	+3.905	+4.371	+3.935	+4.371	+4.376	+4.371	+4.371	+4.385	+4.376	+4.370	+4.127	+4.326	+4.324	+4.132	+4.154	+4.331	+3.869	+3.874	+4.333	+4.349	+4.465	+4.465	+4.345	+4.345	+4.343	+4.327	+4.317	+4.346	+4.326	+4.306	+4.306	+4.347	+4.361	+4.294	+4.285	+4.293	+4.287	+4.293	+4.263	+4.316	+4.022	+4.294	+4.278	+4.294	+4.321	+4.321	+4.341	+4.279	+4.296	+4.354	+4.084	+4.497	+4.496	+4.343	+3.784	+3.782	+3.782	+3.782	+3.782	+3.782	+3.781	+3.951	+3.927	+3.782	+3.781	+3.781	+3.781	+3.785	+3.782	+3.784	+3.782	+3.782	+3.782	+3.782	+3.782	+4.006	+3.784	+3.791	
rs777017       +4.142	+4.073	+4.063	+4.565	+3.837	+4.512	+4.519	+4.425	+3.971	+4.450	+4.503	+4.455	+4.472	+4.437	+4.458	+4.458	+4.489	+4.483	+4.102	+4.529	+4.507	+4.511	+3.859	+4.619	+4.133	+4.083	+4.502	+4.066	+4.369	+4.411	+4.418	+4.441	+4.514	+4.414	+3.989	+4.434	+4.414	+4.414	+4.429	+4.238	+4.443	+4.427	+4.405	+4.404	+4.403	+4.414	+4.403	+4.403	+4.415	+4.079	+4.302	+4.302	+4.428	+4.413	+3.994	+4.405	+4.420	+4.391	+4.410	+3.831	+4.402	+4.387	+4.408	+4.403	+4.380	+4.409	+4.412	+4.405	+4.079	+4.368	+4.835	+4.295	+4.366	+4.311	+4.361	+4.369	+3.833	+4.388	+4.360	+4.368	+4.370	+4.315	+4.360	+4.384	+4.335	+4.307	+4.414	+4.376	+4.318	+4.388	+4.420	+4.395	+4.427	+4.403	+4.404	+3.977	+4.415	+4.016	+4.415	+4.418	+4.415	+4.415	+4.420	+4.418	+4.414	+4.177	+4.371	+4.370	+4.186	+4.201	+4.385	+3.931	+3.936	+4.383	+4.402	+4.519	+4.519	+4.398	+4.399	+4.396	+4.381	+4.371	+4.399	+4.368	+4.358	+4.358	+4.389	+4.414	+4.346	+4.337	+4.346	+4.341	+4.346	+4.310	+4.360	+4.092	+4.346	+4.325	+4.346	+4.364	+4.364	+4.384	+4.324	+4.341	+4.397	+4.155	+4.536	+4.535	+4.387	+3.853	+3.852	+3.852	+3.851	+3.850	+3.850	+3.851	+4.020	+3.999	+3.851	+3.851	+3.850	+3.850	+3.852	+3.850	+3.852	+3.851	+3.851	+3.851	+3.851	+3.851	+4.075	+3.852	+3.858	
rs319686       +4.126	+4.059	+4.054	+4.572	+3.822	+4.517	+4.524	+4.437	+3.956	+4.461	+4.476	+4.466	+4.478	+4.450	+4.469	+4.469	+4.483	+4.473	+4.087	+4.512	+4.490	+4.487	+3.845	+4.634	+4.118	+4.068	+4.512	+4.050	+4.384	+4.402	+4.409	+4.433	+4.506	+4.405	+3.975	+4.426	+4.405	+4.405	+4.420	+4.223	+4.434	+4.420	+4.395	+4.395	+4.394	+4.406	+4.393	+4.393	+4.406	+4.064	+4.292	+4.291	+4.420	+4.405	+3.980	+4.395	+4.411	+4.382	+4.401	+3.817	+4.393	+4.378	+4.399	+4.394	+4.371	+4.401	+4.403	+4.397	+4.064	+4.358	+4.819	+4.284	+4.356	+4.300	+4.352	+4.360	+3.818	+4.379	+4.350	+4.358	+4.361	+4.303	+4.350	+4.375	+4.325	+4.295	+4.402	+4.371	+4.304	+4.377	+4.414	+4.383	+4.415	+4.391	+4.400	+3.960	+4.402	+3.995	+4.402	+4.407	+4.402	+4.402	+4.416	+4.406	+4.402	+4.168	+4.359	+4.357	+4.173	+4.193	+4.370	+3.920	+3.924	+4.371	+4.387	+4.503	+4.504	+4.383	+4.384	+4.382	+4.366	+4.356	+4.384	+4.365	+4.345	+4.345	+4.385	+4.401	+4.333	+4.325	+4.333	+4.327	+4.333	+4.303	+4.356	+4.077	+4.334	+4.318	+4.334	+4.360	+4.360	+4.380	+4.318	+4.336	+4.392	+4.140	+4.534	+4.532	+4.382	+3.838	+3.837	+3.836	+3.836	+3.836	+3.836	+3.836	+4.004	+3.986	+3.836	+3.835	+3.835	+3.835	+3.838	+3.836	+3.838	+3.836	+3.836	+3.836	+3.836	+3.836	+4.059	+3.838	+3.843	
rs73087122     -0.282	+2.412	+2.171	+4.258	+0.003	+4.169	+4.180	+3.944	-0.560	+4.010	+4.088	+4.024	+4.058	+3.974	+4.031	+4.032	+4.102	+4.087	-0.368	+4.145	+4.113	+4.113	+0.118	+4.310	-0.508	-0.366	+4.126	-0.397	+3.659	+4.017	+4.031	+4.079	+4.213	+4.024	-0.542	+4.065	+4.024	+4.024	+4.054	+3.499	+4.083	+4.052	+4.002	+4.000	+3.998	+4.022	+3.998	+3.998	+4.025	-0.375	+3.732	+3.732	+4.053	+4.021	-0.502	+4.002	+4.036	+3.972	+4.014	+0.248	+3.996	+3.962	+4.010	+3.998	+3.945	+4.012	+4.019	+4.003	-0.375	+3.918	+4.304	+3.711	+3.913	+3.746	+3.901	+3.919	+0.249	+3.965	+3.898	+3.916	+3.923	+3.770	+3.898	+3.953	+3.828	+3.744	+3.923	+3.851	+3.637	+3.871	+3.946	+3.888	+3.956	+3.904	+3.913	+1.672	+3.926	+1.439	+3.926	+3.935	+3.926	+3.926	+3.944	+3.935	+3.925	+2.959	+3.829	+3.826	+3.263	+3.299	+2.999	+0.995	+1.014	+2.985	+3.025	+2.997	+2.998	+3.014	+3.015	+3.008	+2.969	+2.966	+3.008	+2.968	+2.936	+2.936	+2.940	+2.886	+2.840	+2.710	+2.839	+2.651	+2.839	+2.727	+2.876	-0.534	+2.838	+2.792	+2.838	+2.883	+2.883	+2.926	+2.785	+2.808	+2.951	-0.515	+3.222	+3.220	+2.898	+0.181	+0.191	+0.168	+0.169	+0.199	+0.199	+0.169	-0.249	-0.731	+0.196	+0.175	+0.203	+0.185	+0.281	+0.226	+0.267	+0.226	+0.222	+0.229	+0.230	+0.231	-0.344	+0.269	+0.345	
rs184388       +4.183	+4.116	+4.111	+4.583	+3.878	+4.534	+4.540	+4.465	+4.013	+4.485	+4.523	+4.489	+4.503	+4.477	+4.491	+4.492	+4.529	+4.512	+4.145	+4.532	+4.535	+4.530	+3.903	+4.633	+4.177	+4.124	+4.528	+4.107	+4.430	+4.436	+4.442	+4.464	+4.534	+4.439	+4.032	+4.458	+4.439	+4.439	+4.452	+4.273	+4.466	+4.451	+4.429	+4.429	+4.428	+4.438	+4.428	+4.428	+4.440	+4.121	+4.333	+4.332	+4.452	+4.438	+4.037	+4.429	+4.444	+4.417	+4.434	+3.874	+4.427	+4.413	+4.433	+4.428	+4.406	+4.434	+4.437	+4.430	+4.121	+4.395	+4.856	+4.326	+4.393	+4.340	+4.389	+4.396	+3.875	+4.414	+4.387	+4.394	+4.397	+4.345	+4.387	+4.410	+4.364	+4.338	+4.438	+4.403	+4.345	+4.413	+4.444	+4.420	+4.451	+4.427	+4.430	+4.019	+4.439	+4.062	+4.439	+4.442	+4.439	+4.439	+4.446	+4.442	+4.438	+4.210	+4.396	+4.395	+4.218	+4.234	+4.415	+3.971	+3.976	+4.415	+4.432	+4.549	+4.549	+4.428	+4.429	+4.427	+4.412	+4.402	+4.429	+4.401	+4.389	+4.389	+4.422	+4.445	+4.377	+4.370	+4.377	+4.373	+4.377	+4.342	+4.393	+4.135	+4.378	+4.356	+4.378	+4.397	+4.397	+4.417	+4.357	+4.374	+4.429	+4.199	+4.568	+4.567	+4.419	+3.895	+3.894	+3.894	+3.894	+3.892	+3.892	+3.893	+4.061	+4.045	+3.893	+3.893	+3.892	+3.893	+3.894	+3.892	+3.894	+3.893	+3.892	+3.893	+3.893	+3.893	+4.116	+3.894	+3.899	
rs71323371     +4.151	+4.081	+4.075	+4.569	+3.846	+4.517	+4.524	+4.435	+3.981	+4.458	+4.500	+4.463	+4.480	+4.447	+4.466	+4.466	+4.507	+4.490	+4.113	+4.535	+4.499	+4.510	+3.870	+4.623	+4.144	+4.092	+4.509	+4.075	+4.386	+4.417	+4.423	+4.446	+4.518	+4.420	+3.999	+4.440	+4.420	+4.420	+4.434	+4.245	+4.448	+4.433	+4.410	+4.409	+4.408	+4.419	+4.408	+4.408	+4.421	+4.089	+4.309	+4.309	+4.434	+4.419	+4.004	+4.410	+4.426	+4.397	+4.415	+3.841	+4.407	+4.393	+4.414	+4.408	+4.386	+4.415	+4.418	+4.411	+4.089	+4.374	+4.840	+4.302	+4.372	+4.317	+4.368	+4.375	+3.843	+4.394	+4.366	+4.374	+4.376	+4.321	+4.366	+4.390	+4.342	+4.314	+4.419	+4.383	+4.324	+4.394	+4.425	+4.400	+4.432	+4.408	+4.411	+3.986	+4.420	+4.026	+4.420	+4.423	+4.420	+4.420	+4.427	+4.423	+4.419	+4.185	+4.376	+4.375	+4.193	+4.210	+4.393	+3.941	+3.946	+4.392	+4.410	+4.524	+4.524	+4.406	+4.407	+4.404	+4.389	+4.379	+4.407	+4.378	+4.366	+4.366	+4.399	+4.422	+4.354	+4.346	+4.354	+4.349	+4.354	+4.318	+4.370	+4.103	+4.355	+4.333	+4.355	+4.374	+4.375	+4.394	+4.333	+4.351	+4.407	+4.166	+4.546	+4.545	+4.396	+3.862	+3.861	+3.862	+3.861	+3.860	+3.860	+3.861	+4.029	+4.011	+3.860	+3.860	+3.859	+3.860	+3.862	+3.860	+3.862	+3.860	+3.860	+3.860	+3.860	+3.860	+4.084	+3.862	+3.868	
rs1060407      +4.153	+4.083	+4.074	+4.567	+3.847	+4.515	+4.522	+4.430	+3.982	+4.454	+4.505	+4.459	+4.476	+4.442	+4.462	+4.462	+4.511	+4.487	+4.113	+4.530	+4.510	+4.500	+3.870	+4.621	+4.145	+4.094	+4.507	+4.077	+4.381	+4.418	+4.424	+4.447	+4.519	+4.421	+4.000	+4.440	+4.421	+4.421	+4.435	+4.247	+4.449	+4.434	+4.411	+4.410	+4.409	+4.420	+4.409	+4.409	+4.422	+4.090	+4.310	+4.310	+4.434	+4.419	+4.005	+4.411	+4.427	+4.398	+4.416	+3.842	+4.408	+4.394	+4.414	+4.409	+4.386	+4.416	+4.419	+4.411	+4.090	+4.375	+4.841	+4.303	+4.373	+4.318	+4.368	+4.376	+3.844	+4.395	+4.367	+4.375	+4.377	+4.322	+4.367	+4.390	+4.343	+4.315	+4.421	+4.383	+4.325	+4.395	+4.427	+4.402	+4.434	+4.409	+4.411	+3.988	+4.421	+4.029	+4.421	+4.425	+4.421	+4.421	+4.427	+4.425	+4.421	+4.185	+4.378	+4.377	+4.194	+4.210	+4.394	+3.942	+3.946	+4.392	+4.411	+4.528	+4.528	+4.407	+4.408	+4.405	+4.390	+4.380	+4.408	+4.377	+4.367	+4.367	+4.398	+4.423	+4.355	+4.347	+4.355	+4.350	+4.355	+4.319	+4.369	+4.103	+4.356	+4.334	+4.356	+4.374	+4.374	+4.393	+4.334	+4.351	+4.406	+4.167	+4.545	+4.544	+4.396	+3.863	+3.863	+3.863	+3.862	+3.861	+3.861	+3.862	+4.031	+4.012	+3.861	+3.862	+3.861	+3.861	+3.863	+3.861	+3.863	+3.861	+3.861	+3.861	+3.862	+3.862	+4.086	+3.863	+3.869	
rs12631365     +0.218	+2.242	+2.039	+4.019	+0.104	+3.929	+3.941	+3.698	+0.043	+3.766	+3.845	+3.780	+3.815	+3.729	+3.788	+3.788	+3.859	+3.845	+0.118	+3.903	+3.870	+3.870	+0.371	+4.073	+0.120	+0.162	+3.885	+0.144	+3.410	+3.792	+3.806	+3.857	+3.995	+3.799	+0.060	+3.842	+3.800	+3.799	+3.831	+3.257	+3.848	+3.826	+3.776	+3.774	+3.772	+3.795	+3.772	+3.772	+3.800	+0.158	+3.493	+3.494	+3.827	+3.794	+0.073	+3.776	+3.811	+3.745	+3.788	+0.272	+3.768	+3.737	+3.783	+3.770	+3.710	+3.783	+3.793	+3.775	+0.158	+3.689	+4.025	+3.462	+3.685	+3.506	+3.673	+3.689	+0.272	+3.737	+3.669	+3.676	+3.696	+3.533	+3.669	+3.722	+3.595	+3.508	+3.721	+3.654	+3.403	+3.678	+3.755	+3.696	+3.768	+3.713	+3.720	+1.531	+3.737	+1.329	+3.737	+3.745	+3.737	+3.737	+3.753	+3.745	+3.736	+2.703	+3.633	+3.630	+3.038	+3.073	+2.756	+1.029	+1.046	+2.745	+2.781	+2.793	+2.794	+2.771	+2.772	+2.766	+2.731	+2.728	+2.765	+2.730	+2.699	+2.699	+2.703	+2.667	+2.608	+2.504	+2.607	+2.470	+2.607	+2.509	+2.643	+0.110	+2.606	+2.564	+2.606	+2.649	+2.649	+2.690	+2.558	+2.580	+2.713	+0.157	+2.974	+2.972	+2.664	+0.381	+0.390	+0.373	+0.373	+0.395	+0.394	+0.374	+1.126	+0.106	+0.393	+0.378	+0.398	+0.385	+0.465	+0.414	+0.446	+0.415	+0.413	+0.418	+0.418	+0.419	+0.154	+0.448	+0.503	
rs6783629      +4.342	+4.284	+4.288	+4.659	+4.038	+4.627	+4.631	+4.631	+4.175	+4.633	+4.616	+4.632	+4.636	+4.638	+4.632	+4.632	+4.619	+4.634	+4.310	+4.633	+4.623	+4.621	+4.073	+4.699	+4.343	+4.283	+4.640	+4.266	+4.664	+4.539	+4.544	+4.562	+4.620	+4.542	+4.194	+4.557	+4.542	+4.542	+4.553	+4.411	+4.563	+4.552	+4.534	+4.534	+4.533	+4.541	+4.533	+4.533	+4.542	+4.280	+4.457	+4.458	+4.553	+4.541	+4.197	+4.534	+4.546	+4.524	+4.539	+4.035	+4.532	+4.521	+4.537	+4.533	+4.515	+4.538	+4.540	+4.535	+4.280	+4.508	+4.948	+4.451	+4.506	+4.460	+4.503	+4.508	+4.037	+4.522	+4.502	+4.506	+4.509	+4.468	+4.502	+4.518	+4.483	+4.463	+4.539	+4.512	+4.456	+4.517	+4.549	+4.522	+4.550	+4.529	+4.537	+4.186	+4.539	+4.234	+4.539	+4.542	+4.539	+4.539	+4.551	+4.542	+4.539	+4.342	+4.501	+4.500	+4.348	+4.362	+4.535	+4.125	+4.129	+4.536	+4.551	+4.668	+4.668	+4.548	+4.548	+4.546	+4.532	+4.522	+4.549	+4.529	+4.511	+4.511	+4.550	+4.567	+4.501	+4.496	+4.501	+4.499	+4.501	+4.474	+4.522	+4.300	+4.502	+4.487	+4.502	+4.527	+4.527	+4.546	+4.488	+4.505	+4.558	+4.365	+4.692	+4.691	+4.548	+4.059	+4.056	+4.057	+4.056	+4.055	+4.055	+4.056	+4.220	+4.220	+4.054	+4.055	+4.054	+4.054	+4.053	+4.054	+4.054	+4.053	+4.053	+4.053	+4.053	+4.053	+4.274	+4.054	+4.057	
rs73087134     -0.303	+2.429	+2.187	+4.291	+0.009	+4.201	+4.212	+3.974	-0.579	+4.041	+4.120	+4.055	+4.089	+4.004	+4.062	+4.063	+4.133	+4.118	-0.508	+4.177	+4.144	+4.145	+0.120	+4.343	-0.386	-0.386	+4.157	-0.417	+3.685	+4.051	+4.064	+4.114	+4.248	+4.057	-0.561	+4.099	+4.058	+4.057	+4.088	+3.530	+4.119	+4.085	+4.035	+4.034	+4.031	+4.055	+4.031	+4.031	+4.059	-0.395	+3.763	+3.763	+4.087	+4.054	-0.521	+4.035	+4.069	+4.005	+4.047	+0.252	+4.029	+3.995	+4.043	+4.031	+3.978	+4.045	+4.052	+4.036	-0.395	+3.950	+4.334	+3.740	+3.946	+3.774	+3.934	+3.952	+0.252	+3.998	+3.931	+3.949	+3.956	+3.801	+3.930	+3.986	+3.860	+3.775	+3.959	+3.886	+3.670	+3.907	+3.982	+3.924	+3.992	+3.940	+3.949	+1.683	+3.962	+1.448	+3.962	+3.971	+3.962	+3.962	+3.980	+3.971	+3.961	+2.995	+3.865	+3.861	+3.294	+3.330	+3.022	+0.998	+1.017	+3.009	+3.048	+3.017	+3.017	+3.037	+3.038	+3.031	+2.991	+2.989	+3.031	+2.990	+2.958	+2.959	+2.962	+2.911	+2.862	+2.732	+2.860	+2.670	+2.860	+2.747	+2.897	-0.554	+2.859	+2.813	+2.859	+2.904	+2.904	+2.948	+2.806	+2.829	+2.973	-0.555	+3.247	+3.244	+2.919	+0.178	+0.188	+0.165	+0.165	+0.196	+0.195	+0.166	-0.284	-0.739	+0.193	+0.172	+0.200	+0.182	+0.279	+0.223	+0.264	+0.223	+0.219	+0.226	+0.227	+0.228	-0.364	+0.266	+0.343	
rs62260760     -0.101	+2.457	+2.222	+4.230	+0.387	+4.145	+4.156	+3.930	-0.341	+3.993	+4.070	+4.006	+4.039	+3.958	+4.013	+4.014	+4.083	+4.068	-0.366	+4.124	+4.092	+4.094	+0.162	+4.283	-0.386	-0.090	+4.105	-0.183	+3.660	+3.990	+4.002	+4.049	+4.178	+3.996	-0.300	+4.035	+3.996	+3.996	+4.025	+3.481	+4.049	+4.024	+3.975	+3.974	+3.971	+3.995	+3.971	+3.971	+3.998	-0.167	+3.718	+3.718	+4.025	+3.994	-0.293	+3.975	+4.008	+3.946	+3.987	+0.265	+3.970	+3.937	+3.984	+3.972	+3.919	+3.986	+3.991	+3.977	-0.167	+3.893	+4.317	+3.695	+3.889	+3.731	+3.878	+3.896	+0.268	+3.939	+3.874	+3.890	+3.897	+3.752	+3.874	+3.929	+3.809	+3.727	+3.878	+3.812	+3.605	+3.830	+3.903	+3.846	+3.912	+3.862	+3.872	+1.749	+3.883	+1.525	+3.883	+3.891	+3.883	+3.883	+3.901	+3.891	+3.882	+2.931	+3.790	+3.786	+3.244	+3.278	+3.018	+1.117	+1.138	+3.008	+3.045	+3.006	+3.006	+3.035	+3.036	+3.030	+2.994	+2.991	+3.029	+2.994	+2.962	+2.962	+2.967	+2.903	+2.870	+2.735	+2.869	+2.683	+2.869	+2.761	+2.906	-0.370	+2.868	+2.824	+2.868	+2.913	+2.913	+2.955	+2.819	+2.846	+2.978	-0.383	+3.234	+3.232	+2.926	+0.332	+0.343	+0.321	+0.321	+0.350	+0.349	+0.322	+0.106	-0.555	+0.347	+0.327	+0.354	+0.337	+0.427	+0.375	+0.415	+0.376	+0.373	+0.379	+0.380	+0.381	-0.238	+0.417	+0.490	
rs9812875      +4.163	+4.098	+4.095	+4.582	+3.860	+4.532	+4.538	+4.469	+3.994	+4.488	+4.496	+4.492	+4.500	+4.481	+4.494	+4.494	+4.502	+4.512	+4.126	+4.528	+4.509	+4.507	+3.885	+4.640	+4.157	+4.105	+4.512	+4.088	+4.439	+4.424	+4.430	+4.453	+4.524	+4.427	+4.013	+4.446	+4.427	+4.427	+4.441	+4.254	+4.454	+4.441	+4.418	+4.417	+4.416	+4.427	+4.416	+4.416	+4.428	+4.101	+4.319	+4.319	+4.441	+4.427	+4.017	+4.418	+4.433	+4.405	+4.423	+3.855	+4.416	+4.401	+4.421	+4.416	+4.394	+4.423	+4.425	+4.419	+4.101	+4.382	+4.839	+4.311	+4.381	+4.326	+4.376	+4.384	+3.856	+4.402	+4.375	+4.382	+4.385	+4.330	+4.375	+4.398	+4.351	+4.323	+4.424	+4.394	+4.329	+4.399	+4.435	+4.406	+4.437	+4.413	+4.422	+3.998	+4.424	+4.037	+4.424	+4.428	+4.424	+4.424	+4.437	+4.428	+4.424	+4.197	+4.382	+4.380	+4.202	+4.221	+4.397	+3.955	+3.960	+4.398	+4.414	+4.531	+4.531	+4.410	+4.411	+4.409	+4.394	+4.384	+4.411	+4.392	+4.373	+4.373	+4.413	+4.428	+4.361	+4.353	+4.361	+4.356	+4.361	+4.332	+4.383	+4.116	+4.362	+4.346	+4.362	+4.388	+4.388	+4.408	+4.347	+4.365	+4.420	+4.179	+4.560	+4.559	+4.409	+3.876	+3.874	+3.874	+3.874	+3.874	+3.874	+3.874	+4.041	+4.027	+3.873	+3.873	+3.873	+3.873	+3.875	+3.873	+3.875	+3.873	+3.873	+3.873	+3.873	+3.873	+4.097	+3.875	+3.880	
rs62260762     -0.107	+2.437	+2.206	+4.214	+0.341	+4.128	+4.139	+3.912	-0.373	+3.976	+4.052	+3.989	+4.022	+3.941	+3.996	+3.997	+4.066	+4.050	-0.397	+4.107	+4.075	+4.077	+0.144	+4.266	-0.417	-0.183	+4.088	-0.124	+3.642	+3.974	+3.986	+4.033	+4.162	+3.980	-0.337	+4.019	+3.980	+3.980	+4.009	+3.464	+4.033	+4.007	+3.959	+3.957	+3.955	+3.979	+3.955	+3.955	+3.982	-0.192	+3.702	+3.702	+4.009	+3.978	-0.325	+3.959	+3.992	+3.930	+3.971	+0.249	+3.954	+3.921	+3.967	+3.956	+3.903	+3.969	+3.975	+3.960	-0.192	+3.877	+4.297	+3.678	+3.872	+3.715	+3.861	+3.880	+0.252	+3.923	+3.858	+3.873	+3.881	+3.735	+3.858	+3.913	+3.793	+3.711	+3.863	+3.797	+3.590	+3.816	+3.888	+3.832	+3.897	+3.847	+3.857	+1.727	+3.869	+1.503	+3.869	+3.877	+3.869	+3.869	+3.887	+3.877	+3.868	+2.916	+3.775	+3.772	+3.229	+3.262	+2.999	+1.093	+1.114	+2.989	+3.026	+2.990	+2.990	+3.016	+3.017	+3.010	+2.975	+2.972	+3.010	+2.975	+2.943	+2.943	+2.948	+2.884	+2.851	+2.716	+2.849	+2.664	+2.849	+2.741	+2.886	-0.402	+2.848	+2.805	+2.848	+2.893	+2.893	+2.935	+2.799	+2.826	+2.959	-0.413	+3.216	+3.213	+2.906	+0.307	+0.318	+0.296	+0.296	+0.325	+0.324	+0.297	+0.068	-0.581	+0.322	+0.302	+0.329	+0.312	+0.402	+0.350	+0.390	+0.351	+0.348	+0.354	+0.355	+0.356	-0.255	+0.393	+0.465	
rs140083943    +3.721	+3.654	+3.619	+4.523	+3.414	+4.430	+4.443	+4.223	+3.539	+4.293	+4.354	+4.308	+4.347	+4.255	+4.316	+4.317	+4.369	+4.384	+3.659	+4.430	+4.386	+4.381	+3.410	+4.664	+3.685	+3.660	+4.439	+3.642	+4.045	+4.219	+4.229	+4.264	+4.366	+4.224	+3.558	+4.254	+4.224	+4.224	+4.245	+3.932	+4.264	+4.243	+4.209	+4.207	+4.206	+4.222	+4.206	+4.206	+4.225	+3.656	+4.046	+4.046	+4.244	+4.222	+3.566	+4.209	+4.232	+4.188	+4.217	+3.406	+4.204	+4.181	+4.214	+4.206	+4.170	+4.215	+4.220	+4.209	+3.656	+4.152	+4.635	+4.036	+4.149	+4.062	+4.141	+4.154	+3.407	+4.183	+4.139	+4.150	+4.155	+4.063	+4.139	+4.176	+4.098	+4.050	+4.193	+4.154	+4.063	+4.162	+4.208	+4.171	+4.212	+4.180	+4.190	+3.557	+4.195	+3.565	+4.195	+4.200	+4.195	+4.195	+4.210	+4.200	+4.194	+3.873	+4.139	+4.137	+3.884	+3.914	+4.098	+3.532	+3.538	+4.099	+4.117	+4.231	+4.231	+4.112	+4.113	+4.110	+4.093	+4.083	+4.113	+4.091	+4.070	+4.070	+4.111	+4.125	+4.053	+4.039	+4.053	+4.039	+4.053	+4.018	+4.078	+3.648	+4.054	+4.036	+4.054	+4.083	+4.083	+4.105	+4.036	+4.055	+4.119	+3.703	+4.274	+4.273	+4.105	+3.426	+3.425	+3.424	+3.424	+3.425	+3.425	+3.424	+3.610	+3.525	+3.425	+3.424	+3.425	+3.424	+3.433	+3.426	+3.431	+3.427	+3.426	+3.427	+3.427	+3.427	+3.654	+3.431	+3.440	
rs1550914      +4.046	+3.962	+3.935	+4.505	+3.751	+4.450	+4.456	+4.329	+3.884	+4.361	+4.404	+4.368	+4.386	+4.343	+4.372	+4.372	+4.411	+4.402	+4.017	+4.436	+4.417	+4.418	+3.792	+4.539	+4.051	+3.990	+4.424	+3.974	+4.219	+4.394	+4.415	+4.444	+4.537	+4.411	+3.902	+4.434	+4.411	+4.411	+4.426	+4.216	+4.431	+4.410	+4.396	+4.392	+4.393	+4.391	+4.393	+4.393	+4.407	+3.986	+4.275	+4.280	+4.411	+4.390	+3.906	+4.394	+4.412	+4.380	+4.398	+3.750	+4.378	+4.368	+4.396	+4.379	+4.348	+4.382	+4.403	+4.381	+3.986	+4.355	+4.693	+4.259	+4.356	+4.260	+4.352	+4.343	+3.752	+4.358	+4.351	+4.341	+4.356	+4.298	+4.350	+4.353	+4.313	+4.293	+4.324	+4.292	+4.222	+4.299	+4.336	+4.306	+4.338	+4.314	+4.321	+3.927	+4.325	+4.004	+4.325	+4.329	+4.325	+4.325	+4.337	+4.329	+4.324	+4.079	+4.281	+4.279	+4.101	+4.114	+4.249	+3.832	+3.835	+4.250	+4.266	+4.379	+4.379	+4.262	+4.263	+4.260	+4.246	+4.236	+4.263	+4.244	+4.226	+4.226	+4.262	+4.277	+4.212	+4.204	+4.212	+4.206	+4.212	+4.184	+4.233	+4.008	+4.213	+4.197	+4.213	+4.238	+4.238	+4.256	+4.198	+4.215	+4.268	+4.073	+4.406	+4.404	+4.258	+3.785	+3.781	+3.783	+3.782	+3.780	+3.779	+3.781	+3.906	+3.943	+3.779	+3.780	+3.778	+3.779	+3.770	+3.777	+3.773	+3.776	+3.776	+3.775	+3.775	+3.775	+3.979	+3.773	+3.773	
rs2053767      +4.059	+3.974	+3.948	+4.510	+3.764	+4.455	+4.462	+4.336	+3.897	+4.368	+4.410	+4.375	+4.393	+4.350	+4.379	+4.379	+4.418	+4.409	+4.031	+4.442	+4.423	+4.424	+3.806	+4.544	+4.064	+4.002	+4.430	+3.986	+4.229	+4.415	+4.408	+4.455	+4.545	+4.424	+3.915	+4.444	+4.425	+4.425	+4.438	+4.233	+4.441	+4.419	+4.409	+4.404	+4.405	+4.401	+4.405	+4.405	+4.417	+3.999	+4.290	+4.295	+4.420	+4.400	+3.919	+4.407	+4.422	+4.394	+4.410	+3.764	+4.388	+4.379	+4.408	+4.389	+4.358	+4.392	+4.414	+4.391	+3.999	+4.369	+4.698	+4.272	+4.371	+4.271	+4.368	+4.355	+3.765	+4.368	+4.367	+4.353	+4.370	+4.314	+4.366	+4.363	+4.327	+4.310	+4.330	+4.299	+4.229	+4.306	+4.342	+4.313	+4.345	+4.321	+4.328	+3.941	+4.331	+4.022	+4.331	+4.336	+4.331	+4.331	+4.343	+4.336	+4.331	+4.088	+4.288	+4.286	+4.111	+4.124	+4.259	+3.845	+3.847	+4.260	+4.275	+4.388	+4.388	+4.272	+4.272	+4.270	+4.255	+4.246	+4.272	+4.253	+4.235	+4.235	+4.271	+4.286	+4.222	+4.214	+4.222	+4.216	+4.222	+4.194	+4.243	+4.021	+4.223	+4.207	+4.223	+4.248	+4.248	+4.266	+4.208	+4.225	+4.278	+4.086	+4.415	+4.413	+4.268	+3.798	+3.794	+3.796	+3.795	+3.793	+3.792	+3.794	+3.919	+3.957	+3.792	+3.793	+3.791	+3.792	+3.783	+3.789	+3.786	+3.789	+3.789	+3.788	+3.788	+3.788	+3.991	+3.786	+3.786	
rs2166770      +4.106	+4.018	+3.995	+4.530	+3.811	+4.477	+4.484	+4.365	+3.945	+4.394	+4.434	+4.401	+4.418	+4.377	+4.404	+4.405	+4.441	+4.433	+4.079	+4.464	+4.446	+4.447	+3.857	+4.562	+4.114	+4.049	+4.453	+4.033	+4.264	+4.444	+4.455	+4.457	+4.554	+4.452	+3.963	+4.467	+4.452	+4.452	+4.462	+4.286	+4.463	+4.446	+4.439	+4.435	+4.436	+4.429	+4.436	+4.436	+4.446	+4.046	+4.333	+4.340	+4.446	+4.428	+3.966	+4.437	+4.450	+4.427	+4.439	+3.812	+4.419	+4.412	+4.438	+4.419	+4.390	+4.420	+4.443	+4.421	+4.046	+4.409	+4.723	+4.315	+4.411	+4.309	+4.408	+4.391	+3.814	+4.400	+4.407	+4.388	+4.407	+4.363	+4.407	+4.395	+4.370	+4.361	+4.358	+4.328	+4.262	+4.335	+4.369	+4.342	+4.372	+4.349	+4.356	+3.993	+4.359	+4.080	+4.359	+4.363	+4.359	+4.359	+4.371	+4.363	+4.359	+4.125	+4.318	+4.316	+4.150	+4.161	+4.293	+3.890	+3.893	+4.294	+4.310	+4.422	+4.422	+4.306	+4.306	+4.304	+4.290	+4.280	+4.307	+4.288	+4.270	+4.270	+4.306	+4.321	+4.257	+4.250	+4.257	+4.252	+4.257	+4.230	+4.278	+4.070	+4.258	+4.243	+4.258	+4.282	+4.282	+4.300	+4.243	+4.260	+4.312	+4.135	+4.447	+4.446	+4.303	+3.848	+3.843	+3.845	+3.844	+3.842	+3.841	+3.844	+3.965	+4.009	+3.840	+3.842	+3.840	+3.841	+3.831	+3.838	+3.835	+3.837	+3.837	+3.837	+3.837	+3.836	+4.038	+3.834	+3.834	
