## Summary of overall evidence for association with region:
## log10(BF for region) = -0.559707
## p-value for region = NA

## BFs for choosing among multi-SNP models:
## log10(average 1-SNP BF) = -0.480216
## log10(average 2-SNP BF) = -0.782801

## Example posterior probabilities for multi-SNP models, based on default prior: [p(l) propto 0.5^l for l=1,2,...,L]
## posterior probability of 1-SNP = 0.800572
## posterior probability of 2-SNP = 0.199428

## log10(BF) for single SNP and pair of SNPs:
rs878554       -0.565	-0.698	-0.699	-0.701	-0.701	-0.802	-0.801	-0.801	-0.696	-0.910	-0.897	-0.929	-0.955	-0.923	-0.924	-0.924	-0.961	-0.923	-0.926	-0.610	-0.963	-0.710	-1.064	-0.673	-1.064	-1.063	-1.063	-1.063	-0.896	-1.059	-1.054	-1.054	-0.658	-1.056	-1.057	-0.712	-1.061	-1.011	-0.724	-1.057	-0.708	-0.645	-0.617	-0.778	-0.848	-0.809	-0.634	-0.833	-0.934	-0.884	-0.843	-0.881	-0.819	-0.619	-0.884	-0.801	-0.858	-0.807	-1.018	-0.854	-0.793	-0.885	-0.848	-0.949	-0.879	-0.798	-0.855	-0.871	-0.947	-0.780	-1.006	-1.001	-1.003	-1.003	-0.770	-0.962	-0.959	-1.065	-1.065	-0.844	-1.065	-1.064	-0.788	-1.065	-0.958	-0.785	-1.064	-0.785	-0.836	-0.821	-0.930	-0.900	-0.918	-0.998	-0.902	-0.913	-0.922	-0.922	-0.926	-0.856	-0.987	-0.856	-0.858	-0.986	-0.923	-0.923	-0.984	-0.856	-0.945	-1.064	-1.066	-0.922	-1.065	-1.065	-0.901	-1.065	-0.923	-1.065	-0.994	-0.900	-0.816	-1.066	-0.913	-0.981	-0.915	-0.923	-1.066	-0.921	-0.931	-0.908	-0.857	-1.068	-1.029	-0.907	-0.903	-0.872	-0.872	-0.902	-0.872	-0.903	-1.067	-1.038	-1.011	-0.891	-0.918	-0.924	-1.010	-0.856	-0.873	-0.887	-0.869	-0.892	-0.861	-0.994	-0.856	-0.855	-0.870	-1.067	-0.889	-1.026	-0.861	-0.878	-0.872	-0.857	-0.887	-0.859	-0.757	-0.718	-0.743	-0.887	-0.736	-0.877	-1.067	-0.897	-0.860	-0.900	-0.904	-1.045	-1.065	-1.067	-1.067	-0.909	-0.888	-1.067	-0.878	-0.888	-0.869	-0.870	
rs11621051     -0.698	-0.568	-0.706	-0.707	-0.698	-0.803	-0.803	-0.803	-0.697	-0.913	-0.899	-0.932	-0.956	-0.926	-0.927	-0.927	-0.962	-0.926	-0.929	-0.608	-0.965	-0.710	-1.066	-0.676	-1.066	-1.066	-1.065	-1.065	-0.898	-1.062	-1.057	-1.057	-0.660	-1.059	-1.059	-0.712	-1.064	-1.014	-0.725	-1.059	-0.709	-0.646	-0.617	-0.779	-0.850	-0.811	-0.635	-0.834	-0.937	-0.885	-0.847	-0.882	-0.820	-0.620	-0.885	-0.803	-0.859	-0.809	-1.021	-0.856	-0.795	-0.886	-0.851	-0.951	-0.880	-0.799	-0.859	-0.873	-0.949	-0.782	-1.008	-1.003	-1.006	-1.005	-0.772	-0.965	-0.962	-1.067	-1.067	-0.846	-1.068	-1.066	-0.790	-1.067	-0.959	-0.786	-1.067	-0.787	-0.837	-0.824	-0.932	-0.902	-0.920	-0.999	-0.903	-0.914	-0.923	-0.924	-0.927	-0.858	-0.988	-0.858	-0.860	-0.989	-0.924	-0.924	-0.987	-0.858	-0.946	-1.067	-1.068	-0.923	-1.068	-1.068	-0.904	-1.068	-0.924	-1.068	-0.996	-0.902	-0.816	-1.069	-0.915	-0.983	-0.917	-0.925	-1.068	-0.923	-0.933	-0.909	-0.859	-1.070	-1.031	-0.909	-0.904	-0.872	-0.872	-0.903	-0.872	-0.904	-1.070	-1.040	-1.013	-0.892	-0.920	-0.926	-1.012	-0.856	-0.874	-0.889	-0.869	-0.894	-0.862	-0.996	-0.858	-0.856	-0.871	-1.069	-0.891	-1.027	-0.864	-0.879	-0.874	-0.860	-0.888	-0.861	-0.758	-0.718	-0.744	-0.888	-0.737	-0.879	-1.069	-0.899	-0.860	-0.902	-0.906	-1.047	-1.067	-1.070	-1.069	-0.910	-0.890	-1.069	-0.878	-0.889	-0.871	-0.873	
rs12432536     -0.699	-0.706	-0.572	-0.703	-0.702	-0.806	-0.806	-0.806	-0.699	-0.918	-0.901	-0.937	-0.959	-0.931	-0.932	-0.932	-0.965	-0.931	-0.934	-0.603	-0.968	-0.710	-1.070	-0.681	-1.070	-1.070	-1.069	-1.069	-0.902	-1.066	-1.061	-1.061	-0.662	-1.063	-1.063	-0.713	-1.068	-1.018	-0.727	-1.063	-0.709	-0.649	-0.617	-0.781	-0.854	-0.813	-0.638	-0.835	-0.942	-0.887	-0.853	-0.884	-0.823	-0.623	-0.887	-0.806	-0.861	-0.812	-1.025	-0.860	-0.798	-0.888	-0.857	-0.954	-0.882	-0.802	-0.865	-0.874	-0.953	-0.785	-1.011	-1.006	-1.009	-1.009	-0.775	-0.970	-0.967	-1.071	-1.072	-0.850	-1.072	-1.071	-0.793	-1.071	-0.961	-0.789	-1.071	-0.790	-0.839	-0.829	-0.935	-0.907	-0.923	-1.002	-0.905	-0.916	-0.925	-0.925	-0.929	-0.862	-0.991	-0.862	-0.864	-0.994	-0.926	-0.926	-0.991	-0.862	-0.948	-1.071	-1.073	-0.925	-1.072	-1.072	-0.908	-1.072	-0.926	-1.072	-0.998	-0.905	-0.816	-1.073	-0.918	-0.988	-0.919	-0.928	-1.073	-0.924	-0.935	-0.912	-0.863	-1.074	-1.035	-0.912	-0.907	-0.873	-0.873	-0.906	-0.874	-0.907	-1.074	-1.044	-1.016	-0.895	-0.923	-0.930	-1.015	-0.857	-0.875	-0.892	-0.871	-0.899	-0.863	-0.999	-0.860	-0.859	-0.872	-1.074	-0.893	-1.031	-0.868	-0.880	-0.877	-0.863	-0.889	-0.865	-0.758	-0.719	-0.745	-0.889	-0.737	-0.881	-1.073	-0.902	-0.861	-0.904	-0.908	-1.051	-1.071	-1.074	-1.074	-0.913	-0.893	-1.074	-0.877	-0.890	-0.876	-0.877	
rs11622657     -0.701	-0.707	-0.703	-0.572	-0.702	-0.806	-0.806	-0.806	-0.699	-0.917	-0.901	-0.937	-0.959	-0.931	-0.932	-0.932	-0.965	-0.931	-0.934	-0.603	-0.968	-0.710	-1.070	-0.680	-1.070	-1.069	-1.069	-1.069	-0.901	-1.066	-1.061	-1.061	-0.662	-1.063	-1.063	-0.713	-1.068	-1.018	-0.727	-1.063	-0.709	-0.649	-0.617	-0.781	-0.854	-0.813	-0.638	-0.835	-0.942	-0.887	-0.853	-0.884	-0.823	-0.623	-0.887	-0.806	-0.861	-0.812	-1.025	-0.860	-0.798	-0.888	-0.857	-0.954	-0.882	-0.802	-0.865	-0.874	-0.953	-0.784	-1.011	-1.006	-1.009	-1.009	-0.775	-0.969	-0.967	-1.071	-1.071	-0.850	-1.072	-1.071	-0.793	-1.071	-0.961	-0.789	-1.071	-0.790	-0.839	-0.829	-0.935	-0.906	-0.923	-1.002	-0.905	-0.916	-0.925	-0.925	-0.929	-0.862	-0.991	-0.862	-0.864	-0.993	-0.926	-0.926	-0.991	-0.862	-0.948	-1.071	-1.072	-0.925	-1.072	-1.072	-0.907	-1.072	-0.926	-1.072	-0.998	-0.905	-0.816	-1.073	-0.918	-0.988	-0.919	-0.928	-1.073	-0.924	-0.935	-0.912	-0.863	-1.074	-1.035	-0.912	-0.907	-0.873	-0.873	-0.906	-0.874	-0.907	-1.074	-1.044	-1.016	-0.895	-0.923	-0.930	-1.015	-0.857	-0.875	-0.892	-0.871	-0.899	-0.863	-0.999	-0.860	-0.859	-0.872	-1.074	-0.893	-1.031	-0.868	-0.880	-0.877	-0.863	-0.889	-0.865	-0.758	-0.719	-0.745	-0.889	-0.737	-0.881	-1.073	-0.902	-0.861	-0.904	-0.908	-1.051	-1.071	-1.074	-1.073	-0.913	-0.893	-1.074	-0.878	-0.890	-0.876	-0.877	
rs8013057      -0.701	-0.698	-0.702	-0.702	-0.567	-0.802	-0.802	-0.802	-0.697	-0.911	-0.898	-0.931	-0.956	-0.925	-0.925	-0.925	-0.962	-0.925	-0.928	-0.609	-0.964	-0.710	-1.065	-0.674	-1.065	-1.064	-1.064	-1.064	-0.897	-1.061	-1.056	-1.056	-0.659	-1.058	-1.058	-0.712	-1.063	-1.012	-0.725	-1.058	-0.709	-0.646	-0.618	-0.779	-0.849	-0.810	-0.635	-0.834	-0.935	-0.885	-0.845	-0.882	-0.820	-0.620	-0.885	-0.802	-0.859	-0.808	-1.020	-0.855	-0.794	-0.885	-0.850	-0.950	-0.880	-0.799	-0.857	-0.872	-0.949	-0.781	-1.007	-1.002	-1.005	-1.004	-0.772	-0.964	-0.961	-1.066	-1.066	-0.845	-1.066	-1.065	-0.789	-1.066	-0.959	-0.786	-1.065	-0.786	-0.837	-0.823	-0.931	-0.901	-0.919	-0.999	-0.903	-0.914	-0.923	-0.923	-0.927	-0.857	-0.988	-0.857	-0.859	-0.988	-0.923	-0.923	-0.986	-0.857	-0.945	-1.066	-1.067	-0.923	-1.067	-1.067	-0.902	-1.067	-0.923	-1.067	-0.995	-0.902	-0.816	-1.068	-0.914	-0.982	-0.916	-0.924	-1.067	-0.922	-0.932	-0.909	-0.858	-1.069	-1.030	-0.908	-0.904	-0.872	-0.872	-0.903	-0.872	-0.904	-1.069	-1.039	-1.012	-0.892	-0.919	-0.926	-1.011	-0.856	-0.873	-0.888	-0.869	-0.893	-0.862	-0.995	-0.857	-0.855	-0.870	-1.068	-0.890	-1.027	-0.863	-0.878	-0.873	-0.859	-0.887	-0.860	-0.758	-0.718	-0.744	-0.887	-0.737	-0.878	-1.068	-0.898	-0.860	-0.901	-0.905	-1.046	-1.066	-1.069	-1.068	-0.910	-0.889	-1.068	-0.878	-0.889	-0.870	-0.872	
rs12147759     -0.802	-0.803	-0.806	-0.806	-0.802	-0.501	-0.626	-0.626	-0.634	-0.846	-0.830	-0.872	-0.894	-0.866	-0.867	-0.867	-0.900	-0.866	-0.869	-0.545	-0.903	-0.641	-1.004	-0.614	-1.004	-1.003	-1.003	-1.003	-0.835	-1.000	-0.995	-0.995	-0.597	-0.997	-0.997	-0.644	-1.002	-0.955	-0.662	-0.997	-0.640	-0.583	-0.547	-0.715	-0.789	-0.747	-0.573	-0.768	-0.877	-0.820	-0.788	-0.817	-0.757	-0.558	-0.820	-0.740	-0.794	-0.746	-0.960	-0.796	-0.732	-0.820	-0.792	-0.888	-0.815	-0.736	-0.800	-0.807	-0.887	-0.719	-0.944	-0.940	-0.942	-0.942	-0.709	-0.904	-0.902	-1.005	-1.005	-0.785	-1.006	-1.004	-0.727	-1.005	-0.897	-0.723	-1.005	-0.724	-0.771	-0.763	-0.870	-0.840	-0.857	-0.937	-0.838	-0.850	-0.859	-0.859	-0.863	-0.797	-0.926	-0.797	-0.799	-0.928	-0.859	-0.859	-0.926	-0.797	-0.882	-1.005	-1.007	-0.859	-1.006	-1.006	-0.841	-1.006	-0.860	-1.006	-0.933	-0.840	-0.747	-1.005	-0.852	-0.922	-0.854	-0.863	-1.005	-0.858	-0.868	-0.847	-0.798	-1.007	-0.969	-0.846	-0.842	-0.808	-0.808	-0.841	-0.808	-0.842	-1.006	-0.978	-0.950	-0.830	-0.858	-0.864	-0.950	-0.791	-0.809	-0.826	-0.805	-0.832	-0.797	-0.935	-0.795	-0.793	-0.806	-1.006	-0.828	-0.965	-0.801	-0.814	-0.811	-0.799	-0.823	-0.801	-0.692	-0.653	-0.679	-0.823	-0.671	-0.816	-1.006	-0.836	-0.795	-0.839	-0.843	-0.985	-1.006	-1.006	-1.006	-0.848	-0.827	-1.006	-0.818	-0.824	-0.812	-0.814	
rs12147752     -0.801	-0.803	-0.806	-0.806	-0.802	-0.626	-0.501	-0.624	-0.634	-0.846	-0.830	-0.872	-0.894	-0.866	-0.866	-0.866	-0.900	-0.866	-0.868	-0.545	-0.903	-0.641	-1.004	-0.614	-1.003	-1.003	-1.003	-1.003	-0.834	-0.999	-0.994	-0.994	-0.597	-0.996	-0.996	-0.644	-1.001	-0.954	-0.662	-0.996	-0.640	-0.583	-0.547	-0.715	-0.789	-0.747	-0.572	-0.768	-0.876	-0.820	-0.787	-0.817	-0.757	-0.557	-0.820	-0.740	-0.794	-0.745	-0.960	-0.795	-0.731	-0.820	-0.792	-0.888	-0.815	-0.736	-0.799	-0.807	-0.887	-0.718	-0.944	-0.939	-0.942	-0.942	-0.709	-0.904	-0.901	-1.005	-1.005	-0.785	-1.005	-1.004	-0.726	-1.005	-0.896	-0.723	-1.004	-0.723	-0.771	-0.762	-0.870	-0.840	-0.857	-0.937	-0.838	-0.849	-0.859	-0.859	-0.863	-0.797	-0.926	-0.797	-0.799	-0.928	-0.859	-0.859	-0.925	-0.797	-0.882	-1.005	-1.006	-0.859	-1.006	-1.006	-0.841	-1.006	-0.859	-1.006	-0.933	-0.839	-0.747	-1.005	-0.852	-0.922	-0.854	-0.862	-1.004	-0.858	-0.868	-0.847	-0.798	-1.006	-0.969	-0.846	-0.842	-0.807	-0.807	-0.841	-0.807	-0.842	-1.006	-0.978	-0.950	-0.829	-0.857	-0.864	-0.950	-0.791	-0.809	-0.826	-0.804	-0.832	-0.797	-0.934	-0.795	-0.793	-0.805	-1.005	-0.828	-0.965	-0.801	-0.814	-0.811	-0.799	-0.823	-0.800	-0.692	-0.653	-0.679	-0.823	-0.671	-0.816	-1.005	-0.836	-0.795	-0.839	-0.843	-0.984	-1.005	-1.006	-1.006	-0.848	-0.827	-1.006	-0.818	-0.824	-0.812	-0.813	
rs12147754     -0.801	-0.803	-0.806	-0.806	-0.802	-0.626	-0.624	-0.501	-0.634	-0.846	-0.830	-0.872	-0.894	-0.866	-0.866	-0.866	-0.900	-0.866	-0.868	-0.545	-0.903	-0.641	-1.004	-0.614	-1.003	-1.003	-1.003	-1.003	-0.834	-0.999	-0.994	-0.994	-0.597	-0.996	-0.996	-0.644	-1.001	-0.954	-0.662	-0.996	-0.640	-0.583	-0.547	-0.715	-0.789	-0.747	-0.572	-0.768	-0.876	-0.820	-0.787	-0.817	-0.757	-0.557	-0.820	-0.740	-0.794	-0.745	-0.960	-0.795	-0.731	-0.820	-0.792	-0.888	-0.815	-0.736	-0.799	-0.807	-0.887	-0.718	-0.944	-0.939	-0.942	-0.942	-0.709	-0.904	-0.901	-1.005	-1.005	-0.785	-1.005	-1.004	-0.726	-1.005	-0.896	-0.723	-1.004	-0.723	-0.771	-0.762	-0.870	-0.840	-0.857	-0.937	-0.838	-0.849	-0.859	-0.859	-0.863	-0.797	-0.926	-0.797	-0.799	-0.928	-0.859	-0.859	-0.925	-0.797	-0.882	-1.005	-1.006	-0.859	-1.006	-1.006	-0.841	-1.006	-0.859	-1.006	-0.933	-0.839	-0.747	-1.005	-0.852	-0.922	-0.854	-0.862	-1.004	-0.858	-0.868	-0.847	-0.798	-1.006	-0.969	-0.846	-0.842	-0.807	-0.807	-0.841	-0.807	-0.842	-1.006	-0.978	-0.950	-0.829	-0.857	-0.864	-0.950	-0.791	-0.809	-0.826	-0.804	-0.832	-0.797	-0.934	-0.795	-0.793	-0.805	-1.005	-0.828	-0.965	-0.801	-0.814	-0.811	-0.799	-0.823	-0.800	-0.692	-0.653	-0.679	-0.823	-0.671	-0.816	-1.005	-0.836	-0.795	-0.839	-0.843	-0.984	-1.005	-1.006	-1.006	-0.848	-0.827	-1.006	-0.818	-0.824	-0.812	-0.813	
rs76271854     -0.696	-0.697	-0.699	-0.699	-0.697	-0.634	-0.634	-0.634	-0.247	-0.646	-0.631	-0.654	-0.699	-0.650	-0.650	-0.650	-0.703	-0.650	-0.652	-0.398	-0.704	-0.472	-0.774	-0.354	-0.774	-0.774	-0.774	-0.774	-0.622	-0.775	-0.773	-0.773	-0.315	-0.774	-0.774	-0.474	-0.775	-0.680	-0.444	-0.774	-0.470	-0.301	-0.384	-0.454	-0.565	-0.488	-0.292	-0.580	-0.663	-0.627	-0.585	-0.623	-0.596	-0.277	-0.625	-0.582	-0.603	-0.587	-0.708	-0.570	-0.576	-0.626	-0.590	-0.634	-0.621	-0.579	-0.596	-0.614	-0.633	-0.565	-0.708	-0.701	-0.705	-0.705	-0.558	-0.685	-0.683	-0.773	-0.772	-0.561	-0.774	-0.778	-0.572	-0.774	-0.623	-0.569	-0.773	-0.569	-0.582	-0.525	-0.677	-0.607	-0.669	-0.658	-0.640	-0.649	-0.657	-0.658	-0.661	-0.571	-0.644	-0.571	-0.573	-0.704	-0.658	-0.658	-0.703	-0.571	-0.677	-0.778	-0.775	-0.658	-0.771	-0.771	-0.606	-0.771	-0.658	-0.771	-0.659	-0.657	-0.551	-0.776	-0.666	-0.700	-0.667	-0.673	-0.777	-0.657	-0.666	-0.662	-0.572	-0.768	-0.690	-0.661	-0.659	-0.612	-0.612	-0.658	-0.612	-0.658	-0.772	-0.705	-0.679	-0.650	-0.660	-0.664	-0.723	-0.598	-0.613	-0.648	-0.609	-0.607	-0.602	-0.716	-0.624	-0.622	-0.610	-0.774	-0.649	-0.701	-0.564	-0.617	-0.637	-0.572	-0.625	-0.574	-0.499	-0.462	-0.486	-0.625	-0.479	-0.640	-0.770	-0.654	-0.601	-0.656	-0.659	-0.718	-0.776	-0.771	-0.769	-0.662	-0.646	-0.771	-0.633	-0.627	-0.580	-0.582	
rs7155600      -0.910	-0.913	-0.918	-0.917	-0.911	-0.846	-0.846	-0.846	-0.646	-0.521	-0.733	-0.891	-0.910	-0.886	-0.886	-0.886	-0.916	-0.886	-0.888	-0.500	-0.919	-0.573	-1.018	-0.629	-1.017	-1.017	-1.016	-1.016	-0.848	-1.013	-1.007	-1.007	-0.589	-1.010	-1.010	-0.577	-1.015	-0.969	-0.677	-1.010	-0.573	-0.575	-0.476	-0.720	-0.806	-0.752	-0.570	-0.729	-0.891	-0.789	-0.807	-0.785	-0.773	-0.554	-0.789	-0.756	-0.760	-0.762	-0.965	-0.812	-0.747	-0.790	-0.811	-0.895	-0.783	-0.752	-0.819	-0.774	-0.894	-0.734	-0.957	-0.952	-0.955	-0.955	-0.725	-0.919	-0.916	-1.013	-1.013	-0.802	-1.013	-1.013	-0.742	-1.013	-0.894	-0.739	-1.012	-0.739	-0.734	-0.776	-0.881	-0.858	-0.868	-0.941	-0.775	-0.790	-0.802	-0.803	-0.808	-0.814	-0.929	-0.814	-0.816	-0.944	-0.803	-0.803	-0.942	-0.814	-0.834	-1.016	-1.017	-0.803	-1.015	-1.015	-0.859	-1.015	-0.803	-1.015	-0.937	-0.850	-0.671	-1.009	-0.863	-0.939	-0.865	-0.873	-1.009	-0.802	-0.817	-0.857	-0.815	-1.009	-0.969	-0.857	-0.852	-0.733	-0.733	-0.851	-0.734	-0.852	-1.010	-0.979	-0.955	-0.839	-0.870	-0.876	-0.962	-0.713	-0.735	-0.836	-0.730	-0.850	-0.719	-0.946	-0.804	-0.802	-0.731	-1.009	-0.838	-0.972	-0.819	-0.743	-0.821	-0.816	-0.755	-0.818	-0.610	-0.562	-0.594	-0.756	-0.584	-0.825	-1.009	-0.847	-0.719	-0.849	-0.854	-0.987	-1.016	-1.010	-1.009	-0.858	-0.838	-1.009	-0.781	-0.760	-0.831	-0.832	
rs7147098      -0.897	-0.899	-0.901	-0.901	-0.898	-0.830	-0.830	-0.830	-0.631	-0.733	-0.495	-0.865	-0.889	-0.859	-0.860	-0.860	-0.895	-0.859	-0.862	-0.499	-0.898	-0.574	-0.989	-0.613	-0.989	-0.989	-0.989	-0.989	-0.817	-0.986	-0.982	-0.982	-0.593	-0.984	-0.984	-0.578	-0.988	-0.944	-0.646	-0.984	-0.573	-0.580	-0.478	-0.714	-0.780	-0.745	-0.570	-0.723	-0.861	-0.780	-0.773	-0.776	-0.755	-0.556	-0.779	-0.738	-0.752	-0.744	-0.952	-0.787	-0.730	-0.780	-0.778	-0.883	-0.774	-0.734	-0.786	-0.765	-0.882	-0.717	-0.940	-0.935	-0.938	-0.937	-0.707	-0.891	-0.888	-0.992	-0.992	-0.775	-0.992	-0.990	-0.725	-0.992	-0.890	-0.721	-0.992	-0.722	-0.728	-0.758	-0.866	-0.834	-0.854	-0.931	-0.806	-0.818	-0.827	-0.828	-0.832	-0.789	-0.921	-0.789	-0.791	-0.919	-0.828	-0.828	-0.917	-0.789	-0.851	-0.993	-0.996	-0.828	-0.996	-0.996	-0.836	-0.996	-0.828	-0.996	-0.928	-0.836	-0.663	-0.986	-0.849	-0.913	-0.850	-0.859	-0.986	-0.827	-0.839	-0.843	-0.790	-0.990	-0.960	-0.843	-0.838	-0.773	-0.773	-0.837	-0.773	-0.838	-0.989	-0.968	-0.944	-0.826	-0.854	-0.860	-0.944	-0.756	-0.774	-0.823	-0.770	-0.826	-0.761	-0.929	-0.792	-0.790	-0.771	-0.988	-0.825	-0.959	-0.796	-0.780	-0.808	-0.791	-0.790	-0.793	-0.659	-0.617	-0.645	-0.790	-0.637	-0.813	-0.989	-0.833	-0.761	-0.836	-0.840	-0.974	-0.995	-0.990	-0.990	-0.844	-0.824	-0.989	-0.803	-0.793	-0.807	-0.809	
rs941601       -0.929	-0.932	-0.937	-0.937	-0.931	-0.872	-0.872	-0.872	-0.654	-0.891	-0.865	-0.518	-0.909	-0.636	-0.638	-0.638	-0.915	-0.637	-0.642	-0.519	-0.917	-0.540	-1.003	-0.638	-1.003	-1.003	-1.003	-1.003	-0.835	-1.001	-0.997	-0.997	-0.615	-0.998	-0.998	-0.544	-1.002	-0.964	-0.666	-0.998	-0.539	-0.602	-0.410	-0.736	-0.802	-0.767	-0.593	-0.740	-0.880	-0.798	-0.790	-0.794	-0.777	-0.578	-0.798	-0.760	-0.771	-0.766	-0.975	-0.809	-0.752	-0.800	-0.795	-0.906	-0.794	-0.757	-0.803	-0.785	-0.905	-0.739	-0.962	-0.957	-0.960	-0.959	-0.730	-0.910	-0.907	-1.013	-1.013	-0.798	-1.013	-1.010	-0.747	-1.012	-0.910	-0.744	-1.012	-0.744	-0.747	-0.781	-0.879	-0.801	-0.866	-0.949	-0.855	-0.865	-0.875	-0.875	-0.878	-0.811	-0.938	-0.811	-0.813	-0.936	-0.875	-0.875	-0.933	-0.811	-0.897	-1.010	-1.013	-0.875	-1.013	-1.013	-0.798	-1.013	-0.875	-1.013	-0.945	-0.847	-0.770	-1.003	-0.861	-0.930	-0.863	-0.872	-1.002	-0.874	-0.885	-0.855	-0.812	-1.010	-0.977	-0.855	-0.850	-0.826	-0.826	-0.849	-0.826	-0.850	-1.008	-0.985	-0.962	-0.837	-0.865	-0.872	-0.962	-0.810	-0.827	-0.834	-0.823	-0.814	-0.816	-0.945	-0.801	-0.799	-0.824	-1.007	-0.835	-0.976	-0.802	-0.832	-0.818	-0.813	-0.841	-0.815	-0.709	-0.669	-0.695	-0.841	-0.687	-0.823	-1.009	-0.844	-0.815	-0.847	-0.851	-0.991	-1.013	-1.009	-1.010	-0.856	-0.835	-1.009	-0.842	-0.844	-0.829	-0.830	
rs8015996      -0.955	-0.956	-0.959	-0.959	-0.956	-0.894	-0.894	-0.894	-0.699	-0.910	-0.889	-0.909	-0.538	-0.906	-0.906	-0.906	-0.673	-0.906	-0.908	-0.648	-0.675	-0.723	-0.930	-0.674	-0.930	-0.932	-0.932	-0.932	-0.882	-0.940	-0.943	-0.943	-0.441	-0.943	-0.943	-0.725	-0.938	-0.915	-0.715	-0.942	-0.721	-0.425	-0.635	-0.619	-0.827	-0.659	-0.425	-0.837	-0.898	-0.882	-0.802	-0.879	-0.748	-0.409	-0.881	-0.729	-0.859	-0.735	-0.891	-0.831	-0.720	-0.882	-0.807	-0.822	-0.877	-0.726	-0.816	-0.870	-0.820	-0.706	-0.922	-0.915	-0.919	-0.919	-0.694	-0.930	-0.927	-1.026	-1.026	-0.824	-1.028	-1.031	-0.715	-1.028	-0.883	-0.712	-1.026	-0.713	-0.839	-0.795	-0.895	-0.873	-0.886	-0.932	-0.894	-0.904	-0.912	-0.912	-0.916	-0.832	-0.919	-0.832	-0.834	-0.957	-0.913	-0.913	-0.955	-0.832	-0.932	-1.031	-1.028	-0.912	-1.025	-1.025	-0.873	-1.025	-0.913	-1.025	-0.930	-0.872	-0.815	-1.022	-0.882	-0.951	-0.884	-0.890	-1.023	-0.912	-0.921	-0.878	-0.833	-1.012	-0.950	-0.877	-0.874	-0.866	-0.866	-0.873	-0.866	-0.874	-1.016	-0.964	-0.951	-0.865	-0.889	-0.893	-0.962	-0.850	-0.867	-0.862	-0.863	-0.867	-0.856	-0.956	-0.836	-0.835	-0.864	-1.019	-0.864	-0.970	-0.838	-0.871	-0.850	-0.833	-0.880	-0.834	-0.764	-0.727	-0.751	-0.880	-0.744	-0.854	-1.013	-0.871	-0.855	-0.873	-0.877	-0.975	-1.029	-1.014	-1.012	-0.880	-0.864	-1.015	-0.884	-0.880	-0.841	-0.842	
rs2228543      -0.923	-0.926	-0.931	-0.931	-0.925	-0.866	-0.866	-0.866	-0.650	-0.886	-0.859	-0.636	-0.906	-0.512	-0.637	-0.637	-0.912	-0.638	-0.639	-0.507	-0.914	-0.552	-0.998	-0.635	-0.998	-0.998	-0.998	-0.998	-0.828	-0.996	-0.992	-0.992	-0.615	-0.994	-0.994	-0.556	-0.997	-0.958	-0.659	-0.994	-0.552	-0.601	-0.427	-0.734	-0.797	-0.765	-0.592	-0.744	-0.872	-0.800	-0.782	-0.797	-0.775	-0.577	-0.800	-0.757	-0.774	-0.763	-0.970	-0.803	-0.749	-0.802	-0.787	-0.902	-0.796	-0.754	-0.795	-0.788	-0.901	-0.736	-0.957	-0.952	-0.955	-0.955	-0.727	-0.904	-0.901	-1.007	-1.007	-0.792	-1.007	-1.004	-0.744	-1.006	-0.908	-0.741	-1.006	-0.741	-0.751	-0.776	-0.873	-0.793	-0.859	-0.946	-0.853	-0.863	-0.872	-0.873	-0.876	-0.806	-0.936	-0.806	-0.808	-0.930	-0.873	-0.873	-0.927	-0.805	-0.894	-1.004	-1.007	-0.872	-1.007	-1.007	-0.789	-1.007	-0.873	-1.007	-0.943	-0.841	-0.763	-0.996	-0.854	-0.924	-0.856	-0.865	-0.996	-0.872	-0.882	-0.849	-0.807	-1.004	-0.974	-0.849	-0.844	-0.824	-0.824	-0.842	-0.824	-0.844	-1.002	-0.982	-0.959	-0.831	-0.859	-0.865	-0.956	-0.809	-0.825	-0.827	-0.821	-0.809	-0.814	-0.939	-0.794	-0.793	-0.823	-1.001	-0.829	-0.973	-0.795	-0.830	-0.812	-0.807	-0.839	-0.809	-0.709	-0.669	-0.695	-0.839	-0.688	-0.816	-1.003	-0.838	-0.813	-0.840	-0.845	-0.987	-1.008	-1.003	-1.004	-0.849	-0.828	-1.003	-0.840	-0.841	-0.823	-0.824	
rs72704334     -0.924	-0.927	-0.932	-0.932	-0.925	-0.867	-0.866	-0.866	-0.650	-0.886	-0.860	-0.638	-0.906	-0.637	-0.513	-0.637	-0.912	-0.637	-0.639	-0.508	-0.914	-0.551	-0.999	-0.635	-0.999	-0.998	-0.998	-0.998	-0.829	-0.996	-0.993	-0.993	-0.615	-0.994	-0.994	-0.555	-0.998	-0.958	-0.659	-0.994	-0.551	-0.602	-0.426	-0.734	-0.797	-0.765	-0.592	-0.744	-0.873	-0.800	-0.783	-0.797	-0.775	-0.577	-0.801	-0.758	-0.774	-0.763	-0.971	-0.804	-0.750	-0.802	-0.788	-0.902	-0.796	-0.754	-0.796	-0.788	-0.901	-0.737	-0.957	-0.953	-0.955	-0.955	-0.727	-0.904	-0.901	-1.008	-1.008	-0.793	-1.008	-1.005	-0.745	-1.007	-0.908	-0.741	-1.007	-0.742	-0.751	-0.776	-0.873	-0.794	-0.860	-0.947	-0.853	-0.864	-0.873	-0.873	-0.876	-0.806	-0.936	-0.806	-0.808	-0.931	-0.873	-0.873	-0.928	-0.806	-0.894	-1.005	-1.008	-0.873	-1.008	-1.008	-0.790	-1.008	-0.873	-1.008	-0.943	-0.841	-0.764	-0.997	-0.855	-0.924	-0.857	-0.866	-0.996	-0.872	-0.882	-0.849	-0.807	-1.004	-0.974	-0.849	-0.844	-0.824	-0.825	-0.843	-0.825	-0.844	-1.003	-0.982	-0.959	-0.831	-0.859	-0.866	-0.957	-0.809	-0.826	-0.828	-0.822	-0.809	-0.814	-0.939	-0.795	-0.793	-0.823	-1.002	-0.829	-0.973	-0.796	-0.831	-0.812	-0.808	-0.840	-0.810	-0.709	-0.669	-0.695	-0.840	-0.688	-0.817	-1.004	-0.838	-0.813	-0.841	-0.845	-0.988	-1.008	-1.004	-1.005	-0.850	-0.828	-1.004	-0.840	-0.842	-0.824	-0.825	
rs72704338     -0.924	-0.927	-0.932	-0.932	-0.925	-0.867	-0.866	-0.866	-0.650	-0.886	-0.860	-0.638	-0.906	-0.637	-0.637	-0.512	-0.912	-0.637	-0.638	-0.507	-0.914	-0.552	-0.999	-0.635	-0.998	-0.998	-0.998	-0.998	-0.829	-0.996	-0.993	-0.993	-0.615	-0.994	-0.994	-0.556	-0.998	-0.958	-0.659	-0.994	-0.551	-0.602	-0.426	-0.734	-0.797	-0.765	-0.592	-0.744	-0.873	-0.800	-0.783	-0.797	-0.775	-0.577	-0.801	-0.758	-0.774	-0.763	-0.971	-0.804	-0.750	-0.802	-0.788	-0.902	-0.796	-0.754	-0.795	-0.788	-0.901	-0.737	-0.957	-0.953	-0.955	-0.955	-0.727	-0.904	-0.901	-1.007	-1.008	-0.792	-1.008	-1.005	-0.745	-1.007	-0.908	-0.741	-1.007	-0.742	-0.751	-0.776	-0.873	-0.793	-0.860	-0.947	-0.853	-0.864	-0.873	-0.873	-0.876	-0.806	-0.936	-0.806	-0.808	-0.931	-0.873	-0.873	-0.928	-0.806	-0.894	-1.005	-1.007	-0.873	-1.008	-1.008	-0.790	-1.008	-0.873	-1.008	-0.943	-0.841	-0.764	-0.997	-0.855	-0.924	-0.857	-0.866	-0.996	-0.872	-0.882	-0.849	-0.807	-1.004	-0.974	-0.849	-0.844	-0.824	-0.824	-0.843	-0.825	-0.844	-1.003	-0.982	-0.959	-0.831	-0.859	-0.866	-0.957	-0.809	-0.826	-0.828	-0.822	-0.809	-0.814	-0.939	-0.795	-0.793	-0.823	-1.001	-0.829	-0.973	-0.795	-0.831	-0.812	-0.808	-0.840	-0.810	-0.709	-0.669	-0.695	-0.840	-0.688	-0.817	-1.004	-0.838	-0.813	-0.841	-0.845	-0.988	-1.008	-1.004	-1.005	-0.850	-0.828	-1.004	-0.840	-0.842	-0.824	-0.825	
rs3790035      -0.961	-0.962	-0.965	-0.965	-0.962	-0.900	-0.900	-0.900	-0.703	-0.916	-0.895	-0.915	-0.673	-0.912	-0.912	-0.912	-0.544	-0.912	-0.913	-0.650	-0.676	-0.725	-0.938	-0.676	-0.938	-0.940	-0.940	-0.940	-0.888	-0.947	-0.950	-0.950	-0.453	-0.950	-0.950	-0.727	-0.946	-0.923	-0.720	-0.949	-0.724	-0.437	-0.637	-0.629	-0.832	-0.669	-0.436	-0.840	-0.905	-0.886	-0.809	-0.883	-0.747	-0.420	-0.885	-0.728	-0.863	-0.734	-0.900	-0.837	-0.718	-0.886	-0.814	-0.831	-0.881	-0.725	-0.822	-0.874	-0.829	-0.704	-0.929	-0.923	-0.927	-0.927	-0.693	-0.936	-0.933	-1.033	-1.033	-0.829	-1.034	-1.038	-0.713	-1.034	-0.891	-0.711	-1.033	-0.711	-0.843	-0.800	-0.899	-0.879	-0.889	-0.940	-0.899	-0.909	-0.917	-0.918	-0.921	-0.838	-0.927	-0.838	-0.839	-0.964	-0.918	-0.918	-0.961	-0.838	-0.937	-1.037	-1.034	-0.917	-1.031	-1.031	-0.879	-1.031	-0.918	-1.031	-0.937	-0.876	-0.820	-1.028	-0.886	-0.957	-0.887	-0.894	-1.029	-0.917	-0.926	-0.881	-0.839	-1.018	-0.958	-0.880	-0.877	-0.871	-0.871	-0.877	-0.871	-0.878	-1.023	-0.972	-0.958	-0.868	-0.893	-0.898	-0.968	-0.855	-0.872	-0.865	-0.868	-0.873	-0.861	-0.961	-0.839	-0.838	-0.869	-1.025	-0.867	-0.977	-0.844	-0.876	-0.853	-0.839	-0.885	-0.840	-0.768	-0.731	-0.755	-0.885	-0.748	-0.857	-1.020	-0.874	-0.860	-0.877	-0.880	-0.982	-1.035	-1.021	-1.019	-0.884	-0.868	-1.021	-0.888	-0.886	-0.847	-0.849	
rs12437272     -0.923	-0.926	-0.931	-0.931	-0.925	-0.866	-0.866	-0.866	-0.650	-0.886	-0.859	-0.637	-0.906	-0.638	-0.637	-0.637	-0.912	-0.512	-0.638	-0.507	-0.914	-0.553	-0.998	-0.635	-0.998	-0.998	-0.998	-0.998	-0.828	-0.996	-0.992	-0.992	-0.615	-0.994	-0.994	-0.557	-0.997	-0.958	-0.659	-0.994	-0.552	-0.602	-0.427	-0.734	-0.797	-0.765	-0.592	-0.744	-0.872	-0.801	-0.782	-0.797	-0.775	-0.577	-0.801	-0.758	-0.775	-0.763	-0.971	-0.803	-0.749	-0.802	-0.787	-0.902	-0.796	-0.754	-0.795	-0.788	-0.901	-0.737	-0.957	-0.952	-0.955	-0.955	-0.727	-0.904	-0.901	-1.007	-1.007	-0.792	-1.007	-1.004	-0.744	-1.006	-0.908	-0.741	-1.006	-0.742	-0.751	-0.776	-0.873	-0.793	-0.859	-0.946	-0.853	-0.863	-0.872	-0.873	-0.876	-0.806	-0.936	-0.806	-0.808	-0.930	-0.873	-0.873	-0.927	-0.806	-0.894	-1.004	-1.007	-0.872	-1.007	-1.007	-0.789	-1.007	-0.873	-1.007	-0.943	-0.841	-0.763	-0.996	-0.854	-0.924	-0.856	-0.865	-0.996	-0.872	-0.882	-0.849	-0.807	-1.004	-0.974	-0.849	-0.844	-0.824	-0.824	-0.842	-0.824	-0.844	-1.002	-0.982	-0.959	-0.831	-0.859	-0.865	-0.956	-0.809	-0.826	-0.827	-0.822	-0.809	-0.814	-0.939	-0.794	-0.793	-0.823	-1.001	-0.829	-0.973	-0.795	-0.831	-0.812	-0.807	-0.839	-0.809	-0.709	-0.670	-0.695	-0.840	-0.688	-0.816	-1.003	-0.838	-0.813	-0.840	-0.845	-0.987	-1.008	-1.003	-1.004	-0.849	-0.828	-1.003	-0.840	-0.842	-0.824	-0.824	
rs12437224     -0.926	-0.929	-0.934	-0.934	-0.928	-0.869	-0.868	-0.868	-0.652	-0.888	-0.862	-0.642	-0.908	-0.639	-0.639	-0.638	-0.913	-0.638	-0.515	-0.511	-0.916	-0.548	-1.001	-0.636	-1.000	-1.000	-1.000	-1.000	-0.831	-0.998	-0.994	-0.994	-0.615	-0.996	-0.996	-0.552	-0.999	-0.960	-0.662	-0.996	-0.548	-0.602	-0.422	-0.735	-0.799	-0.766	-0.593	-0.743	-0.875	-0.800	-0.785	-0.797	-0.776	-0.578	-0.800	-0.759	-0.774	-0.765	-0.972	-0.806	-0.751	-0.802	-0.790	-0.904	-0.796	-0.755	-0.798	-0.788	-0.903	-0.738	-0.959	-0.954	-0.957	-0.957	-0.729	-0.907	-0.904	-1.010	-1.010	-0.795	-1.010	-1.007	-0.746	-1.009	-0.909	-0.743	-1.009	-0.743	-0.750	-0.778	-0.875	-0.796	-0.862	-0.948	-0.854	-0.865	-0.874	-0.874	-0.877	-0.808	-0.937	-0.808	-0.810	-0.933	-0.874	-0.874	-0.930	-0.808	-0.896	-1.007	-1.010	-0.874	-1.010	-1.010	-0.793	-1.010	-0.874	-1.010	-0.944	-0.844	-0.766	-0.999	-0.857	-0.926	-0.859	-0.868	-0.999	-0.873	-0.883	-0.851	-0.809	-1.006	-0.976	-0.851	-0.846	-0.825	-0.825	-0.845	-0.825	-0.846	-1.005	-0.984	-0.961	-0.833	-0.861	-0.868	-0.959	-0.810	-0.827	-0.830	-0.823	-0.811	-0.815	-0.941	-0.797	-0.796	-0.824	-1.004	-0.832	-0.974	-0.798	-0.832	-0.814	-0.810	-0.840	-0.812	-0.709	-0.670	-0.696	-0.841	-0.688	-0.819	-1.006	-0.840	-0.814	-0.843	-0.847	-0.989	-1.010	-1.006	-1.007	-0.852	-0.831	-1.006	-0.841	-0.843	-0.826	-0.827	
rs2144835      -0.610	-0.608	-0.603	-0.603	-0.609	-0.545	-0.545	-0.545	-0.398	-0.500	-0.499	-0.519	-0.648	-0.507	-0.508	-0.507	-0.650	-0.507	-0.511	-0.195	-0.651	-0.466	-0.691	-0.400	-0.691	-0.689	-0.689	-0.689	-0.508	-0.681	-0.673	-0.673	-0.462	-0.676	-0.676	-0.467	-0.685	-0.667	-0.451	-0.676	-0.464	-0.451	-0.377	-0.533	-0.482	-0.554	-0.432	-0.562	-0.610	-0.599	-0.556	-0.596	-0.561	-0.419	-0.598	-0.550	-0.580	-0.553	-0.683	-0.480	-0.544	-0.598	-0.559	-0.645	-0.595	-0.547	-0.564	-0.589	-0.645	-0.535	-0.652	-0.650	-0.650	-0.650	-0.528	-0.624	-0.623	-0.709	-0.709	-0.487	-0.708	-0.701	-0.540	-0.707	-0.639	-0.538	-0.708	-0.538	-0.564	-0.485	-0.628	-0.541	-0.623	-0.665	-0.607	-0.613	-0.619	-0.619	-0.621	-0.478	-0.657	-0.478	-0.476	-0.632	-0.619	-0.619	-0.633	-0.478	-0.631	-0.705	-0.711	-0.619	-0.712	-0.712	-0.546	-0.712	-0.619	-0.712	-0.663	-0.614	-0.521	-0.717	-0.621	-0.633	-0.622	-0.626	-0.717	-0.618	-0.624	-0.618	-0.477	-0.713	-0.641	-0.617	-0.615	-0.587	-0.587	-0.615	-0.587	-0.615	-0.715	-0.654	-0.677	-0.608	-0.609	-0.612	-0.651	-0.575	-0.588	-0.607	-0.585	-0.511	-0.580	-0.651	-0.586	-0.585	-0.586	-0.716	-0.607	-0.689	-0.516	-0.591	-0.598	-0.475	-0.597	-0.472	-0.482	-0.454	-0.470	-0.596	-0.464	-0.600	-0.713	-0.612	-0.578	-0.613	-0.615	-0.663	-0.708	-0.714	-0.713	-0.617	-0.603	-0.714	-0.626	-0.597	-0.444	-0.448	
rs11629171     -0.963	-0.965	-0.968	-0.968	-0.964	-0.903	-0.903	-0.903	-0.704	-0.919	-0.898	-0.917	-0.675	-0.914	-0.914	-0.914	-0.676	-0.914	-0.916	-0.651	-0.547	-0.726	-0.941	-0.677	-0.942	-0.943	-0.944	-0.944	-0.890	-0.950	-0.953	-0.953	-0.458	-0.953	-0.953	-0.729	-0.949	-0.926	-0.723	-0.953	-0.725	-0.442	-0.638	-0.633	-0.835	-0.673	-0.441	-0.842	-0.908	-0.888	-0.812	-0.885	-0.747	-0.425	-0.887	-0.728	-0.865	-0.734	-0.904	-0.840	-0.718	-0.888	-0.817	-0.835	-0.883	-0.725	-0.825	-0.876	-0.833	-0.704	-0.933	-0.926	-0.930	-0.930	-0.692	-0.939	-0.936	-1.036	-1.035	-0.832	-1.037	-1.041	-0.713	-1.037	-0.894	-0.711	-1.036	-0.711	-0.845	-0.803	-0.901	-0.881	-0.891	-0.943	-0.901	-0.911	-0.920	-0.920	-0.923	-0.841	-0.930	-0.841	-0.842	-0.966	-0.920	-0.920	-0.963	-0.841	-0.939	-1.040	-1.037	-0.920	-1.034	-1.034	-0.882	-1.034	-0.920	-1.034	-0.941	-0.877	-0.823	-1.031	-0.887	-0.960	-0.889	-0.896	-1.032	-0.919	-0.928	-0.883	-0.841	-1.021	-0.961	-0.882	-0.879	-0.873	-0.873	-0.878	-0.873	-0.879	-1.026	-0.975	-0.961	-0.869	-0.895	-0.900	-0.971	-0.857	-0.874	-0.867	-0.871	-0.876	-0.864	-0.963	-0.840	-0.839	-0.871	-1.028	-0.868	-0.980	-0.847	-0.879	-0.854	-0.842	-0.887	-0.843	-0.769	-0.732	-0.756	-0.887	-0.750	-0.859	-1.023	-0.876	-0.862	-0.878	-0.882	-0.986	-1.038	-1.024	-1.022	-0.885	-0.869	-1.024	-0.890	-0.888	-0.850	-0.851	
rs2144833      -0.710	-0.710	-0.710	-0.710	-0.710	-0.641	-0.641	-0.641	-0.472	-0.573	-0.574	-0.540	-0.723	-0.552	-0.551	-0.552	-0.725	-0.553	-0.548	-0.466	-0.726	-0.277	-0.692	-0.469	-0.693	-0.695	-0.696	-0.696	-0.523	-0.707	-0.717	-0.717	-0.517	-0.714	-0.714	-0.402	-0.704	-0.676	-0.369	-0.712	-0.399	-0.506	-0.375	-0.594	-0.551	-0.617	-0.484	-0.538	-0.578	-0.543	-0.462	-0.520	-0.623	-0.472	-0.520	-0.610	-0.542	-0.614	-0.757	-0.560	-0.603	-0.524	-0.469	-0.719	-0.527	-0.607	-0.479	-0.533	-0.719	-0.593	-0.738	-0.737	-0.737	-0.737	-0.586	-0.627	-0.622	-0.711	-0.713	-0.545	-0.708	-0.690	-0.599	-0.706	-0.741	-0.597	-0.710	-0.597	-0.549	-0.563	-0.676	-0.555	-0.665	-0.757	-0.640	-0.639	-0.637	-0.637	-0.636	-0.564	-0.754	-0.564	-0.567	-0.679	-0.638	-0.638	-0.673	-0.564	-0.633	-0.703	-0.720	-0.638	-0.728	-0.727	-0.547	-0.727	-0.638	-0.727	-0.756	-0.650	-0.592	-0.646	-0.662	-0.668	-0.663	-0.670	-0.643	-0.639	-0.639	-0.657	-0.566	-0.690	-0.753	-0.657	-0.652	-0.642	-0.642	-0.651	-0.642	-0.652	-0.676	-0.750	-0.760	-0.641	-0.657	-0.663	-0.746	-0.640	-0.642	-0.638	-0.641	-0.595	-0.640	-0.733	-0.608	-0.606	-0.641	-0.668	-0.639	-0.761	-0.567	-0.642	-0.624	-0.567	-0.643	-0.571	-0.611	-0.587	-0.603	-0.643	-0.599	-0.628	-0.690	-0.646	-0.640	-0.649	-0.652	-0.748	-0.722	-0.687	-0.694	-0.656	-0.636	-0.687	-0.693	-0.648	-0.597	-0.597	
rs8023023      -1.064	-1.066	-1.070	-1.070	-1.065	-1.004	-1.004	-1.004	-0.774	-1.018	-0.989	-1.003	-0.930	-0.998	-0.999	-0.999	-0.938	-0.998	-1.001	-0.691	-0.941	-0.692	-0.655	-0.738	-0.791	-0.791	-0.790	-0.790	-0.912	-0.782	-0.755	-0.755	-0.555	-0.762	-0.764	-0.695	-0.801	-1.013	-0.770	-0.773	-0.690	-0.539	-0.588	-0.745	-0.919	-0.785	-0.546	-0.860	-0.988	-0.916	-0.880	-0.916	-0.835	-0.530	-0.920	-0.815	-0.889	-0.822	-1.073	-0.927	-0.805	-0.921	-0.885	-0.937	-0.915	-0.810	-0.894	-0.906	-0.936	-0.789	-1.033	-1.024	-1.028	-1.028	-0.777	-1.022	-1.018	-1.149	-1.149	-0.914	-1.149	-1.150	-0.799	-1.149	-1.033	-0.796	-1.148	-0.796	-0.867	-0.902	-0.995	-0.982	-0.982	-1.075	-0.972	-0.983	-0.993	-0.993	-0.997	-0.929	-1.063	-0.929	-0.932	-1.054	-0.994	-0.994	-1.051	-0.929	-1.017	-1.149	-1.149	-0.993	-1.147	-1.148	-0.982	-1.147	-0.994	-1.148	-1.071	-0.964	-0.900	-1.153	-0.977	-1.047	-0.979	-0.988	-1.152	-0.993	-1.004	-0.971	-0.931	-1.153	-1.114	-0.971	-0.966	-0.942	-0.942	-0.965	-0.942	-0.967	-1.153	-1.123	-1.089	-0.954	-0.989	-0.995	-1.088	-0.926	-0.943	-0.951	-0.939	-0.977	-0.931	-1.072	-0.919	-0.917	-0.940	-1.153	-0.952	-1.105	-0.947	-0.948	-0.935	-0.932	-0.958	-0.934	-0.802	-0.762	-0.788	-0.958	-0.779	-0.940	-1.153	-0.961	-0.930	-0.964	-0.969	-1.129	-1.148	-1.153	-1.153	-0.974	-0.954	-1.153	-0.969	-0.961	-0.949	-0.950	
rs8022616      -0.673	-0.676	-0.681	-0.680	-0.674	-0.614	-0.614	-0.614	-0.354	-0.629	-0.613	-0.638	-0.674	-0.635	-0.635	-0.635	-0.676	-0.635	-0.636	-0.400	-0.677	-0.469	-0.738	-0.231	-0.738	-0.739	-0.739	-0.739	-0.611	-0.743	-0.744	-0.745	-0.226	-0.744	-0.745	-0.472	-0.742	-0.712	-0.433	-0.744	-0.468	-0.210	-0.385	-0.381	-0.549	-0.419	-0.205	-0.574	-0.648	-0.620	-0.573	-0.615	-0.587	-0.189	-0.618	-0.576	-0.597	-0.580	-0.659	-0.554	-0.570	-0.618	-0.577	-0.581	-0.614	-0.574	-0.584	-0.607	-0.580	-0.561	-0.669	-0.664	-0.666	-0.666	-0.554	-0.670	-0.668	-0.739	-0.738	-0.546	-0.741	-0.748	-0.567	-0.741	-0.560	-0.564	-0.739	-0.565	-0.576	-0.406	-0.664	-0.596	-0.656	-0.619	-0.591	-0.603	-0.613	-0.613	-0.617	-0.555	-0.603	-0.555	-0.556	-0.687	-0.613	-0.613	-0.686	-0.555	-0.637	-0.749	-0.742	-0.613	-0.737	-0.737	-0.599	-0.737	-0.613	-0.737	-0.613	-0.645	-0.537	-0.744	-0.653	-0.684	-0.654	-0.660	-0.745	-0.612	-0.623	-0.650	-0.556	-0.728	-0.646	-0.649	-0.646	-0.558	-0.558	-0.645	-0.558	-0.646	-0.735	-0.663	-0.640	-0.638	-0.647	-0.651	-0.714	-0.533	-0.559	-0.635	-0.555	-0.575	-0.547	-0.707	-0.610	-0.609	-0.556	-0.738	-0.636	-0.664	-0.548	-0.564	-0.625	-0.556	-0.574	-0.557	-0.451	-0.412	-0.433	-0.574	-0.429	-0.628	-0.730	-0.642	-0.544	-0.644	-0.646	-0.675	-0.743	-0.731	-0.727	-0.649	-0.632	-0.731	-0.579	-0.573	-0.566	-0.568	
rs2180401      -1.064	-1.066	-1.070	-1.070	-1.065	-1.004	-1.003	-1.003	-0.774	-1.017	-0.989	-1.003	-0.930	-0.998	-0.999	-0.998	-0.938	-0.998	-1.000	-0.691	-0.942	-0.693	-0.791	-0.738	-0.655	-0.790	-0.790	-0.790	-0.911	-0.782	-0.756	-0.756	-0.553	-0.763	-0.765	-0.696	-0.801	-1.012	-0.769	-0.773	-0.691	-0.538	-0.589	-0.744	-0.919	-0.784	-0.544	-0.860	-0.987	-0.916	-0.879	-0.916	-0.836	-0.529	-0.920	-0.816	-0.890	-0.822	-1.073	-0.926	-0.806	-0.921	-0.884	-0.936	-0.915	-0.811	-0.894	-0.906	-0.935	-0.790	-1.032	-1.024	-1.027	-1.027	-0.778	-1.021	-1.018	-1.148	-1.148	-0.914	-1.149	-1.149	-0.800	-1.148	-1.033	-0.797	-1.148	-0.797	-0.867	-0.902	-0.995	-0.982	-0.982	-1.075	-0.972	-0.983	-0.993	-0.993	-0.997	-0.929	-1.063	-0.929	-0.931	-1.053	-0.994	-0.994	-1.050	-0.929	-1.017	-1.148	-1.149	-0.993	-1.147	-1.147	-0.982	-1.147	-0.994	-1.147	-1.071	-0.964	-0.900	-1.152	-0.977	-1.046	-0.979	-0.988	-1.152	-0.993	-1.004	-0.972	-0.930	-1.153	-1.113	-0.971	-0.967	-0.942	-0.942	-0.965	-0.942	-0.967	-1.153	-1.122	-1.089	-0.954	-0.989	-0.995	-1.087	-0.926	-0.943	-0.951	-0.939	-0.977	-0.931	-1.072	-0.919	-0.917	-0.940	-1.153	-0.952	-1.105	-0.947	-0.948	-0.935	-0.931	-0.958	-0.934	-0.803	-0.762	-0.789	-0.958	-0.780	-0.940	-1.152	-0.962	-0.931	-0.965	-0.969	-1.129	-1.148	-1.153	-1.152	-0.974	-0.954	-1.153	-0.969	-0.961	-0.949	-0.950	
rs2144832      -1.063	-1.066	-1.070	-1.069	-1.064	-1.003	-1.003	-1.003	-0.774	-1.017	-0.989	-1.003	-0.932	-0.998	-0.998	-0.998	-0.940	-0.998	-1.000	-0.689	-0.943	-0.695	-0.791	-0.739	-0.790	-0.654	-0.790	-0.790	-0.909	-0.783	-0.759	-0.759	-0.549	-0.766	-0.767	-0.698	-0.800	-1.011	-0.768	-0.775	-0.693	-0.534	-0.592	-0.741	-0.918	-0.782	-0.541	-0.862	-0.986	-0.917	-0.877	-0.917	-0.837	-0.525	-0.921	-0.817	-0.891	-0.824	-1.072	-0.925	-0.807	-0.922	-0.883	-0.934	-0.916	-0.812	-0.892	-0.907	-0.933	-0.792	-1.031	-1.022	-1.026	-1.026	-0.780	-1.020	-1.017	-1.148	-1.148	-0.913	-1.148	-1.149	-0.801	-1.148	-1.032	-0.798	-1.147	-0.799	-0.869	-0.901	-0.996	-0.981	-0.982	-1.074	-0.972	-0.984	-0.993	-0.994	-0.997	-0.928	-1.062	-0.928	-0.931	-1.052	-0.994	-0.994	-1.049	-0.928	-1.017	-1.148	-1.148	-0.993	-1.147	-1.147	-0.981	-1.147	-0.994	-1.147	-1.070	-0.964	-0.900	-1.152	-0.978	-1.046	-0.979	-0.988	-1.152	-0.993	-1.004	-0.972	-0.930	-1.152	-1.113	-0.971	-0.967	-0.942	-0.942	-0.966	-0.942	-0.967	-1.152	-1.122	-1.088	-0.954	-0.989	-0.995	-1.087	-0.927	-0.943	-0.951	-0.939	-0.976	-0.931	-1.072	-0.919	-0.918	-0.940	-1.152	-0.953	-1.104	-0.946	-0.949	-0.936	-0.931	-0.958	-0.933	-0.804	-0.763	-0.790	-0.958	-0.781	-0.941	-1.152	-0.962	-0.931	-0.965	-0.969	-1.129	-1.148	-1.152	-1.152	-0.974	-0.954	-1.152	-0.968	-0.961	-0.948	-0.949	
rs1950661      -1.063	-1.065	-1.069	-1.069	-1.064	-1.003	-1.003	-1.003	-0.774	-1.016	-0.989	-1.003	-0.932	-0.998	-0.998	-0.998	-0.940	-0.998	-1.000	-0.689	-0.944	-0.696	-0.790	-0.739	-0.790	-0.790	-0.654	-0.790	-0.909	-0.783	-0.760	-0.760	-0.548	-0.766	-0.768	-0.699	-0.800	-1.010	-0.767	-0.776	-0.694	-0.532	-0.593	-0.740	-0.917	-0.781	-0.539	-0.862	-0.985	-0.918	-0.876	-0.918	-0.838	-0.524	-0.921	-0.818	-0.891	-0.824	-1.071	-0.925	-0.808	-0.922	-0.882	-0.933	-0.916	-0.813	-0.891	-0.908	-0.932	-0.792	-1.030	-1.022	-1.025	-1.025	-0.780	-1.020	-1.016	-1.147	-1.147	-0.913	-1.148	-1.148	-0.802	-1.148	-1.031	-0.799	-1.147	-0.799	-0.869	-0.901	-0.996	-0.981	-0.983	-1.073	-0.972	-0.984	-0.993	-0.994	-0.997	-0.928	-1.062	-0.928	-0.930	-1.052	-0.994	-0.994	-1.049	-0.928	-1.017	-1.148	-1.148	-0.993	-1.146	-1.146	-0.981	-1.146	-0.994	-1.146	-1.070	-0.964	-0.900	-1.152	-0.978	-1.045	-0.980	-0.988	-1.151	-0.993	-1.004	-0.972	-0.929	-1.152	-1.113	-0.971	-0.967	-0.942	-0.942	-0.966	-0.942	-0.967	-1.152	-1.122	-1.088	-0.955	-0.989	-0.995	-1.087	-0.927	-0.943	-0.951	-0.939	-0.976	-0.931	-1.072	-0.920	-0.918	-0.940	-1.152	-0.953	-1.104	-0.946	-0.949	-0.936	-0.930	-0.958	-0.933	-0.804	-0.764	-0.790	-0.958	-0.781	-0.941	-1.151	-0.962	-0.931	-0.965	-0.969	-1.128	-1.147	-1.152	-1.151	-0.974	-0.954	-1.152	-0.968	-0.961	-0.948	-0.949	
rs1950660      -1.063	-1.065	-1.069	-1.069	-1.064	-1.003	-1.003	-1.003	-0.774	-1.016	-0.989	-1.003	-0.932	-0.998	-0.998	-0.998	-0.940	-0.998	-1.000	-0.689	-0.944	-0.696	-0.790	-0.739	-0.790	-0.790	-0.790	-0.654	-0.909	-0.783	-0.760	-0.760	-0.548	-0.766	-0.768	-0.699	-0.800	-1.010	-0.767	-0.776	-0.694	-0.532	-0.593	-0.740	-0.917	-0.781	-0.539	-0.862	-0.985	-0.918	-0.876	-0.918	-0.838	-0.524	-0.921	-0.818	-0.891	-0.824	-1.071	-0.925	-0.808	-0.922	-0.882	-0.933	-0.916	-0.813	-0.891	-0.908	-0.932	-0.792	-1.030	-1.022	-1.025	-1.025	-0.780	-1.020	-1.016	-1.147	-1.147	-0.912	-1.148	-1.148	-0.802	-1.148	-1.031	-0.799	-1.147	-0.799	-0.869	-0.901	-0.996	-0.981	-0.983	-1.073	-0.972	-0.984	-0.993	-0.994	-0.997	-0.928	-1.062	-0.928	-0.930	-1.052	-0.994	-0.994	-1.049	-0.928	-1.017	-1.148	-1.148	-0.993	-1.146	-1.146	-0.981	-1.146	-0.994	-1.146	-1.070	-0.965	-0.900	-1.152	-0.978	-1.045	-0.980	-0.988	-1.151	-0.993	-1.004	-0.972	-0.929	-1.152	-1.113	-0.971	-0.967	-0.942	-0.942	-0.966	-0.942	-0.967	-1.152	-1.122	-1.088	-0.955	-0.989	-0.995	-1.087	-0.927	-0.943	-0.951	-0.939	-0.976	-0.931	-1.072	-0.920	-0.918	-0.940	-1.152	-0.953	-1.104	-0.946	-0.949	-0.936	-0.930	-0.958	-0.933	-0.804	-0.764	-0.790	-0.958	-0.781	-0.941	-1.151	-0.962	-0.931	-0.965	-0.969	-1.128	-1.147	-1.152	-1.151	-0.974	-0.954	-1.152	-0.968	-0.961	-0.948	-0.949	
rs11622665     -0.896	-0.898	-0.902	-0.901	-0.897	-0.835	-0.834	-0.834	-0.622	-0.848	-0.817	-0.835	-0.882	-0.828	-0.829	-0.829	-0.888	-0.828	-0.831	-0.508	-0.890	-0.523	-0.912	-0.611	-0.911	-0.909	-0.909	-0.909	-0.474	-0.898	-0.887	-0.887	-0.605	-0.890	-0.890	-0.525	-0.903	-0.924	-0.631	-0.891	-0.521	-0.592	-0.420	-0.717	-0.729	-0.746	-0.581	-0.679	-0.857	-0.738	-0.787	-0.737	-0.756	-0.566	-0.741	-0.739	-0.710	-0.745	-0.924	-0.731	-0.731	-0.742	-0.791	-0.877	-0.736	-0.736	-0.797	-0.726	-0.876	-0.719	-0.924	-0.920	-0.922	-0.922	-0.710	-0.875	-0.874	-0.983	-0.983	-0.731	-0.984	-0.984	-0.727	-0.983	-0.853	-0.723	-0.982	-0.724	-0.685	-0.743	-0.858	-0.815	-0.847	-0.897	-0.772	-0.785	-0.796	-0.796	-0.801	-0.732	-0.886	-0.732	-0.731	-0.891	-0.797	-0.797	-0.891	-0.732	-0.823	-0.984	-0.984	-0.796	-0.983	-0.983	-0.816	-0.983	-0.797	-0.983	-0.894	-0.831	-0.714	-0.961	-0.843	-0.890	-0.845	-0.852	-0.961	-0.796	-0.808	-0.838	-0.732	-0.952	-0.861	-0.837	-0.833	-0.737	-0.737	-0.832	-0.737	-0.833	-0.956	-0.876	-0.913	-0.822	-0.845	-0.850	-0.928	-0.716	-0.738	-0.819	-0.734	-0.801	-0.724	-0.915	-0.790	-0.789	-0.735	-0.958	-0.821	-0.930	-0.779	-0.744	-0.805	-0.731	-0.755	-0.730	-0.584	-0.546	-0.567	-0.755	-0.559	-0.810	-0.953	-0.828	-0.724	-0.831	-0.834	-0.890	-0.984	-0.954	-0.952	-0.839	-0.819	-0.955	-0.815	-0.759	-0.716	-0.720	
