## Summary of overall evidence for association with region:
## log10(BF for region) = -0.67052
## p-value for region = NA

## BFs for choosing among multi-SNP models:
## log10(average 1-SNP BF) = -0.584493
## log10(average 2-SNP BF) = -0.920883

## Example posterior probabilities for multi-SNP models, based on default prior: [p(l) propto 0.5^l for l=1,2,...,L]
## posterior probability of 1-SNP = 0.81271
## posterior probability of 2-SNP = 0.18729

## log10(BF) for single SNP and pair of SNPs:
rs2326787      -0.533	-0.874	-0.906	-0.938	-0.666	-0.657	-0.810	-0.682	-0.772	-0.897	-0.707	-0.705	-0.706	-0.689	-0.705	-0.705	-0.705	-0.705	-0.696	-0.705	-0.705	-0.705	-0.697	-0.815	-0.697	-0.708	-0.700	-0.707	-0.785	-0.779	-0.700	-0.699	-0.690	-0.898	-0.897	-0.918	-0.874	-0.899	-0.899	-0.899	-0.899	-0.900	-0.899	-0.947	-0.950	-0.958	-0.928	-0.898	-0.958	-0.970	-0.971	-0.958	-0.929	-0.957	-0.959	-0.899	-0.899	-1.020	-0.851	-0.993	-1.010	-1.010	-1.026	-0.937	-1.026	-0.867	-1.027	-1.026	-0.869	-1.026	-1.026	-1.026	-1.025	-0.876	-1.025	-1.025	-1.025	-1.025	-1.025	-1.025	-1.025	-1.024	-0.887	-0.880	-0.881	-0.881	-1.025	-0.882	-1.025	-1.025	-1.025	-1.025	-1.024	-1.025	-1.024	-1.025	-1.023	-1.024	-1.024	-0.886	-1.024	-0.888	-0.903	-1.024	-1.028	-0.906	-0.904	-1.028	-1.028	-0.899	-0.894	-0.919	-1.026	-0.894	-1.024	-0.903	-1.023	-0.903	-0.904	-1.021	-0.904	-1.023	-0.899	-0.902	-0.902	-1.026	-0.901	-1.002	-0.872	-0.886	-0.985	-0.887	-0.888	-0.890	-0.892	-0.900	-0.901	-0.909	-0.909	-0.912	-0.914	-0.913	-0.914	-0.915	-0.918	-0.908	-0.920	-0.929	-0.932	-0.932	-1.019	-1.019	-1.019	-0.939	-0.934	-0.935	-0.933	-0.928	-0.933	-0.932	-0.932	-0.932	-1.015	-1.018	-0.839	-0.841	-1.029	-1.026	-0.976	-0.839	-0.989	-1.014	-1.010	-0.857	-1.004	-0.800	-1.020	-0.976	-1.031	-1.033	-1.031	-1.026	-1.027	-1.029	-0.789	
rs6054290      -0.874	-0.490	-0.904	-0.918	-0.877	-0.818	-0.690	-0.884	-0.741	-0.820	-0.879	-0.874	-0.907	-0.869	-0.874	-0.873	-0.873	-0.873	-0.881	-0.873	-0.873	-0.873	-0.890	-0.723	-0.881	-0.875	-0.865	-0.874	-0.687	-0.681	-0.863	-0.862	-0.853	-0.923	-0.920	-0.854	-0.809	-0.927	-0.926	-0.928	-0.925	-0.928	-0.927	-0.887	-0.890	-0.902	-0.865	-0.923	-0.902	-0.985	-0.973	-0.903	-0.866	-0.901	-0.903	-0.922	-0.922	-0.990	-0.928	-0.961	-0.964	-0.964	-0.992	-0.965	-0.983	-0.933	-0.985	-0.983	-0.934	-0.983	-0.983	-0.988	-0.982	-0.936	-0.981	-0.981	-0.981	-0.981	-0.981	-0.981	-0.981	-0.980	-0.939	-0.937	-0.937	-0.937	-0.980	-0.938	-0.980	-0.980	-0.980	-0.980	-0.980	-0.981	-0.980	-0.980	-0.978	-0.980	-0.980	-0.939	-0.980	-0.939	-0.941	-0.979	-0.990	-0.942	-0.942	-0.991	-0.991	-0.941	-0.936	-0.933	-0.984	-0.936	-0.984	-0.938	-0.996	-0.938	-0.938	-0.989	-0.938	-0.978	-0.937	-0.937	-0.937	-0.984	-0.936	-0.979	-0.928	-0.932	-0.966	-0.929	-0.929	-0.930	-0.930	-0.932	-0.933	-0.934	-0.934	-0.935	-0.935	-0.935	-0.935	-0.935	-0.935	-0.934	-0.935	-0.927	-0.926	-0.925	-0.993	-0.993	-0.993	-0.915	-0.927	-0.929	-0.926	-0.932	-0.927	-0.928	-0.928	-0.928	-0.991	-0.993	-0.815	-0.798	-0.990	-0.987	-0.935	-0.797	-0.948	-0.974	-0.970	-0.814	-0.964	-0.760	-0.981	-0.934	-0.992	-0.994	-0.992	-0.987	-0.988	-0.990	-0.749	
rs6054291      -0.906	-0.904	-0.602	-0.889	-0.908	-0.861	-0.844	-0.916	-0.837	-0.901	-0.914	-0.910	-0.935	-0.904	-0.910	-0.910	-0.909	-0.909	-0.914	-0.909	-0.909	-0.909	-0.922	-0.805	-0.914	-0.911	-0.902	-0.910	-0.787	-0.781	-0.901	-0.900	-0.891	-1.009	-1.007	-0.965	-0.929	-1.012	-1.011	-1.012	-1.010	-1.012	-1.011	-0.993	-0.996	-1.006	-0.975	-1.009	-1.006	-1.027	-1.030	-1.006	-0.975	-1.005	-1.007	-1.008	-1.008	-1.074	-0.986	-1.042	-1.067	-1.067	-1.081	-0.996	-1.082	-0.996	-1.083	-1.082	-0.996	-1.082	-1.082	-1.079	-1.082	-1.001	-1.081	-1.081	-1.081	-1.081	-1.081	-1.081	-1.081	-1.081	-1.008	-1.003	-1.004	-1.004	-1.081	-1.005	-1.081	-1.081	-1.081	-1.081	-1.081	-1.081	-1.081	-1.081	-1.080	-1.081	-1.081	-1.007	-1.081	-1.008	-1.016	-1.080	-1.084	-1.017	-1.016	-1.084	-1.084	-1.014	-1.008	-1.018	-1.083	-1.008	-1.081	-1.013	-1.096	-1.013	-1.013	-1.076	-1.013	-1.080	-1.010	-1.012	-1.012	-1.082	-1.011	-1.055	-0.993	-1.002	-1.036	-1.001	-1.001	-1.002	-1.003	-1.008	-1.009	-1.013	-1.013	-1.015	-1.016	-1.015	-1.016	-1.017	-1.018	-1.013	-1.019	-1.019	-1.019	-1.019	-1.083	-1.084	-1.083	-1.018	-1.021	-1.022	-1.020	-1.020	-1.021	-1.021	-1.021	-1.021	-1.079	-1.083	-0.897	-0.905	-1.094	-1.091	-1.040	-0.904	-1.053	-1.078	-1.074	-0.921	-1.069	-0.866	-1.085	-1.040	-1.097	-1.098	-1.096	-1.092	-1.092	-1.094	-0.855	
rs6085568      -0.938	-0.918	-0.889	-0.610	-0.940	-0.895	-0.855	-0.947	-0.855	-0.941	-0.943	-0.939	-0.964	-0.936	-0.939	-0.939	-0.939	-0.939	-0.946	-0.938	-0.938	-0.938	-0.952	-0.853	-0.946	-0.941	-0.932	-0.940	-0.770	-0.763	-0.930	-0.929	-0.923	-1.026	-1.024	-0.965	-0.906	-1.029	-1.028	-1.029	-1.028	-1.030	-1.029	-0.993	-0.996	-1.006	-0.975	-1.026	-1.006	-1.005	-1.013	-1.006	-0.976	-1.005	-1.007	-1.026	-1.026	-1.071	-1.005	-1.031	-1.068	-1.068	-1.079	-0.965	-1.083	-1.014	-1.084	-1.083	-1.015	-1.083	-1.083	-1.078	-1.083	-1.019	-1.082	-1.082	-1.082	-1.082	-1.082	-1.082	-1.082	-1.082	-1.025	-1.021	-1.021	-1.021	-1.082	-1.022	-1.082	-1.082	-1.082	-1.082	-1.082	-1.082	-1.082	-1.082	-1.081	-1.082	-1.082	-1.024	-1.082	-1.025	-1.032	-1.082	-1.083	-1.033	-1.032	-1.083	-1.083	-1.030	-1.024	-1.032	-1.084	-1.024	-1.081	-1.028	-1.107	-1.029	-1.029	-1.074	-1.029	-1.082	-1.026	-1.028	-1.028	-1.084	-1.027	-1.051	-1.010	-1.018	-1.031	-1.017	-1.017	-1.018	-1.019	-1.023	-1.024	-1.028	-1.028	-1.029	-1.030	-1.030	-1.030	-1.031	-1.032	-1.027	-1.033	-1.032	-1.032	-1.031	-1.084	-1.084	-1.084	-1.028	-1.033	-1.034	-1.032	-1.033	-1.033	-1.033	-1.033	-1.033	-1.079	-1.083	-0.887	-0.913	-1.101	-1.099	-1.048	-0.911	-1.061	-1.086	-1.082	-0.929	-1.076	-0.873	-1.093	-1.048	-1.104	-1.105	-1.104	-1.099	-1.100	-1.102	-0.862	
rs6085569      -0.666	-0.877	-0.908	-0.940	-0.536	-0.651	-0.813	-0.681	-0.775	-0.898	-0.705	-0.703	-0.707	-0.685	-0.703	-0.703	-0.703	-0.702	-0.694	-0.702	-0.702	-0.702	-0.696	-0.816	-0.694	-0.706	-0.696	-0.704	-0.786	-0.780	-0.696	-0.696	-0.686	-0.900	-0.899	-0.919	-0.876	-0.902	-0.901	-0.902	-0.901	-0.902	-0.901	-0.949	-0.952	-0.960	-0.930	-0.901	-0.960	-0.973	-0.974	-0.960	-0.931	-0.959	-0.961	-0.901	-0.901	-1.023	-0.854	-0.996	-1.013	-1.013	-1.029	-0.940	-1.029	-0.871	-1.029	-1.029	-0.872	-1.029	-1.028	-1.029	-1.028	-0.879	-1.028	-1.028	-1.028	-1.028	-1.028	-1.028	-1.028	-1.027	-0.891	-0.883	-0.884	-0.884	-1.027	-0.886	-1.027	-1.027	-1.027	-1.027	-1.027	-1.028	-1.027	-1.027	-1.026	-1.027	-1.027	-0.890	-1.027	-0.892	-0.906	-1.026	-1.031	-0.909	-0.907	-1.031	-1.031	-0.902	-0.897	-0.922	-1.029	-0.897	-1.027	-0.906	-1.026	-0.907	-0.907	-1.024	-0.907	-1.026	-0.902	-0.905	-0.905	-1.029	-0.904	-1.005	-0.876	-0.889	-0.988	-0.891	-0.891	-0.893	-0.895	-0.904	-0.904	-0.912	-0.912	-0.915	-0.917	-0.916	-0.917	-0.918	-0.921	-0.912	-0.923	-0.932	-0.934	-0.935	-1.022	-1.022	-1.022	-0.941	-0.937	-0.937	-0.936	-0.931	-0.936	-0.935	-0.935	-0.935	-1.018	-1.021	-0.842	-0.843	-1.032	-1.029	-0.979	-0.842	-0.992	-1.016	-1.012	-0.859	-1.007	-0.803	-1.023	-0.979	-1.034	-1.035	-1.034	-1.029	-1.030	-1.032	-0.791	
rs6054292      -0.657	-0.818	-0.861	-0.895	-0.651	-0.476	-0.757	-0.632	-0.722	-0.872	-0.666	-0.672	-0.616	-0.664	-0.673	-0.673	-0.673	-0.673	-0.651	-0.674	-0.674	-0.674	-0.637	-0.796	-0.651	-0.673	-0.680	-0.673	-0.766	-0.761	-0.679	-0.680	-0.681	-0.848	-0.849	-0.881	-0.821	-0.847	-0.848	-0.847	-0.848	-0.847	-0.848	-0.906	-0.909	-0.917	-0.891	-0.849	-0.918	-0.911	-0.919	-0.918	-0.891	-0.917	-0.918	-0.849	-0.849	-0.966	-0.769	-0.941	-0.959	-0.959	-0.973	-0.868	-0.972	-0.788	-0.973	-0.972	-0.790	-0.972	-0.972	-0.970	-0.972	-0.799	-0.972	-0.972	-0.972	-0.972	-0.972	-0.972	-0.972	-0.971	-0.813	-0.804	-0.805	-0.805	-0.971	-0.807	-0.971	-0.971	-0.971	-0.971	-0.971	-0.972	-0.971	-0.972	-0.971	-0.971	-0.971	-0.812	-0.971	-0.815	-0.833	-0.971	-0.975	-0.837	-0.834	-0.975	-0.975	-0.828	-0.822	-0.856	-0.973	-0.822	-0.969	-0.833	-0.969	-0.834	-0.834	-0.967	-0.834	-0.971	-0.828	-0.832	-0.832	-0.972	-0.831	-0.939	-0.796	-0.812	-0.919	-0.815	-0.815	-0.818	-0.820	-0.831	-0.832	-0.841	-0.842	-0.845	-0.848	-0.846	-0.848	-0.849	-0.853	-0.841	-0.855	-0.872	-0.875	-0.877	-0.964	-0.965	-0.964	-0.882	-0.878	-0.878	-0.877	-0.867	-0.876	-0.875	-0.875	-0.875	-0.959	-0.963	-0.785	-0.789	-0.975	-0.972	-0.923	-0.787	-0.936	-0.960	-0.956	-0.805	-0.950	-0.745	-0.966	-0.923	-0.977	-0.979	-0.977	-0.972	-0.973	-0.975	-0.734	
rs6085570      -0.810	-0.690	-0.844	-0.855	-0.813	-0.757	-0.411	-0.820	-0.669	-0.749	-0.815	-0.810	-0.842	-0.805	-0.810	-0.810	-0.810	-0.809	-0.817	-0.809	-0.809	-0.809	-0.825	-0.652	-0.817	-0.812	-0.802	-0.811	-0.615	-0.609	-0.800	-0.799	-0.790	-0.859	-0.856	-0.772	-0.734	-0.863	-0.861	-0.863	-0.861	-0.864	-0.862	-0.810	-0.814	-0.823	-0.785	-0.859	-0.824	-0.912	-0.896	-0.824	-0.786	-0.823	-0.825	-0.858	-0.858	-0.920	-0.858	-0.890	-0.890	-0.890	-0.921	-0.895	-0.910	-0.863	-0.912	-0.909	-0.864	-0.909	-0.909	-0.918	-0.908	-0.866	-0.908	-0.907	-0.907	-0.907	-0.907	-0.907	-0.907	-0.906	-0.870	-0.868	-0.868	-0.868	-0.906	-0.868	-0.906	-0.906	-0.906	-0.906	-0.906	-0.907	-0.906	-0.907	-0.904	-0.906	-0.906	-0.869	-0.906	-0.870	-0.873	-0.905	-0.918	-0.873	-0.873	-0.918	-0.918	-0.872	-0.867	-0.865	-0.911	-0.867	-0.911	-0.869	-0.926	-0.869	-0.869	-0.918	-0.869	-0.904	-0.867	-0.868	-0.868	-0.911	-0.867	-0.910	-0.858	-0.863	-0.899	-0.860	-0.860	-0.860	-0.861	-0.863	-0.863	-0.865	-0.865	-0.866	-0.866	-0.866	-0.866	-0.866	-0.866	-0.864	-0.867	-0.859	-0.858	-0.857	-0.922	-0.922	-0.921	-0.848	-0.859	-0.861	-0.858	-0.863	-0.859	-0.860	-0.860	-0.860	-0.920	-0.922	-0.749	-0.728	-0.920	-0.917	-0.863	-0.726	-0.876	-0.903	-0.898	-0.744	-0.893	-0.688	-0.911	-0.862	-0.922	-0.924	-0.922	-0.917	-0.918	-0.920	-0.677	
rs6117281      -0.682	-0.884	-0.916	-0.947	-0.681	-0.632	-0.820	-0.544	-0.782	-0.901	-0.698	-0.694	-0.711	-0.665	-0.694	-0.694	-0.693	-0.693	-0.685	-0.693	-0.693	-0.693	-0.692	-0.817	-0.686	-0.698	-0.684	-0.696	-0.787	-0.781	-0.684	-0.684	-0.671	-0.905	-0.904	-0.924	-0.884	-0.907	-0.906	-0.907	-0.906	-0.907	-0.907	-0.954	-0.957	-0.965	-0.935	-0.905	-0.965	-0.980	-0.980	-0.965	-0.935	-0.964	-0.965	-0.905	-0.905	-1.031	-0.864	-1.003	-1.019	-1.019	-1.036	-0.949	-1.036	-0.880	-1.036	-1.035	-0.882	-1.035	-1.035	-1.036	-1.035	-0.889	-1.035	-1.035	-1.035	-1.035	-1.035	-1.034	-1.034	-1.034	-0.900	-0.892	-0.893	-0.894	-1.034	-0.895	-1.034	-1.034	-1.034	-1.034	-1.034	-1.034	-1.034	-1.034	-1.033	-1.034	-1.034	-0.899	-1.034	-0.901	-0.915	-1.033	-1.038	-0.918	-0.916	-1.038	-1.038	-0.911	-0.906	-0.929	-1.036	-0.906	-1.034	-0.915	-1.033	-0.915	-0.915	-1.031	-0.915	-1.033	-0.911	-0.914	-0.914	-1.036	-0.913	-1.012	-0.885	-0.898	-0.996	-0.900	-0.901	-0.902	-0.904	-0.912	-0.913	-0.921	-0.921	-0.924	-0.926	-0.925	-0.925	-0.927	-0.929	-0.920	-0.931	-0.939	-0.941	-0.942	-1.030	-1.030	-1.030	-0.947	-0.944	-0.945	-0.943	-0.939	-0.943	-0.942	-0.943	-0.942	-1.025	-1.029	-0.850	-0.851	-1.039	-1.036	-0.986	-0.849	-0.999	-1.024	-1.020	-0.867	-1.014	-0.810	-1.030	-0.986	-1.042	-1.043	-1.041	-1.036	-1.037	-1.039	-0.799	
rs979548       -0.772	-0.741	-0.837	-0.855	-0.775	-0.722	-0.669	-0.782	-0.379	-0.721	-0.776	-0.772	-0.807	-0.766	-0.771	-0.771	-0.771	-0.770	-0.779	-0.770	-0.770	-0.770	-0.788	-0.637	-0.779	-0.773	-0.762	-0.772	-0.625	-0.620	-0.760	-0.759	-0.750	-0.823	-0.820	-0.765	-0.695	-0.828	-0.826	-0.828	-0.826	-0.829	-0.827	-0.800	-0.803	-0.813	-0.778	-0.823	-0.813	-0.888	-0.877	-0.813	-0.778	-0.812	-0.814	-0.823	-0.823	-0.896	-0.835	-0.868	-0.872	-0.872	-0.898	-0.860	-0.890	-0.840	-0.891	-0.889	-0.840	-0.889	-0.889	-0.894	-0.888	-0.842	-0.888	-0.888	-0.888	-0.888	-0.888	-0.887	-0.887	-0.887	-0.844	-0.843	-0.843	-0.843	-0.887	-0.843	-0.887	-0.887	-0.887	-0.887	-0.887	-0.887	-0.886	-0.887	-0.885	-0.886	-0.886	-0.844	-0.887	-0.844	-0.846	-0.886	-0.897	-0.846	-0.846	-0.897	-0.897	-0.846	-0.841	-0.836	-0.890	-0.841	-0.889	-0.842	-0.893	-0.842	-0.842	-0.895	-0.842	-0.886	-0.841	-0.842	-0.842	-0.891	-0.841	-0.879	-0.834	-0.838	-0.865	-0.835	-0.835	-0.835	-0.835	-0.837	-0.837	-0.838	-0.838	-0.839	-0.839	-0.839	-0.839	-0.839	-0.839	-0.838	-0.839	-0.829	-0.828	-0.826	-0.894	-0.894	-0.894	-0.818	-0.829	-0.830	-0.828	-0.834	-0.829	-0.830	-0.830	-0.830	-0.891	-0.894	-0.706	-0.700	-0.892	-0.890	-0.837	-0.699	-0.851	-0.876	-0.872	-0.716	-0.867	-0.660	-0.884	-0.837	-0.895	-0.896	-0.895	-0.890	-0.891	-0.893	-0.649	
rs6054293      -0.897	-0.820	-0.901	-0.941	-0.898	-0.872	-0.749	-0.901	-0.721	-0.502	-0.900	-0.898	-0.907	-0.896	-0.898	-0.898	-0.898	-0.898	-0.901	-0.898	-0.898	-0.898	-0.904	-0.591	-0.901	-0.899	-0.894	-0.898	-0.671	-0.664	-0.892	-0.892	-0.887	-0.949	-0.947	-0.874	-0.839	-0.951	-0.950	-0.951	-0.950	-0.951	-0.951	-0.882	-0.883	-0.889	-0.879	-0.949	-0.889	-0.984	-0.984	-0.889	-0.879	-0.889	-0.889	-0.948	-0.948	-0.858	-0.914	-0.973	-0.921	-0.921	-0.885	-0.944	-0.923	-0.922	-0.922	-0.925	-0.923	-0.925	-0.925	-0.893	-0.926	-0.927	-0.927	-0.927	-0.927	-0.927	-0.927	-0.928	-0.927	-0.929	-0.933	-0.929	-0.929	-0.930	-0.928	-0.930	-0.928	-0.928	-0.928	-0.928	-0.929	-0.928	-0.929	-0.928	-0.931	-0.929	-0.929	-0.932	-0.929	-0.933	-0.940	-0.931	-0.903	-0.942	-0.941	-0.903	-0.902	-0.938	-0.932	-0.939	-0.925	-0.932	-0.919	-0.936	-0.922	-0.936	-0.936	-0.877	-0.936	-0.931	-0.934	-0.935	-0.935	-0.922	-0.934	-0.821	-0.918	-0.926	-0.782	-0.924	-0.924	-0.925	-0.926	-0.930	-0.931	-0.934	-0.935	-0.936	-0.937	-0.936	-0.937	-0.937	-0.938	-0.934	-0.939	-0.938	-0.938	-0.938	-0.930	-0.930	-0.929	-0.934	-0.940	-0.941	-0.938	-0.939	-0.939	-0.939	-0.939	-0.939	-0.921	-0.928	-0.693	-0.807	-0.996	-0.991	-0.948	-0.806	-0.960	-0.983	-0.980	-0.823	-0.975	-0.768	-0.984	-0.948	-0.998	-0.999	-0.997	-0.991	-0.991	-0.993	-0.757	
rs6038517      -0.707	-0.879	-0.914	-0.943	-0.705	-0.666	-0.815	-0.698	-0.776	-0.900	-0.538	-0.663	-0.653	-0.683	-0.663	-0.662	-0.662	-0.662	-0.690	-0.662	-0.662	-0.662	-0.692	-0.819	-0.690	-0.667	-0.653	-0.665	-0.787	-0.782	-0.659	-0.659	-0.686	-0.902	-0.901	-0.922	-0.878	-0.903	-0.903	-0.903	-0.903	-0.903	-0.903	-0.951	-0.954	-0.962	-0.933	-0.902	-0.962	-0.973	-0.976	-0.962	-0.933	-0.961	-0.963	-0.902	-0.902	-1.025	-0.855	-0.998	-1.015	-1.015	-1.031	-0.942	-1.031	-0.871	-1.031	-1.031	-0.873	-1.030	-1.030	-1.031	-1.030	-0.880	-1.030	-1.030	-1.030	-1.030	-1.030	-1.030	-1.029	-1.029	-0.892	-0.884	-0.885	-0.885	-1.029	-0.887	-1.029	-1.029	-1.029	-1.029	-1.029	-1.029	-1.029	-1.029	-1.028	-1.029	-1.029	-0.891	-1.029	-0.893	-0.907	-1.028	-1.033	-0.911	-0.908	-1.033	-1.033	-0.903	-0.898	-0.923	-1.031	-0.898	-1.029	-0.907	-1.027	-0.908	-0.908	-1.026	-0.908	-1.028	-0.903	-0.906	-0.906	-1.031	-0.905	-1.006	-0.877	-0.890	-0.989	-0.892	-0.893	-0.895	-0.896	-0.905	-0.906	-0.913	-0.914	-0.917	-0.919	-0.918	-0.919	-0.920	-0.922	-0.913	-0.924	-0.934	-0.936	-0.937	-1.024	-1.024	-1.024	-0.943	-0.939	-0.939	-0.938	-0.933	-0.938	-0.937	-0.937	-0.937	-1.020	-1.023	-0.844	-0.845	-1.034	-1.031	-0.981	-0.844	-0.994	-1.018	-1.014	-0.861	-1.009	-0.805	-1.025	-0.981	-1.036	-1.037	-1.036	-1.031	-1.032	-1.034	-0.793	
rs6054295      -0.705	-0.874	-0.910	-0.939	-0.703	-0.672	-0.810	-0.694	-0.772	-0.898	-0.663	-0.534	-0.633	-0.682	-0.661	-0.661	-0.661	-0.661	-0.685	-0.661	-0.661	-0.660	-0.684	-0.818	-0.686	-0.665	-0.655	-0.663	-0.786	-0.781	-0.660	-0.661	-0.687	-0.897	-0.897	-0.919	-0.874	-0.898	-0.898	-0.899	-0.899	-0.899	-0.898	-0.948	-0.951	-0.959	-0.930	-0.898	-0.959	-0.968	-0.972	-0.959	-0.930	-0.958	-0.960	-0.898	-0.898	-1.020	-0.847	-0.994	-1.010	-1.010	-1.026	-0.935	-1.026	-0.864	-1.027	-1.026	-0.866	-1.026	-1.026	-1.026	-1.026	-0.873	-1.025	-1.025	-1.025	-1.025	-1.025	-1.025	-1.025	-1.025	-0.885	-0.877	-0.878	-0.878	-1.025	-0.880	-1.025	-1.025	-1.025	-1.025	-1.025	-1.025	-1.025	-1.025	-1.023	-1.025	-1.025	-0.884	-1.025	-0.886	-0.901	-1.024	-1.028	-0.904	-0.902	-1.028	-1.028	-0.897	-0.892	-0.917	-1.027	-0.892	-1.024	-0.901	-1.023	-0.902	-0.902	-1.021	-0.902	-1.024	-0.896	-0.900	-0.900	-1.026	-0.899	-1.001	-0.870	-0.883	-0.984	-0.885	-0.886	-0.888	-0.890	-0.899	-0.900	-0.907	-0.908	-0.911	-0.913	-0.912	-0.913	-0.914	-0.917	-0.907	-0.919	-0.929	-0.931	-0.932	-1.019	-1.019	-1.019	-0.939	-0.934	-0.934	-0.933	-0.928	-0.933	-0.932	-0.932	-0.932	-1.015	-1.018	-0.839	-0.841	-1.029	-1.026	-0.976	-0.839	-0.989	-1.014	-1.010	-0.857	-1.004	-0.800	-1.020	-0.976	-1.032	-1.033	-1.031	-1.026	-1.027	-1.029	-0.789	
rs6054296      -0.706	-0.907	-0.935	-0.964	-0.707	-0.616	-0.842	-0.711	-0.807	-0.907	-0.653	-0.633	-0.568	-0.661	-0.631	-0.630	-0.629	-0.628	-0.691	-0.627	-0.627	-0.626	-0.711	-0.818	-0.691	-0.643	-0.595	-0.636	-0.788	-0.782	-0.609	-0.609	-0.655	-0.925	-0.923	-0.936	-0.906	-0.928	-0.927	-0.928	-0.927	-0.928	-0.927	-0.968	-0.971	-0.979	-0.948	-0.925	-0.980	-1.006	-1.003	-0.980	-0.948	-0.979	-0.981	-0.925	-0.925	-1.054	-0.900	-1.025	-1.040	-1.040	-1.059	-0.980	-1.057	-0.914	-1.058	-1.057	-0.916	-1.057	-1.057	-1.059	-1.056	-0.922	-1.056	-1.056	-1.056	-1.056	-1.056	-1.055	-1.055	-1.055	-0.932	-0.925	-0.926	-0.926	-1.055	-0.927	-1.055	-1.055	-1.055	-1.055	-1.055	-1.055	-1.055	-1.055	-1.053	-1.055	-1.055	-0.931	-1.055	-0.933	-0.944	-1.054	-1.060	-0.947	-0.945	-1.060	-1.060	-0.941	-0.937	-0.955	-1.057	-0.937	-1.056	-0.944	-1.055	-0.944	-0.945	-1.055	-0.945	-1.054	-0.941	-0.943	-0.943	-1.057	-0.942	-1.037	-0.919	-0.930	-1.021	-0.931	-0.932	-0.933	-0.935	-0.942	-0.943	-0.949	-0.949	-0.952	-0.953	-0.952	-0.953	-0.954	-0.956	-0.949	-0.958	-0.962	-0.964	-0.964	-1.053	-1.054	-1.053	-0.966	-0.966	-0.967	-0.966	-0.964	-0.966	-0.966	-0.966	-0.966	-1.050	-1.053	-0.875	-0.872	-1.062	-1.058	-1.008	-0.871	-1.021	-1.046	-1.042	-0.888	-1.037	-0.833	-1.052	-1.008	-1.064	-1.065	-1.064	-1.059	-1.059	-1.061	-0.822	
rs71338565     -0.689	-0.869	-0.904	-0.936	-0.685	-0.664	-0.805	-0.665	-0.766	-0.896	-0.683	-0.682	-0.661	-0.528	-0.682	-0.682	-0.682	-0.682	-0.658	-0.682	-0.682	-0.682	-0.649	-0.814	-0.659	-0.684	-0.679	-0.683	-0.784	-0.779	-0.679	-0.679	-0.672	-0.891	-0.890	-0.915	-0.869	-0.891	-0.891	-0.892	-0.892	-0.892	-0.891	-0.944	-0.947	-0.954	-0.926	-0.891	-0.954	-0.962	-0.965	-0.955	-0.926	-0.954	-0.955	-0.891	-0.891	-1.014	-0.837	-0.988	-1.005	-1.005	-1.021	-0.927	-1.021	-0.855	-1.022	-1.021	-0.856	-1.021	-1.021	-1.021	-1.020	-0.864	-1.020	-1.020	-1.020	-1.020	-1.020	-1.020	-1.020	-1.019	-0.876	-0.868	-0.869	-0.869	-1.020	-0.871	-1.020	-1.020	-1.020	-1.020	-1.020	-1.020	-1.019	-1.020	-1.018	-1.019	-1.019	-0.875	-1.020	-0.878	-0.893	-1.019	-1.023	-0.896	-0.894	-1.023	-1.023	-0.889	-0.883	-0.910	-1.021	-0.883	-1.019	-0.893	-1.017	-0.894	-0.894	-1.015	-0.894	-1.019	-0.889	-0.892	-0.892	-1.021	-0.891	-0.995	-0.861	-0.875	-0.978	-0.877	-0.878	-0.880	-0.882	-0.891	-0.892	-0.900	-0.900	-0.903	-0.906	-0.904	-0.905	-0.907	-0.909	-0.900	-0.912	-0.923	-0.925	-0.926	-1.013	-1.014	-1.013	-0.934	-0.927	-0.928	-0.927	-0.921	-0.926	-0.926	-0.926	-0.926	-1.009	-1.012	-0.833	-0.836	-1.024	-1.021	-0.971	-0.834	-0.984	-1.009	-1.005	-0.852	-0.999	-0.795	-1.015	-0.971	-1.026	-1.028	-1.026	-1.021	-1.022	-1.024	-0.784	
rs6054297      -0.705	-0.874	-0.910	-0.939	-0.703	-0.673	-0.810	-0.694	-0.771	-0.898	-0.663	-0.661	-0.631	-0.682	-0.533	-0.661	-0.661	-0.660	-0.685	-0.660	-0.660	-0.660	-0.683	-0.817	-0.685	-0.664	-0.656	-0.663	-0.786	-0.781	-0.660	-0.661	-0.687	-0.897	-0.897	-0.919	-0.874	-0.898	-0.898	-0.898	-0.898	-0.898	-0.898	-0.948	-0.950	-0.958	-0.929	-0.898	-0.959	-0.968	-0.971	-0.959	-0.930	-0.958	-0.959	-0.898	-0.898	-1.020	-0.847	-0.993	-1.010	-1.010	-1.026	-0.935	-1.026	-0.863	-1.027	-1.026	-0.865	-1.026	-1.026	-1.026	-1.025	-0.873	-1.025	-1.025	-1.025	-1.025	-1.025	-1.025	-1.025	-1.024	-0.884	-0.876	-0.877	-0.878	-1.024	-0.879	-1.024	-1.024	-1.024	-1.024	-1.024	-1.025	-1.024	-1.025	-1.023	-1.024	-1.024	-0.883	-1.024	-0.886	-0.901	-1.024	-1.028	-0.904	-0.901	-1.028	-1.028	-0.896	-0.891	-0.917	-1.026	-0.891	-1.024	-0.900	-1.022	-0.901	-0.901	-1.021	-0.901	-1.023	-0.896	-0.899	-0.899	-1.026	-0.898	-1.001	-0.869	-0.883	-0.984	-0.885	-0.886	-0.887	-0.889	-0.898	-0.899	-0.907	-0.907	-0.910	-0.912	-0.911	-0.912	-0.914	-0.916	-0.907	-0.918	-0.929	-0.931	-0.932	-1.019	-1.019	-1.019	-0.939	-0.933	-0.934	-0.933	-0.927	-0.932	-0.932	-0.932	-0.932	-1.014	-1.018	-0.838	-0.841	-1.029	-1.025	-0.976	-0.839	-0.989	-1.013	-1.009	-0.856	-1.004	-0.800	-1.020	-0.976	-1.031	-1.032	-1.031	-1.026	-1.027	-1.029	-0.788	
rs78686472     -0.705	-0.873	-0.910	-0.939	-0.703	-0.673	-0.810	-0.694	-0.771	-0.898	-0.662	-0.661	-0.630	-0.682	-0.661	-0.533	-0.660	-0.660	-0.685	-0.660	-0.660	-0.660	-0.683	-0.817	-0.685	-0.664	-0.656	-0.662	-0.786	-0.781	-0.660	-0.661	-0.687	-0.897	-0.896	-0.919	-0.873	-0.898	-0.898	-0.898	-0.898	-0.898	-0.898	-0.948	-0.950	-0.958	-0.929	-0.897	-0.958	-0.967	-0.971	-0.959	-0.930	-0.958	-0.959	-0.898	-0.898	-1.020	-0.846	-0.993	-1.010	-1.010	-1.026	-0.934	-1.026	-0.863	-1.026	-1.025	-0.865	-1.025	-1.025	-1.026	-1.025	-0.872	-1.025	-1.025	-1.025	-1.025	-1.025	-1.024	-1.024	-1.024	-0.884	-0.876	-0.877	-0.877	-1.024	-0.879	-1.024	-1.024	-1.024	-1.024	-1.024	-1.024	-1.024	-1.024	-1.023	-1.024	-1.024	-0.883	-1.024	-0.885	-0.900	-1.023	-1.028	-0.903	-0.901	-1.028	-1.028	-0.896	-0.891	-0.917	-1.026	-0.891	-1.024	-0.900	-1.022	-0.901	-0.901	-1.020	-0.901	-1.023	-0.896	-0.899	-0.899	-1.026	-0.898	-1.001	-0.869	-0.882	-0.983	-0.884	-0.885	-0.887	-0.889	-0.898	-0.899	-0.907	-0.907	-0.910	-0.912	-0.911	-0.912	-0.913	-0.916	-0.907	-0.918	-0.928	-0.931	-0.931	-1.018	-1.019	-1.018	-0.939	-0.933	-0.934	-0.933	-0.927	-0.932	-0.931	-0.932	-0.932	-1.014	-1.018	-0.838	-0.840	-1.029	-1.025	-0.976	-0.839	-0.989	-1.013	-1.009	-0.856	-1.004	-0.799	-1.019	-0.976	-1.031	-1.032	-1.031	-1.026	-1.026	-1.028	-0.788	
rs6054298      -0.705	-0.873	-0.909	-0.939	-0.703	-0.673	-0.810	-0.693	-0.771	-0.898	-0.662	-0.661	-0.629	-0.682	-0.661	-0.660	-0.533	-0.660	-0.684	-0.660	-0.660	-0.660	-0.683	-0.817	-0.685	-0.664	-0.656	-0.662	-0.786	-0.781	-0.660	-0.661	-0.687	-0.897	-0.896	-0.919	-0.873	-0.898	-0.898	-0.898	-0.898	-0.898	-0.898	-0.948	-0.950	-0.958	-0.929	-0.897	-0.958	-0.967	-0.971	-0.959	-0.930	-0.958	-0.959	-0.897	-0.897	-1.019	-0.846	-0.993	-1.010	-1.010	-1.025	-0.934	-1.026	-0.863	-1.026	-1.025	-0.864	-1.025	-1.025	-1.025	-1.025	-0.872	-1.025	-1.024	-1.024	-1.024	-1.024	-1.024	-1.024	-1.024	-0.884	-0.876	-0.877	-0.877	-1.024	-0.878	-1.024	-1.024	-1.024	-1.024	-1.024	-1.024	-1.024	-1.024	-1.023	-1.024	-1.024	-0.883	-1.024	-0.885	-0.900	-1.023	-1.027	-0.903	-0.901	-1.027	-1.027	-0.896	-0.890	-0.916	-1.026	-0.890	-1.023	-0.900	-1.022	-0.900	-0.901	-1.020	-0.901	-1.023	-0.895	-0.899	-0.899	-1.026	-0.898	-1.000	-0.868	-0.882	-0.983	-0.884	-0.885	-0.887	-0.888	-0.898	-0.899	-0.906	-0.907	-0.910	-0.912	-0.911	-0.912	-0.913	-0.916	-0.906	-0.918	-0.928	-0.930	-0.931	-1.018	-1.019	-1.018	-0.938	-0.933	-0.934	-0.932	-0.927	-0.932	-0.931	-0.931	-0.931	-1.014	-1.017	-0.838	-0.840	-1.028	-1.025	-0.976	-0.838	-0.989	-1.013	-1.009	-0.856	-1.004	-0.799	-1.019	-0.975	-1.031	-1.032	-1.030	-1.026	-1.026	-1.028	-0.788	
rs6054299      -0.705	-0.873	-0.909	-0.939	-0.702	-0.673	-0.809	-0.693	-0.770	-0.898	-0.662	-0.661	-0.628	-0.682	-0.660	-0.660	-0.660	-0.533	-0.684	-0.660	-0.660	-0.660	-0.682	-0.817	-0.685	-0.664	-0.656	-0.662	-0.786	-0.781	-0.660	-0.661	-0.687	-0.896	-0.896	-0.918	-0.873	-0.898	-0.897	-0.898	-0.898	-0.898	-0.897	-0.947	-0.950	-0.958	-0.929	-0.897	-0.958	-0.967	-0.971	-0.958	-0.929	-0.957	-0.959	-0.897	-0.897	-1.019	-0.846	-0.993	-1.009	-1.009	-1.025	-0.934	-1.025	-0.862	-1.026	-1.025	-0.864	-1.025	-1.025	-1.025	-1.025	-0.872	-1.024	-1.024	-1.024	-1.024	-1.024	-1.024	-1.024	-1.024	-0.883	-0.876	-0.877	-0.877	-1.024	-0.878	-1.024	-1.024	-1.024	-1.024	-1.024	-1.024	-1.024	-1.024	-1.023	-1.024	-1.024	-0.883	-1.024	-0.885	-0.900	-1.023	-1.027	-0.903	-0.901	-1.027	-1.027	-0.896	-0.890	-0.916	-1.026	-0.890	-1.023	-0.900	-1.021	-0.900	-0.900	-1.020	-0.900	-1.023	-0.895	-0.899	-0.899	-1.025	-0.897	-1.000	-0.868	-0.882	-0.983	-0.884	-0.885	-0.887	-0.888	-0.897	-0.898	-0.906	-0.907	-0.910	-0.912	-0.911	-0.911	-0.913	-0.916	-0.906	-0.917	-0.928	-0.930	-0.931	-1.018	-1.018	-1.018	-0.938	-0.933	-0.933	-0.932	-0.926	-0.932	-0.931	-0.931	-0.931	-1.014	-1.017	-0.838	-0.840	-1.028	-1.025	-0.975	-0.838	-0.988	-1.013	-1.009	-0.856	-1.003	-0.799	-1.019	-0.975	-1.031	-1.032	-1.030	-1.025	-1.026	-1.028	-0.788	
rs1571606      -0.696	-0.881	-0.914	-0.946	-0.694	-0.651	-0.817	-0.685	-0.779	-0.901	-0.690	-0.685	-0.691	-0.658	-0.685	-0.685	-0.684	-0.684	-0.541	-0.684	-0.684	-0.684	-0.671	-0.817	-0.670	-0.688	-0.676	-0.686	-0.787	-0.782	-0.677	-0.677	-0.667	-0.902	-0.901	-0.922	-0.881	-0.903	-0.903	-0.903	-0.903	-0.903	-0.903	-0.952	-0.955	-0.963	-0.933	-0.902	-0.963	-0.976	-0.977	-0.963	-0.933	-0.962	-0.964	-0.902	-0.902	-1.027	-0.857	-1.000	-1.016	-1.016	-1.033	-0.944	-1.033	-0.873	-1.033	-1.032	-0.875	-1.032	-1.032	-1.033	-1.032	-0.882	-1.032	-1.031	-1.031	-1.031	-1.031	-1.031	-1.031	-1.031	-0.894	-0.886	-0.887	-0.887	-1.031	-0.889	-1.031	-1.031	-1.031	-1.031	-1.031	-1.031	-1.031	-1.031	-1.030	-1.031	-1.031	-0.893	-1.031	-0.895	-0.909	-1.030	-1.035	-0.912	-0.910	-1.035	-1.035	-0.905	-0.900	-0.925	-1.033	-0.900	-1.031	-0.909	-1.029	-0.910	-0.910	-1.028	-0.910	-1.030	-0.905	-0.908	-0.908	-1.033	-0.907	-1.008	-0.879	-0.892	-0.991	-0.894	-0.895	-0.897	-0.898	-0.907	-0.908	-0.915	-0.916	-0.919	-0.921	-0.920	-0.920	-0.922	-0.924	-0.915	-0.926	-0.935	-0.938	-0.938	-1.026	-1.026	-1.026	-0.945	-0.940	-0.941	-0.940	-0.935	-0.939	-0.939	-0.939	-0.939	-1.022	-1.025	-0.846	-0.848	-1.036	-1.033	-0.983	-0.846	-0.996	-1.020	-1.016	-0.864	-1.011	-0.807	-1.027	-0.983	-1.038	-1.040	-1.038	-1.033	-1.034	-1.036	-0.796	
rs1571607      -0.705	-0.873	-0.909	-0.938	-0.702	-0.674	-0.809	-0.693	-0.770	-0.898	-0.662	-0.661	-0.627	-0.682	-0.660	-0.660	-0.660	-0.660	-0.684	-0.532	-0.660	-0.660	-0.682	-0.817	-0.684	-0.664	-0.656	-0.662	-0.786	-0.781	-0.660	-0.661	-0.687	-0.896	-0.896	-0.918	-0.873	-0.897	-0.897	-0.897	-0.898	-0.898	-0.897	-0.947	-0.950	-0.958	-0.929	-0.897	-0.958	-0.967	-0.970	-0.958	-0.929	-0.957	-0.959	-0.897	-0.897	-1.019	-0.845	-0.992	-1.009	-1.009	-1.025	-0.934	-1.025	-0.862	-1.026	-1.025	-0.864	-1.025	-1.025	-1.025	-1.025	-0.871	-1.024	-1.024	-1.024	-1.024	-1.024	-1.024	-1.024	-1.024	-0.883	-0.875	-0.876	-0.877	-1.024	-0.878	-1.024	-1.024	-1.024	-1.024	-1.024	-1.024	-1.023	-1.024	-1.022	-1.023	-1.023	-0.882	-1.024	-0.885	-0.900	-1.023	-1.027	-0.903	-0.900	-1.027	-1.027	-0.895	-0.890	-0.916	-1.026	-0.890	-1.023	-0.899	-1.021	-0.900	-0.900	-1.020	-0.900	-1.023	-0.895	-0.898	-0.898	-1.025	-0.897	-1.000	-0.868	-0.882	-0.983	-0.884	-0.885	-0.886	-0.888	-0.897	-0.898	-0.906	-0.907	-0.909	-0.911	-0.910	-0.911	-0.913	-0.915	-0.906	-0.917	-0.928	-0.930	-0.931	-1.018	-1.018	-1.018	-0.938	-0.932	-0.933	-0.932	-0.926	-0.931	-0.931	-0.931	-0.931	-1.013	-1.017	-0.837	-0.840	-1.028	-1.025	-0.975	-0.838	-0.988	-1.013	-1.009	-0.856	-1.003	-0.799	-1.019	-0.975	-1.030	-1.032	-1.030	-1.025	-1.026	-1.028	-0.788	
rs1571608      -0.705	-0.873	-0.909	-0.938	-0.702	-0.674	-0.809	-0.693	-0.770	-0.898	-0.662	-0.661	-0.627	-0.682	-0.660	-0.660	-0.660	-0.660	-0.684	-0.660	-0.532	-0.660	-0.682	-0.817	-0.684	-0.664	-0.656	-0.662	-0.786	-0.781	-0.660	-0.661	-0.687	-0.896	-0.896	-0.918	-0.873	-0.897	-0.897	-0.897	-0.898	-0.897	-0.897	-0.947	-0.950	-0.958	-0.929	-0.897	-0.958	-0.967	-0.970	-0.958	-0.929	-0.957	-0.959	-0.897	-0.897	-1.019	-0.845	-0.992	-1.009	-1.009	-1.025	-0.934	-1.025	-0.862	-1.026	-1.025	-0.864	-1.025	-1.025	-1.025	-1.025	-0.871	-1.024	-1.024	-1.024	-1.024	-1.024	-1.024	-1.024	-1.024	-0.883	-0.875	-0.876	-0.876	-1.024	-0.878	-1.024	-1.024	-1.024	-1.024	-1.024	-1.024	-1.023	-1.024	-1.022	-1.023	-1.023	-0.882	-1.024	-0.884	-0.900	-1.023	-1.027	-0.903	-0.900	-1.027	-1.027	-0.895	-0.890	-0.916	-1.026	-0.890	-1.023	-0.899	-1.021	-0.900	-0.900	-1.020	-0.900	-1.023	-0.895	-0.898	-0.898	-1.025	-0.897	-1.000	-0.868	-0.882	-0.983	-0.884	-0.885	-0.886	-0.888	-0.897	-0.898	-0.906	-0.906	-0.909	-0.911	-0.910	-0.911	-0.913	-0.915	-0.906	-0.917	-0.928	-0.930	-0.931	-1.018	-1.018	-1.018	-0.938	-0.932	-0.933	-0.932	-0.926	-0.931	-0.931	-0.931	-0.931	-1.013	-1.017	-0.837	-0.840	-1.028	-1.025	-0.975	-0.838	-0.988	-1.013	-1.009	-0.856	-1.003	-0.799	-1.019	-0.975	-1.030	-1.032	-1.030	-1.025	-1.026	-1.028	-0.788	
rs6054300      -0.705	-0.873	-0.909	-0.938	-0.702	-0.674	-0.809	-0.693	-0.770	-0.898	-0.662	-0.660	-0.626	-0.682	-0.660	-0.660	-0.660	-0.660	-0.684	-0.660	-0.660	-0.532	-0.681	-0.817	-0.684	-0.663	-0.656	-0.662	-0.786	-0.781	-0.660	-0.661	-0.687	-0.896	-0.896	-0.918	-0.873	-0.897	-0.897	-0.897	-0.897	-0.897	-0.897	-0.947	-0.950	-0.958	-0.929	-0.897	-0.958	-0.966	-0.970	-0.958	-0.929	-0.957	-0.959	-0.897	-0.897	-1.019	-0.845	-0.992	-1.009	-1.009	-1.025	-0.933	-1.025	-0.862	-1.026	-1.025	-0.864	-1.025	-1.025	-1.025	-1.024	-0.871	-1.024	-1.024	-1.024	-1.024	-1.024	-1.024	-1.024	-1.023	-0.883	-0.875	-0.876	-0.876	-1.023	-0.877	-1.023	-1.023	-1.023	-1.023	-1.023	-1.024	-1.023	-1.024	-1.022	-1.023	-1.023	-0.882	-1.023	-0.884	-0.899	-1.023	-1.027	-0.902	-0.900	-1.027	-1.027	-0.895	-0.890	-0.916	-1.025	-0.890	-1.023	-0.899	-1.021	-0.900	-0.900	-1.020	-0.900	-1.022	-0.894	-0.898	-0.898	-1.025	-0.897	-1.000	-0.868	-0.881	-0.982	-0.883	-0.884	-0.886	-0.888	-0.897	-0.898	-0.906	-0.906	-0.909	-0.911	-0.910	-0.911	-0.912	-0.915	-0.906	-0.917	-0.927	-0.930	-0.931	-1.018	-1.018	-1.017	-0.938	-0.932	-0.933	-0.932	-0.926	-0.931	-0.931	-0.931	-0.931	-1.013	-1.017	-0.837	-0.840	-1.028	-1.024	-0.975	-0.838	-0.988	-1.012	-1.008	-0.855	-1.003	-0.799	-1.019	-0.975	-1.030	-1.031	-1.030	-1.025	-1.026	-1.028	-0.787	
rs6085573      -0.697	-0.890	-0.922	-0.952	-0.696	-0.637	-0.825	-0.692	-0.788	-0.904	-0.692	-0.684	-0.711	-0.649	-0.683	-0.683	-0.683	-0.682	-0.671	-0.682	-0.682	-0.681	-0.550	-0.818	-0.672	-0.688	-0.669	-0.685	-0.789	-0.783	-0.671	-0.671	-0.657	-0.909	-0.908	-0.927	-0.889	-0.911	-0.911	-0.911	-0.911	-0.911	-0.911	-0.958	-0.961	-0.969	-0.938	-0.910	-0.969	-0.986	-0.985	-0.969	-0.939	-0.968	-0.970	-0.910	-0.910	-1.036	-0.872	-1.008	-1.025	-1.025	-1.042	-0.956	-1.041	-0.887	-1.042	-1.041	-0.889	-1.041	-1.041	-1.042	-1.040	-0.896	-1.040	-1.040	-1.040	-1.040	-1.040	-1.040	-1.040	-1.039	-0.907	-0.899	-0.900	-0.901	-1.039	-0.902	-1.039	-1.039	-1.039	-1.039	-1.039	-1.040	-1.039	-1.039	-1.038	-1.039	-1.039	-0.906	-1.039	-0.908	-0.921	-1.038	-1.043	-0.924	-0.922	-1.043	-1.043	-0.917	-0.913	-0.935	-1.041	-0.913	-1.039	-0.921	-1.038	-0.922	-0.922	-1.037	-0.922	-1.038	-0.917	-0.920	-0.920	-1.041	-0.919	-1.018	-0.892	-0.905	-1.001	-0.907	-0.907	-0.909	-0.911	-0.919	-0.920	-0.927	-0.927	-0.930	-0.932	-0.931	-0.932	-0.933	-0.935	-0.927	-0.937	-0.945	-0.947	-0.947	-1.035	-1.036	-1.035	-0.952	-0.949	-0.950	-0.949	-0.945	-0.948	-0.948	-0.948	-0.948	-1.031	-1.035	-0.856	-0.856	-1.045	-1.041	-0.991	-0.854	-1.004	-1.029	-1.025	-0.872	-1.020	-0.816	-1.036	-0.991	-1.047	-1.048	-1.047	-1.042	-1.043	-1.044	-0.804	
rs964220       -0.815	-0.723	-0.805	-0.853	-0.816	-0.796	-0.652	-0.817	-0.637	-0.591	-0.819	-0.818	-0.818	-0.814	-0.817	-0.817	-0.817	-0.817	-0.817	-0.817	-0.817	-0.817	-0.818	-0.407	-0.817	-0.818	-0.815	-0.818	-0.648	-0.644	-0.813	-0.813	-0.808	-0.863	-0.862	-0.795	-0.748	-0.865	-0.864	-0.865	-0.864	-0.865	-0.864	-0.790	-0.790	-0.805	-0.795	-0.862	-0.805	-0.893	-0.896	-0.805	-0.795	-0.806	-0.806	-0.862	-0.862	-0.738	-0.818	-0.883	-0.822	-0.822	-0.770	-0.847	-0.803	-0.827	-0.801	-0.805	-0.828	-0.805	-0.805	-0.759	-0.807	-0.832	-0.809	-0.809	-0.809	-0.809	-0.809	-0.810	-0.810	-0.812	-0.839	-0.834	-0.835	-0.835	-0.811	-0.836	-0.811	-0.811	-0.811	-0.811	-0.811	-0.811	-0.812	-0.810	-0.816	-0.812	-0.812	-0.838	-0.812	-0.839	-0.847	-0.815	-0.793	-0.849	-0.848	-0.793	-0.792	-0.845	-0.838	-0.848	-0.805	-0.838	-0.797	-0.843	-0.814	-0.843	-0.843	-0.761	-0.843	-0.815	-0.840	-0.842	-0.842	-0.801	-0.841	-0.667	-0.823	-0.831	-0.619	-0.830	-0.830	-0.831	-0.832	-0.837	-0.838	-0.842	-0.842	-0.844	-0.845	-0.844	-0.845	-0.845	-0.846	-0.841	-0.847	-0.848	-0.849	-0.849	-0.826	-0.827	-0.826	-0.847	-0.850	-0.851	-0.849	-0.848	-0.849	-0.849	-0.849	-0.849	-0.816	-0.824	-0.580	-0.719	-0.906	-0.900	-0.859	-0.717	-0.870	-0.894	-0.890	-0.735	-0.885	-0.677	-0.893	-0.859	-0.907	-0.908	-0.906	-0.899	-0.900	-0.902	-0.667	
rs6117291      -0.697	-0.881	-0.914	-0.946	-0.694	-0.651	-0.817	-0.686	-0.779	-0.901	-0.690	-0.686	-0.691	-0.659	-0.685	-0.685	-0.685	-0.685	-0.670	-0.684	-0.684	-0.684	-0.672	-0.817	-0.541	-0.688	-0.675	-0.686	-0.787	-0.782	-0.676	-0.676	-0.666	-0.902	-0.901	-0.922	-0.881	-0.903	-0.903	-0.903	-0.903	-0.903	-0.903	-0.953	-0.955	-0.963	-0.933	-0.902	-0.963	-0.976	-0.977	-0.963	-0.934	-0.962	-0.964	-0.902	-0.902	-1.027	-0.857	-1.000	-1.017	-1.017	-1.033	-0.944	-1.033	-0.874	-1.033	-1.032	-0.875	-1.032	-1.032	-1.033	-1.032	-0.883	-1.032	-1.032	-1.032	-1.032	-1.032	-1.031	-1.031	-1.031	-0.894	-0.886	-0.887	-0.887	-1.031	-0.889	-1.031	-1.031	-1.031	-1.031	-1.031	-1.031	-1.031	-1.031	-1.030	-1.031	-1.031	-0.893	-1.031	-0.895	-0.910	-1.030	-1.035	-0.912	-0.910	-1.035	-1.035	-0.905	-0.900	-0.925	-1.033	-0.900	-1.031	-0.909	-1.029	-0.910	-0.910	-1.028	-0.910	-1.030	-0.905	-0.908	-0.908	-1.033	-0.907	-1.009	-0.879	-0.892	-0.991	-0.894	-0.895	-0.897	-0.898	-0.907	-0.908	-0.916	-0.916	-0.919	-0.921	-0.920	-0.921	-0.922	-0.925	-0.916	-0.926	-0.936	-0.938	-0.939	-1.026	-1.026	-1.026	-0.945	-0.940	-0.941	-0.940	-0.935	-0.939	-0.939	-0.939	-0.939	-1.022	-1.025	-0.846	-0.848	-1.036	-1.033	-0.983	-0.846	-0.996	-1.021	-1.017	-0.864	-1.011	-0.807	-1.027	-0.983	-1.038	-1.040	-1.038	-1.033	-1.034	-1.036	-0.796	
rs6054303      -0.708	-0.875	-0.911	-0.941	-0.706	-0.673	-0.812	-0.698	-0.773	-0.899	-0.667	-0.665	-0.643	-0.684	-0.664	-0.664	-0.664	-0.664	-0.688	-0.664	-0.664	-0.663	-0.688	-0.818	-0.688	-0.535	-0.655	-0.664	-0.787	-0.781	-0.660	-0.660	-0.687	-0.898	-0.898	-0.920	-0.875	-0.900	-0.899	-0.900	-0.900	-0.900	-0.900	-0.949	-0.952	-0.959	-0.930	-0.899	-0.960	-0.969	-0.973	-0.960	-0.931	-0.959	-0.960	-0.899	-0.899	-1.022	-0.849	-0.995	-1.011	-1.011	-1.028	-0.937	-1.028	-0.866	-1.028	-1.027	-0.868	-1.027	-1.027	-1.027	-1.027	-0.875	-1.026	-1.026	-1.026	-1.026	-1.026	-1.026	-1.026	-1.026	-0.887	-0.879	-0.880	-0.880	-1.026	-0.881	-1.026	-1.026	-1.026	-1.026	-1.026	-1.026	-1.026	-1.026	-1.025	-1.026	-1.026	-0.886	-1.026	-0.888	-0.903	-1.025	-1.029	-0.906	-0.903	-1.029	-1.029	-0.898	-0.893	-0.919	-1.028	-0.893	-1.025	-0.903	-1.024	-0.903	-0.903	-1.022	-0.903	-1.025	-0.898	-0.902	-0.902	-1.027	-0.900	-1.003	-0.871	-0.885	-0.985	-0.887	-0.888	-0.890	-0.891	-0.900	-0.901	-0.909	-0.909	-0.912	-0.914	-0.913	-0.914	-0.915	-0.918	-0.909	-0.920	-0.930	-0.933	-0.933	-1.020	-1.021	-1.020	-0.940	-0.935	-0.936	-0.934	-0.929	-0.934	-0.933	-0.934	-0.933	-1.016	-1.020	-0.840	-0.842	-1.031	-1.027	-0.978	-0.840	-0.991	-1.015	-1.011	-0.858	-1.006	-0.801	-1.021	-0.977	-1.033	-1.034	-1.033	-1.028	-1.028	-1.030	-0.790	
rs6038520      -0.700	-0.865	-0.902	-0.932	-0.696	-0.680	-0.802	-0.684	-0.762	-0.894	-0.653	-0.655	-0.595	-0.679	-0.656	-0.656	-0.656	-0.656	-0.676	-0.656	-0.656	-0.656	-0.669	-0.815	-0.675	-0.655	-0.524	-0.655	-0.784	-0.779	-0.659	-0.660	-0.687	-0.889	-0.889	-0.913	-0.865	-0.890	-0.890	-0.890	-0.890	-0.890	-0.890	-0.942	-0.944	-0.952	-0.924	-0.890	-0.952	-0.958	-0.962	-0.953	-0.924	-0.952	-0.953	-0.890	-0.890	-1.011	-0.833	-0.985	-1.002	-1.002	-1.017	-0.923	-1.018	-0.850	-1.018	-1.017	-0.852	-1.017	-1.017	-1.017	-1.017	-0.860	-1.017	-1.017	-1.017	-1.017	-1.017	-1.016	-1.016	-1.016	-0.872	-0.864	-0.865	-0.865	-1.016	-0.866	-1.016	-1.016	-1.016	-1.016	-1.016	-1.016	-1.016	-1.016	-1.015	-1.016	-1.016	-0.871	-1.016	-0.873	-0.889	-1.015	-1.019	-0.892	-0.890	-1.019	-1.019	-0.885	-0.879	-0.907	-1.018	-0.879	-1.015	-0.889	-1.013	-0.890	-0.890	-1.012	-0.890	-1.015	-0.884	-0.888	-0.888	-1.018	-0.887	-0.991	-0.856	-0.871	-0.974	-0.873	-0.874	-0.875	-0.877	-0.887	-0.888	-0.896	-0.896	-0.899	-0.902	-0.900	-0.901	-0.903	-0.906	-0.896	-0.908	-0.919	-0.922	-0.923	-1.010	-1.010	-1.009	-0.931	-0.924	-0.925	-0.924	-0.917	-0.923	-0.923	-0.923	-0.923	-1.005	-1.009	-0.829	-0.832	-1.020	-1.017	-0.968	-0.831	-0.981	-1.005	-1.001	-0.848	-0.996	-0.791	-1.011	-0.967	-1.023	-1.024	-1.022	-1.017	-1.018	-1.020	-0.780	
rs6054304      -0.707	-0.874	-0.910	-0.940	-0.704	-0.673	-0.811	-0.696	-0.772	-0.898	-0.665	-0.663	-0.636	-0.683	-0.663	-0.662	-0.662	-0.662	-0.686	-0.662	-0.662	-0.662	-0.685	-0.818	-0.686	-0.664	-0.655	-0.534	-0.787	-0.781	-0.659	-0.660	-0.687	-0.897	-0.897	-0.919	-0.874	-0.899	-0.898	-0.899	-0.899	-0.899	-0.899	-0.948	-0.951	-0.959	-0.930	-0.898	-0.959	-0.968	-0.972	-0.959	-0.930	-0.958	-0.960	-0.898	-0.898	-1.020	-0.847	-0.994	-1.010	-1.010	-1.026	-0.936	-1.026	-0.864	-1.027	-1.026	-0.866	-1.026	-1.026	-1.026	-1.026	-0.873	-1.025	-1.025	-1.025	-1.025	-1.025	-1.025	-1.025	-1.025	-0.885	-0.877	-0.878	-0.878	-1.025	-0.880	-1.025	-1.025	-1.025	-1.025	-1.025	-1.025	-1.025	-1.025	-1.024	-1.025	-1.025	-0.884	-1.025	-0.886	-0.901	-1.024	-1.028	-0.904	-0.902	-1.028	-1.028	-0.897	-0.892	-0.918	-1.027	-0.892	-1.024	-0.901	-1.023	-0.902	-0.902	-1.021	-0.902	-1.024	-0.897	-0.900	-0.900	-1.026	-0.899	-1.001	-0.870	-0.884	-0.984	-0.886	-0.886	-0.888	-0.890	-0.899	-0.900	-0.908	-0.908	-0.911	-0.913	-0.912	-0.913	-0.914	-0.917	-0.908	-0.919	-0.929	-0.932	-0.932	-1.019	-1.020	-1.019	-0.939	-0.934	-0.935	-0.933	-0.928	-0.933	-0.932	-0.932	-0.932	-1.015	-1.018	-0.839	-0.841	-1.029	-1.026	-0.977	-0.839	-0.990	-1.014	-1.010	-0.857	-1.005	-0.800	-1.020	-0.976	-1.032	-1.033	-1.032	-1.027	-1.027	-1.029	-0.789	
rs6140008      -0.785	-0.687	-0.787	-0.770	-0.786	-0.766	-0.615	-0.787	-0.625	-0.671	-0.787	-0.786	-0.788	-0.784	-0.786	-0.786	-0.786	-0.786	-0.787	-0.786	-0.786	-0.786	-0.789	-0.648	-0.787	-0.787	-0.784	-0.787	-0.367	-0.484	-0.782	-0.781	-0.777	-0.826	-0.825	-0.730	-0.666	-0.829	-0.828	-0.829	-0.827	-0.829	-0.828	-0.706	-0.704	-0.729	-0.726	-0.826	-0.729	-0.831	-0.843	-0.729	-0.726	-0.730	-0.729	-0.826	-0.826	-0.611	-0.789	-0.831	-0.739	-0.739	-0.656	-0.766	-0.703	-0.797	-0.700	-0.707	-0.798	-0.707	-0.707	-0.639	-0.710	-0.802	-0.712	-0.713	-0.713	-0.713	-0.713	-0.714	-0.714	-0.717	-0.807	-0.804	-0.804	-0.804	-0.716	-0.805	-0.716	-0.716	-0.716	-0.716	-0.716	-0.715	-0.718	-0.715	-0.723	-0.718	-0.718	-0.807	-0.717	-0.808	-0.815	-0.722	-0.689	-0.816	-0.815	-0.689	-0.687	-0.813	-0.806	-0.813	-0.707	-0.806	-0.699	-0.810	-0.804	-0.811	-0.811	-0.648	-0.811	-0.728	-0.808	-0.809	-0.809	-0.709	-0.809	-0.525	-0.792	-0.800	-0.467	-0.798	-0.799	-0.799	-0.800	-0.805	-0.805	-0.808	-0.809	-0.810	-0.811	-0.810	-0.811	-0.811	-0.812	-0.808	-0.813	-0.812	-0.812	-0.812	-0.749	-0.750	-0.749	-0.808	-0.813	-0.814	-0.812	-0.813	-0.812	-0.812	-0.812	-0.812	-0.737	-0.748	-0.468	-0.682	-0.868	-0.863	-0.824	-0.681	-0.834	-0.857	-0.853	-0.698	-0.849	-0.639	-0.857	-0.824	-0.870	-0.872	-0.869	-0.863	-0.864	-0.866	-0.629	
rs6107810      -0.779	-0.681	-0.781	-0.763	-0.780	-0.761	-0.609	-0.781	-0.620	-0.664	-0.782	-0.781	-0.782	-0.779	-0.781	-0.781	-0.781	-0.781	-0.782	-0.781	-0.781	-0.781	-0.783	-0.644	-0.782	-0.781	-0.779	-0.781	-0.484	-0.361	-0.777	-0.776	-0.772	-0.821	-0.820	-0.724	-0.660	-0.823	-0.822	-0.823	-0.822	-0.823	-0.823	-0.699	-0.697	-0.722	-0.720	-0.821	-0.722	-0.825	-0.837	-0.722	-0.720	-0.723	-0.722	-0.820	-0.820	-0.601	-0.783	-0.825	-0.731	-0.731	-0.647	-0.759	-0.695	-0.791	-0.691	-0.698	-0.792	-0.698	-0.699	-0.630	-0.701	-0.796	-0.704	-0.704	-0.704	-0.705	-0.705	-0.705	-0.705	-0.709	-0.802	-0.798	-0.798	-0.798	-0.707	-0.799	-0.707	-0.708	-0.707	-0.708	-0.708	-0.707	-0.709	-0.707	-0.715	-0.709	-0.709	-0.801	-0.709	-0.802	-0.809	-0.714	-0.680	-0.810	-0.809	-0.680	-0.678	-0.807	-0.800	-0.808	-0.698	-0.800	-0.691	-0.805	-0.797	-0.805	-0.805	-0.639	-0.805	-0.720	-0.802	-0.804	-0.804	-0.701	-0.803	-0.515	-0.787	-0.794	-0.455	-0.793	-0.793	-0.794	-0.794	-0.799	-0.799	-0.803	-0.803	-0.804	-0.805	-0.805	-0.805	-0.806	-0.806	-0.802	-0.807	-0.806	-0.806	-0.806	-0.742	-0.743	-0.742	-0.803	-0.808	-0.808	-0.806	-0.807	-0.806	-0.807	-0.807	-0.807	-0.730	-0.741	-0.461	-0.677	-0.863	-0.858	-0.818	-0.675	-0.829	-0.851	-0.848	-0.693	-0.843	-0.634	-0.852	-0.819	-0.864	-0.866	-0.864	-0.858	-0.858	-0.860	-0.624	
