## Summary of overall evidence for association with region:
## log10(BF for region) = -0.493831
## p-value for region = NA

## BFs for choosing among multi-SNP models:
## log10(average 1-SNP BF) = -0.442578
## log10(average 2-SNP BF) = -0.619071

## Example posterior probabilities for multi-SNP models, based on default prior: [p(l) propto 0.5^l for l=1,2,...,L]
## posterior probability of 1-SNP = 0.750173
## posterior probability of 2-SNP = 0.249827

## log10(BF) for single SNP and pair of SNPs:
rs1381339      -0.512	-0.637	-0.644	-0.912	-0.912	-0.902	-0.911	-0.900	-0.901	-0.910	-0.914	-0.846	-0.849	-0.839	-0.610	-0.612	-0.912	-0.854	-0.613	-0.612	-0.612	-0.612	-0.608	-0.610	-0.613	-0.614	-0.619	-0.584	-0.609	-0.605	-0.856	-0.610	-0.608	-0.608	-0.861	-0.864	-0.867	-0.863	-0.864	-0.862	-0.862	-0.861	-0.860	-0.859	-0.584	-0.582	-0.861	-0.855	-0.859	-0.566	-0.849	-0.566	-0.527	-0.540	-0.536	-0.565	-0.566	-0.566	-0.543	-0.566	-0.855	-0.893	-0.585	-0.855	-0.565	-0.911	-0.854	-0.868	-0.554	-0.908	-0.907	-0.910	-0.908	-0.550	-0.846	-0.552	-0.847	-0.552	-0.854	-0.563	-0.567	-0.628	-0.817	-0.997	-0.999	-0.945	-0.958	-0.953	-0.949	-0.933	-0.933	-0.439	-0.932	-0.481	-0.932	-0.933	-0.973	-0.934	-0.916	-0.921	-0.971	-0.914	-0.969	-0.939	-0.983	-0.987	-0.941	-0.940	-0.941	-0.981	-0.944	-0.942	-0.932	-0.958	-0.992	-0.937	-0.941	-0.941	-0.988	-0.952	-0.988	-0.987	-0.931	-0.986	-0.931	-0.987	-0.962	-0.977	-0.987	-0.929	-0.987	-0.988	-0.988	-0.986	-0.986	-0.993	-0.928	-0.997	-0.999	-0.943	-1.004	-0.970	-0.990	-1.003	-1.004	-1.004	
rs2469992      -0.637	-0.517	-0.640	-0.916	-0.915	-0.904	-0.915	-0.903	-0.903	-0.913	-0.921	-0.855	-0.856	-0.848	-0.620	-0.623	-0.918	-0.862	-0.623	-0.622	-0.623	-0.623	-0.618	-0.620	-0.623	-0.624	-0.629	-0.594	-0.619	-0.615	-0.864	-0.620	-0.618	-0.618	-0.868	-0.871	-0.874	-0.870	-0.873	-0.869	-0.869	-0.869	-0.867	-0.866	-0.595	-0.593	-0.869	-0.862	-0.868	-0.577	-0.857	-0.577	-0.538	-0.551	-0.547	-0.576	-0.577	-0.577	-0.554	-0.577	-0.864	-0.900	-0.595	-0.863	-0.576	-0.917	-0.862	-0.877	-0.565	-0.914	-0.914	-0.917	-0.915	-0.561	-0.855	-0.563	-0.856	-0.563	-0.863	-0.574	-0.577	-0.638	-0.827	-1.001	-1.001	-0.954	-0.966	-0.961	-0.958	-0.943	-0.943	-0.449	-0.942	-0.491	-0.942	-0.943	-0.980	-0.944	-0.927	-0.931	-0.979	-0.925	-0.977	-0.949	-0.990	-0.993	-0.951	-0.950	-0.951	-0.988	-0.953	-0.952	-0.942	-0.966	-0.998	-0.946	-0.951	-0.951	-0.995	-0.960	-0.994	-0.994	-0.941	-0.993	-0.941	-0.993	-0.970	-0.984	-0.993	-0.940	-0.993	-0.994	-0.994	-0.992	-0.993	-0.999	-0.938	-1.002	-1.004	-0.952	-1.007	-0.976	-0.992	-1.005	-1.007	-1.007	
rs2447185      -0.644	-0.640	-0.515	-0.915	-0.914	-0.904	-0.914	-0.902	-0.902	-0.912	-0.919	-0.853	-0.854	-0.846	-0.618	-0.620	-0.916	-0.860	-0.620	-0.620	-0.620	-0.620	-0.616	-0.617	-0.621	-0.622	-0.627	-0.592	-0.616	-0.613	-0.862	-0.618	-0.616	-0.615	-0.866	-0.869	-0.872	-0.868	-0.871	-0.867	-0.867	-0.867	-0.865	-0.865	-0.592	-0.590	-0.867	-0.861	-0.865	-0.574	-0.855	-0.574	-0.535	-0.548	-0.544	-0.573	-0.574	-0.574	-0.552	-0.574	-0.861	-0.898	-0.593	-0.861	-0.573	-0.915	-0.860	-0.875	-0.562	-0.913	-0.912	-0.915	-0.913	-0.558	-0.853	-0.560	-0.853	-0.560	-0.861	-0.571	-0.575	-0.635	-0.825	-0.999	-1.000	-0.951	-0.964	-0.959	-0.955	-0.940	-0.940	-0.447	-0.940	-0.489	-0.940	-0.940	-0.978	-0.941	-0.924	-0.928	-0.976	-0.922	-0.975	-0.946	-0.988	-0.992	-0.948	-0.947	-0.948	-0.986	-0.951	-0.949	-0.939	-0.964	-0.996	-0.944	-0.948	-0.948	-0.993	-0.958	-0.992	-0.992	-0.938	-0.991	-0.938	-0.991	-0.968	-0.982	-0.991	-0.937	-0.991	-0.992	-0.992	-0.991	-0.991	-0.997	-0.935	-1.000	-1.002	-0.949	-1.006	-0.974	-0.991	-1.004	-1.006	-1.006	
rs2447175      -0.912	-0.916	-0.915	-0.555	-0.699	-0.749	-0.703	-0.747	-0.748	-0.707	-0.826	-0.734	-0.741	-0.724	-0.323	-0.327	-0.824	-0.750	-0.330	-0.330	-0.330	-0.330	-0.322	-0.326	-0.332	-0.334	-0.343	-0.283	-0.325	-0.318	-0.754	-0.327	-0.323	-0.322	-0.765	-0.770	-0.775	-0.768	-0.767	-0.767	-0.767	-0.766	-0.763	-0.762	-0.280	-0.276	-0.763	-0.756	-0.760	-0.251	-0.748	-0.251	-0.184	-0.212	-0.206	-0.249	-0.251	-0.251	-0.212	-0.252	-0.755	-0.794	-0.286	-0.754	-0.251	-0.824	-0.753	-0.776	-0.231	-0.819	-0.819	-0.824	-0.820	-0.223	-0.741	-0.227	-0.742	-0.227	-0.754	-0.248	-0.253	-0.365	-0.868	-1.022	-1.023	-0.973	-0.987	-0.981	-0.977	-0.962	-0.962	-0.143	-0.961	-0.207	-0.961	-0.962	-0.992	-0.963	-0.945	-0.950	-0.998	-0.942	-0.996	-0.968	-1.010	-1.014	-0.970	-0.969	-0.970	-1.008	-0.973	-0.971	-0.961	-0.987	-1.018	-0.966	-0.970	-0.970	-1.015	-0.970	-1.015	-1.015	-0.960	-1.013	-0.961	-1.014	-0.982	-0.998	-1.014	-0.959	-1.014	-1.015	-1.015	-1.015	-1.015	-1.020	-0.957	-1.024	-1.026	-0.978	-1.030	-1.004	-1.018	-1.028	-1.030	-1.030	
rs2447162      -0.912	-0.915	-0.914	-0.699	-0.555	-0.739	-0.690	-0.738	-0.739	-0.690	-0.838	-0.751	-0.757	-0.742	-0.334	-0.338	-0.836	-0.766	-0.341	-0.341	-0.341	-0.341	-0.333	-0.337	-0.343	-0.344	-0.354	-0.294	-0.336	-0.329	-0.770	-0.338	-0.334	-0.333	-0.780	-0.785	-0.789	-0.783	-0.782	-0.781	-0.781	-0.781	-0.778	-0.777	-0.291	-0.288	-0.778	-0.772	-0.776	-0.262	-0.764	-0.262	-0.196	-0.224	-0.218	-0.260	-0.262	-0.262	-0.224	-0.263	-0.770	-0.808	-0.297	-0.770	-0.263	-0.836	-0.768	-0.791	-0.242	-0.832	-0.831	-0.836	-0.832	-0.234	-0.757	-0.238	-0.758	-0.239	-0.769	-0.259	-0.264	-0.375	-0.871	-1.023	-1.024	-0.974	-0.988	-0.982	-0.979	-0.963	-0.963	-0.153	-0.963	-0.218	-0.963	-0.963	-0.993	-0.964	-0.947	-0.951	-0.998	-0.944	-0.997	-0.969	-1.010	-1.014	-0.971	-0.970	-0.971	-1.008	-0.974	-0.972	-0.963	-0.988	-1.018	-0.967	-0.972	-0.972	-1.016	-0.971	-1.015	-1.015	-0.962	-1.014	-0.962	-1.014	-0.983	-0.999	-1.015	-0.961	-1.015	-1.015	-1.015	-1.015	-1.015	-1.020	-0.959	-1.023	-1.025	-0.979	-1.029	-1.004	-1.017	-1.027	-1.029	-1.029	
rs2447161      -0.902	-0.904	-0.904	-0.749	-0.739	-0.543	-0.739	-0.693	-0.693	-0.746	-0.820	-0.725	-0.692	-0.716	-0.182	-0.187	-0.818	-0.741	-0.192	-0.192	-0.193	-0.193	-0.183	-0.188	-0.195	-0.197	-0.208	-0.138	-0.186	-0.178	-0.745	-0.189	-0.185	-0.184	-0.720	-0.726	-0.731	-0.724	-0.758	-0.722	-0.722	-0.721	-0.718	-0.717	-0.135	-0.131	-0.753	-0.710	-0.751	-0.101	-0.701	-0.101	-0.023	-0.060	-0.053	-0.100	-0.101	-0.102	-0.057	-0.103	-0.745	-0.787	-0.144	-0.745	-0.103	-0.817	-0.743	-0.767	-0.078	-0.812	-0.812	-0.817	-0.813	-0.069	-0.731	-0.074	-0.733	-0.075	-0.745	-0.099	-0.105	-0.238	-0.860	-1.013	-1.016	-0.955	-0.970	-0.964	-0.960	-0.943	-0.943	-0.011	-0.943	-0.083	-0.942	-0.943	-0.976	-0.944	-0.925	-0.930	-0.972	-0.922	-0.970	-0.950	-0.986	-0.991	-0.952	-0.951	-0.952	-0.984	-0.955	-0.953	-0.942	-0.970	-0.996	-0.947	-0.952	-0.952	-0.993	-0.952	-0.992	-0.992	-0.941	-0.990	-0.942	-0.991	-0.964	-0.982	-0.991	-0.940	-0.991	-0.992	-0.993	-0.993	-0.993	-0.999	-0.938	-1.003	-1.006	-0.962	-1.012	-0.989	-1.002	-1.012	-1.013	-1.013	
rs2470037      -0.911	-0.915	-0.914	-0.703	-0.690	-0.739	-0.555	-0.736	-0.737	-0.684	-0.837	-0.750	-0.757	-0.741	-0.331	-0.335	-0.835	-0.765	-0.338	-0.338	-0.338	-0.338	-0.330	-0.334	-0.340	-0.341	-0.351	-0.291	-0.332	-0.326	-0.768	-0.334	-0.331	-0.330	-0.779	-0.784	-0.788	-0.782	-0.781	-0.780	-0.780	-0.780	-0.777	-0.776	-0.288	-0.284	-0.777	-0.771	-0.775	-0.258	-0.763	-0.258	-0.192	-0.220	-0.214	-0.257	-0.258	-0.258	-0.220	-0.260	-0.769	-0.807	-0.294	-0.768	-0.259	-0.835	-0.767	-0.789	-0.238	-0.831	-0.830	-0.835	-0.831	-0.231	-0.756	-0.234	-0.757	-0.235	-0.768	-0.256	-0.261	-0.372	-0.870	-1.022	-1.023	-0.974	-0.987	-0.982	-0.978	-0.963	-0.963	-0.150	-0.962	-0.215	-0.962	-0.963	-0.992	-0.964	-0.947	-0.951	-0.998	-0.944	-0.996	-0.969	-1.010	-1.013	-0.971	-0.970	-0.971	-1.008	-0.974	-0.972	-0.962	-0.987	-1.018	-0.967	-0.971	-0.971	-1.015	-0.971	-1.015	-1.014	-0.961	-1.013	-0.962	-1.014	-0.983	-0.998	-1.014	-0.960	-1.014	-1.015	-1.015	-1.015	-1.015	-1.019	-0.959	-1.023	-1.025	-0.979	-1.028	-1.003	-1.016	-1.026	-1.028	-1.028	
rs2447151      -0.900	-0.903	-0.902	-0.747	-0.738	-0.693	-0.736	-0.541	-0.669	-0.738	-0.822	-0.729	-0.695	-0.719	-0.188	-0.193	-0.819	-0.744	-0.197	-0.197	-0.197	-0.198	-0.188	-0.192	-0.200	-0.201	-0.213	-0.143	-0.191	-0.183	-0.748	-0.193	-0.189	-0.188	-0.723	-0.728	-0.733	-0.726	-0.761	-0.724	-0.724	-0.724	-0.721	-0.719	-0.139	-0.135	-0.756	-0.713	-0.754	-0.106	-0.704	-0.106	-0.027	-0.064	-0.057	-0.104	-0.106	-0.106	-0.061	-0.108	-0.748	-0.789	-0.149	-0.747	-0.108	-0.818	-0.746	-0.769	-0.082	-0.814	-0.813	-0.818	-0.814	-0.073	-0.734	-0.078	-0.736	-0.079	-0.747	-0.103	-0.109	-0.242	-0.859	-1.012	-1.014	-0.957	-0.971	-0.965	-0.962	-0.945	-0.945	-0.015	-0.945	-0.088	-0.944	-0.945	-0.977	-0.946	-0.928	-0.932	-0.973	-0.925	-0.971	-0.952	-0.987	-0.991	-0.954	-0.952	-0.953	-0.985	-0.957	-0.955	-0.944	-0.971	-0.996	-0.949	-0.954	-0.954	-0.993	-0.954	-0.992	-0.992	-0.943	-0.991	-0.944	-0.992	-0.966	-0.982	-0.992	-0.942	-0.992	-0.993	-0.993	-0.993	-0.993	-0.999	-0.941	-1.003	-1.006	-0.963	-1.011	-0.990	-1.001	-1.010	-1.011	-1.012	
rs55642283     -0.901	-0.903	-0.902	-0.748	-0.739	-0.693	-0.737	-0.669	-0.542	-0.739	-0.824	-0.731	-0.698	-0.722	-0.193	-0.198	-0.821	-0.746	-0.203	-0.203	-0.203	-0.203	-0.194	-0.198	-0.206	-0.207	-0.219	-0.149	-0.197	-0.189	-0.750	-0.199	-0.195	-0.194	-0.725	-0.731	-0.736	-0.729	-0.763	-0.727	-0.727	-0.726	-0.723	-0.722	-0.146	-0.141	-0.758	-0.716	-0.756	-0.112	-0.707	-0.112	-0.034	-0.071	-0.064	-0.110	-0.112	-0.112	-0.067	-0.114	-0.750	-0.791	-0.155	-0.749	-0.114	-0.820	-0.748	-0.771	-0.089	-0.815	-0.815	-0.820	-0.816	-0.080	-0.736	-0.084	-0.738	-0.085	-0.749	-0.110	-0.115	-0.248	-0.860	-1.013	-1.015	-0.958	-0.972	-0.966	-0.962	-0.946	-0.946	-0.021	-0.946	-0.093	-0.945	-0.946	-0.978	-0.947	-0.929	-0.933	-0.974	-0.926	-0.972	-0.953	-0.988	-0.992	-0.955	-0.953	-0.954	-0.985	-0.957	-0.956	-0.945	-0.972	-0.997	-0.950	-0.955	-0.955	-0.994	-0.955	-0.993	-0.993	-0.944	-0.992	-0.945	-0.993	-0.967	-0.983	-0.993	-0.943	-0.993	-0.994	-0.994	-0.994	-0.994	-0.999	-0.942	-1.004	-1.006	-0.964	-1.012	-0.991	-1.001	-1.011	-1.012	-1.012	
rs2470039      -0.910	-0.913	-0.912	-0.707	-0.690	-0.746	-0.684	-0.738	-0.739	-0.552	-0.826	-0.734	-0.742	-0.724	-0.299	-0.303	-0.824	-0.749	-0.307	-0.306	-0.307	-0.307	-0.298	-0.302	-0.308	-0.310	-0.320	-0.258	-0.301	-0.294	-0.753	-0.303	-0.299	-0.298	-0.765	-0.770	-0.774	-0.768	-0.766	-0.766	-0.766	-0.766	-0.763	-0.762	-0.254	-0.251	-0.762	-0.756	-0.759	-0.224	-0.748	-0.224	-0.156	-0.185	-0.179	-0.223	-0.224	-0.224	-0.185	-0.226	-0.754	-0.793	-0.261	-0.753	-0.225	-0.823	-0.751	-0.775	-0.204	-0.818	-0.818	-0.823	-0.819	-0.196	-0.740	-0.200	-0.741	-0.200	-0.753	-0.222	-0.227	-0.342	-0.866	-1.020	-1.021	-0.967	-0.981	-0.975	-0.972	-0.956	-0.956	-0.118	-0.955	-0.184	-0.955	-0.956	-0.987	-0.957	-0.939	-0.943	-0.993	-0.936	-0.991	-0.962	-1.005	-1.009	-0.964	-0.963	-0.964	-1.003	-0.967	-0.965	-0.955	-0.981	-1.014	-0.960	-0.964	-0.964	-1.011	-0.964	-1.010	-1.010	-0.954	-1.009	-0.955	-1.009	-0.976	-0.992	-1.009	-0.953	-1.009	-1.010	-1.010	-1.011	-1.011	-1.015	-0.951	-1.019	-1.021	-0.973	-1.026	-0.999	-1.014	-1.024	-1.026	-1.026	
rs2100837      -0.914	-0.921	-0.919	-0.826	-0.838	-0.820	-0.837	-0.822	-0.824	-0.826	-0.556	-0.669	-0.672	-0.656	-0.286	-0.292	-0.704	-0.687	-0.295	-0.294	-0.295	-0.295	-0.284	-0.288	-0.297	-0.299	-0.312	-0.235	-0.286	-0.276	-0.692	-0.289	-0.284	-0.283	-0.699	-0.705	-0.710	-0.703	-0.707	-0.701	-0.701	-0.700	-0.697	-0.696	-0.225	-0.220	-0.704	-0.690	-0.703	-0.188	-0.682	-0.188	-0.097	-0.130	-0.121	-0.185	-0.188	-0.188	-0.134	-0.191	-0.699	-0.704	-0.242	-0.698	-0.196	-0.720	-0.697	-0.724	-0.160	-0.717	-0.717	-0.720	-0.718	-0.149	-0.683	-0.155	-0.685	-0.156	-0.699	-0.189	-0.194	-0.354	-0.846	-0.987	-0.978	-0.997	-1.005	-1.001	-1.000	-0.991	-0.991	-0.207	-0.991	-0.277	-0.991	-0.991	-1.006	-0.993	-0.981	-0.984	-1.012	-0.978	-1.011	-0.996	-1.017	-1.018	-0.997	-0.996	-0.997	-1.017	-0.999	-0.998	-0.991	-1.007	-1.019	-0.993	-0.997	-0.997	-1.019	-0.992	-1.019	-1.019	-0.991	-1.019	-0.991	-1.019	-1.002	-1.010	-1.019	-0.990	-1.019	-1.019	-1.019	-1.019	-1.019	-1.019	-0.989	-1.019	-1.019	-0.998	-1.011	-1.010	-0.993	-1.004	-1.011	-1.008	
rs2085905      -0.846	-0.855	-0.853	-0.734	-0.751	-0.725	-0.750	-0.729	-0.731	-0.734	-0.669	-0.495	-0.725	-0.618	-0.513	-0.517	-0.680	-0.636	-0.518	-0.517	-0.517	-0.517	-0.511	-0.513	-0.518	-0.519	-0.527	-0.480	-0.512	-0.507	-0.639	-0.514	-0.511	-0.511	-0.734	-0.735	-0.736	-0.735	-0.643	-0.735	-0.735	-0.735	-0.734	-0.734	-0.478	-0.475	-0.647	-0.733	-0.651	-0.454	-0.732	-0.454	-0.399	-0.418	-0.412	-0.453	-0.454	-0.454	-0.422	-0.455	-0.657	-0.717	-0.483	-0.656	-0.456	-0.699	-0.656	-0.662	-0.438	-0.702	-0.702	-0.699	-0.702	-0.431	-0.653	-0.434	-0.653	-0.435	-0.657	-0.452	-0.456	-0.544	-0.791	-0.898	-0.882	-0.946	-0.950	-0.948	-0.948	-0.945	-0.945	-0.378	-0.945	-0.430	-0.945	-0.945	-0.960	-0.947	-0.939	-0.941	-0.966	-0.938	-0.965	-0.949	-0.967	-0.966	-0.949	-0.949	-0.949	-0.967	-0.950	-0.949	-0.946	-0.954	-0.965	-0.946	-0.949	-0.949	-0.966	-0.950	-0.967	-0.967	-0.946	-0.967	-0.946	-0.967	-0.959	-0.962	-0.967	-0.945	-0.967	-0.967	-0.967	-0.966	-0.966	-0.964	-0.944	-0.962	-0.960	-0.945	-0.947	-0.947	-0.927	-0.938	-0.948	-0.943	
rs115502330    -0.849	-0.856	-0.854	-0.741	-0.757	-0.692	-0.757	-0.695	-0.698	-0.742	-0.672	-0.725	-0.490	-0.720	-0.355	-0.361	-0.682	-0.732	-0.364	-0.363	-0.363	-0.363	-0.353	-0.357	-0.365	-0.367	-0.379	-0.309	-0.356	-0.347	-0.733	-0.358	-0.354	-0.353	-0.637	-0.637	-0.637	-0.638	-0.738	-0.638	-0.638	-0.639	-0.639	-0.640	-0.303	-0.299	-0.738	-0.640	-0.738	-0.270	-0.642	-0.270	-0.185	-0.216	-0.207	-0.268	-0.270	-0.270	-0.219	-0.273	-0.737	-0.699	-0.320	-0.737	-0.278	-0.696	-0.736	-0.745	-0.244	-0.699	-0.699	-0.696	-0.699	-0.233	-0.732	-0.239	-0.732	-0.240	-0.737	-0.271	-0.277	-0.423	-0.812	-0.911	-0.900	-0.949	-0.953	-0.952	-0.951	-0.946	-0.946	-0.280	-0.946	-0.343	-0.946	-0.946	-0.953	-0.948	-0.939	-0.941	-0.953	-0.938	-0.952	-0.950	-0.953	-0.952	-0.951	-0.950	-0.951	-0.953	-0.952	-0.951	-0.947	-0.957	-0.951	-0.948	-0.951	-0.951	-0.952	-0.943	-0.953	-0.953	-0.947	-0.953	-0.947	-0.953	-0.952	-0.956	-0.953	-0.946	-0.953	-0.953	-0.953	-0.952	-0.952	-0.950	-0.945	-0.947	-0.945	-0.948	-0.930	-0.953	-0.910	-0.920	-0.931	-0.925	
rs67665719     -0.839	-0.848	-0.846	-0.724	-0.742	-0.716	-0.741	-0.719	-0.722	-0.724	-0.656	-0.618	-0.720	-0.488	-0.518	-0.522	-0.662	-0.623	-0.522	-0.522	-0.522	-0.522	-0.516	-0.518	-0.523	-0.524	-0.531	-0.486	-0.517	-0.512	-0.625	-0.519	-0.516	-0.516	-0.727	-0.728	-0.728	-0.728	-0.625	-0.728	-0.728	-0.727	-0.727	-0.727	-0.484	-0.481	-0.633	-0.726	-0.639	-0.461	-0.726	-0.461	-0.407	-0.425	-0.419	-0.459	-0.461	-0.461	-0.430	-0.462	-0.646	-0.705	-0.489	-0.646	-0.462	-0.683	-0.646	-0.647	-0.444	-0.687	-0.688	-0.684	-0.687	-0.438	-0.644	-0.441	-0.645	-0.442	-0.647	-0.459	-0.463	-0.548	-0.784	-0.889	-0.872	-0.940	-0.943	-0.942	-0.941	-0.939	-0.939	-0.384	-0.939	-0.435	-0.939	-0.939	-0.953	-0.941	-0.934	-0.936	-0.959	-0.932	-0.959	-0.943	-0.960	-0.959	-0.943	-0.943	-0.943	-0.960	-0.944	-0.944	-0.940	-0.948	-0.958	-0.940	-0.943	-0.943	-0.959	-0.944	-0.960	-0.960	-0.940	-0.960	-0.940	-0.960	-0.953	-0.956	-0.960	-0.939	-0.960	-0.960	-0.960	-0.959	-0.959	-0.957	-0.939	-0.954	-0.953	-0.939	-0.939	-0.940	-0.919	-0.929	-0.940	-0.935	
rs34112166     -0.610	-0.620	-0.618	-0.323	-0.334	-0.182	-0.331	-0.188	-0.193	-0.299	-0.286	-0.513	-0.355	-0.518	-0.246	-0.352	-0.296	-0.509	-0.355	-0.355	-0.355	-0.355	-0.353	-0.354	-0.356	-0.356	-0.359	-0.345	-0.354	-0.352	-0.508	-0.355	-0.354	-0.353	-0.332	-0.323	-0.314	-0.328	-0.500	-0.332	-0.333	-0.334	-0.342	-0.346	-0.342	-0.340	-0.508	-0.358	-0.512	-0.332	-0.381	-0.332	-0.293	-0.309	-0.304	-0.331	-0.332	-0.333	-0.308	-0.335	-0.517	-0.369	-0.355	-0.518	-0.340	-0.331	-0.519	-0.505	-0.321	-0.342	-0.344	-0.332	-0.341	-0.316	-0.525	-0.319	-0.524	-0.320	-0.519	-0.335	-0.337	-0.389	-0.609	-0.632	-0.613	-0.708	-0.704	-0.705	-0.708	-0.715	-0.716	-0.335	-0.716	-0.374	-0.716	-0.716	-0.695	-0.719	-0.720	-0.720	-0.697	-0.720	-0.698	-0.718	-0.684	-0.676	-0.718	-0.718	-0.718	-0.687	-0.717	-0.717	-0.719	-0.713	-0.670	-0.715	-0.718	-0.718	-0.678	-0.700	-0.679	-0.680	-0.720	-0.682	-0.720	-0.681	-0.708	-0.697	-0.681	-0.720	-0.681	-0.679	-0.679	-0.680	-0.680	-0.667	-0.720	-0.657	-0.651	-0.708	-0.616	-0.692	-0.589	-0.596	-0.617	-0.605	
rs11782222     -0.612	-0.623	-0.620	-0.327	-0.338	-0.187	-0.335	-0.193	-0.198	-0.303	-0.292	-0.517	-0.361	-0.522	-0.352	-0.248	-0.302	-0.512	-0.357	-0.357	-0.357	-0.357	-0.354	-0.355	-0.357	-0.358	-0.361	-0.345	-0.355	-0.353	-0.511	-0.356	-0.355	-0.354	-0.338	-0.329	-0.320	-0.333	-0.503	-0.338	-0.339	-0.340	-0.347	-0.351	-0.342	-0.340	-0.511	-0.363	-0.515	-0.332	-0.386	-0.332	-0.291	-0.307	-0.303	-0.330	-0.332	-0.332	-0.307	-0.335	-0.521	-0.374	-0.355	-0.521	-0.339	-0.336	-0.522	-0.509	-0.320	-0.347	-0.349	-0.337	-0.346	-0.315	-0.528	-0.318	-0.528	-0.319	-0.522	-0.335	-0.336	-0.391	-0.611	-0.635	-0.616	-0.711	-0.706	-0.708	-0.710	-0.718	-0.718	-0.335	-0.719	-0.374	-0.719	-0.719	-0.698	-0.721	-0.722	-0.722	-0.699	-0.722	-0.701	-0.721	-0.687	-0.679	-0.720	-0.720	-0.720	-0.690	-0.720	-0.720	-0.722	-0.715	-0.673	-0.717	-0.721	-0.721	-0.680	-0.703	-0.682	-0.682	-0.722	-0.684	-0.722	-0.683	-0.710	-0.700	-0.683	-0.722	-0.683	-0.682	-0.682	-0.683	-0.683	-0.670	-0.722	-0.660	-0.654	-0.711	-0.619	-0.695	-0.592	-0.599	-0.620	-0.608	
rs11782995     -0.912	-0.918	-0.916	-0.824	-0.836	-0.818	-0.835	-0.819	-0.821	-0.824	-0.704	-0.680	-0.682	-0.662	-0.296	-0.302	-0.553	-0.686	-0.304	-0.303	-0.303	-0.303	-0.292	-0.296	-0.305	-0.307	-0.320	-0.243	-0.294	-0.284	-0.690	-0.297	-0.292	-0.291	-0.697	-0.703	-0.708	-0.701	-0.706	-0.699	-0.699	-0.699	-0.696	-0.695	-0.235	-0.230	-0.702	-0.689	-0.701	-0.198	-0.682	-0.198	-0.107	-0.140	-0.131	-0.195	-0.198	-0.198	-0.144	-0.201	-0.697	-0.697	-0.252	-0.697	-0.206	-0.708	-0.695	-0.721	-0.170	-0.705	-0.705	-0.708	-0.706	-0.159	-0.682	-0.165	-0.684	-0.166	-0.697	-0.199	-0.204	-0.363	-0.844	-0.983	-0.973	-0.996	-1.003	-1.000	-0.998	-0.990	-0.990	-0.218	-0.990	-0.287	-0.990	-0.990	-1.005	-0.992	-0.980	-0.983	-1.011	-0.978	-1.010	-0.995	-1.016	-1.016	-0.996	-0.996	-0.996	-1.015	-0.998	-0.997	-0.990	-1.006	-1.017	-0.992	-0.996	-0.996	-1.017	-0.991	-1.017	-1.017	-0.990	-1.017	-0.990	-1.017	-1.001	-1.008	-1.017	-0.989	-1.017	-1.017	-1.017	-1.017	-1.017	-1.017	-0.988	-1.016	-1.016	-0.997	-1.008	-1.008	-0.990	-1.000	-1.008	-1.005	
rs72684286     -0.854	-0.862	-0.860	-0.750	-0.766	-0.741	-0.765	-0.744	-0.746	-0.749	-0.687	-0.636	-0.732	-0.623	-0.509	-0.512	-0.686	-0.502	-0.512	-0.511	-0.511	-0.511	-0.505	-0.508	-0.513	-0.514	-0.521	-0.473	-0.506	-0.500	-0.629	-0.508	-0.505	-0.505	-0.736	-0.737	-0.738	-0.737	-0.635	-0.737	-0.737	-0.737	-0.736	-0.736	-0.471	-0.468	-0.640	-0.735	-0.644	-0.447	-0.734	-0.447	-0.390	-0.409	-0.403	-0.445	-0.447	-0.447	-0.414	-0.448	-0.650	-0.720	-0.477	-0.649	-0.448	-0.702	-0.649	-0.656	-0.430	-0.705	-0.706	-0.702	-0.705	-0.423	-0.644	-0.426	-0.645	-0.427	-0.650	-0.445	-0.449	-0.540	-0.795	-0.906	-0.890	-0.952	-0.956	-0.954	-0.954	-0.950	-0.950	-0.374	-0.950	-0.427	-0.950	-0.951	-0.966	-0.952	-0.945	-0.947	-0.972	-0.943	-0.971	-0.954	-0.973	-0.972	-0.955	-0.955	-0.955	-0.973	-0.956	-0.955	-0.951	-0.960	-0.972	-0.951	-0.955	-0.955	-0.973	-0.956	-0.973	-0.973	-0.951	-0.973	-0.951	-0.973	-0.965	-0.969	-0.973	-0.951	-0.973	-0.973	-0.973	-0.973	-0.973	-0.971	-0.950	-0.969	-0.967	-0.951	-0.955	-0.954	-0.934	-0.945	-0.955	-0.950	
rs11779998     -0.613	-0.623	-0.620	-0.330	-0.341	-0.192	-0.338	-0.197	-0.203	-0.307	-0.295	-0.518	-0.364	-0.522	-0.355	-0.357	-0.304	-0.512	-0.249	-0.353	-0.353	-0.353	-0.351	-0.352	-0.354	-0.354	-0.357	-0.342	-0.351	-0.349	-0.511	-0.352	-0.351	-0.351	-0.334	-0.324	-0.315	-0.329	-0.503	-0.334	-0.334	-0.336	-0.344	-0.347	-0.338	-0.337	-0.511	-0.360	-0.515	-0.328	-0.383	-0.328	-0.287	-0.304	-0.299	-0.327	-0.328	-0.329	-0.303	-0.331	-0.520	-0.371	-0.353	-0.521	-0.337	-0.333	-0.522	-0.509	-0.316	-0.345	-0.346	-0.334	-0.343	-0.311	-0.528	-0.314	-0.527	-0.315	-0.522	-0.332	-0.334	-0.389	-0.611	-0.635	-0.617	-0.711	-0.706	-0.708	-0.710	-0.718	-0.718	-0.335	-0.719	-0.374	-0.719	-0.719	-0.698	-0.722	-0.722	-0.722	-0.700	-0.722	-0.701	-0.721	-0.687	-0.679	-0.721	-0.721	-0.721	-0.690	-0.720	-0.720	-0.722	-0.715	-0.673	-0.717	-0.721	-0.721	-0.681	-0.703	-0.682	-0.683	-0.723	-0.685	-0.723	-0.684	-0.711	-0.700	-0.684	-0.723	-0.684	-0.682	-0.682	-0.683	-0.683	-0.670	-0.722	-0.660	-0.654	-0.711	-0.619	-0.695	-0.592	-0.600	-0.620	-0.608	
rs7341594      -0.612	-0.622	-0.620	-0.330	-0.341	-0.192	-0.338	-0.197	-0.203	-0.306	-0.294	-0.517	-0.363	-0.522	-0.355	-0.357	-0.303	-0.511	-0.353	-0.248	-0.353	-0.353	-0.350	-0.352	-0.353	-0.354	-0.357	-0.342	-0.351	-0.349	-0.510	-0.352	-0.351	-0.350	-0.332	-0.322	-0.313	-0.327	-0.502	-0.332	-0.333	-0.334	-0.342	-0.345	-0.338	-0.336	-0.510	-0.358	-0.514	-0.328	-0.381	-0.328	-0.287	-0.304	-0.299	-0.327	-0.328	-0.329	-0.303	-0.331	-0.519	-0.370	-0.353	-0.520	-0.336	-0.331	-0.521	-0.508	-0.316	-0.343	-0.344	-0.332	-0.342	-0.311	-0.527	-0.314	-0.527	-0.315	-0.521	-0.332	-0.333	-0.388	-0.611	-0.634	-0.616	-0.710	-0.706	-0.707	-0.710	-0.717	-0.718	-0.335	-0.718	-0.374	-0.718	-0.718	-0.697	-0.721	-0.722	-0.722	-0.699	-0.722	-0.700	-0.720	-0.686	-0.678	-0.720	-0.720	-0.720	-0.689	-0.719	-0.719	-0.721	-0.715	-0.672	-0.717	-0.720	-0.720	-0.680	-0.702	-0.681	-0.682	-0.722	-0.684	-0.722	-0.683	-0.710	-0.700	-0.683	-0.722	-0.683	-0.681	-0.681	-0.682	-0.682	-0.669	-0.722	-0.659	-0.654	-0.710	-0.618	-0.694	-0.591	-0.599	-0.619	-0.608	
rs11786524     -0.612	-0.623	-0.620	-0.330	-0.341	-0.193	-0.338	-0.197	-0.203	-0.307	-0.295	-0.517	-0.363	-0.522	-0.355	-0.357	-0.303	-0.511	-0.353	-0.353	-0.248	-0.353	-0.350	-0.352	-0.353	-0.354	-0.357	-0.342	-0.351	-0.349	-0.510	-0.352	-0.351	-0.351	-0.332	-0.323	-0.314	-0.328	-0.502	-0.332	-0.333	-0.335	-0.342	-0.346	-0.338	-0.336	-0.510	-0.358	-0.514	-0.328	-0.381	-0.328	-0.287	-0.304	-0.299	-0.327	-0.328	-0.329	-0.303	-0.331	-0.520	-0.370	-0.353	-0.520	-0.336	-0.332	-0.521	-0.508	-0.316	-0.343	-0.345	-0.333	-0.342	-0.311	-0.527	-0.314	-0.527	-0.315	-0.521	-0.332	-0.333	-0.389	-0.611	-0.635	-0.616	-0.711	-0.706	-0.708	-0.710	-0.717	-0.718	-0.335	-0.718	-0.374	-0.718	-0.718	-0.697	-0.721	-0.722	-0.722	-0.699	-0.722	-0.700	-0.720	-0.686	-0.678	-0.720	-0.720	-0.720	-0.689	-0.719	-0.720	-0.722	-0.715	-0.673	-0.717	-0.720	-0.720	-0.680	-0.702	-0.681	-0.682	-0.722	-0.684	-0.722	-0.683	-0.710	-0.700	-0.683	-0.722	-0.683	-0.681	-0.681	-0.682	-0.682	-0.670	-0.722	-0.659	-0.654	-0.710	-0.619	-0.695	-0.592	-0.599	-0.619	-0.608	
rs11786573     -0.612	-0.623	-0.620	-0.330	-0.341	-0.193	-0.338	-0.198	-0.203	-0.307	-0.295	-0.517	-0.363	-0.522	-0.355	-0.357	-0.303	-0.511	-0.353	-0.353	-0.353	-0.248	-0.350	-0.352	-0.353	-0.354	-0.357	-0.342	-0.351	-0.349	-0.510	-0.352	-0.351	-0.351	-0.332	-0.323	-0.314	-0.328	-0.502	-0.333	-0.333	-0.335	-0.342	-0.346	-0.338	-0.336	-0.510	-0.358	-0.514	-0.328	-0.381	-0.328	-0.287	-0.304	-0.299	-0.327	-0.328	-0.329	-0.303	-0.331	-0.520	-0.370	-0.353	-0.520	-0.336	-0.332	-0.521	-0.508	-0.316	-0.343	-0.345	-0.333	-0.342	-0.311	-0.527	-0.314	-0.527	-0.315	-0.521	-0.332	-0.333	-0.389	-0.611	-0.635	-0.616	-0.711	-0.706	-0.708	-0.710	-0.717	-0.718	-0.335	-0.718	-0.374	-0.718	-0.718	-0.697	-0.721	-0.722	-0.722	-0.699	-0.722	-0.700	-0.720	-0.686	-0.678	-0.720	-0.720	-0.720	-0.689	-0.719	-0.720	-0.722	-0.715	-0.673	-0.717	-0.720	-0.720	-0.680	-0.702	-0.681	-0.682	-0.722	-0.684	-0.722	-0.683	-0.710	-0.700	-0.683	-0.722	-0.683	-0.681	-0.681	-0.682	-0.682	-0.670	-0.722	-0.659	-0.654	-0.710	-0.619	-0.695	-0.592	-0.599	-0.619	-0.608	
rs11786577     -0.608	-0.618	-0.616	-0.322	-0.333	-0.183	-0.330	-0.188	-0.194	-0.298	-0.284	-0.511	-0.353	-0.516	-0.353	-0.354	-0.292	-0.505	-0.351	-0.350	-0.350	-0.350	-0.244	-0.349	-0.351	-0.351	-0.354	-0.341	-0.348	-0.346	-0.504	-0.350	-0.349	-0.349	-0.321	-0.311	-0.302	-0.317	-0.495	-0.321	-0.322	-0.324	-0.331	-0.335	-0.338	-0.336	-0.504	-0.348	-0.508	-0.329	-0.371	-0.329	-0.290	-0.305	-0.301	-0.328	-0.329	-0.329	-0.305	-0.331	-0.513	-0.360	-0.352	-0.513	-0.337	-0.321	-0.515	-0.501	-0.317	-0.333	-0.334	-0.322	-0.331	-0.312	-0.521	-0.316	-0.521	-0.316	-0.515	-0.332	-0.334	-0.385	-0.606	-0.629	-0.610	-0.706	-0.701	-0.703	-0.705	-0.713	-0.713	-0.335	-0.714	-0.373	-0.714	-0.714	-0.693	-0.717	-0.718	-0.718	-0.694	-0.717	-0.695	-0.716	-0.681	-0.673	-0.715	-0.716	-0.716	-0.684	-0.715	-0.715	-0.717	-0.710	-0.667	-0.712	-0.716	-0.716	-0.675	-0.698	-0.676	-0.677	-0.718	-0.679	-0.718	-0.678	-0.705	-0.695	-0.678	-0.718	-0.678	-0.676	-0.676	-0.677	-0.677	-0.664	-0.717	-0.654	-0.648	-0.706	-0.613	-0.690	-0.586	-0.593	-0.613	-0.602	
rs59780141     -0.610	-0.620	-0.617	-0.326	-0.337	-0.188	-0.334	-0.192	-0.198	-0.302	-0.288	-0.513	-0.357	-0.518	-0.354	-0.355	-0.296	-0.508	-0.352	-0.352	-0.352	-0.352	-0.349	-0.246	-0.352	-0.352	-0.355	-0.342	-0.349	-0.347	-0.506	-0.351	-0.350	-0.350	-0.325	-0.316	-0.307	-0.321	-0.498	-0.326	-0.326	-0.328	-0.336	-0.340	-0.338	-0.337	-0.506	-0.352	-0.510	-0.328	-0.375	-0.328	-0.288	-0.305	-0.300	-0.328	-0.328	-0.329	-0.304	-0.331	-0.516	-0.364	-0.352	-0.516	-0.337	-0.325	-0.517	-0.504	-0.317	-0.337	-0.338	-0.326	-0.335	-0.312	-0.524	-0.315	-0.523	-0.316	-0.517	-0.332	-0.334	-0.387	-0.608	-0.631	-0.613	-0.708	-0.703	-0.705	-0.707	-0.715	-0.715	-0.335	-0.716	-0.374	-0.716	-0.716	-0.695	-0.718	-0.719	-0.719	-0.696	-0.719	-0.697	-0.718	-0.683	-0.675	-0.717	-0.718	-0.717	-0.686	-0.717	-0.717	-0.719	-0.712	-0.670	-0.714	-0.718	-0.718	-0.677	-0.699	-0.678	-0.679	-0.720	-0.681	-0.719	-0.680	-0.707	-0.697	-0.680	-0.720	-0.680	-0.678	-0.678	-0.679	-0.679	-0.666	-0.719	-0.656	-0.651	-0.708	-0.615	-0.692	-0.588	-0.595	-0.616	-0.604	
rs11783464     -0.613	-0.623	-0.621	-0.332	-0.343	-0.195	-0.340	-0.200	-0.206	-0.308	-0.297	-0.518	-0.365	-0.523	-0.356	-0.357	-0.305	-0.513	-0.354	-0.353	-0.353	-0.353	-0.351	-0.352	-0.249	-0.354	-0.357	-0.342	-0.351	-0.349	-0.512	-0.352	-0.351	-0.351	-0.334	-0.325	-0.316	-0.330	-0.503	-0.334	-0.335	-0.337	-0.344	-0.348	-0.338	-0.336	-0.511	-0.360	-0.516	-0.328	-0.383	-0.328	-0.286	-0.303	-0.298	-0.327	-0.328	-0.328	-0.302	-0.331	-0.521	-0.372	-0.353	-0.521	-0.336	-0.334	-0.522	-0.509	-0.316	-0.345	-0.346	-0.334	-0.344	-0.310	-0.528	-0.314	-0.528	-0.315	-0.522	-0.331	-0.333	-0.389	-0.612	-0.636	-0.617	-0.711	-0.707	-0.708	-0.711	-0.718	-0.719	-0.335	-0.719	-0.374	-0.719	-0.719	-0.698	-0.722	-0.723	-0.723	-0.700	-0.723	-0.701	-0.721	-0.687	-0.679	-0.721	-0.721	-0.721	-0.690	-0.720	-0.720	-0.722	-0.716	-0.674	-0.718	-0.721	-0.721	-0.681	-0.703	-0.682	-0.683	-0.723	-0.685	-0.723	-0.684	-0.711	-0.701	-0.684	-0.723	-0.684	-0.682	-0.682	-0.683	-0.683	-0.671	-0.723	-0.660	-0.655	-0.711	-0.620	-0.696	-0.593	-0.600	-0.620	-0.609	
rs57333327     -0.614	-0.624	-0.622	-0.334	-0.344	-0.197	-0.341	-0.201	-0.207	-0.310	-0.299	-0.519	-0.367	-0.524	-0.356	-0.358	-0.307	-0.514	-0.354	-0.354	-0.354	-0.354	-0.351	-0.352	-0.354	-0.250	-0.358	-0.342	-0.352	-0.349	-0.512	-0.352	-0.351	-0.351	-0.336	-0.326	-0.318	-0.331	-0.504	-0.336	-0.336	-0.338	-0.346	-0.349	-0.338	-0.339	-0.512	-0.361	-0.516	-0.327	-0.384	-0.327	-0.286	-0.303	-0.298	-0.327	-0.328	-0.328	-0.302	-0.331	-0.522	-0.373	-0.353	-0.522	-0.336	-0.335	-0.523	-0.510	-0.315	-0.346	-0.348	-0.336	-0.345	-0.310	-0.529	-0.314	-0.529	-0.314	-0.523	-0.331	-0.333	-0.390	-0.612	-0.636	-0.618	-0.712	-0.707	-0.709	-0.711	-0.719	-0.719	-0.335	-0.720	-0.374	-0.720	-0.720	-0.699	-0.723	-0.723	-0.723	-0.701	-0.723	-0.702	-0.722	-0.688	-0.680	-0.722	-0.722	-0.722	-0.691	-0.721	-0.721	-0.723	-0.716	-0.674	-0.718	-0.722	-0.722	-0.682	-0.704	-0.683	-0.684	-0.724	-0.686	-0.724	-0.685	-0.712	-0.701	-0.685	-0.724	-0.685	-0.683	-0.683	-0.684	-0.684	-0.671	-0.723	-0.661	-0.656	-0.712	-0.621	-0.696	-0.593	-0.601	-0.621	-0.610	
rs6996275      -0.619	-0.629	-0.627	-0.343	-0.354	-0.208	-0.351	-0.213	-0.219	-0.320	-0.312	-0.527	-0.379	-0.531	-0.359	-0.361	-0.320	-0.521	-0.357	-0.357	-0.357	-0.357	-0.354	-0.355	-0.357	-0.358	-0.255	-0.342	-0.354	-0.351	-0.520	-0.355	-0.354	-0.354	-0.349	-0.340	-0.331	-0.345	-0.512	-0.349	-0.350	-0.351	-0.358	-0.362	-0.339	-0.337	-0.520	-0.374	-0.524	-0.327	-0.395	-0.327	-0.282	-0.301	-0.295	-0.326	-0.327	-0.327	-0.299	-0.330	-0.529	-0.384	-0.354	-0.529	-0.336	-0.348	-0.530	-0.518	-0.314	-0.359	-0.360	-0.348	-0.357	-0.308	-0.536	-0.312	-0.536	-0.313	-0.530	-0.331	-0.333	-0.393	-0.617	-0.643	-0.624	-0.718	-0.713	-0.715	-0.717	-0.724	-0.725	-0.335	-0.725	-0.375	-0.725	-0.725	-0.705	-0.728	-0.729	-0.729	-0.706	-0.728	-0.708	-0.727	-0.694	-0.686	-0.727	-0.727	-0.727	-0.697	-0.726	-0.726	-0.728	-0.722	-0.680	-0.724	-0.727	-0.727	-0.688	-0.709	-0.689	-0.690	-0.729	-0.692	-0.729	-0.691	-0.717	-0.707	-0.691	-0.729	-0.691	-0.689	-0.689	-0.690	-0.690	-0.677	-0.728	-0.667	-0.662	-0.717	-0.627	-0.702	-0.600	-0.608	-0.628	-0.616	
rs73709779     -0.584	-0.594	-0.592	-0.283	-0.294	-0.138	-0.291	-0.143	-0.149	-0.258	-0.235	-0.480	-0.309	-0.486	-0.345	-0.345	-0.243	-0.473	-0.342	-0.342	-0.342	-0.342	-0.341	-0.342	-0.342	-0.342	-0.342	-0.218	-0.342	-0.341	-0.472	-0.342	-0.341	-0.341	-0.273	-0.263	-0.253	-0.268	-0.462	-0.274	-0.274	-0.276	-0.284	-0.289	-0.338	-0.338	-0.472	-0.302	-0.476	-0.333	-0.328	-0.333	-0.305	-0.316	-0.313	-0.333	-0.333	-0.333	-0.317	-0.335	-0.482	-0.315	-0.349	-0.482	-0.339	-0.274	-0.484	-0.469	-0.326	-0.286	-0.288	-0.275	-0.285	-0.322	-0.491	-0.324	-0.490	-0.325	-0.484	-0.335	-0.336	-0.370	-0.583	-0.602	-0.583	-0.682	-0.676	-0.678	-0.681	-0.689	-0.690	-0.334	-0.690	-0.370	-0.690	-0.690	-0.667	-0.693	-0.695	-0.695	-0.669	-0.695	-0.670	-0.692	-0.655	-0.647	-0.692	-0.692	-0.692	-0.659	-0.691	-0.691	-0.694	-0.686	-0.641	-0.689	-0.692	-0.692	-0.649	-0.673	-0.650	-0.651	-0.694	-0.653	-0.694	-0.652	-0.681	-0.670	-0.652	-0.695	-0.652	-0.650	-0.650	-0.651	-0.651	-0.638	-0.694	-0.627	-0.621	-0.682	-0.585	-0.664	-0.557	-0.565	-0.585	-0.574	
rs11780243     -0.609	-0.619	-0.616	-0.325	-0.336	-0.186	-0.332	-0.191	-0.197	-0.301	-0.286	-0.512	-0.356	-0.517	-0.354	-0.355	-0.294	-0.506	-0.351	-0.351	-0.351	-0.351	-0.348	-0.349	-0.351	-0.352	-0.354	-0.342	-0.245	-0.347	-0.505	-0.350	-0.349	-0.349	-0.323	-0.313	-0.304	-0.318	-0.496	-0.323	-0.324	-0.326	-0.333	-0.337	-0.338	-0.336	-0.505	-0.349	-0.509	-0.328	-0.373	-0.328	-0.289	-0.305	-0.300	-0.327	-0.328	-0.329	-0.304	-0.331	-0.514	-0.361	-0.352	-0.514	-0.336	-0.322	-0.516	-0.502	-0.317	-0.334	-0.335	-0.323	-0.333	-0.312	-0.522	-0.315	-0.522	-0.316	-0.515	-0.332	-0.333	-0.386	-0.607	-0.630	-0.611	-0.707	-0.702	-0.704	-0.706	-0.714	-0.714	-0.335	-0.715	-0.374	-0.715	-0.715	-0.693	-0.717	-0.718	-0.718	-0.695	-0.718	-0.696	-0.717	-0.682	-0.674	-0.716	-0.716	-0.716	-0.685	-0.716	-0.716	-0.718	-0.711	-0.668	-0.713	-0.717	-0.717	-0.676	-0.698	-0.677	-0.678	-0.718	-0.680	-0.718	-0.679	-0.706	-0.696	-0.679	-0.719	-0.679	-0.677	-0.677	-0.678	-0.678	-0.665	-0.718	-0.655	-0.649	-0.707	-0.614	-0.691	-0.587	-0.594	-0.614	-0.603	
rs61100635     -0.605	-0.615	-0.613	-0.318	-0.329	-0.178	-0.326	-0.183	-0.189	-0.294	-0.276	-0.507	-0.347	-0.512	-0.352	-0.353	-0.284	-0.500	-0.349	-0.349	-0.349	-0.349	-0.346	-0.347	-0.349	-0.349	-0.351	-0.341	-0.347	-0.241	-0.499	-0.348	-0.347	-0.347	-0.313	-0.304	-0.294	-0.309	-0.490	-0.314	-0.314	-0.316	-0.324	-0.328	-0.338	-0.336	-0.499	-0.340	-0.503	-0.328	-0.364	-0.328	-0.291	-0.306	-0.302	-0.328	-0.328	-0.329	-0.305	-0.331	-0.509	-0.353	-0.351	-0.509	-0.336	-0.313	-0.510	-0.496	-0.318	-0.325	-0.326	-0.314	-0.323	-0.313	-0.517	-0.316	-0.516	-0.317	-0.510	-0.332	-0.333	-0.383	-0.603	-0.625	-0.606	-0.703	-0.698	-0.700	-0.702	-0.710	-0.710	-0.335	-0.711	-0.373	-0.711	-0.711	-0.689	-0.714	-0.715	-0.715	-0.691	-0.714	-0.692	-0.713	-0.678	-0.669	-0.712	-0.713	-0.712	-0.681	-0.712	-0.712	-0.714	-0.707	-0.664	-0.709	-0.713	-0.713	-0.671	-0.694	-0.673	-0.673	-0.715	-0.675	-0.715	-0.674	-0.702	-0.691	-0.674	-0.715	-0.674	-0.673	-0.672	-0.674	-0.674	-0.661	-0.714	-0.650	-0.645	-0.703	-0.609	-0.686	-0.582	-0.589	-0.609	-0.598	
rs7839760      -0.856	-0.864	-0.862	-0.754	-0.770	-0.745	-0.768	-0.748	-0.750	-0.753	-0.692	-0.639	-0.733	-0.625	-0.508	-0.511	-0.690	-0.629	-0.511	-0.510	-0.510	-0.510	-0.504	-0.506	-0.512	-0.512	-0.520	-0.472	-0.505	-0.499	-0.504	-0.507	-0.504	-0.503	-0.737	-0.739	-0.740	-0.738	-0.636	-0.738	-0.738	-0.738	-0.738	-0.738	-0.469	-0.466	-0.640	-0.736	-0.644	-0.445	-0.734	-0.445	-0.388	-0.407	-0.401	-0.443	-0.445	-0.445	-0.412	-0.446	-0.649	-0.722	-0.475	-0.648	-0.447	-0.705	-0.648	-0.657	-0.428	-0.708	-0.708	-0.705	-0.707	-0.421	-0.643	-0.424	-0.644	-0.425	-0.650	-0.443	-0.447	-0.539	-0.796	-0.908	-0.892	-0.954	-0.957	-0.956	-0.955	-0.952	-0.952	-0.373	-0.952	-0.426	-0.952	-0.952	-0.968	-0.954	-0.946	-0.948	-0.974	-0.945	-0.973	-0.956	-0.975	-0.974	-0.957	-0.956	-0.957	-0.975	-0.958	-0.957	-0.953	-0.962	-0.974	-0.953	-0.957	-0.957	-0.975	-0.957	-0.975	-0.975	-0.953	-0.975	-0.953	-0.975	-0.967	-0.970	-0.975	-0.952	-0.975	-0.975	-0.975	-0.974	-0.974	-0.973	-0.951	-0.971	-0.969	-0.953	-0.957	-0.956	-0.936	-0.947	-0.957	-0.952	
rs58936256     -0.610	-0.620	-0.618	-0.327	-0.338	-0.189	-0.334	-0.193	-0.199	-0.303	-0.289	-0.514	-0.358	-0.519	-0.355	-0.356	-0.297	-0.508	-0.352	-0.352	-0.352	-0.352	-0.350	-0.351	-0.352	-0.352	-0.355	-0.342	-0.350	-0.348	-0.507	-0.246	-0.349	-0.349	-0.325	-0.315	-0.306	-0.320	-0.498	-0.325	-0.325	-0.327	-0.335	-0.338	-0.336	-0.335	-0.506	-0.351	-0.510	-0.326	-0.374	-0.326	-0.286	-0.302	-0.297	-0.325	-0.326	-0.327	-0.301	-0.329	-0.516	-0.363	-0.351	-0.516	-0.335	-0.324	-0.517	-0.504	-0.314	-0.336	-0.337	-0.325	-0.335	-0.309	-0.524	-0.313	-0.523	-0.313	-0.517	-0.330	-0.331	-0.386	-0.608	-0.631	-0.613	-0.708	-0.703	-0.705	-0.707	-0.715	-0.715	-0.335	-0.716	-0.374	-0.716	-0.716	-0.695	-0.719	-0.720	-0.720	-0.696	-0.719	-0.698	-0.718	-0.684	-0.675	-0.718	-0.718	-0.718	-0.687	-0.717	-0.717	-0.719	-0.712	-0.670	-0.715	-0.718	-0.718	-0.677	-0.700	-0.679	-0.679	-0.720	-0.681	-0.720	-0.680	-0.707	-0.697	-0.680	-0.720	-0.680	-0.679	-0.678	-0.679	-0.679	-0.667	-0.719	-0.656	-0.651	-0.708	-0.616	-0.692	-0.588	-0.596	-0.616	-0.605	
rs56774448     -0.608	-0.618	-0.616	-0.323	-0.334	-0.185	-0.331	-0.189	-0.195	-0.299	-0.284	-0.511	-0.354	-0.516	-0.354	-0.355	-0.292	-0.505	-0.351	-0.351	-0.351	-0.351	-0.349	-0.350	-0.351	-0.351	-0.354	-0.341	-0.349	-0.347	-0.504	-0.349	-0.244	-0.348	-0.320	-0.310	-0.301	-0.315	-0.495	-0.320	-0.320	-0.322	-0.329	-0.333	-0.335	-0.334	-0.503	-0.346	-0.508	-0.325	-0.369	-0.325	-0.286	-0.302	-0.297	-0.325	-0.326	-0.326	-0.301	-0.329	-0.513	-0.358	-0.350	-0.513	-0.334	-0.319	-0.514	-0.501	-0.314	-0.331	-0.332	-0.320	-0.330	-0.309	-0.521	-0.312	-0.520	-0.313	-0.514	-0.329	-0.331	-0.384	-0.607	-0.629	-0.610	-0.706	-0.701	-0.703	-0.705	-0.713	-0.713	-0.335	-0.714	-0.373	-0.714	-0.714	-0.693	-0.717	-0.718	-0.718	-0.694	-0.718	-0.696	-0.716	-0.681	-0.673	-0.716	-0.716	-0.716	-0.685	-0.715	-0.715	-0.717	-0.710	-0.668	-0.713	-0.716	-0.716	-0.675	-0.698	-0.676	-0.677	-0.718	-0.679	-0.718	-0.678	-0.705	-0.695	-0.678	-0.718	-0.678	-0.676	-0.676	-0.677	-0.677	-0.664	-0.717	-0.654	-0.649	-0.706	-0.613	-0.690	-0.586	-0.593	-0.614	-0.602	
rs118040162    -0.608	-0.618	-0.615	-0.322	-0.333	-0.184	-0.330	-0.188	-0.194	-0.298	-0.283	-0.511	-0.353	-0.516	-0.353	-0.354	-0.291	-0.505	-0.351	-0.350	-0.351	-0.351	-0.349	-0.350	-0.351	-0.351	-0.354	-0.341	-0.349	-0.347	-0.503	-0.349	-0.348	-0.244	-0.319	-0.309	-0.300	-0.314	-0.494	-0.319	-0.319	-0.321	-0.328	-0.332	-0.335	-0.333	-0.503	-0.344	-0.507	-0.325	-0.368	-0.325	-0.286	-0.302	-0.297	-0.325	-0.325	-0.326	-0.301	-0.328	-0.512	-0.357	-0.349	-0.513	-0.334	-0.318	-0.514	-0.500	-0.314	-0.330	-0.331	-0.319	-0.329	-0.309	-0.520	-0.312	-0.520	-0.313	-0.514	-0.329	-0.331	-0.383	-0.606	-0.629	-0.610	-0.706	-0.701	-0.703	-0.705	-0.713	-0.713	-0.335	-0.714	-0.373	-0.714	-0.714	-0.692	-0.716	-0.718	-0.717	-0.694	-0.717	-0.695	-0.716	-0.681	-0.673	-0.715	-0.715	-0.715	-0.684	-0.715	-0.715	-0.717	-0.710	-0.667	-0.712	-0.716	-0.716	-0.675	-0.697	-0.676	-0.677	-0.717	-0.679	-0.717	-0.678	-0.705	-0.695	-0.678	-0.718	-0.678	-0.676	-0.676	-0.677	-0.677	-0.664	-0.717	-0.654	-0.648	-0.706	-0.613	-0.689	-0.586	-0.593	-0.613	-0.602	
rs7832471      -0.861	-0.868	-0.866	-0.765	-0.780	-0.720	-0.779	-0.723	-0.725	-0.765	-0.699	-0.734	-0.637	-0.727	-0.332	-0.338	-0.697	-0.736	-0.334	-0.332	-0.332	-0.332	-0.321	-0.325	-0.334	-0.336	-0.349	-0.273	-0.323	-0.313	-0.737	-0.325	-0.320	-0.319	-0.502	-0.629	-0.629	-0.629	-0.742	-0.629	-0.629	-0.629	-0.628	-0.629	-0.259	-0.254	-0.742	-0.627	-0.742	-0.221	-0.629	-0.221	-0.128	-0.163	-0.153	-0.219	-0.221	-0.222	-0.165	-0.226	-0.740	-0.704	-0.279	-0.740	-0.233	-0.706	-0.739	-0.749	-0.193	-0.709	-0.709	-0.706	-0.708	-0.181	-0.734	-0.188	-0.735	-0.189	-0.740	-0.225	-0.230	-0.396	-0.820	-0.924	-0.914	-0.959	-0.964	-0.962	-0.961	-0.956	-0.956	-0.266	-0.956	-0.330	-0.956	-0.956	-0.964	-0.957	-0.948	-0.951	-0.963	-0.947	-0.963	-0.960	-0.964	-0.963	-0.961	-0.960	-0.961	-0.965	-0.962	-0.961	-0.956	-0.967	-0.963	-0.957	-0.961	-0.961	-0.964	-0.953	-0.964	-0.964	-0.956	-0.965	-0.956	-0.965	-0.963	-0.967	-0.965	-0.956	-0.965	-0.964	-0.964	-0.964	-0.964	-0.962	-0.955	-0.959	-0.958	-0.959	-0.944	-0.964	-0.923	-0.933	-0.944	-0.939	
rs7815177      -0.864	-0.871	-0.869	-0.770	-0.785	-0.726	-0.784	-0.728	-0.731	-0.770	-0.705	-0.735	-0.637	-0.728	-0.323	-0.329	-0.703	-0.737	-0.324	-0.322	-0.323	-0.323	-0.311	-0.316	-0.325	-0.326	-0.340	-0.263	-0.313	-0.304	-0.739	-0.315	-0.310	-0.309	-0.629	-0.505	-0.632	-0.630	-0.744	-0.629	-0.629	-0.629	-0.628	-0.629	-0.246	-0.241	-0.744	-0.626	-0.744	-0.208	-0.627	-0.208	-0.112	-0.148	-0.138	-0.205	-0.208	-0.208	-0.150	-0.212	-0.742	-0.707	-0.267	-0.741	-0.220	-0.711	-0.741	-0.751	-0.178	-0.713	-0.714	-0.712	-0.713	-0.166	-0.735	-0.174	-0.736	-0.175	-0.742	-0.212	-0.217	-0.388	-0.823	-0.928	-0.918	-0.962	-0.967	-0.965	-0.964	-0.958	-0.958	-0.260	-0.958	-0.325	-0.958	-0.958	-0.967	-0.960	-0.951	-0.953	-0.966	-0.949	-0.966	-0.962	-0.968	-0.966	-0.963	-0.963	-0.963	-0.968	-0.965	-0.964	-0.959	-0.970	-0.966	-0.960	-0.963	-0.963	-0.967	-0.956	-0.967	-0.968	-0.959	-0.968	-0.959	-0.968	-0.965	-0.970	-0.968	-0.958	-0.968	-0.968	-0.967	-0.967	-0.967	-0.965	-0.957	-0.962	-0.961	-0.961	-0.947	-0.967	-0.927	-0.937	-0.948	-0.942	
rs7815390      -0.867	-0.874	-0.872	-0.775	-0.789	-0.731	-0.788	-0.733	-0.736	-0.774	-0.710	-0.736	-0.637	-0.728	-0.314	-0.320	-0.708	-0.738	-0.315	-0.313	-0.314	-0.314	-0.302	-0.307	-0.316	-0.318	-0.331	-0.253	-0.304	-0.294	-0.740	-0.306	-0.301	-0.300	-0.629	-0.632	-0.508	-0.631	-0.745	-0.630	-0.630	-0.630	-0.628	-0.629	-0.234	-0.229	-0.745	-0.625	-0.745	-0.195	-0.626	-0.195	-0.097	-0.134	-0.124	-0.193	-0.195	-0.196	-0.136	-0.200	-0.742	-0.711	-0.256	-0.742	-0.208	-0.716	-0.741	-0.753	-0.165	-0.717	-0.718	-0.716	-0.717	-0.153	-0.735	-0.160	-0.736	-0.162	-0.742	-0.199	-0.205	-0.380	-0.825	-0.932	-0.921	-0.964	-0.969	-0.967	-0.966	-0.961	-0.960	-0.254	-0.960	-0.320	-0.960	-0.961	-0.969	-0.962	-0.953	-0.955	-0.969	-0.951	-0.968	-0.965	-0.970	-0.969	-0.966	-0.965	-0.966	-0.970	-0.967	-0.966	-0.961	-0.972	-0.969	-0.962	-0.966	-0.966	-0.970	-0.958	-0.970	-0.970	-0.961	-0.971	-0.961	-0.971	-0.968	-0.972	-0.971	-0.960	-0.971	-0.970	-0.970	-0.970	-0.970	-0.968	-0.959	-0.966	-0.964	-0.964	-0.951	-0.970	-0.931	-0.941	-0.951	-0.946	
rs11781723     -0.863	-0.870	-0.868	-0.768	-0.783	-0.724	-0.782	-0.726	-0.729	-0.768	-0.703	-0.735	-0.638	-0.728	-0.328	-0.333	-0.701	-0.737	-0.329	-0.327	-0.328	-0.328	-0.317	-0.321	-0.330	-0.331	-0.345	-0.268	-0.318	-0.309	-0.738	-0.320	-0.315	-0.314	-0.629	-0.630	-0.631	-0.504	-0.743	-0.629	-0.628	-0.628	-0.627	-0.628	-0.250	-0.245	-0.743	-0.625	-0.743	-0.212	-0.627	-0.212	-0.116	-0.152	-0.142	-0.210	-0.212	-0.212	-0.154	-0.216	-0.741	-0.706	-0.271	-0.741	-0.224	-0.709	-0.740	-0.751	-0.182	-0.711	-0.712	-0.709	-0.711	-0.171	-0.734	-0.178	-0.735	-0.179	-0.741	-0.216	-0.221	-0.391	-0.822	-0.927	-0.916	-0.961	-0.966	-0.964	-0.963	-0.957	-0.957	-0.262	-0.957	-0.327	-0.957	-0.958	-0.966	-0.959	-0.950	-0.952	-0.965	-0.948	-0.965	-0.962	-0.966	-0.965	-0.962	-0.962	-0.962	-0.967	-0.964	-0.963	-0.958	-0.969	-0.965	-0.959	-0.963	-0.963	-0.966	-0.955	-0.966	-0.966	-0.958	-0.967	-0.958	-0.967	-0.964	-0.969	-0.967	-0.957	-0.967	-0.966	-0.966	-0.966	-0.966	-0.964	-0.956	-0.961	-0.960	-0.960	-0.946	-0.966	-0.926	-0.936	-0.946	-0.941	
