## Summary of overall evidence for association with region:
## log10(BF for region) = 1.40508
## p-value for region = NA

## BFs for choosing among multi-SNP models:
## log10(average 1-SNP BF) = 1.44126
## log10(average 2-SNP BF) = 1.32221

## Example posterior probabilities for multi-SNP models, based on default prior: [p(l) propto 0.5^l for l=1,2,...,L]
## posterior probability of 1-SNP = 0.724571
## posterior probability of 2-SNP = 0.275429

## log10(BF) for single SNP and pair of SNPs:
rs11212287     -0.622	-0.837	-0.841	-0.763	-0.755	-0.846	-0.672	-0.883	-0.867	-0.877	-1.079	-1.076	-1.080	-1.080	-1.080	-1.066	-1.076	-1.083	-1.035	-0.639	-0.875	-1.022	-0.864	-1.023	-0.731	-0.862	-0.864	-0.864	-0.731	-0.705	-0.739	-0.722	-0.845	-1.055	-1.068	-0.350	-0.954	+2.015	+1.948	+1.953	-0.940	+2.104	-0.933	+2.175	+1.115	-0.927	+2.021	+1.228	+1.252	+2.208	-0.924	+1.260	+1.249	+1.920	+1.327	+0.882	+1.346	+1.307	+1.347	-0.992	-0.990	+1.362	+0.888	-0.979	+1.365	+1.374	-0.980	-0.979	+0.853	+1.380	+1.326	+1.373	-0.983	-0.978	+1.457	-0.960	-0.955	-0.950	+1.504	-0.937	-0.955	-0.950	-0.955	+1.918	-0.973	-0.961	+1.791	-0.964	-0.958	-0.954	-0.962	-0.960	-0.958	-0.960	+1.779	+1.836	+1.808	-0.946	+1.672	+1.813	-0.375	-0.802	-0.892	-0.428	-0.434	-0.428	-0.399	-0.371	-0.477	-0.407	-0.922	-0.387	-0.400	-0.477	+0.057	-0.439	+0.190	-0.944	-0.492	-0.391	-0.953	-0.386	-0.159	-0.752	-0.094	-0.084	-0.083	-0.185	-0.151	-0.198	-0.181	-0.181	-0.180	-0.492	-0.492	-0.927	+0.142	-0.130	-0.405	-0.019	-0.240	-0.894	-0.841	+0.111	-0.973	-0.976	+0.089	+0.452	+1.133	+0.387	-0.171	-0.121	-0.162	-0.125	+0.170	-0.115	-0.916	+0.082	-0.760	-0.207	+0.155	+0.040	-0.123	-0.190	-0.190	-0.253	-0.423	+0.514	-0.180	-0.091	-0.084	-0.089	+0.432	-0.760	-0.105	-0.098	-0.130	-0.104	-0.363	-0.396	-0.116	-0.914	-0.377	-0.369	-0.378	-0.114	+0.465	-0.104	
rs504712       -0.837	-0.610	-0.750	-0.836	-0.833	-0.749	-0.789	-0.871	-0.855	-0.866	-1.068	-1.065	-1.069	-1.068	-1.069	-1.056	-1.065	-1.072	-1.024	-0.630	-0.866	-1.011	-0.855	-1.011	-0.722	-0.853	-0.854	-0.854	-0.722	-0.696	-0.728	-0.711	-0.835	-1.044	-1.057	-0.342	-0.940	+2.018	+1.951	+1.957	-0.926	+2.107	-0.919	+2.178	+1.123	-0.912	+2.025	+1.235	+1.259	+2.211	-0.909	+1.267	+1.257	+1.927	+1.334	+0.885	+1.353	+1.314	+1.354	-0.979	-0.977	+1.368	+0.889	-0.966	+1.371	+1.380	-0.966	-0.966	+0.855	+1.386	+1.333	+1.379	-0.970	-0.964	+1.463	-0.946	-0.942	-0.936	+1.511	-0.923	-0.942	-0.936	-0.942	+1.927	-0.960	-0.947	+1.799	-0.951	-0.944	-0.940	-0.948	-0.946	-0.944	-0.947	+1.787	+1.845	+1.816	-0.935	+1.681	+1.822	-0.367	-0.793	-0.883	-0.418	-0.424	-0.419	-0.390	-0.362	-0.468	-0.398	-0.912	-0.378	-0.391	-0.468	+0.068	-0.430	+0.200	-0.934	-0.483	-0.381	-0.943	-0.376	-0.148	-0.743	-0.083	-0.073	-0.073	-0.174	-0.140	-0.188	-0.170	-0.170	-0.170	-0.482	-0.482	-0.918	+0.152	-0.122	-0.395	-0.011	-0.232	-0.886	-0.833	+0.118	-0.964	-0.964	+0.096	+0.461	+1.143	+0.394	-0.163	-0.114	-0.155	-0.118	+0.176	-0.107	-0.905	+0.090	-0.752	-0.199	+0.163	+0.048	-0.115	-0.182	-0.182	-0.244	-0.415	+0.521	-0.172	-0.082	-0.076	-0.080	+0.440	-0.749	-0.096	-0.090	-0.122	-0.095	-0.354	-0.388	-0.107	-0.902	-0.368	-0.360	-0.370	-0.106	+0.473	-0.096	
rs661708       -0.841	-0.750	-0.615	-0.840	-0.838	-0.750	-0.800	-0.875	-0.860	-0.871	-1.072	-1.069	-1.073	-1.073	-1.073	-1.060	-1.070	-1.076	-1.029	-0.635	-0.871	-1.016	-0.860	-1.016	-0.727	-0.858	-0.859	-0.859	-0.727	-0.700	-0.733	-0.716	-0.839	-1.048	-1.061	-0.346	-0.946	+2.009	+1.943	+1.948	-0.931	+2.098	-0.924	+2.169	+1.114	-0.917	+2.016	+1.226	+1.250	+2.202	-0.914	+1.258	+1.248	+1.918	+1.325	+0.881	+1.344	+1.306	+1.345	-0.984	-0.982	+1.359	+0.886	-0.971	+1.362	+1.371	-0.971	-0.971	+0.852	+1.377	+1.324	+1.370	-0.975	-0.969	+1.454	-0.952	-0.947	-0.941	+1.503	-0.928	-0.947	-0.941	-0.947	+1.920	-0.965	-0.952	+1.791	-0.956	-0.950	-0.946	-0.953	-0.951	-0.950	-0.952	+1.780	+1.837	+1.809	-0.940	+1.674	+1.815	-0.371	-0.797	-0.887	-0.422	-0.429	-0.423	-0.394	-0.366	-0.472	-0.402	-0.916	-0.382	-0.395	-0.472	+0.063	-0.434	+0.195	-0.938	-0.487	-0.386	-0.947	-0.381	-0.153	-0.747	-0.088	-0.078	-0.078	-0.179	-0.145	-0.193	-0.175	-0.175	-0.175	-0.487	-0.486	-0.922	+0.147	-0.126	-0.400	-0.014	-0.237	-0.890	-0.837	+0.114	-0.968	-0.969	+0.092	+0.456	+1.137	+0.389	-0.167	-0.118	-0.159	-0.122	+0.172	-0.111	-0.909	+0.085	-0.756	-0.203	+0.159	+0.043	-0.119	-0.186	-0.186	-0.249	-0.419	+0.516	-0.176	-0.087	-0.080	-0.085	+0.435	-0.753	-0.101	-0.094	-0.126	-0.100	-0.358	-0.392	-0.112	-0.907	-0.372	-0.365	-0.374	-0.110	+0.467	-0.100	
rs10789624     -0.763	-0.836	-0.840	-0.631	-0.769	-0.847	-0.721	-0.892	-0.875	-0.885	-1.087	-1.084	-1.088	-1.088	-1.089	-1.075	-1.085	-1.091	-1.044	-0.648	-0.884	-1.032	-0.873	-1.032	-0.740	-0.871	-0.873	-0.873	-0.740	-0.714	-0.748	-0.731	-0.854	-1.063	-1.076	-0.359	-0.964	+1.995	+1.928	+1.933	-0.950	+2.084	-0.943	+2.155	+1.096	-0.937	+2.001	+1.208	+1.233	+2.188	-0.934	+1.240	+1.230	+1.901	+1.308	+0.876	+1.326	+1.288	+1.327	-1.002	-1.000	+1.342	+0.881	-0.989	+1.345	+1.354	-0.989	-0.989	+0.847	+1.360	+1.306	+1.353	-0.993	-0.988	+1.437	-0.970	-0.965	-0.960	+1.486	-0.947	-0.965	-0.960	-0.965	+1.902	-0.983	-0.971	+1.774	-0.974	-0.968	-0.964	-0.971	-0.970	-0.968	-0.970	+1.762	+1.819	+1.791	-0.954	+1.655	+1.797	-0.383	-0.809	-0.899	-0.436	-0.442	-0.436	-0.407	-0.379	-0.485	-0.415	-0.929	-0.395	-0.408	-0.485	+0.048	-0.447	+0.181	-0.951	-0.500	-0.399	-0.960	-0.394	-0.169	-0.760	-0.103	-0.094	-0.093	-0.195	-0.160	-0.208	-0.190	-0.190	-0.190	-0.500	-0.500	-0.934	+0.133	-0.138	-0.413	-0.026	-0.249	-0.902	-0.848	+0.103	-0.981	-0.984	+0.082	+0.443	+1.119	+0.377	-0.179	-0.129	-0.171	-0.134	+0.162	-0.123	-0.925	+0.072	-0.767	-0.215	+0.146	+0.031	-0.131	-0.198	-0.198	-0.261	-0.430	+0.503	-0.188	-0.100	-0.093	-0.097	+0.423	-0.767	-0.113	-0.107	-0.139	-0.113	-0.370	-0.404	-0.125	-0.923	-0.384	-0.376	-0.386	-0.123	+0.455	-0.113	
rs7107870      -0.755	-0.833	-0.838	-0.769	-0.635	-0.846	-0.750	-0.897	-0.880	-0.890	-1.092	-1.088	-1.093	-1.092	-1.093	-1.079	-1.089	-1.095	-1.048	-0.652	-0.889	-1.036	-0.878	-1.036	-0.745	-0.876	-0.877	-0.877	-0.745	-0.719	-0.753	-0.736	-0.859	-1.068	-1.081	-0.363	-0.970	+1.984	+1.917	+1.922	-0.955	+2.073	-0.949	+2.144	+1.085	-0.942	+1.990	+1.198	+1.222	+2.177	-0.939	+1.229	+1.219	+1.890	+1.297	+0.873	+1.315	+1.277	+1.316	-1.007	-1.005	+1.331	+0.878	-0.994	+1.334	+1.343	-0.995	-0.994	+0.844	+1.349	+1.295	+1.342	-0.998	-0.993	+1.426	-0.975	-0.971	-0.966	+1.475	-0.953	-0.971	-0.965	-0.971	+1.892	-0.988	-0.976	+1.765	-0.979	-0.973	-0.969	-0.977	-0.975	-0.973	-0.975	+1.752	+1.809	+1.782	-0.959	+1.646	+1.787	-0.387	-0.813	-0.903	-0.440	-0.446	-0.440	-0.411	-0.383	-0.489	-0.419	-0.933	-0.399	-0.413	-0.489	+0.044	-0.451	+0.176	-0.955	-0.504	-0.403	-0.964	-0.398	-0.174	-0.764	-0.108	-0.099	-0.098	-0.200	-0.165	-0.213	-0.195	-0.195	-0.195	-0.504	-0.504	-0.938	+0.128	-0.141	-0.417	-0.030	-0.254	-0.906	-0.852	+0.099	-0.985	-0.989	+0.078	+0.437	+1.112	+0.372	-0.183	-0.133	-0.175	-0.138	+0.158	-0.127	-0.930	+0.067	-0.771	-0.219	+0.142	+0.026	-0.135	-0.202	-0.202	-0.265	-0.433	+0.497	-0.192	-0.104	-0.098	-0.102	+0.418	-0.771	-0.118	-0.112	-0.144	-0.117	-0.374	-0.408	-0.129	-0.928	-0.388	-0.380	-0.390	-0.128	+0.449	-0.117	
rs646990       -0.846	-0.749	-0.750	-0.847	-0.846	-0.620	-0.816	-0.881	-0.865	-0.876	-1.078	-1.074	-1.079	-1.078	-1.079	-1.065	-1.075	-1.082	-1.034	-0.640	-0.876	-1.022	-0.865	-1.022	-0.732	-0.863	-0.864	-0.864	-0.732	-0.706	-0.739	-0.722	-0.845	-1.054	-1.066	-0.352	-0.952	+1.998	+1.931	+1.936	-0.937	+2.086	-0.931	+2.157	+1.102	-0.924	+2.004	+1.214	+1.239	+2.190	-0.921	+1.246	+1.236	+1.906	+1.313	+0.878	+1.332	+1.294	+1.333	-0.990	-0.988	+1.347	+0.883	-0.977	+1.350	+1.359	-0.977	-0.977	+0.849	+1.365	+1.312	+1.358	-0.981	-0.976	+1.442	-0.958	-0.953	-0.948	+1.492	-0.935	-0.953	-0.947	-0.953	+1.909	-0.971	-0.958	+1.781	-0.962	-0.956	-0.952	-0.959	-0.958	-0.956	-0.958	+1.769	+1.826	+1.799	-0.945	+1.663	+1.804	-0.376	-0.802	-0.891	-0.427	-0.434	-0.428	-0.399	-0.371	-0.477	-0.407	-0.921	-0.387	-0.400	-0.477	+0.057	-0.439	+0.190	-0.943	-0.492	-0.391	-0.952	-0.385	-0.159	-0.752	-0.094	-0.084	-0.084	-0.185	-0.151	-0.199	-0.181	-0.181	-0.180	-0.492	-0.491	-0.926	+0.142	-0.130	-0.405	-0.019	-0.242	-0.895	-0.841	+0.109	-0.973	-0.974	+0.087	+0.450	+1.128	+0.384	-0.172	-0.123	-0.164	-0.127	+0.168	-0.116	-0.915	+0.078	-0.761	-0.208	+0.153	+0.038	-0.124	-0.191	-0.191	-0.254	-0.423	+0.509	-0.181	-0.093	-0.086	-0.090	+0.429	-0.757	-0.106	-0.100	-0.132	-0.105	-0.363	-0.397	-0.117	-0.913	-0.377	-0.369	-0.379	-0.116	+0.461	-0.106	
rs6588969      -0.672	-0.789	-0.800	-0.721	-0.750	-0.816	-0.654	-0.916	-0.897	-0.908	-1.109	-1.106	-1.111	-1.110	-1.111	-1.097	-1.107	-1.112	-1.066	-0.672	-0.909	-1.057	-0.898	-1.057	-0.765	-0.896	-0.898	-0.898	-0.765	-0.739	-0.772	-0.755	-0.879	-1.086	-1.098	-0.381	-0.993	+1.930	+1.864	+1.868	-0.979	+2.018	-0.973	+2.089	+1.033	-0.966	+1.936	+1.144	+1.168	+2.121	-0.963	+1.176	+1.166	+1.836	+1.243	+0.863	+1.261	+1.223	+1.262	-1.029	-1.026	+1.276	+0.868	-1.017	+1.280	+1.288	-1.017	-1.017	+0.834	+1.293	+1.241	+1.287	-1.020	-1.015	+1.370	-0.998	-0.994	-0.989	+1.425	-0.976	-0.994	-0.988	-0.994	+1.844	-1.011	-0.999	+1.717	-1.002	-0.996	-0.992	-0.999	-0.998	-0.996	-0.998	+1.705	+1.761	+1.735	-0.976	+1.600	+1.740	-0.402	-0.825	-0.916	-0.456	-0.461	-0.455	-0.427	-0.398	-0.504	-0.435	-0.946	-0.415	-0.428	-0.505	+0.025	-0.466	+0.157	-0.969	-0.520	-0.418	-0.978	-0.413	-0.195	-0.779	-0.129	-0.119	-0.118	-0.220	-0.186	-0.233	-0.216	-0.216	-0.215	-0.520	-0.520	-0.952	+0.109	-0.155	-0.432	-0.043	-0.273	-0.919	-0.865	+0.085	-1.000	-1.006	+0.063	+0.416	+1.076	+0.351	-0.199	-0.150	-0.192	-0.156	+0.143	-0.142	-0.949	+0.044	-0.783	-0.235	+0.123	+0.004	-0.151	-0.217	-0.218	-0.281	-0.443	+0.472	-0.207	-0.123	-0.116	-0.121	+0.398	-0.785	-0.137	-0.130	-0.164	-0.136	-0.388	-0.423	-0.148	-0.947	-0.402	-0.394	-0.404	-0.147	+0.423	-0.136	
rs144514377    -0.883	-0.871	-0.875	-0.892	-0.897	-0.881	-0.916	-0.413	-0.676	-0.691	-0.887	-0.884	-0.888	-0.887	-0.888	-0.875	-0.885	-0.890	-0.844	-0.449	-0.688	-0.837	-0.677	-0.837	-0.542	-0.675	-0.676	-0.676	-0.542	-0.516	-0.549	-0.532	-0.657	-0.864	-0.876	-0.152	-0.777	+2.079	+2.016	+2.019	-0.763	+2.166	-0.757	+2.235	+1.177	-0.751	+2.088	+1.289	+1.311	+2.271	-0.748	+1.319	+1.310	+1.983	+1.385	+1.129	+1.403	+1.366	+1.404	-0.811	-0.809	+1.414	+1.134	-0.800	+1.420	+1.425	-0.800	-0.800	+1.099	+1.431	+1.379	+1.424	-0.803	-0.798	+1.505	-0.782	-0.777	-0.773	+1.589	-0.760	-0.777	-0.772	-0.777	+2.025	-0.794	-0.782	+1.899	-0.785	-0.780	-0.776	-0.783	-0.781	-0.779	-0.781	+1.885	+1.940	+1.921	-0.752	+1.784	+1.923	-0.172	-0.593	-0.686	-0.227	-0.232	-0.226	-0.197	-0.168	-0.275	-0.205	-0.717	-0.185	-0.198	-0.276	+0.259	-0.237	+0.394	-0.740	-0.291	-0.188	-0.749	-0.183	+0.029	-0.548	+0.097	+0.107	+0.107	+0.005	+0.040	-0.009	+0.009	+0.009	+0.010	-0.291	-0.291	-0.723	+0.345	+0.083	-0.203	+0.197	-0.045	-0.690	-0.634	+0.324	-0.772	-0.783	+0.302	+0.650	+1.287	+0.587	+0.033	+0.082	+0.037	+0.075	+0.382	+0.089	-0.727	+0.269	-0.551	-0.004	+0.360	+0.231	+0.081	+0.014	+0.014	-0.052	-0.211	+0.702	+0.024	+0.105	+0.112	+0.107	+0.634	-0.553	+0.091	+0.098	+0.063	+0.092	-0.158	-0.193	+0.080	-0.725	-0.172	-0.164	-0.173	+0.081	+0.653	+0.092	
rs3132820      -0.867	-0.855	-0.860	-0.875	-0.880	-0.865	-0.897	-0.676	-0.385	-0.667	-0.863	-0.860	-0.864	-0.863	-0.864	-0.851	-0.861	-0.864	-0.820	-0.424	-0.664	-0.814	-0.653	-0.814	-0.518	-0.651	-0.652	-0.652	-0.518	-0.491	-0.525	-0.508	-0.633	-0.840	-0.852	-0.128	-0.755	+2.091	+2.028	+2.032	-0.741	+2.178	-0.735	+2.247	+1.196	-0.729	+2.100	+1.307	+1.330	+2.282	-0.726	+1.337	+1.328	+1.998	+1.403	+1.136	+1.421	+1.384	+1.422	-0.789	-0.787	+1.432	+1.141	-0.778	+1.438	+1.443	-0.778	-0.777	+1.107	+1.449	+1.397	+1.442	-0.781	-0.776	+1.524	-0.760	-0.755	-0.751	+1.609	-0.738	-0.755	-0.750	-0.755	+2.046	-0.772	-0.760	+1.920	-0.763	-0.758	-0.754	-0.761	-0.759	-0.757	-0.759	+1.906	+1.962	+1.942	-0.728	+1.806	+1.945	-0.142	-0.571	-0.664	-0.200	-0.206	-0.200	-0.171	-0.142	-0.249	-0.179	-0.694	-0.158	-0.172	-0.250	+0.282	-0.211	+0.415	-0.718	-0.265	-0.162	-0.727	-0.157	+0.055	-0.527	+0.123	+0.133	+0.133	+0.030	+0.066	+0.017	+0.035	+0.035	+0.035	-0.265	-0.265	-0.700	+0.366	+0.106	-0.177	+0.219	-0.019	-0.667	-0.612	+0.349	-0.750	-0.758	+0.327	+0.675	+1.313	+0.611	+0.059	+0.108	+0.066	+0.103	+0.408	+0.116	-0.703	+0.297	-0.529	+0.023	+0.385	+0.257	+0.109	+0.041	+0.040	-0.022	-0.183	+0.725	+0.054	+0.133	+0.140	+0.135	+0.660	-0.532	+0.119	+0.126	+0.093	+0.120	-0.129	-0.163	+0.108	-0.702	-0.143	-0.135	-0.145	+0.109	+0.676	+0.120	
rs11212296     -0.877	-0.866	-0.871	-0.885	-0.890	-0.876	-0.908	-0.691	-0.667	-0.403	-0.869	-0.866	-0.870	-0.869	-0.870	-0.856	-0.866	-0.874	-0.822	-0.406	-0.659	-0.820	-0.648	-0.820	-0.505	-0.646	-0.647	-0.647	-0.505	-0.478	-0.514	-0.495	-0.627	-0.845	-0.858	-0.143	-0.770	+2.136	+2.072	+2.074	-0.757	+2.224	-0.751	+2.294	+1.226	-0.744	+2.143	+1.339	+1.363	+2.329	-0.741	+1.371	+1.361	+2.043	+1.438	+1.130	+1.456	+1.418	+1.457	-0.804	-0.802	+1.467	+1.135	-0.793	+1.474	+1.478	-0.793	-0.793	+1.100	+1.484	+1.432	+1.478	-0.796	-0.791	+1.560	-0.775	-0.771	-0.766	+1.602	-0.753	-0.771	-0.766	-0.771	+2.046	-0.787	-0.775	+1.920	-0.778	-0.773	-0.769	-0.776	-0.774	-0.773	-0.774	+1.905	+1.961	+1.941	-0.743	+1.804	+1.944	-0.163	-0.590	-0.682	-0.218	-0.224	-0.218	-0.189	-0.160	-0.267	-0.197	-0.712	-0.177	-0.190	-0.268	+0.266	-0.229	+0.401	-0.735	-0.283	-0.180	-0.744	-0.175	+0.038	-0.545	+0.106	+0.116	+0.117	+0.014	+0.049	+0.000	+0.018	+0.018	+0.019	-0.283	-0.283	-0.718	+0.352	+0.089	-0.195	+0.202	-0.038	-0.685	-0.630	+0.329	-0.767	-0.775	+0.307	+0.662	+1.313	+0.595	+0.041	+0.090	+0.046	+0.083	+0.388	+0.098	-0.719	+0.279	-0.547	+0.004	+0.363	+0.240	+0.090	+0.022	+0.022	-0.043	-0.202	+0.707	+0.034	+0.115	+0.122	+0.117	+0.644	-0.547	+0.101	+0.108	+0.073	+0.102	-0.149	-0.185	+0.090	-0.717	-0.163	-0.155	-0.165	+0.091	+0.659	+0.102	
rs11212302     -1.079	-1.068	-1.072	-1.087	-1.092	-1.078	-1.109	-0.887	-0.863	-0.869	-0.614	-0.784	-0.764	-0.783	-0.784	-0.709	-0.760	-0.917	-0.420	-0.038	-0.502	-0.867	-0.478	-0.867	-0.218	-0.474	-0.477	-0.477	-0.217	-0.164	-0.262	-0.225	-0.457	-0.861	-0.895	-0.325	-0.960	+2.047	+1.983	+1.984	-0.946	+2.138	-0.940	+2.210	+1.090	-0.934	+2.052	+1.203	+1.228	+2.244	-0.931	+1.235	+1.225	+1.975	+1.303	+0.924	+1.322	+1.284	+1.323	-0.995	-0.993	+1.331	+0.928	-0.984	+1.339	+1.342	-0.983	-0.983	+0.894	+1.347	+1.294	+1.341	-0.986	-0.982	+1.425	-0.965	-0.961	-0.956	+1.475	-0.944	-0.961	-0.956	-0.961	+1.957	-0.978	-0.966	+1.827	-0.968	-0.964	-0.959	-0.966	-0.964	-0.963	-0.965	+1.808	+1.866	+1.834	-0.937	+1.694	+1.837	-0.359	-0.785	-0.876	-0.414	-0.419	-0.413	-0.384	-0.356	-0.462	-0.393	-0.906	-0.372	-0.386	-0.463	+0.092	-0.425	+0.226	-0.929	-0.478	-0.376	-0.938	-0.371	-0.154	-0.739	-0.084	-0.074	-0.074	-0.176	-0.142	-0.190	-0.172	-0.172	-0.171	-0.478	-0.478	-0.912	+0.177	-0.101	-0.391	+0.012	-0.235	-0.879	-0.825	+0.142	-0.960	-0.966	+0.120	+0.479	+1.172	+0.423	-0.157	-0.107	-0.151	-0.114	+0.200	-0.100	-0.912	+0.087	-0.743	-0.193	+0.169	+0.047	-0.108	-0.176	-0.176	-0.242	-0.396	+0.523	-0.152	-0.078	-0.072	-0.076	+0.469	-0.740	-0.092	-0.085	-0.119	-0.091	-0.345	-0.380	-0.102	-0.910	-0.360	-0.352	-0.361	-0.102	+0.473	-0.091	
rs6588973      -1.076	-1.065	-1.069	-1.084	-1.088	-1.074	-1.106	-0.884	-0.860	-0.866	-0.784	-0.612	-0.816	-0.767	-0.782	-0.839	-0.827	-0.893	-0.785	-0.311	-0.675	-0.902	-0.658	-0.902	-0.454	-0.655	-0.657	-0.657	-0.454	-0.412	-0.481	-0.452	-0.636	-0.921	-0.936	-0.342	-0.964	+1.995	+1.932	+1.933	-0.951	+2.086	-0.945	+2.158	+1.045	-0.939	+2.001	+1.158	+1.182	+2.192	-0.936	+1.190	+1.179	+1.864	+1.258	+0.906	+1.277	+1.238	+1.277	-0.997	-0.995	+1.286	+0.911	-0.986	+1.294	+1.297	-0.986	-0.986	+0.877	+1.303	+1.250	+1.296	-0.989	-0.984	+1.380	-0.969	-0.964	-0.960	+1.438	-0.948	-0.964	-0.960	-0.964	+1.916	-0.980	-0.969	+1.786	-0.972	-0.967	-0.963	-0.969	-0.968	-0.966	-0.968	+1.768	+1.826	+1.795	-0.933	+1.655	+1.798	-0.364	-0.782	-0.872	-0.419	-0.424	-0.419	-0.390	-0.361	-0.467	-0.398	-0.903	-0.378	-0.391	-0.468	+0.067	-0.430	+0.200	-0.926	-0.483	-0.381	-0.935	-0.376	-0.166	-0.741	-0.099	-0.089	-0.088	-0.190	-0.155	-0.204	-0.186	-0.186	-0.186	-0.483	-0.483	-0.909	+0.150	-0.116	-0.396	-0.004	-0.240	-0.877	-0.822	+0.124	-0.957	-0.964	+0.102	+0.455	+1.134	+0.395	-0.162	-0.113	-0.158	-0.121	+0.182	-0.106	-0.911	+0.073	-0.740	-0.198	+0.156	+0.034	-0.114	-0.180	-0.181	-0.244	-0.404	+0.501	-0.169	-0.090	-0.084	-0.088	+0.442	-0.745	-0.104	-0.097	-0.132	-0.103	-0.350	-0.386	-0.115	-0.910	-0.364	-0.356	-0.365	-0.114	+0.452	-0.103	
rs10789626     -1.080	-1.069	-1.073	-1.088	-1.093	-1.079	-1.111	-0.888	-0.864	-0.870	-0.764	-0.816	-0.616	-0.747	-0.761	-0.766	-0.786	-0.903	-0.591	-0.137	-0.568	-0.893	-0.546	-0.894	-0.305	-0.542	-0.545	-0.545	-0.304	-0.255	-0.342	-0.308	-0.524	-0.886	-0.912	-0.334	-0.964	+2.019	+1.955	+1.956	-0.951	+2.110	-0.945	+2.182	+1.066	-0.938	+2.025	+1.179	+1.203	+2.215	-0.935	+1.211	+1.201	+1.945	+1.279	+0.914	+1.298	+1.260	+1.298	-0.998	-0.996	+1.306	+0.919	-0.987	+1.315	+1.317	-0.987	-0.987	+0.885	+1.323	+1.270	+1.317	-0.990	-0.985	+1.401	-0.969	-0.965	-0.960	+1.454	-0.948	-0.965	-0.960	-0.965	+1.930	-0.981	-0.970	+1.801	-0.972	-0.967	-0.963	-0.970	-0.968	-0.967	-0.968	+1.782	+1.840	+1.809	-0.938	+1.669	+1.812	-0.363	-0.785	-0.876	-0.418	-0.423	-0.417	-0.389	-0.360	-0.466	-0.397	-0.907	-0.376	-0.390	-0.467	+0.077	-0.429	+0.211	-0.930	-0.482	-0.380	-0.939	-0.375	-0.161	-0.741	-0.093	-0.083	-0.082	-0.184	-0.150	-0.198	-0.180	-0.180	-0.180	-0.482	-0.482	-0.912	+0.162	-0.110	-0.395	+0.002	-0.239	-0.880	-0.826	+0.131	-0.961	-0.968	+0.109	+0.463	+1.147	+0.406	-0.161	-0.112	-0.156	-0.119	+0.189	-0.104	-0.914	+0.079	-0.743	-0.197	+0.161	+0.039	-0.112	-0.179	-0.179	-0.244	-0.401	+0.509	-0.162	-0.086	-0.079	-0.084	+0.452	-0.745	-0.099	-0.093	-0.127	-0.098	-0.349	-0.384	-0.110	-0.913	-0.363	-0.355	-0.365	-0.109	+0.460	-0.099	
rs10789627     -1.080	-1.068	-1.073	-1.088	-1.092	-1.078	-1.110	-0.887	-0.863	-0.869	-0.783	-0.767	-0.747	-0.615	-0.748	-0.679	-0.673	-0.919	-0.322	+0.024	-0.481	-0.857	-0.457	-0.857	-0.191	-0.452	-0.455	-0.455	-0.191	-0.137	-0.237	-0.199	-0.435	-0.854	-0.889	-0.320	-0.960	+2.064	+2.001	+2.001	-0.946	+2.155	-0.940	+2.228	+1.103	-0.934	+2.069	+1.216	+1.240	+2.262	-0.931	+1.248	+1.237	+1.993	+1.316	+0.930	+1.336	+1.297	+1.336	-0.995	-0.993	+1.344	+0.935	-0.984	+1.352	+1.355	-0.984	-0.983	+0.900	+1.361	+1.307	+1.354	-0.986	-0.982	+1.439	-0.966	-0.961	-0.956	+1.486	-0.944	-0.961	-0.956	-0.961	+1.979	-0.978	-0.966	+1.848	-0.969	-0.964	-0.959	-0.966	-0.964	-0.963	-0.965	+1.829	+1.887	+1.853	-0.938	+1.713	+1.857	-0.358	-0.786	-0.877	-0.413	-0.418	-0.412	-0.384	-0.355	-0.461	-0.392	-0.907	-0.372	-0.385	-0.462	+0.097	-0.424	+0.231	-0.930	-0.477	-0.375	-0.939	-0.370	-0.152	-0.738	-0.082	-0.072	-0.071	-0.174	-0.139	-0.187	-0.169	-0.169	-0.169	-0.477	-0.477	-0.912	+0.182	-0.098	-0.390	+0.015	-0.234	-0.880	-0.825	+0.145	-0.961	-0.967	+0.123	+0.485	+1.184	+0.428	-0.156	-0.107	-0.150	-0.113	+0.203	-0.099	-0.913	+0.090	-0.743	-0.192	+0.172	+0.049	-0.108	-0.175	-0.175	-0.242	-0.395	+0.527	-0.149	-0.076	-0.070	-0.074	+0.473	-0.740	-0.090	-0.083	-0.117	-0.089	-0.345	-0.380	-0.100	-0.911	-0.359	-0.351	-0.361	-0.100	+0.477	-0.090	
rs10789628     -1.080	-1.069	-1.073	-1.089	-1.093	-1.079	-1.111	-0.888	-0.864	-0.870	-0.784	-0.782	-0.761	-0.748	-0.616	-0.703	-0.704	-0.916	-0.393	-0.005	-0.501	-0.866	-0.477	-0.866	-0.217	-0.473	-0.476	-0.476	-0.216	-0.163	-0.261	-0.223	-0.455	-0.862	-0.895	-0.323	-0.961	+2.051	+1.988	+1.989	-0.948	+2.143	-0.942	+2.215	+1.093	-0.936	+2.057	+1.206	+1.230	+2.249	-0.933	+1.238	+1.227	+1.980	+1.306	+0.926	+1.325	+1.287	+1.326	-0.996	-0.994	+1.334	+0.931	-0.985	+1.342	+1.345	-0.985	-0.985	+0.896	+1.350	+1.297	+1.344	-0.988	-0.983	+1.428	-0.967	-0.963	-0.958	+1.477	-0.945	-0.963	-0.958	-0.963	+1.967	-0.979	-0.968	+1.837	-0.970	-0.965	-0.961	-0.967	-0.966	-0.964	-0.966	+1.818	+1.876	+1.843	-0.939	+1.703	+1.846	-0.359	-0.786	-0.877	-0.415	-0.420	-0.414	-0.385	-0.356	-0.463	-0.393	-0.907	-0.373	-0.387	-0.464	+0.092	-0.425	+0.226	-0.930	-0.479	-0.377	-0.939	-0.372	-0.154	-0.739	-0.085	-0.075	-0.074	-0.177	-0.142	-0.190	-0.172	-0.172	-0.172	-0.479	-0.479	-0.913	+0.177	-0.101	-0.391	+0.011	-0.236	-0.880	-0.826	+0.142	-0.961	-0.968	+0.120	+0.480	+1.175	+0.423	-0.158	-0.108	-0.152	-0.115	+0.199	-0.101	-0.914	+0.087	-0.744	-0.194	+0.169	+0.046	-0.109	-0.176	-0.177	-0.243	-0.397	+0.523	-0.152	-0.079	-0.072	-0.077	+0.468	-0.742	-0.093	-0.086	-0.120	-0.092	-0.346	-0.381	-0.103	-0.912	-0.360	-0.352	-0.362	-0.102	+0.473	-0.092	
rs673473       -1.066	-1.056	-1.060	-1.075	-1.079	-1.065	-1.097	-0.875	-0.851	-0.856	-0.709	-0.839	-0.766	-0.679	-0.703	-0.602	-0.777	-0.860	-0.746	-0.203	-0.616	-0.917	-0.595	-0.917	-0.366	-0.592	-0.594	-0.594	-0.366	-0.318	-0.401	-0.368	-0.574	-0.886	-0.900	-0.337	-0.955	+1.976	+1.913	+1.914	-0.942	+2.067	-0.937	+2.138	+1.035	-0.930	+1.983	+1.147	+1.171	+2.172	-0.928	+1.179	+1.169	+1.899	+1.246	+0.912	+1.265	+1.226	+1.265	-0.988	-0.986	+1.274	+0.917	-0.977	+1.282	+1.285	-0.977	-0.977	+0.882	+1.291	+1.238	+1.284	-0.980	-0.976	+1.368	-0.960	-0.956	-0.951	+1.427	-0.939	-0.956	-0.951	-0.956	+1.894	-0.972	-0.961	+1.766	-0.963	-0.958	-0.954	-0.961	-0.959	-0.958	-0.960	+1.747	+1.804	+1.775	-0.924	+1.636	+1.779	-0.355	-0.770	-0.861	-0.409	-0.415	-0.409	-0.380	-0.352	-0.458	-0.388	-0.893	-0.368	-0.382	-0.458	+0.068	-0.420	+0.201	-0.916	-0.474	-0.372	-0.925	-0.367	-0.159	-0.731	-0.092	-0.082	-0.082	-0.183	-0.149	-0.197	-0.179	-0.179	-0.178	-0.474	-0.473	-0.898	+0.152	-0.110	-0.386	+0.002	-0.231	-0.867	-0.813	+0.129	-0.949	-0.955	+0.108	+0.457	+1.122	+0.397	-0.153	-0.105	-0.149	-0.112	+0.187	-0.097	-0.903	+0.079	-0.730	-0.189	+0.163	+0.041	-0.104	-0.171	-0.171	-0.234	-0.396	+0.505	-0.163	-0.083	-0.076	-0.081	+0.444	-0.737	-0.097	-0.090	-0.125	-0.096	-0.340	-0.376	-0.108	-0.901	-0.355	-0.347	-0.356	-0.106	+0.456	-0.096	
rs7931885      -1.076	-1.065	-1.070	-1.085	-1.089	-1.075	-1.107	-0.885	-0.861	-0.866	-0.760	-0.827	-0.786	-0.673	-0.704	-0.777	-0.612	-0.890	-0.605	-0.122	-0.577	-0.896	-0.556	-0.896	-0.316	-0.552	-0.554	-0.554	-0.316	-0.266	-0.354	-0.319	-0.534	-0.886	-0.909	-0.334	-0.962	+2.000	+1.937	+1.938	-0.948	+2.090	-0.942	+2.162	+1.053	-0.936	+2.006	+1.166	+1.190	+2.196	-0.933	+1.198	+1.187	+1.925	+1.265	+0.914	+1.284	+1.246	+1.284	-0.995	-0.993	+1.293	+0.919	-0.984	+1.301	+1.304	-0.984	-0.984	+0.885	+1.310	+1.257	+1.303	-0.987	-0.983	+1.387	-0.967	-0.962	-0.958	+1.442	-0.946	-0.963	-0.957	-0.962	+1.921	-0.979	-0.967	+1.792	-0.970	-0.965	-0.961	-0.967	-0.966	-0.964	-0.966	+1.773	+1.831	+1.800	-0.934	+1.661	+1.804	-0.360	-0.781	-0.872	-0.415	-0.420	-0.415	-0.386	-0.357	-0.464	-0.394	-0.903	-0.374	-0.387	-0.464	+0.076	-0.426	+0.209	-0.926	-0.480	-0.378	-0.935	-0.372	-0.160	-0.738	-0.092	-0.082	-0.081	-0.184	-0.149	-0.197	-0.179	-0.179	-0.179	-0.480	-0.479	-0.909	+0.160	-0.109	-0.392	+0.003	-0.236	-0.876	-0.822	+0.131	-0.958	-0.964	+0.110	+0.464	+1.142	+0.404	-0.158	-0.109	-0.153	-0.116	+0.189	-0.102	-0.911	+0.079	-0.739	-0.194	+0.163	+0.040	-0.110	-0.177	-0.177	-0.241	-0.399	+0.509	-0.162	-0.084	-0.078	-0.082	+0.450	-0.742	-0.098	-0.091	-0.125	-0.097	-0.346	-0.382	-0.109	-0.909	-0.360	-0.352	-0.362	-0.108	+0.460	-0.097	
rs79195254     -1.083	-1.072	-1.076	-1.091	-1.095	-1.082	-1.112	-0.890	-0.864	-0.874	-0.917	-0.893	-0.903	-0.919	-0.916	-0.860	-0.890	-0.618	-0.736	-0.182	-0.598	-0.815	-0.578	-0.816	-0.332	-0.575	-0.577	-0.577	-0.331	-0.287	-0.361	-0.330	-0.555	-0.902	-0.933	-0.327	-0.958	+2.075	+2.008	+2.012	-0.944	+2.166	-0.938	+2.239	+1.103	-0.931	+2.080	+1.215	+1.239	+2.271	-0.928	+1.247	+1.236	+2.004	+1.314	+0.913	+1.333	+1.295	+1.334	-0.994	-0.992	+1.341	+0.918	-0.983	+1.350	+1.352	-0.983	-0.983	+0.884	+1.358	+1.305	+1.351	-0.986	-0.981	+1.435	-0.964	-0.960	-0.955	+1.486	-0.942	-0.960	-0.955	-0.960	+1.979	-0.977	-0.965	+1.850	-0.967	-0.962	-0.958	-0.965	-0.963	-0.961	-0.963	+1.829	+1.887	+1.853	-0.941	+1.713	+1.856	-0.338	-0.790	-0.881	-0.417	-0.422	-0.416	-0.388	-0.359	-0.465	-0.396	-0.911	-0.376	-0.389	-0.466	+0.099	-0.428	+0.235	-0.934	-0.481	-0.379	-0.943	-0.374	-0.156	-0.743	-0.086	-0.076	-0.076	-0.178	-0.143	-0.192	-0.173	-0.173	-0.173	-0.481	-0.481	-0.917	+0.185	-0.096	-0.394	+0.017	-0.226	-0.884	-0.830	+0.144	-0.965	-0.971	+0.122	+0.481	+1.188	+0.426	-0.161	-0.111	-0.156	-0.119	+0.202	-0.104	-0.914	+0.082	-0.748	-0.197	+0.168	+0.044	-0.113	-0.180	-0.180	-0.246	-0.397	+0.522	-0.154	-0.080	-0.073	-0.078	+0.471	-0.747	-0.094	-0.087	-0.123	-0.093	-0.349	-0.385	-0.104	-0.912	-0.363	-0.355	-0.364	-0.103	+0.472	-0.093	
rs1531752      -1.035	-1.024	-1.029	-1.044	-1.048	-1.034	-1.066	-0.844	-0.820	-0.822	-0.420	-0.785	-0.591	-0.322	-0.393	-0.746	-0.605	-0.736	-0.569	-0.334	-0.702	-0.917	-0.686	-0.917	-0.475	-0.683	-0.685	-0.685	-0.475	-0.434	-0.500	-0.472	-0.666	-0.882	-0.882	-0.326	-0.929	+1.931	+1.868	+1.870	-0.916	+2.020	-0.911	+2.090	+1.006	-0.905	+1.938	+1.118	+1.141	+2.125	-0.902	+1.149	+1.139	+1.850	+1.215	+0.921	+1.234	+1.196	+1.234	-0.960	-0.958	+1.243	+0.926	-0.950	+1.250	+1.254	-0.950	-0.950	+0.892	+1.260	+1.208	+1.253	-0.953	-0.948	+1.336	-0.933	-0.929	-0.925	+1.404	-0.913	-0.929	-0.925	-0.929	+1.858	-0.945	-0.934	+1.731	-0.937	-0.932	-0.928	-0.934	-0.933	-0.931	-0.933	+1.714	+1.771	+1.745	-0.892	+1.608	+1.748	-0.332	-0.740	-0.831	-0.387	-0.392	-0.387	-0.358	-0.329	-0.435	-0.366	-0.863	-0.346	-0.359	-0.435	+0.073	-0.398	+0.205	-0.886	-0.451	-0.349	-0.895	-0.344	-0.143	-0.705	-0.077	-0.067	-0.067	-0.168	-0.133	-0.181	-0.163	-0.163	-0.163	-0.451	-0.451	-0.868	+0.157	-0.096	-0.363	+0.016	-0.206	-0.836	-0.782	+0.141	-0.918	-0.924	+0.119	+0.461	+1.103	+0.397	-0.129	-0.082	-0.126	-0.090	+0.199	-0.074	-0.873	+0.094	-0.699	-0.165	+0.180	+0.058	-0.081	-0.147	-0.147	-0.208	-0.374	+0.511	-0.150	-0.065	-0.059	-0.063	+0.445	-0.711	-0.079	-0.073	-0.108	-0.078	-0.316	-0.352	-0.090	-0.871	-0.330	-0.322	-0.331	-0.089	+0.463	-0.078	
rs7116678      -0.639	-0.630	-0.635	-0.648	-0.652	-0.640	-0.672	-0.449	-0.424	-0.406	-0.038	-0.311	-0.137	+0.024	-0.005	-0.203	-0.122	-0.182	-0.334	-0.157	-0.105	-0.375	-0.155	-0.374	-0.302	-0.164	-0.158	-0.158	-0.309	-0.314	-0.333	-0.335	-0.284	+0.022	+0.152	-0.091	-0.565	+1.893	+1.831	+1.835	-0.556	+1.977	-0.551	+2.044	+1.044	-0.546	+1.902	+1.151	+1.171	+2.079	-0.544	+1.179	+1.171	+1.799	+1.241	+1.116	+1.258	+1.223	+1.259	-0.586	-0.585	+1.270	+1.121	-0.579	+1.275	+1.280	-0.579	-0.579	+1.088	+1.286	+1.236	+1.279	-0.581	-0.578	+1.356	-0.567	-0.564	-0.561	+1.454	-0.552	-0.564	-0.561	-0.564	+1.853	-0.575	-0.568	+1.731	-0.570	-0.566	-0.564	-0.568	-0.567	-0.566	-0.567	+1.720	+1.773	+1.757	-0.490	+1.626	+1.759	-0.044	-0.381	-0.464	-0.083	-0.081	-0.076	-0.049	-0.022	-0.117	-0.056	-0.492	-0.037	-0.050	-0.121	+0.274	-0.086	+0.398	-0.513	-0.138	-0.041	-0.522	-0.036	+0.128	-0.364	+0.184	+0.193	+0.193	+0.097	+0.132	+0.086	+0.102	+0.102	+0.102	-0.136	-0.136	-0.497	+0.354	+0.157	-0.052	+0.263	+0.091	-0.473	-0.423	+0.359	-0.547	-0.529	+0.340	+0.637	+1.164	+0.564	+0.167	+0.201	+0.155	+0.190	+0.415	+0.217	-0.486	+0.337	-0.341	+0.132	+0.430	+0.309	+0.213	+0.151	+0.151	+0.102	-0.086	+0.706	+0.086	+0.192	+0.199	+0.195	+0.617	-0.359	+0.179	+0.185	+0.147	+0.180	-0.012	-0.052	+0.170	-0.485	-0.026	-0.018	-0.027	+0.170	+0.661	+0.180	
rs497164       -0.875	-0.866	-0.871	-0.884	-0.889	-0.876	-0.909	-0.688	-0.664	-0.659	-0.502	-0.675	-0.568	-0.481	-0.501	-0.616	-0.577	-0.598	-0.702	-0.105	-0.407	-0.714	-0.520	-0.714	-0.292	-0.518	-0.519	-0.519	-0.313	-0.191	-0.394	-0.351	-0.532	-0.522	-0.449	-0.260	-0.792	+1.884	+1.821	+1.824	-0.781	+1.972	-0.776	+2.042	+0.983	-0.771	+1.892	+1.092	+1.114	+2.076	-0.768	+1.122	+1.113	+1.798	+1.187	+0.972	+1.205	+1.168	+1.206	-0.817	-0.815	+1.216	+0.976	-0.808	+1.222	+1.227	-0.808	-0.808	+0.943	+1.232	+1.181	+1.226	-0.811	-0.807	+1.306	-0.794	-0.791	-0.787	+1.388	-0.777	-0.791	-0.787	-0.791	+1.827	-0.804	-0.795	+1.701	-0.798	-0.793	-0.790	-0.796	-0.794	-0.793	-0.794	+1.685	+1.741	+1.719	-0.732	+1.583	+1.721	-0.236	-0.603	-0.689	-0.280	-0.280	-0.274	-0.247	-0.219	-0.319	-0.254	-0.718	-0.235	-0.248	-0.321	+0.121	-0.285	+0.249	-0.740	-0.338	-0.239	-0.749	-0.234	-0.056	-0.580	+0.004	+0.013	+0.014	-0.085	-0.050	-0.097	-0.080	-0.080	-0.080	-0.337	-0.336	-0.723	+0.203	-0.017	-0.251	+0.091	-0.104	-0.697	-0.645	+0.200	-0.774	-0.767	+0.179	+0.498	+1.093	+0.427	-0.027	+0.013	-0.033	+0.003	+0.256	+0.026	-0.722	+0.164	-0.563	-0.062	+0.257	+0.132	+0.021	-0.043	-0.043	-0.098	-0.277	+0.555	-0.084	+0.012	+0.019	+0.014	+0.478	-0.581	-0.001	+0.005	-0.032	-0.001	-0.210	-0.248	-0.011	-0.721	-0.223	-0.216	-0.225	-0.011	+0.508	-0.001	
rs10789629     -1.022	-1.011	-1.016	-1.032	-1.036	-1.022	-1.057	-0.837	-0.814	-0.820	-0.867	-0.902	-0.893	-0.857	-0.866	-0.917	-0.896	-0.815	-0.917	-0.375	-0.714	-0.563	-0.699	-0.694	-0.511	-0.696	-0.698	-0.698	-0.513	-0.469	-0.534	-0.506	-0.679	-0.896	-0.888	-0.343	-0.931	+1.903	+1.838	+1.841	-0.920	+1.992	-0.915	+2.063	+0.975	-0.909	+1.909	+1.085	+1.109	+2.097	-0.907	+1.117	+1.107	+1.780	+1.183	+0.920	+1.202	+1.164	+1.202	-0.959	-0.957	+1.212	+0.925	-0.950	+1.219	+1.223	-0.950	-0.950	+0.891	+1.229	+1.177	+1.222	-0.952	-0.948	+1.305	-0.935	-0.931	-0.927	+1.379	-0.916	-0.931	-0.927	-0.931	+1.847	-0.945	-0.935	+1.718	-0.938	-0.933	-0.930	-0.936	-0.934	-0.933	-0.935	+1.701	+1.758	+1.731	-0.882	+1.592	+1.733	-0.364	-0.735	-0.825	-0.393	-0.394	-0.389	-0.360	-0.332	-0.435	-0.368	-0.854	-0.348	-0.361	-0.437	+0.048	-0.399	+0.179	-0.877	-0.451	-0.352	-0.886	-0.346	-0.151	-0.701	-0.088	-0.079	-0.078	-0.177	-0.144	-0.190	-0.172	-0.172	-0.172	-0.451	-0.451	-0.860	+0.132	-0.114	-0.366	-0.003	-0.229	-0.828	-0.774	+0.118	-0.908	-0.919	+0.096	+0.433	+1.085	+0.369	-0.133	-0.088	-0.134	-0.098	+0.175	-0.079	-0.868	+0.080	-0.691	-0.169	+0.162	+0.045	-0.085	-0.151	-0.152	-0.211	-0.386	+0.486	-0.170	-0.079	-0.072	-0.077	+0.417	-0.698	-0.093	-0.086	-0.123	-0.092	-0.322	-0.360	-0.104	-0.867	-0.336	-0.328	-0.338	-0.102	+0.439	-0.092	
rs616241       -0.864	-0.855	-0.860	-0.873	-0.878	-0.865	-0.898	-0.677	-0.653	-0.648	-0.478	-0.658	-0.546	-0.457	-0.477	-0.595	-0.556	-0.578	-0.686	-0.155	-0.520	-0.699	-0.395	-0.699	-0.329	-0.514	-0.514	-0.514	-0.345	-0.245	-0.410	-0.372	-0.531	-0.495	-0.419	-0.253	-0.781	+1.882	+1.819	+1.821	-0.771	+1.969	-0.766	+2.039	+0.983	-0.761	+1.889	+1.092	+1.115	+2.073	-0.758	+1.122	+1.113	+1.795	+1.187	+0.978	+1.205	+1.169	+1.206	-0.806	-0.805	+1.216	+0.983	-0.798	+1.222	+1.227	-0.798	-0.798	+0.949	+1.232	+1.181	+1.226	-0.800	-0.796	+1.306	-0.784	-0.781	-0.777	+1.389	-0.767	-0.781	-0.777	-0.781	+1.826	-0.793	-0.785	+1.700	-0.787	-0.783	-0.780	-0.785	-0.784	-0.783	-0.784	+1.684	+1.740	+1.718	-0.721	+1.582	+1.720	-0.227	-0.592	-0.679	-0.271	-0.271	-0.265	-0.238	-0.210	-0.309	-0.245	-0.707	-0.226	-0.239	-0.312	+0.127	-0.276	+0.255	-0.730	-0.329	-0.229	-0.738	-0.224	-0.048	-0.570	+0.012	+0.021	+0.022	-0.077	-0.042	-0.089	-0.072	-0.072	-0.072	-0.327	-0.327	-0.713	+0.209	-0.010	-0.242	+0.098	-0.095	-0.687	-0.635	+0.206	-0.764	-0.756	+0.186	+0.504	+1.095	+0.433	-0.018	+0.021	-0.025	+0.011	+0.263	+0.035	-0.711	+0.171	-0.552	-0.052	+0.265	+0.140	+0.030	-0.034	-0.034	-0.088	-0.268	+0.561	-0.077	+0.020	+0.027	+0.022	+0.483	-0.571	+0.006	+0.013	-0.024	+0.007	-0.200	-0.239	-0.003	-0.710	-0.214	-0.206	-0.216	-0.003	+0.515	+0.007	
rs10789630     -1.023	-1.011	-1.016	-1.032	-1.036	-1.022	-1.057	-0.837	-0.814	-0.820	-0.867	-0.902	-0.894	-0.857	-0.866	-0.917	-0.896	-0.816	-0.917	-0.374	-0.714	-0.694	-0.699	-0.563	-0.511	-0.696	-0.698	-0.698	-0.513	-0.469	-0.534	-0.506	-0.678	-0.896	-0.888	-0.343	-0.931	+1.903	+1.838	+1.841	-0.920	+1.992	-0.915	+2.064	+0.975	-0.909	+1.909	+1.085	+1.109	+2.097	-0.907	+1.117	+1.107	+1.780	+1.183	+0.920	+1.202	+1.164	+1.202	-0.959	-0.957	+1.212	+0.925	-0.950	+1.219	+1.223	-0.950	-0.950	+0.891	+1.229	+1.177	+1.222	-0.953	-0.948	+1.305	-0.935	-0.931	-0.927	+1.379	-0.917	-0.931	-0.927	-0.931	+1.848	-0.945	-0.936	+1.718	-0.938	-0.933	-0.930	-0.936	-0.934	-0.933	-0.935	+1.701	+1.758	+1.731	-0.882	+1.592	+1.733	-0.364	-0.735	-0.825	-0.393	-0.395	-0.389	-0.360	-0.332	-0.435	-0.368	-0.854	-0.348	-0.361	-0.437	+0.048	-0.400	+0.179	-0.877	-0.451	-0.352	-0.886	-0.347	-0.151	-0.701	-0.088	-0.079	-0.078	-0.177	-0.144	-0.190	-0.172	-0.172	-0.172	-0.451	-0.451	-0.860	+0.132	-0.114	-0.366	-0.003	-0.229	-0.828	-0.774	+0.118	-0.908	-0.919	+0.096	+0.433	+1.085	+0.369	-0.133	-0.088	-0.135	-0.098	+0.175	-0.079	-0.868	+0.080	-0.691	-0.170	+0.162	+0.045	-0.086	-0.151	-0.152	-0.211	-0.386	+0.486	-0.170	-0.079	-0.072	-0.077	+0.417	-0.698	-0.093	-0.086	-0.123	-0.092	-0.322	-0.360	-0.104	-0.867	-0.336	-0.328	-0.338	-0.102	+0.439	-0.092	
rs651147       -0.731	-0.722	-0.727	-0.740	-0.745	-0.732	-0.765	-0.542	-0.518	-0.505	-0.218	-0.454	-0.305	-0.191	-0.217	-0.366	-0.316	-0.332	-0.475	-0.302	-0.292	-0.511	-0.329	-0.511	-0.255	-0.337	-0.331	-0.331	-0.371	-0.344	-0.399	-0.388	-0.416	-0.183	-0.068	-0.161	-0.654	+1.881	+1.818	+1.822	-0.645	+1.966	-0.640	+2.035	+1.010	-0.635	+1.889	+1.118	+1.139	+2.069	-0.633	+1.147	+1.138	+1.790	+1.210	+1.055	+1.228	+1.192	+1.228	-0.677	-0.676	+1.239	+1.059	-0.669	+1.244	+1.249	-0.669	-0.669	+1.026	+1.255	+1.205	+1.249	-0.672	-0.668	+1.327	-0.657	-0.653	-0.650	+1.418	-0.641	-0.654	-0.650	-0.653	+1.834	-0.665	-0.657	+1.711	-0.660	-0.655	-0.653	-0.658	-0.657	-0.655	-0.657	+1.698	+1.752	+1.734	-0.584	+1.601	+1.736	-0.122	-0.469	-0.553	-0.163	-0.161	-0.156	-0.129	-0.102	-0.198	-0.136	-0.581	-0.117	-0.130	-0.202	+0.205	-0.166	+0.331	-0.603	-0.219	-0.121	-0.612	-0.116	+0.049	-0.453	+0.107	+0.115	+0.116	+0.019	+0.054	+0.007	+0.024	+0.024	+0.024	-0.217	-0.216	-0.586	+0.286	+0.084	-0.132	+0.191	+0.012	-0.562	-0.511	+0.292	-0.637	-0.623	+0.272	+0.577	+1.129	+0.502	+0.089	+0.125	+0.079	+0.114	+0.348	+0.140	-0.579	+0.262	-0.429	+0.054	+0.358	+0.233	+0.136	+0.073	+0.073	+0.022	-0.163	+0.637	+0.013	+0.115	+0.122	+0.118	+0.554	-0.446	+0.102	+0.108	+0.070	+0.103	-0.091	-0.130	+0.093	-0.578	-0.105	-0.097	-0.106	+0.093	+0.592	+0.103	
rs494957       -0.862	-0.853	-0.858	-0.871	-0.876	-0.863	-0.896	-0.675	-0.651	-0.646	-0.474	-0.655	-0.542	-0.452	-0.473	-0.592	-0.552	-0.575	-0.683	-0.164	-0.518	-0.696	-0.514	-0.696	-0.337	-0.393	-0.514	-0.514	-0.351	-0.256	-0.414	-0.377	-0.531	-0.491	-0.414	-0.252	-0.780	+1.881	+1.818	+1.821	-0.769	+1.968	-0.764	+2.038	+0.983	-0.759	+1.889	+1.092	+1.115	+2.073	-0.757	+1.122	+1.113	+1.794	+1.187	+0.979	+1.205	+1.168	+1.206	-0.805	-0.803	+1.216	+0.984	-0.796	+1.222	+1.227	-0.796	-0.796	+0.951	+1.232	+1.181	+1.226	-0.799	-0.795	+1.306	-0.782	-0.779	-0.775	+1.389	-0.765	-0.779	-0.775	-0.779	+1.825	-0.792	-0.783	+1.699	-0.785	-0.781	-0.778	-0.783	-0.782	-0.781	-0.782	+1.684	+1.739	+1.718	-0.719	+1.582	+1.720	-0.226	-0.590	-0.677	-0.269	-0.269	-0.263	-0.236	-0.208	-0.307	-0.243	-0.705	-0.224	-0.237	-0.310	+0.128	-0.274	+0.256	-0.728	-0.327	-0.228	-0.736	-0.223	-0.046	-0.568	+0.014	+0.022	+0.023	-0.075	-0.040	-0.087	-0.071	-0.071	-0.070	-0.326	-0.325	-0.711	+0.210	-0.008	-0.240	+0.100	-0.093	-0.685	-0.633	+0.208	-0.762	-0.754	+0.187	+0.505	+1.095	+0.433	-0.016	+0.023	-0.023	+0.013	+0.264	+0.037	-0.709	+0.173	-0.550	-0.051	+0.266	+0.141	+0.031	-0.032	-0.033	-0.087	-0.267	+0.562	-0.076	+0.021	+0.028	+0.024	+0.484	-0.569	+0.008	+0.014	-0.023	+0.009	-0.199	-0.237	-0.002	-0.708	-0.212	-0.205	-0.214	-0.002	+0.516	+0.009	
rs495123       -0.864	-0.854	-0.859	-0.873	-0.877	-0.864	-0.898	-0.676	-0.652	-0.647	-0.477	-0.657	-0.545	-0.455	-0.476	-0.594	-0.554	-0.577	-0.685	-0.158	-0.519	-0.698	-0.514	-0.698	-0.331	-0.514	-0.395	-0.514	-0.346	-0.247	-0.411	-0.373	-0.530	-0.493	-0.416	-0.252	-0.781	+1.882	+1.819	+1.821	-0.770	+1.969	-0.765	+2.039	+0.983	-0.760	+1.889	+1.093	+1.115	+2.073	-0.758	+1.122	+1.113	+1.795	+1.187	+0.978	+1.205	+1.169	+1.206	-0.806	-0.804	+1.216	+0.983	-0.797	+1.222	+1.227	-0.797	-0.797	+0.950	+1.232	+1.181	+1.226	-0.800	-0.796	+1.306	-0.783	-0.780	-0.776	+1.389	-0.766	-0.780	-0.776	-0.780	+1.826	-0.793	-0.784	+1.700	-0.787	-0.782	-0.779	-0.785	-0.783	-0.782	-0.784	+1.684	+1.740	+1.718	-0.720	+1.582	+1.720	-0.227	-0.591	-0.678	-0.270	-0.270	-0.264	-0.237	-0.209	-0.308	-0.244	-0.707	-0.225	-0.238	-0.311	+0.127	-0.275	+0.255	-0.729	-0.328	-0.229	-0.738	-0.224	-0.047	-0.569	+0.013	+0.022	+0.022	-0.076	-0.041	-0.088	-0.071	-0.071	-0.071	-0.327	-0.327	-0.712	+0.209	-0.009	-0.241	+0.099	-0.094	-0.686	-0.634	+0.207	-0.763	-0.756	+0.186	+0.504	+1.095	+0.433	-0.017	+0.022	-0.024	+0.012	+0.264	+0.036	-0.710	+0.172	-0.551	-0.052	+0.265	+0.140	+0.030	-0.034	-0.034	-0.088	-0.268	+0.561	-0.077	+0.020	+0.027	+0.023	+0.484	-0.570	+0.007	+0.013	-0.024	+0.008	-0.200	-0.238	-0.002	-0.710	-0.213	-0.206	-0.215	-0.003	+0.515	+0.008	
rs664390       -0.864	-0.854	-0.859	-0.873	-0.877	-0.864	-0.898	-0.676	-0.652	-0.647	-0.477	-0.657	-0.545	-0.455	-0.476	-0.594	-0.554	-0.577	-0.685	-0.158	-0.519	-0.698	-0.514	-0.698	-0.331	-0.514	-0.514	-0.395	-0.346	-0.247	-0.411	-0.373	-0.530	-0.493	-0.416	-0.252	-0.781	+1.882	+1.819	+1.821	-0.770	+1.969	-0.765	+2.039	+0.983	-0.760	+1.889	+1.093	+1.115	+2.073	-0.758	+1.122	+1.113	+1.795	+1.187	+0.978	+1.205	+1.169	+1.206	-0.806	-0.804	+1.216	+0.983	-0.797	+1.222	+1.227	-0.797	-0.797	+0.950	+1.232	+1.181	+1.226	-0.800	-0.796	+1.306	-0.783	-0.780	-0.776	+1.389	-0.766	-0.780	-0.776	-0.780	+1.826	-0.793	-0.784	+1.700	-0.787	-0.782	-0.779	-0.785	-0.783	-0.782	-0.784	+1.684	+1.740	+1.718	-0.720	+1.582	+1.720	-0.227	-0.591	-0.678	-0.270	-0.270	-0.264	-0.237	-0.209	-0.308	-0.244	-0.707	-0.225	-0.238	-0.311	+0.127	-0.275	+0.255	-0.729	-0.328	-0.229	-0.738	-0.224	-0.047	-0.569	+0.013	+0.022	+0.022	-0.076	-0.041	-0.088	-0.071	-0.071	-0.071	-0.327	-0.327	-0.712	+0.209	-0.009	-0.241	+0.099	-0.094	-0.686	-0.634	+0.207	-0.763	-0.756	+0.186	+0.504	+1.095	+0.433	-0.017	+0.022	-0.024	+0.012	+0.264	+0.036	-0.710	+0.172	-0.551	-0.052	+0.265	+0.140	+0.030	-0.034	-0.034	-0.088	-0.268	+0.561	-0.077	+0.020	+0.027	+0.023	+0.484	-0.570	+0.007	+0.013	-0.024	+0.008	-0.200	-0.238	-0.002	-0.710	-0.213	-0.206	-0.215	-0.003	+0.515	+0.008	
rs555548       -0.731	-0.722	-0.727	-0.740	-0.745	-0.732	-0.765	-0.542	-0.518	-0.505	-0.217	-0.454	-0.304	-0.191	-0.216	-0.366	-0.316	-0.331	-0.475	-0.309	-0.313	-0.513	-0.345	-0.513	-0.371	-0.351	-0.346	-0.346	-0.255	-0.348	-0.398	-0.387	-0.415	-0.179	-0.064	-0.162	-0.655	+1.881	+1.819	+1.822	-0.645	+1.967	-0.640	+2.035	+1.010	-0.635	+1.890	+1.118	+1.139	+2.070	-0.633	+1.147	+1.138	+1.790	+1.210	+1.055	+1.228	+1.192	+1.228	-0.677	-0.676	+1.239	+1.059	-0.669	+1.244	+1.250	-0.669	-0.669	+1.026	+1.255	+1.205	+1.249	-0.672	-0.668	+1.327	-0.657	-0.654	-0.650	+1.418	-0.641	-0.654	-0.650	-0.654	+1.835	-0.665	-0.657	+1.712	-0.660	-0.655	-0.653	-0.658	-0.657	-0.656	-0.657	+1.698	+1.752	+1.734	-0.585	+1.601	+1.736	-0.122	-0.469	-0.553	-0.162	-0.161	-0.155	-0.129	-0.101	-0.198	-0.136	-0.581	-0.117	-0.130	-0.202	+0.206	-0.166	+0.331	-0.603	-0.219	-0.121	-0.611	-0.115	+0.049	-0.453	+0.107	+0.115	+0.116	+0.019	+0.054	+0.008	+0.024	+0.024	+0.024	-0.217	-0.216	-0.586	+0.286	+0.084	-0.132	+0.191	+0.012	-0.562	-0.511	+0.292	-0.637	-0.623	+0.273	+0.577	+1.129	+0.502	+0.089	+0.125	+0.079	+0.114	+0.348	+0.140	-0.579	+0.262	-0.429	+0.054	+0.358	+0.232	+0.136	+0.073	+0.073	+0.022	-0.163	+0.637	+0.013	+0.115	+0.122	+0.118	+0.554	-0.445	+0.102	+0.108	+0.070	+0.103	-0.092	-0.130	+0.093	-0.578	-0.105	-0.097	-0.106	+0.093	+0.592	+0.103	
