## Summary of overall evidence for association with region:
## log10(BF for region) = 2.1045
## p-value for region = NA

## BFs for choosing among multi-SNP models:
## log10(average 1-SNP BF) = 2.12042
## log10(average 2-SNP BF) = 2.07082

## Example posterior probabilities for multi-SNP models, based on default prior: [p(l) propto 0.5^l for l=1,2,...,L]
## posterior probability of 1-SNP = 0.691543
## posterior probability of 2-SNP = 0.308457

## log10(BF) for single SNP and pair of SNPs:
rs4368651      -0.254	-0.458	-0.344	-0.328	-0.351	-0.391	-0.547	-0.548	+2.332	+2.155	+1.842	+0.348	+2.166	+0.710	+0.628	+2.333	+2.413	+2.634	+2.611	+2.684	+2.598	+2.687	+1.003	+0.988	+0.863	+0.990	+2.700	+0.984	+0.981	+0.982	+0.888	+2.762	+0.989	+0.793	+0.817	+2.193	+0.240	+0.302	+0.183	-0.040	+0.131	+2.018	+0.210	+0.078	+0.219	+0.091	+0.103	+1.919	+0.094	+0.108	+1.920	+1.925	-0.436	-0.386	-0.388	-0.537	-0.373	-0.340	-0.349	-0.475	-0.473	-0.494	-0.468	-0.462	-0.448	-0.455	-0.456	-0.434	-0.475	-0.477	-0.473	-0.466	-0.494	-0.484	-0.476	-0.494	-0.494	-0.471	-0.455	-0.453	-0.457	-0.494	-0.465	-0.456	-0.472	-0.483	-0.738	-0.481	-0.457	-0.710	-0.425	-0.708	-0.785	-0.740	-0.729	
rs3923813      -0.458	-0.266	-0.436	-0.425	-0.439	-0.460	-0.479	-0.483	+2.334	+2.156	+1.840	+0.339	+2.165	+0.703	+0.621	+2.332	+2.412	+2.634	+2.612	+2.685	+2.599	+2.687	+0.997	+0.982	+0.857	+0.984	+2.701	+0.978	+0.974	+0.976	+0.881	+2.762	+0.983	+0.786	+0.811	+2.194	+0.221	+0.283	+0.164	-0.055	+0.115	+2.010	+0.191	+0.063	+0.200	+0.073	+0.085	+1.910	+0.076	+0.090	+1.912	+1.916	-0.447	-0.398	-0.399	-0.547	-0.377	-0.343	-0.353	-0.487	-0.484	-0.504	-0.479	-0.472	-0.459	-0.465	-0.466	-0.445	-0.485	-0.487	-0.483	-0.476	-0.504	-0.494	-0.486	-0.504	-0.504	-0.481	-0.465	-0.464	-0.468	-0.503	-0.475	-0.467	-0.482	-0.493	-0.747	-0.490	-0.466	-0.720	-0.435	-0.716	-0.793	-0.749	-0.737	
rs56805171     -0.344	-0.436	-0.212	-0.241	-0.268	-0.316	-0.499	-0.502	+2.372	+2.194	+1.879	+0.382	+2.198	+0.742	+0.660	+2.364	+2.444	+2.664	+2.642	+2.714	+2.629	+2.717	+1.035	+1.019	+0.894	+1.021	+2.730	+1.015	+1.011	+1.013	+0.920	+2.792	+1.020	+0.824	+0.849	+2.225	+0.277	+0.340	+0.220	-0.002	+0.169	+2.047	+0.247	+0.115	+0.256	+0.129	+0.141	+1.948	+0.132	+0.146	+1.950	+1.955	-0.396	-0.347	-0.348	-0.498	-0.334	-0.301	-0.310	-0.436	-0.434	-0.454	-0.429	-0.422	-0.409	-0.416	-0.416	-0.395	-0.437	-0.438	-0.433	-0.427	-0.455	-0.444	-0.437	-0.455	-0.455	-0.431	-0.415	-0.414	-0.418	-0.455	-0.426	-0.417	-0.432	-0.443	-0.699	-0.442	-0.418	-0.671	-0.386	-0.668	-0.746	-0.701	-0.690	
rs73006607     -0.328	-0.425	-0.241	-0.473	-0.589	-0.605	-0.669	-0.658	+2.199	+2.017	+1.718	+0.236	+2.084	+0.614	+0.533	+2.253	+2.334	+2.567	+2.545	+2.619	+2.532	+2.622	+0.911	+0.908	+0.777	+0.909	+2.638	+0.905	+0.899	+0.901	+0.797	+2.700	+0.908	+0.703	+0.728	+2.115	+0.107	+0.171	+0.048	-0.189	-0.009	+1.956	+0.075	-0.065	+0.085	-0.052	-0.040	+1.854	-0.049	-0.034	+1.855	+1.860	-0.640	-0.592	-0.593	-0.741	-0.563	-0.528	-0.538	-0.675	-0.672	-0.694	-0.666	-0.661	-0.648	-0.654	-0.655	-0.633	-0.668	-0.669	-0.672	-0.666	-0.687	-0.683	-0.676	-0.695	-0.695	-0.670	-0.654	-0.652	-0.656	-0.687	-0.664	-0.656	-0.671	-0.682	-0.940	-0.683	-0.657	-0.909	-0.627	-0.912	-0.986	-0.939	-0.932	
rs35890389     -0.351	-0.439	-0.268	-0.589	-0.468	-0.604	-0.671	-0.661	+2.205	+2.023	+1.723	+0.239	+2.086	+0.617	+0.535	+2.255	+2.336	+2.569	+2.546	+2.621	+2.533	+2.624	+0.914	+0.910	+0.779	+0.911	+2.639	+0.906	+0.901	+0.903	+0.800	+2.701	+0.910	+0.705	+0.730	+2.117	+0.113	+0.177	+0.053	-0.184	-0.004	+1.957	+0.081	-0.059	+0.090	-0.046	-0.034	+1.855	-0.043	-0.029	+1.856	+1.861	-0.636	-0.588	-0.589	-0.737	-0.558	-0.524	-0.534	-0.671	-0.668	-0.690	-0.663	-0.657	-0.644	-0.650	-0.651	-0.629	-0.664	-0.665	-0.668	-0.662	-0.683	-0.679	-0.672	-0.691	-0.691	-0.666	-0.650	-0.649	-0.653	-0.683	-0.660	-0.652	-0.667	-0.678	-0.935	-0.679	-0.653	-0.905	-0.623	-0.908	-0.982	-0.935	-0.927	
rs35467314     -0.391	-0.460	-0.316	-0.605	-0.604	-0.459	-0.662	-0.652	+2.216	+2.034	+1.733	+0.246	+2.094	+0.624	+0.543	+2.263	+2.344	+2.576	+2.554	+2.628	+2.541	+2.631	+0.921	+0.917	+0.787	+0.918	+2.646	+0.914	+0.909	+0.910	+0.807	+2.708	+0.917	+0.712	+0.738	+2.124	+0.124	+0.189	+0.065	-0.172	+0.008	+1.964	+0.092	-0.048	+0.102	-0.034	-0.022	+1.862	-0.032	-0.017	+1.863	+1.868	-0.628	-0.579	-0.580	-0.729	-0.549	-0.515	-0.525	-0.663	-0.659	-0.681	-0.654	-0.648	-0.635	-0.642	-0.642	-0.620	-0.656	-0.657	-0.660	-0.653	-0.675	-0.671	-0.663	-0.682	-0.682	-0.658	-0.641	-0.640	-0.644	-0.675	-0.652	-0.643	-0.658	-0.670	-0.927	-0.670	-0.645	-0.896	-0.615	-0.899	-0.973	-0.926	-0.919	
rs6850211      -0.547	-0.479	-0.499	-0.669	-0.671	-0.662	-0.451	-0.582	+2.239	+2.056	+1.749	+0.247	+2.094	+0.624	+0.542	+2.263	+2.344	+2.574	+2.552	+2.625	+2.538	+2.629	+0.921	+0.914	+0.785	+0.916	+2.644	+0.911	+0.906	+0.908	+0.806	+2.705	+0.915	+0.711	+0.736	+2.124	+0.130	+0.195	+0.071	-0.162	+0.018	+1.953	+0.098	-0.038	+0.108	-0.027	-0.015	+1.852	-0.024	-0.009	+1.853	+1.858	-0.622	-0.573	-0.575	-0.722	-0.539	-0.504	-0.514	-0.657	-0.653	-0.675	-0.648	-0.642	-0.629	-0.635	-0.636	-0.614	-0.650	-0.651	-0.653	-0.647	-0.670	-0.664	-0.657	-0.676	-0.676	-0.651	-0.635	-0.634	-0.638	-0.669	-0.645	-0.637	-0.652	-0.663	-0.919	-0.664	-0.639	-0.888	-0.608	-0.889	-0.966	-0.918	-0.910	
rs13142457     -0.548	-0.483	-0.502	-0.658	-0.661	-0.652	-0.582	-0.446	+2.243	+2.060	+1.753	+0.249	+2.096	+0.626	+0.544	+2.265	+2.346	+2.576	+2.554	+2.628	+2.541	+2.631	+0.924	+0.916	+0.787	+0.919	+2.646	+0.913	+0.908	+0.910	+0.809	+2.708	+0.917	+0.713	+0.739	+2.127	+0.136	+0.201	+0.077	-0.156	+0.024	+1.956	+0.104	-0.031	+0.114	-0.020	-0.009	+1.854	-0.018	-0.003	+1.855	+1.860	-0.617	-0.569	-0.570	-0.717	-0.533	-0.499	-0.509	-0.652	-0.649	-0.670	-0.643	-0.637	-0.624	-0.631	-0.631	-0.610	-0.646	-0.647	-0.649	-0.642	-0.665	-0.660	-0.652	-0.671	-0.671	-0.647	-0.630	-0.629	-0.633	-0.665	-0.641	-0.632	-0.648	-0.659	-0.914	-0.659	-0.634	-0.883	-0.604	-0.884	-0.961	-0.913	-0.905	
rs13150058     +2.332	+2.334	+2.372	+2.199	+2.205	+2.216	+2.239	+2.243	+2.656	+2.528	+2.389	+2.142	+2.680	+2.253	+2.238	+2.787	+2.837	+2.916	+2.901	+2.952	+2.894	+2.955	+2.406	+2.323	+2.277	+2.325	+2.973	+2.326	+2.322	+2.323	+2.343	+3.021	+2.329	+2.261	+2.272	+2.681	+2.346	+2.379	+2.317	+2.276	+2.370	+2.772	+2.338	+2.348	+2.342	+2.268	+2.273	+2.719	+2.269	+2.275	+2.722	+2.725	+2.261	+2.296	+2.295	+2.249	+2.065	+2.076	+2.075	+2.408	+2.422	+2.387	+2.430	+2.435	+2.453	+2.441	+2.437	+2.469	+2.379	+2.380	+2.404	+2.413	+2.358	+2.392	+2.400	+2.367	+2.367	+2.407	+2.429	+2.432	+2.426	+2.360	+2.415	+2.427	+2.406	+2.390	+2.043	+2.343	+2.377	+2.068	+2.425	+2.101	+1.998	+2.052	+2.070	
rs7678725      +2.155	+2.156	+2.194	+2.017	+2.023	+2.034	+2.056	+2.060	+2.528	+2.467	+2.254	+1.968	+2.568	+2.079	+2.063	+2.681	+2.734	+2.831	+2.815	+2.868	+2.807	+2.872	+2.232	+2.153	+2.106	+2.156	+2.889	+2.156	+2.153	+2.154	+2.168	+2.938	+2.160	+2.090	+2.101	+2.571	+2.146	+2.178	+2.119	+2.078	+2.164	+2.627	+2.138	+2.143	+2.143	+2.073	+2.078	+2.571	+2.075	+2.081	+2.575	+2.578	+2.086	+2.121	+2.120	+2.066	+1.888	+1.899	+1.898	+2.217	+2.230	+2.196	+2.238	+2.243	+2.260	+2.248	+2.244	+2.275	+2.187	+2.189	+2.213	+2.222	+2.168	+2.201	+2.209	+2.178	+2.178	+2.215	+2.237	+2.240	+2.234	+2.170	+2.224	+2.236	+2.215	+2.200	+1.860	+2.158	+2.192	+1.884	+2.239	+1.917	+1.818	+1.867	+1.887	
rs2309895      +1.842	+1.840	+1.879	+1.718	+1.723	+1.733	+1.749	+1.753	+2.389	+2.254	+2.160	+1.692	+2.343	+1.786	+1.770	+2.468	+2.528	+2.701	+2.681	+2.748	+2.670	+2.751	+1.931	+1.864	+1.816	+1.866	+2.763	+1.866	+1.863	+1.864	+1.872	+2.818	+1.870	+1.799	+1.809	+2.354	+1.846	+1.877	+1.820	+1.780	+1.862	+2.361	+1.838	+1.841	+1.842	+1.777	+1.782	+2.300	+1.778	+1.784	+2.302	+2.306	+1.781	+1.814	+1.813	+1.772	+1.596	+1.607	+1.606	+1.918	+1.933	+1.899	+1.940	+1.945	+1.962	+1.950	+1.946	+1.977	+1.811	+1.812	+1.916	+1.925	+1.796	+1.905	+1.912	+1.880	+1.880	+1.919	+1.940	+1.944	+1.938	+1.798	+1.928	+1.939	+1.919	+1.903	+1.575	+1.804	+1.820	+1.572	+1.849	+1.638	+1.526	+1.561	+1.578	
rs35770501     +0.348	+0.339	+0.382	+0.236	+0.239	+0.246	+0.247	+0.249	+2.142	+1.968	+1.692	+0.625	+2.109	+0.780	+0.680	+2.286	+2.376	+2.565	+2.541	+2.619	+2.525	+2.622	+1.059	+0.985	+0.860	+0.986	+2.632	+0.980	+0.976	+0.978	+0.950	+2.695	+0.982	+0.789	+0.810	+2.080	+0.634	+0.680	+0.592	+0.394	+0.500	+1.928	+0.617	+0.470	+0.624	+0.521	+0.529	+1.834	+0.523	+0.533	+1.835	+1.840	+0.432	+0.485	+0.484	+0.316	+0.220	+0.244	+0.239	+0.416	+0.428	+0.398	+0.434	+0.440	+0.455	+0.446	+0.443	+0.472	+0.360	+0.361	+0.421	+0.429	+0.344	+0.409	+0.416	+0.388	+0.388	+0.424	+0.442	+0.445	+0.440	+0.346	+0.431	+0.441	+0.423	+0.409	+0.121	+0.341	+0.361	+0.133	+0.391	+0.179	+0.058	+0.113	+0.124	
rs11946426     +2.166	+2.165	+2.198	+2.084	+2.086	+2.094	+2.094	+2.096	+2.680	+2.568	+2.343	+2.109	+2.545	+2.123	+2.120	+2.614	+2.691	+2.787	+2.770	+2.829	+2.759	+2.831	+2.142	+2.158	+2.125	+2.160	+2.842	+2.160	+2.158	+2.158	+2.125	+2.892	+2.162	+2.112	+2.118	+2.498	+2.338	+2.378	+2.302	+2.128	+2.196	+2.545	+2.329	+2.178	+2.335	+2.242	+2.249	+2.494	+2.244	+2.252	+2.496	+2.499	+2.502	+2.589	+2.586	+2.261	+1.966	+1.980	+1.979	+2.325	+2.340	+2.300	+2.349	+2.352	+2.371	+2.356	+2.352	+2.384	+2.203	+2.206	+2.318	+2.328	+2.187	+2.305	+2.315	+2.277	+2.277	+2.321	+2.345	+2.349	+2.343	+2.189	+2.330	+2.345	+2.321	+2.305	+1.972	+2.180	+2.197	+1.972	+2.227	+2.046	+1.898	+1.956	+1.966	
rs11737707     +0.710	+0.703	+0.742	+0.614	+0.617	+0.624	+0.624	+0.626	+2.253	+2.079	+1.786	+0.780	+2.123	+1.023	+0.888	+2.302	+2.390	+2.584	+2.561	+2.638	+2.546	+2.640	+1.147	+1.084	+0.986	+1.085	+2.651	+1.080	+1.077	+1.078	+1.063	+2.713	+1.082	+0.934	+0.950	+2.123	+0.917	+0.958	+0.879	+0.713	+0.796	+2.000	+0.903	+0.772	+0.909	+0.817	+0.825	+1.912	+0.819	+0.828	+1.914	+1.918	+0.941	+1.013	+1.011	+0.749	+0.573	+0.596	+0.592	+0.812	+0.826	+0.793	+0.832	+0.837	+0.853	+0.843	+0.840	+0.870	+0.746	+0.748	+0.816	+0.825	+0.731	+0.804	+0.811	+0.780	+0.780	+0.819	+0.839	+0.842	+0.836	+0.733	+0.828	+0.838	+0.819	+0.804	+0.494	+0.720	+0.741	+0.506	+0.771	+0.552	+0.434	+0.487	+0.496	
rs12648017     +0.628	+0.621	+0.660	+0.533	+0.535	+0.543	+0.542	+0.544	+2.238	+2.063	+1.770	+0.680	+2.120	+0.888	+0.939	+2.305	+2.395	+2.587	+2.564	+2.641	+2.548	+2.644	+1.114	+1.057	+0.953	+1.058	+2.652	+1.054	+1.050	+1.051	+1.021	+2.714	+1.056	+0.898	+0.915	+2.116	+0.882	+0.925	+0.842	+0.656	+0.751	+1.985	+0.866	+0.724	+0.872	+0.775	+0.782	+1.897	+0.777	+0.786	+1.898	+1.903	+0.853	+0.924	+0.923	+0.664	+0.488	+0.510	+0.506	+0.725	+0.737	+0.705	+0.743	+0.748	+0.763	+0.753	+0.750	+0.780	+0.662	+0.663	+0.726	+0.735	+0.646	+0.715	+0.722	+0.692	+0.692	+0.729	+0.749	+0.752	+0.747	+0.648	+0.738	+0.748	+0.729	+0.715	+0.414	+0.637	+0.657	+0.424	+0.687	+0.471	+0.353	+0.406	+0.416	
rs2164303      +2.333	+2.332	+2.364	+2.253	+2.255	+2.263	+2.263	+2.265	+2.787	+2.681	+2.468	+2.286	+2.614	+2.302	+2.305	+2.720	+2.761	+2.840	+2.824	+2.877	+2.815	+2.880	+2.294	+2.301	+2.274	+2.302	+2.892	+2.302	+2.300	+2.301	+2.288	+2.938	+2.304	+2.262	+2.267	+2.590	+2.493	+2.532	+2.458	+2.290	+2.353	+2.646	+2.485	+2.337	+2.491	+2.399	+2.406	+2.599	+2.401	+2.409	+2.602	+2.604	+2.682	+2.770	+2.768	+2.436	+2.130	+2.143	+2.142	+2.499	+2.515	+2.474	+2.524	+2.526	+2.546	+2.531	+2.526	+2.559	+2.372	+2.375	+2.492	+2.501	+2.356	+2.479	+2.489	+2.450	+2.450	+2.494	+2.520	+2.524	+2.517	+2.358	+2.504	+2.519	+2.494	+2.479	+2.142	+2.348	+2.365	+2.140	+2.395	+2.219	+2.067	+2.126	+2.136	
rs11735185     +2.413	+2.412	+2.444	+2.334	+2.336	+2.344	+2.344	+2.346	+2.837	+2.734	+2.528	+2.376	+2.691	+2.390	+2.395	+2.761	+2.805	+2.871	+2.856	+2.906	+2.848	+2.909	+2.370	+2.372	+2.348	+2.374	+2.921	+2.373	+2.371	+2.372	+2.369	+2.966	+2.375	+2.337	+2.341	+2.640	+2.565	+2.603	+2.532	+2.368	+2.429	+2.697	+2.557	+2.413	+2.562	+2.473	+2.480	+2.652	+2.475	+2.482	+2.655	+2.657	+2.766	+2.854	+2.851	+2.519	+2.209	+2.221	+2.220	+2.585	+2.600	+2.559	+2.609	+2.612	+2.631	+2.616	+2.611	+2.645	+2.453	+2.457	+2.575	+2.585	+2.437	+2.563	+2.574	+2.535	+2.535	+2.578	+2.605	+2.609	+2.603	+2.440	+2.588	+2.604	+2.578	+2.564	+2.224	+2.430	+2.446	+2.222	+2.476	+2.302	+2.147	+2.207	+2.217	
rs59913183     +2.634	+2.634	+2.664	+2.567	+2.569	+2.576	+2.574	+2.576	+2.916	+2.831	+2.701	+2.565	+2.787	+2.584	+2.587	+2.840	+2.871	+3.047	+3.030	+3.071	+3.024	+3.067	+2.587	+2.604	+2.611	+2.603	+3.049	+2.602	+2.603	+2.603	+2.581	+3.082	+2.601	+2.603	+2.597	+2.831	+2.632	+2.656	+2.613	+2.599	+2.660	+2.787	+2.627	+2.644	+2.630	+2.582	+2.586	+2.753	+2.583	+2.587	+2.755	+2.757	+2.740	+2.793	+2.792	+2.639	+2.431	+2.438	+2.438	+2.819	+2.834	+2.793	+2.843	+2.845	+2.865	+2.850	+2.845	+2.878	+2.679	+2.682	+2.810	+2.820	+2.664	+2.797	+2.808	+2.769	+2.769	+2.813	+2.839	+2.843	+2.837	+2.667	+2.823	+2.838	+2.813	+2.798	+2.436	+2.662	+2.676	+2.431	+2.706	+2.507	+2.381	+2.421	+2.435	
rs7672160      +2.611	+2.612	+2.642	+2.545	+2.546	+2.554	+2.552	+2.554	+2.901	+2.815	+2.681	+2.541	+2.770	+2.561	+2.564	+2.824	+2.856	+3.030	+3.023	+3.060	+3.008	+3.059	+2.566	+2.581	+2.587	+2.581	+3.040	+2.579	+2.580	+2.580	+2.559	+3.075	+2.578	+2.579	+2.574	+2.810	+2.611	+2.636	+2.592	+2.577	+2.639	+2.770	+2.606	+2.623	+2.610	+2.561	+2.565	+2.736	+2.562	+2.566	+2.738	+2.740	+2.718	+2.772	+2.771	+2.617	+2.409	+2.415	+2.416	+2.795	+2.810	+2.769	+2.819	+2.822	+2.841	+2.826	+2.821	+2.854	+2.657	+2.659	+2.786	+2.796	+2.642	+2.774	+2.784	+2.746	+2.746	+2.789	+2.816	+2.820	+2.813	+2.644	+2.799	+2.815	+2.789	+2.774	+2.413	+2.639	+2.654	+2.409	+2.683	+2.484	+2.358	+2.399	+2.413	
rs10020531     +2.684	+2.685	+2.714	+2.619	+2.621	+2.628	+2.625	+2.628	+2.952	+2.868	+2.748	+2.619	+2.829	+2.638	+2.641	+2.877	+2.906	+3.071	+3.060	+3.101	+3.063	+3.090	+2.635	+2.658	+2.666	+2.656	+3.074	+2.656	+2.656	+2.656	+2.631	+3.104	+2.653	+2.658	+2.652	+2.883	+2.679	+2.703	+2.661	+2.649	+2.709	+2.824	+2.674	+2.693	+2.677	+2.631	+2.634	+2.793	+2.632	+2.636	+2.794	+2.796	+2.789	+2.843	+2.841	+2.691	+2.483	+2.488	+2.489	+2.875	+2.890	+2.849	+2.899	+2.902	+2.921	+2.907	+2.901	+2.934	+2.733	+2.735	+2.864	+2.874	+2.717	+2.851	+2.864	+2.824	+2.824	+2.867	+2.895	+2.899	+2.892	+2.720	+2.877	+2.894	+2.867	+2.853	+2.487	+2.713	+2.728	+2.483	+2.757	+2.559	+2.432	+2.473	+2.487	
rs10030959     +2.598	+2.599	+2.629	+2.532	+2.533	+2.541	+2.538	+2.541	+2.894	+2.807	+2.670	+2.525	+2.759	+2.546	+2.548	+2.815	+2.848	+3.024	+3.008	+3.063	+3.010	+3.060	+2.554	+2.569	+2.574	+2.567	+3.038	+2.567	+2.567	+2.567	+2.546	+3.074	+2.565	+2.565	+2.560	+2.801	+2.598	+2.622	+2.579	+2.565	+2.627	+2.760	+2.592	+2.610	+2.596	+2.548	+2.551	+2.725	+2.549	+2.553	+2.727	+2.729	+2.702	+2.756	+2.754	+2.603	+2.396	+2.403	+2.403	+2.784	+2.799	+2.758	+2.808	+2.811	+2.830	+2.816	+2.810	+2.843	+2.644	+2.647	+2.774	+2.784	+2.629	+2.762	+2.773	+2.735	+2.735	+2.777	+2.805	+2.809	+2.802	+2.632	+2.787	+2.804	+2.777	+2.763	+2.400	+2.626	+2.641	+2.396	+2.670	+2.471	+2.345	+2.386	+2.400	
rs4862261      +2.687	+2.687	+2.717	+2.622	+2.624	+2.631	+2.629	+2.631	+2.955	+2.872	+2.751	+2.622	+2.831	+2.640	+2.644	+2.880	+2.909	+3.067	+3.059	+3.090	+3.060	+3.104	+2.638	+2.663	+2.672	+2.661	+3.077	+2.660	+2.661	+2.661	+2.635	+3.107	+2.658	+2.665	+2.658	+2.890	+2.680	+2.704	+2.662	+2.652	+2.712	+2.826	+2.675	+2.696	+2.679	+2.633	+2.637	+2.794	+2.634	+2.638	+2.796	+2.798	+2.791	+2.845	+2.843	+2.694	+2.486	+2.491	+2.492	+2.876	+2.892	+2.850	+2.900	+2.903	+2.923	+2.908	+2.902	+2.936	+2.734	+2.736	+2.867	+2.877	+2.719	+2.854	+2.866	+2.827	+2.827	+2.870	+2.897	+2.901	+2.894	+2.721	+2.879	+2.896	+2.869	+2.855	+2.491	+2.716	+2.731	+2.486	+2.760	+2.562	+2.436	+2.476	+2.490	
rs7678253      +1.003	+0.997	+1.035	+0.911	+0.914	+0.921	+0.921	+0.924	+2.406	+2.232	+1.931	+1.059	+2.142	+1.147	+1.114	+2.294	+2.370	+2.587	+2.566	+2.635	+2.554	+2.638	+1.335	+1.211	+1.145	+1.212	+2.653	+1.210	+1.207	+1.207	+1.190	+2.712	+1.212	+1.111	+1.122	+2.188	+1.166	+1.205	+1.132	+0.981	+1.052	+2.108	+1.154	+1.031	+1.160	+1.074	+1.080	+2.028	+1.076	+1.083	+2.031	+2.035	+1.262	+1.338	+1.336	+1.058	+0.843	+0.863	+0.859	+1.158	+1.175	+1.136	+1.181	+1.187	+1.205	+1.193	+1.189	+1.224	+1.070	+1.071	+1.161	+1.170	+1.053	+1.147	+1.155	+1.119	+1.119	+1.164	+1.187	+1.191	+1.185	+1.055	+1.174	+1.186	+1.164	+1.147	+0.795	+1.015	+1.034	+0.806	+1.065	+0.847	+0.729	+0.787	+0.789	
rs11944432     +0.988	+0.982	+1.019	+0.908	+0.910	+0.917	+0.914	+0.916	+2.323	+2.153	+1.864	+0.985	+2.158	+1.084	+1.057	+2.301	+2.372	+2.604	+2.581	+2.658	+2.569	+2.663	+1.211	+1.329	+1.240	+1.281	+2.684	+1.277	+1.277	+1.275	+1.157	+2.748	+1.271	+1.183	+1.178	+2.162	+1.051	+1.081	+1.026	+0.984	+1.058	+2.043	+1.041	+1.036	+1.046	+0.986	+0.991	+1.959	+0.987	+0.993	+1.961	+1.965	+1.063	+1.112	+1.111	+0.974	+0.829	+0.847	+0.844	+1.111	+1.125	+1.090	+1.130	+1.136	+1.152	+1.142	+1.139	+1.170	+1.035	+1.036	+1.114	+1.123	+1.020	+1.102	+1.110	+1.080	+1.080	+1.118	+1.139	+1.142	+1.136	+1.023	+1.126	+1.138	+1.117	+1.103	+0.775	+1.012	+1.031	+0.781	+1.061	+0.830	+0.727	+0.767	+0.779	
rs34608496     +0.863	+0.857	+0.894	+0.777	+0.779	+0.787	+0.785	+0.787	+2.277	+2.106	+1.816	+0.860	+2.125	+0.986	+0.953	+2.274	+2.348	+2.611	+2.587	+2.666	+2.574	+2.672	+1.145	+1.240	+1.193	+1.266	+2.700	+1.247	+1.248	+1.253	+1.080	+2.767	+1.243	+1.076	+1.081	+2.148	+0.942	+0.974	+0.915	+0.865	+0.944	+2.007	+0.931	+0.921	+0.936	+0.872	+0.876	+1.920	+0.873	+0.879	+1.922	+1.926	+0.934	+0.982	+0.981	+0.844	+0.709	+0.728	+0.724	+0.977	+0.991	+0.957	+0.996	+1.002	+1.018	+1.008	+1.005	+1.036	+0.905	+0.906	+0.982	+0.990	+0.890	+0.970	+0.977	+0.946	+0.946	+0.985	+1.005	+1.008	+1.002	+0.893	+0.993	+1.004	+0.984	+0.969	+0.644	+0.882	+0.901	+0.650	+0.931	+0.696	+0.597	+0.637	+0.648	
rs13134353     +0.990	+0.984	+1.021	+0.909	+0.911	+0.918	+0.916	+0.919	+2.325	+2.156	+1.866	+0.986	+2.160	+1.085	+1.058	+2.302	+2.374	+2.603	+2.581	+2.656	+2.567	+2.661	+1.212	+1.281	+1.266	+1.331	+2.685	+1.285	+1.287	+1.289	+1.159	+2.749	+1.283	+1.200	+1.191	+2.163	+1.052	+1.082	+1.027	+0.984	+1.058	+2.043	+1.042	+1.037	+1.046	+0.987	+0.992	+1.959	+0.988	+0.994	+1.962	+1.966	+1.066	+1.114	+1.113	+0.976	+0.831	+0.849	+0.846	+1.114	+1.128	+1.093	+1.133	+1.139	+1.155	+1.145	+1.141	+1.173	+1.038	+1.039	+1.118	+1.127	+1.023	+1.106	+1.113	+1.082	+1.082	+1.121	+1.141	+1.145	+1.139	+1.025	+1.130	+1.140	+1.121	+1.105	+0.776	+1.013	+1.033	+0.782	+1.063	+0.830	+0.729	+0.769	+0.780	
rs7686859      +2.700	+2.701	+2.730	+2.638	+2.639	+2.646	+2.644	+2.646	+2.973	+2.889	+2.763	+2.632	+2.842	+2.651	+2.652	+2.892	+2.921	+3.049	+3.040	+3.074	+3.038	+3.077	+2.653	+2.684	+2.700	+2.685	+3.122	+2.685	+2.686	+2.685	+2.653	+3.148	+2.683	+2.696	+2.688	+2.953	+2.687	+2.710	+2.670	+2.664	+2.720	+2.833	+2.682	+2.705	+2.686	+2.644	+2.647	+2.802	+2.645	+2.649	+2.803	+2.805	+2.806	+2.859	+2.857	+2.709	+2.501	+2.506	+2.507	+2.894	+2.910	+2.869	+2.919	+2.922	+2.941	+2.927	+2.921	+2.956	+2.750	+2.753	+2.886	+2.896	+2.735	+2.873	+2.884	+2.845	+2.845	+2.889	+2.916	+2.920	+2.913	+2.738	+2.899	+2.915	+2.889	+2.874	+2.507	+2.732	+2.746	+2.501	+2.775	+2.579	+2.451	+2.491	+2.505	
rs6813664      +0.984	+0.978	+1.015	+0.905	+0.906	+0.914	+0.911	+0.913	+2.326	+2.156	+1.866	+0.980	+2.160	+1.080	+1.054	+2.302	+2.373	+2.602	+2.579	+2.656	+2.567	+2.660	+1.210	+1.277	+1.247	+1.285	+2.685	+1.326	+1.282	+1.281	+1.156	+2.749	+1.278	+1.194	+1.186	+2.163	+1.047	+1.077	+1.022	+0.980	+1.054	+2.042	+1.037	+1.032	+1.041	+0.982	+0.987	+1.958	+0.984	+0.989	+1.960	+1.964	+1.061	+1.110	+1.108	+0.971	+0.827	+0.845	+0.843	+1.109	+1.123	+1.089	+1.129	+1.134	+1.150	+1.140	+1.137	+1.169	+1.033	+1.034	+1.113	+1.122	+1.018	+1.101	+1.109	+1.077	+1.077	+1.116	+1.137	+1.140	+1.135	+1.020	+1.125	+1.136	+1.116	+1.101	+0.771	+1.009	+1.028	+0.777	+1.058	+0.825	+0.724	+0.764	+0.775	
rs4146058      +0.981	+0.974	+1.011	+0.899	+0.901	+0.909	+0.906	+0.908	+2.322	+2.153	+1.863	+0.976	+2.158	+1.077	+1.050	+2.300	+2.371	+2.603	+2.580	+2.656	+2.567	+2.661	+1.207	+1.277	+1.248	+1.287	+2.686	+1.282	+1.321	+1.282	+1.152	+2.751	+1.278	+1.192	+1.184	+2.162	+1.042	+1.073	+1.017	+0.975	+1.050	+2.039	+1.033	+1.028	+1.037	+0.978	+0.982	+1.955	+0.979	+0.985	+1.958	+1.962	+1.055	+1.103	+1.102	+0.966	+0.822	+0.840	+0.837	+1.104	+1.118	+1.084	+1.124	+1.129	+1.145	+1.135	+1.132	+1.163	+1.028	+1.029	+1.108	+1.117	+1.013	+1.096	+1.104	+1.072	+1.072	+1.111	+1.132	+1.135	+1.130	+1.016	+1.120	+1.131	+1.111	+1.096	+0.766	+1.004	+1.023	+0.772	+1.053	+0.820	+0.719	+0.759	+0.770	
rs2164301      +0.982	+0.976	+1.013	+0.901	+0.903	+0.910	+0.908	+0.910	+2.323	+2.154	+1.864	+0.978	+2.158	+1.078	+1.051	+2.301	+2.372	+2.603	+2.580	+2.656	+2.567	+2.661	+1.207	+1.275	+1.253	+1.289	+2.685	+1.281	+1.282	+1.323	+1.154	+2.750	+1.281	+1.196	+1.187	+2.162	+1.044	+1.074	+1.019	+0.977	+1.051	+2.040	+1.034	+1.029	+1.039	+0.979	+0.984	+1.957	+0.981	+0.986	+1.959	+1.963	+1.058	+1.106	+1.105	+0.968	+0.823	+0.841	+0.838	+1.105	+1.120	+1.085	+1.125	+1.130	+1.147	+1.137	+1.133	+1.165	+1.030	+1.030	+1.110	+1.119	+1.015	+1.098	+1.105	+1.074	+1.074	+1.113	+1.133	+1.136	+1.131	+1.017	+1.122	+1.132	+1.113	+1.097	+0.767	+1.005	+1.024	+0.773	+1.054	+0.822	+0.720	+0.760	+0.772	
rs7695698      +0.888	+0.881	+0.920	+0.797	+0.800	+0.807	+0.806	+0.809	+2.343	+2.168	+1.872	+0.950	+2.125	+1.063	+1.021	+2.288	+2.369	+2.581	+2.559	+2.631	+2.546	+2.635	+1.190	+1.157	+1.080	+1.159	+2.653	+1.156	+1.152	+1.154	+1.217	+2.716	+1.158	+1.041	+1.052	+2.155	+1.055	+1.095	+1.021	+0.872	+0.943	+2.052	+1.043	+0.922	+1.049	+0.964	+0.970	+1.968	+0.965	+0.973	+1.970	+1.974	+1.143	+1.218	+1.216	+0.941	+0.741	+0.763	+0.759	+1.008	+1.022	+0.987	+1.028	+1.034	+1.050	+1.039	+1.036	+1.069	+0.933	+0.935	+1.012	+1.021	+0.918	+1.000	+1.006	+0.974	+0.974	+1.015	+1.035	+1.039	+1.033	+0.920	+1.025	+1.035	+1.015	+0.999	+0.677	+0.902	+0.922	+0.689	+0.953	+0.738	+0.616	+0.671	+0.678	
rs6552715      +2.762	+2.762	+2.792	+2.700	+2.701	+2.708	+2.705	+2.708	+3.021	+2.938	+2.818	+2.695	+2.892	+2.713	+2.714	+2.938	+2.966	+3.082	+3.075	+3.104	+3.074	+3.107	+2.712	+2.748	+2.767	+2.749	+3.148	+2.749	+2.751	+2.750	+2.716	+3.187	+2.750	+2.772	+2.763	+3.049	+2.743	+2.765	+2.727	+2.723	+2.777	+2.879	+2.739	+2.762	+2.742	+2.703	+2.705	+2.851	+2.703	+2.707	+2.852	+2.854	+2.867	+2.921	+2.919	+2.771	+2.562	+2.567	+2.568	+2.961	+2.976	+2.935	+2.985	+2.989	+3.008	+2.994	+2.988	+3.022	+2.813	+2.816	+2.952	+2.962	+2.798	+2.939	+2.950	+2.910	+2.910	+2.955	+2.982	+2.986	+2.979	+2.801	+2.965	+2.981	+2.955	+2.940	+2.569	+2.794	+2.808	+2.563	+2.837	+2.641	+2.513	+2.553	+2.567	
rs35596258     +0.989	+0.983	+1.020	+0.908	+0.910	+0.917	+0.915	+0.917	+2.329	+2.160	+1.870	+0.982	+2.162	+1.082	+1.056	+2.304	+2.375	+2.601	+2.578	+2.653	+2.565	+2.658	+1.212	+1.271	+1.243	+1.283	+2.683	+1.278	+1.278	+1.281	+1.158	+2.750	+1.330	+1.231	+1.211	+2.164	+1.049	+1.078	+1.024	+0.982	+1.056	+2.042	+1.039	+1.034	+1.043	+0.985	+0.989	+1.959	+0.986	+0.991	+1.961	+1.965	+1.064	+1.113	+1.112	+0.974	+0.830	+0.848	+0.845	+1.113	+1.127	+1.092	+1.132	+1.138	+1.154	+1.144	+1.141	+1.172	+1.037	+1.037	+1.117	+1.126	+1.022	+1.105	+1.112	+1.081	+1.081	+1.121	+1.141	+1.144	+1.138	+1.024	+1.129	+1.140	+1.120	+1.105	+0.774	+1.012	+1.031	+0.781	+1.061	+0.829	+0.727	+0.767	+0.779	
rs35374399     +0.793	+0.786	+0.824	+0.703	+0.705	+0.712	+0.711	+0.713	+2.261	+2.090	+1.799	+0.789	+2.112	+0.934	+0.898	+2.262	+2.337	+2.603	+2.579	+2.658	+2.565	+2.665	+1.111	+1.183	+1.076	+1.200	+2.696	+1.194	+1.192	+1.196	+1.041	+2.772	+1.231	+1.114	+1.075	+2.146	+0.876	+0.909	+0.849	+0.797	+0.879	+1.988	+0.865	+0.855	+0.870	+0.804	+0.809	+1.898	+0.806	+0.812	+1.899	+1.904	+0.859	+0.907	+0.906	+0.769	+0.637	+0.657	+0.653	+0.902	+0.915	+0.882	+0.921	+0.926	+0.942	+0.933	+0.930	+0.960	+0.832	+0.833	+0.907	+0.915	+0.817	+0.895	+0.902	+0.871	+0.871	+0.910	+0.930	+0.933	+0.927	+0.819	+0.918	+0.929	+0.910	+0.894	+0.569	+0.807	+0.827	+0.577	+0.857	+0.621	+0.523	+0.563	+0.574	
rs7657089      +0.817	+0.811	+0.849	+0.728	+0.730	+0.738	+0.736	+0.739	+2.272	+2.101	+1.809	+0.810	+2.118	+0.950	+0.915	+2.267	+2.341	+2.597	+2.574	+2.652	+2.560	+2.658	+1.122	+1.178	+1.081	+1.191	+2.688	+1.186	+1.184	+1.187	+1.052	+2.763	+1.211	+1.075	+1.141	+2.147	+0.898	+0.931	+0.871	+0.820	+0.901	+1.993	+0.887	+0.878	+0.892	+0.827	+0.832	+1.903	+0.828	+0.834	+1.905	+1.909	+0.884	+0.932	+0.931	+0.794	+0.660	+0.679	+0.676	+0.928	+0.941	+0.907	+0.946	+0.952	+0.968	+0.958	+0.955	+0.986	+0.857	+0.858	+0.932	+0.941	+0.842	+0.920	+0.927	+0.897	+0.897	+0.936	+0.955	+0.958	+0.953	+0.844	+0.944	+0.954	+0.935	+0.920	+0.594	+0.833	+0.852	+0.601	+0.882	+0.647	+0.548	+0.587	+0.599	
rs34059433     +2.193	+2.194	+2.225	+2.115	+2.117	+2.124	+2.124	+2.127	+2.681	+2.571	+2.354	+2.080	+2.498	+2.123	+2.116	+2.590	+2.640	+2.831	+2.810	+2.883	+2.801	+2.890	+2.188	+2.162	+2.148	+2.163	+2.953	+2.163	+2.162	+2.162	+2.155	+3.049	+2.164	+2.146	+2.147	+2.578	+2.202	+2.230	+2.182	+2.163	+2.233	+2.452	+2.197	+2.215	+2.201	+2.147	+2.151	+2.406	+2.149	+2.153	+2.407	+2.410	+2.281	+2.334	+2.332	+2.186	+1.987	+1.996	+1.996	+2.362	+2.369	+2.332	+2.378	+2.383	+2.401	+2.388	+2.383	+2.416	+2.225	+2.227	+2.350	+2.360	+2.210	+2.337	+2.347	+2.316	+2.316	+2.358	+2.384	+2.387	+2.381	+2.216	+2.367	+2.382	+2.357	+2.343	+1.979	+2.208	+2.222	+1.974	+2.252	+2.043	+1.932	+1.965	+1.980	
rs1469809      +0.240	+0.221	+0.277	+0.107	+0.113	+0.124	+0.130	+0.136	+2.346	+2.146	+1.846	+0.634	+2.338	+0.917	+0.882	+2.493	+2.565	+2.632	+2.611	+2.679	+2.598	+2.680	+1.166	+1.051	+0.942	+1.052	+2.687	+1.047	+1.042	+1.044	+1.055	+2.743	+1.049	+0.876	+0.898	+2.202	+0.498	+0.481	+0.410	+0.252	+0.312	+2.004	+0.403	+0.287	+0.405	+0.339	+0.341	+1.911	+0.340	+0.342	+1.913	+1.918	+0.201	+0.241	+0.239	+0.150	+0.167	+0.193	+0.186	+0.246	+0.257	+0.234	+0.262	+0.272	+0.287	+0.281	+0.280	+0.305	+0.234	+0.231	+0.262	+0.269	+0.216	+0.249	+0.259	+0.231	+0.231	+0.266	+0.285	+0.286	+0.281	+0.217	+0.272	+0.283	+0.264	+0.252	-0.051	+0.220	+0.243	-0.056	+0.279	-0.042	-0.072	-0.063	-0.050	
rs7694560      +0.302	+0.283	+0.340	+0.171	+0.177	+0.189	+0.195	+0.201	+2.379	+2.178	+1.877	+0.680	+2.378	+0.958	+0.925	+2.532	+2.603	+2.656	+2.636	+2.703	+2.622	+2.704	+1.205	+1.081	+0.974	+1.082	+2.710	+1.077	+1.073	+1.074	+1.095	+2.765	+1.078	+0.909	+0.931	+2.230	+0.481	+0.566	+0.479	+0.312	+0.360	+2.025	+0.456	+0.339	+0.456	+0.411	+0.410	+1.932	+0.411	+0.410	+1.934	+1.939	+0.263	+0.302	+0.301	+0.214	+0.226	+0.251	+0.244	+0.310	+0.321	+0.298	+0.326	+0.337	+0.352	+0.345	+0.344	+0.370	+0.298	+0.294	+0.327	+0.334	+0.279	+0.314	+0.324	+0.295	+0.295	+0.330	+0.350	+0.351	+0.346	+0.281	+0.337	+0.348	+0.329	+0.317	+0.013	+0.284	+0.307	+0.007	+0.343	+0.020	-0.007	-0.000	+0.013	
rs7694761      +0.183	+0.164	+0.220	+0.048	+0.053	+0.065	+0.071	+0.077	+2.317	+2.119	+1.820	+0.592	+2.302	+0.879	+0.842	+2.458	+2.532	+2.613	+2.592	+2.661	+2.579	+2.662	+1.132	+1.026	+0.915	+1.027	+2.670	+1.022	+1.017	+1.019	+1.021	+2.727	+1.024	+0.849	+0.871	+2.182	+0.410	+0.479	+0.435	+0.201	+0.272	+1.990	+0.371	+0.244	+0.376	+0.289	+0.292	+1.895	+0.290	+0.294	+1.897	+1.901	+0.144	+0.184	+0.182	+0.091	+0.112	+0.137	+0.130	+0.186	+0.197	+0.174	+0.202	+0.212	+0.227	+0.220	+0.219	+0.245	+0.176	+0.173	+0.202	+0.209	+0.157	+0.189	+0.199	+0.171	+0.171	+0.205	+0.225	+0.226	+0.221	+0.159	+0.211	+0.222	+0.204	+0.192	-0.110	+0.161	+0.184	-0.113	+0.219	-0.100	-0.131	-0.121	-0.109	
rs79064387     -0.040	-0.055	-0.002	-0.189	-0.184	-0.172	-0.162	-0.156	+2.276	+2.078	+1.780	+0.394	+2.128	+0.713	+0.656	+2.290	+2.368	+2.599	+2.577	+2.649	+2.565	+2.652	+0.981	+0.984	+0.865	+0.984	+2.664	+0.980	+0.975	+0.977	+0.872	+2.723	+0.982	+0.797	+0.820	+2.163	+0.252	+0.312	+0.201	+0.187	+0.284	+1.989	+0.221	+0.184	+0.229	+0.117	+0.126	+1.891	+0.119	+0.131	+1.893	+1.898	+0.033	+0.092	+0.091	-0.110	-0.075	-0.046	-0.054	-0.050	-0.040	-0.064	-0.034	-0.025	-0.010	-0.017	-0.017	+0.008	-0.056	-0.059	-0.035	-0.027	-0.075	-0.048	-0.039	-0.067	-0.067	-0.032	-0.013	-0.012	-0.017	-0.074	-0.025	-0.016	-0.033	-0.046	-0.350	-0.077	-0.053	-0.342	-0.018	-0.333	-0.379	-0.356	-0.345	
rs75368102     +0.131	+0.115	+0.169	-0.009	-0.004	+0.008	+0.018	+0.024	+2.370	+2.164	+1.862	+0.500	+2.196	+0.796	+0.751	+2.353	+2.429	+2.660	+2.639	+2.709	+2.627	+2.712	+1.052	+1.058	+0.944	+1.058	+2.720	+1.054	+1.050	+1.051	+0.943	+2.777	+1.056	+0.879	+0.901	+2.233	+0.312	+0.360	+0.272	+0.284	+0.381	+2.034	+0.289	+0.280	+0.295	+0.207	+0.214	+1.939	+0.209	+0.217	+1.941	+1.945	+0.225	+0.287	+0.285	+0.075	+0.085	+0.113	+0.105	+0.132	+0.143	+0.119	+0.149	+0.159	+0.174	+0.167	+0.166	+0.193	+0.123	+0.120	+0.149	+0.157	+0.104	+0.136	+0.145	+0.115	+0.115	+0.153	+0.171	+0.172	+0.168	+0.105	+0.159	+0.169	+0.151	+0.138	-0.172	+0.103	+0.127	-0.167	+0.163	-0.157	-0.200	-0.179	-0.168	
rs1865546      +2.018	+2.010	+2.047	+1.956	+1.957	+1.964	+1.953	+1.956	+2.772	+2.627	+2.361	+1.928	+2.545	+2.000	+1.985	+2.646	+2.697	+2.787	+2.770	+2.824	+2.760	+2.826	+2.108	+2.043	+2.007	+2.043	+2.833	+2.042	+2.039	+2.040	+2.052	+2.879	+2.042	+1.988	+1.993	+2.452	+2.004	+2.025	+1.990	+1.989	+2.034	+2.420	+1.993	+2.012	+1.995	+1.971	+1.973	+2.364	+1.972	+1.975	+2.360	+2.360	+2.104	+2.153	+2.152	+2.023	+1.837	+1.850	+1.849	+2.200	+2.208	+2.170	+2.216	+2.220	+2.240	+2.231	+2.226	+2.257	+2.075	+2.078	+2.190	+2.200	+2.061	+2.174	+2.190	+2.155	+2.155	+2.199	+2.227	+2.227	+2.220	+2.064	+2.205	+2.222	+2.195	+2.182	+1.818	+2.054	+2.071	+1.819	+2.102	+1.887	+1.772	+1.809	+1.824	
rs1528684      +0.210	+0.191	+0.247	+0.075	+0.081	+0.092	+0.098	+0.104	+2.338	+2.138	+1.838	+0.617	+2.329	+0.903	+0.866	+2.485	+2.557	+2.627	+2.606	+2.674	+2.592	+2.675	+1.154	+1.041	+0.931	+1.042	+2.682	+1.037	+1.033	+1.034	+1.043	+2.739	+1.039	+0.865	+0.887	+2.197	+0.403	+0.456	+0.371	+0.221	+0.289	+1.993	+0.463	+0.265	+0.414	+0.330	+0.331	+1.899	+0.331	+0.332	+1.900	+1.905	+0.169	+0.209	+0.208	+0.118	+0.135	+0.161	+0.154	+0.215	+0.227	+0.204	+0.232	+0.242	+0.258	+0.252	+0.251	+0.276	+0.205	+0.202	+0.232	+0.240	+0.186	+0.219	+0.230	+0.199	+0.199	+0.236	+0.256	+0.257	+0.252	+0.187	+0.242	+0.253	+0.234	+0.222	-0.083	+0.188	+0.211	-0.086	+0.246	-0.073	-0.105	-0.094	-0.082	
rs78113997     +0.078	+0.063	+0.115	-0.065	-0.059	-0.048	-0.038	-0.031	+2.348	+2.143	+1.841	+0.470	+2.178	+0.772	+0.724	+2.337	+2.413	+2.644	+2.623	+2.693	+2.610	+2.696	+1.031	+1.036	+0.921	+1.037	+2.705	+1.032	+1.028	+1.029	+0.922	+2.762	+1.034	+0.855	+0.878	+2.215	+0.287	+0.339	+0.244	+0.184	+0.280	+2.012	+0.265	+0.321	+0.272	+0.175	+0.182	+1.916	+0.177	+0.186	+1.918	+1.923	+0.167	+0.228	+0.226	+0.018	+0.033	+0.061	+0.054	+0.076	+0.088	+0.064	+0.093	+0.104	+0.120	+0.113	+0.112	+0.138	+0.069	+0.066	+0.094	+0.102	+0.049	+0.081	+0.090	+0.059	+0.059	+0.098	+0.116	+0.117	+0.113	+0.050	+0.104	+0.114	+0.096	+0.083	-0.226	+0.047	+0.071	-0.220	+0.107	-0.210	-0.255	-0.233	-0.222	
rs2871381      +0.219	+0.200	+0.256	+0.085	+0.090	+0.102	+0.108	+0.114	+2.342	+2.143	+1.842	+0.624	+2.335	+0.909	+0.872	+2.491	+2.562	+2.630	+2.610	+2.677	+2.596	+2.679	+1.160	+1.046	+0.936	+1.046	+2.686	+1.041	+1.037	+1.039	+1.049	+2.742	+1.043	+0.870	+0.892	+2.201	+0.405	+0.456	+0.376	+0.229	+0.295	+1.995	+0.414	+0.272	+0.473	+0.340	+0.340	+1.901	+0.340	+0.341	+1.903	+1.908	+0.179	+0.218	+0.217	+0.128	+0.144	+0.169	+0.162	+0.224	+0.236	+0.213	+0.241	+0.252	+0.267	+0.261	+0.260	+0.286	+0.215	+0.211	+0.242	+0.250	+0.196	+0.229	+0.239	+0.209	+0.209	+0.246	+0.265	+0.266	+0.261	+0.197	+0.252	+0.263	+0.244	+0.232	-0.074	+0.197	+0.220	-0.077	+0.256	-0.064	-0.095	-0.085	-0.072	
rs4990039      +0.091	+0.073	+0.129	-0.052	-0.046	-0.034	-0.027	-0.020	+2.268	+2.073	+1.777	+0.521	+2.242	+0.817	+0.775	+2.399	+2.473	+2.582	+2.561	+2.631	+2.548	+2.633	+1.074	+0.986	+0.872	+0.987	+2.644	+0.982	+0.978	+0.979	+0.964	+2.703	+0.985	+0.804	+0.827	+2.147	+0.339	+0.411	+0.289	+0.117	+0.207	+1.971	+0.330	+0.175	+0.340	+0.327	+0.272	+1.874	+0.268	+0.278	+1.875	+1.880	+0.044	+0.083	+0.082	-0.010	+0.023	+0.049	+0.042	+0.086	+0.097	+0.074	+0.102	+0.113	+0.128	+0.122	+0.121	+0.146	+0.079	+0.076	+0.103	+0.110	+0.060	+0.090	+0.100	+0.070	+0.070	+0.106	+0.126	+0.127	+0.122	+0.061	+0.112	+0.123	+0.105	+0.093	-0.210	+0.059	+0.082	-0.213	+0.117	-0.200	-0.232	-0.221	-0.209	
rs7435568      +0.103	+0.085	+0.141	-0.040	-0.034	-0.022	-0.015	-0.009	+2.273	+2.078	+1.782	+0.529	+2.249	+0.825	+0.782	+2.406	+2.480	+2.586	+2.565	+2.634	+2.551	+2.637	+1.080	+0.991	+0.876	+0.992	+2.647	+0.987	+0.982	+0.984	+0.970	+2.705	+0.989	+0.809	+0.832	+2.151	+0.341	+0.410	+0.292	+0.126	+0.214	+1.973	+0.331	+0.182	+0.340	+0.272	+0.339	+1.876	+0.273	+0.281	+1.878	+1.883	+0.055	+0.095	+0.094	+0.002	+0.034	+0.060	+0.053	+0.098	+0.109	+0.086	+0.114	+0.125	+0.140	+0.134	+0.133	+0.158	+0.092	+0.088	+0.115	+0.122	+0.072	+0.102	+0.112	+0.082	+0.082	+0.118	+0.138	+0.139	+0.134	+0.073	+0.124	+0.135	+0.117	+0.105	-0.198	+0.072	+0.095	-0.201	+0.130	-0.189	-0.220	-0.210	-0.197	
rs10026024     +1.919	+1.910	+1.948	+1.854	+1.855	+1.862	+1.852	+1.854	+2.719	+2.571	+2.300	+1.834	+2.494	+1.912	+1.897	+2.599	+2.652	+2.753	+2.736	+2.793	+2.725	+2.794	+2.028	+1.959	+1.920	+1.959	+2.802	+1.958	+1.955	+1.957	+1.968	+2.851	+1.959	+1.898	+1.903	+2.406	+1.911	+1.932	+1.895	+1.891	+1.939	+2.364	+1.899	+1.916	+1.901	+1.874	+1.876	+2.313	+1.874	+1.878	+2.299	+2.301	+2.002	+2.051	+2.050	+1.921	+1.738	+1.751	+1.750	+2.090	+2.098	+2.062	+2.106	+2.110	+2.130	+2.121	+2.116	+2.148	+1.969	+1.972	+2.083	+2.093	+1.956	+2.067	+2.081	+2.048	+2.048	+2.092	+2.117	+2.117	+2.111	+1.959	+2.097	+2.112	+2.087	+2.074	+1.716	+1.951	+1.968	+1.717	+1.998	+1.784	+1.670	+1.707	+1.722	
rs9993084      +0.094	+0.076	+0.132	-0.049	-0.043	-0.032	-0.024	-0.018	+2.269	+2.075	+1.778	+0.523	+2.244	+0.819	+0.777	+2.401	+2.475	+2.583	+2.562	+2.632	+2.549	+2.634	+1.076	+0.987	+0.873	+0.988	+2.645	+0.984	+0.979	+0.981	+0.965	+2.703	+0.986	+0.806	+0.828	+2.149	+0.340	+0.411	+0.290	+0.119	+0.209	+1.972	+0.331	+0.177	+0.340	+0.268	+0.273	+1.874	+0.330	+0.279	+1.876	+1.881	+0.046	+0.086	+0.084	-0.007	+0.025	+0.052	+0.045	+0.089	+0.100	+0.077	+0.105	+0.116	+0.131	+0.125	+0.124	+0.149	+0.082	+0.078	+0.106	+0.113	+0.062	+0.093	+0.103	+0.073	+0.073	+0.109	+0.129	+0.130	+0.125	+0.063	+0.115	+0.126	+0.107	+0.095	-0.207	+0.062	+0.085	-0.210	+0.120	-0.198	-0.229	-0.219	-0.206	
rs13132176     +0.108	+0.090	+0.146	-0.034	-0.029	-0.017	-0.009	-0.003	+2.275	+2.081	+1.784	+0.533	+2.252	+0.828	+0.786	+2.409	+2.482	+2.587	+2.566	+2.636	+2.553	+2.638	+1.083	+0.993	+0.879	+0.994	+2.649	+0.989	+0.985	+0.986	+0.973	+2.707	+0.991	+0.812	+0.834	+2.153	+0.342	+0.410	+0.294	+0.131	+0.217	+1.975	+0.332	+0.186	+0.341	+0.278	+0.281	+1.878	+0.279	+0.346	+1.880	+1.884	+0.060	+0.099	+0.098	+0.007	+0.038	+0.065	+0.057	+0.103	+0.115	+0.092	+0.120	+0.130	+0.146	+0.140	+0.139	+0.164	+0.096	+0.093	+0.121	+0.128	+0.077	+0.108	+0.118	+0.088	+0.088	+0.124	+0.144	+0.145	+0.140	+0.078	+0.130	+0.141	+0.122	+0.110	-0.193	+0.076	+0.099	-0.196	+0.134	-0.183	-0.214	-0.204	-0.192	
rs7668149      +1.920	+1.912	+1.950	+1.855	+1.856	+1.863	+1.853	+1.855	+2.722	+2.575	+2.302	+1.835	+2.496	+1.914	+1.898	+2.602	+2.655	+2.755	+2.738	+2.794	+2.727	+2.796	+2.031	+1.961	+1.922	+1.962	+2.803	+1.960	+1.958	+1.959	+1.970	+2.852	+1.961	+1.899	+1.905	+2.407	+1.913	+1.934	+1.897	+1.893	+1.941	+2.360	+1.900	+1.918	+1.903	+1.875	+1.878	+2.299	+1.876	+1.880	+2.314	+2.304	+2.003	+2.052	+2.051	+1.922	+1.739	+1.752	+1.751	+2.091	+2.099	+2.063	+2.107	+2.111	+2.131	+2.122	+2.117	+2.149	+1.970	+1.973	+2.084	+2.094	+1.956	+2.068	+2.083	+2.049	+2.049	+2.093	+2.119	+2.118	+2.112	+1.960	+2.098	+2.113	+2.088	+2.075	+1.717	+1.952	+1.969	+1.718	+1.999	+1.786	+1.671	+1.708	+1.723	
rs7668641      +1.925	+1.916	+1.955	+1.860	+1.861	+1.868	+1.858	+1.860	+2.725	+2.578	+2.306	+1.840	+2.499	+1.918	+1.903	+2.604	+2.657	+2.757	+2.740	+2.796	+2.729	+2.798	+2.035	+1.965	+1.926	+1.966	+2.805	+1.964	+1.962	+1.963	+1.974	+2.854	+1.965	+1.904	+1.909	+2.410	+1.918	+1.939	+1.901	+1.898	+1.945	+2.360	+1.905	+1.923	+1.908	+1.880	+1.883	+2.301	+1.881	+1.884	+2.304	+2.319	+2.008	+2.057	+2.055	+1.926	+1.744	+1.757	+1.755	+2.096	+2.104	+2.068	+2.112	+2.116	+2.135	+2.127	+2.122	+2.154	+1.975	+1.978	+2.089	+2.099	+1.961	+2.073	+2.088	+2.054	+2.054	+2.098	+2.124	+2.123	+2.117	+1.964	+2.103	+2.118	+2.093	+2.080	+1.722	+1.957	+1.974	+1.723	+2.004	+1.791	+1.676	+1.713	+1.728	
rs13136254     -0.436	-0.447	-0.396	-0.640	-0.636	-0.628	-0.622	-0.617	+2.261	+2.086	+1.781	+0.432	+2.502	+0.941	+0.853	+2.682	+2.766	+2.740	+2.718	+2.789	+2.702	+2.791	+1.262	+1.063	+0.934	+1.066	+2.806	+1.061	+1.055	+1.058	+1.143	+2.867	+1.064	+0.859	+0.884	+2.281	+0.201	+0.263	+0.144	+0.033	+0.225	+2.104	+0.169	+0.167	+0.179	+0.044	+0.055	+2.002	+0.046	+0.060	+2.003	+2.008	-0.287	-0.337	-0.340	-0.408	-0.451	-0.420	-0.428	-0.504	-0.499	-0.521	-0.493	-0.487	-0.473	-0.479	-0.480	-0.458	-0.500	-0.501	-0.500	-0.493	-0.520	-0.511	-0.502	-0.522	-0.522	-0.497	-0.479	-0.478	-0.482	-0.520	-0.492	-0.481	-0.499	-0.509	-0.777	-0.515	-0.490	-0.751	-0.459	-0.753	-0.821	-0.778	-0.770	
rs10017668     -0.386	-0.398	-0.347	-0.592	-0.588	-0.579	-0.573	-0.569	+2.296	+2.121	+1.814	+0.485	+2.589	+1.013	+0.924	+2.770	+2.854	+2.793	+2.772	+2.843	+2.756	+2.845	+1.338	+1.112	+0.982	+1.114	+2.859	+1.110	+1.103	+1.106	+1.218	+2.921	+1.113	+0.907	+0.932	+2.334	+0.241	+0.302	+0.184	+0.092	+0.287	+2.153	+0.209	+0.228	+0.218	+0.083	+0.095	+2.051	+0.086	+0.099	+2.052	+2.057	-0.337	-0.232	-0.325	-0.301	-0.411	-0.380	-0.388	-0.454	-0.449	-0.471	-0.443	-0.436	-0.422	-0.429	-0.430	-0.408	-0.451	-0.452	-0.450	-0.443	-0.471	-0.461	-0.452	-0.472	-0.472	-0.448	-0.429	-0.428	-0.432	-0.471	-0.442	-0.431	-0.449	-0.459	-0.729	-0.466	-0.441	-0.704	-0.409	-0.705	-0.773	-0.730	-0.723	
rs10005808     -0.388	-0.399	-0.348	-0.593	-0.589	-0.580	-0.575	-0.570	+2.295	+2.120	+1.813	+0.484	+2.586	+1.011	+0.923	+2.768	+2.851	+2.792	+2.771	+2.841	+2.754	+2.843	+1.336	+1.111	+0.981	+1.113	+2.857	+1.108	+1.102	+1.105	+1.216	+2.919	+1.112	+0.906	+0.931	+2.332	+0.239	+0.301	+0.182	+0.091	+0.285	+2.152	+0.208	+0.226	+0.217	+0.082	+0.094	+2.050	+0.084	+0.098	+2.051	+2.055	-0.340	-0.325	-0.234	-0.303	-0.413	-0.381	-0.389	-0.455	-0.450	-0.473	-0.444	-0.438	-0.424	-0.430	-0.431	-0.410	-0.453	-0.454	-0.451	-0.444	-0.472	-0.463	-0.453	-0.473	-0.473	-0.449	-0.430	-0.429	-0.433	-0.472	-0.443	-0.432	-0.450	-0.461	-0.731	-0.467	-0.442	-0.705	-0.411	-0.706	-0.774	-0.731	-0.724	
rs6552717      -0.537	-0.547	-0.498	-0.741	-0.737	-0.729	-0.722	-0.717	+2.249	+2.066	+1.772	+0.316	+2.261	+0.749	+0.664	+2.436	+2.519	+2.639	+2.617	+2.691	+2.603	+2.694	+1.058	+0.974	+0.844	+0.976	+2.709	+0.971	+0.966	+0.968	+0.941	+2.771	+0.974	+0.769	+0.794	+2.186	+0.150	+0.214	+0.091	-0.110	+0.075	+2.023	+0.118	+0.018	+0.128	-0.010	+0.002	+1.921	-0.007	+0.007	+1.922	+1.926	-0.408	-0.301	-0.303	-0.398	-0.512	-0.478	-0.487	-0.607	-0.604	-0.625	-0.598	-0.592	-0.579	-0.585	-0.586	-0.564	-0.602	-0.603	-0.604	-0.597	-0.621	-0.615	-0.607	-0.627	-0.627	-0.602	-0.585	-0.584	-0.588	-0.621	-0.596	-0.587	-0.603	-0.614	-0.875	-0.616	-0.590	-0.846	-0.560	-0.849	-0.920	-0.875	-0.868	
rs1983503      -0.373	-0.377	-0.334	-0.563	-0.558	-0.549	-0.539	-0.533	+2.065	+1.888	+1.596	+0.220	+1.966	+0.573	+0.488	+2.130	+2.209	+2.431	+2.409	+2.483	+2.396	+2.486	+0.843	+0.829	+0.709	+0.831	+2.501	+0.827	+0.822	+0.823	+0.741	+2.562	+0.830	+0.637	+0.660	+1.987	+0.167	+0.226	+0.112	-0.075	+0.085	+1.837	+0.135	+0.033	+0.144	+0.023	+0.034	+1.738	+0.025	+0.038	+1.739	+1.744	-0.451	-0.411	-0.413	-0.512	-0.222	-0.329	-0.339	-0.407	-0.395	-0.420	-0.389	-0.381	-0.366	-0.373	-0.374	-0.351	-0.397	-0.399	-0.400	-0.393	-0.419	-0.413	-0.403	-0.428	-0.428	-0.399	-0.379	-0.377	-0.382	-0.420	-0.393	-0.381	-0.400	-0.412	-0.688	-0.443	-0.419	-0.655	-0.382	-0.661	-0.741	-0.684	-0.683	
rs1978777      -0.340	-0.343	-0.301	-0.528	-0.524	-0.515	-0.504	-0.499	+2.076	+1.899	+1.607	+0.244	+1.980	+0.596	+0.510	+2.143	+2.221	+2.438	+2.415	+2.488	+2.403	+2.491	+0.863	+0.847	+0.728	+0.849	+2.506	+0.845	+0.840	+0.841	+0.763	+2.567	+0.848	+0.657	+0.679	+1.996	+0.193	+0.251	+0.137	-0.046	+0.113	+1.850	+0.161	+0.061	+0.169	+0.049	+0.060	+1.751	+0.052	+0.065	+1.752	+1.757	-0.420	-0.380	-0.381	-0.478	-0.329	-0.186	-0.301	-0.370	-0.357	-0.382	-0.351	-0.343	-0.327	-0.335	-0.336	-0.312	-0.359	-0.361	-0.363	-0.355	-0.381	-0.375	-0.365	-0.391	-0.391	-0.362	-0.341	-0.339	-0.344	-0.382	-0.355	-0.343	-0.363	-0.374	-0.655	-0.408	-0.384	-0.622	-0.347	-0.629	-0.707	-0.650	-0.650	
