## Summary of overall evidence for association with region:
## log10(BF for region) = 2.11742
## p-value for region = NA

## BFs for choosing among multi-SNP models:
## log10(average 1-SNP BF) = 2.10063
## log10(average 2-SNP BF) = 2.14918

## Example posterior probabilities for multi-SNP models, based on default prior: [p(l) propto 0.5^l for l=1,2,...,L]
## posterior probability of 1-SNP = 0.641381
## posterior probability of 2-SNP = 0.358619

## log10(BF) for single SNP and pair of SNPs:
rs10999996     -0.403	-0.501	-0.626	-0.613	-0.621	-0.623	-0.613	-0.529	-0.521	-0.529	-0.447	-0.667	-0.669	-0.667	-0.667	-0.669	-0.669	+2.932	-0.664	-0.670	+1.237	+0.903	+1.206	+0.976	+1.219	+1.215	+0.769	+0.913	+1.315	+0.918	-0.561	+1.263	+0.969	-0.406	+0.826	+1.215	+0.919	+1.208	+0.877	+1.209	+0.799	+0.782	-0.564	+0.806	-0.407	+1.203	+0.785	+0.801	+1.147	+0.926	-0.576	-0.543	-0.549	+0.829	-0.340	-0.343	-0.057	+2.134	+0.550	+0.586	+0.629	+2.556	+2.356	+2.577	+2.198	+2.237	+2.551	+2.540	+2.593	+2.281	+2.225	+2.258	+2.206	+2.187	+2.258	+2.244	+2.141	+2.229	-0.383	-0.072	-0.129	-0.102	-0.402	-0.670	-0.552	-0.576	-0.490	+1.380	+1.406	+1.404	+1.380	-0.529	+1.413	+1.327	-0.595	-0.521	+1.214	+1.208	-0.556	+0.796	-0.533	+1.051	-0.259	-0.731	-0.285	-0.385	-0.559	-0.753	-0.437	-0.713	-0.385	-0.384	-0.384	-0.383	-0.383	-0.569	-0.417	-0.412	-0.707	-0.404	-0.404	-0.396	-0.566	-0.396	-0.567	-0.567	-0.331	-0.395	-0.392	-0.391	-0.885	-0.433	-0.451	+0.211	-0.629	
rs10762480     -0.501	-0.374	-0.578	-0.561	-0.571	-0.574	-0.561	-0.523	-0.515	-0.523	-0.421	-0.637	-0.636	-0.638	-0.638	-0.638	-0.638	+2.897	-0.637	-0.642	+1.254	+0.919	+1.224	+0.992	+1.236	+1.232	+0.781	+0.929	+1.332	+0.934	-0.548	+1.280	+0.985	-0.397	+0.838	+1.232	+0.935	+1.224	+0.893	+1.226	+0.812	+0.794	-0.550	+0.819	-0.397	+1.220	+0.798	+0.813	+1.164	+0.943	-0.562	-0.529	-0.535	+0.838	-0.328	-0.332	-0.048	+2.146	+0.565	+0.601	+0.645	+2.573	+2.367	+2.595	+2.219	+2.258	+2.568	+2.558	+2.610	+2.292	+2.246	+2.279	+2.226	+2.207	+2.278	+2.264	+2.161	+2.249	-0.361	-0.054	-0.109	-0.082	-0.384	-0.649	-0.533	-0.556	-0.471	+1.393	+1.419	+1.417	+1.393	-0.510	+1.425	+1.339	-0.575	-0.502	+1.228	+1.223	-0.537	+0.807	-0.514	+1.063	-0.241	-0.706	-0.266	-0.365	-0.531	-0.727	-0.417	-0.691	-0.365	-0.364	-0.364	-0.363	-0.362	-0.541	-0.396	-0.391	-0.685	-0.384	-0.384	-0.376	-0.539	-0.376	-0.540	-0.540	-0.312	-0.374	-0.372	-0.370	-0.857	-0.412	-0.430	+0.230	-0.606	
rs7068810      -0.626	-0.578	-0.512	-0.644	-0.639	-0.639	-0.645	-0.391	-0.375	-0.390	-0.535	-0.609	-0.636	-0.598	-0.602	-0.620	-0.620	+3.079	-0.578	-0.644	+1.207	+0.877	+1.172	+0.953	+1.185	+1.181	+0.779	+0.887	+1.281	+0.892	-0.533	+1.233	+0.945	-0.356	+0.839	+1.184	+0.893	+1.176	+0.849	+1.177	+0.811	+0.794	-0.537	+0.818	-0.357	+1.171	+0.796	+0.813	+1.112	+0.901	-0.560	-0.527	-0.535	+0.883	-0.320	-0.324	-0.016	+2.153	+0.527	+0.564	+0.609	+2.534	+2.383	+2.555	+2.141	+2.180	+2.529	+2.519	+2.572	+2.306	+2.172	+2.204	+2.152	+2.133	+2.205	+2.191	+2.087	+2.176	-0.452	-0.118	-0.183	-0.156	-0.444	-0.730	-0.599	-0.624	-0.532	+1.371	+1.397	+1.396	+1.371	-0.577	+1.404	+1.317	-0.648	-0.567	+1.196	+1.190	-0.605	+0.788	-0.580	+1.045	-0.300	-0.826	-0.330	-0.444	-0.657	-0.848	-0.498	-0.779	-0.444	-0.443	-0.443	-0.442	-0.441	-0.667	-0.477	-0.472	-0.773	-0.464	-0.464	-0.456	-0.664	-0.456	-0.665	-0.665	-0.377	-0.454	-0.452	-0.450	-0.988	-0.495	-0.514	+0.171	-0.704	
rs3802710      -0.613	-0.561	-0.644	-0.518	-0.648	-0.647	-0.645	-0.372	-0.360	-0.374	-0.540	-0.594	-0.626	-0.581	-0.585	-0.607	-0.607	+3.103	-0.558	-0.631	+1.211	+0.880	+1.176	+0.957	+1.188	+1.184	+0.785	+0.890	+1.284	+0.895	-0.527	+1.236	+0.948	-0.349	+0.845	+1.187	+0.897	+1.179	+0.853	+1.181	+0.817	+0.800	-0.531	+0.824	-0.349	+1.174	+0.802	+0.818	+1.116	+0.904	-0.555	-0.522	-0.530	+0.891	-0.314	-0.319	-0.009	+2.161	+0.527	+0.564	+0.609	+2.538	+2.391	+2.560	+2.143	+2.182	+2.533	+2.523	+2.577	+2.314	+2.175	+2.207	+2.155	+2.136	+2.208	+2.194	+2.089	+2.179	-0.454	-0.117	-0.184	-0.156	-0.446	-0.732	-0.601	-0.626	-0.534	+1.371	+1.397	+1.396	+1.371	-0.577	+1.404	+1.317	-0.649	-0.567	+1.195	+1.189	-0.606	+0.789	-0.580	+1.047	-0.300	-0.830	-0.330	-0.445	-0.663	-0.853	-0.500	-0.782	-0.445	-0.444	-0.444	-0.443	-0.443	-0.673	-0.479	-0.473	-0.776	-0.465	-0.465	-0.457	-0.671	-0.457	-0.672	-0.672	-0.377	-0.455	-0.453	-0.451	-0.995	-0.497	-0.515	+0.169	-0.707	
rs11000000     -0.621	-0.571	-0.639	-0.648	-0.516	-0.640	-0.648	-0.382	-0.366	-0.380	-0.538	-0.597	-0.628	-0.584	-0.589	-0.609	-0.610	+3.093	-0.562	-0.638	+1.209	+0.879	+1.174	+0.955	+1.187	+1.182	+0.782	+0.889	+1.283	+0.894	-0.529	+1.235	+0.946	-0.352	+0.842	+1.186	+0.895	+1.178	+0.851	+1.179	+0.814	+0.797	-0.533	+0.821	-0.352	+1.173	+0.799	+0.816	+1.114	+0.903	-0.557	-0.524	-0.532	+0.887	-0.317	-0.321	-0.012	+2.157	+0.527	+0.564	+0.609	+2.536	+2.386	+2.558	+2.142	+2.181	+2.531	+2.521	+2.575	+2.310	+2.173	+2.206	+2.154	+2.134	+2.207	+2.193	+2.088	+2.177	-0.453	-0.118	-0.184	-0.156	-0.446	-0.731	-0.601	-0.625	-0.534	+1.371	+1.397	+1.395	+1.371	-0.577	+1.403	+1.316	-0.649	-0.567	+1.195	+1.189	-0.606	+0.788	-0.580	+1.046	-0.300	-0.828	-0.330	-0.444	-0.660	-0.851	-0.500	-0.781	-0.445	-0.444	-0.444	-0.443	-0.442	-0.670	-0.478	-0.473	-0.775	-0.465	-0.465	-0.457	-0.668	-0.457	-0.669	-0.669	-0.377	-0.455	-0.452	-0.451	-0.991	-0.496	-0.515	+0.169	-0.706	
rs35841269     -0.623	-0.574	-0.639	-0.647	-0.640	-0.514	-0.646	-0.384	-0.368	-0.382	-0.537	-0.598	-0.628	-0.586	-0.590	-0.610	-0.611	+3.089	-0.564	-0.639	+1.208	+0.878	+1.174	+0.954	+1.186	+1.182	+0.781	+0.888	+1.282	+0.893	-0.530	+1.234	+0.946	-0.353	+0.841	+1.185	+0.895	+1.177	+0.851	+1.179	+0.813	+0.797	-0.534	+0.820	-0.354	+1.172	+0.799	+0.815	+1.114	+0.902	-0.558	-0.525	-0.533	+0.886	-0.318	-0.322	-0.013	+2.156	+0.527	+0.564	+0.609	+2.536	+2.385	+2.557	+2.141	+2.181	+2.531	+2.520	+2.574	+2.309	+2.173	+2.205	+2.153	+2.134	+2.206	+2.192	+2.088	+2.177	-0.453	-0.118	-0.183	-0.156	-0.445	-0.731	-0.600	-0.625	-0.533	+1.371	+1.397	+1.396	+1.371	-0.577	+1.404	+1.317	-0.648	-0.567	+1.195	+1.189	-0.605	+0.788	-0.580	+1.046	-0.300	-0.827	-0.330	-0.444	-0.659	-0.850	-0.499	-0.780	-0.444	-0.443	-0.443	-0.442	-0.442	-0.669	-0.478	-0.472	-0.774	-0.464	-0.464	-0.456	-0.666	-0.456	-0.667	-0.667	-0.377	-0.454	-0.452	-0.451	-0.990	-0.496	-0.514	+0.170	-0.705	
rs10823845     -0.613	-0.561	-0.645	-0.645	-0.648	-0.646	-0.518	-0.371	-0.358	-0.372	-0.540	-0.586	-0.620	-0.572	-0.577	-0.599	-0.600	+3.106	-0.548	-0.627	+1.211	+0.881	+1.177	+0.957	+1.189	+1.185	+0.785	+0.891	+1.285	+0.896	-0.525	+1.237	+0.949	-0.347	+0.845	+1.188	+0.898	+1.180	+0.854	+1.182	+0.817	+0.801	-0.530	+0.825	-0.348	+1.175	+0.803	+0.819	+1.116	+0.905	-0.554	-0.521	-0.529	+0.892	-0.313	-0.318	-0.008	+2.162	+0.528	+0.565	+0.610	+2.539	+2.392	+2.561	+2.143	+2.183	+2.534	+2.524	+2.578	+2.315	+2.175	+2.208	+2.156	+2.136	+2.209	+2.195	+2.090	+2.179	-0.453	-0.117	-0.183	-0.155	-0.446	-0.731	-0.601	-0.626	-0.534	+1.372	+1.398	+1.396	+1.372	-0.576	+1.404	+1.317	-0.648	-0.566	+1.195	+1.189	-0.605	+0.789	-0.579	+1.047	-0.299	-0.829	-0.329	-0.444	-0.663	-0.852	-0.499	-0.782	-0.445	-0.443	-0.443	-0.443	-0.442	-0.673	-0.478	-0.472	-0.775	-0.465	-0.465	-0.456	-0.670	-0.456	-0.671	-0.671	-0.377	-0.455	-0.452	-0.451	-0.994	-0.496	-0.515	+0.169	-0.706	
rs10466026     -0.529	-0.523	-0.391	-0.372	-0.382	-0.384	-0.371	-0.169	-0.278	-0.288	-0.248	-0.452	-0.442	-0.457	-0.455	-0.450	-0.451	+2.845	-0.462	-0.462	+1.228	+0.903	+1.198	+0.975	+1.211	+1.207	+0.831	+0.914	+1.303	+0.918	-0.425	+1.253	+0.967	-0.321	+0.886	+1.207	+0.920	+1.200	+0.879	+1.201	+0.860	+0.843	-0.427	+0.867	-0.321	+1.196	+0.848	+0.862	+1.141	+0.928	-0.437	-0.406	-0.409	+0.929	-0.226	-0.229	+0.032	+2.251	+0.794	+0.829	+0.874	+2.677	+2.469	+2.699	+2.348	+2.386	+2.673	+2.662	+2.715	+2.395	+2.247	+2.280	+2.228	+2.210	+2.280	+2.266	+2.168	+2.252	-0.267	+0.006	-0.043	-0.016	-0.228	-0.497	-0.386	-0.409	-0.329	+1.522	+1.547	+1.545	+1.522	-0.376	+1.553	+1.469	-0.433	-0.369	+1.373	+1.364	-0.399	+0.946	-0.379	+1.160	-0.099	-0.534	-0.117	-0.205	-0.315	-0.553	-0.255	-0.532	-0.206	-0.204	-0.203	-0.203	-0.202	-0.325	-0.235	-0.230	-0.527	-0.223	-0.223	-0.215	-0.323	-0.215	-0.324	-0.324	-0.165	-0.214	-0.211	-0.210	-0.645	-0.250	-0.267	+0.383	-0.432	
rs10823847     -0.521	-0.515	-0.375	-0.360	-0.366	-0.368	-0.358	-0.278	-0.160	-0.279	-0.240	-0.439	-0.428	-0.445	-0.443	-0.437	-0.437	+2.838	-0.450	-0.452	+1.230	+0.906	+1.201	+0.977	+1.213	+1.209	+0.834	+0.916	+1.306	+0.921	-0.419	+1.256	+0.970	-0.317	+0.889	+1.210	+0.922	+1.202	+0.881	+1.204	+0.863	+0.846	-0.420	+0.870	-0.317	+1.198	+0.851	+0.865	+1.144	+0.930	-0.430	-0.399	-0.403	+0.933	-0.221	-0.224	+0.037	+2.257	+0.801	+0.836	+0.881	+2.683	+2.476	+2.704	+2.354	+2.392	+2.678	+2.668	+2.720	+2.402	+2.252	+2.284	+2.233	+2.215	+2.284	+2.271	+2.172	+2.256	-0.261	+0.011	-0.037	-0.011	-0.221	-0.489	-0.379	-0.402	-0.322	+1.528	+1.553	+1.551	+1.528	-0.369	+1.559	+1.476	-0.426	-0.361	+1.379	+1.371	-0.392	+0.954	-0.372	+1.165	-0.091	-0.526	-0.110	-0.198	-0.305	-0.546	-0.247	-0.524	-0.198	-0.196	-0.196	-0.195	-0.195	-0.316	-0.227	-0.222	-0.519	-0.215	-0.215	-0.208	-0.313	-0.208	-0.314	-0.314	-0.157	-0.206	-0.204	-0.203	-0.636	-0.243	-0.259	+0.390	-0.424	
rs4747194      -0.529	-0.523	-0.390	-0.374	-0.380	-0.382	-0.372	-0.288	-0.279	-0.169	-0.248	-0.449	-0.439	-0.454	-0.453	-0.447	-0.448	+2.843	-0.460	-0.462	+1.226	+0.902	+1.197	+0.973	+1.209	+1.205	+0.829	+0.912	+1.302	+0.917	-0.426	+1.252	+0.966	-0.322	+0.884	+1.206	+0.918	+1.199	+0.877	+1.200	+0.858	+0.841	-0.427	+0.865	-0.322	+1.194	+0.846	+0.860	+1.140	+0.926	-0.437	-0.406	-0.410	+0.927	-0.227	-0.230	+0.031	+2.251	+0.795	+0.830	+0.875	+2.678	+2.470	+2.699	+2.348	+2.386	+2.673	+2.663	+2.715	+2.396	+2.247	+2.280	+2.228	+2.210	+2.279	+2.266	+2.167	+2.251	-0.268	+0.006	-0.043	-0.016	-0.228	-0.497	-0.386	-0.409	-0.329	+1.523	+1.548	+1.547	+1.523	-0.375	+1.555	+1.471	-0.433	-0.368	+1.374	+1.366	-0.399	+0.948	-0.378	+1.160	-0.098	-0.533	-0.117	-0.205	-0.315	-0.553	-0.255	-0.532	-0.206	-0.204	-0.203	-0.203	-0.202	-0.326	-0.235	-0.230	-0.527	-0.223	-0.223	-0.215	-0.324	-0.215	-0.325	-0.325	-0.165	-0.214	-0.211	-0.210	-0.645	-0.250	-0.266	+0.384	-0.432	
rs72802193     -0.447	-0.421	-0.535	-0.540	-0.538	-0.537	-0.540	-0.248	-0.240	-0.248	-0.099	-0.492	-0.503	-0.486	-0.488	-0.495	-0.493	+2.918	-0.476	-0.477	+1.436	+1.117	+1.402	+1.191	+1.415	+1.411	+1.022	+1.128	+1.510	+1.132	-0.251	+1.462	+1.183	-0.084	+1.079	+1.414	+1.134	+1.407	+1.092	+1.408	+1.053	+1.036	-0.254	+1.059	-0.084	+1.402	+1.039	+1.054	+1.347	+1.143	-0.267	-0.223	-0.229	+1.139	-0.004	-0.008	+0.297	+2.441	+1.118	+1.159	+1.209	+2.860	+2.667	+2.883	+2.473	+2.512	+2.857	+2.847	+2.900	+2.593	+2.482	+2.516	+2.466	+2.447	+2.521	+2.508	+2.405	+2.493	-0.082	+0.246	+0.179	+0.207	-0.103	-0.374	-0.264	-0.288	-0.198	+1.644	+1.669	+1.668	+1.644	-0.217	+1.676	+1.591	-0.292	-0.209	+1.472	+1.465	-0.248	+1.059	-0.222	+1.646	+0.069	-0.397	+0.039	-0.079	-0.293	-0.425	-0.134	-0.348	-0.078	-0.076	-0.076	-0.075	-0.075	-0.304	-0.111	-0.105	-0.341	-0.097	-0.097	-0.089	-0.301	-0.089	-0.302	-0.302	-0.008	-0.087	-0.085	-0.083	-0.652	-0.128	-0.147	+0.555	-0.342	
rs10762482     -0.667	-0.637	-0.609	-0.594	-0.597	-0.598	-0.586	-0.452	-0.439	-0.449	-0.492	-0.458	-0.585	-0.576	-0.577	-0.584	-0.587	+2.974	-0.569	-0.624	+1.200	+0.871	+1.167	+0.946	+1.179	+1.175	+0.764	+0.881	+1.275	+0.886	-0.542	+1.226	+0.938	-0.377	+0.822	+1.177	+0.887	+1.170	+0.844	+1.171	+0.795	+0.778	-0.545	+0.802	-0.378	+1.165	+0.781	+0.797	+1.107	+0.895	-0.565	-0.532	-0.539	+0.855	-0.331	-0.335	-0.036	+2.134	+0.543	+0.580	+0.624	+2.525	+2.362	+2.547	+2.143	+2.182	+2.520	+2.510	+2.563	+2.286	+2.172	+2.204	+2.153	+2.134	+2.205	+2.191	+2.088	+2.176	-0.429	-0.107	-0.169	-0.142	-0.417	-0.704	-0.571	-0.596	-0.506	+1.385	+1.411	+1.409	+1.385	-0.559	+1.417	+1.331	-0.627	-0.549	+1.216	+1.210	-0.586	+0.799	-0.562	+1.051	-0.286	-0.788	-0.314	-0.421	-0.607	-0.810	-0.475	-0.745	-0.422	-0.420	-0.420	-0.420	-0.419	-0.617	-0.454	-0.448	-0.739	-0.441	-0.441	-0.433	-0.615	-0.433	-0.616	-0.616	-0.360	-0.431	-0.429	-0.427	-0.931	-0.471	-0.489	+0.197	-0.672	
rs749823       -0.669	-0.636	-0.636	-0.626	-0.628	-0.628	-0.620	-0.442	-0.428	-0.439	-0.503	-0.585	-0.471	-0.579	-0.581	-0.587	-0.587	+2.998	-0.565	-0.629	+1.199	+0.870	+1.166	+0.945	+1.178	+1.174	+0.765	+0.880	+1.274	+0.885	-0.541	+1.225	+0.937	-0.374	+0.824	+1.177	+0.886	+1.169	+0.843	+1.170	+0.797	+0.780	-0.545	+0.804	-0.375	+1.164	+0.782	+0.798	+1.106	+0.894	-0.566	-0.532	-0.540	+0.860	-0.331	-0.335	-0.033	+2.137	+0.537	+0.574	+0.618	+2.525	+2.365	+2.547	+2.140	+2.179	+2.520	+2.510	+2.563	+2.289	+2.170	+2.202	+2.150	+2.131	+2.203	+2.189	+2.085	+2.174	-0.436	-0.112	-0.175	-0.147	-0.425	-0.712	-0.579	-0.604	-0.514	+1.379	+1.405	+1.404	+1.379	-0.565	+1.412	+1.325	-0.634	-0.556	+1.209	+1.203	-0.593	+0.794	-0.568	+1.047	-0.292	-0.799	-0.320	-0.428	-0.620	-0.820	-0.482	-0.754	-0.429	-0.427	-0.427	-0.427	-0.426	-0.630	-0.461	-0.456	-0.749	-0.448	-0.448	-0.440	-0.627	-0.440	-0.628	-0.628	-0.366	-0.438	-0.436	-0.434	-0.945	-0.478	-0.496	+0.189	-0.681	
rs11000016     -0.667	-0.638	-0.598	-0.581	-0.584	-0.586	-0.572	-0.457	-0.445	-0.454	-0.486	-0.576	-0.579	-0.451	-0.573	-0.579	-0.583	+2.964	-0.568	-0.620	+1.200	+0.871	+1.167	+0.946	+1.180	+1.176	+0.763	+0.881	+1.276	+0.886	-0.542	+1.226	+0.938	-0.378	+0.822	+1.178	+0.888	+1.170	+0.845	+1.172	+0.795	+0.778	-0.545	+0.801	-0.379	+1.165	+0.780	+0.796	+1.108	+0.895	-0.565	-0.532	-0.539	+0.854	-0.331	-0.335	-0.037	+2.133	+0.546	+0.582	+0.627	+2.525	+2.360	+2.547	+2.144	+2.183	+2.521	+2.510	+2.563	+2.285	+2.173	+2.206	+2.154	+2.135	+2.206	+2.193	+2.089	+2.178	-0.425	-0.105	-0.166	-0.139	-0.413	-0.701	-0.567	-0.592	-0.503	+1.387	+1.413	+1.411	+1.387	-0.556	+1.420	+1.333	-0.623	-0.546	+1.219	+1.213	-0.583	+0.801	-0.559	+1.053	-0.284	-0.784	-0.311	-0.418	-0.601	-0.805	-0.471	-0.741	-0.418	-0.417	-0.417	-0.416	-0.416	-0.611	-0.450	-0.445	-0.735	-0.437	-0.437	-0.429	-0.609	-0.429	-0.610	-0.610	-0.357	-0.428	-0.425	-0.424	-0.925	-0.467	-0.485	+0.201	-0.667	
rs3747860      -0.667	-0.638	-0.602	-0.585	-0.589	-0.590	-0.577	-0.455	-0.443	-0.453	-0.488	-0.577	-0.581	-0.573	-0.454	-0.581	-0.584	+2.967	-0.567	-0.621	+1.200	+0.871	+1.167	+0.946	+1.180	+1.175	+0.763	+0.881	+1.275	+0.886	-0.541	+1.226	+0.938	-0.378	+0.822	+1.178	+0.888	+1.170	+0.844	+1.171	+0.795	+0.778	-0.545	+0.802	-0.378	+1.165	+0.780	+0.796	+1.108	+0.895	-0.565	-0.532	-0.539	+0.854	-0.331	-0.335	-0.036	+2.134	+0.545	+0.581	+0.626	+2.525	+2.361	+2.547	+2.144	+2.183	+2.521	+2.510	+2.563	+2.285	+2.173	+2.205	+2.153	+2.134	+2.206	+2.192	+2.088	+2.177	-0.426	-0.106	-0.167	-0.140	-0.414	-0.702	-0.569	-0.593	-0.504	+1.386	+1.412	+1.411	+1.386	-0.557	+1.419	+1.332	-0.625	-0.547	+1.218	+1.212	-0.584	+0.800	-0.560	+1.052	-0.284	-0.785	-0.312	-0.419	-0.603	-0.807	-0.472	-0.742	-0.419	-0.418	-0.418	-0.417	-0.417	-0.613	-0.451	-0.446	-0.736	-0.438	-0.438	-0.430	-0.611	-0.430	-0.612	-0.612	-0.358	-0.429	-0.426	-0.425	-0.927	-0.468	-0.486	+0.200	-0.669	
rs2070968      -0.669	-0.638	-0.620	-0.607	-0.609	-0.610	-0.599	-0.450	-0.437	-0.447	-0.495	-0.584	-0.587	-0.579	-0.581	-0.462	-0.586	+2.980	-0.568	-0.625	+1.200	+0.870	+1.166	+0.946	+1.179	+1.175	+0.764	+0.880	+1.275	+0.885	-0.541	+1.226	+0.937	-0.376	+0.823	+1.177	+0.887	+1.169	+0.844	+1.171	+0.796	+0.779	-0.545	+0.803	-0.377	+1.165	+0.781	+0.797	+1.107	+0.894	-0.565	-0.532	-0.539	+0.857	-0.331	-0.335	-0.035	+2.135	+0.541	+0.578	+0.622	+2.525	+2.362	+2.546	+2.142	+2.181	+2.520	+2.510	+2.563	+2.287	+2.171	+2.204	+2.152	+2.133	+2.204	+2.191	+2.087	+2.175	-0.431	-0.109	-0.171	-0.143	-0.419	-0.707	-0.574	-0.598	-0.509	+1.383	+1.409	+1.407	+1.383	-0.561	+1.415	+1.329	-0.629	-0.551	+1.214	+1.208	-0.588	+0.797	-0.564	+1.049	-0.288	-0.791	-0.316	-0.423	-0.611	-0.813	-0.477	-0.748	-0.424	-0.422	-0.422	-0.422	-0.421	-0.621	-0.456	-0.451	-0.742	-0.443	-0.443	-0.435	-0.618	-0.435	-0.619	-0.619	-0.362	-0.433	-0.431	-0.430	-0.935	-0.473	-0.491	+0.195	-0.674	
rs727414       -0.669	-0.638	-0.620	-0.607	-0.610	-0.611	-0.600	-0.451	-0.437	-0.448	-0.493	-0.587	-0.587	-0.583	-0.584	-0.586	-0.460	+2.979	-0.571	-0.625	+1.200	+0.871	+1.167	+0.946	+1.180	+1.175	+0.764	+0.881	+1.275	+0.886	-0.541	+1.226	+0.938	-0.376	+0.823	+1.178	+0.888	+1.170	+0.844	+1.172	+0.796	+0.779	-0.545	+0.803	-0.377	+1.165	+0.782	+0.798	+1.108	+0.895	-0.565	-0.532	-0.539	+0.857	-0.331	-0.334	-0.034	+2.136	+0.543	+0.579	+0.624	+2.526	+2.363	+2.547	+2.143	+2.182	+2.521	+2.511	+2.564	+2.287	+2.172	+2.205	+2.153	+2.134	+2.205	+2.191	+2.088	+2.176	-0.430	-0.108	-0.170	-0.142	-0.418	-0.705	-0.572	-0.597	-0.507	+1.384	+1.410	+1.409	+1.384	-0.559	+1.417	+1.330	-0.628	-0.550	+1.215	+1.209	-0.587	+0.799	-0.563	+1.051	-0.287	-0.790	-0.315	-0.422	-0.609	-0.811	-0.475	-0.746	-0.422	-0.421	-0.421	-0.420	-0.420	-0.619	-0.455	-0.449	-0.741	-0.442	-0.442	-0.434	-0.617	-0.434	-0.618	-0.618	-0.361	-0.432	-0.430	-0.428	-0.933	-0.472	-0.490	+0.196	-0.673	
rs1015193      +2.932	+2.897	+3.079	+3.103	+3.093	+3.089	+3.106	+2.845	+2.838	+2.843	+2.918	+2.974	+2.998	+2.964	+2.967	+2.980	+2.979	+3.277	+2.949	+2.970	+2.890	+2.822	+2.886	+2.847	+2.893	+2.891	+2.784	+2.827	+2.923	+2.829	+2.777	+2.903	+2.845	+2.745	+2.799	+2.886	+2.829	+2.883	+2.816	+2.883	+2.791	+2.786	+2.778	+2.793	+2.745	+2.881	+2.788	+2.792	+2.863	+2.833	+2.779	+2.781	+2.782	+2.922	+2.750	+2.749	+2.887	+3.926	+3.347	+3.371	+3.415	+4.140	+4.095	+4.159	+4.062	+4.090	+4.141	+4.134	+4.173	+4.042	+3.896	+3.932	+3.894	+3.883	+3.934	+3.926	+3.859	+3.916	+2.800	+2.918	+2.849	+2.866	+2.815	+2.705	+2.715	+2.712	+2.754	+3.567	+3.581	+3.582	+3.566	+2.718	+3.586	+3.537	+2.703	+2.718	+3.493	+3.481	+2.709	+3.256	+2.717	+3.522	+2.849	+2.645	+2.839	+2.847	+3.007	+2.639	+2.818	+2.723	+2.849	+2.849	+2.849	+2.850	+2.850	+2.996	+2.832	+2.835	+2.727	+2.840	+2.840	+2.845	+2.999	+2.845	+2.997	+2.997	+2.814	+2.846	+2.848	+2.850	+2.640	+2.830	+2.820	+3.042	+2.734	
rs3819341      -0.664	-0.637	-0.578	-0.558	-0.562	-0.564	-0.548	-0.462	-0.450	-0.460	-0.476	-0.569	-0.565	-0.568	-0.567	-0.568	-0.571	+2.949	-0.439	-0.606	+1.203	+0.874	+1.170	+0.949	+1.183	+1.178	+0.765	+0.884	+1.278	+0.889	-0.538	+1.229	+0.941	-0.376	+0.823	+1.181	+0.890	+1.173	+0.847	+1.174	+0.796	+0.779	-0.541	+0.803	-0.377	+1.168	+0.782	+0.798	+1.111	+0.898	-0.560	-0.528	-0.535	+0.854	-0.329	-0.332	-0.035	+2.135	+0.552	+0.588	+0.633	+2.528	+2.361	+2.549	+2.148	+2.187	+2.523	+2.513	+2.566	+2.286	+2.177	+2.209	+2.157	+2.139	+2.210	+2.196	+2.093	+2.181	-0.418	-0.100	-0.161	-0.134	-0.405	-0.693	-0.560	-0.584	-0.495	+1.392	+1.419	+1.417	+1.393	-0.549	+1.425	+1.339	-0.616	-0.540	+1.225	+1.219	-0.576	+0.806	-0.552	+1.057	-0.278	-0.774	-0.305	-0.411	-0.590	-0.796	-0.464	-0.732	-0.411	-0.410	-0.410	-0.409	-0.408	-0.600	-0.443	-0.438	-0.726	-0.430	-0.430	-0.422	-0.597	-0.422	-0.598	-0.598	-0.351	-0.421	-0.418	-0.417	-0.912	-0.460	-0.478	+0.208	-0.659	
rs12782637     -0.670	-0.642	-0.644	-0.631	-0.638	-0.639	-0.627	-0.462	-0.452	-0.462	-0.477	-0.624	-0.629	-0.620	-0.621	-0.625	-0.625	+2.970	-0.606	-0.442	+1.213	+0.883	+1.179	+0.959	+1.192	+1.187	+0.780	+0.893	+1.287	+0.898	-0.513	+1.239	+0.951	-0.351	+0.839	+1.190	+0.900	+1.182	+0.856	+1.184	+0.811	+0.795	-0.517	+0.818	-0.351	+1.177	+0.797	+0.813	+1.119	+0.907	-0.540	-0.508	-0.515	+0.878	-0.312	-0.316	-0.015	+2.154	+0.554	+0.590	+0.635	+2.539	+2.383	+2.560	+2.152	+2.192	+2.534	+2.524	+2.577	+2.307	+2.182	+2.215	+2.163	+2.144	+2.215	+2.202	+2.098	+2.186	-0.419	-0.097	-0.159	-0.132	-0.404	-0.692	-0.560	-0.584	-0.495	+1.395	+1.421	+1.419	+1.395	-0.547	+1.428	+1.341	-0.615	-0.538	+1.226	+1.221	-0.575	+0.809	-0.551	+1.061	-0.276	-0.777	-0.304	-0.411	-0.593	-0.798	-0.464	-0.733	-0.412	-0.410	-0.410	-0.410	-0.409	-0.603	-0.444	-0.438	-0.727	-0.431	-0.431	-0.423	-0.600	-0.423	-0.601	-0.601	-0.350	-0.421	-0.419	-0.417	-0.914	-0.460	-0.478	+0.208	-0.660	
rs12413995     +1.237	+1.254	+1.207	+1.211	+1.209	+1.208	+1.211	+1.228	+1.230	+1.226	+1.436	+1.200	+1.199	+1.200	+1.200	+1.200	+1.200	+2.890	+1.203	+1.213	+1.695	+1.462	+1.614	+1.478	+1.619	+1.617	+1.399	+1.463	+1.702	+1.463	+1.262	+1.672	+1.475	+1.250	+1.420	+1.642	+1.464	+1.639	+1.456	+1.640	+1.410	+1.404	+1.262	+1.412	+1.250	+1.633	+1.405	+1.411	+1.613	+1.465	+1.259	+1.271	+1.271	+1.580	+1.262	+1.261	+1.419	+2.668	+2.320	+2.350	+2.405	+2.861	+2.852	+2.880	+2.493	+2.523	+2.859	+2.852	+2.895	+2.793	+2.465	+2.497	+2.457	+2.443	+2.499	+2.489	+2.412	+2.478	+1.207	+1.306	+1.263	+1.274	+1.347	+1.198	+1.229	+1.223	+1.271	+2.252	+2.267	+2.269	+2.250	+1.219	+2.272	+2.214	+1.200	+1.219	+2.149	+2.142	+1.208	+1.958	+1.217	+2.344	+1.356	+1.132	+1.347	+1.256	+1.595	+1.130	+1.238	+1.279	+1.257	+1.257	+1.257	+1.258	+1.258	+1.581	+1.246	+1.248	+1.284	+1.251	+1.251	+1.254	+1.584	+1.254	+1.582	+1.582	+1.322	+1.255	+1.257	+1.257	+1.169	+1.246	+1.240	+1.589	+1.198	
rs2854990      +0.903	+0.919	+0.877	+0.880	+0.879	+0.878	+0.881	+0.903	+0.906	+0.902	+1.117	+0.871	+0.870	+0.871	+0.871	+0.870	+0.871	+2.822	+0.874	+0.883	+1.462	+1.350	+1.426	+1.358	+1.436	+1.433	+1.160	+1.311	+1.529	+1.311	+0.934	+1.485	+1.352	+0.930	+1.189	+1.442	+1.311	+1.435	+1.286	+1.436	+1.175	+1.167	+0.934	+1.179	+0.930	+1.430	+1.168	+1.176	+1.382	+1.307	+0.930	+0.945	+0.944	+1.332	+0.946	+0.945	+1.114	+2.489	+1.955	+1.985	+2.038	+2.708	+2.677	+2.727	+2.335	+2.367	+2.706	+2.697	+2.742	+2.614	+2.319	+2.350	+2.307	+2.291	+2.352	+2.341	+2.256	+2.328	+0.888	+0.998	+0.954	+0.967	+1.013	+0.869	+0.898	+0.893	+0.952	+1.996	+2.013	+2.014	+1.995	+0.904	+2.018	+1.956	+0.878	+0.905	+1.887	+1.879	+0.890	+1.682	+0.902	+2.023	+1.062	+0.805	+1.056	+0.953	+1.261	+0.802	+0.931	+0.943	+0.955	+0.955	+0.955	+0.955	+0.956	+1.247	+0.941	+0.943	+0.948	+0.947	+0.947	+0.951	+1.250	+0.951	+1.248	+1.248	+1.027	+0.952	+0.953	+0.954	+0.834	+0.939	+0.932	+1.299	+0.874	
rs41306532     +1.206	+1.224	+1.172	+1.176	+1.174	+1.174	+1.177	+1.198	+1.201	+1.197	+1.402	+1.167	+1.166	+1.167	+1.167	+1.166	+1.167	+2.886	+1.170	+1.179	+1.614	+1.426	+1.660	+1.447	+1.631	+1.630	+1.375	+1.428	+1.661	+1.429	+1.228	+1.628	+1.444	+1.218	+1.397	+1.596	+1.429	+1.592	+1.418	+1.593	+1.386	+1.380	+1.229	+1.389	+1.218	+1.588	+1.381	+1.387	+1.559	+1.431	+1.225	+1.238	+1.238	+1.560	+1.232	+1.231	+1.392	+2.656	+2.282	+2.312	+2.367	+2.853	+2.841	+2.872	+2.485	+2.515	+2.852	+2.844	+2.887	+2.782	+2.457	+2.490	+2.450	+2.436	+2.492	+2.482	+2.404	+2.471	+1.177	+1.280	+1.235	+1.248	+1.319	+1.164	+1.200	+1.194	+1.243	+2.236	+2.252	+2.254	+2.235	+1.187	+2.257	+2.198	+1.168	+1.188	+2.133	+2.126	+1.176	+1.938	+1.186	+2.313	+1.328	+1.099	+1.318	+1.226	+1.561	+1.097	+1.208	+1.243	+1.227	+1.228	+1.228	+1.228	+1.228	+1.546	+1.216	+1.218	+1.248	+1.221	+1.221	+1.224	+1.550	+1.225	+1.548	+1.548	+1.293	+1.225	+1.227	+1.227	+1.137	+1.215	+1.209	+1.565	+1.165	
rs6480560      +0.976	+0.992	+0.953	+0.957	+0.955	+0.954	+0.957	+0.975	+0.977	+0.973	+1.191	+0.946	+0.945	+0.946	+0.946	+0.946	+0.946	+2.847	+0.949	+0.959	+1.478	+1.358	+1.447	+1.428	+1.456	+1.453	+1.209	+1.359	+1.539	+1.358	+1.009	+1.498	+1.376	+1.002	+1.235	+1.459	+1.356	+1.454	+1.347	+1.455	+1.222	+1.215	+1.009	+1.226	+1.002	+1.449	+1.216	+1.223	+1.406	+1.353	+1.006	+1.019	+1.018	+1.380	+1.017	+1.016	+1.179	+2.527	+2.022	+2.052	+2.105	+2.738	+2.714	+2.758	+2.366	+2.398	+2.736	+2.728	+2.772	+2.652	+2.346	+2.377	+2.334	+2.319	+2.378	+2.367	+2.284	+2.355	+0.958	+1.063	+1.021	+1.033	+1.082	+0.944	+0.969	+0.964	+1.022	+2.044	+2.061	+2.062	+2.044	+0.975	+2.066	+2.005	+0.951	+0.976	+1.938	+1.930	+0.962	+1.737	+0.974	+2.082	+1.129	+0.879	+1.125	+1.022	+1.340	+0.877	+1.001	+1.017	+1.024	+1.024	+1.024	+1.024	+1.025	+1.326	+1.011	+1.013	+1.022	+1.017	+1.017	+1.020	+1.329	+1.020	+1.327	+1.327	+1.096	+1.021	+1.023	+1.024	+0.910	+1.009	+1.002	+1.362	+0.947	
rs3747855      +1.219	+1.236	+1.185	+1.188	+1.187	+1.186	+1.189	+1.211	+1.213	+1.209	+1.415	+1.179	+1.178	+1.180	+1.180	+1.179	+1.180	+2.893	+1.183	+1.192	+1.619	+1.436	+1.631	+1.456	+1.673	+1.635	+1.384	+1.438	+1.666	+1.439	+1.241	+1.634	+1.454	+1.230	+1.406	+1.604	+1.440	+1.600	+1.430	+1.601	+1.395	+1.389	+1.241	+1.398	+1.230	+1.594	+1.390	+1.396	+1.567	+1.441	+1.237	+1.250	+1.250	+1.569	+1.243	+1.243	+1.403	+2.663	+2.292	+2.322	+2.378	+2.858	+2.847	+2.877	+2.491	+2.521	+2.857	+2.849	+2.892	+2.789	+2.463	+2.495	+2.455	+2.441	+2.497	+2.487	+2.409	+2.476	+1.189	+1.291	+1.247	+1.259	+1.331	+1.177	+1.211	+1.206	+1.254	+2.244	+2.260	+2.261	+2.243	+1.199	+2.264	+2.206	+1.180	+1.200	+2.141	+2.134	+1.189	+1.946	+1.198	+2.322	+1.339	+1.112	+1.330	+1.238	+1.574	+1.110	+1.220	+1.255	+1.239	+1.239	+1.239	+1.240	+1.240	+1.560	+1.228	+1.230	+1.260	+1.233	+1.233	+1.236	+1.563	+1.236	+1.562	+1.562	+1.304	+1.237	+1.238	+1.239	+1.150	+1.227	+1.221	+1.576	+1.178	
rs3878001      +1.215	+1.232	+1.181	+1.184	+1.182	+1.182	+1.185	+1.207	+1.209	+1.205	+1.411	+1.175	+1.174	+1.176	+1.175	+1.175	+1.175	+2.891	+1.178	+1.187	+1.617	+1.433	+1.630	+1.453	+1.635	+1.668	+1.381	+1.435	+1.664	+1.436	+1.237	+1.632	+1.450	+1.226	+1.403	+1.601	+1.436	+1.597	+1.426	+1.598	+1.392	+1.386	+1.237	+1.395	+1.226	+1.593	+1.387	+1.393	+1.565	+1.438	+1.233	+1.246	+1.246	+1.566	+1.239	+1.239	+1.399	+2.661	+2.289	+2.319	+2.374	+2.856	+2.845	+2.875	+2.488	+2.519	+2.855	+2.847	+2.890	+2.786	+2.460	+2.493	+2.453	+2.439	+2.495	+2.486	+2.407	+2.474	+1.185	+1.287	+1.243	+1.255	+1.327	+1.173	+1.208	+1.202	+1.251	+2.242	+2.257	+2.259	+2.240	+1.195	+2.262	+2.203	+1.176	+1.196	+2.139	+2.131	+1.184	+1.944	+1.194	+2.319	+1.335	+1.107	+1.326	+1.234	+1.570	+1.105	+1.216	+1.251	+1.235	+1.235	+1.235	+1.236	+1.236	+1.555	+1.224	+1.226	+1.256	+1.229	+1.229	+1.232	+1.558	+1.232	+1.557	+1.557	+1.300	+1.233	+1.234	+1.235	+1.146	+1.223	+1.217	+1.572	+1.174	
rs762571       +0.769	+0.781	+0.779	+0.785	+0.782	+0.781	+0.785	+0.831	+0.834	+0.829	+1.022	+0.764	+0.765	+0.763	+0.763	+0.764	+0.764	+2.784	+0.765	+0.780	+1.399	+1.160	+1.375	+1.209	+1.384	+1.381	+1.234	+1.166	+1.458	+1.169	+0.830	+1.419	+1.203	+0.819	+1.216	+1.381	+1.170	+1.376	+1.143	+1.377	+1.193	+1.179	+0.831	+1.198	+0.819	+1.373	+1.182	+1.194	+1.330	+1.176	+0.823	+0.834	+0.834	+1.213	+0.832	+0.831	+0.991	+2.354	+1.654	+1.682	+1.727	+2.613	+2.546	+2.633	+2.337	+2.370	+2.610	+2.600	+2.647	+2.482	+2.315	+2.347	+2.303	+2.287	+2.348	+2.337	+2.251	+2.324	+0.816	+0.955	+0.901	+0.914	+0.953	+0.757	+0.847	+0.843	+0.913	+1.995	+2.015	+2.013	+1.994	+0.798	+2.021	+1.954	+0.770	+0.800	+1.885	+1.877	+0.784	+1.678	+0.796	+1.991	+0.933	+0.701	+0.922	+0.901	+1.108	+0.694	+0.872	+0.875	+0.902	+0.902	+0.902	+0.902	+0.903	+1.095	+0.884	+0.887	+0.881	+0.892	+0.892	+0.897	+1.098	+0.897	+1.096	+1.096	+0.900	+0.898	+0.900	+0.901	+0.687	+0.880	+0.871	+1.259	+0.782	
rs1811087      +0.913	+0.929	+0.887	+0.890	+0.889	+0.888	+0.891	+0.914	+0.916	+0.912	+1.128	+0.881	+0.880	+0.881	+0.881	+0.880	+0.881	+2.827	+0.884	+0.893	+1.463	+1.311	+1.428	+1.359	+1.438	+1.435	+1.166	+1.360	+1.530	+1.318	+0.944	+1.486	+1.355	+0.939	+1.195	+1.443	+1.317	+1.437	+1.294	+1.438	+1.181	+1.173	+0.944	+1.184	+0.939	+1.432	+1.174	+1.182	+1.384	+1.312	+0.940	+0.955	+0.954	+1.338	+0.956	+0.955	+1.122	+2.493	+1.963	+1.993	+2.045	+2.711	+2.681	+2.731	+2.339	+2.371	+2.709	+2.700	+2.745	+2.619	+2.322	+2.353	+2.310	+2.294	+2.355	+2.344	+2.259	+2.331	+0.898	+1.006	+0.963	+0.976	+1.022	+0.879	+0.908	+0.902	+0.961	+2.002	+2.018	+2.020	+2.001	+0.913	+2.023	+1.962	+0.888	+0.915	+1.893	+1.886	+0.900	+1.689	+0.912	+2.030	+1.070	+0.815	+1.065	+0.962	+1.272	+0.812	+0.940	+0.952	+0.964	+0.964	+0.964	+0.964	+0.965	+1.258	+0.950	+0.953	+0.957	+0.956	+0.956	+0.960	+1.261	+0.960	+1.259	+1.259	+1.036	+0.961	+0.962	+0.963	+0.844	+0.948	+0.941	+1.307	+0.884	
rs1867981      +1.315	+1.332	+1.281	+1.284	+1.283	+1.282	+1.285	+1.303	+1.306	+1.302	+1.510	+1.275	+1.274	+1.276	+1.275	+1.275	+1.275	+2.923	+1.278	+1.287	+1.702	+1.529	+1.661	+1.539	+1.666	+1.664	+1.458	+1.530	+1.773	+1.530	+1.337	+1.710	+1.538	+1.323	+1.477	+1.695	+1.531	+1.695	+1.526	+1.695	+1.468	+1.462	+1.337	+1.470	+1.323	+1.685	+1.463	+1.469	+1.679	+1.530	+1.333	+1.345	+1.345	+1.637	+1.335	+1.335	+1.492	+2.719	+2.393	+2.423	+2.480	+2.902	+2.902	+2.921	+2.535	+2.564	+2.901	+2.893	+2.936	+2.844	+2.502	+2.534	+2.495	+2.481	+2.537	+2.527	+2.451	+2.516	+1.279	+1.375	+1.333	+1.344	+1.419	+1.273	+1.301	+1.296	+1.343	+2.305	+2.321	+2.322	+2.304	+1.293	+2.326	+2.267	+1.275	+1.293	+2.205	+2.197	+1.282	+2.018	+1.291	+2.408	+1.430	+1.207	+1.420	+1.329	+1.676	+1.205	+1.312	+1.354	+1.330	+1.330	+1.331	+1.331	+1.331	+1.662	+1.320	+1.321	+1.359	+1.324	+1.324	+1.327	+1.665	+1.328	+1.663	+1.663	+1.395	+1.328	+1.330	+1.330	+1.245	+1.319	+1.313	+1.654	+1.273	
rs56041351     +0.918	+0.934	+0.892	+0.895	+0.894	+0.893	+0.896	+0.918	+0.921	+0.917	+1.132	+0.886	+0.885	+0.886	+0.886	+0.885	+0.886	+2.829	+0.889	+0.898	+1.463	+1.311	+1.429	+1.358	+1.439	+1.436	+1.169	+1.318	+1.530	+1.365	+0.949	+1.487	+1.355	+0.944	+1.198	+1.444	+1.318	+1.438	+1.297	+1.439	+1.184	+1.176	+0.949	+1.187	+0.944	+1.433	+1.177	+1.185	+1.386	+1.313	+0.945	+0.959	+0.959	+1.341	+0.960	+0.959	+1.127	+2.496	+1.967	+1.997	+2.050	+2.713	+2.683	+2.733	+2.341	+2.373	+2.711	+2.703	+2.748	+2.621	+2.324	+2.355	+2.312	+2.297	+2.357	+2.346	+2.261	+2.333	+0.902	+1.011	+0.968	+0.980	+1.027	+0.884	+0.912	+0.907	+0.966	+2.005	+2.022	+2.023	+2.004	+0.918	+2.027	+1.965	+0.893	+0.919	+1.896	+1.889	+0.905	+1.692	+0.916	+2.035	+1.075	+0.820	+1.070	+0.966	+1.277	+0.817	+0.945	+0.957	+0.968	+0.968	+0.968	+0.969	+0.969	+1.262	+0.955	+0.957	+0.962	+0.961	+0.961	+0.964	+1.265	+0.965	+1.264	+1.264	+1.041	+0.966	+0.967	+0.968	+0.849	+0.953	+0.946	+1.312	+0.888	
rs7905774      -0.561	-0.548	-0.533	-0.527	-0.529	-0.530	-0.525	-0.425	-0.419	-0.426	-0.251	-0.542	-0.541	-0.542	-0.541	-0.541	-0.541	+2.777	-0.538	-0.513	+1.262	+0.934	+1.228	+1.009	+1.241	+1.237	+0.830	+0.944	+1.337	+0.949	-0.190	+1.288	+1.001	-0.241	+0.889	+1.240	+0.951	+1.232	+0.908	+1.233	+0.862	+0.844	-0.291	+0.869	-0.241	+1.227	+0.847	+0.864	+1.169	+0.958	-0.340	-0.342	-0.346	+0.924	-0.225	-0.228	+0.050	+2.190	+0.698	+0.732	+0.776	+2.581	+2.418	+2.602	+2.200	+2.239	+2.576	+2.565	+2.619	+2.342	+2.235	+2.267	+2.216	+2.197	+2.267	+2.254	+2.151	+2.239	-0.280	+0.007	-0.047	-0.022	-0.239	-0.527	-0.396	-0.418	-0.336	+1.496	+1.521	+1.520	+1.496	-0.411	+1.528	+1.443	-0.467	-0.404	+1.341	+1.336	-0.434	+0.914	-0.414	+1.206	-0.161	-0.576	-0.185	-0.277	-0.353	-0.595	-0.324	-0.531	-0.277	-0.277	-0.277	-0.276	-0.276	-0.363	-0.306	-0.301	-0.526	-0.294	-0.294	-0.287	-0.361	-0.287	-0.362	-0.362	-0.227	-0.285	-0.283	-0.282	-0.670	-0.319	-0.335	+0.346	-0.491	
rs720295       +1.263	+1.280	+1.233	+1.236	+1.235	+1.234	+1.237	+1.253	+1.256	+1.252	+1.462	+1.226	+1.225	+1.226	+1.226	+1.226	+1.226	+2.903	+1.229	+1.239	+1.672	+1.485	+1.628	+1.498	+1.634	+1.632	+1.419	+1.486	+1.710	+1.487	+1.288	+1.722	+1.497	+1.275	+1.439	+1.663	+1.487	+1.662	+1.481	+1.662	+1.429	+1.423	+1.288	+1.431	+1.275	+1.651	+1.424	+1.430	+1.637	+1.487	+1.285	+1.297	+1.297	+1.598	+1.287	+1.286	+1.442	+2.682	+2.341	+2.370	+2.427	+2.872	+2.865	+2.891	+2.505	+2.535	+2.871	+2.863	+2.906	+2.807	+2.476	+2.508	+2.468	+2.454	+2.510	+2.500	+2.423	+2.489	+1.231	+1.329	+1.286	+1.298	+1.371	+1.225	+1.253	+1.248	+1.295	+2.267	+2.283	+2.285	+2.266	+1.244	+2.288	+2.229	+1.226	+1.244	+2.166	+2.158	+1.233	+1.976	+1.242	+2.364	+1.380	+1.158	+1.370	+1.280	+1.623	+1.156	+1.263	+1.303	+1.282	+1.282	+1.282	+1.282	+1.282	+1.609	+1.271	+1.273	+1.309	+1.276	+1.276	+1.279	+1.612	+1.279	+1.610	+1.610	+1.346	+1.280	+1.281	+1.282	+1.196	+1.270	+1.265	+1.611	+1.224	
rs728289       +0.969	+0.985	+0.945	+0.948	+0.946	+0.946	+0.949	+0.967	+0.970	+0.966	+1.183	+0.938	+0.937	+0.938	+0.938	+0.937	+0.938	+2.845	+0.941	+0.951	+1.475	+1.352	+1.444	+1.376	+1.454	+1.450	+1.203	+1.355	+1.538	+1.355	+1.001	+1.497	+1.420	+0.994	+1.230	+1.457	+1.354	+1.451	+1.344	+1.452	+1.217	+1.209	+1.001	+1.220	+0.994	+1.447	+1.211	+1.218	+1.403	+1.346	+0.997	+1.011	+1.011	+1.375	+1.009	+1.008	+1.172	+2.524	+2.015	+2.045	+2.097	+2.734	+2.710	+2.754	+2.362	+2.394	+2.732	+2.724	+2.768	+2.648	+2.342	+2.374	+2.331	+2.316	+2.375	+2.364	+2.281	+2.352	+0.951	+1.056	+1.014	+1.026	+1.075	+0.936	+0.961	+0.956	+1.015	+2.039	+2.056	+2.057	+2.038	+0.968	+2.061	+2.000	+0.943	+0.969	+1.932	+1.925	+0.955	+1.732	+0.966	+2.075	+1.122	+0.871	+1.118	+1.015	+1.332	+0.869	+0.994	+1.008	+1.017	+1.017	+1.017	+1.017	+1.018	+1.317	+1.003	+1.006	+1.013	+1.009	+1.009	+1.013	+1.320	+1.013	+1.319	+1.319	+1.089	+1.014	+1.015	+1.016	+0.902	+1.002	+0.995	+1.355	+0.939	
rs7350390      -0.406	-0.397	-0.356	-0.349	-0.352	-0.353	-0.347	-0.321	-0.317	-0.322	-0.084	-0.377	-0.374	-0.378	-0.378	-0.376	-0.376	+2.745	-0.376	-0.351	+1.250	+0.930	+1.218	+1.002	+1.230	+1.226	+0.819	+0.939	+1.323	+0.944	-0.241	+1.275	+0.994	+0.001	+0.876	+1.228	+0.945	+1.220	+0.904	+1.222	+0.849	+0.833	-0.241	+0.856	-0.085	+1.216	+0.835	+0.851	+1.160	+0.953	-0.258	-0.256	-0.258	+0.906	-0.162	-0.165	+0.077	+2.198	+0.926	+0.961	+1.007	+2.601	+2.415	+2.622	+2.257	+2.295	+2.596	+2.586	+2.637	+2.342	+2.224	+2.256	+2.206	+2.187	+2.257	+2.243	+2.144	+2.229	-0.194	+0.059	+0.012	+0.036	-0.138	-0.377	-0.279	-0.299	-0.225	+1.546	+1.571	+1.569	+1.546	-0.278	+1.577	+1.495	-0.327	-0.272	+1.403	+1.395	-0.299	+0.985	-0.281	+1.288	-0.042	-0.385	-0.062	-0.140	-0.180	-0.405	-0.184	-0.383	-0.140	-0.140	-0.140	-0.139	-0.139	-0.190	-0.166	-0.162	-0.378	-0.155	-0.155	-0.149	-0.188	-0.149	-0.189	-0.189	-0.101	-0.147	-0.145	-0.144	-0.495	-0.178	-0.192	+0.440	-0.334	
rs28535035     +0.826	+0.838	+0.839	+0.845	+0.842	+0.841	+0.845	+0.886	+0.889	+0.884	+1.079	+0.822	+0.824	+0.822	+0.822	+0.823	+0.823	+2.799	+0.823	+0.839	+1.420	+1.189	+1.397	+1.235	+1.406	+1.403	+1.216	+1.195	+1.477	+1.198	+0.889	+1.439	+1.230	+0.876	+1.295	+1.403	+1.198	+1.397	+1.173	+1.398	+1.236	+1.225	+0.890	+1.239	+0.876	+1.394	+1.228	+1.236	+1.353	+1.204	+0.881	+0.892	+0.892	+1.247	+0.887	+0.886	+1.042	+2.381	+1.707	+1.735	+1.779	+2.629	+2.571	+2.649	+2.362	+2.394	+2.626	+2.617	+2.663	+2.508	+2.336	+2.368	+2.324	+2.309	+2.369	+2.358	+2.274	+2.346	+0.869	+1.005	+0.950	+0.963	+1.006	+0.815	+0.903	+0.897	+0.969	+2.036	+2.053	+2.055	+2.035	+0.854	+2.059	+1.996	+0.827	+0.856	+1.929	+1.921	+0.840	+1.727	+0.852	+2.036	+0.986	+0.758	+0.975	+0.954	+1.169	+0.751	+0.925	+0.932	+0.957	+0.956	+0.956	+0.957	+0.957	+1.156	+0.938	+0.941	+0.938	+0.946	+0.946	+0.951	+1.159	+0.951	+1.157	+1.157	+0.954	+0.952	+0.954	+0.955	+0.746	+0.935	+0.925	+1.307	+0.837	
rs7899959      +1.215	+1.232	+1.184	+1.187	+1.186	+1.185	+1.188	+1.207	+1.210	+1.206	+1.414	+1.177	+1.177	+1.178	+1.178	+1.177	+1.178	+2.886	+1.181	+1.190	+1.642	+1.442	+1.596	+1.459	+1.604	+1.601	+1.381	+1.443	+1.695	+1.444	+1.240	+1.663	+1.457	+1.228	+1.403	+1.671	+1.445	+1.632	+1.436	+1.632	+1.392	+1.386	+1.240	+1.395	+1.228	+1.621	+1.387	+1.393	+1.596	+1.446	+1.236	+1.248	+1.248	+1.563	+1.241	+1.240	+1.399	+2.654	+2.296	+2.325	+2.382	+2.848	+2.838	+2.867	+2.481	+2.511	+2.847	+2.839	+2.882	+2.779	+2.454	+2.486	+2.446	+2.432	+2.488	+2.478	+2.400	+2.467	+1.186	+1.286	+1.242	+1.254	+1.325	+1.176	+1.207	+1.202	+1.250	+2.234	+2.250	+2.251	+2.233	+1.197	+2.255	+2.196	+1.178	+1.197	+2.131	+2.124	+1.186	+1.939	+1.195	+2.325	+1.335	+1.110	+1.326	+1.234	+1.572	+1.108	+1.217	+1.256	+1.236	+1.236	+1.236	+1.236	+1.237	+1.558	+1.225	+1.227	+1.261	+1.230	+1.230	+1.233	+1.561	+1.233	+1.559	+1.559	+1.301	+1.234	+1.235	+1.236	+1.147	+1.224	+1.218	+1.570	+1.176	
rs61853692     +0.919	+0.935	+0.893	+0.897	+0.895	+0.895	+0.898	+0.920	+0.922	+0.918	+1.134	+0.887	+0.886	+0.888	+0.888	+0.887	+0.888	+2.829	+0.890	+0.900	+1.464	+1.311	+1.429	+1.356	+1.440	+1.436	+1.170	+1.317	+1.531	+1.318	+0.951	+1.487	+1.354	+0.945	+1.198	+1.445	+1.367	+1.439	+1.302	+1.440	+1.185	+1.176	+0.951	+1.188	+0.945	+1.434	+1.178	+1.186	+1.387	+1.318	+0.947	+0.961	+0.961	+1.342	+0.962	+0.960	+1.128	+2.496	+1.968	+1.998	+2.050	+2.713	+2.684	+2.733	+2.341	+2.373	+2.711	+2.703	+2.748	+2.622	+2.324	+2.355	+2.312	+2.296	+2.357	+2.346	+2.261	+2.333	+0.904	+1.012	+0.969	+0.981	+1.028	+0.886	+0.913	+0.908	+0.967	+2.005	+2.022	+2.023	+2.004	+0.919	+2.027	+1.965	+0.894	+0.921	+1.896	+1.889	+0.906	+1.693	+0.918	+2.034	+1.076	+0.822	+1.071	+0.968	+1.279	+0.818	+0.946	+0.958	+0.970	+0.970	+0.970	+0.970	+0.971	+1.265	+0.956	+0.958	+0.963	+0.962	+0.962	+0.966	+1.268	+0.966	+1.266	+1.266	+1.042	+0.967	+0.968	+0.969	+0.851	+0.954	+0.947	+1.312	+0.890	
rs58647707     +1.208	+1.224	+1.176	+1.179	+1.178	+1.177	+1.180	+1.200	+1.202	+1.199	+1.407	+1.170	+1.169	+1.170	+1.170	+1.169	+1.170	+2.883	+1.173	+1.182	+1.639	+1.435	+1.592	+1.454	+1.600	+1.597	+1.376	+1.437	+1.695	+1.438	+1.232	+1.662	+1.451	+1.220	+1.397	+1.632	+1.439	+1.663	+1.430	+1.629	+1.387	+1.380	+1.232	+1.389	+1.220	+1.618	+1.382	+1.387	+1.591	+1.440	+1.228	+1.241	+1.241	+1.557	+1.233	+1.233	+1.391	+2.649	+2.288	+2.318	+2.374	+2.844	+2.833	+2.864	+2.477	+2.507	+2.843	+2.835	+2.878	+2.774	+2.450	+2.482	+2.442	+2.428	+2.484	+2.474	+2.396	+2.463	+1.178	+1.279	+1.235	+1.247	+1.318	+1.168	+1.199	+1.194	+1.242	+2.228	+2.244	+2.245	+2.227	+1.189	+2.249	+2.190	+1.170	+1.190	+2.125	+2.118	+1.179	+1.932	+1.188	+2.318	+1.328	+1.102	+1.318	+1.227	+1.564	+1.100	+1.209	+1.248	+1.228	+1.229	+1.229	+1.229	+1.229	+1.550	+1.217	+1.219	+1.253	+1.222	+1.222	+1.226	+1.553	+1.226	+1.551	+1.551	+1.293	+1.226	+1.228	+1.229	+1.139	+1.217	+1.211	+1.562	+1.168	
rs11813373     +0.877	+0.893	+0.849	+0.853	+0.851	+0.851	+0.854	+0.879	+0.881	+0.877	+1.092	+0.844	+0.843	+0.845	+0.844	+0.844	+0.844	+2.816	+0.847	+0.856	+1.456	+1.286	+1.418	+1.347	+1.430	+1.426	+1.143	+1.294	+1.526	+1.297	+0.908	+1.481	+1.344	+0.904	+1.173	+1.436	+1.302	+1.430	+1.322	+1.431	+1.158	+1.150	+0.908	+1.162	+0.904	+1.424	+1.151	+1.159	+1.374	+1.298	+0.904	+0.918	+0.918	+1.315	+0.921	+0.920	+1.090	+2.474	+1.927	+1.958	+2.010	+2.697	+2.663	+2.716	+2.324	+2.356	+2.694	+2.686	+2.731	+2.600	+2.309	+2.341	+2.297	+2.281	+2.342	+2.331	+2.245	+2.318	+0.863	+0.974	+0.931	+0.944	+0.987	+0.843	+0.872	+0.867	+0.926	+1.975	+1.992	+1.994	+1.974	+0.878	+1.997	+1.936	+0.852	+0.880	+1.866	+1.858	+0.865	+1.659	+0.876	+1.999	+1.037	+0.779	+1.032	+0.928	+1.234	+0.776	+0.906	+0.915	+0.930	+0.930	+0.930	+0.930	+0.931	+1.219	+0.916	+0.918	+0.921	+0.922	+0.922	+0.926	+1.222	+0.926	+1.221	+1.221	+1.003	+0.927	+0.928	+0.929	+0.806	+0.914	+0.907	+1.275	+0.848	
rs9665661      +1.209	+1.226	+1.177	+1.181	+1.179	+1.179	+1.182	+1.201	+1.204	+1.200	+1.408	+1.171	+1.170	+1.172	+1.171	+1.171	+1.172	+2.883	+1.174	+1.184	+1.640	+1.436	+1.593	+1.455	+1.601	+1.598	+1.377	+1.438	+1.695	+1.439	+1.233	+1.662	+1.452	+1.222	+1.398	+1.632	+1.440	+1.629	+1.431	+1.664	+1.388	+1.381	+1.233	+1.390	+1.222	+1.618	+1.383	+1.388	+1.592	+1.441	+1.230	+1.242	+1.242	+1.558	+1.235	+1.234	+1.393	+2.650	+2.289	+2.319	+2.376	+2.845	+2.834	+2.864	+2.478	+2.508	+2.844	+2.836	+2.879	+2.775	+2.450	+2.483	+2.442	+2.428	+2.485	+2.475	+2.397	+2.463	+1.180	+1.280	+1.236	+1.248	+1.319	+1.169	+1.201	+1.195	+1.243	+2.229	+2.245	+2.246	+2.228	+1.191	+2.249	+2.190	+1.172	+1.191	+2.126	+2.118	+1.180	+1.933	+1.189	+2.319	+1.329	+1.103	+1.320	+1.228	+1.566	+1.101	+1.211	+1.249	+1.230	+1.230	+1.230	+1.230	+1.231	+1.551	+1.219	+1.221	+1.255	+1.224	+1.224	+1.227	+1.554	+1.227	+1.553	+1.553	+1.294	+1.228	+1.229	+1.230	+1.140	+1.218	+1.212	+1.563	+1.170	
rs9663508      +0.799	+0.812	+0.811	+0.817	+0.814	+0.813	+0.817	+0.860	+0.863	+0.858	+1.053	+0.795	+0.797	+0.795	+0.795	+0.796	+0.796	+2.791	+0.796	+0.811	+1.410	+1.175	+1.386	+1.222	+1.395	+1.392	+1.193	+1.181	+1.468	+1.184	+0.862	+1.429	+1.217	+0.849	+1.236	+1.392	+1.185	+1.387	+1.158	+1.388	+1.267	+1.207	+0.862	+1.224	+0.849	+1.384	+1.211	+1.221	+1.342	+1.190	+0.854	+0.865	+0.865	+1.230	+0.861	+0.860	+1.018	+2.368	+1.683	+1.711	+1.755	+2.621	+2.560	+2.641	+2.350	+2.383	+2.618	+2.609	+2.656	+2.496	+2.326	+2.358	+2.314	+2.298	+2.359	+2.348	+2.263	+2.336	+0.844	+0.981	+0.926	+0.939	+0.980	+0.788	+0.877	+0.871	+0.943	+2.018	+2.035	+2.036	+2.016	+0.828	+2.040	+1.977	+0.800	+0.830	+1.909	+1.901	+0.814	+1.705	+0.826	+2.014	+0.962	+0.731	+0.951	+0.929	+1.141	+0.725	+0.900	+0.905	+0.932	+0.931	+0.931	+0.932	+0.932	+1.128	+0.913	+0.916	+0.911	+0.921	+0.921	+0.926	+1.131	+0.926	+1.129	+1.129	+0.929	+0.927	+0.929	+0.930	+0.718	+0.910	+0.900	+1.283	+0.811	
