## Summary of overall evidence for association with region:
## log10(BF for region) = -0.511109
## p-value for region = NA

## BFs for choosing among multi-SNP models:
## log10(average 1-SNP BF) = -0.444599
## log10(average 2-SNP BF) = -0.685674

## Example posterior probabilities for multi-SNP models, based on default prior: [p(l) propto 0.5^l for l=1,2,...,L]
## posterior probability of 1-SNP = 0.776996
## posterior probability of 2-SNP = 0.223004

## log10(BF) for single SNP and pair of SNPs:
rs757517       -0.410	-0.744	-0.659	-0.717	-0.602	-0.775	-0.724	-0.738	-0.723	-0.727	-0.726	-0.690	-0.730	-0.740	-0.691	-0.740	-0.714	-0.729	-0.705	-0.706	-0.742	-0.707	-0.698	-0.698	-0.701	-0.725	-0.741	-0.414	-0.743	-0.644	-0.741	-0.613	-0.634	-0.745	-0.746	-0.746	-0.623	-0.747	-0.750	-0.750	-0.750	-0.758	-0.726	-0.709	-0.680	-0.709	-0.593	-0.645	-0.840	-0.825	-0.778	-0.882	-0.881	-0.877	-0.887	-0.667	-0.889	-0.889	-0.640	-0.871	-0.871	-0.869	-0.863	-0.594	-0.600	-0.608	-0.850	-0.869	-0.586	-0.742	-0.609	-0.834	-0.564	-0.542	-0.548	-0.554	-0.573	-0.552	-0.854	-0.599	-0.555	-0.846	-0.558	-0.871	-0.871	-0.851	-0.852	-0.694	-0.871	-0.831	-0.871	-0.573	-0.529	-0.529	-0.530	-0.522	-0.534	-0.539	-0.574	-0.866	-0.600	-0.570	-0.594	-0.582	-0.580	-0.557	-0.561	-0.572	-0.566	-0.571	-0.571	-0.572	-0.567	-0.564	-0.575	-0.593	-0.594	-0.876	-0.622	-0.623	-0.626	-0.886	-0.622	-0.609	-0.879	-0.607	-0.883	-0.869	-0.879	-0.870	-0.879	-0.618	-0.874	-0.618	-0.618	-0.617	-0.881	-0.872	-0.593	-0.593	-0.593	-0.869	-0.881	-0.883	-0.608	-0.637	-0.855	-0.863	-0.671	-0.862	-0.889	-0.889	-0.883	-0.634	-0.863	-0.874	-0.641	-0.889	-0.675	-0.689	-0.676	-0.690	-0.680	-0.672	-0.700	-0.866	-0.863	-0.693	-0.861	-0.860	-0.861	-0.842	-0.841	-0.834	-0.838	-0.862	-0.862	-0.832	-0.788	-0.788	-0.837	-0.830	-0.823	-0.793	-0.860	
rs10832855     -0.744	-0.505	-0.832	-0.552	-0.930	-0.762	-0.888	-0.828	-0.592	-0.887	-0.888	-0.908	-0.622	-0.831	-0.887	-0.831	-0.906	-0.619	-0.887	-0.887	-0.720	-0.886	-0.908	-0.908	-0.907	-0.611	-0.849	-0.331	-0.839	-0.889	-0.852	-0.913	-0.887	-0.833	-0.857	-0.850	-0.881	-0.860	-0.861	-0.843	-0.927	-0.912	-0.631	-0.669	-0.660	-0.719	-0.554	-0.747	-0.934	-0.924	-0.878	-0.969	-0.968	-0.968	-0.976	-0.753	-0.978	-0.978	-0.726	-0.959	-0.959	-0.953	-0.951	-0.678	-0.684	-0.693	-0.937	-0.953	-0.669	-0.857	-0.694	-0.920	-0.648	-0.625	-0.632	-0.638	-0.658	-0.636	-0.941	-0.684	-0.639	-0.933	-0.642	-0.957	-0.957	-0.939	-0.940	-0.763	-0.957	-0.918	-0.957	-0.657	-0.613	-0.613	-0.614	-0.606	-0.618	-0.623	-0.659	-0.954	-0.685	-0.654	-0.679	-0.667	-0.665	-0.642	-0.646	-0.656	-0.651	-0.656	-0.655	-0.657	-0.652	-0.649	-0.659	-0.678	-0.678	-0.964	-0.707	-0.708	-0.711	-0.974	-0.706	-0.693	-0.967	-0.691	-0.971	-0.960	-0.967	-0.960	-0.967	-0.703	-0.962	-0.703	-0.703	-0.702	-0.969	-0.960	-0.677	-0.677	-0.677	-0.960	-0.969	-0.971	-0.693	-0.723	-0.941	-0.948	-0.757	-0.950	-0.975	-0.976	-0.969	-0.720	-0.949	-0.960	-0.728	-0.975	-0.762	-0.776	-0.764	-0.777	-0.767	-0.760	-0.787	-0.952	-0.950	-0.780	-0.949	-0.944	-0.950	-0.930	-0.930	-0.922	-0.926	-0.949	-0.948	-0.920	-0.879	-0.879	-0.926	-0.919	-0.911	-0.880	-0.944	
rs10766426     -0.659	-0.832	-0.505	-0.794	-0.660	-0.860	-0.830	-0.801	-0.800	-0.832	-0.831	-0.805	-0.810	-0.804	-0.808	-0.804	-0.821	-0.808	-0.818	-0.818	-0.830	-0.819	-0.811	-0.812	-0.814	-0.804	-0.817	-0.411	-0.810	-0.772	-0.818	-0.743	-0.765	-0.810	-0.821	-0.818	-0.755	-0.824	-0.826	-0.819	-0.853	-0.855	-0.805	-0.791	-0.761	-0.793	-0.670	-0.730	-0.934	-0.915	-0.869	-0.971	-0.970	-0.969	-0.976	-0.754	-0.978	-0.978	-0.728	-0.959	-0.959	-0.958	-0.952	-0.681	-0.687	-0.696	-0.938	-0.958	-0.673	-0.837	-0.697	-0.922	-0.652	-0.629	-0.636	-0.642	-0.661	-0.639	-0.942	-0.686	-0.642	-0.934	-0.645	-0.961	-0.961	-0.940	-0.941	-0.783	-0.961	-0.919	-0.961	-0.660	-0.616	-0.617	-0.617	-0.609	-0.621	-0.626	-0.661	-0.955	-0.688	-0.657	-0.682	-0.669	-0.668	-0.644	-0.649	-0.659	-0.653	-0.659	-0.658	-0.660	-0.655	-0.652	-0.662	-0.681	-0.681	-0.965	-0.710	-0.710	-0.714	-0.975	-0.709	-0.696	-0.968	-0.694	-0.972	-0.960	-0.968	-0.960	-0.968	-0.705	-0.962	-0.705	-0.705	-0.705	-0.969	-0.961	-0.680	-0.680	-0.680	-0.960	-0.969	-0.972	-0.695	-0.725	-0.944	-0.951	-0.759	-0.952	-0.977	-0.978	-0.971	-0.721	-0.951	-0.962	-0.726	-0.977	-0.763	-0.777	-0.764	-0.777	-0.767	-0.760	-0.788	-0.955	-0.953	-0.781	-0.951	-0.949	-0.952	-0.930	-0.930	-0.922	-0.926	-0.952	-0.952	-0.920	-0.877	-0.877	-0.926	-0.918	-0.911	-0.881	-0.949	
rs3781949      -0.717	-0.552	-0.794	-0.409	-0.871	-0.691	-0.795	-0.804	-0.590	-0.794	-0.795	-0.832	-0.596	-0.806	-0.797	-0.806	-0.835	-0.597	-0.795	-0.795	-0.555	-0.794	-0.833	-0.833	-0.833	-0.596	-0.820	-0.351	-0.811	-0.803	-0.822	-0.816	-0.801	-0.807	-0.825	-0.820	-0.796	-0.827	-0.827	-0.814	-0.873	-0.864	-0.618	-0.633	-0.634	-0.667	-0.548	-0.640	-0.831	-0.821	-0.773	-0.890	-0.889	-0.890	-0.896	-0.689	-0.898	-0.898	-0.663	-0.882	-0.882	-0.869	-0.875	-0.618	-0.623	-0.632	-0.862	-0.870	-0.609	-0.763	-0.632	-0.847	-0.589	-0.567	-0.573	-0.579	-0.598	-0.577	-0.866	-0.623	-0.580	-0.858	-0.583	-0.872	-0.872	-0.864	-0.865	-0.681	-0.872	-0.845	-0.872	-0.597	-0.555	-0.555	-0.556	-0.548	-0.560	-0.565	-0.599	-0.878	-0.624	-0.594	-0.619	-0.606	-0.605	-0.582	-0.586	-0.596	-0.591	-0.596	-0.595	-0.597	-0.592	-0.589	-0.600	-0.617	-0.618	-0.886	-0.645	-0.646	-0.649	-0.895	-0.644	-0.632	-0.889	-0.630	-0.893	-0.870	-0.889	-0.870	-0.889	-0.641	-0.884	-0.641	-0.641	-0.641	-0.891	-0.883	-0.616	-0.616	-0.616	-0.869	-0.891	-0.893	-0.631	-0.660	-0.866	-0.873	-0.692	-0.862	-0.896	-0.897	-0.891	-0.657	-0.873	-0.883	-0.662	-0.896	-0.697	-0.710	-0.698	-0.711	-0.701	-0.694	-0.721	-0.876	-0.863	-0.714	-0.862	-0.860	-0.862	-0.855	-0.855	-0.848	-0.852	-0.862	-0.862	-0.846	-0.807	-0.807	-0.851	-0.844	-0.837	-0.809	-0.860	
rs1012105      -0.602	-0.930	-0.660	-0.871	-0.614	-0.953	-0.938	-0.747	-0.876	-0.939	-0.939	-0.925	-0.891	-0.754	-0.927	-0.755	-0.929	-0.889	-0.932	-0.932	-0.937	-0.933	-0.928	-0.928	-0.929	-0.883	-0.793	-0.251	-0.771	-0.908	-0.798	-0.894	-0.903	-0.770	-0.804	-0.794	-0.894	-0.813	-0.817	-0.792	-0.923	-0.909	-0.883	-0.875	-0.840	-0.880	-0.742	-0.840	-1.039	-1.023	-0.978	-1.074	-1.073	-1.073	-1.080	-0.858	-1.081	-1.081	-0.831	-1.062	-1.062	-1.060	-1.054	-0.784	-0.790	-0.799	-1.041	-1.060	-0.776	-0.951	-0.800	-1.024	-0.755	-0.732	-0.739	-0.745	-0.764	-0.742	-1.045	-0.790	-0.745	-1.036	-0.748	-1.064	-1.064	-1.042	-1.043	-0.884	-1.064	-1.021	-1.064	-0.763	-0.720	-0.720	-0.721	-0.712	-0.725	-0.730	-0.765	-1.058	-0.791	-0.760	-0.785	-0.773	-0.771	-0.748	-0.752	-0.762	-0.757	-0.762	-0.761	-0.763	-0.758	-0.755	-0.766	-0.784	-0.785	-1.067	-0.813	-0.813	-0.817	-1.078	-0.812	-0.799	-1.071	-0.797	-1.075	-1.065	-1.070	-1.065	-1.070	-0.809	-1.065	-0.809	-0.809	-0.808	-1.072	-1.064	-0.783	-0.783	-0.783	-1.065	-1.072	-1.075	-0.799	-0.828	-1.045	-1.053	-0.862	-1.056	-1.080	-1.080	-1.073	-0.825	-1.053	-1.064	-0.831	-1.080	-0.867	-0.881	-0.868	-0.881	-0.871	-0.864	-0.892	-1.057	-1.057	-0.885	-1.055	-1.051	-1.056	-1.034	-1.033	-1.026	-1.030	-1.056	-1.055	-1.024	-0.983	-0.983	-1.029	-1.022	-1.015	-0.984	-1.051	
rs7943186      -0.775	-0.762	-0.860	-0.691	-0.953	-0.509	-0.888	-0.844	-0.666	-0.888	-0.889	-0.926	-0.692	-0.846	-0.888	-0.846	-0.925	-0.689	-0.887	-0.887	-0.721	-0.887	-0.926	-0.926	-0.926	-0.682	-0.864	-0.359	-0.853	-0.893	-0.867	-0.921	-0.891	-0.848	-0.870	-0.863	-0.885	-0.873	-0.873	-0.857	-0.931	-0.919	-0.695	-0.710	-0.696	-0.744	-0.598	-0.732	-0.922	-0.910	-0.861	-0.976	-0.975	-0.976	-0.983	-0.768	-0.985	-0.985	-0.741	-0.967	-0.967	-0.958	-0.959	-0.694	-0.700	-0.709	-0.946	-0.959	-0.686	-0.857	-0.709	-0.930	-0.665	-0.643	-0.649	-0.655	-0.674	-0.653	-0.950	-0.700	-0.656	-0.942	-0.659	-0.962	-0.962	-0.948	-0.949	-0.774	-0.962	-0.928	-0.962	-0.674	-0.631	-0.631	-0.631	-0.623	-0.636	-0.640	-0.675	-0.963	-0.701	-0.671	-0.696	-0.683	-0.682	-0.658	-0.662	-0.673	-0.667	-0.673	-0.672	-0.673	-0.668	-0.666	-0.676	-0.694	-0.695	-0.972	-0.723	-0.723	-0.727	-0.982	-0.722	-0.709	-0.975	-0.707	-0.979	-0.962	-0.975	-0.962	-0.975	-0.719	-0.970	-0.719	-0.718	-0.718	-0.977	-0.968	-0.693	-0.693	-0.693	-0.962	-0.977	-0.979	-0.709	-0.738	-0.950	-0.957	-0.771	-0.953	-0.983	-0.983	-0.977	-0.735	-0.958	-0.968	-0.742	-0.983	-0.776	-0.790	-0.778	-0.791	-0.781	-0.774	-0.801	-0.961	-0.954	-0.794	-0.952	-0.949	-0.953	-0.940	-0.939	-0.932	-0.936	-0.953	-0.952	-0.930	-0.890	-0.890	-0.935	-0.928	-0.921	-0.891	-0.949	
rs7110441      -0.724	-0.888	-0.830	-0.795	-0.938	-0.888	-0.529	-0.829	-0.794	-0.655	-0.656	-0.914	-0.810	-0.831	-0.661	-0.832	-0.909	-0.807	-0.674	-0.675	-0.883	-0.676	-0.914	-0.913	-0.912	-0.800	-0.853	-0.322	-0.839	-0.587	-0.856	-0.913	-0.569	-0.834	-0.859	-0.851	-0.580	-0.863	-0.862	-0.844	-0.931	-0.916	-0.796	-0.787	-0.745	-0.792	-0.640	-0.781	-0.964	-0.955	-0.910	-0.988	-0.987	-0.989	-0.995	-0.767	-0.997	-0.997	-0.739	-0.977	-0.977	-0.980	-0.968	-0.690	-0.697	-0.706	-0.954	-0.979	-0.682	-0.878	-0.706	-0.937	-0.660	-0.637	-0.644	-0.650	-0.670	-0.648	-0.958	-0.696	-0.651	-0.950	-0.654	-0.984	-0.984	-0.956	-0.957	-0.803	-0.984	-0.934	-0.984	-0.669	-0.625	-0.625	-0.625	-0.617	-0.630	-0.635	-0.671	-0.972	-0.697	-0.666	-0.692	-0.679	-0.677	-0.653	-0.657	-0.668	-0.662	-0.668	-0.667	-0.669	-0.664	-0.661	-0.672	-0.690	-0.691	-0.982	-0.720	-0.721	-0.724	-0.993	-0.719	-0.706	-0.986	-0.704	-0.990	-0.988	-0.985	-0.988	-0.985	-0.716	-0.980	-0.716	-0.716	-0.715	-0.987	-0.978	-0.690	-0.690	-0.690	-0.988	-0.987	-0.990	-0.706	-0.736	-0.958	-0.966	-0.771	-0.977	-0.995	-0.995	-0.988	-0.733	-0.967	-0.978	-0.740	-0.995	-0.776	-0.790	-0.777	-0.791	-0.780	-0.773	-0.801	-0.970	-0.978	-0.794	-0.976	-0.971	-0.978	-0.948	-0.947	-0.939	-0.943	-0.977	-0.976	-0.937	-0.895	-0.895	-0.943	-0.935	-0.928	-0.896	-0.971	
rs757514       -0.738	-0.828	-0.801	-0.804	-0.747	-0.844	-0.829	-0.510	-0.806	-0.831	-0.830	-0.765	-0.816	-0.640	-0.805	-0.640	-0.784	-0.814	-0.815	-0.816	-0.824	-0.817	-0.771	-0.772	-0.774	-0.810	-0.662	-0.332	-0.652	-0.766	-0.662	-0.681	-0.757	-0.672	-0.661	-0.666	-0.747	-0.676	-0.687	-0.689	-0.706	-0.725	-0.811	-0.797	-0.767	-0.798	-0.677	-0.718	-0.932	-0.910	-0.862	-0.974	-0.973	-0.975	-0.979	-0.760	-0.981	-0.980	-0.733	-0.961	-0.961	-0.963	-0.954	-0.688	-0.694	-0.703	-0.940	-0.964	-0.680	-0.837	-0.704	-0.923	-0.659	-0.636	-0.643	-0.649	-0.668	-0.647	-0.944	-0.694	-0.650	-0.935	-0.653	-0.966	-0.966	-0.941	-0.942	-0.789	-0.966	-0.920	-0.966	-0.668	-0.624	-0.625	-0.625	-0.617	-0.629	-0.634	-0.669	-0.957	-0.695	-0.665	-0.689	-0.677	-0.675	-0.652	-0.656	-0.667	-0.661	-0.667	-0.666	-0.667	-0.663	-0.660	-0.670	-0.688	-0.689	-0.967	-0.717	-0.718	-0.721	-0.977	-0.717	-0.704	-0.970	-0.702	-0.974	-0.966	-0.970	-0.966	-0.970	-0.713	-0.964	-0.713	-0.713	-0.712	-0.972	-0.963	-0.688	-0.688	-0.688	-0.966	-0.972	-0.975	-0.703	-0.732	-0.946	-0.953	-0.766	-0.958	-0.980	-0.981	-0.974	-0.729	-0.954	-0.965	-0.734	-0.980	-0.770	-0.784	-0.771	-0.785	-0.775	-0.768	-0.795	-0.957	-0.958	-0.788	-0.956	-0.955	-0.957	-0.937	-0.936	-0.929	-0.933	-0.957	-0.957	-0.927	-0.885	-0.885	-0.932	-0.925	-0.918	-0.888	-0.954	
rs6486397      -0.723	-0.592	-0.800	-0.590	-0.876	-0.666	-0.794	-0.806	-0.409	-0.793	-0.794	-0.821	-0.541	-0.808	-0.796	-0.808	-0.827	-0.544	-0.794	-0.794	-0.413	-0.794	-0.822	-0.822	-0.823	-0.549	-0.821	-0.358	-0.813	-0.803	-0.823	-0.801	-0.801	-0.809	-0.826	-0.821	-0.796	-0.828	-0.829	-0.816	-0.872	-0.863	-0.590	-0.614	-0.628	-0.659	-0.545	-0.633	-0.826	-0.816	-0.766	-0.890	-0.890	-0.891	-0.896	-0.692	-0.898	-0.898	-0.667	-0.882	-0.882	-0.870	-0.875	-0.621	-0.627	-0.635	-0.862	-0.870	-0.613	-0.762	-0.636	-0.847	-0.593	-0.571	-0.577	-0.583	-0.602	-0.581	-0.866	-0.626	-0.584	-0.859	-0.587	-0.872	-0.872	-0.864	-0.865	-0.682	-0.872	-0.845	-0.872	-0.601	-0.559	-0.559	-0.560	-0.552	-0.564	-0.569	-0.603	-0.878	-0.627	-0.598	-0.622	-0.610	-0.609	-0.586	-0.590	-0.600	-0.595	-0.600	-0.599	-0.601	-0.596	-0.593	-0.603	-0.621	-0.621	-0.886	-0.649	-0.649	-0.652	-0.895	-0.648	-0.636	-0.890	-0.634	-0.893	-0.870	-0.889	-0.870	-0.889	-0.645	-0.884	-0.645	-0.645	-0.644	-0.891	-0.883	-0.620	-0.620	-0.620	-0.870	-0.891	-0.893	-0.635	-0.663	-0.866	-0.873	-0.696	-0.863	-0.897	-0.897	-0.891	-0.660	-0.874	-0.883	-0.665	-0.897	-0.700	-0.713	-0.701	-0.714	-0.704	-0.697	-0.724	-0.877	-0.863	-0.717	-0.862	-0.861	-0.862	-0.857	-0.856	-0.850	-0.853	-0.863	-0.863	-0.848	-0.809	-0.809	-0.853	-0.846	-0.839	-0.811	-0.861	
rs7124411      -0.727	-0.887	-0.832	-0.794	-0.939	-0.888	-0.655	-0.831	-0.793	-0.528	-0.655	-0.914	-0.809	-0.833	-0.656	-0.834	-0.909	-0.806	-0.670	-0.671	-0.883	-0.673	-0.913	-0.913	-0.912	-0.799	-0.855	-0.325	-0.841	-0.573	-0.858	-0.912	-0.554	-0.836	-0.860	-0.853	-0.568	-0.864	-0.864	-0.846	-0.931	-0.917	-0.795	-0.786	-0.745	-0.791	-0.639	-0.781	-0.964	-0.954	-0.910	-0.987	-0.986	-0.989	-0.995	-0.766	-0.996	-0.996	-0.739	-0.976	-0.976	-0.979	-0.968	-0.689	-0.696	-0.705	-0.953	-0.979	-0.681	-0.877	-0.705	-0.936	-0.659	-0.636	-0.643	-0.649	-0.669	-0.647	-0.958	-0.695	-0.650	-0.949	-0.653	-0.983	-0.983	-0.955	-0.956	-0.802	-0.983	-0.933	-0.983	-0.668	-0.623	-0.624	-0.624	-0.616	-0.629	-0.634	-0.670	-0.971	-0.696	-0.665	-0.691	-0.678	-0.676	-0.652	-0.656	-0.667	-0.661	-0.667	-0.666	-0.668	-0.663	-0.660	-0.671	-0.689	-0.690	-0.981	-0.719	-0.720	-0.723	-0.992	-0.718	-0.705	-0.985	-0.703	-0.989	-0.987	-0.985	-0.987	-0.985	-0.715	-0.979	-0.715	-0.715	-0.714	-0.987	-0.978	-0.689	-0.689	-0.689	-0.987	-0.987	-0.989	-0.705	-0.735	-0.958	-0.966	-0.770	-0.977	-0.994	-0.995	-0.987	-0.732	-0.966	-0.978	-0.739	-0.994	-0.775	-0.789	-0.776	-0.790	-0.779	-0.772	-0.800	-0.970	-0.977	-0.793	-0.975	-0.970	-0.977	-0.947	-0.946	-0.939	-0.943	-0.976	-0.975	-0.937	-0.894	-0.894	-0.942	-0.935	-0.927	-0.895	-0.970	
rs56205256     -0.726	-0.888	-0.831	-0.795	-0.939	-0.889	-0.656	-0.830	-0.794	-0.655	-0.529	-0.914	-0.810	-0.832	-0.659	-0.833	-0.910	-0.807	-0.672	-0.673	-0.883	-0.675	-0.914	-0.913	-0.912	-0.800	-0.854	-0.323	-0.840	-0.581	-0.857	-0.913	-0.562	-0.835	-0.859	-0.852	-0.575	-0.863	-0.863	-0.845	-0.931	-0.916	-0.796	-0.787	-0.746	-0.792	-0.640	-0.781	-0.965	-0.955	-0.911	-0.988	-0.987	-0.990	-0.995	-0.767	-0.997	-0.997	-0.740	-0.977	-0.977	-0.980	-0.969	-0.690	-0.697	-0.706	-0.954	-0.980	-0.682	-0.878	-0.706	-0.937	-0.660	-0.637	-0.644	-0.650	-0.670	-0.648	-0.958	-0.696	-0.651	-0.950	-0.654	-0.984	-0.984	-0.956	-0.957	-0.803	-0.984	-0.934	-0.984	-0.670	-0.625	-0.625	-0.625	-0.617	-0.630	-0.635	-0.671	-0.972	-0.698	-0.666	-0.692	-0.679	-0.677	-0.653	-0.657	-0.668	-0.663	-0.668	-0.667	-0.669	-0.664	-0.661	-0.672	-0.690	-0.691	-0.982	-0.720	-0.721	-0.724	-0.993	-0.719	-0.706	-0.986	-0.704	-0.990	-0.988	-0.985	-0.988	-0.985	-0.716	-0.980	-0.716	-0.716	-0.715	-0.987	-0.979	-0.690	-0.690	-0.690	-0.988	-0.988	-0.990	-0.706	-0.736	-0.959	-0.966	-0.771	-0.977	-0.995	-0.996	-0.988	-0.733	-0.967	-0.978	-0.740	-0.995	-0.776	-0.790	-0.777	-0.791	-0.780	-0.773	-0.801	-0.971	-0.978	-0.794	-0.976	-0.971	-0.978	-0.948	-0.947	-0.939	-0.943	-0.977	-0.976	-0.937	-0.895	-0.895	-0.943	-0.936	-0.928	-0.896	-0.971	
rs10766427     -0.690	-0.908	-0.805	-0.832	-0.925	-0.926	-0.914	-0.765	-0.821	-0.914	-0.914	-0.607	-0.841	-0.768	-0.909	-0.769	-0.747	-0.838	-0.911	-0.911	-0.907	-0.911	-0.745	-0.754	-0.752	-0.832	-0.797	-0.228	-0.781	-0.902	-0.801	-0.732	-0.897	-0.776	-0.811	-0.800	-0.891	-0.818	-0.820	-0.794	-0.917	-0.896	-0.835	-0.835	-0.804	-0.852	-0.702	-0.846	-1.034	-1.022	-0.977	-1.067	-1.066	-1.066	-1.073	-0.851	-1.075	-1.074	-0.824	-1.055	-1.055	-1.053	-1.047	-0.777	-0.783	-0.792	-1.034	-1.053	-0.768	-0.949	-0.792	-1.017	-0.747	-0.725	-0.731	-0.738	-0.757	-0.735	-1.038	-0.782	-0.738	-1.029	-0.741	-1.057	-1.057	-1.035	-1.036	-0.873	-1.057	-1.014	-1.057	-0.756	-0.713	-0.713	-0.713	-0.705	-0.718	-0.722	-0.758	-1.051	-0.784	-0.753	-0.778	-0.766	-0.764	-0.741	-0.745	-0.755	-0.750	-0.755	-0.754	-0.756	-0.751	-0.748	-0.759	-0.777	-0.777	-1.061	-0.806	-0.806	-0.810	-1.071	-0.805	-0.792	-1.064	-0.790	-1.068	-1.060	-1.064	-1.060	-1.064	-0.802	-1.058	-0.802	-0.801	-0.801	-1.066	-1.057	-0.776	-0.776	-0.776	-1.060	-1.066	-1.068	-0.792	-0.821	-1.038	-1.045	-0.855	-1.049	-1.073	-1.073	-1.066	-0.818	-1.046	-1.057	-0.825	-1.073	-0.860	-0.874	-0.861	-0.875	-0.865	-0.857	-0.885	-1.050	-1.050	-0.878	-1.048	-1.044	-1.050	-1.028	-1.027	-1.019	-1.023	-1.049	-1.048	-1.017	-0.976	-0.976	-1.023	-1.016	-1.008	-0.977	-1.044	
rs10766428     -0.730	-0.622	-0.810	-0.596	-0.891	-0.692	-0.810	-0.816	-0.541	-0.809	-0.810	-0.841	-0.427	-0.817	-0.812	-0.818	-0.847	-0.543	-0.811	-0.810	-0.460	-0.810	-0.843	-0.843	-0.843	-0.546	-0.831	-0.360	-0.823	-0.819	-0.833	-0.825	-0.817	-0.818	-0.837	-0.831	-0.811	-0.839	-0.839	-0.826	-0.886	-0.876	-0.592	-0.622	-0.633	-0.670	-0.547	-0.653	-0.845	-0.835	-0.786	-0.905	-0.905	-0.906	-0.911	-0.705	-0.913	-0.913	-0.679	-0.897	-0.897	-0.886	-0.890	-0.633	-0.639	-0.647	-0.877	-0.886	-0.625	-0.779	-0.648	-0.862	-0.604	-0.583	-0.589	-0.595	-0.614	-0.593	-0.881	-0.638	-0.596	-0.873	-0.598	-0.888	-0.888	-0.878	-0.879	-0.697	-0.888	-0.859	-0.888	-0.613	-0.571	-0.571	-0.571	-0.563	-0.576	-0.580	-0.614	-0.893	-0.639	-0.610	-0.634	-0.622	-0.621	-0.598	-0.602	-0.612	-0.607	-0.612	-0.611	-0.612	-0.608	-0.605	-0.615	-0.633	-0.633	-0.901	-0.661	-0.661	-0.665	-0.910	-0.660	-0.648	-0.904	-0.646	-0.908	-0.887	-0.904	-0.887	-0.904	-0.657	-0.899	-0.657	-0.657	-0.656	-0.906	-0.898	-0.632	-0.632	-0.632	-0.887	-0.906	-0.908	-0.647	-0.675	-0.881	-0.887	-0.708	-0.879	-0.912	-0.912	-0.906	-0.673	-0.888	-0.898	-0.678	-0.912	-0.713	-0.726	-0.714	-0.727	-0.717	-0.710	-0.737	-0.891	-0.880	-0.730	-0.878	-0.876	-0.878	-0.871	-0.871	-0.864	-0.867	-0.879	-0.879	-0.862	-0.822	-0.823	-0.867	-0.860	-0.853	-0.824	-0.876	
rs10766429     -0.740	-0.831	-0.804	-0.806	-0.754	-0.846	-0.831	-0.640	-0.808	-0.833	-0.832	-0.768	-0.817	-0.512	-0.807	-0.640	-0.787	-0.816	-0.817	-0.818	-0.826	-0.819	-0.774	-0.774	-0.777	-0.812	-0.662	-0.330	-0.651	-0.768	-0.662	-0.684	-0.760	-0.671	-0.660	-0.665	-0.749	-0.675	-0.687	-0.689	-0.707	-0.726	-0.813	-0.798	-0.769	-0.800	-0.678	-0.720	-0.934	-0.912	-0.864	-0.976	-0.975	-0.977	-0.981	-0.762	-0.983	-0.982	-0.735	-0.963	-0.963	-0.965	-0.955	-0.690	-0.696	-0.705	-0.941	-0.965	-0.682	-0.839	-0.706	-0.925	-0.661	-0.638	-0.645	-0.651	-0.670	-0.648	-0.946	-0.696	-0.652	-0.937	-0.654	-0.968	-0.968	-0.943	-0.944	-0.791	-0.968	-0.922	-0.968	-0.670	-0.626	-0.626	-0.627	-0.619	-0.631	-0.636	-0.671	-0.959	-0.697	-0.667	-0.691	-0.679	-0.677	-0.654	-0.658	-0.669	-0.663	-0.668	-0.668	-0.669	-0.664	-0.662	-0.672	-0.690	-0.691	-0.969	-0.719	-0.720	-0.723	-0.979	-0.718	-0.706	-0.972	-0.704	-0.976	-0.968	-0.972	-0.968	-0.972	-0.715	-0.966	-0.715	-0.714	-0.714	-0.974	-0.965	-0.689	-0.689	-0.689	-0.967	-0.974	-0.976	-0.705	-0.734	-0.947	-0.955	-0.768	-0.959	-0.982	-0.983	-0.976	-0.731	-0.955	-0.966	-0.736	-0.982	-0.772	-0.786	-0.773	-0.787	-0.776	-0.769	-0.797	-0.959	-0.960	-0.790	-0.958	-0.956	-0.959	-0.939	-0.938	-0.931	-0.935	-0.959	-0.959	-0.929	-0.887	-0.887	-0.934	-0.927	-0.920	-0.890	-0.956	
rs77979332     -0.691	-0.887	-0.808	-0.797	-0.927	-0.888	-0.661	-0.805	-0.796	-0.656	-0.659	-0.909	-0.812	-0.807	-0.528	-0.808	-0.903	-0.809	-0.652	-0.651	-0.883	-0.649	-0.908	-0.907	-0.906	-0.803	-0.829	-0.282	-0.816	-0.667	-0.832	-0.917	-0.658	-0.810	-0.837	-0.829	-0.630	-0.841	-0.841	-0.821	-0.916	-0.899	-0.799	-0.790	-0.748	-0.794	-0.644	-0.780	-0.961	-0.952	-0.908	-0.989	-0.988	-0.990	-0.996	-0.771	-0.998	-0.997	-0.744	-0.978	-0.978	-0.979	-0.970	-0.695	-0.702	-0.710	-0.956	-0.979	-0.687	-0.879	-0.711	-0.939	-0.666	-0.643	-0.649	-0.656	-0.675	-0.653	-0.960	-0.701	-0.656	-0.952	-0.659	-0.983	-0.983	-0.958	-0.959	-0.803	-0.983	-0.937	-0.983	-0.675	-0.630	-0.630	-0.631	-0.623	-0.635	-0.640	-0.676	-0.974	-0.702	-0.672	-0.697	-0.684	-0.682	-0.659	-0.663	-0.673	-0.668	-0.673	-0.672	-0.674	-0.669	-0.666	-0.677	-0.695	-0.696	-0.983	-0.725	-0.725	-0.729	-0.994	-0.724	-0.711	-0.987	-0.709	-0.991	-0.987	-0.987	-0.987	-0.987	-0.721	-0.981	-0.721	-0.720	-0.720	-0.989	-0.980	-0.695	-0.695	-0.695	-0.987	-0.989	-0.991	-0.711	-0.740	-0.960	-0.968	-0.775	-0.976	-0.996	-0.996	-0.989	-0.738	-0.969	-0.980	-0.745	-0.996	-0.780	-0.794	-0.781	-0.795	-0.784	-0.777	-0.805	-0.972	-0.977	-0.798	-0.975	-0.970	-0.977	-0.950	-0.949	-0.941	-0.945	-0.976	-0.975	-0.939	-0.898	-0.898	-0.945	-0.938	-0.930	-0.899	-0.970	
rs10741732     -0.740	-0.831	-0.804	-0.806	-0.755	-0.846	-0.832	-0.640	-0.808	-0.834	-0.833	-0.769	-0.818	-0.640	-0.808	-0.513	-0.788	-0.816	-0.818	-0.819	-0.826	-0.820	-0.775	-0.775	-0.777	-0.812	-0.663	-0.330	-0.651	-0.769	-0.663	-0.685	-0.760	-0.671	-0.661	-0.665	-0.750	-0.676	-0.687	-0.689	-0.707	-0.726	-0.813	-0.799	-0.769	-0.800	-0.679	-0.721	-0.935	-0.912	-0.864	-0.977	-0.975	-0.977	-0.981	-0.762	-0.983	-0.982	-0.736	-0.963	-0.963	-0.966	-0.956	-0.691	-0.697	-0.705	-0.942	-0.966	-0.683	-0.840	-0.706	-0.925	-0.661	-0.639	-0.645	-0.651	-0.670	-0.649	-0.946	-0.696	-0.652	-0.938	-0.655	-0.968	-0.968	-0.944	-0.945	-0.791	-0.968	-0.922	-0.969	-0.670	-0.626	-0.627	-0.627	-0.619	-0.632	-0.637	-0.671	-0.959	-0.697	-0.667	-0.691	-0.679	-0.678	-0.655	-0.659	-0.669	-0.664	-0.669	-0.668	-0.670	-0.665	-0.662	-0.672	-0.691	-0.691	-0.969	-0.719	-0.720	-0.723	-0.979	-0.719	-0.706	-0.973	-0.704	-0.976	-0.968	-0.972	-0.968	-0.972	-0.715	-0.967	-0.715	-0.715	-0.715	-0.974	-0.965	-0.690	-0.690	-0.690	-0.968	-0.974	-0.977	-0.705	-0.734	-0.948	-0.955	-0.768	-0.960	-0.983	-0.983	-0.976	-0.731	-0.956	-0.967	-0.736	-0.983	-0.772	-0.786	-0.774	-0.787	-0.777	-0.770	-0.797	-0.959	-0.960	-0.791	-0.959	-0.957	-0.959	-0.939	-0.938	-0.931	-0.935	-0.960	-0.959	-0.929	-0.887	-0.887	-0.935	-0.928	-0.920	-0.890	-0.957	
rs7941164      -0.714	-0.906	-0.821	-0.835	-0.929	-0.925	-0.909	-0.784	-0.827	-0.909	-0.910	-0.747	-0.847	-0.787	-0.903	-0.788	-0.604	-0.844	-0.907	-0.907	-0.903	-0.907	-0.749	-0.756	-0.756	-0.837	-0.818	-0.257	-0.798	-0.892	-0.822	-0.695	-0.887	-0.793	-0.826	-0.816	-0.880	-0.832	-0.834	-0.809	-0.923	-0.904	-0.840	-0.838	-0.807	-0.853	-0.707	-0.840	-1.029	-1.017	-0.972	-1.063	-1.062	-1.063	-1.070	-0.849	-1.071	-1.071	-0.822	-1.052	-1.052	-1.050	-1.044	-0.774	-0.780	-0.789	-1.030	-1.050	-0.766	-0.944	-0.790	-1.013	-0.745	-0.722	-0.729	-0.735	-0.754	-0.732	-1.034	-0.780	-0.736	-1.026	-0.738	-1.054	-1.054	-1.032	-1.033	-0.871	-1.053	-1.011	-1.054	-0.754	-0.710	-0.710	-0.711	-0.702	-0.715	-0.720	-0.755	-1.047	-0.781	-0.750	-0.775	-0.763	-0.761	-0.738	-0.742	-0.753	-0.747	-0.752	-0.751	-0.753	-0.748	-0.745	-0.756	-0.774	-0.775	-1.057	-0.803	-0.804	-0.807	-1.067	-0.802	-0.789	-1.060	-0.787	-1.064	-1.056	-1.060	-1.056	-1.060	-0.799	-1.055	-0.799	-0.799	-0.798	-1.062	-1.053	-0.773	-0.773	-0.773	-1.056	-1.062	-1.065	-0.789	-0.818	-1.034	-1.042	-0.852	-1.046	-1.069	-1.070	-1.063	-0.816	-1.043	-1.054	-0.822	-1.069	-0.857	-0.871	-0.858	-0.872	-0.862	-0.854	-0.882	-1.046	-1.047	-0.875	-1.045	-1.041	-1.046	-1.024	-1.024	-1.016	-1.020	-1.046	-1.045	-1.014	-0.973	-0.973	-1.020	-1.013	-1.005	-0.974	-1.041	
rs11602509     -0.729	-0.619	-0.808	-0.597	-0.889	-0.689	-0.807	-0.814	-0.544	-0.806	-0.807	-0.838	-0.543	-0.816	-0.809	-0.816	-0.844	-0.423	-0.808	-0.808	-0.441	-0.807	-0.839	-0.839	-0.839	-0.542	-0.829	-0.360	-0.821	-0.816	-0.831	-0.821	-0.814	-0.816	-0.835	-0.829	-0.809	-0.837	-0.837	-0.824	-0.883	-0.874	-0.589	-0.619	-0.632	-0.667	-0.546	-0.650	-0.842	-0.831	-0.782	-0.903	-0.902	-0.903	-0.909	-0.702	-0.911	-0.910	-0.676	-0.894	-0.894	-0.883	-0.887	-0.631	-0.637	-0.645	-0.874	-0.883	-0.623	-0.776	-0.646	-0.859	-0.602	-0.580	-0.587	-0.593	-0.611	-0.590	-0.878	-0.636	-0.593	-0.870	-0.596	-0.885	-0.885	-0.876	-0.877	-0.694	-0.885	-0.856	-0.885	-0.611	-0.568	-0.568	-0.569	-0.561	-0.573	-0.578	-0.612	-0.890	-0.637	-0.608	-0.632	-0.620	-0.618	-0.596	-0.600	-0.610	-0.604	-0.609	-0.609	-0.610	-0.605	-0.603	-0.613	-0.630	-0.631	-0.899	-0.658	-0.659	-0.662	-0.908	-0.658	-0.645	-0.902	-0.643	-0.905	-0.884	-0.901	-0.884	-0.901	-0.654	-0.896	-0.654	-0.654	-0.654	-0.903	-0.895	-0.630	-0.630	-0.630	-0.884	-0.903	-0.905	-0.645	-0.673	-0.878	-0.885	-0.706	-0.876	-0.909	-0.909	-0.903	-0.670	-0.885	-0.895	-0.676	-0.909	-0.710	-0.724	-0.711	-0.724	-0.714	-0.708	-0.734	-0.889	-0.877	-0.727	-0.875	-0.873	-0.875	-0.869	-0.868	-0.861	-0.865	-0.876	-0.876	-0.859	-0.820	-0.820	-0.864	-0.858	-0.851	-0.822	-0.874	
rs56115383     -0.705	-0.887	-0.818	-0.795	-0.932	-0.887	-0.674	-0.815	-0.794	-0.670	-0.672	-0.911	-0.811	-0.817	-0.652	-0.818	-0.907	-0.808	-0.527	-0.653	-0.882	-0.653	-0.910	-0.909	-0.908	-0.801	-0.838	-0.298	-0.825	-0.640	-0.841	-0.915	-0.628	-0.820	-0.846	-0.838	-0.589	-0.850	-0.850	-0.831	-0.922	-0.906	-0.797	-0.788	-0.747	-0.793	-0.642	-0.780	-0.962	-0.952	-0.908	-0.988	-0.987	-0.989	-0.995	-0.769	-0.997	-0.996	-0.741	-0.977	-0.977	-0.979	-0.969	-0.693	-0.699	-0.708	-0.955	-0.978	-0.684	-0.878	-0.709	-0.938	-0.663	-0.640	-0.646	-0.653	-0.672	-0.650	-0.959	-0.699	-0.654	-0.951	-0.656	-0.983	-0.983	-0.957	-0.958	-0.802	-0.983	-0.935	-0.983	-0.672	-0.627	-0.628	-0.628	-0.620	-0.633	-0.637	-0.673	-0.972	-0.700	-0.669	-0.694	-0.681	-0.680	-0.656	-0.660	-0.671	-0.665	-0.670	-0.670	-0.671	-0.666	-0.663	-0.674	-0.693	-0.693	-0.982	-0.722	-0.723	-0.726	-0.993	-0.722	-0.709	-0.986	-0.706	-0.990	-0.987	-0.986	-0.986	-0.986	-0.718	-0.980	-0.718	-0.718	-0.718	-0.988	-0.979	-0.692	-0.692	-0.692	-0.987	-0.988	-0.990	-0.708	-0.738	-0.959	-0.967	-0.773	-0.976	-0.995	-0.995	-0.988	-0.735	-0.967	-0.979	-0.743	-0.995	-0.777	-0.792	-0.779	-0.793	-0.782	-0.775	-0.803	-0.971	-0.977	-0.796	-0.975	-0.970	-0.977	-0.948	-0.947	-0.940	-0.944	-0.976	-0.975	-0.938	-0.896	-0.896	-0.943	-0.936	-0.928	-0.897	-0.970	
rs80286007     -0.706	-0.887	-0.818	-0.795	-0.932	-0.887	-0.675	-0.816	-0.794	-0.671	-0.673	-0.911	-0.810	-0.818	-0.651	-0.819	-0.907	-0.808	-0.653	-0.527	-0.882	-0.653	-0.910	-0.909	-0.908	-0.801	-0.839	-0.299	-0.826	-0.638	-0.841	-0.915	-0.625	-0.821	-0.847	-0.839	-0.585	-0.850	-0.850	-0.831	-0.923	-0.907	-0.797	-0.788	-0.746	-0.792	-0.642	-0.780	-0.962	-0.952	-0.908	-0.988	-0.987	-0.989	-0.995	-0.768	-0.997	-0.996	-0.741	-0.977	-0.977	-0.979	-0.969	-0.693	-0.699	-0.708	-0.955	-0.978	-0.684	-0.878	-0.708	-0.938	-0.663	-0.639	-0.646	-0.653	-0.672	-0.650	-0.959	-0.698	-0.653	-0.950	-0.656	-0.983	-0.983	-0.956	-0.957	-0.802	-0.983	-0.935	-0.983	-0.672	-0.627	-0.627	-0.628	-0.620	-0.632	-0.637	-0.673	-0.972	-0.700	-0.669	-0.694	-0.681	-0.679	-0.656	-0.660	-0.671	-0.665	-0.670	-0.669	-0.671	-0.666	-0.663	-0.674	-0.692	-0.693	-0.982	-0.722	-0.723	-0.726	-0.993	-0.721	-0.708	-0.986	-0.706	-0.990	-0.986	-0.985	-0.986	-0.985	-0.718	-0.980	-0.718	-0.718	-0.717	-0.987	-0.979	-0.692	-0.692	-0.692	-0.987	-0.987	-0.990	-0.708	-0.738	-0.959	-0.967	-0.772	-0.976	-0.995	-0.995	-0.988	-0.735	-0.967	-0.979	-0.742	-0.995	-0.777	-0.792	-0.779	-0.792	-0.782	-0.775	-0.803	-0.971	-0.977	-0.796	-0.975	-0.970	-0.976	-0.948	-0.947	-0.940	-0.944	-0.975	-0.975	-0.938	-0.896	-0.896	-0.943	-0.936	-0.928	-0.897	-0.970	
rs10766430     -0.742	-0.720	-0.830	-0.555	-0.937	-0.721	-0.883	-0.824	-0.413	-0.883	-0.883	-0.907	-0.460	-0.826	-0.883	-0.826	-0.903	-0.441	-0.882	-0.882	-0.502	-0.882	-0.905	-0.905	-0.904	-0.397	-0.844	-0.324	-0.833	-0.885	-0.847	-0.911	-0.883	-0.827	-0.852	-0.845	-0.876	-0.855	-0.855	-0.838	-0.922	-0.908	-0.522	-0.604	-0.617	-0.688	-0.507	-0.747	-0.931	-0.921	-0.875	-0.966	-0.965	-0.966	-0.974	-0.748	-0.976	-0.975	-0.721	-0.956	-0.956	-0.951	-0.948	-0.673	-0.679	-0.688	-0.934	-0.951	-0.664	-0.855	-0.688	-0.918	-0.643	-0.620	-0.627	-0.633	-0.652	-0.631	-0.938	-0.679	-0.634	-0.930	-0.637	-0.955	-0.955	-0.936	-0.937	-0.759	-0.955	-0.915	-0.955	-0.652	-0.608	-0.608	-0.608	-0.600	-0.613	-0.618	-0.653	-0.952	-0.680	-0.649	-0.674	-0.661	-0.660	-0.636	-0.640	-0.651	-0.645	-0.650	-0.650	-0.651	-0.646	-0.644	-0.654	-0.672	-0.673	-0.961	-0.702	-0.703	-0.706	-0.972	-0.701	-0.688	-0.965	-0.686	-0.969	-0.958	-0.965	-0.958	-0.965	-0.698	-0.959	-0.698	-0.698	-0.698	-0.966	-0.958	-0.672	-0.672	-0.672	-0.958	-0.966	-0.969	-0.688	-0.718	-0.938	-0.946	-0.752	-0.947	-0.973	-0.974	-0.967	-0.715	-0.946	-0.957	-0.723	-0.973	-0.758	-0.772	-0.759	-0.773	-0.762	-0.755	-0.783	-0.950	-0.948	-0.776	-0.947	-0.941	-0.948	-0.927	-0.926	-0.919	-0.923	-0.947	-0.946	-0.917	-0.875	-0.875	-0.922	-0.915	-0.907	-0.876	-0.942	
rs77581557     -0.707	-0.886	-0.819	-0.794	-0.933	-0.887	-0.676	-0.817	-0.794	-0.673	-0.675	-0.911	-0.810	-0.819	-0.649	-0.820	-0.907	-0.807	-0.653	-0.653	-0.882	-0.527	-0.910	-0.909	-0.908	-0.800	-0.840	-0.301	-0.827	-0.633	-0.843	-0.915	-0.620	-0.822	-0.848	-0.840	-0.579	-0.851	-0.851	-0.832	-0.923	-0.907	-0.796	-0.787	-0.746	-0.792	-0.641	-0.779	-0.962	-0.952	-0.908	-0.988	-0.987	-0.988	-0.995	-0.768	-0.997	-0.996	-0.741	-0.977	-0.977	-0.978	-0.968	-0.692	-0.698	-0.707	-0.954	-0.978	-0.683	-0.877	-0.708	-0.937	-0.662	-0.639	-0.646	-0.652	-0.671	-0.650	-0.958	-0.698	-0.653	-0.950	-0.656	-0.982	-0.982	-0.956	-0.957	-0.802	-0.982	-0.934	-0.983	-0.671	-0.627	-0.627	-0.627	-0.619	-0.632	-0.637	-0.672	-0.972	-0.699	-0.668	-0.693	-0.680	-0.679	-0.655	-0.659	-0.670	-0.664	-0.670	-0.669	-0.670	-0.665	-0.663	-0.673	-0.692	-0.693	-0.982	-0.721	-0.722	-0.726	-0.993	-0.721	-0.708	-0.985	-0.706	-0.989	-0.986	-0.985	-0.986	-0.985	-0.717	-0.979	-0.717	-0.717	-0.717	-0.987	-0.978	-0.691	-0.691	-0.691	-0.986	-0.987	-0.990	-0.707	-0.737	-0.958	-0.966	-0.772	-0.976	-0.994	-0.995	-0.988	-0.734	-0.967	-0.978	-0.742	-0.994	-0.777	-0.791	-0.778	-0.792	-0.782	-0.774	-0.802	-0.970	-0.977	-0.795	-0.974	-0.969	-0.976	-0.948	-0.947	-0.939	-0.943	-0.975	-0.974	-0.937	-0.895	-0.895	-0.943	-0.936	-0.928	-0.896	-0.969	
rs10832856     -0.698	-0.908	-0.811	-0.833	-0.928	-0.926	-0.914	-0.771	-0.822	-0.913	-0.914	-0.745	-0.843	-0.774	-0.908	-0.775	-0.749	-0.839	-0.910	-0.910	-0.905	-0.910	-0.606	-0.748	-0.747	-0.833	-0.801	-0.235	-0.785	-0.899	-0.805	-0.712	-0.895	-0.780	-0.814	-0.804	-0.888	-0.821	-0.823	-0.797	-0.918	-0.897	-0.836	-0.835	-0.804	-0.852	-0.703	-0.844	-1.033	-1.021	-0.976	-1.066	-1.065	-1.065	-1.072	-0.850	-1.074	-1.073	-0.824	-1.054	-1.054	-1.052	-1.046	-0.776	-0.782	-0.791	-1.033	-1.052	-0.768	-0.948	-0.791	-1.016	-0.746	-0.724	-0.730	-0.737	-0.756	-0.734	-1.037	-0.782	-0.737	-1.028	-0.740	-1.056	-1.056	-1.034	-1.035	-0.872	-1.056	-1.013	-1.056	-0.755	-0.712	-0.712	-0.713	-0.704	-0.717	-0.722	-0.757	-1.050	-0.783	-0.752	-0.777	-0.765	-0.763	-0.740	-0.744	-0.754	-0.749	-0.754	-0.753	-0.755	-0.750	-0.747	-0.758	-0.776	-0.776	-1.059	-0.805	-0.805	-0.809	-1.070	-0.804	-0.791	-1.063	-0.789	-1.067	-1.059	-1.063	-1.059	-1.063	-0.801	-1.057	-0.801	-0.801	-0.800	-1.065	-1.056	-0.775	-0.775	-0.775	-1.059	-1.065	-1.067	-0.791	-0.820	-1.037	-1.044	-0.854	-1.048	-1.072	-1.072	-1.065	-0.817	-1.045	-1.056	-0.824	-1.072	-0.859	-0.873	-0.860	-0.874	-0.864	-0.857	-0.884	-1.049	-1.049	-0.877	-1.047	-1.043	-1.049	-1.027	-1.026	-1.018	-1.022	-1.048	-1.047	-1.017	-0.975	-0.975	-1.022	-1.015	-1.007	-0.976	-1.043	
rs10832857     -0.698	-0.908	-0.812	-0.833	-0.928	-0.926	-0.913	-0.772	-0.822	-0.913	-0.913	-0.754	-0.843	-0.774	-0.907	-0.775	-0.756	-0.839	-0.909	-0.909	-0.905	-0.909	-0.748	-0.605	-0.741	-0.832	-0.801	-0.236	-0.785	-0.898	-0.805	-0.707	-0.894	-0.780	-0.814	-0.804	-0.887	-0.821	-0.823	-0.797	-0.917	-0.897	-0.836	-0.834	-0.803	-0.851	-0.702	-0.843	-1.032	-1.020	-0.975	-1.065	-1.064	-1.064	-1.071	-0.850	-1.073	-1.073	-0.823	-1.054	-1.054	-1.051	-1.046	-0.775	-0.781	-0.790	-1.032	-1.051	-0.767	-0.947	-0.791	-1.015	-0.746	-0.723	-0.730	-0.736	-0.755	-0.734	-1.036	-0.781	-0.737	-1.028	-0.740	-1.055	-1.055	-1.034	-1.035	-0.871	-1.055	-1.012	-1.055	-0.755	-0.711	-0.711	-0.712	-0.704	-0.716	-0.721	-0.756	-1.049	-0.782	-0.752	-0.777	-0.764	-0.762	-0.739	-0.743	-0.754	-0.748	-0.753	-0.753	-0.754	-0.749	-0.746	-0.757	-0.775	-0.776	-1.059	-0.804	-0.805	-0.808	-1.069	-0.803	-0.791	-1.062	-0.789	-1.066	-1.058	-1.062	-1.058	-1.062	-0.800	-1.056	-0.800	-0.800	-0.800	-1.064	-1.055	-0.775	-0.775	-0.775	-1.058	-1.064	-1.066	-0.790	-0.819	-1.036	-1.044	-0.854	-1.048	-1.071	-1.072	-1.065	-0.817	-1.044	-1.055	-0.824	-1.071	-0.858	-0.872	-0.860	-0.873	-0.863	-0.856	-0.883	-1.048	-1.048	-0.876	-1.047	-1.042	-1.048	-1.026	-1.025	-1.018	-1.022	-1.047	-1.047	-1.016	-0.974	-0.975	-1.021	-1.014	-1.006	-0.976	-1.042	
rs2299637      -0.701	-0.907	-0.814	-0.833	-0.929	-0.926	-0.912	-0.774	-0.823	-0.912	-0.912	-0.752	-0.843	-0.777	-0.906	-0.777	-0.756	-0.839	-0.908	-0.908	-0.904	-0.908	-0.747	-0.741	-0.605	-0.832	-0.803	-0.239	-0.787	-0.897	-0.807	-0.694	-0.892	-0.782	-0.816	-0.805	-0.885	-0.822	-0.824	-0.798	-0.918	-0.898	-0.836	-0.834	-0.803	-0.851	-0.702	-0.842	-1.031	-1.019	-0.974	-1.064	-1.063	-1.063	-1.071	-0.849	-1.072	-1.072	-0.822	-1.053	-1.053	-1.051	-1.045	-0.775	-0.781	-0.789	-1.031	-1.050	-0.766	-0.946	-0.790	-1.015	-0.745	-0.722	-0.729	-0.735	-0.755	-0.733	-1.035	-0.780	-0.736	-1.027	-0.739	-1.054	-1.054	-1.033	-1.034	-0.871	-1.054	-1.012	-1.054	-0.754	-0.710	-0.711	-0.711	-0.703	-0.715	-0.720	-0.755	-1.048	-0.781	-0.751	-0.776	-0.763	-0.762	-0.738	-0.742	-0.753	-0.747	-0.753	-0.752	-0.753	-0.749	-0.746	-0.756	-0.774	-0.775	-1.058	-0.803	-0.804	-0.807	-1.068	-0.803	-0.790	-1.061	-0.788	-1.065	-1.057	-1.061	-1.057	-1.061	-0.799	-1.056	-0.799	-0.799	-0.799	-1.063	-1.054	-0.774	-0.774	-0.774	-1.057	-1.063	-1.066	-0.789	-0.819	-1.035	-1.043	-0.853	-1.047	-1.070	-1.071	-1.064	-0.816	-1.043	-1.055	-0.823	-1.070	-0.858	-0.872	-0.859	-0.872	-0.862	-0.855	-0.883	-1.047	-1.048	-0.876	-1.046	-1.041	-1.047	-1.025	-1.024	-1.017	-1.021	-1.047	-1.046	-1.015	-0.974	-0.974	-1.020	-1.013	-1.006	-0.975	-1.041	
rs2299636      -0.725	-0.611	-0.804	-0.596	-0.883	-0.682	-0.800	-0.810	-0.549	-0.799	-0.800	-0.832	-0.546	-0.812	-0.803	-0.812	-0.837	-0.542	-0.801	-0.801	-0.397	-0.800	-0.833	-0.832	-0.832	-0.416	-0.825	-0.358	-0.817	-0.809	-0.827	-0.812	-0.808	-0.812	-0.830	-0.825	-0.802	-0.833	-0.833	-0.820	-0.878	-0.869	-0.587	-0.612	-0.627	-0.661	-0.543	-0.642	-0.834	-0.824	-0.774	-0.897	-0.896	-0.897	-0.902	-0.697	-0.904	-0.904	-0.671	-0.888	-0.888	-0.876	-0.881	-0.626	-0.632	-0.640	-0.868	-0.877	-0.618	-0.769	-0.641	-0.853	-0.597	-0.575	-0.582	-0.588	-0.606	-0.585	-0.872	-0.631	-0.588	-0.864	-0.591	-0.879	-0.879	-0.870	-0.871	-0.688	-0.879	-0.850	-0.879	-0.605	-0.563	-0.564	-0.564	-0.556	-0.568	-0.573	-0.607	-0.884	-0.632	-0.602	-0.627	-0.615	-0.613	-0.591	-0.594	-0.605	-0.599	-0.604	-0.604	-0.605	-0.600	-0.598	-0.608	-0.625	-0.626	-0.892	-0.653	-0.654	-0.657	-0.901	-0.652	-0.640	-0.896	-0.638	-0.899	-0.877	-0.895	-0.877	-0.895	-0.649	-0.890	-0.649	-0.649	-0.649	-0.897	-0.889	-0.625	-0.625	-0.625	-0.877	-0.897	-0.899	-0.639	-0.668	-0.872	-0.879	-0.700	-0.869	-0.903	-0.903	-0.897	-0.665	-0.879	-0.889	-0.670	-0.903	-0.705	-0.718	-0.706	-0.719	-0.709	-0.702	-0.729	-0.883	-0.870	-0.722	-0.869	-0.867	-0.869	-0.863	-0.862	-0.855	-0.859	-0.869	-0.869	-0.853	-0.814	-0.814	-0.858	-0.852	-0.845	-0.816	-0.867	
rs2299635      -0.741	-0.849	-0.817	-0.820	-0.793	-0.864	-0.853	-0.662	-0.821	-0.855	-0.854	-0.797	-0.831	-0.662	-0.829	-0.663	-0.818	-0.829	-0.838	-0.839	-0.844	-0.840	-0.801	-0.801	-0.803	-0.825	-0.529	-0.313	-0.664	-0.792	-0.659	-0.716	-0.784	-0.677	-0.682	-0.681	-0.773	-0.696	-0.704	-0.697	-0.739	-0.753	-0.826	-0.812	-0.782	-0.814	-0.691	-0.739	-0.952	-0.930	-0.882	-0.992	-0.991	-0.993	-0.997	-0.778	-0.999	-0.999	-0.751	-0.979	-0.979	-0.981	-0.972	-0.706	-0.712	-0.721	-0.958	-0.982	-0.698	-0.857	-0.722	-0.941	-0.677	-0.654	-0.661	-0.667	-0.686	-0.664	-0.962	-0.711	-0.667	-0.954	-0.670	-0.984	-0.984	-0.960	-0.961	-0.807	-0.984	-0.938	-0.984	-0.686	-0.642	-0.642	-0.643	-0.635	-0.647	-0.652	-0.687	-0.975	-0.713	-0.683	-0.707	-0.695	-0.693	-0.670	-0.674	-0.685	-0.679	-0.684	-0.684	-0.685	-0.680	-0.677	-0.688	-0.706	-0.707	-0.985	-0.735	-0.735	-0.739	-0.996	-0.734	-0.721	-0.989	-0.719	-0.992	-0.984	-0.988	-0.984	-0.988	-0.731	-0.983	-0.731	-0.730	-0.730	-0.990	-0.981	-0.705	-0.705	-0.705	-0.984	-0.990	-0.993	-0.721	-0.750	-0.964	-0.971	-0.784	-0.976	-0.999	-0.999	-0.992	-0.747	-0.972	-0.983	-0.752	-0.999	-0.788	-0.802	-0.789	-0.803	-0.793	-0.785	-0.813	-0.975	-0.976	-0.806	-0.975	-0.973	-0.975	-0.955	-0.954	-0.947	-0.951	-0.976	-0.975	-0.945	-0.903	-0.903	-0.950	-0.943	-0.936	-0.906	-0.972	
rs10766431     -0.414	-0.331	-0.411	-0.351	-0.251	-0.359	-0.322	-0.332	-0.358	-0.325	-0.323	-0.228	-0.360	-0.330	-0.282	-0.330	-0.257	-0.360	-0.298	-0.299	-0.324	-0.301	-0.235	-0.236	-0.239	-0.358	-0.313	-0.008	-0.324	-0.221	-0.310	-0.120	-0.210	-0.336	-0.307	-0.315	-0.197	-0.310	-0.314	-0.333	-0.245	-0.272	-0.360	-0.339	-0.317	-0.336	-0.237	-0.139	-0.400	-0.350	-0.287	-0.497	-0.496	-0.500	-0.483	-0.270	-0.485	-0.484	-0.243	-0.462	-0.462	-0.484	-0.455	-0.203	-0.209	-0.218	-0.438	-0.485	-0.195	-0.322	-0.219	-0.420	-0.174	-0.151	-0.157	-0.163	-0.182	-0.160	-0.443	-0.208	-0.164	-0.434	-0.166	-0.487	-0.487	-0.441	-0.442	-0.309	-0.487	-0.417	-0.487	-0.182	-0.138	-0.138	-0.139	-0.131	-0.143	-0.149	-0.184	-0.459	-0.210	-0.180	-0.204	-0.191	-0.190	-0.167	-0.171	-0.182	-0.176	-0.181	-0.180	-0.182	-0.177	-0.174	-0.185	-0.203	-0.204	-0.470	-0.232	-0.233	-0.236	-0.483	-0.232	-0.219	-0.474	-0.217	-0.479	-0.485	-0.474	-0.485	-0.474	-0.228	-0.467	-0.228	-0.228	-0.227	-0.476	-0.466	-0.202	-0.202	-0.202	-0.485	-0.476	-0.480	-0.218	-0.248	-0.445	-0.454	-0.282	-0.478	-0.487	-0.487	-0.479	-0.244	-0.455	-0.468	-0.247	-0.486	-0.286	-0.300	-0.287	-0.300	-0.290	-0.283	-0.311	-0.458	-0.479	-0.304	-0.477	-0.475	-0.478	-0.453	-0.452	-0.444	-0.448	-0.478	-0.478	-0.442	-0.403	-0.403	-0.448	-0.440	-0.433	-0.402	-0.475	
rs10766432     -0.743	-0.839	-0.810	-0.811	-0.771	-0.853	-0.839	-0.652	-0.813	-0.841	-0.840	-0.781	-0.823	-0.651	-0.816	-0.651	-0.798	-0.821	-0.825	-0.826	-0.833	-0.827	-0.785	-0.785	-0.787	-0.817	-0.664	-0.324	-0.519	-0.777	-0.664	-0.695	-0.768	-0.666	-0.655	-0.659	-0.758	-0.672	-0.684	-0.683	-0.708	-0.727	-0.818	-0.804	-0.774	-0.806	-0.683	-0.727	-0.941	-0.919	-0.871	-0.983	-0.981	-0.983	-0.987	-0.768	-0.989	-0.988	-0.741	-0.969	-0.969	-0.972	-0.962	-0.696	-0.702	-0.711	-0.948	-0.972	-0.688	-0.846	-0.712	-0.931	-0.667	-0.644	-0.651	-0.657	-0.676	-0.654	-0.952	-0.701	-0.657	-0.943	-0.660	-0.974	-0.974	-0.949	-0.950	-0.797	-0.974	-0.928	-0.974	-0.676	-0.632	-0.632	-0.633	-0.625	-0.637	-0.642	-0.677	-0.965	-0.703	-0.673	-0.697	-0.685	-0.683	-0.660	-0.664	-0.675	-0.669	-0.674	-0.674	-0.675	-0.670	-0.667	-0.678	-0.696	-0.697	-0.975	-0.725	-0.725	-0.729	-0.985	-0.724	-0.711	-0.979	-0.709	-0.982	-0.974	-0.978	-0.974	-0.978	-0.721	-0.973	-0.721	-0.720	-0.720	-0.980	-0.971	-0.695	-0.695	-0.695	-0.974	-0.980	-0.983	-0.711	-0.740	-0.954	-0.961	-0.774	-0.966	-0.989	-0.989	-0.982	-0.737	-0.962	-0.973	-0.742	-0.989	-0.778	-0.792	-0.779	-0.793	-0.782	-0.775	-0.803	-0.965	-0.966	-0.796	-0.965	-0.963	-0.965	-0.945	-0.944	-0.937	-0.941	-0.966	-0.965	-0.935	-0.893	-0.893	-0.940	-0.933	-0.926	-0.896	-0.963	
rs73424004     -0.644	-0.889	-0.772	-0.803	-0.908	-0.893	-0.587	-0.766	-0.803	-0.573	-0.581	-0.902	-0.819	-0.768	-0.667	-0.769	-0.892	-0.816	-0.640	-0.638	-0.885	-0.633	-0.899	-0.898	-0.897	-0.809	-0.792	-0.221	-0.777	-0.530	-0.796	-0.914	-0.656	-0.771	-0.801	-0.792	-0.668	-0.806	-0.806	-0.783	-0.893	-0.873	-0.806	-0.796	-0.755	-0.799	-0.652	-0.782	-0.961	-0.953	-0.908	-0.994	-0.993	-0.993	-1.000	-0.779	-1.002	-1.002	-0.752	-0.983	-0.983	-0.982	-0.975	-0.705	-0.711	-0.719	-0.962	-0.981	-0.696	-0.883	-0.720	-0.945	-0.675	-0.652	-0.659	-0.665	-0.685	-0.663	-0.966	-0.710	-0.666	-0.957	-0.669	-0.986	-0.986	-0.963	-0.964	-0.806	-0.985	-0.942	-0.986	-0.684	-0.640	-0.641	-0.641	-0.633	-0.645	-0.650	-0.685	-0.979	-0.712	-0.681	-0.706	-0.693	-0.692	-0.668	-0.673	-0.683	-0.677	-0.683	-0.682	-0.683	-0.679	-0.676	-0.686	-0.704	-0.705	-0.988	-0.733	-0.734	-0.738	-0.998	-0.733	-0.720	-0.992	-0.718	-0.995	-0.989	-0.991	-0.989	-0.991	-0.729	-0.986	-0.729	-0.729	-0.729	-0.993	-0.985	-0.704	-0.704	-0.704	-0.989	-0.993	-0.996	-0.720	-0.749	-0.966	-0.973	-0.783	-0.979	-1.000	-1.000	-0.994	-0.746	-0.974	-0.985	-0.754	-1.000	-0.788	-0.802	-0.789	-0.803	-0.793	-0.786	-0.813	-0.977	-0.979	-0.806	-0.977	-0.973	-0.979	-0.955	-0.954	-0.947	-0.951	-0.978	-0.977	-0.945	-0.904	-0.904	-0.950	-0.943	-0.936	-0.905	-0.973	
