## Summary of overall evidence for association with region:
## log10(BF for region) = 0.935701
## p-value for region = NA

## BFs for choosing among multi-SNP models:
## log10(average 1-SNP BF) = 0.778295
## log10(average 2-SNP BF) = 1.142

## Example posterior probabilities for multi-SNP models, based on default prior: [p(l) propto 0.5^l for l=1,2,...,L]
## posterior probability of 1-SNP = 0.463983
## posterior probability of 2-SNP = 0.536017

## log10(BF) for single SNP and pair of SNPs:
rs10705        -0.390	-0.659	-0.539	-0.523	-0.580	-0.159	-0.438	-0.426	-0.424	-0.588	-0.836	-0.589	-0.624	+0.726	+0.990	+0.505	+0.922	+0.581	+1.064	+0.594	+0.534	+1.616	+1.659	+1.604	+0.507	+1.453	+0.639	+0.649	+0.289	+1.371	+0.496	+0.609	+0.340	+0.564	+0.561	+0.499	+1.179	+0.359	+1.244	+0.373	+0.553	-0.748	-0.151	-0.682	-0.146	-0.127	-0.880	-0.096	-0.799	-0.609	+0.704	+0.627	-0.617	-0.619	-0.774	-0.597	-0.777	-0.623	-0.625	-0.626	-0.674	-0.626	+0.647	-0.884	-0.882	+0.653	-0.883	-0.875	+0.635	+0.038	-0.312	-0.814	-0.650	-0.883	-0.479	+0.669	-0.620	-0.758	+0.269	-0.727	-0.632	-0.623	+0.872	-0.835	+1.103	+0.525	+0.678	-0.849	+0.309	-0.324	+0.365	-0.201	-0.355	-0.406	+0.360	+0.195	-0.720	-0.847	-0.669	-0.845	-0.660	-0.841	-0.578	-0.574	-0.463	-0.628	-0.499	+0.965	-0.646	-0.269	-0.614	-0.605	-0.729	-0.618	-0.618	+0.372	-0.636	-0.677	-0.656	-0.655	-0.644	+0.287	-0.650	-0.682	-0.640	-0.228	-0.895	-0.457	-0.817	-0.617	-0.648	-0.635	-0.651	-0.884	+0.111	-0.895	-0.442	+0.169	-0.799	-0.894	-0.656	-0.644	-0.686	-0.574	-0.550	-0.641	-0.285	-0.284	-0.421	-0.898	-0.438	-0.645	-0.394	-0.889	-0.645	-0.898	-0.898	-0.888	-0.396	
rs34902        -0.659	-0.339	+0.035	+0.062	-0.552	+0.710	+0.191	+0.219	-0.486	-0.004	-0.570	-0.557	-0.064	+1.049	+1.324	+0.418	+1.253	+0.482	+1.401	+0.495	+0.747	+1.863	+1.909	+1.847	+0.714	+1.684	+0.851	+0.866	+0.461	+1.566	+0.701	+0.815	+0.515	+0.773	+0.770	+0.707	+1.387	+0.535	+1.389	+0.538	+0.577	-0.680	-0.166	-0.624	-0.161	-0.143	-0.837	-0.114	-0.735	-0.525	+0.726	+0.650	-0.535	-0.537	-0.713	-0.513	-0.715	-0.541	-0.544	-0.544	-0.669	-0.545	+0.670	-0.840	-0.837	+0.676	-0.838	-0.834	+0.658	+0.016	-0.313	-0.786	-0.578	-0.840	-0.410	+0.690	-0.555	-0.743	+0.226	-0.720	-0.546	-0.542	+0.889	-0.769	+1.067	+0.565	+0.664	-0.784	+0.378	-0.339	+0.370	-0.125	-0.368	-0.346	+0.411	+0.200	-0.695	-0.803	-0.623	-0.798	-0.615	-0.798	-0.571	-0.568	-0.462	-0.562	-0.493	+0.961	-0.581	-0.209	-0.547	-0.538	-0.685	-0.551	-0.551	+0.394	-0.570	-0.599	-0.611	-0.609	-0.598	+0.310	-0.605	-0.619	-0.595	-0.255	-0.848	-0.436	-0.768	-0.565	-0.590	-0.577	-0.594	-0.843	+0.140	-0.850	-0.444	+0.198	-0.753	-0.850	-0.597	-0.596	-0.632	-0.565	-0.526	-0.593	-0.262	-0.262	-0.402	-0.851	-0.419	-0.597	-0.377	-0.843	-0.597	-0.851	-0.851	-0.843	-0.379	
rs2548122      -0.539	+0.035	-0.152	-0.250	-0.198	+0.050	-0.175	-0.118	+0.046	-0.459	-0.505	-0.215	-0.485	+0.708	+0.963	+0.567	+0.898	+0.627	+1.034	+0.640	+0.608	+1.528	+1.569	+1.517	+0.584	+1.383	+0.707	+0.712	+0.393	+1.317	+0.572	+0.682	+0.438	+0.635	+0.632	+0.572	+1.148	+0.454	+1.228	+0.481	+0.789	-0.557	+0.060	-0.488	+0.065	+0.084	-0.652	+0.116	-0.600	-0.423	+0.941	+0.864	-0.430	-0.432	-0.578	-0.412	-0.580	-0.436	-0.437	-0.438	-0.393	-0.438	+0.884	-0.656	-0.654	+0.890	-0.654	-0.647	+0.871	+0.248	-0.098	-0.562	-0.476	-0.655	-0.311	+0.905	-0.439	-0.481	+0.503	-0.440	-0.450	-0.440	+1.101	-0.620	+1.323	+0.748	+0.870	-0.632	+0.537	-0.025	+0.583	+0.009	-0.059	-0.208	+0.588	+0.415	-0.475	-0.615	-0.443	-0.606	-0.435	-0.609	-0.313	-0.309	-0.190	-0.425	-0.230	+1.238	-0.440	-0.048	-0.387	-0.378	-0.496	-0.391	-0.391	+0.601	-0.431	-0.458	-0.431	-0.430	-0.419	+0.516	-0.425	-0.455	-0.416	+0.083	-0.662	-0.226	-0.602	-0.402	-0.433	-0.421	-0.436	-0.654	+0.339	-0.663	-0.167	+0.398	-0.568	-0.662	-0.455	-0.424	-0.467	-0.319	-0.317	-0.421	-0.076	-0.075	-0.189	-0.668	-0.207	-0.425	-0.164	-0.658	-0.425	-0.667	-0.667	-0.658	-0.165	
rs2548121      -0.523	+0.062	-0.250	-0.133	-0.177	+0.038	-0.187	-0.146	+0.071	-0.446	-0.481	-0.194	-0.471	+0.713	+0.966	+0.581	+0.902	+0.641	+1.037	+0.653	+0.622	+1.539	+1.580	+1.528	+0.598	+1.394	+0.721	+0.727	+0.408	+1.329	+0.586	+0.697	+0.453	+0.650	+0.647	+0.586	+1.160	+0.469	+1.242	+0.497	+0.807	-0.539	+0.079	-0.470	+0.085	+0.103	-0.634	+0.136	-0.582	-0.406	+0.959	+0.882	-0.413	-0.415	-0.560	-0.395	-0.562	-0.419	-0.420	-0.421	-0.374	-0.421	+0.903	-0.638	-0.636	+0.908	-0.636	-0.629	+0.889	+0.268	-0.078	-0.544	-0.459	-0.637	-0.293	+0.923	-0.421	-0.462	+0.523	-0.421	-0.433	-0.423	+1.120	-0.603	+1.342	+0.767	+0.889	-0.614	+0.556	-0.005	+0.601	+0.026	-0.039	-0.191	+0.606	+0.433	-0.457	-0.597	-0.425	-0.588	-0.418	-0.591	-0.294	-0.290	-0.170	-0.407	-0.211	+1.258	-0.423	-0.030	-0.369	-0.360	-0.478	-0.373	-0.373	+0.619	-0.413	-0.440	-0.414	-0.412	-0.402	+0.534	-0.408	-0.437	-0.399	+0.103	-0.644	-0.207	-0.584	-0.384	-0.415	-0.404	-0.418	-0.635	+0.357	-0.645	-0.147	+0.416	-0.550	-0.644	-0.437	-0.406	-0.449	-0.300	-0.299	-0.403	-0.059	-0.058	-0.171	-0.649	-0.189	-0.407	-0.146	-0.640	-0.407	-0.649	-0.649	-0.640	-0.147	
rs153906       -0.580	-0.552	-0.198	-0.177	-0.276	+0.285	-0.076	-0.053	-0.414	-0.256	-0.707	-0.374	-0.303	+1.238	+1.533	+0.571	+1.458	+0.636	+1.616	+0.649	+0.938	+2.072	+2.121	+2.056	+0.901	+1.880	+1.019	+1.034	+0.629	+1.762	+0.857	+0.980	+0.687	+0.934	+0.930	+0.859	+1.560	+0.700	+1.584	+0.691	+0.668	-0.655	-0.144	-0.596	-0.139	-0.121	-0.793	-0.093	-0.707	-0.477	+0.820	+0.742	-0.487	-0.489	-0.685	-0.464	-0.688	-0.493	-0.496	-0.496	-0.617	-0.496	+0.762	-0.795	-0.791	+0.768	-0.793	-0.791	+0.750	+0.037	-0.290	-0.741	-0.560	-0.797	-0.392	+0.782	-0.525	-0.692	+0.270	-0.668	-0.501	-0.498	+0.968	-0.728	+1.161	+0.622	+0.746	-0.744	+0.433	-0.290	+0.457	-0.076	-0.319	-0.318	+0.475	+0.283	-0.645	-0.745	-0.565	-0.746	-0.555	-0.738	-0.503	-0.499	-0.419	-0.527	-0.450	+1.068	-0.546	-0.164	-0.493	-0.483	-0.635	-0.497	-0.497	+0.482	-0.535	-0.553	-0.551	-0.550	-0.537	+0.396	-0.544	-0.566	-0.533	-0.205	-0.802	-0.407	-0.720	-0.501	-0.553	-0.540	-0.556	-0.798	+0.221	-0.806	-0.401	+0.280	-0.708	-0.805	-0.545	-0.534	-0.593	-0.517	-0.494	-0.531	-0.213	-0.213	-0.372	-0.806	-0.389	-0.535	-0.348	-0.797	-0.535	-0.806	-0.806	-0.797	-0.349	
rs460697       -0.159	+0.710	+0.050	+0.038	+0.285	+0.268	+0.001	+0.005	+0.543	-0.155	+0.200	+0.265	-0.171	+0.808	+1.044	+0.815	+0.985	+0.872	+1.111	+0.883	+0.865	+1.713	+1.752	+1.703	+0.843	+1.578	+0.962	+0.966	+0.669	+1.523	+0.834	+0.941	+0.711	+0.895	+0.892	+0.834	+1.362	+0.727	+1.454	+0.762	+1.209	-0.161	+0.498	-0.088	+0.504	+0.523	-0.250	+0.557	-0.202	-0.044	+1.364	+1.286	-0.051	-0.053	-0.180	-0.034	-0.181	-0.056	-0.058	-0.058	+0.035	-0.058	+1.306	-0.255	-0.253	+1.313	-0.254	-0.243	+1.293	+0.695	+0.335	-0.145	-0.081	-0.252	+0.086	+1.328	-0.042	-0.056	+0.962	-0.010	-0.073	-0.046	+1.531	-0.224	+1.798	+1.185	+1.327	-0.235	+0.959	+0.427	+1.006	+0.415	+0.392	+0.204	+1.023	+0.832	-0.066	-0.213	-0.039	-0.207	-0.031	-0.207	+0.107	+0.111	+0.245	-0.030	+0.201	+1.690	-0.045	+0.354	+0.008	+0.017	-0.090	+0.005	+0.004	+1.035	-0.036	-0.068	-0.027	-0.026	-0.015	+0.948	-0.021	-0.059	-0.012	+0.547	-0.261	+0.188	-0.202	+0.000	-0.034	-0.023	-0.037	-0.249	+0.763	-0.260	+0.270	+0.824	-0.166	-0.258	-0.060	-0.021	-0.067	+0.104	+0.095	-0.018	+0.331	+0.333	+0.222	-0.265	+0.204	-0.022	+0.248	-0.256	-0.021	-0.265	-0.265	-0.256	+0.247	
rs40098        -0.438	+0.191	-0.175	-0.187	-0.076	+0.001	-0.036	-0.148	+0.197	-0.374	-0.355	-0.093	-0.399	+0.742	+0.990	+0.653	+0.927	+0.712	+1.060	+0.724	+0.694	+1.600	+1.641	+1.590	+0.671	+1.459	+0.794	+0.799	+0.485	+1.397	+0.660	+0.771	+0.529	+0.723	+0.720	+0.660	+1.224	+0.545	+1.316	+0.575	+0.899	-0.448	+0.183	-0.378	+0.188	+0.207	-0.542	+0.240	-0.490	-0.320	+1.052	+0.975	-0.327	-0.329	-0.468	-0.309	-0.470	-0.332	-0.334	-0.334	-0.274	-0.334	+0.995	-0.546	-0.544	+1.001	-0.544	-0.536	+0.982	+0.372	+0.023	-0.449	-0.368	-0.544	-0.202	+1.016	-0.330	-0.364	+0.632	-0.322	-0.347	-0.334	+1.213	-0.512	+1.445	+0.866	+0.988	-0.523	+0.650	+0.099	+0.702	+0.118	+0.065	-0.105	+0.702	+0.533	-0.362	-0.503	-0.333	-0.493	-0.325	-0.497	-0.193	-0.189	-0.071	-0.318	-0.112	+1.369	-0.334	+0.064	-0.275	-0.266	-0.384	-0.279	-0.279	+0.723	-0.324	-0.347	-0.321	-0.320	-0.310	+0.638	-0.315	-0.343	-0.306	+0.210	-0.551	-0.115	-0.493	-0.293	-0.324	-0.313	-0.327	-0.544	+0.458	-0.553	-0.047	+0.518	-0.457	-0.552	-0.349	-0.315	-0.357	-0.206	-0.206	-0.312	+0.026	+0.027	-0.083	-0.557	-0.101	-0.316	-0.058	-0.547	-0.315	-0.557	-0.557	-0.548	-0.059	
rs185313       -0.426	+0.219	-0.118	-0.146	-0.053	+0.005	-0.148	-0.022	+0.218	-0.365	-0.335	-0.071	-0.388	+0.745	+0.992	+0.662	+0.930	+0.721	+1.062	+0.733	+0.702	+1.602	+1.643	+1.591	+0.679	+1.461	+0.803	+0.808	+0.494	+1.400	+0.669	+0.780	+0.538	+0.732	+0.729	+0.669	+1.232	+0.554	+1.320	+0.585	+0.914	-0.435	+0.197	-0.365	+0.202	+0.221	-0.528	+0.253	-0.477	-0.308	+1.067	+0.989	-0.315	-0.317	-0.456	-0.297	-0.457	-0.320	-0.322	-0.322	-0.260	-0.322	+1.010	-0.532	-0.531	+1.016	-0.531	-0.523	+0.997	+0.386	+0.037	-0.435	-0.356	-0.531	-0.190	+1.030	-0.317	-0.349	+0.645	-0.307	-0.335	-0.322	+1.228	-0.499	+1.459	+0.878	+1.001	-0.510	+0.663	+0.114	+0.714	+0.130	+0.080	-0.092	+0.714	+0.546	-0.348	-0.490	-0.320	-0.480	-0.312	-0.484	-0.179	-0.175	-0.055	-0.305	-0.097	+1.380	-0.321	+0.076	-0.262	-0.254	-0.371	-0.266	-0.267	+0.735	-0.311	-0.335	-0.308	-0.307	-0.296	+0.650	-0.302	-0.330	-0.293	+0.225	-0.538	-0.101	-0.480	-0.280	-0.311	-0.300	-0.314	-0.530	+0.469	-0.539	-0.032	+0.529	-0.444	-0.538	-0.337	-0.302	-0.344	-0.191	-0.192	-0.299	+0.041	+0.042	-0.067	-0.544	-0.085	-0.303	-0.042	-0.534	-0.302	-0.543	-0.543	-0.534	-0.043	
rs12658215     -0.424	-0.486	+0.046	+0.071	-0.414	+0.543	+0.197	+0.218	-0.214	-0.415	-0.638	-0.424	-0.452	+0.895	+1.154	+0.521	+1.088	+0.585	+1.226	+0.598	+0.553	+1.574	+1.617	+1.561	+0.524	+1.410	+0.640	+0.651	+0.308	+1.320	+0.504	+0.611	+0.358	+0.570	+0.567	+0.507	+1.150	+0.377	+1.190	+0.384	+0.709	-0.608	-0.117	-0.543	-0.112	-0.095	-0.732	-0.070	-0.658	-0.417	+0.859	+0.781	-0.426	-0.429	-0.635	-0.404	-0.637	-0.433	-0.436	-0.436	-0.562	-0.436	+0.801	-0.734	-0.730	+0.807	-0.731	-0.732	+0.790	+0.060	-0.240	-0.684	-0.517	-0.736	-0.346	+0.821	-0.483	-0.635	+0.284	-0.609	-0.447	-0.439	+1.015	-0.668	+1.243	+0.650	+0.809	-0.684	+0.467	-0.185	+0.502	-0.047	-0.216	-0.210	+0.505	+0.332	-0.572	-0.704	-0.507	-0.707	-0.497	-0.700	-0.464	-0.460	-0.322	-0.449	-0.354	+1.144	-0.469	-0.142	-0.467	-0.457	-0.579	-0.471	-0.471	+0.537	-0.457	-0.523	-0.493	-0.492	-0.480	+0.451	-0.486	-0.534	-0.476	-0.092	-0.748	-0.312	-0.655	-0.423	-0.493	-0.480	-0.496	-0.729	+0.279	-0.743	-0.299	+0.340	-0.648	-0.741	-0.468	-0.457	-0.532	-0.427	-0.404	-0.453	-0.082	-0.082	-0.274	-0.748	-0.291	-0.458	-0.248	-0.739	-0.457	-0.748	-0.747	-0.737	-0.250	
rs212996       -0.588	-0.004	-0.459	-0.446	-0.256	-0.155	-0.374	-0.365	-0.415	-0.210	-0.440	-0.272	-0.370	+0.709	+0.977	+0.361	+0.906	+0.426	+1.053	+0.438	+0.498	+1.508	+1.549	+1.497	+0.473	+1.350	+0.592	+0.599	+0.279	+1.282	+0.460	+0.567	+0.326	+0.523	+0.520	+0.461	+1.117	+0.345	+1.166	+0.350	+0.759	-0.603	-0.013	-0.530	-0.007	+0.011	-0.707	+0.038	-0.647	-0.447	+0.912	+0.833	-0.455	-0.457	-0.624	-0.435	-0.626	-0.461	-0.462	-0.463	-0.473	-0.463	+0.853	-0.710	-0.707	+0.859	-0.708	-0.703	+0.842	+0.174	-0.153	-0.632	-0.517	-0.710	-0.346	+0.876	-0.478	-0.558	+0.424	-0.519	-0.477	-0.460	+1.072	-0.666	+1.365	+0.698	+0.898	-0.679	+0.474	-0.076	+0.593	-0.046	-0.108	-0.219	+0.534	+0.421	-0.510	-0.672	-0.483	-0.677	-0.474	-0.667	-0.375	-0.371	-0.239	-0.457	-0.277	+1.234	-0.474	-0.111	-0.457	-0.449	-0.549	-0.461	-0.461	+0.592	-0.464	-0.526	-0.470	-0.468	-0.456	+0.506	-0.463	-0.522	-0.453	+0.033	-0.721	-0.263	-0.637	-0.415	-0.483	-0.471	-0.486	-0.696	+0.327	-0.710	-0.212	+0.388	-0.623	-0.708	-0.468	-0.442	-0.518	-0.356	-0.357	-0.438	-0.044	-0.043	-0.226	-0.718	-0.244	-0.443	-0.199	-0.712	-0.443	-0.718	-0.717	-0.710	-0.201	
rs153912       -0.836	-0.570	-0.505	-0.481	-0.707	+0.200	-0.355	-0.335	-0.638	-0.440	-0.609	-0.720	-0.501	+0.778	+1.055	+0.333	+0.978	+0.401	+1.136	+0.414	+0.320	+1.358	+1.401	+1.345	+0.292	+1.196	+0.409	+0.421	+0.071	+1.110	+0.271	+0.380	+0.123	+0.337	+0.334	+0.272	+0.930	+0.142	+0.981	+0.144	+0.380	-0.976	-0.430	-0.914	-0.425	-0.407	-1.089	-0.378	-1.022	-0.797	+0.532	+0.454	-0.806	-0.808	-1.001	-0.785	-1.003	-0.812	-0.814	-0.815	-0.882	-0.815	+0.474	-1.091	-1.086	+0.480	-1.088	-1.088	+0.462	-0.248	-0.568	-1.024	-0.888	-1.092	-0.725	+0.495	-0.854	-0.963	-0.010	-0.931	-0.823	-0.830	+0.683	-1.039	+0.919	+0.297	+0.486	-1.053	+0.098	-0.516	+0.184	-0.406	-0.548	-0.598	+0.150	+0.012	-0.915	-1.054	-0.870	-1.056	-0.861	-1.048	-0.777	-0.773	-0.664	-0.832	-0.700	+0.781	-0.850	-0.485	-0.830	-0.821	-0.936	-0.833	-0.834	+0.179	-0.840	-0.890	-0.857	-0.855	-0.844	+0.093	-0.850	-0.896	-0.840	-0.419	-1.103	-0.654	-1.019	-0.814	-0.854	-0.841	-0.857	-1.087	-0.081	-1.099	-0.643	-0.023	-1.007	-1.097	-0.849	-0.842	-0.892	-0.760	-0.748	-0.839	-0.460	-0.460	-0.617	-1.104	-0.635	-0.843	-0.591	-1.096	-0.843	-1.104	-1.103	-1.095	-0.592	
rs153914       -0.589	-0.557	-0.215	-0.194	-0.374	+0.265	-0.093	-0.071	-0.424	-0.272	-0.720	-0.288	-0.319	+1.217	+1.511	+0.565	+1.437	+0.631	+1.594	+0.644	+0.917	+2.048	+2.098	+2.032	+0.880	+1.857	+0.999	+1.013	+0.610	+1.740	+0.837	+0.960	+0.668	+0.913	+0.910	+0.839	+1.538	+0.681	+1.563	+0.672	+0.658	-0.666	-0.155	-0.607	-0.150	-0.133	-0.803	-0.104	-0.718	-0.488	+0.810	+0.732	-0.497	-0.499	-0.697	-0.475	-0.699	-0.504	-0.506	-0.507	-0.627	-0.507	+0.752	-0.806	-0.801	+0.758	-0.803	-0.802	+0.740	+0.025	-0.301	-0.751	-0.572	-0.807	-0.404	+0.772	-0.537	-0.702	+0.259	-0.678	-0.512	-0.510	+0.959	-0.738	+1.151	+0.610	+0.736	-0.754	+0.421	-0.297	+0.447	-0.088	-0.327	-0.326	+0.463	+0.273	-0.654	-0.756	-0.575	-0.757	-0.566	-0.749	-0.514	-0.510	-0.428	-0.537	-0.458	+1.057	-0.556	-0.176	-0.505	-0.496	-0.646	-0.509	-0.509	+0.471	-0.545	-0.565	-0.562	-0.560	-0.548	+0.385	-0.555	-0.578	-0.544	-0.211	-0.812	-0.414	-0.730	-0.512	-0.563	-0.550	-0.567	-0.808	+0.210	-0.816	-0.409	+0.269	-0.719	-0.815	-0.555	-0.545	-0.603	-0.525	-0.502	-0.541	-0.221	-0.221	-0.380	-0.817	-0.397	-0.546	-0.355	-0.807	-0.545	-0.817	-0.817	-0.808	-0.356	
rs153916       -0.624	-0.064	-0.485	-0.471	-0.303	-0.171	-0.399	-0.388	-0.452	-0.370	-0.501	-0.319	-0.252	+0.712	+0.982	+0.358	+0.911	+0.424	+1.060	+0.436	+0.467	+1.489	+1.531	+1.478	+0.442	+1.330	+0.560	+0.567	+0.245	+1.261	+0.427	+0.534	+0.293	+0.491	+0.488	+0.428	+1.083	+0.311	+1.143	+0.316	+0.717	-0.641	-0.055	-0.569	-0.050	-0.032	-0.747	-0.004	-0.686	-0.484	+0.870	+0.791	-0.492	-0.494	-0.662	-0.472	-0.665	-0.498	-0.500	-0.500	-0.518	-0.500	+0.812	-0.750	-0.747	+0.818	-0.748	-0.744	+0.801	+0.132	-0.194	-0.674	-0.555	-0.751	-0.384	+0.834	-0.516	-0.602	+0.381	-0.564	-0.514	-0.497	+1.029	-0.705	+1.316	+0.660	+0.852	-0.718	+0.436	-0.121	+0.548	-0.084	-0.154	-0.257	+0.495	+0.376	-0.551	-0.713	-0.524	-0.717	-0.515	-0.707	-0.417	-0.413	-0.283	-0.498	-0.321	+1.184	-0.515	-0.149	-0.499	-0.490	-0.590	-0.503	-0.503	+0.547	-0.505	-0.567	-0.510	-0.509	-0.497	+0.461	-0.503	-0.563	-0.493	-0.014	-0.761	-0.306	-0.677	-0.456	-0.523	-0.512	-0.526	-0.737	+0.282	-0.751	-0.257	+0.342	-0.664	-0.749	-0.508	-0.483	-0.558	-0.400	-0.399	-0.479	-0.086	-0.086	-0.268	-0.759	-0.286	-0.484	-0.242	-0.753	-0.484	-0.759	-0.758	-0.751	-0.243	
rs150535       +0.726	+1.049	+0.708	+0.713	+1.238	+0.808	+0.742	+0.745	+0.895	+0.709	+0.778	+1.217	+0.712	+1.226	+1.381	+1.060	+1.302	+1.099	+1.468	+1.108	+1.179	+1.856	+1.890	+1.849	+1.162	+1.737	+1.258	+1.257	+1.050	+1.701	+1.164	+1.248	+1.077	+1.209	+1.206	+1.167	+1.577	+1.090	+1.642	+1.118	+2.062	+0.814	+1.662	+0.943	+1.669	+1.692	+0.678	+1.726	+0.760	+0.838	+2.213	+2.136	+0.831	+0.830	+0.799	+0.848	+0.796	+0.827	+0.825	+0.825	+0.931	+0.825	+2.157	+0.670	+0.663	+2.163	+0.666	+0.700	+2.146	+1.896	+1.470	+0.749	+0.918	+0.681	+1.149	+2.179	+0.939	+0.846	+2.109	+0.902	+0.801	+0.924	+2.465	+0.702	+2.765	+2.336	+2.213	+0.689	+2.075	+1.415	+1.859	+1.404	+1.376	+1.245	+2.124	+1.686	+0.866	+0.680	+0.884	+0.677	+0.893	+0.685	+0.999	+1.003	+1.207	+0.864	+1.160	+2.667	+0.849	+1.344	+0.880	+0.888	+0.818	+0.876	+0.876	+1.938	+0.859	+0.803	+0.898	+0.899	+0.912	+1.850	+0.905	+0.817	+0.916	+1.550	+0.637	+1.069	+0.697	+0.956	+0.849	+0.858	+0.847	+0.656	+1.662	+0.646	+1.246	+1.730	+0.747	+0.648	+0.851	+0.935	+0.824	+0.964	+0.982	+0.939	+1.287	+1.291	+1.105	+0.638	+1.087	+0.934	+1.130	+0.645	+0.934	+0.638	+0.639	+0.648	+1.129	
rs2548130      +0.990	+1.324	+0.963	+0.966	+1.533	+1.044	+0.990	+0.992	+1.154	+0.977	+1.055	+1.511	+0.982	+1.381	+1.506	+1.260	+1.444	+1.294	+1.516	+1.303	+1.375	+2.003	+2.035	+1.996	+1.360	+1.890	+1.452	+1.451	+1.260	+1.862	+1.364	+1.443	+1.284	+1.406	+1.403	+1.367	+1.746	+1.296	+1.815	+1.327	+2.317	+1.094	+1.968	+1.232	+1.975	+1.998	+0.951	+2.033	+1.037	+1.100	+2.469	+2.392	+1.093	+1.092	+1.079	+1.110	+1.076	+1.089	+1.088	+1.088	+1.194	+1.088	+2.413	+0.942	+0.934	+2.419	+0.938	+0.975	+2.402	+2.207	+1.770	+1.012	+1.201	+0.954	+1.444	+2.435	+1.222	+1.111	+2.418	+1.168	+1.062	+1.202	+2.716	+0.972	+3.013	+2.638	+2.451	+0.959	+2.371	+1.673	+2.097	+1.680	+1.635	+1.521	+2.420	+1.926	+1.128	+0.944	+1.150	+0.942	+1.160	+0.949	+1.257	+1.261	+1.469	+1.126	+1.423	+2.913	+1.112	+1.623	+1.144	+1.152	+1.083	+1.141	+1.141	+2.178	+1.122	+1.066	+1.165	+1.166	+1.178	+2.093	+1.172	+1.081	+1.182	+1.813	+0.903	+1.322	+0.961	+1.224	+1.113	+1.121	+1.111	+0.922	+1.905	+0.912	+1.509	+1.973	+1.014	+0.914	+1.115	+1.205	+1.089	+1.223	+1.239	+1.209	+1.542	+1.546	+1.360	+0.903	+1.343	+1.203	+1.385	+0.911	+1.204	+0.904	+0.904	+0.913	+1.384	
rs11747231     +0.505	+0.418	+0.567	+0.581	+0.571	+0.815	+0.653	+0.662	+0.521	+0.361	+0.333	+0.565	+0.358	+1.060	+1.260	+0.861	+1.208	+0.851	+1.319	+0.857	+1.402	+2.477	+2.518	+2.467	+1.381	+2.315	+1.526	+1.526	+1.210	+2.261	+1.397	+1.509	+1.248	+1.459	+1.457	+1.403	+2.111	+1.264	+2.130	+1.285	+1.528	+0.502	+1.204	+0.608	+1.210	+1.230	+0.336	+1.260	+0.442	+0.515	+1.668	+1.597	+0.508	+0.507	+0.479	+0.526	+0.475	+0.503	+0.502	+0.501	+0.510	+0.501	+1.618	+0.325	+0.318	+1.623	+0.321	+0.358	+1.609	+1.415	+1.011	+0.366	+0.621	+0.336	+0.841	+1.642	+0.648	+0.428	+1.638	+0.465	+0.490	+0.601	+1.879	+0.357	+2.224	+1.784	+1.758	+0.344	+1.524	+0.851	+1.448	+0.967	+0.821	+0.762	+1.574	+1.288	+0.449	+0.337	+0.516	+0.346	+0.524	+0.342	+0.579	+0.583	+0.718	+0.553	+0.685	+2.091	+0.535	+0.932	+0.582	+0.591	+0.463	+0.578	+0.578	+1.466	+0.546	+0.509	+0.528	+0.529	+0.540	+1.387	+0.534	+0.512	+0.543	+0.952	+0.294	+0.671	+0.357	+0.587	+0.521	+0.532	+0.519	+0.302	+1.220	+0.293	+0.746	+1.278	+0.395	+0.295	+0.512	+0.563	+0.489	+0.559	+0.590	+0.566	+0.839	+0.842	+0.700	+0.290	+0.684	+0.561	+0.723	+0.299	+0.562	+0.290	+0.290	+0.300	+0.722	
rs2548129      +0.922	+1.253	+0.898	+0.902	+1.458	+0.985	+0.927	+0.930	+1.088	+0.906	+0.978	+1.437	+0.911	+1.302	+1.444	+1.208	+1.436	+1.244	+1.515	+1.253	+1.321	+1.961	+1.994	+1.954	+1.305	+1.847	+1.398	+1.397	+1.202	+1.816	+1.308	+1.389	+1.227	+1.351	+1.349	+1.312	+1.698	+1.239	+1.767	+1.270	+2.246	+1.026	+1.893	+1.164	+1.900	+1.924	+0.883	+1.958	+0.969	+1.034	+2.398	+2.321	+1.027	+1.026	+1.011	+1.044	+1.008	+1.023	+1.021	+1.021	+1.124	+1.021	+2.342	+0.874	+0.866	+2.347	+0.869	+0.907	+2.331	+2.132	+1.696	+0.943	+1.133	+0.886	+1.375	+2.363	+1.154	+1.041	+2.342	+1.098	+0.996	+1.135	+2.644	+0.905	+2.937	+2.564	+2.378	+0.892	+2.298	+1.603	+2.026	+1.610	+1.564	+1.452	+2.347	+1.856	+1.060	+0.877	+1.082	+0.874	+1.092	+0.882	+1.188	+1.192	+1.399	+1.059	+1.353	+2.840	+1.044	+1.553	+1.076	+1.084	+1.015	+1.073	+1.072	+2.107	+1.054	+0.998	+1.097	+1.098	+1.111	+2.022	+1.104	+1.013	+1.114	+1.741	+0.835	+1.254	+0.893	+1.156	+1.045	+1.054	+1.043	+0.855	+1.836	+0.844	+1.439	+1.903	+0.947	+0.847	+1.047	+1.136	+1.021	+1.154	+1.171	+1.140	+1.474	+1.478	+1.292	+0.836	+1.274	+1.135	+1.316	+0.843	+1.135	+0.836	+0.837	+0.846	+1.315	
rs4130725      +0.581	+0.482	+0.627	+0.641	+0.636	+0.872	+0.712	+0.721	+0.585	+0.426	+0.401	+0.631	+0.424	+1.099	+1.294	+0.851	+1.244	+0.931	+1.351	+0.887	+1.456	+2.528	+2.569	+2.518	+1.435	+2.367	+1.582	+1.581	+1.266	+2.314	+1.453	+1.565	+1.304	+1.514	+1.511	+1.458	+2.166	+1.319	+2.184	+1.342	+1.588	+0.572	+1.284	+0.679	+1.290	+1.311	+0.405	+1.340	+0.510	+0.578	+1.727	+1.657	+0.571	+0.569	+0.548	+0.588	+0.545	+0.566	+0.564	+0.564	+0.577	+0.564	+1.677	+0.393	+0.386	+1.683	+0.389	+0.428	+1.669	+1.498	+1.088	+0.433	+0.692	+0.404	+0.914	+1.702	+0.719	+0.495	+1.721	+0.532	+0.552	+0.668	+1.941	+0.423	+2.289	+1.856	+1.821	+0.410	+1.593	+0.917	+1.511	+1.034	+0.887	+0.826	+1.644	+1.351	+0.513	+0.403	+0.581	+0.413	+0.589	+0.408	+0.645	+0.648	+0.783	+0.618	+0.751	+2.156	+0.601	+0.999	+0.650	+0.659	+0.529	+0.646	+0.646	+1.530	+0.611	+0.575	+0.593	+0.595	+0.605	+1.451	+0.599	+0.579	+0.608	+1.018	+0.360	+0.734	+0.422	+0.652	+0.586	+0.597	+0.584	+0.367	+1.283	+0.359	+0.812	+1.342	+0.461	+0.360	+0.576	+0.628	+0.555	+0.623	+0.653	+0.631	+0.900	+0.903	+0.763	+0.355	+0.747	+0.627	+0.786	+0.365	+0.627	+0.355	+0.356	+0.365	+0.785	
rs2432036      +1.064	+1.401	+1.034	+1.037	+1.616	+1.111	+1.060	+1.062	+1.226	+1.053	+1.136	+1.594	+1.060	+1.468	+1.516	+1.319	+1.515	+1.351	+1.585	+1.359	+1.419	+2.028	+2.060	+2.021	+1.404	+1.918	+1.495	+1.493	+1.309	+1.891	+1.409	+1.486	+1.332	+1.449	+1.447	+1.411	+1.777	+1.343	+1.847	+1.374	+2.384	+1.170	+2.064	+1.313	+2.070	+2.094	+1.029	+2.129	+1.112	+1.168	+2.535	+2.458	+1.162	+1.160	+1.156	+1.178	+1.153	+1.157	+1.156	+1.156	+1.271	+1.156	+2.479	+1.019	+1.011	+2.485	+1.014	+1.054	+2.468	+2.306	+1.861	+1.087	+1.278	+1.032	+1.526	+2.501	+1.299	+1.187	+2.516	+1.246	+1.130	+1.277	+2.787	+1.046	+3.078	+2.727	+2.514	+1.033	+2.457	+1.760	+2.161	+1.758	+1.721	+1.600	+2.507	+1.991	+1.203	+1.017	+1.223	+1.015	+1.232	+1.022	+1.331	+1.336	+1.551	+1.196	+1.505	+2.987	+1.182	+1.702	+1.215	+1.223	+1.157	+1.211	+1.211	+2.248	+1.191	+1.136	+1.237	+1.239	+1.251	+2.163	+1.245	+1.152	+1.255	+1.902	+0.976	+1.393	+1.032	+1.297	+1.183	+1.192	+1.182	+0.995	+1.975	+0.985	+1.593	+2.043	+1.089	+0.987	+1.183	+1.279	+1.161	+1.293	+1.310	+1.282	+1.613	+1.617	+1.431	+0.976	+1.414	+1.277	+1.455	+0.984	+1.278	+0.977	+0.977	+0.986	+1.454	
rs4352620      +0.594	+0.495	+0.640	+0.653	+0.649	+0.883	+0.724	+0.733	+0.598	+0.438	+0.414	+0.644	+0.436	+1.108	+1.303	+0.857	+1.253	+0.887	+1.359	+0.946	+1.465	+2.537	+2.578	+2.528	+1.444	+2.376	+1.591	+1.590	+1.276	+2.324	+1.462	+1.574	+1.313	+1.524	+1.520	+1.467	+2.176	+1.329	+2.194	+1.352	+1.597	+0.587	+1.304	+0.695	+1.310	+1.331	+0.420	+1.360	+0.525	+0.589	+1.735	+1.665	+0.582	+0.581	+0.563	+0.600	+0.560	+0.577	+0.576	+0.575	+0.590	+0.575	+1.685	+0.407	+0.400	+1.691	+0.403	+0.443	+1.677	+1.518	+1.106	+0.446	+0.708	+0.419	+0.931	+1.710	+0.734	+0.508	+1.741	+0.546	+0.564	+0.683	+1.949	+0.436	+2.299	+1.872	+1.830	+0.423	+1.607	+0.929	+1.521	+1.047	+0.899	+0.838	+1.659	+1.362	+0.525	+0.416	+0.594	+0.426	+0.601	+0.421	+0.657	+0.661	+0.796	+0.630	+0.763	+2.168	+0.613	+1.013	+0.664	+0.673	+0.542	+0.660	+0.660	+1.541	+0.623	+0.588	+0.606	+0.607	+0.617	+1.463	+0.612	+0.593	+0.621	+1.030	+0.373	+0.745	+0.435	+0.665	+0.598	+0.609	+0.596	+0.380	+1.295	+0.371	+0.824	+1.353	+0.474	+0.373	+0.588	+0.641	+0.567	+0.635	+0.665	+0.644	+0.910	+0.913	+0.774	+0.368	+0.758	+0.639	+0.796	+0.377	+0.640	+0.368	+0.368	+0.378	+0.795	
rs430575       +0.534	+0.747	+0.608	+0.622	+0.938	+0.865	+0.694	+0.702	+0.553	+0.498	+0.320	+0.917	+0.467	+1.179	+1.375	+1.402	+1.321	+1.456	+1.419	+1.465	+0.872	+1.693	+1.752	+1.669	+0.781	+1.475	+0.783	+0.796	+0.652	+1.332	+0.701	+0.756	+0.664	+0.736	+0.734	+0.700	+1.168	+0.657	+1.178	+0.622	+1.594	+0.431	+0.910	+0.511	+0.915	+0.933	+0.324	+0.957	+0.386	+0.580	+1.735	+1.662	+0.571	+0.569	+0.413	+0.591	+0.411	+0.565	+0.563	+0.563	+0.492	+0.563	+1.680	+0.320	+0.322	+1.685	+0.322	+0.328	+1.670	+1.094	+0.811	+0.376	+0.524	+0.321	+0.704	+1.697	+0.552	+0.423	+1.293	+0.458	+0.542	+0.601	+1.945	+0.377	+2.286	+1.723	+1.821	+0.363	+1.545	+1.140	+1.468	+0.991	+1.097	+0.993	+1.614	+1.300	+0.523	+0.339	+0.542	+0.324	+0.551	+0.340	+0.584	+0.588	+0.920	+0.583	+0.873	+2.025	+0.565	+0.851	+0.488	+0.494	+0.505	+0.485	+0.484	+1.420	+0.576	+0.431	+0.555	+0.556	+0.568	+1.341	+0.561	+0.438	+0.571	+1.275	+0.317	+0.843	+0.389	+0.619	+0.547	+0.559	+0.544	+0.377	+1.172	+0.355	+0.957	+1.231	+0.411	+0.360	+0.555	+0.593	+0.514	+0.724	+0.742	+0.597	+1.067	+1.070	+0.891	+0.336	+0.871	+0.592	+0.920	+0.339	+0.593	+0.337	+0.339	+0.347	+0.917	
rs367498       +1.616	+1.863	+1.528	+1.539	+2.072	+1.713	+1.600	+1.602	+1.574	+1.508	+1.358	+2.048	+1.489	+1.856	+2.003	+2.477	+1.961	+2.528	+2.028	+2.537	+1.693	+1.955	+1.956	+1.915	+1.713	+1.820	+1.614	+1.623	+1.710	+1.750	+1.652	+1.605	+1.691	+1.632	+1.636	+1.648	+1.709	+1.670	+1.683	+1.575	+2.657	+1.435	+1.950	+1.515	+1.955	+1.973	+1.361	+1.997	+1.397	+1.573	+2.797	+2.724	+1.565	+1.564	+1.422	+1.584	+1.420	+1.561	+1.559	+1.559	+1.571	+1.559	+2.742	+1.357	+1.359	+2.747	+1.358	+1.365	+2.732	+2.139	+1.851	+1.431	+1.517	+1.358	+1.689	+2.757	+1.542	+1.496	+2.330	+1.539	+1.533	+1.622	+3.026	+1.415	+3.221	+2.778	+2.745	+1.400	+2.610	+2.255	+2.378	+2.026	+2.210	+2.090	+2.680	+2.222	+1.549	+1.375	+1.577	+1.355	+1.585	+1.374	+1.592	+1.595	+2.007	+1.605	+1.956	+3.104	+1.589	+1.865	+1.526	+1.532	+1.550	+1.523	+1.522	+2.472	+1.600	+1.467	+1.589	+1.590	+1.601	+2.392	+1.595	+1.475	+1.604	+2.407	+1.350	+1.874	+1.411	+1.651	+1.575	+1.585	+1.572	+1.403	+2.212	+1.386	+2.053	+2.272	+1.454	+1.390	+1.567	+1.630	+1.545	+1.749	+1.775	+1.634	+2.079	+2.084	+1.923	+1.367	+1.902	+1.629	+1.951	+1.373	+1.629	+1.368	+1.370	+1.380	+1.949	
rs2545638      +1.659	+1.909	+1.569	+1.580	+2.121	+1.752	+1.641	+1.643	+1.617	+1.549	+1.401	+2.098	+1.531	+1.890	+2.035	+2.518	+1.994	+2.569	+2.060	+2.578	+1.752	+1.956	+2.001	+1.944	+1.775	+1.858	+1.664	+1.674	+1.772	+1.785	+1.708	+1.654	+1.752	+1.685	+1.688	+1.703	+1.753	+1.729	+1.717	+1.625	+2.699	+1.478	+1.993	+1.558	+1.997	+2.016	+1.404	+2.040	+1.440	+1.616	+2.840	+2.766	+1.608	+1.607	+1.465	+1.627	+1.463	+1.604	+1.602	+1.602	+1.614	+1.602	+2.784	+1.400	+1.402	+2.789	+1.402	+1.409	+2.774	+2.182	+1.894	+1.475	+1.560	+1.401	+1.732	+2.799	+1.585	+1.539	+2.372	+1.583	+1.576	+1.665	+3.069	+1.459	+3.264	+2.822	+2.787	+1.444	+2.655	+2.304	+2.419	+2.069	+2.258	+2.137	+2.725	+2.264	+1.593	+1.419	+1.621	+1.399	+1.629	+1.418	+1.635	+1.638	+2.054	+1.649	+2.003	+3.147	+1.632	+1.908	+1.568	+1.574	+1.594	+1.565	+1.565	+2.515	+1.643	+1.510	+1.633	+1.634	+1.645	+2.434	+1.639	+1.517	+1.648	+2.456	+1.393	+1.919	+1.454	+1.695	+1.618	+1.629	+1.616	+1.447	+2.255	+1.430	+2.101	+2.315	+1.497	+1.434	+1.611	+1.674	+1.589	+1.794	+1.820	+1.678	+2.124	+2.129	+1.968	+1.411	+1.947	+1.673	+1.996	+1.417	+1.673	+1.412	+1.414	+1.424	+1.994	
rs449732       +1.604	+1.847	+1.517	+1.528	+2.056	+1.703	+1.590	+1.591	+1.561	+1.497	+1.345	+2.032	+1.478	+1.849	+1.996	+2.467	+1.954	+2.518	+2.021	+2.528	+1.669	+1.915	+1.944	+1.941	+1.692	+1.807	+1.598	+1.607	+1.690	+1.738	+1.634	+1.589	+1.672	+1.615	+1.618	+1.630	+1.696	+1.651	+1.672	+1.559	+2.644	+1.422	+1.937	+1.502	+1.941	+1.960	+1.347	+1.984	+1.384	+1.561	+2.784	+2.711	+1.553	+1.552	+1.409	+1.572	+1.407	+1.548	+1.547	+1.547	+1.556	+1.546	+2.729	+1.343	+1.345	+2.734	+1.345	+1.352	+2.719	+2.126	+1.838	+1.417	+1.505	+1.344	+1.677	+2.744	+1.530	+1.481	+2.317	+1.525	+1.521	+1.610	+3.013	+1.402	+3.208	+2.764	+2.732	+1.387	+2.597	+2.239	+2.365	+2.013	+2.194	+2.078	+2.666	+2.210	+1.536	+1.362	+1.564	+1.342	+1.572	+1.361	+1.578	+1.582	+1.991	+1.592	+1.942	+3.090	+1.576	+1.852	+1.512	+1.519	+1.537	+1.509	+1.509	+2.460	+1.587	+1.454	+1.576	+1.577	+1.588	+2.379	+1.582	+1.461	+1.591	+2.391	+1.336	+1.861	+1.398	+1.638	+1.562	+1.573	+1.559	+1.390	+2.199	+1.372	+2.038	+2.260	+1.440	+1.377	+1.555	+1.616	+1.532	+1.736	+1.762	+1.620	+2.066	+2.071	+1.910	+1.353	+1.889	+1.615	+1.938	+1.359	+1.616	+1.355	+1.356	+1.367	+1.936	
rs255379       +0.507	+0.714	+0.584	+0.598	+0.901	+0.843	+0.671	+0.679	+0.524	+0.473	+0.292	+0.880	+0.442	+1.162	+1.360	+1.381	+1.305	+1.435	+1.404	+1.444	+0.781	+1.713	+1.775	+1.692	+0.841	+1.495	+0.776	+0.792	+0.635	+1.339	+0.690	+0.747	+0.649	+0.727	+0.725	+0.688	+1.171	+0.642	+1.171	+0.602	+1.567	+0.402	+0.881	+0.482	+0.886	+0.904	+0.295	+0.928	+0.357	+0.552	+1.708	+1.635	+0.543	+0.541	+0.384	+0.563	+0.382	+0.537	+0.535	+0.535	+0.463	+0.535	+1.653	+0.291	+0.293	+1.658	+0.293	+0.299	+1.643	+1.065	+0.781	+0.347	+0.495	+0.292	+0.674	+1.671	+0.523	+0.394	+1.264	+0.429	+0.514	+0.572	+1.916	+0.348	+2.256	+1.694	+1.792	+0.334	+1.517	+1.106	+1.439	+0.963	+1.063	+0.962	+1.584	+1.272	+0.494	+0.310	+0.514	+0.296	+0.522	+0.311	+0.556	+0.560	+0.888	+0.553	+0.841	+1.997	+0.535	+0.822	+0.459	+0.466	+0.476	+0.456	+0.456	+1.393	+0.547	+0.403	+0.526	+0.527	+0.539	+1.314	+0.532	+0.409	+0.542	+1.241	+0.288	+0.811	+0.360	+0.589	+0.518	+0.529	+0.515	+0.347	+1.145	+0.325	+0.925	+1.203	+0.382	+0.330	+0.525	+0.564	+0.485	+0.692	+0.711	+0.568	+1.035	+1.039	+0.860	+0.306	+0.839	+0.563	+0.889	+0.310	+0.564	+0.307	+0.309	+0.318	+0.886	
rs34894        +1.453	+1.684	+1.383	+1.394	+1.880	+1.578	+1.459	+1.461	+1.410	+1.350	+1.196	+1.857	+1.330	+1.737	+1.890	+2.315	+1.847	+2.367	+1.918	+2.376	+1.475	+1.820	+1.858	+1.807	+1.495	+1.784	+1.446	+1.454	+1.516	+1.646	+1.474	+1.439	+1.503	+1.460	+1.462	+1.470	+1.573	+1.485	+1.563	+1.404	+2.505	+1.274	+1.783	+1.355	+1.788	+1.806	+1.196	+1.830	+1.235	+1.411	+2.646	+2.573	+1.403	+1.402	+1.260	+1.421	+1.259	+1.398	+1.397	+1.396	+1.400	+1.396	+2.591	+1.192	+1.194	+2.596	+1.193	+1.200	+2.581	+1.971	+1.683	+1.268	+1.357	+1.193	+1.531	+2.606	+1.383	+1.325	+2.165	+1.368	+1.371	+1.454	+2.869	+1.252	+3.066	+2.605	+2.589	+1.237	+2.437	+2.074	+2.223	+1.857	+2.030	+1.924	+2.504	+2.066	+1.391	+1.211	+1.414	+1.191	+1.422	+1.210	+1.432	+1.436	+1.850	+1.439	+1.799	+2.937	+1.423	+1.698	+1.356	+1.363	+1.387	+1.353	+1.353	+2.308	+1.434	+1.300	+1.426	+1.427	+1.438	+2.227	+1.432	+1.306	+1.441	+2.225	+1.186	+1.715	+1.247	+1.487	+1.410	+1.420	+1.407	+1.240	+2.049	+1.222	+1.898	+2.110	+1.289	+1.227	+1.404	+1.465	+1.380	+1.590	+1.616	+1.469	+1.926	+1.930	+1.766	+1.203	+1.745	+1.464	+1.795	+1.209	+1.465	+1.205	+1.206	+1.217	+1.792	
rs2548127      +0.639	+0.851	+0.707	+0.721	+1.019	+0.962	+0.794	+0.803	+0.640	+0.592	+0.409	+0.999	+0.560	+1.258	+1.452	+1.526	+1.398	+1.582	+1.495	+1.591	+0.783	+1.614	+1.664	+1.598	+0.776	+1.446	+0.963	+0.885	+0.887	+1.375	+0.816	+0.859	+0.788	+0.829	+0.827	+0.806	+1.198	+0.769	+1.202	+0.702	+1.690	+0.525	+0.981	+0.611	+0.986	+1.003	+0.412	+1.028	+0.479	+0.682	+1.832	+1.759	+0.673	+0.671	+0.507	+0.694	+0.505	+0.667	+0.665	+0.665	+0.563	+0.665	+1.777	+0.408	+0.410	+1.782	+0.409	+0.415	+1.767	+1.162	+0.883	+0.458	+0.620	+0.409	+0.806	+1.795	+0.648	+0.499	+1.359	+0.532	+0.641	+0.693	+2.046	+0.469	+2.401	+1.794	+1.926	+0.455	+1.621	+1.236	+1.566	+1.070	+1.192	+1.105	+1.685	+1.397	+0.620	+0.426	+0.633	+0.409	+0.641	+0.426	+0.665	+0.669	+1.035	+0.681	+0.986	+2.126	+0.662	+0.922	+0.567	+0.574	+0.598	+0.564	+0.564	+1.513	+0.674	+0.513	+0.645	+0.647	+0.658	+1.434	+0.652	+0.519	+0.662	+1.373	+0.408	+0.967	+0.481	+0.710	+0.643	+0.655	+0.640	+0.476	+1.263	+0.449	+1.052	+1.322	+0.499	+0.454	+0.656	+0.685	+0.607	+0.826	+0.849	+0.689	+1.184	+1.188	+1.001	+0.428	+0.980	+0.684	+1.030	+0.432	+0.685	+0.429	+0.431	+0.441	+1.028	
rs2548126      +0.649	+0.866	+0.712	+0.727	+1.034	+0.966	+0.799	+0.808	+0.651	+0.599	+0.421	+1.013	+0.567	+1.257	+1.451	+1.526	+1.397	+1.581	+1.493	+1.590	+0.796	+1.623	+1.674	+1.607	+0.792	+1.454	+0.885	+0.976	+0.844	+1.367	+0.870	+0.852	+0.847	+0.862	+0.859	+0.846	+1.207	+0.811	+1.205	+0.718	+1.701	+0.535	+0.995	+0.619	+1.000	+1.018	+0.424	+1.042	+0.489	+0.698	+1.843	+1.770	+0.689	+0.687	+0.516	+0.710	+0.514	+0.683	+0.681	+0.681	+0.580	+0.681	+1.788	+0.420	+0.423	+1.793	+0.422	+0.427	+1.778	+1.177	+0.898	+0.469	+0.628	+0.420	+0.813	+1.805	+0.657	+0.514	+1.374	+0.548	+0.657	+0.710	+2.056	+0.479	+2.412	+1.807	+1.937	+0.465	+1.634	+1.250	+1.578	+1.082	+1.206	+1.109	+1.699	+1.408	+0.626	+0.438	+0.646	+0.422	+0.654	+0.439	+0.675	+0.679	+1.026	+0.695	+0.978	+2.138	+0.676	+0.937	+0.585	+0.591	+0.605	+0.582	+0.581	+1.526	+0.688	+0.529	+0.659	+0.660	+0.672	+1.447	+0.665	+0.535	+0.675	+1.387	+0.419	+0.965	+0.494	+0.724	+0.656	+0.668	+0.653	+0.485	+1.276	+0.462	+1.065	+1.335	+0.511	+0.468	+0.671	+0.699	+0.620	+0.841	+0.863	+0.703	+1.203	+1.207	+1.016	+0.441	+0.995	+0.698	+1.046	+0.445	+0.699	+0.443	+0.445	+0.454	+1.043	
rs2431344      +0.289	+0.461	+0.393	+0.408	+0.629	+0.669	+0.485	+0.494	+0.308	+0.279	+0.071	+0.610	+0.245	+1.050	+1.260	+1.210	+1.202	+1.266	+1.309	+1.276	+0.652	+1.710	+1.772	+1.690	+0.635	+1.516	+0.887	+0.844	+0.603	+1.482	+0.648	+0.842	+0.532	+0.728	+0.721	+0.639	+1.240	+0.526	+1.165	+0.469	+1.349	+0.184	+0.651	+0.266	+0.655	+0.673	+0.068	+0.698	+0.137	+0.336	+1.492	+1.418	+0.327	+0.325	+0.165	+0.348	+0.162	+0.321	+0.319	+0.319	+0.225	+0.319	+1.437	+0.064	+0.066	+1.442	+0.066	+0.071	+1.426	+0.832	+0.547	+0.117	+0.279	+0.065	+0.461	+1.455	+0.308	+0.159	+1.033	+0.191	+0.297	+0.347	+1.698	+0.125	+2.034	+1.453	+1.570	+0.111	+1.277	+0.853	+1.219	+0.730	+0.811	+0.738	+1.340	+1.052	+0.267	+0.083	+0.284	+0.068	+0.292	+0.084	+0.323	+0.327	+0.663	+0.334	+0.616	+1.781	+0.316	+0.592	+0.236	+0.243	+0.249	+0.233	+0.233	+1.176	+0.328	+0.180	+0.296	+0.297	+0.309	+1.096	+0.302	+0.185	+0.312	+0.983	+0.062	+0.607	+0.135	+0.356	+0.298	+0.310	+0.295	+0.122	+0.927	+0.096	+0.680	+0.985	+0.154	+0.101	+0.305	+0.331	+0.262	+0.469	+0.491	+0.335	+0.811	+0.814	+0.641	+0.077	+0.620	+0.330	+0.670	+0.082	+0.331	+0.079	+0.080	+0.090	+0.668	
rs2432034      +1.371	+1.566	+1.317	+1.329	+1.762	+1.523	+1.397	+1.400	+1.320	+1.282	+1.110	+1.740	+1.261	+1.701	+1.862	+2.261	+1.816	+2.314	+1.891	+2.324	+1.332	+1.750	+1.785	+1.738	+1.339	+1.646	+1.375	+1.367	+1.482	+1.687	+1.394	+1.380	+1.425	+1.380	+1.383	+1.390	+1.514	+1.405	+1.503	+1.319	+2.405	+1.192	+1.680	+1.278	+1.685	+1.703	+1.104	+1.727	+1.151	+1.329	+2.546	+2.473	+1.321	+1.319	+1.178	+1.340	+1.176	+1.316	+1.314	+1.314	+1.285	+1.314	+2.491	+1.099	+1.101	+2.497	+1.100	+1.107	+2.481	+1.866	+1.580	+1.168	+1.279	+1.101	+1.459	+2.507	+1.306	+1.216	+2.059	+1.256	+1.287	+1.368	+2.775	+1.166	+2.979	+2.498	+2.500	+1.150	+2.333	+1.975	+2.132	+1.756	+1.929	+1.855	+2.396	+1.975	+1.302	+1.120	+1.318	+1.096	+1.326	+1.118	+1.328	+1.332	+1.781	+1.358	+1.728	+2.852	+1.341	+1.596	+1.261	+1.268	+1.299	+1.258	+1.258	+2.220	+1.352	+1.206	+1.330	+1.331	+1.342	+2.139	+1.335	+1.212	+1.345	+2.124	+1.095	+1.662	+1.157	+1.389	+1.326	+1.337	+1.323	+1.155	+1.960	+1.132	+1.801	+2.020	+1.194	+1.137	+1.319	+1.368	+1.293	+1.511	+1.542	+1.371	+1.847	+1.852	+1.695	+1.112	+1.673	+1.367	+1.724	+1.118	+1.367	+1.114	+1.115	+1.127	+1.722	
rs34896        +0.496	+0.701	+0.572	+0.586	+0.857	+0.834	+0.660	+0.669	+0.504	+0.460	+0.271	+0.837	+0.427	+1.164	+1.364	+1.397	+1.308	+1.453	+1.409	+1.462	+0.701	+1.652	+1.708	+1.634	+0.690	+1.474	+0.816	+0.870	+0.648	+1.394	+0.816	+0.797	+0.669	+0.798	+0.791	+0.736	+1.220	+0.656	+1.173	+0.599	+1.551	+0.386	+0.847	+0.469	+0.852	+0.869	+0.272	+0.894	+0.339	+0.550	+1.693	+1.620	+0.541	+0.539	+0.367	+0.562	+0.365	+0.535	+0.533	+0.532	+0.427	+0.532	+1.638	+0.269	+0.271	+1.643	+0.271	+0.275	+1.628	+1.028	+0.748	+0.317	+0.480	+0.269	+0.664	+1.656	+0.509	+0.362	+1.227	+0.395	+0.509	+0.560	+1.903	+0.327	+2.251	+1.653	+1.781	+0.313	+1.479	+1.079	+1.425	+0.929	+1.036	+0.948	+1.543	+1.256	+0.473	+0.287	+0.494	+0.271	+0.503	+0.288	+0.526	+0.530	+0.862	+0.540	+0.816	+1.985	+0.521	+0.788	+0.436	+0.442	+0.452	+0.433	+0.432	+1.377	+0.533	+0.380	+0.507	+0.508	+0.520	+1.297	+0.513	+0.385	+0.523	+1.214	+0.267	+0.805	+0.342	+0.571	+0.503	+0.515	+0.500	+0.329	+1.127	+0.307	+0.901	+1.186	+0.359	+0.312	+0.517	+0.546	+0.467	+0.681	+0.703	+0.550	+1.040	+1.044	+0.854	+0.287	+0.833	+0.545	+0.883	+0.291	+0.545	+0.288	+0.290	+0.299	+0.881	
rs34897        +0.609	+0.815	+0.682	+0.697	+0.980	+0.941	+0.771	+0.780	+0.611	+0.567	+0.380	+0.960	+0.534	+1.248	+1.443	+1.509	+1.389	+1.565	+1.486	+1.574	+0.756	+1.605	+1.654	+1.589	+0.747	+1.439	+0.859	+0.852	+0.842	+1.380	+0.797	+0.930	+0.764	+0.816	+0.814	+0.789	+1.198	+0.745	+1.193	+0.678	+1.659	+0.498	+0.953	+0.583	+0.958	+0.976	+0.381	+1.000	+0.450	+0.653	+1.801	+1.728	+0.644	+0.642	+0.479	+0.665	+0.476	+0.638	+0.636	+0.636	+0.532	+0.636	+1.746	+0.377	+0.379	+1.752	+0.379	+0.384	+1.736	+1.135	+0.855	+0.427	+0.593	+0.378	+0.779	+1.764	+0.621	+0.468	+1.332	+0.500	+0.612	+0.664	+2.016	+0.438	+2.370	+1.763	+1.896	+0.423	+1.591	+1.205	+1.535	+1.038	+1.160	+1.073	+1.655	+1.366	+0.590	+0.396	+0.602	+0.378	+0.610	+0.396	+0.637	+0.641	+1.006	+0.647	+0.956	+2.092	+0.629	+0.890	+0.536	+0.542	+0.568	+0.533	+0.533	+1.482	+0.641	+0.481	+0.614	+0.616	+0.627	+1.402	+0.621	+0.488	+0.631	+1.341	+0.378	+0.933	+0.450	+0.679	+0.611	+0.622	+0.607	+0.445	+1.232	+0.418	+1.022	+1.290	+0.468	+0.423	+0.623	+0.654	+0.575	+0.794	+0.815	+0.658	+1.150	+1.154	+0.967	+0.397	+0.946	+0.653	+0.997	+0.400	+0.653	+0.398	+0.400	+0.409	+0.994	
rs45466        +0.340	+0.515	+0.438	+0.453	+0.687	+0.711	+0.529	+0.538	+0.358	+0.326	+0.123	+0.668	+0.293	+1.077	+1.284	+1.248	+1.227	+1.304	+1.332	+1.313	+0.664	+1.691	+1.752	+1.672	+0.649	+1.503	+0.788	+0.847	+0.532	+1.425	+0.669	+0.764	+0.658	+0.753	+0.746	+0.664	+1.242	+0.568	+1.158	+0.499	+1.398	+0.234	+0.705	+0.315	+0.710	+0.727	+0.121	+0.752	+0.188	+0.391	+1.540	+1.467	+0.382	+0.380	+0.215	+0.403	+0.213	+0.376	+0.374	+0.374	+0.281	+0.374	+1.485	+0.117	+0.120	+1.491	+0.119	+0.124	+1.475	+0.886	+0.602	+0.169	+0.328	+0.118	+0.510	+1.504	+0.358	+0.214	+1.087	+0.247	+0.353	+0.405	+1.748	+0.176	+2.085	+1.507	+1.621	+0.162	+1.332	+0.914	+1.271	+0.785	+0.871	+0.788	+1.396	+1.103	+0.316	+0.136	+0.337	+0.121	+0.346	+0.137	+0.373	+0.377	+0.702	+0.390	+0.656	+1.831	+0.371	+0.645	+0.292	+0.299	+0.299	+0.289	+0.289	+1.227	+0.383	+0.235	+0.350	+0.351	+0.362	+1.147	+0.356	+0.240	+0.366	+1.045	+0.114	+0.652	+0.189	+0.411	+0.353	+0.365	+0.349	+0.173	+0.978	+0.151	+0.739	+1.037	+0.207	+0.156	+0.360	+0.386	+0.317	+0.528	+0.550	+0.389	+0.873	+0.876	+0.701	+0.132	+0.680	+0.385	+0.731	+0.137	+0.385	+0.134	+0.135	+0.145	+0.728	
rs34898        +0.564	+0.773	+0.635	+0.650	+0.934	+0.895	+0.723	+0.732	+0.570	+0.523	+0.337	+0.913	+0.491	+1.209	+1.406	+1.459	+1.351	+1.514	+1.449	+1.524	+0.736	+1.632	+1.685	+1.615	+0.727	+1.460	+0.829	+0.862	+0.728	+1.380	+0.798	+0.816	+0.753	+0.887	+0.823	+0.791	+1.216	+0.732	+1.185	+0.652	+1.615	+0.453	+0.913	+0.537	+0.918	+0.935	+0.340	+0.960	+0.406	+0.616	+1.756	+1.683	+0.607	+0.605	+0.434	+0.628	+0.432	+0.601	+0.599	+0.598	+0.494	+0.598	+1.702	+0.336	+0.338	+1.707	+0.338	+0.343	+1.692	+1.094	+0.815	+0.384	+0.548	+0.336	+0.732	+1.719	+0.576	+0.428	+1.293	+0.462	+0.575	+0.627	+1.968	+0.394	+2.321	+1.719	+1.848	+0.380	+1.546	+1.158	+1.490	+0.995	+1.113	+1.020	+1.611	+1.321	+0.542	+0.354	+0.561	+0.338	+0.570	+0.355	+0.593	+0.597	+0.937	+0.607	+0.890	+2.051	+0.589	+0.853	+0.500	+0.507	+0.520	+0.497	+0.497	+1.442	+0.601	+0.445	+0.574	+0.575	+0.587	+1.362	+0.581	+0.451	+0.591	+1.293	+0.334	+0.876	+0.409	+0.639	+0.570	+0.582	+0.567	+0.399	+1.192	+0.376	+0.976	+1.250	+0.426	+0.381	+0.584	+0.614	+0.534	+0.751	+0.774	+0.618	+1.112	+1.116	+0.925	+0.355	+0.904	+0.613	+0.955	+0.359	+0.613	+0.357	+0.359	+0.368	+0.952	
