## Summary of overall evidence for association with region:
## log10(BF for region) = 1.60059
## p-value for region = NA

## BFs for choosing among multi-SNP models:
## log10(average 1-SNP BF) = 1.61245
## log10(average 2-SNP BF) = 1.57586

## Example posterior probabilities for multi-SNP models, based on default prior: [p(l) propto 0.5^l for l=1,2,...,L]
## posterior probability of 1-SNP = 0.685119
## posterior probability of 2-SNP = 0.314881

## log10(BF) for single SNP and pair of SNPs:
rs34021886     -0.155	-0.236	-0.251	-0.323	-0.239	-0.242	-0.143	-0.629	-0.625	-0.614	-0.623	-0.476	-0.691	-0.585	-0.588	-0.601	-0.588	-0.584	-0.620	-0.616	-0.583	-0.587	-0.562	-0.565	-0.324	+1.676	+1.602	+1.603	+1.324	-0.596	+1.307	+1.656	+1.689	+1.641	+1.614	+1.376	+1.653	+1.633	+1.642	+1.643	+1.646	+1.339	+1.331	+1.681	+1.702	+1.692	+1.694	+1.694	+1.492	+1.512	+1.492	-0.593	+1.703	+1.683	+1.489	+1.706	+1.708	+1.351	+1.699	+1.443	+1.695	+1.750	-0.548	+1.746	-0.592	+1.740	+1.744	+1.721	+1.990	+1.793	+1.651	+1.708	+1.694	+1.803	+1.651	+1.694	-0.574	+1.898	+1.574	-0.624	+0.396	+0.418	-0.631	-0.631	+1.621	+1.824	+1.792	-0.574	-0.631	-0.635	+0.324	-0.586	+1.585	-0.632	+1.758	+1.630	+1.610	+0.013	+1.601	+0.446	+0.259	+1.768	+0.411	+0.440	+0.457	-0.591	+1.658	+0.283	+0.311	+0.169	+0.446	+1.615	-0.590	+1.596	+0.421	+0.238	+0.223	+0.484	+0.421	+1.553	+0.423	+0.421	+1.567	+1.728	-0.590	
rs34907858     -0.236	-0.155	-0.250	-0.323	-0.239	-0.242	-0.143	-0.629	-0.624	-0.614	-0.623	-0.476	-0.691	-0.585	-0.588	-0.601	-0.587	-0.583	-0.619	-0.615	-0.583	-0.586	-0.562	-0.565	-0.324	+1.676	+1.602	+1.603	+1.324	-0.596	+1.307	+1.656	+1.689	+1.641	+1.614	+1.376	+1.653	+1.634	+1.642	+1.643	+1.646	+1.339	+1.332	+1.681	+1.702	+1.692	+1.694	+1.694	+1.492	+1.512	+1.492	-0.592	+1.703	+1.683	+1.489	+1.706	+1.709	+1.351	+1.699	+1.444	+1.695	+1.751	-0.547	+1.746	-0.592	+1.740	+1.744	+1.721	+1.990	+1.793	+1.651	+1.708	+1.695	+1.804	+1.651	+1.695	-0.574	+1.898	+1.574	-0.624	+0.396	+0.418	-0.631	-0.631	+1.621	+1.824	+1.792	-0.574	-0.631	-0.635	+0.325	-0.586	+1.585	-0.631	+1.758	+1.631	+1.610	+0.013	+1.601	+0.446	+0.259	+1.768	+0.412	+0.440	+0.457	-0.591	+1.658	+0.284	+0.311	+0.169	+0.446	+1.615	-0.590	+1.596	+0.421	+0.238	+0.223	+0.484	+0.421	+1.553	+0.423	+0.422	+1.567	+1.729	-0.589	
rs35637464     -0.251	-0.250	-0.174	-0.337	-0.241	-0.244	-0.138	-0.646	-0.641	-0.630	-0.640	-0.493	-0.707	-0.601	-0.605	-0.618	-0.604	-0.600	-0.636	-0.632	-0.599	-0.603	-0.578	-0.582	-0.341	+1.661	+1.586	+1.587	+1.310	-0.612	+1.294	+1.640	+1.673	+1.625	+1.598	+1.362	+1.637	+1.618	+1.626	+1.627	+1.630	+1.325	+1.318	+1.665	+1.686	+1.675	+1.678	+1.678	+1.478	+1.499	+1.479	-0.609	+1.687	+1.667	+1.475	+1.690	+1.692	+1.338	+1.683	+1.430	+1.679	+1.734	-0.564	+1.730	-0.609	+1.724	+1.728	+1.705	+1.974	+1.777	+1.635	+1.692	+1.678	+1.789	+1.634	+1.678	-0.590	+1.883	+1.558	-0.641	+0.379	+0.401	-0.648	-0.648	+1.604	+1.807	+1.776	-0.590	-0.648	-0.652	+0.308	-0.602	+1.568	-0.648	+1.741	+1.614	+1.594	-0.003	+1.585	+0.429	+0.242	+1.753	+0.394	+0.423	+0.440	-0.607	+1.642	+0.267	+0.295	+0.152	+0.429	+1.598	-0.607	+1.580	+0.404	+0.221	+0.207	+0.467	+0.404	+1.537	+0.408	+0.405	+1.551	+1.712	-0.606	
rs34813452     -0.323	-0.323	-0.337	-0.231	-0.264	-0.267	-0.143	-0.697	-0.693	-0.683	-0.692	-0.547	-0.759	-0.651	-0.655	-0.668	-0.654	-0.650	-0.688	-0.683	-0.649	-0.654	-0.629	-0.633	-0.393	+1.612	+1.537	+1.537	+1.266	-0.663	+1.249	+1.590	+1.623	+1.575	+1.549	+1.318	+1.587	+1.568	+1.577	+1.577	+1.580	+1.281	+1.273	+1.615	+1.637	+1.625	+1.629	+1.629	+1.428	+1.449	+1.429	-0.660	+1.638	+1.618	+1.425	+1.640	+1.643	+1.287	+1.634	+1.380	+1.629	+1.685	-0.615	+1.681	-0.660	+1.666	+1.678	+1.655	+1.924	+1.728	+1.585	+1.642	+1.628	+1.739	+1.584	+1.628	-0.641	+1.834	+1.507	-0.690	+0.320	+0.342	-0.698	-0.698	+1.549	+1.749	+1.718	-0.641	-0.697	-0.702	+0.254	-0.653	+1.518	-0.698	+1.684	+1.564	+1.544	-0.059	+1.534	+0.369	+0.189	+1.703	+0.335	+0.363	+0.381	-0.658	+1.592	+0.210	+0.238	+0.098	+0.370	+1.548	-0.658	+1.530	+0.345	+0.167	+0.152	+0.408	+0.345	+1.487	+0.351	+0.345	+1.501	+1.654	-0.657	
rs76680494     -0.239	-0.239	-0.241	-0.264	-0.084	-0.165	-0.095	-0.563	-0.560	-0.552	-0.560	-0.424	-0.624	-0.521	-0.524	-0.537	-0.523	-0.520	-0.552	-0.549	-0.519	-0.521	-0.497	-0.501	-0.258	+1.724	+1.651	+1.652	+1.362	-0.536	+1.345	+1.706	+1.739	+1.690	+1.663	+1.414	+1.702	+1.683	+1.691	+1.692	+1.695	+1.377	+1.370	+1.731	+1.752	+1.742	+1.744	+1.744	+1.530	+1.550	+1.530	-0.532	+1.753	+1.733	+1.527	+1.756	+1.758	+1.390	+1.749	+1.482	+1.745	+1.801	-0.487	+1.796	-0.532	+1.789	+1.794	+1.771	+2.038	+1.842	+1.701	+1.758	+1.744	+1.853	+1.701	+1.744	-0.514	+1.947	+1.626	-0.563	+0.477	+0.500	-0.570	-0.570	+1.677	+1.873	+1.842	-0.514	-0.570	-0.573	+0.405	-0.526	+1.635	-0.570	+1.807	+1.680	+1.660	+0.079	+1.651	+0.527	+0.339	+1.817	+0.492	+0.521	+0.539	-0.531	+1.708	+0.362	+0.390	+0.249	+0.527	+1.664	-0.530	+1.646	+0.503	+0.317	+0.296	+0.565	+0.502	+1.602	+0.493	+0.503	+1.617	+1.778	-0.529	
rs34510150     -0.242	-0.242	-0.244	-0.267	-0.165	-0.087	-0.089	-0.565	-0.562	-0.554	-0.562	-0.426	-0.626	-0.523	-0.526	-0.539	-0.526	-0.522	-0.554	-0.552	-0.521	-0.523	-0.500	-0.503	-0.261	+1.721	+1.648	+1.649	+1.359	-0.538	+1.343	+1.703	+1.736	+1.687	+1.660	+1.411	+1.699	+1.680	+1.688	+1.689	+1.692	+1.374	+1.368	+1.728	+1.749	+1.739	+1.741	+1.741	+1.527	+1.547	+1.527	-0.535	+1.750	+1.730	+1.524	+1.753	+1.755	+1.387	+1.746	+1.479	+1.742	+1.797	-0.490	+1.793	-0.535	+1.786	+1.791	+1.768	+2.035	+1.839	+1.698	+1.755	+1.741	+1.850	+1.698	+1.741	-0.516	+1.944	+1.623	-0.565	+0.474	+0.497	-0.572	-0.572	+1.673	+1.869	+1.838	-0.517	-0.572	-0.576	+0.403	-0.528	+1.632	-0.572	+1.804	+1.677	+1.657	+0.076	+1.648	+0.525	+0.337	+1.814	+0.490	+0.518	+0.536	-0.533	+1.705	+0.360	+0.388	+0.247	+0.525	+1.661	-0.533	+1.643	+0.500	+0.315	+0.293	+0.562	+0.499	+1.599	+0.490	+0.500	+1.614	+1.774	-0.532	
rs7040564      -0.143	-0.143	-0.138	-0.143	-0.095	-0.089	+0.035	-0.454	-0.451	-0.443	-0.451	-0.316	-0.514	-0.414	-0.417	-0.430	-0.416	-0.413	-0.442	-0.440	-0.412	-0.412	-0.390	-0.393	-0.149	+1.818	+1.746	+1.746	+1.448	-0.430	+1.431	+1.801	+1.834	+1.784	+1.758	+1.499	+1.796	+1.777	+1.786	+1.786	+1.789	+1.463	+1.457	+1.825	+1.847	+1.835	+1.839	+1.839	+1.615	+1.635	+1.616	-0.427	+1.848	+1.828	+1.612	+1.850	+1.853	+1.476	+1.844	+1.568	+1.840	+1.896	-0.381	+1.891	-0.427	+1.884	+1.889	+1.866	+2.131	+1.935	+1.797	+1.853	+1.840	+1.947	+1.796	+1.840	-0.409	+2.040	+1.722	-0.457	+0.591	+0.614	-0.463	-0.463	+1.774	+1.967	+1.937	-0.409	-0.463	-0.467	+0.520	-0.421	+1.730	-0.463	+1.902	+1.776	+1.755	+0.187	+1.746	+0.642	+0.453	+1.909	+0.607	+0.636	+0.653	-0.425	+1.803	+0.475	+0.503	+0.363	+0.642	+1.760	-0.425	+1.742	+0.617	+0.432	+0.406	+0.679	+0.617	+1.696	+0.600	+0.617	+1.712	+1.872	-0.424	
rs7028269      -0.629	-0.629	-0.646	-0.697	-0.563	-0.565	-0.454	-0.579	-0.758	-0.726	-0.757	-0.602	-1.050	-0.950	-0.954	-0.969	-0.953	-0.949	-0.994	-0.987	-0.948	-0.959	-0.932	-0.935	-0.710	+1.341	+1.266	+1.266	+1.049	-0.966	+1.032	+1.315	+1.348	+1.304	+1.278	+1.102	+1.316	+1.297	+1.305	+1.306	+1.309	+1.064	+1.056	+1.343	+1.365	+1.351	+1.357	+1.356	+1.209	+1.230	+1.210	-0.962	+1.365	+1.345	+1.206	+1.368	+1.371	+1.065	+1.362	+1.159	+1.356	+1.412	-0.923	+1.408	-0.962	+1.396	+1.406	+1.382	+1.654	+1.459	+1.312	+1.370	+1.355	+1.467	+1.311	+1.355	-0.944	+1.562	+1.232	-0.993	+0.073	+0.096	-1.001	-1.001	+1.262	+1.480	+1.448	-0.944	-1.000	-1.004	-0.008	-0.956	+1.245	-1.001	+1.414	+1.291	+1.270	-0.327	+1.260	+0.123	-0.074	+1.431	+0.088	+0.117	+0.135	-0.961	+1.318	-0.034	-0.005	-0.156	+0.123	+1.275	-0.961	+1.256	+0.098	-0.097	-0.106	+0.163	+0.097	+1.215	+0.104	+0.098	+1.227	+1.384	-0.960	
rs4284147      -0.625	-0.624	-0.641	-0.693	-0.560	-0.562	-0.451	-0.758	-0.572	-0.686	-0.724	-0.605	-1.043	-0.946	-0.950	-0.964	-0.949	-0.945	-0.987	-0.981	-0.944	-0.953	-0.927	-0.931	-0.706	+1.339	+1.263	+1.264	+1.043	-0.964	+1.026	+1.313	+1.345	+1.302	+1.275	+1.096	+1.313	+1.294	+1.303	+1.303	+1.306	+1.058	+1.050	+1.341	+1.362	+1.349	+1.354	+1.354	+1.201	+1.222	+1.202	-0.960	+1.363	+1.343	+1.199	+1.365	+1.368	+1.058	+1.359	+1.151	+1.354	+1.409	-0.921	+1.405	-0.960	+1.395	+1.403	+1.380	+1.652	+1.457	+1.309	+1.367	+1.353	+1.464	+1.309	+1.353	-0.942	+1.559	+1.230	-0.991	+0.092	+0.116	-0.998	-0.998	+1.256	+1.479	+1.447	-0.942	-0.997	-1.001	+0.005	-0.954	+1.242	-0.998	+1.413	+1.288	+1.268	-0.317	+1.258	+0.143	-0.061	+1.428	+0.107	+0.136	+0.155	-0.959	+1.316	-0.016	+0.013	-0.138	+0.143	+1.272	-0.959	+1.254	+0.117	-0.084	-0.094	+0.182	+0.117	+1.214	+0.115	+0.117	+1.224	+1.383	-0.958	
rs7850541      -0.614	-0.614	-0.630	-0.683	-0.552	-0.554	-0.443	-0.726	-0.686	-0.558	-0.698	-0.643	-1.028	-0.937	-0.940	-0.953	-0.939	-0.935	-0.975	-0.969	-0.935	-0.942	-0.917	-0.920	-0.695	+1.338	+1.263	+1.263	+1.032	-0.957	+1.014	+1.312	+1.344	+1.301	+1.274	+1.085	+1.313	+1.293	+1.302	+1.302	+1.305	+1.046	+1.038	+1.340	+1.361	+1.348	+1.353	+1.353	+1.193	+1.214	+1.194	-0.953	+1.362	+1.342	+1.190	+1.364	+1.367	+1.050	+1.358	+1.143	+1.353	+1.408	-0.915	+1.404	-0.953	+1.399	+1.402	+1.379	+1.653	+1.459	+1.309	+1.366	+1.352	+1.463	+1.308	+1.352	-0.935	+1.558	+1.231	-0.983	+0.121	+0.145	-0.990	-0.990	+1.252	+1.483	+1.451	-0.935	-0.990	-0.993	+0.031	-0.947	+1.242	-0.990	+1.417	+1.288	+1.267	-0.298	+1.257	+0.172	-0.036	+1.427	+0.136	+0.166	+0.184	-0.952	+1.315	+0.013	+0.042	-0.111	+0.172	+1.272	-0.952	+1.253	+0.146	-0.059	-0.074	+0.212	+0.146	+1.216	+0.136	+0.147	+1.224	+1.387	-0.951	
rs10793952     -0.623	-0.623	-0.640	-0.692	-0.560	-0.562	-0.451	-0.757	-0.724	-0.698	-0.570	-0.617	-1.040	-0.945	-0.949	-0.962	-0.948	-0.944	-0.985	-0.979	-0.943	-0.952	-0.926	-0.929	-0.704	+1.336	+1.261	+1.261	+1.036	-0.964	+1.019	+1.310	+1.343	+1.299	+1.272	+1.089	+1.311	+1.292	+1.300	+1.301	+1.304	+1.051	+1.043	+1.338	+1.359	+1.346	+1.351	+1.351	+1.196	+1.217	+1.196	-0.960	+1.360	+1.340	+1.193	+1.363	+1.365	+1.053	+1.356	+1.146	+1.351	+1.406	-0.921	+1.403	-0.960	+1.394	+1.401	+1.377	+1.650	+1.456	+1.307	+1.364	+1.350	+1.461	+1.306	+1.350	-0.942	+1.557	+1.228	-0.990	+0.097	+0.121	-0.997	-0.997	+1.252	+1.478	+1.446	-0.942	-0.997	-1.001	+0.010	-0.954	+1.240	-0.997	+1.412	+1.286	+1.265	-0.313	+1.255	+0.148	-0.057	+1.425	+0.112	+0.142	+0.160	-0.959	+1.313	-0.011	+0.019	-0.133	+0.148	+1.270	-0.959	+1.251	+0.123	-0.079	-0.090	+0.188	+0.122	+1.212	+0.119	+0.123	+1.222	+1.382	-0.958	
rs7028259      -0.476	-0.476	-0.493	-0.547	-0.424	-0.426	-0.316	-0.602	-0.605	-0.643	-0.617	-0.412	-0.865	-0.811	-0.814	-0.822	-0.813	-0.810	-0.838	-0.837	-0.809	-0.810	-0.788	-0.792	-0.565	+1.408	+1.334	+1.334	+1.075	-0.843	+1.058	+1.385	+1.417	+1.372	+1.345	+1.127	+1.383	+1.364	+1.373	+1.373	+1.376	+1.089	+1.081	+1.410	+1.431	+1.419	+1.423	+1.423	+1.247	+1.268	+1.248	-0.840	+1.432	+1.412	+1.245	+1.434	+1.437	+1.107	+1.428	+1.198	+1.423	+1.478	-0.803	+1.474	-0.840	+1.485	+1.472	+1.449	+1.726	+1.537	+1.380	+1.436	+1.423	+1.532	+1.379	+1.423	-0.824	+1.628	+1.305	-0.867	+0.318	+0.343	-0.872	-0.872	+1.337	+1.568	+1.536	-0.824	-0.872	-0.875	+0.212	-0.834	+1.314	-0.872	+1.503	+1.359	+1.339	-0.156	+1.329	+0.370	+0.142	+1.497	+0.333	+0.363	+0.382	-0.838	+1.386	+0.209	+0.239	+0.080	+0.370	+1.343	-0.838	+1.325	+0.343	+0.119	+0.096	+0.410	+0.343	+1.295	+0.310	+0.343	+1.296	+1.473	-0.837	
rs4489379      -0.691	-0.691	-0.707	-0.759	-0.624	-0.626	-0.514	-1.050	-1.043	-1.028	-1.040	-0.865	-0.646	-0.934	-0.940	-0.966	-0.938	-0.932	-1.007	-0.991	-0.931	-0.969	-0.936	-0.940	-0.744	+1.348	+1.270	+1.270	+0.976	-1.018	+0.959	+1.314	+1.347	+1.309	+1.282	+1.029	+1.321	+1.301	+1.310	+1.310	+1.313	+0.991	+0.983	+1.348	+1.370	+1.354	+1.361	+1.361	+1.157	+1.177	+1.157	-1.015	+1.370	+1.349	+1.154	+1.373	+1.376	+1.015	+1.366	+1.107	+1.360	+1.417	-0.979	+1.408	-1.015	+1.368	+1.411	+1.387	+1.658	+1.462	+1.314	+1.374	+1.359	+1.474	+1.313	+1.359	-0.995	+1.569	+1.256	-1.044	-0.027	-0.004	-1.052	-1.052	+1.307	+1.453	+1.421	-0.996	-1.052	-1.056	-0.105	-1.008	+1.246	-1.052	+1.387	+1.293	+1.272	-0.345	+1.262	+0.023	-0.170	+1.438	-0.011	+0.017	+0.035	-1.013	+1.322	-0.136	-0.108	-0.254	+0.023	+1.277	-1.013	+1.258	-0.001	-0.192	-0.099	+0.063	-0.002	+1.220	+0.172	-0.001	+1.227	+1.357	-1.012	
rs3761821      -0.585	-0.585	-0.601	-0.651	-0.521	-0.523	-0.414	-0.950	-0.946	-0.937	-0.945	-0.811	-0.934	-0.522	-0.651	-0.732	-0.651	-0.648	-0.529	-0.639	-0.648	-0.738	-0.748	-0.753	-0.655	+1.490	+1.413	+1.413	+1.065	-0.914	+1.048	+1.457	+1.490	+1.452	+1.425	+1.119	+1.463	+1.444	+1.453	+1.453	+1.456	+1.080	+1.072	+1.491	+1.512	+1.496	+1.504	+1.504	+1.226	+1.247	+1.226	-0.910	+1.513	+1.492	+1.223	+1.515	+1.518	+1.083	+1.508	+1.175	+1.503	+1.559	-0.874	+1.546	-0.910	+1.564	+1.554	+1.530	+1.812	+1.616	+1.458	+1.518	+1.502	+1.617	+1.458	+1.502	-0.891	+1.717	+1.422	-0.944	+0.136	+0.159	-0.951	-0.951	+1.504	+1.651	+1.617	-0.891	-0.951	-0.955	+0.053	-0.903	+1.391	-0.951	+1.584	+1.438	+1.417	-0.320	+1.406	+0.187	-0.013	+1.581	+0.151	+0.181	+0.199	-0.908	+1.467	+0.039	+0.068	-0.079	+0.187	+1.422	-0.908	+1.403	+0.162	-0.036	-0.105	+0.232	+0.161	+1.366	+0.099	+0.162	+1.372	+1.554	-0.907	
rs10793957     -0.588	-0.588	-0.605	-0.655	-0.524	-0.526	-0.417	-0.954	-0.950	-0.940	-0.949	-0.814	-0.940	-0.651	-0.526	-0.736	-0.655	-0.649	-0.562	-0.656	-0.649	-0.745	-0.752	-0.756	-0.656	+1.484	+1.407	+1.407	+1.068	-0.918	+1.050	+1.451	+1.484	+1.446	+1.419	+1.122	+1.457	+1.438	+1.447	+1.447	+1.450	+1.082	+1.075	+1.485	+1.506	+1.490	+1.498	+1.498	+1.228	+1.249	+1.229	-0.914	+1.507	+1.486	+1.225	+1.509	+1.512	+1.085	+1.502	+1.177	+1.497	+1.553	-0.878	+1.540	-0.914	+1.557	+1.548	+1.524	+1.806	+1.610	+1.452	+1.512	+1.496	+1.611	+1.452	+1.496	-0.895	+1.711	+1.415	-0.948	+0.130	+0.153	-0.955	-0.955	+1.494	+1.644	+1.611	-0.895	-0.955	-0.959	+0.047	-0.907	+1.385	-0.955	+1.578	+1.432	+1.411	-0.322	+1.400	+0.181	-0.019	+1.575	+0.145	+0.174	+0.193	-0.912	+1.461	+0.032	+0.062	-0.085	+0.181	+1.416	-0.912	+1.397	+0.155	-0.041	-0.107	+0.226	+0.155	+1.360	+0.099	+0.156	+1.366	+1.547	-0.911	
rs7023066      -0.601	-0.601	-0.618	-0.668	-0.537	-0.539	-0.430	-0.969	-0.964	-0.953	-0.962	-0.822	-0.966	-0.732	-0.736	-0.539	-0.735	-0.730	-0.711	-0.749	-0.730	-0.784	-0.782	-0.787	-0.668	+1.482	+1.405	+1.405	+1.051	-0.933	+1.034	+1.449	+1.482	+1.444	+1.417	+1.105	+1.456	+1.436	+1.445	+1.445	+1.448	+1.066	+1.058	+1.483	+1.505	+1.488	+1.496	+1.496	+1.212	+1.233	+1.212	-0.929	+1.505	+1.485	+1.209	+1.508	+1.511	+1.069	+1.501	+1.162	+1.495	+1.551	-0.893	+1.539	-0.929	+1.556	+1.547	+1.522	+1.802	+1.597	+1.450	+1.511	+1.495	+1.610	+1.450	+1.495	-0.910	+1.710	+1.413	-0.962	+0.138	+0.161	-0.969	-0.969	+1.491	+1.644	+1.611	-0.910	-0.969	-0.973	+0.052	-0.922	+1.383	-0.969	+1.578	+1.430	+1.409	-0.328	+1.398	+0.189	-0.014	+1.574	+0.153	+0.183	+0.201	-0.927	+1.459	+0.041	+0.071	-0.077	+0.189	+1.414	-0.927	+1.395	+0.164	-0.037	-0.112	+0.235	+0.163	+1.337	+0.088	+0.164	+1.364	+1.547	-0.926	
rs6597610      -0.588	-0.587	-0.604	-0.654	-0.523	-0.526	-0.416	-0.953	-0.949	-0.939	-0.948	-0.813	-0.938	-0.651	-0.655	-0.735	-0.525	-0.648	-0.547	-0.649	-0.647	-0.742	-0.750	-0.755	-0.656	+1.484	+1.407	+1.408	+1.067	-0.917	+1.049	+1.452	+1.485	+1.446	+1.419	+1.120	+1.458	+1.439	+1.447	+1.448	+1.451	+1.081	+1.073	+1.485	+1.507	+1.491	+1.498	+1.498	+1.227	+1.248	+1.227	-0.913	+1.507	+1.487	+1.224	+1.510	+1.513	+1.084	+1.503	+1.176	+1.497	+1.554	-0.877	+1.541	-0.913	+1.558	+1.549	+1.525	+1.806	+1.610	+1.453	+1.513	+1.497	+1.611	+1.452	+1.497	-0.894	+1.711	+1.416	-0.947	+0.131	+0.155	-0.954	-0.954	+1.497	+1.645	+1.612	-0.894	-0.954	-0.958	+0.048	-0.906	+1.386	-0.954	+1.579	+1.433	+1.412	-0.322	+1.401	+0.182	-0.018	+1.576	+0.146	+0.176	+0.194	-0.911	+1.462	+0.034	+0.063	-0.084	+0.182	+1.416	-0.911	+1.397	+0.157	-0.040	-0.107	+0.227	+0.156	+1.361	+0.099	+0.157	+1.367	+1.548	-0.910	
rs10736860     -0.584	-0.583	-0.600	-0.650	-0.520	-0.522	-0.413	-0.949	-0.945	-0.935	-0.944	-0.810	-0.932	-0.648	-0.649	-0.730	-0.648	-0.520	-0.514	-0.630	-0.645	-0.735	-0.746	-0.751	-0.654	+1.493	+1.415	+1.416	+1.065	-0.912	+1.047	+1.459	+1.493	+1.454	+1.427	+1.118	+1.466	+1.447	+1.455	+1.456	+1.459	+1.079	+1.071	+1.493	+1.515	+1.499	+1.506	+1.506	+1.225	+1.246	+1.226	-0.909	+1.515	+1.495	+1.222	+1.518	+1.521	+1.082	+1.511	+1.175	+1.505	+1.562	-0.873	+1.549	-0.909	+1.566	+1.557	+1.533	+1.815	+1.619	+1.461	+1.521	+1.505	+1.620	+1.460	+1.505	-0.889	+1.720	+1.425	-0.942	+0.139	+0.162	-0.949	-0.949	+1.508	+1.654	+1.620	-0.889	-0.949	-0.953	+0.055	-0.901	+1.394	-0.949	+1.587	+1.441	+1.420	-0.320	+1.409	+0.189	-0.011	+1.584	+0.153	+0.183	+0.201	-0.906	+1.470	+0.041	+0.071	-0.076	+0.189	+1.424	-0.906	+1.405	+0.164	-0.033	-0.105	+0.234	+0.163	+1.369	+0.099	+0.164	+1.375	+1.557	-0.905	
rs4962106      -0.620	-0.619	-0.636	-0.688	-0.552	-0.554	-0.442	-0.994	-0.987	-0.975	-0.985	-0.838	-1.007	-0.529	-0.562	-0.711	-0.547	-0.514	-0.573	-0.668	-0.511	-0.782	-0.742	-0.753	-0.644	+1.386	+1.310	+1.310	+1.136	-0.961	+1.118	+1.356	+1.389	+1.348	+1.322	+1.191	+1.360	+1.341	+1.349	+1.350	+1.353	+1.150	+1.143	+1.388	+1.409	+1.394	+1.401	+1.400	+1.288	+1.309	+1.288	-0.957	+1.410	+1.389	+1.285	+1.412	+1.415	+1.143	+1.405	+1.236	+1.400	+1.456	-0.916	+1.448	-0.957	+1.453	+1.451	+1.427	+1.704	+1.509	+1.356	+1.414	+1.400	+1.512	+1.355	+1.399	-0.938	+1.610	+1.298	-0.989	+0.054	+0.077	-0.997	-0.997	+1.352	+1.538	+1.506	-0.938	-0.996	-1.000	-0.023	-0.950	+1.289	-0.996	+1.472	+1.335	+1.314	-0.325	+1.304	+0.104	-0.088	+1.476	+0.070	+0.098	+0.116	-0.955	+1.363	-0.047	-0.018	-0.163	+0.105	+1.319	-0.955	+1.300	+0.080	-0.110	-0.106	+0.145	+0.079	+1.262	+0.121	+0.080	+1.270	+1.442	-0.954	
rs4962107      -0.616	-0.615	-0.632	-0.683	-0.549	-0.552	-0.440	-0.987	-0.981	-0.969	-0.979	-0.837	-0.991	-0.639	-0.656	-0.749	-0.649	-0.630	-0.668	-0.562	-0.629	-0.789	-0.765	-0.773	-0.659	+1.413	+1.337	+1.337	+1.102	-0.952	+1.084	+1.382	+1.415	+1.375	+1.349	+1.157	+1.387	+1.368	+1.376	+1.377	+1.380	+1.117	+1.109	+1.414	+1.436	+1.421	+1.428	+1.427	+1.258	+1.279	+1.258	-0.948	+1.436	+1.416	+1.255	+1.439	+1.442	+1.113	+1.432	+1.206	+1.427	+1.483	-0.909	+1.473	-0.948	+1.483	+1.478	+1.454	+1.732	+1.537	+1.382	+1.442	+1.426	+1.540	+1.382	+1.426	-0.929	+1.638	+1.332	-0.981	+0.075	+0.098	-0.988	-0.988	+1.394	+1.569	+1.536	-0.929	-0.988	-0.992	-0.004	-0.941	+1.316	-0.988	+1.503	+1.362	+1.341	-0.331	+1.331	+0.126	-0.069	+1.504	+0.090	+0.119	+0.137	-0.946	+1.391	-0.024	+0.005	-0.141	+0.126	+1.346	-0.946	+1.327	+0.101	-0.091	-0.113	+0.165	+0.100	+1.289	+0.107	+0.101	+1.297	+1.472	-0.945	
rs10793959     -0.583	-0.583	-0.599	-0.649	-0.519	-0.521	-0.412	-0.948	-0.944	-0.935	-0.943	-0.809	-0.931	-0.648	-0.649	-0.730	-0.647	-0.645	-0.511	-0.629	-0.519	-0.735	-0.745	-0.750	-0.654	+1.493	+1.416	+1.417	+1.065	-0.912	+1.047	+1.460	+1.493	+1.455	+1.428	+1.118	+1.467	+1.448	+1.456	+1.457	+1.460	+1.079	+1.071	+1.494	+1.516	+1.500	+1.507	+1.507	+1.225	+1.246	+1.226	-0.908	+1.516	+1.496	+1.222	+1.519	+1.522	+1.082	+1.512	+1.175	+1.506	+1.562	-0.872	+1.550	-0.908	+1.567	+1.558	+1.533	+1.816	+1.619	+1.462	+1.522	+1.506	+1.620	+1.461	+1.506	-0.889	+1.721	+1.426	-0.942	+0.139	+0.162	-0.949	-0.949	+1.509	+1.655	+1.621	-0.889	-0.949	-0.953	+0.056	-0.901	+1.395	-0.949	+1.588	+1.442	+1.421	-0.319	+1.410	+0.190	-0.010	+1.585	+0.154	+0.184	+0.202	-0.906	+1.471	+0.042	+0.071	-0.075	+0.190	+1.425	-0.906	+1.406	+0.165	-0.033	-0.104	+0.235	+0.164	+1.370	+0.099	+0.165	+1.376	+1.558	-0.905	
rs4246169      -0.587	-0.586	-0.603	-0.654	-0.521	-0.523	-0.412	-0.959	-0.953	-0.942	-0.952	-0.810	-0.969	-0.738	-0.745	-0.784	-0.742	-0.735	-0.782	-0.789	-0.735	-0.531	-0.652	-0.667	-0.627	+1.427	+1.351	+1.352	+1.175	-0.926	+1.157	+1.397	+1.431	+1.390	+1.363	+1.232	+1.402	+1.382	+1.391	+1.391	+1.394	+1.190	+1.182	+1.429	+1.450	+1.435	+1.442	+1.442	+1.330	+1.352	+1.331	-0.922	+1.451	+1.430	+1.327	+1.453	+1.456	+1.184	+1.446	+1.277	+1.441	+1.497	-0.883	+1.488	-0.922	+1.493	+1.492	+1.468	+1.748	+1.553	+1.397	+1.456	+1.441	+1.553	+1.396	+1.441	-0.904	+1.651	+1.347	-0.954	+0.127	+0.151	-0.961	-0.961	+1.419	+1.579	+1.546	-0.904	-0.961	-0.965	+0.045	-0.916	+1.330	-0.961	+1.513	+1.377	+1.356	-0.305	+1.345	+0.178	-0.021	+1.517	+0.142	+0.172	+0.190	-0.921	+1.405	+0.028	+0.057	-0.090	+0.178	+1.360	-0.920	+1.342	+0.153	-0.043	-0.090	+0.223	+0.152	+1.304	+0.129	+0.153	+1.312	+1.483	-0.919	
rs10901249     -0.562	-0.562	-0.578	-0.629	-0.497	-0.500	-0.390	-0.932	-0.927	-0.917	-0.926	-0.788	-0.936	-0.748	-0.752	-0.782	-0.750	-0.746	-0.742	-0.765	-0.745	-0.652	-0.501	-0.640	-0.622	+1.483	+1.406	+1.407	+1.140	-0.900	+1.122	+1.452	+1.485	+1.445	+1.418	+1.195	+1.457	+1.438	+1.446	+1.447	+1.450	+1.155	+1.147	+1.484	+1.506	+1.490	+1.497	+1.497	+1.297	+1.319	+1.298	-0.897	+1.506	+1.486	+1.294	+1.509	+1.512	+1.152	+1.502	+1.245	+1.497	+1.553	-0.860	+1.541	-0.897	+1.553	+1.548	+1.523	+1.808	+1.612	+1.452	+1.512	+1.496	+1.609	+1.451	+1.496	-0.878	+1.708	+1.415	-0.929	+0.183	+0.206	-0.936	-0.936	+1.505	+1.640	+1.607	-0.878	-0.936	-0.939	+0.096	-0.890	+1.384	-0.936	+1.573	+1.431	+1.410	-0.295	+1.400	+0.234	+0.029	+1.573	+0.197	+0.227	+0.246	-0.895	+1.460	+0.085	+0.115	-0.034	+0.234	+1.415	-0.895	+1.396	+0.208	+0.006	-0.079	+0.280	+0.207	+1.359	+0.128	+0.208	+1.366	+1.543	-0.894	
rs4275286      -0.565	-0.565	-0.582	-0.633	-0.501	-0.503	-0.393	-0.935	-0.931	-0.920	-0.929	-0.792	-0.940	-0.753	-0.756	-0.787	-0.755	-0.751	-0.753	-0.773	-0.750	-0.667	-0.640	-0.505	-0.624	+1.476	+1.400	+1.400	+1.146	-0.904	+1.128	+1.445	+1.478	+1.438	+1.411	+1.202	+1.450	+1.431	+1.439	+1.440	+1.443	+1.161	+1.153	+1.477	+1.499	+1.483	+1.490	+1.490	+1.303	+1.325	+1.304	-0.900	+1.499	+1.479	+1.300	+1.502	+1.505	+1.157	+1.495	+1.251	+1.490	+1.546	-0.863	+1.534	-0.900	+1.546	+1.541	+1.516	+1.801	+1.605	+1.445	+1.505	+1.489	+1.602	+1.445	+1.489	-0.882	+1.701	+1.407	-0.932	+0.177	+0.201	-0.939	-0.939	+1.497	+1.632	+1.600	-0.882	-0.939	-0.943	+0.091	-0.894	+1.378	-0.939	+1.566	+1.425	+1.403	-0.297	+1.393	+0.228	+0.024	+1.566	+0.192	+0.222	+0.240	-0.899	+1.453	+0.080	+0.110	-0.039	+0.228	+1.408	-0.898	+1.389	+0.203	+0.001	-0.081	+0.275	+0.202	+1.352	+0.128	+0.203	+1.359	+1.536	-0.897	
rs4962110      -0.324	-0.324	-0.341	-0.393	-0.258	-0.261	-0.149	-0.710	-0.706	-0.695	-0.704	-0.565	-0.744	-0.655	-0.656	-0.668	-0.656	-0.654	-0.644	-0.659	-0.654	-0.627	-0.622	-0.624	-0.244	+1.617	+1.542	+1.543	+1.346	-0.643	+1.329	+1.588	+1.621	+1.580	+1.554	+1.399	+1.592	+1.573	+1.581	+1.582	+1.585	+1.360	+1.351	+1.619	+1.640	+1.625	+1.631	+1.631	+1.521	+1.542	+1.521	-0.639	+1.640	+1.620	+1.518	+1.643	+1.645	+1.377	+1.636	+1.471	+1.631	+1.686	-0.601	+1.672	-0.639	+1.681	+1.681	+1.657	+1.933	+1.740	+1.588	+1.646	+1.631	+1.742	+1.587	+1.631	-0.617	+1.838	+1.573	-0.677	+0.248	+0.270	-0.685	-0.685	+1.734	+1.766	+1.734	-0.617	-0.685	-0.689	+0.177	-0.630	+1.523	-0.684	+1.702	+1.569	+1.549	-0.079	+1.539	+0.296	+0.114	+1.708	+0.262	+0.290	+0.307	-0.635	+1.597	+0.147	+0.174	+0.035	+0.296	+1.553	-0.635	+1.534	+0.272	+0.093	+0.123	+0.336	+0.272	+1.497	+0.325	+0.272	+1.505	+1.672	-0.634	
rs62574565     +1.676	+1.676	+1.661	+1.612	+1.724	+1.721	+1.818	+1.341	+1.339	+1.338	+1.336	+1.408	+1.348	+1.490	+1.484	+1.482	+1.484	+1.493	+1.386	+1.413	+1.493	+1.427	+1.483	+1.476	+1.617	+1.919	+1.876	+1.876	+1.738	+1.392	+1.729	+1.864	+1.882	+1.887	+1.879	+1.765	+1.892	+1.884	+1.887	+1.887	+1.888	+1.745	+1.742	+1.899	+1.910	+1.888	+1.903	+1.902	+1.858	+1.871	+1.859	+1.387	+1.908	+1.897	+1.857	+1.909	+1.909	+1.781	+1.904	+1.831	+1.899	+1.931	+1.385	+1.919	+1.383	+1.868	+1.926	+1.910	+2.101	+1.927	+1.869	+1.896	+1.891	+1.974	+1.869	+1.891	+1.365	+2.058	+1.799	+1.438	+1.597	+1.610	+1.449	+1.449	+1.877	+1.920	+1.899	+1.365	+1.448	+1.454	+1.535	+1.373	+1.832	+1.444	+1.879	+1.851	+1.842	+1.591	+1.836	+1.627	+1.503	+1.930	+1.608	+1.624	+1.634	+1.378	+1.862	+1.562	+1.578	+1.508	+1.627	+1.842	+1.377	+1.835	+1.614	+1.492	+1.645	+1.655	+1.613	+1.803	+1.771	+1.614	+1.824	+1.861	+1.377	
rs58081338     +1.602	+1.602	+1.586	+1.537	+1.651	+1.648	+1.746	+1.266	+1.263	+1.263	+1.261	+1.334	+1.270	+1.413	+1.407	+1.405	+1.407	+1.415	+1.310	+1.337	+1.416	+1.351	+1.406	+1.400	+1.542	+1.876	+1.839	+1.828	+1.688	+1.310	+1.679	+1.826	+1.847	+1.849	+1.835	+1.716	+1.857	+1.846	+1.851	+1.851	+1.853	+1.695	+1.692	+1.869	+1.886	+1.856	+1.876	+1.877	+1.811	+1.824	+1.812	+1.305	+1.883	+1.866	+1.810	+1.885	+1.887	+1.732	+1.878	+1.783	+1.871	+1.913	+1.303	+1.896	+1.302	+1.831	+1.907	+1.887	+2.108	+1.901	+1.832	+1.868	+1.862	+1.962	+1.831	+1.862	+1.285	+2.064	+1.753	+1.354	+1.532	+1.545	+1.364	+1.364	+1.831	+1.887	+1.865	+1.285	+1.364	+1.369	+1.470	+1.292	+1.784	+1.360	+1.843	+1.809	+1.797	+1.521	+1.790	+1.562	+1.436	+1.905	+1.543	+1.559	+1.569	+1.296	+1.825	+1.496	+1.512	+1.440	+1.562	+1.799	+1.296	+1.788	+1.549	+1.426	+1.578	+1.591	+1.548	+1.753	+1.705	+1.549	+1.774	+1.824	+1.295	
rs62574567     +1.603	+1.603	+1.587	+1.537	+1.652	+1.649	+1.746	+1.266	+1.264	+1.263	+1.261	+1.334	+1.270	+1.413	+1.407	+1.405	+1.408	+1.416	+1.310	+1.337	+1.417	+1.352	+1.407	+1.400	+1.543	+1.876	+1.828	+1.839	+1.688	+1.311	+1.679	+1.827	+1.848	+1.849	+1.835	+1.716	+1.857	+1.846	+1.851	+1.851	+1.853	+1.695	+1.693	+1.870	+1.886	+1.856	+1.876	+1.877	+1.812	+1.824	+1.812	+1.306	+1.884	+1.867	+1.810	+1.885	+1.887	+1.732	+1.878	+1.783	+1.871	+1.914	+1.304	+1.896	+1.303	+1.831	+1.908	+1.887	+2.108	+1.901	+1.832	+1.869	+1.862	+1.962	+1.832	+1.862	+1.285	+2.064	+1.753	+1.355	+1.533	+1.546	+1.365	+1.365	+1.831	+1.887	+1.865	+1.285	+1.364	+1.370	+1.470	+1.292	+1.785	+1.360	+1.843	+1.809	+1.798	+1.521	+1.791	+1.563	+1.437	+1.905	+1.543	+1.559	+1.569	+1.297	+1.825	+1.496	+1.512	+1.441	+1.563	+1.799	+1.297	+1.788	+1.549	+1.426	+1.578	+1.591	+1.549	+1.754	+1.706	+1.549	+1.774	+1.824	+1.296	
rs60484807     +1.324	+1.324	+1.310	+1.266	+1.362	+1.359	+1.448	+1.049	+1.043	+1.032	+1.036	+1.075	+0.976	+1.065	+1.068	+1.051	+1.067	+1.065	+1.136	+1.102	+1.065	+1.175	+1.140	+1.146	+1.346	+1.738	+1.688	+1.688	+1.567	+1.197	+1.529	+1.731	+1.753	+1.713	+1.695	+1.570	+1.721	+1.707	+1.713	+1.713	+1.715	+1.543	+1.529	+1.739	+1.753	+1.749	+1.748	+1.747	+1.560	+1.575	+1.561	+1.188	+1.754	+1.740	+1.558	+1.755	+1.757	+1.469	+1.751	+1.526	+1.748	+1.786	+1.201	+1.786	+1.183	+1.827	+1.782	+1.766	+1.972	+1.838	+1.719	+1.759	+1.748	+1.825	+1.719	+1.748	+1.153	+1.894	+1.691	+1.278	+1.804	+1.824	+1.296	+1.296	+1.839	+1.885	+1.863	+1.153	+1.294	+1.303	+1.677	+1.166	+1.678	+1.289	+1.841	+1.708	+1.694	+1.220	+1.688	+1.849	+1.623	+1.803	+1.819	+1.844	+1.859	+1.174	+1.726	+1.776	+1.803	+1.687	+1.849	+1.697	+1.173	+1.686	+1.828	+1.605	+1.327	+1.899	+1.827	+1.667	+1.371	+1.828	+1.666	+1.820	+1.172	
rs7857390      -0.596	-0.596	-0.612	-0.663	-0.536	-0.538	-0.430	-0.966	-0.964	-0.957	-0.964	-0.843	-1.018	-0.914	-0.918	-0.933	-0.917	-0.912	-0.961	-0.952	-0.912	-0.926	-0.900	-0.904	-0.643	+1.392	+1.310	+1.311	+1.197	-0.539	+1.177	+1.358	+1.393	+1.351	+1.323	+1.259	+1.364	+1.343	+1.352	+1.353	+1.356	+1.212	+1.200	+1.392	+1.414	+1.397	+1.405	+1.405	+1.448	+1.474	+1.448	-0.691	+1.415	+1.393	+1.444	+1.417	+1.420	+1.281	+1.410	+1.384	+1.404	+1.463	-0.774	+1.451	-0.702	+1.481	+1.458	+1.433	+1.699	+1.495	+1.356	+1.419	+1.403	+1.524	+1.355	+1.403	-0.690	+1.623	+1.259	-0.792	+1.176	+1.215	-0.793	-0.793	+1.237	+1.575	+1.539	-0.691	-0.793	-0.794	+1.171	-0.708	+1.282	-0.796	+1.500	+1.331	+1.309	+0.056	+1.299	+1.254	+1.046	+1.482	+1.193	+1.244	+1.274	-0.717	+1.361	+0.900	+0.946	+0.681	+1.254	+1.314	-0.717	+1.294	+1.212	+1.006	+0.545	+1.303	+1.210	+1.260	+0.833	+1.212	+1.262	+1.466	-0.716	
rs12554580     +1.307	+1.307	+1.294	+1.249	+1.345	+1.343	+1.431	+1.032	+1.026	+1.014	+1.019	+1.058	+0.959	+1.048	+1.050	+1.034	+1.049	+1.047	+1.118	+1.084	+1.047	+1.157	+1.122	+1.128	+1.329	+1.729	+1.679	+1.679	+1.529	+1.177	+1.549	+1.722	+1.744	+1.704	+1.686	+1.565	+1.712	+1.699	+1.704	+1.705	+1.707	+1.535	+1.521	+1.730	+1.744	+1.741	+1.739	+1.739	+1.554	+1.569	+1.554	+1.167	+1.745	+1.732	+1.552	+1.747	+1.749	+1.460	+1.743	+1.519	+1.739	+1.778	+1.181	+1.778	+1.162	+1.818	+1.774	+1.758	+1.964	+1.829	+1.711	+1.751	+1.740	+1.817	+1.710	+1.740	+1.133	+1.886	+1.682	+1.257	+1.788	+1.808	+1.274	+1.274	+1.829	+1.876	+1.854	+1.133	+1.273	+1.282	+1.661	+1.146	+1.668	+1.267	+1.832	+1.699	+1.685	+1.204	+1.679	+1.833	+1.607	+1.794	+1.803	+1.828	+1.843	+1.154	+1.717	+1.759	+1.787	+1.670	+1.833	+1.688	+1.153	+1.676	+1.812	+1.590	+1.312	+1.883	+1.811	+1.658	+1.357	+1.812	+1.657	+1.811	+1.152	
rs12554336     +1.656	+1.656	+1.640	+1.590	+1.706	+1.703	+1.801	+1.315	+1.313	+1.312	+1.310	+1.385	+1.314	+1.457	+1.451	+1.449	+1.452	+1.459	+1.356	+1.382	+1.460	+1.397	+1.452	+1.445	+1.588	+1.864	+1.826	+1.827	+1.731	+1.358	+1.722	+1.896	+1.907	+1.844	+1.832	+1.759	+1.850	+1.841	+1.845	+1.845	+1.847	+1.738	+1.735	+1.863	+1.875	+1.863	+1.869	+1.869	+1.854	+1.867	+1.855	+1.353	+1.875	+1.862	+1.853	+1.876	+1.878	+1.775	+1.872	+1.826	+1.867	+1.902	+1.351	+1.894	+1.350	+1.860	+1.897	+1.881	+2.077	+1.913	+1.839	+1.870	+1.863	+1.939	+1.838	+1.863	+1.333	+2.015	+1.781	+1.402	+1.581	+1.594	+1.413	+1.413	+1.872	+1.914	+1.893	+1.333	+1.412	+1.418	+1.517	+1.340	+1.801	+1.408	+1.872	+1.823	+1.813	+1.571	+1.807	+1.611	+1.484	+1.905	+1.591	+1.607	+1.617	+1.344	+1.837	+1.545	+1.561	+1.489	+1.611	+1.814	+1.344	+1.805	+1.597	+1.474	+1.628	+1.640	+1.597	+1.778	+1.755	+1.597	+1.792	+1.854	+1.343	
rs12554595     +1.689	+1.689	+1.673	+1.623	+1.739	+1.736	+1.834	+1.348	+1.345	+1.344	+1.343	+1.417	+1.347	+1.490	+1.484	+1.482	+1.485	+1.493	+1.389	+1.415	+1.493	+1.431	+1.485	+1.478	+1.621	+1.882	+1.847	+1.848	+1.753	+1.393	+1.744	+1.907	+1.932	+1.865	+1.852	+1.780	+1.870	+1.860	+1.864	+1.864	+1.865	+1.760	+1.758	+1.880	+1.891	+1.880	+1.886	+1.885	+1.875	+1.888	+1.876	+1.388	+1.891	+1.879	+1.874	+1.892	+1.893	+1.797	+1.888	+1.848	+1.884	+1.915	+1.386	+1.908	+1.385	+1.877	+1.911	+1.896	+2.082	+1.926	+1.857	+1.886	+1.879	+1.950	+1.857	+1.879	+1.368	+2.021	+1.802	+1.439	+1.609	+1.622	+1.449	+1.449	+1.893	+1.929	+1.909	+1.367	+1.448	+1.454	+1.546	+1.375	+1.823	+1.445	+1.889	+1.843	+1.833	+1.601	+1.828	+1.639	+1.513	+1.919	+1.619	+1.636	+1.646	+1.379	+1.855	+1.574	+1.590	+1.518	+1.639	+1.834	+1.379	+1.826	+1.625	+1.503	+1.657	+1.668	+1.625	+1.800	+1.784	+1.626	+1.814	+1.871	+1.378	
rs12554339     +1.641	+1.641	+1.625	+1.575	+1.690	+1.687	+1.784	+1.304	+1.302	+1.301	+1.299	+1.372	+1.309	+1.452	+1.446	+1.444	+1.446	+1.454	+1.348	+1.375	+1.455	+1.390	+1.445	+1.438	+1.580	+1.887	+1.849	+1.849	+1.713	+1.351	+1.704	+1.844	+1.865	+1.879	+1.854	+1.741	+1.877	+1.862	+1.866	+1.867	+1.868	+1.720	+1.718	+1.883	+1.897	+1.871	+1.889	+1.888	+1.835	+1.847	+1.835	+1.346	+1.895	+1.881	+1.833	+1.897	+1.897	+1.756	+1.891	+1.807	+1.885	+1.922	+1.345	+1.907	+1.343	+1.849	+1.917	+1.897	+2.103	+1.913	+1.850	+1.882	+1.876	+1.965	+1.850	+1.876	+1.325	+2.057	+1.776	+1.396	+1.565	+1.578	+1.407	+1.407	+1.855	+1.903	+1.882	+1.325	+1.406	+1.412	+1.503	+1.333	+1.808	+1.403	+1.861	+1.830	+1.819	+1.556	+1.813	+1.595	+1.470	+1.916	+1.575	+1.591	+1.601	+1.338	+1.843	+1.529	+1.545	+1.474	+1.595	+1.820	+1.337	+1.812	+1.581	+1.459	+1.612	+1.623	+1.581	+1.778	+1.738	+1.581	+1.799	+1.842	+1.336	
rs10901253     +1.614	+1.614	+1.598	+1.549	+1.663	+1.660	+1.758	+1.278	+1.275	+1.274	+1.272	+1.345	+1.282	+1.425	+1.419	+1.417	+1.419	+1.427	+1.322	+1.349	+1.428	+1.363	+1.418	+1.411	+1.554	+1.879	+1.835	+1.835	+1.695	+1.323	+1.686	+1.832	+1.852	+1.854	+1.851	+1.723	+1.861	+1.851	+1.856	+1.856	+1.858	+1.702	+1.700	+1.875	+1.891	+1.861	+1.881	+1.882	+1.818	+1.831	+1.818	+1.318	+1.888	+1.872	+1.816	+1.890	+1.892	+1.739	+1.883	+1.790	+1.876	+1.917	+1.316	+1.900	+1.315	+1.836	+1.912	+1.891	+2.108	+1.905	+1.838	+1.874	+1.867	+1.965	+1.838	+1.867	+1.297	+2.065	+1.760	+1.367	+1.542	+1.555	+1.378	+1.378	+1.838	+1.892	+1.870	+1.297	+1.377	+1.383	+1.479	+1.305	+1.792	+1.373	+1.848	+1.816	+1.805	+1.531	+1.798	+1.572	+1.446	+1.909	+1.552	+1.568	+1.579	+1.309	+1.831	+1.506	+1.522	+1.450	+1.572	+1.806	+1.309	+1.796	+1.558	+1.436	+1.588	+1.600	+1.558	+1.761	+1.715	+1.558	+1.782	+1.829	+1.308	
rs10751502     +1.376	+1.376	+1.362	+1.318	+1.414	+1.411	+1.499	+1.102	+1.096	+1.085	+1.089	+1.127	+1.029	+1.119	+1.122	+1.105	+1.120	+1.118	+1.191	+1.157	+1.118	+1.232	+1.195	+1.202	+1.399	+1.765	+1.716	+1.716	+1.570	+1.259	+1.565	+1.759	+1.780	+1.741	+1.723	+1.622	+1.748	+1.735	+1.741	+1.741	+1.743	+1.573	+1.561	+1.766	+1.779	+1.776	+1.774	+1.774	+1.582	+1.596	+1.583	+1.249	+1.780	+1.767	+1.581	+1.782	+1.783	+1.498	+1.777	+1.551	+1.774	+1.812	+1.265	+1.812	+1.245	+1.854	+1.808	+1.792	+1.994	+1.863	+1.746	+1.785	+1.775	+1.849	+1.746	+1.775	+1.214	+1.917	+1.720	+1.343	+1.852	+1.873	+1.362	+1.362	+1.871	+1.911	+1.890	+1.214	+1.360	+1.369	+1.725	+1.227	+1.706	+1.355	+1.868	+1.735	+1.722	+1.267	+1.716	+1.898	+1.671	+1.828	+1.868	+1.892	+1.908	+1.235	+1.753	+1.825	+1.853	+1.737	+1.898	+1.725	+1.235	+1.714	+1.877	+1.653	+1.373	+1.948	+1.876	+1.696	+1.415	+1.877	+1.695	+1.848	+1.234	
rs11244052     +1.653	+1.653	+1.637	+1.587	+1.702	+1.699	+1.796	+1.316	+1.313	+1.313	+1.311	+1.383	+1.321	+1.463	+1.457	+1.456	+1.458	+1.466	+1.360	+1.387	+1.467	+1.402	+1.457	+1.450	+1.592	+1.892	+1.857	+1.857	+1.721	+1.364	+1.712	+1.850	+1.870	+1.877	+1.861	+1.748	+1.892	+1.870	+1.873	+1.874	+1.875	+1.727	+1.725	+1.890	+1.904	+1.878	+1.896	+1.895	+1.842	+1.854	+1.842	+1.359	+1.902	+1.888	+1.840	+1.903	+1.904	+1.764	+1.897	+1.814	+1.892	+1.927	+1.358	+1.913	+1.356	+1.855	+1.922	+1.903	+2.105	+1.918	+1.858	+1.888	+1.883	+1.969	+1.858	+1.883	+1.338	+2.060	+1.783	+1.410	+1.575	+1.588	+1.420	+1.421	+1.861	+1.908	+1.887	+1.338	+1.420	+1.426	+1.512	+1.346	+1.818	+1.416	+1.866	+1.838	+1.828	+1.566	+1.822	+1.604	+1.480	+1.921	+1.585	+1.601	+1.611	+1.350	+1.850	+1.539	+1.555	+1.484	+1.604	+1.829	+1.350	+1.821	+1.591	+1.469	+1.622	+1.633	+1.590	+1.787	+1.748	+1.591	+1.809	+1.848	+1.349	
rs11244053     +1.633	+1.634	+1.618	+1.568	+1.683	+1.680	+1.777	+1.297	+1.294	+1.293	+1.292	+1.364	+1.301	+1.444	+1.438	+1.436	+1.439	+1.447	+1.341	+1.368	+1.448	+1.382	+1.438	+1.431	+1.573	+1.884	+1.846	+1.846	+1.707	+1.343	+1.699	+1.841	+1.860	+1.862	+1.851	+1.735	+1.870	+1.871	+1.866	+1.866	+1.868	+1.714	+1.712	+1.884	+1.899	+1.871	+1.891	+1.891	+1.829	+1.841	+1.829	+1.339	+1.897	+1.882	+1.827	+1.899	+1.901	+1.750	+1.893	+1.801	+1.886	+1.925	+1.337	+1.908	+1.336	+1.845	+1.919	+1.900	+2.110	+1.912	+1.850	+1.883	+1.877	+1.970	+1.850	+1.877	+1.318	+2.068	+1.772	+1.389	+1.558	+1.571	+1.400	+1.400	+1.849	+1.900	+1.878	+1.318	+1.399	+1.405	+1.495	+1.325	+1.806	+1.395	+1.857	+1.828	+1.818	+1.549	+1.811	+1.588	+1.462	+1.916	+1.568	+1.584	+1.594	+1.330	+1.842	+1.522	+1.538	+1.467	+1.588	+1.819	+1.330	+1.809	+1.574	+1.452	+1.604	+1.616	+1.574	+1.774	+1.731	+1.574	+1.797	+1.838	+1.329	
rs4962114      +1.642	+1.642	+1.626	+1.577	+1.691	+1.688	+1.786	+1.305	+1.303	+1.302	+1.300	+1.373	+1.310	+1.453	+1.447	+1.445	+1.447	+1.455	+1.349	+1.376	+1.456	+1.391	+1.446	+1.439	+1.581	+1.887	+1.851	+1.851	+1.713	+1.352	+1.704	+1.845	+1.864	+1.866	+1.856	+1.741	+1.873	+1.866	+1.880	+1.871	+1.872	+1.720	+1.717	+1.888	+1.903	+1.875	+1.895	+1.896	+1.834	+1.846	+1.834	+1.348	+1.901	+1.887	+1.832	+1.903	+1.905	+1.756	+1.897	+1.806	+1.891	+1.928	+1.347	+1.911	+1.345	+1.849	+1.923	+1.904	+2.111	+1.915	+1.855	+1.887	+1.881	+1.973	+1.855	+1.881	+1.327	+2.069	+1.777	+1.399	+1.565	+1.578	+1.409	+1.409	+1.853	+1.903	+1.882	+1.327	+1.409	+1.415	+1.503	+1.335	+1.813	+1.405	+1.860	+1.833	+1.823	+1.556	+1.817	+1.595	+1.470	+1.919	+1.575	+1.591	+1.601	+1.339	+1.847	+1.530	+1.545	+1.474	+1.595	+1.825	+1.339	+1.815	+1.581	+1.459	+1.612	+1.623	+1.581	+1.781	+1.738	+1.581	+1.803	+1.842	+1.338	
rs4962115      +1.643	+1.643	+1.627	+1.577	+1.692	+1.689	+1.786	+1.306	+1.303	+1.302	+1.301	+1.373	+1.310	+1.453	+1.447	+1.445	+1.448	+1.456	+1.350	+1.377	+1.457	+1.391	+1.447	+1.440	+1.582	+1.887	+1.851	+1.851	+1.713	+1.353	+1.705	+1.845	+1.864	+1.867	+1.856	+1.741	+1.874	+1.866	+1.871	+1.880	+1.872	+1.720	+1.717	+1.889	+1.903	+1.875	+1.895	+1.896	+1.834	+1.847	+1.834	+1.349	+1.902	+1.887	+1.833	+1.903	+1.905	+1.756	+1.897	+1.806	+1.891	+1.929	+1.347	+1.912	+1.346	+1.849	+1.923	+1.904	+2.111	+1.916	+1.856	+1.887	+1.882	+1.973	+1.855	+1.882	+1.328	+2.069	+1.777	+1.399	+1.565	+1.578	+1.410	+1.410	+1.854	+1.903	+1.882	+1.328	+1.410	+1.415	+1.503	+1.335	+1.813	+1.406	+1.861	+1.834	+1.824	+1.557	+1.817	+1.595	+1.470	+1.920	+1.576	+1.592	+1.602	+1.340	+1.847	+1.530	+1.546	+1.475	+1.595	+1.825	+1.340	+1.816	+1.582	+1.460	+1.612	+1.623	+1.581	+1.781	+1.739	+1.582	+1.804	+1.842	+1.339	
rs4962116      +1.646	+1.646	+1.630	+1.580	+1.695	+1.692	+1.789	+1.309	+1.306	+1.305	+1.304	+1.376	+1.313	+1.456	+1.450	+1.448	+1.451	+1.459	+1.353	+1.380	+1.460	+1.394	+1.450	+1.443	+1.585	+1.888	+1.853	+1.853	+1.715	+1.356	+1.707	+1.847	+1.865	+1.868	+1.858	+1.743	+1.875	+1.868	+1.872	+1.872	+1.883	+1.722	+1.719	+1.890	+1.905	+1.877	+1.897	+1.897	+1.836	+1.848	+1.836	+1.352	+1.903	+1.888	+1.834	+1.905	+1.907	+1.758	+1.899	+1.808	+1.893	+1.930	+1.350	+1.913	+1.349	+1.851	+1.924	+1.906	+2.111	+1.917	+1.858	+1.889	+1.883	+1.974	+1.857	+1.883	+1.331	+2.069	+1.779	+1.403	+1.568	+1.581	+1.413	+1.413	+1.855	+1.904	+1.884	+1.331	+1.413	+1.419	+1.505	+1.338	+1.815	+1.409	+1.862	+1.836	+1.826	+1.559	+1.820	+1.598	+1.473	+1.921	+1.578	+1.594	+1.604	+1.343	+1.849	+1.533	+1.548	+1.477	+1.598	+1.827	+1.343	+1.818	+1.584	+1.462	+1.615	+1.626	+1.584	+1.783	+1.741	+1.584	+1.806	+1.844	+1.342	
rs8176757      +1.339	+1.339	+1.325	+1.281	+1.377	+1.374	+1.463	+1.064	+1.058	+1.046	+1.051	+1.089	+0.991	+1.080	+1.082	+1.066	+1.081	+1.079	+1.150	+1.117	+1.079	+1.190	+1.155	+1.161	+1.360	+1.745	+1.695	+1.695	+1.543	+1.212	+1.535	+1.738	+1.760	+1.720	+1.702	+1.573	+1.727	+1.714	+1.720	+1.720	+1.722	+1.582	+1.542	+1.744	+1.758	+1.755	+1.753	+1.753	+1.566	+1.580	+1.567	+1.205	+1.759	+1.746	+1.564	+1.761	+1.762	+1.477	+1.756	+1.533	+1.753	+1.791	+1.220	+1.791	+1.201	+1.832	+1.787	+1.771	+1.976	+1.842	+1.725	+1.764	+1.753	+1.829	+1.724	+1.753	+1.171	+1.898	+1.697	+1.298	+1.815	+1.836	+1.316	+1.316	+1.845	+1.890	+1.868	+1.171	+1.315	+1.323	+1.688	+1.183	+1.683	+1.309	+1.846	+1.713	+1.699	+1.232	+1.694	+1.860	+1.634	+1.808	+1.830	+1.855	+1.871	+1.192	+1.731	+1.787	+1.815	+1.699	+1.860	+1.702	+1.191	+1.691	+1.839	+1.616	+1.339	+1.910	+1.839	+1.673	+1.382	+1.839	+1.672	+1.826	+1.190	
rs7469795      +1.331	+1.332	+1.318	+1.273	+1.370	+1.368	+1.457	+1.056	+1.050	+1.038	+1.043	+1.081	+0.983	+1.072	+1.075	+1.058	+1.073	+1.071	+1.143	+1.109	+1.071	+1.182	+1.147	+1.153	+1.351	+1.742	+1.692	+1.693	+1.529	+1.200	+1.521	+1.735	+1.758	+1.718	+1.700	+1.561	+1.725	+1.712	+1.717	+1.717	+1.719	+1.542	+1.573	+1.741	+1.755	+1.752	+1.750	+1.750	+1.563	+1.577	+1.563	+1.194	+1.756	+1.743	+1.561	+1.758	+1.759	+1.472	+1.753	+1.529	+1.750	+1.788	+1.209	+1.788	+1.190	+1.829	+1.784	+1.768	+1.973	+1.839	+1.721	+1.761	+1.750	+1.826	+1.721	+1.750	+1.161	+1.895	+1.693	+1.287	+1.809	+1.829	+1.305	+1.305	+1.842	+1.887	+1.865	+1.160	+1.304	+1.312	+1.681	+1.173	+1.680	+1.298	+1.843	+1.710	+1.696	+1.225	+1.690	+1.854	+1.628	+1.805	+1.824	+1.849	+1.864	+1.181	+1.728	+1.781	+1.809	+1.692	+1.854	+1.699	+1.181	+1.688	+1.833	+1.610	+1.332	+1.904	+1.832	+1.669	+1.375	+1.833	+1.669	+1.823	+1.180	
rs8176748      +1.681	+1.681	+1.665	+1.615	+1.731	+1.728	+1.825	+1.343	+1.341	+1.340	+1.338	+1.410	+1.348	+1.491	+1.485	+1.483	+1.485	+1.493	+1.388	+1.414	+1.494	+1.429	+1.484	+1.477	+1.619	+1.899	+1.869	+1.870	+1.739	+1.392	+1.730	+1.863	+1.880	+1.883	+1.875	+1.766	+1.890	+1.884	+1.888	+1.889	+1.890	+1.744	+1.741	+1.920	+1.922	+1.896	+1.918	+1.916	+1.856	+1.869	+1.857	+1.389	+1.922	+1.911	+1.855	+1.924	+1.924	+1.779	+1.919	+1.829	+1.914	+1.947	+1.388	+1.929	+1.387	+1.867	+1.941	+1.923	+2.115	+1.930	+1.881	+1.907	+1.903	+1.987	+1.881	+1.903	+1.368	+2.076	+1.802	+1.442	+1.597	+1.610	+1.453	+1.453	+1.875	+1.919	+1.899	+1.368	+1.453	+1.458	+1.534	+1.376	+1.844	+1.449	+1.878	+1.861	+1.852	+1.591	+1.846	+1.626	+1.502	+1.936	+1.607	+1.623	+1.633	+1.381	+1.871	+1.562	+1.578	+1.508	+1.626	+1.852	+1.381	+1.846	+1.613	+1.492	+1.645	+1.654	+1.613	+1.809	+1.770	+1.613	+1.836	+1.861	+1.380	
