## Summary of overall evidence for association with region:
## log10(BF for region) = 2.01801
## p-value for region = NA

## BFs for choosing among multi-SNP models:
## log10(average 1-SNP BF) = 1.81944
## log10(average 2-SNP BF) = 2.25704

## Example posterior probabilities for multi-SNP models, based on default prior: [p(l) propto 0.5^l for l=1,2,...,L]
## posterior probability of 1-SNP = 0.422028
## posterior probability of 2-SNP = 0.577972

## log10(BF) for single SNP and pair of SNPs:
rs72734898     -0.483	-0.864	-0.862	-0.605	-0.862	-0.833	-0.655	-0.655	-0.655	-0.532	-0.856	-0.705	-0.707	-0.861	-0.390	-0.269	-0.671	+0.852	+0.865	+0.884	+0.443	-0.386	+0.821	+0.418	+0.475	+0.384	+0.246	+0.779	+0.866	+2.084	-0.579	+0.836	+0.658	+0.657	+0.151	-0.363	-0.529	+0.154	-0.514	+0.624	+0.592	-0.530	+1.332	+2.998	+2.974	+2.992	+0.382	+2.954	+3.019	+2.904	-0.516	-0.491	-0.591	-0.755	-0.631	-0.709	-0.739	-0.740	-0.209	-0.734	-0.714	-0.706	+0.863	-0.736	-0.586	-0.559	-0.603	-0.521	-0.598	-0.582	-0.542	+0.023	-0.841	+0.060	-0.126	+0.047	+0.106	+0.082	-0.454	-0.275	+0.100	+0.121	+0.231	-0.019	+0.028	+0.235	-0.383	+0.039	-0.350	-0.369	-0.327	-0.478	+0.024	-0.501	-0.498	-0.777	-0.813	-0.915	-0.916	-0.918	-0.916	-0.921	-0.915	-0.918	-0.616	-0.914	-0.880	-0.888	-0.889	-0.820	-0.899	-0.837	-0.889	-0.535	-0.874	-0.858	-0.714	-0.874	-0.879	-0.862	-0.720	-0.726	-0.725	-0.723	-0.722	-0.411	-0.619	-0.591	+0.164	+0.154	+0.165	+0.165	-0.564	+0.119	+0.148	+0.150	-0.631	-0.691	-0.699	-0.691	+1.550	-0.689	-0.634	-0.938	-0.661	-0.969	
rs2106546      -0.864	-0.644	-0.844	-0.864	-0.779	-0.846	-0.886	-0.886	-0.886	-1.034	-0.847	-0.914	-0.905	-0.838	-0.976	-0.332	-0.822	+0.890	+0.901	+0.925	-0.432	-0.964	+0.927	-0.422	-0.418	-0.442	-0.507	+0.864	+0.114	+2.121	-1.002	+0.095	-0.022	-0.023	-0.582	-0.840	-0.995	-0.581	-0.992	-0.063	-0.094	-0.995	+1.450	+3.159	+3.084	+3.026	+0.335	+3.054	+3.052	+2.992	-0.964	-0.954	-0.691	-0.881	-0.741	-0.829	-0.861	-0.862	-0.663	-0.856	-0.833	-0.824	+0.183	-0.920	-0.787	-0.762	-0.768	-0.689	-0.761	-0.745	-0.706	-0.141	-0.999	-0.105	-0.288	-0.117	-0.059	-0.083	-0.619	-0.429	-0.065	-0.044	+0.065	-0.185	-0.124	+0.070	-0.549	-0.113	-0.517	-0.534	-0.493	-0.642	-0.132	-0.665	-0.663	-0.929	-0.958	-1.064	-1.066	-1.068	-1.066	-1.071	-1.065	-1.069	-0.770	-1.064	-1.030	-1.038	-1.040	-0.966	-1.050	-0.983	-1.040	-0.684	-1.024	-1.006	-0.857	-1.024	-1.029	-1.011	-0.864	-0.869	-0.868	-0.867	-0.866	-0.555	-0.765	-0.737	+0.000	-0.010	+0.001	+0.001	-0.709	-0.044	-0.016	-0.013	-0.777	-0.846	-0.854	-0.847	+1.375	-0.844	-0.792	-1.091	-0.825	-1.121	
rs2106547      -0.862	-0.844	-0.644	-0.861	-0.843	-0.871	-0.884	-0.884	-0.884	-1.035	-0.802	-0.929	-0.921	-0.871	-0.977	-0.353	-0.819	+0.975	+0.985	+1.010	-0.429	-0.962	+0.897	-0.424	-0.415	-0.443	-0.508	+0.836	+0.111	+2.096	-1.006	+0.092	-0.018	-0.019	-0.580	-0.840	-0.994	-0.579	-0.990	-0.066	-0.096	-0.993	+1.546	+3.121	+3.050	+3.003	+0.321	+3.019	+3.028	+2.960	-0.962	-0.952	-0.687	-0.882	-0.743	-0.830	-0.862	-0.863	-0.662	-0.858	-0.834	-0.825	+0.181	-0.919	-0.785	-0.760	-0.768	-0.689	-0.761	-0.745	-0.706	-0.142	-0.999	-0.105	-0.288	-0.118	-0.059	-0.083	-0.619	-0.430	-0.065	-0.044	+0.065	-0.185	-0.125	+0.069	-0.549	-0.114	-0.517	-0.534	-0.493	-0.643	-0.133	-0.665	-0.663	-0.929	-0.958	-1.064	-1.066	-1.068	-1.066	-1.071	-1.065	-1.069	-0.770	-1.065	-1.030	-1.038	-1.040	-0.966	-1.050	-0.983	-1.040	-0.684	-1.024	-1.006	-0.857	-1.024	-1.029	-1.011	-0.864	-0.869	-0.868	-0.867	-0.866	-0.555	-0.764	-0.737	+0.001	-0.009	+0.002	+0.002	-0.709	-0.044	-0.015	-0.012	-0.777	-0.846	-0.854	-0.847	+1.375	-0.844	-0.792	-1.091	-0.824	-1.121	
rs11955210     -0.605	-0.864	-0.861	-0.482	-0.862	-0.832	-0.655	-0.655	-0.655	-0.530	-0.855	-0.704	-0.706	-0.861	-0.388	-0.268	-0.671	+0.854	+0.866	+0.885	+0.445	-0.384	+0.822	+0.420	+0.477	+0.386	+0.248	+0.780	+0.868	+2.085	-0.577	+0.838	+0.660	+0.658	+0.153	-0.361	-0.527	+0.156	-0.512	+0.625	+0.593	-0.529	+1.333	+3.000	+2.976	+2.993	+0.383	+2.955	+3.020	+2.905	-0.515	-0.490	-0.591	-0.754	-0.631	-0.709	-0.738	-0.739	-0.208	-0.734	-0.713	-0.705	+0.865	-0.735	-0.586	-0.559	-0.603	-0.521	-0.597	-0.581	-0.541	+0.023	-0.841	+0.060	-0.125	+0.047	+0.106	+0.082	-0.454	-0.275	+0.101	+0.121	+0.231	-0.019	+0.029	+0.235	-0.382	+0.039	-0.350	-0.369	-0.327	-0.478	+0.025	-0.501	-0.498	-0.777	-0.812	-0.914	-0.916	-0.918	-0.916	-0.920	-0.915	-0.918	-0.616	-0.914	-0.880	-0.887	-0.889	-0.820	-0.899	-0.836	-0.888	-0.534	-0.874	-0.858	-0.713	-0.874	-0.879	-0.861	-0.719	-0.725	-0.725	-0.723	-0.722	-0.411	-0.618	-0.591	+0.165	+0.155	+0.166	+0.165	-0.564	+0.120	+0.148	+0.151	-0.631	-0.690	-0.699	-0.691	+1.550	-0.689	-0.634	-0.938	-0.660	-0.969	
rs7710554      -0.862	-0.779	-0.843	-0.862	-0.643	-0.846	-0.884	-0.884	-0.884	-1.034	-0.846	-0.912	-0.904	-0.837	-0.976	-0.335	-0.819	+0.886	+0.897	+0.921	-0.432	-0.964	+0.923	-0.422	-0.418	-0.442	-0.507	+0.860	+0.115	+2.118	-1.002	+0.096	-0.021	-0.022	-0.582	-0.840	-0.995	-0.581	-0.992	-0.062	-0.093	-0.995	+1.445	+3.155	+3.080	+3.023	+0.332	+3.050	+3.048	+2.989	-0.964	-0.953	-0.691	-0.880	-0.740	-0.828	-0.860	-0.861	-0.663	-0.855	-0.831	-0.823	+0.183	-0.919	-0.786	-0.761	-0.767	-0.688	-0.760	-0.744	-0.705	-0.140	-0.998	-0.104	-0.287	-0.116	-0.058	-0.082	-0.618	-0.428	-0.064	-0.043	+0.066	-0.184	-0.123	+0.071	-0.548	-0.112	-0.516	-0.533	-0.492	-0.642	-0.131	-0.664	-0.662	-0.928	-0.957	-1.063	-1.065	-1.067	-1.065	-1.070	-1.064	-1.068	-0.770	-1.064	-1.029	-1.037	-1.039	-0.966	-1.049	-0.982	-1.039	-0.683	-1.023	-1.005	-0.856	-1.023	-1.028	-1.010	-0.863	-0.868	-0.867	-0.866	-0.865	-0.555	-0.764	-0.736	+0.001	-0.009	+0.002	+0.002	-0.708	-0.044	-0.015	-0.012	-0.776	-0.845	-0.853	-0.846	+1.375	-0.844	-0.791	-1.090	-0.824	-1.120	
rs1304136      -0.833	-0.846	-0.871	-0.832	-0.846	-0.627	-0.843	-0.843	-0.843	-1.025	-0.874	-0.874	-0.864	-0.838	-0.969	-0.438	-0.775	+0.751	+0.762	+0.784	-0.432	-0.955	+0.775	-0.424	-0.418	-0.443	-0.507	+0.718	+0.117	+2.122	-0.990	+0.098	-0.019	-0.019	-0.579	-0.833	-0.983	-0.578	-0.980	-0.059	-0.090	-0.983	+1.239	+3.111	+3.094	+3.025	+0.336	+3.062	+3.051	+3.000	-0.955	-0.946	-0.690	-0.869	-0.732	-0.818	-0.849	-0.851	-0.653	-0.845	-0.822	-0.813	+0.174	-0.906	-0.770	-0.745	-0.755	-0.676	-0.747	-0.731	-0.692	-0.124	-0.984	-0.088	-0.270	-0.100	-0.042	-0.065	-0.606	-0.412	-0.047	-0.027	+0.083	-0.172	-0.106	+0.087	-0.536	-0.095	-0.504	-0.521	-0.480	-0.629	-0.114	-0.652	-0.649	-0.913	-0.939	-1.047	-1.049	-1.051	-1.049	-1.054	-1.047	-1.052	-0.754	-1.047	-1.013	-1.021	-1.023	-0.948	-1.033	-0.965	-1.023	-0.666	-1.007	-0.988	-0.839	-1.007	-1.012	-0.994	-0.845	-0.850	-0.850	-0.849	-0.848	-0.536	-0.746	-0.718	+0.014	+0.004	+0.015	+0.015	-0.690	-0.030	-0.002	+0.001	-0.759	-0.830	-0.838	-0.831	+1.385	-0.828	-0.776	-1.075	-0.811	-1.105	
rs72734902     -0.655	-0.886	-0.884	-0.655	-0.884	-0.843	-0.495	-0.618	-0.618	-0.535	-0.877	-0.695	-0.698	-0.871	-0.391	-0.278	-0.654	+0.850	+0.862	+0.881	+0.405	-0.348	+0.817	+0.380	+0.436	+0.346	+0.260	+0.775	+0.873	+2.078	-0.569	+0.842	+0.660	+0.659	+0.165	-0.364	-0.511	+0.168	-0.496	+0.628	+0.596	-0.514	+1.295	+2.947	+2.968	+2.984	+0.375	+2.948	+3.012	+2.898	-0.512	-0.486	-0.599	-0.765	-0.642	-0.720	-0.749	-0.750	-0.226	-0.745	-0.724	-0.716	+0.840	-0.746	-0.595	-0.568	-0.614	-0.532	-0.609	-0.593	-0.553	+0.010	-0.852	+0.047	-0.138	+0.034	+0.093	+0.069	-0.465	-0.288	+0.087	+0.108	+0.218	-0.030	+0.016	+0.222	-0.394	+0.026	-0.361	-0.380	-0.338	-0.489	+0.011	-0.512	-0.509	-0.788	-0.824	-0.926	-0.927	-0.929	-0.927	-0.932	-0.927	-0.930	-0.627	-0.925	-0.891	-0.899	-0.900	-0.831	-0.910	-0.848	-0.900	-0.547	-0.885	-0.870	-0.725	-0.885	-0.891	-0.873	-0.731	-0.737	-0.736	-0.734	-0.734	-0.423	-0.630	-0.603	+0.151	+0.141	+0.152	+0.152	-0.576	+0.106	+0.135	+0.137	-0.643	-0.702	-0.710	-0.703	+1.536	-0.701	-0.646	-0.949	-0.671	-0.980	
rs72737003     -0.655	-0.886	-0.884	-0.655	-0.884	-0.843	-0.618	-0.494	-0.618	-0.535	-0.877	-0.695	-0.697	-0.871	-0.390	-0.278	-0.654	+0.850	+0.862	+0.881	+0.406	-0.348	+0.818	+0.381	+0.437	+0.347	+0.260	+0.775	+0.873	+2.078	-0.569	+0.843	+0.661	+0.660	+0.166	-0.364	-0.511	+0.169	-0.495	+0.628	+0.596	-0.513	+1.295	+2.947	+2.969	+2.985	+0.376	+2.948	+3.012	+2.898	-0.511	-0.485	-0.599	-0.765	-0.641	-0.719	-0.749	-0.750	-0.226	-0.744	-0.724	-0.716	+0.840	-0.745	-0.595	-0.568	-0.614	-0.532	-0.609	-0.593	-0.552	+0.010	-0.852	+0.047	-0.138	+0.035	+0.093	+0.069	-0.465	-0.288	+0.088	+0.108	+0.218	-0.030	+0.016	+0.222	-0.394	+0.027	-0.361	-0.380	-0.338	-0.489	+0.012	-0.512	-0.509	-0.788	-0.824	-0.926	-0.927	-0.929	-0.927	-0.932	-0.926	-0.929	-0.627	-0.925	-0.891	-0.899	-0.900	-0.831	-0.910	-0.848	-0.900	-0.546	-0.885	-0.870	-0.724	-0.885	-0.890	-0.873	-0.731	-0.737	-0.736	-0.734	-0.733	-0.423	-0.630	-0.603	+0.151	+0.141	+0.152	+0.152	-0.576	+0.106	+0.135	+0.137	-0.643	-0.702	-0.710	-0.703	+1.536	-0.701	-0.646	-0.949	-0.671	-0.980	
rs72737006     -0.655	-0.886	-0.884	-0.655	-0.884	-0.843	-0.618	-0.618	-0.494	-0.535	-0.877	-0.695	-0.697	-0.871	-0.390	-0.278	-0.654	+0.850	+0.862	+0.881	+0.406	-0.348	+0.818	+0.381	+0.437	+0.347	+0.260	+0.775	+0.873	+2.078	-0.569	+0.843	+0.661	+0.660	+0.166	-0.364	-0.511	+0.169	-0.495	+0.628	+0.596	-0.513	+1.295	+2.947	+2.969	+2.985	+0.376	+2.948	+3.012	+2.898	-0.511	-0.485	-0.599	-0.765	-0.641	-0.719	-0.749	-0.750	-0.226	-0.744	-0.724	-0.716	+0.840	-0.745	-0.595	-0.568	-0.614	-0.532	-0.609	-0.593	-0.552	+0.010	-0.852	+0.047	-0.138	+0.035	+0.093	+0.069	-0.465	-0.288	+0.088	+0.108	+0.218	-0.030	+0.016	+0.222	-0.394	+0.027	-0.361	-0.380	-0.338	-0.489	+0.012	-0.512	-0.509	-0.788	-0.824	-0.926	-0.927	-0.929	-0.927	-0.932	-0.926	-0.929	-0.627	-0.925	-0.891	-0.899	-0.900	-0.831	-0.910	-0.848	-0.900	-0.546	-0.885	-0.870	-0.724	-0.885	-0.890	-0.873	-0.731	-0.737	-0.736	-0.734	-0.733	-0.423	-0.630	-0.603	+0.151	+0.141	+0.152	+0.152	-0.576	+0.106	+0.135	+0.137	-0.643	-0.702	-0.710	-0.703	+1.536	-0.701	-0.646	-0.949	-0.671	-0.980	
rs11745764     -0.532	-1.034	-1.035	-0.530	-1.034	-1.025	-0.535	-0.535	-0.535	-0.547	-1.031	-0.568	-0.553	-1.030	-0.630	-0.613	-0.459	+0.459	+0.471	+0.489	+0.050	-0.876	+0.463	+0.161	+0.084	+0.115	+0.024	+0.423	+0.401	+1.723	-0.892	+0.374	+0.267	+0.266	-0.207	-0.785	-0.888	-0.204	-0.887	+0.173	+0.124	-0.888	+0.890	+2.568	+2.608	+2.648	+0.127	+2.586	+2.676	+2.541	-0.885	-0.877	-0.340	-0.751	-0.592	-0.693	-0.727	-0.729	-0.598	-0.723	-0.696	-0.687	+0.264	-0.823	-0.693	-0.668	-0.676	-0.595	-0.668	-0.652	-0.614	-0.047	-0.907	-0.011	-0.196	-0.023	+0.036	+0.012	-0.527	-0.343	+0.030	+0.051	+0.161	-0.090	-0.038	+0.165	-0.456	-0.028	-0.424	-0.442	-0.400	-0.549	-0.047	-0.572	-0.569	-0.835	-0.870	-0.972	-0.973	-0.976	-0.973	-0.978	-0.972	-0.977	-0.682	-0.972	-0.938	-0.946	-0.947	-0.877	-0.958	-0.894	-0.947	-0.592	-0.932	-0.913	-0.769	-0.931	-0.937	-0.919	-0.774	-0.780	-0.779	-0.778	-0.777	-0.466	-0.674	-0.646	+0.091	+0.081	+0.092	+0.092	-0.618	+0.047	+0.076	+0.078	-0.686	-0.750	-0.759	-0.751	+1.463	-0.749	-0.697	-0.997	-0.728	-1.028	
rs1366628      -0.856	-0.847	-0.802	-0.855	-0.846	-0.874	-0.877	-0.877	-0.877	-1.031	-0.639	-0.921	-0.912	-0.856	-0.973	-0.346	-0.809	+0.998	+1.009	+1.035	-0.426	-0.957	+0.919	-0.421	-0.412	-0.440	-0.505	+0.858	+0.115	+2.121	-1.001	+0.097	-0.014	-0.014	-0.577	-0.836	-0.988	-0.575	-0.985	-0.061	-0.092	-0.988	+1.585	+3.150	+3.080	+3.026	+0.336	+3.049	+3.051	+2.988	-0.958	-0.947	-0.684	-0.877	-0.737	-0.825	-0.857	-0.858	-0.658	-0.852	-0.829	-0.820	+0.184	-0.915	-0.781	-0.756	-0.764	-0.685	-0.756	-0.741	-0.701	-0.137	-0.994	-0.100	-0.283	-0.113	-0.054	-0.078	-0.615	-0.425	-0.060	-0.039	+0.070	-0.181	-0.120	+0.074	-0.544	-0.109	-0.512	-0.529	-0.489	-0.638	-0.128	-0.661	-0.658	-0.924	-0.953	-1.059	-1.061	-1.063	-1.061	-1.066	-1.060	-1.064	-0.766	-1.060	-1.025	-1.033	-1.035	-0.962	-1.045	-0.979	-1.035	-0.679	-1.019	-1.001	-0.852	-1.019	-1.024	-1.006	-0.859	-0.864	-0.863	-0.862	-0.861	-0.550	-0.759	-0.732	+0.005	-0.005	+0.006	+0.006	-0.704	-0.039	-0.011	-0.008	-0.772	-0.841	-0.849	-0.842	+1.380	-0.840	-0.787	-1.087	-0.820	-1.116	
rs1366629      -0.705	-0.914	-0.929	-0.704	-0.912	-0.874	-0.695	-0.695	-0.695	-0.568	-0.921	-0.521	-0.648	-0.898	-0.410	-0.311	-0.670	+0.751	+0.764	+0.783	+0.280	-0.468	+0.791	+0.392	+0.310	+0.358	+0.268	+0.749	+0.754	+2.057	-0.568	+0.724	+0.652	+0.651	+0.053	-0.381	-0.598	+0.055	-0.587	+0.518	+0.487	-0.601	+1.194	+2.930	+2.951	+2.964	+0.347	+2.932	+2.992	+2.882	-0.587	-0.564	-0.611	-0.788	-0.662	-0.741	-0.771	-0.772	-0.246	-0.767	-0.746	-0.738	+0.823	-0.770	-0.620	-0.593	-0.641	-0.559	-0.635	-0.619	-0.579	-0.017	-0.878	+0.020	-0.165	+0.008	+0.066	+0.042	-0.492	-0.314	+0.061	+0.081	+0.191	-0.057	-0.011	+0.195	-0.420	-0.000	-0.388	-0.407	-0.365	-0.516	-0.016	-0.539	-0.536	-0.812	-0.848	-0.950	-0.951	-0.953	-0.951	-0.956	-0.951	-0.954	-0.652	-0.950	-0.915	-0.923	-0.924	-0.855	-0.934	-0.872	-0.924	-0.569	-0.909	-0.893	-0.748	-0.909	-0.915	-0.897	-0.754	-0.760	-0.759	-0.757	-0.757	-0.445	-0.653	-0.626	+0.127	+0.118	+0.128	+0.128	-0.599	+0.082	+0.111	+0.114	-0.666	-0.727	-0.735	-0.727	+1.510	-0.725	-0.671	-0.974	-0.696	-1.004	
rs56362391     -0.707	-0.905	-0.921	-0.706	-0.904	-0.864	-0.698	-0.697	-0.697	-0.553	-0.912	-0.648	-0.514	-0.889	-0.385	-0.297	-0.670	+0.765	+0.777	+0.796	+0.310	-0.439	+0.807	+0.427	+0.341	+0.392	+0.301	+0.764	+0.781	+2.073	-0.543	+0.750	+0.681	+0.680	+0.080	-0.360	-0.577	+0.083	-0.565	+0.543	+0.512	-0.580	+1.208	+2.946	+2.967	+2.979	+0.360	+2.949	+3.007	+2.898	-0.569	-0.545	-0.608	-0.782	-0.657	-0.736	-0.766	-0.767	-0.230	-0.761	-0.741	-0.733	+0.845	-0.762	-0.611	-0.584	-0.634	-0.552	-0.629	-0.613	-0.573	-0.010	-0.872	+0.027	-0.158	+0.014	+0.073	+0.049	-0.486	-0.307	+0.067	+0.088	+0.197	-0.051	-0.004	+0.202	-0.414	+0.006	-0.382	-0.400	-0.358	-0.509	-0.009	-0.532	-0.529	-0.806	-0.842	-0.944	-0.945	-0.947	-0.945	-0.950	-0.944	-0.948	-0.645	-0.943	-0.909	-0.917	-0.918	-0.849	-0.928	-0.866	-0.918	-0.563	-0.903	-0.887	-0.742	-0.903	-0.908	-0.891	-0.748	-0.754	-0.753	-0.751	-0.751	-0.439	-0.647	-0.620	+0.134	+0.124	+0.135	+0.134	-0.593	+0.089	+0.117	+0.120	-0.660	-0.720	-0.729	-0.721	+1.516	-0.719	-0.664	-0.967	-0.689	-0.998	
rs6883282      -0.861	-0.838	-0.871	-0.861	-0.837	-0.838	-0.871	-0.871	-0.871	-1.030	-0.856	-0.898	-0.889	-0.640	-0.972	-0.301	-0.801	+0.945	+0.957	+0.982	-0.429	-0.956	+0.991	-0.419	-0.415	-0.439	-0.502	+0.927	+0.114	+2.175	-0.994	+0.096	-0.021	-0.022	-0.578	-0.836	-0.987	-0.577	-0.984	-0.062	-0.093	-0.987	+1.465	+3.160	+3.149	+3.076	+0.373	+3.117	+3.102	+3.053	-0.958	-0.947	-0.689	-0.876	-0.735	-0.824	-0.856	-0.857	-0.660	-0.851	-0.827	-0.819	+0.187	-0.917	-0.784	-0.759	-0.764	-0.686	-0.757	-0.741	-0.702	-0.137	-0.995	-0.101	-0.283	-0.113	-0.055	-0.079	-0.615	-0.425	-0.060	-0.040	+0.070	-0.181	-0.119	+0.074	-0.545	-0.109	-0.513	-0.530	-0.490	-0.639	-0.127	-0.661	-0.659	-0.925	-0.953	-1.060	-1.062	-1.064	-1.062	-1.066	-1.060	-1.065	-0.766	-1.060	-1.026	-1.034	-1.035	-0.962	-1.046	-0.979	-1.036	-0.680	-1.020	-1.002	-0.853	-1.019	-1.025	-1.007	-0.859	-0.864	-0.864	-0.863	-0.862	-0.551	-0.760	-0.732	+0.004	-0.006	+0.005	+0.005	-0.705	-0.040	-0.012	-0.009	-0.773	-0.841	-0.850	-0.842	+1.378	-0.840	-0.788	-1.087	-0.821	-1.117	
rs60732225     -0.390	-0.976	-0.977	-0.388	-0.976	-0.969	-0.391	-0.390	-0.390	-0.630	-0.973	-0.410	-0.385	-0.972	-0.484	-0.613	-0.286	+0.435	+0.448	+0.465	-0.025	-0.821	+0.434	+0.084	+0.012	+0.042	-0.083	+0.396	+0.338	+1.694	-0.828	+0.313	+0.207	+0.206	-0.280	-0.750	-0.826	-0.278	-0.826	+0.121	+0.083	-0.826	+0.862	+2.536	+2.567	+2.619	+0.193	+2.546	+2.647	+2.503	-0.835	-0.829	-0.206	-0.677	-0.512	-0.617	-0.653	-0.654	-0.586	-0.649	-0.621	-0.611	+0.246	-0.763	-0.634	-0.608	-0.617	-0.535	-0.608	-0.592	-0.554	+0.015	-0.848	+0.051	-0.135	+0.039	+0.098	+0.074	-0.467	-0.283	+0.092	+0.114	+0.223	-0.029	+0.023	+0.228	-0.396	+0.033	-0.364	-0.382	-0.340	-0.489	+0.013	-0.511	-0.509	-0.776	-0.811	-0.911	-0.913	-0.915	-0.913	-0.918	-0.912	-0.917	-0.624	-0.912	-0.878	-0.886	-0.888	-0.817	-0.898	-0.834	-0.887	-0.532	-0.872	-0.853	-0.709	-0.872	-0.877	-0.859	-0.715	-0.720	-0.719	-0.718	-0.717	-0.406	-0.613	-0.586	+0.150	+0.141	+0.151	+0.151	-0.558	+0.106	+0.135	+0.137	-0.626	-0.690	-0.698	-0.691	+1.523	-0.689	-0.636	-0.937	-0.668	-0.968	
rs10072891     -0.269	-0.332	-0.353	-0.268	-0.335	-0.438	-0.278	-0.278	-0.278	-0.613	-0.346	-0.311	-0.297	-0.301	-0.613	-0.192	-0.186	+0.669	+0.680	+0.703	-0.282	-0.581	+0.690	-0.277	-0.269	-0.292	-0.345	+0.630	+0.289	+1.842	-0.590	+0.272	+0.158	+0.158	-0.397	-0.450	-0.584	-0.396	-0.585	+0.126	+0.102	-0.584	+1.161	+2.754	+2.794	+2.750	+0.158	+2.759	+2.777	+2.704	-0.587	-0.582	-0.345	-0.351	-0.163	-0.281	-0.321	-0.323	-0.363	-0.316	-0.283	-0.272	+0.337	-0.411	-0.277	-0.251	-0.332	-0.251	-0.325	-0.309	-0.268	+0.311	-0.563	+0.348	+0.166	+0.335	+0.395	+0.371	-0.180	+0.017	+0.390	+0.412	+0.524	+0.269	+0.325	+0.528	-0.110	+0.336	-0.078	-0.095	-0.052	-0.204	+0.319	-0.229	-0.225	-0.511	-0.524	-0.630	-0.632	-0.634	-0.632	-0.637	-0.631	-0.635	-0.356	-0.630	-0.598	-0.605	-0.607	-0.530	-0.617	-0.548	-0.607	-0.258	-0.592	-0.569	-0.422	-0.592	-0.597	-0.579	-0.428	-0.432	-0.431	-0.431	-0.430	-0.119	-0.328	-0.300	+0.399	+0.389	+0.399	+0.399	-0.271	+0.355	+0.384	+0.386	-0.340	-0.416	-0.424	-0.417	+1.754	-0.412	-0.362	-0.659	-0.403	-0.688	
rs72737009     -0.671	-0.822	-0.819	-0.671	-0.819	-0.775	-0.654	-0.654	-0.654	-0.459	-0.809	-0.670	-0.670	-0.801	-0.286	-0.186	-0.431	+0.956	+0.969	+0.989	+0.595	+0.282	+0.922	+0.562	+0.632	+0.527	+0.441	+0.878	+1.052	+2.184	-0.290	+1.019	+0.823	+0.822	+0.347	-0.156	-0.145	+0.349	-0.125	+0.792	+0.760	-0.155	+1.400	+3.045	+3.068	+3.078	+0.518	+3.048	+3.105	+2.997	-0.273	-0.237	-0.563	-0.711	-0.589	-0.665	-0.695	-0.696	-0.086	-0.690	-0.670	-0.663	+0.980	-0.680	-0.527	-0.500	-0.551	-0.469	-0.547	-0.530	-0.490	+0.086	-0.791	+0.123	-0.064	+0.111	+0.170	+0.146	-0.402	-0.222	+0.164	+0.185	+0.296	+0.034	+0.082	+0.300	-0.331	+0.093	-0.298	-0.317	-0.275	-0.426	+0.079	-0.449	-0.446	-0.727	-0.765	-0.866	-0.868	-0.870	-0.868	-0.872	-0.867	-0.870	-0.566	-0.866	-0.831	-0.839	-0.841	-0.772	-0.851	-0.788	-0.840	-0.484	-0.825	-0.809	-0.665	-0.825	-0.831	-0.813	-0.671	-0.677	-0.677	-0.675	-0.674	-0.360	-0.568	-0.541	+0.217	+0.207	+0.218	+0.218	-0.513	+0.172	+0.201	+0.203	-0.581	-0.643	-0.651	-0.643	+1.600	-0.641	-0.586	-0.890	-0.607	-0.921	
rs38088        +0.852	+0.890	+0.975	+0.854	+0.886	+0.751	+0.850	+0.850	+0.850	+0.459	+0.998	+0.751	+0.765	+0.945	+0.435	+0.669	+0.956	+0.929	+0.876	+0.886	+0.529	+0.526	+0.801	+0.543	+0.536	+0.535	+0.505	+0.781	+1.127	+1.797	+0.520	+1.112	+1.054	+1.053	+0.480	+0.644	+0.554	+0.480	+0.549	+0.980	+0.966	+0.556	+1.162	+2.608	+2.628	+2.682	+0.798	+2.605	+2.709	+2.562	+0.510	+0.504	+0.596	+0.865	+1.123	+0.964	+0.917	+0.914	+0.553	+0.918	+0.969	+0.984	+1.061	+0.702	+0.820	+0.847	+0.760	+0.845	+0.767	+0.783	+0.829	+1.521	+0.519	+1.563	+1.362	+1.546	+1.614	+1.585	+0.922	+1.185	+1.605	+1.630	+1.755	+1.402	+1.518	+1.760	+0.994	+1.529	+1.027	+1.009	+1.055	+0.894	+1.515	+0.867	+0.871	+0.545	+0.560	+0.445	+0.443	+0.440	+0.443	+0.437	+0.444	+0.439	+0.707	+0.445	+0.478	+0.469	+0.467	+0.567	+0.456	+0.548	+0.466	+0.849	+0.484	+0.516	+0.679	+0.480	+0.478	+0.497	+0.677	+0.674	+0.674	+0.674	+0.674	+0.962	+0.749	+0.778	+1.464	+1.455	+1.465	+1.465	+0.807	+1.421	+1.449	+1.452	+0.735	+0.653	+0.645	+0.652	+2.880	+0.660	+0.707	+0.407	+0.625	+0.381	
rs40235        +0.865	+0.901	+0.985	+0.866	+0.897	+0.762	+0.862	+0.862	+0.862	+0.471	+1.009	+0.764	+0.777	+0.957	+0.448	+0.680	+0.969	+0.876	+0.942	+0.893	+0.540	+0.540	+0.808	+0.554	+0.547	+0.546	+0.516	+0.789	+1.138	+1.798	+0.533	+1.123	+1.065	+1.064	+0.492	+0.657	+0.568	+0.492	+0.562	+0.990	+0.977	+0.569	+1.162	+2.607	+2.627	+2.682	+0.807	+2.604	+2.709	+2.562	+0.523	+0.517	+0.607	+0.879	+1.138	+0.979	+0.931	+0.928	+0.564	+0.933	+0.983	+0.998	+1.071	+0.716	+0.833	+0.860	+0.773	+0.858	+0.780	+0.796	+0.841	+1.533	+0.532	+1.575	+1.375	+1.559	+1.626	+1.597	+0.934	+1.198	+1.618	+1.642	+1.767	+1.414	+1.531	+1.772	+1.006	+1.542	+1.039	+1.022	+1.068	+0.906	+1.527	+0.880	+0.884	+0.558	+0.573	+0.457	+0.455	+0.453	+0.455	+0.449	+0.457	+0.452	+0.719	+0.457	+0.490	+0.482	+0.480	+0.580	+0.469	+0.560	+0.479	+0.862	+0.496	+0.529	+0.692	+0.493	+0.490	+0.510	+0.690	+0.686	+0.687	+0.686	+0.687	+0.975	+0.762	+0.791	+1.477	+1.468	+1.478	+1.478	+0.820	+1.434	+1.462	+1.465	+0.748	+0.665	+0.658	+0.664	+2.893	+0.672	+0.719	+0.420	+0.638	+0.393	
rs38087        +0.884	+0.925	+1.010	+0.885	+0.921	+0.784	+0.881	+0.881	+0.881	+0.489	+1.035	+0.783	+0.796	+0.982	+0.465	+0.703	+0.989	+0.886	+0.893	+0.959	+0.555	+0.558	+0.818	+0.569	+0.562	+0.561	+0.531	+0.800	+1.153	+1.800	+0.551	+1.138	+1.080	+1.079	+0.508	+0.674	+0.586	+0.508	+0.580	+1.005	+0.992	+0.588	+1.159	+2.606	+2.626	+2.683	+0.820	+2.603	+2.710	+2.561	+0.541	+0.535	+0.623	+0.898	+1.158	+0.998	+0.951	+0.948	+0.580	+0.952	+1.003	+1.018	+1.085	+0.733	+0.851	+0.877	+0.790	+0.875	+0.797	+0.813	+0.858	+1.551	+0.549	+1.593	+1.392	+1.576	+1.643	+1.615	+0.951	+1.215	+1.635	+1.659	+1.785	+1.432	+1.548	+1.790	+1.023	+1.560	+1.057	+1.039	+1.085	+0.923	+1.545	+0.897	+0.901	+0.575	+0.590	+0.474	+0.472	+0.470	+0.472	+0.466	+0.474	+0.469	+0.736	+0.475	+0.507	+0.499	+0.497	+0.597	+0.486	+0.578	+0.496	+0.879	+0.513	+0.546	+0.710	+0.510	+0.508	+0.527	+0.708	+0.704	+0.705	+0.704	+0.705	+0.993	+0.780	+0.808	+1.494	+1.485	+1.495	+1.495	+0.838	+1.451	+1.479	+1.482	+0.766	+0.683	+0.675	+0.681	+2.911	+0.689	+0.736	+0.437	+0.655	+0.410	
rs185293       +0.443	-0.432	-0.429	+0.445	-0.432	-0.432	+0.405	+0.406	+0.406	+0.050	-0.426	+0.280	+0.310	-0.429	-0.025	-0.282	+0.595	+0.529	+0.540	+0.555	+0.096	-0.176	+0.521	-0.058	-0.004	-0.069	-0.119	+0.490	+0.281	+1.743	-0.156	+0.263	+0.161	+0.161	-0.094	-0.312	-0.114	-0.094	-0.124	+0.125	+0.099	-0.112	+0.913	+2.552	+2.567	+2.660	+0.710	+2.552	+2.689	+2.513	-0.262	-0.268	+0.669	-0.058	+0.147	+0.018	-0.022	-0.024	-0.252	-0.021	+0.016	+0.028	+0.382	-0.220	-0.097	-0.072	-0.061	+0.029	-0.051	-0.035	+0.003	+0.594	-0.298	+0.631	+0.438	+0.618	+0.679	+0.655	+0.093	+0.279	+0.673	+0.696	+0.809	+0.543	+0.593	+0.814	+0.164	+0.603	+0.198	+0.178	+0.223	+0.069	+0.580	+0.047	+0.049	-0.229	-0.263	-0.362	-0.364	-0.366	-0.364	-0.369	-0.363	-0.367	-0.078	-0.363	-0.329	-0.337	-0.339	-0.263	-0.348	-0.281	-0.338	+0.025	-0.323	-0.299	-0.156	-0.322	-0.328	-0.310	-0.158	-0.166	-0.165	-0.161	-0.160	+0.148	-0.059	-0.031	+0.712	+0.702	+0.713	+0.712	-0.003	+0.667	+0.696	+0.699	-0.071	-0.138	-0.146	-0.139	+2.107	-0.136	-0.084	-0.388	-0.120	-0.419	
rs38086        -0.386	-0.964	-0.962	-0.384	-0.964	-0.955	-0.348	-0.348	-0.348	-0.876	-0.957	-0.468	-0.439	-0.956	-0.821	-0.581	+0.282	+0.526	+0.540	+0.558	-0.176	-0.489	+0.508	-0.178	-0.154	-0.202	-0.262	+0.470	+0.366	+1.796	-0.716	+0.341	+0.199	+0.198	-0.343	-0.656	-0.673	-0.341	-0.677	+0.158	+0.125	-0.674	+0.948	+2.636	+2.668	+2.729	+0.156	+2.649	+2.757	+2.604	-0.736	-0.728	-0.425	-0.724	-0.579	-0.672	-0.704	-0.705	-0.515	-0.700	-0.675	-0.666	+0.374	-0.797	-0.669	-0.644	-0.625	-0.545	-0.617	-0.601	-0.562	+0.005	-0.856	+0.042	-0.143	+0.029	+0.088	+0.064	-0.475	-0.282	+0.082	+0.103	+0.213	-0.039	+0.027	+0.218	-0.404	+0.037	-0.372	-0.389	-0.348	-0.498	+0.017	-0.520	-0.518	-0.781	-0.811	-0.918	-0.920	-0.922	-0.920	-0.925	-0.919	-0.923	-0.623	-0.919	-0.884	-0.892	-0.894	-0.820	-0.904	-0.837	-0.894	-0.535	-0.878	-0.860	-0.709	-0.877	-0.883	-0.865	-0.715	-0.720	-0.720	-0.719	-0.718	-0.409	-0.619	-0.591	+0.151	+0.141	+0.152	+0.152	-0.563	+0.106	+0.135	+0.138	-0.632	-0.697	-0.705	-0.698	+1.544	-0.696	-0.643	-0.946	-0.683	-0.976	
rs38085        +0.821	+0.927	+0.897	+0.822	+0.923	+0.775	+0.817	+0.818	+0.818	+0.463	+0.919	+0.791	+0.807	+0.991	+0.434	+0.690	+0.922	+0.801	+0.808	+0.818	+0.521	+0.508	+0.915	+0.518	+0.528	+0.511	+0.484	+0.832	+1.137	+1.800	+0.538	+1.122	+1.002	+1.002	+0.469	+0.597	+0.535	+0.469	+0.529	+0.986	+0.972	+0.536	+1.111	+2.626	+2.652	+2.687	+0.770	+2.625	+2.714	+2.580	+0.492	+0.487	+0.595	+0.861	+1.122	+0.961	+0.913	+0.910	+0.522	+0.915	+0.966	+0.981	+1.021	+0.676	+0.789	+0.817	+0.748	+0.830	+0.754	+0.770	+0.816	+1.510	+0.508	+1.550	+1.351	+1.536	+1.601	+1.575	+0.908	+1.179	+1.595	+1.619	+1.745	+1.388	+1.512	+1.749	+0.980	+1.523	+1.013	+0.996	+1.042	+0.881	+1.509	+0.855	+0.859	+0.531	+0.545	+0.431	+0.429	+0.426	+0.429	+0.423	+0.430	+0.426	+0.689	+0.431	+0.463	+0.455	+0.453	+0.551	+0.442	+0.532	+0.452	+0.829	+0.469	+0.501	+0.661	+0.466	+0.463	+0.482	+0.660	+0.656	+0.657	+0.656	+0.657	+0.938	+0.729	+0.757	+1.439	+1.429	+1.440	+1.439	+0.787	+1.396	+1.424	+1.427	+0.717	+0.639	+0.631	+0.638	+2.851	+0.646	+0.693	+0.394	+0.607	+0.367	
rs38084        +0.418	-0.422	-0.424	+0.420	-0.422	-0.424	+0.380	+0.381	+0.381	+0.161	-0.421	+0.392	+0.427	-0.419	+0.084	-0.277	+0.562	+0.543	+0.554	+0.569	-0.058	-0.178	+0.518	+0.104	-0.045	+0.004	-0.070	+0.487	+0.277	+1.738	-0.085	+0.260	+0.163	+0.162	-0.124	-0.312	-0.119	-0.123	-0.129	+0.125	+0.099	-0.118	+0.922	+2.548	+2.562	+2.655	+0.697	+2.547	+2.684	+2.508	-0.260	-0.265	+0.716	-0.046	+0.160	+0.031	-0.010	-0.012	-0.250	-0.009	+0.028	+0.040	+0.375	-0.220	-0.101	-0.076	-0.052	+0.036	-0.043	-0.026	+0.011	+0.599	-0.288	+0.635	+0.443	+0.623	+0.683	+0.659	+0.101	+0.290	+0.678	+0.700	+0.814	+0.551	+0.604	+0.818	+0.172	+0.614	+0.206	+0.186	+0.231	+0.078	+0.591	+0.056	+0.058	-0.222	-0.256	-0.354	-0.356	-0.358	-0.356	-0.361	-0.355	-0.359	-0.074	-0.354	-0.322	-0.329	-0.331	-0.257	-0.340	-0.274	-0.330	+0.027	-0.316	-0.292	-0.151	-0.314	-0.321	-0.303	-0.154	-0.161	-0.160	-0.156	-0.156	+0.148	-0.057	-0.029	+0.706	+0.696	+0.707	+0.707	-0.001	+0.661	+0.691	+0.693	-0.068	-0.130	-0.138	-0.131	+2.099	-0.128	-0.076	-0.380	-0.115	-0.411	
rs40234        +0.475	-0.418	-0.415	+0.477	-0.418	-0.418	+0.436	+0.437	+0.437	+0.084	-0.412	+0.310	+0.341	-0.415	+0.012	-0.269	+0.632	+0.536	+0.547	+0.562	-0.004	-0.154	+0.528	-0.045	+0.112	-0.055	-0.103	+0.497	+0.284	+1.748	-0.132	+0.267	+0.166	+0.165	-0.062	-0.300	-0.089	-0.062	-0.100	+0.130	+0.104	-0.087	+0.917	+2.556	+2.571	+2.666	+0.733	+2.556	+2.694	+2.517	-0.244	-0.251	+0.692	-0.042	+0.163	+0.034	-0.006	-0.008	-0.241	-0.006	+0.032	+0.044	+0.388	-0.207	-0.085	-0.060	-0.047	+0.043	-0.037	-0.021	+0.017	+0.603	-0.283	+0.640	+0.447	+0.626	+0.688	+0.663	+0.107	+0.291	+0.682	+0.704	+0.817	+0.558	+0.604	+0.822	+0.179	+0.615	+0.212	+0.192	+0.237	+0.084	+0.592	+0.062	+0.064	-0.215	-0.248	-0.347	-0.349	-0.351	-0.349	-0.354	-0.348	-0.352	-0.063	-0.348	-0.314	-0.322	-0.324	-0.249	-0.333	-0.267	-0.323	+0.038	-0.308	-0.285	-0.141	-0.307	-0.313	-0.295	-0.144	-0.151	-0.151	-0.148	-0.147	+0.162	-0.045	-0.017	+0.723	+0.713	+0.724	+0.723	+0.011	+0.678	+0.707	+0.710	-0.057	-0.123	-0.131	-0.124	+2.118	-0.121	-0.069	-0.373	-0.103	-0.404	
rs38083        +0.384	-0.442	-0.443	+0.386	-0.442	-0.443	+0.346	+0.347	+0.347	+0.115	-0.440	+0.358	+0.392	-0.439	+0.042	-0.292	+0.527	+0.535	+0.546	+0.561	-0.069	-0.202	+0.511	+0.004	-0.055	+0.083	-0.086	+0.480	+0.272	+1.733	-0.113	+0.255	+0.158	+0.157	-0.143	-0.329	-0.145	-0.142	-0.155	+0.118	+0.092	-0.144	+0.916	+2.544	+2.559	+2.650	+0.677	+2.543	+2.679	+2.504	-0.281	-0.286	+0.685	-0.068	+0.137	+0.008	-0.032	-0.034	-0.265	-0.031	+0.006	+0.018	+0.366	-0.240	-0.120	-0.095	-0.072	+0.016	-0.062	-0.046	-0.009	+0.578	-0.308	+0.614	+0.422	+0.602	+0.662	+0.638	+0.081	+0.269	+0.657	+0.679	+0.792	+0.531	+0.583	+0.797	+0.153	+0.593	+0.186	+0.166	+0.211	+0.058	+0.571	+0.036	+0.038	-0.242	-0.275	-0.374	-0.376	-0.378	-0.376	-0.380	-0.375	-0.378	-0.093	-0.374	-0.341	-0.348	-0.350	-0.277	-0.359	-0.294	-0.349	+0.007	-0.335	-0.312	-0.171	-0.334	-0.340	-0.322	-0.173	-0.180	-0.179	-0.176	-0.175	+0.128	-0.076	-0.049	+0.687	+0.677	+0.688	+0.688	-0.021	+0.642	+0.672	+0.674	-0.087	-0.150	-0.158	-0.151	+2.079	-0.148	-0.095	-0.399	-0.134	-0.430	
rs38082        +0.246	-0.507	-0.508	+0.248	-0.507	-0.507	+0.260	+0.260	+0.260	+0.024	-0.505	+0.268	+0.301	-0.502	-0.083	-0.345	+0.441	+0.505	+0.516	+0.531	-0.119	-0.262	+0.484	-0.070	-0.103	-0.086	+0.015	+0.452	+0.262	+1.712	-0.173	+0.244	+0.145	+0.145	-0.176	-0.389	-0.206	-0.175	-0.215	+0.099	+0.070	-0.204	+0.899	+2.535	+2.547	+2.632	+0.595	+2.530	+2.661	+2.491	-0.343	-0.348	+0.593	-0.136	+0.066	-0.062	-0.102	-0.104	-0.316	-0.101	-0.064	-0.052	+0.337	-0.309	-0.192	-0.168	-0.139	-0.051	-0.129	-0.113	-0.075	+0.512	-0.373	+0.549	+0.357	+0.536	+0.597	+0.573	+0.015	+0.208	+0.592	+0.614	+0.727	+0.463	+0.522	+0.732	+0.085	+0.532	+0.119	+0.099	+0.143	-0.008	+0.509	-0.031	-0.029	-0.306	-0.338	-0.438	-0.440	-0.442	-0.440	-0.445	-0.439	-0.443	-0.158	-0.438	-0.405	-0.413	-0.415	-0.341	-0.424	-0.358	-0.414	-0.056	-0.399	-0.376	-0.235	-0.398	-0.404	-0.387	-0.237	-0.244	-0.243	-0.240	-0.239	+0.064	-0.141	-0.113	+0.622	+0.612	+0.622	+0.622	-0.085	+0.577	+0.606	+0.609	-0.152	-0.215	-0.224	-0.216	+2.013	-0.213	-0.162	-0.464	-0.200	-0.495	
rs38081        +0.779	+0.864	+0.836	+0.780	+0.860	+0.718	+0.775	+0.775	+0.775	+0.423	+0.858	+0.749	+0.764	+0.927	+0.396	+0.630	+0.878	+0.781	+0.789	+0.800	+0.490	+0.470	+0.832	+0.487	+0.497	+0.480	+0.452	+0.878	+1.107	+1.797	+0.499	+1.092	+0.972	+0.971	+0.436	+0.562	+0.495	+0.436	+0.490	+0.956	+0.942	+0.497	+1.113	+2.631	+2.659	+2.687	+0.743	+2.630	+2.714	+2.585	+0.454	+0.449	+0.559	+0.819	+1.077	+0.918	+0.870	+0.867	+0.490	+0.872	+0.923	+0.938	+0.994	+0.638	+0.751	+0.779	+0.713	+0.793	+0.718	+0.734	+0.779	+1.472	+0.472	+1.513	+1.313	+1.498	+1.563	+1.537	+0.871	+1.141	+1.557	+1.581	+1.706	+1.350	+1.473	+1.711	+0.943	+1.485	+0.976	+0.959	+1.005	+0.845	+1.471	+0.819	+0.822	+0.496	+0.510	+0.395	+0.393	+0.391	+0.393	+0.387	+0.395	+0.390	+0.653	+0.395	+0.428	+0.420	+0.418	+0.516	+0.407	+0.497	+0.416	+0.794	+0.434	+0.466	+0.626	+0.431	+0.428	+0.447	+0.624	+0.621	+0.621	+0.621	+0.622	+0.902	+0.693	+0.722	+1.404	+1.395	+1.405	+1.405	+0.751	+1.361	+1.390	+1.392	+0.681	+0.602	+0.595	+0.601	+2.815	+0.609	+0.656	+0.359	+0.572	+0.332	
rs43224        +0.866	+0.114	+0.111	+0.868	+0.115	+0.117	+0.873	+0.873	+0.873	+0.401	+0.115	+0.754	+0.781	+0.114	+0.338	+0.289	+1.052	+1.127	+1.138	+1.153	+0.281	+0.366	+1.137	+0.277	+0.284	+0.272	+0.262	+1.107	+0.657	+1.818	+0.383	+0.571	+0.466	+0.466	+0.275	+0.322	+0.430	+0.275	+0.419	+0.523	+0.507	+0.431	+1.523	+2.605	+2.606	+2.718	+0.897	+2.592	+2.746	+2.556	+0.268	+0.261	+0.799	+0.264	+0.324	+0.281	+0.271	+0.270	+0.241	+0.276	+0.282	+0.286	+0.829	+0.326	+0.455	+0.479	+0.463	+0.555	+0.474	+0.490	+0.526	+1.147	+0.230	+1.183	+0.982	+1.170	+1.231	+1.208	+0.618	+0.811	+1.227	+1.249	+1.364	+1.072	+1.123	+1.369	+0.687	+1.133	+0.720	+0.702	+0.745	+0.593	+1.109	+0.571	+0.573	+0.318	+0.286	+0.180	+0.178	+0.175	+0.178	+0.172	+0.178	+0.174	+0.459	+0.179	+0.214	+0.206	+0.204	+0.273	+0.194	+0.255	+0.205	+0.572	+0.221	+0.240	+0.381	+0.223	+0.215	+0.234	+0.375	+0.367	+0.368	+0.372	+0.373	+0.691	+0.479	+0.508	+1.216	+1.206	+1.217	+1.217	+0.537	+1.171	+1.201	+1.204	+0.468	+0.414	+0.405	+0.413	+2.603	+0.415	+0.468	+0.152	+0.428	+0.124	
rs39736        +2.084	+2.121	+2.096	+2.085	+2.118	+2.122	+2.078	+2.078	+2.078	+1.723	+2.121	+2.057	+2.073	+2.175	+1.694	+1.842	+2.184	+1.797	+1.798	+1.800	+1.743	+1.796	+1.800	+1.738	+1.748	+1.733	+1.712	+1.797	+1.818	+2.265	+1.839	+1.812	+1.765	+1.765	+1.705	+1.705	+1.832	+1.706	+1.825	+1.761	+1.756	+1.834	+1.913	+2.916	+2.949	+2.890	+1.777	+2.889	+2.914	+2.833	+1.776	+1.769	+1.685	+1.781	+1.815	+1.787	+1.784	+1.783	+1.781	+1.789	+1.790	+1.793	+2.230	+2.051	+2.179	+2.209	+2.016	+2.097	+2.021	+2.037	+2.083	+2.903	+1.771	+2.944	+2.724	+2.929	+2.998	+2.971	+2.181	+2.500	+2.992	+3.019	+3.152	+2.688	+2.842	+3.158	+2.250	+2.854	+2.284	+2.269	+2.315	+2.150	+2.845	+2.122	+2.127	+1.803	+1.843	+1.710	+1.708	+1.705	+1.708	+1.701	+1.709	+1.704	+1.951	+1.710	+1.745	+1.736	+1.733	+1.833	+1.721	+1.812	+1.730	+2.131	+1.751	+1.782	+1.946	+1.747	+1.744	+1.765	+1.940	+1.935	+1.935	+1.936	+1.937	+2.225	+2.005	+2.035	+2.645	+2.636	+2.646	+2.646	+2.066	+2.604	+2.632	+2.634	+1.995	+1.930	+1.922	+1.929	+4.066	+1.939	+1.986	+1.667	+1.864	+1.641	
rs38080        -0.579	-1.002	-1.006	-0.577	-1.002	-0.990	-0.569	-0.569	-0.569	-0.892	-1.001	-0.568	-0.543	-0.994	-0.828	-0.590	-0.290	+0.520	+0.533	+0.551	-0.156	-0.716	+0.538	-0.085	-0.132	-0.113	-0.173	+0.499	+0.383	+1.839	-0.532	+0.359	+0.276	+0.275	-0.327	-0.621	-0.720	-0.325	-0.719	+0.172	+0.140	-0.721	+0.942	+2.683	+2.723	+2.772	+0.161	+2.704	+2.800	+2.657	-0.772	-0.760	-0.475	-0.767	-0.624	-0.716	-0.747	-0.749	-0.498	-0.744	-0.719	-0.710	+0.435	-0.828	-0.697	-0.672	-0.663	-0.583	-0.655	-0.639	-0.600	-0.034	-0.894	+0.002	-0.183	-0.011	+0.048	+0.024	-0.513	-0.322	+0.042	+0.063	+0.173	-0.078	-0.014	+0.177	-0.442	-0.004	-0.410	-0.427	-0.386	-0.536	-0.024	-0.558	-0.556	-0.820	-0.853	-0.958	-0.960	-0.962	-0.960	-0.965	-0.959	-0.963	-0.663	-0.959	-0.924	-0.932	-0.934	-0.860	-0.944	-0.877	-0.934	-0.577	-0.918	-0.900	-0.750	-0.918	-0.923	-0.905	-0.757	-0.762	-0.761	-0.760	-0.759	-0.451	-0.660	-0.632	+0.109	+0.099	+0.110	+0.110	-0.605	+0.065	+0.093	+0.096	-0.672	-0.738	-0.746	-0.739	+1.494	-0.737	-0.684	-0.985	-0.720	-1.015	
rs38079        +0.836	+0.095	+0.092	+0.838	+0.096	+0.098	+0.842	+0.843	+0.843	+0.374	+0.097	+0.724	+0.750	+0.096	+0.313	+0.272	+1.019	+1.112	+1.123	+1.138	+0.263	+0.341	+1.122	+0.260	+0.267	+0.255	+0.244	+1.092	+0.571	+1.812	+0.359	+0.637	+0.452	+0.452	+0.255	+0.298	+0.405	+0.256	+0.394	+0.503	+0.486	+0.406	+1.509	+2.599	+2.600	+2.711	+0.883	+2.587	+2.739	+2.551	+0.246	+0.240	+0.778	+0.246	+0.306	+0.263	+0.252	+0.252	+0.224	+0.257	+0.264	+0.268	+0.815	+0.308	+0.437	+0.462	+0.444	+0.535	+0.455	+0.471	+0.507	+1.127	+0.211	+1.163	+0.963	+1.150	+1.211	+1.188	+0.599	+0.792	+1.207	+1.229	+1.344	+1.053	+1.104	+1.349	+0.668	+1.114	+0.701	+0.682	+0.726	+0.574	+1.091	+0.552	+0.554	+0.299	+0.267	+0.161	+0.159	+0.156	+0.159	+0.153	+0.160	+0.155	+0.440	+0.160	+0.195	+0.187	+0.185	+0.254	+0.175	+0.236	+0.186	+0.553	+0.202	+0.221	+0.362	+0.204	+0.196	+0.215	+0.356	+0.348	+0.348	+0.353	+0.354	+0.671	+0.460	+0.488	+1.197	+1.187	+1.198	+1.197	+0.517	+1.152	+1.182	+1.184	+0.449	+0.394	+0.385	+0.393	+2.579	+0.396	+0.448	+0.133	+0.408	+0.105	
rs38078        +0.658	-0.022	-0.018	+0.660	-0.021	-0.019	+0.660	+0.661	+0.661	+0.267	-0.014	+0.652	+0.681	-0.021	+0.207	+0.158	+0.823	+1.054	+1.065	+1.080	+0.161	+0.199	+1.002	+0.163	+0.166	+0.158	+0.145	+0.972	+0.466	+1.765	+0.276	+0.452	+0.518	+0.443	+0.133	+0.202	+0.252	+0.134	+0.243	+0.353	+0.335	+0.254	+1.460	+2.561	+2.568	+2.667	+0.763	+2.553	+2.695	+2.515	+0.119	+0.114	+0.678	+0.136	+0.203	+0.155	+0.143	+0.143	+0.114	+0.148	+0.156	+0.160	+0.707	+0.187	+0.314	+0.339	+0.331	+0.418	+0.341	+0.356	+0.392	+1.007	+0.099	+1.042	+0.844	+1.031	+1.090	+1.068	+0.483	+0.680	+1.086	+1.109	+1.223	+0.934	+0.991	+1.227	+0.552	+1.001	+0.585	+0.566	+0.610	+0.459	+0.978	+0.437	+0.439	+0.183	+0.152	+0.047	+0.045	+0.043	+0.045	+0.040	+0.046	+0.042	+0.322	+0.046	+0.081	+0.073	+0.071	+0.139	+0.061	+0.121	+0.072	+0.433	+0.087	+0.107	+0.245	+0.089	+0.082	+0.100	+0.239	+0.231	+0.232	+0.237	+0.237	+0.549	+0.341	+0.369	+1.073	+1.063	+1.074	+1.073	+0.398	+1.028	+1.058	+1.060	+0.331	+0.278	+0.270	+0.277	+2.450	+0.280	+0.332	+0.020	+0.289	-0.009	
rs38077        +0.657	-0.023	-0.019	+0.658	-0.022	-0.019	+0.659	+0.660	+0.660	+0.266	-0.014	+0.651	+0.680	-0.022	+0.206	+0.158	+0.822	+1.053	+1.064	+1.079	+0.161	+0.198	+1.002	+0.162	+0.165	+0.157	+0.145	+0.971	+0.466	+1.765	+0.275	+0.452	+0.443	+0.517	+0.133	+0.201	+0.251	+0.133	+0.242	+0.353	+0.335	+0.253	+1.460	+2.560	+2.568	+2.667	+0.763	+2.553	+2.695	+2.515	+0.119	+0.114	+0.677	+0.135	+0.202	+0.155	+0.142	+0.142	+0.113	+0.147	+0.155	+0.159	+0.706	+0.187	+0.313	+0.338	+0.330	+0.418	+0.340	+0.356	+0.391	+1.006	+0.098	+1.041	+0.843	+1.030	+1.090	+1.067	+0.482	+0.679	+1.086	+1.108	+1.222	+0.933	+0.990	+1.226	+0.551	+1.000	+0.584	+0.565	+0.609	+0.459	+0.978	+0.436	+0.439	+0.182	+0.151	+0.046	+0.044	+0.042	+0.044	+0.039	+0.045	+0.041	+0.321	+0.046	+0.080	+0.072	+0.070	+0.138	+0.060	+0.120	+0.071	+0.432	+0.086	+0.106	+0.244	+0.088	+0.081	+0.099	+0.239	+0.231	+0.231	+0.236	+0.237	+0.548	+0.341	+0.368	+1.072	+1.062	+1.073	+1.072	+0.397	+1.027	+1.057	+1.059	+0.330	+0.278	+0.269	+0.276	+2.449	+0.279	+0.331	+0.019	+0.288	-0.010	
rs38076        +0.151	-0.582	-0.580	+0.153	-0.582	-0.579	+0.165	+0.166	+0.166	-0.207	-0.577	+0.053	+0.080	-0.578	-0.280	-0.397	+0.347	+0.480	+0.492	+0.508	-0.094	-0.343	+0.469	-0.124	-0.062	-0.143	-0.176	+0.436	+0.275	+1.705	-0.327	+0.255	+0.133	+0.133	-0.062	-0.445	-0.289	-0.164	-0.298	+0.097	+0.064	-0.288	+0.881	+2.530	+2.546	+2.628	+0.552	+2.529	+2.656	+2.489	-0.417	-0.421	+0.447	-0.222	-0.025	-0.149	-0.188	-0.190	-0.365	-0.188	-0.152	-0.140	+0.315	-0.375	-0.255	-0.230	-0.214	-0.125	-0.204	-0.188	-0.150	+0.433	-0.448	+0.471	+0.279	+0.457	+0.518	+0.493	-0.061	+0.129	+0.512	+0.534	+0.646	+0.387	+0.441	+0.651	+0.010	+0.451	+0.043	+0.024	+0.068	-0.084	+0.429	-0.106	-0.104	-0.378	-0.410	-0.511	-0.513	-0.515	-0.513	-0.518	-0.512	-0.516	-0.226	-0.511	-0.478	-0.485	-0.487	-0.413	-0.497	-0.430	-0.486	-0.126	-0.471	-0.449	-0.305	-0.470	-0.477	-0.458	-0.309	-0.315	-0.315	-0.312	-0.311	-0.002	-0.209	-0.181	+0.558	+0.548	+0.559	+0.558	-0.153	+0.513	+0.542	+0.545	-0.222	-0.289	-0.297	-0.290	+1.946	-0.287	-0.235	-0.537	-0.269	-0.567	
rs553169       -0.363	-0.840	-0.840	-0.361	-0.840	-0.833	-0.364	-0.364	-0.364	-0.785	-0.836	-0.381	-0.360	-0.836	-0.750	-0.450	-0.156	+0.644	+0.657	+0.674	-0.312	-0.656	+0.597	-0.312	-0.300	-0.329	-0.389	+0.562	+0.322	+1.705	-0.621	+0.298	+0.202	+0.201	-0.445	-0.334	-0.633	-0.444	-0.638	+0.106	+0.075	-0.633	+1.089	+2.553	+2.577	+2.631	+0.100	+2.558	+2.659	+2.513	-0.693	-0.691	-0.384	-0.651	-0.561	-0.622	-0.641	-0.642	-0.505	-0.636	-0.623	-0.617	+0.269	-0.670	-0.548	-0.524	-0.485	-0.407	-0.476	-0.460	-0.423	+0.151	-0.713	+0.186	-0.000	+0.175	+0.232	+0.210	-0.335	-0.137	+0.228	+0.249	+0.359	+0.101	+0.172	+0.364	-0.265	+0.182	-0.233	-0.249	-0.210	-0.358	+0.160	-0.380	-0.378	-0.627	-0.656	-0.767	-0.769	-0.771	-0.769	-0.774	-0.768	-0.773	-0.474	-0.768	-0.733	-0.741	-0.743	-0.670	-0.754	-0.687	-0.743	-0.387	-0.727	-0.709	-0.558	-0.726	-0.732	-0.714	-0.566	-0.572	-0.571	-0.569	-0.569	-0.260	-0.472	-0.444	+0.275	+0.265	+0.276	+0.276	-0.416	+0.231	+0.260	+0.262	-0.483	-0.545	-0.553	-0.546	+1.659	-0.544	-0.492	-0.797	-0.537	-0.826	
rs38075        -0.529	-0.995	-0.994	-0.527	-0.995	-0.983	-0.511	-0.511	-0.511	-0.888	-0.988	-0.598	-0.577	-0.987	-0.826	-0.584	-0.145	+0.554	+0.568	+0.586	-0.114	-0.673	+0.535	-0.119	-0.089	-0.145	-0.206	+0.495	+0.430	+1.832	-0.720	+0.405	+0.252	+0.251	-0.289	-0.633	-0.522	-0.287	-0.651	+0.212	+0.179	-0.652	+0.980	+2.675	+2.711	+2.765	+0.161	+2.691	+2.793	+2.646	-0.749	-0.737	-0.471	-0.758	-0.616	-0.707	-0.739	-0.740	-0.502	-0.735	-0.710	-0.701	+0.420	-0.819	-0.688	-0.663	-0.654	-0.574	-0.645	-0.630	-0.591	-0.025	-0.885	+0.011	-0.174	-0.002	+0.057	+0.033	-0.504	-0.314	+0.051	+0.072	+0.182	-0.068	-0.006	+0.186	-0.433	+0.004	-0.400	-0.418	-0.377	-0.527	-0.016	-0.549	-0.547	-0.811	-0.843	-0.949	-0.951	-0.953	-0.951	-0.956	-0.950	-0.954	-0.652	-0.949	-0.915	-0.923	-0.924	-0.851	-0.935	-0.868	-0.924	-0.567	-0.908	-0.890	-0.740	-0.908	-0.914	-0.895	-0.747	-0.752	-0.751	-0.750	-0.749	-0.439	-0.649	-0.622	+0.121	+0.111	+0.122	+0.122	-0.594	+0.076	+0.105	+0.108	-0.662	-0.728	-0.737	-0.729	+1.507	-0.727	-0.675	-0.976	-0.710	-1.006	
rs38074        +0.154	-0.581	-0.579	+0.156	-0.581	-0.578	+0.168	+0.169	+0.169	-0.204	-0.575	+0.055	+0.083	-0.577	-0.278	-0.396	+0.349	+0.480	+0.492	+0.508	-0.094	-0.341	+0.469	-0.123	-0.062	-0.142	-0.175	+0.436	+0.275	+1.706	-0.325	+0.256	+0.134	+0.133	-0.164	-0.444	-0.287	-0.060	-0.296	+0.098	+0.065	-0.285	+0.881	+2.531	+2.547	+2.628	+0.553	+2.529	+2.656	+2.489	-0.415	-0.419	+0.449	-0.221	-0.024	-0.148	-0.187	-0.189	-0.364	-0.186	-0.150	-0.139	+0.316	-0.373	-0.253	-0.229	-0.212	-0.124	-0.202	-0.187	-0.149	+0.435	-0.446	+0.472	+0.281	+0.459	+0.520	+0.495	-0.059	+0.130	+0.514	+0.536	+0.648	+0.389	+0.443	+0.653	+0.012	+0.453	+0.045	+0.026	+0.070	-0.082	+0.430	-0.105	-0.103	-0.376	-0.409	-0.509	-0.511	-0.513	-0.511	-0.516	-0.510	-0.514	-0.225	-0.510	-0.476	-0.484	-0.486	-0.411	-0.495	-0.429	-0.485	-0.124	-0.470	-0.447	-0.304	-0.469	-0.475	-0.457	-0.307	-0.314	-0.313	-0.310	-0.309	-0.001	-0.208	-0.180	+0.559	+0.549	+0.560	+0.560	-0.152	+0.514	+0.544	+0.546	-0.220	-0.287	-0.295	-0.288	+1.948	-0.285	-0.234	-0.536	-0.267	-0.566	
