## Summary of overall evidence for association with region:
## log10(BF for region) = -0.570695
## p-value for region = NA

## BFs for choosing among multi-SNP models:
## log10(average 1-SNP BF) = -0.50532
## log10(average 2-SNP BF) = -0.741328

## Example posterior probabilities for multi-SNP models, based on default prior: [p(l) propto 0.5^l for l=1,2,...,L]
## posterior probability of 1-SNP = 0.774967
## posterior probability of 2-SNP = 0.225033

## log10(BF) for single SNP and pair of SNPs:
rs73064080     -0.502	-0.710	-0.785	-0.782	-0.769	-0.782	-0.498	-0.734	-0.674	-0.624	-0.613	-0.606	-0.605	-0.917	-0.588	-0.853	-0.590	-0.587	-0.590	-0.848	-0.849	-0.915	-0.833	-0.575	-0.567	-0.563	-0.904	-0.561	-0.903	-0.252	-0.819	-0.812	-0.816	-0.577	-0.555	-0.906	-0.555	-0.555	-0.810	-0.540	-0.555	-0.555	-0.555	-0.554	-0.554	-0.554	-0.554	-0.551	-0.815	-0.554	-0.817	-0.812	-0.808	-0.565	-0.567	-0.804	-0.802	-0.701	-0.796	-0.796	-0.803	-0.816	-0.818	-0.684	-0.805	-0.687	-0.688	-0.448	-0.705	-0.973	-0.949	-0.949	-0.949	-0.949	-0.947	-0.909	-0.950	-0.949	-0.950	-0.958	-0.960	-0.950	-0.950	-0.950	-0.970	-0.950	-0.949	-0.949	-0.948	-0.946	-0.949	-0.969	-0.949	-0.918	-0.949	-0.949	-0.949	-0.936	-0.987	-0.705	-0.985	-0.917	-0.989	-0.937	-0.705	-0.703	-0.946	-0.946	-0.947	-0.740	-0.945	-0.701	-0.947	-0.948	-0.988	-0.812	-0.948	-0.948	-0.952	-0.700	-0.815	-0.816	-0.816	-0.946	-0.698	-0.816	-0.946	-0.816	-0.988	-0.953	-0.955	-0.988	-0.939	-0.697	-0.945	-0.989	-0.696	-0.943	-0.991	-0.698	-0.820	-0.943	-0.818	-0.825	-0.698	-0.834	-0.725	-0.518	-0.652	-0.419	
rs17207460     -0.710	-0.353	-0.421	-0.406	-0.354	-0.406	-0.478	-0.802	-0.778	-0.757	-0.751	-0.748	-0.747	-0.758	-0.739	-0.670	-0.740	-0.739	-0.740	-0.661	-0.663	-0.755	-0.643	-0.733	-0.729	-0.727	-0.741	-0.726	-0.740	-0.497	-0.626	-0.618	-0.623	-0.733	-0.722	-0.744	-0.722	-0.722	-0.615	-0.715	-0.722	-0.722	-0.722	-0.722	-0.722	-0.722	-0.722	-0.721	-0.621	-0.722	-0.623	-0.617	-0.611	-0.726	-0.727	-0.607	-0.604	-0.637	-0.597	-0.597	-0.605	-0.621	-0.623	-0.621	-0.606	-0.623	-0.623	-0.440	-0.577	-0.855	-0.849	-0.849	-0.844	-0.849	-0.836	-0.843	-0.848	-0.852	-0.848	-0.844	-0.845	-0.849	-0.848	-0.852	-0.854	-0.843	-0.842	-0.840	-0.839	-0.833	-0.852	-0.853	-0.840	-0.835	-0.839	-0.839	-0.839	-0.815	-0.867	-0.597	-0.858	-0.836	-0.861	-0.805	-0.597	-0.595	-0.818	-0.818	-0.818	-0.628	-0.816	-0.593	-0.819	-0.820	-0.861	-0.815	-0.820	-0.820	-0.826	-0.592	-0.817	-0.817	-0.817	-0.818	-0.591	-0.817	-0.817	-0.817	-0.862	-0.828	-0.831	-0.862	-0.807	-0.590	-0.815	-0.859	-0.589	-0.812	-0.863	-0.591	-0.819	-0.813	-0.818	-0.820	-0.590	-0.814	-0.612	-0.340	-0.483	-0.234	
rs17305423     -0.785	-0.421	-0.413	-0.524	-0.504	-0.524	-0.481	-0.862	-0.842	-0.823	-0.819	-0.816	-0.815	-0.837	-0.808	-0.790	-0.809	-0.807	-0.808	-0.785	-0.785	-0.835	-0.773	-0.802	-0.798	-0.796	-0.829	-0.796	-0.829	-0.576	-0.762	-0.756	-0.759	-0.802	-0.792	-0.832	-0.792	-0.792	-0.754	-0.786	-0.792	-0.792	-0.792	-0.792	-0.792	-0.792	-0.792	-0.791	-0.758	-0.792	-0.760	-0.756	-0.752	-0.796	-0.797	-0.749	-0.747	-0.747	-0.742	-0.742	-0.747	-0.758	-0.760	-0.733	-0.748	-0.735	-0.735	-0.551	-0.619	-0.916	-0.892	-0.892	-0.886	-0.892	-0.876	-0.891	-0.890	-0.896	-0.891	-0.911	-0.912	-0.892	-0.891	-0.896	-0.917	-0.884	-0.883	-0.881	-0.880	-0.872	-0.897	-0.916	-0.881	-0.879	-0.880	-0.880	-0.879	-0.852	-0.921	-0.639	-0.909	-0.882	-0.908	-0.835	-0.639	-0.637	-0.850	-0.850	-0.851	-0.672	-0.848	-0.635	-0.852	-0.852	-0.911	-0.874	-0.853	-0.853	-0.859	-0.634	-0.875	-0.875	-0.875	-0.850	-0.632	-0.875	-0.849	-0.875	-0.911	-0.862	-0.865	-0.911	-0.837	-0.631	-0.847	-0.905	-0.630	-0.843	-0.906	-0.632	-0.877	-0.844	-0.876	-0.877	-0.632	-0.869	-0.656	-0.418	-0.555	-0.320	
rs7257925      -0.782	-0.406	-0.524	-0.409	-0.505	-0.521	-0.475	-0.858	-0.839	-0.820	-0.816	-0.813	-0.812	-0.834	-0.805	-0.787	-0.806	-0.804	-0.805	-0.782	-0.783	-0.832	-0.770	-0.799	-0.795	-0.793	-0.826	-0.793	-0.826	-0.573	-0.760	-0.754	-0.757	-0.799	-0.790	-0.829	-0.789	-0.789	-0.752	-0.783	-0.789	-0.789	-0.789	-0.789	-0.789	-0.789	-0.789	-0.788	-0.756	-0.789	-0.758	-0.753	-0.750	-0.793	-0.794	-0.747	-0.745	-0.745	-0.740	-0.740	-0.745	-0.756	-0.757	-0.731	-0.746	-0.733	-0.733	-0.550	-0.614	-0.913	-0.888	-0.888	-0.882	-0.888	-0.872	-0.888	-0.887	-0.893	-0.887	-0.908	-0.909	-0.888	-0.887	-0.892	-0.914	-0.880	-0.880	-0.877	-0.876	-0.868	-0.893	-0.913	-0.877	-0.876	-0.876	-0.876	-0.876	-0.848	-0.918	-0.635	-0.905	-0.878	-0.904	-0.831	-0.635	-0.633	-0.846	-0.846	-0.847	-0.668	-0.844	-0.631	-0.848	-0.848	-0.908	-0.871	-0.849	-0.849	-0.855	-0.630	-0.872	-0.872	-0.872	-0.846	-0.628	-0.872	-0.845	-0.872	-0.907	-0.858	-0.861	-0.907	-0.833	-0.627	-0.843	-0.901	-0.626	-0.839	-0.902	-0.628	-0.873	-0.840	-0.873	-0.874	-0.628	-0.866	-0.652	-0.415	-0.552	-0.317	
rs7258355      -0.769	-0.354	-0.504	-0.505	-0.393	-0.505	-0.456	-0.845	-0.826	-0.807	-0.803	-0.800	-0.799	-0.821	-0.792	-0.777	-0.793	-0.792	-0.793	-0.772	-0.772	-0.819	-0.760	-0.786	-0.783	-0.781	-0.814	-0.780	-0.814	-0.561	-0.750	-0.745	-0.748	-0.786	-0.777	-0.817	-0.777	-0.777	-0.743	-0.770	-0.777	-0.777	-0.777	-0.777	-0.777	-0.777	-0.777	-0.775	-0.747	-0.777	-0.748	-0.744	-0.741	-0.780	-0.781	-0.738	-0.736	-0.737	-0.731	-0.731	-0.737	-0.747	-0.748	-0.724	-0.737	-0.726	-0.726	-0.543	-0.598	-0.899	-0.873	-0.873	-0.866	-0.872	-0.856	-0.873	-0.871	-0.877	-0.871	-0.895	-0.895	-0.873	-0.872	-0.877	-0.900	-0.864	-0.864	-0.861	-0.860	-0.852	-0.878	-0.899	-0.862	-0.860	-0.860	-0.860	-0.860	-0.832	-0.903	-0.619	-0.890	-0.863	-0.889	-0.814	-0.618	-0.616	-0.829	-0.830	-0.830	-0.653	-0.828	-0.614	-0.831	-0.832	-0.893	-0.857	-0.832	-0.832	-0.839	-0.613	-0.858	-0.858	-0.858	-0.829	-0.612	-0.858	-0.829	-0.858	-0.892	-0.842	-0.845	-0.892	-0.816	-0.610	-0.826	-0.885	-0.610	-0.822	-0.886	-0.612	-0.860	-0.823	-0.859	-0.860	-0.611	-0.852	-0.637	-0.403	-0.540	-0.306	
rs61043204     -0.782	-0.406	-0.524	-0.521	-0.505	-0.409	-0.475	-0.858	-0.839	-0.820	-0.816	-0.813	-0.812	-0.834	-0.804	-0.787	-0.805	-0.804	-0.805	-0.782	-0.783	-0.831	-0.770	-0.799	-0.795	-0.793	-0.826	-0.793	-0.826	-0.573	-0.759	-0.753	-0.757	-0.799	-0.789	-0.829	-0.789	-0.789	-0.752	-0.782	-0.789	-0.789	-0.789	-0.789	-0.789	-0.789	-0.789	-0.788	-0.756	-0.789	-0.757	-0.753	-0.749	-0.793	-0.794	-0.747	-0.745	-0.745	-0.740	-0.740	-0.745	-0.756	-0.757	-0.731	-0.746	-0.733	-0.733	-0.549	-0.614	-0.913	-0.888	-0.888	-0.882	-0.888	-0.872	-0.888	-0.886	-0.892	-0.887	-0.908	-0.908	-0.888	-0.887	-0.892	-0.914	-0.880	-0.879	-0.877	-0.876	-0.868	-0.893	-0.913	-0.877	-0.875	-0.876	-0.875	-0.875	-0.847	-0.917	-0.635	-0.905	-0.878	-0.904	-0.830	-0.635	-0.632	-0.846	-0.846	-0.847	-0.668	-0.844	-0.630	-0.847	-0.848	-0.908	-0.871	-0.849	-0.849	-0.855	-0.630	-0.872	-0.872	-0.872	-0.845	-0.628	-0.872	-0.845	-0.872	-0.907	-0.858	-0.861	-0.907	-0.833	-0.627	-0.843	-0.901	-0.626	-0.839	-0.902	-0.628	-0.873	-0.840	-0.872	-0.874	-0.627	-0.866	-0.652	-0.415	-0.552	-0.317	
rs62122961     -0.498	-0.478	-0.481	-0.475	-0.456	-0.475	-0.223	+0.216	+0.376	+0.492	+0.517	+0.531	+0.516	-0.611	+0.548	-0.527	+0.541	+0.549	+0.541	-0.521	-0.522	-0.608	-0.501	+0.563	+0.580	+0.591	-0.591	+0.594	-0.589	+0.533	-0.482	-0.473	-0.478	+0.545	+0.603	-0.592	+0.604	+0.604	-0.470	+0.638	+0.605	+0.605	+0.605	+0.605	+0.605	+0.605	+0.605	+0.613	-0.476	+0.606	-0.481	-0.472	-0.469	+0.575	+0.567	-0.462	-0.459	-0.202	-0.452	-0.452	-0.462	-0.479	-0.481	-0.180	-0.465	-0.185	-0.185	+0.061	-0.439	-0.647	-0.615	-0.615	-0.626	-0.616	-0.639	-0.489	-0.623	-0.610	-0.623	-0.619	-0.621	-0.620	-0.622	-0.613	-0.640	-0.632	-0.632	-0.635	-0.636	-0.644	-0.608	-0.637	-0.634	-0.539	-0.637	-0.637	-0.637	-0.652	-0.673	-0.413	-0.685	-0.530	-0.694	-0.682	-0.413	-0.410	-0.682	-0.682	-0.682	-0.454	-0.682	-0.408	-0.682	-0.682	-0.688	-0.233	-0.682	-0.683	-0.682	-0.407	-0.241	-0.242	-0.242	-0.683	-0.406	-0.243	-0.683	-0.243	-0.691	-0.680	-0.680	-0.691	-0.685	-0.404	-0.683	-0.706	-0.403	-0.684	-0.702	-0.405	-0.253	-0.683	-0.249	-0.267	-0.406	-0.307	-0.439	-0.285	-0.414	-0.184	
rs35347939     -0.734	-0.802	-0.862	-0.858	-0.845	-0.858	+0.216	-0.585	-0.662	-0.582	-0.560	-0.551	-0.584	-0.999	-0.563	-0.946	-0.570	-0.563	-0.570	-0.941	-0.942	-0.997	-0.929	-0.559	-0.548	-0.540	-0.990	-0.538	-0.990	-0.455	-0.917	-0.911	-0.915	-0.580	-0.531	-0.992	-0.531	-0.531	-0.910	-0.504	-0.530	-0.530	-0.530	-0.530	-0.530	-0.530	-0.530	-0.523	-0.914	-0.529	-0.915	-0.911	-0.907	-0.560	-0.566	-0.904	-0.902	-0.862	-0.897	-0.897	-0.903	-0.914	-0.915	-0.848	-0.904	-0.850	-0.850	-0.659	-0.790	-1.052	-0.889	-0.889	-0.874	-0.889	-0.849	-0.862	-0.886	-0.905	-0.886	-1.048	-1.048	-0.890	-0.887	-0.900	-1.052	-0.871	-0.870	-0.864	-0.861	-0.842	-0.914	-1.051	-0.864	-0.814	-0.861	-0.861	-0.861	-0.789	-1.053	-0.811	-1.048	-0.826	-1.047	-0.804	-0.810	-0.808	-0.832	-0.833	-0.834	-0.840	-0.829	-0.807	-0.836	-0.838	-1.050	-0.894	-0.839	-0.839	-0.851	-0.806	-0.895	-0.895	-0.895	-0.832	-0.805	-0.895	-0.832	-0.895	-1.049	-0.858	-0.863	-1.049	-0.810	-0.803	-0.827	-1.036	-0.803	-0.820	-1.043	-0.804	-0.896	-0.822	-0.895	-0.895	-0.804	-0.888	-0.824	-0.538	-0.684	-0.441	
rs11084452     -0.674	-0.778	-0.842	-0.839	-0.826	-0.839	+0.376	-0.662	-0.562	-0.660	-0.647	-0.640	-0.653	-0.980	-0.637	-0.931	-0.641	-0.636	-0.641	-0.926	-0.927	-0.978	-0.914	-0.630	-0.622	-0.616	-0.972	-0.614	-0.972	-0.512	-0.904	-0.898	-0.901	-0.643	-0.609	-0.974	-0.608	-0.608	-0.897	-0.589	-0.608	-0.608	-0.608	-0.608	-0.608	-0.608	-0.608	-0.603	-0.900	-0.607	-0.902	-0.898	-0.894	-0.629	-0.633	-0.891	-0.889	-0.865	-0.885	-0.885	-0.890	-0.901	-0.902	-0.852	-0.891	-0.854	-0.854	-0.670	-0.770	-1.031	-0.831	-0.831	-0.812	-0.830	-0.783	-0.800	-0.827	-0.851	-0.827	-1.029	-1.029	-0.831	-0.828	-0.844	-1.032	-0.808	-0.807	-0.800	-0.797	-0.775	-0.862	-1.031	-0.801	-0.736	-0.797	-0.797	-0.796	-0.711	-1.029	-0.793	-1.023	-0.752	-1.021	-0.734	-0.793	-0.791	-0.766	-0.767	-0.768	-0.822	-0.763	-0.789	-0.771	-0.772	-1.025	-0.870	-0.774	-0.774	-0.788	-0.789	-0.870	-0.870	-0.870	-0.766	-0.788	-0.870	-0.766	-0.870	-1.024	-0.796	-0.802	-1.024	-0.741	-0.786	-0.761	-1.008	-0.786	-0.753	-1.016	-0.787	-0.869	-0.754	-0.870	-0.867	-0.786	-0.854	-0.806	-0.507	-0.654	-0.410	
rs66522479     -0.624	-0.757	-0.823	-0.820	-0.807	-0.820	+0.492	-0.582	-0.660	-0.541	-0.667	-0.664	-0.667	-0.961	-0.656	-0.915	-0.659	-0.656	-0.659	-0.910	-0.911	-0.959	-0.899	-0.650	-0.644	-0.639	-0.954	-0.638	-0.954	-0.542	-0.889	-0.884	-0.887	-0.659	-0.635	-0.957	-0.634	-0.634	-0.882	-0.621	-0.634	-0.634	-0.634	-0.634	-0.634	-0.634	-0.634	-0.630	-0.886	-0.634	-0.887	-0.883	-0.880	-0.651	-0.653	-0.877	-0.876	-0.862	-0.871	-0.871	-0.876	-0.886	-0.887	-0.849	-0.877	-0.851	-0.851	-0.672	-0.752	-1.010	-0.778	-0.778	-0.757	-0.777	-0.723	-0.740	-0.773	-0.801	-0.773	-1.010	-1.010	-0.778	-0.775	-0.793	-1.012	-0.752	-0.751	-0.743	-0.739	-0.715	-0.815	-1.011	-0.744	-0.663	-0.740	-0.739	-0.739	-0.642	-1.006	-0.776	-1.000	-0.682	-0.997	-0.674	-0.776	-0.774	-0.709	-0.710	-0.711	-0.804	-0.705	-0.772	-0.713	-0.715	-1.002	-0.840	-0.717	-0.717	-0.733	-0.772	-0.840	-0.840	-0.840	-0.709	-0.770	-0.840	-0.709	-0.840	-1.000	-0.742	-0.748	-1.000	-0.682	-0.769	-0.703	-0.982	-0.769	-0.694	-0.990	-0.770	-0.838	-0.696	-0.839	-0.834	-0.769	-0.818	-0.788	-0.479	-0.628	-0.383	
rs16987295     -0.613	-0.751	-0.819	-0.816	-0.803	-0.816	+0.517	-0.560	-0.647	-0.667	-0.536	-0.662	-0.666	-0.956	-0.658	-0.911	-0.660	-0.658	-0.660	-0.906	-0.907	-0.955	-0.895	-0.653	-0.647	-0.644	-0.950	-0.643	-0.950	-0.548	-0.885	-0.880	-0.883	-0.661	-0.640	-0.952	-0.639	-0.639	-0.879	-0.628	-0.639	-0.639	-0.639	-0.639	-0.639	-0.639	-0.639	-0.636	-0.882	-0.639	-0.883	-0.880	-0.876	-0.654	-0.656	-0.874	-0.872	-0.860	-0.867	-0.867	-0.872	-0.882	-0.883	-0.848	-0.873	-0.849	-0.849	-0.672	-0.747	-1.005	-0.766	-0.766	-0.744	-0.765	-0.709	-0.725	-0.761	-0.789	-0.761	-1.006	-1.006	-0.766	-0.762	-0.781	-1.007	-0.739	-0.738	-0.730	-0.726	-0.701	-0.804	-1.006	-0.731	-0.646	-0.727	-0.726	-0.726	-0.626	-1.000	-0.772	-0.994	-0.665	-0.992	-0.660	-0.772	-0.770	-0.696	-0.697	-0.698	-0.800	-0.692	-0.768	-0.700	-0.702	-0.996	-0.833	-0.704	-0.704	-0.720	-0.767	-0.832	-0.832	-0.832	-0.696	-0.766	-0.832	-0.696	-0.832	-0.995	-0.729	-0.735	-0.994	-0.668	-0.765	-0.689	-0.976	-0.764	-0.680	-0.984	-0.766	-0.830	-0.682	-0.831	-0.826	-0.765	-0.809	-0.783	-0.473	-0.622	-0.377	
rs12978999     -0.606	-0.748	-0.816	-0.813	-0.800	-0.813	+0.531	-0.551	-0.640	-0.664	-0.662	-0.533	-0.664	-0.954	-0.658	-0.909	-0.660	-0.658	-0.659	-0.904	-0.905	-0.952	-0.893	-0.654	-0.649	-0.645	-0.947	-0.644	-0.947	-0.552	-0.883	-0.878	-0.881	-0.661	-0.642	-0.949	-0.641	-0.641	-0.877	-0.630	-0.641	-0.641	-0.641	-0.641	-0.641	-0.641	-0.641	-0.638	-0.880	-0.641	-0.881	-0.877	-0.874	-0.655	-0.657	-0.872	-0.870	-0.860	-0.865	-0.865	-0.870	-0.880	-0.881	-0.847	-0.871	-0.849	-0.849	-0.672	-0.745	-1.002	-0.758	-0.758	-0.736	-0.758	-0.701	-0.717	-0.753	-0.782	-0.754	-1.003	-1.003	-0.759	-0.755	-0.774	-1.004	-0.732	-0.730	-0.722	-0.718	-0.692	-0.797	-1.003	-0.723	-0.635	-0.719	-0.718	-0.718	-0.617	-0.997	-0.769	-0.991	-0.655	-0.988	-0.651	-0.769	-0.767	-0.688	-0.689	-0.690	-0.797	-0.684	-0.766	-0.692	-0.695	-0.993	-0.828	-0.696	-0.696	-0.712	-0.765	-0.827	-0.827	-0.827	-0.688	-0.764	-0.827	-0.688	-0.827	-0.991	-0.722	-0.728	-0.991	-0.660	-0.762	-0.681	-0.973	-0.762	-0.672	-0.981	-0.763	-0.825	-0.674	-0.826	-0.821	-0.762	-0.803	-0.781	-0.469	-0.618	-0.373	
rs12151254     -0.605	-0.747	-0.815	-0.812	-0.799	-0.812	+0.516	-0.584	-0.653	-0.667	-0.666	-0.664	-0.532	-0.953	-0.652	-0.908	-0.654	-0.652	-0.654	-0.903	-0.904	-0.951	-0.892	-0.646	-0.641	-0.637	-0.946	-0.636	-0.946	-0.553	-0.882	-0.877	-0.880	-0.655	-0.634	-0.948	-0.633	-0.633	-0.876	-0.622	-0.633	-0.633	-0.633	-0.633	-0.633	-0.633	-0.633	-0.630	-0.879	-0.633	-0.881	-0.877	-0.873	-0.649	-0.651	-0.871	-0.869	-0.860	-0.865	-0.865	-0.870	-0.879	-0.881	-0.847	-0.870	-0.849	-0.849	-0.673	-0.743	-1.000	-0.753	-0.753	-0.730	-0.752	-0.695	-0.709	-0.747	-0.777	-0.748	-1.001	-1.001	-0.753	-0.749	-0.768	-1.002	-0.726	-0.724	-0.716	-0.712	-0.686	-0.792	-1.001	-0.717	-0.626	-0.713	-0.712	-0.712	-0.609	-0.995	-0.768	-0.989	-0.647	-0.986	-0.645	-0.768	-0.766	-0.682	-0.683	-0.684	-0.796	-0.678	-0.765	-0.687	-0.689	-0.991	-0.825	-0.690	-0.690	-0.707	-0.764	-0.824	-0.824	-0.824	-0.682	-0.763	-0.824	-0.682	-0.824	-0.989	-0.716	-0.723	-0.989	-0.654	-0.762	-0.675	-0.971	-0.761	-0.666	-0.979	-0.762	-0.821	-0.668	-0.823	-0.817	-0.761	-0.799	-0.780	-0.467	-0.616	-0.371	
rs10405130     -0.917	-0.758	-0.837	-0.834	-0.821	-0.834	-0.611	-0.999	-0.980	-0.961	-0.956	-0.954	-0.953	-0.574	-0.945	-0.724	-0.946	-0.945	-0.946	-0.724	-0.726	-0.728	-0.695	-0.939	-0.936	-0.934	-0.713	-0.933	-0.711	-0.716	-0.651	-0.635	-0.645	-0.939	-0.930	-0.689	-0.930	-0.930	-0.634	-0.923	-0.930	-0.930	-0.930	-0.930	-0.930	-0.930	-0.930	-0.928	-0.644	-0.929	-0.665	-0.636	-0.644	-0.933	-0.934	-0.618	-0.613	-0.820	-0.601	-0.601	-0.636	-0.665	-0.668	-0.807	-0.641	-0.810	-0.810	-0.613	-0.765	-1.023	-1.017	-1.017	-1.009	-1.016	-0.998	-1.022	-1.015	-1.022	-1.015	-1.019	-1.019	-1.017	-1.016	-1.021	-1.022	-1.007	-1.007	-1.004	-1.002	-0.993	-1.028	-1.021	-1.004	-1.008	-1.003	-1.002	-1.002	-0.971	-1.027	-0.786	-1.005	-1.011	-1.003	-0.948	-0.785	-0.783	-0.965	-0.965	-0.966	-0.819	-0.963	-0.781	-0.967	-0.968	-1.005	-1.011	-0.968	-0.968	-0.976	-0.780	-1.012	-1.012	-1.012	-0.965	-0.779	-1.012	-0.964	-1.013	-1.005	-0.979	-0.982	-1.005	-0.950	-0.778	-0.962	-0.995	-0.777	-0.957	-0.996	-0.779	-1.014	-0.958	-1.013	-1.014	-0.778	-1.006	-0.803	-0.555	-0.694	-0.459	
rs12986047     -0.588	-0.739	-0.808	-0.805	-0.792	-0.804	+0.548	-0.563	-0.637	-0.656	-0.658	-0.658	-0.652	-0.945	-0.524	-0.901	-0.651	-0.650	-0.651	-0.897	-0.897	-0.944	-0.886	-0.648	-0.644	-0.642	-0.939	-0.641	-0.939	-0.561	-0.877	-0.871	-0.874	-0.655	-0.640	-0.941	-0.640	-0.640	-0.870	-0.632	-0.639	-0.639	-0.639	-0.639	-0.639	-0.639	-0.639	-0.637	-0.873	-0.639	-0.875	-0.871	-0.868	-0.652	-0.654	-0.865	-0.863	-0.857	-0.859	-0.859	-0.864	-0.874	-0.875	-0.845	-0.864	-0.846	-0.846	-0.673	-0.736	-0.992	-0.733	-0.733	-0.709	-0.732	-0.673	-0.686	-0.727	-0.759	-0.728	-0.994	-0.994	-0.733	-0.729	-0.749	-0.994	-0.705	-0.704	-0.695	-0.691	-0.664	-0.774	-0.993	-0.696	-0.598	-0.691	-0.690	-0.690	-0.584	-0.986	-0.762	-0.980	-0.620	-0.977	-0.623	-0.761	-0.760	-0.661	-0.662	-0.663	-0.789	-0.657	-0.758	-0.666	-0.668	-0.982	-0.812	-0.670	-0.670	-0.686	-0.757	-0.811	-0.811	-0.811	-0.661	-0.756	-0.811	-0.661	-0.811	-0.980	-0.696	-0.703	-0.980	-0.632	-0.755	-0.654	-0.961	-0.754	-0.645	-0.969	-0.756	-0.808	-0.647	-0.810	-0.803	-0.755	-0.784	-0.773	-0.457	-0.607	-0.361	
rs17207495     -0.853	-0.670	-0.790	-0.787	-0.777	-0.787	-0.527	-0.946	-0.931	-0.915	-0.911	-0.909	-0.908	-0.724	-0.901	-0.510	-0.902	-0.901	-0.902	-0.657	-0.657	-0.736	-0.642	-0.897	-0.893	-0.892	-0.750	-0.891	-0.751	-0.682	-0.577	-0.556	-0.572	-0.896	-0.888	-0.745	-0.888	-0.888	-0.563	-0.882	-0.888	-0.888	-0.888	-0.888	-0.888	-0.888	-0.888	-0.887	-0.571	-0.888	-0.621	-0.566	-0.604	-0.891	-0.892	-0.537	-0.531	-0.827	-0.519	-0.520	-0.600	-0.624	-0.626	-0.815	-0.606	-0.817	-0.817	-0.640	-0.698	-0.967	-0.948	-0.948	-0.939	-0.948	-0.926	-0.959	-0.946	-0.955	-0.946	-0.970	-0.970	-0.948	-0.947	-0.953	-0.968	-0.937	-0.937	-0.933	-0.932	-0.921	-0.962	-0.968	-0.934	-0.942	-0.932	-0.931	-0.931	-0.896	-0.966	-0.718	-0.939	-0.945	-0.934	-0.869	-0.718	-0.716	-0.888	-0.888	-0.889	-0.753	-0.886	-0.714	-0.890	-0.891	-0.938	-0.958	-0.892	-0.892	-0.900	-0.713	-0.959	-0.959	-0.959	-0.887	-0.711	-0.959	-0.887	-0.959	-0.938	-0.904	-0.907	-0.937	-0.872	-0.710	-0.884	-0.906	-0.709	-0.879	-0.922	-0.711	-0.960	-0.881	-0.960	-0.960	-0.711	-0.950	-0.738	-0.494	-0.633	-0.401	
rs61144294     -0.590	-0.740	-0.809	-0.806	-0.793	-0.805	+0.541	-0.570	-0.641	-0.659	-0.660	-0.660	-0.654	-0.946	-0.651	-0.902	-0.525	-0.651	-0.652	-0.898	-0.898	-0.944	-0.887	-0.648	-0.644	-0.641	-0.940	-0.641	-0.940	-0.561	-0.877	-0.872	-0.875	-0.655	-0.639	-0.942	-0.639	-0.639	-0.871	-0.630	-0.638	-0.638	-0.638	-0.638	-0.638	-0.638	-0.638	-0.636	-0.874	-0.638	-0.875	-0.872	-0.868	-0.651	-0.653	-0.866	-0.864	-0.858	-0.860	-0.860	-0.864	-0.874	-0.875	-0.845	-0.865	-0.847	-0.847	-0.673	-0.737	-0.993	-0.735	-0.735	-0.712	-0.734	-0.675	-0.688	-0.730	-0.761	-0.730	-0.995	-0.995	-0.736	-0.732	-0.751	-0.995	-0.707	-0.706	-0.697	-0.693	-0.666	-0.776	-0.994	-0.698	-0.601	-0.694	-0.693	-0.692	-0.587	-0.987	-0.762	-0.981	-0.623	-0.978	-0.625	-0.762	-0.760	-0.663	-0.664	-0.665	-0.790	-0.659	-0.759	-0.668	-0.670	-0.983	-0.814	-0.672	-0.672	-0.689	-0.758	-0.813	-0.812	-0.812	-0.663	-0.757	-0.812	-0.663	-0.812	-0.981	-0.698	-0.705	-0.981	-0.634	-0.756	-0.657	-0.962	-0.755	-0.647	-0.970	-0.757	-0.810	-0.649	-0.811	-0.805	-0.756	-0.786	-0.774	-0.458	-0.608	-0.362	
rs7245557      -0.587	-0.739	-0.807	-0.804	-0.792	-0.804	+0.549	-0.563	-0.636	-0.656	-0.658	-0.658	-0.652	-0.945	-0.650	-0.901	-0.651	-0.523	-0.651	-0.897	-0.897	-0.943	-0.886	-0.648	-0.644	-0.642	-0.939	-0.641	-0.939	-0.562	-0.876	-0.871	-0.874	-0.655	-0.640	-0.941	-0.640	-0.640	-0.870	-0.632	-0.639	-0.639	-0.639	-0.639	-0.639	-0.639	-0.639	-0.637	-0.873	-0.639	-0.874	-0.871	-0.867	-0.652	-0.654	-0.865	-0.863	-0.857	-0.859	-0.859	-0.864	-0.873	-0.874	-0.845	-0.864	-0.846	-0.846	-0.673	-0.736	-0.992	-0.732	-0.732	-0.709	-0.731	-0.672	-0.685	-0.727	-0.758	-0.727	-0.994	-0.994	-0.733	-0.729	-0.749	-0.994	-0.704	-0.703	-0.694	-0.690	-0.663	-0.774	-0.993	-0.695	-0.597	-0.691	-0.690	-0.689	-0.583	-0.986	-0.761	-0.980	-0.619	-0.977	-0.622	-0.761	-0.759	-0.660	-0.661	-0.662	-0.789	-0.656	-0.758	-0.665	-0.667	-0.982	-0.812	-0.669	-0.669	-0.686	-0.757	-0.811	-0.811	-0.810	-0.660	-0.756	-0.810	-0.660	-0.810	-0.980	-0.695	-0.702	-0.980	-0.631	-0.755	-0.654	-0.960	-0.754	-0.644	-0.969	-0.755	-0.808	-0.646	-0.809	-0.803	-0.754	-0.784	-0.773	-0.457	-0.606	-0.361	
rs7250075      -0.590	-0.740	-0.808	-0.805	-0.793	-0.805	+0.541	-0.570	-0.641	-0.659	-0.660	-0.659	-0.654	-0.946	-0.651	-0.902	-0.652	-0.651	-0.524	-0.898	-0.898	-0.944	-0.887	-0.648	-0.644	-0.641	-0.940	-0.641	-0.940	-0.561	-0.877	-0.872	-0.875	-0.655	-0.639	-0.942	-0.639	-0.639	-0.871	-0.630	-0.638	-0.638	-0.638	-0.638	-0.638	-0.638	-0.638	-0.636	-0.874	-0.638	-0.875	-0.872	-0.868	-0.652	-0.653	-0.866	-0.864	-0.858	-0.859	-0.860	-0.864	-0.874	-0.875	-0.845	-0.865	-0.847	-0.847	-0.673	-0.737	-0.993	-0.735	-0.735	-0.711	-0.734	-0.675	-0.688	-0.729	-0.760	-0.730	-0.995	-0.995	-0.735	-0.731	-0.751	-0.995	-0.707	-0.706	-0.697	-0.693	-0.666	-0.776	-0.994	-0.698	-0.601	-0.693	-0.692	-0.692	-0.586	-0.987	-0.762	-0.981	-0.622	-0.978	-0.625	-0.762	-0.760	-0.663	-0.664	-0.665	-0.790	-0.659	-0.759	-0.668	-0.670	-0.983	-0.814	-0.672	-0.672	-0.688	-0.758	-0.813	-0.812	-0.812	-0.663	-0.757	-0.812	-0.663	-0.812	-0.981	-0.698	-0.705	-0.981	-0.634	-0.756	-0.656	-0.962	-0.755	-0.647	-0.970	-0.756	-0.809	-0.649	-0.811	-0.804	-0.755	-0.786	-0.774	-0.458	-0.608	-0.362	
rs73068061     -0.848	-0.661	-0.785	-0.782	-0.772	-0.782	-0.521	-0.941	-0.926	-0.910	-0.906	-0.904	-0.903	-0.724	-0.897	-0.657	-0.898	-0.897	-0.898	-0.504	-0.630	-0.718	-0.612	-0.892	-0.889	-0.887	-0.735	-0.887	-0.736	-0.677	-0.621	-0.609	-0.617	-0.892	-0.884	-0.745	-0.883	-0.883	-0.610	-0.877	-0.883	-0.883	-0.883	-0.883	-0.883	-0.883	-0.883	-0.882	-0.618	-0.883	-0.590	-0.612	-0.561	-0.887	-0.888	-0.597	-0.593	-0.825	-0.585	-0.585	-0.563	-0.597	-0.601	-0.812	-0.574	-0.814	-0.814	-0.637	-0.689	-0.960	-0.942	-0.942	-0.934	-0.942	-0.920	-0.954	-0.940	-0.949	-0.940	-0.963	-0.963	-0.942	-0.941	-0.948	-0.964	-0.931	-0.931	-0.927	-0.926	-0.915	-0.957	-0.963	-0.928	-0.936	-0.926	-0.926	-0.926	-0.890	-0.958	-0.712	-0.931	-0.940	-0.926	-0.863	-0.712	-0.710	-0.882	-0.882	-0.883	-0.747	-0.880	-0.708	-0.884	-0.885	-0.934	-0.953	-0.886	-0.886	-0.894	-0.707	-0.954	-0.954	-0.954	-0.882	-0.706	-0.954	-0.881	-0.954	-0.933	-0.898	-0.902	-0.933	-0.866	-0.704	-0.878	-0.901	-0.703	-0.874	-0.918	-0.705	-0.955	-0.875	-0.954	-0.955	-0.705	-0.945	-0.732	-0.490	-0.629	-0.398	
rs117892314    -0.849	-0.663	-0.785	-0.783	-0.772	-0.783	-0.522	-0.942	-0.927	-0.911	-0.907	-0.905	-0.904	-0.726	-0.897	-0.657	-0.898	-0.897	-0.898	-0.630	-0.505	-0.719	-0.612	-0.893	-0.889	-0.888	-0.736	-0.887	-0.737	-0.678	-0.620	-0.608	-0.616	-0.892	-0.884	-0.746	-0.884	-0.884	-0.609	-0.878	-0.884	-0.884	-0.884	-0.884	-0.884	-0.884	-0.884	-0.883	-0.615	-0.884	-0.583	-0.611	-0.557	-0.887	-0.888	-0.595	-0.591	-0.826	-0.583	-0.583	-0.559	-0.592	-0.596	-0.812	-0.570	-0.814	-0.814	-0.637	-0.690	-0.961	-0.943	-0.943	-0.934	-0.943	-0.921	-0.954	-0.941	-0.950	-0.941	-0.964	-0.964	-0.943	-0.942	-0.949	-0.964	-0.932	-0.932	-0.928	-0.927	-0.916	-0.958	-0.964	-0.929	-0.937	-0.927	-0.926	-0.926	-0.891	-0.959	-0.713	-0.932	-0.940	-0.927	-0.864	-0.713	-0.711	-0.883	-0.883	-0.884	-0.748	-0.881	-0.709	-0.885	-0.886	-0.935	-0.954	-0.887	-0.887	-0.895	-0.708	-0.955	-0.955	-0.955	-0.882	-0.707	-0.955	-0.882	-0.955	-0.934	-0.899	-0.902	-0.934	-0.867	-0.705	-0.879	-0.902	-0.704	-0.874	-0.918	-0.706	-0.956	-0.875	-0.955	-0.955	-0.706	-0.946	-0.733	-0.491	-0.630	-0.398	
rs10407163     -0.915	-0.755	-0.835	-0.832	-0.819	-0.831	-0.608	-0.997	-0.978	-0.959	-0.955	-0.952	-0.951	-0.728	-0.944	-0.736	-0.944	-0.943	-0.944	-0.718	-0.719	-0.571	-0.687	-0.938	-0.934	-0.932	-0.681	-0.932	-0.679	-0.715	-0.669	-0.654	-0.663	-0.938	-0.928	-0.717	-0.928	-0.928	-0.652	-0.921	-0.928	-0.928	-0.928	-0.928	-0.928	-0.928	-0.928	-0.927	-0.662	-0.928	-0.656	-0.655	-0.634	-0.932	-0.933	-0.639	-0.634	-0.821	-0.623	-0.623	-0.626	-0.656	-0.660	-0.804	-0.631	-0.807	-0.807	-0.610	-0.761	-1.019	-1.014	-1.014	-1.006	-1.014	-0.995	-1.020	-1.012	-1.020	-1.012	-1.016	-1.016	-1.014	-1.013	-1.019	-1.021	-1.005	-1.004	-1.001	-1.000	-0.990	-1.025	-1.020	-1.001	-1.006	-1.000	-1.000	-0.999	-0.968	-1.023	-0.783	-1.001	-1.009	-0.999	-0.945	-0.783	-0.781	-0.962	-0.962	-0.963	-0.816	-0.960	-0.779	-0.964	-0.965	-1.004	-1.009	-0.966	-0.966	-0.973	-0.778	-1.010	-1.010	-1.010	-0.962	-0.777	-1.010	-0.962	-1.011	-1.004	-0.977	-0.980	-1.003	-0.947	-0.775	-0.959	-0.993	-0.774	-0.954	-0.994	-0.776	-1.012	-0.955	-1.011	-1.012	-0.776	-1.004	-0.801	-0.554	-0.693	-0.457	
rs10413931     -0.833	-0.643	-0.773	-0.770	-0.760	-0.770	-0.501	-0.929	-0.914	-0.899	-0.895	-0.893	-0.892	-0.695	-0.886	-0.642	-0.887	-0.886	-0.887	-0.612	-0.612	-0.687	-0.489	-0.881	-0.878	-0.877	-0.710	-0.876	-0.711	-0.669	-0.626	-0.619	-0.624	-0.881	-0.873	-0.721	-0.873	-0.873	-0.620	-0.867	-0.873	-0.873	-0.873	-0.873	-0.873	-0.873	-0.873	-0.872	-0.625	-0.873	-0.603	-0.621	-0.586	-0.876	-0.877	-0.610	-0.608	-0.822	-0.602	-0.602	-0.587	-0.608	-0.611	-0.808	-0.594	-0.810	-0.810	-0.637	-0.674	-0.945	-0.926	-0.926	-0.917	-0.925	-0.903	-0.938	-0.923	-0.933	-0.923	-0.950	-0.949	-0.926	-0.924	-0.931	-0.949	-0.914	-0.914	-0.910	-0.909	-0.897	-0.941	-0.949	-0.911	-0.920	-0.909	-0.908	-0.908	-0.872	-0.942	-0.697	-0.913	-0.924	-0.907	-0.843	-0.697	-0.695	-0.863	-0.863	-0.864	-0.732	-0.861	-0.693	-0.865	-0.866	-0.916	-0.940	-0.867	-0.867	-0.875	-0.692	-0.941	-0.941	-0.941	-0.863	-0.690	-0.941	-0.862	-0.941	-0.915	-0.880	-0.883	-0.915	-0.846	-0.689	-0.859	-0.880	-0.688	-0.854	-0.898	-0.690	-0.942	-0.855	-0.942	-0.942	-0.690	-0.932	-0.717	-0.476	-0.615	-0.385	
rs11671776     -0.575	-0.733	-0.802	-0.799	-0.786	-0.799	+0.563	-0.559	-0.630	-0.650	-0.653	-0.654	-0.646	-0.939	-0.648	-0.897	-0.648	-0.648	-0.648	-0.892	-0.893	-0.938	-0.881	-0.517	-0.641	-0.640	-0.934	-0.639	-0.933	-0.567	-0.872	-0.867	-0.870	-0.649	-0.638	-0.936	-0.638	-0.638	-0.866	-0.633	-0.638	-0.638	-0.638	-0.638	-0.638	-0.638	-0.638	-0.636	-0.869	-0.638	-0.870	-0.866	-0.863	-0.649	-0.650	-0.861	-0.859	-0.855	-0.854	-0.854	-0.859	-0.869	-0.870	-0.843	-0.860	-0.845	-0.845	-0.672	-0.731	-0.986	-0.717	-0.717	-0.693	-0.716	-0.655	-0.667	-0.711	-0.743	-0.712	-0.988	-0.988	-0.717	-0.713	-0.734	-0.988	-0.688	-0.687	-0.678	-0.674	-0.646	-0.760	-0.987	-0.679	-0.575	-0.674	-0.673	-0.673	-0.564	-0.979	-0.756	-0.973	-0.598	-0.970	-0.606	-0.756	-0.754	-0.644	-0.645	-0.647	-0.784	-0.640	-0.753	-0.649	-0.652	-0.975	-0.802	-0.653	-0.653	-0.670	-0.752	-0.801	-0.801	-0.801	-0.645	-0.751	-0.800	-0.644	-0.800	-0.973	-0.680	-0.687	-0.973	-0.615	-0.750	-0.638	-0.953	-0.749	-0.628	-0.962	-0.750	-0.797	-0.630	-0.799	-0.792	-0.749	-0.772	-0.767	-0.449	-0.599	-0.354	
rs35664312     -0.567	-0.729	-0.798	-0.795	-0.783	-0.795	+0.580	-0.548	-0.622	-0.644	-0.647	-0.649	-0.641	-0.936	-0.644	-0.893	-0.644	-0.644	-0.644	-0.889	-0.889	-0.934	-0.878	-0.641	-0.513	-0.638	-0.930	-0.638	-0.930	-0.570	-0.869	-0.864	-0.867	-0.645	-0.638	-0.932	-0.638	-0.638	-0.862	-0.634	-0.637	-0.637	-0.637	-0.637	-0.637	-0.637	-0.637	-0.636	-0.866	-0.637	-0.867	-0.863	-0.860	-0.648	-0.648	-0.858	-0.856	-0.854	-0.851	-0.851	-0.856	-0.866	-0.867	-0.841	-0.857	-0.843	-0.843	-0.672	-0.727	-0.982	-0.708	-0.708	-0.683	-0.707	-0.644	-0.655	-0.702	-0.734	-0.702	-0.984	-0.984	-0.708	-0.704	-0.725	-0.984	-0.678	-0.677	-0.667	-0.664	-0.635	-0.751	-0.983	-0.669	-0.562	-0.664	-0.663	-0.663	-0.552	-0.975	-0.753	-0.969	-0.585	-0.965	-0.595	-0.753	-0.751	-0.634	-0.635	-0.637	-0.780	-0.630	-0.749	-0.639	-0.642	-0.970	-0.796	-0.643	-0.644	-0.661	-0.749	-0.794	-0.794	-0.794	-0.635	-0.747	-0.794	-0.634	-0.794	-0.968	-0.671	-0.678	-0.968	-0.604	-0.746	-0.628	-0.948	-0.746	-0.618	-0.957	-0.747	-0.791	-0.620	-0.793	-0.785	-0.746	-0.764	-0.764	-0.444	-0.595	-0.349	
rs12151151     -0.563	-0.727	-0.796	-0.793	-0.781	-0.793	+0.591	-0.540	-0.616	-0.639	-0.644	-0.645	-0.637	-0.934	-0.642	-0.892	-0.641	-0.642	-0.641	-0.887	-0.888	-0.932	-0.877	-0.640	-0.638	-0.511	-0.928	-0.637	-0.928	-0.572	-0.867	-0.862	-0.865	-0.644	-0.637	-0.930	-0.637	-0.637	-0.861	-0.635	-0.637	-0.637	-0.637	-0.637	-0.637	-0.637	-0.637	-0.636	-0.864	-0.637	-0.865	-0.862	-0.859	-0.647	-0.647	-0.856	-0.855	-0.853	-0.850	-0.850	-0.855	-0.864	-0.865	-0.841	-0.855	-0.842	-0.842	-0.671	-0.725	-0.980	-0.703	-0.703	-0.678	-0.702	-0.640	-0.650	-0.697	-0.730	-0.698	-0.982	-0.982	-0.704	-0.699	-0.720	-0.982	-0.674	-0.672	-0.663	-0.659	-0.631	-0.747	-0.981	-0.665	-0.556	-0.660	-0.658	-0.658	-0.546	-0.972	-0.751	-0.966	-0.579	-0.963	-0.591	-0.751	-0.749	-0.630	-0.631	-0.632	-0.778	-0.626	-0.748	-0.635	-0.637	-0.968	-0.793	-0.639	-0.639	-0.657	-0.747	-0.791	-0.791	-0.791	-0.630	-0.746	-0.791	-0.630	-0.791	-0.966	-0.667	-0.674	-0.966	-0.600	-0.745	-0.623	-0.946	-0.744	-0.613	-0.955	-0.745	-0.787	-0.615	-0.790	-0.782	-0.744	-0.761	-0.762	-0.442	-0.592	-0.347	
rs10403034     -0.904	-0.741	-0.829	-0.826	-0.814	-0.826	-0.591	-0.990	-0.972	-0.954	-0.950	-0.947	-0.946	-0.713	-0.939	-0.750	-0.940	-0.939	-0.940	-0.735	-0.736	-0.681	-0.710	-0.934	-0.930	-0.928	-0.562	-0.928	-0.691	-0.714	-0.694	-0.682	-0.689	-0.933	-0.924	-0.720	-0.924	-0.924	-0.680	-0.918	-0.924	-0.924	-0.924	-0.924	-0.924	-0.924	-0.924	-0.923	-0.688	-0.924	-0.683	-0.682	-0.665	-0.928	-0.929	-0.669	-0.664	-0.829	-0.655	-0.655	-0.658	-0.683	-0.686	-0.813	-0.662	-0.816	-0.816	-0.623	-0.749	-1.010	-1.001	-1.001	-0.994	-1.001	-0.981	-1.009	-0.999	-1.008	-1.000	-1.009	-1.009	-1.002	-1.000	-1.006	-1.013	-0.992	-0.991	-0.988	-0.986	-0.977	-1.014	-1.012	-0.988	-0.994	-0.987	-0.986	-0.986	-0.953	-1.013	-0.772	-0.989	-0.997	-0.986	-0.928	-0.772	-0.770	-0.946	-0.947	-0.947	-0.805	-0.944	-0.768	-0.949	-0.949	-0.992	-1.002	-0.950	-0.950	-0.958	-0.767	-1.003	-1.003	-1.003	-0.946	-0.765	-1.003	-0.946	-1.003	-0.991	-0.962	-0.965	-0.991	-0.931	-0.764	-0.943	-0.979	-0.763	-0.939	-0.980	-0.765	-1.004	-0.940	-1.004	-1.004	-0.765	-0.996	-0.790	-0.545	-0.683	-0.449	
rs11667052     -0.561	-0.726	-0.796	-0.793	-0.780	-0.793	+0.594	-0.538	-0.614	-0.638	-0.643	-0.644	-0.636	-0.933	-0.641	-0.891	-0.641	-0.641	-0.641	-0.887	-0.887	-0.932	-0.876	-0.639	-0.638	-0.637	-0.928	-0.511	-0.927	-0.572	-0.867	-0.862	-0.865	-0.643	-0.637	-0.930	-0.637	-0.637	-0.861	-0.635	-0.637	-0.637	-0.637	-0.637	-0.637	-0.637	-0.637	-0.636	-0.864	-0.637	-0.865	-0.861	-0.858	-0.646	-0.647	-0.856	-0.854	-0.853	-0.850	-0.850	-0.854	-0.864	-0.865	-0.841	-0.855	-0.842	-0.842	-0.671	-0.725	-0.979	-0.702	-0.702	-0.677	-0.701	-0.638	-0.649	-0.696	-0.729	-0.696	-0.982	-0.982	-0.702	-0.698	-0.719	-0.981	-0.672	-0.671	-0.661	-0.657	-0.629	-0.746	-0.981	-0.663	-0.554	-0.658	-0.657	-0.657	-0.545	-0.972	-0.751	-0.966	-0.577	-0.962	-0.589	-0.750	-0.749	-0.628	-0.629	-0.631	-0.778	-0.624	-0.747	-0.634	-0.636	-0.968	-0.792	-0.638	-0.638	-0.655	-0.746	-0.790	-0.790	-0.790	-0.629	-0.745	-0.790	-0.628	-0.790	-0.966	-0.665	-0.672	-0.965	-0.598	-0.744	-0.622	-0.945	-0.743	-0.612	-0.954	-0.745	-0.786	-0.614	-0.788	-0.781	-0.744	-0.760	-0.761	-0.441	-0.592	-0.346	
rs3752177      -0.903	-0.740	-0.829	-0.826	-0.814	-0.826	-0.589	-0.990	-0.972	-0.954	-0.950	-0.947	-0.946	-0.711	-0.939	-0.751	-0.940	-0.939	-0.940	-0.736	-0.737	-0.679	-0.711	-0.933	-0.930	-0.928	-0.691	-0.927	-0.561	-0.713	-0.695	-0.683	-0.690	-0.933	-0.924	-0.719	-0.924	-0.924	-0.681	-0.917	-0.924	-0.924	-0.924	-0.924	-0.924	-0.924	-0.924	-0.923	-0.689	-0.924	-0.684	-0.683	-0.667	-0.927	-0.929	-0.670	-0.666	-0.830	-0.657	-0.657	-0.660	-0.685	-0.688	-0.814	-0.664	-0.816	-0.816	-0.624	-0.748	-1.010	-1.001	-1.001	-0.993	-1.000	-0.980	-1.009	-0.999	-1.007	-0.999	-1.009	-1.009	-1.001	-0.999	-1.006	-1.012	-0.991	-0.990	-0.987	-0.986	-0.976	-1.013	-1.011	-0.987	-0.993	-0.986	-0.985	-0.985	-0.952	-1.012	-0.771	-0.988	-0.996	-0.985	-0.927	-0.771	-0.769	-0.945	-0.946	-0.946	-0.805	-0.943	-0.767	-0.948	-0.948	-0.991	-1.001	-0.949	-0.949	-0.957	-0.766	-1.002	-1.003	-1.003	-0.945	-0.765	-1.003	-0.945	-1.003	-0.990	-0.961	-0.964	-0.990	-0.930	-0.763	-0.942	-0.978	-0.762	-0.938	-0.979	-0.764	-1.004	-0.939	-1.003	-1.004	-0.764	-0.995	-0.790	-0.545	-0.683	-0.449	
rs16987303     -0.252	-0.497	-0.576	-0.573	-0.561	-0.573	+0.533	-0.455	-0.512	-0.542	-0.548	-0.552	-0.553	-0.716	-0.561	-0.682	-0.561	-0.562	-0.561	-0.677	-0.678	-0.715	-0.669	-0.567	-0.570	-0.572	-0.714	-0.572	-0.713	-0.270	-0.661	-0.657	-0.660	-0.569	-0.575	-0.716	-0.575	-0.575	-0.656	-0.579	-0.575	-0.575	-0.575	-0.575	-0.575	-0.575	-0.575	-0.575	-0.659	-0.575	-0.659	-0.657	-0.654	-0.574	-0.573	-0.652	-0.650	-0.689	-0.646	-0.646	-0.650	-0.658	-0.659	-0.679	-0.650	-0.680	-0.680	-0.529	-0.511	-0.758	-0.451	-0.451	-0.424	-0.450	-0.383	-0.418	-0.446	-0.482	-0.446	-0.766	-0.766	-0.453	-0.448	-0.471	-0.762	-0.418	-0.416	-0.406	-0.402	-0.371	-0.499	-0.762	-0.410	-0.323	-0.405	-0.404	-0.404	-0.290	-0.745	-0.534	-0.737	-0.343	-0.731	-0.321	-0.534	-0.532	-0.364	-0.365	-0.367	-0.560	-0.360	-0.530	-0.369	-0.372	-0.738	-0.579	-0.373	-0.373	-0.392	-0.530	-0.577	-0.577	-0.577	-0.364	-0.529	-0.576	-0.363	-0.576	-0.736	-0.403	-0.410	-0.736	-0.332	-0.528	-0.356	-0.711	-0.527	-0.346	-0.720	-0.529	-0.571	-0.348	-0.574	-0.563	-0.527	-0.534	-0.543	-0.186	-0.341	-0.091	
rs10418635     -0.819	-0.626	-0.762	-0.760	-0.750	-0.759	-0.482	-0.917	-0.904	-0.889	-0.885	-0.883	-0.882	-0.651	-0.877	-0.577	-0.877	-0.876	-0.877	-0.621	-0.620	-0.669	-0.626	-0.872	-0.869	-0.867	-0.694	-0.867	-0.695	-0.661	-0.476	-0.595	-0.599	-0.872	-0.864	-0.686	-0.864	-0.864	-0.598	-0.858	-0.864	-0.864	-0.864	-0.864	-0.864	-0.864	-0.864	-0.863	-0.601	-0.864	-0.625	-0.598	-0.618	-0.867	-0.868	-0.590	-0.588	-0.818	-0.584	-0.584	-0.618	-0.628	-0.628	-0.806	-0.621	-0.808	-0.808	-0.638	-0.662	-0.933	-0.910	-0.910	-0.900	-0.909	-0.886	-0.924	-0.907	-0.917	-0.907	-0.938	-0.938	-0.910	-0.908	-0.916	-0.934	-0.898	-0.897	-0.894	-0.892	-0.881	-0.926	-0.934	-0.894	-0.905	-0.892	-0.892	-0.892	-0.855	-0.928	-0.683	-0.898	-0.909	-0.892	-0.824	-0.682	-0.680	-0.844	-0.845	-0.845	-0.718	-0.842	-0.678	-0.847	-0.848	-0.897	-0.929	-0.848	-0.848	-0.857	-0.677	-0.930	-0.930	-0.930	-0.844	-0.676	-0.930	-0.844	-0.930	-0.896	-0.861	-0.865	-0.896	-0.827	-0.674	-0.841	-0.858	-0.674	-0.835	-0.877	-0.676	-0.930	-0.837	-0.930	-0.930	-0.676	-0.919	-0.703	-0.462	-0.601	-0.371	
rs10405534     -0.812	-0.618	-0.756	-0.754	-0.745	-0.753	-0.473	-0.911	-0.898	-0.884	-0.880	-0.878	-0.877	-0.635	-0.871	-0.556	-0.872	-0.871	-0.872	-0.609	-0.608	-0.654	-0.619	-0.867	-0.864	-0.862	-0.682	-0.862	-0.683	-0.657	-0.595	-0.469	-0.593	-0.867	-0.859	-0.671	-0.859	-0.859	-0.595	-0.853	-0.859	-0.859	-0.859	-0.859	-0.859	-0.859	-0.859	-0.858	-0.596	-0.859	-0.620	-0.595	-0.615	-0.862	-0.863	-0.589	-0.588	-0.815	-0.586	-0.586	-0.616	-0.622	-0.623	-0.804	-0.618	-0.806	-0.806	-0.637	-0.655	-0.926	-0.902	-0.902	-0.893	-0.902	-0.878	-0.917	-0.900	-0.910	-0.900	-0.932	-0.931	-0.902	-0.901	-0.908	-0.927	-0.890	-0.889	-0.886	-0.884	-0.873	-0.919	-0.927	-0.886	-0.897	-0.884	-0.884	-0.884	-0.847	-0.920	-0.676	-0.890	-0.901	-0.883	-0.815	-0.675	-0.673	-0.836	-0.836	-0.837	-0.711	-0.833	-0.671	-0.838	-0.839	-0.888	-0.923	-0.840	-0.840	-0.848	-0.670	-0.923	-0.924	-0.924	-0.835	-0.669	-0.924	-0.835	-0.924	-0.887	-0.853	-0.857	-0.887	-0.818	-0.667	-0.832	-0.849	-0.666	-0.827	-0.868	-0.668	-0.924	-0.828	-0.924	-0.924	-0.669	-0.913	-0.697	-0.455	-0.595	-0.365	
rs73070034     -0.816	-0.623	-0.759	-0.757	-0.748	-0.757	-0.478	-0.915	-0.901	-0.887	-0.883	-0.881	-0.880	-0.645	-0.874	-0.572	-0.875	-0.874	-0.875	-0.617	-0.616	-0.663	-0.624	-0.870	-0.867	-0.865	-0.689	-0.865	-0.690	-0.660	-0.599	-0.593	-0.473	-0.870	-0.862	-0.679	-0.862	-0.862	-0.595	-0.856	-0.862	-0.862	-0.862	-0.862	-0.862	-0.862	-0.862	-0.861	-0.598	-0.862	-0.622	-0.596	-0.616	-0.865	-0.866	-0.588	-0.587	-0.817	-0.584	-0.584	-0.616	-0.625	-0.625	-0.806	-0.619	-0.807	-0.807	-0.638	-0.659	-0.930	-0.907	-0.907	-0.897	-0.906	-0.883	-0.921	-0.904	-0.914	-0.904	-0.936	-0.935	-0.907	-0.905	-0.912	-0.931	-0.895	-0.894	-0.890	-0.889	-0.877	-0.923	-0.931	-0.891	-0.901	-0.889	-0.889	-0.888	-0.851	-0.925	-0.680	-0.895	-0.906	-0.888	-0.820	-0.679	-0.677	-0.841	-0.841	-0.842	-0.715	-0.838	-0.675	-0.843	-0.844	-0.893	-0.926	-0.845	-0.845	-0.853	-0.674	-0.927	-0.927	-0.927	-0.840	-0.673	-0.927	-0.840	-0.927	-0.892	-0.858	-0.861	-0.892	-0.823	-0.671	-0.837	-0.854	-0.671	-0.832	-0.873	-0.673	-0.928	-0.833	-0.927	-0.927	-0.673	-0.917	-0.701	-0.459	-0.598	-0.368	
rs3813141      -0.577	-0.733	-0.802	-0.799	-0.786	-0.799	+0.545	-0.580	-0.643	-0.659	-0.661	-0.661	-0.655	-0.939	-0.655	-0.896	-0.655	-0.655	-0.655	-0.892	-0.892	-0.938	-0.881	-0.649	-0.645	-0.644	-0.933	-0.643	-0.933	-0.569	-0.872	-0.867	-0.870	-0.517	-0.636	-0.936	-0.636	-0.636	-0.865	-0.631	-0.636	-0.636	-0.636	-0.636	-0.636	-0.636	-0.636	-0.634	-0.869	-0.636	-0.870	-0.866	-0.863	-0.647	-0.649	-0.861	-0.859	-0.855	-0.854	-0.854	-0.859	-0.869	-0.870	-0.843	-0.860	-0.845	-0.845	-0.673	-0.730	-0.985	-0.716	-0.716	-0.691	-0.715	-0.654	-0.665	-0.710	-0.742	-0.711	-0.988	-0.988	-0.716	-0.712	-0.733	-0.988	-0.687	-0.686	-0.676	-0.673	-0.645	-0.759	-0.987	-0.678	-0.573	-0.673	-0.672	-0.672	-0.562	-0.979	-0.756	-0.973	-0.596	-0.969	-0.605	-0.756	-0.754	-0.643	-0.644	-0.646	-0.784	-0.639	-0.753	-0.649	-0.651	-0.975	-0.801	-0.653	-0.653	-0.670	-0.752	-0.800	-0.800	-0.800	-0.644	-0.751	-0.800	-0.643	-0.800	-0.973	-0.680	-0.686	-0.973	-0.614	-0.750	-0.637	-0.953	-0.749	-0.627	-0.961	-0.750	-0.797	-0.629	-0.799	-0.791	-0.749	-0.771	-0.767	-0.449	-0.599	-0.353	
rs8110306      -0.555	-0.722	-0.792	-0.790	-0.777	-0.789	+0.603	-0.531	-0.609	-0.635	-0.640	-0.642	-0.634	-0.930	-0.640	-0.888	-0.639	-0.640	-0.639	-0.884	-0.884	-0.928	-0.873	-0.638	-0.638	-0.637	-0.924	-0.637	-0.924	-0.575	-0.864	-0.859	-0.862	-0.636	-0.507	-0.927	-0.633	-0.633	-0.858	-0.632	-0.633	-0.633	-0.633	-0.633	-0.633	-0.633	-0.633	-0.632	-0.861	-0.633	-0.862	-0.859	-0.855	-0.642	-0.642	-0.853	-0.851	-0.851	-0.847	-0.847	-0.851	-0.861	-0.862	-0.839	-0.852	-0.841	-0.841	-0.671	-0.721	-0.975	-0.693	-0.693	-0.668	-0.692	-0.629	-0.638	-0.687	-0.721	-0.688	-0.978	-0.978	-0.694	-0.689	-0.711	-0.978	-0.663	-0.662	-0.652	-0.648	-0.619	-0.738	-0.977	-0.654	-0.541	-0.649	-0.648	-0.648	-0.534	-0.968	-0.747	-0.962	-0.566	-0.958	-0.580	-0.747	-0.745	-0.620	-0.621	-0.622	-0.775	-0.615	-0.744	-0.625	-0.627	-0.964	-0.786	-0.629	-0.629	-0.647	-0.743	-0.784	-0.784	-0.784	-0.620	-0.742	-0.784	-0.620	-0.784	-0.962	-0.657	-0.664	-0.961	-0.589	-0.741	-0.613	-0.941	-0.740	-0.603	-0.949	-0.742	-0.780	-0.605	-0.782	-0.774	-0.741	-0.753	-0.758	-0.436	-0.587	-0.341	
rs13346710     -0.906	-0.744	-0.832	-0.829	-0.817	-0.829	-0.592	-0.992	-0.974	-0.957	-0.952	-0.949	-0.948	-0.689	-0.941	-0.745	-0.942	-0.941	-0.942	-0.745	-0.746	-0.717	-0.721	-0.936	-0.932	-0.930	-0.720	-0.930	-0.719	-0.716	-0.686	-0.671	-0.679	-0.936	-0.927	-0.564	-0.927	-0.927	-0.669	-0.920	-0.926	-0.926	-0.926	-0.926	-0.926	-0.926	-0.926	-0.925	-0.677	-0.926	-0.694	-0.671	-0.677	-0.930	-0.931	-0.656	-0.652	-0.830	-0.642	-0.642	-0.670	-0.694	-0.696	-0.818	-0.674	-0.820	-0.820	-0.628	-0.753	-1.014	-1.003	-1.003	-0.995	-1.003	-0.983	-1.011	-1.001	-1.009	-1.001	-1.012	-1.013	-1.003	-1.002	-1.008	-1.014	-0.993	-0.992	-0.989	-0.988	-0.978	-1.016	-1.013	-0.990	-0.995	-0.988	-0.988	-0.988	-0.955	-1.016	-0.774	-0.992	-0.999	-0.989	-0.930	-0.773	-0.771	-0.948	-0.948	-0.949	-0.807	-0.946	-0.769	-0.950	-0.951	-0.992	-1.004	-0.951	-0.951	-0.959	-0.769	-1.005	-1.005	-1.005	-0.947	-0.767	-1.005	-0.947	-1.005	-0.991	-0.963	-0.966	-0.991	-0.932	-0.766	-0.944	-0.979	-0.765	-0.940	-0.980	-0.767	-1.006	-0.941	-1.006	-1.006	-0.767	-0.998	-0.792	-0.546	-0.685	-0.450	
rs15507        -0.555	-0.722	-0.792	-0.789	-0.777	-0.789	+0.604	-0.531	-0.608	-0.634	-0.639	-0.641	-0.633	-0.930	-0.640	-0.888	-0.639	-0.640	-0.639	-0.883	-0.884	-0.928	-0.873	-0.638	-0.638	-0.637	-0.924	-0.637	-0.924	-0.575	-0.864	-0.859	-0.862	-0.636	-0.633	-0.927	-0.507	-0.633	-0.858	-0.632	-0.633	-0.633	-0.633	-0.633	-0.633	-0.633	-0.633	-0.632	-0.861	-0.633	-0.862	-0.859	-0.855	-0.642	-0.642	-0.853	-0.851	-0.851	-0.847	-0.847	-0.851	-0.861	-0.862	-0.839	-0.852	-0.841	-0.841	-0.671	-0.721	-0.975	-0.693	-0.693	-0.668	-0.692	-0.628	-0.638	-0.687	-0.721	-0.688	-0.978	-0.978	-0.693	-0.689	-0.710	-0.977	-0.663	-0.662	-0.652	-0.648	-0.619	-0.738	-0.977	-0.654	-0.541	-0.649	-0.648	-0.647	-0.534	-0.968	-0.747	-0.962	-0.565	-0.958	-0.580	-0.747	-0.745	-0.619	-0.620	-0.622	-0.775	-0.615	-0.744	-0.625	-0.627	-0.964	-0.786	-0.629	-0.629	-0.647	-0.743	-0.784	-0.784	-0.784	-0.620	-0.742	-0.784	-0.619	-0.784	-0.961	-0.657	-0.664	-0.961	-0.589	-0.741	-0.613	-0.941	-0.740	-0.603	-0.949	-0.742	-0.780	-0.605	-0.782	-0.774	-0.741	-0.753	-0.758	-0.436	-0.587	-0.341	
