## Summary of overall evidence for association with region:
## log10(BF for region) = -0.549167
## p-value for region = NA

## BFs for choosing among multi-SNP models:
## log10(average 1-SNP BF) = -0.477611
## log10(average 2-SNP BF) = -0.741788

## Example posterior probabilities for multi-SNP models, based on default prior: [p(l) propto 0.5^l for l=1,2,...,L]
## posterior probability of 1-SNP = 0.786077
## posterior probability of 2-SNP = 0.213923

## log10(BF) for single SNP and pair of SNPs:
rs2298613      +0.011	-0.145	-0.301	-0.300	-0.294	-0.138	-0.293	-0.449	-0.446	-0.389	-0.333	-0.446	-0.446	-0.397	-0.446	-0.436	-0.446	-0.446	-0.446	-0.446	-0.392	-0.392	-0.382	-0.395	-0.360	-0.358	-0.360	-0.381	-0.445	-0.380	-0.380	-0.381	-0.381	-0.471	-0.446	-0.471	-0.471	-0.472	-0.446	-0.358	-0.455	-0.453	-0.464	-0.471	-0.467	-0.452	-0.465	-0.469	-0.469	-0.468	-0.469	-0.468	-0.467	-0.446	-0.462	-0.461	-0.458	-0.459	-0.456	-0.455	-0.467	-0.388	-0.200	-0.200	-0.458	-0.477	-0.182	-0.413	-0.188	-0.189	-0.188	-0.425	-0.195	-0.188	-0.434	-0.426	-0.208	-0.427	-0.201	-0.211	-0.457	-0.259	-0.268	-0.493	-0.467	-0.260	-0.465	-0.193	-0.260	-0.194	-0.194	-0.459	-0.194	-0.456	-0.454	-0.166	-0.460	-0.474	-0.460	-0.457	-0.480	-0.479	-0.201	-0.234	-0.325	-0.486	-0.500	-0.225	-0.229	-0.158	-0.437	-0.451	-0.431	-0.437	-0.490	-0.497	-0.499	-0.499	-0.493	-0.503	-0.493	-0.455	-0.449	-0.448	-0.499	-0.461	-0.463	-0.480	-0.504	-0.495	-0.495	-0.495	-0.503	-0.503	-0.503	-0.475	-0.499	-0.387	-0.436	-0.420	-0.404	-0.436	-0.440	-0.440	-0.442	-0.435	-0.432	-0.423	-0.432	-0.443	-0.445	-0.461	-0.457	-0.460	-0.446	-0.327	-0.456	-0.476	-0.332	-0.475	+0.104	-0.455	-0.455	-0.477	-0.479	-0.480	-0.161	-0.452	-0.463	-0.477	-0.452	-0.477	-0.456	-0.474	-0.481	-0.478	-0.478	-0.476	-0.483	-0.409	-0.452	-0.167	+0.143	-0.496	
rs7239522      -0.145	-0.200	-0.542	-0.541	-0.537	-0.195	-0.537	-0.648	-0.648	-0.631	-0.562	-0.648	-0.646	-0.636	-0.646	-0.654	-0.644	-0.646	-0.645	-0.645	-0.633	-0.633	-0.626	-0.635	-0.608	-0.607	-0.608	-0.625	-0.651	-0.624	-0.624	-0.625	-0.625	-0.677	-0.648	-0.677	-0.677	-0.677	-0.649	-0.572	-0.665	-0.663	-0.662	-0.683	-0.671	-0.663	-0.660	-0.683	-0.684	-0.672	-0.683	-0.683	-0.672	-0.659	-0.672	-0.672	-0.672	-0.672	-0.671	-0.670	-0.659	-0.612	-0.391	-0.391	-0.667	-0.676	-0.373	-0.627	-0.378	-0.382	-0.381	-0.637	-0.387	-0.379	-0.645	-0.638	-0.399	-0.639	-0.392	-0.404	-0.666	-0.452	-0.461	-0.696	-0.676	-0.452	-0.674	-0.384	-0.453	-0.387	-0.387	-0.668	-0.385	-0.666	-0.664	-0.358	-0.669	-0.682	-0.669	-0.667	-0.687	-0.687	-0.393	-0.428	-0.507	-0.690	-0.703	-0.419	-0.423	-0.356	-0.624	-0.639	-0.622	-0.628	-0.684	-0.693	-0.696	-0.696	-0.688	-0.703	-0.688	-0.648	-0.641	-0.640	-0.695	-0.654	-0.656	-0.675	-0.702	-0.690	-0.691	-0.691	-0.700	-0.701	-0.701	-0.670	-0.695	-0.607	-0.649	-0.636	-0.626	-0.650	-0.653	-0.653	-0.655	-0.649	-0.647	-0.642	-0.649	-0.658	-0.660	-0.672	-0.667	-0.669	-0.661	-0.534	-0.669	-0.681	-0.539	-0.681	-0.086	-0.668	-0.668	-0.681	-0.682	-0.682	-0.394	-0.666	-0.674	-0.681	-0.666	-0.681	-0.668	-0.681	-0.681	-0.684	-0.683	-0.673	-0.683	-0.593	-0.637	-0.337	-0.025	-0.693	
rs1941183      -0.301	-0.542	-0.520	-0.648	-0.649	-0.285	-0.650	-0.884	-0.890	-1.001	-0.981	-0.891	-0.885	-1.002	-0.886	-0.935	-0.881	-0.885	-0.884	-0.885	-1.002	-1.002	-1.001	-1.003	-0.995	-0.994	-0.995	-1.001	-0.906	-1.001	-1.001	-1.001	-1.001	-0.962	-0.894	-0.962	-0.962	-0.959	-0.894	-0.863	-0.992	-0.997	-0.915	-0.982	-0.938	-0.982	-0.905	-0.990	-0.991	-0.942	-0.991	-0.991	-0.940	-0.985	-0.957	-0.957	-0.962	-0.959	-0.964	-0.966	-0.904	-0.991	-0.664	-0.663	-0.981	-0.964	-0.644	-0.954	-0.650	-0.661	-0.660	-0.960	-0.666	-0.652	-0.968	-0.962	-0.673	-0.962	-0.666	-0.684	-0.986	-0.729	-0.738	-1.004	-0.994	-0.729	-0.993	-0.658	-0.730	-0.667	-0.667	-0.988	-0.658	-0.985	-0.984	-0.636	-0.988	-0.999	-0.988	-0.986	-1.001	-1.003	-0.666	-0.711	-0.739	-0.995	-1.007	-0.704	-0.707	-0.637	-0.866	-0.888	-0.876	-0.885	-0.954	-0.970	-0.977	-0.976	-0.960	-0.999	-0.961	-0.910	-0.901	-0.900	-0.975	-0.918	-0.921	-0.947	-0.989	-0.965	-0.966	-0.966	-0.984	-0.986	-0.986	-0.941	-0.975	-0.970	-0.988	-0.985	-0.987	-0.991	-0.992	-0.992	-0.993	-0.992	-0.991	-0.994	-0.996	-0.997	-0.997	-1.001	-0.995	-0.995	-0.997	-0.850	-0.998	-0.988	-0.852	-0.990	-0.365	-0.998	-0.998	-0.987	-0.983	-0.981	-0.823	-0.998	-0.996	-0.987	-0.998	-0.989	-0.998	-0.993	-0.972	-0.988	-0.988	-0.953	-0.973	-0.829	-0.878	-0.524	-0.199	-0.974	
rs55794712     -0.300	-0.541	-0.648	-0.521	-0.650	-0.284	-0.650	-0.884	-0.890	-1.002	-0.981	-0.891	-0.885	-1.003	-0.886	-0.935	-0.881	-0.885	-0.884	-0.885	-1.003	-1.003	-1.002	-1.003	-0.995	-0.995	-0.995	-1.002	-0.906	-1.002	-1.002	-1.002	-1.002	-0.962	-0.894	-0.962	-0.962	-0.960	-0.894	-0.863	-0.992	-0.997	-0.915	-0.982	-0.938	-0.982	-0.905	-0.991	-0.991	-0.942	-0.991	-0.991	-0.941	-0.985	-0.957	-0.957	-0.962	-0.959	-0.964	-0.966	-0.904	-0.992	-0.664	-0.663	-0.981	-0.964	-0.644	-0.955	-0.650	-0.661	-0.660	-0.961	-0.666	-0.652	-0.969	-0.962	-0.674	-0.963	-0.666	-0.684	-0.986	-0.729	-0.739	-1.004	-0.994	-0.730	-0.993	-0.658	-0.730	-0.667	-0.667	-0.988	-0.658	-0.986	-0.984	-0.637	-0.989	-0.999	-0.988	-0.987	-1.001	-1.003	-0.666	-0.711	-0.739	-0.995	-1.008	-0.704	-0.708	-0.638	-0.866	-0.888	-0.877	-0.885	-0.954	-0.970	-0.977	-0.977	-0.960	-1.000	-0.961	-0.910	-0.901	-0.900	-0.975	-0.918	-0.921	-0.947	-0.989	-0.966	-0.966	-0.966	-0.984	-0.987	-0.987	-0.941	-0.975	-0.970	-0.988	-0.986	-0.987	-0.991	-0.992	-0.992	-0.993	-0.992	-0.991	-0.994	-0.996	-0.997	-0.998	-1.001	-0.995	-0.995	-0.998	-0.850	-0.998	-0.988	-0.853	-0.991	-0.365	-0.998	-0.998	-0.987	-0.983	-0.981	-0.823	-0.998	-0.996	-0.987	-0.998	-0.990	-0.998	-0.994	-0.972	-0.988	-0.988	-0.954	-0.973	-0.829	-0.878	-0.524	-0.199	-0.975	
rs76282593     -0.294	-0.537	-0.649	-0.650	-0.526	-0.277	-0.654	-0.886	-0.893	-1.007	-0.987	-0.893	-0.888	-1.008	-0.889	-0.938	-0.883	-0.888	-0.887	-0.887	-1.008	-1.008	-1.007	-1.009	-1.001	-1.000	-1.001	-1.007	-0.909	-1.007	-1.007	-1.007	-1.007	-0.967	-0.896	-0.967	-0.967	-0.964	-0.897	-0.869	-0.997	-1.002	-0.918	-0.987	-0.942	-0.986	-0.908	-0.995	-0.996	-0.946	-0.996	-0.996	-0.944	-0.990	-0.961	-0.961	-0.966	-0.963	-0.968	-0.970	-0.908	-0.998	-0.667	-0.667	-0.987	-0.970	-0.648	-0.960	-0.654	-0.665	-0.664	-0.966	-0.670	-0.655	-0.974	-0.968	-0.677	-0.968	-0.670	-0.688	-0.992	-0.733	-0.743	-1.010	-0.999	-0.733	-0.999	-0.662	-0.734	-0.671	-0.671	-0.994	-0.662	-0.991	-0.990	-0.640	-0.994	-1.005	-0.994	-0.992	-1.006	-1.009	-0.670	-0.715	-0.741	-1.000	-1.013	-0.708	-0.712	-0.642	-0.870	-0.892	-0.881	-0.889	-0.958	-0.974	-0.981	-0.981	-0.965	-1.004	-0.966	-0.914	-0.906	-0.905	-0.979	-0.923	-0.925	-0.952	-0.993	-0.970	-0.970	-0.970	-0.989	-0.991	-0.991	-0.945	-0.979	-0.976	-0.994	-0.991	-0.993	-0.997	-0.998	-0.998	-0.998	-0.997	-0.997	-1.000	-1.002	-1.003	-1.003	-1.006	-1.000	-1.000	-1.003	-0.856	-1.004	-0.993	-0.858	-0.996	-0.370	-1.004	-1.004	-0.992	-0.988	-0.986	-0.831	-1.003	-1.001	-0.992	-1.003	-0.995	-1.003	-0.999	-0.977	-0.993	-0.993	-0.958	-0.977	-0.833	-0.882	-0.527	-0.202	-0.979	
rs35103742     -0.138	-0.195	-0.285	-0.284	-0.277	+0.023	-0.276	-0.441	-0.437	-0.378	-0.323	-0.438	-0.438	-0.386	-0.437	-0.428	-0.437	-0.437	-0.437	-0.437	-0.381	-0.381	-0.372	-0.384	-0.349	-0.348	-0.349	-0.371	-0.437	-0.370	-0.370	-0.370	-0.370	-0.460	-0.438	-0.461	-0.461	-0.461	-0.438	-0.338	-0.445	-0.442	-0.456	-0.461	-0.460	-0.446	-0.457	-0.458	-0.459	-0.460	-0.458	-0.458	-0.460	-0.440	-0.454	-0.454	-0.451	-0.452	-0.449	-0.448	-0.458	-0.385	-0.187	-0.186	-0.447	-0.466	-0.169	-0.402	-0.174	-0.175	-0.174	-0.414	-0.181	-0.175	-0.423	-0.415	-0.194	-0.416	-0.187	-0.197	-0.446	-0.247	-0.256	-0.484	-0.456	-0.247	-0.455	-0.180	-0.248	-0.180	-0.180	-0.448	-0.181	-0.445	-0.443	-0.152	-0.449	-0.464	-0.449	-0.447	-0.470	-0.469	-0.188	-0.221	-0.317	-0.478	-0.491	-0.213	-0.217	-0.148	-0.425	-0.439	-0.417	-0.423	-0.480	-0.487	-0.490	-0.490	-0.483	-0.494	-0.483	-0.442	-0.435	-0.435	-0.489	-0.448	-0.450	-0.467	-0.495	-0.485	-0.485	-0.485	-0.493	-0.494	-0.494	-0.463	-0.489	-0.387	-0.433	-0.419	-0.402	-0.433	-0.436	-0.437	-0.439	-0.432	-0.430	-0.420	-0.428	-0.439	-0.441	-0.455	-0.453	-0.455	-0.442	-0.317	-0.451	-0.469	-0.323	-0.469	+0.117	-0.450	-0.450	-0.470	-0.472	-0.472	-0.162	-0.447	-0.458	-0.470	-0.447	-0.470	-0.451	-0.467	-0.472	-0.472	-0.471	-0.467	-0.475	-0.395	-0.440	-0.147	+0.169	-0.485	
rs56067591     -0.293	-0.537	-0.650	-0.650	-0.654	-0.276	-0.525	-0.885	-0.891	-1.006	-0.985	-0.892	-0.886	-1.007	-0.887	-0.937	-0.882	-0.886	-0.885	-0.886	-1.007	-1.007	-1.006	-1.007	-0.999	-0.999	-0.999	-1.006	-0.907	-1.006	-1.006	-1.006	-1.006	-0.966	-0.895	-0.966	-0.966	-0.963	-0.895	-0.867	-0.996	-1.001	-0.917	-0.986	-0.940	-0.985	-0.907	-0.994	-0.995	-0.945	-0.995	-0.995	-0.943	-0.989	-0.959	-0.959	-0.965	-0.962	-0.967	-0.969	-0.906	-0.996	-0.666	-0.666	-0.985	-0.969	-0.647	-0.959	-0.653	-0.664	-0.663	-0.965	-0.669	-0.654	-0.973	-0.966	-0.676	-0.967	-0.669	-0.687	-0.991	-0.732	-0.741	-1.008	-0.998	-0.732	-0.997	-0.661	-0.733	-0.670	-0.670	-0.992	-0.661	-0.990	-0.988	-0.639	-0.993	-1.004	-0.993	-0.991	-1.005	-1.007	-0.669	-0.714	-0.740	-0.999	-1.012	-0.707	-0.710	-0.641	-0.869	-0.891	-0.880	-0.888	-0.957	-0.973	-0.980	-0.980	-0.964	-1.003	-0.964	-0.913	-0.905	-0.904	-0.978	-0.922	-0.924	-0.951	-0.992	-0.969	-0.969	-0.969	-0.988	-0.990	-0.990	-0.944	-0.978	-0.974	-0.992	-0.990	-0.991	-0.995	-0.996	-0.997	-0.997	-0.996	-0.995	-0.998	-1.000	-1.001	-1.002	-1.005	-0.999	-0.999	-1.001	-0.854	-1.002	-0.992	-0.857	-0.994	-0.369	-1.002	-1.002	-0.991	-0.986	-0.985	-0.829	-1.002	-1.000	-0.991	-1.002	-0.993	-1.002	-0.997	-0.976	-0.992	-0.992	-0.957	-0.976	-0.832	-0.880	-0.526	-0.201	-0.978	
rs7239805      -0.449	-0.648	-0.884	-0.884	-0.886	-0.441	-0.885	-0.482	-0.646	-0.728	-0.643	-0.659	-0.659	-0.743	-0.663	-0.662	-0.665	-0.670	-0.668	-0.669	-0.739	-0.739	-0.726	-0.745	-0.714	-0.713	-0.714	-0.725	-0.687	-0.723	-0.723	-0.724	-0.724	-0.854	-0.684	-0.854	-0.855	-0.855	-0.685	-0.846	-0.840	-0.839	-0.771	-0.861	-0.788	-0.778	-0.781	-0.861	-0.862	-0.791	-0.861	-0.861	-0.791	-0.771	-0.789	-0.789	-0.787	-0.788	-0.786	-0.792	-0.805	-0.696	-0.646	-0.645	-0.958	-0.939	-0.627	-0.939	-0.633	-0.641	-0.640	-0.943	-0.645	-0.634	-0.950	-0.945	-0.655	-0.945	-0.648	-0.662	-0.963	-0.706	-0.714	-0.956	-0.968	-0.706	-0.968	-0.640	-0.707	-0.646	-0.646	-0.964	-0.640	-0.963	-0.962	-0.617	-0.965	-0.971	-0.965	-0.963	-0.971	-0.974	-0.648	-0.688	-0.733	-0.962	-0.968	-0.680	-0.682	-0.603	-0.846	-0.867	-0.851	-0.859	-0.927	-0.942	-0.948	-0.948	-0.933	-0.967	-0.934	-0.883	-0.875	-0.874	-0.946	-0.891	-0.893	-0.918	-0.959	-0.938	-0.938	-0.938	-0.955	-0.957	-0.957	-0.912	-0.946	-0.914	-0.942	-0.936	-0.935	-0.943	-0.945	-0.945	-0.946	-0.943	-0.942	-0.944	-0.948	-0.952	-0.953	-0.961	-0.952	-0.953	-0.954	-0.811	-0.957	-0.952	-0.814	-0.954	-0.162	-0.956	-0.956	-0.952	-0.949	-0.948	-0.627	-0.956	-0.957	-0.952	-0.956	-0.954	-0.957	-0.957	-0.941	-0.955	-0.954	-0.926	-0.944	-0.815	-0.864	-0.530	-0.216	-0.947	
rs7240185      -0.446	-0.648	-0.890	-0.890	-0.893	-0.437	-0.891	-0.646	-0.490	-0.742	-0.658	-0.638	-0.638	-0.755	-0.642	-0.643	-0.644	-0.651	-0.647	-0.648	-0.751	-0.750	-0.737	-0.756	-0.726	-0.724	-0.726	-0.736	-0.670	-0.735	-0.735	-0.736	-0.735	-0.858	-0.666	-0.858	-0.858	-0.858	-0.668	-0.854	-0.844	-0.844	-0.767	-0.865	-0.786	-0.777	-0.778	-0.865	-0.865	-0.789	-0.865	-0.865	-0.789	-0.770	-0.788	-0.788	-0.786	-0.787	-0.785	-0.792	-0.804	-0.706	-0.652	-0.652	-0.966	-0.946	-0.633	-0.947	-0.639	-0.647	-0.646	-0.951	-0.652	-0.641	-0.957	-0.953	-0.662	-0.953	-0.654	-0.669	-0.971	-0.712	-0.721	-0.964	-0.976	-0.713	-0.976	-0.646	-0.713	-0.652	-0.652	-0.972	-0.647	-0.970	-0.969	-0.624	-0.973	-0.979	-0.972	-0.971	-0.978	-0.982	-0.654	-0.695	-0.739	-0.969	-0.975	-0.687	-0.689	-0.613	-0.853	-0.874	-0.859	-0.867	-0.934	-0.949	-0.955	-0.955	-0.940	-0.974	-0.941	-0.891	-0.883	-0.882	-0.953	-0.899	-0.901	-0.926	-0.966	-0.945	-0.945	-0.945	-0.962	-0.964	-0.964	-0.920	-0.953	-0.920	-0.949	-0.942	-0.941	-0.950	-0.952	-0.952	-0.953	-0.950	-0.949	-0.951	-0.955	-0.959	-0.960	-0.967	-0.959	-0.960	-0.960	-0.818	-0.964	-0.959	-0.821	-0.961	-0.175	-0.963	-0.963	-0.959	-0.956	-0.955	-0.634	-0.963	-0.964	-0.958	-0.963	-0.961	-0.963	-0.964	-0.948	-0.961	-0.961	-0.933	-0.950	-0.822	-0.870	-0.536	-0.222	-0.954	
rs7240920      -0.389	-0.631	-1.001	-1.002	-1.007	-0.378	-1.006	-0.728	-0.742	-0.644	-0.793	-0.741	-0.730	-0.795	-0.733	-0.837	-0.722	-0.734	-0.729	-0.730	-0.806	-0.807	-0.809	-0.814	-0.827	-0.826	-0.827	-0.810	-0.777	-0.811	-0.811	-0.810	-0.811	-0.532	-0.751	-0.533	-0.537	-0.516	-0.752	-0.963	-0.816	-0.847	-0.741	-0.735	-0.805	-0.937	-0.738	-0.783	-0.789	-0.817	-0.787	-0.788	-0.814	-0.949	-0.859	-0.859	-0.874	-0.867	-0.883	-0.893	-0.774	-1.030	-0.731	-0.730	-1.104	-1.074	-0.709	-1.078	-0.717	-0.725	-0.724	-1.082	-0.731	-0.718	-1.090	-1.084	-0.742	-1.085	-0.734	-0.751	-1.107	-0.804	-0.814	-1.121	-1.114	-0.804	-1.113	-0.725	-0.804	-0.732	-0.732	-1.109	-0.725	-1.106	-1.105	-0.698	-1.109	-1.119	-1.109	-1.107	-1.119	-1.123	-0.734	-0.784	-0.816	-1.104	-1.120	-0.778	-0.783	-0.715	-0.944	-0.969	-0.967	-0.976	-1.046	-1.065	-1.074	-1.074	-1.054	-1.104	-1.055	-1.003	-0.994	-0.993	-1.071	-1.013	-1.016	-1.045	-1.089	-1.060	-1.061	-1.061	-1.083	-1.086	-1.086	-1.038	-1.072	-1.108	-1.114	-1.118	-1.123	-1.119	-1.119	-1.119	-1.119	-1.120	-1.120	-1.125	-1.124	-1.121	-1.121	-1.123	-1.116	-1.115	-1.120	-0.972	-1.118	-1.099	-0.973	-1.103	-0.406	-1.118	-1.118	-1.098	-1.091	-1.088	-0.968	-1.119	-1.112	-1.097	-1.119	-1.101	-1.117	-1.104	-1.076	-1.094	-1.094	-1.051	-1.070	-0.907	-0.952	-0.581	-0.250	-1.055	
rs7240824      -0.333	-0.562	-0.981	-0.981	-0.987	-0.323	-0.985	-0.643	-0.658	-0.793	-0.637	-0.652	-0.638	-0.779	-0.641	-0.762	-0.629	-0.643	-0.637	-0.638	-0.799	-0.800	-0.820	-0.805	-0.848	-0.849	-0.848	-0.822	-0.692	-0.825	-0.825	-0.824	-0.824	-0.366	-0.662	-0.367	-0.371	-0.347	-0.663	-0.936	-0.548	-0.651	-0.645	-0.620	-0.722	-0.851	-0.645	-0.685	-0.694	-0.736	-0.691	-0.691	-0.733	-0.869	-0.787	-0.788	-0.805	-0.797	-0.816	-0.830	-0.691	-1.007	-0.737	-0.737	-1.100	-1.061	-0.716	-1.075	-0.722	-0.733	-0.732	-1.078	-0.738	-0.724	-1.086	-1.080	-0.748	-1.080	-0.740	-0.759	-1.103	-0.808	-0.818	-1.115	-1.109	-0.808	-1.109	-0.731	-0.809	-0.740	-0.740	-1.104	-0.732	-1.102	-1.101	-0.707	-1.105	-1.114	-1.104	-1.103	-1.114	-1.117	-0.741	-0.789	-0.802	-1.093	-1.111	-0.783	-0.788	-0.716	-0.924	-0.950	-0.954	-0.963	-1.030	-1.050	-1.059	-1.059	-1.038	-1.091	-1.039	-0.992	-0.982	-0.981	-1.057	-1.002	-1.004	-1.034	-1.076	-1.045	-1.046	-1.046	-1.069	-1.073	-1.073	-1.027	-1.057	-1.103	-1.107	-1.111	-1.116	-1.112	-1.112	-1.112	-1.112	-1.113	-1.114	-1.117	-1.116	-1.111	-1.111	-1.113	-1.107	-1.106	-1.110	-0.966	-1.107	-1.088	-0.967	-1.092	-0.429	-1.107	-1.107	-1.087	-1.079	-1.077	-0.982	-1.109	-1.100	-1.087	-1.109	-1.091	-1.107	-1.091	-1.064	-1.080	-1.080	-1.038	-1.054	-0.889	-0.928	-0.549	-0.213	-1.029	
rs7241107      -0.446	-0.648	-0.891	-0.891	-0.893	-0.438	-0.892	-0.659	-0.638	-0.741	-0.652	-0.491	-0.617	-0.750	-0.622	-0.613	-0.625	-0.633	-0.628	-0.629	-0.745	-0.745	-0.731	-0.750	-0.720	-0.718	-0.720	-0.730	-0.655	-0.728	-0.728	-0.729	-0.729	-0.855	-0.651	-0.855	-0.855	-0.855	-0.653	-0.854	-0.841	-0.840	-0.761	-0.862	-0.780	-0.770	-0.772	-0.861	-0.862	-0.783	-0.861	-0.861	-0.784	-0.763	-0.782	-0.782	-0.780	-0.781	-0.779	-0.786	-0.800	-0.698	-0.652	-0.652	-0.967	-0.946	-0.634	-0.948	-0.639	-0.647	-0.646	-0.952	-0.652	-0.641	-0.958	-0.953	-0.662	-0.954	-0.654	-0.669	-0.972	-0.712	-0.721	-0.964	-0.976	-0.713	-0.976	-0.647	-0.713	-0.653	-0.653	-0.973	-0.647	-0.971	-0.970	-0.624	-0.973	-0.980	-0.973	-0.972	-0.979	-0.982	-0.654	-0.695	-0.739	-0.969	-0.976	-0.687	-0.689	-0.612	-0.853	-0.874	-0.859	-0.867	-0.935	-0.949	-0.955	-0.955	-0.941	-0.975	-0.941	-0.891	-0.883	-0.882	-0.954	-0.899	-0.901	-0.926	-0.966	-0.945	-0.946	-0.946	-0.962	-0.964	-0.964	-0.920	-0.954	-0.921	-0.949	-0.943	-0.942	-0.951	-0.953	-0.953	-0.954	-0.951	-0.950	-0.952	-0.956	-0.960	-0.960	-0.968	-0.960	-0.960	-0.961	-0.819	-0.964	-0.960	-0.822	-0.961	-0.171	-0.964	-0.964	-0.959	-0.956	-0.955	-0.632	-0.963	-0.965	-0.959	-0.963	-0.961	-0.964	-0.965	-0.949	-0.962	-0.962	-0.934	-0.951	-0.822	-0.871	-0.537	-0.223	-0.954	
rs9941421      -0.446	-0.646	-0.885	-0.885	-0.888	-0.438	-0.886	-0.659	-0.638	-0.730	-0.638	-0.617	-0.484	-0.737	-0.614	-0.582	-0.617	-0.625	-0.618	-0.619	-0.732	-0.731	-0.717	-0.736	-0.705	-0.703	-0.705	-0.716	-0.640	-0.714	-0.714	-0.715	-0.715	-0.847	-0.639	-0.847	-0.847	-0.847	-0.641	-0.847	-0.830	-0.829	-0.753	-0.853	-0.771	-0.756	-0.765	-0.851	-0.852	-0.774	-0.852	-0.852	-0.774	-0.748	-0.771	-0.771	-0.768	-0.769	-0.767	-0.774	-0.794	-0.681	-0.647	-0.646	-0.960	-0.940	-0.628	-0.942	-0.634	-0.642	-0.641	-0.946	-0.646	-0.636	-0.952	-0.947	-0.656	-0.947	-0.649	-0.664	-0.965	-0.707	-0.716	-0.958	-0.970	-0.707	-0.970	-0.641	-0.708	-0.647	-0.647	-0.966	-0.642	-0.965	-0.964	-0.618	-0.967	-0.973	-0.966	-0.965	-0.972	-0.976	-0.649	-0.689	-0.734	-0.963	-0.969	-0.682	-0.684	-0.607	-0.848	-0.868	-0.853	-0.861	-0.929	-0.943	-0.949	-0.949	-0.935	-0.969	-0.935	-0.885	-0.877	-0.876	-0.948	-0.893	-0.895	-0.920	-0.960	-0.940	-0.940	-0.940	-0.956	-0.958	-0.958	-0.914	-0.948	-0.913	-0.942	-0.936	-0.935	-0.944	-0.946	-0.946	-0.947	-0.944	-0.943	-0.945	-0.949	-0.953	-0.954	-0.961	-0.953	-0.954	-0.954	-0.812	-0.957	-0.953	-0.815	-0.955	-0.160	-0.957	-0.957	-0.953	-0.950	-0.949	-0.621	-0.956	-0.958	-0.953	-0.957	-0.955	-0.957	-0.958	-0.943	-0.956	-0.955	-0.928	-0.945	-0.817	-0.865	-0.532	-0.219	-0.948	
rs7227343      -0.397	-0.636	-1.002	-1.003	-1.008	-0.386	-1.007	-0.743	-0.755	-0.795	-0.779	-0.750	-0.737	-0.643	-0.739	-0.842	-0.728	-0.740	-0.735	-0.735	-0.785	-0.786	-0.783	-0.794	-0.809	-0.807	-0.809	-0.784	-0.781	-0.784	-0.784	-0.784	-0.784	-0.501	-0.755	-0.502	-0.506	-0.482	-0.756	-0.964	-0.812	-0.842	-0.743	-0.726	-0.806	-0.937	-0.739	-0.775	-0.782	-0.818	-0.780	-0.781	-0.815	-0.949	-0.860	-0.860	-0.875	-0.868	-0.883	-0.894	-0.776	-1.027	-0.729	-0.728	-1.103	-1.074	-0.707	-1.078	-0.714	-0.723	-0.722	-1.082	-0.729	-0.716	-1.089	-1.083	-0.740	-1.084	-0.732	-0.749	-1.107	-0.802	-0.813	-1.121	-1.113	-0.802	-1.113	-0.723	-0.803	-0.730	-0.730	-1.108	-0.724	-1.106	-1.104	-0.696	-1.109	-1.118	-1.109	-1.107	-1.118	-1.122	-0.733	-0.782	-0.816	-1.103	-1.120	-0.776	-0.781	-0.713	-0.945	-0.970	-0.967	-0.976	-1.046	-1.065	-1.074	-1.074	-1.054	-1.104	-1.055	-1.003	-0.994	-0.993	-1.072	-1.013	-1.016	-1.045	-1.089	-1.061	-1.061	-1.061	-1.083	-1.087	-1.087	-1.038	-1.072	-1.108	-1.114	-1.117	-1.123	-1.119	-1.119	-1.119	-1.119	-1.120	-1.120	-1.125	-1.124	-1.121	-1.121	-1.123	-1.115	-1.115	-1.120	-0.972	-1.118	-1.099	-0.972	-1.102	-0.400	-1.118	-1.118	-1.098	-1.090	-1.088	-0.965	-1.119	-1.112	-1.097	-1.119	-1.101	-1.117	-1.104	-1.076	-1.094	-1.095	-1.051	-1.071	-0.908	-0.952	-0.582	-0.252	-1.056	
rs1824477      -0.446	-0.646	-0.886	-0.886	-0.889	-0.437	-0.887	-0.663	-0.642	-0.733	-0.641	-0.622	-0.614	-0.739	-0.485	-0.582	-0.614	-0.623	-0.615	-0.616	-0.733	-0.732	-0.717	-0.737	-0.706	-0.704	-0.706	-0.716	-0.634	-0.714	-0.714	-0.715	-0.715	-0.847	-0.633	-0.847	-0.847	-0.847	-0.635	-0.848	-0.831	-0.829	-0.751	-0.853	-0.769	-0.754	-0.763	-0.851	-0.852	-0.772	-0.851	-0.851	-0.772	-0.746	-0.769	-0.769	-0.766	-0.767	-0.765	-0.772	-0.792	-0.680	-0.648	-0.647	-0.961	-0.941	-0.629	-0.943	-0.635	-0.643	-0.642	-0.947	-0.647	-0.637	-0.953	-0.948	-0.657	-0.948	-0.650	-0.665	-0.966	-0.708	-0.717	-0.959	-0.971	-0.708	-0.971	-0.642	-0.709	-0.648	-0.648	-0.967	-0.642	-0.966	-0.965	-0.619	-0.968	-0.974	-0.968	-0.966	-0.973	-0.977	-0.650	-0.690	-0.735	-0.964	-0.970	-0.682	-0.685	-0.608	-0.848	-0.869	-0.854	-0.862	-0.930	-0.944	-0.950	-0.950	-0.936	-0.970	-0.936	-0.886	-0.878	-0.877	-0.949	-0.894	-0.896	-0.921	-0.961	-0.940	-0.941	-0.941	-0.957	-0.959	-0.959	-0.915	-0.949	-0.914	-0.943	-0.937	-0.936	-0.945	-0.947	-0.947	-0.948	-0.945	-0.944	-0.946	-0.950	-0.954	-0.954	-0.962	-0.954	-0.954	-0.955	-0.813	-0.958	-0.954	-0.816	-0.956	-0.161	-0.958	-0.958	-0.954	-0.951	-0.950	-0.621	-0.957	-0.959	-0.954	-0.957	-0.956	-0.958	-0.959	-0.944	-0.956	-0.956	-0.929	-0.946	-0.818	-0.866	-0.533	-0.220	-0.949	
rs9304097      -0.436	-0.654	-0.935	-0.935	-0.938	-0.428	-0.937	-0.662	-0.643	-0.837	-0.762	-0.613	-0.582	-0.842	-0.582	-0.548	-0.563	-0.594	-0.571	-0.573	-0.836	-0.836	-0.824	-0.839	-0.814	-0.812	-0.814	-0.823	-0.663	-0.821	-0.821	-0.822	-0.822	-0.907	-0.626	-0.907	-0.908	-0.907	-0.631	-0.910	-0.911	-0.912	-0.786	-0.921	-0.818	-0.845	-0.790	-0.924	-0.925	-0.824	-0.924	-0.924	-0.823	-0.843	-0.835	-0.835	-0.837	-0.836	-0.839	-0.847	-0.823	-0.794	-0.695	-0.695	-1.020	-0.998	-0.676	-1.000	-0.682	-0.691	-0.690	-1.004	-0.695	-0.684	-1.010	-1.005	-0.705	-1.005	-0.698	-0.713	-1.024	-0.758	-0.767	-1.021	-1.030	-0.758	-1.029	-0.690	-0.759	-0.696	-0.696	-1.026	-0.690	-1.024	-1.023	-0.667	-1.026	-1.033	-1.026	-1.025	-1.033	-1.036	-0.698	-0.740	-0.776	-1.021	-1.030	-0.733	-0.736	-0.658	-0.896	-0.918	-0.905	-0.913	-0.982	-0.998	-1.004	-1.004	-0.988	-1.027	-0.989	-0.938	-0.930	-0.929	-1.003	-0.947	-0.949	-0.975	-1.016	-0.994	-0.994	-0.994	-1.012	-1.014	-1.014	-0.969	-1.002	-0.985	-1.008	-1.004	-1.005	-1.011	-1.012	-1.012	-1.013	-1.011	-1.010	-1.013	-1.016	-1.018	-1.019	-1.025	-1.017	-1.017	-1.019	-0.876	-1.021	-1.013	-0.878	-1.015	-0.246	-1.021	-1.021	-1.012	-1.008	-1.007	-0.726	-1.021	-1.020	-1.012	-1.021	-1.015	-1.021	-1.018	-0.999	-1.014	-1.014	-0.982	-1.000	-0.863	-0.910	-0.568	-0.249	-1.002	
rs6506927      -0.446	-0.644	-0.881	-0.881	-0.883	-0.437	-0.882	-0.665	-0.644	-0.722	-0.629	-0.625	-0.617	-0.728	-0.614	-0.563	-0.478	-0.619	-0.610	-0.611	-0.720	-0.720	-0.704	-0.724	-0.693	-0.691	-0.693	-0.703	-0.618	-0.701	-0.701	-0.702	-0.702	-0.839	-0.621	-0.839	-0.839	-0.840	-0.623	-0.841	-0.821	-0.819	-0.744	-0.844	-0.759	-0.740	-0.756	-0.842	-0.843	-0.762	-0.842	-0.842	-0.761	-0.731	-0.756	-0.756	-0.753	-0.756	-0.753	-0.760	-0.786	-0.662	-0.643	-0.642	-0.955	-0.935	-0.624	-0.937	-0.630	-0.638	-0.637	-0.941	-0.642	-0.631	-0.947	-0.942	-0.652	-0.942	-0.645	-0.659	-0.960	-0.702	-0.711	-0.952	-0.965	-0.703	-0.965	-0.637	-0.703	-0.643	-0.643	-0.961	-0.637	-0.960	-0.958	-0.614	-0.962	-0.968	-0.961	-0.960	-0.967	-0.970	-0.645	-0.685	-0.730	-0.958	-0.964	-0.677	-0.679	-0.602	-0.843	-0.864	-0.848	-0.856	-0.924	-0.938	-0.945	-0.944	-0.930	-0.964	-0.931	-0.880	-0.872	-0.871	-0.943	-0.888	-0.891	-0.915	-0.955	-0.935	-0.935	-0.935	-0.951	-0.953	-0.953	-0.909	-0.943	-0.907	-0.936	-0.930	-0.928	-0.938	-0.940	-0.940	-0.941	-0.938	-0.937	-0.938	-0.942	-0.947	-0.948	-0.955	-0.947	-0.948	-0.948	-0.806	-0.952	-0.948	-0.810	-0.949	-0.152	-0.951	-0.951	-0.948	-0.945	-0.944	-0.609	-0.951	-0.952	-0.947	-0.951	-0.949	-0.951	-0.953	-0.938	-0.950	-0.950	-0.923	-0.940	-0.813	-0.861	-0.529	-0.216	-0.943	
rs6506928      -0.446	-0.646	-0.885	-0.885	-0.888	-0.437	-0.886	-0.670	-0.651	-0.734	-0.643	-0.633	-0.625	-0.740	-0.623	-0.594	-0.619	-0.484	-0.619	-0.619	-0.732	-0.732	-0.716	-0.736	-0.705	-0.703	-0.705	-0.715	-0.632	-0.713	-0.713	-0.714	-0.714	-0.846	-0.631	-0.846	-0.846	-0.846	-0.632	-0.846	-0.829	-0.828	-0.749	-0.851	-0.766	-0.750	-0.761	-0.849	-0.850	-0.769	-0.850	-0.850	-0.769	-0.742	-0.765	-0.766	-0.763	-0.764	-0.761	-0.769	-0.790	-0.676	-0.647	-0.647	-0.960	-0.940	-0.628	-0.942	-0.634	-0.642	-0.641	-0.946	-0.647	-0.636	-0.952	-0.947	-0.657	-0.947	-0.649	-0.664	-0.965	-0.707	-0.716	-0.958	-0.970	-0.708	-0.970	-0.642	-0.708	-0.647	-0.648	-0.966	-0.642	-0.965	-0.964	-0.619	-0.967	-0.973	-0.967	-0.965	-0.973	-0.976	-0.649	-0.689	-0.734	-0.963	-0.969	-0.682	-0.684	-0.607	-0.848	-0.868	-0.853	-0.861	-0.929	-0.943	-0.949	-0.949	-0.935	-0.969	-0.935	-0.885	-0.877	-0.876	-0.948	-0.893	-0.895	-0.920	-0.960	-0.940	-0.940	-0.940	-0.956	-0.958	-0.958	-0.914	-0.948	-0.913	-0.942	-0.935	-0.934	-0.943	-0.945	-0.945	-0.946	-0.943	-0.942	-0.944	-0.948	-0.952	-0.953	-0.961	-0.952	-0.953	-0.954	-0.812	-0.957	-0.953	-0.815	-0.955	-0.159	-0.957	-0.957	-0.953	-0.950	-0.949	-0.617	-0.956	-0.957	-0.952	-0.956	-0.954	-0.957	-0.958	-0.943	-0.955	-0.955	-0.928	-0.945	-0.817	-0.865	-0.533	-0.219	-0.948	
rs1350731      -0.446	-0.645	-0.884	-0.884	-0.887	-0.437	-0.885	-0.668	-0.647	-0.729	-0.637	-0.628	-0.618	-0.735	-0.615	-0.571	-0.610	-0.619	-0.483	-0.609	-0.727	-0.726	-0.711	-0.730	-0.699	-0.697	-0.699	-0.709	-0.619	-0.707	-0.707	-0.708	-0.708	-0.843	-0.620	-0.843	-0.843	-0.844	-0.622	-0.845	-0.826	-0.824	-0.746	-0.848	-0.762	-0.744	-0.758	-0.846	-0.847	-0.765	-0.846	-0.846	-0.765	-0.736	-0.761	-0.761	-0.758	-0.759	-0.756	-0.764	-0.787	-0.669	-0.646	-0.646	-0.959	-0.939	-0.627	-0.941	-0.633	-0.641	-0.640	-0.945	-0.646	-0.635	-0.951	-0.946	-0.656	-0.946	-0.648	-0.663	-0.964	-0.706	-0.715	-0.956	-0.969	-0.707	-0.969	-0.640	-0.707	-0.646	-0.646	-0.965	-0.641	-0.964	-0.962	-0.618	-0.966	-0.972	-0.965	-0.964	-0.971	-0.974	-0.648	-0.688	-0.733	-0.962	-0.968	-0.681	-0.683	-0.606	-0.847	-0.867	-0.852	-0.860	-0.928	-0.942	-0.948	-0.948	-0.934	-0.968	-0.934	-0.884	-0.876	-0.875	-0.946	-0.892	-0.894	-0.919	-0.959	-0.938	-0.939	-0.939	-0.955	-0.957	-0.957	-0.913	-0.946	-0.911	-0.941	-0.934	-0.933	-0.942	-0.944	-0.944	-0.945	-0.942	-0.941	-0.943	-0.947	-0.951	-0.952	-0.960	-0.951	-0.952	-0.952	-0.810	-0.956	-0.952	-0.814	-0.953	-0.157	-0.955	-0.955	-0.951	-0.949	-0.948	-0.615	-0.955	-0.956	-0.951	-0.955	-0.953	-0.956	-0.957	-0.942	-0.954	-0.954	-0.927	-0.943	-0.816	-0.864	-0.532	-0.219	-0.947	
rs2219584      -0.446	-0.645	-0.885	-0.885	-0.887	-0.437	-0.886	-0.669	-0.648	-0.730	-0.638	-0.629	-0.619	-0.735	-0.616	-0.573	-0.611	-0.619	-0.609	-0.483	-0.727	-0.727	-0.711	-0.731	-0.699	-0.697	-0.699	-0.709	-0.618	-0.708	-0.708	-0.709	-0.709	-0.843	-0.619	-0.843	-0.843	-0.844	-0.622	-0.846	-0.826	-0.824	-0.746	-0.848	-0.762	-0.744	-0.758	-0.846	-0.847	-0.765	-0.846	-0.846	-0.765	-0.736	-0.761	-0.761	-0.758	-0.759	-0.756	-0.764	-0.787	-0.669	-0.646	-0.646	-0.959	-0.939	-0.628	-0.941	-0.633	-0.641	-0.640	-0.945	-0.646	-0.635	-0.951	-0.946	-0.656	-0.947	-0.649	-0.663	-0.964	-0.706	-0.715	-0.956	-0.969	-0.707	-0.969	-0.641	-0.707	-0.647	-0.647	-0.966	-0.641	-0.964	-0.963	-0.618	-0.966	-0.972	-0.966	-0.964	-0.972	-0.975	-0.648	-0.689	-0.733	-0.962	-0.968	-0.681	-0.683	-0.606	-0.847	-0.868	-0.852	-0.860	-0.928	-0.942	-0.949	-0.948	-0.934	-0.968	-0.934	-0.884	-0.876	-0.875	-0.947	-0.892	-0.895	-0.919	-0.959	-0.939	-0.939	-0.939	-0.955	-0.957	-0.957	-0.913	-0.947	-0.912	-0.941	-0.934	-0.933	-0.942	-0.944	-0.944	-0.945	-0.942	-0.941	-0.943	-0.947	-0.951	-0.952	-0.960	-0.952	-0.952	-0.953	-0.811	-0.956	-0.952	-0.814	-0.954	-0.157	-0.956	-0.956	-0.952	-0.949	-0.948	-0.616	-0.955	-0.957	-0.951	-0.955	-0.954	-0.956	-0.957	-0.942	-0.954	-0.954	-0.927	-0.944	-0.817	-0.865	-0.532	-0.219	-0.947	
rs9951843      -0.392	-0.633	-1.002	-1.003	-1.008	-0.381	-1.007	-0.739	-0.751	-0.806	-0.799	-0.745	-0.732	-0.785	-0.733	-0.836	-0.720	-0.732	-0.727	-0.727	-0.645	-0.780	-0.777	-0.785	-0.809	-0.808	-0.809	-0.777	-0.772	-0.777	-0.777	-0.777	-0.777	-0.416	-0.745	-0.417	-0.422	-0.392	-0.746	-0.963	-0.795	-0.829	-0.730	-0.692	-0.793	-0.931	-0.724	-0.747	-0.755	-0.806	-0.753	-0.753	-0.803	-0.943	-0.849	-0.850	-0.865	-0.858	-0.874	-0.885	-0.764	-1.027	-0.731	-0.731	-1.104	-1.074	-0.710	-1.079	-0.716	-0.726	-0.725	-1.083	-0.731	-0.718	-1.091	-1.085	-0.743	-1.085	-0.734	-0.752	-1.108	-0.804	-0.815	-1.122	-1.115	-0.804	-1.114	-0.725	-0.805	-0.733	-0.733	-1.110	-0.726	-1.107	-1.106	-0.699	-1.110	-1.120	-1.110	-1.108	-1.120	-1.123	-0.735	-0.784	-0.817	-1.104	-1.121	-0.778	-0.784	-0.715	-0.945	-0.970	-0.967	-0.976	-1.046	-1.066	-1.075	-1.075	-1.054	-1.105	-1.055	-1.004	-0.995	-0.994	-1.072	-1.014	-1.016	-1.046	-1.090	-1.061	-1.061	-1.061	-1.084	-1.087	-1.087	-1.039	-1.072	-1.109	-1.115	-1.119	-1.124	-1.120	-1.120	-1.120	-1.120	-1.121	-1.121	-1.126	-1.125	-1.122	-1.121	-1.124	-1.116	-1.116	-1.121	-0.973	-1.118	-1.100	-0.974	-1.103	-0.405	-1.119	-1.119	-1.098	-1.091	-1.089	-0.969	-1.120	-1.112	-1.098	-1.120	-1.102	-1.118	-1.104	-1.076	-1.095	-1.095	-1.052	-1.071	-0.908	-0.952	-0.581	-0.250	-1.055	
rs7238729      -0.392	-0.633	-1.002	-1.003	-1.008	-0.381	-1.007	-0.739	-0.750	-0.807	-0.800	-0.745	-0.731	-0.786	-0.732	-0.836	-0.720	-0.732	-0.726	-0.727	-0.780	-0.645	-0.777	-0.784	-0.809	-0.808	-0.809	-0.777	-0.772	-0.778	-0.778	-0.777	-0.777	-0.412	-0.744	-0.413	-0.418	-0.387	-0.746	-0.963	-0.794	-0.828	-0.729	-0.690	-0.793	-0.930	-0.723	-0.746	-0.754	-0.805	-0.752	-0.752	-0.802	-0.943	-0.849	-0.849	-0.864	-0.857	-0.873	-0.885	-0.763	-1.027	-0.731	-0.731	-1.105	-1.074	-0.710	-1.079	-0.716	-0.726	-0.725	-1.083	-0.731	-0.719	-1.091	-1.085	-0.743	-1.085	-0.734	-0.752	-1.108	-0.804	-0.815	-1.122	-1.115	-0.804	-1.114	-0.726	-0.805	-0.733	-0.733	-1.110	-0.726	-1.107	-1.106	-0.699	-1.110	-1.120	-1.110	-1.108	-1.120	-1.123	-0.735	-0.784	-0.817	-1.104	-1.121	-0.779	-0.784	-0.715	-0.945	-0.970	-0.967	-0.976	-1.046	-1.066	-1.075	-1.075	-1.054	-1.105	-1.055	-1.004	-0.995	-0.994	-1.072	-1.014	-1.016	-1.046	-1.090	-1.061	-1.061	-1.061	-1.084	-1.087	-1.087	-1.039	-1.072	-1.109	-1.115	-1.119	-1.124	-1.120	-1.120	-1.120	-1.120	-1.121	-1.121	-1.126	-1.125	-1.122	-1.122	-1.124	-1.116	-1.116	-1.121	-0.973	-1.118	-1.100	-0.974	-1.103	-0.405	-1.119	-1.119	-1.098	-1.091	-1.089	-0.969	-1.120	-1.112	-1.098	-1.120	-1.102	-1.118	-1.104	-1.076	-1.095	-1.095	-1.052	-1.071	-0.908	-0.952	-0.581	-0.250	-1.055	
rs4799573      -0.382	-0.626	-1.001	-1.002	-1.007	-0.372	-1.006	-0.726	-0.737	-0.809	-0.820	-0.731	-0.717	-0.783	-0.717	-0.824	-0.704	-0.716	-0.711	-0.711	-0.777	-0.777	-0.646	-0.777	-0.815	-0.815	-0.815	-0.782	-0.756	-0.783	-0.783	-0.782	-0.782	-0.314	-0.728	-0.315	-0.320	-0.285	-0.730	-0.962	-0.773	-0.811	-0.710	-0.651	-0.776	-0.921	-0.704	-0.715	-0.724	-0.789	-0.721	-0.722	-0.786	-0.934	-0.835	-0.835	-0.851	-0.844	-0.861	-0.873	-0.747	-1.028	-0.735	-0.734	-1.106	-1.074	-0.713	-1.081	-0.720	-0.730	-0.728	-1.085	-0.735	-0.722	-1.092	-1.086	-0.746	-1.087	-0.738	-0.756	-1.110	-0.807	-0.818	-1.123	-1.116	-0.808	-1.116	-0.729	-0.808	-0.736	-0.736	-1.111	-0.730	-1.109	-1.107	-0.703	-1.112	-1.121	-1.111	-1.110	-1.121	-1.125	-0.739	-0.788	-0.817	-1.105	-1.121	-0.782	-0.787	-0.718	-0.944	-0.969	-0.968	-0.977	-1.046	-1.066	-1.075	-1.075	-1.054	-1.105	-1.055	-1.004	-0.995	-0.994	-1.072	-1.014	-1.017	-1.046	-1.090	-1.061	-1.061	-1.061	-1.084	-1.087	-1.087	-1.039	-1.072	-1.111	-1.116	-1.120	-1.126	-1.121	-1.121	-1.121	-1.121	-1.122	-1.123	-1.127	-1.126	-1.123	-1.122	-1.125	-1.117	-1.117	-1.122	-0.974	-1.119	-1.100	-0.975	-1.104	-0.412	-1.119	-1.119	-1.099	-1.092	-1.089	-0.975	-1.120	-1.113	-1.098	-1.121	-1.103	-1.119	-1.105	-1.077	-1.095	-1.095	-1.052	-1.071	-0.907	-0.950	-0.578	-0.247	-1.053	
rs7232282      -0.395	-0.635	-1.003	-1.003	-1.009	-0.384	-1.007	-0.745	-0.756	-0.814	-0.805	-0.750	-0.736	-0.794	-0.737	-0.839	-0.724	-0.736	-0.730	-0.731	-0.785	-0.784	-0.777	-0.645	-0.808	-0.807	-0.808	-0.776	-0.774	-0.776	-0.776	-0.775	-0.775	-0.415	-0.747	-0.416	-0.419	-0.390	-0.748	-0.964	-0.795	-0.828	-0.731	-0.689	-0.794	-0.931	-0.725	-0.745	-0.752	-0.806	-0.750	-0.750	-0.803	-0.944	-0.850	-0.850	-0.865	-0.858	-0.874	-0.886	-0.765	-1.028	-0.731	-0.731	-1.105	-1.075	-0.710	-1.080	-0.716	-0.726	-0.725	-1.084	-0.731	-0.718	-1.091	-1.085	-0.743	-1.086	-0.734	-0.752	-1.108	-0.804	-0.815	-1.122	-1.115	-0.804	-1.114	-0.725	-0.805	-0.733	-0.733	-1.110	-0.726	-1.108	-1.106	-0.699	-1.110	-1.120	-1.110	-1.109	-1.120	-1.124	-0.735	-0.784	-0.817	-1.105	-1.121	-0.779	-0.784	-0.716	-0.945	-0.970	-0.968	-0.977	-1.047	-1.066	-1.075	-1.075	-1.055	-1.105	-1.056	-1.004	-0.995	-0.994	-1.072	-1.014	-1.017	-1.046	-1.090	-1.061	-1.062	-1.062	-1.084	-1.087	-1.088	-1.039	-1.073	-1.110	-1.115	-1.119	-1.124	-1.120	-1.120	-1.120	-1.120	-1.122	-1.122	-1.126	-1.126	-1.122	-1.122	-1.124	-1.117	-1.116	-1.121	-0.973	-1.119	-1.100	-0.974	-1.104	-0.405	-1.119	-1.119	-1.099	-1.092	-1.089	-0.969	-1.120	-1.113	-1.098	-1.120	-1.102	-1.118	-1.105	-1.077	-1.095	-1.095	-1.052	-1.071	-0.908	-0.952	-0.581	-0.250	-1.055	
rs7231553      -0.360	-0.608	-0.995	-0.995	-1.001	-0.349	-0.999	-0.714	-0.726	-0.827	-0.848	-0.720	-0.705	-0.809	-0.706	-0.814	-0.693	-0.705	-0.699	-0.699	-0.809	-0.809	-0.815	-0.808	-0.641	-0.777	-0.777	-0.816	-0.745	-0.817	-0.817	-0.816	-0.816	-0.399	-0.717	-0.400	-0.403	-0.377	-0.718	-0.953	-0.774	-0.810	-0.699	-0.656	-0.766	-0.913	-0.693	-0.715	-0.723	-0.778	-0.721	-0.721	-0.775	-0.927	-0.825	-0.826	-0.842	-0.834	-0.852	-0.864	-0.735	-1.027	-0.733	-0.732	-1.102	-1.068	-0.712	-1.077	-0.718	-0.728	-0.727	-1.081	-0.733	-0.720	-1.088	-1.082	-0.744	-1.083	-0.736	-0.754	-1.105	-0.805	-0.816	-1.119	-1.112	-0.805	-1.111	-0.727	-0.806	-0.735	-0.735	-1.107	-0.728	-1.104	-1.103	-0.701	-1.107	-1.117	-1.107	-1.105	-1.117	-1.120	-0.737	-0.786	-0.811	-1.100	-1.117	-0.780	-0.785	-0.715	-0.936	-0.962	-0.962	-0.971	-1.040	-1.060	-1.068	-1.068	-1.048	-1.099	-1.049	-0.999	-0.990	-0.989	-1.066	-1.009	-1.012	-1.041	-1.084	-1.055	-1.055	-1.055	-1.078	-1.081	-1.081	-1.034	-1.066	-1.107	-1.111	-1.115	-1.121	-1.117	-1.116	-1.116	-1.116	-1.118	-1.118	-1.122	-1.121	-1.118	-1.117	-1.119	-1.112	-1.112	-1.116	-0.970	-1.113	-1.095	-0.971	-1.099	-0.422	-1.114	-1.114	-1.094	-1.086	-1.084	-0.977	-1.115	-1.107	-1.093	-1.115	-1.098	-1.113	-1.099	-1.071	-1.089	-1.089	-1.046	-1.064	-0.900	-0.942	-0.569	-0.238	-1.047	
rs7231163      -0.358	-0.607	-0.994	-0.995	-1.000	-0.348	-0.999	-0.713	-0.724	-0.826	-0.849	-0.718	-0.703	-0.807	-0.704	-0.812	-0.691	-0.703	-0.697	-0.697	-0.808	-0.808	-0.815	-0.807	-0.777	-0.641	-0.777	-0.815	-0.743	-0.817	-0.817	-0.816	-0.816	-0.392	-0.715	-0.393	-0.396	-0.369	-0.716	-0.953	-0.771	-0.808	-0.697	-0.652	-0.764	-0.912	-0.691	-0.712	-0.720	-0.776	-0.718	-0.718	-0.773	-0.926	-0.824	-0.824	-0.841	-0.833	-0.850	-0.863	-0.733	-1.027	-0.733	-0.733	-1.102	-1.068	-0.712	-1.077	-0.718	-0.728	-0.727	-1.081	-0.734	-0.720	-1.088	-1.082	-0.745	-1.083	-0.736	-0.754	-1.105	-0.805	-0.816	-1.119	-1.112	-0.806	-1.111	-0.727	-0.806	-0.735	-0.735	-1.107	-0.728	-1.104	-1.103	-0.702	-1.107	-1.117	-1.107	-1.105	-1.117	-1.120	-0.737	-0.786	-0.811	-1.100	-1.117	-0.780	-0.785	-0.715	-0.936	-0.962	-0.962	-0.971	-1.039	-1.059	-1.068	-1.068	-1.048	-1.099	-1.048	-0.999	-0.990	-0.989	-1.066	-1.009	-1.012	-1.041	-1.084	-1.055	-1.055	-1.055	-1.078	-1.081	-1.081	-1.034	-1.066	-1.107	-1.111	-1.115	-1.121	-1.116	-1.116	-1.116	-1.116	-1.118	-1.118	-1.122	-1.121	-1.117	-1.117	-1.119	-1.112	-1.112	-1.116	-0.970	-1.113	-1.095	-0.971	-1.099	-0.423	-1.114	-1.114	-1.094	-1.086	-1.083	-0.977	-1.115	-1.107	-1.093	-1.115	-1.097	-1.113	-1.099	-1.071	-1.089	-1.089	-1.046	-1.064	-0.900	-0.942	-0.568	-0.238	-1.047	
rs7231288      -0.360	-0.608	-0.995	-0.995	-1.001	-0.349	-0.999	-0.714	-0.726	-0.827	-0.848	-0.720	-0.705	-0.809	-0.706	-0.814	-0.693	-0.705	-0.699	-0.699	-0.809	-0.809	-0.815	-0.808	-0.777	-0.777	-0.641	-0.816	-0.745	-0.817	-0.817	-0.816	-0.816	-0.399	-0.717	-0.400	-0.403	-0.377	-0.718	-0.953	-0.774	-0.810	-0.699	-0.656	-0.766	-0.913	-0.693	-0.715	-0.723	-0.778	-0.721	-0.721	-0.775	-0.927	-0.825	-0.826	-0.842	-0.834	-0.852	-0.864	-0.735	-1.027	-0.733	-0.732	-1.102	-1.068	-0.712	-1.077	-0.718	-0.728	-0.727	-1.081	-0.733	-0.720	-1.088	-1.082	-0.744	-1.083	-0.736	-0.754	-1.105	-0.805	-0.816	-1.119	-1.112	-0.805	-1.111	-0.727	-0.806	-0.735	-0.735	-1.107	-0.728	-1.104	-1.103	-0.701	-1.107	-1.117	-1.107	-1.105	-1.117	-1.120	-0.737	-0.786	-0.811	-1.100	-1.117	-0.780	-0.785	-0.715	-0.936	-0.962	-0.962	-0.971	-1.040	-1.060	-1.068	-1.068	-1.048	-1.099	-1.049	-0.999	-0.990	-0.989	-1.066	-1.009	-1.012	-1.041	-1.084	-1.055	-1.055	-1.055	-1.078	-1.081	-1.081	-1.034	-1.066	-1.107	-1.111	-1.115	-1.121	-1.117	-1.116	-1.116	-1.116	-1.118	-1.118	-1.122	-1.121	-1.118	-1.117	-1.119	-1.112	-1.112	-1.116	-0.970	-1.113	-1.095	-0.971	-1.099	-0.422	-1.114	-1.114	-1.094	-1.086	-1.084	-0.977	-1.115	-1.107	-1.093	-1.115	-1.098	-1.113	-1.099	-1.071	-1.089	-1.089	-1.046	-1.064	-0.900	-0.942	-0.569	-0.238	-1.047	
rs7236324      -0.381	-0.625	-1.001	-1.002	-1.007	-0.371	-1.006	-0.725	-0.736	-0.810	-0.822	-0.730	-0.716	-0.784	-0.716	-0.823	-0.703	-0.715	-0.709	-0.709	-0.777	-0.777	-0.782	-0.776	-0.816	-0.815	-0.816	-0.646	-0.755	-0.783	-0.783	-0.782	-0.782	-0.300	-0.726	-0.301	-0.307	-0.271	-0.728	-0.961	-0.771	-0.809	-0.707	-0.645	-0.774	-0.920	-0.702	-0.710	-0.719	-0.787	-0.717	-0.717	-0.784	-0.933	-0.833	-0.834	-0.850	-0.842	-0.859	-0.872	-0.745	-1.028	-0.735	-0.735	-1.106	-1.074	-0.714	-1.081	-0.720	-0.730	-0.729	-1.085	-0.735	-0.722	-1.093	-1.087	-0.747	-1.087	-0.738	-0.756	-1.110	-0.808	-0.818	-1.123	-1.116	-0.808	-1.116	-0.729	-0.809	-0.737	-0.737	-1.111	-0.730	-1.109	-1.108	-0.703	-1.112	-1.121	-1.112	-1.110	-1.121	-1.125	-0.739	-0.788	-0.817	-1.105	-1.122	-0.782	-0.787	-0.718	-0.944	-0.969	-0.968	-0.977	-1.046	-1.066	-1.075	-1.075	-1.054	-1.105	-1.055	-1.005	-0.995	-0.994	-1.072	-1.014	-1.017	-1.046	-1.090	-1.061	-1.061	-1.061	-1.084	-1.087	-1.087	-1.040	-1.072	-1.111	-1.116	-1.120	-1.126	-1.121	-1.121	-1.121	-1.121	-1.123	-1.123	-1.127	-1.126	-1.123	-1.122	-1.125	-1.117	-1.117	-1.122	-0.974	-1.119	-1.100	-0.975	-1.104	-0.413	-1.120	-1.119	-1.099	-1.092	-1.089	-0.975	-1.121	-1.113	-1.099	-1.121	-1.103	-1.119	-1.105	-1.077	-1.095	-1.095	-1.052	-1.071	-0.907	-0.950	-0.578	-0.246	-1.053	
rs7236469      -0.445	-0.651	-0.906	-0.906	-0.909	-0.437	-0.907	-0.687	-0.670	-0.777	-0.692	-0.655	-0.640	-0.781	-0.634	-0.663	-0.618	-0.632	-0.619	-0.618	-0.772	-0.772	-0.756	-0.774	-0.745	-0.743	-0.745	-0.755	-0.509	-0.753	-0.753	-0.754	-0.754	-0.868	-0.628	-0.868	-0.868	-0.868	-0.630	-0.872	-0.858	-0.857	-0.761	-0.875	-0.783	-0.780	-0.769	-0.874	-0.875	-0.786	-0.875	-0.874	-0.786	-0.774	-0.787	-0.787	-0.786	-0.787	-0.786	-0.793	-0.800	-0.717	-0.666	-0.666	-0.984	-0.962	-0.647	-0.965	-0.653	-0.662	-0.660	-0.969	-0.666	-0.655	-0.975	-0.970	-0.676	-0.970	-0.668	-0.683	-0.989	-0.727	-0.736	-0.981	-0.993	-0.728	-0.993	-0.661	-0.728	-0.667	-0.667	-0.990	-0.661	-0.988	-0.987	-0.638	-0.990	-0.997	-0.990	-0.989	-0.996	-0.999	-0.668	-0.709	-0.751	-0.985	-0.992	-0.702	-0.704	-0.629	-0.867	-0.888	-0.874	-0.882	-0.950	-0.965	-0.971	-0.971	-0.956	-0.991	-0.957	-0.906	-0.898	-0.897	-0.969	-0.915	-0.917	-0.942	-0.982	-0.961	-0.961	-0.961	-0.978	-0.980	-0.980	-0.936	-0.969	-0.939	-0.967	-0.961	-0.960	-0.968	-0.970	-0.970	-0.971	-0.968	-0.967	-0.969	-0.973	-0.977	-0.978	-0.985	-0.977	-0.977	-0.978	-0.836	-0.981	-0.976	-0.839	-0.978	-0.192	-0.981	-0.981	-0.975	-0.972	-0.971	-0.654	-0.980	-0.981	-0.975	-0.980	-0.977	-0.981	-0.981	-0.965	-0.978	-0.978	-0.949	-0.966	-0.836	-0.883	-0.547	-0.232	-0.969	
rs7235272      -0.380	-0.624	-1.001	-1.002	-1.007	-0.370	-1.006	-0.723	-0.735	-0.811	-0.825	-0.728	-0.714	-0.784	-0.714	-0.821	-0.701	-0.713	-0.707	-0.708	-0.777	-0.778	-0.783	-0.776	-0.817	-0.817	-0.817	-0.783	-0.753	-0.646	-0.782	-0.783	-0.783	-0.294	-0.725	-0.295	-0.289	-0.252	-0.726	-0.961	-0.767	-0.807	-0.706	-0.638	-0.772	-0.919	-0.699	-0.705	-0.715	-0.785	-0.712	-0.712	-0.781	-0.932	-0.831	-0.832	-0.848	-0.841	-0.858	-0.870	-0.742	-1.028	-0.735	-0.735	-1.106	-1.074	-0.714	-1.081	-0.721	-0.730	-0.729	-1.085	-0.736	-0.723	-1.093	-1.087	-0.747	-1.087	-0.739	-0.756	-1.110	-0.808	-0.819	-1.123	-1.116	-0.808	-1.116	-0.730	-0.809	-0.737	-0.737	-1.111	-0.730	-1.109	-1.108	-0.704	-1.112	-1.122	-1.112	-1.110	-1.121	-1.125	-0.739	-0.788	-0.817	-1.105	-1.122	-0.782	-0.788	-0.718	-0.944	-0.969	-0.968	-0.977	-1.046	-1.066	-1.075	-1.074	-1.054	-1.105	-1.055	-1.004	-0.995	-0.994	-1.072	-1.014	-1.017	-1.046	-1.090	-1.061	-1.061	-1.061	-1.084	-1.087	-1.087	-1.039	-1.072	-1.111	-1.116	-1.120	-1.126	-1.121	-1.121	-1.121	-1.121	-1.123	-1.123	-1.127	-1.126	-1.123	-1.122	-1.125	-1.117	-1.117	-1.122	-0.974	-1.119	-1.100	-0.975	-1.104	-0.414	-1.119	-1.119	-1.099	-1.092	-1.089	-0.976	-1.121	-1.113	-1.098	-1.121	-1.103	-1.119	-1.105	-1.077	-1.095	-1.095	-1.052	-1.070	-0.907	-0.950	-0.577	-0.246	-1.053	
