## Summary of overall evidence for association with region:
## log10(BF for region) = -0.469417
## p-value for region = NA

## BFs for choosing among multi-SNP models:
## log10(average 1-SNP BF) = -0.402698
## log10(average 2-SNP BF) = -0.644713

## Example posterior probabilities for multi-SNP models, based on default prior: [p(l) propto 0.5^l for l=1,2,...,L]
## posterior probability of 1-SNP = 0.77737
## posterior probability of 2-SNP = 0.22263

## log10(BF) for single SNP and pair of SNPs:
rs67848336     -0.284	-0.383	-0.386	-0.396	-0.420	-0.386	-0.417	-0.417	-0.386	-0.385	-0.401	-0.439	-0.458	-0.439	-0.439	-0.454	-0.465	-0.453	-0.458	-0.428	-0.418	-0.418	-0.315	-0.310	-0.435	-0.520	-0.653	-0.312	-0.520	-0.518	-0.293	-0.401	-0.519	-0.385	-0.541	-0.621	-0.615	-0.642	-0.435	-0.645	-0.645	-0.499	-0.499	-0.674	-0.702	-0.626	-0.672	-0.363	-0.330	-0.339	-0.403	-0.488	-0.472	-0.599	-0.686	-0.428	-0.492	-0.672	-0.685	-0.610	-0.430	-0.380	-0.619	-0.381	-0.641	-0.617	-0.671	-0.597	-0.428	-0.644	-0.687	-0.786	-0.758	-0.610	-0.455	-0.703	-0.673	-0.705	-0.457	-0.646	-0.673	-0.706	-0.611	-0.645	-0.603	-0.466	-0.677	-0.604	-0.604	-0.676	-0.676	-0.639	-0.605	-0.676	-0.649	-0.643	-0.605	-0.463	-0.678	-0.676	-0.678	-0.610	-0.687	-0.629	-0.606	-0.637	-0.700	-0.766	-0.642	-0.634	-0.642	-0.606	-0.638	-0.608	-0.639	-0.608	-0.608	-0.641	-0.702	-0.762	-0.608	-0.637	-0.608	-0.608	-0.641	-0.608	-0.481	-0.641	-0.680	-0.598	-0.608	-0.703	-0.608	-0.611	-0.679	-0.642	-0.609	-0.702	-0.642	-0.642	-0.680	-0.609	-0.678	-0.704	-0.659	-0.641	-0.640	-0.705	-0.609	-0.683	-0.680	-0.612	-0.640	-0.679	-0.641	-0.641	-0.680	-0.641	-0.683	-0.496	-0.709	-0.709	-0.663	-0.707	-0.643	-0.613	-0.640	-0.719	-0.683	-0.640	-0.712	-0.634	-0.640	-0.550	-0.668	-0.708	-0.708	-0.637	-0.708	-0.708	-0.710	-0.710	-0.690	-0.711	
rs55712218     -0.383	-0.284	-0.386	-0.396	-0.420	-0.386	-0.417	-0.417	-0.386	-0.385	-0.400	-0.439	-0.458	-0.439	-0.439	-0.453	-0.465	-0.453	-0.458	-0.427	-0.418	-0.418	-0.315	-0.310	-0.435	-0.520	-0.653	-0.312	-0.520	-0.518	-0.293	-0.401	-0.519	-0.385	-0.541	-0.621	-0.615	-0.642	-0.435	-0.645	-0.645	-0.499	-0.499	-0.673	-0.702	-0.626	-0.672	-0.362	-0.330	-0.339	-0.403	-0.488	-0.472	-0.599	-0.685	-0.428	-0.492	-0.672	-0.685	-0.610	-0.429	-0.380	-0.619	-0.380	-0.641	-0.616	-0.671	-0.597	-0.428	-0.644	-0.687	-0.786	-0.758	-0.610	-0.455	-0.703	-0.673	-0.705	-0.457	-0.646	-0.673	-0.706	-0.611	-0.645	-0.603	-0.466	-0.677	-0.604	-0.604	-0.676	-0.676	-0.638	-0.605	-0.676	-0.649	-0.643	-0.605	-0.462	-0.678	-0.676	-0.678	-0.610	-0.687	-0.629	-0.606	-0.637	-0.700	-0.766	-0.642	-0.634	-0.642	-0.606	-0.638	-0.608	-0.639	-0.608	-0.608	-0.641	-0.702	-0.762	-0.608	-0.637	-0.608	-0.608	-0.641	-0.608	-0.481	-0.641	-0.680	-0.598	-0.608	-0.703	-0.608	-0.611	-0.679	-0.641	-0.609	-0.702	-0.641	-0.641	-0.680	-0.609	-0.678	-0.704	-0.659	-0.641	-0.640	-0.704	-0.609	-0.683	-0.680	-0.612	-0.640	-0.678	-0.641	-0.641	-0.680	-0.641	-0.683	-0.496	-0.709	-0.709	-0.663	-0.707	-0.643	-0.613	-0.640	-0.718	-0.683	-0.640	-0.712	-0.634	-0.640	-0.549	-0.668	-0.708	-0.708	-0.637	-0.708	-0.708	-0.710	-0.710	-0.690	-0.711	
rs12436915     -0.386	-0.386	-0.286	-0.396	-0.420	-0.385	-0.418	-0.417	-0.385	-0.384	-0.401	-0.439	-0.459	-0.440	-0.440	-0.454	-0.466	-0.453	-0.459	-0.428	-0.418	-0.419	-0.315	-0.310	-0.436	-0.521	-0.655	-0.312	-0.521	-0.520	-0.294	-0.401	-0.520	-0.386	-0.543	-0.622	-0.617	-0.644	-0.436	-0.646	-0.647	-0.500	-0.500	-0.675	-0.704	-0.627	-0.674	-0.364	-0.332	-0.341	-0.405	-0.489	-0.474	-0.600	-0.687	-0.429	-0.494	-0.674	-0.686	-0.612	-0.431	-0.381	-0.620	-0.382	-0.642	-0.618	-0.672	-0.598	-0.429	-0.646	-0.688	-0.787	-0.760	-0.611	-0.456	-0.704	-0.674	-0.707	-0.458	-0.648	-0.674	-0.708	-0.613	-0.646	-0.604	-0.467	-0.678	-0.606	-0.606	-0.677	-0.678	-0.640	-0.606	-0.677	-0.650	-0.644	-0.606	-0.464	-0.680	-0.678	-0.679	-0.612	-0.689	-0.631	-0.607	-0.639	-0.701	-0.767	-0.643	-0.636	-0.643	-0.607	-0.639	-0.609	-0.640	-0.609	-0.609	-0.643	-0.703	-0.763	-0.609	-0.638	-0.609	-0.609	-0.643	-0.610	-0.483	-0.643	-0.681	-0.599	-0.610	-0.704	-0.610	-0.612	-0.681	-0.643	-0.610	-0.703	-0.643	-0.643	-0.681	-0.610	-0.679	-0.706	-0.661	-0.643	-0.641	-0.706	-0.611	-0.685	-0.682	-0.613	-0.642	-0.680	-0.643	-0.642	-0.681	-0.642	-0.684	-0.497	-0.710	-0.710	-0.665	-0.709	-0.645	-0.615	-0.641	-0.720	-0.684	-0.641	-0.714	-0.636	-0.641	-0.551	-0.670	-0.709	-0.710	-0.638	-0.710	-0.710	-0.711	-0.711	-0.691	-0.713	
rs12436979     -0.396	-0.396	-0.396	-0.300	-0.426	-0.394	-0.423	-0.423	-0.394	-0.393	-0.417	-0.446	-0.471	-0.447	-0.447	-0.463	-0.475	-0.462	-0.467	-0.434	-0.424	-0.425	-0.316	-0.311	-0.442	-0.534	-0.672	-0.313	-0.534	-0.532	-0.312	-0.407	-0.532	-0.391	-0.556	-0.635	-0.629	-0.657	-0.449	-0.659	-0.659	-0.513	-0.513	-0.688	-0.717	-0.640	-0.687	-0.377	-0.345	-0.354	-0.417	-0.502	-0.486	-0.613	-0.700	-0.443	-0.506	-0.686	-0.699	-0.625	-0.444	-0.394	-0.633	-0.395	-0.655	-0.631	-0.685	-0.612	-0.443	-0.659	-0.701	-0.800	-0.773	-0.624	-0.469	-0.717	-0.687	-0.720	-0.471	-0.661	-0.687	-0.720	-0.626	-0.659	-0.617	-0.480	-0.691	-0.619	-0.619	-0.690	-0.691	-0.653	-0.619	-0.690	-0.663	-0.657	-0.619	-0.476	-0.693	-0.691	-0.692	-0.624	-0.701	-0.644	-0.620	-0.652	-0.714	-0.780	-0.656	-0.649	-0.656	-0.620	-0.652	-0.622	-0.653	-0.622	-0.622	-0.656	-0.716	-0.776	-0.622	-0.651	-0.622	-0.622	-0.656	-0.622	-0.495	-0.656	-0.694	-0.612	-0.623	-0.717	-0.623	-0.625	-0.694	-0.656	-0.623	-0.716	-0.656	-0.656	-0.694	-0.623	-0.692	-0.718	-0.674	-0.656	-0.654	-0.719	-0.623	-0.698	-0.694	-0.626	-0.655	-0.693	-0.656	-0.656	-0.694	-0.655	-0.697	-0.510	-0.723	-0.723	-0.677	-0.721	-0.658	-0.628	-0.654	-0.733	-0.697	-0.654	-0.726	-0.649	-0.654	-0.564	-0.683	-0.722	-0.722	-0.652	-0.722	-0.723	-0.724	-0.724	-0.704	-0.725	
rs67617767     -0.420	-0.420	-0.420	-0.426	-0.208	-0.419	-0.297	-0.297	-0.419	-0.419	-0.430	-0.314	-0.390	-0.314	-0.314	-0.317	-0.312	-0.317	-0.323	-0.312	-0.309	-0.310	-0.217	-0.212	-0.346	-0.452	-0.606	-0.217	-0.453	-0.451	-0.237	-0.319	-0.451	-0.314	-0.474	-0.554	-0.553	-0.576	-0.375	-0.583	-0.579	-0.438	-0.438	-0.608	-0.637	-0.562	-0.607	-0.302	-0.269	-0.278	-0.338	-0.423	-0.407	-0.534	-0.620	-0.367	-0.427	-0.606	-0.619	-0.546	-0.369	-0.319	-0.555	-0.320	-0.575	-0.552	-0.605	-0.534	-0.367	-0.579	-0.621	-0.723	-0.693	-0.548	-0.390	-0.639	-0.607	-0.641	-0.392	-0.580	-0.607	-0.642	-0.550	-0.579	-0.538	-0.401	-0.611	-0.540	-0.540	-0.610	-0.611	-0.577	-0.540	-0.610	-0.587	-0.577	-0.540	-0.397	-0.613	-0.610	-0.612	-0.545	-0.623	-0.568	-0.541	-0.576	-0.636	-0.702	-0.576	-0.573	-0.576	-0.541	-0.576	-0.543	-0.573	-0.543	-0.543	-0.575	-0.638	-0.699	-0.543	-0.575	-0.543	-0.543	-0.575	-0.543	-0.416	-0.580	-0.614	-0.533	-0.543	-0.638	-0.543	-0.546	-0.614	-0.580	-0.544	-0.638	-0.580	-0.576	-0.614	-0.544	-0.612	-0.640	-0.598	-0.575	-0.578	-0.640	-0.544	-0.618	-0.614	-0.547	-0.574	-0.613	-0.576	-0.580	-0.614	-0.575	-0.617	-0.431	-0.644	-0.644	-0.599	-0.643	-0.582	-0.548	-0.574	-0.654	-0.617	-0.574	-0.648	-0.568	-0.574	-0.482	-0.604	-0.644	-0.644	-0.576	-0.644	-0.644	-0.646	-0.645	-0.624	-0.647	
rs55650763     -0.386	-0.386	-0.385	-0.394	-0.419	-0.281	-0.416	-0.415	-0.380	-0.379	-0.392	-0.437	-0.455	-0.437	-0.437	-0.451	-0.462	-0.450	-0.455	-0.426	-0.416	-0.417	-0.315	-0.310	-0.433	-0.517	-0.648	-0.312	-0.517	-0.516	-0.287	-0.400	-0.516	-0.384	-0.538	-0.618	-0.613	-0.639	-0.432	-0.642	-0.642	-0.496	-0.496	-0.670	-0.699	-0.623	-0.669	-0.360	-0.328	-0.336	-0.401	-0.485	-0.470	-0.596	-0.682	-0.425	-0.490	-0.669	-0.682	-0.608	-0.427	-0.377	-0.616	-0.378	-0.638	-0.614	-0.668	-0.594	-0.425	-0.641	-0.684	-0.783	-0.755	-0.607	-0.452	-0.700	-0.670	-0.703	-0.455	-0.643	-0.670	-0.703	-0.608	-0.642	-0.600	-0.463	-0.674	-0.602	-0.602	-0.673	-0.673	-0.636	-0.602	-0.673	-0.646	-0.640	-0.602	-0.460	-0.675	-0.673	-0.675	-0.607	-0.684	-0.626	-0.603	-0.634	-0.697	-0.763	-0.639	-0.632	-0.639	-0.603	-0.635	-0.605	-0.636	-0.605	-0.605	-0.638	-0.699	-0.759	-0.605	-0.634	-0.605	-0.605	-0.638	-0.605	-0.479	-0.638	-0.677	-0.595	-0.606	-0.700	-0.606	-0.608	-0.676	-0.639	-0.606	-0.699	-0.639	-0.638	-0.677	-0.606	-0.675	-0.702	-0.656	-0.638	-0.637	-0.702	-0.607	-0.680	-0.677	-0.609	-0.637	-0.676	-0.638	-0.638	-0.677	-0.638	-0.680	-0.493	-0.706	-0.706	-0.661	-0.704	-0.640	-0.611	-0.637	-0.716	-0.680	-0.637	-0.709	-0.631	-0.637	-0.546	-0.666	-0.705	-0.705	-0.634	-0.705	-0.706	-0.707	-0.707	-0.687	-0.708	
rs56164404     -0.417	-0.417	-0.418	-0.423	-0.297	-0.416	-0.204	-0.292	-0.416	-0.415	-0.426	-0.307	-0.386	-0.307	-0.307	-0.307	-0.299	-0.307	-0.313	-0.307	-0.305	-0.306	-0.217	-0.211	-0.343	-0.449	-0.600	-0.217	-0.449	-0.447	-0.231	-0.316	-0.447	-0.312	-0.470	-0.550	-0.549	-0.572	-0.372	-0.580	-0.575	-0.434	-0.434	-0.604	-0.632	-0.558	-0.603	-0.298	-0.266	-0.275	-0.335	-0.419	-0.404	-0.531	-0.615	-0.363	-0.424	-0.602	-0.615	-0.542	-0.365	-0.315	-0.551	-0.316	-0.571	-0.548	-0.601	-0.530	-0.363	-0.574	-0.617	-0.719	-0.689	-0.545	-0.386	-0.635	-0.603	-0.637	-0.388	-0.576	-0.603	-0.638	-0.546	-0.575	-0.534	-0.397	-0.607	-0.536	-0.536	-0.606	-0.606	-0.573	-0.536	-0.606	-0.583	-0.573	-0.536	-0.394	-0.608	-0.606	-0.608	-0.541	-0.619	-0.564	-0.537	-0.572	-0.632	-0.698	-0.572	-0.569	-0.572	-0.537	-0.573	-0.539	-0.569	-0.539	-0.539	-0.571	-0.634	-0.695	-0.539	-0.572	-0.539	-0.539	-0.571	-0.539	-0.413	-0.576	-0.610	-0.529	-0.540	-0.635	-0.540	-0.542	-0.610	-0.576	-0.540	-0.634	-0.576	-0.572	-0.610	-0.540	-0.608	-0.636	-0.594	-0.571	-0.574	-0.637	-0.541	-0.614	-0.610	-0.543	-0.570	-0.609	-0.571	-0.576	-0.610	-0.571	-0.612	-0.427	-0.641	-0.641	-0.595	-0.639	-0.578	-0.545	-0.570	-0.650	-0.612	-0.570	-0.644	-0.564	-0.570	-0.478	-0.601	-0.640	-0.640	-0.572	-0.640	-0.640	-0.642	-0.642	-0.620	-0.643	
rs55688782     -0.417	-0.417	-0.417	-0.423	-0.297	-0.415	-0.292	-0.203	-0.415	-0.415	-0.426	-0.307	-0.386	-0.306	-0.306	-0.306	-0.298	-0.306	-0.312	-0.306	-0.305	-0.306	-0.217	-0.212	-0.342	-0.448	-0.600	-0.217	-0.448	-0.447	-0.230	-0.316	-0.447	-0.312	-0.470	-0.550	-0.549	-0.571	-0.371	-0.579	-0.575	-0.433	-0.433	-0.603	-0.632	-0.557	-0.602	-0.298	-0.265	-0.274	-0.334	-0.419	-0.404	-0.530	-0.615	-0.363	-0.424	-0.602	-0.614	-0.542	-0.364	-0.315	-0.551	-0.316	-0.571	-0.548	-0.600	-0.530	-0.363	-0.574	-0.617	-0.718	-0.689	-0.544	-0.386	-0.635	-0.602	-0.637	-0.388	-0.576	-0.603	-0.638	-0.546	-0.574	-0.534	-0.397	-0.606	-0.535	-0.535	-0.606	-0.606	-0.573	-0.536	-0.606	-0.583	-0.572	-0.536	-0.394	-0.608	-0.606	-0.608	-0.541	-0.619	-0.564	-0.537	-0.571	-0.631	-0.698	-0.571	-0.569	-0.571	-0.537	-0.572	-0.539	-0.568	-0.539	-0.539	-0.571	-0.633	-0.694	-0.539	-0.571	-0.539	-0.539	-0.571	-0.539	-0.413	-0.576	-0.610	-0.529	-0.539	-0.634	-0.539	-0.542	-0.609	-0.576	-0.540	-0.634	-0.576	-0.571	-0.610	-0.540	-0.608	-0.636	-0.593	-0.571	-0.574	-0.636	-0.540	-0.613	-0.610	-0.542	-0.570	-0.608	-0.571	-0.575	-0.610	-0.570	-0.612	-0.427	-0.640	-0.640	-0.594	-0.639	-0.577	-0.544	-0.569	-0.650	-0.612	-0.569	-0.644	-0.564	-0.570	-0.477	-0.600	-0.640	-0.640	-0.571	-0.640	-0.640	-0.641	-0.641	-0.620	-0.643	
rs75403731     -0.386	-0.386	-0.385	-0.394	-0.419	-0.380	-0.416	-0.415	-0.281	-0.379	-0.391	-0.437	-0.455	-0.437	-0.437	-0.451	-0.462	-0.450	-0.455	-0.426	-0.416	-0.417	-0.315	-0.310	-0.433	-0.517	-0.648	-0.312	-0.517	-0.515	-0.287	-0.400	-0.516	-0.384	-0.538	-0.617	-0.612	-0.639	-0.432	-0.642	-0.642	-0.496	-0.496	-0.670	-0.699	-0.623	-0.669	-0.360	-0.327	-0.336	-0.401	-0.485	-0.470	-0.596	-0.682	-0.425	-0.490	-0.669	-0.682	-0.608	-0.427	-0.377	-0.616	-0.378	-0.638	-0.614	-0.668	-0.594	-0.425	-0.641	-0.684	-0.783	-0.755	-0.607	-0.452	-0.700	-0.669	-0.703	-0.454	-0.643	-0.670	-0.703	-0.608	-0.642	-0.600	-0.463	-0.674	-0.602	-0.602	-0.673	-0.673	-0.636	-0.602	-0.673	-0.646	-0.640	-0.602	-0.460	-0.675	-0.673	-0.675	-0.607	-0.684	-0.626	-0.603	-0.634	-0.697	-0.763	-0.639	-0.631	-0.639	-0.603	-0.635	-0.605	-0.636	-0.605	-0.605	-0.638	-0.699	-0.759	-0.605	-0.634	-0.605	-0.605	-0.638	-0.605	-0.479	-0.638	-0.677	-0.595	-0.605	-0.700	-0.606	-0.608	-0.676	-0.638	-0.606	-0.699	-0.639	-0.638	-0.677	-0.606	-0.675	-0.701	-0.656	-0.638	-0.637	-0.702	-0.606	-0.680	-0.677	-0.609	-0.637	-0.675	-0.638	-0.638	-0.677	-0.638	-0.679	-0.493	-0.706	-0.706	-0.660	-0.704	-0.640	-0.610	-0.636	-0.716	-0.679	-0.636	-0.709	-0.631	-0.637	-0.546	-0.666	-0.705	-0.705	-0.634	-0.705	-0.706	-0.707	-0.707	-0.687	-0.708	
rs55769843     -0.385	-0.385	-0.384	-0.393	-0.419	-0.379	-0.415	-0.415	-0.379	-0.279	-0.389	-0.436	-0.454	-0.436	-0.436	-0.450	-0.461	-0.449	-0.454	-0.425	-0.416	-0.416	-0.315	-0.310	-0.432	-0.516	-0.646	-0.312	-0.516	-0.514	-0.285	-0.399	-0.514	-0.384	-0.537	-0.616	-0.611	-0.638	-0.430	-0.641	-0.641	-0.494	-0.494	-0.669	-0.698	-0.622	-0.668	-0.358	-0.326	-0.335	-0.400	-0.484	-0.469	-0.595	-0.681	-0.424	-0.488	-0.668	-0.680	-0.606	-0.425	-0.375	-0.615	-0.376	-0.636	-0.612	-0.666	-0.593	-0.424	-0.640	-0.683	-0.781	-0.754	-0.605	-0.451	-0.699	-0.668	-0.701	-0.453	-0.642	-0.669	-0.702	-0.607	-0.640	-0.599	-0.462	-0.672	-0.600	-0.600	-0.671	-0.672	-0.634	-0.601	-0.672	-0.644	-0.638	-0.601	-0.459	-0.674	-0.672	-0.673	-0.606	-0.683	-0.625	-0.602	-0.633	-0.695	-0.761	-0.637	-0.630	-0.637	-0.602	-0.634	-0.604	-0.634	-0.604	-0.604	-0.637	-0.698	-0.758	-0.604	-0.633	-0.604	-0.604	-0.637	-0.604	-0.478	-0.637	-0.676	-0.594	-0.604	-0.698	-0.604	-0.607	-0.675	-0.637	-0.605	-0.698	-0.637	-0.637	-0.676	-0.605	-0.674	-0.700	-0.655	-0.637	-0.635	-0.700	-0.605	-0.679	-0.676	-0.607	-0.636	-0.674	-0.637	-0.637	-0.676	-0.636	-0.678	-0.492	-0.704	-0.704	-0.659	-0.703	-0.639	-0.609	-0.635	-0.714	-0.678	-0.635	-0.708	-0.630	-0.635	-0.545	-0.664	-0.704	-0.704	-0.633	-0.704	-0.704	-0.706	-0.705	-0.686	-0.707	
rs4981784      -0.401	-0.400	-0.401	-0.417	-0.430	-0.392	-0.426	-0.426	-0.391	-0.389	-0.311	-0.449	-0.480	-0.450	-0.450	-0.466	-0.480	-0.465	-0.471	-0.438	-0.427	-0.428	-0.315	-0.310	-0.447	-0.543	-0.684	-0.312	-0.543	-0.542	-0.327	-0.410	-0.542	-0.394	-0.566	-0.645	-0.639	-0.667	-0.460	-0.670	-0.670	-0.525	-0.524	-0.698	-0.727	-0.651	-0.697	-0.389	-0.357	-0.366	-0.428	-0.512	-0.497	-0.624	-0.710	-0.454	-0.517	-0.697	-0.710	-0.635	-0.456	-0.406	-0.644	-0.407	-0.666	-0.642	-0.696	-0.623	-0.454	-0.669	-0.711	-0.810	-0.783	-0.635	-0.480	-0.728	-0.697	-0.730	-0.482	-0.671	-0.698	-0.731	-0.637	-0.669	-0.627	-0.491	-0.701	-0.629	-0.629	-0.700	-0.701	-0.664	-0.629	-0.700	-0.674	-0.667	-0.630	-0.488	-0.703	-0.701	-0.702	-0.635	-0.712	-0.655	-0.631	-0.663	-0.724	-0.790	-0.666	-0.660	-0.666	-0.630	-0.663	-0.632	-0.664	-0.633	-0.633	-0.666	-0.727	-0.787	-0.633	-0.662	-0.633	-0.633	-0.666	-0.633	-0.506	-0.667	-0.704	-0.623	-0.633	-0.727	-0.633	-0.636	-0.704	-0.667	-0.633	-0.727	-0.667	-0.666	-0.705	-0.633	-0.702	-0.729	-0.685	-0.666	-0.665	-0.729	-0.634	-0.708	-0.705	-0.636	-0.665	-0.703	-0.666	-0.667	-0.704	-0.666	-0.707	-0.521	-0.733	-0.733	-0.688	-0.732	-0.669	-0.638	-0.664	-0.743	-0.707	-0.664	-0.737	-0.659	-0.665	-0.575	-0.693	-0.733	-0.733	-0.663	-0.733	-0.733	-0.735	-0.734	-0.715	-0.736	
rs11156641     -0.439	-0.439	-0.439	-0.446	-0.314	-0.437	-0.307	-0.307	-0.437	-0.436	-0.449	-0.234	-0.411	-0.327	-0.327	-0.337	-0.339	-0.336	-0.344	-0.326	-0.319	-0.320	-0.210	-0.205	-0.361	-0.474	-0.633	-0.212	-0.475	-0.473	-0.268	-0.328	-0.473	-0.324	-0.497	-0.577	-0.575	-0.599	-0.399	-0.607	-0.602	-0.462	-0.462	-0.630	-0.659	-0.585	-0.629	-0.326	-0.294	-0.303	-0.361	-0.446	-0.431	-0.558	-0.643	-0.391	-0.451	-0.629	-0.642	-0.569	-0.393	-0.343	-0.578	-0.344	-0.598	-0.575	-0.628	-0.558	-0.391	-0.601	-0.644	-0.745	-0.716	-0.572	-0.413	-0.662	-0.629	-0.664	-0.415	-0.603	-0.630	-0.665	-0.573	-0.602	-0.561	-0.424	-0.633	-0.562	-0.563	-0.633	-0.633	-0.601	-0.563	-0.633	-0.611	-0.600	-0.563	-0.421	-0.635	-0.633	-0.635	-0.568	-0.646	-0.591	-0.564	-0.599	-0.659	-0.725	-0.599	-0.597	-0.599	-0.564	-0.600	-0.566	-0.596	-0.566	-0.566	-0.598	-0.661	-0.722	-0.566	-0.599	-0.566	-0.566	-0.598	-0.566	-0.440	-0.603	-0.637	-0.556	-0.566	-0.661	-0.566	-0.569	-0.636	-0.603	-0.567	-0.661	-0.603	-0.599	-0.637	-0.567	-0.635	-0.663	-0.621	-0.598	-0.602	-0.663	-0.567	-0.640	-0.637	-0.570	-0.597	-0.635	-0.598	-0.603	-0.637	-0.598	-0.639	-0.454	-0.667	-0.667	-0.621	-0.666	-0.605	-0.571	-0.597	-0.677	-0.639	-0.597	-0.671	-0.591	-0.597	-0.505	-0.628	-0.667	-0.667	-0.599	-0.667	-0.667	-0.669	-0.668	-0.647	-0.670	
rs75594033     -0.458	-0.458	-0.459	-0.471	-0.390	-0.455	-0.386	-0.386	-0.455	-0.454	-0.480	-0.411	-0.238	-0.412	-0.412	-0.431	-0.448	-0.430	-0.436	-0.396	-0.382	-0.383	-0.269	-0.264	-0.387	-0.404	-0.698	-0.265	-0.404	-0.402	-0.072	-0.346	-0.402	-0.314	-0.506	-0.573	-0.556	-0.598	-0.418	-0.624	-0.601	-0.483	-0.483	-0.631	-0.660	-0.580	-0.630	-0.356	-0.316	-0.324	-0.338	-0.427	-0.410	-0.547	-0.644	-0.410	-0.432	-0.630	-0.644	-0.564	-0.417	-0.372	-0.573	-0.373	-0.595	-0.570	-0.631	-0.579	-0.416	-0.599	-0.638	-0.746	-0.714	-0.588	-0.409	-0.657	-0.630	-0.660	-0.411	-0.602	-0.631	-0.660	-0.590	-0.600	-0.553	-0.420	-0.634	-0.555	-0.555	-0.633	-0.634	-0.614	-0.555	-0.633	-0.623	-0.597	-0.556	-0.416	-0.636	-0.634	-0.635	-0.561	-0.642	-0.604	-0.557	-0.612	-0.654	-0.731	-0.596	-0.609	-0.596	-0.557	-0.613	-0.559	-0.593	-0.559	-0.559	-0.596	-0.656	-0.728	-0.559	-0.612	-0.559	-0.559	-0.596	-0.559	-0.435	-0.616	-0.637	-0.548	-0.559	-0.657	-0.559	-0.563	-0.637	-0.617	-0.560	-0.656	-0.617	-0.596	-0.637	-0.560	-0.635	-0.659	-0.633	-0.596	-0.615	-0.659	-0.560	-0.641	-0.637	-0.563	-0.594	-0.636	-0.596	-0.616	-0.637	-0.595	-0.640	-0.450	-0.663	-0.663	-0.622	-0.662	-0.618	-0.565	-0.594	-0.673	-0.640	-0.594	-0.667	-0.588	-0.594	-0.506	-0.625	-0.662	-0.662	-0.613	-0.663	-0.663	-0.664	-0.664	-0.643	-0.665	
rs11156642     -0.439	-0.439	-0.440	-0.447	-0.314	-0.437	-0.307	-0.306	-0.437	-0.436	-0.450	-0.327	-0.412	-0.234	-0.326	-0.337	-0.339	-0.336	-0.344	-0.325	-0.318	-0.319	-0.209	-0.203	-0.361	-0.475	-0.634	-0.211	-0.475	-0.474	-0.269	-0.328	-0.474	-0.324	-0.498	-0.578	-0.576	-0.600	-0.400	-0.607	-0.603	-0.462	-0.462	-0.631	-0.660	-0.585	-0.630	-0.327	-0.294	-0.303	-0.362	-0.447	-0.431	-0.558	-0.643	-0.392	-0.451	-0.630	-0.643	-0.570	-0.393	-0.344	-0.578	-0.345	-0.599	-0.576	-0.629	-0.559	-0.392	-0.602	-0.645	-0.746	-0.717	-0.573	-0.414	-0.663	-0.630	-0.665	-0.416	-0.604	-0.631	-0.666	-0.574	-0.602	-0.561	-0.425	-0.634	-0.563	-0.563	-0.633	-0.634	-0.601	-0.563	-0.633	-0.611	-0.600	-0.564	-0.421	-0.636	-0.634	-0.635	-0.569	-0.647	-0.592	-0.565	-0.600	-0.659	-0.726	-0.599	-0.597	-0.599	-0.564	-0.601	-0.566	-0.597	-0.567	-0.567	-0.599	-0.661	-0.722	-0.567	-0.599	-0.567	-0.567	-0.599	-0.567	-0.440	-0.604	-0.638	-0.557	-0.567	-0.662	-0.567	-0.569	-0.637	-0.604	-0.567	-0.662	-0.604	-0.599	-0.638	-0.567	-0.636	-0.664	-0.622	-0.599	-0.602	-0.664	-0.568	-0.641	-0.638	-0.570	-0.598	-0.636	-0.599	-0.604	-0.638	-0.599	-0.640	-0.455	-0.668	-0.668	-0.622	-0.667	-0.606	-0.572	-0.597	-0.678	-0.640	-0.597	-0.672	-0.592	-0.598	-0.506	-0.628	-0.667	-0.668	-0.600	-0.668	-0.668	-0.669	-0.669	-0.648	-0.670	
rs8004725      -0.439	-0.439	-0.440	-0.447	-0.314	-0.437	-0.307	-0.306	-0.437	-0.436	-0.450	-0.327	-0.412	-0.326	-0.234	-0.337	-0.339	-0.336	-0.344	-0.325	-0.318	-0.319	-0.209	-0.203	-0.361	-0.475	-0.634	-0.210	-0.475	-0.474	-0.269	-0.328	-0.474	-0.324	-0.498	-0.578	-0.576	-0.600	-0.400	-0.607	-0.603	-0.462	-0.462	-0.631	-0.660	-0.586	-0.630	-0.327	-0.295	-0.303	-0.362	-0.447	-0.432	-0.558	-0.643	-0.392	-0.451	-0.630	-0.643	-0.570	-0.393	-0.344	-0.579	-0.345	-0.599	-0.576	-0.629	-0.559	-0.392	-0.602	-0.645	-0.746	-0.717	-0.573	-0.414	-0.663	-0.630	-0.665	-0.416	-0.604	-0.631	-0.666	-0.574	-0.603	-0.562	-0.425	-0.634	-0.563	-0.563	-0.633	-0.634	-0.601	-0.564	-0.634	-0.611	-0.601	-0.564	-0.422	-0.636	-0.634	-0.636	-0.569	-0.647	-0.592	-0.565	-0.600	-0.659	-0.726	-0.600	-0.597	-0.600	-0.565	-0.601	-0.567	-0.597	-0.567	-0.567	-0.599	-0.661	-0.723	-0.567	-0.600	-0.567	-0.567	-0.599	-0.567	-0.440	-0.604	-0.638	-0.557	-0.567	-0.662	-0.567	-0.570	-0.637	-0.604	-0.568	-0.662	-0.604	-0.599	-0.638	-0.568	-0.636	-0.664	-0.622	-0.599	-0.602	-0.664	-0.568	-0.641	-0.638	-0.570	-0.598	-0.636	-0.599	-0.604	-0.638	-0.599	-0.640	-0.455	-0.668	-0.668	-0.622	-0.667	-0.606	-0.572	-0.598	-0.678	-0.640	-0.598	-0.672	-0.592	-0.598	-0.506	-0.628	-0.667	-0.668	-0.600	-0.668	-0.668	-0.669	-0.669	-0.648	-0.671	
rs12590152     -0.454	-0.453	-0.454	-0.463	-0.317	-0.451	-0.307	-0.306	-0.451	-0.450	-0.466	-0.337	-0.431	-0.337	-0.337	-0.258	-0.362	-0.352	-0.362	-0.328	-0.318	-0.320	-0.192	-0.185	-0.370	-0.495	-0.659	-0.196	-0.495	-0.494	-0.298	-0.332	-0.494	-0.329	-0.519	-0.599	-0.596	-0.621	-0.420	-0.628	-0.624	-0.483	-0.483	-0.652	-0.681	-0.606	-0.651	-0.348	-0.316	-0.325	-0.383	-0.467	-0.452	-0.579	-0.664	-0.413	-0.472	-0.651	-0.664	-0.591	-0.415	-0.365	-0.599	-0.366	-0.620	-0.597	-0.650	-0.580	-0.413	-0.623	-0.666	-0.767	-0.737	-0.594	-0.435	-0.683	-0.651	-0.686	-0.437	-0.625	-0.651	-0.686	-0.595	-0.624	-0.582	-0.445	-0.655	-0.584	-0.584	-0.654	-0.655	-0.622	-0.584	-0.654	-0.632	-0.621	-0.584	-0.442	-0.657	-0.655	-0.656	-0.590	-0.668	-0.613	-0.586	-0.621	-0.680	-0.747	-0.621	-0.618	-0.621	-0.585	-0.621	-0.587	-0.618	-0.587	-0.587	-0.620	-0.682	-0.743	-0.587	-0.620	-0.587	-0.587	-0.620	-0.588	-0.461	-0.625	-0.658	-0.577	-0.588	-0.683	-0.588	-0.590	-0.658	-0.625	-0.588	-0.682	-0.625	-0.620	-0.659	-0.588	-0.656	-0.685	-0.643	-0.620	-0.623	-0.685	-0.589	-0.662	-0.659	-0.591	-0.619	-0.657	-0.620	-0.625	-0.658	-0.620	-0.661	-0.475	-0.689	-0.689	-0.643	-0.687	-0.627	-0.593	-0.619	-0.699	-0.661	-0.619	-0.692	-0.613	-0.619	-0.528	-0.649	-0.688	-0.688	-0.621	-0.688	-0.689	-0.690	-0.690	-0.669	-0.691	
rs8007471      -0.465	-0.465	-0.466	-0.475	-0.312	-0.462	-0.299	-0.298	-0.462	-0.461	-0.480	-0.339	-0.448	-0.339	-0.339	-0.362	-0.278	-0.361	-0.374	-0.326	-0.313	-0.315	-0.172	-0.164	-0.376	-0.513	-0.681	-0.178	-0.513	-0.511	-0.324	-0.333	-0.511	-0.331	-0.538	-0.618	-0.614	-0.640	-0.439	-0.646	-0.642	-0.502	-0.502	-0.670	-0.700	-0.625	-0.669	-0.367	-0.335	-0.344	-0.401	-0.485	-0.470	-0.597	-0.683	-0.432	-0.490	-0.669	-0.682	-0.609	-0.434	-0.384	-0.618	-0.385	-0.638	-0.615	-0.669	-0.599	-0.432	-0.642	-0.684	-0.785	-0.756	-0.612	-0.453	-0.702	-0.669	-0.704	-0.455	-0.643	-0.670	-0.705	-0.614	-0.642	-0.600	-0.464	-0.673	-0.602	-0.602	-0.673	-0.673	-0.641	-0.602	-0.673	-0.651	-0.640	-0.603	-0.460	-0.675	-0.673	-0.675	-0.608	-0.686	-0.631	-0.604	-0.639	-0.698	-0.765	-0.639	-0.637	-0.639	-0.603	-0.640	-0.605	-0.636	-0.606	-0.606	-0.639	-0.700	-0.762	-0.606	-0.639	-0.606	-0.606	-0.639	-0.606	-0.479	-0.643	-0.677	-0.596	-0.606	-0.701	-0.606	-0.609	-0.676	-0.644	-0.606	-0.701	-0.644	-0.639	-0.677	-0.606	-0.675	-0.703	-0.661	-0.639	-0.642	-0.703	-0.607	-0.680	-0.677	-0.609	-0.638	-0.675	-0.639	-0.643	-0.677	-0.638	-0.680	-0.494	-0.707	-0.707	-0.661	-0.706	-0.645	-0.611	-0.637	-0.717	-0.680	-0.637	-0.711	-0.632	-0.637	-0.547	-0.668	-0.706	-0.707	-0.639	-0.707	-0.707	-0.708	-0.708	-0.687	-0.710	
rs8013230      -0.453	-0.453	-0.453	-0.462	-0.317	-0.450	-0.307	-0.306	-0.450	-0.449	-0.465	-0.336	-0.430	-0.336	-0.336	-0.352	-0.361	-0.256	-0.360	-0.327	-0.317	-0.318	-0.191	-0.185	-0.369	-0.494	-0.657	-0.195	-0.494	-0.492	-0.296	-0.331	-0.492	-0.328	-0.518	-0.598	-0.595	-0.619	-0.419	-0.627	-0.622	-0.482	-0.482	-0.650	-0.680	-0.605	-0.649	-0.347	-0.314	-0.323	-0.381	-0.466	-0.451	-0.578	-0.663	-0.412	-0.470	-0.649	-0.662	-0.589	-0.413	-0.364	-0.598	-0.365	-0.618	-0.595	-0.648	-0.578	-0.412	-0.622	-0.664	-0.765	-0.736	-0.592	-0.433	-0.682	-0.650	-0.684	-0.435	-0.623	-0.650	-0.685	-0.594	-0.622	-0.581	-0.444	-0.654	-0.582	-0.582	-0.653	-0.653	-0.621	-0.583	-0.653	-0.631	-0.620	-0.583	-0.441	-0.655	-0.653	-0.655	-0.588	-0.666	-0.611	-0.584	-0.619	-0.679	-0.745	-0.619	-0.617	-0.619	-0.584	-0.620	-0.586	-0.616	-0.586	-0.586	-0.619	-0.681	-0.742	-0.586	-0.619	-0.586	-0.586	-0.619	-0.586	-0.460	-0.623	-0.657	-0.576	-0.586	-0.681	-0.586	-0.589	-0.656	-0.624	-0.587	-0.681	-0.624	-0.619	-0.657	-0.587	-0.655	-0.683	-0.641	-0.619	-0.622	-0.683	-0.587	-0.661	-0.657	-0.590	-0.618	-0.656	-0.619	-0.623	-0.657	-0.618	-0.660	-0.474	-0.687	-0.687	-0.641	-0.686	-0.625	-0.591	-0.617	-0.697	-0.660	-0.617	-0.691	-0.612	-0.617	-0.526	-0.648	-0.687	-0.687	-0.619	-0.687	-0.687	-0.689	-0.688	-0.667	-0.690	
rs12586222     -0.458	-0.458	-0.459	-0.467	-0.323	-0.455	-0.313	-0.312	-0.455	-0.454	-0.471	-0.344	-0.436	-0.344	-0.344	-0.362	-0.374	-0.360	-0.263	-0.327	-0.314	-0.316	-0.182	-0.174	-0.371	-0.500	-0.665	-0.187	-0.501	-0.499	-0.304	-0.331	-0.499	-0.328	-0.524	-0.604	-0.600	-0.626	-0.424	-0.633	-0.629	-0.487	-0.487	-0.657	-0.686	-0.611	-0.656	-0.352	-0.319	-0.328	-0.387	-0.472	-0.457	-0.583	-0.669	-0.417	-0.476	-0.656	-0.669	-0.595	-0.418	-0.369	-0.604	-0.370	-0.625	-0.601	-0.655	-0.584	-0.417	-0.628	-0.670	-0.771	-0.742	-0.598	-0.439	-0.688	-0.656	-0.690	-0.441	-0.630	-0.657	-0.691	-0.599	-0.628	-0.587	-0.450	-0.660	-0.589	-0.589	-0.659	-0.660	-0.626	-0.589	-0.659	-0.636	-0.626	-0.589	-0.447	-0.662	-0.660	-0.661	-0.594	-0.672	-0.617	-0.590	-0.625	-0.684	-0.751	-0.625	-0.622	-0.625	-0.590	-0.626	-0.592	-0.622	-0.592	-0.592	-0.625	-0.687	-0.748	-0.592	-0.625	-0.592	-0.592	-0.625	-0.592	-0.466	-0.629	-0.664	-0.582	-0.593	-0.687	-0.593	-0.595	-0.663	-0.629	-0.593	-0.687	-0.629	-0.625	-0.664	-0.593	-0.662	-0.689	-0.647	-0.625	-0.627	-0.689	-0.593	-0.667	-0.664	-0.596	-0.624	-0.662	-0.625	-0.629	-0.663	-0.624	-0.666	-0.480	-0.693	-0.693	-0.648	-0.692	-0.631	-0.598	-0.623	-0.703	-0.666	-0.623	-0.697	-0.618	-0.624	-0.532	-0.654	-0.693	-0.693	-0.625	-0.693	-0.693	-0.695	-0.694	-0.673	-0.696	
rs12587585     -0.428	-0.427	-0.428	-0.434	-0.312	-0.426	-0.307	-0.306	-0.426	-0.425	-0.438	-0.326	-0.396	-0.325	-0.325	-0.328	-0.326	-0.327	-0.327	-0.216	-0.299	-0.300	-0.199	-0.192	-0.345	-0.459	-0.612	-0.202	-0.459	-0.457	-0.244	-0.315	-0.458	-0.312	-0.481	-0.561	-0.559	-0.582	-0.382	-0.591	-0.586	-0.444	-0.444	-0.615	-0.643	-0.568	-0.614	-0.308	-0.276	-0.285	-0.346	-0.430	-0.415	-0.541	-0.626	-0.373	-0.435	-0.613	-0.625	-0.553	-0.375	-0.325	-0.561	-0.326	-0.582	-0.559	-0.611	-0.541	-0.373	-0.585	-0.628	-0.729	-0.700	-0.555	-0.397	-0.645	-0.614	-0.648	-0.399	-0.587	-0.614	-0.649	-0.556	-0.586	-0.545	-0.408	-0.618	-0.547	-0.547	-0.617	-0.617	-0.583	-0.547	-0.617	-0.594	-0.583	-0.547	-0.405	-0.619	-0.617	-0.619	-0.552	-0.630	-0.574	-0.548	-0.582	-0.642	-0.709	-0.582	-0.579	-0.582	-0.548	-0.583	-0.550	-0.579	-0.550	-0.550	-0.582	-0.644	-0.705	-0.550	-0.582	-0.550	-0.550	-0.582	-0.550	-0.424	-0.586	-0.621	-0.540	-0.550	-0.645	-0.550	-0.553	-0.620	-0.586	-0.551	-0.644	-0.586	-0.582	-0.621	-0.551	-0.619	-0.647	-0.604	-0.582	-0.584	-0.647	-0.551	-0.624	-0.621	-0.554	-0.581	-0.620	-0.582	-0.586	-0.621	-0.581	-0.623	-0.438	-0.651	-0.651	-0.606	-0.650	-0.588	-0.555	-0.580	-0.661	-0.623	-0.580	-0.654	-0.575	-0.581	-0.488	-0.611	-0.650	-0.651	-0.582	-0.651	-0.651	-0.652	-0.652	-0.631	-0.653	
rs12586760     -0.418	-0.418	-0.418	-0.424	-0.309	-0.416	-0.305	-0.305	-0.416	-0.416	-0.427	-0.319	-0.382	-0.318	-0.318	-0.318	-0.313	-0.317	-0.314	-0.299	-0.200	-0.288	-0.201	-0.194	-0.333	-0.445	-0.595	-0.203	-0.445	-0.444	-0.223	-0.308	-0.444	-0.305	-0.467	-0.547	-0.545	-0.568	-0.367	-0.576	-0.571	-0.429	-0.429	-0.600	-0.629	-0.554	-0.599	-0.293	-0.261	-0.270	-0.332	-0.416	-0.401	-0.526	-0.611	-0.359	-0.421	-0.599	-0.611	-0.538	-0.360	-0.310	-0.547	-0.311	-0.567	-0.544	-0.597	-0.527	-0.359	-0.571	-0.613	-0.715	-0.686	-0.540	-0.383	-0.631	-0.599	-0.634	-0.385	-0.573	-0.600	-0.634	-0.542	-0.571	-0.531	-0.394	-0.603	-0.532	-0.532	-0.603	-0.603	-0.569	-0.533	-0.603	-0.579	-0.569	-0.533	-0.390	-0.605	-0.603	-0.605	-0.538	-0.615	-0.560	-0.534	-0.568	-0.628	-0.695	-0.568	-0.565	-0.568	-0.534	-0.568	-0.536	-0.565	-0.536	-0.536	-0.568	-0.630	-0.691	-0.536	-0.567	-0.536	-0.536	-0.567	-0.536	-0.409	-0.572	-0.607	-0.526	-0.536	-0.631	-0.536	-0.539	-0.606	-0.572	-0.537	-0.630	-0.572	-0.568	-0.607	-0.537	-0.605	-0.632	-0.590	-0.568	-0.570	-0.633	-0.537	-0.610	-0.607	-0.539	-0.566	-0.605	-0.568	-0.571	-0.607	-0.567	-0.609	-0.424	-0.637	-0.637	-0.591	-0.635	-0.574	-0.541	-0.566	-0.647	-0.609	-0.566	-0.640	-0.560	-0.566	-0.473	-0.597	-0.636	-0.636	-0.567	-0.636	-0.637	-0.638	-0.638	-0.616	-0.639	
rs72666502     -0.418	-0.418	-0.419	-0.425	-0.310	-0.417	-0.306	-0.306	-0.417	-0.416	-0.428	-0.320	-0.383	-0.319	-0.319	-0.320	-0.315	-0.318	-0.316	-0.300	-0.288	-0.200	-0.200	-0.194	-0.333	-0.446	-0.595	-0.203	-0.446	-0.444	-0.224	-0.308	-0.444	-0.305	-0.467	-0.547	-0.546	-0.568	-0.368	-0.577	-0.572	-0.430	-0.430	-0.601	-0.629	-0.554	-0.600	-0.294	-0.261	-0.270	-0.332	-0.417	-0.401	-0.527	-0.612	-0.359	-0.421	-0.599	-0.611	-0.539	-0.361	-0.311	-0.547	-0.312	-0.568	-0.545	-0.597	-0.527	-0.359	-0.571	-0.614	-0.715	-0.686	-0.541	-0.383	-0.632	-0.600	-0.634	-0.385	-0.573	-0.600	-0.635	-0.542	-0.572	-0.531	-0.394	-0.604	-0.533	-0.533	-0.603	-0.604	-0.569	-0.533	-0.603	-0.580	-0.569	-0.533	-0.391	-0.606	-0.604	-0.605	-0.538	-0.616	-0.560	-0.535	-0.568	-0.628	-0.695	-0.569	-0.565	-0.568	-0.534	-0.569	-0.536	-0.565	-0.536	-0.536	-0.568	-0.630	-0.692	-0.536	-0.568	-0.536	-0.536	-0.568	-0.537	-0.410	-0.572	-0.607	-0.527	-0.537	-0.631	-0.537	-0.539	-0.607	-0.572	-0.537	-0.631	-0.572	-0.568	-0.607	-0.537	-0.605	-0.633	-0.590	-0.568	-0.571	-0.633	-0.538	-0.611	-0.607	-0.540	-0.567	-0.606	-0.568	-0.572	-0.607	-0.568	-0.609	-0.424	-0.637	-0.637	-0.592	-0.636	-0.574	-0.542	-0.566	-0.647	-0.609	-0.566	-0.641	-0.561	-0.567	-0.473	-0.597	-0.637	-0.637	-0.568	-0.637	-0.637	-0.638	-0.638	-0.617	-0.640	
rs12587101     -0.315	-0.315	-0.315	-0.316	-0.217	-0.315	-0.217	-0.217	-0.315	-0.315	-0.315	-0.210	-0.269	-0.209	-0.209	-0.192	-0.172	-0.191	-0.182	-0.199	-0.201	-0.200	-0.065	-0.135	-0.129	-0.340	-0.457	-0.143	-0.340	-0.339	-0.069	-0.178	-0.339	-0.210	-0.345	-0.426	-0.424	-0.445	-0.249	-0.460	-0.451	-0.309	-0.309	-0.481	-0.508	-0.435	-0.480	-0.173	-0.140	-0.149	-0.214	-0.298	-0.283	-0.407	-0.491	-0.238	-0.303	-0.480	-0.490	-0.419	-0.240	-0.190	-0.428	-0.191	-0.446	-0.425	-0.475	-0.407	-0.238	-0.450	-0.495	-0.597	-0.567	-0.421	-0.265	-0.513	-0.481	-0.515	-0.267	-0.452	-0.481	-0.516	-0.423	-0.451	-0.412	-0.276	-0.485	-0.414	-0.414	-0.484	-0.484	-0.450	-0.414	-0.484	-0.460	-0.448	-0.415	-0.273	-0.486	-0.484	-0.486	-0.420	-0.497	-0.441	-0.416	-0.449	-0.509	-0.576	-0.447	-0.446	-0.447	-0.415	-0.449	-0.417	-0.444	-0.417	-0.417	-0.447	-0.511	-0.573	-0.418	-0.448	-0.418	-0.418	-0.447	-0.418	-0.292	-0.453	-0.488	-0.408	-0.418	-0.512	-0.418	-0.420	-0.487	-0.453	-0.418	-0.511	-0.453	-0.447	-0.488	-0.418	-0.486	-0.514	-0.471	-0.447	-0.451	-0.514	-0.419	-0.491	-0.488	-0.421	-0.445	-0.486	-0.447	-0.453	-0.488	-0.446	-0.489	-0.306	-0.518	-0.518	-0.474	-0.517	-0.455	-0.423	-0.445	-0.528	-0.489	-0.445	-0.522	-0.439	-0.445	-0.347	-0.478	-0.517	-0.518	-0.448	-0.518	-0.518	-0.519	-0.519	-0.497	-0.520	
rs12590909     -0.310	-0.310	-0.310	-0.311	-0.212	-0.310	-0.211	-0.212	-0.310	-0.310	-0.310	-0.205	-0.264	-0.203	-0.203	-0.185	-0.164	-0.185	-0.174	-0.192	-0.194	-0.194	-0.135	-0.059	-0.116	-0.336	-0.451	-0.139	-0.336	-0.334	-0.063	-0.170	-0.334	-0.205	-0.341	-0.421	-0.419	-0.441	-0.245	-0.456	-0.447	-0.305	-0.305	-0.477	-0.504	-0.430	-0.476	-0.168	-0.135	-0.144	-0.210	-0.294	-0.279	-0.403	-0.486	-0.234	-0.298	-0.475	-0.485	-0.414	-0.235	-0.185	-0.423	-0.186	-0.442	-0.421	-0.471	-0.403	-0.234	-0.446	-0.491	-0.592	-0.562	-0.416	-0.260	-0.508	-0.476	-0.510	-0.263	-0.448	-0.476	-0.511	-0.418	-0.446	-0.408	-0.271	-0.480	-0.410	-0.410	-0.479	-0.480	-0.445	-0.410	-0.479	-0.456	-0.444	-0.410	-0.268	-0.482	-0.480	-0.481	-0.415	-0.492	-0.436	-0.411	-0.444	-0.505	-0.572	-0.443	-0.441	-0.442	-0.411	-0.445	-0.413	-0.439	-0.413	-0.413	-0.442	-0.507	-0.568	-0.413	-0.444	-0.413	-0.413	-0.442	-0.413	-0.287	-0.448	-0.483	-0.403	-0.413	-0.507	-0.413	-0.416	-0.483	-0.448	-0.414	-0.507	-0.448	-0.442	-0.483	-0.414	-0.481	-0.509	-0.466	-0.442	-0.446	-0.509	-0.414	-0.487	-0.483	-0.416	-0.441	-0.482	-0.442	-0.448	-0.483	-0.441	-0.484	-0.302	-0.514	-0.514	-0.469	-0.512	-0.450	-0.418	-0.440	-0.523	-0.484	-0.440	-0.517	-0.434	-0.441	-0.343	-0.473	-0.513	-0.513	-0.444	-0.513	-0.513	-0.515	-0.515	-0.493	-0.516	
rs56035112     -0.435	-0.435	-0.436	-0.442	-0.346	-0.433	-0.343	-0.342	-0.433	-0.432	-0.447	-0.361	-0.387	-0.361	-0.361	-0.370	-0.376	-0.369	-0.371	-0.345	-0.333	-0.333	-0.129	-0.116	-0.207	-0.461	-0.614	-0.116	-0.461	-0.460	-0.245	-0.258	-0.460	-0.274	-0.474	-0.554	-0.549	-0.575	-0.374	-0.585	-0.579	-0.436	-0.436	-0.608	-0.636	-0.561	-0.607	-0.300	-0.267	-0.276	-0.340	-0.424	-0.409	-0.534	-0.619	-0.365	-0.429	-0.607	-0.618	-0.546	-0.367	-0.317	-0.554	-0.318	-0.574	-0.552	-0.604	-0.534	-0.365	-0.578	-0.621	-0.723	-0.693	-0.547	-0.392	-0.639	-0.607	-0.641	-0.394	-0.580	-0.608	-0.642	-0.549	-0.579	-0.539	-0.402	-0.611	-0.540	-0.540	-0.611	-0.611	-0.576	-0.541	-0.611	-0.586	-0.576	-0.541	-0.399	-0.613	-0.611	-0.613	-0.546	-0.623	-0.567	-0.542	-0.574	-0.635	-0.702	-0.575	-0.572	-0.575	-0.542	-0.575	-0.544	-0.572	-0.544	-0.544	-0.575	-0.638	-0.699	-0.544	-0.574	-0.544	-0.544	-0.575	-0.544	-0.418	-0.579	-0.615	-0.534	-0.544	-0.638	-0.544	-0.547	-0.614	-0.579	-0.545	-0.638	-0.579	-0.575	-0.615	-0.545	-0.613	-0.640	-0.597	-0.575	-0.577	-0.640	-0.545	-0.618	-0.615	-0.547	-0.574	-0.613	-0.575	-0.578	-0.615	-0.574	-0.616	-0.432	-0.644	-0.644	-0.600	-0.643	-0.580	-0.549	-0.573	-0.654	-0.616	-0.573	-0.648	-0.567	-0.573	-0.479	-0.605	-0.644	-0.644	-0.574	-0.644	-0.644	-0.646	-0.645	-0.624	-0.647	
rs12050381     -0.520	-0.520	-0.521	-0.534	-0.452	-0.517	-0.449	-0.448	-0.517	-0.516	-0.543	-0.474	-0.404	-0.475	-0.475	-0.495	-0.513	-0.494	-0.500	-0.459	-0.445	-0.446	-0.340	-0.336	-0.461	-0.327	-0.573	-0.337	-0.432	-0.431	-0.591	-0.420	-0.432	-0.391	-0.571	-0.661	-0.647	-0.687	-0.479	-0.682	-0.683	-0.550	-0.550	-0.706	-0.743	-0.668	-0.705	-0.415	-0.388	-0.396	-0.432	-0.518	-0.502	-0.644	-0.729	-0.484	-0.523	-0.704	-0.729	-0.654	-0.482	-0.432	-0.662	-0.433	-0.682	-0.660	-0.717	-0.642	-0.481	-0.684	-0.729	-0.828	-0.796	-0.655	-0.476	-0.743	-0.704	-0.746	-0.478	-0.685	-0.705	-0.747	-0.656	-0.684	-0.634	-0.487	-0.709	-0.636	-0.636	-0.708	-0.709	-0.684	-0.636	-0.708	-0.694	-0.683	-0.637	-0.484	-0.711	-0.709	-0.711	-0.642	-0.728	-0.674	-0.638	-0.682	-0.740	-0.806	-0.683	-0.679	-0.683	-0.638	-0.683	-0.640	-0.681	-0.640	-0.640	-0.682	-0.742	-0.803	-0.640	-0.682	-0.640	-0.640	-0.682	-0.640	-0.504	-0.686	-0.713	-0.629	-0.640	-0.743	-0.640	-0.644	-0.712	-0.687	-0.641	-0.743	-0.687	-0.682	-0.713	-0.641	-0.711	-0.745	-0.704	-0.682	-0.685	-0.745	-0.641	-0.718	-0.713	-0.644	-0.682	-0.711	-0.682	-0.686	-0.713	-0.682	-0.722	-0.519	-0.749	-0.749	-0.696	-0.747	-0.688	-0.646	-0.681	-0.758	-0.722	-0.681	-0.752	-0.677	-0.681	-0.601	-0.712	-0.748	-0.748	-0.682	-0.748	-0.749	-0.750	-0.750	-0.729	-0.751	
rs10872845     -0.653	-0.653	-0.655	-0.672	-0.606	-0.648	-0.600	-0.600	-0.648	-0.646	-0.684	-0.633	-0.698	-0.634	-0.634	-0.659	-0.681	-0.657	-0.665	-0.612	-0.595	-0.595	-0.457	-0.451	-0.614	-0.573	-0.586	-0.452	-0.573	-0.570	-0.600	-0.563	-0.571	-0.539	-0.819	-0.899	-0.883	-0.923	-0.714	-0.922	-0.923	-0.782	-0.782	-0.949	-0.980	-0.902	-0.948	-0.649	-0.615	-0.624	-0.673	-0.759	-0.743	-0.873	-0.964	-0.712	-0.763	-0.948	-0.964	-0.886	-0.714	-0.666	-0.894	-0.667	-0.919	-0.892	-0.951	-0.880	-0.713	-0.922	-0.959	-1.062	-1.034	-0.891	-0.728	-0.978	-0.948	-0.980	-0.730	-0.924	-0.949	-0.981	-0.893	-0.923	-0.877	-0.739	-0.953	-0.878	-0.878	-0.952	-0.952	-0.919	-0.879	-0.952	-0.929	-0.921	-0.879	-0.736	-0.954	-0.952	-0.954	-0.884	-0.962	-0.910	-0.880	-0.918	-0.975	-1.044	-0.920	-0.915	-0.920	-0.880	-0.918	-0.882	-0.918	-0.882	-0.882	-0.920	-0.977	-1.040	-0.882	-0.917	-0.882	-0.882	-0.920	-0.882	-0.755	-0.922	-0.956	-0.872	-0.883	-0.978	-0.883	-0.886	-0.955	-0.922	-0.883	-0.977	-0.922	-0.920	-0.956	-0.883	-0.954	-0.979	-0.940	-0.920	-0.920	-0.980	-0.884	-0.960	-0.956	-0.886	-0.919	-0.955	-0.920	-0.922	-0.956	-0.919	-0.961	-0.769	-0.984	-0.984	-0.937	-0.982	-0.924	-0.888	-0.918	-0.994	-0.961	-0.918	-0.987	-0.913	-0.919	-0.835	-0.945	-0.983	-0.983	-0.918	-0.983	-0.983	-0.985	-0.985	-0.964	-0.986	
rs67216182     -0.312	-0.312	-0.312	-0.313	-0.217	-0.312	-0.217	-0.217	-0.312	-0.312	-0.312	-0.212	-0.265	-0.211	-0.210	-0.196	-0.178	-0.195	-0.187	-0.202	-0.203	-0.203	-0.143	-0.139	-0.116	-0.337	-0.452	-0.060	-0.337	-0.335	-0.062	-0.164	-0.335	-0.202	-0.341	-0.422	-0.420	-0.441	-0.244	-0.455	-0.447	-0.304	-0.304	-0.477	-0.504	-0.430	-0.476	-0.167	-0.134	-0.144	-0.210	-0.294	-0.279	-0.403	-0.487	-0.233	-0.299	-0.476	-0.486	-0.415	-0.234	-0.184	-0.423	-0.185	-0.442	-0.421	-0.471	-0.403	-0.233	-0.446	-0.491	-0.592	-0.563	-0.416	-0.261	-0.508	-0.477	-0.511	-0.263	-0.448	-0.477	-0.512	-0.418	-0.447	-0.408	-0.272	-0.481	-0.410	-0.410	-0.480	-0.480	-0.445	-0.410	-0.480	-0.455	-0.444	-0.410	-0.269	-0.482	-0.480	-0.482	-0.415	-0.493	-0.436	-0.412	-0.444	-0.505	-0.572	-0.443	-0.441	-0.443	-0.411	-0.444	-0.413	-0.440	-0.413	-0.413	-0.443	-0.507	-0.568	-0.413	-0.443	-0.413	-0.414	-0.443	-0.414	-0.288	-0.448	-0.484	-0.404	-0.414	-0.508	-0.414	-0.416	-0.483	-0.448	-0.414	-0.507	-0.448	-0.443	-0.484	-0.414	-0.482	-0.510	-0.466	-0.443	-0.446	-0.510	-0.415	-0.487	-0.484	-0.417	-0.441	-0.483	-0.443	-0.448	-0.484	-0.442	-0.485	-0.302	-0.514	-0.514	-0.470	-0.513	-0.450	-0.419	-0.441	-0.524	-0.485	-0.441	-0.517	-0.435	-0.441	-0.343	-0.474	-0.513	-0.513	-0.443	-0.514	-0.514	-0.515	-0.515	-0.493	-0.516	
rs12050096     -0.520	-0.520	-0.521	-0.534	-0.453	-0.517	-0.449	-0.448	-0.517	-0.516	-0.543	-0.475	-0.404	-0.475	-0.475	-0.495	-0.513	-0.494	-0.501	-0.459	-0.445	-0.446	-0.340	-0.336	-0.461	-0.432	-0.573	-0.337	-0.327	-0.431	-0.591	-0.420	-0.432	-0.391	-0.571	-0.661	-0.647	-0.687	-0.479	-0.682	-0.683	-0.550	-0.550	-0.707	-0.743	-0.668	-0.705	-0.416	-0.388	-0.396	-0.432	-0.518	-0.502	-0.644	-0.729	-0.484	-0.523	-0.704	-0.729	-0.654	-0.482	-0.432	-0.663	-0.433	-0.682	-0.660	-0.717	-0.642	-0.481	-0.684	-0.729	-0.828	-0.796	-0.655	-0.476	-0.744	-0.704	-0.746	-0.478	-0.685	-0.705	-0.747	-0.656	-0.684	-0.634	-0.488	-0.709	-0.636	-0.636	-0.708	-0.709	-0.684	-0.637	-0.708	-0.695	-0.683	-0.637	-0.484	-0.711	-0.709	-0.711	-0.642	-0.728	-0.674	-0.638	-0.683	-0.740	-0.806	-0.683	-0.680	-0.683	-0.638	-0.683	-0.640	-0.681	-0.640	-0.640	-0.682	-0.742	-0.803	-0.640	-0.682	-0.640	-0.640	-0.682	-0.640	-0.504	-0.687	-0.713	-0.630	-0.641	-0.743	-0.641	-0.644	-0.712	-0.687	-0.641	-0.743	-0.687	-0.683	-0.713	-0.641	-0.711	-0.745	-0.704	-0.682	-0.685	-0.745	-0.642	-0.718	-0.713	-0.644	-0.682	-0.712	-0.682	-0.687	-0.713	-0.682	-0.722	-0.519	-0.749	-0.749	-0.696	-0.748	-0.688	-0.646	-0.681	-0.759	-0.722	-0.681	-0.752	-0.677	-0.681	-0.601	-0.712	-0.748	-0.748	-0.683	-0.748	-0.749	-0.750	-0.750	-0.729	-0.751	
rs12050295     -0.518	-0.518	-0.520	-0.532	-0.451	-0.516	-0.447	-0.447	-0.515	-0.514	-0.542	-0.473	-0.402	-0.474	-0.474	-0.494	-0.511	-0.492	-0.499	-0.457	-0.444	-0.444	-0.339	-0.334	-0.460	-0.431	-0.570	-0.335	-0.431	-0.325	-0.590	-0.418	-0.431	-0.389	-0.569	-0.659	-0.645	-0.686	-0.477	-0.680	-0.682	-0.548	-0.548	-0.705	-0.741	-0.666	-0.704	-0.414	-0.386	-0.395	-0.430	-0.516	-0.501	-0.642	-0.728	-0.482	-0.521	-0.702	-0.727	-0.652	-0.481	-0.430	-0.661	-0.431	-0.680	-0.658	-0.715	-0.640	-0.479	-0.682	-0.727	-0.826	-0.795	-0.653	-0.474	-0.742	-0.702	-0.744	-0.477	-0.683	-0.703	-0.745	-0.655	-0.683	-0.633	-0.486	-0.707	-0.634	-0.634	-0.706	-0.707	-0.682	-0.635	-0.706	-0.693	-0.682	-0.635	-0.483	-0.709	-0.707	-0.709	-0.641	-0.726	-0.673	-0.636	-0.681	-0.738	-0.804	-0.681	-0.678	-0.681	-0.636	-0.682	-0.638	-0.679	-0.638	-0.638	-0.681	-0.740	-0.801	-0.638	-0.681	-0.638	-0.638	-0.681	-0.639	-0.502	-0.685	-0.711	-0.628	-0.639	-0.741	-0.639	-0.642	-0.711	-0.685	-0.640	-0.741	-0.685	-0.681	-0.712	-0.639	-0.709	-0.743	-0.703	-0.681	-0.683	-0.743	-0.640	-0.716	-0.712	-0.642	-0.680	-0.710	-0.681	-0.685	-0.711	-0.680	-0.720	-0.517	-0.747	-0.747	-0.694	-0.746	-0.687	-0.644	-0.680	-0.757	-0.720	-0.680	-0.751	-0.675	-0.680	-0.600	-0.710	-0.746	-0.747	-0.681	-0.747	-0.747	-0.748	-0.748	-0.727	-0.750	
