## Summary of overall evidence for association with region:
## log10(BF for region) = 0.882803
## p-value for region = NA

## BFs for choosing among multi-SNP models:
## log10(average 1-SNP BF) = 0.696694
## log10(average 2-SNP BF) = 1.1125

## Example posterior probabilities for multi-SNP models, based on default prior: [p(l) propto 0.5^l for l=1,2,...,L]
## posterior probability of 1-SNP = 0.43431
## posterior probability of 2-SNP = 0.56569

## log10(BF) for single SNP and pair of SNPs:
rs59107391     +0.183	+0.118	-0.329	+0.121	+0.125	+0.074	-0.307	+0.136	+0.198	-0.052	+0.125	-0.046	+0.160	-0.318	-0.318	-0.339	-0.339	-0.318	+0.239	+0.240	+0.240	+1.259	+0.229	+0.904	-0.316	+0.276	+0.275	+0.275	+0.928	+0.251	+0.243	+1.270	+0.241	+1.156	+0.898	-0.314	+0.633	+0.610	+0.803	+0.645	+0.592	+0.596	+0.581	+0.576	+0.569	+0.563	+0.608	+0.658	+0.658	+0.556	+0.556	+0.529	+0.522	+0.506	+0.468	+0.456	+0.267	-0.309	-0.332	-0.317	-0.338	-0.329	+1.347	+1.041	+1.286	+1.339	+1.381	+1.328	
rs4129630      +0.118	+0.215	-0.296	+0.158	+0.162	+0.125	-0.274	+0.171	+0.228	-0.021	+0.157	-0.016	+0.192	-0.286	-0.286	-0.306	-0.306	-0.285	+0.266	+0.266	+0.267	+1.255	+0.254	+0.939	-0.283	+0.301	+0.300	+0.300	+0.963	+0.274	+0.265	+1.266	+0.263	+1.152	+0.933	-0.282	+0.643	+0.621	+0.837	+0.655	+0.603	+0.607	+0.593	+0.587	+0.581	+0.574	+0.620	+0.669	+0.669	+0.568	+0.568	+0.540	+0.534	+0.518	+0.481	+0.469	+0.283	-0.278	-0.302	-0.286	-0.307	-0.298	+1.385	+1.078	+1.324	+1.378	+1.420	+1.366	
rs4861065      -0.329	-0.296	-0.626	-0.291	-0.285	-0.367	-0.897	-0.270	-0.200	-0.579	-0.281	-0.562	-0.240	-0.892	-0.892	-0.765	-0.762	-0.894	-0.151	-0.150	-0.150	+1.118	-0.158	-0.018	-0.897	-0.114	-0.114	-0.114	+0.001	-0.133	-0.140	+1.131	-0.139	+1.025	-0.024	-0.901	+0.915	+0.875	-0.053	+0.931	+0.827	+0.849	+0.822	+0.812	+0.800	+0.788	+0.794	+0.876	+0.875	+0.777	+0.776	+0.726	+0.714	+0.685	+0.572	+0.553	+0.067	-1.051	-1.073	-1.059	-1.078	-1.070	+0.521	+0.230	+0.465	+0.514	+0.554	+0.502	
rs10027533     +0.121	+0.158	-0.291	+0.219	+0.164	+0.130	-0.269	+0.173	+0.229	-0.017	+0.160	-0.013	+0.194	-0.281	-0.281	-0.302	-0.302	-0.281	+0.266	+0.267	+0.267	+1.254	+0.255	+0.944	-0.279	+0.301	+0.301	+0.301	+0.968	+0.275	+0.265	+1.265	+0.264	+1.151	+0.938	-0.277	+0.646	+0.623	+0.842	+0.658	+0.606	+0.610	+0.595	+0.590	+0.583	+0.577	+0.622	+0.672	+0.672	+0.570	+0.570	+0.543	+0.537	+0.520	+0.483	+0.472	+0.286	-0.274	-0.298	-0.282	-0.303	-0.294	+1.390	+1.083	+1.329	+1.382	+1.424	+1.371	
rs9995944      +0.125	+0.162	-0.285	+0.164	+0.226	+0.138	-0.263	+0.176	+0.229	-0.011	+0.164	-0.007	+0.196	-0.275	-0.275	-0.296	-0.296	-0.275	+0.268	+0.268	+0.269	+1.253	+0.256	+0.951	-0.273	+0.302	+0.302	+0.301	+0.975	+0.276	+0.267	+1.264	+0.265	+1.151	+0.945	-0.271	+0.649	+0.627	+0.849	+0.661	+0.609	+0.613	+0.598	+0.593	+0.586	+0.580	+0.626	+0.675	+0.675	+0.574	+0.574	+0.546	+0.540	+0.524	+0.487	+0.475	+0.290	-0.268	-0.292	-0.276	-0.297	-0.288	+1.397	+1.089	+1.335	+1.389	+1.431	+1.377	
rs10020854     +0.074	+0.125	-0.367	+0.130	+0.138	+0.141	-0.343	+0.157	+0.247	-0.083	+0.137	-0.077	+0.196	-0.355	-0.355	-0.376	-0.376	-0.355	+0.305	+0.306	+0.306	+1.286	+0.286	+0.857	-0.353	+0.348	+0.348	+0.348	+0.880	+0.310	+0.296	+1.297	+0.293	+1.177	+0.851	-0.351	+0.605	+0.582	+0.759	+0.617	+0.564	+0.568	+0.553	+0.548	+0.541	+0.534	+0.580	+0.630	+0.630	+0.528	+0.528	+0.500	+0.494	+0.477	+0.438	+0.426	+0.232	-0.346	-0.370	-0.354	-0.375	-0.366	+1.310	+1.004	+1.249	+1.303	+1.344	+1.291	
rs4861305      -0.307	-0.274	-0.897	-0.269	-0.263	-0.343	-0.601	-0.248	-0.179	-0.554	-0.259	-0.538	-0.218	-0.700	-0.698	-0.891	-0.891	-0.721	-0.130	-0.129	-0.128	+1.112	-0.136	+0.007	-0.742	-0.092	-0.092	-0.092	+0.026	-0.111	-0.118	+1.125	-0.118	+1.026	+0.001	-0.758	+0.701	+0.666	-0.028	+0.716	+0.625	+0.643	+0.621	+0.613	+0.602	+0.592	+0.613	+0.686	+0.685	+0.582	+0.582	+0.539	+0.529	+0.503	+0.417	+0.399	+0.004	-1.026	-1.049	-1.034	-1.053	-1.046	+0.546	+0.255	+0.490	+0.539	+0.580	+0.527	
rs12331964     +0.136	+0.171	-0.270	+0.173	+0.176	+0.157	-0.248	+0.242	+0.231	+0.003	+0.174	+0.007	+0.203	-0.260	-0.261	-0.281	-0.281	-0.260	+0.270	+0.271	+0.271	+1.250	+0.260	+0.969	-0.258	+0.303	+0.303	+0.303	+0.992	+0.278	+0.269	+1.261	+0.268	+1.149	+0.963	-0.256	+0.657	+0.635	+0.865	+0.669	+0.617	+0.621	+0.607	+0.602	+0.595	+0.588	+0.634	+0.684	+0.683	+0.582	+0.582	+0.555	+0.549	+0.532	+0.496	+0.484	+0.300	-0.254	-0.277	-0.262	-0.283	-0.274	+1.413	+1.105	+1.352	+1.405	+1.447	+1.394	
rs12331974     +0.198	+0.228	-0.200	+0.229	+0.229	+0.247	-0.179	+0.231	+0.318	+0.069	+0.224	+0.072	+0.236	-0.191	-0.191	-0.211	-0.211	-0.191	+0.269	+0.274	+0.274	+1.229	+0.267	+1.055	-0.188	+0.297	+0.297	+0.297	+1.079	+0.280	+0.275	+1.240	+0.274	+1.134	+1.049	-0.187	+0.696	+0.674	+0.947	+0.708	+0.657	+0.661	+0.646	+0.641	+0.635	+0.628	+0.674	+0.723	+0.723	+0.622	+0.622	+0.595	+0.589	+0.573	+0.538	+0.527	+0.350	-0.184	-0.208	-0.192	-0.213	-0.204	+1.485	+1.177	+1.424	+1.478	+1.520	+1.466	
rs78800928     -0.052	-0.021	-0.579	-0.017	-0.011	-0.083	-0.554	+0.003	+0.069	-0.058	-0.006	-0.116	+0.030	-0.559	-0.559	-0.583	-0.583	-0.559	+0.114	+0.114	+0.115	+1.243	+0.107	+0.598	-0.559	+0.149	+0.149	+0.149	+0.619	+0.130	+0.124	+1.255	+0.124	+1.151	+0.592	-0.558	+0.589	+0.565	+0.506	+0.602	+0.543	+0.549	+0.533	+0.527	+0.520	+0.513	+0.556	+0.610	+0.610	+0.506	+0.505	+0.475	+0.468	+0.450	+0.405	+0.392	+0.165	-0.547	-0.569	-0.555	-0.574	-0.566	+1.099	+0.795	+1.039	+1.092	+1.135	+1.082	
rs58441171     +0.125	+0.157	-0.281	+0.160	+0.164	+0.137	-0.259	+0.174	+0.224	-0.006	+0.232	-0.002	+0.197	-0.270	-0.271	-0.291	-0.291	-0.270	+0.272	+0.273	+0.273	+1.254	+0.260	+0.955	-0.268	+0.306	+0.306	+0.305	+0.979	+0.280	+0.271	+1.265	+0.269	+1.152	+0.949	-0.266	+0.650	+0.627	+0.854	+0.661	+0.609	+0.613	+0.599	+0.593	+0.587	+0.580	+0.626	+0.675	+0.675	+0.574	+0.574	+0.547	+0.540	+0.524	+0.487	+0.476	+0.291	-0.263	-0.287	-0.271	-0.292	-0.283	+1.403	+1.096	+1.342	+1.395	+1.437	+1.384	
rs114219703    -0.046	-0.016	-0.562	-0.013	-0.007	-0.077	-0.538	+0.007	+0.072	-0.116	-0.002	-0.039	+0.034	-0.543	-0.543	-0.566	-0.566	-0.543	+0.116	+0.117	+0.117	+1.239	+0.109	+0.618	-0.542	+0.151	+0.151	+0.151	+0.640	+0.133	+0.126	+1.252	+0.126	+1.148	+0.612	-0.542	+0.598	+0.574	+0.525	+0.611	+0.552	+0.558	+0.542	+0.537	+0.529	+0.522	+0.566	+0.619	+0.619	+0.515	+0.515	+0.484	+0.478	+0.459	+0.415	+0.402	+0.176	-0.531	-0.553	-0.539	-0.557	-0.550	+1.117	+0.813	+1.058	+1.111	+1.153	+1.101	
rs10016940     +0.160	+0.192	-0.240	+0.194	+0.196	+0.196	-0.218	+0.203	+0.236	+0.030	+0.197	+0.034	+0.274	-0.231	-0.231	-0.251	-0.251	-0.231	+0.277	+0.277	+0.277	+1.244	+0.267	+1.003	-0.228	+0.306	+0.306	+0.306	+1.027	+0.284	+0.276	+1.255	+0.275	+1.145	+0.997	-0.226	+0.674	+0.652	+0.897	+0.686	+0.635	+0.638	+0.624	+0.619	+0.612	+0.606	+0.652	+0.701	+0.701	+0.600	+0.599	+0.573	+0.566	+0.550	+0.514	+0.503	+0.321	-0.225	-0.248	-0.233	-0.254	-0.245	+1.445	+1.137	+1.383	+1.437	+1.479	+1.425	
rs6818856      -0.318	-0.286	-0.892	-0.281	-0.275	-0.355	-0.700	-0.260	-0.191	-0.559	-0.270	-0.543	-0.231	-0.598	-0.730	-0.893	-0.893	-0.740	-0.143	-0.142	-0.142	+1.079	-0.149	-0.005	-0.746	-0.106	-0.106	-0.106	+0.014	-0.125	-0.131	+1.093	-0.131	+0.994	-0.011	-0.755	+0.780	+0.744	-0.039	+0.794	+0.700	+0.720	+0.697	+0.689	+0.678	+0.668	+0.686	+0.761	+0.760	+0.658	+0.657	+0.613	+0.603	+0.577	+0.485	+0.468	+0.055	-1.026	-1.047	-1.033	-1.052	-1.044	+0.552	+0.262	+0.495	+0.544	+0.585	+0.533	
rs6819483      -0.318	-0.286	-0.892	-0.281	-0.275	-0.355	-0.698	-0.261	-0.191	-0.559	-0.271	-0.543	-0.231	-0.730	-0.598	-0.893	-0.893	-0.740	-0.143	-0.142	-0.142	+1.078	-0.150	-0.005	-0.746	-0.106	-0.106	-0.106	+0.014	-0.125	-0.132	+1.092	-0.132	+0.993	-0.011	-0.754	+0.782	+0.747	-0.040	+0.797	+0.703	+0.723	+0.700	+0.692	+0.681	+0.670	+0.688	+0.763	+0.763	+0.660	+0.660	+0.615	+0.605	+0.579	+0.488	+0.470	+0.057	-1.026	-1.047	-1.033	-1.052	-1.044	+0.552	+0.262	+0.495	+0.545	+0.585	+0.533	
rs7669882      -0.339	-0.306	-0.765	-0.302	-0.296	-0.376	-0.891	-0.281	-0.211	-0.583	-0.291	-0.566	-0.251	-0.893	-0.893	-0.624	-0.760	-0.893	-0.162	-0.162	-0.161	+1.087	-0.169	-0.026	-0.895	-0.125	-0.125	-0.125	-0.007	-0.144	-0.151	+1.101	-0.151	+0.996	-0.032	-0.897	+0.998	+0.957	-0.061	+1.015	+0.907	+0.930	+0.902	+0.892	+0.879	+0.867	+0.869	+0.953	+0.953	+0.856	+0.855	+0.803	+0.791	+0.761	+0.641	+0.621	+0.110	-1.050	-1.072	-1.058	-1.076	-1.069	+0.523	+0.233	+0.467	+0.516	+0.556	+0.504	
rs6447450      -0.339	-0.306	-0.762	-0.302	-0.296	-0.376	-0.891	-0.281	-0.211	-0.583	-0.291	-0.566	-0.251	-0.893	-0.893	-0.760	-0.624	-0.893	-0.162	-0.161	-0.161	+1.088	-0.169	-0.026	-0.895	-0.125	-0.125	-0.125	-0.007	-0.144	-0.150	+1.102	-0.150	+0.997	-0.032	-0.897	+0.998	+0.957	-0.061	+1.015	+0.907	+0.930	+0.902	+0.892	+0.879	+0.867	+0.869	+0.953	+0.953	+0.856	+0.855	+0.803	+0.791	+0.761	+0.641	+0.622	+0.111	-1.050	-1.072	-1.058	-1.076	-1.069	+0.523	+0.233	+0.467	+0.516	+0.557	+0.504	
rs112419906    -0.318	-0.285	-0.894	-0.281	-0.275	-0.355	-0.721	-0.260	-0.191	-0.559	-0.270	-0.543	-0.231	-0.740	-0.740	-0.893	-0.893	-0.598	-0.142	-0.142	-0.141	+1.082	-0.149	-0.005	-0.731	-0.105	-0.105	-0.105	+0.014	-0.124	-0.131	+1.095	-0.131	+0.996	-0.010	-0.740	+0.785	+0.749	-0.039	+0.799	+0.705	+0.725	+0.702	+0.694	+0.683	+0.672	+0.691	+0.765	+0.765	+0.662	+0.662	+0.618	+0.607	+0.581	+0.490	+0.472	+0.058	-1.026	-1.047	-1.033	-1.052	-1.044	+0.552	+0.262	+0.495	+0.544	+0.585	+0.533	
rs9968307      +0.239	+0.266	-0.151	+0.266	+0.268	+0.305	-0.130	+0.270	+0.269	+0.114	+0.272	+0.116	+0.277	-0.143	-0.143	-0.162	-0.162	-0.142	+0.368	+0.319	+0.320	+1.232	+0.315	+1.103	-0.140	+0.341	+0.341	+0.341	+1.126	+0.327	+0.323	+1.246	+0.322	+1.141	+1.096	-0.137	+0.724	+0.703	+0.990	+0.736	+0.686	+0.690	+0.676	+0.671	+0.664	+0.658	+0.704	+0.752	+0.752	+0.652	+0.651	+0.625	+0.619	+0.603	+0.569	+0.558	+0.384	-0.139	-0.163	-0.147	-0.168	-0.159	+1.538	+1.230	+1.476	+1.530	+1.572	+1.518	
rs9968287      +0.240	+0.266	-0.150	+0.267	+0.268	+0.306	-0.129	+0.271	+0.274	+0.114	+0.273	+0.117	+0.277	-0.142	-0.142	-0.162	-0.161	-0.142	+0.319	+0.369	+0.320	+1.232	+0.315	+1.104	-0.139	+0.341	+0.341	+0.341	+1.127	+0.328	+0.324	+1.246	+0.323	+1.141	+1.097	-0.137	+0.725	+0.703	+0.991	+0.737	+0.686	+0.690	+0.676	+0.671	+0.664	+0.658	+0.704	+0.753	+0.752	+0.652	+0.652	+0.626	+0.620	+0.604	+0.569	+0.558	+0.384	-0.138	-0.162	-0.146	-0.167	-0.158	+1.539	+1.231	+1.477	+1.531	+1.573	+1.519	
rs9968322      +0.240	+0.267	-0.150	+0.267	+0.269	+0.306	-0.128	+0.271	+0.274	+0.115	+0.273	+0.117	+0.277	-0.142	-0.142	-0.161	-0.161	-0.141	+0.320	+0.320	+0.369	+1.232	+0.315	+1.104	-0.138	+0.341	+0.341	+0.341	+1.128	+0.328	+0.324	+1.246	+0.323	+1.141	+1.098	-0.136	+0.725	+0.703	+0.991	+0.737	+0.687	+0.691	+0.676	+0.671	+0.665	+0.659	+0.705	+0.753	+0.753	+0.653	+0.652	+0.626	+0.620	+0.604	+0.569	+0.558	+0.385	-0.138	-0.161	-0.146	-0.167	-0.158	+1.539	+1.232	+1.477	+1.531	+1.574	+1.520	
rs6447482      +1.259	+1.255	+1.118	+1.254	+1.253	+1.286	+1.112	+1.250	+1.229	+1.243	+1.254	+1.239	+1.244	+1.079	+1.078	+1.087	+1.088	+1.082	+1.232	+1.232	+1.232	+1.565	+1.234	+1.355	+1.090	+1.228	+1.228	+1.228	+1.364	+1.229	+1.230	+1.554	+1.230	+1.495	+1.353	+1.096	+1.390	+1.375	+1.329	+1.399	+1.363	+1.367	+1.357	+1.354	+1.349	+1.345	+1.388	+1.422	+1.422	+1.341	+1.341	+1.324	+1.320	+1.310	+1.291	+1.285	+1.199	+0.994	+0.972	+0.986	+0.967	+0.975	+2.724	+2.419	+2.658	+2.714	+2.753	+2.699	
rs9968324      +0.229	+0.254	-0.158	+0.255	+0.256	+0.286	-0.136	+0.260	+0.267	+0.107	+0.260	+0.109	+0.267	-0.149	-0.150	-0.169	-0.169	-0.149	+0.315	+0.315	+0.315	+1.234	+0.361	+1.096	-0.146	+0.339	+0.338	+0.338	+1.119	+0.324	+0.320	+1.247	+0.319	+1.142	+1.089	-0.144	+0.721	+0.699	+0.983	+0.733	+0.682	+0.686	+0.672	+0.667	+0.660	+0.654	+0.700	+0.748	+0.748	+0.648	+0.648	+0.621	+0.615	+0.599	+0.565	+0.554	+0.379	-0.145	-0.169	-0.153	-0.174	-0.165	+1.532	+1.225	+1.470	+1.524	+1.566	+1.512	
rs6447483      +0.904	+0.939	-0.018	+0.944	+0.951	+0.857	+0.007	+0.969	+1.055	+0.598	+0.955	+0.618	+1.003	-0.005	-0.005	-0.026	-0.026	-0.005	+1.103	+1.104	+1.104	+1.355	+1.096	+0.584	-0.003	+1.146	+1.146	+1.146	+0.580	+1.123	+1.115	+1.367	+1.115	+1.285	+0.564	-0.002	+0.994	+0.971	+0.507	+1.005	+0.948	+0.956	+0.941	+0.936	+0.929	+0.922	+0.967	+1.018	+1.017	+0.916	+0.916	+0.888	+0.881	+0.864	+0.824	+0.812	+0.603	-0.001	-0.023	-0.010	-0.027	-0.020	+1.674	+1.392	+1.611	+1.662	+1.702	+1.647	
rs7669053      -0.316	-0.283	-0.897	-0.279	-0.273	-0.353	-0.742	-0.258	-0.188	-0.559	-0.268	-0.542	-0.228	-0.746	-0.746	-0.895	-0.895	-0.731	-0.140	-0.139	-0.138	+1.090	-0.146	-0.003	-0.599	-0.102	-0.102	-0.102	+0.016	-0.121	-0.128	+1.104	-0.128	+1.004	-0.009	-0.740	+0.767	+0.731	-0.038	+0.782	+0.688	+0.708	+0.685	+0.677	+0.666	+0.656	+0.674	+0.749	+0.748	+0.646	+0.645	+0.601	+0.591	+0.565	+0.474	+0.457	+0.047	-1.026	-1.048	-1.034	-1.053	-1.045	+0.550	+0.259	+0.493	+0.542	+0.583	+0.531	
rs73146132     +0.276	+0.301	-0.114	+0.301	+0.302	+0.348	-0.092	+0.303	+0.297	+0.149	+0.306	+0.151	+0.306	-0.106	-0.106	-0.125	-0.125	-0.105	+0.341	+0.341	+0.341	+1.228	+0.339	+1.146	-0.102	+0.408	+0.362	+0.362	+1.170	+0.348	+0.346	+1.243	+0.345	+1.140	+1.139	-0.100	+0.748	+0.726	+1.031	+0.760	+0.710	+0.714	+0.699	+0.694	+0.688	+0.682	+0.728	+0.776	+0.776	+0.676	+0.676	+0.650	+0.644	+0.628	+0.594	+0.583	+0.412	-0.103	-0.126	-0.111	-0.131	-0.123	+1.579	+1.271	+1.517	+1.571	+1.613	+1.559	
rs113371220    +0.275	+0.300	-0.114	+0.301	+0.302	+0.348	-0.092	+0.303	+0.297	+0.149	+0.306	+0.151	+0.306	-0.106	-0.106	-0.125	-0.125	-0.105	+0.341	+0.341	+0.341	+1.228	+0.338	+1.146	-0.102	+0.362	+0.408	+0.362	+1.170	+0.348	+0.346	+1.243	+0.345	+1.140	+1.139	-0.100	+0.748	+0.726	+1.031	+0.760	+0.710	+0.713	+0.699	+0.694	+0.688	+0.682	+0.728	+0.776	+0.776	+0.676	+0.675	+0.649	+0.644	+0.628	+0.594	+0.583	+0.412	-0.103	-0.126	-0.111	-0.132	-0.123	+1.579	+1.271	+1.517	+1.571	+1.613	+1.559	
rs111639753    +0.275	+0.300	-0.114	+0.301	+0.301	+0.348	-0.092	+0.303	+0.297	+0.149	+0.305	+0.151	+0.306	-0.106	-0.106	-0.125	-0.125	-0.105	+0.341	+0.341	+0.341	+1.228	+0.338	+1.146	-0.102	+0.362	+0.362	+0.408	+1.170	+0.348	+0.346	+1.243	+0.345	+1.140	+1.139	-0.100	+0.748	+0.726	+1.031	+0.760	+0.710	+0.713	+0.699	+0.694	+0.688	+0.682	+0.728	+0.776	+0.776	+0.676	+0.675	+0.649	+0.644	+0.628	+0.594	+0.583	+0.412	-0.103	-0.126	-0.111	-0.132	-0.123	+1.579	+1.271	+1.517	+1.571	+1.613	+1.559	
rs4285123      +0.928	+0.963	+0.001	+0.968	+0.975	+0.880	+0.026	+0.992	+1.079	+0.619	+0.979	+0.640	+1.027	+0.014	+0.014	-0.007	-0.007	+0.014	+1.126	+1.127	+1.128	+1.364	+1.119	+0.580	+0.016	+1.170	+1.170	+1.170	+0.606	+1.147	+1.139	+1.376	+1.139	+1.294	+0.576	+0.017	+1.009	+0.986	+0.521	+1.020	+0.963	+0.970	+0.956	+0.951	+0.944	+0.937	+0.983	+1.033	+1.032	+0.931	+0.931	+0.903	+0.896	+0.879	+0.840	+0.827	+0.619	+0.018	-0.004	+0.009	-0.008	-0.001	+1.696	+1.412	+1.633	+1.684	+1.724	+1.670	
rs73146137     +0.251	+0.274	-0.133	+0.275	+0.276	+0.310	-0.111	+0.278	+0.280	+0.130	+0.280	+0.133	+0.284	-0.125	-0.125	-0.144	-0.144	-0.124	+0.327	+0.328	+0.328	+1.229	+0.324	+1.123	-0.121	+0.348	+0.348	+0.348	+1.147	+0.387	+0.335	+1.244	+0.334	+1.140	+1.117	-0.119	+0.735	+0.714	+1.009	+0.747	+0.697	+0.701	+0.687	+0.682	+0.675	+0.669	+0.715	+0.763	+0.763	+0.663	+0.663	+0.637	+0.631	+0.615	+0.580	+0.569	+0.397	-0.122	-0.145	-0.130	-0.150	-0.142	+1.556	+1.249	+1.494	+1.548	+1.591	+1.537	
rs56012618     +0.243	+0.265	-0.140	+0.265	+0.267	+0.296	-0.118	+0.269	+0.275	+0.124	+0.271	+0.126	+0.276	-0.131	-0.132	-0.151	-0.150	-0.131	+0.323	+0.324	+0.324	+1.230	+0.320	+1.115	-0.128	+0.346	+0.346	+0.346	+1.139	+0.335	+0.380	+1.245	+0.331	+1.141	+1.108	-0.126	+0.731	+0.709	+1.001	+0.743	+0.693	+0.696	+0.682	+0.677	+0.671	+0.664	+0.710	+0.759	+0.758	+0.658	+0.658	+0.632	+0.626	+0.610	+0.575	+0.565	+0.392	-0.128	-0.151	-0.136	-0.157	-0.148	+1.549	+1.242	+1.488	+1.542	+1.584	+1.530	
rs4861323      +1.270	+1.266	+1.131	+1.265	+1.264	+1.297	+1.125	+1.261	+1.240	+1.255	+1.265	+1.252	+1.255	+1.093	+1.092	+1.101	+1.102	+1.095	+1.246	+1.246	+1.246	+1.554	+1.247	+1.367	+1.104	+1.243	+1.243	+1.243	+1.376	+1.244	+1.245	+1.578	+1.245	+1.507	+1.364	+1.110	+1.400	+1.385	+1.340	+1.408	+1.373	+1.376	+1.367	+1.363	+1.359	+1.355	+1.398	+1.432	+1.432	+1.351	+1.351	+1.334	+1.330	+1.320	+1.302	+1.295	+1.210	+1.007	+0.985	+0.999	+0.980	+0.988	+2.738	+2.431	+2.671	+2.727	+2.766	+2.712	
rs55633891     +0.241	+0.263	-0.139	+0.264	+0.265	+0.293	-0.118	+0.268	+0.274	+0.124	+0.269	+0.126	+0.275	-0.131	-0.132	-0.151	-0.150	-0.131	+0.322	+0.323	+0.323	+1.230	+0.319	+1.115	-0.128	+0.345	+0.345	+0.345	+1.139	+0.334	+0.331	+1.245	+0.380	+1.141	+1.108	-0.126	+0.730	+0.709	+1.002	+0.742	+0.692	+0.696	+0.682	+0.677	+0.670	+0.664	+0.710	+0.758	+0.758	+0.658	+0.658	+0.632	+0.626	+0.610	+0.575	+0.564	+0.391	-0.128	-0.151	-0.136	-0.157	-0.148	+1.549	+1.243	+1.488	+1.542	+1.584	+1.530	
rs10009228     +1.156	+1.152	+1.025	+1.151	+1.151	+1.177	+1.026	+1.149	+1.134	+1.151	+1.152	+1.148	+1.145	+0.994	+0.993	+0.996	+0.997	+0.996	+1.141	+1.141	+1.141	+1.495	+1.142	+1.285	+1.004	+1.140	+1.140	+1.140	+1.294	+1.140	+1.141	+1.507	+1.141	+1.477	+1.281	+1.010	+1.322	+1.307	+1.257	+1.331	+1.294	+1.298	+1.288	+1.285	+1.280	+1.276	+1.319	+1.354	+1.354	+1.272	+1.272	+1.254	+1.251	+1.240	+1.221	+1.214	+1.129	+0.913	+0.891	+0.905	+0.886	+0.894	+2.635	+2.334	+2.569	+2.625	+2.664	+2.610	
rs4861327      +0.898	+0.933	-0.024	+0.938	+0.945	+0.851	+0.001	+0.963	+1.049	+0.592	+0.949	+0.612	+0.997	-0.011	-0.011	-0.032	-0.032	-0.010	+1.096	+1.097	+1.098	+1.353	+1.089	+0.564	-0.009	+1.139	+1.139	+1.139	+0.576	+1.117	+1.108	+1.364	+1.108	+1.281	+0.578	-0.008	+0.989	+0.966	+0.504	+1.000	+0.943	+0.950	+0.936	+0.931	+0.924	+0.917	+0.962	+1.012	+1.012	+0.911	+0.910	+0.882	+0.876	+0.859	+0.819	+0.806	+0.598	-0.007	-0.029	-0.015	-0.033	-0.026	+1.667	+1.386	+1.604	+1.655	+1.696	+1.641	
rs6819816      -0.314	-0.282	-0.901	-0.277	-0.271	-0.351	-0.758	-0.256	-0.187	-0.558	-0.266	-0.542	-0.226	-0.755	-0.754	-0.897	-0.897	-0.740	-0.137	-0.137	-0.136	+1.096	-0.144	-0.002	-0.740	-0.100	-0.100	-0.100	+0.017	-0.119	-0.126	+1.110	-0.126	+1.010	-0.008	-0.600	+0.759	+0.724	-0.036	+0.774	+0.681	+0.700	+0.678	+0.669	+0.659	+0.648	+0.667	+0.741	+0.741	+0.638	+0.638	+0.594	+0.584	+0.558	+0.468	+0.451	+0.041	-1.027	-1.049	-1.035	-1.053	-1.046	+0.549	+0.258	+0.492	+0.541	+0.582	+0.530	
rs9999218      +0.633	+0.643	+0.915	+0.646	+0.649	+0.605	+0.701	+0.657	+0.696	+0.589	+0.650	+0.598	+0.674	+0.780	+0.782	+0.998	+0.998	+0.785	+0.724	+0.725	+0.725	+1.390	+0.721	+0.994	+0.767	+0.748	+0.748	+0.748	+1.009	+0.735	+0.731	+1.400	+0.730	+1.322	+0.989	+0.759	+0.823	+0.746	+0.953	+0.761	+0.714	+0.733	+0.727	+0.725	+0.722	+0.720	+0.665	+0.696	+0.696	+0.718	+0.718	+0.709	+0.707	+0.706	+0.626	+0.624	+0.456	+0.396	+0.360	+0.385	+0.350	+0.366	+1.940	+1.604	+1.877	+1.930	+1.970	+1.919	
rs10006948     +0.610	+0.621	+0.875	+0.623	+0.627	+0.582	+0.666	+0.635	+0.674	+0.565	+0.627	+0.574	+0.652	+0.744	+0.747	+0.957	+0.957	+0.749	+0.703	+0.703	+0.703	+1.375	+0.699	+0.971	+0.731	+0.726	+0.726	+0.726	+0.986	+0.714	+0.709	+1.385	+0.709	+1.307	+0.966	+0.724	+0.746	+0.795	+0.929	+0.755	+0.698	+0.717	+0.708	+0.706	+0.702	+0.699	+0.650	+0.683	+0.683	+0.696	+0.696	+0.684	+0.682	+0.678	+0.603	+0.600	+0.433	+0.369	+0.333	+0.358	+0.324	+0.339	+1.914	+1.579	+1.851	+1.904	+1.944	+1.893	
rs10001738     +0.803	+0.837	-0.053	+0.842	+0.849	+0.759	-0.028	+0.865	+0.947	+0.506	+0.854	+0.525	+0.897	-0.039	-0.040	-0.061	-0.061	-0.039	+0.990	+0.991	+0.991	+1.329	+0.983	+0.507	-0.038	+1.031	+1.031	+1.031	+0.521	+1.009	+1.001	+1.340	+1.002	+1.257	+0.504	-0.036	+0.953	+0.929	+0.540	+0.964	+0.907	+0.914	+0.900	+0.895	+0.888	+0.881	+0.926	+0.976	+0.975	+0.875	+0.874	+0.846	+0.840	+0.823	+0.783	+0.771	+0.564	-0.037	-0.058	-0.045	-0.062	-0.055	+1.628	+1.347	+1.566	+1.617	+1.657	+1.603	
rs56235579     +0.645	+0.655	+0.931	+0.658	+0.661	+0.617	+0.716	+0.669	+0.708	+0.602	+0.661	+0.611	+0.686	+0.794	+0.797	+1.015	+1.015	+0.799	+0.736	+0.737	+0.737	+1.399	+0.733	+1.005	+0.782	+0.760	+0.760	+0.760	+1.020	+0.747	+0.743	+1.408	+0.742	+1.331	+1.000	+0.774	+0.761	+0.755	+0.964	+0.836	+0.730	+0.753	+0.750	+0.750	+0.748	+0.748	+0.675	+0.704	+0.704	+0.747	+0.746	+0.742	+0.741	+0.743	+0.644	+0.642	+0.469	+0.410	+0.373	+0.399	+0.364	+0.379	+1.955	+1.620	+1.892	+1.945	+1.985	+1.934	
rs10004757     +0.592	+0.603	+0.827	+0.606	+0.609	+0.564	+0.625	+0.617	+0.657	+0.543	+0.609	+0.552	+0.635	+0.700	+0.703	+0.907	+0.907	+0.705	+0.686	+0.686	+0.687	+1.363	+0.682	+0.948	+0.688	+0.710	+0.710	+0.710	+0.963	+0.697	+0.693	+1.373	+0.692	+1.294	+0.943	+0.681	+0.714	+0.698	+0.907	+0.730	+0.772	+0.692	+0.682	+0.679	+0.675	+0.671	+0.636	+0.672	+0.671	+0.667	+0.667	+0.653	+0.650	+0.645	+0.580	+0.576	+0.413	+0.347	+0.311	+0.336	+0.302	+0.317	+1.901	+1.567	+1.839	+1.891	+1.931	+1.881	
rs10004946     +0.596	+0.607	+0.849	+0.610	+0.613	+0.568	+0.643	+0.621	+0.661	+0.549	+0.613	+0.558	+0.638	+0.720	+0.723	+0.930	+0.930	+0.725	+0.690	+0.690	+0.691	+1.367	+0.686	+0.956	+0.708	+0.714	+0.713	+0.713	+0.970	+0.701	+0.696	+1.376	+0.696	+1.298	+0.950	+0.700	+0.733	+0.717	+0.914	+0.753	+0.692	+0.777	+0.705	+0.702	+0.698	+0.695	+0.642	+0.678	+0.677	+0.692	+0.692	+0.680	+0.678	+0.674	+0.593	+0.589	+0.419	+0.352	+0.316	+0.341	+0.307	+0.322	+1.899	+1.564	+1.836	+1.888	+1.928	+1.877	
rs12643731     +0.581	+0.593	+0.822	+0.595	+0.598	+0.553	+0.621	+0.607	+0.646	+0.533	+0.599	+0.542	+0.624	+0.697	+0.700	+0.902	+0.902	+0.702	+0.676	+0.676	+0.676	+1.357	+0.672	+0.941	+0.685	+0.699	+0.699	+0.699	+0.956	+0.687	+0.682	+1.367	+0.682	+1.288	+0.936	+0.678	+0.727	+0.708	+0.900	+0.750	+0.682	+0.705	+0.760	+0.693	+0.689	+0.685	+0.634	+0.671	+0.671	+0.682	+0.682	+0.670	+0.668	+0.664	+0.582	+0.578	+0.405	+0.335	+0.299	+0.324	+0.290	+0.305	+1.882	+1.548	+1.819	+1.871	+1.911	+1.861	
rs12640983     +0.576	+0.587	+0.812	+0.590	+0.593	+0.548	+0.613	+0.602	+0.641	+0.527	+0.593	+0.537	+0.619	+0.689	+0.692	+0.892	+0.892	+0.694	+0.671	+0.671	+0.671	+1.354	+0.667	+0.936	+0.677	+0.694	+0.694	+0.694	+0.951	+0.682	+0.677	+1.363	+0.677	+1.285	+0.931	+0.669	+0.725	+0.706	+0.895	+0.750	+0.679	+0.702	+0.693	+0.754	+0.685	+0.682	+0.631	+0.669	+0.669	+0.678	+0.678	+0.666	+0.663	+0.659	+0.577	+0.573	+0.400	+0.329	+0.293	+0.318	+0.283	+0.299	+1.875	+1.542	+1.813	+1.865	+1.905	+1.854	
rs13142147     +0.569	+0.581	+0.800	+0.583	+0.586	+0.541	+0.602	+0.595	+0.635	+0.520	+0.587	+0.529	+0.612	+0.678	+0.681	+0.879	+0.879	+0.683	+0.664	+0.664	+0.665	+1.349	+0.660	+0.929	+0.666	+0.688	+0.688	+0.688	+0.944	+0.675	+0.671	+1.359	+0.670	+1.280	+0.924	+0.659	+0.722	+0.702	+0.888	+0.748	+0.675	+0.698	+0.689	+0.685	+0.745	+0.677	+0.627	+0.666	+0.666	+0.673	+0.673	+0.660	+0.658	+0.652	+0.572	+0.567	+0.393	+0.320	+0.284	+0.310	+0.275	+0.290	+1.867	+1.534	+1.805	+1.857	+1.897	+1.846	
rs4410561      +0.563	+0.574	+0.788	+0.577	+0.580	+0.534	+0.592	+0.588	+0.628	+0.513	+0.580	+0.522	+0.606	+0.668	+0.670	+0.867	+0.867	+0.672	+0.658	+0.658	+0.659	+1.345	+0.654	+0.922	+0.656	+0.682	+0.682	+0.682	+0.937	+0.669	+0.664	+1.355	+0.664	+1.276	+0.917	+0.648	+0.720	+0.699	+0.881	+0.748	+0.671	+0.695	+0.685	+0.682	+0.677	+0.737	+0.624	+0.663	+0.663	+0.669	+0.668	+0.654	+0.652	+0.646	+0.566	+0.561	+0.387	+0.312	+0.276	+0.302	+0.267	+0.282	+1.860	+1.526	+1.797	+1.849	+1.889	+1.838	
rs13130521     +0.608	+0.620	+0.794	+0.622	+0.626	+0.580	+0.613	+0.634	+0.674	+0.556	+0.626	+0.566	+0.652	+0.686	+0.688	+0.869	+0.869	+0.691	+0.704	+0.704	+0.705	+1.388	+0.700	+0.967	+0.674	+0.728	+0.728	+0.728	+0.983	+0.715	+0.710	+1.398	+0.710	+1.319	+0.962	+0.667	+0.665	+0.650	+0.926	+0.675	+0.636	+0.642	+0.634	+0.631	+0.627	+0.624	+0.781	+0.754	+0.754	+0.620	+0.620	+0.606	+0.603	+0.595	+0.558	+0.553	+0.417	+0.352	+0.316	+0.342	+0.307	+0.322	+1.912	+1.575	+1.849	+1.901	+1.942	+1.891	
rs34600608     +0.658	+0.669	+0.876	+0.672	+0.675	+0.630	+0.686	+0.684	+0.723	+0.610	+0.675	+0.619	+0.701	+0.761	+0.763	+0.953	+0.953	+0.765	+0.752	+0.753	+0.753	+1.422	+0.748	+1.018	+0.749	+0.776	+0.776	+0.776	+1.033	+0.763	+0.759	+1.432	+0.758	+1.354	+1.012	+0.741	+0.696	+0.683	+0.976	+0.704	+0.672	+0.678	+0.671	+0.669	+0.666	+0.663	+0.754	+0.840	+0.780	+0.661	+0.660	+0.650	+0.648	+0.642	+0.605	+0.602	+0.466	+0.411	+0.375	+0.400	+0.366	+0.381	+1.972	+1.633	+1.909	+1.961	+2.001	+1.951	
rs13130529     +0.658	+0.669	+0.875	+0.672	+0.675	+0.630	+0.685	+0.683	+0.723	+0.610	+0.675	+0.619	+0.701	+0.760	+0.763	+0.953	+0.953	+0.765	+0.752	+0.752	+0.753	+1.422	+0.748	+1.017	+0.748	+0.776	+0.776	+0.776	+1.032	+0.763	+0.758	+1.432	+0.758	+1.354	+1.012	+0.741	+0.696	+0.683	+0.975	+0.704	+0.671	+0.677	+0.671	+0.669	+0.666	+0.663	+0.754	+0.780	+0.840	+0.660	+0.660	+0.650	+0.648	+0.642	+0.605	+0.602	+0.466	+0.411	+0.375	+0.400	+0.366	+0.381	+1.971	+1.633	+1.908	+1.960	+2.001	+1.950	
rs12504274     +0.556	+0.568	+0.777	+0.570	+0.574	+0.528	+0.582	+0.582	+0.622	+0.506	+0.574	+0.515	+0.600	+0.658	+0.660	+0.856	+0.856	+0.662	+0.652	+0.652	+0.653	+1.341	+0.648	+0.916	+0.646	+0.676	+0.676	+0.676	+0.931	+0.663	+0.658	+1.351	+0.658	+1.272	+0.911	+0.638	+0.718	+0.696	+0.875	+0.747	+0.667	+0.692	+0.682	+0.678	+0.673	+0.669	+0.620	+0.661	+0.660	+0.730	+0.664	+0.649	+0.646	+0.640	+0.561	+0.556	+0.381	+0.305	+0.269	+0.294	+0.260	+0.275	+1.852	+1.519	+1.790	+1.842	+1.882	+1.831	
rs12502470     +0.556	+0.568	+0.776	+0.570	+0.574	+0.528	+0.582	+0.582	+0.622	+0.505	+0.574	+0.515	+0.599	+0.657	+0.660	+0.855	+0.855	+0.662	+0.651	+0.652	+0.652	+1.341	+0.648	+0.916	+0.645	+0.676	+0.675	+0.675	+0.931	+0.663	+0.658	+1.351	+0.658	+1.272	+0.910	+0.638	+0.718	+0.696	+0.874	+0.746	+0.667	+0.692	+0.682	+0.678	+0.673	+0.668	+0.620	+0.660	+0.660	+0.664	+0.729	+0.649	+0.646	+0.639	+0.560	+0.556	+0.381	+0.304	+0.269	+0.294	+0.260	+0.275	+1.852	+1.519	+1.789	+1.841	+1.881	+1.831	
rs4640703      +0.529	+0.540	+0.726	+0.543	+0.546	+0.500	+0.539	+0.555	+0.595	+0.475	+0.547	+0.484	+0.573	+0.613	+0.615	+0.803	+0.803	+0.618	+0.625	+0.626	+0.626	+1.324	+0.621	+0.888	+0.601	+0.650	+0.649	+0.649	+0.903	+0.637	+0.632	+1.334	+0.632	+1.254	+0.882	+0.594	+0.709	+0.684	+0.846	+0.742	+0.653	+0.680	+0.670	+0.666	+0.660	+0.654	+0.606	+0.650	+0.650	+0.649	+0.649	+0.695	+0.625	+0.614	+0.538	+0.532	+0.354	+0.271	+0.235	+0.260	+0.226	+0.241	+1.819	+1.486	+1.757	+1.809	+1.849	+1.798	
rs4608843      +0.522	+0.534	+0.714	+0.537	+0.540	+0.494	+0.529	+0.549	+0.589	+0.468	+0.540	+0.478	+0.566	+0.603	+0.605	+0.791	+0.791	+0.607	+0.619	+0.620	+0.620	+1.320	+0.615	+0.881	+0.591	+0.644	+0.644	+0.644	+0.896	+0.631	+0.626	+1.330	+0.626	+1.251	+0.876	+0.584	+0.707	+0.682	+0.840	+0.741	+0.650	+0.678	+0.668	+0.663	+0.658	+0.652	+0.603	+0.648	+0.648	+0.646	+0.646	+0.625	+0.687	+0.609	+0.533	+0.527	+0.348	+0.263	+0.228	+0.253	+0.219	+0.234	+1.812	+1.479	+1.749	+1.801	+1.841	+1.791	
rs4321669      +0.506	+0.518	+0.685	+0.520	+0.524	+0.477	+0.503	+0.532	+0.573	+0.450	+0.524	+0.459	+0.550	+0.577	+0.579	+0.761	+0.761	+0.581	+0.603	+0.604	+0.604	+1.310	+0.599	+0.864	+0.565	+0.628	+0.628	+0.628	+0.879	+0.615	+0.610	+1.320	+0.610	+1.240	+0.859	+0.558	+0.706	+0.678	+0.823	+0.743	+0.645	+0.674	+0.664	+0.659	+0.652	+0.646	+0.595	+0.642	+0.642	+0.640	+0.639	+0.614	+0.609	+0.667	+0.519	+0.512	+0.332	+0.243	+0.208	+0.233	+0.199	+0.214	+1.792	+1.460	+1.730	+1.782	+1.822	+1.771	
rs13130479     +0.468	+0.481	+0.572	+0.483	+0.487	+0.438	+0.417	+0.496	+0.538	+0.405	+0.487	+0.415	+0.514	+0.485	+0.488	+0.641	+0.641	+0.490	+0.569	+0.569	+0.569	+1.291	+0.565	+0.824	+0.474	+0.594	+0.594	+0.594	+0.840	+0.580	+0.575	+1.302	+0.575	+1.221	+0.819	+0.468	+0.626	+0.603	+0.783	+0.644	+0.580	+0.593	+0.582	+0.577	+0.572	+0.566	+0.558	+0.605	+0.605	+0.561	+0.560	+0.538	+0.533	+0.519	+0.614	+0.535	+0.296	+0.190	+0.155	+0.179	+0.146	+0.160	+1.739	+1.414	+1.677	+1.727	+1.767	+1.717	
rs13112807     +0.456	+0.469	+0.553	+0.472	+0.475	+0.426	+0.399	+0.484	+0.527	+0.392	+0.476	+0.402	+0.503	+0.468	+0.470	+0.621	+0.622	+0.472	+0.558	+0.558	+0.558	+1.285	+0.554	+0.812	+0.457	+0.583	+0.583	+0.583	+0.827	+0.569	+0.565	+1.295	+0.564	+1.214	+0.806	+0.451	+0.624	+0.600	+0.771	+0.642	+0.576	+0.589	+0.578	+0.573	+0.567	+0.561	+0.553	+0.602	+0.602	+0.556	+0.556	+0.532	+0.527	+0.512	+0.535	+0.599	+0.284	+0.175	+0.140	+0.165	+0.131	+0.146	+1.723	+1.399	+1.661	+1.712	+1.752	+1.701	
rs10021851     +0.267	+0.283	+0.067	+0.286	+0.290	+0.232	+0.004	+0.300	+0.350	+0.165	+0.291	+0.176	+0.321	+0.055	+0.057	+0.110	+0.111	+0.058	+0.384	+0.384	+0.385	+1.199	+0.379	+0.603	+0.047	+0.412	+0.412	+0.412	+0.619	+0.397	+0.392	+1.210	+0.391	+1.129	+0.598	+0.041	+0.456	+0.433	+0.564	+0.469	+0.413	+0.419	+0.405	+0.400	+0.393	+0.387	+0.417	+0.466	+0.466	+0.381	+0.381	+0.354	+0.348	+0.332	+0.296	+0.284	+0.317	-0.111	-0.143	-0.120	-0.151	-0.138	+1.488	+1.168	+1.426	+1.478	+1.518	+1.461	
rs6851934      -0.309	-0.278	-1.051	-0.274	-0.268	-0.346	-1.026	-0.254	-0.184	-0.547	-0.263	-0.531	-0.225	-1.026	-1.026	-1.050	-1.050	-1.026	-0.139	-0.138	-0.138	+0.994	-0.145	-0.001	-1.026	-0.103	-0.103	-0.103	+0.018	-0.122	-0.128	+1.007	-0.128	+0.913	-0.007	-1.027	+0.396	+0.369	-0.037	+0.410	+0.347	+0.352	+0.335	+0.329	+0.320	+0.312	+0.352	+0.411	+0.411	+0.305	+0.304	+0.271	+0.263	+0.243	+0.190	+0.175	-0.111	-0.583	-0.809	-0.759	-0.809	-0.815	+0.621	+0.335	+0.566	+0.622	+0.665	+0.610	
rs278984       -0.332	-0.302	-1.073	-0.298	-0.292	-0.370	-1.049	-0.277	-0.208	-0.569	-0.287	-0.553	-0.248	-1.047	-1.047	-1.072	-1.072	-1.047	-0.163	-0.162	-0.161	+0.972	-0.169	-0.023	-1.048	-0.126	-0.126	-0.126	-0.004	-0.145	-0.151	+0.985	-0.151	+0.891	-0.029	-1.049	+0.360	+0.333	-0.058	+0.373	+0.311	+0.316	+0.299	+0.293	+0.284	+0.276	+0.316	+0.375	+0.375	+0.269	+0.269	+0.235	+0.228	+0.208	+0.155	+0.140	-0.143	-0.809	-0.606	-0.805	-0.745	-0.740	+0.579	+0.293	+0.524	+0.578	+0.620	+0.566	
rs278985       -0.317	-0.286	-1.059	-0.282	-0.276	-0.354	-1.034	-0.262	-0.192	-0.555	-0.271	-0.539	-0.233	-1.033	-1.033	-1.058	-1.058	-1.033	-0.147	-0.146	-0.146	+0.986	-0.153	-0.010	-1.034	-0.111	-0.111	-0.111	+0.009	-0.130	-0.136	+0.999	-0.136	+0.905	-0.015	-1.035	+0.385	+0.358	-0.045	+0.399	+0.336	+0.341	+0.324	+0.318	+0.310	+0.302	+0.342	+0.400	+0.400	+0.294	+0.294	+0.260	+0.253	+0.233	+0.179	+0.165	-0.120	-0.759	-0.805	-0.591	-0.804	-0.808	+0.611	+0.326	+0.556	+0.611	+0.654	+0.599	
rs278986       -0.338	-0.307	-1.078	-0.303	-0.297	-0.375	-1.053	-0.283	-0.213	-0.574	-0.292	-0.557	-0.254	-1.052	-1.052	-1.076	-1.076	-1.052	-0.168	-0.167	-0.167	+0.967	-0.174	-0.027	-1.053	-0.131	-0.132	-0.132	-0.008	-0.150	-0.157	+0.980	-0.157	+0.886	-0.033	-1.053	+0.350	+0.324	-0.062	+0.364	+0.302	+0.307	+0.290	+0.283	+0.275	+0.267	+0.307	+0.366	+0.366	+0.260	+0.260	+0.226	+0.219	+0.199	+0.146	+0.131	-0.151	-0.809	-0.745	-0.804	-0.611	-0.736	+0.570	+0.284	+0.515	+0.569	+0.611	+0.557	
rs278987       -0.329	-0.298	-1.070	-0.294	-0.288	-0.366	-1.046	-0.274	-0.204	-0.566	-0.283	-0.550	-0.245	-1.044	-1.044	-1.069	-1.069	-1.044	-0.159	-0.158	-0.158	+0.975	-0.165	-0.020	-1.045	-0.123	-0.123	-0.123	-0.001	-0.142	-0.148	+0.988	-0.148	+0.894	-0.026	-1.046	+0.366	+0.339	-0.055	+0.379	+0.317	+0.322	+0.305	+0.299	+0.290	+0.282	+0.322	+0.381	+0.381	+0.275	+0.275	+0.241	+0.234	+0.214	+0.160	+0.146	-0.138	-0.815	-0.740	-0.808	-0.736	-0.603	+0.584	+0.299	+0.529	+0.583	+0.626	+0.572	
rs1688939      +1.347	+1.385	+0.521	+1.390	+1.397	+1.310	+0.546	+1.413	+1.485	+1.099	+1.403	+1.117	+1.445	+0.552	+0.552	+0.523	+0.523	+0.552	+1.538	+1.539	+1.539	+2.724	+1.532	+1.674	+0.550	+1.579	+1.579	+1.579	+1.696	+1.556	+1.549	+2.738	+1.549	+2.635	+1.667	+0.549	+1.940	+1.914	+1.628	+1.955	+1.901	+1.899	+1.882	+1.875	+1.867	+1.860	+1.912	+1.972	+1.971	+1.852	+1.852	+1.819	+1.812	+1.792	+1.739	+1.723	+1.488	+0.621	+0.579	+0.611	+0.570	+0.584	+1.076	+0.841	+0.989	+0.988	+1.010	+0.976	
rs62304570     +1.041	+1.078	+0.230	+1.083	+1.089	+1.004	+0.255	+1.105	+1.177	+0.795	+1.096	+0.813	+1.137	+0.262	+0.262	+0.233	+0.233	+0.262	+1.230	+1.231	+1.232	+2.419	+1.225	+1.392	+0.259	+1.271	+1.271	+1.271	+1.412	+1.249	+1.242	+2.431	+1.243	+2.334	+1.386	+0.258	+1.604	+1.579	+1.347	+1.620	+1.567	+1.564	+1.548	+1.542	+1.534	+1.526	+1.575	+1.633	+1.633	+1.519	+1.519	+1.486	+1.479	+1.460	+1.414	+1.399	+1.168	+0.335	+0.293	+0.326	+0.284	+0.299	+0.841	+0.788	+0.799	+0.836	+0.868	+0.829	
rs2102162      +1.286	+1.324	+0.465	+1.329	+1.335	+1.249	+0.490	+1.352	+1.424	+1.039	+1.342	+1.058	+1.383	+0.495	+0.495	+0.467	+0.467	+0.495	+1.476	+1.477	+1.477	+2.658	+1.470	+1.611	+0.493	+1.517	+1.517	+1.517	+1.633	+1.494	+1.488	+2.671	+1.488	+2.569	+1.604	+0.492	+1.877	+1.851	+1.566	+1.892	+1.839	+1.836	+1.819	+1.813	+1.805	+1.797	+1.849	+1.909	+1.908	+1.790	+1.789	+1.757	+1.749	+1.730	+1.677	+1.661	+1.426	+0.566	+0.524	+0.556	+0.515	+0.529	+0.989	+0.799	+1.016	+0.978	+1.004	+0.959	
rs373103       +1.339	+1.378	+0.514	+1.382	+1.389	+1.303	+0.539	+1.405	+1.478	+1.092	+1.395	+1.111	+1.437	+0.544	+0.545	+0.516	+0.516	+0.544	+1.530	+1.531	+1.531	+2.714	+1.524	+1.662	+0.542	+1.571	+1.571	+1.571	+1.684	+1.548	+1.542	+2.727	+1.542	+2.625	+1.655	+0.541	+1.930	+1.904	+1.617	+1.945	+1.891	+1.888	+1.871	+1.865	+1.857	+1.849	+1.901	+1.961	+1.960	+1.842	+1.841	+1.809	+1.801	+1.782	+1.727	+1.712	+1.478	+0.622	+0.578	+0.611	+0.569	+0.583	+0.988	+0.836	+0.978	+1.067	+1.035	+0.995	
rs6819008      +1.381	+1.420	+0.554	+1.424	+1.431	+1.344	+0.580	+1.447	+1.520	+1.135	+1.437	+1.153	+1.479	+0.585	+0.585	+0.556	+0.557	+0.585	+1.572	+1.573	+1.574	+2.753	+1.566	+1.702	+0.583	+1.613	+1.613	+1.613	+1.724	+1.591	+1.584	+2.766	+1.584	+2.664	+1.696	+0.582	+1.970	+1.944	+1.657	+1.985	+1.931	+1.928	+1.911	+1.905	+1.897	+1.889	+1.942	+2.001	+2.001	+1.882	+1.881	+1.849	+1.841	+1.822	+1.767	+1.752	+1.518	+0.665	+0.620	+0.654	+0.611	+0.626	+1.010	+0.868	+1.004	+1.035	+1.111	+1.036	
rs6818804      +1.328	+1.366	+0.502	+1.371	+1.377	+1.291	+0.527	+1.394	+1.466	+1.082	+1.384	+1.101	+1.425	+0.533	+0.533	+0.504	+0.504	+0.533	+1.518	+1.519	+1.520	+2.699	+1.512	+1.647	+0.531	+1.559	+1.559	+1.559	+1.670	+1.537	+1.530	+2.712	+1.530	+2.610	+1.641	+0.530	+1.919	+1.893	+1.603	+1.934	+1.881	+1.877	+1.861	+1.854	+1.846	+1.838	+1.891	+1.951	+1.950	+1.831	+1.831	+1.798	+1.791	+1.771	+1.717	+1.701	+1.461	+0.610	+0.566	+0.599	+0.557	+0.572	+0.976	+0.829	+0.959	+0.995	+1.036	+1.056	

## posterior probabilities for single SNP and pair of SNPs:
rs59107391     +0.001	+0.000	+0.000	+0.000	+0.000	+0.000	+0.000	+0.000	+0.000	+0.000	+0.000	+0.000	+0.000	+0.000	+0.000	+0.000	+0.000	+0.000	+0.000	+0.000	+0.000	+0.000	+0.000	+0.000	+0.000	+0.000	+0.000	+0.000	+0.000	+0.000	+0.000	+0.000	+0.000	+0.000	+0.000	+0.000	+0.000	+0.000	+0.000	+0.000	+0.000	+0.000	+0.000	+0.000	+0.000	+0.000	+0.000	+0.000	+0.000	+0.000	+0.000	+0.000	+0.000	+0.000	+0.000	+0.000	+0.000	+0.000	+0.000	+0.000	+0.000	+0.000	+0.001	+0.000	+0.000	+0.001	+0.001	+0.001	
rs4129630      +0.000	+0.001	+0.000	+0.000	+0.000	+0.000	+0.000	+0.000	+0.000	+0.000	+0.000	+0.000	+0.000	+0.000	+0.000	+0.000	+0.000	+0.000	+0.000	+0.000	+0.000	+0.000	+0.000	+0.000	+0.000	+0.000	+0.000	+0.000	+0.000	+0.000	+0.000	+0.000	+0.000	+0.000	+0.000	+0.000	+0.000	+0.000	+0.000	+0.000	+0.000	+0.000	+0.000	+0.000	+0.000	+0.000	+0.000	+0.000	+0.000	+0.000	+0.000	+0.000	+0.000	+0.000	+0.000	+0.000	+0.000	+0.000	+0.000	+0.000	+0.000	+0.000	+0.001	+0.000	+0.001	+0.001	+0.001	+0.001	
rs4861065      +0.000	+0.000	+0.000	+0.000	+0.000	+0.000	+0.000	+0.000	+0.000	+0.000	+0.000	+0.000	+0.000	+0.000	+0.000	+0.000	+0.000	+0.000	+0.000	+0.000	+0.000	+0.000	+0.000	+0.000	+0.000	+0.000	+0.000	+0.000	+0.000	+0.000	+0.000	+0.000	+0.000	+0.000	+0.000	+0.000	+0.000	+0.000	+0.000	+0.000	+0.000	+0.000	+0.000	+0.000	+0.000	+0.000	+0.000	+0.000	+0.000	+0.000	+0.000	+0.000	+0.000	+0.000	+0.000	+0.000	+0.000	+0.000	+0.000	+0.000	+0.000	+0.000	+0.000	+0.000	+0.000	+0.000	+0.000	+0.000	
rs10027533     +0.000	+0.000	+0.000	+0.001	+0.000	+0.000	+0.000	+0.000	+0.000	+0.000	+0.000	+0.000	+0.000	+0.000	+0.000	+0.000	+0.000	+0.000	+0.000	+0.000	+0.000	+0.000	+0.000	+0.000	+0.000	+0.000	+0.000	+0.000	+0.000	+0.000	+0.000	+0.000	+0.000	+0.000	+0.000	+0.000	+0.000	+0.000	+0.000	+0.000	+0.000	+0.000	+0.000	+0.000	+0.000	+0.000	+0.000	+0.000	+0.000	+0.000	+0.000	+0.000	+0.000	+0.000	+0.000	+0.000	+0.000	+0.000	+0.000	+0.000	+0.000	+0.000	+0.001	+0.000	+0.001	+0.001	+0.001	+0.001	
rs9995944      +0.000	+0.000	+0.000	+0.000	+0.001	+0.000	+0.000	+0.000	+0.000	+0.000	+0.000	+0.000	+0.000	+0.000	+0.000	+0.000	+0.000	+0.000	+0.000	+0.000	+0.000	+0.000	+0.000	+0.000	+0.000	+0.000	+0.000	+0.000	+0.000	+0.000	+0.000	+0.000	+0.000	+0.000	+0.000	+0.000	+0.000	+0.000	+0.000	+0.000	+0.000	+0.000	+0.000	+0.000	+0.000	+0.000	+0.000	+0.000	+0.000	+0.000	+0.000	+0.000	+0.000	+0.000	+0.000	+0.000	+0.000	+0.000	+0.000	+0.000	+0.000	+0.000	+0.001	+0.000	+0.001	+0.001	+0.001	+0.001	
rs10020854     +0.000	+0.000	+0.000	+0.000	+0.000	+0.001	+0.000	+0.000	+0.000	+0.000	+0.000	+0.000	+0.000	+0.000	+0.000	+0.000	+0.000	+0.000	+0.000	+0.000	+0.000	+0.000	+0.000	+0.000	+0.000	+0.000	+0.000	+0.000	+0.000	+0.000	+0.000	+0.000	+0.000	+0.000	+0.000	+0.000	+0.000	+0.000	+0.000	+0.000	+0.000	+0.000	+0.000	+0.000	+0.000	+0.000	+0.000	+0.000	+0.000	+0.000	+0.000	+0.000	+0.000	+0.000	+0.000	+0.000	+0.000	+0.000	+0.000	+0.000	+0.000	+0.000	+0.001	+0.000	+0.000	+0.000	+0.001	+0.000	
rs4861305      +0.000	+0.000	+0.000	+0.000	+0.000	+0.000	+0.000	+0.000	+0.000	+0.000	+0.000	+0.000	+0.000	+0.000	+0.000	+0.000	+0.000	+0.000	+0.000	+0.000	+0.000	+0.000	+0.000	+0.000	+0.000	+0.000	+0.000	+0.000	+0.000	+0.000	+0.000	+0.000	+0.000	+0.000	+0.000	+0.000	+0.000	+0.000	+0.000	+0.000	+0.000	+0.000	+0.000	+0.000	+0.000	+0.000	+0.000	+0.000	+0.000	+0.000	+0.000	+0.000	+0.000	+0.000	+0.000	+0.000	+0.000	+0.000	+0.000	+0.000	+0.000	+0.000	+0.000	+0.000	+0.000	+0.000	+0.000	+0.000	
rs12331964     +0.000	+0.000	+0.000	+0.000	+0.000	+0.000	+0.000	+0.001	+0.000	+0.000	+0.000	+0.000	+0.000	+0.000	+0.000	+0.000	+0.000	+0.000	+0.000	+0.000	+0.000	+0.000	+0.000	+0.000	+0.000	+0.000	+0.000	+0.000	+0.000	+0.000	+0.000	+0.000	+0.000	+0.000	+0.000	+0.000	+0.000	+0.000	+0.000	+0.000	+0.000	+0.000	+0.000	+0.000	+0.000	+0.000	+0.000	+0.000	+0.000	+0.000	+0.000	+0.000	+0.000	+0.000	+0.000	+0.000	+0.000	+0.000	+0.000	+0.000	+0.000	+0.000	+0.001	+0.000	+0.001	+0.001	+0.001	+0.001	
rs12331974     +0.000	+0.000	+0.000	+0.000	+0.000	+0.000	+0.000	+0.000	+0.002	+0.000	+0.000	+0.000	+0.000	+0.000	+0.000	+0.000	+0.000	+0.000	+0.000	+0.000	+0.000	+0.000	+0.000	+0.000	+0.000	+0.000	+0.000	+0.000	+0.000	+0.000	+0.000	+0.000	+0.000	+0.000	+0.000	+0.000	+0.000	+0.000	+0.000	+0.000	+0.000	+0.000	+0.000	+0.000	+0.000	+0.000	+0.000	+0.000	+0.000	+0.000	+0.000	+0.000	+0.000	+0.000	+0.000	+0.000	+0.000	+0.000	+0.000	+0.000	+0.000	+0.000	+0.001	+0.000	+0.001	+0.001	+0.001	+0.001	
rs78800928     +0.000	+0.000	+0.000	+0.000	+0.000	+0.000	+0.000	+0.000	+0.000	+0.001	+0.000	+0.000	+0.000	+0.000	+0.000	+0.000	+0.000	+0.000	+0.000	+0.000	+0.000	+0.000	+0.000	+0.000	+0.000	+0.000	+0.000	+0.000	+0.000	+0.000	+0.000	+0.000	+0.000	+0.000	+0.000	+0.000	+0.000	+0.000	+0.000	+0.000	+0.000	+0.000	+0.000	+0.000	+0.000	+0.000	+0.000	+0.000	+0.000	+0.000	+0.000	+0.000	+0.000	+0.000	+0.000	+0.000	+0.000	+0.000	+0.000	+0.000	+0.000	+0.000	+0.000	+0.000	+0.000	+0.000	+0.000	+0.000	
rs58441171     +0.000	+0.000	+0.000	+0.000	+0.000	+0.000	+0.000	+0.000	+0.000	+0.000	+0.001	+0.000	+0.000	+0.000	+0.000	+0.000	+0.000	+0.000	+0.000	+0.000	+0.000	+0.000	+0.000	+0.000	+0.000	+0.000	+0.000	+0.000	+0.000	+0.000	+0.000	+0.000	+0.000	+0.000	+0.000	+0.000	+0.000	+0.000	+0.000	+0.000	+0.000	+0.000	+0.000	+0.000	+0.000	+0.000	+0.000	+0.000	+0.000	+0.000	+0.000	+0.000	+0.000	+0.000	+0.000	+0.000	+0.000	+0.000	+0.000	+0.000	+0.000	+0.000	+0.001	+0.000	+0.001	+0.001	+0.001	+0.001	
rs114219703    +0.000	+0.000	+0.000	+0.000	+0.000	+0.000	+0.000	+0.000	+0.000	+0.000	+0.000	+0.001	+0.000	+0.000	+0.000	+0.000	+0.000	+0.000	+0.000	+0.000	+0.000	+0.000	+0.000	+0.000	+0.000	+0.000	+0.000	+0.000	+0.000	+0.000	+0.000	+0.000	+0.000	+0.000	+0.000	+0.000	+0.000	+0.000	+0.000	+0.000	+0.000	+0.000	+0.000	+0.000	+0.000	+0.000	+0.000	+0.000	+0.000	+0.000	+0.000	+0.000	+0.000	+0.000	+0.000	+0.000	+0.000	+0.000	+0.000	+0.000	+0.000	+0.000	+0.000	+0.000	+0.000	+0.000	+0.000	+0.000	
