## Summary of overall evidence for association with region:
## log10(BF for region) = -0.601549
## p-value for region = NA

## BFs for choosing among multi-SNP models:
## log10(average 1-SNP BF) = -0.514748
## log10(average 2-SNP BF) = -0.855287

## Example posterior probabilities for multi-SNP models, based on default prior: [p(l) propto 0.5^l for l=1,2,...,L]
## posterior probability of 1-SNP = 0.814159
## posterior probability of 2-SNP = 0.185841

## log10(BF) for single SNP and pair of SNPs:
rs12035499     -0.512	-0.654	-0.658	-0.655	-0.655	-0.655	-0.653	-0.651	-0.656	-0.671	-0.660	-0.705	-0.847	-0.877	-0.855	-0.855	-0.868	-0.868	-0.877	-0.851	-0.848	-0.843	-0.958	-0.651	-0.931	-0.793	-0.808	-0.781	-0.775	-0.783	-0.794	-0.789	-0.796	-0.790	-0.777	-0.780	-0.776	-0.948	-0.949	-0.959	-0.974	-0.968	-0.959	-0.948	-0.966	-0.890	-0.897	-0.945	-0.884	-0.865	-0.882	-0.930	-0.886	-0.962	-0.978	-0.836	-0.835	-1.016	-0.831	-0.835	-0.831	-0.983	-1.017	-0.981	-0.836	-1.007	-1.004	-0.989	-0.962	-0.826	-0.826	-0.822	-0.824	-0.987	-0.998	-0.987	-0.826	-0.914	-0.972	-0.972	-0.989	-0.827	-0.967	-0.844	-0.946	-0.968	-1.000	-0.999	-0.905	-0.829	-0.996	-0.956	-0.907	-0.919	-0.988	-0.968	-0.969	-0.934	-0.963	-0.963	-0.951	-0.956	-0.825	-0.949	-0.955	-0.931	-0.962	-0.940	-0.961	-0.963	-0.823	-0.618	-0.980	-0.980	-0.981	-0.981	-0.980	-0.981	-0.730	-0.968	-0.979	-0.979	-0.980	-0.980	-0.980	-0.750	-0.814	-0.792	-1.018	-1.018	-0.840	-0.849	-0.979	-0.834	-0.815	-0.979	-0.816	-0.979	-0.849	-0.843	-0.843	-0.849	-0.856	-0.810	-0.979	-0.990	-0.853	-0.987	-0.981	-0.858	-0.601	-1.008	-0.914	-0.948	-0.827	-0.946	-0.825	-1.010	-0.430	-0.978	-0.967	-0.981	-0.979	-0.974	-0.778	-0.868	-0.956	-0.770	-0.879	-0.918	-0.950	-0.969	-0.968	-0.758	-0.399	-0.965	-0.934	-0.962	-0.962	-0.961	-0.909	-0.912	-0.910	-0.912	-0.908	
rs6698453      -0.654	-0.512	-0.643	-0.638	-0.638	-0.640	-0.637	-0.637	-0.642	-0.662	-0.654	-0.706	-0.847	-0.877	-0.855	-0.856	-0.868	-0.868	-0.877	-0.850	-0.847	-0.843	-0.957	-0.651	-0.931	-0.793	-0.808	-0.781	-0.776	-0.783	-0.795	-0.789	-0.796	-0.790	-0.778	-0.781	-0.777	-0.948	-0.949	-0.960	-0.974	-0.968	-0.959	-0.948	-0.966	-0.891	-0.897	-0.945	-0.884	-0.865	-0.882	-0.931	-0.886	-0.962	-0.978	-0.836	-0.836	-1.016	-0.832	-0.835	-0.831	-0.983	-1.017	-0.982	-0.836	-1.007	-1.004	-0.989	-0.963	-0.827	-0.826	-0.822	-0.824	-0.987	-0.998	-0.988	-0.827	-0.914	-0.972	-0.972	-0.989	-0.827	-0.967	-0.844	-0.946	-0.968	-1.000	-1.000	-0.906	-0.829	-0.997	-0.956	-0.908	-0.919	-0.989	-0.968	-0.970	-0.934	-0.964	-0.964	-0.952	-0.957	-0.825	-0.949	-0.955	-0.931	-0.962	-0.940	-0.961	-0.963	-0.823	-0.618	-0.981	-0.981	-0.981	-0.981	-0.980	-0.981	-0.730	-0.968	-0.980	-0.980	-0.980	-0.980	-0.980	-0.751	-0.814	-0.793	-1.018	-1.019	-0.840	-0.849	-0.980	-0.834	-0.815	-0.979	-0.816	-0.979	-0.849	-0.843	-0.843	-0.849	-0.857	-0.811	-0.979	-0.990	-0.853	-0.987	-0.981	-0.858	-0.602	-1.008	-0.914	-0.948	-0.828	-0.947	-0.825	-1.010	-0.430	-0.978	-0.967	-0.982	-0.979	-0.975	-0.778	-0.868	-0.957	-0.770	-0.879	-0.918	-0.950	-0.969	-0.969	-0.759	-0.399	-0.966	-0.934	-0.962	-0.962	-0.961	-0.909	-0.912	-0.910	-0.913	-0.909	
rs12043326     -0.658	-0.643	-0.516	-0.644	-0.644	-0.647	-0.651	-0.641	-0.652	-0.672	-0.664	-0.708	-0.849	-0.879	-0.857	-0.857	-0.870	-0.870	-0.879	-0.853	-0.849	-0.845	-0.960	-0.653	-0.934	-0.797	-0.812	-0.785	-0.779	-0.787	-0.798	-0.793	-0.799	-0.793	-0.781	-0.784	-0.780	-0.951	-0.953	-0.963	-0.978	-0.971	-0.963	-0.952	-0.969	-0.894	-0.901	-0.949	-0.888	-0.869	-0.886	-0.934	-0.890	-0.966	-0.982	-0.840	-0.839	-1.020	-0.835	-0.839	-0.835	-0.986	-1.020	-0.985	-0.840	-1.011	-1.008	-0.992	-0.966	-0.830	-0.829	-0.825	-0.827	-0.990	-1.001	-0.991	-0.830	-0.918	-0.975	-0.976	-0.993	-0.831	-0.970	-0.848	-0.950	-0.972	-1.004	-1.003	-0.909	-0.833	-1.000	-0.960	-0.911	-0.923	-0.992	-0.971	-0.973	-0.937	-0.967	-0.967	-0.955	-0.960	-0.829	-0.953	-0.959	-0.934	-0.965	-0.944	-0.965	-0.966	-0.827	-0.622	-0.984	-0.984	-0.985	-0.985	-0.983	-0.985	-0.733	-0.971	-0.983	-0.983	-0.983	-0.983	-0.984	-0.754	-0.817	-0.796	-1.021	-1.022	-0.844	-0.852	-0.983	-0.838	-0.819	-0.982	-0.820	-0.982	-0.853	-0.846	-0.846	-0.853	-0.860	-0.814	-0.982	-0.994	-0.856	-0.991	-0.985	-0.862	-0.605	-1.012	-0.917	-0.952	-0.831	-0.950	-0.829	-1.014	-0.434	-0.982	-0.971	-0.985	-0.982	-0.978	-0.782	-0.871	-0.960	-0.774	-0.882	-0.922	-0.953	-0.973	-0.972	-0.762	-0.403	-0.969	-0.938	-0.966	-0.966	-0.965	-0.912	-0.916	-0.914	-0.916	-0.912	
rs10915672     -0.655	-0.638	-0.644	-0.513	-0.638	-0.640	-0.637	-0.637	-0.642	-0.663	-0.655	-0.706	-0.847	-0.877	-0.855	-0.856	-0.868	-0.868	-0.877	-0.850	-0.847	-0.843	-0.957	-0.651	-0.931	-0.793	-0.809	-0.782	-0.776	-0.783	-0.795	-0.789	-0.796	-0.790	-0.778	-0.781	-0.777	-0.948	-0.949	-0.960	-0.975	-0.968	-0.959	-0.949	-0.966	-0.891	-0.897	-0.945	-0.884	-0.866	-0.882	-0.931	-0.886	-0.962	-0.979	-0.836	-0.836	-1.016	-0.832	-0.836	-0.831	-0.983	-1.017	-0.982	-0.837	-1.008	-1.005	-0.989	-0.963	-0.827	-0.826	-0.822	-0.824	-0.987	-0.998	-0.988	-0.827	-0.914	-0.972	-0.973	-0.990	-0.827	-0.967	-0.844	-0.947	-0.969	-1.001	-1.000	-0.906	-0.830	-0.997	-0.956	-0.908	-0.919	-0.989	-0.968	-0.970	-0.934	-0.964	-0.964	-0.952	-0.957	-0.825	-0.950	-0.955	-0.931	-0.962	-0.941	-0.961	-0.963	-0.824	-0.619	-0.981	-0.981	-0.982	-0.982	-0.980	-0.982	-0.730	-0.968	-0.980	-0.980	-0.980	-0.980	-0.980	-0.751	-0.814	-0.793	-1.018	-1.019	-0.840	-0.849	-0.980	-0.834	-0.816	-0.979	-0.816	-0.979	-0.850	-0.843	-0.843	-0.850	-0.857	-0.811	-0.979	-0.991	-0.853	-0.988	-0.982	-0.859	-0.602	-1.008	-0.914	-0.949	-0.828	-0.947	-0.826	-1.011	-0.431	-0.978	-0.967	-0.982	-0.979	-0.975	-0.778	-0.868	-0.957	-0.770	-0.879	-0.918	-0.950	-0.969	-0.969	-0.759	-0.399	-0.966	-0.934	-0.963	-0.962	-0.961	-0.909	-0.912	-0.910	-0.913	-0.909	
rs6702564      -0.655	-0.638	-0.644	-0.638	-0.513	-0.640	-0.639	-0.637	-0.643	-0.664	-0.656	-0.706	-0.847	-0.878	-0.856	-0.856	-0.868	-0.869	-0.878	-0.851	-0.847	-0.843	-0.958	-0.652	-0.932	-0.794	-0.809	-0.782	-0.777	-0.784	-0.796	-0.790	-0.797	-0.791	-0.779	-0.782	-0.778	-0.949	-0.950	-0.961	-0.975	-0.969	-0.960	-0.949	-0.967	-0.892	-0.898	-0.946	-0.885	-0.866	-0.883	-0.932	-0.887	-0.963	-0.979	-0.837	-0.837	-1.017	-0.832	-0.836	-0.832	-0.984	-1.018	-0.983	-0.837	-1.008	-1.005	-0.990	-0.964	-0.828	-0.827	-0.823	-0.825	-0.988	-0.999	-0.988	-0.828	-0.915	-0.973	-0.973	-0.990	-0.828	-0.968	-0.845	-0.947	-0.969	-1.001	-1.001	-0.907	-0.830	-0.998	-0.957	-0.909	-0.920	-0.989	-0.969	-0.971	-0.935	-0.965	-0.965	-0.952	-0.957	-0.826	-0.950	-0.956	-0.932	-0.963	-0.941	-0.962	-0.964	-0.824	-0.619	-0.981	-0.981	-0.982	-0.982	-0.981	-0.982	-0.731	-0.969	-0.980	-0.981	-0.981	-0.981	-0.981	-0.752	-0.815	-0.793	-1.019	-1.019	-0.841	-0.850	-0.981	-0.835	-0.816	-0.980	-0.817	-0.980	-0.850	-0.844	-0.844	-0.850	-0.858	-0.811	-0.980	-0.991	-0.854	-0.988	-0.982	-0.859	-0.602	-1.009	-0.915	-0.949	-0.828	-0.948	-0.826	-1.011	-0.431	-0.979	-0.968	-0.983	-0.980	-0.975	-0.779	-0.869	-0.958	-0.771	-0.880	-0.919	-0.951	-0.970	-0.970	-0.760	-0.400	-0.966	-0.935	-0.963	-0.963	-0.962	-0.910	-0.913	-0.911	-0.913	-0.910	
rs1535733      -0.655	-0.640	-0.647	-0.640	-0.640	-0.515	-0.643	-0.635	-0.645	-0.667	-0.660	-0.707	-0.848	-0.879	-0.856	-0.857	-0.869	-0.869	-0.879	-0.852	-0.848	-0.844	-0.959	-0.653	-0.933	-0.795	-0.811	-0.784	-0.778	-0.786	-0.797	-0.791	-0.798	-0.792	-0.780	-0.783	-0.779	-0.950	-0.952	-0.962	-0.977	-0.970	-0.962	-0.951	-0.968	-0.893	-0.900	-0.947	-0.886	-0.868	-0.884	-0.933	-0.889	-0.965	-0.981	-0.839	-0.838	-1.019	-0.834	-0.838	-0.834	-0.985	-1.019	-0.984	-0.839	-1.010	-1.007	-0.991	-0.965	-0.829	-0.828	-0.824	-0.826	-0.989	-1.000	-0.990	-0.829	-0.916	-0.974	-0.975	-0.992	-0.829	-0.969	-0.846	-0.949	-0.971	-1.003	-1.002	-0.908	-0.832	-0.999	-0.959	-0.910	-0.922	-0.991	-0.970	-0.972	-0.936	-0.966	-0.966	-0.954	-0.959	-0.828	-0.952	-0.957	-0.933	-0.964	-0.943	-0.963	-0.965	-0.826	-0.621	-0.983	-0.983	-0.984	-0.984	-0.982	-0.984	-0.732	-0.970	-0.982	-0.982	-0.982	-0.982	-0.983	-0.753	-0.816	-0.795	-1.020	-1.021	-0.843	-0.851	-0.982	-0.837	-0.818	-0.981	-0.819	-0.981	-0.852	-0.845	-0.845	-0.852	-0.859	-0.813	-0.981	-0.993	-0.855	-0.990	-0.984	-0.861	-0.604	-1.011	-0.916	-0.951	-0.830	-0.949	-0.828	-1.013	-0.433	-0.981	-0.970	-0.984	-0.981	-0.977	-0.780	-0.870	-0.959	-0.773	-0.881	-0.921	-0.952	-0.972	-0.971	-0.761	-0.402	-0.968	-0.936	-0.965	-0.964	-0.964	-0.911	-0.914	-0.912	-0.915	-0.911	
rs6666792      -0.653	-0.637	-0.651	-0.637	-0.639	-0.643	-0.545	-0.613	-0.693	-0.740	-0.754	-0.720	-0.857	-0.889	-0.866	-0.866	-0.879	-0.879	-0.889	-0.874	-0.865	-0.858	-0.985	-0.665	-0.948	-0.824	-0.839	-0.813	-0.807	-0.815	-0.826	-0.821	-0.827	-0.821	-0.810	-0.812	-0.808	-0.977	-0.978	-0.989	-1.004	-0.998	-0.988	-0.977	-0.996	-0.922	-0.929	-0.974	-0.916	-0.897	-0.914	-0.961	-0.918	-0.992	-1.008	-0.867	-0.867	-1.046	-0.863	-0.866	-0.862	-1.013	-1.047	-1.011	-0.867	-1.037	-1.034	-1.018	-0.993	-0.856	-0.856	-0.852	-0.854	-1.016	-1.028	-1.017	-0.856	-0.944	-1.002	-1.003	-1.018	-0.858	-0.997	-0.873	-0.977	-0.999	-1.031	-1.030	-0.936	-0.860	-1.027	-0.987	-0.938	-0.950	-1.018	-0.998	-1.000	-0.964	-0.993	-0.993	-0.982	-0.985	-0.856	-0.980	-0.985	-0.960	-0.992	-0.968	-0.991	-0.993	-0.855	-0.649	-1.011	-1.011	-1.012	-1.012	-1.010	-1.012	-0.759	-0.996	-1.010	-1.010	-1.010	-1.010	-1.011	-0.779	-0.843	-0.822	-1.048	-1.048	-0.870	-0.879	-1.010	-0.864	-0.848	-1.009	-0.848	-1.009	-0.879	-0.873	-0.873	-0.879	-0.887	-0.843	-1.009	-1.019	-0.883	-1.016	-1.010	-0.888	-0.632	-1.039	-0.944	-0.979	-0.859	-0.977	-0.857	-1.041	-0.461	-1.010	-0.999	-1.012	-1.009	-1.005	-0.811	-0.897	-0.987	-0.803	-0.909	-0.948	-0.980	-0.999	-0.999	-0.792	-0.429	-0.996	-0.966	-0.993	-0.992	-0.992	-0.939	-0.943	-0.941	-0.943	-0.939	
rs10915675     -0.651	-0.637	-0.641	-0.637	-0.637	-0.635	-0.613	-0.504	-0.615	-0.638	-0.631	-0.701	-0.843	-0.873	-0.851	-0.851	-0.863	-0.864	-0.873	-0.843	-0.841	-0.837	-0.950	-0.647	-0.926	-0.785	-0.801	-0.774	-0.768	-0.775	-0.787	-0.781	-0.788	-0.782	-0.770	-0.773	-0.769	-0.941	-0.942	-0.952	-0.967	-0.960	-0.952	-0.941	-0.959	-0.883	-0.889	-0.938	-0.876	-0.858	-0.874	-0.923	-0.879	-0.955	-0.971	-0.829	-0.828	-1.009	-0.824	-0.828	-0.823	-0.976	-1.009	-0.974	-0.829	-1.000	-0.997	-0.982	-0.955	-0.819	-0.818	-0.815	-0.817	-0.979	-0.991	-0.980	-0.819	-0.907	-0.964	-0.965	-0.982	-0.819	-0.960	-0.837	-0.939	-0.961	-0.993	-0.992	-0.898	-0.822	-0.989	-0.949	-0.900	-0.912	-0.981	-0.960	-0.962	-0.926	-0.956	-0.956	-0.944	-0.949	-0.817	-0.942	-0.948	-0.923	-0.955	-0.933	-0.954	-0.955	-0.816	-0.611	-0.973	-0.973	-0.974	-0.974	-0.972	-0.974	-0.723	-0.961	-0.972	-0.972	-0.972	-0.972	-0.973	-0.744	-0.807	-0.785	-1.011	-1.011	-0.833	-0.841	-0.972	-0.827	-0.808	-0.971	-0.808	-0.971	-0.842	-0.835	-0.835	-0.842	-0.849	-0.803	-0.971	-0.983	-0.845	-0.980	-0.974	-0.851	-0.594	-1.001	-0.906	-0.941	-0.820	-0.939	-0.818	-1.003	-0.423	-0.971	-0.959	-0.974	-0.971	-0.967	-0.770	-0.860	-0.949	-0.762	-0.871	-0.911	-0.942	-0.962	-0.961	-0.751	-0.392	-0.958	-0.926	-0.955	-0.955	-0.954	-0.901	-0.904	-0.902	-0.905	-0.901	
rs61271613     -0.656	-0.642	-0.652	-0.642	-0.643	-0.645	-0.693	-0.615	-0.532	-0.697	-0.700	-0.715	-0.853	-0.885	-0.862	-0.862	-0.875	-0.875	-0.885	-0.861	-0.855	-0.849	-0.972	-0.660	-0.940	-0.812	-0.827	-0.800	-0.795	-0.802	-0.814	-0.808	-0.815	-0.809	-0.797	-0.800	-0.796	-0.966	-0.967	-0.977	-0.992	-0.986	-0.977	-0.966	-0.984	-0.910	-0.916	-0.963	-0.903	-0.884	-0.901	-0.949	-0.905	-0.980	-0.996	-0.855	-0.854	-1.034	-0.850	-0.854	-0.850	-1.001	-1.035	-1.000	-0.855	-1.025	-1.022	-1.007	-0.981	-0.845	-0.844	-0.840	-0.842	-1.004	-1.016	-1.005	-0.845	-0.932	-0.990	-0.991	-1.007	-0.846	-0.985	-0.862	-0.965	-0.987	-1.019	-1.018	-0.924	-0.848	-1.015	-0.975	-0.926	-0.937	-1.007	-0.986	-0.988	-0.952	-0.981	-0.981	-0.970	-0.974	-0.844	-0.968	-0.973	-0.949	-0.980	-0.957	-0.979	-0.981	-0.842	-0.637	-0.999	-0.999	-1.000	-1.000	-0.998	-1.000	-0.748	-0.985	-0.998	-0.998	-0.998	-0.998	-0.998	-0.768	-0.832	-0.811	-1.036	-1.037	-0.858	-0.867	-0.998	-0.852	-0.835	-0.997	-0.835	-0.997	-0.867	-0.861	-0.861	-0.868	-0.875	-0.830	-0.997	-1.008	-0.871	-1.005	-0.999	-0.876	-0.620	-1.027	-0.932	-0.967	-0.847	-0.965	-0.844	-1.029	-0.449	-0.997	-0.986	-1.000	-0.997	-0.993	-0.798	-0.886	-0.975	-0.790	-0.897	-0.937	-0.968	-0.987	-0.987	-0.778	-0.417	-0.984	-0.953	-0.981	-0.980	-0.979	-0.927	-0.930	-0.928	-0.931	-0.927	
rs6667349      -0.671	-0.662	-0.672	-0.663	-0.664	-0.667	-0.740	-0.638	-0.697	-0.553	-0.732	-0.724	-0.857	-0.890	-0.866	-0.867	-0.880	-0.880	-0.891	-0.864	-0.855	-0.847	-0.984	-0.668	-0.946	-0.832	-0.847	-0.821	-0.815	-0.822	-0.834	-0.828	-0.835	-0.829	-0.817	-0.820	-0.816	-0.985	-0.986	-0.996	-1.011	-1.005	-0.996	-0.985	-1.003	-0.931	-0.937	-0.982	-0.924	-0.906	-0.922	-0.969	-0.925	-1.000	-1.015	-0.875	-0.874	-1.054	-0.870	-0.874	-0.870	-1.020	-1.055	-1.019	-0.875	-1.045	-1.041	-1.026	-1.001	-0.864	-0.863	-0.859	-0.861	-1.023	-1.035	-1.024	-0.864	-0.951	-1.010	-1.010	-1.026	-0.865	-1.005	-0.881	-0.984	-1.006	-1.038	-1.038	-0.943	-0.868	-1.035	-0.994	-0.945	-0.957	-1.026	-1.006	-1.008	-0.972	-1.000	-1.000	-0.989	-0.992	-0.864	-0.987	-0.993	-0.967	-1.000	-0.975	-0.999	-1.001	-0.862	-0.656	-1.018	-1.018	-1.019	-1.019	-1.018	-1.019	-0.766	-1.003	-1.017	-1.018	-1.018	-1.018	-1.018	-0.787	-0.850	-0.830	-1.055	-1.056	-0.878	-0.886	-1.018	-0.871	-0.856	-1.017	-0.856	-1.017	-0.887	-0.880	-0.880	-0.887	-0.894	-0.851	-1.017	-1.026	-0.890	-1.023	-1.017	-0.896	-0.639	-1.046	-0.952	-0.986	-0.867	-0.984	-0.865	-1.048	-0.468	-1.018	-1.007	-1.020	-1.017	-1.012	-0.819	-0.905	-0.995	-0.811	-0.916	-0.956	-0.988	-1.007	-1.007	-0.800	-0.436	-1.003	-0.974	-1.000	-1.000	-0.999	-0.947	-0.950	-0.948	-0.951	-0.947	
rs10915677     -0.660	-0.654	-0.664	-0.655	-0.656	-0.660	-0.754	-0.631	-0.700	-0.732	-0.553	-0.694	-0.785	-0.824	-0.795	-0.796	-0.812	-0.813	-0.825	-0.764	-0.744	-0.727	-0.974	-0.636	-0.916	-0.834	-0.848	-0.824	-0.818	-0.825	-0.836	-0.831	-0.837	-0.831	-0.820	-0.823	-0.819	-0.983	-0.984	-0.995	-1.011	-1.004	-0.995	-0.983	-1.002	-0.933	-0.939	-0.981	-0.926	-0.908	-0.924	-0.970	-0.928	-1.000	-1.015	-0.876	-0.875	-1.055	-0.872	-0.875	-0.872	-1.020	-1.056	-1.018	-0.876	-1.044	-1.041	-1.025	-1.002	-0.863	-0.862	-0.858	-0.860	-1.022	-1.034	-1.023	-0.862	-0.952	-1.011	-1.011	-1.024	-0.866	-1.006	-0.880	-0.985	-1.007	-1.039	-1.039	-0.943	-0.870	-1.035	-0.995	-0.945	-0.958	-1.025	-1.007	-1.008	-0.972	-0.998	-0.998	-0.990	-0.989	-0.866	-0.988	-0.994	-0.967	-1.000	-0.971	-0.999	-1.001	-0.864	-0.656	-1.019	-1.019	-1.020	-1.020	-1.018	-1.020	-0.764	-1.000	-1.018	-1.018	-1.018	-1.018	-1.019	-0.785	-0.849	-0.829	-1.055	-1.056	-0.877	-0.886	-1.018	-0.871	-0.859	-1.018	-0.860	-1.018	-0.887	-0.880	-0.880	-0.887	-0.894	-0.854	-1.017	-1.024	-0.890	-1.021	-1.015	-0.896	-0.638	-1.048	-0.952	-0.987	-0.870	-0.985	-0.868	-1.050	-0.467	-1.021	-1.011	-1.020	-1.017	-1.013	-0.824	-0.905	-0.995	-0.815	-0.916	-0.957	-0.988	-1.008	-1.007	-0.805	-0.435	-1.004	-0.979	-1.001	-1.000	-1.000	-0.948	-0.951	-0.949	-0.951	-0.947	
rs35357722     -0.705	-0.706	-0.708	-0.706	-0.706	-0.707	-0.720	-0.701	-0.715	-0.724	-0.694	-0.296	-0.710	-0.731	-0.716	-0.716	-0.725	-0.725	-0.731	-0.727	-0.720	-0.716	-0.786	-0.384	-0.770	-0.529	-0.542	-0.509	-0.499	-0.511	-0.532	-0.521	-0.534	-0.523	-0.501	-0.506	-0.503	-0.730	-0.732	-0.744	-0.764	-0.758	-0.744	-0.730	-0.758	-0.699	-0.704	-0.732	-0.692	-0.675	-0.691	-0.732	-0.669	-0.763	-0.775	-0.634	-0.634	-0.813	-0.632	-0.634	-0.631	-0.780	-0.815	-0.778	-0.634	-0.801	-0.797	-0.780	-0.764	-0.617	-0.617	-0.612	-0.614	-0.777	-0.790	-0.778	-0.617	-0.716	-0.771	-0.771	-0.778	-0.624	-0.765	-0.646	-0.740	-0.765	-0.798	-0.798	-0.705	-0.628	-0.794	-0.749	-0.707	-0.707	-0.780	-0.769	-0.769	-0.723	-0.752	-0.752	-0.745	-0.746	-0.624	-0.743	-0.749	-0.723	-0.757	-0.728	-0.756	-0.758	-0.623	-0.418	-0.777	-0.777	-0.778	-0.778	-0.776	-0.778	-0.529	-0.757	-0.776	-0.776	-0.776	-0.776	-0.777	-0.549	-0.612	-0.592	-0.814	-0.815	-0.639	-0.648	-0.778	-0.633	-0.617	-0.777	-0.618	-0.777	-0.649	-0.642	-0.642	-0.649	-0.656	-0.613	-0.774	-0.782	-0.651	-0.779	-0.772	-0.657	-0.400	-0.807	-0.703	-0.740	-0.628	-0.738	-0.626	-0.809	-0.228	-0.781	-0.771	-0.778	-0.775	-0.770	-0.582	-0.669	-0.751	-0.574	-0.680	-0.718	-0.749	-0.764	-0.763	-0.563	-0.196	-0.760	-0.740	-0.757	-0.756	-0.755	-0.701	-0.705	-0.702	-0.705	-0.701	
rs12044092     -0.847	-0.847	-0.849	-0.847	-0.847	-0.848	-0.857	-0.843	-0.853	-0.857	-0.785	-0.710	-0.454	-0.577	-0.585	-0.585	-0.582	-0.585	-0.593	-0.860	-0.857	-0.854	-0.941	-0.664	-0.888	-0.726	-0.702	-0.712	-0.705	-0.713	-0.727	-0.720	-0.728	-0.721	-0.707	-0.710	-0.706	-0.881	-0.882	-0.902	-0.917	-0.904	-0.902	-0.891	-0.902	-0.829	-0.836	-0.878	-0.822	-0.803	-0.821	-0.876	-0.809	-0.908	-0.920	-0.778	-0.778	-0.958	-0.774	-0.778	-0.773	-0.925	-0.959	-0.924	-0.779	-0.946	-0.943	-0.925	-0.908	-0.770	-0.769	-0.765	-0.767	-0.927	-0.939	-0.928	-0.770	-0.859	-0.916	-0.916	-0.930	-0.770	-0.910	-0.792	-0.885	-0.910	-0.943	-0.943	-0.850	-0.772	-0.939	-0.895	-0.852	-0.855	-0.928	-0.912	-0.913	-0.871	-0.904	-0.904	-0.891	-0.897	-0.767	-0.888	-0.894	-0.870	-0.902	-0.881	-0.901	-0.903	-0.766	-0.564	-0.922	-0.922	-0.923	-0.923	-0.921	-0.923	-0.675	-0.908	-0.921	-0.921	-0.922	-0.922	-0.922	-0.696	-0.759	-0.740	-0.960	-0.961	-0.786	-0.795	-0.923	-0.780	-0.758	-0.922	-0.759	-0.922	-0.795	-0.789	-0.789	-0.795	-0.802	-0.753	-0.919	-0.933	-0.798	-0.930	-0.924	-0.803	-0.547	-0.951	-0.851	-0.887	-0.769	-0.885	-0.767	-0.953	-0.378	-0.922	-0.911	-0.924	-0.920	-0.916	-0.720	-0.813	-0.897	-0.711	-0.823	-0.861	-0.893	-0.910	-0.910	-0.699	-0.346	-0.906	-0.877	-0.903	-0.903	-0.902	-0.848	-0.851	-0.849	-0.852	-0.848	
rs12049256     -0.877	-0.877	-0.879	-0.877	-0.878	-0.879	-0.889	-0.873	-0.885	-0.890	-0.824	-0.731	-0.577	-0.489	-0.592	-0.592	-0.615	-0.617	-0.635	-0.892	-0.889	-0.885	-0.974	-0.684	-0.921	-0.760	-0.739	-0.747	-0.740	-0.748	-0.762	-0.755	-0.763	-0.756	-0.742	-0.745	-0.741	-0.915	-0.916	-0.935	-0.950	-0.938	-0.935	-0.924	-0.936	-0.863	-0.870	-0.912	-0.856	-0.837	-0.855	-0.909	-0.845	-0.941	-0.953	-0.812	-0.812	-0.991	-0.807	-0.811	-0.807	-0.958	-0.992	-0.957	-0.812	-0.980	-0.976	-0.959	-0.941	-0.803	-0.802	-0.798	-0.800	-0.960	-0.972	-0.961	-0.803	-0.892	-0.949	-0.949	-0.964	-0.803	-0.943	-0.825	-0.919	-0.943	-0.976	-0.976	-0.883	-0.805	-0.973	-0.929	-0.885	-0.889	-0.962	-0.945	-0.947	-0.905	-0.938	-0.938	-0.925	-0.930	-0.801	-0.922	-0.928	-0.903	-0.936	-0.914	-0.935	-0.937	-0.799	-0.598	-0.956	-0.956	-0.957	-0.957	-0.955	-0.957	-0.708	-0.941	-0.954	-0.955	-0.955	-0.955	-0.955	-0.729	-0.791	-0.773	-0.994	-0.994	-0.819	-0.828	-0.956	-0.813	-0.792	-0.955	-0.793	-0.955	-0.828	-0.822	-0.822	-0.828	-0.835	-0.787	-0.953	-0.966	-0.831	-0.963	-0.957	-0.836	-0.581	-0.984	-0.885	-0.921	-0.803	-0.919	-0.801	-0.987	-0.411	-0.955	-0.944	-0.957	-0.954	-0.949	-0.754	-0.846	-0.931	-0.746	-0.856	-0.894	-0.926	-0.944	-0.943	-0.734	-0.380	-0.940	-0.911	-0.937	-0.936	-0.935	-0.882	-0.885	-0.883	-0.885	-0.881	
rs11588368     -0.855	-0.855	-0.857	-0.855	-0.856	-0.856	-0.866	-0.851	-0.862	-0.866	-0.795	-0.716	-0.585	-0.592	-0.464	-0.589	-0.595	-0.597	-0.606	-0.869	-0.866	-0.863	-0.950	-0.670	-0.897	-0.735	-0.712	-0.721	-0.715	-0.722	-0.736	-0.729	-0.738	-0.731	-0.716	-0.720	-0.716	-0.890	-0.891	-0.911	-0.926	-0.914	-0.911	-0.900	-0.912	-0.839	-0.845	-0.887	-0.831	-0.812	-0.830	-0.885	-0.819	-0.917	-0.929	-0.788	-0.787	-0.967	-0.783	-0.787	-0.782	-0.934	-0.968	-0.933	-0.788	-0.955	-0.952	-0.935	-0.917	-0.779	-0.778	-0.774	-0.776	-0.936	-0.948	-0.937	-0.779	-0.868	-0.925	-0.925	-0.940	-0.779	-0.919	-0.801	-0.895	-0.919	-0.952	-0.952	-0.859	-0.781	-0.949	-0.905	-0.861	-0.864	-0.937	-0.921	-0.922	-0.880	-0.914	-0.913	-0.900	-0.906	-0.777	-0.897	-0.903	-0.879	-0.911	-0.890	-0.910	-0.912	-0.775	-0.573	-0.931	-0.932	-0.932	-0.932	-0.930	-0.932	-0.684	-0.917	-0.930	-0.930	-0.931	-0.931	-0.931	-0.705	-0.767	-0.749	-0.970	-0.970	-0.795	-0.804	-0.932	-0.789	-0.767	-0.931	-0.768	-0.931	-0.804	-0.798	-0.798	-0.805	-0.811	-0.762	-0.929	-0.942	-0.807	-0.939	-0.933	-0.812	-0.556	-0.960	-0.860	-0.896	-0.779	-0.895	-0.776	-0.962	-0.387	-0.931	-0.920	-0.933	-0.930	-0.925	-0.729	-0.822	-0.906	-0.721	-0.832	-0.870	-0.902	-0.919	-0.919	-0.709	-0.356	-0.916	-0.886	-0.912	-0.912	-0.911	-0.857	-0.860	-0.858	-0.861	-0.857	
rs11591047     -0.855	-0.856	-0.857	-0.856	-0.856	-0.857	-0.866	-0.851	-0.862	-0.867	-0.796	-0.716	-0.585	-0.592	-0.589	-0.464	-0.595	-0.597	-0.607	-0.869	-0.866	-0.863	-0.950	-0.670	-0.897	-0.735	-0.712	-0.722	-0.715	-0.723	-0.737	-0.730	-0.738	-0.731	-0.717	-0.720	-0.716	-0.890	-0.891	-0.912	-0.927	-0.914	-0.911	-0.901	-0.912	-0.839	-0.845	-0.888	-0.832	-0.813	-0.830	-0.886	-0.819	-0.917	-0.930	-0.788	-0.787	-0.967	-0.783	-0.787	-0.783	-0.934	-0.969	-0.933	-0.788	-0.956	-0.952	-0.935	-0.917	-0.779	-0.778	-0.775	-0.776	-0.937	-0.949	-0.937	-0.780	-0.868	-0.925	-0.925	-0.940	-0.779	-0.919	-0.802	-0.895	-0.919	-0.952	-0.952	-0.860	-0.781	-0.949	-0.905	-0.862	-0.865	-0.938	-0.922	-0.923	-0.880	-0.914	-0.914	-0.901	-0.907	-0.777	-0.898	-0.904	-0.879	-0.912	-0.890	-0.911	-0.913	-0.775	-0.574	-0.932	-0.932	-0.933	-0.933	-0.931	-0.933	-0.685	-0.918	-0.930	-0.931	-0.931	-0.931	-0.931	-0.705	-0.768	-0.749	-0.970	-0.970	-0.796	-0.804	-0.932	-0.790	-0.768	-0.931	-0.769	-0.931	-0.805	-0.798	-0.798	-0.805	-0.812	-0.763	-0.929	-0.942	-0.808	-0.939	-0.933	-0.813	-0.557	-0.960	-0.861	-0.897	-0.779	-0.895	-0.777	-0.963	-0.387	-0.931	-0.920	-0.933	-0.930	-0.925	-0.729	-0.822	-0.907	-0.721	-0.833	-0.870	-0.902	-0.920	-0.919	-0.709	-0.356	-0.916	-0.887	-0.913	-0.912	-0.911	-0.857	-0.861	-0.859	-0.861	-0.857	
rs10915681     -0.868	-0.868	-0.870	-0.868	-0.868	-0.869	-0.879	-0.863	-0.875	-0.880	-0.812	-0.725	-0.582	-0.615	-0.595	-0.595	-0.478	-0.605	-0.617	-0.882	-0.879	-0.875	-0.963	-0.678	-0.910	-0.749	-0.727	-0.735	-0.729	-0.737	-0.751	-0.744	-0.752	-0.745	-0.731	-0.734	-0.730	-0.904	-0.905	-0.925	-0.940	-0.927	-0.925	-0.914	-0.925	-0.852	-0.859	-0.901	-0.845	-0.826	-0.844	-0.899	-0.833	-0.930	-0.943	-0.801	-0.801	-0.981	-0.797	-0.801	-0.796	-0.948	-0.982	-0.946	-0.802	-0.969	-0.965	-0.948	-0.930	-0.792	-0.791	-0.788	-0.790	-0.950	-0.962	-0.951	-0.793	-0.881	-0.938	-0.938	-0.953	-0.792	-0.932	-0.815	-0.908	-0.933	-0.966	-0.965	-0.873	-0.795	-0.962	-0.918	-0.875	-0.878	-0.951	-0.935	-0.936	-0.894	-0.927	-0.927	-0.914	-0.920	-0.790	-0.911	-0.917	-0.892	-0.925	-0.903	-0.924	-0.926	-0.789	-0.587	-0.945	-0.945	-0.946	-0.946	-0.944	-0.946	-0.698	-0.931	-0.944	-0.944	-0.944	-0.944	-0.945	-0.718	-0.781	-0.762	-0.983	-0.984	-0.809	-0.817	-0.945	-0.803	-0.781	-0.945	-0.782	-0.945	-0.818	-0.811	-0.811	-0.818	-0.825	-0.776	-0.942	-0.955	-0.821	-0.952	-0.946	-0.826	-0.570	-0.974	-0.874	-0.910	-0.792	-0.908	-0.790	-0.976	-0.400	-0.944	-0.933	-0.946	-0.943	-0.938	-0.743	-0.835	-0.920	-0.735	-0.846	-0.884	-0.915	-0.933	-0.932	-0.723	-0.369	-0.929	-0.900	-0.926	-0.926	-0.925	-0.871	-0.874	-0.872	-0.875	-0.871	
rs10915682     -0.868	-0.868	-0.870	-0.868	-0.869	-0.869	-0.879	-0.864	-0.875	-0.880	-0.813	-0.725	-0.585	-0.617	-0.597	-0.597	-0.605	-0.478	-0.616	-0.882	-0.879	-0.876	-0.964	-0.678	-0.911	-0.749	-0.728	-0.736	-0.729	-0.737	-0.751	-0.744	-0.752	-0.745	-0.731	-0.734	-0.730	-0.904	-0.905	-0.925	-0.940	-0.928	-0.925	-0.914	-0.926	-0.853	-0.859	-0.901	-0.846	-0.827	-0.844	-0.899	-0.834	-0.930	-0.943	-0.802	-0.801	-0.981	-0.797	-0.801	-0.796	-0.948	-0.982	-0.947	-0.802	-0.969	-0.966	-0.949	-0.931	-0.793	-0.792	-0.788	-0.790	-0.950	-0.962	-0.951	-0.793	-0.882	-0.939	-0.939	-0.953	-0.793	-0.933	-0.815	-0.909	-0.933	-0.966	-0.966	-0.873	-0.795	-0.962	-0.919	-0.875	-0.878	-0.951	-0.935	-0.936	-0.894	-0.927	-0.927	-0.914	-0.920	-0.791	-0.912	-0.917	-0.893	-0.925	-0.904	-0.924	-0.926	-0.789	-0.587	-0.945	-0.945	-0.946	-0.946	-0.944	-0.946	-0.698	-0.931	-0.944	-0.944	-0.945	-0.945	-0.945	-0.718	-0.781	-0.763	-0.983	-0.984	-0.809	-0.818	-0.946	-0.803	-0.782	-0.945	-0.782	-0.945	-0.818	-0.812	-0.812	-0.818	-0.825	-0.777	-0.943	-0.956	-0.821	-0.953	-0.946	-0.826	-0.570	-0.974	-0.875	-0.911	-0.793	-0.909	-0.791	-0.976	-0.401	-0.945	-0.934	-0.947	-0.944	-0.939	-0.743	-0.836	-0.920	-0.735	-0.846	-0.884	-0.916	-0.933	-0.933	-0.723	-0.370	-0.930	-0.900	-0.926	-0.926	-0.925	-0.871	-0.874	-0.872	-0.875	-0.871	
rs10915683     -0.877	-0.877	-0.879	-0.877	-0.878	-0.879	-0.889	-0.873	-0.885	-0.891	-0.825	-0.731	-0.593	-0.635	-0.606	-0.607	-0.617	-0.616	-0.489	-0.892	-0.888	-0.885	-0.974	-0.684	-0.921	-0.760	-0.740	-0.747	-0.740	-0.748	-0.762	-0.755	-0.763	-0.756	-0.742	-0.745	-0.741	-0.914	-0.916	-0.935	-0.950	-0.938	-0.935	-0.924	-0.936	-0.863	-0.870	-0.912	-0.856	-0.837	-0.854	-0.909	-0.845	-0.940	-0.953	-0.812	-0.811	-0.991	-0.807	-0.811	-0.807	-0.958	-0.992	-0.957	-0.812	-0.979	-0.976	-0.959	-0.941	-0.803	-0.802	-0.798	-0.800	-0.960	-0.972	-0.961	-0.803	-0.891	-0.949	-0.949	-0.963	-0.803	-0.943	-0.825	-0.919	-0.943	-0.976	-0.976	-0.883	-0.805	-0.973	-0.929	-0.885	-0.889	-0.962	-0.945	-0.946	-0.905	-0.937	-0.937	-0.925	-0.930	-0.801	-0.922	-0.928	-0.903	-0.936	-0.914	-0.935	-0.937	-0.799	-0.597	-0.956	-0.956	-0.956	-0.956	-0.955	-0.956	-0.708	-0.941	-0.954	-0.955	-0.955	-0.955	-0.955	-0.728	-0.791	-0.773	-0.993	-0.994	-0.819	-0.828	-0.956	-0.813	-0.792	-0.955	-0.793	-0.955	-0.828	-0.821	-0.821	-0.828	-0.835	-0.787	-0.953	-0.965	-0.831	-0.962	-0.956	-0.836	-0.581	-0.984	-0.885	-0.921	-0.803	-0.919	-0.801	-0.986	-0.411	-0.955	-0.944	-0.957	-0.954	-0.949	-0.754	-0.845	-0.930	-0.745	-0.856	-0.894	-0.926	-0.943	-0.943	-0.733	-0.380	-0.940	-0.911	-0.936	-0.936	-0.935	-0.882	-0.885	-0.883	-0.885	-0.881	
rs4654470      -0.851	-0.850	-0.853	-0.850	-0.851	-0.852	-0.874	-0.843	-0.861	-0.864	-0.764	-0.727	-0.860	-0.892	-0.869	-0.869	-0.882	-0.882	-0.892	-0.547	-0.832	-0.826	-0.971	-0.672	-0.940	-0.825	-0.832	-0.814	-0.808	-0.815	-0.827	-0.821	-0.828	-0.822	-0.810	-0.813	-0.809	-0.978	-0.979	-0.991	-1.006	-0.999	-0.991	-0.980	-0.997	-0.923	-0.930	-0.975	-0.917	-0.898	-0.914	-0.962	-0.918	-0.994	-1.009	-0.869	-0.868	-1.048	-0.864	-0.868	-0.864	-1.014	-1.049	-1.013	-0.869	-1.039	-1.035	-1.019	-0.995	-0.858	-0.858	-0.854	-0.856	-1.017	-1.029	-1.017	-0.858	-0.944	-1.004	-1.005	-1.019	-0.860	-0.999	-0.872	-0.978	-1.001	-1.033	-1.032	-0.936	-0.862	-1.029	-0.988	-0.938	-0.951	-1.020	-1.000	-1.002	-0.966	-0.994	-0.994	-0.984	-0.985	-0.858	-0.981	-0.987	-0.960	-0.994	-0.968	-0.993	-0.995	-0.857	-0.652	-1.013	-1.013	-1.013	-1.013	-1.012	-1.013	-0.756	-0.996	-1.012	-1.012	-1.012	-1.012	-1.012	-0.777	-0.842	-0.822	-1.049	-1.050	-0.871	-0.879	-1.012	-0.864	-0.850	-1.011	-0.850	-1.011	-0.880	-0.873	-0.873	-0.880	-0.887	-0.845	-1.011	-1.021	-0.884	-1.018	-1.011	-0.889	-0.635	-1.041	-0.946	-0.981	-0.861	-0.979	-0.859	-1.043	-0.464	-1.013	-1.002	-1.014	-1.011	-1.007	-0.813	-0.898	-0.989	-0.805	-0.909	-0.949	-0.981	-1.001	-1.001	-0.794	-0.432	-0.998	-0.970	-0.995	-0.994	-0.993	-0.942	-0.945	-0.943	-0.946	-0.942	
rs12037632     -0.848	-0.847	-0.849	-0.847	-0.847	-0.848	-0.865	-0.841	-0.855	-0.855	-0.744	-0.720	-0.857	-0.889	-0.866	-0.866	-0.879	-0.879	-0.888	-0.832	-0.532	-0.654	-0.989	-0.666	-0.932	-0.811	-0.826	-0.799	-0.793	-0.801	-0.813	-0.807	-0.814	-0.808	-0.795	-0.798	-0.794	-0.965	-0.967	-0.978	-0.992	-0.985	-0.977	-0.966	-0.984	-0.909	-0.916	-0.962	-0.902	-0.884	-0.900	-0.949	-0.902	-0.981	-0.996	-0.854	-0.854	-1.035	-0.850	-0.854	-0.849	-1.001	-1.035	-1.000	-0.855	-1.025	-1.022	-1.006	-0.982	-0.845	-0.844	-0.840	-0.842	-1.004	-1.016	-1.005	-0.845	-0.932	-0.990	-0.991	-1.007	-0.845	-0.985	-0.862	-0.964	-0.987	-1.019	-1.018	-0.923	-0.848	-1.015	-0.974	-0.926	-0.937	-1.006	-0.987	-0.988	-0.952	-0.981	-0.981	-0.970	-0.973	-0.844	-0.967	-0.973	-0.947	-0.980	-0.957	-0.979	-0.981	-0.842	-0.636	-0.999	-0.999	-1.000	-1.000	-0.998	-1.000	-0.746	-0.984	-0.998	-0.998	-0.998	-0.998	-0.998	-0.767	-0.831	-0.811	-1.036	-1.037	-0.859	-0.868	-0.998	-0.853	-0.835	-0.997	-0.835	-0.997	-0.868	-0.862	-0.862	-0.868	-0.876	-0.830	-0.997	-1.008	-0.872	-1.005	-0.999	-0.877	-0.618	-1.026	-0.932	-0.966	-0.847	-0.965	-0.844	-1.029	-0.447	-0.997	-0.985	-1.000	-0.997	-0.993	-0.797	-0.886	-0.975	-0.789	-0.897	-0.936	-0.968	-0.987	-0.987	-0.778	-0.415	-0.984	-0.952	-0.980	-0.980	-0.979	-0.927	-0.930	-0.928	-0.930	-0.927	
rs12040043     -0.843	-0.843	-0.845	-0.843	-0.843	-0.844	-0.858	-0.837	-0.849	-0.847	-0.727	-0.716	-0.854	-0.885	-0.863	-0.863	-0.875	-0.876	-0.885	-0.826	-0.654	-0.524	-0.982	-0.662	-0.927	-0.803	-0.818	-0.791	-0.785	-0.793	-0.805	-0.799	-0.806	-0.800	-0.787	-0.790	-0.786	-0.958	-0.959	-0.970	-0.985	-0.978	-0.970	-0.959	-0.976	-0.901	-0.908	-0.955	-0.894	-0.876	-0.892	-0.941	-0.893	-0.973	-0.989	-0.847	-0.846	-1.027	-0.842	-0.846	-0.841	-0.993	-1.028	-0.992	-0.847	-1.017	-1.014	-0.998	-0.974	-0.837	-0.837	-0.833	-0.835	-0.997	-1.008	-0.997	-0.838	-0.924	-0.983	-0.983	-0.999	-0.838	-0.978	-0.854	-0.956	-0.979	-1.011	-1.010	-0.916	-0.840	-1.007	-0.966	-0.918	-0.929	-0.999	-0.979	-0.981	-0.944	-0.974	-0.974	-0.962	-0.966	-0.836	-0.960	-0.965	-0.940	-0.972	-0.950	-0.971	-0.973	-0.834	-0.628	-0.991	-0.991	-0.992	-0.992	-0.990	-0.992	-0.739	-0.977	-0.990	-0.990	-0.990	-0.990	-0.991	-0.760	-0.823	-0.804	-1.028	-1.029	-0.851	-0.860	-0.990	-0.845	-0.827	-0.990	-0.827	-0.990	-0.861	-0.854	-0.854	-0.861	-0.868	-0.822	-0.989	-1.001	-0.864	-0.998	-0.992	-0.869	-0.610	-1.019	-0.924	-0.959	-0.839	-0.957	-0.836	-1.021	-0.439	-0.989	-0.977	-0.992	-0.989	-0.985	-0.789	-0.879	-0.967	-0.781	-0.890	-0.929	-0.960	-0.979	-0.979	-0.769	-0.407	-0.976	-0.944	-0.973	-0.972	-0.971	-0.919	-0.922	-0.920	-0.923	-0.919	
rs9426468      -0.958	-0.957	-0.960	-0.957	-0.958	-0.959	-0.985	-0.950	-0.972	-0.984	-0.974	-0.786	-0.941	-0.974	-0.950	-0.950	-0.963	-0.964	-0.974	-0.971	-0.989	-0.982	-0.634	-0.726	-0.884	-0.906	-0.922	-0.894	-0.888	-0.896	-0.907	-0.901	-0.909	-0.902	-0.890	-0.893	-0.889	-1.060	-1.061	-1.071	-1.087	-1.081	-1.070	-1.059	-1.079	-1.010	-1.016	-1.057	-1.004	-0.986	-1.002	-1.044	-1.003	-1.076	-1.092	-0.953	-0.952	-1.131	-0.949	-0.952	-0.949	-1.097	-1.132	-1.095	-0.953	-1.121	-1.117	-1.101	-1.077	-0.940	-0.939	-0.935	-0.937	-1.098	-1.110	-1.099	-0.939	-1.027	-1.086	-1.087	-1.100	-0.943	-1.082	-0.954	-1.061	-1.083	-1.115	-1.115	-1.018	-0.946	-1.112	-1.071	-1.020	-1.034	-1.102	-1.083	-1.084	-1.049	-1.074	-1.074	-1.067	-1.066	-0.943	-1.065	-1.070	-1.042	-1.077	-1.049	-1.076	-1.078	-0.941	-0.734	-1.095	-1.095	-1.096	-1.096	-1.094	-1.096	-0.838	-1.077	-1.094	-1.094	-1.095	-1.095	-1.095	-0.859	-0.924	-0.904	-1.131	-1.132	-0.953	-0.962	-1.094	-0.947	-0.935	-1.093	-0.936	-1.093	-0.962	-0.956	-0.956	-0.962	-0.970	-0.931	-1.094	-1.102	-0.966	-1.099	-1.092	-0.971	-0.717	-1.124	-1.029	-1.064	-0.947	-1.062	-0.945	-1.126	-0.547	-1.097	-1.087	-1.096	-1.094	-1.089	-0.900	-0.980	-1.072	-0.892	-0.991	-1.032	-1.064	-1.084	-1.083	-0.881	-0.515	-1.080	-1.055	-1.077	-1.077	-1.076	-1.025	-1.028	-1.026	-1.028	-1.025	
rs17345600     -0.651	-0.651	-0.653	-0.651	-0.652	-0.653	-0.665	-0.647	-0.660	-0.668	-0.636	-0.384	-0.664	-0.684	-0.670	-0.670	-0.678	-0.678	-0.684	-0.672	-0.666	-0.662	-0.726	-0.236	-0.715	-0.461	-0.475	-0.439	-0.429	-0.441	-0.464	-0.452	-0.466	-0.454	-0.430	-0.437	-0.433	-0.671	-0.673	-0.687	-0.707	-0.700	-0.686	-0.672	-0.701	-0.642	-0.648	-0.674	-0.636	-0.619	-0.634	-0.676	-0.610	-0.706	-0.718	-0.577	-0.577	-0.757	-0.575	-0.577	-0.574	-0.723	-0.758	-0.722	-0.578	-0.744	-0.740	-0.722	-0.707	-0.560	-0.560	-0.555	-0.557	-0.719	-0.733	-0.720	-0.559	-0.660	-0.715	-0.715	-0.721	-0.567	-0.708	-0.590	-0.683	-0.708	-0.741	-0.741	-0.649	-0.571	-0.738	-0.692	-0.651	-0.649	-0.723	-0.712	-0.713	-0.666	-0.694	-0.694	-0.687	-0.688	-0.567	-0.685	-0.692	-0.666	-0.700	-0.671	-0.698	-0.701	-0.566	-0.361	-0.721	-0.721	-0.721	-0.721	-0.719	-0.721	-0.472	-0.700	-0.719	-0.719	-0.720	-0.720	-0.720	-0.493	-0.556	-0.536	-0.757	-0.758	-0.582	-0.592	-0.721	-0.576	-0.560	-0.721	-0.561	-0.721	-0.592	-0.585	-0.585	-0.592	-0.599	-0.556	-0.717	-0.725	-0.595	-0.722	-0.716	-0.600	-0.343	-0.751	-0.646	-0.683	-0.571	-0.681	-0.569	-0.753	-0.169	-0.725	-0.714	-0.722	-0.718	-0.713	-0.525	-0.613	-0.693	-0.516	-0.623	-0.661	-0.692	-0.707	-0.707	-0.506	-0.138	-0.703	-0.683	-0.700	-0.699	-0.698	-0.644	-0.647	-0.645	-0.648	-0.644	
rs4654471      -0.931	-0.931	-0.934	-0.931	-0.932	-0.933	-0.948	-0.926	-0.940	-0.946	-0.916	-0.770	-0.888	-0.921	-0.897	-0.897	-0.910	-0.911	-0.921	-0.940	-0.932	-0.927	-0.884	-0.715	-0.582	-0.853	-0.877	-0.840	-0.834	-0.842	-0.855	-0.848	-0.856	-0.849	-0.836	-0.839	-0.835	-1.011	-1.012	-1.021	-1.037	-1.031	-1.020	-1.008	-1.029	-0.964	-0.970	-1.007	-0.957	-0.940	-0.955	-0.994	-0.952	-1.027	-1.043	-0.903	-0.903	-1.082	-0.900	-0.903	-0.899	-1.048	-1.083	-1.046	-0.903	-1.072	-1.069	-1.053	-1.028	-0.890	-0.890	-0.886	-0.888	-1.049	-1.061	-1.050	-0.890	-0.978	-1.037	-1.038	-1.051	-0.894	-1.032	-0.906	-1.012	-1.034	-1.066	-1.066	-0.969	-0.897	-1.062	-1.022	-0.971	-0.985	-1.053	-1.034	-1.036	-1.000	-1.025	-1.025	-1.017	-1.017	-0.893	-1.015	-1.021	-0.994	-1.028	-1.000	-1.027	-1.028	-0.892	-0.682	-1.046	-1.046	-1.047	-1.047	-1.045	-1.047	-0.791	-1.028	-1.045	-1.045	-1.045	-1.045	-1.046	-0.812	-0.876	-0.856	-1.082	-1.083	-0.904	-0.913	-1.045	-0.898	-0.886	-1.044	-0.887	-1.044	-0.914	-0.907	-0.907	-0.914	-0.921	-0.881	-1.045	-1.053	-0.917	-1.050	-1.044	-0.923	-0.665	-1.074	-0.980	-1.015	-0.897	-1.013	-0.895	-1.076	-0.492	-1.047	-1.036	-1.047	-1.044	-1.040	-0.850	-0.932	-1.022	-0.841	-0.943	-0.983	-1.015	-1.035	-1.034	-0.831	-0.460	-1.031	-1.004	-1.028	-1.027	-1.027	-0.975	-0.979	-0.977	-0.979	-0.975	
rs55790677     -0.793	-0.793	-0.797	-0.793	-0.794	-0.795	-0.824	-0.785	-0.812	-0.832	-0.834	-0.529	-0.726	-0.760	-0.735	-0.735	-0.749	-0.749	-0.760	-0.825	-0.811	-0.803	-0.906	-0.461	-0.853	-0.419	-0.673	-0.535	-0.528	-0.554	-0.571	-0.567	-0.573	-0.569	-0.553	-0.559	-0.561	-0.861	-0.862	-0.873	-0.889	-0.882	-0.872	-0.861	-0.880	-0.812	-0.818	-0.858	-0.805	-0.788	-0.803	-0.849	-0.808	-0.877	-0.894	-0.753	-0.752	-0.933	-0.749	-0.752	-0.748	-0.899	-0.934	-0.897	-0.753	-0.923	-0.920	-0.904	-0.879	-0.741	-0.740	-0.736	-0.738	-0.902	-0.913	-0.902	-0.740	-0.829	-0.888	-0.888	-0.904	-0.743	-0.883	-0.756	-0.863	-0.885	-0.917	-0.916	-0.820	-0.746	-0.913	-0.873	-0.822	-0.837	-0.905	-0.883	-0.885	-0.851	-0.878	-0.878	-0.869	-0.869	-0.742	-0.867	-0.872	-0.846	-0.879	-0.853	-0.878	-0.879	-0.741	-0.530	-0.897	-0.897	-0.898	-0.898	-0.896	-0.898	-0.640	-0.881	-0.896	-0.896	-0.896	-0.896	-0.897	-0.661	-0.726	-0.705	-0.934	-0.935	-0.754	-0.763	-0.896	-0.748	-0.735	-0.895	-0.735	-0.895	-0.764	-0.757	-0.757	-0.764	-0.771	-0.730	-0.896	-0.905	-0.767	-0.902	-0.896	-0.773	-0.513	-0.926	-0.832	-0.866	-0.746	-0.864	-0.744	-0.928	-0.339	-0.898	-0.887	-0.898	-0.896	-0.891	-0.699	-0.781	-0.874	-0.690	-0.793	-0.832	-0.865	-0.886	-0.886	-0.679	-0.307	-0.883	-0.854	-0.880	-0.879	-0.878	-0.827	-0.830	-0.828	-0.831	-0.827	
rs72634164     -0.808	-0.808	-0.812	-0.809	-0.809	-0.811	-0.839	-0.801	-0.827	-0.847	-0.848	-0.542	-0.702	-0.739	-0.712	-0.712	-0.727	-0.728	-0.740	-0.832	-0.826	-0.818	-0.922	-0.475	-0.877	-0.673	-0.436	-0.673	-0.672	-0.676	-0.677	-0.678	-0.678	-0.678	-0.677	-0.677	-0.675	-0.878	-0.880	-0.878	-0.897	-0.898	-0.878	-0.865	-0.896	-0.836	-0.841	-0.875	-0.830	-0.814	-0.827	-0.865	-0.823	-0.890	-0.909	-0.767	-0.767	-0.947	-0.763	-0.766	-0.763	-0.913	-0.948	-0.912	-0.767	-0.937	-0.934	-0.918	-0.892	-0.754	-0.754	-0.749	-0.751	-0.918	-0.929	-0.919	-0.754	-0.845	-0.901	-0.902	-0.921	-0.758	-0.897	-0.776	-0.878	-0.899	-0.931	-0.930	-0.836	-0.761	-0.927	-0.888	-0.838	-0.853	-0.919	-0.896	-0.898	-0.867	-0.895	-0.894	-0.884	-0.888	-0.757	-0.882	-0.887	-0.865	-0.893	-0.872	-0.892	-0.894	-0.755	-0.546	-0.911	-0.911	-0.912	-0.912	-0.910	-0.912	-0.657	-0.899	-0.910	-0.910	-0.910	-0.910	-0.910	-0.678	-0.742	-0.722	-0.949	-0.949	-0.770	-0.779	-0.908	-0.764	-0.750	-0.908	-0.750	-0.908	-0.779	-0.773	-0.773	-0.780	-0.787	-0.745	-0.911	-0.922	-0.783	-0.919	-0.913	-0.788	-0.529	-0.938	-0.850	-0.883	-0.761	-0.881	-0.759	-0.941	-0.357	-0.908	-0.898	-0.912	-0.910	-0.906	-0.713	-0.796	-0.890	-0.705	-0.808	-0.841	-0.875	-0.901	-0.901	-0.693	-0.324	-0.898	-0.863	-0.895	-0.895	-0.894	-0.845	-0.848	-0.846	-0.848	-0.844	
rs12403173     -0.781	-0.781	-0.785	-0.782	-0.782	-0.784	-0.813	-0.774	-0.800	-0.821	-0.824	-0.509	-0.712	-0.747	-0.721	-0.722	-0.735	-0.736	-0.747	-0.814	-0.799	-0.791	-0.894	-0.439	-0.840	-0.535	-0.673	-0.406	-0.514	-0.536	-0.543	-0.546	-0.549	-0.549	-0.540	-0.544	-0.547	-0.850	-0.851	-0.862	-0.878	-0.871	-0.861	-0.850	-0.869	-0.802	-0.808	-0.847	-0.795	-0.778	-0.793	-0.839	-0.798	-0.866	-0.883	-0.742	-0.741	-0.922	-0.737	-0.741	-0.737	-0.888	-0.923	-0.887	-0.742	-0.913	-0.910	-0.894	-0.868	-0.730	-0.729	-0.725	-0.727	-0.891	-0.903	-0.892	-0.730	-0.817	-0.877	-0.877	-0.894	-0.732	-0.872	-0.745	-0.852	-0.874	-0.906	-0.905	-0.809	-0.735	-0.902	-0.862	-0.811	-0.827	-0.894	-0.872	-0.874	-0.841	-0.868	-0.867	-0.858	-0.859	-0.731	-0.856	-0.862	-0.836	-0.868	-0.843	-0.867	-0.869	-0.730	-0.519	-0.886	-0.886	-0.887	-0.887	-0.886	-0.887	-0.628	-0.871	-0.885	-0.886	-0.886	-0.886	-0.886	-0.649	-0.714	-0.694	-0.923	-0.924	-0.743	-0.752	-0.885	-0.737	-0.723	-0.884	-0.724	-0.884	-0.753	-0.746	-0.746	-0.753	-0.760	-0.718	-0.885	-0.895	-0.756	-0.892	-0.886	-0.762	-0.502	-0.915	-0.822	-0.856	-0.735	-0.854	-0.733	-0.917	-0.329	-0.886	-0.875	-0.888	-0.885	-0.881	-0.687	-0.770	-0.864	-0.678	-0.782	-0.821	-0.853	-0.876	-0.875	-0.667	-0.296	-0.872	-0.842	-0.869	-0.869	-0.868	-0.817	-0.820	-0.818	-0.821	-0.817	
rs12403228     -0.775	-0.776	-0.779	-0.776	-0.777	-0.778	-0.807	-0.768	-0.795	-0.815	-0.818	-0.499	-0.705	-0.740	-0.715	-0.715	-0.729	-0.729	-0.740	-0.808	-0.793	-0.785	-0.888	-0.429	-0.834	-0.528	-0.672	-0.514	-0.400	-0.529	-0.531	-0.537	-0.538	-0.540	-0.536	-0.539	-0.542	-0.844	-0.845	-0.856	-0.872	-0.866	-0.856	-0.844	-0.863	-0.797	-0.803	-0.841	-0.790	-0.773	-0.788	-0.833	-0.792	-0.860	-0.878	-0.736	-0.736	-0.917	-0.732	-0.735	-0.731	-0.883	-0.917	-0.881	-0.736	-0.907	-0.904	-0.889	-0.862	-0.725	-0.724	-0.720	-0.722	-0.886	-0.898	-0.887	-0.724	-0.812	-0.871	-0.872	-0.888	-0.727	-0.867	-0.740	-0.847	-0.868	-0.900	-0.900	-0.803	-0.729	-0.897	-0.857	-0.805	-0.822	-0.889	-0.866	-0.868	-0.836	-0.862	-0.862	-0.853	-0.854	-0.725	-0.851	-0.856	-0.830	-0.863	-0.838	-0.862	-0.863	-0.724	-0.514	-0.881	-0.881	-0.882	-0.882	-0.880	-0.882	-0.623	-0.866	-0.880	-0.880	-0.880	-0.880	-0.880	-0.644	-0.709	-0.689	-0.918	-0.919	-0.738	-0.747	-0.879	-0.732	-0.718	-0.879	-0.718	-0.879	-0.747	-0.740	-0.741	-0.747	-0.755	-0.713	-0.880	-0.890	-0.751	-0.887	-0.880	-0.756	-0.497	-0.909	-0.817	-0.851	-0.729	-0.849	-0.727	-0.911	-0.323	-0.881	-0.870	-0.882	-0.879	-0.876	-0.681	-0.765	-0.859	-0.673	-0.776	-0.815	-0.847	-0.870	-0.870	-0.661	-0.290	-0.867	-0.836	-0.864	-0.863	-0.863	-0.812	-0.815	-0.813	-0.815	-0.812	
rs7367109      -0.783	-0.783	-0.787	-0.783	-0.784	-0.786	-0.815	-0.775	-0.802	-0.822	-0.825	-0.511	-0.713	-0.748	-0.722	-0.723	-0.737	-0.737	-0.748	-0.815	-0.801	-0.793	-0.896	-0.441	-0.842	-0.554	-0.676	-0.536	-0.529	-0.408	-0.529	-0.534	-0.539	-0.539	-0.529	-0.534	-0.538	-0.852	-0.853	-0.864	-0.880	-0.873	-0.863	-0.851	-0.871	-0.804	-0.810	-0.849	-0.797	-0.780	-0.795	-0.841	-0.799	-0.867	-0.885	-0.743	-0.743	-0.924	-0.739	-0.743	-0.739	-0.890	-0.925	-0.889	-0.744	-0.915	-0.911	-0.896	-0.869	-0.732	-0.731	-0.727	-0.729	-0.893	-0.905	-0.894	-0.731	-0.819	-0.878	-0.879	-0.896	-0.734	-0.874	-0.747	-0.854	-0.876	-0.908	-0.907	-0.811	-0.737	-0.904	-0.864	-0.813	-0.829	-0.896	-0.874	-0.876	-0.843	-0.869	-0.869	-0.860	-0.861	-0.733	-0.858	-0.863	-0.838	-0.870	-0.845	-0.869	-0.871	-0.731	-0.521	-0.888	-0.888	-0.889	-0.889	-0.887	-0.889	-0.630	-0.873	-0.887	-0.887	-0.887	-0.887	-0.888	-0.651	-0.716	-0.696	-0.925	-0.926	-0.745	-0.754	-0.887	-0.739	-0.725	-0.886	-0.726	-0.886	-0.754	-0.748	-0.748	-0.755	-0.762	-0.720	-0.887	-0.897	-0.758	-0.894	-0.887	-0.764	-0.504	-0.916	-0.824	-0.858	-0.737	-0.856	-0.735	-0.918	-0.331	-0.888	-0.877	-0.889	-0.887	-0.883	-0.689	-0.772	-0.866	-0.680	-0.783	-0.822	-0.855	-0.877	-0.877	-0.669	-0.298	-0.874	-0.844	-0.871	-0.871	-0.870	-0.819	-0.822	-0.820	-0.822	-0.819	
