## Summary of overall evidence for association with region:
## log10(BF for region) = 9.49236
## p-value for region = NA

## BFs for choosing among multi-SNP models:
## log10(average 1-SNP BF) = 8.87535
## log10(average 2-SNP BF) = 9.89323

## Example posterior probabilities for multi-SNP models, based on default prior: [p(l) propto 0.5^l for l=1,2,...,L]
## posterior probability of 1-SNP = 0.161028
## posterior probability of 2-SNP = 0.838972

## log10(BF) for single SNP and pair of SNPs:
rs7917777      +2.016	+2.018	+1.529	+1.582	+1.458	+1.982	+2.155	+1.587	+1.584	+1.552	+1.829	+1.696	+1.817	+1.834	+1.513	+1.440	+1.472	+1.742	+1.738	+1.728	+1.618	+1.605	+1.613	+1.626	+1.388	+1.467	+1.642	+1.989	+2.311	+8.954	+2.291	+2.153	+2.199	+3.899	+2.172	+9.414	+9.875	+3.908	+2.222	+10.032	+1.968	+1.981	+4.250	+2.104	+1.887	+10.013	+2.021	+2.090	+2.176	+2.082	+2.083	+2.108	+1.944	+1.607	+2.095	+2.309	+1.634	+3.704	+2.110	+1.662	+1.676	+2.081	+1.923	+1.662	+1.980	+2.111	+2.097	+2.015	+1.646	+1.669	+1.668	+1.668	+1.660	+1.635	+1.657	+4.323	+1.665	+2.030	+1.659	+4.803	+3.963	+6.955	+1.661	+2.359	+2.002	+11.690	+2.110	+3.274	+3.193	+7.977	+5.732	+10.709	+10.711	+4.568	+7.542	+10.824	+7.615	+9.336	+9.339	+10.622	+2.542	+7.202	+3.819	+5.690	+3.484	+5.712	+11.997	+6.454	+6.356	+3.505	+12.551	+12.588	+12.588	+12.621	+1.527	+1.448	+1.469	+1.448	+1.430	+1.430	+1.429	+1.443	+1.496	+1.442	+1.489	+1.489	+1.485	+1.765	+1.913	+1.934	+1.950	+2.138	+2.045	+1.973	+1.992	+2.025	+2.002	+3.057	+1.965	+1.970	+1.990	+1.985	+1.973	+1.985	+3.033	+3.073	+1.984	+3.116	+3.111	+3.241	+3.115	+3.137	+1.702	+1.700	+1.673	+1.672	+1.702	+1.702	+3.053	+3.090	+2.238	+1.919	+3.088	+1.696	+1.703	+2.283	+1.866	+1.899	+1.877	+1.490	+2.832	+2.831	+2.827	+1.579	+1.796	+2.794	+1.721	+1.716	+1.708	+1.715	+1.483	+1.799	
rs12776663     +2.018	+2.085	+1.595	+1.642	+1.519	+2.014	+2.176	+1.646	+1.646	+1.608	+1.871	+1.748	+1.860	+1.876	+1.578	+1.505	+1.533	+1.791	+1.787	+1.777	+1.681	+1.669	+1.676	+1.689	+1.453	+1.539	+1.705	+2.059	+2.401	+8.963	+2.378	+2.212	+2.284	+3.934	+2.256	+9.424	+9.884	+3.942	+2.307	+10.040	+2.033	+2.047	+4.280	+2.147	+1.933	+10.022	+2.087	+2.150	+2.219	+2.142	+2.149	+2.168	+2.013	+1.673	+2.156	+2.390	+1.699	+3.787	+2.191	+1.729	+1.743	+2.124	+1.968	+1.729	+2.051	+2.171	+2.157	+2.066	+1.702	+1.735	+1.735	+1.735	+1.727	+1.701	+1.723	+4.382	+1.731	+2.102	+1.725	+4.831	+3.990	+6.975	+1.727	+2.428	+2.072	+11.700	+2.184	+3.338	+3.264	+7.991	+5.798	+10.716	+10.717	+4.597	+7.564	+10.832	+7.637	+9.345	+9.348	+10.630	+2.607	+7.225	+3.854	+5.746	+3.548	+5.768	+12.064	+6.512	+6.414	+3.569	+12.617	+12.654	+12.654	+12.687	+1.592	+1.513	+1.534	+1.512	+1.494	+1.494	+1.493	+1.507	+1.562	+1.507	+1.554	+1.554	+1.550	+1.828	+1.978	+1.998	+2.014	+2.204	+2.109	+2.038	+2.056	+2.089	+2.066	+3.140	+2.029	+2.034	+2.054	+2.049	+2.037	+2.050	+3.116	+3.156	+2.049	+3.200	+3.194	+3.326	+3.200	+3.221	+1.767	+1.766	+1.739	+1.738	+1.768	+1.768	+3.137	+3.174	+2.308	+1.984	+3.172	+1.762	+1.768	+2.355	+1.931	+1.963	+1.942	+1.555	+2.901	+2.901	+2.897	+1.648	+1.859	+2.863	+1.787	+1.782	+1.772	+1.781	+1.548	+1.862	
rs11594365     +1.529	+1.595	-0.484	+0.719	-0.283	+1.595	+1.855	+0.760	+0.584	+0.352	+1.003	+0.627	+0.957	+0.992	-0.820	-0.676	-0.224	+0.773	+0.761	+0.726	-0.723	-0.743	-0.730	-0.714	-0.965	-0.714	-0.692	-0.873	-0.813	+6.655	-0.818	+0.056	-0.824	+1.135	-0.826	+7.128	+7.610	+1.164	-0.822	+7.769	-0.402	-0.388	+1.554	-0.072	-0.026	+7.751	-0.349	-0.019	+0.006	-0.030	-0.294	-0.000	-0.521	-0.796	-0.020	-0.706	-0.777	+0.326	-0.827	-0.756	-0.750	+0.124	-0.071	-0.756	-0.545	-0.004	-0.021	-0.308	-0.685	-0.753	-0.753	-0.753	-0.756	-0.761	-0.756	+1.706	-0.753	-0.502	-0.755	+2.532	+1.856	+5.091	-0.754	-0.369	-0.547	+9.151	-0.724	+0.737	+0.282	+6.435	+3.479	+9.342	+9.344	+2.295	+5.834	+8.729	+5.911	+8.074	+8.076	+8.513	-0.119	+5.168	+1.434	+3.646	+0.998	+3.671	+9.144	+4.290	+4.191	+1.019	+9.812	+9.853	+9.853	+9.886	-0.886	-0.931	-0.913	-0.914	-0.920	-0.923	-0.924	-0.934	-0.898	-0.929	-0.909	-0.910	-0.911	-0.480	-0.460	-0.440	-0.426	-0.295	-0.336	-0.404	-0.387	-0.357	-0.380	+0.277	-0.413	-0.409	-0.389	-0.396	-0.408	-0.400	+0.257	+0.285	-0.402	+0.320	+0.318	+0.427	+0.324	+0.340	-0.663	-0.664	-0.690	-0.691	-0.663	-0.663	+0.274	+0.305	-0.131	-0.463	+0.302	-0.669	-0.662	-0.087	-0.513	-0.482	-0.501	-0.898	+0.366	+0.366	+0.362	-0.860	-0.645	+0.333	-0.589	-0.594	-0.701	-0.595	-0.900	-0.643	
rs9423333      +1.582	+1.642	+0.719	+0.893	+0.458	+1.656	+1.911	+0.820	+0.743	+0.635	+1.222	+0.976	+1.196	+1.221	+0.462	+0.399	+0.488	+1.068	+1.060	+1.039	+0.585	+0.567	+0.579	+0.595	+0.335	+0.411	+0.617	+0.896	+0.738	+8.090	+0.731	+1.092	+0.699	+2.862	+0.687	+8.563	+9.036	+2.859	+0.711	+9.198	+1.022	+1.037	+3.157	+1.234	+1.006	+9.176	+1.081	+1.032	+1.313	+1.024	+1.146	+1.049	+0.814	+0.534	+1.036	+0.983	+0.557	+1.933	+0.660	+0.590	+0.603	+1.096	+0.932	+0.590	+0.848	+1.050	+1.037	+0.946	+0.604	+0.595	+0.595	+0.595	+0.589	+0.570	+0.586	+3.056	+0.592	+0.892	+0.588	+3.561	+2.882	+5.816	+0.589	+1.043	+1.039	+10.752	+0.763	+1.985	+1.747	+7.007	+4.444	+10.067	+10.068	+3.315	+6.756	+9.934	+6.829	+8.767	+8.769	+9.727	+1.215	+5.926	+2.548	+4.480	+2.185	+4.504	+10.773	+5.131	+5.030	+2.205	+11.366	+11.405	+11.405	+11.438	+0.445	+0.387	+0.407	+0.397	+0.388	+0.386	+0.385	+0.383	+0.426	+0.386	+0.417	+0.417	+0.415	+0.777	+0.896	+0.916	+0.931	+1.060	+1.028	+0.956	+0.974	+1.006	+0.986	+1.856	+0.945	+0.954	+0.970	+0.969	+0.956	+0.961	+1.834	+1.867	+0.960	+1.908	+1.906	+2.032	+1.912	+1.931	+0.636	+0.635	+0.607	+0.607	+0.636	+0.636	+1.853	+1.887	+1.140	+0.897	+1.885	+0.631	+0.637	+1.183	+0.838	+0.870	+0.848	+0.435	+1.685	+1.685	+1.681	+0.508	+0.708	+1.650	+0.666	+0.662	+0.651	+0.660	+0.430	+0.710	
rs10794614     +1.458	+1.519	-0.283	+0.458	+0.074	+1.517	+1.768	+0.503	+0.439	+0.270	+0.962	+0.659	+0.924	+0.954	-0.091	-0.216	-0.058	+0.779	+0.769	+0.739	-0.146	-0.170	-0.154	-0.132	-0.325	-0.307	-0.104	+0.750	-0.218	+8.145	-0.222	+0.840	-0.233	+3.055	-0.238	+8.596	+9.090	+2.946	-0.227	+9.257	+0.241	+0.257	+3.205	+0.775	+0.785	+9.238	+0.301	+0.748	+0.871	+0.734	+0.364	+0.767	-0.066	-0.273	+0.747	-0.122	-0.258	+1.159	-0.250	-0.216	-0.209	+1.102	+0.842	-0.216	-0.047	+0.767	+0.747	+0.234	-0.105	-0.213	-0.213	-0.213	-0.217	-0.222	-0.216	+2.846	-0.213	-0.008	-0.215	+3.833	+3.449	+6.008	-0.214	+0.442	+0.015	+10.479	-0.126	+2.046	+1.465	+7.536	+4.323	+10.373	+10.375	+4.016	+7.241	+10.105	+7.322	+9.192	+9.194	+9.875	+0.786	+6.342	+2.987	+4.814	+1.694	+4.841	+10.432	+5.380	+5.269	+1.716	+11.090	+11.129	+11.129	+11.162	-0.347	-0.398	-0.378	-0.379	-0.383	-0.386	-0.387	-0.399	-0.365	-0.395	-0.374	-0.374	-0.376	-0.003	+0.099	+0.120	+0.133	+0.270	+0.227	+0.157	+0.174	+0.204	+0.182	+0.891	+0.146	+0.151	+0.170	+0.165	+0.153	+0.162	+0.871	+0.900	+0.160	+0.937	+0.937	+1.050	+0.943	+0.961	-0.144	-0.146	-0.172	-0.173	-0.144	-0.144	+0.890	+0.922	+0.361	+0.097	+0.919	-0.149	-0.143	+0.404	+0.042	+0.075	+0.054	-0.360	+0.833	+0.833	+0.829	-0.307	-0.108	+0.801	-0.076	-0.081	-0.163	-0.082	-0.363	-0.106	
rs6599693      +1.982	+2.014	+1.595	+1.656	+1.517	+2.083	+2.231	+1.654	+1.675	+1.596	+1.872	+1.749	+1.862	+1.878	+1.583	+1.516	+1.529	+1.792	+1.788	+1.778	+1.684	+1.671	+1.679	+1.692	+1.450	+1.539	+1.709	+2.101	+2.316	+8.916	+2.299	+2.208	+2.214	+3.939	+2.188	+9.371	+9.833	+3.946	+2.237	+9.990	+2.029	+2.043	+4.275	+2.159	+1.958	+9.971	+2.082	+2.146	+2.231	+2.138	+2.144	+2.164	+2.006	+1.671	+2.152	+2.367	+1.699	+3.692	+2.130	+1.729	+1.745	+2.134	+1.977	+1.729	+2.044	+2.168	+2.154	+2.069	+1.709	+1.735	+1.735	+1.735	+1.727	+1.702	+1.723	+4.305	+1.731	+2.092	+1.725	+4.772	+3.952	+6.886	+1.727	+2.383	+2.100	+11.631	+2.128	+3.279	+3.196	+7.925	+5.699	+10.610	+10.611	+4.548	+7.479	+10.698	+7.551	+9.262	+9.264	+10.496	+2.560	+7.139	+3.808	+5.654	+3.484	+5.674	+11.914	+6.398	+6.292	+3.505	+12.471	+12.508	+12.508	+12.540	+1.592	+1.513	+1.535	+1.513	+1.496	+1.495	+1.495	+1.508	+1.561	+1.507	+1.554	+1.554	+1.551	+1.846	+1.991	+2.012	+2.028	+2.217	+2.124	+2.052	+2.071	+2.104	+2.084	+3.117	+2.043	+2.051	+2.069	+2.066	+2.055	+2.064	+3.094	+3.132	+2.062	+3.175	+3.171	+3.302	+3.175	+3.197	+1.773	+1.772	+1.744	+1.743	+1.774	+1.774	+3.112	+3.150	+2.322	+1.999	+3.147	+1.768	+1.774	+2.368	+1.944	+1.975	+1.953	+1.555	+2.892	+2.892	+2.888	+1.639	+1.869	+2.854	+1.787	+1.782	+1.780	+1.781	+1.548	+1.872	
rs7079067      +2.155	+2.176	+1.855	+1.911	+1.768	+2.231	+2.355	+1.924	+1.987	+1.827	+2.065	+1.982	+2.057	+2.070	+1.849	+1.793	+1.775	+2.015	+2.012	+2.004	+1.945	+1.932	+1.940	+1.953	+1.712	+1.807	+1.969	+2.428	+2.634	+9.208	+2.616	+2.447	+2.525	+4.259	+2.498	+9.663	+10.128	+4.261	+2.549	+10.285	+2.291	+2.305	+4.589	+2.444	+2.214	+10.266	+2.344	+2.386	+2.517	+2.378	+2.406	+2.404	+2.274	+1.934	+2.393	+2.661	+1.962	+3.980	+2.436	+1.993	+2.010	+2.398	+2.240	+1.993	+2.315	+2.408	+2.394	+2.359	+1.987	+2.000	+1.999	+1.999	+1.991	+1.964	+1.988	+4.549	+1.995	+2.364	+1.989	+5.055	+4.226	+7.143	+1.991	+2.653	+2.367	+11.926	+2.423	+3.528	+3.459	+8.173	+5.918	+10.851	+10.853	+4.845	+7.745	+10.973	+7.818	+9.499	+9.502	+10.773	+2.826	+7.423	+4.107	+5.934	+3.732	+5.953	+12.222	+6.685	+6.579	+3.753	+12.774	+12.811	+12.811	+12.843	+1.851	+1.772	+1.795	+1.773	+1.755	+1.755	+1.754	+1.767	+1.821	+1.766	+1.814	+1.814	+1.811	+2.091	+2.253	+2.274	+2.290	+2.482	+2.387	+2.314	+2.333	+2.367	+2.347	+3.402	+2.305	+2.314	+2.331	+2.329	+2.317	+2.327	+3.379	+3.417	+2.325	+3.461	+3.457	+3.589	+3.461	+3.483	+2.033	+2.032	+2.004	+2.003	+2.034	+2.034	+3.397	+3.435	+2.579	+2.262	+3.432	+2.028	+2.035	+2.626	+2.206	+2.238	+2.215	+1.818	+3.151	+3.151	+3.146	+1.906	+2.138	+3.112	+2.040	+2.035	+2.046	+2.034	+1.810	+2.141	
rs6599694      +1.587	+1.646	+0.760	+0.820	+0.503	+1.654	+1.924	+0.946	+0.789	+0.665	+1.231	+1.011	+1.206	+1.231	+0.513	+0.455	+0.528	+1.101	+1.094	+1.073	+0.637	+0.619	+0.631	+0.647	+0.387	+0.463	+0.669	+0.984	+0.796	+8.166	+0.788	+1.133	+0.755	+2.960	+0.743	+8.639	+9.114	+2.953	+0.768	+9.277	+1.080	+1.095	+3.251	+1.317	+1.066	+9.255	+1.139	+1.073	+1.399	+1.065	+1.205	+1.090	+0.869	+0.586	+1.077	+1.040	+0.610	+1.985	+0.715	+0.643	+0.656	+1.158	+0.993	+0.643	+0.904	+1.092	+1.078	+1.021	+0.669	+0.648	+0.648	+0.648	+0.641	+0.623	+0.639	+3.093	+0.645	+0.948	+0.640	+3.630	+2.951	+5.863	+0.642	+1.093	+1.093	+10.823	+0.819	+2.024	+1.789	+7.054	+4.457	+10.121	+10.123	+3.391	+6.818	+9.996	+6.892	+8.823	+8.826	+9.791	+1.262	+5.982	+2.621	+4.538	+2.214	+4.561	+10.842	+5.188	+5.087	+2.234	+11.433	+11.472	+11.472	+11.505	+0.495	+0.437	+0.458	+0.448	+0.440	+0.438	+0.437	+0.434	+0.477	+0.437	+0.468	+0.467	+0.465	+0.819	+0.949	+0.969	+0.984	+1.113	+1.082	+1.009	+1.027	+1.059	+1.039	+1.914	+0.998	+1.007	+1.023	+1.022	+1.009	+1.015	+1.892	+1.925	+1.013	+1.966	+1.964	+2.086	+1.970	+1.989	+0.689	+0.687	+0.660	+0.659	+0.689	+0.689	+1.910	+1.945	+1.192	+0.950	+1.943	+0.684	+0.690	+1.234	+0.891	+0.924	+0.902	+0.487	+1.731	+1.731	+1.727	+0.562	+0.763	+1.697	+0.715	+0.711	+0.706	+0.709	+0.482	+0.766	
rs7894765      +1.584	+1.646	+0.584	+0.743	+0.439	+1.675	+1.987	+0.789	+0.867	+0.621	+1.172	+0.945	+1.145	+1.171	+0.439	+0.371	+0.469	+1.038	+1.030	+1.009	+0.558	+0.541	+0.552	+0.568	+0.310	+0.378	+0.589	+0.870	+0.723	+8.020	+0.715	+1.074	+0.682	+2.797	+0.669	+8.485	+8.958	+2.793	+0.695	+9.119	+1.013	+1.029	+3.088	+1.258	+0.949	+9.099	+1.073	+1.012	+1.340	+1.005	+1.139	+1.030	+0.801	+0.511	+1.016	+0.891	+0.535	+1.952	+0.642	+0.568	+0.581	+1.103	+0.935	+0.568	+0.836	+1.030	+1.017	+0.960	+0.600	+0.573	+0.573	+0.573	+0.566	+0.547	+0.563	+3.060	+0.569	+0.881	+0.565	+3.621	+2.927	+5.895	+0.566	+1.037	+0.931	+10.690	+0.744	+1.979	+1.745	+7.090	+4.459	+9.991	+9.992	+3.377	+6.687	+9.855	+6.761	+8.696	+8.699	+9.649	+1.203	+6.008	+2.590	+4.550	+2.180	+4.573	+10.708	+5.207	+5.105	+2.200	+11.297	+11.337	+11.337	+11.369	+0.421	+0.362	+0.382	+0.372	+0.362	+0.361	+0.360	+0.358	+0.402	+0.361	+0.393	+0.393	+0.391	+0.753	+0.872	+0.892	+0.908	+1.038	+1.006	+0.933	+0.951	+0.984	+0.964	+1.797	+0.922	+0.931	+0.948	+0.946	+0.933	+0.940	+1.776	+1.809	+0.938	+1.849	+1.847	+1.966	+1.852	+1.871	+0.605	+0.604	+0.577	+0.576	+0.606	+0.606	+1.794	+1.828	+1.108	+0.875	+1.826	+0.600	+0.606	+1.151	+0.816	+0.849	+0.827	+0.409	+1.647	+1.647	+1.643	+0.472	+0.692	+1.613	+0.630	+0.625	+0.634	+0.624	+0.403	+0.695	
rs7899141      +1.552	+1.608	+0.352	+0.635	+0.270	+1.596	+1.827	+0.665	+0.621	+0.662	+1.189	+0.936	+1.159	+1.187	+0.779	+0.270	+0.278	+1.039	+1.030	+1.007	+0.394	+0.373	+0.387	+0.407	+0.163	+0.197	+0.432	+1.014	+0.411	+8.099	+0.406	+0.818	+0.384	+3.143	+0.376	+8.582	+9.063	+3.100	+0.393	+9.225	+0.966	+0.984	+3.320	+1.730	+0.997	+9.205	+1.036	+0.761	+1.845	+0.754	+1.109	+0.778	+0.513	+0.294	+0.765	+0.567	+0.311	+1.321	+0.358	+0.359	+0.368	+1.151	+0.954	+0.359	+0.558	+0.779	+0.766	+0.934	+0.544	+0.363	+0.363	+0.363	+0.358	+0.348	+0.358	+2.812	+0.362	+0.597	+0.359	+3.720	+3.183	+5.946	+0.360	+0.660	+0.707	+10.599	+0.473	+1.771	+1.493	+7.268	+4.109	+10.169	+10.171	+3.643	+7.029	+9.970	+7.104	+8.991	+8.994	+9.764	+0.851	+6.139	+2.771	+4.693	+1.735	+4.718	+10.571	+5.267	+5.165	+1.755	+11.186	+11.224	+11.224	+11.257	+0.227	+0.169	+0.188	+0.185	+0.179	+0.176	+0.175	+0.167	+0.203	+0.171	+0.194	+0.193	+0.192	+0.545	+0.716	+0.737	+0.751	+0.893	+0.853	+0.777	+0.795	+0.826	+0.801	+1.525	+0.762	+0.767	+0.789	+0.782	+0.769	+0.780	+1.504	+1.535	+0.778	+1.573	+1.573	+1.687	+1.578	+1.597	+0.404	+0.403	+0.378	+0.377	+0.404	+0.404	+1.522	+1.555	+0.872	+0.709	+1.553	+0.399	+0.405	+0.913	+0.651	+0.685	+0.662	+0.213	+1.394	+1.394	+1.390	+0.272	+0.483	+1.362	+0.432	+0.428	+0.426	+0.427	+0.209	+0.486	
rs34161520     +1.829	+1.871	+1.003	+1.222	+0.962	+1.872	+2.065	+1.231	+1.172	+1.189	+1.389	+1.242	+1.336	+1.348	+0.872	+0.808	+0.996	+1.248	+1.246	+1.238	+1.133	+1.096	+1.120	+1.148	+0.805	+0.847	+1.186	+1.088	+1.721	+7.931	+1.630	+1.613	+1.530	+3.250	+1.506	+8.376	+8.837	+3.278	+1.555	+8.991	+1.209	+1.221	+3.548	+1.418	+1.421	+8.974	+1.255	+1.545	+1.486	+1.536	+1.304	+1.563	+1.094	+0.914	+1.546	+1.649	+0.922	+2.568	+1.442	+0.991	+0.991	+1.602	+1.426	+0.991	+1.128	+1.563	+1.548	+1.227	+0.943	+0.992	+0.992	+0.992	+0.992	+1.004	+0.998	+4.008	+0.997	+1.169	+0.997	+4.565	+3.773	+6.828	+0.997	+1.573	+1.348	+10.972	+1.538	+2.867	+2.856	+7.911	+5.336	+10.682	+10.683	+4.289	+7.219	+11.024	+7.294	+9.145	+9.147	+10.809	+2.049	+7.143	+3.641	+5.314	+3.041	+5.331	+10.951	+6.192	+6.092	+3.065	+11.497	+11.534	+11.534	+11.567	+0.888	+0.814	+0.833	+0.818	+0.804	+0.803	+0.802	+0.809	+0.856	+0.810	+0.850	+0.850	+0.846	+1.183	+1.315	+1.336	+1.352	+1.552	+1.451	+1.377	+1.397	+1.431	+1.407	+2.360	+1.367	+1.372	+1.395	+1.388	+1.375	+1.389	+2.337	+2.376	+1.387	+2.417	+2.412	+2.539	+2.419	+2.440	+1.105	+1.104	+1.075	+1.074	+1.105	+1.105	+2.360	+2.396	+1.677	+1.319	+2.394	+1.099	+1.106	+1.727	+1.262	+1.297	+1.275	+0.855	+2.194	+2.193	+2.189	+0.957	+1.188	+2.157	+1.117	+1.112	+1.094	+1.110	+0.849	+1.191	
rs78971453     +1.696	+1.748	+0.627	+0.976	+0.659	+1.749	+1.982	+1.011	+0.945	+0.936	+1.242	+1.005	+1.209	+1.245	+0.512	+0.469	+0.697	+1.070	+1.057	+1.023	+0.752	+0.718	+0.740	+0.767	+0.429	+0.477	+0.803	+0.679	+1.208	+7.528	+1.133	+1.279	+1.052	+2.797	+1.031	+7.976	+8.436	+2.830	+1.073	+8.590	+0.857	+0.869	+3.110	+1.054	+1.075	+8.572	+0.903	+1.210	+1.122	+1.201	+0.953	+1.228	+0.746	+0.555	+1.211	+1.204	+0.564	+2.161	+0.975	+0.628	+0.629	+1.248	+1.072	+0.628	+0.774	+1.227	+1.212	+0.868	+0.582	+0.629	+0.629	+0.629	+0.629	+0.638	+0.634	+3.584	+0.633	+0.820	+0.633	+4.144	+3.342	+6.429	+0.633	+1.187	+0.974	+10.568	+1.073	+2.461	+2.414	+7.529	+4.979	+10.304	+10.305	+3.857	+6.835	+10.565	+6.910	+8.793	+8.796	+10.349	+1.633	+6.706	+3.173	+4.913	+2.638	+4.931	+10.552	+5.767	+5.668	+2.662	+11.108	+11.144	+11.144	+11.177	+0.526	+0.454	+0.473	+0.458	+0.444	+0.443	+0.442	+0.449	+0.495	+0.450	+0.489	+0.488	+0.485	+0.840	+0.951	+0.972	+0.988	+1.180	+1.086	+1.012	+1.032	+1.065	+1.041	+1.939	+1.002	+1.007	+1.029	+1.022	+1.010	+1.022	+1.917	+1.953	+1.021	+1.993	+1.990	+2.114	+1.997	+2.017	+0.737	+0.735	+0.707	+0.706	+0.737	+0.737	+1.939	+1.975	+1.303	+0.953	+1.972	+0.730	+0.737	+1.352	+0.897	+0.932	+0.910	+0.490	+1.825	+1.825	+1.820	+0.577	+0.814	+1.788	+0.757	+0.752	+0.725	+0.751	+0.485	+0.817	
rs76293736     +1.817	+1.860	+0.957	+1.196	+0.924	+1.862	+2.057	+1.206	+1.145	+1.159	+1.336	+1.209	+1.340	+1.345	+0.825	+0.763	+0.957	+1.222	+1.218	+1.210	+1.083	+1.047	+1.071	+1.098	+0.761	+0.801	+1.136	+1.041	+1.670	+7.866	+1.579	+1.572	+1.481	+3.214	+1.457	+8.312	+8.774	+3.243	+1.504	+8.928	+1.162	+1.175	+3.514	+1.375	+1.383	+8.911	+1.208	+1.504	+1.443	+1.494	+1.258	+1.522	+1.049	+0.867	+1.505	+1.601	+0.875	+2.528	+1.392	+0.944	+0.944	+1.564	+1.386	+0.944	+1.082	+1.521	+1.506	+1.185	+0.898	+0.945	+0.945	+0.945	+0.945	+0.957	+0.951	+3.965	+0.950	+1.123	+0.950	+4.534	+3.738	+6.794	+0.950	+1.530	+1.301	+10.952	+1.487	+2.825	+2.815	+7.877	+5.292	+10.653	+10.655	+4.256	+7.185	+10.999	+7.260	+9.114	+9.116	+10.783	+2.006	+7.109	+3.605	+5.277	+2.993	+5.295	+10.935	+6.158	+6.057	+3.017	+11.481	+11.518	+11.518	+11.551	+0.841	+0.768	+0.787	+0.771	+0.757	+0.756	+0.755	+0.763	+0.809	+0.763	+0.803	+0.803	+0.800	+1.142	+1.269	+1.290	+1.306	+1.506	+1.405	+1.330	+1.351	+1.384	+1.360	+2.304	+1.320	+1.325	+1.347	+1.340	+1.328	+1.342	+2.281	+2.318	+1.340	+2.359	+2.356	+2.482	+2.363	+2.384	+1.056	+1.054	+1.025	+1.024	+1.056	+1.056	+2.304	+2.341	+1.625	+1.271	+2.338	+1.049	+1.056	+1.675	+1.215	+1.250	+1.227	+0.807	+2.146	+2.146	+2.142	+0.905	+1.141	+2.110	+1.067	+1.062	+1.047	+1.061	+0.801	+1.144	
rs35700751     +1.834	+1.876	+0.992	+1.221	+0.954	+1.878	+2.070	+1.231	+1.171	+1.187	+1.348	+1.245	+1.345	+1.376	+0.859	+0.795	+0.986	+1.255	+1.253	+1.247	+1.118	+1.082	+1.105	+1.133	+0.797	+0.836	+1.172	+1.078	+1.724	+7.894	+1.630	+1.605	+1.530	+3.253	+1.505	+8.341	+8.803	+3.283	+1.553	+8.957	+1.193	+1.205	+3.552	+1.404	+1.414	+8.939	+1.239	+1.537	+1.472	+1.528	+1.288	+1.555	+1.080	+0.900	+1.538	+1.647	+0.908	+2.568	+1.439	+0.977	+0.978	+1.595	+1.418	+0.978	+1.114	+1.554	+1.540	+1.215	+0.929	+0.979	+0.979	+0.979	+0.979	+0.991	+0.985	+4.007	+0.984	+1.155	+0.984	+4.577	+3.777	+6.835	+0.984	+1.565	+1.336	+10.987	+1.531	+2.867	+2.863	+7.914	+5.333	+10.688	+10.690	+4.297	+7.218	+11.046	+7.293	+9.143	+9.146	+10.830	+2.047	+7.154	+3.649	+5.316	+3.034	+5.334	+10.978	+6.201	+6.101	+3.058	+11.522	+11.559	+11.559	+11.592	+0.875	+0.801	+0.820	+0.804	+0.790	+0.789	+0.788	+0.796	+0.843	+0.796	+0.837	+0.836	+0.833	+1.174	+1.304	+1.325	+1.341	+1.541	+1.440	+1.365	+1.385	+1.419	+1.394	+2.338	+1.354	+1.360	+1.382	+1.375	+1.362	+1.376	+2.315	+2.352	+1.374	+2.393	+2.390	+2.517	+2.397	+2.418	+1.088	+1.086	+1.058	+1.057	+1.088	+1.088	+2.338	+2.375	+1.657	+1.306	+2.372	+1.081	+1.088	+1.707	+1.249	+1.284	+1.262	+0.841	+2.181	+2.180	+2.176	+0.938	+1.176	+2.144	+1.098	+1.093	+1.082	+1.092	+0.835	+1.179	
rs12264884     +1.513	+1.578	-0.820	+0.462	-0.091	+1.583	+1.849	+0.513	+0.439	+0.779	+0.872	+0.512	+0.825	+0.859	-0.487	-0.561	-0.004	+0.651	+0.639	+0.606	-0.729	-0.749	-0.737	-0.720	-0.932	-0.718	-0.698	-0.900	-0.809	+6.380	-0.813	+0.117	-0.820	+1.060	-0.823	+6.840	+7.311	+1.095	-0.818	+7.465	-0.438	-0.425	+1.481	-0.108	-0.066	+7.448	-0.388	+0.038	-0.029	+0.027	-0.334	+0.057	-0.489	-0.788	+0.037	-0.692	-0.767	+0.534	-0.825	-0.755	-0.749	+0.094	-0.100	-0.755	-0.526	+0.054	+0.036	-0.340	-0.707	-0.752	-0.752	-0.752	-0.756	-0.762	-0.756	+1.720	-0.753	-0.479	-0.755	+2.498	+1.837	+5.048	-0.754	-0.290	-0.569	+9.021	-0.717	+0.771	+0.319	+6.397	+3.636	+9.207	+9.208	+2.268	+5.729	+8.617	+5.805	+7.930	+7.933	+8.402	-0.039	+5.137	+1.405	+3.599	+1.171	+3.623	+9.001	+4.263	+4.164	+1.192	+9.658	+9.698	+9.698	+9.731	-0.888	-0.933	-0.915	-0.917	-0.923	-0.926	-0.927	-0.936	-0.900	-0.931	-0.911	-0.911	-0.913	-0.481	-0.481	-0.462	-0.448	-0.308	-0.360	-0.426	-0.410	-0.379	-0.401	+0.269	-0.433	-0.430	-0.410	-0.417	-0.429	-0.421	+0.250	+0.279	-0.423	+0.314	+0.311	+0.418	+0.316	+0.333	-0.658	-0.660	-0.686	-0.687	-0.658	-0.658	+0.267	+0.297	-0.111	-0.482	+0.295	-0.664	-0.657	-0.066	-0.531	-0.500	-0.519	-0.901	+0.383	+0.383	+0.379	-0.862	-0.644	+0.349	-0.584	-0.589	-0.706	-0.591	-0.903	-0.642	
rs11248509     +1.440	+1.505	-0.676	+0.399	-0.216	+1.516	+1.793	+0.455	+0.371	+0.270	+0.808	+0.469	+0.763	+0.795	-0.561	-0.321	-0.042	+0.600	+0.589	+0.557	-0.591	-0.605	-0.597	-0.584	-0.715	-0.662	-0.567	+0.350	-0.620	+7.950	-0.624	+0.350	-0.634	+2.039	-0.638	+8.397	+8.896	+1.967	-0.629	+9.068	-0.192	-0.178	+2.563	+0.228	+0.258	+9.046	-0.137	+0.266	+0.314	+0.253	-0.078	+0.284	-0.327	-0.628	+0.266	-0.487	-0.608	+0.909	-0.645	-0.597	-0.591	+0.525	+0.301	-0.597	-0.376	+0.285	+0.266	-0.030	-0.461	-0.594	-0.594	-0.594	-0.597	-0.602	-0.596	+2.203	-0.594	-0.335	-0.596	+3.618	+2.619	+5.822	-0.595	-0.041	-0.388	+10.293	-0.525	+1.384	+0.840	+7.000	+3.921	+10.236	+10.239	+3.438	+6.624	+9.944	+6.705	+8.588	+8.590	+9.710	+0.281	+6.189	+2.499	+4.295	+1.234	+4.317	+10.260	+5.179	+5.066	+1.255	+10.928	+10.972	+10.972	+11.005	-0.723	-0.774	-0.755	-0.757	-0.761	-0.764	-0.766	-0.776	-0.740	-0.771	-0.751	-0.751	-0.753	-0.365	-0.291	-0.271	-0.258	-0.122	-0.166	-0.235	-0.218	-0.187	-0.210	+0.471	-0.244	-0.240	-0.220	-0.226	-0.239	-0.231	+0.451	+0.480	-0.232	+0.516	+0.514	+0.622	+0.520	+0.537	-0.500	-0.501	-0.528	-0.529	-0.500	-0.500	+0.468	+0.499	+0.018	-0.294	+0.497	-0.506	-0.499	+0.061	-0.346	-0.314	-0.334	-0.740	+0.453	+0.453	+0.449	-0.693	-0.491	+0.421	-0.428	-0.433	-0.546	-0.435	-0.742	-0.489	
rs4980285      +1.472	+1.533	-0.224	+0.488	-0.058	+1.529	+1.775	+0.528	+0.469	+0.278	+0.996	+0.697	+0.957	+0.986	-0.004	-0.042	+0.143	+0.813	+0.803	+0.773	-0.080	-0.104	-0.088	-0.066	-0.239	-0.245	-0.038	+1.044	-0.139	+8.422	-0.143	+0.937	-0.155	+3.246	-0.161	+8.867	+9.369	+3.121	-0.148	+9.538	+0.322	+0.337	+3.408	+0.837	+0.877	+9.518	+0.382	+0.843	+0.933	+0.829	+0.446	+0.862	+0.002	-0.207	+0.842	-0.038	-0.191	+1.294	-0.174	-0.149	-0.142	+1.206	+0.953	-0.149	+0.022	+0.862	+0.842	+0.308	-0.034	-0.146	-0.146	-0.146	-0.150	-0.155	-0.149	+2.967	-0.146	+0.061	-0.148	+4.004	+3.604	+6.158	-0.147	+0.555	+0.088	+10.739	-0.047	+2.189	+1.599	+7.677	+4.444	+10.537	+10.540	+4.197	+7.423	+10.305	+7.506	+9.364	+9.366	+10.075	+0.913	+6.501	+3.152	+4.973	+1.811	+5.002	+10.717	+5.537	+5.424	+1.832	+11.376	+11.415	+11.414	+11.448	-0.281	-0.332	-0.312	-0.313	-0.316	-0.319	-0.321	-0.334	-0.299	-0.329	-0.308	-0.308	-0.310	+0.063	+0.169	+0.190	+0.203	+0.341	+0.297	+0.227	+0.244	+0.274	+0.252	+0.964	+0.215	+0.220	+0.239	+0.234	+0.222	+0.231	+0.944	+0.973	+0.229	+1.011	+1.010	+1.122	+1.016	+1.034	-0.074	-0.075	-0.101	-0.102	-0.073	-0.073	+0.963	+0.995	+0.430	+0.166	+0.992	-0.079	-0.073	+0.472	+0.111	+0.144	+0.123	-0.294	+0.889	+0.889	+0.885	-0.237	-0.041	+0.857	-0.007	-0.012	-0.095	-0.013	-0.297	-0.039	
rs78172871     +1.742	+1.791	+0.773	+1.068	+0.779	+1.792	+2.015	+1.101	+1.038	+1.039	+1.248	+1.070	+1.222	+1.255	+0.651	+0.600	+0.813	+1.156	+1.132	+1.114	+0.898	+0.863	+0.886	+0.913	+0.578	+0.625	+0.950	+0.841	+1.448	+7.665	+1.359	+1.414	+1.267	+2.978	+1.243	+8.113	+8.574	+3.011	+1.290	+8.727	+0.992	+1.004	+3.288	+1.182	+1.203	+8.710	+1.038	+1.345	+1.249	+1.336	+1.087	+1.364	+0.879	+0.694	+1.346	+1.403	+0.702	+2.346	+1.182	+0.769	+0.769	+1.376	+1.201	+0.769	+0.910	+1.362	+1.348	+0.997	+0.716	+0.770	+0.770	+0.770	+0.770	+0.781	+0.776	+3.794	+0.775	+0.952	+0.775	+4.314	+3.519	+6.590	+0.775	+1.350	+1.122	+10.733	+1.275	+2.655	+2.636	+7.681	+5.154	+10.451	+10.452	+4.028	+6.983	+10.760	+7.057	+8.928	+8.930	+10.544	+1.820	+6.881	+3.364	+5.072	+2.822	+5.091	+10.725	+5.938	+5.838	+2.846	+11.273	+11.309	+11.309	+11.343	+0.668	+0.595	+0.613	+0.598	+0.583	+0.582	+0.582	+0.590	+0.636	+0.590	+0.630	+0.630	+0.626	+0.983	+1.095	+1.116	+1.132	+1.327	+1.230	+1.156	+1.176	+1.209	+1.185	+2.104	+1.146	+1.151	+1.173	+1.166	+1.153	+1.167	+2.082	+2.117	+1.165	+2.158	+2.156	+2.282	+2.163	+2.183	+0.879	+0.877	+0.849	+0.848	+0.879	+0.879	+2.104	+2.141	+1.449	+1.097	+2.138	+0.872	+0.879	+1.498	+1.040	+1.075	+1.053	+0.631	+1.974	+1.974	+1.970	+0.722	+0.960	+1.938	+0.897	+0.892	+0.869	+0.891	+0.626	+0.963	
rs34607383     +1.738	+1.787	+0.761	+1.060	+0.769	+1.788	+2.012	+1.094	+1.030	+1.030	+1.246	+1.057	+1.218	+1.253	+0.639	+0.589	+0.803	+1.132	+1.143	+1.105	+0.885	+0.850	+0.873	+0.900	+0.565	+0.613	+0.937	+0.828	+1.430	+7.654	+1.342	+1.403	+1.250	+2.965	+1.227	+8.102	+8.563	+2.998	+1.273	+8.716	+0.980	+0.992	+3.275	+1.171	+1.192	+8.699	+1.026	+1.334	+1.238	+1.324	+1.076	+1.352	+0.868	+0.682	+1.335	+1.387	+0.690	+2.332	+1.166	+0.757	+0.757	+1.365	+1.190	+0.757	+0.898	+1.351	+1.336	+0.985	+0.704	+0.758	+0.758	+0.758	+0.758	+0.769	+0.764	+3.780	+0.763	+0.940	+0.763	+4.301	+3.507	+6.578	+0.763	+1.337	+1.109	+10.721	+1.259	+2.642	+2.621	+7.670	+5.141	+10.440	+10.441	+4.016	+6.972	+10.747	+7.047	+8.918	+8.921	+10.530	+1.806	+6.868	+3.351	+5.061	+2.809	+5.079	+10.712	+5.925	+5.825	+2.833	+11.261	+11.297	+11.297	+11.331	+0.656	+0.583	+0.601	+0.585	+0.571	+0.570	+0.570	+0.577	+0.624	+0.578	+0.618	+0.617	+0.614	+0.971	+1.082	+1.103	+1.119	+1.315	+1.218	+1.143	+1.163	+1.197	+1.173	+2.090	+1.133	+1.139	+1.161	+1.154	+1.141	+1.154	+2.068	+2.103	+1.152	+2.144	+2.142	+2.268	+2.149	+2.169	+0.867	+0.865	+0.836	+0.835	+0.867	+0.867	+2.091	+2.127	+1.436	+1.084	+2.124	+0.860	+0.867	+1.486	+1.028	+1.063	+1.040	+0.619	+1.961	+1.961	+1.957	+0.709	+0.947	+1.925	+0.885	+0.880	+0.857	+0.878	+0.614	+0.950	
rs12773605     +1.728	+1.777	+0.726	+1.039	+0.739	+1.778	+2.004	+1.073	+1.009	+1.007	+1.238	+1.023	+1.210	+1.247	+0.606	+0.557	+0.773	+1.114	+1.105	+1.107	+0.850	+0.816	+0.838	+0.865	+0.532	+0.577	+0.902	+0.793	+1.379	+7.631	+1.293	+1.379	+1.203	+2.936	+1.180	+8.079	+8.540	+2.968	+1.226	+8.694	+0.947	+0.959	+3.247	+1.139	+1.166	+8.676	+0.993	+1.310	+1.206	+1.300	+1.043	+1.328	+0.834	+0.648	+1.311	+1.342	+0.657	+2.300	+1.120	+0.723	+0.723	+1.341	+1.165	+0.723	+0.864	+1.327	+1.312	+0.953	+0.671	+0.724	+0.724	+0.724	+0.724	+0.735	+0.730	+3.744	+0.729	+0.906	+0.729	+4.275	+3.483	+6.555	+0.729	+1.307	+1.072	+10.696	+1.216	+2.615	+2.590	+7.649	+5.117	+10.420	+10.422	+3.991	+6.951	+10.721	+7.025	+8.900	+8.902	+10.504	+1.777	+6.843	+3.323	+5.037	+2.781	+5.055	+10.686	+5.900	+5.800	+2.805	+11.233	+11.270	+11.270	+11.303	+0.621	+0.549	+0.567	+0.552	+0.538	+0.537	+0.536	+0.544	+0.590	+0.544	+0.584	+0.583	+0.580	+0.939	+1.047	+1.068	+1.084	+1.278	+1.182	+1.108	+1.128	+1.161	+1.137	+2.052	+1.098	+1.103	+1.125	+1.118	+1.106	+1.119	+2.030	+2.064	+1.117	+2.106	+2.104	+2.230	+2.111	+2.131	+0.832	+0.830	+0.802	+0.801	+0.832	+0.832	+2.053	+2.089	+1.401	+1.049	+2.086	+0.825	+0.832	+1.450	+0.993	+1.027	+1.005	+0.585	+1.927	+1.927	+1.923	+0.674	+0.912	+1.891	+0.852	+0.847	+0.822	+0.846	+0.580	+0.915	
rs4553307      +1.618	+1.681	-0.723	+0.585	-0.146	+1.684	+1.945	+0.637	+0.558	+0.394	+1.133	+0.752	+1.083	+1.118	-0.729	-0.591	-0.080	+0.898	+0.885	+0.850	-0.364	-0.490	-0.484	-0.486	-0.859	-0.628	-0.469	-0.748	-0.704	+6.947	-0.708	+0.165	-0.715	+1.172	-0.717	+7.412	+7.894	+1.204	-0.713	+8.053	-0.320	-0.307	+1.671	-0.012	+0.047	+8.035	-0.269	+0.089	+0.065	+0.079	-0.215	+0.108	-0.250	-0.663	+0.090	-0.567	-0.640	+0.685	-0.718	-0.649	-0.643	+0.217	+0.022	-0.649	-0.389	+0.106	+0.089	-0.061	-0.551	-0.646	-0.646	-0.646	-0.649	-0.652	-0.648	+1.799	-0.646	-0.344	-0.647	+2.898	+1.934	+5.485	-0.647	-0.269	-0.463	+9.344	-0.615	+0.838	+0.381	+6.554	+3.669	+9.569	+9.571	+2.466	+5.867	+8.954	+5.944	+8.021	+8.024	+8.737	-0.009	+5.556	+1.591	+3.851	+1.095	+3.872	+9.541	+4.773	+4.669	+1.116	+10.223	+10.269	+10.269	+10.303	-0.771	-0.822	-0.804	-0.809	-0.816	-0.819	-0.820	-0.825	-0.786	-0.820	-0.798	-0.799	-0.801	-0.378	-0.354	-0.334	-0.319	-0.178	-0.228	-0.297	-0.280	-0.248	-0.272	+0.387	-0.305	-0.302	-0.281	-0.289	-0.301	-0.292	+0.368	+0.396	-0.294	+0.431	+0.429	+0.537	+0.435	+0.451	-0.543	-0.544	-0.571	-0.572	-0.542	-0.543	+0.384	+0.415	+0.004	-0.356	+0.412	-0.549	-0.542	+0.049	-0.406	-0.374	-0.394	-0.791	+0.493	+0.493	+0.489	-0.758	-0.538	+0.460	-0.463	-0.468	-0.597	-0.470	-0.793	-0.536	
rs913521       +1.605	+1.669	-0.743	+0.567	-0.170	+1.671	+1.932	+0.619	+0.541	+0.373	+1.096	+0.718	+1.047	+1.082	-0.749	-0.605	-0.104	+0.863	+0.850	+0.816	-0.490	-0.387	-0.488	-0.483	-0.878	-0.636	-0.456	-0.772	-0.725	+6.879	-0.729	+0.145	-0.736	+1.159	-0.738	+7.343	+7.824	+1.192	-0.733	+7.982	-0.340	-0.326	+1.642	-0.028	+0.032	+7.964	-0.288	+0.070	+0.049	+0.059	-0.234	+0.089	-0.288	-0.687	+0.070	-0.592	-0.665	+0.641	-0.739	-0.669	-0.664	+0.200	+0.005	-0.669	-0.415	+0.086	+0.069	-0.098	-0.575	-0.667	-0.667	-0.667	-0.670	-0.673	-0.668	+1.784	-0.666	-0.370	-0.668	+2.852	+1.924	+5.433	-0.668	-0.287	-0.483	+9.296	-0.636	+0.821	+0.364	+6.532	+3.639	+9.522	+9.523	+2.439	+5.845	+8.909	+5.922	+8.004	+8.007	+8.693	-0.028	+5.509	+1.565	+3.817	+1.078	+3.838	+9.473	+4.721	+4.616	+1.099	+10.154	+10.200	+10.200	+10.234	-0.792	-0.843	-0.825	-0.829	-0.836	-0.838	-0.840	-0.846	-0.807	-0.841	-0.819	-0.820	-0.822	-0.398	-0.376	-0.356	-0.341	-0.201	-0.251	-0.319	-0.302	-0.271	-0.294	+0.365	-0.327	-0.324	-0.303	-0.311	-0.323	-0.314	+0.345	+0.373	-0.316	+0.408	+0.406	+0.514	+0.412	+0.428	-0.565	-0.567	-0.593	-0.594	-0.565	-0.565	+0.361	+0.392	-0.020	-0.378	+0.390	-0.571	-0.564	+0.025	-0.428	-0.395	-0.415	-0.812	+0.468	+0.468	+0.464	-0.778	-0.558	+0.435	-0.486	-0.491	-0.617	-0.493	-0.813	-0.556	
rs943877       +1.613	+1.676	-0.730	+0.579	-0.154	+1.679	+1.940	+0.631	+0.552	+0.387	+1.120	+0.740	+1.071	+1.105	-0.737	-0.597	-0.088	+0.886	+0.873	+0.838	-0.484	-0.488	-0.372	-0.479	-0.865	-0.631	-0.458	-0.756	-0.712	+6.921	-0.716	+0.157	-0.722	+1.166	-0.725	+7.385	+7.866	+1.198	-0.720	+8.025	-0.328	-0.314	+1.659	-0.018	+0.041	+8.007	-0.277	+0.082	+0.058	+0.071	-0.223	+0.101	-0.262	-0.672	+0.082	-0.575	-0.649	+0.671	-0.726	-0.656	-0.651	+0.210	+0.015	-0.656	-0.398	+0.098	+0.081	-0.072	-0.560	-0.654	-0.654	-0.654	-0.657	-0.659	-0.655	+1.793	-0.653	-0.353	-0.655	+2.884	+1.929	+5.469	-0.654	-0.276	-0.471	+9.322	-0.623	+0.831	+0.374	+6.546	+3.659	+9.552	+9.554	+2.457	+5.859	+8.937	+5.935	+8.014	+8.017	+8.721	-0.016	+5.540	+1.581	+3.840	+1.088	+3.861	+9.512	+4.757	+4.652	+1.109	+10.194	+10.240	+10.240	+10.274	-0.779	-0.829	-0.812	-0.816	-0.824	-0.826	-0.827	-0.833	-0.794	-0.828	-0.806	-0.806	-0.808	-0.385	-0.362	-0.342	-0.328	-0.186	-0.237	-0.305	-0.288	-0.257	-0.281	+0.380	-0.313	-0.310	-0.289	-0.297	-0.309	-0.300	+0.360	+0.389	-0.302	+0.423	+0.422	+0.529	+0.427	+0.444	-0.551	-0.553	-0.579	-0.580	-0.551	-0.551	+0.377	+0.407	-0.005	-0.364	+0.405	-0.557	-0.550	+0.041	-0.414	-0.382	-0.402	-0.799	+0.484	+0.484	+0.480	-0.765	-0.545	+0.451	-0.471	-0.476	-0.604	-0.478	-0.800	-0.543	
rs72834806     +1.626	+1.689	-0.714	+0.595	-0.132	+1.692	+1.953	+0.647	+0.568	+0.407	+1.148	+0.767	+1.098	+1.133	-0.720	-0.584	-0.066	+0.913	+0.900	+0.865	-0.486	-0.483	-0.479	-0.352	-0.849	-0.623	-0.441	-0.734	-0.694	+6.980	-0.698	+0.174	-0.705	+1.175	-0.707	+7.443	+7.926	+1.207	-0.702	+8.086	-0.312	-0.298	+1.681	-0.005	+0.053	+8.067	-0.261	+0.098	+0.071	+0.088	-0.207	+0.117	-0.224	-0.651	+0.098	-0.553	-0.628	+0.716	-0.708	-0.639	-0.634	+0.224	+0.030	-0.639	-0.373	+0.115	+0.098	-0.038	-0.539	-0.636	-0.636	-0.636	-0.639	-0.642	-0.638	+1.806	-0.636	-0.328	-0.637	+2.928	+1.937	+5.519	-0.637	-0.261	-0.455	+9.356	-0.605	+0.845	+0.388	+6.566	+3.688	+9.593	+9.594	+2.482	+5.876	+8.974	+5.953	+8.028	+8.031	+8.757	-0.000	+5.588	+1.603	+3.872	+1.102	+3.893	+9.569	+4.814	+4.709	+1.123	+10.251	+10.297	+10.298	+10.332	-0.760	-0.812	-0.794	-0.799	-0.806	-0.809	-0.810	-0.815	-0.776	-0.810	-0.788	-0.788	-0.790	-0.369	-0.343	-0.323	-0.309	-0.167	-0.218	-0.286	-0.269	-0.238	-0.262	+0.399	-0.294	-0.292	-0.270	-0.278	-0.290	-0.282	+0.379	+0.408	-0.283	+0.442	+0.440	+0.548	+0.446	+0.462	-0.533	-0.534	-0.561	-0.562	-0.532	-0.532	+0.396	+0.426	+0.015	-0.345	+0.424	-0.538	-0.532	+0.061	-0.396	-0.363	-0.383	-0.781	+0.506	+0.506	+0.502	-0.748	-0.528	+0.472	-0.452	-0.457	-0.587	-0.459	-0.783	-0.526	
rs1328600      +1.388	+1.453	-0.965	+0.335	-0.325	+1.450	+1.712	+0.387	+0.310	+0.163	+0.805	+0.429	+0.761	+0.797	-0.932	-0.715	-0.239	+0.578	+0.565	+0.532	-0.859	-0.878	-0.865	-0.849	-0.628	-0.784	-0.827	-0.815	-0.933	+7.242	-0.938	+0.004	-0.945	+1.330	-0.948	+7.686	+8.162	+1.295	-0.942	+8.329	-0.566	-0.552	+1.803	-0.235	-0.039	+8.310	-0.515	-0.078	-0.158	-0.090	-0.461	-0.060	-0.661	-0.934	-0.080	-0.793	-0.916	+0.376	-0.951	-0.890	-0.885	+0.136	-0.084	-0.890	-0.690	-0.063	-0.080	-0.428	-0.819	-0.887	-0.887	-0.887	-0.890	-0.891	-0.888	+1.736	-0.887	-0.647	-0.888	+3.097	+2.132	+5.369	-0.888	-0.461	-0.689	+9.419	-0.845	+0.869	+0.356	+6.722	+3.554	+10.066	+10.068	+3.010	+6.429	+9.809	+6.515	+8.520	+8.523	+9.553	-0.115	+5.643	+1.804	+3.923	+0.913	+3.950	+9.413	+4.672	+4.561	+0.934	+10.058	+10.100	+10.100	+10.135	-1.019	-1.066	-1.049	-1.050	-1.056	-1.058	-1.060	-1.069	-1.034	-1.064	-1.044	-1.045	-1.046	-0.625	-0.602	-0.582	-0.568	-0.434	-0.479	-0.546	-0.530	-0.499	-0.522	+0.135	-0.554	-0.551	-0.531	-0.538	-0.550	-0.542	+0.115	+0.144	-0.543	+0.178	+0.176	+0.283	+0.182	+0.198	-0.796	-0.797	-0.823	-0.824	-0.795	-0.795	+0.132	+0.163	-0.264	-0.604	+0.161	-0.801	-0.795	-0.219	-0.653	-0.622	-0.641	-1.033	+0.210	+0.210	+0.206	-0.995	-0.784	+0.178	-0.718	-0.723	-0.841	-0.724	-1.035	-0.782	
rs7919129      +1.467	+1.539	-0.714	+0.411	-0.307	+1.539	+1.807	+0.463	+0.378	+0.197	+0.847	+0.477	+0.801	+0.836	-0.718	-0.662	-0.245	+0.625	+0.613	+0.577	-0.628	-0.636	-0.631	-0.623	-0.784	-0.360	-0.612	-0.517	-0.603	+7.154	-0.608	+0.077	-0.625	+1.228	-0.631	+7.623	+8.108	+1.239	-0.618	+8.271	-0.372	-0.359	+1.737	-0.088	-0.025	+8.252	-0.325	+0.006	-0.016	-0.003	-0.275	+0.025	-0.308	-0.672	+0.007	-0.313	-0.652	+0.838	-0.644	-0.640	-0.637	+0.123	-0.061	-0.640	-0.397	+0.023	+0.007	-0.129	-0.578	-0.638	-0.638	-0.638	-0.639	-0.636	-0.636	+1.964	-0.636	-0.353	-0.636	+3.023	+1.962	+5.388	-0.636	-0.250	-0.367	+9.636	-0.535	+0.925	+0.580	+6.523	+3.705	+9.721	+9.722	+2.614	+5.994	+9.618	+6.071	+8.126	+8.129	+9.369	+0.061	+5.465	+1.653	+3.804	+1.079	+3.829	+9.677	+4.614	+4.509	+1.099	+10.296	+10.340	+10.340	+10.375	-0.744	-0.803	-0.787	-0.796	-0.807	-0.808	-0.809	-0.808	-0.765	-0.804	-0.776	-0.777	-0.779	-0.392	-0.337	-0.318	-0.304	-0.174	-0.213	-0.281	-0.264	-0.232	-0.253	+0.481	-0.289	-0.283	-0.265	-0.270	-0.282	-0.275	+0.461	+0.491	-0.277	+0.527	+0.525	+0.637	+0.531	+0.549	-0.520	-0.522	-0.550	-0.551	-0.520	-0.520	+0.479	+0.510	+0.027	-0.337	+0.509	-0.526	-0.520	+0.072	-0.389	-0.357	-0.377	-0.779	+0.479	+0.479	+0.475	-0.727	-0.521	+0.446	-0.451	-0.456	-0.577	-0.458	-0.781	-0.519	
rs72834811     +1.642	+1.705	-0.692	+0.617	-0.104	+1.709	+1.969	+0.669	+0.589	+0.432	+1.186	+0.803	+1.136	+1.172	-0.698	-0.567	-0.038	+0.950	+0.937	+0.902	-0.469	-0.456	-0.458	-0.441	-0.827	-0.612	-0.326	-0.705	-0.671	+7.047	-0.674	+0.195	-0.681	+1.188	-0.683	+7.510	+7.994	+1.218	-0.679	+8.154	-0.291	-0.277	+1.709	+0.012	+0.069	+8.136	-0.240	+0.120	+0.088	+0.109	-0.186	+0.139	-0.178	-0.625	+0.120	-0.524	-0.601	+0.770	-0.685	-0.616	-0.610	+0.242	+0.048	-0.616	-0.342	+0.137	+0.120	+0.004	-0.512	-0.613	-0.613	-0.613	-0.616	-0.618	-0.614	+1.823	-0.612	-0.296	-0.614	+2.981	+1.948	+5.575	-0.614	-0.242	-0.433	+9.399	-0.582	+0.864	+0.407	+6.592	+3.725	+9.642	+9.643	+2.515	+5.901	+9.019	+5.978	+8.048	+8.050	+8.802	+0.021	+5.641	+1.630	+3.913	+1.121	+3.933	+9.631	+4.876	+4.771	+1.141	+10.315	+10.361	+10.361	+10.396	-0.736	-0.788	-0.771	-0.776	-0.784	-0.786	-0.787	-0.792	-0.752	-0.787	-0.764	-0.765	-0.767	-0.347	-0.319	-0.299	-0.284	-0.141	-0.193	-0.261	-0.244	-0.213	-0.237	+0.425	-0.270	-0.267	-0.246	-0.253	-0.266	-0.257	+0.405	+0.434	-0.259	+0.468	+0.466	+0.575	+0.472	+0.489	-0.508	-0.509	-0.536	-0.537	-0.507	-0.507	+0.421	+0.452	+0.042	-0.321	+0.450	-0.514	-0.507	+0.088	-0.371	-0.339	-0.359	-0.758	+0.533	+0.533	+0.529	-0.726	-0.504	+0.500	-0.426	-0.431	-0.563	-0.433	-0.759	-0.502	
rs10794615     +1.989	+2.059	-0.873	+0.896	+0.750	+2.101	+2.428	+0.984	+0.870	+1.014	+1.088	+0.679	+1.041	+1.078	-0.900	+0.350	+1.044	+0.841	+0.828	+0.793	-0.748	-0.772	-0.756	-0.734	-0.815	-0.517	-0.705	-0.549	-0.872	+6.784	-0.876	-0.056	-0.882	+1.054	-0.883	+7.242	+7.738	+1.055	-0.881	+7.904	-0.505	-0.492	+1.524	-0.213	-0.144	+7.886	-0.455	-0.129	-0.138	-0.139	-0.403	-0.110	-0.613	-0.861	-0.130	-0.798	-0.845	+0.227	-0.880	-0.816	-0.810	+0.003	-0.189	-0.816	-0.623	-0.114	-0.130	-0.424	-0.774	-0.813	-0.813	-0.813	-0.816	-0.820	-0.815	+1.575	-0.813	-0.578	-0.815	+2.562	+1.774	+4.985	-0.814	-0.474	-0.624	+9.110	-0.792	+0.628	+0.168	+6.308	+3.339	+9.202	+9.203	+2.358	+5.678	+8.724	+5.756	+7.813	+7.816	+8.498	-0.232	+5.126	+1.394	+3.520	+0.910	+3.545	+9.076	+4.211	+4.109	+0.931	+9.730	+9.771	+9.771	+9.805	-0.946	-0.989	-0.973	-0.974	-0.981	-0.983	-0.985	-0.992	-0.958	-0.987	-0.969	-0.969	-0.971	-0.521	-0.536	-0.516	-0.502	-0.365	-0.414	-0.480	-0.464	-0.434	-0.457	+0.184	-0.488	-0.485	-0.465	-0.473	-0.484	-0.476	+0.165	+0.193	-0.477	+0.227	+0.224	+0.331	+0.230	+0.246	-0.719	-0.721	-0.746	-0.747	-0.719	-0.719	+0.181	+0.212	-0.181	-0.537	+0.209	-0.725	-0.718	-0.135	-0.585	-0.554	-0.573	-0.957	+0.341	+0.341	+0.337	-0.922	-0.701	+0.308	-0.649	-0.654	-0.761	-0.655	-0.959	-0.699	
rs10794616     +2.311	+2.401	-0.813	+0.738	-0.218	+2.316	+2.634	+0.796	+0.723	+0.411	+1.721	+1.208	+1.670	+1.724	-0.809	-0.620	-0.139	+1.448	+1.430	+1.379	-0.704	-0.725	-0.712	-0.694	-0.933	-0.603	-0.671	-0.872	-0.467	+6.705	-0.650	+0.109	-0.674	+1.238	-0.677	+7.174	+7.664	+1.265	-0.674	+7.826	-0.384	-0.370	+1.648	-0.034	+0.035	+7.808	-0.331	+0.031	+0.046	+0.020	-0.275	+0.051	-0.493	-0.776	+0.031	-0.622	-0.756	+0.481	-0.679	-0.739	-0.732	+0.194	-0.007	-0.738	-0.521	+0.047	+0.029	-0.263	-0.653	-0.736	-0.736	-0.736	-0.739	-0.745	-0.739	+1.819	-0.736	-0.477	-0.738	+2.559	+1.897	+5.110	-0.738	-0.337	-0.551	+9.162	-0.662	+0.806	+0.453	+6.461	+3.550	+9.268	+9.269	+2.350	+5.772	+8.825	+5.848	+7.944	+7.947	+8.608	-0.060	+5.201	+1.469	+3.698	+1.059	+3.724	+9.276	+4.335	+4.236	+1.081	+9.872	+9.913	+9.913	+9.947	-0.872	-0.916	-0.898	-0.898	-0.903	-0.906	-0.908	-0.919	-0.884	-0.914	-0.895	-0.895	-0.897	-0.452	-0.450	-0.430	-0.416	-0.280	-0.327	-0.394	-0.377	-0.347	-0.370	+0.275	-0.402	-0.399	-0.379	-0.386	-0.398	-0.390	+0.255	+0.284	-0.392	+0.318	+0.316	+0.423	+0.322	+0.338	-0.649	-0.650	-0.676	-0.677	-0.648	-0.648	+0.272	+0.303	-0.115	-0.453	+0.300	-0.654	-0.648	-0.070	-0.502	-0.471	-0.490	-0.883	+0.384	+0.384	+0.380	-0.848	-0.631	+0.351	-0.573	-0.578	-0.688	-0.579	-0.885	-0.629	
rs845076       +8.954	+8.963	+6.655	+8.090	+8.145	+8.916	+9.208	+8.166	+8.020	+8.099	+7.931	+7.528	+7.866	+7.894	+6.380	+7.950	+8.422	+7.665	+7.654	+7.631	+6.947	+6.879	+6.921	+6.980	+7.242	+7.154	+7.047	+6.784	+6.705	+7.054	+6.701	+6.644	+6.700	+6.356	+6.708	+7.337	+7.721	+6.351	+6.678	+7.868	+6.460	+6.463	+6.399	+6.380	+6.326	+7.848	+6.475	+6.609	+6.399	+6.607	+6.498	+6.624	+6.385	+6.497	+6.617	+6.490	+6.465	+6.307	+6.746	+6.560	+6.547	+6.460	+6.407	+6.561	+6.462	+6.629	+6.620	+6.333	+6.396	+6.557	+6.558	+6.558	+6.566	+6.624	+6.584	+7.637	+6.572	+6.475	+6.580	+7.347	+7.139	+8.352	+6.577	+6.324	+6.424	+9.656	+6.558	+6.616	+6.395	+9.263	+7.539	+10.848	+10.849	+6.953	+8.141	+10.119	+8.189	+9.871	+9.873	+9.968	+6.411	+8.241	+6.773	+7.225	+6.626	+7.237	+9.662	+7.625	+7.571	+6.635	+10.272	+10.298	+10.298	+10.325	+6.509	+6.410	+6.435	+6.385	+6.327	+6.333	+6.335	+6.391	+6.531	+6.411	+6.478	+6.477	+6.466	+7.187	+6.745	+6.766	+6.783	+6.962	+6.876	+6.806	+6.823	+6.861	+6.838	+7.907	+6.805	+6.807	+6.830	+6.820	+6.811	+6.824	+7.885	+7.922	+6.823	+7.964	+7.966	+8.081	+7.977	+7.996	+6.661	+6.659	+6.628	+6.626	+6.661	+6.661	+7.912	+7.954	+7.360	+6.759	+7.946	+6.654	+6.662	+7.429	+6.712	+6.743	+6.723	+6.379	+8.579	+8.579	+8.572	+6.360	+6.711	+8.524	+6.714	+6.708	+6.611	+6.706	+6.371	+6.713	
