## Summary of overall evidence for association with region:
## log10(BF for region) = -0.475704
## p-value for region = NA

## BFs for choosing among multi-SNP models:
## log10(average 1-SNP BF) = -0.410144
## log10(average 2-SNP BF) = -0.646977

## Example posterior probabilities for multi-SNP models, based on default prior: [p(l) propto 0.5^l for l=1,2,...,L]
## posterior probability of 1-SNP = 0.775298
## posterior probability of 2-SNP = 0.224702

## log10(BF) for single SNP and pair of SNPs:
rs28815543     -0.358	-0.691	-0.340	-0.340	-0.336	-0.394	-0.378	-0.307	-0.309	-0.308	-0.310	-0.419	-0.519	-0.405	-0.774	-0.740	-0.765	-0.735	-0.610	-0.565	-0.540	-0.790	-0.727	-0.724	-0.690	-0.748	-0.747	-0.750	-0.739	-0.714	-0.757	-0.756	-0.755	-0.693	-0.680	-0.732	-0.342	-0.770	-0.785	-0.777	-0.777	-0.777	-0.785	-0.782	-0.772	-0.785	-0.753	-0.785	-0.786	-0.784	-0.785	-0.786	-0.757	-0.787	-0.805	-0.823	-0.803	-0.817	-0.803	-0.564	-0.604	-0.755	-0.602	-0.600	-0.825	-0.830	-0.688	-0.679	-0.647	-0.625	-0.486	-0.501	-0.710	-0.782	-0.712	-0.707	-0.703	-0.786	-0.788	-0.689	-0.689	-0.631	-0.716	-0.716	-0.765	-0.766	-0.766	-0.766	-0.633	-0.766	-0.766	-0.635	-0.766	-0.633	-0.761	-0.778	-0.786	-0.762	-0.683	-0.764	-0.779	-0.739	-0.844	-0.620	-0.620	-0.625	-0.683	-0.763	-0.709	-0.641	-0.634	-0.815	-0.209	-0.350	-0.647	-0.636	-0.648	-0.658	-0.647	-0.651	-0.584	-0.558	-0.559	-0.676	-0.689	-0.654	-0.561	-0.358	-0.458	-0.617	-0.655	-0.651	-0.754	-0.784	-0.653	-0.656	-0.795	-0.785	-0.868	-0.471	-0.784	-0.767	-0.510	-0.754	-0.501	-0.749	-0.676	-0.676	-0.610	-0.768	-0.677	-0.672	-0.753	-0.505	-0.778	-0.484	-0.766	-0.755	-0.754	-0.650	
rs12960582     -0.691	-0.457	-0.347	-0.347	-0.343	-0.403	-0.385	-0.310	-0.312	-0.312	-0.313	-0.429	-0.541	-0.557	-0.860	-0.816	-0.844	-0.825	-0.652	-0.622	-0.691	-0.871	-0.813	-0.811	-0.750	-0.812	-0.812	-0.796	-0.813	-0.795	-0.848	-0.847	-0.847	-0.783	-0.770	-0.826	-0.456	-0.857	-0.867	-0.858	-0.858	-0.858	-0.867	-0.864	-0.853	-0.867	-0.840	-0.867	-0.868	-0.865	-0.867	-0.868	-0.837	-0.869	-0.888	-0.909	-0.886	-0.901	-0.890	-0.659	-0.698	-0.843	-0.695	-0.694	-0.914	-0.919	-0.778	-0.772	-0.747	-0.718	-0.591	-0.605	-0.802	-0.870	-0.803	-0.799	-0.796	-0.876	-0.878	-0.775	-0.775	-0.723	-0.807	-0.807	-0.854	-0.854	-0.854	-0.854	-0.725	-0.854	-0.854	-0.727	-0.854	-0.725	-0.849	-0.868	-0.876	-0.850	-0.775	-0.852	-0.867	-0.828	-0.933	-0.708	-0.708	-0.719	-0.773	-0.846	-0.797	-0.735	-0.727	-0.899	-0.323	-0.461	-0.741	-0.730	-0.743	-0.752	-0.742	-0.745	-0.678	-0.657	-0.658	-0.763	-0.776	-0.748	-0.660	-0.469	-0.554	-0.705	-0.749	-0.745	-0.841	-0.870	-0.747	-0.750	-0.882	-0.872	-0.956	-0.570	-0.871	-0.855	-0.609	-0.841	-0.596	-0.835	-0.770	-0.770	-0.705	-0.855	-0.770	-0.765	-0.839	-0.603	-0.865	-0.583	-0.853	-0.843	-0.841	-0.746	
rs8088143      -0.340	-0.347	-0.084	-0.182	-0.180	-0.243	-0.240	-0.168	-0.171	-0.171	-0.180	-0.337	-0.364	+0.003	-0.395	-0.414	-0.391	-0.461	-0.453	-0.422	-0.266	-0.362	-0.384	-0.380	-0.469	-0.447	-0.446	-0.487	-0.425	-0.382	-0.481	-0.479	-0.479	-0.432	-0.419	-0.473	-0.054	-0.485	-0.503	-0.495	-0.495	-0.495	-0.503	-0.500	-0.489	-0.503	-0.465	-0.504	-0.505	-0.502	-0.504	-0.505	-0.473	-0.506	-0.527	-0.551	-0.525	-0.544	-0.522	-0.305	-0.344	-0.488	-0.342	-0.340	-0.567	-0.572	-0.422	-0.409	-0.403	-0.365	-0.251	-0.265	-0.448	-0.517	-0.449	-0.445	-0.442	-0.533	-0.535	-0.433	-0.433	-0.370	-0.452	-0.452	-0.507	-0.508	-0.507	-0.507	-0.372	-0.507	-0.507	-0.374	-0.507	-0.372	-0.503	-0.525	-0.533	-0.504	-0.439	-0.506	-0.519	-0.483	-0.583	-0.373	-0.372	-0.361	-0.452	-0.503	-0.469	-0.369	-0.363	-0.553	+0.010	-0.126	-0.393	-0.363	-0.395	-0.404	-0.394	-0.397	-0.347	-0.288	-0.290	-0.439	-0.449	-0.400	-0.292	-0.136	-0.217	-0.366	-0.402	-0.397	-0.510	-0.521	-0.399	-0.401	-0.546	-0.537	-0.600	-0.243	-0.525	-0.522	-0.280	-0.494	-0.268	-0.500	-0.420	-0.420	-0.341	-0.522	-0.420	-0.415	-0.493	-0.274	-0.519	-0.254	-0.508	-0.510	-0.509	-0.403	
rs8084674      -0.340	-0.347	-0.182	-0.085	-0.181	-0.243	-0.240	-0.168	-0.171	-0.171	-0.180	-0.337	-0.365	+0.002	-0.395	-0.414	-0.392	-0.462	-0.454	-0.423	-0.267	-0.362	-0.384	-0.381	-0.469	-0.447	-0.446	-0.487	-0.426	-0.382	-0.482	-0.480	-0.479	-0.433	-0.420	-0.474	-0.055	-0.486	-0.504	-0.495	-0.495	-0.495	-0.504	-0.501	-0.489	-0.504	-0.466	-0.504	-0.505	-0.502	-0.504	-0.505	-0.474	-0.507	-0.527	-0.552	-0.525	-0.544	-0.522	-0.306	-0.344	-0.489	-0.342	-0.341	-0.568	-0.572	-0.423	-0.410	-0.403	-0.365	-0.252	-0.266	-0.448	-0.517	-0.450	-0.446	-0.442	-0.534	-0.535	-0.433	-0.433	-0.370	-0.453	-0.453	-0.507	-0.508	-0.508	-0.508	-0.372	-0.508	-0.508	-0.374	-0.508	-0.372	-0.503	-0.526	-0.533	-0.504	-0.439	-0.506	-0.520	-0.483	-0.584	-0.373	-0.373	-0.361	-0.453	-0.504	-0.469	-0.369	-0.363	-0.554	+0.010	-0.127	-0.394	-0.364	-0.395	-0.405	-0.395	-0.398	-0.347	-0.289	-0.290	-0.439	-0.450	-0.400	-0.292	-0.137	-0.217	-0.366	-0.402	-0.398	-0.511	-0.522	-0.399	-0.402	-0.546	-0.537	-0.600	-0.243	-0.525	-0.523	-0.280	-0.495	-0.268	-0.501	-0.420	-0.420	-0.341	-0.523	-0.421	-0.416	-0.493	-0.274	-0.519	-0.254	-0.508	-0.511	-0.509	-0.403	
rs8088304      -0.336	-0.343	-0.180	-0.181	-0.081	-0.240	-0.238	-0.168	-0.171	-0.171	-0.180	-0.334	-0.361	+0.007	-0.391	-0.410	-0.387	-0.458	-0.451	-0.419	-0.263	-0.357	-0.380	-0.377	-0.466	-0.444	-0.442	-0.484	-0.422	-0.378	-0.478	-0.476	-0.475	-0.429	-0.416	-0.470	-0.051	-0.482	-0.500	-0.491	-0.491	-0.491	-0.500	-0.497	-0.485	-0.500	-0.462	-0.500	-0.501	-0.499	-0.501	-0.501	-0.470	-0.503	-0.523	-0.548	-0.522	-0.541	-0.518	-0.302	-0.340	-0.485	-0.339	-0.337	-0.564	-0.568	-0.419	-0.406	-0.399	-0.361	-0.248	-0.262	-0.444	-0.514	-0.446	-0.442	-0.439	-0.530	-0.532	-0.429	-0.429	-0.366	-0.449	-0.449	-0.504	-0.504	-0.504	-0.504	-0.369	-0.504	-0.504	-0.371	-0.504	-0.369	-0.500	-0.522	-0.530	-0.501	-0.436	-0.502	-0.516	-0.480	-0.580	-0.369	-0.369	-0.358	-0.449	-0.500	-0.465	-0.366	-0.360	-0.550	+0.013	-0.123	-0.390	-0.360	-0.392	-0.401	-0.391	-0.394	-0.343	-0.285	-0.286	-0.436	-0.446	-0.397	-0.288	-0.133	-0.214	-0.362	-0.398	-0.394	-0.507	-0.518	-0.396	-0.398	-0.543	-0.533	-0.596	-0.240	-0.522	-0.519	-0.276	-0.491	-0.264	-0.497	-0.417	-0.417	-0.338	-0.519	-0.417	-0.412	-0.490	-0.271	-0.515	-0.251	-0.505	-0.507	-0.506	-0.399	
rs7237128      -0.394	-0.403	-0.243	-0.243	-0.240	-0.142	-0.234	-0.204	-0.206	-0.206	-0.211	-0.379	-0.420	-0.066	-0.451	-0.469	-0.455	-0.519	-0.500	-0.473	-0.315	-0.430	-0.440	-0.437	-0.523	-0.502	-0.501	-0.542	-0.481	-0.438	-0.535	-0.533	-0.532	-0.484	-0.472	-0.527	-0.113	-0.541	-0.559	-0.550	-0.550	-0.550	-0.559	-0.556	-0.544	-0.559	-0.522	-0.559	-0.560	-0.557	-0.559	-0.560	-0.529	-0.561	-0.582	-0.606	-0.580	-0.598	-0.577	-0.359	-0.397	-0.542	-0.395	-0.394	-0.621	-0.625	-0.476	-0.464	-0.456	-0.418	-0.304	-0.318	-0.501	-0.571	-0.502	-0.499	-0.495	-0.586	-0.588	-0.486	-0.486	-0.423	-0.506	-0.506	-0.560	-0.561	-0.561	-0.561	-0.425	-0.561	-0.561	-0.427	-0.561	-0.425	-0.556	-0.578	-0.585	-0.557	-0.491	-0.559	-0.573	-0.536	-0.637	-0.425	-0.425	-0.414	-0.504	-0.557	-0.520	-0.425	-0.418	-0.607	-0.042	-0.179	-0.446	-0.419	-0.448	-0.457	-0.447	-0.450	-0.400	-0.343	-0.344	-0.490	-0.501	-0.453	-0.346	-0.188	-0.270	-0.419	-0.455	-0.450	-0.563	-0.575	-0.452	-0.454	-0.599	-0.589	-0.654	-0.295	-0.578	-0.575	-0.332	-0.548	-0.320	-0.554	-0.473	-0.473	-0.396	-0.575	-0.473	-0.469	-0.547	-0.326	-0.572	-0.306	-0.561	-0.563	-0.561	-0.455	
rs7233072      -0.378	-0.385	-0.240	-0.240	-0.238	-0.234	-0.125	-0.204	-0.206	-0.206	-0.210	-0.368	-0.405	-0.047	-0.433	-0.452	-0.436	-0.503	-0.486	-0.460	-0.299	-0.409	-0.422	-0.419	-0.507	-0.485	-0.484	-0.526	-0.464	-0.421	-0.519	-0.517	-0.516	-0.468	-0.456	-0.511	-0.096	-0.525	-0.543	-0.534	-0.534	-0.534	-0.543	-0.539	-0.528	-0.543	-0.505	-0.543	-0.544	-0.541	-0.543	-0.544	-0.513	-0.545	-0.566	-0.590	-0.564	-0.583	-0.561	-0.343	-0.381	-0.527	-0.379	-0.378	-0.605	-0.609	-0.460	-0.448	-0.440	-0.402	-0.288	-0.303	-0.485	-0.555	-0.487	-0.483	-0.479	-0.570	-0.572	-0.471	-0.471	-0.407	-0.490	-0.490	-0.545	-0.545	-0.545	-0.545	-0.409	-0.545	-0.545	-0.412	-0.545	-0.410	-0.541	-0.562	-0.570	-0.542	-0.475	-0.543	-0.557	-0.520	-0.621	-0.410	-0.410	-0.398	-0.488	-0.541	-0.505	-0.408	-0.402	-0.591	-0.027	-0.164	-0.430	-0.403	-0.432	-0.442	-0.431	-0.435	-0.384	-0.327	-0.328	-0.475	-0.486	-0.437	-0.330	-0.173	-0.255	-0.403	-0.439	-0.435	-0.547	-0.559	-0.436	-0.439	-0.583	-0.574	-0.638	-0.280	-0.563	-0.559	-0.316	-0.532	-0.305	-0.538	-0.457	-0.457	-0.379	-0.559	-0.457	-0.453	-0.531	-0.311	-0.556	-0.291	-0.545	-0.547	-0.546	-0.440	
rs7232525      -0.307	-0.310	-0.168	-0.168	-0.168	-0.204	-0.204	-0.050	-0.147	-0.147	-0.153	-0.309	-0.327	+0.046	-0.357	-0.378	-0.348	-0.427	-0.426	-0.395	-0.231	-0.315	-0.347	-0.344	-0.434	-0.412	-0.411	-0.454	-0.390	-0.346	-0.448	-0.446	-0.445	-0.399	-0.387	-0.441	-0.020	-0.453	-0.471	-0.462	-0.462	-0.462	-0.471	-0.468	-0.456	-0.471	-0.433	-0.471	-0.472	-0.470	-0.472	-0.473	-0.441	-0.474	-0.494	-0.519	-0.493	-0.512	-0.489	-0.272	-0.310	-0.456	-0.308	-0.307	-0.535	-0.539	-0.390	-0.376	-0.370	-0.331	-0.218	-0.233	-0.415	-0.485	-0.416	-0.413	-0.409	-0.501	-0.503	-0.401	-0.401	-0.336	-0.420	-0.420	-0.475	-0.476	-0.475	-0.475	-0.339	-0.475	-0.475	-0.341	-0.475	-0.339	-0.471	-0.493	-0.501	-0.472	-0.407	-0.474	-0.487	-0.451	-0.551	-0.341	-0.341	-0.328	-0.421	-0.472	-0.437	-0.336	-0.330	-0.521	+0.043	-0.094	-0.360	-0.330	-0.362	-0.371	-0.361	-0.364	-0.314	-0.255	-0.256	-0.407	-0.417	-0.367	-0.258	-0.104	-0.185	-0.334	-0.369	-0.364	-0.478	-0.489	-0.366	-0.368	-0.514	-0.504	-0.567	-0.210	-0.492	-0.490	-0.247	-0.462	-0.235	-0.469	-0.387	-0.387	-0.308	-0.490	-0.387	-0.382	-0.460	-0.242	-0.486	-0.221	-0.475	-0.478	-0.477	-0.370	
rs12959308     -0.309	-0.312	-0.171	-0.171	-0.171	-0.206	-0.206	-0.147	-0.052	-0.147	-0.152	-0.310	-0.328	+0.045	-0.358	-0.379	-0.350	-0.429	-0.427	-0.397	-0.232	-0.316	-0.349	-0.345	-0.436	-0.414	-0.413	-0.456	-0.392	-0.348	-0.450	-0.448	-0.447	-0.401	-0.388	-0.442	-0.022	-0.454	-0.473	-0.464	-0.464	-0.464	-0.473	-0.469	-0.458	-0.473	-0.434	-0.473	-0.474	-0.471	-0.473	-0.474	-0.443	-0.475	-0.496	-0.521	-0.494	-0.513	-0.491	-0.273	-0.312	-0.457	-0.310	-0.309	-0.537	-0.541	-0.391	-0.378	-0.372	-0.333	-0.220	-0.234	-0.416	-0.486	-0.418	-0.414	-0.411	-0.503	-0.504	-0.402	-0.402	-0.338	-0.421	-0.421	-0.476	-0.477	-0.477	-0.477	-0.340	-0.477	-0.477	-0.342	-0.477	-0.340	-0.473	-0.495	-0.502	-0.473	-0.408	-0.475	-0.489	-0.452	-0.553	-0.342	-0.342	-0.329	-0.422	-0.473	-0.438	-0.337	-0.332	-0.523	+0.041	-0.095	-0.362	-0.332	-0.363	-0.373	-0.363	-0.366	-0.316	-0.257	-0.258	-0.409	-0.419	-0.369	-0.260	-0.105	-0.187	-0.336	-0.370	-0.366	-0.480	-0.490	-0.367	-0.370	-0.515	-0.506	-0.569	-0.212	-0.494	-0.491	-0.248	-0.463	-0.237	-0.470	-0.389	-0.389	-0.310	-0.491	-0.389	-0.384	-0.462	-0.243	-0.487	-0.223	-0.476	-0.480	-0.478	-0.371	
rs12959886     -0.308	-0.312	-0.171	-0.171	-0.171	-0.206	-0.206	-0.147	-0.147	-0.051	-0.152	-0.309	-0.328	+0.045	-0.358	-0.379	-0.349	-0.428	-0.427	-0.397	-0.232	-0.316	-0.348	-0.345	-0.436	-0.414	-0.412	-0.455	-0.392	-0.347	-0.449	-0.447	-0.447	-0.401	-0.388	-0.442	-0.022	-0.454	-0.472	-0.464	-0.464	-0.464	-0.472	-0.469	-0.458	-0.473	-0.434	-0.473	-0.474	-0.471	-0.473	-0.474	-0.443	-0.475	-0.496	-0.520	-0.494	-0.513	-0.491	-0.273	-0.312	-0.457	-0.310	-0.308	-0.536	-0.541	-0.391	-0.378	-0.371	-0.333	-0.220	-0.234	-0.416	-0.486	-0.418	-0.414	-0.410	-0.502	-0.504	-0.402	-0.402	-0.338	-0.421	-0.421	-0.476	-0.477	-0.476	-0.476	-0.340	-0.477	-0.477	-0.342	-0.477	-0.340	-0.472	-0.494	-0.502	-0.473	-0.408	-0.475	-0.488	-0.452	-0.552	-0.342	-0.342	-0.329	-0.422	-0.473	-0.438	-0.337	-0.331	-0.522	+0.042	-0.095	-0.361	-0.332	-0.363	-0.373	-0.363	-0.366	-0.316	-0.257	-0.258	-0.408	-0.419	-0.368	-0.260	-0.105	-0.186	-0.335	-0.370	-0.366	-0.479	-0.490	-0.367	-0.370	-0.515	-0.506	-0.569	-0.211	-0.494	-0.491	-0.248	-0.463	-0.237	-0.470	-0.388	-0.388	-0.309	-0.491	-0.388	-0.384	-0.462	-0.243	-0.487	-0.223	-0.476	-0.479	-0.478	-0.371	
rs7232346      -0.310	-0.313	-0.180	-0.180	-0.180	-0.211	-0.210	-0.153	-0.152	-0.152	-0.053	-0.310	-0.329	+0.044	-0.359	-0.381	-0.351	-0.430	-0.429	-0.398	-0.233	-0.318	-0.350	-0.346	-0.437	-0.415	-0.414	-0.457	-0.393	-0.349	-0.451	-0.449	-0.448	-0.402	-0.389	-0.443	-0.023	-0.455	-0.474	-0.465	-0.465	-0.465	-0.474	-0.471	-0.459	-0.474	-0.435	-0.474	-0.475	-0.473	-0.474	-0.475	-0.444	-0.477	-0.497	-0.522	-0.495	-0.514	-0.492	-0.275	-0.313	-0.459	-0.311	-0.310	-0.538	-0.542	-0.392	-0.379	-0.373	-0.334	-0.222	-0.236	-0.418	-0.487	-0.419	-0.415	-0.412	-0.504	-0.506	-0.404	-0.403	-0.339	-0.422	-0.422	-0.478	-0.478	-0.478	-0.478	-0.342	-0.478	-0.478	-0.344	-0.478	-0.342	-0.474	-0.496	-0.503	-0.474	-0.410	-0.476	-0.490	-0.454	-0.554	-0.344	-0.343	-0.331	-0.423	-0.474	-0.439	-0.339	-0.333	-0.524	+0.040	-0.096	-0.363	-0.333	-0.365	-0.374	-0.364	-0.367	-0.317	-0.258	-0.259	-0.410	-0.420	-0.370	-0.261	-0.107	-0.188	-0.337	-0.371	-0.367	-0.481	-0.492	-0.369	-0.371	-0.516	-0.507	-0.570	-0.213	-0.495	-0.493	-0.249	-0.464	-0.238	-0.471	-0.390	-0.390	-0.311	-0.493	-0.390	-0.385	-0.463	-0.244	-0.489	-0.224	-0.478	-0.481	-0.479	-0.372	
rs12607027     -0.419	-0.429	-0.337	-0.337	-0.334	-0.379	-0.368	-0.309	-0.310	-0.309	-0.310	-0.163	-0.296	-0.041	-0.450	-0.491	-0.424	-0.535	-0.528	-0.504	-0.314	-0.382	-0.462	-0.459	-0.520	-0.524	-0.523	-0.562	-0.503	-0.461	-0.563	-0.561	-0.560	-0.509	-0.496	-0.548	-0.141	-0.565	-0.581	-0.572	-0.572	-0.572	-0.581	-0.578	-0.566	-0.581	-0.546	-0.581	-0.582	-0.579	-0.581	-0.582	-0.551	-0.584	-0.604	-0.627	-0.602	-0.620	-0.601	-0.383	-0.421	-0.564	-0.419	-0.417	-0.640	-0.645	-0.498	-0.487	-0.476	-0.441	-0.324	-0.338	-0.523	-0.592	-0.525	-0.521	-0.518	-0.605	-0.607	-0.503	-0.503	-0.446	-0.528	-0.528	-0.579	-0.579	-0.579	-0.579	-0.448	-0.579	-0.579	-0.450	-0.579	-0.448	-0.575	-0.597	-0.605	-0.575	-0.509	-0.577	-0.591	-0.554	-0.658	-0.441	-0.441	-0.437	-0.524	-0.576	-0.540	-0.448	-0.439	-0.626	-0.060	-0.198	-0.469	-0.442	-0.470	-0.480	-0.470	-0.473	-0.420	-0.364	-0.365	-0.509	-0.520	-0.475	-0.367	-0.207	-0.286	-0.435	-0.477	-0.473	-0.581	-0.597	-0.474	-0.477	-0.618	-0.608	-0.675	-0.316	-0.601	-0.594	-0.352	-0.570	-0.341	-0.575	-0.496	-0.496	-0.416	-0.594	-0.496	-0.491	-0.569	-0.347	-0.594	-0.327	-0.584	-0.582	-0.580	-0.477	
rs72988990     -0.519	-0.541	-0.364	-0.365	-0.361	-0.420	-0.405	-0.327	-0.328	-0.328	-0.329	-0.296	-0.268	-0.171	-0.570	-0.600	-0.556	-0.637	-0.610	-0.582	-0.424	-0.525	-0.574	-0.571	-0.617	-0.629	-0.628	-0.662	-0.610	-0.570	-0.661	-0.660	-0.659	-0.605	-0.592	-0.646	-0.249	-0.669	-0.683	-0.675	-0.675	-0.674	-0.683	-0.680	-0.669	-0.683	-0.650	-0.683	-0.684	-0.682	-0.683	-0.684	-0.654	-0.686	-0.705	-0.728	-0.704	-0.721	-0.704	-0.482	-0.520	-0.663	-0.518	-0.517	-0.738	-0.742	-0.598	-0.588	-0.573	-0.540	-0.419	-0.433	-0.623	-0.691	-0.624	-0.620	-0.617	-0.702	-0.704	-0.599	-0.599	-0.545	-0.627	-0.627	-0.676	-0.677	-0.676	-0.676	-0.548	-0.677	-0.676	-0.550	-0.676	-0.548	-0.672	-0.694	-0.701	-0.673	-0.604	-0.675	-0.689	-0.651	-0.756	-0.536	-0.536	-0.537	-0.617	-0.673	-0.634	-0.550	-0.540	-0.725	-0.154	-0.293	-0.567	-0.544	-0.569	-0.578	-0.568	-0.571	-0.515	-0.466	-0.467	-0.603	-0.615	-0.574	-0.469	-0.300	-0.381	-0.532	-0.575	-0.571	-0.677	-0.696	-0.573	-0.575	-0.714	-0.705	-0.775	-0.411	-0.700	-0.689	-0.448	-0.669	-0.435	-0.671	-0.594	-0.594	-0.518	-0.690	-0.594	-0.589	-0.668	-0.442	-0.693	-0.422	-0.682	-0.677	-0.676	-0.574	
rs8090463      -0.405	-0.557	+0.003	+0.002	+0.007	-0.066	-0.047	+0.046	+0.045	+0.045	+0.044	-0.041	-0.171	-0.197	-0.549	-0.531	-0.491	-0.563	-0.456	-0.332	-0.550	-0.525	-0.550	-0.550	-0.451	-0.504	-0.506	-0.406	-0.527	-0.537	-0.600	-0.601	-0.601	-0.550	-0.538	-0.575	-0.237	-0.614	-0.611	-0.603	-0.603	-0.603	-0.611	-0.608	-0.597	-0.611	-0.598	-0.611	-0.612	-0.610	-0.612	-0.613	-0.580	-0.614	-0.633	-0.657	-0.632	-0.645	-0.646	-0.411	-0.449	-0.588	-0.447	-0.446	-0.659	-0.664	-0.527	-0.526	-0.507	-0.470	-0.353	-0.368	-0.552	-0.614	-0.554	-0.550	-0.547	-0.621	-0.623	-0.509	-0.509	-0.475	-0.557	-0.557	-0.593	-0.594	-0.593	-0.593	-0.477	-0.594	-0.594	-0.479	-0.593	-0.478	-0.589	-0.612	-0.620	-0.590	-0.516	-0.592	-0.607	-0.565	-0.679	-0.442	-0.442	-0.473	-0.525	-0.584	-0.549	-0.494	-0.476	-0.635	-0.113	-0.235	-0.505	-0.489	-0.507	-0.516	-0.506	-0.509	-0.442	-0.406	-0.408	-0.517	-0.521	-0.512	-0.409	-0.258	-0.297	-0.440	-0.513	-0.509	-0.586	-0.625	-0.511	-0.513	-0.633	-0.624	-0.703	-0.335	-0.623	-0.600	-0.373	-0.597	-0.372	-0.571	-0.531	-0.531	-0.453	-0.600	-0.531	-0.527	-0.596	-0.368	-0.617	-0.348	-0.606	-0.588	-0.586	-0.512	
rs79126682     -0.774	-0.860	-0.395	-0.395	-0.391	-0.451	-0.433	-0.357	-0.358	-0.358	-0.359	-0.450	-0.570	-0.549	-0.546	-0.832	-0.921	-0.901	-0.776	-0.634	-0.635	-0.948	-0.835	-0.834	-0.808	-0.831	-0.832	-0.809	-0.841	-0.834	-0.901	-0.900	-0.900	-0.861	-0.848	-0.908	-0.546	-0.942	-0.951	-0.943	-0.943	-0.943	-0.951	-0.948	-0.937	-0.951	-0.925	-0.951	-0.952	-0.949	-0.951	-0.952	-0.922	-0.953	-0.972	-0.992	-0.970	-0.984	-0.975	-0.741	-0.780	-0.925	-0.777	-0.776	-0.995	-1.000	-0.861	-0.856	-0.829	-0.800	-0.672	-0.687	-0.883	-0.951	-0.885	-0.881	-0.877	-0.957	-0.959	-0.857	-0.857	-0.805	-0.888	-0.888	-0.935	-0.935	-0.935	-0.935	-0.808	-0.935	-0.935	-0.810	-0.935	-0.808	-0.931	-0.948	-0.956	-0.931	-0.854	-0.934	-0.948	-0.909	-1.014	-0.789	-0.789	-0.800	-0.857	-0.931	-0.882	-0.820	-0.808	-0.986	-0.407	-0.554	-0.825	-0.815	-0.827	-0.836	-0.825	-0.829	-0.774	-0.735	-0.736	-0.849	-0.868	-0.831	-0.738	-0.553	-0.638	-0.787	-0.833	-0.829	-0.930	-0.955	-0.830	-0.833	-0.970	-0.961	-1.038	-0.666	-0.960	-0.943	-0.704	-0.927	-0.686	-0.915	-0.853	-0.853	-0.785	-0.943	-0.853	-0.848	-0.925	-0.699	-0.954	-0.679	-0.943	-0.931	-0.930	-0.838	
rs79538952     -0.740	-0.816	-0.414	-0.414	-0.410	-0.469	-0.452	-0.378	-0.379	-0.379	-0.381	-0.491	-0.600	-0.531	-0.832	-0.511	-0.893	-0.802	-0.682	-0.643	-0.636	-0.920	-0.689	-0.691	-0.796	-0.710	-0.712	-0.687	-0.728	-0.723	-0.814	-0.813	-0.813	-0.824	-0.811	-0.873	-0.511	-0.911	-0.919	-0.911	-0.911	-0.911	-0.919	-0.917	-0.906	-0.919	-0.895	-0.920	-0.921	-0.918	-0.920	-0.921	-0.890	-0.922	-0.940	-0.960	-0.938	-0.952	-0.943	-0.707	-0.746	-0.892	-0.743	-0.742	-0.961	-0.966	-0.828	-0.822	-0.792	-0.766	-0.633	-0.648	-0.850	-0.918	-0.852	-0.848	-0.844	-0.922	-0.924	-0.821	-0.821	-0.771	-0.856	-0.856	-0.900	-0.901	-0.901	-0.901	-0.774	-0.901	-0.901	-0.776	-0.901	-0.774	-0.896	-0.913	-0.921	-0.897	-0.818	-0.899	-0.914	-0.874	-0.980	-0.753	-0.753	-0.767	-0.819	-0.895	-0.844	-0.786	-0.774	-0.951	-0.364	-0.512	-0.789	-0.781	-0.791	-0.800	-0.790	-0.793	-0.733	-0.703	-0.704	-0.811	-0.829	-0.796	-0.706	-0.511	-0.596	-0.750	-0.797	-0.793	-0.892	-0.921	-0.795	-0.798	-0.934	-0.924	-1.005	-0.625	-0.925	-0.906	-0.664	-0.892	-0.644	-0.884	-0.818	-0.818	-0.752	-0.906	-0.818	-0.813	-0.890	-0.659	-0.919	-0.638	-0.908	-0.894	-0.892	-0.799	
rs3752068      -0.765	-0.844	-0.391	-0.392	-0.387	-0.455	-0.436	-0.348	-0.350	-0.349	-0.351	-0.424	-0.556	-0.491	-0.921	-0.893	-0.537	-0.873	-0.647	-0.544	-0.672	-0.770	-0.880	-0.878	-0.731	-0.905	-0.904	-0.909	-0.896	-0.868	-0.920	-0.918	-0.917	-0.844	-0.831	-0.896	-0.534	-0.937	-0.944	-0.937	-0.937	-0.937	-0.944	-0.942	-0.932	-0.945	-0.920	-0.945	-0.946	-0.943	-0.945	-0.946	-0.916	-0.947	-0.965	-0.984	-0.963	-0.977	-0.968	-0.730	-0.769	-0.916	-0.767	-0.766	-0.984	-0.989	-0.852	-0.847	-0.815	-0.790	-0.656	-0.670	-0.874	-0.942	-0.875	-0.871	-0.867	-0.945	-0.947	-0.845	-0.845	-0.795	-0.879	-0.879	-0.924	-0.924	-0.924	-0.924	-0.798	-0.924	-0.924	-0.800	-0.924	-0.798	-0.919	-0.936	-0.944	-0.920	-0.840	-0.922	-0.938	-0.897	-1.004	-0.776	-0.776	-0.790	-0.843	-0.919	-0.868	-0.811	-0.797	-0.975	-0.386	-0.533	-0.813	-0.806	-0.815	-0.824	-0.814	-0.817	-0.757	-0.725	-0.726	-0.835	-0.852	-0.820	-0.728	-0.533	-0.619	-0.773	-0.821	-0.817	-0.916	-0.946	-0.819	-0.822	-0.957	-0.948	-1.029	-0.649	-0.950	-0.930	-0.687	-0.917	-0.669	-0.909	-0.842	-0.842	-0.775	-0.930	-0.842	-0.837	-0.915	-0.682	-0.943	-0.661	-0.932	-0.917	-0.916	-0.822	
rs1145361      -0.735	-0.825	-0.461	-0.462	-0.458	-0.519	-0.503	-0.427	-0.429	-0.428	-0.430	-0.535	-0.637	-0.563	-0.901	-0.802	-0.873	-0.508	-0.552	-0.600	-0.707	-0.901	-0.809	-0.809	-0.819	-0.786	-0.788	-0.725	-0.802	-0.803	-0.870	-0.869	-0.869	-0.832	-0.819	-0.872	-0.504	-0.902	-0.911	-0.903	-0.903	-0.903	-0.911	-0.909	-0.898	-0.911	-0.885	-0.912	-0.913	-0.910	-0.912	-0.913	-0.881	-0.914	-0.933	-0.954	-0.931	-0.945	-0.935	-0.707	-0.745	-0.889	-0.743	-0.742	-0.960	-0.965	-0.825	-0.818	-0.795	-0.766	-0.639	-0.654	-0.848	-0.916	-0.850	-0.846	-0.842	-0.923	-0.925	-0.821	-0.821	-0.771	-0.853	-0.853	-0.899	-0.900	-0.899	-0.900	-0.773	-0.900	-0.900	-0.775	-0.900	-0.773	-0.895	-0.915	-0.923	-0.896	-0.822	-0.898	-0.912	-0.873	-0.979	-0.756	-0.756	-0.766	-0.824	-0.891	-0.847	-0.781	-0.773	-0.943	-0.378	-0.511	-0.791	-0.776	-0.793	-0.802	-0.791	-0.795	-0.725	-0.704	-0.705	-0.813	-0.823	-0.797	-0.707	-0.523	-0.601	-0.752	-0.799	-0.795	-0.887	-0.917	-0.796	-0.799	-0.927	-0.917	-1.001	-0.618	-0.917	-0.901	-0.657	-0.888	-0.648	-0.882	-0.818	-0.818	-0.751	-0.901	-0.819	-0.814	-0.887	-0.652	-0.911	-0.631	-0.899	-0.889	-0.887	-0.795	
rs56014377     -0.610	-0.652	-0.453	-0.454	-0.451	-0.500	-0.486	-0.426	-0.427	-0.427	-0.429	-0.528	-0.610	-0.456	-0.776	-0.682	-0.647	-0.552	-0.367	-0.643	-0.493	-0.670	-0.658	-0.655	-0.736	-0.716	-0.715	-0.753	-0.696	-0.655	-0.724	-0.722	-0.721	-0.684	-0.671	-0.729	-0.368	-0.777	-0.785	-0.777	-0.777	-0.777	-0.785	-0.783	-0.773	-0.785	-0.761	-0.785	-0.786	-0.784	-0.786	-0.786	-0.758	-0.787	-0.804	-0.822	-0.803	-0.817	-0.808	-0.563	-0.603	-0.753	-0.601	-0.600	-0.819	-0.824	-0.688	-0.685	-0.651	-0.625	-0.491	-0.506	-0.707	-0.778	-0.709	-0.705	-0.701	-0.779	-0.781	-0.683	-0.683	-0.630	-0.713	-0.713	-0.759	-0.759	-0.759	-0.759	-0.633	-0.759	-0.759	-0.635	-0.759	-0.633	-0.754	-0.770	-0.778	-0.755	-0.673	-0.757	-0.773	-0.731	-0.840	-0.608	-0.608	-0.626	-0.691	-0.760	-0.714	-0.650	-0.631	-0.814	-0.233	-0.388	-0.658	-0.646	-0.660	-0.669	-0.659	-0.662	-0.615	-0.553	-0.554	-0.683	-0.702	-0.665	-0.556	-0.383	-0.466	-0.606	-0.666	-0.662	-0.764	-0.788	-0.664	-0.667	-0.808	-0.798	-0.866	-0.505	-0.795	-0.776	-0.542	-0.762	-0.525	-0.742	-0.685	-0.685	-0.607	-0.776	-0.686	-0.681	-0.761	-0.537	-0.789	-0.517	-0.779	-0.764	-0.763	-0.668	
rs57069317     -0.565	-0.622	-0.422	-0.423	-0.419	-0.473	-0.460	-0.395	-0.397	-0.397	-0.398	-0.504	-0.582	-0.332	-0.634	-0.643	-0.544	-0.600	-0.643	-0.318	-0.153	-0.569	-0.619	-0.616	-0.691	-0.675	-0.674	-0.710	-0.656	-0.616	-0.681	-0.678	-0.677	-0.626	-0.612	-0.683	-0.316	-0.731	-0.739	-0.731	-0.731	-0.731	-0.739	-0.736	-0.726	-0.739	-0.714	-0.739	-0.740	-0.737	-0.739	-0.740	-0.711	-0.741	-0.758	-0.776	-0.757	-0.771	-0.762	-0.518	-0.558	-0.708	-0.556	-0.555	-0.774	-0.779	-0.642	-0.638	-0.603	-0.580	-0.443	-0.458	-0.664	-0.733	-0.665	-0.661	-0.657	-0.734	-0.736	-0.635	-0.635	-0.585	-0.669	-0.669	-0.713	-0.714	-0.713	-0.713	-0.588	-0.714	-0.714	-0.590	-0.714	-0.588	-0.709	-0.725	-0.734	-0.710	-0.629	-0.712	-0.728	-0.686	-0.796	-0.563	-0.563	-0.582	-0.646	-0.711	-0.666	-0.602	-0.584	-0.762	-0.179	-0.316	-0.611	-0.597	-0.612	-0.622	-0.612	-0.615	-0.547	-0.510	-0.511	-0.634	-0.642	-0.617	-0.513	-0.330	-0.414	-0.558	-0.619	-0.615	-0.706	-0.741	-0.617	-0.619	-0.754	-0.744	-0.821	-0.438	-0.742	-0.720	-0.477	-0.714	-0.470	-0.699	-0.638	-0.638	-0.563	-0.720	-0.638	-0.634	-0.713	-0.471	-0.736	-0.450	-0.725	-0.707	-0.706	-0.606	
rs12458282     -0.540	-0.691	-0.266	-0.267	-0.263	-0.315	-0.299	-0.231	-0.232	-0.232	-0.233	-0.314	-0.424	-0.550	-0.635	-0.636	-0.672	-0.707	-0.493	-0.153	-0.334	-0.705	-0.650	-0.651	-0.635	-0.596	-0.599	-0.534	-0.626	-0.644	-0.716	-0.716	-0.716	-0.664	-0.651	-0.712	-0.367	-0.740	-0.740	-0.731	-0.731	-0.731	-0.739	-0.736	-0.725	-0.740	-0.723	-0.740	-0.741	-0.738	-0.740	-0.741	-0.708	-0.742	-0.763	-0.787	-0.761	-0.776	-0.772	-0.546	-0.583	-0.721	-0.581	-0.580	-0.793	-0.798	-0.659	-0.656	-0.642	-0.603	-0.491	-0.505	-0.684	-0.747	-0.685	-0.681	-0.678	-0.756	-0.758	-0.648	-0.648	-0.608	-0.688	-0.688	-0.728	-0.729	-0.728	-0.728	-0.610	-0.729	-0.729	-0.612	-0.729	-0.610	-0.724	-0.748	-0.756	-0.725	-0.654	-0.727	-0.742	-0.702	-0.812	-0.582	-0.581	-0.602	-0.665	-0.725	-0.689	-0.624	-0.605	-0.779	-0.247	-0.385	-0.635	-0.619	-0.637	-0.645	-0.636	-0.639	-0.594	-0.532	-0.533	-0.657	-0.673	-0.641	-0.535	-0.388	-0.443	-0.580	-0.643	-0.639	-0.735	-0.757	-0.641	-0.643	-0.771	-0.762	-0.835	-0.489	-0.762	-0.747	-0.526	-0.731	-0.512	-0.712	-0.661	-0.661	-0.582	-0.747	-0.661	-0.657	-0.730	-0.521	-0.757	-0.502	-0.746	-0.735	-0.734	-0.658	
rs871673       -0.790	-0.871	-0.362	-0.362	-0.357	-0.430	-0.409	-0.315	-0.316	-0.316	-0.318	-0.382	-0.525	-0.525	-0.948	-0.920	-0.770	-0.901	-0.670	-0.569	-0.705	-0.564	-0.907	-0.904	-0.747	-0.930	-0.929	-0.932	-0.921	-0.894	-0.947	-0.945	-0.945	-0.872	-0.859	-0.921	-0.560	-0.962	-0.969	-0.962	-0.962	-0.962	-0.969	-0.967	-0.957	-0.970	-0.945	-0.970	-0.971	-0.968	-0.970	-0.971	-0.941	-0.972	-0.990	-1.009	-0.988	-1.002	-0.993	-0.755	-0.794	-0.941	-0.792	-0.791	-1.009	-1.014	-0.877	-0.872	-0.839	-0.815	-0.680	-0.695	-0.899	-0.967	-0.900	-0.896	-0.893	-0.969	-0.971	-0.869	-0.869	-0.820	-0.904	-0.904	-0.949	-0.949	-0.949	-0.949	-0.822	-0.949	-0.949	-0.825	-0.949	-0.823	-0.944	-0.961	-0.969	-0.945	-0.865	-0.947	-0.962	-0.922	-1.029	-0.801	-0.801	-0.815	-0.865	-0.944	-0.891	-0.836	-0.823	-1.000	-0.410	-0.557	-0.838	-0.831	-0.839	-0.849	-0.838	-0.841	-0.780	-0.751	-0.752	-0.858	-0.875	-0.844	-0.754	-0.557	-0.642	-0.798	-0.846	-0.841	-0.940	-0.970	-0.843	-0.846	-0.981	-0.971	-1.053	-0.671	-0.974	-0.953	-0.710	-0.941	-0.692	-0.934	-0.866	-0.866	-0.801	-0.954	-0.866	-0.862	-0.940	-0.705	-0.967	-0.684	-0.956	-0.941	-0.939	-0.846	
rs79370759     -0.727	-0.813	-0.384	-0.384	-0.380	-0.440	-0.422	-0.347	-0.349	-0.348	-0.350	-0.462	-0.574	-0.550	-0.835	-0.689	-0.880	-0.809	-0.658	-0.619	-0.650	-0.907	-0.497	-0.628	-0.776	-0.601	-0.607	-0.580	-0.659	-0.681	-0.790	-0.790	-0.789	-0.810	-0.797	-0.861	-0.498	-0.898	-0.906	-0.898	-0.898	-0.898	-0.906	-0.903	-0.893	-0.906	-0.881	-0.907	-0.907	-0.905	-0.907	-0.908	-0.877	-0.909	-0.927	-0.947	-0.926	-0.939	-0.930	-0.695	-0.733	-0.880	-0.731	-0.730	-0.949	-0.954	-0.815	-0.810	-0.781	-0.754	-0.623	-0.638	-0.838	-0.906	-0.840	-0.836	-0.832	-0.911	-0.913	-0.810	-0.810	-0.759	-0.843	-0.843	-0.889	-0.889	-0.889	-0.889	-0.761	-0.889	-0.889	-0.764	-0.889	-0.762	-0.885	-0.902	-0.910	-0.885	-0.807	-0.888	-0.902	-0.863	-0.969	-0.742	-0.742	-0.754	-0.808	-0.883	-0.833	-0.774	-0.762	-0.939	-0.354	-0.503	-0.777	-0.769	-0.779	-0.788	-0.778	-0.781	-0.723	-0.691	-0.692	-0.799	-0.818	-0.784	-0.694	-0.500	-0.586	-0.739	-0.785	-0.781	-0.881	-0.909	-0.783	-0.785	-0.922	-0.912	-0.993	-0.615	-0.913	-0.894	-0.653	-0.879	-0.633	-0.872	-0.805	-0.805	-0.740	-0.895	-0.806	-0.801	-0.878	-0.648	-0.907	-0.628	-0.896	-0.882	-0.881	-0.789	
rs78958339     -0.724	-0.811	-0.380	-0.381	-0.377	-0.437	-0.419	-0.344	-0.345	-0.345	-0.346	-0.459	-0.571	-0.550	-0.834	-0.691	-0.878	-0.809	-0.655	-0.616	-0.651	-0.904	-0.628	-0.495	-0.772	-0.581	-0.587	-0.565	-0.647	-0.676	-0.786	-0.786	-0.785	-0.808	-0.794	-0.859	-0.495	-0.895	-0.904	-0.896	-0.896	-0.896	-0.904	-0.901	-0.890	-0.904	-0.878	-0.904	-0.905	-0.902	-0.904	-0.905	-0.874	-0.906	-0.924	-0.944	-0.923	-0.937	-0.928	-0.692	-0.731	-0.877	-0.729	-0.727	-0.946	-0.951	-0.813	-0.807	-0.778	-0.751	-0.620	-0.635	-0.835	-0.903	-0.837	-0.833	-0.829	-0.908	-0.910	-0.807	-0.807	-0.757	-0.841	-0.841	-0.886	-0.887	-0.886	-0.886	-0.759	-0.887	-0.887	-0.761	-0.887	-0.759	-0.882	-0.899	-0.908	-0.883	-0.805	-0.885	-0.900	-0.860	-0.966	-0.739	-0.739	-0.752	-0.806	-0.881	-0.830	-0.771	-0.760	-0.937	-0.351	-0.501	-0.775	-0.766	-0.776	-0.786	-0.775	-0.778	-0.720	-0.688	-0.690	-0.797	-0.816	-0.781	-0.691	-0.498	-0.584	-0.737	-0.783	-0.778	-0.878	-0.906	-0.780	-0.783	-0.919	-0.909	-0.990	-0.613	-0.911	-0.892	-0.651	-0.877	-0.630	-0.869	-0.803	-0.803	-0.737	-0.892	-0.803	-0.798	-0.875	-0.646	-0.905	-0.625	-0.894	-0.880	-0.878	-0.786	
rs35710301     -0.690	-0.750	-0.469	-0.469	-0.466	-0.523	-0.507	-0.434	-0.436	-0.436	-0.437	-0.520	-0.617	-0.451	-0.808	-0.796	-0.731	-0.819	-0.736	-0.691	-0.635	-0.747	-0.776	-0.772	-0.447	-0.813	-0.813	-0.830	-0.799	-0.766	-0.806	-0.804	-0.803	-0.752	-0.738	-0.812	-0.442	-0.850	-0.859	-0.852	-0.852	-0.852	-0.859	-0.857	-0.847	-0.860	-0.832	-0.860	-0.861	-0.858	-0.860	-0.861	-0.831	-0.862	-0.880	-0.899	-0.878	-0.893	-0.882	-0.648	-0.687	-0.832	-0.685	-0.683	-0.900	-0.906	-0.767	-0.761	-0.732	-0.707	-0.575	-0.589	-0.789	-0.858	-0.791	-0.787	-0.783	-0.862	-0.864	-0.762	-0.762	-0.712	-0.795	-0.795	-0.839	-0.840	-0.839	-0.839	-0.715	-0.839	-0.839	-0.717	-0.839	-0.715	-0.835	-0.853	-0.861	-0.835	-0.759	-0.838	-0.853	-0.812	-0.921	-0.694	-0.693	-0.705	-0.772	-0.836	-0.792	-0.725	-0.712	-0.888	-0.316	-0.453	-0.736	-0.720	-0.737	-0.747	-0.736	-0.740	-0.676	-0.640	-0.641	-0.760	-0.772	-0.742	-0.643	-0.462	-0.541	-0.691	-0.744	-0.740	-0.836	-0.864	-0.741	-0.744	-0.876	-0.866	-0.944	-0.569	-0.866	-0.849	-0.607	-0.836	-0.596	-0.827	-0.763	-0.763	-0.690	-0.849	-0.763	-0.759	-0.835	-0.602	-0.860	-0.581	-0.849	-0.837	-0.835	-0.737	
rs2122449      -0.748	-0.812	-0.447	-0.447	-0.444	-0.502	-0.485	-0.412	-0.414	-0.414	-0.415	-0.524	-0.629	-0.504	-0.831	-0.710	-0.905	-0.786	-0.716	-0.675	-0.596	-0.930	-0.601	-0.581	-0.813	-0.519	-0.644	-0.687	-0.627	-0.595	-0.770	-0.767	-0.767	-0.833	-0.820	-0.879	-0.518	-0.920	-0.928	-0.920	-0.920	-0.920	-0.928	-0.925	-0.915	-0.928	-0.904	-0.928	-0.929	-0.927	-0.928	-0.929	-0.899	-0.930	-0.948	-0.967	-0.947	-0.960	-0.952	-0.713	-0.752	-0.900	-0.750	-0.749	-0.967	-0.972	-0.835	-0.830	-0.797	-0.773	-0.638	-0.653	-0.857	-0.926	-0.859	-0.855	-0.851	-0.928	-0.930	-0.828	-0.828	-0.778	-0.863	-0.863	-0.907	-0.908	-0.907	-0.907	-0.781	-0.908	-0.907	-0.783	-0.907	-0.781	-0.903	-0.919	-0.927	-0.904	-0.823	-0.906	-0.921	-0.881	-0.987	-0.759	-0.759	-0.773	-0.824	-0.902	-0.850	-0.794	-0.782	-0.958	-0.367	-0.514	-0.796	-0.789	-0.797	-0.807	-0.796	-0.799	-0.738	-0.710	-0.711	-0.816	-0.834	-0.802	-0.713	-0.514	-0.600	-0.756	-0.804	-0.800	-0.898	-0.928	-0.801	-0.804	-0.940	-0.930	-1.013	-0.629	-0.932	-0.912	-0.668	-0.899	-0.650	-0.892	-0.824	-0.824	-0.760	-0.912	-0.824	-0.820	-0.898	-0.663	-0.926	-0.642	-0.915	-0.899	-0.898	-0.804	
rs2122450      -0.747	-0.812	-0.446	-0.446	-0.442	-0.501	-0.484	-0.411	-0.413	-0.412	-0.414	-0.523	-0.628	-0.506	-0.832	-0.712	-0.904	-0.788	-0.715	-0.674	-0.599	-0.929	-0.607	-0.587	-0.813	-0.644	-0.519	-0.684	-0.630	-0.599	-0.771	-0.768	-0.768	-0.832	-0.819	-0.879	-0.517	-0.920	-0.928	-0.920	-0.920	-0.920	-0.928	-0.925	-0.915	-0.928	-0.903	-0.928	-0.929	-0.926	-0.928	-0.929	-0.899	-0.930	-0.948	-0.967	-0.946	-0.960	-0.952	-0.713	-0.752	-0.899	-0.750	-0.748	-0.967	-0.972	-0.835	-0.830	-0.797	-0.773	-0.638	-0.653	-0.857	-0.925	-0.859	-0.855	-0.851	-0.928	-0.930	-0.827	-0.827	-0.778	-0.862	-0.862	-0.907	-0.907	-0.907	-0.907	-0.780	-0.907	-0.907	-0.783	-0.907	-0.780	-0.902	-0.919	-0.927	-0.903	-0.823	-0.906	-0.921	-0.880	-0.987	-0.759	-0.759	-0.773	-0.824	-0.902	-0.849	-0.794	-0.781	-0.958	-0.367	-0.514	-0.795	-0.789	-0.797	-0.806	-0.796	-0.799	-0.738	-0.710	-0.711	-0.816	-0.833	-0.802	-0.712	-0.514	-0.600	-0.756	-0.804	-0.799	-0.898	-0.928	-0.801	-0.804	-0.939	-0.930	-1.012	-0.629	-0.932	-0.912	-0.668	-0.899	-0.649	-0.891	-0.824	-0.824	-0.759	-0.912	-0.824	-0.819	-0.897	-0.662	-0.926	-0.642	-0.915	-0.899	-0.897	-0.804	
rs12327217     -0.750	-0.796	-0.487	-0.487	-0.484	-0.542	-0.526	-0.454	-0.456	-0.455	-0.457	-0.562	-0.662	-0.406	-0.809	-0.687	-0.909	-0.725	-0.753	-0.710	-0.534	-0.932	-0.580	-0.565	-0.830	-0.687	-0.684	-0.521	-0.641	-0.573	-0.744	-0.740	-0.739	-0.837	-0.824	-0.881	-0.518	-0.923	-0.930	-0.922	-0.922	-0.922	-0.930	-0.927	-0.917	-0.930	-0.906	-0.930	-0.931	-0.929	-0.931	-0.931	-0.902	-0.933	-0.950	-0.969	-0.949	-0.963	-0.954	-0.713	-0.752	-0.901	-0.750	-0.749	-0.969	-0.974	-0.836	-0.832	-0.798	-0.773	-0.638	-0.653	-0.858	-0.927	-0.860	-0.856	-0.852	-0.929	-0.931	-0.830	-0.830	-0.779	-0.864	-0.864	-0.909	-0.910	-0.909	-0.909	-0.781	-0.910	-0.909	-0.783	-0.909	-0.781	-0.905	-0.920	-0.928	-0.906	-0.823	-0.908	-0.923	-0.883	-0.989	-0.761	-0.761	-0.774	-0.824	-0.905	-0.850	-0.797	-0.783	-0.960	-0.366	-0.511	-0.795	-0.792	-0.797	-0.807	-0.796	-0.799	-0.738	-0.710	-0.711	-0.818	-0.834	-0.802	-0.713	-0.514	-0.599	-0.759	-0.804	-0.799	-0.899	-0.930	-0.801	-0.804	-0.939	-0.929	-1.015	-0.628	-0.932	-0.913	-0.667	-0.900	-0.651	-0.895	-0.824	-0.824	-0.761	-0.913	-0.824	-0.820	-0.899	-0.662	-0.926	-0.641	-0.915	-0.900	-0.898	-0.803	
rs11660481     -0.739	-0.813	-0.425	-0.426	-0.422	-0.481	-0.464	-0.390	-0.392	-0.392	-0.393	-0.503	-0.610	-0.527	-0.841	-0.728	-0.896	-0.802	-0.696	-0.656	-0.626	-0.921	-0.659	-0.647	-0.799	-0.627	-0.630	-0.641	-0.511	-0.631	-0.776	-0.774	-0.773	-0.824	-0.810	-0.872	-0.510	-0.912	-0.919	-0.912	-0.912	-0.912	-0.919	-0.917	-0.906	-0.920	-0.895	-0.920	-0.921	-0.918	-0.920	-0.921	-0.891	-0.922	-0.940	-0.959	-0.938	-0.952	-0.944	-0.706	-0.745	-0.892	-0.743	-0.741	-0.960	-0.965	-0.827	-0.822	-0.791	-0.765	-0.631	-0.647	-0.850	-0.918	-0.851	-0.847	-0.843	-0.921	-0.923	-0.820	-0.820	-0.771	-0.855	-0.855	-0.900	-0.900	-0.900	-0.900	-0.773	-0.900	-0.900	-0.775	-0.900	-0.773	-0.895	-0.912	-0.920	-0.896	-0.816	-0.898	-0.914	-0.873	-0.980	-0.752	-0.752	-0.766	-0.817	-0.895	-0.843	-0.786	-0.774	-0.951	-0.362	-0.509	-0.788	-0.781	-0.790	-0.799	-0.789	-0.792	-0.732	-0.702	-0.704	-0.809	-0.827	-0.795	-0.705	-0.508	-0.594	-0.749	-0.796	-0.792	-0.891	-0.921	-0.794	-0.797	-0.932	-0.923	-1.005	-0.623	-0.925	-0.905	-0.662	-0.891	-0.643	-0.883	-0.817	-0.817	-0.752	-0.905	-0.817	-0.812	-0.890	-0.657	-0.919	-0.636	-0.907	-0.892	-0.891	-0.798	
rs11663912     -0.714	-0.795	-0.382	-0.382	-0.378	-0.438	-0.421	-0.346	-0.348	-0.347	-0.349	-0.461	-0.570	-0.537	-0.834	-0.723	-0.868	-0.803	-0.655	-0.616	-0.644	-0.894	-0.681	-0.676	-0.766	-0.595	-0.599	-0.573	-0.631	-0.482	-0.770	-0.769	-0.769	-0.795	-0.782	-0.847	-0.483	-0.885	-0.893	-0.885	-0.885	-0.885	-0.893	-0.890	-0.879	-0.893	-0.868	-0.893	-0.894	-0.891	-0.893	-0.894	-0.864	-0.895	-0.913	-0.933	-0.912	-0.926	-0.917	-0.680	-0.719	-0.866	-0.717	-0.715	-0.934	-0.939	-0.801	-0.796	-0.766	-0.739	-0.607	-0.622	-0.824	-0.892	-0.825	-0.821	-0.818	-0.896	-0.898	-0.795	-0.795	-0.745	-0.829	-0.829	-0.874	-0.875	-0.874	-0.875	-0.747	-0.875	-0.875	-0.749	-0.875	-0.747	-0.870	-0.887	-0.895	-0.871	-0.792	-0.873	-0.888	-0.848	-0.954	-0.727	-0.727	-0.740	-0.793	-0.869	-0.818	-0.760	-0.748	-0.925	-0.338	-0.487	-0.763	-0.755	-0.764	-0.774	-0.763	-0.766	-0.708	-0.676	-0.677	-0.784	-0.803	-0.769	-0.679	-0.485	-0.571	-0.724	-0.771	-0.766	-0.866	-0.894	-0.768	-0.771	-0.907	-0.897	-0.979	-0.600	-0.899	-0.880	-0.638	-0.865	-0.618	-0.857	-0.791	-0.791	-0.726	-0.880	-0.791	-0.786	-0.864	-0.633	-0.893	-0.612	-0.882	-0.868	-0.866	-0.774	
rs58502912     -0.757	-0.848	-0.481	-0.482	-0.478	-0.535	-0.519	-0.448	-0.450	-0.449	-0.451	-0.563	-0.661	-0.600	-0.901	-0.814	-0.920	-0.870	-0.724	-0.681	-0.716	-0.947	-0.790	-0.786	-0.806	-0.770	-0.771	-0.744	-0.776	-0.770	-0.532	-0.658	-0.658	-0.847	-0.834	-0.893	-0.530	-0.930	-0.939	-0.931	-0.931	-0.931	-0.938	-0.936	-0.925	-0.939	-0.913	-0.939	-0.940	-0.937	-0.939	-0.940	-0.910	-0.941	-0.959	-0.979	-0.958	-0.971	-0.962	-0.728	-0.766	-0.912	-0.764	-0.763	-0.981	-0.986	-0.848	-0.842	-0.812	-0.787	-0.654	-0.669	-0.871	-0.938	-0.872	-0.868	-0.864	-0.943	-0.945	-0.842	-0.842	-0.792	-0.876	-0.876	-0.921	-0.921	-0.921	-0.921	-0.794	-0.921	-0.921	-0.796	-0.921	-0.794	-0.917	-0.934	-0.942	-0.917	-0.839	-0.920	-0.935	-0.895	-1.001	-0.774	-0.774	-0.787	-0.841	-0.916	-0.866	-0.806	-0.794	-0.972	-0.387	-0.536	-0.810	-0.801	-0.812	-0.821	-0.811	-0.814	-0.756	-0.723	-0.724	-0.833	-0.851	-0.817	-0.726	-0.533	-0.619	-0.771	-0.818	-0.814	-0.914	-0.941	-0.816	-0.819	-0.955	-0.945	-1.025	-0.649	-0.947	-0.928	-0.687	-0.912	-0.666	-0.907	-0.838	-0.838	-0.772	-0.928	-0.839	-0.834	-0.911	-0.682	-0.941	-0.661	-0.930	-0.915	-0.914	-0.822	
rs57025117     -0.756	-0.847	-0.479	-0.480	-0.476	-0.533	-0.517	-0.446	-0.448	-0.447	-0.449	-0.561	-0.660	-0.601	-0.900	-0.813	-0.918	-0.869	-0.722	-0.678	-0.716	-0.945	-0.790	-0.786	-0.804	-0.767	-0.768	-0.740	-0.774	-0.769	-0.658	-0.531	-0.657	-0.845	-0.832	-0.892	-0.528	-0.928	-0.937	-0.929	-0.929	-0.929	-0.937	-0.934	-0.924	-0.937	-0.911	-0.937	-0.938	-0.936	-0.937	-0.938	-0.908	-0.939	-0.958	-0.978	-0.956	-0.970	-0.961	-0.726	-0.765	-0.910	-0.763	-0.761	-0.979	-0.984	-0.846	-0.840	-0.811	-0.785	-0.653	-0.668	-0.869	-0.937	-0.871	-0.867	-0.863	-0.941	-0.943	-0.840	-0.840	-0.791	-0.874	-0.874	-0.919	-0.920	-0.919	-0.920	-0.793	-0.920	-0.920	-0.795	-0.920	-0.793	-0.915	-0.933	-0.941	-0.916	-0.838	-0.918	-0.933	-0.893	-0.999	-0.773	-0.772	-0.786	-0.840	-0.914	-0.865	-0.804	-0.793	-0.970	-0.385	-0.534	-0.809	-0.799	-0.811	-0.820	-0.809	-0.813	-0.755	-0.722	-0.723	-0.831	-0.850	-0.815	-0.724	-0.532	-0.618	-0.770	-0.817	-0.813	-0.913	-0.940	-0.814	-0.817	-0.953	-0.944	-1.023	-0.647	-0.945	-0.926	-0.686	-0.911	-0.665	-0.905	-0.837	-0.837	-0.771	-0.926	-0.837	-0.832	-0.910	-0.681	-0.939	-0.660	-0.928	-0.914	-0.912	-0.820	
rs59218442     -0.755	-0.847	-0.479	-0.479	-0.475	-0.532	-0.516	-0.445	-0.447	-0.447	-0.448	-0.560	-0.659	-0.601	-0.900	-0.813	-0.917	-0.869	-0.721	-0.677	-0.716	-0.945	-0.789	-0.785	-0.803	-0.767	-0.768	-0.739	-0.773	-0.769	-0.658	-0.657	-0.530	-0.844	-0.831	-0.891	-0.527	-0.928	-0.936	-0.928	-0.928	-0.928	-0.936	-0.933	-0.923	-0.936	-0.911	-0.937	-0.937	-0.935	-0.937	-0.938	-0.907	-0.939	-0.957	-0.977	-0.955	-0.969	-0.960	-0.726	-0.764	-0.910	-0.762	-0.760	-0.979	-0.984	-0.845	-0.839	-0.810	-0.785	-0.652	-0.667	-0.868	-0.936	-0.870	-0.866	-0.862	-0.941	-0.942	-0.839	-0.839	-0.790	-0.874	-0.874	-0.919	-0.919	-0.919	-0.919	-0.792	-0.919	-0.919	-0.794	-0.919	-0.792	-0.914	-0.932	-0.940	-0.915	-0.837	-0.917	-0.932	-0.892	-0.998	-0.772	-0.772	-0.785	-0.839	-0.913	-0.864	-0.803	-0.792	-0.970	-0.385	-0.534	-0.808	-0.798	-0.810	-0.819	-0.809	-0.812	-0.754	-0.721	-0.722	-0.831	-0.849	-0.815	-0.724	-0.531	-0.618	-0.769	-0.816	-0.812	-0.912	-0.939	-0.814	-0.816	-0.953	-0.943	-1.022	-0.647	-0.944	-0.926	-0.685	-0.910	-0.664	-0.905	-0.836	-0.836	-0.770	-0.926	-0.836	-0.832	-0.909	-0.680	-0.938	-0.659	-0.927	-0.913	-0.912	-0.820	
rs8094950      -0.693	-0.783	-0.432	-0.433	-0.429	-0.484	-0.468	-0.399	-0.401	-0.401	-0.402	-0.509	-0.605	-0.550	-0.861	-0.824	-0.844	-0.832	-0.684	-0.626	-0.664	-0.872	-0.810	-0.808	-0.752	-0.833	-0.832	-0.837	-0.824	-0.795	-0.847	-0.845	-0.844	-0.458	-0.573	-0.821	-0.441	-0.853	-0.867	-0.859	-0.859	-0.859	-0.867	-0.864	-0.854	-0.867	-0.836	-0.867	-0.868	-0.866	-0.867	-0.868	-0.837	-0.870	-0.888	-0.908	-0.886	-0.899	-0.886	-0.641	-0.682	-0.840	-0.680	-0.679	-0.915	-0.919	-0.773	-0.766	-0.748	-0.703	-0.589	-0.604	-0.792	-0.866	-0.794	-0.790	-0.785	-0.880	-0.882	-0.789	-0.789	-0.709	-0.799	-0.799	-0.861	-0.861	-0.861	-0.861	-0.711	-0.861	-0.861	-0.714	-0.861	-0.712	-0.857	-0.872	-0.879	-0.858	-0.779	-0.860	-0.873	-0.837	-0.930	-0.727	-0.727	-0.710	-0.769	-0.858	-0.806	-0.728	-0.723	-0.905	-0.309	-0.448	-0.727	-0.723	-0.729	-0.739	-0.728	-0.731	-0.674	-0.650	-0.651	-0.773	-0.779	-0.734	-0.653	-0.469	-0.541	-0.723	-0.736	-0.731	-0.840	-0.865	-0.733	-0.736	-0.884	-0.875	-0.952	-0.559	-0.857	-0.852	-0.598	-0.834	-0.599	-0.846	-0.757	-0.757	-0.700	-0.852	-0.757	-0.752	-0.833	-0.593	-0.850	-0.571	-0.837	-0.840	-0.838	-0.745	
