## Summary of overall evidence for association with region:
## log10(BF for region) = -0.463284
## p-value for region = NA

## BFs for choosing among multi-SNP models:
## log10(average 1-SNP BF) = -0.391821
## log10(average 2-SNP BF) = -0.655565

## Example posterior probabilities for multi-SNP models, based on default prior: [p(l) propto 0.5^l for l=1,2,...,L]
## posterior probability of 1-SNP = 0.785909
## posterior probability of 2-SNP = 0.214091

## log10(BF) for single SNP and pair of SNPs:
rs2641114      -0.580	-0.848	-0.833	-0.831	-0.710	-0.699	-0.704	-0.845	-0.881	-0.855	-0.881	-0.855	-0.880	-0.852	-0.881	-0.853	-0.881	-0.877	-0.880	-0.813	-0.897	-0.856	-0.836	-0.845	-0.845	-0.840	-0.839	-0.838	-0.838	-0.837	-0.837	-0.776	-0.814	-0.944	-0.840	-0.925	-0.943	-0.824	-0.897	-0.830	-0.844	-0.919	-0.914	-0.916	-0.848	-0.915	-0.914	-0.910	-0.909	-0.858	-0.882	-0.896	-0.823	-0.973	-0.933	-0.893	-0.892	-0.893	-0.578	-0.571	-0.908	-0.908	-0.908	-0.908	-0.908	-0.897	-0.556	-0.898	-0.549	-0.898	-0.898	-0.580	-0.901	-0.875	-0.875	-0.898	-0.898	-0.896	-0.885	-0.898	-0.899	-0.898	-0.892	-0.898	-0.898	-0.898	-0.898	-0.526	-0.899	-0.997	-0.991	-0.625	-0.978	-0.964	-0.680	-0.964	-0.690	-0.979	-0.646	-0.694	-0.962	-0.888	-0.992	-0.679	-0.679	-0.678	-0.963	-0.679	-0.998	-0.995	-0.889	-0.986	-0.955	-0.678	-0.992	-1.070	-0.974	-0.890	-1.071	-1.071	-1.071	-1.071	-0.678	-0.978	-0.932	-0.561	-0.514	-0.891	-0.714	-0.899	-0.515	-0.709	-0.737	-0.890	-0.609	-0.646	-0.742	-0.642	-0.884	-0.967	-0.628	-0.613	-0.950	-0.637	-0.638	-0.883	-1.044	-0.646	-1.058	-0.970	-0.970	-1.058	-1.058	-0.648	-1.058	-0.883	-0.758	-0.884	-1.066	-1.066	-0.849	-0.865	-0.560	-0.884	-0.884	-0.661	-0.884	-0.733	-0.723	-0.481	-0.718	-0.685	-0.888	-0.711	-0.875	
rs6700034      -0.848	-0.481	-0.921	-0.928	-0.884	-0.893	-0.893	-0.854	-0.884	-0.872	-0.885	-0.872	-0.884	-0.870	-0.885	-0.870	-0.885	-0.883	-0.884	-0.847	-0.805	-0.872	-0.861	-0.864	-0.864	-0.861	-0.860	-0.860	-0.860	-0.859	-0.859	-0.823	-0.681	-0.830	-0.713	-0.803	-0.829	-0.692	-0.762	-0.700	-0.717	-0.791	-0.784	-0.787	-0.763	-0.785	-0.784	-0.779	-0.777	-0.770	-0.744	-0.761	-0.912	-0.845	-0.852	-0.806	-0.807	-0.798	-0.472	-0.465	-0.817	-0.817	-0.817	-0.817	-0.817	-0.809	-0.507	-0.809	-0.500	-0.809	-0.809	-0.528	-0.811	-0.798	-0.798	-0.810	-0.808	-0.808	-0.805	-0.809	-0.812	-0.809	-0.795	-0.809	-0.808	-0.806	-0.807	-0.479	-0.804	-0.853	-0.900	-0.540	-0.886	-0.869	-0.558	-0.869	-0.569	-0.887	-0.523	-0.574	-0.870	-0.793	-0.901	-0.557	-0.557	-0.556	-0.871	-0.557	-0.907	-0.904	-0.796	-0.892	-0.863	-0.556	-0.901	-0.979	-0.880	-0.798	-0.980	-0.980	-0.979	-0.980	-0.556	-0.890	-0.842	-0.460	-0.392	-0.797	-0.595	-0.808	-0.392	-0.589	-0.619	-0.796	-0.526	-0.562	-0.625	-0.566	-0.783	-0.871	-0.553	-0.538	-0.853	-0.561	-0.562	-0.783	-0.949	-0.570	-0.966	-0.874	-0.874	-0.966	-0.966	-0.572	-0.966	-0.783	-0.642	-0.784	-0.980	-0.980	-0.762	-0.752	-0.440	-0.784	-0.783	-0.620	-0.784	-0.654	-0.605	-0.361	-0.599	-0.609	-0.788	-0.592	-0.774	
rs490416       -0.833	-0.921	-0.631	-0.788	-0.876	-0.884	-0.885	-0.905	-0.945	-0.923	-0.946	-0.922	-0.945	-0.920	-0.946	-0.921	-0.946	-0.942	-0.945	-0.884	-0.945	-0.924	-0.906	-0.913	-0.913	-0.908	-0.907	-0.907	-0.907	-0.906	-0.906	-0.849	-0.843	-0.980	-0.871	-0.959	-0.979	-0.853	-0.924	-0.860	-0.875	-0.949	-0.943	-0.945	-0.898	-0.944	-0.943	-0.938	-0.937	-0.907	-0.908	-0.923	-0.959	-1.010	-0.993	-0.942	-0.941	-0.940	-0.617	-0.610	-0.955	-0.955	-0.955	-0.955	-0.955	-0.945	-0.623	-0.946	-0.617	-0.946	-0.946	-0.646	-0.949	-0.926	-0.926	-0.946	-0.946	-0.945	-0.935	-0.946	-0.948	-0.946	-0.938	-0.946	-0.946	-0.946	-0.946	-0.595	-0.945	-1.027	-1.038	-0.674	-1.020	-1.011	-0.705	-1.011	-0.716	-1.021	-0.670	-0.721	-1.001	-0.935	-1.039	-0.704	-0.704	-0.703	-1.003	-0.704	-1.046	-1.042	-0.936	-1.033	-0.994	-0.703	-1.039	-1.116	-1.021	-0.937	-1.118	-1.118	-1.117	-1.117	-0.703	-1.018	-0.982	-0.592	-0.536	-0.937	-0.741	-0.948	-0.539	-0.735	-0.765	-0.937	-0.659	-0.695	-0.771	-0.693	-0.919	-1.008	-0.679	-0.664	-0.991	-0.688	-0.689	-0.919	-1.090	-0.697	-1.106	-1.012	-1.012	-1.106	-1.106	-0.698	-1.106	-0.919	-0.788	-0.920	-1.113	-1.113	-0.893	-0.896	-0.584	-0.920	-0.919	-0.719	-0.920	-0.784	-0.752	-0.507	-0.746	-0.736	-0.924	-0.738	-0.910	
rs1689933      -0.831	-0.928	-0.788	-0.636	-0.873	-0.882	-0.883	-0.901	-0.955	-0.933	-0.956	-0.933	-0.955	-0.930	-0.955	-0.931	-0.955	-0.952	-0.955	-0.895	-0.950	-0.934	-0.916	-0.924	-0.923	-0.919	-0.918	-0.917	-0.917	-0.916	-0.916	-0.861	-0.844	-0.984	-0.873	-0.962	-0.983	-0.855	-0.927	-0.862	-0.877	-0.951	-0.946	-0.948	-0.904	-0.947	-0.946	-0.941	-0.940	-0.913	-0.910	-0.926	-0.968	-1.014	-0.998	-0.947	-0.946	-0.944	-0.620	-0.613	-0.959	-0.960	-0.960	-0.960	-0.960	-0.950	-0.631	-0.951	-0.624	-0.951	-0.951	-0.653	-0.953	-0.932	-0.932	-0.951	-0.951	-0.949	-0.941	-0.951	-0.953	-0.951	-0.942	-0.951	-0.950	-0.950	-0.950	-0.602	-0.950	-1.030	-1.043	-0.680	-1.026	-1.015	-0.707	-1.015	-0.717	-1.027	-0.671	-0.724	-1.007	-0.939	-1.045	-0.706	-0.706	-0.705	-1.008	-0.706	-1.051	-1.047	-0.940	-1.037	-1.000	-0.705	-1.044	-1.122	-1.025	-0.942	-1.123	-1.123	-1.122	-1.123	-0.705	-1.024	-0.986	-0.596	-0.539	-0.942	-0.743	-0.952	-0.541	-0.738	-0.767	-0.941	-0.665	-0.701	-0.773	-0.699	-0.924	-1.013	-0.686	-0.671	-0.996	-0.694	-0.695	-0.924	-1.095	-0.703	-1.111	-1.017	-1.017	-1.111	-1.111	-0.705	-1.111	-0.924	-0.790	-0.925	-1.118	-1.118	-0.899	-0.899	-0.586	-0.924	-0.924	-0.728	-0.925	-0.790	-0.754	-0.509	-0.748	-0.742	-0.929	-0.741	-0.915	
rs1815542      -0.710	-0.884	-0.876	-0.873	-0.609	-0.743	-0.746	-0.848	-0.922	-0.898	-0.924	-0.898	-0.922	-0.896	-0.922	-0.896	-0.922	-0.919	-0.922	-0.859	-0.924	-0.899	-0.881	-0.889	-0.888	-0.884	-0.883	-0.882	-0.882	-0.881	-0.881	-0.823	-0.832	-0.966	-0.859	-0.946	-0.965	-0.842	-0.915	-0.848	-0.863	-0.938	-0.933	-0.935	-0.876	-0.934	-0.933	-0.928	-0.927	-0.886	-0.900	-0.914	-0.874	-0.991	-0.961	-0.920	-0.920	-0.919	-0.599	-0.592	-0.934	-0.934	-0.934	-0.934	-0.934	-0.924	-0.591	-0.925	-0.584	-0.925	-0.925	-0.614	-0.928	-0.903	-0.903	-0.925	-0.925	-0.923	-0.913	-0.925	-0.926	-0.925	-0.918	-0.925	-0.925	-0.925	-0.925	-0.561	-0.925	-1.017	-1.018	-0.654	-1.005	-0.989	-0.696	-0.989	-0.706	-1.006	-0.661	-0.711	-0.988	-0.914	-1.019	-0.694	-0.694	-0.693	-0.989	-0.694	-1.025	-1.022	-0.915	-1.011	-0.981	-0.693	-1.019	-1.097	-0.999	-0.916	-1.098	-1.098	-1.097	-1.098	-0.693	-1.005	-0.958	-0.583	-0.529	-0.917	-0.731	-0.925	-0.530	-0.725	-0.754	-0.916	-0.638	-0.674	-0.759	-0.672	-0.907	-0.992	-0.659	-0.643	-0.975	-0.667	-0.668	-0.907	-1.070	-0.676	-1.085	-0.995	-0.995	-1.085	-1.085	-0.678	-1.085	-0.907	-0.776	-0.908	-1.093	-1.093	-0.876	-0.884	-0.576	-0.908	-0.907	-0.696	-0.908	-0.763	-0.740	-0.498	-0.735	-0.715	-0.912	-0.728	-0.898	
rs534019       -0.699	-0.893	-0.884	-0.882	-0.743	-0.615	-0.750	-0.846	-0.931	-0.909	-0.932	-0.908	-0.931	-0.906	-0.932	-0.906	-0.932	-0.928	-0.931	-0.870	-0.930	-0.909	-0.891	-0.899	-0.899	-0.894	-0.893	-0.893	-0.892	-0.892	-0.892	-0.835	-0.836	-0.971	-0.863	-0.950	-0.970	-0.846	-0.919	-0.852	-0.867	-0.942	-0.937	-0.939	-0.883	-0.938	-0.937	-0.932	-0.931	-0.892	-0.903	-0.918	-0.887	-0.995	-0.967	-0.927	-0.926	-0.926	-0.604	-0.597	-0.941	-0.941	-0.941	-0.941	-0.941	-0.931	-0.599	-0.931	-0.592	-0.931	-0.931	-0.622	-0.934	-0.910	-0.910	-0.931	-0.932	-0.930	-0.920	-0.931	-0.933	-0.931	-0.924	-0.931	-0.931	-0.931	-0.931	-0.570	-0.931	-1.022	-1.024	-0.661	-1.011	-0.995	-0.699	-0.995	-0.709	-1.012	-0.664	-0.714	-0.994	-0.920	-1.026	-0.697	-0.697	-0.697	-0.995	-0.698	-1.032	-1.028	-0.921	-1.017	-0.987	-0.696	-1.025	-1.103	-1.005	-0.923	-1.104	-1.104	-1.104	-1.104	-0.697	-1.011	-0.964	-0.588	-0.532	-0.923	-0.734	-0.931	-0.533	-0.728	-0.758	-0.923	-0.645	-0.681	-0.763	-0.679	-0.913	-0.998	-0.666	-0.651	-0.981	-0.674	-0.675	-0.912	-1.076	-0.683	-1.091	-1.001	-1.001	-1.091	-1.091	-0.685	-1.091	-0.913	-0.780	-0.913	-1.100	-1.100	-0.882	-0.888	-0.579	-0.913	-0.913	-0.705	-0.913	-0.770	-0.744	-0.501	-0.738	-0.722	-0.918	-0.731	-0.904	
rs562496       -0.704	-0.893	-0.885	-0.883	-0.746	-0.750	-0.615	-0.845	-0.932	-0.909	-0.933	-0.908	-0.932	-0.906	-0.932	-0.907	-0.932	-0.929	-0.932	-0.870	-0.931	-0.910	-0.891	-0.899	-0.899	-0.894	-0.893	-0.893	-0.893	-0.892	-0.892	-0.835	-0.836	-0.971	-0.863	-0.951	-0.970	-0.846	-0.919	-0.853	-0.867	-0.942	-0.937	-0.939	-0.883	-0.938	-0.937	-0.933	-0.932	-0.893	-0.903	-0.918	-0.887	-0.996	-0.968	-0.927	-0.927	-0.926	-0.605	-0.598	-0.941	-0.941	-0.941	-0.941	-0.941	-0.931	-0.600	-0.932	-0.593	-0.932	-0.932	-0.623	-0.934	-0.911	-0.911	-0.932	-0.932	-0.930	-0.920	-0.932	-0.933	-0.932	-0.924	-0.932	-0.932	-0.932	-0.932	-0.570	-0.931	-1.022	-1.024	-0.661	-1.011	-0.995	-0.699	-0.995	-0.709	-1.012	-0.664	-0.714	-0.994	-0.921	-1.026	-0.698	-0.698	-0.697	-0.996	-0.698	-1.032	-1.028	-0.922	-1.017	-0.988	-0.696	-1.025	-1.104	-1.006	-0.923	-1.105	-1.105	-1.104	-1.105	-0.697	-1.012	-0.965	-0.589	-0.532	-0.924	-0.734	-0.931	-0.533	-0.729	-0.758	-0.923	-0.645	-0.682	-0.763	-0.679	-0.913	-0.998	-0.666	-0.651	-0.981	-0.674	-0.675	-0.913	-1.076	-0.683	-1.091	-1.002	-1.002	-1.091	-1.091	-0.685	-1.091	-0.913	-0.780	-0.914	-1.100	-1.100	-0.883	-0.888	-0.580	-0.914	-0.913	-0.705	-0.914	-0.770	-0.744	-0.502	-0.739	-0.722	-0.918	-0.731	-0.904	
rs616145       -0.845	-0.854	-0.905	-0.901	-0.848	-0.846	-0.845	-0.586	-0.887	-0.862	-0.888	-0.861	-0.887	-0.859	-0.887	-0.859	-0.887	-0.883	-0.886	-0.820	-0.896	-0.862	-0.843	-0.852	-0.851	-0.846	-0.845	-0.845	-0.845	-0.844	-0.844	-0.783	-0.819	-0.944	-0.844	-0.926	-0.943	-0.828	-0.898	-0.834	-0.848	-0.920	-0.915	-0.917	-0.841	-0.916	-0.915	-0.911	-0.910	-0.855	-0.884	-0.897	-0.831	-0.976	-0.937	-0.898	-0.897	-0.898	-0.583	-0.576	-0.912	-0.912	-0.912	-0.912	-0.912	-0.902	-0.562	-0.903	-0.555	-0.903	-0.903	-0.586	-0.906	-0.879	-0.879	-0.903	-0.903	-0.901	-0.889	-0.903	-0.903	-0.903	-0.897	-0.903	-0.903	-0.903	-0.903	-0.532	-0.903	-1.001	-0.996	-0.631	-0.983	-0.963	-0.679	-0.963	-0.689	-0.984	-0.645	-0.692	-0.967	-0.893	-0.998	-0.678	-0.678	-0.677	-0.968	-0.678	-1.004	-1.000	-0.894	-0.985	-0.960	-0.676	-0.997	-1.075	-0.973	-0.894	-1.076	-1.077	-1.076	-1.076	-0.677	-0.983	-0.930	-0.554	-0.511	-0.896	-0.713	-0.896	-0.511	-0.708	-0.736	-0.895	-0.615	-0.651	-0.741	-0.648	-0.882	-0.966	-0.634	-0.619	-0.949	-0.643	-0.644	-0.881	-1.047	-0.652	-1.063	-0.969	-0.969	-1.063	-1.063	-0.654	-1.063	-0.881	-0.757	-0.882	-1.071	-1.071	-0.854	-0.866	-0.557	-0.882	-0.882	-0.669	-0.882	-0.739	-0.722	-0.476	-0.717	-0.691	-0.887	-0.710	-0.873	
rs518002       -0.881	-0.884	-0.945	-0.955	-0.922	-0.931	-0.932	-0.887	-0.546	-0.668	-0.676	-0.667	-0.676	-0.664	-0.677	-0.665	-0.677	-0.676	-0.680	-0.551	-0.865	-0.674	-0.643	-0.654	-0.654	-0.651	-0.652	-0.652	-0.652	-0.651	-0.651	-0.520	-0.769	-0.908	-0.797	-0.886	-0.907	-0.779	-0.854	-0.786	-0.801	-0.878	-0.873	-0.875	-0.815	-0.874	-0.873	-0.868	-0.867	-0.825	-0.838	-0.853	-0.956	-0.925	-0.912	-0.866	-0.866	-0.862	-0.543	-0.536	-0.879	-0.879	-0.879	-0.879	-0.879	-0.870	-0.577	-0.870	-0.571	-0.870	-0.870	-0.598	-0.873	-0.854	-0.854	-0.871	-0.870	-0.869	-0.862	-0.870	-0.872	-0.870	-0.860	-0.870	-0.870	-0.869	-0.869	-0.551	-0.868	-0.936	-0.960	-0.612	-0.946	-0.929	-0.598	-0.929	-0.609	-0.947	-0.561	-0.617	-0.929	-0.857	-0.961	-0.597	-0.596	-0.596	-0.930	-0.597	-0.966	-0.963	-0.858	-0.952	-0.922	-0.595	-0.961	-1.032	-0.940	-0.860	-1.034	-1.034	-1.033	-1.034	-0.596	-0.939	-0.900	-0.530	-0.464	-0.860	-0.636	-0.865	-0.447	-0.630	-0.661	-0.859	-0.596	-0.632	-0.668	-0.634	-0.844	-0.915	-0.621	-0.607	-0.895	-0.629	-0.630	-0.844	-0.997	-0.637	-1.018	-0.918	-0.918	-1.018	-1.018	-0.639	-1.018	-0.844	-0.685	-0.845	-1.041	-1.041	-0.832	-0.817	-0.512	-0.845	-0.844	-0.676	-0.845	-0.721	-0.647	-0.415	-0.641	-0.676	-0.849	-0.634	-0.835	
rs519719       -0.855	-0.872	-0.923	-0.933	-0.898	-0.909	-0.909	-0.862	-0.668	-0.532	-0.667	-0.659	-0.668	-0.658	-0.668	-0.658	-0.668	-0.671	-0.672	-0.638	-0.851	-0.665	-0.649	-0.676	-0.676	-0.676	-0.677	-0.677	-0.677	-0.676	-0.676	-0.601	-0.759	-0.896	-0.786	-0.875	-0.896	-0.769	-0.844	-0.776	-0.790	-0.868	-0.863	-0.865	-0.801	-0.864	-0.863	-0.858	-0.857	-0.810	-0.829	-0.843	-0.950	-0.911	-0.898	-0.852	-0.853	-0.848	-0.536	-0.529	-0.865	-0.865	-0.865	-0.865	-0.865	-0.856	-0.566	-0.856	-0.560	-0.856	-0.856	-0.587	-0.860	-0.839	-0.839	-0.857	-0.856	-0.855	-0.848	-0.856	-0.858	-0.856	-0.846	-0.856	-0.856	-0.855	-0.856	-0.539	-0.854	-0.921	-0.947	-0.601	-0.932	-0.916	-0.582	-0.916	-0.592	-0.933	-0.544	-0.601	-0.915	-0.843	-0.949	-0.580	-0.580	-0.579	-0.917	-0.580	-0.953	-0.951	-0.845	-0.939	-0.909	-0.579	-0.948	-1.018	-0.927	-0.846	-1.020	-1.020	-1.019	-1.020	-0.580	-0.924	-0.887	-0.522	-0.458	-0.846	-0.620	-0.851	-0.434	-0.614	-0.645	-0.845	-0.586	-0.621	-0.652	-0.623	-0.832	-0.899	-0.610	-0.596	-0.879	-0.618	-0.619	-0.831	-0.981	-0.626	-1.004	-0.902	-0.902	-1.003	-1.003	-0.628	-1.003	-0.832	-0.670	-0.832	-1.027	-1.027	-0.824	-0.807	-0.506	-0.832	-0.832	-0.663	-0.832	-0.709	-0.632	-0.402	-0.626	-0.664	-0.836	-0.618	-0.822	
rs601909       -0.881	-0.885	-0.946	-0.956	-0.924	-0.932	-0.933	-0.888	-0.676	-0.667	-0.547	-0.666	-0.675	-0.662	-0.675	-0.663	-0.675	-0.674	-0.678	-0.535	-0.865	-0.673	-0.638	-0.651	-0.650	-0.647	-0.649	-0.649	-0.649	-0.648	-0.648	-0.511	-0.770	-0.908	-0.797	-0.887	-0.907	-0.780	-0.855	-0.786	-0.801	-0.879	-0.874	-0.876	-0.815	-0.875	-0.874	-0.869	-0.868	-0.826	-0.839	-0.854	-0.957	-0.926	-0.912	-0.867	-0.867	-0.863	-0.544	-0.537	-0.879	-0.880	-0.880	-0.880	-0.880	-0.870	-0.578	-0.871	-0.572	-0.871	-0.871	-0.599	-0.874	-0.854	-0.854	-0.871	-0.871	-0.870	-0.863	-0.871	-0.873	-0.871	-0.860	-0.871	-0.870	-0.869	-0.870	-0.551	-0.868	-0.937	-0.960	-0.612	-0.947	-0.930	-0.599	-0.930	-0.609	-0.947	-0.561	-0.617	-0.929	-0.857	-0.962	-0.597	-0.597	-0.596	-0.931	-0.597	-0.966	-0.964	-0.859	-0.952	-0.923	-0.596	-0.961	-1.033	-0.940	-0.861	-1.035	-1.035	-1.033	-1.034	-0.597	-0.940	-0.901	-0.531	-0.465	-0.861	-0.637	-0.865	-0.448	-0.630	-0.662	-0.860	-0.597	-0.633	-0.668	-0.634	-0.845	-0.915	-0.622	-0.607	-0.896	-0.630	-0.631	-0.845	-0.997	-0.638	-1.019	-0.919	-0.919	-1.019	-1.019	-0.640	-1.019	-0.845	-0.686	-0.846	-1.041	-1.041	-0.833	-0.818	-0.512	-0.845	-0.845	-0.677	-0.845	-0.721	-0.648	-0.416	-0.642	-0.676	-0.850	-0.635	-0.835	
rs544541       -0.855	-0.872	-0.922	-0.933	-0.898	-0.908	-0.908	-0.861	-0.667	-0.659	-0.666	-0.531	-0.667	-0.657	-0.667	-0.658	-0.667	-0.670	-0.671	-0.638	-0.850	-0.665	-0.649	-0.676	-0.676	-0.675	-0.676	-0.676	-0.676	-0.676	-0.676	-0.602	-0.759	-0.896	-0.786	-0.875	-0.895	-0.769	-0.844	-0.775	-0.790	-0.868	-0.863	-0.865	-0.800	-0.864	-0.863	-0.858	-0.857	-0.810	-0.829	-0.843	-0.950	-0.911	-0.898	-0.852	-0.852	-0.848	-0.535	-0.528	-0.865	-0.865	-0.865	-0.865	-0.865	-0.856	-0.566	-0.856	-0.560	-0.856	-0.856	-0.587	-0.859	-0.839	-0.839	-0.856	-0.856	-0.855	-0.848	-0.856	-0.858	-0.856	-0.846	-0.856	-0.856	-0.855	-0.855	-0.539	-0.854	-0.921	-0.947	-0.601	-0.932	-0.916	-0.581	-0.916	-0.592	-0.933	-0.544	-0.601	-0.915	-0.843	-0.948	-0.580	-0.580	-0.579	-0.917	-0.580	-0.953	-0.950	-0.845	-0.938	-0.909	-0.579	-0.948	-1.018	-0.927	-0.846	-1.020	-1.020	-1.018	-1.019	-0.579	-0.924	-0.887	-0.522	-0.458	-0.846	-0.619	-0.851	-0.434	-0.613	-0.645	-0.845	-0.586	-0.621	-0.651	-0.622	-0.832	-0.898	-0.610	-0.595	-0.878	-0.618	-0.619	-0.831	-0.981	-0.626	-1.003	-0.902	-0.902	-1.003	-1.003	-0.628	-1.003	-0.831	-0.669	-0.832	-1.027	-1.027	-0.824	-0.806	-0.505	-0.832	-0.832	-0.662	-0.832	-0.709	-0.631	-0.401	-0.625	-0.664	-0.836	-0.618	-0.822	
rs600056       -0.880	-0.884	-0.945	-0.955	-0.922	-0.931	-0.932	-0.887	-0.676	-0.668	-0.675	-0.667	-0.546	-0.663	-0.674	-0.664	-0.675	-0.673	-0.677	-0.541	-0.865	-0.673	-0.640	-0.652	-0.652	-0.649	-0.651	-0.650	-0.650	-0.650	-0.650	-0.517	-0.769	-0.908	-0.797	-0.886	-0.907	-0.779	-0.854	-0.786	-0.801	-0.879	-0.873	-0.875	-0.815	-0.874	-0.873	-0.868	-0.867	-0.825	-0.838	-0.853	-0.957	-0.925	-0.912	-0.866	-0.866	-0.862	-0.543	-0.536	-0.879	-0.879	-0.879	-0.879	-0.879	-0.870	-0.578	-0.870	-0.571	-0.870	-0.870	-0.598	-0.873	-0.853	-0.853	-0.870	-0.870	-0.869	-0.862	-0.870	-0.872	-0.870	-0.860	-0.870	-0.870	-0.869	-0.869	-0.551	-0.868	-0.936	-0.960	-0.612	-0.946	-0.929	-0.598	-0.929	-0.608	-0.947	-0.560	-0.617	-0.929	-0.857	-0.961	-0.596	-0.596	-0.596	-0.930	-0.597	-0.966	-0.963	-0.858	-0.952	-0.922	-0.595	-0.961	-1.032	-0.940	-0.860	-1.034	-1.034	-1.033	-1.034	-0.596	-0.939	-0.900	-0.530	-0.464	-0.860	-0.636	-0.865	-0.447	-0.630	-0.661	-0.859	-0.597	-0.632	-0.668	-0.634	-0.844	-0.915	-0.621	-0.607	-0.895	-0.629	-0.630	-0.844	-0.997	-0.638	-1.018	-0.918	-0.918	-1.018	-1.018	-0.639	-1.018	-0.844	-0.685	-0.845	-1.041	-1.041	-0.832	-0.817	-0.512	-0.845	-0.844	-0.676	-0.845	-0.721	-0.647	-0.415	-0.641	-0.676	-0.849	-0.634	-0.835	
rs551046       -0.852	-0.870	-0.920	-0.930	-0.896	-0.906	-0.906	-0.859	-0.664	-0.658	-0.662	-0.657	-0.663	-0.530	-0.663	-0.657	-0.663	-0.667	-0.667	-0.640	-0.849	-0.664	-0.649	-0.676	-0.676	-0.675	-0.676	-0.676	-0.676	-0.676	-0.676	-0.606	-0.758	-0.895	-0.785	-0.874	-0.894	-0.768	-0.843	-0.774	-0.789	-0.867	-0.862	-0.864	-0.799	-0.863	-0.862	-0.857	-0.856	-0.809	-0.828	-0.842	-0.949	-0.910	-0.896	-0.851	-0.851	-0.847	-0.535	-0.528	-0.863	-0.864	-0.864	-0.864	-0.864	-0.854	-0.565	-0.855	-0.559	-0.855	-0.855	-0.585	-0.858	-0.837	-0.837	-0.855	-0.855	-0.854	-0.846	-0.855	-0.856	-0.855	-0.845	-0.855	-0.854	-0.854	-0.854	-0.538	-0.853	-0.919	-0.946	-0.600	-0.931	-0.915	-0.580	-0.915	-0.590	-0.932	-0.542	-0.599	-0.914	-0.842	-0.947	-0.578	-0.578	-0.577	-0.915	-0.578	-0.951	-0.949	-0.843	-0.937	-0.907	-0.577	-0.947	-1.016	-0.925	-0.845	-1.018	-1.018	-1.017	-1.018	-0.578	-0.922	-0.885	-0.521	-0.458	-0.845	-0.618	-0.850	-0.432	-0.612	-0.643	-0.844	-0.585	-0.620	-0.650	-0.621	-0.830	-0.897	-0.609	-0.594	-0.877	-0.617	-0.617	-0.830	-0.979	-0.625	-1.002	-0.900	-0.900	-1.002	-1.002	-0.627	-1.002	-0.830	-0.668	-0.831	-1.026	-1.026	-0.823	-0.805	-0.505	-0.831	-0.830	-0.661	-0.831	-0.708	-0.630	-0.400	-0.624	-0.663	-0.835	-0.616	-0.821	
rs1253898      -0.881	-0.885	-0.946	-0.955	-0.922	-0.932	-0.932	-0.887	-0.677	-0.668	-0.675	-0.667	-0.674	-0.663	-0.546	-0.663	-0.675	-0.673	-0.677	-0.538	-0.865	-0.673	-0.639	-0.651	-0.651	-0.648	-0.650	-0.650	-0.650	-0.649	-0.649	-0.516	-0.769	-0.908	-0.797	-0.886	-0.907	-0.779	-0.854	-0.786	-0.801	-0.879	-0.873	-0.876	-0.815	-0.874	-0.873	-0.868	-0.868	-0.825	-0.839	-0.853	-0.957	-0.925	-0.912	-0.867	-0.867	-0.862	-0.543	-0.536	-0.879	-0.879	-0.879	-0.879	-0.879	-0.870	-0.578	-0.870	-0.572	-0.870	-0.870	-0.598	-0.873	-0.854	-0.854	-0.871	-0.870	-0.869	-0.862	-0.870	-0.872	-0.870	-0.860	-0.870	-0.870	-0.869	-0.870	-0.551	-0.868	-0.936	-0.960	-0.612	-0.946	-0.929	-0.598	-0.929	-0.609	-0.947	-0.561	-0.617	-0.929	-0.857	-0.961	-0.597	-0.597	-0.596	-0.930	-0.597	-0.966	-0.963	-0.859	-0.952	-0.922	-0.595	-0.961	-1.032	-0.940	-0.860	-1.034	-1.034	-1.033	-1.034	-0.596	-0.939	-0.900	-0.530	-0.464	-0.860	-0.636	-0.865	-0.447	-0.630	-0.661	-0.859	-0.597	-0.632	-0.668	-0.634	-0.845	-0.915	-0.621	-0.607	-0.895	-0.629	-0.630	-0.844	-0.997	-0.638	-1.018	-0.918	-0.918	-1.018	-1.018	-0.640	-1.018	-0.844	-0.686	-0.845	-1.041	-1.041	-0.833	-0.817	-0.512	-0.845	-0.845	-0.676	-0.845	-0.721	-0.648	-0.415	-0.642	-0.676	-0.849	-0.634	-0.835	
rs1253897      -0.853	-0.870	-0.921	-0.931	-0.896	-0.906	-0.907	-0.859	-0.665	-0.658	-0.663	-0.658	-0.664	-0.657	-0.663	-0.530	-0.663	-0.667	-0.668	-0.640	-0.849	-0.664	-0.649	-0.676	-0.676	-0.675	-0.676	-0.676	-0.676	-0.676	-0.676	-0.606	-0.758	-0.895	-0.785	-0.874	-0.894	-0.768	-0.843	-0.775	-0.789	-0.867	-0.862	-0.864	-0.799	-0.863	-0.862	-0.857	-0.856	-0.809	-0.828	-0.842	-0.949	-0.910	-0.896	-0.851	-0.851	-0.847	-0.535	-0.528	-0.864	-0.864	-0.864	-0.864	-0.864	-0.854	-0.565	-0.855	-0.559	-0.855	-0.855	-0.586	-0.858	-0.837	-0.837	-0.855	-0.855	-0.854	-0.846	-0.855	-0.857	-0.855	-0.845	-0.855	-0.854	-0.854	-0.854	-0.538	-0.853	-0.919	-0.946	-0.600	-0.931	-0.915	-0.580	-0.915	-0.590	-0.932	-0.542	-0.599	-0.914	-0.842	-0.947	-0.578	-0.578	-0.578	-0.915	-0.579	-0.951	-0.949	-0.843	-0.937	-0.907	-0.577	-0.947	-1.016	-0.926	-0.845	-1.018	-1.018	-1.017	-1.018	-0.578	-0.923	-0.885	-0.521	-0.458	-0.845	-0.618	-0.850	-0.433	-0.612	-0.643	-0.844	-0.585	-0.620	-0.650	-0.621	-0.830	-0.897	-0.609	-0.594	-0.877	-0.617	-0.618	-0.830	-0.980	-0.625	-1.002	-0.900	-0.900	-1.002	-1.002	-0.627	-1.002	-0.830	-0.668	-0.831	-1.026	-1.026	-0.823	-0.805	-0.505	-0.831	-0.830	-0.661	-0.831	-0.708	-0.630	-0.400	-0.624	-0.663	-0.835	-0.616	-0.821	
rs1253896      -0.881	-0.885	-0.946	-0.955	-0.922	-0.932	-0.932	-0.887	-0.677	-0.668	-0.675	-0.667	-0.675	-0.663	-0.675	-0.663	-0.546	-0.673	-0.677	-0.537	-0.865	-0.673	-0.639	-0.651	-0.651	-0.648	-0.650	-0.650	-0.649	-0.649	-0.649	-0.515	-0.769	-0.908	-0.797	-0.886	-0.907	-0.779	-0.855	-0.786	-0.801	-0.879	-0.873	-0.876	-0.815	-0.874	-0.873	-0.869	-0.868	-0.825	-0.839	-0.853	-0.957	-0.925	-0.912	-0.867	-0.867	-0.862	-0.544	-0.537	-0.879	-0.879	-0.879	-0.879	-0.879	-0.870	-0.578	-0.870	-0.572	-0.870	-0.870	-0.599	-0.874	-0.854	-0.854	-0.871	-0.870	-0.869	-0.862	-0.870	-0.872	-0.870	-0.860	-0.870	-0.870	-0.869	-0.870	-0.551	-0.868	-0.936	-0.960	-0.612	-0.946	-0.929	-0.598	-0.930	-0.609	-0.947	-0.561	-0.617	-0.929	-0.857	-0.962	-0.597	-0.597	-0.596	-0.930	-0.597	-0.966	-0.963	-0.859	-0.952	-0.922	-0.596	-0.961	-1.033	-0.940	-0.860	-1.034	-1.034	-1.033	-1.034	-0.596	-0.939	-0.900	-0.530	-0.465	-0.860	-0.636	-0.865	-0.447	-0.630	-0.661	-0.859	-0.597	-0.632	-0.668	-0.634	-0.845	-0.915	-0.622	-0.607	-0.895	-0.630	-0.630	-0.844	-0.997	-0.638	-1.019	-0.919	-0.919	-1.018	-1.018	-0.640	-1.018	-0.845	-0.686	-0.845	-1.041	-1.041	-0.833	-0.818	-0.512	-0.845	-0.845	-0.676	-0.845	-0.721	-0.648	-0.415	-0.642	-0.676	-0.849	-0.634	-0.835	
rs584273       -0.877	-0.883	-0.942	-0.952	-0.919	-0.928	-0.929	-0.883	-0.676	-0.671	-0.674	-0.670	-0.673	-0.667	-0.673	-0.667	-0.673	-0.544	-0.675	-0.559	-0.863	-0.675	-0.644	-0.655	-0.655	-0.654	-0.654	-0.654	-0.654	-0.653	-0.653	-0.530	-0.768	-0.906	-0.795	-0.885	-0.905	-0.778	-0.853	-0.785	-0.799	-0.877	-0.872	-0.874	-0.813	-0.873	-0.872	-0.867	-0.866	-0.823	-0.837	-0.852	-0.956	-0.923	-0.910	-0.864	-0.864	-0.860	-0.542	-0.535	-0.877	-0.877	-0.877	-0.877	-0.877	-0.868	-0.576	-0.868	-0.570	-0.868	-0.868	-0.597	-0.871	-0.851	-0.851	-0.869	-0.868	-0.867	-0.860	-0.868	-0.870	-0.868	-0.858	-0.868	-0.868	-0.867	-0.867	-0.549	-0.866	-0.934	-0.958	-0.610	-0.944	-0.927	-0.596	-0.928	-0.606	-0.945	-0.558	-0.614	-0.927	-0.855	-0.960	-0.594	-0.594	-0.593	-0.928	-0.594	-0.964	-0.961	-0.856	-0.950	-0.920	-0.593	-0.959	-1.030	-0.938	-0.858	-1.032	-1.032	-1.031	-1.032	-0.594	-0.937	-0.898	-0.529	-0.464	-0.858	-0.634	-0.863	-0.445	-0.627	-0.659	-0.857	-0.595	-0.631	-0.665	-0.632	-0.843	-0.913	-0.620	-0.605	-0.893	-0.628	-0.629	-0.842	-0.995	-0.636	-1.016	-0.916	-0.916	-1.016	-1.016	-0.638	-1.016	-0.843	-0.683	-0.843	-1.039	-1.039	-0.831	-0.816	-0.511	-0.843	-0.843	-0.674	-0.843	-0.719	-0.645	-0.413	-0.639	-0.674	-0.847	-0.632	-0.833	
rs661784       -0.880	-0.884	-0.945	-0.955	-0.922	-0.931	-0.932	-0.886	-0.680	-0.672	-0.678	-0.671	-0.677	-0.667	-0.677	-0.668	-0.677	-0.675	-0.546	-0.558	-0.864	-0.676	-0.644	-0.655	-0.655	-0.653	-0.654	-0.653	-0.653	-0.653	-0.653	-0.527	-0.769	-0.908	-0.797	-0.886	-0.907	-0.779	-0.854	-0.786	-0.801	-0.879	-0.873	-0.875	-0.815	-0.874	-0.873	-0.868	-0.867	-0.825	-0.839	-0.853	-0.957	-0.925	-0.912	-0.866	-0.866	-0.862	-0.543	-0.536	-0.879	-0.879	-0.879	-0.879	-0.879	-0.869	-0.577	-0.870	-0.571	-0.870	-0.870	-0.598	-0.873	-0.853	-0.853	-0.870	-0.870	-0.869	-0.862	-0.870	-0.872	-0.870	-0.859	-0.870	-0.869	-0.869	-0.869	-0.551	-0.868	-0.935	-0.960	-0.612	-0.946	-0.929	-0.598	-0.929	-0.608	-0.947	-0.560	-0.616	-0.929	-0.857	-0.961	-0.596	-0.596	-0.595	-0.930	-0.596	-0.966	-0.963	-0.858	-0.951	-0.922	-0.595	-0.961	-1.032	-0.940	-0.860	-1.034	-1.034	-1.033	-1.033	-0.596	-0.939	-0.900	-0.530	-0.465	-0.860	-0.636	-0.864	-0.447	-0.629	-0.661	-0.859	-0.597	-0.632	-0.667	-0.634	-0.844	-0.914	-0.621	-0.607	-0.895	-0.629	-0.630	-0.844	-0.996	-0.637	-1.018	-0.918	-0.918	-1.018	-1.018	-0.639	-1.018	-0.844	-0.685	-0.845	-1.040	-1.040	-0.832	-0.817	-0.512	-0.845	-0.844	-0.676	-0.845	-0.721	-0.647	-0.415	-0.641	-0.676	-0.849	-0.634	-0.835	
rs660423       -0.813	-0.847	-0.884	-0.895	-0.859	-0.870	-0.870	-0.820	-0.551	-0.638	-0.535	-0.638	-0.541	-0.640	-0.538	-0.640	-0.537	-0.559	-0.558	-0.504	-0.824	-0.641	-0.651	-0.643	-0.644	-0.650	-0.653	-0.653	-0.653	-0.654	-0.654	-0.636	-0.738	-0.873	-0.765	-0.853	-0.873	-0.748	-0.824	-0.755	-0.768	-0.848	-0.843	-0.845	-0.772	-0.843	-0.843	-0.838	-0.837	-0.783	-0.810	-0.823	-0.933	-0.885	-0.871	-0.826	-0.826	-0.822	-0.518	-0.511	-0.839	-0.839	-0.839	-0.839	-0.839	-0.829	-0.543	-0.830	-0.537	-0.830	-0.830	-0.564	-0.833	-0.812	-0.812	-0.830	-0.830	-0.829	-0.821	-0.830	-0.831	-0.830	-0.820	-0.830	-0.830	-0.829	-0.829	-0.517	-0.828	-0.892	-0.923	-0.580	-0.906	-0.892	-0.552	-0.892	-0.562	-0.907	-0.514	-0.571	-0.890	-0.817	-0.924	-0.550	-0.550	-0.549	-0.891	-0.551	-0.928	-0.926	-0.819	-0.914	-0.883	-0.549	-0.924	-0.991	-0.902	-0.820	-0.993	-0.993	-0.991	-0.992	-0.550	-0.896	-0.862	-0.504	-0.444	-0.820	-0.590	-0.826	-0.410	-0.584	-0.616	-0.819	-0.564	-0.599	-0.623	-0.600	-0.808	-0.869	-0.588	-0.574	-0.849	-0.596	-0.597	-0.808	-0.953	-0.604	-0.976	-0.873	-0.873	-0.976	-0.976	-0.606	-0.976	-0.808	-0.641	-0.809	-1.002	-1.002	-0.807	-0.785	-0.491	-0.809	-0.808	-0.637	-0.808	-0.686	-0.602	-0.377	-0.596	-0.642	-0.813	-0.589	-0.798	
rs10493000     -0.897	-0.805	-0.945	-0.950	-0.924	-0.930	-0.931	-0.896	-0.865	-0.851	-0.865	-0.850	-0.865	-0.849	-0.865	-0.849	-0.865	-0.863	-0.864	-0.824	-0.464	-0.851	-0.839	-0.843	-0.842	-0.839	-0.838	-0.838	-0.838	-0.837	-0.837	-0.799	-0.676	-0.788	-0.707	-0.760	-0.788	-0.687	-0.688	-0.694	-0.710	-0.718	-0.711	-0.714	-0.630	-0.713	-0.711	-0.705	-0.704	-0.649	-0.663	-0.686	-0.893	-0.848	-0.837	-0.791	-0.792	-0.785	-0.439	-0.432	-0.804	-0.804	-0.804	-0.804	-0.804	-0.794	-0.488	-0.794	-0.481	-0.794	-0.795	-0.509	-0.797	-0.781	-0.781	-0.795	-0.794	-0.794	-0.789	-0.795	-0.798	-0.795	-0.782	-0.795	-0.794	-0.793	-0.793	-0.460	-0.791	-0.869	-0.883	-0.520	-0.870	-0.849	-0.533	-0.849	-0.543	-0.871	-0.496	-0.549	-0.852	-0.780	-0.885	-0.531	-0.531	-0.530	-0.854	-0.532	-0.891	-0.887	-0.782	-0.872	-0.845	-0.530	-0.884	-0.963	-0.860	-0.784	-0.965	-0.965	-0.964	-0.964	-0.531	-0.872	-0.821	-0.432	-0.361	-0.784	-0.570	-0.786	-0.363	-0.564	-0.594	-0.783	-0.505	-0.542	-0.600	-0.540	-0.762	-0.852	-0.527	-0.512	-0.834	-0.536	-0.537	-0.761	-0.934	-0.544	-0.951	-0.855	-0.855	-0.951	-0.951	-0.546	-0.951	-0.761	-0.618	-0.762	-0.965	-0.965	-0.741	-0.729	-0.409	-0.762	-0.762	-0.589	-0.762	-0.633	-0.580	-0.325	-0.574	-0.584	-0.766	-0.567	-0.752	
rs561411       -0.856	-0.872	-0.924	-0.934	-0.899	-0.909	-0.910	-0.862	-0.674	-0.665	-0.673	-0.665	-0.673	-0.664	-0.673	-0.664	-0.673	-0.675	-0.676	-0.641	-0.851	-0.532	-0.647	-0.676	-0.676	-0.675	-0.676	-0.676	-0.676	-0.676	-0.676	-0.600	-0.760	-0.897	-0.787	-0.876	-0.896	-0.770	-0.845	-0.776	-0.791	-0.869	-0.864	-0.866	-0.801	-0.865	-0.864	-0.859	-0.858	-0.811	-0.830	-0.844	-0.951	-0.912	-0.899	-0.853	-0.853	-0.849	-0.536	-0.529	-0.866	-0.866	-0.866	-0.866	-0.866	-0.856	-0.567	-0.857	-0.561	-0.857	-0.857	-0.587	-0.860	-0.840	-0.840	-0.857	-0.857	-0.856	-0.849	-0.857	-0.859	-0.857	-0.847	-0.857	-0.856	-0.856	-0.856	-0.540	-0.855	-0.921	-0.948	-0.602	-0.933	-0.917	-0.582	-0.917	-0.593	-0.934	-0.545	-0.601	-0.916	-0.844	-0.949	-0.581	-0.581	-0.580	-0.917	-0.581	-0.954	-0.951	-0.845	-0.939	-0.909	-0.579	-0.949	-1.019	-0.928	-0.847	-1.020	-1.021	-1.019	-1.020	-0.580	-0.925	-0.888	-0.523	-0.459	-0.847	-0.620	-0.852	-0.435	-0.614	-0.646	-0.846	-0.587	-0.622	-0.652	-0.623	-0.833	-0.899	-0.611	-0.596	-0.879	-0.619	-0.620	-0.832	-0.982	-0.627	-1.004	-0.903	-0.903	-1.004	-1.004	-0.629	-1.004	-0.832	-0.670	-0.833	-1.028	-1.028	-0.825	-0.807	-0.506	-0.833	-0.833	-0.663	-0.833	-0.710	-0.632	-0.403	-0.626	-0.665	-0.837	-0.619	-0.823	
rs479288       -0.836	-0.861	-0.906	-0.916	-0.881	-0.891	-0.891	-0.843	-0.643	-0.649	-0.638	-0.649	-0.640	-0.649	-0.639	-0.649	-0.639	-0.644	-0.644	-0.651	-0.839	-0.647	-0.520	-0.667	-0.668	-0.670	-0.671	-0.671	-0.671	-0.671	-0.671	-0.622	-0.751	-0.887	-0.777	-0.866	-0.886	-0.760	-0.836	-0.767	-0.781	-0.860	-0.855	-0.857	-0.789	-0.856	-0.855	-0.850	-0.849	-0.799	-0.821	-0.835	-0.944	-0.900	-0.887	-0.841	-0.841	-0.837	-0.529	-0.522	-0.854	-0.854	-0.854	-0.854	-0.854	-0.845	-0.557	-0.845	-0.551	-0.845	-0.845	-0.577	-0.848	-0.827	-0.827	-0.845	-0.845	-0.844	-0.836	-0.845	-0.847	-0.845	-0.835	-0.845	-0.845	-0.844	-0.844	-0.530	-0.843	-0.908	-0.937	-0.592	-0.921	-0.906	-0.569	-0.906	-0.579	-0.922	-0.531	-0.588	-0.905	-0.832	-0.938	-0.567	-0.567	-0.566	-0.906	-0.567	-0.942	-0.940	-0.834	-0.928	-0.898	-0.566	-0.938	-1.006	-0.917	-0.835	-1.008	-1.008	-1.007	-1.008	-0.567	-0.912	-0.876	-0.515	-0.453	-0.835	-0.607	-0.840	-0.424	-0.601	-0.632	-0.834	-0.577	-0.612	-0.639	-0.613	-0.822	-0.886	-0.601	-0.586	-0.866	-0.609	-0.610	-0.821	-0.969	-0.617	-0.992	-0.889	-0.889	-0.992	-0.992	-0.619	-0.992	-0.821	-0.657	-0.822	-1.017	-1.017	-0.817	-0.798	-0.500	-0.822	-0.822	-0.652	-0.822	-0.700	-0.619	-0.391	-0.613	-0.655	-0.826	-0.605	-0.812	
rs72649142     -0.845	-0.864	-0.913	-0.924	-0.889	-0.899	-0.899	-0.852	-0.654	-0.676	-0.651	-0.676	-0.652	-0.676	-0.651	-0.676	-0.651	-0.655	-0.655	-0.643	-0.843	-0.676	-0.667	-0.523	-0.649	-0.648	-0.647	-0.647	-0.647	-0.646	-0.647	-0.558	-0.752	-0.889	-0.779	-0.868	-0.888	-0.762	-0.838	-0.769	-0.783	-0.862	-0.857	-0.859	-0.791	-0.858	-0.857	-0.852	-0.851	-0.802	-0.823	-0.837	-0.943	-0.903	-0.890	-0.844	-0.844	-0.841	-0.530	-0.523	-0.857	-0.857	-0.857	-0.857	-0.857	-0.848	-0.559	-0.848	-0.553	-0.848	-0.848	-0.580	-0.852	-0.831	-0.831	-0.849	-0.848	-0.847	-0.840	-0.848	-0.850	-0.848	-0.838	-0.848	-0.848	-0.847	-0.848	-0.532	-0.846	-0.912	-0.940	-0.595	-0.925	-0.909	-0.572	-0.909	-0.583	-0.925	-0.535	-0.592	-0.908	-0.835	-0.941	-0.571	-0.571	-0.570	-0.909	-0.571	-0.945	-0.943	-0.837	-0.931	-0.901	-0.570	-0.941	-1.010	-0.919	-0.838	-1.012	-1.012	-1.010	-1.011	-0.570	-0.916	-0.879	-0.516	-0.453	-0.838	-0.611	-0.844	-0.427	-0.604	-0.636	-0.837	-0.579	-0.615	-0.643	-0.616	-0.825	-0.890	-0.603	-0.589	-0.870	-0.611	-0.612	-0.824	-0.972	-0.620	-0.995	-0.893	-0.893	-0.995	-0.995	-0.621	-0.995	-0.824	-0.661	-0.825	-1.020	-1.020	-0.819	-0.800	-0.501	-0.825	-0.825	-0.655	-0.825	-0.702	-0.623	-0.394	-0.617	-0.657	-0.829	-0.609	-0.815	
rs1689910      -0.845	-0.864	-0.913	-0.923	-0.888	-0.899	-0.899	-0.851	-0.654	-0.676	-0.650	-0.676	-0.652	-0.676	-0.651	-0.676	-0.651	-0.655	-0.655	-0.644	-0.842	-0.676	-0.668	-0.649	-0.523	-0.648	-0.647	-0.647	-0.647	-0.646	-0.646	-0.558	-0.752	-0.889	-0.779	-0.868	-0.888	-0.762	-0.838	-0.769	-0.783	-0.862	-0.856	-0.858	-0.791	-0.857	-0.856	-0.852	-0.851	-0.802	-0.823	-0.837	-0.943	-0.903	-0.890	-0.844	-0.844	-0.840	-0.530	-0.523	-0.857	-0.857	-0.857	-0.857	-0.857	-0.847	-0.559	-0.848	-0.553	-0.848	-0.848	-0.579	-0.851	-0.830	-0.830	-0.848	-0.848	-0.847	-0.839	-0.848	-0.850	-0.848	-0.838	-0.848	-0.847	-0.847	-0.847	-0.532	-0.846	-0.911	-0.939	-0.594	-0.924	-0.908	-0.572	-0.909	-0.583	-0.925	-0.534	-0.591	-0.907	-0.835	-0.941	-0.571	-0.570	-0.570	-0.909	-0.571	-0.945	-0.943	-0.836	-0.931	-0.900	-0.569	-0.940	-1.009	-0.919	-0.838	-1.011	-1.011	-1.010	-1.011	-0.570	-0.915	-0.879	-0.516	-0.453	-0.838	-0.610	-0.843	-0.426	-0.604	-0.635	-0.837	-0.579	-0.614	-0.642	-0.616	-0.824	-0.889	-0.603	-0.589	-0.869	-0.611	-0.612	-0.824	-0.972	-0.619	-0.995	-0.893	-0.893	-0.995	-0.995	-0.621	-0.995	-0.824	-0.660	-0.825	-1.019	-1.019	-0.818	-0.800	-0.500	-0.825	-0.824	-0.655	-0.825	-0.702	-0.622	-0.394	-0.616	-0.657	-0.829	-0.608	-0.815	
rs1689911      -0.840	-0.861	-0.908	-0.919	-0.884	-0.894	-0.894	-0.846	-0.651	-0.676	-0.647	-0.675	-0.649	-0.675	-0.648	-0.675	-0.648	-0.654	-0.653	-0.650	-0.839	-0.675	-0.670	-0.648	-0.648	-0.519	-0.646	-0.646	-0.646	-0.645	-0.645	-0.569	-0.749	-0.886	-0.776	-0.865	-0.885	-0.759	-0.835	-0.766	-0.780	-0.859	-0.854	-0.856	-0.787	-0.855	-0.854	-0.849	-0.848	-0.798	-0.820	-0.834	-0.941	-0.900	-0.886	-0.841	-0.841	-0.837	-0.527	-0.520	-0.853	-0.854	-0.854	-0.854	-0.854	-0.844	-0.556	-0.844	-0.550	-0.844	-0.845	-0.576	-0.848	-0.827	-0.827	-0.845	-0.845	-0.843	-0.836	-0.845	-0.846	-0.845	-0.835	-0.844	-0.844	-0.844	-0.844	-0.529	-0.843	-0.907	-0.936	-0.591	-0.921	-0.905	-0.568	-0.905	-0.579	-0.922	-0.530	-0.587	-0.904	-0.832	-0.938	-0.567	-0.566	-0.566	-0.905	-0.567	-0.942	-0.939	-0.833	-0.928	-0.897	-0.565	-0.937	-1.006	-0.916	-0.835	-1.008	-1.008	-1.006	-1.007	-0.566	-0.912	-0.876	-0.514	-0.451	-0.835	-0.606	-0.840	-0.423	-0.600	-0.632	-0.834	-0.576	-0.611	-0.638	-0.613	-0.821	-0.886	-0.600	-0.586	-0.865	-0.608	-0.609	-0.821	-0.968	-0.616	-0.991	-0.889	-0.889	-0.991	-0.991	-0.618	-0.991	-0.821	-0.656	-0.822	-1.016	-1.016	-0.816	-0.797	-0.498	-0.822	-0.821	-0.652	-0.822	-0.699	-0.618	-0.391	-0.612	-0.654	-0.826	-0.605	-0.811	
rs1781462      -0.839	-0.860	-0.907	-0.918	-0.883	-0.893	-0.893	-0.845	-0.652	-0.677	-0.649	-0.676	-0.651	-0.676	-0.650	-0.676	-0.650	-0.654	-0.654	-0.653	-0.838	-0.676	-0.671	-0.647	-0.647	-0.646	-0.518	-0.644	-0.644	-0.644	-0.644	-0.568	-0.749	-0.885	-0.776	-0.865	-0.885	-0.759	-0.835	-0.765	-0.780	-0.858	-0.853	-0.855	-0.787	-0.854	-0.853	-0.848	-0.848	-0.798	-0.820	-0.834	-0.940	-0.899	-0.885	-0.840	-0.840	-0.836	-0.527	-0.520	-0.853	-0.853	-0.853	-0.853	-0.853	-0.843	-0.555	-0.844	-0.549	-0.844	-0.844	-0.576	-0.847	-0.826	-0.826	-0.844	-0.844	-0.843	-0.835	-0.844	-0.845	-0.844	-0.834	-0.844	-0.843	-0.843	-0.843	-0.529	-0.842	-0.907	-0.936	-0.591	-0.920	-0.905	-0.567	-0.905	-0.578	-0.921	-0.529	-0.587	-0.903	-0.831	-0.937	-0.566	-0.566	-0.565	-0.905	-0.566	-0.941	-0.939	-0.832	-0.927	-0.896	-0.564	-0.937	-1.005	-0.915	-0.834	-1.007	-1.007	-1.006	-1.007	-0.565	-0.911	-0.875	-0.513	-0.451	-0.834	-0.606	-0.839	-0.423	-0.599	-0.631	-0.833	-0.576	-0.611	-0.638	-0.612	-0.820	-0.885	-0.600	-0.585	-0.865	-0.608	-0.608	-0.820	-0.968	-0.616	-0.990	-0.888	-0.888	-0.990	-0.990	-0.618	-0.990	-0.820	-0.656	-0.821	-1.015	-1.015	-0.816	-0.796	-0.498	-0.821	-0.820	-0.651	-0.821	-0.698	-0.618	-0.390	-0.611	-0.654	-0.825	-0.604	-0.811	
rs1572486      -0.838	-0.860	-0.907	-0.917	-0.882	-0.893	-0.893	-0.845	-0.652	-0.677	-0.649	-0.676	-0.650	-0.676	-0.650	-0.676	-0.650	-0.654	-0.653	-0.653	-0.838	-0.676	-0.671	-0.647	-0.647	-0.646	-0.644	-0.518	-0.644	-0.643	-0.643	-0.568	-0.749	-0.885	-0.775	-0.864	-0.884	-0.759	-0.835	-0.765	-0.779	-0.858	-0.853	-0.855	-0.786	-0.854	-0.853	-0.848	-0.847	-0.797	-0.819	-0.834	-0.940	-0.899	-0.885	-0.840	-0.840	-0.836	-0.527	-0.520	-0.852	-0.853	-0.853	-0.853	-0.853	-0.843	-0.555	-0.843	-0.549	-0.843	-0.844	-0.576	-0.847	-0.826	-0.826	-0.844	-0.844	-0.842	-0.835	-0.844	-0.845	-0.844	-0.834	-0.844	-0.843	-0.843	-0.843	-0.528	-0.842	-0.906	-0.935	-0.591	-0.920	-0.904	-0.567	-0.904	-0.577	-0.921	-0.529	-0.586	-0.903	-0.831	-0.937	-0.565	-0.565	-0.565	-0.904	-0.566	-0.941	-0.938	-0.832	-0.927	-0.896	-0.564	-0.936	-1.005	-0.915	-0.834	-1.007	-1.007	-1.005	-1.006	-0.565	-0.911	-0.875	-0.513	-0.451	-0.834	-0.605	-0.839	-0.422	-0.599	-0.630	-0.833	-0.576	-0.611	-0.637	-0.612	-0.820	-0.884	-0.599	-0.585	-0.864	-0.607	-0.608	-0.820	-0.967	-0.616	-0.990	-0.888	-0.888	-0.990	-0.990	-0.617	-0.990	-0.820	-0.655	-0.821	-1.015	-1.015	-0.815	-0.796	-0.498	-0.821	-0.820	-0.651	-0.821	-0.698	-0.617	-0.390	-0.611	-0.653	-0.825	-0.603	-0.810	
rs1415176      -0.838	-0.860	-0.907	-0.917	-0.882	-0.892	-0.893	-0.845	-0.652	-0.677	-0.649	-0.676	-0.650	-0.676	-0.650	-0.676	-0.649	-0.654	-0.653	-0.653	-0.838	-0.676	-0.671	-0.647	-0.647	-0.646	-0.644	-0.644	-0.518	-0.643	-0.643	-0.569	-0.749	-0.885	-0.775	-0.864	-0.884	-0.758	-0.834	-0.765	-0.779	-0.858	-0.853	-0.855	-0.786	-0.854	-0.853	-0.848	-0.847	-0.797	-0.819	-0.833	-0.940	-0.898	-0.885	-0.840	-0.840	-0.836	-0.527	-0.520	-0.852	-0.853	-0.853	-0.853	-0.853	-0.843	-0.555	-0.843	-0.549	-0.843	-0.843	-0.575	-0.847	-0.826	-0.826	-0.844	-0.844	-0.842	-0.835	-0.844	-0.845	-0.843	-0.834	-0.843	-0.843	-0.842	-0.843	-0.528	-0.841	-0.906	-0.935	-0.591	-0.920	-0.904	-0.567	-0.904	-0.577	-0.921	-0.529	-0.586	-0.903	-0.831	-0.937	-0.565	-0.565	-0.564	-0.904	-0.566	-0.941	-0.938	-0.832	-0.927	-0.896	-0.564	-0.936	-1.005	-0.915	-0.834	-1.007	-1.007	-1.005	-1.006	-0.565	-0.911	-0.875	-0.513	-0.451	-0.834	-0.605	-0.839	-0.422	-0.599	-0.630	-0.833	-0.575	-0.611	-0.637	-0.612	-0.820	-0.884	-0.599	-0.585	-0.864	-0.607	-0.608	-0.820	-0.967	-0.615	-0.990	-0.888	-0.888	-0.990	-0.990	-0.617	-0.990	-0.820	-0.655	-0.821	-1.015	-1.015	-0.815	-0.796	-0.498	-0.821	-0.820	-0.651	-0.821	-0.698	-0.617	-0.390	-0.611	-0.653	-0.825	-0.603	-0.810	
rs1764577      -0.837	-0.859	-0.906	-0.916	-0.881	-0.892	-0.892	-0.844	-0.651	-0.676	-0.648	-0.676	-0.650	-0.676	-0.649	-0.676	-0.649	-0.653	-0.653	-0.654	-0.837	-0.676	-0.671	-0.646	-0.646	-0.645	-0.644	-0.643	-0.643	-0.517	-0.643	-0.571	-0.748	-0.884	-0.775	-0.864	-0.884	-0.758	-0.834	-0.765	-0.779	-0.857	-0.852	-0.854	-0.785	-0.853	-0.852	-0.848	-0.847	-0.796	-0.819	-0.833	-0.940	-0.898	-0.884	-0.839	-0.839	-0.835	-0.526	-0.519	-0.852	-0.852	-0.852	-0.852	-0.852	-0.842	-0.554	-0.843	-0.548	-0.843	-0.843	-0.575	-0.846	-0.825	-0.825	-0.843	-0.843	-0.842	-0.834	-0.843	-0.844	-0.843	-0.833	-0.843	-0.842	-0.842	-0.842	-0.528	-0.841	-0.906	-0.935	-0.590	-0.919	-0.904	-0.566	-0.904	-0.577	-0.920	-0.528	-0.585	-0.902	-0.830	-0.936	-0.565	-0.564	-0.564	-0.904	-0.565	-0.940	-0.938	-0.831	-0.926	-0.895	-0.563	-0.936	-1.004	-0.914	-0.833	-1.006	-1.006	-1.005	-1.006	-0.564	-0.910	-0.874	-0.513	-0.450	-0.833	-0.604	-0.838	-0.422	-0.598	-0.630	-0.832	-0.575	-0.610	-0.637	-0.611	-0.819	-0.884	-0.599	-0.584	-0.863	-0.607	-0.608	-0.819	-0.966	-0.615	-0.989	-0.887	-0.887	-0.989	-0.989	-0.617	-0.989	-0.819	-0.655	-0.820	-1.014	-1.014	-0.815	-0.795	-0.497	-0.820	-0.819	-0.650	-0.820	-0.697	-0.616	-0.389	-0.610	-0.653	-0.824	-0.603	-0.810	
rs1781463      -0.837	-0.859	-0.906	-0.916	-0.881	-0.892	-0.892	-0.844	-0.651	-0.676	-0.648	-0.676	-0.650	-0.676	-0.649	-0.676	-0.649	-0.653	-0.653	-0.654	-0.837	-0.676	-0.671	-0.647	-0.646	-0.645	-0.644	-0.643	-0.643	-0.643	-0.517	-0.571	-0.748	-0.884	-0.775	-0.864	-0.884	-0.758	-0.834	-0.765	-0.779	-0.857	-0.852	-0.854	-0.785	-0.853	-0.852	-0.848	-0.847	-0.796	-0.819	-0.833	-0.940	-0.898	-0.884	-0.839	-0.839	-0.835	-0.526	-0.519	-0.852	-0.852	-0.852	-0.852	-0.852	-0.842	-0.554	-0.843	-0.548	-0.843	-0.843	-0.575	-0.846	-0.825	-0.825	-0.843	-0.843	-0.842	-0.834	-0.843	-0.844	-0.843	-0.833	-0.843	-0.842	-0.842	-0.842	-0.528	-0.841	-0.906	-0.935	-0.590	-0.919	-0.904	-0.566	-0.904	-0.577	-0.920	-0.528	-0.585	-0.902	-0.830	-0.936	-0.565	-0.564	-0.564	-0.904	-0.565	-0.940	-0.938	-0.831	-0.926	-0.895	-0.563	-0.936	-1.004	-0.914	-0.833	-1.006	-1.006	-1.005	-1.006	-0.564	-0.910	-0.874	-0.513	-0.450	-0.833	-0.604	-0.838	-0.422	-0.598	-0.630	-0.832	-0.575	-0.610	-0.637	-0.611	-0.819	-0.884	-0.599	-0.584	-0.863	-0.607	-0.608	-0.819	-0.966	-0.615	-0.989	-0.887	-0.887	-0.989	-0.989	-0.617	-0.989	-0.819	-0.655	-0.820	-1.014	-1.014	-0.815	-0.795	-0.497	-0.820	-0.819	-0.650	-0.820	-0.697	-0.616	-0.389	-0.610	-0.653	-0.824	-0.603	-0.810	
