## Summary of overall evidence for association with region:
## log10(BF for region) = -0.586201
## p-value for region = NA

## BFs for choosing among multi-SNP models:
## log10(average 1-SNP BF) = -0.504505
## log10(average 2-SNP BF) = -0.81826

## Example posterior probabilities for multi-SNP models, based on default prior: [p(l) propto 0.5^l for l=1,2,...,L]
## posterior probability of 1-SNP = 0.804647
## posterior probability of 2-SNP = 0.195353

## log10(BF) for single SNP and pair of SNPs:
rs9854338      -0.653	-0.790	-0.839	-0.733	-0.734	-0.729	-0.729	-0.728	-0.700	-0.699	-0.700	-0.701	-0.725	-0.732	-0.723	-0.716	-0.629	-0.725	-0.730	-0.726	-0.728	-0.859	-0.851	-0.752	-0.930	-0.935	-0.935	-0.936	-0.936	-0.936	-0.930	-1.052	-0.936	-0.962	-0.936	-0.963	-0.929	-0.936	-0.933	-0.784	-0.858	-0.752	-0.912	-0.859	-0.838	-1.072	-0.811	-1.079	-0.851	-0.817	-0.859	-1.079	-0.860	-0.870	-0.854	-0.854	-0.945	-0.809	-0.816	-0.897	-0.818	-0.818	-0.742	-0.818	-0.810	-0.898	-0.942	-0.898	-0.896	-0.895	-0.896	-0.822	-0.823	-0.825	-0.917	-0.864	-0.913	-0.915	-0.610	-0.797	-0.800	-0.918	-0.964	-0.823	-0.831	-0.804	-0.772	-0.814	-0.835	-0.754	-1.011	-0.768	-0.709	-0.749	-0.805	-0.655	-0.771	-0.803	-0.759	-0.659	-0.804	-0.801	-0.800	-0.800	-0.487	-0.712	-0.990	-1.040	-1.021	-0.567	-0.995	-0.996	-1.022	-1.014	-0.995	-0.996	-0.994	-0.997	-0.996	-0.994	-1.049	-0.682	-0.995	-1.040	-0.963	-1.073	-0.946	-0.947	-1.065	-1.067	-1.067	-1.064	-0.959	-1.074	-0.961	-0.988	-0.962	-1.080	-0.964	-1.081	-0.964	-1.091	-1.082	-0.797	-1.079	-1.082	-1.081	-1.068	-1.087	-0.949	-1.083	-1.065	-1.050	-1.098	-1.083	-1.073	-1.073	-1.076	-1.085	-1.085	-1.002	-0.824	-0.956	-1.054	-1.034	-1.066	-1.058	-0.939	-0.853	-1.062	-0.848	-0.827	-0.948	-0.949	-1.066	-1.100	-0.930	-1.062	-1.084	
rs2344952      -0.790	-0.653	-0.850	-0.761	-0.763	-0.759	-0.758	-0.758	-0.737	-0.736	-0.736	-0.737	-0.755	-0.760	-0.754	-0.748	-0.678	-0.754	-0.758	-0.755	-0.757	-0.860	-0.843	-0.762	-0.932	-0.936	-0.936	-0.937	-0.937	-0.937	-0.933	-1.051	-0.938	-0.966	-0.938	-0.967	-0.932	-0.938	-0.935	-0.793	-0.860	-0.761	-0.913	-0.861	-0.846	-1.073	-0.819	-1.080	-0.859	-0.826	-0.861	-1.080	-0.867	-0.878	-0.861	-0.862	-0.950	-0.818	-0.825	-0.898	-0.826	-0.826	-0.751	-0.827	-0.818	-0.900	-0.948	-0.900	-0.898	-0.897	-0.898	-0.830	-0.831	-0.833	-0.919	-0.867	-0.914	-0.917	-0.617	-0.806	-0.808	-0.920	-0.964	-0.831	-0.839	-0.812	-0.775	-0.822	-0.840	-0.757	-1.015	-0.771	-0.713	-0.752	-0.814	-0.661	-0.774	-0.812	-0.762	-0.666	-0.812	-0.809	-0.808	-0.808	-0.494	-0.715	-0.994	-1.043	-1.024	-0.575	-0.999	-1.000	-1.025	-1.018	-0.999	-1.000	-0.998	-1.001	-1.000	-0.999	-1.051	-0.685	-0.999	-1.041	-0.967	-1.074	-0.947	-0.951	-1.068	-1.069	-1.070	-1.067	-0.959	-1.076	-0.962	-0.992	-0.963	-1.081	-0.965	-1.083	-0.965	-1.092	-1.084	-0.803	-1.081	-1.084	-1.083	-1.070	-1.089	-0.950	-1.084	-1.067	-1.053	-1.097	-1.084	-1.075	-1.075	-1.078	-1.087	-1.087	-1.005	-0.830	-0.957	-1.056	-1.037	-1.068	-1.059	-0.940	-0.858	-1.064	-0.853	-0.833	-0.949	-0.950	-1.068	-1.100	-0.931	-1.064	-1.085	
rs9868240      -0.839	-0.850	-0.633	-0.880	-0.881	-0.881	-0.881	-0.881	-0.884	-0.884	-0.884	-0.884	-0.882	-0.882	-0.884	-0.885	-0.890	-0.886	-0.885	-0.886	-0.886	-0.864	-0.795	-0.861	-0.916	-0.901	-0.903	-0.903	-0.904	-0.905	-0.921	-1.027	-0.907	-0.911	-0.908	-0.911	-0.923	-0.914	-0.919	-0.870	-0.858	-0.807	-0.906	-0.858	-0.912	-1.054	-0.891	-1.055	-0.922	-0.896	-0.859	-1.056	-0.929	-0.933	-0.920	-0.920	-0.969	-0.885	-0.891	-0.893	-0.892	-0.892	-0.822	-0.892	-0.885	-0.894	-0.969	-0.894	-0.893	-0.892	-0.892	-0.895	-0.895	-0.897	-0.911	-0.883	-0.906	-0.908	-0.654	-0.872	-0.874	-0.910	-0.948	-0.893	-0.902	-0.878	-0.781	-0.886	-0.859	-0.764	-1.023	-0.777	-0.722	-0.759	-0.879	-0.696	-0.780	-0.877	-0.768	-0.701	-0.877	-0.875	-0.874	-0.874	-0.533	-0.726	-1.011	-1.030	-1.027	-0.618	-1.015	-1.015	-1.039	-1.033	-1.015	-1.016	-1.015	-1.017	-1.016	-1.015	-1.030	-0.697	-1.015	-1.024	-0.986	-1.073	-0.936	-0.974	-1.069	-1.070	-1.070	-1.069	-0.946	-1.074	-0.948	-1.006	-0.950	-1.079	-0.951	-1.080	-0.951	-1.085	-1.080	-0.842	-1.079	-1.081	-1.080	-1.071	-1.083	-0.939	-1.081	-1.061	-1.059	-1.066	-1.081	-1.075	-1.075	-1.077	-1.082	-1.082	-1.016	-0.866	-0.945	-1.062	-1.047	-1.070	-1.040	-0.930	-0.895	-1.068	-0.891	-0.873	-0.938	-0.939	-1.069	-1.076	-0.914	-1.061	-1.080	
rs9868392      -0.733	-0.761	-0.880	-0.647	-0.785	-0.782	-0.782	-0.782	-0.780	-0.780	-0.780	-0.780	-0.783	-0.785	-0.785	-0.783	-0.760	-0.786	-0.787	-0.786	-0.787	-0.808	-0.739	-0.800	-0.922	-0.915	-0.915	-0.916	-0.916	-0.917	-0.925	-1.036	-0.919	-0.968	-0.919	-0.968	-0.926	-0.924	-0.925	-0.829	-0.863	-0.798	-0.913	-0.863	-0.878	-1.069	-0.853	-1.073	-0.889	-0.859	-0.863	-1.073	-0.897	-0.905	-0.891	-0.891	-0.964	-0.851	-0.858	-0.899	-0.859	-0.859	-0.785	-0.859	-0.851	-0.900	-0.962	-0.901	-0.899	-0.898	-0.898	-0.863	-0.863	-0.865	-0.918	-0.877	-0.913	-0.916	-0.643	-0.839	-0.841	-0.918	-0.959	-0.861	-0.874	-0.845	-0.781	-0.854	-0.855	-0.764	-1.023	-0.777	-0.721	-0.759	-0.846	-0.686	-0.780	-0.844	-0.769	-0.690	-0.844	-0.842	-0.841	-0.841	-0.520	-0.724	-1.006	-1.049	-1.032	-0.602	-1.011	-1.012	-1.034	-1.027	-1.011	-1.012	-1.010	-1.013	-1.012	-1.011	-1.052	-0.694	-1.011	-1.036	-0.981	-1.076	-0.945	-0.967	-1.071	-1.073	-1.073	-1.070	-0.956	-1.078	-0.958	-1.003	-0.960	-1.083	-0.961	-1.084	-0.962	-1.091	-1.085	-0.824	-1.082	-1.085	-1.084	-1.073	-1.089	-0.948	-1.085	-1.069	-1.059	-1.083	-1.085	-1.078	-1.078	-1.080	-1.087	-1.087	-1.015	-0.850	-0.954	-1.062	-1.045	-1.072	-1.052	-0.938	-0.878	-1.069	-0.874	-0.854	-0.947	-0.948	-1.071	-1.090	-0.926	-1.065	-1.086	
rs9831246      -0.734	-0.763	-0.881	-0.785	-0.646	-0.785	-0.785	-0.785	-0.783	-0.783	-0.783	-0.783	-0.786	-0.788	-0.782	-0.786	-0.765	-0.789	-0.790	-0.789	-0.790	-0.809	-0.739	-0.800	-0.921	-0.914	-0.915	-0.916	-0.916	-0.917	-0.924	-1.035	-0.919	-0.968	-0.919	-0.968	-0.925	-0.923	-0.925	-0.830	-0.863	-0.799	-0.912	-0.863	-0.878	-1.069	-0.853	-1.073	-0.890	-0.859	-0.863	-1.073	-0.897	-0.906	-0.891	-0.891	-0.963	-0.852	-0.858	-0.899	-0.859	-0.859	-0.786	-0.859	-0.852	-0.900	-0.962	-0.901	-0.899	-0.898	-0.898	-0.863	-0.863	-0.865	-0.918	-0.877	-0.913	-0.916	-0.643	-0.839	-0.841	-0.918	-0.959	-0.862	-0.875	-0.845	-0.781	-0.854	-0.855	-0.764	-1.023	-0.777	-0.721	-0.759	-0.846	-0.686	-0.780	-0.844	-0.769	-0.691	-0.844	-0.842	-0.841	-0.841	-0.520	-0.724	-1.006	-1.049	-1.032	-0.603	-1.011	-1.012	-1.034	-1.027	-1.011	-1.012	-1.010	-1.013	-1.012	-1.010	-1.052	-0.694	-1.011	-1.036	-0.981	-1.076	-0.945	-0.967	-1.071	-1.072	-1.073	-1.070	-0.956	-1.078	-0.958	-1.003	-0.960	-1.083	-0.961	-1.084	-0.961	-1.091	-1.084	-0.824	-1.082	-1.085	-1.084	-1.073	-1.088	-0.948	-1.085	-1.069	-1.058	-1.083	-1.085	-1.078	-1.077	-1.080	-1.087	-1.087	-1.015	-0.850	-0.954	-1.062	-1.045	-1.072	-1.052	-0.938	-0.879	-1.068	-0.874	-0.854	-0.947	-0.947	-1.071	-1.090	-0.926	-1.064	-1.086	
rs66930226     -0.729	-0.759	-0.881	-0.782	-0.785	-0.646	-0.782	-0.782	-0.780	-0.780	-0.780	-0.780	-0.782	-0.785	-0.785	-0.783	-0.761	-0.785	-0.786	-0.786	-0.786	-0.805	-0.734	-0.801	-0.921	-0.913	-0.914	-0.915	-0.915	-0.916	-0.924	-1.036	-0.918	-0.968	-0.918	-0.968	-0.925	-0.922	-0.924	-0.830	-0.863	-0.799	-0.913	-0.863	-0.878	-1.069	-0.854	-1.073	-0.890	-0.860	-0.863	-1.073	-0.898	-0.906	-0.892	-0.892	-0.964	-0.852	-0.859	-0.899	-0.860	-0.860	-0.786	-0.860	-0.852	-0.900	-0.962	-0.901	-0.899	-0.898	-0.898	-0.863	-0.864	-0.866	-0.918	-0.878	-0.914	-0.916	-0.644	-0.840	-0.842	-0.918	-0.959	-0.862	-0.875	-0.846	-0.782	-0.855	-0.856	-0.764	-1.023	-0.778	-0.721	-0.759	-0.847	-0.687	-0.780	-0.845	-0.769	-0.691	-0.845	-0.843	-0.842	-0.842	-0.521	-0.724	-1.007	-1.049	-1.032	-0.603	-1.011	-1.012	-1.034	-1.027	-1.011	-1.012	-1.010	-1.013	-1.012	-1.011	-1.052	-0.695	-1.011	-1.036	-0.981	-1.076	-0.945	-0.967	-1.071	-1.073	-1.073	-1.070	-0.956	-1.078	-0.958	-1.003	-0.960	-1.083	-0.961	-1.084	-0.962	-1.091	-1.085	-0.825	-1.082	-1.085	-1.084	-1.073	-1.089	-0.948	-1.085	-1.069	-1.059	-1.083	-1.085	-1.078	-1.078	-1.081	-1.087	-1.087	-1.015	-0.850	-0.954	-1.062	-1.045	-1.072	-1.052	-0.938	-0.879	-1.069	-0.874	-0.855	-0.947	-0.948	-1.071	-1.090	-0.926	-1.065	-1.086	
rs9837036      -0.729	-0.758	-0.881	-0.782	-0.785	-0.782	-0.646	-0.782	-0.780	-0.780	-0.780	-0.780	-0.782	-0.784	-0.785	-0.783	-0.761	-0.785	-0.786	-0.786	-0.786	-0.805	-0.733	-0.801	-0.921	-0.913	-0.914	-0.915	-0.915	-0.916	-0.924	-1.035	-0.918	-0.968	-0.918	-0.968	-0.925	-0.922	-0.924	-0.831	-0.863	-0.800	-0.913	-0.863	-0.879	-1.069	-0.854	-1.073	-0.890	-0.860	-0.863	-1.073	-0.898	-0.906	-0.892	-0.892	-0.964	-0.852	-0.859	-0.899	-0.860	-0.860	-0.787	-0.860	-0.853	-0.900	-0.962	-0.901	-0.899	-0.898	-0.898	-0.864	-0.864	-0.866	-0.918	-0.878	-0.914	-0.916	-0.644	-0.840	-0.842	-0.918	-0.959	-0.862	-0.875	-0.846	-0.782	-0.855	-0.856	-0.764	-1.023	-0.778	-0.721	-0.759	-0.847	-0.687	-0.780	-0.845	-0.769	-0.691	-0.845	-0.843	-0.842	-0.842	-0.521	-0.724	-1.007	-1.049	-1.032	-0.604	-1.011	-1.012	-1.034	-1.027	-1.011	-1.012	-1.010	-1.013	-1.012	-1.011	-1.052	-0.695	-1.011	-1.036	-0.981	-1.076	-0.945	-0.967	-1.071	-1.073	-1.073	-1.071	-0.956	-1.078	-0.958	-1.003	-0.960	-1.083	-0.961	-1.084	-0.962	-1.091	-1.085	-0.825	-1.082	-1.085	-1.084	-1.073	-1.089	-0.948	-1.085	-1.069	-1.059	-1.083	-1.085	-1.078	-1.078	-1.081	-1.087	-1.087	-1.015	-0.850	-0.954	-1.062	-1.045	-1.072	-1.052	-0.938	-0.879	-1.069	-0.875	-0.855	-0.947	-0.948	-1.071	-1.090	-0.926	-1.065	-1.086	
rs9874586      -0.728	-0.758	-0.881	-0.782	-0.785	-0.782	-0.782	-0.646	-0.780	-0.780	-0.780	-0.780	-0.782	-0.784	-0.785	-0.783	-0.761	-0.785	-0.786	-0.785	-0.786	-0.804	-0.732	-0.801	-0.920	-0.913	-0.914	-0.915	-0.915	-0.915	-0.924	-1.035	-0.917	-0.968	-0.918	-0.968	-0.925	-0.922	-0.924	-0.831	-0.863	-0.800	-0.913	-0.863	-0.879	-1.069	-0.854	-1.073	-0.891	-0.860	-0.863	-1.073	-0.898	-0.907	-0.892	-0.892	-0.964	-0.853	-0.859	-0.899	-0.860	-0.860	-0.787	-0.861	-0.853	-0.900	-0.963	-0.901	-0.899	-0.898	-0.898	-0.864	-0.864	-0.867	-0.918	-0.878	-0.913	-0.916	-0.644	-0.840	-0.842	-0.918	-0.959	-0.863	-0.876	-0.846	-0.782	-0.855	-0.856	-0.764	-1.023	-0.778	-0.721	-0.760	-0.847	-0.687	-0.780	-0.845	-0.769	-0.691	-0.845	-0.843	-0.842	-0.842	-0.521	-0.724	-1.007	-1.049	-1.032	-0.604	-1.011	-1.012	-1.034	-1.027	-1.011	-1.012	-1.010	-1.013	-1.012	-1.011	-1.052	-0.695	-1.011	-1.036	-0.981	-1.076	-0.945	-0.967	-1.071	-1.073	-1.073	-1.071	-0.956	-1.078	-0.958	-1.003	-0.960	-1.083	-0.961	-1.084	-0.962	-1.091	-1.085	-0.825	-1.082	-1.085	-1.084	-1.073	-1.089	-0.948	-1.085	-1.069	-1.059	-1.083	-1.085	-1.078	-1.078	-1.081	-1.087	-1.087	-1.015	-0.851	-0.954	-1.062	-1.045	-1.072	-1.052	-0.938	-0.879	-1.069	-0.875	-0.855	-0.947	-0.947	-1.071	-1.090	-0.926	-1.065	-1.086	
rs6801679      -0.700	-0.737	-0.884	-0.780	-0.783	-0.780	-0.780	-0.780	-0.644	-0.779	-0.779	-0.780	-0.781	-0.783	-0.785	-0.784	-0.775	-0.786	-0.786	-0.786	-0.786	-0.789	-0.709	-0.807	-0.916	-0.907	-0.908	-0.909	-0.909	-0.910	-0.920	-1.031	-0.912	-0.966	-0.912	-0.967	-0.922	-0.917	-0.920	-0.836	-0.862	-0.806	-0.911	-0.862	-0.883	-1.067	-0.860	-1.071	-0.895	-0.865	-0.863	-1.071	-0.902	-0.911	-0.896	-0.896	-0.965	-0.858	-0.864	-0.898	-0.865	-0.865	-0.792	-0.865	-0.858	-0.899	-0.964	-0.900	-0.898	-0.897	-0.897	-0.869	-0.869	-0.871	-0.917	-0.878	-0.912	-0.914	-0.648	-0.845	-0.847	-0.917	-0.957	-0.867	-0.881	-0.851	-0.782	-0.860	-0.858	-0.764	-1.023	-0.778	-0.722	-0.760	-0.852	-0.690	-0.781	-0.850	-0.769	-0.695	-0.850	-0.848	-0.847	-0.847	-0.525	-0.725	-1.008	-1.049	-1.033	-0.608	-1.012	-1.013	-1.035	-1.028	-1.012	-1.013	-1.011	-1.014	-1.013	-1.012	-1.051	-0.696	-1.012	-1.034	-0.983	-1.075	-0.943	-0.969	-1.071	-1.072	-1.072	-1.070	-0.954	-1.077	-0.956	-1.004	-0.958	-1.082	-0.960	-1.083	-0.960	-1.090	-1.084	-0.828	-1.081	-1.084	-1.083	-1.073	-1.087	-0.946	-1.084	-1.069	-1.059	-1.079	-1.084	-1.078	-1.077	-1.080	-1.086	-1.086	-1.016	-0.853	-0.952	-1.062	-1.045	-1.071	-1.050	-0.937	-0.882	-1.068	-0.877	-0.858	-0.945	-0.946	-1.071	-1.087	-0.924	-1.064	-1.085	
rs6764038      -0.699	-0.736	-0.884	-0.780	-0.783	-0.780	-0.780	-0.780	-0.779	-0.644	-0.779	-0.779	-0.781	-0.783	-0.785	-0.784	-0.775	-0.786	-0.786	-0.786	-0.786	-0.789	-0.708	-0.807	-0.916	-0.907	-0.908	-0.909	-0.909	-0.909	-0.920	-1.031	-0.912	-0.966	-0.912	-0.966	-0.921	-0.917	-0.920	-0.837	-0.862	-0.806	-0.911	-0.862	-0.884	-1.067	-0.860	-1.071	-0.895	-0.865	-0.863	-1.071	-0.902	-0.911	-0.897	-0.897	-0.965	-0.858	-0.864	-0.898	-0.865	-0.865	-0.792	-0.866	-0.858	-0.899	-0.964	-0.900	-0.898	-0.897	-0.897	-0.869	-0.869	-0.871	-0.917	-0.878	-0.912	-0.914	-0.648	-0.845	-0.847	-0.917	-0.957	-0.867	-0.881	-0.851	-0.782	-0.860	-0.858	-0.764	-1.023	-0.778	-0.722	-0.760	-0.852	-0.691	-0.781	-0.850	-0.769	-0.695	-0.850	-0.848	-0.847	-0.847	-0.525	-0.725	-1.008	-1.049	-1.033	-0.608	-1.012	-1.013	-1.035	-1.028	-1.012	-1.013	-1.011	-1.014	-1.013	-1.012	-1.051	-0.696	-1.012	-1.034	-0.983	-1.075	-0.943	-0.969	-1.071	-1.072	-1.072	-1.070	-0.954	-1.077	-0.956	-1.004	-0.958	-1.082	-0.959	-1.083	-0.960	-1.090	-1.084	-0.828	-1.081	-1.084	-1.083	-1.073	-1.087	-0.946	-1.084	-1.069	-1.059	-1.079	-1.084	-1.078	-1.077	-1.080	-1.086	-1.086	-1.016	-0.853	-0.952	-1.062	-1.045	-1.071	-1.050	-0.937	-0.882	-1.068	-0.878	-0.858	-0.945	-0.946	-1.071	-1.087	-0.924	-1.063	-1.085	
rs6764124      -0.700	-0.736	-0.884	-0.780	-0.783	-0.780	-0.780	-0.780	-0.779	-0.779	-0.644	-0.780	-0.781	-0.783	-0.784	-0.784	-0.775	-0.786	-0.786	-0.786	-0.786	-0.789	-0.708	-0.807	-0.916	-0.907	-0.908	-0.909	-0.909	-0.910	-0.920	-1.031	-0.912	-0.966	-0.912	-0.967	-0.922	-0.917	-0.920	-0.837	-0.862	-0.806	-0.911	-0.862	-0.883	-1.067	-0.860	-1.071	-0.895	-0.865	-0.863	-1.071	-0.902	-0.911	-0.896	-0.897	-0.965	-0.858	-0.864	-0.898	-0.865	-0.865	-0.792	-0.866	-0.858	-0.899	-0.964	-0.900	-0.898	-0.897	-0.897	-0.869	-0.869	-0.871	-0.917	-0.878	-0.912	-0.914	-0.648	-0.845	-0.847	-0.917	-0.957	-0.867	-0.881	-0.851	-0.782	-0.860	-0.858	-0.764	-1.023	-0.778	-0.722	-0.760	-0.852	-0.691	-0.781	-0.850	-0.769	-0.695	-0.850	-0.848	-0.847	-0.847	-0.525	-0.725	-1.008	-1.049	-1.033	-0.608	-1.012	-1.013	-1.035	-1.028	-1.012	-1.013	-1.011	-1.014	-1.013	-1.012	-1.051	-0.696	-1.012	-1.034	-0.983	-1.075	-0.943	-0.969	-1.071	-1.072	-1.072	-1.070	-0.954	-1.077	-0.956	-1.004	-0.958	-1.082	-0.959	-1.083	-0.960	-1.090	-1.084	-0.828	-1.081	-1.084	-1.083	-1.073	-1.087	-0.946	-1.084	-1.069	-1.059	-1.079	-1.084	-1.078	-1.077	-1.080	-1.086	-1.086	-1.016	-0.853	-0.952	-1.062	-1.045	-1.071	-1.050	-0.937	-0.882	-1.068	-0.877	-0.858	-0.945	-0.946	-1.071	-1.087	-0.924	-1.063	-1.085	
rs9846523      -0.701	-0.737	-0.884	-0.780	-0.783	-0.780	-0.780	-0.780	-0.780	-0.779	-0.780	-0.644	-0.781	-0.783	-0.785	-0.784	-0.775	-0.785	-0.786	-0.786	-0.786	-0.789	-0.708	-0.807	-0.916	-0.907	-0.908	-0.909	-0.909	-0.910	-0.920	-1.031	-0.912	-0.966	-0.912	-0.967	-0.922	-0.917	-0.920	-0.836	-0.862	-0.806	-0.911	-0.862	-0.883	-1.067	-0.860	-1.071	-0.895	-0.865	-0.863	-1.071	-0.902	-0.911	-0.896	-0.896	-0.965	-0.858	-0.864	-0.898	-0.865	-0.865	-0.792	-0.866	-0.858	-0.899	-0.964	-0.900	-0.898	-0.897	-0.897	-0.869	-0.869	-0.871	-0.917	-0.878	-0.912	-0.915	-0.648	-0.845	-0.847	-0.917	-0.957	-0.867	-0.881	-0.851	-0.782	-0.860	-0.858	-0.764	-1.023	-0.778	-0.722	-0.760	-0.852	-0.691	-0.781	-0.850	-0.769	-0.695	-0.850	-0.848	-0.847	-0.847	-0.525	-0.725	-1.008	-1.049	-1.033	-0.608	-1.012	-1.013	-1.035	-1.028	-1.012	-1.013	-1.011	-1.014	-1.013	-1.012	-1.051	-0.696	-1.012	-1.034	-0.983	-1.075	-0.943	-0.969	-1.071	-1.072	-1.072	-1.070	-0.955	-1.077	-0.957	-1.004	-0.958	-1.082	-0.960	-1.083	-0.960	-1.090	-1.084	-0.828	-1.082	-1.084	-1.083	-1.073	-1.087	-0.946	-1.084	-1.069	-1.059	-1.079	-1.084	-1.078	-1.077	-1.080	-1.086	-1.086	-1.016	-0.853	-0.952	-1.062	-1.045	-1.072	-1.050	-0.937	-0.882	-1.068	-0.877	-0.858	-0.945	-0.946	-1.071	-1.087	-0.924	-1.064	-1.085	
rs4296600      -0.725	-0.755	-0.882	-0.783	-0.786	-0.782	-0.782	-0.782	-0.781	-0.781	-0.781	-0.781	-0.646	-0.784	-0.785	-0.782	-0.763	-0.784	-0.786	-0.785	-0.785	-0.800	-0.726	-0.803	-0.919	-0.911	-0.912	-0.913	-0.913	-0.914	-0.923	-1.035	-0.916	-0.968	-0.916	-0.968	-0.924	-0.921	-0.923	-0.832	-0.863	-0.801	-0.913	-0.863	-0.880	-1.069	-0.856	-1.073	-0.892	-0.861	-0.864	-1.073	-0.899	-0.908	-0.893	-0.893	-0.964	-0.854	-0.860	-0.899	-0.861	-0.861	-0.788	-0.862	-0.854	-0.901	-0.963	-0.901	-0.899	-0.898	-0.898	-0.865	-0.865	-0.868	-0.918	-0.878	-0.914	-0.916	-0.645	-0.841	-0.843	-0.918	-0.959	-0.864	-0.877	-0.847	-0.782	-0.856	-0.856	-0.764	-1.023	-0.778	-0.722	-0.760	-0.848	-0.688	-0.781	-0.846	-0.769	-0.692	-0.846	-0.844	-0.843	-0.843	-0.522	-0.725	-1.007	-1.049	-1.033	-0.605	-1.012	-1.012	-1.035	-1.028	-1.012	-1.013	-1.011	-1.013	-1.012	-1.011	-1.052	-0.695	-1.012	-1.036	-0.982	-1.076	-0.945	-0.968	-1.071	-1.073	-1.073	-1.071	-0.956	-1.078	-0.958	-1.004	-0.960	-1.083	-0.961	-1.084	-0.961	-1.091	-1.085	-0.826	-1.083	-1.085	-1.085	-1.073	-1.089	-0.948	-1.085	-1.070	-1.059	-1.082	-1.085	-1.078	-1.078	-1.081	-1.087	-1.087	-1.016	-0.851	-0.954	-1.062	-1.045	-1.072	-1.052	-0.938	-0.880	-1.069	-0.875	-0.856	-0.947	-0.948	-1.072	-1.090	-0.926	-1.065	-1.086	
rs148218415    -0.732	-0.760	-0.882	-0.785	-0.788	-0.785	-0.784	-0.784	-0.783	-0.783	-0.783	-0.783	-0.784	-0.646	-0.786	-0.783	-0.763	-0.785	-0.786	-0.786	-0.786	-0.802	-0.728	-0.802	-0.918	-0.910	-0.911	-0.912	-0.912	-0.913	-0.922	-1.035	-0.915	-0.967	-0.915	-0.967	-0.923	-0.920	-0.922	-0.831	-0.863	-0.800	-0.913	-0.863	-0.879	-1.069	-0.854	-1.073	-0.891	-0.860	-0.864	-1.073	-0.898	-0.906	-0.892	-0.892	-0.963	-0.853	-0.859	-0.899	-0.860	-0.860	-0.787	-0.860	-0.853	-0.900	-0.962	-0.901	-0.899	-0.898	-0.898	-0.864	-0.864	-0.866	-0.918	-0.878	-0.914	-0.916	-0.644	-0.840	-0.842	-0.918	-0.959	-0.862	-0.876	-0.846	-0.782	-0.855	-0.856	-0.764	-1.023	-0.778	-0.722	-0.760	-0.847	-0.687	-0.781	-0.845	-0.769	-0.692	-0.845	-0.843	-0.842	-0.842	-0.521	-0.724	-1.007	-1.049	-1.033	-0.604	-1.011	-1.012	-1.035	-1.028	-1.011	-1.012	-1.010	-1.013	-1.012	-1.011	-1.052	-0.695	-1.011	-1.035	-0.981	-1.076	-0.945	-0.967	-1.071	-1.073	-1.073	-1.070	-0.956	-1.078	-0.958	-1.003	-0.960	-1.083	-0.961	-1.084	-0.961	-1.091	-1.084	-0.825	-1.082	-1.085	-1.084	-1.073	-1.088	-0.948	-1.085	-1.069	-1.059	-1.082	-1.085	-1.078	-1.077	-1.080	-1.087	-1.087	-1.015	-0.851	-0.954	-1.062	-1.045	-1.072	-1.052	-0.938	-0.879	-1.069	-0.875	-0.855	-0.947	-0.948	-1.071	-1.089	-0.926	-1.064	-1.086	
rs73140379     -0.723	-0.754	-0.884	-0.785	-0.782	-0.785	-0.785	-0.785	-0.785	-0.785	-0.784	-0.785	-0.785	-0.786	-0.646	-0.785	-0.769	-0.787	-0.788	-0.787	-0.787	-0.798	-0.722	-0.804	-0.918	-0.910	-0.911	-0.912	-0.912	-0.913	-0.921	-1.033	-0.915	-0.967	-0.915	-0.967	-0.922	-0.920	-0.922	-0.833	-0.863	-0.803	-0.912	-0.863	-0.881	-1.069	-0.857	-1.072	-0.892	-0.862	-0.864	-1.073	-0.900	-0.908	-0.894	-0.894	-0.964	-0.855	-0.861	-0.899	-0.862	-0.862	-0.789	-0.863	-0.855	-0.900	-0.963	-0.901	-0.899	-0.898	-0.898	-0.866	-0.866	-0.869	-0.918	-0.878	-0.913	-0.916	-0.646	-0.842	-0.845	-0.918	-0.959	-0.865	-0.878	-0.848	-0.782	-0.857	-0.857	-0.765	-1.023	-0.778	-0.722	-0.760	-0.849	-0.689	-0.781	-0.848	-0.770	-0.693	-0.848	-0.846	-0.845	-0.844	-0.523	-0.725	-1.007	-1.049	-1.033	-0.606	-1.012	-1.012	-1.035	-1.028	-1.012	-1.013	-1.011	-1.014	-1.013	-1.011	-1.052	-0.696	-1.012	-1.035	-0.982	-1.076	-0.945	-0.968	-1.071	-1.073	-1.073	-1.070	-0.956	-1.078	-0.958	-1.004	-0.959	-1.083	-0.961	-1.084	-0.961	-1.091	-1.084	-0.826	-1.082	-1.085	-1.084	-1.073	-1.088	-0.947	-1.085	-1.069	-1.059	-1.081	-1.085	-1.078	-1.077	-1.080	-1.087	-1.087	-1.016	-0.852	-0.954	-1.062	-1.045	-1.072	-1.051	-0.938	-0.881	-1.069	-0.876	-0.857	-0.947	-0.947	-1.071	-1.089	-0.925	-1.064	-1.086	
rs9829982      -0.716	-0.748	-0.885	-0.783	-0.786	-0.783	-0.783	-0.783	-0.784	-0.784	-0.784	-0.784	-0.782	-0.783	-0.785	-0.646	-0.768	-0.782	-0.783	-0.782	-0.783	-0.788	-0.707	-0.806	-0.916	-0.907	-0.908	-0.909	-0.909	-0.910	-0.920	-1.033	-0.912	-0.967	-0.912	-0.967	-0.921	-0.917	-0.920	-0.836	-0.864	-0.805	-0.913	-0.864	-0.883	-1.069	-0.859	-1.072	-0.895	-0.864	-0.864	-1.072	-0.902	-0.910	-0.896	-0.896	-0.965	-0.857	-0.863	-0.900	-0.864	-0.865	-0.792	-0.865	-0.857	-0.901	-0.964	-0.901	-0.899	-0.898	-0.899	-0.868	-0.869	-0.871	-0.919	-0.879	-0.914	-0.916	-0.648	-0.844	-0.847	-0.918	-0.959	-0.867	-0.880	-0.850	-0.783	-0.859	-0.858	-0.765	-1.024	-0.779	-0.723	-0.761	-0.851	-0.691	-0.782	-0.850	-0.770	-0.695	-0.849	-0.847	-0.847	-0.846	-0.525	-0.726	-1.008	-1.050	-1.034	-0.608	-1.013	-1.013	-1.036	-1.029	-1.013	-1.014	-1.012	-1.014	-1.013	-1.012	-1.052	-0.697	-1.013	-1.035	-0.983	-1.076	-0.945	-0.970	-1.072	-1.073	-1.073	-1.071	-0.956	-1.078	-0.958	-1.005	-0.959	-1.083	-0.961	-1.084	-0.961	-1.091	-1.085	-0.828	-1.083	-1.085	-1.085	-1.074	-1.089	-0.948	-1.085	-1.070	-1.060	-1.080	-1.085	-1.079	-1.078	-1.081	-1.087	-1.087	-1.016	-0.853	-0.954	-1.063	-1.046	-1.073	-1.051	-0.938	-0.882	-1.069	-0.878	-0.858	-0.947	-0.947	-1.072	-1.088	-0.925	-1.065	-1.086	
rs11717903     -0.629	-0.678	-0.890	-0.760	-0.765	-0.761	-0.761	-0.761	-0.775	-0.775	-0.775	-0.775	-0.763	-0.763	-0.769	-0.768	-0.635	-0.767	-0.766	-0.767	-0.766	-0.731	-0.623	-0.823	-0.898	-0.882	-0.884	-0.885	-0.885	-0.886	-0.904	-1.017	-0.889	-0.958	-0.889	-0.958	-0.906	-0.897	-0.902	-0.851	-0.859	-0.821	-0.906	-0.859	-0.895	-1.060	-0.873	-1.062	-0.906	-0.878	-0.860	-1.063	-0.913	-0.921	-0.907	-0.907	-0.964	-0.871	-0.877	-0.894	-0.878	-0.878	-0.805	-0.878	-0.871	-0.895	-0.964	-0.896	-0.894	-0.893	-0.893	-0.881	-0.882	-0.884	-0.912	-0.879	-0.907	-0.909	-0.658	-0.858	-0.860	-0.912	-0.950	-0.879	-0.895	-0.864	-0.781	-0.872	-0.861	-0.764	-1.022	-0.777	-0.722	-0.760	-0.865	-0.700	-0.780	-0.863	-0.769	-0.704	-0.863	-0.861	-0.860	-0.860	-0.535	-0.725	-1.008	-1.046	-1.032	-0.619	-1.013	-1.013	-1.035	-1.028	-1.013	-1.013	-1.012	-1.014	-1.013	-1.012	-1.045	-0.696	-1.013	-1.025	-0.985	-1.071	-0.938	-0.973	-1.068	-1.069	-1.069	-1.067	-0.948	-1.073	-0.950	-1.005	-0.951	-1.078	-0.953	-1.079	-0.953	-1.084	-1.079	-0.835	-1.077	-1.079	-1.079	-1.069	-1.082	-0.940	-1.080	-1.065	-1.057	-1.066	-1.080	-1.074	-1.073	-1.076	-1.081	-1.081	-1.016	-0.860	-0.946	-1.060	-1.044	-1.069	-1.042	-0.931	-0.888	-1.066	-0.884	-0.866	-0.939	-0.940	-1.068	-1.077	-0.916	-1.059	-1.079	
rs9830443      -0.725	-0.754	-0.886	-0.786	-0.789	-0.785	-0.785	-0.785	-0.786	-0.786	-0.786	-0.785	-0.784	-0.785	-0.787	-0.782	-0.767	-0.646	-0.783	-0.782	-0.782	-0.788	-0.706	-0.805	-0.916	-0.907	-0.908	-0.909	-0.909	-0.910	-0.920	-1.033	-0.912	-0.967	-0.912	-0.967	-0.921	-0.917	-0.919	-0.835	-0.864	-0.804	-0.913	-0.864	-0.882	-1.069	-0.858	-1.073	-0.894	-0.864	-0.864	-1.073	-0.901	-0.910	-0.895	-0.896	-0.965	-0.856	-0.863	-0.900	-0.864	-0.864	-0.791	-0.864	-0.857	-0.901	-0.963	-0.901	-0.900	-0.898	-0.899	-0.868	-0.868	-0.870	-0.919	-0.879	-0.914	-0.916	-0.647	-0.844	-0.846	-0.919	-0.959	-0.866	-0.880	-0.850	-0.783	-0.859	-0.858	-0.766	-1.024	-0.779	-0.723	-0.761	-0.851	-0.690	-0.782	-0.849	-0.770	-0.695	-0.849	-0.847	-0.846	-0.846	-0.525	-0.726	-1.008	-1.050	-1.034	-0.608	-1.013	-1.013	-1.036	-1.029	-1.013	-1.014	-1.012	-1.014	-1.013	-1.012	-1.052	-0.697	-1.013	-1.035	-0.983	-1.077	-0.945	-0.970	-1.072	-1.073	-1.073	-1.071	-0.956	-1.078	-0.958	-1.005	-0.960	-1.083	-0.961	-1.084	-0.962	-1.091	-1.085	-0.828	-1.083	-1.085	-1.085	-1.074	-1.089	-0.948	-1.086	-1.070	-1.060	-1.081	-1.086	-1.079	-1.078	-1.081	-1.087	-1.088	-1.017	-0.853	-0.954	-1.063	-1.046	-1.073	-1.052	-0.939	-0.882	-1.070	-0.877	-0.858	-0.947	-0.948	-1.072	-1.089	-0.926	-1.065	-1.086	
rs11710988     -0.730	-0.758	-0.885	-0.787	-0.790	-0.786	-0.786	-0.786	-0.786	-0.786	-0.786	-0.786	-0.786	-0.786	-0.788	-0.783	-0.766	-0.783	-0.646	-0.783	-0.783	-0.791	-0.710	-0.804	-0.917	-0.908	-0.909	-0.910	-0.910	-0.910	-0.920	-1.034	-0.913	-0.967	-0.913	-0.967	-0.922	-0.918	-0.920	-0.834	-0.864	-0.803	-0.913	-0.864	-0.882	-1.069	-0.858	-1.073	-0.893	-0.863	-0.864	-1.073	-0.901	-0.909	-0.895	-0.895	-0.965	-0.856	-0.862	-0.900	-0.863	-0.863	-0.790	-0.864	-0.856	-0.901	-0.963	-0.902	-0.900	-0.899	-0.899	-0.867	-0.867	-0.870	-0.919	-0.879	-0.914	-0.916	-0.647	-0.843	-0.845	-0.919	-0.960	-0.866	-0.879	-0.849	-0.783	-0.858	-0.858	-0.766	-1.024	-0.779	-0.723	-0.761	-0.850	-0.690	-0.782	-0.848	-0.770	-0.694	-0.848	-0.846	-0.845	-0.845	-0.524	-0.726	-1.008	-1.050	-1.034	-0.607	-1.013	-1.013	-1.036	-1.029	-1.013	-1.014	-1.012	-1.014	-1.013	-1.012	-1.052	-0.697	-1.013	-1.035	-0.983	-1.077	-0.946	-0.969	-1.072	-1.074	-1.074	-1.071	-0.957	-1.079	-0.959	-1.005	-0.960	-1.083	-0.962	-1.085	-0.962	-1.091	-1.085	-0.827	-1.083	-1.085	-1.085	-1.074	-1.089	-0.948	-1.086	-1.070	-1.060	-1.081	-1.086	-1.079	-1.078	-1.081	-1.088	-1.088	-1.017	-0.853	-0.954	-1.063	-1.046	-1.073	-1.052	-0.939	-0.882	-1.070	-0.877	-0.858	-0.947	-0.948	-1.072	-1.089	-0.926	-1.065	-1.087	
rs9834936      -0.726	-0.755	-0.886	-0.786	-0.789	-0.786	-0.786	-0.785	-0.786	-0.786	-0.786	-0.786	-0.785	-0.786	-0.787	-0.782	-0.767	-0.782	-0.783	-0.646	-0.782	-0.788	-0.706	-0.805	-0.916	-0.907	-0.908	-0.909	-0.909	-0.909	-0.920	-1.033	-0.912	-0.966	-0.914	-0.967	-0.921	-0.917	-0.919	-0.835	-0.864	-0.804	-0.913	-0.864	-0.882	-1.069	-0.858	-1.073	-0.894	-0.864	-0.864	-1.073	-0.901	-0.910	-0.895	-0.895	-0.965	-0.856	-0.863	-0.900	-0.864	-0.864	-0.791	-0.864	-0.857	-0.901	-0.963	-0.902	-0.900	-0.899	-0.899	-0.867	-0.868	-0.870	-0.919	-0.880	-0.914	-0.916	-0.647	-0.844	-0.846	-0.919	-0.959	-0.866	-0.880	-0.850	-0.783	-0.858	-0.858	-0.766	-1.024	-0.779	-0.723	-0.761	-0.851	-0.690	-0.782	-0.849	-0.771	-0.695	-0.849	-0.847	-0.846	-0.846	-0.525	-0.726	-1.008	-1.050	-1.034	-0.608	-1.013	-1.013	-1.036	-1.029	-1.013	-1.014	-1.012	-1.014	-1.013	-1.012	-1.052	-0.697	-1.013	-1.035	-0.983	-1.077	-0.945	-0.970	-1.072	-1.073	-1.074	-1.071	-0.957	-1.078	-0.958	-1.005	-0.960	-1.083	-0.962	-1.084	-0.962	-1.091	-1.085	-0.828	-1.083	-1.085	-1.085	-1.074	-1.089	-0.948	-1.086	-1.070	-1.060	-1.081	-1.086	-1.079	-1.078	-1.081	-1.087	-1.088	-1.017	-0.853	-0.954	-1.063	-1.046	-1.073	-1.052	-0.939	-0.882	-1.070	-0.877	-0.858	-0.947	-0.948	-1.072	-1.089	-0.926	-1.065	-1.087	
rs6808288      -0.728	-0.757	-0.886	-0.787	-0.790	-0.786	-0.786	-0.786	-0.786	-0.786	-0.786	-0.786	-0.785	-0.786	-0.787	-0.783	-0.766	-0.782	-0.783	-0.782	-0.646	-0.788	-0.706	-0.805	-0.916	-0.907	-0.908	-0.909	-0.909	-0.909	-0.920	-1.033	-0.912	-0.966	-0.912	-0.967	-0.921	-0.917	-0.919	-0.835	-0.864	-0.804	-0.913	-0.864	-0.882	-1.069	-0.858	-1.073	-0.894	-0.864	-0.864	-1.073	-0.901	-0.910	-0.895	-0.895	-0.965	-0.856	-0.862	-0.900	-0.863	-0.864	-0.791	-0.864	-0.856	-0.901	-0.963	-0.902	-0.900	-0.899	-0.899	-0.867	-0.868	-0.870	-0.919	-0.880	-0.914	-0.916	-0.647	-0.844	-0.846	-0.919	-0.959	-0.866	-0.880	-0.849	-0.783	-0.858	-0.858	-0.766	-1.024	-0.779	-0.723	-0.761	-0.851	-0.690	-0.782	-0.849	-0.771	-0.695	-0.849	-0.847	-0.846	-0.846	-0.525	-0.726	-1.008	-1.050	-1.034	-0.608	-1.013	-1.013	-1.036	-1.029	-1.013	-1.014	-1.012	-1.014	-1.013	-1.012	-1.052	-0.697	-1.013	-1.035	-0.983	-1.077	-0.945	-0.970	-1.072	-1.073	-1.074	-1.071	-0.957	-1.078	-0.959	-1.005	-0.960	-1.083	-0.962	-1.085	-0.962	-1.091	-1.085	-0.828	-1.083	-1.085	-1.085	-1.074	-1.089	-0.948	-1.086	-1.070	-1.060	-1.081	-1.086	-1.079	-1.078	-1.081	-1.087	-1.088	-1.017	-0.853	-0.954	-1.063	-1.046	-1.073	-1.052	-0.939	-0.882	-1.070	-0.877	-0.858	-0.947	-0.948	-1.072	-1.089	-0.926	-1.065	-1.087	
rs9857101      -0.859	-0.860	-0.864	-0.808	-0.809	-0.805	-0.805	-0.804	-0.789	-0.789	-0.789	-0.789	-0.800	-0.802	-0.798	-0.788	-0.731	-0.788	-0.791	-0.788	-0.788	-0.657	-0.790	-0.740	-0.935	-0.941	-0.941	-0.941	-0.941	-0.941	-0.935	-1.059	-0.942	-0.969	-0.942	-0.969	-0.935	-0.941	-0.938	-0.792	-0.861	-0.761	-0.918	-0.861	-0.846	-1.072	-0.819	-1.079	-0.859	-0.825	-0.861	-1.079	-0.867	-0.877	-0.861	-0.861	-0.952	-0.817	-0.824	-0.899	-0.825	-0.826	-0.750	-0.826	-0.818	-0.901	-0.949	-0.901	-0.899	-0.898	-0.898	-0.830	-0.830	-0.833	-0.920	-0.874	-0.916	-0.918	-0.624	-0.805	-0.808	-0.921	-0.967	-0.830	-0.838	-0.812	-0.774	-0.822	-0.845	-0.756	-1.017	-0.770	-0.711	-0.751	-0.813	-0.668	-0.773	-0.811	-0.761	-0.672	-0.811	-0.809	-0.808	-0.808	-0.490	-0.714	-0.996	-1.045	-1.029	-0.582	-1.001	-1.002	-1.030	-1.022	-1.001	-1.002	-1.000	-1.003	-1.002	-1.000	-1.054	-0.683	-1.001	-1.045	-0.968	-1.078	-0.949	-0.952	-1.071	-1.073	-1.073	-1.070	-0.962	-1.079	-0.964	-0.993	-0.965	-1.085	-0.967	-1.086	-0.967	-1.096	-1.087	-0.803	-1.084	-1.087	-1.087	-1.073	-1.092	-0.952	-1.088	-1.068	-1.055	-1.101	-1.088	-1.079	-1.078	-1.081	-1.090	-1.090	-1.007	-0.830	-0.959	-1.059	-1.040	-1.071	-1.061	-0.942	-0.859	-1.067	-0.854	-0.833	-0.951	-0.952	-1.071	-1.105	-0.934	-1.068	-1.089	
rs67386536     -0.851	-0.843	-0.795	-0.739	-0.739	-0.734	-0.733	-0.732	-0.709	-0.708	-0.708	-0.708	-0.726	-0.728	-0.722	-0.707	-0.623	-0.706	-0.710	-0.706	-0.706	-0.790	-0.649	-0.642	-0.874	-0.896	-0.895	-0.896	-0.896	-0.895	-0.870	-1.052	-0.893	-0.909	-0.893	-0.910	-0.868	-0.887	-0.878	-0.690	-0.838	-0.668	-0.900	-0.838	-0.753	-1.052	-0.721	-1.063	-0.769	-0.728	-0.838	-1.064	-0.779	-0.793	-0.773	-0.774	-0.869	-0.721	-0.729	-0.880	-0.731	-0.731	-0.658	-0.732	-0.722	-0.881	-0.865	-0.881	-0.879	-0.878	-0.878	-0.737	-0.737	-0.740	-0.902	-0.842	-0.898	-0.901	-0.570	-0.712	-0.715	-0.904	-0.955	-0.741	-0.741	-0.720	-0.745	-0.731	-0.808	-0.726	-0.970	-0.741	-0.680	-0.721	-0.721	-0.615	-0.744	-0.719	-0.732	-0.619	-0.720	-0.716	-0.715	-0.715	-0.432	-0.682	-0.944	-1.009	-1.002	-0.524	-0.949	-0.950	-0.998	-0.990	-0.949	-0.950	-0.947	-0.952	-0.950	-0.948	-1.027	-0.650	-0.949	-1.019	-0.921	-1.051	-0.934	-0.903	-1.042	-1.044	-1.044	-1.040	-0.948	-1.052	-0.950	-0.950	-0.952	-1.059	-0.953	-1.060	-0.954	-1.073	-1.062	-0.747	-1.058	-1.062	-1.061	-1.046	-1.068	-0.937	-1.063	-1.042	-1.023	-1.098	-1.062	-1.051	-1.050	-1.054	-1.066	-1.066	-0.966	-0.777	-0.944	-1.027	-1.005	-1.042	-1.050	-0.926	-0.804	-1.037	-0.798	-0.775	-0.935	-0.936	-1.043	-1.095	-0.923	-1.044	-1.069	
rs11128045     -0.752	-0.762	-0.861	-0.800	-0.800	-0.801	-0.801	-0.801	-0.807	-0.807	-0.807	-0.807	-0.803	-0.802	-0.804	-0.806	-0.823	-0.805	-0.804	-0.805	-0.805	-0.740	-0.642	-0.432	-0.812	-0.794	-0.795	-0.795	-0.796	-0.797	-0.818	-0.881	-0.799	-0.855	-0.800	-0.855	-0.820	-0.807	-0.814	-0.787	-0.709	-0.756	-0.733	-0.709	-0.807	-0.832	-0.797	-0.815	-0.811	-0.799	-0.709	-0.815	-0.814	-0.817	-0.813	-0.813	-0.867	-0.797	-0.800	-0.732	-0.800	-0.800	-0.749	-0.800	-0.797	-0.732	-0.868	-0.733	-0.732	-0.731	-0.731	-0.801	-0.802	-0.803	-0.742	-0.750	-0.737	-0.737	-0.608	-0.792	-0.793	-0.739	-0.750	-0.803	-0.852	-0.795	-0.656	-0.799	-0.754	-0.643	-0.885	-0.653	-0.610	-0.639	-0.795	-0.642	-0.655	-0.795	-0.647	-0.646	-0.795	-0.794	-0.793	-0.793	-0.494	-0.612	-0.880	-0.894	-0.888	-0.580	-0.886	-0.886	-0.893	-0.888	-0.886	-0.886	-0.887	-0.887	-0.887	-0.887	-0.879	-0.590	-0.887	-0.851	-0.859	-0.880	-0.758	-0.854	-0.886	-0.885	-0.885	-0.886	-0.762	-0.884	-0.763	-0.870	-0.764	-0.886	-0.765	-0.887	-0.765	-0.881	-0.886	-0.752	-0.888	-0.887	-0.887	-0.889	-0.884	-0.759	-0.885	-0.888	-0.890	-0.796	-0.887	-0.890	-0.889	-0.889	-0.885	-0.885	-0.874	-0.770	-0.763	-0.891	-0.887	-0.890	-0.815	-0.754	-0.789	-0.890	-0.787	-0.775	-0.760	-0.761	-0.887	-0.784	-0.719	-0.884	-0.912	
rs9864222      -0.930	-0.932	-0.916	-0.922	-0.921	-0.921	-0.921	-0.920	-0.916	-0.916	-0.916	-0.916	-0.919	-0.918	-0.918	-0.916	-0.898	-0.916	-0.917	-0.916	-0.916	-0.935	-0.874	-0.812	-0.657	-0.784	-0.786	-0.786	-0.787	-0.788	-0.795	-1.043	-0.792	-0.904	-0.793	-0.904	-0.794	-0.805	-0.806	-0.756	-0.867	-0.733	-0.920	-0.867	-0.815	-1.065	-0.785	-1.071	-0.829	-0.792	-0.868	-1.071	-0.838	-0.851	-0.833	-0.833	-0.900	-0.786	-0.793	-0.905	-0.794	-0.795	-0.728	-0.795	-0.786	-0.906	-0.898	-0.906	-0.904	-0.903	-0.904	-0.800	-0.800	-0.803	-0.925	-0.878	-0.920	-0.922	-0.632	-0.776	-0.779	-0.925	-0.968	-0.803	-0.811	-0.784	-0.784	-0.794	-0.853	-0.765	-0.999	-0.779	-0.722	-0.761	-0.785	-0.676	-0.782	-0.783	-0.771	-0.680	-0.784	-0.781	-0.780	-0.780	-0.509	-0.725	-0.980	-1.031	-1.036	-0.590	-0.984	-0.985	-1.037	-1.030	-0.984	-0.985	-0.983	-0.986	-0.985	-0.984	-1.038	-0.695	-0.984	-1.024	-0.960	-1.066	-0.952	-0.944	-1.059	-1.061	-1.061	-1.058	-0.964	-1.067	-0.966	-0.985	-0.968	-1.073	-0.969	-1.074	-0.970	-1.083	-1.075	-0.791	-1.072	-1.076	-1.075	-1.063	-1.080	-0.955	-1.076	-1.061	-1.045	-1.084	-1.076	-1.068	-1.067	-1.070	-1.078	-1.079	-0.999	-0.820	-0.961	-1.049	-1.031	-1.060	-1.059	-0.946	-0.847	-1.057	-0.841	-0.820	-0.954	-0.955	-1.060	-1.088	-0.935	-1.060	-1.084	
rs4541416      -0.935	-0.936	-0.901	-0.915	-0.914	-0.913	-0.913	-0.913	-0.907	-0.907	-0.907	-0.907	-0.911	-0.910	-0.910	-0.907	-0.882	-0.907	-0.908	-0.907	-0.907	-0.941	-0.896	-0.794	-0.784	-0.660	-0.796	-0.797	-0.797	-0.797	-0.777	-1.049	-0.796	-0.892	-0.796	-0.893	-0.772	-0.798	-0.788	-0.730	-0.865	-0.708	-0.919	-0.865	-0.792	-1.065	-0.761	-1.072	-0.807	-0.768	-0.865	-1.073	-0.817	-0.831	-0.812	-0.812	-0.884	-0.761	-0.769	-0.903	-0.771	-0.771	-0.704	-0.771	-0.762	-0.904	-0.881	-0.905	-0.903	-0.902	-0.902	-0.776	-0.777	-0.780	-0.924	-0.873	-0.919	-0.922	-0.618	-0.752	-0.755	-0.925	-0.970	-0.781	-0.786	-0.760	-0.779	-0.772	-0.844	-0.761	-0.992	-0.775	-0.716	-0.756	-0.762	-0.662	-0.778	-0.760	-0.766	-0.666	-0.761	-0.757	-0.756	-0.756	-0.494	-0.719	-0.970	-1.025	-1.031	-0.574	-0.974	-0.975	-1.032	-1.024	-0.974	-0.976	-0.973	-0.977	-0.976	-0.974	-1.035	-0.689	-0.975	-1.024	-0.950	-1.063	-0.952	-0.934	-1.055	-1.057	-1.057	-1.054	-0.965	-1.064	-0.967	-0.977	-0.968	-1.070	-0.970	-1.072	-0.970	-1.082	-1.073	-0.776	-1.070	-1.073	-1.072	-1.059	-1.078	-0.955	-1.074	-1.058	-1.040	-1.090	-1.073	-1.064	-1.063	-1.067	-1.076	-1.076	-0.992	-0.805	-0.962	-1.044	-1.024	-1.056	-1.061	-0.945	-0.832	-1.052	-0.826	-0.805	-0.954	-0.955	-1.057	-1.092	-0.937	-1.058	-1.082	
rs9878136      -0.935	-0.936	-0.903	-0.915	-0.915	-0.914	-0.914	-0.914	-0.908	-0.908	-0.908	-0.908	-0.912	-0.911	-0.911	-0.908	-0.884	-0.908	-0.909	-0.908	-0.908	-0.941	-0.895	-0.795	-0.786	-0.796	-0.660	-0.797	-0.797	-0.797	-0.780	-1.048	-0.797	-0.893	-0.796	-0.893	-0.774	-0.799	-0.789	-0.732	-0.865	-0.710	-0.919	-0.865	-0.794	-1.065	-0.762	-1.073	-0.809	-0.770	-0.866	-1.073	-0.818	-0.832	-0.813	-0.813	-0.886	-0.763	-0.771	-0.904	-0.772	-0.773	-0.706	-0.773	-0.764	-0.905	-0.882	-0.905	-0.903	-0.902	-0.902	-0.778	-0.778	-0.782	-0.924	-0.873	-0.919	-0.922	-0.619	-0.754	-0.757	-0.925	-0.970	-0.782	-0.787	-0.762	-0.779	-0.773	-0.845	-0.761	-0.992	-0.775	-0.717	-0.756	-0.763	-0.663	-0.778	-0.761	-0.766	-0.667	-0.762	-0.759	-0.758	-0.758	-0.495	-0.719	-0.971	-1.025	-1.031	-0.576	-0.975	-0.976	-1.032	-1.025	-0.975	-0.976	-0.974	-0.978	-0.976	-0.975	-1.036	-0.689	-0.975	-1.024	-0.951	-1.063	-0.952	-0.934	-1.056	-1.058	-1.058	-1.055	-0.965	-1.064	-0.967	-0.978	-0.968	-1.071	-0.970	-1.072	-0.970	-1.082	-1.073	-0.777	-1.070	-1.073	-1.073	-1.060	-1.078	-0.955	-1.074	-1.059	-1.041	-1.090	-1.074	-1.064	-1.064	-1.067	-1.076	-1.076	-0.992	-0.806	-0.962	-1.044	-1.025	-1.056	-1.061	-0.946	-0.833	-1.052	-0.827	-0.806	-0.954	-0.955	-1.057	-1.092	-0.937	-1.058	-1.082	
rs13314970     -0.936	-0.937	-0.903	-0.916	-0.916	-0.915	-0.915	-0.915	-0.909	-0.909	-0.909	-0.909	-0.913	-0.912	-0.912	-0.909	-0.885	-0.909	-0.910	-0.909	-0.909	-0.941	-0.896	-0.795	-0.786	-0.797	-0.797	-0.660	-0.797	-0.797	-0.780	-1.049	-0.796	-0.893	-0.796	-0.893	-0.774	-0.799	-0.789	-0.732	-0.865	-0.710	-0.920	-0.865	-0.794	-1.065	-0.763	-1.073	-0.809	-0.770	-0.866	-1.073	-0.818	-0.832	-0.813	-0.814	-0.886	-0.763	-0.771	-0.904	-0.772	-0.773	-0.706	-0.773	-0.764	-0.905	-0.883	-0.905	-0.903	-0.902	-0.903	-0.778	-0.779	-0.782	-0.924	-0.874	-0.920	-0.922	-0.619	-0.754	-0.757	-0.925	-0.970	-0.782	-0.788	-0.762	-0.780	-0.773	-0.845	-0.761	-0.992	-0.775	-0.717	-0.756	-0.764	-0.663	-0.778	-0.762	-0.766	-0.668	-0.762	-0.759	-0.758	-0.758	-0.496	-0.720	-0.971	-1.025	-1.032	-0.576	-0.975	-0.976	-1.032	-1.025	-0.975	-0.976	-0.974	-0.978	-0.976	-0.975	-1.036	-0.689	-0.976	-1.024	-0.951	-1.063	-0.953	-0.935	-1.056	-1.058	-1.058	-1.055	-0.965	-1.065	-0.967	-0.978	-0.969	-1.071	-0.970	-1.072	-0.971	-1.082	-1.073	-0.777	-1.070	-1.073	-1.073	-1.060	-1.079	-0.956	-1.074	-1.059	-1.041	-1.090	-1.074	-1.065	-1.064	-1.067	-1.076	-1.077	-0.992	-0.807	-0.962	-1.044	-1.025	-1.057	-1.062	-0.946	-0.833	-1.052	-0.828	-0.806	-0.954	-0.955	-1.057	-1.092	-0.937	-1.058	-1.082	
rs62271193     -0.936	-0.937	-0.904	-0.916	-0.916	-0.915	-0.915	-0.915	-0.909	-0.909	-0.909	-0.909	-0.913	-0.912	-0.912	-0.909	-0.885	-0.909	-0.910	-0.909	-0.909	-0.941	-0.896	-0.796	-0.787	-0.797	-0.797	-0.797	-0.660	-0.797	-0.780	-1.049	-0.796	-0.893	-0.796	-0.894	-0.774	-0.799	-0.789	-0.732	-0.865	-0.710	-0.920	-0.865	-0.794	-1.065	-0.763	-1.073	-0.809	-0.770	-0.866	-1.073	-0.819	-0.833	-0.814	-0.814	-0.886	-0.763	-0.771	-0.904	-0.773	-0.773	-0.706	-0.773	-0.764	-0.905	-0.883	-0.905	-0.903	-0.902	-0.903	-0.778	-0.779	-0.782	-0.924	-0.874	-0.920	-0.922	-0.619	-0.754	-0.757	-0.925	-0.970	-0.783	-0.788	-0.762	-0.780	-0.773	-0.845	-0.761	-0.992	-0.775	-0.717	-0.757	-0.764	-0.663	-0.778	-0.762	-0.766	-0.668	-0.762	-0.759	-0.758	-0.758	-0.496	-0.720	-0.971	-1.025	-1.032	-0.576	-0.975	-0.976	-1.032	-1.025	-0.975	-0.976	-0.974	-0.978	-0.977	-0.975	-1.036	-0.689	-0.976	-1.024	-0.951	-1.063	-0.953	-0.935	-1.056	-1.058	-1.058	-1.055	-0.965	-1.065	-0.967	-0.978	-0.969	-1.071	-0.970	-1.072	-0.971	-1.082	-1.073	-0.777	-1.070	-1.073	-1.073	-1.060	-1.079	-0.956	-1.074	-1.059	-1.041	-1.090	-1.074	-1.065	-1.064	-1.068	-1.076	-1.077	-0.993	-0.807	-0.962	-1.044	-1.025	-1.057	-1.062	-0.946	-0.833	-1.052	-0.828	-0.806	-0.954	-0.955	-1.057	-1.092	-0.937	-1.058	-1.082	
rs28790673     -0.936	-0.937	-0.905	-0.917	-0.917	-0.916	-0.916	-0.915	-0.910	-0.909	-0.910	-0.910	-0.914	-0.913	-0.913	-0.910	-0.886	-0.910	-0.910	-0.909	-0.909	-0.941	-0.895	-0.797	-0.788	-0.797	-0.797	-0.797	-0.797	-0.660	-0.782	-1.048	-0.797	-0.894	-0.797	-0.894	-0.776	-0.800	-0.790	-0.734	-0.865	-0.711	-0.920	-0.866	-0.795	-1.066	-0.764	-1.073	-0.810	-0.771	-0.866	-1.073	-0.820	-0.834	-0.815	-0.815	-0.887	-0.765	-0.772	-0.904	-0.774	-0.774	-0.707	-0.775	-0.765	-0.905	-0.884	-0.906	-0.903	-0.902	-0.903	-0.779	-0.780	-0.783	-0.924	-0.874	-0.920	-0.922	-0.620	-0.755	-0.758	-0.925	-0.970	-0.784	-0.789	-0.763	-0.780	-0.775	-0.846	-0.762	-0.993	-0.776	-0.717	-0.757	-0.765	-0.664	-0.779	-0.763	-0.767	-0.668	-0.764	-0.760	-0.759	-0.759	-0.496	-0.720	-0.971	-1.026	-1.032	-0.577	-0.976	-0.977	-1.033	-1.025	-0.976	-0.977	-0.975	-0.978	-0.977	-0.975	-1.036	-0.690	-0.976	-1.024	-0.952	-1.064	-0.953	-0.935	-1.056	-1.058	-1.058	-1.055	-0.965	-1.065	-0.967	-0.978	-0.969	-1.071	-0.970	-1.072	-0.971	-1.082	-1.074	-0.778	-1.070	-1.074	-1.073	-1.060	-1.079	-0.956	-1.074	-1.059	-1.041	-1.090	-1.074	-1.065	-1.064	-1.068	-1.077	-1.077	-0.993	-0.807	-0.962	-1.045	-1.026	-1.057	-1.062	-0.946	-0.834	-1.053	-0.829	-0.807	-0.955	-0.955	-1.057	-1.092	-0.937	-1.058	-1.082	
rs11712182     -0.930	-0.933	-0.921	-0.925	-0.924	-0.924	-0.924	-0.924	-0.920	-0.920	-0.920	-0.920	-0.923	-0.922	-0.921	-0.920	-0.904	-0.920	-0.920	-0.920	-0.920	-0.935	-0.870	-0.818	-0.795	-0.777	-0.780	-0.780	-0.780	-0.782	-0.656	-1.042	-0.786	-0.905	-0.787	-0.905	-0.797	-0.802	-0.806	-0.763	-0.868	-0.740	-0.919	-0.868	-0.821	-1.065	-0.791	-1.070	-0.835	-0.798	-0.868	-1.071	-0.844	-0.856	-0.839	-0.839	-0.904	-0.792	-0.799	-0.905	-0.800	-0.801	-0.734	-0.801	-0.792	-0.906	-0.902	-0.906	-0.905	-0.903	-0.904	-0.805	-0.806	-0.809	-0.925	-0.879	-0.920	-0.922	-0.635	-0.782	-0.785	-0.925	-0.968	-0.809	-0.818	-0.790	-0.784	-0.800	-0.855	-0.766	-1.001	-0.780	-0.723	-0.762	-0.791	-0.679	-0.783	-0.789	-0.771	-0.684	-0.790	-0.787	-0.786	-0.786	-0.512	-0.726	-0.982	-1.032	-1.037	-0.594	-0.986	-0.987	-1.038	-1.031	-0.987	-0.987	-0.986	-0.989	-0.988	-0.986	-1.039	-0.696	-0.987	-1.023	-0.963	-1.066	-0.952	-0.947	-1.060	-1.062	-1.062	-1.059	-0.964	-1.068	-0.966	-0.987	-0.967	-1.074	-0.969	-1.075	-0.969	-1.083	-1.076	-0.795	-1.073	-1.076	-1.075	-1.064	-1.080	-0.955	-1.076	-1.062	-1.047	-1.082	-1.076	-1.068	-1.068	-1.071	-1.079	-1.079	-1.001	-0.823	-0.961	-1.050	-1.032	-1.061	-1.059	-0.945	-0.850	-1.058	-0.845	-0.824	-0.954	-0.954	-1.061	-1.087	-0.935	-1.060	-1.084	
