## Summary of overall evidence for association with region:
## log10(BF for region) = -0.36578
## p-value for region = NA

## BFs for choosing among multi-SNP models:
## log10(average 1-SNP BF) = -0.315639
## log10(average 2-SNP BF) = -0.487698

## Example posterior probabilities for multi-SNP models, based on default prior: [p(l) propto 0.5^l for l=1,2,...,L]
## posterior probability of 1-SNP = 0.748255
## posterior probability of 2-SNP = 0.251745

## log10(BF) for single SNP and pair of SNPs:
rs10764979     -0.642	-0.875	-0.892	-0.912	-1.090	-1.073	-0.990	-1.028	-1.124	-1.126	-1.126	-1.125	-1.124	-1.125	-1.122	-1.072	-1.072	-1.122	-1.016	-0.983	-1.008	-0.997	-0.959	-1.061	-1.035	-1.028	-1.011	-1.145	-1.033	-0.862	-0.846	-0.764	-0.689	-0.687	-0.659	-0.721	-0.735	-0.748	-0.677	-0.714	-0.700	-0.735	-0.720	-0.744	-0.710	-0.632	-0.711	-0.709	-0.859	-0.573	-0.499	-0.526	-0.840	-0.903	-0.818	-0.942	-0.942	-0.916	-0.542	-0.542	-0.565	-0.630	-1.072	-0.609	-0.691	-0.625	-0.820	-0.791	-0.811	-0.778	-0.777	-1.115	-0.761	-0.768	-0.655	-0.655	-0.776	-0.549	-0.656	-0.770	-0.770	-0.770	-0.780	-0.674	-0.928	-0.771	-0.780	-0.771	-0.780	-0.780	-0.780	-0.779	-0.779	-0.779	-0.779	-0.779	-0.783	-0.778	-0.778	-0.778	-0.677	-0.670	-0.666	-0.780	-0.671	-0.690	-0.671	-0.680	-0.938	-1.096	-0.938	-0.705	-0.800	-0.955	-1.080	-1.080	-1.120	-1.066	-0.865	-0.998	-1.001	-0.894	-1.090	-0.963	-0.954	-0.883	-0.811	-0.799	-0.970	-0.897	-0.966	-0.759	-0.800	-1.022	-0.964	-1.003	-0.989	-0.986	-0.759	-0.983	-0.522	-0.975	-1.103	-0.671	-0.767	-1.109	-1.024	-1.057	-1.063	-0.956	
rs1006217      -0.875	-0.419	-0.859	-0.869	-0.842	-0.760	-0.797	-0.833	-0.921	-0.923	-0.922	-0.922	-0.921	-0.922	-0.919	-0.872	-0.872	-0.919	-0.810	-0.778	-0.803	-0.792	-0.756	-0.854	-0.824	-0.816	-0.799	-0.936	-0.828	-0.641	-0.633	-0.539	-0.480	-0.472	-0.444	-0.507	-0.521	-0.534	-0.462	-0.500	-0.488	-0.521	-0.506	-0.530	-0.495	-0.404	-0.496	-0.494	-0.644	-0.357	-0.279	-0.307	-0.622	-0.691	-0.598	-0.736	-0.736	-0.710	-0.322	-0.323	-0.347	-0.414	-0.864	-0.392	-0.475	-0.409	-0.603	-0.574	-0.594	-0.560	-0.559	-0.905	-0.543	-0.550	-0.439	-0.439	-0.558	-0.331	-0.440	-0.552	-0.552	-0.552	-0.562	-0.459	-0.716	-0.553	-0.562	-0.553	-0.562	-0.562	-0.562	-0.561	-0.561	-0.561	-0.561	-0.561	-0.566	-0.561	-0.560	-0.560	-0.461	-0.455	-0.450	-0.562	-0.456	-0.475	-0.455	-0.465	-0.727	-0.885	-0.727	-0.490	-0.582	-0.742	-0.874	-0.874	-0.912	-0.860	-0.656	-0.787	-0.789	-0.685	-0.881	-0.756	-0.748	-0.675	-0.600	-0.588	-0.764	-0.688	-0.761	-0.549	-0.594	-0.813	-0.752	-0.794	-0.780	-0.777	-0.546	-0.774	-0.307	-0.766	-0.896	-0.459	-0.549	-0.901	-0.815	-0.846	-0.854	-0.747	
rs1006218      -0.892	-0.859	-0.570	-0.755	-0.832	-0.952	-0.910	-0.950	-1.063	-1.063	-1.063	-1.062	-1.061	-1.061	-1.058	-1.017	-1.017	-1.058	-0.943	-0.910	-0.935	-0.924	-0.886	-0.988	-0.966	-0.958	-0.941	-1.076	-0.960	-0.795	-0.764	-0.686	-0.611	-0.597	-0.568	-0.632	-0.647	-0.659	-0.587	-0.625	-0.611	-0.646	-0.631	-0.656	-0.620	-0.545	-0.621	-0.619	-0.772	-0.491	-0.412	-0.440	-0.762	-0.829	-0.739	-0.874	-0.874	-0.848	-0.455	-0.456	-0.480	-0.546	-1.003	-0.524	-0.608	-0.541	-0.744	-0.715	-0.735	-0.702	-0.700	-1.045	-0.684	-0.692	-0.571	-0.571	-0.700	-0.463	-0.572	-0.694	-0.694	-0.694	-0.704	-0.590	-0.843	-0.694	-0.704	-0.694	-0.703	-0.703	-0.703	-0.703	-0.703	-0.703	-0.703	-0.702	-0.707	-0.702	-0.702	-0.702	-0.593	-0.587	-0.582	-0.704	-0.588	-0.607	-0.587	-0.597	-0.853	-1.026	-0.854	-0.622	-0.724	-0.883	-1.015	-1.015	-1.053	-1.003	-0.779	-0.917	-0.920	-0.826	-1.021	-0.901	-0.893	-0.817	-0.747	-0.735	-0.901	-0.830	-0.898	-0.702	-0.732	-0.953	-0.898	-0.934	-0.920	-0.917	-0.697	-0.914	-0.457	-0.906	-1.031	-0.597	-0.695	-1.040	-0.954	-0.990	-0.992	-0.887	
rs10741228     -0.912	-0.869	-0.755	-0.580	-0.848	-0.962	-0.919	-0.960	-1.073	-1.073	-1.072	-1.072	-1.071	-1.071	-1.068	-1.027	-1.027	-1.067	-0.954	-0.921	-0.946	-0.935	-0.897	-0.999	-0.975	-0.967	-0.950	-1.086	-0.969	-0.804	-0.774	-0.696	-0.620	-0.608	-0.579	-0.643	-0.657	-0.670	-0.598	-0.636	-0.622	-0.657	-0.642	-0.666	-0.631	-0.555	-0.632	-0.630	-0.783	-0.499	-0.420	-0.448	-0.772	-0.838	-0.749	-0.884	-0.883	-0.857	-0.464	-0.464	-0.489	-0.554	-1.012	-0.532	-0.616	-0.549	-0.754	-0.725	-0.745	-0.711	-0.710	-1.055	-0.694	-0.702	-0.579	-0.579	-0.710	-0.472	-0.580	-0.704	-0.704	-0.704	-0.714	-0.599	-0.853	-0.704	-0.713	-0.704	-0.713	-0.713	-0.713	-0.713	-0.713	-0.713	-0.712	-0.712	-0.717	-0.712	-0.712	-0.712	-0.602	-0.595	-0.590	-0.714	-0.596	-0.616	-0.596	-0.605	-0.864	-1.036	-0.864	-0.631	-0.734	-0.893	-1.025	-1.025	-1.062	-1.012	-0.790	-0.927	-0.930	-0.836	-1.031	-0.910	-0.902	-0.827	-0.756	-0.744	-0.911	-0.839	-0.907	-0.712	-0.742	-0.962	-0.908	-0.944	-0.929	-0.927	-0.707	-0.923	-0.467	-0.916	-1.040	-0.607	-0.705	-1.049	-0.964	-0.999	-1.001	-0.896	
rs10764990     -1.090	-0.842	-0.832	-0.848	-0.634	-1.023	-1.000	-1.035	-1.122	-1.123	-1.123	-1.122	-1.121	-1.122	-1.119	-1.072	-1.072	-1.119	-1.005	-0.973	-0.997	-0.987	-0.948	-1.051	-1.029	-1.022	-1.006	-1.137	-1.028	-0.854	-0.852	-0.766	-0.691	-0.691	-0.663	-0.725	-0.739	-0.751	-0.681	-0.718	-0.703	-0.738	-0.724	-0.747	-0.713	-0.631	-0.714	-0.712	-0.862	-0.573	-0.501	-0.528	-0.834	-0.896	-0.812	-0.937	-0.936	-0.911	-0.543	-0.544	-0.566	-0.631	-1.065	-0.610	-0.690	-0.626	-0.811	-0.782	-0.802	-0.768	-0.767	-1.106	-0.751	-0.758	-0.655	-0.655	-0.767	-0.551	-0.656	-0.760	-0.761	-0.761	-0.770	-0.674	-0.928	-0.761	-0.770	-0.761	-0.770	-0.770	-0.770	-0.770	-0.769	-0.769	-0.769	-0.769	-0.774	-0.769	-0.768	-0.768	-0.677	-0.670	-0.666	-0.771	-0.671	-0.690	-0.671	-0.680	-0.938	-1.087	-0.939	-0.704	-0.790	-0.946	-1.067	-1.067	-1.111	-1.051	-0.866	-0.996	-0.998	-0.884	-1.082	-0.952	-0.943	-0.872	-0.801	-0.789	-0.957	-0.887	-0.953	-0.747	-0.786	-1.013	-0.948	-0.995	-0.981	-0.979	-0.745	-0.975	-0.508	-0.967	-1.096	-0.670	-0.763	-1.101	-1.017	-1.044	-1.058	-0.948	
rs1926435      -1.073	-0.760	-0.952	-0.962	-1.023	-0.605	-0.966	-1.002	-1.094	-1.097	-1.096	-1.095	-1.095	-1.095	-1.092	-1.042	-1.042	-1.092	-0.980	-0.948	-0.973	-0.962	-0.924	-1.026	-1.000	-0.993	-0.976	-1.110	-0.998	-0.827	-0.814	-0.730	-0.653	-0.654	-0.626	-0.688	-0.702	-0.714	-0.644	-0.681	-0.667	-0.702	-0.687	-0.711	-0.676	-0.597	-0.677	-0.675	-0.826	-0.537	-0.463	-0.490	-0.805	-0.868	-0.783	-0.907	-0.907	-0.881	-0.505	-0.506	-0.529	-0.594	-1.037	-0.573	-0.655	-0.589	-0.785	-0.756	-0.776	-0.743	-0.742	-1.080	-0.726	-0.733	-0.619	-0.619	-0.741	-0.513	-0.620	-0.735	-0.735	-0.735	-0.745	-0.638	-0.894	-0.736	-0.745	-0.736	-0.745	-0.745	-0.745	-0.744	-0.744	-0.744	-0.744	-0.744	-0.749	-0.744	-0.743	-0.743	-0.641	-0.634	-0.630	-0.745	-0.636	-0.654	-0.635	-0.644	-0.904	-1.061	-0.904	-0.669	-0.765	-0.920	-1.046	-1.046	-1.085	-1.031	-0.831	-0.964	-0.966	-0.858	-1.055	-0.929	-0.920	-0.847	-0.776	-0.764	-0.934	-0.861	-0.930	-0.725	-0.765	-0.987	-0.929	-0.968	-0.954	-0.951	-0.724	-0.948	-0.486	-0.940	-1.068	-0.636	-0.731	-1.074	-0.989	-1.022	-1.028	-0.920	
rs35748949     -0.990	-0.797	-0.910	-0.919	-1.000	-0.966	-0.514	-0.665	-0.730	-0.831	-0.829	-0.827	-0.828	-0.839	-0.842	-0.807	-0.807	-0.838	-0.909	-0.882	-0.903	-0.894	-0.860	-0.948	-0.901	-0.892	-0.873	-1.024	-0.906	-0.753	-0.758	-0.658	-0.555	-0.572	-0.544	-0.606	-0.620	-0.633	-0.563	-0.600	-0.587	-0.620	-0.605	-0.629	-0.595	-0.511	-0.596	-0.594	-0.743	-0.449	-0.366	-0.393	-0.714	-0.778	-0.692	-0.820	-0.819	-0.793	-0.409	-0.409	-0.433	-0.501	-0.950	-0.479	-0.562	-0.496	-0.695	-0.666	-0.686	-0.653	-0.652	-0.993	-0.637	-0.644	-0.525	-0.525	-0.652	-0.417	-0.526	-0.646	-0.646	-0.646	-0.656	-0.545	-0.806	-0.647	-0.656	-0.647	-0.656	-0.656	-0.656	-0.655	-0.655	-0.655	-0.655	-0.655	-0.659	-0.654	-0.654	-0.654	-0.548	-0.542	-0.537	-0.656	-0.542	-0.561	-0.542	-0.551	-0.816	-0.974	-0.817	-0.576	-0.676	-0.829	-0.960	-0.960	-0.999	-0.945	-0.736	-0.874	-0.876	-0.772	-0.969	-0.842	-0.833	-0.762	-0.690	-0.679	-0.849	-0.775	-0.846	-0.635	-0.679	-0.900	-0.839	-0.881	-0.867	-0.865	-0.633	-0.861	-0.404	-0.853	-0.981	-0.543	-0.634	-0.987	-0.900	-0.933	-0.939	-0.832	
rs7099958      -1.028	-0.833	-0.950	-0.960	-1.035	-1.002	-0.665	-0.552	-0.800	-0.887	-0.886	-0.884	-0.885	-0.894	-0.896	-0.861	-0.862	-0.893	-0.942	-0.913	-0.935	-0.926	-0.891	-0.982	-0.939	-0.930	-0.912	-1.060	-0.943	-0.787	-0.788	-0.691	-0.594	-0.606	-0.579	-0.641	-0.655	-0.667	-0.597	-0.634	-0.621	-0.655	-0.640	-0.663	-0.629	-0.548	-0.630	-0.628	-0.778	-0.487	-0.405	-0.432	-0.751	-0.815	-0.729	-0.856	-0.856	-0.830	-0.448	-0.448	-0.472	-0.539	-0.986	-0.518	-0.600	-0.534	-0.733	-0.704	-0.724	-0.691	-0.690	-1.030	-0.674	-0.681	-0.564	-0.564	-0.689	-0.456	-0.565	-0.683	-0.684	-0.684	-0.693	-0.583	-0.842	-0.684	-0.693	-0.684	-0.693	-0.693	-0.693	-0.693	-0.692	-0.692	-0.692	-0.692	-0.697	-0.692	-0.691	-0.691	-0.586	-0.580	-0.575	-0.694	-0.581	-0.600	-0.580	-0.590	-0.852	-1.011	-0.853	-0.614	-0.713	-0.867	-0.996	-0.996	-1.035	-0.982	-0.773	-0.911	-0.913	-0.808	-1.005	-0.879	-0.870	-0.798	-0.727	-0.715	-0.885	-0.811	-0.882	-0.673	-0.715	-0.936	-0.876	-0.917	-0.904	-0.901	-0.670	-0.898	-0.440	-0.890	-1.017	-0.580	-0.672	-1.023	-0.937	-0.970	-0.976	-0.869	
rs1926434      -1.124	-0.921	-1.063	-1.073	-1.122	-1.094	-0.730	-0.800	-0.648	-0.925	-0.925	-0.925	-0.924	-0.921	-0.923	-0.961	-0.961	-0.916	-1.004	-0.968	-0.995	-0.984	-0.944	-1.050	-1.040	-1.033	-1.017	-1.150	-1.038	-0.865	-0.850	-0.765	-0.698	-0.684	-0.655	-0.719	-0.733	-0.745	-0.674	-0.711	-0.697	-0.732	-0.717	-0.742	-0.707	-0.635	-0.708	-0.706	-0.859	-0.581	-0.508	-0.536	-0.846	-0.908	-0.824	-0.949	-0.949	-0.923	-0.551	-0.551	-0.574	-0.639	-1.078	-0.618	-0.699	-0.634	-0.827	-0.799	-0.818	-0.785	-0.784	-1.121	-0.768	-0.775	-0.663	-0.663	-0.783	-0.558	-0.664	-0.777	-0.777	-0.777	-0.787	-0.682	-0.935	-0.778	-0.787	-0.778	-0.787	-0.786	-0.786	-0.786	-0.786	-0.786	-0.786	-0.785	-0.790	-0.785	-0.785	-0.785	-0.685	-0.679	-0.674	-0.787	-0.680	-0.699	-0.679	-0.689	-0.945	-1.102	-0.945	-0.713	-0.806	-0.962	-1.087	-1.087	-1.126	-1.072	-0.873	-1.005	-1.008	-0.899	-1.096	-0.970	-0.961	-0.888	-0.816	-0.804	-0.973	-0.902	-0.969	-0.766	-0.803	-1.028	-0.969	-1.008	-0.994	-0.992	-0.765	-0.988	-0.523	-0.980	-1.109	-0.678	-0.772	-1.114	-1.031	-1.063	-1.068	-0.962	
rs67989516     -1.126	-0.923	-1.063	-1.073	-1.123	-1.097	-0.831	-0.887	-0.925	-0.650	-0.787	-0.787	-0.788	-0.788	-0.804	-0.882	-0.882	-0.817	-1.006	-0.971	-0.998	-0.987	-0.946	-1.051	-1.039	-1.031	-1.015	-1.151	-1.039	-0.869	-0.855	-0.771	-0.698	-0.696	-0.667	-0.730	-0.744	-0.756	-0.686	-0.723	-0.709	-0.744	-0.729	-0.753	-0.718	-0.637	-0.719	-0.717	-0.868	-0.581	-0.508	-0.535	-0.848	-0.910	-0.826	-0.951	-0.950	-0.924	-0.551	-0.551	-0.574	-0.639	-1.080	-0.618	-0.699	-0.634	-0.828	-0.799	-0.819	-0.785	-0.784	-1.122	-0.768	-0.775	-0.663	-0.663	-0.784	-0.558	-0.664	-0.778	-0.778	-0.778	-0.788	-0.683	-0.937	-0.778	-0.787	-0.778	-0.787	-0.787	-0.787	-0.787	-0.787	-0.786	-0.786	-0.786	-0.791	-0.786	-0.786	-0.786	-0.685	-0.679	-0.674	-0.788	-0.680	-0.699	-0.680	-0.689	-0.947	-1.103	-0.948	-0.713	-0.807	-0.963	-1.089	-1.088	-1.127	-1.074	-0.875	-1.007	-1.010	-0.901	-1.097	-0.971	-0.963	-0.890	-0.818	-0.806	-0.976	-0.904	-0.973	-0.768	-0.807	-1.030	-0.971	-1.011	-0.996	-0.994	-0.767	-0.990	-0.527	-0.983	-1.111	-0.680	-0.775	-1.116	-1.033	-1.064	-1.071	-0.963	
rs66624086     -1.126	-0.922	-1.063	-1.072	-1.123	-1.096	-0.829	-0.886	-0.925	-0.787	-0.649	-0.786	-0.786	-0.785	-0.802	-0.882	-0.882	-0.815	-1.006	-0.970	-0.997	-0.986	-0.946	-1.051	-1.038	-1.031	-1.015	-1.150	-1.038	-0.869	-0.854	-0.770	-0.697	-0.695	-0.667	-0.729	-0.743	-0.756	-0.685	-0.722	-0.708	-0.743	-0.728	-0.752	-0.718	-0.637	-0.719	-0.717	-0.868	-0.581	-0.507	-0.535	-0.847	-0.909	-0.825	-0.950	-0.949	-0.924	-0.550	-0.550	-0.573	-0.638	-1.079	-0.617	-0.699	-0.633	-0.827	-0.798	-0.818	-0.785	-0.784	-1.122	-0.768	-0.775	-0.663	-0.663	-0.783	-0.557	-0.664	-0.777	-0.777	-0.777	-0.787	-0.682	-0.937	-0.777	-0.787	-0.778	-0.786	-0.786	-0.786	-0.786	-0.786	-0.786	-0.786	-0.785	-0.790	-0.785	-0.785	-0.785	-0.685	-0.678	-0.674	-0.787	-0.679	-0.698	-0.679	-0.688	-0.947	-1.103	-0.947	-0.713	-0.806	-0.962	-1.088	-1.088	-1.127	-1.073	-0.874	-1.007	-1.009	-0.901	-1.097	-0.971	-0.962	-0.890	-0.817	-0.806	-0.976	-0.903	-0.972	-0.767	-0.806	-1.029	-0.971	-1.010	-0.996	-0.993	-0.766	-0.990	-0.526	-0.982	-1.110	-0.680	-0.774	-1.116	-1.032	-1.064	-1.070	-0.963	
rs35307486     -1.125	-0.922	-1.062	-1.072	-1.122	-1.095	-0.827	-0.884	-0.925	-0.787	-0.786	-0.649	-0.784	-0.782	-0.800	-0.883	-0.883	-0.813	-1.004	-0.969	-0.996	-0.985	-0.944	-1.050	-1.038	-1.030	-1.014	-1.150	-1.038	-0.868	-0.853	-0.770	-0.697	-0.694	-0.666	-0.729	-0.743	-0.755	-0.685	-0.722	-0.707	-0.742	-0.727	-0.751	-0.717	-0.636	-0.718	-0.716	-0.867	-0.580	-0.507	-0.534	-0.846	-0.909	-0.824	-0.949	-0.949	-0.923	-0.550	-0.550	-0.573	-0.638	-1.079	-0.617	-0.698	-0.633	-0.826	-0.798	-0.817	-0.784	-0.783	-1.121	-0.767	-0.774	-0.662	-0.662	-0.782	-0.557	-0.663	-0.776	-0.777	-0.777	-0.786	-0.681	-0.936	-0.777	-0.786	-0.777	-0.786	-0.786	-0.786	-0.785	-0.785	-0.785	-0.785	-0.785	-0.790	-0.785	-0.784	-0.784	-0.684	-0.678	-0.673	-0.786	-0.679	-0.698	-0.678	-0.688	-0.946	-1.102	-0.947	-0.712	-0.806	-0.961	-1.088	-1.087	-1.126	-1.073	-0.873	-1.006	-1.008	-0.900	-1.096	-0.970	-0.962	-0.889	-0.817	-0.805	-0.975	-0.903	-0.971	-0.767	-0.806	-1.028	-0.970	-1.009	-0.995	-0.993	-0.766	-0.989	-0.525	-0.981	-1.109	-0.679	-0.774	-1.115	-1.032	-1.063	-1.070	-0.962	
rs34445471     -1.124	-0.921	-1.061	-1.071	-1.121	-1.095	-0.828	-0.885	-0.924	-0.788	-0.786	-0.784	-0.648	-0.782	-0.799	-0.880	-0.880	-0.811	-1.004	-0.969	-0.995	-0.984	-0.944	-1.049	-1.037	-1.029	-1.013	-1.149	-1.037	-0.867	-0.853	-0.769	-0.696	-0.694	-0.665	-0.728	-0.742	-0.754	-0.684	-0.721	-0.707	-0.742	-0.727	-0.751	-0.716	-0.635	-0.717	-0.715	-0.866	-0.579	-0.506	-0.533	-0.846	-0.908	-0.824	-0.949	-0.948	-0.922	-0.549	-0.549	-0.572	-0.637	-1.078	-0.616	-0.697	-0.632	-0.826	-0.797	-0.817	-0.783	-0.782	-1.120	-0.766	-0.773	-0.661	-0.661	-0.782	-0.556	-0.662	-0.776	-0.776	-0.776	-0.785	-0.681	-0.935	-0.776	-0.785	-0.776	-0.785	-0.785	-0.785	-0.785	-0.785	-0.784	-0.784	-0.784	-0.789	-0.784	-0.784	-0.784	-0.683	-0.677	-0.672	-0.786	-0.678	-0.697	-0.678	-0.687	-0.945	-1.101	-0.946	-0.711	-0.805	-0.961	-1.087	-1.087	-1.125	-1.072	-0.873	-1.005	-1.008	-0.899	-1.095	-0.970	-0.961	-0.888	-0.816	-0.804	-0.974	-0.902	-0.971	-0.766	-0.805	-1.028	-0.969	-1.009	-0.994	-0.992	-0.765	-0.988	-0.525	-0.981	-1.109	-0.678	-0.773	-1.114	-1.031	-1.062	-1.069	-0.961	
rs34946334     -1.125	-0.922	-1.061	-1.071	-1.122	-1.095	-0.839	-0.894	-0.921	-0.788	-0.785	-0.782	-0.782	-0.648	-0.803	-0.871	-0.871	-0.815	-1.006	-0.971	-0.998	-0.986	-0.947	-1.051	-1.036	-1.029	-1.013	-1.149	-1.038	-0.868	-0.854	-0.770	-0.696	-0.694	-0.666	-0.729	-0.743	-0.755	-0.685	-0.722	-0.707	-0.742	-0.727	-0.751	-0.717	-0.636	-0.718	-0.716	-0.867	-0.580	-0.506	-0.533	-0.846	-0.909	-0.824	-0.949	-0.948	-0.923	-0.549	-0.549	-0.572	-0.637	-1.078	-0.616	-0.697	-0.632	-0.826	-0.797	-0.817	-0.784	-0.783	-1.121	-0.767	-0.774	-0.661	-0.661	-0.782	-0.556	-0.662	-0.776	-0.776	-0.776	-0.786	-0.681	-0.935	-0.777	-0.786	-0.777	-0.786	-0.786	-0.786	-0.785	-0.785	-0.785	-0.785	-0.785	-0.790	-0.784	-0.784	-0.784	-0.684	-0.677	-0.672	-0.786	-0.678	-0.697	-0.678	-0.687	-0.945	-1.102	-0.946	-0.712	-0.806	-0.961	-1.087	-1.087	-1.126	-1.073	-0.873	-1.006	-1.008	-0.900	-1.096	-0.970	-0.961	-0.889	-0.817	-0.805	-0.975	-0.903	-0.971	-0.767	-0.806	-1.028	-0.970	-1.009	-0.995	-0.992	-0.765	-0.989	-0.526	-0.981	-1.109	-0.678	-0.773	-1.115	-1.031	-1.063	-1.069	-0.962	
rs35167132     -1.122	-0.919	-1.058	-1.068	-1.119	-1.092	-0.842	-0.896	-0.923	-0.804	-0.802	-0.800	-0.799	-0.803	-0.645	-0.862	-0.862	-0.818	-1.003	-0.969	-0.995	-0.984	-0.944	-1.048	-1.034	-1.026	-1.010	-1.147	-1.035	-0.865	-0.851	-0.767	-0.693	-0.692	-0.664	-0.726	-0.740	-0.752	-0.682	-0.719	-0.705	-0.740	-0.725	-0.749	-0.714	-0.634	-0.715	-0.713	-0.864	-0.577	-0.503	-0.530	-0.843	-0.906	-0.821	-0.946	-0.945	-0.920	-0.546	-0.546	-0.569	-0.634	-1.075	-0.613	-0.694	-0.629	-0.824	-0.795	-0.815	-0.781	-0.780	-1.118	-0.764	-0.771	-0.659	-0.659	-0.780	-0.553	-0.659	-0.774	-0.774	-0.774	-0.783	-0.678	-0.933	-0.774	-0.783	-0.774	-0.783	-0.783	-0.783	-0.783	-0.783	-0.782	-0.782	-0.782	-0.787	-0.782	-0.782	-0.782	-0.681	-0.674	-0.670	-0.784	-0.675	-0.694	-0.675	-0.684	-0.943	-1.099	-0.943	-0.709	-0.803	-0.958	-1.085	-1.084	-1.123	-1.070	-0.870	-1.003	-1.005	-0.897	-1.093	-0.967	-0.958	-0.886	-0.814	-0.802	-0.972	-0.900	-0.969	-0.764	-0.803	-1.025	-0.967	-1.006	-0.992	-0.990	-0.763	-0.986	-0.523	-0.978	-1.106	-0.675	-0.770	-1.112	-1.028	-1.060	-1.066	-0.959	
rs34562406     -1.072	-0.872	-1.017	-1.027	-1.072	-1.042	-0.807	-0.861	-0.961	-0.882	-0.882	-0.883	-0.880	-0.871	-0.862	-0.595	-0.727	-0.860	-0.942	-0.904	-0.932	-0.920	-0.878	-0.990	-0.992	-0.986	-0.971	-1.099	-0.982	-0.817	-0.808	-0.728	-0.650	-0.636	-0.607	-0.670	-0.684	-0.697	-0.626	-0.663	-0.649	-0.684	-0.669	-0.693	-0.658	-0.570	-0.659	-0.657	-0.811	-0.529	-0.458	-0.486	-0.791	-0.853	-0.768	-0.901	-0.901	-0.876	-0.501	-0.501	-0.524	-0.589	-1.028	-0.568	-0.649	-0.584	-0.768	-0.739	-0.759	-0.725	-0.724	-1.069	-0.708	-0.715	-0.613	-0.613	-0.724	-0.508	-0.614	-0.717	-0.718	-0.718	-0.727	-0.633	-0.885	-0.718	-0.727	-0.718	-0.727	-0.727	-0.727	-0.727	-0.727	-0.726	-0.726	-0.726	-0.731	-0.726	-0.725	-0.726	-0.635	-0.629	-0.624	-0.728	-0.630	-0.649	-0.629	-0.639	-0.894	-1.049	-0.895	-0.663	-0.747	-0.908	-1.036	-1.036	-1.075	-1.021	-0.820	-0.954	-0.956	-0.847	-1.045	-0.920	-0.912	-0.835	-0.764	-0.753	-0.919	-0.849	-0.915	-0.717	-0.748	-0.976	-0.914	-0.958	-0.944	-0.942	-0.714	-0.938	-0.467	-0.931	-1.060	-0.636	-0.724	-1.064	-0.985	-1.009	-1.021	-0.912	
rs34481037     -1.072	-0.872	-1.017	-1.027	-1.072	-1.042	-0.807	-0.862	-0.961	-0.882	-0.882	-0.883	-0.880	-0.871	-0.862	-0.727	-0.595	-0.860	-0.942	-0.904	-0.932	-0.920	-0.878	-0.990	-0.992	-0.986	-0.971	-1.100	-0.982	-0.817	-0.808	-0.728	-0.650	-0.636	-0.607	-0.671	-0.685	-0.697	-0.626	-0.663	-0.649	-0.684	-0.669	-0.693	-0.658	-0.570	-0.660	-0.657	-0.811	-0.529	-0.458	-0.486	-0.791	-0.853	-0.768	-0.901	-0.901	-0.876	-0.501	-0.501	-0.524	-0.589	-1.028	-0.568	-0.649	-0.584	-0.768	-0.739	-0.759	-0.725	-0.724	-1.069	-0.708	-0.715	-0.613	-0.613	-0.724	-0.509	-0.614	-0.717	-0.718	-0.718	-0.727	-0.633	-0.885	-0.718	-0.727	-0.718	-0.727	-0.727	-0.727	-0.727	-0.727	-0.726	-0.726	-0.726	-0.731	-0.726	-0.726	-0.726	-0.635	-0.629	-0.624	-0.728	-0.630	-0.649	-0.629	-0.639	-0.894	-1.049	-0.895	-0.663	-0.747	-0.908	-1.036	-1.036	-1.075	-1.021	-0.820	-0.954	-0.956	-0.847	-1.045	-0.920	-0.912	-0.835	-0.764	-0.753	-0.919	-0.849	-0.915	-0.717	-0.748	-0.976	-0.914	-0.958	-0.944	-0.942	-0.714	-0.938	-0.467	-0.931	-1.060	-0.636	-0.724	-1.064	-0.985	-1.009	-1.021	-0.912	
rs11017827     -1.122	-0.919	-1.058	-1.067	-1.119	-1.092	-0.838	-0.893	-0.916	-0.817	-0.815	-0.813	-0.811	-0.815	-0.818	-0.860	-0.860	-0.645	-1.001	-0.966	-0.993	-0.981	-0.941	-1.046	-1.032	-1.025	-1.008	-1.146	-1.035	-0.865	-0.851	-0.767	-0.692	-0.691	-0.663	-0.725	-0.739	-0.752	-0.681	-0.718	-0.704	-0.739	-0.724	-0.748	-0.713	-0.633	-0.714	-0.712	-0.863	-0.577	-0.503	-0.530	-0.843	-0.906	-0.821	-0.946	-0.945	-0.919	-0.545	-0.545	-0.568	-0.634	-1.075	-0.613	-0.694	-0.629	-0.823	-0.794	-0.814	-0.781	-0.780	-1.118	-0.764	-0.771	-0.658	-0.658	-0.779	-0.553	-0.659	-0.773	-0.773	-0.773	-0.783	-0.677	-0.932	-0.774	-0.783	-0.774	-0.782	-0.782	-0.782	-0.782	-0.782	-0.782	-0.782	-0.781	-0.786	-0.781	-0.781	-0.781	-0.680	-0.674	-0.669	-0.783	-0.675	-0.694	-0.674	-0.684	-0.942	-1.099	-0.943	-0.708	-0.802	-0.958	-1.084	-1.084	-1.123	-1.069	-0.869	-1.002	-1.005	-0.897	-1.093	-0.967	-0.958	-0.886	-0.813	-0.802	-0.972	-0.899	-0.968	-0.763	-0.802	-1.025	-0.966	-1.006	-0.992	-0.989	-0.762	-0.986	-0.522	-0.978	-1.106	-0.675	-0.770	-1.112	-1.028	-1.060	-1.066	-0.959	
rs7081616      -1.016	-0.810	-0.943	-0.954	-1.005	-0.980	-0.909	-0.942	-1.004	-1.006	-1.006	-1.004	-1.004	-1.006	-1.003	-0.942	-0.942	-1.001	-0.527	-0.618	-0.668	-0.651	-0.690	-0.789	-0.545	-0.505	-0.496	-1.035	-0.918	-0.744	-0.721	-0.625	-0.522	-0.586	-0.558	-0.620	-0.634	-0.646	-0.577	-0.614	-0.599	-0.634	-0.619	-0.643	-0.609	-0.524	-0.610	-0.608	-0.753	-0.407	-0.327	-0.357	-0.731	-0.796	-0.709	-0.816	-0.815	-0.786	-0.374	-0.375	-0.401	-0.471	-0.955	-0.446	-0.537	-0.465	-0.714	-0.685	-0.705	-0.672	-0.671	-1.009	-0.655	-0.662	-0.498	-0.498	-0.671	-0.384	-0.499	-0.665	-0.665	-0.665	-0.675	-0.519	-0.822	-0.665	-0.674	-0.665	-0.674	-0.674	-0.674	-0.674	-0.674	-0.673	-0.673	-0.673	-0.678	-0.673	-0.673	-0.673	-0.522	-0.515	-0.510	-0.675	-0.516	-0.537	-0.516	-0.526	-0.832	-0.994	-0.833	-0.553	-0.694	-0.849	-0.972	-0.972	-1.007	-0.957	-0.762	-0.891	-0.893	-0.786	-0.979	-0.853	-0.844	-0.776	-0.701	-0.689	-0.872	-0.789	-0.869	-0.647	-0.707	-0.914	-0.865	-0.891	-0.875	-0.872	-0.642	-0.869	-0.434	-0.860	-0.992	-0.542	-0.649	-1.000	-0.910	-0.950	-0.950	-0.838	
rs11017874     -0.983	-0.778	-0.910	-0.921	-0.973	-0.948	-0.882	-0.913	-0.968	-0.971	-0.970	-0.969	-0.969	-0.971	-0.969	-0.904	-0.904	-0.966	-0.618	-0.493	-0.618	-0.623	-0.690	-0.734	-0.411	-0.361	-0.362	-1.002	-0.884	-0.709	-0.685	-0.587	-0.479	-0.555	-0.528	-0.590	-0.603	-0.616	-0.546	-0.583	-0.568	-0.603	-0.588	-0.612	-0.578	-0.491	-0.579	-0.577	-0.721	-0.363	-0.283	-0.313	-0.698	-0.764	-0.676	-0.780	-0.779	-0.749	-0.331	-0.331	-0.357	-0.428	-0.921	-0.404	-0.496	-0.423	-0.682	-0.653	-0.673	-0.640	-0.639	-0.978	-0.623	-0.630	-0.456	-0.456	-0.638	-0.341	-0.457	-0.632	-0.633	-0.633	-0.642	-0.477	-0.790	-0.633	-0.642	-0.633	-0.642	-0.642	-0.642	-0.642	-0.641	-0.641	-0.641	-0.641	-0.646	-0.641	-0.640	-0.640	-0.481	-0.474	-0.468	-0.643	-0.475	-0.496	-0.475	-0.485	-0.800	-0.963	-0.801	-0.512	-0.662	-0.817	-0.939	-0.939	-0.974	-0.924	-0.730	-0.858	-0.861	-0.753	-0.946	-0.820	-0.811	-0.743	-0.668	-0.656	-0.842	-0.756	-0.839	-0.614	-0.677	-0.881	-0.835	-0.858	-0.841	-0.838	-0.608	-0.835	-0.407	-0.826	-0.959	-0.506	-0.615	-0.968	-0.876	-0.918	-0.916	-0.804	
rs11017876     -1.008	-0.803	-0.935	-0.946	-0.997	-0.973	-0.903	-0.935	-0.995	-0.998	-0.997	-0.996	-0.995	-0.998	-0.995	-0.932	-0.932	-0.993	-0.668	-0.618	-0.519	-0.641	-0.691	-0.772	-0.495	-0.451	-0.448	-1.027	-0.909	-0.735	-0.712	-0.616	-0.511	-0.579	-0.552	-0.614	-0.627	-0.640	-0.570	-0.607	-0.592	-0.627	-0.612	-0.636	-0.602	-0.516	-0.603	-0.601	-0.745	-0.396	-0.316	-0.346	-0.723	-0.789	-0.701	-0.807	-0.806	-0.777	-0.363	-0.363	-0.389	-0.460	-0.947	-0.435	-0.527	-0.454	-0.706	-0.678	-0.697	-0.664	-0.663	-1.002	-0.648	-0.655	-0.487	-0.487	-0.663	-0.373	-0.488	-0.657	-0.657	-0.657	-0.667	-0.508	-0.815	-0.657	-0.666	-0.657	-0.666	-0.666	-0.666	-0.666	-0.666	-0.666	-0.665	-0.665	-0.670	-0.665	-0.665	-0.665	-0.511	-0.504	-0.499	-0.667	-0.506	-0.527	-0.505	-0.516	-0.825	-0.987	-0.825	-0.543	-0.686	-0.842	-0.964	-0.964	-0.999	-0.949	-0.754	-0.883	-0.885	-0.778	-0.971	-0.845	-0.836	-0.768	-0.693	-0.681	-0.865	-0.781	-0.862	-0.639	-0.700	-0.906	-0.858	-0.883	-0.867	-0.864	-0.634	-0.860	-0.428	-0.852	-0.984	-0.533	-0.640	-0.992	-0.902	-0.942	-0.941	-0.830	
rs2296631      -0.997	-0.792	-0.924	-0.935	-0.987	-0.962	-0.894	-0.926	-0.984	-0.987	-0.986	-0.985	-0.984	-0.986	-0.984	-0.920	-0.920	-0.981	-0.651	-0.623	-0.641	-0.508	-0.691	-0.756	-0.456	-0.409	-0.408	-1.016	-0.899	-0.724	-0.700	-0.603	-0.497	-0.569	-0.542	-0.603	-0.617	-0.629	-0.560	-0.597	-0.582	-0.617	-0.602	-0.626	-0.592	-0.505	-0.593	-0.591	-0.735	-0.382	-0.302	-0.332	-0.712	-0.778	-0.690	-0.795	-0.794	-0.765	-0.349	-0.349	-0.375	-0.446	-0.936	-0.422	-0.514	-0.441	-0.696	-0.667	-0.687	-0.654	-0.653	-0.991	-0.637	-0.644	-0.474	-0.474	-0.653	-0.359	-0.475	-0.647	-0.647	-0.647	-0.656	-0.495	-0.804	-0.647	-0.656	-0.647	-0.656	-0.656	-0.656	-0.656	-0.656	-0.655	-0.655	-0.655	-0.660	-0.655	-0.654	-0.654	-0.498	-0.491	-0.486	-0.657	-0.492	-0.513	-0.492	-0.502	-0.814	-0.977	-0.815	-0.530	-0.676	-0.831	-0.953	-0.953	-0.988	-0.938	-0.744	-0.872	-0.875	-0.767	-0.960	-0.834	-0.825	-0.757	-0.682	-0.671	-0.856	-0.770	-0.852	-0.628	-0.691	-0.895	-0.848	-0.872	-0.856	-0.853	-0.632	-0.849	-0.419	-0.841	-0.973	-0.522	-0.629	-0.982	-0.891	-0.932	-0.931	-0.819	
rs2296630      -0.959	-0.756	-0.886	-0.897	-0.948	-0.924	-0.860	-0.891	-0.944	-0.946	-0.946	-0.944	-0.944	-0.947	-0.944	-0.878	-0.878	-0.941	-0.690	-0.690	-0.691	-0.691	-0.468	-0.695	-0.220	-0.153	-0.170	-0.977	-0.866	-0.675	-0.659	-0.559	-0.447	-0.541	-0.513	-0.574	-0.588	-0.600	-0.531	-0.568	-0.553	-0.588	-0.573	-0.597	-0.563	-0.476	-0.564	-0.562	-0.703	-0.342	-0.263	-0.293	-0.678	-0.744	-0.657	-0.752	-0.751	-0.721	-0.310	-0.311	-0.337	-0.406	-0.898	-0.381	-0.474	-0.400	-0.658	-0.630	-0.649	-0.616	-0.615	-0.954	-0.599	-0.607	-0.433	-0.433	-0.615	-0.321	-0.434	-0.609	-0.609	-0.609	-0.619	-0.455	-0.768	-0.609	-0.618	-0.609	-0.618	-0.618	-0.618	-0.618	-0.618	-0.617	-0.617	-0.617	-0.622	-0.617	-0.617	-0.617	-0.458	-0.451	-0.446	-0.619	-0.452	-0.473	-0.452	-0.462	-0.778	-0.940	-0.778	-0.489	-0.638	-0.794	-0.915	-0.915	-0.949	-0.899	-0.708	-0.835	-0.837	-0.728	-0.922	-0.795	-0.786	-0.718	-0.644	-0.633	-0.820	-0.731	-0.817	-0.589	-0.656	-0.857	-0.808	-0.835	-0.819	-0.816	-0.583	-0.813	-0.387	-0.805	-0.937	-0.484	-0.596	-0.944	-0.854	-0.894	-0.892	-0.782	
rs10829975     -1.061	-0.854	-0.988	-0.999	-1.051	-1.026	-0.948	-0.982	-1.050	-1.051	-1.051	-1.050	-1.049	-1.051	-1.048	-0.990	-0.990	-1.046	-0.789	-0.734	-0.772	-0.756	-0.695	-0.575	-0.709	-0.681	-0.664	-1.078	-0.966	-0.789	-0.771	-0.687	-0.588	-0.629	-0.602	-0.664	-0.678	-0.690	-0.620	-0.657	-0.642	-0.677	-0.663	-0.686	-0.652	-0.575	-0.653	-0.651	-0.798	-0.479	-0.402	-0.430	-0.781	-0.844	-0.760	-0.861	-0.861	-0.833	-0.447	-0.447	-0.472	-0.539	-1.000	-0.516	-0.603	-0.534	-0.765	-0.737	-0.756	-0.724	-0.723	-1.052	-0.707	-0.714	-0.565	-0.565	-0.722	-0.456	-0.566	-0.716	-0.717	-0.717	-0.726	-0.585	-0.868	-0.717	-0.726	-0.717	-0.726	-0.726	-0.726	-0.725	-0.725	-0.725	-0.725	-0.725	-0.729	-0.724	-0.724	-0.724	-0.588	-0.581	-0.576	-0.726	-0.582	-0.602	-0.582	-0.592	-0.878	-1.036	-0.879	-0.618	-0.745	-0.896	-1.018	-1.017	-1.053	-1.002	-0.807	-0.937	-0.939	-0.831	-1.024	-0.899	-0.890	-0.820	-0.748	-0.737	-0.914	-0.834	-0.911	-0.695	-0.748	-0.959	-0.906	-0.937	-0.922	-0.919	-0.690	-0.916	-0.472	-0.908	-1.039	-0.591	-0.697	-1.046	-0.957	-0.996	-0.995	-0.886	
rs11017906     -1.035	-0.824	-0.966	-0.975	-1.029	-1.000	-0.901	-0.939	-1.040	-1.039	-1.038	-1.038	-1.037	-1.036	-1.034	-0.992	-0.992	-1.032	-0.545	-0.411	-0.495	-0.456	-0.220	-0.709	-0.548	-0.670	-0.687	-1.053	-0.943	-0.779	-0.770	-0.686	-0.607	-0.586	-0.558	-0.621	-0.635	-0.648	-0.576	-0.614	-0.600	-0.635	-0.620	-0.644	-0.609	-0.534	-0.610	-0.608	-0.765	-0.493	-0.419	-0.446	-0.746	-0.807	-0.723	-0.857	-0.856	-0.832	-0.461	-0.461	-0.484	-0.550	-0.982	-0.529	-0.609	-0.545	-0.726	-0.696	-0.717	-0.683	-0.682	-1.023	-0.666	-0.673	-0.574	-0.574	-0.681	-0.468	-0.575	-0.675	-0.675	-0.675	-0.685	-0.593	-0.841	-0.675	-0.685	-0.675	-0.684	-0.684	-0.684	-0.684	-0.684	-0.684	-0.684	-0.683	-0.688	-0.683	-0.683	-0.683	-0.596	-0.589	-0.585	-0.685	-0.590	-0.609	-0.590	-0.599	-0.851	-1.003	-0.852	-0.623	-0.705	-0.861	-0.992	-0.992	-1.032	-0.978	-0.777	-0.912	-0.914	-0.804	-1.001	-0.874	-0.866	-0.793	-0.720	-0.708	-0.872	-0.806	-0.868	-0.670	-0.699	-0.932	-0.867	-0.914	-0.901	-0.898	-0.670	-0.895	-0.406	-0.887	-1.014	-0.585	-0.682	-1.019	-0.935	-0.964	-0.977	-0.868	
rs11017908     -1.028	-0.816	-0.958	-0.967	-1.022	-0.993	-0.892	-0.930	-1.033	-1.031	-1.031	-1.030	-1.029	-1.029	-1.026	-0.986	-0.986	-1.025	-0.505	-0.361	-0.451	-0.409	-0.153	-0.681	-0.670	-0.540	-0.689	-1.046	-0.935	-0.773	-0.766	-0.683	-0.604	-0.577	-0.548	-0.612	-0.626	-0.639	-0.567	-0.605	-0.590	-0.626	-0.611	-0.635	-0.600	-0.526	-0.601	-0.599	-0.757	-0.489	-0.415	-0.442	-0.737	-0.799	-0.715	-0.851	-0.850	-0.826	-0.457	-0.457	-0.480	-0.545	-0.975	-0.525	-0.605	-0.541	-0.717	-0.688	-0.708	-0.675	-0.674	-1.015	-0.657	-0.665	-0.569	-0.569	-0.673	-0.464	-0.570	-0.667	-0.667	-0.667	-0.677	-0.588	-0.834	-0.667	-0.676	-0.667	-0.676	-0.676	-0.676	-0.676	-0.676	-0.676	-0.675	-0.675	-0.680	-0.675	-0.675	-0.675	-0.591	-0.585	-0.580	-0.677	-0.586	-0.604	-0.585	-0.594	-0.844	-0.995	-0.844	-0.619	-0.696	-0.853	-0.985	-0.985	-1.025	-0.970	-0.769	-0.904	-0.907	-0.796	-0.994	-0.867	-0.858	-0.785	-0.712	-0.700	-0.863	-0.799	-0.859	-0.663	-0.690	-0.924	-0.859	-0.907	-0.893	-0.891	-0.663	-0.888	-0.394	-0.880	-1.007	-0.578	-0.675	-1.012	-0.928	-0.956	-0.970	-0.861	
rs11017910     -1.011	-0.799	-0.941	-0.950	-1.006	-0.976	-0.873	-0.912	-1.017	-1.015	-1.015	-1.014	-1.013	-1.013	-1.010	-0.971	-0.971	-1.008	-0.496	-0.362	-0.448	-0.408	-0.170	-0.664	-0.687	-0.689	-0.522	-1.029	-0.918	-0.759	-0.753	-0.671	-0.591	-0.558	-0.529	-0.593	-0.607	-0.620	-0.548	-0.586	-0.571	-0.607	-0.592	-0.616	-0.581	-0.507	-0.582	-0.580	-0.739	-0.476	-0.402	-0.429	-0.720	-0.781	-0.697	-0.836	-0.835	-0.811	-0.444	-0.444	-0.467	-0.532	-0.959	-0.512	-0.591	-0.527	-0.700	-0.671	-0.691	-0.657	-0.656	-0.999	-0.640	-0.647	-0.556	-0.556	-0.656	-0.451	-0.557	-0.649	-0.650	-0.650	-0.660	-0.575	-0.818	-0.650	-0.659	-0.650	-0.659	-0.659	-0.659	-0.659	-0.659	-0.658	-0.658	-0.658	-0.663	-0.658	-0.658	-0.658	-0.578	-0.571	-0.567	-0.660	-0.572	-0.591	-0.572	-0.581	-0.828	-0.978	-0.829	-0.605	-0.679	-0.836	-0.968	-0.968	-1.009	-0.954	-0.754	-0.888	-0.891	-0.779	-0.978	-0.850	-0.841	-0.768	-0.694	-0.682	-0.845	-0.782	-0.842	-0.645	-0.672	-0.908	-0.841	-0.890	-0.877	-0.875	-0.646	-0.871	-0.372	-0.864	-0.990	-0.563	-0.659	-0.995	-0.911	-0.938	-0.955	-0.846	
rs3740547      -1.145	-0.936	-1.076	-1.086	-1.137	-1.110	-1.024	-1.060	-1.150	-1.151	-1.150	-1.150	-1.149	-1.149	-1.147	-1.099	-1.100	-1.146	-1.035	-1.002	-1.027	-1.016	-0.977	-1.078	-1.053	-1.046	-1.029	-0.664	-0.983	-0.853	-0.831	-0.766	-0.698	-0.705	-0.677	-0.740	-0.754	-0.766	-0.696	-0.733	-0.719	-0.754	-0.739	-0.763	-0.728	-0.638	-0.729	-0.727	-0.877	-0.588	-0.515	-0.542	-0.858	-0.922	-0.835	-0.958	-0.958	-0.931	-0.558	-0.558	-0.582	-0.646	-1.091	-0.625	-0.707	-0.641	-0.841	-0.812	-0.832	-0.799	-0.798	-1.134	-0.782	-0.789	-0.671	-0.671	-0.797	-0.566	-0.672	-0.791	-0.791	-0.791	-0.801	-0.690	-0.950	-0.792	-0.801	-0.792	-0.801	-0.801	-0.801	-0.800	-0.800	-0.800	-0.800	-0.800	-0.805	-0.800	-0.799	-0.799	-0.693	-0.687	-0.682	-0.801	-0.688	-0.707	-0.688	-0.697	-0.960	-1.115	-0.961	-0.722	-0.821	-0.976	-1.101	-1.101	-1.138	-1.087	-0.887	-1.020	-1.023	-0.914	-1.111	-0.985	-0.976	-0.903	-0.830	-0.818	-0.987	-0.917	-0.983	-0.781	-0.816	-1.043	-0.983	-1.024	-1.010	-1.007	-0.780	-1.004	-0.528	-0.996	-1.124	-0.692	-0.787	-1.129	-1.043	-1.076	-1.084	-0.976	
rs7092530      -1.033	-0.828	-0.960	-0.969	-1.028	-0.998	-0.906	-0.943	-1.038	-1.039	-1.038	-1.038	-1.037	-1.038	-1.035	-0.982	-0.982	-1.035	-0.918	-0.884	-0.909	-0.899	-0.866	-0.966	-0.943	-0.935	-0.918	-0.983	-0.546	-0.449	-0.726	-0.631	-0.614	-0.605	-0.577	-0.639	-0.652	-0.665	-0.595	-0.632	-0.617	-0.652	-0.637	-0.661	-0.627	-0.563	-0.628	-0.626	-0.777	-0.494	-0.424	-0.451	-0.754	-0.817	-0.733	-0.852	-0.851	-0.825	-0.466	-0.466	-0.489	-0.552	-0.982	-0.532	-0.611	-0.547	-0.726	-0.697	-0.717	-0.684	-0.683	-1.023	-0.667	-0.674	-0.576	-0.576	-0.682	-0.473	-0.577	-0.676	-0.676	-0.676	-0.686	-0.595	-0.843	-0.676	-0.685	-0.677	-0.685	-0.685	-0.685	-0.685	-0.685	-0.685	-0.684	-0.684	-0.689	-0.684	-0.684	-0.684	-0.598	-0.591	-0.587	-0.686	-0.592	-0.611	-0.592	-0.601	-0.852	-1.004	-0.853	-0.625	-0.705	-0.862	-0.988	-0.988	-1.023	-0.972	-0.779	-0.910	-0.913	-0.798	-1.000	-0.870	-0.861	-0.785	-0.722	-0.711	-0.877	-0.800	-0.874	-0.668	-0.707	-0.931	-0.863	-0.912	-0.899	-0.896	-0.666	-0.893	-0.435	-0.885	-1.014	-0.594	-0.688	-1.018	-0.938	-0.968	-0.970	-0.866	
rs12354451     -0.862	-0.641	-0.795	-0.804	-0.854	-0.827	-0.753	-0.787	-0.865	-0.869	-0.869	-0.868	-0.867	-0.868	-0.865	-0.817	-0.817	-0.865	-0.744	-0.709	-0.735	-0.724	-0.675	-0.789	-0.779	-0.773	-0.759	-0.853	-0.449	-0.359	-0.652	-0.568	-0.378	-0.453	-0.426	-0.487	-0.500	-0.512	-0.444	-0.480	-0.467	-0.500	-0.486	-0.509	-0.475	-0.296	-0.476	-0.474	-0.617	-0.278	-0.182	-0.211	-0.534	-0.613	-0.507	-0.687	-0.686	-0.663	-0.229	-0.229	-0.253	-0.329	-0.810	-0.305	-0.394	-0.323	-0.531	-0.501	-0.522	-0.486	-0.485	-0.845	-0.467	-0.475	-0.355	-0.355	-0.484	-0.237	-0.356	-0.477	-0.478	-0.478	-0.488	-0.376	-0.674	-0.477	-0.488	-0.477	-0.488	-0.487	-0.487	-0.487	-0.487	-0.487	-0.487	-0.486	-0.492	-0.486	-0.486	-0.486	-0.379	-0.372	-0.367	-0.488	-0.373	-0.393	-0.372	-0.383	-0.684	-0.823	-0.684	-0.409	-0.509	-0.676	-0.818	-0.818	-0.861	-0.803	-0.612	-0.740	-0.742	-0.631	-0.828	-0.696	-0.687	-0.622	-0.524	-0.511	-0.714	-0.634	-0.710	-0.478	-0.547	-0.759	-0.714	-0.733	-0.716	-0.713	-0.493	-0.709	-0.223	-0.700	-0.831	-0.385	-0.467	-0.846	-0.747	-0.792	-0.804	-0.681	
rs10830067     -0.846	-0.633	-0.764	-0.774	-0.852	-0.814	-0.758	-0.788	-0.850	-0.855	-0.854	-0.853	-0.853	-0.854	-0.851	-0.808	-0.808	-0.851	-0.721	-0.685	-0.712	-0.700	-0.659	-0.771	-0.770	-0.766	-0.753	-0.831	-0.726	-0.652	-0.354	-0.629	-0.497	-0.437	-0.410	-0.470	-0.484	-0.496	-0.428	-0.464	-0.453	-0.484	-0.469	-0.493	-0.459	-0.360	-0.460	-0.458	-0.616	-0.380	-0.297	-0.322	-0.545	-0.600	-0.520	-0.696	-0.695	-0.675	-0.335	-0.335	-0.357	-0.422	-0.801	-0.404	-0.474	-0.418	-0.562	-0.534	-0.553	-0.521	-0.520	-0.839	-0.504	-0.511	-0.444	-0.444	-0.519	-0.342	-0.444	-0.513	-0.513	-0.514	-0.523	-0.461	-0.712	-0.514	-0.523	-0.514	-0.523	-0.523	-0.522	-0.522	-0.522	-0.522	-0.522	-0.522	-0.526	-0.521	-0.521	-0.521	-0.463	-0.457	-0.453	-0.523	-0.458	-0.475	-0.458	-0.466	-0.720	-0.820	-0.720	-0.488	-0.542	-0.690	-0.777	-0.776	-0.852	-0.753	-0.647	-0.756	-0.758	-0.602	-0.819	-0.670	-0.660	-0.586	-0.490	-0.476	-0.669	-0.605	-0.665	-0.408	-0.489	-0.748	-0.662	-0.721	-0.704	-0.701	-0.444	-0.697	-0.164	-0.688	-0.833	-0.367	-0.471	-0.832	-0.713	-0.763	-0.802	-0.671	
rs11018104     -0.764	-0.539	-0.686	-0.696	-0.766	-0.730	-0.658	-0.691	-0.765	-0.771	-0.770	-0.770	-0.769	-0.770	-0.767	-0.728	-0.728	-0.767	-0.625	-0.587	-0.616	-0.603	-0.559	-0.687	-0.686	-0.683	-0.671	-0.766	-0.631	-0.568	-0.629	-0.265	-0.447	-0.398	-0.372	-0.430	-0.443	-0.455	-0.390	-0.424	-0.405	-0.443	-0.429	-0.451	-0.419	-0.298	-0.420	-0.418	-0.545	-0.314	-0.255	-0.278	-0.485	-0.556	-0.464	-0.613	-0.612	-0.593	-0.291	-0.291	-0.312	-0.357	-0.715	-0.340	-0.407	-0.353	-0.506	-0.480	-0.498	-0.468	-0.467	-0.753	-0.453	-0.459	-0.378	-0.378	-0.467	-0.297	-0.379	-0.461	-0.461	-0.461	-0.470	-0.394	-0.598	-0.461	-0.470	-0.461	-0.470	-0.470	-0.470	-0.470	-0.470	-0.469	-0.469	-0.469	-0.473	-0.469	-0.469	-0.469	-0.397	-0.391	-0.387	-0.470	-0.392	-0.408	-0.391	-0.399	-0.606	-0.732	-0.607	-0.420	-0.488	-0.614	-0.714	-0.714	-0.755	-0.696	-0.546	-0.656	-0.658	-0.521	-0.728	-0.576	-0.564	-0.506	-0.398	-0.383	-0.626	-0.524	-0.622	-0.368	-0.465	-0.660	-0.579	-0.639	-0.623	-0.620	-0.378	-0.616	-0.112	-0.607	-0.745	-0.319	-0.433	-0.749	-0.657	-0.691	-0.725	-0.585	
rs60040554     -0.689	-0.480	-0.611	-0.620	-0.691	-0.653	-0.555	-0.594	-0.698	-0.698	-0.697	-0.697	-0.696	-0.696	-0.693	-0.650	-0.650	-0.692	-0.522	-0.479	-0.511	-0.497	-0.447	-0.588	-0.607	-0.604	-0.591	-0.698	-0.614	-0.378	-0.497	-0.447	-0.159	-0.114	-0.081	-0.155	-0.172	-0.186	-0.104	-0.147	-0.131	-0.171	-0.154	-0.182	-0.141	-0.215	-0.142	-0.140	-0.312	-0.269	-0.198	-0.221	-0.408	-0.476	-0.387	-0.534	-0.534	-0.520	-0.235	-0.235	-0.254	-0.314	-0.628	-0.298	-0.357	-0.311	-0.416	-0.390	-0.408	-0.377	-0.376	-0.647	-0.361	-0.368	-0.333	-0.333	-0.375	-0.242	-0.334	-0.370	-0.370	-0.370	-0.379	-0.347	-0.490	-0.370	-0.379	-0.370	-0.378	-0.378	-0.378	-0.378	-0.378	-0.378	-0.378	-0.377	-0.382	-0.377	-0.377	-0.377	-0.349	-0.345	-0.342	-0.379	-0.345	-0.359	-0.345	-0.352	-0.500	-0.615	-0.501	-0.370	-0.397	-0.529	-0.647	-0.647	-0.692	-0.633	-0.428	-0.560	-0.562	-0.380	-0.650	-0.536	-0.529	-0.352	-0.381	-0.369	-0.393	-0.385	-0.389	-0.338	-0.169	-0.566	-0.378	-0.569	-0.560	-0.558	-0.330	-0.555	+0.123	-0.548	-0.673	-0.271	-0.382	-0.673	-0.591	-0.589	-0.646	-0.533	
rs10218968     -0.687	-0.472	-0.597	-0.608	-0.691	-0.654	-0.572	-0.606	-0.684	-0.696	-0.695	-0.694	-0.694	-0.694	-0.692	-0.636	-0.636	-0.691	-0.586	-0.555	-0.579	-0.569	-0.541	-0.629	-0.586	-0.577	-0.558	-0.705	-0.605	-0.453	-0.437	-0.398	-0.114	-0.188	-0.281	-0.306	-0.302	-0.291	-0.306	-0.319	-0.338	-0.317	-0.318	-0.301	-0.317	-0.338	-0.316	-0.316	-0.405	+0.198	+0.292	+0.249	-0.444	-0.506	-0.430	-0.275	-0.274	-0.230	+0.226	+0.226	+0.180	+0.144	-0.600	+0.182	+0.042	+0.149	-0.342	-0.311	-0.333	-0.294	-0.293	-0.671	-0.273	-0.281	+0.102	+0.102	-0.290	+0.203	+0.100	-0.283	-0.284	-0.284	-0.294	+0.071	-0.587	-0.283	-0.294	-0.283	-0.294	-0.294	-0.294	-0.294	-0.293	-0.293	-0.293	-0.293	-0.298	-0.293	-0.292	-0.292	+0.065	+0.077	+0.084	-0.295	+0.074	+0.045	+0.075	+0.060	-0.590	-0.648	-0.590	+0.022	-0.316	-0.505	-0.430	-0.429	-0.589	-0.377	-0.544	-0.611	-0.612	-0.461	-0.593	-0.415	-0.399	-0.458	-0.276	-0.262	-0.606	-0.466	-0.603	-0.169	-0.466	-0.583	-0.540	-0.566	-0.553	-0.550	-0.240	-0.547	-0.210	-0.539	-0.676	-0.272	-0.388	-0.674	-0.589	-0.622	-0.655	-0.511	
rs10218871     -0.659	-0.444	-0.568	-0.579	-0.663	-0.626	-0.544	-0.579	-0.655	-0.667	-0.667	-0.666	-0.665	-0.666	-0.664	-0.607	-0.607	-0.663	-0.558	-0.528	-0.552	-0.542	-0.513	-0.602	-0.558	-0.548	-0.529	-0.677	-0.577	-0.426	-0.410	-0.372	-0.081	-0.281	-0.158	-0.267	-0.254	-0.234	-0.286	-0.278	-0.313	-0.259	-0.272	-0.251	-0.278	-0.315	-0.279	-0.281	-0.364	+0.238	+0.332	+0.289	-0.417	-0.478	-0.403	-0.238	-0.237	-0.193	+0.266	+0.266	+0.219	+0.184	-0.571	+0.222	+0.081	+0.190	-0.313	-0.282	-0.303	-0.265	-0.264	-0.642	-0.244	-0.251	+0.141	+0.141	-0.261	+0.242	+0.139	-0.254	-0.254	-0.254	-0.265	+0.110	-0.562	-0.254	-0.265	-0.254	-0.265	-0.265	-0.264	-0.264	-0.264	-0.264	-0.264	-0.263	-0.269	-0.263	-0.263	-0.263	+0.105	+0.116	+0.124	-0.265	+0.113	+0.083	+0.114	+0.099	-0.564	-0.620	-0.564	+0.060	-0.287	-0.476	-0.394	-0.393	-0.557	-0.340	-0.519	-0.584	-0.585	-0.432	-0.562	-0.383	-0.367	-0.430	-0.245	-0.231	-0.580	-0.438	-0.577	-0.136	-0.441	-0.555	-0.512	-0.538	-0.525	-0.522	-0.209	-0.519	-0.186	-0.511	-0.648	-0.244	-0.362	-0.646	-0.561	-0.594	-0.628	-0.483	
rs10830072     -0.721	-0.507	-0.632	-0.643	-0.725	-0.688	-0.606	-0.641	-0.719	-0.730	-0.729	-0.729	-0.728	-0.729	-0.726	-0.670	-0.671	-0.725	-0.620	-0.590	-0.614	-0.603	-0.574	-0.664	-0.621	-0.612	-0.593	-0.740	-0.639	-0.487	-0.470	-0.430	-0.155	-0.306	-0.267	-0.224	-0.341	-0.344	-0.306	-0.341	-0.354	-0.352	-0.344	-0.345	-0.336	-0.367	-0.336	-0.335	-0.452	+0.150	+0.243	+0.201	-0.477	-0.539	-0.463	-0.320	-0.318	-0.275	+0.178	+0.178	+0.133	+0.096	-0.636	+0.133	-0.005	+0.101	-0.379	-0.348	-0.369	-0.331	-0.330	-0.706	-0.311	-0.318	+0.054	+0.054	-0.327	+0.156	+0.052	-0.320	-0.321	-0.321	-0.332	+0.024	-0.619	-0.321	-0.331	-0.321	-0.331	-0.331	-0.331	-0.331	-0.331	-0.330	-0.330	-0.330	-0.335	-0.330	-0.330	-0.330	+0.019	+0.030	+0.037	-0.332	+0.027	-0.002	+0.028	+0.013	-0.622	-0.683	-0.622	-0.025	-0.353	-0.540	-0.475	-0.474	-0.627	-0.424	-0.575	-0.644	-0.646	-0.495	-0.630	-0.455	-0.439	-0.492	-0.315	-0.301	-0.637	-0.501	-0.634	-0.210	-0.497	-0.618	-0.574	-0.601	-0.587	-0.585	-0.278	-0.582	-0.240	-0.574	-0.710	-0.305	-0.420	-0.708	-0.624	-0.657	-0.688	-0.546	
rs12243600     -0.735	-0.521	-0.647	-0.657	-0.739	-0.702	-0.620	-0.655	-0.733	-0.744	-0.743	-0.743	-0.742	-0.743	-0.740	-0.684	-0.685	-0.739	-0.634	-0.603	-0.627	-0.617	-0.588	-0.678	-0.635	-0.626	-0.607	-0.754	-0.652	-0.500	-0.484	-0.443	-0.172	-0.302	-0.254	-0.341	-0.238	-0.357	-0.298	-0.344	-0.357	-0.360	-0.348	-0.356	-0.337	-0.379	-0.338	-0.336	-0.469	+0.130	+0.223	+0.181	-0.490	-0.552	-0.476	-0.338	-0.336	-0.293	+0.159	+0.158	+0.114	+0.076	-0.651	+0.113	-0.024	+0.081	-0.394	-0.362	-0.384	-0.346	-0.345	-0.720	-0.325	-0.333	+0.035	+0.035	-0.342	+0.136	+0.033	-0.335	-0.336	-0.336	-0.346	+0.004	-0.632	-0.335	-0.346	-0.335	-0.346	-0.346	-0.346	-0.346	-0.346	-0.345	-0.345	-0.345	-0.350	-0.345	-0.344	-0.344	-0.001	+0.011	+0.018	-0.347	+0.007	-0.021	+0.009	-0.006	-0.635	-0.697	-0.635	-0.044	-0.368	-0.554	-0.494	-0.493	-0.643	-0.442	-0.587	-0.658	-0.659	-0.509	-0.645	-0.471	-0.455	-0.506	-0.331	-0.317	-0.650	-0.514	-0.647	-0.227	-0.509	-0.632	-0.587	-0.615	-0.601	-0.598	-0.294	-0.596	-0.252	-0.588	-0.724	-0.319	-0.433	-0.722	-0.638	-0.670	-0.702	-0.560	
