## Summary of overall evidence for association with region:
## log10(BF for region) = 1.54848
## p-value for region = NA

## BFs for choosing among multi-SNP models:
## log10(average 1-SNP BF) = 1.56393
## log10(average 2-SNP BF) = 1.5158

## Example posterior probabilities for multi-SNP models, based on default prior: [p(l) propto 0.5^l for l=1,2,...,L]
## posterior probability of 1-SNP = 0.690823
## posterior probability of 2-SNP = 0.309177

## log10(BF) for single SNP and pair of SNPs:
rs1755791      -0.443	-0.585	-0.851	-0.669	-0.597	-0.597	-0.597	-0.598	-0.598	-0.552	-0.559	-0.550	-0.558	-0.853	-0.503	-0.808	-0.712	-0.730	-0.648	-0.647	-0.728	-0.604	-0.637	-0.715	-0.664	-0.664	-0.648	-0.706	-0.676	-0.666	-0.674	-0.687	-0.674	-0.770	-0.727	-0.706	-0.847	-0.916	-0.728	-0.727	-0.877	-0.935	-0.939	-0.939	-0.939	-0.936	-0.936	-0.937	-0.936	-0.937	-0.901	-0.321	-0.547	-0.444	-0.437	-0.381	-0.719	-0.379	-0.526	-0.378	-0.339	-0.388	-0.341	-0.731	-0.721	-0.739	-0.733	-0.690	+1.248	+1.315	+1.266	+1.273	+0.660	+1.285	+2.086	+1.287	+1.290	+1.187	+1.290	+0.706	+1.998	+1.324	+1.334	+1.351	+1.351	+1.354	+1.362	+1.084	+2.185	+0.773	+2.241	+1.259	+1.472	+1.532	+1.201	+0.535	+1.290	+0.626	+1.300	+1.301	+1.514	+1.259	+0.545	+1.097	+1.101	+1.118	+1.143	+1.633	+1.570	+1.079	+1.085	+1.148	-0.857	-0.861	-0.859	-0.806	-0.897	-0.849	-0.798	-0.852	-0.863	-0.862	-0.866	-0.871	-0.865	-0.863	-0.851	-0.877	-0.882	-0.843	-0.686	-0.618	-0.650	-0.082	-0.248	-0.784	-0.119	+0.197	
rs1766147      -0.585	-0.410	-0.810	-0.588	-0.541	-0.541	-0.541	-0.542	-0.545	-0.339	-0.355	-0.334	-0.354	-0.811	-0.242	-0.756	-0.679	-0.668	-0.615	-0.614	-0.666	-0.570	-0.604	-0.652	-0.630	-0.631	-0.615	-0.641	-0.609	-0.632	-0.607	-0.654	-0.641	-0.738	-0.667	-0.644	-0.808	-0.886	-0.697	-0.696	-0.840	-0.902	-0.906	-0.906	-0.906	-0.903	-0.903	-0.903	-0.903	-0.903	-0.873	-0.298	-0.521	-0.420	-0.413	-0.350	-0.692	-0.348	-0.500	-0.347	-0.321	-0.358	-0.310	-0.704	-0.694	-0.712	-0.706	-0.664	+1.260	+1.327	+1.279	+1.285	+0.675	+1.297	+2.096	+1.299	+1.302	+1.200	+1.302	+0.721	+2.008	+1.336	+1.346	+1.363	+1.363	+1.365	+1.373	+1.101	+2.195	+0.788	+2.250	+1.278	+1.486	+1.545	+1.220	+0.555	+1.309	+0.646	+1.319	+1.319	+1.527	+1.278	+0.565	+1.113	+1.117	+1.134	+1.158	+1.648	+1.585	+1.095	+1.101	+1.167	-0.827	-0.831	-0.829	-0.775	-0.867	-0.819	-0.768	-0.822	-0.833	-0.831	-0.836	-0.841	-0.834	-0.832	-0.821	-0.847	-0.852	-0.813	-0.657	-0.586	-0.618	-0.049	-0.215	-0.753	-0.085	+0.233	
rs1766148      -0.851	-0.810	-0.621	-0.947	-0.819	-0.819	-0.819	-0.819	-0.818	-0.978	-0.977	-0.979	-0.978	-0.770	-0.989	-1.097	-0.926	-1.077	-0.878	-0.878	-1.076	-0.838	-0.870	-1.071	-0.890	-0.890	-0.878	-1.067	-1.056	-0.891	-1.055	-0.906	-0.897	-0.955	-1.070	-1.061	-1.012	-1.073	-0.914	-0.914	-1.039	-1.102	-1.106	-1.106	-1.106	-1.103	-1.103	-1.103	-1.103	-1.103	-1.053	-0.480	-0.719	-0.599	-0.592	-0.520	-0.887	-0.518	-0.695	-0.517	-0.476	-0.531	-0.479	-0.899	-0.889	-0.907	-0.901	-0.859	+1.197	+1.265	+1.216	+1.222	+0.598	+1.235	+2.041	+1.237	+1.240	+1.135	+1.239	+0.646	+1.952	+1.274	+1.285	+1.302	+1.302	+1.304	+1.312	+1.019	+2.141	+0.714	+2.197	+1.193	+1.420	+1.481	+1.134	+0.457	+1.224	+0.551	+1.234	+1.234	+1.462	+1.192	+0.468	+1.036	+1.041	+1.059	+1.084	+1.578	+1.514	+1.019	+1.024	+1.080	-1.025	-1.029	-1.026	-0.972	-1.064	-1.017	-0.964	-1.019	-1.030	-1.029	-1.034	-1.039	-1.032	-1.030	-1.013	-1.041	-1.046	-1.011	-0.857	-0.800	-0.830	-0.245	-0.411	-0.956	-0.292	+0.005	
rs1766149      -0.669	-0.588	-0.947	-0.554	-0.605	-0.605	-0.605	-0.606	-0.606	-0.809	-0.809	-0.809	-0.810	-0.947	-0.807	-0.968	-0.832	-0.920	-0.772	-0.771	-0.919	-0.728	-0.761	-0.911	-0.786	-0.786	-0.771	-0.904	-0.883	-0.788	-0.881	-0.808	-0.796	-0.885	-0.915	-0.898	-0.961	-1.015	-0.842	-0.841	-0.987	-1.042	-1.045	-1.045	-1.045	-1.042	-1.042	-1.043	-1.042	-1.043	-0.997	-0.415	-0.648	-0.536	-0.529	-0.471	-0.819	-0.469	-0.626	-0.468	-0.428	-0.482	-0.431	-0.832	-0.821	-0.839	-0.834	-0.791	+1.232	+1.301	+1.252	+1.258	+0.631	+1.271	+2.080	+1.273	+1.276	+1.169	+1.275	+0.678	+1.990	+1.311	+1.321	+1.338	+1.339	+1.341	+1.349	+1.048	+2.182	+0.747	+2.239	+1.219	+1.454	+1.516	+1.160	+0.487	+1.250	+0.581	+1.261	+1.261	+1.496	+1.219	+0.497	+1.069	+1.074	+1.092	+1.117	+1.612	+1.547	+1.051	+1.057	+1.106	-0.961	-0.965	-0.962	-0.908	-1.001	-0.953	-0.900	-0.955	-0.966	-0.965	-0.970	-0.975	-0.968	-0.966	-0.950	-0.977	-0.983	-0.948	-0.793	-0.729	-0.761	-0.173	-0.340	-0.889	-0.214	+0.084	
rs1895804      -0.597	-0.541	-0.819	-0.605	-0.418	-0.538	-0.538	-0.538	-0.541	-0.350	-0.366	-0.344	-0.361	-0.819	-0.237	-0.765	-0.688	-0.678	-0.624	-0.623	-0.677	-0.579	-0.612	-0.663	-0.639	-0.639	-0.623	-0.652	-0.620	-0.641	-0.618	-0.662	-0.649	-0.746	-0.677	-0.654	-0.815	-0.893	-0.704	-0.704	-0.847	-0.909	-0.913	-0.913	-0.913	-0.910	-0.910	-0.910	-0.910	-0.911	-0.880	-0.305	-0.528	-0.426	-0.420	-0.356	-0.699	-0.354	-0.507	-0.353	-0.314	-0.364	-0.316	-0.711	-0.701	-0.719	-0.713	-0.671	+1.258	+1.325	+1.276	+1.283	+0.672	+1.295	+2.094	+1.297	+1.300	+1.198	+1.299	+0.718	+2.007	+1.334	+1.344	+1.361	+1.361	+1.363	+1.371	+1.098	+2.194	+0.785	+2.249	+1.275	+1.483	+1.543	+1.217	+0.551	+1.305	+0.642	+1.316	+1.316	+1.525	+1.274	+0.561	+1.110	+1.115	+1.131	+1.156	+1.645	+1.582	+1.093	+1.098	+1.164	-0.834	-0.838	-0.835	-0.782	-0.874	-0.826	-0.774	-0.829	-0.839	-0.838	-0.843	-0.848	-0.841	-0.839	-0.828	-0.853	-0.858	-0.820	-0.664	-0.593	-0.625	-0.056	-0.222	-0.760	-0.092	+0.225	
rs1895803      -0.597	-0.541	-0.819	-0.605	-0.538	-0.418	-0.538	-0.538	-0.541	-0.350	-0.366	-0.344	-0.361	-0.819	-0.237	-0.765	-0.688	-0.678	-0.624	-0.623	-0.677	-0.579	-0.612	-0.663	-0.639	-0.639	-0.623	-0.652	-0.620	-0.641	-0.618	-0.662	-0.649	-0.746	-0.677	-0.654	-0.815	-0.893	-0.704	-0.704	-0.847	-0.909	-0.913	-0.913	-0.913	-0.910	-0.910	-0.910	-0.910	-0.911	-0.880	-0.305	-0.528	-0.426	-0.420	-0.356	-0.699	-0.354	-0.507	-0.353	-0.314	-0.364	-0.316	-0.711	-0.701	-0.719	-0.713	-0.671	+1.258	+1.325	+1.276	+1.283	+0.672	+1.295	+2.094	+1.297	+1.300	+1.198	+1.299	+0.718	+2.007	+1.334	+1.344	+1.361	+1.361	+1.363	+1.371	+1.098	+2.194	+0.785	+2.249	+1.275	+1.483	+1.543	+1.217	+0.551	+1.305	+0.642	+1.316	+1.316	+1.525	+1.274	+0.561	+1.110	+1.115	+1.131	+1.156	+1.645	+1.582	+1.093	+1.098	+1.164	-0.834	-0.838	-0.835	-0.782	-0.874	-0.826	-0.774	-0.829	-0.839	-0.838	-0.843	-0.848	-0.841	-0.839	-0.828	-0.853	-0.858	-0.820	-0.664	-0.593	-0.625	-0.056	-0.222	-0.760	-0.092	+0.225	
rs1895802      -0.597	-0.541	-0.819	-0.605	-0.538	-0.538	-0.418	-0.538	-0.541	-0.349	-0.366	-0.344	-0.361	-0.819	-0.236	-0.765	-0.688	-0.678	-0.624	-0.623	-0.676	-0.579	-0.612	-0.663	-0.639	-0.639	-0.623	-0.652	-0.620	-0.641	-0.618	-0.662	-0.649	-0.746	-0.677	-0.654	-0.815	-0.893	-0.704	-0.704	-0.847	-0.909	-0.913	-0.913	-0.913	-0.910	-0.910	-0.910	-0.910	-0.910	-0.880	-0.305	-0.528	-0.426	-0.420	-0.356	-0.699	-0.354	-0.507	-0.353	-0.313	-0.364	-0.316	-0.711	-0.701	-0.719	-0.713	-0.671	+1.258	+1.325	+1.276	+1.283	+0.672	+1.295	+2.094	+1.297	+1.300	+1.198	+1.299	+0.718	+2.007	+1.334	+1.344	+1.361	+1.361	+1.363	+1.371	+1.098	+2.194	+0.785	+2.249	+1.275	+1.483	+1.543	+1.217	+0.551	+1.305	+0.642	+1.316	+1.316	+1.525	+1.274	+0.561	+1.110	+1.115	+1.131	+1.156	+1.645	+1.582	+1.093	+1.098	+1.164	-0.834	-0.838	-0.835	-0.782	-0.874	-0.826	-0.774	-0.829	-0.839	-0.838	-0.843	-0.848	-0.841	-0.839	-0.828	-0.853	-0.858	-0.820	-0.664	-0.593	-0.625	-0.056	-0.222	-0.760	-0.092	+0.225	
rs2787424      -0.598	-0.542	-0.819	-0.606	-0.538	-0.538	-0.538	-0.418	-0.541	-0.349	-0.365	-0.343	-0.359	-0.819	-0.231	-0.765	-0.688	-0.679	-0.624	-0.623	-0.677	-0.580	-0.613	-0.663	-0.639	-0.639	-0.623	-0.653	-0.620	-0.641	-0.618	-0.663	-0.650	-0.746	-0.677	-0.654	-0.816	-0.893	-0.705	-0.704	-0.847	-0.910	-0.913	-0.913	-0.913	-0.910	-0.910	-0.911	-0.910	-0.911	-0.880	-0.305	-0.529	-0.427	-0.420	-0.356	-0.699	-0.354	-0.507	-0.354	-0.314	-0.365	-0.316	-0.711	-0.701	-0.719	-0.713	-0.671	+1.258	+1.325	+1.276	+1.283	+0.672	+1.295	+2.094	+1.297	+1.300	+1.198	+1.299	+0.718	+2.007	+1.334	+1.344	+1.361	+1.361	+1.363	+1.371	+1.098	+2.194	+0.785	+2.249	+1.274	+1.483	+1.543	+1.216	+0.551	+1.305	+0.642	+1.316	+1.316	+1.524	+1.274	+0.561	+1.110	+1.114	+1.131	+1.155	+1.645	+1.582	+1.092	+1.098	+1.163	-0.834	-0.838	-0.836	-0.783	-0.874	-0.826	-0.775	-0.829	-0.840	-0.839	-0.843	-0.848	-0.842	-0.840	-0.828	-0.854	-0.859	-0.820	-0.664	-0.593	-0.626	-0.056	-0.222	-0.761	-0.093	+0.225	
rs2787425      -0.598	-0.545	-0.818	-0.606	-0.541	-0.541	-0.541	-0.541	-0.417	-0.351	-0.367	-0.345	-0.361	-0.818	-0.235	-0.764	-0.686	-0.678	-0.622	-0.621	-0.676	-0.578	-0.611	-0.662	-0.637	-0.638	-0.622	-0.651	-0.619	-0.640	-0.617	-0.661	-0.648	-0.745	-0.676	-0.653	-0.814	-0.892	-0.703	-0.703	-0.846	-0.909	-0.912	-0.912	-0.912	-0.909	-0.909	-0.910	-0.909	-0.910	-0.879	-0.304	-0.528	-0.425	-0.419	-0.355	-0.698	-0.353	-0.506	-0.352	-0.313	-0.363	-0.315	-0.710	-0.700	-0.718	-0.712	-0.670	+1.258	+1.325	+1.277	+1.283	+0.673	+1.295	+2.094	+1.297	+1.301	+1.198	+1.300	+0.719	+2.007	+1.334	+1.344	+1.361	+1.361	+1.364	+1.372	+1.098	+2.194	+0.786	+2.249	+1.275	+1.484	+1.544	+1.217	+0.551	+1.306	+0.643	+1.317	+1.317	+1.525	+1.275	+0.562	+1.110	+1.115	+1.131	+1.156	+1.646	+1.583	+1.093	+1.099	+1.164	-0.833	-0.837	-0.835	-0.782	-0.873	-0.825	-0.774	-0.828	-0.839	-0.838	-0.842	-0.847	-0.840	-0.839	-0.827	-0.853	-0.858	-0.819	-0.663	-0.592	-0.624	-0.055	-0.221	-0.759	-0.091	+0.227	
rs1863348      -0.552	-0.339	-0.978	-0.809	-0.350	-0.350	-0.349	-0.349	-0.351	-0.570	-0.701	-0.702	-0.701	-0.977	-0.697	-0.962	-0.846	-0.914	-0.784	-0.783	-0.913	-0.738	-0.773	-0.904	-0.798	-0.798	-0.783	-0.896	-0.874	-0.800	-0.873	-0.820	-0.808	-0.906	-0.909	-0.893	-0.981	-1.028	-0.859	-0.858	-1.005	-1.058	-1.062	-1.062	-1.062	-1.059	-1.059	-1.059	-1.059	-1.059	-1.008	-0.429	-0.663	-0.548	-0.542	-0.482	-0.834	-0.480	-0.640	-0.479	-0.439	-0.494	-0.441	-0.846	-0.836	-0.854	-0.848	-0.805	+1.259	+1.329	+1.279	+1.286	+0.649	+1.299	+2.115	+1.300	+1.304	+1.194	+1.303	+0.697	+2.024	+1.339	+1.350	+1.367	+1.367	+1.369	+1.378	+1.061	+2.218	+0.766	+2.275	+1.231	+1.479	+1.541	+1.171	+0.495	+1.262	+0.589	+1.272	+1.273	+1.522	+1.230	+0.505	+1.087	+1.092	+1.111	+1.136	+1.626	+1.561	+1.069	+1.075	+1.117	-0.975	-0.979	-0.977	-0.922	-1.016	-0.967	-0.914	-0.970	-0.981	-0.980	-0.985	-0.990	-0.983	-0.981	-0.967	-0.994	-0.999	-0.963	-0.813	-0.747	-0.778	-0.192	-0.358	-0.908	-0.235	+0.074	
rs1863347      -0.559	-0.355	-0.977	-0.809	-0.366	-0.366	-0.366	-0.365	-0.367	-0.701	-0.569	-0.702	-0.702	-0.976	-0.695	-0.960	-0.844	-0.911	-0.781	-0.781	-0.910	-0.736	-0.771	-0.901	-0.796	-0.796	-0.781	-0.894	-0.871	-0.798	-0.870	-0.818	-0.806	-0.905	-0.906	-0.890	-0.979	-1.027	-0.857	-0.857	-1.003	-1.057	-1.060	-1.060	-1.060	-1.057	-1.057	-1.058	-1.057	-1.058	-1.007	-0.427	-0.662	-0.547	-0.540	-0.481	-0.832	-0.478	-0.639	-0.478	-0.437	-0.493	-0.440	-0.845	-0.834	-0.853	-0.847	-0.804	+1.258	+1.329	+1.279	+1.285	+0.649	+1.298	+2.115	+1.300	+1.303	+1.194	+1.303	+0.697	+2.023	+1.339	+1.349	+1.366	+1.367	+1.369	+1.377	+1.061	+2.217	+0.766	+2.275	+1.231	+1.479	+1.541	+1.171	+0.495	+1.262	+0.589	+1.272	+1.273	+1.521	+1.230	+0.505	+1.087	+1.091	+1.111	+1.135	+1.626	+1.561	+1.069	+1.074	+1.117	-0.974	-0.978	-0.975	-0.921	-1.015	-0.966	-0.913	-0.968	-0.980	-0.978	-0.983	-0.988	-0.981	-0.980	-0.966	-0.992	-0.998	-0.962	-0.811	-0.745	-0.776	-0.190	-0.357	-0.906	-0.234	+0.076	
rs1863346      -0.550	-0.334	-0.979	-0.809	-0.344	-0.344	-0.344	-0.343	-0.345	-0.702	-0.702	-0.571	-0.702	-0.978	-0.699	-0.964	-0.848	-0.916	-0.785	-0.784	-0.915	-0.739	-0.774	-0.906	-0.799	-0.799	-0.784	-0.898	-0.876	-0.801	-0.875	-0.821	-0.809	-0.908	-0.911	-0.895	-0.982	-1.029	-0.860	-0.859	-1.006	-1.059	-1.063	-1.063	-1.063	-1.060	-1.060	-1.060	-1.060	-1.060	-1.009	-0.429	-0.664	-0.549	-0.542	-0.482	-0.834	-0.480	-0.641	-0.480	-0.439	-0.495	-0.442	-0.847	-0.837	-0.855	-0.849	-0.806	+1.260	+1.330	+1.280	+1.287	+0.650	+1.299	+2.116	+1.301	+1.305	+1.195	+1.304	+0.698	+2.024	+1.340	+1.351	+1.368	+1.368	+1.370	+1.378	+1.062	+2.219	+0.767	+2.277	+1.231	+1.480	+1.542	+1.172	+0.495	+1.262	+0.589	+1.273	+1.273	+1.522	+1.231	+0.505	+1.087	+1.092	+1.112	+1.136	+1.627	+1.562	+1.069	+1.075	+1.117	-0.976	-0.980	-0.978	-0.923	-1.017	-0.968	-0.915	-0.971	-0.982	-0.981	-0.986	-0.991	-0.984	-0.982	-0.968	-0.995	-1.000	-0.964	-0.814	-0.748	-0.779	-0.192	-0.359	-0.909	-0.236	+0.073	
rs2553570      -0.558	-0.354	-0.978	-0.810	-0.361	-0.361	-0.361	-0.359	-0.361	-0.701	-0.702	-0.702	-0.570	-0.976	-0.692	-0.961	-0.846	-0.913	-0.783	-0.782	-0.911	-0.737	-0.772	-0.903	-0.797	-0.797	-0.782	-0.895	-0.873	-0.799	-0.872	-0.819	-0.807	-0.906	-0.908	-0.892	-0.980	-1.028	-0.858	-0.858	-1.004	-1.058	-1.061	-1.061	-1.061	-1.059	-1.058	-1.059	-1.058	-1.059	-1.008	-0.428	-0.663	-0.548	-0.541	-0.481	-0.833	-0.479	-0.640	-0.479	-0.438	-0.494	-0.441	-0.846	-0.835	-0.853	-0.848	-0.805	+1.258	+1.329	+1.279	+1.285	+0.649	+1.298	+2.115	+1.300	+1.303	+1.193	+1.303	+0.697	+2.023	+1.339	+1.349	+1.366	+1.367	+1.369	+1.377	+1.061	+2.217	+0.766	+2.275	+1.231	+1.479	+1.541	+1.171	+0.494	+1.262	+0.589	+1.272	+1.272	+1.521	+1.230	+0.505	+1.087	+1.091	+1.111	+1.135	+1.626	+1.561	+1.068	+1.074	+1.117	-0.975	-0.979	-0.977	-0.922	-1.016	-0.967	-0.914	-0.969	-0.981	-0.979	-0.984	-0.989	-0.982	-0.981	-0.967	-0.993	-0.999	-0.963	-0.812	-0.746	-0.777	-0.191	-0.358	-0.907	-0.235	+0.075	
rs2761340      -0.853	-0.811	-0.770	-0.947	-0.819	-0.819	-0.819	-0.819	-0.818	-0.977	-0.976	-0.978	-0.976	-0.620	-0.987	-1.096	-0.925	-1.075	-0.878	-0.877	-1.075	-0.837	-0.869	-1.070	-0.889	-0.889	-0.878	-1.066	-1.055	-0.890	-1.054	-0.906	-0.896	-0.954	-1.069	-1.060	-1.011	-1.072	-0.914	-0.913	-1.038	-1.101	-1.105	-1.105	-1.105	-1.102	-1.102	-1.102	-1.102	-1.102	-1.052	-0.480	-0.719	-0.599	-0.592	-0.519	-0.886	-0.517	-0.695	-0.516	-0.475	-0.530	-0.478	-0.898	-0.888	-0.906	-0.900	-0.858	+1.197	+1.265	+1.216	+1.222	+0.599	+1.235	+2.041	+1.237	+1.240	+1.135	+1.239	+0.646	+1.952	+1.274	+1.285	+1.302	+1.302	+1.304	+1.312	+1.019	+2.141	+0.714	+2.197	+1.193	+1.421	+1.481	+1.134	+0.458	+1.224	+0.551	+1.234	+1.235	+1.462	+1.193	+0.468	+1.037	+1.041	+1.059	+1.084	+1.578	+1.514	+1.019	+1.024	+1.080	-1.024	-1.028	-1.025	-0.971	-1.063	-1.016	-0.963	-1.018	-1.030	-1.028	-1.033	-1.038	-1.031	-1.029	-1.012	-1.040	-1.045	-1.011	-0.856	-0.799	-0.829	-0.244	-0.411	-0.955	-0.291	+0.006	
rs2764575      -0.503	-0.242	-0.989	-0.807	-0.237	-0.237	-0.236	-0.231	-0.235	-0.697	-0.695	-0.699	-0.692	-0.987	-0.585	-0.983	-0.865	-0.941	-0.804	-0.803	-0.940	-0.758	-0.793	-0.932	-0.817	-0.818	-0.803	-0.925	-0.905	-0.819	-0.903	-0.839	-0.827	-0.923	-0.936	-0.921	-0.998	-1.040	-0.874	-0.874	-1.021	-1.074	-1.077	-1.077	-1.077	-1.074	-1.074	-1.075	-1.074	-1.075	-1.019	-0.439	-0.675	-0.558	-0.552	-0.492	-0.846	-0.490	-0.652	-0.490	-0.449	-0.506	-0.452	-0.858	-0.848	-0.866	-0.860	-0.817	+1.268	+1.339	+1.289	+1.295	+0.654	+1.308	+2.128	+1.310	+1.313	+1.202	+1.313	+0.703	+2.035	+1.349	+1.360	+1.377	+1.377	+1.379	+1.387	+1.065	+2.230	+0.772	+2.289	+1.233	+1.487	+1.550	+1.174	+0.495	+1.265	+0.590	+1.275	+1.275	+1.530	+1.233	+0.505	+1.092	+1.097	+1.117	+1.142	+1.632	+1.567	+1.074	+1.080	+1.119	-0.989	-0.993	-0.990	-0.936	-1.030	-0.981	-0.927	-0.983	-0.995	-0.993	-0.998	-1.003	-0.996	-0.995	-0.980	-1.007	-1.013	-0.977	-0.827	-0.762	-0.793	-0.204	-0.371	-0.922	-0.249	+0.059	
rs2254613      -0.808	-0.756	-1.097	-0.968	-0.765	-0.765	-0.765	-0.765	-0.764	-0.962	-0.960	-0.964	-0.961	-1.096	-0.983	-0.649	-0.931	-0.855	-0.873	-0.872	-0.854	-0.829	-0.862	-0.842	-0.886	-0.886	-0.872	-0.833	-0.798	-0.887	-0.798	-0.906	-0.895	-0.981	-0.779	-0.748	-1.062	-1.076	-0.935	-0.935	-1.080	-1.127	-1.130	-1.130	-1.130	-1.127	-1.127	-1.128	-1.127	-1.128	-1.048	-0.482	-0.725	-0.602	-0.595	-0.530	-0.898	-0.528	-0.701	-0.528	-0.486	-0.547	-0.489	-0.911	-0.900	-0.919	-0.913	-0.869	+1.331	+1.404	+1.354	+1.360	+0.697	+1.373	+2.192	+1.375	+1.379	+1.267	+1.378	+0.748	+2.096	+1.416	+1.427	+1.445	+1.445	+1.447	+1.455	+1.108	+2.296	+0.819	+2.357	+1.262	+1.535	+1.599	+1.201	+0.519	+1.294	+0.618	+1.304	+1.304	+1.579	+1.262	+0.530	+1.138	+1.142	+1.165	+1.190	+1.713	+1.645	+1.119	+1.125	+1.144	-1.046	-1.050	-1.048	-0.991	-1.088	-1.038	-0.983	-1.040	-1.052	-1.051	-1.056	-1.061	-1.054	-1.052	-1.035	-1.064	-1.070	-1.037	-0.888	-0.825	-0.855	-0.257	-0.424	-0.984	-0.306	-0.000	
rs13379166     -0.712	-0.679	-0.926	-0.832	-0.688	-0.688	-0.688	-0.688	-0.686	-0.846	-0.844	-0.848	-0.846	-0.925	-0.865	-0.931	-0.456	-0.944	-0.511	-0.509	-0.944	-0.521	-0.489	-0.944	-0.546	-0.547	-0.527	-0.943	-0.939	-0.561	-0.938	-0.590	-0.578	-0.599	-0.938	-0.935	-0.892	-0.925	-0.738	-0.738	-0.910	-0.957	-0.960	-0.960	-0.960	-0.958	-0.958	-0.958	-0.958	-0.958	-0.901	-0.336	-0.576	-0.455	-0.448	-0.330	-0.741	-0.328	-0.550	-0.327	-0.284	-0.342	-0.288	-0.753	-0.743	-0.761	-0.755	-0.713	+1.522	+1.595	+1.543	+1.549	+0.888	+1.562	+2.416	+1.564	+1.567	+1.457	+1.567	+0.938	+2.322	+1.604	+1.615	+1.632	+1.632	+1.634	+1.643	+1.320	+2.521	+1.009	+2.588	+1.498	+1.754	+1.818	+1.437	+0.726	+1.531	+0.825	+1.541	+1.542	+1.798	+1.498	+0.737	+1.322	+1.327	+1.347	+1.371	+1.931	+1.863	+1.304	+1.310	+1.381	-0.870	-0.874	-0.871	-0.816	-0.908	-0.862	-0.808	-0.864	-0.876	-0.874	-0.879	-0.884	-0.877	-0.876	-0.856	-0.885	-0.891	-0.856	-0.699	-0.648	-0.677	-0.093	-0.260	-0.803	-0.145	+0.151	
rs2761339      -0.730	-0.668	-1.077	-0.920	-0.678	-0.678	-0.678	-0.679	-0.678	-0.914	-0.911	-0.916	-0.913	-1.075	-0.941	-0.855	-0.944	-0.644	-0.892	-0.891	-0.779	-0.849	-0.883	-0.778	-0.904	-0.904	-0.891	-0.775	-0.731	-0.905	-0.735	-0.922	-0.912	-0.984	-0.872	-0.863	-1.062	-1.059	-0.936	-0.936	-1.076	-1.126	-1.128	-1.128	-1.128	-1.127	-1.127	-1.127	-1.127	-1.127	-1.026	-0.482	-0.724	-0.599	-0.592	-0.512	-0.895	-0.510	-0.700	-0.509	-0.467	-0.530	-0.470	-0.907	-0.897	-0.915	-0.909	-0.866	+1.384	+1.458	+1.407	+1.413	+0.758	+1.427	+2.250	+1.429	+1.432	+1.320	+1.432	+0.809	+2.153	+1.470	+1.481	+1.499	+1.499	+1.501	+1.509	+1.148	+2.355	+0.882	+2.416	+1.314	+1.604	+1.670	+1.253	+0.566	+1.347	+0.666	+1.356	+1.356	+1.649	+1.314	+0.577	+1.193	+1.198	+1.222	+1.247	+1.795	+1.726	+1.174	+1.180	+1.196	-1.040	-1.044	-1.041	-0.984	-1.082	-1.031	-0.976	-1.034	-1.046	-1.044	-1.049	-1.055	-1.047	-1.046	-1.027	-1.056	-1.062	-1.031	-0.883	-0.824	-0.853	-0.256	-0.423	-0.980	-0.307	-0.005	
rs77069096     -0.648	-0.615	-0.878	-0.772	-0.624	-0.624	-0.624	-0.624	-0.622	-0.784	-0.781	-0.785	-0.783	-0.878	-0.804	-0.873	-0.511	-0.892	-0.400	-0.513	-0.892	-0.530	-0.507	-0.893	-0.533	-0.533	-0.531	-0.892	-0.890	-0.539	-0.889	-0.541	-0.544	-0.465	-0.888	-0.885	-0.836	-0.874	-0.688	-0.688	-0.856	-0.904	-0.907	-0.907	-0.907	-0.905	-0.905	-0.905	-0.905	-0.905	-0.851	-0.296	-0.536	-0.416	-0.409	-0.268	-0.699	-0.266	-0.508	-0.265	-0.222	-0.280	-0.225	-0.710	-0.701	-0.717	-0.712	-0.671	+1.615	+1.688	+1.635	+1.642	+0.972	+1.655	+2.520	+1.657	+1.661	+1.549	+1.660	+1.022	+2.424	+1.697	+1.708	+1.726	+1.726	+1.728	+1.737	+1.408	+2.625	+1.094	+2.695	+1.587	+1.848	+1.913	+1.525	+0.806	+1.620	+0.905	+1.630	+1.631	+1.893	+1.586	+0.817	+1.405	+1.410	+1.431	+1.455	+2.026	+1.958	+1.386	+1.392	+1.468	-0.818	-0.823	-0.820	-0.764	-0.855	-0.811	-0.757	-0.813	-0.824	-0.823	-0.828	-0.833	-0.826	-0.824	-0.803	-0.832	-0.838	-0.804	-0.643	-0.596	-0.625	-0.047	-0.214	-0.751	-0.100	+0.194	
rs113803960    -0.647	-0.614	-0.878	-0.771	-0.623	-0.623	-0.623	-0.623	-0.621	-0.783	-0.781	-0.784	-0.782	-0.877	-0.803	-0.872	-0.509	-0.891	-0.513	-0.399	-0.891	-0.529	-0.507	-0.892	-0.532	-0.532	-0.530	-0.891	-0.889	-0.538	-0.888	-0.539	-0.543	-0.463	-0.887	-0.884	-0.835	-0.873	-0.687	-0.687	-0.855	-0.903	-0.906	-0.906	-0.906	-0.904	-0.904	-0.904	-0.904	-0.904	-0.850	-0.296	-0.536	-0.415	-0.408	-0.267	-0.698	-0.265	-0.508	-0.264	-0.221	-0.279	-0.224	-0.709	-0.700	-0.717	-0.711	-0.670	+1.616	+1.690	+1.637	+1.643	+0.973	+1.656	+2.521	+1.658	+1.662	+1.551	+1.661	+1.023	+2.426	+1.699	+1.710	+1.727	+1.728	+1.729	+1.738	+1.409	+2.627	+1.095	+2.696	+1.588	+1.850	+1.914	+1.526	+0.807	+1.621	+0.906	+1.632	+1.632	+1.894	+1.588	+0.818	+1.406	+1.411	+1.432	+1.456	+2.027	+1.959	+1.388	+1.394	+1.469	-0.818	-0.822	-0.819	-0.764	-0.855	-0.810	-0.756	-0.812	-0.824	-0.822	-0.827	-0.832	-0.825	-0.824	-0.802	-0.832	-0.837	-0.803	-0.643	-0.595	-0.624	-0.046	-0.213	-0.750	-0.099	+0.195	
rs142043845    -0.728	-0.666	-1.076	-0.919	-0.677	-0.677	-0.676	-0.677	-0.676	-0.913	-0.910	-0.915	-0.911	-1.075	-0.940	-0.854	-0.944	-0.779	-0.892	-0.891	-0.644	-0.849	-0.883	-0.777	-0.904	-0.904	-0.891	-0.775	-0.732	-0.905	-0.737	-0.922	-0.912	-0.984	-0.872	-0.863	-1.062	-1.058	-0.936	-0.936	-1.075	-1.126	-1.128	-1.128	-1.128	-1.126	-1.126	-1.127	-1.126	-1.126	-1.025	-0.481	-0.724	-0.599	-0.592	-0.511	-0.894	-0.509	-0.700	-0.509	-0.467	-0.529	-0.469	-0.907	-0.896	-0.915	-0.909	-0.866	+1.386	+1.460	+1.409	+1.415	+0.760	+1.429	+2.252	+1.431	+1.435	+1.322	+1.434	+0.811	+2.155	+1.473	+1.484	+1.501	+1.502	+1.503	+1.512	+1.150	+2.358	+0.884	+2.418	+1.315	+1.607	+1.672	+1.255	+0.568	+1.349	+0.668	+1.358	+1.358	+1.651	+1.316	+0.579	+1.195	+1.200	+1.224	+1.249	+1.798	+1.729	+1.176	+1.182	+1.197	-1.039	-1.043	-1.041	-0.984	-1.081	-1.031	-0.975	-1.033	-1.045	-1.044	-1.049	-1.054	-1.047	-1.045	-1.027	-1.056	-1.062	-1.031	-0.882	-0.824	-0.853	-0.255	-0.422	-0.979	-0.307	-0.005	
rs114605448    -0.604	-0.570	-0.838	-0.728	-0.579	-0.579	-0.579	-0.580	-0.578	-0.738	-0.736	-0.739	-0.737	-0.837	-0.758	-0.829	-0.521	-0.849	-0.530	-0.529	-0.849	-0.351	-0.527	-0.850	-0.534	-0.534	-0.535	-0.850	-0.848	-0.538	-0.847	-0.536	-0.540	-0.469	-0.845	-0.843	-0.792	-0.831	-0.648	-0.648	-0.813	-0.860	-0.863	-0.863	-0.863	-0.861	-0.861	-0.861	-0.861	-0.861	-0.808	-0.254	-0.494	-0.373	-0.366	-0.223	-0.656	-0.221	-0.465	-0.220	-0.177	-0.234	-0.180	-0.667	-0.658	-0.675	-0.669	-0.629	+1.658	+1.732	+1.679	+1.685	+1.017	+1.699	+2.562	+1.701	+1.704	+1.593	+1.704	+1.067	+2.467	+1.741	+1.752	+1.770	+1.770	+1.772	+1.781	+1.451	+2.668	+1.139	+2.738	+1.630	+1.892	+1.957	+1.568	+0.850	+1.663	+0.949	+1.674	+1.674	+1.937	+1.630	+0.861	+1.450	+1.454	+1.476	+1.500	+2.067	+1.998	+1.431	+1.437	+1.511	-0.775	-0.779	-0.776	-0.720	-0.811	-0.767	-0.713	-0.769	-0.781	-0.780	-0.784	-0.789	-0.782	-0.781	-0.759	-0.788	-0.794	-0.760	-0.599	-0.551	-0.580	+0.000	-0.168	-0.706	-0.053	+0.239	
rs141380976    -0.637	-0.604	-0.870	-0.761	-0.612	-0.612	-0.612	-0.613	-0.611	-0.773	-0.771	-0.774	-0.772	-0.869	-0.793	-0.862	-0.489	-0.883	-0.507	-0.507	-0.883	-0.527	-0.390	-0.884	-0.520	-0.520	-0.521	-0.883	-0.881	-0.526	-0.880	-0.521	-0.529	-0.433	-0.879	-0.876	-0.826	-0.865	-0.679	-0.679	-0.847	-0.895	-0.898	-0.898	-0.898	-0.896	-0.895	-0.896	-0.895	-0.896	-0.842	-0.289	-0.529	-0.408	-0.402	-0.258	-0.691	-0.255	-0.501	-0.255	-0.211	-0.269	-0.214	-0.702	-0.693	-0.710	-0.704	-0.663	+1.630	+1.703	+1.651	+1.657	+0.986	+1.670	+2.536	+1.672	+1.676	+1.564	+1.675	+1.036	+2.441	+1.713	+1.724	+1.741	+1.741	+1.743	+1.752	+1.422	+2.642	+1.108	+2.712	+1.602	+1.864	+1.928	+1.539	+0.819	+1.635	+0.918	+1.645	+1.645	+1.908	+1.601	+0.830	+1.419	+1.423	+1.444	+1.468	+2.042	+1.973	+1.400	+1.406	+1.482	-0.809	-0.813	-0.811	-0.755	-0.846	-0.802	-0.748	-0.804	-0.815	-0.814	-0.819	-0.824	-0.817	-0.815	-0.794	-0.823	-0.829	-0.795	-0.634	-0.587	-0.616	-0.039	-0.206	-0.742	-0.092	+0.202	
rs2244319      -0.715	-0.652	-1.071	-0.911	-0.663	-0.663	-0.663	-0.663	-0.662	-0.904	-0.901	-0.906	-0.903	-1.070	-0.932	-0.842	-0.944	-0.778	-0.893	-0.892	-0.777	-0.850	-0.884	-0.641	-0.905	-0.905	-0.892	-0.777	-0.750	-0.906	-0.753	-0.922	-0.912	-0.982	-0.872	-0.866	-1.060	-1.052	-0.934	-0.934	-1.073	-1.124	-1.125	-1.125	-1.125	-1.124	-1.124	-1.124	-1.124	-1.124	-1.019	-0.479	-0.722	-0.596	-0.589	-0.506	-0.892	-0.504	-0.698	-0.503	-0.461	-0.524	-0.463	-0.904	-0.894	-0.912	-0.906	-0.863	+1.402	+1.476	+1.425	+1.432	+0.775	+1.445	+2.270	+1.447	+1.451	+1.338	+1.450	+0.827	+2.172	+1.489	+1.500	+1.518	+1.518	+1.520	+1.528	+1.163	+2.375	+0.899	+2.436	+1.329	+1.623	+1.689	+1.268	+0.580	+1.363	+0.681	+1.371	+1.372	+1.668	+1.330	+0.591	+1.210	+1.214	+1.239	+1.264	+1.816	+1.747	+1.191	+1.197	+1.210	-1.036	-1.040	-1.038	-0.980	-1.078	-1.028	-0.972	-1.030	-1.042	-1.041	-1.046	-1.051	-1.044	-1.042	-1.023	-1.053	-1.059	-1.028	-0.880	-0.822	-0.851	-0.253	-0.420	-0.977	-0.306	-0.004	
rs28602170     -0.664	-0.630	-0.890	-0.786	-0.639	-0.639	-0.639	-0.639	-0.637	-0.798	-0.796	-0.799	-0.797	-0.889	-0.817	-0.886	-0.546	-0.904	-0.533	-0.532	-0.904	-0.534	-0.520	-0.905	-0.413	-0.528	-0.523	-0.904	-0.901	-0.540	-0.901	-0.546	-0.548	-0.497	-0.899	-0.897	-0.849	-0.886	-0.700	-0.700	-0.869	-0.917	-0.920	-0.920	-0.920	-0.917	-0.917	-0.918	-0.917	-0.918	-0.862	-0.306	-0.546	-0.425	-0.418	-0.283	-0.709	-0.281	-0.518	-0.280	-0.237	-0.295	-0.240	-0.720	-0.711	-0.728	-0.722	-0.681	+1.593	+1.665	+1.613	+1.619	+0.952	+1.632	+2.494	+1.634	+1.638	+1.527	+1.637	+1.002	+2.400	+1.675	+1.685	+1.703	+1.703	+1.705	+1.714	+1.386	+2.600	+1.073	+2.668	+1.565	+1.825	+1.890	+1.503	+0.786	+1.598	+0.885	+1.608	+1.608	+1.870	+1.564	+0.797	+1.384	+1.389	+1.410	+1.434	+2.002	+1.934	+1.366	+1.372	+1.446	-0.830	-0.834	-0.832	-0.776	-0.867	-0.822	-0.768	-0.825	-0.836	-0.835	-0.840	-0.845	-0.838	-0.836	-0.815	-0.844	-0.850	-0.816	-0.656	-0.608	-0.637	-0.058	-0.225	-0.763	-0.111	+0.183	
rs28397092     -0.664	-0.631	-0.890	-0.786	-0.639	-0.639	-0.639	-0.639	-0.638	-0.798	-0.796	-0.799	-0.797	-0.889	-0.818	-0.886	-0.547	-0.904	-0.533	-0.532	-0.904	-0.534	-0.520	-0.905	-0.528	-0.413	-0.523	-0.904	-0.902	-0.540	-0.901	-0.547	-0.548	-0.498	-0.900	-0.897	-0.849	-0.886	-0.701	-0.701	-0.869	-0.917	-0.920	-0.920	-0.920	-0.918	-0.918	-0.918	-0.918	-0.918	-0.863	-0.306	-0.546	-0.425	-0.419	-0.283	-0.709	-0.281	-0.518	-0.280	-0.237	-0.295	-0.240	-0.721	-0.711	-0.728	-0.723	-0.682	+1.592	+1.665	+1.612	+1.618	+0.952	+1.632	+2.494	+1.634	+1.637	+1.526	+1.637	+1.001	+2.399	+1.674	+1.685	+1.702	+1.703	+1.705	+1.713	+1.385	+2.599	+1.073	+2.668	+1.565	+1.825	+1.889	+1.502	+0.785	+1.597	+0.884	+1.608	+1.608	+1.869	+1.564	+0.796	+1.384	+1.389	+1.409	+1.433	+2.001	+1.933	+1.365	+1.371	+1.446	-0.831	-0.835	-0.832	-0.776	-0.868	-0.823	-0.769	-0.825	-0.837	-0.835	-0.840	-0.845	-0.838	-0.836	-0.816	-0.845	-0.851	-0.817	-0.656	-0.608	-0.637	-0.058	-0.225	-0.763	-0.111	+0.183	
rs17764769     -0.648	-0.615	-0.878	-0.771	-0.623	-0.623	-0.623	-0.623	-0.622	-0.783	-0.781	-0.784	-0.782	-0.878	-0.803	-0.872	-0.527	-0.891	-0.531	-0.530	-0.891	-0.535	-0.521	-0.892	-0.523	-0.523	-0.399	-0.891	-0.889	-0.527	-0.888	-0.525	-0.532	-0.459	-0.887	-0.885	-0.836	-0.873	-0.688	-0.688	-0.856	-0.904	-0.907	-0.907	-0.907	-0.905	-0.904	-0.905	-0.905	-0.905	-0.850	-0.296	-0.536	-0.415	-0.409	-0.268	-0.698	-0.266	-0.508	-0.265	-0.221	-0.279	-0.225	-0.710	-0.700	-0.717	-0.712	-0.671	+1.613	+1.687	+1.634	+1.640	+0.971	+1.653	+2.518	+1.655	+1.659	+1.548	+1.658	+1.021	+2.423	+1.696	+1.707	+1.724	+1.725	+1.726	+1.735	+1.406	+2.624	+1.093	+2.693	+1.586	+1.847	+1.911	+1.523	+0.804	+1.618	+0.903	+1.629	+1.629	+1.891	+1.584	+0.815	+1.404	+1.408	+1.429	+1.453	+2.024	+1.955	+1.385	+1.391	+1.466	-0.818	-0.822	-0.819	-0.764	-0.855	-0.810	-0.756	-0.812	-0.824	-0.822	-0.827	-0.832	-0.825	-0.824	-0.803	-0.832	-0.838	-0.804	-0.642	-0.596	-0.624	-0.047	-0.214	-0.750	-0.100	+0.194	
rs2553577      -0.706	-0.641	-1.067	-0.904	-0.652	-0.652	-0.652	-0.653	-0.651	-0.896	-0.894	-0.898	-0.895	-1.066	-0.925	-0.833	-0.943	-0.775	-0.892	-0.891	-0.775	-0.850	-0.883	-0.777	-0.904	-0.904	-0.891	-0.638	-0.756	-0.905	-0.760	-0.921	-0.911	-0.979	-0.870	-0.866	-1.058	-1.048	-0.932	-0.931	-1.070	-1.121	-1.123	-1.123	-1.123	-1.122	-1.121	-1.122	-1.122	-1.122	-1.014	-0.477	-0.720	-0.594	-0.587	-0.501	-0.889	-0.499	-0.696	-0.498	-0.456	-0.520	-0.459	-0.902	-0.891	-0.910	-0.904	-0.861	+1.412	+1.487	+1.436	+1.442	+0.784	+1.456	+2.281	+1.458	+1.461	+1.348	+1.461	+0.836	+2.183	+1.500	+1.511	+1.528	+1.529	+1.531	+1.539	+1.172	+2.387	+0.909	+2.447	+1.337	+1.633	+1.699	+1.277	+0.588	+1.371	+0.689	+1.380	+1.380	+1.678	+1.338	+0.599	+1.219	+1.224	+1.249	+1.273	+1.827	+1.757	+1.200	+1.206	+1.219	-1.033	-1.037	-1.035	-0.977	-1.075	-1.025	-0.969	-1.027	-1.039	-1.038	-1.043	-1.048	-1.041	-1.039	-1.020	-1.050	-1.056	-1.025	-0.877	-0.819	-0.848	-0.251	-0.418	-0.974	-0.304	-0.003	
rs2553578      -0.676	-0.609	-1.056	-0.883	-0.620	-0.620	-0.620	-0.620	-0.619	-0.874	-0.871	-0.876	-0.873	-1.055	-0.905	-0.798	-0.939	-0.731	-0.890	-0.889	-0.732	-0.848	-0.881	-0.750	-0.901	-0.902	-0.889	-0.756	-0.630	-0.902	-0.772	-0.918	-0.908	-0.973	-0.862	-0.863	-1.051	-1.036	-0.925	-0.925	-1.062	-1.114	-1.116	-1.116	-1.116	-1.115	-1.115	-1.115	-1.115	-1.115	-1.000	-0.471	-0.713	-0.586	-0.579	-0.489	-0.882	-0.486	-0.689	-0.486	-0.444	-0.508	-0.446	-0.894	-0.884	-0.902	-0.896	-0.853	+1.442	+1.517	+1.465	+1.472	+0.812	+1.485	+2.312	+1.487	+1.491	+1.377	+1.490	+0.864	+2.213	+1.530	+1.541	+1.559	+1.559	+1.561	+1.569	+1.197	+2.418	+0.937	+2.479	+1.362	+1.663	+1.729	+1.301	+0.611	+1.396	+0.713	+1.404	+1.405	+1.708	+1.363	+0.622	+1.247	+1.251	+1.276	+1.301	+1.859	+1.789	+1.227	+1.233	+1.243	-1.025	-1.029	-1.027	-0.969	-1.067	-1.016	-0.960	-1.019	-1.031	-1.030	-1.035	-1.040	-1.033	-1.031	-1.011	-1.041	-1.047	-1.017	-0.869	-0.813	-0.841	-0.245	-0.412	-0.967	-0.298	+0.002	
rs11621553     -0.666	-0.632	-0.891	-0.788	-0.641	-0.641	-0.641	-0.641	-0.640	-0.800	-0.798	-0.801	-0.799	-0.890	-0.819	-0.887	-0.561	-0.905	-0.539	-0.538	-0.905	-0.538	-0.526	-0.906	-0.540	-0.540	-0.527	-0.905	-0.902	-0.414	-0.901	-0.540	-0.542	-0.497	-0.900	-0.897	-0.850	-0.887	-0.701	-0.701	-0.870	-0.918	-0.921	-0.921	-0.921	-0.919	-0.919	-0.919	-0.919	-0.919	-0.863	-0.306	-0.546	-0.425	-0.418	-0.284	-0.709	-0.282	-0.518	-0.281	-0.238	-0.296	-0.241	-0.721	-0.711	-0.728	-0.723	-0.682	+1.589	+1.662	+1.609	+1.615	+0.949	+1.629	+2.490	+1.630	+1.634	+1.523	+1.633	+0.999	+2.395	+1.671	+1.682	+1.699	+1.700	+1.702	+1.710	+1.383	+2.596	+1.070	+2.664	+1.562	+1.822	+1.887	+1.500	+0.783	+1.595	+0.882	+1.605	+1.606	+1.867	+1.561	+0.794	+1.381	+1.386	+1.406	+1.431	+1.998	+1.930	+1.363	+1.369	+1.443	-0.831	-0.835	-0.833	-0.777	-0.868	-0.823	-0.769	-0.825	-0.837	-0.836	-0.841	-0.845	-0.839	-0.837	-0.816	-0.845	-0.851	-0.817	-0.657	-0.609	-0.638	-0.059	-0.226	-0.764	-0.111	+0.183	
rs2553574      -0.674	-0.607	-1.055	-0.881	-0.618	-0.618	-0.618	-0.618	-0.617	-0.873	-0.870	-0.875	-0.872	-1.054	-0.903	-0.798	-0.938	-0.735	-0.889	-0.888	-0.737	-0.847	-0.880	-0.753	-0.901	-0.901	-0.888	-0.760	-0.772	-0.901	-0.629	-0.917	-0.907	-0.972	-0.863	-0.864	-1.051	-1.035	-0.924	-0.924	-1.062	-1.114	-1.115	-1.115	-1.115	-1.114	-1.114	-1.114	-1.114	-1.114	-0.999	-0.470	-0.712	-0.586	-0.579	-0.488	-0.881	-0.486	-0.688	-0.485	-0.443	-0.507	-0.445	-0.894	-0.883	-0.902	-0.896	-0.853	+1.442	+1.517	+1.466	+1.472	+0.812	+1.486	+2.312	+1.488	+1.492	+1.378	+1.491	+0.864	+2.214	+1.530	+1.541	+1.559	+1.559	+1.561	+1.569	+1.198	+2.418	+0.938	+2.479	+1.362	+1.663	+1.729	+1.302	+0.612	+1.396	+0.713	+1.405	+1.405	+1.708	+1.363	+0.623	+1.247	+1.251	+1.277	+1.302	+1.859	+1.789	+1.228	+1.234	+1.243	-1.024	-1.028	-1.026	-0.968	-1.066	-1.015	-0.959	-1.018	-1.030	-1.029	-1.034	-1.039	-1.032	-1.030	-1.010	-1.040	-1.046	-1.016	-0.868	-0.812	-0.841	-0.244	-0.411	-0.966	-0.298	+0.003	
rs78098267     -0.687	-0.654	-0.906	-0.808	-0.662	-0.662	-0.662	-0.663	-0.661	-0.820	-0.818	-0.821	-0.819	-0.906	-0.839	-0.906	-0.590	-0.922	-0.541	-0.539	-0.922	-0.536	-0.521	-0.922	-0.546	-0.547	-0.525	-0.921	-0.918	-0.540	-0.917	-0.432	-0.542	-0.541	-0.916	-0.913	-0.869	-0.903	-0.717	-0.717	-0.888	-0.935	-0.938	-0.938	-0.938	-0.936	-0.936	-0.936	-0.936	-0.936	-0.879	-0.318	-0.559	-0.438	-0.431	-0.304	-0.723	-0.302	-0.532	-0.301	-0.258	-0.316	-0.262	-0.735	-0.725	-0.742	-0.737	-0.695	+1.559	+1.632	+1.580	+1.586	+0.922	+1.599	+2.458	+1.601	+1.605	+1.494	+1.604	+0.972	+2.363	+1.641	+1.652	+1.670	+1.670	+1.672	+1.680	+1.355	+2.563	+1.043	+2.631	+1.534	+1.792	+1.856	+1.472	+0.758	+1.566	+0.856	+1.577	+1.577	+1.836	+1.533	+0.769	+1.354	+1.359	+1.380	+1.404	+1.966	+1.898	+1.336	+1.342	+1.415	-0.847	-0.852	-0.849	-0.793	-0.885	-0.840	-0.785	-0.842	-0.853	-0.852	-0.857	-0.862	-0.855	-0.853	-0.833	-0.862	-0.868	-0.834	-0.674	-0.626	-0.655	-0.073	-0.240	-0.781	-0.125	+0.170	
rs11626666     -0.674	-0.641	-0.897	-0.796	-0.649	-0.649	-0.649	-0.650	-0.648	-0.808	-0.806	-0.809	-0.807	-0.896	-0.827	-0.895	-0.578	-0.912	-0.544	-0.543	-0.912	-0.540	-0.529	-0.912	-0.548	-0.548	-0.532	-0.911	-0.908	-0.542	-0.907	-0.542	-0.421	-0.511	-0.906	-0.903	-0.858	-0.893	-0.707	-0.707	-0.877	-0.925	-0.928	-0.928	-0.928	-0.925	-0.925	-0.926	-0.925	-0.926	-0.869	-0.311	-0.551	-0.430	-0.423	-0.292	-0.714	-0.290	-0.524	-0.289	-0.246	-0.304	-0.249	-0.726	-0.716	-0.734	-0.728	-0.687	+1.577	+1.650	+1.598	+1.604	+0.938	+1.617	+2.477	+1.619	+1.623	+1.512	+1.622	+0.988	+2.383	+1.659	+1.670	+1.688	+1.688	+1.690	+1.698	+1.372	+2.583	+1.059	+2.651	+1.551	+1.810	+1.875	+1.489	+0.773	+1.584	+0.872	+1.594	+1.594	+1.855	+1.550	+0.784	+1.371	+1.376	+1.396	+1.420	+1.985	+1.917	+1.352	+1.358	+1.432	-0.837	-0.842	-0.839	-0.783	-0.875	-0.830	-0.775	-0.832	-0.843	-0.842	-0.847	-0.852	-0.845	-0.843	-0.823	-0.852	-0.858	-0.824	-0.663	-0.616	-0.644	-0.064	-0.231	-0.771	-0.116	+0.178	
rs112714836    -0.770	-0.738	-0.955	-0.885	-0.746	-0.746	-0.746	-0.746	-0.745	-0.906	-0.905	-0.908	-0.906	-0.954	-0.923	-0.981	-0.599	-0.984	-0.465	-0.463	-0.984	-0.469	-0.433	-0.982	-0.497	-0.498	-0.459	-0.979	-0.973	-0.497	-0.972	-0.541	-0.511	-0.501	-0.974	-0.969	-0.938	-0.964	-0.760	-0.760	-0.954	-1.000	-1.003	-1.003	-1.003	-1.001	-1.001	-1.001	-1.001	-1.001	-0.939	-0.349	-0.591	-0.468	-0.461	-0.388	-0.763	-0.386	-0.568	-0.385	-0.343	-0.402	-0.347	-0.775	-0.765	-0.783	-0.777	-0.734	+1.414	+1.485	+1.434	+1.441	+0.794	+1.453	+2.289	+1.455	+1.459	+1.350	+1.458	+0.842	+2.197	+1.494	+1.505	+1.522	+1.523	+1.525	+1.533	+1.221	+2.392	+0.912	+2.456	+1.396	+1.643	+1.705	+1.336	+0.639	+1.428	+0.736	+1.439	+1.439	+1.686	+1.396	+0.650	+1.232	+1.237	+1.256	+1.280	+1.822	+1.755	+1.214	+1.219	+1.280	-0.909	-0.913	-0.911	-0.855	-0.950	-0.901	-0.846	-0.903	-0.915	-0.914	-0.919	-0.924	-0.917	-0.915	-0.898	-0.926	-0.932	-0.898	-0.746	-0.688	-0.717	-0.122	-0.289	-0.845	-0.173	+0.131	
rs2761338      -0.727	-0.667	-1.070	-0.915	-0.677	-0.677	-0.677	-0.677	-0.676	-0.909	-0.906	-0.911	-0.908	-1.069	-0.936	-0.779	-0.938	-0.872	-0.888	-0.887	-0.872	-0.845	-0.879	-0.872	-0.899	-0.900	-0.887	-0.870	-0.862	-0.900	-0.863	-0.916	-0.906	-0.974	-0.634	-0.767	-1.050	-1.038	-0.928	-0.927	-1.063	-1.114	-1.116	-1.116	-1.116	-1.115	-1.115	-1.115	-1.115	-1.115	-1.002	-0.475	-0.717	-0.592	-0.585	-0.491	-0.886	-0.489	-0.693	-0.489	-0.446	-0.511	-0.449	-0.899	-0.888	-0.907	-0.901	-0.858	+1.442	+1.517	+1.465	+1.472	+0.809	+1.485	+2.311	+1.487	+1.491	+1.377	+1.490	+0.861	+2.212	+1.530	+1.541	+1.559	+1.559	+1.561	+1.569	+1.199	+2.417	+0.934	+2.479	+1.361	+1.658	+1.725	+1.300	+0.611	+1.395	+0.713	+1.404	+1.404	+1.704	+1.362	+0.621	+1.252	+1.256	+1.282	+1.307	+1.847	+1.777	+1.232	+1.238	+1.241	-1.029	-1.034	-1.031	-0.973	-1.071	-1.021	-0.965	-1.023	-1.035	-1.034	-1.039	-1.044	-1.037	-1.036	-1.016	-1.045	-1.052	-1.021	-0.871	-0.816	-0.845	-0.246	-0.414	-0.970	-0.299	+0.002	
rs2787429      -0.706	-0.644	-1.061	-0.898	-0.654	-0.654	-0.654	-0.654	-0.653	-0.893	-0.890	-0.895	-0.892	-1.060	-0.921	-0.748	-0.935	-0.863	-0.885	-0.884	-0.863	-0.843	-0.876	-0.866	-0.897	-0.897	-0.885	-0.866	-0.863	-0.897	-0.864	-0.913	-0.903	-0.969	-0.767	-0.627	-1.045	-1.027	-0.922	-0.922	-1.056	-1.108	-1.110	-1.110	-1.110	-1.109	-1.109	-1.109	-1.109	-1.109	-0.990	-0.470	-0.711	-0.586	-0.579	-0.480	-0.880	-0.478	-0.687	-0.478	-0.435	-0.501	-0.437	-0.893	-0.882	-0.901	-0.895	-0.852	+1.467	+1.542	+1.490	+1.497	+0.831	+1.511	+2.337	+1.513	+1.516	+1.402	+1.516	+0.884	+2.238	+1.555	+1.566	+1.584	+1.585	+1.586	+1.595	+1.221	+2.444	+0.958	+2.506	+1.382	+1.683	+1.750	+1.321	+0.630	+1.416	+0.733	+1.425	+1.425	+1.728	+1.383	+0.641	+1.275	+1.279	+1.306	+1.331	+1.873	+1.803	+1.255	+1.262	+1.262	-1.022	-1.027	-1.024	-0.966	-1.064	-1.014	-0.958	-1.016	-1.029	-1.027	-1.032	-1.038	-1.030	-1.029	-1.008	-1.038	-1.044	-1.015	-0.864	-0.810	-0.839	-0.241	-0.408	-0.964	-0.294	+0.006	
rs2415329      -0.847	-0.808	-1.012	-0.961	-0.815	-0.815	-0.815	-0.816	-0.814	-0.981	-0.979	-0.982	-0.980	-1.011	-0.998	-1.062	-0.892	-1.062	-0.836	-0.835	-1.062	-0.792	-0.826	-1.060	-0.849	-0.849	-0.836	-1.058	-1.051	-0.850	-1.051	-0.869	-0.858	-0.938	-1.050	-1.045	-0.596	-0.789	-0.874	-0.874	-0.767	-0.981	-0.982	-0.982	-0.982	-0.982	-0.981	-0.981	-0.981	-0.982	-0.717	-0.393	-0.653	-0.501	-0.494	-0.465	-0.825	-0.463	-0.615	-0.462	-0.420	-0.482	-0.423	-0.838	-0.827	-0.847	-0.841	-0.796	+1.322	+1.392	+1.340	+1.347	+0.731	+1.359	+2.210	+1.361	+1.365	+1.257	+1.364	+0.781	+2.117	+1.400	+1.411	+1.428	+1.428	+1.431	+1.439	+1.117	+2.314	+0.851	+2.370	+1.339	+1.606	+1.671	+1.276	+0.562	+1.370	+0.660	+1.381	+1.381	+1.650	+1.337	+0.573	+1.188	+1.193	+1.215	+1.241	+1.789	+1.721	+1.169	+1.175	+1.219	-0.985	-0.990	-0.987	-0.927	-1.032	-0.976	-0.918	-0.979	-0.992	-0.990	-0.996	-1.001	-0.994	-0.992	-0.977	-1.006	-1.013	-0.980	-0.828	-0.777	-0.807	-0.196	-0.364	-0.934	-0.249	+0.055	
rs9788456      -0.916	-0.886	-1.073	-1.015	-0.893	-0.893	-0.893	-0.893	-0.892	-1.028	-1.027	-1.029	-1.028	-1.072	-1.040	-1.076	-0.925	-1.059	-0.874	-0.873	-1.058	-0.831	-0.865	-1.052	-0.886	-0.886	-0.873	-1.048	-1.036	-0.887	-1.035	-0.903	-0.893	-0.964	-1.038	-1.027	-0.789	-0.611	-0.904	-0.904	-0.842	-0.776	-0.794	-0.794	-0.794	-0.780	-0.780	-0.782	-0.780	-0.784	-0.760	-0.464	-0.706	-0.580	-0.573	-0.518	-0.874	-0.516	-0.681	-0.516	-0.475	-0.532	-0.478	-0.886	-0.876	-0.894	-0.888	-0.846	+1.218	+1.287	+1.237	+1.243	+0.622	+1.256	+2.078	+1.258	+1.261	+1.155	+1.260	+0.669	+1.987	+1.296	+1.306	+1.323	+1.323	+1.326	+1.334	+1.033	+2.180	+0.738	+2.235	+1.217	+1.465	+1.528	+1.156	+0.471	+1.248	+0.566	+1.259	+1.259	+1.508	+1.216	+0.482	+1.062	+1.067	+1.086	+1.111	+1.636	+1.570	+1.044	+1.050	+1.101	-1.015	-1.019	-1.017	-0.964	-1.054	-1.007	-0.956	-1.010	-1.021	-1.020	-1.024	-1.029	-1.022	-1.021	-1.006	-1.032	-1.038	-1.000	-0.860	-0.786	-0.817	-0.225	-0.392	-0.944	-0.272	+0.033	
rs17175276     -0.728	-0.697	-0.914	-0.842	-0.704	-0.704	-0.704	-0.705	-0.703	-0.859	-0.857	-0.860	-0.858	-0.914	-0.874	-0.935	-0.738	-0.936	-0.688	-0.687	-0.936	-0.648	-0.679	-0.934	-0.700	-0.701	-0.688	-0.932	-0.925	-0.701	-0.924	-0.717	-0.707	-0.760	-0.928	-0.922	-0.874	-0.904	-0.438	-0.553	-0.892	-0.922	-0.926	-0.926	-0.926	-0.922	-0.922	-0.923	-0.922	-0.923	-0.882	-0.289	-0.531	-0.409	-0.402	-0.313	-0.704	-0.311	-0.512	-0.310	-0.267	-0.325	-0.270	-0.717	-0.706	-0.725	-0.719	-0.675	+1.540	+1.612	+1.559	+1.566	+0.913	+1.579	+2.440	+1.581	+1.585	+1.474	+1.584	+0.963	+2.346	+1.621	+1.632	+1.650	+1.650	+1.653	+1.661	+1.337	+2.547	+1.035	+2.615	+1.531	+1.790	+1.855	+1.468	+0.750	+1.563	+0.849	+1.574	+1.574	+1.834	+1.529	+0.761	+1.355	+1.361	+1.380	+1.405	+1.988	+1.919	+1.337	+1.343	+1.410	-0.853	-0.857	-0.855	-0.799	-0.892	-0.845	-0.791	-0.847	-0.859	-0.858	-0.863	-0.868	-0.861	-0.859	-0.838	-0.868	-0.874	-0.842	-0.676	-0.631	-0.660	-0.059	-0.228	-0.786	-0.112	+0.184	
rs28690192     -0.727	-0.696	-0.914	-0.841	-0.704	-0.704	-0.704	-0.704	-0.703	-0.858	-0.857	-0.859	-0.858	-0.913	-0.874	-0.935	-0.738	-0.936	-0.688	-0.687	-0.936	-0.648	-0.679	-0.934	-0.700	-0.701	-0.688	-0.931	-0.925	-0.701	-0.924	-0.717	-0.707	-0.760	-0.927	-0.922	-0.874	-0.904	-0.553	-0.438	-0.891	-0.921	-0.925	-0.925	-0.925	-0.922	-0.922	-0.922	-0.922	-0.922	-0.881	-0.290	-0.531	-0.409	-0.402	-0.312	-0.704	-0.310	-0.512	-0.310	-0.267	-0.324	-0.270	-0.717	-0.706	-0.725	-0.719	-0.675	+1.541	+1.613	+1.561	+1.567	+0.914	+1.581	+2.441	+1.582	+1.586	+1.475	+1.585	+0.964	+2.348	+1.622	+1.633	+1.651	+1.652	+1.654	+1.662	+1.338	+2.548	+1.036	+2.617	+1.532	+1.791	+1.856	+1.469	+0.750	+1.564	+0.850	+1.575	+1.575	+1.836	+1.530	+0.762	+1.357	+1.362	+1.381	+1.407	+1.990	+1.920	+1.338	+1.344	+1.411	-0.853	-0.857	-0.854	-0.799	-0.892	-0.845	-0.790	-0.847	-0.859	-0.857	-0.862	-0.867	-0.860	-0.859	-0.838	-0.867	-0.873	-0.841	-0.675	-0.630	-0.660	-0.059	-0.228	-0.786	-0.111	+0.184	
