## Summary of overall evidence for association with region:
## log10(BF for region) = -0.415749
## p-value for region = NA

## BFs for choosing among multi-SNP models:
## log10(average 1-SNP BF) = -0.356038
## log10(average 2-SNP BF) = -0.567423

## Example posterior probabilities for multi-SNP models, based on default prior: [p(l) propto 0.5^l for l=1,2,...,L]
## posterior probability of 1-SNP = 0.764926
## posterior probability of 2-SNP = 0.235074

## log10(BF) for single SNP and pair of SNPs:
rs729229       -0.506	-0.620	-0.623	-0.581	-0.722	-0.565	-0.752	-0.656	-0.577	-0.579	-0.598	-0.585	-0.572	-0.925	-0.525	-0.570	-0.705	-0.815	-0.609	-0.812	-0.573	-0.524	-0.813	-0.616	-0.561	-0.697	-0.571	-0.814	-0.813	-0.575	-0.742	-0.815	-0.577	-0.736	-0.813	-0.702	-0.636	-0.833	-0.692	-0.811	-0.812	-0.811	-0.638	-0.835	-0.690	-0.817	-0.807	-0.810	-0.832	-0.808	-0.809	-0.720	-0.735	-0.730	-0.807	-0.775	-0.775	-0.809	-0.808	-0.808	-0.778	-0.805	-0.684	-0.810	-0.883	-0.808	-0.870	-0.889	-0.760	-0.807	-0.807	-0.811	-0.811	-0.807	-0.795	-0.807	-0.698	-0.806	-0.812	-0.833	-0.719	-0.800	-0.824	-0.786	-0.684	-0.834	-0.657	-0.406	-0.812	-0.509	-0.662	-0.853	-0.553	-0.543	-0.534	-0.538	-0.577	-0.578	-0.864	-0.579	
rs7193875      -0.620	-0.469	-0.606	-0.566	-0.700	-0.550	-0.719	-0.638	-0.558	-0.561	-0.579	-0.566	-0.511	-0.879	-0.507	-0.551	-0.644	-0.764	-0.589	-0.755	-0.554	-0.506	-0.756	-0.596	-0.543	-0.627	-0.552	-0.757	-0.757	-0.556	-0.683	-0.761	-0.558	-0.676	-0.755	-0.633	-0.615	-0.804	-0.631	-0.783	-0.784	-0.752	-0.617	-0.806	-0.629	-0.789	-0.780	-0.782	-0.803	-0.747	-0.748	-0.691	-0.676	-0.670	-0.779	-0.749	-0.749	-0.748	-0.747	-0.747	-0.751	-0.777	-0.622	-0.782	-0.827	-0.746	-0.813	-0.858	-0.742	-0.744	-0.744	-0.783	-0.783	-0.745	-0.768	-0.744	-0.637	-0.744	-0.784	-0.804	-0.659	-0.772	-0.795	-0.715	-0.624	-0.804	-0.635	-0.360	-0.775	-0.466	-0.618	-0.817	-0.510	-0.500	-0.490	-0.495	-0.535	-0.536	-0.828	-0.536	
rs9924714      -0.623	-0.606	-0.201	-0.289	-0.595	-0.271	-0.453	-0.370	-0.406	-0.409	-0.421	-0.413	-0.553	-0.591	-0.376	-0.409	-0.640	-0.639	-0.438	-0.641	-0.415	-0.377	-0.642	-0.444	-0.409	-0.658	-0.415	-0.642	-0.642	-0.418	-0.655	-0.641	-0.420	-0.653	-0.642	-0.659	-0.456	-0.512	-0.632	-0.519	-0.519	-0.642	-0.457	-0.511	-0.631	-0.518	-0.519	-0.519	-0.513	-0.643	-0.643	-0.484	-0.653	-0.650	-0.519	-0.518	-0.518	-0.643	-0.643	-0.643	-0.519	-0.518	-0.628	-0.519	-0.685	-0.643	-0.688	-0.422	-0.565	-0.643	-0.643	-0.519	-0.519	-0.642	-0.521	-0.642	-0.633	-0.642	-0.518	-0.511	-0.639	-0.512	-0.505	-0.629	-0.615	-0.496	-0.467	-0.119	-0.519	-0.175	-0.354	-0.565	-0.222	-0.210	-0.201	-0.206	-0.248	-0.249	-0.575	-0.249	
rs12444679     -0.581	-0.566	-0.289	-0.154	-0.554	-0.245	-0.407	-0.328	-0.378	-0.381	-0.392	-0.384	-0.519	-0.538	-0.352	-0.382	-0.602	-0.595	-0.407	-0.597	-0.388	-0.354	-0.598	-0.415	-0.383	-0.618	-0.388	-0.598	-0.598	-0.391	-0.616	-0.597	-0.392	-0.614	-0.598	-0.619	-0.424	-0.460	-0.595	-0.469	-0.466	-0.598	-0.425	-0.457	-0.594	-0.468	-0.468	-0.467	-0.461	-0.598	-0.598	-0.441	-0.614	-0.611	-0.468	-0.471	-0.471	-0.598	-0.598	-0.598	-0.471	-0.470	-0.591	-0.467	-0.640	-0.598	-0.642	-0.342	-0.524	-0.598	-0.598	-0.467	-0.467	-0.598	-0.472	-0.598	-0.595	-0.598	-0.466	-0.456	-0.601	-0.461	-0.451	-0.584	-0.577	-0.440	-0.432	-0.075	-0.474	-0.129	-0.304	-0.519	-0.176	-0.165	-0.155	-0.160	-0.202	-0.203	-0.530	-0.204	
rs56342387     -0.722	-0.700	-0.595	-0.554	-0.462	-0.538	-0.712	-0.627	-0.546	-0.549	-0.567	-0.554	-0.437	-0.885	-0.495	-0.539	-0.572	-0.694	-0.577	-0.675	-0.542	-0.493	-0.677	-0.584	-0.531	-0.549	-0.540	-0.678	-0.678	-0.544	-0.616	-0.686	-0.546	-0.609	-0.675	-0.555	-0.604	-0.796	-0.559	-0.774	-0.776	-0.669	-0.606	-0.798	-0.556	-0.780	-0.771	-0.773	-0.794	-0.660	-0.662	-0.682	-0.609	-0.602	-0.770	-0.739	-0.740	-0.661	-0.659	-0.659	-0.742	-0.768	-0.549	-0.773	-0.778	-0.659	-0.761	-0.851	-0.695	-0.656	-0.655	-0.774	-0.775	-0.656	-0.759	-0.656	-0.565	-0.655	-0.775	-0.796	-0.591	-0.763	-0.786	-0.617	-0.554	-0.796	-0.623	-0.353	-0.771	-0.458	-0.619	-0.812	-0.503	-0.493	-0.483	-0.488	-0.527	-0.528	-0.823	-0.529	
rs4785210      -0.565	-0.550	-0.271	-0.245	-0.538	-0.136	-0.389	-0.309	-0.367	-0.370	-0.380	-0.373	-0.506	-0.518	-0.343	-0.372	-0.587	-0.579	-0.395	-0.581	-0.377	-0.345	-0.581	-0.403	-0.372	-0.603	-0.378	-0.581	-0.581	-0.380	-0.602	-0.580	-0.381	-0.599	-0.581	-0.604	-0.412	-0.439	-0.581	-0.450	-0.447	-0.582	-0.413	-0.436	-0.580	-0.448	-0.449	-0.448	-0.440	-0.582	-0.582	-0.425	-0.599	-0.597	-0.449	-0.453	-0.453	-0.582	-0.582	-0.582	-0.453	-0.451	-0.577	-0.448	-0.622	-0.581	-0.625	-0.313	-0.508	-0.581	-0.581	-0.447	-0.447	-0.581	-0.453	-0.581	-0.581	-0.581	-0.446	-0.435	-0.586	-0.442	-0.430	-0.567	-0.563	-0.419	-0.419	-0.056	-0.457	-0.110	-0.286	-0.503	-0.157	-0.146	-0.136	-0.141	-0.183	-0.184	-0.513	-0.185	
rs139682485    -0.752	-0.719	-0.453	-0.407	-0.712	-0.389	-0.365	-0.491	-0.426	-0.429	-0.449	-0.435	-0.573	-0.855	-0.372	-0.419	-0.705	-0.789	-0.458	-0.797	-0.422	-0.371	-0.797	-0.466	-0.410	-0.743	-0.419	-0.797	-0.797	-0.424	-0.731	-0.794	-0.426	-0.726	-0.798	-0.746	-0.487	-0.700	-0.693	-0.676	-0.677	-0.800	-0.489	-0.702	-0.692	-0.682	-0.672	-0.675	-0.698	-0.803	-0.802	-0.585	-0.726	-0.722	-0.671	-0.638	-0.638	-0.802	-0.803	-0.803	-0.641	-0.670	-0.687	-0.675	-0.860	-0.803	-0.855	-0.756	-0.680	-0.804	-0.804	-0.676	-0.676	-0.804	-0.659	-0.804	-0.697	-0.804	-0.677	-0.700	-0.710	-0.665	-0.691	-0.801	-0.678	-0.703	-0.506	-0.295	-0.686	-0.396	-0.567	-0.732	-0.439	-0.430	-0.420	-0.425	-0.463	-0.464	-0.741	-0.465	
rs4785211      -0.656	-0.638	-0.370	-0.328	-0.627	-0.309	-0.491	-0.237	-0.423	-0.426	-0.439	-0.431	-0.579	-0.632	-0.390	-0.425	-0.669	-0.673	-0.450	-0.675	-0.424	-0.390	-0.675	-0.457	-0.418	-0.687	-0.425	-0.676	-0.676	-0.428	-0.686	-0.675	-0.430	-0.684	-0.676	-0.689	-0.469	-0.535	-0.663	-0.542	-0.542	-0.676	-0.470	-0.534	-0.662	-0.541	-0.543	-0.543	-0.536	-0.677	-0.677	-0.515	-0.684	-0.681	-0.543	-0.541	-0.541	-0.676	-0.677	-0.677	-0.542	-0.541	-0.659	-0.543	-0.717	-0.676	-0.719	-0.440	-0.598	-0.677	-0.677	-0.542	-0.542	-0.676	-0.544	-0.676	-0.664	-0.676	-0.542	-0.534	-0.670	-0.536	-0.528	-0.663	-0.646	-0.520	-0.498	-0.138	-0.555	-0.197	-0.378	-0.599	-0.244	-0.233	-0.223	-0.228	-0.271	-0.272	-0.609	-0.272	
rs63423061     -0.577	-0.558	-0.406	-0.378	-0.546	-0.367	-0.426	-0.423	-0.149	-0.252	-0.268	-0.257	-0.523	-0.472	-0.250	-0.289	-0.602	-0.593	-0.318	-0.594	-0.298	-0.244	-0.595	-0.330	-0.295	-0.608	-0.302	-0.595	-0.595	-0.305	-0.616	-0.595	-0.306	-0.613	-0.595	-0.609	-0.338	-0.358	-0.595	-0.383	-0.377	-0.595	-0.339	-0.350	-0.594	-0.390	-0.382	-0.380	-0.360	-0.595	-0.595	-0.414	-0.613	-0.611	-0.383	-0.416	-0.416	-0.595	-0.595	-0.595	-0.415	-0.406	-0.591	-0.380	-0.625	-0.594	-0.629	-0.364	-0.527	-0.594	-0.594	-0.380	-0.379	-0.594	-0.399	-0.594	-0.597	-0.594	-0.378	-0.351	-0.601	-0.380	-0.353	-0.579	-0.580	-0.342	-0.441	-0.108	-0.464	-0.158	-0.308	-0.514	-0.203	-0.192	-0.183	-0.187	-0.227	-0.228	-0.525	-0.229	
rs3826173      -0.579	-0.561	-0.409	-0.381	-0.549	-0.370	-0.429	-0.426	-0.252	-0.152	-0.271	-0.260	-0.525	-0.475	-0.252	-0.291	-0.604	-0.596	-0.320	-0.597	-0.300	-0.244	-0.597	-0.331	-0.296	-0.611	-0.303	-0.597	-0.598	-0.306	-0.618	-0.597	-0.308	-0.616	-0.598	-0.611	-0.340	-0.360	-0.597	-0.386	-0.380	-0.598	-0.341	-0.353	-0.597	-0.393	-0.385	-0.383	-0.363	-0.598	-0.597	-0.416	-0.616	-0.614	-0.386	-0.419	-0.419	-0.597	-0.597	-0.597	-0.418	-0.408	-0.594	-0.383	-0.628	-0.597	-0.632	-0.368	-0.530	-0.597	-0.597	-0.382	-0.382	-0.597	-0.402	-0.597	-0.599	-0.596	-0.381	-0.354	-0.604	-0.383	-0.356	-0.581	-0.582	-0.345	-0.443	-0.110	-0.466	-0.161	-0.311	-0.517	-0.205	-0.195	-0.185	-0.190	-0.230	-0.231	-0.528	-0.232	
rs62029962     -0.598	-0.579	-0.421	-0.392	-0.567	-0.380	-0.449	-0.439	-0.268	-0.271	-0.174	-0.278	-0.540	-0.499	-0.260	-0.297	-0.622	-0.616	-0.336	-0.617	-0.311	-0.250	-0.617	-0.341	-0.307	-0.629	-0.315	-0.618	-0.618	-0.318	-0.636	-0.617	-0.320	-0.633	-0.618	-0.629	-0.352	-0.385	-0.615	-0.411	-0.410	-0.618	-0.353	-0.385	-0.614	-0.417	-0.415	-0.412	-0.388	-0.618	-0.618	-0.437	-0.633	-0.631	-0.415	-0.444	-0.444	-0.618	-0.618	-0.618	-0.443	-0.431	-0.611	-0.413	-0.648	-0.617	-0.652	-0.401	-0.548	-0.617	-0.617	-0.412	-0.412	-0.617	-0.429	-0.617	-0.617	-0.617	-0.411	-0.386	-0.621	-0.412	-0.387	-0.602	-0.599	-0.376	-0.459	-0.130	-0.487	-0.181	-0.332	-0.537	-0.226	-0.215	-0.206	-0.211	-0.251	-0.252	-0.549	-0.252	
rs11649380     -0.585	-0.566	-0.413	-0.384	-0.554	-0.373	-0.435	-0.431	-0.257	-0.260	-0.278	-0.159	-0.529	-0.483	-0.253	-0.294	-0.610	-0.602	-0.324	-0.603	-0.302	-0.245	-0.604	-0.336	-0.299	-0.616	-0.306	-0.604	-0.604	-0.309	-0.624	-0.603	-0.311	-0.621	-0.604	-0.617	-0.345	-0.372	-0.603	-0.397	-0.391	-0.604	-0.346	-0.365	-0.602	-0.404	-0.396	-0.393	-0.375	-0.604	-0.604	-0.423	-0.621	-0.619	-0.396	-0.427	-0.427	-0.604	-0.604	-0.604	-0.427	-0.418	-0.599	-0.394	-0.635	-0.603	-0.639	-0.380	-0.536	-0.603	-0.603	-0.393	-0.393	-0.603	-0.412	-0.603	-0.605	-0.603	-0.391	-0.366	-0.609	-0.393	-0.367	-0.588	-0.587	-0.356	-0.448	-0.116	-0.473	-0.168	-0.318	-0.523	-0.212	-0.201	-0.192	-0.197	-0.237	-0.238	-0.534	-0.239	
rs28510819     -0.572	-0.511	-0.553	-0.519	-0.437	-0.506	-0.573	-0.579	-0.523	-0.525	-0.540	-0.529	-0.323	-0.718	-0.481	-0.518	-0.489	-0.546	-0.547	-0.574	-0.520	-0.481	-0.574	-0.554	-0.511	-0.696	-0.518	-0.574	-0.575	-0.521	-0.493	-0.565	-0.523	-0.500	-0.578	-0.696	-0.570	-0.689	-0.549	-0.678	-0.679	-0.585	-0.571	-0.690	-0.550	-0.682	-0.676	-0.678	-0.688	-0.595	-0.593	-0.598	-0.503	-0.509	-0.676	-0.658	-0.658	-0.593	-0.595	-0.595	-0.660	-0.676	-0.552	-0.677	-0.643	-0.598	-0.656	-0.724	-0.332	-0.601	-0.601	-0.678	-0.678	-0.601	-0.668	-0.601	-0.543	-0.601	-0.678	-0.688	-0.534	-0.668	-0.679	-0.633	-0.565	-0.679	-0.585	-0.309	-0.591	-0.396	-0.518	-0.670	-0.435	-0.426	-0.417	-0.421	-0.456	-0.457	-0.680	-0.458	
rs9926131      -0.925	-0.879	-0.591	-0.538	-0.885	-0.518	-0.855	-0.632	-0.472	-0.475	-0.499	-0.483	-0.718	-0.624	-0.390	-0.455	-0.880	-0.987	-0.517	-0.999	-0.467	-0.390	-0.999	-0.524	-0.451	-0.964	-0.463	-0.999	-0.999	-0.469	-0.912	-0.995	-0.473	-0.907	-1.001	-0.967	-0.552	-0.815	-0.867	-0.779	-0.782	-1.003	-0.555	-0.819	-0.865	-0.789	-0.774	-0.778	-0.813	-1.007	-1.006	-0.714	-0.907	-0.901	-0.773	-0.725	-0.725	-1.006	-1.007	-1.007	-0.729	-0.771	-0.859	-0.779	-1.087	-1.008	-1.080	-0.922	-0.860	-1.009	-1.009	-0.780	-0.781	-1.008	-0.760	-1.009	-0.873	-1.008	-0.782	-0.818	-0.890	-0.772	-0.812	-1.010	-0.858	-0.842	-0.602	-0.547	-0.927	-0.637	-0.803	-0.966	-0.679	-0.671	-0.661	-0.665	-0.703	-0.704	-0.976	-0.705	
rs3813755      -0.525	-0.507	-0.376	-0.352	-0.495	-0.343	-0.372	-0.390	-0.250	-0.252	-0.260	-0.253	-0.481	-0.390	-0.091	-0.224	-0.555	-0.540	-0.262	-0.541	-0.255	-0.209	-0.541	-0.270	-0.252	-0.556	-0.256	-0.541	-0.541	-0.258	-0.567	-0.541	-0.258	-0.565	-0.541	-0.557	-0.272	-0.265	-0.549	-0.299	-0.291	-0.541	-0.272	-0.255	-0.548	-0.308	-0.298	-0.295	-0.268	-0.541	-0.541	-0.358	-0.565	-0.563	-0.299	-0.346	-0.346	-0.541	-0.541	-0.541	-0.344	-0.328	-0.545	-0.295	-0.565	-0.540	-0.570	-0.283	-0.476	-0.540	-0.540	-0.294	-0.294	-0.540	-0.321	-0.540	-0.550	-0.540	-0.292	-0.257	-0.554	-0.297	-0.261	-0.524	-0.533	-0.248	-0.399	-0.051	-0.406	-0.099	-0.250	-0.459	-0.144	-0.133	-0.124	-0.129	-0.169	-0.170	-0.471	-0.171	
rs1872691      -0.570	-0.551	-0.409	-0.382	-0.539	-0.372	-0.419	-0.425	-0.289	-0.291	-0.297	-0.294	-0.518	-0.455	-0.224	-0.142	-0.597	-0.587	-0.307	-0.589	-0.288	-0.224	-0.589	-0.308	-0.282	-0.600	-0.288	-0.589	-0.589	-0.291	-0.610	-0.589	-0.293	-0.608	-0.589	-0.601	-0.315	-0.334	-0.590	-0.362	-0.363	-0.589	-0.316	-0.334	-0.589	-0.371	-0.369	-0.366	-0.337	-0.589	-0.589	-0.407	-0.608	-0.605	-0.370	-0.405	-0.405	-0.589	-0.589	-0.589	-0.405	-0.388	-0.586	-0.366	-0.615	-0.589	-0.619	-0.357	-0.520	-0.589	-0.589	-0.366	-0.365	-0.589	-0.387	-0.589	-0.592	-0.588	-0.364	-0.336	-0.596	-0.366	-0.338	-0.573	-0.575	-0.326	-0.437	-0.100	-0.455	-0.149	-0.301	-0.508	-0.194	-0.184	-0.175	-0.179	-0.219	-0.220	-0.519	-0.221	
rs1064448      -0.705	-0.644	-0.640	-0.602	-0.572	-0.587	-0.705	-0.669	-0.602	-0.604	-0.622	-0.610	-0.489	-0.880	-0.555	-0.597	-0.463	-0.685	-0.631	-0.712	-0.599	-0.554	-0.712	-0.638	-0.589	-0.803	-0.597	-0.711	-0.712	-0.601	-0.634	-0.703	-0.603	-0.634	-0.715	-0.804	-0.656	-0.810	-0.633	-0.795	-0.796	-0.722	-0.657	-0.811	-0.631	-0.800	-0.792	-0.794	-0.809	-0.732	-0.730	-0.711	-0.635	-0.635	-0.792	-0.768	-0.768	-0.730	-0.731	-0.732	-0.770	-0.791	-0.627	-0.794	-0.800	-0.735	-0.809	-0.854	-0.472	-0.738	-0.738	-0.795	-0.795	-0.737	-0.782	-0.738	-0.634	-0.738	-0.795	-0.810	-0.648	-0.784	-0.801	-0.768	-0.652	-0.804	-0.675	-0.437	-0.739	-0.525	-0.654	-0.806	-0.564	-0.555	-0.547	-0.551	-0.586	-0.587	-0.816	-0.587	
rs4785407      -0.815	-0.764	-0.639	-0.595	-0.694	-0.579	-0.789	-0.673	-0.593	-0.596	-0.616	-0.602	-0.546	-0.987	-0.540	-0.587	-0.685	-0.552	-0.627	-0.685	-0.589	-0.539	-0.687	-0.635	-0.578	-0.670	-0.587	-0.688	-0.688	-0.592	-0.727	-0.693	-0.594	-0.720	-0.686	-0.675	-0.655	-0.866	-0.671	-0.842	-0.843	-0.682	-0.657	-0.868	-0.668	-0.848	-0.838	-0.841	-0.864	-0.672	-0.674	-0.751	-0.719	-0.713	-0.837	-0.804	-0.804	-0.674	-0.672	-0.672	-0.806	-0.835	-0.661	-0.841	-0.883	-0.676	-0.868	-0.925	-0.482	-0.672	-0.672	-0.842	-0.842	-0.673	-0.825	-0.673	-0.677	-0.672	-0.843	-0.866	-0.701	-0.831	-0.857	-0.657	-0.665	-0.869	-0.679	-0.460	-0.858	-0.560	-0.704	-0.894	-0.603	-0.594	-0.585	-0.589	-0.627	-0.628	-0.906	-0.629	
rs7195228      -0.609	-0.589	-0.438	-0.407	-0.577	-0.395	-0.458	-0.450	-0.318	-0.320	-0.336	-0.324	-0.547	-0.517	-0.262	-0.307	-0.631	-0.627	-0.185	-0.628	-0.258	-0.245	-0.628	-0.313	-0.252	-0.636	-0.265	-0.628	-0.628	-0.271	-0.645	-0.628	-0.275	-0.643	-0.629	-0.637	-0.325	-0.371	-0.624	-0.399	-0.393	-0.629	-0.326	-0.363	-0.623	-0.408	-0.398	-0.396	-0.374	-0.629	-0.629	-0.448	-0.643	-0.640	-0.399	-0.435	-0.435	-0.629	-0.628	-0.628	-0.435	-0.424	-0.620	-0.396	-0.656	-0.628	-0.660	-0.389	-0.559	-0.628	-0.628	-0.395	-0.395	-0.628	-0.417	-0.628	-0.626	-0.628	-0.393	-0.364	-0.631	-0.397	-0.367	-0.613	-0.609	-0.357	-0.470	-0.124	-0.499	-0.176	-0.331	-0.548	-0.222	-0.211	-0.201	-0.206	-0.247	-0.248	-0.559	-0.249	
rs72786265     -0.812	-0.755	-0.641	-0.597	-0.675	-0.581	-0.797	-0.675	-0.594	-0.597	-0.617	-0.603	-0.574	-0.999	-0.541	-0.589	-0.712	-0.685	-0.628	-0.561	-0.590	-0.540	-0.692	-0.636	-0.579	-0.701	-0.588	-0.693	-0.693	-0.593	-0.752	-0.691	-0.595	-0.745	-0.694	-0.706	-0.657	-0.871	-0.697	-0.847	-0.849	-0.694	-0.659	-0.873	-0.695	-0.853	-0.843	-0.846	-0.870	-0.692	-0.692	-0.756	-0.745	-0.739	-0.842	-0.808	-0.808	-0.692	-0.691	-0.691	-0.811	-0.840	-0.688	-0.846	-0.904	-0.696	-0.890	-0.931	-0.364	-0.694	-0.694	-0.847	-0.847	-0.695	-0.830	-0.695	-0.703	-0.694	-0.848	-0.872	-0.727	-0.836	-0.863	-0.691	-0.691	-0.875	-0.682	-0.471	-0.867	-0.571	-0.716	-0.903	-0.614	-0.605	-0.595	-0.600	-0.638	-0.639	-0.914	-0.640	
rs7196135      -0.573	-0.554	-0.415	-0.388	-0.542	-0.377	-0.422	-0.424	-0.298	-0.300	-0.311	-0.302	-0.520	-0.467	-0.255	-0.288	-0.599	-0.589	-0.258	-0.590	-0.145	-0.240	-0.591	-0.275	-0.243	-0.602	-0.251	-0.591	-0.591	-0.254	-0.612	-0.591	-0.257	-0.610	-0.591	-0.602	-0.279	-0.300	-0.593	-0.337	-0.328	-0.591	-0.280	-0.290	-0.592	-0.346	-0.336	-0.332	-0.303	-0.591	-0.591	-0.409	-0.610	-0.608	-0.337	-0.385	-0.385	-0.591	-0.591	-0.591	-0.384	-0.368	-0.589	-0.333	-0.614	-0.590	-0.619	-0.322	-0.524	-0.590	-0.590	-0.332	-0.332	-0.590	-0.361	-0.590	-0.595	-0.590	-0.330	-0.293	-0.598	-0.336	-0.298	-0.574	-0.578	-0.287	-0.442	-0.085	-0.459	-0.135	-0.291	-0.510	-0.181	-0.170	-0.161	-0.166	-0.207	-0.208	-0.521	-0.209	
rs7184802      -0.524	-0.506	-0.377	-0.354	-0.493	-0.345	-0.371	-0.390	-0.244	-0.244	-0.250	-0.245	-0.481	-0.390	-0.209	-0.224	-0.554	-0.539	-0.245	-0.540	-0.240	-0.090	-0.540	-0.250	-0.238	-0.554	-0.241	-0.540	-0.540	-0.243	-0.566	-0.540	-0.244	-0.564	-0.540	-0.555	-0.250	-0.243	-0.548	-0.283	-0.273	-0.540	-0.250	-0.232	-0.548	-0.291	-0.281	-0.277	-0.247	-0.540	-0.540	-0.353	-0.564	-0.562	-0.282	-0.334	-0.334	-0.540	-0.540	-0.540	-0.333	-0.314	-0.545	-0.278	-0.562	-0.539	-0.567	-0.267	-0.475	-0.539	-0.539	-0.277	-0.277	-0.539	-0.308	-0.539	-0.550	-0.539	-0.275	-0.236	-0.553	-0.282	-0.243	-0.523	-0.533	-0.232	-0.399	-0.050	-0.405	-0.097	-0.247	-0.458	-0.143	-0.132	-0.123	-0.127	-0.168	-0.169	-0.470	-0.169	
rs66973381     -0.813	-0.756	-0.642	-0.598	-0.677	-0.581	-0.797	-0.675	-0.595	-0.597	-0.617	-0.604	-0.574	-0.999	-0.541	-0.589	-0.712	-0.687	-0.628	-0.692	-0.591	-0.540	-0.561	-0.636	-0.579	-0.701	-0.588	-0.693	-0.693	-0.593	-0.752	-0.691	-0.595	-0.745	-0.694	-0.706	-0.657	-0.871	-0.698	-0.847	-0.849	-0.694	-0.659	-0.873	-0.695	-0.853	-0.843	-0.846	-0.870	-0.691	-0.692	-0.757	-0.745	-0.739	-0.843	-0.808	-0.808	-0.692	-0.691	-0.691	-0.811	-0.840	-0.688	-0.846	-0.904	-0.696	-0.890	-0.931	-0.364	-0.694	-0.694	-0.847	-0.848	-0.695	-0.830	-0.695	-0.704	-0.694	-0.848	-0.872	-0.727	-0.837	-0.863	-0.691	-0.691	-0.875	-0.682	-0.471	-0.868	-0.572	-0.716	-0.903	-0.614	-0.605	-0.596	-0.600	-0.638	-0.639	-0.915	-0.640	
rs7204026      -0.616	-0.596	-0.444	-0.415	-0.584	-0.403	-0.466	-0.457	-0.330	-0.331	-0.341	-0.336	-0.554	-0.524	-0.270	-0.308	-0.638	-0.635	-0.313	-0.636	-0.275	-0.250	-0.636	-0.194	-0.254	-0.643	-0.267	-0.637	-0.637	-0.273	-0.652	-0.636	-0.277	-0.650	-0.637	-0.643	-0.308	-0.367	-0.631	-0.403	-0.402	-0.637	-0.310	-0.367	-0.630	-0.407	-0.408	-0.405	-0.370	-0.637	-0.637	-0.456	-0.650	-0.648	-0.409	-0.444	-0.444	-0.637	-0.637	-0.637	-0.443	-0.424	-0.627	-0.405	-0.661	-0.637	-0.665	-0.406	-0.566	-0.636	-0.636	-0.405	-0.405	-0.636	-0.426	-0.636	-0.633	-0.636	-0.403	-0.369	-0.638	-0.406	-0.372	-0.622	-0.616	-0.362	-0.477	-0.130	-0.506	-0.182	-0.338	-0.556	-0.228	-0.217	-0.208	-0.212	-0.253	-0.254	-0.568	-0.255	
rs7193683      -0.561	-0.543	-0.409	-0.383	-0.531	-0.372	-0.410	-0.418	-0.295	-0.296	-0.307	-0.299	-0.511	-0.451	-0.252	-0.282	-0.589	-0.578	-0.252	-0.579	-0.243	-0.238	-0.579	-0.254	-0.132	-0.590	-0.234	-0.579	-0.579	-0.236	-0.602	-0.579	-0.239	-0.600	-0.579	-0.591	-0.250	-0.273	-0.583	-0.313	-0.305	-0.579	-0.250	-0.262	-0.582	-0.323	-0.312	-0.309	-0.277	-0.579	-0.579	-0.396	-0.600	-0.598	-0.313	-0.366	-0.366	-0.579	-0.579	-0.579	-0.365	-0.347	-0.579	-0.309	-0.601	-0.578	-0.605	-0.304	-0.513	-0.578	-0.578	-0.308	-0.308	-0.578	-0.340	-0.578	-0.585	-0.578	-0.306	-0.265	-0.588	-0.313	-0.272	-0.562	-0.568	-0.261	-0.433	-0.072	-0.447	-0.121	-0.277	-0.498	-0.167	-0.156	-0.146	-0.151	-0.193	-0.194	-0.509	-0.194	
rs8046783      -0.697	-0.627	-0.658	-0.618	-0.549	-0.603	-0.743	-0.687	-0.608	-0.611	-0.629	-0.616	-0.696	-0.964	-0.556	-0.600	-0.803	-0.670	-0.636	-0.701	-0.602	-0.554	-0.701	-0.643	-0.590	-0.499	-0.599	-0.700	-0.701	-0.603	-0.817	-0.690	-0.605	-0.814	-0.705	-0.632	-0.661	-0.830	-0.789	-0.815	-0.816	-0.713	-0.663	-0.831	-0.788	-0.820	-0.813	-0.815	-0.829	-0.724	-0.721	-0.738	-0.814	-0.811	-0.812	-0.790	-0.790	-0.722	-0.724	-0.724	-0.792	-0.812	-0.784	-0.815	-0.636	-0.727	-0.661	-0.877	-0.432	-0.731	-0.731	-0.815	-0.816	-0.730	-0.804	-0.731	-0.793	-0.731	-0.816	-0.830	-0.804	-0.805	-0.821	-0.768	-0.785	-0.825	-0.669	-0.460	-0.804	-0.532	-0.696	-0.849	-0.574	-0.564	-0.555	-0.559	-0.596	-0.597	-0.857	-0.598	
rs11644043     -0.571	-0.552	-0.415	-0.388	-0.540	-0.378	-0.419	-0.425	-0.302	-0.303	-0.315	-0.306	-0.518	-0.463	-0.256	-0.288	-0.597	-0.587	-0.265	-0.588	-0.251	-0.241	-0.588	-0.267	-0.234	-0.599	-0.143	-0.589	-0.589	-0.242	-0.610	-0.588	-0.245	-0.608	-0.589	-0.599	-0.263	-0.289	-0.591	-0.328	-0.319	-0.589	-0.263	-0.279	-0.590	-0.338	-0.327	-0.323	-0.293	-0.588	-0.588	-0.406	-0.608	-0.606	-0.328	-0.379	-0.378	-0.588	-0.588	-0.588	-0.377	-0.360	-0.587	-0.324	-0.611	-0.588	-0.615	-0.320	-0.522	-0.588	-0.588	-0.323	-0.322	-0.588	-0.353	-0.588	-0.593	-0.587	-0.320	-0.281	-0.596	-0.327	-0.287	-0.572	-0.576	-0.277	-0.440	-0.081	-0.456	-0.131	-0.287	-0.507	-0.177	-0.166	-0.157	-0.162	-0.203	-0.204	-0.519	-0.205	
rs4785408      -0.814	-0.757	-0.642	-0.598	-0.678	-0.581	-0.797	-0.676	-0.595	-0.597	-0.618	-0.604	-0.574	-0.999	-0.541	-0.589	-0.711	-0.688	-0.628	-0.693	-0.591	-0.540	-0.693	-0.637	-0.579	-0.700	-0.589	-0.561	-0.691	-0.593	-0.751	-0.689	-0.596	-0.744	-0.691	-0.705	-0.657	-0.871	-0.697	-0.847	-0.849	-0.691	-0.659	-0.874	-0.694	-0.853	-0.843	-0.846	-0.870	-0.687	-0.688	-0.757	-0.744	-0.738	-0.843	-0.808	-0.808	-0.688	-0.687	-0.687	-0.811	-0.840	-0.687	-0.846	-0.903	-0.693	-0.890	-0.931	-0.359	-0.691	-0.691	-0.847	-0.848	-0.691	-0.830	-0.691	-0.703	-0.691	-0.848	-0.872	-0.726	-0.837	-0.863	-0.688	-0.690	-0.875	-0.682	-0.471	-0.868	-0.571	-0.716	-0.903	-0.614	-0.605	-0.595	-0.599	-0.638	-0.639	-0.915	-0.640	
rs4785409      -0.813	-0.757	-0.642	-0.598	-0.678	-0.581	-0.797	-0.676	-0.595	-0.598	-0.618	-0.604	-0.575	-0.999	-0.541	-0.589	-0.712	-0.688	-0.628	-0.693	-0.591	-0.540	-0.693	-0.637	-0.579	-0.701	-0.589	-0.691	-0.562	-0.593	-0.752	-0.689	-0.596	-0.745	-0.692	-0.707	-0.657	-0.872	-0.698	-0.848	-0.849	-0.692	-0.660	-0.874	-0.695	-0.853	-0.844	-0.847	-0.870	-0.688	-0.689	-0.757	-0.745	-0.739	-0.843	-0.808	-0.809	-0.689	-0.688	-0.688	-0.811	-0.840	-0.688	-0.846	-0.904	-0.694	-0.891	-0.932	-0.353	-0.692	-0.692	-0.848	-0.848	-0.692	-0.830	-0.692	-0.704	-0.692	-0.849	-0.872	-0.727	-0.837	-0.863	-0.689	-0.691	-0.876	-0.682	-0.471	-0.868	-0.572	-0.716	-0.904	-0.614	-0.605	-0.596	-0.600	-0.638	-0.639	-0.915	-0.640	
rs34582796     -0.575	-0.556	-0.418	-0.391	-0.544	-0.380	-0.424	-0.428	-0.305	-0.306	-0.318	-0.309	-0.521	-0.469	-0.258	-0.291	-0.601	-0.592	-0.271	-0.593	-0.254	-0.243	-0.593	-0.273	-0.236	-0.603	-0.242	-0.593	-0.593	-0.147	-0.614	-0.593	-0.247	-0.612	-0.593	-0.604	-0.269	-0.297	-0.595	-0.335	-0.327	-0.593	-0.269	-0.287	-0.594	-0.344	-0.334	-0.330	-0.301	-0.593	-0.593	-0.410	-0.612	-0.610	-0.335	-0.384	-0.384	-0.593	-0.593	-0.593	-0.383	-0.366	-0.591	-0.330	-0.616	-0.593	-0.620	-0.327	-0.526	-0.592	-0.592	-0.330	-0.329	-0.592	-0.360	-0.592	-0.596	-0.592	-0.327	-0.289	-0.600	-0.334	-0.295	-0.577	-0.580	-0.284	-0.444	-0.086	-0.461	-0.136	-0.292	-0.512	-0.182	-0.171	-0.162	-0.166	-0.208	-0.209	-0.524	-0.209	
rs12325247     -0.742	-0.683	-0.655	-0.616	-0.616	-0.602	-0.731	-0.686	-0.616	-0.618	-0.636	-0.624	-0.493	-0.912	-0.567	-0.610	-0.634	-0.727	-0.645	-0.752	-0.612	-0.566	-0.752	-0.652	-0.602	-0.817	-0.610	-0.751	-0.752	-0.614	-0.491	-0.743	-0.616	-0.615	-0.756	-0.819	-0.670	-0.832	-0.600	-0.817	-0.817	-0.762	-0.672	-0.834	-0.598	-0.821	-0.814	-0.816	-0.831	-0.771	-0.769	-0.732	-0.618	-0.614	-0.813	-0.789	-0.789	-0.769	-0.771	-0.771	-0.791	-0.813	-0.589	-0.816	-0.829	-0.774	-0.837	-0.878	-0.521	-0.777	-0.777	-0.816	-0.817	-0.776	-0.804	-0.776	-0.605	-0.777	-0.817	-0.832	-0.638	-0.806	-0.823	-0.804	-0.641	-0.827	-0.691	-0.454	-0.768	-0.543	-0.676	-0.833	-0.583	-0.574	-0.566	-0.570	-0.605	-0.606	-0.843	-0.607	
rs7205089      -0.815	-0.761	-0.641	-0.597	-0.686	-0.580	-0.794	-0.675	-0.595	-0.597	-0.617	-0.603	-0.565	-0.995	-0.541	-0.589	-0.703	-0.693	-0.628	-0.691	-0.591	-0.540	-0.691	-0.636	-0.579	-0.690	-0.588	-0.689	-0.689	-0.593	-0.743	-0.558	-0.595	-0.736	-0.688	-0.696	-0.657	-0.870	-0.688	-0.846	-0.847	-0.685	-0.659	-0.872	-0.686	-0.851	-0.842	-0.845	-0.868	-0.678	-0.680	-0.755	-0.736	-0.730	-0.841	-0.807	-0.807	-0.679	-0.678	-0.678	-0.809	-0.838	-0.679	-0.845	-0.897	-0.684	-0.883	-0.929	-0.399	-0.681	-0.681	-0.846	-0.846	-0.682	-0.829	-0.681	-0.694	-0.681	-0.847	-0.870	-0.718	-0.835	-0.861	-0.674	-0.682	-0.873	-0.681	-0.467	-0.865	-0.567	-0.711	-0.900	-0.610	-0.601	-0.591	-0.596	-0.634	-0.635	-0.912	-0.636	
rs34222100     -0.577	-0.558	-0.420	-0.392	-0.546	-0.381	-0.426	-0.430	-0.306	-0.308	-0.320	-0.311	-0.523	-0.473	-0.258	-0.293	-0.603	-0.594	-0.275	-0.595	-0.257	-0.244	-0.595	-0.277	-0.239	-0.605	-0.245	-0.596	-0.596	-0.247	-0.616	-0.595	-0.150	-0.614	-0.596	-0.606	-0.273	-0.302	-0.597	-0.339	-0.331	-0.596	-0.273	-0.292	-0.596	-0.349	-0.338	-0.335	-0.306	-0.596	-0.595	-0.413	-0.614	-0.612	-0.339	-0.388	-0.388	-0.595	-0.595	-0.595	-0.386	-0.370	-0.593	-0.335	-0.618	-0.595	-0.623	-0.332	-0.528	-0.595	-0.595	-0.334	-0.334	-0.595	-0.363	-0.595	-0.599	-0.594	-0.332	-0.294	-0.602	-0.338	-0.300	-0.579	-0.582	-0.289	-0.446	-0.089	-0.464	-0.139	-0.295	-0.515	-0.185	-0.174	-0.164	-0.169	-0.211	-0.212	-0.526	-0.212	
rs4467073      -0.736	-0.676	-0.653	-0.614	-0.609	-0.599	-0.726	-0.684	-0.613	-0.616	-0.633	-0.621	-0.500	-0.907	-0.565	-0.608	-0.634	-0.720	-0.643	-0.745	-0.610	-0.564	-0.745	-0.650	-0.600	-0.814	-0.608	-0.744	-0.745	-0.612	-0.615	-0.736	-0.614	-0.486	-0.749	-0.815	-0.668	-0.828	-0.602	-0.813	-0.814	-0.755	-0.670	-0.830	-0.600	-0.817	-0.810	-0.812	-0.827	-0.764	-0.762	-0.729	-0.615	-0.611	-0.809	-0.786	-0.786	-0.762	-0.764	-0.764	-0.788	-0.809	-0.592	-0.812	-0.822	-0.767	-0.830	-0.873	-0.513	-0.770	-0.770	-0.812	-0.813	-0.769	-0.800	-0.770	-0.606	-0.770	-0.813	-0.828	-0.636	-0.802	-0.819	-0.798	-0.641	-0.823	-0.688	-0.450	-0.763	-0.539	-0.671	-0.828	-0.579	-0.570	-0.561	-0.565	-0.601	-0.602	-0.838	-0.602	
rs7194251      -0.813	-0.755	-0.642	-0.598	-0.675	-0.581	-0.798	-0.676	-0.595	-0.598	-0.618	-0.604	-0.578	-1.001	-0.541	-0.589	-0.715	-0.686	-0.629	-0.694	-0.591	-0.540	-0.694	-0.637	-0.579	-0.705	-0.589	-0.691	-0.692	-0.593	-0.756	-0.688	-0.596	-0.749	-0.563	-0.710	-0.657	-0.872	-0.701	-0.848	-0.850	-0.693	-0.660	-0.874	-0.699	-0.854	-0.844	-0.847	-0.871	-0.691	-0.691	-0.757	-0.748	-0.742	-0.843	-0.809	-0.809	-0.691	-0.690	-0.690	-0.812	-0.841	-0.691	-0.847	-0.907	-0.696	-0.893	-0.932	-0.334	-0.694	-0.694	-0.848	-0.849	-0.695	-0.831	-0.695	-0.707	-0.694	-0.849	-0.873	-0.730	-0.837	-0.864	-0.693	-0.694	-0.876	-0.682	-0.473	-0.869	-0.573	-0.718	-0.905	-0.616	-0.607	-0.597	-0.601	-0.640	-0.641	-0.916	-0.641	
rs9939430      -0.702	-0.633	-0.659	-0.619	-0.555	-0.604	-0.746	-0.689	-0.609	-0.611	-0.629	-0.617	-0.696	-0.967	-0.557	-0.601	-0.804	-0.675	-0.637	-0.706	-0.602	-0.555	-0.706	-0.643	-0.591	-0.632	-0.599	-0.705	-0.707	-0.604	-0.819	-0.696	-0.606	-0.815	-0.710	-0.502	-0.662	-0.833	-0.790	-0.818	-0.819	-0.718	-0.664	-0.834	-0.789	-0.823	-0.815	-0.817	-0.832	-0.729	-0.727	-0.740	-0.815	-0.812	-0.815	-0.792	-0.792	-0.727	-0.729	-0.729	-0.794	-0.815	-0.784	-0.817	-0.641	-0.732	-0.667	-0.880	-0.439	-0.736	-0.736	-0.818	-0.818	-0.735	-0.806	-0.736	-0.794	-0.736	-0.818	-0.832	-0.805	-0.808	-0.824	-0.773	-0.786	-0.828	-0.672	-0.464	-0.807	-0.536	-0.700	-0.852	-0.577	-0.568	-0.559	-0.563	-0.600	-0.601	-0.860	-0.601	
rs4347626      -0.636	-0.615	-0.456	-0.424	-0.604	-0.412	-0.487	-0.469	-0.338	-0.340	-0.352	-0.345	-0.570	-0.552	-0.272	-0.315	-0.656	-0.655	-0.325	-0.657	-0.279	-0.250	-0.657	-0.308	-0.250	-0.661	-0.263	-0.657	-0.657	-0.269	-0.670	-0.657	-0.273	-0.668	-0.657	-0.662	-0.216	-0.399	-0.649	-0.431	-0.430	-0.658	-0.320	-0.398	-0.648	-0.434	-0.436	-0.433	-0.401	-0.658	-0.658	-0.475	-0.668	-0.665	-0.436	-0.467	-0.467	-0.658	-0.658	-0.658	-0.466	-0.450	-0.645	-0.433	-0.684	-0.657	-0.687	-0.436	-0.585	-0.657	-0.657	-0.433	-0.432	-0.657	-0.452	-0.657	-0.651	-0.657	-0.431	-0.400	-0.656	-0.433	-0.402	-0.643	-0.634	-0.393	-0.493	-0.151	-0.527	-0.205	-0.361	-0.577	-0.251	-0.240	-0.230	-0.235	-0.276	-0.277	-0.589	-0.278	
rs4595801      -0.833	-0.804	-0.512	-0.460	-0.796	-0.439	-0.700	-0.535	-0.358	-0.360	-0.385	-0.372	-0.689	-0.815	-0.265	-0.334	-0.810	-0.866	-0.371	-0.871	-0.300	-0.243	-0.871	-0.367	-0.273	-0.830	-0.289	-0.871	-0.872	-0.297	-0.832	-0.870	-0.302	-0.828	-0.872	-0.833	-0.399	-0.449	-0.798	-0.548	-0.556	-0.873	-0.403	-0.577	-0.796	-0.568	-0.547	-0.552	-0.567	-0.875	-0.875	-0.611	-0.828	-0.824	-0.547	-0.510	-0.510	-0.875	-0.875	-0.875	-0.516	-0.558	-0.792	-0.554	-0.895	-0.875	-0.894	-0.684	-0.774	-0.876	-0.876	-0.557	-0.557	-0.875	-0.557	-0.875	-0.802	-0.875	-0.559	-0.579	-0.813	-0.561	-0.586	-0.867	-0.784	-0.617	-0.619	-0.371	-0.751	-0.468	-0.615	-0.798	-0.511	-0.501	-0.492	-0.496	-0.534	-0.535	-0.809	-0.536	
rs13339322     -0.692	-0.631	-0.632	-0.595	-0.559	-0.581	-0.693	-0.663	-0.595	-0.597	-0.615	-0.603	-0.549	-0.867	-0.549	-0.590	-0.633	-0.671	-0.624	-0.697	-0.593	-0.548	-0.698	-0.631	-0.583	-0.789	-0.591	-0.697	-0.698	-0.595	-0.600	-0.688	-0.597	-0.602	-0.701	-0.790	-0.649	-0.798	-0.448	-0.783	-0.784	-0.708	-0.650	-0.799	-0.572	-0.788	-0.781	-0.783	-0.797	-0.717	-0.715	-0.700	-0.601	-0.603	-0.780	-0.758	-0.758	-0.715	-0.717	-0.717	-0.760	-0.780	-0.569	-0.783	-0.773	-0.720	-0.783	-0.839	-0.457	-0.723	-0.724	-0.783	-0.783	-0.723	-0.772	-0.723	-0.616	-0.723	-0.783	-0.797	-0.627	-0.773	-0.788	-0.754	-0.639	-0.791	-0.667	-0.412	-0.725	-0.501	-0.633	-0.792	-0.541	-0.532	-0.523	-0.527	-0.563	-0.564	-0.802	-0.565	
rs9930290      -0.811	-0.783	-0.519	-0.469	-0.774	-0.450	-0.676	-0.542	-0.383	-0.386	-0.411	-0.397	-0.678	-0.779	-0.299	-0.362	-0.795	-0.842	-0.399	-0.847	-0.337	-0.283	-0.847	-0.403	-0.313	-0.815	-0.328	-0.847	-0.848	-0.335	-0.817	-0.846	-0.339	-0.813	-0.848	-0.818	-0.431	-0.548	-0.783	-0.422	-0.550	-0.849	-0.434	-0.555	-0.782	-0.567	-0.546	-0.549	-0.549	-0.851	-0.850	-0.602	-0.812	-0.809	-0.546	-0.529	-0.529	-0.850	-0.851	-0.851	-0.533	-0.565	-0.778	-0.549	-0.870	-0.851	-0.870	-0.645	-0.753	-0.851	-0.851	-0.551	-0.551	-0.851	-0.558	-0.851	-0.787	-0.851	-0.551	-0.556	-0.797	-0.554	-0.565	-0.842	-0.770	-0.588	-0.605	-0.344	-0.724	-0.441	-0.588	-0.773	-0.484	-0.474	-0.465	-0.470	-0.508	-0.509	-0.784	-0.509	
rs8059133      -0.812	-0.784	-0.519	-0.466	-0.776	-0.447	-0.677	-0.542	-0.377	-0.380	-0.410	-0.391	-0.679	-0.782	-0.291	-0.363	-0.796	-0.843	-0.393	-0.849	-0.328	-0.273	-0.849	-0.402	-0.305	-0.816	-0.319	-0.849	-0.849	-0.327	-0.817	-0.847	-0.331	-0.814	-0.850	-0.819	-0.430	-0.556	-0.784	-0.550	-0.423	-0.851	-0.434	-0.544	-0.783	-0.570	-0.537	-0.539	-0.556	-0.852	-0.852	-0.601	-0.813	-0.810	-0.537	-0.519	-0.519	-0.852	-0.852	-0.852	-0.524	-0.567	-0.778	-0.540	-0.872	-0.852	-0.872	-0.646	-0.754	-0.852	-0.853	-0.542	-0.543	-0.852	-0.552	-0.852	-0.788	-0.852	-0.543	-0.548	-0.798	-0.548	-0.560	-0.844	-0.771	-0.586	-0.606	-0.346	-0.726	-0.444	-0.590	-0.774	-0.486	-0.477	-0.467	-0.472	-0.510	-0.511	-0.785	-0.512	
rs111428776    -0.811	-0.752	-0.642	-0.598	-0.669	-0.582	-0.800	-0.676	-0.595	-0.598	-0.618	-0.604	-0.585	-1.003	-0.541	-0.589	-0.722	-0.682	-0.629	-0.694	-0.591	-0.540	-0.694	-0.637	-0.579	-0.713	-0.589	-0.691	-0.692	-0.593	-0.762	-0.685	-0.596	-0.755	-0.693	-0.718	-0.658	-0.873	-0.708	-0.849	-0.851	-0.565	-0.660	-0.876	-0.705	-0.855	-0.845	-0.848	-0.872	-0.695	-0.695	-0.759	-0.755	-0.748	-0.844	-0.810	-0.810	-0.695	-0.694	-0.694	-0.813	-0.842	-0.698	-0.848	-0.912	-0.700	-0.899	-0.934	-0.295	-0.699	-0.699	-0.849	-0.850	-0.700	-0.832	-0.699	-0.714	-0.699	-0.850	-0.874	-0.737	-0.838	-0.865	-0.702	-0.701	-0.878	-0.683	-0.476	-0.871	-0.576	-0.721	-0.907	-0.619	-0.609	-0.600	-0.604	-0.643	-0.643	-0.918	-0.644	
rs11639573     -0.638	-0.617	-0.457	-0.425	-0.606	-0.413	-0.489	-0.470	-0.339	-0.341	-0.353	-0.346	-0.571	-0.555	-0.272	-0.316	-0.657	-0.657	-0.326	-0.659	-0.280	-0.250	-0.659	-0.310	-0.250	-0.663	-0.263	-0.659	-0.660	-0.269	-0.672	-0.659	-0.273	-0.670	-0.660	-0.664	-0.320	-0.403	-0.650	-0.434	-0.434	-0.660	-0.219	-0.402	-0.649	-0.437	-0.438	-0.436	-0.405	-0.660	-0.660	-0.478	-0.670	-0.667	-0.439	-0.469	-0.469	-0.660	-0.660	-0.660	-0.469	-0.453	-0.646	-0.436	-0.686	-0.660	-0.690	-0.439	-0.587	-0.660	-0.660	-0.436	-0.435	-0.660	-0.455	-0.660	-0.653	-0.659	-0.434	-0.403	-0.657	-0.436	-0.406	-0.645	-0.636	-0.396	-0.494	-0.154	-0.529	-0.207	-0.364	-0.580	-0.253	-0.242	-0.233	-0.238	-0.278	-0.279	-0.591	-0.280	
rs11644259     -0.835	-0.806	-0.511	-0.457	-0.798	-0.436	-0.702	-0.534	-0.350	-0.353	-0.385	-0.365	-0.690	-0.819	-0.255	-0.334	-0.811	-0.868	-0.363	-0.873	-0.290	-0.232	-0.873	-0.367	-0.262	-0.831	-0.279	-0.874	-0.874	-0.287	-0.834	-0.872	-0.292	-0.830	-0.874	-0.834	-0.398	-0.577	-0.799	-0.555	-0.544	-0.876	-0.402	-0.451	-0.797	-0.572	-0.534	-0.539	-0.576	-0.877	-0.877	-0.611	-0.829	-0.825	-0.533	-0.495	-0.495	-0.877	-0.877	-0.877	-0.502	-0.562	-0.793	-0.542	-0.898	-0.877	-0.897	-0.684	-0.776	-0.878	-0.878	-0.546	-0.547	-0.877	-0.549	-0.878	-0.803	-0.877	-0.549	-0.573	-0.814	-0.553	-0.582	-0.870	-0.786	-0.617	-0.620	-0.373	-0.753	-0.471	-0.618	-0.801	-0.513	-0.504	-0.494	-0.499	-0.537	-0.538	-0.811	-0.538	
rs56006163     -0.690	-0.629	-0.631	-0.594	-0.556	-0.580	-0.692	-0.662	-0.594	-0.597	-0.614	-0.602	-0.550	-0.865	-0.548	-0.589	-0.631	-0.668	-0.623	-0.695	-0.592	-0.548	-0.695	-0.630	-0.582	-0.788	-0.590	-0.694	-0.695	-0.594	-0.598	-0.686	-0.596	-0.600	-0.699	-0.789	-0.648	-0.796	-0.572	-0.782	-0.783	-0.705	-0.649	-0.797	-0.447	-0.786	-0.779	-0.781	-0.795	-0.715	-0.713	-0.698	-0.599	-0.601	-0.779	-0.757	-0.757	-0.713	-0.715	-0.715	-0.759	-0.778	-0.568	-0.781	-0.771	-0.718	-0.781	-0.837	-0.454	-0.721	-0.721	-0.782	-0.782	-0.721	-0.770	-0.721	-0.614	-0.721	-0.782	-0.796	-0.625	-0.771	-0.786	-0.752	-0.638	-0.789	-0.666	-0.410	-0.723	-0.500	-0.631	-0.790	-0.539	-0.530	-0.522	-0.526	-0.562	-0.563	-0.801	-0.563	
rs11644386     -0.817	-0.789	-0.518	-0.468	-0.780	-0.448	-0.682	-0.541	-0.390	-0.393	-0.417	-0.404	-0.682	-0.789	-0.308	-0.371	-0.800	-0.848	-0.408	-0.853	-0.346	-0.291	-0.853	-0.407	-0.323	-0.820	-0.338	-0.853	-0.853	-0.344	-0.821	-0.851	-0.349	-0.817	-0.854	-0.823	-0.434	-0.568	-0.788	-0.567	-0.570	-0.855	-0.437	-0.572	-0.786	-0.428	-0.566	-0.568	-0.568	-0.856	-0.856	-0.608	-0.817	-0.814	-0.566	-0.524	-0.525	-0.856	-0.856	-0.856	-0.529	-0.557	-0.782	-0.569	-0.877	-0.856	-0.877	-0.648	-0.758	-0.857	-0.857	-0.571	-0.571	-0.857	-0.572	-0.857	-0.792	-0.856	-0.571	-0.574	-0.802	-0.571	-0.580	-0.848	-0.774	-0.601	-0.609	-0.346	-0.731	-0.444	-0.592	-0.779	-0.487	-0.477	-0.468	-0.473	-0.511	-0.512	-0.790	-0.513	
rs9937923      -0.807	-0.780	-0.519	-0.468	-0.771	-0.449	-0.672	-0.543	-0.382	-0.385	-0.415	-0.396	-0.676	-0.774	-0.298	-0.369	-0.792	-0.838	-0.398	-0.843	-0.336	-0.281	-0.843	-0.408	-0.312	-0.813	-0.327	-0.843	-0.844	-0.334	-0.814	-0.842	-0.338	-0.810	-0.844	-0.815	-0.436	-0.547	-0.781	-0.546	-0.537	-0.845	-0.438	-0.534	-0.779	-0.566	-0.417	-0.536	-0.548	-0.847	-0.846	-0.599	-0.810	-0.806	-0.533	-0.521	-0.522	-0.846	-0.846	-0.846	-0.525	-0.566	-0.775	-0.536	-0.866	-0.847	-0.867	-0.636	-0.749	-0.847	-0.847	-0.537	-0.538	-0.847	-0.550	-0.847	-0.785	-0.846	-0.538	-0.536	-0.795	-0.544	-0.551	-0.838	-0.767	-0.576	-0.602	-0.340	-0.720	-0.437	-0.584	-0.769	-0.480	-0.470	-0.461	-0.466	-0.504	-0.505	-0.779	-0.505	
rs28633835     -0.810	-0.782	-0.519	-0.467	-0.773	-0.448	-0.675	-0.543	-0.380	-0.383	-0.412	-0.393	-0.678	-0.778	-0.295	-0.366	-0.794	-0.841	-0.396	-0.846	-0.332	-0.277	-0.846	-0.405	-0.309	-0.815	-0.323	-0.846	-0.847	-0.330	-0.816	-0.845	-0.335	-0.812	-0.847	-0.817	-0.433	-0.552	-0.783	-0.549	-0.539	-0.848	-0.436	-0.539	-0.781	-0.568	-0.536	-0.421	-0.553	-0.850	-0.849	-0.600	-0.812	-0.808	-0.536	-0.520	-0.521	-0.849	-0.850	-0.850	-0.525	-0.566	-0.777	-0.539	-0.870	-0.850	-0.870	-0.642	-0.752	-0.850	-0.850	-0.541	-0.541	-0.850	-0.551	-0.850	-0.787	-0.850	-0.541	-0.543	-0.797	-0.547	-0.557	-0.841	-0.769	-0.582	-0.604	-0.344	-0.723	-0.441	-0.587	-0.772	-0.484	-0.474	-0.465	-0.469	-0.507	-0.508	-0.783	-0.509	
rs4494538      -0.832	-0.803	-0.513	-0.461	-0.794	-0.440	-0.698	-0.536	-0.360	-0.363	-0.388	-0.375	-0.688	-0.813	-0.268	-0.337	-0.809	-0.864	-0.374	-0.870	-0.303	-0.247	-0.870	-0.370	-0.277	-0.829	-0.293	-0.870	-0.870	-0.301	-0.831	-0.868	-0.306	-0.827	-0.871	-0.832	-0.401	-0.567	-0.797	-0.549	-0.556	-0.872	-0.405	-0.576	-0.795	-0.568	-0.548	-0.553	-0.447	-0.874	-0.873	-0.611	-0.827	-0.823	-0.547	-0.511	-0.511	-0.873	-0.874	-0.874	-0.517	-0.558	-0.791	-0.554	-0.893	-0.874	-0.893	-0.681	-0.773	-0.874	-0.874	-0.557	-0.558	-0.874	-0.557	-0.874	-0.801	-0.874	-0.559	-0.577	-0.812	-0.561	-0.585	-0.866	-0.784	-0.615	-0.618	-0.369	-0.749	-0.466	-0.614	-0.797	-0.509	-0.499	-0.490	-0.495	-0.533	-0.534	-0.808	-0.534	
rs12596309     -0.808	-0.747	-0.643	-0.598	-0.660	-0.582	-0.803	-0.677	-0.595	-0.598	-0.618	-0.604	-0.595	-1.007	-0.541	-0.589	-0.732	-0.672	-0.629	-0.692	-0.591	-0.540	-0.691	-0.637	-0.579	-0.724	-0.588	-0.687	-0.688	-0.593	-0.771	-0.678	-0.596	-0.764	-0.691	-0.729	-0.658	-0.875	-0.717	-0.851	-0.852	-0.695	-0.660	-0.877	-0.715	-0.856	-0.847	-0.850	-0.874	-0.568	-0.698	-0.760	-0.764	-0.757	-0.846	-0.811	-0.811	-0.698	-0.699	-0.699	-0.814	-0.843	-0.708	-0.850	-0.919	-0.704	-0.906	-0.936	-0.236	-0.705	-0.705	-0.851	-0.851	-0.705	-0.833	-0.705	-0.723	-0.705	-0.852	-0.876	-0.746	-0.840	-0.867	-0.713	-0.710	-0.880	-0.683	-0.480	-0.874	-0.580	-0.726	-0.910	-0.623	-0.613	-0.604	-0.608	-0.646	-0.647	-0.921	-0.648	
rs72786280     -0.809	-0.748	-0.643	-0.598	-0.662	-0.582	-0.802	-0.677	-0.595	-0.597	-0.618	-0.604	-0.593	-1.006	-0.541	-0.589	-0.730	-0.674	-0.629	-0.692	-0.591	-0.540	-0.692	-0.637	-0.579	-0.721	-0.588	-0.688	-0.689	-0.593	-0.769	-0.680	-0.595	-0.762	-0.691	-0.727	-0.658	-0.875	-0.715	-0.850	-0.852	-0.695	-0.660	-0.877	-0.713	-0.856	-0.846	-0.849	-0.873	-0.698	-0.567	-0.760	-0.762	-0.755	-0.846	-0.811	-0.811	-0.697	-0.698	-0.698	-0.813	-0.843	-0.706	-0.849	-0.917	-0.703	-0.904	-0.935	-0.248	-0.704	-0.704	-0.850	-0.851	-0.704	-0.833	-0.704	-0.721	-0.703	-0.851	-0.875	-0.744	-0.840	-0.866	-0.711	-0.708	-0.879	-0.683	-0.479	-0.873	-0.579	-0.725	-0.909	-0.622	-0.612	-0.603	-0.607	-0.646	-0.646	-0.920	-0.647	
rs72786282     -0.720	-0.691	-0.484	-0.441	-0.682	-0.425	-0.585	-0.515	-0.414	-0.416	-0.437	-0.423	-0.598	-0.714	-0.358	-0.407	-0.711	-0.751	-0.448	-0.756	-0.409	-0.353	-0.757	-0.456	-0.396	-0.738	-0.406	-0.757	-0.757	-0.410	-0.732	-0.755	-0.413	-0.729	-0.757	-0.740	-0.475	-0.611	-0.700	-0.602	-0.601	-0.759	-0.478	-0.611	-0.698	-0.608	-0.599	-0.600	-0.611	-0.760	-0.760	-0.317	-0.728	-0.725	-0.598	-0.582	-0.582	-0.760	-0.760	-0.760	-0.583	-0.602	-0.694	-0.600	-0.798	-0.760	-0.798	-0.649	-0.660	-0.761	-0.761	-0.600	-0.601	-0.760	-0.595	-0.760	-0.703	-0.760	-0.601	-0.609	-0.713	-0.593	-0.603	-0.752	-0.685	-0.606	-0.527	-0.243	-0.625	-0.343	-0.480	-0.676	-0.386	-0.376	-0.367	-0.372	-0.410	-0.411	-0.688	-0.412	
rs4643314      -0.735	-0.676	-0.653	-0.614	-0.609	-0.599	-0.726	-0.684	-0.613	-0.616	-0.633	-0.621	-0.503	-0.907	-0.565	-0.608	-0.635	-0.719	-0.643	-0.745	-0.610	-0.564	-0.745	-0.650	-0.600	-0.814	-0.608	-0.744	-0.745	-0.612	-0.618	-0.736	-0.614	-0.615	-0.748	-0.815	-0.668	-0.828	-0.601	-0.812	-0.813	-0.755	-0.670	-0.829	-0.599	-0.817	-0.810	-0.812	-0.827	-0.764	-0.762	-0.728	-0.485	-0.609	-0.809	-0.785	-0.785	-0.762	-0.764	-0.764	-0.787	-0.809	-0.590	-0.812	-0.821	-0.767	-0.829	-0.873	-0.512	-0.770	-0.770	-0.812	-0.812	-0.769	-0.800	-0.769	-0.605	-0.769	-0.813	-0.828	-0.635	-0.802	-0.818	-0.798	-0.640	-0.823	-0.688	-0.450	-0.763	-0.539	-0.671	-0.828	-0.579	-0.570	-0.561	-0.565	-0.601	-0.601	-0.838	-0.602	
rs9924797      -0.730	-0.670	-0.650	-0.611	-0.602	-0.597	-0.722	-0.681	-0.611	-0.614	-0.631	-0.619	-0.509	-0.901	-0.563	-0.605	-0.635	-0.713	-0.640	-0.739	-0.608	-0.562	-0.739	-0.648	-0.598	-0.811	-0.606	-0.738	-0.739	-0.610	-0.614	-0.730	-0.612	-0.611	-0.742	-0.812	-0.665	-0.824	-0.603	-0.809	-0.810	-0.748	-0.667	-0.825	-0.601	-0.814	-0.806	-0.808	-0.823	-0.757	-0.755	-0.725	-0.609	-0.481	-0.806	-0.782	-0.782	-0.756	-0.757	-0.757	-0.784	-0.805	-0.593	-0.808	-0.815	-0.760	-0.823	-0.869	-0.505	-0.763	-0.764	-0.809	-0.809	-0.763	-0.796	-0.763	-0.606	-0.763	-0.809	-0.824	-0.633	-0.798	-0.815	-0.792	-0.639	-0.819	-0.686	-0.446	-0.758	-0.535	-0.666	-0.823	-0.574	-0.565	-0.557	-0.561	-0.596	-0.597	-0.833	-0.598	
rs147750632    -0.807	-0.779	-0.519	-0.468	-0.770	-0.449	-0.671	-0.543	-0.383	-0.386	-0.415	-0.396	-0.676	-0.773	-0.299	-0.370	-0.792	-0.837	-0.399	-0.842	-0.337	-0.282	-0.843	-0.409	-0.313	-0.812	-0.328	-0.843	-0.843	-0.335	-0.813	-0.841	-0.339	-0.809	-0.843	-0.815	-0.436	-0.547	-0.780	-0.546	-0.537	-0.844	-0.439	-0.533	-0.779	-0.566	-0.533	-0.536	-0.547	-0.846	-0.846	-0.598	-0.809	-0.806	-0.416	-0.521	-0.521	-0.846	-0.846	-0.846	-0.525	-0.565	-0.775	-0.535	-0.865	-0.846	-0.866	-0.635	-0.749	-0.846	-0.846	-0.536	-0.536	-0.846	-0.549	-0.846	-0.784	-0.846	-0.537	-0.533	-0.794	-0.543	-0.550	-0.837	-0.767	-0.575	-0.602	-0.339	-0.719	-0.437	-0.583	-0.768	-0.479	-0.470	-0.461	-0.465	-0.503	-0.504	-0.779	-0.505	
