## Summary of overall evidence for association with region:
## log10(BF for region) = 0.0469824
## p-value for region = NA

## BFs for choosing among multi-SNP models:
## log10(average 1-SNP BF) = 0.0382092
## log10(average 2-SNP BF) = 0.0640143

## Example posterior probabilities for multi-SNP models, based on default prior: [p(l) propto 0.5^l for l=1,2,...,L]
## posterior probability of 1-SNP = 0.653334
## posterior probability of 2-SNP = 0.346666

## log10(BF) for single SNP and pair of SNPs:
rs1009398      -0.162	-0.489	-0.463	-0.464	-0.464	-0.465	-0.462	+0.902	+0.462	-0.227	-0.080	-0.122	+0.973	-0.112	-0.655	-0.218	-0.206	-0.072	-0.459	-0.022	-0.310	-0.323	-0.321	-0.325	-0.414	-0.416	-0.053	-0.659	+0.049	-0.044	-0.325	+0.307	+0.016	+0.368	-0.400	+0.321	-0.325	+0.035	-0.515	-0.360	+0.039	-0.060	-0.040	-0.549	+1.464	-0.029	-0.060	+0.148	-0.534	-0.032	-0.547	-0.544	-0.036	-0.542	-0.009	-0.547	-0.007	-0.004	-0.547	-0.547	-0.558	-0.572	-0.555	-0.555	-0.527	-0.553	-0.540	-0.538	-0.540	-0.545	-0.546	-0.542	-0.546	-0.549	-0.537	-0.543	-0.543	-0.533	-0.219	-0.573	-0.574	+0.543	+0.529	+0.529	-0.519	+0.529	+0.529	-0.523	+0.534	-0.523	+0.563	-0.387	+0.537	+0.528	+0.534	-0.511	+0.509	-0.521	+0.484	-0.512	-0.520	+0.471	-0.522	-0.355	-0.520	-0.524	-0.526	-0.528	-0.529	-0.530	+0.435	-0.527	-0.532	-0.531	-0.533	+0.514	+0.525	+0.526	+0.526	+0.543	+0.533	+0.499	+0.537	-0.486	-0.492	-0.527	+0.536	-0.562	-0.558	-0.529	+0.617	+0.528	-0.569	+0.530	+0.530	+0.530	+0.531	+0.531	+0.531	+0.531	+0.530	-0.617	+0.684	+0.681	+0.762	+0.759	+0.664	+0.663	+0.604	+0.632	+0.674	+0.767	+0.687	+0.743	-0.582	+0.859	-0.600	-0.614	+0.694	+0.700	+0.609	+0.653	+0.703	+0.850	+0.705	+0.629	-0.614	+0.715	+0.715	+0.680	+0.747	-0.613	
rs10496900     -0.489	-0.483	-0.615	-0.615	-0.616	-0.629	-0.713	+0.708	-0.794	-0.502	-0.300	-0.805	+0.774	-0.800	-0.972	-0.515	-0.505	-0.288	-0.796	-0.390	-0.855	-0.862	-0.861	-0.863	-0.628	-0.630	-0.425	-0.920	-0.258	-0.416	-0.863	-0.202	-0.299	-0.148	-0.745	-0.192	-0.863	-0.278	-0.845	-0.708	-0.840	-0.877	-0.871	-0.814	+0.558	-0.867	-0.876	-0.760	-0.790	-0.868	-0.810	-0.806	-0.868	-0.803	-0.859	-0.812	-0.859	-0.858	-0.812	-0.812	-0.829	-0.852	-0.823	-0.823	-0.853	-0.821	-0.801	-0.798	-0.800	-0.810	-0.810	-0.803	-0.810	-0.815	-0.804	-0.806	-0.806	-0.793	-0.580	-0.814	-0.816	-0.061	-0.095	-0.095	-0.667	-0.095	-0.095	-0.672	-0.090	-0.672	-0.066	-0.724	-0.088	-0.096	-0.090	-0.656	-0.110	-0.670	-0.128	-0.658	-0.669	-0.137	-0.672	-0.695	-0.669	-0.675	-0.678	-0.681	-0.682	-0.683	-0.167	-0.680	-0.687	-0.685	-0.689	-0.220	-0.213	-0.212	-0.211	-0.199	-0.207	-0.231	-0.204	-0.628	-0.630	-0.693	-0.204	-0.744	-0.738	-0.683	-0.146	-0.210	-0.756	-0.209	-0.209	-0.209	-0.208	-0.208	-0.208	-0.208	-0.208	-0.839	-0.073	-0.075	-0.018	-0.014	-0.085	-0.086	-0.128	-0.109	-0.077	-0.007	-0.067	-0.026	-0.772	+0.064	-0.796	-0.832	-0.062	-0.052	-0.129	-0.097	-0.055	+0.043	-0.054	-0.107	-0.822	-0.046	-0.046	-0.072	-0.022	-0.907	
rs17747853     -0.463	-0.615	-0.482	-0.603	-0.603	-0.615	-0.713	+0.676	-0.798	-0.538	-0.291	-0.811	+0.798	-0.806	-0.966	-0.549	-0.539	-0.278	-0.797	-0.426	-0.859	-0.866	-0.864	-0.867	-0.621	-0.623	-0.460	-0.911	-0.303	-0.451	-0.867	-0.225	-0.342	-0.171	-0.747	-0.215	-0.867	-0.322	-0.853	-0.711	-0.842	-0.878	-0.872	-0.810	+0.540	-0.868	-0.877	-0.762	-0.786	-0.869	-0.806	-0.802	-0.869	-0.798	-0.861	-0.808	-0.860	-0.859	-0.808	-0.808	-0.825	-0.849	-0.819	-0.819	-0.852	-0.817	-0.796	-0.793	-0.796	-0.806	-0.805	-0.799	-0.806	-0.811	-0.800	-0.801	-0.801	-0.788	-0.577	-0.814	-0.815	-0.063	-0.097	-0.097	-0.657	-0.097	-0.097	-0.662	-0.092	-0.663	-0.068	-0.722	-0.090	-0.097	-0.092	-0.646	-0.111	-0.661	-0.130	-0.648	-0.659	-0.139	-0.662	-0.693	-0.659	-0.666	-0.669	-0.672	-0.673	-0.674	-0.168	-0.671	-0.678	-0.676	-0.679	-0.221	-0.213	-0.213	-0.212	-0.200	-0.208	-0.232	-0.204	-0.617	-0.620	-0.683	-0.205	-0.735	-0.729	-0.674	-0.147	-0.210	-0.747	-0.210	-0.209	-0.209	-0.208	-0.209	-0.209	-0.209	-0.209	-0.831	-0.074	-0.075	-0.019	-0.015	-0.086	-0.086	-0.129	-0.109	-0.078	-0.008	-0.068	-0.026	-0.764	+0.064	-0.788	-0.824	-0.063	-0.053	-0.130	-0.097	-0.056	+0.042	-0.054	-0.108	-0.814	-0.047	-0.047	-0.073	-0.023	-0.906	
rs17815364     -0.464	-0.615	-0.603	-0.482	-0.603	-0.615	-0.713	+0.677	-0.798	-0.537	-0.291	-0.811	+0.798	-0.806	-0.966	-0.548	-0.538	-0.279	-0.797	-0.425	-0.859	-0.866	-0.864	-0.867	-0.621	-0.623	-0.459	-0.911	-0.301	-0.450	-0.867	-0.224	-0.340	-0.170	-0.747	-0.214	-0.867	-0.320	-0.853	-0.711	-0.842	-0.878	-0.872	-0.810	+0.540	-0.868	-0.877	-0.762	-0.786	-0.869	-0.806	-0.802	-0.869	-0.798	-0.860	-0.808	-0.860	-0.859	-0.808	-0.808	-0.826	-0.849	-0.819	-0.819	-0.852	-0.817	-0.796	-0.793	-0.796	-0.806	-0.805	-0.799	-0.806	-0.811	-0.800	-0.801	-0.801	-0.788	-0.577	-0.814	-0.815	-0.063	-0.097	-0.097	-0.657	-0.096	-0.096	-0.662	-0.092	-0.663	-0.067	-0.722	-0.090	-0.097	-0.092	-0.646	-0.111	-0.661	-0.129	-0.648	-0.660	-0.139	-0.663	-0.693	-0.660	-0.666	-0.669	-0.672	-0.673	-0.674	-0.168	-0.671	-0.678	-0.676	-0.680	-0.221	-0.213	-0.212	-0.212	-0.200	-0.207	-0.232	-0.204	-0.617	-0.620	-0.683	-0.205	-0.735	-0.729	-0.674	-0.147	-0.210	-0.747	-0.209	-0.209	-0.209	-0.208	-0.208	-0.208	-0.208	-0.209	-0.832	-0.073	-0.075	-0.018	-0.015	-0.086	-0.086	-0.129	-0.109	-0.078	-0.007	-0.067	-0.026	-0.764	+0.064	-0.788	-0.824	-0.063	-0.053	-0.129	-0.097	-0.056	+0.042	-0.054	-0.108	-0.814	-0.047	-0.046	-0.073	-0.022	-0.906	
rs12468990     -0.464	-0.616	-0.603	-0.603	-0.481	-0.614	-0.712	+0.679	-0.797	-0.536	-0.291	-0.811	+0.797	-0.805	-0.966	-0.547	-0.537	-0.279	-0.797	-0.424	-0.858	-0.865	-0.864	-0.866	-0.621	-0.623	-0.457	-0.911	-0.299	-0.449	-0.866	-0.223	-0.338	-0.169	-0.747	-0.213	-0.866	-0.319	-0.852	-0.711	-0.842	-0.877	-0.872	-0.810	+0.541	-0.868	-0.877	-0.762	-0.786	-0.869	-0.806	-0.801	-0.869	-0.798	-0.860	-0.808	-0.860	-0.859	-0.808	-0.808	-0.825	-0.849	-0.819	-0.819	-0.852	-0.817	-0.796	-0.793	-0.796	-0.806	-0.805	-0.799	-0.806	-0.811	-0.800	-0.801	-0.801	-0.788	-0.577	-0.814	-0.815	-0.062	-0.097	-0.096	-0.657	-0.096	-0.096	-0.662	-0.092	-0.663	-0.067	-0.722	-0.089	-0.097	-0.091	-0.646	-0.111	-0.661	-0.129	-0.648	-0.659	-0.139	-0.663	-0.693	-0.659	-0.666	-0.669	-0.672	-0.673	-0.674	-0.168	-0.671	-0.678	-0.676	-0.679	-0.221	-0.213	-0.212	-0.212	-0.199	-0.207	-0.231	-0.204	-0.617	-0.620	-0.683	-0.204	-0.735	-0.729	-0.674	-0.147	-0.210	-0.747	-0.209	-0.209	-0.209	-0.208	-0.208	-0.208	-0.208	-0.208	-0.831	-0.073	-0.075	-0.018	-0.014	-0.086	-0.086	-0.129	-0.109	-0.078	-0.007	-0.067	-0.026	-0.764	+0.064	-0.788	-0.824	-0.062	-0.053	-0.129	-0.097	-0.056	+0.043	-0.054	-0.107	-0.814	-0.046	-0.046	-0.073	-0.022	-0.906	
rs1949010      -0.465	-0.629	-0.615	-0.615	-0.614	-0.477	-0.710	+0.692	-0.792	-0.526	-0.289	-0.805	+0.796	-0.800	-0.963	-0.537	-0.527	-0.276	-0.793	-0.413	-0.853	-0.860	-0.859	-0.861	-0.619	-0.620	-0.447	-0.909	-0.288	-0.439	-0.861	-0.214	-0.327	-0.159	-0.743	-0.203	-0.861	-0.307	-0.846	-0.706	-0.837	-0.873	-0.867	-0.807	+0.552	-0.863	-0.872	-0.757	-0.782	-0.864	-0.803	-0.798	-0.864	-0.795	-0.855	-0.805	-0.855	-0.854	-0.805	-0.805	-0.822	-0.846	-0.816	-0.816	-0.848	-0.813	-0.793	-0.790	-0.793	-0.803	-0.802	-0.796	-0.802	-0.808	-0.797	-0.798	-0.798	-0.785	-0.573	-0.810	-0.811	-0.057	-0.091	-0.090	-0.655	-0.090	-0.090	-0.660	-0.086	-0.661	-0.061	-0.718	-0.083	-0.091	-0.086	-0.644	-0.105	-0.659	-0.123	-0.646	-0.657	-0.133	-0.660	-0.689	-0.657	-0.664	-0.667	-0.670	-0.671	-0.672	-0.162	-0.669	-0.676	-0.674	-0.677	-0.215	-0.207	-0.207	-0.206	-0.194	-0.202	-0.226	-0.199	-0.616	-0.618	-0.681	-0.199	-0.733	-0.727	-0.672	-0.141	-0.205	-0.745	-0.204	-0.203	-0.204	-0.203	-0.203	-0.203	-0.203	-0.203	-0.829	-0.067	-0.069	-0.012	-0.008	-0.080	-0.080	-0.123	-0.103	-0.072	-0.001	-0.062	-0.020	-0.762	+0.070	-0.786	-0.822	-0.057	-0.047	-0.124	-0.091	-0.050	+0.049	-0.048	-0.102	-0.812	-0.041	-0.041	-0.067	-0.016	-0.902	
rs7580194      -0.462	-0.713	-0.713	-0.713	-0.712	-0.710	-0.502	+0.700	-0.816	-0.452	-0.304	-0.828	+0.803	-0.822	-0.978	-0.464	-0.456	-0.291	-0.781	-0.351	-0.876	-0.883	-0.881	-0.884	-0.636	-0.637	-0.395	-0.921	-0.176	-0.386	-0.884	-0.214	-0.231	-0.158	-0.767	-0.204	-0.884	-0.211	-0.859	-0.731	-0.860	-0.896	-0.890	-0.827	+0.543	-0.887	-0.895	-0.781	-0.802	-0.888	-0.823	-0.818	-0.888	-0.815	-0.879	-0.825	-0.878	-0.878	-0.825	-0.825	-0.843	-0.866	-0.836	-0.836	-0.871	-0.834	-0.813	-0.810	-0.813	-0.823	-0.822	-0.816	-0.823	-0.828	-0.818	-0.818	-0.818	-0.805	-0.595	-0.833	-0.834	-0.085	-0.119	-0.119	-0.666	-0.119	-0.119	-0.671	-0.114	-0.672	-0.090	-0.740	-0.112	-0.119	-0.114	-0.655	-0.134	-0.670	-0.152	-0.657	-0.669	-0.161	-0.672	-0.711	-0.668	-0.675	-0.678	-0.681	-0.682	-0.683	-0.190	-0.680	-0.687	-0.685	-0.689	-0.242	-0.234	-0.233	-0.233	-0.221	-0.228	-0.252	-0.225	-0.625	-0.628	-0.691	-0.225	-0.744	-0.738	-0.683	-0.168	-0.231	-0.757	-0.230	-0.230	-0.230	-0.229	-0.229	-0.229	-0.229	-0.229	-0.843	-0.094	-0.096	-0.040	-0.036	-0.107	-0.107	-0.150	-0.130	-0.099	-0.029	-0.088	-0.047	-0.774	+0.043	-0.799	-0.835	-0.084	-0.074	-0.150	-0.118	-0.077	+0.020	-0.075	-0.128	-0.826	-0.068	-0.068	-0.094	-0.043	-0.925	
rs1370333      +0.902	+0.708	+0.676	+0.677	+0.679	+0.692	+0.700	+0.869	+0.407	+0.458	+0.574	+0.531	+1.118	+0.524	+0.813	+0.448	+0.446	+0.581	+0.516	+0.452	+0.486	+0.493	+0.491	+0.494	+0.455	+0.456	+0.445	+0.801	+0.475	+0.448	+0.495	+0.428	+0.467	+0.440	+0.773	+0.430	+0.496	+0.473	+0.458	+0.835	+0.400	+0.419	+0.414	+0.417	+0.880	+0.410	+0.417	+0.396	+0.412	+0.411	+0.414	+0.413	+0.408	+0.413	+0.403	+0.416	+0.403	+0.403	+0.416	+0.416	+0.415	+0.421	+0.414	+0.414	+0.562	+0.413	+0.412	+0.412	+0.412	+0.414	+0.412	+0.412	+0.412	+0.414	+0.430	+0.412	+0.412	+0.417	+0.797	+0.376	+0.376	+0.940	+0.926	+0.926	+0.605	+0.926	+0.927	+0.600	+0.931	+0.600	+0.951	+0.608	+0.932	+0.926	+0.931	+0.614	+0.915	+0.600	+0.900	+0.612	+0.602	+0.892	+0.599	+0.644	+0.601	+0.596	+0.592	+0.590	+0.589	+0.587	+0.869	+0.590	+0.584	+0.586	+0.583	+0.837	+0.844	+0.844	+0.845	+0.854	+0.848	+0.829	+0.851	+0.680	+0.644	+0.636	+0.851	+0.580	+0.586	+0.589	+0.898	+0.846	+0.567	+0.847	+0.847	+0.847	+0.848	+0.848	+0.847	+0.847	+0.847	+0.482	+0.946	+0.944	+0.988	+0.993	+0.935	+0.935	+0.900	+0.916	+0.942	+0.999	+0.950	+0.984	+0.537	+1.060	+0.487	+0.492	+0.954	+0.958	+0.895	+0.927	+0.961	+1.030	+0.962	+0.923	+0.463	+0.969	+0.969	+0.947	+0.988	+0.364	
rs2068854      +0.462	-0.794	-0.798	-0.798	-0.797	-0.792	-0.816	+0.407	-0.466	-0.751	-0.372	-0.800	+0.630	-0.797	-0.690	-0.752	-0.745	-0.359	-0.848	-0.651	-0.859	-0.862	-0.862	-0.863	-0.639	-0.640	-0.669	-0.681	-0.596	-0.663	-0.862	-0.414	-0.615	-0.371	-0.727	-0.406	-0.862	-0.602	-0.898	-0.690	-0.758	-0.777	-0.779	-0.809	+0.360	-0.781	-0.779	-0.755	-0.788	-0.781	-0.806	-0.802	-0.784	-0.799	-0.784	-0.807	-0.784	-0.784	-0.807	-0.807	-0.823	-0.844	-0.817	-0.817	-0.835	-0.815	-0.797	-0.794	-0.797	-0.805	-0.805	-0.799	-0.805	-0.810	-0.800	-0.801	-0.801	-0.789	-0.595	-0.736	-0.737	-0.170	-0.203	-0.203	-0.482	-0.203	-0.203	-0.489	-0.199	-0.490	-0.176	-0.724	-0.196	-0.203	-0.199	-0.471	-0.217	-0.490	-0.233	-0.476	-0.490	-0.242	-0.493	-0.699	-0.490	-0.498	-0.501	-0.505	-0.506	-0.508	-0.269	-0.504	-0.513	-0.510	-0.514	-0.320	-0.313	-0.312	-0.312	-0.300	-0.308	-0.330	-0.305	-0.447	-0.443	-0.504	-0.305	-0.568	-0.561	-0.507	-0.251	-0.310	-0.584	-0.310	-0.309	-0.309	-0.309	-0.309	-0.309	-0.309	-0.309	-0.699	-0.182	-0.183	-0.130	-0.126	-0.194	-0.194	-0.234	-0.215	-0.186	-0.119	-0.176	-0.137	-0.630	-0.051	-0.654	-0.689	-0.171	-0.162	-0.235	-0.204	-0.165	-0.073	-0.163	-0.213	-0.687	-0.156	-0.156	-0.181	-0.133	-0.851	
rs7587173      -0.227	-0.502	-0.538	-0.537	-0.536	-0.526	-0.452	+0.458	-0.751	-0.373	-0.093	-0.776	+1.188	-0.772	-0.801	-0.520	-0.527	-0.079	-0.565	-0.497	-0.807	-0.812	-0.811	-0.813	-0.449	-0.451	-0.522	-0.718	-0.383	-0.517	-0.812	-0.326	-0.419	-0.280	-0.670	-0.318	-0.812	-0.405	-0.783	-0.639	-0.779	-0.803	-0.799	-0.671	+0.415	-0.796	-0.802	-0.706	-0.642	-0.797	-0.667	-0.662	-0.797	-0.658	-0.790	-0.670	-0.790	-0.789	-0.670	-0.670	-0.691	-0.720	-0.683	-0.683	-0.750	-0.680	-0.656	-0.652	-0.655	-0.669	-0.667	-0.659	-0.667	-0.675	-0.665	-0.662	-0.662	-0.648	-0.488	-0.721	-0.722	-0.030	-0.061	-0.060	-0.480	-0.060	-0.060	-0.486	-0.056	-0.487	-0.032	-0.627	-0.054	-0.061	-0.056	-0.468	-0.075	-0.485	-0.091	-0.471	-0.484	-0.100	-0.488	-0.599	-0.484	-0.491	-0.494	-0.498	-0.499	-0.500	-0.129	-0.497	-0.505	-0.503	-0.507	-0.176	-0.169	-0.168	-0.168	-0.156	-0.163	-0.186	-0.160	-0.430	-0.440	-0.500	-0.161	-0.560	-0.553	-0.501	-0.105	-0.166	-0.573	-0.165	-0.165	-0.165	-0.164	-0.164	-0.164	-0.164	-0.165	-0.671	-0.037	-0.038	+0.015	+0.020	-0.049	-0.049	-0.089	-0.071	-0.041	+0.027	-0.031	+0.009	-0.596	+0.095	-0.629	-0.663	-0.026	-0.018	-0.091	-0.059	-0.019	+0.069	-0.018	-0.066	-0.658	-0.010	-0.010	-0.036	+0.013	-0.806	
rs141585690    -0.080	-0.300	-0.291	-0.291	-0.291	-0.289	-0.304	+0.574	-0.372	-0.093	+0.085	-0.405	+0.834	-0.403	-0.327	-0.092	-0.080	+0.004	-0.321	+0.077	-0.425	-0.428	-0.427	-0.429	-0.200	-0.201	+0.049	-0.218	+0.155	+0.057	-0.428	+0.012	+0.124	+0.053	+0.583	+0.020	-0.427	+0.142	-0.417	+0.722	-0.390	-0.402	-0.399	-0.092	+0.601	-0.398	-0.402	-0.320	-0.156	-0.398	-0.120	-0.131	-0.399	-0.138	-0.394	-0.128	-0.393	-0.393	-0.129	-0.129	-0.104	-0.048	-0.117	-0.118	+0.251	-0.122	-0.158	-0.162	-0.158	-0.148	-0.145	-0.154	-0.144	-0.142	-0.118	-0.151	-0.151	-0.160	+0.023	-0.355	-0.356	+0.405	+0.377	+0.378	-0.239	+0.378	+0.378	-0.243	+0.383	-0.244	+0.407	-0.155	+0.385	+0.378	+0.383	-0.230	+0.364	-0.243	+0.347	-0.232	-0.241	+0.338	-0.244	-0.118	-0.242	-0.247	-0.249	-0.252	-0.253	-0.254	+0.309	-0.251	-0.257	-0.255	-0.257	+0.246	+0.253	+0.254	+0.254	+0.266	+0.259	+0.235	+0.262	-0.198	-0.206	-0.249	+0.262	-0.293	-0.288	-0.251	+0.318	+0.257	-0.303	+0.258	+0.258	+0.258	+0.259	+0.259	+0.259	+0.259	+0.259	-0.370	+0.383	+0.381	+0.434	+0.439	+0.370	+0.370	+0.328	+0.348	+0.378	+0.446	+0.389	+0.428	-0.318	+0.519	-0.342	-0.364	+0.393	+0.401	+0.326	+0.359	+0.400	+0.493	+0.402	+0.350	-0.364	+0.409	+0.410	+0.383	+0.432	-0.405	
rs62155399     -0.122	-0.805	-0.811	-0.811	-0.811	-0.805	-0.828	+0.531	-0.800	-0.776	-0.405	-0.487	+0.593	-0.610	-0.324	-0.777	-0.771	-0.393	-0.860	-0.685	-0.776	-0.778	-0.778	-0.778	-0.678	-0.679	-0.702	-0.418	-0.628	-0.696	-0.778	-0.443	-0.647	-0.398	-0.728	-0.435	-0.779	-0.634	-0.917	-0.688	-0.846	-0.859	-0.859	-0.838	+0.305	-0.859	-0.860	-0.808	-0.819	-0.859	-0.835	-0.831	-0.860	-0.828	-0.859	-0.836	-0.858	-0.858	-0.836	-0.836	-0.851	-0.870	-0.845	-0.845	-0.849	-0.844	-0.826	-0.824	-0.826	-0.834	-0.834	-0.829	-0.834	-0.838	-0.828	-0.831	-0.831	-0.819	-0.567	-0.788	-0.789	-0.178	-0.213	-0.212	-0.557	-0.212	-0.212	-0.563	-0.208	-0.563	-0.185	-0.719	-0.206	-0.213	-0.208	-0.545	-0.226	-0.563	-0.242	-0.549	-0.562	-0.251	-0.566	-0.690	-0.562	-0.569	-0.573	-0.576	-0.577	-0.579	-0.278	-0.575	-0.583	-0.581	-0.585	-0.337	-0.330	-0.329	-0.329	-0.317	-0.325	-0.347	-0.322	-0.525	-0.518	-0.584	-0.322	-0.643	-0.636	-0.579	-0.268	-0.327	-0.657	-0.326	-0.326	-0.326	-0.325	-0.325	-0.325	-0.325	-0.326	-0.763	-0.199	-0.200	-0.148	-0.144	-0.210	-0.210	-0.250	-0.232	-0.203	-0.137	-0.193	-0.154	-0.694	-0.070	-0.715	-0.753	-0.188	-0.179	-0.251	-0.220	-0.182	-0.093	-0.180	-0.229	-0.745	-0.173	-0.173	-0.198	-0.150	-0.893	
rs13383929     +0.973	+0.774	+0.798	+0.798	+0.797	+0.796	+0.803	+1.118	+0.630	+1.188	+0.834	+0.593	+1.181	+0.593	+0.594	+1.193	+1.200	+0.828	+0.819	+1.486	+0.591	+0.591	+0.591	+0.591	+0.799	+0.798	+1.443	+0.644	+1.563	+1.454	+0.592	+0.783	+1.517	+0.808	+1.674	+0.787	+0.593	+1.541	+0.621	+1.779	+0.627	+0.627	+0.628	+0.948	+1.259	+0.629	+0.626	+0.696	+0.886	+0.629	+0.925	+0.914	+0.628	+0.908	+0.631	+0.922	+0.632	+0.632	+0.921	+0.921	+0.945	+0.998	+0.932	+0.932	+1.308	+0.927	+0.890	+0.886	+0.890	+0.904	+0.903	+0.894	+0.906	+0.910	+0.939	+0.898	+0.898	+0.888	+1.199	+0.633	+0.632	+1.343	+1.326	+1.326	+0.683	+1.326	+1.326	+0.680	+1.331	+0.680	+1.353	+0.975	+1.333	+1.326	+1.330	+0.689	+1.313	+0.680	+1.298	+0.689	+0.682	+1.289	+0.680	+1.026	+0.682	+0.678	+0.677	+0.675	+0.674	+0.674	+1.263	+0.676	+0.672	+0.674	+0.672	+1.212	+1.219	+1.220	+1.220	+1.232	+1.224	+1.202	+1.227	+0.725	+0.709	+0.695	+1.227	+0.661	+0.665	+0.676	+1.281	+1.222	+0.655	+1.223	+1.223	+1.223	+1.224	+1.224	+1.224	+1.224	+1.224	+0.613	+1.334	+1.332	+1.378	+1.385	+1.321	+1.321	+1.280	+1.299	+1.328	+1.393	+1.338	+1.374	+0.641	+1.461	+0.619	+0.616	+1.342	+1.348	+1.277	+1.312	+1.349	+1.435	+1.351	+1.301	+0.607	+1.358	+1.358	+1.333	+1.381	+0.651	
rs67057274     -0.112	-0.800	-0.806	-0.806	-0.805	-0.800	-0.822	+0.524	-0.797	-0.772	-0.403	-0.610	+0.593	-0.482	-0.306	-0.773	-0.767	-0.390	-0.855	-0.682	-0.771	-0.773	-0.773	-0.773	-0.674	-0.675	-0.699	-0.404	-0.624	-0.693	-0.773	-0.442	-0.644	-0.397	-0.723	-0.434	-0.774	-0.631	-0.912	-0.683	-0.841	-0.854	-0.854	-0.833	+0.306	-0.854	-0.855	-0.805	-0.814	-0.854	-0.830	-0.827	-0.856	-0.824	-0.854	-0.831	-0.853	-0.853	-0.831	-0.831	-0.846	-0.865	-0.841	-0.841	-0.844	-0.839	-0.822	-0.819	-0.822	-0.830	-0.829	-0.824	-0.830	-0.834	-0.823	-0.826	-0.826	-0.814	-0.562	-0.782	-0.784	-0.175	-0.210	-0.210	-0.550	-0.210	-0.209	-0.556	-0.205	-0.556	-0.182	-0.714	-0.203	-0.210	-0.205	-0.538	-0.223	-0.556	-0.239	-0.542	-0.555	-0.248	-0.559	-0.684	-0.555	-0.562	-0.566	-0.569	-0.571	-0.572	-0.275	-0.568	-0.576	-0.574	-0.578	-0.335	-0.327	-0.327	-0.326	-0.315	-0.322	-0.344	-0.319	-0.518	-0.511	-0.577	-0.319	-0.636	-0.629	-0.572	-0.266	-0.325	-0.650	-0.324	-0.324	-0.324	-0.323	-0.323	-0.323	-0.323	-0.323	-0.756	-0.196	-0.198	-0.146	-0.141	-0.208	-0.208	-0.248	-0.229	-0.200	-0.135	-0.191	-0.152	-0.688	-0.068	-0.709	-0.747	-0.186	-0.177	-0.248	-0.218	-0.180	-0.091	-0.178	-0.227	-0.739	-0.171	-0.171	-0.196	-0.148	-0.888	
rs1465759      -0.655	-0.972	-0.966	-0.966	-0.966	-0.963	-0.978	+0.813	-0.690	-0.801	-0.327	-0.324	+0.594	-0.306	-0.648	-0.799	-0.790	-0.317	-1.002	-0.676	-0.678	-0.696	-0.692	-0.698	-0.744	-0.747	-0.701	-0.888	-0.576	-0.693	-0.701	-0.383	-0.604	-0.333	-0.909	-0.374	-0.704	-0.586	-0.980	-0.875	-0.836	-0.920	-0.910	-0.950	+0.343	-0.905	-0.919	-0.777	-0.923	-0.906	-0.946	-0.941	-0.907	-0.937	-0.894	-0.949	-0.893	-0.892	-0.949	-0.949	-0.967	-0.992	-0.960	-0.960	-1.006	-0.957	-0.935	-0.932	-0.935	-0.947	-0.945	-0.938	-0.946	-0.952	-0.941	-0.941	-0.941	-0.927	-0.738	-0.974	-0.975	-0.169	-0.197	-0.197	-0.824	-0.197	-0.197	-0.829	-0.192	-0.830	-0.167	-0.880	-0.190	-0.198	-0.192	-0.814	-0.213	-0.828	-0.232	-0.816	-0.827	-0.242	-0.830	-0.851	-0.827	-0.834	-0.836	-0.839	-0.840	-0.841	-0.273	-0.838	-0.845	-0.843	-0.847	-0.290	-0.281	-0.281	-0.280	-0.266	-0.275	-0.302	-0.272	-0.790	-0.789	-0.852	-0.273	-0.903	-0.897	-0.841	-0.210	-0.279	-0.914	-0.278	-0.278	-0.278	-0.277	-0.277	-0.277	-0.277	-0.278	-0.996	-0.139	-0.141	-0.079	-0.076	-0.154	-0.154	-0.200	-0.178	-0.145	-0.068	-0.134	-0.089	-0.932	+0.007	-0.953	-0.989	-0.129	-0.120	-0.201	-0.164	-0.122	-0.012	-0.120	-0.178	-0.979	-0.112	-0.112	-0.140	-0.085	-1.062	
rs7603188      -0.218	-0.515	-0.549	-0.548	-0.547	-0.537	-0.464	+0.448	-0.752	-0.520	-0.092	-0.777	+1.193	-0.773	-0.799	-0.373	-0.504	-0.078	-0.538	-0.490	-0.808	-0.813	-0.812	-0.814	-0.448	-0.450	-0.516	-0.714	-0.364	-0.511	-0.813	-0.329	-0.405	-0.282	-0.670	-0.321	-0.813	-0.391	-0.779	-0.639	-0.780	-0.803	-0.799	-0.671	+0.411	-0.796	-0.803	-0.706	-0.641	-0.797	-0.666	-0.661	-0.797	-0.657	-0.791	-0.670	-0.790	-0.790	-0.670	-0.670	-0.690	-0.719	-0.682	-0.682	-0.750	-0.680	-0.655	-0.652	-0.655	-0.668	-0.667	-0.658	-0.667	-0.674	-0.664	-0.661	-0.661	-0.647	-0.487	-0.722	-0.724	-0.031	-0.062	-0.062	-0.483	-0.061	-0.061	-0.489	-0.057	-0.489	-0.033	-0.627	-0.055	-0.062	-0.057	-0.471	-0.076	-0.488	-0.092	-0.474	-0.487	-0.101	-0.490	-0.598	-0.487	-0.494	-0.497	-0.500	-0.502	-0.503	-0.130	-0.500	-0.507	-0.506	-0.510	-0.177	-0.170	-0.169	-0.169	-0.157	-0.164	-0.187	-0.161	-0.433	-0.444	-0.503	-0.162	-0.562	-0.555	-0.504	-0.106	-0.167	-0.576	-0.166	-0.166	-0.166	-0.165	-0.165	-0.165	-0.165	-0.166	-0.673	-0.038	-0.039	+0.014	+0.019	-0.050	-0.050	-0.090	-0.072	-0.042	+0.026	-0.032	+0.008	-0.598	+0.094	-0.631	-0.665	-0.027	-0.019	-0.092	-0.060	-0.020	+0.068	-0.019	-0.067	-0.660	-0.012	-0.011	-0.037	+0.012	-0.807	
rs6739229      -0.206	-0.505	-0.539	-0.538	-0.537	-0.527	-0.456	+0.446	-0.745	-0.527	-0.080	-0.771	+1.200	-0.767	-0.790	-0.504	-0.364	-0.066	-0.520	-0.490	-0.801	-0.806	-0.805	-0.807	-0.437	-0.439	-0.514	-0.702	-0.367	-0.509	-0.806	-0.328	-0.406	-0.281	-0.662	-0.319	-0.806	-0.391	-0.770	-0.631	-0.773	-0.795	-0.791	-0.661	+0.412	-0.789	-0.795	-0.700	-0.631	-0.790	-0.656	-0.651	-0.790	-0.647	-0.783	-0.660	-0.783	-0.782	-0.660	-0.660	-0.680	-0.709	-0.673	-0.672	-0.741	-0.670	-0.645	-0.641	-0.645	-0.658	-0.657	-0.648	-0.656	-0.664	-0.654	-0.651	-0.651	-0.637	-0.480	-0.714	-0.715	-0.025	-0.056	-0.055	-0.472	-0.055	-0.055	-0.478	-0.051	-0.479	-0.027	-0.619	-0.049	-0.056	-0.051	-0.460	-0.069	-0.477	-0.086	-0.463	-0.476	-0.095	-0.480	-0.590	-0.476	-0.482	-0.486	-0.489	-0.491	-0.492	-0.123	-0.489	-0.496	-0.495	-0.499	-0.170	-0.163	-0.162	-0.162	-0.149	-0.157	-0.180	-0.154	-0.421	-0.432	-0.491	-0.155	-0.551	-0.544	-0.493	-0.099	-0.160	-0.565	-0.159	-0.159	-0.159	-0.158	-0.158	-0.158	-0.158	-0.159	-0.663	-0.031	-0.033	+0.020	+0.025	-0.043	-0.043	-0.083	-0.065	-0.035	+0.033	-0.025	+0.014	-0.587	+0.100	-0.621	-0.654	-0.020	-0.012	-0.085	-0.053	-0.014	+0.074	-0.012	-0.060	-0.650	-0.005	-0.005	-0.030	+0.019	-0.798	
rs7602631      -0.072	-0.288	-0.278	-0.279	-0.279	-0.276	-0.291	+0.581	-0.359	-0.079	+0.004	-0.393	+0.828	-0.390	-0.317	-0.078	-0.066	+0.097	-0.308	+0.093	-0.413	-0.416	-0.416	-0.417	-0.184	-0.186	+0.064	-0.206	+0.171	+0.072	-0.416	+0.022	+0.140	+0.063	+0.621	+0.029	-0.416	+0.157	-0.405	+0.764	-0.378	-0.390	-0.387	-0.066	+0.608	-0.385	-0.390	-0.308	-0.133	-0.386	-0.095	-0.107	-0.386	-0.114	-0.382	-0.104	-0.381	-0.380	-0.105	-0.105	-0.077	-0.019	-0.092	-0.092	+0.288	-0.096	-0.135	-0.140	-0.135	-0.125	-0.121	-0.130	-0.119	-0.115	-0.092	-0.126	-0.126	-0.137	+0.035	-0.344	-0.345	+0.417	+0.389	+0.390	-0.229	+0.390	+0.390	-0.234	+0.395	-0.234	+0.419	-0.143	+0.397	+0.390	+0.395	-0.220	+0.376	-0.232	+0.359	-0.221	-0.230	+0.350	-0.233	-0.106	-0.231	-0.236	-0.238	-0.241	-0.242	-0.243	+0.321	-0.240	-0.246	-0.244	-0.246	+0.257	+0.264	+0.265	+0.266	+0.277	+0.270	+0.246	+0.273	-0.187	-0.195	-0.238	+0.273	-0.281	-0.277	-0.240	+0.330	+0.268	-0.291	+0.269	+0.269	+0.269	+0.270	+0.270	+0.270	+0.270	+0.270	-0.358	+0.394	+0.392	+0.445	+0.450	+0.382	+0.381	+0.339	+0.359	+0.389	+0.457	+0.400	+0.439	-0.306	+0.530	-0.331	-0.352	+0.404	+0.412	+0.337	+0.370	+0.411	+0.504	+0.413	+0.361	-0.352	+0.420	+0.421	+0.394	+0.443	-0.393	
rs7576202      -0.459	-0.796	-0.797	-0.797	-0.797	-0.793	-0.781	+0.516	-0.848	-0.565	-0.321	-0.860	+0.819	-0.855	-1.002	-0.538	-0.520	-0.308	-0.530	+0.019	-0.907	-0.913	-0.912	-0.915	-0.655	-0.656	-0.071	-0.934	-0.056	-0.061	-0.914	-0.240	-0.125	-0.186	-0.794	-0.232	-0.914	-0.101	-0.881	-0.758	-0.890	-0.922	-0.916	-0.849	+0.502	-0.913	-0.921	-0.808	-0.825	-0.913	-0.845	-0.840	-0.914	-0.837	-0.905	-0.847	-0.904	-0.904	-0.847	-0.847	-0.865	-0.889	-0.858	-0.858	-0.896	-0.856	-0.835	-0.832	-0.834	-0.845	-0.844	-0.837	-0.845	-0.850	-0.840	-0.840	-0.840	-0.827	-0.619	-0.855	-0.857	-0.115	-0.149	-0.149	-0.667	-0.149	-0.149	-0.672	-0.144	-0.672	-0.120	-0.765	-0.142	-0.149	-0.144	-0.655	-0.163	-0.671	-0.181	-0.658	-0.670	-0.191	-0.673	-0.735	-0.670	-0.676	-0.680	-0.683	-0.684	-0.685	-0.220	-0.682	-0.689	-0.688	-0.691	-0.271	-0.263	-0.263	-0.262	-0.250	-0.258	-0.282	-0.255	-0.625	-0.631	-0.707	-0.255	-0.759	-0.753	-0.685	-0.197	-0.261	-0.772	-0.260	-0.259	-0.260	-0.259	-0.259	-0.259	-0.259	-0.259	-0.860	-0.124	-0.126	-0.070	-0.065	-0.137	-0.137	-0.179	-0.160	-0.129	-0.058	-0.118	-0.077	-0.778	+0.013	-0.806	-0.852	-0.113	-0.104	-0.180	-0.148	-0.107	-0.009	-0.105	-0.158	-0.834	-0.097	-0.097	-0.124	-0.073	-0.950	
rs112470174    -0.022	-0.390	-0.426	-0.425	-0.424	-0.413	-0.351	+0.452	-0.651	-0.497	+0.077	-0.685	+1.486	-0.682	-0.676	-0.490	-0.490	+0.093	+0.019	-0.256	-0.713	-0.717	-0.717	-0.718	-0.293	-0.295	-0.373	-0.533	-0.375	-0.376	-0.717	-0.312	-0.397	-0.271	-0.570	-0.305	-0.717	-0.388	-0.663	-0.542	-0.680	-0.702	-0.699	-0.534	+0.418	-0.697	-0.702	-0.616	-0.508	-0.698	-0.529	-0.523	-0.698	-0.519	-0.693	-0.533	-0.692	-0.692	-0.533	-0.533	-0.556	-0.588	-0.547	-0.547	-0.636	-0.544	-0.517	-0.513	-0.517	-0.531	-0.530	-0.520	-0.530	-0.538	-0.529	-0.524	-0.524	-0.509	-0.374	-0.593	-0.595	+0.045	+0.016	+0.016	-0.310	+0.017	+0.017	-0.317	+0.021	-0.317	+0.044	-0.514	+0.023	+0.016	+0.021	-0.297	+0.003	-0.316	-0.014	-0.301	-0.315	-0.022	-0.318	-0.485	-0.314	-0.321	-0.326	-0.329	-0.331	-0.332	-0.050	-0.329	-0.337	-0.336	-0.340	-0.095	-0.087	-0.087	-0.086	-0.075	-0.082	-0.104	-0.079	-0.259	-0.276	-0.373	-0.079	-0.428	-0.421	-0.334	-0.025	-0.085	-0.443	-0.084	-0.084	-0.084	-0.083	-0.083	-0.083	-0.083	-0.083	-0.544	+0.041	+0.040	+0.092	+0.097	+0.030	+0.029	-0.010	+0.008	+0.037	+0.104	+0.047	+0.086	-0.432	+0.170	-0.472	-0.535	+0.052	+0.060	-0.013	+0.019	+0.058	+0.143	+0.060	+0.013	-0.504	+0.067	+0.067	+0.043	+0.090	-0.695	
rs352977       -0.310	-0.855	-0.859	-0.859	-0.858	-0.853	-0.876	+0.486	-0.859	-0.807	-0.425	-0.776	+0.591	-0.771	-0.678	-0.808	-0.801	-0.413	-0.907	-0.713	-0.532	-0.664	-0.665	-0.665	-0.730	-0.731	-0.731	-0.279	-0.652	-0.725	-0.671	-0.411	-0.672	-0.361	-0.718	-0.402	-0.679	-0.659	-0.942	-0.670	-0.849	-0.876	-0.874	-0.884	+0.307	-0.874	-0.877	-0.818	-0.866	-0.874	-0.881	-0.878	-0.876	-0.876	-0.873	-0.882	-0.873	-0.872	-0.882	-0.882	-0.895	-0.912	-0.891	-0.891	-0.877	-0.889	-0.874	-0.872	-0.874	-0.881	-0.881	-0.876	-0.881	-0.885	-0.873	-0.878	-0.878	-0.867	-0.608	-0.831	-0.833	-0.204	-0.237	-0.237	-0.618	-0.237	-0.237	-0.624	-0.232	-0.625	-0.209	-0.761	-0.230	-0.237	-0.232	-0.607	-0.251	-0.624	-0.268	-0.611	-0.623	-0.277	-0.627	-0.731	-0.623	-0.630	-0.634	-0.637	-0.638	-0.639	-0.304	-0.636	-0.644	-0.642	-0.646	-0.355	-0.348	-0.347	-0.347	-0.335	-0.343	-0.366	-0.340	-0.585	-0.580	-0.642	-0.340	-0.700	-0.693	-0.640	-0.285	-0.345	-0.714	-0.344	-0.344	-0.344	-0.343	-0.344	-0.344	-0.344	-0.344	-0.816	-0.215	-0.216	-0.162	-0.158	-0.227	-0.227	-0.268	-0.249	-0.219	-0.151	-0.209	-0.169	-0.750	-0.082	-0.772	-0.807	-0.204	-0.195	-0.269	-0.237	-0.198	-0.104	-0.196	-0.247	-0.802	-0.189	-0.189	-0.214	-0.165	-0.935	
rs352979       -0.323	-0.862	-0.866	-0.866	-0.865	-0.860	-0.883	+0.493	-0.862	-0.812	-0.428	-0.778	+0.591	-0.773	-0.696	-0.813	-0.806	-0.416	-0.913	-0.717	-0.664	-0.539	-0.669	-0.671	-0.734	-0.735	-0.736	-0.306	-0.656	-0.729	-0.677	-0.410	-0.676	-0.358	-0.727	-0.400	-0.685	-0.662	-0.948	-0.679	-0.854	-0.882	-0.880	-0.889	+0.308	-0.880	-0.883	-0.821	-0.872	-0.880	-0.887	-0.884	-0.882	-0.881	-0.879	-0.888	-0.878	-0.878	-0.888	-0.888	-0.901	-0.918	-0.897	-0.896	-0.884	-0.895	-0.879	-0.877	-0.879	-0.886	-0.886	-0.881	-0.887	-0.890	-0.879	-0.883	-0.883	-0.872	-0.615	-0.839	-0.840	-0.207	-0.240	-0.240	-0.628	-0.239	-0.239	-0.633	-0.235	-0.634	-0.212	-0.767	-0.233	-0.240	-0.235	-0.616	-0.253	-0.634	-0.270	-0.620	-0.632	-0.279	-0.636	-0.738	-0.632	-0.639	-0.643	-0.646	-0.647	-0.649	-0.307	-0.645	-0.653	-0.651	-0.655	-0.358	-0.350	-0.349	-0.349	-0.337	-0.345	-0.368	-0.342	-0.594	-0.590	-0.651	-0.342	-0.709	-0.702	-0.649	-0.287	-0.347	-0.723	-0.347	-0.346	-0.347	-0.346	-0.346	-0.346	-0.346	-0.346	-0.824	-0.216	-0.218	-0.163	-0.160	-0.229	-0.229	-0.270	-0.251	-0.221	-0.153	-0.211	-0.171	-0.759	-0.084	-0.781	-0.816	-0.206	-0.197	-0.271	-0.239	-0.199	-0.106	-0.198	-0.249	-0.810	-0.191	-0.190	-0.216	-0.167	-0.942	
rs352980       -0.321	-0.861	-0.864	-0.864	-0.864	-0.859	-0.881	+0.491	-0.862	-0.811	-0.427	-0.778	+0.591	-0.773	-0.692	-0.812	-0.805	-0.416	-0.912	-0.717	-0.665	-0.669	-0.538	-0.669	-0.733	-0.735	-0.735	-0.300	-0.655	-0.728	-0.677	-0.410	-0.675	-0.359	-0.725	-0.401	-0.684	-0.662	-0.947	-0.677	-0.853	-0.880	-0.879	-0.888	+0.308	-0.878	-0.881	-0.821	-0.870	-0.879	-0.886	-0.882	-0.881	-0.880	-0.878	-0.887	-0.877	-0.877	-0.887	-0.887	-0.900	-0.917	-0.895	-0.895	-0.883	-0.894	-0.878	-0.876	-0.878	-0.885	-0.885	-0.880	-0.886	-0.889	-0.877	-0.882	-0.882	-0.871	-0.614	-0.837	-0.839	-0.206	-0.239	-0.239	-0.626	-0.239	-0.239	-0.632	-0.235	-0.632	-0.211	-0.766	-0.232	-0.239	-0.235	-0.614	-0.253	-0.632	-0.270	-0.618	-0.630	-0.279	-0.634	-0.736	-0.630	-0.637	-0.641	-0.644	-0.646	-0.647	-0.307	-0.643	-0.651	-0.649	-0.653	-0.357	-0.350	-0.349	-0.349	-0.337	-0.344	-0.367	-0.341	-0.592	-0.588	-0.649	-0.342	-0.707	-0.700	-0.647	-0.286	-0.347	-0.721	-0.346	-0.346	-0.346	-0.345	-0.345	-0.345	-0.345	-0.346	-0.823	-0.216	-0.218	-0.163	-0.159	-0.228	-0.229	-0.270	-0.251	-0.221	-0.153	-0.211	-0.171	-0.757	-0.084	-0.779	-0.814	-0.206	-0.197	-0.270	-0.239	-0.199	-0.105	-0.198	-0.248	-0.809	-0.190	-0.190	-0.216	-0.167	-0.941	
rs352981       -0.325	-0.863	-0.867	-0.867	-0.866	-0.861	-0.884	+0.494	-0.863	-0.813	-0.429	-0.778	+0.591	-0.773	-0.698	-0.814	-0.807	-0.417	-0.915	-0.718	-0.665	-0.671	-0.669	-0.540	-0.735	-0.736	-0.736	-0.310	-0.656	-0.730	-0.677	-0.409	-0.676	-0.358	-0.728	-0.400	-0.685	-0.663	-0.949	-0.681	-0.854	-0.882	-0.881	-0.890	+0.308	-0.880	-0.883	-0.821	-0.872	-0.881	-0.888	-0.884	-0.882	-0.882	-0.879	-0.889	-0.879	-0.878	-0.889	-0.889	-0.902	-0.919	-0.897	-0.897	-0.885	-0.896	-0.880	-0.878	-0.880	-0.887	-0.887	-0.882	-0.888	-0.891	-0.880	-0.884	-0.884	-0.873	-0.616	-0.840	-0.842	-0.207	-0.240	-0.240	-0.629	-0.240	-0.240	-0.635	-0.235	-0.635	-0.212	-0.769	-0.233	-0.240	-0.235	-0.618	-0.254	-0.635	-0.271	-0.621	-0.634	-0.280	-0.638	-0.739	-0.634	-0.641	-0.644	-0.648	-0.649	-0.650	-0.308	-0.647	-0.655	-0.653	-0.657	-0.358	-0.350	-0.350	-0.349	-0.338	-0.345	-0.368	-0.342	-0.596	-0.591	-0.652	-0.342	-0.711	-0.704	-0.651	-0.287	-0.348	-0.724	-0.347	-0.347	-0.347	-0.346	-0.346	-0.346	-0.346	-0.346	-0.826	-0.217	-0.218	-0.164	-0.160	-0.229	-0.229	-0.270	-0.251	-0.221	-0.153	-0.211	-0.171	-0.760	-0.084	-0.782	-0.817	-0.206	-0.197	-0.271	-0.239	-0.200	-0.106	-0.198	-0.249	-0.812	-0.191	-0.191	-0.216	-0.167	-0.943	
rs13385783     -0.414	-0.628	-0.621	-0.621	-0.621	-0.619	-0.636	+0.455	-0.639	-0.449	-0.200	-0.678	+0.799	-0.674	-0.744	-0.448	-0.437	-0.184	-0.655	-0.293	-0.730	-0.734	-0.733	-0.735	-0.274	-0.387	-0.319	-0.575	-0.218	-0.310	-0.734	-0.285	-0.246	-0.243	+0.864	-0.277	-0.734	-0.228	-0.726	+1.118	-0.700	-0.718	-0.714	-0.324	+0.416	-0.712	-0.718	-0.628	-0.432	-0.713	-0.382	-0.398	-0.713	-0.408	-0.707	-0.398	-0.707	-0.706	-0.399	-0.399	-0.374	-0.298	-0.392	-0.392	+0.019	-0.398	-0.440	-0.445	-0.441	-0.431	-0.427	-0.436	-0.425	-0.424	-0.441	-0.432	-0.432	-0.445	-0.328	-0.656	-0.657	+0.074	+0.046	+0.046	-0.534	+0.046	+0.047	-0.539	+0.051	-0.539	+0.075	-0.494	+0.053	+0.046	+0.051	-0.525	+0.033	-0.538	+0.016	-0.527	-0.536	+0.006	-0.539	-0.461	-0.537	-0.542	-0.545	-0.547	-0.548	-0.549	-0.022	-0.546	-0.553	-0.551	-0.554	-0.077	-0.069	-0.069	-0.068	-0.057	-0.064	-0.087	-0.061	-0.494	-0.500	-0.549	-0.061	-0.596	-0.590	-0.548	-0.005	-0.066	-0.606	-0.065	-0.065	-0.065	-0.064	-0.064	-0.064	-0.064	-0.065	-0.678	+0.061	+0.059	+0.113	+0.117	+0.048	+0.048	+0.007	+0.026	+0.056	+0.124	+0.066	+0.106	-0.622	+0.194	-0.646	-0.672	+0.071	+0.079	+0.005	+0.037	+0.078	+0.171	+0.079	+0.028	-0.669	+0.087	+0.087	+0.061	+0.110	-0.723	
rs13386121     -0.416	-0.630	-0.623	-0.623	-0.623	-0.620	-0.637	+0.456	-0.640	-0.451	-0.201	-0.679	+0.798	-0.675	-0.747	-0.450	-0.439	-0.186	-0.656	-0.295	-0.731	-0.735	-0.735	-0.736	-0.387	-0.276	-0.321	-0.579	-0.220	-0.312	-0.735	-0.285	-0.247	-0.243	+0.815	-0.277	-0.735	-0.230	-0.727	+1.063	-0.701	-0.719	-0.716	-0.344	+0.416	-0.713	-0.719	-0.630	-0.442	-0.714	-0.396	-0.411	-0.714	-0.420	-0.709	-0.410	-0.708	-0.708	-0.411	-0.412	-0.388	-0.317	-0.404	-0.405	-0.004	-0.410	-0.449	-0.454	-0.450	-0.441	-0.437	-0.446	-0.436	-0.434	-0.449	-0.442	-0.442	-0.453	-0.331	-0.657	-0.659	+0.073	+0.044	+0.045	-0.536	+0.045	+0.045	-0.540	+0.049	-0.540	+0.073	-0.497	+0.052	+0.044	+0.049	-0.526	+0.031	-0.539	+0.014	-0.528	-0.538	+0.005	-0.540	-0.463	-0.538	-0.543	-0.546	-0.549	-0.550	-0.551	-0.023	-0.548	-0.554	-0.552	-0.555	-0.078	-0.071	-0.070	-0.070	-0.058	-0.065	-0.089	-0.062	-0.495	-0.501	-0.551	-0.062	-0.597	-0.592	-0.549	-0.007	-0.067	-0.607	-0.066	-0.066	-0.066	-0.065	-0.066	-0.066	-0.066	-0.066	-0.679	+0.060	+0.058	+0.112	+0.116	+0.047	+0.047	+0.006	+0.025	+0.055	+0.122	+0.065	+0.105	-0.623	+0.193	-0.647	-0.673	+0.070	+0.078	+0.003	+0.036	+0.077	+0.170	+0.078	+0.027	-0.670	+0.086	+0.086	+0.060	+0.109	-0.725	
rs1508600      -0.053	-0.425	-0.460	-0.459	-0.457	-0.447	-0.395	+0.445	-0.669	-0.522	+0.049	-0.702	+1.443	-0.699	-0.701	-0.516	-0.514	+0.064	-0.071	-0.373	-0.731	-0.736	-0.735	-0.736	-0.319	-0.321	-0.278	-0.559	-0.378	-0.381	-0.736	-0.320	-0.400	-0.278	-0.590	-0.312	-0.735	-0.389	-0.684	-0.561	-0.698	-0.721	-0.718	-0.557	+0.412	-0.716	-0.721	-0.634	-0.531	-0.717	-0.552	-0.546	-0.717	-0.542	-0.712	-0.556	-0.711	-0.711	-0.556	-0.556	-0.578	-0.610	-0.569	-0.569	-0.656	-0.566	-0.539	-0.535	-0.539	-0.553	-0.552	-0.543	-0.552	-0.560	-0.551	-0.546	-0.546	-0.531	-0.394	-0.613	-0.615	+0.028	-0.001	-0.001	-0.334	-0.001	-0.001	-0.340	+0.004	-0.341	+0.027	-0.534	+0.006	-0.001	+0.004	-0.321	-0.014	-0.340	-0.031	-0.325	-0.339	-0.040	-0.342	-0.505	-0.338	-0.345	-0.349	-0.353	-0.354	-0.356	-0.067	-0.353	-0.361	-0.359	-0.364	-0.112	-0.105	-0.104	-0.104	-0.092	-0.099	-0.122	-0.096	-0.283	-0.300	-0.397	-0.097	-0.452	-0.445	-0.358	-0.043	-0.102	-0.466	-0.101	-0.101	-0.101	-0.100	-0.100	-0.100	-0.100	-0.101	-0.567	+0.024	+0.023	+0.075	+0.080	+0.013	+0.012	-0.027	-0.009	+0.020	+0.087	+0.030	+0.069	-0.455	+0.153	-0.496	-0.558	+0.035	+0.043	-0.030	+0.002	+0.041	+0.127	+0.043	-0.004	-0.527	+0.050	+0.050	+0.026	+0.073	-0.715	
rs352991       -0.659	-0.920	-0.911	-0.911	-0.911	-0.909	-0.921	+0.801	-0.681	-0.718	-0.218	-0.418	+0.644	-0.404	-0.888	-0.714	-0.702	-0.206	-0.934	-0.533	-0.279	-0.306	-0.300	-0.310	-0.575	-0.579	-0.559	-0.591	-0.453	-0.550	-0.314	-0.181	-0.483	-0.121	-0.868	-0.168	-0.320	-0.464	-0.816	-0.838	-0.659	-0.742	-0.728	-0.836	+0.507	-0.720	-0.741	-0.567	-0.801	-0.723	-0.831	-0.825	-0.724	-0.821	-0.705	-0.836	-0.704	-0.703	-0.835	-0.835	-0.858	-0.891	-0.850	-0.849	-0.940	-0.847	-0.819	-0.815	-0.818	-0.834	-0.830	-0.822	-0.832	-0.841	-0.834	-0.826	-0.826	-0.810	-0.688	-0.936	-0.938	-0.034	-0.060	-0.059	-0.807	-0.059	-0.059	-0.811	-0.055	-0.811	-0.028	-0.827	-0.052	-0.060	-0.055	-0.796	-0.077	-0.810	-0.099	-0.798	-0.808	-0.110	-0.811	-0.799	-0.809	-0.814	-0.817	-0.820	-0.821	-0.822	-0.143	-0.819	-0.826	-0.824	-0.827	-0.137	-0.128	-0.127	-0.127	-0.113	-0.122	-0.150	-0.118	-0.771	-0.772	-0.831	-0.119	-0.878	-0.873	-0.822	-0.051	-0.126	-0.889	-0.125	-0.125	-0.125	-0.124	-0.124	-0.124	-0.124	-0.125	-0.964	+0.021	+0.019	+0.087	+0.088	+0.004	+0.004	-0.046	-0.022	+0.014	+0.096	+0.026	+0.074	-0.904	+0.177	-0.925	-0.958	+0.031	+0.039	-0.045	-0.006	+0.039	+0.161	+0.040	-0.023	-0.949	+0.049	+0.049	+0.019	+0.077	-1.013	
rs12613418     +0.049	-0.258	-0.303	-0.301	-0.299	-0.288	-0.176	+0.475	-0.596	-0.383	+0.155	-0.628	+1.563	-0.624	-0.576	-0.364	-0.367	+0.171	-0.056	-0.375	-0.652	-0.656	-0.655	-0.656	-0.218	-0.220	-0.378	-0.453	-0.180	-0.377	-0.655	-0.280	-0.290	-0.240	-0.502	-0.273	-0.655	-0.294	-0.568	-0.474	-0.621	-0.635	-0.632	-0.461	+0.438	-0.631	-0.635	-0.552	-0.435	-0.631	-0.456	-0.450	-0.631	-0.446	-0.626	-0.460	-0.626	-0.625	-0.460	-0.460	-0.483	-0.515	-0.474	-0.474	-0.566	-0.471	-0.443	-0.439	-0.443	-0.458	-0.457	-0.447	-0.456	-0.465	-0.456	-0.450	-0.450	-0.435	-0.306	-0.537	-0.539	+0.109	+0.081	+0.082	-0.246	+0.082	+0.082	-0.253	+0.086	-0.253	+0.109	-0.446	+0.088	+0.081	+0.086	-0.234	+0.068	-0.252	+0.052	-0.237	-0.251	+0.043	-0.254	-0.417	-0.250	-0.257	-0.261	-0.265	-0.266	-0.268	+0.015	-0.264	-0.273	-0.271	-0.276	-0.028	-0.021	-0.020	-0.020	-0.008	-0.016	-0.038	-0.013	-0.195	-0.212	-0.267	-0.013	-0.325	-0.317	-0.270	+0.041	-0.019	-0.340	-0.018	-0.018	-0.018	-0.017	-0.017	-0.017	-0.017	-0.017	-0.447	+0.107	+0.105	+0.157	+0.162	+0.095	+0.095	+0.056	+0.074	+0.103	+0.169	+0.112	+0.151	-0.366	+0.235	-0.407	-0.437	+0.117	+0.125	+0.053	+0.085	+0.124	+0.208	+0.125	+0.079	-0.438	+0.133	+0.133	+0.108	+0.156	-0.622	
rs6720677      -0.044	-0.416	-0.451	-0.450	-0.449	-0.439	-0.386	+0.448	-0.663	-0.517	+0.057	-0.696	+1.454	-0.693	-0.693	-0.511	-0.509	+0.072	-0.061	-0.376	-0.725	-0.729	-0.728	-0.730	-0.310	-0.312	-0.381	-0.550	-0.377	-0.270	-0.729	-0.317	-0.398	-0.275	-0.583	-0.310	-0.729	-0.386	-0.676	-0.554	-0.692	-0.715	-0.711	-0.548	+0.414	-0.710	-0.715	-0.628	-0.522	-0.710	-0.543	-0.537	-0.710	-0.533	-0.705	-0.548	-0.705	-0.704	-0.547	-0.547	-0.570	-0.601	-0.561	-0.561	-0.649	-0.558	-0.531	-0.527	-0.530	-0.545	-0.544	-0.534	-0.544	-0.552	-0.543	-0.538	-0.538	-0.523	-0.386	-0.606	-0.608	+0.033	+0.005	+0.005	-0.324	+0.005	+0.005	-0.330	+0.009	-0.331	+0.032	-0.527	+0.012	+0.005	+0.009	-0.311	-0.009	-0.329	-0.025	-0.315	-0.328	-0.034	-0.332	-0.498	-0.328	-0.335	-0.339	-0.343	-0.344	-0.346	-0.062	-0.343	-0.351	-0.349	-0.354	-0.106	-0.098	-0.098	-0.097	-0.086	-0.093	-0.116	-0.090	-0.273	-0.289	-0.387	-0.091	-0.443	-0.436	-0.348	-0.037	-0.096	-0.457	-0.095	-0.095	-0.095	-0.094	-0.094	-0.094	-0.094	-0.095	-0.558	+0.030	+0.029	+0.081	+0.086	+0.019	+0.018	-0.021	-0.003	+0.026	+0.093	+0.036	+0.075	-0.446	+0.159	-0.486	-0.549	+0.041	+0.049	-0.024	+0.008	+0.047	+0.133	+0.049	+0.002	-0.518	+0.056	+0.056	+0.032	+0.079	-0.708	
rs352993       -0.325	-0.863	-0.867	-0.867	-0.866	-0.861	-0.884	+0.495	-0.862	-0.812	-0.428	-0.778	+0.592	-0.773	-0.701	-0.813	-0.806	-0.416	-0.914	-0.717	-0.671	-0.677	-0.677	-0.677	-0.734	-0.735	-0.736	-0.314	-0.655	-0.729	-0.540	-0.407	-0.676	-0.356	-0.728	-0.397	-0.673	-0.662	-0.948	-0.680	-0.853	-0.881	-0.879	-0.890	+0.310	-0.879	-0.882	-0.820	-0.872	-0.879	-0.887	-0.884	-0.881	-0.881	-0.878	-0.888	-0.877	-0.876	-0.888	-0.888	-0.902	-0.918	-0.897	-0.897	-0.885	-0.895	-0.880	-0.877	-0.880	-0.887	-0.887	-0.882	-0.887	-0.891	-0.879	-0.884	-0.884	-0.872	-0.616	-0.840	-0.842	-0.206	-0.239	-0.239	-0.629	-0.239	-0.239	-0.635	-0.234	-0.635	-0.211	-0.768	-0.232	-0.239	-0.234	-0.618	-0.253	-0.635	-0.270	-0.621	-0.634	-0.279	-0.638	-0.738	-0.634	-0.641	-0.644	-0.648	-0.649	-0.650	-0.307	-0.647	-0.655	-0.653	-0.657	-0.357	-0.349	-0.349	-0.348	-0.336	-0.344	-0.367	-0.341	-0.596	-0.591	-0.652	-0.341	-0.711	-0.704	-0.651	-0.286	-0.347	-0.724	-0.346	-0.346	-0.346	-0.345	-0.345	-0.345	-0.345	-0.345	-0.826	-0.216	-0.217	-0.162	-0.159	-0.228	-0.228	-0.269	-0.250	-0.220	-0.152	-0.210	-0.170	-0.760	-0.083	-0.782	-0.817	-0.205	-0.196	-0.270	-0.238	-0.199	-0.104	-0.197	-0.248	-0.812	-0.190	-0.190	-0.215	-0.166	-0.943	
rs6721469      +0.307	-0.202	-0.225	-0.224	-0.223	-0.214	-0.214	+0.428	-0.414	-0.326	+0.012	-0.443	+0.783	-0.442	-0.383	-0.329	-0.328	+0.022	-0.240	-0.312	-0.411	-0.410	-0.410	-0.409	-0.285	-0.285	-0.320	-0.181	-0.280	-0.317	-0.407	+0.037	-0.289	-0.031	+0.182	-0.068	-0.406	-0.283	+0.006	+0.270	-0.415	-0.407	-0.408	-0.375	+0.410	-0.409	-0.408	-0.380	-0.370	-0.409	-0.375	-0.374	-0.411	-0.373	-0.412	-0.374	-0.411	-0.411	-0.374	-0.374	-0.380	-0.384	-0.379	-0.379	-0.266	-0.379	-0.373	-0.372	-0.373	-0.374	-0.376	-0.374	-0.376	-0.376	-0.362	-0.375	-0.375	-0.367	-0.019	-0.385	-0.386	+0.225	+0.204	+0.204	-0.137	+0.205	+0.205	-0.143	+0.209	-0.143	+0.230	-0.184	+0.211	+0.204	+0.209	-0.126	+0.192	-0.142	+0.177	-0.129	-0.140	+0.169	-0.144	-0.149	-0.140	-0.147	-0.150	-0.153	-0.154	-0.155	+0.144	-0.152	-0.160	-0.158	-0.161	+0.097	+0.103	+0.104	+0.104	+0.115	+0.108	+0.087	+0.111	-0.078	-0.103	-0.131	+0.110	-0.184	-0.178	-0.155	+0.159	+0.105	-0.197	+0.106	+0.106	+0.106	+0.107	+0.107	+0.107	+0.107	+0.106	-0.287	+0.215	+0.214	+0.261	+0.265	+0.204	+0.204	+0.168	+0.185	+0.211	+0.272	+0.220	+0.256	-0.225	+0.335	-0.269	-0.279	+0.224	+0.230	+0.164	+0.195	+0.231	+0.308	+0.232	+0.189	-0.295	+0.239	+0.239	+0.216	+0.260	-0.425	
