## Summary of overall evidence for association with region:
## log10(BF for region) = 0.810889
## p-value for region = NA

## BFs for choosing among multi-SNP models:
## log10(average 1-SNP BF) = 0.769237
## log10(average 2-SNP BF) = 0.883837

## Example posterior probabilities for multi-SNP models, based on default prior: [p(l) propto 0.5^l for l=1,2,...,L]
## posterior probability of 1-SNP = 0.6057
## posterior probability of 2-SNP = 0.3943

## log10(BF) for single SNP and pair of SNPs:
rs1427822      -0.101	-0.266	-0.192	-0.153	-0.332	-0.313	-0.343	-0.324	-0.343	-0.059	-0.327	-0.327	-0.054	-0.333	-0.068	-0.335	-0.331	+0.069	+1.019	+1.022	-0.444	-0.327	-0.022	+0.039	-0.406	+0.073	+0.082	+0.437	+0.257	-0.296	+0.085	-0.305	+0.075	-0.410	+0.078	+0.080	+1.153	+0.045	+1.157	+1.124	-0.406	+1.160	+0.028	-0.402	+0.244	-0.350	-0.310	-0.083	-0.084	-0.092	+1.326	+1.408	+1.325	-0.085	+1.421	+1.417	+1.454	+1.454	+1.488	+1.534	+1.522	+1.516	+1.520	+1.977	-0.280	-0.271	-0.249	-0.265	-0.374	+0.148	-0.582	+0.729	+0.358	+0.357	-0.473	-0.473	+0.365	-0.550	-0.465	+0.393	-0.517	+0.381	-0.454	-0.566	+0.044	+0.180	-0.149	-0.125	+0.338	+0.327	+0.321	-0.185	-0.179	+0.279	+0.312	-0.175	+0.311	-0.208	-0.347	+0.268	+0.050	+0.029	+0.031	+0.122	+0.614	-0.449	+0.175	-0.239	-0.385	-0.104	-0.165	-0.272	-0.430	-0.350	-0.289	-0.267	-0.270	-0.269	-0.257	-0.385	-0.302	-0.606	-0.607	-0.605	-0.623	-0.624	-0.616	-0.614	-0.619	-0.626	-0.642	-0.534	-0.579	-0.624	-0.384	-0.272	-0.435	-0.432	-0.417	-0.295	-0.160	-0.228	-0.167	-0.165	-0.434	-0.196	-0.542	-0.167	-0.167	-0.431	-0.630	-0.286	-0.426	-0.642	-0.641	-0.527	-0.526	-0.257	-0.639	-0.283	+0.765	-0.223	-0.207	+0.475	-0.061	
rs2249412      -0.266	-0.399	-0.331	-0.226	-0.676	-0.672	-0.677	-0.617	-0.677	-0.136	-0.617	-0.617	-0.131	-0.619	-0.139	-0.619	-0.473	+0.068	+0.612	+0.615	-0.795	-0.467	-0.359	-0.627	-0.790	+0.073	+0.084	-0.327	-0.488	-0.754	+0.088	-0.758	+0.078	-0.795	+0.083	+0.086	+0.742	+0.049	+0.747	+0.714	-0.795	+0.750	+0.031	-0.803	-0.513	-0.778	-0.771	-0.097	-0.099	-0.109	+0.910	+0.990	+0.909	-0.100	+0.999	+0.996	+1.032	+1.031	+1.065	+1.110	+1.097	+1.091	+1.095	+1.556	-0.645	-0.638	-0.621	-0.633	-0.710	-0.174	-0.826	+0.339	-0.004	-0.005	-0.712	-0.712	+0.002	-0.790	-0.705	+0.028	-0.756	+0.018	-0.695	-0.815	-0.271	-0.170	-0.445	-0.419	-0.007	-0.017	-0.023	-0.480	-0.474	-0.061	-0.031	-0.470	-0.031	-0.501	-0.619	-0.072	-0.261	-0.280	-0.278	-0.192	+0.261	-0.680	-0.115	-0.548	-0.615	-0.358	-0.368	-0.482	-0.688	-0.592	-0.532	-0.511	-0.513	-0.513	-0.500	-0.628	-0.545	-0.849	-0.850	-0.849	-0.866	-0.867	-0.860	-0.858	-0.862	-0.869	-0.884	-0.781	-0.824	-0.865	-0.634	-0.530	-0.690	-0.688	-0.673	-0.551	-0.422	-0.487	-0.430	-0.428	-0.689	-0.457	-0.795	-0.429	-0.429	-0.686	-0.871	-0.543	-0.682	-0.884	-0.882	-0.781	-0.780	-0.516	-0.880	-0.541	+0.560	-0.476	-0.460	+0.277	-0.316	
rs17521955     -0.192	-0.331	-0.159	-0.151	-0.396	-0.377	-0.406	-0.388	-0.407	+0.021	-0.390	-0.391	+0.029	-0.396	-0.001	-0.398	-0.385	+0.074	+0.974	+0.976	-0.505	-0.381	-0.062	-0.045	-0.468	+0.078	+0.088	+0.348	+0.168	-0.361	+0.090	-0.370	+0.079	-0.472	+0.081	+0.084	+1.107	+0.045	+1.112	+1.078	-0.468	+1.115	+0.027	-0.465	+0.152	-0.414	-0.375	-0.094	-0.096	-0.104	+1.280	+1.362	+1.279	-0.097	+1.374	+1.371	+1.408	+1.408	+1.442	+1.488	+1.476	+1.470	+1.474	+1.933	-0.336	-0.327	-0.306	-0.322	-0.429	+0.097	-0.630	+0.674	+0.305	+0.304	-0.521	-0.521	+0.311	-0.599	-0.513	+0.339	-0.565	+0.327	-0.503	-0.616	-0.007	+0.128	-0.198	-0.175	+0.284	+0.274	+0.267	-0.234	-0.228	+0.226	+0.258	-0.224	+0.258	-0.257	-0.397	+0.215	-0.002	-0.023	-0.021	+0.071	+0.559	-0.497	+0.124	-0.290	-0.433	-0.154	-0.214	-0.320	-0.481	-0.401	-0.340	-0.318	-0.321	-0.320	-0.308	-0.436	-0.353	-0.656	-0.657	-0.654	-0.673	-0.673	-0.665	-0.663	-0.668	-0.675	-0.691	-0.585	-0.629	-0.673	-0.436	-0.325	-0.485	-0.482	-0.467	-0.347	-0.213	-0.280	-0.220	-0.218	-0.484	-0.249	-0.592	-0.220	-0.220	-0.481	-0.680	-0.339	-0.476	-0.692	-0.690	-0.577	-0.576	-0.310	-0.688	-0.335	+0.715	-0.274	-0.259	+0.426	-0.113	
rs1427824      -0.153	-0.226	-0.151	-0.067	-0.294	-0.274	-0.304	-0.286	-0.305	-0.066	-0.288	-0.289	-0.062	-0.295	-0.073	-0.296	-0.299	+0.069	+1.044	+1.047	-0.409	-0.295	+0.001	+0.087	-0.370	+0.073	+0.082	+0.488	+0.309	-0.259	+0.085	-0.268	+0.076	-0.374	+0.079	+0.082	+1.178	+0.048	+1.183	+1.149	-0.371	+1.186	+0.031	-0.366	+0.297	-0.314	-0.273	-0.074	-0.075	-0.083	+1.351	+1.433	+1.350	-0.076	+1.446	+1.442	+1.479	+1.479	+1.513	+1.560	+1.547	+1.541	+1.545	+2.001	-0.247	-0.238	-0.216	-0.232	-0.342	+0.179	-0.553	+0.762	+0.390	+0.389	-0.444	-0.444	+0.396	-0.522	-0.436	+0.425	-0.488	+0.412	-0.426	-0.537	+0.075	+0.211	-0.119	-0.095	+0.370	+0.359	+0.353	-0.155	-0.149	+0.311	+0.343	-0.144	+0.343	-0.178	-0.317	+0.300	+0.081	+0.060	+0.062	+0.153	+0.646	-0.420	+0.205	-0.209	-0.356	-0.074	-0.136	-0.243	-0.399	-0.320	-0.259	-0.237	-0.240	-0.239	-0.227	-0.355	-0.272	-0.577	-0.578	-0.576	-0.594	-0.594	-0.587	-0.585	-0.590	-0.597	-0.612	-0.504	-0.549	-0.594	-0.353	-0.241	-0.405	-0.402	-0.387	-0.263	-0.127	-0.196	-0.135	-0.133	-0.404	-0.164	-0.512	-0.135	-0.135	-0.401	-0.601	-0.255	-0.396	-0.613	-0.611	-0.497	-0.496	-0.225	-0.610	-0.251	+0.794	-0.192	-0.177	+0.503	-0.030	
rs2248816      -0.332	-0.676	-0.396	-0.294	-0.453	-0.571	-0.583	-0.674	-0.583	-0.205	-0.676	-0.676	-0.201	-0.680	-0.208	-0.680	-0.539	+0.005	+0.596	+0.599	-0.845	-0.533	-0.324	-0.658	-0.835	+0.010	+0.021	-0.350	-0.514	-0.787	+0.025	-0.793	+0.015	-0.839	+0.020	+0.022	+0.727	-0.014	+0.732	+0.698	-0.839	+0.735	-0.033	-0.825	-0.555	-0.816	-0.788	-0.157	-0.160	-0.170	+0.900	+0.981	+0.899	-0.161	+0.991	+0.989	+1.026	+1.026	+1.061	+1.108	+1.094	+1.088	+1.092	+1.598	-0.687	-0.680	-0.662	-0.675	-0.755	-0.219	-0.877	+0.322	-0.027	-0.028	-0.766	-0.766	-0.021	-0.844	-0.758	+0.005	-0.809	-0.006	-0.748	-0.866	-0.316	-0.192	-0.488	-0.462	-0.033	-0.043	-0.049	-0.522	-0.517	-0.088	-0.058	-0.513	-0.058	-0.544	-0.665	-0.098	-0.292	-0.312	-0.310	-0.238	+0.217	-0.733	-0.165	-0.584	-0.667	-0.408	-0.422	-0.537	-0.741	-0.645	-0.585	-0.564	-0.567	-0.567	-0.553	-0.680	-0.598	-0.901	-0.902	-0.901	-0.919	-0.919	-0.911	-0.909	-0.914	-0.921	-0.936	-0.837	-0.879	-0.919	-0.693	-0.590	-0.742	-0.740	-0.724	-0.611	-0.483	-0.547	-0.490	-0.488	-0.741	-0.517	-0.845	-0.490	-0.490	-0.738	-0.925	-0.603	-0.734	-0.937	-0.935	-0.831	-0.830	-0.576	-0.934	-0.601	+0.492	-0.528	-0.513	+0.213	-0.368	
rs4979802      -0.313	-0.672	-0.377	-0.274	-0.571	-0.438	-0.566	-0.667	-0.566	-0.184	-0.668	-0.669	-0.180	-0.672	-0.188	-0.672	-0.520	+0.024	+0.597	+0.599	-0.832	-0.514	-0.328	-0.649	-0.824	+0.029	+0.040	-0.342	-0.506	-0.779	+0.043	-0.784	+0.033	-0.828	+0.038	+0.041	+0.727	+0.004	+0.732	+0.698	-0.828	+0.735	-0.014	-0.813	-0.547	-0.806	-0.780	-0.140	-0.143	-0.152	+0.900	+0.980	+0.898	-0.143	+0.990	+0.988	+1.025	+1.025	+1.059	+1.106	+1.093	+1.087	+1.091	+1.592	-0.675	-0.668	-0.650	-0.663	-0.742	-0.207	-0.862	+0.334	-0.015	-0.016	-0.751	-0.751	-0.008	-0.829	-0.744	+0.018	-0.795	+0.007	-0.734	-0.852	-0.304	-0.180	-0.475	-0.449	-0.019	-0.029	-0.036	-0.510	-0.504	-0.074	-0.044	-0.500	-0.044	-0.531	-0.651	-0.085	-0.278	-0.298	-0.296	-0.225	+0.229	-0.718	-0.151	-0.570	-0.652	-0.393	-0.407	-0.521	-0.726	-0.630	-0.570	-0.549	-0.551	-0.551	-0.537	-0.664	-0.582	-0.887	-0.888	-0.886	-0.904	-0.905	-0.897	-0.895	-0.900	-0.907	-0.922	-0.822	-0.864	-0.905	-0.678	-0.575	-0.728	-0.725	-0.710	-0.596	-0.468	-0.532	-0.475	-0.473	-0.727	-0.502	-0.830	-0.475	-0.475	-0.724	-0.911	-0.588	-0.720	-0.922	-0.920	-0.817	-0.816	-0.561	-0.919	-0.586	+0.508	-0.513	-0.498	+0.229	-0.353	
rs2448392      -0.343	-0.677	-0.406	-0.304	-0.583	-0.566	-0.461	-0.677	-0.586	-0.216	-0.679	-0.679	-0.212	-0.683	-0.219	-0.684	-0.549	-0.005	+0.596	+0.599	-0.851	-0.544	-0.321	-0.663	-0.840	+0.000	+0.011	-0.354	-0.519	-0.791	+0.015	-0.797	+0.005	-0.845	+0.010	+0.012	+0.727	-0.024	+0.732	+0.698	-0.845	+0.735	-0.043	-0.830	-0.559	-0.821	-0.792	-0.167	-0.170	-0.179	+0.901	+0.982	+0.899	-0.171	+0.991	+0.990	+1.027	+1.027	+1.061	+1.109	+1.095	+1.089	+1.093	+1.602	-0.694	-0.687	-0.669	-0.682	-0.762	-0.226	-0.884	+0.316	-0.034	-0.035	-0.773	-0.773	-0.027	-0.851	-0.766	-0.001	-0.817	-0.012	-0.756	-0.874	-0.323	-0.199	-0.495	-0.469	-0.039	-0.050	-0.056	-0.530	-0.524	-0.094	-0.064	-0.520	-0.064	-0.551	-0.673	-0.105	-0.300	-0.319	-0.317	-0.245	+0.211	-0.740	-0.172	-0.591	-0.675	-0.415	-0.431	-0.545	-0.749	-0.653	-0.593	-0.572	-0.575	-0.575	-0.561	-0.688	-0.606	-0.909	-0.910	-0.909	-0.927	-0.927	-0.919	-0.917	-0.922	-0.929	-0.944	-0.845	-0.887	-0.927	-0.701	-0.598	-0.750	-0.748	-0.732	-0.619	-0.491	-0.555	-0.498	-0.496	-0.749	-0.525	-0.853	-0.498	-0.498	-0.746	-0.933	-0.611	-0.742	-0.945	-0.943	-0.839	-0.838	-0.584	-0.942	-0.609	+0.484	-0.536	-0.521	+0.205	-0.376	
rs2264862      -0.324	-0.617	-0.388	-0.286	-0.674	-0.667	-0.677	-0.440	-0.677	-0.197	-0.566	-0.566	-0.193	-0.571	-0.201	-0.572	-0.530	+0.008	+0.593	+0.596	-0.818	-0.525	-0.345	-0.658	-0.811	+0.014	+0.024	-0.356	-0.518	-0.770	+0.028	-0.775	+0.018	-0.817	+0.024	+0.026	+0.724	-0.010	+0.728	+0.695	-0.817	+0.731	-0.028	-0.826	-0.547	-0.797	-0.791	-0.152	-0.155	-0.164	+0.895	+0.976	+0.894	-0.156	+0.986	+0.984	+1.020	+1.020	+1.054	+1.101	+1.088	+1.082	+1.086	+1.578	-0.682	-0.675	-0.658	-0.671	-0.748	-0.208	-0.863	+0.318	-0.028	-0.029	-0.750	-0.750	-0.022	-0.829	-0.742	+0.004	-0.794	-0.007	-0.732	-0.857	-0.305	-0.194	-0.479	-0.453	-0.033	-0.043	-0.049	-0.514	-0.508	-0.088	-0.058	-0.504	-0.058	-0.535	-0.655	-0.098	-0.290	-0.309	-0.307	-0.227	+0.228	-0.717	-0.151	-0.579	-0.652	-0.393	-0.411	-0.525	-0.728	-0.632	-0.573	-0.552	-0.554	-0.554	-0.540	-0.668	-0.585	-0.889	-0.890	-0.889	-0.907	-0.907	-0.899	-0.897	-0.902	-0.909	-0.924	-0.824	-0.866	-0.906	-0.680	-0.576	-0.733	-0.730	-0.715	-0.597	-0.469	-0.533	-0.476	-0.474	-0.732	-0.503	-0.835	-0.476	-0.476	-0.729	-0.912	-0.589	-0.725	-0.924	-0.922	-0.822	-0.821	-0.562	-0.921	-0.587	+0.513	-0.516	-0.501	+0.230	-0.357	
rs2263893      -0.343	-0.677	-0.407	-0.305	-0.583	-0.566	-0.586	-0.677	-0.462	-0.216	-0.679	-0.679	-0.212	-0.683	-0.220	-0.683	-0.550	-0.005	+0.596	+0.599	-0.851	-0.544	-0.321	-0.664	-0.841	-0.000	+0.010	-0.354	-0.519	-0.791	+0.014	-0.797	+0.004	-0.845	+0.010	+0.012	+0.727	-0.025	+0.732	+0.698	-0.845	+0.735	-0.043	-0.830	-0.559	-0.821	-0.792	-0.167	-0.170	-0.180	+0.901	+0.982	+0.900	-0.171	+0.992	+0.990	+1.027	+1.027	+1.062	+1.109	+1.096	+1.089	+1.094	+1.603	-0.694	-0.687	-0.670	-0.682	-0.762	-0.226	-0.885	+0.315	-0.034	-0.035	-0.774	-0.774	-0.028	-0.852	-0.766	-0.001	-0.817	-0.012	-0.756	-0.874	-0.324	-0.199	-0.495	-0.470	-0.040	-0.050	-0.056	-0.530	-0.524	-0.095	-0.065	-0.520	-0.065	-0.551	-0.673	-0.106	-0.300	-0.320	-0.317	-0.245	+0.210	-0.741	-0.172	-0.591	-0.675	-0.416	-0.431	-0.545	-0.749	-0.654	-0.594	-0.573	-0.575	-0.575	-0.561	-0.688	-0.606	-0.910	-0.911	-0.909	-0.927	-0.927	-0.920	-0.918	-0.922	-0.930	-0.945	-0.845	-0.887	-0.928	-0.701	-0.598	-0.750	-0.748	-0.733	-0.619	-0.491	-0.555	-0.499	-0.497	-0.749	-0.525	-0.853	-0.498	-0.498	-0.747	-0.933	-0.611	-0.742	-0.945	-0.943	-0.840	-0.839	-0.585	-0.942	-0.609	+0.484	-0.536	-0.521	+0.204	-0.376	
rs12571015     -0.059	-0.136	+0.021	-0.066	-0.205	-0.184	-0.216	-0.197	-0.216	+0.014	-0.200	-0.201	-0.040	-0.207	-0.045	-0.208	-0.225	+0.084	+1.109	+1.111	-0.324	-0.221	+0.059	+0.205	-0.284	+0.088	+0.097	+0.614	+0.435	-0.169	+0.100	-0.178	+0.091	-0.288	+0.096	+0.098	+1.242	+0.067	+1.247	+1.213	-0.284	+1.250	+0.052	-0.279	+0.430	-0.225	-0.181	-0.044	-0.045	-0.052	+1.416	+1.498	+1.414	-0.046	+1.511	+1.507	+1.544	+1.543	+1.578	+1.624	+1.611	+1.605	+1.609	+2.063	-0.169	-0.160	-0.138	-0.154	-0.266	+0.251	-0.485	+0.839	+0.465	+0.464	-0.376	-0.376	+0.472	-0.454	-0.369	+0.500	-0.420	+0.488	-0.358	-0.468	+0.145	+0.284	-0.050	-0.026	+0.445	+0.434	+0.428	-0.086	-0.080	+0.386	+0.418	-0.076	+0.418	-0.109	-0.246	+0.374	+0.154	+0.133	+0.134	+0.225	+0.722	-0.352	+0.277	-0.137	-0.288	-0.005	-0.069	-0.176	-0.328	-0.249	-0.188	-0.165	-0.168	-0.168	-0.155	-0.285	-0.201	-0.508	-0.509	-0.507	-0.525	-0.526	-0.518	-0.516	-0.522	-0.528	-0.544	-0.434	-0.479	-0.525	-0.281	-0.167	-0.335	-0.332	-0.316	-0.190	-0.053	-0.122	-0.061	-0.059	-0.334	-0.090	-0.443	-0.061	-0.061	-0.331	-0.532	-0.182	-0.325	-0.544	-0.542	-0.427	-0.426	-0.152	-0.541	-0.178	+0.863	-0.121	-0.105	+0.571	+0.042	
rs2252271      -0.327	-0.617	-0.390	-0.288	-0.676	-0.668	-0.679	-0.566	-0.679	-0.200	-0.442	-0.567	-0.196	-0.571	-0.203	-0.571	-0.532	+0.006	+0.593	+0.596	-0.819	-0.527	-0.344	-0.659	-0.812	+0.012	+0.022	-0.357	-0.519	-0.771	+0.026	-0.776	+0.016	-0.818	+0.022	+0.024	+0.724	-0.012	+0.729	+0.695	-0.818	+0.732	-0.030	-0.827	-0.548	-0.798	-0.791	-0.154	-0.157	-0.166	+0.896	+0.976	+0.894	-0.158	+0.986	+0.984	+1.021	+1.021	+1.055	+1.101	+1.088	+1.082	+1.086	+1.579	-0.684	-0.677	-0.660	-0.672	-0.750	-0.209	-0.865	+0.316	-0.030	-0.031	-0.752	-0.752	-0.024	-0.830	-0.744	+0.003	-0.796	-0.008	-0.734	-0.859	-0.307	-0.196	-0.481	-0.455	-0.035	-0.045	-0.051	-0.516	-0.510	-0.089	-0.060	-0.506	-0.060	-0.537	-0.657	-0.100	-0.292	-0.311	-0.309	-0.229	+0.226	-0.719	-0.153	-0.581	-0.654	-0.395	-0.413	-0.526	-0.730	-0.634	-0.575	-0.554	-0.556	-0.556	-0.542	-0.669	-0.587	-0.891	-0.892	-0.891	-0.909	-0.909	-0.901	-0.899	-0.904	-0.911	-0.926	-0.826	-0.868	-0.908	-0.682	-0.578	-0.735	-0.732	-0.717	-0.599	-0.471	-0.535	-0.478	-0.476	-0.733	-0.505	-0.837	-0.478	-0.478	-0.731	-0.914	-0.591	-0.727	-0.926	-0.924	-0.824	-0.823	-0.564	-0.923	-0.589	+0.511	-0.518	-0.503	+0.228	-0.358	
rs2252158      -0.327	-0.617	-0.391	-0.289	-0.676	-0.669	-0.679	-0.566	-0.679	-0.201	-0.567	-0.443	-0.197	-0.571	-0.204	-0.571	-0.533	+0.006	+0.593	+0.596	-0.820	-0.528	-0.344	-0.660	-0.812	+0.011	+0.022	-0.357	-0.519	-0.771	+0.025	-0.776	+0.016	-0.818	+0.021	+0.024	+0.724	-0.013	+0.729	+0.695	-0.818	+0.732	-0.030	-0.828	-0.548	-0.798	-0.791	-0.155	-0.157	-0.167	+0.896	+0.976	+0.894	-0.158	+0.986	+0.984	+1.021	+1.021	+1.055	+1.102	+1.088	+1.082	+1.086	+1.579	-0.684	-0.677	-0.660	-0.673	-0.750	-0.210	-0.866	+0.316	-0.030	-0.031	-0.752	-0.752	-0.024	-0.831	-0.745	+0.002	-0.797	-0.009	-0.735	-0.859	-0.307	-0.196	-0.481	-0.456	-0.036	-0.045	-0.052	-0.516	-0.510	-0.090	-0.060	-0.507	-0.060	-0.538	-0.657	-0.101	-0.292	-0.312	-0.309	-0.230	+0.226	-0.719	-0.153	-0.581	-0.655	-0.396	-0.414	-0.527	-0.730	-0.635	-0.575	-0.554	-0.556	-0.556	-0.543	-0.670	-0.588	-0.892	-0.893	-0.891	-0.909	-0.910	-0.902	-0.900	-0.905	-0.912	-0.927	-0.827	-0.869	-0.908	-0.682	-0.578	-0.735	-0.733	-0.718	-0.599	-0.471	-0.536	-0.479	-0.477	-0.734	-0.505	-0.838	-0.478	-0.478	-0.731	-0.914	-0.591	-0.727	-0.927	-0.925	-0.824	-0.823	-0.565	-0.923	-0.589	+0.510	-0.519	-0.504	+0.228	-0.359	
rs17522088     -0.054	-0.131	+0.029	-0.062	-0.201	-0.180	-0.212	-0.193	-0.212	-0.040	-0.196	-0.197	+0.018	-0.202	-0.042	-0.204	-0.221	+0.085	+1.112	+1.114	-0.320	-0.217	+0.061	+0.211	-0.280	+0.089	+0.098	+0.620	+0.442	-0.165	+0.101	-0.174	+0.092	-0.284	+0.097	+0.099	+1.245	+0.068	+1.250	+1.216	-0.280	+1.253	+0.053	-0.274	+0.437	-0.221	-0.177	-0.042	-0.043	-0.050	+1.419	+1.501	+1.417	-0.044	+1.514	+1.510	+1.547	+1.546	+1.581	+1.627	+1.614	+1.608	+1.612	+2.066	-0.166	-0.156	-0.134	-0.150	-0.263	+0.254	-0.482	+0.843	+0.469	+0.468	-0.373	-0.373	+0.475	-0.451	-0.365	+0.504	-0.417	+0.492	-0.355	-0.464	+0.149	+0.287	-0.047	-0.023	+0.448	+0.437	+0.431	-0.083	-0.076	+0.389	+0.422	-0.072	+0.421	-0.106	-0.243	+0.378	+0.157	+0.136	+0.138	+0.229	+0.726	-0.349	+0.281	-0.134	-0.285	-0.001	-0.066	-0.173	-0.324	-0.246	-0.185	-0.162	-0.165	-0.164	-0.152	-0.281	-0.197	-0.505	-0.506	-0.504	-0.522	-0.523	-0.515	-0.513	-0.518	-0.525	-0.541	-0.430	-0.476	-0.522	-0.277	-0.164	-0.331	-0.329	-0.313	-0.187	-0.050	-0.119	-0.058	-0.055	-0.330	-0.087	-0.439	-0.057	-0.057	-0.328	-0.528	-0.178	-0.322	-0.541	-0.539	-0.424	-0.422	-0.148	-0.538	-0.175	+0.867	-0.117	-0.102	+0.574	+0.046	
rs2114907      -0.333	-0.619	-0.396	-0.295	-0.680	-0.672	-0.683	-0.571	-0.683	-0.207	-0.571	-0.571	-0.202	-0.447	-0.210	-0.576	-0.538	+0.000	+0.593	+0.596	-0.823	-0.533	-0.343	-0.662	-0.816	+0.006	+0.017	-0.358	-0.521	-0.773	+0.020	-0.778	+0.011	-0.821	+0.016	+0.019	+0.724	-0.018	+0.729	+0.695	-0.821	+0.731	-0.035	-0.831	-0.550	-0.800	-0.794	-0.160	-0.162	-0.171	+0.896	+0.976	+0.894	-0.163	+0.986	+0.984	+1.021	+1.021	+1.055	+1.102	+1.089	+1.083	+1.087	+1.581	-0.687	-0.680	-0.663	-0.676	-0.754	-0.213	-0.870	+0.312	-0.034	-0.035	-0.756	-0.756	-0.028	-0.835	-0.749	-0.001	-0.801	-0.012	-0.739	-0.863	-0.311	-0.200	-0.485	-0.459	-0.039	-0.049	-0.055	-0.520	-0.514	-0.094	-0.064	-0.510	-0.064	-0.541	-0.661	-0.104	-0.296	-0.315	-0.313	-0.233	+0.222	-0.724	-0.157	-0.585	-0.659	-0.400	-0.418	-0.531	-0.734	-0.639	-0.579	-0.558	-0.560	-0.560	-0.547	-0.674	-0.592	-0.896	-0.897	-0.895	-0.913	-0.914	-0.906	-0.904	-0.909	-0.916	-0.931	-0.831	-0.873	-0.912	-0.686	-0.582	-0.739	-0.737	-0.722	-0.603	-0.475	-0.540	-0.483	-0.481	-0.738	-0.509	-0.842	-0.482	-0.482	-0.735	-0.918	-0.595	-0.731	-0.931	-0.929	-0.828	-0.827	-0.569	-0.927	-0.593	+0.506	-0.523	-0.508	+0.223	-0.363	
rs7092503      -0.068	-0.139	-0.001	-0.073	-0.208	-0.188	-0.219	-0.201	-0.220	-0.045	-0.203	-0.204	-0.042	-0.210	+0.011	-0.212	-0.228	+0.083	+1.106	+1.109	-0.327	-0.223	+0.056	+0.202	-0.287	+0.088	+0.097	+0.610	+0.431	-0.172	+0.099	-0.182	+0.091	-0.291	+0.095	+0.097	+1.239	+0.066	+1.244	+1.210	-0.287	+1.247	+0.051	-0.282	+0.426	-0.228	-0.185	-0.045	-0.046	-0.053	+1.413	+1.495	+1.411	-0.047	+1.508	+1.504	+1.541	+1.540	+1.575	+1.621	+1.609	+1.602	+1.606	+2.060	-0.172	-0.163	-0.141	-0.157	-0.269	+0.248	-0.488	+0.836	+0.462	+0.461	-0.379	-0.379	+0.469	-0.456	-0.371	+0.497	-0.423	+0.485	-0.361	-0.470	+0.142	+0.281	-0.053	-0.029	+0.442	+0.431	+0.425	-0.089	-0.083	+0.383	+0.415	-0.078	+0.415	-0.112	-0.249	+0.371	+0.151	+0.130	+0.131	+0.222	+0.719	-0.355	+0.274	-0.140	-0.291	-0.007	-0.072	-0.179	-0.330	-0.252	-0.191	-0.168	-0.171	-0.171	-0.158	-0.287	-0.203	-0.511	-0.512	-0.510	-0.528	-0.529	-0.521	-0.519	-0.524	-0.531	-0.547	-0.437	-0.482	-0.528	-0.284	-0.170	-0.337	-0.335	-0.319	-0.193	-0.056	-0.125	-0.064	-0.062	-0.336	-0.093	-0.445	-0.063	-0.064	-0.334	-0.534	-0.184	-0.328	-0.547	-0.545	-0.430	-0.429	-0.155	-0.544	-0.181	+0.861	-0.124	-0.108	+0.569	+0.039	
rs2251794      -0.335	-0.619	-0.398	-0.296	-0.680	-0.672	-0.684	-0.572	-0.683	-0.208	-0.571	-0.571	-0.204	-0.576	-0.212	-0.448	-0.540	-0.000	+0.594	+0.596	-0.823	-0.534	-0.341	-0.662	-0.815	+0.005	+0.016	-0.359	-0.522	-0.772	+0.020	-0.777	+0.010	-0.820	+0.016	+0.018	+0.725	-0.018	+0.730	+0.696	-0.820	+0.732	-0.035	-0.830	-0.551	-0.799	-0.793	-0.160	-0.163	-0.172	+0.897	+0.978	+0.896	-0.163	+0.988	+0.986	+1.023	+1.022	+1.057	+1.103	+1.090	+1.084	+1.088	+1.584	-0.688	-0.681	-0.664	-0.677	-0.755	-0.214	-0.871	+0.312	-0.035	-0.036	-0.757	-0.757	-0.029	-0.836	-0.750	-0.002	-0.802	-0.013	-0.740	-0.864	-0.312	-0.200	-0.486	-0.460	-0.040	-0.050	-0.056	-0.521	-0.515	-0.095	-0.065	-0.511	-0.065	-0.542	-0.662	-0.105	-0.297	-0.316	-0.314	-0.234	+0.221	-0.724	-0.158	-0.586	-0.660	-0.401	-0.419	-0.532	-0.735	-0.640	-0.580	-0.559	-0.561	-0.561	-0.548	-0.675	-0.593	-0.897	-0.898	-0.896	-0.914	-0.915	-0.907	-0.905	-0.910	-0.917	-0.932	-0.832	-0.874	-0.913	-0.688	-0.583	-0.740	-0.738	-0.723	-0.605	-0.477	-0.541	-0.484	-0.482	-0.739	-0.511	-0.843	-0.484	-0.484	-0.737	-0.919	-0.597	-0.732	-0.932	-0.930	-0.829	-0.828	-0.570	-0.928	-0.595	+0.505	-0.524	-0.509	+0.222	-0.364	
rs78883330     -0.331	-0.473	-0.385	-0.299	-0.539	-0.520	-0.549	-0.530	-0.550	-0.225	-0.532	-0.533	-0.221	-0.538	-0.228	-0.540	-0.331	+0.059	+0.825	+0.827	-0.639	-0.430	+0.245	-0.492	-0.601	+0.066	+0.077	-0.165	-0.339	-0.491	+0.081	-0.501	+0.071	-0.605	+0.079	+0.081	+0.956	+0.045	+0.961	+0.927	-0.601	+0.964	+0.028	-0.596	-0.371	-0.545	-0.504	-0.087	-0.088	-0.098	+1.129	+1.211	+1.128	-0.090	+1.222	+1.219	+1.256	+1.256	+1.290	+1.336	+1.323	+1.317	+1.321	+1.791	-0.488	-0.479	-0.458	-0.474	-0.578	-0.058	-0.767	+0.584	+0.205	+0.204	-0.663	-0.663	+0.211	-0.742	-0.655	+0.239	-0.707	+0.227	-0.645	-0.755	-0.159	+0.050	-0.328	-0.305	+0.174	+0.163	+0.157	-0.366	-0.359	+0.114	+0.147	-0.355	+0.146	-0.389	-0.542	+0.103	-0.117	-0.138	-0.136	-0.081	+0.393	-0.633	-0.032	-0.408	-0.568	-0.293	-0.345	-0.453	-0.642	-0.557	-0.498	-0.476	-0.481	-0.479	-0.468	-0.592	-0.511	-0.802	-0.802	-0.796	-0.818	-0.818	-0.807	-0.804	-0.810	-0.820	-0.834	-0.744	-0.782	-0.822	-0.608	-0.503	-0.641	-0.638	-0.623	-0.524	-0.396	-0.461	-0.404	-0.402	-0.640	-0.431	-0.749	-0.403	-0.403	-0.637	-0.828	-0.516	-0.632	-0.838	-0.836	-0.736	-0.735	-0.490	-0.834	-0.513	+0.603	-0.424	-0.409	+0.313	-0.264	
rs57840224     +0.069	+0.068	+0.074	+0.069	+0.005	+0.024	-0.005	+0.008	-0.005	+0.084	+0.006	+0.006	+0.085	+0.000	+0.083	-0.000	+0.059	+0.297	+1.301	+1.304	+0.060	+0.064	+0.244	+0.879	+0.111	+0.258	+0.265	+1.371	+1.175	+0.251	+0.266	+0.239	+0.256	+0.108	+0.255	+0.256	+1.432	+0.233	+1.436	+1.403	+0.114	+1.439	+0.224	+0.133	+1.268	+0.187	+0.258	+0.165	+0.167	+0.166	+1.602	+1.684	+1.601	+0.163	+1.695	+1.692	+1.728	+1.728	+1.762	+1.807	+1.795	+1.789	+1.793	+2.234	+0.138	+0.148	+0.172	+0.154	+0.032	+0.493	-0.240	+1.062	+0.691	+0.690	-0.136	-0.137	+0.697	-0.209	-0.129	+0.725	-0.178	+0.713	-0.119	-0.229	+0.389	+0.503	+0.190	+0.211	+0.671	+0.660	+0.654	+0.155	+0.160	+0.613	+0.645	+0.164	+0.644	+0.132	+0.004	+0.602	+0.383	+0.363	+0.364	+0.470	+0.965	-0.068	+0.667	+0.097	+0.000	+0.305	+0.190	+0.083	-0.073	+0.000	+0.061	+0.083	+0.081	+0.081	+0.096	-0.032	+0.051	-0.245	-0.247	-0.251	-0.264	-0.265	-0.262	-0.262	-0.266	-0.268	-0.285	-0.155	-0.208	-0.264	+0.016	+0.137	-0.056	-0.054	-0.037	+0.113	+0.258	+0.185	+0.250	+0.253	-0.055	+0.219	-0.173	+0.251	+0.251	-0.053	-0.270	+0.122	-0.047	-0.285	-0.283	-0.157	-0.156	+0.154	-0.282	+0.126	+1.144	+0.150	+0.166	+0.848	+0.317	
rs58940902     +1.019	+0.612	+0.974	+1.044	+0.596	+0.597	+0.596	+0.593	+0.596	+1.109	+0.593	+0.593	+1.112	+0.593	+1.106	+0.594	+0.825	+1.301	+1.197	+1.179	+0.686	+0.827	+0.706	+0.849	+0.663	+1.307	+1.316	+0.742	+0.745	+0.625	+1.319	+0.627	+1.311	+0.660	+1.317	+1.319	+1.262	+1.289	+1.266	+1.233	+0.657	+1.265	+1.272	+0.687	+0.865	+0.636	+0.644	+1.172	+1.170	+1.163	+1.429	+1.480	+1.429	+1.168	+1.469	+1.478	+1.534	+1.529	+1.578	+1.644	+1.627	+1.617	+1.624	+1.936	+0.744	+0.749	+0.762	+0.753	+0.700	+1.230	+0.634	+1.764	+1.417	+1.416	+0.752	+0.752	+1.424	+0.674	+0.760	+1.449	+0.708	+1.438	+0.770	+0.661	+1.149	+1.238	+0.966	+0.989	+1.450	+1.439	+1.433	+0.935	+0.940	+1.394	+1.425	+0.944	+1.424	+0.916	+0.868	+1.384	+1.197	+1.178	+1.180	+1.225	+1.679	+0.782	+1.334	+0.899	+0.850	+1.101	+1.238	+1.090	+0.830	+0.934	+1.003	+1.028	+1.022	+1.026	+1.046	+0.901	+0.995	+0.623	+0.622	+0.628	+0.606	+0.605	+0.616	+0.619	+0.613	+0.604	+0.587	+0.692	+0.642	+0.628	+0.827	+0.930	+0.722	+0.724	+0.737	+0.908	+1.036	+0.974	+1.028	+1.030	+0.722	+1.001	+0.655	+1.028	+1.028	+0.725	+0.620	+0.916	+0.729	+0.599	+0.602	+0.668	+0.668	+0.944	+0.603	+0.919	+2.024	+1.035	+1.053	+1.738	+1.210	
rs57704120     +1.022	+0.615	+0.976	+1.047	+0.599	+0.599	+0.599	+0.596	+0.599	+1.111	+0.596	+0.596	+1.114	+0.596	+1.109	+0.596	+0.827	+1.304	+1.179	+1.199	+0.689	+0.829	+0.708	+0.852	+0.665	+1.309	+1.319	+0.744	+0.747	+0.628	+1.322	+0.629	+1.313	+0.662	+1.320	+1.321	+1.263	+1.291	+1.267	+1.234	+0.659	+1.266	+1.275	+0.690	+0.869	+0.638	+0.646	+1.174	+1.173	+1.165	+1.429	+1.480	+1.429	+1.170	+1.469	+1.478	+1.533	+1.529	+1.577	+1.643	+1.626	+1.616	+1.623	+1.936	+0.747	+0.752	+0.764	+0.755	+0.702	+1.233	+0.637	+1.766	+1.419	+1.418	+0.755	+0.754	+1.426	+0.676	+0.762	+1.452	+0.710	+1.440	+0.772	+0.663	+1.151	+1.240	+0.968	+0.991	+1.452	+1.442	+1.435	+0.938	+0.943	+1.396	+1.427	+0.946	+1.426	+0.918	+0.870	+1.387	+1.199	+1.180	+1.183	+1.227	+1.681	+0.784	+1.337	+0.901	+0.852	+1.103	+1.240	+1.093	+0.832	+0.936	+1.005	+1.030	+1.024	+1.028	+1.048	+0.903	+0.998	+0.625	+0.625	+0.630	+0.608	+0.608	+0.618	+0.621	+0.615	+0.606	+0.590	+0.694	+0.645	+0.631	+0.830	+0.932	+0.724	+0.726	+0.739	+0.910	+1.038	+0.976	+1.030	+1.032	+0.725	+1.003	+0.658	+1.030	+1.030	+0.727	+0.623	+0.919	+0.732	+0.602	+0.605	+0.670	+0.671	+0.946	+0.606	+0.922	+2.027	+1.037	+1.055	+1.741	+1.212	
rs2264318      -0.444	-0.795	-0.505	-0.409	-0.845	-0.832	-0.851	-0.818	-0.851	-0.324	-0.819	-0.820	-0.320	-0.823	-0.327	-0.823	-0.639	+0.060	+0.686	+0.689	-0.531	-0.633	-0.153	-0.660	-0.634	+0.067	+0.080	-0.306	-0.500	-0.532	+0.085	-0.555	+0.073	-0.655	+0.081	+0.083	+0.833	+0.042	+0.838	+0.800	-0.655	+0.841	+0.019	-0.761	-0.551	-0.567	-0.692	-0.124	-0.127	-0.137	+1.024	+1.112	+1.023	-0.131	+1.119	+1.119	+1.162	+1.161	+1.200	+1.253	+1.238	+1.231	+1.236	+1.861	-0.758	-0.751	-0.733	-0.746	-0.827	-0.274	-0.949	+0.261	-0.090	-0.091	-0.836	-0.836	-0.084	-0.915	-0.828	-0.057	-0.880	-0.068	-0.818	-0.934	-0.372	-0.258	-0.550	-0.525	-0.099	-0.109	-0.115	-0.585	-0.579	-0.155	-0.124	-0.575	-0.125	-0.607	-0.729	-0.166	-0.362	-0.382	-0.380	-0.294	+0.167	-0.817	-0.241	-0.652	-0.754	-0.497	-0.496	-0.610	-0.810	-0.714	-0.653	-0.632	-0.634	-0.634	-0.621	-0.750	-0.667	-0.978	-0.978	-0.974	-0.994	-0.994	-0.985	-0.982	-0.988	-0.996	-1.011	-0.913	-0.954	-0.992	-0.774	-0.670	-0.824	-0.822	-0.807	-0.691	-0.563	-0.628	-0.571	-0.569	-0.823	-0.597	-0.923	-0.570	-0.570	-0.821	-0.998	-0.683	-0.816	-1.011	-1.009	-0.909	-0.908	-0.656	-1.008	-0.680	+0.403	-0.602	-0.587	+0.122	-0.443	
rs11594655     -0.327	-0.467	-0.381	-0.295	-0.533	-0.514	-0.544	-0.525	-0.544	-0.221	-0.527	-0.528	-0.217	-0.533	-0.223	-0.534	-0.430	+0.064	+0.827	+0.829	-0.633	-0.327	+0.255	-0.489	-0.595	+0.071	+0.082	-0.163	-0.337	-0.485	+0.086	-0.495	+0.076	-0.599	+0.084	+0.086	+0.958	+0.050	+0.963	+0.929	-0.595	+0.966	+0.033	-0.590	-0.368	-0.539	-0.497	-0.082	-0.084	-0.093	+1.131	+1.212	+1.130	-0.085	+1.224	+1.221	+1.258	+1.257	+1.292	+1.338	+1.325	+1.319	+1.323	+1.793	-0.483	-0.474	-0.453	-0.469	-0.573	-0.055	-0.764	+0.590	+0.210	+0.209	-0.660	-0.660	+0.216	-0.738	-0.652	+0.245	-0.704	+0.232	-0.641	-0.751	-0.155	+0.055	-0.324	-0.301	+0.179	+0.168	+0.162	-0.362	-0.355	+0.119	+0.152	-0.351	+0.151	-0.386	-0.538	+0.108	-0.113	-0.134	-0.132	-0.077	+0.397	-0.629	-0.029	-0.403	-0.564	-0.289	-0.341	-0.449	-0.638	-0.553	-0.494	-0.473	-0.477	-0.475	-0.465	-0.588	-0.508	-0.799	-0.799	-0.792	-0.814	-0.815	-0.804	-0.800	-0.807	-0.816	-0.830	-0.740	-0.779	-0.819	-0.604	-0.500	-0.638	-0.635	-0.620	-0.521	-0.393	-0.458	-0.401	-0.398	-0.636	-0.427	-0.746	-0.400	-0.400	-0.634	-0.824	-0.513	-0.629	-0.834	-0.833	-0.732	-0.731	-0.486	-0.831	-0.510	+0.607	-0.420	-0.405	+0.317	-0.260	
rs2247988      -0.022	-0.359	-0.062	+0.001	-0.324	-0.328	-0.321	-0.345	-0.321	+0.059	-0.344	-0.344	+0.061	-0.343	+0.056	-0.341	+0.245	+0.244	+0.706	+0.708	-0.153	+0.255	+0.096	-0.241	-0.197	+0.249	+0.258	+0.007	-0.123	-0.277	+0.261	-0.274	+0.253	-0.203	+0.259	+0.261	+0.828	+0.233	+0.832	+0.801	-0.209	+0.835	+0.218	-0.112	-0.176	-0.249	-0.215	+0.126	+0.124	+0.117	+0.992	+1.070	+0.991	+0.122	+1.080	+1.078	+1.114	+1.113	+1.147	+1.192	+1.179	+1.174	+1.177	+1.691	-0.226	-0.221	-0.206	-0.217	-0.279	+0.234	-0.375	+0.781	+0.442	+0.441	-0.266	-0.267	+0.448	-0.338	-0.259	+0.473	-0.308	+0.463	-0.250	-0.338	+0.143	+0.259	-0.026	+0.000	+0.456	+0.446	+0.439	-0.056	-0.051	+0.401	+0.431	-0.047	+0.431	-0.076	-0.138	+0.390	+0.203	+0.184	+0.186	+0.231	+0.679	-0.230	+0.340	-0.097	-0.167	+0.084	+0.129	+0.006	-0.196	-0.096	-0.032	-0.010	-0.011	-0.012	+0.005	-0.130	-0.043	-0.379	-0.380	-0.381	-0.396	-0.397	-0.392	-0.391	-0.395	-0.400	-0.415	-0.298	-0.348	-0.387	-0.142	-0.038	-0.230	-0.228	-0.213	-0.060	+0.073	+0.007	+0.064	+0.067	-0.229	+0.036	-0.316	+0.065	+0.065	-0.226	-0.394	-0.051	-0.222	-0.411	-0.408	-0.302	-0.301	-0.024	-0.408	-0.050	+0.970	+0.007	+0.023	+0.694	+0.172	
rs7090912      +0.039	-0.627	-0.045	+0.087	-0.658	-0.649	-0.663	-0.658	-0.664	+0.205	-0.659	-0.660	+0.211	-0.662	+0.202	-0.662	-0.492	+0.879	+0.849	+0.852	-0.660	-0.489	-0.241	-0.236	-0.659	+0.892	+0.911	+0.087	-0.225	-0.636	+0.917	-0.639	+0.900	-0.661	+0.911	+0.915	+1.021	+0.852	+1.027	+0.980	-0.662	+1.030	+0.820	-0.678	-0.362	-0.652	-0.652	+0.595	+0.592	+0.577	+1.243	+1.335	+1.241	+0.585	+1.335	+1.339	+1.394	+1.391	+1.439	+1.501	+1.484	+1.476	+1.481	+1.896	-0.522	-0.516	-0.500	-0.512	-0.581	+0.005	-0.660	+0.514	+0.166	+0.165	-0.540	-0.540	+0.172	-0.624	-0.532	+0.199	-0.587	+0.187	-0.522	-0.654	-0.089	+0.002	-0.274	-0.249	+0.165	+0.155	+0.149	-0.309	-0.304	+0.109	+0.140	-0.300	+0.139	-0.332	-0.451	+0.099	-0.092	-0.112	-0.109	-0.019	+0.442	-0.536	+0.011	-0.381	-0.473	-0.224	-0.178	-0.300	-0.526	-0.426	-0.364	-0.343	-0.346	-0.345	-0.332	-0.463	-0.377	-0.699	-0.699	-0.690	-0.715	-0.715	-0.702	-0.698	-0.704	-0.715	-0.731	-0.644	-0.682	-0.711	-0.518	-0.417	-0.572	-0.569	-0.555	-0.437	-0.314	-0.376	-0.322	-0.320	-0.571	-0.347	-0.660	-0.321	-0.321	-0.568	-0.717	-0.429	-0.564	-0.731	-0.728	-0.648	-0.647	-0.403	-0.727	-0.426	+0.707	-0.320	-0.304	+0.421	-0.158	
rs2467471      -0.406	-0.790	-0.468	-0.370	-0.835	-0.824	-0.840	-0.811	-0.841	-0.284	-0.812	-0.812	-0.280	-0.816	-0.287	-0.815	-0.601	+0.111	+0.663	+0.665	-0.634	-0.595	-0.197	-0.659	-0.502	+0.119	+0.133	-0.320	-0.506	-0.573	+0.137	-0.589	+0.126	-0.640	+0.134	+0.136	+0.807	+0.094	+0.813	+0.775	-0.642	+0.816	+0.072	-0.746	-0.552	-0.589	-0.695	-0.076	-0.079	-0.090	+0.997	+1.084	+0.995	-0.082	+1.091	+1.091	+1.132	+1.131	+1.170	+1.222	+1.207	+1.200	+1.205	+1.812	-0.739	-0.732	-0.715	-0.727	-0.806	-0.250	-0.922	+0.281	-0.068	-0.069	-0.808	-0.808	-0.062	-0.887	-0.800	-0.035	-0.852	-0.047	-0.790	-0.905	-0.348	-0.236	-0.527	-0.501	-0.075	-0.086	-0.092	-0.561	-0.555	-0.131	-0.101	-0.552	-0.101	-0.583	-0.701	-0.142	-0.337	-0.356	-0.354	-0.270	+0.190	-0.790	-0.218	-0.627	-0.727	-0.472	-0.464	-0.579	-0.781	-0.684	-0.623	-0.602	-0.604	-0.604	-0.591	-0.720	-0.636	-0.950	-0.950	-0.946	-0.966	-0.966	-0.957	-0.954	-0.960	-0.968	-0.983	-0.885	-0.926	-0.964	-0.745	-0.642	-0.798	-0.795	-0.780	-0.662	-0.535	-0.600	-0.543	-0.541	-0.796	-0.569	-0.895	-0.542	-0.542	-0.794	-0.970	-0.655	-0.789	-0.983	-0.981	-0.881	-0.880	-0.628	-0.980	-0.652	+0.433	-0.573	-0.558	+0.152	-0.412	
rs73300697     +0.073	+0.073	+0.078	+0.073	+0.010	+0.029	+0.000	+0.014	-0.000	+0.088	+0.012	+0.011	+0.089	+0.006	+0.088	+0.005	+0.066	+0.258	+1.307	+1.309	+0.067	+0.071	+0.249	+0.892	+0.119	+0.303	+0.270	+1.386	+1.188	+0.260	+0.271	+0.247	+0.265	+0.117	+0.263	+0.264	+1.436	+0.242	+1.441	+1.407	+0.122	+1.444	+0.234	+0.142	+1.288	+0.197	+0.267	+0.176	+0.178	+0.178	+1.606	+1.688	+1.605	+0.175	+1.699	+1.696	+1.732	+1.732	+1.766	+1.811	+1.799	+1.793	+1.797	+2.238	+0.146	+0.156	+0.179	+0.162	+0.039	+0.498	-0.235	+1.068	+0.696	+0.695	-0.131	-0.131	+0.703	-0.204	-0.124	+0.731	-0.173	+0.719	-0.114	-0.224	+0.394	+0.509	+0.195	+0.217	+0.676	+0.666	+0.659	+0.160	+0.166	+0.618	+0.650	+0.170	+0.650	+0.137	+0.010	+0.608	+0.389	+0.368	+0.370	+0.475	+0.971	-0.063	+0.673	+0.103	+0.005	+0.310	+0.195	+0.088	-0.067	+0.006	+0.066	+0.089	+0.087	+0.087	+0.101	-0.027	+0.056	-0.239	-0.242	-0.246	-0.258	-0.259	-0.256	-0.256	-0.260	-0.262	-0.279	-0.149	-0.202	-0.258	+0.023	+0.144	-0.050	-0.047	-0.031	+0.119	+0.265	+0.191	+0.257	+0.259	-0.049	+0.225	-0.167	+0.257	+0.257	-0.046	-0.265	+0.128	-0.040	-0.279	-0.277	-0.151	-0.149	+0.160	-0.276	+0.132	+1.149	+0.155	+0.171	+0.853	+0.322	
rs57673018     +0.082	+0.084	+0.088	+0.082	+0.021	+0.040	+0.011	+0.024	+0.010	+0.097	+0.022	+0.022	+0.098	+0.017	+0.097	+0.016	+0.077	+0.265	+1.316	+1.319	+0.080	+0.082	+0.258	+0.911	+0.133	+0.270	+0.314	+1.406	+1.211	+0.274	+0.278	+0.262	+0.271	+0.131	+0.271	+0.272	+1.445	+0.252	+1.450	+1.417	+0.136	+1.453	+0.244	+0.157	+1.313	+0.211	+0.283	+0.190	+0.192	+0.193	+1.615	+1.697	+1.615	+0.188	+1.709	+1.705	+1.742	+1.741	+1.776	+1.821	+1.809	+1.803	+1.807	+2.247	+0.157	+0.167	+0.190	+0.173	+0.050	+0.509	-0.225	+1.079	+0.707	+0.706	-0.121	-0.121	+0.714	-0.193	-0.114	+0.742	-0.163	+0.729	-0.104	-0.214	+0.404	+0.519	+0.205	+0.226	+0.687	+0.676	+0.670	+0.170	+0.176	+0.629	+0.661	+0.180	+0.661	+0.147	+0.020	+0.618	+0.399	+0.379	+0.380	+0.485	+0.981	-0.052	+0.684	+0.113	+0.016	+0.321	+0.205	+0.098	-0.057	+0.016	+0.077	+0.099	+0.097	+0.097	+0.112	-0.016	+0.067	-0.229	-0.231	-0.235	-0.248	-0.249	-0.246	-0.246	-0.249	-0.252	-0.269	-0.138	-0.192	-0.248	+0.033	+0.154	-0.040	-0.037	-0.020	+0.130	+0.276	+0.202	+0.267	+0.270	-0.039	+0.236	-0.157	+0.268	+0.268	-0.036	-0.254	+0.139	-0.030	-0.269	-0.267	-0.141	-0.139	+0.171	-0.266	+0.143	+1.160	+0.165	+0.182	+0.863	+0.333	
rs55980305     +0.437	-0.327	+0.348	+0.488	-0.350	-0.342	-0.354	-0.356	-0.354	+0.614	-0.357	-0.357	+0.620	-0.358	+0.610	-0.359	-0.165	+1.371	+0.742	+0.744	-0.306	-0.163	+0.007	+0.087	-0.320	+1.386	+1.406	+0.122	+0.022	-0.321	+1.412	-0.320	+1.395	-0.321	+1.407	+1.411	+0.876	+1.346	+0.881	+0.846	-0.323	+0.884	+1.314	-0.353	-0.160	-0.332	-0.350	+1.070	+1.067	+1.051	+1.057	+1.139	+1.055	+1.059	+1.147	+1.146	+1.187	+1.186	+1.224	+1.275	+1.261	+1.254	+1.258	+1.702	-0.223	-0.217	-0.204	-0.214	-0.271	+0.317	-0.322	+0.804	+0.462	+0.461	-0.201	-0.201	+0.469	-0.285	-0.193	+0.494	-0.248	+0.483	-0.182	-0.311	+0.224	+0.300	+0.055	+0.065	+0.450	+0.440	+0.434	+0.020	+0.026	+0.396	+0.425	+0.030	+0.425	-0.002	-0.112	+0.386	+0.205	+0.186	+0.188	+0.314	+0.775	-0.194	+0.334	-0.077	-0.131	+0.112	+0.192	+0.063	-0.188	-0.085	-0.023	-0.001	-0.005	-0.003	+0.011	-0.122	-0.035	-0.361	-0.360	-0.351	-0.376	-0.377	-0.363	-0.358	-0.365	-0.377	-0.392	-0.308	-0.346	-0.370	-0.185	-0.085	-0.247	-0.245	-0.231	-0.105	+0.016	-0.045	+0.009	+0.011	-0.246	-0.017	-0.330	+0.009	+0.009	-0.244	-0.376	-0.098	-0.239	-0.391	-0.389	-0.318	-0.318	-0.072	-0.387	-0.095	+1.047	+0.025	+0.041	+0.761	+0.190	
rs7079601      +0.257	-0.488	+0.168	+0.309	-0.514	-0.506	-0.519	-0.518	-0.519	+0.435	-0.519	-0.519	+0.442	-0.521	+0.431	-0.522	-0.339	+1.175	+0.745	+0.747	-0.500	-0.337	-0.123	-0.225	-0.506	+1.188	+1.211	+0.022	-0.067	-0.493	+1.217	-0.494	+1.198	-0.508	+1.212	+1.214	+0.893	+1.150	+0.898	+0.860	-0.509	+0.901	+1.117	-0.529	-0.301	-0.509	-0.516	+0.871	+0.869	+0.852	+1.089	+1.176	+1.087	+0.860	+1.182	+1.183	+1.227	+1.226	+1.267	+1.323	+1.306	+1.299	+1.303	+1.743	-0.385	-0.379	-0.365	-0.375	-0.438	+0.147	-0.500	+0.649	+0.304	+0.303	-0.380	-0.380	+0.310	-0.464	-0.372	+0.336	-0.427	+0.325	-0.361	-0.492	+0.053	+0.142	-0.115	-0.104	+0.290	+0.280	+0.274	-0.151	-0.145	+0.236	+0.266	-0.141	+0.265	-0.173	-0.288	+0.226	+0.041	+0.022	+0.024	+0.141	+0.602	-0.370	+0.167	-0.243	-0.306	-0.059	-0.006	-0.130	-0.368	-0.267	-0.205	-0.183	-0.187	-0.185	-0.172	-0.303	-0.217	-0.539	-0.539	-0.530	-0.555	-0.555	-0.542	-0.537	-0.544	-0.555	-0.571	-0.484	-0.523	-0.550	-0.359	-0.259	-0.416	-0.414	-0.400	-0.279	-0.156	-0.218	-0.164	-0.162	-0.415	-0.189	-0.504	-0.163	-0.164	-0.413	-0.556	-0.271	-0.408	-0.570	-0.568	-0.493	-0.492	-0.245	-0.566	-0.268	+0.869	-0.157	-0.142	+0.584	+0.005	
rs2244927      -0.296	-0.754	-0.361	-0.259	-0.787	-0.779	-0.791	-0.770	-0.791	-0.169	-0.771	-0.771	-0.165	-0.773	-0.172	-0.772	-0.491	+0.251	+0.625	+0.628	-0.532	-0.485	-0.277	-0.636	-0.573	+0.260	+0.274	-0.321	-0.493	-0.412	+0.279	-0.538	+0.267	-0.578	+0.276	+0.278	+0.763	+0.235	+0.768	+0.733	-0.584	+0.771	+0.212	-0.684	-0.536	-0.610	-0.680	+0.056	+0.052	+0.041	+0.944	+1.028	+0.942	+0.048	+1.037	+1.035	+1.074	+1.074	+1.111	+1.160	+1.146	+1.140	+1.144	+1.703	-0.675	-0.669	-0.653	-0.664	-0.736	-0.182	-0.837	+0.344	-0.001	-0.002	-0.723	-0.723	+0.005	-0.802	-0.716	+0.031	-0.768	+0.020	-0.706	-0.817	-0.280	-0.170	-0.448	-0.429	-0.014	-0.024	-0.030	-0.483	-0.477	-0.069	-0.039	-0.473	-0.039	-0.504	-0.614	-0.080	-0.270	-0.289	-0.287	-0.191	+0.269	-0.701	-0.138	-0.559	-0.639	-0.386	-0.370	-0.487	-0.695	-0.596	-0.535	-0.514	-0.516	-0.516	-0.503	-0.633	-0.549	-0.864	-0.864	-0.860	-0.880	-0.880	-0.871	-0.869	-0.874	-0.882	-0.897	-0.797	-0.839	-0.877	-0.657	-0.553	-0.713	-0.711	-0.696	-0.574	-0.446	-0.511	-0.454	-0.452	-0.712	-0.481	-0.810	-0.454	-0.454	-0.709	-0.883	-0.566	-0.705	-0.896	-0.894	-0.797	-0.796	-0.539	-0.893	-0.564	+0.519	-0.485	-0.469	+0.239	-0.323	
rs61446409     +0.085	+0.088	+0.090	+0.085	+0.025	+0.043	+0.015	+0.028	+0.014	+0.100	+0.026	+0.025	+0.101	+0.020	+0.099	+0.020	+0.081	+0.266	+1.319	+1.322	+0.085	+0.086	+0.261	+0.917	+0.137	+0.271	+0.278	+1.412	+1.217	+0.279	+0.318	+0.267	+0.274	+0.136	+0.275	+0.276	+1.448	+0.257	+1.453	+1.420	+0.141	+1.456	+0.249	+0.162	+1.324	+0.216	+0.288	+0.197	+0.199	+0.200	+1.618	+1.700	+1.617	+0.194	+1.712	+1.708	+1.745	+1.744	+1.778	+1.824	+1.812	+1.806	+1.810	+2.250	+0.161	+0.171	+0.195	+0.178	+0.054	+0.512	-0.221	+1.082	+0.711	+0.710	-0.118	-0.118	+0.717	-0.190	-0.111	+0.746	-0.159	+0.734	-0.101	-0.210	+0.408	+0.522	+0.208	+0.229	+0.691	+0.680	+0.673	+0.173	+0.179	+0.633	+0.664	+0.183	+0.664	+0.150	+0.024	+0.622	+0.403	+0.382	+0.384	+0.488	+0.984	-0.049	+0.688	+0.117	+0.019	+0.324	+0.208	+0.101	-0.053	+0.020	+0.080	+0.103	+0.101	+0.101	+0.115	-0.013	+0.070	-0.225	-0.228	-0.232	-0.244	-0.245	-0.242	-0.243	-0.246	-0.249	-0.266	-0.135	-0.188	-0.244	+0.037	+0.158	-0.036	-0.033	-0.017	+0.133	+0.279	+0.206	+0.271	+0.273	-0.035	+0.240	-0.153	+0.272	+0.271	-0.032	-0.251	+0.143	-0.027	-0.265	-0.263	-0.137	-0.136	+0.174	-0.262	+0.146	+1.164	+0.169	+0.185	+0.867	+0.336	
rs2244815      -0.305	-0.758	-0.370	-0.268	-0.793	-0.784	-0.797	-0.775	-0.797	-0.178	-0.776	-0.776	-0.174	-0.778	-0.182	-0.777	-0.501	+0.239	+0.627	+0.629	-0.555	-0.495	-0.274	-0.639	-0.589	+0.247	+0.262	-0.320	-0.494	-0.538	+0.267	-0.420	+0.255	-0.592	+0.263	+0.266	+0.765	+0.222	+0.770	+0.735	-0.598	+0.773	+0.200	-0.693	-0.538	-0.618	-0.684	+0.044	+0.041	+0.030	+0.947	+1.031	+0.945	+0.037	+1.039	+1.038	+1.077	+1.077	+1.114	+1.164	+1.149	+1.143	+1.147	+1.709	-0.681	-0.674	-0.658	-0.670	-0.742	-0.188	-0.845	+0.339	-0.007	-0.008	-0.731	-0.731	-0.001	-0.810	-0.724	+0.025	-0.776	+0.014	-0.713	-0.824	-0.286	-0.176	-0.455	-0.436	-0.020	-0.030	-0.036	-0.489	-0.483	-0.075	-0.045	-0.480	-0.045	-0.511	-0.621	-0.086	-0.276	-0.296	-0.293	-0.197	+0.262	-0.709	-0.144	-0.565	-0.646	-0.394	-0.378	-0.495	-0.703	-0.604	-0.543	-0.522	-0.524	-0.524	-0.511	-0.640	-0.557	-0.871	-0.872	-0.867	-0.887	-0.888	-0.879	-0.876	-0.882	-0.890	-0.905	-0.805	-0.847	-0.885	-0.664	-0.561	-0.720	-0.718	-0.703	-0.582	-0.454	-0.519	-0.462	-0.460	-0.719	-0.488	-0.818	-0.461	-0.461	-0.717	-0.891	-0.574	-0.712	-0.904	-0.902	-0.804	-0.803	-0.547	-0.901	-0.571	+0.511	-0.492	-0.477	+0.231	-0.331	
rs1249140      +0.075	+0.078	+0.079	+0.076	+0.015	+0.033	+0.005	+0.018	+0.004	+0.091	+0.016	+0.016	+0.092	+0.011	+0.091	+0.010	+0.071	+0.256	+1.311	+1.313	+0.073	+0.076	+0.253	+0.900	+0.126	+0.265	+0.271	+1.395	+1.198	+0.267	+0.274	+0.255	+0.308	+0.125	+0.270	+0.272	+1.440	+0.250	+1.444	+1.411	+0.130	+1.447	+0.243	+0.150	+1.305	+0.204	+0.276	+0.187	+0.188	+0.189	+1.610	+1.692	+1.609	+0.185	+1.703	+1.699	+1.736	+1.736	+1.770	+1.815	+1.803	+1.797	+1.801	+2.241	+0.152	+0.162	+0.185	+0.168	+0.045	+0.503	-0.230	+1.072	+0.701	+0.700	-0.126	-0.126	+0.708	-0.199	-0.119	+0.736	-0.168	+0.724	-0.109	-0.219	+0.399	+0.513	+0.200	+0.221	+0.681	+0.671	+0.664	+0.165	+0.171	+0.623	+0.655	+0.175	+0.655	+0.142	+0.015	+0.612	+0.393	+0.373	+0.374	+0.480	+0.976	-0.058	+0.678	+0.108	+0.010	+0.314	+0.199	+0.092	-0.062	+0.011	+0.071	+0.094	+0.092	+0.092	+0.106	-0.022	+0.061	-0.234	-0.237	-0.240	-0.253	-0.254	-0.251	-0.251	-0.255	-0.257	-0.274	-0.144	-0.197	-0.253	+0.028	+0.148	-0.045	-0.042	-0.025	+0.124	+0.270	+0.196	+0.262	+0.264	-0.044	+0.230	-0.162	+0.262	+0.262	-0.041	-0.260	+0.133	-0.035	-0.274	-0.272	-0.146	-0.144	+0.165	-0.271	+0.137	+1.154	+0.160	+0.176	+0.857	+0.327	
