## Summary of overall evidence for association with region:
## log10(BF for region) = 13.0533
## p-value for region = NA

## BFs for choosing among multi-SNP models:
## log10(average 1-SNP BF) = 11.9378
## log10(average 2-SNP BF) = 13.5077

## Example posterior probabilities for multi-SNP models, based on default prior: [p(l) propto 0.5^l for l=1,2,...,L]
## posterior probability of 1-SNP = 0.0510986
## posterior probability of 2-SNP = 0.948901

## log10(BF) for single SNP and pair of SNPs:
rs1274493      +0.160	+0.072	+0.072	+0.262	+0.151	+0.100	+0.116	-0.110	+0.091	+0.113	+0.096	+0.108	+0.069	+0.073	+0.121	+0.119	+0.079	+0.062	+0.062	+0.072	+0.071	+0.073	+0.061	+0.366	+0.074	+0.070	+0.076	+0.076	+0.069	+0.078	+0.079	+0.080	+2.571	+2.506	+2.837	+2.976	+2.999	+3.006	+2.825	+2.909	+2.798	+3.368	+2.776	+13.132	+0.188	+13.125	+3.932	+0.217	+0.202	+3.813	+3.828	-0.417	-0.417	-0.374	+4.230	-0.002	-0.023	+4.169	+13.436	+12.390	+3.487	+3.543	+3.649	+11.268	+3.643	+4.436	+5.298	+0.461	+0.432	+0.450	+0.355	+3.247	+3.168	+3.197	+3.217	+3.263	+10.641	+3.162	+3.142	+3.196	+2.141	+0.483	+0.489	+0.567	+0.541	+0.490	+0.495	+0.553	+5.496	-0.124	+0.542	+0.509	+0.468	+0.469	+0.469	+0.545	+0.483	+0.535	+0.535	+0.502	+0.441	+0.423	-0.269	+0.515	+0.519	-0.132	+0.526	+0.514	+0.487	+2.882	+0.703	+0.702	+1.949	+1.946	+0.687	+0.684	+0.278	+1.954	+1.984	+0.608	+0.602	+0.598	+1.800	+1.795	+0.566	+1.810	+0.568	+0.566	+1.833	+1.803	+1.801	+1.798	+1.797	+1.792	+1.792	+1.791	+1.793	+1.789	+0.177	+1.780	+1.802	-0.254	+1.779	+1.761	+1.820	+1.806	+1.865	+1.800	+1.886	+1.791	+0.614	+1.809	+1.815	+1.816	+1.848	
rs116849218    +0.072	+0.101	+0.048	+0.192	+0.084	+0.076	+0.084	-0.164	+0.079	+0.075	+0.030	+0.069	+0.040	+0.049	+0.087	+0.084	+0.059	+0.022	+0.022	-0.006	-0.007	+0.017	+0.008	+0.309	+0.018	+0.015	+0.019	+0.020	+0.009	+0.021	+0.021	+0.022	+2.504	+2.440	+2.768	+2.907	+2.929	+2.937	+2.757	+2.841	+2.730	+3.288	+2.708	+13.074	+0.135	+13.067	+3.849	+0.164	+0.149	+3.730	+3.746	-0.469	-0.468	-0.428	+4.143	-0.055	-0.075	+4.082	+13.375	+12.329	+3.395	+3.450	+3.556	+11.204	+3.558	+4.342	+5.205	+0.412	+0.381	+0.399	+0.305	+3.154	+3.068	+3.104	+3.124	+3.162	+10.578	+3.070	+3.051	+3.104	+2.055	+0.433	+0.439	+0.516	+0.490	+0.440	+0.444	+0.501	+5.402	-0.177	+0.491	+0.458	+0.417	+0.418	+0.418	+0.494	+0.432	+0.484	+0.483	+0.451	+0.390	+0.372	-0.320	+0.465	+0.467	-0.188	+0.474	+0.463	+0.436	+2.794	+0.630	+0.629	+1.869	+1.865	+0.615	+0.612	+0.224	+1.874	+1.902	+0.536	+0.530	+0.526	+1.719	+1.715	+0.494	+1.733	+0.496	+0.495	+1.755	+1.726	+1.724	+1.721	+1.720	+1.716	+1.715	+1.714	+1.716	+1.712	+0.124	+1.703	+1.725	-0.304	+1.703	+1.682	+1.742	+1.729	+1.784	+1.723	+1.805	+1.714	+0.542	+1.732	+1.738	+1.738	+1.770	
rs77853814     +0.072	+0.048	+0.102	+0.193	+0.085	+0.076	+0.084	-0.164	+0.079	+0.075	+0.030	+0.069	+0.040	+0.049	+0.088	+0.084	+0.059	+0.023	+0.022	-0.006	-0.006	+0.018	+0.009	+0.310	+0.018	+0.015	+0.020	+0.020	+0.010	+0.021	+0.022	+0.023	+2.504	+2.441	+2.768	+2.908	+2.930	+2.937	+2.758	+2.842	+2.730	+3.288	+2.709	+13.074	+0.135	+13.067	+3.849	+0.165	+0.149	+3.730	+3.746	-0.469	-0.468	-0.427	+4.143	-0.055	-0.075	+4.082	+13.375	+12.330	+3.395	+3.451	+3.556	+11.204	+3.558	+4.343	+5.206	+0.412	+0.381	+0.400	+0.305	+3.154	+3.068	+3.105	+3.124	+3.163	+10.579	+3.070	+3.051	+3.105	+2.056	+0.433	+0.440	+0.516	+0.491	+0.441	+0.445	+0.502	+5.403	-0.177	+0.491	+0.458	+0.418	+0.418	+0.418	+0.494	+0.432	+0.484	+0.484	+0.452	+0.391	+0.372	-0.319	+0.465	+0.468	-0.187	+0.475	+0.464	+0.437	+2.795	+0.631	+0.629	+1.870	+1.866	+0.615	+0.612	+0.225	+1.875	+1.903	+0.537	+0.531	+0.527	+1.720	+1.715	+0.495	+1.734	+0.497	+0.495	+1.756	+1.727	+1.724	+1.721	+1.721	+1.716	+1.716	+1.715	+1.717	+1.713	+0.124	+1.704	+1.726	-0.304	+1.703	+1.682	+1.743	+1.730	+1.785	+1.724	+1.806	+1.715	+0.542	+1.733	+1.739	+1.739	+1.770	
rs4759017      +0.262	+0.192	+0.193	-0.196	-0.416	+0.371	+0.282	-0.380	+0.257	+0.268	-0.418	+0.261	+0.176	+0.195	+0.284	+0.280	+0.216	+0.132	+0.130	+0.113	+0.112	+0.037	+0.055	-0.126	+0.035	+0.038	+0.032	+0.031	+0.008	+0.028	+0.026	+0.024	+2.157	+2.067	+2.385	+2.518	+2.539	+2.546	+2.372	+2.451	+2.346	+2.868	+2.324	+12.664	-0.119	+12.658	+3.400	-0.084	-0.099	+3.289	+3.304	-0.703	-0.701	-0.663	+3.741	-0.297	-0.316	+3.681	+12.900	+11.838	+2.958	+3.012	+3.114	+10.606	+3.184	+3.552	+4.749	+0.481	+0.485	+0.508	+0.360	+1.796	+1.817	+1.758	+1.776	+1.894	+9.945	+1.738	+1.725	+1.768	+0.955	+0.500	+0.507	+0.635	+0.600	+0.507	+0.515	+0.616	+4.913	-0.340	+0.604	+0.566	+0.481	+0.482	+0.482	+0.608	+0.498	+0.597	+0.594	+0.514	+0.449	+0.453	-0.499	+0.573	+0.575	-0.408	+0.585	+0.540	+0.499	+1.605	-0.072	-0.073	+1.402	+1.397	-0.080	-0.082	+0.179	+1.407	+1.378	-0.133	-0.137	-0.139	+1.222	+1.218	-0.159	+1.237	-0.157	-0.159	+1.257	+1.230	+1.228	+1.225	+1.225	+1.220	+1.220	+1.219	+1.220	+1.217	+0.069	+1.209	+1.229	-0.466	+1.208	+1.187	+1.245	+1.236	+1.281	+1.226	+1.300	+1.217	-0.129	+1.232	+1.237	+1.237	+1.263	
rs11171796     +0.151	+0.084	+0.085	-0.416	-0.274	+0.253	+0.171	-0.463	+0.147	+0.157	-0.409	+0.150	+0.069	+0.087	+0.173	+0.169	+0.108	+0.026	+0.024	+0.007	+0.006	-0.066	-0.048	-0.224	-0.067	-0.065	-0.070	-0.071	-0.093	-0.074	-0.076	-0.078	+2.114	+2.024	+2.342	+2.476	+2.498	+2.504	+2.328	+2.408	+2.302	+2.833	+2.280	+12.636	-0.192	+12.629	+3.369	-0.157	-0.172	+3.258	+3.273	-0.777	-0.775	-0.738	+3.697	-0.371	-0.390	+3.639	+12.875	+11.813	+2.902	+2.956	+3.058	+10.588	+3.138	+3.500	+4.713	+0.395	+0.397	+0.420	+0.274	+1.759	+1.779	+1.722	+1.739	+1.856	+9.926	+1.701	+1.688	+1.730	+0.909	+0.415	+0.421	+0.548	+0.516	+0.422	+0.430	+0.529	+4.881	-0.424	+0.517	+0.479	+0.396	+0.396	+0.396	+0.521	+0.412	+0.510	+0.508	+0.429	+0.363	+0.367	-0.580	+0.487	+0.489	-0.489	+0.498	+0.453	+0.414	+1.565	-0.130	-0.131	+1.348	+1.343	-0.138	-0.140	+0.098	+1.353	+1.325	-0.192	-0.196	-0.198	+1.168	+1.164	-0.218	+1.183	-0.217	-0.218	+1.203	+1.176	+1.174	+1.171	+1.170	+1.166	+1.166	+1.165	+1.166	+1.163	-0.013	+1.154	+1.175	-0.548	+1.154	+1.132	+1.191	+1.182	+1.227	+1.172	+1.246	+1.163	-0.188	+1.178	+1.183	+1.183	+1.210	
rs2629448      +0.100	+0.076	+0.076	+0.371	+0.253	+0.221	+0.108	-0.047	+0.096	+0.102	+0.195	+0.099	+0.072	+0.077	+0.108	+0.107	+0.083	+0.065	+0.065	+0.065	+0.065	+0.061	+0.058	+0.148	+0.061	+0.060	+0.062	+0.062	+0.061	+0.062	+0.063	+0.063	+2.734	+2.668	+3.008	+3.149	+3.173	+3.181	+2.996	+3.081	+2.968	+3.541	+2.945	+13.150	+0.243	+13.143	+4.118	+0.272	+0.256	+3.996	+4.012	-0.357	-0.358	-0.303	+4.439	+0.053	+0.033	+4.375	+13.458	+12.413	+3.698	+3.756	+3.865	+11.300	+3.834	+4.398	+5.252	+0.498	+0.469	+0.487	+0.394	+3.262	+3.183	+3.212	+3.232	+3.278	+10.677	+3.179	+3.160	+3.213	+2.170	+0.520	+0.526	+0.603	+0.577	+0.527	+0.531	+0.588	+5.450	-0.069	+0.578	+0.545	+0.505	+0.506	+0.506	+0.581	+0.519	+0.571	+0.570	+0.539	+0.478	+0.460	-0.213	+0.551	+0.554	-0.075	+0.561	+0.551	+0.523	+2.904	+0.751	+0.749	+1.949	+1.945	+0.735	+0.732	+0.317	+1.954	+1.983	+0.657	+0.651	+0.647	+1.802	+1.797	+0.615	+1.813	+0.617	+0.616	+1.835	+1.806	+1.803	+1.800	+1.800	+1.795	+1.795	+1.794	+1.796	+1.792	+0.217	+1.783	+1.805	-0.198	+1.783	+1.765	+1.822	+1.809	+1.866	+1.803	+1.887	+1.794	+0.663	+1.812	+1.818	+1.818	+1.850	
rs10876882     +0.116	+0.084	+0.084	+0.282	+0.171	+0.108	+0.182	-0.089	+0.099	+0.118	+0.115	+0.114	+0.082	+0.085	+0.125	+0.123	+0.090	+0.078	+0.078	+0.089	+0.089	+0.093	+0.080	+0.377	+0.094	+0.090	+0.096	+0.096	+0.090	+0.098	+0.099	+0.100	+2.607	+2.542	+2.874	+3.013	+3.037	+3.044	+2.862	+2.946	+2.834	+3.406	+2.812	+13.146	+0.209	+13.139	+3.971	+0.238	+0.222	+3.851	+3.867	-0.397	-0.397	-0.353	+4.268	+0.018	-0.003	+4.207	+13.450	+12.404	+3.524	+3.581	+3.687	+11.283	+3.679	+4.464	+5.322	+0.479	+0.450	+0.468	+0.373	+3.276	+3.198	+3.226	+3.246	+3.293	+10.657	+3.191	+3.171	+3.225	+2.169	+0.501	+0.507	+0.585	+0.559	+0.508	+0.512	+0.571	+5.518	-0.104	+0.560	+0.527	+0.486	+0.486	+0.487	+0.563	+0.500	+0.553	+0.552	+0.520	+0.459	+0.441	-0.249	+0.533	+0.536	-0.110	+0.543	+0.532	+0.504	+2.912	+0.729	+0.728	+1.973	+1.969	+0.713	+0.710	+0.296	+1.978	+2.008	+0.634	+0.627	+0.623	+1.820	+1.816	+0.591	+1.831	+0.593	+0.592	+1.853	+1.824	+1.821	+1.818	+1.818	+1.813	+1.813	+1.812	+1.813	+1.810	+0.194	+1.801	+1.823	-0.235	+1.800	+1.782	+1.840	+1.826	+1.885	+1.821	+1.907	+1.812	+0.639	+1.830	+1.836	+1.836	+1.868	
rs34026747     -0.110	-0.164	-0.164	-0.380	-0.463	-0.047	-0.089	-0.347	-0.110	-0.105	-0.507	-0.112	-0.177	-0.162	-0.092	-0.095	-0.145	-0.213	-0.214	-0.230	-0.230	-0.289	-0.273	-0.421	-0.290	-0.288	-0.292	-0.293	-0.309	-0.296	-0.297	-0.299	+1.783	+1.711	+2.026	+2.154	+2.175	+2.182	+2.014	+2.091	+1.989	+2.541	+1.969	+12.765	-0.266	+12.757	+3.081	-0.235	-0.250	+2.970	+2.981	-0.852	-0.846	-0.855	+3.251	-0.451	-0.470	+3.199	+13.052	+12.001	+2.471	+2.523	+2.621	+10.853	+2.722	+3.243	+4.373	+0.094	+0.065	+0.084	-0.020	+1.850	+1.836	+1.811	+1.829	+1.914	+10.221	+1.788	+1.775	+1.819	+0.960	+0.112	+0.118	+0.203	+0.176	+0.119	+0.124	+0.188	+4.546	-0.536	+0.178	+0.143	+0.096	+0.096	+0.096	+0.181	+0.110	+0.170	+0.170	+0.129	+0.068	+0.054	-0.675	+0.151	+0.153	-0.590	+0.161	+0.136	+0.111	+1.610	-0.148	-0.148	+1.106	+1.101	-0.157	-0.158	-0.147	+1.112	+1.124	-0.213	-0.218	-0.220	+0.961	+0.957	-0.242	+0.973	-0.240	-0.241	+0.992	+0.967	+0.965	+0.963	+0.962	+0.958	+0.958	+0.957	+0.959	+0.955	-0.248	+0.948	+0.969	-0.646	+0.947	+0.929	+0.983	+0.973	+1.019	+0.965	+1.037	+0.957	-0.209	+0.972	+0.977	+0.977	+1.004	
rs150955176    +0.091	+0.079	+0.079	+0.257	+0.147	+0.096	+0.099	-0.110	+0.162	+0.093	+0.092	+0.088	+0.076	+0.079	+0.101	+0.099	+0.084	+0.068	+0.068	+0.040	+0.040	+0.083	+0.069	+0.425	+0.085	+0.081	+0.087	+0.087	+0.077	+0.089	+0.091	+0.092	+2.577	+2.513	+2.841	+2.981	+3.004	+3.011	+2.831	+2.915	+2.803	+3.362	+2.781	+13.137	+0.191	+13.130	+3.930	+0.220	+0.205	+3.810	+3.826	-0.417	-0.417	-0.374	+4.228	-0.001	-0.021	+4.167	+13.440	+12.394	+3.478	+3.534	+3.640	+11.269	+3.640	+4.434	+5.314	+0.462	+0.430	+0.449	+0.355	+3.286	+3.195	+3.236	+3.256	+3.291	+10.644	+3.201	+3.181	+3.235	+2.172	+0.482	+0.488	+0.564	+0.539	+0.489	+0.493	+0.549	+5.506	-0.122	+0.539	+0.506	+0.466	+0.466	+0.466	+0.542	+0.480	+0.532	+0.531	+0.500	+0.439	+0.420	-0.268	+0.513	+0.515	-0.128	+0.522	+0.512	+0.485	+2.919	+0.721	+0.720	+1.959	+1.955	+0.705	+0.702	+0.276	+1.964	+1.994	+0.625	+0.618	+0.614	+1.808	+1.803	+0.581	+1.822	+0.583	+0.581	+1.844	+1.815	+1.812	+1.809	+1.809	+1.804	+1.804	+1.802	+1.804	+1.800	+0.175	+1.791	+1.813	-0.254	+1.791	+1.769	+1.831	+1.817	+1.873	+1.811	+1.895	+1.802	+0.630	+1.820	+1.826	+1.827	+1.858	
rs773665       +0.113	+0.075	+0.075	+0.268	+0.157	+0.102	+0.118	-0.105	+0.093	+0.164	+0.101	+0.110	+0.072	+0.076	+0.123	+0.121	+0.082	+0.067	+0.067	+0.078	+0.077	+0.079	+0.066	+0.379	+0.080	+0.076	+0.082	+0.082	+0.075	+0.084	+0.085	+0.086	+2.576	+2.511	+2.842	+2.981	+3.004	+3.012	+2.830	+2.914	+2.803	+3.373	+2.781	+13.136	+0.192	+13.129	+3.938	+0.221	+0.206	+3.818	+3.834	-0.413	-0.413	-0.370	+4.236	+0.002	-0.019	+4.175	+13.440	+12.394	+3.493	+3.549	+3.655	+11.272	+3.649	+4.442	+5.304	+0.465	+0.435	+0.454	+0.359	+3.254	+3.176	+3.205	+3.224	+3.271	+10.646	+3.169	+3.149	+3.203	+2.147	+0.487	+0.493	+0.571	+0.545	+0.494	+0.498	+0.556	+5.502	-0.120	+0.546	+0.513	+0.472	+0.472	+0.472	+0.549	+0.486	+0.539	+0.538	+0.506	+0.445	+0.427	-0.265	+0.519	+0.522	-0.127	+0.529	+0.518	+0.490	+2.889	+0.708	+0.707	+1.955	+1.951	+0.693	+0.690	+0.282	+1.960	+1.990	+0.613	+0.607	+0.603	+1.805	+1.800	+0.571	+1.816	+0.573	+0.572	+1.838	+1.809	+1.806	+1.803	+1.803	+1.798	+1.798	+1.796	+1.798	+1.794	+0.181	+1.786	+1.807	-0.250	+1.785	+1.767	+1.825	+1.811	+1.870	+1.806	+1.892	+1.796	+0.619	+1.815	+1.821	+1.821	+1.853	
rs11613055     +0.096	+0.030	+0.030	-0.418	-0.409	+0.195	+0.115	-0.507	+0.092	+0.101	-0.317	+0.094	+0.015	+0.033	+0.117	+0.113	+0.053	-0.028	-0.029	-0.048	-0.049	-0.120	-0.101	-0.275	-0.121	-0.119	-0.124	-0.125	-0.146	-0.128	-0.130	-0.132	+2.057	+1.969	+2.285	+2.419	+2.441	+2.448	+2.272	+2.352	+2.245	+2.779	+2.224	+12.601	-0.234	+12.594	+3.315	-0.199	-0.214	+3.204	+3.219	-0.818	-0.816	-0.780	+3.638	-0.412	-0.431	+3.581	+12.844	+11.783	+2.844	+2.898	+3.001	+10.567	+3.081	+3.449	+4.654	+0.343	+0.343	+0.366	+0.222	+1.727	+1.744	+1.689	+1.707	+1.821	+9.908	+1.668	+1.656	+1.698	+0.875	+0.363	+0.369	+0.493	+0.461	+0.370	+0.377	+0.475	+4.822	-0.468	+0.463	+0.424	+0.343	+0.344	+0.344	+0.467	+0.360	+0.456	+0.453	+0.376	+0.311	+0.314	-0.622	+0.433	+0.435	-0.532	+0.444	+0.400	+0.362	+1.528	-0.168	-0.169	+1.298	+1.294	-0.176	-0.178	+0.049	+1.304	+1.277	-0.229	-0.234	-0.236	+1.121	+1.116	-0.256	+1.135	-0.255	-0.256	+1.156	+1.129	+1.126	+1.123	+1.123	+1.119	+1.119	+1.117	+1.119	+1.115	-0.061	+1.107	+1.128	-0.590	+1.107	+1.085	+1.144	+1.135	+1.180	+1.125	+1.199	+1.116	-0.226	+1.131	+1.136	+1.136	+1.163	
rs2371494      +0.108	+0.069	+0.069	+0.261	+0.150	+0.099	+0.114	-0.112	+0.088	+0.110	+0.094	+0.157	+0.065	+0.069	+0.119	+0.117	+0.076	+0.058	+0.058	+0.067	+0.067	+0.066	+0.055	+0.339	+0.067	+0.064	+0.068	+0.069	+0.062	+0.071	+0.072	+0.073	+2.566	+2.501	+2.832	+2.970	+2.994	+3.001	+2.820	+2.904	+2.792	+3.363	+2.770	+13.131	+0.186	+13.124	+3.926	+0.215	+0.199	+3.807	+3.823	-0.419	-0.419	-0.377	+4.225	-0.005	-0.025	+4.163	+13.435	+12.389	+3.482	+3.538	+3.644	+11.267	+3.638	+4.430	+5.293	+0.459	+0.429	+0.448	+0.353	+3.243	+3.164	+3.193	+3.212	+3.259	+10.640	+3.157	+3.138	+3.192	+2.137	+0.481	+0.487	+0.565	+0.539	+0.488	+0.492	+0.550	+5.491	-0.126	+0.540	+0.507	+0.466	+0.466	+0.466	+0.543	+0.480	+0.533	+0.532	+0.500	+0.439	+0.421	-0.271	+0.513	+0.516	-0.134	+0.523	+0.511	+0.484	+2.877	+0.700	+0.699	+1.945	+1.941	+0.684	+0.681	+0.275	+1.950	+1.980	+0.605	+0.599	+0.595	+1.796	+1.791	+0.563	+1.806	+0.565	+0.563	+1.829	+1.799	+1.797	+1.794	+1.793	+1.788	+1.788	+1.787	+1.789	+1.785	+0.174	+1.776	+1.798	-0.256	+1.775	+1.757	+1.816	+1.802	+1.860	+1.796	+1.882	+1.787	+0.611	+1.805	+1.811	+1.812	+1.844	
rs79101914     +0.069	+0.040	+0.040	+0.176	+0.069	+0.072	+0.082	-0.177	+0.076	+0.072	+0.015	+0.065	+0.087	+0.042	+0.085	+0.082	+0.054	+0.010	+0.010	-0.018	-0.018	-0.003	-0.009	+0.241	-0.002	-0.004	-0.001	-0.001	-0.011	-0.000	+0.000	+0.001	+2.486	+2.422	+2.750	+2.888	+2.911	+2.918	+2.739	+2.823	+2.712	+3.269	+2.690	+13.061	+0.122	+13.054	+3.830	+0.151	+0.136	+3.711	+3.727	-0.481	-0.480	-0.440	+4.123	-0.068	-0.088	+4.062	+13.361	+12.316	+3.375	+3.431	+3.536	+11.190	+3.539	+4.320	+5.185	+0.401	+0.370	+0.388	+0.294	+3.129	+3.043	+3.079	+3.099	+3.138	+10.564	+3.045	+3.026	+3.079	+2.032	+0.422	+0.428	+0.505	+0.479	+0.429	+0.433	+0.490	+5.382	-0.190	+0.480	+0.447	+0.406	+0.406	+0.407	+0.483	+0.420	+0.473	+0.472	+0.440	+0.379	+0.361	-0.332	+0.454	+0.456	-0.201	+0.463	+0.452	+0.425	+2.771	+0.611	+0.610	+1.851	+1.847	+0.596	+0.593	+0.212	+1.856	+1.884	+0.518	+0.512	+0.508	+1.701	+1.697	+0.476	+1.715	+0.478	+0.477	+1.737	+1.708	+1.706	+1.703	+1.702	+1.698	+1.698	+1.696	+1.698	+1.694	+0.112	+1.685	+1.707	-0.316	+1.685	+1.664	+1.724	+1.711	+1.766	+1.705	+1.787	+1.696	+0.523	+1.714	+1.720	+1.720	+1.752	
rs11575248     +0.073	+0.049	+0.049	+0.195	+0.087	+0.077	+0.085	-0.162	+0.079	+0.076	+0.033	+0.069	+0.042	+0.104	+0.088	+0.085	+0.060	+0.025	+0.025	-0.004	-0.004	+0.021	+0.012	+0.327	+0.022	+0.019	+0.024	+0.024	+0.013	+0.025	+0.026	+0.027	+2.508	+2.444	+2.771	+2.911	+2.933	+2.940	+2.761	+2.845	+2.733	+3.291	+2.711	+13.076	+0.137	+13.069	+3.852	+0.166	+0.151	+3.733	+3.749	-0.467	-0.466	-0.425	+4.146	-0.053	-0.073	+4.085	+13.377	+12.331	+3.398	+3.454	+3.560	+11.206	+3.561	+4.347	+5.209	+0.414	+0.383	+0.401	+0.307	+3.159	+3.072	+3.110	+3.129	+3.167	+10.581	+3.075	+3.056	+3.109	+2.060	+0.435	+0.441	+0.518	+0.492	+0.442	+0.446	+0.503	+5.406	-0.175	+0.493	+0.460	+0.419	+0.420	+0.420	+0.496	+0.434	+0.486	+0.485	+0.453	+0.392	+0.374	-0.318	+0.467	+0.469	-0.185	+0.476	+0.465	+0.438	+2.799	+0.634	+0.633	+1.872	+1.868	+0.618	+0.615	+0.226	+1.878	+1.906	+0.540	+0.534	+0.530	+1.723	+1.718	+0.498	+1.736	+0.500	+0.498	+1.759	+1.729	+1.727	+1.724	+1.724	+1.719	+1.719	+1.717	+1.719	+1.715	+0.126	+1.707	+1.728	-0.302	+1.706	+1.685	+1.746	+1.732	+1.787	+1.726	+1.809	+1.717	+0.545	+1.735	+1.741	+1.742	+1.773	
rs2066808      +0.121	+0.087	+0.088	+0.284	+0.173	+0.108	+0.125	-0.092	+0.101	+0.123	+0.117	+0.119	+0.085	+0.088	+0.179	+0.129	+0.093	+0.084	+0.084	+0.100	+0.099	+0.104	+0.088	+0.453	+0.106	+0.101	+0.108	+0.109	+0.100	+0.111	+0.112	+0.114	+2.597	+2.532	+2.863	+3.001	+3.024	+3.032	+2.850	+2.934	+2.823	+3.393	+2.800	+13.150	+0.206	+13.143	+3.958	+0.235	+0.219	+3.838	+3.854	-0.400	-0.400	-0.356	+4.258	+0.015	-0.006	+4.196	+13.454	+12.408	+3.515	+3.571	+3.677	+11.287	+3.670	+4.467	+5.325	+0.477	+0.447	+0.466	+0.371	+3.282	+3.202	+3.232	+3.251	+3.298	+10.660	+3.196	+3.176	+3.230	+2.172	+0.499	+0.505	+0.583	+0.557	+0.506	+0.510	+0.568	+5.523	-0.106	+0.558	+0.524	+0.484	+0.484	+0.484	+0.561	+0.498	+0.551	+0.550	+0.518	+0.457	+0.439	-0.252	+0.531	+0.534	-0.113	+0.541	+0.530	+0.502	+2.914	+0.729	+0.728	+1.974	+1.970	+0.713	+0.710	+0.294	+1.979	+2.009	+0.633	+0.627	+0.623	+1.824	+1.820	+0.591	+1.835	+0.593	+0.591	+1.858	+1.828	+1.825	+1.822	+1.822	+1.817	+1.817	+1.816	+1.818	+1.814	+0.193	+1.805	+1.827	-0.238	+1.804	+1.786	+1.844	+1.831	+1.889	+1.825	+1.911	+1.816	+0.639	+1.834	+1.840	+1.840	+1.872	
rs116535779    +0.119	+0.084	+0.084	+0.280	+0.169	+0.107	+0.123	-0.095	+0.099	+0.121	+0.113	+0.117	+0.082	+0.085	+0.129	+0.175	+0.090	+0.080	+0.080	+0.095	+0.094	+0.098	+0.083	+0.438	+0.099	+0.095	+0.102	+0.102	+0.094	+0.105	+0.106	+0.107	+2.592	+2.527	+2.858	+2.996	+3.020	+3.027	+2.845	+2.929	+2.818	+3.389	+2.796	+13.146	+0.202	+13.139	+3.953	+0.231	+0.216	+3.834	+3.849	-0.404	-0.403	-0.360	+4.253	+0.011	-0.009	+4.191	+13.450	+12.404	+3.510	+3.566	+3.672	+11.283	+3.665	+4.461	+5.320	+0.473	+0.444	+0.462	+0.367	+3.276	+3.196	+3.225	+3.245	+3.291	+10.656	+3.190	+3.170	+3.224	+2.166	+0.495	+0.502	+0.579	+0.553	+0.502	+0.507	+0.565	+5.518	-0.110	+0.554	+0.521	+0.480	+0.481	+0.481	+0.558	+0.495	+0.548	+0.547	+0.515	+0.453	+0.435	-0.255	+0.527	+0.531	-0.117	+0.538	+0.526	+0.499	+2.909	+0.724	+0.723	+1.969	+1.966	+0.708	+0.705	+0.291	+1.975	+2.005	+0.628	+0.622	+0.618	+1.820	+1.815	+0.586	+1.830	+0.588	+0.586	+1.853	+1.823	+1.821	+1.818	+1.817	+1.812	+1.812	+1.811	+1.813	+1.809	+0.190	+1.800	+1.822	-0.241	+1.799	+1.781	+1.840	+1.826	+1.885	+1.820	+1.906	+1.811	+0.634	+1.829	+1.835	+1.836	+1.868	
rs111580405    +0.079	+0.059	+0.059	+0.216	+0.108	+0.083	+0.090	-0.145	+0.084	+0.082	+0.053	+0.076	+0.054	+0.060	+0.093	+0.090	+0.122	+0.044	+0.044	+0.013	+0.013	+0.050	+0.036	+0.423	+0.051	+0.047	+0.053	+0.053	+0.041	+0.055	+0.056	+0.057	+2.532	+2.468	+2.796	+2.935	+2.958	+2.965	+2.785	+2.870	+2.757	+3.316	+2.735	+13.093	+0.154	+13.086	+3.878	+0.183	+0.168	+3.759	+3.774	-0.451	-0.450	-0.409	+4.173	-0.037	-0.056	+4.112	+13.394	+12.349	+3.425	+3.481	+3.587	+11.224	+3.587	+4.377	+5.234	+0.428	+0.397	+0.416	+0.321	+3.192	+3.106	+3.143	+3.162	+3.201	+10.598	+3.108	+3.089	+3.142	+2.090	+0.449	+0.456	+0.532	+0.507	+0.456	+0.461	+0.518	+5.432	-0.158	+0.507	+0.474	+0.434	+0.434	+0.435	+0.510	+0.448	+0.500	+0.500	+0.468	+0.407	+0.389	-0.302	+0.481	+0.484	-0.167	+0.491	+0.480	+0.453	+2.831	+0.659	+0.657	+1.896	+1.892	+0.643	+0.640	+0.242	+1.901	+1.930	+0.564	+0.558	+0.554	+1.747	+1.742	+0.522	+1.760	+0.524	+0.522	+1.783	+1.753	+1.751	+1.748	+1.747	+1.743	+1.743	+1.741	+1.743	+1.739	+0.141	+1.730	+1.752	-0.287	+1.730	+1.708	+1.770	+1.756	+1.811	+1.750	+1.833	+1.741	+0.569	+1.759	+1.765	+1.765	+1.797	
rs2066807      +0.062	+0.022	+0.023	+0.132	+0.026	+0.065	+0.078	-0.213	+0.068	+0.067	-0.028	+0.058	+0.010	+0.025	+0.084	+0.080	+0.044	+0.049	-0.010	-0.040	-0.041	-0.042	-0.043	+0.131	-0.042	-0.043	-0.042	-0.042	-0.050	-0.041	-0.041	-0.041	+2.440	+2.376	+2.703	+2.841	+2.864	+2.871	+2.691	+2.776	+2.664	+3.223	+2.642	+13.025	+0.088	+13.018	+3.784	+0.117	+0.102	+3.665	+3.681	-0.515	-0.514	-0.475	+4.075	-0.102	-0.122	+4.014	+13.324	+12.279	+3.324	+3.380	+3.485	+11.152	+3.491	+4.268	+5.138	+0.370	+0.339	+0.357	+0.262	+3.072	+2.989	+3.023	+3.043	+3.084	+10.523	+2.989	+2.970	+3.023	+1.980	+0.390	+0.397	+0.474	+0.448	+0.398	+0.402	+0.459	+5.335	-0.224	+0.449	+0.416	+0.375	+0.375	+0.375	+0.452	+0.389	+0.442	+0.441	+0.409	+0.348	+0.330	-0.365	+0.423	+0.425	-0.236	+0.432	+0.420	+0.393	+2.716	+0.567	+0.566	+1.806	+1.800	+0.552	+0.549	+0.179	+1.811	+1.839	+0.474	+0.468	+0.464	+1.656	+1.652	+0.432	+1.670	+0.435	+0.433	+1.692	+1.663	+1.660	+1.657	+1.657	+1.652	+1.652	+1.651	+1.653	+1.649	+0.078	+1.640	+1.662	-0.349	+1.640	+1.619	+1.679	+1.666	+1.720	+1.660	+1.742	+1.651	+0.479	+1.669	+1.675	+1.675	+1.706	
rs57137641     +0.062	+0.022	+0.022	+0.130	+0.024	+0.065	+0.078	-0.214	+0.068	+0.067	-0.029	+0.058	+0.010	+0.025	+0.084	+0.080	+0.044	-0.010	+0.048	-0.041	-0.041	-0.043	-0.044	+0.126	-0.043	-0.045	-0.043	-0.043	-0.052	-0.043	-0.043	-0.043	+2.439	+2.374	+2.701	+2.839	+2.862	+2.869	+2.690	+2.774	+2.662	+3.222	+2.640	+13.023	+0.086	+13.016	+3.782	+0.116	+0.101	+3.664	+3.679	-0.516	-0.515	-0.476	+4.073	-0.103	-0.123	+4.012	+13.323	+12.278	+3.322	+3.378	+3.483	+11.151	+3.489	+4.266	+5.136	+0.368	+0.338	+0.356	+0.261	+3.070	+2.987	+3.021	+3.040	+3.082	+10.522	+2.987	+2.968	+3.021	+1.978	+0.389	+0.396	+0.473	+0.447	+0.396	+0.401	+0.458	+5.333	-0.225	+0.448	+0.415	+0.374	+0.374	+0.374	+0.451	+0.388	+0.441	+0.440	+0.408	+0.347	+0.329	-0.366	+0.422	+0.424	-0.238	+0.431	+0.419	+0.392	+2.714	+0.565	+0.564	+1.804	+1.799	+0.550	+0.547	+0.178	+1.810	+1.837	+0.472	+0.466	+0.463	+1.655	+1.650	+0.431	+1.668	+0.433	+0.431	+1.691	+1.661	+1.659	+1.656	+1.656	+1.651	+1.651	+1.649	+1.651	+1.647	+0.077	+1.639	+1.660	-0.350	+1.638	+1.617	+1.678	+1.664	+1.719	+1.658	+1.740	+1.649	+0.477	+1.667	+1.673	+1.673	+1.705	
rs2020854      +0.072	-0.006	-0.006	+0.113	+0.007	+0.065	+0.089	-0.230	+0.040	+0.078	-0.048	+0.067	-0.018	-0.004	+0.100	+0.095	+0.013	-0.040	-0.041	+0.030	-0.031	-0.068	-0.066	+0.022	-0.068	-0.069	-0.068	-0.069	-0.077	-0.069	-0.069	-0.069	+2.400	+2.334	+2.662	+2.799	+2.821	+2.829	+2.649	+2.732	+2.622	+3.192	+2.600	+13.009	+0.070	+13.002	+3.753	+0.099	+0.084	+3.634	+3.650	-0.531	-0.530	-0.493	+4.045	-0.119	-0.139	+3.985	+13.310	+12.264	+3.298	+3.353	+3.458	+11.138	+3.465	+4.228	+5.127	+0.356	+0.327	+0.346	+0.249	+3.036	+2.964	+2.987	+3.006	+3.058	+10.505	+2.952	+2.933	+2.985	+1.947	+0.377	+0.384	+0.462	+0.436	+0.384	+0.389	+0.448	+5.324	-0.241	+0.438	+0.404	+0.362	+0.363	+0.363	+0.441	+0.377	+0.431	+0.430	+0.396	+0.335	+0.318	-0.381	+0.410	+0.414	-0.254	+0.421	+0.407	+0.380	+2.681	+0.540	+0.539	+1.790	+1.785	+0.525	+0.522	+0.165	+1.795	+1.823	+0.448	+0.442	+0.438	+1.640	+1.635	+0.407	+1.651	+0.409	+0.407	+1.673	+1.644	+1.641	+1.638	+1.638	+1.633	+1.633	+1.632	+1.634	+1.630	+0.064	+1.621	+1.643	-0.365	+1.620	+1.602	+1.660	+1.647	+1.704	+1.641	+1.725	+1.632	+0.453	+1.650	+1.655	+1.656	+1.687	
rs11575234     +0.071	-0.007	-0.006	+0.112	+0.006	+0.065	+0.089	-0.230	+0.040	+0.077	-0.049	+0.067	-0.018	-0.004	+0.099	+0.094	+0.013	-0.041	-0.041	-0.031	+0.030	-0.068	-0.066	+0.020	-0.069	-0.069	-0.069	-0.069	-0.077	-0.069	-0.069	-0.070	+2.400	+2.334	+2.661	+2.798	+2.821	+2.828	+2.649	+2.732	+2.622	+3.192	+2.600	+13.009	+0.070	+13.002	+3.752	+0.099	+0.084	+3.633	+3.649	-0.531	-0.530	-0.494	+4.044	-0.119	-0.139	+3.983	+13.310	+12.264	+3.297	+3.352	+3.457	+11.138	+3.463	+4.227	+5.125	+0.356	+0.327	+0.345	+0.249	+3.036	+2.964	+2.986	+3.006	+3.057	+10.505	+2.952	+2.933	+2.985	+1.948	+0.377	+0.383	+0.462	+0.436	+0.384	+0.388	+0.448	+5.322	-0.241	+0.437	+0.404	+0.362	+0.362	+0.362	+0.440	+0.376	+0.430	+0.430	+0.396	+0.335	+0.317	-0.381	+0.410	+0.413	-0.254	+0.421	+0.406	+0.380	+2.681	+0.539	+0.538	+1.789	+1.784	+0.525	+0.522	+0.165	+1.795	+1.822	+0.448	+0.442	+0.438	+1.639	+1.635	+0.407	+1.650	+0.409	+0.407	+1.672	+1.643	+1.640	+1.637	+1.637	+1.632	+1.632	+1.631	+1.633	+1.629	+0.064	+1.620	+1.642	-0.365	+1.620	+1.601	+1.659	+1.646	+1.703	+1.640	+1.724	+1.631	+0.453	+1.649	+1.655	+1.655	+1.686	
rs11575232     +0.073	+0.017	+0.018	+0.037	-0.066	+0.061	+0.093	-0.289	+0.083	+0.079	-0.120	+0.066	-0.003	+0.021	+0.104	+0.098	+0.050	-0.042	-0.043	-0.068	-0.068	-0.033	-0.091	-0.061	-0.100	-0.100	-0.101	-0.102	-0.117	-0.103	-0.104	-0.105	+2.325	+2.261	+2.585	+2.722	+2.744	+2.751	+2.573	+2.656	+2.546	+3.105	+2.525	+12.950	+0.013	+12.943	+3.662	+0.042	+0.027	+3.545	+3.560	-0.587	-0.585	-0.551	+3.949	-0.175	-0.195	+3.890	+13.248	+12.202	+3.198	+3.253	+3.357	+11.073	+3.371	+4.124	+5.025	+0.304	+0.274	+0.292	+0.197	+2.929	+2.850	+2.880	+2.899	+2.943	+10.440	+2.847	+2.828	+2.880	+1.850	+0.325	+0.331	+0.409	+0.383	+0.332	+0.336	+0.395	+5.221	-0.296	+0.384	+0.351	+0.309	+0.309	+0.310	+0.387	+0.323	+0.377	+0.376	+0.343	+0.282	+0.265	-0.435	+0.358	+0.360	-0.313	+0.367	+0.354	+0.327	+2.581	+0.459	+0.458	+1.702	+1.697	+0.444	+0.441	+0.108	+1.708	+1.734	+0.369	+0.363	+0.359	+1.552	+1.548	+0.328	+1.566	+0.330	+0.328	+1.588	+1.559	+1.556	+1.554	+1.553	+1.549	+1.548	+1.547	+1.549	+1.545	+0.008	+1.536	+1.558	-0.418	+1.536	+1.515	+1.575	+1.562	+1.616	+1.556	+1.637	+1.547	+0.373	+1.565	+1.570	+1.571	+1.602	
rs11575231     +0.061	+0.008	+0.009	+0.055	-0.048	+0.058	+0.080	-0.273	+0.069	+0.066	-0.101	+0.055	-0.009	+0.012	+0.088	+0.083	+0.036	-0.043	-0.044	-0.066	-0.066	-0.091	-0.016	-0.023	-0.091	-0.091	-0.092	-0.092	-0.106	-0.093	-0.094	-0.095	+2.347	+2.282	+2.607	+2.744	+2.766	+2.773	+2.596	+2.678	+2.569	+3.127	+2.547	+12.964	+0.028	+12.957	+3.684	+0.057	+0.042	+3.566	+3.581	-0.572	-0.571	-0.536	+3.971	-0.161	-0.180	+3.911	+13.262	+12.216	+3.220	+3.275	+3.380	+11.087	+3.393	+4.150	+5.047	+0.317	+0.287	+0.305	+0.209	+2.960	+2.880	+2.911	+2.931	+2.974	+10.455	+2.878	+2.859	+2.912	+1.879	+0.338	+0.344	+0.422	+0.396	+0.345	+0.349	+0.407	+5.244	-0.282	+0.397	+0.363	+0.322	+0.322	+0.322	+0.400	+0.336	+0.390	+0.389	+0.356	+0.295	+0.277	-0.421	+0.371	+0.373	-0.298	+0.380	+0.367	+0.340	+2.611	+0.482	+0.481	+1.723	+1.718	+0.467	+0.464	+0.122	+1.729	+1.755	+0.391	+0.385	+0.381	+1.573	+1.569	+0.350	+1.587	+0.352	+0.350	+1.609	+1.580	+1.577	+1.574	+1.574	+1.570	+1.569	+1.568	+1.570	+1.566	+0.022	+1.557	+1.579	-0.404	+1.557	+1.536	+1.596	+1.583	+1.637	+1.577	+1.658	+1.568	+0.395	+1.586	+1.591	+1.592	+1.623	
rs57367440     +0.366	+0.309	+0.310	-0.126	-0.224	+0.148	+0.377	-0.421	+0.425	+0.379	-0.275	+0.339	+0.241	+0.327	+0.453	+0.438	+0.423	+0.131	+0.126	+0.022	+0.020	-0.061	-0.023	-0.177	-0.065	-0.065	-0.073	-0.075	-0.142	-0.083	-0.087	-0.093	+2.138	+2.072	+2.394	+2.529	+2.551	+2.558	+2.383	+2.464	+2.356	+2.913	+2.334	+12.878	-0.119	+12.871	+3.466	-0.089	-0.104	+3.350	+3.365	-0.711	-0.709	-0.684	+3.744	-0.304	-0.323	+3.686	+13.178	+12.128	+2.992	+3.046	+3.149	+10.996	+3.175	+3.895	+4.828	+0.192	+0.163	+0.181	+0.083	+2.678	+2.607	+2.630	+2.649	+2.698	+10.358	+2.597	+2.579	+2.630	+1.594	+0.212	+0.218	+0.298	+0.272	+0.219	+0.224	+0.284	+5.020	-0.419	+0.273	+0.239	+0.196	+0.197	+0.197	+0.276	+0.211	+0.266	+0.265	+0.230	+0.169	+0.153	-0.555	+0.247	+0.249	-0.445	+0.256	+0.240	+0.214	+2.340	+0.271	+0.270	+1.517	+1.511	+0.257	+0.255	-0.014	+1.522	+1.546	+0.185	+0.180	+0.176	+1.368	+1.364	+0.147	+1.381	+0.149	+0.147	+1.403	+1.375	+1.372	+1.369	+1.369	+1.364	+1.364	+1.363	+1.365	+1.361	-0.115	+1.353	+1.374	-0.535	+1.352	+1.332	+1.390	+1.378	+1.430	+1.372	+1.451	+1.363	+0.189	+1.380	+1.385	+1.386	+1.416	
rs75598973     +0.074	+0.018	+0.018	+0.035	-0.067	+0.061	+0.094	-0.290	+0.085	+0.080	-0.121	+0.067	-0.002	+0.022	+0.106	+0.099	+0.051	-0.042	-0.043	-0.068	-0.069	-0.100	-0.091	-0.065	-0.035	-0.101	-0.102	-0.103	-0.118	-0.104	-0.105	-0.106	+2.324	+2.259	+2.583	+2.720	+2.742	+2.749	+2.572	+2.655	+2.545	+3.104	+2.523	+12.949	+0.011	+12.942	+3.661	+0.041	+0.026	+3.543	+3.559	-0.588	-0.586	-0.552	+3.948	-0.177	-0.196	+3.888	+13.247	+12.201	+3.196	+3.252	+3.356	+11.071	+3.370	+4.123	+5.024	+0.303	+0.273	+0.291	+0.195	+2.928	+2.849	+2.879	+2.898	+2.942	+10.439	+2.845	+2.827	+2.879	+1.849	+0.324	+0.330	+0.408	+0.382	+0.331	+0.335	+0.393	+5.220	-0.298	+0.383	+0.350	+0.308	+0.308	+0.308	+0.386	+0.322	+0.376	+0.375	+0.342	+0.281	+0.263	-0.436	+0.357	+0.359	-0.314	+0.366	+0.353	+0.326	+2.580	+0.457	+0.456	+1.701	+1.695	+0.443	+0.440	+0.107	+1.706	+1.732	+0.367	+0.361	+0.358	+1.551	+1.546	+0.326	+1.564	+0.329	+0.327	+1.586	+1.557	+1.555	+1.552	+1.552	+1.547	+1.547	+1.546	+1.547	+1.544	+0.007	+1.535	+1.557	-0.419	+1.534	+1.514	+1.574	+1.561	+1.614	+1.554	+1.635	+1.545	+0.372	+1.563	+1.569	+1.569	+1.600	
rs148874097    +0.070	+0.015	+0.015	+0.038	-0.065	+0.060	+0.090	-0.288	+0.081	+0.076	-0.119	+0.064	-0.004	+0.019	+0.101	+0.095	+0.047	-0.043	-0.045	-0.069	-0.069	-0.100	-0.091	-0.065	-0.101	-0.032	-0.102	-0.103	-0.118	-0.104	-0.105	-0.106	+2.326	+2.261	+2.585	+2.723	+2.744	+2.752	+2.574	+2.657	+2.547	+3.106	+2.526	+12.952	+0.013	+12.945	+3.663	+0.043	+0.027	+3.545	+3.561	-0.586	-0.585	-0.550	+3.950	-0.175	-0.195	+3.891	+13.250	+12.204	+3.199	+3.254	+3.358	+11.075	+3.372	+4.126	+5.026	+0.304	+0.274	+0.292	+0.197	+2.934	+2.855	+2.885	+2.905	+2.948	+10.443	+2.852	+2.833	+2.886	+1.855	+0.325	+0.331	+0.409	+0.383	+0.332	+0.336	+0.395	+5.223	-0.296	+0.384	+0.351	+0.309	+0.309	+0.310	+0.387	+0.323	+0.377	+0.376	+0.343	+0.282	+0.265	-0.434	+0.358	+0.360	-0.313	+0.367	+0.354	+0.327	+2.586	+0.461	+0.460	+1.703	+1.698	+0.446	+0.444	+0.109	+1.708	+1.735	+0.371	+0.365	+0.361	+1.553	+1.549	+0.330	+1.567	+0.332	+0.330	+1.589	+1.560	+1.557	+1.554	+1.554	+1.549	+1.549	+1.548	+1.550	+1.546	+0.008	+1.537	+1.559	-0.417	+1.537	+1.516	+1.576	+1.563	+1.617	+1.557	+1.638	+1.548	+0.375	+1.566	+1.571	+1.572	+1.602	
rs2066819      +0.076	+0.019	+0.020	+0.032	-0.070	+0.062	+0.096	-0.292	+0.087	+0.082	-0.124	+0.068	-0.001	+0.024	+0.108	+0.102	+0.053	-0.042	-0.043	-0.068	-0.069	-0.101	-0.092	-0.073	-0.102	-0.102	-0.037	-0.104	-0.120	-0.106	-0.106	-0.107	+2.322	+2.257	+2.581	+2.718	+2.740	+2.747	+2.570	+2.653	+2.543	+3.101	+2.521	+12.947	+0.009	+12.940	+3.659	+0.038	+0.023	+3.541	+3.556	-0.590	-0.589	-0.554	+3.946	-0.179	-0.199	+3.886	+13.245	+12.199	+3.194	+3.249	+3.354	+11.069	+3.368	+4.121	+5.021	+0.301	+0.271	+0.289	+0.193	+2.926	+2.847	+2.877	+2.896	+2.940	+10.437	+2.843	+2.825	+2.877	+1.847	+0.322	+0.328	+0.406	+0.380	+0.329	+0.333	+0.391	+5.217	-0.300	+0.381	+0.347	+0.306	+0.306	+0.306	+0.384	+0.320	+0.374	+0.373	+0.340	+0.279	+0.261	-0.438	+0.355	+0.357	-0.317	+0.364	+0.350	+0.324	+2.578	+0.455	+0.454	+1.698	+1.693	+0.441	+0.438	+0.105	+1.704	+1.730	+0.365	+0.359	+0.355	+1.548	+1.544	+0.324	+1.562	+0.326	+0.325	+1.584	+1.555	+1.552	+1.549	+1.549	+1.545	+1.544	+1.543	+1.545	+1.541	+0.004	+1.532	+1.554	-0.421	+1.532	+1.511	+1.571	+1.558	+1.612	+1.552	+1.633	+1.543	+0.369	+1.561	+1.566	+1.567	+1.597	
rs11575229     +0.076	+0.020	+0.020	+0.031	-0.071	+0.062	+0.096	-0.293	+0.087	+0.082	-0.125	+0.069	-0.001	+0.024	+0.109	+0.102	+0.053	-0.042	-0.043	-0.069	-0.069	-0.102	-0.092	-0.075	-0.103	-0.103	-0.104	-0.038	-0.121	-0.106	-0.107	-0.108	+2.321	+2.256	+2.580	+2.717	+2.739	+2.746	+2.569	+2.652	+2.542	+3.101	+2.520	+12.946	+0.008	+12.939	+3.658	+0.037	+0.022	+3.540	+3.556	-0.591	-0.589	-0.555	+3.945	-0.180	-0.200	+3.885	+13.244	+12.198	+3.193	+3.249	+3.353	+11.068	+3.367	+4.120	+5.020	+0.300	+0.270	+0.288	+0.192	+2.925	+2.846	+2.876	+2.896	+2.940	+10.436	+2.843	+2.825	+2.877	+1.846	+0.321	+0.327	+0.405	+0.379	+0.328	+0.332	+0.390	+5.217	-0.300	+0.380	+0.347	+0.305	+0.305	+0.305	+0.383	+0.319	+0.373	+0.372	+0.339	+0.278	+0.260	-0.439	+0.354	+0.356	-0.317	+0.363	+0.350	+0.323	+2.577	+0.454	+0.453	+1.697	+1.692	+0.440	+0.437	+0.104	+1.703	+1.729	+0.364	+0.358	+0.354	+1.547	+1.543	+0.323	+1.561	+0.325	+0.324	+1.583	+1.554	+1.551	+1.548	+1.548	+1.544	+1.543	+1.542	+1.544	+1.540	+0.003	+1.531	+1.553	-0.422	+1.531	+1.510	+1.570	+1.557	+1.611	+1.551	+1.632	+1.542	+0.369	+1.560	+1.565	+1.566	+1.597	
rs117779516    +0.069	+0.009	+0.010	+0.008	-0.093	+0.061	+0.090	-0.309	+0.077	+0.075	-0.146	+0.062	-0.011	+0.013	+0.100	+0.094	+0.041	-0.050	-0.052	-0.077	-0.077	-0.117	-0.106	-0.142	-0.118	-0.118	-0.120	-0.121	-0.055	-0.122	-0.123	-0.125	+2.305	+2.239	+2.565	+2.702	+2.724	+2.731	+2.554	+2.637	+2.527	+3.087	+2.505	+12.937	-0.007	+12.930	+3.647	+0.023	+0.008	+3.529	+3.544	-0.606	-0.605	-0.571	+3.934	-0.195	-0.214	+3.874	+13.235	+12.189	+3.178	+3.234	+3.338	+11.059	+3.355	+4.106	+5.006	+0.286	+0.256	+0.275	+0.179	+2.910	+2.832	+2.861	+2.881	+2.925	+10.423	+2.828	+2.809	+2.862	+1.830	+0.307	+0.313	+0.391	+0.366	+0.314	+0.318	+0.377	+5.201	-0.315	+0.366	+0.333	+0.291	+0.291	+0.291	+0.369	+0.305	+0.359	+0.359	+0.325	+0.264	+0.247	-0.454	+0.340	+0.342	-0.332	+0.350	+0.335	+0.309	+2.562	+0.436	+0.435	+1.677	+1.671	+0.422	+0.419	+0.088	+1.682	+1.708	+0.346	+0.340	+0.337	+1.527	+1.522	+0.306	+1.540	+0.308	+0.306	+1.562	+1.533	+1.530	+1.527	+1.527	+1.522	+1.522	+1.521	+1.523	+1.519	-0.012	+1.510	+1.532	-0.436	+1.510	+1.489	+1.548	+1.536	+1.589	+1.530	+1.610	+1.521	+0.350	+1.538	+1.544	+1.544	+1.575	
rs11575224     +0.078	+0.021	+0.021	+0.028	-0.074	+0.062	+0.098	-0.296	+0.089	+0.084	-0.128	+0.071	-0.000	+0.025	+0.111	+0.105	+0.055	-0.041	-0.043	-0.069	-0.069	-0.103	-0.093	-0.083	-0.104	-0.104	-0.106	-0.106	-0.122	-0.041	-0.108	-0.109	+2.319	+2.254	+2.578	+2.716	+2.737	+2.745	+2.567	+2.650	+2.540	+3.099	+2.519	+12.944	+0.006	+12.937	+3.656	+0.035	+0.020	+3.538	+3.554	-0.593	-0.592	-0.558	+3.943	-0.182	-0.202	+3.883	+13.241	+12.196	+3.191	+3.247	+3.351	+11.066	+3.365	+4.118	+5.018	+0.298	+0.268	+0.286	+0.190	+2.924	+2.845	+2.875	+2.895	+2.939	+10.434	+2.842	+2.823	+2.876	+1.845	+0.319	+0.325	+0.403	+0.377	+0.326	+0.330	+0.388	+5.214	-0.303	+0.378	+0.344	+0.302	+0.303	+0.303	+0.381	+0.317	+0.371	+0.370	+0.336	+0.276	+0.258	-0.441	+0.352	+0.354	-0.320	+0.361	+0.347	+0.321	+2.576	+0.452	+0.451	+1.695	+1.690	+0.438	+0.435	+0.102	+1.700	+1.726	+0.362	+0.356	+0.352	+1.545	+1.541	+0.321	+1.559	+0.323	+0.322	+1.580	+1.552	+1.549	+1.546	+1.546	+1.541	+1.541	+1.540	+1.542	+1.538	+0.001	+1.529	+1.551	-0.424	+1.529	+1.508	+1.568	+1.555	+1.608	+1.549	+1.630	+1.540	+0.367	+1.557	+1.563	+1.563	+1.594	
rs57870697     +0.079	+0.021	+0.022	+0.026	-0.076	+0.063	+0.099	-0.297	+0.091	+0.085	-0.130	+0.072	+0.000	+0.026	+0.112	+0.106	+0.056	-0.041	-0.043	-0.069	-0.069	-0.104	-0.094	-0.087	-0.105	-0.105	-0.106	-0.107	-0.123	-0.108	-0.042	-0.110	+2.318	+2.253	+2.577	+2.714	+2.736	+2.743	+2.566	+2.649	+2.539	+3.097	+2.517	+12.942	+0.004	+12.935	+3.655	+0.034	+0.019	+3.537	+3.552	-0.595	-0.593	-0.559	+3.942	-0.184	-0.203	+3.882	+13.240	+12.194	+3.190	+3.245	+3.350	+11.065	+3.364	+4.117	+5.017	+0.297	+0.266	+0.285	+0.189	+2.923	+2.844	+2.874	+2.894	+2.937	+10.432	+2.841	+2.822	+2.875	+1.844	+0.317	+0.323	+0.401	+0.376	+0.324	+0.329	+0.387	+5.213	-0.304	+0.376	+0.343	+0.301	+0.302	+0.302	+0.379	+0.316	+0.369	+0.369	+0.335	+0.274	+0.257	-0.443	+0.350	+0.353	-0.321	+0.360	+0.346	+0.319	+2.575	+0.451	+0.450	+1.693	+1.688	+0.436	+0.434	+0.100	+1.699	+1.725	+0.361	+0.355	+0.351	+1.544	+1.539	+0.320	+1.557	+0.322	+0.320	+1.579	+1.550	+1.548	+1.545	+1.544	+1.540	+1.540	+1.538	+1.540	+1.536	-0.000	+1.528	+1.549	-0.425	+1.527	+1.506	+1.566	+1.553	+1.607	+1.547	+1.628	+1.538	+0.365	+1.556	+1.562	+1.562	+1.593	
rs2066818      +0.080	+0.022	+0.023	+0.024	-0.078	+0.063	+0.100	-0.299	+0.092	+0.086	-0.132	+0.073	+0.001	+0.027	+0.114	+0.107	+0.057	-0.041	-0.043	-0.069	-0.070	-0.105	-0.095	-0.093	-0.106	-0.106	-0.107	-0.108	-0.125	-0.109	-0.110	-0.044	+2.316	+2.252	+2.576	+2.713	+2.735	+2.742	+2.565	+2.647	+2.538	+3.096	+2.516	+12.941	+0.003	+12.934	+3.654	+0.032	+0.017	+3.536	+3.551	-0.596	-0.595	-0.561	+3.940	-0.185	-0.205	+3.881	+13.238	+12.193	+3.189	+3.244	+3.349	+11.063	+3.362	+4.115	+5.016	+0.295	+0.265	+0.283	+0.187	+2.922	+2.843	+2.873	+2.893	+2.937	+10.431	+2.840	+2.822	+2.874	+1.843	+0.316	+0.322	+0.400	+0.374	+0.323	+0.327	+0.385	+5.212	-0.305	+0.375	+0.342	+0.300	+0.300	+0.300	+0.378	+0.314	+0.368	+0.367	+0.334	+0.273	+0.255	-0.444	+0.349	+0.351	-0.322	+0.358	+0.344	+0.318	+2.574	+0.450	+0.449	+1.692	+1.686	+0.435	+0.432	+0.099	+1.697	+1.723	+0.359	+0.353	+0.350	+1.542	+1.537	+0.318	+1.555	+0.321	+0.319	+1.577	+1.549	+1.546	+1.543	+1.543	+1.538	+1.538	+1.537	+1.538	+1.535	-0.002	+1.526	+1.548	-0.427	+1.525	+1.505	+1.565	+1.552	+1.605	+1.545	+1.626	+1.536	+0.364	+1.554	+1.560	+1.560	+1.591	
rs812279       +2.571	+2.504	+2.504	+2.157	+2.114	+2.734	+2.607	+1.783	+2.577	+2.576	+2.057	+2.566	+2.486	+2.508	+2.597	+2.592	+2.532	+2.440	+2.439	+2.400	+2.400	+2.325	+2.347	+2.138	+2.324	+2.326	+2.322	+2.321	+2.305	+2.319	+2.318	+2.316	+2.063	+1.967	+2.129	+2.235	+2.253	+2.259	+2.118	+2.175	+2.099	+2.514	+2.084	+13.180	+2.356	+13.173	+2.992	+2.385	+2.364	+2.888	+2.900	+4.561	+4.663	+2.753	+3.199	+2.075	+2.043	+3.158	+13.522	+12.519	+2.543	+2.584	+2.661	+11.533	+2.807	+3.433	+4.729	+1.823	+1.840	+1.852	+1.736	+3.411	+3.544	+3.383	+3.395	+3.614	+11.033	+3.367	+3.358	+3.398	+2.694	+1.834	+1.839	+1.948	+1.932	+1.839	+1.845	+1.939	+4.939	+2.090	+1.932	+1.908	+1.829	+1.829	+1.829	+1.938	+1.838	+1.931	+1.929	+1.852	+1.811	+1.854	+1.752	+1.916	+1.919	+1.910	+1.925	+1.864	+1.834	+3.375	+1.911	+1.910	+2.417	+2.420	+1.905	+1.903	+1.715	+2.424	+2.364	+1.863	+1.860	+1.858	+2.274	+2.272	+1.839	+2.280	+1.840	+1.839	+2.294	+2.276	+2.275	+2.273	+2.273	+2.270	+2.270	+2.270	+2.271	+2.268	+1.671	+2.264	+2.278	+1.788	+2.264	+2.255	+2.288	+2.275	+2.314	+2.276	+2.327	+2.271	+1.862	+2.282	+2.286	+2.286	+2.306	
rs2291739      +2.506	+2.440	+2.441	+2.067	+2.024	+2.668	+2.542	+1.711	+2.513	+2.511	+1.969	+2.501	+2.422	+2.444	+2.532	+2.527	+2.468	+2.376	+2.374	+2.334	+2.334	+2.261	+2.282	+2.072	+2.259	+2.261	+2.257	+2.256	+2.239	+2.254	+2.253	+2.252	+1.967	+1.987	+2.101	+2.211	+2.230	+2.236	+2.092	+2.152	+2.071	+2.498	+2.056	+13.145	+2.277	+13.140	+2.982	+2.305	+2.284	+2.876	+2.888	+4.331	+4.432	+2.603	+3.185	+1.998	+1.967	+3.143	+13.493	+12.489	+2.522	+2.563	+2.641	+11.493	+2.786	+3.411	+4.710	+1.767	+1.789	+1.800	+1.678	+3.342	+3.484	+3.314	+3.327	+3.551	+10.985	+3.297	+3.289	+3.328	+2.623	+1.778	+1.783	+1.897	+1.879	+1.784	+1.790	+1.889	+4.919	+2.014	+1.882	+1.855	+1.774	+1.774	+1.775	+1.888	+1.783	+1.881	+1.879	+1.797	+1.756	+1.801	+1.681	+1.865	+1.868	+1.837	+1.875	+1.809	+1.779	+3.302	+1.839	+1.838	+2.372	+2.376	+1.833	+1.832	+1.657	+2.379	+2.319	+1.791	+1.788	+1.786	+2.228	+2.226	+1.767	+2.233	+1.768	+1.767	+2.248	+2.229	+2.228	+2.226	+2.226	+2.224	+2.224	+2.223	+2.224	+2.222	+1.612	+2.217	+2.231	+1.716	+2.217	+2.209	+2.242	+2.228	+2.268	+2.229	+2.281	+2.224	+1.790	+2.235	+2.239	+2.239	+2.260	
rs812278       +2.837	+2.768	+2.768	+2.385	+2.342	+3.008	+2.874	+2.026	+2.841	+2.842	+2.285	+2.832	+2.750	+2.771	+2.863	+2.858	+2.796	+2.703	+2.701	+2.662	+2.661	+2.585	+2.607	+2.394	+2.583	+2.585	+2.581	+2.580	+2.565	+2.578	+2.577	+2.576	+2.129	+2.101	+2.308	+2.379	+2.404	+2.411	+2.273	+2.310	+2.262	+2.572	+2.254	+13.280	+2.597	+13.273	+3.029	+2.626	+2.604	+2.927	+2.939	+5.589	+5.708	+3.389	+3.235	+2.314	+2.283	+3.196	+13.637	+12.634	+2.611	+2.649	+2.721	+11.662	+2.867	+3.493	+4.773	+2.008	+2.025	+2.035	+1.928	+3.583	+3.718	+3.556	+3.568	+3.786	+11.172	+3.540	+3.532	+3.571	+2.881	+2.017	+2.022	+2.124	+2.109	+2.023	+2.028	+2.116	+4.981	+2.358	+2.109	+2.086	+2.013	+2.013	+2.013	+2.115	+2.021	+2.108	+2.107	+2.034	+1.996	+2.037	+2.008	+2.095	+2.097	+2.169	+2.103	+2.046	+2.018	+3.556	+2.125	+2.125	+2.547	+2.551	+2.119	+2.118	+1.909	+2.554	+2.496	+2.079	+2.076	+2.075	+2.413	+2.411	+2.056	+2.418	+2.057	+2.056	+2.432	+2.415	+2.413	+2.412	+2.412	+2.409	+2.409	+2.409	+2.410	+2.408	+1.871	+2.403	+2.416	+2.043	+2.403	+2.395	+2.426	+2.414	+2.451	+2.415	+2.463	+2.410	+2.079	+2.421	+2.425	+2.425	+2.444	
