## Summary of overall evidence for association with region:
## log10(BF for region) = -0.53003
## p-value for region = NA

## BFs for choosing among multi-SNP models:
## log10(average 1-SNP BF) = -0.454117
## log10(average 2-SNP BF) = -0.739047

## Example posterior probabilities for multi-SNP models, based on default prior: [p(l) propto 0.5^l for l=1,2,...,L]
## posterior probability of 1-SNP = 0.794003
## posterior probability of 2-SNP = 0.205997

## log10(BF) for single SNP and pair of SNPs:
rs187451695    -0.526	-0.988	-0.979	-0.990	-0.989	-0.992	-0.983	-0.986	-0.982	-0.875	-0.875	-0.987	-0.883	-0.984	-0.885	-0.987	-0.953	-0.953	-0.954	-0.954	-0.959	-0.956	-0.924	-0.960	-0.962	-0.962	-0.962	-0.961	-0.750	-0.876	-0.923	-0.984	-0.900	-0.958	-0.878	-0.961	-0.929	-0.961	-0.960	-0.775	-0.886	-0.928	-0.952	-0.890	-0.940	-0.872	-0.921	-0.918	-0.873	-0.962	-0.948	-0.948	-0.962	-0.893	-0.924	-0.957	-0.928	-0.933	-0.901	-0.875	-0.595	-0.604	-0.643	-0.643	-0.644	-0.622	-0.940	-0.608	-0.609	-0.613	-0.598	-0.658	-0.946	-0.655	-0.610	-0.635	-0.814	-0.815	-0.644	-0.822	-0.635	-0.629	-0.626	-0.816	-0.647	-0.945	-0.815	-0.618	-0.825	-0.398	-0.636	-0.798	-0.681	-1.000	-0.850	-0.847	-0.961	-0.848	-0.893	-0.709	-0.883	-0.719	-0.764	-0.808	-0.908	-0.263	-0.890	-0.889	-0.753	-0.799	-0.940	-0.986	-0.916	-0.883	-0.894	-0.973	-0.776	-0.885	-0.793	-0.782	-0.893	-0.894	-0.894	-0.894	-0.892	-0.895	-0.785	-0.900	-0.976	-0.895	-0.709	-0.785	-0.785	-0.884	-0.889	-0.801	-0.785	-0.784	-0.802	-0.784	-0.768	-0.984	-0.782	-0.770	-0.984	-0.780	
rs12513159     -0.988	-0.611	-0.738	-0.748	-0.748	-0.750	-0.743	-0.773	-0.762	-1.042	-1.042	-0.777	-1.044	-0.776	-1.045	-0.787	-1.061	-1.061	-1.061	-1.061	-1.061	-1.062	-0.968	-1.061	-1.058	-1.055	-1.054	-1.056	-0.790	-0.927	-0.947	-1.068	-0.953	-1.062	-0.929	-1.055	-0.953	-1.055	-1.058	-0.816	-0.940	-0.952	-1.020	-0.945	-1.005	-0.925	-0.945	-0.980	-0.926	-1.058	-1.015	-1.015	-1.056	-0.948	-1.053	-1.028	-0.992	-0.958	-0.957	-1.033	-0.692	-0.701	-0.740	-0.740	-0.741	-0.721	-1.058	-0.705	-0.706	-0.710	-0.695	-0.755	-1.059	-0.752	-0.708	-0.732	-0.912	-0.912	-0.741	-0.919	-0.731	-0.726	-0.723	-0.913	-0.743	-1.057	-0.912	-0.715	-0.924	-0.448	-0.698	-0.873	-0.750	-1.077	-0.941	-0.940	-1.042	-0.941	-0.975	-0.767	-0.959	-0.778	-0.827	-0.868	-0.979	-0.320	-0.971	-0.970	-0.813	-0.860	-1.016	-1.061	-0.987	-0.960	-0.978	-1.047	-0.857	-0.961	-0.895	-0.886	-0.978	-0.978	-0.978	-0.978	-0.974	-0.979	-0.888	-0.971	-1.051	-0.979	-0.816	-0.888	-0.888	-0.966	-0.976	-0.901	-0.888	-0.887	-0.885	-0.887	-0.872	-1.060	-0.886	-0.875	-1.059	-0.883	
rs13105943     -0.979	-0.738	-0.598	-0.724	-0.727	-0.710	-0.756	-0.770	-0.774	-1.026	-1.027	-0.770	-1.029	-0.777	-1.030	-0.780	-1.050	-1.050	-1.050	-1.050	-1.051	-1.051	-0.964	-1.051	-1.049	-1.047	-1.046	-1.047	-0.789	-0.921	-0.941	-1.056	-0.947	-1.051	-0.924	-1.047	-0.946	-1.046	-1.049	-0.815	-0.931	-0.946	-1.010	-0.936	-0.995	-0.917	-0.940	-0.970	-0.917	-1.049	-1.004	-1.005	-1.048	-0.939	-1.040	-1.017	-0.982	-0.950	-0.949	-1.015	-0.672	-0.681	-0.720	-0.720	-0.721	-0.700	-1.045	-0.684	-0.685	-0.690	-0.674	-0.735	-1.047	-0.732	-0.687	-0.712	-0.894	-0.895	-0.721	-0.902	-0.711	-0.706	-0.702	-0.896	-0.723	-1.046	-0.895	-0.694	-0.910	-0.445	-0.703	-0.864	-0.753	-1.063	-0.928	-0.927	-1.028	-0.927	-0.962	-0.763	-0.946	-0.773	-0.814	-0.863	-0.972	-0.315	-0.958	-0.957	-0.808	-0.854	-1.006	-1.050	-0.975	-0.947	-0.965	-1.035	-0.846	-0.948	-0.880	-0.871	-0.965	-0.965	-0.965	-0.965	-0.962	-0.966	-0.873	-0.959	-1.039	-0.966	-0.801	-0.873	-0.873	-0.955	-0.963	-0.887	-0.873	-0.872	-0.874	-0.872	-0.857	-1.048	-0.871	-0.860	-1.047	-0.869	
rs4586953      -0.990	-0.748	-0.724	-0.614	-0.748	-0.758	-0.727	-0.767	-0.751	-1.046	-1.046	-0.773	-1.048	-0.770	-1.049	-0.783	-1.063	-1.063	-1.064	-1.064	-1.063	-1.065	-0.969	-1.063	-1.060	-1.057	-1.056	-1.058	-0.790	-0.928	-0.948	-1.070	-0.954	-1.064	-0.930	-1.057	-0.954	-1.057	-1.061	-0.816	-0.942	-0.953	-1.023	-0.946	-1.008	-0.927	-0.945	-0.982	-0.927	-1.060	-1.017	-1.018	-1.059	-0.950	-1.056	-1.030	-0.995	-0.960	-0.959	-1.037	-0.698	-0.707	-0.745	-0.746	-0.746	-0.726	-1.061	-0.711	-0.712	-0.716	-0.700	-0.760	-1.062	-0.757	-0.713	-0.738	-0.916	-0.917	-0.746	-0.923	-0.737	-0.732	-0.728	-0.918	-0.749	-1.060	-0.917	-0.720	-0.927	-0.448	-0.696	-0.875	-0.749	-1.080	-0.945	-0.943	-1.045	-0.944	-0.978	-0.768	-0.962	-0.779	-0.830	-0.869	-0.980	-0.320	-0.975	-0.974	-0.814	-0.861	-1.019	-1.064	-0.990	-0.963	-0.981	-1.050	-0.860	-0.964	-0.899	-0.890	-0.981	-0.981	-0.981	-0.981	-0.977	-0.982	-0.892	-0.973	-1.053	-0.982	-0.820	-0.891	-0.892	-0.969	-0.979	-0.905	-0.891	-0.891	-0.888	-0.890	-0.876	-1.062	-0.889	-0.879	-1.062	-0.887	
rs13139586     -0.989	-0.748	-0.727	-0.748	-0.614	-0.756	-0.728	-0.767	-0.751	-1.045	-1.045	-0.772	-1.048	-0.769	-1.048	-0.783	-1.063	-1.063	-1.063	-1.063	-1.063	-1.064	-0.969	-1.063	-1.060	-1.057	-1.056	-1.058	-0.790	-0.928	-0.947	-1.070	-0.954	-1.064	-0.930	-1.057	-0.953	-1.057	-1.060	-0.816	-0.941	-0.953	-1.022	-0.946	-1.007	-0.926	-0.945	-0.982	-0.927	-1.060	-1.017	-1.018	-1.058	-0.949	-1.055	-1.030	-0.994	-0.960	-0.959	-1.037	-0.697	-0.706	-0.744	-0.745	-0.746	-0.725	-1.061	-0.710	-0.711	-0.715	-0.699	-0.759	-1.061	-0.756	-0.712	-0.737	-0.915	-0.916	-0.746	-0.923	-0.736	-0.731	-0.727	-0.917	-0.748	-1.060	-0.916	-0.719	-0.927	-0.448	-0.696	-0.875	-0.749	-1.079	-0.944	-0.943	-1.045	-0.943	-0.978	-0.768	-0.962	-0.778	-0.830	-0.869	-0.980	-0.320	-0.974	-0.973	-0.814	-0.861	-1.018	-1.064	-0.989	-0.963	-0.980	-1.050	-0.859	-0.964	-0.898	-0.889	-0.980	-0.980	-0.980	-0.981	-0.976	-0.981	-0.891	-0.973	-1.053	-0.981	-0.819	-0.891	-0.891	-0.968	-0.978	-0.904	-0.891	-0.890	-0.888	-0.890	-0.876	-1.062	-0.889	-0.878	-1.061	-0.887	
rs150295487    -0.992	-0.750	-0.710	-0.758	-0.756	-0.619	-0.711	-0.755	-0.729	-1.052	-1.052	-0.764	-1.054	-0.756	-1.054	-0.775	-1.068	-1.068	-1.068	-1.068	-1.067	-1.069	-0.968	-1.067	-1.064	-1.060	-1.059	-1.061	-0.788	-0.929	-0.948	-1.074	-0.955	-1.069	-0.931	-1.060	-0.954	-1.060	-1.064	-0.815	-0.944	-0.954	-1.026	-0.949	-1.011	-0.929	-0.945	-0.985	-0.929	-1.064	-1.020	-1.021	-1.062	-0.952	-1.060	-1.033	-0.998	-0.962	-0.961	-1.046	-0.708	-0.716	-0.755	-0.755	-0.756	-0.735	-1.067	-0.720	-0.721	-0.726	-0.710	-0.769	-1.066	-0.766	-0.723	-0.747	-0.924	-0.924	-0.756	-0.931	-0.746	-0.741	-0.738	-0.925	-0.758	-1.065	-0.924	-0.730	-0.932	-0.448	-0.691	-0.878	-0.745	-1.085	-0.949	-0.948	-1.050	-0.949	-0.983	-0.769	-0.967	-0.779	-0.835	-0.870	-0.982	-0.321	-0.979	-0.978	-0.814	-0.862	-1.022	-1.068	-0.993	-0.968	-0.985	-1.054	-0.863	-0.968	-0.904	-0.895	-0.985	-0.986	-0.986	-0.986	-0.980	-0.986	-0.897	-0.977	-1.057	-0.986	-0.825	-0.897	-0.897	-0.973	-0.983	-0.910	-0.897	-0.896	-0.892	-0.896	-0.882	-1.066	-0.895	-0.884	-1.066	-0.892	
rs34993266     -0.983	-0.743	-0.756	-0.727	-0.728	-0.711	-0.604	-0.756	-0.754	-1.032	-1.032	-0.756	-1.035	-0.761	-1.035	-0.768	-1.053	-1.053	-1.054	-1.054	-1.054	-1.055	-0.966	-1.054	-1.052	-1.049	-1.049	-1.050	-0.790	-0.924	-0.943	-1.061	-0.950	-1.054	-0.927	-1.049	-0.948	-1.049	-1.052	-0.816	-0.935	-0.948	-1.015	-0.940	-1.000	-0.921	-0.941	-0.975	-0.921	-1.052	-1.010	-1.010	-1.050	-0.943	-1.045	-1.022	-0.987	-0.953	-0.953	-1.021	-0.679	-0.688	-0.727	-0.728	-0.728	-0.708	-1.049	-0.692	-0.693	-0.698	-0.681	-0.742	-1.051	-0.739	-0.695	-0.719	-0.901	-0.902	-0.728	-0.909	-0.719	-0.713	-0.710	-0.903	-0.731	-1.050	-0.902	-0.702	-0.916	-0.447	-0.701	-0.868	-0.752	-1.069	-0.934	-0.933	-1.034	-0.933	-0.968	-0.765	-0.952	-0.776	-0.820	-0.865	-0.975	-0.317	-0.964	-0.963	-0.810	-0.857	-1.011	-1.055	-0.980	-0.953	-0.971	-1.041	-0.851	-0.954	-0.887	-0.878	-0.971	-0.971	-0.971	-0.971	-0.968	-0.972	-0.880	-0.965	-1.045	-0.972	-0.808	-0.880	-0.880	-0.960	-0.969	-0.893	-0.880	-0.879	-0.879	-0.879	-0.864	-1.053	-0.878	-0.867	-1.053	-0.876	
rs10516468     -0.986	-0.773	-0.770	-0.767	-0.767	-0.755	-0.756	-0.608	-0.732	-1.036	-1.037	-0.744	-1.039	-0.747	-1.040	-0.756	-1.057	-1.057	-1.057	-1.057	-1.057	-1.058	-0.967	-1.057	-1.055	-1.052	-1.051	-1.053	-0.790	-0.926	-0.945	-1.065	-0.952	-1.058	-0.929	-1.052	-0.951	-1.052	-1.055	-0.817	-0.938	-0.950	-1.018	-0.943	-1.003	-0.923	-0.943	-0.977	-0.924	-1.055	-1.013	-1.013	-1.053	-0.946	-1.049	-1.025	-0.990	-0.956	-0.955	-1.026	-0.685	-0.694	-0.733	-0.733	-0.734	-0.713	-1.053	-0.698	-0.699	-0.703	-0.687	-0.748	-1.055	-0.745	-0.700	-0.725	-0.906	-0.907	-0.734	-0.914	-0.724	-0.719	-0.716	-0.908	-0.736	-1.054	-0.907	-0.708	-0.920	-0.448	-0.699	-0.871	-0.751	-1.073	-0.938	-0.937	-1.039	-0.937	-0.972	-0.767	-0.956	-0.777	-0.824	-0.867	-0.978	-0.319	-0.968	-0.967	-0.812	-0.859	-1.014	-1.059	-0.984	-0.957	-0.975	-1.044	-0.854	-0.958	-0.892	-0.883	-0.975	-0.975	-0.975	-0.975	-0.971	-0.976	-0.885	-0.968	-1.048	-0.976	-0.812	-0.884	-0.885	-0.963	-0.973	-0.898	-0.884	-0.884	-0.883	-0.883	-0.869	-1.057	-0.882	-0.872	-1.056	-0.880	
rs11946360     -0.982	-0.762	-0.774	-0.751	-0.751	-0.729	-0.754	-0.732	-0.601	-1.028	-1.028	-0.728	-1.030	-0.736	-1.031	-0.739	-1.050	-1.050	-1.050	-1.051	-1.051	-1.052	-0.964	-1.051	-1.049	-1.047	-1.046	-1.047	-0.789	-0.923	-0.941	-1.059	-0.949	-1.051	-0.925	-1.047	-0.947	-1.046	-1.049	-0.815	-0.934	-0.946	-1.013	-0.938	-0.997	-0.919	-0.940	-0.972	-0.920	-1.049	-1.007	-1.008	-1.048	-0.941	-1.041	-1.020	-0.984	-0.951	-0.951	-1.016	-0.674	-0.683	-0.722	-0.722	-0.723	-0.702	-1.046	-0.686	-0.688	-0.692	-0.676	-0.737	-1.048	-0.734	-0.689	-0.714	-0.897	-0.897	-0.723	-0.904	-0.713	-0.708	-0.704	-0.898	-0.725	-1.046	-0.897	-0.696	-0.913	-0.446	-0.702	-0.866	-0.752	-1.066	-0.931	-0.930	-1.032	-0.930	-0.965	-0.764	-0.949	-0.775	-0.817	-0.864	-0.974	-0.316	-0.962	-0.961	-0.809	-0.855	-1.008	-1.052	-0.978	-0.950	-0.968	-1.038	-0.849	-0.951	-0.884	-0.875	-0.968	-0.968	-0.968	-0.968	-0.965	-0.969	-0.877	-0.962	-1.042	-0.969	-0.804	-0.877	-0.877	-0.957	-0.966	-0.890	-0.876	-0.876	-0.877	-0.876	-0.861	-1.051	-0.875	-0.864	-1.050	-0.872	
rs11736383     -0.875	-1.042	-1.026	-1.046	-1.045	-1.052	-1.032	-1.036	-1.028	-0.629	-0.764	-1.039	-0.765	-1.033	-0.768	-1.038	-0.889	-0.889	-0.889	-0.889	-0.879	-0.892	-0.984	-0.879	-0.865	-0.851	-0.847	-0.855	-0.647	-0.804	-0.988	-0.938	-0.841	-0.901	-0.808	-0.850	-0.996	-0.851	-0.870	-0.680	-0.756	-0.995	-0.863	-0.763	-0.836	-0.733	-0.985	-0.791	-0.734	-0.882	-0.857	-0.854	-0.875	-0.769	-0.826	-0.877	-0.822	-1.004	-0.785	-0.960	-0.725	-0.734	-0.771	-0.772	-0.772	-0.752	-0.948	-0.738	-0.739	-0.743	-0.728	-0.786	-0.931	-0.783	-0.740	-0.764	-0.940	-0.941	-0.773	-0.947	-0.764	-0.759	-0.755	-0.942	-0.775	-0.934	-0.941	-0.747	-0.932	-0.442	-0.725	-0.883	-0.771	-1.095	-0.946	-0.945	-1.060	-0.946	-0.988	-0.754	-0.962	-0.765	-0.822	-0.859	-0.983	-0.310	-0.985	-0.984	-0.802	-0.850	-1.022	-1.068	-0.991	-0.966	-0.988	-1.053	-0.870	-0.966	-0.909	-0.901	-0.988	-0.988	-0.988	-0.988	-0.988	-0.989	-0.903	-0.974	-1.056	-0.989	-0.833	-0.903	-0.903	-0.981	-0.987	-0.916	-0.903	-0.902	-0.900	-0.902	-0.889	-1.066	-0.901	-0.891	-1.065	-0.899	
rs13144214     -0.875	-1.042	-1.027	-1.046	-1.045	-1.052	-1.032	-1.037	-1.028	-0.764	-0.629	-1.039	-0.765	-1.034	-0.768	-1.038	-0.889	-0.889	-0.889	-0.889	-0.879	-0.892	-0.984	-0.879	-0.865	-0.851	-0.847	-0.854	-0.647	-0.804	-0.988	-0.939	-0.841	-0.901	-0.808	-0.850	-0.996	-0.851	-0.870	-0.680	-0.756	-0.995	-0.863	-0.763	-0.836	-0.733	-0.985	-0.791	-0.734	-0.882	-0.857	-0.855	-0.875	-0.769	-0.826	-0.877	-0.822	-1.005	-0.785	-0.960	-0.725	-0.734	-0.771	-0.771	-0.772	-0.751	-0.948	-0.737	-0.738	-0.743	-0.728	-0.786	-0.931	-0.783	-0.740	-0.764	-0.940	-0.941	-0.773	-0.947	-0.764	-0.758	-0.755	-0.942	-0.775	-0.934	-0.941	-0.747	-0.932	-0.442	-0.726	-0.883	-0.771	-1.095	-0.946	-0.945	-1.060	-0.946	-0.988	-0.754	-0.962	-0.765	-0.822	-0.859	-0.983	-0.310	-0.985	-0.984	-0.802	-0.850	-1.022	-1.068	-0.991	-0.966	-0.988	-1.053	-0.870	-0.966	-0.909	-0.901	-0.988	-0.988	-0.988	-0.988	-0.988	-0.989	-0.903	-0.974	-1.056	-0.989	-0.833	-0.903	-0.903	-0.981	-0.987	-0.916	-0.903	-0.902	-0.900	-0.902	-0.888	-1.066	-0.901	-0.891	-1.065	-0.899	
rs12502067     -0.987	-0.777	-0.770	-0.773	-0.772	-0.764	-0.756	-0.744	-0.728	-1.039	-1.039	-0.609	-1.041	-0.741	-1.041	-0.751	-1.058	-1.058	-1.058	-1.058	-1.058	-1.059	-0.967	-1.058	-1.056	-1.053	-1.052	-1.054	-0.790	-0.926	-0.945	-1.066	-0.953	-1.059	-0.929	-1.053	-0.951	-1.053	-1.056	-0.816	-0.939	-0.950	-1.019	-0.944	-1.004	-0.924	-0.943	-0.978	-0.925	-1.056	-1.014	-1.014	-1.054	-0.947	-1.050	-1.026	-0.991	-0.956	-0.956	-1.028	-0.688	-0.697	-0.736	-0.736	-0.737	-0.716	-1.055	-0.701	-0.702	-0.706	-0.690	-0.750	-1.056	-0.748	-0.703	-0.728	-0.908	-0.909	-0.737	-0.916	-0.727	-0.722	-0.718	-0.910	-0.739	-1.055	-0.909	-0.710	-0.922	-0.448	-0.698	-0.872	-0.750	-1.075	-0.940	-0.938	-1.040	-0.939	-0.973	-0.767	-0.957	-0.777	-0.825	-0.868	-0.978	-0.319	-0.970	-0.969	-0.812	-0.859	-1.015	-1.060	-0.985	-0.958	-0.976	-1.046	-0.856	-0.959	-0.893	-0.884	-0.976	-0.976	-0.976	-0.976	-0.972	-0.977	-0.886	-0.969	-1.049	-0.977	-0.814	-0.886	-0.886	-0.965	-0.974	-0.899	-0.886	-0.885	-0.884	-0.885	-0.870	-1.058	-0.884	-0.873	-1.057	-0.882	
rs62307291     -0.883	-1.044	-1.029	-1.048	-1.048	-1.054	-1.035	-1.039	-1.030	-0.765	-0.765	-1.041	-0.630	-1.036	-0.766	-1.041	-0.893	-0.893	-0.893	-0.893	-0.883	-0.895	-0.987	-0.883	-0.869	-0.856	-0.852	-0.859	-0.655	-0.811	-0.991	-0.944	-0.847	-0.904	-0.814	-0.855	-0.998	-0.857	-0.874	-0.688	-0.764	-0.997	-0.870	-0.771	-0.844	-0.741	-0.988	-0.799	-0.742	-0.886	-0.864	-0.861	-0.879	-0.777	-0.827	-0.883	-0.830	-1.006	-0.793	-0.957	-0.721	-0.730	-0.767	-0.768	-0.769	-0.748	-0.949	-0.734	-0.735	-0.739	-0.724	-0.782	-0.933	-0.779	-0.736	-0.760	-0.939	-0.940	-0.769	-0.946	-0.760	-0.755	-0.751	-0.940	-0.771	-0.936	-0.939	-0.744	-0.932	-0.445	-0.727	-0.884	-0.773	-1.096	-0.946	-0.946	-1.061	-0.946	-0.989	-0.757	-0.964	-0.768	-0.825	-0.862	-0.985	-0.313	-0.986	-0.985	-0.805	-0.853	-1.023	-1.069	-0.993	-0.968	-0.989	-1.054	-0.871	-0.968	-0.909	-0.900	-0.989	-0.989	-0.989	-0.989	-0.989	-0.990	-0.903	-0.976	-1.057	-0.990	-0.833	-0.902	-0.903	-0.981	-0.988	-0.915	-0.902	-0.902	-0.901	-0.901	-0.888	-1.067	-0.900	-0.890	-1.067	-0.898	
rs12500167     -0.984	-0.776	-0.777	-0.770	-0.769	-0.756	-0.761	-0.747	-0.736	-1.033	-1.034	-0.741	-1.036	-0.605	-1.036	-0.741	-1.054	-1.054	-1.054	-1.054	-1.054	-1.055	-0.965	-1.054	-1.052	-1.050	-1.049	-1.050	-0.790	-0.925	-0.943	-1.063	-0.951	-1.055	-0.927	-1.050	-0.948	-1.049	-1.053	-0.816	-0.936	-0.948	-1.016	-0.941	-1.001	-0.922	-0.941	-0.975	-0.922	-1.052	-1.011	-1.011	-1.051	-0.944	-1.046	-1.023	-0.988	-0.953	-0.954	-1.022	-0.681	-0.690	-0.729	-0.729	-0.730	-0.709	-1.050	-0.694	-0.695	-0.699	-0.683	-0.744	-1.052	-0.741	-0.696	-0.721	-0.903	-0.903	-0.730	-0.910	-0.720	-0.715	-0.712	-0.904	-0.732	-1.051	-0.903	-0.704	-0.918	-0.447	-0.699	-0.869	-0.751	-1.071	-0.936	-0.934	-1.036	-0.935	-0.969	-0.765	-0.953	-0.776	-0.822	-0.866	-0.976	-0.318	-0.966	-0.965	-0.811	-0.857	-1.012	-1.056	-0.982	-0.955	-0.972	-1.042	-0.852	-0.955	-0.889	-0.880	-0.972	-0.972	-0.972	-0.972	-0.969	-0.973	-0.882	-0.966	-1.046	-0.973	-0.809	-0.882	-0.882	-0.961	-0.970	-0.895	-0.881	-0.881	-0.880	-0.880	-0.866	-1.055	-0.879	-0.869	-1.054	-0.877	
rs7684323      -0.885	-1.045	-1.030	-1.049	-1.048	-1.054	-1.035	-1.040	-1.031	-0.768	-0.768	-1.041	-0.766	-1.036	-0.630	-1.041	-0.892	-0.892	-0.892	-0.892	-0.883	-0.895	-0.987	-0.882	-0.868	-0.856	-0.851	-0.859	-0.656	-0.812	-0.991	-0.944	-0.848	-0.903	-0.815	-0.855	-0.999	-0.856	-0.874	-0.689	-0.764	-0.997	-0.870	-0.772	-0.844	-0.742	-0.988	-0.800	-0.743	-0.885	-0.865	-0.862	-0.879	-0.778	-0.825	-0.884	-0.830	-1.007	-0.793	-0.955	-0.720	-0.729	-0.767	-0.767	-0.768	-0.747	-0.948	-0.733	-0.734	-0.738	-0.723	-0.782	-0.932	-0.779	-0.735	-0.760	-0.939	-0.939	-0.768	-0.946	-0.759	-0.754	-0.750	-0.940	-0.770	-0.935	-0.939	-0.743	-0.932	-0.445	-0.727	-0.885	-0.773	-1.096	-0.946	-0.946	-1.061	-0.946	-0.989	-0.757	-0.964	-0.769	-0.825	-0.862	-0.985	-0.313	-0.986	-0.985	-0.805	-0.854	-1.024	-1.070	-0.993	-0.968	-0.989	-1.055	-0.871	-0.968	-0.909	-0.900	-0.989	-0.989	-0.989	-0.989	-0.989	-0.990	-0.903	-0.977	-1.058	-0.990	-0.832	-0.902	-0.903	-0.982	-0.988	-0.915	-0.902	-0.902	-0.901	-0.901	-0.888	-1.068	-0.900	-0.890	-1.067	-0.898	
rs34923784     -0.987	-0.787	-0.780	-0.783	-0.783	-0.775	-0.768	-0.756	-0.739	-1.038	-1.038	-0.751	-1.041	-0.741	-1.041	-0.609	-1.057	-1.057	-1.057	-1.058	-1.057	-1.059	-0.966	-1.057	-1.055	-1.052	-1.051	-1.053	-0.790	-0.926	-0.944	-1.066	-0.952	-1.058	-0.929	-1.052	-0.950	-1.052	-1.055	-0.816	-0.938	-0.949	-1.019	-0.943	-1.004	-0.924	-0.942	-0.978	-0.924	-1.055	-1.013	-1.014	-1.053	-0.946	-1.049	-1.026	-0.991	-0.955	-0.956	-1.027	-0.687	-0.696	-0.735	-0.735	-0.736	-0.715	-1.054	-0.700	-0.701	-0.705	-0.689	-0.750	-1.055	-0.747	-0.702	-0.727	-0.908	-0.908	-0.736	-0.915	-0.726	-0.721	-0.717	-0.909	-0.738	-1.054	-0.908	-0.710	-0.922	-0.447	-0.697	-0.872	-0.750	-1.074	-0.939	-0.938	-1.040	-0.938	-0.973	-0.767	-0.957	-0.777	-0.825	-0.867	-0.978	-0.319	-0.969	-0.968	-0.812	-0.859	-1.015	-1.059	-0.985	-0.958	-0.976	-1.045	-0.855	-0.959	-0.893	-0.884	-0.976	-0.976	-0.976	-0.976	-0.972	-0.977	-0.886	-0.969	-1.049	-0.977	-0.813	-0.885	-0.886	-0.964	-0.974	-0.899	-0.885	-0.885	-0.884	-0.884	-0.870	-1.058	-0.883	-0.873	-1.057	-0.881	
rs11936998     -0.953	-1.061	-1.050	-1.063	-1.063	-1.068	-1.053	-1.057	-1.050	-0.889	-0.889	-1.058	-0.893	-1.054	-0.892	-1.057	-0.642	-0.778	-0.778	-0.778	-0.778	-0.786	-1.008	-0.775	-0.767	-0.742	-0.736	-0.781	-0.705	-0.855	-1.010	-0.968	-0.889	-0.836	-0.858	-0.782	-1.016	-0.787	-0.806	-0.737	-0.807	-1.015	-0.904	-0.814	-0.880	-0.785	-1.007	-0.838	-0.787	-0.832	-0.899	-0.897	-0.827	-0.820	-0.920	-0.917	-0.867	-1.023	-0.835	-0.831	-0.674	-0.683	-0.724	-0.725	-0.726	-0.703	-0.878	-0.688	-0.689	-0.693	-0.677	-0.741	-0.873	-0.738	-0.690	-0.717	-0.924	-0.924	-0.726	-0.932	-0.716	-0.710	-0.707	-0.925	-0.729	-0.878	-0.924	-0.698	-0.940	-0.460	-0.744	-0.898	-0.790	-1.109	-0.959	-0.957	-1.073	-0.958	-1.000	-0.783	-0.984	-0.794	-0.855	-0.886	-1.004	-0.329	-0.998	-0.997	-0.830	-0.878	-1.040	-1.084	-1.012	-0.986	-1.002	-1.071	-0.885	-0.987	-0.912	-0.902	-1.002	-1.002	-1.002	-1.002	-1.002	-1.003	-0.905	-0.996	-1.073	-1.003	-0.832	-0.905	-0.905	-0.994	-0.999	-0.919	-0.904	-0.904	-0.913	-0.903	-0.889	-1.082	-0.902	-0.891	-1.081	-0.900	
rs28565243     -0.953	-1.061	-1.050	-1.063	-1.063	-1.068	-1.053	-1.057	-1.050	-0.889	-0.889	-1.058	-0.893	-1.054	-0.892	-1.057	-0.778	-0.642	-0.778	-0.778	-0.777	-0.786	-1.009	-0.774	-0.767	-0.742	-0.736	-0.781	-0.706	-0.856	-1.010	-0.968	-0.889	-0.836	-0.859	-0.782	-1.016	-0.787	-0.806	-0.738	-0.808	-1.015	-0.905	-0.815	-0.880	-0.785	-1.007	-0.838	-0.787	-0.832	-0.900	-0.897	-0.827	-0.820	-0.920	-0.917	-0.867	-1.023	-0.835	-0.830	-0.674	-0.683	-0.724	-0.724	-0.725	-0.702	-0.878	-0.687	-0.688	-0.693	-0.677	-0.741	-0.873	-0.737	-0.690	-0.717	-0.924	-0.924	-0.726	-0.931	-0.716	-0.710	-0.707	-0.925	-0.728	-0.878	-0.924	-0.698	-0.940	-0.460	-0.744	-0.898	-0.790	-1.109	-0.959	-0.957	-1.073	-0.958	-1.000	-0.784	-0.984	-0.795	-0.855	-0.886	-1.004	-0.329	-0.998	-0.997	-0.830	-0.878	-1.040	-1.084	-1.012	-0.986	-1.002	-1.071	-0.885	-0.987	-0.912	-0.902	-1.002	-1.002	-1.002	-1.002	-1.002	-1.003	-0.905	-0.996	-1.073	-1.003	-0.832	-0.905	-0.905	-0.994	-0.999	-0.919	-0.904	-0.904	-0.914	-0.903	-0.889	-1.082	-0.902	-0.891	-1.082	-0.900	
rs10000945     -0.954	-1.061	-1.050	-1.064	-1.063	-1.068	-1.054	-1.057	-1.050	-0.889	-0.889	-1.058	-0.893	-1.054	-0.892	-1.057	-0.778	-0.778	-0.642	-0.778	-0.777	-0.785	-1.009	-0.774	-0.767	-0.742	-0.736	-0.782	-0.707	-0.856	-1.010	-0.968	-0.890	-0.836	-0.859	-0.782	-1.017	-0.787	-0.806	-0.739	-0.808	-1.016	-0.905	-0.815	-0.881	-0.786	-1.007	-0.839	-0.788	-0.832	-0.901	-0.898	-0.827	-0.821	-0.920	-0.918	-0.868	-1.023	-0.836	-0.829	-0.673	-0.682	-0.724	-0.724	-0.725	-0.702	-0.877	-0.687	-0.688	-0.693	-0.676	-0.740	-0.873	-0.737	-0.689	-0.716	-0.923	-0.924	-0.725	-0.931	-0.715	-0.710	-0.706	-0.925	-0.728	-0.878	-0.924	-0.698	-0.940	-0.460	-0.744	-0.898	-0.791	-1.109	-0.959	-0.958	-1.073	-0.958	-1.000	-0.784	-0.984	-0.795	-0.855	-0.887	-1.004	-0.330	-0.998	-0.997	-0.830	-0.878	-1.041	-1.084	-1.012	-0.986	-1.002	-1.071	-0.885	-0.987	-0.912	-0.902	-1.002	-1.002	-1.002	-1.002	-1.002	-1.003	-0.905	-0.996	-1.073	-1.003	-0.832	-0.905	-0.905	-0.994	-0.999	-0.919	-0.904	-0.904	-0.914	-0.903	-0.889	-1.082	-0.902	-0.891	-1.082	-0.900	
rs28647526     -0.954	-1.061	-1.050	-1.064	-1.063	-1.068	-1.054	-1.057	-1.051	-0.889	-0.889	-1.058	-0.893	-1.054	-0.892	-1.058	-0.778	-0.778	-0.778	-0.642	-0.777	-0.785	-1.009	-0.774	-0.767	-0.742	-0.736	-0.782	-0.707	-0.857	-1.010	-0.969	-0.891	-0.836	-0.860	-0.782	-1.017	-0.787	-0.806	-0.739	-0.809	-1.016	-0.906	-0.816	-0.882	-0.787	-1.008	-0.840	-0.789	-0.832	-0.901	-0.899	-0.828	-0.822	-0.920	-0.918	-0.869	-1.023	-0.837	-0.828	-0.672	-0.682	-0.723	-0.723	-0.724	-0.701	-0.877	-0.686	-0.687	-0.692	-0.676	-0.740	-0.872	-0.736	-0.689	-0.716	-0.923	-0.924	-0.725	-0.931	-0.715	-0.709	-0.706	-0.925	-0.727	-0.878	-0.924	-0.697	-0.940	-0.461	-0.744	-0.898	-0.791	-1.109	-0.959	-0.958	-1.073	-0.958	-1.000	-0.784	-0.984	-0.795	-0.856	-0.887	-1.004	-0.330	-0.998	-0.997	-0.831	-0.878	-1.041	-1.084	-1.012	-0.986	-1.002	-1.071	-0.885	-0.987	-0.912	-0.902	-1.002	-1.002	-1.002	-1.003	-1.002	-1.004	-0.905	-0.996	-1.073	-1.003	-0.832	-0.904	-0.905	-0.994	-0.999	-0.919	-0.904	-0.904	-0.914	-0.903	-0.889	-1.082	-0.902	-0.891	-1.082	-0.900	
rs13113346     -0.959	-1.061	-1.051	-1.063	-1.063	-1.067	-1.054	-1.057	-1.051	-0.879	-0.879	-1.058	-0.883	-1.054	-0.883	-1.057	-0.778	-0.777	-0.777	-0.777	-0.640	-0.777	-1.010	-0.779	-0.782	-0.768	-0.764	-0.795	-0.718	-0.866	-1.010	-0.974	-0.899	-0.833	-0.869	-0.797	-1.016	-0.801	-0.812	-0.750	-0.822	-1.015	-0.915	-0.828	-0.892	-0.800	-1.007	-0.852	-0.802	-0.837	-0.911	-0.909	-0.834	-0.834	-0.913	-0.927	-0.880	-1.022	-0.848	-0.806	-0.661	-0.671	-0.712	-0.713	-0.714	-0.690	-0.867	-0.675	-0.676	-0.681	-0.664	-0.729	-0.866	-0.726	-0.678	-0.705	-0.916	-0.917	-0.714	-0.924	-0.704	-0.698	-0.695	-0.918	-0.717	-0.872	-0.917	-0.686	-0.936	-0.464	-0.744	-0.897	-0.790	-1.107	-0.956	-0.954	-1.070	-0.955	-0.998	-0.786	-0.983	-0.797	-0.856	-0.888	-1.004	-0.334	-0.995	-0.995	-0.832	-0.880	-1.040	-1.083	-1.012	-0.984	-1.000	-1.071	-0.884	-0.986	-0.907	-0.898	-1.000	-1.000	-1.000	-1.000	-1.000	-1.001	-0.900	-0.996	-1.073	-1.001	-0.827	-0.900	-0.900	-0.992	-0.997	-0.914	-0.900	-0.899	-0.912	-0.899	-0.884	-1.081	-0.898	-0.886	-1.081	-0.895	
rs13120048     -0.956	-1.062	-1.051	-1.065	-1.064	-1.069	-1.055	-1.058	-1.052	-0.892	-0.892	-1.059	-0.895	-1.055	-0.895	-1.059	-0.786	-0.786	-0.785	-0.785	-0.777	-0.643	-1.010	-0.771	-0.762	-0.734	-0.728	-0.779	-0.708	-0.858	-1.011	-0.969	-0.891	-0.833	-0.861	-0.780	-1.017	-0.785	-0.802	-0.740	-0.809	-1.016	-0.906	-0.816	-0.882	-0.787	-1.008	-0.840	-0.789	-0.831	-0.902	-0.899	-0.826	-0.822	-0.919	-0.918	-0.869	-1.024	-0.836	-0.825	-0.672	-0.682	-0.723	-0.723	-0.724	-0.701	-0.876	-0.686	-0.687	-0.692	-0.676	-0.740	-0.872	-0.736	-0.689	-0.716	-0.924	-0.924	-0.725	-0.931	-0.715	-0.709	-0.706	-0.925	-0.727	-0.877	-0.924	-0.697	-0.940	-0.462	-0.745	-0.899	-0.791	-1.110	-0.960	-0.958	-1.073	-0.959	-1.001	-0.785	-0.985	-0.796	-0.856	-0.888	-1.005	-0.331	-0.998	-0.998	-0.831	-0.879	-1.042	-1.085	-1.013	-0.987	-1.003	-1.072	-0.886	-0.988	-0.912	-0.903	-1.003	-1.003	-1.003	-1.003	-1.003	-1.004	-0.906	-0.997	-1.074	-1.004	-0.833	-0.905	-0.906	-0.995	-1.000	-0.919	-0.905	-0.904	-0.914	-0.904	-0.889	-1.083	-0.903	-0.892	-1.083	-0.900	
rs1508422      -0.924	-0.968	-0.964	-0.969	-0.969	-0.968	-0.966	-0.967	-0.964	-0.984	-0.984	-0.967	-0.987	-0.965	-0.987	-0.966	-1.008	-1.009	-1.009	-1.009	-1.010	-1.010	-0.543	-1.010	-1.008	-1.007	-1.006	-1.007	-0.666	-0.831	-0.832	-0.987	-0.858	-1.009	-0.834	-1.006	-0.834	-1.006	-1.008	-0.698	-0.866	-0.834	-0.947	-0.871	-0.934	-0.852	-0.832	-0.911	-0.853	-1.008	-0.942	-0.943	-1.007	-0.875	-0.995	-0.954	-0.923	-0.834	-0.884	-0.990	-0.671	-0.679	-0.714	-0.714	-0.715	-0.696	-1.002	-0.683	-0.683	-0.688	-0.673	-0.728	-1.004	-0.725	-0.685	-0.708	-0.883	-0.884	-0.716	-0.889	-0.707	-0.702	-0.699	-0.884	-0.718	-1.003	-0.884	-0.692	-0.859	-0.368	-0.677	-0.795	-0.722	-1.014	-0.877	-0.875	-0.975	-0.876	-0.907	-0.717	-0.896	-0.728	-0.770	-0.815	-0.924	-0.255	-0.905	-0.903	-0.762	-0.807	-0.955	-0.995	-0.921	-0.897	-0.912	-0.982	-0.783	-0.898	-0.831	-0.822	-0.912	-0.912	-0.912	-0.912	-0.902	-0.913	-0.824	-0.905	-0.984	-0.913	-0.751	-0.823	-0.824	-0.894	-0.909	-0.837	-0.823	-0.823	-0.811	-0.822	-0.808	-0.993	-0.821	-0.811	-0.992	-0.819	
rs4699811      -0.960	-1.061	-1.051	-1.063	-1.063	-1.067	-1.054	-1.057	-1.051	-0.879	-0.879	-1.058	-0.883	-1.054	-0.882	-1.057	-0.775	-0.774	-0.774	-0.774	-0.779	-0.771	-1.010	-0.639	-0.777	-0.761	-0.757	-0.792	-0.719	-0.866	-1.010	-0.974	-0.899	-0.829	-0.869	-0.793	-1.016	-0.798	-0.809	-0.750	-0.822	-1.015	-0.915	-0.829	-0.892	-0.800	-1.007	-0.852	-0.802	-0.834	-0.911	-0.908	-0.832	-0.834	-0.912	-0.927	-0.880	-1.022	-0.848	-0.802	-0.660	-0.670	-0.711	-0.712	-0.713	-0.689	-0.864	-0.674	-0.675	-0.680	-0.663	-0.728	-0.864	-0.725	-0.677	-0.704	-0.916	-0.917	-0.713	-0.924	-0.703	-0.697	-0.694	-0.918	-0.716	-0.870	-0.916	-0.685	-0.936	-0.464	-0.744	-0.897	-0.790	-1.107	-0.956	-0.954	-1.070	-0.955	-0.998	-0.786	-0.983	-0.797	-0.856	-0.888	-1.004	-0.334	-0.995	-0.995	-0.832	-0.880	-1.040	-1.083	-1.012	-0.984	-1.000	-1.070	-0.884	-0.986	-0.907	-0.897	-0.999	-1.000	-1.000	-1.000	-1.000	-1.001	-0.900	-0.996	-1.073	-1.001	-0.827	-0.900	-0.900	-0.992	-0.996	-0.914	-0.899	-0.899	-0.912	-0.898	-0.883	-1.081	-0.897	-0.886	-1.081	-0.895	
rs12642314     -0.962	-1.058	-1.049	-1.060	-1.060	-1.064	-1.052	-1.055	-1.049	-0.865	-0.865	-1.056	-0.869	-1.052	-0.868	-1.055	-0.767	-0.767	-0.767	-0.767	-0.782	-0.762	-1.008	-0.777	-0.635	-0.768	-0.765	-0.788	-0.727	-0.872	-1.007	-0.976	-0.904	-0.811	-0.875	-0.790	-1.013	-0.794	-0.798	-0.758	-0.831	-1.012	-0.921	-0.837	-0.899	-0.810	-1.005	-0.861	-0.812	-0.826	-0.916	-0.914	-0.825	-0.842	-0.899	-0.932	-0.887	-1.019	-0.856	-0.766	-0.646	-0.655	-0.697	-0.698	-0.699	-0.675	-0.844	-0.660	-0.661	-0.666	-0.649	-0.715	-0.848	-0.711	-0.662	-0.690	-0.907	-0.907	-0.699	-0.915	-0.689	-0.683	-0.679	-0.908	-0.702	-0.854	-0.907	-0.671	-0.929	-0.465	-0.741	-0.894	-0.787	-1.102	-0.951	-0.949	-1.065	-0.950	-0.993	-0.786	-0.979	-0.797	-0.853	-0.887	-1.001	-0.335	-0.990	-0.990	-0.832	-0.879	-1.037	-1.079	-1.009	-0.980	-0.995	-1.067	-0.881	-0.982	-0.900	-0.890	-0.995	-0.995	-0.995	-0.995	-0.996	-0.996	-0.893	-0.994	-1.069	-0.996	-0.819	-0.892	-0.893	-0.988	-0.991	-0.907	-0.892	-0.892	-0.908	-0.891	-0.876	-1.078	-0.890	-0.879	-1.077	-0.888	
rs13125109     -0.962	-1.055	-1.047	-1.057	-1.057	-1.060	-1.049	-1.052	-1.047	-0.851	-0.851	-1.053	-0.856	-1.050	-0.856	-1.052	-0.742	-0.742	-0.742	-0.742	-0.768	-0.734	-1.007	-0.761	-0.768	-0.631	-0.765	-0.783	-0.733	-0.875	-1.005	-0.977	-0.907	-0.797	-0.878	-0.787	-1.011	-0.791	-0.788	-0.763	-0.837	-1.010	-0.924	-0.843	-0.903	-0.816	-1.002	-0.866	-0.818	-0.820	-0.920	-0.918	-0.820	-0.848	-0.889	-0.935	-0.891	-1.016	-0.861	-0.741	-0.636	-0.646	-0.688	-0.688	-0.689	-0.665	-0.829	-0.650	-0.651	-0.656	-0.639	-0.705	-0.836	-0.702	-0.653	-0.681	-0.900	-0.900	-0.690	-0.908	-0.680	-0.674	-0.670	-0.901	-0.692	-0.842	-0.900	-0.661	-0.925	-0.465	-0.738	-0.892	-0.785	-1.099	-0.947	-0.944	-1.061	-0.945	-0.990	-0.785	-0.976	-0.796	-0.851	-0.886	-0.999	-0.336	-0.987	-0.986	-0.831	-0.878	-1.035	-1.076	-1.007	-0.977	-0.991	-1.065	-0.878	-0.979	-0.895	-0.885	-0.991	-0.991	-0.991	-0.991	-0.993	-0.992	-0.887	-0.992	-1.067	-0.992	-0.813	-0.887	-0.887	-0.985	-0.987	-0.902	-0.887	-0.886	-0.905	-0.886	-0.870	-1.075	-0.885	-0.873	-1.075	-0.882	
rs28692516     -0.962	-1.054	-1.046	-1.056	-1.056	-1.059	-1.049	-1.051	-1.046	-0.847	-0.847	-1.052	-0.852	-1.049	-0.851	-1.051	-0.736	-0.736	-0.736	-0.736	-0.764	-0.728	-1.006	-0.757	-0.765	-0.765	-0.629	-0.781	-0.734	-0.877	-1.004	-0.977	-0.908	-0.791	-0.879	-0.785	-1.010	-0.789	-0.784	-0.764	-0.838	-1.009	-0.925	-0.845	-0.904	-0.818	-1.001	-0.868	-0.820	-0.817	-0.921	-0.919	-0.818	-0.850	-0.886	-0.936	-0.893	-1.015	-0.863	-0.733	-0.632	-0.642	-0.685	-0.685	-0.686	-0.662	-0.824	-0.647	-0.648	-0.653	-0.636	-0.702	-0.832	-0.698	-0.649	-0.678	-0.898	-0.898	-0.687	-0.906	-0.677	-0.670	-0.667	-0.899	-0.689	-0.838	-0.898	-0.658	-0.923	-0.465	-0.737	-0.891	-0.784	-1.098	-0.945	-0.943	-1.060	-0.944	-0.988	-0.785	-0.975	-0.796	-0.851	-0.886	-0.998	-0.336	-0.986	-0.985	-0.831	-0.877	-1.034	-1.075	-1.007	-0.976	-0.990	-1.064	-0.877	-0.978	-0.893	-0.883	-0.989	-0.990	-0.990	-0.990	-0.992	-0.991	-0.886	-0.991	-1.066	-0.991	-0.811	-0.885	-0.886	-0.984	-0.986	-0.900	-0.885	-0.885	-0.904	-0.884	-0.869	-1.074	-0.883	-0.871	-1.074	-0.880	
rs10022427     -0.961	-1.056	-1.047	-1.058	-1.058	-1.061	-1.050	-1.053	-1.047	-0.855	-0.854	-1.054	-0.859	-1.050	-0.859	-1.053	-0.781	-0.781	-0.782	-0.782	-0.795	-0.779	-1.007	-0.792	-0.788	-0.783	-0.781	-0.632	-0.728	-0.872	-1.004	-0.974	-0.903	-0.788	-0.875	-0.768	-1.010	-0.773	-0.772	-0.758	-0.831	-1.009	-0.920	-0.838	-0.899	-0.810	-1.002	-0.861	-0.812	-0.811	-0.916	-0.914	-0.811	-0.843	-0.888	-0.931	-0.887	-1.016	-0.856	-0.737	-0.640	-0.649	-0.692	-0.692	-0.693	-0.669	-0.826	-0.654	-0.655	-0.660	-0.643	-0.709	-0.833	-0.705	-0.656	-0.684	-0.902	-0.903	-0.693	-0.910	-0.683	-0.677	-0.674	-0.904	-0.696	-0.839	-0.902	-0.665	-0.926	-0.465	-0.739	-0.892	-0.785	-1.100	-0.948	-0.945	-1.062	-0.946	-0.990	-0.785	-0.976	-0.796	-0.851	-0.886	-0.999	-0.335	-0.988	-0.987	-0.831	-0.877	-1.035	-1.077	-1.008	-0.978	-0.992	-1.065	-0.878	-0.979	-0.896	-0.886	-0.992	-0.992	-0.992	-0.992	-0.993	-0.993	-0.889	-0.992	-1.067	-0.993	-0.815	-0.888	-0.889	-0.986	-0.988	-0.903	-0.888	-0.888	-0.906	-0.887	-0.872	-1.076	-0.886	-0.874	-1.075	-0.884	
rs2866237      -0.750	-0.790	-0.789	-0.790	-0.790	-0.788	-0.790	-0.790	-0.789	-0.647	-0.647	-0.790	-0.655	-0.790	-0.656	-0.790	-0.705	-0.706	-0.707	-0.707	-0.718	-0.708	-0.666	-0.719	-0.727	-0.733	-0.734	-0.728	-0.319	-0.581	-0.662	-0.691	-0.567	-0.701	-0.580	-0.730	-0.656	-0.730	-0.720	-0.472	-0.695	-0.657	-0.713	-0.696	-0.717	-0.692	-0.664	-0.718	-0.693	-0.723	-0.713	-0.716	-0.727	-0.697	-0.690	-0.710	-0.718	-0.645	-0.698	-0.629	-0.535	-0.542	-0.573	-0.573	-0.574	-0.557	-0.670	-0.545	-0.546	-0.549	-0.537	-0.585	-0.694	-0.582	-0.547	-0.567	-0.710	-0.710	-0.574	-0.714	-0.566	-0.562	-0.559	-0.711	-0.576	-0.693	-0.710	-0.553	-0.621	-0.214	-0.495	-0.561	-0.537	-0.789	-0.652	-0.648	-0.731	-0.650	-0.682	-0.599	-0.689	-0.608	-0.584	-0.676	-0.751	-0.118	-0.680	-0.677	-0.634	-0.670	-0.773	-0.790	-0.726	-0.687	-0.692	-0.782	-0.569	-0.691	-0.587	-0.576	-0.691	-0.692	-0.692	-0.692	-0.684	-0.693	-0.579	-0.711	-0.781	-0.692	-0.501	-0.578	-0.579	-0.676	-0.684	-0.595	-0.578	-0.578	-0.596	-0.577	-0.562	-0.789	-0.576	-0.563	-0.788	-0.573	
rs7691456      -0.876	-0.927	-0.921	-0.928	-0.928	-0.929	-0.924	-0.926	-0.923	-0.804	-0.804	-0.926	-0.811	-0.925	-0.812	-0.926	-0.855	-0.856	-0.856	-0.857	-0.866	-0.858	-0.831	-0.866	-0.872	-0.875	-0.877	-0.872	-0.581	-0.461	-0.823	-0.826	-0.585	-0.851	-0.590	-0.873	-0.822	-0.873	-0.866	-0.608	-0.824	-0.822	-0.830	-0.827	-0.828	-0.815	-0.824	-0.821	-0.816	-0.869	-0.827	-0.831	-0.871	-0.829	-0.841	-0.831	-0.826	-0.816	-0.834	-0.787	-0.654	-0.661	-0.693	-0.693	-0.694	-0.677	-0.826	-0.664	-0.665	-0.669	-0.656	-0.706	-0.845	-0.703	-0.666	-0.687	-0.832	-0.832	-0.694	-0.836	-0.686	-0.682	-0.679	-0.833	-0.696	-0.844	-0.832	-0.673	-0.760	-0.343	-0.596	-0.708	-0.643	-0.922	-0.788	-0.785	-0.868	-0.786	-0.818	-0.708	-0.823	-0.717	-0.714	-0.791	-0.876	-0.239	-0.816	-0.813	-0.746	-0.784	-0.901	-0.925	-0.863	-0.821	-0.827	-0.917	-0.713	-0.824	-0.726	-0.715	-0.826	-0.827	-0.827	-0.827	-0.826	-0.828	-0.718	-0.848	-0.917	-0.827	-0.641	-0.717	-0.718	-0.818	-0.820	-0.733	-0.717	-0.716	-0.740	-0.716	-0.700	-0.924	-0.715	-0.702	-0.923	-0.712	
rs7667413      -0.923	-0.947	-0.941	-0.948	-0.947	-0.948	-0.943	-0.945	-0.941	-0.988	-0.988	-0.945	-0.991	-0.943	-0.991	-0.944	-1.010	-1.010	-1.010	-1.010	-1.010	-1.011	-0.832	-1.010	-1.007	-1.005	-1.004	-1.004	-0.662	-0.823	-0.536	-0.982	-0.851	-1.009	-0.826	-1.003	-0.669	-1.003	-1.006	-0.692	-0.855	-0.675	-0.939	-0.860	-0.924	-0.840	-0.670	-0.900	-0.840	-1.006	-0.933	-0.934	-1.004	-0.863	-0.996	-0.946	-0.913	-0.666	-0.873	-0.980	-0.677	-0.685	-0.720	-0.721	-0.721	-0.702	-1.003	-0.689	-0.690	-0.694	-0.679	-0.734	-1.004	-0.731	-0.691	-0.713	-0.873	-0.874	-0.721	-0.879	-0.713	-0.708	-0.705	-0.874	-0.724	-1.003	-0.874	-0.698	-0.856	-0.384	-0.662	-0.802	-0.708	-1.006	-0.872	-0.871	-0.971	-0.871	-0.902	-0.707	-0.890	-0.718	-0.760	-0.806	-0.916	-0.256	-0.899	-0.898	-0.752	-0.798	-0.947	-0.990	-0.917	-0.890	-0.907	-0.977	-0.784	-0.891	-0.828	-0.819	-0.907	-0.907	-0.907	-0.907	-0.901	-0.908	-0.821	-0.901	-0.979	-0.908	-0.749	-0.820	-0.821	-0.893	-0.904	-0.834	-0.820	-0.820	-0.812	-0.819	-0.806	-0.988	-0.818	-0.808	-0.988	-0.816	
rs7681329      -0.984	-1.068	-1.056	-1.070	-1.070	-1.074	-1.061	-1.065	-1.059	-0.938	-0.939	-1.066	-0.944	-1.063	-0.944	-1.066	-0.968	-0.968	-0.968	-0.969	-0.974	-0.969	-0.987	-0.974	-0.976	-0.977	-0.977	-0.974	-0.691	-0.826	-0.982	-0.610	-0.859	-0.969	-0.829	-0.975	-0.986	-0.975	-0.972	-0.721	-0.696	-0.985	-0.734	-0.704	-0.689	-0.667	-0.980	-0.627	-0.670	-0.975	-0.748	-0.722	-0.976	-0.713	-0.968	-0.756	-0.683	-0.989	-0.733	-0.909	-0.707	-0.715	-0.752	-0.752	-0.753	-0.732	-0.957	-0.719	-0.720	-0.724	-0.710	-0.767	-0.964	-0.764	-0.721	-0.745	-0.933	-0.933	-0.754	-0.940	-0.745	-0.740	-0.736	-0.934	-0.756	-0.964	-0.933	-0.729	-0.910	-0.463	-0.683	-0.872	-0.736	-1.080	-0.932	-0.930	-1.042	-0.930	-0.972	-0.782	-0.960	-0.792	-0.844	-0.880	-0.984	-0.341	-0.969	-0.968	-0.827	-0.873	-1.020	-1.064	-0.996	-0.960	-0.970	-1.053	-0.855	-0.963	-0.878	-0.868	-0.970	-0.970	-0.970	-0.970	-0.969	-0.971	-0.871	-0.981	-1.054	-0.971	-0.796	-0.870	-0.871	-0.961	-0.965	-0.885	-0.870	-0.870	-0.882	-0.869	-0.854	-1.062	-0.868	-0.856	-1.062	-0.865	
rs17030416     -0.900	-0.953	-0.947	-0.954	-0.954	-0.955	-0.950	-0.952	-0.949	-0.841	-0.841	-0.953	-0.847	-0.951	-0.848	-0.952	-0.889	-0.889	-0.890	-0.891	-0.899	-0.891	-0.858	-0.899	-0.904	-0.907	-0.908	-0.903	-0.567	-0.585	-0.851	-0.859	-0.489	-0.885	-0.589	-0.905	-0.850	-0.905	-0.898	-0.597	-0.840	-0.851	-0.855	-0.844	-0.851	-0.830	-0.852	-0.840	-0.830	-0.901	-0.851	-0.854	-0.903	-0.846	-0.875	-0.857	-0.847	-0.846	-0.852	-0.824	-0.675	-0.682	-0.715	-0.715	-0.716	-0.698	-0.861	-0.686	-0.687	-0.690	-0.678	-0.727	-0.879	-0.725	-0.688	-0.708	-0.854	-0.855	-0.716	-0.859	-0.708	-0.704	-0.701	-0.855	-0.718	-0.878	-0.855	-0.694	-0.788	-0.366	-0.620	-0.736	-0.667	-0.949	-0.816	-0.813	-0.897	-0.814	-0.846	-0.725	-0.849	-0.735	-0.738	-0.811	-0.899	-0.260	-0.844	-0.841	-0.764	-0.804	-0.925	-0.951	-0.888	-0.847	-0.854	-0.942	-0.740	-0.851	-0.755	-0.744	-0.853	-0.854	-0.854	-0.854	-0.853	-0.855	-0.747	-0.873	-0.942	-0.855	-0.670	-0.746	-0.747	-0.845	-0.847	-0.762	-0.746	-0.746	-0.767	-0.745	-0.730	-0.950	-0.744	-0.732	-0.949	-0.741	
rs34888167     -0.958	-1.062	-1.051	-1.064	-1.064	-1.069	-1.054	-1.058	-1.051	-0.901	-0.901	-1.059	-0.904	-1.055	-0.903	-1.058	-0.836	-0.836	-0.836	-0.836	-0.833	-0.833	-1.009	-0.829	-0.811	-0.797	-0.791	-0.788	-0.701	-0.851	-1.009	-0.969	-0.885	-0.642	-0.854	-0.781	-1.015	-0.784	-0.801	-0.732	-0.810	-1.014	-0.906	-0.817	-0.882	-0.788	-1.006	-0.841	-0.790	-0.829	-0.892	-0.899	-0.824	-0.822	-0.917	-0.918	-0.869	-1.022	-0.837	-0.822	-0.671	-0.680	-0.721	-0.722	-0.723	-0.699	-0.849	-0.684	-0.686	-0.690	-0.674	-0.738	-0.870	-0.735	-0.687	-0.714	-0.923	-0.923	-0.723	-0.930	-0.713	-0.707	-0.704	-0.924	-0.726	-0.874	-0.923	-0.695	-0.937	-0.458	-0.745	-0.899	-0.791	-1.110	-0.960	-0.958	-1.073	-0.959	-1.001	-0.783	-0.985	-0.794	-0.856	-0.886	-1.004	-0.327	-0.998	-0.997	-0.830	-0.878	-1.041	-1.084	-1.012	-0.987	-1.001	-1.071	-0.886	-0.987	-0.909	-0.899	-1.001	-1.002	-1.002	-1.002	-1.002	-1.003	-0.902	-0.996	-1.073	-1.003	-0.829	-0.902	-0.902	-0.995	-0.998	-0.916	-0.902	-0.901	-0.914	-0.901	-0.886	-1.082	-0.900	-0.888	-1.082	-0.897	
rs12510947     -0.878	-0.929	-0.924	-0.930	-0.930	-0.931	-0.927	-0.929	-0.925	-0.808	-0.808	-0.929	-0.814	-0.927	-0.815	-0.929	-0.858	-0.859	-0.859	-0.860	-0.869	-0.861	-0.834	-0.869	-0.875	-0.878	-0.879	-0.875	-0.580	-0.590	-0.826	-0.829	-0.589	-0.854	-0.463	-0.876	-0.824	-0.876	-0.869	-0.607	-0.825	-0.825	-0.832	-0.829	-0.830	-0.816	-0.827	-0.822	-0.817	-0.871	-0.829	-0.832	-0.874	-0.831	-0.844	-0.833	-0.828	-0.819	-0.836	-0.790	-0.656	-0.663	-0.695	-0.695	-0.696	-0.679	-0.828	-0.666	-0.667	-0.671	-0.658	-0.708	-0.848	-0.705	-0.668	-0.689	-0.834	-0.834	-0.697	-0.838	-0.688	-0.684	-0.681	-0.835	-0.698	-0.846	-0.834	-0.675	-0.762	-0.346	-0.598	-0.711	-0.645	-0.924	-0.791	-0.788	-0.871	-0.789	-0.821	-0.709	-0.825	-0.719	-0.716	-0.793	-0.878	-0.241	-0.819	-0.816	-0.748	-0.786	-0.903	-0.927	-0.865	-0.823	-0.830	-0.919	-0.716	-0.827	-0.728	-0.717	-0.829	-0.829	-0.829	-0.830	-0.828	-0.830	-0.720	-0.851	-0.919	-0.830	-0.643	-0.720	-0.721	-0.821	-0.822	-0.736	-0.719	-0.719	-0.743	-0.718	-0.703	-0.926	-0.717	-0.705	-0.926	-0.715	
rs12646152     -0.961	-1.055	-1.047	-1.057	-1.057	-1.060	-1.049	-1.052	-1.047	-0.850	-0.850	-1.053	-0.855	-1.050	-0.855	-1.052	-0.782	-0.782	-0.782	-0.782	-0.797	-0.780	-1.006	-0.793	-0.790	-0.787	-0.785	-0.768	-0.730	-0.873	-1.003	-0.975	-0.905	-0.781	-0.876	-0.630	-1.009	-0.769	-0.762	-0.760	-0.833	-1.008	-0.921	-0.840	-0.900	-0.813	-1.001	-0.863	-0.814	-0.806	-0.917	-0.915	-0.807	-0.845	-0.883	-0.932	-0.888	-1.015	-0.858	-0.724	-0.635	-0.645	-0.688	-0.688	-0.689	-0.665	-0.818	-0.650	-0.651	-0.656	-0.639	-0.705	-0.826	-0.701	-0.652	-0.680	-0.899	-0.900	-0.689	-0.907	-0.679	-0.673	-0.669	-0.901	-0.692	-0.832	-0.900	-0.661	-0.924	-0.465	-0.738	-0.891	-0.784	-1.098	-0.946	-0.944	-1.061	-0.944	-0.989	-0.785	-0.975	-0.795	-0.851	-0.886	-0.998	-0.335	-0.986	-0.986	-0.830	-0.877	-1.034	-1.076	-1.007	-0.976	-0.990	-1.064	-0.877	-0.978	-0.894	-0.884	-0.990	-0.990	-0.990	-0.990	-0.992	-0.991	-0.886	-0.991	-1.066	-0.991	-0.812	-0.886	-0.887	-0.985	-0.986	-0.901	-0.886	-0.885	-0.905	-0.885	-0.869	-1.075	-0.884	-0.872	-1.074	-0.881	
rs2866239      -0.929	-0.953	-0.946	-0.954	-0.953	-0.954	-0.948	-0.951	-0.947	-0.996	-0.996	-0.951	-0.998	-0.948	-0.999	-0.950	-1.016	-1.016	-1.017	-1.017	-1.016	-1.017	-0.834	-1.016	-1.013	-1.011	-1.010	-1.010	-0.656	-0.822	-0.669	-0.986	-0.850	-1.015	-0.824	-1.009	-0.543	-1.009	-1.012	-0.686	-0.854	-0.676	-0.941	-0.860	-0.926	-0.839	-0.666	-0.901	-0.840	-1.011	-0.935	-0.936	-1.010	-0.863	-1.003	-0.948	-0.914	-0.675	-0.873	-0.988	-0.682	-0.690	-0.725	-0.725	-0.726	-0.707	-1.010	-0.693	-0.694	-0.698	-0.684	-0.739	-1.011	-0.736	-0.695	-0.718	-0.878	-0.879	-0.726	-0.884	-0.718	-0.713	-0.710	-0.879	-0.728	-1.009	-0.878	-0.702	-0.862	-0.389	-0.664	-0.808	-0.711	-1.013	-0.879	-0.877	-0.978	-0.878	-0.909	-0.711	-0.896	-0.721	-0.766	-0.811	-0.921	-0.260	-0.906	-0.905	-0.756	-0.802	-0.953	-0.997	-0.923	-0.897	-0.913	-0.984	-0.790	-0.898	-0.834	-0.826	-0.913	-0.914	-0.914	-0.914	-0.907	-0.914	-0.828	-0.907	-0.986	-0.914	-0.756	-0.827	-0.828	-0.899	-0.911	-0.840	-0.827	-0.827	-0.818	-0.826	-0.813	-0.995	-0.825	-0.815	-0.994	-0.823	
rs10008030     -0.961	-1.055	-1.046	-1.057	-1.057	-1.060	-1.049	-1.052	-1.046	-0.851	-0.851	-1.053	-0.857	-1.049	-0.856	-1.052	-0.787	-0.787	-0.787	-0.787	-0.801	-0.785	-1.006	-0.798	-0.794	-0.791	-0.789	-0.773	-0.730	-0.873	-1.003	-0.975	-0.905	-0.784	-0.876	-0.769	-1.009	-0.630	-0.765	-0.760	-0.833	-1.008	-0.921	-0.839	-0.900	-0.812	-1.001	-0.863	-0.814	-0.807	-0.917	-0.915	-0.808	-0.844	-0.884	-0.932	-0.888	-1.014	-0.858	-0.724	-0.636	-0.645	-0.688	-0.688	-0.689	-0.665	-0.818	-0.650	-0.651	-0.656	-0.639	-0.705	-0.826	-0.701	-0.653	-0.681	-0.899	-0.900	-0.690	-0.907	-0.680	-0.674	-0.670	-0.901	-0.692	-0.832	-0.900	-0.661	-0.923	-0.464	-0.738	-0.891	-0.784	-1.098	-0.946	-0.943	-1.060	-0.944	-0.989	-0.784	-0.975	-0.795	-0.850	-0.885	-0.998	-0.335	-0.986	-0.985	-0.830	-0.877	-1.034	-1.076	-1.007	-0.976	-0.990	-1.064	-0.877	-0.978	-0.894	-0.883	-0.990	-0.990	-0.990	-0.990	-0.992	-0.991	-0.886	-0.991	-1.066	-0.991	-0.812	-0.886	-0.886	-0.984	-0.986	-0.901	-0.886	-0.885	-0.905	-0.885	-0.869	-1.074	-0.884	-0.872	-1.074	-0.881	
