## Summary of overall evidence for association with region:
## log10(BF for region) = 0.0197099
## p-value for region = NA

## BFs for choosing among multi-SNP models:
## log10(average 1-SNP BF) = 0.0610631
## log10(average 2-SNP BF) = -0.0770917

## Example posterior probabilities for multi-SNP models, based on default prior: [p(l) propto 0.5^l for l=1,2,...,L]
## posterior probability of 1-SNP = 0.733267
## posterior probability of 2-SNP = 0.266733

## log10(BF) for single SNP and pair of SNPs:
rs8009371      -0.650	-0.785	-0.894	-0.786	-1.054	-0.820	-0.939	-1.054	-1.000	-1.014	-1.050	-0.987	-0.978	+0.165	-0.185	+0.206	-0.396	-1.105	-0.498	-0.374	-1.109	-1.136	-0.293	-0.345	-0.423	-1.138	-0.146	-0.470	-0.471	-0.133	-0.142	-0.479	-0.130	-0.360	-0.528	-0.109	-0.227	-0.174	-0.379	-0.516	-1.146	-0.382	-0.568	-0.359	-1.145	-1.146	-0.526	-0.192	-0.243	-0.148	-0.529	-0.188	-0.359	-0.190	-0.988	-0.529	-0.617	-0.580	-0.511	-0.386	-0.209	-0.376	-0.461	-0.499	-0.185	-0.495	-1.128	-0.494	-0.489	-0.491	-0.562	-1.149	-0.521	-0.443	-0.211	-0.486	-0.211	-0.101	-0.200	-0.480	-0.211	-0.414	-0.491	-0.360	-0.489	-0.359	-0.308	-0.359	-0.359	-0.359	-0.358	-0.158	-0.352	-0.203	-0.349	-0.348	-0.348	-0.116	-0.329	-0.080	-0.384	-1.148	-0.428	-0.111	-1.148	-1.148	-1.148	-1.149	-0.059	-0.289	-0.269	-0.473	-0.526	-0.370	-0.372	-0.376	-0.389	-0.587	-0.392	-0.392	-0.393	-0.465	-1.144	-1.147	-0.476	-0.324	-0.521	-0.433	-1.147	-0.419	-0.513	-0.484	-1.141	-0.505	-1.146	-0.518	-0.562	-0.564	-0.517	-0.542	-0.481	-0.559	-0.615	-0.575	-0.580	-0.642	-1.126	-1.126	-1.088	-0.788	-0.719	-0.455	-1.143	-0.430	-0.443	-0.489	-1.144	-0.489	-0.429	-0.440	-0.405	-0.465	-0.493	-1.142	-0.507	-0.658	-0.508	-0.441	-0.518	-1.112	-1.104	-1.102	-1.114	-1.135	-1.133	-1.134	-1.134	-1.134	-1.096	-1.132	-1.107	-1.135	-1.134	-1.134	-1.101	
rs12323816     -0.785	-0.652	-0.905	-0.784	-1.055	-0.821	-0.943	-1.055	-0.998	-1.013	-1.050	-0.984	-0.981	+0.167	-0.185	+0.208	-0.393	-1.108	-0.496	-0.371	-1.112	-1.138	-0.293	-0.343	-0.420	-1.140	-0.145	-0.471	-0.472	-0.132	-0.141	-0.477	-0.129	-0.361	-0.529	-0.109	-0.226	-0.174	-0.380	-0.517	-1.148	-0.382	-0.570	-0.356	-1.147	-1.148	-0.527	-0.191	-0.243	-0.147	-0.530	-0.188	-0.360	-0.189	-0.990	-0.530	-0.618	-0.580	-0.512	-0.387	-0.209	-0.376	-0.462	-0.500	-0.184	-0.496	-1.129	-0.495	-0.490	-0.492	-0.563	-1.151	-0.522	-0.441	-0.210	-0.486	-0.210	-0.100	-0.200	-0.478	-0.210	-0.411	-0.492	-0.361	-0.490	-0.359	-0.308	-0.359	-0.359	-0.359	-0.359	-0.158	-0.352	-0.202	-0.349	-0.349	-0.348	-0.116	-0.329	-0.079	-0.385	-1.150	-0.426	-0.110	-1.150	-1.150	-1.150	-1.151	-0.058	-0.289	-0.265	-0.471	-0.523	-0.369	-0.371	-0.375	-0.388	-0.585	-0.391	-0.391	-0.392	-0.465	-1.146	-1.149	-0.475	-0.321	-0.521	-0.432	-1.149	-0.419	-0.513	-0.482	-1.143	-0.505	-1.148	-0.518	-0.562	-0.563	-0.517	-0.542	-0.479	-0.558	-0.615	-0.575	-0.580	-0.642	-1.128	-1.127	-1.090	-0.788	-0.719	-0.455	-1.145	-0.429	-0.442	-0.487	-1.146	-0.489	-0.428	-0.438	-0.404	-0.463	-0.493	-1.144	-0.506	-0.659	-0.507	-0.440	-0.517	-1.115	-1.105	-1.104	-1.117	-1.137	-1.135	-1.136	-1.136	-1.136	-1.099	-1.135	-1.109	-1.137	-1.136	-1.136	-1.104	
rs12323522     -0.894	-0.905	-0.656	-0.893	-1.035	-0.906	-0.694	-1.037	-0.961	-0.980	-1.057	-0.991	-0.994	+0.179	-0.182	+0.221	-0.363	-1.114	-0.472	-0.343	-1.118	-1.142	-0.289	-0.316	-0.395	-1.144	-0.136	-0.468	-0.469	-0.123	-0.132	-0.450	-0.120	-0.357	-0.527	-0.099	-0.217	-0.165	-0.376	-0.515	-1.151	-0.378	-0.568	-0.329	-1.149	-1.150	-0.524	-0.183	-0.234	-0.137	-0.528	-0.179	-0.358	-0.180	-0.996	-0.527	-0.617	-0.578	-0.509	-0.383	-0.200	-0.368	-0.460	-0.497	-0.176	-0.494	-1.131	-0.492	-0.487	-0.489	-0.561	-1.153	-0.520	-0.415	-0.201	-0.484	-0.201	-0.091	-0.191	-0.452	-0.201	-0.384	-0.490	-0.357	-0.487	-0.355	-0.305	-0.355	-0.355	-0.355	-0.355	-0.149	-0.348	-0.193	-0.345	-0.344	-0.344	-0.106	-0.324	-0.069	-0.382	-1.153	-0.400	-0.101	-1.153	-1.153	-1.153	-1.154	-0.049	-0.283	-0.231	-0.445	-0.492	-0.356	-0.358	-0.362	-0.375	-0.562	-0.378	-0.379	-0.379	-0.453	-1.148	-1.153	-0.464	-0.292	-0.510	-0.420	-1.152	-0.407	-0.502	-0.456	-1.144	-0.494	-1.151	-0.507	-0.549	-0.551	-0.506	-0.531	-0.453	-0.547	-0.605	-0.564	-0.569	-0.632	-1.129	-1.129	-1.088	-0.782	-0.709	-0.441	-1.147	-0.416	-0.428	-0.464	-1.149	-0.477	-0.415	-0.414	-0.390	-0.439	-0.481	-1.147	-0.494	-0.654	-0.496	-0.429	-0.494	-1.119	-1.106	-1.104	-1.122	-1.141	-1.139	-1.140	-1.140	-1.140	-1.105	-1.138	-1.115	-1.141	-1.140	-1.140	-1.110	
rs4905942      -0.786	-0.784	-0.893	-0.650	-1.054	-0.820	-0.939	-1.054	-1.000	-1.014	-1.050	-0.987	-0.978	+0.165	-0.184	+0.206	-0.396	-1.105	-0.498	-0.374	-1.109	-1.135	-0.293	-0.345	-0.422	-1.137	-0.146	-0.470	-0.471	-0.133	-0.142	-0.479	-0.130	-0.360	-0.528	-0.109	-0.227	-0.174	-0.379	-0.516	-1.146	-0.381	-0.568	-0.359	-1.145	-1.146	-0.526	-0.192	-0.243	-0.147	-0.529	-0.188	-0.359	-0.190	-0.988	-0.528	-0.616	-0.579	-0.510	-0.386	-0.209	-0.376	-0.461	-0.499	-0.185	-0.495	-1.127	-0.494	-0.489	-0.490	-0.562	-1.148	-0.521	-0.443	-0.210	-0.485	-0.210	-0.101	-0.200	-0.480	-0.211	-0.414	-0.491	-0.360	-0.488	-0.359	-0.308	-0.358	-0.358	-0.358	-0.358	-0.158	-0.352	-0.203	-0.348	-0.348	-0.348	-0.116	-0.329	-0.079	-0.384	-1.148	-0.428	-0.111	-1.148	-1.148	-1.148	-1.148	-0.059	-0.289	-0.269	-0.473	-0.526	-0.370	-0.372	-0.376	-0.389	-0.587	-0.391	-0.392	-0.392	-0.465	-1.143	-1.147	-0.476	-0.324	-0.521	-0.432	-1.146	-0.419	-0.513	-0.484	-1.140	-0.505	-1.146	-0.518	-0.562	-0.564	-0.516	-0.542	-0.481	-0.559	-0.615	-0.575	-0.580	-0.642	-1.126	-1.125	-1.088	-0.788	-0.719	-0.455	-1.143	-0.430	-0.442	-0.489	-1.144	-0.489	-0.429	-0.440	-0.405	-0.465	-0.493	-1.142	-0.507	-0.658	-0.507	-0.440	-0.518	-1.112	-1.103	-1.102	-1.114	-1.135	-1.133	-1.133	-1.134	-1.134	-1.096	-1.132	-1.106	-1.134	-1.133	-1.134	-1.101	
rs35696661     -1.054	-1.055	-1.035	-1.054	-0.604	-1.051	-1.047	-0.771	-0.715	-0.755	-0.933	-0.831	-0.948	+0.244	-0.130	+0.286	-0.362	-1.066	-0.462	-0.338	-1.070	-1.095	-0.244	-0.309	-0.386	-1.096	-0.087	-0.425	-0.426	-0.074	-0.083	-0.443	-0.071	-0.313	-0.484	-0.051	-0.171	-0.117	-0.332	-0.472	-1.104	-0.335	-0.526	-0.323	-1.102	-1.104	-0.482	-0.135	-0.187	-0.088	-0.485	-0.131	-0.314	-0.133	-0.949	-0.485	-0.574	-0.536	-0.467	-0.339	-0.153	-0.325	-0.417	-0.455	-0.129	-0.451	-1.085	-0.449	-0.444	-0.446	-0.518	-1.107	-0.477	-0.408	-0.154	-0.442	-0.154	-0.041	-0.143	-0.444	-0.155	-0.378	-0.447	-0.313	-0.444	-0.311	-0.259	-0.311	-0.311	-0.311	-0.311	-0.100	-0.304	-0.146	-0.301	-0.300	-0.300	-0.057	-0.280	-0.019	-0.336	-1.106	-0.392	-0.051	-1.106	-1.106	-1.106	-1.106	+0.001	-0.236	-0.238	-0.439	-0.501	-0.318	-0.320	-0.324	-0.337	-0.552	-0.340	-0.341	-0.341	-0.416	-1.101	-1.104	-0.427	-0.289	-0.473	-0.385	-1.104	-0.372	-0.465	-0.449	-1.097	-0.457	-1.102	-0.470	-0.515	-0.517	-0.471	-0.495	-0.446	-0.511	-0.571	-0.528	-0.533	-0.598	-1.081	-1.080	-1.043	-0.744	-0.676	-0.408	-1.099	-0.383	-0.395	-0.452	-1.100	-0.443	-0.382	-0.404	-0.358	-0.428	-0.447	-1.098	-0.461	-0.616	-0.463	-0.395	-0.481	-1.068	-1.061	-1.059	-1.071	-1.092	-1.090	-1.090	-1.091	-1.091	-1.053	-1.089	-1.063	-1.092	-1.091	-1.091	-1.058	
rs28470843     -0.820	-0.821	-0.906	-0.820	-1.051	-0.649	-0.946	-1.051	-0.995	-1.010	-1.046	-0.981	-0.978	+0.169	-0.183	+0.210	-0.390	-1.103	-0.495	-0.370	-1.107	-1.134	-0.291	-0.342	-0.419	-1.136	-0.143	-0.468	-0.469	-0.130	-0.139	-0.475	-0.127	-0.358	-0.526	-0.106	-0.224	-0.172	-0.377	-0.514	-1.144	-0.380	-0.567	-0.355	-1.143	-1.144	-0.524	-0.189	-0.240	-0.145	-0.527	-0.186	-0.357	-0.187	-0.986	-0.527	-0.615	-0.578	-0.509	-0.384	-0.207	-0.374	-0.459	-0.497	-0.182	-0.493	-1.126	-0.492	-0.487	-0.489	-0.560	-1.147	-0.519	-0.440	-0.208	-0.484	-0.208	-0.098	-0.197	-0.477	-0.208	-0.410	-0.489	-0.358	-0.487	-0.357	-0.306	-0.357	-0.357	-0.357	-0.356	-0.156	-0.350	-0.200	-0.347	-0.346	-0.346	-0.113	-0.327	-0.077	-0.382	-1.146	-0.425	-0.108	-1.147	-1.147	-1.147	-1.147	-0.056	-0.287	-0.262	-0.470	-0.523	-0.367	-0.369	-0.373	-0.386	-0.584	-0.389	-0.389	-0.390	-0.462	-1.142	-1.146	-0.473	-0.320	-0.518	-0.430	-1.145	-0.416	-0.511	-0.480	-1.139	-0.503	-1.145	-0.515	-0.560	-0.561	-0.514	-0.540	-0.478	-0.556	-0.613	-0.573	-0.578	-0.640	-1.125	-1.124	-1.086	-0.786	-0.717	-0.453	-1.141	-0.428	-0.441	-0.486	-1.142	-0.487	-0.427	-0.437	-0.403	-0.462	-0.491	-1.141	-0.505	-0.656	-0.506	-0.439	-0.516	-1.111	-1.102	-1.101	-1.113	-1.134	-1.131	-1.132	-1.132	-1.132	-1.094	-1.131	-1.105	-1.133	-1.132	-1.133	-1.100	
rs1951521      -0.939	-0.943	-0.694	-0.939	-1.047	-0.946	-0.658	-1.048	-0.986	-1.002	-1.070	-1.013	-0.987	+0.162	-0.188	+0.204	-0.393	-1.113	-0.497	-0.371	-1.117	-1.143	-0.297	-0.343	-0.421	-1.144	-0.149	-0.474	-0.475	-0.136	-0.145	-0.477	-0.133	-0.364	-0.532	-0.112	-0.230	-0.178	-0.383	-0.520	-1.153	-0.386	-0.573	-0.357	-1.151	-1.152	-0.530	-0.195	-0.246	-0.151	-0.534	-0.191	-0.363	-0.193	-0.995	-0.533	-0.621	-0.584	-0.515	-0.390	-0.212	-0.379	-0.466	-0.503	-0.188	-0.499	-1.134	-0.498	-0.493	-0.495	-0.567	-1.155	-0.525	-0.442	-0.214	-0.490	-0.214	-0.104	-0.203	-0.479	-0.214	-0.412	-0.496	-0.364	-0.493	-0.363	-0.312	-0.362	-0.362	-0.362	-0.362	-0.162	-0.356	-0.206	-0.352	-0.352	-0.352	-0.120	-0.332	-0.083	-0.388	-1.154	-0.426	-0.114	-1.155	-1.155	-1.155	-1.155	-0.062	-0.293	-0.265	-0.471	-0.524	-0.372	-0.374	-0.378	-0.391	-0.586	-0.394	-0.394	-0.395	-0.467	-1.151	-1.154	-0.478	-0.321	-0.523	-0.434	-1.154	-0.421	-0.516	-0.482	-1.147	-0.508	-1.153	-0.520	-0.564	-0.566	-0.519	-0.544	-0.479	-0.561	-0.617	-0.578	-0.583	-0.645	-1.133	-1.132	-1.094	-0.792	-0.721	-0.457	-1.150	-0.431	-0.444	-0.488	-1.151	-0.491	-0.430	-0.439	-0.406	-0.464	-0.495	-1.149	-0.509	-0.662	-0.510	-0.443	-0.518	-1.120	-1.110	-1.108	-1.122	-1.142	-1.140	-1.141	-1.141	-1.141	-1.104	-1.139	-1.114	-1.142	-1.141	-1.141	-1.109	
rs35788933     -1.054	-1.055	-1.037	-1.054	-0.771	-1.051	-1.048	-0.605	-0.692	-0.737	-0.931	-0.824	-0.948	+0.256	-0.122	+0.298	-0.356	-1.067	-0.457	-0.333	-1.071	-1.096	-0.238	-0.304	-0.381	-1.098	-0.079	-0.420	-0.421	-0.065	-0.075	-0.438	-0.063	-0.307	-0.479	-0.042	-0.163	-0.108	-0.326	-0.467	-1.106	-0.329	-0.522	-0.318	-1.104	-1.105	-0.477	-0.127	-0.180	-0.080	-0.481	-0.123	-0.308	-0.125	-0.949	-0.480	-0.570	-0.532	-0.462	-0.333	-0.145	-0.319	-0.412	-0.450	-0.121	-0.446	-1.086	-0.444	-0.440	-0.442	-0.514	-1.108	-0.472	-0.402	-0.146	-0.437	-0.146	-0.032	-0.135	-0.439	-0.147	-0.372	-0.442	-0.307	-0.439	-0.305	-0.252	-0.305	-0.305	-0.305	-0.305	-0.092	-0.298	-0.138	-0.295	-0.294	-0.294	-0.049	-0.274	-0.010	-0.331	-1.107	-0.386	-0.043	-1.107	-1.107	-1.108	-1.108	+0.009	-0.229	-0.231	-0.434	-0.496	-0.312	-0.313	-0.318	-0.331	-0.547	-0.334	-0.334	-0.335	-0.410	-1.102	-1.106	-0.421	-0.284	-0.467	-0.380	-1.105	-0.366	-0.460	-0.444	-1.099	-0.452	-1.104	-0.465	-0.510	-0.511	-0.466	-0.489	-0.441	-0.506	-0.567	-0.523	-0.528	-0.595	-1.083	-1.082	-1.044	-0.741	-0.672	-0.403	-1.100	-0.377	-0.389	-0.448	-1.101	-0.438	-0.376	-0.399	-0.352	-0.424	-0.442	-1.100	-0.456	-0.613	-0.458	-0.389	-0.477	-1.070	-1.062	-1.060	-1.073	-1.093	-1.091	-1.092	-1.092	-1.092	-1.055	-1.091	-1.065	-1.093	-1.092	-1.093	-1.060	
rs34203872     -1.000	-0.998	-0.961	-1.000	-0.715	-0.995	-0.986	-0.692	-0.541	-0.707	-0.895	-0.825	-0.894	+0.235	-0.120	+0.276	-0.343	-1.009	-0.435	-0.316	-1.013	-1.036	-0.228	-0.286	-0.361	-1.037	-0.081	-0.402	-0.403	-0.068	-0.077	-0.419	-0.065	-0.294	-0.459	-0.045	-0.162	-0.110	-0.313	-0.447	-1.045	-0.315	-0.498	-0.301	-1.042	-1.044	-0.457	-0.127	-0.178	-0.083	-0.460	-0.123	-0.293	-0.125	-0.900	-0.460	-0.546	-0.509	-0.442	-0.319	-0.144	-0.310	-0.393	-0.430	-0.120	-0.427	-1.025	-0.426	-0.420	-0.422	-0.492	-1.047	-0.452	-0.384	-0.146	-0.417	-0.146	-0.036	-0.135	-0.420	-0.146	-0.355	-0.423	-0.294	-0.420	-0.293	-0.242	-0.292	-0.292	-0.292	-0.292	-0.094	-0.286	-0.138	-0.283	-0.282	-0.282	-0.052	-0.263	-0.015	-0.318	-1.046	-0.368	-0.046	-1.046	-1.046	-1.047	-1.047	+0.006	-0.224	-0.222	-0.412	-0.474	-0.305	-0.307	-0.311	-0.323	-0.522	-0.326	-0.326	-0.327	-0.398	-1.041	-1.045	-0.408	-0.266	-0.452	-0.366	-1.044	-0.352	-0.445	-0.421	-1.038	-0.437	-1.042	-0.449	-0.493	-0.495	-0.448	-0.474	-0.419	-0.490	-0.544	-0.506	-0.511	-0.570	-1.021	-1.020	-0.982	-0.711	-0.644	-0.389	-1.039	-0.364	-0.376	-0.425	-1.040	-0.421	-0.363	-0.378	-0.339	-0.402	-0.425	-1.038	-0.438	-0.580	-0.438	-0.373	-0.453	-1.008	-1.003	-1.002	-1.010	-1.032	-1.030	-1.031	-1.031	-1.031	-0.992	-1.030	-1.003	-1.032	-1.031	-1.031	-0.997	
rs61993679     -1.014	-1.013	-0.980	-1.014	-0.755	-1.010	-1.002	-0.737	-0.707	-0.555	-0.902	-0.831	-0.906	+0.238	-0.123	+0.278	-0.348	-1.022	-0.442	-0.322	-1.025	-1.049	-0.232	-0.293	-0.368	-1.050	-0.083	-0.408	-0.409	-0.070	-0.079	-0.425	-0.067	-0.299	-0.465	-0.046	-0.165	-0.112	-0.318	-0.453	-1.058	-0.320	-0.505	-0.307	-1.055	-1.057	-0.463	-0.129	-0.181	-0.085	-0.467	-0.126	-0.299	-0.127	-0.911	-0.466	-0.553	-0.516	-0.448	-0.325	-0.147	-0.314	-0.400	-0.437	-0.123	-0.433	-1.038	-0.432	-0.427	-0.428	-0.499	-1.060	-0.458	-0.390	-0.148	-0.423	-0.148	-0.038	-0.138	-0.426	-0.149	-0.361	-0.429	-0.299	-0.426	-0.298	-0.247	-0.298	-0.297	-0.297	-0.297	-0.096	-0.291	-0.140	-0.287	-0.287	-0.287	-0.053	-0.268	-0.016	-0.323	-1.059	-0.374	-0.048	-1.060	-1.060	-1.060	-1.060	+0.004	-0.227	-0.227	-0.419	-0.481	-0.309	-0.310	-0.314	-0.327	-0.529	-0.330	-0.330	-0.331	-0.403	-1.054	-1.058	-0.413	-0.273	-0.458	-0.371	-1.058	-0.358	-0.450	-0.428	-1.051	-0.442	-1.055	-0.455	-0.499	-0.500	-0.454	-0.479	-0.426	-0.495	-0.551	-0.512	-0.516	-0.577	-1.034	-1.033	-0.995	-0.719	-0.652	-0.394	-1.052	-0.369	-0.381	-0.432	-1.053	-0.427	-0.368	-0.385	-0.344	-0.408	-0.431	-1.051	-0.444	-0.589	-0.445	-0.379	-0.460	-1.022	-1.016	-1.014	-1.024	-1.046	-1.043	-1.044	-1.044	-1.044	-1.006	-1.043	-1.016	-1.045	-1.044	-1.045	-1.011	
rs1957452      -1.050	-1.050	-1.057	-1.050	-0.933	-1.046	-1.070	-0.931	-0.895	-0.902	-0.586	-0.819	-0.932	+0.208	-0.144	+0.248	-0.375	-1.052	-0.472	-0.351	-1.055	-1.078	-0.257	-0.322	-0.397	-1.080	-0.113	-0.436	-0.437	-0.099	-0.109	-0.454	-0.097	-0.325	-0.493	-0.076	-0.194	-0.141	-0.344	-0.481	-1.087	-0.347	-0.534	-0.336	-1.084	-1.085	-0.491	-0.159	-0.210	-0.114	-0.495	-0.155	-0.326	-0.157	-0.941	-0.494	-0.581	-0.544	-0.476	-0.351	-0.176	-0.343	-0.427	-0.465	-0.152	-0.461	-1.067	-0.459	-0.454	-0.456	-0.527	-1.089	-0.486	-0.419	-0.178	-0.451	-0.178	-0.068	-0.167	-0.455	-0.178	-0.390	-0.457	-0.325	-0.454	-0.324	-0.272	-0.324	-0.323	-0.323	-0.323	-0.125	-0.317	-0.170	-0.313	-0.313	-0.313	-0.083	-0.294	-0.046	-0.349	-1.088	-0.403	-0.078	-1.088	-1.088	-1.089	-1.089	-0.026	-0.254	-0.255	-0.449	-0.510	-0.338	-0.340	-0.344	-0.356	-0.559	-0.359	-0.360	-0.360	-0.432	-1.083	-1.087	-0.442	-0.302	-0.486	-0.399	-1.087	-0.386	-0.479	-0.458	-1.080	-0.471	-1.086	-0.483	-0.528	-0.529	-0.482	-0.508	-0.455	-0.524	-0.578	-0.540	-0.545	-0.605	-1.065	-1.065	-1.025	-0.747	-0.679	-0.422	-1.082	-0.397	-0.410	-0.461	-1.083	-0.455	-0.396	-0.414	-0.373	-0.438	-0.459	-1.082	-0.472	-0.616	-0.472	-0.407	-0.490	-1.050	-1.044	-1.043	-1.051	-1.075	-1.073	-1.073	-1.074	-1.074	-1.032	-1.072	-1.043	-1.075	-1.074	-1.074	-1.038	
rs61993680     -0.987	-0.984	-0.991	-0.987	-0.831	-0.981	-1.013	-0.824	-0.825	-0.831	-0.819	-0.539	-0.896	+0.212	-0.138	+0.252	-0.354	-1.008	-0.444	-0.326	-1.012	-1.034	-0.243	-0.296	-0.370	-1.035	-0.101	-0.415	-0.416	-0.087	-0.096	-0.428	-0.085	-0.308	-0.470	-0.064	-0.180	-0.128	-0.327	-0.459	-1.042	-0.329	-0.509	-0.311	-1.039	-1.041	-0.468	-0.146	-0.196	-0.102	-0.472	-0.142	-0.307	-0.144	-0.901	-0.471	-0.556	-0.520	-0.454	-0.333	-0.163	-0.325	-0.406	-0.442	-0.139	-0.439	-1.022	-0.438	-0.433	-0.434	-0.504	-1.045	-0.464	-0.394	-0.164	-0.429	-0.164	-0.056	-0.154	-0.429	-0.164	-0.365	-0.435	-0.308	-0.433	-0.307	-0.258	-0.307	-0.307	-0.307	-0.307	-0.113	-0.300	-0.156	-0.297	-0.297	-0.297	-0.071	-0.278	-0.035	-0.332	-1.043	-0.378	-0.066	-1.044	-1.044	-1.044	-1.044	-0.014	-0.241	-0.235	-0.421	-0.483	-0.321	-0.322	-0.326	-0.338	-0.529	-0.341	-0.342	-0.342	-0.411	-1.039	-1.042	-0.421	-0.276	-0.465	-0.378	-1.042	-0.364	-0.457	-0.430	-1.035	-0.449	-1.040	-0.461	-0.505	-0.507	-0.458	-0.486	-0.427	-0.501	-0.552	-0.517	-0.522	-0.578	-1.017	-1.017	-0.979	-0.717	-0.651	-0.401	-1.036	-0.376	-0.389	-0.434	-1.037	-0.432	-0.375	-0.387	-0.352	-0.411	-0.436	-1.036	-0.449	-0.587	-0.448	-0.385	-0.462	-1.006	-1.001	-1.000	-1.008	-1.030	-1.028	-1.028	-1.029	-1.029	-0.989	-1.028	-1.000	-1.029	-1.028	-1.029	-0.995	
rs9972137      -0.978	-0.981	-0.994	-0.978	-0.948	-0.978	-0.987	-0.948	-0.894	-0.906	-0.932	-0.896	-0.492	+0.255	-0.134	+0.298	+0.175	-0.831	+0.213	+0.350	-0.827	-0.798	-0.242	+0.448	+0.325	-0.791	-0.080	-0.414	-0.415	-0.066	-0.076	+0.287	-0.063	-0.308	-0.468	-0.043	-0.164	-0.109	-0.326	-0.457	-0.728	-0.329	-0.506	+0.451	-0.675	-0.699	-0.466	-0.127	-0.180	-0.082	-0.470	-0.124	-0.307	-0.125	-0.867	-0.469	-0.552	-0.517	-0.452	-0.333	-0.146	-0.319	-0.405	-0.441	-0.123	-0.438	-0.709	-0.436	-0.431	-0.433	-0.501	-0.721	-0.462	+0.338	-0.147	-0.428	-0.147	-0.033	-0.136	+0.279	-0.148	+0.380	-0.434	-0.308	-0.431	-0.306	-0.256	-0.306	-0.306	-0.306	-0.306	-0.093	-0.299	-0.139	-0.296	-0.296	-0.296	-0.050	-0.277	-0.012	-0.331	-0.716	+0.344	-0.045	-0.721	-0.721	-0.724	-0.723	+0.009	-0.235	+0.386	+0.305	+0.226	-0.317	-0.319	-0.323	-0.335	+0.119	-0.338	-0.338	-0.339	-0.408	-0.788	-0.789	-0.418	+0.525	-0.460	-0.376	-0.788	-0.363	-0.453	+0.269	-0.746	-0.445	-0.740	-0.457	-0.495	-0.497	-0.453	-0.480	+0.271	-0.495	-0.542	-0.510	-0.515	-0.567	-0.674	-0.651	-0.578	-0.702	-0.640	-0.394	-0.766	-0.370	-0.382	+0.170	-0.768	-0.425	-0.369	+0.248	-0.347	+0.207	-0.429	-0.775	-0.441	-0.574	-0.442	-0.380	+0.123	-0.936	-0.864	-0.862	-0.957	-0.946	-0.950	-0.952	-0.951	-0.953	-0.953	-0.934	-0.956	-0.951	-0.953	-0.951	-0.955	
rs35097172     +0.165	+0.167	+0.179	+0.165	+0.244	+0.169	+0.162	+0.256	+0.235	+0.238	+0.208	+0.212	+0.255	+0.743	+0.457	+0.691	+0.511	+0.367	+0.475	+0.551	+0.382	+0.406	+0.416	+0.584	+0.529	+0.417	+0.524	+0.395	+0.395	+0.523	+0.523	+0.474	+0.522	+0.408	+0.404	+0.502	+0.522	+0.524	+0.408	+0.401	+0.457	+0.408	+0.412	+0.559	+0.501	+0.475	+0.403	+0.526	+0.526	+0.519	+0.404	+0.525	+0.387	+0.514	+0.563	+0.404	+0.420	+0.417	+0.398	+0.408	+0.516	+0.496	+0.390	+0.386	+0.504	+0.396	+0.485	+0.393	+0.394	+0.394	+0.412	+0.439	+0.401	+0.501	+0.517	+0.391	+0.517	+0.524	+0.524	+0.475	+0.517	+0.523	+0.398	+0.410	+0.398	+0.411	+0.430	+0.411	+0.411	+0.411	+0.411	+0.520	+0.413	+0.515	+0.414	+0.414	+0.414	+0.519	+0.415	+0.522	+0.424	+0.456	+0.513	+0.517	+0.450	+0.450	+0.447	+0.449	+0.523	+0.443	+0.595	+0.490	+0.608	+0.424	+0.423	+0.423	+0.422	+0.418	+0.422	+0.421	+0.421	+0.400	+0.315	+0.294	+0.397	+0.608	+0.394	+0.363	+0.308	+0.367	+0.391	+0.490	+0.350	+0.390	+0.336	+0.389	+0.387	+0.387	+0.341	+0.384	+0.492	+0.384	+0.320	+0.382	+0.382	+0.315	+0.389	+0.405	+0.484	+0.361	+0.314	+0.361	+0.317	+0.367	+0.365	+0.485	+0.319	+0.345	+0.367	+0.517	+0.374	+0.501	+0.345	+0.315	+0.353	+0.373	+0.360	+0.373	+0.472	+0.202	+0.308	+0.311	+0.180	+0.212	+0.206	+0.203	+0.205	+0.203	+0.177	+0.226	+0.178	+0.206	+0.202	+0.204	+0.176	
rs1951519      -0.185	-0.185	-0.182	-0.184	-0.130	-0.183	-0.188	-0.122	-0.120	-0.123	-0.144	-0.138	-0.134	+0.457	+0.366	+0.495	+0.298	+0.021	+0.156	+0.265	+0.035	+0.069	+0.142	+0.271	+0.214	+0.079	+0.210	+0.121	+0.121	+0.218	+0.212	+0.158	+0.219	+0.117	+0.128	+0.232	+0.164	+0.193	+0.112	+0.125	+0.119	+0.111	+0.139	+0.248	+0.165	+0.139	+0.128	+0.183	+0.156	+0.209	+0.129	+0.185	+0.118	+0.184	+0.256	+0.128	+0.154	+0.144	+0.122	+0.110	+0.173	+0.095	+0.114	+0.104	+0.186	+0.119	+0.148	+0.114	+0.116	+0.117	+0.137	+0.100	+0.125	+0.185	+0.173	+0.115	+0.173	+0.238	+0.178	+0.158	+0.172	+0.209	+0.119	+0.117	+0.119	+0.117	+0.145	+0.117	+0.117	+0.117	+0.117	+0.202	+0.119	+0.177	+0.119	+0.119	+0.119	+0.228	+0.124	+0.252	+0.134	+0.101	+0.200	+0.231	+0.094	+0.093	+0.089	+0.089	+0.267	+0.132	+0.408	+0.176	+0.291	+0.098	+0.097	+0.095	+0.090	+0.099	+0.089	+0.088	+0.088	+0.060	-0.033	-0.114	+0.055	+0.296	+0.039	+0.071	-0.061	+0.078	+0.041	+0.174	-0.002	+0.044	-0.084	+0.039	+0.045	+0.044	+0.032	+0.032	+0.176	+0.027	-0.007	+0.021	+0.019	-0.017	-0.039	-0.028	+0.134	-0.035	-0.038	+0.062	-0.094	+0.075	+0.068	+0.169	-0.094	+0.047	+0.075	+0.203	+0.088	+0.187	+0.046	-0.096	+0.043	+0.039	+0.061	+0.075	+0.153	-0.162	-0.039	-0.036	-0.174	-0.135	-0.141	-0.143	-0.142	-0.145	-0.169	-0.121	-0.173	-0.142	-0.146	-0.142	-0.172	
rs1535464      +0.206	+0.208	+0.221	+0.206	+0.286	+0.210	+0.204	+0.298	+0.276	+0.278	+0.248	+0.252	+0.298	+0.691	+0.495	+0.785	+0.543	+0.422	+0.507	+0.582	+0.433	+0.459	+0.458	+0.614	+0.561	+0.470	+0.581	+0.447	+0.447	+0.578	+0.580	+0.506	+0.576	+0.455	+0.461	+0.545	+0.590	+0.586	+0.457	+0.457	+0.511	+0.457	+0.471	+0.590	+0.556	+0.529	+0.460	+0.590	+0.597	+0.576	+0.461	+0.589	+0.430	+0.574	+0.631	+0.461	+0.482	+0.478	+0.453	+0.457	+0.580	+0.567	+0.441	+0.438	+0.560	+0.450	+0.537	+0.446	+0.447	+0.447	+0.471	+0.493	+0.457	+0.532	+0.581	+0.443	+0.581	+0.569	+0.589	+0.507	+0.581	+0.555	+0.452	+0.458	+0.452	+0.458	+0.478	+0.458	+0.458	+0.458	+0.458	+0.578	+0.460	+0.577	+0.461	+0.462	+0.462	+0.570	+0.461	+0.567	+0.476	+0.510	+0.544	+0.565	+0.505	+0.504	+0.501	+0.503	+0.565	+0.493	+0.626	+0.523	+0.639	+0.466	+0.466	+0.465	+0.464	+0.451	+0.464	+0.463	+0.463	+0.442	+0.358	+0.337	+0.439	+0.639	+0.437	+0.400	+0.351	+0.403	+0.434	+0.522	+0.393	+0.432	+0.378	+0.432	+0.428	+0.429	+0.379	+0.426	+0.524	+0.427	+0.360	+0.426	+0.426	+0.355	+0.431	+0.447	+0.527	+0.408	+0.356	+0.398	+0.359	+0.403	+0.401	+0.517	+0.361	+0.382	+0.404	+0.549	+0.410	+0.534	+0.381	+0.357	+0.391	+0.413	+0.397	+0.410	+0.504	+0.243	+0.350	+0.353	+0.221	+0.253	+0.247	+0.244	+0.245	+0.243	+0.217	+0.267	+0.218	+0.246	+0.242	+0.245	+0.217	
rs732898       -0.396	-0.393	-0.363	-0.396	-0.362	-0.390	-0.393	-0.356	-0.343	-0.348	-0.375	-0.354	+0.175	+0.511	+0.298	+0.543	+0.127	+0.167	-0.107	-0.055	+0.142	+0.019	+0.240	-0.032	-0.076	+0.002	+0.266	+0.083	+0.082	+0.277	+0.269	-0.120	+0.279	+0.182	+0.035	+0.307	+0.203	+0.242	+0.166	+0.045	-0.116	+0.163	+0.003	-0.058	-0.162	-0.139	+0.036	+0.228	+0.190	+0.268	+0.033	+0.231	+0.176	+0.235	-0.201	+0.034	-0.024	-0.012	+0.050	+0.160	+0.218	+0.097	+0.090	+0.054	+0.236	+0.062	-0.202	+0.061	+0.067	+0.066	+0.005	-0.095	+0.041	-0.106	+0.216	+0.072	+0.216	+0.305	+0.222	-0.124	+0.216	-0.091	+0.065	+0.180	+0.066	+0.181	+0.203	+0.181	+0.182	+0.182	+0.182	+0.256	+0.186	+0.223	+0.188	+0.188	+0.188	+0.291	+0.202	+0.322	+0.125	-0.128	-0.099	+0.296	-0.126	-0.125	-0.124	-0.128	+0.342	+0.189	+0.009	-0.129	-0.174	+0.118	+0.117	+0.114	+0.105	-0.176	+0.102	+0.102	+0.102	+0.049	-0.184	-0.220	+0.041	-0.043	+0.007	+0.060	-0.215	+0.071	+0.013	-0.137	-0.247	+0.020	-0.272	+0.010	-0.003	-0.004	-0.004	-0.006	-0.136	-0.019	-0.068	-0.031	-0.035	-0.089	-0.327	-0.332	-0.334	-0.191	-0.129	+0.071	-0.284	+0.092	+0.080	-0.146	-0.283	+0.036	+0.093	-0.119	+0.112	-0.133	+0.033	-0.278	+0.032	-0.062	+0.035	+0.083	-0.157	-0.231	-0.361	-0.366	-0.252	-0.307	-0.296	-0.292	-0.295	-0.293	-0.212	-0.320	-0.235	-0.300	-0.292	-0.296	-0.223	
rs34184867     -1.105	-1.108	-1.114	-1.105	-1.066	-1.103	-1.113	-1.067	-1.009	-1.022	-1.052	-1.008	-0.831	+0.367	+0.021	+0.422	+0.167	-0.618	-0.093	+0.109	-0.763	-0.793	-0.134	+0.124	+0.012	-0.782	-0.010	-0.338	-0.340	+0.006	-0.004	-0.108	+0.010	-0.215	-0.408	+0.032	-0.101	-0.042	-0.238	-0.394	-0.796	-0.241	-0.460	+0.042	-0.732	-0.762	-0.405	-0.063	-0.120	-0.006	-0.410	-0.059	-0.214	-0.056	-0.881	-0.409	-0.507	-0.473	-0.388	-0.246	-0.081	-0.265	-0.330	-0.385	-0.057	-0.369	-0.817	-0.371	-0.362	-0.365	-0.450	-0.784	-0.400	-0.060	-0.082	-0.359	-0.082	+0.041	-0.073	-0.111	-0.082	-0.025	-0.364	-0.216	-0.361	-0.214	-0.163	-0.214	-0.214	-0.214	-0.214	-0.024	-0.207	-0.073	-0.203	-0.203	-0.203	+0.025	-0.183	+0.066	-0.252	-0.803	-0.047	+0.028	-0.812	-0.813	-0.817	-0.818	+0.086	-0.164	+0.251	-0.131	-0.140	-0.298	-0.300	-0.305	-0.319	-0.284	-0.323	-0.323	-0.324	-0.411	-0.936	-0.994	-0.423	+0.045	-0.472	-0.399	-0.966	-0.385	-0.464	-0.157	-0.926	-0.456	-0.972	-0.470	-0.528	-0.529	-0.485	-0.499	-0.155	-0.516	-0.585	-0.534	-0.540	-0.614	-0.916	-0.903	-0.766	-0.757	-0.688	-0.410	-0.974	-0.384	-0.396	-0.210	-0.975	-0.454	-0.383	-0.148	-0.358	-0.180	-0.458	-0.979	-0.466	-0.638	-0.480	-0.395	-0.250	-1.050	-0.994	-0.992	-1.066	-1.061	-1.063	-1.063	-1.063	-1.065	-1.054	-1.052	-1.061	-1.064	-1.065	-1.064	-1.058	
rs11160580     -0.498	-0.496	-0.472	-0.498	-0.462	-0.495	-0.497	-0.457	-0.435	-0.442	-0.472	-0.444	+0.213	+0.475	+0.156	+0.507	-0.107	-0.093	+0.027	-0.015	-0.112	-0.215	+0.069	+0.070	-0.029	-0.228	+0.218	-0.079	-0.080	+0.230	+0.222	-0.117	+0.231	+0.014	-0.124	+0.253	+0.148	+0.194	-0.001	-0.115	-0.313	-0.003	-0.154	-0.038	-0.347	-0.331	-0.123	+0.179	+0.135	+0.214	-0.125	+0.183	+0.009	+0.181	-0.357	-0.125	-0.181	-0.166	-0.111	-0.007	+0.163	+0.014	-0.072	-0.104	+0.183	-0.099	-0.369	-0.099	-0.094	-0.095	-0.151	-0.298	-0.119	-0.102	+0.162	-0.090	+0.162	+0.258	+0.173	-0.126	+0.162	-0.085	-0.095	+0.015	-0.093	+0.016	+0.062	+0.016	+0.016	+0.016	+0.016	+0.208	+0.022	+0.169	+0.025	+0.025	+0.026	+0.244	+0.042	+0.276	-0.002	-0.311	-0.100	+0.250	-0.307	-0.307	-0.305	-0.307	+0.298	+0.087	-0.041	-0.155	-0.236	+0.060	+0.059	+0.056	+0.046	-0.216	+0.044	+0.044	+0.043	-0.013	-0.344	-0.262	-0.022	-0.057	-0.057	+0.001	-0.323	+0.012	-0.051	-0.171	-0.372	-0.044	-0.324	-0.054	-0.071	-0.073	-0.069	-0.071	-0.169	-0.085	-0.152	-0.098	-0.102	-0.174	-0.405	-0.411	-0.454	-0.279	-0.216	-0.011	-0.359	+0.011	-0.001	-0.192	-0.358	-0.046	+0.012	-0.159	+0.032	-0.176	-0.048	-0.352	-0.051	-0.151	-0.043	+0.006	-0.207	-0.298	-0.468	-0.471	-0.321	-0.428	-0.418	-0.415	-0.418	-0.416	-0.277	-0.439	-0.302	-0.421	-0.415	-0.418	-0.289	
rs10144242     -0.374	-0.371	-0.343	-0.374	-0.338	-0.370	-0.371	-0.333	-0.316	-0.322	-0.351	-0.326	+0.350	+0.551	+0.265	+0.582	-0.055	+0.109	-0.015	+0.156	+0.087	-0.028	+0.157	+0.030	-0.009	-0.042	+0.302	+0.034	+0.033	+0.314	+0.306	-0.061	+0.315	+0.104	-0.010	+0.337	+0.235	+0.279	+0.089	-0.001	-0.142	+0.087	-0.040	-0.014	-0.182	-0.162	-0.009	+0.265	+0.221	+0.298	-0.011	+0.268	+0.121	+0.267	-0.225	-0.011	-0.064	-0.052	+0.003	+0.084	+0.249	+0.113	+0.041	+0.009	+0.268	+0.015	-0.214	+0.015	+0.020	+0.018	-0.037	-0.123	-0.005	-0.054	+0.248	+0.024	+0.248	+0.342	+0.259	-0.067	+0.248	-0.045	+0.018	+0.105	+0.021	+0.106	+0.150	+0.106	+0.106	+0.106	+0.106	+0.293	+0.112	+0.255	+0.115	+0.115	+0.115	+0.328	+0.131	+0.360	+0.110	-0.140	-0.053	+0.334	-0.136	-0.136	-0.133	-0.136	+0.380	+0.174	+0.007	-0.089	-0.152	+0.155	+0.154	+0.150	+0.141	-0.126	+0.139	+0.139	+0.138	+0.085	-0.183	-0.091	+0.077	-0.016	+0.042	+0.097	-0.160	+0.107	+0.048	-0.102	-0.217	+0.055	-0.162	+0.045	+0.032	+0.031	+0.047	+0.030	-0.101	+0.016	-0.035	+0.004	-0.000	-0.057	-0.258	-0.265	-0.319	-0.160	-0.095	+0.107	-0.204	+0.128	+0.116	-0.119	-0.204	+0.071	+0.129	-0.094	+0.149	-0.106	+0.068	-0.198	+0.067	-0.044	+0.057	+0.122	-0.129	-0.152	-0.341	-0.345	-0.180	-0.293	-0.282	-0.279	-0.282	-0.280	-0.134	-0.305	-0.160	-0.285	-0.278	-0.282	-0.146	
rs7147511      -1.109	-1.112	-1.118	-1.109	-1.070	-1.107	-1.117	-1.071	-1.013	-1.025	-1.055	-1.012	-0.827	+0.382	+0.035	+0.433	+0.142	-0.763	-0.112	+0.087	-0.623	-0.800	-0.123	+0.103	-0.008	-0.790	+0.001	-0.329	-0.331	+0.018	+0.007	-0.126	+0.022	-0.205	-0.400	+0.044	-0.090	-0.032	-0.228	-0.385	-0.806	-0.231	-0.453	+0.023	-0.744	-0.773	-0.397	-0.052	-0.110	+0.006	-0.401	-0.048	-0.204	-0.045	-0.878	-0.401	-0.500	-0.466	-0.379	-0.236	-0.070	-0.257	-0.321	-0.377	-0.047	-0.360	-0.827	-0.362	-0.354	-0.356	-0.443	-0.794	-0.392	-0.078	-0.072	-0.351	-0.072	+0.053	-0.063	-0.128	-0.072	-0.043	-0.356	-0.206	-0.353	-0.204	-0.152	-0.204	-0.204	-0.204	-0.204	-0.013	-0.196	-0.063	-0.193	-0.192	-0.192	+0.036	-0.172	+0.078	-0.242	-0.813	-0.065	+0.039	-0.822	-0.822	-0.827	-0.827	+0.098	-0.155	+0.227	-0.148	-0.151	-0.292	-0.294	-0.299	-0.313	-0.299	-0.317	-0.317	-0.318	-0.407	-0.943	-0.999	-0.419	+0.028	-0.469	-0.396	-0.972	-0.382	-0.461	-0.173	-0.933	-0.453	-0.978	-0.466	-0.526	-0.527	-0.483	-0.496	-0.171	-0.513	-0.584	-0.532	-0.537	-0.613	-0.923	-0.911	-0.776	-0.757	-0.687	-0.407	-0.980	-0.380	-0.393	-0.225	-0.981	-0.452	-0.380	-0.162	-0.354	-0.195	-0.456	-0.985	-0.463	-0.639	-0.479	-0.391	-0.264	-1.053	-1.000	-0.998	-1.069	-1.065	-1.067	-1.068	-1.067	-1.069	-1.056	-1.057	-1.064	-1.068	-1.069	-1.068	-1.061	
rs35007880     -1.136	-1.138	-1.142	-1.135	-1.095	-1.134	-1.143	-1.096	-1.036	-1.049	-1.078	-1.034	-0.798	+0.406	+0.069	+0.459	+0.019	-0.793	-0.215	-0.028	-0.800	-0.649	-0.017	-0.009	-0.115	-0.786	+0.097	-0.241	-0.242	+0.115	+0.103	-0.222	+0.120	-0.106	-0.317	+0.135	-0.000	+0.062	-0.132	-0.302	-0.852	-0.135	-0.378	-0.077	-0.811	-0.832	-0.315	+0.040	-0.021	+0.097	-0.319	+0.044	-0.105	+0.049	-0.834	-0.319	-0.425	-0.392	-0.295	-0.141	+0.021	-0.177	-0.231	-0.297	+0.045	-0.274	-0.880	-0.278	-0.267	-0.270	-0.365	-0.841	-0.309	-0.176	+0.020	-0.264	+0.020	+0.152	+0.028	-0.224	+0.019	-0.142	-0.269	-0.108	-0.266	-0.106	-0.053	-0.106	-0.105	-0.105	-0.105	+0.081	-0.098	+0.029	-0.094	-0.094	-0.093	+0.135	-0.073	+0.180	-0.151	-0.862	-0.163	+0.137	-0.868	-0.868	-0.871	-0.873	+0.199	-0.066	+0.111	-0.240	-0.248	-0.236	-0.239	-0.244	-0.259	-0.385	-0.263	-0.263	-0.264	-0.364	-0.985	-1.028	-0.378	-0.067	-0.431	-0.365	-1.010	-0.350	-0.423	-0.263	-0.982	-0.415	-1.018	-0.429	-0.500	-0.502	-0.457	-0.462	-0.261	-0.481	-0.561	-0.501	-0.507	-0.592	-0.978	-0.969	-0.856	-0.742	-0.667	-0.370	-1.023	-0.342	-0.354	-0.306	-1.023	-0.422	-0.341	-0.246	-0.315	-0.277	-0.426	-1.025	-0.430	-0.633	-0.456	-0.354	-0.343	-1.064	-1.036	-1.035	-1.080	-1.088	-1.088	-1.088	-1.088	-1.089	-1.063	-1.082	-1.073	-1.089	-1.089	-1.089	-1.068	
rs8015259      -0.293	-0.293	-0.289	-0.293	-0.244	-0.291	-0.297	-0.238	-0.228	-0.232	-0.257	-0.243	-0.242	+0.416	+0.142	+0.458	+0.240	-0.134	+0.069	+0.157	-0.123	-0.017	+0.251	+0.186	+0.127	-0.006	+0.170	+0.092	+0.092	+0.180	+0.173	+0.072	+0.182	+0.147	+0.117	+0.192	+0.114	+0.149	+0.152	+0.109	+0.038	+0.152	+0.131	+0.164	+0.086	+0.059	+0.115	+0.136	+0.103	+0.169	+0.118	+0.139	+0.074	+0.138	+0.214	+0.117	+0.133	+0.148	+0.099	+0.150	+0.125	+0.039	+0.078	+0.055	+0.140	+0.092	+0.074	+0.080	+0.086	+0.086	+0.141	+0.019	+0.106	+0.100	+0.124	+0.079	+0.124	+0.203	+0.130	+0.072	+0.124	+0.125	+0.091	+0.141	+0.090	+0.140	+0.114	+0.140	+0.140	+0.140	+0.140	+0.160	+0.136	+0.130	+0.133	+0.132	+0.132	+0.192	+0.124	+0.220	+0.050	+0.018	+0.115	+0.194	+0.010	+0.010	+0.005	+0.006	+0.235	+0.081	+0.327	+0.089	+0.176	+0.019	+0.019	+0.016	+0.010	+0.010	+0.009	+0.009	+0.008	-0.026	-0.127	-0.227	-0.031	+0.213	-0.050	-0.014	-0.177	-0.007	-0.048	+0.086	-0.118	-0.044	-0.198	-0.049	-0.048	-0.049	-0.054	-0.058	+0.088	-0.064	-0.100	-0.071	-0.073	-0.112	-0.134	-0.123	+0.045	-0.134	-0.135	-0.024	-0.192	-0.011	-0.018	+0.082	-0.191	-0.042	-0.010	+0.118	+0.003	+0.100	-0.044	-0.193	-0.046	-0.062	-0.035	-0.011	+0.066	-0.266	-0.123	-0.120	-0.280	-0.230	-0.238	-0.240	-0.238	-0.241	-0.278	-0.213	-0.281	-0.238	-0.243	-0.240	-0.280	
rs4905950      -0.345	-0.343	-0.316	-0.345	-0.309	-0.342	-0.343	-0.304	-0.286	-0.293	-0.322	-0.296	+0.448	+0.584	+0.271	+0.614	-0.032	+0.124	+0.070	+0.030	+0.103	-0.009	+0.186	+0.189	+0.094	-0.023	+0.335	+0.043	+0.042	+0.346	+0.339	-0.017	+0.348	+0.133	-0.000	+0.370	+0.267	+0.312	+0.118	+0.008	-0.103	+0.116	-0.029	+0.027	-0.143	-0.123	+0.001	+0.298	+0.254	+0.331	-0.001	+0.301	+0.127	+0.300	-0.201	-0.001	-0.052	-0.040	+0.013	+0.113	+0.282	+0.135	+0.049	+0.018	+0.300	+0.024	-0.175	+0.024	+0.029	+0.027	-0.026	-0.099	+0.005	-0.014	+0.281	+0.033	+0.281	+0.375	+0.292	-0.026	+0.281	+0.002	+0.027	+0.134	+0.030	+0.135	+0.180	+0.135	+0.135	+0.135	+0.135	+0.326	+0.141	+0.288	+0.144	+0.144	+0.144	+0.361	+0.160	+0.392	+0.119	-0.099	-0.007	+0.367	-0.094	-0.094	-0.091	-0.094	+0.414	+0.206	+0.022	-0.049	-0.129	+0.188	+0.186	+0.183	+0.174	-0.071	+0.172	+0.172	+0.171	+0.117	-0.140	-0.039	+0.109	+0.010	+0.074	+0.129	-0.113	+0.140	+0.080	-0.065	-0.174	+0.088	-0.114	+0.077	+0.064	+0.063	+0.061	+0.062	-0.065	+0.048	-0.020	+0.036	+0.032	-0.041	-0.216	-0.222	-0.283	-0.141	-0.079	+0.117	-0.160	+0.138	+0.126	-0.090	-0.159	+0.082	+0.139	-0.067	+0.159	-0.079	+0.080	-0.153	+0.079	-0.013	+0.087	+0.134	-0.098	-0.120	-0.312	-0.317	-0.148	-0.265	-0.254	-0.251	-0.254	-0.251	-0.101	-0.277	-0.128	-0.257	-0.250	-0.254	-0.114	
rs10147903     -0.423	-0.420	-0.395	-0.422	-0.386	-0.419	-0.421	-0.381	-0.361	-0.368	-0.397	-0.370	+0.325	+0.529	+0.214	+0.561	-0.076	+0.012	-0.029	-0.009	-0.008	-0.115	+0.127	+0.094	+0.107	-0.129	+0.276	-0.018	-0.019	+0.288	+0.280	-0.081	+0.289	+0.074	-0.063	+0.311	+0.207	+0.253	+0.058	-0.054	-0.205	+0.056	-0.092	-0.009	-0.243	-0.224	-0.061	+0.238	+0.194	+0.272	-0.064	+0.241	+0.068	+0.240	-0.279	-0.063	-0.117	-0.103	-0.049	+0.053	+0.222	+0.074	-0.012	-0.043	+0.241	-0.037	-0.270	-0.038	-0.033	-0.034	-0.089	-0.202	-0.057	-0.069	+0.221	-0.029	+0.221	+0.316	+0.232	-0.088	+0.221	-0.046	-0.034	+0.074	-0.032	+0.075	+0.121	+0.075	+0.075	+0.075	+0.076	+0.267	+0.081	+0.228	+0.084	+0.085	+0.085	+0.302	+0.101	+0.334	+0.058	-0.202	-0.058	+0.308	-0.198	-0.197	-0.195	-0.197	+0.355	+0.147	-0.012	-0.105	-0.185	+0.124	+0.122	+0.119	+0.110	-0.147	+0.107	+0.107	+0.107	+0.052	-0.239	-0.148	+0.043	-0.027	+0.008	+0.065	-0.216	+0.076	+0.014	-0.121	-0.271	+0.022	-0.217	+0.011	-0.004	-0.005	-0.005	-0.005	-0.120	-0.019	-0.087	-0.032	-0.036	-0.108	-0.309	-0.316	-0.368	-0.210	-0.147	+0.054	-0.256	+0.075	+0.063	-0.144	-0.256	+0.019	+0.076	-0.116	+0.096	-0.130	+0.016	-0.249	+0.015	-0.082	+0.023	+0.071	-0.155	-0.212	-0.391	-0.395	-0.237	-0.348	-0.337	-0.334	-0.337	-0.335	-0.191	-0.359	-0.217	-0.340	-0.333	-0.337	-0.203	
rs3736951      -1.138	-1.140	-1.144	-1.137	-1.096	-1.136	-1.144	-1.098	-1.037	-1.050	-1.080	-1.035	-0.791	+0.417	+0.079	+0.470	+0.002	-0.782	-0.228	-0.042	-0.790	-0.786	-0.006	-0.023	-0.129	-0.651	+0.109	-0.230	-0.231	+0.126	+0.115	-0.233	+0.131	-0.095	-0.308	+0.146	+0.010	+0.073	-0.120	-0.292	-0.858	-0.124	-0.368	-0.089	-0.823	-0.842	-0.305	+0.051	-0.010	+0.109	-0.310	+0.055	-0.094	+0.060	-0.828	-0.309	-0.415	-0.383	-0.285	-0.130	+0.032	-0.167	-0.221	-0.287	+0.055	-0.264	-0.887	-0.267	-0.257	-0.260	-0.356	-0.848	-0.299	-0.188	+0.031	-0.254	+0.031	+0.164	+0.039	-0.235	+0.030	-0.153	-0.259	-0.096	-0.256	-0.094	-0.042	-0.094	-0.094	-0.094	-0.094	+0.093	-0.086	+0.040	-0.082	-0.082	-0.082	+0.147	-0.061	+0.192	-0.140	-0.869	-0.174	+0.149	-0.874	-0.874	-0.877	-0.879	+0.211	-0.055	+0.096	-0.251	-0.260	-0.229	-0.231	-0.237	-0.252	-0.395	-0.256	-0.256	-0.257	-0.358	-0.989	-1.030	-0.372	-0.079	-0.425	-0.360	-1.013	-0.345	-0.417	-0.273	-0.987	-0.409	-1.022	-0.423	-0.495	-0.497	-0.452	-0.457	-0.271	-0.476	-0.557	-0.496	-0.502	-0.589	-0.984	-0.976	-0.865	-0.739	-0.664	-0.364	-1.027	-0.336	-0.349	-0.315	-1.027	-0.417	-0.335	-0.255	-0.309	-0.286	-0.421	-1.029	-0.425	-0.631	-0.452	-0.348	-0.352	-1.064	-1.040	-1.039	-1.081	-1.090	-1.089	-1.089	-1.090	-1.091	-1.062	-1.084	-1.073	-1.091	-1.091	-1.090	-1.068	
rs3736952      -0.146	-0.145	-0.136	-0.146	-0.087	-0.143	-0.149	-0.079	-0.081	-0.083	-0.113	-0.101	-0.080	+0.524	+0.210	+0.581	+0.266	-0.010	+0.218	+0.302	+0.001	+0.097	+0.170	+0.335	+0.276	+0.109	+0.411	+0.110	+0.110	+0.350	+0.345	+0.221	+0.349	+0.146	+0.106	+0.309	+0.298	+0.327	+0.141	+0.106	+0.151	+0.141	+0.107	+0.312	+0.197	+0.171	+0.106	+0.321	+0.296	+0.316	+0.106	+0.321	+0.130	+0.301	+0.221	+0.106	+0.106	+0.108	+0.105	+0.140	+0.296	+0.215	+0.109	+0.098	+0.291	+0.106	+0.188	+0.104	+0.106	+0.106	+0.107	+0.135	+0.105	+0.249	+0.296	+0.105	+0.296	+0.358	+0.312	+0.221	+0.296	+0.274	+0.109	+0.148	+0.110	+0.149	+0.177	+0.149	+0.149	+0.149	+0.149	+0.328	+0.152	+0.297	+0.154	+0.154	+0.154	+0.349	+0.160	+0.372	+0.152	+0.151	+0.262	+0.345	+0.145	+0.145	+0.142	+0.144	+0.375	+0.194	+0.357	+0.235	+0.345	+0.150	+0.149	+0.148	+0.144	+0.155	+0.142	+0.142	+0.142	+0.112	+0.009	-0.015	+0.107	+0.361	+0.096	+0.097	+0.000	+0.103	+0.096	+0.234	+0.043	+0.096	+0.025	+0.093	+0.091	+0.090	+0.065	+0.086	+0.236	+0.082	+0.032	+0.078	+0.078	+0.023	+0.081	+0.096	+0.179	+0.035	+0.011	+0.092	+0.010	+0.102	+0.097	+0.229	+0.011	+0.074	+0.103	+0.265	+0.113	+0.248	+0.073	+0.007	+0.076	+0.075	+0.084	+0.104	+0.214	-0.101	+0.016	+0.020	-0.125	-0.089	-0.095	-0.098	-0.096	-0.099	-0.129	-0.072	-0.128	-0.096	-0.100	-0.097	-0.129	
rs7143025      -0.470	-0.471	-0.468	-0.470	-0.425	-0.468	-0.474	-0.420	-0.402	-0.408	-0.436	-0.415	-0.414	+0.395	+0.121	+0.447	+0.083	-0.338	-0.079	+0.034	-0.329	-0.241	+0.092	+0.043	-0.018	-0.230	+0.110	+0.062	-0.028	+0.123	+0.114	-0.074	+0.127	+0.011	-0.045	+0.138	+0.038	+0.083	-0.008	-0.045	-0.190	-0.011	-0.055	+0.021	-0.146	-0.170	-0.045	+0.067	+0.024	+0.112	-0.045	+0.070	+0.031	+0.071	-0.065	-0.046	-0.082	-0.046	-0.052	-0.016	+0.053	-0.068	-0.035	-0.084	+0.072	-0.047	-0.153	-0.058	-0.049	-0.050	-0.043	-0.207	-0.052	-0.045	+0.052	-0.053	+0.052	+0.152	+0.058	-0.074	+0.052	-0.020	-0.046	+0.007	-0.046	+0.009	+0.025	+0.009	+0.009	+0.009	+0.009	+0.097	+0.013	+0.059	+0.014	+0.014	+0.014	+0.138	+0.024	+0.174	-0.038	-0.207	-0.030	+0.140	-0.215	-0.215	-0.219	-0.219	+0.189	-0.007	+0.198	-0.059	+0.029	-0.093	-0.094	-0.097	-0.105	-0.142	-0.107	-0.108	-0.108	-0.153	-0.327	-0.415	-0.159	+0.068	-0.185	-0.134	-0.371	-0.125	-0.182	-0.062	-0.319	-0.177	-0.388	-0.184	-0.191	-0.192	-0.187	-0.196	-0.060	-0.205	-0.244	-0.214	-0.216	-0.258	-0.328	-0.319	-0.165	-0.303	-0.291	-0.150	-0.382	-0.134	-0.142	-0.067	-0.382	-0.172	-0.133	-0.029	-0.118	-0.048	-0.174	-0.384	-0.179	-0.216	-0.166	-0.137	-0.084	-0.445	-0.318	-0.315	-0.458	-0.417	-0.424	-0.425	-0.424	-0.427	-0.454	-0.401	-0.457	-0.424	-0.428	-0.425	-0.456	
rs7143218      -0.471	-0.472	-0.469	-0.471	-0.426	-0.469	-0.475	-0.421	-0.403	-0.409	-0.437	-0.416	-0.415	+0.395	+0.121	+0.447	+0.082	-0.340	-0.080	+0.033	-0.331	-0.242	+0.092	+0.042	-0.019	-0.231	+0.110	-0.028	+0.061	+0.123	+0.114	-0.075	+0.127	+0.011	-0.045	+0.138	+0.038	+0.083	-0.008	-0.045	-0.192	-0.010	-0.056	+0.021	-0.147	-0.172	-0.045	+0.067	+0.024	+0.112	-0.045	+0.070	+0.031	+0.071	-0.066	-0.046	-0.083	-0.046	-0.052	-0.016	+0.053	-0.069	-0.035	-0.085	+0.072	-0.047	-0.155	-0.058	-0.049	-0.050	-0.043	-0.208	-0.052	-0.046	+0.052	-0.054	+0.052	+0.152	+0.058	-0.075	+0.052	-0.021	-0.046	+0.008	-0.046	+0.009	+0.025	+0.009	+0.009	+0.009	+0.009	+0.097	+0.013	+0.059	+0.015	+0.014	+0.015	+0.138	+0.025	+0.174	-0.038	-0.209	-0.031	+0.140	-0.216	-0.216	-0.220	-0.220	+0.189	-0.007	+0.197	-0.060	+0.028	-0.094	-0.095	-0.098	-0.106	-0.143	-0.108	-0.108	-0.109	-0.153	-0.329	-0.416	-0.160	+0.067	-0.186	-0.135	-0.373	-0.126	-0.182	-0.063	-0.320	-0.178	-0.390	-0.185	-0.192	-0.193	-0.188	-0.197	-0.061	-0.206	-0.245	-0.214	-0.217	-0.259	-0.329	-0.320	-0.167	-0.304	-0.292	-0.151	-0.383	-0.135	-0.143	-0.067	-0.383	-0.173	-0.134	-0.030	-0.118	-0.048	-0.175	-0.385	-0.180	-0.217	-0.167	-0.137	-0.085	-0.446	-0.319	-0.316	-0.459	-0.418	-0.425	-0.426	-0.425	-0.428	-0.455	-0.402	-0.458	-0.425	-0.429	-0.426	-0.457	
rs35852289     -0.133	-0.132	-0.123	-0.133	-0.074	-0.130	-0.136	-0.065	-0.068	-0.070	-0.099	-0.087	-0.066	+0.523	+0.218	+0.578	+0.277	+0.006	+0.230	+0.314	+0.018	+0.115	+0.180	+0.346	+0.288	+0.126	+0.350	+0.123	+0.123	+0.426	+0.355	+0.232	+0.358	+0.158	+0.121	+0.316	+0.315	+0.342	+0.154	+0.121	+0.170	+0.153	+0.122	+0.323	+0.216	+0.189	+0.121	+0.339	+0.316	+0.326	+0.121	+0.338	+0.141	+0.314	+0.243	+0.121	+0.123	+0.124	+0.120	+0.152	+0.311	+0.232	+0.122	+0.112	+0.302	+0.120	+0.206	+0.118	+0.120	+0.120	+0.123	+0.153	+0.120	+0.260	+0.311	+0.119	+0.311	+0.366	+0.329	+0.232	+0.311	+0.285	+0.123	+0.160	+0.124	+0.160	+0.189	+0.160	+0.160	+0.160	+0.160	+0.342	+0.164	+0.311	+0.165	+0.166	+0.166	+0.356	+0.171	+0.379	+0.165	+0.169	+0.273	+0.354	+0.163	+0.163	+0.160	+0.162	+0.381	+0.205	+0.367	+0.247	+0.358	+0.161	+0.161	+0.159	+0.155	+0.167	+0.154	+0.154	+0.154	+0.124	+0.025	+0.001	+0.120	+0.372	+0.109	+0.108	+0.016	+0.113	+0.109	+0.246	+0.059	+0.109	+0.041	+0.106	+0.104	+0.103	+0.076	+0.099	+0.248	+0.096	+0.044	+0.092	+0.091	+0.036	+0.098	+0.113	+0.195	+0.051	+0.024	+0.103	+0.025	+0.113	+0.108	+0.241	+0.027	+0.085	+0.113	+0.276	+0.123	+0.259	+0.084	+0.023	+0.087	+0.087	+0.096	+0.115	+0.225	-0.087	+0.031	+0.035	-0.111	-0.074	-0.081	-0.084	-0.082	-0.085	-0.115	-0.058	-0.114	-0.081	-0.086	-0.083	-0.116	
