## Summary of overall evidence for association with region:
## log10(BF for region) = -0.0470151
## p-value for region = NA

## BFs for choosing among multi-SNP models:
## log10(average 1-SNP BF) = 0.00136233
## log10(average 2-SNP BF) = -0.163733

## Example posterior probabilities for multi-SNP models, based on default prior: [p(l) propto 0.5^l for l=1,2,...,L]
## posterior probability of 1-SNP = 0.745223
## posterior probability of 2-SNP = 0.254777

## log10(BF) for single SNP and pair of SNPs:
rs17524740     +1.055	+0.611	+0.611	+0.611	+1.016	+1.016	+1.016	+1.063	+1.015	+0.612	+1.015	+1.062	+1.062	+0.569	+0.565	+0.388	+0.388	+0.389	+0.389	+0.388	+0.551	+0.393	+0.394	+0.515	+0.390	+0.392	+0.528	+0.526	+0.390	+0.390	+0.390	+0.390	+0.390	+0.390	+0.577	+0.615	+0.686	+0.502	+0.495	+0.495	+0.385	+0.684	+0.492	+0.490	+0.709	+0.660	+0.531	+0.528	+0.587	+0.590	+0.591	+0.591	+0.498	+0.597	+0.593	+0.575	+0.576	+0.576	+0.822	+0.405	+0.806	+0.821	+0.808	+0.865	+0.502	+0.865	+0.594	+0.592	+0.592	+0.592	+0.577	+0.404	+0.607	+0.577	+0.431	+0.404	+0.581	+0.573	+0.727	+0.733	+0.732	+0.626	+0.732	+0.727	+0.731	+0.693	+0.673	+0.720	+0.671	+0.675	+0.675	+0.675	+0.675	+0.668	+0.675	+0.645	+0.669	+0.643	+0.641	+0.644	+0.707	+0.601	+0.604	+0.614	+0.567	+0.616	+0.614	+0.599	+0.615	+1.204	+0.549	+0.549	+1.158	+1.155	+1.158	+1.177	+1.167	+0.789	+0.853	+0.390	+0.801	+0.606	+0.488	+0.504	+0.504	+0.553	+0.523	+0.486	+0.498	+0.505	+0.520	+0.828	+0.541	+0.540	+0.542	+0.545	+0.840	+0.362	+0.599	+0.351	+0.352	+0.586	+0.350	+0.571	+0.347	+0.347	+0.566	+0.343	+0.563	+0.347	+0.342	+0.573	+0.342	+0.563	+0.563	+0.347	+0.342	+0.347	+0.347	+0.347	+0.743	+0.349	+0.560	+0.560	+0.347	+0.343	+0.557	
rs3823575      +0.611	-0.435	-0.550	-0.550	+0.498	+0.498	+0.498	+0.612	+0.503	-0.550	+0.505	+0.618	+0.618	-0.715	-0.719	-0.772	-0.772	-0.769	-0.768	-0.772	-0.734	-0.750	-0.746	-0.726	-0.762	-0.754	-0.711	-0.715	-0.764	-0.765	-0.765	-0.766	-0.766	-0.767	-0.711	-0.599	-0.373	-0.837	-0.815	-0.815	-0.902	-0.384	-0.815	-0.814	-0.347	-0.431	-0.603	-0.612	-0.492	-0.487	-0.487	-0.487	-0.818	-0.476	-0.482	-0.517	-0.514	-0.514	-0.197	-0.878	-0.221	-0.200	-0.219	-0.145	-0.816	-0.143	-0.486	-0.488	-0.489	-0.489	-0.519	-0.872	-0.465	-0.519	-0.871	-0.875	-0.709	-0.709	-0.622	-0.596	-0.596	-0.697	-0.597	-0.601	-0.597	-0.630	-0.648	-0.563	-0.650	-0.646	-0.646	-0.646	-0.646	-0.653	-0.646	-0.673	-0.614	-0.675	-0.677	-0.674	-0.575	-0.714	-0.716	-0.708	-0.693	-0.709	-0.710	-0.723	-0.709	-0.145	-0.765	-0.765	-0.187	-0.191	-0.187	-0.170	-0.180	-0.530	-0.468	-0.909	-0.516	-0.660	-0.783	-0.765	-0.766	-0.724	-0.746	-0.785	-0.773	-0.765	-0.750	-0.491	-0.728	-0.729	-0.726	-0.723	-0.478	-0.938	-0.672	-0.942	-0.945	-0.686	-0.943	-0.700	-0.948	-0.948	-0.705	-0.949	-0.708	-0.947	-0.950	-0.696	-0.950	-0.709	-0.709	-0.948	-0.950	-0.947	-0.947	-0.947	-0.595	-0.945	-0.712	-0.712	-0.947	-0.947	-0.715	
rs11762907     +0.611	-0.550	-0.435	-0.550	+0.498	+0.498	+0.498	+0.612	+0.503	-0.550	+0.505	+0.618	+0.619	-0.715	-0.719	-0.772	-0.772	-0.769	-0.768	-0.772	-0.734	-0.750	-0.746	-0.726	-0.762	-0.754	-0.711	-0.715	-0.764	-0.765	-0.765	-0.766	-0.766	-0.767	-0.711	-0.599	-0.373	-0.837	-0.815	-0.815	-0.902	-0.384	-0.815	-0.814	-0.347	-0.431	-0.603	-0.612	-0.492	-0.487	-0.487	-0.487	-0.818	-0.476	-0.482	-0.517	-0.514	-0.514	-0.197	-0.878	-0.221	-0.200	-0.218	-0.145	-0.816	-0.143	-0.486	-0.488	-0.489	-0.489	-0.519	-0.872	-0.465	-0.519	-0.871	-0.875	-0.709	-0.709	-0.622	-0.596	-0.596	-0.697	-0.597	-0.601	-0.597	-0.630	-0.648	-0.563	-0.650	-0.646	-0.646	-0.646	-0.646	-0.653	-0.646	-0.673	-0.614	-0.675	-0.677	-0.674	-0.575	-0.714	-0.716	-0.708	-0.693	-0.709	-0.710	-0.723	-0.709	-0.145	-0.765	-0.765	-0.187	-0.191	-0.187	-0.170	-0.180	-0.530	-0.468	-0.909	-0.516	-0.660	-0.783	-0.765	-0.766	-0.724	-0.746	-0.785	-0.773	-0.765	-0.750	-0.491	-0.728	-0.729	-0.726	-0.723	-0.478	-0.938	-0.672	-0.942	-0.945	-0.686	-0.943	-0.700	-0.948	-0.948	-0.705	-0.949	-0.708	-0.947	-0.950	-0.696	-0.950	-0.709	-0.709	-0.948	-0.950	-0.947	-0.947	-0.947	-0.595	-0.945	-0.712	-0.712	-0.947	-0.947	-0.715	
rs78005105     +0.611	-0.550	-0.550	-0.435	+0.498	+0.498	+0.498	+0.612	+0.503	-0.550	+0.505	+0.618	+0.619	-0.715	-0.719	-0.772	-0.772	-0.769	-0.768	-0.772	-0.733	-0.750	-0.746	-0.726	-0.762	-0.754	-0.711	-0.715	-0.764	-0.765	-0.765	-0.766	-0.766	-0.767	-0.711	-0.599	-0.373	-0.837	-0.815	-0.815	-0.902	-0.384	-0.815	-0.814	-0.346	-0.430	-0.603	-0.611	-0.492	-0.487	-0.487	-0.486	-0.818	-0.476	-0.482	-0.516	-0.514	-0.514	-0.197	-0.878	-0.221	-0.199	-0.218	-0.144	-0.816	-0.143	-0.486	-0.488	-0.489	-0.489	-0.519	-0.872	-0.465	-0.519	-0.871	-0.875	-0.708	-0.709	-0.622	-0.596	-0.596	-0.697	-0.597	-0.601	-0.597	-0.630	-0.648	-0.563	-0.650	-0.646	-0.646	-0.646	-0.646	-0.653	-0.646	-0.673	-0.614	-0.675	-0.677	-0.674	-0.575	-0.714	-0.716	-0.708	-0.693	-0.709	-0.710	-0.723	-0.709	-0.145	-0.765	-0.765	-0.187	-0.191	-0.187	-0.170	-0.179	-0.530	-0.468	-0.909	-0.516	-0.660	-0.783	-0.765	-0.766	-0.724	-0.746	-0.785	-0.773	-0.765	-0.750	-0.491	-0.728	-0.729	-0.726	-0.723	-0.478	-0.938	-0.672	-0.942	-0.945	-0.686	-0.943	-0.700	-0.948	-0.948	-0.705	-0.949	-0.708	-0.947	-0.950	-0.696	-0.950	-0.709	-0.709	-0.947	-0.949	-0.947	-0.947	-0.947	-0.595	-0.945	-0.711	-0.712	-0.947	-0.947	-0.714	
rs11534010     +1.016	+0.498	+0.498	+0.498	+0.931	+0.933	+0.933	+1.017	+0.936	+0.499	+0.936	+1.018	+1.018	+0.462	+0.458	+0.281	+0.281	+0.282	+0.282	+0.281	+0.444	+0.287	+0.288	+0.409	+0.284	+0.286	+0.422	+0.419	+0.284	+0.284	+0.284	+0.284	+0.284	+0.284	+0.469	+0.502	+0.585	+0.390	+0.384	+0.385	+0.276	+0.582	+0.382	+0.380	+0.607	+0.557	+0.426	+0.422	+0.485	+0.488	+0.489	+0.489	+0.387	+0.495	+0.491	+0.472	+0.474	+0.474	+0.724	+0.295	+0.707	+0.722	+0.709	+0.767	+0.392	+0.767	+0.492	+0.491	+0.491	+0.490	+0.475	+0.294	+0.506	+0.475	+0.321	+0.295	+0.469	+0.461	+0.613	+0.621	+0.620	+0.515	+0.620	+0.615	+0.619	+0.582	+0.562	+0.610	+0.559	+0.564	+0.564	+0.564	+0.564	+0.556	+0.564	+0.534	+0.559	+0.532	+0.529	+0.533	+0.597	+0.490	+0.493	+0.503	+0.459	+0.504	+0.503	+0.488	+0.504	+1.091	+0.438	+0.438	+1.046	+1.042	+1.046	+1.064	+1.054	+0.678	+0.742	+0.280	+0.691	+0.498	+0.380	+0.396	+0.396	+0.445	+0.415	+0.378	+0.390	+0.397	+0.412	+0.718	+0.433	+0.432	+0.434	+0.437	+0.730	+0.253	+0.491	+0.242	+0.243	+0.477	+0.241	+0.463	+0.238	+0.238	+0.458	+0.234	+0.455	+0.238	+0.233	+0.466	+0.233	+0.455	+0.455	+0.237	+0.233	+0.237	+0.238	+0.238	+0.631	+0.240	+0.452	+0.452	+0.238	+0.234	+0.449	
rs56361765     +1.016	+0.498	+0.498	+0.498	+0.933	+0.931	+0.933	+1.017	+0.936	+0.499	+0.936	+1.018	+1.018	+0.462	+0.458	+0.281	+0.281	+0.282	+0.282	+0.281	+0.444	+0.287	+0.288	+0.409	+0.284	+0.286	+0.422	+0.420	+0.284	+0.284	+0.284	+0.284	+0.284	+0.284	+0.470	+0.502	+0.585	+0.390	+0.385	+0.385	+0.276	+0.582	+0.382	+0.380	+0.608	+0.557	+0.426	+0.422	+0.485	+0.489	+0.489	+0.489	+0.387	+0.495	+0.491	+0.473	+0.474	+0.474	+0.724	+0.295	+0.707	+0.723	+0.710	+0.768	+0.392	+0.767	+0.492	+0.491	+0.491	+0.490	+0.475	+0.295	+0.507	+0.476	+0.322	+0.295	+0.470	+0.461	+0.614	+0.621	+0.621	+0.515	+0.620	+0.615	+0.619	+0.582	+0.562	+0.611	+0.560	+0.564	+0.564	+0.564	+0.564	+0.557	+0.564	+0.534	+0.560	+0.533	+0.530	+0.533	+0.598	+0.491	+0.493	+0.503	+0.459	+0.504	+0.503	+0.488	+0.504	+1.091	+0.439	+0.438	+1.046	+1.042	+1.046	+1.065	+1.055	+0.678	+0.742	+0.281	+0.691	+0.498	+0.380	+0.397	+0.396	+0.445	+0.415	+0.378	+0.390	+0.397	+0.412	+0.718	+0.433	+0.432	+0.435	+0.437	+0.730	+0.253	+0.491	+0.242	+0.243	+0.478	+0.242	+0.463	+0.238	+0.238	+0.458	+0.234	+0.456	+0.238	+0.234	+0.466	+0.234	+0.455	+0.455	+0.238	+0.233	+0.238	+0.238	+0.238	+0.631	+0.240	+0.452	+0.452	+0.238	+0.234	+0.449	
rs57556994     +1.016	+0.498	+0.498	+0.498	+0.933	+0.933	+0.931	+1.017	+0.936	+0.499	+0.936	+1.018	+1.018	+0.462	+0.458	+0.281	+0.281	+0.282	+0.282	+0.281	+0.444	+0.287	+0.288	+0.409	+0.284	+0.286	+0.422	+0.420	+0.284	+0.284	+0.284	+0.284	+0.284	+0.284	+0.470	+0.502	+0.585	+0.390	+0.385	+0.385	+0.276	+0.582	+0.382	+0.380	+0.608	+0.557	+0.426	+0.422	+0.485	+0.489	+0.489	+0.489	+0.387	+0.495	+0.491	+0.473	+0.474	+0.474	+0.724	+0.295	+0.707	+0.723	+0.710	+0.768	+0.392	+0.767	+0.492	+0.491	+0.491	+0.490	+0.475	+0.295	+0.506	+0.475	+0.322	+0.295	+0.469	+0.461	+0.614	+0.621	+0.621	+0.515	+0.620	+0.615	+0.619	+0.582	+0.562	+0.611	+0.560	+0.564	+0.564	+0.564	+0.564	+0.556	+0.564	+0.534	+0.560	+0.532	+0.530	+0.533	+0.598	+0.491	+0.493	+0.503	+0.459	+0.504	+0.503	+0.488	+0.504	+1.091	+0.439	+0.438	+1.046	+1.042	+1.046	+1.065	+1.055	+0.678	+0.742	+0.280	+0.691	+0.498	+0.380	+0.397	+0.396	+0.445	+0.415	+0.378	+0.390	+0.397	+0.412	+0.718	+0.433	+0.432	+0.435	+0.437	+0.730	+0.253	+0.491	+0.242	+0.243	+0.478	+0.241	+0.463	+0.238	+0.238	+0.458	+0.234	+0.455	+0.238	+0.234	+0.466	+0.233	+0.455	+0.455	+0.238	+0.233	+0.238	+0.238	+0.238	+0.631	+0.240	+0.452	+0.452	+0.238	+0.234	+0.449	
rs73164936     +1.063	+0.612	+0.612	+0.612	+1.017	+1.017	+1.017	+1.057	+1.017	+0.613	+1.017	+1.064	+1.064	+0.571	+0.566	+0.389	+0.389	+0.390	+0.390	+0.389	+0.553	+0.394	+0.395	+0.517	+0.391	+0.393	+0.530	+0.527	+0.391	+0.391	+0.391	+0.391	+0.392	+0.392	+0.579	+0.616	+0.688	+0.504	+0.496	+0.497	+0.386	+0.685	+0.493	+0.492	+0.710	+0.661	+0.532	+0.529	+0.588	+0.592	+0.592	+0.592	+0.499	+0.598	+0.594	+0.576	+0.578	+0.578	+0.823	+0.406	+0.807	+0.822	+0.809	+0.866	+0.503	+0.866	+0.595	+0.594	+0.593	+0.593	+0.578	+0.405	+0.609	+0.579	+0.433	+0.405	+0.583	+0.574	+0.728	+0.734	+0.734	+0.628	+0.733	+0.728	+0.732	+0.695	+0.675	+0.721	+0.672	+0.677	+0.677	+0.677	+0.677	+0.669	+0.677	+0.646	+0.670	+0.645	+0.642	+0.645	+0.708	+0.603	+0.605	+0.615	+0.568	+0.617	+0.615	+0.601	+0.617	+1.205	+0.550	+0.550	+1.160	+1.156	+1.160	+1.179	+1.169	+0.790	+0.854	+0.391	+0.802	+0.607	+0.489	+0.506	+0.506	+0.555	+0.525	+0.487	+0.499	+0.506	+0.521	+0.829	+0.542	+0.541	+0.544	+0.546	+0.842	+0.363	+0.601	+0.352	+0.353	+0.587	+0.352	+0.573	+0.349	+0.348	+0.568	+0.344	+0.565	+0.349	+0.344	+0.575	+0.344	+0.564	+0.564	+0.348	+0.343	+0.348	+0.348	+0.348	+0.745	+0.351	+0.561	+0.561	+0.349	+0.344	+0.558	
rs1596407      +1.015	+0.503	+0.503	+0.503	+0.936	+0.936	+0.936	+1.017	+0.937	+0.504	+0.940	+1.022	+1.023	+0.467	+0.463	+0.286	+0.286	+0.287	+0.287	+0.286	+0.449	+0.292	+0.293	+0.414	+0.289	+0.291	+0.427	+0.425	+0.289	+0.289	+0.289	+0.289	+0.289	+0.289	+0.475	+0.507	+0.589	+0.395	+0.390	+0.390	+0.281	+0.587	+0.387	+0.385	+0.612	+0.562	+0.431	+0.427	+0.490	+0.493	+0.494	+0.494	+0.392	+0.500	+0.496	+0.477	+0.479	+0.479	+0.728	+0.300	+0.711	+0.727	+0.714	+0.772	+0.397	+0.771	+0.497	+0.496	+0.496	+0.495	+0.480	+0.300	+0.511	+0.480	+0.327	+0.300	+0.475	+0.466	+0.619	+0.627	+0.626	+0.521	+0.626	+0.620	+0.625	+0.587	+0.567	+0.616	+0.565	+0.570	+0.570	+0.570	+0.570	+0.562	+0.569	+0.539	+0.565	+0.538	+0.535	+0.538	+0.603	+0.496	+0.498	+0.508	+0.464	+0.510	+0.508	+0.494	+0.510	+1.096	+0.444	+0.443	+1.051	+1.048	+1.051	+1.070	+1.060	+0.684	+0.748	+0.286	+0.696	+0.503	+0.385	+0.402	+0.402	+0.450	+0.421	+0.383	+0.395	+0.402	+0.417	+0.724	+0.438	+0.437	+0.440	+0.442	+0.736	+0.258	+0.497	+0.247	+0.248	+0.483	+0.247	+0.469	+0.244	+0.243	+0.464	+0.239	+0.461	+0.243	+0.239	+0.472	+0.239	+0.460	+0.460	+0.243	+0.238	+0.243	+0.243	+0.243	+0.636	+0.245	+0.457	+0.457	+0.243	+0.239	+0.454	
rs11763742     +0.612	-0.550	-0.550	-0.550	+0.499	+0.499	+0.499	+0.613	+0.504	-0.434	+0.506	+0.620	+0.620	-0.714	-0.718	-0.772	-0.772	-0.769	-0.767	-0.772	-0.733	-0.750	-0.746	-0.725	-0.761	-0.754	-0.711	-0.714	-0.764	-0.765	-0.765	-0.766	-0.766	-0.766	-0.710	-0.598	-0.372	-0.836	-0.814	-0.814	-0.902	-0.382	-0.814	-0.813	-0.345	-0.429	-0.602	-0.610	-0.491	-0.486	-0.485	-0.485	-0.817	-0.475	-0.480	-0.515	-0.513	-0.513	-0.196	-0.877	-0.220	-0.198	-0.217	-0.143	-0.815	-0.142	-0.484	-0.487	-0.487	-0.488	-0.518	-0.871	-0.464	-0.517	-0.870	-0.874	-0.707	-0.708	-0.621	-0.595	-0.595	-0.696	-0.596	-0.600	-0.596	-0.629	-0.647	-0.562	-0.649	-0.645	-0.645	-0.645	-0.645	-0.652	-0.645	-0.672	-0.613	-0.674	-0.676	-0.673	-0.574	-0.713	-0.715	-0.707	-0.692	-0.708	-0.709	-0.722	-0.708	-0.144	-0.764	-0.764	-0.186	-0.190	-0.187	-0.169	-0.179	-0.529	-0.467	-0.908	-0.515	-0.659	-0.782	-0.765	-0.765	-0.723	-0.745	-0.784	-0.772	-0.764	-0.749	-0.490	-0.727	-0.728	-0.725	-0.723	-0.477	-0.937	-0.671	-0.941	-0.944	-0.685	-0.943	-0.699	-0.947	-0.947	-0.704	-0.949	-0.707	-0.946	-0.949	-0.695	-0.949	-0.708	-0.708	-0.947	-0.949	-0.947	-0.946	-0.946	-0.595	-0.944	-0.711	-0.711	-0.946	-0.946	-0.714	
rs57573052     +1.015	+0.505	+0.505	+0.505	+0.936	+0.936	+0.936	+1.017	+0.940	+0.506	+0.939	+1.024	+1.024	+0.469	+0.465	+0.288	+0.288	+0.289	+0.289	+0.288	+0.451	+0.294	+0.295	+0.416	+0.291	+0.293	+0.429	+0.426	+0.290	+0.291	+0.291	+0.291	+0.291	+0.291	+0.477	+0.509	+0.591	+0.397	+0.392	+0.392	+0.283	+0.588	+0.389	+0.387	+0.614	+0.563	+0.433	+0.429	+0.492	+0.495	+0.495	+0.495	+0.394	+0.501	+0.498	+0.479	+0.480	+0.480	+0.730	+0.302	+0.713	+0.728	+0.716	+0.773	+0.399	+0.773	+0.499	+0.498	+0.497	+0.497	+0.482	+0.302	+0.513	+0.482	+0.328	+0.302	+0.477	+0.468	+0.621	+0.628	+0.628	+0.523	+0.628	+0.622	+0.627	+0.589	+0.569	+0.618	+0.567	+0.571	+0.571	+0.572	+0.571	+0.564	+0.571	+0.541	+0.567	+0.540	+0.537	+0.540	+0.605	+0.498	+0.500	+0.510	+0.466	+0.512	+0.510	+0.496	+0.512	+1.098	+0.446	+0.445	+1.053	+1.049	+1.053	+1.072	+1.062	+0.686	+0.750	+0.287	+0.698	+0.505	+0.387	+0.404	+0.404	+0.452	+0.423	+0.385	+0.397	+0.404	+0.419	+0.726	+0.440	+0.439	+0.442	+0.444	+0.738	+0.260	+0.499	+0.249	+0.250	+0.485	+0.248	+0.471	+0.245	+0.245	+0.466	+0.241	+0.463	+0.245	+0.240	+0.474	+0.240	+0.462	+0.462	+0.244	+0.240	+0.245	+0.245	+0.245	+0.638	+0.247	+0.459	+0.459	+0.245	+0.241	+0.456	
rs73164947     +1.062	+0.618	+0.618	+0.618	+1.018	+1.018	+1.018	+1.064	+1.022	+0.620	+1.024	+1.064	+1.071	+0.577	+0.573	+0.395	+0.395	+0.396	+0.396	+0.395	+0.559	+0.400	+0.401	+0.523	+0.397	+0.399	+0.536	+0.533	+0.397	+0.397	+0.397	+0.397	+0.398	+0.397	+0.585	+0.622	+0.693	+0.510	+0.502	+0.503	+0.392	+0.691	+0.500	+0.498	+0.715	+0.667	+0.538	+0.535	+0.594	+0.598	+0.598	+0.598	+0.505	+0.604	+0.600	+0.582	+0.584	+0.584	+0.829	+0.412	+0.812	+0.827	+0.815	+0.872	+0.510	+0.871	+0.601	+0.600	+0.599	+0.599	+0.584	+0.411	+0.614	+0.585	+0.439	+0.411	+0.589	+0.581	+0.735	+0.741	+0.740	+0.634	+0.740	+0.735	+0.739	+0.701	+0.681	+0.727	+0.679	+0.683	+0.683	+0.684	+0.683	+0.676	+0.683	+0.653	+0.676	+0.651	+0.648	+0.652	+0.714	+0.609	+0.612	+0.622	+0.574	+0.623	+0.622	+0.607	+0.623	+1.212	+0.557	+0.556	+1.167	+1.163	+1.167	+1.186	+1.176	+0.797	+0.861	+0.397	+0.809	+0.614	+0.496	+0.512	+0.512	+0.561	+0.531	+0.494	+0.506	+0.513	+0.528	+0.837	+0.549	+0.548	+0.551	+0.553	+0.849	+0.370	+0.608	+0.358	+0.359	+0.594	+0.358	+0.580	+0.355	+0.354	+0.574	+0.350	+0.572	+0.355	+0.350	+0.582	+0.350	+0.571	+0.571	+0.354	+0.350	+0.354	+0.354	+0.354	+0.751	+0.356	+0.568	+0.568	+0.355	+0.350	+0.565	
rs73164948     +1.062	+0.618	+0.619	+0.619	+1.018	+1.018	+1.018	+1.064	+1.023	+0.620	+1.024	+1.071	+1.064	+0.577	+0.573	+0.396	+0.396	+0.396	+0.396	+0.395	+0.559	+0.400	+0.401	+0.523	+0.398	+0.400	+0.536	+0.533	+0.398	+0.398	+0.398	+0.398	+0.398	+0.398	+0.585	+0.623	+0.693	+0.510	+0.503	+0.503	+0.393	+0.691	+0.500	+0.498	+0.715	+0.667	+0.539	+0.535	+0.595	+0.598	+0.598	+0.598	+0.506	+0.604	+0.600	+0.583	+0.584	+0.584	+0.829	+0.412	+0.812	+0.827	+0.815	+0.872	+0.510	+0.871	+0.601	+0.600	+0.600	+0.599	+0.585	+0.412	+0.615	+0.585	+0.439	+0.412	+0.590	+0.581	+0.735	+0.741	+0.741	+0.635	+0.741	+0.735	+0.740	+0.702	+0.682	+0.728	+0.679	+0.684	+0.684	+0.684	+0.684	+0.676	+0.684	+0.653	+0.677	+0.652	+0.649	+0.652	+0.715	+0.609	+0.612	+0.622	+0.574	+0.624	+0.622	+0.607	+0.624	+1.213	+0.557	+0.557	+1.167	+1.163	+1.167	+1.186	+1.176	+0.797	+0.861	+0.397	+0.809	+0.614	+0.496	+0.513	+0.513	+0.562	+0.532	+0.495	+0.506	+0.513	+0.528	+0.837	+0.549	+0.549	+0.551	+0.553	+0.850	+0.370	+0.608	+0.359	+0.360	+0.594	+0.358	+0.580	+0.355	+0.355	+0.575	+0.350	+0.572	+0.355	+0.350	+0.582	+0.350	+0.572	+0.571	+0.354	+0.350	+0.354	+0.355	+0.355	+0.752	+0.357	+0.569	+0.568	+0.355	+0.351	+0.566	
rs4732164      +0.569	-0.715	-0.715	-0.715	+0.462	+0.462	+0.462	+0.571	+0.467	-0.714	+0.469	+0.577	+0.577	-0.400	-0.519	-0.169	-0.168	-0.159	-0.156	-0.167	-0.522	-0.109	-0.099	-0.578	-0.142	-0.123	-0.570	-0.572	-0.149	-0.151	-0.152	-0.154	-0.155	-0.156	-0.526	-0.714	-0.166	-0.773	-0.690	-0.693	-0.806	-0.182	-0.684	-0.670	-0.138	-0.251	-0.499	-0.510	-0.384	-0.377	-0.376	-0.376	-0.744	-0.365	-0.371	-0.411	-0.409	-0.409	-0.003	-0.816	-0.032	-0.006	-0.029	+0.058	-0.746	+0.059	-0.378	-0.380	-0.381	-0.382	-0.413	-0.829	-0.355	-0.413	-0.763	-0.824	-0.722	-0.724	-0.591	-0.566	-0.567	-0.664	-0.567	-0.572	-0.567	-0.602	-0.617	-0.538	-0.619	-0.615	-0.615	-0.615	-0.615	-0.622	-0.615	-0.643	-0.590	-0.644	-0.647	-0.644	-0.552	-0.688	-0.683	-0.675	-0.710	-0.676	-0.677	-0.689	-0.676	-0.198	-0.729	-0.729	-0.237	-0.241	-0.238	-0.221	-0.230	-0.503	-0.443	-0.870	-0.490	-0.642	-0.762	-0.745	-0.745	-0.700	-0.727	-0.764	-0.752	-0.745	-0.730	-0.468	-0.710	-0.710	-0.708	-0.705	-0.455	-0.900	-0.654	-0.905	-0.908	-0.667	-0.907	-0.681	-0.911	-0.911	-0.686	-0.913	-0.688	-0.909	-0.913	-0.685	-0.913	-0.689	-0.689	-0.910	-0.913	-0.909	-0.909	-0.909	-0.558	-0.908	-0.692	-0.692	-0.909	-0.912	-0.694	
rs4728374      +0.565	-0.719	-0.719	-0.719	+0.458	+0.458	+0.458	+0.566	+0.463	-0.718	+0.465	+0.573	+0.573	-0.519	-0.405	-0.181	-0.179	-0.171	-0.168	-0.179	-0.528	-0.121	-0.111	-0.581	-0.154	-0.135	-0.572	-0.575	-0.161	-0.163	-0.164	-0.166	-0.167	-0.168	-0.528	-0.718	-0.173	-0.778	-0.696	-0.698	-0.812	-0.189	-0.690	-0.676	-0.145	-0.258	-0.505	-0.515	-0.390	-0.383	-0.382	-0.382	-0.749	-0.371	-0.377	-0.417	-0.415	-0.414	-0.010	-0.821	-0.039	-0.013	-0.036	+0.051	-0.751	+0.052	-0.384	-0.386	-0.387	-0.387	-0.419	-0.833	-0.361	-0.419	-0.768	-0.829	-0.726	-0.729	-0.595	-0.570	-0.571	-0.669	-0.571	-0.576	-0.572	-0.606	-0.621	-0.542	-0.624	-0.620	-0.620	-0.619	-0.620	-0.626	-0.620	-0.647	-0.594	-0.649	-0.651	-0.648	-0.556	-0.692	-0.688	-0.680	-0.714	-0.680	-0.682	-0.694	-0.680	-0.201	-0.733	-0.734	-0.240	-0.243	-0.240	-0.224	-0.233	-0.507	-0.447	-0.874	-0.494	-0.646	-0.766	-0.749	-0.750	-0.705	-0.731	-0.768	-0.756	-0.749	-0.735	-0.472	-0.714	-0.715	-0.712	-0.709	-0.459	-0.904	-0.658	-0.910	-0.912	-0.671	-0.912	-0.685	-0.915	-0.916	-0.690	-0.918	-0.692	-0.913	-0.918	-0.689	-0.918	-0.693	-0.693	-0.914	-0.918	-0.914	-0.914	-0.914	-0.562	-0.912	-0.696	-0.696	-0.913	-0.916	-0.699	
rs67839050     +0.388	-0.772	-0.772	-0.772	+0.281	+0.281	+0.281	+0.389	+0.286	-0.772	+0.288	+0.395	+0.396	-0.169	-0.181	-0.472	-0.597	-0.595	-0.594	-0.599	-0.219	-0.575	-0.569	-0.250	-0.597	-0.592	-0.213	-0.221	-0.603	-0.605	-0.605	-0.606	-0.608	-0.608	-0.160	-0.775	-0.516	-0.793	-0.781	-0.780	-0.912	-0.524	-0.789	-0.798	-0.492	-0.562	-0.703	-0.710	-0.609	-0.604	-0.604	-0.604	-0.777	-0.594	-0.599	-0.629	-0.627	-0.627	-0.359	-0.845	-0.379	-0.360	-0.377	-0.312	-0.770	-0.310	-0.602	-0.604	-0.605	-0.605	-0.629	-0.822	-0.584	-0.629	-0.882	-0.832	-0.782	-0.782	-0.648	-0.625	-0.625	-0.724	-0.626	-0.630	-0.626	-0.657	-0.677	-0.596	-0.679	-0.674	-0.674	-0.674	-0.674	-0.682	-0.674	-0.701	-0.644	-0.702	-0.705	-0.701	-0.606	-0.736	-0.743	-0.735	-0.665	-0.735	-0.737	-0.750	-0.735	-0.058	-0.795	-0.796	-0.105	-0.109	-0.105	-0.086	-0.096	-0.549	-0.486	-0.939	-0.536	-0.681	-0.803	-0.785	-0.785	-0.747	-0.765	-0.805	-0.792	-0.785	-0.769	-0.507	-0.747	-0.747	-0.745	-0.742	-0.495	-0.966	-0.691	-0.971	-0.974	-0.705	-0.973	-0.720	-0.977	-0.977	-0.725	-0.979	-0.728	-0.977	-0.979	-0.706	-0.979	-0.728	-0.729	-0.978	-0.979	-0.978	-0.978	-0.978	-0.628	-0.975	-0.731	-0.732	-0.977	-0.977	-0.735	
rs73164964     +0.388	-0.772	-0.772	-0.772	+0.281	+0.281	+0.281	+0.389	+0.286	-0.772	+0.288	+0.395	+0.396	-0.168	-0.179	-0.597	-0.472	-0.595	-0.594	-0.599	-0.218	-0.575	-0.569	-0.249	-0.597	-0.592	-0.212	-0.219	-0.603	-0.604	-0.605	-0.606	-0.607	-0.608	-0.159	-0.774	-0.515	-0.793	-0.781	-0.779	-0.912	-0.523	-0.789	-0.797	-0.492	-0.561	-0.702	-0.710	-0.608	-0.604	-0.604	-0.603	-0.776	-0.594	-0.599	-0.629	-0.627	-0.627	-0.358	-0.845	-0.379	-0.360	-0.377	-0.311	-0.770	-0.310	-0.602	-0.604	-0.604	-0.605	-0.629	-0.821	-0.584	-0.628	-0.881	-0.831	-0.782	-0.782	-0.648	-0.625	-0.625	-0.723	-0.625	-0.630	-0.626	-0.657	-0.676	-0.595	-0.678	-0.674	-0.674	-0.674	-0.674	-0.681	-0.674	-0.700	-0.644	-0.701	-0.704	-0.701	-0.606	-0.735	-0.743	-0.734	-0.664	-0.735	-0.736	-0.749	-0.735	-0.058	-0.795	-0.795	-0.104	-0.108	-0.104	-0.085	-0.096	-0.549	-0.486	-0.939	-0.535	-0.681	-0.803	-0.784	-0.785	-0.746	-0.764	-0.805	-0.792	-0.784	-0.768	-0.507	-0.746	-0.747	-0.744	-0.741	-0.494	-0.966	-0.690	-0.971	-0.973	-0.704	-0.973	-0.719	-0.976	-0.977	-0.725	-0.978	-0.727	-0.977	-0.979	-0.705	-0.979	-0.728	-0.728	-0.977	-0.978	-0.977	-0.977	-0.977	-0.628	-0.975	-0.731	-0.731	-0.977	-0.976	-0.734	
rs7794446      +0.389	-0.769	-0.769	-0.769	+0.282	+0.282	+0.282	+0.390	+0.287	-0.769	+0.289	+0.396	+0.396	-0.159	-0.171	-0.595	-0.595	-0.469	-0.593	-0.596	-0.209	-0.576	-0.571	-0.241	-0.596	-0.591	-0.203	-0.211	-0.601	-0.603	-0.603	-0.604	-0.606	-0.606	-0.150	-0.771	-0.513	-0.789	-0.777	-0.775	-0.908	-0.521	-0.785	-0.793	-0.490	-0.559	-0.700	-0.707	-0.606	-0.602	-0.601	-0.601	-0.772	-0.592	-0.597	-0.626	-0.624	-0.624	-0.356	-0.841	-0.377	-0.358	-0.375	-0.310	-0.766	-0.308	-0.599	-0.601	-0.602	-0.602	-0.626	-0.817	-0.581	-0.626	-0.878	-0.827	-0.779	-0.779	-0.644	-0.621	-0.622	-0.720	-0.622	-0.626	-0.622	-0.654	-0.673	-0.592	-0.675	-0.671	-0.671	-0.671	-0.671	-0.678	-0.671	-0.697	-0.641	-0.698	-0.701	-0.698	-0.602	-0.732	-0.740	-0.731	-0.660	-0.732	-0.733	-0.746	-0.732	-0.053	-0.792	-0.792	-0.100	-0.104	-0.100	-0.081	-0.091	-0.546	-0.483	-0.936	-0.532	-0.678	-0.800	-0.781	-0.781	-0.743	-0.761	-0.801	-0.789	-0.781	-0.765	-0.504	-0.743	-0.743	-0.741	-0.738	-0.491	-0.963	-0.687	-0.968	-0.970	-0.701	-0.969	-0.716	-0.973	-0.974	-0.721	-0.975	-0.724	-0.974	-0.975	-0.702	-0.975	-0.725	-0.725	-0.974	-0.975	-0.974	-0.974	-0.974	-0.625	-0.972	-0.728	-0.728	-0.974	-0.973	-0.731	
rs58487478     +0.389	-0.768	-0.768	-0.768	+0.282	+0.282	+0.282	+0.390	+0.287	-0.767	+0.289	+0.396	+0.396	-0.156	-0.168	-0.594	-0.594	-0.593	-0.467	-0.595	-0.206	-0.576	-0.572	-0.237	-0.596	-0.591	-0.200	-0.208	-0.601	-0.602	-0.602	-0.603	-0.605	-0.605	-0.146	-0.770	-0.513	-0.788	-0.776	-0.774	-0.907	-0.521	-0.783	-0.792	-0.489	-0.558	-0.699	-0.706	-0.605	-0.601	-0.600	-0.600	-0.771	-0.591	-0.596	-0.625	-0.623	-0.623	-0.356	-0.839	-0.376	-0.358	-0.374	-0.309	-0.765	-0.307	-0.598	-0.600	-0.601	-0.602	-0.625	-0.816	-0.580	-0.625	-0.877	-0.826	-0.778	-0.777	-0.643	-0.620	-0.621	-0.719	-0.621	-0.625	-0.621	-0.653	-0.672	-0.591	-0.674	-0.670	-0.670	-0.670	-0.670	-0.677	-0.670	-0.696	-0.640	-0.697	-0.700	-0.696	-0.601	-0.731	-0.738	-0.730	-0.659	-0.731	-0.732	-0.745	-0.731	-0.052	-0.791	-0.791	-0.099	-0.102	-0.099	-0.079	-0.090	-0.544	-0.481	-0.935	-0.531	-0.676	-0.798	-0.780	-0.780	-0.742	-0.760	-0.800	-0.787	-0.780	-0.764	-0.502	-0.742	-0.742	-0.739	-0.737	-0.490	-0.962	-0.686	-0.966	-0.969	-0.700	-0.968	-0.715	-0.972	-0.972	-0.720	-0.974	-0.723	-0.972	-0.974	-0.700	-0.974	-0.723	-0.724	-0.973	-0.974	-0.973	-0.973	-0.973	-0.623	-0.971	-0.726	-0.727	-0.973	-0.972	-0.730	
rs7781558      +0.388	-0.772	-0.772	-0.772	+0.281	+0.281	+0.281	+0.389	+0.286	-0.772	+0.288	+0.395	+0.395	-0.167	-0.179	-0.599	-0.599	-0.596	-0.595	-0.472	-0.216	-0.575	-0.569	-0.248	-0.597	-0.591	-0.211	-0.218	-0.603	-0.604	-0.605	-0.606	-0.607	-0.608	-0.157	-0.774	-0.516	-0.793	-0.781	-0.779	-0.912	-0.524	-0.789	-0.797	-0.492	-0.561	-0.703	-0.710	-0.608	-0.604	-0.604	-0.604	-0.776	-0.594	-0.599	-0.629	-0.627	-0.627	-0.359	-0.845	-0.379	-0.360	-0.377	-0.312	-0.770	-0.310	-0.602	-0.604	-0.605	-0.605	-0.629	-0.822	-0.584	-0.628	-0.881	-0.831	-0.782	-0.782	-0.648	-0.625	-0.625	-0.723	-0.625	-0.630	-0.626	-0.657	-0.677	-0.595	-0.678	-0.674	-0.674	-0.674	-0.674	-0.681	-0.674	-0.700	-0.644	-0.702	-0.704	-0.701	-0.606	-0.735	-0.743	-0.734	-0.664	-0.735	-0.736	-0.750	-0.735	-0.058	-0.795	-0.795	-0.104	-0.108	-0.105	-0.085	-0.096	-0.549	-0.486	-0.939	-0.535	-0.681	-0.803	-0.784	-0.785	-0.746	-0.764	-0.805	-0.792	-0.784	-0.768	-0.507	-0.746	-0.747	-0.744	-0.741	-0.494	-0.966	-0.690	-0.971	-0.973	-0.704	-0.973	-0.719	-0.976	-0.977	-0.725	-0.979	-0.727	-0.977	-0.979	-0.705	-0.979	-0.728	-0.728	-0.977	-0.979	-0.977	-0.977	-0.977	-0.628	-0.975	-0.731	-0.731	-0.977	-0.977	-0.734	
rs7786625      +0.551	-0.734	-0.734	-0.733	+0.444	+0.444	+0.444	+0.553	+0.449	-0.733	+0.451	+0.559	+0.559	-0.522	-0.528	-0.219	-0.218	-0.209	-0.206	-0.216	-0.420	-0.159	-0.149	-0.590	-0.191	-0.172	-0.578	-0.581	-0.198	-0.200	-0.201	-0.202	-0.204	-0.204	-0.525	-0.733	-0.196	-0.793	-0.714	-0.717	-0.829	-0.211	-0.709	-0.696	-0.168	-0.280	-0.524	-0.534	-0.409	-0.402	-0.402	-0.401	-0.765	-0.391	-0.397	-0.436	-0.434	-0.434	-0.033	-0.837	-0.062	-0.035	-0.058	+0.028	-0.767	+0.029	-0.403	-0.405	-0.406	-0.407	-0.438	-0.849	-0.380	-0.437	-0.786	-0.845	-0.741	-0.744	-0.610	-0.585	-0.586	-0.684	-0.586	-0.591	-0.587	-0.621	-0.636	-0.557	-0.639	-0.634	-0.634	-0.634	-0.635	-0.641	-0.635	-0.662	-0.609	-0.664	-0.666	-0.663	-0.570	-0.707	-0.702	-0.694	-0.727	-0.695	-0.696	-0.709	-0.695	-0.211	-0.748	-0.749	-0.250	-0.253	-0.250	-0.234	-0.243	-0.522	-0.462	-0.889	-0.509	-0.661	-0.780	-0.764	-0.764	-0.719	-0.745	-0.782	-0.770	-0.763	-0.749	-0.486	-0.728	-0.729	-0.726	-0.723	-0.474	-0.919	-0.672	-0.925	-0.927	-0.685	-0.926	-0.699	-0.930	-0.930	-0.704	-0.933	-0.707	-0.928	-0.933	-0.703	-0.933	-0.707	-0.707	-0.929	-0.933	-0.929	-0.929	-0.929	-0.577	-0.927	-0.710	-0.710	-0.928	-0.931	-0.713	
rs4732165      +0.393	-0.750	-0.750	-0.750	+0.287	+0.287	+0.287	+0.394	+0.292	-0.750	+0.294	+0.400	+0.400	-0.109	-0.121	-0.575	-0.575	-0.576	-0.576	-0.575	-0.159	-0.448	-0.569	-0.193	-0.579	-0.581	-0.155	-0.162	-0.582	-0.583	-0.583	-0.584	-0.585	-0.585	-0.097	-0.752	-0.501	-0.766	-0.754	-0.752	-0.888	-0.509	-0.762	-0.771	-0.478	-0.546	-0.684	-0.691	-0.590	-0.586	-0.585	-0.585	-0.749	-0.576	-0.581	-0.610	-0.608	-0.608	-0.345	-0.817	-0.365	-0.346	-0.363	-0.298	-0.743	-0.297	-0.584	-0.586	-0.586	-0.587	-0.610	-0.792	-0.566	-0.610	-0.858	-0.803	-0.759	-0.759	-0.624	-0.602	-0.602	-0.700	-0.602	-0.607	-0.603	-0.634	-0.654	-0.572	-0.655	-0.651	-0.651	-0.651	-0.651	-0.658	-0.651	-0.677	-0.621	-0.679	-0.681	-0.678	-0.583	-0.712	-0.720	-0.711	-0.637	-0.712	-0.714	-0.727	-0.712	-0.028	-0.772	-0.773	-0.075	-0.079	-0.075	-0.055	-0.066	-0.526	-0.463	-0.917	-0.512	-0.658	-0.780	-0.761	-0.761	-0.723	-0.741	-0.781	-0.769	-0.761	-0.745	-0.484	-0.723	-0.723	-0.721	-0.718	-0.471	-0.943	-0.667	-0.948	-0.951	-0.681	-0.950	-0.696	-0.954	-0.954	-0.701	-0.956	-0.704	-0.954	-0.956	-0.681	-0.956	-0.705	-0.705	-0.955	-0.956	-0.955	-0.955	-0.955	-0.605	-0.953	-0.708	-0.708	-0.955	-0.954	-0.711	
rs17168537     +0.394	-0.746	-0.746	-0.746	+0.288	+0.288	+0.288	+0.395	+0.293	-0.746	+0.295	+0.401	+0.401	-0.099	-0.111	-0.569	-0.569	-0.571	-0.572	-0.569	-0.149	-0.569	-0.444	-0.184	-0.574	-0.577	-0.145	-0.152	-0.576	-0.577	-0.577	-0.577	-0.579	-0.579	-0.087	-0.748	-0.499	-0.761	-0.749	-0.747	-0.884	-0.506	-0.757	-0.767	-0.475	-0.543	-0.680	-0.687	-0.587	-0.583	-0.582	-0.582	-0.744	-0.573	-0.578	-0.607	-0.605	-0.605	-0.342	-0.812	-0.362	-0.344	-0.360	-0.295	-0.738	-0.294	-0.581	-0.582	-0.583	-0.584	-0.607	-0.787	-0.563	-0.607	-0.853	-0.798	-0.755	-0.755	-0.620	-0.597	-0.598	-0.696	-0.598	-0.602	-0.598	-0.630	-0.649	-0.568	-0.651	-0.647	-0.647	-0.647	-0.647	-0.654	-0.647	-0.673	-0.617	-0.674	-0.677	-0.674	-0.579	-0.708	-0.716	-0.707	-0.632	-0.708	-0.709	-0.723	-0.708	-0.022	-0.768	-0.769	-0.069	-0.073	-0.069	-0.050	-0.060	-0.521	-0.458	-0.912	-0.508	-0.653	-0.776	-0.757	-0.757	-0.719	-0.737	-0.777	-0.765	-0.757	-0.741	-0.479	-0.719	-0.719	-0.717	-0.714	-0.467	-0.939	-0.663	-0.944	-0.947	-0.677	-0.946	-0.692	-0.950	-0.950	-0.697	-0.952	-0.700	-0.950	-0.952	-0.677	-0.952	-0.701	-0.701	-0.951	-0.952	-0.951	-0.951	-0.951	-0.601	-0.948	-0.704	-0.704	-0.950	-0.950	-0.707	
rs17168541     +0.515	-0.726	-0.726	-0.726	+0.409	+0.409	+0.409	+0.517	+0.414	-0.725	+0.416	+0.523	+0.523	-0.578	-0.581	-0.250	-0.249	-0.241	-0.237	-0.248	-0.590	-0.193	-0.184	-0.412	-0.223	-0.205	-0.527	-0.530	-0.229	-0.231	-0.232	-0.234	-0.235	-0.236	-0.577	-0.725	-0.181	-0.792	-0.700	-0.703	-0.828	-0.197	-0.694	-0.681	-0.153	-0.266	-0.533	-0.543	-0.421	-0.414	-0.413	-0.413	-0.754	-0.403	-0.409	-0.446	-0.443	-0.443	-0.016	-0.826	-0.045	-0.019	-0.041	+0.046	-0.756	+0.047	-0.413	-0.415	-0.416	-0.416	-0.447	-0.839	-0.390	-0.446	-0.774	-0.835	-0.733	-0.736	-0.603	-0.579	-0.579	-0.677	-0.579	-0.584	-0.580	-0.614	-0.630	-0.550	-0.632	-0.628	-0.628	-0.628	-0.628	-0.635	-0.628	-0.656	-0.602	-0.657	-0.659	-0.656	-0.564	-0.700	-0.695	-0.687	-0.721	-0.688	-0.689	-0.701	-0.688	-0.206	-0.741	-0.741	-0.245	-0.248	-0.245	-0.229	-0.238	-0.520	-0.460	-0.883	-0.506	-0.656	-0.775	-0.758	-0.758	-0.714	-0.740	-0.777	-0.765	-0.758	-0.744	-0.483	-0.723	-0.724	-0.721	-0.718	-0.471	-0.913	-0.667	-0.917	-0.920	-0.681	-0.919	-0.694	-0.923	-0.923	-0.699	-0.925	-0.702	-0.920	-0.925	-0.698	-0.925	-0.702	-0.702	-0.921	-0.925	-0.921	-0.921	-0.921	-0.572	-0.919	-0.705	-0.705	-0.920	-0.923	-0.708	
rs1994464      +0.390	-0.762	-0.762	-0.762	+0.284	+0.284	+0.284	+0.391	+0.289	-0.761	+0.291	+0.397	+0.398	-0.142	-0.154	-0.597	-0.597	-0.596	-0.596	-0.597	-0.191	-0.579	-0.574	-0.223	-0.461	-0.584	-0.183	-0.190	-0.590	-0.591	-0.592	-0.593	-0.594	-0.594	-0.127	-0.764	-0.509	-0.780	-0.768	-0.766	-0.900	-0.517	-0.776	-0.785	-0.485	-0.554	-0.694	-0.701	-0.600	-0.595	-0.595	-0.595	-0.763	-0.586	-0.591	-0.620	-0.618	-0.618	-0.352	-0.831	-0.372	-0.354	-0.370	-0.305	-0.757	-0.304	-0.593	-0.595	-0.596	-0.596	-0.620	-0.807	-0.575	-0.620	-0.870	-0.817	-0.771	-0.771	-0.637	-0.614	-0.614	-0.712	-0.614	-0.619	-0.615	-0.646	-0.666	-0.584	-0.667	-0.663	-0.663	-0.663	-0.663	-0.670	-0.663	-0.689	-0.633	-0.691	-0.693	-0.690	-0.595	-0.724	-0.732	-0.723	-0.651	-0.724	-0.725	-0.739	-0.724	-0.044	-0.784	-0.784	-0.091	-0.095	-0.091	-0.072	-0.082	-0.538	-0.475	-0.928	-0.524	-0.670	-0.792	-0.773	-0.774	-0.735	-0.753	-0.793	-0.781	-0.773	-0.757	-0.496	-0.735	-0.735	-0.733	-0.730	-0.483	-0.955	-0.679	-0.960	-0.963	-0.693	-0.962	-0.708	-0.966	-0.966	-0.713	-0.968	-0.716	-0.966	-0.968	-0.694	-0.968	-0.717	-0.717	-0.967	-0.968	-0.967	-0.966	-0.966	-0.617	-0.964	-0.720	-0.720	-0.966	-0.966	-0.723	
rs10244931     +0.392	-0.754	-0.754	-0.754	+0.286	+0.286	+0.286	+0.393	+0.291	-0.754	+0.293	+0.399	+0.400	-0.123	-0.135	-0.592	-0.592	-0.591	-0.591	-0.591	-0.172	-0.581	-0.577	-0.205	-0.584	-0.452	-0.165	-0.172	-0.584	-0.586	-0.585	-0.586	-0.587	-0.588	-0.107	-0.756	-0.504	-0.770	-0.758	-0.757	-0.892	-0.511	-0.767	-0.776	-0.480	-0.548	-0.687	-0.694	-0.593	-0.589	-0.589	-0.588	-0.754	-0.579	-0.584	-0.613	-0.612	-0.611	-0.347	-0.821	-0.367	-0.349	-0.365	-0.300	-0.747	-0.299	-0.587	-0.589	-0.589	-0.590	-0.614	-0.797	-0.569	-0.613	-0.862	-0.807	-0.763	-0.763	-0.629	-0.606	-0.606	-0.704	-0.606	-0.611	-0.607	-0.638	-0.658	-0.576	-0.659	-0.655	-0.655	-0.655	-0.655	-0.662	-0.655	-0.681	-0.625	-0.683	-0.685	-0.682	-0.587	-0.716	-0.724	-0.715	-0.642	-0.716	-0.718	-0.731	-0.716	-0.034	-0.776	-0.777	-0.081	-0.085	-0.081	-0.061	-0.072	-0.530	-0.467	-0.920	-0.516	-0.662	-0.784	-0.765	-0.766	-0.727	-0.745	-0.786	-0.773	-0.765	-0.749	-0.488	-0.727	-0.728	-0.725	-0.722	-0.475	-0.947	-0.671	-0.952	-0.955	-0.685	-0.954	-0.700	-0.958	-0.958	-0.706	-0.960	-0.708	-0.958	-0.960	-0.685	-0.960	-0.709	-0.709	-0.959	-0.960	-0.959	-0.959	-0.959	-0.609	-0.956	-0.712	-0.712	-0.958	-0.958	-0.715	
rs6963681      +0.528	-0.711	-0.711	-0.711	+0.422	+0.422	+0.422	+0.530	+0.427	-0.711	+0.429	+0.536	+0.536	-0.570	-0.572	-0.213	-0.212	-0.203	-0.200	-0.211	-0.578	-0.155	-0.145	-0.527	-0.183	-0.165	-0.396	-0.514	-0.189	-0.191	-0.192	-0.193	-0.195	-0.195	-0.566	-0.711	-0.156	-0.776	-0.681	-0.683	-0.810	-0.172	-0.674	-0.660	-0.128	-0.242	-0.515	-0.525	-0.402	-0.395	-0.395	-0.395	-0.738	-0.384	-0.390	-0.427	-0.425	-0.424	+0.008	-0.809	-0.021	+0.006	-0.016	+0.071	-0.740	+0.072	-0.394	-0.396	-0.397	-0.398	-0.428	-0.823	-0.371	-0.428	-0.755	-0.818	-0.718	-0.721	-0.588	-0.563	-0.564	-0.662	-0.564	-0.569	-0.565	-0.599	-0.614	-0.535	-0.617	-0.613	-0.613	-0.613	-0.613	-0.619	-0.613	-0.640	-0.587	-0.642	-0.644	-0.641	-0.549	-0.685	-0.680	-0.672	-0.708	-0.673	-0.674	-0.686	-0.673	-0.196	-0.726	-0.726	-0.234	-0.238	-0.235	-0.218	-0.228	-0.505	-0.445	-0.868	-0.492	-0.641	-0.760	-0.744	-0.744	-0.699	-0.726	-0.762	-0.751	-0.744	-0.729	-0.469	-0.708	-0.709	-0.707	-0.704	-0.457	-0.898	-0.653	-0.902	-0.905	-0.666	-0.904	-0.680	-0.908	-0.908	-0.685	-0.910	-0.688	-0.905	-0.910	-0.684	-0.910	-0.688	-0.688	-0.906	-0.910	-0.906	-0.906	-0.905	-0.556	-0.904	-0.691	-0.691	-0.905	-0.908	-0.694	
rs6467620      +0.526	-0.715	-0.715	-0.715	+0.419	+0.420	+0.420	+0.527	+0.425	-0.714	+0.426	+0.533	+0.533	-0.572	-0.575	-0.221	-0.219	-0.211	-0.208	-0.218	-0.581	-0.162	-0.152	-0.530	-0.190	-0.172	-0.514	-0.400	-0.197	-0.199	-0.199	-0.201	-0.202	-0.203	-0.568	-0.714	-0.162	-0.779	-0.684	-0.687	-0.814	-0.178	-0.678	-0.664	-0.134	-0.248	-0.519	-0.529	-0.407	-0.400	-0.399	-0.399	-0.741	-0.388	-0.394	-0.431	-0.429	-0.429	+0.003	-0.813	-0.027	+0.000	-0.022	+0.065	-0.743	+0.067	-0.398	-0.401	-0.401	-0.402	-0.432	-0.826	-0.376	-0.432	-0.759	-0.821	-0.722	-0.725	-0.591	-0.567	-0.567	-0.665	-0.567	-0.572	-0.568	-0.602	-0.618	-0.538	-0.620	-0.616	-0.616	-0.616	-0.616	-0.623	-0.616	-0.644	-0.590	-0.645	-0.648	-0.645	-0.552	-0.688	-0.684	-0.676	-0.711	-0.676	-0.678	-0.690	-0.676	-0.198	-0.729	-0.729	-0.237	-0.240	-0.237	-0.221	-0.230	-0.508	-0.449	-0.871	-0.495	-0.644	-0.764	-0.747	-0.747	-0.702	-0.729	-0.766	-0.754	-0.747	-0.732	-0.472	-0.712	-0.713	-0.710	-0.707	-0.460	-0.901	-0.656	-0.906	-0.909	-0.670	-0.907	-0.683	-0.911	-0.912	-0.688	-0.914	-0.691	-0.908	-0.914	-0.687	-0.914	-0.691	-0.691	-0.909	-0.914	-0.909	-0.909	-0.909	-0.560	-0.907	-0.694	-0.694	-0.908	-0.912	-0.697	
rs755348       +0.390	-0.764	-0.764	-0.764	+0.284	+0.284	+0.284	+0.391	+0.289	-0.764	+0.290	+0.397	+0.398	-0.149	-0.161	-0.603	-0.603	-0.601	-0.601	-0.603	-0.198	-0.582	-0.576	-0.229	-0.590	-0.584	-0.189	-0.197	-0.463	-0.588	-0.589	-0.589	-0.590	-0.590	-0.131	-0.766	-0.510	-0.782	-0.771	-0.769	-0.902	-0.518	-0.779	-0.788	-0.487	-0.556	-0.696	-0.703	-0.602	-0.598	-0.597	-0.597	-0.766	-0.588	-0.593	-0.622	-0.621	-0.620	-0.353	-0.834	-0.374	-0.355	-0.372	-0.307	-0.760	-0.305	-0.596	-0.598	-0.598	-0.599	-0.622	-0.810	-0.578	-0.622	-0.872	-0.820	-0.774	-0.773	-0.640	-0.617	-0.617	-0.715	-0.618	-0.622	-0.618	-0.649	-0.669	-0.588	-0.670	-0.666	-0.666	-0.666	-0.666	-0.673	-0.666	-0.692	-0.636	-0.694	-0.696	-0.693	-0.598	-0.727	-0.735	-0.726	-0.654	-0.727	-0.728	-0.742	-0.727	-0.047	-0.787	-0.787	-0.094	-0.098	-0.094	-0.075	-0.085	-0.541	-0.478	-0.931	-0.527	-0.672	-0.795	-0.776	-0.776	-0.738	-0.756	-0.796	-0.784	-0.776	-0.760	-0.499	-0.738	-0.738	-0.736	-0.733	-0.486	-0.958	-0.682	-0.963	-0.965	-0.696	-0.965	-0.711	-0.968	-0.969	-0.716	-0.970	-0.719	-0.969	-0.971	-0.696	-0.971	-0.720	-0.720	-0.969	-0.970	-0.969	-0.969	-0.969	-0.619	-0.967	-0.723	-0.723	-0.969	-0.968	-0.726	
rs736151       +0.390	-0.765	-0.765	-0.765	+0.284	+0.284	+0.284	+0.391	+0.289	-0.765	+0.291	+0.397	+0.398	-0.151	-0.163	-0.605	-0.604	-0.603	-0.602	-0.604	-0.200	-0.583	-0.577	-0.231	-0.591	-0.586	-0.191	-0.199	-0.588	-0.464	-0.589	-0.589	-0.590	-0.590	-0.133	-0.767	-0.511	-0.783	-0.772	-0.770	-0.903	-0.519	-0.779	-0.788	-0.487	-0.556	-0.697	-0.704	-0.603	-0.599	-0.598	-0.598	-0.767	-0.589	-0.594	-0.623	-0.621	-0.621	-0.354	-0.834	-0.374	-0.356	-0.372	-0.307	-0.761	-0.306	-0.597	-0.598	-0.599	-0.600	-0.623	-0.811	-0.579	-0.623	-0.873	-0.821	-0.774	-0.774	-0.640	-0.618	-0.618	-0.716	-0.618	-0.623	-0.619	-0.650	-0.670	-0.588	-0.671	-0.667	-0.667	-0.667	-0.667	-0.674	-0.667	-0.693	-0.637	-0.694	-0.697	-0.694	-0.599	-0.728	-0.736	-0.727	-0.655	-0.728	-0.729	-0.742	-0.728	-0.048	-0.788	-0.788	-0.095	-0.099	-0.095	-0.076	-0.086	-0.542	-0.479	-0.932	-0.528	-0.673	-0.795	-0.777	-0.777	-0.739	-0.757	-0.797	-0.784	-0.777	-0.761	-0.499	-0.738	-0.739	-0.736	-0.734	-0.487	-0.959	-0.683	-0.963	-0.966	-0.697	-0.965	-0.712	-0.969	-0.969	-0.717	-0.971	-0.720	-0.970	-0.971	-0.697	-0.971	-0.720	-0.720	-0.970	-0.971	-0.970	-0.970	-0.970	-0.620	-0.968	-0.723	-0.724	-0.970	-0.969	-0.726	
rs736152       +0.390	-0.765	-0.765	-0.765	+0.284	+0.284	+0.284	+0.391	+0.289	-0.765	+0.291	+0.397	+0.398	-0.152	-0.164	-0.605	-0.605	-0.603	-0.602	-0.605	-0.201	-0.583	-0.577	-0.232	-0.592	-0.585	-0.192	-0.199	-0.589	-0.589	-0.465	-0.589	-0.590	-0.590	-0.134	-0.767	-0.511	-0.783	-0.772	-0.770	-0.903	-0.519	-0.780	-0.789	-0.487	-0.556	-0.697	-0.704	-0.603	-0.599	-0.598	-0.598	-0.767	-0.589	-0.594	-0.623	-0.621	-0.621	-0.354	-0.835	-0.375	-0.356	-0.372	-0.307	-0.761	-0.306	-0.597	-0.599	-0.599	-0.600	-0.623	-0.811	-0.579	-0.623	-0.873	-0.821	-0.775	-0.774	-0.641	-0.618	-0.618	-0.716	-0.619	-0.623	-0.619	-0.650	-0.670	-0.589	-0.672	-0.667	-0.667	-0.667	-0.667	-0.675	-0.667	-0.693	-0.638	-0.695	-0.697	-0.694	-0.599	-0.728	-0.736	-0.727	-0.655	-0.728	-0.730	-0.743	-0.728	-0.049	-0.788	-0.788	-0.095	-0.099	-0.095	-0.076	-0.086	-0.542	-0.479	-0.932	-0.529	-0.674	-0.796	-0.777	-0.777	-0.739	-0.757	-0.797	-0.785	-0.777	-0.761	-0.500	-0.739	-0.739	-0.737	-0.734	-0.487	-0.959	-0.683	-0.964	-0.966	-0.697	-0.966	-0.712	-0.969	-0.970	-0.717	-0.971	-0.720	-0.970	-0.972	-0.697	-0.972	-0.721	-0.721	-0.970	-0.971	-0.970	-0.970	-0.970	-0.620	-0.968	-0.724	-0.724	-0.970	-0.969	-0.727	
rs60053453     +0.390	-0.766	-0.766	-0.766	+0.284	+0.284	+0.284	+0.391	+0.289	-0.766	+0.291	+0.397	+0.398	-0.154	-0.166	-0.606	-0.606	-0.604	-0.603	-0.606	-0.202	-0.584	-0.577	-0.234	-0.593	-0.586	-0.193	-0.201	-0.589	-0.589	-0.589	-0.465	-0.590	-0.590	-0.135	-0.768	-0.511	-0.784	-0.772	-0.771	-0.904	-0.519	-0.780	-0.789	-0.487	-0.557	-0.697	-0.704	-0.603	-0.599	-0.599	-0.599	-0.768	-0.589	-0.594	-0.624	-0.622	-0.622	-0.354	-0.835	-0.375	-0.356	-0.373	-0.307	-0.762	-0.306	-0.597	-0.599	-0.600	-0.600	-0.624	-0.812	-0.579	-0.623	-0.874	-0.822	-0.775	-0.775	-0.641	-0.619	-0.619	-0.717	-0.619	-0.624	-0.620	-0.651	-0.670	-0.589	-0.672	-0.668	-0.668	-0.668	-0.668	-0.675	-0.668	-0.694	-0.638	-0.695	-0.698	-0.695	-0.600	-0.729	-0.737	-0.728	-0.655	-0.729	-0.730	-0.743	-0.729	-0.049	-0.788	-0.789	-0.096	-0.100	-0.096	-0.077	-0.087	-0.543	-0.480	-0.933	-0.529	-0.674	-0.796	-0.778	-0.778	-0.740	-0.758	-0.798	-0.785	-0.778	-0.762	-0.500	-0.739	-0.740	-0.737	-0.735	-0.488	-0.959	-0.683	-0.964	-0.967	-0.698	-0.966	-0.712	-0.970	-0.970	-0.718	-0.972	-0.721	-0.970	-0.972	-0.698	-0.972	-0.721	-0.721	-0.971	-0.972	-0.971	-0.971	-0.971	-0.621	-0.968	-0.724	-0.724	-0.970	-0.970	-0.727	
rs1807305      +0.390	-0.766	-0.766	-0.766	+0.284	+0.284	+0.284	+0.392	+0.289	-0.766	+0.291	+0.398	+0.398	-0.155	-0.167	-0.608	-0.607	-0.606	-0.605	-0.607	-0.204	-0.585	-0.579	-0.235	-0.594	-0.587	-0.195	-0.202	-0.590	-0.590	-0.590	-0.590	-0.465	-0.590	-0.136	-0.768	-0.511	-0.784	-0.773	-0.771	-0.904	-0.519	-0.781	-0.790	-0.488	-0.557	-0.698	-0.705	-0.604	-0.600	-0.599	-0.599	-0.768	-0.590	-0.595	-0.624	-0.622	-0.622	-0.355	-0.835	-0.375	-0.356	-0.373	-0.308	-0.762	-0.306	-0.598	-0.599	-0.600	-0.601	-0.624	-0.812	-0.580	-0.624	-0.874	-0.822	-0.775	-0.775	-0.642	-0.619	-0.619	-0.717	-0.620	-0.624	-0.620	-0.651	-0.671	-0.590	-0.672	-0.668	-0.668	-0.668	-0.668	-0.675	-0.668	-0.694	-0.639	-0.696	-0.698	-0.695	-0.600	-0.729	-0.737	-0.728	-0.656	-0.729	-0.731	-0.744	-0.729	-0.049	-0.789	-0.789	-0.096	-0.100	-0.096	-0.077	-0.087	-0.543	-0.480	-0.933	-0.529	-0.675	-0.797	-0.778	-0.778	-0.740	-0.758	-0.798	-0.786	-0.778	-0.762	-0.501	-0.740	-0.740	-0.738	-0.735	-0.488	-0.960	-0.684	-0.965	-0.967	-0.698	-0.967	-0.713	-0.970	-0.971	-0.718	-0.972	-0.721	-0.971	-0.972	-0.698	-0.972	-0.722	-0.722	-0.971	-0.972	-0.971	-0.971	-0.971	-0.621	-0.969	-0.725	-0.725	-0.971	-0.970	-0.728	
