## Summary of overall evidence for association with region:
## log10(BF for region) = -0.560699
## p-value for region = NA

## BFs for choosing among multi-SNP models:
## log10(average 1-SNP BF) = -0.484515
## log10(average 2-SNP BF) = -0.770762

## Example posterior probabilities for multi-SNP models, based on default prior: [p(l) propto 0.5^l for l=1,2,...,L]
## posterior probability of 1-SNP = 0.794498
## posterior probability of 2-SNP = 0.205502

## log10(BF) for single SNP and pair of SNPs:
rs10773257     -0.515	-0.620	-0.546	-0.573	-0.653	-0.581	-0.992	-0.970	-0.988	-0.730	-0.967	-0.242	-0.993	-0.223	-0.993	-0.264	-0.981	-0.224	-0.958	-0.280	-0.279	-0.286	-0.965	-0.966	-0.966	-0.802	-0.982	-0.982	-0.981	-0.257	-0.985	-0.985	-0.689	-0.987	-0.984	-0.981	-0.983	-0.983	-0.070	-0.983	-0.982	-0.272	-0.979	-0.975	-0.075	-0.693	-0.740	-0.658	-0.950	-0.708	-0.695	-0.863	-0.962	-0.963	-0.962	-0.962	-0.965	-0.962	-0.949	-0.956	-0.955	-0.997	-0.950	-0.963	-0.949	-0.998	-0.799	-0.962	-0.997	-0.962	-0.954	-0.957	-0.994	-0.958	-0.959	-0.959	-0.957	-0.955	-0.879	-0.786	-0.839	-0.745	-0.947	-0.936	-0.850	-0.954	-0.849	-0.811	-0.942	-0.937	-0.954	-0.937	-0.955	-0.771	-0.939	-0.955	-0.956	-0.938	-0.955	-0.940	-0.930	-0.940	-0.940	-0.771	-0.956	-0.955	-0.942	-0.940	-0.845	-0.955	-0.952	-0.849	-0.956	-0.843	-0.942	-0.956	-0.956	-0.934	-0.767	-0.956	-0.809	-0.956	-0.956	-0.956	-0.612	-0.956	-0.939	-0.956	-0.939	-0.840	-0.942	-0.957	-0.941	-0.956	-0.956	-0.943	-0.758	-0.942	-0.765	-0.944	-0.944	-0.957	-0.822	-0.958	-0.822	-0.823	-0.947	-0.952	-0.949	-0.820	-0.947	-0.958	-0.947	-0.944	-0.946	-0.946	-0.950	-0.586	-0.579	-0.622	-0.962	-0.558	-0.746	-0.746	-0.580	-0.628	-0.597	-0.967	-0.624	-0.960	-0.650	-0.964	-0.961	-0.642	-0.962	-0.953	-0.895	-0.888	-0.887	-0.890	-0.893	-0.915	-0.901	-0.901	-0.901	-0.899	-0.905	-0.785	
rs73226958     -0.620	-0.157	-0.534	-0.541	-0.529	-0.305	-0.629	-0.644	-0.637	-0.432	-0.645	-0.021	-0.627	-0.000	-0.627	-0.035	-0.642	+0.009	-0.645	-0.047	-0.046	-0.054	-0.645	-0.645	-0.645	-0.527	-0.642	-0.642	-0.642	-0.014	-0.638	-0.638	-0.465	-0.635	-0.637	-0.639	-0.638	-0.637	+0.138	-0.637	-0.637	-0.024	-0.639	-0.640	+0.128	-0.341	-0.391	-0.314	-0.640	-0.357	-0.344	-0.549	-0.616	-0.605	-0.613	-0.614	-0.611	-0.612	-0.577	-0.595	-0.593	-0.665	-0.579	-0.604	-0.578	-0.667	-0.449	-0.604	-0.665	-0.603	-0.592	-0.605	-0.662	-0.604	-0.610	-0.609	-0.611	-0.612	-0.596	-0.494	-0.566	-0.463	-0.610	-0.609	-0.535	-0.621	-0.535	-0.500	-0.613	-0.609	-0.621	-0.609	-0.622	-0.463	-0.611	-0.622	-0.622	-0.610	-0.622	-0.611	-0.587	-0.612	-0.612	-0.463	-0.622	-0.622	-0.603	-0.612	-0.530	-0.622	-0.614	-0.535	-0.622	-0.529	-0.613	-0.622	-0.622	-0.590	-0.459	-0.622	-0.498	-0.622	-0.622	-0.622	-0.300	-0.622	-0.611	-0.622	-0.611	-0.527	-0.613	-0.622	-0.612	-0.622	-0.622	-0.614	-0.451	-0.613	-0.458	-0.614	-0.615	-0.623	-0.510	-0.623	-0.510	-0.511	-0.617	-0.621	-0.618	-0.508	-0.617	-0.623	-0.617	-0.614	-0.616	-0.616	-0.619	-0.286	-0.279	-0.320	-0.630	-0.259	-0.438	-0.438	-0.281	-0.325	-0.296	-0.635	-0.322	-0.629	-0.347	-0.632	-0.630	-0.339	-0.630	-0.634	-0.573	-0.568	-0.567	-0.570	-0.572	-0.592	-0.579	-0.579	-0.579	-0.577	-0.582	-0.489	
rs17489083     -0.546	-0.534	-0.636	-0.795	-0.864	-0.485	-1.108	-1.090	-1.106	-1.006	-1.087	-0.600	-1.109	-0.586	-1.109	-0.618	-1.100	-0.580	-1.080	-0.630	-0.629	-0.636	-1.086	-1.087	-1.087	-0.849	-1.100	-1.101	-1.100	-0.604	-1.102	-1.102	-0.707	-1.105	-1.102	-1.100	-1.101	-1.101	-0.457	-1.101	-1.100	-0.615	-1.097	-1.093	-0.461	-0.886	-0.924	-0.870	-1.084	-0.899	-0.889	-0.939	-1.075	-1.082	-1.078	-1.078	-1.082	-1.079	-1.076	-1.079	-1.079	-1.119	-1.077	-1.083	-1.077	-1.120	-0.965	-1.082	-1.118	-1.082	-1.078	-1.077	-1.115	-1.077	-1.075	-1.075	-1.071	-1.067	-0.913	-0.861	-0.859	-0.830	-1.058	-1.030	-0.928	-1.060	-0.927	-0.886	-1.037	-1.030	-1.060	-1.030	-1.062	-0.842	-1.033	-1.062	-1.064	-1.031	-1.063	-1.034	-1.060	-1.034	-1.034	-0.842	-1.063	-1.062	-1.061	-1.035	-0.922	-1.062	-1.069	-0.927	-1.063	-0.921	-1.038	-1.063	-1.063	-1.063	-0.837	-1.063	-0.883	-1.063	-1.064	-1.064	-0.661	-1.064	-1.033	-1.064	-1.033	-0.918	-1.038	-1.066	-1.036	-1.065	-1.065	-1.039	-0.827	-1.038	-0.836	-1.040	-1.040	-1.066	-0.897	-1.067	-0.898	-0.899	-1.045	-1.054	-1.049	-0.895	-1.046	-1.068	-1.046	-1.040	-1.045	-1.045	-1.051	-0.658	-0.650	-0.696	-1.061	-0.629	-0.827	-0.827	-0.653	-0.702	-0.670	-1.072	-0.698	-1.058	-0.726	-1.066	-1.060	-0.717	-1.063	-1.031	-1.004	-0.997	-0.996	-1.000	-1.002	-1.025	-1.012	-1.011	-1.011	-1.009	-1.016	-0.897	
rs11058584     -0.573	-0.541	-0.795	-0.636	-0.856	-0.487	-1.108	-1.090	-1.105	-1.003	-1.087	-0.589	-1.109	-0.575	-1.109	-0.607	-1.099	-0.570	-1.079	-0.619	-0.619	-0.626	-1.085	-1.086	-1.086	-0.849	-1.100	-1.100	-1.099	-0.597	-1.102	-1.102	-0.708	-1.104	-1.102	-1.099	-1.100	-1.100	-0.444	-1.100	-1.100	-0.607	-1.096	-1.093	-0.448	-0.883	-0.921	-0.867	-1.083	-0.896	-0.886	-0.940	-1.074	-1.081	-1.077	-1.077	-1.081	-1.078	-1.075	-1.078	-1.078	-1.118	-1.076	-1.082	-1.076	-1.119	-0.963	-1.082	-1.118	-1.081	-1.077	-1.076	-1.115	-1.076	-1.074	-1.074	-1.071	-1.066	-0.913	-0.861	-0.860	-0.829	-1.057	-1.029	-0.928	-1.060	-0.927	-0.886	-1.037	-1.030	-1.060	-1.029	-1.061	-0.842	-1.033	-1.062	-1.064	-1.031	-1.062	-1.034	-1.059	-1.034	-1.034	-0.842	-1.062	-1.061	-1.060	-1.034	-0.922	-1.062	-1.068	-0.927	-1.062	-0.921	-1.037	-1.063	-1.063	-1.062	-0.837	-1.063	-0.883	-1.063	-1.063	-1.063	-0.662	-1.063	-1.033	-1.063	-1.033	-0.917	-1.037	-1.066	-1.035	-1.065	-1.065	-1.039	-0.827	-1.037	-0.836	-1.039	-1.040	-1.066	-0.897	-1.066	-0.898	-0.899	-1.044	-1.053	-1.048	-0.895	-1.045	-1.067	-1.046	-1.039	-1.044	-1.044	-1.051	-0.658	-0.650	-0.696	-1.061	-0.629	-0.826	-0.826	-0.653	-0.702	-0.669	-1.071	-0.697	-1.057	-0.726	-1.066	-1.060	-0.717	-1.062	-1.031	-1.004	-0.996	-0.995	-0.999	-1.002	-1.025	-1.011	-1.011	-1.011	-1.009	-1.015	-0.896	
rs10847118     -0.653	-0.529	-0.864	-0.856	-0.639	-0.473	-1.112	-1.094	-1.109	-0.994	-1.091	-0.540	-1.113	-0.524	-1.113	-0.560	-1.103	-0.520	-1.083	-0.573	-0.573	-0.581	-1.090	-1.091	-1.090	-0.848	-1.104	-1.104	-1.104	-0.550	-1.106	-1.106	-0.705	-1.108	-1.106	-1.103	-1.104	-1.104	-0.381	-1.104	-1.104	-0.562	-1.101	-1.097	-0.388	-0.875	-0.914	-0.856	-1.083	-0.888	-0.877	-0.941	-1.076	-1.084	-1.080	-1.079	-1.084	-1.081	-1.078	-1.081	-1.081	-1.120	-1.079	-1.084	-1.078	-1.121	-0.957	-1.084	-1.119	-1.084	-1.079	-1.079	-1.116	-1.078	-1.077	-1.077	-1.073	-1.069	-0.910	-0.865	-0.855	-0.833	-1.059	-1.031	-0.932	-1.061	-0.931	-0.890	-1.038	-1.031	-1.061	-1.031	-1.063	-0.846	-1.034	-1.064	-1.066	-1.032	-1.064	-1.035	-1.061	-1.035	-1.035	-0.846	-1.064	-1.063	-1.063	-1.036	-0.926	-1.064	-1.070	-0.931	-1.064	-0.925	-1.039	-1.065	-1.065	-1.064	-0.842	-1.065	-0.887	-1.065	-1.065	-1.065	-0.666	-1.065	-1.034	-1.065	-1.034	-0.921	-1.039	-1.068	-1.037	-1.067	-1.067	-1.040	-0.831	-1.039	-0.840	-1.041	-1.042	-1.068	-0.901	-1.068	-0.902	-0.903	-1.046	-1.055	-1.050	-0.899	-1.047	-1.069	-1.048	-1.041	-1.046	-1.046	-1.053	-0.661	-0.654	-0.700	-1.062	-0.633	-0.830	-0.830	-0.656	-0.705	-0.673	-1.073	-0.701	-1.058	-0.729	-1.067	-1.061	-0.720	-1.064	-1.037	-1.006	-0.998	-0.998	-1.002	-1.004	-1.027	-1.013	-1.013	-1.013	-1.011	-1.018	-0.899	
rs16920373     -0.581	-0.305	-0.485	-0.487	-0.473	-0.112	-0.571	-0.593	-0.581	-0.372	-0.594	+0.049	-0.569	+0.071	-0.569	+0.036	-0.588	+0.080	-0.597	+0.023	+0.024	+0.016	-0.595	-0.595	-0.595	-0.482	-0.589	-0.589	-0.589	+0.052	-0.583	-0.583	-0.432	-0.580	-0.583	-0.585	-0.584	-0.583	+0.213	-0.583	-0.583	+0.041	-0.586	-0.588	+0.201	-0.287	-0.337	-0.258	-0.600	-0.303	-0.290	-0.509	-0.570	-0.557	-0.566	-0.567	-0.564	-0.566	-0.526	-0.545	-0.543	-0.624	-0.528	-0.556	-0.526	-0.626	-0.398	-0.556	-0.624	-0.555	-0.542	-0.557	-0.621	-0.556	-0.563	-0.562	-0.565	-0.566	-0.559	-0.462	-0.532	-0.432	-0.568	-0.567	-0.501	-0.579	-0.500	-0.466	-0.571	-0.568	-0.579	-0.568	-0.579	-0.430	-0.569	-0.579	-0.579	-0.568	-0.579	-0.570	-0.543	-0.570	-0.570	-0.430	-0.579	-0.579	-0.559	-0.570	-0.496	-0.579	-0.571	-0.500	-0.579	-0.495	-0.571	-0.579	-0.579	-0.546	-0.426	-0.579	-0.464	-0.579	-0.579	-0.579	-0.270	-0.579	-0.569	-0.579	-0.570	-0.492	-0.572	-0.579	-0.571	-0.579	-0.579	-0.572	-0.417	-0.571	-0.424	-0.573	-0.573	-0.580	-0.475	-0.580	-0.476	-0.476	-0.575	-0.578	-0.576	-0.473	-0.575	-0.580	-0.575	-0.573	-0.575	-0.575	-0.577	-0.256	-0.249	-0.289	-0.588	-0.229	-0.404	-0.404	-0.251	-0.294	-0.266	-0.592	-0.290	-0.587	-0.315	-0.590	-0.588	-0.308	-0.588	-0.594	-0.533	-0.529	-0.528	-0.531	-0.533	-0.552	-0.539	-0.539	-0.538	-0.537	-0.540	-0.450	
rs2191193      -0.992	-0.629	-1.108	-1.108	-1.112	-0.571	-0.634	-0.740	-0.818	-1.014	-0.720	-0.714	-0.770	-0.705	-0.770	-0.730	-0.786	-0.695	-0.685	-0.740	-0.740	-0.744	-0.716	-0.725	-0.727	-0.711	-0.808	-0.809	-0.807	-0.714	-0.835	-0.834	-0.530	-0.841	-0.835	-0.827	-0.832	-0.834	-0.598	-0.833	-0.832	-0.721	-0.823	-0.814	-0.596	-0.904	-0.939	-0.897	-1.090	-0.916	-0.907	-0.946	-1.058	-1.064	-1.062	-1.062	-1.065	-1.063	-1.056	-1.062	-1.061	-1.119	-1.057	-1.065	-1.057	-1.120	-0.974	-1.065	-1.118	-1.065	-1.060	-1.065	-1.115	-1.063	-1.062	-1.063	-1.059	-1.055	-0.942	-0.862	-0.893	-0.830	-1.058	-1.033	-0.928	-1.062	-0.928	-0.886	-1.040	-1.033	-1.062	-1.033	-1.064	-0.843	-1.036	-1.064	-1.066	-1.035	-1.064	-1.037	-1.060	-1.037	-1.038	-0.843	-1.065	-1.063	-1.062	-1.038	-0.923	-1.064	-1.069	-0.928	-1.065	-0.922	-1.041	-1.065	-1.065	-1.062	-0.838	-1.065	-0.884	-1.065	-1.065	-1.065	-0.664	-1.065	-1.036	-1.065	-1.037	-0.918	-1.041	-1.068	-1.039	-1.067	-1.067	-1.042	-0.828	-1.041	-0.836	-1.043	-1.043	-1.068	-0.898	-1.068	-0.899	-0.899	-1.047	-1.056	-1.051	-0.896	-1.049	-1.069	-1.049	-1.043	-1.047	-1.047	-1.053	-0.659	-0.651	-0.697	-1.068	-0.630	-0.827	-0.827	-0.654	-0.702	-0.670	-1.076	-0.698	-1.064	-0.726	-1.072	-1.066	-0.717	-1.069	-1.043	-1.003	-0.995	-0.994	-0.998	-1.001	-1.024	-1.010	-1.010	-1.010	-1.008	-1.014	-0.896	
rs10847119     -0.970	-0.644	-1.090	-1.090	-1.094	-0.593	-0.740	-0.615	-0.740	-0.976	-0.749	-0.652	-0.731	-0.643	-0.729	-0.670	-0.749	-0.633	-0.746	-0.680	-0.680	-0.685	-0.754	-0.757	-0.760	-0.771	-0.782	-0.782	-0.782	-0.652	-0.800	-0.800	-0.589	-0.794	-0.800	-0.805	-0.802	-0.801	-0.530	-0.802	-0.802	-0.660	-0.808	-0.810	-0.528	-0.872	-0.910	-0.863	-1.076	-0.886	-0.876	-0.922	-1.043	-1.045	-1.045	-1.045	-1.048	-1.046	-1.032	-1.040	-1.039	-1.102	-1.033	-1.046	-1.032	-1.103	-0.946	-1.045	-1.102	-1.045	-1.038	-1.046	-1.098	-1.045	-1.045	-1.045	-1.043	-1.040	-0.935	-0.843	-0.888	-0.815	-1.042	-1.020	-0.905	-1.047	-0.905	-0.864	-1.027	-1.021	-1.047	-1.021	-1.048	-0.820	-1.024	-1.049	-1.050	-1.022	-1.049	-1.025	-1.040	-1.025	-1.025	-0.820	-1.049	-1.048	-1.044	-1.025	-0.900	-1.049	-1.052	-0.905	-1.049	-0.899	-1.028	-1.050	-1.050	-1.043	-0.815	-1.050	-0.861	-1.050	-1.050	-1.050	-0.637	-1.050	-1.024	-1.050	-1.024	-0.895	-1.028	-1.052	-1.026	-1.051	-1.051	-1.029	-0.805	-1.028	-0.813	-1.030	-1.030	-1.052	-0.875	-1.052	-0.876	-0.877	-1.034	-1.042	-1.037	-0.873	-1.035	-1.053	-1.035	-1.030	-1.034	-1.034	-1.039	-0.642	-0.635	-0.680	-1.052	-0.614	-0.810	-0.810	-0.637	-0.686	-0.654	-1.060	-0.682	-1.049	-0.710	-1.056	-1.051	-0.701	-1.053	-1.031	-0.985	-0.977	-0.976	-0.980	-0.983	-1.006	-0.992	-0.992	-0.992	-0.990	-0.996	-0.881	
rs10847120     -0.988	-0.637	-1.106	-1.105	-1.109	-0.581	-0.818	-0.740	-0.631	-1.002	-0.720	-0.690	-0.816	-0.681	-0.815	-0.708	-0.781	-0.671	-0.693	-0.718	-0.717	-0.722	-0.723	-0.732	-0.736	-0.749	-0.806	-0.807	-0.806	-0.695	-0.829	-0.829	-0.549	-0.831	-0.829	-0.826	-0.828	-0.829	-0.571	-0.828	-0.828	-0.702	-0.825	-0.820	-0.570	-0.895	-0.931	-0.887	-1.089	-0.908	-0.898	-0.940	-1.057	-1.061	-1.060	-1.060	-1.063	-1.061	-1.051	-1.057	-1.057	-1.116	-1.052	-1.062	-1.051	-1.118	-0.967	-1.062	-1.116	-1.061	-1.056	-1.062	-1.113	-1.060	-1.060	-1.060	-1.057	-1.054	-0.945	-0.859	-0.896	-0.828	-1.056	-1.033	-0.923	-1.061	-0.923	-0.881	-1.040	-1.033	-1.061	-1.033	-1.062	-0.837	-1.036	-1.063	-1.064	-1.034	-1.063	-1.037	-1.056	-1.037	-1.037	-0.838	-1.063	-1.062	-1.059	-1.037	-0.917	-1.062	-1.067	-0.922	-1.063	-0.916	-1.040	-1.063	-1.063	-1.059	-0.833	-1.064	-0.878	-1.064	-1.064	-1.064	-0.656	-1.064	-1.036	-1.064	-1.036	-0.913	-1.040	-1.066	-1.039	-1.065	-1.065	-1.042	-0.823	-1.040	-0.831	-1.042	-1.043	-1.066	-0.892	-1.066	-0.893	-0.894	-1.047	-1.055	-1.050	-0.890	-1.048	-1.067	-1.048	-1.042	-1.047	-1.047	-1.052	-0.656	-0.649	-0.695	-1.066	-0.628	-0.824	-0.824	-0.651	-0.700	-0.668	-1.074	-0.696	-1.062	-0.724	-1.070	-1.065	-0.715	-1.067	-1.043	-1.000	-0.992	-0.991	-0.995	-0.998	-1.021	-1.007	-1.007	-1.007	-1.005	-1.011	-0.894	
rs7978983      -0.730	-0.432	-1.006	-1.003	-0.994	-0.372	-1.014	-0.976	-1.002	-0.575	-0.971	-0.424	-1.016	-0.403	-1.016	-0.450	-0.992	-0.423	-0.959	-0.469	-0.468	-0.477	-0.970	-0.971	-0.971	-0.749	-0.992	-0.993	-0.992	-0.449	-0.997	-0.997	-0.593	-1.001	-0.997	-0.992	-0.995	-0.995	-0.219	-0.995	-0.994	-0.468	-0.989	-0.983	-0.232	-0.849	-0.882	-0.836	-1.035	-0.861	-0.852	-0.855	-1.010	-1.021	-1.015	-1.014	-1.020	-1.016	-1.019	-1.021	-1.020	-1.062	-1.020	-1.022	-1.020	-1.063	-0.912	-1.022	-1.062	-1.021	-1.019	-1.017	-1.059	-1.016	-1.013	-1.014	-1.009	-1.004	-0.818	-0.808	-0.755	-0.774	-0.997	-0.964	-0.874	-0.999	-0.873	-0.832	-0.972	-0.964	-0.998	-0.964	-1.000	-0.788	-0.967	-1.001	-1.004	-0.965	-1.001	-0.968	-1.006	-0.969	-0.969	-0.789	-1.002	-1.000	-1.004	-0.969	-0.868	-1.001	-1.010	-0.873	-1.002	-0.867	-0.972	-1.002	-1.002	-1.009	-0.784	-1.002	-0.830	-1.002	-1.003	-1.002	-0.608	-1.003	-0.967	-1.003	-0.968	-0.863	-0.973	-1.006	-0.970	-1.004	-1.005	-0.974	-0.773	-0.973	-0.781	-0.975	-0.976	-1.006	-0.842	-1.006	-0.843	-0.844	-0.980	-0.991	-0.985	-0.840	-0.982	-1.007	-0.982	-0.975	-0.980	-0.980	-0.987	-0.595	-0.587	-0.633	-0.998	-0.565	-0.764	-0.764	-0.589	-0.638	-0.606	-1.009	-0.634	-0.993	-0.662	-1.004	-0.996	-0.653	-1.000	-0.943	-0.942	-0.934	-0.933	-0.937	-0.940	-0.963	-0.949	-0.949	-0.949	-0.947	-0.954	-0.831	
rs7966151      -0.967	-0.645	-1.087	-1.087	-1.091	-0.594	-0.720	-0.749	-0.720	-0.971	-0.611	-0.644	-0.710	-0.635	-0.708	-0.663	-0.733	-0.626	-0.748	-0.673	-0.673	-0.678	-0.753	-0.756	-0.759	-0.774	-0.774	-0.773	-0.774	-0.645	-0.792	-0.792	-0.596	-0.785	-0.792	-0.798	-0.795	-0.794	-0.522	-0.794	-0.795	-0.653	-0.801	-0.806	-0.520	-0.868	-0.906	-0.859	-1.074	-0.882	-0.871	-0.919	-1.040	-1.041	-1.042	-1.042	-1.044	-1.043	-1.028	-1.037	-1.036	-1.099	-1.029	-1.042	-1.028	-1.100	-0.942	-1.042	-1.099	-1.041	-1.034	-1.043	-1.095	-1.041	-1.042	-1.042	-1.040	-1.037	-0.933	-0.840	-0.886	-0.813	-1.039	-1.018	-0.902	-1.044	-0.902	-0.860	-1.025	-1.018	-1.044	-1.018	-1.046	-0.816	-1.021	-1.046	-1.048	-1.020	-1.046	-1.022	-1.037	-1.022	-1.022	-0.817	-1.046	-1.045	-1.041	-1.022	-0.897	-1.046	-1.049	-0.902	-1.046	-0.895	-1.025	-1.047	-1.047	-1.039	-0.812	-1.047	-0.858	-1.047	-1.047	-1.047	-0.633	-1.047	-1.021	-1.047	-1.021	-0.892	-1.025	-1.049	-1.024	-1.048	-1.048	-1.027	-0.802	-1.025	-0.810	-1.027	-1.028	-1.049	-0.872	-1.049	-0.873	-0.873	-1.031	-1.039	-1.035	-0.870	-1.032	-1.050	-1.033	-1.027	-1.031	-1.031	-1.036	-0.639	-0.632	-0.678	-1.050	-0.611	-0.807	-0.807	-0.634	-0.683	-0.651	-1.058	-0.679	-1.046	-0.707	-1.054	-1.048	-0.698	-1.051	-1.028	-0.982	-0.974	-0.974	-0.977	-0.980	-1.003	-0.989	-0.989	-0.989	-0.987	-0.993	-0.878	
rs76131923     -0.242	-0.021	-0.600	-0.589	-0.540	+0.049	-0.714	-0.652	-0.690	-0.424	-0.644	-0.284	-0.716	-0.399	-0.717	-0.410	-0.675	-0.432	-0.627	-0.412	-0.412	-0.414	-0.642	-0.644	-0.644	-0.403	-0.675	-0.676	-0.674	-0.433	-0.683	-0.683	-0.223	-0.690	-0.683	-0.676	-0.680	-0.681	-0.314	-0.680	-0.679	-0.442	-0.672	-0.663	-0.331	-0.644	-0.657	-0.644	-0.776	-0.651	-0.647	-0.540	-0.731	-0.746	-0.739	-0.738	-0.745	-0.741	-0.751	-0.749	-0.749	-0.790	-0.751	-0.748	-0.751	-0.790	-0.661	-0.748	-0.789	-0.748	-0.748	-0.744	-0.788	-0.742	-0.738	-0.739	-0.732	-0.726	-0.491	-0.584	-0.420	-0.552	-0.719	-0.677	-0.638	-0.717	-0.638	-0.600	-0.686	-0.677	-0.717	-0.677	-0.720	-0.561	-0.681	-0.720	-0.723	-0.678	-0.721	-0.682	-0.735	-0.682	-0.682	-0.561	-0.721	-0.719	-0.728	-0.683	-0.633	-0.720	-0.733	-0.637	-0.721	-0.633	-0.687	-0.722	-0.722	-0.737	-0.557	-0.722	-0.598	-0.722	-0.722	-0.722	-0.390	-0.722	-0.681	-0.722	-0.681	-0.629	-0.687	-0.726	-0.684	-0.724	-0.725	-0.689	-0.548	-0.687	-0.555	-0.689	-0.690	-0.726	-0.610	-0.726	-0.611	-0.611	-0.695	-0.708	-0.701	-0.608	-0.697	-0.728	-0.698	-0.690	-0.695	-0.695	-0.703	-0.375	-0.367	-0.410	-0.712	-0.343	-0.532	-0.532	-0.369	-0.415	-0.384	-0.725	-0.411	-0.707	-0.438	-0.719	-0.710	-0.429	-0.714	-0.642	-0.664	-0.656	-0.655	-0.659	-0.662	-0.684	-0.672	-0.672	-0.671	-0.669	-0.676	-0.551	
rs7309134      -0.993	-0.627	-1.109	-1.109	-1.113	-0.569	-0.770	-0.731	-0.816	-1.016	-0.710	-0.716	-0.635	-0.708	-0.770	-0.733	-0.780	-0.697	-0.670	-0.743	-0.742	-0.747	-0.704	-0.713	-0.715	-0.707	-0.803	-0.805	-0.802	-0.716	-0.831	-0.831	-0.524	-0.839	-0.832	-0.823	-0.829	-0.831	-0.601	-0.830	-0.829	-0.724	-0.820	-0.810	-0.599	-0.905	-0.941	-0.899	-1.090	-0.918	-0.908	-0.947	-1.058	-1.064	-1.063	-1.062	-1.066	-1.064	-1.057	-1.063	-1.062	-1.119	-1.058	-1.066	-1.058	-1.120	-0.975	-1.066	-1.119	-1.065	-1.061	-1.066	-1.116	-1.064	-1.063	-1.063	-1.060	-1.056	-0.942	-0.863	-0.893	-0.830	-1.058	-1.033	-0.929	-1.063	-0.929	-0.887	-1.041	-1.034	-1.063	-1.034	-1.064	-0.844	-1.037	-1.065	-1.067	-1.035	-1.065	-1.038	-1.060	-1.038	-1.038	-0.844	-1.065	-1.064	-1.062	-1.038	-0.924	-1.065	-1.070	-0.929	-1.065	-0.922	-1.041	-1.066	-1.066	-1.063	-0.839	-1.066	-0.885	-1.066	-1.066	-1.066	-0.665	-1.066	-1.037	-1.066	-1.037	-0.919	-1.041	-1.068	-1.039	-1.067	-1.067	-1.043	-0.829	-1.041	-0.837	-1.043	-1.044	-1.068	-0.898	-1.068	-0.899	-0.900	-1.048	-1.057	-1.052	-0.896	-1.049	-1.070	-1.049	-1.043	-1.048	-1.048	-1.053	-0.659	-0.652	-0.698	-1.068	-0.631	-0.827	-0.827	-0.654	-0.703	-0.671	-1.077	-0.699	-1.064	-0.727	-1.072	-1.067	-0.718	-1.069	-1.044	-1.003	-0.996	-0.995	-0.999	-1.001	-1.024	-1.011	-1.010	-1.010	-1.008	-1.015	-0.896	
rs4765345      -0.223	-0.000	-0.586	-0.575	-0.524	+0.071	-0.705	-0.643	-0.681	-0.403	-0.635	-0.399	-0.708	-0.275	-0.709	-0.400	-0.666	-0.427	-0.619	-0.400	-0.400	-0.399	-0.633	-0.636	-0.635	-0.394	-0.666	-0.667	-0.665	-0.427	-0.674	-0.674	-0.215	-0.681	-0.674	-0.667	-0.671	-0.672	-0.318	-0.672	-0.671	-0.435	-0.663	-0.654	-0.333	-0.636	-0.649	-0.636	-0.766	-0.643	-0.639	-0.531	-0.722	-0.738	-0.730	-0.729	-0.736	-0.732	-0.742	-0.740	-0.740	-0.781	-0.742	-0.740	-0.742	-0.780	-0.652	-0.739	-0.780	-0.739	-0.740	-0.735	-0.779	-0.733	-0.729	-0.730	-0.724	-0.717	-0.483	-0.577	-0.411	-0.545	-0.710	-0.668	-0.630	-0.709	-0.630	-0.593	-0.677	-0.668	-0.708	-0.668	-0.711	-0.554	-0.672	-0.712	-0.715	-0.670	-0.712	-0.673	-0.726	-0.673	-0.674	-0.555	-0.712	-0.710	-0.719	-0.674	-0.626	-0.711	-0.725	-0.630	-0.712	-0.625	-0.678	-0.713	-0.713	-0.728	-0.550	-0.713	-0.591	-0.713	-0.713	-0.713	-0.384	-0.713	-0.672	-0.714	-0.672	-0.621	-0.678	-0.717	-0.675	-0.716	-0.716	-0.680	-0.541	-0.678	-0.548	-0.680	-0.681	-0.717	-0.603	-0.717	-0.604	-0.604	-0.687	-0.699	-0.692	-0.601	-0.688	-0.719	-0.689	-0.681	-0.687	-0.687	-0.694	-0.369	-0.360	-0.403	-0.703	-0.337	-0.525	-0.525	-0.363	-0.408	-0.378	-0.717	-0.404	-0.698	-0.431	-0.711	-0.701	-0.423	-0.705	-0.633	-0.655	-0.646	-0.645	-0.650	-0.653	-0.674	-0.662	-0.662	-0.662	-0.659	-0.666	-0.540	
rs10847121     -0.993	-0.627	-1.109	-1.109	-1.113	-0.569	-0.770	-0.729	-0.815	-1.016	-0.708	-0.717	-0.770	-0.709	-0.635	-0.734	-0.778	-0.698	-0.665	-0.744	-0.743	-0.748	-0.700	-0.709	-0.711	-0.706	-0.802	-0.803	-0.801	-0.717	-0.831	-0.830	-0.522	-0.838	-0.831	-0.822	-0.828	-0.830	-0.602	-0.829	-0.828	-0.725	-0.818	-0.808	-0.600	-0.905	-0.941	-0.899	-1.090	-0.918	-0.908	-0.947	-1.058	-1.065	-1.063	-1.063	-1.066	-1.064	-1.058	-1.063	-1.062	-1.119	-1.058	-1.066	-1.058	-1.121	-0.975	-1.066	-1.119	-1.065	-1.061	-1.066	-1.116	-1.064	-1.063	-1.063	-1.060	-1.056	-0.942	-0.863	-0.893	-0.830	-1.058	-1.033	-0.929	-1.063	-0.929	-0.887	-1.041	-1.034	-1.063	-1.034	-1.064	-0.844	-1.037	-1.065	-1.067	-1.035	-1.065	-1.038	-1.061	-1.038	-1.038	-0.844	-1.065	-1.064	-1.062	-1.038	-0.924	-1.065	-1.070	-0.929	-1.065	-0.923	-1.041	-1.066	-1.066	-1.063	-0.839	-1.066	-0.885	-1.066	-1.066	-1.066	-0.666	-1.066	-1.037	-1.066	-1.037	-0.919	-1.041	-1.068	-1.039	-1.067	-1.067	-1.043	-0.829	-1.041	-0.837	-1.043	-1.044	-1.068	-0.899	-1.069	-0.900	-0.900	-1.048	-1.057	-1.052	-0.897	-1.049	-1.070	-1.049	-1.043	-1.048	-1.048	-1.053	-0.659	-0.652	-0.698	-1.068	-0.631	-0.827	-0.827	-0.654	-0.703	-0.671	-1.077	-0.699	-1.064	-0.727	-1.073	-1.067	-0.718	-1.069	-1.044	-1.004	-0.996	-0.995	-0.999	-1.002	-1.024	-1.011	-1.010	-1.011	-1.008	-1.015	-0.896	
rs961619       -0.264	-0.035	-0.618	-0.607	-0.560	+0.036	-0.730	-0.670	-0.708	-0.450	-0.663	-0.410	-0.733	-0.400	-0.734	-0.299	-0.692	-0.434	-0.646	-0.419	-0.418	-0.423	-0.660	-0.663	-0.662	-0.422	-0.693	-0.693	-0.692	-0.438	-0.701	-0.701	-0.244	-0.707	-0.701	-0.694	-0.698	-0.699	-0.294	-0.698	-0.697	-0.448	-0.690	-0.681	-0.319	-0.656	-0.670	-0.656	-0.789	-0.663	-0.659	-0.557	-0.746	-0.761	-0.753	-0.752	-0.759	-0.755	-0.764	-0.763	-0.763	-0.803	-0.765	-0.763	-0.764	-0.803	-0.675	-0.762	-0.803	-0.762	-0.762	-0.758	-0.802	-0.756	-0.752	-0.753	-0.747	-0.740	-0.511	-0.597	-0.440	-0.566	-0.733	-0.692	-0.652	-0.732	-0.652	-0.615	-0.701	-0.692	-0.732	-0.692	-0.734	-0.575	-0.696	-0.735	-0.738	-0.693	-0.735	-0.697	-0.748	-0.697	-0.697	-0.576	-0.736	-0.734	-0.742	-0.698	-0.647	-0.735	-0.748	-0.651	-0.736	-0.647	-0.701	-0.736	-0.736	-0.751	-0.571	-0.736	-0.612	-0.736	-0.737	-0.737	-0.405	-0.737	-0.696	-0.737	-0.696	-0.643	-0.702	-0.741	-0.699	-0.739	-0.739	-0.704	-0.562	-0.702	-0.569	-0.704	-0.705	-0.740	-0.624	-0.741	-0.625	-0.626	-0.710	-0.722	-0.715	-0.622	-0.712	-0.742	-0.713	-0.705	-0.710	-0.710	-0.717	-0.391	-0.382	-0.425	-0.727	-0.359	-0.546	-0.547	-0.384	-0.430	-0.399	-0.740	-0.426	-0.722	-0.453	-0.734	-0.725	-0.444	-0.729	-0.659	-0.678	-0.669	-0.669	-0.673	-0.676	-0.698	-0.685	-0.685	-0.685	-0.682	-0.689	-0.564	
rs7309523      -0.981	-0.642	-1.100	-1.099	-1.103	-0.588	-0.786	-0.749	-0.781	-0.992	-0.733	-0.675	-0.780	-0.666	-0.778	-0.692	-0.625	-0.656	-0.700	-0.703	-0.702	-0.707	-0.727	-0.737	-0.741	-0.760	-0.796	-0.797	-0.796	-0.675	-0.817	-0.817	-0.568	-0.816	-0.817	-0.818	-0.817	-0.817	-0.554	-0.817	-0.817	-0.683	-0.818	-0.816	-0.553	-0.886	-0.923	-0.878	-1.085	-0.899	-0.889	-0.933	-1.052	-1.055	-1.055	-1.055	-1.057	-1.055	-1.044	-1.051	-1.050	-1.111	-1.045	-1.056	-1.044	-1.112	-0.958	-1.056	-1.111	-1.055	-1.049	-1.056	-1.107	-1.054	-1.055	-1.055	-1.052	-1.049	-0.942	-0.853	-0.894	-0.823	-1.051	-1.028	-0.916	-1.056	-0.916	-0.874	-1.035	-1.029	-1.056	-1.029	-1.057	-0.831	-1.032	-1.058	-1.059	-1.030	-1.058	-1.032	-1.050	-1.033	-1.033	-0.831	-1.058	-1.057	-1.053	-1.033	-0.911	-1.057	-1.061	-0.916	-1.058	-0.909	-1.036	-1.058	-1.058	-1.053	-0.826	-1.058	-0.872	-1.058	-1.059	-1.058	-0.649	-1.059	-1.032	-1.059	-1.032	-0.906	-1.036	-1.061	-1.034	-1.060	-1.060	-1.037	-0.816	-1.036	-0.824	-1.038	-1.038	-1.061	-0.886	-1.061	-0.887	-0.887	-1.042	-1.050	-1.046	-0.884	-1.043	-1.062	-1.043	-1.038	-1.042	-1.042	-1.047	-0.651	-0.644	-0.689	-1.061	-0.623	-0.819	-0.819	-0.646	-0.695	-0.663	-1.069	-0.691	-1.057	-0.719	-1.065	-1.060	-0.710	-1.062	-1.039	-0.994	-0.987	-0.986	-0.990	-0.992	-1.015	-1.001	-1.001	-1.001	-0.999	-1.006	-0.889	
rs12578180     -0.224	+0.009	-0.580	-0.570	-0.520	+0.080	-0.695	-0.633	-0.671	-0.423	-0.626	-0.432	-0.697	-0.427	-0.698	-0.434	-0.656	-0.261	-0.609	-0.435	-0.435	-0.438	-0.623	-0.626	-0.625	-0.383	-0.656	-0.657	-0.655	-0.445	-0.664	-0.664	-0.204	-0.671	-0.664	-0.657	-0.662	-0.663	-0.358	-0.662	-0.661	-0.450	-0.653	-0.644	-0.366	-0.622	-0.634	-0.621	-0.755	-0.629	-0.626	-0.520	-0.707	-0.723	-0.715	-0.714	-0.721	-0.717	-0.729	-0.727	-0.727	-0.769	-0.730	-0.726	-0.729	-0.769	-0.636	-0.725	-0.769	-0.725	-0.727	-0.721	-0.767	-0.719	-0.714	-0.715	-0.708	-0.701	-0.457	-0.564	-0.385	-0.532	-0.693	-0.649	-0.617	-0.691	-0.617	-0.580	-0.658	-0.649	-0.691	-0.649	-0.694	-0.541	-0.653	-0.695	-0.698	-0.651	-0.695	-0.654	-0.713	-0.654	-0.655	-0.541	-0.695	-0.693	-0.705	-0.655	-0.612	-0.694	-0.709	-0.617	-0.695	-0.612	-0.659	-0.696	-0.696	-0.715	-0.537	-0.696	-0.578	-0.696	-0.696	-0.696	-0.370	-0.697	-0.653	-0.697	-0.653	-0.608	-0.659	-0.701	-0.657	-0.699	-0.699	-0.661	-0.528	-0.659	-0.535	-0.662	-0.663	-0.700	-0.590	-0.701	-0.591	-0.591	-0.668	-0.681	-0.674	-0.588	-0.670	-0.703	-0.671	-0.662	-0.668	-0.668	-0.676	-0.355	-0.347	-0.389	-0.686	-0.324	-0.511	-0.511	-0.349	-0.395	-0.364	-0.700	-0.391	-0.680	-0.417	-0.693	-0.684	-0.409	-0.688	-0.613	-0.640	-0.632	-0.631	-0.635	-0.638	-0.661	-0.648	-0.648	-0.647	-0.645	-0.652	-0.525	
rs7955260      -0.958	-0.645	-1.080	-1.079	-1.083	-0.597	-0.685	-0.746	-0.693	-0.959	-0.748	-0.627	-0.670	-0.619	-0.665	-0.646	-0.700	-0.609	-0.604	-0.657	-0.656	-0.661	-0.746	-0.746	-0.749	-0.779	-0.750	-0.750	-0.751	-0.628	-0.771	-0.771	-0.607	-0.761	-0.771	-0.781	-0.775	-0.774	-0.503	-0.775	-0.776	-0.636	-0.785	-0.793	-0.501	-0.858	-0.896	-0.848	-1.067	-0.871	-0.861	-0.911	-1.033	-1.033	-1.035	-1.035	-1.037	-1.035	-1.019	-1.028	-1.027	-1.092	-1.020	-1.034	-1.019	-1.093	-0.933	-1.034	-1.092	-1.033	-1.026	-1.035	-1.088	-1.034	-1.035	-1.035	-1.033	-1.030	-0.928	-0.832	-0.881	-0.806	-1.032	-1.012	-0.894	-1.037	-0.894	-0.852	-1.018	-1.012	-1.037	-1.012	-1.039	-0.808	-1.015	-1.039	-1.041	-1.013	-1.039	-1.016	-1.029	-1.016	-1.016	-0.808	-1.040	-1.039	-1.033	-1.016	-0.888	-1.039	-1.042	-0.893	-1.039	-0.887	-1.019	-1.040	-1.040	-1.032	-0.803	-1.040	-0.849	-1.040	-1.040	-1.040	-0.624	-1.040	-1.015	-1.040	-1.015	-0.884	-1.019	-1.042	-1.017	-1.041	-1.041	-1.020	-0.793	-1.019	-0.802	-1.021	-1.021	-1.042	-0.864	-1.042	-0.865	-0.865	-1.025	-1.032	-1.028	-0.862	-1.026	-1.043	-1.026	-1.020	-1.025	-1.025	-1.030	-0.632	-0.625	-0.670	-1.043	-0.604	-0.800	-0.800	-0.627	-0.676	-0.644	-1.051	-0.672	-1.039	-0.700	-1.047	-1.041	-0.691	-1.044	-1.022	-0.975	-0.967	-0.966	-0.970	-0.973	-0.996	-0.982	-0.982	-0.982	-0.979	-0.986	-0.871	
rs57994567     -0.280	-0.047	-0.630	-0.619	-0.573	+0.023	-0.740	-0.680	-0.718	-0.469	-0.673	-0.412	-0.743	-0.400	-0.744	-0.419	-0.703	-0.435	-0.657	-0.308	-0.418	-0.427	-0.671	-0.673	-0.673	-0.432	-0.702	-0.703	-0.702	-0.440	-0.711	-0.710	-0.255	-0.717	-0.711	-0.704	-0.708	-0.709	-0.269	-0.708	-0.707	-0.449	-0.699	-0.691	-0.307	-0.663	-0.678	-0.663	-0.797	-0.670	-0.667	-0.566	-0.754	-0.769	-0.762	-0.761	-0.767	-0.764	-0.773	-0.771	-0.771	-0.812	-0.773	-0.771	-0.773	-0.812	-0.683	-0.771	-0.811	-0.771	-0.771	-0.766	-0.810	-0.765	-0.761	-0.761	-0.755	-0.749	-0.520	-0.605	-0.450	-0.573	-0.742	-0.701	-0.660	-0.741	-0.659	-0.622	-0.710	-0.701	-0.741	-0.701	-0.743	-0.583	-0.705	-0.744	-0.747	-0.702	-0.744	-0.706	-0.757	-0.706	-0.706	-0.583	-0.744	-0.743	-0.751	-0.706	-0.655	-0.743	-0.756	-0.659	-0.744	-0.654	-0.710	-0.745	-0.745	-0.759	-0.579	-0.745	-0.620	-0.745	-0.745	-0.745	-0.412	-0.746	-0.705	-0.746	-0.705	-0.651	-0.711	-0.749	-0.708	-0.748	-0.748	-0.713	-0.569	-0.711	-0.577	-0.713	-0.714	-0.749	-0.632	-0.749	-0.633	-0.633	-0.719	-0.731	-0.724	-0.630	-0.721	-0.751	-0.722	-0.713	-0.719	-0.719	-0.726	-0.398	-0.389	-0.432	-0.736	-0.366	-0.554	-0.554	-0.392	-0.438	-0.407	-0.749	-0.434	-0.731	-0.460	-0.743	-0.734	-0.452	-0.738	-0.668	-0.686	-0.678	-0.677	-0.681	-0.684	-0.706	-0.694	-0.694	-0.693	-0.691	-0.698	-0.573	
rs56090797     -0.279	-0.046	-0.629	-0.619	-0.573	+0.024	-0.740	-0.680	-0.717	-0.468	-0.673	-0.412	-0.742	-0.400	-0.743	-0.418	-0.702	-0.435	-0.656	-0.418	-0.308	-0.426	-0.670	-0.673	-0.672	-0.432	-0.702	-0.703	-0.701	-0.439	-0.710	-0.710	-0.254	-0.717	-0.710	-0.703	-0.707	-0.708	-0.268	-0.707	-0.706	-0.448	-0.699	-0.690	-0.306	-0.662	-0.677	-0.662	-0.797	-0.670	-0.666	-0.566	-0.754	-0.769	-0.761	-0.761	-0.767	-0.763	-0.772	-0.771	-0.771	-0.811	-0.773	-0.771	-0.772	-0.811	-0.683	-0.770	-0.811	-0.770	-0.770	-0.766	-0.810	-0.764	-0.760	-0.761	-0.755	-0.749	-0.520	-0.605	-0.449	-0.573	-0.741	-0.700	-0.659	-0.740	-0.659	-0.622	-0.709	-0.700	-0.740	-0.700	-0.742	-0.583	-0.704	-0.743	-0.746	-0.702	-0.744	-0.705	-0.757	-0.706	-0.706	-0.583	-0.744	-0.742	-0.751	-0.706	-0.654	-0.743	-0.756	-0.659	-0.744	-0.654	-0.710	-0.745	-0.745	-0.759	-0.578	-0.745	-0.620	-0.745	-0.745	-0.745	-0.412	-0.745	-0.704	-0.745	-0.705	-0.650	-0.710	-0.749	-0.708	-0.747	-0.747	-0.712	-0.569	-0.710	-0.577	-0.713	-0.713	-0.748	-0.632	-0.749	-0.632	-0.633	-0.719	-0.731	-0.724	-0.630	-0.720	-0.751	-0.721	-0.713	-0.719	-0.719	-0.726	-0.398	-0.389	-0.432	-0.736	-0.366	-0.554	-0.554	-0.391	-0.437	-0.407	-0.749	-0.433	-0.730	-0.460	-0.743	-0.734	-0.451	-0.738	-0.668	-0.686	-0.678	-0.677	-0.681	-0.684	-0.706	-0.694	-0.693	-0.693	-0.691	-0.697	-0.572	
rs7968930      -0.286	-0.054	-0.636	-0.626	-0.581	+0.016	-0.744	-0.685	-0.722	-0.477	-0.678	-0.414	-0.747	-0.399	-0.748	-0.423	-0.707	-0.438	-0.661	-0.427	-0.426	-0.312	-0.675	-0.678	-0.677	-0.436	-0.707	-0.708	-0.706	-0.441	-0.715	-0.715	-0.260	-0.721	-0.715	-0.708	-0.712	-0.713	-0.275	-0.712	-0.711	-0.452	-0.703	-0.695	-0.303	-0.666	-0.681	-0.666	-0.801	-0.674	-0.670	-0.570	-0.758	-0.773	-0.765	-0.765	-0.771	-0.767	-0.776	-0.775	-0.775	-0.816	-0.777	-0.775	-0.776	-0.815	-0.687	-0.774	-0.815	-0.774	-0.774	-0.770	-0.814	-0.768	-0.764	-0.765	-0.759	-0.753	-0.525	-0.608	-0.454	-0.577	-0.745	-0.704	-0.663	-0.744	-0.663	-0.626	-0.714	-0.705	-0.744	-0.704	-0.747	-0.586	-0.709	-0.747	-0.750	-0.706	-0.748	-0.710	-0.761	-0.710	-0.710	-0.587	-0.748	-0.746	-0.755	-0.710	-0.658	-0.747	-0.760	-0.663	-0.748	-0.658	-0.714	-0.749	-0.749	-0.763	-0.582	-0.749	-0.623	-0.749	-0.749	-0.749	-0.416	-0.749	-0.708	-0.749	-0.709	-0.654	-0.714	-0.753	-0.712	-0.751	-0.752	-0.716	-0.573	-0.715	-0.580	-0.717	-0.718	-0.753	-0.635	-0.753	-0.636	-0.637	-0.723	-0.735	-0.728	-0.633	-0.725	-0.755	-0.726	-0.717	-0.723	-0.723	-0.730	-0.401	-0.393	-0.436	-0.740	-0.370	-0.558	-0.558	-0.395	-0.441	-0.410	-0.753	-0.437	-0.734	-0.464	-0.747	-0.738	-0.455	-0.742	-0.672	-0.690	-0.682	-0.681	-0.685	-0.688	-0.710	-0.698	-0.697	-0.697	-0.695	-0.702	-0.576	
rs7969809      -0.965	-0.645	-1.086	-1.085	-1.090	-0.595	-0.716	-0.754	-0.723	-0.970	-0.753	-0.642	-0.704	-0.633	-0.700	-0.660	-0.727	-0.623	-0.746	-0.671	-0.670	-0.675	-0.610	-0.745	-0.747	-0.775	-0.761	-0.761	-0.762	-0.642	-0.783	-0.783	-0.596	-0.775	-0.783	-0.790	-0.786	-0.785	-0.518	-0.786	-0.787	-0.650	-0.794	-0.799	-0.516	-0.867	-0.904	-0.857	-1.073	-0.880	-0.870	-0.918	-1.039	-1.040	-1.041	-1.041	-1.043	-1.042	-1.026	-1.035	-1.034	-1.098	-1.027	-1.041	-1.027	-1.099	-0.941	-1.041	-1.098	-1.040	-1.033	-1.042	-1.094	-1.040	-1.041	-1.041	-1.039	-1.036	-0.933	-0.839	-0.885	-0.812	-1.038	-1.017	-0.901	-1.043	-0.901	-0.859	-1.024	-1.017	-1.043	-1.017	-1.044	-0.815	-1.020	-1.045	-1.046	-1.019	-1.045	-1.021	-1.035	-1.021	-1.021	-0.816	-1.045	-1.044	-1.040	-1.021	-0.896	-1.045	-1.048	-0.901	-1.045	-0.894	-1.024	-1.046	-1.046	-1.038	-0.811	-1.046	-0.857	-1.046	-1.046	-1.046	-0.632	-1.046	-1.020	-1.046	-1.020	-0.891	-1.024	-1.048	-1.023	-1.047	-1.047	-1.026	-0.800	-1.024	-0.809	-1.026	-1.027	-1.048	-0.871	-1.048	-0.872	-0.872	-1.030	-1.038	-1.034	-0.869	-1.031	-1.049	-1.032	-1.026	-1.030	-1.030	-1.035	-0.638	-0.631	-0.677	-1.048	-0.610	-0.806	-0.806	-0.633	-0.682	-0.650	-1.056	-0.678	-1.045	-0.706	-1.052	-1.047	-0.697	-1.049	-1.027	-0.981	-0.973	-0.972	-0.976	-0.979	-1.002	-0.988	-0.988	-0.988	-0.985	-0.992	-0.877	
rs11837481     -0.966	-0.645	-1.087	-1.086	-1.091	-0.595	-0.725	-0.757	-0.732	-0.971	-0.756	-0.644	-0.713	-0.636	-0.709	-0.663	-0.737	-0.626	-0.746	-0.673	-0.673	-0.678	-0.745	-0.611	-0.746	-0.774	-0.764	-0.763	-0.765	-0.644	-0.785	-0.786	-0.594	-0.778	-0.786	-0.792	-0.789	-0.788	-0.521	-0.788	-0.789	-0.653	-0.796	-0.801	-0.519	-0.868	-0.906	-0.859	-1.074	-0.881	-0.871	-0.919	-1.040	-1.041	-1.042	-1.042	-1.044	-1.043	-1.028	-1.036	-1.035	-1.099	-1.029	-1.042	-1.028	-1.100	-0.942	-1.042	-1.099	-1.041	-1.034	-1.043	-1.095	-1.041	-1.042	-1.042	-1.040	-1.037	-0.933	-0.840	-0.886	-0.813	-1.039	-1.018	-0.902	-1.044	-0.902	-0.860	-1.025	-1.018	-1.044	-1.018	-1.046	-0.817	-1.021	-1.046	-1.048	-1.020	-1.046	-1.022	-1.036	-1.022	-1.022	-0.817	-1.046	-1.045	-1.041	-1.022	-0.897	-1.046	-1.049	-0.902	-1.046	-0.895	-1.025	-1.047	-1.047	-1.039	-0.812	-1.047	-0.858	-1.047	-1.047	-1.047	-0.633	-1.047	-1.021	-1.047	-1.021	-0.892	-1.025	-1.049	-1.024	-1.048	-1.048	-1.027	-0.802	-1.025	-0.810	-1.027	-1.028	-1.049	-0.872	-1.049	-0.873	-0.874	-1.031	-1.039	-1.035	-0.870	-1.032	-1.050	-1.033	-1.027	-1.031	-1.031	-1.036	-0.639	-0.632	-0.678	-1.050	-0.611	-0.807	-0.808	-0.635	-0.683	-0.651	-1.058	-0.679	-1.046	-0.707	-1.054	-1.048	-0.698	-1.050	-1.028	-0.982	-0.974	-0.973	-0.977	-0.980	-1.003	-0.989	-0.989	-0.989	-0.987	-0.993	-0.878	
rs11058591     -0.966	-0.645	-1.087	-1.086	-1.090	-0.595	-0.727	-0.760	-0.736	-0.971	-0.759	-0.644	-0.715	-0.635	-0.711	-0.662	-0.741	-0.625	-0.749	-0.673	-0.672	-0.677	-0.747	-0.746	-0.611	-0.774	-0.764	-0.763	-0.764	-0.644	-0.785	-0.785	-0.595	-0.777	-0.785	-0.792	-0.788	-0.787	-0.520	-0.788	-0.789	-0.652	-0.796	-0.800	-0.519	-0.868	-0.905	-0.858	-1.074	-0.881	-0.871	-0.919	-1.040	-1.041	-1.042	-1.042	-1.044	-1.042	-1.027	-1.036	-1.035	-1.099	-1.029	-1.042	-1.028	-1.100	-0.942	-1.042	-1.099	-1.041	-1.034	-1.043	-1.095	-1.041	-1.042	-1.042	-1.040	-1.037	-0.933	-0.840	-0.886	-0.812	-1.039	-1.018	-0.902	-1.044	-0.902	-0.860	-1.024	-1.018	-1.044	-1.018	-1.045	-0.816	-1.021	-1.046	-1.047	-1.019	-1.046	-1.022	-1.036	-1.022	-1.022	-0.817	-1.046	-1.045	-1.040	-1.022	-0.896	-1.046	-1.049	-0.902	-1.046	-0.895	-1.025	-1.046	-1.046	-1.039	-0.812	-1.047	-0.857	-1.047	-1.047	-1.047	-0.633	-1.047	-1.021	-1.047	-1.021	-0.892	-1.025	-1.049	-1.023	-1.048	-1.048	-1.026	-0.801	-1.025	-0.810	-1.027	-1.027	-1.049	-0.872	-1.049	-0.873	-0.873	-1.031	-1.039	-1.034	-0.870	-1.032	-1.050	-1.032	-1.027	-1.031	-1.031	-1.036	-0.639	-0.632	-0.677	-1.049	-0.611	-0.807	-0.807	-0.634	-0.683	-0.651	-1.057	-0.679	-1.046	-0.707	-1.053	-1.048	-0.698	-1.050	-1.028	-0.982	-0.974	-0.973	-0.977	-0.980	-1.003	-0.989	-0.988	-0.988	-0.986	-0.993	-0.878	
rs2215307      -0.802	-0.527	-0.849	-0.849	-0.848	-0.482	-0.711	-0.771	-0.749	-0.749	-0.774	-0.403	-0.707	-0.394	-0.706	-0.422	-0.760	-0.383	-0.779	-0.432	-0.432	-0.436	-0.775	-0.774	-0.774	-0.379	-0.760	-0.760	-0.760	-0.403	-0.749	-0.749	-0.376	-0.743	-0.749	-0.754	-0.751	-0.749	-0.277	-0.750	-0.750	-0.411	-0.755	-0.761	-0.275	-0.624	-0.665	-0.612	-0.869	-0.638	-0.627	-0.704	-0.791	-0.773	-0.790	-0.790	-0.785	-0.789	-0.736	-0.761	-0.759	-0.884	-0.738	-0.774	-0.736	-0.885	-0.711	-0.774	-0.884	-0.773	-0.758	-0.791	-0.884	-0.791	-0.799	-0.797	-0.801	-0.803	-0.766	-0.679	-0.727	-0.647	-0.808	-0.812	-0.729	-0.821	-0.729	-0.692	-0.815	-0.812	-0.821	-0.813	-0.821	-0.653	-0.814	-0.821	-0.821	-0.813	-0.821	-0.814	-0.781	-0.814	-0.815	-0.653	-0.821	-0.821	-0.801	-0.815	-0.724	-0.821	-0.812	-0.729	-0.821	-0.723	-0.816	-0.821	-0.821	-0.784	-0.649	-0.821	-0.690	-0.821	-0.821	-0.821	-0.487	-0.821	-0.814	-0.821	-0.814	-0.720	-0.816	-0.821	-0.815	-0.821	-0.821	-0.817	-0.639	-0.816	-0.647	-0.817	-0.817	-0.822	-0.702	-0.822	-0.703	-0.703	-0.819	-0.822	-0.820	-0.700	-0.819	-0.821	-0.819	-0.817	-0.819	-0.818	-0.821	-0.476	-0.469	-0.512	-0.834	-0.449	-0.633	-0.633	-0.472	-0.517	-0.487	-0.837	-0.513	-0.833	-0.540	-0.835	-0.834	-0.531	-0.834	-0.830	-0.772	-0.765	-0.765	-0.768	-0.771	-0.792	-0.779	-0.778	-0.778	-0.776	-0.782	-0.671	
rs12366578     -0.982	-0.642	-1.100	-1.100	-1.104	-0.589	-0.808	-0.782	-0.806	-0.992	-0.774	-0.675	-0.803	-0.666	-0.802	-0.693	-0.796	-0.656	-0.750	-0.702	-0.702	-0.707	-0.761	-0.764	-0.764	-0.760	-0.625	-0.760	-0.759	-0.674	-0.794	-0.794	-0.567	-0.793	-0.795	-0.795	-0.795	-0.795	-0.553	-0.795	-0.795	-0.682	-0.796	-0.794	-0.552	-0.886	-0.923	-0.878	-1.085	-0.899	-0.889	-0.935	-1.052	-1.055	-1.055	-1.055	-1.058	-1.056	-1.044	-1.052	-1.051	-1.111	-1.045	-1.056	-1.045	-1.113	-0.959	-1.056	-1.111	-1.056	-1.049	-1.057	-1.108	-1.055	-1.055	-1.055	-1.053	-1.049	-0.942	-0.854	-0.894	-0.824	-1.051	-1.029	-0.917	-1.056	-0.917	-0.875	-1.036	-1.029	-1.056	-1.029	-1.057	-0.832	-1.032	-1.058	-1.060	-1.030	-1.058	-1.033	-1.050	-1.033	-1.033	-0.832	-1.058	-1.057	-1.054	-1.033	-0.912	-1.058	-1.062	-0.917	-1.058	-0.910	-1.036	-1.059	-1.059	-1.053	-0.827	-1.059	-0.873	-1.059	-1.059	-1.059	-0.650	-1.059	-1.032	-1.059	-1.032	-0.907	-1.036	-1.061	-1.034	-1.060	-1.060	-1.038	-0.817	-1.036	-0.825	-1.038	-1.039	-1.061	-0.887	-1.061	-0.888	-0.888	-1.042	-1.051	-1.046	-0.885	-1.043	-1.062	-1.044	-1.038	-1.042	-1.042	-1.048	-0.652	-0.645	-0.690	-1.061	-0.624	-0.820	-0.820	-0.647	-0.696	-0.664	-1.070	-0.691	-1.058	-0.719	-1.065	-1.060	-0.711	-1.062	-1.039	-0.994	-0.987	-0.986	-0.990	-0.992	-1.016	-1.001	-1.001	-1.001	-0.999	-1.006	-0.889	
rs12812432     -0.982	-0.642	-1.101	-1.100	-1.104	-0.589	-0.809	-0.782	-0.807	-0.993	-0.773	-0.676	-0.805	-0.667	-0.803	-0.693	-0.797	-0.657	-0.750	-0.703	-0.703	-0.708	-0.761	-0.763	-0.763	-0.760	-0.760	-0.625	-0.760	-0.675	-0.795	-0.795	-0.566	-0.794	-0.795	-0.796	-0.796	-0.796	-0.554	-0.796	-0.796	-0.683	-0.796	-0.794	-0.552	-0.886	-0.923	-0.878	-1.085	-0.900	-0.889	-0.935	-1.053	-1.056	-1.055	-1.055	-1.058	-1.056	-1.045	-1.052	-1.051	-1.112	-1.046	-1.057	-1.045	-1.113	-0.959	-1.057	-1.112	-1.056	-1.050	-1.057	-1.108	-1.055	-1.055	-1.055	-1.053	-1.049	-0.942	-0.854	-0.894	-0.824	-1.051	-1.029	-0.917	-1.056	-0.917	-0.876	-1.036	-1.029	-1.056	-1.029	-1.058	-0.832	-1.032	-1.058	-1.060	-1.031	-1.058	-1.033	-1.051	-1.033	-1.033	-0.832	-1.059	-1.058	-1.054	-1.034	-0.912	-1.058	-1.062	-0.917	-1.059	-0.911	-1.036	-1.059	-1.059	-1.053	-0.827	-1.059	-0.873	-1.059	-1.059	-1.059	-0.651	-1.059	-1.032	-1.059	-1.032	-0.907	-1.037	-1.061	-1.035	-1.061	-1.061	-1.038	-0.817	-1.036	-0.826	-1.038	-1.039	-1.062	-0.887	-1.062	-0.888	-0.889	-1.043	-1.051	-1.046	-0.885	-1.044	-1.063	-1.044	-1.038	-1.043	-1.043	-1.048	-0.652	-0.645	-0.690	-1.062	-0.624	-0.820	-0.820	-0.647	-0.696	-0.664	-1.070	-0.692	-1.058	-0.720	-1.066	-1.060	-0.711	-1.063	-1.039	-0.995	-0.987	-0.986	-0.990	-0.993	-1.016	-1.002	-1.001	-1.001	-0.999	-1.006	-0.889	
rs66548787     -0.981	-0.642	-1.100	-1.099	-1.104	-0.589	-0.807	-0.782	-0.806	-0.992	-0.774	-0.674	-0.802	-0.665	-0.801	-0.692	-0.796	-0.655	-0.751	-0.702	-0.701	-0.706	-0.762	-0.765	-0.764	-0.760	-0.759	-0.760	-0.625	-0.673	-0.794	-0.794	-0.568	-0.792	-0.794	-0.795	-0.795	-0.795	-0.553	-0.795	-0.795	-0.682	-0.796	-0.794	-0.551	-0.886	-0.923	-0.877	-1.085	-0.899	-0.889	-0.935	-1.052	-1.055	-1.055	-1.055	-1.057	-1.056	-1.044	-1.051	-1.050	-1.111	-1.045	-1.056	-1.044	-1.112	-0.958	-1.056	-1.111	-1.055	-1.049	-1.056	-1.107	-1.055	-1.055	-1.055	-1.052	-1.049	-0.942	-0.853	-0.894	-0.824	-1.051	-1.028	-0.917	-1.056	-0.917	-0.875	-1.035	-1.029	-1.056	-1.029	-1.057	-0.831	-1.032	-1.058	-1.059	-1.030	-1.058	-1.033	-1.050	-1.033	-1.033	-0.832	-1.058	-1.057	-1.053	-1.033	-0.911	-1.058	-1.062	-0.916	-1.058	-0.910	-1.036	-1.058	-1.058	-1.053	-0.827	-1.059	-0.873	-1.059	-1.059	-1.059	-0.650	-1.059	-1.032	-1.059	-1.032	-0.907	-1.036	-1.061	-1.034	-1.060	-1.060	-1.037	-0.817	-1.036	-0.825	-1.038	-1.038	-1.061	-0.887	-1.061	-0.887	-0.888	-1.042	-1.050	-1.046	-0.885	-1.043	-1.062	-1.044	-1.038	-1.042	-1.042	-1.047	-0.652	-0.644	-0.690	-1.061	-0.623	-0.820	-0.820	-0.647	-0.695	-0.663	-1.069	-0.691	-1.058	-0.719	-1.065	-1.060	-0.710	-1.062	-1.039	-0.994	-0.986	-0.985	-0.989	-0.992	-1.015	-1.001	-1.001	-1.001	-0.999	-1.005	-0.889	
