## Summary of overall evidence for association with region:
## log10(BF for region) = 9.42426
## p-value for region = NA

## BFs for choosing among multi-SNP models:
## log10(average 1-SNP BF) = 5.87814
## log10(average 2-SNP BF) = 9.9013

## Example posterior probabilities for multi-SNP models, based on default prior: [p(l) propto 0.5^l for l=1,2,...,L]
## posterior probability of 1-SNP = 0.000189577
## posterior probability of 2-SNP = 0.99981

## log10(BF) for single SNP and pair of SNPs:
rs217702       +0.443	+0.139	+5.620	+3.953	+3.934	+3.021	+3.579	+7.041	+0.928	+6.878	+4.977	+1.089	+3.466	+0.901	+4.475	+4.335	+5.080	+4.479	+4.419	+4.486	+3.041	+4.449	+4.449	+0.876	+3.986	-0.038	+4.462	+4.421	+5.550	+4.400	+4.363	+1.353	+4.295	+5.172	+4.250	+5.150	+4.259	+5.277	-0.028	+4.254	+0.900	+5.257	+5.257	+5.153	-0.016	+5.263	+4.152	+4.378	+4.239	+0.918	+4.238	+3.949	+4.238	+4.237	+4.237	+1.332	+0.937	+0.029	+4.527	+3.148	+4.203	+4.189	+0.378	+0.396	+0.979	+4.104	+0.013	-0.006	+0.001	+4.033	+4.026	+2.620	+2.464	+0.137	+0.182	+0.183	+0.128	+0.128	+0.185	+0.127	+2.529	+0.179	+0.190	+0.239	+3.686	+0.394	+0.438	+0.453	+0.453	+0.454	+0.432	+0.428	+7.511	+4.409	+0.415	+0.415	+1.230	+7.634	+0.590	+0.531	+0.283	+0.214	+0.299	+0.177	+0.176	+0.299	+0.299	+0.172	+0.162	+0.300	+0.226	
rs217642       +0.139	-0.605	+4.551	+3.905	+3.881	+2.741	+3.348	+6.787	-0.477	+6.620	+4.869	-0.042	+3.259	-0.192	+4.479	+4.300	+5.076	+4.483	+4.410	+4.491	+2.845	+4.447	+4.446	-0.211	+3.712	-0.793	+4.458	+4.413	+5.479	+4.388	+4.346	-0.074	+4.266	+5.079	+4.213	+5.055	+4.224	+5.197	-0.730	+4.218	-0.190	+5.175	+5.175	+5.058	-0.677	+5.162	+4.101	+4.368	+4.201	-0.234	+4.201	+3.888	+4.201	+4.200	+4.200	-0.035	-0.166	-0.995	+3.698	+2.656	+4.162	+4.146	-0.781	-0.662	-0.149	+4.050	-0.982	-0.947	-0.963	+3.659	+3.657	+2.528	+2.333	-0.822	-0.750	-0.750	-0.841	-0.841	-0.746	-0.842	+2.414	-0.755	-0.742	-0.823	+2.389	-0.713	-0.675	-0.664	-0.663	-0.663	-0.679	-0.683	+6.591	+3.121	-0.698	-0.698	+0.177	+6.726	-0.568	-0.616	-0.790	-0.845	-0.784	-0.881	-0.882	-0.783	-0.783	-0.884	-0.890	-0.783	-0.850	
rs217686       +5.620	+4.551	+3.656	+5.644	+5.630	+4.962	+5.102	+7.584	+4.641	+7.445	+6.237	+3.733	+5.340	+3.857	+6.102	+5.992	+6.303	+6.106	+6.055	+6.112	+4.919	+6.082	+6.081	+3.851	+5.294	+6.636	+6.093	+6.058	+6.600	+6.040	+6.010	+3.507	+5.955	+6.400	+5.921	+6.382	+5.927	+6.488	+6.902	+5.922	+3.870	+6.471	+6.471	+6.384	+7.142	+6.360	+5.841	+6.033	+5.911	+3.751	+5.910	+5.707	+5.910	+5.909	+5.909	+3.495	+3.892	+4.436	+3.712	+4.727	+5.885	+5.874	+3.473	+3.226	+3.879	+5.809	+4.619	+4.825	+4.722	+5.395	+5.401	+5.173	+5.027	+3.609	+3.802	+3.808	+3.624	+3.624	+3.816	+3.623	+5.096	+3.796	+3.820	+3.251	+5.389	+3.248	+3.281	+3.287	+3.287	+3.287	+3.281	+3.278	+8.425	+6.058	+3.255	+3.255	+3.882	+8.610	+3.308	+3.284	+3.231	+3.221	+3.231	+3.209	+3.209	+3.231	+3.231	+3.212	+3.217	+3.231	+3.199	
rs217683       +3.953	+3.905	+5.644	+4.212	+4.237	+4.011	+6.549	+9.484	+4.775	+9.355	+7.869	+5.101	+4.023	+4.170	+4.594	+4.473	+7.986	+4.596	+4.544	+4.602	+3.966	+4.570	+4.569	+4.155	+4.193	+4.409	+4.579	+4.546	+8.319	+4.528	+4.499	+5.062	+4.446	+8.063	+4.412	+8.043	+4.419	+8.160	+4.531	+4.416	+4.178	+8.141	+8.141	+8.045	+4.640	+8.061	+4.344	+4.512	+4.405	+4.102	+4.405	+4.227	+4.405	+4.404	+4.404	+5.064	+4.196	+3.793	+5.313	+3.848	+4.382	+4.373	+4.688	+4.796	+4.189	+4.318	+3.844	+3.939	+3.894	+6.966	+6.986	+3.939	+3.868	+3.845	+3.982	+3.993	+3.823	+3.823	+4.001	+3.822	+3.898	+3.984	+4.004	+3.689	+9.884	+3.764	+3.813	+3.824	+3.824	+3.825	+3.808	+3.804	+11.121	+11.059	+3.779	+3.779	+5.731	+11.492	+3.909	+3.859	+3.722	+3.663	+3.728	+3.618	+3.618	+3.729	+3.729	+3.617	+3.615	+3.729	+3.640	
rs217681       +3.934	+3.881	+5.630	+4.237	+4.190	+3.985	+6.531	+9.468	+4.751	+9.340	+7.852	+5.077	+4.008	+4.149	+4.590	+4.466	+7.969	+4.593	+4.539	+4.599	+3.949	+4.566	+4.565	+4.134	+4.179	+4.389	+4.574	+4.541	+8.303	+4.523	+4.493	+5.039	+4.439	+8.046	+4.404	+8.026	+4.412	+8.143	+4.510	+4.408	+4.157	+8.124	+8.124	+8.028	+4.619	+8.044	+4.335	+4.506	+4.397	+4.082	+4.397	+4.215	+4.397	+4.396	+4.396	+5.041	+4.175	+3.772	+5.295	+3.830	+4.374	+4.364	+4.666	+4.775	+4.168	+4.308	+3.822	+3.917	+3.872	+6.949	+6.968	+3.922	+3.851	+3.824	+3.962	+3.973	+3.803	+3.802	+3.981	+3.802	+3.881	+3.964	+3.984	+3.668	+9.862	+3.742	+3.791	+3.802	+3.802	+3.803	+3.787	+3.782	+11.102	+11.036	+3.757	+3.757	+5.709	+11.471	+3.888	+3.838	+3.700	+3.642	+3.707	+3.597	+3.597	+3.707	+3.708	+3.596	+3.594	+3.708	+3.619	
rs58511        +3.021	+2.741	+4.962	+4.011	+3.985	+3.153	+5.706	+8.770	+3.512	+8.633	+7.077	+3.816	+3.491	+3.179	+4.498	+4.317	+7.201	+4.500	+4.423	+4.508	+3.268	+4.462	+4.461	+3.164	+3.777	+3.220	+4.471	+4.427	+7.546	+4.400	+4.357	+3.807	+4.276	+7.271	+4.224	+7.250	+4.236	+7.370	+3.332	+4.230	+3.187	+7.351	+7.351	+7.252	+3.430	+7.279	+4.119	+4.373	+4.214	+3.115	+4.213	+3.923	+4.213	+4.212	+4.212	+3.811	+3.205	+2.690	+4.585	+3.192	+4.173	+4.158	+3.384	+3.494	+3.203	+4.069	+2.732	+2.818	+2.778	+6.135	+6.151	+3.281	+3.182	+2.790	+2.919	+2.928	+2.767	+2.767	+2.935	+2.766	+3.223	+2.919	+2.939	+2.665	+8.259	+2.751	+2.801	+2.813	+2.813	+2.813	+2.797	+2.792	+10.155	+9.385	+2.766	+2.766	+4.510	+10.508	+2.900	+2.850	+2.702	+2.641	+2.709	+2.594	+2.594	+2.710	+2.710	+2.593	+2.590	+2.710	+2.619	
rs7148769      +3.579	+3.348	+5.102	+6.549	+6.531	+5.706	+3.715	+7.092	+3.010	+6.904	+5.026	+3.024	+6.166	+4.473	+7.084	+6.938	+5.113	+7.089	+7.033	+7.096	+5.922	+7.063	+7.063	+4.441	+6.273	+3.018	+7.073	+7.037	+5.528	+7.017	+6.983	+3.059	+6.920	+5.237	+6.886	+5.210	+6.888	+5.374	+3.011	+6.883	+4.475	+5.349	+5.349	+5.213	+3.009	+5.205	+6.792	+6.997	+6.869	+4.482	+6.869	+6.608	+6.869	+6.867	+6.867	+3.066	+4.525	+3.200	+4.297	+5.394	+6.837	+6.824	+3.114	+3.045	+4.606	+6.740	+3.175	+3.124	+3.145	+4.110	+4.110	+5.070	+4.930	+3.241	+3.306	+3.309	+3.216	+3.216	+3.312	+3.216	+4.998	+3.304	+3.320	+3.299	+5.277	+3.392	+3.504	+3.519	+3.519	+3.521	+3.503	+3.495	+8.326	+5.936	+3.413	+3.413	+4.209	+8.481	+3.563	+3.504	+3.312	+3.258	+3.322	+3.229	+3.228	+3.323	+3.323	+3.225	+3.217	+3.323	+3.271	
rs217669       +7.041	+6.787	+7.584	+9.484	+9.468	+8.770	+7.092	+7.432	+6.963	+7.375	+6.988	+6.771	+9.247	+7.020	+10.039	+9.900	+7.023	+10.043	+9.995	+10.049	+9.076	+10.021	+10.021	+7.014	+9.225	+6.917	+10.033	+9.997	+7.124	+9.979	+9.948	+6.712	+9.892	+7.010	+9.864	+7.007	+9.863	+7.030	+6.857	+9.859	+7.022	+7.026	+7.026	+7.007	+6.816	+7.041	+9.777	+9.960	+9.846	+7.038	+9.845	+9.606	+9.846	+9.844	+9.844	+6.704	+7.038	+7.256	+7.385	+8.434	+9.816	+9.805	+6.780	+6.682	+7.070	+9.725	+7.213	+7.095	+7.146	+6.905	+6.905	+8.064	+7.952	+6.870	+6.912	+6.915	+6.852	+6.852	+6.917	+6.853	+8.015	+6.911	+6.926	+6.970	+8.478	+7.066	+7.206	+7.222	+7.223	+7.225	+7.207	+7.199	+10.835	+9.118	+7.092	+7.092	+7.819	+11.052	+7.255	+7.188	+6.981	+6.926	+6.992	+6.908	+6.907	+6.992	+6.993	+6.902	+6.892	+6.993	+6.960	
rs8008341      +0.928	-0.477	+4.641	+4.775	+4.751	+3.512	+3.010	+6.963	-0.293	+6.784	+4.648	-0.346	+4.205	+0.050	+5.554	+5.379	+4.831	+5.557	+5.479	+5.565	+3.729	+5.519	+5.518	+0.036	+4.120	-0.272	+5.531	+5.483	+5.225	+5.455	+5.409	-0.327	+5.323	+4.853	+5.268	+4.829	+5.278	+4.968	-0.183	+5.272	+0.055	+4.946	+4.947	+4.832	-0.110	+4.914	+5.145	+5.436	+5.254	+0.005	+5.253	+4.925	+5.254	+5.252	+5.252	-0.336	+0.073	-0.631	+3.026	+3.105	+5.209	+5.192	-0.663	-0.660	+0.090	+5.089	-0.604	-0.547	-0.573	+3.472	+3.472	+3.035	+2.840	-0.495	-0.407	-0.407	-0.511	-0.511	-0.402	-0.512	+2.925	-0.413	-0.399	-0.541	+2.182	-0.450	-0.411	-0.401	-0.401	-0.401	-0.414	-0.418	+6.382	+2.864	-0.436	-0.436	+0.272	+6.496	-0.323	-0.366	-0.515	-0.563	-0.512	-0.598	-0.598	-0.511	-0.511	-0.600	-0.603	-0.511	-0.573	
rs217672       +6.878	+6.620	+7.445	+9.355	+9.340	+8.633	+6.904	+7.375	+6.784	+7.259	+6.831	+6.597	+9.109	+6.859	+9.906	+9.770	+6.875	+9.910	+9.862	+9.916	+8.933	+9.888	+9.888	+6.853	+9.092	+6.742	+9.900	+9.864	+6.983	+9.846	+9.815	+6.538	+9.759	+6.859	+9.730	+6.855	+9.729	+6.881	+6.682	+9.725	+6.861	+6.877	+6.877	+6.856	+6.642	+6.893	+9.643	+9.827	+9.712	+6.878	+9.712	+9.471	+9.712	+9.710	+9.710	+6.532	+6.878	+7.061	+7.217	+8.289	+9.682	+9.670	+6.622	+6.522	+6.923	+9.591	+7.019	+6.904	+6.953	+6.742	+6.742	+7.905	+7.785	+6.700	+6.738	+6.740	+6.683	+6.683	+6.742	+6.683	+7.856	+6.737	+6.751	+6.798	+8.299	+6.898	+7.037	+7.054	+7.054	+7.056	+7.038	+7.030	+10.673	+8.943	+6.919	+6.919	+7.623	+10.889	+7.081	+7.015	+6.810	+6.755	+6.821	+6.736	+6.735	+6.822	+6.822	+6.731	+6.721	+6.822	+6.787	
rs2274070      +4.977	+4.869	+6.237	+7.869	+7.852	+7.077	+5.026	+6.988	+4.648	+6.831	+5.347	+4.602	+7.520	+6.254	+8.382	+8.236	+5.424	+8.386	+8.336	+8.393	+7.296	+8.362	+8.362	+6.222	+7.578	+4.714	+8.372	+8.337	+5.696	+8.318	+8.286	+4.609	+8.226	+5.502	+8.195	+5.483	+8.195	+5.607	+4.678	+8.190	+6.260	+5.585	+5.585	+5.485	+4.653	+5.475	+8.103	+8.299	+8.177	+6.288	+8.176	+7.923	+8.176	+8.175	+8.175	+4.614	+6.317	+4.927	+5.296	+6.731	+8.147	+8.135	+4.988	+4.835	+6.416	+8.053	+4.894	+4.815	+4.848	+5.011	+5.011	+6.244	+6.116	+4.815	+4.844	+4.846	+4.800	+4.800	+4.848	+4.800	+6.179	+4.844	+4.857	+4.906	+6.724	+5.002	+5.132	+5.149	+5.149	+5.151	+5.133	+5.124	+9.470	+7.376	+5.025	+5.025	+5.857	+9.627	+5.183	+5.120	+4.919	+4.863	+4.931	+4.839	+4.838	+4.932	+4.932	+4.834	+4.825	+4.932	+4.887	
rs2296179      +1.089	-0.042	+3.733	+5.101	+5.077	+3.816	+3.024	+6.771	-0.346	+6.597	+4.602	-0.100	+4.548	+0.260	+5.924	+5.745	+4.771	+5.928	+5.848	+5.936	+4.046	+5.889	+5.888	+0.246	+5.145	-0.052	+5.901	+5.852	+5.155	+5.824	+5.777	-0.259	+5.691	+4.802	+5.635	+4.779	+5.645	+4.914	+0.040	+5.639	+0.265	+4.893	+4.893	+4.782	+0.116	+4.851	+5.511	+5.806	+5.621	+0.208	+5.621	+5.289	+5.621	+5.620	+5.620	-0.265	+0.283	-0.436	+2.773	+4.002	+5.578	+5.561	-0.492	-0.478	+0.304	+5.458	-0.407	-0.346	-0.374	+3.467	+3.469	+3.920	+3.699	-0.302	-0.211	-0.211	-0.319	-0.319	-0.206	-0.319	+3.796	-0.217	-0.202	-0.359	+2.204	-0.271	-0.231	-0.222	-0.221	-0.221	-0.234	-0.238	+6.372	+2.878	-0.256	-0.256	+0.382	+6.497	-0.147	-0.189	-0.334	-0.381	-0.331	-0.415	-0.416	-0.330	-0.330	-0.417	-0.420	-0.330	-0.392	
rs912376       +3.466	+3.259	+5.340	+4.023	+4.008	+3.491	+6.166	+9.247	+4.205	+9.109	+7.520	+4.548	+3.681	+3.690	+4.579	+4.390	+7.634	+4.580	+4.501	+4.588	+3.538	+4.541	+4.540	+3.673	+3.931	+3.820	+4.549	+4.506	+7.966	+4.479	+4.437	+4.552	+4.358	+7.704	+4.307	+7.683	+4.319	+7.802	+3.937	+4.313	+3.697	+7.783	+7.783	+7.685	+4.038	+7.702	+4.209	+4.450	+4.298	+3.624	+4.297	+4.033	+4.297	+4.296	+4.296	+4.540	+3.717	+3.227	+4.969	+3.465	+4.258	+4.244	+4.137	+4.245	+3.712	+4.162	+3.271	+3.361	+3.319	+6.578	+6.595	+3.577	+3.491	+3.329	+3.476	+3.478	+3.306	+3.306	+3.485	+3.305	+3.527	+3.468	+3.489	+3.171	+9.172	+3.254	+3.304	+3.315	+3.315	+3.316	+3.299	+3.294	+10.773	+10.178	+3.268	+3.268	+5.094	+10.996	+3.402	+3.352	+3.204	+3.144	+3.213	+3.099	+3.099	+3.213	+3.213	+3.097	+3.095	+3.214	+3.122	
rs217675       +0.901	-0.192	+3.857	+4.170	+4.149	+3.179	+4.473	+7.020	+0.050	+6.859	+6.254	+0.260	+3.690	+0.294	+4.747	+4.593	+6.451	+4.751	+4.686	+4.758	+3.373	+4.719	+4.719	+0.244	+3.948	-0.167	+4.732	+4.690	+6.876	+4.668	+4.630	+0.175	+4.558	+6.477	+4.509	+6.452	+4.521	+6.597	-0.123	+4.515	+0.254	+6.575	+6.575	+6.455	-0.087	+6.537	+4.408	+4.647	+4.499	+0.200	+4.499	+4.206	+4.499	+4.498	+4.498	+0.179	+0.260	-0.252	+4.417	+2.974	+4.464	+4.449	+0.092	+0.215	+0.248	+4.360	-0.249	-0.230	-0.239	+5.011	+5.010	+2.634	+2.470	-0.045	+0.023	+0.024	-0.067	-0.068	+0.028	-0.068	+2.545	+0.019	+0.033	-0.008	+3.135	+0.125	+0.170	+0.183	+0.183	+0.183	+0.164	+0.159	+7.241	+3.843	+0.141	+0.141	+1.072	+7.417	+0.299	+0.243	+0.031	-0.035	+0.039	-0.078	-0.079	+0.040	+0.040	-0.082	-0.089	+0.040	-0.039	
rs217679       +4.475	+4.479	+6.102	+4.594	+4.590	+4.498	+7.084	+10.039	+5.554	+9.906	+8.382	+5.924	+4.579	+4.747	+4.802	+4.758	+8.480	+4.842	+4.807	+4.846	+4.473	+4.825	+4.824	+4.730	+4.526	+5.104	+4.825	+4.811	+8.800	+4.800	+4.786	+5.906	+4.764	+8.557	+4.750	+8.536	+4.756	+8.653	+5.232	+4.755	+4.753	+8.634	+8.634	+8.538	+5.342	+8.544	+4.750	+4.784	+4.752	+4.677	+4.752	+4.760	+4.752	+4.751	+4.751	+5.888	+4.773	+4.408	+5.756	+4.365	+4.724	+4.720	+5.560	+5.662	+4.764	+4.705	+4.461	+4.561	+4.513	+7.475	+7.495	+4.351	+4.299	+4.457	+4.616	+4.617	+4.436	+4.435	+4.625	+4.435	+4.321	+4.607	+4.628	+4.261	+10.935	+4.333	+4.380	+4.391	+4.391	+4.392	+4.376	+4.371	+11.808	+11.970	+4.347	+4.347	+6.397	+12.039	+4.478	+4.427	+4.290	+4.234	+4.298	+4.190	+4.190	+4.299	+4.299	+4.190	+4.188	+4.299	+4.210	
rs217680       +4.335	+4.300	+5.992	+4.473	+4.466	+4.317	+6.938	+9.900	+5.379	+9.770	+8.236	+5.745	+4.390	+4.593	+4.758	+4.639	+8.335	+4.760	+4.712	+4.765	+4.312	+4.736	+4.736	+4.574	+4.413	+4.927	+4.740	+4.715	+8.656	+4.700	+4.677	+5.708	+4.638	+8.411	+4.614	+8.391	+4.620	+8.508	+5.054	+4.617	+4.596	+8.488	+8.489	+8.393	+5.142	+8.399	+4.576	+4.684	+4.610	+4.521	+4.610	+4.525	+4.610	+4.609	+4.609	+5.715	+4.617	+4.238	+5.632	+4.212	+4.589	+4.583	+5.347	+5.473	+4.618	+4.550	+4.289	+4.388	+4.341	+7.342	+7.362	+4.224	+4.168	+4.290	+4.439	+4.447	+4.265	+4.264	+4.455	+4.264	+4.192	+4.437	+4.465	+4.107	+10.678	+4.184	+4.234	+4.245	+4.245	+4.246	+4.229	+4.224	+11.626	+11.705	+4.198	+4.198	+6.224	+11.853	+4.332	+4.280	+4.140	+4.080	+4.147	+4.035	+4.035	+4.148	+4.148	+4.034	+4.032	+4.148	+4.057	
rs11158366     +5.080	+5.076	+6.303	+7.986	+7.969	+7.201	+5.113	+7.023	+4.831	+6.875	+5.424	+4.771	+7.634	+6.451	+8.480	+8.335	+5.508	+8.484	+8.436	+8.491	+7.411	+8.461	+8.460	+6.422	+7.677	+4.905	+8.470	+8.436	+5.749	+8.416	+8.385	+4.771	+8.324	+5.519	+8.294	+5.507	+8.293	+5.582	+4.864	+8.289	+6.459	+5.570	+5.570	+5.508	+4.835	+5.566	+8.203	+8.396	+8.276	+6.489	+8.275	+8.024	+8.275	+8.274	+8.274	+4.775	+6.519	+5.123	+5.513	+7.212	+8.247	+8.235	+5.228	+5.054	+6.621	+8.154	+5.088	+5.004	+5.039	+5.155	+5.155	+6.632	+6.495	+4.977	+5.004	+5.006	+4.983	+4.983	+5.007	+4.982	+6.562	+5.003	+5.016	+5.073	+6.740	+5.172	+5.302	+5.319	+5.320	+5.321	+5.303	+5.294	+9.716	+7.382	+5.195	+5.195	+5.957	+9.877	+5.358	+5.294	+5.087	+5.031	+5.100	+5.007	+5.006	+5.101	+5.101	+5.002	+4.992	+5.101	+5.057	
rs217645       +4.479	+4.483	+6.106	+4.596	+4.593	+4.500	+7.089	+10.043	+5.557	+9.910	+8.386	+5.928	+4.580	+4.751	+4.842	+4.760	+8.484	+4.806	+4.810	+4.848	+4.476	+4.828	+4.827	+4.734	+4.528	+5.109	+4.827	+4.814	+8.805	+4.803	+4.789	+5.912	+4.768	+8.561	+4.755	+8.540	+4.760	+8.657	+5.237	+4.759	+4.757	+8.638	+8.638	+8.543	+5.347	+8.548	+4.756	+4.787	+4.757	+4.680	+4.757	+4.768	+4.757	+4.755	+4.755	+5.894	+4.777	+4.412	+5.760	+4.369	+4.728	+4.724	+5.567	+5.668	+4.768	+4.709	+4.465	+4.565	+4.517	+7.479	+7.499	+4.354	+4.302	+4.461	+4.620	+4.622	+4.440	+4.440	+4.630	+4.439	+4.324	+4.611	+4.632	+4.265	+10.943	+4.336	+4.384	+4.395	+4.395	+4.395	+4.379	+4.375	+11.811	+11.977	+4.350	+4.350	+6.401	+12.043	+4.481	+4.431	+4.294	+4.237	+4.302	+4.194	+4.194	+4.302	+4.302	+4.193	+4.192	+4.303	+4.214	
rs217647       +4.419	+4.410	+6.055	+4.544	+4.539	+4.423	+7.033	+9.995	+5.479	+9.862	+8.336	+5.848	+4.501	+4.686	+4.807	+4.712	+8.436	+4.810	+4.738	+4.814	+4.410	+4.789	+4.789	+4.670	+4.480	+5.036	+4.791	+4.772	+8.755	+4.759	+4.740	+5.834	+4.711	+8.511	+4.692	+8.491	+4.698	+8.607	+5.163	+4.696	+4.693	+8.588	+8.588	+8.493	+5.273	+8.499	+4.675	+4.743	+4.692	+4.617	+4.691	+4.660	+4.691	+4.690	+4.690	+5.815	+4.713	+4.343	+5.710	+4.302	+4.667	+4.662	+5.485	+5.587	+4.705	+4.640	+4.396	+4.496	+4.448	+7.427	+7.447	+4.302	+4.249	+4.394	+4.552	+4.554	+4.373	+4.372	+4.561	+4.372	+4.271	+4.543	+4.564	+4.200	+10.857	+4.272	+4.320	+4.331	+4.331	+4.332	+4.316	+4.311	+11.757	+11.898	+4.287	+4.287	+6.332	+11.988	+4.418	+4.367	+4.229	+4.173	+4.237	+4.129	+4.129	+4.238	+4.238	+4.128	+4.127	+4.238	+4.149	
rs217648       +4.486	+4.491	+6.112	+4.602	+4.599	+4.508	+7.096	+10.049	+5.565	+9.916	+8.393	+5.936	+4.588	+4.758	+4.846	+4.765	+8.491	+4.848	+4.814	+4.813	+4.484	+4.832	+4.832	+4.741	+4.534	+5.117	+4.832	+4.819	+8.811	+4.808	+4.795	+5.921	+4.775	+8.567	+4.762	+8.547	+4.768	+8.663	+5.245	+4.767	+4.764	+8.644	+8.644	+8.549	+5.356	+8.555	+4.766	+4.793	+4.765	+4.688	+4.765	+4.782	+4.765	+4.763	+4.763	+5.902	+4.784	+4.420	+5.766	+4.376	+4.735	+4.732	+5.576	+5.678	+4.775	+4.718	+4.472	+4.573	+4.525	+7.486	+7.506	+4.360	+4.309	+4.469	+4.628	+4.630	+4.448	+4.447	+4.637	+4.446	+4.330	+4.619	+4.640	+4.272	+10.953	+4.343	+4.391	+4.402	+4.402	+4.403	+4.387	+4.382	+11.817	+11.987	+4.357	+4.357	+6.409	+12.049	+4.489	+4.438	+4.301	+4.245	+4.309	+4.201	+4.201	+4.309	+4.309	+4.201	+4.199	+4.310	+4.221	
rs217649       +3.041	+2.845	+4.919	+3.966	+3.949	+3.268	+5.922	+9.076	+3.729	+8.933	+7.296	+4.046	+3.538	+3.373	+4.473	+4.312	+7.411	+4.476	+4.410	+4.484	+3.329	+4.443	+4.442	+3.356	+3.858	+3.384	+4.453	+4.412	+7.753	+4.389	+4.351	+4.077	+4.279	+7.479	+4.233	+7.457	+4.243	+7.578	+3.496	+4.238	+3.380	+7.558	+7.558	+7.460	+3.591	+7.484	+4.139	+4.367	+4.223	+3.309	+4.223	+3.963	+4.223	+4.222	+4.222	+4.065	+3.402	+2.838	+4.769	+3.304	+4.190	+4.177	+3.631	+3.733	+3.400	+4.097	+2.879	+2.966	+2.926	+6.289	+6.293	+3.383	+3.286	+2.968	+3.112	+3.112	+2.944	+2.944	+3.120	+2.943	+3.327	+3.102	+3.123	+2.824	+8.402	+2.915	+2.965	+2.977	+2.977	+2.978	+2.960	+2.955	+9.992	+9.354	+2.931	+2.931	+4.623	+10.209	+3.066	+3.019	+2.864	+2.799	+2.873	+2.752	+2.751	+2.873	+2.874	+2.750	+2.746	+2.874	+2.779	
rs217650       +4.449	+4.447	+6.082	+4.570	+4.566	+4.462	+7.063	+10.021	+5.519	+9.888	+8.362	+5.889	+4.541	+4.719	+4.825	+4.736	+8.461	+4.828	+4.789	+4.832	+4.443	+4.772	+4.811	+4.703	+4.503	+5.074	+4.812	+4.796	+8.780	+4.784	+4.768	+5.876	+4.745	+8.536	+4.730	+8.516	+4.736	+8.632	+5.202	+4.735	+4.725	+8.613	+8.614	+8.518	+5.312	+8.524	+4.727	+4.769	+4.732	+4.649	+4.731	+4.732	+4.731	+4.730	+4.730	+5.859	+4.745	+4.378	+5.735	+4.337	+4.702	+4.698	+5.531	+5.633	+4.736	+4.681	+4.431	+4.531	+4.483	+7.454	+7.473	+4.327	+4.274	+4.428	+4.587	+4.589	+4.407	+4.406	+4.596	+4.406	+4.296	+4.578	+4.599	+4.232	+10.897	+4.303	+4.351	+4.362	+4.362	+4.363	+4.347	+4.342	+11.774	+11.930	+4.318	+4.318	+6.364	+12.005	+4.449	+4.398	+4.261	+4.205	+4.269	+4.161	+4.161	+4.270	+4.270	+4.161	+4.159	+4.270	+4.181	
rs217651       +4.449	+4.446	+6.081	+4.569	+4.565	+4.461	+7.063	+10.021	+5.518	+9.888	+8.362	+5.888	+4.540	+4.719	+4.824	+4.736	+8.460	+4.827	+4.789	+4.832	+4.442	+4.811	+4.771	+4.702	+4.503	+5.073	+4.811	+4.795	+8.779	+4.784	+4.768	+5.876	+4.744	+8.536	+4.730	+8.516	+4.735	+8.632	+5.201	+4.734	+4.724	+8.613	+8.613	+8.518	+5.311	+8.524	+4.727	+4.769	+4.731	+4.648	+4.731	+4.732	+4.731	+4.730	+4.730	+5.858	+4.744	+4.378	+5.734	+4.336	+4.702	+4.698	+5.530	+5.632	+4.736	+4.680	+4.430	+4.530	+4.482	+7.453	+7.473	+4.326	+4.274	+4.427	+4.586	+4.588	+4.406	+4.406	+4.596	+4.405	+4.296	+4.577	+4.598	+4.232	+10.896	+4.303	+4.350	+4.361	+4.361	+4.362	+4.346	+4.341	+11.773	+11.929	+4.317	+4.317	+6.363	+12.004	+4.448	+4.397	+4.260	+4.204	+4.268	+4.161	+4.161	+4.269	+4.269	+4.160	+4.159	+4.269	+4.180	
rs217652       +0.876	-0.211	+3.851	+4.155	+4.134	+3.164	+4.441	+7.014	+0.036	+6.853	+6.222	+0.246	+3.673	+0.244	+4.730	+4.574	+6.422	+4.734	+4.670	+4.741	+3.356	+4.703	+4.702	+0.275	+3.932	-0.183	+4.716	+4.673	+6.847	+4.651	+4.614	+0.162	+4.541	+6.446	+4.493	+6.422	+4.504	+6.567	-0.140	+4.499	+0.249	+6.544	+6.544	+6.425	-0.103	+6.508	+4.391	+4.631	+4.483	+0.188	+4.482	+4.189	+4.483	+4.481	+4.481	+0.166	+0.249	-0.269	+4.398	+2.958	+4.447	+4.433	+0.073	+0.194	+0.237	+4.344	-0.266	-0.247	-0.256	+4.985	+4.983	+2.620	+2.456	-0.063	+0.006	+0.007	-0.084	-0.085	+0.011	-0.085	+2.531	+0.002	+0.016	-0.026	+3.121	+0.106	+0.151	+0.164	+0.164	+0.165	+0.145	+0.141	+7.220	+3.828	+0.123	+0.123	+1.056	+7.395	+0.281	+0.224	+0.014	-0.052	+0.022	-0.095	-0.096	+0.022	+0.022	-0.099	-0.106	+0.023	-0.057	
rs217654       +3.986	+3.712	+5.294	+4.193	+4.179	+3.777	+6.273	+9.225	+4.120	+9.092	+7.578	+5.145	+3.931	+3.948	+4.526	+4.413	+7.677	+4.528	+4.480	+4.534	+3.858	+4.503	+4.503	+3.932	+3.983	+4.329	+4.513	+4.481	+7.994	+4.464	+4.436	+5.127	+4.383	+7.750	+4.349	+7.730	+4.356	+7.841	+4.458	+4.352	+3.952	+7.823	+7.823	+7.732	+4.569	+7.736	+4.280	+4.449	+4.341	+3.882	+4.341	+4.156	+4.341	+4.341	+4.341	+5.111	+3.972	+3.631	+5.010	+3.749	+4.320	+4.311	+4.129	+4.918	+3.963	+4.254	+3.684	+3.781	+3.736	+6.663	+6.676	+3.636	+3.579	+3.675	+3.832	+3.834	+3.657	+3.656	+3.842	+3.656	+3.603	+3.823	+3.845	+3.483	+9.207	+3.549	+3.595	+3.606	+3.606	+3.606	+3.591	+3.586	+10.771	+10.197	+3.562	+3.562	+5.646	+10.998	+3.688	+3.638	+3.504	+3.454	+3.512	+3.415	+3.415	+3.513	+3.513	+3.415	+3.414	+3.513	+3.432	
rs12589981     -0.038	-0.793	+6.636	+4.409	+4.389	+3.220	+3.018	+6.917	-0.272	+6.742	+4.714	-0.052	+3.820	-0.167	+5.104	+4.927	+4.905	+5.109	+5.036	+5.117	+3.384	+5.074	+5.073	-0.183	+4.329	-0.428	+5.085	+5.040	+5.211	+5.013	+4.971	+0.037	+4.885	+4.924	+4.832	+4.900	+4.842	+5.041	-0.488	+4.835	-0.164	+5.018	+5.019	+4.902	-0.375	+4.902	+4.712	+4.977	+4.816	-0.169	+4.815	+4.447	+4.815	+4.813	+4.813	+0.041	-0.144	-0.652	+4.682	+3.221	+4.764	+4.746	-0.636	-0.574	-0.115	+4.631	-0.667	-0.706	-0.692	+3.469	+3.472	+2.215	+2.047	-0.684	-0.638	-0.637	-0.700	-0.700	-0.635	-0.701	+2.119	-0.641	-0.630	-0.607	+2.308	-0.473	-0.420	-0.406	-0.406	-0.405	-0.426	-0.431	+6.566	+2.975	-0.454	-0.454	+0.377	+6.671	-0.292	-0.349	-0.575	-0.636	-0.564	-0.668	-0.669	-0.563	-0.563	-0.672	-0.681	-0.563	-0.624	
rs217656       +4.462	+4.458	+6.093	+4.579	+4.574	+4.471	+7.073	+10.033	+5.531	+9.900	+8.372	+5.901	+4.549	+4.732	+4.825	+4.740	+8.470	+4.827	+4.791	+4.832	+4.453	+4.812	+4.811	+4.716	+4.513	+5.085	+4.784	+4.797	+8.789	+4.785	+4.770	+5.888	+4.747	+8.546	+4.733	+8.526	+4.738	+8.642	+5.213	+4.737	+4.737	+8.623	+8.623	+8.528	+5.323	+8.534	+4.727	+4.772	+4.734	+4.661	+4.733	+4.729	+4.733	+4.732	+4.732	+5.871	+4.757	+4.390	+5.745	+4.347	+4.707	+4.703	+5.542	+5.645	+4.748	+4.685	+4.442	+4.542	+4.494	+7.464	+7.483	+4.337	+4.285	+4.440	+4.599	+4.600	+4.419	+4.418	+4.608	+4.417	+4.307	+4.590	+4.611	+4.244	+10.910	+4.315	+4.363	+4.374	+4.374	+4.374	+4.358	+4.354	+11.785	+11.943	+4.329	+4.329	+6.376	+12.017	+4.461	+4.410	+4.273	+4.216	+4.281	+4.173	+4.173	+4.281	+4.281	+4.172	+4.171	+4.282	+4.193	
rs217657       +4.421	+4.413	+6.058	+4.546	+4.541	+4.427	+7.037	+9.997	+5.483	+9.864	+8.337	+5.852	+4.506	+4.690	+4.811	+4.715	+8.436	+4.814	+4.772	+4.819	+4.412	+4.796	+4.795	+4.673	+4.481	+5.040	+4.797	+4.741	+8.755	+4.768	+4.750	+5.842	+4.723	+8.511	+4.707	+8.491	+4.713	+8.607	+5.167	+4.712	+4.694	+8.588	+8.588	+8.493	+5.277	+8.499	+4.699	+4.752	+4.708	+4.618	+4.708	+4.697	+4.708	+4.706	+4.706	+5.825	+4.714	+4.346	+5.710	+4.307	+4.679	+4.675	+5.496	+5.598	+4.706	+4.654	+4.398	+4.499	+4.451	+7.428	+7.447	+4.302	+4.248	+4.397	+4.556	+4.557	+4.376	+4.375	+4.565	+4.374	+4.271	+4.546	+4.567	+4.202	+10.852	+4.273	+4.321	+4.332	+4.332	+4.333	+4.317	+4.312	+11.739	+11.884	+4.288	+4.288	+6.328	+11.970	+4.419	+4.368	+4.231	+4.175	+4.239	+4.131	+4.131	+4.239	+4.240	+4.130	+4.129	+4.240	+4.151	
rs12894805     +5.550	+5.479	+6.600	+8.319	+8.303	+7.546	+5.528	+7.124	+5.225	+6.983	+5.696	+5.155	+7.966	+6.876	+8.800	+8.656	+5.749	+8.805	+8.755	+8.811	+7.753	+8.780	+8.779	+6.847	+7.994	+5.211	+8.789	+8.755	+5.901	+8.736	+8.704	+5.149	+8.645	+5.750	+8.615	+5.743	+8.614	+5.790	+5.184	+8.610	+6.886	+5.782	+5.782	+5.743	+5.166	+5.841	+8.524	+8.717	+8.597	+6.910	+8.596	+8.346	+8.596	+8.595	+8.595	+5.152	+6.942	+5.515	+5.662	+7.158	+8.568	+8.556	+5.667	+5.478	+7.035	+8.476	+5.349	+5.289	+5.316	+5.666	+5.666	+6.659	+6.535	+5.359	+5.381	+5.383	+5.347	+5.347	+5.385	+5.347	+6.597	+5.381	+5.393	+5.386	+7.297	+5.425	+5.507	+5.518	+5.518	+5.519	+5.507	+5.502	+9.953	+7.961	+5.438	+5.438	+6.303	+10.111	+5.543	+5.499	+5.383	+5.354	+5.388	+5.328	+5.327	+5.389	+5.389	+5.326	+5.322	+5.389	+5.354	
rs2119759      +4.400	+4.388	+6.040	+4.528	+4.523	+4.400	+7.017	+9.979	+5.455	+9.846	+8.318	+5.824	+4.479	+4.668	+4.800	+4.700	+8.416	+4.803	+4.759	+4.808	+4.389	+4.784	+4.784	+4.651	+4.464	+5.013	+4.785	+4.768	+8.736	+4.717	+4.736	+5.816	+4.707	+8.492	+4.690	+8.472	+4.696	+8.588	+5.141	+4.694	+4.671	+8.569	+8.569	+8.474	+5.251	+8.480	+4.677	+4.740	+4.690	+4.595	+4.690	+4.669	+4.690	+4.689	+4.689	+5.799	+4.691	+4.322	+5.692	+4.285	+4.661	+4.657	+5.470	+5.572	+4.683	+4.634	+4.374	+4.475	+4.427	+7.408	+7.427	+4.283	+4.229	+4.373	+4.532	+4.533	+4.352	+4.351	+4.541	+4.351	+4.251	+4.522	+4.543	+4.179	+10.817	+4.251	+4.298	+4.309	+4.309	+4.310	+4.294	+4.289	+11.712	+11.847	+4.265	+4.265	+6.300	+11.943	+4.396	+4.345	+4.208	+4.152	+4.216	+4.108	+4.108	+4.217	+4.217	+4.108	+4.106	+4.217	+4.128	
rs2119760      +4.363	+4.346	+6.010	+4.499	+4.493	+4.357	+6.983	+9.948	+5.409	+9.815	+8.286	+5.777	+4.437	+4.630	+4.786	+4.677	+8.385	+4.789	+4.740	+4.795	+4.351	+4.768	+4.768	+4.614	+4.436	+4.971	+4.770	+4.750	+8.704	+4.736	+4.678	+5.770	+4.680	+8.460	+4.659	+8.440	+4.666	+8.557	+5.098	+4.664	+4.633	+8.537	+8.538	+8.442	+5.208	+8.449	+4.638	+4.719	+4.658	+4.558	+4.658	+4.615	+4.658	+4.657	+4.657	+5.754	+4.653	+4.282	+5.662	+4.246	+4.631	+4.625	+5.422	+5.524	+4.644	+4.599	+4.333	+4.433	+4.385	+7.375	+7.394	+4.251	+4.197	+4.333	+4.492	+4.493	+4.312	+4.312	+4.501	+4.311	+4.220	+4.482	+4.503	+4.141	+10.767	+4.213	+4.260	+4.271	+4.271	+4.272	+4.256	+4.251	+11.675	+11.797	+4.227	+4.227	+6.259	+11.906	+4.358	+4.307	+4.170	+4.113	+4.178	+4.070	+4.070	+4.178	+4.179	+4.069	+4.068	+4.179	+4.090	
rs10483748     +1.353	-0.074	+3.507	+5.062	+5.039	+3.807	+3.059	+6.712	-0.327	+6.538	+4.609	-0.259	+4.552	+0.175	+5.906	+5.708	+4.771	+5.912	+5.834	+5.921	+4.077	+5.876	+5.876	+0.162	+5.127	+0.037	+5.888	+5.842	+5.149	+5.816	+5.770	-0.026	+5.686	+4.806	+5.631	+4.783	+5.641	+4.916	+0.126	+5.635	+0.180	+4.896	+4.896	+4.786	+0.203	+4.849	+5.509	+5.799	+5.617	+0.138	+5.617	+5.288	+5.617	+5.616	+5.616	-0.177	+0.195	-0.358	+2.721	+3.981	+5.576	+5.559	-0.438	-0.427	+0.213	+5.456	-0.328	-0.266	-0.295	+3.494	+3.496	+3.875	+3.658	-0.234	-0.145	-0.144	-0.253	-0.253	-0.139	-0.253	+3.752	-0.150	-0.134	-0.290	+2.243	-0.202	-0.163	-0.153	-0.153	-0.153	-0.165	-0.169	+6.395	+2.913	-0.188	-0.188	+0.473	+6.527	-0.078	-0.120	-0.265	-0.312	-0.262	-0.347	-0.347	-0.261	-0.261	-0.348	-0.352	-0.261	-0.323	
rs2610546      +4.295	+4.266	+5.955	+4.446	+4.439	+4.276	+6.920	+9.892	+5.323	+9.759	+8.226	+5.691	+4.358	+4.558	+4.764	+4.638	+8.324	+4.768	+4.711	+4.775	+4.279	+4.745	+4.744	+4.541	+4.383	+4.885	+4.747	+4.723	+8.645	+4.707	+4.680	+5.686	+4.601	+8.400	+4.613	+8.380	+4.621	+8.496	+5.012	+4.618	+4.558	+8.477	+8.477	+8.382	+5.121	+8.389	+4.579	+4.691	+4.611	+4.483	+4.610	+4.535	+4.610	+4.609	+4.609	+5.671	+4.578	+4.202	+5.606	+4.175	+4.581	+4.575	+5.338	+5.441	+4.570	+4.541	+4.254	+4.353	+4.306	+7.312	+7.332	+4.191	+4.134	+4.257	+4.415	+4.416	+4.236	+4.236	+4.424	+4.235	+4.158	+4.405	+4.426	+4.067	+10.656	+4.139	+4.187	+4.198	+4.198	+4.199	+4.183	+4.178	+11.592	+11.684	+4.154	+4.154	+6.173	+11.822	+4.285	+4.234	+4.096	+4.039	+4.104	+3.996	+3.996	+4.105	+4.105	+3.995	+3.994	+4.105	+4.016	
rs1475241      +5.172	+5.079	+6.400	+8.063	+8.046	+7.271	+5.237	+7.010	+4.853	+6.859	+5.502	+4.802	+7.704	+6.477	+8.557	+8.411	+5.519	+8.561	+8.511	+8.567	+7.479	+8.536	+8.536	+6.446	+7.750	+4.924	+8.546	+8.511	+5.750	+8.492	+8.460	+4.806	+8.400	+5.550	+8.370	+5.572	+8.369	+5.651	+4.885	+8.365	+6.484	+5.636	+5.636	+5.573	+4.859	+5.561	+8.278	+8.473	+8.351	+6.514	+8.351	+8.099	+8.351	+8.350	+8.350	+4.810	+6.542	+5.140	+5.445	+6.905	+8.322	+8.310	+5.220	+5.057	+6.645	+8.228	+5.107	+5.026	+5.060	+5.192	+5.192	+6.417	+6.289	+5.013	+5.042	+5.044	+4.999	+4.999	+5.046	+4.999	+6.352	+5.042	+5.054	+5.105	+6.894	+5.201	+5.333	+5.350	+5.350	+5.352	+5.333	+5.325	+9.608	+7.548	+5.223	+5.223	+6.051	+9.765	+5.383	+5.319	+5.117	+5.062	+5.130	+5.038	+5.037	+5.131	+5.131	+5.033	+5.024	+5.131	+5.087	
rs2023213      +4.250	+4.213	+5.921	+4.412	+4.404	+4.224	+6.886	+9.864	+5.268	+9.730	+8.195	+5.635	+4.307	+4.509	+4.750	+4.614	+8.294	+4.755	+4.692	+4.762	+4.233	+4.730	+4.730	+4.493	+4.349	+4.832	+4.733	+4.707	+8.615	+4.690	+4.659	+5.631	+4.613	+8.370	+4.551	+8.350	+4.591	+8.467	+4.958	+4.588	+4.509	+8.447	+8.448	+8.352	+5.067	+8.359	+4.539	+4.673	+4.580	+4.434	+4.580	+4.480	+4.580	+4.578	+4.578	+5.616	+4.529	+4.152	+5.571	+4.128	+4.550	+4.542	+5.283	+5.386	+4.521	+4.503	+4.203	+4.302	+4.254	+7.280	+7.299	+4.153	+4.095	+4.207	+4.365	+4.366	+4.186	+4.186	+4.374	+4.185	+4.119	+4.356	+4.376	+4.018	+10.579	+4.091	+4.139	+4.150	+4.150	+4.151	+4.135	+4.130	+11.535	+11.604	+4.106	+4.106	+6.114	+11.764	+4.237	+4.186	+4.048	+3.991	+4.056	+3.947	+3.947	+4.056	+4.056	+3.947	+3.945	+4.057	+3.967	
rs2023211      +5.150	+5.055	+6.382	+8.043	+8.026	+7.250	+5.210	+7.007	+4.829	+6.855	+5.483	+4.779	+7.683	+6.452	+8.536	+8.391	+5.507	+8.540	+8.491	+8.547	+7.457	+8.516	+8.516	+6.422	+7.730	+4.900	+8.526	+8.491	+5.743	+8.472	+8.440	+4.783	+8.380	+5.572	+8.350	+5.527	+8.349	+5.645	+4.861	+8.344	+6.460	+5.629	+5.629	+5.561	+4.835	+5.550	+8.258	+8.453	+8.331	+6.489	+8.330	+8.078	+8.331	+8.329	+8.329	+4.788	+6.518	+5.116	+5.427	+6.884	+8.302	+8.289	+5.194	+5.033	+6.620	+8.208	+5.082	+5.002	+5.036	+5.171	+5.171	+6.396	+6.269	+4.991	+5.019	+5.021	+4.977	+4.977	+5.023	+4.977	+6.332	+5.019	+5.032	+5.083	+6.873	+5.178	+5.310	+5.327	+5.327	+5.329	+5.311	+5.302	+9.590	+7.527	+5.201	+5.201	+6.028	+9.747	+5.360	+5.297	+5.095	+5.040	+5.108	+5.016	+5.015	+5.108	+5.108	+5.011	+5.001	+5.109	+5.064	
rs2209227      +4.259	+4.224	+5.927	+4.419	+4.412	+4.236	+6.888	+9.863	+5.278	+9.729	+8.195	+5.645	+4.319	+4.521	+4.756	+4.620	+8.293	+4.760	+4.698	+4.768	+4.243	+4.736	+4.735	+4.504	+4.356	+4.842	+4.738	+4.713	+8.614	+4.696	+4.666	+5.641	+4.621	+8.369	+4.591	+8.349	+4.562	+8.466	+4.969	+4.597	+4.520	+8.447	+8.447	+8.351	+5.078	+8.358	+4.550	+4.680	+4.589	+4.445	+4.588	+4.495	+4.588	+4.587	+4.587	+5.627	+4.540	+4.162	+5.576	+4.138	+4.558	+4.551	+5.294	+5.397	+4.532	+4.513	+4.213	+4.312	+4.265	+7.280	+7.300	+4.160	+4.103	+4.218	+4.376	+4.377	+4.197	+4.197	+4.384	+4.196	+4.127	+4.366	+4.387	+4.029	+10.602	+4.102	+4.150	+4.160	+4.161	+4.161	+4.145	+4.140	+11.551	+11.629	+4.116	+4.116	+6.130	+11.781	+4.248	+4.197	+4.058	+4.002	+4.066	+3.958	+3.958	+4.067	+4.067	+3.957	+3.956	+4.067	+3.978	
rs35693214     +5.277	+5.197	+6.488	+8.160	+8.143	+7.370	+5.374	+7.030	+4.968	+6.881	+5.607	+4.914	+7.802	+6.597	+8.653	+8.508	+5.582	+8.657	+8.607	+8.663	+7.578	+8.632	+8.632	+6.567	+7.841	+5.041	+8.642	+8.607	+5.790	+8.588	+8.557	+4.916	+8.496	+5.651	+8.467	+5.645	+8.466	+5.665	+5.001	+8.461	+6.605	+5.688	+5.688	+5.646	+4.974	+5.620	+8.375	+8.569	+8.448	+6.636	+8.447	+8.196	+8.447	+8.446	+8.446	+4.921	+6.663	+5.259	+5.531	+6.997	+8.419	+8.406	+5.347	+5.179	+6.767	+8.325	+5.226	+5.145	+5.178	+5.299	+5.300	+6.513	+6.386	+5.125	+5.153	+5.156	+5.111	+5.111	+5.157	+5.112	+6.449	+5.153	+5.166	+5.218	+6.994	+5.313	+5.446	+5.463	+5.464	+5.465	+5.447	+5.439	+9.689	+7.647	+5.336	+5.336	+6.164	+9.846	+5.496	+5.432	+5.230	+5.175	+5.243	+5.151	+5.150	+5.244	+5.244	+5.146	+5.137	+5.244	+5.200	
rs12433612     -0.028	-0.730	+6.902	+4.531	+4.510	+3.332	+3.011	+6.857	-0.183	+6.682	+4.678	+0.040	+3.937	-0.123	+5.232	+5.054	+4.864	+5.237	+5.163	+5.245	+3.496	+5.202	+5.201	-0.140	+4.458	-0.488	+5.213	+5.167	+5.184	+5.141	+5.098	+0.126	+5.012	+4.885	+4.958	+4.861	+4.969	+5.001	-0.375	+4.962	-0.121	+4.979	+4.979	+4.864	-0.451	+4.876	+4.838	+5.104	+4.943	-0.122	+4.942	+4.569	+4.942	+4.940	+4.940	+0.130	-0.101	-0.568	+4.868	+3.343	+4.890	+4.872	-0.571	-0.509	-0.070	+4.756	-0.586	-0.636	-0.617	+3.461	+3.464	+2.273	+2.105	-0.636	-0.594	-0.593	-0.652	-0.652	-0.591	-0.653	+2.177	-0.596	-0.586	-0.551	+2.351	-0.414	-0.359	-0.345	-0.345	-0.344	-0.366	-0.370	+6.616	+3.016	-0.394	-0.394	+0.433	+6.719	-0.229	-0.287	-0.519	-0.581	-0.507	-0.612	-0.613	-0.507	-0.507	-0.617	-0.626	-0.506	-0.567	
rs217636       +4.254	+4.218	+5.922	+4.416	+4.408	+4.230	+6.883	+9.859	+5.272	+9.725	+8.190	+5.639	+4.313	+4.515	+4.755	+4.617	+8.289	+4.759	+4.696	+4.767	+4.238	+4.735	+4.734	+4.499	+4.352	+4.835	+4.737	+4.712	+8.610	+4.694	+4.664	+5.635	+4.618	+8.365	+4.588	+8.344	+4.597	+8.461	+4.962	+4.556	+4.514	+8.442	+8.442	+8.346	+5.071	+8.354	+4.546	+4.679	+4.586	+4.439	+4.585	+4.490	+4.585	+4.584	+4.584	+5.621	+4.534	+4.156	+5.572	+4.133	+4.555	+4.547	+5.287	+5.390	+4.526	+4.509	+4.207	+4.306	+4.259	+7.275	+7.295	+4.156	+4.098	+4.212	+4.370	+4.371	+4.191	+4.191	+4.379	+4.190	+4.122	+4.360	+4.381	+4.023	+10.596	+4.096	+4.144	+4.155	+4.155	+4.156	+4.139	+4.135	+11.546	+11.622	+4.110	+4.111	+6.124	+11.775	+4.242	+4.191	+4.053	+3.996	+4.061	+3.952	+3.952	+4.061	+4.061	+3.952	+3.950	+4.062	+3.973	
rs217635       +0.900	-0.190	+3.870	+4.178	+4.157	+3.187	+4.475	+7.022	+0.055	+6.861	+6.260	+0.265	+3.697	+0.254	+4.753	+4.596	+6.459	+4.757	+4.693	+4.764	+3.380	+4.725	+4.724	+0.249	+3.952	-0.164	+4.737	+4.694	+6.886	+4.671	+4.633	+0.180	+4.558	+6.484	+4.509	+6.460	+4.520	+6.605	-0.121	+4.514	+0.297	+6.582	+6.582	+6.463	-0.085	+6.546	+4.407	+4.646	+4.499	+0.201	+4.498	+4.205	+4.498	+4.497	+4.497	+0.184	+0.260	-0.250	+4.430	+2.974	+4.463	+4.449	+0.098	+0.222	+0.247	+4.359	-0.246	-0.227	-0.236	+5.021	+5.019	+2.635	+2.471	-0.043	+0.026	+0.027	-0.065	-0.065	+0.031	-0.065	+2.545	+0.022	+0.036	-0.005	+3.140	+0.128	+0.172	+0.185	+0.185	+0.186	+0.167	+0.162	+7.233	+3.848	+0.145	+0.145	+1.077	+7.409	+0.302	+0.246	+0.034	-0.032	+0.042	-0.075	-0.076	+0.043	+0.043	-0.079	-0.086	+0.043	-0.037	
rs9323375      +5.257	+5.175	+6.471	+8.141	+8.124	+7.351	+5.349	+7.026	+4.946	+6.877	+5.585	+4.893	+7.783	+6.575	+8.634	+8.488	+5.570	+8.638	+8.588	+8.644	+7.558	+8.613	+8.613	+6.544	+7.823	+5.018	+8.623	+8.588	+5.782	+8.569	+8.537	+4.896	+8.477	+5.636	+8.447	+5.629	+8.447	+5.688	+4.979	+8.442	+6.582	+5.644	+5.677	+5.630	+4.952	+5.608	+8.356	+8.550	+8.429	+6.613	+8.428	+8.177	+8.428	+8.427	+8.427	+4.900	+6.640	+5.237	+5.514	+6.978	+8.400	+8.387	+5.324	+5.156	+6.744	+8.306	+5.203	+5.122	+5.156	+5.279	+5.279	+6.494	+6.367	+5.104	+5.132	+5.134	+5.090	+5.090	+5.136	+5.090	+6.430	+5.132	+5.145	+5.197	+6.975	+5.292	+5.425	+5.442	+5.442	+5.444	+5.426	+5.417	+9.672	+7.628	+5.315	+5.315	+6.143	+9.829	+5.475	+5.411	+5.209	+5.154	+5.222	+5.130	+5.129	+5.223	+5.223	+5.125	+5.116	+5.223	+5.179	
rs9323376      +5.257	+5.175	+6.471	+8.141	+8.124	+7.351	+5.349	+7.026	+4.947	+6.877	+5.585	+4.893	+7.783	+6.575	+8.634	+8.489	+5.570	+8.638	+8.588	+8.644	+7.558	+8.614	+8.613	+6.544	+7.823	+5.019	+8.623	+8.588	+5.782	+8.569	+8.538	+4.896	+8.477	+5.636	+8.448	+5.629	+8.447	+5.688	+4.979	+8.442	+6.582	+5.677	+5.644	+5.630	+4.952	+5.608	+8.356	+8.550	+8.429	+6.613	+8.428	+8.177	+8.429	+8.427	+8.427	+4.900	+6.641	+5.237	+5.514	+6.978	+8.400	+8.387	+5.324	+5.156	+6.744	+8.306	+5.203	+5.122	+5.156	+5.279	+5.280	+6.494	+6.367	+5.104	+5.132	+5.135	+5.090	+5.090	+5.136	+5.091	+6.430	+5.132	+5.145	+5.197	+6.975	+5.292	+5.425	+5.442	+5.442	+5.444	+5.426	+5.417	+9.672	+7.628	+5.315	+5.315	+6.143	+9.829	+5.475	+5.411	+5.209	+5.154	+5.222	+5.130	+5.129	+5.223	+5.223	+5.125	+5.116	+5.223	+5.179	
rs9323377      +5.153	+5.058	+6.384	+8.045	+8.028	+7.252	+5.213	+7.007	+4.832	+6.856	+5.485	+4.782	+7.685	+6.455	+8.538	+8.393	+5.508	+8.543	+8.493	+8.549	+7.460	+8.518	+8.518	+6.425	+7.732	+4.902	+8.528	+8.493	+5.743	+8.474	+8.442	+4.786	+8.382	+5.573	+8.352	+5.561	+8.351	+5.646	+4.864	+8.346	+6.463	+5.630	+5.630	+5.530	+4.838	+5.551	+8.260	+8.455	+8.333	+6.492	+8.333	+8.080	+8.333	+8.331	+8.331	+4.790	+6.520	+5.118	+5.429	+6.886	+8.304	+8.292	+5.197	+5.035	+6.623	+8.210	+5.085	+5.004	+5.039	+5.173	+5.173	+6.398	+6.271	+4.993	+5.022	+5.024	+4.979	+4.979	+5.025	+4.979	+6.334	+5.021	+5.034	+5.085	+6.875	+5.181	+5.313	+5.329	+5.330	+5.331	+5.313	+5.305	+9.592	+7.529	+5.203	+5.203	+6.031	+9.749	+5.363	+5.299	+5.097	+5.042	+5.110	+5.018	+5.017	+5.111	+5.111	+5.013	+5.004	+5.111	+5.067	
rs12882643     -0.016	-0.677	+7.142	+4.640	+4.619	+3.430	+3.009	+6.816	-0.110	+6.642	+4.653	+0.116	+4.038	-0.087	+5.342	+5.142	+4.835	+5.347	+5.273	+5.356	+3.591	+5.312	+5.311	-0.103	+4.569	-0.375	+5.323	+5.277	+5.166	+5.251	+5.208	+0.203	+5.121	+4.859	+5.067	+4.835	+5.078	+4.974	-0.451	+5.071	-0.085	+4.952	+4.952	+4.838	-0.329	+4.860	+4.946	+5.214	+5.052	-0.083	+5.051	+4.675	+5.052	+5.049	+5.049	+0.207	-0.064	-0.489	+5.028	+3.435	+4.998	+4.980	-0.516	-0.453	-0.033	+4.862	-0.508	-0.570	-0.546	+3.459	+3.460	+2.326	+2.157	-0.595	-0.555	-0.554	-0.611	-0.611	-0.552	-0.611	+2.230	-0.557	-0.547	-0.502	+2.390	-0.361	-0.305	-0.291	-0.290	-0.290	-0.312	-0.316	+6.662	+3.053	-0.342	-0.341	+0.483	+6.762	-0.173	-0.232	-0.469	-0.532	-0.458	-0.563	-0.564	-0.457	-0.457	-0.568	-0.577	-0.457	-0.516	
rs17099333     +5.263	+5.162	+6.360	+8.061	+8.044	+7.279	+5.205	+7.041	+4.914	+6.893	+5.475	+4.851	+7.702	+6.537	+8.544	+8.399	+5.566	+8.548	+8.499	+8.555	+7.484	+8.524	+8.524	+6.508	+7.736	+4.902	+8.534	+8.499	+5.841	+8.480	+8.449	+4.849	+8.389	+5.561	+8.359	+5.550	+8.358	+5.620	+4.876	+8.354	+6.546	+5.608	+5.608	+5.551	+4.860	+5.592	+8.268	+8.462	+8.341	+6.568	+8.340	+8.088	+8.340	+8.339	+8.339	+4.853	+6.602	+5.200	+5.424	+6.895	+8.312	+8.300	+5.328	+5.148	+6.698	+8.219	+5.040	+4.980	+5.005	+5.311	+5.313	+6.405	+6.280	+5.057	+5.082	+5.084	+5.045	+5.045	+5.085	+5.045	+6.342	+5.082	+5.094	+5.085	+7.044	+5.125	+5.207	+5.218	+5.218	+5.219	+5.207	+5.202	+9.750	+7.711	+5.139	+5.139	+6.016	+9.907	+5.246	+5.202	+5.083	+5.054	+5.089	+5.027	+5.026	+5.089	+5.089	+5.025	+5.021	+5.089	+5.053	
rs217634       +4.152	+4.101	+5.841	+4.344	+4.335	+4.119	+6.792	+9.777	+5.145	+9.643	+8.103	+5.511	+4.209	+4.408	+4.750	+4.576	+8.203	+4.756	+4.675	+4.766	+4.139	+4.727	+4.727	+4.391	+4.280	+4.712	+4.727	+4.699	+8.524	+4.677	+4.638	+5.509	+4.579	+8.278	+4.539	+8.258	+4.550	+8.375	+4.838	+4.546	+4.407	+8.356	+8.356	+8.260	+4.946	+8.268	+4.444	+4.660	+4.535	+4.333	+4.535	+4.388	+4.535	+4.533	+4.533	+5.495	+4.427	+4.041	+5.489	+4.031	+4.498	+4.488	+5.156	+5.260	+4.419	+4.438	+4.091	+4.190	+4.143	+7.186	+7.205	+4.070	+4.009	+4.101	+4.257	+4.258	+4.079	+4.079	+4.266	+4.078	+4.035	+4.248	+4.268	+3.915	+10.447	+3.988	+4.036	+4.047	+4.047	+4.048	+4.032	+4.027	+11.438	+11.471	+4.003	+4.003	+6.000	+11.666	+4.134	+4.083	+3.945	+3.887	+3.952	+3.844	+3.844	+3.953	+3.953	+3.843	+3.841	+3.953	+3.864	
rs217633       +4.378	+4.368	+6.033	+4.512	+4.506	+4.373	+6.997	+9.960	+5.436	+9.827	+8.299	+5.806	+4.450	+4.647	+4.784	+4.684	+8.396	+4.787	+4.743	+4.793	+4.367	+4.769	+4.769	+4.631	+4.449	+4.977	+4.772	+4.752	+8.717	+4.740	+4.719	+5.799	+4.691	+8.473	+4.673	+8.453	+4.680	+8.569	+5.104	+4.679	+4.646	+8.550	+8.550	+8.455	+5.214	+8.462	+4.660	+4.696	+4.675	+4.571	+4.675	+4.645	+4.675	+4.674	+4.674	+5.785	+4.666	+4.293	+5.684	+4.264	+4.647	+4.642	+5.460	+5.563	+4.658	+4.618	+4.344	+4.444	+4.396	+7.389	+7.409	+4.265	+4.210	+4.352	+4.511	+4.512	+4.331	+4.330	+4.520	+4.330	+4.233	+4.501	+4.522	+4.158	+10.773	+4.229	+4.277	+4.288	+4.288	+4.289	+4.273	+4.268	+11.677	+11.802	+4.244	+4.244	+6.266	+11.907	+4.374	+4.324	+4.187	+4.130	+4.195	+4.087	+4.087	+4.195	+4.196	+4.086	+4.085	+4.196	+4.107	
rs177803       +4.239	+4.201	+5.911	+4.405	+4.397	+4.214	+6.869	+9.846	+5.254	+9.712	+8.177	+5.621	+4.298	+4.499	+4.752	+4.610	+8.276	+4.757	+4.692	+4.765	+4.223	+4.732	+4.731	+4.483	+4.341	+4.816	+4.734	+4.708	+8.597	+4.690	+4.658	+5.617	+4.611	+8.351	+4.580	+8.331	+4.589	+8.448	+4.943	+4.586	+4.499	+8.429	+8.429	+8.333	+5.052	+8.341	+4.535	+4.675	+4.540	+4.424	+4.577	+4.474	+4.577	+4.576	+4.576	+5.603	+4.518	+4.139	+5.559	+4.118	+4.547	+4.539	+5.269	+5.372	+4.510	+4.499	+4.190	+4.290	+4.242	+7.262	+7.281	+4.142	+4.084	+4.196	+4.354	+4.354	+4.175	+4.174	+4.362	+4.174	+4.109	+4.344	+4.365	+4.007	+10.577	+4.080	+4.128	+4.138	+4.139	+4.139	+4.123	+4.118	+11.531	+11.603	+4.094	+4.094	+6.106	+11.760	+4.226	+4.175	+4.037	+3.980	+4.045	+3.936	+3.936	+4.045	+4.045	+3.936	+3.934	+4.046	+3.957	
