## Summary of overall evidence for association with region:
## log10(BF for region) = 0.436787
## p-value for region = NA

## BFs for choosing among multi-SNP models:
## log10(average 1-SNP BF) = 0.460503
## log10(average 2-SNP BF) = 0.385076

## Example posterior probabilities for multi-SNP models, based on default prior: [p(l) propto 0.5^l for l=1,2,...,L]
## posterior probability of 1-SNP = 0.704084
## posterior probability of 2-SNP = 0.295916

## log10(BF) for single SNP and pair of SNPs:
rs9911368      -0.621	+0.191	-0.791	-0.055	-0.841	-0.936	-0.946	-0.835	-0.833	-0.856	-0.856	-0.857	-0.858	+0.241	-0.327	+0.155	+0.146	+0.146	+0.162	+0.146	+0.083	+0.102	+0.123	+0.154	+0.158	+0.120	-0.361	+0.172	+0.186	+0.186	+0.192	+0.314	-0.108	+0.316	+0.195	+0.196	+0.105	+0.085	+0.265	+0.195	+0.194	+0.197	+0.187	+0.189	+0.207	+0.193	+0.199	-0.082	+0.201	+0.199	+0.323	-0.057	+0.194	+0.245	+0.290	+0.230	-0.057	+0.227	+0.129	-0.077	+0.164	+0.165	+0.076	+0.296	+0.329	+0.332	+0.332	+0.300	+0.327	+0.329	+0.329	+0.318	+0.318	+0.465	+0.307	-0.047	+0.243	+0.353	+0.310	+0.263	+0.341	+0.279	+0.275	+0.274	+0.364	+0.334	+0.283	-0.933	+0.301	+0.292	+0.315	+0.315	+0.289	+0.290	+0.297	+0.292	+0.320	-0.903	+0.331	-0.385	+0.266	-0.379	-0.419	-0.380	+0.231	+0.201	-0.387	-0.384	-0.420	+0.273	-0.938	-0.635	-1.068	-0.149	-0.668	-0.662	-0.664	-0.619	-0.553	-0.692	-0.249	-0.253	-0.253	-1.068	-0.239	-0.253	-0.196	-1.085	-0.200	-0.282	-0.630	-0.220	-0.180	-0.220	-1.084	-0.280	-0.238	-1.067	-0.246	-0.270	-0.254	-0.280	-0.295	-1.058	-0.286	-1.075	-0.295	-0.488	-0.297	-0.279	-0.275	-0.280	-0.906	-0.281	-0.294	-1.038	-0.350	-0.396	-0.287	-0.363	-0.363	-0.975	-0.326	-0.326	-1.040	-0.327	-0.397	-0.175	+0.003	-0.480	-0.279	-0.371	-0.268	-0.487	-0.246	-0.498	-0.280	-0.268	-1.093	
rs2641441      +0.191	+0.668	+0.196	+0.562	+0.210	+0.173	+0.230	+0.224	+0.228	+0.109	+0.109	+0.109	+0.388	+0.652	+0.379	+0.697	+0.690	+0.690	+0.702	+0.690	+0.644	+0.657	+0.673	+0.695	+0.698	+0.701	+0.462	+0.709	+0.719	+0.719	+0.724	+0.796	+0.851	+0.797	+0.722	+0.724	+0.664	+0.632	+0.775	+0.723	+0.722	+0.724	+0.720	+0.721	+0.735	+0.724	+0.726	+0.872	+0.727	+0.726	+0.800	+0.876	+0.722	+0.760	+0.775	+0.748	+0.877	+0.746	+0.672	+0.858	+0.698	+0.698	+0.611	+0.799	+0.822	+0.824	+0.824	+0.801	+0.820	+0.822	+0.822	+0.814	+0.814	+1.341	+0.823	+0.887	+0.758	+0.823	+0.807	+0.773	+0.831	+0.785	+0.782	+0.781	+0.849	+0.826	+0.788	+0.239	+0.802	+0.797	+0.812	+0.812	+0.792	+0.793	+0.799	+0.795	+0.786	+0.048	+0.824	+0.313	+0.759	+0.317	+0.293	+0.316	+0.733	+0.711	+0.313	+0.314	+0.295	+0.764	+0.069	+0.232	+0.199	+0.555	+0.191	+0.200	+0.199	+0.222	+0.234	+0.178	+0.473	+0.470	+0.471	+0.198	+0.481	+0.471	+0.513	+0.153	+0.510	+0.387	+0.215	+0.495	+0.533	+0.495	+0.158	+0.388	+0.481	+0.201	+0.476	+0.464	+0.477	+0.450	+0.439	+0.223	+0.446	+0.102	+0.440	+0.292	+0.438	+0.451	+0.454	+0.450	+0.318	+0.457	+0.440	+0.261	+0.399	+0.341	+0.446	+0.396	+0.396	+0.233	+0.417	+0.417	+0.258	+0.416	+0.366	+0.531	+0.660	+0.336	+0.483	+0.379	+0.492	+0.290	+0.508	+0.306	+0.482	+0.492	+0.131	
rs11078780     -0.791	+0.196	-0.620	-0.050	-0.836	-0.934	-0.945	-0.831	-0.830	-0.842	-0.842	-0.844	-0.857	+0.245	-0.324	+0.160	+0.151	+0.150	+0.166	+0.150	+0.088	+0.106	+0.127	+0.158	+0.162	+0.124	-0.358	+0.177	+0.190	+0.190	+0.197	+0.315	-0.109	+0.316	+0.199	+0.201	+0.110	+0.086	+0.270	+0.199	+0.198	+0.201	+0.191	+0.193	+0.212	+0.197	+0.203	-0.083	+0.205	+0.203	+0.324	-0.058	+0.199	+0.249	+0.291	+0.234	-0.057	+0.232	+0.133	-0.078	+0.169	+0.169	+0.077	+0.301	+0.334	+0.337	+0.337	+0.305	+0.331	+0.333	+0.333	+0.323	+0.323	+0.464	+0.312	-0.048	+0.248	+0.354	+0.314	+0.268	+0.345	+0.283	+0.280	+0.279	+0.369	+0.339	+0.288	-0.931	+0.306	+0.296	+0.319	+0.319	+0.294	+0.294	+0.301	+0.297	+0.325	-0.898	+0.335	-0.379	+0.271	-0.372	-0.413	-0.374	+0.236	+0.206	-0.381	-0.377	-0.414	+0.278	-0.935	-0.633	-1.067	-0.147	-0.665	-0.659	-0.662	-0.616	-0.549	-0.689	-0.247	-0.251	-0.251	-1.067	-0.237	-0.251	-0.194	-1.084	-0.198	-0.281	-0.628	-0.217	-0.178	-0.218	-1.083	-0.279	-0.236	-1.066	-0.244	-0.269	-0.252	-0.278	-0.293	-1.057	-0.284	-1.073	-0.293	-0.487	-0.295	-0.277	-0.273	-0.278	-0.905	-0.280	-0.292	-1.038	-0.348	-0.397	-0.285	-0.361	-0.361	-0.974	-0.324	-0.324	-1.039	-0.325	-0.396	-0.173	+0.006	-0.478	-0.277	-0.372	-0.266	-0.486	-0.245	-0.498	-0.278	-0.266	-1.091	
rs2641435      -0.055	+0.562	-0.050	+0.409	-0.037	-0.067	-0.007	-0.024	-0.021	-0.129	-0.129	-0.129	+0.144	+0.543	+0.198	+0.534	+0.527	+0.527	+0.539	+0.527	+0.479	+0.492	+0.509	+0.532	+0.535	+0.537	+0.267	+0.548	+0.559	+0.559	+0.564	+0.669	+0.644	+0.670	+0.563	+0.565	+0.500	+0.486	+0.616	+0.563	+0.562	+0.565	+0.559	+0.561	+0.576	+0.564	+0.566	+0.665	+0.568	+0.566	+0.675	+0.673	+0.563	+0.602	+0.647	+0.590	+0.673	+0.588	+0.511	+0.654	+0.538	+0.538	+0.470	+0.641	+0.665	+0.667	+0.667	+0.643	+0.663	+0.665	+0.665	+0.657	+0.657	+1.143	+0.667	+0.683	+0.600	+0.700	+0.650	+0.616	+0.674	+0.629	+0.626	+0.625	+0.693	+0.669	+0.630	+0.004	+0.644	+0.639	+0.654	+0.654	+0.634	+0.635	+0.641	+0.637	+0.630	-0.170	+0.668	+0.127	+0.600	+0.131	+0.105	+0.130	+0.573	+0.551	+0.126	+0.128	+0.107	+0.605	-0.147	+0.032	-0.043	+0.377	-0.008	+0.001	-0.000	+0.025	+0.039	-0.023	+0.292	+0.289	+0.290	-0.044	+0.301	+0.290	+0.334	-0.085	+0.331	+0.217	+0.017	+0.316	+0.354	+0.316	-0.081	+0.218	+0.301	-0.041	+0.295	+0.283	+0.296	+0.268	+0.257	-0.021	+0.264	-0.129	+0.258	+0.106	+0.255	+0.269	+0.272	+0.268	+0.079	+0.275	+0.257	+0.016	+0.215	+0.162	+0.264	+0.211	+0.211	-0.003	+0.234	+0.234	+0.013	+0.232	+0.180	+0.352	+0.487	+0.143	+0.298	+0.199	+0.306	+0.100	+0.323	+0.118	+0.296	+0.306	-0.105	
rs903164       -0.841	+0.210	-0.836	-0.037	-0.621	-0.943	-0.951	-0.758	-0.757	-0.738	-0.738	-0.741	-0.867	+0.256	-0.337	+0.139	+0.130	+0.130	+0.145	+0.130	+0.068	+0.086	+0.107	+0.137	+0.141	+0.105	-0.364	+0.156	+0.169	+0.169	+0.176	+0.299	-0.114	+0.300	+0.178	+0.179	+0.089	+0.070	+0.248	+0.178	+0.177	+0.180	+0.170	+0.172	+0.190	+0.176	+0.182	-0.089	+0.184	+0.182	+0.307	-0.064	+0.177	+0.227	+0.275	+0.212	-0.064	+0.210	+0.113	-0.085	+0.148	+0.148	+0.062	+0.279	+0.311	+0.314	+0.314	+0.282	+0.308	+0.310	+0.310	+0.300	+0.300	+0.455	+0.291	-0.054	+0.226	+0.337	+0.291	+0.246	+0.322	+0.261	+0.257	+0.256	+0.345	+0.316	+0.266	-0.929	+0.284	+0.274	+0.297	+0.297	+0.271	+0.272	+0.279	+0.274	+0.302	-0.900	+0.312	-0.393	+0.247	-0.386	-0.426	-0.388	+0.213	+0.183	-0.394	-0.391	-0.427	+0.254	-0.938	-0.641	-1.070	-0.157	-0.672	-0.666	-0.668	-0.623	-0.556	-0.695	-0.257	-0.261	-0.260	-1.070	-0.247	-0.261	-0.204	-1.087	-0.208	-0.280	-0.635	-0.227	-0.188	-0.227	-1.086	-0.278	-0.246	-1.069	-0.254	-0.277	-0.261	-0.288	-0.303	-1.060	-0.293	-1.076	-0.303	-0.495	-0.304	-0.286	-0.283	-0.288	-0.913	-0.289	-0.302	-1.041	-0.357	-0.405	-0.295	-0.370	-0.370	-0.979	-0.333	-0.333	-1.042	-0.335	-0.404	-0.184	-0.006	-0.485	-0.286	-0.380	-0.275	-0.485	-0.254	-0.505	-0.287	-0.275	-1.094	
rs3752962      -0.936	+0.173	-0.934	-0.067	-0.943	-0.603	-0.902	-0.939	-0.937	-0.938	-0.937	-0.938	-0.819	+0.282	-0.330	+0.156	+0.147	+0.147	+0.162	+0.147	+0.084	+0.103	+0.123	+0.154	+0.158	+0.121	-0.363	+0.176	+0.189	+0.190	+0.196	+0.338	-0.079	+0.339	+0.198	+0.199	+0.110	+0.107	+0.264	+0.198	+0.197	+0.200	+0.190	+0.192	+0.210	+0.196	+0.202	-0.053	+0.204	+0.202	+0.347	-0.019	+0.198	+0.247	+0.314	+0.233	-0.019	+0.230	+0.133	-0.040	+0.168	+0.168	+0.098	+0.295	+0.327	+0.330	+0.330	+0.299	+0.325	+0.327	+0.327	+0.316	+0.316	+0.534	+0.308	-0.008	+0.246	+0.377	+0.308	+0.266	+0.339	+0.281	+0.277	+0.276	+0.361	+0.332	+0.282	-0.923	+0.300	+0.290	+0.313	+0.313	+0.288	+0.288	+0.295	+0.291	+0.320	-0.913	+0.329	-0.385	+0.261	-0.378	-0.418	-0.380	+0.228	+0.197	-0.387	-0.383	-0.419	+0.268	-0.935	-0.637	-1.045	-0.148	-0.665	-0.658	-0.660	-0.617	-0.554	-0.688	-0.249	-0.253	-0.252	-1.046	-0.239	-0.253	-0.197	-1.062	-0.201	-0.266	-0.628	-0.220	-0.179	-0.220	-1.061	-0.264	-0.238	-1.045	-0.246	-0.268	-0.251	-0.279	-0.294	-1.036	-0.285	-1.051	-0.294	-0.473	-0.296	-0.278	-0.274	-0.279	-0.874	-0.279	-0.293	-1.016	-0.348	-0.379	-0.286	-0.360	-0.360	-0.947	-0.324	-0.324	-1.018	-0.326	-0.395	-0.176	-0.001	-0.477	-0.278	-0.353	-0.267	-0.472	-0.246	-0.482	-0.279	-0.267	-1.069	
rs1131600      -0.946	+0.230	-0.945	-0.007	-0.951	-0.902	-0.515	-0.947	-0.946	-0.957	-0.957	-0.957	-0.645	+0.342	-0.215	+0.309	+0.299	+0.299	+0.315	+0.299	+0.234	+0.253	+0.275	+0.306	+0.311	+0.274	-0.232	+0.332	+0.346	+0.346	+0.353	+0.521	-0.009	+0.523	+0.355	+0.357	+0.263	+0.274	+0.421	+0.355	+0.354	+0.357	+0.347	+0.349	+0.368	+0.353	+0.359	+0.015	+0.362	+0.359	+0.531	+0.043	+0.355	+0.407	+0.496	+0.391	+0.043	+0.389	+0.285	+0.022	+0.322	+0.322	+0.264	+0.453	+0.485	+0.488	+0.488	+0.456	+0.482	+0.484	+0.484	+0.473	+0.473	+0.567	+0.486	+0.053	+0.404	+0.561	+0.464	+0.424	+0.496	+0.440	+0.436	+0.435	+0.520	+0.490	+0.438	-0.847	+0.456	+0.444	+0.470	+0.470	+0.444	+0.444	+0.451	+0.447	+0.443	-0.840	+0.487	-0.271	+0.401	-0.264	-0.305	-0.266	+0.366	+0.335	-0.274	-0.269	-0.306	+0.409	-0.810	-0.454	-0.953	+0.102	-0.486	-0.471	-0.473	-0.429	-0.409	-0.511	-0.017	-0.022	-0.021	-0.953	-0.006	-0.022	+0.042	-0.968	+0.037	-0.098	-0.441	+0.016	+0.069	+0.016	-0.967	-0.096	-0.005	-0.952	-0.014	-0.033	-0.013	-0.052	-0.069	-0.944	-0.058	-0.938	-0.069	-0.290	-0.071	-0.050	-0.046	-0.052	-0.731	-0.044	-0.068	-0.925	-0.131	-0.195	-0.065	-0.137	-0.137	-0.821	-0.103	-0.103	-0.926	-0.105	-0.183	+0.063	+0.240	-0.269	-0.048	-0.167	-0.034	-0.322	-0.010	-0.300	-0.048	-0.034	-0.974	
rs3803806      -0.835	+0.224	-0.831	-0.024	-0.758	-0.939	-0.947	-0.616	-0.751	-0.704	-0.705	-0.702	-0.866	+0.267	-0.330	+0.148	+0.139	+0.139	+0.155	+0.139	+0.077	+0.095	+0.116	+0.147	+0.150	+0.113	-0.356	+0.164	+0.178	+0.178	+0.184	+0.302	-0.112	+0.303	+0.186	+0.188	+0.098	+0.074	+0.257	+0.186	+0.185	+0.189	+0.179	+0.181	+0.199	+0.184	+0.190	-0.086	+0.193	+0.191	+0.310	-0.062	+0.186	+0.236	+0.278	+0.221	-0.062	+0.219	+0.122	-0.083	+0.156	+0.157	+0.065	+0.288	+0.320	+0.323	+0.323	+0.292	+0.318	+0.320	+0.320	+0.310	+0.310	+0.455	+0.299	-0.052	+0.235	+0.340	+0.301	+0.254	+0.332	+0.270	+0.266	+0.265	+0.355	+0.325	+0.275	-0.922	+0.293	+0.283	+0.306	+0.306	+0.281	+0.281	+0.288	+0.284	+0.313	-0.891	+0.322	-0.383	+0.257	-0.377	-0.417	-0.378	+0.223	+0.193	-0.385	-0.382	-0.418	+0.264	-0.931	-0.635	-1.065	-0.151	-0.665	-0.660	-0.662	-0.616	-0.547	-0.689	-0.251	-0.255	-0.254	-1.066	-0.241	-0.255	-0.198	-1.082	-0.202	-0.275	-0.628	-0.221	-0.182	-0.221	-1.081	-0.273	-0.240	-1.065	-0.248	-0.272	-0.256	-0.282	-0.297	-1.056	-0.287	-1.071	-0.297	-0.493	-0.298	-0.281	-0.277	-0.282	-0.910	-0.283	-0.296	-1.037	-0.351	-0.403	-0.289	-0.364	-0.364	-0.976	-0.327	-0.327	-1.038	-0.329	-0.398	-0.177	+0.001	-0.479	-0.281	-0.379	-0.269	-0.480	-0.248	-0.503	-0.282	-0.269	-1.090	
rs12451788     -0.833	+0.228	-0.830	-0.021	-0.757	-0.937	-0.946	-0.751	-0.614	-0.697	-0.697	-0.694	-0.866	+0.271	-0.327	+0.152	+0.143	+0.143	+0.158	+0.143	+0.081	+0.099	+0.119	+0.150	+0.154	+0.117	-0.353	+0.168	+0.181	+0.181	+0.188	+0.303	-0.111	+0.304	+0.190	+0.191	+0.101	+0.076	+0.261	+0.190	+0.189	+0.192	+0.182	+0.184	+0.202	+0.188	+0.194	-0.085	+0.196	+0.194	+0.312	-0.061	+0.189	+0.239	+0.279	+0.224	-0.061	+0.222	+0.125	-0.082	+0.160	+0.160	+0.066	+0.292	+0.324	+0.327	+0.327	+0.295	+0.321	+0.323	+0.323	+0.313	+0.313	+0.456	+0.302	-0.052	+0.238	+0.341	+0.304	+0.258	+0.335	+0.273	+0.269	+0.268	+0.358	+0.329	+0.279	-0.920	+0.297	+0.287	+0.310	+0.310	+0.284	+0.285	+0.292	+0.287	+0.317	-0.887	+0.325	-0.380	+0.261	-0.374	-0.414	-0.375	+0.227	+0.197	-0.382	-0.378	-0.415	+0.268	-0.929	-0.633	-1.064	-0.149	-0.663	-0.658	-0.660	-0.614	-0.544	-0.687	-0.249	-0.253	-0.252	-1.064	-0.239	-0.253	-0.196	-1.081	-0.200	-0.273	-0.626	-0.219	-0.180	-0.219	-1.080	-0.271	-0.238	-1.063	-0.245	-0.270	-0.254	-0.280	-0.295	-1.054	-0.285	-1.069	-0.295	-0.491	-0.296	-0.278	-0.275	-0.280	-0.910	-0.281	-0.294	-1.035	-0.349	-0.402	-0.287	-0.362	-0.363	-0.975	-0.325	-0.325	-1.037	-0.327	-0.396	-0.175	+0.004	-0.477	-0.279	-0.378	-0.267	-0.479	-0.246	-0.502	-0.280	-0.267	-1.088	
rs11870150     -0.856	+0.109	-0.842	-0.129	-0.738	-0.938	-0.957	-0.704	-0.697	-0.648	-0.785	-0.793	-0.852	+0.216	-0.387	+0.083	+0.074	+0.074	+0.089	+0.074	+0.013	+0.031	+0.051	+0.081	+0.085	+0.051	-0.419	+0.103	+0.116	+0.116	+0.122	+0.286	-0.121	+0.286	+0.124	+0.126	+0.037	+0.051	+0.190	+0.125	+0.123	+0.127	+0.117	+0.119	+0.137	+0.123	+0.129	-0.097	+0.131	+0.129	+0.294	-0.065	+0.124	+0.173	+0.261	+0.159	-0.065	+0.157	+0.060	-0.086	+0.095	+0.095	+0.046	+0.221	+0.252	+0.256	+0.256	+0.224	+0.250	+0.252	+0.252	+0.242	+0.242	+0.469	+0.240	-0.055	+0.172	+0.323	+0.233	+0.192	+0.264	+0.207	+0.203	+0.202	+0.287	+0.257	+0.208	-0.969	+0.226	+0.217	+0.239	+0.238	+0.214	+0.214	+0.221	+0.216	+0.240	-0.963	+0.254	-0.451	+0.187	-0.445	-0.484	-0.446	+0.153	+0.123	-0.453	-0.449	-0.485	+0.194	-0.976	-0.677	-1.088	-0.189	-0.709	-0.701	-0.703	-0.660	-0.606	-0.732	-0.291	-0.295	-0.294	-1.088	-0.281	-0.295	-0.238	-1.107	-0.242	-0.302	-0.671	-0.262	-0.220	-0.262	-1.106	-0.300	-0.280	-1.087	-0.288	-0.308	-0.292	-0.321	-0.336	-1.077	-0.326	-1.101	-0.336	-0.506	-0.337	-0.320	-0.316	-0.321	-0.910	-0.320	-0.335	-1.056	-0.390	-0.406	-0.328	-0.401	-0.401	-0.990	-0.366	-0.366	-1.058	-0.368	-0.438	-0.219	-0.045	-0.519	-0.318	-0.378	-0.307	-0.508	-0.286	-0.513	-0.319	-0.307	-1.116	
rs6503188      -0.856	+0.109	-0.842	-0.129	-0.738	-0.937	-0.957	-0.705	-0.697	-0.785	-0.648	-0.792	-0.852	+0.216	-0.387	+0.083	+0.074	+0.074	+0.089	+0.074	+0.012	+0.031	+0.051	+0.081	+0.085	+0.051	-0.419	+0.103	+0.116	+0.116	+0.122	+0.286	-0.121	+0.286	+0.124	+0.126	+0.037	+0.051	+0.190	+0.125	+0.123	+0.127	+0.117	+0.119	+0.137	+0.123	+0.129	-0.097	+0.131	+0.129	+0.294	-0.065	+0.124	+0.173	+0.261	+0.159	-0.065	+0.157	+0.060	-0.085	+0.095	+0.095	+0.046	+0.221	+0.252	+0.256	+0.256	+0.224	+0.250	+0.252	+0.252	+0.242	+0.242	+0.469	+0.240	-0.054	+0.172	+0.323	+0.233	+0.192	+0.264	+0.207	+0.203	+0.202	+0.287	+0.257	+0.208	-0.969	+0.226	+0.217	+0.239	+0.238	+0.214	+0.214	+0.221	+0.216	+0.240	-0.963	+0.254	-0.451	+0.187	-0.445	-0.484	-0.446	+0.153	+0.123	-0.453	-0.449	-0.485	+0.194	-0.976	-0.677	-1.088	-0.189	-0.709	-0.701	-0.703	-0.660	-0.606	-0.731	-0.291	-0.295	-0.294	-1.088	-0.281	-0.295	-0.238	-1.107	-0.242	-0.301	-0.671	-0.262	-0.220	-0.262	-1.106	-0.299	-0.280	-1.087	-0.288	-0.308	-0.292	-0.321	-0.336	-1.077	-0.326	-1.100	-0.336	-0.505	-0.337	-0.320	-0.316	-0.321	-0.909	-0.320	-0.335	-1.056	-0.390	-0.406	-0.327	-0.401	-0.401	-0.989	-0.366	-0.366	-1.058	-0.368	-0.438	-0.218	-0.045	-0.519	-0.318	-0.377	-0.307	-0.508	-0.286	-0.513	-0.319	-0.307	-1.115	
rs11078793     -0.857	+0.109	-0.844	-0.129	-0.741	-0.938	-0.957	-0.702	-0.694	-0.793	-0.792	-0.648	-0.851	+0.216	-0.388	+0.081	+0.072	+0.072	+0.088	+0.072	+0.011	+0.029	+0.049	+0.080	+0.083	+0.049	-0.420	+0.101	+0.115	+0.115	+0.121	+0.286	-0.121	+0.286	+0.123	+0.125	+0.036	+0.051	+0.189	+0.123	+0.122	+0.125	+0.115	+0.118	+0.136	+0.121	+0.127	-0.096	+0.129	+0.127	+0.294	-0.065	+0.123	+0.172	+0.261	+0.157	-0.065	+0.155	+0.059	-0.085	+0.093	+0.093	+0.046	+0.219	+0.251	+0.254	+0.254	+0.223	+0.248	+0.250	+0.250	+0.240	+0.240	+0.470	+0.239	-0.054	+0.171	+0.323	+0.232	+0.190	+0.262	+0.205	+0.202	+0.201	+0.285	+0.256	+0.206	-0.969	+0.224	+0.215	+0.237	+0.237	+0.212	+0.213	+0.219	+0.215	+0.238	-0.964	+0.253	-0.452	+0.185	-0.446	-0.485	-0.447	+0.151	+0.122	-0.454	-0.451	-0.486	+0.192	-0.976	-0.677	-1.088	-0.189	-0.709	-0.701	-0.703	-0.660	-0.606	-0.732	-0.291	-0.295	-0.294	-1.088	-0.281	-0.295	-0.238	-1.107	-0.243	-0.301	-0.671	-0.262	-0.220	-0.262	-1.106	-0.299	-0.280	-1.087	-0.288	-0.308	-0.292	-0.321	-0.336	-1.077	-0.327	-1.100	-0.336	-0.505	-0.338	-0.320	-0.316	-0.321	-0.909	-0.320	-0.335	-1.056	-0.390	-0.406	-0.328	-0.401	-0.401	-0.989	-0.366	-0.367	-1.058	-0.368	-0.438	-0.219	-0.045	-0.520	-0.318	-0.377	-0.307	-0.507	-0.287	-0.513	-0.319	-0.307	-1.115	
rs77393586     -0.858	+0.388	-0.857	+0.144	-0.867	-0.819	-0.645	-0.866	-0.866	-0.852	-0.852	-0.851	-0.394	+0.512	+0.002	+0.498	+0.487	+0.487	+0.504	+0.487	+0.420	+0.441	+0.462	+0.494	+0.499	+0.461	-0.069	+0.520	+0.534	+0.534	+0.541	+0.696	+0.038	+0.698	+0.544	+0.545	+0.449	+0.446	+0.612	+0.544	+0.543	+0.546	+0.535	+0.537	+0.557	+0.542	+0.548	+0.062	+0.551	+0.548	+0.706	+0.088	+0.543	+0.597	+0.670	+0.581	+0.088	+0.579	+0.471	+0.068	+0.509	+0.510	+0.435	+0.646	+0.678	+0.682	+0.682	+0.649	+0.676	+0.678	+0.678	+0.666	+0.666	+0.605	+0.679	+0.098	+0.594	+0.737	+0.657	+0.615	+0.690	+0.632	+0.628	+0.626	+0.715	+0.684	+0.630	-0.729	+0.649	+0.633	+0.663	+0.663	+0.636	+0.636	+0.643	+0.639	+0.634	-0.658	+0.680	-0.103	+0.591	-0.096	-0.139	-0.098	+0.555	+0.523	-0.105	-0.102	-0.140	+0.599	-0.663	-0.290	-0.846	+0.294	-0.320	-0.303	-0.306	-0.260	-0.243	-0.346	+0.169	+0.164	+0.165	-0.847	+0.180	+0.164	+0.231	-0.850	+0.225	+0.065	-0.272	+0.203	+0.260	+0.203	-0.850	+0.067	+0.181	-0.846	+0.172	+0.153	+0.173	+0.132	+0.115	-0.843	+0.126	-0.780	+0.114	-0.128	+0.113	+0.134	+0.138	+0.132	-0.604	+0.141	+0.116	-0.831	+0.049	-0.032	+0.115	+0.045	+0.045	-0.680	+0.080	+0.080	-0.832	+0.078	-0.004	+0.252	+0.433	-0.093	+0.135	-0.006	+0.150	-0.170	+0.175	-0.140	+0.135	+0.150	-0.849	
rs2760748      +0.241	+0.652	+0.245	+0.543	+0.256	+0.282	+0.342	+0.267	+0.271	+0.216	+0.216	+0.216	+0.512	+0.770	+0.428	+0.698	+0.691	+0.691	+0.702	+0.691	+0.649	+0.661	+0.675	+0.695	+0.698	+0.707	+0.526	+0.707	+0.716	+0.716	+0.721	+0.781	+0.892	+0.782	+0.719	+0.721	+0.665	+0.630	+0.768	+0.719	+0.718	+0.721	+0.717	+0.718	+0.731	+0.721	+0.722	+0.913	+0.724	+0.722	+0.785	+0.916	+0.719	+0.754	+0.762	+0.743	+0.916	+0.741	+0.673	+0.898	+0.697	+0.697	+0.615	+0.790	+0.812	+0.814	+0.814	+0.792	+0.811	+0.812	+0.812	+0.805	+0.805	+1.362	+0.813	+0.926	+0.752	+0.807	+0.799	+0.766	+0.821	+0.777	+0.774	+0.774	+0.837	+0.816	+0.781	+0.357	+0.793	+0.789	+0.803	+0.803	+0.785	+0.785	+0.790	+0.787	+0.778	+0.147	+0.814	+0.355	+0.753	+0.358	+0.338	+0.358	+0.730	+0.710	+0.355	+0.356	+0.340	+0.758	+0.164	+0.324	+0.343	+0.577	+0.256	+0.264	+0.262	+0.282	+0.295	+0.246	+0.502	+0.500	+0.500	+0.340	+0.510	+0.500	+0.539	+0.290	+0.536	+0.433	+0.276	+0.523	+0.557	+0.523	+0.295	+0.434	+0.510	+0.343	+0.505	+0.494	+0.506	+0.481	+0.471	+0.369	+0.477	+0.225	+0.472	+0.341	+0.470	+0.482	+0.484	+0.481	+0.451	+0.487	+0.472	+0.411	+0.435	+0.384	+0.477	+0.433	+0.433	+0.362	+0.452	+0.452	+0.407	+0.451	+0.406	+0.556	+0.675	+0.388	+0.520	+0.418	+0.527	+0.364	+0.542	+0.356	+0.518	+0.528	+0.265	
rs2641436      -0.327	+0.379	-0.324	+0.198	-0.337	-0.330	-0.215	-0.330	-0.327	-0.387	-0.387	-0.388	+0.002	+0.428	+0.120	+0.277	+0.267	+0.267	+0.283	+0.267	+0.205	+0.223	+0.243	+0.273	+0.277	+0.229	-0.114	+0.346	+0.360	+0.360	+0.367	+0.461	+0.291	+0.459	+0.366	+0.368	+0.263	+0.249	+0.379	+0.366	+0.365	+0.369	+0.360	+0.363	+0.386	+0.367	+0.371	+0.310	+0.373	+0.371	+0.467	+0.320	+0.365	+0.427	+0.439	+0.408	+0.320	+0.404	+0.288	+0.303	+0.328	+0.328	+0.263	+0.412	+0.443	+0.447	+0.447	+0.412	+0.441	+0.443	+0.443	+0.432	+0.431	+0.754	+0.468	+0.331	+0.417	+0.493	+0.421	+0.441	+0.455	+0.460	+0.455	+0.454	+0.481	+0.447	+0.393	-0.217	+0.411	+0.408	+0.426	+0.426	+0.398	+0.399	+0.405	+0.401	+0.369	-0.336	+0.442	-0.166	+0.341	-0.163	-0.181	-0.164	+0.307	+0.279	-0.167	-0.165	-0.182	+0.349	-0.344	-0.256	-0.050	+0.029	-0.279	-0.275	-0.276	-0.260	-0.225	-0.288	-0.044	-0.047	-0.046	-0.053	-0.037	-0.047	-0.007	-0.123	-0.010	+0.182	-0.263	-0.024	+0.007	-0.024	-0.116	+0.183	-0.037	-0.049	-0.042	-0.054	-0.044	-0.063	-0.074	-0.032	-0.067	-0.266	-0.073	-0.100	-0.074	-0.062	-0.060	-0.063	-0.067	-0.063	-0.073	+0.023	-0.109	-0.017	-0.067	-0.117	-0.117	-0.161	-0.094	-0.094	+0.017	-0.095	-0.139	+0.008	+0.141	-0.163	-0.061	+0.003	-0.053	+0.030	-0.039	-0.109	-0.062	-0.053	-0.159	
rs2760744      +0.155	+0.697	+0.160	+0.534	+0.139	+0.156	+0.309	+0.148	+0.152	+0.083	+0.083	+0.081	+0.498	+0.698	+0.277	+0.576	+0.504	+0.504	+0.510	+0.504	+0.486	+0.489	+0.494	+0.501	+0.502	+0.446	+0.340	+0.450	+0.457	+0.457	+0.461	+0.653	+0.548	+0.648	+0.461	+0.461	+0.413	+0.469	+0.550	+0.461	+0.460	+0.462	+0.458	+0.459	+0.470	+0.461	+0.463	+0.564	+0.464	+0.463	+0.657	+0.557	+0.460	+0.492	+0.634	+0.482	+0.557	+0.480	+0.423	+0.543	+0.442	+0.442	+0.499	+0.576	+0.600	+0.604	+0.604	+0.571	+0.598	+0.600	+0.600	+0.588	+0.588	+0.936	+0.528	+0.567	+0.489	+0.677	+0.579	+0.502	+0.609	+0.512	+0.509	+0.509	+0.632	+0.599	+0.553	+0.387	+0.568	+0.555	+0.581	+0.581	+0.557	+0.558	+0.562	+0.560	+0.516	+0.179	+0.592	+0.319	+0.500	+0.317	+0.336	+0.318	+0.478	+0.459	+0.312	+0.319	+0.331	+0.505	+0.161	+0.170	+0.550	+0.278	+0.181	+0.189	+0.189	+0.164	+0.138	+0.180	+0.237	+0.235	+0.236	+0.545	+0.240	+0.235	+0.255	+0.455	+0.254	+0.524	+0.174	+0.246	+0.264	+0.246	+0.463	+0.525	+0.240	+0.550	+0.237	+0.233	+0.238	+0.226	+0.222	+0.568	+0.225	+0.241	+0.222	+0.213	+0.221	+0.227	+0.228	+0.226	+0.422	+0.230	+0.222	+0.637	+0.208	+0.312	+0.225	+0.210	+0.210	+0.338	+0.212	+0.212	+0.629	+0.212	+0.196	+0.263	+0.349	+0.167	+0.227	+0.327	+0.231	+0.392	+0.238	+0.207	+0.227	+0.231	+0.407	
rs2641439      +0.146	+0.690	+0.151	+0.527	+0.130	+0.147	+0.299	+0.139	+0.143	+0.074	+0.074	+0.072	+0.487	+0.691	+0.267	+0.504	+0.567	+0.502	+0.509	+0.502	+0.481	+0.484	+0.490	+0.501	+0.503	+0.442	+0.331	+0.448	+0.455	+0.455	+0.459	+0.647	+0.541	+0.643	+0.458	+0.459	+0.409	+0.463	+0.557	+0.458	+0.458	+0.460	+0.455	+0.456	+0.468	+0.459	+0.461	+0.557	+0.462	+0.461	+0.651	+0.549	+0.458	+0.490	+0.629	+0.480	+0.550	+0.478	+0.420	+0.536	+0.439	+0.439	+0.492	+0.584	+0.610	+0.614	+0.614	+0.578	+0.607	+0.609	+0.609	+0.596	+0.596	+0.929	+0.526	+0.560	+0.487	+0.672	+0.587	+0.500	+0.619	+0.511	+0.508	+0.507	+0.643	+0.607	+0.558	+0.378	+0.574	+0.559	+0.588	+0.588	+0.562	+0.563	+0.567	+0.565	+0.515	+0.170	+0.598	+0.312	+0.500	+0.310	+0.328	+0.311	+0.477	+0.457	+0.305	+0.312	+0.324	+0.505	+0.152	+0.162	+0.539	+0.272	+0.172	+0.181	+0.181	+0.156	+0.130	+0.171	+0.230	+0.229	+0.229	+0.534	+0.233	+0.228	+0.249	+0.444	+0.247	+0.516	+0.166	+0.240	+0.258	+0.240	+0.453	+0.517	+0.233	+0.539	+0.231	+0.227	+0.232	+0.220	+0.215	+0.558	+0.218	+0.231	+0.215	+0.205	+0.214	+0.220	+0.221	+0.220	+0.413	+0.223	+0.215	+0.626	+0.201	+0.304	+0.218	+0.203	+0.203	+0.329	+0.205	+0.205	+0.618	+0.205	+0.189	+0.257	+0.343	+0.159	+0.221	+0.320	+0.224	+0.384	+0.231	+0.199	+0.220	+0.224	+0.397	
rs2760742      +0.146	+0.690	+0.150	+0.527	+0.130	+0.147	+0.299	+0.139	+0.143	+0.074	+0.074	+0.072	+0.487	+0.691	+0.267	+0.504	+0.502	+0.567	+0.509	+0.501	+0.481	+0.484	+0.490	+0.501	+0.502	+0.442	+0.331	+0.447	+0.455	+0.455	+0.458	+0.647	+0.540	+0.643	+0.458	+0.459	+0.409	+0.463	+0.557	+0.458	+0.457	+0.459	+0.455	+0.456	+0.468	+0.459	+0.461	+0.556	+0.462	+0.461	+0.651	+0.549	+0.458	+0.490	+0.628	+0.480	+0.549	+0.478	+0.420	+0.535	+0.439	+0.439	+0.492	+0.584	+0.610	+0.614	+0.614	+0.578	+0.607	+0.609	+0.609	+0.596	+0.596	+0.929	+0.526	+0.560	+0.487	+0.672	+0.587	+0.500	+0.619	+0.511	+0.508	+0.507	+0.644	+0.607	+0.558	+0.377	+0.574	+0.559	+0.588	+0.588	+0.562	+0.563	+0.567	+0.565	+0.514	+0.170	+0.598	+0.312	+0.500	+0.310	+0.328	+0.310	+0.476	+0.457	+0.304	+0.312	+0.323	+0.505	+0.152	+0.161	+0.539	+0.271	+0.172	+0.180	+0.181	+0.156	+0.130	+0.171	+0.230	+0.228	+0.229	+0.534	+0.233	+0.228	+0.249	+0.444	+0.247	+0.516	+0.165	+0.240	+0.258	+0.240	+0.453	+0.517	+0.233	+0.539	+0.230	+0.226	+0.232	+0.219	+0.215	+0.557	+0.218	+0.231	+0.215	+0.205	+0.214	+0.220	+0.221	+0.219	+0.412	+0.223	+0.215	+0.626	+0.201	+0.304	+0.218	+0.203	+0.203	+0.329	+0.205	+0.205	+0.618	+0.205	+0.189	+0.257	+0.343	+0.159	+0.220	+0.320	+0.224	+0.384	+0.231	+0.199	+0.220	+0.224	+0.396	
rs2641437      +0.162	+0.702	+0.166	+0.539	+0.145	+0.162	+0.315	+0.155	+0.158	+0.089	+0.089	+0.088	+0.504	+0.702	+0.283	+0.510	+0.509	+0.509	+0.582	+0.509	+0.495	+0.496	+0.500	+0.508	+0.509	+0.451	+0.350	+0.455	+0.461	+0.461	+0.465	+0.655	+0.552	+0.651	+0.465	+0.466	+0.417	+0.472	+0.557	+0.465	+0.464	+0.466	+0.462	+0.463	+0.474	+0.465	+0.467	+0.568	+0.469	+0.467	+0.659	+0.561	+0.465	+0.496	+0.637	+0.486	+0.561	+0.485	+0.428	+0.547	+0.447	+0.447	+0.502	+0.583	+0.607	+0.579	+0.611	+0.578	+0.605	+0.607	+0.607	+0.597	+0.597	+0.939	+0.531	+0.571	+0.492	+0.680	+0.586	+0.505	+0.616	+0.516	+0.513	+0.513	+0.642	+0.607	+0.560	+0.396	+0.574	+0.560	+0.587	+0.587	+0.563	+0.564	+0.567	+0.566	+0.520	+0.188	+0.599	+0.331	+0.506	+0.329	+0.348	+0.330	+0.482	+0.465	+0.323	+0.331	+0.343	+0.511	+0.169	+0.177	+0.558	+0.282	+0.188	+0.197	+0.198	+0.171	+0.144	+0.188	+0.242	+0.240	+0.241	+0.553	+0.245	+0.240	+0.260	+0.463	+0.259	+0.528	+0.182	+0.251	+0.269	+0.251	+0.472	+0.530	+0.245	+0.559	+0.242	+0.239	+0.243	+0.231	+0.227	+0.577	+0.230	+0.248	+0.227	+0.217	+0.227	+0.232	+0.233	+0.232	+0.429	+0.235	+0.227	+0.646	+0.214	+0.316	+0.230	+0.216	+0.216	+0.345	+0.218	+0.218	+0.637	+0.217	+0.202	+0.268	+0.353	+0.172	+0.233	+0.331	+0.236	+0.397	+0.243	+0.212	+0.232	+0.236	+0.415	
rs2760741      +0.146	+0.690	+0.150	+0.527	+0.130	+0.147	+0.299	+0.139	+0.143	+0.074	+0.074	+0.072	+0.487	+0.691	+0.267	+0.504	+0.502	+0.501	+0.509	+0.567	+0.481	+0.484	+0.490	+0.501	+0.502	+0.442	+0.331	+0.447	+0.455	+0.455	+0.458	+0.647	+0.541	+0.643	+0.458	+0.459	+0.409	+0.463	+0.557	+0.458	+0.457	+0.459	+0.455	+0.456	+0.468	+0.459	+0.461	+0.556	+0.462	+0.461	+0.651	+0.549	+0.458	+0.490	+0.628	+0.480	+0.549	+0.478	+0.420	+0.535	+0.439	+0.439	+0.492	+0.584	+0.610	+0.614	+0.614	+0.578	+0.607	+0.609	+0.609	+0.596	+0.596	+0.929	+0.526	+0.560	+0.487	+0.672	+0.587	+0.500	+0.619	+0.511	+0.508	+0.507	+0.644	+0.607	+0.558	+0.378	+0.574	+0.559	+0.588	+0.588	+0.562	+0.563	+0.567	+0.565	+0.514	+0.170	+0.598	+0.312	+0.500	+0.310	+0.328	+0.310	+0.476	+0.457	+0.304	+0.312	+0.323	+0.505	+0.152	+0.161	+0.539	+0.271	+0.172	+0.180	+0.181	+0.156	+0.130	+0.171	+0.230	+0.228	+0.229	+0.534	+0.233	+0.228	+0.249	+0.444	+0.247	+0.516	+0.165	+0.240	+0.258	+0.240	+0.453	+0.517	+0.233	+0.539	+0.230	+0.226	+0.232	+0.219	+0.215	+0.557	+0.218	+0.231	+0.215	+0.205	+0.214	+0.220	+0.221	+0.220	+0.412	+0.223	+0.215	+0.626	+0.201	+0.304	+0.218	+0.203	+0.203	+0.329	+0.205	+0.205	+0.618	+0.205	+0.189	+0.257	+0.343	+0.159	+0.221	+0.320	+0.224	+0.384	+0.231	+0.199	+0.220	+0.224	+0.396	
rs2760740      +0.083	+0.644	+0.088	+0.479	+0.068	+0.084	+0.234	+0.077	+0.081	+0.013	+0.012	+0.011	+0.420	+0.649	+0.205	+0.486	+0.481	+0.481	+0.495	+0.481	+0.505	+0.443	+0.459	+0.482	+0.485	+0.410	+0.258	+0.421	+0.430	+0.430	+0.434	+0.615	+0.495	+0.611	+0.434	+0.435	+0.376	+0.427	+0.561	+0.434	+0.433	+0.435	+0.430	+0.432	+0.445	+0.434	+0.437	+0.511	+0.438	+0.437	+0.619	+0.505	+0.433	+0.471	+0.596	+0.459	+0.506	+0.457	+0.389	+0.491	+0.411	+0.411	+0.455	+0.595	+0.626	+0.631	+0.631	+0.584	+0.622	+0.625	+0.625	+0.607	+0.607	+0.891	+0.509	+0.516	+0.467	+0.640	+0.596	+0.482	+0.637	+0.494	+0.491	+0.490	+0.667	+0.620	+0.559	+0.303	+0.578	+0.557	+0.596	+0.596	+0.563	+0.564	+0.569	+0.567	+0.497	+0.099	+0.607	+0.234	+0.483	+0.233	+0.246	+0.233	+0.456	+0.433	+0.228	+0.234	+0.242	+0.489	+0.083	+0.099	+0.460	+0.229	+0.105	+0.113	+0.113	+0.093	+0.075	+0.104	+0.184	+0.182	+0.183	+0.456	+0.187	+0.182	+0.205	+0.368	+0.203	+0.466	+0.101	+0.195	+0.215	+0.195	+0.376	+0.467	+0.187	+0.461	+0.184	+0.179	+0.185	+0.172	+0.167	+0.479	+0.170	+0.163	+0.167	+0.156	+0.166	+0.173	+0.174	+0.172	+0.346	+0.175	+0.167	+0.546	+0.150	+0.256	+0.170	+0.150	+0.150	+0.263	+0.156	+0.156	+0.538	+0.155	+0.136	+0.214	+0.307	+0.108	+0.173	+0.272	+0.177	+0.332	+0.185	+0.150	+0.173	+0.177	+0.321	
rs7220358      +0.102	+0.657	+0.106	+0.492	+0.086	+0.103	+0.253	+0.095	+0.099	+0.031	+0.031	+0.029	+0.441	+0.661	+0.223	+0.489	+0.484	+0.484	+0.496	+0.484	+0.443	+0.523	+0.465	+0.485	+0.488	+0.419	+0.279	+0.428	+0.436	+0.436	+0.441	+0.624	+0.508	+0.620	+0.440	+0.441	+0.385	+0.437	+0.558	+0.440	+0.440	+0.442	+0.437	+0.438	+0.451	+0.441	+0.443	+0.524	+0.445	+0.443	+0.628	+0.518	+0.440	+0.476	+0.605	+0.465	+0.518	+0.463	+0.397	+0.504	+0.419	+0.419	+0.465	+0.590	+0.620	+0.624	+0.624	+0.581	+0.616	+0.619	+0.619	+0.603	+0.603	+0.902	+0.513	+0.529	+0.472	+0.649	+0.592	+0.487	+0.631	+0.498	+0.495	+0.494	+0.659	+0.615	+0.558	+0.325	+0.576	+0.556	+0.592	+0.592	+0.562	+0.563	+0.567	+0.565	+0.502	+0.120	+0.604	+0.256	+0.488	+0.255	+0.269	+0.255	+0.461	+0.439	+0.250	+0.256	+0.265	+0.493	+0.103	+0.117	+0.483	+0.241	+0.125	+0.133	+0.133	+0.111	+0.091	+0.124	+0.197	+0.195	+0.196	+0.479	+0.200	+0.195	+0.217	+0.390	+0.216	+0.479	+0.120	+0.208	+0.227	+0.208	+0.399	+0.481	+0.201	+0.484	+0.198	+0.193	+0.198	+0.186	+0.180	+0.502	+0.184	+0.183	+0.180	+0.170	+0.180	+0.186	+0.187	+0.186	+0.365	+0.189	+0.181	+0.569	+0.165	+0.270	+0.184	+0.166	+0.166	+0.282	+0.170	+0.170	+0.561	+0.170	+0.151	+0.226	+0.317	+0.123	+0.187	+0.286	+0.191	+0.346	+0.198	+0.164	+0.186	+0.191	+0.343	
rs2957926      +0.123	+0.673	+0.127	+0.509	+0.107	+0.123	+0.275	+0.116	+0.119	+0.051	+0.051	+0.049	+0.462	+0.675	+0.243	+0.494	+0.490	+0.490	+0.500	+0.490	+0.459	+0.465	+0.544	+0.493	+0.495	+0.430	+0.304	+0.437	+0.444	+0.445	+0.449	+0.635	+0.523	+0.630	+0.448	+0.449	+0.396	+0.449	+0.556	+0.448	+0.448	+0.450	+0.445	+0.446	+0.458	+0.449	+0.451	+0.539	+0.452	+0.451	+0.639	+0.533	+0.448	+0.482	+0.616	+0.472	+0.533	+0.470	+0.408	+0.518	+0.428	+0.428	+0.478	+0.586	+0.614	+0.618	+0.618	+0.578	+0.610	+0.613	+0.613	+0.600	+0.600	+0.914	+0.519	+0.543	+0.479	+0.659	+0.590	+0.492	+0.624	+0.504	+0.501	+0.500	+0.650	+0.610	+0.557	+0.350	+0.574	+0.556	+0.589	+0.589	+0.562	+0.563	+0.567	+0.565	+0.507	+0.143	+0.602	+0.283	+0.493	+0.281	+0.298	+0.282	+0.468	+0.448	+0.276	+0.283	+0.293	+0.499	+0.126	+0.138	+0.509	+0.256	+0.147	+0.155	+0.156	+0.132	+0.110	+0.146	+0.212	+0.211	+0.211	+0.504	+0.216	+0.211	+0.232	+0.415	+0.231	+0.497	+0.141	+0.223	+0.242	+0.223	+0.424	+0.498	+0.216	+0.509	+0.213	+0.209	+0.214	+0.201	+0.197	+0.527	+0.200	+0.205	+0.197	+0.186	+0.196	+0.202	+0.203	+0.202	+0.387	+0.205	+0.197	+0.595	+0.182	+0.286	+0.200	+0.183	+0.183	+0.304	+0.187	+0.187	+0.587	+0.186	+0.169	+0.241	+0.330	+0.140	+0.203	+0.302	+0.206	+0.364	+0.214	+0.181	+0.202	+0.206	+0.368	
rs2760738      +0.154	+0.695	+0.158	+0.532	+0.137	+0.154	+0.306	+0.147	+0.150	+0.081	+0.081	+0.080	+0.494	+0.695	+0.273	+0.501	+0.501	+0.501	+0.508	+0.501	+0.482	+0.485	+0.493	+0.574	+0.512	+0.449	+0.342	+0.454	+0.461	+0.461	+0.465	+0.650	+0.544	+0.646	+0.464	+0.465	+0.416	+0.467	+0.573	+0.464	+0.464	+0.466	+0.461	+0.463	+0.474	+0.465	+0.467	+0.560	+0.468	+0.467	+0.654	+0.553	+0.464	+0.496	+0.631	+0.486	+0.553	+0.484	+0.427	+0.539	+0.445	+0.445	+0.496	+0.601	+0.627	+0.631	+0.631	+0.592	+0.624	+0.626	+0.626	+0.613	+0.613	+0.931	+0.531	+0.563	+0.493	+0.674	+0.603	+0.506	+0.636	+0.516	+0.513	+0.513	+0.662	+0.622	+0.571	+0.389	+0.587	+0.569	+0.601	+0.601	+0.576	+0.576	+0.580	+0.579	+0.520	+0.180	+0.613	+0.330	+0.508	+0.328	+0.348	+0.328	+0.484	+0.465	+0.322	+0.330	+0.343	+0.513	+0.161	+0.171	+0.550	+0.277	+0.183	+0.192	+0.192	+0.165	+0.137	+0.182	+0.236	+0.235	+0.235	+0.545	+0.239	+0.234	+0.254	+0.455	+0.253	+0.521	+0.175	+0.246	+0.264	+0.246	+0.463	+0.522	+0.239	+0.550	+0.237	+0.233	+0.238	+0.226	+0.221	+0.568	+0.224	+0.239	+0.221	+0.210	+0.221	+0.226	+0.227	+0.226	+0.420	+0.229	+0.221	+0.637	+0.208	+0.309	+0.224	+0.210	+0.210	+0.337	+0.212	+0.212	+0.629	+0.212	+0.196	+0.263	+0.348	+0.165	+0.227	+0.325	+0.230	+0.390	+0.237	+0.205	+0.226	+0.230	+0.406	
rs2760737      +0.158	+0.698	+0.162	+0.535	+0.141	+0.158	+0.311	+0.150	+0.154	+0.085	+0.085	+0.083	+0.499	+0.698	+0.277	+0.502	+0.503	+0.502	+0.509	+0.502	+0.485	+0.488	+0.495	+0.512	+0.578	+0.452	+0.347	+0.456	+0.463	+0.463	+0.467	+0.652	+0.547	+0.648	+0.466	+0.467	+0.418	+0.469	+0.575	+0.466	+0.466	+0.468	+0.463	+0.465	+0.476	+0.467	+0.469	+0.563	+0.470	+0.469	+0.656	+0.556	+0.466	+0.498	+0.634	+0.488	+0.556	+0.486	+0.429	+0.542	+0.447	+0.447	+0.498	+0.603	+0.628	+0.632	+0.632	+0.593	+0.625	+0.627	+0.628	+0.615	+0.615	+0.934	+0.532	+0.566	+0.495	+0.676	+0.605	+0.507	+0.638	+0.518	+0.515	+0.514	+0.663	+0.623	+0.572	+0.395	+0.588	+0.571	+0.603	+0.603	+0.577	+0.578	+0.582	+0.580	+0.522	+0.184	+0.614	+0.336	+0.509	+0.334	+0.355	+0.334	+0.486	+0.467	+0.328	+0.336	+0.349	+0.515	+0.166	+0.175	+0.555	+0.280	+0.187	+0.196	+0.197	+0.170	+0.141	+0.187	+0.239	+0.238	+0.238	+0.550	+0.242	+0.238	+0.257	+0.460	+0.256	+0.524	+0.180	+0.249	+0.267	+0.249	+0.468	+0.525	+0.242	+0.555	+0.240	+0.236	+0.241	+0.229	+0.224	+0.573	+0.227	+0.244	+0.224	+0.214	+0.224	+0.229	+0.230	+0.229	+0.425	+0.233	+0.225	+0.642	+0.211	+0.312	+0.227	+0.214	+0.214	+0.341	+0.215	+0.215	+0.634	+0.215	+0.200	+0.265	+0.350	+0.169	+0.230	+0.328	+0.233	+0.393	+0.240	+0.208	+0.229	+0.233	+0.411	
rs56092218     +0.120	+0.701	+0.124	+0.537	+0.105	+0.121	+0.274	+0.113	+0.117	+0.051	+0.051	+0.049	+0.461	+0.707	+0.229	+0.446	+0.442	+0.442	+0.451	+0.442	+0.410	+0.419	+0.430	+0.449	+0.452	+0.550	+0.350	+0.431	+0.439	+0.439	+0.443	+0.654	+0.534	+0.649	+0.444	+0.444	+0.392	+0.463	+0.524	+0.444	+0.443	+0.445	+0.440	+0.441	+0.453	+0.444	+0.446	+0.550	+0.448	+0.446	+0.658	+0.544	+0.443	+0.476	+0.635	+0.466	+0.544	+0.465	+0.404	+0.529	+0.424	+0.424	+0.493	+0.549	+0.574	+0.577	+0.577	+0.547	+0.572	+0.574	+0.574	+0.564	+0.564	+0.928	+0.517	+0.554	+0.474	+0.678	+0.556	+0.487	+0.583	+0.498	+0.495	+0.494	+0.605	+0.575	+0.531	+0.366	+0.545	+0.534	+0.557	+0.557	+0.535	+0.536	+0.540	+0.538	+0.503	+0.136	+0.569	+0.262	+0.483	+0.260	+0.272	+0.261	+0.460	+0.440	+0.256	+0.262	+0.269	+0.488	+0.119	+0.134	+0.499	+0.261	+0.141	+0.149	+0.150	+0.129	+0.113	+0.140	+0.217	+0.215	+0.216	+0.495	+0.220	+0.215	+0.238	+0.407	+0.236	+0.523	+0.137	+0.228	+0.247	+0.228	+0.415	+0.525	+0.221	+0.500	+0.218	+0.213	+0.218	+0.206	+0.200	+0.517	+0.204	+0.203	+0.201	+0.195	+0.200	+0.206	+0.207	+0.206	+0.387	+0.208	+0.201	+0.584	+0.184	+0.301	+0.204	+0.185	+0.185	+0.302	+0.190	+0.190	+0.575	+0.190	+0.170	+0.246	+0.338	+0.145	+0.207	+0.318	+0.211	+0.388	+0.219	+0.190	+0.206	+0.211	+0.361	
rs189381738    -0.361	+0.462	-0.358	+0.267	-0.364	-0.363	-0.232	-0.356	-0.353	-0.419	-0.419	-0.420	-0.069	+0.526	-0.114	+0.340	+0.331	+0.331	+0.350	+0.331	+0.258	+0.279	+0.304	+0.342	+0.347	+0.350	+0.084	+0.313	+0.327	+0.327	+0.334	+0.509	+0.236	+0.505	+0.334	+0.336	+0.246	+0.281	+0.476	+0.334	+0.333	+0.337	+0.328	+0.330	+0.350	+0.334	+0.339	+0.255	+0.341	+0.339	+0.514	+0.261	+0.334	+0.388	+0.486	+0.371	+0.261	+0.368	+0.264	+0.244	+0.300	+0.300	+0.308	+0.514	+0.550	+0.554	+0.554	+0.511	+0.547	+0.549	+0.549	+0.536	+0.536	+0.702	+0.443	+0.271	+0.382	+0.539	+0.523	+0.402	+0.564	+0.420	+0.415	+0.414	+0.596	+0.553	+0.487	-0.140	+0.509	+0.490	+0.527	+0.527	+0.494	+0.494	+0.502	+0.497	+0.421	-0.396	+0.545	-0.175	+0.424	-0.172	-0.192	-0.172	+0.382	+0.349	-0.177	-0.174	-0.193	+0.433	-0.388	-0.280	-0.139	+0.033	-0.304	-0.299	-0.300	-0.283	-0.250	-0.313	-0.048	-0.051	-0.050	-0.142	-0.041	-0.052	-0.008	-0.205	-0.011	+0.253	-0.287	-0.026	+0.009	-0.026	-0.200	+0.255	-0.041	-0.138	-0.046	-0.059	-0.047	-0.070	-0.081	-0.123	-0.074	-0.326	-0.081	-0.112	-0.082	-0.069	-0.066	-0.070	-0.134	-0.067	-0.080	-0.073	-0.119	+0.019	-0.074	-0.126	-0.126	-0.215	-0.103	-0.103	-0.078	-0.104	-0.152	+0.007	+0.146	-0.185	-0.067	+0.043	-0.059	+0.082	-0.044	-0.119	-0.068	-0.059	-0.239	
rs2131703      +0.172	+0.709	+0.177	+0.548	+0.156	+0.176	+0.332	+0.164	+0.168	+0.103	+0.103	+0.101	+0.520	+0.707	+0.346	+0.450	+0.448	+0.447	+0.455	+0.447	+0.421	+0.428	+0.437	+0.454	+0.456	+0.431	+0.313	+0.607	+0.552	+0.552	+0.556	+0.658	+0.581	+0.653	+0.549	+0.548	+0.504	+0.479	+0.517	+0.549	+0.549	+0.551	+0.553	+0.554	+0.565	+0.556	+0.552	+0.597	+0.553	+0.552	+0.662	+0.590	+0.543	+0.586	+0.639	+0.574	+0.590	+0.566	+0.513	+0.576	+0.526	+0.526	+0.507	+0.538	+0.558	+0.561	+0.561	+0.537	+0.556	+0.558	+0.558	+0.550	+0.550	+0.969	+0.580	+0.600	+0.571	+0.682	+0.544	+0.587	+0.566	+0.599	+0.595	+0.593	+0.583	+0.560	+0.525	+0.342	+0.537	+0.535	+0.546	+0.546	+0.528	+0.529	+0.532	+0.530	+0.515	+0.193	+0.556	+0.307	+0.492	+0.306	+0.317	+0.306	+0.472	+0.455	+0.302	+0.307	+0.314	+0.497	+0.175	+0.185	+0.561	+0.299	+0.193	+0.201	+0.201	+0.180	+0.162	+0.192	+0.259	+0.257	+0.258	+0.556	+0.262	+0.257	+0.278	+0.469	+0.277	+0.531	+0.188	+0.269	+0.286	+0.269	+0.477	+0.533	+0.262	+0.561	+0.259	+0.255	+0.260	+0.249	+0.244	+0.579	+0.247	+0.262	+0.244	+0.251	+0.243	+0.249	+0.250	+0.249	+0.447	+0.251	+0.244	+0.646	+0.229	+0.322	+0.247	+0.229	+0.229	+0.362	+0.234	+0.234	+0.638	+0.234	+0.216	+0.286	+0.374	+0.193	+0.250	+0.337	+0.253	+0.405	+0.261	+0.245	+0.249	+0.253	+0.421	
rs2131702      +0.186	+0.719	+0.190	+0.559	+0.169	+0.189	+0.346	+0.178	+0.181	+0.116	+0.116	+0.115	+0.534	+0.716	+0.360	+0.457	+0.455	+0.455	+0.461	+0.455	+0.430	+0.436	+0.444	+0.461	+0.463	+0.439	+0.327	+0.552	+0.621	+0.559	+0.562	+0.665	+0.591	+0.660	+0.555	+0.554	+0.517	+0.488	+0.523	+0.555	+0.555	+0.557	+0.559	+0.560	+0.570	+0.563	+0.558	+0.607	+0.559	+0.558	+0.669	+0.600	+0.550	+0.588	+0.647	+0.578	+0.600	+0.570	+0.524	+0.586	+0.534	+0.534	+0.516	+0.542	+0.562	+0.564	+0.564	+0.542	+0.560	+0.562	+0.562	+0.554	+0.554	+0.977	+0.583	+0.610	+0.575	+0.689	+0.548	+0.589	+0.570	+0.601	+0.597	+0.595	+0.586	+0.564	+0.530	+0.357	+0.541	+0.540	+0.551	+0.551	+0.533	+0.534	+0.537	+0.535	+0.521	+0.209	+0.561	+0.323	+0.498	+0.321	+0.334	+0.322	+0.479	+0.463	+0.318	+0.323	+0.331	+0.503	+0.190	+0.198	+0.578	+0.309	+0.208	+0.215	+0.216	+0.194	+0.174	+0.207	+0.269	+0.268	+0.268	+0.573	+0.272	+0.268	+0.288	+0.485	+0.287	+0.542	+0.202	+0.279	+0.296	+0.279	+0.493	+0.544	+0.272	+0.578	+0.270	+0.265	+0.270	+0.259	+0.254	+0.595	+0.257	+0.277	+0.254	+0.262	+0.254	+0.260	+0.261	+0.259	+0.462	+0.262	+0.255	+0.663	+0.240	+0.333	+0.257	+0.241	+0.241	+0.376	+0.245	+0.245	+0.655	+0.245	+0.228	+0.296	+0.382	+0.205	+0.260	+0.348	+0.264	+0.416	+0.271	+0.256	+0.260	+0.264	+0.437	
rs2172593      +0.186	+0.719	+0.190	+0.559	+0.169	+0.190	+0.346	+0.178	+0.181	+0.116	+0.116	+0.115	+0.534	+0.716	+0.360	+0.457	+0.455	+0.455	+0.461	+0.455	+0.430	+0.436	+0.445	+0.461	+0.463	+0.439	+0.327	+0.552	+0.559	+0.621	+0.563	+0.665	+0.591	+0.661	+0.555	+0.555	+0.517	+0.488	+0.523	+0.556	+0.555	+0.557	+0.559	+0.560	+0.570	+0.563	+0.558	+0.607	+0.559	+0.558	+0.669	+0.600	+0.550	+0.588	+0.647	+0.578	+0.600	+0.570	+0.524	+0.586	+0.534	+0.534	+0.516	+0.542	+0.562	+0.565	+0.565	+0.542	+0.561	+0.562	+0.562	+0.554	+0.554	+0.977	+0.583	+0.610	+0.575	+0.689	+0.548	+0.589	+0.570	+0.601	+0.597	+0.595	+0.586	+0.564	+0.530	+0.357	+0.542	+0.540	+0.551	+0.551	+0.533	+0.534	+0.537	+0.535	+0.521	+0.209	+0.561	+0.323	+0.499	+0.322	+0.334	+0.322	+0.479	+0.463	+0.318	+0.323	+0.331	+0.503	+0.190	+0.198	+0.578	+0.309	+0.208	+0.215	+0.216	+0.194	+0.174	+0.207	+0.269	+0.268	+0.268	+0.573	+0.272	+0.268	+0.288	+0.485	+0.287	+0.542	+0.202	+0.279	+0.296	+0.279	+0.493	+0.544	+0.272	+0.578	+0.270	+0.265	+0.270	+0.259	+0.254	+0.596	+0.257	+0.277	+0.255	+0.262	+0.254	+0.260	+0.261	+0.259	+0.462	+0.262	+0.255	+0.663	+0.240	+0.333	+0.257	+0.241	+0.241	+0.376	+0.245	+0.245	+0.655	+0.245	+0.228	+0.296	+0.382	+0.205	+0.260	+0.348	+0.264	+0.416	+0.271	+0.256	+0.260	+0.264	+0.438	
rs2641440      +0.192	+0.724	+0.197	+0.564	+0.176	+0.196	+0.353	+0.184	+0.188	+0.122	+0.122	+0.121	+0.541	+0.721	+0.367	+0.461	+0.459	+0.458	+0.465	+0.458	+0.434	+0.441	+0.449	+0.465	+0.467	+0.443	+0.334	+0.556	+0.562	+0.563	+0.627	+0.669	+0.596	+0.664	+0.559	+0.558	+0.523	+0.491	+0.525	+0.559	+0.558	+0.560	+0.563	+0.564	+0.572	+0.566	+0.561	+0.612	+0.562	+0.561	+0.672	+0.604	+0.553	+0.589	+0.650	+0.580	+0.605	+0.572	+0.529	+0.591	+0.538	+0.538	+0.520	+0.545	+0.564	+0.567	+0.567	+0.545	+0.563	+0.564	+0.564	+0.556	+0.556	+0.981	+0.585	+0.615	+0.576	+0.692	+0.550	+0.590	+0.572	+0.602	+0.598	+0.596	+0.588	+0.566	+0.533	+0.364	+0.544	+0.543	+0.553	+0.553	+0.536	+0.536	+0.540	+0.538	+0.524	+0.216	+0.563	+0.330	+0.501	+0.329	+0.342	+0.329	+0.482	+0.466	+0.325	+0.330	+0.339	+0.506	+0.197	+0.205	+0.586	+0.313	+0.214	+0.222	+0.223	+0.200	+0.180	+0.214	+0.274	+0.273	+0.273	+0.581	+0.277	+0.272	+0.293	+0.493	+0.291	+0.547	+0.208	+0.284	+0.301	+0.284	+0.501	+0.549	+0.277	+0.586	+0.275	+0.270	+0.275	+0.264	+0.260	+0.604	+0.262	+0.283	+0.260	+0.267	+0.259	+0.265	+0.266	+0.264	+0.468	+0.267	+0.260	+0.671	+0.246	+0.338	+0.262	+0.246	+0.246	+0.383	+0.250	+0.250	+0.663	+0.250	+0.234	+0.301	+0.386	+0.210	+0.265	+0.353	+0.269	+0.421	+0.276	+0.261	+0.265	+0.269	+0.445	
