## Summary of overall evidence for association with region:
## log10(BF for region) = -0.510984
## p-value for region = NA

## BFs for choosing among multi-SNP models:
## log10(average 1-SNP BF) = -0.45341
## log10(average 2-SNP BF) = -0.655777

## Example posterior probabilities for multi-SNP models, based on default prior: [p(l) propto 0.5^l for l=1,2,...,L]
## posterior probability of 1-SNP = 0.761172
## posterior probability of 2-SNP = 0.238828

## log10(BF) for single SNP and pair of SNPs:
rs4403095      +0.250	+0.036	+0.305	+0.349	+0.310	-0.029	+0.205	+0.131	+0.146	+0.005	+0.017	+0.018	+0.018	+0.186	+0.142	+0.073	+0.107	+0.081	+0.190	+0.016	-0.050	+0.011	+0.009	+0.090	-0.087	-0.084	-0.027	-0.220	+0.254	+0.249	-0.041	-0.051	-0.266	-0.267	-0.034	-0.044	+0.217	+0.184	-0.044	-0.038	-0.038	-0.039	-0.040	-0.049	-0.054	-0.232	-0.228	-0.072	-0.228	-0.228	-0.228	-0.228	-0.114	-0.228	-0.228	-0.227	-0.071	-0.228	-0.068	-0.018	-0.228	-0.228	-0.228	-0.228	-0.228	-0.228	-0.228	-0.228	-0.228	-0.228	-0.228	-0.228	-0.228	-0.228	-0.228	-0.229	-0.229	-0.229	-0.229	-0.229	-0.229	-0.229	-0.230	-0.229	-0.229	-0.230	-0.229	-0.229	-0.229	-0.229	-0.227	-0.227	-0.225	-0.229	-0.230	-0.229	-0.229	-0.229	-0.229	-0.229	-0.228	-0.229	-0.220	-0.220	-0.229	-0.019	-0.229	-0.229	-0.229	-0.229	-0.230	-0.230	-0.230	-0.230	-0.230	-0.228	-0.230	-0.230	-0.230	-0.230	-0.230	-0.230	-0.230	-0.231	-0.227	+0.002	-0.228	+0.009	-0.227	+0.010	-0.231	-0.231	-0.231	-0.231	-0.231	-0.231	-0.231	-0.231	-0.230	-0.231	-0.228	-0.231	-0.231	-0.231	-0.231	-0.231	
rs67165421     +0.036	-0.453	-0.470	-0.432	-0.464	-0.594	-0.554	-0.608	-0.597	-0.613	-0.610	-0.610	-0.610	-0.569	-0.598	-0.598	-0.627	-0.596	-0.571	-0.673	-0.654	-0.676	-0.677	-0.668	-0.650	-0.659	-0.723	-0.836	-0.539	-0.543	-0.687	-0.696	-0.890	-0.890	-0.680	-0.690	-0.563	-0.585	-0.690	-0.684	-0.684	-0.684	-0.685	-0.694	-0.698	-0.813	-0.801	-0.713	-0.802	-0.802	-0.802	-0.802	-0.747	-0.802	-0.802	-0.800	-0.713	-0.802	-0.704	-0.664	-0.802	-0.803	-0.803	-0.803	-0.803	-0.803	-0.803	-0.803	-0.803	-0.803	-0.803	-0.803	-0.803	-0.804	-0.804	-0.804	-0.804	-0.804	-0.804	-0.804	-0.804	-0.804	-0.806	-0.804	-0.804	-0.806	-0.804	-0.804	-0.804	-0.804	-0.800	-0.800	-0.794	-0.805	-0.806	-0.805	-0.805	-0.805	-0.805	-0.805	-0.812	-0.805	-0.798	-0.798	-0.805	-0.665	-0.806	-0.806	-0.806	-0.806	-0.806	-0.807	-0.807	-0.807	-0.807	-0.818	-0.807	-0.807	-0.807	-0.807	-0.807	-0.809	-0.809	-0.811	-0.811	-0.646	-0.812	-0.639	-0.821	-0.639	-0.822	-0.823	-0.823	-0.823	-0.823	-0.823	-0.823	-0.823	-0.817	-0.823	-0.826	-0.823	-0.823	-0.823	-0.823	-0.823	
rs165565       +0.305	-0.470	-0.275	-0.367	-0.389	-0.462	-0.430	-0.401	-0.478	-0.477	-0.504	-0.504	-0.504	-0.429	-0.416	-0.539	-0.451	-0.545	-0.591	-0.568	-0.511	-0.568	-0.567	-0.632	-0.481	-0.492	-0.599	-0.683	-0.471	-0.473	-0.644	-0.650	-0.763	-0.763	-0.639	-0.646	-0.487	-0.504	-0.646	-0.642	-0.642	-0.642	-0.643	-0.648	-0.651	-0.584	-0.558	-0.661	-0.560	-0.560	-0.560	-0.561	-0.678	-0.561	-0.561	-0.557	-0.660	-0.561	-0.650	-0.626	-0.562	-0.562	-0.563	-0.563	-0.563	-0.563	-0.563	-0.564	-0.564	-0.564	-0.564	-0.564	-0.564	-0.564	-0.564	-0.565	-0.565	-0.565	-0.565	-0.565	-0.565	-0.565	-0.568	-0.566	-0.566	-0.570	-0.566	-0.566	-0.566	-0.566	-0.558	-0.558	-0.543	-0.567	-0.570	-0.567	-0.567	-0.568	-0.568	-0.567	-0.589	-0.568	-0.557	-0.557	-0.569	-0.627	-0.569	-0.569	-0.570	-0.570	-0.571	-0.571	-0.571	-0.572	-0.572	-0.604	-0.572	-0.572	-0.573	-0.573	-0.573	-0.575	-0.576	-0.580	-0.588	-0.613	-0.591	-0.608	-0.619	-0.608	-0.618	-0.619	-0.619	-0.619	-0.619	-0.619	-0.620	-0.620	-0.603	-0.621	-0.638	-0.621	-0.621	-0.621	-0.620	-0.621	
rs151776       +0.349	-0.432	-0.367	-0.243	-0.368	-0.424	-0.376	-0.321	-0.431	-0.440	-0.467	-0.467	-0.468	-0.370	-0.344	-0.503	-0.392	-0.510	-0.557	-0.533	-0.475	-0.533	-0.532	-0.599	-0.444	-0.456	-0.569	-0.653	-0.442	-0.444	-0.618	-0.624	-0.733	-0.733	-0.614	-0.620	-0.458	-0.475	-0.620	-0.616	-0.616	-0.616	-0.617	-0.622	-0.625	-0.550	-0.524	-0.634	-0.526	-0.526	-0.526	-0.526	-0.651	-0.526	-0.526	-0.523	-0.634	-0.527	-0.624	-0.601	-0.528	-0.528	-0.528	-0.529	-0.529	-0.529	-0.529	-0.529	-0.529	-0.530	-0.530	-0.530	-0.530	-0.530	-0.530	-0.531	-0.531	-0.531	-0.531	-0.531	-0.531	-0.531	-0.534	-0.532	-0.532	-0.536	-0.532	-0.532	-0.532	-0.532	-0.524	-0.524	-0.508	-0.533	-0.536	-0.533	-0.533	-0.534	-0.534	-0.533	-0.556	-0.534	-0.523	-0.523	-0.535	-0.601	-0.535	-0.535	-0.536	-0.536	-0.537	-0.537	-0.538	-0.538	-0.538	-0.571	-0.538	-0.539	-0.539	-0.539	-0.539	-0.542	-0.542	-0.546	-0.555	-0.587	-0.558	-0.583	-0.586	-0.582	-0.585	-0.586	-0.586	-0.586	-0.586	-0.587	-0.587	-0.587	-0.570	-0.588	-0.606	-0.588	-0.588	-0.588	-0.588	-0.588	
rs360107       +0.310	-0.464	-0.389	-0.368	-0.270	-0.457	-0.417	-0.377	-0.467	-0.472	-0.498	-0.499	-0.499	-0.412	-0.394	-0.534	-0.435	-0.540	-0.586	-0.563	-0.505	-0.563	-0.562	-0.627	-0.475	-0.487	-0.595	-0.679	-0.466	-0.469	-0.641	-0.647	-0.758	-0.759	-0.636	-0.642	-0.483	-0.500	-0.643	-0.638	-0.638	-0.639	-0.639	-0.645	-0.648	-0.579	-0.553	-0.657	-0.555	-0.555	-0.555	-0.556	-0.674	-0.556	-0.556	-0.552	-0.657	-0.556	-0.647	-0.623	-0.557	-0.557	-0.558	-0.558	-0.558	-0.558	-0.558	-0.559	-0.559	-0.559	-0.559	-0.559	-0.559	-0.559	-0.560	-0.560	-0.560	-0.560	-0.560	-0.560	-0.560	-0.560	-0.564	-0.561	-0.561	-0.565	-0.561	-0.561	-0.561	-0.561	-0.553	-0.553	-0.538	-0.562	-0.565	-0.562	-0.563	-0.563	-0.563	-0.563	-0.584	-0.563	-0.552	-0.552	-0.564	-0.624	-0.564	-0.564	-0.565	-0.566	-0.566	-0.567	-0.567	-0.567	-0.567	-0.599	-0.567	-0.568	-0.568	-0.568	-0.568	-0.571	-0.571	-0.575	-0.584	-0.609	-0.586	-0.605	-0.614	-0.604	-0.613	-0.614	-0.614	-0.614	-0.614	-0.615	-0.615	-0.615	-0.598	-0.616	-0.633	-0.616	-0.616	-0.616	-0.616	-0.616	
rs11132565     -0.029	-0.594	-0.462	-0.424	-0.457	-0.450	-0.536	-0.591	-0.579	-0.592	-0.556	-0.555	-0.555	-0.551	-0.581	-0.481	-0.611	-0.485	-0.475	-0.645	-0.636	-0.649	-0.650	-0.632	-0.641	-0.650	-0.718	-0.828	-0.531	-0.534	-0.678	-0.687	-0.884	-0.884	-0.671	-0.681	-0.555	-0.577	-0.681	-0.675	-0.675	-0.676	-0.677	-0.685	-0.690	-0.810	-0.799	-0.705	-0.800	-0.800	-0.800	-0.800	-0.739	-0.800	-0.800	-0.799	-0.704	-0.801	-0.696	-0.655	-0.801	-0.801	-0.801	-0.801	-0.801	-0.801	-0.801	-0.802	-0.802	-0.802	-0.802	-0.802	-0.802	-0.802	-0.802	-0.802	-0.802	-0.802	-0.802	-0.802	-0.802	-0.802	-0.804	-0.802	-0.803	-0.804	-0.803	-0.803	-0.803	-0.803	-0.799	-0.799	-0.793	-0.803	-0.804	-0.803	-0.803	-0.803	-0.803	-0.803	-0.810	-0.803	-0.796	-0.796	-0.804	-0.657	-0.804	-0.804	-0.804	-0.804	-0.805	-0.805	-0.805	-0.805	-0.805	-0.814	-0.805	-0.805	-0.805	-0.805	-0.806	-0.807	-0.807	-0.808	-0.809	-0.637	-0.810	-0.630	-0.817	-0.630	-0.818	-0.819	-0.819	-0.819	-0.819	-0.819	-0.819	-0.819	-0.814	-0.819	-0.821	-0.819	-0.819	-0.819	-0.819	-0.819	
rs360106       +0.205	-0.554	-0.430	-0.376	-0.417	-0.536	-0.354	-0.481	-0.545	-0.552	-0.577	-0.578	-0.578	-0.481	-0.489	-0.613	-0.534	-0.619	-0.665	-0.642	-0.584	-0.642	-0.641	-0.706	-0.555	-0.567	-0.673	-0.758	-0.544	-0.547	-0.708	-0.714	-0.835	-0.835	-0.703	-0.710	-0.561	-0.577	-0.710	-0.706	-0.706	-0.706	-0.707	-0.713	-0.716	-0.660	-0.634	-0.726	-0.636	-0.637	-0.637	-0.637	-0.745	-0.637	-0.637	-0.633	-0.725	-0.637	-0.716	-0.690	-0.638	-0.638	-0.639	-0.639	-0.639	-0.639	-0.639	-0.640	-0.640	-0.640	-0.640	-0.640	-0.640	-0.640	-0.641	-0.641	-0.641	-0.641	-0.641	-0.641	-0.641	-0.641	-0.645	-0.642	-0.642	-0.646	-0.642	-0.642	-0.642	-0.642	-0.634	-0.634	-0.619	-0.643	-0.646	-0.643	-0.644	-0.644	-0.644	-0.644	-0.665	-0.644	-0.633	-0.633	-0.645	-0.691	-0.645	-0.645	-0.646	-0.646	-0.647	-0.647	-0.648	-0.648	-0.648	-0.680	-0.648	-0.649	-0.649	-0.649	-0.649	-0.652	-0.652	-0.656	-0.664	-0.676	-0.666	-0.671	-0.694	-0.671	-0.693	-0.694	-0.694	-0.694	-0.694	-0.694	-0.695	-0.695	-0.678	-0.696	-0.713	-0.696	-0.696	-0.696	-0.695	-0.696	
rs2012046      +0.131	-0.608	-0.401	-0.321	-0.377	-0.591	-0.481	-0.399	-0.573	-0.606	-0.631	-0.631	-0.631	-0.498	-0.517	-0.664	-0.577	-0.670	-0.715	-0.694	-0.637	-0.694	-0.693	-0.754	-0.609	-0.620	-0.715	-0.802	-0.585	-0.588	-0.743	-0.750	-0.876	-0.876	-0.738	-0.745	-0.602	-0.619	-0.745	-0.741	-0.741	-0.741	-0.742	-0.748	-0.751	-0.709	-0.684	-0.762	-0.686	-0.686	-0.686	-0.686	-0.782	-0.686	-0.686	-0.683	-0.761	-0.687	-0.752	-0.725	-0.687	-0.688	-0.688	-0.688	-0.688	-0.688	-0.689	-0.689	-0.689	-0.689	-0.689	-0.689	-0.690	-0.690	-0.690	-0.690	-0.690	-0.690	-0.690	-0.690	-0.690	-0.691	-0.694	-0.691	-0.691	-0.695	-0.691	-0.691	-0.691	-0.692	-0.684	-0.684	-0.669	-0.692	-0.695	-0.692	-0.693	-0.693	-0.693	-0.693	-0.713	-0.693	-0.682	-0.682	-0.694	-0.726	-0.694	-0.694	-0.695	-0.696	-0.696	-0.696	-0.697	-0.697	-0.697	-0.728	-0.697	-0.698	-0.698	-0.698	-0.698	-0.700	-0.701	-0.705	-0.712	-0.710	-0.714	-0.706	-0.741	-0.705	-0.740	-0.741	-0.741	-0.741	-0.741	-0.741	-0.742	-0.742	-0.725	-0.742	-0.759	-0.743	-0.743	-0.743	-0.742	-0.742	
rs360114       +0.146	-0.597	-0.478	-0.431	-0.467	-0.579	-0.545	-0.573	-0.393	-0.594	-0.620	-0.620	-0.620	-0.555	-0.570	-0.654	-0.554	-0.660	-0.715	-0.696	-0.626	-0.696	-0.695	-0.753	-0.597	-0.609	-0.710	-0.795	-0.582	-0.584	-0.736	-0.743	-0.870	-0.870	-0.731	-0.738	-0.598	-0.615	-0.738	-0.734	-0.734	-0.734	-0.735	-0.741	-0.744	-0.699	-0.673	-0.755	-0.675	-0.675	-0.675	-0.675	-0.775	-0.676	-0.676	-0.672	-0.754	-0.676	-0.745	-0.718	-0.677	-0.677	-0.678	-0.678	-0.678	-0.678	-0.678	-0.678	-0.678	-0.679	-0.679	-0.679	-0.679	-0.679	-0.679	-0.680	-0.680	-0.680	-0.680	-0.680	-0.680	-0.680	-0.683	-0.681	-0.681	-0.685	-0.681	-0.681	-0.681	-0.681	-0.673	-0.673	-0.658	-0.682	-0.685	-0.682	-0.682	-0.682	-0.682	-0.682	-0.703	-0.683	-0.672	-0.672	-0.683	-0.719	-0.684	-0.684	-0.685	-0.685	-0.685	-0.686	-0.686	-0.686	-0.686	-0.718	-0.687	-0.687	-0.687	-0.688	-0.688	-0.690	-0.690	-0.695	-0.702	-0.703	-0.705	-0.698	-0.732	-0.698	-0.731	-0.732	-0.732	-0.732	-0.732	-0.732	-0.733	-0.733	-0.716	-0.734	-0.750	-0.734	-0.734	-0.734	-0.733	-0.734	
rs12647629     +0.005	-0.613	-0.477	-0.440	-0.472	-0.592	-0.552	-0.606	-0.594	-0.455	-0.599	-0.598	-0.598	-0.566	-0.596	-0.576	-0.625	-0.573	-0.545	-0.666	-0.649	-0.668	-0.669	-0.659	-0.647	-0.659	-0.724	-0.836	-0.539	-0.542	-0.687	-0.696	-0.890	-0.891	-0.680	-0.689	-0.562	-0.585	-0.690	-0.683	-0.684	-0.684	-0.685	-0.693	-0.698	-0.815	-0.803	-0.713	-0.804	-0.804	-0.804	-0.804	-0.747	-0.804	-0.804	-0.802	-0.713	-0.805	-0.704	-0.664	-0.805	-0.805	-0.805	-0.805	-0.805	-0.805	-0.805	-0.806	-0.806	-0.806	-0.806	-0.806	-0.806	-0.806	-0.806	-0.806	-0.806	-0.806	-0.806	-0.806	-0.806	-0.806	-0.809	-0.807	-0.807	-0.808	-0.807	-0.807	-0.807	-0.807	-0.803	-0.803	-0.797	-0.807	-0.808	-0.807	-0.807	-0.807	-0.807	-0.807	-0.814	-0.808	-0.800	-0.800	-0.808	-0.665	-0.808	-0.808	-0.808	-0.809	-0.809	-0.809	-0.809	-0.809	-0.809	-0.820	-0.809	-0.810	-0.810	-0.810	-0.810	-0.811	-0.811	-0.813	-0.813	-0.645	-0.814	-0.639	-0.823	-0.638	-0.824	-0.824	-0.824	-0.824	-0.824	-0.824	-0.825	-0.825	-0.819	-0.825	-0.828	-0.825	-0.825	-0.825	-0.825	-0.825	
rs12507771     +0.017	-0.610	-0.504	-0.467	-0.498	-0.556	-0.577	-0.631	-0.620	-0.599	-0.471	-0.591	-0.591	-0.592	-0.621	-0.580	-0.650	-0.580	-0.570	-0.680	-0.649	-0.682	-0.683	-0.683	-0.642	-0.657	-0.744	-0.851	-0.565	-0.568	-0.705	-0.714	-0.907	-0.907	-0.698	-0.708	-0.588	-0.610	-0.708	-0.702	-0.702	-0.702	-0.703	-0.712	-0.716	-0.826	-0.813	-0.731	-0.814	-0.814	-0.814	-0.814	-0.765	-0.814	-0.814	-0.812	-0.731	-0.814	-0.722	-0.682	-0.815	-0.815	-0.815	-0.815	-0.815	-0.815	-0.815	-0.815	-0.816	-0.816	-0.816	-0.816	-0.816	-0.816	-0.816	-0.816	-0.816	-0.816	-0.816	-0.816	-0.816	-0.816	-0.819	-0.817	-0.817	-0.819	-0.817	-0.817	-0.817	-0.817	-0.812	-0.812	-0.806	-0.817	-0.819	-0.817	-0.817	-0.817	-0.817	-0.817	-0.826	-0.818	-0.810	-0.810	-0.818	-0.684	-0.818	-0.818	-0.819	-0.819	-0.819	-0.819	-0.819	-0.819	-0.819	-0.831	-0.820	-0.820	-0.820	-0.820	-0.820	-0.821	-0.821	-0.823	-0.824	-0.664	-0.826	-0.657	-0.835	-0.657	-0.836	-0.836	-0.836	-0.836	-0.836	-0.837	-0.837	-0.837	-0.830	-0.837	-0.841	-0.837	-0.837	-0.837	-0.837	-0.837	
rs12503820     +0.018	-0.610	-0.504	-0.467	-0.499	-0.555	-0.578	-0.631	-0.620	-0.598	-0.591	-0.471	-0.591	-0.592	-0.622	-0.580	-0.650	-0.581	-0.571	-0.680	-0.649	-0.683	-0.683	-0.683	-0.642	-0.657	-0.744	-0.851	-0.565	-0.569	-0.705	-0.714	-0.907	-0.907	-0.699	-0.708	-0.588	-0.610	-0.708	-0.702	-0.702	-0.703	-0.704	-0.712	-0.716	-0.826	-0.813	-0.732	-0.814	-0.814	-0.814	-0.814	-0.765	-0.814	-0.814	-0.812	-0.731	-0.814	-0.723	-0.683	-0.815	-0.815	-0.815	-0.815	-0.815	-0.815	-0.815	-0.816	-0.816	-0.816	-0.816	-0.816	-0.816	-0.816	-0.816	-0.816	-0.816	-0.816	-0.816	-0.816	-0.816	-0.816	-0.819	-0.817	-0.817	-0.819	-0.817	-0.817	-0.817	-0.817	-0.812	-0.813	-0.806	-0.817	-0.819	-0.817	-0.817	-0.818	-0.818	-0.817	-0.826	-0.818	-0.810	-0.810	-0.818	-0.684	-0.818	-0.818	-0.819	-0.819	-0.819	-0.819	-0.819	-0.819	-0.820	-0.831	-0.820	-0.820	-0.820	-0.820	-0.820	-0.821	-0.821	-0.824	-0.825	-0.664	-0.826	-0.658	-0.835	-0.657	-0.836	-0.837	-0.837	-0.837	-0.837	-0.837	-0.837	-0.837	-0.830	-0.837	-0.841	-0.837	-0.837	-0.837	-0.837	-0.837	
rs67617934     +0.018	-0.610	-0.504	-0.468	-0.499	-0.555	-0.578	-0.631	-0.620	-0.598	-0.591	-0.591	-0.471	-0.592	-0.622	-0.580	-0.651	-0.581	-0.571	-0.680	-0.649	-0.683	-0.683	-0.683	-0.642	-0.657	-0.744	-0.851	-0.565	-0.569	-0.705	-0.714	-0.907	-0.908	-0.699	-0.708	-0.588	-0.610	-0.708	-0.702	-0.702	-0.703	-0.704	-0.712	-0.716	-0.826	-0.813	-0.732	-0.814	-0.814	-0.814	-0.814	-0.765	-0.814	-0.814	-0.812	-0.731	-0.815	-0.723	-0.683	-0.815	-0.815	-0.815	-0.815	-0.815	-0.815	-0.815	-0.816	-0.816	-0.816	-0.816	-0.816	-0.816	-0.816	-0.816	-0.816	-0.816	-0.816	-0.816	-0.816	-0.816	-0.816	-0.819	-0.817	-0.817	-0.819	-0.817	-0.817	-0.817	-0.817	-0.812	-0.813	-0.806	-0.817	-0.819	-0.817	-0.817	-0.818	-0.818	-0.818	-0.826	-0.818	-0.810	-0.810	-0.818	-0.684	-0.818	-0.818	-0.819	-0.819	-0.819	-0.819	-0.819	-0.820	-0.820	-0.831	-0.820	-0.820	-0.820	-0.820	-0.820	-0.821	-0.821	-0.824	-0.825	-0.664	-0.826	-0.658	-0.835	-0.657	-0.836	-0.837	-0.837	-0.837	-0.837	-0.837	-0.837	-0.837	-0.831	-0.837	-0.841	-0.837	-0.837	-0.837	-0.837	-0.837	
rs360116       +0.186	-0.569	-0.429	-0.370	-0.412	-0.551	-0.481	-0.498	-0.555	-0.566	-0.592	-0.592	-0.592	-0.366	-0.500	-0.627	-0.547	-0.633	-0.678	-0.656	-0.599	-0.656	-0.655	-0.719	-0.569	-0.581	-0.685	-0.770	-0.556	-0.558	-0.718	-0.724	-0.846	-0.846	-0.713	-0.720	-0.572	-0.589	-0.720	-0.716	-0.716	-0.716	-0.717	-0.723	-0.726	-0.673	-0.648	-0.736	-0.650	-0.650	-0.650	-0.650	-0.755	-0.650	-0.650	-0.647	-0.735	-0.651	-0.726	-0.700	-0.652	-0.652	-0.652	-0.652	-0.653	-0.653	-0.653	-0.653	-0.653	-0.654	-0.654	-0.654	-0.654	-0.654	-0.654	-0.654	-0.654	-0.654	-0.654	-0.654	-0.655	-0.655	-0.658	-0.655	-0.655	-0.659	-0.655	-0.656	-0.656	-0.656	-0.648	-0.648	-0.633	-0.656	-0.659	-0.657	-0.657	-0.657	-0.657	-0.657	-0.678	-0.658	-0.646	-0.646	-0.658	-0.701	-0.658	-0.659	-0.660	-0.660	-0.660	-0.661	-0.661	-0.661	-0.661	-0.693	-0.662	-0.662	-0.662	-0.662	-0.662	-0.665	-0.665	-0.669	-0.677	-0.686	-0.680	-0.681	-0.707	-0.681	-0.706	-0.707	-0.707	-0.707	-0.707	-0.707	-0.708	-0.708	-0.691	-0.709	-0.725	-0.709	-0.709	-0.709	-0.708	-0.709	
rs360117       +0.142	-0.598	-0.416	-0.344	-0.394	-0.581	-0.489	-0.517	-0.570	-0.596	-0.621	-0.622	-0.622	-0.500	-0.391	-0.655	-0.569	-0.661	-0.706	-0.685	-0.628	-0.685	-0.684	-0.746	-0.599	-0.610	-0.708	-0.794	-0.578	-0.581	-0.737	-0.744	-0.869	-0.869	-0.732	-0.739	-0.595	-0.611	-0.739	-0.735	-0.735	-0.735	-0.736	-0.742	-0.745	-0.700	-0.675	-0.755	-0.677	-0.677	-0.677	-0.677	-0.775	-0.677	-0.677	-0.674	-0.755	-0.678	-0.745	-0.719	-0.679	-0.679	-0.679	-0.680	-0.680	-0.680	-0.680	-0.680	-0.680	-0.681	-0.681	-0.681	-0.681	-0.681	-0.681	-0.681	-0.681	-0.682	-0.682	-0.682	-0.682	-0.682	-0.685	-0.682	-0.682	-0.686	-0.683	-0.683	-0.683	-0.683	-0.675	-0.675	-0.661	-0.683	-0.686	-0.684	-0.684	-0.684	-0.684	-0.684	-0.704	-0.685	-0.673	-0.673	-0.685	-0.720	-0.685	-0.686	-0.687	-0.687	-0.687	-0.688	-0.688	-0.688	-0.688	-0.719	-0.689	-0.689	-0.689	-0.689	-0.689	-0.692	-0.692	-0.696	-0.703	-0.705	-0.706	-0.700	-0.733	-0.699	-0.732	-0.733	-0.732	-0.732	-0.733	-0.733	-0.733	-0.734	-0.717	-0.734	-0.750	-0.735	-0.734	-0.734	-0.734	-0.734	
rs11132566     +0.073	-0.598	-0.539	-0.503	-0.534	-0.481	-0.613	-0.664	-0.654	-0.576	-0.580	-0.580	-0.580	-0.627	-0.655	-0.486	-0.683	-0.614	-0.629	-0.696	-0.637	-0.698	-0.698	-0.719	-0.619	-0.641	-0.764	-0.868	-0.593	-0.596	-0.726	-0.735	-0.925	-0.925	-0.719	-0.728	-0.614	-0.635	-0.729	-0.723	-0.723	-0.724	-0.724	-0.732	-0.737	-0.834	-0.819	-0.752	-0.821	-0.821	-0.821	-0.821	-0.785	-0.821	-0.821	-0.819	-0.751	-0.821	-0.743	-0.704	-0.822	-0.822	-0.822	-0.822	-0.822	-0.822	-0.822	-0.823	-0.823	-0.823	-0.823	-0.823	-0.823	-0.823	-0.823	-0.823	-0.823	-0.823	-0.823	-0.823	-0.824	-0.824	-0.826	-0.824	-0.824	-0.826	-0.824	-0.824	-0.824	-0.824	-0.819	-0.819	-0.812	-0.824	-0.826	-0.825	-0.825	-0.825	-0.825	-0.825	-0.835	-0.825	-0.818	-0.818	-0.825	-0.705	-0.826	-0.826	-0.826	-0.826	-0.827	-0.827	-0.827	-0.827	-0.827	-0.842	-0.827	-0.828	-0.828	-0.828	-0.828	-0.829	-0.829	-0.832	-0.834	-0.685	-0.835	-0.679	-0.847	-0.679	-0.848	-0.848	-0.848	-0.848	-0.848	-0.848	-0.848	-0.848	-0.840	-0.849	-0.854	-0.849	-0.849	-0.849	-0.849	-0.849	
rs423865       +0.107	-0.627	-0.451	-0.392	-0.435	-0.611	-0.534	-0.577	-0.554	-0.625	-0.650	-0.650	-0.651	-0.547	-0.569	-0.683	-0.417	-0.689	-0.742	-0.724	-0.656	-0.723	-0.723	-0.778	-0.627	-0.638	-0.733	-0.819	-0.603	-0.606	-0.756	-0.763	-0.892	-0.893	-0.751	-0.758	-0.620	-0.636	-0.758	-0.754	-0.754	-0.754	-0.755	-0.761	-0.764	-0.726	-0.701	-0.775	-0.703	-0.703	-0.703	-0.703	-0.796	-0.703	-0.703	-0.700	-0.774	-0.704	-0.765	-0.738	-0.705	-0.705	-0.705	-0.706	-0.706	-0.706	-0.706	-0.706	-0.706	-0.707	-0.707	-0.707	-0.707	-0.707	-0.707	-0.707	-0.707	-0.707	-0.708	-0.708	-0.708	-0.708	-0.711	-0.708	-0.708	-0.712	-0.709	-0.709	-0.709	-0.709	-0.701	-0.701	-0.687	-0.709	-0.712	-0.710	-0.710	-0.710	-0.710	-0.710	-0.730	-0.711	-0.699	-0.700	-0.711	-0.738	-0.711	-0.712	-0.713	-0.713	-0.713	-0.714	-0.714	-0.714	-0.714	-0.745	-0.715	-0.715	-0.715	-0.715	-0.715	-0.718	-0.718	-0.722	-0.729	-0.723	-0.732	-0.718	-0.759	-0.718	-0.757	-0.758	-0.758	-0.758	-0.758	-0.759	-0.759	-0.759	-0.743	-0.760	-0.776	-0.760	-0.760	-0.760	-0.760	-0.760	
rs72642049     +0.081	-0.596	-0.545	-0.510	-0.540	-0.485	-0.619	-0.670	-0.660	-0.573	-0.580	-0.581	-0.581	-0.633	-0.661	-0.614	-0.689	-0.487	-0.641	-0.698	-0.633	-0.700	-0.700	-0.726	-0.612	-0.636	-0.765	-0.869	-0.596	-0.599	-0.729	-0.737	-0.926	-0.927	-0.722	-0.731	-0.618	-0.639	-0.731	-0.725	-0.725	-0.726	-0.727	-0.735	-0.739	-0.834	-0.819	-0.754	-0.820	-0.820	-0.820	-0.820	-0.787	-0.820	-0.820	-0.818	-0.753	-0.821	-0.745	-0.706	-0.821	-0.821	-0.821	-0.822	-0.822	-0.822	-0.822	-0.822	-0.822	-0.822	-0.822	-0.822	-0.822	-0.822	-0.822	-0.823	-0.823	-0.823	-0.823	-0.823	-0.823	-0.823	-0.826	-0.823	-0.823	-0.826	-0.823	-0.823	-0.823	-0.823	-0.818	-0.818	-0.811	-0.824	-0.826	-0.824	-0.824	-0.824	-0.824	-0.824	-0.835	-0.824	-0.817	-0.817	-0.825	-0.707	-0.825	-0.825	-0.826	-0.826	-0.826	-0.826	-0.826	-0.826	-0.827	-0.842	-0.827	-0.827	-0.827	-0.827	-0.827	-0.829	-0.829	-0.831	-0.833	-0.688	-0.834	-0.682	-0.847	-0.681	-0.847	-0.848	-0.848	-0.848	-0.848	-0.848	-0.848	-0.848	-0.840	-0.849	-0.854	-0.849	-0.849	-0.849	-0.849	-0.849	
rs12643939     +0.190	-0.571	-0.591	-0.557	-0.586	-0.475	-0.665	-0.715	-0.715	-0.545	-0.570	-0.571	-0.571	-0.678	-0.706	-0.629	-0.742	-0.641	-0.505	-0.656	-0.610	-0.658	-0.657	-0.747	-0.578	-0.609	-0.792	-0.890	-0.637	-0.640	-0.756	-0.764	-0.948	-0.949	-0.749	-0.758	-0.657	-0.676	-0.758	-0.752	-0.752	-0.753	-0.754	-0.761	-0.766	-0.841	-0.824	-0.780	-0.826	-0.826	-0.826	-0.826	-0.812	-0.826	-0.826	-0.823	-0.780	-0.826	-0.772	-0.733	-0.827	-0.827	-0.827	-0.827	-0.827	-0.827	-0.828	-0.828	-0.828	-0.828	-0.828	-0.828	-0.828	-0.828	-0.828	-0.829	-0.829	-0.829	-0.829	-0.829	-0.829	-0.829	-0.832	-0.829	-0.829	-0.832	-0.829	-0.829	-0.830	-0.830	-0.824	-0.824	-0.815	-0.830	-0.832	-0.830	-0.830	-0.831	-0.831	-0.830	-0.844	-0.831	-0.823	-0.823	-0.831	-0.735	-0.831	-0.832	-0.832	-0.832	-0.832	-0.833	-0.833	-0.833	-0.833	-0.853	-0.834	-0.834	-0.834	-0.834	-0.834	-0.836	-0.836	-0.839	-0.843	-0.716	-0.844	-0.710	-0.859	-0.709	-0.860	-0.861	-0.861	-0.861	-0.861	-0.861	-0.861	-0.861	-0.851	-0.862	-0.870	-0.862	-0.862	-0.862	-0.862	-0.862	
rs66763300     +0.016	-0.673	-0.568	-0.533	-0.563	-0.645	-0.642	-0.694	-0.696	-0.666	-0.680	-0.680	-0.680	-0.656	-0.685	-0.696	-0.724	-0.698	-0.656	-0.508	-0.631	-0.634	-0.635	-0.691	-0.607	-0.638	-0.789	-0.892	-0.623	-0.626	-0.745	-0.753	-0.944	-0.944	-0.738	-0.747	-0.644	-0.664	-0.748	-0.742	-0.742	-0.742	-0.743	-0.751	-0.756	-0.856	-0.841	-0.771	-0.843	-0.843	-0.843	-0.843	-0.804	-0.843	-0.843	-0.841	-0.770	-0.843	-0.762	-0.723	-0.844	-0.844	-0.844	-0.844	-0.844	-0.844	-0.844	-0.844	-0.845	-0.845	-0.845	-0.845	-0.845	-0.845	-0.845	-0.845	-0.845	-0.845	-0.845	-0.845	-0.845	-0.845	-0.848	-0.846	-0.846	-0.848	-0.846	-0.846	-0.846	-0.846	-0.841	-0.841	-0.834	-0.846	-0.848	-0.847	-0.847	-0.847	-0.847	-0.847	-0.857	-0.847	-0.839	-0.839	-0.847	-0.724	-0.848	-0.848	-0.848	-0.848	-0.848	-0.849	-0.849	-0.849	-0.849	-0.865	-0.849	-0.850	-0.850	-0.850	-0.850	-0.851	-0.851	-0.854	-0.856	-0.704	-0.857	-0.698	-0.869	-0.697	-0.870	-0.870	-0.870	-0.870	-0.870	-0.871	-0.871	-0.871	-0.862	-0.871	-0.877	-0.871	-0.871	-0.871	-0.871	-0.871	
rs66716921     -0.050	-0.654	-0.511	-0.475	-0.505	-0.636	-0.584	-0.637	-0.626	-0.649	-0.649	-0.649	-0.649	-0.599	-0.628	-0.637	-0.656	-0.633	-0.610	-0.631	-0.475	-0.633	-0.635	-0.631	-0.597	-0.625	-0.747	-0.856	-0.567	-0.570	-0.704	-0.713	-0.907	-0.908	-0.697	-0.706	-0.590	-0.612	-0.707	-0.700	-0.701	-0.701	-0.702	-0.710	-0.715	-0.832	-0.820	-0.730	-0.821	-0.821	-0.821	-0.821	-0.764	-0.821	-0.821	-0.819	-0.730	-0.822	-0.721	-0.681	-0.822	-0.822	-0.822	-0.822	-0.822	-0.822	-0.822	-0.823	-0.823	-0.823	-0.823	-0.823	-0.823	-0.823	-0.823	-0.823	-0.823	-0.823	-0.823	-0.823	-0.823	-0.823	-0.826	-0.824	-0.824	-0.826	-0.824	-0.824	-0.824	-0.824	-0.820	-0.820	-0.814	-0.824	-0.826	-0.824	-0.824	-0.824	-0.824	-0.824	-0.832	-0.825	-0.817	-0.817	-0.825	-0.682	-0.825	-0.825	-0.826	-0.826	-0.826	-0.826	-0.826	-0.826	-0.826	-0.837	-0.827	-0.827	-0.827	-0.827	-0.827	-0.828	-0.828	-0.830	-0.831	-0.662	-0.832	-0.656	-0.841	-0.655	-0.842	-0.842	-0.842	-0.842	-0.842	-0.842	-0.842	-0.842	-0.836	-0.843	-0.846	-0.843	-0.843	-0.843	-0.843	-0.843	
rs1434024      +0.011	-0.676	-0.568	-0.533	-0.563	-0.649	-0.642	-0.694	-0.696	-0.668	-0.682	-0.683	-0.683	-0.656	-0.685	-0.698	-0.723	-0.700	-0.658	-0.634	-0.633	-0.508	-0.632	-0.689	-0.605	-0.637	-0.789	-0.892	-0.623	-0.626	-0.745	-0.754	-0.944	-0.944	-0.738	-0.747	-0.644	-0.664	-0.748	-0.742	-0.742	-0.742	-0.743	-0.751	-0.756	-0.857	-0.842	-0.771	-0.843	-0.843	-0.843	-0.843	-0.804	-0.843	-0.843	-0.841	-0.770	-0.844	-0.762	-0.723	-0.844	-0.844	-0.844	-0.845	-0.845	-0.845	-0.845	-0.845	-0.845	-0.845	-0.845	-0.845	-0.845	-0.845	-0.845	-0.846	-0.846	-0.846	-0.846	-0.846	-0.846	-0.846	-0.849	-0.846	-0.846	-0.849	-0.846	-0.846	-0.846	-0.846	-0.841	-0.842	-0.834	-0.847	-0.849	-0.847	-0.847	-0.847	-0.847	-0.847	-0.857	-0.847	-0.840	-0.840	-0.848	-0.724	-0.848	-0.848	-0.849	-0.849	-0.849	-0.849	-0.849	-0.849	-0.850	-0.865	-0.850	-0.850	-0.850	-0.850	-0.850	-0.852	-0.852	-0.854	-0.856	-0.704	-0.857	-0.698	-0.870	-0.697	-0.870	-0.871	-0.871	-0.871	-0.871	-0.871	-0.871	-0.871	-0.863	-0.872	-0.877	-0.872	-0.872	-0.872	-0.871	-0.872	
rs67852655     +0.009	-0.677	-0.567	-0.532	-0.562	-0.650	-0.641	-0.693	-0.695	-0.669	-0.683	-0.683	-0.683	-0.655	-0.684	-0.698	-0.723	-0.700	-0.657	-0.635	-0.635	-0.632	-0.508	-0.687	-0.606	-0.637	-0.789	-0.892	-0.623	-0.626	-0.745	-0.753	-0.944	-0.944	-0.738	-0.747	-0.643	-0.664	-0.747	-0.741	-0.742	-0.742	-0.743	-0.751	-0.756	-0.857	-0.842	-0.770	-0.843	-0.843	-0.843	-0.843	-0.804	-0.843	-0.843	-0.841	-0.770	-0.844	-0.762	-0.722	-0.844	-0.844	-0.844	-0.845	-0.845	-0.845	-0.845	-0.845	-0.845	-0.845	-0.845	-0.845	-0.845	-0.845	-0.845	-0.846	-0.846	-0.846	-0.846	-0.846	-0.846	-0.846	-0.849	-0.846	-0.846	-0.849	-0.846	-0.846	-0.846	-0.846	-0.841	-0.842	-0.834	-0.847	-0.849	-0.847	-0.847	-0.847	-0.847	-0.847	-0.857	-0.847	-0.840	-0.840	-0.848	-0.723	-0.848	-0.848	-0.849	-0.849	-0.849	-0.849	-0.849	-0.849	-0.850	-0.865	-0.850	-0.850	-0.850	-0.850	-0.850	-0.852	-0.852	-0.854	-0.856	-0.704	-0.857	-0.698	-0.870	-0.697	-0.870	-0.871	-0.871	-0.871	-0.871	-0.871	-0.871	-0.871	-0.863	-0.871	-0.877	-0.872	-0.872	-0.872	-0.871	-0.871	
rs13103616     +0.090	-0.668	-0.632	-0.599	-0.627	-0.632	-0.706	-0.754	-0.753	-0.659	-0.683	-0.683	-0.683	-0.719	-0.746	-0.719	-0.778	-0.726	-0.747	-0.691	-0.631	-0.689	-0.687	-0.532	-0.585	-0.614	-0.824	-0.908	-0.678	-0.680	-0.786	-0.793	-0.975	-0.975	-0.779	-0.787	-0.696	-0.714	-0.788	-0.782	-0.782	-0.783	-0.783	-0.791	-0.795	-0.849	-0.828	-0.810	-0.830	-0.831	-0.831	-0.831	-0.842	-0.831	-0.831	-0.828	-0.809	-0.831	-0.802	-0.763	-0.832	-0.832	-0.832	-0.833	-0.833	-0.833	-0.833	-0.833	-0.833	-0.833	-0.833	-0.833	-0.834	-0.834	-0.834	-0.834	-0.834	-0.834	-0.834	-0.834	-0.834	-0.834	-0.838	-0.835	-0.835	-0.838	-0.835	-0.835	-0.835	-0.835	-0.829	-0.829	-0.819	-0.835	-0.838	-0.836	-0.836	-0.836	-0.836	-0.836	-0.852	-0.837	-0.829	-0.829	-0.837	-0.765	-0.837	-0.837	-0.838	-0.838	-0.839	-0.839	-0.839	-0.839	-0.839	-0.863	-0.840	-0.840	-0.840	-0.840	-0.840	-0.842	-0.842	-0.846	-0.851	-0.746	-0.853	-0.740	-0.871	-0.739	-0.872	-0.873	-0.872	-0.872	-0.873	-0.873	-0.873	-0.873	-0.861	-0.874	-0.884	-0.874	-0.874	-0.874	-0.874	-0.874	
rs9992330      -0.087	-0.650	-0.481	-0.444	-0.475	-0.641	-0.555	-0.609	-0.597	-0.647	-0.642	-0.642	-0.642	-0.569	-0.599	-0.619	-0.627	-0.612	-0.578	-0.607	-0.597	-0.605	-0.606	-0.585	-0.458	-0.603	-0.728	-0.837	-0.540	-0.544	-0.682	-0.692	-0.889	-0.889	-0.676	-0.685	-0.564	-0.587	-0.686	-0.679	-0.679	-0.680	-0.681	-0.689	-0.694	-0.820	-0.809	-0.710	-0.810	-0.810	-0.810	-0.810	-0.744	-0.810	-0.810	-0.808	-0.709	-0.810	-0.700	-0.659	-0.810	-0.810	-0.811	-0.811	-0.811	-0.811	-0.811	-0.811	-0.811	-0.811	-0.811	-0.811	-0.811	-0.811	-0.811	-0.811	-0.811	-0.811	-0.811	-0.811	-0.812	-0.812	-0.814	-0.812	-0.812	-0.814	-0.812	-0.812	-0.812	-0.812	-0.808	-0.808	-0.803	-0.812	-0.814	-0.812	-0.813	-0.813	-0.813	-0.813	-0.819	-0.813	-0.805	-0.805	-0.813	-0.661	-0.813	-0.813	-0.814	-0.814	-0.814	-0.814	-0.814	-0.814	-0.814	-0.823	-0.815	-0.815	-0.815	-0.815	-0.815	-0.816	-0.816	-0.818	-0.818	-0.641	-0.819	-0.634	-0.826	-0.633	-0.827	-0.828	-0.828	-0.828	-0.828	-0.828	-0.828	-0.828	-0.823	-0.828	-0.830	-0.828	-0.828	-0.828	-0.828	-0.828	
rs7659814      -0.084	-0.659	-0.492	-0.456	-0.487	-0.650	-0.567	-0.620	-0.609	-0.659	-0.657	-0.657	-0.657	-0.581	-0.610	-0.641	-0.638	-0.636	-0.609	-0.638	-0.625	-0.637	-0.637	-0.614	-0.603	-0.462	-0.731	-0.841	-0.546	-0.549	-0.687	-0.696	-0.893	-0.893	-0.680	-0.690	-0.570	-0.592	-0.690	-0.684	-0.684	-0.685	-0.685	-0.694	-0.698	-0.822	-0.811	-0.714	-0.812	-0.812	-0.812	-0.812	-0.748	-0.812	-0.812	-0.810	-0.713	-0.812	-0.705	-0.664	-0.812	-0.813	-0.813	-0.813	-0.813	-0.813	-0.813	-0.813	-0.813	-0.813	-0.813	-0.813	-0.813	-0.814	-0.814	-0.814	-0.814	-0.814	-0.814	-0.814	-0.814	-0.814	-0.816	-0.814	-0.814	-0.816	-0.814	-0.814	-0.814	-0.814	-0.810	-0.810	-0.805	-0.815	-0.816	-0.815	-0.815	-0.815	-0.815	-0.815	-0.821	-0.815	-0.808	-0.808	-0.815	-0.665	-0.816	-0.816	-0.816	-0.816	-0.816	-0.817	-0.817	-0.817	-0.817	-0.826	-0.817	-0.817	-0.817	-0.817	-0.817	-0.818	-0.818	-0.820	-0.820	-0.645	-0.821	-0.639	-0.829	-0.638	-0.830	-0.831	-0.830	-0.830	-0.831	-0.831	-0.831	-0.831	-0.825	-0.831	-0.833	-0.831	-0.831	-0.831	-0.831	-0.831	
rs2126307      -0.027	-0.723	-0.599	-0.569	-0.595	-0.718	-0.673	-0.715	-0.710	-0.724	-0.744	-0.744	-0.744	-0.685	-0.708	-0.764	-0.733	-0.765	-0.792	-0.789	-0.747	-0.789	-0.789	-0.824	-0.728	-0.731	-0.436	-0.822	-0.564	-0.567	-0.716	-0.723	-0.897	-0.897	-0.709	-0.717	-0.587	-0.606	-0.718	-0.712	-0.712	-0.712	-0.713	-0.721	-0.725	-0.741	-0.716	-0.738	-0.719	-0.719	-0.719	-0.719	-0.769	-0.719	-0.719	-0.716	-0.738	-0.720	-0.731	-0.694	-0.720	-0.720	-0.721	-0.721	-0.721	-0.721	-0.721	-0.722	-0.722	-0.722	-0.722	-0.722	-0.722	-0.722	-0.723	-0.723	-0.723	-0.723	-0.723	-0.723	-0.723	-0.723	-0.728	-0.724	-0.724	-0.728	-0.724	-0.724	-0.724	-0.724	-0.717	-0.717	-0.705	-0.725	-0.728	-0.725	-0.725	-0.726	-0.726	-0.725	-0.749	-0.726	-0.720	-0.721	-0.726	-0.695	-0.727	-0.727	-0.728	-0.728	-0.728	-0.729	-0.729	-0.729	-0.729	-0.760	-0.730	-0.730	-0.730	-0.730	-0.731	-0.733	-0.733	-0.737	-0.738	-0.677	-0.740	-0.671	-0.774	-0.670	-0.765	-0.766	-0.766	-0.766	-0.766	-0.766	-0.767	-0.767	-0.750	-0.767	-0.782	-0.768	-0.767	-0.767	-0.767	-0.767	
rs1350865      -0.220	-0.836	-0.683	-0.653	-0.679	-0.828	-0.758	-0.802	-0.795	-0.836	-0.851	-0.851	-0.851	-0.770	-0.794	-0.868	-0.819	-0.869	-0.890	-0.892	-0.856	-0.892	-0.892	-0.908	-0.837	-0.841	-0.822	-0.552	-0.573	-0.577	-0.777	-0.785	-0.975	-0.976	-0.769	-0.779	-0.607	-0.632	-0.779	-0.773	-0.773	-0.774	-0.775	-0.783	-0.787	-0.792	-0.769	-0.803	-0.772	-0.772	-0.772	-0.773	-0.842	-0.773	-0.773	-0.769	-0.802	-0.773	-0.802	-0.756	-0.774	-0.774	-0.775	-0.775	-0.775	-0.775	-0.776	-0.776	-0.776	-0.776	-0.776	-0.777	-0.777	-0.777	-0.777	-0.777	-0.777	-0.777	-0.777	-0.777	-0.778	-0.778	-0.784	-0.778	-0.778	-0.783	-0.779	-0.779	-0.779	-0.779	-0.770	-0.771	-0.758	-0.779	-0.783	-0.780	-0.780	-0.780	-0.780	-0.780	-0.805	-0.781	-0.776	-0.776	-0.782	-0.757	-0.782	-0.782	-0.783	-0.783	-0.784	-0.785	-0.785	-0.785	-0.785	-0.824	-0.785	-0.786	-0.786	-0.786	-0.786	-0.789	-0.789	-0.794	-0.809	-0.738	-0.812	-0.731	-0.827	-0.731	-0.836	-0.837	-0.837	-0.837	-0.837	-0.838	-0.838	-0.838	-0.823	-0.839	-0.852	-0.839	-0.839	-0.839	-0.839	-0.839	
rs7665861      +0.254	-0.539	-0.471	-0.442	-0.466	-0.531	-0.544	-0.585	-0.582	-0.539	-0.565	-0.565	-0.565	-0.556	-0.578	-0.593	-0.603	-0.596	-0.637	-0.623	-0.567	-0.623	-0.623	-0.678	-0.540	-0.546	-0.564	-0.573	-0.275	-0.373	-0.611	-0.617	-0.769	-0.769	-0.605	-0.612	-0.426	-0.433	-0.612	-0.607	-0.608	-0.608	-0.609	-0.615	-0.619	-0.597	-0.575	-0.631	-0.578	-0.578	-0.578	-0.578	-0.655	-0.578	-0.578	-0.575	-0.631	-0.579	-0.618	-0.588	-0.580	-0.580	-0.580	-0.580	-0.581	-0.581	-0.581	-0.581	-0.581	-0.582	-0.582	-0.582	-0.582	-0.582	-0.582	-0.582	-0.582	-0.582	-0.582	-0.582	-0.583	-0.583	-0.588	-0.583	-0.583	-0.587	-0.583	-0.583	-0.584	-0.584	-0.576	-0.576	-0.564	-0.584	-0.587	-0.585	-0.585	-0.585	-0.585	-0.585	-0.610	-0.585	-0.582	-0.582	-0.586	-0.589	-0.586	-0.587	-0.587	-0.588	-0.588	-0.589	-0.589	-0.589	-0.589	-0.622	-0.589	-0.590	-0.590	-0.590	-0.590	-0.593	-0.593	-0.597	-0.599	-0.572	-0.602	-0.567	-0.632	-0.567	-0.628	-0.629	-0.629	-0.629	-0.629	-0.629	-0.630	-0.630	-0.611	-0.630	-0.647	-0.631	-0.631	-0.631	-0.630	-0.630	
rs10866312     +0.249	-0.543	-0.473	-0.444	-0.469	-0.534	-0.547	-0.588	-0.584	-0.542	-0.568	-0.569	-0.569	-0.558	-0.581	-0.596	-0.606	-0.599	-0.640	-0.626	-0.570	-0.626	-0.626	-0.680	-0.544	-0.549	-0.567	-0.577	-0.373	-0.278	-0.613	-0.619	-0.771	-0.771	-0.607	-0.614	-0.428	-0.435	-0.615	-0.609	-0.610	-0.610	-0.611	-0.617	-0.621	-0.600	-0.579	-0.633	-0.581	-0.581	-0.581	-0.582	-0.657	-0.582	-0.582	-0.578	-0.633	-0.582	-0.620	-0.591	-0.583	-0.583	-0.583	-0.584	-0.584	-0.584	-0.584	-0.584	-0.584	-0.585	-0.585	-0.585	-0.585	-0.585	-0.585	-0.585	-0.585	-0.586	-0.586	-0.586	-0.586	-0.586	-0.591	-0.586	-0.587	-0.590	-0.587	-0.587	-0.587	-0.587	-0.579	-0.580	-0.567	-0.587	-0.590	-0.588	-0.588	-0.588	-0.588	-0.588	-0.614	-0.589	-0.585	-0.585	-0.589	-0.592	-0.590	-0.590	-0.591	-0.591	-0.591	-0.592	-0.592	-0.592	-0.592	-0.625	-0.593	-0.593	-0.593	-0.593	-0.593	-0.596	-0.596	-0.600	-0.602	-0.575	-0.605	-0.569	-0.636	-0.569	-0.631	-0.632	-0.632	-0.632	-0.632	-0.632	-0.633	-0.633	-0.615	-0.634	-0.650	-0.634	-0.634	-0.634	-0.633	-0.633	
rs4863066      -0.041	-0.687	-0.644	-0.618	-0.641	-0.678	-0.708	-0.743	-0.736	-0.687	-0.705	-0.705	-0.705	-0.718	-0.737	-0.726	-0.756	-0.729	-0.756	-0.745	-0.704	-0.745	-0.745	-0.786	-0.682	-0.687	-0.716	-0.777	-0.611	-0.613	-0.399	-0.567	-0.640	-0.640	-0.557	-0.565	-0.622	-0.637	-0.563	-0.560	-0.560	-0.561	-0.561	-0.566	-0.569	-0.686	-0.662	-0.580	-0.664	-0.664	-0.664	-0.664	-0.661	-0.664	-0.664	-0.660	-0.581	-0.665	-0.653	-0.564	-0.666	-0.666	-0.666	-0.667	-0.667	-0.667	-0.667	-0.667	-0.668	-0.668	-0.668	-0.668	-0.668	-0.668	-0.668	-0.669	-0.669	-0.669	-0.669	-0.669	-0.669	-0.669	-0.673	-0.670	-0.670	-0.674	-0.670	-0.670	-0.670	-0.670	-0.662	-0.662	-0.645	-0.671	-0.675	-0.671	-0.672	-0.672	-0.672	-0.672	-0.694	-0.672	-0.662	-0.662	-0.673	-0.566	-0.673	-0.674	-0.674	-0.675	-0.675	-0.676	-0.676	-0.676	-0.676	-0.715	-0.677	-0.677	-0.677	-0.677	-0.678	-0.680	-0.680	-0.685	-0.694	-0.552	-0.697	-0.547	-0.726	-0.547	-0.726	-0.727	-0.727	-0.727	-0.727	-0.728	-0.728	-0.729	-0.710	-0.729	-0.747	-0.730	-0.729	-0.729	-0.729	-0.729	
rs4863067      -0.051	-0.696	-0.650	-0.624	-0.647	-0.687	-0.714	-0.750	-0.743	-0.696	-0.714	-0.714	-0.714	-0.724	-0.744	-0.735	-0.763	-0.737	-0.764	-0.753	-0.713	-0.754	-0.753	-0.793	-0.692	-0.696	-0.723	-0.785	-0.617	-0.619	-0.567	-0.407	-0.634	-0.634	-0.523	-0.524	-0.634	-0.649	-0.533	-0.528	-0.528	-0.528	-0.529	-0.537	-0.541	-0.697	-0.673	-0.557	-0.675	-0.675	-0.675	-0.675	-0.656	-0.675	-0.675	-0.671	-0.558	-0.676	-0.649	-0.542	-0.676	-0.677	-0.677	-0.677	-0.677	-0.678	-0.678	-0.678	-0.678	-0.679	-0.679	-0.679	-0.679	-0.679	-0.679	-0.679	-0.679	-0.679	-0.679	-0.679	-0.680	-0.680	-0.684	-0.680	-0.680	-0.685	-0.681	-0.681	-0.681	-0.681	-0.672	-0.673	-0.656	-0.681	-0.685	-0.682	-0.682	-0.682	-0.682	-0.682	-0.704	-0.683	-0.672	-0.672	-0.683	-0.544	-0.684	-0.684	-0.685	-0.685	-0.685	-0.686	-0.686	-0.686	-0.687	-0.725	-0.687	-0.687	-0.687	-0.688	-0.688	-0.691	-0.691	-0.695	-0.704	-0.528	-0.707	-0.521	-0.735	-0.521	-0.736	-0.737	-0.737	-0.737	-0.737	-0.737	-0.738	-0.738	-0.720	-0.739	-0.756	-0.739	-0.739	-0.739	-0.739	-0.739	
rs1841631      -0.266	-0.890	-0.763	-0.733	-0.758	-0.884	-0.835	-0.876	-0.870	-0.890	-0.907	-0.907	-0.907	-0.846	-0.869	-0.925	-0.892	-0.926	-0.948	-0.944	-0.907	-0.944	-0.944	-0.975	-0.889	-0.893	-0.897	-0.975	-0.769	-0.771	-0.640	-0.634	-0.598	-0.731	-0.604	-0.622	-0.785	-0.802	-0.622	-0.611	-0.611	-0.612	-0.614	-0.629	-0.638	-0.934	-0.917	-0.667	-0.918	-0.918	-0.918	-0.918	-0.786	-0.918	-0.918	-0.916	-0.666	-0.919	-0.735	-0.591	-0.919	-0.919	-0.920	-0.920	-0.920	-0.920	-0.920	-0.920	-0.920	-0.921	-0.921	-0.921	-0.921	-0.921	-0.921	-0.921	-0.921	-0.921	-0.921	-0.921	-0.922	-0.922	-0.925	-0.922	-0.922	-0.925	-0.922	-0.922	-0.922	-0.922	-0.916	-0.916	-0.905	-0.923	-0.925	-0.923	-0.923	-0.923	-0.923	-0.923	-0.936	-0.924	-0.914	-0.914	-0.924	-0.594	-0.924	-0.925	-0.925	-0.925	-0.925	-0.926	-0.926	-0.926	-0.926	-0.950	-0.927	-0.927	-0.927	-0.927	-0.927	-0.929	-0.929	-0.932	-0.936	-0.562	-0.938	-0.551	-0.956	-0.550	-0.956	-0.957	-0.956	-0.956	-0.957	-0.957	-0.957	-0.957	-0.945	-0.958	-0.968	-0.958	-0.958	-0.958	-0.958	-0.958	
rs13132768     -0.267	-0.890	-0.763	-0.733	-0.759	-0.884	-0.835	-0.876	-0.870	-0.891	-0.907	-0.907	-0.908	-0.846	-0.869	-0.925	-0.893	-0.927	-0.949	-0.944	-0.908	-0.944	-0.944	-0.975	-0.889	-0.893	-0.897	-0.976	-0.769	-0.771	-0.640	-0.634	-0.731	-0.598	-0.604	-0.622	-0.785	-0.802	-0.622	-0.611	-0.611	-0.612	-0.614	-0.629	-0.638	-0.935	-0.917	-0.667	-0.918	-0.918	-0.918	-0.918	-0.786	-0.919	-0.919	-0.916	-0.666	-0.919	-0.735	-0.591	-0.920	-0.920	-0.920	-0.920	-0.920	-0.920	-0.920	-0.921	-0.921	-0.921	-0.921	-0.921	-0.921	-0.921	-0.921	-0.921	-0.921	-0.922	-0.922	-0.922	-0.922	-0.922	-0.925	-0.922	-0.922	-0.925	-0.922	-0.922	-0.922	-0.923	-0.916	-0.916	-0.906	-0.923	-0.925	-0.923	-0.923	-0.924	-0.924	-0.923	-0.936	-0.924	-0.914	-0.914	-0.924	-0.594	-0.925	-0.925	-0.925	-0.926	-0.926	-0.926	-0.926	-0.926	-0.926	-0.951	-0.927	-0.927	-0.927	-0.927	-0.927	-0.929	-0.929	-0.932	-0.936	-0.561	-0.938	-0.551	-0.956	-0.550	-0.956	-0.957	-0.957	-0.957	-0.957	-0.957	-0.957	-0.958	-0.946	-0.958	-0.968	-0.958	-0.958	-0.958	-0.958	-0.958	
rs67925757     -0.034	-0.680	-0.639	-0.614	-0.636	-0.671	-0.703	-0.738	-0.731	-0.680	-0.698	-0.699	-0.699	-0.713	-0.732	-0.719	-0.751	-0.722	-0.749	-0.738	-0.697	-0.738	-0.738	-0.779	-0.676	-0.680	-0.709	-0.769	-0.605	-0.607	-0.557	-0.523	-0.604	-0.604	-0.391	-0.522	-0.621	-0.636	-0.516	-0.515	-0.515	-0.515	-0.516	-0.520	-0.522	-0.679	-0.655	-0.535	-0.657	-0.657	-0.657	-0.657	-0.643	-0.657	-0.657	-0.653	-0.537	-0.658	-0.639	-0.536	-0.659	-0.659	-0.659	-0.660	-0.660	-0.660	-0.660	-0.660	-0.660	-0.661	-0.661	-0.661	-0.661	-0.661	-0.661	-0.662	-0.662	-0.662	-0.662	-0.662	-0.662	-0.662	-0.666	-0.663	-0.663	-0.667	-0.663	-0.663	-0.663	-0.663	-0.655	-0.655	-0.638	-0.664	-0.668	-0.664	-0.664	-0.665	-0.665	-0.665	-0.687	-0.665	-0.655	-0.655	-0.666	-0.538	-0.666	-0.666	-0.667	-0.668	-0.668	-0.669	-0.669	-0.669	-0.669	-0.708	-0.670	-0.670	-0.670	-0.670	-0.670	-0.673	-0.673	-0.678	-0.687	-0.525	-0.690	-0.520	-0.719	-0.520	-0.719	-0.720	-0.720	-0.720	-0.720	-0.721	-0.721	-0.722	-0.703	-0.722	-0.740	-0.723	-0.723	-0.723	-0.722	-0.722	
rs2377334      -0.044	-0.690	-0.646	-0.620	-0.642	-0.681	-0.710	-0.745	-0.738	-0.689	-0.708	-0.708	-0.708	-0.720	-0.739	-0.728	-0.758	-0.731	-0.758	-0.747	-0.706	-0.747	-0.747	-0.787	-0.685	-0.690	-0.717	-0.779	-0.612	-0.614	-0.565	-0.524	-0.622	-0.622	-0.522	-0.400	-0.629	-0.643	-0.530	-0.526	-0.526	-0.526	-0.527	-0.533	-0.536	-0.690	-0.666	-0.551	-0.667	-0.668	-0.668	-0.668	-0.650	-0.668	-0.668	-0.664	-0.551	-0.669	-0.645	-0.541	-0.669	-0.670	-0.670	-0.670	-0.670	-0.670	-0.671	-0.671	-0.671	-0.671	-0.671	-0.672	-0.672	-0.672	-0.672	-0.672	-0.672	-0.672	-0.672	-0.672	-0.673	-0.673	-0.677	-0.673	-0.673	-0.678	-0.673	-0.674	-0.674	-0.674	-0.665	-0.665	-0.649	-0.674	-0.678	-0.675	-0.675	-0.675	-0.675	-0.675	-0.697	-0.676	-0.665	-0.665	-0.676	-0.543	-0.677	-0.677	-0.678	-0.678	-0.678	-0.679	-0.679	-0.679	-0.680	-0.718	-0.680	-0.680	-0.680	-0.681	-0.681	-0.684	-0.684	-0.688	-0.697	-0.528	-0.700	-0.523	-0.729	-0.522	-0.729	-0.730	-0.730	-0.730	-0.730	-0.731	-0.731	-0.732	-0.713	-0.732	-0.750	-0.732	-0.732	-0.732	-0.732	-0.732	
rs7662924      +0.217	-0.563	-0.487	-0.458	-0.483	-0.555	-0.561	-0.602	-0.598	-0.562	-0.588	-0.588	-0.588	-0.572	-0.595	-0.614	-0.620	-0.618	-0.657	-0.644	-0.590	-0.644	-0.643	-0.696	-0.564	-0.570	-0.587	-0.607	-0.426	-0.428	-0.622	-0.634	-0.785	-0.785	-0.621	-0.629	-0.294	-0.406	-0.629	-0.624	-0.624	-0.625	-0.625	-0.632	-0.636	-0.619	-0.598	-0.648	-0.601	-0.601	-0.601	-0.601	-0.671	-0.601	-0.601	-0.598	-0.647	-0.602	-0.635	-0.605	-0.602	-0.603	-0.603	-0.603	-0.603	-0.603	-0.603	-0.604	-0.604	-0.604	-0.604	-0.604	-0.604	-0.605	-0.605	-0.605	-0.605	-0.605	-0.605	-0.605	-0.605	-0.605	-0.610	-0.606	-0.606	-0.610	-0.606	-0.606	-0.606	-0.606	-0.599	-0.599	-0.587	-0.607	-0.610	-0.607	-0.607	-0.608	-0.608	-0.607	-0.632	-0.608	-0.604	-0.604	-0.609	-0.606	-0.609	-0.609	-0.610	-0.610	-0.610	-0.611	-0.611	-0.611	-0.611	-0.643	-0.612	-0.612	-0.612	-0.612	-0.613	-0.615	-0.615	-0.619	-0.621	-0.589	-0.624	-0.584	-0.653	-0.584	-0.649	-0.650	-0.650	-0.650	-0.650	-0.650	-0.651	-0.651	-0.633	-0.652	-0.668	-0.652	-0.652	-0.652	-0.651	-0.651	
rs6853859      +0.184	-0.585	-0.504	-0.475	-0.500	-0.577	-0.577	-0.619	-0.615	-0.585	-0.610	-0.610	-0.610	-0.589	-0.611	-0.635	-0.636	-0.639	-0.676	-0.664	-0.612	-0.664	-0.664	-0.714	-0.587	-0.592	-0.606	-0.632	-0.433	-0.435	-0.637	-0.649	-0.802	-0.802	-0.636	-0.643	-0.406	-0.315	-0.644	-0.639	-0.639	-0.639	-0.640	-0.647	-0.650	-0.641	-0.621	-0.663	-0.623	-0.623	-0.623	-0.623	-0.687	-0.623	-0.623	-0.620	-0.662	-0.624	-0.651	-0.620	-0.625	-0.625	-0.625	-0.625	-0.626	-0.626	-0.626	-0.626	-0.626	-0.626	-0.626	-0.627	-0.627	-0.627	-0.627	-0.627	-0.627	-0.627	-0.627	-0.627	-0.628	-0.628	-0.633	-0.628	-0.628	-0.632	-0.628	-0.628	-0.628	-0.628	-0.621	-0.621	-0.610	-0.629	-0.632	-0.629	-0.630	-0.630	-0.630	-0.630	-0.653	-0.630	-0.626	-0.626	-0.631	-0.621	-0.631	-0.631	-0.632	-0.632	-0.632	-0.633	-0.633	-0.633	-0.634	-0.664	-0.634	-0.634	-0.634	-0.635	-0.635	-0.637	-0.637	-0.641	-0.643	-0.604	-0.645	-0.599	-0.674	-0.598	-0.670	-0.671	-0.671	-0.671	-0.671	-0.671	-0.672	-0.672	-0.655	-0.672	-0.688	-0.673	-0.673	-0.673	-0.672	-0.672	
