## Summary of overall evidence for association with region:
## log10(BF for region) = 2.44647
## p-value for region = NA

## BFs for choosing among multi-SNP models:
## log10(average 1-SNP BF) = 2.50803
## log10(average 2-SNP BF) = 2.28874

## Example posterior probabilities for multi-SNP models, based on default prior: [p(l) propto 0.5^l for l=1,2,...,L]
## posterior probability of 1-SNP = 0.768182
## posterior probability of 2-SNP = 0.231818

## log10(BF) for single SNP and pair of SNPs:
rs811863       -0.400	-0.458	-0.446	+1.966	-0.466	-0.476	-0.479	-0.484	-0.238	-0.223	-0.693	+2.416	+2.399	-0.681	+2.373	-0.679	-0.485	-0.654	-0.652	-0.652	-0.228	+2.838	-0.660	-0.317	+3.117	-0.298	+3.094	+2.378	+3.118	-0.270	+3.171	-0.564	+3.501	-0.206	+1.745	-0.606	-0.606	-0.606	-0.606	+0.030	-0.607	-0.096	-0.096	-0.098	-0.096	-0.618	-0.094	-0.096	-0.118	-0.095	-0.095	-0.096	-0.043	-0.043	-0.043	-0.096	-0.096	-0.096	-0.093	-0.093	+1.625	-0.606	+1.555	+0.062	+1.491	-0.671	-0.617	-0.561	-0.632	+1.313	+0.172	+0.185	+1.074	+0.266	+0.265	+0.255	+0.179	+0.179	+0.206	+0.232	+0.253	+0.242	-0.288	-0.278	-0.168	-0.232	-0.215	-0.097	-0.116	-0.166	-0.165	-0.154	-0.165	-0.165	-0.156	-0.418	-0.419	-0.456	-0.586	-0.416	-0.383	-0.586	-0.014	-0.014	-0.134	-0.388	-0.392	-0.395	-0.390	-0.390	-0.407	-0.391	-0.400	-0.402	-0.408	-0.402	-0.406	-0.409	-0.412	-0.212	-0.122	-0.222	-0.412	-0.412	-0.406	-0.882	-0.708	-0.425	-0.882	-0.439	-0.463	-0.469	-0.418	-0.469	-0.469	-0.449	-0.470	-0.470	-0.468	-0.471	-0.469	-0.429	-0.214	-0.424	-0.227	-0.190	-0.261	-0.439	-0.429	-0.436	-0.432	-0.276	+3.696	-0.271	-0.877	-0.723	-0.723	-0.887	-0.714	
rs7739162      -0.458	-0.163	-0.242	+1.995	-0.386	-0.393	-0.396	-0.399	-0.021	+0.010	-0.521	+2.431	+2.414	-0.510	+2.389	-0.509	-0.296	-0.487	-0.485	-0.486	-0.034	+2.876	-0.492	-0.200	+3.147	-0.167	+3.124	+2.398	+3.148	-0.139	+3.200	-0.431	+3.526	+0.326	+1.794	-0.466	-0.466	-0.466	-0.466	+0.635	-0.466	+0.549	+0.549	+0.546	+0.549	-0.471	+0.551	+0.549	+0.517	+0.549	+0.549	+0.549	+0.616	+0.616	+0.616	+0.548	+0.548	+0.548	+0.551	+0.551	+1.683	-0.466	+1.617	+0.737	+1.562	-0.449	-0.440	-0.421	-0.448	+1.388	+0.832	+0.847	+1.165	+0.934	+0.960	+0.948	+0.840	+0.839	+0.872	+0.904	+0.898	+0.883	+0.111	+0.125	+0.261	+0.189	+0.207	+0.347	+0.327	+0.270	+0.270	+0.284	+0.271	+0.271	+0.281	-0.025	-0.027	-0.070	-0.433	-0.023	+0.015	-0.432	+0.428	+0.428	+0.307	+0.007	+0.003	+0.001	+0.007	+0.008	-0.013	+0.007	-0.004	-0.006	-0.014	-0.005	-0.010	-0.015	-0.018	+0.215	+0.320	+0.203	-0.018	-0.019	-0.011	-0.678	-0.461	-0.034	-0.676	-0.094	-0.122	-0.128	-0.023	-0.129	-0.129	-0.105	-0.129	-0.129	-0.126	-0.130	-0.127	-0.082	+0.213	-0.076	+0.200	+0.243	+0.160	-0.091	-0.079	-0.088	-0.083	+0.143	+3.735	+0.149	-0.677	-0.476	-0.476	-0.681	-0.485	
rs79006793     -0.446	-0.242	-0.150	+2.004	-0.376	-0.383	-0.385	-0.389	-0.035	-0.006	-0.510	+2.439	+2.423	-0.499	+2.398	-0.498	-0.285	-0.476	-0.475	-0.475	-0.044	+2.885	-0.481	-0.199	+3.156	-0.168	+3.134	+2.407	+3.157	-0.141	+3.209	-0.419	+3.535	+0.345	+1.803	-0.454	-0.454	-0.454	-0.454	+0.656	-0.454	+0.569	+0.569	+0.566	+0.569	-0.459	+0.572	+0.569	+0.537	+0.570	+0.570	+0.569	+0.637	+0.637	+0.637	+0.569	+0.569	+0.568	+0.571	+0.571	+1.693	-0.454	+1.626	+0.757	+1.571	-0.437	-0.429	-0.409	-0.436	+1.397	+0.853	+0.868	+1.174	+0.955	+0.981	+0.969	+0.860	+0.860	+0.893	+0.925	+0.919	+0.904	+0.128	+0.141	+0.277	+0.206	+0.223	+0.364	+0.344	+0.286	+0.287	+0.300	+0.287	+0.287	+0.298	-0.010	-0.012	-0.055	-0.421	-0.007	+0.030	-0.420	+0.445	+0.445	+0.324	+0.023	+0.019	+0.017	+0.023	+0.023	+0.003	+0.022	+0.012	+0.009	+0.001	+0.011	+0.006	-0.000	-0.003	+0.231	+0.336	+0.219	-0.003	-0.004	+0.004	-0.667	-0.447	-0.018	-0.664	-0.079	-0.107	-0.114	-0.008	-0.114	-0.114	-0.091	-0.115	-0.115	-0.112	-0.116	-0.113	-0.067	+0.229	-0.061	+0.216	+0.259	+0.176	-0.077	-0.065	-0.073	-0.068	+0.159	+3.744	+0.165	-0.665	-0.463	-0.463	-0.670	-0.472	
rs169945       +1.966	+1.995	+2.004	+2.391	+2.592	+2.578	+2.574	+2.566	+2.156	+2.168	+2.096	+2.660	+2.650	+2.114	+2.630	+2.117	+2.164	+2.156	+2.158	+2.158	+2.163	+3.074	+2.147	+2.104	+3.284	+2.113	+3.266	+2.638	+3.285	+2.138	+3.328	+1.953	+3.664	+1.816	+2.740	+1.951	+1.951	+1.951	+1.951	+1.947	+1.951	+1.949	+1.949	+1.948	+1.950	+1.941	+1.951	+1.950	+1.938	+1.950	+1.950	+1.950	+1.978	+1.978	+1.978	+1.950	+1.950	+1.951	+1.952	+1.952	+2.678	+1.952	+2.637	+1.999	+2.600	+1.964	+1.922	+1.951	+1.911	+2.513	+2.156	+2.167	+2.374	+2.221	+2.216	+2.210	+2.164	+2.164	+2.183	+2.202	+2.189	+2.181	+1.984	+1.989	+2.108	+2.054	+2.070	+2.173	+2.149	+2.110	+2.111	+2.121	+2.112	+2.113	+2.120	+1.824	+1.821	+1.802	+1.946	+1.823	+1.843	+1.946	+2.181	+2.181	+2.148	+1.840	+1.838	+1.836	+1.839	+1.839	+1.829	+1.839	+1.834	+1.832	+1.829	+1.833	+1.831	+1.828	+1.827	+1.934	+1.997	+1.931	+1.827	+1.827	+1.830	+1.708	+1.881	+1.818	+1.703	+1.742	+1.732	+1.730	+1.823	+1.730	+1.730	+1.738	+1.730	+1.730	+1.731	+1.730	+1.730	+1.744	+1.905	+1.746	+1.898	+1.916	+1.874	+1.741	+1.744	+1.741	+1.742	+1.866	+3.887	+1.870	+1.721	+1.864	+1.864	+1.706	+1.869	
rs777574       -0.466	-0.386	-0.376	+2.592	-0.265	-0.375	-0.381	-0.382	-0.192	-0.178	-0.637	+3.018	+2.996	-0.632	+2.961	-0.631	-0.444	-0.617	-0.616	-0.616	-0.182	+3.362	-0.620	-0.261	+3.660	-0.242	+3.635	+2.956	+3.660	-0.216	+3.715	-0.410	+4.058	-0.194	+2.258	-0.541	-0.541	-0.541	-0.541	+0.061	-0.541	+0.239	+0.239	+0.236	+0.239	-0.539	+0.241	+0.239	+0.214	+0.239	+0.239	+0.239	+0.301	+0.301	+0.301	+0.239	+0.238	+0.238	+0.241	+0.241	+2.113	-0.543	+2.035	+0.426	+1.964	-0.538	-0.510	-0.390	-0.524	+1.763	+0.162	+0.174	+1.500	+0.247	+0.247	+0.238	+0.169	+0.169	+0.195	+0.219	+0.253	+0.242	-0.230	-0.222	-0.121	-0.184	-0.165	-0.056	-0.078	-0.123	-0.123	-0.112	-0.122	-0.122	-0.113	-0.118	-0.121	-0.167	-0.422	-0.120	-0.081	-0.421	+0.029	+0.029	-0.092	-0.088	-0.093	-0.096	-0.091	-0.090	-0.111	-0.091	-0.102	-0.105	-0.112	-0.106	-0.111	-0.113	-0.116	+0.122	+0.218	+0.102	-0.116	-0.117	-0.110	-0.704	-0.592	-0.133	-0.658	-0.089	-0.119	-0.127	-0.126	-0.127	-0.127	-0.102	-0.128	-0.128	-0.128	-0.129	-0.130	-0.079	+0.116	-0.073	+0.100	+0.140	+0.060	-0.093	-0.080	-0.089	-0.083	+0.042	+4.242	+0.047	-0.722	-0.606	-0.606	-0.682	-0.601	
rs777576       -0.476	-0.393	-0.383	+2.578	-0.375	-0.273	-0.385	-0.387	-0.198	-0.185	-0.643	+3.005	+2.983	-0.638	+2.948	-0.637	-0.450	-0.623	-0.622	-0.622	-0.189	+3.350	-0.626	-0.268	+3.648	-0.249	+3.623	+2.943	+3.648	-0.223	+3.703	-0.419	+4.046	-0.201	+2.246	-0.549	-0.549	-0.549	-0.549	+0.054	-0.549	+0.229	+0.229	+0.226	+0.228	-0.547	+0.231	+0.229	+0.204	+0.229	+0.229	+0.229	+0.291	+0.291	+0.291	+0.228	+0.228	+0.228	+0.231	+0.231	+2.101	-0.551	+2.023	+0.416	+1.952	-0.546	-0.518	-0.399	-0.532	+1.751	+0.157	+0.169	+1.489	+0.242	+0.241	+0.232	+0.163	+0.163	+0.189	+0.214	+0.247	+0.236	-0.237	-0.228	-0.127	-0.191	-0.172	-0.063	-0.084	-0.130	-0.129	-0.118	-0.129	-0.128	-0.120	-0.128	-0.131	-0.177	-0.431	-0.130	-0.091	-0.430	+0.023	+0.023	-0.098	-0.098	-0.102	-0.106	-0.101	-0.100	-0.120	-0.101	-0.112	-0.114	-0.122	-0.116	-0.121	-0.123	-0.126	+0.112	+0.207	+0.092	-0.126	-0.127	-0.119	-0.713	-0.600	-0.143	-0.667	-0.100	-0.130	-0.138	-0.136	-0.138	-0.138	-0.113	-0.138	-0.139	-0.138	-0.140	-0.140	-0.090	+0.106	-0.083	+0.090	+0.130	+0.050	-0.103	-0.091	-0.100	-0.094	+0.032	+4.229	+0.037	-0.731	-0.613	-0.613	-0.691	-0.608	
rs705821       -0.479	-0.396	-0.385	+2.574	-0.381	-0.385	-0.276	-0.385	-0.201	-0.187	-0.646	+3.002	+2.980	-0.640	+2.945	-0.639	-0.453	-0.625	-0.624	-0.624	-0.191	+3.347	-0.628	-0.270	+3.645	-0.251	+3.620	+2.940	+3.645	-0.225	+3.700	-0.423	+4.043	-0.203	+2.243	-0.552	-0.552	-0.552	-0.552	+0.052	-0.552	+0.226	+0.226	+0.223	+0.226	-0.550	+0.228	+0.226	+0.201	+0.226	+0.226	+0.226	+0.288	+0.288	+0.288	+0.226	+0.226	+0.226	+0.228	+0.228	+2.098	-0.553	+2.020	+0.413	+1.949	-0.549	-0.521	-0.403	-0.534	+1.749	+0.155	+0.167	+1.486	+0.240	+0.240	+0.231	+0.162	+0.162	+0.187	+0.212	+0.246	+0.235	-0.240	-0.232	-0.131	-0.194	-0.175	-0.066	-0.087	-0.133	-0.132	-0.122	-0.132	-0.132	-0.123	-0.133	-0.136	-0.182	-0.435	-0.135	-0.097	-0.433	+0.019	+0.019	-0.102	-0.103	-0.108	-0.111	-0.106	-0.105	-0.125	-0.106	-0.117	-0.119	-0.127	-0.121	-0.126	-0.128	-0.131	+0.106	+0.202	+0.086	-0.131	-0.132	-0.125	-0.716	-0.603	-0.148	-0.671	-0.105	-0.135	-0.142	-0.141	-0.143	-0.143	-0.118	-0.143	-0.144	-0.143	-0.145	-0.145	-0.095	+0.100	-0.088	+0.084	+0.124	+0.044	-0.108	-0.096	-0.105	-0.099	+0.026	+4.227	+0.032	-0.734	-0.616	-0.616	-0.694	-0.611	
rs777191       -0.484	-0.399	-0.389	+2.566	-0.382	-0.387	-0.385	-0.280	-0.204	-0.191	-0.649	+2.994	+2.973	-0.643	+2.938	-0.642	-0.456	-0.628	-0.627	-0.627	-0.194	+3.340	-0.632	-0.274	+3.638	-0.255	+3.613	+2.933	+3.638	-0.229	+3.693	-0.427	+4.036	-0.207	+2.237	-0.556	-0.556	-0.556	-0.556	+0.048	-0.556	+0.221	+0.221	+0.218	+0.221	-0.554	+0.223	+0.221	+0.196	+0.221	+0.221	+0.221	+0.283	+0.283	+0.282	+0.221	+0.220	+0.220	+0.223	+0.223	+2.092	-0.557	+2.014	+0.407	+1.943	-0.553	-0.524	-0.407	-0.538	+1.742	+0.152	+0.164	+1.480	+0.237	+0.237	+0.228	+0.159	+0.159	+0.184	+0.209	+0.242	+0.231	-0.243	-0.235	-0.134	-0.197	-0.178	-0.069	-0.091	-0.137	-0.136	-0.125	-0.136	-0.135	-0.127	-0.138	-0.141	-0.187	-0.439	-0.140	-0.101	-0.438	+0.016	+0.016	-0.105	-0.108	-0.112	-0.116	-0.111	-0.110	-0.130	-0.111	-0.122	-0.124	-0.132	-0.126	-0.131	-0.133	-0.136	+0.101	+0.196	+0.081	-0.136	-0.137	-0.129	-0.721	-0.607	-0.153	-0.675	-0.110	-0.140	-0.147	-0.146	-0.148	-0.148	-0.123	-0.148	-0.149	-0.148	-0.150	-0.150	-0.100	+0.095	-0.094	+0.079	+0.119	+0.039	-0.113	-0.101	-0.110	-0.104	+0.021	+4.220	+0.027	-0.738	-0.620	-0.620	-0.699	-0.615	
rs35540914     -0.238	-0.021	-0.035	+2.156	-0.192	-0.198	-0.201	-0.204	+0.076	+0.019	-0.320	+2.587	+2.571	-0.310	+2.546	-0.308	-0.088	-0.288	-0.287	-0.287	+0.004	+3.047	-0.293	-0.071	+3.316	-0.048	+3.294	+2.556	+3.317	-0.042	+3.370	-0.209	+3.696	+0.708	+1.963	-0.248	-0.248	-0.248	-0.248	+1.065	-0.248	+0.973	+0.972	+0.969	+0.972	-0.253	+0.975	+0.972	+0.936	+0.972	+0.973	+0.972	+1.047	+1.047	+1.046	+0.972	+0.971	+0.971	+0.974	+0.974	+1.855	-0.248	+1.789	+1.171	+1.737	-0.228	-0.193	-0.199	-0.196	+1.564	+1.242	+1.259	+1.345	+1.349	+1.384	+1.371	+1.251	+1.250	+1.286	+1.321	+1.305	+1.289	+0.414	+0.429	+0.575	+0.500	+0.517	+0.668	+0.648	+0.586	+0.587	+0.601	+0.588	+0.588	+0.599	+0.281	+0.278	+0.233	-0.213	+0.284	+0.323	-0.212	+0.750	+0.750	+0.627	+0.315	+0.310	+0.308	+0.315	+0.316	+0.294	+0.315	+0.303	+0.301	+0.292	+0.303	+0.298	+0.291	+0.288	+0.538	+0.649	+0.525	+0.288	+0.287	+0.295	-0.464	-0.174	+0.271	-0.459	+0.190	+0.161	+0.153	+0.283	+0.153	+0.153	+0.178	+0.153	+0.152	+0.157	+0.151	+0.155	+0.203	+0.536	+0.210	+0.523	+0.568	+0.480	+0.194	+0.206	+0.197	+0.202	+0.461	+3.912	+0.468	-0.463	-0.198	-0.198	-0.465	-0.219	
rs79533509     -0.223	+0.010	-0.006	+2.168	-0.178	-0.185	-0.187	-0.191	+0.019	+0.092	-0.306	+2.599	+2.583	-0.296	+2.559	-0.295	-0.074	-0.274	-0.273	-0.273	+0.012	+3.060	-0.280	-0.057	+3.329	-0.035	+3.307	+2.569	+3.331	-0.031	+3.383	-0.194	+3.709	+0.732	+1.975	-0.234	-0.233	-0.233	-0.234	+1.092	-0.234	+0.998	+0.998	+0.994	+0.997	-0.238	+1.000	+0.997	+0.961	+0.998	+0.998	+0.997	+1.072	+1.072	+1.072	+0.997	+0.996	+0.996	+0.999	+0.999	+1.867	-0.233	+1.802	+1.199	+1.750	-0.213	-0.175	-0.185	-0.178	+1.576	+1.269	+1.286	+1.358	+1.376	+1.412	+1.398	+1.277	+1.277	+1.313	+1.348	+1.332	+1.316	+0.434	+0.449	+0.595	+0.520	+0.537	+0.689	+0.669	+0.607	+0.608	+0.622	+0.608	+0.609	+0.620	+0.300	+0.298	+0.252	-0.198	+0.303	+0.343	-0.197	+0.772	+0.772	+0.648	+0.334	+0.330	+0.328	+0.335	+0.335	+0.313	+0.334	+0.323	+0.320	+0.312	+0.323	+0.317	+0.310	+0.307	+0.558	+0.670	+0.546	+0.307	+0.306	+0.315	-0.449	-0.155	+0.291	-0.445	+0.208	+0.179	+0.171	+0.303	+0.171	+0.171	+0.196	+0.171	+0.170	+0.175	+0.169	+0.173	+0.221	+0.556	+0.228	+0.543	+0.589	+0.500	+0.212	+0.225	+0.216	+0.220	+0.481	+3.925	+0.488	-0.448	-0.180	-0.180	-0.451	-0.202	
rs74583927     -0.693	-0.521	-0.510	+2.096	-0.637	-0.643	-0.646	-0.649	-0.320	-0.306	-0.423	+2.784	+2.768	-0.540	+2.739	-0.542	-0.567	-0.516	-0.513	-0.514	-0.311	+3.167	-0.528	-0.393	+3.465	-0.374	+3.440	+2.740	+3.466	-0.348	+3.522	-0.678	+3.859	-0.301	+1.599	-0.686	-0.686	-0.686	-0.686	-0.056	-0.687	-0.130	-0.130	-0.133	-0.130	-0.695	-0.128	-0.130	-0.152	-0.130	-0.130	-0.130	-0.078	-0.078	-0.078	-0.130	-0.130	-0.130	-0.128	-0.128	+1.485	-0.685	+1.418	+0.029	+1.356	-0.689	-0.653	-0.668	-0.667	+1.187	+0.039	+0.051	+0.958	+0.134	+0.128	+0.118	+0.045	+0.045	+0.072	+0.098	+0.111	+0.099	-0.421	-0.412	-0.310	-0.369	-0.353	-0.243	-0.261	-0.307	-0.307	-0.296	-0.306	-0.306	-0.298	-0.449	-0.446	-0.484	-0.678	-0.444	-0.412	-0.677	-0.167	-0.167	-0.277	-0.417	-0.420	-0.423	-0.419	-0.418	-0.435	-0.419	-0.428	-0.430	-0.437	-0.431	-0.435	-0.438	-0.440	-0.241	-0.151	-0.250	-0.440	-0.441	-0.434	-0.897	-0.731	-0.454	-0.879	-0.436	-0.461	-0.467	-0.448	-0.467	-0.467	-0.447	-0.468	-0.468	-0.467	-0.469	-0.468	-0.428	-0.246	-0.423	-0.259	-0.223	-0.293	-0.439	-0.429	-0.436	-0.431	-0.308	+4.044	-0.304	-0.903	-0.746	-0.746	-0.892	-0.739	
rs3127370      +2.416	+2.431	+2.439	+2.660	+3.018	+3.005	+3.002	+2.994	+2.587	+2.599	+2.784	+2.858	+2.864	+2.812	+2.852	+2.816	+2.905	+2.866	+2.870	+2.869	+2.592	+3.220	+2.854	+2.527	+3.406	+2.543	+3.391	+2.835	+3.408	+2.568	+3.447	+2.399	+3.779	+2.188	+2.980	+2.402	+2.402	+2.402	+2.401	+2.337	+2.401	+2.339	+2.339	+2.338	+2.339	+2.390	+2.340	+2.340	+2.329	+2.340	+2.340	+2.340	+2.365	+2.365	+2.365	+2.340	+2.340	+2.340	+2.342	+2.342	+2.928	+2.403	+2.891	+2.379	+2.864	+2.413	+2.347	+2.394	+2.337	+2.785	+2.560	+2.569	+2.665	+2.619	+2.617	+2.610	+2.566	+2.566	+2.584	+2.602	+2.586	+2.579	+2.412	+2.416	+2.537	+2.485	+2.500	+2.603	+2.579	+2.541	+2.542	+2.550	+2.542	+2.544	+2.550	+2.265	+2.262	+2.242	+2.390	+2.263	+2.284	+2.389	+2.606	+2.606	+2.578	+2.281	+2.279	+2.277	+2.280	+2.280	+2.270	+2.280	+2.275	+2.274	+2.270	+2.273	+2.270	+2.269	+2.268	+2.375	+2.438	+2.372	+2.268	+2.268	+2.272	+2.142	+2.306	+2.259	+2.138	+2.171	+2.162	+2.161	+2.263	+2.160	+2.160	+2.168	+2.160	+2.160	+2.160	+2.160	+2.160	+2.173	+2.341	+2.175	+2.334	+2.352	+2.311	+2.170	+2.172	+2.169	+2.171	+2.302	+4.004	+2.305	+2.152	+2.293	+2.293	+2.141	+2.292	
rs4607409      +2.399	+2.414	+2.423	+2.650	+2.996	+2.983	+2.980	+2.973	+2.571	+2.583	+2.768	+2.864	+2.839	+2.796	+2.837	+2.801	+2.891	+2.851	+2.854	+2.854	+2.575	+3.213	+2.839	+2.510	+3.401	+2.527	+3.385	+2.822	+3.403	+2.552	+3.442	+2.381	+3.773	+2.172	+2.970	+2.384	+2.385	+2.385	+2.384	+2.323	+2.384	+2.324	+2.325	+2.324	+2.325	+2.373	+2.326	+2.325	+2.314	+2.325	+2.325	+2.325	+2.350	+2.350	+2.350	+2.325	+2.325	+2.326	+2.327	+2.327	+2.917	+2.386	+2.881	+2.365	+2.853	+2.396	+2.330	+2.377	+2.320	+2.774	+2.548	+2.557	+2.653	+2.607	+2.605	+2.599	+2.554	+2.554	+2.572	+2.590	+2.574	+2.567	+2.396	+2.400	+2.521	+2.469	+2.484	+2.587	+2.563	+2.525	+2.526	+2.534	+2.526	+2.528	+2.535	+2.248	+2.246	+2.225	+2.372	+2.247	+2.267	+2.372	+2.591	+2.591	+2.562	+2.264	+2.262	+2.261	+2.263	+2.264	+2.253	+2.263	+2.258	+2.257	+2.253	+2.256	+2.254	+2.253	+2.251	+2.358	+2.421	+2.355	+2.251	+2.251	+2.255	+2.125	+2.289	+2.242	+2.122	+2.154	+2.146	+2.144	+2.246	+2.144	+2.144	+2.151	+2.144	+2.143	+2.144	+2.143	+2.143	+2.157	+2.325	+2.158	+2.317	+2.336	+2.294	+2.153	+2.155	+2.153	+2.154	+2.285	+3.999	+2.289	+2.135	+2.276	+2.276	+2.124	+2.275	
rs12192461     -0.681	-0.510	-0.499	+2.114	-0.632	-0.638	-0.640	-0.643	-0.310	-0.296	-0.540	+2.812	+2.796	-0.410	+2.767	-0.529	-0.561	-0.513	-0.510	-0.511	-0.302	+3.193	-0.523	-0.383	+3.492	-0.364	+3.468	+2.768	+3.493	-0.338	+3.550	-0.666	+3.886	-0.290	+1.607	-0.673	-0.673	-0.673	-0.673	-0.042	-0.673	-0.118	-0.118	-0.120	-0.118	-0.682	-0.116	-0.118	-0.140	-0.118	-0.118	-0.118	-0.065	-0.065	-0.066	-0.118	-0.118	-0.118	-0.116	-0.116	+1.494	-0.672	+1.427	+0.041	+1.364	-0.676	-0.641	-0.656	-0.655	+1.195	+0.037	+0.049	+0.967	+0.132	+0.126	+0.116	+0.043	+0.043	+0.070	+0.096	+0.109	+0.098	-0.418	-0.409	-0.307	-0.366	-0.350	-0.241	-0.259	-0.305	-0.304	-0.294	-0.304	-0.304	-0.296	-0.436	-0.434	-0.472	-0.666	-0.432	-0.399	-0.665	-0.165	-0.165	-0.275	-0.404	-0.408	-0.411	-0.406	-0.406	-0.423	-0.407	-0.416	-0.418	-0.424	-0.419	-0.423	-0.425	-0.427	-0.228	-0.138	-0.237	-0.428	-0.428	-0.422	-0.885	-0.719	-0.441	-0.865	-0.422	-0.446	-0.452	-0.435	-0.453	-0.453	-0.432	-0.453	-0.453	-0.453	-0.454	-0.454	-0.413	-0.233	-0.408	-0.246	-0.210	-0.280	-0.425	-0.414	-0.422	-0.417	-0.296	+4.072	-0.291	-0.890	-0.734	-0.734	-0.878	-0.727	
rs6456034      +2.373	+2.389	+2.398	+2.630	+2.961	+2.948	+2.945	+2.938	+2.546	+2.559	+2.739	+2.852	+2.837	+2.767	+2.812	+2.772	+2.864	+2.822	+2.825	+2.825	+2.551	+3.199	+2.810	+2.486	+3.389	+2.502	+3.373	+2.814	+3.390	+2.527	+3.430	+2.355	+3.761	+2.146	+2.949	+2.358	+2.358	+2.358	+2.358	+2.297	+2.358	+2.298	+2.298	+2.297	+2.298	+2.347	+2.299	+2.298	+2.288	+2.298	+2.298	+2.298	+2.323	+2.323	+2.323	+2.298	+2.298	+2.299	+2.300	+2.300	+2.896	+2.360	+2.860	+2.338	+2.831	+2.369	+2.304	+2.351	+2.294	+2.752	+2.522	+2.531	+2.630	+2.581	+2.579	+2.572	+2.527	+2.527	+2.545	+2.564	+2.548	+2.540	+2.371	+2.375	+2.497	+2.444	+2.460	+2.563	+2.538	+2.500	+2.501	+2.511	+2.502	+2.503	+2.510	+2.224	+2.222	+2.201	+2.346	+2.222	+2.243	+2.346	+2.568	+2.568	+2.539	+2.240	+2.238	+2.237	+2.239	+2.240	+2.229	+2.239	+2.234	+2.233	+2.229	+2.232	+2.230	+2.229	+2.227	+2.334	+2.398	+2.331	+2.227	+2.227	+2.231	+2.099	+2.263	+2.218	+2.095	+2.130	+2.121	+2.119	+2.222	+2.119	+2.119	+2.126	+2.118	+2.118	+2.118	+2.118	+2.118	+2.132	+2.301	+2.133	+2.294	+2.311	+2.269	+2.128	+2.131	+2.128	+2.129	+2.262	+3.986	+2.265	+2.109	+2.250	+2.250	+2.097	+2.249	
rs10946116     -0.679	-0.509	-0.498	+2.117	-0.631	-0.637	-0.639	-0.642	-0.308	-0.295	-0.542	+2.816	+2.801	-0.529	+2.772	-0.408	-0.559	-0.515	-0.513	-0.514	-0.300	+3.198	-0.525	-0.381	+3.497	-0.363	+3.472	+2.773	+3.498	-0.337	+3.555	-0.664	+3.891	-0.288	+1.609	-0.671	-0.671	-0.671	-0.671	-0.040	-0.671	-0.116	-0.116	-0.118	-0.116	-0.680	-0.114	-0.116	-0.138	-0.116	-0.115	-0.116	-0.063	-0.063	-0.063	-0.116	-0.116	-0.116	-0.113	-0.113	+1.495	-0.670	+1.428	+0.044	+1.366	-0.674	-0.639	-0.654	-0.653	+1.197	+0.037	+0.049	+0.969	+0.131	+0.125	+0.115	+0.043	+0.043	+0.069	+0.095	+0.109	+0.097	-0.417	-0.408	-0.306	-0.366	-0.350	-0.240	-0.258	-0.305	-0.304	-0.294	-0.304	-0.304	-0.295	-0.434	-0.432	-0.470	-0.664	-0.430	-0.397	-0.663	-0.165	-0.165	-0.275	-0.402	-0.406	-0.409	-0.404	-0.404	-0.421	-0.405	-0.414	-0.416	-0.422	-0.417	-0.421	-0.423	-0.425	-0.226	-0.136	-0.235	-0.426	-0.426	-0.420	-0.883	-0.717	-0.439	-0.863	-0.420	-0.444	-0.450	-0.433	-0.450	-0.450	-0.430	-0.451	-0.451	-0.450	-0.452	-0.452	-0.411	-0.231	-0.406	-0.244	-0.208	-0.278	-0.423	-0.412	-0.419	-0.415	-0.294	+4.077	-0.289	-0.888	-0.732	-0.732	-0.876	-0.725	
rs10946117     -0.485	-0.296	-0.285	+2.164	-0.444	-0.450	-0.453	-0.456	-0.088	-0.074	-0.567	+2.905	+2.891	-0.561	+2.864	-0.559	-0.186	-0.544	-0.543	-0.543	-0.079	+3.338	-0.548	-0.163	+3.628	-0.145	+3.604	+2.863	+3.630	-0.117	+3.685	-0.466	+4.024	+0.133	+2.214	-0.482	-0.481	-0.481	-0.482	+0.301	-0.482	+0.222	+0.222	+0.220	+0.223	-0.489	+0.225	+0.223	+0.199	+0.223	+0.223	+0.223	+0.281	+0.281	+0.281	+0.223	+0.223	+0.223	+0.226	+0.226	+2.081	-0.480	+2.007	+0.401	+1.932	-0.479	-0.428	-0.454	-0.443	+1.744	+0.194	+0.206	+1.487	+0.281	+0.280	+0.271	+0.200	+0.200	+0.225	+0.250	+0.272	+0.261	-0.213	-0.204	-0.104	-0.164	-0.147	-0.040	-0.059	-0.104	-0.103	-0.093	-0.103	-0.103	-0.095	-0.141	-0.133	-0.174	-0.465	-0.129	-0.093	-0.465	+0.036	+0.036	-0.074	-0.099	-0.103	-0.107	-0.102	-0.101	-0.120	-0.102	-0.112	-0.115	-0.122	-0.114	-0.119	-0.123	-0.125	+0.098	+0.197	+0.089	-0.126	-0.126	-0.119	-0.685	-0.516	-0.141	-0.659	-0.128	-0.155	-0.162	-0.132	-0.162	-0.162	-0.139	-0.163	-0.163	-0.161	-0.164	-0.162	-0.118	+0.094	-0.113	+0.081	+0.122	+0.044	-0.129	-0.117	-0.125	-0.120	+0.026	+4.211	+0.031	-0.693	-0.531	-0.531	-0.674	-0.523	
rs35739771     -0.654	-0.487	-0.476	+2.156	-0.617	-0.623	-0.625	-0.628	-0.288	-0.274	-0.516	+2.866	+2.851	-0.513	+2.822	-0.515	-0.544	-0.381	-0.495	-0.496	-0.280	+3.253	-0.502	-0.360	+3.553	-0.342	+3.529	+2.828	+3.555	-0.316	+3.612	-0.639	+3.949	-0.266	+1.627	-0.645	-0.645	-0.645	-0.645	-0.014	-0.645	-0.092	-0.092	-0.094	-0.091	-0.654	-0.090	-0.091	-0.113	-0.091	-0.091	-0.091	-0.039	-0.039	-0.039	-0.091	-0.091	-0.091	-0.089	-0.089	+1.514	-0.644	+1.447	+0.068	+1.384	-0.649	-0.616	-0.629	-0.630	+1.216	+0.037	+0.049	+0.988	+0.130	+0.125	+0.116	+0.043	+0.043	+0.069	+0.094	+0.109	+0.098	-0.407	-0.398	-0.298	-0.356	-0.340	-0.233	-0.251	-0.296	-0.295	-0.285	-0.295	-0.295	-0.287	-0.410	-0.407	-0.445	-0.639	-0.406	-0.373	-0.639	-0.158	-0.157	-0.266	-0.378	-0.382	-0.384	-0.380	-0.379	-0.397	-0.380	-0.389	-0.391	-0.398	-0.392	-0.396	-0.399	-0.401	-0.202	-0.111	-0.210	-0.401	-0.402	-0.395	-0.857	-0.693	-0.415	-0.836	-0.392	-0.416	-0.423	-0.409	-0.423	-0.423	-0.402	-0.423	-0.423	-0.423	-0.424	-0.424	-0.383	-0.207	-0.378	-0.220	-0.184	-0.254	-0.395	-0.384	-0.392	-0.387	-0.269	+4.135	-0.265	-0.863	-0.707	-0.707	-0.850	-0.700	
rs4588666      -0.652	-0.485	-0.475	+2.158	-0.616	-0.622	-0.624	-0.627	-0.287	-0.273	-0.513	+2.870	+2.854	-0.510	+2.825	-0.513	-0.543	-0.495	-0.380	-0.495	-0.278	+3.257	-0.500	-0.359	+3.557	-0.340	+3.532	+2.832	+3.558	-0.314	+3.616	-0.637	+3.952	-0.264	+1.628	-0.643	-0.643	-0.643	-0.643	-0.012	-0.643	-0.090	-0.090	-0.092	-0.090	-0.652	-0.088	-0.090	-0.111	-0.089	-0.089	-0.090	-0.037	-0.037	-0.037	-0.090	-0.090	-0.090	-0.087	-0.087	+1.515	-0.642	+1.448	+0.070	+1.385	-0.647	-0.614	-0.628	-0.628	+1.217	+0.037	+0.049	+0.989	+0.130	+0.125	+0.116	+0.043	+0.043	+0.069	+0.094	+0.109	+0.098	-0.406	-0.397	-0.297	-0.356	-0.340	-0.232	-0.250	-0.296	-0.295	-0.285	-0.295	-0.295	-0.286	-0.408	-0.406	-0.444	-0.638	-0.404	-0.371	-0.637	-0.157	-0.157	-0.266	-0.376	-0.380	-0.383	-0.378	-0.378	-0.395	-0.379	-0.388	-0.390	-0.396	-0.391	-0.395	-0.397	-0.399	-0.200	-0.110	-0.208	-0.400	-0.400	-0.394	-0.855	-0.691	-0.413	-0.834	-0.390	-0.414	-0.421	-0.407	-0.421	-0.421	-0.400	-0.422	-0.422	-0.421	-0.423	-0.422	-0.381	-0.205	-0.376	-0.218	-0.182	-0.252	-0.393	-0.382	-0.390	-0.385	-0.268	+4.138	-0.263	-0.862	-0.705	-0.706	-0.848	-0.698	
rs80286599     -0.652	-0.486	-0.475	+2.158	-0.616	-0.622	-0.624	-0.627	-0.287	-0.273	-0.514	+2.869	+2.854	-0.511	+2.825	-0.514	-0.543	-0.496	-0.495	-0.380	-0.278	+3.257	-0.500	-0.359	+3.557	-0.341	+3.532	+2.831	+3.558	-0.315	+3.615	-0.637	+3.952	-0.264	+1.628	-0.644	-0.643	-0.643	-0.644	-0.013	-0.644	-0.090	-0.090	-0.092	-0.090	-0.652	-0.088	-0.090	-0.112	-0.090	-0.090	-0.090	-0.037	-0.037	-0.037	-0.090	-0.090	-0.090	-0.088	-0.088	+1.514	-0.642	+1.448	+0.070	+1.385	-0.647	-0.614	-0.628	-0.628	+1.217	+0.037	+0.049	+0.989	+0.130	+0.125	+0.116	+0.043	+0.043	+0.069	+0.094	+0.110	+0.098	-0.406	-0.397	-0.297	-0.356	-0.340	-0.232	-0.250	-0.296	-0.295	-0.285	-0.295	-0.295	-0.286	-0.409	-0.406	-0.444	-0.638	-0.404	-0.372	-0.637	-0.157	-0.157	-0.266	-0.377	-0.380	-0.383	-0.379	-0.378	-0.395	-0.379	-0.388	-0.390	-0.396	-0.391	-0.395	-0.397	-0.400	-0.200	-0.110	-0.209	-0.400	-0.400	-0.394	-0.855	-0.691	-0.414	-0.834	-0.390	-0.415	-0.421	-0.408	-0.421	-0.421	-0.400	-0.422	-0.422	-0.421	-0.423	-0.423	-0.381	-0.205	-0.377	-0.219	-0.182	-0.253	-0.393	-0.383	-0.390	-0.385	-0.268	+4.138	-0.263	-0.862	-0.706	-0.706	-0.848	-0.699	
rs34899518     -0.228	-0.034	-0.044	+2.163	-0.182	-0.189	-0.191	-0.194	+0.004	+0.012	-0.311	+2.592	+2.575	-0.302	+2.551	-0.300	-0.079	-0.280	-0.278	-0.278	+0.086	+3.054	-0.285	-0.057	+3.323	-0.032	+3.301	+2.560	+3.324	-0.028	+3.377	-0.199	+3.704	+0.726	+1.970	-0.239	-0.239	-0.239	-0.239	+1.093	-0.239	+1.003	+1.003	+1.000	+1.003	-0.244	+1.006	+1.003	+0.966	+1.003	+1.003	+1.003	+1.078	+1.078	+1.078	+1.003	+1.002	+1.002	+1.005	+1.005	+1.862	-0.239	+1.796	+1.204	+1.744	-0.219	-0.175	-0.190	-0.178	+1.571	+1.269	+1.286	+1.352	+1.377	+1.413	+1.399	+1.278	+1.278	+1.314	+1.349	+1.332	+1.316	+0.431	+0.445	+0.593	+0.517	+0.534	+0.686	+0.666	+0.604	+0.605	+0.619	+0.605	+0.606	+0.617	+0.299	+0.297	+0.251	-0.203	+0.302	+0.342	-0.202	+0.769	+0.769	+0.645	+0.333	+0.329	+0.327	+0.334	+0.334	+0.312	+0.333	+0.322	+0.319	+0.310	+0.321	+0.316	+0.309	+0.306	+0.558	+0.670	+0.545	+0.306	+0.305	+0.313	-0.455	-0.154	+0.289	-0.450	+0.208	+0.178	+0.171	+0.301	+0.171	+0.171	+0.196	+0.170	+0.170	+0.174	+0.169	+0.173	+0.221	+0.555	+0.227	+0.542	+0.587	+0.498	+0.210	+0.223	+0.214	+0.219	+0.479	+3.918	+0.486	-0.454	-0.180	-0.180	-0.456	-0.203	
rs3127364      +2.838	+2.876	+2.885	+3.074	+3.362	+3.350	+3.347	+3.340	+3.047	+3.060	+3.167	+3.220	+3.213	+3.193	+3.199	+3.198	+3.338	+3.253	+3.257	+3.257	+3.054	+3.342	+3.242	+2.979	+3.574	+3.000	+3.552	+3.203	+3.574	+3.027	+3.620	+2.827	+3.798	+2.600	+3.066	+2.885	+2.886	+2.886	+2.885	+2.642	+2.885	+2.625	+2.625	+2.625	+2.625	+2.866	+2.625	+2.625	+2.621	+2.625	+2.625	+2.625	+2.635	+2.635	+2.635	+2.625	+2.625	+2.625	+2.626	+2.626	+3.029	+2.888	+3.004	+2.667	+2.985	+2.836	+2.782	+2.825	+2.770	+2.933	+2.798	+2.806	+2.864	+2.846	+2.843	+2.838	+2.804	+2.803	+2.819	+2.833	+2.876	+2.870	+2.702	+2.706	+2.759	+2.718	+2.731	+2.806	+2.789	+2.760	+2.761	+2.768	+2.762	+2.763	+2.768	+2.572	+2.571	+2.565	+2.819	+2.572	+2.578	+2.819	+2.867	+2.867	+2.792	+2.577	+2.576	+2.576	+2.577	+2.577	+2.573	+2.577	+2.575	+2.574	+2.573	+2.574	+2.574	+2.573	+2.573	+2.633	+2.670	+2.630	+2.572	+2.572	+2.574	+2.758	+2.731	+2.570	+2.677	+2.587	+2.579	+2.577	+2.571	+2.577	+2.577	+2.584	+2.577	+2.577	+2.577	+2.576	+2.576	+2.590	+2.631	+2.592	+2.628	+2.639	+2.614	+2.585	+2.589	+2.586	+2.588	+2.609	+4.068	+2.611	+2.801	+2.718	+2.717	+2.699	+2.718	
rs75300567     -0.660	-0.492	-0.481	+2.147	-0.620	-0.626	-0.628	-0.632	-0.293	-0.280	-0.528	+2.854	+2.839	-0.523	+2.810	-0.525	-0.548	-0.502	-0.500	-0.500	-0.285	+3.242	-0.388	-0.366	+3.542	-0.347	+3.518	+2.817	+3.544	-0.321	+3.601	-0.645	+3.937	-0.271	+1.622	-0.652	-0.651	-0.651	-0.652	-0.020	-0.652	-0.097	-0.097	-0.099	-0.097	-0.660	-0.095	-0.097	-0.119	-0.097	-0.097	-0.097	-0.044	-0.044	-0.045	-0.097	-0.097	-0.097	-0.095	-0.095	+1.509	-0.650	+1.442	+0.063	+1.380	-0.655	-0.622	-0.636	-0.636	+1.211	+0.037	+0.049	+0.983	+0.131	+0.125	+0.116	+0.043	+0.043	+0.069	+0.095	+0.109	+0.098	-0.409	-0.400	-0.300	-0.358	-0.343	-0.234	-0.252	-0.298	-0.297	-0.287	-0.297	-0.297	-0.289	-0.416	-0.413	-0.451	-0.646	-0.411	-0.379	-0.645	-0.159	-0.159	-0.268	-0.384	-0.387	-0.390	-0.386	-0.385	-0.402	-0.386	-0.395	-0.397	-0.404	-0.398	-0.402	-0.405	-0.407	-0.207	-0.117	-0.216	-0.407	-0.408	-0.401	-0.863	-0.699	-0.421	-0.843	-0.398	-0.423	-0.429	-0.415	-0.429	-0.429	-0.408	-0.430	-0.430	-0.429	-0.431	-0.430	-0.389	-0.212	-0.385	-0.226	-0.189	-0.260	-0.401	-0.391	-0.398	-0.393	-0.275	+4.124	-0.271	-0.869	-0.713	-0.713	-0.856	-0.706	
rs7772060      -0.317	-0.200	-0.199	+2.104	-0.261	-0.268	-0.270	-0.274	-0.071	-0.057	-0.393	+2.527	+2.510	-0.383	+2.486	-0.381	-0.163	-0.360	-0.359	-0.359	-0.057	+2.979	-0.366	-0.010	+3.248	-0.096	+3.226	+2.493	+3.249	-0.077	+3.301	-0.288	+3.628	+0.584	+1.897	-0.324	-0.324	-0.324	-0.324	+1.000	-0.324	+0.864	+0.864	+0.860	+0.864	-0.330	+0.866	+0.864	+0.829	+0.864	+0.864	+0.864	+0.937	+0.937	+0.937	+0.863	+0.863	+0.863	+0.866	+0.866	+1.789	-0.324	+1.723	+1.066	+1.670	-0.308	-0.275	-0.279	-0.265	+1.495	+1.132	+1.144	+1.277	+1.203	+1.266	+1.254	+1.135	+1.135	+1.170	+1.205	+1.192	+1.176	+0.320	+0.333	+0.476	+0.401	+0.419	+0.567	+0.547	+0.486	+0.487	+0.501	+0.488	+0.488	+0.499	+0.203	+0.201	+0.141	-0.292	+0.193	+0.246	-0.291	+0.651	+0.651	+0.526	+0.236	+0.232	+0.231	+0.237	+0.238	+0.216	+0.237	+0.225	+0.223	+0.214	+0.211	+0.206	+0.213	+0.210	+0.461	+0.572	+0.448	+0.210	+0.209	+0.217	-0.541	-0.263	+0.193	-0.536	+0.122	+0.093	+0.085	+0.191	+0.085	+0.085	+0.110	+0.084	+0.084	+0.077	+0.083	+0.076	+0.135	+0.440	+0.141	+0.428	+0.472	+0.384	+0.124	+0.137	+0.128	+0.132	+0.366	+3.837	+0.372	-0.540	-0.287	-0.287	-0.543	-0.306	
rs3127366      +3.117	+3.147	+3.156	+3.284	+3.660	+3.648	+3.645	+3.638	+3.316	+3.329	+3.465	+3.406	+3.401	+3.492	+3.389	+3.497	+3.628	+3.553	+3.557	+3.557	+3.323	+3.574	+3.542	+3.248	+3.632	+3.269	+3.657	+3.390	+3.669	+3.296	+3.697	+3.104	+3.893	+2.867	+3.274	+3.167	+3.167	+3.167	+3.167	+2.901	+3.167	+2.890	+2.890	+2.890	+2.890	+3.146	+2.890	+2.890	+2.888	+2.890	+2.890	+2.890	+2.897	+2.897	+2.897	+2.890	+2.890	+2.890	+2.891	+2.891	+3.242	+3.170	+3.220	+2.922	+3.204	+3.114	+3.055	+3.101	+3.043	+3.161	+3.042	+3.049	+3.106	+3.086	+3.084	+3.079	+3.047	+3.047	+3.061	+3.075	+3.117	+3.111	+2.959	+2.963	+3.013	+2.973	+2.986	+3.058	+3.042	+3.014	+3.015	+3.021	+3.016	+3.017	+3.022	+2.840	+2.839	+2.836	+3.095	+2.840	+2.845	+3.095	+3.117	+3.117	+3.045	+2.843	+2.843	+2.842	+2.843	+2.843	+2.840	+2.843	+2.842	+2.841	+2.840	+2.841	+2.841	+2.840	+2.840	+2.891	+2.924	+2.889	+2.840	+2.840	+2.841	+3.052	+3.006	+2.838	+2.966	+2.851	+2.844	+2.842	+2.839	+2.842	+2.842	+2.848	+2.842	+2.842	+2.842	+2.842	+2.842	+2.854	+2.890	+2.855	+2.887	+2.896	+2.874	+2.849	+2.853	+2.850	+2.852	+2.870	+4.181	+2.871	+3.098	+2.993	+2.993	+2.989	+2.993	
rs13196289     -0.298	-0.167	-0.168	+2.113	-0.242	-0.249	-0.251	-0.255	-0.048	-0.035	-0.374	+2.543	+2.527	-0.364	+2.502	-0.363	-0.145	-0.342	-0.340	-0.341	-0.032	+3.000	-0.347	-0.096	+3.269	+0.011	+3.247	+2.509	+3.270	-0.043	+3.322	-0.270	+3.649	+0.616	+1.917	-0.308	-0.308	-0.308	-0.308	+1.012	-0.308	+0.923	+0.923	+0.919	+0.923	-0.313	+0.926	+0.923	+0.886	+0.923	+0.923	+0.923	+0.998	+0.998	+0.998	+0.922	+0.922	+0.922	+0.925	+0.925	+1.809	-0.307	+1.743	+1.126	+1.690	-0.289	-0.246	-0.260	-0.249	+1.515	+1.155	+1.172	+1.295	+1.261	+1.295	+1.282	+1.163	+1.163	+1.199	+1.234	+1.218	+1.202	+0.344	+0.358	+0.503	+0.428	+0.445	+0.594	+0.574	+0.513	+0.514	+0.528	+0.514	+0.514	+0.526	+0.226	+0.224	+0.178	-0.273	+0.229	+0.269	-0.272	+0.676	+0.676	+0.553	+0.260	+0.256	+0.254	+0.260	+0.261	+0.239	+0.260	+0.249	+0.246	+0.237	+0.248	+0.243	+0.236	+0.233	+0.485	+0.597	+0.472	+0.233	+0.232	+0.240	-0.523	-0.231	+0.216	-0.518	+0.137	+0.107	+0.100	+0.228	+0.100	+0.100	+0.125	+0.099	+0.099	+0.103	+0.098	+0.102	+0.149	+0.480	+0.155	+0.467	+0.512	+0.422	+0.138	+0.151	+0.142	+0.147	+0.404	+3.859	+0.411	-0.522	-0.258	-0.258	-0.524	-0.278	
rs3099348      +3.094	+3.124	+3.134	+3.266	+3.635	+3.623	+3.620	+3.613	+3.294	+3.307	+3.440	+3.391	+3.385	+3.468	+3.373	+3.472	+3.604	+3.529	+3.532	+3.532	+3.301	+3.552	+3.518	+3.226	+3.657	+3.247	+3.609	+3.374	+3.658	+3.274	+3.688	+3.081	+3.884	+2.845	+3.256	+3.144	+3.144	+3.144	+3.143	+2.880	+3.143	+2.868	+2.868	+2.868	+2.868	+3.123	+2.868	+2.868	+2.866	+2.868	+2.868	+2.868	+2.875	+2.875	+2.875	+2.868	+2.868	+2.868	+2.868	+2.868	+3.223	+3.147	+3.201	+2.901	+3.185	+3.091	+3.032	+3.078	+3.021	+3.141	+3.021	+3.029	+3.085	+3.066	+3.063	+3.059	+3.026	+3.026	+3.041	+3.055	+3.097	+3.090	+2.938	+2.942	+2.992	+2.952	+2.965	+3.037	+3.020	+2.993	+2.994	+3.000	+2.994	+2.996	+3.000	+2.818	+2.817	+2.813	+3.073	+2.817	+2.822	+3.072	+3.096	+3.096	+3.023	+2.821	+2.820	+2.820	+2.821	+2.821	+2.818	+2.821	+2.819	+2.819	+2.818	+2.819	+2.818	+2.818	+2.817	+2.869	+2.903	+2.867	+2.817	+2.817	+2.818	+3.029	+2.984	+2.816	+2.943	+2.829	+2.822	+2.820	+2.817	+2.820	+2.820	+2.826	+2.820	+2.820	+2.820	+2.819	+2.819	+2.832	+2.868	+2.833	+2.865	+2.874	+2.852	+2.827	+2.831	+2.828	+2.829	+2.848	+4.169	+2.849	+3.075	+2.970	+2.970	+2.966	+2.970	
rs9365948      +2.378	+2.398	+2.407	+2.638	+2.956	+2.943	+2.940	+2.933	+2.556	+2.569	+2.740	+2.835	+2.822	+2.768	+2.814	+2.773	+2.863	+2.828	+2.832	+2.831	+2.560	+3.203	+2.817	+2.493	+3.390	+2.509	+3.374	+2.819	+3.391	+2.533	+3.430	+2.360	+3.758	+2.150	+2.945	+2.362	+2.363	+2.363	+2.362	+2.297	+2.362	+2.299	+2.299	+2.298	+2.299	+2.351	+2.300	+2.299	+2.289	+2.299	+2.300	+2.299	+2.324	+2.324	+2.324	+2.299	+2.299	+2.300	+2.301	+2.301	+2.891	+2.364	+2.854	+2.338	+2.826	+2.375	+2.309	+2.356	+2.298	+2.746	+2.518	+2.527	+2.626	+2.577	+2.575	+2.569	+2.524	+2.524	+2.542	+2.560	+2.547	+2.540	+2.373	+2.378	+2.498	+2.446	+2.461	+2.564	+2.538	+2.501	+2.502	+2.512	+2.503	+2.504	+2.511	+2.225	+2.223	+2.202	+2.351	+2.224	+2.244	+2.351	+2.568	+2.568	+2.540	+2.241	+2.239	+2.238	+2.240	+2.241	+2.230	+2.240	+2.235	+2.234	+2.230	+2.233	+2.231	+2.230	+2.228	+2.334	+2.397	+2.331	+2.228	+2.228	+2.232	+2.103	+2.268	+2.220	+2.100	+2.132	+2.123	+2.121	+2.223	+2.121	+2.121	+2.128	+2.121	+2.121	+2.121	+2.120	+2.120	+2.133	+2.301	+2.135	+2.293	+2.310	+2.269	+2.130	+2.132	+2.130	+2.131	+2.261	+3.973	+2.265	+2.114	+2.255	+2.255	+2.102	+2.254	
rs3099346      +3.118	+3.148	+3.157	+3.285	+3.660	+3.648	+3.645	+3.638	+3.317	+3.331	+3.466	+3.408	+3.403	+3.493	+3.390	+3.498	+3.630	+3.555	+3.558	+3.558	+3.324	+3.574	+3.544	+3.249	+3.669	+3.270	+3.658	+3.391	+3.634	+3.297	+3.700	+3.105	+3.893	+2.868	+3.273	+3.168	+3.168	+3.168	+3.168	+2.902	+3.168	+2.891	+2.891	+2.891	+2.891	+3.147	+2.891	+2.891	+2.889	+2.891	+2.891	+2.891	+2.898	+2.898	+2.898	+2.891	+2.891	+2.891	+2.891	+2.891	+3.240	+3.171	+3.219	+2.923	+3.203	+3.115	+3.056	+3.102	+3.044	+3.160	+3.041	+3.048	+3.106	+3.086	+3.083	+3.078	+3.046	+3.046	+3.060	+3.074	+3.116	+3.110	+2.959	+2.963	+3.013	+2.973	+2.986	+3.058	+3.041	+3.014	+3.015	+3.021	+3.015	+3.016	+3.021	+2.841	+2.840	+2.836	+3.096	+2.840	+2.845	+3.096	+3.116	+3.116	+3.044	+2.844	+2.843	+2.843	+2.844	+2.844	+2.841	+2.844	+2.842	+2.842	+2.841	+2.842	+2.841	+2.841	+2.840	+2.891	+2.924	+2.888	+2.840	+2.840	+2.841	+3.055	+3.007	+2.839	+2.969	+2.852	+2.844	+2.842	+2.840	+2.842	+2.842	+2.849	+2.842	+2.842	+2.842	+2.842	+2.842	+2.854	+2.889	+2.856	+2.886	+2.896	+2.874	+2.849	+2.853	+2.851	+2.852	+2.870	+4.176	+2.871	+3.101	+2.993	+2.993	+2.992	+2.994	
rs13190783     -0.270	-0.139	-0.141	+2.138	-0.216	-0.223	-0.225	-0.229	-0.042	-0.031	-0.348	+2.568	+2.552	-0.338	+2.527	-0.337	-0.117	-0.316	-0.314	-0.315	-0.028	+3.027	-0.321	-0.077	+3.296	-0.043	+3.274	+2.533	+3.297	+0.043	+3.349	-0.241	+3.674	+0.664	+1.940	-0.280	-0.280	-0.280	-0.280	+1.073	-0.280	+0.986	+0.986	+0.982	+0.986	-0.285	+0.989	+0.986	+0.948	+0.986	+0.986	+0.986	+1.062	+1.062	+1.062	+0.985	+0.985	+0.985	+0.988	+0.988	+1.832	-0.280	+1.766	+1.191	+1.713	-0.261	-0.205	-0.231	-0.209	+1.538	+1.216	+1.233	+1.319	+1.322	+1.359	+1.345	+1.224	+1.224	+1.260	+1.296	+1.278	+1.262	+0.386	+0.400	+0.547	+0.471	+0.489	+0.639	+0.619	+0.557	+0.558	+0.572	+0.558	+0.559	+0.570	+0.267	+0.265	+0.219	-0.245	+0.270	+0.311	-0.244	+0.721	+0.721	+0.597	+0.301	+0.297	+0.295	+0.302	+0.303	+0.280	+0.302	+0.290	+0.287	+0.279	+0.290	+0.284	+0.277	+0.274	+0.529	+0.642	+0.516	+0.274	+0.273	+0.281	-0.496	-0.187	+0.256	-0.490	+0.174	+0.145	+0.137	+0.268	+0.137	+0.137	+0.162	+0.136	+0.136	+0.140	+0.135	+0.139	+0.186	+0.522	+0.192	+0.508	+0.554	+0.463	+0.175	+0.188	+0.179	+0.184	+0.445	+3.882	+0.452	-0.495	-0.218	-0.218	-0.497	-0.241	
rs3127371      +3.171	+3.200	+3.209	+3.328	+3.715	+3.703	+3.700	+3.693	+3.370	+3.383	+3.522	+3.447	+3.442	+3.550	+3.430	+3.555	+3.685	+3.612	+3.616	+3.615	+3.377	+3.620	+3.601	+3.301	+3.697	+3.322	+3.688	+3.430	+3.700	+3.349	+3.691	+3.158	+3.912	+2.919	+3.310	+3.222	+3.222	+3.222	+3.221	+2.950	+3.221	+2.942	+2.942	+2.942	+2.942	+3.201	+2.942	+2.942	+2.940	+2.942	+2.942	+2.942	+2.948	+2.948	+2.948	+2.942	+2.942	+2.942	+2.942	+2.942	+3.277	+3.225	+3.257	+2.970	+3.241	+3.169	+3.107	+3.155	+3.095	+3.201	+3.084	+3.091	+3.152	+3.128	+3.125	+3.121	+3.089	+3.089	+3.103	+3.117	+3.158	+3.152	+3.006	+3.010	+3.059	+3.019	+3.032	+3.103	+3.086	+3.059	+3.060	+3.066	+3.060	+3.061	+3.066	+2.892	+2.891	+2.888	+3.149	+2.891	+2.895	+3.149	+3.160	+3.160	+3.089	+2.894	+2.893	+2.893	+2.894	+2.894	+2.891	+2.894	+2.893	+2.892	+2.891	+2.892	+2.892	+2.891	+2.891	+2.938	+2.969	+2.936	+2.891	+2.891	+2.892	+3.115	+3.060	+2.890	+3.027	+2.900	+2.893	+2.892	+2.891	+2.892	+2.892	+2.898	+2.891	+2.891	+2.892	+2.891	+2.891	+2.903	+2.936	+2.904	+2.934	+2.942	+2.922	+2.898	+2.902	+2.900	+2.901	+2.918	+4.188	+2.919	+3.162	+3.046	+3.046	+3.051	+3.046	
rs77020433     -0.564	-0.431	-0.419	+1.953	-0.410	-0.419	-0.423	-0.427	-0.209	-0.194	-0.678	+2.399	+2.381	-0.666	+2.355	-0.664	-0.466	-0.639	-0.637	-0.637	-0.199	+2.827	-0.645	-0.288	+3.104	-0.270	+3.081	+2.360	+3.105	-0.241	+3.158	-0.373	+3.487	-0.130	+1.740	-0.466	-0.465	-0.466	-0.466	+0.140	-0.466	-0.091	-0.091	-0.093	-0.091	-0.499	-0.089	-0.091	-0.113	-0.091	-0.090	-0.091	-0.039	-0.039	-0.039	-0.091	-0.091	-0.091	-0.088	-0.088	+1.622	-0.461	+1.553	+0.065	+1.489	-0.647	-0.590	-0.506	-0.605	+1.313	+0.173	+0.186	+1.077	+0.265	+0.265	+0.256	+0.180	+0.179	+0.206	+0.232	+0.252	+0.241	-0.285	-0.275	-0.167	-0.230	-0.213	-0.097	-0.116	-0.165	-0.164	-0.153	-0.164	-0.164	-0.155	-0.410	-0.411	-0.448	-0.537	-0.409	-0.376	-0.538	-0.015	-0.015	-0.133	-0.381	-0.385	-0.388	-0.383	-0.383	-0.400	-0.384	-0.392	-0.395	-0.401	-0.395	-0.399	-0.402	-0.404	-0.207	-0.117	-0.216	-0.404	-0.405	-0.399	-0.851	-0.683	-0.418	-0.856	-0.433	-0.456	-0.463	-0.411	-0.463	-0.463	-0.443	-0.463	-0.463	-0.462	-0.464	-0.463	-0.423	-0.210	-0.418	-0.222	-0.186	-0.256	-0.433	-0.423	-0.430	-0.426	-0.271	+3.681	-0.266	-0.845	-0.697	-0.697	-0.860	-0.688	
rs3127374      +3.501	+3.526	+3.535	+3.664	+4.058	+4.046	+4.043	+4.036	+3.696	+3.709	+3.859	+3.779	+3.773	+3.886	+3.761	+3.891	+4.024	+3.949	+3.952	+3.952	+3.704	+3.798	+3.937	+3.628	+3.893	+3.649	+3.884	+3.758	+3.893	+3.674	+3.912	+3.487	+4.042	+3.239	+3.574	+3.556	+3.556	+3.556	+3.556	+3.264	+3.556	+3.264	+3.264	+3.264	+3.264	+3.535	+3.264	+3.264	+3.263	+3.264	+3.264	+3.264	+3.266	+3.266	+3.266	+3.264	+3.263	+3.263	+3.263	+3.263	+3.546	+3.560	+3.531	+3.278	+3.520	+3.500	+3.433	+3.483	+3.422	+3.490	+3.372	+3.378	+3.463	+3.412	+3.410	+3.405	+3.376	+3.376	+3.389	+3.401	+3.442	+3.437	+3.311	+3.314	+3.358	+3.320	+3.333	+3.397	+3.381	+3.356	+3.356	+3.362	+3.356	+3.358	+3.362	+3.214	+3.214	+3.214	+3.477	+3.213	+3.215	+3.477	+3.452	+3.452	+3.382	+3.214	+3.213	+3.213	+3.214	+3.214	+3.213	+3.214	+3.213	+3.213	+3.213	+3.213	+3.213	+3.213	+3.212	+3.245	+3.270	+3.243	+3.212	+3.212	+3.213	+3.475	+3.388	+3.213	+3.378	+3.214	+3.208	+3.207	+3.213	+3.207	+3.207	+3.212	+3.207	+3.207	+3.207	+3.207	+3.207	+3.216	+3.243	+3.217	+3.239	+3.248	+3.232	+3.213	+3.215	+3.214	+3.214	+3.229	+4.350	+3.230	+3.526	+3.373	+3.373	+3.406	+3.374	
rs28618181     -0.206	+0.326	+0.345	+1.816	-0.194	-0.201	-0.203	-0.207	+0.708	+0.732	-0.301	+2.188	+2.172	-0.290	+2.146	-0.288	+0.133	-0.266	-0.264	-0.264	+0.726	+2.600	-0.271	+0.584	+2.867	+0.616	+2.845	+2.150	+2.868	+0.664	+2.919	-0.130	+3.239	+0.036	+1.547	-0.255	-0.255	-0.255	-0.255	-0.070	-0.256	-0.059	-0.059	-0.060	-0.059	-0.253	-0.057	-0.058	-0.074	-0.058	-0.058	-0.058	-0.019	-0.019	-0.019	-0.058	-0.059	-0.058	-0.056	-0.056	+1.435	-0.257	+1.370	+0.069	+1.310	-0.233	+0.044	-0.090	+0.019	+1.148	+0.112	+0.123	+0.933	+0.188	+0.191	+0.183	+0.118	+0.118	+0.140	+0.162	+0.189	+0.180	-0.129	-0.123	-0.041	-0.095	-0.077	+0.015	-0.006	-0.044	-0.044	-0.035	-0.043	-0.043	-0.036	-0.237	-0.236	-0.262	-0.123	-0.233	-0.211	-0.121	+0.085	+0.085	-0.016	-0.214	-0.217	-0.219	-0.216	-0.215	-0.228	-0.216	-0.222	-0.224	-0.229	-0.223	-0.226	-0.229	-0.231	-0.078	-0.009	-0.088	-0.231	-0.231	-0.227	-0.469	-0.145	-0.241	-0.453	-0.239	-0.257	-0.262	-0.235	-0.262	-0.262	-0.247	-0.262	-0.262	-0.260	-0.263	-0.261	-0.232	-0.074	-0.229	-0.085	-0.058	-0.112	-0.240	-0.233	-0.238	-0.235	-0.124	+3.446	-0.120	-0.471	-0.190	-0.190	-0.463	-0.175	
