## Summary of overall evidence for association with region:
## log10(BF for region) = -0.630799
## p-value for region = NA

## BFs for choosing among multi-SNP models:
## log10(average 1-SNP BF) = -0.542392
## log10(average 2-SNP BF) = -0.891646

## Example posterior probabilities for multi-SNP models, based on default prior: [p(l) propto 0.5^l for l=1,2,...,L]
## posterior probability of 1-SNP = 0.817177
## posterior probability of 2-SNP = 0.182823

## log10(BF) for single SNP and pair of SNPs:
rs2619102      -0.614	-0.747	-0.813	-0.830	-0.751	-0.752	-0.833	-0.838	-0.834	-0.837	-0.837	-0.840	-0.761	-0.836	-0.835	-0.828	-0.828	-0.803	-0.828	-0.886	-0.939	-0.951	-1.024	-1.081	-1.070	-1.051	-1.062	-1.058	-1.057	-1.051	-0.990	-1.062	-1.063	-1.065	-1.062	-1.063	-1.009	-1.072	-1.074	-1.074	-1.074	-1.074	-1.074	-1.074	-1.063	-1.077	-1.095	-1.094	-1.102	-1.063	-1.062	-1.064	-1.089	-1.099	-1.090	-1.087	-1.094	-1.090	-1.093	-1.092	-1.094	-1.110	-1.094	-1.040	-1.094	-1.094	-1.095	-1.038	-1.038	-1.110	-1.095	-1.096	-1.095	-1.095	-1.096	-1.039	-1.109	-1.091	-1.029	-0.949	-1.037	-0.936	-1.051	-1.016	-1.010	-0.796	-0.892	-1.027	-0.819	-0.853	-1.016	-0.966	-0.930	-0.998	-1.066	-0.988	-0.802	-0.935	-0.819	-0.920	-0.818	-0.869	-0.907	-0.733	-0.840	-0.848	-0.961	-0.946	-1.009	-0.978	-0.967	-0.849	-1.082	-1.102	-1.069	-1.092	-1.052	-1.020	-1.048	-0.925	-1.021	-1.072	-1.029	-1.042	-1.066	-1.065	-1.072	-1.063	-1.059	-1.067	-1.067	-1.067	-1.069	-1.068	-1.068	-1.068	-1.068	-1.068	-1.089	-1.069	-1.069	-1.069	-1.102	-1.020	-1.070	-1.070	-1.070	-1.070	-1.070	-1.070	-1.097	-1.070	-1.005	-1.005	-1.005	-1.097	-1.014	-0.844	-1.004	-1.046	
rs2803820      -0.747	-0.613	-0.812	-0.830	-0.746	-0.748	-0.833	-0.837	-0.834	-0.837	-0.836	-0.839	-0.757	-0.835	-0.834	-0.828	-0.824	-0.803	-0.830	-0.884	-0.938	-0.950	-1.022	-1.079	-1.069	-1.050	-1.061	-1.056	-1.055	-1.049	-0.988	-1.060	-1.062	-1.063	-1.060	-1.061	-1.008	-1.071	-1.072	-1.072	-1.072	-1.073	-1.073	-1.073	-1.061	-1.076	-1.093	-1.093	-1.101	-1.061	-1.061	-1.062	-1.088	-1.098	-1.089	-1.086	-1.093	-1.088	-1.092	-1.091	-1.092	-1.108	-1.093	-1.038	-1.093	-1.093	-1.093	-1.036	-1.037	-1.108	-1.094	-1.094	-1.094	-1.094	-1.095	-1.037	-1.107	-1.090	-1.027	-0.948	-1.036	-0.935	-1.050	-1.015	-1.009	-0.795	-0.891	-1.026	-0.818	-0.852	-1.014	-0.964	-0.928	-0.996	-1.064	-0.986	-0.800	-0.934	-0.817	-0.919	-0.817	-0.867	-0.906	-0.731	-0.838	-0.847	-0.959	-0.944	-1.007	-0.976	-0.966	-0.847	-1.080	-1.100	-1.067	-1.091	-1.051	-1.019	-1.046	-0.923	-1.019	-1.071	-1.027	-1.041	-1.064	-1.064	-1.071	-1.062	-1.057	-1.066	-1.066	-1.066	-1.067	-1.067	-1.067	-1.067	-1.067	-1.067	-1.088	-1.067	-1.067	-1.068	-1.100	-1.019	-1.068	-1.068	-1.068	-1.069	-1.068	-1.069	-1.096	-1.069	-1.003	-1.003	-1.003	-1.096	-1.013	-0.842	-1.003	-1.045	
rs363323       -0.813	-0.812	-0.337	-0.443	-0.813	-0.813	-0.443	-0.440	-0.443	-0.440	-0.440	-0.436	-0.813	-0.442	-0.452	-0.463	-0.817	-0.466	-0.813	-0.631	-0.691	-0.703	-0.776	-0.833	-0.823	-0.804	-0.815	-0.810	-0.809	-0.803	-0.742	-0.814	-0.816	-0.817	-0.814	-0.816	-0.761	-0.825	-0.826	-0.826	-0.826	-0.827	-0.827	-0.827	-0.816	-0.830	-0.845	-0.845	-0.853	-0.812	-0.812	-0.813	-0.841	-0.851	-0.842	-0.837	-0.844	-0.841	-0.845	-0.844	-0.846	-0.861	-0.846	-0.790	-0.846	-0.846	-0.846	-0.789	-0.789	-0.861	-0.847	-0.847	-0.847	-0.847	-0.848	-0.789	-0.859	-0.843	-0.779	-0.700	-0.785	-0.683	-0.800	-0.763	-0.757	-0.543	-0.640	-0.775	-0.567	-0.597	-0.762	-0.710	-0.673	-0.744	-0.816	-0.739	-0.549	-0.682	-0.568	-0.666	-0.567	-0.614	-0.653	-0.476	-0.591	-0.599	-0.711	-0.695	-0.757	-0.727	-0.718	-0.599	-0.832	-0.852	-0.819	-0.844	-0.802	-0.769	-0.798	-0.673	-0.769	-0.824	-0.778	-0.792	-0.815	-0.815	-0.822	-0.812	-0.808	-0.817	-0.817	-0.817	-0.818	-0.818	-0.818	-0.818	-0.818	-0.818	-0.840	-0.818	-0.818	-0.819	-0.852	-0.767	-0.819	-0.819	-0.819	-0.819	-0.819	-0.819	-0.848	-0.820	-0.755	-0.755	-0.755	-0.848	-0.761	-0.587	-0.751	-0.796	
rs2803818      -0.830	-0.830	-0.443	-0.358	-0.831	-0.831	-0.465	-0.468	-0.466	-0.467	-0.467	-0.467	-0.831	-0.467	-0.473	-0.477	-0.836	-0.466	-0.828	-0.650	-0.709	-0.721	-0.794	-0.851	-0.841	-0.822	-0.833	-0.828	-0.827	-0.821	-0.760	-0.832	-0.834	-0.835	-0.833	-0.834	-0.779	-0.843	-0.844	-0.844	-0.844	-0.845	-0.845	-0.845	-0.834	-0.848	-0.864	-0.863	-0.871	-0.830	-0.830	-0.831	-0.859	-0.869	-0.860	-0.855	-0.862	-0.860	-0.863	-0.862	-0.864	-0.879	-0.864	-0.809	-0.864	-0.864	-0.864	-0.807	-0.807	-0.879	-0.865	-0.865	-0.865	-0.865	-0.866	-0.808	-0.878	-0.861	-0.797	-0.718	-0.803	-0.702	-0.818	-0.781	-0.776	-0.561	-0.659	-0.793	-0.585	-0.616	-0.780	-0.729	-0.692	-0.762	-0.835	-0.757	-0.568	-0.701	-0.586	-0.685	-0.585	-0.633	-0.672	-0.495	-0.609	-0.617	-0.729	-0.714	-0.776	-0.745	-0.736	-0.617	-0.851	-0.870	-0.837	-0.862	-0.820	-0.787	-0.816	-0.691	-0.788	-0.842	-0.797	-0.811	-0.833	-0.833	-0.840	-0.831	-0.826	-0.835	-0.835	-0.835	-0.836	-0.836	-0.836	-0.836	-0.836	-0.836	-0.858	-0.836	-0.836	-0.837	-0.871	-0.786	-0.837	-0.837	-0.838	-0.838	-0.838	-0.838	-0.866	-0.838	-0.773	-0.774	-0.773	-0.866	-0.780	-0.606	-0.770	-0.814	
rs2532798      -0.751	-0.746	-0.813	-0.831	-0.616	-0.749	-0.834	-0.839	-0.835	-0.838	-0.838	-0.841	-0.758	-0.837	-0.836	-0.829	-0.830	-0.804	-0.823	-0.888	-0.941	-0.953	-1.025	-1.082	-1.072	-1.053	-1.064	-1.059	-1.058	-1.052	-0.991	-1.063	-1.065	-1.066	-1.063	-1.065	-1.011	-1.074	-1.075	-1.075	-1.075	-1.076	-1.076	-1.076	-1.065	-1.079	-1.096	-1.096	-1.104	-1.064	-1.064	-1.065	-1.091	-1.101	-1.092	-1.089	-1.096	-1.091	-1.095	-1.094	-1.096	-1.111	-1.096	-1.042	-1.096	-1.096	-1.096	-1.040	-1.040	-1.111	-1.097	-1.097	-1.097	-1.097	-1.098	-1.041	-1.110	-1.093	-1.030	-0.951	-1.039	-0.938	-1.053	-1.017	-1.012	-0.798	-0.894	-1.029	-0.821	-0.855	-1.017	-0.967	-0.931	-0.999	-1.067	-0.990	-0.803	-0.937	-0.821	-0.921	-0.820	-0.870	-0.909	-0.734	-0.842	-0.850	-0.962	-0.947	-1.010	-0.979	-0.969	-0.851	-1.083	-1.103	-1.070	-1.094	-1.054	-1.022	-1.049	-0.926	-1.022	-1.074	-1.030	-1.044	-1.067	-1.067	-1.074	-1.065	-1.060	-1.069	-1.069	-1.069	-1.070	-1.070	-1.070	-1.070	-1.070	-1.070	-1.091	-1.070	-1.070	-1.071	-1.103	-1.021	-1.071	-1.071	-1.071	-1.072	-1.071	-1.072	-1.099	-1.072	-1.006	-1.007	-1.006	-1.099	-1.016	-0.845	-1.006	-1.048	
rs363324       -0.752	-0.748	-0.813	-0.831	-0.749	-0.615	-0.834	-0.838	-0.835	-0.838	-0.837	-0.840	-0.757	-0.836	-0.835	-0.829	-0.827	-0.804	-0.824	-0.886	-0.940	-0.952	-1.024	-1.081	-1.071	-1.052	-1.063	-1.058	-1.057	-1.051	-0.990	-1.062	-1.064	-1.065	-1.062	-1.064	-1.010	-1.073	-1.074	-1.074	-1.074	-1.075	-1.075	-1.075	-1.064	-1.078	-1.095	-1.095	-1.103	-1.063	-1.063	-1.064	-1.090	-1.100	-1.091	-1.088	-1.095	-1.090	-1.094	-1.093	-1.095	-1.110	-1.095	-1.041	-1.095	-1.095	-1.095	-1.039	-1.039	-1.110	-1.096	-1.096	-1.096	-1.096	-1.097	-1.040	-1.109	-1.092	-1.029	-0.950	-1.038	-0.937	-1.052	-1.017	-1.011	-0.797	-0.893	-1.028	-0.820	-0.854	-1.016	-0.966	-0.930	-0.998	-1.066	-0.989	-0.802	-0.936	-0.820	-0.920	-0.819	-0.869	-0.908	-0.733	-0.841	-0.849	-0.961	-0.946	-1.009	-0.978	-0.968	-0.850	-1.082	-1.102	-1.069	-1.093	-1.053	-1.021	-1.048	-0.925	-1.021	-1.073	-1.029	-1.043	-1.066	-1.066	-1.073	-1.064	-1.059	-1.068	-1.068	-1.068	-1.069	-1.069	-1.069	-1.069	-1.069	-1.069	-1.090	-1.069	-1.069	-1.070	-1.102	-1.021	-1.070	-1.070	-1.071	-1.071	-1.071	-1.071	-1.098	-1.071	-1.005	-1.006	-1.005	-1.098	-1.015	-0.844	-1.005	-1.047	
rs3981210      -0.833	-0.833	-0.443	-0.465	-0.834	-0.834	-0.362	-0.470	-0.468	-0.469	-0.469	-0.470	-0.834	-0.469	-0.476	-0.478	-0.840	-0.465	-0.831	-0.654	-0.713	-0.725	-0.797	-0.854	-0.844	-0.825	-0.836	-0.832	-0.831	-0.825	-0.763	-0.836	-0.838	-0.839	-0.836	-0.837	-0.783	-0.846	-0.848	-0.848	-0.848	-0.849	-0.848	-0.848	-0.837	-0.851	-0.867	-0.866	-0.875	-0.834	-0.833	-0.835	-0.863	-0.872	-0.864	-0.859	-0.866	-0.863	-0.866	-0.866	-0.867	-0.883	-0.868	-0.812	-0.867	-0.868	-0.868	-0.810	-0.811	-0.882	-0.868	-0.869	-0.868	-0.868	-0.869	-0.811	-0.881	-0.865	-0.801	-0.722	-0.807	-0.705	-0.822	-0.785	-0.779	-0.565	-0.662	-0.797	-0.589	-0.620	-0.784	-0.732	-0.695	-0.766	-0.838	-0.761	-0.571	-0.704	-0.590	-0.688	-0.589	-0.636	-0.676	-0.499	-0.612	-0.621	-0.732	-0.717	-0.779	-0.749	-0.740	-0.621	-0.854	-0.874	-0.840	-0.865	-0.824	-0.790	-0.819	-0.695	-0.791	-0.845	-0.800	-0.814	-0.837	-0.836	-0.844	-0.834	-0.830	-0.839	-0.839	-0.839	-0.840	-0.840	-0.840	-0.840	-0.840	-0.840	-0.861	-0.840	-0.840	-0.840	-0.874	-0.789	-0.841	-0.841	-0.841	-0.841	-0.841	-0.841	-0.870	-0.841	-0.777	-0.777	-0.777	-0.869	-0.784	-0.609	-0.774	-0.818	
rs363325       -0.838	-0.837	-0.440	-0.468	-0.839	-0.838	-0.470	-0.368	-0.471	-0.474	-0.474	-0.477	-0.838	-0.474	-0.479	-0.480	-0.844	-0.463	-0.835	-0.659	-0.718	-0.730	-0.802	-0.859	-0.849	-0.830	-0.841	-0.837	-0.836	-0.830	-0.768	-0.841	-0.842	-0.843	-0.841	-0.842	-0.788	-0.851	-0.852	-0.853	-0.853	-0.853	-0.853	-0.853	-0.842	-0.856	-0.872	-0.871	-0.880	-0.839	-0.838	-0.840	-0.867	-0.877	-0.869	-0.864	-0.871	-0.868	-0.871	-0.870	-0.872	-0.887	-0.872	-0.817	-0.872	-0.872	-0.873	-0.815	-0.816	-0.887	-0.873	-0.873	-0.873	-0.873	-0.874	-0.816	-0.886	-0.869	-0.805	-0.726	-0.812	-0.710	-0.826	-0.790	-0.784	-0.570	-0.667	-0.802	-0.593	-0.625	-0.789	-0.737	-0.700	-0.771	-0.843	-0.766	-0.576	-0.709	-0.594	-0.693	-0.594	-0.641	-0.680	-0.504	-0.617	-0.625	-0.737	-0.722	-0.784	-0.754	-0.744	-0.625	-0.859	-0.879	-0.845	-0.870	-0.829	-0.795	-0.824	-0.699	-0.796	-0.850	-0.805	-0.819	-0.842	-0.841	-0.848	-0.839	-0.835	-0.843	-0.843	-0.843	-0.845	-0.844	-0.844	-0.844	-0.844	-0.844	-0.866	-0.845	-0.845	-0.845	-0.879	-0.794	-0.846	-0.846	-0.846	-0.846	-0.846	-0.846	-0.875	-0.846	-0.782	-0.782	-0.782	-0.874	-0.788	-0.614	-0.778	-0.823	
rs363326       -0.834	-0.834	-0.443	-0.466	-0.835	-0.835	-0.468	-0.471	-0.364	-0.470	-0.470	-0.472	-0.835	-0.470	-0.476	-0.479	-0.841	-0.464	-0.832	-0.655	-0.714	-0.726	-0.798	-0.855	-0.845	-0.826	-0.837	-0.833	-0.832	-0.826	-0.764	-0.837	-0.839	-0.840	-0.837	-0.838	-0.784	-0.847	-0.849	-0.849	-0.849	-0.850	-0.849	-0.849	-0.838	-0.852	-0.868	-0.867	-0.876	-0.835	-0.834	-0.836	-0.864	-0.873	-0.865	-0.860	-0.867	-0.864	-0.867	-0.867	-0.868	-0.884	-0.869	-0.813	-0.868	-0.869	-0.869	-0.811	-0.812	-0.883	-0.869	-0.870	-0.869	-0.869	-0.870	-0.812	-0.882	-0.866	-0.802	-0.723	-0.808	-0.706	-0.823	-0.786	-0.780	-0.566	-0.663	-0.798	-0.590	-0.621	-0.785	-0.733	-0.696	-0.767	-0.839	-0.762	-0.572	-0.705	-0.591	-0.689	-0.590	-0.637	-0.677	-0.500	-0.613	-0.622	-0.733	-0.718	-0.780	-0.750	-0.741	-0.622	-0.855	-0.875	-0.841	-0.866	-0.825	-0.792	-0.820	-0.696	-0.792	-0.846	-0.801	-0.815	-0.838	-0.838	-0.845	-0.835	-0.831	-0.840	-0.840	-0.840	-0.841	-0.841	-0.841	-0.841	-0.841	-0.841	-0.862	-0.841	-0.841	-0.841	-0.875	-0.790	-0.842	-0.842	-0.842	-0.842	-0.842	-0.842	-0.871	-0.842	-0.778	-0.778	-0.778	-0.870	-0.785	-0.610	-0.775	-0.819	
rs363327       -0.837	-0.837	-0.440	-0.467	-0.838	-0.838	-0.469	-0.474	-0.470	-0.367	-0.472	-0.474	-0.838	-0.472	-0.477	-0.478	-0.844	-0.461	-0.834	-0.658	-0.717	-0.729	-0.801	-0.858	-0.848	-0.829	-0.840	-0.836	-0.835	-0.829	-0.767	-0.840	-0.841	-0.843	-0.840	-0.841	-0.787	-0.850	-0.852	-0.852	-0.852	-0.852	-0.852	-0.852	-0.841	-0.855	-0.871	-0.870	-0.879	-0.838	-0.837	-0.839	-0.867	-0.876	-0.868	-0.863	-0.870	-0.867	-0.870	-0.870	-0.871	-0.887	-0.872	-0.816	-0.871	-0.872	-0.872	-0.814	-0.815	-0.886	-0.872	-0.873	-0.872	-0.872	-0.873	-0.815	-0.885	-0.869	-0.805	-0.726	-0.811	-0.709	-0.826	-0.789	-0.783	-0.569	-0.666	-0.801	-0.593	-0.624	-0.788	-0.736	-0.700	-0.770	-0.842	-0.765	-0.575	-0.708	-0.594	-0.692	-0.593	-0.640	-0.680	-0.503	-0.616	-0.625	-0.736	-0.721	-0.783	-0.753	-0.744	-0.625	-0.858	-0.878	-0.844	-0.869	-0.828	-0.795	-0.823	-0.699	-0.795	-0.849	-0.804	-0.818	-0.841	-0.841	-0.848	-0.838	-0.834	-0.843	-0.843	-0.843	-0.844	-0.844	-0.844	-0.844	-0.844	-0.844	-0.865	-0.844	-0.844	-0.844	-0.878	-0.794	-0.845	-0.845	-0.845	-0.845	-0.845	-0.845	-0.874	-0.845	-0.781	-0.781	-0.781	-0.873	-0.788	-0.613	-0.778	-0.822	
rs363328       -0.837	-0.836	-0.440	-0.467	-0.838	-0.837	-0.469	-0.474	-0.470	-0.472	-0.367	-0.474	-0.837	-0.471	-0.477	-0.477	-0.843	-0.460	-0.834	-0.658	-0.716	-0.729	-0.801	-0.858	-0.848	-0.829	-0.840	-0.835	-0.835	-0.829	-0.767	-0.839	-0.841	-0.842	-0.840	-0.841	-0.787	-0.850	-0.851	-0.851	-0.852	-0.852	-0.852	-0.852	-0.841	-0.855	-0.871	-0.870	-0.879	-0.837	-0.837	-0.839	-0.866	-0.876	-0.868	-0.863	-0.870	-0.867	-0.870	-0.869	-0.871	-0.886	-0.871	-0.816	-0.871	-0.871	-0.871	-0.814	-0.814	-0.886	-0.872	-0.872	-0.872	-0.872	-0.873	-0.815	-0.885	-0.868	-0.804	-0.725	-0.811	-0.709	-0.825	-0.789	-0.783	-0.569	-0.666	-0.801	-0.592	-0.623	-0.788	-0.736	-0.699	-0.770	-0.842	-0.765	-0.575	-0.708	-0.593	-0.692	-0.593	-0.640	-0.679	-0.502	-0.616	-0.624	-0.736	-0.721	-0.783	-0.753	-0.743	-0.624	-0.858	-0.878	-0.844	-0.869	-0.828	-0.794	-0.823	-0.698	-0.795	-0.849	-0.804	-0.818	-0.841	-0.840	-0.847	-0.838	-0.834	-0.842	-0.842	-0.842	-0.843	-0.843	-0.843	-0.843	-0.843	-0.843	-0.865	-0.844	-0.844	-0.844	-0.878	-0.793	-0.845	-0.845	-0.845	-0.845	-0.845	-0.845	-0.874	-0.845	-0.781	-0.781	-0.781	-0.873	-0.787	-0.613	-0.777	-0.822	
rs363329       -0.840	-0.839	-0.436	-0.467	-0.841	-0.840	-0.470	-0.477	-0.472	-0.474	-0.474	-0.370	-0.840	-0.473	-0.477	-0.476	-0.846	-0.455	-0.836	-0.661	-0.720	-0.732	-0.804	-0.861	-0.851	-0.832	-0.843	-0.839	-0.838	-0.832	-0.770	-0.843	-0.844	-0.846	-0.843	-0.844	-0.790	-0.853	-0.855	-0.855	-0.855	-0.855	-0.855	-0.855	-0.844	-0.858	-0.874	-0.873	-0.882	-0.841	-0.840	-0.842	-0.870	-0.879	-0.871	-0.866	-0.873	-0.870	-0.873	-0.872	-0.874	-0.889	-0.874	-0.819	-0.874	-0.875	-0.875	-0.817	-0.818	-0.889	-0.875	-0.876	-0.875	-0.875	-0.876	-0.818	-0.888	-0.871	-0.807	-0.728	-0.814	-0.712	-0.829	-0.792	-0.786	-0.572	-0.669	-0.804	-0.595	-0.627	-0.791	-0.739	-0.702	-0.773	-0.845	-0.768	-0.578	-0.711	-0.596	-0.695	-0.596	-0.643	-0.682	-0.506	-0.619	-0.627	-0.739	-0.724	-0.786	-0.756	-0.746	-0.628	-0.861	-0.881	-0.847	-0.872	-0.831	-0.797	-0.826	-0.702	-0.798	-0.852	-0.807	-0.821	-0.844	-0.843	-0.850	-0.841	-0.837	-0.845	-0.845	-0.845	-0.847	-0.847	-0.847	-0.847	-0.847	-0.847	-0.868	-0.847	-0.847	-0.847	-0.881	-0.796	-0.848	-0.848	-0.848	-0.848	-0.848	-0.848	-0.877	-0.848	-0.784	-0.784	-0.784	-0.876	-0.791	-0.616	-0.781	-0.825	
rs2532799      -0.761	-0.757	-0.813	-0.831	-0.758	-0.757	-0.834	-0.838	-0.835	-0.838	-0.837	-0.840	-0.615	-0.836	-0.835	-0.829	-0.821	-0.804	-0.818	-0.886	-0.940	-0.952	-1.024	-1.081	-1.071	-1.052	-1.063	-1.058	-1.057	-1.051	-0.990	-1.062	-1.064	-1.065	-1.062	-1.064	-1.010	-1.073	-1.074	-1.074	-1.074	-1.075	-1.075	-1.075	-1.064	-1.078	-1.095	-1.095	-1.103	-1.063	-1.063	-1.064	-1.090	-1.100	-1.091	-1.088	-1.095	-1.090	-1.094	-1.093	-1.095	-1.110	-1.095	-1.041	-1.095	-1.095	-1.095	-1.039	-1.039	-1.110	-1.096	-1.096	-1.096	-1.096	-1.097	-1.040	-1.109	-1.092	-1.029	-0.950	-1.038	-0.937	-1.052	-1.017	-1.011	-0.797	-0.893	-1.028	-0.820	-0.854	-1.016	-0.966	-0.930	-0.998	-1.066	-0.988	-0.802	-0.936	-0.819	-0.920	-0.819	-0.869	-0.908	-0.733	-0.840	-0.849	-0.961	-0.946	-1.009	-0.978	-0.968	-0.850	-1.082	-1.102	-1.069	-1.093	-1.053	-1.021	-1.048	-0.925	-1.021	-1.073	-1.029	-1.043	-1.066	-1.066	-1.073	-1.064	-1.059	-1.068	-1.068	-1.068	-1.069	-1.069	-1.069	-1.069	-1.069	-1.069	-1.090	-1.069	-1.069	-1.070	-1.102	-1.020	-1.070	-1.070	-1.070	-1.071	-1.070	-1.071	-1.098	-1.071	-1.005	-1.006	-1.005	-1.098	-1.015	-0.844	-1.005	-1.047	
rs12414934     -0.836	-0.835	-0.442	-0.467	-0.837	-0.836	-0.469	-0.474	-0.470	-0.472	-0.471	-0.473	-0.836	-0.365	-0.475	-0.476	-0.842	-0.459	-0.833	-0.656	-0.715	-0.727	-0.800	-0.857	-0.847	-0.828	-0.839	-0.834	-0.833	-0.827	-0.766	-0.838	-0.840	-0.841	-0.838	-0.840	-0.785	-0.849	-0.850	-0.850	-0.850	-0.851	-0.851	-0.851	-0.840	-0.854	-0.870	-0.869	-0.877	-0.836	-0.836	-0.837	-0.865	-0.875	-0.866	-0.861	-0.868	-0.866	-0.869	-0.868	-0.870	-0.885	-0.870	-0.815	-0.870	-0.870	-0.870	-0.813	-0.813	-0.885	-0.871	-0.871	-0.871	-0.871	-0.872	-0.814	-0.884	-0.867	-0.803	-0.724	-0.810	-0.708	-0.824	-0.788	-0.782	-0.567	-0.665	-0.800	-0.591	-0.622	-0.787	-0.735	-0.698	-0.768	-0.841	-0.763	-0.574	-0.707	-0.592	-0.691	-0.591	-0.639	-0.678	-0.501	-0.615	-0.623	-0.735	-0.720	-0.782	-0.751	-0.742	-0.623	-0.857	-0.876	-0.843	-0.868	-0.827	-0.793	-0.822	-0.697	-0.794	-0.848	-0.803	-0.817	-0.839	-0.839	-0.846	-0.837	-0.833	-0.841	-0.841	-0.841	-0.842	-0.842	-0.842	-0.842	-0.842	-0.842	-0.864	-0.843	-0.843	-0.843	-0.877	-0.792	-0.843	-0.844	-0.844	-0.844	-0.844	-0.844	-0.872	-0.844	-0.779	-0.780	-0.779	-0.872	-0.786	-0.612	-0.776	-0.820	
rs2619097      -0.835	-0.834	-0.452	-0.473	-0.836	-0.835	-0.476	-0.479	-0.476	-0.477	-0.477	-0.477	-0.835	-0.475	-0.364	-0.468	-0.841	-0.452	-0.832	-0.655	-0.714	-0.726	-0.798	-0.856	-0.845	-0.827	-0.837	-0.833	-0.832	-0.826	-0.765	-0.837	-0.839	-0.840	-0.837	-0.838	-0.784	-0.848	-0.849	-0.849	-0.849	-0.850	-0.849	-0.849	-0.838	-0.853	-0.868	-0.868	-0.876	-0.835	-0.835	-0.836	-0.864	-0.874	-0.865	-0.860	-0.867	-0.864	-0.868	-0.867	-0.869	-0.884	-0.869	-0.813	-0.869	-0.869	-0.869	-0.812	-0.812	-0.884	-0.870	-0.870	-0.870	-0.870	-0.871	-0.813	-0.882	-0.866	-0.802	-0.723	-0.808	-0.707	-0.823	-0.786	-0.781	-0.566	-0.664	-0.798	-0.590	-0.621	-0.785	-0.734	-0.697	-0.767	-0.839	-0.762	-0.573	-0.706	-0.591	-0.689	-0.590	-0.638	-0.677	-0.500	-0.614	-0.622	-0.734	-0.718	-0.781	-0.750	-0.741	-0.622	-0.855	-0.875	-0.842	-0.867	-0.825	-0.792	-0.821	-0.696	-0.792	-0.846	-0.802	-0.815	-0.838	-0.838	-0.845	-0.835	-0.831	-0.840	-0.840	-0.840	-0.841	-0.841	-0.841	-0.841	-0.841	-0.841	-0.863	-0.841	-0.841	-0.842	-0.875	-0.791	-0.842	-0.842	-0.842	-0.843	-0.842	-0.843	-0.871	-0.843	-0.778	-0.778	-0.778	-0.871	-0.785	-0.610	-0.775	-0.819	
rs363330       -0.828	-0.828	-0.463	-0.477	-0.829	-0.829	-0.478	-0.480	-0.479	-0.478	-0.477	-0.476	-0.829	-0.476	-0.468	-0.356	-0.833	-0.452	-0.826	-0.648	-0.707	-0.719	-0.791	-0.848	-0.838	-0.820	-0.830	-0.826	-0.825	-0.819	-0.758	-0.830	-0.832	-0.833	-0.830	-0.831	-0.777	-0.841	-0.842	-0.842	-0.842	-0.843	-0.842	-0.842	-0.831	-0.846	-0.861	-0.861	-0.869	-0.828	-0.827	-0.829	-0.857	-0.866	-0.858	-0.853	-0.860	-0.857	-0.861	-0.860	-0.862	-0.877	-0.862	-0.806	-0.862	-0.862	-0.862	-0.805	-0.805	-0.877	-0.863	-0.863	-0.863	-0.863	-0.863	-0.805	-0.875	-0.859	-0.795	-0.716	-0.801	-0.699	-0.816	-0.779	-0.773	-0.559	-0.656	-0.791	-0.583	-0.614	-0.778	-0.726	-0.689	-0.760	-0.832	-0.755	-0.565	-0.698	-0.584	-0.682	-0.583	-0.630	-0.669	-0.492	-0.607	-0.615	-0.727	-0.711	-0.774	-0.743	-0.734	-0.615	-0.848	-0.868	-0.835	-0.860	-0.818	-0.785	-0.814	-0.689	-0.785	-0.839	-0.795	-0.808	-0.831	-0.830	-0.838	-0.828	-0.824	-0.833	-0.833	-0.833	-0.834	-0.834	-0.834	-0.834	-0.834	-0.834	-0.856	-0.834	-0.834	-0.834	-0.868	-0.783	-0.835	-0.835	-0.835	-0.835	-0.835	-0.835	-0.864	-0.835	-0.771	-0.771	-0.771	-0.864	-0.777	-0.603	-0.767	-0.812	
rs2619096      -0.828	-0.824	-0.817	-0.836	-0.830	-0.827	-0.840	-0.844	-0.841	-0.844	-0.843	-0.846	-0.821	-0.842	-0.841	-0.833	-0.625	-0.806	-0.766	-0.895	-0.950	-0.962	-1.034	-1.092	-1.081	-1.062	-1.073	-1.068	-1.068	-1.062	-1.001	-1.072	-1.074	-1.075	-1.073	-1.074	-1.020	-1.083	-1.084	-1.085	-1.085	-1.085	-1.085	-1.085	-1.074	-1.088	-1.105	-1.104	-1.113	-1.073	-1.072	-1.074	-1.100	-1.110	-1.101	-1.097	-1.104	-1.100	-1.104	-1.103	-1.105	-1.120	-1.105	-1.050	-1.105	-1.105	-1.105	-1.049	-1.049	-1.120	-1.106	-1.106	-1.106	-1.106	-1.107	-1.050	-1.119	-1.102	-1.039	-0.961	-1.047	-0.946	-1.061	-1.025	-1.020	-0.807	-0.903	-1.037	-0.830	-0.864	-1.025	-0.975	-0.939	-1.007	-1.076	-0.999	-0.812	-0.945	-0.830	-0.929	-0.829	-0.879	-0.916	-0.742	-0.851	-0.859	-0.971	-0.956	-1.019	-0.987	-0.978	-0.859	-1.092	-1.112	-1.079	-1.103	-1.062	-1.030	-1.058	-0.935	-1.030	-1.083	-1.039	-1.052	-1.076	-1.075	-1.082	-1.073	-1.069	-1.077	-1.077	-1.077	-1.078	-1.078	-1.078	-1.078	-1.078	-1.078	-1.100	-1.079	-1.079	-1.079	-1.112	-1.030	-1.080	-1.080	-1.080	-1.080	-1.080	-1.080	-1.108	-1.080	-1.015	-1.016	-1.015	-1.108	-1.024	-0.852	-1.014	-1.057	
rs363333       -0.803	-0.803	-0.466	-0.466	-0.804	-0.804	-0.465	-0.463	-0.464	-0.461	-0.460	-0.455	-0.804	-0.459	-0.452	-0.452	-0.806	-0.325	-0.803	-0.619	-0.680	-0.692	-0.765	-0.822	-0.812	-0.793	-0.804	-0.799	-0.798	-0.792	-0.731	-0.803	-0.805	-0.806	-0.804	-0.805	-0.750	-0.814	-0.815	-0.815	-0.815	-0.816	-0.816	-0.816	-0.805	-0.819	-0.835	-0.834	-0.842	-0.801	-0.801	-0.802	-0.830	-0.840	-0.832	-0.826	-0.833	-0.831	-0.834	-0.833	-0.835	-0.850	-0.835	-0.780	-0.835	-0.835	-0.835	-0.778	-0.778	-0.850	-0.836	-0.836	-0.836	-0.836	-0.837	-0.779	-0.849	-0.832	-0.768	-0.689	-0.774	-0.672	-0.789	-0.752	-0.746	-0.532	-0.629	-0.764	-0.556	-0.586	-0.751	-0.699	-0.661	-0.733	-0.806	-0.729	-0.538	-0.671	-0.557	-0.655	-0.556	-0.603	-0.642	-0.465	-0.580	-0.589	-0.700	-0.685	-0.747	-0.717	-0.708	-0.589	-0.822	-0.841	-0.808	-0.833	-0.792	-0.758	-0.787	-0.662	-0.759	-0.813	-0.768	-0.782	-0.804	-0.804	-0.811	-0.801	-0.797	-0.806	-0.806	-0.806	-0.807	-0.807	-0.807	-0.807	-0.807	-0.807	-0.829	-0.807	-0.807	-0.808	-0.842	-0.756	-0.808	-0.808	-0.808	-0.808	-0.808	-0.809	-0.837	-0.809	-0.744	-0.744	-0.744	-0.837	-0.750	-0.575	-0.740	-0.785	
rs363338       -0.828	-0.830	-0.813	-0.828	-0.823	-0.824	-0.831	-0.835	-0.832	-0.834	-0.834	-0.836	-0.818	-0.833	-0.832	-0.826	-0.766	-0.803	-0.602	-0.875	-0.927	-0.939	-1.012	-1.069	-1.058	-1.039	-1.050	-1.045	-1.044	-1.038	-0.977	-1.049	-1.051	-1.052	-1.049	-1.051	-0.997	-1.060	-1.062	-1.062	-1.062	-1.062	-1.062	-1.062	-1.051	-1.065	-1.084	-1.083	-1.091	-1.052	-1.052	-1.053	-1.078	-1.088	-1.079	-1.076	-1.083	-1.078	-1.082	-1.081	-1.083	-1.099	-1.083	-1.029	-1.083	-1.083	-1.083	-1.027	-1.027	-1.099	-1.084	-1.085	-1.084	-1.084	-1.085	-1.028	-1.097	-1.080	-1.018	-0.938	-1.027	-0.926	-1.041	-1.006	-1.000	-0.785	-0.881	-1.017	-0.808	-0.842	-1.006	-0.957	-0.922	-0.989	-1.054	-0.976	-0.789	-0.924	-0.807	-0.911	-0.806	-0.858	-0.899	-0.724	-0.828	-0.837	-0.949	-0.934	-0.997	-0.967	-0.956	-0.837	-1.070	-1.091	-1.058	-1.081	-1.041	-1.010	-1.037	-0.914	-1.010	-1.060	-1.018	-1.031	-1.055	-1.055	-1.062	-1.053	-1.048	-1.057	-1.057	-1.057	-1.058	-1.058	-1.058	-1.058	-1.058	-1.058	-1.078	-1.058	-1.058	-1.059	-1.091	-1.010	-1.059	-1.059	-1.059	-1.059	-1.059	-1.059	-1.087	-1.060	-0.993	-0.993	-0.993	-1.086	-1.005	-0.836	-0.995	-1.035	
rs12569963     -0.886	-0.884	-0.631	-0.650	-0.888	-0.886	-0.654	-0.659	-0.655	-0.658	-0.658	-0.661	-0.886	-0.656	-0.655	-0.648	-0.895	-0.619	-0.875	-0.415	-0.754	-0.766	-0.838	-0.892	-0.887	-0.868	-0.879	-0.874	-0.873	-0.867	-0.805	-0.878	-0.880	-0.881	-0.879	-0.880	-0.825	-0.889	-0.891	-0.891	-0.891	-0.891	-0.891	-0.891	-0.880	-0.894	-0.909	-0.907	-0.915	-0.869	-0.869	-0.870	-0.906	-0.915	-0.907	-0.897	-0.905	-0.906	-0.909	-0.909	-0.910	-0.924	-0.910	-0.856	-0.910	-0.911	-0.911	-0.854	-0.854	-0.924	-0.911	-0.912	-0.911	-0.911	-0.912	-0.855	-0.922	-0.908	-0.844	-0.768	-0.844	-0.749	-0.857	-0.818	-0.812	-0.592	-0.706	-0.830	-0.618	-0.665	-0.826	-0.774	-0.737	-0.807	-0.881	-0.805	-0.616	-0.742	-0.633	-0.723	-0.633	-0.670	-0.710	-0.544	-0.656	-0.665	-0.777	-0.761	-0.815	-0.789	-0.786	-0.665	-0.899	-0.917	-0.888	-0.910	-0.872	-0.835	-0.867	-0.738	-0.836	-0.891	-0.849	-0.858	-0.880	-0.880	-0.887	-0.877	-0.874	-0.882	-0.882	-0.882	-0.883	-0.883	-0.883	-0.883	-0.883	-0.883	-0.906	-0.883	-0.883	-0.884	-0.917	-0.831	-0.884	-0.884	-0.884	-0.884	-0.884	-0.884	-0.912	-0.884	-0.820	-0.821	-0.820	-0.913	-0.825	-0.658	-0.815	-0.860	
rs181496       -0.939	-0.938	-0.691	-0.709	-0.941	-0.940	-0.713	-0.718	-0.714	-0.717	-0.716	-0.720	-0.940	-0.715	-0.714	-0.707	-0.950	-0.680	-0.927	-0.754	-0.477	-0.636	-0.627	-0.911	-0.760	-0.788	-0.769	-0.773	-0.774	-0.779	-0.698	-0.770	-0.768	-0.766	-0.799	-0.798	-0.740	-0.789	-0.787	-0.787	-0.787	-0.787	-0.787	-0.787	-0.801	-0.779	-0.860	-0.869	-0.893	-0.818	-0.818	-0.820	-0.954	-0.950	-0.954	-0.863	-0.877	-0.954	-0.954	-0.947	-0.948	-0.917	-0.948	-0.906	-0.950	-0.948	-0.948	-0.907	-0.907	-0.916	-0.947	-0.942	-0.947	-0.947	-0.942	-0.907	-0.909	-0.955	-0.892	-0.846	-0.807	-0.767	-0.824	-0.766	-0.758	-0.608	-0.753	-0.798	-0.637	-0.726	-0.667	-0.564	-0.499	-0.645	-0.928	-0.869	-0.643	-0.805	-0.653	-0.670	-0.652	-0.732	-0.655	-0.493	-0.666	-0.677	-0.876	-0.863	-0.912	-0.886	-0.878	-0.777	-0.946	-0.961	-0.952	-0.948	-0.943	-0.915	-0.940	-0.792	-0.915	-0.948	-0.926	-0.935	-0.842	-0.841	-0.858	-0.836	-0.943	-0.846	-0.846	-0.846	-0.849	-0.849	-0.849	-0.849	-0.849	-0.849	-0.901	-0.850	-0.850	-0.851	-0.922	-0.755	-0.853	-0.853	-0.853	-0.854	-0.854	-0.854	-0.915	-0.854	-0.873	-0.873	-0.874	-0.914	-0.748	-0.683	-0.730	-0.834	
rs118913       -0.951	-0.950	-0.703	-0.721	-0.953	-0.952	-0.725	-0.730	-0.726	-0.729	-0.729	-0.732	-0.952	-0.727	-0.726	-0.719	-0.962	-0.692	-0.939	-0.766	-0.636	-0.490	-0.634	-0.923	-0.772	-0.798	-0.780	-0.784	-0.785	-0.789	-0.703	-0.781	-0.779	-0.777	-0.810	-0.809	-0.749	-0.801	-0.799	-0.799	-0.799	-0.799	-0.799	-0.799	-0.812	-0.792	-0.873	-0.882	-0.907	-0.832	-0.832	-0.834	-0.966	-0.962	-0.966	-0.877	-0.891	-0.966	-0.966	-0.959	-0.960	-0.930	-0.961	-0.918	-0.962	-0.961	-0.960	-0.919	-0.919	-0.929	-0.960	-0.954	-0.959	-0.959	-0.954	-0.919	-0.922	-0.967	-0.904	-0.857	-0.821	-0.780	-0.838	-0.781	-0.773	-0.622	-0.765	-0.812	-0.651	-0.738	-0.688	-0.586	-0.522	-0.665	-0.940	-0.881	-0.656	-0.817	-0.666	-0.690	-0.665	-0.745	-0.675	-0.514	-0.680	-0.690	-0.886	-0.873	-0.922	-0.896	-0.888	-0.786	-0.958	-0.973	-0.964	-0.960	-0.954	-0.925	-0.951	-0.804	-0.926	-0.959	-0.937	-0.946	-0.859	-0.858	-0.875	-0.853	-0.954	-0.863	-0.863	-0.863	-0.866	-0.866	-0.866	-0.866	-0.866	-0.866	-0.915	-0.867	-0.867	-0.868	-0.936	-0.775	-0.870	-0.870	-0.870	-0.871	-0.870	-0.871	-0.930	-0.871	-0.885	-0.886	-0.886	-0.928	-0.767	-0.698	-0.750	-0.849	
rs409017       -1.024	-1.022	-0.776	-0.794	-1.025	-1.024	-0.797	-0.802	-0.798	-0.801	-0.801	-0.804	-1.024	-0.800	-0.798	-0.791	-1.034	-0.765	-1.012	-0.838	-0.627	-0.634	-0.565	-0.998	-0.854	-0.856	-0.854	-0.854	-0.854	-0.852	-0.694	-0.856	-0.856	-0.856	-0.885	-0.885	-0.797	-0.885	-0.885	-0.885	-0.885	-0.886	-0.885	-0.885	-0.889	-0.883	-0.963	-0.970	-0.992	-0.925	-0.924	-0.926	-1.035	-1.035	-1.035	-0.965	-0.978	-1.035	-1.036	-1.034	-1.035	-1.011	-1.035	-0.991	-1.036	-1.035	-1.035	-0.991	-0.991	-1.010	-1.035	-1.031	-1.035	-1.035	-1.031	-0.991	-1.005	-1.036	-0.978	-0.920	-0.918	-0.862	-0.928	-0.875	-0.867	-0.702	-0.837	-0.903	-0.730	-0.809	-0.815	-0.726	-0.669	-0.794	-1.014	-0.949	-0.737	-0.888	-0.749	-0.782	-0.748	-0.816	-0.768	-0.612	-0.764	-0.774	-0.939	-0.925	-0.980	-0.953	-0.945	-0.836	-1.027	-1.045	-1.029	-1.031	-1.017	-0.987	-1.013	-0.876	-0.988	-1.024	-0.998	-1.009	-0.953	-0.953	-0.966	-0.948	-1.020	-0.957	-0.957	-0.957	-0.959	-0.959	-0.959	-0.959	-0.959	-0.959	-1.002	-0.960	-0.960	-0.961	-1.020	-0.873	-0.962	-0.962	-0.962	-0.963	-0.963	-0.963	-1.012	-0.963	-0.958	-0.958	-0.958	-1.013	-0.865	-0.777	-0.849	-0.938	
rs2532655      -1.081	-1.079	-0.833	-0.851	-1.082	-1.081	-0.854	-0.859	-0.855	-0.858	-0.858	-0.861	-1.081	-0.857	-0.856	-0.848	-1.092	-0.822	-1.069	-0.892	-0.911	-0.923	-0.998	-0.625	-1.029	-1.013	-1.022	-1.018	-1.017	-1.011	-0.964	-1.022	-1.024	-1.025	-1.027	-1.028	-0.989	-1.036	-1.037	-1.037	-1.037	-1.038	-1.038	-1.038	-1.031	-1.040	-1.105	-1.105	-1.112	-1.073	-1.073	-1.074	-1.101	-1.110	-1.102	-1.097	-1.104	-1.102	-1.105	-1.103	-1.104	-1.119	-1.105	-1.033	-1.105	-1.105	-1.105	-1.033	-1.033	-1.119	-1.105	-1.105	-1.105	-1.105	-1.106	-1.033	-1.118	-1.103	-1.014	-0.966	-1.046	-0.947	-1.061	-1.024	-1.019	-0.813	-0.903	-1.034	-0.836	-0.858	-0.976	-0.915	-0.871	-0.951	-1.064	-0.999	-0.807	-0.946	-0.823	-0.925	-0.823	-0.880	-0.913	-0.745	-0.847	-0.856	-0.967	-0.952	-1.012	-0.988	-0.979	-0.861	-1.085	-1.097	-1.081	-1.095	-1.066	-1.034	-1.062	-0.934	-1.034	-1.079	-1.044	-1.057	-1.057	-1.056	-1.065	-1.053	-1.070	-1.059	-1.059	-1.059	-1.060	-1.060	-1.060	-1.060	-1.060	-1.060	-1.070	-1.061	-1.061	-1.061	-1.088	-1.004	-1.062	-1.062	-1.062	-1.063	-1.062	-1.063	-1.105	-1.063	-1.014	-1.014	-1.013	-1.082	-0.997	-0.855	-0.986	-1.021	
rs758569       -1.070	-1.069	-0.823	-0.841	-1.072	-1.071	-0.844	-0.849	-0.845	-0.848	-0.848	-0.851	-1.071	-0.847	-0.845	-0.838	-1.081	-0.812	-1.058	-0.887	-0.760	-0.772	-0.854	-1.029	-0.614	-0.727	-0.744	-0.739	-0.740	-0.726	-0.804	-0.762	-0.765	-0.767	-0.843	-0.844	-0.871	-0.849	-0.851	-0.851	-0.851	-0.852	-0.851	-0.851	-0.854	-0.850	-1.043	-1.010	-1.065	-0.964	-0.963	-0.965	-1.074	-1.075	-1.074	-1.005	-1.017	-1.074	-1.075	-1.075	-1.076	-1.080	-1.077	-1.036	-1.077	-1.077	-1.077	-1.036	-1.036	-1.079	-1.076	-1.073	-1.076	-1.076	-1.073	-1.036	-1.075	-1.076	-1.023	-0.961	-0.990	-0.931	-1.005	-0.958	-0.951	-0.790	-0.893	-0.981	-0.814	-0.847	-0.902	-0.828	-0.777	-0.887	-1.065	-0.994	-0.808	-0.934	-0.822	-0.859	-0.821	-0.863	-0.845	-0.704	-0.839	-0.847	-0.976	-0.962	-1.020	-0.990	-0.982	-0.869	-1.076	-1.096	-1.073	-1.082	-1.059	-1.028	-1.055	-0.922	-1.028	-1.071	-1.038	-1.050	-1.019	-1.019	-1.030	-1.015	-1.064	-1.022	-1.022	-1.022	-1.024	-1.024	-1.024	-1.024	-1.024	-1.024	-1.065	-1.025	-1.025	-1.025	-1.081	-0.949	-1.026	-1.027	-1.027	-1.027	-1.027	-1.027	-1.073	-1.027	-1.003	-1.004	-1.004	-1.075	-0.942	-0.825	-0.928	-1.008	
rs123276       -1.051	-1.050	-0.804	-0.822	-1.053	-1.052	-0.825	-0.830	-0.826	-0.829	-0.829	-0.832	-1.052	-0.828	-0.827	-0.820	-1.062	-0.793	-1.039	-0.868	-0.788	-0.798	-0.856	-1.013	-0.727	-0.595	-0.745	-0.751	-0.753	-0.755	-0.823	-0.760	-0.758	-0.758	-0.830	-0.830	-0.874	-0.828	-0.828	-0.828	-0.828	-0.829	-0.828	-0.828	-0.840	-0.823	-1.020	-0.982	-1.043	-0.933	-0.932	-0.934	-1.057	-1.056	-1.057	-0.976	-0.989	-1.057	-1.058	-1.057	-1.058	-1.059	-1.058	-1.018	-1.059	-1.058	-1.058	-1.018	-1.018	-1.058	-1.058	-1.054	-1.057	-1.057	-1.054	-1.018	-1.054	-1.059	-1.004	-0.948	-0.965	-0.911	-0.980	-0.931	-0.924	-0.769	-0.875	-0.956	-0.793	-0.828	-0.868	-0.791	-0.738	-0.853	-1.046	-0.977	-0.790	-0.915	-0.804	-0.828	-0.803	-0.843	-0.814	-0.679	-0.820	-0.828	-0.964	-0.950	-1.006	-0.977	-0.970	-0.859	-1.059	-1.079	-1.057	-1.065	-1.044	-1.012	-1.040	-0.903	-1.012	-1.056	-1.024	-1.035	-0.995	-0.994	-1.007	-0.990	-1.047	-0.998	-0.998	-0.998	-1.000	-1.000	-1.000	-1.000	-1.000	-1.000	-1.043	-1.001	-1.001	-1.002	-1.059	-0.920	-1.003	-1.003	-1.003	-1.003	-1.003	-1.003	-1.051	-1.004	-0.985	-0.985	-0.985	-1.053	-0.913	-0.803	-0.898	-0.983	
rs1118531      -1.062	-1.061	-0.815	-0.833	-1.064	-1.063	-0.836	-0.841	-0.837	-0.840	-0.840	-0.843	-1.063	-0.839	-0.837	-0.830	-1.073	-0.804	-1.050	-0.879	-0.769	-0.780	-0.854	-1.022	-0.744	-0.745	-0.606	-0.736	-0.736	-0.727	-0.807	-0.750	-0.750	-0.751	-0.833	-0.834	-0.869	-0.836	-0.837	-0.837	-0.837	-0.838	-0.837	-0.837	-0.844	-0.835	-1.033	-0.997	-1.056	-0.950	-0.949	-0.951	-1.066	-1.066	-1.066	-0.992	-1.005	-1.066	-1.067	-1.067	-1.068	-1.071	-1.068	-1.028	-1.069	-1.068	-1.068	-1.028	-1.028	-1.070	-1.068	-1.064	-1.068	-1.068	-1.064	-1.028	-1.066	-1.068	-1.015	-0.955	-0.979	-0.923	-0.994	-0.946	-0.939	-0.781	-0.886	-0.970	-0.805	-0.839	-0.887	-0.813	-0.761	-0.873	-1.057	-0.987	-0.800	-0.926	-0.814	-0.848	-0.814	-0.854	-0.834	-0.695	-0.831	-0.839	-0.971	-0.956	-1.013	-0.984	-0.976	-0.864	-1.068	-1.089	-1.066	-1.075	-1.053	-1.021	-1.049	-0.914	-1.022	-1.064	-1.032	-1.043	-1.009	-1.008	-1.020	-1.005	-1.056	-1.012	-1.012	-1.012	-1.014	-1.014	-1.014	-1.014	-1.014	-1.014	-1.055	-1.015	-1.015	-1.015	-1.072	-0.937	-1.016	-1.017	-1.017	-1.017	-1.017	-1.017	-1.063	-1.017	-0.995	-0.996	-0.996	-1.065	-0.930	-0.816	-0.915	-0.998	
rs2768334      -1.058	-1.056	-0.810	-0.828	-1.059	-1.058	-0.832	-0.837	-0.833	-0.836	-0.835	-0.839	-1.058	-0.834	-0.833	-0.826	-1.068	-0.799	-1.045	-0.874	-0.773	-0.784	-0.854	-1.018	-0.739	-0.751	-0.736	-0.601	-0.734	-0.729	-0.809	-0.742	-0.741	-0.740	-0.828	-0.828	-0.868	-0.828	-0.829	-0.829	-0.829	-0.830	-0.829	-0.829	-0.838	-0.826	-1.027	-0.990	-1.050	-0.942	-0.941	-0.943	-1.062	-1.061	-1.062	-0.985	-0.998	-1.062	-1.063	-1.062	-1.063	-1.065	-1.063	-1.023	-1.064	-1.063	-1.063	-1.023	-1.023	-1.064	-1.063	-1.059	-1.063	-1.063	-1.059	-1.024	-1.061	-1.064	-1.010	-0.952	-0.972	-0.918	-0.987	-0.939	-0.932	-0.777	-0.881	-0.964	-0.801	-0.834	-0.879	-0.804	-0.752	-0.865	-1.052	-0.983	-0.796	-0.921	-0.810	-0.842	-0.809	-0.850	-0.828	-0.689	-0.827	-0.835	-0.967	-0.953	-1.010	-0.981	-0.973	-0.861	-1.064	-1.084	-1.062	-1.071	-1.049	-1.017	-1.045	-0.910	-1.018	-1.060	-1.028	-1.040	-1.003	-1.003	-1.015	-0.999	-1.052	-1.006	-1.006	-1.006	-1.008	-1.008	-1.008	-1.008	-1.008	-1.008	-1.050	-1.009	-1.009	-1.010	-1.066	-0.930	-1.011	-1.011	-1.011	-1.011	-1.011	-1.012	-1.058	-1.012	-0.991	-0.991	-0.992	-1.060	-0.923	-0.811	-0.908	-0.992	
rs2532652      -1.057	-1.055	-0.809	-0.827	-1.058	-1.057	-0.831	-0.836	-0.832	-0.835	-0.835	-0.838	-1.057	-0.833	-0.832	-0.825	-1.068	-0.798	-1.044	-0.873	-0.774	-0.785	-0.854	-1.017	-0.740	-0.753	-0.736	-0.734	-0.600	-0.729	-0.808	-0.739	-0.738	-0.737	-0.827	-0.827	-0.867	-0.827	-0.827	-0.827	-0.827	-0.828	-0.827	-0.827	-0.837	-0.824	-1.026	-0.989	-1.049	-0.941	-0.940	-0.942	-1.061	-1.060	-1.061	-0.983	-0.996	-1.061	-1.062	-1.061	-1.062	-1.064	-1.062	-1.022	-1.063	-1.063	-1.062	-1.022	-1.023	-1.063	-1.062	-1.058	-1.062	-1.062	-1.058	-1.023	-1.059	-1.063	-1.009	-0.951	-0.971	-0.917	-0.986	-0.938	-0.931	-0.776	-0.880	-0.962	-0.800	-0.833	-0.878	-0.802	-0.750	-0.863	-1.051	-0.982	-0.795	-0.921	-0.809	-0.841	-0.808	-0.849	-0.827	-0.689	-0.826	-0.834	-0.967	-0.953	-1.009	-0.980	-0.972	-0.861	-1.063	-1.083	-1.062	-1.070	-1.048	-1.016	-1.044	-0.909	-1.017	-1.059	-1.028	-1.039	-1.002	-1.001	-1.014	-0.998	-1.052	-1.005	-1.005	-1.005	-1.007	-1.007	-1.007	-1.007	-1.007	-1.007	-1.049	-1.008	-1.008	-1.009	-1.066	-0.929	-1.010	-1.010	-1.010	-1.010	-1.010	-1.010	-1.057	-1.011	-0.990	-0.990	-0.991	-1.059	-0.922	-0.810	-0.907	-0.991	
rs2532651      -1.051	-1.049	-0.803	-0.821	-1.052	-1.051	-0.825	-0.830	-0.826	-0.829	-0.829	-0.832	-1.051	-0.827	-0.826	-0.819	-1.062	-0.792	-1.038	-0.867	-0.779	-0.789	-0.852	-1.011	-0.726	-0.755	-0.727	-0.729	-0.729	-0.594	-0.811	-0.729	-0.725	-0.723	-0.820	-0.820	-0.866	-0.817	-0.817	-0.817	-0.817	-0.818	-0.817	-0.817	-0.829	-0.812	-1.018	-0.980	-1.042	-0.931	-0.930	-0.932	-1.055	-1.054	-1.055	-0.974	-0.987	-1.055	-1.056	-1.055	-1.056	-1.057	-1.056	-1.016	-1.057	-1.056	-1.056	-1.016	-1.017	-1.056	-1.056	-1.052	-1.055	-1.055	-1.052	-1.017	-1.052	-1.057	-1.003	-0.946	-0.963	-0.911	-0.978	-0.930	-0.922	-0.770	-0.874	-0.954	-0.793	-0.827	-0.867	-0.791	-0.737	-0.852	-1.045	-0.976	-0.790	-0.915	-0.803	-0.833	-0.802	-0.843	-0.818	-0.681	-0.820	-0.828	-0.963	-0.949	-1.005	-0.976	-0.968	-0.857	-1.058	-1.078	-1.056	-1.064	-1.043	-1.011	-1.039	-0.903	-1.012	-1.054	-1.023	-1.034	-0.994	-0.994	-1.006	-0.990	-1.046	-0.997	-0.997	-0.997	-1.000	-0.999	-0.999	-0.999	-0.999	-0.999	-1.042	-1.000	-1.000	-1.001	-1.059	-0.920	-1.002	-1.002	-1.002	-1.003	-1.003	-1.003	-1.050	-1.003	-0.984	-0.984	-0.985	-1.052	-0.913	-0.803	-0.898	-0.983	
rs2768335      -0.990	-0.988	-0.742	-0.760	-0.991	-0.990	-0.763	-0.768	-0.764	-0.767	-0.767	-0.770	-0.990	-0.766	-0.765	-0.758	-1.001	-0.731	-0.977	-0.805	-0.698	-0.703	-0.694	-0.964	-0.804	-0.823	-0.807	-0.809	-0.808	-0.811	-0.530	-0.804	-0.802	-0.801	-0.836	-0.836	-0.755	-0.829	-0.828	-0.828	-0.828	-0.827	-0.827	-0.827	-0.839	-0.821	-0.910	-0.919	-0.943	-0.869	-0.868	-0.870	-1.001	-0.998	-1.001	-0.914	-0.928	-1.001	-1.001	-0.998	-0.999	-0.966	-0.999	-0.956	-1.000	-0.999	-0.999	-0.957	-0.957	-0.964	-0.998	-0.994	-0.998	-0.998	-0.994	-0.957	-0.958	-1.002	-0.943	-0.892	-0.867	-0.823	-0.876	-0.819	-0.810	-0.657	-0.802	-0.850	-0.686	-0.777	-0.747	-0.660	-0.599	-0.733	-0.980	-0.917	-0.698	-0.855	-0.709	-0.731	-0.709	-0.781	-0.716	-0.564	-0.724	-0.734	-0.916	-0.903	-0.955	-0.928	-0.920	-0.814	-0.995	-1.012	-0.999	-0.998	-0.988	-0.959	-0.985	-0.842	-0.960	-0.995	-0.971	-0.980	-0.910	-0.909	-0.924	-0.905	-0.990	-0.914	-0.914	-0.914	-0.916	-0.916	-0.916	-0.916	-0.916	-0.916	-0.962	-0.917	-0.917	-0.918	-0.981	-0.823	-0.919	-0.920	-0.920	-0.920	-0.920	-0.920	-0.972	-0.921	-0.924	-0.924	-0.925	-0.974	-0.815	-0.740	-0.799	-0.894	
rs2768336      -1.062	-1.060	-0.814	-0.832	-1.063	-1.062	-0.836	-0.841	-0.837	-0.840	-0.839	-0.843	-1.062	-0.838	-0.837	-0.830	-1.072	-0.803	-1.049	-0.878	-0.770	-0.781	-0.856	-1.022	-0.762	-0.760	-0.750	-0.742	-0.739	-0.729	-0.804	-0.605	-0.741	-0.741	-0.830	-0.830	-0.866	-0.832	-0.832	-0.832	-0.833	-0.833	-0.833	-0.833	-0.839	-0.830	-1.032	-0.995	-1.054	-0.948	-0.948	-0.949	-1.065	-1.065	-1.065	-0.990	-1.003	-1.065	-1.066	-1.065	-1.067	-1.070	-1.067	-1.027	-1.068	-1.067	-1.067	-1.027	-1.027	-1.069	-1.067	-1.063	-1.067	-1.067	-1.063	-1.027	-1.065	-1.067	-1.014	-0.954	-0.978	-0.922	-0.993	-0.945	-0.938	-0.781	-0.885	-0.969	-0.805	-0.839	-0.887	-0.812	-0.761	-0.872	-1.056	-0.986	-0.800	-0.926	-0.814	-0.850	-0.813	-0.854	-0.836	-0.695	-0.831	-0.839	-0.970	-0.956	-1.013	-0.984	-0.976	-0.864	-1.068	-1.088	-1.066	-1.074	-1.052	-1.020	-1.048	-0.914	-1.021	-1.063	-1.031	-1.043	-1.009	-1.008	-1.020	-1.004	-1.056	-1.012	-1.012	-1.012	-1.014	-1.014	-1.014	-1.014	-1.014	-1.014	-1.055	-1.014	-1.014	-1.015	-1.071	-0.937	-1.016	-1.016	-1.017	-1.017	-1.017	-1.017	-1.063	-1.017	-0.995	-0.995	-0.996	-1.065	-0.930	-0.815	-0.915	-0.997	
rs385983       -1.063	-1.062	-0.816	-0.834	-1.065	-1.064	-0.838	-0.842	-0.839	-0.841	-0.841	-0.844	-1.064	-0.840	-0.839	-0.832	-1.074	-0.805	-1.051	-0.880	-0.768	-0.779	-0.856	-1.024	-0.765	-0.758	-0.750	-0.741	-0.738	-0.725	-0.802	-0.741	-0.607	-0.741	-0.830	-0.831	-0.865	-0.833	-0.834	-0.834	-0.834	-0.835	-0.834	-0.834	-0.840	-0.832	-1.034	-0.998	-1.057	-0.951	-0.951	-0.952	-1.066	-1.067	-1.067	-0.993	-1.006	-1.066	-1.068	-1.067	-1.069	-1.072	-1.069	-1.029	-1.070	-1.069	-1.069	-1.029	-1.029	-1.071	-1.068	-1.065	-1.068	-1.068	-1.065	-1.029	-1.067	-1.068	-1.016	-0.956	-0.980	-0.924	-0.995	-0.947	-0.940	-0.783	-0.887	-0.971	-0.807	-0.840	-0.890	-0.816	-0.764	-0.875	-1.058	-0.988	-0.802	-0.927	-0.816	-0.852	-0.815	-0.856	-0.838	-0.697	-0.833	-0.841	-0.971	-0.957	-1.014	-0.985	-0.977	-0.865	-1.069	-1.090	-1.067	-1.076	-1.053	-1.022	-1.050	-0.916	-1.022	-1.065	-1.033	-1.044	-1.011	-1.010	-1.022	-1.007	-1.057	-1.014	-1.014	-1.014	-1.016	-1.016	-1.016	-1.016	-1.016	-1.016	-1.057	-1.016	-1.016	-1.017	-1.073	-0.939	-1.018	-1.018	-1.019	-1.019	-1.019	-1.019	-1.065	-1.019	-0.997	-0.997	-0.997	-1.067	-0.932	-0.817	-0.918	-1.000	
rs2794424      -1.065	-1.063	-0.817	-0.835	-1.066	-1.065	-0.839	-0.843	-0.840	-0.843	-0.842	-0.846	-1.065	-0.841	-0.840	-0.833	-1.075	-0.806	-1.052	-0.881	-0.766	-0.777	-0.856	-1.025	-0.767	-0.758	-0.751	-0.740	-0.737	-0.723	-0.801	-0.741	-0.741	-0.609	-0.831	-0.832	-0.865	-0.834	-0.835	-0.835	-0.835	-0.836	-0.836	-0.836	-0.841	-0.834	-1.035	-1.000	-1.058	-0.953	-0.953	-0.954	-1.067	-1.068	-1.068	-0.995	-1.007	-1.068	-1.069	-1.068	-1.070	-1.073	-1.070	-1.030	-1.071	-1.070	-1.070	-1.030	-1.030	-1.072	-1.070	-1.066	-1.070	-1.070	-1.066	-1.030	-1.068	-1.070	-1.017	-0.957	-0.981	-0.925	-0.997	-0.949	-0.942	-0.784	-0.888	-0.973	-0.808	-0.842	-0.892	-0.818	-0.767	-0.877	-1.059	-0.989	-0.803	-0.929	-0.817	-0.854	-0.816	-0.857	-0.840	-0.699	-0.834	-0.842	-0.972	-0.957	-1.015	-0.986	-0.978	-0.865	-1.071	-1.091	-1.068	-1.077	-1.054	-1.023	-1.051	-0.917	-1.023	-1.066	-1.033	-1.045	-1.013	-1.012	-1.024	-1.008	-1.058	-1.015	-1.015	-1.015	-1.017	-1.017	-1.017	-1.017	-1.017	-1.017	-1.059	-1.018	-1.018	-1.019	-1.075	-0.941	-1.020	-1.020	-1.020	-1.020	-1.020	-1.021	-1.066	-1.021	-0.998	-0.998	-0.998	-1.068	-0.934	-0.819	-0.920	-1.001	
