## Summary of overall evidence for association with region:
## log10(BF for region) = 5.48848
## p-value for region = NA

## BFs for choosing among multi-SNP models:
## log10(average 1-SNP BF) = 4.65002
## log10(average 2-SNP BF) = 5.92143

## Example posterior probabilities for multi-SNP models, based on default prior: [p(l) propto 0.5^l for l=1,2,...,L]
## posterior probability of 1-SNP = 0.0967061
## posterior probability of 2-SNP = 0.903294

## log10(BF) for single SNP and pair of SNPs:
rs72805974     +0.397	+0.053	+0.141	+0.170	+2.736	+5.539	+5.651	+4.025	+5.390	+4.953	+4.383	+4.003	+4.002	+4.003	+3.923	+3.878	+3.857	+3.885	+5.348	+3.348	+4.038	+3.550	+4.965	+4.825	+3.397	+4.985	+4.235	+4.236	+4.236	+3.539	+3.539	+5.240	+5.237	+4.780	+4.780	+3.379	+3.380	+3.813	+3.379	+4.881	+3.809	+4.869	+3.805	+3.650	+3.650	+3.799	+4.824	+4.806	+4.722	+5.299	+4.704	+3.759	+3.845	+3.760	+3.476	+3.654	+5.183	+3.514	+5.174	+5.154	+3.701	+3.804	+3.797	+3.793	+3.790	+3.769	+4.200	+4.503	+0.894	+3.955	+4.017	+0.944	+4.452	+4.211	+4.234	+4.488	+4.377	+4.084	+4.128	+4.069	+3.926	+3.918	+3.836	+3.867	+3.923	+4.008	+4.137	+4.013	+4.009	+3.752	+3.538	+3.415	+3.385	+3.449	+3.354	+3.558	+3.198	+3.408	+3.405	+3.353	+3.329	+3.171	+2.608	+2.490	+2.811	+2.709	+2.670	+2.561	+2.681	+2.229	+0.346	+0.218	+0.491	+0.059	+0.050	+0.049	+0.036	+0.122	+0.022	+0.030	+0.090	+0.038	+0.016	+0.113	-0.010	-0.009	+0.082	-0.054	+0.058	+0.354	+0.021	+0.008	+0.014	+0.018	+0.017	+0.012	+0.010	+0.010	+0.009	+0.008	+0.006	+0.026	+0.013	+0.027	-0.017	-0.022	-0.028	+0.020	-0.110	-0.029	-0.086	-0.026	+0.388	-0.066	-0.068	-0.002	+0.031	-0.075	-0.095	+0.374	+0.008	+0.025	-0.059	+0.008	+0.027	+0.017	+0.017	+0.020	+0.049	+0.016	+0.020	+0.020	+0.007	+0.414	+0.025	+0.005	+0.005	+0.005	+0.005	+0.027	+0.059	+0.066	+0.053	+0.031	+0.064	+0.028	+0.154	+0.069	+0.050	+0.040	+0.029	-0.067	+0.029	+0.029	+0.041	+0.039	+0.041	+0.040	+0.030	
rs72805975     +0.053	+0.016	-0.119	-0.078	+2.425	+5.261	+5.372	+4.026	+5.077	+4.589	+4.386	+4.001	+4.000	+4.001	+3.921	+3.878	+3.854	+3.885	+5.068	+3.341	+4.041	+3.543	+4.675	+4.533	+3.391	+4.620	+4.234	+4.234	+4.234	+3.532	+3.532	+4.962	+4.958	+4.489	+4.489	+3.372	+3.373	+3.818	+3.372	+4.590	+3.813	+4.576	+3.809	+3.646	+3.646	+3.803	+4.530	+4.513	+4.427	+5.283	+4.409	+3.762	+3.844	+3.757	+3.465	+3.649	+4.890	+3.507	+4.829	+4.865	+3.697	+3.799	+3.792	+3.788	+3.785	+3.763	+3.821	+4.169	+0.724	+3.949	+4.010	+0.777	+4.113	+3.870	+4.230	+4.486	+4.000	+4.075	+4.119	+4.058	+3.919	+3.910	+3.828	+3.859	+3.918	+3.999	+4.130	+4.005	+4.001	+3.736	+3.516	+3.389	+3.341	+3.423	+3.324	+3.541	+3.164	+3.379	+3.376	+3.323	+3.298	+3.137	+2.554	+2.431	+2.773	+2.667	+2.629	+2.516	+2.640	+2.160	+0.062	-0.036	+0.281	-0.228	-0.239	-0.240	-0.256	-0.138	-0.274	-0.265	-0.198	-0.255	-0.283	-0.173	-0.289	-0.287	-0.172	-0.351	-0.234	+0.113	-0.279	-0.342	-0.288	-0.283	-0.284	-0.292	-0.294	-0.294	-0.295	-0.297	-0.298	-0.326	-0.290	-0.323	-0.330	-0.337	-0.345	-0.329	-0.417	-0.347	-0.385	-0.342	+0.043	-0.360	-0.363	-0.316	-0.317	-0.372	-0.396	+0.068	-0.298	-0.322	-0.433	-0.302	-0.318	-0.293	-0.292	-0.289	-0.256	-0.294	-0.282	-0.282	-0.299	+0.089	-0.276	-0.301	-0.301	-0.302	-0.302	-0.321	-0.234	-0.225	-0.241	-0.315	-0.239	-0.320	-0.143	-0.234	-0.255	-0.305	-0.318	-0.360	-0.318	-0.318	-0.303	-0.305	-0.303	-0.304	-0.315	
rs12598671     +0.141	-0.119	-0.008	-0.077	+2.568	+5.418	+5.529	+4.002	+5.210	+4.722	+4.381	+3.975	+3.974	+3.975	+3.890	+3.781	+3.767	+3.788	+5.218	+3.268	+3.974	+3.534	+4.861	+4.718	+3.321	+4.754	+4.233	+4.233	+4.234	+3.522	+3.522	+5.109	+5.105	+4.671	+4.672	+3.301	+3.301	+3.758	+3.301	+4.771	+3.753	+4.763	+3.748	+3.581	+3.581	+3.742	+4.716	+4.698	+4.612	+5.375	+4.592	+3.699	+3.763	+3.673	+3.368	+3.561	+5.077	+3.422	+5.050	+5.046	+3.612	+3.724	+3.717	+3.712	+3.709	+3.686	+3.948	+4.345	+0.729	+3.927	+3.949	+0.796	+4.285	+4.032	+4.181	+4.486	+4.134	+4.068	+4.114	+4.054	+3.905	+3.897	+3.811	+3.844	+3.846	+3.929	+4.066	+3.991	+3.986	+3.657	+3.427	+3.294	+3.262	+3.328	+3.228	+3.513	+3.063	+3.283	+3.280	+3.225	+3.200	+3.032	+2.437	+2.312	+2.733	+2.626	+2.580	+2.470	+2.592	+2.029	-0.081	-0.091	+0.225	-0.293	-0.305	-0.304	-0.320	-0.205	-0.337	-0.328	-0.263	-0.318	-0.343	-0.239	-0.346	-0.344	-0.228	-0.402	-0.305	+0.033	-0.345	-0.383	-0.353	-0.348	-0.349	-0.356	-0.358	-0.358	-0.359	-0.360	-0.361	-0.367	-0.354	-0.364	-0.388	-0.393	-0.400	-0.370	-0.471	-0.401	-0.442	-0.398	+0.036	-0.418	-0.422	-0.376	-0.358	-0.428	-0.452	+0.086	-0.361	-0.363	-0.444	-0.367	-0.359	-0.358	-0.358	-0.355	-0.325	-0.359	-0.348	-0.348	-0.363	+0.139	-0.344	-0.364	-0.365	-0.365	-0.365	-0.362	-0.307	-0.299	-0.313	-0.356	-0.310	-0.361	-0.227	-0.305	-0.324	-0.346	-0.360	-0.419	-0.359	-0.359	-0.343	-0.345	-0.343	-0.344	-0.356	
rs12716954     +0.170	-0.078	-0.077	+0.061	+2.591	+5.432	+5.544	+4.001	+5.271	+4.765	+4.379	+3.977	+3.976	+3.977	+3.893	+3.777	+3.762	+3.785	+5.234	+3.265	+3.971	+3.531	+4.891	+4.749	+3.318	+4.795	+4.231	+4.231	+4.231	+3.519	+3.519	+5.125	+5.121	+4.702	+4.702	+3.298	+3.298	+3.753	+3.297	+4.801	+3.748	+4.793	+3.743	+3.577	+3.577	+3.737	+4.747	+4.728	+4.643	+5.368	+4.624	+3.694	+3.761	+3.671	+3.368	+3.560	+5.107	+3.421	+5.076	+5.076	+3.611	+3.721	+3.714	+3.710	+3.707	+3.684	+3.990	+4.382	+0.741	+3.926	+3.946	+0.809	+4.324	+4.070	+4.177	+4.484	+4.177	+4.066	+4.112	+4.052	+3.905	+3.897	+3.812	+3.844	+3.844	+3.928	+4.064	+3.992	+3.987	+3.656	+3.428	+3.296	+3.264	+3.329	+3.230	+3.517	+3.066	+3.285	+3.282	+3.227	+3.202	+3.035	+2.443	+2.319	+2.741	+2.634	+2.589	+2.480	+2.601	+2.040	-0.031	-0.042	+0.262	-0.247	-0.258	-0.257	-0.272	-0.157	-0.288	-0.279	-0.218	-0.270	-0.293	-0.195	-0.295	-0.293	-0.182	-0.349	-0.258	+0.077	-0.295	-0.319	-0.302	-0.298	-0.299	-0.305	-0.306	-0.307	-0.308	-0.309	-0.310	-0.303	-0.304	-0.300	-0.333	-0.338	-0.344	-0.307	-0.415	-0.345	-0.388	-0.342	+0.107	-0.365	-0.368	-0.325	-0.295	-0.374	-0.397	+0.159	-0.310	-0.300	-0.366	-0.317	-0.297	-0.309	-0.309	-0.306	-0.277	-0.310	-0.298	-0.298	-0.312	+0.214	-0.294	-0.313	-0.313	-0.314	-0.314	-0.299	-0.260	-0.253	-0.266	-0.293	-0.264	-0.298	-0.185	-0.259	-0.277	-0.283	-0.297	-0.366	-0.296	-0.296	-0.281	-0.283	-0.281	-0.282	-0.293	
rs56049304     +2.736	+2.425	+2.568	+2.591	+2.916	+5.712	+5.850	+4.829	+5.322	+5.275	+5.167	+4.879	+4.878	+4.879	+4.810	+4.819	+4.825	+4.833	+5.265	+4.356	+4.969	+4.471	+4.802	+4.674	+4.397	+5.308	+5.084	+5.084	+5.085	+4.465	+4.465	+5.132	+5.127	+4.634	+4.634	+4.385	+4.385	+4.712	+4.385	+4.724	+4.710	+4.714	+4.709	+4.578	+4.578	+4.706	+4.674	+4.664	+4.583	+5.862	+4.567	+4.683	+4.823	+4.757	+4.528	+4.669	+4.996	+4.557	+4.909	+4.975	+4.712	+4.811	+4.806	+4.803	+4.801	+4.785	+4.732	+4.534	+3.237	+4.899	+5.041	+3.283	+4.502	+4.336	+5.242	+5.360	+4.898	+5.063	+5.098	+5.052	+4.894	+4.887	+4.819	+4.847	+4.948	+5.056	+5.168	+4.979	+4.976	+4.861	+4.697	+4.607	+4.584	+4.639	+4.557	+4.645	+4.431	+4.603	+4.600	+4.561	+4.536	+4.402	+3.972	+3.878	+4.095	+4.014	+3.949	+3.890	+3.958	+3.638	+2.495	+2.429	+2.538	+2.430	+2.414	+2.422	+2.407	+2.351	+2.394	+2.402	+2.449	+2.412	+2.394	+2.471	+2.290	+2.291	+2.299	+2.297	+2.432	+2.505	+2.402	+2.451	+2.396	+2.399	+2.398	+2.394	+2.393	+2.393	+2.392	+2.391	+2.390	+2.497	+2.395	+2.493	+2.373	+2.369	+2.365	+2.471	+2.252	+2.364	+2.257	+2.366	+2.650	+2.265	+2.263	+2.347	+2.466	+2.262	+2.253	+2.527	+2.390	+2.459	+2.435	+2.341	+2.449	+2.345	+2.345	+2.346	+2.360	+2.343	+2.399	+2.399	+2.386	+2.654	+2.399	+2.386	+2.385	+2.385	+2.385	+2.466	+2.442	+2.448	+2.437	+2.456	+2.379	+2.465	+2.451	+2.383	+2.371	+2.454	+2.460	+2.261	+2.465	+2.464	+2.454	+2.451	+2.451	+2.451	+2.450	
rs10492861     +5.539	+5.261	+5.418	+5.432	+5.712	+5.925	+6.019	+7.064	+5.817	+6.970	+7.384	+7.152	+7.151	+7.152	+7.091	+7.149	+7.167	+7.164	+5.821	+6.699	+7.275	+6.752	+5.798	+5.739	+6.734	+7.001	+7.325	+7.325	+7.325	+6.747	+6.747	+5.778	+5.776	+5.724	+5.724	+6.723	+6.724	+6.995	+6.723	+5.767	+6.994	+5.761	+6.993	+6.880	+6.880	+6.992	+5.745	+5.746	+5.705	+7.899	+5.700	+6.977	+7.152	+7.094	+6.890	+7.017	+5.901	+6.923	+5.858	+5.891	+7.060	+7.151	+7.147	+7.144	+7.143	+7.129	+6.599	+5.923	+6.041	+7.196	+7.385	+6.087	+5.919	+5.877	+7.575	+7.618	+6.743	+7.368	+7.398	+7.357	+7.200	+7.195	+7.133	+7.160	+7.301	+7.410	+7.513	+7.287	+7.284	+7.250	+7.110	+7.035	+7.018	+7.064	+6.990	+7.010	+6.879	+7.032	+7.030	+6.996	+6.972	+6.851	+6.489	+6.405	+6.559	+6.488	+6.423	+6.379	+6.433	+6.188	+5.332	+5.355	+5.354	+5.296	+5.280	+5.289	+5.276	+5.255	+5.266	+5.272	+5.313	+5.281	+5.266	+5.332	+5.172	+5.173	+5.145	+5.181	+5.299	+5.345	+5.273	+5.418	+5.268	+5.271	+5.270	+5.267	+5.266	+5.266	+5.265	+5.265	+5.264	+5.502	+5.267	+5.494	+5.253	+5.251	+5.249	+5.452	+5.134	+5.248	+5.138	+5.249	+5.482	+5.143	+5.142	+5.222	+5.420	+5.141	+5.134	+5.338	+5.263	+5.409	+5.355	+5.214	+5.381	+5.216	+5.216	+5.216	+5.224	+5.214	+5.269	+5.270	+5.260	+5.475	+5.269	+5.259	+5.259	+5.259	+5.259	+5.424	+5.280	+5.284	+5.276	+5.393	+5.223	+5.419	+5.274	+5.225	+5.220	+5.375	+5.406	+5.139	+5.418	+5.417	+5.376	+5.369	+5.366	+5.368	+5.377	
rs10492862     +5.651	+5.372	+5.529	+5.544	+5.850	+6.019	+6.039	+7.143	+5.900	+7.042	+7.463	+7.233	+7.232	+7.233	+7.172	+7.230	+7.248	+7.245	+5.891	+6.782	+7.356	+6.834	+5.869	+5.813	+6.816	+7.074	+7.405	+7.405	+7.405	+6.829	+6.829	+5.854	+5.853	+5.799	+5.799	+6.806	+6.806	+7.075	+6.806	+5.840	+7.074	+5.834	+7.073	+6.961	+6.961	+7.072	+5.819	+5.820	+5.782	+7.971	+5.777	+7.058	+7.234	+7.177	+6.975	+7.100	+5.968	+7.007	+5.926	+5.959	+7.144	+7.235	+7.231	+7.228	+7.226	+7.213	+6.680	+5.999	+6.148	+7.280	+7.468	+6.193	+5.996	+5.956	+7.658	+7.700	+6.824	+7.452	+7.481	+7.441	+7.285	+7.279	+7.218	+7.245	+7.385	+7.494	+7.596	+7.371	+7.368	+7.335	+7.197	+7.123	+7.106	+7.152	+7.078	+7.098	+6.968	+7.120	+7.118	+7.084	+7.060	+6.941	+6.581	+6.498	+6.652	+6.581	+6.516	+6.472	+6.527	+6.283	+5.440	+5.465	+5.462	+5.407	+5.391	+5.399	+5.387	+5.365	+5.377	+5.383	+5.423	+5.391	+5.377	+5.443	+5.283	+5.283	+5.255	+5.292	+5.410	+5.453	+5.383	+5.531	+5.379	+5.382	+5.381	+5.378	+5.377	+5.377	+5.376	+5.376	+5.375	+5.616	+5.378	+5.608	+5.364	+5.362	+5.360	+5.565	+5.246	+5.360	+5.249	+5.360	+5.591	+5.254	+5.253	+5.333	+5.533	+5.252	+5.245	+5.446	+5.374	+5.522	+5.467	+5.325	+5.493	+5.327	+5.327	+5.328	+5.335	+5.325	+5.381	+5.381	+5.371	+5.584	+5.380	+5.371	+5.370	+5.370	+5.370	+5.537	+5.391	+5.395	+5.387	+5.506	+5.334	+5.532	+5.384	+5.336	+5.331	+5.487	+5.519	+5.250	+5.531	+5.530	+5.488	+5.481	+5.478	+5.481	+5.490	
rs2615127      +4.025	+4.026	+4.002	+4.001	+4.829	+7.064	+7.143	+4.528	+6.984	+7.639	+4.760	+4.483	+4.482	+4.483	+4.440	+4.440	+4.448	+4.448	+7.032	+4.278	+4.528	+4.315	+6.473	+6.370	+4.298	+7.680	+4.630	+4.630	+4.630	+4.311	+4.311	+6.945	+6.943	+6.332	+6.332	+4.292	+4.292	+4.505	+4.292	+6.405	+4.504	+6.405	+4.503	+4.428	+4.428	+4.501	+6.375	+6.398	+6.299	+5.524	+6.288	+4.488	+4.434	+4.395	+4.281	+4.348	+6.590	+4.300	+6.702	+6.558	+4.371	+4.428	+4.426	+4.424	+4.423	+4.414	+7.094	+6.259	+4.185	+4.475	+4.592	+4.208	+6.257	+6.105	+4.738	+4.824	+7.239	+4.590	+4.616	+4.584	+4.482	+4.478	+4.437	+4.453	+4.539	+4.628	+4.706	+4.548	+4.546	+4.501	+4.415	+4.374	+4.362	+4.393	+4.350	+4.370	+4.285	+4.375	+4.374	+4.353	+4.341	+4.278	+4.101	+4.077	+4.135	+4.113	+4.102	+4.087	+4.104	+4.048	+3.902	+3.855	+3.935	+3.940	+3.939	+3.942	+3.941	+3.824	+3.941	+3.943	+3.937	+3.943	+3.950	+3.938	+3.811	+3.812	+3.818	+3.854	+3.937	+3.906	+3.944	+4.014	+3.947	+3.945	+3.945	+3.948	+3.949	+3.949	+3.949	+3.950	+3.951	+4.077	+3.946	+4.067	+3.968	+3.972	+3.978	+4.045	+3.854	+3.978	+3.833	+3.973	+4.118	+3.825	+3.824	+3.891	+4.039	+3.826	+3.836	+4.127	+3.943	+4.031	+4.193	+3.887	+4.019	+3.886	+3.886	+3.886	+3.885	+3.885	+3.937	+3.937	+3.938	+4.067	+3.937	+3.939	+3.940	+3.940	+3.940	+4.040	+3.917	+3.918	+3.918	+4.026	+3.886	+4.038	+3.938	+3.887	+3.884	+4.020	+4.032	+3.828	+4.039	+4.038	+4.020	+4.017	+4.016	+4.017	+4.018	
rs56302847     +5.390	+5.077	+5.210	+5.271	+5.322	+5.817	+5.900	+6.984	+5.704	+6.811	+7.286	+6.941	+6.940	+6.941	+6.880	+6.933	+6.951	+6.949	+5.702	+6.584	+7.175	+6.641	+5.677	+5.612	+6.620	+6.842	+7.227	+7.227	+7.227	+6.636	+6.636	+5.648	+5.647	+5.594	+5.594	+6.609	+6.610	+6.887	+6.609	+5.643	+6.886	+5.635	+6.885	+6.769	+6.769	+6.884	+5.618	+5.619	+5.573	+7.812	+5.568	+6.869	+7.048	+6.990	+6.781	+6.910	+5.790	+6.814	+5.738	+5.780	+6.955	+7.048	+7.045	+7.042	+7.040	+7.026	+6.436	+5.792	+5.957	+7.096	+7.287	+6.006	+5.786	+5.740	+7.480	+7.526	+6.581	+7.270	+7.300	+7.257	+7.100	+7.094	+7.031	+7.058	+7.201	+7.312	+7.417	+7.189	+7.186	+7.149	+7.005	+6.927	+6.909	+6.957	+6.881	+6.905	+6.768	+6.925	+6.922	+6.888	+6.863	+6.740	+6.368	+6.281	+6.441	+6.369	+6.302	+6.255	+6.313	+6.059	+5.120	+5.159	+5.169	+5.104	+5.084	+5.095	+5.078	+5.056	+5.066	+5.074	+5.122	+5.084	+5.066	+5.144	+4.968	+4.968	+4.938	+4.978	+5.107	+5.150	+5.075	+5.196	+5.069	+5.073	+5.072	+5.068	+5.066	+5.066	+5.065	+5.065	+5.064	+5.275	+5.069	+5.268	+5.048	+5.045	+5.041	+5.227	+4.923	+5.040	+4.928	+5.042	+5.264	+4.935	+4.933	+5.016	+5.199	+4.932	+4.924	+5.121	+5.064	+5.188	+5.108	+5.008	+5.162	+5.011	+5.011	+5.012	+5.023	+5.009	+5.073	+5.073	+5.060	+5.258	+5.073	+5.060	+5.059	+5.059	+5.059	+5.202	+5.087	+5.093	+5.083	+5.174	+5.023	+5.198	+5.082	+5.026	+5.018	+5.157	+5.186	+4.929	+5.197	+5.196	+5.159	+5.151	+5.149	+5.151	+5.159	
rs61646172     +4.953	+4.589	+4.722	+4.765	+5.275	+6.970	+7.042	+7.639	+6.811	+5.121	+7.956	+7.648	+7.647	+7.648	+7.573	+7.587	+7.597	+7.603	+6.825	+7.077	+7.752	+7.206	+6.779	+6.675	+7.123	+5.168	+7.874	+7.874	+7.874	+7.198	+7.198	+6.749	+6.747	+6.642	+6.643	+7.107	+7.108	+7.474	+7.107	+6.720	+7.472	+6.711	+7.470	+7.326	+7.326	+7.467	+6.680	+6.678	+6.609	+8.693	+6.598	+7.451	+7.604	+7.535	+7.274	+7.440	+6.955	+7.314	+6.752	+6.947	+7.496	+7.599	+7.595	+7.591	+7.589	+7.573	+4.889	+6.187	+5.632	+7.702	+7.865	+5.694	+6.181	+6.078	+8.088	+8.221	+4.921	+7.891	+7.925	+7.876	+7.713	+7.705	+7.629	+7.661	+7.776	+7.890	+8.013	+7.824	+7.821	+7.683	+7.502	+7.398	+7.379	+7.434	+7.340	+7.448	+7.197	+7.392	+7.389	+7.343	+7.315	+7.167	+6.736	+6.624	+6.885	+6.793	+6.724	+6.648	+6.736	+6.345	+4.645	+4.461	+4.687	+4.558	+4.531	+4.543	+4.515	+4.393	+4.490	+4.505	+4.583	+4.522	+4.486	+4.616	+4.283	+4.283	+4.325	+4.292	+4.546	+4.504	+4.491	+4.428	+4.480	+4.486	+4.485	+4.476	+4.473	+4.473	+4.472	+4.470	+4.468	+4.452	+4.477	+4.455	+4.431	+4.423	+4.414	+4.444	+4.223	+4.412	+4.229	+4.417	+4.596	+4.236	+4.234	+4.428	+4.457	+4.233	+4.225	+4.471	+4.470	+4.450	+4.314	+4.425	+4.451	+4.435	+4.435	+4.438	+4.472	+4.430	+4.488	+4.488	+4.465	+4.626	+4.491	+4.463	+4.462	+4.462	+4.462	+4.453	+4.528	+4.537	+4.520	+4.457	+4.479	+4.453	+4.571	+4.484	+4.466	+4.466	+4.454	+4.241	+4.455	+4.455	+4.464	+4.463	+4.464	+4.463	+4.454	
rs918659       +4.383	+4.386	+4.381	+4.379	+5.167	+7.384	+7.463	+4.760	+7.286	+7.956	+4.920	+4.744	+4.744	+4.744	+4.737	+4.676	+4.678	+4.680	+7.273	+4.560	+4.736	+4.605	+6.701	+6.600	+4.573	+7.979	+4.829	+4.829	+4.829	+4.602	+4.602	+7.186	+7.183	+6.562	+6.562	+4.568	+4.568	+4.729	+4.568	+6.633	+4.728	+6.633	+4.727	+4.666	+4.667	+4.725	+6.602	+6.627	+6.528	+5.605	+6.517	+4.713	+4.673	+4.646	+4.578	+4.617	+6.805	+4.587	+6.933	+6.773	+4.631	+4.667	+4.665	+4.664	+4.663	+4.656	+7.395	+6.504	+4.530	+4.708	+4.796	+4.550	+6.506	+6.359	+4.905	+4.963	+7.538	+4.788	+4.809	+4.784	+4.708	+4.705	+4.677	+4.688	+4.740	+4.815	+4.881	+4.747	+4.745	+4.713	+4.648	+4.615	+4.607	+4.630	+4.598	+4.615	+4.551	+4.617	+4.616	+4.601	+4.591	+4.546	+4.445	+4.439	+4.478	+4.473	+4.502	+4.477	+4.500	+4.485	+4.277	+4.227	+4.298	+4.327	+4.328	+4.330	+4.330	+4.201	+4.331	+4.333	+4.319	+4.332	+4.342	+4.317	+4.190	+4.191	+4.197	+4.242	+4.323	+4.275	+4.334	+4.398	+4.338	+4.335	+4.336	+4.339	+4.340	+4.340	+4.341	+4.342	+4.343	+4.466	+4.337	+4.454	+4.363	+4.369	+4.375	+4.431	+4.241	+4.376	+4.217	+4.370	+4.503	+4.208	+4.207	+4.271	+4.423	+4.209	+4.220	+4.512	+4.333	+4.415	+4.610	+4.269	+4.402	+4.268	+4.268	+4.267	+4.264	+4.266	+4.325	+4.325	+4.328	+4.447	+4.326	+4.329	+4.330	+4.330	+4.330	+4.425	+4.298	+4.298	+4.299	+4.409	+4.262	+4.423	+4.307	+4.263	+4.262	+4.402	+4.416	+4.211	+4.423	+4.422	+4.402	+4.399	+4.397	+4.399	+4.401	
rs2113137      +4.003	+4.001	+3.975	+3.977	+4.879	+7.152	+7.233	+4.483	+6.941	+7.648	+4.744	+4.503	+4.522	+4.523	+4.473	+4.388	+4.389	+4.393	+6.925	+4.250	+4.493	+4.290	+6.378	+6.275	+4.269	+7.666	+4.639	+4.639	+4.639	+4.286	+4.286	+6.837	+6.834	+6.236	+6.236	+4.263	+4.263	+4.474	+4.263	+6.309	+4.473	+6.307	+4.471	+4.395	+4.395	+4.469	+6.275	+6.299	+6.201	+5.522	+6.189	+4.453	+4.403	+4.364	+4.252	+4.318	+6.570	+4.271	+6.683	+6.539	+4.339	+4.396	+4.393	+4.391	+4.390	+4.381	+7.069	+6.241	+4.191	+4.449	+4.558	+4.217	+6.239	+6.003	+4.691	+4.804	+7.212	+4.561	+4.587	+4.554	+4.453	+4.449	+4.407	+4.424	+4.491	+4.577	+4.655	+4.508	+4.505	+4.451	+4.366	+4.325	+4.314	+4.343	+4.302	+4.325	+4.240	+4.327	+4.326	+4.306	+4.294	+4.233	+4.070	+4.050	+4.106	+4.087	+4.086	+4.068	+4.087	+4.040	+3.876	+3.830	+3.916	+3.907	+3.906	+3.908	+3.907	+3.798	+3.906	+3.908	+3.910	+3.908	+3.913	+3.913	+3.783	+3.784	+3.790	+3.822	+3.905	+3.883	+3.908	+3.985	+3.910	+3.909	+3.909	+3.911	+3.911	+3.911	+3.912	+3.912	+3.913	+4.047	+3.909	+4.037	+3.926	+3.930	+3.934	+4.016	+3.825	+3.935	+3.805	+3.930	+4.091	+3.797	+3.796	+3.864	+4.011	+3.798	+3.807	+4.089	+3.906	+4.002	+4.136	+3.857	+3.991	+3.857	+3.857	+3.858	+3.859	+3.856	+3.902	+3.902	+3.902	+4.037	+3.897	+3.903	+3.904	+3.904	+3.904	+4.012	+3.890	+3.891	+3.890	+3.999	+3.863	+4.010	+3.923	+3.864	+3.860	+3.993	+4.004	+3.799	+4.010	+4.010	+3.993	+3.990	+3.989	+3.990	+3.991	
rs2113138      +4.002	+4.000	+3.974	+3.976	+4.878	+7.151	+7.232	+4.482	+6.940	+7.647	+4.744	+4.522	+4.502	+4.522	+4.472	+4.388	+4.389	+4.392	+6.924	+4.249	+4.493	+4.289	+6.377	+6.274	+4.268	+7.665	+4.638	+4.638	+4.638	+4.285	+4.285	+6.836	+6.834	+6.235	+6.236	+4.262	+4.262	+4.473	+4.262	+6.308	+4.472	+6.306	+4.470	+4.395	+4.395	+4.468	+6.274	+6.298	+6.200	+5.522	+6.188	+4.452	+4.402	+4.363	+4.251	+4.317	+6.570	+4.270	+6.682	+6.538	+4.340	+4.395	+4.392	+4.390	+4.389	+4.380	+7.068	+6.240	+4.190	+4.448	+4.557	+4.215	+6.238	+6.002	+4.690	+4.803	+7.211	+4.560	+4.586	+4.554	+4.452	+4.448	+4.407	+4.423	+4.490	+4.577	+4.655	+4.507	+4.504	+4.450	+4.365	+4.324	+4.313	+4.342	+4.301	+4.324	+4.239	+4.326	+4.325	+4.305	+4.293	+4.232	+4.069	+4.048	+4.105	+4.086	+4.085	+4.067	+4.086	+4.039	+3.875	+3.829	+3.915	+3.906	+3.904	+3.907	+3.905	+3.796	+3.905	+3.907	+3.909	+3.907	+3.912	+3.911	+3.782	+3.783	+3.789	+3.821	+3.904	+3.882	+3.907	+3.984	+3.909	+3.907	+3.908	+3.910	+3.910	+3.910	+3.911	+3.911	+3.911	+4.046	+3.908	+4.036	+3.925	+3.928	+3.933	+4.015	+3.824	+3.933	+3.804	+3.929	+4.089	+3.796	+3.795	+3.863	+4.009	+3.796	+3.806	+4.087	+3.905	+4.001	+4.135	+3.856	+3.990	+3.856	+3.856	+3.856	+3.858	+3.855	+3.900	+3.900	+3.901	+4.036	+3.895	+3.902	+3.902	+3.902	+3.902	+4.011	+3.889	+3.890	+3.888	+3.997	+3.861	+4.009	+3.921	+3.863	+3.859	+3.992	+4.003	+3.798	+4.009	+4.008	+3.992	+3.989	+3.988	+3.989	+3.990	
rs1991024      +4.003	+4.001	+3.975	+3.977	+4.879	+7.152	+7.233	+4.483	+6.941	+7.648	+4.744	+4.523	+4.522	+4.503	+4.473	+4.388	+4.389	+4.393	+6.925	+4.249	+4.493	+4.290	+6.378	+6.274	+4.269	+7.666	+4.639	+4.639	+4.639	+4.286	+4.286	+6.837	+6.834	+6.236	+6.236	+4.263	+4.263	+4.474	+4.263	+6.308	+4.473	+6.307	+4.471	+4.395	+4.395	+4.469	+6.275	+6.299	+6.201	+5.522	+6.189	+4.453	+4.403	+4.363	+4.252	+4.318	+6.570	+4.270	+6.683	+6.539	+4.341	+4.396	+4.393	+4.391	+4.390	+4.381	+7.069	+6.241	+4.191	+4.449	+4.558	+4.216	+6.238	+6.003	+4.691	+4.804	+7.212	+4.561	+4.587	+4.554	+4.453	+4.449	+4.407	+4.424	+4.490	+4.577	+4.655	+4.507	+4.505	+4.451	+4.366	+4.325	+4.314	+4.343	+4.302	+4.325	+4.240	+4.327	+4.326	+4.306	+4.293	+4.233	+4.070	+4.049	+4.106	+4.087	+4.086	+4.068	+4.087	+4.040	+3.876	+3.830	+3.916	+3.907	+3.906	+3.908	+3.907	+3.798	+3.906	+3.908	+3.910	+3.908	+3.913	+3.913	+3.783	+3.784	+3.790	+3.822	+3.905	+3.883	+3.908	+3.985	+3.910	+3.909	+3.909	+3.911	+3.911	+3.911	+3.912	+3.912	+3.913	+4.047	+3.909	+4.037	+3.926	+3.930	+3.934	+4.016	+3.825	+3.935	+3.805	+3.930	+4.091	+3.797	+3.796	+3.864	+4.010	+3.797	+3.807	+4.088	+3.906	+4.002	+4.136	+3.857	+3.991	+3.857	+3.857	+3.857	+3.859	+3.856	+3.902	+3.902	+3.902	+4.037	+3.897	+3.903	+3.903	+3.904	+3.904	+4.012	+3.890	+3.891	+3.889	+3.998	+3.863	+4.010	+3.923	+3.864	+3.860	+3.993	+4.004	+3.799	+4.010	+4.010	+3.993	+3.990	+3.989	+3.990	+3.991	
rs1991025      +3.923	+3.921	+3.890	+3.893	+4.810	+7.091	+7.172	+4.440	+6.880	+7.573	+4.737	+4.473	+4.472	+4.473	+4.414	+4.335	+4.335	+4.340	+6.863	+4.186	+4.446	+4.230	+6.317	+6.213	+4.206	+7.590	+4.626	+4.626	+4.626	+4.226	+4.226	+6.775	+6.772	+6.175	+6.175	+4.199	+4.200	+4.419	+4.199	+6.247	+4.418	+6.246	+4.416	+4.337	+4.337	+4.414	+6.214	+6.237	+6.139	+5.512	+6.127	+4.397	+4.349	+4.307	+4.188	+4.259	+6.509	+4.208	+6.621	+6.478	+4.283	+4.340	+4.338	+4.335	+4.334	+4.325	+6.991	+6.176	+4.101	+4.402	+4.506	+4.126	+6.172	+5.936	+4.644	+4.779	+7.134	+4.515	+4.543	+4.508	+4.404	+4.399	+4.355	+4.373	+4.437	+4.525	+4.605	+4.460	+4.458	+4.394	+4.305	+4.261	+4.250	+4.280	+4.238	+4.265	+4.174	+4.264	+4.262	+4.241	+4.229	+4.166	+3.994	+3.971	+4.031	+4.011	+4.007	+3.988	+4.008	+3.955	+3.791	+3.746	+3.832	+3.823	+3.821	+3.824	+3.823	+3.713	+3.822	+3.824	+3.825	+3.824	+3.829	+3.827	+3.698	+3.699	+3.705	+3.736	+3.821	+3.800	+3.824	+3.899	+3.826	+3.825	+3.825	+3.827	+3.828	+3.828	+3.828	+3.829	+3.829	+3.961	+3.825	+3.951	+3.843	+3.847	+3.852	+3.930	+3.739	+3.852	+3.719	+3.847	+4.010	+3.711	+3.710	+3.779	+3.924	+3.712	+3.721	+4.010	+3.823	+3.917	+4.056	+3.773	+3.906	+3.772	+3.772	+3.772	+3.773	+3.771	+3.818	+3.818	+3.819	+3.957	+3.812	+3.819	+3.820	+3.820	+3.820	+3.926	+3.805	+3.805	+3.804	+3.913	+3.777	+3.924	+3.835	+3.778	+3.774	+3.907	+3.918	+3.714	+3.924	+3.924	+3.908	+3.904	+3.903	+3.904	+3.905	
rs4783290      +3.878	+3.878	+3.781	+3.777	+4.819	+7.149	+7.230	+4.440	+6.933	+7.587	+4.676	+4.388	+4.388	+4.388	+4.335	+4.303	+4.284	+4.321	+6.901	+4.062	+4.400	+4.215	+6.352	+6.246	+4.079	+7.599	+4.564	+4.564	+4.564	+4.211	+4.211	+6.810	+6.807	+6.207	+6.207	+4.073	+4.073	+4.278	+4.073	+6.281	+4.276	+6.279	+4.274	+4.193	+4.193	+4.271	+6.245	+6.271	+6.169	+5.505	+6.156	+4.251	+4.259	+4.215	+4.110	+4.170	+6.544	+4.122	+6.657	+6.514	+4.189	+4.237	+4.234	+4.231	+4.230	+4.219	+6.939	+6.194	+3.962	+4.396	+4.383	+3.985	+6.191	+5.949	+4.531	+4.774	+7.133	+4.526	+4.554	+4.527	+4.408	+4.403	+4.355	+4.375	+4.316	+4.392	+4.476	+4.472	+4.469	+4.253	+4.161	+4.117	+4.106	+4.134	+4.094	+4.267	+4.035	+4.118	+4.117	+4.096	+4.085	+4.026	+3.896	+3.887	+3.978	+3.945	+3.914	+3.901	+3.919	+3.946	+3.674	+3.660	+3.772	+3.719	+3.720	+3.722	+3.721	+3.609	+3.722	+3.724	+3.714	+3.723	+3.732	+3.714	+3.584	+3.585	+3.595	+3.600	+3.715	+3.726	+3.723	+3.783	+3.726	+3.724	+3.724	+3.727	+3.728	+3.728	+3.729	+3.729	+3.730	+3.842	+3.725	+3.834	+3.748	+3.753	+3.759	+3.814	+3.604	+3.759	+3.591	+3.754	+3.863	+3.588	+3.587	+3.668	+3.810	+3.587	+3.592	+4.027	+3.722	+3.802	+4.006	+3.666	+3.792	+3.664	+3.664	+3.664	+3.662	+3.663	+3.715	+3.715	+3.717	+3.977	+3.708	+3.718	+3.719	+3.719	+3.719	+3.811	+3.694	+3.694	+3.694	+3.799	+3.661	+3.809	+3.707	+3.661	+3.659	+3.795	+3.803	+3.589	+3.809	+3.808	+3.795	+3.792	+3.791	+3.792	+3.792	
rs2549141      +3.857	+3.854	+3.767	+3.762	+4.825	+7.167	+7.248	+4.448	+6.951	+7.597	+4.678	+4.389	+4.389	+4.389	+4.335	+4.284	+4.289	+4.290	+6.904	+4.054	+4.386	+4.214	+6.356	+6.249	+4.072	+7.601	+4.563	+4.563	+4.563	+4.209	+4.209	+6.812	+6.809	+6.210	+6.210	+4.065	+4.065	+4.276	+4.065	+6.284	+4.274	+6.281	+4.271	+4.190	+4.190	+4.268	+6.246	+6.272	+6.170	+5.507	+6.156	+4.248	+4.251	+4.206	+4.096	+4.159	+6.545	+4.109	+6.652	+6.515	+4.179	+4.230	+4.227	+4.224	+4.223	+4.212	+6.933	+6.194	+3.940	+4.394	+4.380	+3.962	+6.191	+5.948	+4.530	+4.774	+7.130	+4.526	+4.555	+4.528	+4.407	+4.402	+4.353	+4.373	+4.312	+4.391	+4.476	+4.471	+4.469	+4.251	+4.158	+4.113	+4.101	+4.131	+4.089	+4.266	+4.028	+4.114	+4.113	+4.092	+4.080	+4.020	+3.879	+3.868	+3.971	+3.938	+3.905	+3.892	+3.910	+3.915	+3.658	+3.648	+3.763	+3.699	+3.700	+3.702	+3.701	+3.595	+3.701	+3.703	+3.697	+3.703	+3.710	+3.699	+3.568	+3.570	+3.580	+3.582	+3.696	+3.716	+3.702	+3.767	+3.705	+3.703	+3.703	+3.706	+3.706	+3.706	+3.707	+3.707	+3.708	+3.826	+3.704	+3.817	+3.724	+3.729	+3.734	+3.798	+3.587	+3.735	+3.574	+3.730	+3.844	+3.572	+3.571	+3.651	+3.794	+3.570	+3.574	+4.006	+3.701	+3.786	+3.975	+3.648	+3.776	+3.647	+3.647	+3.647	+3.645	+3.645	+3.695	+3.695	+3.697	+3.958	+3.689	+3.697	+3.698	+3.698	+3.698	+3.795	+3.677	+3.678	+3.677	+3.783	+3.646	+3.793	+3.690	+3.647	+3.644	+3.779	+3.788	+3.572	+3.793	+3.793	+3.779	+3.776	+3.775	+3.776	+3.776	
rs2615133      +3.885	+3.885	+3.788	+3.785	+4.833	+7.164	+7.245	+4.448	+6.949	+7.603	+4.680	+4.393	+4.392	+4.393	+4.340	+4.321	+4.290	+4.310	+6.903	+4.067	+4.405	+4.218	+6.353	+6.248	+4.084	+7.607	+4.565	+4.565	+4.566	+4.213	+4.213	+6.811	+6.808	+6.208	+6.208	+4.077	+4.078	+4.280	+4.077	+6.282	+4.278	+6.279	+4.275	+4.196	+4.196	+4.273	+6.244	+6.270	+6.168	+5.505	+6.154	+4.252	+4.265	+4.222	+4.124	+4.179	+6.541	+4.133	+6.653	+6.511	+4.196	+4.241	+4.238	+4.236	+4.234	+4.223	+6.941	+6.193	+3.967	+4.395	+4.383	+3.990	+6.190	+5.948	+4.532	+4.773	+7.137	+4.525	+4.553	+4.526	+4.407	+4.403	+4.355	+4.374	+4.317	+4.392	+4.476	+4.471	+4.468	+4.254	+4.163	+4.119	+4.108	+4.136	+4.096	+4.267	+4.038	+4.120	+4.118	+4.098	+4.087	+4.029	+3.904	+3.897	+3.981	+3.949	+3.919	+3.905	+3.924	+3.964	+3.681	+3.668	+3.779	+3.726	+3.727	+3.729	+3.729	+3.616	+3.730	+3.731	+3.721	+3.730	+3.739	+3.721	+3.591	+3.592	+3.602	+3.606	+3.723	+3.734	+3.730	+3.790	+3.733	+3.731	+3.732	+3.734	+3.735	+3.735	+3.736	+3.737	+3.737	+3.851	+3.732	+3.842	+3.755	+3.760	+3.766	+3.822	+3.611	+3.767	+3.598	+3.761	+3.871	+3.595	+3.594	+3.675	+3.817	+3.594	+3.598	+4.034	+3.729	+3.809	+4.014	+3.673	+3.799	+3.671	+3.671	+3.671	+3.669	+3.670	+3.722	+3.722	+3.725	+3.986	+3.715	+3.725	+3.726	+3.726	+3.726	+3.818	+3.701	+3.701	+3.702	+3.806	+3.668	+3.816	+3.714	+3.669	+3.667	+3.802	+3.811	+3.596	+3.816	+3.816	+3.802	+3.799	+3.798	+3.799	+3.799	
rs8044562      +5.348	+5.068	+5.218	+5.234	+5.265	+5.821	+5.891	+7.032	+5.702	+6.825	+7.273	+6.925	+6.924	+6.925	+6.863	+6.901	+6.904	+6.903	+5.718	+6.446	+7.011	+6.505	+5.609	+5.546	+6.478	+6.814	+7.067	+7.067	+7.067	+6.499	+6.499	+5.697	+5.696	+5.529	+5.529	+6.466	+6.466	+6.736	+6.466	+5.572	+6.733	+5.567	+6.730	+6.616	+6.616	+6.727	+5.548	+5.547	+5.507	+7.634	+5.500	+6.706	+6.871	+6.813	+6.610	+6.736	+5.749	+6.641	+5.695	+5.746	+6.781	+6.871	+6.868	+6.865	+6.864	+6.851	+6.399	+5.758	+5.843	+6.926	+7.101	+5.889	+5.752	+5.648	+7.291	+7.346	+6.542	+7.098	+7.127	+7.083	+6.935	+6.930	+6.869	+6.895	+7.024	+7.129	+7.230	+7.019	+7.016	+6.969	+6.831	+6.758	+6.742	+6.787	+6.715	+6.749	+6.607	+6.756	+6.754	+6.721	+6.697	+6.579	+6.223	+6.142	+6.303	+6.233	+6.171	+6.126	+6.182	+5.933	+5.136	+5.153	+5.154	+5.094	+5.078	+5.087	+5.074	+5.052	+5.064	+5.070	+5.112	+5.079	+5.065	+5.131	+4.969	+4.970	+4.943	+4.979	+5.098	+5.142	+5.071	+5.217	+5.067	+5.070	+5.069	+5.066	+5.065	+5.065	+5.064	+5.063	+5.063	+5.302	+5.067	+5.294	+5.052	+5.050	+5.048	+5.251	+4.933	+5.047	+4.936	+5.048	+5.276	+4.943	+4.941	+5.021	+5.220	+4.940	+4.933	+5.133	+5.064	+5.209	+5.148	+5.013	+5.180	+5.016	+5.016	+5.016	+5.024	+5.014	+5.071	+5.071	+5.061	+5.272	+5.082	+5.060	+5.060	+5.060	+5.060	+5.224	+5.082	+5.087	+5.078	+5.192	+5.024	+5.219	+5.074	+5.026	+5.020	+5.174	+5.206	+4.938	+5.218	+5.217	+5.175	+5.168	+5.163	+5.167	+5.177	
rs1947715      +3.348	+3.341	+3.268	+3.265	+4.356	+6.699	+6.782	+4.278	+6.584	+7.077	+4.560	+4.250	+4.249	+4.249	+4.186	+4.062	+4.054	+4.067	+6.446	+3.761	+4.216	+3.876	+5.902	+5.794	+3.803	+7.081	+4.432	+4.432	+4.432	+3.868	+3.868	+6.352	+6.349	+5.754	+5.754	+3.788	+3.788	+4.156	+3.788	+5.829	+4.148	+5.826	+4.140	+3.951	+3.951	+4.130	+5.791	+5.810	+5.713	+5.677	+5.699	+4.066	+4.047	+3.980	+3.784	+3.902	+6.092	+3.816	+6.708	+6.067	+3.937	+4.018	+4.013	+4.010	+4.008	+3.992	+6.407	+5.709	+3.484	+4.214	+4.203	+3.510	+5.704	+5.462	+4.387	+4.657	+6.602	+4.353	+4.386	+4.352	+4.222	+4.216	+4.158	+4.181	+4.129	+4.214	+4.315	+4.303	+4.300	+4.036	+3.911	+3.849	+3.834	+3.873	+3.816	+4.044	+3.731	+3.849	+3.847	+3.819	+3.804	+3.719	+3.468	+3.429	+3.660	+3.612	+3.563	+3.543	+3.571	+3.357	+3.162	+3.146	+3.253	+3.222	+3.224	+3.227	+3.227	+3.097	+3.229	+3.230	+3.209	+3.229	+3.243	+3.205	+3.071	+3.072	+3.082	+3.088	+3.215	+3.209	+3.227	+3.268	+3.232	+3.229	+3.229	+3.233	+3.235	+3.235	+3.235	+3.236	+3.237	+3.326	+3.230	+3.318	+3.260	+3.266	+3.274	+3.296	+3.093	+3.275	+3.078	+3.268	+3.362	+3.077	+3.076	+3.159	+3.293	+3.074	+3.078	+3.540	+3.227	+3.285	+3.530	+3.159	+3.275	+3.156	+3.156	+3.156	+3.151	+3.154	+3.218	+3.217	+3.221	+3.488	+3.208	+3.222	+3.223	+3.223	+3.223	+3.295	+3.186	+3.185	+3.187	+3.282	+3.147	+3.292	+3.181	+3.147	+3.147	+3.277	+3.287	+3.076	+3.293	+3.292	+3.277	+3.274	+3.273	+3.274	+3.274	
rs2194283      +4.038	+4.041	+3.974	+3.971	+4.969	+7.275	+7.356	+4.528	+7.175	+7.752	+4.736	+4.493	+4.493	+4.493	+4.446	+4.400	+4.386	+4.405	+7.011	+4.216	+4.501	+4.322	+6.457	+6.353	+4.226	+7.752	+4.628	+4.628	+4.629	+4.317	+4.317	+6.919	+6.916	+6.313	+6.313	+4.222	+4.222	+4.376	+4.222	+6.386	+4.373	+6.383	+4.371	+4.305	+4.305	+4.369	+6.349	+6.375	+6.274	+5.535	+6.260	+4.351	+4.405	+4.388	+4.392	+4.385	+6.643	+4.363	+6.764	+6.613	+4.367	+4.368	+4.366	+4.364	+4.363	+4.355	+7.089	+6.306	+4.109	+4.477	+4.466	+4.128	+6.306	+6.063	+4.598	+4.826	+7.285	+4.599	+4.625	+4.601	+4.490	+4.486	+4.443	+4.460	+4.410	+4.474	+4.549	+4.549	+4.546	+4.354	+4.277	+4.239	+4.230	+4.252	+4.220	+4.367	+4.174	+4.239	+4.237	+4.221	+4.212	+4.168	+4.105	+4.113	+4.118	+4.092	+4.074	+4.060	+4.077	+4.262	+3.864	+3.843	+3.942	+3.926	+3.929	+3.931	+3.931	+3.797	+3.933	+3.935	+3.913	+3.933	+3.946	+3.909	+3.775	+3.776	+3.784	+3.798	+3.921	+3.905	+3.934	+3.978	+3.938	+3.935	+3.936	+3.940	+3.941	+3.941	+3.942	+3.943	+3.944	+4.043	+3.937	+4.033	+3.967	+3.973	+3.981	+4.012	+3.803	+3.982	+3.787	+3.974	+4.057	+3.783	+3.782	+3.864	+4.006	+3.782	+3.788	+4.232	+3.933	+3.998	+4.255	+3.866	+3.987	+3.863	+3.863	+3.863	+3.857	+3.861	+3.924	+3.924	+3.928	+4.175	+3.914	+3.929	+3.930	+3.930	+3.930	+4.007	+3.892	+3.891	+3.893	+3.994	+3.852	+4.005	+3.887	+3.852	+3.852	+3.988	+3.999	+3.784	+4.005	+4.005	+3.988	+3.985	+3.984	+3.985	+3.986	
rs62035176     +3.550	+3.543	+3.534	+3.531	+4.471	+6.752	+6.834	+4.315	+6.641	+7.206	+4.605	+4.290	+4.289	+4.290	+4.230	+4.215	+4.214	+4.218	+6.505	+3.876	+4.322	+4.036	+5.962	+5.857	+3.897	+7.207	+4.486	+4.486	+4.486	+4.042	+4.042	+6.413	+6.410	+5.818	+5.818	+3.889	+3.889	+4.131	+3.889	+5.890	+4.128	+5.888	+4.125	+4.030	+4.030	+4.122	+5.854	+5.872	+5.779	+6.433	+5.765	+4.097	+4.186	+4.135	+3.977	+4.071	+6.148	+4.003	+6.755	+6.122	+4.101	+4.175	+4.171	+4.169	+4.167	+4.155	+6.592	+5.793	+3.761	+4.259	+4.361	+3.787	+5.790	+5.554	+4.530	+4.691	+6.738	+4.389	+4.420	+4.381	+4.262	+4.256	+4.202	+4.223	+4.300	+4.392	+4.482	+4.336	+4.333	+4.237	+4.130	+4.076	+4.062	+4.099	+4.047	+4.097	+3.967	+4.078	+4.076	+4.050	+4.035	+3.957	+3.719	+3.680	+3.773	+3.736	+3.704	+3.686	+3.709	+3.601	+3.429	+3.386	+3.464	+3.482	+3.482	+3.485	+3.485	+3.356	+3.486	+3.488	+3.473	+3.487	+3.499	+3.470	+3.341	+3.343	+3.350	+3.385	+3.477	+3.435	+3.487	+3.543	+3.491	+3.488	+3.489	+3.492	+3.494	+3.494	+3.494	+3.495	+3.496	+3.605	+3.490	+3.596	+3.517	+3.522	+3.529	+3.572	+3.388	+3.530	+3.365	+3.523	+3.660	+3.359	+3.360	+3.423	+3.567	+3.356	+3.365	+3.681	+3.486	+3.559	+3.753	+3.421	+3.547	+3.419	+3.419	+3.419	+3.416	+3.418	+3.478	+3.478	+3.481	+3.623	+3.469	+3.482	+3.482	+3.483	+3.483	+3.569	+3.450	+3.450	+3.451	+3.554	+3.415	+3.567	+3.456	+3.415	+3.414	+3.548	+3.560	+3.359	+3.567	+3.567	+3.548	+3.545	+3.543	+3.545	+3.546	
rs62035177     +4.965	+4.675	+4.861	+4.891	+4.802	+5.798	+5.869	+6.473	+5.677	+6.779	+6.701	+6.378	+6.377	+6.378	+6.317	+6.352	+6.356	+6.353	+5.609	+5.902	+6.457	+5.962	+5.301	+5.271	+5.933	+6.771	+6.513	+6.513	+6.513	+5.954	+5.954	+5.542	+5.540	+5.260	+5.260	+5.921	+5.922	+6.182	+5.921	+5.275	+6.179	+5.283	+6.177	+6.066	+6.066	+6.173	+5.268	+5.234	+5.250	+7.072	+5.251	+6.152	+6.317	+6.261	+6.067	+6.187	+5.415	+6.098	+5.702	+5.390	+6.229	+6.315	+6.312	+6.309	+6.308	+6.295	+6.311	+5.187	+5.387	+6.365	+6.534	+5.430	+5.176	+5.092	+6.718	+6.773	+6.459	+6.531	+6.560	+6.530	+6.376	+6.370	+6.312	+6.337	+6.461	+6.563	+6.660	+6.459	+6.456	+6.409	+6.279	+6.210	+6.195	+6.240	+6.170	+6.201	+6.065	+6.210	+6.208	+6.173	+6.153	+6.040	+5.693	+5.615	+5.765	+5.699	+5.640	+5.598	+5.650	+5.418	+4.717	+4.757	+4.773	+4.690	+4.683	+4.684	+4.679	+4.660	+4.676	+4.676	+4.715	+4.684	+4.671	+4.733	+4.580	+4.581	+4.557	+4.571	+4.692	+4.762	+4.671	+4.809	+4.668	+4.670	+4.669	+4.667	+4.666	+4.666	+4.666	+4.665	+4.665	+4.901	+4.667	+4.882	+4.658	+4.657	+4.656	+4.847	+4.544	+4.656	+4.548	+4.656	+4.875	+4.555	+4.553	+4.629	+4.819	+4.552	+4.545	+4.773	+4.666	+4.810	+4.803	+4.621	+4.792	+4.622	+4.622	+4.622	+4.627	+4.622	+4.672	+4.672	+4.666	+4.867	+4.679	+4.666	+4.666	+4.666	+4.666	+4.824	+4.685	+4.690	+4.682	+4.797	+4.626	+4.820	+4.670	+4.628	+4.624	+4.780	+4.808	+4.550	+4.816	+4.815	+4.779	+4.778	+4.774	+4.778	+4.788	
rs112769317    +4.825	+4.533	+4.718	+4.749	+4.674	+5.739	+5.813	+6.370	+5.612	+6.675	+6.600	+6.275	+6.274	+6.274	+6.213	+6.246	+6.249	+6.248	+5.546	+5.794	+6.353	+5.857	+5.271	+5.150	+5.826	+6.667	+6.412	+6.412	+6.413	+5.849	+5.849	+5.476	+5.473	+5.149	+5.149	+5.814	+5.814	+6.078	+5.813	+5.198	+6.075	+5.195	+6.072	+5.961	+5.961	+6.069	+5.165	+5.141	+5.115	+6.981	+5.116	+6.047	+6.212	+6.154	+5.957	+6.080	+5.378	+5.986	+5.623	+5.342	+6.122	+6.209	+6.206	+6.203	+6.201	+6.189	+6.201	+5.093	+5.250	+6.262	+6.429	+5.294	+5.081	+4.990	+6.613	+6.673	+6.350	+6.427	+6.456	+6.426	+6.271	+6.266	+6.207	+6.232	+6.354	+6.457	+6.555	+6.355	+6.352	+6.300	+6.169	+6.099	+6.083	+6.129	+6.058	+6.093	+5.952	+6.098	+6.096	+6.061	+6.041	+5.927	+5.575	+5.496	+5.651	+5.584	+5.525	+5.481	+5.535	+5.297	+4.577	+4.616	+4.636	+4.546	+4.539	+4.540	+4.535	+4.520	+4.531	+4.532	+4.571	+4.539	+4.526	+4.590	+4.437	+4.438	+4.414	+4.427	+4.548	+4.622	+4.526	+4.661	+4.523	+4.525	+4.525	+4.522	+4.521	+4.521	+4.521	+4.520	+4.520	+4.752	+4.523	+4.733	+4.513	+4.511	+4.510	+4.699	+4.399	+4.510	+4.404	+4.510	+4.732	+4.411	+4.409	+4.483	+4.671	+4.407	+4.400	+4.631	+4.521	+4.662	+4.652	+4.476	+4.644	+4.477	+4.477	+4.477	+4.483	+4.477	+4.527	+4.527	+4.522	+4.725	+4.534	+4.521	+4.521	+4.521	+4.521	+4.676	+4.541	+4.546	+4.538	+4.649	+4.482	+4.672	+4.527	+4.484	+4.479	+4.633	+4.660	+4.405	+4.668	+4.667	+4.632	+4.631	+4.627	+4.631	+4.641	
rs1903618      +3.397	+3.391	+3.321	+3.318	+4.397	+6.734	+6.816	+4.298	+6.620	+7.123	+4.573	+4.269	+4.268	+4.269	+4.206	+4.079	+4.072	+4.084	+6.478	+3.803	+4.226	+3.897	+5.933	+5.826	+3.815	+7.125	+4.445	+4.445	+4.446	+3.890	+3.890	+6.384	+6.381	+5.785	+5.785	+3.816	+3.816	+4.146	+3.816	+5.860	+4.139	+5.857	+4.132	+3.961	+3.961	+4.124	+5.822	+5.842	+5.745	+5.657	+5.730	+4.067	+4.062	+3.998	+3.810	+3.923	+6.122	+3.840	+6.743	+6.097	+3.957	+4.036	+4.031	+4.028	+4.026	+4.011	+6.450	+5.743	+3.532	+4.233	+4.219	+3.557	+5.739	+5.496	+4.401	+4.670	+6.645	+4.372	+4.405	+4.372	+4.242	+4.237	+4.179	+4.202	+4.148	+4.233	+4.332	+4.323	+4.320	+4.059	+3.938	+3.878	+3.863	+3.901	+3.846	+4.070	+3.762	+3.878	+3.876	+3.848	+3.833	+3.751	+3.508	+3.470	+3.694	+3.647	+3.599	+3.580	+3.607	+3.404	+3.213	+3.197	+3.302	+3.276	+3.278	+3.280	+3.281	+3.148	+3.283	+3.284	+3.262	+3.283	+3.298	+3.258	+3.123	+3.124	+3.134	+3.141	+3.268	+3.259	+3.281	+3.320	+3.286	+3.283	+3.283	+3.287	+3.289	+3.289	+3.289	+3.290	+3.291	+3.379	+3.284	+3.371	+3.315	+3.321	+3.329	+3.349	+3.146	+3.330	+3.131	+3.323	+3.413	+3.129	+3.129	+3.211	+3.346	+3.126	+3.130	+3.592	+3.281	+3.338	+3.587	+3.212	+3.327	+3.209	+3.209	+3.209	+3.204	+3.207	+3.271	+3.271	+3.275	+3.540	+3.261	+3.276	+3.277	+3.277	+3.277	+3.347	+3.239	+3.238	+3.240	+3.334	+3.199	+3.345	+3.232	+3.199	+3.199	+3.329	+3.339	+3.128	+3.345	+3.345	+3.329	+3.326	+3.325	+3.326	+3.327	
rs12149059     +4.985	+4.620	+4.754	+4.795	+5.308	+7.001	+7.074	+7.680	+6.842	+5.168	+7.979	+7.666	+7.665	+7.666	+7.590	+7.599	+7.601	+7.607	+6.814	+7.081	+7.752	+7.207	+6.771	+6.667	+7.125	+5.157	+7.869	+7.869	+7.869	+7.197	+7.197	+6.735	+6.732	+6.633	+6.633	+7.108	+7.108	+7.472	+7.108	+6.709	+7.469	+6.699	+7.465	+7.320	+7.320	+7.460	+6.666	+6.663	+6.594	+8.678	+6.581	+7.440	+7.589	+7.519	+7.259	+7.423	+6.930	+7.299	+6.723	+6.922	+7.480	+7.583	+7.579	+7.576	+7.574	+7.558	+4.978	+6.164	+5.660	+7.686	+7.846	+5.722	+6.160	+6.057	+8.068	+8.200	+4.950	+7.872	+7.906	+7.854	+7.697	+7.689	+7.614	+7.646	+7.762	+7.873	+7.995	+7.808	+7.804	+7.667	+7.488	+7.385	+7.368	+7.421	+7.328	+7.437	+7.187	+7.381	+7.378	+7.332	+7.305	+7.158	+6.730	+6.618	+6.877	+6.785	+6.718	+6.642	+6.730	+6.344	+4.690	+4.503	+4.721	+4.593	+4.567	+4.578	+4.551	+4.435	+4.525	+4.541	+4.619	+4.557	+4.522	+4.652	+4.323	+4.323	+4.366	+4.335	+4.583	+4.542	+4.527	+4.464	+4.516	+4.523	+4.521	+4.512	+4.509	+4.509	+4.508	+4.506	+4.504	+4.488	+4.514	+4.491	+4.467	+4.459	+4.450	+4.480	+4.260	+4.448	+4.266	+4.453	+4.637	+4.274	+4.273	+4.463	+4.493	+4.271	+4.262	+4.507	+4.506	+4.485	+4.347	+4.461	+4.486	+4.471	+4.471	+4.474	+4.508	+4.466	+4.525	+4.525	+4.501	+4.667	+4.527	+4.499	+4.499	+4.498	+4.498	+4.489	+4.565	+4.574	+4.556	+4.492	+4.515	+4.489	+4.607	+4.521	+4.502	+4.502	+4.490	+4.279	+4.491	+4.491	+4.499	+4.498	+4.499	+4.498	+4.489	
rs286666       +4.235	+4.234	+4.233	+4.231	+5.084	+7.325	+7.405	+4.630	+7.227	+7.874	+4.829	+4.639	+4.638	+4.639	+4.626	+4.564	+4.563	+4.565	+7.067	+4.432	+4.628	+4.486	+6.513	+6.412	+4.445	+7.869	+4.768	+4.789	+4.789	+4.483	+4.483	+6.978	+6.975	+6.373	+6.373	+4.440	+4.440	+4.607	+4.440	+6.443	+4.605	+6.441	+4.603	+4.540	+4.540	+4.601	+6.408	+6.432	+6.335	+5.562	+6.322	+4.585	+4.554	+4.526	+4.459	+4.497	+6.694	+4.466	+6.818	+6.662	+4.510	+4.545	+4.543	+4.541	+4.540	+4.534	+7.270	+6.385	+4.382	+4.605	+4.673	+4.402	+6.386	+6.151	+4.790	+4.887	+7.412	+4.677	+4.699	+4.672	+4.596	+4.592	+4.563	+4.574	+4.617	+4.692	+4.760	+4.635	+4.633	+4.585	+4.516	+4.482	+4.473	+4.496	+4.463	+4.488	+4.416	+4.483	+4.482	+4.466	+4.456	+4.410	+4.311	+4.306	+4.349	+4.345	+4.384	+4.353	+4.380	+4.363	+4.130	+4.079	+4.150	+4.178	+4.179	+4.181	+4.181	+4.053	+4.182	+4.183	+4.170	+4.183	+4.193	+4.169	+4.043	+4.044	+4.049	+4.094	+4.174	+4.126	+4.185	+4.247	+4.188	+4.186	+4.186	+4.190	+4.191	+4.191	+4.191	+4.192	+4.193	+4.316	+4.187	+4.304	+4.213	+4.218	+4.225	+4.282	+4.095	+4.226	+4.071	+4.219	+4.354	+4.061	+4.060	+4.123	+4.274	+4.063	+4.074	+4.359	+4.184	+4.266	+4.460	+4.121	+4.253	+4.119	+4.119	+4.119	+4.116	+4.117	+4.176	+4.176	+4.179	+4.298	+4.168	+4.180	+4.180	+4.180	+4.181	+4.276	+4.150	+4.150	+4.151	+4.260	+4.114	+4.274	+4.159	+4.115	+4.114	+4.253	+4.267	+4.065	+4.274	+4.273	+4.253	+4.250	+4.248	+4.250	+4.252	
rs286667       +4.236	+4.234	+4.233	+4.231	+5.084	+7.325	+7.405	+4.630	+7.227	+7.874	+4.829	+4.639	+4.638	+4.639	+4.626	+4.564	+4.563	+4.565	+7.067	+4.432	+4.628	+4.486	+6.513	+6.412	+4.445	+7.869	+4.789	+4.768	+4.789	+4.483	+4.483	+6.978	+6.975	+6.373	+6.373	+4.440	+4.440	+4.607	+4.440	+6.443	+4.605	+6.441	+4.603	+4.540	+4.540	+4.601	+6.408	+6.432	+6.335	+5.562	+6.322	+4.585	+4.554	+4.526	+4.459	+4.497	+6.694	+4.466	+6.818	+6.662	+4.510	+4.545	+4.543	+4.541	+4.541	+4.534	+7.270	+6.385	+4.382	+4.605	+4.673	+4.402	+6.386	+6.151	+4.790	+4.887	+7.413	+4.677	+4.699	+4.672	+4.596	+4.592	+4.563	+4.574	+4.617	+4.692	+4.760	+4.635	+4.633	+4.585	+4.516	+4.482	+4.473	+4.496	+4.463	+4.488	+4.416	+4.483	+4.482	+4.466	+4.456	+4.410	+4.311	+4.306	+4.349	+4.345	+4.384	+4.353	+4.380	+4.363	+4.130	+4.079	+4.150	+4.178	+4.179	+4.181	+4.181	+4.053	+4.182	+4.183	+4.170	+4.183	+4.193	+4.169	+4.043	+4.044	+4.050	+4.094	+4.174	+4.126	+4.185	+4.248	+4.189	+4.186	+4.187	+4.190	+4.191	+4.191	+4.192	+4.192	+4.193	+4.316	+4.187	+4.305	+4.213	+4.219	+4.225	+4.282	+4.095	+4.226	+4.071	+4.219	+4.354	+4.062	+4.060	+4.123	+4.274	+4.063	+4.074	+4.359	+4.184	+4.266	+4.460	+4.121	+4.253	+4.119	+4.119	+4.119	+4.116	+4.118	+4.176	+4.176	+4.179	+4.299	+4.168	+4.180	+4.180	+4.181	+4.181	+4.276	+4.150	+4.150	+4.151	+4.260	+4.115	+4.274	+4.159	+4.115	+4.114	+4.253	+4.267	+4.065	+4.274	+4.273	+4.253	+4.250	+4.248	+4.250	+4.252	
