## Summary of overall evidence for association with region:
## log10(BF for region) = -0.648851
## p-value for region = NA

## BFs for choosing among multi-SNP models:
## log10(average 1-SNP BF) = -0.567198
## log10(average 2-SNP BF) = -0.880731

## Example posterior probabilities for multi-SNP models, based on default prior: [p(l) propto 0.5^l for l=1,2,...,L]
## posterior probability of 1-SNP = 0.804566
## posterior probability of 2-SNP = 0.195434

## log10(BF) for single SNP and pair of SNPs:
rs12103148     -0.558	-0.820	-0.828	-0.690	-0.802	-0.802	-0.803	-0.803	-0.688	-0.792	-0.792	-0.800	-0.803	-0.803	-0.804	-0.866	-0.783	-0.805	-0.687	-0.752	-0.820	-0.685	-0.812	-0.680	-0.687	-0.687	-0.685	-0.685	-0.685	-0.687	-0.685	-0.692	-0.729	-0.934	-0.935	-0.935	-0.939	-0.943	-0.944	-0.902	-0.977	-0.987	-0.981	-0.984	-0.998	-0.926	-0.918	-0.948	-1.015	-0.941	-0.987	-0.951	-0.990	-1.031	-1.032	-0.935	-0.978	-0.977	-1.046	-0.766	-1.031	-1.035	-0.985	-0.986	-1.038	-1.008	-0.965	-1.023	-1.023	-0.969	-1.022	-1.010	-1.005	-1.022	-1.022	-0.960	-0.870	-0.932	-0.959	-0.964	-0.942	-0.959	-0.958	-0.958	-0.958	-0.958	-0.958	-1.012	-0.951	-1.020	-1.025	-0.948	-0.978	-0.948	-1.009	-0.945	-1.025	-0.961	-0.964	-0.971	-1.020	-0.978	-0.977	-1.008	-1.011	-0.975	-0.975	-0.974	-0.970	-1.028	-0.989	-0.980	-1.033	-0.981	-0.979	-0.981	-0.981	-1.045	-0.980	-0.979	-0.980	-0.977	-0.977	-0.978	-0.978	-0.980	-0.979	-0.979	-0.938	-1.040	-0.876	-0.869	-1.048	-0.980	-0.982	-0.979	-1.035	-1.028	-1.025	-1.018	-1.019	-0.944	-0.973	-0.942	
rs2967846      -0.820	-0.565	-0.703	-0.823	-0.702	-0.702	-0.703	-0.704	-0.823	-0.694	-0.694	-0.708	-0.710	-0.710	-0.706	-0.837	-0.700	-0.711	-0.823	-0.803	-0.730	-0.823	-0.718	-0.823	-0.824	-0.824	-0.823	-0.823	-0.823	-0.824	-0.823	-0.824	-0.821	-0.939	-0.941	-0.941	-0.946	-0.948	-0.948	-0.899	-0.985	-0.994	-0.989	-0.992	-1.006	-0.934	-0.926	-0.956	-1.021	-0.950	-0.992	-0.958	-0.996	-1.039	-1.039	-0.939	-0.983	-0.982	-1.053	-0.770	-1.038	-1.042	-0.991	-0.991	-1.045	-1.016	-0.970	-1.031	-1.031	-0.974	-1.029	-1.018	-1.012	-1.029	-1.029	-0.965	-0.875	-0.937	-0.964	-0.969	-0.946	-0.964	-0.963	-0.963	-0.963	-0.963	-0.963	-1.020	-0.956	-1.027	-1.032	-0.953	-0.983	-0.952	-1.016	-0.950	-1.032	-0.966	-0.968	-0.975	-1.027	-0.983	-0.982	-1.016	-1.019	-0.980	-0.980	-0.979	-0.975	-1.035	-0.995	-0.985	-1.040	-0.987	-0.984	-0.986	-0.986	-1.052	-0.985	-0.984	-0.986	-0.983	-0.982	-0.984	-0.984	-0.986	-0.984	-0.984	-0.942	-1.047	-0.885	-0.878	-1.054	-0.986	-0.987	-0.985	-1.042	-1.035	-1.033	-1.024	-1.026	-0.952	-0.979	-0.950	
rs880763       -0.828	-0.703	-0.578	-0.833	-0.681	-0.681	-0.681	-0.683	-0.834	-0.668	-0.668	-0.689	-0.692	-0.692	-0.685	-0.842	-0.677	-0.685	-0.835	-0.819	-0.722	-0.835	-0.703	-0.835	-0.835	-0.835	-0.835	-0.835	-0.835	-0.835	-0.835	-0.836	-0.841	-0.952	-0.953	-0.953	-0.958	-0.960	-0.960	-0.912	-0.997	-1.006	-1.001	-1.005	-1.018	-0.947	-0.939	-0.968	-1.033	-0.963	-1.005	-0.970	-1.008	-1.051	-1.052	-0.951	-0.996	-0.995	-1.066	-0.782	-1.050	-1.055	-1.003	-1.003	-1.057	-1.028	-0.982	-1.043	-1.043	-0.986	-1.042	-1.030	-1.025	-1.042	-1.042	-0.977	-0.888	-0.950	-0.976	-0.981	-0.959	-0.976	-0.975	-0.975	-0.975	-0.976	-0.975	-1.032	-0.968	-1.040	-1.045	-0.965	-0.996	-0.965	-1.029	-0.962	-1.045	-0.979	-0.981	-0.988	-1.040	-0.995	-0.994	-1.028	-1.031	-0.992	-0.992	-0.992	-0.988	-1.047	-1.007	-0.998	-1.052	-0.999	-0.997	-0.998	-0.999	-1.065	-0.997	-0.996	-0.998	-0.995	-0.995	-0.996	-0.996	-0.998	-0.996	-0.996	-0.955	-1.059	-0.898	-0.891	-1.066	-0.998	-1.000	-0.997	-1.055	-1.048	-1.045	-1.036	-1.039	-0.965	-0.991	-0.963	
rs28675376     -0.690	-0.823	-0.833	-0.570	-0.799	-0.799	-0.799	-0.800	-0.702	-0.786	-0.786	-0.796	-0.800	-0.800	-0.801	-0.871	-0.776	-0.802	-0.703	-0.768	-0.819	-0.703	-0.809	-0.701	-0.704	-0.704	-0.703	-0.703	-0.703	-0.704	-0.703	-0.707	-0.757	-0.946	-0.947	-0.947	-0.951	-0.955	-0.955	-0.913	-0.989	-0.999	-0.993	-0.997	-1.010	-0.938	-0.930	-0.960	-1.027	-0.953	-0.999	-0.963	-1.002	-1.043	-1.044	-0.946	-0.990	-0.989	-1.058	-0.778	-1.043	-1.047	-0.997	-0.997	-1.050	-1.020	-0.976	-1.036	-1.035	-0.981	-1.034	-1.022	-1.017	-1.034	-1.034	-0.972	-0.883	-0.944	-0.971	-0.976	-0.954	-0.971	-0.970	-0.970	-0.970	-0.970	-0.970	-1.024	-0.963	-1.032	-1.037	-0.960	-0.990	-0.960	-1.021	-0.957	-1.037	-0.973	-0.975	-0.982	-1.032	-0.989	-0.988	-1.020	-1.024	-0.986	-0.986	-0.986	-0.982	-1.040	-1.001	-0.992	-1.045	-0.993	-0.991	-0.992	-0.993	-1.057	-0.991	-0.990	-0.992	-0.989	-0.989	-0.990	-0.990	-0.992	-0.990	-0.990	-0.950	-1.052	-0.889	-0.882	-1.059	-0.992	-0.993	-0.991	-1.047	-1.040	-1.038	-1.029	-1.031	-0.956	-0.985	-0.954	
rs891261       -0.802	-0.702	-0.681	-0.799	-0.538	-0.666	-0.667	-0.667	-0.797	-0.669	-0.669	-0.679	-0.673	-0.673	-0.667	-0.816	-0.680	-0.672	-0.796	-0.768	-0.674	-0.795	-0.671	-0.793	-0.796	-0.796	-0.795	-0.795	-0.795	-0.795	-0.795	-0.796	-0.780	-0.913	-0.914	-0.914	-0.920	-0.921	-0.921	-0.870	-0.959	-0.968	-0.962	-0.966	-0.980	-0.908	-0.900	-0.930	-0.995	-0.924	-0.966	-0.932	-0.969	-1.013	-1.013	-0.912	-0.957	-0.956	-1.027	-0.744	-1.012	-1.016	-0.965	-0.965	-1.019	-0.990	-0.943	-1.005	-1.004	-0.948	-1.003	-0.991	-0.986	-1.003	-1.003	-0.939	-0.848	-0.910	-0.938	-0.943	-0.920	-0.938	-0.936	-0.936	-0.936	-0.937	-0.937	-0.993	-0.929	-1.001	-1.006	-0.926	-0.957	-0.926	-0.990	-0.923	-1.006	-0.940	-0.942	-0.949	-1.001	-0.957	-0.956	-0.989	-0.993	-0.954	-0.954	-0.953	-0.949	-1.009	-0.968	-0.959	-1.014	-0.960	-0.958	-0.960	-0.960	-1.026	-0.959	-0.958	-0.959	-0.956	-0.956	-0.958	-0.958	-0.960	-0.958	-0.958	-0.916	-1.021	-0.859	-0.852	-1.028	-0.960	-0.961	-0.959	-1.016	-1.009	-1.006	-0.998	-1.000	-0.926	-0.952	-0.923	
rs2326325      -0.802	-0.702	-0.681	-0.799	-0.666	-0.538	-0.667	-0.667	-0.797	-0.669	-0.669	-0.679	-0.673	-0.673	-0.667	-0.816	-0.680	-0.672	-0.796	-0.768	-0.674	-0.795	-0.671	-0.793	-0.796	-0.796	-0.795	-0.795	-0.795	-0.795	-0.795	-0.796	-0.780	-0.913	-0.914	-0.914	-0.920	-0.921	-0.921	-0.870	-0.959	-0.968	-0.962	-0.966	-0.980	-0.908	-0.900	-0.930	-0.995	-0.924	-0.966	-0.932	-0.970	-1.013	-1.013	-0.913	-0.957	-0.956	-1.027	-0.744	-1.012	-1.016	-0.965	-0.965	-1.019	-0.990	-0.943	-1.005	-1.005	-0.948	-1.003	-0.991	-0.986	-1.003	-1.003	-0.939	-0.848	-0.910	-0.938	-0.943	-0.920	-0.938	-0.936	-0.936	-0.936	-0.937	-0.937	-0.993	-0.929	-1.001	-1.006	-0.926	-0.957	-0.926	-0.990	-0.923	-1.006	-0.940	-0.942	-0.949	-1.001	-0.957	-0.956	-0.989	-0.993	-0.954	-0.954	-0.953	-0.949	-1.009	-0.968	-0.959	-1.014	-0.960	-0.958	-0.960	-0.960	-1.026	-0.959	-0.958	-0.959	-0.956	-0.956	-0.958	-0.958	-0.960	-0.958	-0.958	-0.916	-1.021	-0.859	-0.852	-1.028	-0.960	-0.961	-0.959	-1.016	-1.009	-1.006	-0.998	-1.000	-0.926	-0.952	-0.923	
rs891262       -0.803	-0.703	-0.681	-0.799	-0.667	-0.667	-0.538	-0.667	-0.798	-0.669	-0.669	-0.679	-0.673	-0.673	-0.667	-0.816	-0.680	-0.672	-0.796	-0.769	-0.674	-0.795	-0.671	-0.793	-0.796	-0.796	-0.795	-0.795	-0.795	-0.796	-0.795	-0.796	-0.780	-0.913	-0.914	-0.914	-0.920	-0.921	-0.921	-0.870	-0.959	-0.968	-0.963	-0.966	-0.980	-0.908	-0.900	-0.930	-0.995	-0.924	-0.966	-0.932	-0.970	-1.013	-1.013	-0.913	-0.957	-0.956	-1.027	-0.744	-1.012	-1.016	-0.965	-0.965	-1.019	-0.990	-0.943	-1.005	-1.005	-0.948	-1.003	-0.991	-0.986	-1.003	-1.003	-0.939	-0.848	-0.910	-0.938	-0.943	-0.920	-0.938	-0.937	-0.937	-0.937	-0.937	-0.937	-0.994	-0.929	-1.001	-1.006	-0.926	-0.957	-0.926	-0.990	-0.924	-1.006	-0.940	-0.942	-0.949	-1.001	-0.957	-0.956	-0.989	-0.993	-0.954	-0.954	-0.953	-0.949	-1.009	-0.969	-0.959	-1.014	-0.960	-0.958	-0.960	-0.960	-1.026	-0.959	-0.958	-0.960	-0.957	-0.956	-0.958	-0.958	-0.960	-0.958	-0.958	-0.916	-1.021	-0.859	-0.852	-1.028	-0.960	-0.961	-0.959	-1.016	-1.009	-1.007	-0.998	-1.000	-0.926	-0.952	-0.924	
rs2052905      -0.803	-0.704	-0.683	-0.800	-0.667	-0.667	-0.667	-0.538	-0.798	-0.669	-0.669	-0.680	-0.673	-0.674	-0.668	-0.816	-0.680	-0.673	-0.797	-0.770	-0.675	-0.796	-0.672	-0.794	-0.797	-0.797	-0.796	-0.796	-0.796	-0.796	-0.796	-0.797	-0.781	-0.914	-0.915	-0.915	-0.921	-0.922	-0.922	-0.871	-0.960	-0.969	-0.963	-0.966	-0.980	-0.908	-0.901	-0.930	-0.995	-0.925	-0.967	-0.932	-0.970	-1.013	-1.014	-0.913	-0.958	-0.957	-1.028	-0.744	-1.012	-1.017	-0.966	-0.966	-1.020	-0.991	-0.944	-1.005	-1.005	-0.948	-1.004	-0.992	-0.987	-1.004	-1.004	-0.939	-0.849	-0.911	-0.938	-0.943	-0.921	-0.938	-0.937	-0.937	-0.937	-0.938	-0.937	-0.994	-0.930	-1.002	-1.007	-0.927	-0.958	-0.927	-0.991	-0.924	-1.007	-0.941	-0.943	-0.950	-1.002	-0.957	-0.956	-0.990	-0.993	-0.954	-0.954	-0.954	-0.950	-1.009	-0.969	-0.960	-1.014	-0.961	-0.959	-0.961	-0.961	-1.027	-0.960	-0.958	-0.960	-0.957	-0.957	-0.958	-0.958	-0.960	-0.958	-0.958	-0.917	-1.021	-0.859	-0.852	-1.029	-0.960	-0.962	-0.959	-1.017	-1.010	-1.007	-0.999	-1.001	-0.927	-0.953	-0.924	
rs34003912     -0.688	-0.823	-0.834	-0.702	-0.797	-0.797	-0.798	-0.798	-0.573	-0.784	-0.785	-0.794	-0.798	-0.799	-0.799	-0.872	-0.774	-0.800	-0.707	-0.772	-0.819	-0.707	-0.808	-0.706	-0.707	-0.707	-0.707	-0.707	-0.707	-0.707	-0.707	-0.711	-0.764	-0.949	-0.950	-0.950	-0.954	-0.958	-0.958	-0.916	-0.992	-1.002	-0.996	-1.000	-1.013	-0.941	-0.933	-0.963	-1.029	-0.956	-1.002	-0.966	-1.004	-1.046	-1.047	-0.949	-0.993	-0.992	-1.061	-0.781	-1.046	-1.050	-1.000	-1.000	-1.053	-1.023	-0.979	-1.039	-1.038	-0.983	-1.037	-1.025	-1.020	-1.037	-1.037	-0.975	-0.886	-0.947	-0.974	-0.979	-0.957	-0.974	-0.973	-0.973	-0.973	-0.973	-0.973	-1.027	-0.966	-1.035	-1.040	-0.963	-0.993	-0.963	-1.024	-0.960	-1.040	-0.976	-0.978	-0.985	-1.035	-0.992	-0.991	-1.023	-1.026	-0.989	-0.989	-0.989	-0.985	-1.043	-1.004	-0.995	-1.048	-0.996	-0.994	-0.995	-0.995	-1.060	-0.994	-0.993	-0.995	-0.992	-0.992	-0.993	-0.993	-0.995	-0.993	-0.993	-0.952	-1.055	-0.892	-0.885	-1.062	-0.995	-0.996	-0.994	-1.050	-1.043	-1.040	-1.032	-1.034	-0.959	-0.988	-0.957	
rs2052906      -0.792	-0.694	-0.668	-0.786	-0.669	-0.669	-0.669	-0.669	-0.784	-0.528	-0.656	-0.665	-0.662	-0.662	-0.669	-0.810	-0.683	-0.672	-0.783	-0.755	-0.668	-0.782	-0.668	-0.779	-0.782	-0.782	-0.781	-0.781	-0.781	-0.782	-0.781	-0.782	-0.763	-0.904	-0.905	-0.905	-0.911	-0.912	-0.912	-0.861	-0.950	-0.959	-0.953	-0.957	-0.970	-0.898	-0.891	-0.921	-0.985	-0.915	-0.957	-0.922	-0.960	-1.004	-1.004	-0.903	-0.948	-0.947	-1.018	-0.734	-1.003	-1.007	-0.956	-0.956	-1.010	-0.981	-0.934	-0.996	-0.995	-0.938	-0.994	-0.982	-0.977	-0.994	-0.994	-0.930	-0.839	-0.901	-0.929	-0.934	-0.911	-0.929	-0.927	-0.927	-0.927	-0.928	-0.927	-0.984	-0.920	-0.992	-0.997	-0.917	-0.948	-0.917	-0.981	-0.914	-0.997	-0.931	-0.933	-0.940	-0.992	-0.947	-0.946	-0.980	-0.983	-0.945	-0.944	-0.944	-0.940	-1.000	-0.959	-0.950	-1.005	-0.951	-0.949	-0.951	-0.951	-1.017	-0.950	-0.949	-0.950	-0.947	-0.947	-0.948	-0.948	-0.950	-0.949	-0.949	-0.907	-1.012	-0.850	-0.843	-1.019	-0.951	-0.952	-0.950	-1.007	-1.000	-0.997	-0.989	-0.991	-0.917	-0.943	-0.914	
rs2052907      -0.792	-0.694	-0.668	-0.786	-0.669	-0.669	-0.669	-0.669	-0.785	-0.656	-0.528	-0.665	-0.663	-0.662	-0.669	-0.810	-0.683	-0.672	-0.783	-0.755	-0.668	-0.782	-0.669	-0.779	-0.782	-0.782	-0.781	-0.781	-0.781	-0.782	-0.781	-0.783	-0.763	-0.904	-0.905	-0.905	-0.911	-0.912	-0.912	-0.861	-0.950	-0.959	-0.953	-0.957	-0.971	-0.899	-0.891	-0.921	-0.986	-0.915	-0.957	-0.923	-0.960	-1.004	-1.004	-0.903	-0.948	-0.947	-1.018	-0.735	-1.003	-1.007	-0.956	-0.956	-1.010	-0.981	-0.934	-0.996	-0.995	-0.939	-0.994	-0.982	-0.977	-0.994	-0.994	-0.930	-0.839	-0.901	-0.929	-0.934	-0.911	-0.929	-0.927	-0.927	-0.927	-0.928	-0.928	-0.984	-0.920	-0.992	-0.997	-0.917	-0.948	-0.917	-0.981	-0.914	-0.997	-0.931	-0.933	-0.940	-0.992	-0.948	-0.947	-0.980	-0.984	-0.945	-0.945	-0.944	-0.940	-1.000	-0.959	-0.950	-1.005	-0.951	-0.949	-0.951	-0.951	-1.017	-0.950	-0.949	-0.950	-0.947	-0.947	-0.948	-0.949	-0.951	-0.949	-0.949	-0.907	-1.012	-0.850	-0.843	-1.019	-0.951	-0.952	-0.950	-1.007	-1.000	-0.997	-0.989	-0.991	-0.917	-0.943	-0.914	
rs2326327      -0.800	-0.708	-0.689	-0.796	-0.679	-0.679	-0.679	-0.680	-0.794	-0.665	-0.665	-0.534	-0.675	-0.676	-0.680	-0.815	-0.689	-0.683	-0.793	-0.767	-0.684	-0.792	-0.683	-0.789	-0.792	-0.792	-0.791	-0.791	-0.791	-0.792	-0.791	-0.793	-0.775	-0.909	-0.911	-0.911	-0.916	-0.917	-0.917	-0.866	-0.956	-0.965	-0.959	-0.962	-0.976	-0.904	-0.897	-0.926	-0.991	-0.920	-0.963	-0.928	-0.966	-1.009	-1.010	-0.909	-0.954	-0.953	-1.023	-0.741	-1.008	-1.013	-0.961	-0.962	-1.015	-0.986	-0.940	-1.001	-1.001	-0.944	-0.999	-0.988	-0.982	-0.999	-0.999	-0.935	-0.845	-0.907	-0.934	-0.939	-0.917	-0.934	-0.933	-0.933	-0.933	-0.934	-0.933	-0.990	-0.926	-0.998	-1.003	-0.923	-0.954	-0.923	-0.986	-0.920	-1.003	-0.937	-0.939	-0.946	-0.997	-0.953	-0.952	-0.986	-0.989	-0.950	-0.950	-0.950	-0.946	-1.005	-0.965	-0.956	-1.010	-0.957	-0.955	-0.956	-0.957	-1.023	-0.955	-0.954	-0.956	-0.953	-0.953	-0.954	-0.954	-0.956	-0.954	-0.954	-0.913	-1.017	-0.855	-0.848	-1.025	-0.956	-0.958	-0.955	-1.013	-1.006	-1.003	-0.994	-0.996	-0.922	-0.949	-0.920	
rs2326328      -0.803	-0.710	-0.692	-0.800	-0.673	-0.673	-0.673	-0.673	-0.798	-0.662	-0.663	-0.675	-0.540	-0.669	-0.674	-0.818	-0.683	-0.679	-0.797	-0.772	-0.683	-0.796	-0.679	-0.794	-0.797	-0.796	-0.796	-0.796	-0.795	-0.796	-0.796	-0.797	-0.782	-0.915	-0.916	-0.916	-0.922	-0.923	-0.923	-0.872	-0.961	-0.970	-0.964	-0.968	-0.981	-0.910	-0.902	-0.932	-0.996	-0.926	-0.968	-0.933	-0.971	-1.014	-1.015	-0.914	-0.959	-0.958	-1.029	-0.745	-1.014	-1.018	-0.967	-0.967	-1.021	-0.992	-0.945	-1.007	-1.006	-0.949	-1.005	-0.993	-0.988	-1.005	-1.005	-0.941	-0.850	-0.912	-0.940	-0.944	-0.922	-0.940	-0.938	-0.938	-0.938	-0.939	-0.938	-0.995	-0.931	-1.003	-1.008	-0.928	-0.959	-0.928	-0.992	-0.925	-1.008	-0.942	-0.944	-0.951	-1.003	-0.958	-0.957	-0.991	-0.994	-0.955	-0.955	-0.955	-0.951	-1.011	-0.970	-0.961	-1.016	-0.962	-0.960	-0.962	-0.962	-1.028	-0.961	-0.959	-0.961	-0.958	-0.958	-0.959	-0.959	-0.961	-0.960	-0.960	-0.918	-1.023	-0.861	-0.854	-1.030	-0.962	-0.963	-0.961	-1.018	-1.011	-1.008	-1.000	-1.002	-0.928	-0.954	-0.925	
rs2326329      -0.803	-0.710	-0.692	-0.800	-0.673	-0.673	-0.673	-0.674	-0.799	-0.662	-0.662	-0.676	-0.669	-0.540	-0.674	-0.818	-0.683	-0.679	-0.797	-0.773	-0.683	-0.797	-0.679	-0.794	-0.797	-0.797	-0.796	-0.796	-0.796	-0.797	-0.796	-0.797	-0.782	-0.915	-0.916	-0.916	-0.922	-0.923	-0.923	-0.872	-0.961	-0.970	-0.965	-0.968	-0.982	-0.910	-0.903	-0.932	-0.997	-0.927	-0.968	-0.934	-0.972	-1.015	-1.015	-0.915	-0.959	-0.958	-1.029	-0.746	-1.014	-1.018	-0.967	-0.967	-1.021	-0.992	-0.946	-1.007	-1.007	-0.950	-1.005	-0.994	-0.988	-1.005	-1.005	-0.941	-0.850	-0.912	-0.940	-0.945	-0.922	-0.940	-0.939	-0.939	-0.939	-0.939	-0.939	-0.996	-0.932	-1.004	-1.008	-0.928	-0.959	-0.928	-0.992	-0.926	-1.008	-0.942	-0.944	-0.951	-1.003	-0.959	-0.958	-0.992	-0.995	-0.956	-0.956	-0.955	-0.951	-1.011	-0.971	-0.961	-1.016	-0.963	-0.960	-0.962	-0.962	-1.028	-0.961	-0.960	-0.962	-0.959	-0.958	-0.960	-0.960	-0.962	-0.960	-0.960	-0.918	-1.023	-0.861	-0.854	-1.030	-0.962	-0.963	-0.961	-1.018	-1.011	-1.009	-1.000	-1.002	-0.928	-0.954	-0.926	
rs2326337      -0.804	-0.706	-0.685	-0.801	-0.667	-0.667	-0.667	-0.668	-0.799	-0.669	-0.669	-0.680	-0.674	-0.674	-0.539	-0.817	-0.680	-0.673	-0.798	-0.771	-0.676	-0.797	-0.673	-0.795	-0.798	-0.798	-0.797	-0.797	-0.797	-0.798	-0.797	-0.798	-0.782	-0.915	-0.916	-0.916	-0.922	-0.922	-0.922	-0.872	-0.961	-0.970	-0.964	-0.967	-0.981	-0.909	-0.902	-0.931	-0.996	-0.926	-0.968	-0.933	-0.971	-1.014	-1.015	-0.914	-0.959	-0.958	-1.029	-0.745	-1.013	-1.018	-0.966	-0.967	-1.020	-0.991	-0.945	-1.006	-1.006	-0.949	-1.004	-0.993	-0.988	-1.005	-1.005	-0.940	-0.850	-0.912	-0.939	-0.944	-0.921	-0.939	-0.938	-0.938	-0.938	-0.938	-0.938	-0.995	-0.931	-1.003	-1.008	-0.928	-0.958	-0.928	-0.992	-0.925	-1.008	-0.941	-0.944	-0.951	-1.003	-0.958	-0.957	-0.991	-0.994	-0.955	-0.955	-0.955	-0.951	-1.010	-0.970	-0.961	-1.015	-0.962	-0.960	-0.961	-0.962	-1.028	-0.960	-0.959	-0.961	-0.958	-0.958	-0.959	-0.959	-0.961	-0.959	-0.959	-0.918	-1.022	-0.860	-0.853	-1.030	-0.961	-0.963	-0.960	-1.018	-1.011	-1.008	-0.999	-1.001	-0.927	-0.954	-0.925	
rs16974202     -0.866	-0.837	-0.842	-0.871	-0.816	-0.816	-0.816	-0.816	-0.872	-0.810	-0.810	-0.815	-0.818	-0.818	-0.817	-0.480	-0.807	-0.818	-0.873	-0.868	-0.826	-0.873	-0.821	-0.874	-0.873	-0.873	-0.873	-0.873	-0.873	-0.873	-0.873	-0.873	-0.871	-0.855	-0.857	-0.857	-0.863	-0.862	-0.862	-0.804	-0.907	-0.915	-0.912	-0.915	-0.929	-0.857	-0.851	-0.880	-0.941	-0.874	-0.912	-0.878	-0.916	-0.961	-0.962	-0.857	-0.903	-0.902	-0.975	-0.687	-0.960	-0.965	-0.911	-0.911	-0.967	-0.938	-0.890	-0.954	-0.953	-0.894	-0.952	-0.940	-0.935	-0.952	-0.952	-0.885	-0.798	-0.860	-0.884	-0.889	-0.866	-0.884	-0.883	-0.883	-0.883	-0.883	-0.883	-0.943	-0.875	-0.950	-0.955	-0.872	-0.902	-0.872	-0.940	-0.869	-0.955	-0.886	-0.888	-0.894	-0.950	-0.903	-0.902	-0.939	-0.942	-0.900	-0.900	-0.899	-0.896	-0.958	-0.914	-0.905	-0.963	-0.907	-0.905	-0.906	-0.906	-0.974	-0.905	-0.904	-0.906	-0.903	-0.902	-0.904	-0.904	-0.906	-0.904	-0.904	-0.861	-0.969	-0.810	-0.803	-0.975	-0.906	-0.907	-0.905	-0.965	-0.958	-0.955	-0.944	-0.949	-0.875	-0.899	-0.873	
rs2967847      -0.783	-0.700	-0.677	-0.776	-0.680	-0.680	-0.680	-0.680	-0.774	-0.683	-0.683	-0.689	-0.683	-0.683	-0.680	-0.807	-0.523	-0.682	-0.772	-0.740	-0.679	-0.771	-0.680	-0.768	-0.771	-0.771	-0.770	-0.770	-0.770	-0.771	-0.770	-0.772	-0.750	-0.899	-0.900	-0.900	-0.906	-0.907	-0.907	-0.856	-0.945	-0.954	-0.948	-0.951	-0.965	-0.893	-0.885	-0.915	-0.980	-0.910	-0.952	-0.917	-0.955	-0.998	-0.999	-0.898	-0.943	-0.942	-1.012	-0.729	-0.997	-1.002	-0.950	-0.951	-1.004	-0.976	-0.929	-0.990	-0.990	-0.933	-0.988	-0.977	-0.971	-0.989	-0.988	-0.924	-0.832	-0.895	-0.923	-0.928	-0.905	-0.923	-0.922	-0.922	-0.922	-0.922	-0.922	-0.979	-0.915	-0.987	-0.992	-0.912	-0.942	-0.912	-0.975	-0.909	-0.992	-0.925	-0.928	-0.935	-0.986	-0.942	-0.941	-0.975	-0.978	-0.939	-0.939	-0.939	-0.935	-0.994	-0.954	-0.945	-0.999	-0.946	-0.944	-0.945	-0.946	-1.012	-0.944	-0.943	-0.945	-0.942	-0.942	-0.943	-0.943	-0.945	-0.943	-0.943	-0.901	-1.006	-0.844	-0.837	-1.014	-0.945	-0.947	-0.944	-1.002	-0.995	-0.992	-0.984	-0.985	-0.911	-0.938	-0.909	
rs2914828      -0.805	-0.711	-0.685	-0.802	-0.672	-0.672	-0.672	-0.673	-0.800	-0.672	-0.672	-0.683	-0.679	-0.679	-0.673	-0.818	-0.682	-0.540	-0.799	-0.774	-0.683	-0.798	-0.678	-0.796	-0.799	-0.799	-0.798	-0.798	-0.798	-0.799	-0.798	-0.799	-0.784	-0.916	-0.917	-0.917	-0.923	-0.923	-0.923	-0.873	-0.962	-0.971	-0.965	-0.968	-0.982	-0.910	-0.903	-0.932	-0.997	-0.927	-0.969	-0.934	-0.972	-1.015	-1.016	-0.915	-0.960	-0.959	-1.030	-0.746	-1.014	-1.019	-0.967	-0.968	-1.021	-0.992	-0.946	-1.007	-1.007	-0.950	-1.005	-0.994	-0.989	-1.006	-1.006	-0.941	-0.851	-0.913	-0.940	-0.945	-0.922	-0.940	-0.939	-0.939	-0.939	-0.939	-0.939	-0.996	-0.932	-1.004	-1.009	-0.929	-0.959	-0.929	-0.993	-0.926	-1.009	-0.942	-0.945	-0.952	-1.004	-0.959	-0.958	-0.992	-0.995	-0.956	-0.956	-0.956	-0.952	-1.011	-0.971	-0.962	-1.016	-0.963	-0.961	-0.962	-0.963	-1.029	-0.961	-0.960	-0.962	-0.959	-0.959	-0.960	-0.960	-0.962	-0.960	-0.960	-0.919	-1.023	-0.861	-0.854	-1.031	-0.962	-0.964	-0.961	-1.019	-1.012	-1.009	-1.000	-1.002	-0.928	-0.955	-0.926	
rs111721710    -0.687	-0.823	-0.835	-0.703	-0.796	-0.796	-0.796	-0.797	-0.707	-0.783	-0.783	-0.793	-0.797	-0.797	-0.798	-0.873	-0.772	-0.799	-0.576	-0.775	-0.818	-0.711	-0.807	-0.711	-0.710	-0.710	-0.711	-0.711	-0.711	-0.710	-0.711	-0.714	-0.769	-0.951	-0.952	-0.952	-0.956	-0.961	-0.961	-0.918	-0.995	-1.004	-0.999	-1.002	-1.016	-0.944	-0.936	-0.965	-1.032	-0.959	-1.004	-0.968	-1.007	-1.048	-1.049	-0.951	-0.995	-0.994	-1.063	-0.783	-1.048	-1.052	-1.002	-1.002	-1.055	-1.026	-0.981	-1.041	-1.041	-0.986	-1.039	-1.027	-1.022	-1.039	-1.039	-0.977	-0.888	-0.950	-0.976	-0.981	-0.959	-0.976	-0.975	-0.975	-0.975	-0.975	-0.975	-1.030	-0.968	-1.037	-1.042	-0.965	-0.995	-0.965	-1.026	-0.962	-1.042	-0.978	-0.980	-0.987	-1.037	-0.994	-0.993	-1.026	-1.029	-0.992	-0.991	-0.991	-0.987	-1.045	-1.006	-0.997	-1.050	-0.998	-0.996	-0.998	-0.998	-1.063	-0.997	-0.995	-0.997	-0.994	-0.994	-0.995	-0.995	-0.997	-0.995	-0.996	-0.955	-1.057	-0.894	-0.887	-1.065	-0.997	-0.999	-0.996	-1.053	-1.046	-1.043	-1.035	-1.036	-0.962	-0.990	-0.959	
rs12325428     -0.752	-0.803	-0.819	-0.768	-0.768	-0.768	-0.769	-0.770	-0.772	-0.755	-0.755	-0.767	-0.772	-0.773	-0.771	-0.868	-0.740	-0.774	-0.775	-0.583	-0.796	-0.777	-0.783	-0.780	-0.776	-0.776	-0.777	-0.777	-0.778	-0.776	-0.778	-0.778	-0.819	-0.958	-0.959	-0.959	-0.964	-0.967	-0.967	-0.924	-1.002	-1.011	-1.007	-1.010	-1.024	-0.952	-0.944	-0.974	-1.038	-0.967	-1.010	-0.975	-1.013	-1.055	-1.057	-0.957	-1.001	-1.000	-1.071	-0.787	-1.056	-1.060	-1.009	-1.009	-1.063	-1.033	-0.988	-1.049	-1.048	-0.992	-1.047	-1.035	-1.030	-1.047	-1.047	-0.983	-0.895	-0.957	-0.982	-0.987	-0.965	-0.982	-0.981	-0.981	-0.981	-0.981	-0.981	-1.037	-0.974	-1.045	-1.050	-0.971	-1.001	-0.971	-1.034	-0.968	-1.050	-0.984	-0.986	-0.993	-1.045	-1.001	-1.000	-1.033	-1.037	-0.998	-0.998	-0.997	-0.993	-1.053	-1.012	-1.003	-1.058	-1.004	-1.002	-1.004	-1.004	-1.070	-1.003	-1.002	-1.003	-1.001	-1.000	-1.002	-1.002	-1.004	-1.002	-1.002	-0.960	-1.065	-0.903	-0.896	-1.071	-1.004	-1.005	-1.003	-1.060	-1.053	-1.050	-1.041	-1.044	-0.970	-0.996	-0.968	
rs7196242      -0.820	-0.730	-0.722	-0.819	-0.674	-0.674	-0.674	-0.675	-0.819	-0.668	-0.668	-0.684	-0.683	-0.683	-0.676	-0.826	-0.679	-0.683	-0.818	-0.796	-0.553	-0.817	-0.684	-0.816	-0.818	-0.818	-0.817	-0.817	-0.817	-0.818	-0.817	-0.818	-0.809	-0.928	-0.929	-0.929	-0.935	-0.936	-0.936	-0.886	-0.974	-0.983	-0.977	-0.981	-0.994	-0.923	-0.915	-0.945	-1.009	-0.939	-0.981	-0.946	-0.984	-1.027	-1.028	-0.927	-0.972	-0.971	-1.042	-0.758	-1.026	-1.031	-0.980	-0.980	-1.034	-1.005	-0.958	-1.020	-1.019	-0.962	-1.018	-1.006	-1.001	-1.018	-1.018	-0.954	-0.863	-0.925	-0.952	-0.957	-0.935	-0.953	-0.951	-0.951	-0.951	-0.952	-0.951	-1.008	-0.944	-1.016	-1.021	-0.941	-0.972	-0.941	-1.005	-0.938	-1.021	-0.955	-0.957	-0.964	-1.016	-0.971	-0.970	-1.004	-1.007	-0.968	-0.968	-0.968	-0.964	-1.024	-0.983	-0.974	-1.029	-0.975	-0.973	-0.975	-0.975	-1.041	-0.974	-0.972	-0.974	-0.971	-0.971	-0.972	-0.972	-0.974	-0.972	-0.973	-0.931	-1.036	-0.874	-0.867	-1.043	-0.974	-0.976	-0.974	-1.031	-1.024	-1.021	-1.013	-1.015	-0.941	-0.967	-0.938	
rs12325048     -0.685	-0.823	-0.835	-0.703	-0.795	-0.795	-0.795	-0.796	-0.707	-0.782	-0.782	-0.792	-0.796	-0.797	-0.797	-0.873	-0.771	-0.798	-0.711	-0.777	-0.817	-0.577	-0.806	-0.710	-0.708	-0.708	-0.709	-0.709	-0.709	-0.708	-0.709	-0.712	-0.773	-0.952	-0.953	-0.953	-0.958	-0.962	-0.962	-0.920	-0.996	-1.006	-1.000	-1.004	-1.017	-0.945	-0.937	-0.967	-1.033	-0.960	-1.006	-0.970	-1.008	-1.049	-1.051	-0.953	-0.996	-0.996	-1.065	-0.784	-1.050	-1.054	-1.004	-1.004	-1.057	-1.027	-0.983	-1.043	-1.042	-0.987	-1.041	-1.029	-1.024	-1.041	-1.041	-0.979	-0.890	-0.951	-0.978	-0.983	-0.960	-0.978	-0.976	-0.976	-0.976	-0.977	-0.977	-1.031	-0.970	-1.039	-1.044	-0.967	-0.997	-0.966	-1.028	-0.964	-1.044	-0.980	-0.982	-0.989	-1.039	-0.996	-0.995	-1.027	-1.030	-0.993	-0.993	-0.993	-0.989	-1.047	-1.008	-0.998	-1.052	-1.000	-0.998	-0.999	-0.999	-1.064	-0.998	-0.997	-0.999	-0.996	-0.995	-0.997	-0.997	-0.999	-0.997	-0.997	-0.956	-1.059	-0.896	-0.889	-1.066	-0.999	-1.000	-0.998	-1.054	-1.047	-1.044	-1.036	-1.038	-0.963	-0.992	-0.961	
rs2967848      -0.812	-0.718	-0.703	-0.809	-0.671	-0.671	-0.671	-0.672	-0.808	-0.668	-0.669	-0.683	-0.679	-0.679	-0.673	-0.821	-0.680	-0.678	-0.807	-0.783	-0.684	-0.806	-0.546	-0.804	-0.806	-0.806	-0.806	-0.806	-0.806	-0.806	-0.806	-0.807	-0.794	-0.921	-0.922	-0.922	-0.928	-0.929	-0.929	-0.879	-0.967	-0.976	-0.971	-0.974	-0.988	-0.916	-0.908	-0.938	-1.003	-0.932	-0.974	-0.940	-0.978	-1.021	-1.021	-0.921	-0.965	-0.964	-1.035	-0.752	-1.020	-1.024	-0.973	-0.973	-1.027	-0.998	-0.951	-1.013	-1.013	-0.956	-1.011	-0.999	-0.994	-1.011	-1.011	-0.947	-0.856	-0.918	-0.946	-0.951	-0.928	-0.946	-0.944	-0.944	-0.945	-0.945	-0.945	-1.002	-0.937	-1.009	-1.014	-0.934	-0.965	-0.934	-0.998	-0.932	-1.014	-0.948	-0.950	-0.957	-1.009	-0.965	-0.964	-0.997	-1.001	-0.962	-0.962	-0.961	-0.957	-1.017	-0.976	-0.967	-1.022	-0.968	-0.966	-0.968	-0.968	-1.034	-0.967	-0.966	-0.967	-0.965	-0.964	-0.966	-0.966	-0.968	-0.966	-0.966	-0.924	-1.029	-0.867	-0.860	-1.036	-0.968	-0.969	-0.967	-1.024	-1.017	-1.015	-1.006	-1.008	-0.934	-0.960	-0.932	
rs17597460     -0.680	-0.823	-0.835	-0.701	-0.793	-0.793	-0.793	-0.794	-0.706	-0.779	-0.779	-0.789	-0.794	-0.794	-0.795	-0.874	-0.768	-0.796	-0.711	-0.780	-0.816	-0.710	-0.804	-0.581	-0.709	-0.709	-0.711	-0.711	-0.711	-0.710	-0.711	-0.713	-0.781	-0.956	-0.957	-0.957	-0.961	-0.965	-0.965	-0.923	-0.999	-1.009	-1.004	-1.007	-1.021	-0.949	-0.941	-0.970	-1.036	-0.963	-1.009	-0.973	-1.011	-1.053	-1.054	-0.956	-0.999	-0.999	-1.068	-0.787	-1.053	-1.057	-1.007	-1.007	-1.060	-1.030	-0.986	-1.046	-1.045	-0.990	-1.044	-1.032	-1.027	-1.044	-1.044	-0.982	-0.893	-0.955	-0.981	-0.986	-0.964	-0.981	-0.980	-0.980	-0.980	-0.980	-0.980	-1.034	-0.973	-1.042	-1.047	-0.970	-1.000	-0.970	-1.031	-0.967	-1.047	-0.983	-0.985	-0.992	-1.042	-0.999	-0.998	-1.030	-1.034	-0.996	-0.996	-0.996	-0.992	-1.050	-1.011	-1.001	-1.055	-1.003	-1.001	-1.002	-1.002	-1.067	-1.001	-1.000	-1.002	-0.999	-0.999	-1.000	-1.000	-1.002	-1.000	-1.000	-0.959	-1.062	-0.899	-0.892	-1.069	-1.002	-1.003	-1.001	-1.057	-1.050	-1.048	-1.039	-1.041	-0.967	-0.995	-0.964	
rs28502844     -0.687	-0.824	-0.835	-0.704	-0.796	-0.796	-0.796	-0.797	-0.707	-0.782	-0.782	-0.792	-0.797	-0.797	-0.798	-0.873	-0.771	-0.799	-0.710	-0.776	-0.818	-0.708	-0.806	-0.709	-0.577	-0.708	-0.708	-0.708	-0.709	-0.708	-0.708	-0.712	-0.772	-0.952	-0.953	-0.953	-0.957	-0.962	-0.962	-0.919	-0.996	-1.005	-1.000	-1.003	-1.017	-0.945	-0.937	-0.967	-1.033	-0.960	-1.005	-0.969	-1.008	-1.049	-1.051	-0.952	-0.996	-0.995	-1.064	-0.784	-1.049	-1.054	-1.003	-1.003	-1.056	-1.027	-0.982	-1.042	-1.042	-0.987	-1.040	-1.028	-1.023	-1.040	-1.040	-0.978	-0.889	-0.951	-0.977	-0.982	-0.960	-0.977	-0.976	-0.976	-0.976	-0.976	-0.976	-1.031	-0.969	-1.039	-1.043	-0.966	-0.996	-0.966	-1.027	-0.963	-1.043	-0.979	-0.981	-0.988	-1.038	-0.995	-0.994	-1.027	-1.030	-0.993	-0.992	-0.992	-0.988	-1.046	-1.007	-0.998	-1.051	-0.999	-0.997	-0.999	-0.999	-1.064	-0.998	-0.996	-0.998	-0.995	-0.995	-0.996	-0.996	-0.998	-0.996	-0.997	-0.956	-1.058	-0.895	-0.888	-1.066	-0.998	-1.000	-0.997	-1.054	-1.047	-1.044	-1.036	-1.037	-0.963	-0.991	-0.960	
rs28631258     -0.687	-0.824	-0.835	-0.704	-0.796	-0.796	-0.796	-0.797	-0.707	-0.782	-0.782	-0.792	-0.796	-0.797	-0.798	-0.873	-0.771	-0.799	-0.710	-0.776	-0.818	-0.708	-0.806	-0.709	-0.708	-0.577	-0.709	-0.709	-0.709	-0.708	-0.708	-0.712	-0.772	-0.952	-0.953	-0.953	-0.958	-0.962	-0.962	-0.919	-0.996	-1.005	-1.000	-1.003	-1.017	-0.945	-0.937	-0.967	-1.033	-0.960	-1.005	-0.969	-1.008	-1.049	-1.051	-0.952	-0.996	-0.995	-1.064	-0.784	-1.049	-1.054	-1.003	-1.003	-1.056	-1.027	-0.983	-1.042	-1.042	-0.987	-1.040	-1.028	-1.023	-1.040	-1.040	-0.978	-0.889	-0.951	-0.977	-0.982	-0.960	-0.977	-0.976	-0.976	-0.976	-0.976	-0.976	-1.031	-0.969	-1.039	-1.044	-0.966	-0.996	-0.966	-1.027	-0.963	-1.043	-0.979	-0.981	-0.988	-1.038	-0.995	-0.994	-1.027	-1.030	-0.993	-0.992	-0.992	-0.988	-1.046	-1.007	-0.998	-1.051	-0.999	-0.997	-0.999	-0.999	-1.064	-0.998	-0.996	-0.998	-0.995	-0.995	-0.996	-0.996	-0.998	-0.996	-0.997	-0.956	-1.058	-0.895	-0.888	-1.066	-0.998	-1.000	-0.997	-1.054	-1.047	-1.044	-1.036	-1.037	-0.963	-0.991	-0.960	
rs17825992     -0.685	-0.823	-0.835	-0.703	-0.795	-0.795	-0.795	-0.796	-0.707	-0.781	-0.781	-0.791	-0.796	-0.796	-0.797	-0.873	-0.770	-0.798	-0.711	-0.777	-0.817	-0.709	-0.806	-0.711	-0.708	-0.709	-0.578	-0.709	-0.709	-0.709	-0.710	-0.712	-0.775	-0.953	-0.954	-0.954	-0.959	-0.963	-0.963	-0.921	-0.997	-1.006	-1.001	-1.005	-1.018	-0.946	-0.938	-0.968	-1.034	-0.961	-1.006	-0.970	-1.009	-1.050	-1.052	-0.954	-0.997	-0.996	-1.066	-0.785	-1.050	-1.055	-1.005	-1.005	-1.058	-1.028	-0.984	-1.043	-1.043	-0.988	-1.041	-1.030	-1.025	-1.042	-1.042	-0.979	-0.891	-0.952	-0.979	-0.983	-0.961	-0.979	-0.977	-0.977	-0.977	-0.978	-0.978	-1.032	-0.970	-1.040	-1.045	-0.967	-0.998	-0.967	-1.029	-0.965	-1.045	-0.981	-0.983	-0.990	-1.040	-0.997	-0.996	-1.028	-1.031	-0.994	-0.994	-0.993	-0.990	-1.048	-1.009	-0.999	-1.053	-1.000	-0.998	-1.000	-1.000	-1.065	-0.999	-0.998	-0.999	-0.997	-0.996	-0.998	-0.998	-1.000	-0.998	-0.998	-0.957	-1.060	-0.897	-0.890	-1.067	-1.000	-1.001	-0.999	-1.055	-1.048	-1.045	-1.037	-1.039	-0.964	-0.993	-0.962	
rs57022515     -0.685	-0.823	-0.835	-0.703	-0.795	-0.795	-0.795	-0.796	-0.707	-0.781	-0.781	-0.791	-0.796	-0.796	-0.797	-0.873	-0.770	-0.798	-0.711	-0.777	-0.817	-0.709	-0.806	-0.711	-0.708	-0.709	-0.709	-0.578	-0.709	-0.709	-0.710	-0.712	-0.775	-0.953	-0.954	-0.954	-0.959	-0.963	-0.963	-0.921	-0.997	-1.006	-1.001	-1.005	-1.018	-0.946	-0.938	-0.968	-1.034	-0.961	-1.006	-0.971	-1.009	-1.050	-1.052	-0.954	-0.997	-0.996	-1.066	-0.785	-1.050	-1.055	-1.005	-1.005	-1.058	-1.028	-0.984	-1.043	-1.043	-0.988	-1.042	-1.030	-1.025	-1.042	-1.042	-0.979	-0.891	-0.952	-0.979	-0.983	-0.961	-0.979	-0.977	-0.977	-0.977	-0.978	-0.978	-1.032	-0.971	-1.040	-1.045	-0.968	-0.998	-0.967	-1.029	-0.965	-1.045	-0.981	-0.983	-0.990	-1.040	-0.997	-0.996	-1.028	-1.031	-0.994	-0.994	-0.993	-0.990	-1.048	-1.009	-0.999	-1.053	-1.000	-0.998	-1.000	-1.000	-1.065	-0.999	-0.998	-1.000	-0.997	-0.996	-0.998	-0.998	-1.000	-0.998	-0.998	-0.957	-1.060	-0.897	-0.890	-1.067	-1.000	-1.001	-0.999	-1.055	-1.048	-1.045	-1.037	-1.039	-0.964	-0.993	-0.962	
rs17825998     -0.685	-0.823	-0.835	-0.703	-0.795	-0.795	-0.795	-0.796	-0.707	-0.781	-0.781	-0.791	-0.795	-0.796	-0.797	-0.873	-0.770	-0.798	-0.711	-0.778	-0.817	-0.709	-0.806	-0.711	-0.709	-0.709	-0.709	-0.709	-0.578	-0.709	-0.710	-0.712	-0.775	-0.953	-0.954	-0.954	-0.959	-0.963	-0.963	-0.921	-0.997	-1.006	-1.001	-1.005	-1.018	-0.946	-0.938	-0.968	-1.034	-0.961	-1.007	-0.971	-1.009	-1.050	-1.052	-0.954	-0.997	-0.996	-1.066	-0.785	-1.051	-1.055	-1.005	-1.005	-1.058	-1.028	-0.984	-1.043	-1.043	-0.988	-1.042	-1.030	-1.025	-1.042	-1.042	-0.980	-0.891	-0.952	-0.979	-0.983	-0.961	-0.979	-0.977	-0.977	-0.977	-0.978	-0.978	-1.032	-0.971	-1.040	-1.045	-0.968	-0.998	-0.967	-1.029	-0.965	-1.045	-0.981	-0.983	-0.990	-1.040	-0.997	-0.996	-1.028	-1.031	-0.994	-0.994	-0.993	-0.990	-1.048	-1.009	-0.999	-1.053	-1.001	-0.998	-1.000	-1.000	-1.065	-0.999	-0.998	-1.000	-0.997	-0.996	-0.998	-0.998	-1.000	-0.998	-0.998	-0.957	-1.060	-0.897	-0.890	-1.067	-1.000	-1.001	-0.999	-1.055	-1.048	-1.045	-1.037	-1.039	-0.964	-0.993	-0.962	
rs28520743     -0.687	-0.824	-0.835	-0.704	-0.795	-0.795	-0.796	-0.796	-0.707	-0.782	-0.782	-0.792	-0.796	-0.797	-0.798	-0.873	-0.771	-0.799	-0.710	-0.776	-0.818	-0.708	-0.806	-0.710	-0.708	-0.708	-0.709	-0.709	-0.709	-0.577	-0.709	-0.712	-0.772	-0.952	-0.953	-0.953	-0.958	-0.962	-0.962	-0.920	-0.996	-1.005	-1.000	-1.003	-1.017	-0.945	-0.937	-0.967	-1.033	-0.960	-1.005	-0.969	-1.008	-1.049	-1.051	-0.953	-0.996	-0.995	-1.065	-0.784	-1.049	-1.054	-1.004	-1.004	-1.056	-1.027	-0.983	-1.042	-1.042	-0.987	-1.040	-1.029	-1.024	-1.041	-1.040	-0.978	-0.889	-0.951	-0.977	-0.982	-0.960	-0.977	-0.976	-0.976	-0.976	-0.977	-0.976	-1.031	-0.969	-1.039	-1.044	-0.966	-0.996	-0.966	-1.028	-0.964	-1.044	-0.980	-0.982	-0.989	-1.039	-0.996	-0.995	-1.027	-1.030	-0.993	-0.993	-0.992	-0.989	-1.046	-1.008	-0.998	-1.051	-0.999	-0.997	-0.999	-0.999	-1.064	-0.998	-0.997	-0.998	-0.996	-0.995	-0.997	-0.997	-0.999	-0.997	-0.997	-0.956	-1.058	-0.896	-0.888	-1.066	-0.999	-1.000	-0.998	-1.054	-1.047	-1.044	-1.036	-1.038	-0.963	-0.991	-0.961	
rs12325159     -0.685	-0.823	-0.835	-0.703	-0.795	-0.795	-0.795	-0.796	-0.707	-0.781	-0.781	-0.791	-0.796	-0.796	-0.797	-0.873	-0.770	-0.798	-0.711	-0.778	-0.817	-0.709	-0.806	-0.711	-0.708	-0.708	-0.710	-0.710	-0.710	-0.709	-0.578	-0.712	-0.775	-0.953	-0.954	-0.954	-0.959	-0.963	-0.963	-0.921	-0.997	-1.006	-1.001	-1.005	-1.018	-0.946	-0.938	-0.968	-1.034	-0.961	-1.006	-0.970	-1.009	-1.050	-1.052	-0.954	-0.997	-0.996	-1.066	-0.785	-1.050	-1.055	-1.005	-1.005	-1.058	-1.028	-0.984	-1.043	-1.043	-0.988	-1.041	-1.030	-1.025	-1.042	-1.042	-0.979	-0.891	-0.952	-0.978	-0.983	-0.961	-0.979	-0.977	-0.977	-0.977	-0.978	-0.977	-1.032	-0.970	-1.040	-1.045	-0.967	-0.998	-0.967	-1.029	-0.965	-1.045	-0.981	-0.983	-0.990	-1.040	-0.997	-0.996	-1.028	-1.031	-0.994	-0.994	-0.993	-0.990	-1.048	-1.009	-0.999	-1.053	-1.000	-0.998	-1.000	-1.000	-1.065	-0.999	-0.998	-0.999	-0.997	-0.996	-0.998	-0.998	-1.000	-0.998	-0.998	-0.957	-1.060	-0.897	-0.890	-1.067	-1.000	-1.001	-0.999	-1.055	-1.048	-1.045	-1.037	-1.039	-0.964	-0.993	-0.962	
rs12325555     -0.692	-0.824	-0.836	-0.707	-0.796	-0.796	-0.796	-0.797	-0.711	-0.782	-0.783	-0.793	-0.797	-0.797	-0.798	-0.873	-0.772	-0.799	-0.714	-0.778	-0.818	-0.712	-0.807	-0.713	-0.712	-0.712	-0.712	-0.712	-0.712	-0.712	-0.712	-0.577	-0.773	-0.952	-0.953	-0.953	-0.958	-0.962	-0.962	-0.920	-0.996	-1.006	-1.000	-1.004	-1.017	-0.945	-0.937	-0.967	-1.033	-0.960	-1.006	-0.970	-1.008	-1.049	-1.051	-0.953	-0.996	-0.996	-1.065	-0.784	-1.050	-1.054	-1.004	-1.004	-1.057	-1.027	-0.983	-1.042	-1.042	-0.987	-1.041	-1.029	-1.024	-1.041	-1.041	-0.979	-0.890	-0.951	-0.978	-0.983	-0.960	-0.978	-0.976	-0.976	-0.977	-0.977	-0.977	-1.031	-0.970	-1.039	-1.044	-0.967	-0.997	-0.966	-1.028	-0.964	-1.044	-0.980	-0.982	-0.989	-1.039	-0.996	-0.995	-1.027	-1.030	-0.993	-0.993	-0.993	-0.989	-1.047	-1.008	-0.998	-1.052	-1.000	-0.998	-0.999	-0.999	-1.064	-0.998	-0.997	-0.999	-0.996	-0.995	-0.997	-0.997	-0.999	-0.997	-0.997	-0.956	-1.059	-0.896	-0.889	-1.066	-0.999	-1.000	-0.998	-1.054	-1.047	-1.044	-1.036	-1.038	-0.963	-0.992	-0.961	
rs2288584      -0.729	-0.821	-0.841	-0.757	-0.780	-0.780	-0.780	-0.781	-0.764	-0.763	-0.763	-0.775	-0.782	-0.782	-0.782	-0.871	-0.750	-0.784	-0.769	-0.819	-0.809	-0.773	-0.794	-0.781	-0.772	-0.772	-0.775	-0.775	-0.775	-0.772	-0.775	-0.773	-0.595	-0.969	-0.970	-0.970	-0.975	-0.979	-0.979	-0.936	-1.014	-1.023	-1.019	-1.022	-1.036	-0.964	-0.957	-0.986	-1.050	-0.978	-1.022	-0.986	-1.025	-1.067	-1.069	-0.969	-1.013	-1.012	-1.082	-0.799	-1.067	-1.072	-1.020	-1.020	-1.074	-1.045	-0.999	-1.060	-1.060	-1.004	-1.059	-1.047	-1.042	-1.059	-1.059	-0.995	-0.908	-0.969	-0.994	-0.999	-0.977	-0.994	-0.993	-0.993	-0.993	-0.993	-0.993	-1.049	-0.986	-1.057	-1.062	-0.983	-1.013	-0.983	-1.046	-0.980	-1.062	-0.996	-0.998	-1.005	-1.057	-1.012	-1.011	-1.045	-1.049	-1.009	-1.009	-1.009	-1.005	-1.065	-1.024	-1.015	-1.069	-1.016	-1.014	-1.015	-1.016	-1.082	-1.015	-1.013	-1.015	-1.012	-1.012	-1.013	-1.013	-1.015	-1.013	-1.014	-0.972	-1.076	-0.915	-0.908	-1.083	-1.015	-1.017	-1.014	-1.072	-1.065	-1.062	-1.052	-1.056	-0.982	-1.008	-0.979	
rs2914842      -0.934	-0.939	-0.952	-0.946	-0.913	-0.913	-0.913	-0.914	-0.949	-0.904	-0.904	-0.909	-0.915	-0.915	-0.915	-0.855	-0.899	-0.916	-0.951	-0.958	-0.928	-0.952	-0.921	-0.956	-0.952	-0.952	-0.953	-0.953	-0.953	-0.952	-0.953	-0.952	-0.969	-0.525	-0.662	-0.662	-0.709	-0.702	-0.704	-0.573	-0.948	-0.957	-0.955	-0.959	-0.972	-0.901	-0.894	-0.923	-0.984	-0.915	-0.956	-0.921	-0.959	-1.002	-1.005	-0.902	-0.947	-0.946	-1.018	-0.730	-1.003	-1.008	-0.954	-0.954	-1.010	-0.980	-0.933	-0.996	-0.996	-0.937	-0.994	-0.983	-0.978	-0.995	-0.994	-0.928	-0.845	-0.905	-0.928	-0.933	-0.910	-0.928	-0.926	-0.927	-0.927	-0.927	-0.927	-0.985	-0.920	-0.993	-0.998	-0.917	-0.947	-0.916	-0.982	-0.914	-0.998	-0.930	-0.932	-0.938	-0.993	-0.946	-0.945	-0.982	-0.985	-0.943	-0.943	-0.943	-0.939	-1.000	-0.958	-0.949	-1.005	-0.950	-0.948	-0.950	-0.950	-1.017	-0.949	-0.947	-0.949	-0.946	-0.946	-0.947	-0.947	-0.949	-0.947	-0.948	-0.906	-1.012	-0.852	-0.845	-1.017	-0.949	-0.951	-0.949	-1.008	-1.001	-0.998	-0.986	-0.992	-0.919	-0.942	-0.916	
rs2914843      -0.935	-0.941	-0.953	-0.947	-0.914	-0.914	-0.914	-0.915	-0.950	-0.905	-0.905	-0.911	-0.916	-0.916	-0.916	-0.857	-0.900	-0.917	-0.952	-0.959	-0.929	-0.953	-0.922	-0.957	-0.953	-0.953	-0.954	-0.954	-0.954	-0.953	-0.954	-0.953	-0.970	-0.662	-0.526	-0.652	-0.709	-0.697	-0.699	-0.560	-0.949	-0.959	-0.957	-0.960	-0.973	-0.902	-0.895	-0.924	-0.985	-0.916	-0.957	-0.922	-0.960	-1.003	-1.006	-0.903	-0.948	-0.947	-1.019	-0.732	-1.004	-1.009	-0.955	-0.956	-1.011	-0.982	-0.934	-0.997	-0.997	-0.938	-0.995	-0.984	-0.979	-0.996	-0.996	-0.929	-0.846	-0.906	-0.929	-0.934	-0.911	-0.929	-0.927	-0.927	-0.928	-0.928	-0.928	-0.986	-0.921	-0.994	-0.999	-0.918	-0.948	-0.917	-0.983	-0.915	-0.999	-0.931	-0.933	-0.939	-0.994	-0.947	-0.946	-0.983	-0.986	-0.944	-0.944	-0.944	-0.940	-1.002	-0.959	-0.950	-1.006	-0.951	-0.949	-0.951	-0.951	-1.018	-0.950	-0.948	-0.950	-0.947	-0.947	-0.948	-0.948	-0.950	-0.948	-0.949	-0.907	-1.013	-0.853	-0.846	-1.018	-0.950	-0.952	-0.950	-1.009	-1.002	-0.999	-0.987	-0.993	-0.920	-0.943	-0.917	
rs2914844      -0.935	-0.941	-0.953	-0.947	-0.914	-0.914	-0.914	-0.915	-0.950	-0.905	-0.905	-0.911	-0.916	-0.916	-0.916	-0.857	-0.900	-0.917	-0.952	-0.959	-0.929	-0.953	-0.922	-0.957	-0.953	-0.953	-0.954	-0.954	-0.954	-0.953	-0.954	-0.953	-0.970	-0.662	-0.652	-0.526	-0.708	-0.697	-0.699	-0.560	-0.949	-0.959	-0.957	-0.960	-0.973	-0.902	-0.895	-0.924	-0.985	-0.916	-0.957	-0.922	-0.960	-1.003	-1.006	-0.903	-0.948	-0.947	-1.019	-0.732	-1.004	-1.009	-0.955	-0.956	-1.011	-0.982	-0.934	-0.997	-0.997	-0.938	-0.995	-0.984	-0.979	-0.996	-0.996	-0.929	-0.846	-0.906	-0.929	-0.934	-0.911	-0.929	-0.927	-0.928	-0.928	-0.928	-0.928	-0.986	-0.921	-0.994	-0.999	-0.918	-0.948	-0.917	-0.983	-0.915	-0.999	-0.931	-0.933	-0.939	-0.994	-0.947	-0.946	-0.983	-0.986	-0.944	-0.944	-0.944	-0.940	-1.002	-0.959	-0.950	-1.006	-0.951	-0.949	-0.951	-0.951	-1.018	-0.950	-0.948	-0.950	-0.947	-0.947	-0.948	-0.948	-0.950	-0.949	-0.949	-0.907	-1.013	-0.853	-0.846	-1.018	-0.950	-0.952	-0.950	-1.009	-1.002	-0.999	-0.987	-0.993	-0.920	-0.943	-0.917	
rs2967875      -0.939	-0.946	-0.958	-0.951	-0.920	-0.920	-0.920	-0.921	-0.954	-0.911	-0.911	-0.916	-0.922	-0.922	-0.922	-0.863	-0.906	-0.923	-0.956	-0.964	-0.935	-0.958	-0.928	-0.961	-0.957	-0.958	-0.959	-0.959	-0.959	-0.958	-0.959	-0.958	-0.975	-0.709	-0.709	-0.708	-0.531	-0.645	-0.651	-0.451	-0.954	-0.963	-0.961	-0.965	-0.978	-0.907	-0.900	-0.929	-0.990	-0.921	-0.961	-0.926	-0.965	-1.008	-1.010	-0.908	-0.952	-0.951	-1.024	-0.736	-1.009	-1.013	-0.960	-0.960	-1.016	-0.986	-0.939	-1.002	-1.002	-0.943	-1.000	-0.989	-0.984	-1.000	-1.000	-0.934	-0.850	-0.911	-0.933	-0.938	-0.916	-0.933	-0.932	-0.932	-0.932	-0.932	-0.932	-0.991	-0.925	-0.999	-1.004	-0.922	-0.952	-0.922	-0.988	-0.919	-1.004	-0.935	-0.938	-0.944	-0.999	-0.952	-0.951	-0.988	-0.991	-0.949	-0.949	-0.948	-0.945	-1.006	-0.963	-0.954	-1.011	-0.956	-0.954	-0.955	-0.955	-1.023	-0.954	-0.953	-0.955	-0.952	-0.951	-0.953	-0.953	-0.955	-0.953	-0.953	-0.911	-1.018	-0.858	-0.851	-1.023	-0.955	-0.956	-0.954	-1.013	-1.007	-1.004	-0.991	-0.998	-0.925	-0.948	-0.922	
rs2967874      -0.943	-0.948	-0.960	-0.955	-0.921	-0.921	-0.921	-0.922	-0.958	-0.912	-0.912	-0.917	-0.923	-0.923	-0.922	-0.862	-0.907	-0.923	-0.961	-0.967	-0.936	-0.962	-0.929	-0.965	-0.962	-0.962	-0.963	-0.963	-0.963	-0.962	-0.963	-0.962	-0.979	-0.702	-0.697	-0.697	-0.645	-0.535	-0.671	-0.556	-0.958	-0.967	-0.965	-0.968	-0.981	-0.910	-0.902	-0.931	-0.994	-0.924	-0.966	-0.930	-0.969	-1.011	-1.014	-0.912	-0.956	-0.956	-1.027	-0.741	-1.013	-1.017	-0.964	-0.964	-1.019	-0.990	-0.943	-1.006	-1.005	-0.947	-1.004	-0.992	-0.988	-1.004	-1.004	-0.938	-0.855	-0.915	-0.938	-0.943	-0.920	-0.938	-0.936	-0.936	-0.937	-0.937	-0.937	-0.995	-0.930	-1.003	-1.007	-0.927	-0.957	-0.926	-0.992	-0.924	-1.007	-0.940	-0.942	-0.948	-1.002	-0.956	-0.955	-0.991	-0.994	-0.953	-0.953	-0.953	-0.949	-1.010	-0.968	-0.959	-1.015	-0.960	-0.958	-0.959	-0.960	-1.026	-0.958	-0.957	-0.959	-0.956	-0.956	-0.957	-0.957	-0.959	-0.957	-0.957	-0.915	-1.021	-0.861	-0.854	-1.027	-0.959	-0.960	-0.958	-1.017	-1.010	-1.008	-0.996	-1.001	-0.928	-0.952	-0.925	
