## Summary of overall evidence for association with region:
## log10(BF for region) = -0.263475
## p-value for region = NA

## BFs for choosing among multi-SNP models:
## log10(average 1-SNP BF) = -0.214816
## log10(average 2-SNP BF) = -0.381019

## Example posterior probabilities for multi-SNP models, based on default prior: [p(l) propto 0.5^l for l=1,2,...,L]
## posterior probability of 1-SNP = 0.745707
## posterior probability of 2-SNP = 0.254293

## log10(BF) for single SNP and pair of SNPs:
rs10939503     -0.518	-0.644	-0.767	-0.643	-0.422	-0.440	-0.440	-0.440	-0.440	-0.545	-0.441	-0.441	-0.443	-0.444	-0.445	-0.445	-0.680	-0.680	-0.447	-0.447	-0.447	-0.440	-1.010	-0.912	-0.910	-0.933	-0.997	-1.006	-0.930	-0.812	-0.868	-0.984	-0.943	-0.943	-0.552	-1.016	-0.190	-0.542	-0.548	-0.553	-0.337	-0.435	-0.435	-0.978	-0.969	-0.351	-0.351	-0.338	+0.122	-0.390	-0.402	-0.414	+0.060	+0.202	+0.185	-0.273	-0.175	-0.934	-0.927	-0.147	-0.933	-0.135	-0.182	-0.951	-0.122	-0.796	-0.960	-0.235	-0.830	-0.849	-0.819	-0.202	-0.280	-0.831	-0.946	-1.009	-1.008	-1.008	-1.008	-0.967	-0.632	-0.973	-0.924	-0.956	-0.918	-0.984	-0.990	-1.009	-0.940	-1.003	-1.004	-1.005	-0.932	-0.957	-1.007	-0.939	-1.003	-0.836	-0.994	-1.009	-0.944	-0.860	-1.006	-1.005	-0.947	-0.947	-0.947	-0.860	-1.011	-1.010	-1.012	-0.614	-0.990	-1.002	-0.902	-0.910	-1.004	-1.003	-0.855	-0.941	-0.843	-0.847	-0.847	-0.735	-0.847	-0.601	-0.758	-0.780	-0.759	-0.847	-0.906	-0.811	-0.819	-0.724	-0.821	-0.871	-0.679	-0.962	-0.725	-0.973	-0.952	-0.392	-0.873	-0.873	-0.836	-0.873	-0.846	-0.821	-0.969	-0.824	-0.839	-0.750	-0.917	-0.904	-0.868	-0.872	-0.961	-0.962	-0.915	-0.902	-0.874	-0.915	-0.733	-0.901	-0.827	-0.900	-0.884	-0.933	-0.328	-0.325	-0.793	-0.407	-0.857	-0.635	-0.799	-0.674	-0.806	-0.805	-0.630	-0.803	-0.806	-0.642	-0.876	-0.797	-0.644	-0.654	-0.641	-0.640	-0.673	
rs12641662     -0.644	-0.534	-0.777	-0.642	-0.440	-0.458	-0.458	-0.458	-0.458	-0.540	-0.459	-0.459	-0.461	-0.463	-0.463	-0.463	-0.681	-0.680	-0.465	-0.465	-0.465	-0.458	-1.025	-0.926	-0.924	-0.947	-1.012	-1.021	-0.944	-0.826	-0.882	-0.998	-0.958	-0.958	-0.567	-1.031	-0.206	-0.557	-0.563	-0.568	-0.353	-0.450	-0.450	-0.993	-0.984	-0.366	-0.366	-0.354	+0.106	-0.406	-0.417	-0.429	+0.044	+0.186	+0.169	-0.289	-0.191	-0.949	-0.942	-0.162	-0.948	-0.151	-0.198	-0.966	-0.138	-0.811	-0.975	-0.251	-0.845	-0.863	-0.834	-0.217	-0.296	-0.846	-0.961	-1.024	-1.023	-1.023	-1.023	-0.982	-0.648	-0.988	-0.939	-0.971	-0.933	-0.999	-1.005	-1.024	-0.954	-1.018	-1.019	-1.019	-0.947	-0.971	-1.022	-0.954	-1.017	-0.850	-1.009	-1.023	-0.959	-0.875	-1.021	-1.019	-0.962	-0.962	-0.962	-0.875	-1.026	-1.024	-1.027	-0.630	-1.005	-1.017	-0.917	-0.924	-1.018	-1.018	-0.870	-0.956	-0.858	-0.862	-0.862	-0.750	-0.862	-0.616	-0.773	-0.795	-0.773	-0.862	-0.920	-0.826	-0.834	-0.740	-0.836	-0.886	-0.694	-0.977	-0.740	-0.987	-0.967	-0.407	-0.887	-0.888	-0.851	-0.888	-0.861	-0.836	-0.984	-0.840	-0.854	-0.765	-0.932	-0.920	-0.883	-0.887	-0.976	-0.977	-0.930	-0.917	-0.889	-0.930	-0.748	-0.916	-0.842	-0.915	-0.899	-0.948	-0.342	-0.340	-0.808	-0.422	-0.872	-0.650	-0.814	-0.690	-0.821	-0.821	-0.644	-0.818	-0.821	-0.657	-0.891	-0.812	-0.660	-0.669	-0.656	-0.656	-0.688	
rs7669050      -0.767	-0.777	-0.347	-0.592	-0.395	-0.409	-0.409	-0.409	-0.410	-0.519	-0.410	-0.410	-0.412	-0.413	-0.414	-0.414	-0.619	-0.618	-0.415	-0.415	-0.415	-0.409	-0.846	-0.753	-0.751	-0.774	-0.833	-0.843	-0.771	-0.657	-0.710	-0.820	-0.777	-0.778	-0.386	-0.853	-0.022	-0.376	-0.381	-0.387	-0.166	-0.267	-0.266	-0.816	-0.807	-0.181	-0.180	-0.168	+0.304	-0.220	-0.232	-0.244	+0.240	+0.385	+0.368	-0.105	-0.004	-0.771	-0.763	+0.026	-0.769	+0.041	-0.007	-0.788	+0.057	-0.636	-0.798	-0.060	-0.666	-0.688	-0.654	-0.026	-0.107	-0.666	-0.782	-0.846	-0.846	-0.846	-0.846	-0.804	-0.473	-0.810	-0.762	-0.793	-0.756	-0.821	-0.826	-0.846	-0.773	-0.840	-0.842	-0.842	-0.765	-0.792	-0.844	-0.776	-0.840	-0.675	-0.832	-0.845	-0.781	-0.696	-0.844	-0.842	-0.784	-0.785	-0.785	-0.696	-0.847	-0.846	-0.848	-0.446	-0.828	-0.840	-0.735	-0.743	-0.841	-0.841	-0.690	-0.779	-0.679	-0.683	-0.683	-0.571	-0.683	-0.433	-0.586	-0.609	-0.588	-0.683	-0.742	-0.647	-0.655	-0.561	-0.657	-0.708	-0.510	-0.800	-0.558	-0.810	-0.788	-0.218	-0.709	-0.709	-0.673	-0.709	-0.685	-0.659	-0.806	-0.666	-0.676	-0.584	-0.754	-0.740	-0.703	-0.709	-0.798	-0.799	-0.751	-0.739	-0.711	-0.751	-0.565	-0.738	-0.666	-0.737	-0.720	-0.769	-0.146	-0.144	-0.628	-0.229	-0.693	-0.458	-0.634	-0.509	-0.641	-0.641	-0.454	-0.639	-0.642	-0.466	-0.713	-0.630	-0.469	-0.479	-0.466	-0.465	-0.506	
rs759261       -0.643	-0.642	-0.592	-0.220	-0.347	-0.360	-0.360	-0.360	-0.360	-0.383	-0.361	-0.361	-0.362	-0.363	-0.363	-0.363	-0.435	-0.435	-0.365	-0.365	-0.365	-0.360	-0.720	-0.617	-0.615	-0.640	-0.715	-0.724	-0.637	-0.515	-0.572	-0.703	-0.658	-0.658	-0.256	-0.730	+0.120	-0.243	-0.249	-0.254	-0.031	-0.133	-0.133	-0.687	-0.678	-0.047	-0.046	-0.034	+0.440	-0.086	-0.098	-0.111	+0.377	+0.522	+0.505	+0.032	+0.134	-0.641	-0.639	+0.164	-0.646	+0.177	+0.128	-0.658	+0.192	-0.514	-0.669	+0.075	-0.541	-0.565	-0.529	+0.110	+0.027	-0.542	-0.658	-0.721	-0.721	-0.721	-0.721	-0.680	-0.339	-0.685	-0.639	-0.671	-0.632	-0.697	-0.703	-0.722	-0.652	-0.716	-0.718	-0.718	-0.643	-0.674	-0.720	-0.653	-0.716	-0.548	-0.707	-0.722	-0.658	-0.573	-0.720	-0.718	-0.661	-0.661	-0.661	-0.572	-0.725	-0.723	-0.726	-0.319	-0.703	-0.715	-0.614	-0.621	-0.717	-0.717	-0.567	-0.654	-0.556	-0.560	-0.560	-0.445	-0.559	-0.307	-0.463	-0.485	-0.465	-0.560	-0.619	-0.518	-0.530	-0.436	-0.528	-0.584	-0.382	-0.676	-0.432	-0.687	-0.665	-0.089	-0.585	-0.586	-0.549	-0.590	-0.561	-0.531	-0.682	-0.540	-0.552	-0.459	-0.630	-0.621	-0.584	-0.585	-0.673	-0.674	-0.631	-0.615	-0.587	-0.631	-0.441	-0.615	-0.538	-0.614	-0.601	-0.649	-0.038	-0.035	-0.504	-0.119	-0.569	-0.348	-0.510	-0.385	-0.517	-0.516	-0.342	-0.515	-0.518	-0.355	-0.589	-0.512	-0.358	-0.368	-0.355	-0.354	-0.389	
rs35006360     -0.422	-0.440	-0.395	-0.347	-0.045	-0.133	-0.133	-0.133	-0.133	-0.283	-0.133	-0.133	-0.134	-0.135	-0.136	-0.136	-0.371	-0.371	-0.137	-0.137	-0.137	-0.137	-0.577	-0.449	-0.447	-0.477	-0.580	-0.588	-0.473	-0.331	-0.399	-0.568	-0.518	-0.518	-0.091	-0.590	+0.287	-0.077	-0.083	-0.088	+0.146	+0.040	+0.040	-0.557	-0.548	+0.132	+0.132	+0.145	+0.635	+0.088	+0.077	+0.062	+0.570	+0.721	+0.703	+0.212	+0.320	-0.514	-0.495	+0.351	-0.503	+0.363	+0.311	-0.528	+0.378	-0.359	-0.538	+0.255	-0.401	-0.412	-0.391	+0.292	+0.205	-0.401	-0.517	-0.584	-0.584	-0.584	-0.584	-0.541	-0.203	-0.550	-0.498	-0.529	-0.491	-0.558	-0.562	-0.583	-0.511	-0.578	-0.580	-0.580	-0.503	-0.533	-0.582	-0.513	-0.578	-0.414	-0.570	-0.581	-0.518	-0.429	-0.581	-0.580	-0.521	-0.521	-0.521	-0.428	-0.584	-0.582	-0.585	-0.170	-0.566	-0.577	-0.467	-0.475	-0.579	-0.578	-0.422	-0.518	-0.409	-0.414	-0.414	-0.318	-0.413	-0.156	-0.329	-0.351	-0.324	-0.414	-0.476	-0.399	-0.387	-0.298	-0.409	-0.441	-0.250	-0.540	-0.295	-0.544	-0.518	+0.034	-0.443	-0.443	-0.407	-0.456	-0.421	-0.398	-0.542	-0.414	-0.409	-0.320	-0.488	-0.486	-0.450	-0.442	-0.533	-0.534	-0.497	-0.474	-0.444	-0.496	-0.302	-0.474	-0.404	-0.472	-0.466	-0.514	+0.144	+0.146	-0.369	+0.032	-0.432	-0.212	-0.374	-0.251	-0.381	-0.380	-0.177	-0.379	-0.382	-0.219	-0.447	-0.360	-0.221	-0.231	-0.218	-0.218	-0.233	
rs76369913     -0.440	-0.458	-0.409	-0.360	-0.133	-0.064	-0.142	-0.142	-0.142	-0.295	-0.143	-0.143	-0.144	-0.145	-0.145	-0.146	-0.384	-0.384	-0.147	-0.147	-0.147	-0.145	-0.594	-0.466	-0.464	-0.494	-0.597	-0.604	-0.490	-0.349	-0.416	-0.585	-0.534	-0.534	-0.108	-0.606	+0.269	-0.095	-0.100	-0.106	+0.128	+0.022	+0.022	-0.573	-0.565	+0.113	+0.114	+0.126	+0.616	+0.070	+0.059	+0.044	+0.550	+0.701	+0.683	+0.193	+0.301	-0.530	-0.512	+0.332	-0.519	+0.344	+0.292	-0.545	+0.359	-0.376	-0.555	+0.236	-0.418	-0.429	-0.407	+0.274	+0.187	-0.418	-0.533	-0.600	-0.600	-0.600	-0.600	-0.557	-0.220	-0.567	-0.514	-0.545	-0.508	-0.574	-0.579	-0.600	-0.527	-0.595	-0.596	-0.596	-0.519	-0.550	-0.598	-0.529	-0.594	-0.430	-0.586	-0.597	-0.534	-0.446	-0.598	-0.596	-0.537	-0.538	-0.538	-0.445	-0.600	-0.599	-0.601	-0.187	-0.582	-0.594	-0.483	-0.492	-0.595	-0.595	-0.438	-0.535	-0.426	-0.430	-0.430	-0.335	-0.429	-0.174	-0.345	-0.367	-0.341	-0.431	-0.493	-0.416	-0.404	-0.315	-0.425	-0.458	-0.267	-0.557	-0.312	-0.560	-0.534	+0.017	-0.459	-0.460	-0.423	-0.472	-0.438	-0.415	-0.558	-0.430	-0.426	-0.337	-0.505	-0.503	-0.467	-0.459	-0.550	-0.550	-0.513	-0.490	-0.461	-0.513	-0.319	-0.490	-0.420	-0.489	-0.483	-0.531	+0.126	+0.128	-0.385	+0.015	-0.448	-0.229	-0.390	-0.268	-0.397	-0.397	-0.194	-0.396	-0.398	-0.235	-0.463	-0.377	-0.238	-0.247	-0.235	-0.235	-0.250	
rs146772068    -0.440	-0.458	-0.409	-0.360	-0.133	-0.142	-0.064	-0.142	-0.142	-0.295	-0.143	-0.143	-0.144	-0.145	-0.145	-0.146	-0.384	-0.384	-0.147	-0.147	-0.147	-0.145	-0.594	-0.466	-0.464	-0.494	-0.597	-0.604	-0.490	-0.349	-0.417	-0.585	-0.535	-0.535	-0.108	-0.606	+0.269	-0.095	-0.100	-0.106	+0.127	+0.022	+0.022	-0.573	-0.565	+0.113	+0.114	+0.126	+0.616	+0.070	+0.059	+0.044	+0.550	+0.701	+0.683	+0.193	+0.301	-0.530	-0.512	+0.332	-0.519	+0.344	+0.292	-0.545	+0.358	-0.376	-0.555	+0.236	-0.418	-0.429	-0.408	+0.273	+0.187	-0.418	-0.533	-0.601	-0.600	-0.600	-0.600	-0.557	-0.220	-0.567	-0.514	-0.545	-0.508	-0.574	-0.579	-0.600	-0.527	-0.595	-0.596	-0.596	-0.519	-0.550	-0.599	-0.529	-0.594	-0.431	-0.586	-0.598	-0.534	-0.446	-0.598	-0.596	-0.537	-0.538	-0.538	-0.445	-0.600	-0.599	-0.601	-0.187	-0.582	-0.594	-0.484	-0.492	-0.595	-0.595	-0.438	-0.535	-0.426	-0.430	-0.430	-0.335	-0.430	-0.174	-0.346	-0.367	-0.341	-0.431	-0.493	-0.416	-0.404	-0.315	-0.425	-0.458	-0.267	-0.557	-0.312	-0.561	-0.534	+0.017	-0.459	-0.460	-0.423	-0.472	-0.438	-0.415	-0.558	-0.430	-0.426	-0.337	-0.505	-0.503	-0.467	-0.459	-0.550	-0.550	-0.513	-0.490	-0.461	-0.513	-0.319	-0.490	-0.420	-0.489	-0.483	-0.531	+0.126	+0.128	-0.385	+0.015	-0.448	-0.229	-0.390	-0.268	-0.397	-0.397	-0.194	-0.396	-0.399	-0.236	-0.463	-0.377	-0.238	-0.247	-0.235	-0.235	-0.250	
rs115454243    -0.440	-0.458	-0.409	-0.360	-0.133	-0.142	-0.142	-0.064	-0.142	-0.295	-0.143	-0.143	-0.144	-0.145	-0.145	-0.146	-0.384	-0.384	-0.147	-0.147	-0.147	-0.145	-0.594	-0.466	-0.464	-0.494	-0.597	-0.604	-0.490	-0.349	-0.417	-0.585	-0.535	-0.535	-0.109	-0.607	+0.269	-0.095	-0.100	-0.106	+0.127	+0.022	+0.022	-0.573	-0.565	+0.113	+0.113	+0.126	+0.616	+0.070	+0.059	+0.044	+0.550	+0.701	+0.683	+0.193	+0.301	-0.531	-0.512	+0.332	-0.519	+0.344	+0.292	-0.545	+0.358	-0.376	-0.555	+0.236	-0.418	-0.429	-0.408	+0.273	+0.186	-0.418	-0.533	-0.601	-0.600	-0.600	-0.600	-0.557	-0.220	-0.567	-0.514	-0.545	-0.508	-0.574	-0.579	-0.600	-0.527	-0.595	-0.596	-0.596	-0.519	-0.550	-0.599	-0.530	-0.594	-0.431	-0.586	-0.598	-0.534	-0.446	-0.598	-0.596	-0.537	-0.538	-0.538	-0.445	-0.600	-0.599	-0.601	-0.187	-0.582	-0.594	-0.484	-0.492	-0.595	-0.595	-0.439	-0.535	-0.426	-0.431	-0.431	-0.335	-0.430	-0.174	-0.346	-0.367	-0.341	-0.431	-0.493	-0.416	-0.404	-0.315	-0.425	-0.458	-0.267	-0.557	-0.312	-0.561	-0.534	+0.017	-0.459	-0.460	-0.423	-0.472	-0.438	-0.415	-0.559	-0.430	-0.426	-0.337	-0.505	-0.503	-0.467	-0.459	-0.550	-0.550	-0.513	-0.490	-0.461	-0.513	-0.319	-0.490	-0.420	-0.489	-0.483	-0.531	+0.126	+0.128	-0.386	+0.014	-0.448	-0.229	-0.390	-0.268	-0.397	-0.397	-0.194	-0.396	-0.399	-0.236	-0.464	-0.377	-0.238	-0.247	-0.235	-0.235	-0.250	
rs145792723    -0.440	-0.458	-0.410	-0.360	-0.133	-0.142	-0.142	-0.142	-0.064	-0.295	-0.143	-0.143	-0.144	-0.145	-0.145	-0.146	-0.384	-0.384	-0.147	-0.147	-0.147	-0.145	-0.594	-0.466	-0.465	-0.494	-0.597	-0.604	-0.490	-0.349	-0.417	-0.585	-0.535	-0.535	-0.109	-0.607	+0.268	-0.095	-0.101	-0.107	+0.127	+0.022	+0.022	-0.573	-0.565	+0.113	+0.113	+0.126	+0.616	+0.069	+0.058	+0.044	+0.550	+0.701	+0.683	+0.193	+0.301	-0.531	-0.512	+0.331	-0.519	+0.344	+0.292	-0.545	+0.358	-0.376	-0.555	+0.236	-0.418	-0.429	-0.408	+0.273	+0.186	-0.418	-0.534	-0.601	-0.600	-0.600	-0.600	-0.557	-0.220	-0.567	-0.514	-0.546	-0.508	-0.574	-0.579	-0.600	-0.527	-0.595	-0.596	-0.596	-0.519	-0.550	-0.599	-0.530	-0.594	-0.431	-0.586	-0.598	-0.535	-0.446	-0.598	-0.596	-0.537	-0.538	-0.538	-0.445	-0.600	-0.599	-0.601	-0.188	-0.583	-0.594	-0.484	-0.492	-0.595	-0.595	-0.439	-0.535	-0.426	-0.431	-0.431	-0.335	-0.430	-0.174	-0.346	-0.368	-0.341	-0.431	-0.493	-0.416	-0.404	-0.315	-0.425	-0.458	-0.267	-0.557	-0.312	-0.561	-0.534	+0.017	-0.460	-0.460	-0.423	-0.472	-0.438	-0.415	-0.559	-0.431	-0.426	-0.337	-0.505	-0.503	-0.467	-0.459	-0.550	-0.551	-0.513	-0.490	-0.461	-0.513	-0.319	-0.490	-0.421	-0.489	-0.483	-0.531	+0.126	+0.128	-0.386	+0.014	-0.448	-0.229	-0.391	-0.268	-0.398	-0.397	-0.194	-0.396	-0.399	-0.236	-0.464	-0.377	-0.238	-0.248	-0.235	-0.235	-0.250	
rs12499847     -0.545	-0.540	-0.519	-0.383	-0.283	-0.295	-0.295	-0.295	-0.295	-0.127	-0.296	-0.296	-0.297	-0.298	-0.298	-0.299	-0.409	-0.409	-0.300	-0.300	-0.300	-0.295	-0.633	-0.528	-0.526	-0.551	-0.626	-0.635	-0.547	-0.424	-0.482	-0.613	-0.570	-0.570	-0.163	-0.642	+0.213	-0.151	-0.157	-0.163	+0.063	-0.040	-0.040	-0.602	-0.593	+0.048	+0.048	+0.061	+0.537	+0.007	-0.004	-0.017	+0.474	+0.621	+0.604	+0.127	+0.231	-0.556	-0.549	+0.261	-0.556	+0.275	+0.225	-0.573	+0.290	-0.424	-0.584	+0.172	-0.454	-0.476	-0.442	+0.207	+0.123	-0.454	-0.569	-0.634	-0.634	-0.634	-0.634	-0.592	-0.262	-0.599	-0.551	-0.582	-0.545	-0.610	-0.614	-0.635	-0.561	-0.629	-0.631	-0.631	-0.553	-0.584	-0.633	-0.565	-0.629	-0.465	-0.621	-0.633	-0.570	-0.484	-0.633	-0.631	-0.573	-0.573	-0.573	-0.483	-0.636	-0.634	-0.637	-0.232	-0.617	-0.629	-0.522	-0.530	-0.630	-0.630	-0.477	-0.569	-0.465	-0.470	-0.470	-0.367	-0.469	-0.220	-0.378	-0.400	-0.378	-0.470	-0.530	-0.436	-0.445	-0.350	-0.446	-0.496	-0.295	-0.590	-0.345	-0.595	-0.575	-0.002	-0.497	-0.497	-0.461	-0.507	-0.473	-0.442	-0.593	-0.457	-0.464	-0.371	-0.542	-0.538	-0.502	-0.497	-0.584	-0.585	-0.547	-0.527	-0.499	-0.548	-0.352	-0.527	-0.449	-0.526	-0.518	-0.566	+0.045	+0.048	-0.420	-0.042	-0.483	-0.271	-0.424	-0.302	-0.431	-0.431	-0.257	-0.429	-0.432	-0.278	-0.501	-0.428	-0.280	-0.290	-0.277	-0.276	-0.306	
rs35992433     -0.441	-0.459	-0.410	-0.361	-0.133	-0.143	-0.143	-0.143	-0.143	-0.296	-0.065	-0.143	-0.145	-0.146	-0.146	-0.146	-0.385	-0.384	-0.147	-0.147	-0.148	-0.146	-0.595	-0.467	-0.465	-0.495	-0.598	-0.605	-0.491	-0.350	-0.418	-0.586	-0.536	-0.536	-0.110	-0.607	+0.267	-0.096	-0.102	-0.107	+0.126	+0.021	+0.021	-0.574	-0.566	+0.112	+0.112	+0.125	+0.615	+0.068	+0.057	+0.043	+0.549	+0.700	+0.682	+0.192	+0.300	-0.531	-0.513	+0.330	-0.520	+0.343	+0.291	-0.546	+0.357	-0.377	-0.556	+0.235	-0.419	-0.430	-0.409	+0.272	+0.185	-0.419	-0.534	-0.602	-0.601	-0.601	-0.601	-0.558	-0.221	-0.568	-0.515	-0.546	-0.509	-0.575	-0.580	-0.601	-0.528	-0.596	-0.597	-0.597	-0.520	-0.551	-0.600	-0.530	-0.595	-0.432	-0.587	-0.599	-0.535	-0.447	-0.599	-0.597	-0.538	-0.539	-0.539	-0.446	-0.601	-0.600	-0.602	-0.188	-0.583	-0.595	-0.485	-0.493	-0.596	-0.596	-0.439	-0.536	-0.427	-0.432	-0.431	-0.336	-0.431	-0.175	-0.347	-0.368	-0.342	-0.432	-0.494	-0.417	-0.405	-0.316	-0.426	-0.459	-0.268	-0.558	-0.313	-0.562	-0.535	+0.016	-0.460	-0.461	-0.424	-0.473	-0.439	-0.416	-0.559	-0.431	-0.427	-0.338	-0.506	-0.504	-0.468	-0.460	-0.551	-0.551	-0.514	-0.491	-0.462	-0.514	-0.320	-0.491	-0.421	-0.490	-0.484	-0.532	+0.125	+0.127	-0.387	+0.013	-0.449	-0.230	-0.391	-0.269	-0.398	-0.398	-0.195	-0.397	-0.400	-0.237	-0.464	-0.378	-0.239	-0.248	-0.236	-0.236	-0.251	
rs35796380     -0.441	-0.459	-0.410	-0.361	-0.133	-0.143	-0.143	-0.143	-0.143	-0.296	-0.143	-0.065	-0.145	-0.146	-0.146	-0.146	-0.385	-0.384	-0.147	-0.147	-0.147	-0.146	-0.595	-0.467	-0.466	-0.495	-0.598	-0.605	-0.491	-0.350	-0.418	-0.586	-0.536	-0.536	-0.110	-0.608	+0.267	-0.096	-0.102	-0.108	+0.126	+0.021	+0.021	-0.574	-0.566	+0.112	+0.112	+0.125	+0.614	+0.068	+0.057	+0.043	+0.549	+0.700	+0.682	+0.192	+0.300	-0.532	-0.513	+0.330	-0.520	+0.343	+0.291	-0.546	+0.357	-0.377	-0.556	+0.235	-0.419	-0.430	-0.409	+0.272	+0.185	-0.419	-0.534	-0.602	-0.601	-0.601	-0.601	-0.558	-0.221	-0.568	-0.515	-0.546	-0.509	-0.575	-0.580	-0.601	-0.528	-0.596	-0.597	-0.597	-0.520	-0.551	-0.600	-0.531	-0.595	-0.432	-0.587	-0.599	-0.535	-0.447	-0.599	-0.597	-0.538	-0.539	-0.539	-0.446	-0.601	-0.600	-0.602	-0.188	-0.583	-0.595	-0.485	-0.493	-0.596	-0.596	-0.440	-0.536	-0.427	-0.432	-0.432	-0.336	-0.431	-0.175	-0.347	-0.368	-0.342	-0.432	-0.494	-0.417	-0.405	-0.316	-0.426	-0.459	-0.268	-0.558	-0.313	-0.562	-0.535	+0.016	-0.460	-0.461	-0.424	-0.473	-0.439	-0.416	-0.560	-0.432	-0.427	-0.338	-0.506	-0.504	-0.468	-0.460	-0.551	-0.551	-0.514	-0.491	-0.462	-0.514	-0.320	-0.491	-0.421	-0.490	-0.484	-0.532	+0.125	+0.127	-0.387	+0.013	-0.449	-0.230	-0.392	-0.269	-0.398	-0.398	-0.195	-0.397	-0.400	-0.237	-0.465	-0.378	-0.239	-0.249	-0.236	-0.236	-0.251	
rs115770234    -0.443	-0.461	-0.412	-0.362	-0.134	-0.144	-0.144	-0.144	-0.144	-0.297	-0.145	-0.145	-0.067	-0.146	-0.147	-0.147	-0.386	-0.386	-0.148	-0.148	-0.148	-0.146	-0.597	-0.469	-0.467	-0.497	-0.600	-0.607	-0.493	-0.352	-0.420	-0.587	-0.537	-0.537	-0.112	-0.609	+0.265	-0.098	-0.103	-0.109	+0.124	+0.019	+0.019	-0.576	-0.567	+0.110	+0.110	+0.123	+0.612	+0.066	+0.055	+0.041	+0.547	+0.698	+0.680	+0.190	+0.298	-0.533	-0.515	+0.328	-0.522	+0.341	+0.289	-0.548	+0.355	-0.378	-0.558	+0.233	-0.420	-0.432	-0.410	+0.270	+0.183	-0.421	-0.536	-0.603	-0.603	-0.603	-0.603	-0.560	-0.223	-0.570	-0.517	-0.548	-0.511	-0.577	-0.582	-0.603	-0.530	-0.598	-0.599	-0.599	-0.522	-0.553	-0.601	-0.532	-0.597	-0.433	-0.589	-0.600	-0.537	-0.449	-0.601	-0.599	-0.540	-0.541	-0.541	-0.447	-0.603	-0.602	-0.604	-0.190	-0.585	-0.597	-0.486	-0.495	-0.598	-0.598	-0.441	-0.538	-0.428	-0.433	-0.433	-0.338	-0.432	-0.177	-0.348	-0.370	-0.344	-0.434	-0.495	-0.419	-0.407	-0.318	-0.428	-0.461	-0.270	-0.560	-0.315	-0.563	-0.537	+0.014	-0.462	-0.463	-0.426	-0.475	-0.441	-0.418	-0.561	-0.433	-0.429	-0.340	-0.508	-0.506	-0.470	-0.462	-0.553	-0.553	-0.516	-0.493	-0.464	-0.516	-0.322	-0.493	-0.423	-0.492	-0.486	-0.534	+0.123	+0.125	-0.388	+0.012	-0.451	-0.232	-0.393	-0.271	-0.400	-0.400	-0.197	-0.399	-0.401	-0.238	-0.466	-0.380	-0.241	-0.250	-0.238	-0.238	-0.253	
rs13103580     -0.444	-0.463	-0.413	-0.363	-0.135	-0.145	-0.145	-0.145	-0.145	-0.298	-0.146	-0.146	-0.146	-0.068	-0.148	-0.148	-0.387	-0.387	-0.149	-0.149	-0.149	-0.147	-0.598	-0.471	-0.469	-0.499	-0.601	-0.609	-0.495	-0.354	-0.421	-0.589	-0.539	-0.539	-0.113	-0.611	+0.264	-0.099	-0.105	-0.111	+0.123	+0.017	+0.017	-0.578	-0.569	+0.109	+0.109	+0.122	+0.611	+0.065	+0.054	+0.039	+0.545	+0.696	+0.678	+0.188	+0.296	-0.535	-0.516	+0.327	-0.524	+0.339	+0.287	-0.549	+0.354	-0.380	-0.559	+0.231	-0.422	-0.434	-0.412	+0.269	+0.182	-0.423	-0.538	-0.605	-0.605	-0.605	-0.605	-0.561	-0.224	-0.571	-0.519	-0.550	-0.512	-0.579	-0.583	-0.604	-0.531	-0.599	-0.600	-0.601	-0.523	-0.554	-0.603	-0.534	-0.599	-0.435	-0.591	-0.602	-0.539	-0.450	-0.602	-0.600	-0.542	-0.542	-0.542	-0.449	-0.605	-0.603	-0.606	-0.192	-0.587	-0.598	-0.488	-0.496	-0.599	-0.599	-0.443	-0.539	-0.430	-0.435	-0.435	-0.339	-0.434	-0.178	-0.350	-0.372	-0.345	-0.435	-0.497	-0.420	-0.408	-0.320	-0.429	-0.462	-0.271	-0.561	-0.317	-0.565	-0.539	+0.013	-0.464	-0.464	-0.428	-0.477	-0.442	-0.419	-0.563	-0.435	-0.430	-0.341	-0.509	-0.507	-0.471	-0.463	-0.554	-0.555	-0.517	-0.495	-0.465	-0.517	-0.324	-0.495	-0.425	-0.493	-0.487	-0.535	+0.121	+0.124	-0.390	+0.010	-0.453	-0.233	-0.395	-0.272	-0.402	-0.402	-0.199	-0.400	-0.403	-0.240	-0.468	-0.381	-0.243	-0.252	-0.239	-0.239	-0.254	
rs13109935     -0.445	-0.463	-0.414	-0.363	-0.136	-0.145	-0.145	-0.145	-0.145	-0.298	-0.146	-0.146	-0.147	-0.148	-0.069	-0.148	-0.388	-0.387	-0.149	-0.149	-0.149	-0.147	-0.599	-0.471	-0.470	-0.499	-0.602	-0.609	-0.495	-0.354	-0.422	-0.590	-0.540	-0.540	-0.114	-0.611	+0.263	-0.100	-0.106	-0.112	+0.122	+0.016	+0.017	-0.578	-0.570	+0.108	+0.108	+0.121	+0.610	+0.064	+0.053	+0.039	+0.544	+0.695	+0.677	+0.188	+0.295	-0.535	-0.517	+0.326	-0.524	+0.338	+0.286	-0.550	+0.353	-0.381	-0.560	+0.231	-0.423	-0.434	-0.413	+0.268	+0.181	-0.423	-0.538	-0.605	-0.605	-0.605	-0.605	-0.562	-0.225	-0.572	-0.519	-0.550	-0.513	-0.579	-0.584	-0.605	-0.532	-0.600	-0.601	-0.601	-0.524	-0.555	-0.603	-0.534	-0.599	-0.436	-0.591	-0.603	-0.539	-0.451	-0.603	-0.601	-0.542	-0.543	-0.543	-0.450	-0.605	-0.604	-0.606	-0.193	-0.587	-0.599	-0.488	-0.497	-0.600	-0.600	-0.443	-0.540	-0.431	-0.435	-0.435	-0.340	-0.435	-0.179	-0.351	-0.372	-0.346	-0.436	-0.498	-0.421	-0.409	-0.320	-0.430	-0.463	-0.272	-0.562	-0.317	-0.565	-0.539	+0.012	-0.464	-0.465	-0.428	-0.477	-0.443	-0.420	-0.563	-0.435	-0.431	-0.342	-0.510	-0.508	-0.472	-0.464	-0.555	-0.555	-0.518	-0.495	-0.466	-0.518	-0.324	-0.495	-0.425	-0.494	-0.488	-0.536	+0.120	+0.123	-0.391	+0.009	-0.453	-0.234	-0.395	-0.273	-0.402	-0.402	-0.199	-0.401	-0.404	-0.241	-0.468	-0.382	-0.243	-0.252	-0.240	-0.240	-0.255	
rs73233276     -0.445	-0.463	-0.414	-0.363	-0.136	-0.146	-0.146	-0.146	-0.146	-0.299	-0.146	-0.146	-0.147	-0.148	-0.148	-0.069	-0.388	-0.388	-0.149	-0.149	-0.150	-0.147	-0.599	-0.471	-0.470	-0.499	-0.602	-0.609	-0.495	-0.355	-0.422	-0.590	-0.540	-0.540	-0.114	-0.612	+0.263	-0.100	-0.106	-0.112	+0.122	+0.016	+0.016	-0.579	-0.570	+0.108	+0.108	+0.121	+0.610	+0.064	+0.053	+0.038	+0.544	+0.695	+0.677	+0.187	+0.295	-0.536	-0.517	+0.326	-0.525	+0.338	+0.286	-0.550	+0.353	-0.381	-0.560	+0.230	-0.423	-0.434	-0.413	+0.268	+0.181	-0.423	-0.539	-0.606	-0.606	-0.606	-0.605	-0.562	-0.225	-0.572	-0.520	-0.551	-0.513	-0.579	-0.584	-0.605	-0.532	-0.600	-0.601	-0.601	-0.524	-0.555	-0.604	-0.535	-0.600	-0.436	-0.592	-0.603	-0.540	-0.451	-0.603	-0.601	-0.542	-0.543	-0.543	-0.450	-0.605	-0.604	-0.607	-0.193	-0.588	-0.599	-0.489	-0.497	-0.600	-0.600	-0.444	-0.540	-0.431	-0.436	-0.436	-0.340	-0.435	-0.179	-0.351	-0.373	-0.346	-0.436	-0.498	-0.421	-0.409	-0.321	-0.430	-0.463	-0.272	-0.562	-0.318	-0.566	-0.540	+0.012	-0.465	-0.465	-0.429	-0.478	-0.443	-0.420	-0.564	-0.436	-0.431	-0.342	-0.510	-0.508	-0.472	-0.464	-0.555	-0.556	-0.518	-0.495	-0.466	-0.518	-0.324	-0.496	-0.426	-0.494	-0.488	-0.536	+0.120	+0.123	-0.391	+0.009	-0.454	-0.234	-0.396	-0.273	-0.403	-0.402	-0.200	-0.401	-0.404	-0.241	-0.469	-0.382	-0.243	-0.253	-0.240	-0.240	-0.255	
rs4698458      -0.680	-0.681	-0.619	-0.435	-0.371	-0.384	-0.384	-0.384	-0.384	-0.409	-0.385	-0.385	-0.386	-0.387	-0.388	-0.388	-0.256	-0.369	-0.389	-0.389	-0.389	-0.384	-0.756	-0.654	-0.652	-0.677	-0.748	-0.757	-0.673	-0.553	-0.610	-0.735	-0.693	-0.693	-0.293	-0.765	+0.077	-0.280	-0.286	-0.291	-0.069	-0.171	-0.170	-0.723	-0.714	-0.084	-0.084	-0.072	+0.400	-0.124	-0.136	-0.148	+0.338	+0.482	+0.464	-0.007	+0.095	-0.676	-0.674	+0.124	-0.681	+0.137	+0.089	-0.694	+0.152	-0.549	-0.704	+0.036	-0.576	-0.600	-0.563	+0.071	-0.012	-0.577	-0.693	-0.756	-0.756	-0.756	-0.756	-0.715	-0.378	-0.720	-0.674	-0.706	-0.668	-0.733	-0.737	-0.757	-0.685	-0.751	-0.753	-0.753	-0.677	-0.707	-0.755	-0.688	-0.751	-0.585	-0.742	-0.757	-0.693	-0.608	-0.755	-0.753	-0.696	-0.697	-0.697	-0.607	-0.759	-0.758	-0.761	-0.351	-0.738	-0.750	-0.647	-0.655	-0.752	-0.752	-0.602	-0.689	-0.591	-0.594	-0.594	-0.479	-0.594	-0.338	-0.496	-0.519	-0.497	-0.595	-0.653	-0.555	-0.563	-0.472	-0.565	-0.619	-0.418	-0.711	-0.468	-0.722	-0.700	-0.124	-0.620	-0.620	-0.582	-0.623	-0.597	-0.567	-0.717	-0.575	-0.585	-0.494	-0.665	-0.654	-0.617	-0.620	-0.708	-0.709	-0.664	-0.650	-0.622	-0.664	-0.476	-0.650	-0.574	-0.649	-0.634	-0.683	-0.068	-0.066	-0.542	-0.155	-0.606	-0.380	-0.547	-0.424	-0.554	-0.554	-0.374	-0.552	-0.555	-0.387	-0.624	-0.543	-0.390	-0.400	-0.387	-0.386	-0.419	
rs4698459      -0.680	-0.680	-0.618	-0.435	-0.371	-0.384	-0.384	-0.384	-0.384	-0.409	-0.384	-0.384	-0.386	-0.387	-0.387	-0.388	-0.369	-0.256	-0.389	-0.389	-0.389	-0.384	-0.756	-0.654	-0.652	-0.676	-0.747	-0.756	-0.673	-0.553	-0.609	-0.735	-0.692	-0.692	-0.293	-0.764	+0.078	-0.280	-0.286	-0.291	-0.069	-0.170	-0.170	-0.722	-0.713	-0.084	-0.084	-0.071	+0.400	-0.124	-0.135	-0.148	+0.338	+0.482	+0.465	-0.006	+0.096	-0.676	-0.674	+0.125	-0.680	+0.138	+0.089	-0.694	+0.153	-0.548	-0.704	+0.037	-0.576	-0.600	-0.563	+0.071	-0.011	-0.576	-0.693	-0.756	-0.756	-0.756	-0.756	-0.715	-0.378	-0.719	-0.674	-0.705	-0.667	-0.732	-0.737	-0.757	-0.685	-0.751	-0.752	-0.752	-0.676	-0.706	-0.755	-0.688	-0.750	-0.584	-0.742	-0.757	-0.693	-0.607	-0.754	-0.752	-0.695	-0.696	-0.696	-0.607	-0.759	-0.758	-0.760	-0.351	-0.738	-0.750	-0.646	-0.654	-0.751	-0.751	-0.601	-0.688	-0.590	-0.594	-0.594	-0.479	-0.593	-0.338	-0.496	-0.518	-0.497	-0.594	-0.653	-0.555	-0.563	-0.472	-0.565	-0.619	-0.417	-0.710	-0.467	-0.721	-0.700	-0.124	-0.620	-0.620	-0.582	-0.622	-0.596	-0.567	-0.716	-0.574	-0.584	-0.494	-0.665	-0.653	-0.617	-0.619	-0.707	-0.708	-0.664	-0.650	-0.621	-0.664	-0.475	-0.649	-0.574	-0.648	-0.633	-0.682	-0.068	-0.066	-0.541	-0.155	-0.605	-0.380	-0.547	-0.423	-0.554	-0.553	-0.374	-0.551	-0.554	-0.387	-0.624	-0.543	-0.389	-0.399	-0.386	-0.385	-0.418	
rs13150927     -0.447	-0.465	-0.415	-0.365	-0.137	-0.147	-0.147	-0.147	-0.147	-0.300	-0.147	-0.147	-0.148	-0.149	-0.149	-0.149	-0.389	-0.389	-0.071	-0.150	-0.150	-0.147	-0.601	-0.473	-0.471	-0.501	-0.603	-0.611	-0.497	-0.356	-0.424	-0.591	-0.541	-0.541	-0.116	-0.613	+0.261	-0.102	-0.108	-0.114	+0.120	+0.015	+0.015	-0.580	-0.571	+0.106	+0.106	+0.119	+0.608	+0.062	+0.051	+0.037	+0.542	+0.693	+0.675	+0.186	+0.293	-0.537	-0.519	+0.324	-0.526	+0.336	+0.285	-0.552	+0.351	-0.382	-0.562	+0.229	-0.424	-0.436	-0.414	+0.266	+0.179	-0.425	-0.540	-0.607	-0.607	-0.607	-0.607	-0.564	-0.227	-0.573	-0.521	-0.552	-0.514	-0.581	-0.586	-0.607	-0.534	-0.601	-0.603	-0.603	-0.526	-0.556	-0.605	-0.536	-0.601	-0.437	-0.593	-0.604	-0.541	-0.453	-0.604	-0.603	-0.544	-0.544	-0.544	-0.451	-0.607	-0.605	-0.608	-0.194	-0.589	-0.600	-0.490	-0.498	-0.602	-0.602	-0.445	-0.541	-0.432	-0.437	-0.437	-0.342	-0.436	-0.181	-0.352	-0.374	-0.347	-0.437	-0.499	-0.422	-0.411	-0.322	-0.432	-0.465	-0.274	-0.564	-0.319	-0.567	-0.541	+0.010	-0.466	-0.466	-0.430	-0.479	-0.445	-0.422	-0.565	-0.437	-0.433	-0.344	-0.512	-0.509	-0.473	-0.466	-0.556	-0.557	-0.520	-0.497	-0.468	-0.520	-0.326	-0.497	-0.427	-0.495	-0.490	-0.538	+0.119	+0.121	-0.392	+0.008	-0.455	-0.235	-0.397	-0.275	-0.404	-0.404	-0.201	-0.402	-0.405	-0.242	-0.470	-0.384	-0.245	-0.254	-0.242	-0.241	-0.257	
rs17752799     -0.447	-0.465	-0.415	-0.365	-0.137	-0.147	-0.147	-0.147	-0.147	-0.300	-0.147	-0.147	-0.148	-0.149	-0.149	-0.149	-0.389	-0.389	-0.150	-0.071	-0.150	-0.147	-0.601	-0.473	-0.471	-0.501	-0.604	-0.611	-0.497	-0.356	-0.424	-0.591	-0.541	-0.541	-0.116	-0.613	+0.261	-0.102	-0.108	-0.114	+0.120	+0.014	+0.015	-0.580	-0.571	+0.106	+0.106	+0.119	+0.608	+0.062	+0.051	+0.037	+0.542	+0.693	+0.675	+0.186	+0.293	-0.537	-0.519	+0.324	-0.526	+0.336	+0.284	-0.552	+0.351	-0.382	-0.562	+0.229	-0.424	-0.436	-0.414	+0.266	+0.179	-0.425	-0.540	-0.607	-0.607	-0.607	-0.607	-0.564	-0.227	-0.574	-0.521	-0.552	-0.515	-0.581	-0.586	-0.607	-0.534	-0.602	-0.603	-0.603	-0.526	-0.556	-0.605	-0.536	-0.601	-0.437	-0.593	-0.604	-0.541	-0.453	-0.604	-0.603	-0.544	-0.545	-0.545	-0.451	-0.607	-0.605	-0.608	-0.194	-0.589	-0.601	-0.490	-0.499	-0.602	-0.602	-0.445	-0.542	-0.432	-0.437	-0.437	-0.342	-0.436	-0.181	-0.352	-0.374	-0.348	-0.437	-0.499	-0.423	-0.411	-0.322	-0.432	-0.465	-0.274	-0.564	-0.319	-0.567	-0.541	+0.010	-0.466	-0.466	-0.430	-0.479	-0.445	-0.422	-0.565	-0.437	-0.433	-0.344	-0.512	-0.510	-0.474	-0.466	-0.557	-0.557	-0.520	-0.497	-0.468	-0.520	-0.326	-0.497	-0.427	-0.496	-0.490	-0.538	+0.119	+0.121	-0.392	+0.007	-0.455	-0.236	-0.397	-0.275	-0.404	-0.404	-0.201	-0.403	-0.405	-0.242	-0.470	-0.384	-0.245	-0.254	-0.242	-0.242	-0.257	
rs35498862     -0.447	-0.465	-0.415	-0.365	-0.137	-0.147	-0.147	-0.147	-0.147	-0.300	-0.148	-0.147	-0.148	-0.149	-0.149	-0.150	-0.389	-0.389	-0.150	-0.150	-0.071	-0.147	-0.601	-0.473	-0.472	-0.501	-0.604	-0.611	-0.497	-0.356	-0.424	-0.591	-0.541	-0.541	-0.116	-0.613	+0.261	-0.102	-0.108	-0.114	+0.120	+0.014	+0.014	-0.580	-0.572	+0.106	+0.106	+0.119	+0.608	+0.062	+0.051	+0.037	+0.542	+0.693	+0.675	+0.186	+0.293	-0.537	-0.519	+0.324	-0.526	+0.336	+0.284	-0.552	+0.351	-0.383	-0.562	+0.229	-0.425	-0.436	-0.415	+0.266	+0.179	-0.425	-0.540	-0.607	-0.607	-0.607	-0.607	-0.564	-0.227	-0.574	-0.521	-0.552	-0.515	-0.581	-0.586	-0.607	-0.534	-0.602	-0.603	-0.603	-0.526	-0.557	-0.605	-0.536	-0.601	-0.438	-0.593	-0.604	-0.541	-0.453	-0.605	-0.603	-0.544	-0.545	-0.545	-0.452	-0.607	-0.606	-0.608	-0.194	-0.589	-0.601	-0.490	-0.499	-0.602	-0.602	-0.445	-0.542	-0.433	-0.437	-0.437	-0.342	-0.437	-0.181	-0.353	-0.374	-0.348	-0.438	-0.500	-0.423	-0.411	-0.322	-0.432	-0.465	-0.274	-0.564	-0.319	-0.567	-0.541	+0.010	-0.466	-0.467	-0.430	-0.479	-0.445	-0.422	-0.565	-0.437	-0.433	-0.344	-0.512	-0.510	-0.474	-0.466	-0.557	-0.557	-0.520	-0.497	-0.468	-0.520	-0.326	-0.497	-0.427	-0.496	-0.490	-0.538	+0.118	+0.121	-0.392	+0.007	-0.455	-0.236	-0.397	-0.275	-0.404	-0.404	-0.201	-0.403	-0.405	-0.243	-0.470	-0.384	-0.245	-0.254	-0.242	-0.242	-0.257	
rs10489086     -0.440	-0.458	-0.409	-0.360	-0.137	-0.145	-0.145	-0.145	-0.145	-0.295	-0.146	-0.146	-0.146	-0.147	-0.147	-0.147	-0.384	-0.384	-0.147	-0.147	-0.147	-0.064	-0.594	-0.466	-0.465	-0.495	-0.598	-0.605	-0.491	-0.349	-0.417	-0.585	-0.535	-0.535	-0.109	-0.607	+0.268	-0.095	-0.101	-0.107	+0.127	+0.021	+0.021	-0.574	-0.565	+0.113	+0.113	+0.126	+0.615	+0.069	+0.058	+0.044	+0.550	+0.700	+0.683	+0.193	+0.300	-0.531	-0.512	+0.331	-0.520	+0.343	+0.292	-0.546	+0.358	-0.376	-0.556	+0.236	-0.418	-0.430	-0.408	+0.273	+0.186	-0.419	-0.534	-0.601	-0.601	-0.601	-0.601	-0.558	-0.221	-0.568	-0.515	-0.546	-0.509	-0.575	-0.580	-0.601	-0.528	-0.596	-0.597	-0.597	-0.520	-0.550	-0.599	-0.530	-0.595	-0.431	-0.587	-0.598	-0.535	-0.447	-0.598	-0.597	-0.538	-0.538	-0.539	-0.445	-0.601	-0.599	-0.602	-0.188	-0.583	-0.595	-0.484	-0.492	-0.596	-0.596	-0.439	-0.536	-0.426	-0.431	-0.431	-0.336	-0.430	-0.174	-0.346	-0.368	-0.341	-0.431	-0.493	-0.417	-0.405	-0.316	-0.426	-0.459	-0.268	-0.558	-0.313	-0.561	-0.535	+0.016	-0.460	-0.460	-0.424	-0.473	-0.439	-0.415	-0.559	-0.432	-0.427	-0.337	-0.506	-0.504	-0.468	-0.460	-0.550	-0.551	-0.514	-0.491	-0.462	-0.514	-0.320	-0.491	-0.421	-0.489	-0.484	-0.532	+0.125	+0.127	-0.387	+0.013	-0.449	-0.230	-0.391	-0.269	-0.398	-0.398	-0.195	-0.397	-0.399	-0.237	-0.464	-0.378	-0.239	-0.249	-0.236	-0.236	-0.251	
rs7657683      -1.010	-1.025	-0.846	-0.720	-0.577	-0.594	-0.594	-0.594	-0.594	-0.633	-0.595	-0.595	-0.597	-0.598	-0.599	-0.599	-0.756	-0.756	-0.601	-0.601	-0.601	-0.594	-0.646	-0.965	-0.964	-0.994	-0.795	-0.830	-0.990	-0.853	-0.924	-0.765	-1.021	-1.021	-0.676	-1.137	-0.319	-0.667	-0.673	-0.678	-0.462	-0.559	-0.559	-1.102	-1.093	-0.475	-0.475	-0.463	-0.005	-0.515	-0.526	-0.539	-0.067	+0.074	+0.057	-0.400	-0.303	-1.059	-1.048	-0.274	-1.054	-0.265	-0.312	-1.075	-0.252	-0.916	-1.084	-0.364	-0.953	-0.968	-0.941	-0.331	-0.408	-0.953	-1.067	-1.131	-1.130	-1.130	-1.130	-1.089	-0.759	-1.096	-1.044	-1.076	-1.038	-1.106	-1.110	-1.130	-1.059	-1.125	-1.126	-1.126	-1.052	-1.077	-1.128	-1.059	-1.124	-0.958	-1.116	-1.129	-1.064	-0.982	-1.128	-1.126	-1.067	-1.068	-1.068	-0.981	-1.131	-1.130	-1.132	-0.741	-1.112	-1.124	-1.022	-1.030	-1.125	-1.125	-0.976	-1.064	-0.965	-0.969	-0.969	-0.861	-0.968	-0.727	-0.877	-0.899	-0.878	-0.969	-1.027	-0.936	-0.941	-0.850	-0.946	-0.993	-0.803	-1.085	-0.848	-1.093	-1.072	-0.519	-0.994	-0.994	-0.958	-0.997	-0.970	-0.945	-1.090	-0.950	-0.961	-0.873	-1.038	-1.028	-0.991	-0.994	-1.082	-1.083	-1.038	-1.024	-0.996	-1.038	-0.856	-1.023	-0.951	-1.022	-1.007	-1.055	-0.445	-0.443	-0.917	-0.529	-0.980	-0.759	-0.923	-0.801	-0.930	-0.930	-0.747	-0.928	-0.931	-0.766	-0.998	-0.917	-0.769	-0.778	-0.765	-0.765	-0.793	
rs1491270      -0.912	-0.926	-0.753	-0.617	-0.449	-0.466	-0.466	-0.466	-0.466	-0.528	-0.467	-0.467	-0.469	-0.471	-0.471	-0.471	-0.654	-0.654	-0.473	-0.473	-0.473	-0.466	-0.965	-0.536	-0.675	-0.681	-0.920	-0.938	-0.695	-0.624	-0.717	-0.905	-0.392	-0.396	-0.586	-1.033	-0.232	-0.574	-0.580	-0.585	-0.376	-0.471	-0.471	-0.995	-0.986	-0.389	-0.389	-0.377	+0.077	-0.427	-0.438	-0.450	+0.016	+0.155	+0.138	-0.315	-0.220	-0.951	-0.945	-0.191	-0.951	-0.180	-0.226	-0.967	-0.167	-0.825	-0.977	-0.278	-0.844	-0.875	-0.830	-0.245	-0.322	-0.844	-0.963	-1.025	-1.025	-1.025	-1.024	-0.982	-0.654	-0.986	-0.943	-0.975	-0.937	-1.001	-1.007	-1.024	-0.958	-1.017	-1.019	-1.019	-0.949	-0.974	-1.022	-0.957	-1.017	-0.849	-1.008	-1.026	-0.962	-0.878	-1.021	-1.019	-0.965	-0.965	-0.965	-0.877	-1.028	-1.027	-1.029	-0.632	-1.003	-1.016	-0.924	-0.932	-1.018	-1.018	-0.872	-0.952	-0.861	-0.865	-0.865	-0.748	-0.864	-0.618	-0.763	-0.786	-0.768	-0.865	-0.923	-0.818	-0.837	-0.742	-0.828	-0.888	-0.687	-0.981	-0.735	-0.991	-0.969	-0.390	-0.890	-0.890	-0.853	-0.883	-0.866	-0.840	-0.987	-0.843	-0.856	-0.762	-0.934	-0.915	-0.878	-0.889	-0.979	-0.979	-0.926	-0.919	-0.891	-0.926	-0.743	-0.919	-0.847	-0.918	-0.894	-0.944	-0.339	-0.337	-0.810	-0.420	-0.874	-0.637	-0.816	-0.691	-0.823	-0.823	-0.643	-0.821	-0.824	-0.644	-0.894	-0.812	-0.646	-0.657	-0.643	-0.643	-0.687	
rs5004489      -0.910	-0.924	-0.751	-0.615	-0.447	-0.464	-0.464	-0.464	-0.465	-0.526	-0.465	-0.466	-0.467	-0.469	-0.470	-0.470	-0.652	-0.652	-0.471	-0.471	-0.472	-0.465	-0.964	-0.675	-0.534	-0.690	-0.919	-0.937	-0.701	-0.627	-0.715	-0.904	-0.419	-0.422	-0.584	-1.032	-0.230	-0.572	-0.578	-0.583	-0.374	-0.469	-0.469	-0.993	-0.984	-0.387	-0.387	-0.375	+0.079	-0.425	-0.436	-0.448	+0.018	+0.157	+0.140	-0.313	-0.217	-0.949	-0.943	-0.189	-0.949	-0.178	-0.224	-0.965	-0.165	-0.824	-0.975	-0.276	-0.842	-0.873	-0.828	-0.243	-0.320	-0.842	-0.961	-1.023	-1.023	-1.023	-1.023	-0.981	-0.652	-0.985	-0.941	-0.973	-0.935	-0.999	-1.006	-1.022	-0.956	-1.016	-1.017	-1.017	-0.948	-0.973	-1.020	-0.956	-1.015	-0.847	-1.006	-1.025	-0.960	-0.876	-1.019	-1.017	-0.963	-0.964	-0.964	-0.875	-1.027	-1.026	-1.028	-0.630	-1.002	-1.014	-0.922	-0.930	-1.016	-1.016	-0.871	-0.951	-0.859	-0.863	-0.863	-0.746	-0.862	-0.616	-0.761	-0.784	-0.766	-0.863	-0.921	-0.816	-0.835	-0.740	-0.827	-0.887	-0.685	-0.979	-0.733	-0.989	-0.967	-0.389	-0.888	-0.888	-0.852	-0.882	-0.864	-0.839	-0.985	-0.842	-0.854	-0.760	-0.933	-0.914	-0.876	-0.888	-0.977	-0.978	-0.924	-0.918	-0.890	-0.924	-0.741	-0.917	-0.845	-0.916	-0.893	-0.942	-0.338	-0.335	-0.809	-0.418	-0.872	-0.635	-0.815	-0.690	-0.822	-0.821	-0.642	-0.819	-0.822	-0.642	-0.892	-0.810	-0.645	-0.655	-0.642	-0.641	-0.685	
rs1016029      -0.933	-0.947	-0.774	-0.640	-0.477	-0.494	-0.494	-0.494	-0.494	-0.551	-0.495	-0.495	-0.497	-0.499	-0.499	-0.499	-0.677	-0.676	-0.501	-0.501	-0.501	-0.495	-0.994	-0.681	-0.690	-0.559	-0.956	-0.972	-0.697	-0.565	-0.703	-0.941	-0.493	-0.496	-0.606	-1.056	-0.253	-0.595	-0.600	-0.606	-0.395	-0.491	-0.491	-1.018	-1.009	-0.409	-0.408	-0.396	+0.057	-0.447	-0.458	-0.470	-0.004	+0.135	+0.118	-0.334	-0.238	-0.975	-0.967	-0.210	-0.973	-0.199	-0.246	-0.990	-0.187	-0.845	-1.000	-0.298	-0.867	-0.895	-0.853	-0.265	-0.341	-0.867	-0.986	-1.048	-1.047	-1.047	-1.047	-1.005	-0.677	-1.010	-0.965	-0.997	-0.958	-1.023	-1.029	-1.047	-0.980	-1.041	-1.042	-1.042	-0.971	-0.996	-1.045	-0.979	-1.040	-0.872	-1.031	-1.048	-0.984	-0.900	-1.044	-1.042	-0.987	-0.987	-0.987	-0.899	-1.050	-1.049	-1.051	-0.656	-1.027	-1.039	-0.945	-0.953	-1.041	-1.041	-0.895	-0.976	-0.883	-0.887	-0.887	-0.773	-0.886	-0.642	-0.788	-0.811	-0.792	-0.887	-0.945	-0.843	-0.859	-0.765	-0.853	-0.911	-0.711	-1.003	-0.759	-1.013	-0.991	-0.418	-0.912	-0.912	-0.876	-0.908	-0.888	-0.863	-1.009	-0.867	-0.879	-0.786	-0.957	-0.940	-0.902	-0.912	-1.001	-1.001	-0.951	-0.942	-0.914	-0.950	-0.767	-0.941	-0.869	-0.940	-0.919	-0.968	-0.364	-0.361	-0.833	-0.444	-0.897	-0.664	-0.839	-0.715	-0.846	-0.846	-0.666	-0.844	-0.847	-0.671	-0.916	-0.835	-0.673	-0.683	-0.670	-0.670	-0.711	
rs9993005      -0.997	-1.012	-0.833	-0.715	-0.580	-0.597	-0.597	-0.597	-0.597	-0.626	-0.598	-0.598	-0.600	-0.601	-0.602	-0.602	-0.748	-0.747	-0.603	-0.604	-0.604	-0.598	-0.795	-0.920	-0.919	-0.956	-0.632	-0.776	-0.950	-0.792	-0.875	-0.793	-1.021	-1.021	-0.656	-1.124	-0.295	-0.650	-0.655	-0.660	-0.440	-0.539	-0.539	-1.092	-1.084	-0.454	-0.453	-0.442	+0.017	-0.494	-0.505	-0.518	-0.045	+0.097	+0.080	-0.377	-0.279	-1.051	-1.036	-0.250	-1.042	-0.243	-0.290	-1.066	-0.230	-0.892	-1.075	-0.343	-0.940	-0.946	-0.929	-0.310	-0.388	-0.941	-1.055	-1.119	-1.118	-1.118	-1.118	-1.077	-0.746	-1.086	-1.029	-1.061	-1.022	-1.094	-1.096	-1.117	-1.043	-1.113	-1.114	-1.114	-1.036	-1.059	-1.116	-1.043	-1.113	-0.947	-1.105	-1.114	-1.049	-0.969	-1.116	-1.114	-1.052	-1.053	-1.053	-0.968	-1.117	-1.115	-1.118	-0.726	-1.102	-1.112	-1.001	-1.010	-1.114	-1.114	-0.963	-1.055	-0.952	-0.956	-0.956	-0.847	-0.955	-0.712	-0.869	-0.891	-0.870	-0.956	-1.014	-0.930	-0.927	-0.839	-0.939	-0.980	-0.797	-1.071	-0.840	-1.079	-1.059	-0.515	-0.981	-0.981	-0.943	-0.987	-0.956	-0.931	-1.077	-0.933	-0.946	-0.864	-1.025	-1.018	-0.982	-0.980	-1.069	-1.069	-1.029	-1.011	-0.982	-1.028	-0.847	-1.010	-0.937	-1.009	-0.998	-1.045	-0.433	-0.430	-0.902	-0.514	-0.966	-0.749	-0.909	-0.785	-0.916	-0.915	-0.734	-0.914	-0.916	-0.756	-0.985	-0.903	-0.758	-0.768	-0.755	-0.755	-0.780	
rs716424       -1.006	-1.021	-0.843	-0.724	-0.588	-0.604	-0.604	-0.604	-0.604	-0.635	-0.605	-0.605	-0.607	-0.609	-0.609	-0.609	-0.757	-0.756	-0.611	-0.611	-0.611	-0.605	-0.830	-0.938	-0.937	-0.972	-0.776	-0.642	-0.966	-0.812	-0.893	-0.777	-1.031	-1.031	-0.667	-1.133	-0.307	-0.660	-0.665	-0.671	-0.451	-0.550	-0.549	-1.101	-1.092	-0.465	-0.465	-0.453	+0.006	-0.505	-0.516	-0.529	-0.057	+0.085	+0.069	-0.388	-0.291	-1.059	-1.045	-0.262	-1.051	-0.254	-0.301	-1.074	-0.241	-0.903	-1.083	-0.354	-0.949	-0.957	-0.938	-0.321	-0.399	-0.950	-1.064	-1.128	-1.127	-1.127	-1.127	-1.086	-0.755	-1.095	-1.038	-1.071	-1.031	-1.103	-1.106	-1.127	-1.053	-1.122	-1.123	-1.123	-1.045	-1.069	-1.126	-1.053	-1.122	-0.956	-1.114	-1.124	-1.059	-0.978	-1.125	-1.123	-1.062	-1.062	-1.062	-0.977	-1.126	-1.125	-1.127	-0.736	-1.110	-1.121	-1.012	-1.020	-1.123	-1.123	-0.972	-1.064	-0.961	-0.965	-0.965	-0.857	-0.964	-0.722	-0.878	-0.900	-0.878	-0.965	-1.023	-0.938	-0.936	-0.848	-0.948	-0.989	-0.805	-1.080	-0.849	-1.089	-1.069	-0.523	-0.990	-0.990	-0.953	-0.996	-0.966	-0.940	-1.087	-0.943	-0.956	-0.873	-1.035	-1.027	-0.991	-0.990	-1.078	-1.079	-1.037	-1.020	-0.992	-1.037	-0.856	-1.020	-0.946	-1.019	-1.007	-1.054	-0.442	-0.439	-0.912	-0.523	-0.975	-0.758	-0.918	-0.795	-0.925	-0.925	-0.743	-0.923	-0.926	-0.765	-0.994	-0.913	-0.767	-0.777	-0.764	-0.764	-0.790	
rs12499246     -0.930	-0.944	-0.771	-0.637	-0.473	-0.490	-0.490	-0.490	-0.490	-0.547	-0.491	-0.491	-0.493	-0.495	-0.495	-0.495	-0.673	-0.673	-0.497	-0.497	-0.497	-0.491	-0.990	-0.695	-0.701	-0.697	-0.950	-0.966	-0.556	-0.578	-0.707	-0.935	-0.454	-0.458	-0.603	-1.052	-0.251	-0.592	-0.598	-0.603	-0.393	-0.488	-0.488	-1.015	-1.006	-0.406	-0.406	-0.394	+0.059	-0.445	-0.456	-0.468	-0.002	+0.137	+0.120	-0.332	-0.236	-0.971	-0.964	-0.208	-0.970	-0.197	-0.243	-0.987	-0.184	-0.842	-0.997	-0.295	-0.863	-0.892	-0.850	-0.262	-0.339	-0.864	-0.982	-1.044	-1.044	-1.044	-1.044	-1.002	-0.674	-1.007	-0.962	-0.994	-0.955	-1.020	-1.026	-1.043	-0.976	-1.037	-1.039	-1.039	-0.968	-0.993	-1.041	-0.976	-1.037	-0.869	-1.028	-1.045	-0.981	-0.897	-1.040	-1.039	-0.984	-0.984	-0.984	-0.896	-1.047	-1.046	-1.048	-0.652	-1.023	-1.036	-0.942	-0.950	-1.037	-1.037	-0.891	-0.973	-0.880	-0.884	-0.884	-0.769	-0.883	-0.639	-0.785	-0.807	-0.788	-0.884	-0.942	-0.839	-0.856	-0.761	-0.849	-0.907	-0.708	-1.000	-0.756	-1.009	-0.988	-0.414	-0.909	-0.909	-0.873	-0.905	-0.885	-0.860	-1.006	-0.863	-0.875	-0.782	-0.953	-0.936	-0.899	-0.909	-0.998	-0.998	-0.947	-0.939	-0.910	-0.947	-0.764	-0.938	-0.866	-0.937	-0.916	-0.965	-0.360	-0.358	-0.830	-0.441	-0.894	-0.660	-0.836	-0.712	-0.843	-0.843	-0.663	-0.841	-0.844	-0.667	-0.913	-0.832	-0.670	-0.680	-0.667	-0.666	-0.708	
