## Summary of overall evidence for association with region:
## log10(BF for region) = -0.55719
## p-value for region = NA

## BFs for choosing among multi-SNP models:
## log10(average 1-SNP BF) = -0.500262
## log10(average 2-SNP BF) = -0.699931

## Example posterior probabilities for multi-SNP models, based on default prior: [p(l) propto 0.5^l for l=1,2,...,L]
## posterior probability of 1-SNP = 0.760041
## posterior probability of 2-SNP = 0.239959

## log10(BF) for single SNP and pair of SNPs:
rs675644       -0.250	-0.768	-0.771	-0.622	-0.597	-0.775	-0.772	-0.743	-0.767	-0.749	-0.495	-0.537	-0.779	-0.765	-0.765	-0.765	-0.762	-0.764	-0.509	-0.769	-0.665	-0.641	-0.616	-0.767	-0.548	-0.769	-0.770	-0.767	-0.770	-0.771	-0.774	-0.548	-0.715	-0.771	-0.769	-0.536	-0.766	-0.769	-0.543	-0.774	-0.774	-0.774	-0.776	-0.776	-0.769	-0.776	-0.776	-0.578	-0.775	-0.579	-0.778	-0.577	-0.739	-0.570	-0.736	-0.748	-0.666	-0.561	-0.662	-0.748	-0.657	-0.666	-0.645	-0.556	-0.643	-0.747	-0.655	-0.646	-0.746	-0.554	-0.644	-0.648	-0.746	-0.746	-0.550	-0.639	-0.638	-0.776	-0.540	-0.654	-0.728	-0.742	-0.542	-0.541	-0.733	-0.618	-0.627	-0.529	-0.617	-0.760	-0.773	-0.771	-0.325	-0.756	-0.758	-0.773	-0.773	-0.773	-0.775	-0.772	-0.761	-0.677	-0.741	-0.667	-0.673	-0.663	-0.666	-0.542	-0.649	-0.634	-0.628	-0.632	-0.642	-0.720	-0.485	-0.641	-0.690	-0.471	-0.428	-0.679	-0.709	-0.783	+0.099	-0.784	-0.683	-0.711	-0.711	-0.699	-0.547	-0.700	-0.688	-0.717	-0.706	-0.711	-0.711	-0.711	-0.704	-0.690	-0.555	-0.775	-0.417	-0.650	-0.774	-0.415	-0.673	-0.417	-0.775	-0.674	-0.774	-0.774	-0.675	-0.774	-0.674	-0.672	-0.424	-0.427	-0.773	-0.772	-0.572	-0.515	-0.590	-0.523	-0.538	-0.711	-0.521	-0.537	-0.545	-0.549	-0.546	-0.696	-0.538	-0.538	-0.526	-0.526	-0.536	
rs503115       -0.768	-0.649	-0.803	-0.686	-0.636	-0.808	-0.815	-0.887	-0.812	-0.795	-0.447	-0.544	-0.881	-0.866	-0.866	-0.865	-0.860	-0.865	-0.491	-0.873	-0.714	-0.799	-0.740	-0.870	-0.563	-0.874	-0.874	-0.870	-0.874	-0.876	-0.879	-0.564	-0.845	-0.876	-0.873	-0.544	-0.870	-0.873	-0.555	-0.880	-0.878	-0.878	-0.880	-0.880	-0.876	-0.880	-0.880	-0.622	-0.878	-0.623	-0.879	-0.621	-0.825	-0.807	-1.006	-1.075	-0.649	-0.795	-0.640	-1.075	-0.628	-0.651	-0.597	-0.789	-0.593	-1.075	-0.625	-0.602	-1.075	-0.787	-0.597	-0.608	-1.074	-1.074	-0.782	-0.586	-0.584	-0.900	-0.769	-0.628	-0.993	-1.072	-0.772	-0.771	-1.064	-0.554	-0.562	-0.809	-0.540	-0.973	-1.031	-1.028	-0.242	-0.977	-0.980	-1.032	-1.032	-1.031	-1.035	-1.030	-0.997	-0.856	-1.084	-0.839	-0.849	-0.832	-0.839	-0.946	-0.808	-0.784	-0.776	-0.787	-0.805	-1.069	-0.800	-0.957	-0.956	-0.864	-0.824	-0.942	-1.060	-1.071	-0.330	-1.072	-0.949	-1.061	-1.061	-0.972	-0.947	-0.974	-1.040	-1.066	-0.983	-1.061	-1.061	-1.061	-1.055	-0.971	-0.925	-1.106	-0.817	-1.009	-1.105	-0.815	-1.030	-0.817	-1.106	-1.031	-1.106	-1.106	-1.032	-1.106	-1.032	-1.029	-0.824	-0.827	-1.105	-1.105	-0.863	-0.802	-0.896	-0.810	-0.829	-1.065	-0.809	-0.828	-0.838	-0.845	-0.842	-1.052	-0.831	-0.831	-0.815	-0.815	-0.828	
rs474229       -0.771	-0.803	-0.651	-0.673	-0.628	-0.806	-0.808	-0.878	-0.798	-0.770	-0.432	-0.530	-0.879	-0.863	-0.863	-0.861	-0.856	-0.861	-0.481	-0.865	-0.699	-0.784	-0.722	-0.862	-0.550	-0.866	-0.868	-0.863	-0.868	-0.870	-0.875	-0.551	-0.834	-0.870	-0.866	-0.530	-0.861	-0.867	-0.542	-0.876	-0.874	-0.874	-0.876	-0.876	-0.869	-0.877	-0.877	-0.610	-0.875	-0.611	-0.877	-0.609	-0.809	-0.814	-1.011	-1.077	-0.663	-0.802	-0.654	-1.077	-0.642	-0.665	-0.611	-0.797	-0.607	-1.077	-0.639	-0.616	-1.077	-0.795	-0.611	-0.622	-1.076	-1.076	-0.790	-0.601	-0.599	-0.906	-0.777	-0.642	-0.999	-1.074	-0.780	-0.779	-1.067	-0.568	-0.577	-0.814	-0.555	-0.978	-1.035	-1.032	-0.261	-0.985	-0.988	-1.035	-1.035	-1.035	-1.039	-1.034	-1.004	-0.866	-1.086	-0.850	-0.860	-0.843	-0.850	-0.948	-0.820	-0.796	-0.788	-0.799	-0.817	-1.072	-0.802	-0.962	-0.963	-0.870	-0.831	-0.950	-1.063	-1.072	-0.329	-1.073	-0.956	-1.064	-1.064	-0.979	-0.949	-0.981	-1.043	-1.069	-0.989	-1.064	-1.064	-1.064	-1.058	-0.978	-0.929	-1.108	-0.822	-1.013	-1.107	-0.820	-1.034	-0.823	-1.108	-1.035	-1.108	-1.107	-1.036	-1.108	-1.035	-1.033	-0.829	-0.832	-1.107	-1.106	-0.871	-0.797	-0.901	-0.805	-0.824	-1.068	-0.803	-0.823	-0.833	-0.840	-0.837	-1.055	-0.826	-0.826	-0.809	-0.810	-0.823	
rs10235630     -0.622	-0.686	-0.673	-0.435	-0.545	-0.654	-0.675	-0.699	-0.703	-0.764	-0.357	-0.537	-0.696	-0.752	-0.752	-0.754	-0.759	-0.755	-0.492	-0.744	-0.787	-0.848	-0.845	-0.749	-0.555	-0.743	-0.740	-0.747	-0.740	-0.736	-0.723	-0.555	-0.759	-0.736	-0.743	-0.538	-0.754	-0.741	-0.547	-0.724	-0.724	-0.723	-0.715	-0.714	-0.743	-0.713	-0.713	-0.596	-0.718	-0.597	-0.704	-0.596	-0.804	-0.457	-0.709	-0.750	-0.360	-0.443	-0.352	-0.744	-0.339	-0.361	-0.310	-0.436	-0.306	-0.739	-0.335	-0.312	-0.736	-0.433	-0.307	-0.317	-0.732	-0.734	-0.426	-0.297	-0.294	-0.645	-0.412	-0.335	-0.691	-0.717	-0.415	-0.414	-0.702	-0.272	-0.273	-0.433	-0.251	-0.662	-0.587	-0.575	+0.163	-0.671	-0.676	-0.589	-0.589	-0.586	-0.601	-0.584	-0.720	-0.530	-0.763	-0.515	-0.521	-0.501	-0.509	-0.719	-0.473	-0.446	-0.436	-0.450	-0.470	-0.704	-0.661	-0.645	-0.590	-0.369	-0.309	-0.571	-0.679	-0.833	-0.224	-0.833	-0.580	-0.683	-0.683	-0.616	-0.722	-0.619	-0.646	-0.697	-0.632	-0.685	-0.684	-0.685	-0.673	-0.628	-0.571	-0.887	-0.361	-0.608	-0.896	-0.358	-0.649	-0.362	-0.892	-0.651	-0.896	-0.896	-0.653	-0.896	-0.653	-0.647	-0.372	-0.376	-0.899	-0.900	-0.406	-0.754	-0.623	-0.758	-0.771	-0.727	-0.757	-0.770	-0.775	-0.779	-0.777	-0.703	-0.770	-0.770	-0.761	-0.761	-0.770	
rs2099446      -0.597	-0.636	-0.628	-0.545	-0.405	-0.607	-0.628	-0.653	-0.658	-0.725	-0.425	-0.548	-0.652	-0.709	-0.709	-0.711	-0.716	-0.712	-0.505	-0.703	-0.761	-0.821	-0.820	-0.708	-0.562	-0.701	-0.699	-0.706	-0.699	-0.694	-0.681	-0.561	-0.724	-0.694	-0.702	-0.548	-0.714	-0.699	-0.555	-0.681	-0.681	-0.681	-0.672	-0.671	-0.701	-0.670	-0.670	-0.593	-0.675	-0.593	-0.660	-0.592	-0.769	-0.416	-0.672	-0.711	-0.310	-0.401	-0.301	-0.704	-0.288	-0.311	-0.259	-0.395	-0.255	-0.699	-0.285	-0.261	-0.696	-0.392	-0.256	-0.266	-0.692	-0.693	-0.385	-0.245	-0.243	-0.601	-0.370	-0.284	-0.653	-0.676	-0.373	-0.372	-0.660	-0.220	-0.220	-0.394	-0.198	-0.620	-0.536	-0.523	+0.226	-0.625	-0.631	-0.538	-0.537	-0.535	-0.550	-0.533	-0.677	-0.482	-0.726	-0.467	-0.473	-0.452	-0.460	-0.689	-0.424	-0.395	-0.386	-0.400	-0.421	-0.664	-0.637	-0.606	-0.543	-0.316	-0.254	-0.523	-0.637	-0.798	-0.200	-0.799	-0.533	-0.642	-0.642	-0.570	-0.693	-0.573	-0.604	-0.656	-0.587	-0.644	-0.644	-0.644	-0.631	-0.584	-0.533	-0.855	-0.312	-0.566	-0.865	-0.309	-0.608	-0.312	-0.861	-0.611	-0.865	-0.865	-0.613	-0.866	-0.612	-0.607	-0.323	-0.327	-0.868	-0.870	-0.355	-0.733	-0.587	-0.738	-0.750	-0.689	-0.737	-0.750	-0.754	-0.758	-0.756	-0.665	-0.749	-0.749	-0.741	-0.741	-0.749	
rs2572024      -0.775	-0.808	-0.806	-0.654	-0.607	-0.652	-0.816	-0.868	-0.797	-0.755	-0.404	-0.506	-0.877	-0.855	-0.855	-0.853	-0.849	-0.852	-0.456	-0.859	-0.679	-0.766	-0.700	-0.856	-0.527	-0.860	-0.862	-0.858	-0.862	-0.865	-0.872	-0.527	-0.820	-0.865	-0.861	-0.506	-0.852	-0.863	-0.518	-0.873	-0.873	-0.873	-0.875	-0.875	-0.863	-0.876	-0.876	-0.588	-0.875	-0.589	-0.878	-0.587	-0.781	-0.826	-1.018	-1.078	-0.689	-0.815	-0.681	-1.078	-0.668	-0.691	-0.640	-0.809	-0.636	-1.078	-0.666	-0.644	-1.078	-0.807	-0.640	-0.650	-1.078	-1.078	-0.802	-0.630	-0.627	-0.920	-0.789	-0.669	-1.006	-1.076	-0.792	-0.791	-1.069	-0.593	-0.607	-0.824	-0.585	-0.986	-1.040	-1.037	-0.293	-0.992	-0.995	-1.040	-1.040	-1.040	-1.043	-1.039	-1.011	-0.879	-1.088	-0.863	-0.872	-0.856	-0.862	-0.948	-0.834	-0.810	-0.802	-0.813	-0.830	-1.075	-0.801	-0.968	-0.971	-0.875	-0.836	-0.958	-1.066	-1.073	-0.328	-1.073	-0.964	-1.067	-1.067	-0.987	-0.949	-0.988	-1.047	-1.072	-0.996	-1.067	-1.067	-1.067	-1.061	-0.985	-0.933	-1.109	-0.828	-1.017	-1.107	-0.826	-1.037	-0.828	-1.109	-1.038	-1.108	-1.108	-1.039	-1.108	-1.039	-1.037	-0.835	-0.838	-1.107	-1.107	-0.880	-0.789	-0.907	-0.797	-0.817	-1.070	-0.795	-0.817	-0.826	-0.834	-0.831	-1.058	-0.819	-0.819	-0.802	-0.802	-0.816	
rs1025576      -0.772	-0.815	-0.808	-0.675	-0.628	-0.816	-0.652	-0.877	-0.774	-0.750	-0.431	-0.530	-0.873	-0.857	-0.857	-0.856	-0.850	-0.855	-0.481	-0.859	-0.697	-0.783	-0.719	-0.856	-0.550	-0.861	-0.862	-0.857	-0.862	-0.864	-0.869	-0.551	-0.834	-0.864	-0.860	-0.530	-0.855	-0.861	-0.541	-0.870	-0.867	-0.868	-0.870	-0.870	-0.864	-0.870	-0.870	-0.610	-0.869	-0.611	-0.870	-0.609	-0.802	-0.812	-1.010	-1.078	-0.651	-0.800	-0.642	-1.077	-0.629	-0.653	-0.598	-0.795	-0.594	-1.077	-0.626	-0.603	-1.077	-0.792	-0.598	-0.609	-1.077	-1.077	-0.787	-0.588	-0.585	-0.901	-0.775	-0.630	-0.998	-1.074	-0.777	-0.776	-1.067	-0.555	-0.563	-0.817	-0.541	-0.975	-1.034	-1.031	-0.267	-0.982	-0.985	-1.034	-1.034	-1.034	-1.038	-1.033	-1.002	-0.862	-1.087	-0.845	-0.855	-0.838	-0.845	-0.949	-0.815	-0.791	-0.783	-0.794	-0.812	-1.072	-0.803	-0.962	-0.961	-0.869	-0.830	-0.948	-1.063	-1.072	-0.331	-1.072	-0.954	-1.064	-1.065	-0.977	-0.950	-0.979	-1.044	-1.069	-0.988	-1.065	-1.064	-1.064	-1.058	-0.976	-0.929	-1.108	-0.822	-1.013	-1.108	-0.820	-1.034	-0.822	-1.108	-1.035	-1.108	-1.108	-1.036	-1.108	-1.036	-1.033	-0.829	-0.832	-1.107	-1.107	-0.870	-0.801	-0.902	-0.809	-0.828	-1.068	-0.808	-0.828	-0.837	-0.844	-0.841	-1.055	-0.830	-0.830	-0.814	-0.814	-0.827	
rs2572023      -0.743	-0.887	-0.878	-0.699	-0.653	-0.868	-0.877	-0.606	-0.896	-0.931	-0.453	-0.566	-0.901	-0.934	-0.934	-0.935	-0.936	-0.935	-0.515	-0.929	-0.933	-0.940	-0.925	-0.931	-0.587	-0.928	-0.927	-0.930	-0.927	-0.925	-0.917	-0.588	-0.782	-0.925	-0.928	-0.567	-0.935	-0.927	-0.578	-0.918	-0.916	-0.916	-0.912	-0.911	-0.927	-0.911	-0.911	-0.647	-0.913	-0.648	-0.904	-0.646	-0.955	-0.776	-0.978	-1.003	-0.593	-0.765	-0.585	-1.000	-0.573	-0.595	-0.545	-0.759	-0.541	-0.998	-0.570	-0.549	-0.997	-0.757	-0.545	-0.555	-0.996	-0.996	-0.752	-0.535	-0.532	-0.859	-0.740	-0.573	-0.964	-0.988	-0.742	-0.741	-0.978	-0.507	-0.512	-0.765	-0.491	-0.878	-0.804	-0.795	-0.135	-0.884	-0.889	-0.806	-0.806	-0.804	-0.817	-0.802	-0.921	-0.749	-1.009	-0.736	-0.741	-0.722	-0.730	-0.890	-0.697	-0.670	-0.662	-0.674	-0.694	-0.978	-0.781	-0.904	-0.873	-0.722	-0.675	-0.858	-0.962	-1.041	-0.313	-1.042	-0.865	-0.965	-0.965	-0.892	-0.892	-0.894	-0.937	-0.973	-0.904	-0.965	-0.965	-0.965	-0.956	-0.894	-0.831	-1.070	-0.685	-0.900	-1.073	-0.683	-0.929	-0.685	-1.072	-0.930	-1.073	-1.073	-0.931	-1.073	-0.931	-0.927	-0.694	-0.697	-1.074	-1.074	-0.742	-0.845	-0.824	-0.852	-0.867	-0.979	-0.850	-0.867	-0.874	-0.879	-0.877	-0.962	-0.868	-0.868	-0.855	-0.855	-0.866	
rs2572022      -0.767	-0.812	-0.798	-0.703	-0.658	-0.797	-0.774	-0.896	-0.650	-0.786	-0.468	-0.562	-0.863	-0.864	-0.864	-0.863	-0.859	-0.863	-0.515	-0.864	-0.730	-0.808	-0.750	-0.861	-0.582	-0.864	-0.865	-0.862	-0.865	-0.866	-0.866	-0.582	-0.855	-0.866	-0.863	-0.562	-0.862	-0.864	-0.573	-0.868	-0.865	-0.865	-0.865	-0.865	-0.868	-0.865	-0.865	-0.639	-0.865	-0.640	-0.863	-0.638	-0.826	-0.796	-0.999	-1.075	-0.610	-0.783	-0.600	-1.075	-0.587	-0.612	-0.554	-0.777	-0.549	-1.075	-0.584	-0.559	-1.074	-0.775	-0.554	-0.566	-1.074	-1.074	-0.770	-0.543	-0.540	-0.878	-0.757	-0.588	-0.986	-1.071	-0.760	-0.759	-1.063	-0.509	-0.517	-0.803	-0.494	-0.961	-1.024	-1.021	-0.223	-0.968	-0.972	-1.025	-1.025	-1.024	-1.029	-1.023	-0.990	-0.842	-1.084	-0.825	-0.835	-0.817	-0.824	-0.947	-0.793	-0.768	-0.760	-0.772	-0.790	-1.067	-0.802	-0.953	-0.948	-0.860	-0.821	-0.934	-1.057	-1.069	-0.333	-1.070	-0.941	-1.059	-1.059	-0.965	-0.948	-0.967	-1.038	-1.064	-0.976	-1.059	-1.059	-1.059	-1.053	-0.965	-0.923	-1.106	-0.814	-1.006	-1.106	-0.812	-1.028	-0.814	-1.107	-1.029	-1.106	-1.106	-1.030	-1.106	-1.029	-1.027	-0.821	-0.824	-1.106	-1.106	-0.855	-0.811	-0.893	-0.819	-0.837	-1.063	-0.818	-0.837	-0.846	-0.853	-0.850	-1.050	-0.839	-0.840	-0.823	-0.824	-0.837	
rs2060452      -0.749	-0.795	-0.770	-0.764	-0.725	-0.755	-0.750	-0.931	-0.786	-0.639	-0.539	-0.623	-0.787	-0.836	-0.836	-0.837	-0.837	-0.837	-0.579	-0.828	-0.783	-0.846	-0.800	-0.829	-0.641	-0.827	-0.825	-0.828	-0.825	-0.822	-0.811	-0.641	-0.889	-0.822	-0.825	-0.623	-0.835	-0.824	-0.633	-0.814	-0.809	-0.808	-0.802	-0.801	-0.837	-0.800	-0.800	-0.693	-0.803	-0.694	-0.789	-0.692	-0.842	-0.749	-0.966	-1.064	-0.485	-0.735	-0.474	-1.063	-0.459	-0.488	-0.420	-0.729	-0.415	-1.062	-0.455	-0.426	-1.062	-0.727	-0.421	-0.435	-1.061	-1.061	-0.722	-0.408	-0.405	-0.800	-0.708	-0.461	-0.951	-1.057	-0.711	-0.710	-1.049	-0.371	-0.380	-0.763	-0.353	-0.917	-0.994	-0.990	-0.105	-0.926	-0.930	-0.995	-0.995	-0.994	-1.000	-0.993	-0.952	-0.786	-1.071	-0.767	-0.779	-0.759	-0.767	-0.937	-0.733	-0.705	-0.696	-0.710	-0.730	-1.051	-0.794	-0.928	-0.910	-0.835	-0.794	-0.895	-1.039	-1.056	-0.331	-1.057	-0.902	-1.041	-1.041	-0.929	-0.938	-0.932	-1.018	-1.047	-0.941	-1.041	-1.041	-1.041	-1.034	-0.931	-0.903	-1.095	-0.790	-0.985	-1.097	-0.788	-1.008	-0.790	-1.096	-1.009	-1.096	-1.096	-1.010	-1.097	-1.010	-1.007	-0.798	-0.801	-1.097	-1.097	-0.814	-0.828	-0.865	-0.835	-0.853	-1.047	-0.834	-0.852	-0.861	-0.867	-0.864	-1.032	-0.854	-0.854	-0.839	-0.840	-0.852	
rs2527881      -0.495	-0.447	-0.432	-0.357	-0.425	-0.404	-0.431	-0.453	-0.468	-0.539	-0.289	-0.468	-0.431	-0.513	-0.514	-0.517	-0.525	-0.517	-0.464	-0.501	-0.620	-0.699	-0.705	-0.508	-0.468	-0.499	-0.496	-0.506	-0.495	-0.489	-0.471	-0.468	-0.535	-0.489	-0.499	-0.469	-0.516	-0.496	-0.469	-0.471	-0.471	-0.471	-0.459	-0.457	-0.498	-0.456	-0.456	-0.456	-0.464	-0.456	-0.442	-0.457	-0.598	-0.244	-0.514	-0.547	-0.078	-0.228	-0.068	-0.539	-0.053	-0.078	-0.020	-0.221	-0.016	-0.532	-0.049	-0.022	-0.529	-0.218	-0.017	-0.028	-0.523	-0.525	-0.210	-0.005	-0.002	-0.400	-0.194	-0.048	-0.492	-0.504	-0.198	-0.197	-0.487	+0.018	+0.022	-0.224	+0.046	-0.439	-0.307	-0.291	+0.478	-0.452	-0.459	-0.310	-0.309	-0.307	-0.325	-0.304	-0.517	-0.305	-0.572	-0.290	-0.295	-0.273	-0.282	-0.571	-0.242	-0.212	-0.202	-0.218	-0.240	-0.500	-0.543	-0.465	-0.371	-0.137	-0.072	-0.351	-0.469	-0.653	-0.116	-0.653	-0.361	-0.474	-0.475	-0.402	-0.575	-0.406	-0.435	-0.491	-0.421	-0.477	-0.477	-0.477	-0.463	-0.423	-0.381	-0.732	-0.143	-0.396	-0.744	-0.140	-0.443	-0.144	-0.738	-0.446	-0.744	-0.744	-0.448	-0.744	-0.448	-0.442	-0.155	-0.160	-0.748	-0.750	-0.161	-0.649	-0.447	-0.653	-0.663	-0.535	-0.652	-0.662	-0.666	-0.669	-0.668	-0.508	-0.662	-0.662	-0.655	-0.655	-0.662	
rs2527927      -0.537	-0.544	-0.530	-0.537	-0.548	-0.506	-0.530	-0.566	-0.562	-0.623	-0.468	-0.338	-0.485	-0.566	-0.567	-0.569	-0.577	-0.570	-0.442	-0.554	-0.665	-0.744	-0.748	-0.561	-0.466	-0.552	-0.549	-0.559	-0.549	-0.542	-0.524	-0.465	-0.587	-0.542	-0.553	-0.463	-0.569	-0.550	-0.465	-0.525	-0.525	-0.524	-0.513	-0.511	-0.552	-0.510	-0.509	-0.456	-0.517	-0.456	-0.496	-0.461	-0.649	-0.300	-0.569	-0.607	-0.130	-0.284	-0.120	-0.600	-0.105	-0.131	-0.073	-0.277	-0.068	-0.593	-0.102	-0.075	-0.590	-0.274	-0.070	-0.081	-0.585	-0.587	-0.267	-0.058	-0.056	-0.456	-0.251	-0.102	-0.549	-0.567	-0.255	-0.254	-0.550	-0.036	-0.032	-0.306	-0.009	-0.495	-0.374	-0.359	+0.362	-0.507	-0.514	-0.377	-0.377	-0.374	-0.393	-0.372	-0.570	-0.358	-0.630	-0.343	-0.349	-0.327	-0.335	-0.621	-0.296	-0.266	-0.256	-0.272	-0.294	-0.560	-0.584	-0.517	-0.429	-0.200	-0.136	-0.405	-0.531	-0.705	-0.153	-0.705	-0.416	-0.536	-0.536	-0.456	-0.625	-0.460	-0.497	-0.552	-0.474	-0.538	-0.538	-0.538	-0.525	-0.476	-0.440	-0.779	-0.204	-0.458	-0.791	-0.200	-0.504	-0.204	-0.785	-0.506	-0.791	-0.791	-0.509	-0.792	-0.508	-0.502	-0.215	-0.220	-0.795	-0.797	-0.213	-0.687	-0.508	-0.691	-0.702	-0.593	-0.691	-0.702	-0.705	-0.709	-0.707	-0.567	-0.701	-0.701	-0.694	-0.694	-0.701	
rs2527926      -0.779	-0.881	-0.879	-0.696	-0.652	-0.877	-0.873	-0.901	-0.863	-0.787	-0.431	-0.485	-0.657	-0.759	-0.759	-0.754	-0.748	-0.753	-0.434	-0.763	-0.635	-0.732	-0.651	-0.761	-0.507	-0.768	-0.772	-0.766	-0.773	-0.781	-0.800	-0.507	-0.802	-0.782	-0.776	-0.485	-0.750	-0.781	-0.497	-0.804	-0.804	-0.804	-0.806	-0.807	-0.789	-0.808	-0.808	-0.571	-0.808	-0.572	-0.812	-0.570	-0.650	-0.819	-1.015	-1.082	-0.638	-0.807	-0.629	-1.082	-0.615	-0.640	-0.583	-0.801	-0.579	-1.081	-0.613	-0.588	-1.081	-0.799	-0.584	-0.595	-1.081	-1.081	-0.793	-0.573	-0.570	-0.894	-0.781	-0.618	-1.003	-1.079	-0.783	-0.782	-1.072	-0.541	-0.549	-0.831	-0.526	-0.976	-1.036	-1.033	-0.299	-0.983	-0.986	-1.037	-1.037	-1.036	-1.040	-1.036	-1.004	-0.865	-1.091	-0.848	-0.858	-0.841	-0.848	-0.953	-0.818	-0.793	-0.785	-0.797	-0.815	-1.078	-0.807	-0.968	-0.966	-0.876	-0.837	-0.952	-1.069	-1.072	-0.335	-1.073	-0.958	-1.070	-1.070	-0.981	-0.955	-0.983	-1.050	-1.075	-0.992	-1.070	-1.070	-1.070	-1.064	-0.981	-0.936	-1.111	-0.829	-1.019	-1.109	-0.827	-1.040	-0.829	-1.111	-1.041	-1.110	-1.110	-1.042	-1.110	-1.042	-1.039	-0.836	-0.839	-1.110	-1.109	-0.873	-0.792	-0.911	-0.799	-0.819	-1.074	-0.798	-0.819	-0.829	-0.837	-0.834	-1.061	-0.821	-0.821	-0.804	-0.804	-0.819	
rs2572019      -0.765	-0.866	-0.863	-0.752	-0.709	-0.855	-0.857	-0.934	-0.864	-0.836	-0.513	-0.566	-0.759	-0.651	-0.787	-0.787	-0.789	-0.787	-0.515	-0.796	-0.720	-0.799	-0.736	-0.800	-0.586	-0.796	-0.795	-0.801	-0.795	-0.793	-0.784	-0.586	-0.855	-0.794	-0.800	-0.566	-0.801	-0.800	-0.577	-0.791	-0.789	-0.789	-0.774	-0.773	-0.812	-0.771	-0.771	-0.644	-0.784	-0.645	-0.756	-0.643	-0.776	-0.778	-0.988	-1.075	-0.535	-0.765	-0.524	-1.074	-0.509	-0.538	-0.472	-0.759	-0.467	-1.074	-0.506	-0.479	-1.073	-0.756	-0.473	-0.487	-1.073	-1.073	-0.751	-0.461	-0.458	-0.836	-0.737	-0.513	-0.974	-1.069	-0.740	-0.739	-1.062	-0.427	-0.434	-0.799	-0.409	-0.943	-1.015	-1.011	-0.198	-0.948	-0.953	-1.016	-1.016	-1.015	-1.020	-1.014	-0.973	-0.815	-1.083	-0.796	-0.807	-0.788	-0.796	-0.948	-0.763	-0.736	-0.727	-0.740	-0.760	-1.065	-0.803	-0.945	-0.933	-0.853	-0.812	-0.917	-1.054	-1.067	-0.337	-1.067	-0.924	-1.056	-1.056	-0.950	-0.949	-0.952	-1.034	-1.062	-0.962	-1.057	-1.056	-1.056	-1.050	-0.951	-0.920	-1.104	-0.807	-1.002	-1.105	-0.805	-1.024	-0.807	-1.105	-1.025	-1.105	-1.105	-1.026	-1.105	-1.026	-1.023	-0.814	-0.817	-1.105	-1.105	-0.836	-0.817	-0.888	-0.824	-0.843	-1.061	-0.823	-0.842	-0.852	-0.858	-0.856	-1.047	-0.845	-0.845	-0.829	-0.829	-0.842	
rs2527925      -0.765	-0.866	-0.863	-0.752	-0.709	-0.855	-0.857	-0.934	-0.864	-0.836	-0.514	-0.567	-0.759	-0.787	-0.651	-0.787	-0.789	-0.787	-0.515	-0.796	-0.721	-0.799	-0.737	-0.800	-0.586	-0.796	-0.795	-0.800	-0.795	-0.793	-0.784	-0.587	-0.855	-0.793	-0.800	-0.567	-0.801	-0.800	-0.578	-0.790	-0.789	-0.788	-0.773	-0.772	-0.812	-0.771	-0.770	-0.644	-0.783	-0.645	-0.755	-0.643	-0.777	-0.777	-0.987	-1.075	-0.534	-0.765	-0.524	-1.074	-0.509	-0.538	-0.471	-0.759	-0.466	-1.074	-0.506	-0.478	-1.073	-0.756	-0.472	-0.486	-1.073	-1.073	-0.750	-0.460	-0.457	-0.835	-0.737	-0.512	-0.974	-1.069	-0.740	-0.739	-1.061	-0.426	-0.434	-0.798	-0.409	-0.943	-1.015	-1.011	-0.197	-0.948	-0.952	-1.016	-1.016	-1.015	-1.020	-1.014	-0.973	-0.814	-1.083	-0.796	-0.807	-0.788	-0.796	-0.947	-0.762	-0.735	-0.727	-0.740	-0.760	-1.065	-0.803	-0.945	-0.933	-0.853	-0.812	-0.917	-1.054	-1.066	-0.337	-1.067	-0.924	-1.056	-1.056	-0.950	-0.949	-0.952	-1.034	-1.062	-0.961	-1.056	-1.056	-1.056	-1.050	-0.951	-0.920	-1.104	-0.807	-1.002	-1.105	-0.805	-1.024	-0.807	-1.105	-1.025	-1.105	-1.105	-1.026	-1.105	-1.026	-1.023	-0.814	-0.817	-1.105	-1.105	-0.835	-0.817	-0.888	-0.824	-0.843	-1.061	-0.823	-0.843	-0.852	-0.859	-0.856	-1.047	-0.845	-0.845	-0.829	-0.829	-0.842	
rs2572018      -0.765	-0.865	-0.861	-0.754	-0.711	-0.853	-0.856	-0.935	-0.863	-0.837	-0.517	-0.569	-0.754	-0.787	-0.787	-0.650	-0.790	-0.786	-0.518	-0.795	-0.723	-0.801	-0.739	-0.800	-0.589	-0.795	-0.794	-0.800	-0.794	-0.791	-0.781	-0.589	-0.857	-0.792	-0.799	-0.569	-0.801	-0.799	-0.580	-0.788	-0.786	-0.785	-0.769	-0.768	-0.811	-0.766	-0.766	-0.646	-0.780	-0.647	-0.750	-0.645	-0.780	-0.776	-0.986	-1.074	-0.530	-0.763	-0.519	-1.074	-0.504	-0.533	-0.466	-0.757	-0.462	-1.073	-0.501	-0.473	-1.073	-0.754	-0.468	-0.481	-1.072	-1.072	-0.749	-0.456	-0.453	-0.832	-0.735	-0.508	-0.972	-1.069	-0.738	-0.737	-1.061	-0.422	-0.429	-0.797	-0.404	-0.941	-1.014	-1.010	-0.193	-0.947	-0.951	-1.015	-1.015	-1.014	-1.019	-1.013	-0.971	-0.812	-1.082	-0.794	-0.805	-0.786	-0.793	-0.947	-0.760	-0.733	-0.725	-0.738	-0.758	-1.064	-0.803	-0.944	-0.931	-0.851	-0.811	-0.916	-1.054	-1.066	-0.337	-1.067	-0.923	-1.055	-1.055	-0.949	-0.948	-0.951	-1.033	-1.061	-0.960	-1.056	-1.056	-1.056	-1.049	-0.950	-0.919	-1.103	-0.806	-1.001	-1.104	-0.804	-1.023	-0.806	-1.104	-1.024	-1.104	-1.104	-1.025	-1.105	-1.025	-1.022	-0.813	-0.816	-1.105	-1.104	-0.834	-0.818	-0.887	-0.825	-0.844	-1.061	-0.824	-0.843	-0.852	-0.859	-0.856	-1.047	-0.846	-0.846	-0.830	-0.830	-0.843	
rs2082745      -0.762	-0.860	-0.856	-0.759	-0.716	-0.849	-0.850	-0.936	-0.859	-0.837	-0.525	-0.577	-0.748	-0.789	-0.789	-0.790	-0.649	-0.790	-0.526	-0.795	-0.730	-0.807	-0.748	-0.793	-0.596	-0.795	-0.793	-0.793	-0.793	-0.790	-0.777	-0.597	-0.862	-0.790	-0.791	-0.577	-0.803	-0.790	-0.588	-0.784	-0.772	-0.771	-0.765	-0.763	-0.811	-0.762	-0.762	-0.653	-0.764	-0.654	-0.744	-0.652	-0.783	-0.770	-0.983	-1.073	-0.516	-0.757	-0.505	-1.072	-0.490	-0.520	-0.451	-0.751	-0.447	-1.072	-0.487	-0.458	-1.072	-0.749	-0.453	-0.467	-1.071	-1.071	-0.744	-0.441	-0.438	-0.824	-0.730	-0.494	-0.969	-1.067	-0.733	-0.732	-1.059	-0.407	-0.414	-0.793	-0.388	-0.937	-1.011	-1.007	-0.182	-0.942	-0.946	-1.011	-1.011	-1.010	-1.016	-1.010	-0.967	-0.806	-1.081	-0.787	-0.799	-0.779	-0.787	-0.946	-0.753	-0.726	-0.718	-0.731	-0.751	-1.062	-0.802	-0.941	-0.927	-0.849	-0.808	-0.911	-1.052	-1.064	-0.337	-1.065	-0.918	-1.053	-1.054	-0.945	-0.947	-0.947	-1.031	-1.059	-0.956	-1.054	-1.054	-1.054	-1.047	-0.946	-0.917	-1.102	-0.803	-0.999	-1.103	-0.801	-1.021	-0.804	-1.103	-1.022	-1.103	-1.103	-1.023	-1.103	-1.023	-1.020	-0.811	-0.814	-1.103	-1.103	-0.829	-0.819	-0.884	-0.827	-0.845	-1.059	-0.825	-0.845	-0.854	-0.860	-0.858	-1.045	-0.847	-0.847	-0.831	-0.832	-0.844	
rs2572015      -0.764	-0.865	-0.861	-0.755	-0.712	-0.852	-0.855	-0.935	-0.863	-0.837	-0.517	-0.570	-0.753	-0.787	-0.787	-0.786	-0.790	-0.650	-0.519	-0.795	-0.724	-0.802	-0.740	-0.800	-0.590	-0.794	-0.793	-0.800	-0.793	-0.791	-0.780	-0.590	-0.857	-0.791	-0.799	-0.570	-0.801	-0.798	-0.581	-0.787	-0.785	-0.785	-0.768	-0.766	-0.811	-0.765	-0.765	-0.647	-0.779	-0.648	-0.748	-0.646	-0.780	-0.775	-0.986	-1.074	-0.529	-0.762	-0.518	-1.074	-0.503	-0.532	-0.465	-0.756	-0.460	-1.073	-0.500	-0.472	-1.073	-0.754	-0.466	-0.480	-1.072	-1.072	-0.748	-0.454	-0.451	-0.832	-0.735	-0.507	-0.972	-1.069	-0.737	-0.736	-1.061	-0.420	-0.427	-0.797	-0.402	-0.941	-1.014	-1.010	-0.192	-0.946	-0.950	-1.014	-1.014	-1.013	-1.019	-1.012	-0.971	-0.812	-1.082	-0.793	-0.804	-0.785	-0.793	-0.947	-0.759	-0.732	-0.724	-0.737	-0.757	-1.064	-0.803	-0.943	-0.931	-0.851	-0.811	-0.915	-1.053	-1.066	-0.337	-1.067	-0.922	-1.055	-1.055	-0.948	-0.948	-0.950	-1.033	-1.061	-0.960	-1.056	-1.055	-1.055	-1.049	-0.949	-0.919	-1.103	-0.806	-1.001	-1.104	-0.804	-1.023	-0.806	-1.104	-1.024	-1.104	-1.104	-1.025	-1.104	-1.025	-1.022	-0.813	-0.816	-1.105	-1.104	-0.833	-0.818	-0.887	-0.825	-0.844	-1.060	-0.824	-0.843	-0.853	-0.859	-0.857	-1.046	-0.846	-0.846	-0.830	-0.830	-0.843	
rs2099445      -0.509	-0.491	-0.481	-0.492	-0.505	-0.456	-0.481	-0.515	-0.515	-0.579	-0.464	-0.442	-0.434	-0.515	-0.515	-0.518	-0.526	-0.519	-0.306	-0.507	-0.629	-0.712	-0.717	-0.514	-0.439	-0.504	-0.501	-0.511	-0.501	-0.494	-0.475	-0.438	-0.539	-0.494	-0.505	-0.444	-0.522	-0.502	-0.441	-0.476	-0.476	-0.475	-0.463	-0.461	-0.504	-0.460	-0.460	-0.402	-0.468	-0.401	-0.446	-0.406	-0.607	-0.256	-0.528	-0.563	-0.078	-0.240	-0.068	-0.555	-0.053	-0.079	-0.020	-0.233	-0.016	-0.548	-0.050	-0.022	-0.545	-0.230	-0.017	-0.028	-0.540	-0.542	-0.222	-0.005	-0.002	-0.408	-0.206	-0.049	-0.507	-0.521	-0.210	-0.209	-0.504	+0.017	+0.021	-0.264	+0.045	-0.450	-0.318	-0.303	+0.429	-0.458	-0.465	-0.321	-0.321	-0.318	-0.337	-0.316	-0.524	-0.307	-0.588	-0.292	-0.298	-0.275	-0.284	-0.589	-0.244	-0.213	-0.203	-0.220	-0.242	-0.516	-0.556	-0.474	-0.379	-0.142	-0.076	-0.355	-0.486	-0.667	-0.124	-0.668	-0.366	-0.491	-0.491	-0.407	-0.593	-0.411	-0.452	-0.507	-0.426	-0.493	-0.493	-0.493	-0.480	-0.429	-0.398	-0.745	-0.150	-0.412	-0.758	-0.147	-0.460	-0.150	-0.751	-0.462	-0.757	-0.757	-0.465	-0.758	-0.464	-0.458	-0.162	-0.167	-0.761	-0.764	-0.157	-0.663	-0.469	-0.667	-0.677	-0.552	-0.666	-0.677	-0.680	-0.684	-0.682	-0.525	-0.677	-0.677	-0.669	-0.670	-0.677	
rs2572013      -0.769	-0.873	-0.865	-0.744	-0.703	-0.859	-0.859	-0.929	-0.864	-0.828	-0.501	-0.554	-0.763	-0.796	-0.796	-0.795	-0.795	-0.795	-0.507	-0.653	-0.706	-0.788	-0.722	-0.793	-0.574	-0.790	-0.790	-0.794	-0.790	-0.789	-0.783	-0.574	-0.847	-0.790	-0.795	-0.554	-0.792	-0.796	-0.565	-0.790	-0.788	-0.788	-0.773	-0.772	-0.808	-0.770	-0.770	-0.633	-0.784	-0.634	-0.755	-0.632	-0.754	-0.785	-0.993	-1.077	-0.548	-0.772	-0.538	-1.077	-0.523	-0.551	-0.486	-0.766	-0.481	-1.076	-0.520	-0.493	-1.076	-0.764	-0.487	-0.500	-1.075	-1.075	-0.758	-0.475	-0.472	-0.844	-0.745	-0.527	-0.979	-1.072	-0.747	-0.746	-1.064	-0.442	-0.449	-0.804	-0.424	-0.949	-1.019	-1.016	-0.218	-0.957	-0.961	-1.020	-1.020	-1.019	-1.024	-1.019	-0.980	-0.826	-1.085	-0.808	-0.819	-0.800	-0.807	-0.950	-0.775	-0.749	-0.740	-0.753	-0.772	-1.068	-0.805	-0.950	-0.941	-0.859	-0.818	-0.925	-1.058	-1.068	-0.338	-1.069	-0.932	-1.059	-1.060	-0.958	-0.951	-0.960	-1.038	-1.065	-0.969	-1.060	-1.060	-1.060	-1.053	-0.958	-0.924	-1.107	-0.812	-1.006	-1.107	-0.810	-1.028	-0.813	-1.107	-1.029	-1.107	-1.107	-1.030	-1.107	-1.029	-1.027	-0.820	-0.823	-1.107	-1.107	-0.844	-0.813	-0.893	-0.821	-0.840	-1.064	-0.820	-0.839	-0.849	-0.856	-0.853	-1.051	-0.842	-0.842	-0.826	-0.826	-0.839	
rs151012614    -0.665	-0.714	-0.699	-0.787	-0.761	-0.679	-0.697	-0.933	-0.730	-0.783	-0.620	-0.665	-0.635	-0.720	-0.721	-0.723	-0.730	-0.724	-0.629	-0.706	-0.529	-0.892	-0.880	-0.711	-0.680	-0.703	-0.700	-0.709	-0.700	-0.693	-0.672	-0.680	-0.919	-0.693	-0.702	-0.665	-0.722	-0.699	-0.673	-0.674	-0.670	-0.670	-0.659	-0.657	-0.715	-0.655	-0.655	-0.720	-0.662	-0.720	-0.640	-0.719	-0.799	-0.361	-0.668	-0.915	-0.246	-0.342	-0.235	-0.911	-0.218	-0.248	-0.180	-0.334	-0.175	-0.908	-0.215	-0.182	-0.907	-0.331	-0.176	-0.190	-0.904	-0.905	-0.324	-0.163	-0.160	-0.600	-0.305	-0.216	-0.644	-0.894	-0.310	-0.309	-0.882	-0.132	-0.134	-0.430	-0.107	-0.739	-0.858	-0.851	+0.151	-0.751	-0.757	-0.859	-0.858	-0.857	-0.865	-0.855	-0.788	-0.589	-0.920	-0.566	-0.580	-0.558	-0.567	-0.830	-0.528	-0.498	-0.488	-0.503	-0.525	-0.880	-0.686	-0.693	-0.656	-0.609	-0.560	-0.633	-0.862	-0.900	-0.286	-0.901	-0.644	-0.865	-0.865	-0.682	-0.831	-0.686	-0.835	-0.874	-0.700	-0.866	-0.866	-0.866	-0.856	-0.697	-0.734	-0.966	-0.580	-0.797	-0.976	-0.578	-0.829	-0.581	-0.971	-0.830	-0.975	-0.975	-0.832	-0.976	-0.831	-0.827	-0.589	-0.593	-0.978	-0.980	-0.528	-0.808	-0.713	-0.813	-0.827	-0.887	-0.812	-0.827	-0.833	-0.838	-0.836	-0.867	-0.827	-0.827	-0.816	-0.817	-0.826	
rs143345600    -0.641	-0.799	-0.784	-0.848	-0.821	-0.766	-0.783	-0.940	-0.808	-0.846	-0.699	-0.744	-0.732	-0.799	-0.799	-0.801	-0.807	-0.802	-0.712	-0.788	-0.892	-0.562	-0.699	-0.794	-0.756	-0.786	-0.784	-0.792	-0.784	-0.778	-0.762	-0.756	-0.915	-0.778	-0.787	-0.743	-0.801	-0.785	-0.750	-0.764	-0.763	-0.762	-0.752	-0.750	-0.796	-0.749	-0.749	-0.792	-0.756	-0.793	-0.737	-0.791	-0.852	-0.579	-0.830	-0.973	-0.316	-0.564	-0.305	-0.971	-0.289	-0.320	-0.249	-0.557	-0.245	-0.969	-0.286	-0.257	-0.968	-0.554	-0.251	-0.265	-0.966	-0.967	-0.547	-0.239	-0.236	-0.668	-0.531	-0.293	-0.811	-0.959	-0.535	-0.534	-0.948	-0.206	-0.211	-0.625	-0.185	-0.793	-0.879	-0.873	+0.025	-0.803	-0.808	-0.880	-0.880	-0.879	-0.887	-0.877	-0.829	-0.632	-0.975	-0.611	-0.624	-0.602	-0.611	-0.863	-0.573	-0.542	-0.533	-0.548	-0.571	-0.943	-0.727	-0.799	-0.791	-0.693	-0.647	-0.772	-0.927	-0.980	-0.266	-0.981	-0.780	-0.929	-0.930	-0.812	-0.864	-0.814	-0.902	-0.938	-0.825	-0.930	-0.930	-0.930	-0.922	-0.819	-0.798	-1.020	-0.656	-0.865	-1.026	-0.654	-0.893	-0.657	-1.023	-0.894	-1.025	-1.026	-0.896	-1.026	-0.896	-0.892	-0.664	-0.668	-1.027	-1.028	-0.701	-0.819	-0.766	-0.825	-0.840	-0.943	-0.824	-0.840	-0.846	-0.852	-0.849	-0.926	-0.840	-0.840	-0.829	-0.829	-0.839	
rs139854824    -0.616	-0.740	-0.722	-0.845	-0.820	-0.700	-0.719	-0.925	-0.750	-0.800	-0.705	-0.748	-0.651	-0.736	-0.737	-0.739	-0.748	-0.740	-0.717	-0.722	-0.880	-0.699	-0.541	-0.730	-0.759	-0.720	-0.716	-0.727	-0.716	-0.709	-0.689	-0.759	-0.906	-0.709	-0.721	-0.747	-0.739	-0.718	-0.754	-0.692	-0.690	-0.689	-0.676	-0.674	-0.732	-0.672	-0.672	-0.793	-0.682	-0.794	-0.657	-0.792	-0.809	-0.525	-0.786	-0.951	-0.215	-0.510	-0.203	-0.948	-0.186	-0.219	-0.143	-0.502	-0.137	-0.946	-0.183	-0.151	-0.945	-0.499	-0.145	-0.161	-0.943	-0.944	-0.492	-0.132	-0.129	-0.591	-0.476	-0.191	-0.766	-0.935	-0.480	-0.478	-0.924	-0.098	-0.103	-0.583	-0.075	-0.744	-0.848	-0.842	+0.109	-0.756	-0.762	-0.849	-0.849	-0.848	-0.857	-0.846	-0.785	-0.577	-0.952	-0.554	-0.568	-0.545	-0.554	-0.843	-0.514	-0.482	-0.472	-0.489	-0.513	-0.918	-0.705	-0.763	-0.750	-0.664	-0.618	-0.730	-0.901	-0.951	-0.249	-0.953	-0.739	-0.904	-0.904	-0.772	-0.844	-0.775	-0.875	-0.912	-0.787	-0.905	-0.905	-0.905	-0.896	-0.781	-0.773	-0.997	-0.630	-0.839	-1.004	-0.627	-0.867	-0.630	-1.001	-0.869	-1.003	-1.004	-0.870	-1.004	-0.870	-0.866	-0.638	-0.641	-1.005	-1.006	-0.661	-0.810	-0.736	-0.815	-0.830	-0.919	-0.814	-0.829	-0.836	-0.841	-0.838	-0.901	-0.830	-0.830	-0.818	-0.819	-0.829	
rs4727438      -0.767	-0.870	-0.862	-0.749	-0.708	-0.856	-0.856	-0.931	-0.861	-0.829	-0.508	-0.561	-0.761	-0.800	-0.800	-0.800	-0.793	-0.800	-0.514	-0.793	-0.711	-0.794	-0.730	-0.652	-0.581	-0.793	-0.792	-0.789	-0.792	-0.791	-0.782	-0.581	-0.851	-0.791	-0.789	-0.561	-0.797	-0.789	-0.572	-0.789	-0.776	-0.776	-0.772	-0.771	-0.810	-0.769	-0.769	-0.639	-0.770	-0.640	-0.754	-0.638	-0.757	-0.780	-0.990	-1.076	-0.537	-0.767	-0.526	-1.076	-0.511	-0.540	-0.474	-0.762	-0.469	-1.075	-0.508	-0.480	-1.075	-0.759	-0.475	-0.488	-1.074	-1.074	-0.754	-0.463	-0.460	-0.838	-0.741	-0.515	-0.977	-1.071	-0.743	-0.742	-1.063	-0.429	-0.436	-0.801	-0.411	-0.945	-1.017	-1.013	-0.208	-0.953	-0.957	-1.018	-1.018	-1.017	-1.022	-1.016	-0.977	-0.821	-1.084	-0.802	-0.814	-0.795	-0.802	-0.949	-0.770	-0.743	-0.735	-0.747	-0.767	-1.067	-0.804	-0.948	-0.937	-0.857	-0.816	-0.922	-1.056	-1.067	-0.338	-1.068	-0.929	-1.058	-1.058	-0.954	-0.950	-0.956	-1.036	-1.063	-0.966	-1.058	-1.058	-1.058	-1.052	-0.955	-0.922	-1.106	-0.811	-1.004	-1.106	-0.809	-1.026	-0.811	-1.106	-1.027	-1.106	-1.106	-1.028	-1.107	-1.028	-1.025	-0.818	-0.821	-1.107	-1.106	-0.840	-0.815	-0.891	-0.822	-0.841	-1.063	-0.821	-0.841	-0.850	-0.857	-0.854	-1.049	-0.843	-0.843	-0.827	-0.827	-0.840	
rs2572011      -0.548	-0.563	-0.550	-0.555	-0.562	-0.527	-0.550	-0.587	-0.582	-0.641	-0.468	-0.466	-0.507	-0.586	-0.586	-0.589	-0.596	-0.590	-0.439	-0.574	-0.680	-0.756	-0.759	-0.581	-0.350	-0.572	-0.569	-0.578	-0.569	-0.562	-0.545	-0.471	-0.606	-0.562	-0.572	-0.465	-0.588	-0.569	-0.469	-0.545	-0.545	-0.545	-0.533	-0.532	-0.572	-0.530	-0.530	-0.475	-0.538	-0.475	-0.518	-0.479	-0.666	-0.318	-0.586	-0.624	-0.153	-0.302	-0.143	-0.617	-0.128	-0.154	-0.096	-0.295	-0.092	-0.611	-0.125	-0.099	-0.608	-0.292	-0.093	-0.105	-0.602	-0.604	-0.285	-0.082	-0.079	-0.476	-0.269	-0.126	-0.565	-0.585	-0.273	-0.272	-0.568	-0.059	-0.056	-0.323	-0.033	-0.513	-0.397	-0.382	+0.338	-0.525	-0.532	-0.400	-0.400	-0.397	-0.415	-0.395	-0.587	-0.377	-0.646	-0.362	-0.368	-0.346	-0.354	-0.633	-0.315	-0.285	-0.276	-0.291	-0.313	-0.577	-0.594	-0.532	-0.447	-0.219	-0.156	-0.424	-0.549	-0.720	-0.162	-0.720	-0.434	-0.553	-0.554	-0.474	-0.637	-0.478	-0.515	-0.569	-0.492	-0.556	-0.556	-0.556	-0.543	-0.494	-0.456	-0.792	-0.222	-0.475	-0.804	-0.218	-0.521	-0.222	-0.798	-0.523	-0.804	-0.804	-0.526	-0.804	-0.525	-0.520	-0.233	-0.238	-0.808	-0.810	-0.234	-0.696	-0.522	-0.700	-0.711	-0.609	-0.700	-0.711	-0.714	-0.718	-0.716	-0.583	-0.710	-0.710	-0.703	-0.703	-0.710	
rs2572010      -0.769	-0.874	-0.866	-0.743	-0.701	-0.860	-0.861	-0.928	-0.864	-0.827	-0.499	-0.552	-0.768	-0.796	-0.796	-0.795	-0.795	-0.794	-0.504	-0.790	-0.703	-0.786	-0.720	-0.793	-0.572	-0.653	-0.790	-0.793	-0.790	-0.790	-0.784	-0.572	-0.845	-0.790	-0.795	-0.552	-0.791	-0.796	-0.563	-0.791	-0.790	-0.789	-0.775	-0.774	-0.807	-0.773	-0.772	-0.631	-0.785	-0.632	-0.759	-0.630	-0.750	-0.786	-0.994	-1.077	-0.552	-0.773	-0.541	-1.077	-0.526	-0.555	-0.489	-0.767	-0.485	-1.076	-0.523	-0.496	-1.076	-0.765	-0.491	-0.504	-1.076	-1.076	-0.759	-0.479	-0.476	-0.846	-0.746	-0.530	-0.980	-1.072	-0.749	-0.748	-1.065	-0.445	-0.453	-0.805	-0.428	-0.950	-1.020	-1.017	-0.221	-0.958	-0.962	-1.021	-1.021	-1.020	-1.025	-1.019	-0.981	-0.827	-1.085	-0.809	-0.820	-0.802	-0.809	-0.950	-0.777	-0.750	-0.742	-0.755	-0.774	-1.068	-0.805	-0.951	-0.942	-0.859	-0.819	-0.926	-1.058	-1.069	-0.338	-1.069	-0.933	-1.060	-1.060	-0.959	-0.951	-0.961	-1.038	-1.065	-0.970	-1.060	-1.060	-1.060	-1.053	-0.959	-0.924	-1.107	-0.813	-1.006	-1.107	-0.811	-1.028	-0.813	-1.108	-1.029	-1.108	-1.107	-1.030	-1.108	-1.030	-1.027	-0.820	-0.823	-1.108	-1.107	-0.845	-0.813	-0.894	-0.820	-0.839	-1.065	-0.819	-0.839	-0.848	-0.855	-0.852	-1.051	-0.841	-0.841	-0.825	-0.825	-0.838	
rs1048705      -0.770	-0.874	-0.868	-0.740	-0.699	-0.862	-0.862	-0.927	-0.865	-0.825	-0.496	-0.549	-0.772	-0.795	-0.795	-0.794	-0.793	-0.793	-0.501	-0.790	-0.700	-0.784	-0.716	-0.792	-0.569	-0.790	-0.654	-0.793	-0.790	-0.790	-0.787	-0.569	-0.843	-0.791	-0.795	-0.548	-0.789	-0.796	-0.560	-0.793	-0.792	-0.791	-0.779	-0.778	-0.807	-0.777	-0.776	-0.628	-0.788	-0.629	-0.764	-0.627	-0.745	-0.788	-0.995	-1.078	-0.556	-0.775	-0.546	-1.077	-0.531	-0.559	-0.494	-0.769	-0.490	-1.077	-0.528	-0.501	-1.077	-0.767	-0.496	-0.509	-1.076	-1.076	-0.761	-0.484	-0.481	-0.849	-0.748	-0.535	-0.982	-1.073	-0.751	-0.750	-1.065	-0.450	-0.458	-0.807	-0.433	-0.952	-1.021	-1.018	-0.225	-0.959	-0.963	-1.022	-1.022	-1.021	-1.026	-1.020	-0.983	-0.829	-1.086	-0.812	-0.823	-0.804	-0.811	-0.950	-0.779	-0.753	-0.745	-0.757	-0.776	-1.069	-0.806	-0.952	-0.943	-0.860	-0.820	-0.928	-1.059	-1.069	-0.338	-1.070	-0.935	-1.061	-1.061	-0.960	-0.951	-0.962	-1.039	-1.066	-0.971	-1.061	-1.061	-1.061	-1.054	-0.961	-0.925	-1.107	-0.814	-1.007	-1.108	-0.812	-1.029	-0.814	-1.108	-1.030	-1.108	-1.108	-1.031	-1.108	-1.031	-1.028	-0.821	-0.824	-1.108	-1.107	-0.847	-0.812	-0.895	-0.820	-0.838	-1.065	-0.818	-0.838	-0.847	-0.854	-0.852	-1.052	-0.841	-0.841	-0.824	-0.825	-0.838	
rs2572009      -0.767	-0.870	-0.863	-0.747	-0.706	-0.858	-0.857	-0.930	-0.862	-0.828	-0.506	-0.559	-0.766	-0.801	-0.800	-0.800	-0.793	-0.800	-0.511	-0.794	-0.709	-0.792	-0.727	-0.789	-0.578	-0.793	-0.793	-0.652	-0.793	-0.792	-0.784	-0.579	-0.850	-0.792	-0.790	-0.558	-0.796	-0.790	-0.570	-0.791	-0.778	-0.778	-0.775	-0.773	-0.810	-0.772	-0.772	-0.637	-0.772	-0.638	-0.757	-0.636	-0.753	-0.782	-0.991	-1.076	-0.540	-0.769	-0.530	-1.076	-0.515	-0.544	-0.477	-0.763	-0.473	-1.075	-0.512	-0.484	-1.075	-0.761	-0.479	-0.492	-1.075	-1.075	-0.755	-0.467	-0.464	-0.840	-0.742	-0.519	-0.978	-1.071	-0.745	-0.744	-1.064	-0.433	-0.440	-0.803	-0.415	-0.946	-1.018	-1.014	-0.212	-0.954	-0.958	-1.019	-1.018	-1.018	-1.023	-1.017	-0.978	-0.822	-1.084	-0.804	-0.815	-0.797	-0.804	-0.949	-0.771	-0.745	-0.737	-0.749	-0.769	-1.067	-0.805	-0.949	-0.938	-0.857	-0.817	-0.923	-1.057	-1.068	-0.338	-1.068	-0.930	-1.059	-1.059	-0.955	-0.950	-0.958	-1.037	-1.064	-0.967	-1.059	-1.059	-1.059	-1.052	-0.956	-0.923	-1.106	-0.811	-1.005	-1.107	-0.809	-1.027	-0.812	-1.107	-1.028	-1.107	-1.107	-1.029	-1.107	-1.029	-1.026	-0.818	-0.822	-1.107	-1.106	-0.841	-0.814	-0.892	-0.822	-0.840	-1.063	-0.821	-0.840	-0.850	-0.856	-0.854	-1.050	-0.843	-0.843	-0.827	-0.827	-0.840	
rs2572008      -0.770	-0.874	-0.868	-0.740	-0.699	-0.862	-0.862	-0.927	-0.865	-0.825	-0.495	-0.549	-0.773	-0.795	-0.795	-0.794	-0.793	-0.793	-0.501	-0.790	-0.700	-0.784	-0.716	-0.792	-0.569	-0.790	-0.790	-0.793	-0.654	-0.790	-0.786	-0.569	-0.843	-0.791	-0.795	-0.548	-0.789	-0.796	-0.560	-0.793	-0.791	-0.791	-0.779	-0.777	-0.807	-0.776	-0.776	-0.628	-0.788	-0.629	-0.764	-0.627	-0.745	-0.788	-0.995	-1.078	-0.556	-0.775	-0.546	-1.077	-0.531	-0.559	-0.494	-0.769	-0.490	-1.077	-0.528	-0.501	-1.076	-0.767	-0.496	-0.509	-1.076	-1.076	-0.761	-0.484	-0.481	-0.849	-0.748	-0.535	-0.982	-1.073	-0.751	-0.750	-1.065	-0.450	-0.458	-0.807	-0.433	-0.952	-1.021	-1.018	-0.225	-0.959	-0.963	-1.022	-1.022	-1.021	-1.026	-1.020	-0.983	-0.829	-1.086	-0.812	-0.823	-0.804	-0.811	-0.950	-0.779	-0.753	-0.745	-0.757	-0.776	-1.069	-0.806	-0.952	-0.943	-0.860	-0.820	-0.928	-1.059	-1.069	-0.338	-1.070	-0.935	-1.061	-1.061	-0.960	-0.951	-0.962	-1.039	-1.066	-0.971	-1.061	-1.061	-1.061	-1.054	-0.961	-0.925	-1.107	-0.814	-1.007	-1.108	-0.812	-1.029	-0.814	-1.108	-1.030	-1.108	-1.108	-1.031	-1.108	-1.031	-1.028	-0.821	-0.824	-1.108	-1.107	-0.847	-0.812	-0.895	-0.819	-0.838	-1.065	-0.818	-0.838	-0.847	-0.854	-0.851	-1.052	-0.841	-0.841	-0.824	-0.825	-0.838	
rs2527922      -0.771	-0.876	-0.870	-0.736	-0.694	-0.865	-0.864	-0.925	-0.866	-0.822	-0.489	-0.542	-0.781	-0.793	-0.793	-0.791	-0.790	-0.791	-0.494	-0.789	-0.693	-0.778	-0.709	-0.791	-0.562	-0.790	-0.790	-0.792	-0.790	-0.654	-0.790	-0.562	-0.839	-0.791	-0.794	-0.542	-0.785	-0.795	-0.553	-0.796	-0.794	-0.794	-0.784	-0.783	-0.806	-0.782	-0.782	-0.622	-0.792	-0.623	-0.772	-0.621	-0.734	-0.791	-0.997	-1.078	-0.565	-0.779	-0.555	-1.078	-0.540	-0.568	-0.504	-0.773	-0.499	-1.077	-0.537	-0.510	-1.077	-0.770	-0.505	-0.518	-1.077	-1.077	-0.765	-0.493	-0.491	-0.855	-0.752	-0.544	-0.984	-1.074	-0.754	-0.753	-1.066	-0.460	-0.467	-0.810	-0.443	-0.955	-1.023	-1.020	-0.234	-0.962	-0.966	-1.024	-1.024	-1.023	-1.028	-1.023	-0.986	-0.834	-1.087	-0.816	-0.827	-0.808	-0.816	-0.951	-0.784	-0.758	-0.749	-0.762	-0.781	-1.070	-0.806	-0.954	-0.946	-0.862	-0.822	-0.931	-1.060	-1.070	-0.338	-1.071	-0.938	-1.062	-1.062	-0.963	-0.952	-0.965	-1.040	-1.067	-0.974	-1.062	-1.062	-1.062	-1.056	-0.963	-0.926	-1.108	-0.816	-1.009	-1.108	-0.814	-1.030	-0.816	-1.109	-1.031	-1.108	-1.108	-1.032	-1.108	-1.032	-1.030	-0.823	-0.826	-1.108	-1.108	-0.850	-0.810	-0.897	-0.818	-0.836	-1.067	-0.816	-0.836	-0.846	-0.853	-0.850	-1.053	-0.839	-0.839	-0.822	-0.823	-0.836	
rs2572006      -0.774	-0.879	-0.875	-0.723	-0.681	-0.872	-0.869	-0.917	-0.866	-0.811	-0.471	-0.524	-0.800	-0.784	-0.784	-0.781	-0.777	-0.780	-0.475	-0.783	-0.672	-0.762	-0.689	-0.782	-0.545	-0.784	-0.787	-0.784	-0.786	-0.790	-0.656	-0.545	-0.826	-0.790	-0.789	-0.524	-0.775	-0.791	-0.535	-0.799	-0.798	-0.798	-0.793	-0.793	-0.799	-0.793	-0.793	-0.605	-0.799	-0.606	-0.789	-0.604	-0.697	-0.801	-1.004	-1.080	-0.590	-0.788	-0.580	-1.080	-0.566	-0.593	-0.531	-0.783	-0.527	-1.079	-0.563	-0.537	-1.079	-0.780	-0.532	-0.545	-1.079	-1.079	-0.775	-0.521	-0.518	-0.869	-0.762	-0.569	-0.991	-1.076	-0.764	-0.763	-1.068	-0.488	-0.496	-0.817	-0.472	-0.964	-1.029	-1.026	-0.257	-0.971	-0.974	-1.030	-1.030	-1.029	-1.034	-1.028	-0.993	-0.845	-1.089	-0.828	-0.839	-0.821	-0.828	-0.952	-0.797	-0.771	-0.763	-0.775	-0.794	-1.073	-0.807	-0.959	-0.954	-0.868	-0.828	-0.939	-1.064	-1.072	-0.337	-1.072	-0.946	-1.065	-1.065	-0.970	-0.953	-0.972	-1.044	-1.070	-0.981	-1.066	-1.065	-1.065	-1.059	-0.970	-0.930	-1.109	-0.821	-1.013	-1.109	-0.819	-1.034	-0.821	-1.110	-1.035	-1.109	-1.109	-1.036	-1.109	-1.036	-1.033	-0.828	-0.831	-1.109	-1.109	-0.858	-0.804	-0.902	-0.812	-0.831	-1.069	-0.811	-0.831	-0.841	-0.848	-0.845	-1.056	-0.834	-0.834	-0.817	-0.817	-0.830	
