## Summary of overall evidence for association with region:
## log10(BF for region) = -0.613956
## p-value for region = NA

## BFs for choosing among multi-SNP models:
## log10(average 1-SNP BF) = -0.530344
## log10(average 2-SNP BF) = -0.853993

## Example posterior probabilities for multi-SNP models, based on default prior: [p(l) propto 0.5^l for l=1,2,...,L]
## posterior probability of 1-SNP = 0.808203
## posterior probability of 2-SNP = 0.191797

## log10(BF) for single SNP and pair of SNPs:
rs4620994      -0.635	-0.800	-0.401	-1.020	-1.019	-1.022	-1.024	-1.079	-1.079	-0.998	-1.075	-1.026	-1.008	-1.014	-1.026	-1.024	-1.080	-1.054	-1.007	-1.076	-1.007	-1.007	-1.053	-0.998	-0.996	-0.996	-1.014	-1.052	-1.000	-1.046	-1.000	-1.045	-1.053	-1.054	-1.016	-1.012	-1.009	-1.090	-1.014	-1.088	-1.048	-0.990	-1.046	-1.045	-1.062	-1.071	-1.001	-1.042	-1.047	-1.004	-1.000	-0.987	-1.009	-1.047	-1.043	-1.058	-1.016	-1.080	-1.064	-1.060	-1.021	-1.038	-1.043	-1.017	-1.056	-1.017	-1.018	-1.048	-1.067	-1.045	-1.014	-1.015	-1.027	-1.048	-1.006	-1.084	-1.080	-1.019	-1.050	-1.056	-1.049	-1.016	-1.062	-1.050	-1.018	-1.050	-1.027	-1.026	-1.031	-1.054	-1.025	-1.050	-1.049	-1.050	-1.049	-1.019	-1.019	-1.018	-1.015	-1.048	-1.057	-1.019	-1.056	-1.090	-1.051	-1.047	-1.048	-1.054	-1.054	-1.048	-1.020	-1.019	-1.047	-1.021	-1.045	-1.020	-1.017	-1.056	-1.047	-1.021	-1.010	-1.061	-1.048	-1.062	-1.055	-1.012	-1.050	-1.050	-1.061	-1.042	-1.063	-1.063	-1.062	-0.885	-0.865	-0.876	-0.865	-0.832	-0.866	-0.858	-0.893	-0.898	-0.893	-0.806	-0.900	-0.909	-0.908	-0.915	-0.901	-0.924	-0.925	-0.836	-0.893	-0.956	-0.993	-0.997	-0.995	-1.011	-1.011	-1.009	-1.038	-1.040	-1.040	-1.040	
rs4887876      -0.800	-0.626	-0.374	-1.013	-1.012	-1.015	-1.016	-1.071	-1.071	-0.992	-1.067	-1.018	-0.998	-1.007	-1.018	-1.017	-1.067	-1.042	-1.001	-1.062	-1.000	-1.000	-1.040	-0.991	-0.989	-0.990	-1.007	-1.039	-0.993	-1.038	-0.993	-1.037	-1.040	-1.041	-1.009	-1.005	-1.003	-1.077	-1.008	-1.075	-1.034	-0.985	-1.032	-1.032	-1.047	-1.057	-0.995	-1.028	-1.034	-0.997	-0.994	-0.982	-1.002	-1.034	-1.035	-1.046	-1.008	-1.066	-1.050	-1.048	-1.014	-1.030	-1.029	-1.010	-1.044	-1.009	-1.010	-1.034	-1.057	-1.037	-1.007	-1.008	-1.020	-1.040	-1.000	-1.071	-1.066	-1.012	-1.042	-1.043	-1.041	-1.010	-1.050	-1.042	-1.011	-1.042	-1.020	-1.020	-1.024	-1.041	-1.018	-1.042	-1.041	-1.042	-1.041	-1.012	-1.012	-1.012	-1.009	-1.040	-1.044	-1.012	-1.043	-1.078	-1.043	-1.039	-1.040	-1.041	-1.041	-1.040	-1.013	-1.012	-1.039	-1.014	-1.031	-1.013	-1.010	-1.043	-1.039	-1.013	-1.003	-1.049	-1.040	-1.051	-1.047	-1.005	-1.042	-1.042	-1.049	-1.030	-1.055	-1.055	-1.054	-0.875	-0.855	-0.867	-0.855	-0.823	-0.856	-0.848	-0.884	-0.888	-0.884	-0.795	-0.891	-0.899	-0.898	-0.906	-0.891	-0.915	-0.915	-0.832	-0.881	-0.951	-0.987	-0.991	-0.989	-1.004	-1.005	-1.003	-1.031	-1.033	-1.033	-1.033	
rs11149927     -0.401	-0.374	+0.058	-0.183	-0.181	-0.191	-0.201	-0.420	-0.425	-0.117	-0.411	-0.193	-0.300	-0.145	-0.201	-0.197	-0.466	-0.430	-0.212	-0.463	-0.211	-0.211	-0.431	-0.184	-0.177	-0.178	-0.235	-0.431	-0.188	-0.368	-0.188	-0.363	-0.432	-0.432	-0.212	-0.197	-0.195	-0.471	-0.207	-0.470	-0.433	-0.121	-0.433	-0.433	-0.451	-0.459	-0.173	-0.433	-0.433	-0.174	-0.160	-0.142	-0.185	-0.435	-0.359	-0.434	-0.226	-0.463	-0.452	-0.433	-0.233	-0.348	-0.432	-0.233	-0.434	-0.231	-0.234	-0.431	-0.427	-0.363	-0.206	-0.208	-0.245	-0.368	-0.186	-0.468	-0.465	-0.219	-0.372	-0.433	-0.370	-0.212	-0.431	-0.373	-0.221	-0.372	-0.243	-0.241	-0.258	-0.435	-0.237	-0.373	-0.369	-0.372	-0.371	-0.225	-0.225	-0.220	-0.211	-0.369	-0.434	-0.224	-0.434	-0.472	-0.375	-0.367	-0.369	-0.434	-0.434	-0.368	-0.227	-0.223	-0.367	-0.226	-0.434	-0.229	-0.216	-0.434	-0.367	-0.230	-0.191	-0.430	-0.376	-0.429	-0.383	-0.200	-0.375	-0.375	-0.429	-0.416	-0.406	-0.402	-0.400	-0.265	-0.248	-0.258	-0.248	-0.216	-0.249	-0.242	-0.273	-0.276	-0.273	-0.192	-0.279	-0.283	-0.282	-0.286	-0.276	-0.296	-0.296	-0.124	-0.254	-0.283	-0.328	-0.332	-0.331	-0.347	-0.347	-0.345	-0.380	-0.382	-0.382	-0.382	
rs13332209     -1.020	-1.013	-0.183	-0.541	-0.683	-0.689	-0.691	-0.980	-0.983	-0.728	-0.974	-0.715	-0.616	-0.706	-0.712	-0.714	-0.985	-0.985	-0.837	-0.980	-0.837	-0.837	-0.983	-0.809	-0.807	-0.807	-0.820	-0.982	-0.812	-0.946	-0.812	-0.944	-0.983	-0.984	-0.819	-0.817	-0.834	-0.995	-0.840	-0.993	-0.978	-0.816	-0.976	-0.976	-0.967	-0.975	-0.824	-0.973	-0.978	-0.812	-0.808	-0.809	-0.816	-0.977	-0.942	-0.987	-0.823	-0.985	-0.968	-0.989	-0.848	-0.938	-0.974	-0.825	-0.985	-0.824	-0.825	-0.979	-0.995	-0.944	-0.822	-0.822	-0.851	-0.948	-0.832	-0.988	-0.984	-0.844	-0.951	-0.985	-0.949	-0.842	-0.991	-0.951	-0.824	-0.951	-0.852	-0.852	-0.854	-0.983	-0.850	-0.951	-0.949	-0.951	-0.950	-0.825	-0.825	-0.845	-0.841	-0.949	-0.985	-0.825	-0.985	-0.995	-0.953	-0.948	-0.949	-0.983	-0.983	-0.948	-0.826	-0.826	-0.947	-0.847	-0.974	-0.826	-0.825	-0.985	-0.947	-0.827	-0.819	-0.990	-0.950	-0.992	-0.957	-0.822	-0.952	-0.952	-0.990	-0.966	-0.985	-0.984	-0.983	-0.772	-0.751	-0.764	-0.752	-0.717	-0.753	-0.745	-0.782	-0.787	-0.782	-0.690	-0.790	-0.800	-0.799	-0.808	-0.796	-0.821	-0.821	-0.752	-0.803	-0.867	-0.904	-0.908	-0.906	-0.922	-0.922	-0.920	-0.950	-0.951	-0.952	-0.952	
rs79967562     -1.019	-1.012	-0.181	-0.683	-0.539	-0.673	-0.675	-0.979	-0.982	-0.725	-0.973	-0.704	-0.596	-0.697	-0.701	-0.703	-0.983	-0.984	-0.837	-0.979	-0.837	-0.837	-0.982	-0.807	-0.805	-0.805	-0.817	-0.981	-0.810	-0.944	-0.810	-0.942	-0.982	-0.983	-0.817	-0.815	-0.832	-0.993	-0.839	-0.991	-0.977	-0.815	-0.975	-0.975	-0.965	-0.974	-0.823	-0.972	-0.977	-0.809	-0.805	-0.807	-0.814	-0.976	-0.940	-0.986	-0.820	-0.983	-0.966	-0.987	-0.846	-0.936	-0.973	-0.822	-0.984	-0.821	-0.822	-0.978	-0.994	-0.943	-0.819	-0.819	-0.850	-0.947	-0.831	-0.986	-0.982	-0.843	-0.950	-0.984	-0.948	-0.841	-0.989	-0.950	-0.821	-0.949	-0.850	-0.850	-0.854	-0.982	-0.849	-0.950	-0.948	-0.949	-0.949	-0.822	-0.822	-0.843	-0.839	-0.947	-0.984	-0.822	-0.984	-0.994	-0.951	-0.946	-0.947	-0.982	-0.982	-0.947	-0.823	-0.823	-0.946	-0.846	-0.973	-0.824	-0.822	-0.983	-0.946	-0.824	-0.817	-0.989	-0.949	-0.991	-0.956	-0.819	-0.951	-0.950	-0.989	-0.965	-0.983	-0.983	-0.982	-0.770	-0.749	-0.762	-0.749	-0.715	-0.751	-0.742	-0.780	-0.785	-0.780	-0.688	-0.788	-0.798	-0.797	-0.806	-0.794	-0.819	-0.820	-0.751	-0.802	-0.866	-0.903	-0.907	-0.904	-0.920	-0.921	-0.919	-0.949	-0.950	-0.950	-0.950	
rs75135707     -1.022	-1.015	-0.191	-0.689	-0.673	-0.542	-0.683	-0.982	-0.985	-0.722	-0.976	-0.709	-0.616	-0.697	-0.707	-0.709	-0.987	-0.986	-0.838	-0.983	-0.837	-0.838	-0.985	-0.808	-0.806	-0.806	-0.820	-0.984	-0.811	-0.948	-0.811	-0.946	-0.985	-0.986	-0.819	-0.816	-0.833	-0.997	-0.839	-0.995	-0.980	-0.814	-0.978	-0.978	-0.969	-0.978	-0.823	-0.975	-0.980	-0.810	-0.806	-0.807	-0.815	-0.979	-0.944	-0.989	-0.823	-0.987	-0.970	-0.990	-0.847	-0.940	-0.976	-0.825	-0.987	-0.824	-0.825	-0.980	-0.997	-0.946	-0.821	-0.821	-0.852	-0.950	-0.831	-0.990	-0.986	-0.844	-0.953	-0.986	-0.951	-0.841	-0.992	-0.953	-0.824	-0.953	-0.852	-0.852	-0.856	-0.984	-0.850	-0.953	-0.951	-0.953	-0.952	-0.824	-0.824	-0.844	-0.840	-0.951	-0.987	-0.824	-0.986	-0.997	-0.954	-0.950	-0.951	-0.985	-0.985	-0.950	-0.826	-0.825	-0.949	-0.847	-0.976	-0.826	-0.824	-0.986	-0.949	-0.827	-0.818	-0.992	-0.952	-0.993	-0.959	-0.821	-0.954	-0.953	-0.992	-0.968	-0.986	-0.985	-0.984	-0.775	-0.754	-0.766	-0.754	-0.719	-0.755	-0.747	-0.784	-0.789	-0.784	-0.692	-0.792	-0.801	-0.801	-0.810	-0.798	-0.823	-0.823	-0.753	-0.805	-0.868	-0.905	-0.909	-0.907	-0.923	-0.923	-0.921	-0.951	-0.953	-0.953	-0.953	
rs77307864     -1.024	-1.016	-0.201	-0.691	-0.675	-0.683	-0.544	-0.984	-0.986	-0.716	-0.978	-0.703	-0.625	-0.693	-0.707	-0.709	-0.990	-0.989	-0.837	-0.986	-0.837	-0.837	-0.987	-0.807	-0.805	-0.805	-0.820	-0.986	-0.809	-0.950	-0.810	-0.948	-0.987	-0.988	-0.819	-0.816	-0.831	-1.000	-0.839	-0.998	-0.982	-0.812	-0.981	-0.980	-0.973	-0.981	-0.821	-0.977	-0.982	-0.808	-0.803	-0.804	-0.814	-0.981	-0.946	-0.991	-0.823	-0.990	-0.973	-0.992	-0.846	-0.942	-0.978	-0.824	-0.989	-0.824	-0.824	-0.983	-0.999	-0.948	-0.819	-0.820	-0.851	-0.952	-0.828	-0.993	-0.989	-0.842	-0.955	-0.989	-0.953	-0.840	-0.994	-0.955	-0.823	-0.955	-0.851	-0.851	-0.855	-0.987	-0.849	-0.955	-0.953	-0.955	-0.954	-0.824	-0.824	-0.842	-0.838	-0.953	-0.989	-0.824	-0.989	-1.000	-0.956	-0.952	-0.953	-0.987	-0.987	-0.952	-0.825	-0.824	-0.951	-0.845	-0.978	-0.826	-0.823	-0.988	-0.951	-0.827	-0.816	-0.994	-0.954	-0.995	-0.961	-0.819	-0.956	-0.955	-0.994	-0.970	-0.988	-0.987	-0.986	-0.777	-0.757	-0.769	-0.757	-0.722	-0.758	-0.750	-0.787	-0.792	-0.787	-0.695	-0.795	-0.804	-0.803	-0.812	-0.800	-0.825	-0.826	-0.754	-0.807	-0.870	-0.907	-0.911	-0.909	-0.925	-0.925	-0.923	-0.953	-0.955	-0.955	-0.955	
rs13334639     -1.079	-1.071	-0.420	-0.980	-0.979	-0.982	-0.984	-0.602	-0.737	-0.952	-0.725	-0.986	-0.976	-0.972	-0.986	-0.985	-1.041	-1.031	-0.965	-1.038	-0.964	-0.965	-1.029	-0.958	-0.956	-0.956	-0.976	-1.028	-0.960	-0.837	-0.960	-0.834	-1.030	-1.030	-0.977	-0.972	-0.967	-1.050	-0.972	-1.049	-1.025	-0.944	-1.023	-1.023	-1.025	-1.034	-0.958	-1.020	-1.025	-0.963	-0.959	-0.943	-0.969	-1.024	-0.838	-1.033	-0.977	-1.042	-1.027	-1.035	-0.980	-0.836	-1.021	-0.979	-1.032	-0.978	-0.979	-1.025	-1.042	-0.845	-0.975	-0.975	-0.987	-0.850	-0.963	-1.046	-1.042	-0.977	-0.855	-1.031	-0.852	-0.974	-1.037	-0.855	-0.979	-0.855	-0.987	-0.986	-0.992	-1.030	-0.984	-0.857	-0.853	-0.855	-0.854	-0.980	-0.980	-0.977	-0.973	-0.853	-1.032	-0.980	-1.031	-1.052	-0.859	-0.852	-0.853	-1.030	-1.030	-0.852	-0.981	-0.980	-0.852	-0.979	-1.021	-0.982	-0.978	-1.031	-0.852	-0.982	-0.970	-1.037	-0.868	-1.039	-0.868	-0.973	-0.862	-0.863	-1.037	-1.023	-1.039	-1.038	-1.037	-0.855	-0.836	-0.847	-0.836	-0.802	-0.837	-0.829	-0.864	-0.868	-0.864	-0.777	-0.871	-0.879	-0.878	-0.885	-0.871	-0.894	-0.895	-0.805	-0.871	-0.924	-0.961	-0.965	-0.963	-0.979	-0.979	-0.977	-1.007	-1.008	-1.009	-1.009	
rs35511290     -1.079	-1.071	-0.425	-0.983	-0.982	-0.985	-0.986	-0.737	-0.601	-0.957	-0.693	-0.988	-0.974	-0.976	-0.988	-0.987	-1.034	-1.033	-0.969	-1.029	-0.968	-0.969	-1.032	-0.961	-0.959	-0.959	-0.978	-1.031	-0.963	-0.815	-0.963	-0.813	-1.032	-1.033	-0.980	-0.975	-0.971	-1.043	-0.976	-1.042	-1.028	-0.950	-1.027	-1.027	-1.016	-1.025	-0.962	-1.023	-1.028	-0.967	-0.963	-0.948	-0.972	-1.028	-0.813	-1.036	-0.979	-1.034	-1.018	-1.037	-0.983	-0.808	-1.025	-0.981	-1.034	-0.980	-0.981	-1.028	-1.042	-0.822	-0.977	-0.978	-0.990	-0.830	-0.967	-1.038	-1.034	-0.981	-0.837	-1.034	-0.833	-0.978	-1.039	-0.838	-0.981	-0.838	-0.989	-0.989	-0.994	-1.032	-0.987	-0.839	-0.834	-0.838	-0.836	-0.983	-0.982	-0.980	-0.977	-0.833	-1.035	-0.982	-1.034	-1.046	-0.843	-0.832	-0.834	-1.033	-1.033	-0.833	-0.983	-0.982	-0.832	-0.983	-1.025	-0.984	-0.980	-1.034	-0.832	-0.984	-0.973	-1.039	-0.855	-1.040	-0.858	-0.975	-0.848	-0.850	-1.039	-1.024	-1.038	-1.037	-1.036	-0.852	-0.832	-0.844	-0.832	-0.799	-0.833	-0.826	-0.861	-0.865	-0.861	-0.773	-0.868	-0.876	-0.875	-0.882	-0.869	-0.892	-0.892	-0.802	-0.869	-0.920	-0.959	-0.963	-0.960	-0.976	-0.977	-0.975	-1.005	-1.007	-1.007	-1.007	
rs58840149     -0.998	-0.992	-0.117	-0.728	-0.725	-0.722	-0.716	-0.952	-0.957	-0.516	-0.943	-0.712	-0.536	-0.734	-0.705	-0.709	-0.937	-0.955	-0.792	-0.931	-0.792	-0.792	-0.953	-0.805	-0.806	-0.806	-0.802	-0.952	-0.808	-0.914	-0.808	-0.911	-0.953	-0.954	-0.807	-0.810	-0.797	-0.949	-0.801	-0.947	-0.947	-0.796	-0.945	-0.945	-0.916	-0.926	-0.794	-0.941	-0.947	-0.812	-0.811	-0.787	-0.813	-0.945	-0.909	-0.957	-0.808	-0.937	-0.917	-0.959	-0.801	-0.905	-0.943	-0.808	-0.955	-0.807	-0.807	-0.948	-0.968	-0.912	-0.812	-0.812	-0.800	-0.916	-0.800	-0.941	-0.936	-0.802	-0.920	-0.955	-0.918	-0.802	-0.961	-0.920	-0.811	-0.920	-0.800	-0.802	-0.798	-0.952	-0.801	-0.920	-0.917	-0.920	-0.919	-0.810	-0.810	-0.802	-0.801	-0.917	-0.955	-0.810	-0.954	-0.949	-0.922	-0.916	-0.917	-0.952	-0.952	-0.916	-0.811	-0.812	-0.915	-0.803	-0.942	-0.811	-0.813	-0.954	-0.915	-0.811	-0.815	-0.961	-0.920	-0.963	-0.928	-0.814	-0.922	-0.921	-0.961	-0.940	-0.962	-0.961	-0.960	-0.732	-0.710	-0.723	-0.710	-0.674	-0.712	-0.703	-0.743	-0.748	-0.743	-0.647	-0.751	-0.761	-0.760	-0.770	-0.758	-0.785	-0.785	-0.735	-0.770	-0.840	-0.877	-0.881	-0.879	-0.895	-0.895	-0.893	-0.924	-0.926	-0.926	-0.926	
rs4611480      -1.075	-1.067	-0.411	-0.974	-0.973	-0.976	-0.978	-0.725	-0.693	-0.943	-0.597	-0.980	-0.974	-0.965	-0.980	-0.979	-1.042	-1.024	-0.957	-1.039	-0.957	-0.957	-1.022	-0.951	-0.949	-0.949	-0.970	-1.021	-0.953	-0.846	-0.953	-0.843	-1.022	-1.023	-0.971	-0.965	-0.959	-1.051	-0.964	-1.049	-1.018	-0.935	-1.016	-1.016	-1.027	-1.036	-0.949	-1.012	-1.017	-0.957	-0.952	-0.934	-0.962	-1.016	-0.848	-1.027	-0.971	-1.043	-1.029	-1.028	-0.973	-0.848	-1.014	-0.973	-1.025	-0.972	-0.973	-1.018	-1.036	-0.852	-0.969	-0.969	-0.980	-0.857	-0.955	-1.047	-1.043	-0.970	-0.860	-1.024	-0.858	-0.967	-1.031	-0.860	-0.973	-0.861	-0.980	-0.979	-0.985	-1.022	-0.978	-0.861	-0.860	-0.861	-0.860	-0.974	-0.974	-0.970	-0.966	-0.859	-1.025	-0.974	-1.024	-1.053	-0.863	-0.859	-0.860	-1.023	-1.023	-0.859	-0.975	-0.974	-0.859	-0.973	-1.013	-0.976	-0.972	-1.024	-0.859	-0.976	-0.963	-1.031	-0.870	-1.033	-0.868	-0.966	-0.865	-0.865	-1.031	-1.017	-1.035	-1.034	-1.033	-0.853	-0.833	-0.845	-0.833	-0.800	-0.834	-0.827	-0.861	-0.865	-0.861	-0.775	-0.868	-0.876	-0.875	-0.882	-0.869	-0.891	-0.892	-0.803	-0.869	-0.922	-0.959	-0.963	-0.960	-0.976	-0.976	-0.974	-1.004	-1.005	-1.005	-1.005	
rs74980367     -1.026	-1.018	-0.193	-0.715	-0.704	-0.709	-0.703	-0.986	-0.988	-0.712	-0.980	-0.546	-0.586	-0.660	-0.693	-0.696	-0.992	-0.991	-0.835	-0.987	-0.835	-0.835	-0.989	-0.805	-0.803	-0.803	-0.818	-0.988	-0.807	-0.952	-0.807	-0.950	-0.989	-0.990	-0.816	-0.814	-0.830	-1.002	-0.837	-1.000	-0.984	-0.810	-0.983	-0.982	-0.974	-0.983	-0.819	-0.979	-0.984	-0.805	-0.800	-0.802	-0.812	-0.983	-0.948	-0.993	-0.821	-0.991	-0.975	-0.994	-0.845	-0.944	-0.980	-0.822	-0.991	-0.822	-0.822	-0.985	-1.001	-0.950	-0.817	-0.817	-0.850	-0.954	-0.827	-0.995	-0.991	-0.841	-0.956	-0.991	-0.955	-0.838	-0.996	-0.957	-0.820	-0.956	-0.849	-0.849	-0.854	-0.989	-0.848	-0.957	-0.955	-0.956	-0.956	-0.821	-0.821	-0.841	-0.837	-0.954	-0.991	-0.821	-0.991	-1.002	-0.958	-0.953	-0.954	-0.989	-0.989	-0.954	-0.823	-0.822	-0.953	-0.844	-0.980	-0.823	-0.821	-0.990	-0.953	-0.824	-0.814	-0.996	-0.955	-0.997	-0.963	-0.817	-0.957	-0.957	-0.996	-0.972	-0.990	-0.989	-0.988	-0.776	-0.756	-0.768	-0.756	-0.721	-0.757	-0.749	-0.786	-0.791	-0.786	-0.694	-0.794	-0.804	-0.803	-0.812	-0.800	-0.825	-0.825	-0.756	-0.808	-0.873	-0.909	-0.913	-0.911	-0.927	-0.927	-0.925	-0.955	-0.957	-0.957	-0.957	
rs12599872     -1.008	-0.998	-0.300	-0.616	-0.596	-0.616	-0.625	-0.976	-0.974	-0.536	-0.974	-0.586	-0.532	-0.484	-0.617	-0.614	-0.995	-0.980	-0.719	-0.992	-0.718	-0.718	-0.979	-0.672	-0.662	-0.663	-0.727	-0.978	-0.675	-0.948	-0.675	-0.946	-0.979	-0.980	-0.704	-0.686	-0.695	-1.003	-0.714	-1.002	-0.976	-0.648	-0.974	-0.974	-0.982	-0.989	-0.669	-0.972	-0.976	-0.655	-0.639	-0.632	-0.675	-0.975	-0.945	-0.983	-0.724	-0.995	-0.983	-0.984	-0.739	-0.941	-0.973	-0.729	-0.981	-0.729	-0.730	-0.976	-0.987	-0.947	-0.697	-0.700	-0.751	-0.949	-0.687	-0.998	-0.995	-0.724	-0.951	-0.981	-0.950	-0.716	-0.985	-0.951	-0.714	-0.951	-0.750	-0.747	-0.765	-0.980	-0.743	-0.951	-0.950	-0.951	-0.950	-0.719	-0.719	-0.722	-0.713	-0.949	-0.981	-0.718	-0.981	-1.003	-0.952	-0.949	-0.949	-0.980	-0.980	-0.949	-0.723	-0.718	-0.948	-0.731	-0.973	-0.724	-0.712	-0.981	-0.948	-0.726	-0.683	-0.984	-0.949	-0.985	-0.955	-0.694	-0.951	-0.950	-0.984	-0.962	-0.973	-0.971	-0.970	-0.791	-0.772	-0.783	-0.772	-0.740	-0.773	-0.766	-0.800	-0.804	-0.800	-0.715	-0.807	-0.815	-0.814	-0.821	-0.809	-0.831	-0.832	-0.730	-0.811	-0.859	-0.897	-0.901	-0.899	-0.915	-0.915	-0.913	-0.943	-0.944	-0.945	-0.945	
rs12596685     -1.014	-1.007	-0.145	-0.706	-0.697	-0.697	-0.693	-0.972	-0.976	-0.734	-0.965	-0.660	-0.484	-0.533	-0.657	-0.666	-0.973	-0.977	-0.833	-0.968	-0.833	-0.833	-0.975	-0.800	-0.799	-0.799	-0.806	-0.974	-0.803	-0.937	-0.803	-0.935	-0.975	-0.976	-0.807	-0.807	-0.829	-0.984	-0.835	-0.982	-0.970	-0.815	-0.968	-0.968	-0.954	-0.963	-0.821	-0.965	-0.970	-0.804	-0.801	-0.808	-0.808	-0.969	-0.932	-0.979	-0.810	-0.972	-0.955	-0.981	-0.840	-0.928	-0.966	-0.811	-0.977	-0.810	-0.811	-0.971	-0.988	-0.935	-0.811	-0.811	-0.844	-0.939	-0.829	-0.976	-0.972	-0.838	-0.942	-0.977	-0.940	-0.836	-0.983	-0.942	-0.812	-0.942	-0.843	-0.844	-0.845	-0.975	-0.842	-0.942	-0.940	-0.942	-0.941	-0.812	-0.812	-0.838	-0.835	-0.940	-0.977	-0.812	-0.977	-0.984	-0.944	-0.939	-0.940	-0.975	-0.975	-0.939	-0.813	-0.813	-0.938	-0.840	-0.966	-0.813	-0.813	-0.976	-0.938	-0.814	-0.810	-0.982	-0.941	-0.984	-0.949	-0.812	-0.943	-0.943	-0.982	-0.958	-0.978	-0.977	-0.976	-0.757	-0.735	-0.748	-0.735	-0.700	-0.737	-0.728	-0.767	-0.772	-0.767	-0.673	-0.775	-0.785	-0.784	-0.794	-0.782	-0.808	-0.808	-0.747	-0.792	-0.860	-0.897	-0.901	-0.899	-0.915	-0.915	-0.913	-0.943	-0.944	-0.945	-0.945	
rs11649495     -1.026	-1.018	-0.201	-0.712	-0.701	-0.707	-0.707	-0.986	-0.988	-0.705	-0.980	-0.693	-0.617	-0.657	-0.546	-0.678	-0.992	-0.990	-0.832	-0.988	-0.831	-0.832	-0.989	-0.800	-0.798	-0.798	-0.816	-0.988	-0.804	-0.952	-0.804	-0.950	-0.989	-0.990	-0.813	-0.809	-0.825	-1.002	-0.833	-1.000	-0.984	-0.804	-0.982	-0.982	-0.974	-0.983	-0.814	-0.979	-0.984	-0.802	-0.797	-0.796	-0.808	-0.983	-0.948	-0.993	-0.818	-0.991	-0.975	-0.994	-0.842	-0.944	-0.980	-0.820	-0.991	-0.819	-0.820	-0.985	-1.001	-0.950	-0.814	-0.815	-0.848	-0.954	-0.823	-0.995	-0.991	-0.838	-0.957	-0.991	-0.955	-0.835	-0.996	-0.957	-0.818	-0.957	-0.847	-0.847	-0.852	-0.989	-0.845	-0.957	-0.955	-0.957	-0.956	-0.819	-0.819	-0.838	-0.834	-0.955	-0.991	-0.819	-0.991	-1.002	-0.959	-0.954	-0.955	-0.989	-0.989	-0.954	-0.821	-0.820	-0.953	-0.841	-0.980	-0.821	-0.819	-0.990	-0.953	-0.822	-0.811	-0.996	-0.956	-0.997	-0.963	-0.814	-0.958	-0.957	-0.996	-0.972	-0.990	-0.989	-0.988	-0.779	-0.758	-0.770	-0.758	-0.723	-0.759	-0.751	-0.788	-0.793	-0.788	-0.697	-0.796	-0.805	-0.805	-0.814	-0.802	-0.826	-0.827	-0.756	-0.809	-0.873	-0.910	-0.914	-0.911	-0.927	-0.927	-0.926	-0.955	-0.957	-0.957	-0.957	
rs11149932     -1.024	-1.017	-0.197	-0.714	-0.703	-0.709	-0.709	-0.985	-0.987	-0.709	-0.979	-0.696	-0.614	-0.666	-0.678	-0.545	-0.990	-0.989	-0.830	-0.985	-0.829	-0.830	-0.987	-0.798	-0.795	-0.796	-0.813	-0.987	-0.801	-0.950	-0.801	-0.948	-0.987	-0.988	-0.809	-0.806	-0.823	-1.000	-0.830	-0.998	-0.983	-0.802	-0.981	-0.981	-0.972	-0.980	-0.812	-0.977	-0.983	-0.799	-0.793	-0.794	-0.804	-0.982	-0.946	-0.991	-0.814	-0.989	-0.973	-0.993	-0.840	-0.942	-0.979	-0.816	-0.990	-0.815	-0.816	-0.983	-0.999	-0.949	-0.811	-0.811	-0.845	-0.952	-0.821	-0.993	-0.989	-0.836	-0.955	-0.989	-0.954	-0.833	-0.995	-0.955	-0.815	-0.955	-0.844	-0.844	-0.849	-0.987	-0.843	-0.956	-0.953	-0.955	-0.954	-0.815	-0.815	-0.835	-0.831	-0.953	-0.990	-0.815	-0.989	-1.000	-0.957	-0.952	-0.953	-0.987	-0.987	-0.952	-0.817	-0.816	-0.951	-0.839	-0.979	-0.818	-0.815	-0.989	-0.951	-0.818	-0.808	-0.994	-0.954	-0.996	-0.961	-0.811	-0.956	-0.956	-0.994	-0.970	-0.988	-0.987	-0.987	-0.776	-0.755	-0.768	-0.755	-0.721	-0.757	-0.748	-0.786	-0.791	-0.786	-0.694	-0.794	-0.803	-0.802	-0.812	-0.800	-0.825	-0.825	-0.755	-0.807	-0.871	-0.908	-0.912	-0.910	-0.926	-0.926	-0.924	-0.954	-0.955	-0.956	-0.956	
rs2201672      -1.080	-1.067	-0.466	-0.985	-0.983	-0.987	-0.990	-1.041	-1.034	-0.937	-1.042	-0.992	-0.995	-0.973	-0.992	-0.990	-0.628	-1.009	-0.942	-0.765	-0.942	-0.942	-1.010	-0.947	-0.943	-0.944	-0.972	-1.010	-0.948	-1.003	-0.948	-1.004	-1.011	-1.011	-0.969	-0.961	-0.941	-0.804	-0.949	-0.805	-1.010	-0.917	-1.009	-1.009	-0.785	-0.787	-0.928	-1.008	-1.011	-0.949	-0.943	-0.908	-0.956	-1.015	-1.003	-1.018	-0.971	-0.838	-0.820	-1.018	-0.962	-1.002	-1.014	-0.974	-1.018	-0.973	-0.975	-1.016	-1.015	-1.005	-0.965	-0.966	-0.971	-1.005	-0.935	-0.836	-0.832	-0.956	-1.006	-1.017	-1.006	-0.952	-1.017	-1.006	-0.972	-1.006	-0.970	-0.968	-0.978	-1.017	-0.966	-1.006	-1.006	-1.006	-1.006	-0.974	-0.973	-0.956	-0.951	-1.005	-1.017	-0.973	-1.017	-0.837	-1.007	-1.005	-1.005	-1.017	-1.017	-1.005	-0.975	-0.973	-1.005	-0.959	-1.014	-0.975	-0.970	-1.017	-1.005	-0.976	-0.958	-1.011	-1.005	-1.011	-1.006	-0.962	-1.006	-1.004	-1.011	-1.024	-1.019	-1.017	-1.016	-0.886	-0.867	-0.878	-0.866	-0.833	-0.867	-0.860	-0.894	-0.898	-0.894	-0.807	-0.901	-0.908	-0.907	-0.914	-0.900	-0.923	-0.923	-0.798	-0.908	-0.936	-0.975	-0.980	-0.978	-0.994	-0.995	-0.992	-1.025	-1.026	-1.027	-1.027	
rs71394284     -1.054	-1.042	-0.430	-0.985	-0.984	-0.986	-0.989	-1.031	-1.033	-0.955	-1.024	-0.991	-0.980	-0.977	-0.990	-0.989	-1.009	-0.603	-0.959	-1.006	-0.959	-0.959	-0.736	-0.955	-0.952	-0.952	-0.974	-0.736	-0.956	-0.997	-0.956	-0.993	-0.745	-0.744	-0.974	-0.969	-0.961	-1.019	-0.967	-1.018	-0.747	-0.942	-0.741	-0.741	-0.993	-1.002	-0.951	-0.740	-0.756	-0.959	-0.955	-0.935	-0.965	-0.784	-0.992	-0.799	-0.975	-1.012	-0.997	-0.800	-0.975	-0.986	-0.801	-0.977	-0.798	-0.976	-0.977	-0.809	-0.796	-0.994	-0.972	-0.972	-0.983	-0.998	-0.956	-1.016	-1.012	-0.972	-1.002	-0.801	-1.000	-0.969	-0.803	-1.002	-0.977	-1.001	-0.982	-0.981	-0.988	-0.797	-0.980	-1.002	-1.000	-1.001	-1.001	-0.978	-0.978	-0.972	-0.968	-0.999	-0.801	-0.978	-0.800	-1.021	-1.003	-0.998	-0.999	-0.798	-0.798	-0.998	-0.979	-0.977	-0.997	-0.974	-0.786	-0.979	-0.975	-0.803	-0.997	-0.980	-0.966	-0.784	-1.001	-0.783	-1.008	-0.969	-1.003	-1.002	-0.788	-0.951	-0.949	-0.951	-0.950	-0.857	-0.837	-0.849	-0.837	-0.803	-0.838	-0.831	-0.865	-0.870	-0.865	-0.777	-0.872	-0.880	-0.879	-0.886	-0.872	-0.895	-0.896	-0.766	-0.875	-0.896	-0.938	-0.943	-0.941	-0.958	-0.958	-0.956	-0.991	-0.993	-0.993	-0.993	
rs11149934     -1.007	-1.001	-0.212	-0.837	-0.837	-0.838	-0.837	-0.965	-0.969	-0.792	-0.957	-0.835	-0.719	-0.833	-0.832	-0.830	-0.942	-0.959	-0.526	-0.936	-0.652	-0.652	-0.957	-0.742	-0.741	-0.741	-0.744	-0.956	-0.744	-0.928	-0.744	-0.925	-0.957	-0.958	-0.769	-0.771	-0.725	-0.954	-0.733	-0.952	-0.951	-0.718	-0.949	-0.949	-0.917	-0.930	-0.718	-0.945	-0.951	-0.772	-0.770	-0.704	-0.775	-0.949	-0.923	-0.961	-0.764	-0.939	-0.918	-0.963	-0.731	-0.917	-0.947	-0.764	-0.959	-0.763	-0.764	-0.952	-0.972	-0.926	-0.777	-0.777	-0.739	-0.930	-0.733	-0.946	-0.940	-0.740	-0.933	-0.959	-0.931	-0.739	-0.966	-0.933	-0.776	-0.933	-0.741	-0.743	-0.736	-0.956	-0.741	-0.934	-0.931	-0.933	-0.932	-0.775	-0.775	-0.740	-0.739	-0.931	-0.959	-0.776	-0.958	-0.954	-0.935	-0.930	-0.931	-0.956	-0.956	-0.930	-0.776	-0.777	-0.929	-0.743	-0.946	-0.776	-0.778	-0.958	-0.929	-0.777	-0.778	-0.966	-0.933	-0.968	-0.941	-0.779	-0.935	-0.934	-0.966	-0.946	-0.969	-0.968	-0.968	-0.744	-0.722	-0.735	-0.722	-0.686	-0.724	-0.715	-0.754	-0.759	-0.754	-0.659	-0.763	-0.772	-0.771	-0.781	-0.770	-0.796	-0.796	-0.741	-0.779	-0.851	-0.888	-0.892	-0.890	-0.906	-0.906	-0.904	-0.935	-0.936	-0.937	-0.937	
rs56024498     -1.076	-1.062	-0.463	-0.980	-0.979	-0.983	-0.986	-1.038	-1.029	-0.931	-1.039	-0.987	-0.992	-0.968	-0.988	-0.985	-0.765	-1.006	-0.936	-0.624	-0.936	-0.936	-1.006	-0.942	-0.938	-0.938	-0.968	-1.006	-0.943	-1.000	-0.944	-1.001	-1.007	-1.007	-0.964	-0.956	-0.935	-0.793	-0.943	-0.795	-1.007	-0.910	-1.006	-1.006	-0.786	-0.784	-0.922	-1.005	-1.008	-0.944	-0.937	-0.902	-0.951	-1.012	-1.000	-1.014	-0.966	-0.834	-0.822	-1.014	-0.957	-1.000	-1.011	-0.970	-1.014	-0.968	-0.970	-1.012	-1.010	-1.001	-0.960	-0.961	-0.966	-1.002	-0.929	-0.834	-0.830	-0.951	-1.003	-1.013	-1.002	-0.946	-1.013	-1.003	-0.967	-1.003	-0.965	-0.963	-0.973	-1.014	-0.961	-1.003	-1.003	-1.003	-1.003	-0.969	-0.969	-0.950	-0.945	-1.002	-1.014	-0.969	-1.014	-0.832	-1.003	-1.002	-1.002	-1.014	-1.014	-1.002	-0.970	-0.968	-1.002	-0.954	-1.011	-0.971	-0.965	-1.014	-1.002	-0.971	-0.953	-1.007	-1.001	-1.006	-1.003	-0.957	-1.002	-1.001	-1.007	-1.021	-1.014	-1.013	-1.011	-0.882	-0.864	-0.875	-0.863	-0.830	-0.864	-0.857	-0.891	-0.895	-0.891	-0.804	-0.897	-0.905	-0.904	-0.910	-0.897	-0.919	-0.920	-0.793	-0.906	-0.931	-0.971	-0.975	-0.974	-0.990	-0.990	-0.988	-1.021	-1.022	-1.023	-1.023	
rs13331161     -1.007	-1.000	-0.211	-0.837	-0.837	-0.837	-0.837	-0.964	-0.968	-0.792	-0.957	-0.835	-0.718	-0.833	-0.831	-0.829	-0.942	-0.959	-0.652	-0.936	-0.526	-0.652	-0.957	-0.741	-0.741	-0.741	-0.743	-0.956	-0.743	-0.927	-0.744	-0.925	-0.957	-0.958	-0.768	-0.770	-0.725	-0.953	-0.732	-0.951	-0.951	-0.718	-0.948	-0.948	-0.916	-0.929	-0.718	-0.944	-0.951	-0.771	-0.770	-0.705	-0.775	-0.949	-0.922	-0.961	-0.763	-0.938	-0.917	-0.963	-0.731	-0.917	-0.946	-0.763	-0.959	-0.762	-0.763	-0.951	-0.972	-0.925	-0.776	-0.776	-0.738	-0.929	-0.733	-0.945	-0.939	-0.739	-0.933	-0.958	-0.931	-0.739	-0.965	-0.933	-0.775	-0.933	-0.740	-0.742	-0.735	-0.956	-0.741	-0.933	-0.931	-0.932	-0.932	-0.775	-0.775	-0.740	-0.739	-0.930	-0.959	-0.775	-0.958	-0.954	-0.935	-0.929	-0.930	-0.956	-0.956	-0.929	-0.775	-0.776	-0.928	-0.742	-0.945	-0.776	-0.777	-0.958	-0.928	-0.777	-0.778	-0.965	-0.932	-0.967	-0.940	-0.778	-0.934	-0.934	-0.966	-0.945	-0.968	-0.968	-0.967	-0.743	-0.721	-0.734	-0.721	-0.685	-0.723	-0.714	-0.754	-0.759	-0.754	-0.658	-0.762	-0.772	-0.771	-0.780	-0.769	-0.795	-0.796	-0.741	-0.779	-0.851	-0.888	-0.892	-0.889	-0.906	-0.906	-0.904	-0.934	-0.936	-0.936	-0.936	
rs13331167     -1.007	-1.000	-0.211	-0.837	-0.837	-0.838	-0.837	-0.965	-0.969	-0.792	-0.957	-0.835	-0.718	-0.833	-0.832	-0.830	-0.942	-0.959	-0.652	-0.936	-0.652	-0.526	-0.957	-0.742	-0.741	-0.741	-0.743	-0.956	-0.744	-0.927	-0.744	-0.925	-0.957	-0.958	-0.768	-0.770	-0.725	-0.954	-0.732	-0.951	-0.951	-0.718	-0.949	-0.949	-0.917	-0.930	-0.718	-0.945	-0.951	-0.771	-0.770	-0.704	-0.775	-0.949	-0.923	-0.961	-0.763	-0.938	-0.918	-0.963	-0.731	-0.917	-0.946	-0.764	-0.959	-0.762	-0.763	-0.952	-0.972	-0.926	-0.776	-0.776	-0.739	-0.930	-0.733	-0.945	-0.940	-0.739	-0.933	-0.959	-0.931	-0.739	-0.966	-0.933	-0.775	-0.933	-0.740	-0.742	-0.736	-0.956	-0.741	-0.933	-0.931	-0.933	-0.932	-0.775	-0.775	-0.740	-0.739	-0.931	-0.959	-0.775	-0.958	-0.954	-0.935	-0.929	-0.931	-0.956	-0.956	-0.930	-0.776	-0.776	-0.929	-0.742	-0.946	-0.776	-0.777	-0.958	-0.929	-0.777	-0.778	-0.966	-0.933	-0.968	-0.940	-0.778	-0.934	-0.934	-0.966	-0.946	-0.968	-0.968	-0.968	-0.744	-0.721	-0.734	-0.722	-0.686	-0.723	-0.715	-0.754	-0.759	-0.754	-0.658	-0.762	-0.772	-0.771	-0.781	-0.769	-0.796	-0.796	-0.741	-0.779	-0.851	-0.888	-0.892	-0.890	-0.906	-0.906	-0.904	-0.935	-0.936	-0.936	-0.936	
rs35083063     -1.053	-1.040	-0.431	-0.983	-0.982	-0.985	-0.987	-1.029	-1.032	-0.953	-1.022	-0.989	-0.979	-0.975	-0.989	-0.987	-1.010	-0.736	-0.957	-1.006	-0.957	-0.957	-0.602	-0.953	-0.950	-0.950	-0.972	-0.735	-0.954	-0.995	-0.954	-0.992	-0.742	-0.741	-0.973	-0.967	-0.959	-1.019	-0.965	-1.018	-0.747	-0.940	-0.743	-0.743	-0.994	-1.002	-0.948	-0.743	-0.757	-0.957	-0.953	-0.932	-0.963	-0.785	-0.990	-0.797	-0.973	-1.012	-0.998	-0.797	-0.973	-0.984	-0.802	-0.975	-0.797	-0.974	-0.975	-0.808	-0.790	-0.992	-0.970	-0.971	-0.981	-0.997	-0.954	-1.016	-1.013	-0.970	-1.000	-0.799	-0.998	-0.967	-0.799	-1.000	-0.975	-1.000	-0.980	-0.979	-0.986	-0.796	-0.978	-1.000	-0.998	-0.999	-0.999	-0.976	-0.976	-0.970	-0.966	-0.997	-0.799	-0.976	-0.798	-1.021	-1.002	-0.996	-0.997	-0.797	-0.797	-0.997	-0.977	-0.976	-0.996	-0.972	-0.788	-0.977	-0.974	-0.802	-0.996	-0.978	-0.964	-0.780	-0.999	-0.778	-1.007	-0.967	-1.001	-1.001	-0.783	-0.950	-0.947	-0.948	-0.947	-0.855	-0.836	-0.847	-0.836	-0.802	-0.837	-0.829	-0.864	-0.868	-0.864	-0.776	-0.871	-0.879	-0.878	-0.885	-0.871	-0.894	-0.894	-0.762	-0.874	-0.894	-0.936	-0.940	-0.939	-0.956	-0.956	-0.954	-0.989	-0.991	-0.991	-0.991	
rs77953243     -0.998	-0.991	-0.184	-0.809	-0.807	-0.808	-0.807	-0.958	-0.961	-0.805	-0.951	-0.805	-0.672	-0.800	-0.800	-0.798	-0.947	-0.955	-0.742	-0.942	-0.741	-0.742	-0.953	-0.517	-0.641	-0.641	-0.653	-0.952	-0.650	-0.922	-0.650	-0.920	-0.953	-0.954	-0.705	-0.708	-0.755	-0.958	-0.763	-0.956	-0.947	-0.741	-0.945	-0.945	-0.924	-0.936	-0.746	-0.941	-0.947	-0.710	-0.706	-0.730	-0.716	-0.946	-0.918	-0.957	-0.697	-0.943	-0.925	-0.958	-0.764	-0.913	-0.943	-0.698	-0.955	-0.696	-0.698	-0.948	-0.967	-0.921	-0.718	-0.718	-0.774	-0.925	-0.758	-0.950	-0.945	-0.769	-0.928	-0.954	-0.926	-0.767	-0.961	-0.928	-0.718	-0.928	-0.774	-0.775	-0.776	-0.952	-0.773	-0.928	-0.926	-0.927	-0.927	-0.717	-0.717	-0.769	-0.766	-0.925	-0.955	-0.717	-0.954	-0.957	-0.929	-0.924	-0.925	-0.952	-0.952	-0.925	-0.719	-0.720	-0.923	-0.771	-0.942	-0.720	-0.721	-0.954	-0.924	-0.721	-0.721	-0.961	-0.927	-0.963	-0.934	-0.723	-0.929	-0.928	-0.961	-0.937	-0.959	-0.959	-0.958	-0.736	-0.714	-0.727	-0.714	-0.678	-0.715	-0.707	-0.746	-0.751	-0.746	-0.651	-0.755	-0.764	-0.763	-0.774	-0.762	-0.788	-0.789	-0.731	-0.772	-0.845	-0.882	-0.886	-0.883	-0.899	-0.900	-0.898	-0.928	-0.929	-0.929	-0.929	
rs78340880     -0.996	-0.989	-0.177	-0.807	-0.805	-0.806	-0.805	-0.956	-0.959	-0.806	-0.949	-0.803	-0.662	-0.799	-0.798	-0.795	-0.943	-0.952	-0.741	-0.938	-0.741	-0.741	-0.950	-0.641	-0.514	-0.639	-0.642	-0.949	-0.646	-0.920	-0.646	-0.918	-0.950	-0.951	-0.701	-0.705	-0.755	-0.954	-0.762	-0.952	-0.944	-0.742	-0.942	-0.942	-0.920	-0.932	-0.747	-0.938	-0.945	-0.709	-0.706	-0.732	-0.715	-0.943	-0.915	-0.954	-0.694	-0.939	-0.921	-0.956	-0.763	-0.910	-0.940	-0.694	-0.952	-0.692	-0.694	-0.945	-0.964	-0.918	-0.716	-0.716	-0.773	-0.922	-0.758	-0.946	-0.941	-0.768	-0.925	-0.952	-0.923	-0.766	-0.958	-0.925	-0.715	-0.925	-0.772	-0.773	-0.774	-0.949	-0.772	-0.925	-0.923	-0.925	-0.924	-0.714	-0.714	-0.768	-0.765	-0.923	-0.952	-0.714	-0.951	-0.954	-0.927	-0.921	-0.923	-0.950	-0.949	-0.922	-0.715	-0.716	-0.921	-0.770	-0.940	-0.716	-0.718	-0.951	-0.921	-0.718	-0.720	-0.958	-0.924	-0.960	-0.932	-0.721	-0.926	-0.926	-0.958	-0.934	-0.957	-0.956	-0.956	-0.732	-0.710	-0.723	-0.710	-0.674	-0.712	-0.703	-0.743	-0.748	-0.743	-0.647	-0.751	-0.761	-0.760	-0.770	-0.759	-0.785	-0.786	-0.729	-0.769	-0.843	-0.880	-0.884	-0.881	-0.897	-0.897	-0.896	-0.925	-0.927	-0.927	-0.927	
rs74743593     -0.996	-0.990	-0.178	-0.807	-0.805	-0.806	-0.805	-0.956	-0.959	-0.806	-0.949	-0.803	-0.663	-0.799	-0.798	-0.796	-0.944	-0.952	-0.741	-0.938	-0.741	-0.741	-0.950	-0.641	-0.639	-0.514	-0.643	-0.949	-0.646	-0.920	-0.647	-0.918	-0.950	-0.951	-0.702	-0.705	-0.755	-0.955	-0.762	-0.952	-0.945	-0.742	-0.942	-0.942	-0.920	-0.932	-0.747	-0.938	-0.945	-0.709	-0.706	-0.732	-0.715	-0.943	-0.915	-0.954	-0.694	-0.940	-0.921	-0.956	-0.763	-0.910	-0.940	-0.694	-0.952	-0.692	-0.694	-0.945	-0.964	-0.918	-0.716	-0.716	-0.773	-0.922	-0.758	-0.946	-0.942	-0.768	-0.925	-0.952	-0.923	-0.766	-0.958	-0.925	-0.715	-0.925	-0.773	-0.773	-0.774	-0.949	-0.772	-0.925	-0.923	-0.925	-0.924	-0.714	-0.714	-0.768	-0.765	-0.923	-0.952	-0.714	-0.952	-0.954	-0.927	-0.922	-0.923	-0.950	-0.950	-0.922	-0.716	-0.717	-0.921	-0.770	-0.940	-0.716	-0.719	-0.951	-0.921	-0.718	-0.720	-0.958	-0.924	-0.960	-0.932	-0.721	-0.926	-0.926	-0.958	-0.934	-0.957	-0.957	-0.956	-0.732	-0.710	-0.723	-0.710	-0.674	-0.712	-0.703	-0.743	-0.748	-0.743	-0.647	-0.751	-0.761	-0.760	-0.770	-0.759	-0.785	-0.786	-0.729	-0.769	-0.843	-0.880	-0.884	-0.881	-0.897	-0.898	-0.896	-0.926	-0.927	-0.927	-0.927	
rs4887882      -1.014	-1.007	-0.235	-0.820	-0.817	-0.820	-0.820	-0.976	-0.978	-0.802	-0.970	-0.818	-0.727	-0.806	-0.816	-0.813	-0.972	-0.974	-0.744	-0.968	-0.743	-0.743	-0.972	-0.653	-0.642	-0.643	-0.534	-0.971	-0.648	-0.941	-0.648	-0.940	-0.972	-0.973	-0.719	-0.713	-0.749	-0.983	-0.761	-0.981	-0.967	-0.723	-0.965	-0.965	-0.952	-0.962	-0.734	-0.962	-0.967	-0.700	-0.690	-0.711	-0.716	-0.966	-0.938	-0.976	-0.725	-0.970	-0.953	-0.978	-0.769	-0.933	-0.963	-0.726	-0.974	-0.727	-0.726	-0.968	-0.985	-0.940	-0.724	-0.725	-0.781	-0.943	-0.748	-0.975	-0.971	-0.768	-0.946	-0.974	-0.945	-0.764	-0.980	-0.946	-0.730	-0.946	-0.780	-0.780	-0.786	-0.972	-0.777	-0.946	-0.944	-0.946	-0.945	-0.731	-0.731	-0.767	-0.762	-0.944	-0.974	-0.731	-0.974	-0.982	-0.948	-0.943	-0.944	-0.972	-0.972	-0.943	-0.734	-0.732	-0.942	-0.772	-0.963	-0.734	-0.731	-0.974	-0.942	-0.737	-0.720	-0.979	-0.945	-0.981	-0.952	-0.725	-0.947	-0.947	-0.979	-0.956	-0.976	-0.975	-0.974	-0.763	-0.741	-0.754	-0.741	-0.706	-0.743	-0.734	-0.773	-0.777	-0.773	-0.680	-0.780	-0.790	-0.789	-0.798	-0.787	-0.812	-0.812	-0.744	-0.795	-0.861	-0.898	-0.902	-0.900	-0.916	-0.916	-0.914	-0.944	-0.945	-0.946	-0.946	
rs997399       -1.052	-1.039	-0.431	-0.982	-0.981	-0.984	-0.986	-1.028	-1.031	-0.952	-1.021	-0.988	-0.978	-0.974	-0.988	-0.987	-1.010	-0.736	-0.956	-1.006	-0.956	-0.956	-0.735	-0.952	-0.949	-0.949	-0.971	-0.601	-0.953	-0.994	-0.953	-0.990	-0.741	-0.738	-0.972	-0.966	-0.958	-1.019	-0.964	-1.018	-0.747	-0.938	-0.743	-0.743	-0.994	-1.002	-0.947	-0.743	-0.756	-0.956	-0.951	-0.931	-0.962	-0.785	-0.989	-0.795	-0.972	-1.012	-0.998	-0.795	-0.972	-0.982	-0.802	-0.974	-0.795	-0.973	-0.974	-0.807	-0.785	-0.991	-0.969	-0.970	-0.980	-0.996	-0.953	-1.016	-1.013	-0.969	-0.999	-0.797	-0.997	-0.965	-0.796	-0.999	-0.974	-0.999	-0.979	-0.978	-0.985	-0.795	-0.977	-0.999	-0.997	-0.998	-0.998	-0.975	-0.975	-0.968	-0.964	-0.996	-0.798	-0.975	-0.797	-1.020	-1.001	-0.995	-0.996	-0.796	-0.796	-0.996	-0.976	-0.975	-0.995	-0.971	-0.788	-0.976	-0.973	-0.800	-0.995	-0.977	-0.963	-0.776	-0.998	-0.773	-1.006	-0.966	-1.000	-1.000	-0.779	-0.950	-0.945	-0.946	-0.945	-0.855	-0.836	-0.847	-0.835	-0.801	-0.836	-0.829	-0.863	-0.868	-0.863	-0.775	-0.870	-0.878	-0.877	-0.884	-0.870	-0.893	-0.894	-0.761	-0.874	-0.892	-0.935	-0.939	-0.938	-0.955	-0.955	-0.953	-0.988	-0.990	-0.990	-0.990	
rs12325168     -1.000	-0.993	-0.188	-0.812	-0.810	-0.811	-0.809	-0.960	-0.963	-0.808	-0.953	-0.807	-0.675	-0.803	-0.804	-0.801	-0.948	-0.956	-0.744	-0.943	-0.743	-0.744	-0.954	-0.650	-0.646	-0.646	-0.648	-0.953	-0.518	-0.924	-0.643	-0.922	-0.954	-0.955	-0.707	-0.710	-0.756	-0.960	-0.764	-0.958	-0.949	-0.741	-0.946	-0.946	-0.925	-0.937	-0.747	-0.943	-0.949	-0.708	-0.704	-0.731	-0.717	-0.947	-0.920	-0.958	-0.700	-0.945	-0.926	-0.960	-0.764	-0.914	-0.944	-0.697	-0.956	-0.699	-0.697	-0.949	-0.968	-0.922	-0.718	-0.718	-0.774	-0.926	-0.758	-0.951	-0.946	-0.769	-0.929	-0.956	-0.927	-0.767	-0.962	-0.929	-0.717	-0.929	-0.774	-0.775	-0.776	-0.953	-0.773	-0.929	-0.927	-0.929	-0.928	-0.716	-0.716	-0.768	-0.765	-0.927	-0.956	-0.717	-0.955	-0.959	-0.931	-0.926	-0.927	-0.954	-0.954	-0.926	-0.718	-0.719	-0.925	-0.771	-0.944	-0.719	-0.720	-0.955	-0.925	-0.721	-0.720	-0.962	-0.928	-0.964	-0.936	-0.722	-0.930	-0.930	-0.962	-0.938	-0.961	-0.960	-0.960	-0.737	-0.715	-0.728	-0.715	-0.679	-0.717	-0.708	-0.747	-0.752	-0.747	-0.652	-0.756	-0.766	-0.765	-0.775	-0.763	-0.790	-0.790	-0.732	-0.773	-0.847	-0.883	-0.887	-0.885	-0.901	-0.901	-0.899	-0.929	-0.930	-0.931	-0.931	
rs62046914     -1.046	-1.038	-0.368	-0.946	-0.944	-0.948	-0.950	-0.837	-0.815	-0.914	-0.846	-0.952	-0.948	-0.937	-0.952	-0.950	-1.003	-0.997	-0.928	-1.000	-0.927	-0.927	-0.995	-0.922	-0.920	-0.920	-0.941	-0.994	-0.924	-0.567	-0.924	-0.716	-0.995	-0.996	-0.942	-0.937	-0.929	-1.010	-0.935	-1.008	-0.990	-0.905	-0.988	-0.987	-0.988	-0.996	-0.919	-0.984	-0.989	-0.927	-0.923	-0.904	-0.933	-0.988	-0.726	-0.999	-0.942	-1.003	-0.990	-1.001	-0.944	-0.735	-0.985	-0.944	-0.997	-0.944	-0.945	-0.990	-1.009	-0.735	-0.940	-0.940	-0.951	-0.734	-0.925	-1.006	-1.003	-0.941	-0.736	-0.997	-0.734	-0.937	-1.004	-0.736	-0.944	-0.737	-0.950	-0.950	-0.956	-0.995	-0.948	-0.738	-0.739	-0.738	-0.738	-0.946	-0.946	-0.940	-0.936	-0.738	-0.998	-0.945	-0.997	-1.012	-0.740	-0.742	-0.740	-0.995	-0.995	-0.739	-0.946	-0.945	-0.740	-0.943	-0.985	-0.947	-0.943	-0.996	-0.742	-0.947	-0.934	-1.004	-0.766	-1.006	-0.739	-0.937	-0.745	-0.747	-1.004	-0.989	-1.008	-1.007	-1.006	-0.825	-0.806	-0.817	-0.806	-0.773	-0.807	-0.799	-0.834	-0.838	-0.834	-0.748	-0.841	-0.849	-0.848	-0.854	-0.841	-0.864	-0.864	-0.776	-0.843	-0.896	-0.932	-0.936	-0.934	-0.949	-0.949	-0.947	-0.976	-0.977	-0.977	-0.977	
rs10221150     -1.000	-0.993	-0.188	-0.812	-0.810	-0.811	-0.810	-0.960	-0.963	-0.808	-0.953	-0.807	-0.675	-0.803	-0.804	-0.801	-0.948	-0.956	-0.744	-0.944	-0.744	-0.744	-0.954	-0.650	-0.646	-0.647	-0.648	-0.953	-0.643	-0.924	-0.518	-0.922	-0.954	-0.955	-0.707	-0.710	-0.756	-0.960	-0.764	-0.958	-0.949	-0.741	-0.946	-0.946	-0.925	-0.937	-0.747	-0.943	-0.949	-0.708	-0.704	-0.731	-0.717	-0.947	-0.920	-0.958	-0.700	-0.945	-0.926	-0.960	-0.764	-0.914	-0.944	-0.697	-0.956	-0.698	-0.696	-0.949	-0.968	-0.922	-0.717	-0.717	-0.774	-0.926	-0.758	-0.951	-0.946	-0.769	-0.929	-0.956	-0.927	-0.767	-0.962	-0.929	-0.717	-0.929	-0.774	-0.775	-0.776	-0.953	-0.773	-0.929	-0.927	-0.929	-0.928	-0.716	-0.716	-0.768	-0.765	-0.927	-0.956	-0.716	-0.956	-0.959	-0.931	-0.926	-0.927	-0.954	-0.954	-0.926	-0.718	-0.719	-0.925	-0.771	-0.944	-0.718	-0.720	-0.955	-0.925	-0.720	-0.720	-0.962	-0.928	-0.964	-0.936	-0.722	-0.930	-0.930	-0.962	-0.938	-0.961	-0.960	-0.960	-0.737	-0.715	-0.728	-0.715	-0.679	-0.717	-0.708	-0.747	-0.752	-0.747	-0.652	-0.756	-0.766	-0.765	-0.775	-0.763	-0.790	-0.790	-0.732	-0.773	-0.847	-0.883	-0.887	-0.885	-0.901	-0.901	-0.899	-0.929	-0.930	-0.931	-0.931	
rs68108625     -1.045	-1.037	-0.363	-0.944	-0.942	-0.946	-0.948	-0.834	-0.813	-0.911	-0.843	-0.950	-0.946	-0.935	-0.950	-0.948	-1.004	-0.993	-0.925	-1.001	-0.925	-0.925	-0.992	-0.920	-0.918	-0.918	-0.940	-0.990	-0.922	-0.716	-0.922	-0.565	-0.991	-0.992	-0.940	-0.934	-0.926	-1.009	-0.932	-1.008	-0.986	-0.901	-0.984	-0.984	-0.989	-0.997	-0.916	-0.980	-0.986	-0.925	-0.920	-0.900	-0.930	-0.985	-0.724	-0.996	-0.940	-1.003	-0.991	-0.998	-0.941	-0.739	-0.982	-0.942	-0.994	-0.941	-0.943	-0.987	-1.006	-0.731	-0.937	-0.938	-0.949	-0.733	-0.922	-1.007	-1.004	-0.938	-0.733	-0.994	-0.733	-0.935	-1.001	-0.733	-0.942	-0.734	-0.948	-0.947	-0.954	-0.991	-0.946	-0.736	-0.738	-0.735	-0.736	-0.943	-0.943	-0.938	-0.934	-0.737	-0.994	-0.943	-0.993	-1.012	-0.736	-0.741	-0.738	-0.992	-0.992	-0.738	-0.944	-0.943	-0.740	-0.940	-0.981	-0.945	-0.941	-0.993	-0.741	-0.945	-0.932	-1.001	-0.762	-1.003	-0.731	-0.935	-0.741	-0.742	-1.001	-0.986	-1.006	-1.005	-1.005	-0.824	-0.805	-0.816	-0.805	-0.772	-0.805	-0.798	-0.833	-0.837	-0.832	-0.747	-0.839	-0.847	-0.846	-0.853	-0.839	-0.862	-0.863	-0.775	-0.842	-0.895	-0.931	-0.935	-0.933	-0.948	-0.948	-0.946	-0.974	-0.976	-0.976	-0.976	
rs12923285     -1.053	-1.040	-0.432	-0.983	-0.982	-0.985	-0.987	-1.030	-1.032	-0.953	-1.022	-0.989	-0.979	-0.975	-0.989	-0.987	-1.011	-0.745	-0.957	-1.007	-0.957	-0.957	-0.742	-0.953	-0.950	-0.950	-0.972	-0.741	-0.954	-0.995	-0.954	-0.991	-0.602	-0.738	-0.972	-0.967	-0.958	-1.020	-0.965	-1.018	-0.745	-0.939	-0.742	-0.742	-0.995	-1.003	-0.948	-0.742	-0.755	-0.957	-0.952	-0.932	-0.963	-0.784	-0.990	-0.794	-0.973	-1.013	-0.999	-0.794	-0.973	-0.983	-0.800	-0.975	-0.793	-0.974	-0.975	-0.805	-0.782	-0.992	-0.970	-0.970	-0.980	-0.996	-0.954	-1.017	-1.013	-0.970	-1.000	-0.797	-0.998	-0.966	-0.794	-1.000	-0.975	-0.999	-0.980	-0.979	-0.986	-0.792	-0.977	-1.000	-0.997	-0.999	-0.999	-0.976	-0.976	-0.969	-0.965	-0.997	-0.795	-0.976	-0.795	-1.021	-1.001	-0.996	-0.997	-0.794	-0.794	-0.996	-0.977	-0.975	-0.995	-0.972	-0.786	-0.977	-0.973	-0.800	-0.995	-0.978	-0.964	-0.775	-0.999	-0.772	-1.007	-0.967	-1.001	-1.001	-0.779	-0.950	-0.946	-0.947	-0.946	-0.856	-0.836	-0.848	-0.836	-0.802	-0.837	-0.830	-0.864	-0.869	-0.864	-0.776	-0.871	-0.879	-0.878	-0.885	-0.871	-0.894	-0.895	-0.762	-0.875	-0.893	-0.935	-0.940	-0.938	-0.955	-0.956	-0.953	-0.989	-0.990	-0.991	-0.991	
