## Summary of overall evidence for association with region:
## log10(BF for region) = 4.24273
## p-value for region = NA

## BFs for choosing among multi-SNP models:
## log10(average 1-SNP BF) = 4.20604
## log10(average 2-SNP BF) = 4.30795

## Example posterior probabilities for multi-SNP models, based on default prior: [p(l) propto 0.5^l for l=1,2,...,L]
## posterior probability of 1-SNP = 0.61266
## posterior probability of 2-SNP = 0.38734

## log10(BF) for single SNP and pair of SNPs:
rs719205       -0.337	-0.478	-0.809	-0.475	-0.638	-0.679	-0.485	-0.459	-0.422	-0.478	-0.490	-0.489	-0.476	-0.488	-0.654	-0.790	-0.412	-0.467	-0.663	-0.498	-0.490	-0.679	-0.690	-0.491	-0.664	-0.477	-0.790	-0.656	-0.377	-0.807	-0.807	-0.483	-0.806	-0.480	-0.806	-0.483	-0.481	-0.512	-0.496	-0.464	-0.373	-0.629	-0.646	-0.595	-0.498	-0.621	-0.506	-0.604	-0.506	-0.508	-0.515	-0.517	-0.517	-0.145	-0.519	-0.519	-0.689	-0.673	-0.737	-0.737	-0.750	-0.525	-0.526	-0.767	-0.772	-0.764	-0.530	-0.770	-0.709	-0.770	-0.770	-0.535	-0.739	-0.732	-0.793	-0.780	-0.581	-0.636	-0.151	-0.138	-0.198	-0.110	-0.099	-0.147	-0.088	-0.215	-0.823	-0.856	-0.858	-0.731	-0.788	-0.752	-0.847	-0.848	-0.849	-0.849	-0.752	-0.848	-0.748	-0.851	+0.614	+0.006	-0.758	-0.862	+0.216	-0.794	-0.789	+0.219	-0.786	+0.218	-0.276	+0.562	-0.246	-0.790	-0.230	+0.119	-0.239	-0.757	+0.105	+0.203	+0.202	-0.267	+0.212	-0.268	-0.269	-0.776	-0.788	-0.272	-0.272	-0.713	-0.673	-0.227	-0.251	-0.715	+0.149	-0.283	-0.803	-0.804	-0.800	-0.792	-0.792	-0.747	-0.040	-0.128	+0.413	+4.018	+0.083	+0.401	+0.080	+0.086	+5.186	+0.865	+0.129	+0.114	+4.033	+0.316	+0.679	-0.707	+0.301	+0.316	-0.708	-0.707	+0.664	+0.657	+0.656	+2.410	+1.721	+1.399	+0.391	+0.450	+4.841	+4.849	+4.854	+4.885	+4.960	+4.917	+4.923	+1.463	+1.442	+4.928	+0.832	+1.104	+0.846	-0.014	+0.863	+0.844	
rs1403603      -0.478	-0.362	-0.833	-0.462	-0.666	-0.706	-0.477	-0.438	-0.456	-0.465	-0.486	-0.486	-0.459	-0.481	-0.682	-0.815	-0.445	-0.443	-0.691	-0.499	-0.485	-0.707	-0.717	-0.488	-0.692	-0.503	-0.815	-0.684	-0.411	-0.832	-0.832	-0.474	-0.831	-0.468	-0.831	-0.473	-0.470	-0.518	-0.493	-0.491	-0.366	-0.658	-0.674	-0.624	-0.496	-0.650	-0.510	-0.633	-0.510	-0.513	-0.524	-0.527	-0.527	-0.168	-0.530	-0.530	-0.707	-0.692	-0.757	-0.757	-0.770	-0.530	-0.531	-0.786	-0.792	-0.784	-0.537	-0.790	-0.728	-0.790	-0.790	-0.543	-0.758	-0.752	-0.813	-0.800	-0.605	-0.658	-0.179	-0.167	-0.226	-0.138	-0.128	-0.174	-0.116	-0.243	-0.846	-0.879	-0.881	-0.755	-0.811	-0.777	-0.870	-0.872	-0.872	-0.873	-0.776	-0.871	-0.772	-0.874	+0.595	-0.020	-0.782	-0.885	+0.188	-0.818	-0.813	+0.191	-0.810	+0.190	-0.303	+0.543	-0.274	-0.814	-0.258	+0.089	-0.266	-0.781	+0.075	+0.175	+0.173	-0.295	+0.185	-0.296	-0.296	-0.801	-0.812	-0.299	-0.300	-0.738	-0.696	-0.255	-0.278	-0.739	+0.121	-0.310	-0.827	-0.827	-0.823	-0.816	-0.816	-0.771	-0.068	-0.153	+0.393	+4.006	+0.056	+0.380	+0.053	+0.059	+5.172	+0.839	+0.101	+0.086	+4.021	+0.295	+0.646	-0.731	+0.280	+0.295	-0.732	-0.731	+0.631	+0.624	+0.623	+2.385	+1.698	+1.376	+0.369	+0.429	+4.832	+4.840	+4.845	+4.876	+4.945	+4.908	+4.914	+1.439	+1.418	+4.919	+0.816	+1.081	+0.831	-0.033	+0.847	+0.829	
rs500189       -0.809	-0.833	-0.653	-0.820	-0.930	-0.959	-0.802	-0.772	-0.902	-0.817	-0.843	-0.840	-0.814	-0.830	-0.941	-0.791	-0.897	-0.798	-0.924	-0.857	-0.832	-0.961	-0.969	-0.836	-0.949	-0.794	-0.812	-0.919	-0.872	-0.837	-0.838	-0.811	-0.837	-0.806	-0.837	-0.811	-0.807	-0.850	-0.828	-0.759	-0.599	-0.925	-0.942	-0.894	-0.823	-0.918	-0.844	-0.902	-0.844	-0.852	-0.870	-0.878	-0.876	-0.401	-0.880	-0.881	-0.308	-0.261	-0.535	-0.535	-0.590	-0.821	-0.821	-0.642	-0.661	-0.634	-0.830	-0.655	-0.563	-0.653	-0.653	-0.840	-0.569	-0.557	-0.768	-0.739	-0.874	-0.910	-0.486	-0.475	-0.514	-0.447	-0.437	-0.464	-0.425	-0.520	-1.114	-1.144	-1.146	-1.019	-1.075	-1.046	-1.136	-1.137	-1.138	-1.138	-1.046	-1.137	-1.042	-1.140	+0.381	-0.335	-1.052	-1.150	-0.144	-1.080	-1.077	-0.141	-1.074	-0.142	-0.605	+0.328	-0.577	-1.078	-0.564	-0.239	-0.572	-1.052	-0.252	-0.156	-0.157	-0.599	-0.146	-0.599	-0.600	-1.071	-1.077	-0.603	-0.603	-1.002	-0.965	-0.561	-0.581	-1.004	-0.206	-0.613	-1.094	-1.094	-1.090	-1.082	-1.082	-1.035	-0.367	-0.459	+0.170	+3.907	-0.272	+0.157	-0.275	-0.270	+5.098	+0.650	-0.229	-0.243	+3.920	+0.069	+0.383	-0.995	+0.054	+0.069	-0.996	-0.994	+0.367	+0.360	+0.359	+2.159	+1.481	+1.156	+0.140	+0.199	+4.670	+4.678	+4.683	+4.714	+4.816	+4.746	+4.752	+1.128	+1.108	+4.757	+0.568	+0.774	+0.583	-0.301	+0.599	+0.581	
rs7615182      -0.475	-0.462	-0.820	-0.350	-0.649	-0.689	-0.474	-0.441	-0.432	-0.460	-0.474	-0.474	-0.456	-0.473	-0.665	-0.802	-0.421	-0.444	-0.674	-0.484	-0.477	-0.690	-0.701	-0.478	-0.675	-0.490	-0.802	-0.668	-0.386	-0.819	-0.819	-0.470	-0.818	-0.466	-0.818	-0.470	-0.467	-0.507	-0.486	-0.474	-0.368	-0.640	-0.656	-0.606	-0.489	-0.632	-0.500	-0.615	-0.500	-0.502	-0.510	-0.512	-0.512	-0.158	-0.514	-0.515	-0.699	-0.684	-0.748	-0.748	-0.761	-0.525	-0.525	-0.777	-0.783	-0.775	-0.530	-0.781	-0.719	-0.781	-0.781	-0.535	-0.749	-0.743	-0.804	-0.791	-0.593	-0.648	-0.166	-0.154	-0.214	-0.125	-0.115	-0.162	-0.103	-0.231	-0.835	-0.867	-0.870	-0.745	-0.800	-0.765	-0.859	-0.860	-0.861	-0.861	-0.765	-0.860	-0.761	-0.863	+0.603	-0.006	-0.771	-0.874	+0.202	-0.807	-0.802	+0.205	-0.799	+0.204	-0.290	+0.550	-0.261	-0.803	-0.245	+0.103	-0.254	-0.770	+0.089	+0.189	+0.187	-0.282	+0.199	-0.283	-0.283	-0.789	-0.801	-0.286	-0.287	-0.727	-0.685	-0.242	-0.265	-0.728	+0.135	-0.297	-0.816	-0.816	-0.812	-0.805	-0.805	-0.760	-0.055	-0.139	+0.401	+4.008	+0.070	+0.389	+0.067	+0.073	+5.176	+0.849	+0.115	+0.100	+4.024	+0.304	+0.659	-0.720	+0.289	+0.304	-0.721	-0.720	+0.645	+0.637	+0.637	+2.393	+1.707	+1.385	+0.378	+0.438	+4.836	+4.844	+4.848	+4.879	+4.949	+4.912	+4.917	+1.452	+1.431	+4.922	+0.826	+1.094	+0.841	-0.022	+0.857	+0.839	
rs1370050      -0.638	-0.666	-0.930	-0.649	-0.582	-0.773	-0.628	-0.591	-0.868	-0.645	-0.677	-0.674	-0.641	-0.660	-0.781	-0.951	-0.863	-0.620	-1.009	-0.695	-0.664	-0.781	-0.778	-0.668	-0.783	-0.767	-0.955	-1.006	-0.845	-0.943	-0.943	-0.638	-0.944	-0.630	-0.943	-0.638	-0.632	-0.692	-0.660	-0.722	-0.417	-0.769	-0.777	-0.742	-0.655	-0.766	-0.682	-0.755	-0.682	-0.692	-0.716	-0.727	-0.725	-0.391	-0.730	-0.731	-0.361	-0.326	-0.507	-0.507	-0.541	-0.656	-0.657	-0.586	-0.603	-0.579	-0.668	-0.597	-0.481	-0.596	-0.596	-0.682	-0.519	-0.508	-0.677	-0.646	-0.771	-0.848	-0.446	-0.435	-0.435	-0.407	-0.398	-0.384	-0.387	-0.507	-1.053	-1.078	-1.080	-0.963	-1.016	-0.993	-1.073	-1.075	-1.075	-1.076	-0.993	-1.074	-0.989	-1.076	+0.433	-0.220	-0.999	-1.083	-0.086	-1.020	-1.018	-0.084	-1.015	-0.085	-0.555	+0.380	-0.527	-1.018	-0.516	-0.192	-0.524	-0.999	-0.204	-0.098	-0.099	-0.550	-0.089	-0.551	-0.551	-1.016	-1.018	-0.554	-0.555	-0.948	-0.886	-0.513	-0.533	-0.949	-0.147	-0.564	-1.033	-1.034	-1.030	-1.022	-1.022	-0.979	-0.299	-0.349	+0.213	+3.986	-0.217	+0.201	-0.220	-0.215	+5.178	+0.757	-0.174	-0.188	+3.999	+0.114	+0.461	-0.934	+0.099	+0.113	-0.935	-0.934	+0.445	+0.438	+0.437	+2.171	+1.538	+1.214	+0.182	+0.240	+4.661	+4.668	+4.673	+4.705	+4.916	+4.736	+4.742	+1.152	+1.132	+4.747	+0.603	+0.799	+0.617	-0.254	+0.633	+0.615	
rs7616577      -0.679	-0.706	-0.959	-0.689	-0.773	-0.605	-0.669	-0.634	-0.858	-0.686	-0.716	-0.713	-0.682	-0.701	-0.740	-0.970	-0.852	-0.662	-1.020	-0.734	-0.704	-0.752	-0.755	-0.708	-0.743	-0.783	-0.973	-1.018	-0.830	-0.964	-0.964	-0.679	-0.965	-0.671	-0.965	-0.679	-0.673	-0.730	-0.700	-0.710	-0.459	-0.773	-0.790	-0.730	-0.695	-0.767	-0.721	-0.748	-0.721	-0.731	-0.754	-0.764	-0.762	-0.398	-0.767	-0.768	-0.426	-0.392	-0.566	-0.566	-0.598	-0.696	-0.696	-0.641	-0.657	-0.634	-0.707	-0.651	-0.539	-0.650	-0.650	-0.721	-0.576	-0.565	-0.727	-0.698	-0.793	-0.867	-0.462	-0.452	-0.458	-0.424	-0.414	-0.407	-0.403	-0.519	-1.074	-1.099	-1.101	-0.983	-1.037	-1.013	-1.094	-1.096	-1.096	-1.096	-1.012	-1.095	-1.009	-1.098	+0.415	-0.246	-1.018	-1.105	-0.112	-1.041	-1.039	-0.110	-1.035	-0.110	-0.573	+0.362	-0.545	-1.039	-0.534	-0.209	-0.542	-1.018	-0.221	-0.124	-0.125	-0.568	-0.114	-0.569	-0.569	-1.036	-1.039	-0.572	-0.573	-0.968	-0.907	-0.531	-0.551	-0.969	-0.173	-0.582	-1.055	-1.055	-1.051	-1.043	-1.043	-0.999	-0.320	-0.376	+0.197	+3.953	-0.241	+0.184	-0.244	-0.238	+5.145	+0.732	-0.199	-0.212	+3.967	+0.097	+0.439	-0.954	+0.081	+0.096	-0.955	-0.954	+0.424	+0.417	+0.415	+2.164	+1.504	+1.181	+0.165	+0.223	+4.667	+4.674	+4.679	+4.711	+4.885	+4.742	+4.748	+1.139	+1.119	+4.753	+0.584	+0.786	+0.598	-0.275	+0.614	+0.596	
rs9852696      -0.485	-0.477	-0.802	-0.474	-0.628	-0.669	-0.330	-0.419	-0.412	-0.474	-0.472	-0.472	-0.471	-0.473	-0.644	-0.783	-0.397	-0.465	-0.653	-0.480	-0.484	-0.670	-0.680	-0.485	-0.654	-0.471	-0.783	-0.647	-0.365	-0.800	-0.801	-0.479	-0.800	-0.476	-0.800	-0.479	-0.477	-0.506	-0.490	-0.445	-0.358	-0.621	-0.636	-0.585	-0.492	-0.613	-0.499	-0.596	-0.499	-0.500	-0.506	-0.507	-0.508	-0.141	-0.509	-0.510	-0.684	-0.669	-0.733	-0.733	-0.746	-0.522	-0.522	-0.762	-0.767	-0.759	-0.526	-0.765	-0.704	-0.765	-0.765	-0.530	-0.734	-0.728	-0.788	-0.775	-0.575	-0.630	-0.155	-0.143	-0.202	-0.114	-0.104	-0.151	-0.092	-0.218	-0.818	-0.850	-0.853	-0.729	-0.784	-0.750	-0.842	-0.844	-0.844	-0.845	-0.749	-0.843	-0.745	-0.846	+0.618	+0.014	-0.755	-0.856	+0.222	-0.791	-0.786	+0.225	-0.783	+0.224	-0.278	+0.566	-0.249	-0.787	-0.233	+0.115	-0.241	-0.754	+0.100	+0.209	+0.208	-0.269	+0.219	-0.270	-0.271	-0.773	-0.785	-0.273	-0.274	-0.711	-0.666	-0.230	-0.253	-0.713	+0.155	-0.285	-0.800	-0.800	-0.796	-0.789	-0.789	-0.744	-0.043	-0.120	+0.418	+4.021	+0.090	+0.405	+0.087	+0.093	+5.190	+0.860	+0.135	+0.120	+4.036	+0.321	+0.673	-0.701	+0.306	+0.321	-0.702	-0.701	+0.659	+0.652	+0.651	+2.415	+1.725	+1.404	+0.396	+0.455	+4.851	+4.858	+4.863	+4.894	+4.965	+4.927	+4.932	+1.465	+1.445	+4.937	+0.846	+1.107	+0.861	-0.002	+0.877	+0.859	
rs146172359    -0.459	-0.438	-0.772	-0.441	-0.591	-0.634	-0.419	-0.301	-0.362	-0.444	-0.441	-0.443	-0.442	-0.447	-0.608	-0.753	-0.351	-0.442	-0.618	-0.445	-0.451	-0.634	-0.645	-0.450	-0.619	-0.441	-0.753	-0.611	-0.314	-0.771	-0.771	-0.454	-0.770	-0.453	-0.770	-0.454	-0.454	-0.473	-0.461	-0.407	-0.354	-0.583	-0.599	-0.547	-0.466	-0.574	-0.466	-0.557	-0.466	-0.465	-0.467	-0.466	-0.467	-0.115	-0.468	-0.469	-0.663	-0.648	-0.711	-0.711	-0.723	-0.500	-0.500	-0.739	-0.745	-0.736	-0.503	-0.743	-0.683	-0.742	-0.742	-0.505	-0.712	-0.706	-0.764	-0.751	-0.546	-0.606	-0.127	-0.114	-0.175	-0.086	-0.075	-0.123	-0.063	-0.192	-0.792	-0.824	-0.827	-0.704	-0.759	-0.724	-0.816	-0.818	-0.818	-0.819	-0.723	-0.817	-0.720	-0.820	+0.639	+0.047	-0.730	-0.830	+0.254	-0.766	-0.761	+0.257	-0.757	+0.256	-0.250	+0.587	-0.221	-0.761	-0.205	+0.144	-0.213	-0.728	+0.130	+0.242	+0.240	-0.241	+0.252	-0.242	-0.243	-0.747	-0.759	-0.245	-0.246	-0.686	-0.639	-0.201	-0.225	-0.687	+0.187	-0.257	-0.774	-0.774	-0.770	-0.763	-0.763	-0.719	-0.015	-0.088	+0.439	+4.032	+0.122	+0.427	+0.119	+0.125	+5.204	+0.883	+0.167	+0.152	+4.048	+0.343	+0.703	-0.675	+0.328	+0.343	-0.676	-0.675	+0.689	+0.681	+0.681	+2.438	+1.749	+1.427	+0.418	+0.478	+4.865	+4.873	+4.877	+4.908	+4.980	+4.941	+4.947	+1.495	+1.475	+4.951	+0.871	+1.137	+0.885	+0.025	+0.902	+0.883	
rs6780348      -0.422	-0.456	-0.902	-0.432	-0.868	-0.858	-0.412	-0.362	-0.495	-0.427	-0.470	-0.466	-0.421	-0.449	-0.855	-0.918	-0.629	-0.394	-0.874	-0.493	-0.451	-0.861	-0.860	-0.457	-0.863	-0.695	-0.922	-0.874	-0.612	-0.909	-0.909	-0.418	-0.910	-0.408	-0.910	-0.418	-0.411	-0.493	-0.447	-0.782	-0.193	-0.869	-0.868	-0.863	-0.442	-0.868	-0.478	-0.865	-0.478	-0.491	-0.523	-0.537	-0.535	-0.350	-0.542	-0.544	-0.397	-0.361	-0.510	-0.510	-0.539	-0.452	-0.452	-0.577	-0.592	-0.572	-0.467	-0.586	-0.492	-0.585	-0.585	-0.485	-0.517	-0.506	-0.654	-0.626	-0.672	-0.774	-0.401	-0.391	-0.392	-0.364	-0.354	-0.343	-0.343	-0.470	-0.976	-0.991	-0.991	-0.899	-0.947	-0.927	-0.992	-0.993	-0.993	-0.993	-0.926	-0.993	-0.923	-0.994	+0.473	-0.110	-0.931	-0.994	-0.035	-0.950	-0.949	-0.032	-0.946	-0.033	-0.507	+0.420	-0.481	-0.949	-0.470	-0.154	-0.477	-0.932	-0.165	-0.046	-0.047	-0.503	-0.036	-0.503	-0.504	-0.947	-0.949	-0.507	-0.507	-0.886	-0.787	-0.467	-0.486	-0.888	-0.093	-0.516	-0.961	-0.961	-0.958	-0.952	-0.952	-0.914	-0.260	-0.240	+0.255	+3.961	-0.161	+0.243	-0.164	-0.158	+5.133	+0.795	-0.119	-0.132	+3.975	+0.156	+0.519	-0.856	+0.141	+0.156	-0.857	-0.856	+0.504	+0.497	+0.495	+2.196	+1.565	+1.246	+0.224	+0.281	+4.687	+4.694	+4.699	+4.730	+4.878	+4.762	+4.768	+1.227	+1.207	+4.773	+0.710	+0.875	+0.725	-0.153	+0.740	+0.723	
rs6780366      -0.478	-0.465	-0.817	-0.460	-0.645	-0.686	-0.474	-0.444	-0.427	-0.348	-0.472	-0.472	-0.456	-0.471	-0.661	-0.799	-0.416	-0.446	-0.669	-0.481	-0.476	-0.687	-0.697	-0.477	-0.672	-0.487	-0.799	-0.663	-0.381	-0.816	-0.816	-0.470	-0.815	-0.466	-0.815	-0.470	-0.467	-0.505	-0.485	-0.470	-0.369	-0.636	-0.653	-0.602	-0.489	-0.628	-0.498	-0.611	-0.498	-0.499	-0.507	-0.509	-0.509	-0.156	-0.511	-0.512	-0.698	-0.683	-0.747	-0.747	-0.760	-0.524	-0.524	-0.776	-0.782	-0.773	-0.529	-0.780	-0.718	-0.779	-0.779	-0.534	-0.748	-0.742	-0.802	-0.789	-0.591	-0.646	-0.163	-0.150	-0.211	-0.122	-0.111	-0.160	-0.100	-0.228	-0.833	-0.865	-0.868	-0.742	-0.798	-0.763	-0.857	-0.858	-0.859	-0.859	-0.762	-0.858	-0.759	-0.861	+0.603	-0.003	-0.769	-0.872	+0.205	-0.805	-0.800	+0.208	-0.797	+0.207	-0.287	+0.551	-0.258	-0.801	-0.242	+0.106	-0.250	-0.768	+0.092	+0.192	+0.190	-0.279	+0.202	-0.280	-0.280	-0.787	-0.799	-0.283	-0.284	-0.724	-0.682	-0.239	-0.262	-0.726	+0.138	-0.294	-0.814	-0.814	-0.810	-0.803	-0.803	-0.758	-0.052	-0.137	+0.402	+4.007	+0.073	+0.389	+0.070	+0.076	+5.175	+0.851	+0.118	+0.103	+4.023	+0.305	+0.662	-0.718	+0.290	+0.305	-0.719	-0.718	+0.647	+0.640	+0.639	+2.394	+1.708	+1.387	+0.379	+0.439	+4.835	+4.843	+4.847	+4.879	+4.948	+4.911	+4.917	+1.454	+1.434	+4.921	+0.828	+1.096	+0.842	-0.020	+0.858	+0.840	
rs6793394      -0.490	-0.486	-0.843	-0.474	-0.677	-0.716	-0.472	-0.441	-0.470	-0.472	-0.373	-0.481	-0.466	-0.475	-0.692	-0.825	-0.456	-0.447	-0.701	-0.499	-0.493	-0.717	-0.727	-0.495	-0.702	-0.513	-0.825	-0.695	-0.425	-0.842	-0.842	-0.479	-0.841	-0.472	-0.841	-0.479	-0.474	-0.527	-0.500	-0.502	-0.368	-0.670	-0.684	-0.635	-0.502	-0.662	-0.517	-0.645	-0.518	-0.521	-0.533	-0.537	-0.537	-0.177	-0.540	-0.541	-0.715	-0.700	-0.765	-0.765	-0.778	-0.537	-0.537	-0.795	-0.801	-0.792	-0.544	-0.798	-0.736	-0.798	-0.798	-0.550	-0.766	-0.760	-0.822	-0.808	-0.615	-0.667	-0.189	-0.176	-0.235	-0.148	-0.137	-0.184	-0.125	-0.252	-0.855	-0.888	-0.891	-0.764	-0.820	-0.786	-0.879	-0.881	-0.881	-0.882	-0.785	-0.880	-0.781	-0.883	+0.587	-0.031	-0.791	-0.894	+0.177	-0.827	-0.822	+0.180	-0.819	+0.179	-0.312	+0.535	-0.283	-0.823	-0.267	+0.079	-0.275	-0.790	+0.065	+0.164	+0.163	-0.304	+0.174	-0.304	-0.305	-0.809	-0.821	-0.308	-0.309	-0.746	-0.705	-0.264	-0.287	-0.748	+0.110	-0.319	-0.836	-0.836	-0.832	-0.825	-0.825	-0.780	-0.077	-0.164	+0.385	+4.000	+0.045	+0.372	+0.042	+0.048	+5.166	+0.831	+0.090	+0.075	+4.015	+0.288	+0.636	-0.740	+0.273	+0.288	-0.741	-0.740	+0.621	+0.614	+0.613	+2.376	+1.689	+1.367	+0.361	+0.421	+4.826	+4.833	+4.838	+4.869	+4.938	+4.902	+4.907	+1.428	+1.408	+4.912	+0.807	+1.070	+0.822	-0.043	+0.838	+0.820	
rs1976749      -0.489	-0.486	-0.840	-0.474	-0.674	-0.713	-0.472	-0.443	-0.466	-0.472	-0.481	-0.370	-0.466	-0.474	-0.689	-0.823	-0.452	-0.448	-0.698	-0.497	-0.492	-0.714	-0.724	-0.494	-0.699	-0.510	-0.822	-0.692	-0.420	-0.839	-0.839	-0.479	-0.838	-0.473	-0.838	-0.479	-0.475	-0.525	-0.499	-0.499	-0.369	-0.667	-0.681	-0.631	-0.501	-0.658	-0.516	-0.642	-0.516	-0.520	-0.531	-0.535	-0.535	-0.175	-0.537	-0.538	-0.714	-0.698	-0.763	-0.763	-0.776	-0.536	-0.536	-0.793	-0.799	-0.790	-0.543	-0.797	-0.734	-0.796	-0.796	-0.549	-0.764	-0.758	-0.820	-0.807	-0.613	-0.665	-0.186	-0.174	-0.233	-0.145	-0.135	-0.182	-0.123	-0.250	-0.853	-0.886	-0.888	-0.762	-0.818	-0.783	-0.877	-0.878	-0.879	-0.879	-0.783	-0.878	-0.779	-0.881	+0.588	-0.028	-0.789	-0.892	+0.180	-0.825	-0.820	+0.182	-0.816	+0.181	-0.310	+0.536	-0.281	-0.821	-0.264	+0.082	-0.273	-0.788	+0.068	+0.167	+0.165	-0.301	+0.176	-0.302	-0.302	-0.807	-0.818	-0.305	-0.306	-0.744	-0.703	-0.262	-0.285	-0.746	+0.113	-0.317	-0.834	-0.834	-0.830	-0.823	-0.823	-0.777	-0.075	-0.161	+0.387	+4.000	+0.048	+0.374	+0.045	+0.051	+5.167	+0.833	+0.093	+0.078	+4.015	+0.289	+0.638	-0.738	+0.274	+0.289	-0.739	-0.737	+0.624	+0.617	+0.616	+2.378	+1.691	+1.369	+0.363	+0.423	+4.826	+4.834	+4.839	+4.870	+4.939	+4.902	+4.908	+1.431	+1.410	+4.913	+0.809	+1.072	+0.824	-0.041	+0.840	+0.822	
rs9810714      -0.476	-0.459	-0.814	-0.456	-0.641	-0.682	-0.471	-0.442	-0.421	-0.456	-0.466	-0.466	-0.345	-0.467	-0.657	-0.796	-0.410	-0.443	-0.666	-0.475	-0.471	-0.682	-0.693	-0.472	-0.667	-0.484	-0.796	-0.660	-0.374	-0.813	-0.813	-0.467	-0.812	-0.463	-0.812	-0.467	-0.465	-0.501	-0.481	-0.465	-0.369	-0.632	-0.648	-0.597	-0.485	-0.623	-0.494	-0.607	-0.494	-0.495	-0.502	-0.504	-0.504	-0.154	-0.506	-0.507	-0.696	-0.680	-0.745	-0.745	-0.757	-0.522	-0.522	-0.774	-0.779	-0.771	-0.527	-0.777	-0.716	-0.777	-0.777	-0.531	-0.746	-0.739	-0.800	-0.787	-0.588	-0.644	-0.161	-0.148	-0.209	-0.119	-0.109	-0.157	-0.097	-0.226	-0.830	-0.863	-0.865	-0.740	-0.796	-0.761	-0.854	-0.856	-0.856	-0.857	-0.760	-0.855	-0.756	-0.858	+0.605	+0.001	-0.766	-0.869	+0.208	-0.803	-0.798	+0.211	-0.794	+0.210	-0.285	+0.553	-0.255	-0.798	-0.239	+0.109	-0.248	-0.765	+0.095	+0.195	+0.194	-0.276	+0.205	-0.277	-0.277	-0.784	-0.796	-0.280	-0.281	-0.722	-0.679	-0.236	-0.260	-0.723	+0.141	-0.291	-0.811	-0.811	-0.807	-0.800	-0.800	-0.755	-0.050	-0.133	+0.404	+4.009	+0.076	+0.392	+0.073	+0.079	+5.176	+0.854	+0.121	+0.106	+4.024	+0.308	+0.665	-0.715	+0.293	+0.308	-0.716	-0.715	+0.650	+0.643	+0.642	+2.396	+1.710	+1.389	+0.382	+0.441	+4.836	+4.844	+4.849	+4.880	+4.950	+4.912	+4.918	+1.457	+1.437	+4.923	+0.830	+1.099	+0.845	-0.018	+0.861	+0.843	
rs9290925      -0.488	-0.481	-0.830	-0.473	-0.660	-0.701	-0.473	-0.447	-0.449	-0.471	-0.475	-0.474	-0.467	-0.361	-0.676	-0.812	-0.434	-0.453	-0.685	-0.489	-0.488	-0.702	-0.712	-0.490	-0.686	-0.500	-0.812	-0.679	-0.403	-0.829	-0.829	-0.479	-0.828	-0.474	-0.828	-0.479	-0.475	-0.519	-0.496	-0.486	-0.371	-0.654	-0.668	-0.618	-0.498	-0.645	-0.510	-0.629	-0.511	-0.513	-0.523	-0.526	-0.526	-0.168	-0.528	-0.529	-0.707	-0.692	-0.757	-0.757	-0.769	-0.532	-0.533	-0.786	-0.792	-0.783	-0.538	-0.790	-0.728	-0.789	-0.789	-0.544	-0.758	-0.751	-0.813	-0.799	-0.603	-0.657	-0.176	-0.164	-0.224	-0.135	-0.125	-0.172	-0.113	-0.240	-0.844	-0.877	-0.880	-0.754	-0.810	-0.775	-0.868	-0.870	-0.870	-0.871	-0.774	-0.869	-0.770	-0.872	+0.595	-0.018	-0.780	-0.883	+0.190	-0.816	-0.811	+0.192	-0.808	+0.191	-0.300	+0.542	-0.271	-0.812	-0.255	+0.092	-0.263	-0.779	+0.078	+0.177	+0.175	-0.292	+0.186	-0.292	-0.293	-0.798	-0.810	-0.296	-0.296	-0.736	-0.694	-0.252	-0.275	-0.737	+0.123	-0.307	-0.825	-0.825	-0.822	-0.814	-0.814	-0.769	-0.065	-0.151	+0.393	+4.003	+0.058	+0.381	+0.055	+0.061	+5.170	+0.841	+0.103	+0.088	+4.018	+0.296	+0.649	-0.729	+0.281	+0.296	-0.730	-0.729	+0.634	+0.627	+0.626	+2.385	+1.698	+1.376	+0.370	+0.429	+4.829	+4.837	+4.842	+4.873	+4.942	+4.905	+4.911	+1.441	+1.420	+4.916	+0.817	+1.083	+0.832	-0.032	+0.848	+0.830	
rs9853674      -0.654	-0.682	-0.941	-0.665	-0.781	-0.740	-0.644	-0.608	-0.855	-0.661	-0.692	-0.689	-0.657	-0.676	-0.592	-0.955	-0.850	-0.636	-1.011	-0.710	-0.680	-0.752	-0.749	-0.684	-0.753	-0.774	-0.959	-1.008	-0.829	-0.947	-0.947	-0.654	-0.948	-0.647	-0.948	-0.654	-0.649	-0.707	-0.676	-0.725	-0.434	-0.783	-0.795	-0.753	-0.671	-0.779	-0.698	-0.766	-0.698	-0.708	-0.731	-0.742	-0.740	-0.395	-0.745	-0.746	-0.386	-0.352	-0.530	-0.530	-0.564	-0.672	-0.673	-0.608	-0.624	-0.601	-0.684	-0.618	-0.505	-0.617	-0.617	-0.698	-0.541	-0.530	-0.696	-0.667	-0.775	-0.856	-0.454	-0.443	-0.446	-0.415	-0.405	-0.395	-0.394	-0.514	-1.062	-1.087	-1.089	-0.972	-1.026	-1.002	-1.082	-1.084	-1.084	-1.084	-1.002	-1.083	-0.998	-1.085	+0.424	-0.227	-1.008	-1.092	-0.101	-1.029	-1.027	-0.099	-1.024	-0.100	-0.563	+0.371	-0.536	-1.028	-0.525	-0.201	-0.533	-1.008	-0.213	-0.113	-0.114	-0.559	-0.103	-0.559	-0.560	-1.025	-1.028	-0.563	-0.563	-0.957	-0.892	-0.522	-0.542	-0.959	-0.162	-0.573	-1.043	-1.043	-1.040	-1.032	-1.032	-0.989	-0.309	-0.357	+0.205	+3.968	-0.230	+0.193	-0.233	-0.228	+5.160	+0.748	-0.188	-0.201	+3.981	+0.105	+0.453	-0.942	+0.090	+0.105	-0.943	-0.942	+0.438	+0.430	+0.429	+2.166	+1.514	+1.192	+0.174	+0.232	+4.662	+4.670	+4.675	+4.706	+4.899	+4.738	+4.744	+1.146	+1.126	+4.749	+0.594	+0.794	+0.608	-0.264	+0.624	+0.606	
rs838681       -0.790	-0.815	-0.791	-0.802	-0.951	-0.970	-0.783	-0.753	-0.918	-0.799	-0.825	-0.823	-0.796	-0.812	-0.955	-0.647	-0.912	-0.779	-0.941	-0.840	-0.814	-0.972	-0.978	-0.818	-0.962	-0.799	-0.809	-0.936	-0.889	-0.805	-0.806	-0.793	-0.807	-0.787	-0.807	-0.793	-0.789	-0.833	-0.810	-0.783	-0.579	-0.942	-0.956	-0.915	-0.805	-0.936	-0.827	-0.922	-0.827	-0.835	-0.854	-0.862	-0.861	-0.409	-0.864	-0.865	-0.222	-0.172	-0.467	-0.467	-0.528	-0.804	-0.804	-0.580	-0.600	-0.571	-0.813	-0.593	-0.501	-0.591	-0.591	-0.824	-0.502	-0.489	-0.719	-0.688	-0.862	-0.905	-0.489	-0.478	-0.514	-0.449	-0.439	-0.463	-0.428	-0.527	-1.109	-1.138	-1.141	-1.017	-1.073	-1.044	-1.131	-1.133	-1.133	-1.134	-1.043	-1.132	-1.040	-1.135	+0.382	-0.324	-1.050	-1.144	-0.143	-1.077	-1.074	-0.140	-1.071	-0.141	-0.605	+0.329	-0.577	-1.075	-0.563	-0.239	-0.571	-1.049	-0.251	-0.155	-0.156	-0.598	-0.145	-0.599	-0.599	-1.068	-1.074	-0.602	-0.603	-1.001	-0.957	-0.560	-0.581	-1.002	-0.204	-0.612	-1.091	-1.091	-1.087	-1.079	-1.079	-1.033	-0.367	-0.448	+0.171	+3.931	-0.271	+0.158	-0.274	-0.269	+5.127	+0.678	-0.228	-0.242	+3.944	+0.070	+0.408	-0.988	+0.055	+0.070	-0.989	-0.988	+0.392	+0.384	+0.383	+2.159	+1.493	+1.167	+0.140	+0.199	+4.659	+4.667	+4.672	+4.703	+4.838	+4.735	+4.741	+1.131	+1.111	+4.746	+0.571	+0.776	+0.586	-0.298	+0.601	+0.584	
rs7640718      -0.412	-0.445	-0.897	-0.421	-0.863	-0.852	-0.397	-0.351	-0.629	-0.416	-0.456	-0.452	-0.410	-0.434	-0.850	-0.912	-0.491	-0.382	-0.869	-0.479	-0.438	-0.855	-0.853	-0.445	-0.857	-0.692	-0.916	-0.869	-0.615	-0.903	-0.903	-0.406	-0.904	-0.395	-0.904	-0.405	-0.398	-0.481	-0.435	-0.781	-0.181	-0.865	-0.863	-0.859	-0.430	-0.864	-0.466	-0.862	-0.466	-0.479	-0.512	-0.526	-0.524	-0.349	-0.531	-0.533	-0.384	-0.347	-0.498	-0.498	-0.527	-0.440	-0.441	-0.566	-0.581	-0.560	-0.455	-0.575	-0.481	-0.574	-0.574	-0.474	-0.505	-0.495	-0.644	-0.616	-0.666	-0.770	-0.399	-0.389	-0.389	-0.361	-0.352	-0.339	-0.341	-0.470	-0.972	-0.987	-0.987	-0.896	-0.944	-0.923	-0.988	-0.989	-0.989	-0.989	-0.923	-0.989	-0.920	-0.990	+0.476	-0.104	-0.928	-0.989	-0.032	-0.947	-0.945	-0.029	-0.942	-0.030	-0.504	+0.423	-0.478	-0.946	-0.467	-0.152	-0.475	-0.928	-0.163	-0.043	-0.044	-0.500	-0.033	-0.501	-0.501	-0.943	-0.945	-0.504	-0.505	-0.883	-0.782	-0.465	-0.484	-0.884	-0.090	-0.514	-0.957	-0.957	-0.954	-0.948	-0.948	-0.911	-0.257	-0.234	+0.257	+3.963	-0.158	+0.245	-0.161	-0.155	+5.135	+0.799	-0.116	-0.129	+3.978	+0.158	+0.523	-0.852	+0.144	+0.158	-0.853	-0.852	+0.508	+0.501	+0.500	+2.196	+1.568	+1.249	+0.226	+0.283	+4.686	+4.694	+4.698	+4.730	+4.881	+4.762	+4.768	+1.229	+1.209	+4.772	+0.713	+0.878	+0.728	-0.149	+0.744	+0.726	
rs77804022     -0.467	-0.443	-0.798	-0.444	-0.620	-0.662	-0.465	-0.442	-0.394	-0.446	-0.447	-0.448	-0.443	-0.453	-0.636	-0.779	-0.382	-0.329	-0.646	-0.443	-0.449	-0.662	-0.672	-0.448	-0.646	-0.468	-0.779	-0.639	-0.344	-0.796	-0.797	-0.453	-0.796	-0.451	-0.796	-0.453	-0.452	-0.481	-0.464	-0.445	-0.368	-0.610	-0.627	-0.575	-0.471	-0.602	-0.474	-0.584	-0.474	-0.473	-0.478	-0.478	-0.479	-0.141	-0.480	-0.481	-0.685	-0.670	-0.733	-0.733	-0.746	-0.511	-0.511	-0.762	-0.768	-0.759	-0.515	-0.765	-0.705	-0.765	-0.765	-0.518	-0.734	-0.728	-0.787	-0.775	-0.573	-0.631	-0.145	-0.132	-0.194	-0.103	-0.093	-0.142	-0.081	-0.211	-0.816	-0.849	-0.851	-0.726	-0.782	-0.747	-0.840	-0.842	-0.842	-0.843	-0.746	-0.841	-0.742	-0.844	+0.615	+0.018	-0.752	-0.855	+0.226	-0.789	-0.784	+0.228	-0.780	+0.227	-0.269	+0.564	-0.240	-0.784	-0.223	+0.126	-0.232	-0.751	+0.112	+0.213	+0.211	-0.260	+0.223	-0.261	-0.261	-0.770	-0.782	-0.264	-0.265	-0.708	-0.665	-0.220	-0.244	-0.710	+0.158	-0.276	-0.797	-0.797	-0.793	-0.786	-0.786	-0.741	-0.034	-0.116	+0.415	+4.013	+0.093	+0.403	+0.090	+0.096	+5.182	+0.866	+0.139	+0.124	+4.029	+0.319	+0.681	-0.702	+0.304	+0.319	-0.702	-0.701	+0.666	+0.659	+0.658	+2.407	+1.722	+1.400	+0.393	+0.453	+4.842	+4.850	+4.855	+4.886	+4.957	+4.918	+4.924	+1.473	+1.453	+4.929	+0.843	+1.115	+0.858	-0.003	+0.874	+0.856	
rs710610       -0.663	-0.691	-0.924	-0.674	-1.009	-1.020	-0.653	-0.618	-0.874	-0.669	-0.701	-0.698	-0.666	-0.685	-1.011	-0.941	-0.869	-0.646	-0.592	-0.717	-0.686	-1.022	-1.025	-0.691	-1.017	-0.776	-0.942	-0.726	-0.848	-0.928	-0.928	-0.661	-0.930	-0.654	-0.930	-0.661	-0.656	-0.713	-0.682	-0.858	-0.444	-1.004	-1.010	-0.989	-0.677	-1.000	-0.704	-0.992	-0.704	-0.714	-0.737	-0.748	-0.746	-0.399	-0.751	-0.752	-0.369	-0.324	-0.522	-0.522	-0.567	-0.680	-0.680	-0.611	-0.627	-0.604	-0.691	-0.621	-0.541	-0.620	-0.620	-0.705	-0.544	-0.533	-0.720	-0.692	-0.801	-0.861	-0.472	-0.461	-0.493	-0.433	-0.424	-0.444	-0.413	-0.518	-1.063	-1.084	-1.085	-0.982	-1.032	-1.006	-1.081	-1.083	-1.083	-1.083	-1.005	-1.082	-1.002	-1.084	+0.399	-0.255	-1.011	-1.088	-0.113	-1.036	-1.034	-0.111	-1.031	-0.112	-0.583	+0.346	-0.556	-1.034	-0.541	-0.222	-0.549	-1.011	-0.234	-0.125	-0.126	-0.575	-0.115	-0.576	-0.576	-1.027	-1.033	-0.579	-0.579	-0.967	-0.896	-0.538	-0.558	-0.968	-0.173	-0.588	-1.046	-1.046	-1.043	-1.037	-1.037	-0.996	-0.350	-0.377	+0.190	+3.911	-0.240	+0.178	-0.243	-0.237	+5.086	+0.707	-0.198	-0.211	+3.925	+0.091	+0.454	-0.939	+0.076	+0.090	-0.940	-0.939	+0.438	+0.431	+0.430	+2.176	+1.528	+1.205	+0.159	+0.217	+4.657	+4.665	+4.670	+4.701	+4.811	+4.733	+4.739	+1.194	+1.174	+4.744	+0.660	+0.837	+0.675	-0.224	+0.690	+0.673	
rs9874051      -0.498	-0.499	-0.857	-0.484	-0.695	-0.734	-0.480	-0.445	-0.493	-0.481	-0.499	-0.497	-0.475	-0.489	-0.710	-0.840	-0.479	-0.443	-0.717	-0.385	-0.483	-0.732	-0.742	-0.487	-0.718	-0.526	-0.838	-0.710	-0.443	-0.855	-0.855	-0.464	-0.854	-0.454	-0.854	-0.464	-0.457	-0.528	-0.493	-0.519	-0.368	-0.686	-0.700	-0.651	-0.497	-0.677	-0.518	-0.661	-0.518	-0.523	-0.538	-0.543	-0.543	-0.188	-0.546	-0.547	-0.724	-0.709	-0.774	-0.774	-0.788	-0.538	-0.538	-0.804	-0.810	-0.802	-0.546	-0.808	-0.745	-0.808	-0.808	-0.554	-0.776	-0.769	-0.832	-0.819	-0.627	-0.678	-0.202	-0.190	-0.248	-0.161	-0.151	-0.197	-0.139	-0.265	-0.867	-0.899	-0.902	-0.776	-0.832	-0.797	-0.890	-0.892	-0.892	-0.893	-0.796	-0.892	-0.793	-0.894	+0.578	-0.044	-0.803	-0.906	+0.163	-0.838	-0.834	+0.166	-0.830	+0.165	-0.325	+0.526	-0.296	-0.834	-0.280	+0.065	-0.289	-0.802	+0.051	+0.150	+0.149	-0.317	+0.160	-0.318	-0.318	-0.821	-0.832	-0.321	-0.322	-0.758	-0.717	-0.277	-0.300	-0.759	+0.096	-0.332	-0.848	-0.848	-0.844	-0.837	-0.837	-0.791	-0.090	-0.177	+0.375	+3.995	+0.031	+0.363	+0.028	+0.034	+5.161	+0.819	+0.076	+0.061	+4.010	+0.278	+0.621	-0.751	+0.263	+0.278	-0.752	-0.751	+0.606	+0.599	+0.598	+2.366	+1.679	+1.357	+0.351	+0.411	+4.821	+4.829	+4.834	+4.865	+4.932	+4.897	+4.903	+1.415	+1.395	+4.908	+0.798	+1.057	+0.813	-0.053	+0.829	+0.811	
rs9812352      -0.490	-0.485	-0.832	-0.477	-0.664	-0.704	-0.484	-0.451	-0.451	-0.476	-0.493	-0.492	-0.471	-0.488	-0.680	-0.814	-0.438	-0.449	-0.686	-0.483	-0.361	-0.702	-0.712	-0.472	-0.687	-0.501	-0.813	-0.679	-0.399	-0.830	-0.830	-0.461	-0.829	-0.455	-0.829	-0.461	-0.456	-0.509	-0.482	-0.487	-0.370	-0.652	-0.668	-0.618	-0.488	-0.644	-0.500	-0.627	-0.500	-0.503	-0.513	-0.516	-0.516	-0.168	-0.518	-0.519	-0.708	-0.692	-0.757	-0.757	-0.770	-0.527	-0.528	-0.786	-0.792	-0.783	-0.533	-0.790	-0.728	-0.789	-0.789	-0.539	-0.758	-0.752	-0.813	-0.800	-0.603	-0.658	-0.177	-0.165	-0.225	-0.137	-0.126	-0.174	-0.114	-0.242	-0.845	-0.877	-0.880	-0.755	-0.811	-0.776	-0.869	-0.870	-0.871	-0.871	-0.775	-0.870	-0.771	-0.873	+0.594	-0.016	-0.781	-0.884	+0.190	-0.817	-0.812	+0.193	-0.809	+0.192	-0.301	+0.542	-0.272	-0.813	-0.256	+0.091	-0.264	-0.780	+0.077	+0.177	+0.176	-0.293	+0.187	-0.294	-0.294	-0.799	-0.811	-0.297	-0.298	-0.737	-0.695	-0.253	-0.276	-0.738	+0.124	-0.308	-0.826	-0.826	-0.822	-0.815	-0.815	-0.770	-0.067	-0.150	+0.392	+4.002	+0.058	+0.380	+0.055	+0.061	+5.169	+0.839	+0.104	+0.089	+4.017	+0.295	+0.645	-0.730	+0.280	+0.295	-0.731	-0.730	+0.631	+0.624	+0.623	+2.383	+1.697	+1.376	+0.369	+0.428	+4.830	+4.838	+4.843	+4.874	+4.942	+4.906	+4.912	+1.440	+1.420	+4.917	+0.819	+1.082	+0.833	-0.031	+0.849	+0.831	
rs6802547      -0.679	-0.707	-0.961	-0.690	-0.781	-0.752	-0.670	-0.634	-0.861	-0.687	-0.717	-0.714	-0.682	-0.702	-0.752	-0.972	-0.855	-0.662	-1.022	-0.732	-0.702	-0.606	-0.742	-0.706	-0.730	-0.784	-0.973	-1.019	-0.831	-0.964	-0.964	-0.677	-0.964	-0.669	-0.964	-0.677	-0.672	-0.728	-0.698	-0.713	-0.459	-0.771	-0.788	-0.728	-0.693	-0.765	-0.720	-0.746	-0.720	-0.729	-0.753	-0.763	-0.761	-0.400	-0.766	-0.767	-0.422	-0.388	-0.563	-0.563	-0.595	-0.695	-0.695	-0.639	-0.655	-0.632	-0.706	-0.649	-0.536	-0.647	-0.647	-0.719	-0.573	-0.563	-0.725	-0.696	-0.794	-0.868	-0.464	-0.453	-0.458	-0.425	-0.415	-0.408	-0.404	-0.521	-1.075	-1.100	-1.102	-0.984	-1.038	-1.014	-1.095	-1.097	-1.097	-1.098	-1.013	-1.097	-1.010	-1.099	+0.414	-0.247	-1.019	-1.106	-0.114	-1.042	-1.040	-0.111	-1.036	-0.112	-0.574	+0.361	-0.547	-1.040	-0.535	-0.211	-0.543	-1.019	-0.223	-0.125	-0.127	-0.569	-0.116	-0.570	-0.570	-1.037	-1.040	-0.573	-0.574	-0.969	-0.908	-0.532	-0.552	-0.970	-0.174	-0.584	-1.056	-1.056	-1.052	-1.044	-1.044	-1.000	-0.321	-0.377	+0.195	+3.953	-0.242	+0.183	-0.245	-0.240	+5.144	+0.732	-0.200	-0.213	+3.966	+0.095	+0.440	-0.955	+0.080	+0.095	-0.956	-0.955	+0.424	+0.417	+0.415	+2.162	+1.502	+1.179	+0.164	+0.222	+4.665	+4.673	+4.677	+4.709	+4.884	+4.741	+4.747	+1.137	+1.117	+4.751	+0.582	+0.785	+0.596	-0.277	+0.612	+0.594	
rs1436659      -0.690	-0.717	-0.969	-0.701	-0.778	-0.755	-0.680	-0.645	-0.860	-0.697	-0.727	-0.724	-0.693	-0.712	-0.749	-0.978	-0.853	-0.672	-1.025	-0.742	-0.712	-0.742	-0.611	-0.717	-0.725	-0.788	-0.979	-1.022	-0.829	-0.972	-0.971	-0.687	-0.972	-0.680	-0.972	-0.687	-0.682	-0.738	-0.708	-0.706	-0.470	-0.766	-0.786	-0.717	-0.703	-0.759	-0.730	-0.738	-0.730	-0.739	-0.762	-0.772	-0.770	-0.401	-0.775	-0.776	-0.443	-0.409	-0.581	-0.581	-0.613	-0.704	-0.705	-0.655	-0.671	-0.649	-0.716	-0.665	-0.554	-0.664	-0.664	-0.729	-0.591	-0.580	-0.740	-0.711	-0.801	-0.873	-0.467	-0.457	-0.464	-0.429	-0.419	-0.413	-0.408	-0.523	-1.080	-1.106	-1.108	-0.989	-1.043	-1.018	-1.100	-1.102	-1.102	-1.103	-1.018	-1.101	-1.014	-1.104	+0.409	-0.255	-1.024	-1.111	-0.118	-1.047	-1.045	-0.115	-1.041	-0.116	-0.578	+0.356	-0.551	-1.045	-0.539	-0.215	-0.547	-1.024	-0.227	-0.130	-0.131	-0.573	-0.120	-0.574	-0.574	-1.041	-1.045	-0.577	-0.578	-0.973	-0.914	-0.536	-0.556	-0.975	-0.178	-0.588	-1.061	-1.061	-1.057	-1.049	-1.049	-1.005	-0.326	-0.385	+0.192	+3.945	-0.246	+0.179	-0.249	-0.244	+5.135	+0.723	-0.204	-0.218	+3.959	+0.092	+0.432	-0.960	+0.076	+0.091	-0.961	-0.960	+0.416	+0.409	+0.408	+2.162	+1.498	+1.175	+0.160	+0.218	+4.667	+4.675	+4.680	+4.711	+4.876	+4.743	+4.749	+1.135	+1.115	+4.754	+0.579	+0.782	+0.594	-0.281	+0.609	+0.592	
rs16865194     -0.491	-0.488	-0.836	-0.478	-0.668	-0.708	-0.485	-0.450	-0.457	-0.477	-0.495	-0.494	-0.472	-0.490	-0.684	-0.818	-0.445	-0.448	-0.691	-0.487	-0.472	-0.706	-0.717	-0.365	-0.691	-0.505	-0.817	-0.684	-0.405	-0.833	-0.834	-0.461	-0.832	-0.454	-0.833	-0.461	-0.456	-0.512	-0.484	-0.492	-0.370	-0.657	-0.673	-0.623	-0.489	-0.649	-0.503	-0.632	-0.503	-0.506	-0.517	-0.520	-0.520	-0.171	-0.522	-0.523	-0.710	-0.695	-0.759	-0.759	-0.772	-0.529	-0.529	-0.789	-0.795	-0.786	-0.535	-0.793	-0.730	-0.792	-0.792	-0.541	-0.761	-0.754	-0.816	-0.802	-0.607	-0.661	-0.181	-0.169	-0.228	-0.140	-0.130	-0.177	-0.118	-0.245	-0.848	-0.881	-0.883	-0.758	-0.814	-0.779	-0.872	-0.874	-0.874	-0.875	-0.778	-0.873	-0.775	-0.876	+0.592	-0.020	-0.785	-0.887	+0.186	-0.820	-0.816	+0.189	-0.812	+0.188	-0.305	+0.540	-0.276	-0.816	-0.260	+0.087	-0.268	-0.784	+0.073	+0.173	+0.172	-0.296	+0.183	-0.297	-0.298	-0.803	-0.814	-0.300	-0.301	-0.740	-0.698	-0.256	-0.280	-0.741	+0.120	-0.312	-0.829	-0.829	-0.826	-0.818	-0.818	-0.773	-0.070	-0.154	+0.390	+4.001	+0.054	+0.377	+0.051	+0.057	+5.168	+0.836	+0.100	+0.085	+4.016	+0.293	+0.642	-0.733	+0.278	+0.293	-0.734	-0.733	+0.627	+0.620	+0.619	+2.380	+1.695	+1.373	+0.366	+0.426	+4.829	+4.837	+4.841	+4.873	+4.940	+4.905	+4.911	+1.436	+1.416	+4.916	+0.816	+1.079	+0.830	-0.034	+0.846	+0.828	
rs17427138     -0.664	-0.692	-0.949	-0.675	-0.783	-0.743	-0.654	-0.619	-0.863	-0.672	-0.702	-0.699	-0.667	-0.686	-0.753	-0.962	-0.857	-0.646	-1.017	-0.718	-0.687	-0.730	-0.725	-0.691	-0.597	-0.779	-0.963	-1.014	-0.834	-0.952	-0.951	-0.661	-0.952	-0.654	-0.952	-0.661	-0.656	-0.714	-0.683	-0.721	-0.443	-0.775	-0.788	-0.740	-0.678	-0.770	-0.705	-0.755	-0.705	-0.715	-0.738	-0.749	-0.747	-0.399	-0.752	-0.753	-0.391	-0.357	-0.536	-0.536	-0.569	-0.680	-0.680	-0.613	-0.630	-0.606	-0.691	-0.624	-0.510	-0.622	-0.622	-0.705	-0.547	-0.536	-0.702	-0.672	-0.782	-0.861	-0.458	-0.447	-0.450	-0.419	-0.410	-0.399	-0.398	-0.518	-1.067	-1.092	-1.094	-0.977	-1.031	-1.007	-1.088	-1.089	-1.089	-1.090	-1.006	-1.089	-1.003	-1.091	+0.420	-0.235	-1.012	-1.098	-0.107	-1.034	-1.032	-0.104	-1.029	-0.105	-0.568	+0.367	-0.540	-1.033	-0.529	-0.205	-0.537	-1.013	-0.217	-0.119	-0.120	-0.563	-0.109	-0.564	-0.564	-1.030	-1.032	-0.567	-0.568	-0.962	-0.899	-0.526	-0.546	-0.964	-0.167	-0.577	-1.048	-1.048	-1.045	-1.037	-1.037	-0.993	-0.313	-0.365	+0.201	+3.966	-0.236	+0.189	-0.239	-0.233	+5.158	+0.746	-0.193	-0.207	+3.979	+0.101	+0.452	-0.947	+0.086	+0.101	-0.948	-0.947	+0.436	+0.429	+0.428	+2.163	+1.510	+1.187	+0.170	+0.227	+4.662	+4.669	+4.674	+4.706	+4.897	+4.737	+4.743	+1.141	+1.121	+4.748	+0.586	+0.788	+0.601	-0.271	+0.616	+0.599	
rs17427173     -0.477	-0.503	-0.794	-0.490	-0.767	-0.783	-0.471	-0.441	-0.695	-0.487	-0.513	-0.510	-0.484	-0.500	-0.774	-0.799	-0.692	-0.468	-0.776	-0.526	-0.501	-0.784	-0.788	-0.505	-0.779	-0.285	-0.801	-0.774	-0.675	-0.799	-0.799	-0.480	-0.799	-0.474	-0.799	-0.480	-0.476	-0.520	-0.496	-0.603	-0.252	-0.762	-0.769	-0.748	-0.491	-0.759	-0.512	-0.751	-0.512	-0.519	-0.536	-0.544	-0.543	-0.099	-0.546	-0.547	-0.386	-0.361	-0.470	-0.470	-0.495	-0.486	-0.486	-0.525	-0.536	-0.519	-0.495	-0.533	-0.437	-0.531	-0.531	-0.505	-0.473	-0.465	-0.592	-0.570	-0.536	-0.589	-0.142	-0.131	-0.186	-0.102	-0.092	-0.136	-0.081	-0.199	-0.785	-0.813	-0.815	-0.701	-0.752	-0.720	-0.806	-0.808	-0.808	-0.809	-0.720	-0.807	-0.716	-0.810	+0.761	+0.046	-0.726	-0.819	+0.277	-0.756	-0.754	+0.280	-0.751	+0.279	-0.265	+0.704	-0.237	-0.755	-0.224	+0.107	-0.232	-0.726	+0.093	+0.264	+0.263	-0.260	+0.275	-0.260	-0.261	-0.744	-0.754	-0.264	-0.264	-0.685	-0.629	-0.222	-0.242	-0.687	+0.209	-0.275	-0.769	-0.769	-0.765	-0.759	-0.759	-0.716	-0.043	-0.085	+0.532	+4.174	+0.138	+0.518	+0.134	+0.140	+5.350	+0.875	+0.184	+0.169	+4.189	+0.428	+0.620	-0.663	+0.413	+0.428	-0.664	-0.663	+0.606	+0.599	+0.598	+2.461	+1.781	+1.455	+0.499	+0.563	+4.942	+4.950	+4.955	+4.986	+5.106	+5.019	+5.025	+1.379	+1.359	+5.030	+0.872	+1.031	+0.887	+0.016	+0.903	+0.885	
rs493186       -0.790	-0.815	-0.812	-0.802	-0.955	-0.973	-0.783	-0.753	-0.922	-0.799	-0.825	-0.822	-0.796	-0.812	-0.959	-0.809	-0.916	-0.779	-0.942	-0.838	-0.813	-0.973	-0.979	-0.817	-0.963	-0.801	-0.648	-0.937	-0.891	-0.777	-0.778	-0.791	-0.781	-0.785	-0.781	-0.791	-0.787	-0.832	-0.808	-0.787	-0.579	-0.944	-0.957	-0.917	-0.804	-0.937	-0.826	-0.924	-0.826	-0.834	-0.853	-0.862	-0.860	-0.412	-0.863	-0.865	-0.189	-0.137	-0.446	-0.446	-0.510	-0.803	-0.803	-0.564	-0.584	-0.554	-0.812	-0.577	-0.485	-0.575	-0.575	-0.823	-0.483	-0.470	-0.707	-0.676	-0.862	-0.906	-0.491	-0.480	-0.515	-0.451	-0.442	-0.465	-0.430	-0.530	-1.111	-1.140	-1.142	-1.019	-1.074	-1.046	-1.132	-1.134	-1.134	-1.135	-1.045	-1.134	-1.041	-1.136	+0.380	-0.324	-1.051	-1.145	-0.145	-1.078	-1.076	-0.142	-1.072	-0.143	-0.607	+0.327	-0.579	-1.076	-0.565	-0.241	-0.573	-1.051	-0.253	-0.157	-0.158	-0.600	-0.147	-0.600	-0.601	-1.069	-1.075	-0.604	-0.604	-1.002	-0.958	-0.562	-0.582	-1.004	-0.206	-0.614	-1.092	-1.092	-1.088	-1.080	-1.080	-1.035	-0.369	-0.448	+0.169	+3.929	-0.273	+0.156	-0.276	-0.270	+5.123	+0.678	-0.230	-0.244	+3.942	+0.068	+0.408	-0.990	+0.053	+0.068	-0.991	-0.990	+0.393	+0.385	+0.384	+2.157	+1.492	+1.166	+0.138	+0.197	+4.657	+4.665	+4.669	+4.701	+4.835	+4.733	+4.739	+1.129	+1.109	+4.743	+0.569	+0.775	+0.584	-0.299	+0.600	+0.582	
rs541980       -0.656	-0.684	-0.919	-0.668	-1.006	-1.018	-0.647	-0.611	-0.874	-0.663	-0.695	-0.692	-0.660	-0.679	-1.008	-0.936	-0.869	-0.639	-0.726	-0.710	-0.679	-1.019	-1.022	-0.684	-1.014	-0.774	-0.937	-0.588	-0.848	-0.922	-0.922	-0.654	-0.923	-0.647	-0.923	-0.654	-0.649	-0.707	-0.675	-0.856	-0.436	-1.001	-1.007	-0.986	-0.670	-0.997	-0.697	-0.990	-0.697	-0.707	-0.731	-0.741	-0.740	-0.398	-0.744	-0.746	-0.352	-0.307	-0.508	-0.508	-0.553	-0.673	-0.673	-0.597	-0.614	-0.591	-0.684	-0.608	-0.528	-0.606	-0.606	-0.698	-0.530	-0.518	-0.708	-0.680	-0.796	-0.858	-0.470	-0.460	-0.491	-0.432	-0.422	-0.442	-0.411	-0.517	-1.059	-1.080	-1.081	-0.979	-1.029	-1.003	-1.078	-1.079	-1.079	-1.080	-1.003	-1.079	-0.999	-1.080	+0.401	-0.251	-1.008	-1.084	-0.111	-1.033	-1.031	-0.108	-1.028	-0.109	-0.580	+0.348	-0.553	-1.031	-0.539	-0.220	-0.547	-1.008	-0.232	-0.122	-0.124	-0.573	-0.113	-0.573	-0.574	-1.024	-1.030	-0.576	-0.577	-0.964	-0.892	-0.536	-0.555	-0.966	-0.170	-0.586	-1.043	-1.043	-1.040	-1.033	-1.033	-0.994	-0.348	-0.373	+0.192	+3.916	-0.237	+0.180	-0.240	-0.235	+5.092	+0.712	-0.195	-0.209	+3.930	+0.093	+0.459	-0.935	+0.078	+0.093	-0.936	-0.935	+0.444	+0.436	+0.435	+2.179	+1.532	+1.209	+0.161	+0.219	+4.659	+4.667	+4.671	+4.703	+4.815	+4.735	+4.741	+1.199	+1.178	+4.746	+0.665	+0.841	+0.680	-0.220	+0.695	+0.678	
rs9811787      -0.377	-0.411	-0.872	-0.386	-0.845	-0.830	-0.365	-0.314	-0.612	-0.381	-0.425	-0.420	-0.374	-0.403	-0.829	-0.889	-0.615	-0.344	-0.848	-0.443	-0.399	-0.831	-0.829	-0.405	-0.834	-0.675	-0.891	-0.848	-0.469	-0.877	-0.877	-0.364	-0.878	-0.354	-0.878	-0.364	-0.357	-0.443	-0.394	-0.770	-0.143	-0.844	-0.841	-0.842	-0.389	-0.844	-0.427	-0.842	-0.427	-0.440	-0.474	-0.489	-0.487	-0.340	-0.494	-0.496	-0.338	-0.301	-0.456	-0.456	-0.486	-0.400	-0.401	-0.526	-0.541	-0.520	-0.416	-0.535	-0.440	-0.534	-0.534	-0.435	-0.463	-0.452	-0.605	-0.576	-0.641	-0.751	-0.385	-0.375	-0.371	-0.347	-0.338	-0.322	-0.327	-0.460	-0.953	-0.966	-0.966	-0.878	-0.925	-0.906	-0.968	-0.969	-0.969	-0.969	-0.905	-0.969	-0.902	-0.970	+0.490	-0.079	-0.910	-0.968	-0.015	-0.928	-0.927	-0.012	-0.924	-0.013	-0.489	+0.438	-0.463	-0.927	-0.452	-0.138	-0.460	-0.911	-0.149	-0.026	-0.027	-0.485	-0.017	-0.486	-0.486	-0.925	-0.927	-0.489	-0.490	-0.865	-0.759	-0.450	-0.469	-0.867	-0.073	-0.499	-0.938	-0.938	-0.935	-0.929	-0.929	-0.893	-0.240	-0.208	+0.271	+3.984	-0.141	+0.259	-0.144	-0.138	+5.157	+0.826	-0.100	-0.112	+3.998	+0.173	+0.548	-0.832	+0.158	+0.173	-0.833	-0.833	+0.533	+0.526	+0.525	+2.202	+1.584	+1.266	+0.240	+0.297	+4.691	+4.699	+4.703	+4.735	+4.900	+4.767	+4.773	+1.245	+1.225	+4.778	+0.732	+0.894	+0.747	-0.130	+0.763	+0.745	
