## Summary of overall evidence for association with region:
## log10(BF for region) = -0.609562
## p-value for region = NA

## BFs for choosing among multi-SNP models:
## log10(average 1-SNP BF) = -0.529842
## log10(average 2-SNP BF) = -0.833574

## Example posterior probabilities for multi-SNP models, based on default prior: [p(l) propto 0.5^l for l=1,2,...,L]
## posterior probability of 1-SNP = 0.800994
## posterior probability of 2-SNP = 0.199006

## log10(BF) for single SNP and pair of SNPs:
rs55894040     -0.578	-0.600	-0.607	-0.926	-0.800	-0.992	-0.988	-0.988	-0.988	-0.989	-1.019	-0.986	-0.991	-0.985	-0.983	-0.983	-0.986	-0.986	-0.923	-0.986	-0.978	-0.986	-0.986	-0.986	-0.986	-0.967	-0.987	-0.986	-0.992	-0.985	-0.985	-0.928	-0.978	-0.985	-0.985	-0.978	-0.977	-0.927	-1.014	-0.930	-0.994	-1.054	-0.926	-1.053	-1.056	-1.058	-0.943	-0.991	-0.925	-0.926	-0.946	-0.949	-0.899	-0.929	-0.934	-0.932	-0.932	-0.903	-0.938	-0.928	-1.072	-0.941	-0.921	-0.921	-0.925	-1.072	-0.919	-0.992	-0.939	-1.028	-0.934	-0.955	-0.958	-0.888	-0.872	-0.879	-0.871	-1.013	-1.013	-0.871	-0.871	-1.014	-0.870	-0.996	-0.926	-0.926	-0.926	-1.013	-1.014	-1.013	-1.014	-0.873	-1.008	-1.007	-1.004	-0.852	-0.751	-0.972	-0.957	-0.871	-0.963	-0.866	-0.868	-1.002	-0.971	-1.003	-1.033	-0.966	-0.966	-0.966	-0.950	-1.004	-1.002	-0.934	-0.949	-0.949	-0.949	-0.934	-0.934	-0.949	-0.950	-0.948	-0.951	-0.870	-0.952	-1.028	-0.975	-0.952	-0.952	-0.869	-0.953	-0.947	-0.953	-0.955	-0.956	-0.957	-0.957	-0.958	-0.958	-0.958	-0.959	-0.959	-0.950	-0.960	-0.960	-0.976	-0.874	-0.960	-1.000	-0.996	-0.873	-0.995	-0.948	-0.937	-0.966	-0.976	-0.960	-0.960	-0.999	-1.001	-0.966	-0.966	-0.967	-0.967	-0.967	-0.968	-0.968	-0.969	-0.967	-0.967	-0.967	-0.940	-0.968	
rs11726218     -0.600	-0.549	-0.681	-0.925	-0.763	-0.969	-0.966	-0.966	-0.966	-0.967	-0.995	-0.964	-0.969	-0.964	-0.961	-0.961	-0.964	-0.964	-0.899	-0.964	-0.957	-0.964	-0.964	-0.964	-0.964	-0.928	-0.965	-0.964	-0.969	-0.964	-0.963	-0.904	-0.957	-0.963	-0.963	-0.956	-0.956	-0.888	-0.990	-0.892	-0.960	-1.030	-0.903	-1.029	-1.031	-1.031	-0.923	-0.957	-0.901	-0.902	-0.926	-0.929	-0.871	-0.905	-0.910	-0.908	-0.908	-0.880	-0.913	-0.904	-1.046	-0.917	-0.897	-0.898	-0.901	-1.045	-0.895	-0.963	-0.916	-1.007	-0.911	-0.934	-0.937	-0.853	-0.847	-0.854	-0.846	-0.987	-0.986	-0.846	-0.846	-0.988	-0.845	-0.967	-0.892	-0.892	-0.892	-0.987	-0.980	-0.987	-0.980	-0.848	-0.974	-0.973	-0.978	-0.828	-0.736	-0.950	-0.927	-0.846	-0.930	-0.842	-0.844	-0.974	-0.949	-0.974	-1.005	-0.933	-0.933	-0.934	-0.917	-0.976	-0.974	-0.900	-0.916	-0.916	-0.916	-0.901	-0.901	-0.916	-0.917	-0.915	-0.918	-0.845	-0.919	-1.003	-0.953	-0.919	-0.919	-0.845	-0.920	-0.914	-0.920	-0.922	-0.923	-0.924	-0.924	-0.925	-0.925	-0.925	-0.926	-0.926	-0.920	-0.927	-0.927	-0.944	-0.850	-0.927	-0.971	-0.968	-0.848	-0.966	-0.915	-0.904	-0.933	-0.953	-0.927	-0.927	-0.971	-0.973	-0.933	-0.933	-0.934	-0.934	-0.934	-0.935	-0.935	-0.936	-0.935	-0.935	-0.934	-0.906	-0.935	
rs35828296     -0.607	-0.681	-0.549	-0.925	-0.763	-0.970	-0.967	-0.966	-0.966	-0.967	-0.995	-0.964	-0.969	-0.964	-0.962	-0.961	-0.964	-0.964	-0.900	-0.964	-0.957	-0.964	-0.964	-0.964	-0.964	-0.929	-0.966	-0.964	-0.969	-0.964	-0.963	-0.904	-0.957	-0.963	-0.963	-0.957	-0.956	-0.888	-0.990	-0.892	-0.960	-1.030	-0.903	-1.029	-1.031	-1.031	-0.923	-0.957	-0.901	-0.902	-0.926	-0.929	-0.872	-0.905	-0.910	-0.908	-0.908	-0.880	-0.914	-0.904	-1.046	-0.917	-0.897	-0.898	-0.901	-1.045	-0.895	-0.963	-0.916	-1.007	-0.912	-0.934	-0.937	-0.853	-0.847	-0.854	-0.846	-0.987	-0.987	-0.846	-0.846	-0.988	-0.845	-0.967	-0.892	-0.892	-0.892	-0.987	-0.980	-0.987	-0.980	-0.848	-0.974	-0.973	-0.978	-0.828	-0.736	-0.950	-0.927	-0.847	-0.930	-0.842	-0.844	-0.974	-0.949	-0.975	-1.005	-0.934	-0.934	-0.934	-0.917	-0.976	-0.974	-0.900	-0.916	-0.916	-0.916	-0.901	-0.901	-0.916	-0.917	-0.915	-0.918	-0.846	-0.919	-1.003	-0.953	-0.919	-0.919	-0.845	-0.920	-0.914	-0.920	-0.922	-0.924	-0.924	-0.925	-0.925	-0.925	-0.926	-0.926	-0.927	-0.920	-0.927	-0.927	-0.944	-0.850	-0.927	-0.972	-0.968	-0.848	-0.966	-0.915	-0.904	-0.933	-0.953	-0.927	-0.927	-0.971	-0.973	-0.933	-0.934	-0.934	-0.935	-0.935	-0.935	-0.935	-0.937	-0.935	-0.935	-0.935	-0.906	-0.935	
rs6846205      -0.926	-0.925	-0.925	-0.523	-0.786	-0.883	-0.878	-0.876	-0.876	-0.879	-0.932	-0.873	-0.882	-0.873	-0.869	-0.869	-0.874	-0.874	-0.883	-0.874	-0.861	-0.874	-0.874	-0.874	-0.874	-0.928	-0.876	-0.873	-0.883	-0.873	-0.873	-0.887	-0.864	-0.872	-0.872	-0.863	-0.862	-0.896	-0.976	-0.898	-0.945	-1.008	-0.886	-1.007	-1.009	-1.010	-0.815	-0.944	-0.885	-0.886	-0.818	-0.822	-0.734	-0.888	-0.891	-0.890	-0.890	-0.758	-0.894	-0.792	-1.022	-0.897	-0.782	-0.783	-0.788	-1.021	-0.779	-0.946	-0.897	-0.832	-0.894	-0.913	-0.915	-0.774	-0.823	-0.829	-0.822	-0.942	-0.942	-0.822	-0.822	-0.944	-0.821	-0.949	-0.819	-0.819	-0.819	-0.943	-0.921	-0.943	-0.921	-0.824	-0.914	-0.913	-0.933	-0.804	-0.710	-0.925	-0.919	-0.822	-0.860	-0.818	-0.820	-0.947	-0.924	-0.947	-0.980	-0.864	-0.864	-0.864	-0.844	-0.949	-0.947	-0.824	-0.842	-0.842	-0.842	-0.826	-0.826	-0.843	-0.843	-0.841	-0.844	-0.821	-0.846	-0.974	-0.927	-0.846	-0.846	-0.821	-0.847	-0.840	-0.846	-0.850	-0.851	-0.852	-0.852	-0.853	-0.853	-0.854	-0.854	-0.855	-0.913	-0.855	-0.855	-0.877	-0.825	-0.855	-0.922	-0.917	-0.824	-0.915	-0.841	-0.830	-0.863	-0.927	-0.856	-0.856	-0.943	-0.946	-0.863	-0.864	-0.864	-0.865	-0.865	-0.866	-0.866	-0.867	-0.865	-0.865	-0.865	-0.831	-0.866	
rs4391005      -0.800	-0.763	-0.763	-0.786	-0.366	-0.664	-0.656	-0.654	-0.654	-0.657	-0.747	-0.649	-0.662	-0.649	-0.644	-0.643	-0.651	-0.651	-0.710	-0.651	-0.633	-0.650	-0.651	-0.651	-0.651	-0.785	-0.654	-0.650	-0.664	-0.650	-0.649	-0.710	-0.636	-0.648	-0.648	-0.634	-0.634	-0.713	-0.801	-0.714	-0.786	-0.799	-0.711	-0.800	-0.798	-0.843	-0.596	-0.787	-0.711	-0.712	-0.600	-0.605	-0.545	-0.711	-0.709	-0.711	-0.711	-0.544	-0.709	-0.581	-0.864	-0.709	-0.570	-0.571	-0.577	-0.863	-0.567	-0.803	-0.723	-0.656	-0.724	-0.747	-0.746	-0.491	-0.679	-0.680	-0.679	-0.716	-0.716	-0.679	-0.679	-0.719	-0.678	-0.805	-0.553	-0.553	-0.553	-0.717	-0.614	-0.717	-0.612	-0.680	-0.603	-0.599	-0.703	-0.669	-0.504	-0.746	-0.788	-0.679	-0.610	-0.677	-0.678	-0.787	-0.747	-0.788	-0.820	-0.616	-0.616	-0.616	-0.587	-0.790	-0.788	-0.558	-0.582	-0.582	-0.583	-0.560	-0.561	-0.583	-0.584	-0.582	-0.585	-0.678	-0.587	-0.819	-0.744	-0.587	-0.587	-0.678	-0.589	-0.579	-0.588	-0.593	-0.595	-0.595	-0.596	-0.597	-0.598	-0.598	-0.599	-0.600	-0.785	-0.601	-0.601	-0.632	-0.680	-0.601	-0.724	-0.719	-0.679	-0.716	-0.581	-0.590	-0.612	-0.744	-0.601	-0.601	-0.782	-0.785	-0.612	-0.613	-0.614	-0.614	-0.614	-0.615	-0.616	-0.618	-0.615	-0.615	-0.614	-0.570	-0.616	
rs11728642     -0.992	-0.969	-0.970	-0.883	-0.664	-0.569	-0.697	-0.697	-0.697	-0.699	-0.784	-0.697	-0.704	-0.694	-0.690	-0.690	-0.696	-0.696	-0.890	-0.696	-0.681	-0.696	-0.696	-0.696	-0.696	-0.921	-0.699	-0.696	-0.705	-0.696	-0.696	-0.895	-0.698	-0.695	-0.695	-0.697	-0.696	-0.803	-0.827	-0.807	-0.960	-0.922	-0.894	-0.919	-0.925	-1.022	-0.700	-0.956	-0.893	-0.893	-0.717	-0.722	-0.718	-0.897	-0.903	-0.901	-0.901	-0.765	-0.907	-0.800	-1.045	-0.911	-0.791	-0.792	-0.797	-1.046	-0.789	-0.967	-0.913	-1.007	-0.908	-0.929	-0.933	-0.831	-0.865	-0.871	-0.865	-1.000	-1.000	-0.865	-0.865	-1.001	-0.864	-0.972	-0.872	-0.871	-0.871	-1.000	-0.987	-1.000	-0.986	-0.867	-0.981	-0.981	-0.992	-0.848	-0.745	-0.950	-0.928	-0.865	-0.913	-0.861	-0.863	-0.996	-0.948	-0.997	-1.025	-0.916	-0.916	-0.916	-0.900	-0.998	-0.997	-0.883	-0.898	-0.898	-0.898	-0.885	-0.885	-0.898	-0.899	-0.897	-0.899	-0.864	-0.901	-0.949	-0.954	-0.901	-0.901	-0.864	-0.902	-0.896	-0.902	-0.904	-0.905	-0.905	-0.906	-0.907	-0.907	-0.907	-0.908	-0.908	-0.920	-0.908	-0.908	-0.924	-0.868	-0.908	-0.941	-0.940	-0.866	-0.940	-0.897	-0.886	-0.915	-0.954	-0.908	-0.908	-0.993	-0.995	-0.915	-0.915	-0.916	-0.916	-0.916	-0.917	-0.917	-0.918	-0.916	-0.916	-0.916	-0.890	-0.917	
rs10938491     -0.988	-0.966	-0.967	-0.878	-0.656	-0.697	-0.565	-0.695	-0.695	-0.697	-0.776	-0.697	-0.700	-0.694	-0.692	-0.692	-0.695	-0.697	-0.885	-0.695	-0.686	-0.695	-0.695	-0.696	-0.695	-0.916	-0.697	-0.695	-0.700	-0.695	-0.695	-0.891	-0.700	-0.695	-0.695	-0.699	-0.699	-0.795	-0.818	-0.799	-0.956	-0.915	-0.890	-0.912	-0.918	-1.018	-0.706	-0.952	-0.888	-0.889	-0.722	-0.727	-0.723	-0.893	-0.899	-0.897	-0.897	-0.768	-0.903	-0.802	-1.042	-0.907	-0.794	-0.795	-0.800	-1.043	-0.792	-0.963	-0.909	-1.005	-0.904	-0.925	-0.929	-0.832	-0.862	-0.868	-0.862	-0.998	-0.998	-0.862	-0.862	-0.999	-0.861	-0.969	-0.872	-0.872	-0.872	-0.999	-0.985	-0.999	-0.985	-0.864	-0.980	-0.980	-0.991	-0.845	-0.743	-0.946	-0.924	-0.862	-0.912	-0.858	-0.860	-0.995	-0.945	-0.995	-1.022	-0.915	-0.915	-0.915	-0.899	-0.996	-0.995	-0.883	-0.898	-0.898	-0.898	-0.885	-0.885	-0.898	-0.899	-0.897	-0.899	-0.861	-0.901	-0.943	-0.950	-0.901	-0.901	-0.861	-0.902	-0.896	-0.901	-0.904	-0.905	-0.905	-0.906	-0.906	-0.906	-0.907	-0.907	-0.908	-0.916	-0.908	-0.908	-0.923	-0.865	-0.908	-0.938	-0.937	-0.863	-0.937	-0.897	-0.886	-0.914	-0.950	-0.908	-0.908	-0.992	-0.994	-0.914	-0.915	-0.915	-0.915	-0.915	-0.916	-0.916	-0.917	-0.916	-0.916	-0.915	-0.890	-0.916	
rs10938492     -0.988	-0.966	-0.966	-0.876	-0.654	-0.697	-0.695	-0.564	-0.694	-0.695	-0.774	-0.696	-0.698	-0.694	-0.692	-0.692	-0.695	-0.695	-0.884	-0.695	-0.686	-0.695	-0.695	-0.695	-0.695	-0.914	-0.696	-0.695	-0.698	-0.695	-0.695	-0.890	-0.701	-0.695	-0.695	-0.700	-0.700	-0.793	-0.816	-0.797	-0.955	-0.913	-0.888	-0.911	-0.916	-1.017	-0.708	-0.951	-0.887	-0.888	-0.724	-0.729	-0.725	-0.892	-0.897	-0.895	-0.895	-0.770	-0.902	-0.803	-1.041	-0.906	-0.794	-0.796	-0.800	-1.042	-0.792	-0.962	-0.908	-1.004	-0.903	-0.924	-0.928	-0.832	-0.862	-0.867	-0.861	-0.998	-0.998	-0.861	-0.861	-0.999	-0.860	-0.968	-0.872	-0.872	-0.872	-0.998	-0.985	-0.998	-0.984	-0.863	-0.979	-0.979	-0.990	-0.845	-0.743	-0.945	-0.923	-0.861	-0.912	-0.857	-0.859	-0.994	-0.944	-0.995	-1.022	-0.915	-0.915	-0.915	-0.899	-0.996	-0.994	-0.883	-0.898	-0.898	-0.898	-0.885	-0.885	-0.898	-0.899	-0.897	-0.899	-0.860	-0.901	-0.942	-0.949	-0.901	-0.901	-0.860	-0.902	-0.896	-0.901	-0.904	-0.905	-0.905	-0.906	-0.906	-0.906	-0.907	-0.907	-0.908	-0.915	-0.908	-0.908	-0.923	-0.864	-0.908	-0.937	-0.936	-0.863	-0.936	-0.897	-0.886	-0.914	-0.949	-0.908	-0.908	-0.991	-0.993	-0.914	-0.914	-0.915	-0.915	-0.915	-0.916	-0.916	-0.917	-0.915	-0.915	-0.915	-0.890	-0.916	
rs3922408      -0.988	-0.966	-0.966	-0.876	-0.654	-0.697	-0.695	-0.694	-0.564	-0.695	-0.774	-0.696	-0.698	-0.694	-0.692	-0.692	-0.695	-0.695	-0.884	-0.695	-0.686	-0.695	-0.695	-0.695	-0.695	-0.914	-0.696	-0.695	-0.698	-0.695	-0.695	-0.889	-0.701	-0.695	-0.695	-0.700	-0.700	-0.793	-0.816	-0.797	-0.954	-0.913	-0.888	-0.911	-0.916	-1.017	-0.708	-0.951	-0.887	-0.888	-0.724	-0.729	-0.725	-0.892	-0.897	-0.895	-0.895	-0.770	-0.902	-0.803	-1.041	-0.906	-0.794	-0.796	-0.800	-1.042	-0.792	-0.962	-0.908	-1.004	-0.903	-0.924	-0.928	-0.832	-0.862	-0.867	-0.861	-0.998	-0.998	-0.861	-0.861	-0.999	-0.860	-0.967	-0.872	-0.872	-0.872	-0.998	-0.985	-0.998	-0.984	-0.863	-0.979	-0.979	-0.990	-0.845	-0.743	-0.945	-0.923	-0.861	-0.912	-0.857	-0.859	-0.994	-0.943	-0.995	-1.022	-0.915	-0.915	-0.915	-0.899	-0.996	-0.994	-0.883	-0.898	-0.898	-0.898	-0.885	-0.885	-0.898	-0.899	-0.897	-0.899	-0.860	-0.901	-0.942	-0.949	-0.901	-0.901	-0.860	-0.902	-0.896	-0.901	-0.904	-0.905	-0.905	-0.906	-0.906	-0.906	-0.907	-0.907	-0.908	-0.915	-0.908	-0.908	-0.923	-0.864	-0.908	-0.937	-0.936	-0.863	-0.936	-0.897	-0.886	-0.914	-0.949	-0.908	-0.908	-0.991	-0.993	-0.914	-0.914	-0.915	-0.915	-0.915	-0.916	-0.916	-0.917	-0.915	-0.915	-0.915	-0.890	-0.916	
rs12502166     -0.989	-0.967	-0.967	-0.879	-0.657	-0.699	-0.697	-0.695	-0.695	-0.566	-0.777	-0.696	-0.699	-0.693	-0.691	-0.691	-0.695	-0.695	-0.886	-0.695	-0.684	-0.694	-0.695	-0.695	-0.695	-0.916	-0.696	-0.695	-0.700	-0.695	-0.694	-0.891	-0.699	-0.694	-0.694	-0.699	-0.698	-0.796	-0.819	-0.800	-0.956	-0.916	-0.890	-0.913	-0.919	-1.019	-0.706	-0.952	-0.889	-0.890	-0.722	-0.727	-0.723	-0.893	-0.899	-0.897	-0.897	-0.768	-0.904	-0.802	-1.042	-0.908	-0.794	-0.795	-0.800	-1.043	-0.792	-0.964	-0.910	-1.005	-0.905	-0.926	-0.930	-0.832	-0.863	-0.869	-0.862	-0.999	-0.999	-0.862	-0.862	-1.000	-0.861	-0.969	-0.872	-0.872	-0.872	-0.999	-0.985	-0.999	-0.985	-0.864	-0.980	-0.980	-0.991	-0.846	-0.744	-0.947	-0.924	-0.862	-0.912	-0.859	-0.860	-0.995	-0.945	-0.995	-1.023	-0.916	-0.916	-0.916	-0.900	-0.997	-0.995	-0.883	-0.898	-0.898	-0.898	-0.885	-0.885	-0.898	-0.899	-0.897	-0.900	-0.862	-0.901	-0.944	-0.951	-0.901	-0.901	-0.861	-0.902	-0.896	-0.902	-0.904	-0.905	-0.905	-0.906	-0.907	-0.907	-0.907	-0.908	-0.908	-0.916	-0.908	-0.908	-0.924	-0.865	-0.908	-0.938	-0.937	-0.864	-0.937	-0.897	-0.886	-0.914	-0.951	-0.908	-0.908	-0.992	-0.994	-0.915	-0.915	-0.915	-0.916	-0.916	-0.916	-0.916	-0.918	-0.916	-0.916	-0.916	-0.890	-0.916	
rs13134125     -1.019	-0.995	-0.995	-0.932	-0.747	-0.784	-0.776	-0.774	-0.774	-0.777	-0.597	-0.769	-0.781	-0.768	-0.763	-0.763	-0.771	-0.771	-0.922	-0.771	-0.753	-0.771	-0.771	-0.771	-0.771	-0.969	-0.774	-0.771	-0.784	-0.770	-0.770	-0.927	-0.761	-0.769	-0.769	-0.760	-0.759	-0.877	-0.913	-0.881	-1.001	-0.987	-0.926	-0.985	-0.989	-1.049	-0.720	-0.998	-0.925	-0.926	-0.736	-0.742	-0.721	-0.929	-0.934	-0.932	-0.932	-0.751	-0.939	-0.806	-1.078	-0.942	-0.796	-0.798	-0.803	-1.078	-0.794	-1.005	-0.944	-1.030	-0.939	-0.960	-0.964	-0.836	-0.890	-0.896	-0.889	-1.021	-1.020	-0.889	-0.889	-1.022	-0.888	-1.009	-0.881	-0.881	-0.880	-1.021	-1.007	-1.021	-1.007	-0.891	-1.001	-1.001	-1.012	-0.871	-0.762	-0.980	-0.968	-0.889	-0.927	-0.885	-0.887	-1.017	-0.978	-1.018	-1.048	-0.930	-0.930	-0.930	-0.912	-1.019	-1.018	-0.893	-0.910	-0.910	-0.910	-0.895	-0.895	-0.910	-0.911	-0.909	-0.912	-0.888	-0.913	-1.002	-0.983	-0.913	-0.913	-0.888	-0.915	-0.908	-0.914	-0.917	-0.918	-0.918	-0.919	-0.920	-0.920	-0.920	-0.921	-0.921	-0.961	-0.922	-0.922	-0.941	-0.892	-0.922	-0.973	-0.971	-0.891	-0.970	-0.909	-0.896	-0.929	-0.983	-0.922	-0.922	-1.014	-1.016	-0.929	-0.930	-0.930	-0.931	-0.931	-0.931	-0.932	-0.933	-0.931	-0.931	-0.931	-0.901	-0.932	
rs12502321     -0.986	-0.964	-0.964	-0.873	-0.649	-0.697	-0.697	-0.696	-0.696	-0.696	-0.769	-0.562	-0.695	-0.694	-0.693	-0.693	-0.696	-0.696	-0.882	-0.696	-0.692	-0.696	-0.696	-0.696	-0.696	-0.911	-0.697	-0.697	-0.697	-0.697	-0.697	-0.887	-0.704	-0.697	-0.697	-0.703	-0.703	-0.789	-0.811	-0.793	-0.952	-0.909	-0.886	-0.907	-0.912	-1.015	-0.712	-0.948	-0.885	-0.886	-0.728	-0.733	-0.729	-0.889	-0.895	-0.893	-0.893	-0.772	-0.900	-0.804	-1.039	-0.904	-0.796	-0.797	-0.802	-1.040	-0.794	-0.960	-0.906	-1.003	-0.900	-0.922	-0.926	-0.833	-0.860	-0.865	-0.859	-0.997	-0.997	-0.859	-0.859	-0.998	-0.858	-0.965	-0.873	-0.873	-0.873	-0.997	-0.984	-0.997	-0.983	-0.861	-0.979	-0.978	-0.989	-0.843	-0.742	-0.943	-0.920	-0.859	-0.912	-0.856	-0.858	-0.993	-0.941	-0.993	-1.020	-0.915	-0.915	-0.915	-0.900	-0.995	-0.993	-0.883	-0.898	-0.898	-0.898	-0.885	-0.885	-0.898	-0.899	-0.897	-0.900	-0.859	-0.901	-0.938	-0.947	-0.901	-0.901	-0.858	-0.902	-0.896	-0.901	-0.904	-0.905	-0.905	-0.906	-0.906	-0.906	-0.907	-0.907	-0.908	-0.912	-0.908	-0.908	-0.923	-0.862	-0.908	-0.935	-0.934	-0.861	-0.934	-0.897	-0.887	-0.914	-0.947	-0.908	-0.908	-0.990	-0.992	-0.914	-0.914	-0.915	-0.915	-0.915	-0.916	-0.916	-0.917	-0.915	-0.915	-0.915	-0.890	-0.916	
rs12502323     -0.991	-0.969	-0.969	-0.882	-0.662	-0.704	-0.700	-0.698	-0.698	-0.699	-0.781	-0.695	-0.568	-0.693	-0.690	-0.689	-0.697	-0.697	-0.889	-0.697	-0.684	-0.697	-0.697	-0.697	-0.697	-0.919	-0.699	-0.697	-0.704	-0.697	-0.697	-0.894	-0.700	-0.696	-0.696	-0.699	-0.699	-0.800	-0.825	-0.805	-0.959	-0.920	-0.893	-0.918	-0.923	-1.022	-0.702	-0.955	-0.892	-0.893	-0.720	-0.725	-0.721	-0.896	-0.902	-0.900	-0.900	-0.767	-0.906	-0.801	-1.045	-0.910	-0.793	-0.794	-0.799	-1.046	-0.791	-0.966	-0.912	-1.007	-0.907	-0.928	-0.933	-0.832	-0.865	-0.871	-0.864	-1.000	-1.000	-0.864	-0.864	-1.001	-0.863	-0.972	-0.872	-0.872	-0.872	-1.001	-0.987	-1.000	-0.987	-0.866	-0.981	-0.981	-0.992	-0.848	-0.745	-0.949	-0.927	-0.864	-0.913	-0.861	-0.862	-0.997	-0.948	-0.997	-1.024	-0.916	-0.916	-0.916	-0.900	-0.998	-0.997	-0.883	-0.898	-0.898	-0.899	-0.885	-0.886	-0.899	-0.900	-0.898	-0.900	-0.864	-0.901	-0.947	-0.953	-0.901	-0.902	-0.863	-0.903	-0.897	-0.902	-0.905	-0.906	-0.906	-0.907	-0.907	-0.907	-0.908	-0.908	-0.909	-0.919	-0.909	-0.909	-0.925	-0.867	-0.909	-0.941	-0.939	-0.866	-0.939	-0.898	-0.887	-0.915	-0.953	-0.909	-0.909	-0.993	-0.996	-0.915	-0.916	-0.916	-0.916	-0.916	-0.917	-0.917	-0.918	-0.917	-0.917	-0.916	-0.891	-0.917	
rs3924898      -0.985	-0.964	-0.964	-0.873	-0.649	-0.694	-0.694	-0.694	-0.694	-0.693	-0.768	-0.694	-0.693	-0.562	-0.691	-0.691	-0.694	-0.694	-0.881	-0.694	-0.690	-0.694	-0.694	-0.694	-0.694	-0.911	-0.695	-0.694	-0.694	-0.694	-0.694	-0.887	-0.702	-0.695	-0.695	-0.702	-0.701	-0.788	-0.810	-0.793	-0.952	-0.908	-0.886	-0.906	-0.911	-1.015	-0.711	-0.948	-0.884	-0.885	-0.727	-0.732	-0.728	-0.889	-0.895	-0.893	-0.893	-0.771	-0.899	-0.804	-1.039	-0.903	-0.796	-0.797	-0.802	-1.040	-0.794	-0.960	-0.905	-1.003	-0.900	-0.921	-0.926	-0.833	-0.860	-0.865	-0.859	-0.997	-0.997	-0.859	-0.859	-0.998	-0.858	-0.965	-0.872	-0.872	-0.872	-0.997	-0.983	-0.997	-0.983	-0.861	-0.978	-0.978	-0.989	-0.843	-0.742	-0.942	-0.920	-0.859	-0.912	-0.855	-0.857	-0.993	-0.941	-0.993	-1.020	-0.915	-0.915	-0.915	-0.899	-0.995	-0.993	-0.883	-0.898	-0.897	-0.898	-0.885	-0.885	-0.898	-0.899	-0.897	-0.899	-0.858	-0.900	-0.938	-0.947	-0.900	-0.901	-0.858	-0.902	-0.896	-0.901	-0.903	-0.905	-0.905	-0.905	-0.906	-0.906	-0.906	-0.907	-0.907	-0.912	-0.908	-0.908	-0.923	-0.862	-0.908	-0.935	-0.934	-0.861	-0.933	-0.897	-0.886	-0.914	-0.947	-0.908	-0.908	-0.990	-0.992	-0.914	-0.914	-0.914	-0.915	-0.915	-0.915	-0.915	-0.917	-0.915	-0.915	-0.915	-0.890	-0.915	
rs3924899      -0.983	-0.961	-0.962	-0.869	-0.644	-0.690	-0.692	-0.692	-0.692	-0.691	-0.763	-0.693	-0.690	-0.691	-0.560	-0.689	-0.691	-0.691	-0.878	-0.691	-0.690	-0.691	-0.691	-0.691	-0.691	-0.908	-0.691	-0.691	-0.688	-0.691	-0.691	-0.884	-0.701	-0.691	-0.691	-0.700	-0.700	-0.783	-0.804	-0.788	-0.949	-0.904	-0.883	-0.901	-0.907	-1.012	-0.712	-0.945	-0.881	-0.882	-0.728	-0.732	-0.729	-0.886	-0.892	-0.890	-0.890	-0.772	-0.896	-0.804	-1.036	-0.900	-0.795	-0.797	-0.801	-1.037	-0.794	-0.957	-0.902	-1.001	-0.897	-0.918	-0.923	-0.833	-0.857	-0.863	-0.857	-0.995	-0.995	-0.857	-0.857	-0.996	-0.856	-0.962	-0.872	-0.872	-0.871	-0.995	-0.982	-0.995	-0.981	-0.859	-0.977	-0.976	-0.988	-0.841	-0.740	-0.940	-0.917	-0.857	-0.910	-0.853	-0.855	-0.991	-0.938	-0.991	-1.018	-0.913	-0.913	-0.913	-0.898	-0.993	-0.991	-0.882	-0.897	-0.896	-0.897	-0.884	-0.884	-0.897	-0.898	-0.896	-0.898	-0.856	-0.899	-0.934	-0.944	-0.899	-0.899	-0.856	-0.901	-0.895	-0.900	-0.902	-0.903	-0.904	-0.904	-0.905	-0.905	-0.905	-0.906	-0.906	-0.909	-0.906	-0.906	-0.921	-0.860	-0.906	-0.932	-0.931	-0.858	-0.931	-0.896	-0.885	-0.912	-0.944	-0.906	-0.906	-0.988	-0.990	-0.912	-0.913	-0.913	-0.913	-0.914	-0.914	-0.914	-0.915	-0.914	-0.914	-0.914	-0.889	-0.914	
rs3924900      -0.983	-0.961	-0.961	-0.869	-0.643	-0.690	-0.692	-0.692	-0.692	-0.691	-0.763	-0.693	-0.689	-0.691	-0.689	-0.559	-0.690	-0.690	-0.878	-0.690	-0.690	-0.690	-0.690	-0.690	-0.690	-0.908	-0.690	-0.690	-0.688	-0.691	-0.691	-0.883	-0.701	-0.691	-0.691	-0.700	-0.700	-0.783	-0.803	-0.787	-0.948	-0.903	-0.882	-0.901	-0.906	-1.012	-0.712	-0.944	-0.881	-0.882	-0.728	-0.732	-0.729	-0.885	-0.891	-0.889	-0.889	-0.772	-0.896	-0.803	-1.036	-0.900	-0.795	-0.797	-0.801	-1.037	-0.794	-0.956	-0.902	-1.001	-0.897	-0.918	-0.922	-0.833	-0.857	-0.863	-0.857	-0.995	-0.995	-0.856	-0.856	-0.996	-0.856	-0.962	-0.872	-0.871	-0.871	-0.995	-0.982	-0.995	-0.981	-0.858	-0.976	-0.976	-0.987	-0.840	-0.740	-0.939	-0.916	-0.857	-0.910	-0.853	-0.855	-0.991	-0.938	-0.991	-1.018	-0.913	-0.913	-0.913	-0.898	-0.993	-0.991	-0.882	-0.896	-0.896	-0.897	-0.884	-0.884	-0.897	-0.898	-0.895	-0.898	-0.856	-0.899	-0.933	-0.943	-0.899	-0.899	-0.856	-0.900	-0.895	-0.900	-0.902	-0.903	-0.903	-0.904	-0.905	-0.905	-0.905	-0.906	-0.906	-0.908	-0.906	-0.906	-0.921	-0.859	-0.906	-0.932	-0.930	-0.858	-0.930	-0.896	-0.885	-0.912	-0.944	-0.906	-0.906	-0.988	-0.990	-0.912	-0.912	-0.913	-0.913	-0.913	-0.914	-0.914	-0.915	-0.913	-0.913	-0.913	-0.889	-0.914	
rs7687166      -0.986	-0.964	-0.964	-0.874	-0.651	-0.696	-0.695	-0.695	-0.695	-0.695	-0.771	-0.696	-0.697	-0.694	-0.691	-0.690	-0.563	-0.692	-0.882	-0.692	-0.686	-0.692	-0.692	-0.692	-0.692	-0.912	-0.693	-0.692	-0.694	-0.692	-0.692	-0.887	-0.699	-0.692	-0.692	-0.699	-0.698	-0.790	-0.812	-0.794	-0.952	-0.910	-0.886	-0.907	-0.913	-1.015	-0.708	-0.949	-0.885	-0.886	-0.723	-0.728	-0.725	-0.890	-0.895	-0.893	-0.893	-0.769	-0.900	-0.802	-1.039	-0.904	-0.794	-0.795	-0.799	-1.040	-0.792	-0.960	-0.906	-1.003	-0.901	-0.922	-0.926	-0.832	-0.860	-0.866	-0.859	-0.997	-0.997	-0.859	-0.859	-0.998	-0.859	-0.966	-0.872	-0.871	-0.871	-0.997	-0.983	-0.997	-0.983	-0.861	-0.978	-0.978	-0.989	-0.843	-0.742	-0.943	-0.921	-0.860	-0.911	-0.856	-0.858	-0.993	-0.942	-0.993	-1.020	-0.914	-0.914	-0.914	-0.899	-0.995	-0.993	-0.882	-0.897	-0.897	-0.897	-0.884	-0.884	-0.897	-0.898	-0.896	-0.898	-0.859	-0.900	-0.939	-0.947	-0.900	-0.900	-0.859	-0.901	-0.895	-0.900	-0.903	-0.904	-0.904	-0.905	-0.905	-0.905	-0.906	-0.906	-0.907	-0.913	-0.907	-0.907	-0.922	-0.862	-0.907	-0.935	-0.934	-0.861	-0.934	-0.896	-0.885	-0.913	-0.947	-0.907	-0.907	-0.990	-0.992	-0.913	-0.913	-0.914	-0.914	-0.914	-0.915	-0.915	-0.916	-0.914	-0.914	-0.914	-0.889	-0.915	
rs12507138     -0.986	-0.964	-0.964	-0.874	-0.651	-0.696	-0.697	-0.695	-0.695	-0.695	-0.771	-0.696	-0.697	-0.694	-0.691	-0.690	-0.692	-0.563	-0.882	-0.692	-0.686	-0.692	-0.692	-0.692	-0.692	-0.912	-0.693	-0.692	-0.694	-0.692	-0.692	-0.887	-0.699	-0.692	-0.692	-0.699	-0.698	-0.790	-0.812	-0.794	-0.952	-0.910	-0.886	-0.907	-0.913	-1.015	-0.708	-0.949	-0.885	-0.886	-0.723	-0.728	-0.725	-0.890	-0.895	-0.893	-0.893	-0.769	-0.900	-0.802	-1.039	-0.904	-0.794	-0.795	-0.799	-1.040	-0.792	-0.960	-0.906	-1.003	-0.901	-0.922	-0.926	-0.832	-0.860	-0.866	-0.859	-0.997	-0.997	-0.859	-0.859	-0.998	-0.859	-0.966	-0.872	-0.871	-0.871	-0.997	-0.983	-0.997	-0.983	-0.861	-0.978	-0.978	-0.989	-0.843	-0.742	-0.943	-0.921	-0.860	-0.911	-0.856	-0.858	-0.993	-0.942	-0.993	-1.020	-0.914	-0.914	-0.914	-0.899	-0.995	-0.993	-0.882	-0.897	-0.897	-0.897	-0.884	-0.884	-0.897	-0.898	-0.896	-0.898	-0.859	-0.900	-0.939	-0.947	-0.900	-0.900	-0.859	-0.901	-0.895	-0.900	-0.903	-0.904	-0.904	-0.905	-0.905	-0.905	-0.906	-0.906	-0.907	-0.913	-0.907	-0.907	-0.922	-0.862	-0.907	-0.935	-0.934	-0.861	-0.934	-0.896	-0.885	-0.913	-0.947	-0.907	-0.907	-0.990	-0.992	-0.913	-0.913	-0.914	-0.914	-0.914	-0.915	-0.915	-0.916	-0.914	-0.914	-0.914	-0.889	-0.915	
rs3923147      -0.923	-0.899	-0.900	-0.883	-0.710	-0.890	-0.885	-0.884	-0.884	-0.886	-0.922	-0.882	-0.889	-0.881	-0.878	-0.878	-0.882	-0.882	-0.494	-0.882	-0.872	-0.882	-0.882	-0.882	-0.882	-0.857	-0.884	-0.882	-0.890	-0.882	-0.881	-0.619	-0.873	-0.881	-0.880	-0.872	-0.872	-0.848	-0.941	-0.851	-0.893	-0.970	-0.633	-0.969	-0.971	-0.914	-0.827	-0.890	-0.634	-0.637	-0.830	-0.834	-0.777	-0.638	-0.639	-0.639	-0.640	-0.778	-0.639	-0.809	-0.973	-0.647	-0.800	-0.801	-0.805	-0.974	-0.798	-0.884	-0.691	-0.901	-0.691	-0.747	-0.748	-0.753	-0.797	-0.803	-0.796	-0.935	-0.935	-0.796	-0.796	-0.936	-0.795	-0.889	-0.799	-0.798	-0.798	-0.935	-0.888	-0.935	-0.887	-0.798	-0.880	-0.879	-0.926	-0.780	-0.665	-0.757	-0.840	-0.796	-0.842	-0.792	-0.794	-0.930	-0.757	-0.930	-0.955	-0.846	-0.846	-0.846	-0.827	-0.932	-0.930	-0.808	-0.826	-0.826	-0.826	-0.809	-0.809	-0.826	-0.827	-0.825	-0.828	-0.795	-0.829	-0.950	-0.755	-0.830	-0.830	-0.795	-0.831	-0.824	-0.830	-0.833	-0.835	-0.835	-0.836	-0.837	-0.837	-0.837	-0.838	-0.838	-0.832	-0.839	-0.839	-0.860	-0.799	-0.839	-0.905	-0.901	-0.798	-0.899	-0.825	-0.812	-0.847	-0.755	-0.839	-0.839	-0.927	-0.929	-0.847	-0.847	-0.848	-0.848	-0.848	-0.849	-0.849	-0.850	-0.848	-0.848	-0.848	-0.815	-0.849	
rs28414421     -0.986	-0.964	-0.964	-0.874	-0.651	-0.696	-0.695	-0.695	-0.695	-0.695	-0.771	-0.696	-0.697	-0.694	-0.691	-0.690	-0.692	-0.692	-0.882	-0.563	-0.686	-0.692	-0.692	-0.692	-0.692	-0.912	-0.693	-0.692	-0.694	-0.692	-0.692	-0.887	-0.699	-0.692	-0.692	-0.699	-0.698	-0.790	-0.812	-0.794	-0.952	-0.910	-0.886	-0.907	-0.913	-1.015	-0.708	-0.949	-0.885	-0.886	-0.723	-0.728	-0.725	-0.889	-0.895	-0.893	-0.893	-0.769	-0.900	-0.802	-1.039	-0.904	-0.794	-0.795	-0.799	-1.040	-0.792	-0.960	-0.906	-1.003	-0.901	-0.922	-0.926	-0.832	-0.860	-0.866	-0.859	-0.997	-0.997	-0.859	-0.859	-0.998	-0.858	-0.966	-0.872	-0.871	-0.871	-0.997	-0.983	-0.997	-0.983	-0.861	-0.978	-0.978	-0.989	-0.843	-0.742	-0.943	-0.920	-0.860	-0.911	-0.856	-0.858	-0.993	-0.942	-0.993	-1.020	-0.914	-0.914	-0.914	-0.899	-0.995	-0.993	-0.882	-0.897	-0.897	-0.897	-0.884	-0.884	-0.897	-0.898	-0.896	-0.898	-0.859	-0.900	-0.939	-0.947	-0.900	-0.900	-0.859	-0.901	-0.895	-0.900	-0.903	-0.904	-0.904	-0.905	-0.905	-0.905	-0.906	-0.906	-0.907	-0.913	-0.907	-0.907	-0.922	-0.862	-0.907	-0.935	-0.934	-0.861	-0.934	-0.896	-0.885	-0.913	-0.947	-0.907	-0.907	-0.990	-0.992	-0.913	-0.913	-0.914	-0.914	-0.914	-0.915	-0.915	-0.916	-0.914	-0.914	-0.914	-0.889	-0.915	
rs11729247     -0.978	-0.957	-0.957	-0.861	-0.633	-0.681	-0.686	-0.686	-0.686	-0.684	-0.753	-0.692	-0.684	-0.690	-0.690	-0.690	-0.686	-0.686	-0.872	-0.686	-0.554	-0.686	-0.686	-0.686	-0.686	-0.902	-0.684	-0.686	-0.678	-0.686	-0.687	-0.877	-0.701	-0.687	-0.687	-0.700	-0.700	-0.774	-0.792	-0.778	-0.943	-0.894	-0.876	-0.892	-0.898	-1.006	-0.720	-0.939	-0.875	-0.876	-0.733	-0.737	-0.734	-0.879	-0.885	-0.883	-0.883	-0.775	-0.890	-0.805	-1.031	-0.894	-0.798	-0.799	-0.803	-1.032	-0.796	-0.951	-0.896	-0.997	-0.891	-0.912	-0.917	-0.833	-0.853	-0.858	-0.852	-0.992	-0.992	-0.852	-0.852	-0.993	-0.851	-0.957	-0.871	-0.871	-0.871	-0.992	-0.979	-0.992	-0.978	-0.854	-0.974	-0.974	-0.985	-0.836	-0.737	-0.934	-0.911	-0.852	-0.909	-0.849	-0.850	-0.988	-0.932	-0.988	-1.014	-0.912	-0.912	-0.912	-0.897	-0.990	-0.988	-0.882	-0.896	-0.895	-0.896	-0.883	-0.884	-0.896	-0.897	-0.895	-0.897	-0.851	-0.898	-0.926	-0.938	-0.898	-0.898	-0.851	-0.899	-0.894	-0.899	-0.901	-0.902	-0.902	-0.903	-0.903	-0.904	-0.904	-0.904	-0.905	-0.903	-0.905	-0.905	-0.919	-0.855	-0.905	-0.927	-0.926	-0.854	-0.926	-0.895	-0.885	-0.911	-0.938	-0.905	-0.905	-0.985	-0.987	-0.911	-0.911	-0.912	-0.912	-0.912	-0.912	-0.913	-0.914	-0.912	-0.912	-0.912	-0.888	-0.912	
rs11729252     -0.986	-0.964	-0.964	-0.874	-0.650	-0.696	-0.695	-0.695	-0.695	-0.694	-0.771	-0.696	-0.697	-0.694	-0.691	-0.690	-0.692	-0.692	-0.882	-0.692	-0.686	-0.562	-0.692	-0.692	-0.692	-0.912	-0.693	-0.692	-0.693	-0.692	-0.692	-0.887	-0.699	-0.692	-0.692	-0.699	-0.698	-0.789	-0.811	-0.794	-0.952	-0.909	-0.886	-0.907	-0.912	-1.015	-0.708	-0.948	-0.885	-0.886	-0.723	-0.728	-0.725	-0.889	-0.895	-0.893	-0.893	-0.769	-0.900	-0.802	-1.039	-0.904	-0.794	-0.795	-0.799	-1.040	-0.792	-0.960	-0.906	-1.003	-0.901	-0.922	-0.926	-0.832	-0.860	-0.865	-0.859	-0.997	-0.996	-0.859	-0.859	-0.998	-0.858	-0.965	-0.872	-0.871	-0.871	-0.997	-0.983	-0.997	-0.983	-0.861	-0.978	-0.978	-0.989	-0.843	-0.742	-0.943	-0.920	-0.859	-0.911	-0.856	-0.857	-0.993	-0.941	-0.993	-1.020	-0.914	-0.914	-0.914	-0.898	-0.995	-0.993	-0.882	-0.897	-0.897	-0.897	-0.884	-0.884	-0.897	-0.898	-0.896	-0.898	-0.859	-0.900	-0.938	-0.947	-0.900	-0.900	-0.858	-0.901	-0.895	-0.900	-0.903	-0.904	-0.904	-0.905	-0.905	-0.905	-0.906	-0.906	-0.907	-0.912	-0.907	-0.907	-0.922	-0.862	-0.907	-0.935	-0.934	-0.861	-0.933	-0.896	-0.885	-0.913	-0.947	-0.907	-0.907	-0.990	-0.992	-0.913	-0.913	-0.914	-0.914	-0.914	-0.915	-0.915	-0.916	-0.914	-0.914	-0.914	-0.889	-0.915	
rs13123471     -0.986	-0.964	-0.964	-0.874	-0.651	-0.696	-0.695	-0.695	-0.695	-0.695	-0.771	-0.696	-0.697	-0.694	-0.691	-0.690	-0.692	-0.692	-0.882	-0.692	-0.686	-0.692	-0.563	-0.692	-0.692	-0.912	-0.693	-0.692	-0.694	-0.692	-0.692	-0.887	-0.699	-0.692	-0.692	-0.699	-0.698	-0.790	-0.812	-0.794	-0.952	-0.910	-0.886	-0.907	-0.913	-1.015	-0.708	-0.949	-0.885	-0.886	-0.723	-0.728	-0.725	-0.889	-0.895	-0.893	-0.893	-0.769	-0.900	-0.802	-1.039	-0.904	-0.794	-0.795	-0.799	-1.040	-0.792	-0.960	-0.906	-1.003	-0.901	-0.922	-0.926	-0.832	-0.860	-0.866	-0.859	-0.997	-0.997	-0.859	-0.859	-0.998	-0.859	-0.966	-0.872	-0.871	-0.871	-0.997	-0.983	-0.997	-0.983	-0.861	-0.978	-0.978	-0.989	-0.843	-0.742	-0.943	-0.920	-0.860	-0.911	-0.856	-0.858	-0.993	-0.942	-0.993	-1.020	-0.914	-0.914	-0.914	-0.899	-0.995	-0.993	-0.882	-0.897	-0.897	-0.897	-0.884	-0.884	-0.897	-0.898	-0.896	-0.898	-0.859	-0.900	-0.939	-0.947	-0.900	-0.900	-0.859	-0.901	-0.895	-0.900	-0.903	-0.904	-0.904	-0.905	-0.905	-0.905	-0.906	-0.906	-0.907	-0.913	-0.907	-0.907	-0.922	-0.862	-0.907	-0.935	-0.934	-0.861	-0.934	-0.896	-0.885	-0.913	-0.947	-0.907	-0.907	-0.990	-0.992	-0.913	-0.913	-0.914	-0.914	-0.914	-0.915	-0.915	-0.916	-0.914	-0.914	-0.914	-0.889	-0.915	
rs13125264     -0.986	-0.964	-0.964	-0.874	-0.651	-0.696	-0.696	-0.695	-0.695	-0.695	-0.771	-0.696	-0.697	-0.694	-0.691	-0.690	-0.692	-0.692	-0.882	-0.692	-0.686	-0.692	-0.692	-0.563	-0.692	-0.912	-0.693	-0.692	-0.694	-0.692	-0.692	-0.887	-0.699	-0.692	-0.692	-0.698	-0.698	-0.790	-0.812	-0.794	-0.952	-0.910	-0.886	-0.907	-0.913	-1.015	-0.707	-0.948	-0.885	-0.886	-0.723	-0.728	-0.724	-0.889	-0.895	-0.893	-0.893	-0.769	-0.900	-0.802	-1.039	-0.904	-0.793	-0.794	-0.799	-1.040	-0.791	-0.960	-0.906	-1.003	-0.901	-0.922	-0.926	-0.832	-0.860	-0.866	-0.859	-0.997	-0.996	-0.859	-0.859	-0.998	-0.858	-0.965	-0.871	-0.871	-0.871	-0.997	-0.983	-0.997	-0.983	-0.861	-0.978	-0.978	-0.989	-0.843	-0.742	-0.943	-0.920	-0.859	-0.911	-0.856	-0.858	-0.993	-0.941	-0.993	-1.020	-0.914	-0.914	-0.914	-0.898	-0.995	-0.993	-0.882	-0.897	-0.897	-0.897	-0.884	-0.884	-0.897	-0.898	-0.896	-0.898	-0.859	-0.899	-0.939	-0.947	-0.900	-0.900	-0.858	-0.901	-0.895	-0.900	-0.903	-0.904	-0.904	-0.905	-0.905	-0.905	-0.905	-0.906	-0.906	-0.913	-0.907	-0.907	-0.922	-0.862	-0.907	-0.935	-0.934	-0.861	-0.934	-0.896	-0.885	-0.913	-0.947	-0.907	-0.907	-0.990	-0.992	-0.913	-0.913	-0.914	-0.914	-0.914	-0.915	-0.915	-0.916	-0.914	-0.914	-0.914	-0.889	-0.915	
rs13105858     -0.986	-0.964	-0.964	-0.874	-0.651	-0.696	-0.695	-0.695	-0.695	-0.695	-0.771	-0.696	-0.697	-0.694	-0.691	-0.690	-0.692	-0.692	-0.882	-0.692	-0.686	-0.692	-0.692	-0.692	-0.563	-0.912	-0.693	-0.692	-0.694	-0.692	-0.692	-0.887	-0.699	-0.692	-0.692	-0.699	-0.698	-0.790	-0.812	-0.794	-0.952	-0.910	-0.886	-0.907	-0.913	-1.015	-0.708	-0.949	-0.885	-0.886	-0.723	-0.728	-0.725	-0.889	-0.895	-0.893	-0.893	-0.769	-0.900	-0.802	-1.039	-0.904	-0.794	-0.795	-0.799	-1.040	-0.792	-0.960	-0.906	-1.003	-0.901	-0.922	-0.926	-0.832	-0.860	-0.866	-0.859	-0.997	-0.997	-0.859	-0.859	-0.998	-0.858	-0.966	-0.872	-0.871	-0.871	-0.997	-0.983	-0.997	-0.983	-0.861	-0.978	-0.978	-0.989	-0.843	-0.742	-0.943	-0.920	-0.860	-0.911	-0.856	-0.858	-0.993	-0.942	-0.993	-1.020	-0.914	-0.914	-0.914	-0.899	-0.995	-0.993	-0.882	-0.897	-0.897	-0.897	-0.884	-0.884	-0.897	-0.898	-0.896	-0.898	-0.859	-0.900	-0.939	-0.947	-0.900	-0.900	-0.859	-0.901	-0.895	-0.900	-0.903	-0.904	-0.904	-0.905	-0.905	-0.905	-0.906	-0.906	-0.907	-0.913	-0.907	-0.907	-0.922	-0.862	-0.907	-0.935	-0.934	-0.861	-0.934	-0.896	-0.885	-0.913	-0.947	-0.907	-0.907	-0.990	-0.992	-0.913	-0.913	-0.914	-0.914	-0.914	-0.915	-0.915	-0.916	-0.914	-0.914	-0.914	-0.889	-0.915	
rs13106975     -0.967	-0.928	-0.929	-0.928	-0.785	-0.921	-0.916	-0.914	-0.914	-0.916	-0.969	-0.911	-0.919	-0.911	-0.908	-0.908	-0.912	-0.912	-0.857	-0.912	-0.902	-0.912	-0.912	-0.912	-0.912	-0.542	-0.914	-0.912	-0.920	-0.912	-0.911	-0.863	-0.902	-0.911	-0.911	-0.901	-0.901	-0.860	-0.977	-0.864	-0.735	-1.009	-0.861	-1.009	-1.010	-0.992	-0.868	-0.739	-0.860	-0.861	-0.872	-0.876	-0.821	-0.864	-0.871	-0.868	-0.868	-0.826	-0.875	-0.853	-0.957	-0.879	-0.844	-0.845	-0.850	-0.952	-0.842	-0.821	-0.875	-0.936	-0.869	-0.891	-0.896	-0.800	-0.842	-0.847	-0.841	-0.891	-0.891	-0.841	-0.841	-0.893	-0.840	-0.832	-0.845	-0.844	-0.844	-0.892	-0.927	-0.892	-0.926	-0.843	-0.919	-0.918	-0.879	-0.826	-0.709	-0.914	-0.822	-0.842	-0.894	-0.838	-0.840	-0.836	-0.912	-0.836	-0.893	-0.898	-0.898	-0.898	-0.878	-0.839	-0.836	-0.857	-0.875	-0.875	-0.876	-0.858	-0.859	-0.876	-0.877	-0.875	-0.877	-0.841	-0.879	-0.992	-0.918	-0.879	-0.879	-0.841	-0.880	-0.873	-0.879	-0.883	-0.884	-0.884	-0.885	-0.886	-0.886	-0.886	-0.887	-0.888	-0.814	-0.888	-0.888	-0.907	-0.844	-0.888	-0.950	-0.945	-0.843	-0.944	-0.874	-0.871	-0.896	-0.919	-0.888	-0.888	-0.826	-0.830	-0.896	-0.896	-0.897	-0.897	-0.897	-0.898	-0.898	-0.900	-0.897	-0.897	-0.897	-0.865	-0.898	
rs6810449      -0.987	-0.965	-0.966	-0.876	-0.654	-0.699	-0.697	-0.696	-0.696	-0.696	-0.774	-0.697	-0.699	-0.695	-0.691	-0.690	-0.693	-0.693	-0.884	-0.693	-0.684	-0.693	-0.693	-0.693	-0.693	-0.914	-0.564	-0.693	-0.696	-0.693	-0.692	-0.889	-0.699	-0.692	-0.692	-0.698	-0.697	-0.793	-0.816	-0.797	-0.954	-0.913	-0.888	-0.910	-0.916	-1.017	-0.705	-0.950	-0.887	-0.888	-0.721	-0.726	-0.723	-0.891	-0.897	-0.895	-0.895	-0.768	-0.902	-0.801	-1.041	-0.906	-0.792	-0.794	-0.798	-1.042	-0.790	-0.962	-0.908	-1.004	-0.903	-0.924	-0.928	-0.831	-0.861	-0.867	-0.861	-0.998	-0.997	-0.861	-0.861	-0.999	-0.860	-0.967	-0.871	-0.871	-0.871	-0.998	-0.984	-0.998	-0.984	-0.863	-0.979	-0.979	-0.990	-0.844	-0.743	-0.945	-0.922	-0.861	-0.911	-0.857	-0.859	-0.994	-0.943	-0.994	-1.021	-0.914	-0.914	-0.914	-0.899	-0.996	-0.994	-0.882	-0.897	-0.897	-0.897	-0.884	-0.884	-0.897	-0.898	-0.896	-0.899	-0.860	-0.900	-0.941	-0.949	-0.900	-0.900	-0.860	-0.901	-0.895	-0.901	-0.903	-0.904	-0.904	-0.905	-0.905	-0.906	-0.906	-0.906	-0.907	-0.914	-0.907	-0.907	-0.923	-0.864	-0.907	-0.937	-0.935	-0.862	-0.935	-0.896	-0.885	-0.913	-0.949	-0.907	-0.907	-0.991	-0.993	-0.913	-0.914	-0.914	-0.915	-0.915	-0.915	-0.915	-0.916	-0.915	-0.915	-0.915	-0.889	-0.915	
rs28535313     -0.986	-0.964	-0.964	-0.873	-0.650	-0.696	-0.695	-0.695	-0.695	-0.695	-0.771	-0.697	-0.697	-0.694	-0.691	-0.690	-0.692	-0.692	-0.882	-0.692	-0.686	-0.692	-0.692	-0.692	-0.692	-0.912	-0.693	-0.562	-0.693	-0.692	-0.692	-0.887	-0.699	-0.692	-0.691	-0.699	-0.698	-0.789	-0.811	-0.793	-0.952	-0.909	-0.886	-0.907	-0.912	-1.015	-0.708	-0.948	-0.885	-0.886	-0.723	-0.728	-0.725	-0.889	-0.895	-0.893	-0.893	-0.769	-0.900	-0.802	-1.039	-0.904	-0.793	-0.795	-0.799	-1.040	-0.791	-0.960	-0.906	-1.003	-0.901	-0.922	-0.926	-0.832	-0.860	-0.865	-0.859	-0.997	-0.996	-0.859	-0.859	-0.998	-0.858	-0.965	-0.871	-0.871	-0.871	-0.997	-0.983	-0.997	-0.983	-0.861	-0.978	-0.978	-0.989	-0.843	-0.742	-0.943	-0.920	-0.859	-0.911	-0.856	-0.857	-0.993	-0.941	-0.993	-1.020	-0.914	-0.914	-0.914	-0.898	-0.995	-0.993	-0.882	-0.897	-0.897	-0.897	-0.884	-0.884	-0.897	-0.898	-0.896	-0.898	-0.858	-0.899	-0.938	-0.947	-0.900	-0.900	-0.858	-0.901	-0.895	-0.900	-0.903	-0.904	-0.904	-0.905	-0.905	-0.905	-0.906	-0.906	-0.906	-0.912	-0.907	-0.907	-0.922	-0.862	-0.907	-0.935	-0.934	-0.861	-0.933	-0.896	-0.885	-0.913	-0.947	-0.907	-0.907	-0.990	-0.992	-0.913	-0.913	-0.914	-0.914	-0.914	-0.915	-0.915	-0.916	-0.914	-0.914	-0.914	-0.889	-0.915	
rs34442412     -0.992	-0.969	-0.969	-0.883	-0.664	-0.705	-0.700	-0.698	-0.698	-0.700	-0.784	-0.697	-0.704	-0.694	-0.688	-0.688	-0.694	-0.694	-0.890	-0.694	-0.678	-0.693	-0.694	-0.694	-0.694	-0.920	-0.696	-0.693	-0.569	-0.693	-0.692	-0.895	-0.696	-0.692	-0.691	-0.694	-0.694	-0.802	-0.827	-0.807	-0.959	-0.922	-0.894	-0.919	-0.925	-1.022	-0.697	-0.956	-0.892	-0.893	-0.714	-0.720	-0.717	-0.897	-0.903	-0.901	-0.901	-0.764	-0.907	-0.798	-1.045	-0.911	-0.789	-0.791	-0.796	-1.046	-0.787	-0.967	-0.913	-1.007	-0.908	-0.929	-0.933	-0.830	-0.865	-0.871	-0.865	-1.000	-1.000	-0.864	-0.864	-1.001	-0.864	-0.972	-0.871	-0.871	-0.871	-1.000	-0.987	-1.000	-0.986	-0.866	-0.981	-0.981	-0.992	-0.848	-0.745	-0.950	-0.927	-0.865	-0.912	-0.861	-0.863	-0.996	-0.948	-0.997	-1.024	-0.915	-0.915	-0.915	-0.899	-0.998	-0.997	-0.882	-0.897	-0.897	-0.898	-0.884	-0.884	-0.898	-0.899	-0.896	-0.899	-0.864	-0.900	-0.948	-0.954	-0.900	-0.900	-0.864	-0.902	-0.896	-0.901	-0.903	-0.905	-0.905	-0.906	-0.906	-0.906	-0.907	-0.907	-0.908	-0.920	-0.908	-0.908	-0.924	-0.868	-0.908	-0.941	-0.939	-0.866	-0.939	-0.897	-0.886	-0.914	-0.954	-0.908	-0.908	-0.993	-0.995	-0.914	-0.915	-0.915	-0.915	-0.916	-0.916	-0.916	-0.917	-0.916	-0.916	-0.916	-0.890	-0.916	
rs10006939     -0.985	-0.964	-0.964	-0.873	-0.650	-0.696	-0.695	-0.695	-0.695	-0.695	-0.770	-0.697	-0.697	-0.694	-0.691	-0.691	-0.692	-0.692	-0.882	-0.692	-0.686	-0.692	-0.692	-0.692	-0.692	-0.912	-0.693	-0.692	-0.693	-0.562	-0.692	-0.887	-0.699	-0.691	-0.691	-0.699	-0.698	-0.789	-0.811	-0.793	-0.952	-0.909	-0.886	-0.906	-0.912	-1.015	-0.708	-0.948	-0.885	-0.885	-0.723	-0.728	-0.725	-0.889	-0.895	-0.893	-0.893	-0.769	-0.900	-0.802	-1.039	-0.904	-0.793	-0.795	-0.799	-1.040	-0.791	-0.960	-0.906	-1.003	-0.900	-0.922	-0.926	-0.832	-0.860	-0.865	-0.859	-0.997	-0.996	-0.859	-0.859	-0.998	-0.858	-0.965	-0.871	-0.871	-0.871	-0.997	-0.983	-0.997	-0.983	-0.861	-0.978	-0.978	-0.989	-0.843	-0.742	-0.943	-0.920	-0.859	-0.911	-0.855	-0.857	-0.993	-0.941	-0.993	-1.020	-0.914	-0.914	-0.914	-0.898	-0.995	-0.993	-0.882	-0.897	-0.897	-0.897	-0.884	-0.884	-0.897	-0.898	-0.896	-0.898	-0.858	-0.899	-0.938	-0.947	-0.900	-0.900	-0.858	-0.901	-0.895	-0.900	-0.903	-0.904	-0.904	-0.905	-0.905	-0.905	-0.905	-0.906	-0.906	-0.912	-0.907	-0.907	-0.922	-0.862	-0.907	-0.935	-0.933	-0.861	-0.933	-0.896	-0.885	-0.913	-0.947	-0.907	-0.907	-0.990	-0.992	-0.913	-0.913	-0.914	-0.914	-0.914	-0.915	-0.915	-0.916	-0.914	-0.914	-0.914	-0.889	-0.915	
rs6829677      -0.985	-0.963	-0.963	-0.873	-0.649	-0.696	-0.695	-0.695	-0.695	-0.694	-0.770	-0.697	-0.697	-0.694	-0.691	-0.691	-0.692	-0.692	-0.881	-0.692	-0.687	-0.692	-0.692	-0.692	-0.692	-0.911	-0.692	-0.692	-0.692	-0.692	-0.562	-0.886	-0.700	-0.691	-0.691	-0.699	-0.698	-0.788	-0.810	-0.792	-0.951	-0.908	-0.885	-0.906	-0.911	-1.014	-0.708	-0.948	-0.884	-0.885	-0.723	-0.728	-0.725	-0.888	-0.894	-0.892	-0.892	-0.769	-0.899	-0.802	-1.038	-0.903	-0.794	-0.795	-0.799	-1.039	-0.792	-0.959	-0.905	-1.002	-0.900	-0.921	-0.925	-0.832	-0.859	-0.865	-0.859	-0.996	-0.996	-0.859	-0.859	-0.997	-0.858	-0.965	-0.871	-0.871	-0.871	-0.996	-0.983	-0.996	-0.983	-0.861	-0.978	-0.977	-0.989	-0.842	-0.741	-0.942	-0.919	-0.859	-0.911	-0.855	-0.857	-0.992	-0.941	-0.993	-1.020	-0.914	-0.914	-0.914	-0.898	-0.994	-0.993	-0.882	-0.897	-0.896	-0.897	-0.884	-0.884	-0.897	-0.898	-0.896	-0.898	-0.858	-0.899	-0.937	-0.946	-0.899	-0.900	-0.858	-0.901	-0.895	-0.900	-0.902	-0.904	-0.904	-0.904	-0.905	-0.905	-0.905	-0.906	-0.906	-0.912	-0.907	-0.907	-0.922	-0.862	-0.907	-0.934	-0.933	-0.860	-0.933	-0.896	-0.885	-0.913	-0.947	-0.907	-0.907	-0.989	-0.991	-0.913	-0.913	-0.913	-0.914	-0.914	-0.914	-0.915	-0.916	-0.914	-0.914	-0.914	-0.889	-0.914	
rs4694855      -0.928	-0.904	-0.904	-0.887	-0.710	-0.895	-0.891	-0.890	-0.889	-0.891	-0.927	-0.887	-0.894	-0.887	-0.884	-0.883	-0.887	-0.887	-0.619	-0.887	-0.877	-0.887	-0.887	-0.887	-0.887	-0.863	-0.889	-0.887	-0.895	-0.887	-0.886	-0.498	-0.878	-0.886	-0.886	-0.877	-0.877	-0.850	-0.944	-0.853	-0.899	-0.974	-0.635	-0.973	-0.975	-0.920	-0.832	-0.895	-0.637	-0.640	-0.836	-0.839	-0.783	-0.642	-0.643	-0.644	-0.645	-0.784	-0.645	-0.814	-0.978	-0.653	-0.806	-0.807	-0.811	-0.979	-0.803	-0.889	-0.694	-0.907	-0.693	-0.751	-0.752	-0.759	-0.801	-0.807	-0.800	-0.939	-0.939	-0.800	-0.800	-0.940	-0.799	-0.894	-0.805	-0.804	-0.804	-0.940	-0.893	-0.939	-0.893	-0.802	-0.886	-0.885	-0.930	-0.784	-0.670	-0.762	-0.846	-0.801	-0.848	-0.797	-0.799	-0.933	-0.762	-0.933	-0.958	-0.852	-0.852	-0.852	-0.833	-0.935	-0.933	-0.814	-0.832	-0.832	-0.832	-0.815	-0.815	-0.832	-0.833	-0.831	-0.834	-0.800	-0.835	-0.953	-0.761	-0.835	-0.836	-0.799	-0.837	-0.830	-0.836	-0.839	-0.841	-0.841	-0.842	-0.842	-0.843	-0.843	-0.844	-0.844	-0.837	-0.845	-0.845	-0.865	-0.803	-0.845	-0.910	-0.906	-0.802	-0.904	-0.831	-0.818	-0.852	-0.761	-0.845	-0.845	-0.930	-0.932	-0.852	-0.853	-0.853	-0.854	-0.854	-0.854	-0.855	-0.856	-0.854	-0.854	-0.854	-0.821	-0.855	
