## Summary of overall evidence for association with region:
## log10(BF for region) = 12.8747
## p-value for region = NA

## BFs for choosing among multi-SNP models:
## log10(average 1-SNP BF) = 11.3245
## log10(average 2-SNP BF) = 13.3435

## Example posterior probabilities for multi-SNP models, based on default prior: [p(l) propto 0.5^l for l=1,2,...,L]
## posterior probability of 1-SNP = 0.0187844
## posterior probability of 2-SNP = 0.981216

## log10(BF) for single SNP and pair of SNPs:
rs113893746    -0.464	-0.584	-0.584	-0.585	-0.588	-0.594	-0.591	-0.580	-0.580	-0.584	-0.596	-0.583	-0.581	-0.649	-0.573	-0.626	-0.895	-0.659	-0.664	-0.898	-0.899	-0.901	-0.901	-0.903	-0.903	-0.594	-0.907	-0.907	-0.907	-0.909	-0.909	-0.907	-0.583	-0.908	-0.910	+0.309	+0.337	+0.316	-0.813	+0.297	-0.903	-0.330	-0.482	-0.972	+4.143	-0.669	+4.151	-0.821	+3.325	-0.824	+3.418	+3.416	-0.838	+3.279	-0.832	-0.835	-0.719	-0.702	-0.598	+2.691	+2.676	+2.662	+2.623	-0.793	+0.946	+0.937	-0.842	-0.894	-0.741	-0.744	-0.740	-0.739	-0.731	-0.744	-0.748	-0.748	-0.749	-0.749	-0.749	-0.750	-0.750	-0.749	-0.749	-0.748	-0.762	-0.772	-0.770	-0.770	-0.291	-0.218	-0.933	-0.225	-0.261	-0.202	-0.234	-0.843	-0.825	-0.809	-0.927	-0.825	-0.788	-0.610	-0.905	+7.979	+7.990	+10.822	+8.351	+10.715	+9.862	+11.339	+7.969	+1.236	+11.393	+6.390	+11.637	+7.471	+1.760	+6.256	+2.236	+2.117	+7.340	+11.615	+11.614	+11.613	+1.813	+6.709	+11.600	+6.830	+7.133	+1.879	+11.720	+11.750	+6.128	+7.176	+7.205	-0.137	+6.044	+6.032	+7.193	+7.190	+0.492	+2.017	-0.189	+7.248	+7.180	+11.928	+5.991	+11.219	+11.158	+11.946	+5.761	+11.780	+5.878	+11.757	+2.101	+2.654	+2.126	+1.973	+2.651	+7.164	
rs6930814      -0.584	-0.463	-0.582	-0.583	-0.586	-0.593	-0.590	-0.582	-0.580	-0.586	-0.594	-0.582	-0.583	-0.647	-0.571	-0.625	-0.894	-0.659	-0.664	-0.898	-0.898	-0.900	-0.901	-0.902	-0.903	-0.594	-0.906	-0.906	-0.906	-0.908	-0.908	-0.906	-0.582	-0.908	-0.909	+0.311	+0.339	+0.318	-0.812	+0.299	-0.903	-0.329	-0.482	-0.972	+4.144	-0.668	+4.152	-0.821	+3.325	-0.823	+3.418	+3.416	-0.838	+3.279	-0.831	-0.834	-0.718	-0.701	-0.597	+2.691	+2.676	+2.662	+2.623	-0.793	+0.947	+0.938	-0.842	-0.894	-0.740	-0.743	-0.740	-0.738	-0.730	-0.744	-0.747	-0.748	-0.749	-0.749	-0.748	-0.749	-0.749	-0.749	-0.748	-0.747	-0.761	-0.771	-0.769	-0.769	-0.290	-0.218	-0.932	-0.225	-0.261	-0.201	-0.233	-0.843	-0.825	-0.808	-0.926	-0.825	-0.787	-0.609	-0.905	+7.979	+7.990	+10.822	+8.351	+10.716	+9.862	+11.339	+7.969	+1.237	+11.393	+6.390	+11.637	+7.470	+1.761	+6.256	+2.236	+2.117	+7.340	+11.615	+11.614	+11.613	+1.813	+6.710	+11.600	+6.831	+7.133	+1.880	+11.720	+11.750	+6.128	+7.176	+7.205	-0.137	+6.044	+6.032	+7.193	+7.190	+0.494	+2.018	-0.189	+7.248	+7.180	+11.927	+5.992	+11.219	+11.158	+11.946	+5.761	+11.780	+5.878	+11.757	+2.101	+2.654	+2.126	+1.975	+2.652	+7.164	
rs73717014     -0.584	-0.582	-0.463	-0.583	-0.586	-0.593	-0.590	-0.582	-0.580	-0.586	-0.594	-0.582	-0.583	-0.647	-0.570	-0.625	-0.894	-0.659	-0.664	-0.898	-0.898	-0.900	-0.901	-0.902	-0.903	-0.594	-0.906	-0.906	-0.906	-0.908	-0.908	-0.906	-0.582	-0.908	-0.909	+0.311	+0.339	+0.318	-0.812	+0.299	-0.903	-0.329	-0.482	-0.972	+4.144	-0.668	+4.152	-0.821	+3.325	-0.823	+3.418	+3.416	-0.838	+3.279	-0.831	-0.834	-0.718	-0.701	-0.597	+2.691	+2.676	+2.662	+2.623	-0.793	+0.947	+0.938	-0.842	-0.894	-0.740	-0.743	-0.740	-0.738	-0.730	-0.744	-0.747	-0.748	-0.749	-0.749	-0.748	-0.749	-0.749	-0.749	-0.748	-0.747	-0.761	-0.771	-0.769	-0.769	-0.290	-0.218	-0.932	-0.225	-0.261	-0.201	-0.233	-0.843	-0.825	-0.808	-0.926	-0.825	-0.787	-0.609	-0.905	+7.979	+7.990	+10.822	+8.352	+10.716	+9.862	+11.339	+7.969	+1.237	+11.393	+6.390	+11.637	+7.470	+1.761	+6.256	+2.236	+2.117	+7.340	+11.615	+11.614	+11.613	+1.813	+6.710	+11.600	+6.831	+7.133	+1.880	+11.720	+11.750	+6.128	+7.176	+7.205	-0.137	+6.044	+6.032	+7.193	+7.190	+0.494	+2.018	-0.189	+7.248	+7.180	+11.927	+5.992	+11.219	+11.158	+11.946	+5.761	+11.780	+5.878	+11.757	+2.101	+2.654	+2.126	+1.975	+2.652	+7.164	
rs6903891      -0.585	-0.583	-0.583	-0.463	-0.586	-0.592	-0.589	-0.581	-0.580	-0.585	-0.593	-0.581	-0.582	-0.647	-0.570	-0.625	-0.894	-0.659	-0.664	-0.898	-0.898	-0.900	-0.901	-0.902	-0.903	-0.594	-0.906	-0.906	-0.906	-0.908	-0.908	-0.906	-0.582	-0.908	-0.909	+0.311	+0.339	+0.318	-0.812	+0.299	-0.903	-0.329	-0.482	-0.972	+4.143	-0.668	+4.151	-0.821	+3.325	-0.823	+3.418	+3.416	-0.838	+3.279	-0.831	-0.834	-0.718	-0.701	-0.597	+2.691	+2.676	+2.662	+2.623	-0.793	+0.947	+0.938	-0.842	-0.894	-0.740	-0.743	-0.740	-0.738	-0.730	-0.744	-0.747	-0.748	-0.749	-0.749	-0.748	-0.749	-0.749	-0.749	-0.748	-0.747	-0.761	-0.771	-0.769	-0.769	-0.290	-0.218	-0.932	-0.225	-0.261	-0.201	-0.233	-0.843	-0.825	-0.808	-0.926	-0.825	-0.787	-0.609	-0.905	+7.979	+7.990	+10.822	+8.352	+10.716	+9.862	+11.339	+7.969	+1.237	+11.393	+6.390	+11.637	+7.470	+1.761	+6.256	+2.236	+2.117	+7.340	+11.615	+11.614	+11.613	+1.813	+6.710	+11.600	+6.831	+7.133	+1.880	+11.720	+11.750	+6.128	+7.176	+7.205	-0.137	+6.044	+6.032	+7.193	+7.190	+0.494	+2.018	-0.189	+7.248	+7.180	+11.927	+5.992	+11.219	+11.158	+11.946	+5.761	+11.780	+5.878	+11.757	+2.101	+2.654	+2.126	+1.975	+2.652	+7.164	
rs7771984      -0.588	-0.586	-0.586	-0.586	-0.463	-0.588	-0.586	-0.586	-0.585	-0.582	-0.587	-0.585	-0.587	-0.646	-0.568	-0.626	-0.894	-0.660	-0.665	-0.897	-0.898	-0.900	-0.901	-0.902	-0.902	-0.594	-0.906	-0.906	-0.906	-0.908	-0.908	-0.906	-0.583	-0.907	-0.909	+0.313	+0.341	+0.319	-0.812	+0.300	-0.903	-0.329	-0.482	-0.972	+4.144	-0.669	+4.152	-0.820	+3.324	-0.822	+3.417	+3.415	-0.837	+3.278	-0.831	-0.834	-0.718	-0.701	-0.597	+2.690	+2.675	+2.661	+2.622	-0.793	+0.948	+0.939	-0.842	-0.893	-0.740	-0.743	-0.739	-0.738	-0.730	-0.743	-0.747	-0.747	-0.748	-0.748	-0.748	-0.749	-0.749	-0.748	-0.748	-0.747	-0.761	-0.771	-0.769	-0.769	-0.290	-0.218	-0.932	-0.225	-0.261	-0.201	-0.233	-0.843	-0.825	-0.808	-0.926	-0.825	-0.787	-0.610	-0.904	+7.978	+7.989	+10.821	+8.352	+10.715	+9.861	+11.337	+7.968	+1.237	+11.392	+6.390	+11.635	+7.469	+1.761	+6.255	+2.236	+2.117	+7.339	+11.614	+11.613	+11.612	+1.813	+6.709	+11.599	+6.830	+7.132	+1.880	+11.719	+11.748	+6.128	+7.175	+7.204	-0.137	+6.043	+6.031	+7.192	+7.189	+0.495	+2.018	-0.189	+7.246	+7.179	+11.926	+5.991	+11.217	+11.156	+11.944	+5.760	+11.779	+5.878	+11.756	+2.101	+2.654	+2.126	+1.977	+2.652	+7.162	
rs7748519      -0.594	-0.593	-0.593	-0.592	-0.588	-0.464	-0.592	-0.592	-0.590	-0.588	-0.595	-0.591	-0.592	-0.649	-0.570	-0.626	-0.895	-0.660	-0.665	-0.898	-0.899	-0.901	-0.901	-0.903	-0.903	-0.595	-0.907	-0.907	-0.907	-0.909	-0.909	-0.907	-0.583	-0.908	-0.910	+0.310	+0.338	+0.317	-0.813	+0.299	-0.903	-0.330	-0.482	-0.973	+4.143	-0.669	+4.151	-0.821	+3.323	-0.823	+3.417	+3.415	-0.838	+3.278	-0.832	-0.835	-0.719	-0.702	-0.598	+2.690	+2.675	+2.661	+2.622	-0.793	+0.947	+0.938	-0.842	-0.894	-0.741	-0.744	-0.740	-0.739	-0.731	-0.744	-0.748	-0.748	-0.749	-0.749	-0.749	-0.750	-0.749	-0.749	-0.749	-0.748	-0.762	-0.772	-0.770	-0.770	-0.291	-0.219	-0.933	-0.226	-0.261	-0.202	-0.234	-0.843	-0.825	-0.809	-0.927	-0.825	-0.788	-0.610	-0.905	+7.977	+7.988	+10.821	+8.351	+10.714	+9.861	+11.337	+7.968	+1.236	+11.391	+6.389	+11.635	+7.469	+1.760	+6.255	+2.235	+2.117	+7.339	+11.613	+11.612	+11.611	+1.812	+6.709	+11.599	+6.830	+7.132	+1.879	+11.718	+11.748	+6.127	+7.175	+7.204	-0.138	+6.043	+6.031	+7.192	+7.189	+0.494	+2.017	-0.190	+7.246	+7.179	+11.926	+5.990	+11.217	+11.156	+11.944	+5.760	+11.778	+5.877	+11.756	+2.100	+2.653	+2.125	+1.975	+2.651	+7.162	
rs7748540      -0.591	-0.590	-0.590	-0.589	-0.586	-0.592	-0.464	-0.590	-0.588	-0.586	-0.590	-0.589	-0.590	-0.647	-0.569	-0.627	-0.895	-0.661	-0.666	-0.898	-0.899	-0.901	-0.902	-0.903	-0.903	-0.595	-0.907	-0.907	-0.907	-0.909	-0.909	-0.907	-0.584	-0.908	-0.910	+0.312	+0.340	+0.319	-0.813	+0.300	-0.903	-0.330	-0.483	-0.973	+4.142	-0.670	+4.150	-0.821	+3.323	-0.823	+3.416	+3.414	-0.838	+3.277	-0.831	-0.835	-0.719	-0.702	-0.598	+2.689	+2.674	+2.660	+2.621	-0.793	+0.947	+0.938	-0.842	-0.894	-0.741	-0.744	-0.740	-0.739	-0.731	-0.744	-0.748	-0.748	-0.749	-0.749	-0.749	-0.750	-0.749	-0.749	-0.749	-0.748	-0.762	-0.772	-0.770	-0.770	-0.291	-0.219	-0.933	-0.226	-0.262	-0.202	-0.234	-0.843	-0.826	-0.809	-0.927	-0.825	-0.788	-0.610	-0.905	+7.976	+7.987	+10.820	+8.351	+10.713	+9.860	+11.336	+7.967	+1.236	+11.390	+6.388	+11.634	+7.468	+1.759	+6.254	+2.235	+2.116	+7.338	+11.612	+11.611	+11.610	+1.812	+6.708	+11.598	+6.829	+7.130	+1.879	+11.717	+11.747	+6.126	+7.174	+7.203	-0.138	+6.042	+6.030	+7.191	+7.188	+0.495	+2.017	-0.190	+7.245	+7.178	+11.925	+5.990	+11.216	+11.155	+11.943	+5.759	+11.777	+5.876	+11.754	+2.100	+2.653	+2.125	+1.976	+2.650	+7.161	
rs56060084     -0.580	-0.582	-0.582	-0.581	-0.586	-0.592	-0.590	-0.462	-0.582	-0.585	-0.588	-0.582	-0.581	-0.642	-0.565	-0.625	-0.893	-0.659	-0.665	-0.897	-0.897	-0.899	-0.900	-0.901	-0.901	-0.593	-0.905	-0.905	-0.905	-0.907	-0.907	-0.905	-0.582	-0.907	-0.908	+0.314	+0.342	+0.321	-0.811	+0.303	-0.902	-0.328	-0.481	-0.971	+4.145	-0.668	+4.152	-0.820	+3.324	-0.821	+3.417	+3.416	-0.836	+3.278	-0.830	-0.833	-0.717	-0.700	-0.596	+2.690	+2.676	+2.661	+2.622	-0.792	+0.950	+0.940	-0.841	-0.892	-0.739	-0.742	-0.738	-0.737	-0.729	-0.742	-0.746	-0.746	-0.747	-0.747	-0.747	-0.748	-0.748	-0.747	-0.747	-0.746	-0.760	-0.770	-0.768	-0.768	-0.290	-0.217	-0.931	-0.224	-0.260	-0.200	-0.232	-0.842	-0.824	-0.807	-0.925	-0.824	-0.786	-0.609	-0.903	+7.978	+7.989	+10.821	+8.353	+10.715	+9.861	+11.337	+7.968	+1.238	+11.392	+6.390	+11.635	+7.469	+1.761	+6.256	+2.237	+2.118	+7.339	+11.614	+11.613	+11.612	+1.814	+6.710	+11.599	+6.831	+7.132	+1.880	+11.719	+11.748	+6.128	+7.175	+7.204	-0.137	+6.044	+6.032	+7.192	+7.189	+0.497	+2.018	-0.188	+7.247	+7.179	+11.926	+5.991	+11.217	+11.156	+11.944	+5.761	+11.779	+5.878	+11.756	+2.102	+2.655	+2.127	+1.978	+2.652	+7.163	
rs55894727     -0.580	-0.580	-0.580	-0.580	-0.585	-0.590	-0.588	-0.582	-0.462	-0.586	-0.587	-0.581	-0.582	-0.640	-0.563	-0.625	-0.893	-0.659	-0.664	-0.896	-0.897	-0.899	-0.899	-0.901	-0.901	-0.593	-0.905	-0.905	-0.905	-0.906	-0.907	-0.904	-0.582	-0.906	-0.907	+0.315	+0.343	+0.322	-0.811	+0.303	-0.901	-0.328	-0.481	-0.971	+4.145	-0.668	+4.153	-0.819	+3.324	-0.821	+3.418	+3.416	-0.836	+3.279	-0.829	-0.833	-0.717	-0.699	-0.595	+2.691	+2.676	+2.662	+2.623	-0.791	+0.950	+0.941	-0.840	-0.892	-0.739	-0.741	-0.738	-0.736	-0.728	-0.742	-0.746	-0.746	-0.747	-0.747	-0.747	-0.747	-0.747	-0.747	-0.747	-0.746	-0.760	-0.769	-0.768	-0.767	-0.289	-0.217	-0.931	-0.224	-0.260	-0.200	-0.232	-0.841	-0.824	-0.807	-0.925	-0.824	-0.786	-0.609	-0.903	+7.978	+7.989	+10.822	+8.354	+10.715	+9.861	+11.338	+7.968	+1.238	+11.392	+6.391	+11.635	+7.470	+1.762	+6.256	+2.238	+2.119	+7.339	+11.614	+11.613	+11.612	+1.814	+6.710	+11.599	+6.831	+7.132	+1.881	+11.719	+11.749	+6.129	+7.176	+7.204	-0.136	+6.044	+6.032	+7.192	+7.189	+0.498	+2.019	-0.188	+7.247	+7.179	+11.926	+5.992	+11.217	+11.156	+11.945	+5.761	+11.779	+5.878	+11.756	+2.102	+2.656	+2.127	+1.979	+2.653	+7.163	
rs59126313     -0.584	-0.586	-0.586	-0.585	-0.582	-0.588	-0.586	-0.585	-0.586	-0.462	-0.583	-0.586	-0.585	-0.643	-0.564	-0.626	-0.894	-0.660	-0.665	-0.897	-0.897	-0.899	-0.900	-0.901	-0.902	-0.594	-0.905	-0.905	-0.905	-0.907	-0.907	-0.905	-0.583	-0.907	-0.908	+0.315	+0.343	+0.321	-0.812	+0.303	-0.902	-0.329	-0.482	-0.971	+4.144	-0.668	+4.152	-0.820	+3.324	-0.821	+3.417	+3.415	-0.837	+3.278	-0.830	-0.833	-0.717	-0.700	-0.596	+2.690	+2.675	+2.661	+2.622	-0.792	+0.950	+0.941	-0.841	-0.893	-0.739	-0.742	-0.739	-0.737	-0.729	-0.743	-0.746	-0.747	-0.748	-0.748	-0.747	-0.748	-0.748	-0.748	-0.747	-0.746	-0.760	-0.770	-0.768	-0.768	-0.290	-0.217	-0.931	-0.225	-0.260	-0.201	-0.233	-0.842	-0.824	-0.808	-0.925	-0.824	-0.786	-0.609	-0.904	+7.977	+7.988	+10.821	+8.353	+10.714	+9.861	+11.337	+7.968	+1.237	+11.391	+6.390	+11.634	+7.469	+1.761	+6.255	+2.237	+2.118	+7.338	+11.613	+11.612	+11.611	+1.814	+6.709	+11.598	+6.830	+7.131	+1.880	+11.718	+11.748	+6.128	+7.175	+7.203	-0.137	+6.043	+6.031	+7.191	+7.189	+0.497	+2.018	-0.189	+7.246	+7.178	+11.925	+5.991	+11.216	+11.155	+11.944	+5.760	+11.778	+5.877	+11.755	+2.102	+2.655	+2.127	+1.979	+2.652	+7.162	
rs76643298     -0.596	-0.594	-0.594	-0.593	-0.587	-0.595	-0.590	-0.588	-0.587	-0.583	-0.465	-0.589	-0.588	-0.654	-0.578	-0.626	-0.896	-0.659	-0.665	-0.899	-0.900	-0.902	-0.903	-0.904	-0.904	-0.595	-0.908	-0.908	-0.908	-0.910	-0.910	-0.908	-0.583	-0.910	-0.911	+0.306	+0.334	+0.313	-0.814	+0.293	-0.905	-0.331	-0.482	-0.974	+4.141	-0.669	+4.149	-0.822	+3.325	-0.825	+3.418	+3.416	-0.839	+3.279	-0.833	-0.836	-0.720	-0.703	-0.599	+2.690	+2.676	+2.662	+2.623	-0.794	+0.944	+0.935	-0.844	-0.895	-0.742	-0.745	-0.742	-0.740	-0.732	-0.746	-0.749	-0.750	-0.751	-0.751	-0.751	-0.751	-0.751	-0.751	-0.750	-0.749	-0.763	-0.773	-0.771	-0.771	-0.292	-0.219	-0.934	-0.226	-0.262	-0.202	-0.235	-0.844	-0.826	-0.809	-0.928	-0.826	-0.789	-0.611	-0.906	+7.979	+7.990	+10.822	+8.349	+10.716	+9.862	+11.339	+7.969	+1.235	+11.393	+6.390	+11.638	+7.471	+1.759	+6.256	+2.234	+2.116	+7.340	+11.615	+11.614	+11.614	+1.812	+6.709	+11.601	+6.830	+7.133	+1.878	+11.721	+11.750	+6.128	+7.177	+7.205	-0.138	+6.043	+6.031	+7.193	+7.190	+0.489	+2.016	-0.190	+7.248	+7.180	+11.928	+5.991	+11.220	+11.159	+11.947	+5.760	+11.781	+5.878	+11.758	+2.100	+2.653	+2.125	+1.970	+2.650	+7.164	
rs143874523    -0.583	-0.582	-0.582	-0.581	-0.585	-0.591	-0.589	-0.582	-0.581	-0.586	-0.589	-0.462	-0.582	-0.642	-0.565	-0.625	-0.893	-0.659	-0.665	-0.897	-0.897	-0.899	-0.900	-0.901	-0.902	-0.593	-0.905	-0.905	-0.905	-0.907	-0.907	-0.905	-0.582	-0.907	-0.908	+0.314	+0.342	+0.321	-0.811	+0.302	-0.902	-0.328	-0.481	-0.971	+4.145	-0.668	+4.152	-0.820	+3.324	-0.821	+3.418	+3.416	-0.836	+3.279	-0.830	-0.833	-0.717	-0.700	-0.596	+2.691	+2.676	+2.662	+2.623	-0.792	+0.949	+0.940	-0.841	-0.892	-0.739	-0.742	-0.738	-0.737	-0.729	-0.742	-0.746	-0.746	-0.747	-0.747	-0.747	-0.748	-0.748	-0.747	-0.747	-0.746	-0.760	-0.770	-0.768	-0.768	-0.290	-0.217	-0.931	-0.224	-0.260	-0.200	-0.232	-0.842	-0.824	-0.807	-0.925	-0.824	-0.786	-0.609	-0.903	+7.978	+7.989	+10.822	+8.353	+10.715	+9.862	+11.338	+7.969	+1.238	+11.392	+6.390	+11.635	+7.470	+1.761	+6.256	+2.237	+2.118	+7.339	+11.614	+11.613	+11.612	+1.814	+6.710	+11.599	+6.831	+7.132	+1.881	+11.719	+11.749	+6.128	+7.176	+7.204	-0.137	+6.044	+6.032	+7.192	+7.190	+0.497	+2.019	-0.188	+7.247	+7.179	+11.926	+5.992	+11.218	+11.157	+11.945	+5.761	+11.779	+5.878	+11.756	+2.102	+2.655	+2.127	+1.978	+2.652	+7.163	
rs58282599     -0.581	-0.583	-0.583	-0.582	-0.587	-0.592	-0.590	-0.581	-0.582	-0.585	-0.588	-0.582	-0.462	-0.642	-0.565	-0.625	-0.894	-0.659	-0.665	-0.897	-0.897	-0.899	-0.900	-0.901	-0.902	-0.594	-0.905	-0.905	-0.905	-0.907	-0.907	-0.905	-0.582	-0.907	-0.908	+0.314	+0.342	+0.321	-0.811	+0.302	-0.902	-0.328	-0.482	-0.971	+4.144	-0.668	+4.152	-0.820	+3.324	-0.821	+3.417	+3.416	-0.837	+3.278	-0.830	-0.833	-0.717	-0.700	-0.596	+2.690	+2.676	+2.662	+2.622	-0.792	+0.949	+0.940	-0.841	-0.893	-0.739	-0.742	-0.739	-0.737	-0.729	-0.743	-0.746	-0.747	-0.748	-0.748	-0.747	-0.748	-0.748	-0.748	-0.747	-0.746	-0.760	-0.770	-0.768	-0.768	-0.290	-0.217	-0.931	-0.224	-0.260	-0.201	-0.233	-0.842	-0.824	-0.808	-0.925	-0.824	-0.786	-0.609	-0.904	+7.978	+7.989	+10.822	+8.353	+10.715	+9.861	+11.338	+7.968	+1.238	+11.392	+6.390	+11.635	+7.470	+1.761	+6.256	+2.237	+2.118	+7.339	+11.614	+11.613	+11.612	+1.814	+6.710	+11.599	+6.831	+7.132	+1.880	+11.719	+11.748	+6.128	+7.175	+7.204	-0.137	+6.044	+6.032	+7.192	+7.189	+0.497	+2.018	-0.188	+7.247	+7.179	+11.926	+5.991	+11.217	+11.156	+11.944	+5.761	+11.779	+5.878	+11.756	+2.102	+2.655	+2.127	+1.978	+2.652	+7.163	
rs76936688     -0.649	-0.647	-0.647	-0.647	-0.646	-0.649	-0.647	-0.642	-0.640	-0.643	-0.654	-0.642	-0.642	-0.479	-0.571	-0.637	-0.908	-0.669	-0.674	-0.911	-0.912	-0.914	-0.915	-0.916	-0.916	-0.605	-0.920	-0.920	-0.920	-0.922	-0.922	-0.920	-0.594	-0.922	-0.923	+0.289	+0.317	+0.296	-0.825	+0.276	-0.917	-0.343	-0.494	-0.985	+4.128	-0.680	+4.137	-0.834	+3.318	-0.838	+3.412	+3.410	-0.852	+3.272	-0.845	-0.848	-0.733	-0.716	-0.612	+2.682	+2.667	+2.653	+2.614	-0.806	+0.928	+0.919	-0.856	-0.908	-0.755	-0.758	-0.754	-0.753	-0.745	-0.758	-0.762	-0.762	-0.763	-0.763	-0.763	-0.764	-0.763	-0.763	-0.763	-0.762	-0.776	-0.786	-0.784	-0.784	-0.304	-0.231	-0.946	-0.238	-0.274	-0.214	-0.246	-0.856	-0.838	-0.821	-0.940	-0.838	-0.801	-0.622	-0.919	+7.967	+7.978	+10.809	+8.333	+10.703	+9.850	+11.327	+7.958	+1.222	+11.382	+6.377	+11.628	+7.459	+1.745	+6.243	+2.220	+2.101	+7.328	+11.603	+11.602	+11.602	+1.798	+6.695	+11.589	+6.816	+7.121	+1.864	+11.709	+11.739	+6.115	+7.165	+7.194	-0.151	+6.031	+6.019	+7.181	+7.179	+0.472	+2.002	-0.203	+7.236	+7.168	+11.916	+5.978	+11.209	+11.148	+11.935	+5.747	+11.769	+5.865	+11.746	+2.086	+2.638	+2.111	+1.952	+2.635	+7.152	
rs77715289     -0.573	-0.571	-0.570	-0.570	-0.568	-0.570	-0.569	-0.565	-0.563	-0.564	-0.578	-0.565	-0.565	-0.571	-0.269	-0.430	-0.722	-0.456	-0.462	-0.726	-0.726	-0.730	-0.730	-0.733	-0.733	-0.396	-0.738	-0.738	-0.738	-0.740	-0.741	-0.738	-0.385	-0.740	-0.741	+0.488	+0.516	+0.494	-0.647	+0.452	-0.735	-0.138	-0.279	-0.796	+4.500	-0.497	+4.523	-0.648	+3.760	-0.668	+3.855	+3.853	-0.680	+3.710	-0.674	-0.677	-0.565	-0.549	-0.447	+3.092	+3.077	+3.062	+3.022	-0.617	+1.182	+1.175	-0.684	-0.727	-0.576	-0.579	-0.575	-0.574	-0.566	-0.579	-0.583	-0.583	-0.584	-0.584	-0.584	-0.584	-0.584	-0.584	-0.584	-0.583	-0.597	-0.606	-0.605	-0.604	-0.110	-0.036	-0.765	-0.043	-0.081	-0.019	-0.052	-0.671	-0.653	-0.636	-0.759	-0.653	-0.619	-0.434	-0.737	+8.420	+8.431	+11.253	+8.714	+11.147	+10.285	+11.788	+8.413	+1.462	+11.845	+6.808	+12.127	+7.910	+1.997	+6.675	+2.478	+2.358	+7.781	+12.083	+12.082	+12.081	+2.051	+7.133	+12.070	+7.259	+7.573	+2.119	+12.194	+12.223	+6.548	+7.617	+7.647	+0.034	+6.464	+6.452	+7.633	+7.630	+0.688	+2.260	-0.018	+7.689	+7.620	+12.403	+6.410	+11.685	+11.626	+12.422	+6.174	+12.254	+6.294	+12.231	+2.346	+2.903	+2.370	+2.170	+2.901	+7.604	
rs2794563      -0.626	-0.625	-0.625	-0.625	-0.626	-0.626	-0.627	-0.625	-0.625	-0.626	-0.626	-0.625	-0.625	-0.637	-0.430	-0.291	-0.683	-0.242	-0.250	-0.691	-0.693	-0.700	-0.702	-0.709	-0.710	-0.438	-0.716	-0.718	-0.719	-0.724	-0.727	-0.721	-0.431	-0.726	-0.721	+2.359	+2.427	+2.382	-0.582	+0.209	-0.721	+0.098	+0.023	-0.777	+4.083	-0.581	+4.101	-0.629	+3.272	-0.491	+3.364	+3.362	-0.485	+3.228	-0.472	-0.477	-0.300	-0.274	-0.108	+2.659	+2.645	+2.631	+2.594	-0.593	+0.952	+0.945	-0.682	-0.685	-0.608	-0.610	-0.608	-0.606	-0.597	-0.611	-0.614	-0.614	-0.615	-0.615	-0.615	-0.615	-0.615	-0.615	-0.615	-0.614	-0.626	-0.633	-0.632	-0.632	-0.161	-0.090	-0.767	-0.097	-0.135	-0.074	-0.103	-0.646	-0.628	-0.610	-0.760	-0.628	-0.630	-0.403	-0.741	+8.148	+8.159	+10.834	+8.504	+10.728	+9.892	+11.323	+8.141	+1.337	+11.376	+6.526	+11.609	+7.644	+1.847	+6.395	+2.307	+2.189	+7.515	+11.593	+11.592	+11.591	+1.899	+6.830	+11.578	+6.951	+7.309	+1.964	+11.696	+11.727	+6.269	+7.352	+7.381	-0.011	+6.186	+6.174	+7.369	+7.366	+0.677	+2.100	-0.061	+7.424	+7.356	+11.904	+6.132	+11.214	+11.149	+11.922	+5.905	+11.758	+6.021	+11.737	+2.181	+2.724	+2.207	+2.114	+2.714	+7.340	
rs12197076     -0.895	-0.894	-0.894	-0.894	-0.894	-0.895	-0.895	-0.893	-0.893	-0.894	-0.896	-0.893	-0.894	-0.908	-0.722	-0.683	-0.575	-0.498	-0.508	-0.706	-0.705	-0.699	-0.699	-0.668	-0.689	-0.649	-0.716	-0.709	-0.707	-0.729	-0.723	-0.697	-0.637	-0.724	-0.753	+0.343	+0.374	+0.350	-0.901	+0.682	-0.729	-0.434	-0.423	-1.050	+4.055	-0.769	+4.056	-0.911	+3.185	-0.926	+3.278	+3.276	-0.932	+3.140	-0.924	-0.927	-0.810	-0.792	-0.691	+2.552	+2.538	+2.524	+2.484	-0.882	+0.833	+0.824	-0.915	-0.991	-0.847	-0.849	-0.846	-0.845	-0.837	-0.850	-0.854	-0.854	-0.855	-0.855	-0.855	-0.855	-0.855	-0.855	-0.855	-0.854	-0.867	-0.877	-0.875	-0.875	-0.375	-0.302	-1.031	-0.309	-0.344	-0.285	-0.318	-0.945	-0.927	-0.911	-1.026	-0.927	-0.891	-0.713	-1.000	+7.839	+7.850	+10.745	+8.252	+10.639	+9.769	+11.259	+7.829	+1.112	+11.312	+6.251	+11.561	+7.331	+1.632	+6.117	+2.107	+1.989	+7.200	+11.534	+11.533	+11.533	+1.685	+6.574	+11.520	+6.695	+6.993	+1.751	+11.640	+11.670	+5.990	+7.036	+7.065	-0.228	+5.905	+5.893	+7.053	+7.050	+0.397	+1.888	-0.281	+7.108	+7.040	+11.849	+5.853	+11.124	+11.062	+11.867	+5.623	+11.701	+5.740	+11.679	+1.971	+2.524	+1.996	+1.863	+2.521	+7.024	
rs7753970      -0.659	-0.659	-0.659	-0.659	-0.660	-0.660	-0.661	-0.659	-0.659	-0.660	-0.659	-0.659	-0.659	-0.669	-0.456	-0.242	-0.498	-0.330	-0.448	-0.476	-0.471	-0.451	-0.444	-0.414	-0.421	-0.200	-0.414	-0.403	-0.400	-0.412	-0.400	-0.386	-0.185	-0.403	-0.443	+0.197	+0.224	+0.203	-0.706	+2.814	-0.406	-0.243	-0.508	-0.807	+4.000	-0.629	+4.014	-0.693	+3.278	-0.664	+3.370	+3.368	-0.710	+3.237	-0.698	-0.702	-0.593	-0.575	-0.485	+2.677	+2.663	+2.649	+2.613	-0.676	+1.075	+1.069	-0.658	-0.758	-0.576	-0.580	-0.576	-0.574	-0.567	-0.580	-0.585	-0.585	-0.586	-0.586	-0.586	-0.586	-0.586	-0.586	-0.586	-0.584	-0.602	-0.614	-0.612	-0.611	-0.126	-0.052	-0.801	-0.060	-0.092	-0.035	-0.069	-0.723	-0.707	-0.692	-0.797	-0.707	-0.646	-0.505	-0.764	+7.897	+7.908	+10.669	+8.234	+10.563	+9.719	+11.186	+7.888	+1.292	+11.241	+6.332	+11.477	+7.390	+1.808	+6.198	+2.270	+2.154	+7.261	+11.462	+11.460	+11.460	+1.861	+6.641	+11.447	+6.759	+7.055	+1.926	+11.566	+11.595	+6.071	+7.098	+7.127	+0.031	+5.988	+5.976	+7.116	+7.113	+0.499	+2.062	-0.024	+7.170	+7.103	+11.772	+5.937	+11.072	+11.010	+11.790	+5.711	+11.626	+5.826	+11.603	+2.144	+2.680	+2.168	+1.971	+2.681	+7.087	
rs7755154      -0.664	-0.664	-0.664	-0.664	-0.665	-0.665	-0.666	-0.665	-0.664	-0.665	-0.665	-0.665	-0.665	-0.674	-0.462	-0.250	-0.508	-0.448	-0.335	-0.486	-0.481	-0.462	-0.455	-0.425	-0.432	-0.208	-0.425	-0.414	-0.411	-0.423	-0.411	-0.398	-0.193	-0.414	-0.454	+0.197	+0.224	+0.203	-0.711	+2.793	-0.416	-0.248	-0.511	-0.812	+3.998	-0.633	+4.012	-0.699	+3.275	-0.670	+3.367	+3.364	-0.715	+3.233	-0.704	-0.707	-0.598	-0.580	-0.490	+2.673	+2.659	+2.645	+2.609	-0.681	+1.070	+1.064	-0.664	-0.763	-0.582	-0.585	-0.581	-0.580	-0.572	-0.586	-0.590	-0.591	-0.592	-0.592	-0.592	-0.592	-0.592	-0.592	-0.591	-0.590	-0.608	-0.619	-0.617	-0.617	-0.132	-0.058	-0.807	-0.065	-0.098	-0.040	-0.074	-0.729	-0.712	-0.697	-0.803	-0.712	-0.651	-0.510	-0.769	+7.894	+7.905	+10.667	+8.231	+10.561	+9.716	+11.184	+7.884	+1.287	+11.239	+6.328	+11.475	+7.386	+1.803	+6.194	+2.265	+2.149	+7.257	+11.460	+11.459	+11.458	+1.856	+6.638	+11.445	+6.756	+7.051	+1.921	+11.564	+11.593	+6.067	+7.095	+7.123	+0.025	+5.984	+5.972	+7.112	+7.109	+0.495	+2.057	-0.030	+7.166	+7.099	+11.770	+5.933	+11.069	+11.008	+11.788	+5.707	+11.624	+5.822	+11.601	+2.139	+2.675	+2.163	+1.967	+2.677	+7.083	
rs12204551     -0.898	-0.898	-0.898	-0.898	-0.897	-0.898	-0.898	-0.897	-0.896	-0.897	-0.899	-0.897	-0.897	-0.911	-0.726	-0.691	-0.706	-0.476	-0.486	-0.579	-0.710	-0.709	-0.710	-0.688	-0.705	-0.658	-0.731	-0.726	-0.724	-0.743	-0.739	-0.716	-0.646	-0.740	-0.763	+0.358	+0.389	+0.365	-0.905	+0.653	-0.744	-0.433	-0.407	-1.052	+4.064	-0.769	+4.064	-0.913	+3.186	-0.929	+3.279	+3.278	-0.937	+3.141	-0.929	-0.932	-0.815	-0.797	-0.696	+2.553	+2.538	+2.524	+2.485	-0.883	+0.836	+0.827	-0.921	-0.995	-0.849	-0.852	-0.849	-0.847	-0.839	-0.853	-0.856	-0.857	-0.857	-0.858	-0.857	-0.858	-0.858	-0.857	-0.857	-0.856	-0.870	-0.880	-0.878	-0.878	-0.382	-0.308	-1.034	-0.316	-0.351	-0.291	-0.324	-0.948	-0.931	-0.914	-1.029	-0.931	-0.894	-0.716	-1.004	+7.841	+7.852	+10.755	+8.260	+10.648	+9.777	+11.269	+7.832	+1.112	+11.322	+6.253	+11.571	+7.333	+1.633	+6.119	+2.108	+1.990	+7.202	+11.544	+11.543	+11.542	+1.685	+6.577	+11.530	+6.698	+6.995	+1.751	+11.650	+11.680	+5.991	+7.039	+7.067	-0.234	+5.907	+5.895	+7.055	+7.052	+0.403	+1.889	-0.286	+7.110	+7.042	+11.859	+5.854	+11.133	+11.070	+11.877	+5.624	+11.711	+5.741	+11.689	+1.972	+2.526	+1.997	+1.868	+2.522	+7.026	
rs6927985      -0.899	-0.898	-0.898	-0.898	-0.898	-0.899	-0.899	-0.897	-0.897	-0.897	-0.900	-0.897	-0.897	-0.912	-0.726	-0.693	-0.705	-0.471	-0.481	-0.710	-0.579	-0.711	-0.712	-0.692	-0.708	-0.659	-0.734	-0.729	-0.727	-0.746	-0.742	-0.719	-0.647	-0.743	-0.765	+0.362	+0.392	+0.368	-0.906	+0.648	-0.747	-0.432	-0.404	-1.053	+4.066	-0.768	+4.066	-0.913	+3.187	-0.930	+3.280	+3.278	-0.938	+3.141	-0.930	-0.933	-0.816	-0.798	-0.697	+2.553	+2.538	+2.524	+2.485	-0.883	+0.837	+0.828	-0.922	-0.995	-0.850	-0.852	-0.849	-0.848	-0.840	-0.853	-0.857	-0.857	-0.858	-0.858	-0.858	-0.858	-0.858	-0.858	-0.858	-0.856	-0.870	-0.880	-0.878	-0.878	-0.383	-0.309	-1.035	-0.317	-0.352	-0.293	-0.325	-0.949	-0.931	-0.915	-1.029	-0.931	-0.895	-0.717	-1.004	+7.842	+7.853	+10.757	+8.262	+10.651	+9.779	+11.271	+7.832	+1.112	+11.324	+6.253	+11.574	+7.333	+1.633	+6.119	+2.109	+1.990	+7.203	+11.546	+11.545	+11.544	+1.685	+6.578	+11.532	+6.699	+6.996	+1.751	+11.652	+11.682	+5.992	+7.039	+7.068	-0.235	+5.907	+5.895	+7.056	+7.053	+0.404	+1.889	-0.288	+7.110	+7.043	+11.861	+5.855	+11.134	+11.072	+11.879	+5.624	+11.713	+5.741	+11.691	+1.972	+2.526	+1.997	+1.870	+2.523	+7.026	
rs12195939     -0.901	-0.900	-0.900	-0.900	-0.900	-0.901	-0.901	-0.899	-0.899	-0.899	-0.902	-0.899	-0.899	-0.914	-0.730	-0.700	-0.699	-0.451	-0.462	-0.709	-0.711	-0.582	-0.715	-0.704	-0.717	-0.666	-0.743	-0.739	-0.738	-0.756	-0.753	-0.732	-0.654	-0.753	-0.772	+0.376	+0.407	+0.383	-0.910	+0.623	-0.757	-0.430	-0.390	-1.054	+4.076	-0.767	+4.075	-0.914	+3.189	-0.932	+3.282	+3.280	-0.941	+3.143	-0.933	-0.936	-0.820	-0.802	-0.701	+2.554	+2.540	+2.526	+2.486	-0.884	+0.841	+0.831	-0.927	-0.998	-0.851	-0.854	-0.851	-0.849	-0.841	-0.855	-0.858	-0.859	-0.859	-0.860	-0.859	-0.860	-0.860	-0.859	-0.859	-0.858	-0.872	-0.882	-0.880	-0.880	-0.388	-0.315	-1.037	-0.322	-0.357	-0.298	-0.330	-0.951	-0.933	-0.917	-1.031	-0.933	-0.897	-0.719	-1.007	+7.844	+7.855	+10.767	+8.270	+10.661	+9.788	+11.281	+7.835	+1.112	+11.334	+6.255	+11.584	+7.336	+1.634	+6.121	+2.111	+1.992	+7.206	+11.556	+11.555	+11.554	+1.686	+6.581	+11.542	+6.702	+6.998	+1.752	+11.662	+11.692	+5.994	+7.042	+7.070	-0.240	+5.909	+5.897	+7.058	+7.056	+0.410	+1.890	-0.292	+7.113	+7.045	+11.871	+5.857	+11.143	+11.081	+11.889	+5.626	+11.723	+5.743	+11.701	+1.973	+2.529	+1.998	+1.875	+2.525	+7.029	
rs12205879     -0.901	-0.901	-0.901	-0.901	-0.901	-0.901	-0.902	-0.900	-0.899	-0.900	-0.903	-0.900	-0.900	-0.915	-0.730	-0.702	-0.699	-0.444	-0.455	-0.710	-0.712	-0.715	-0.582	-0.711	-0.722	-0.668	-0.748	-0.745	-0.744	-0.760	-0.758	-0.738	-0.656	-0.758	-0.775	+0.381	+0.412	+0.387	-0.911	+0.614	-0.762	-0.430	-0.386	-1.055	+4.079	-0.766	+4.078	-0.915	+3.190	-0.933	+3.283	+3.281	-0.942	+3.144	-0.934	-0.937	-0.821	-0.803	-0.702	+2.555	+2.540	+2.526	+2.486	-0.884	+0.842	+0.832	-0.929	-0.999	-0.852	-0.854	-0.851	-0.850	-0.842	-0.855	-0.859	-0.859	-0.860	-0.860	-0.860	-0.860	-0.860	-0.860	-0.860	-0.858	-0.872	-0.882	-0.880	-0.880	-0.389	-0.316	-1.037	-0.324	-0.359	-0.299	-0.332	-0.952	-0.934	-0.918	-1.032	-0.934	-0.898	-0.720	-1.008	+7.845	+7.856	+10.771	+8.272	+10.664	+9.791	+11.284	+7.836	+1.113	+11.337	+6.256	+11.588	+7.337	+1.635	+6.122	+2.112	+1.993	+7.207	+11.560	+11.559	+11.558	+1.687	+6.582	+11.545	+6.703	+6.999	+1.753	+11.666	+11.696	+5.995	+7.043	+7.071	-0.241	+5.910	+5.898	+7.059	+7.056	+0.412	+1.891	-0.293	+7.114	+7.046	+11.875	+5.857	+11.147	+11.084	+11.893	+5.627	+11.727	+5.744	+11.705	+1.974	+2.530	+1.999	+1.877	+2.526	+7.030	
rs900398       -0.903	-0.902	-0.902	-0.902	-0.902	-0.903	-0.903	-0.901	-0.901	-0.901	-0.904	-0.901	-0.901	-0.916	-0.733	-0.709	-0.668	-0.414	-0.425	-0.688	-0.692	-0.704	-0.711	-0.584	-0.724	-0.675	-0.753	-0.752	-0.751	-0.767	-0.767	-0.748	-0.663	-0.766	-0.779	+0.402	+0.434	+0.409	-0.914	+0.582	-0.771	-0.425	-0.364	-1.055	+4.093	-0.763	+4.091	-0.915	+3.194	-0.935	+3.287	+3.285	-0.945	+3.148	-0.937	-0.940	-0.825	-0.807	-0.705	+2.559	+2.544	+2.530	+2.490	-0.883	+0.848	+0.839	-0.934	-1.001	-0.852	-0.855	-0.852	-0.850	-0.842	-0.856	-0.859	-0.860	-0.861	-0.861	-0.860	-0.861	-0.861	-0.861	-0.860	-0.859	-0.873	-0.883	-0.881	-0.881	-0.394	-0.321	-1.039	-0.329	-0.364	-0.304	-0.337	-0.953	-0.935	-0.919	-1.033	-0.935	-0.899	-0.721	-1.010	+7.851	+7.862	+10.786	+8.285	+10.679	+9.804	+11.299	+7.842	+1.115	+11.352	+6.261	+11.603	+7.343	+1.638	+6.127	+2.116	+1.997	+7.212	+11.575	+11.574	+11.573	+1.690	+6.588	+11.560	+6.709	+7.005	+1.756	+11.680	+11.710	+5.999	+7.048	+7.077	-0.246	+5.914	+5.902	+7.065	+7.062	+0.422	+1.894	-0.298	+7.119	+7.052	+11.889	+5.862	+11.160	+11.097	+11.908	+5.632	+11.741	+5.749	+11.720	+1.978	+2.535	+2.002	+1.886	+2.531	+7.035	
rs1545849      -0.903	-0.903	-0.903	-0.903	-0.902	-0.903	-0.903	-0.901	-0.901	-0.902	-0.904	-0.902	-0.902	-0.916	-0.733	-0.710	-0.689	-0.421	-0.432	-0.705	-0.708	-0.717	-0.722	-0.724	-0.584	-0.675	-0.757	-0.755	-0.755	-0.770	-0.769	-0.751	-0.663	-0.769	-0.781	+0.402	+0.433	+0.408	-0.914	+0.579	-0.773	-0.426	-0.367	-1.055	+4.092	-0.764	+4.090	-0.915	+3.193	-0.935	+3.286	+3.284	-0.945	+3.147	-0.937	-0.941	-0.825	-0.807	-0.705	+2.558	+2.543	+2.529	+2.489	-0.883	+0.848	+0.838	-0.934	-1.001	-0.853	-0.855	-0.852	-0.851	-0.843	-0.856	-0.860	-0.860	-0.861	-0.861	-0.861	-0.861	-0.861	-0.861	-0.861	-0.860	-0.873	-0.883	-0.881	-0.881	-0.394	-0.321	-1.039	-0.329	-0.364	-0.305	-0.337	-0.954	-0.936	-0.919	-1.033	-0.936	-0.899	-0.721	-1.011	+7.849	+7.860	+10.783	+8.283	+10.676	+9.802	+11.296	+7.840	+1.115	+11.349	+6.259	+11.600	+7.341	+1.637	+6.125	+2.115	+1.996	+7.211	+11.572	+11.571	+11.570	+1.689	+6.586	+11.557	+6.708	+7.003	+1.756	+11.677	+11.707	+5.998	+7.047	+7.075	-0.246	+5.913	+5.901	+7.063	+7.060	+0.421	+1.893	-0.298	+7.118	+7.050	+11.886	+5.861	+11.158	+11.095	+11.905	+5.630	+11.738	+5.747	+11.717	+1.977	+2.534	+2.002	+1.885	+2.530	+7.034	
rs9501863      -0.594	-0.594	-0.594	-0.594	-0.594	-0.595	-0.595	-0.593	-0.593	-0.594	-0.595	-0.593	-0.594	-0.605	-0.396	-0.438	-0.649	-0.200	-0.208	-0.658	-0.659	-0.666	-0.668	-0.675	-0.675	-0.257	-0.683	-0.685	-0.686	-0.688	-0.691	-0.688	-0.358	-0.689	-0.684	+2.619	+2.691	+2.644	-0.543	+0.218	-0.685	+0.181	+0.108	-0.742	+4.107	-0.555	+4.125	-0.597	+3.296	-0.433	+3.387	+3.385	-0.425	+3.252	-0.412	-0.417	-0.251	-0.224	-0.054	+2.684	+2.670	+2.656	+2.619	-0.556	+0.979	+0.972	-0.652	-0.646	-0.578	-0.580	-0.577	-0.576	-0.567	-0.580	-0.583	-0.584	-0.584	-0.584	-0.584	-0.585	-0.585	-0.584	-0.584	-0.583	-0.595	-0.603	-0.601	-0.601	-0.133	-0.062	-0.735	-0.069	-0.107	-0.046	-0.074	-0.613	-0.594	-0.577	-0.729	-0.595	-0.599	-0.369	-0.710	+8.174	+8.184	+10.875	+8.560	+10.769	+9.913	+11.361	+8.166	+1.369	+11.413	+6.549	+11.646	+7.670	+1.879	+6.420	+2.353	+2.235	+7.541	+11.631	+11.630	+11.629	+1.931	+6.881	+11.617	+7.002	+7.336	+1.996	+11.734	+11.765	+6.293	+7.379	+7.408	+0.027	+6.211	+6.199	+7.396	+7.393	+0.713	+2.132	-0.024	+7.451	+7.383	+11.942	+6.157	+11.235	+11.170	+11.961	+5.929	+11.797	+6.045	+11.776	+2.214	+2.772	+2.239	+2.158	+2.762	+7.367	
rs17135340     -0.907	-0.906	-0.906	-0.906	-0.906	-0.907	-0.907	-0.905	-0.905	-0.905	-0.908	-0.905	-0.905	-0.920	-0.738	-0.716	-0.716	-0.414	-0.425	-0.731	-0.734	-0.743	-0.748	-0.753	-0.757	-0.683	-0.588	-0.719	-0.719	-0.747	-0.749	-0.715	-0.671	-0.748	-0.760	+0.429	+0.460	+0.435	-0.919	+0.565	-0.758	-0.420	-0.335	-1.060	+4.107	-0.767	+4.104	-0.918	+3.196	-0.939	+3.289	+3.287	-0.950	+3.150	-0.943	-0.946	-0.831	-0.813	-0.711	+2.560	+2.545	+2.531	+2.491	-0.885	+0.853	+0.844	-0.940	-1.005	-0.855	-0.858	-0.855	-0.853	-0.845	-0.859	-0.862	-0.863	-0.864	-0.864	-0.863	-0.864	-0.864	-0.864	-0.863	-0.862	-0.876	-0.886	-0.884	-0.884	-0.400	-0.328	-1.042	-0.335	-0.370	-0.311	-0.343	-0.957	-0.939	-0.923	-1.036	-0.939	-0.902	-0.725	-1.015	+7.856	+7.866	+10.807	+8.302	+10.700	+9.822	+11.319	+7.846	+1.115	+11.372	+6.264	+11.624	+7.347	+1.638	+6.130	+2.118	+1.999	+7.216	+11.595	+11.594	+11.593	+1.691	+6.593	+11.581	+6.714	+7.009	+1.757	+11.701	+11.731	+6.003	+7.052	+7.081	-0.252	+5.918	+5.906	+7.069	+7.066	+0.427	+1.895	-0.304	+7.123	+7.056	+11.910	+5.865	+11.178	+11.115	+11.929	+5.635	+11.762	+5.752	+11.741	+1.979	+2.537	+2.003	+1.898	+2.533	+7.039	
rs12213592     -0.907	-0.906	-0.906	-0.906	-0.906	-0.907	-0.907	-0.905	-0.905	-0.905	-0.908	-0.905	-0.905	-0.920	-0.738	-0.718	-0.709	-0.403	-0.414	-0.726	-0.729	-0.739	-0.745	-0.752	-0.755	-0.685	-0.719	-0.588	-0.720	-0.748	-0.751	-0.718	-0.673	-0.749	-0.759	+0.437	+0.469	+0.443	-0.920	+0.554	-0.760	-0.418	-0.327	-1.060	+4.112	-0.765	+4.110	-0.917	+3.198	-0.939	+3.291	+3.290	-0.951	+3.152	-0.943	-0.947	-0.832	-0.814	-0.712	+2.562	+2.547	+2.533	+2.493	-0.884	+0.856	+0.846	-0.941	-1.005	-0.855	-0.858	-0.854	-0.853	-0.845	-0.858	-0.862	-0.862	-0.863	-0.863	-0.863	-0.864	-0.864	-0.863	-0.863	-0.862	-0.876	-0.886	-0.884	-0.884	-0.402	-0.329	-1.042	-0.336	-0.371	-0.312	-0.345	-0.957	-0.939	-0.923	-1.036	-0.939	-0.902	-0.724	-1.015	+7.858	+7.869	+10.813	+8.306	+10.706	+9.827	+11.325	+7.849	+1.117	+11.378	+6.266	+11.630	+7.349	+1.640	+6.132	+2.120	+2.001	+7.219	+11.601	+11.600	+11.599	+1.692	+6.595	+11.586	+6.717	+7.011	+1.759	+11.707	+11.737	+6.005	+7.055	+7.083	-0.253	+5.920	+5.908	+7.071	+7.068	+0.431	+1.897	-0.305	+7.126	+7.058	+11.916	+5.867	+11.184	+11.121	+11.935	+5.637	+11.768	+5.754	+11.747	+1.980	+2.539	+2.005	+1.902	+2.535	+7.042	
rs12213751     -0.907	-0.906	-0.906	-0.906	-0.906	-0.907	-0.907	-0.905	-0.905	-0.905	-0.908	-0.905	-0.905	-0.920	-0.738	-0.719	-0.707	-0.400	-0.411	-0.724	-0.727	-0.738	-0.744	-0.751	-0.755	-0.686	-0.719	-0.720	-0.588	-0.748	-0.751	-0.718	-0.674	-0.750	-0.759	+0.439	+0.471	+0.445	-0.920	+0.551	-0.760	-0.417	-0.324	-1.060	+4.114	-0.765	+4.111	-0.917	+3.199	-0.939	+3.292	+3.290	-0.951	+3.153	-0.944	-0.947	-0.832	-0.814	-0.712	+2.562	+2.547	+2.533	+2.493	-0.884	+0.857	+0.847	-0.941	-1.005	-0.855	-0.858	-0.854	-0.853	-0.845	-0.858	-0.862	-0.862	-0.863	-0.863	-0.863	-0.864	-0.864	-0.863	-0.863	-0.862	-0.876	-0.886	-0.884	-0.884	-0.402	-0.329	-1.042	-0.337	-0.372	-0.313	-0.345	-0.957	-0.939	-0.923	-1.036	-0.939	-0.902	-0.724	-1.015	+7.859	+7.870	+10.814	+8.308	+10.708	+9.829	+11.327	+7.850	+1.117	+11.380	+6.267	+11.632	+7.350	+1.640	+6.133	+2.121	+2.001	+7.219	+11.603	+11.602	+11.601	+1.693	+6.596	+11.588	+6.718	+7.012	+1.759	+11.709	+11.739	+6.005	+7.055	+7.084	-0.253	+5.920	+5.908	+7.072	+7.069	+0.432	+1.897	-0.305	+7.126	+7.059	+11.918	+5.868	+11.185	+11.122	+11.936	+5.637	+11.770	+5.755	+11.748	+1.981	+2.540	+2.006	+1.903	+2.536	+7.042	
rs12213864     -0.909	-0.908	-0.908	-0.908	-0.908	-0.909	-0.909	-0.907	-0.906	-0.907	-0.910	-0.907	-0.907	-0.922	-0.740	-0.724	-0.729	-0.412	-0.423	-0.743	-0.746	-0.756	-0.760	-0.767	-0.770	-0.688	-0.747	-0.748	-0.748	-0.590	-0.728	-0.748	-0.676	-0.725	-0.738	+0.447	+0.478	+0.453	-0.922	+0.553	-0.743	-0.415	-0.313	-1.061	+4.116	-0.766	+4.113	-0.919	+3.199	-0.941	+3.292	+3.290	-0.953	+3.153	-0.946	-0.949	-0.833	-0.816	-0.714	+2.562	+2.547	+2.533	+2.493	-0.886	+0.858	+0.848	-0.943	-1.007	-0.856	-0.859	-0.856	-0.854	-0.846	-0.860	-0.864	-0.864	-0.865	-0.865	-0.865	-0.865	-0.865	-0.865	-0.865	-0.863	-0.877	-0.887	-0.885	-0.885	-0.404	-0.331	-1.043	-0.339	-0.374	-0.315	-0.347	-0.959	-0.941	-0.925	-1.037	-0.941	-0.904	-0.726	-1.017	+7.854	+7.865	+10.812	+8.308	+10.705	+9.826	+11.324	+7.845	+1.117	+11.377	+6.263	+11.629	+7.345	+1.640	+6.129	+2.121	+2.001	+7.215	+11.601	+11.600	+11.599	+1.692	+6.593	+11.586	+6.715	+7.008	+1.759	+11.707	+11.737	+6.002	+7.051	+7.080	-0.256	+5.917	+5.905	+7.067	+7.065	+0.430	+1.897	-0.308	+7.122	+7.054	+11.916	+5.864	+11.183	+11.119	+11.934	+5.634	+11.768	+5.751	+11.746	+1.980	+2.540	+2.005	+1.902	+2.536	+7.038	
rs7771891      -0.909	-0.908	-0.908	-0.908	-0.908	-0.909	-0.909	-0.907	-0.907	-0.907	-0.910	-0.907	-0.907	-0.922	-0.741	-0.727	-0.723	-0.400	-0.411	-0.739	-0.742	-0.753	-0.758	-0.767	-0.769	-0.691	-0.749	-0.751	-0.751	-0.728	-0.590	-0.752	-0.679	-0.726	-0.735	+0.457	+0.489	+0.463	-0.923	+0.535	-0.748	-0.412	-0.304	-1.061	+4.123	-0.764	+4.120	-0.919	+3.202	-0.941	+3.295	+3.293	-0.954	+3.156	-0.947	-0.950	-0.835	-0.817	-0.715	+2.564	+2.549	+2.535	+2.495	-0.885	+0.862	+0.852	-0.945	-1.008	-0.856	-0.859	-0.856	-0.854	-0.846	-0.860	-0.864	-0.864	-0.865	-0.865	-0.865	-0.865	-0.865	-0.865	-0.865	-0.863	-0.877	-0.887	-0.885	-0.885	-0.406	-0.333	-1.044	-0.341	-0.376	-0.317	-0.349	-0.959	-0.941	-0.925	-1.037	-0.941	-0.904	-0.726	-1.018	+7.857	+7.868	+10.820	+8.315	+10.714	+9.833	+11.332	+7.848	+1.119	+11.385	+6.266	+11.638	+7.348	+1.642	+6.132	+2.123	+2.004	+7.218	+11.609	+11.608	+11.607	+1.694	+6.596	+11.594	+6.718	+7.010	+1.761	+11.715	+11.745	+6.005	+7.054	+7.083	-0.258	+5.920	+5.908	+7.071	+7.068	+0.435	+1.899	-0.310	+7.125	+7.058	+11.925	+5.867	+11.190	+11.127	+11.943	+5.637	+11.777	+5.754	+11.755	+1.983	+2.543	+2.008	+1.907	+2.539	+7.041	
rs12190315     -0.907	-0.906	-0.906	-0.906	-0.906	-0.907	-0.907	-0.905	-0.904	-0.905	-0.908	-0.905	-0.905	-0.920	-0.738	-0.721	-0.697	-0.386	-0.398	-0.716	-0.719	-0.732	-0.738	-0.748	-0.751	-0.688	-0.715	-0.718	-0.718	-0.748	-0.752	-0.588	-0.676	-0.750	-0.756	+0.449	+0.481	+0.456	-0.921	+0.538	-0.761	-0.414	-0.313	-1.059	+4.121	-0.763	+4.118	-0.916	+3.202	-0.939	+3.295	+3.293	-0.951	+3.156	-0.944	-0.947	-0.832	-0.815	-0.713	+2.565	+2.550	+2.536	+2.496	-0.883	+0.861	+0.851	-0.942	-1.005	-0.854	-0.857	-0.854	-0.852	-0.844	-0.858	-0.861	-0.862	-0.863	-0.863	-0.862	-0.863	-0.863	-0.863	-0.862	-0.861	-0.875	-0.885	-0.883	-0.883	-0.403	-0.331	-1.042	-0.338	-0.373	-0.314	-0.346	-0.957	-0.939	-0.923	-1.035	-0.939	-0.902	-0.724	-1.015	+7.862	+7.873	+10.822	+8.315	+10.716	+9.836	+11.335	+7.853	+1.120	+11.388	+6.270	+11.640	+7.354	+1.643	+6.136	+2.124	+2.004	+7.223	+11.611	+11.610	+11.609	+1.695	+6.600	+11.596	+6.722	+7.015	+1.762	+11.717	+11.747	+6.009	+7.059	+7.087	-0.254	+5.924	+5.912	+7.075	+7.072	+0.437	+1.900	-0.306	+7.130	+7.062	+11.926	+5.871	+11.192	+11.129	+11.944	+5.640	+11.778	+5.758	+11.756	+1.983	+2.543	+2.008	+1.908	+2.539	+7.046	
rs9503235      -0.583	-0.582	-0.582	-0.582	-0.583	-0.583	-0.584	-0.582	-0.582	-0.583	-0.583	-0.582	-0.582	-0.594	-0.385	-0.431	-0.637	-0.185	-0.193	-0.646	-0.647	-0.654	-0.656	-0.663	-0.663	-0.358	-0.671	-0.673	-0.674	-0.676	-0.679	-0.676	-0.245	-0.678	-0.672	+2.671	+2.745	+2.699	-0.530	+0.220	-0.673	+0.198	+0.127	-0.730	+4.113	-0.545	+4.132	-0.585	+3.302	-0.417	+3.394	+3.392	-0.408	+3.258	-0.395	-0.400	-0.233	-0.206	-0.035	+2.691	+2.677	+2.663	+2.626	-0.544	+0.987	+0.980	-0.641	-0.634	-0.567	-0.569	-0.567	-0.565	-0.556	-0.570	-0.573	-0.573	-0.574	-0.574	-0.574	-0.574	-0.574	-0.574	-0.573	-0.573	-0.585	-0.592	-0.591	-0.590	-0.122	-0.052	-0.724	-0.058	-0.096	-0.035	-0.064	-0.601	-0.583	-0.565	-0.717	-0.583	-0.588	-0.357	-0.699	+8.189	+8.199	+10.886	+8.575	+10.780	+9.924	+11.371	+8.181	+1.380	+11.424	+6.563	+11.656	+7.685	+1.890	+6.434	+2.364	+2.246	+7.556	+11.641	+11.640	+11.639	+1.942	+6.895	+11.627	+7.016	+7.351	+2.007	+11.745	+11.775	+6.307	+7.394	+7.423	+0.038	+6.225	+6.213	+7.411	+7.408	+0.726	+2.143	-0.013	+7.466	+7.398	+11.953	+6.171	+11.245	+11.179	+11.971	+5.943	+11.807	+6.059	+11.787	+2.224	+2.783	+2.249	+2.171	+2.772	+7.382	
rs12199629     -0.908	-0.908	-0.908	-0.908	-0.907	-0.908	-0.908	-0.907	-0.906	-0.907	-0.910	-0.907	-0.907	-0.922	-0.740	-0.726	-0.724	-0.403	-0.414	-0.740	-0.743	-0.753	-0.758	-0.766	-0.769	-0.689	-0.748	-0.749	-0.750	-0.725	-0.726	-0.750	-0.678	-0.590	-0.732	+0.455	+0.487	+0.462	-0.922	+0.542	-0.744	-0.412	-0.304	-1.060	+4.122	-0.764	+4.119	-0.919	+3.201	-0.941	+3.295	+3.293	-0.953	+3.156	-0.946	-0.949	-0.834	-0.816	-0.714	+2.564	+2.549	+2.535	+2.495	-0.885	+0.861	+0.851	-0.944	-1.007	-0.856	-0.859	-0.855	-0.854	-0.846	-0.859	-0.863	-0.863	-0.864	-0.864	-0.864	-0.865	-0.864	-0.864	-0.864	-0.863	-0.877	-0.887	-0.885	-0.885	-0.405	-0.332	-1.043	-0.340	-0.375	-0.316	-0.348	-0.959	-0.941	-0.924	-1.037	-0.941	-0.904	-0.726	-1.017	+7.857	+7.867	+10.819	+8.314	+10.712	+9.832	+11.331	+7.847	+1.119	+11.384	+6.266	+11.636	+7.348	+1.642	+6.132	+2.123	+2.004	+7.217	+11.607	+11.606	+11.605	+1.694	+6.596	+11.593	+6.718	+7.010	+1.761	+11.713	+11.744	+6.005	+7.054	+7.083	-0.257	+5.920	+5.908	+7.070	+7.067	+0.434	+1.899	-0.309	+7.125	+7.057	+11.923	+5.867	+11.189	+11.126	+11.942	+5.637	+11.775	+5.754	+11.754	+1.983	+2.543	+2.008	+1.907	+2.539	+7.041	
