## Summary of overall evidence for association with region:
## log10(BF for region) = 22.935
## p-value for region = NA

## BFs for choosing among multi-SNP models:
## log10(average 1-SNP BF) = 17.7426
## log10(average 2-SNP BF) = 23.4121

## Example posterior probabilities for multi-SNP models, based on default prior: [p(l) propto 0.5^l for l=1,2,...,L]
## posterior probability of 1-SNP = 4.28126e-06
## posterior probability of 2-SNP = 0.999996

## log10(BF) for single SNP and pair of SNPs:
rs17829890     +5.799	+5.439	+5.972	+5.833	+5.359	+5.771	+5.788	+6.028	+5.666	+5.413	+6.184	+6.001	+5.324	+5.309	+5.671	+6.005	+5.313	+5.238	+5.607	+5.396	+6.001	+5.373	+5.852	+6.179	+6.385	+6.450	+5.711	+5.225	+6.429	+5.600	+6.535	+5.304	+6.095	+6.027	+6.767	+7.110	+6.077	+7.275	+6.490	+6.784	+7.050	+6.010	+5.387	+6.298	+7.089	+6.435	+6.474	+6.789	+6.574	+6.478	+6.438	+5.242	+6.699	+5.532	+5.885	+7.235	+6.873	+6.876	+6.304	+5.369	+5.881	+5.841	+5.306	+5.443	+5.209	+7.952	+5.934	+6.224	+5.373	+5.817	+5.740	+5.666	+5.900	+7.682	+5.945	+8.268	+10.484	+5.818	+5.392	+5.389	+19.199	+19.111	+18.992	+18.378	+18.835	+18.829	+18.372	+18.855	+19.012	+18.714	+18.426	+18.440	+18.779	+17.934	+18.488	+19.025	+18.432	+19.060	+19.027	+18.898	+18.908	+19.167	+18.957	+19.255	+19.256	+21.876	+22.044	+22.094	+22.067	+22.073	+22.096	+22.150	+22.332	+22.327	+22.089	+22.091	+22.017	+23.095	+19.394	+18.620	+18.435	+18.418	+18.561	+18.408	+18.285	+18.511	+18.498	+16.948	+17.370	+14.487	+14.338	+12.948	+12.771	+6.156	+6.060	+8.139	+6.468	+5.709	+8.445	+6.440	+8.247	+8.380	+8.619	+8.669	+8.359	+6.957	+5.155	+7.287	+7.618	+5.179	+7.035	+10.408	+7.818	+8.326	+8.954	+5.499	+11.741	+9.090	+8.462	+5.126	+5.105	+5.065	+5.126	+5.125	+5.126	+5.107	+5.070	+5.072	+5.135	+5.135	
rs7180942      +5.439	-0.283	+5.708	+5.433	-0.360	+5.704	+5.346	+5.790	+4.423	+3.634	+4.818	+5.770	-0.421	-0.373	+4.485	+3.436	-0.379	+2.745	+4.651	+3.577	-0.601	-0.460	-0.601	+6.026	+6.267	+6.399	-0.590	-0.387	+6.352	-0.592	+0.598	+1.216	+4.417	+4.249	+6.066	+6.338	+4.452	+6.433	+5.098	+5.433	+5.569	+4.229	-0.505	+4.623	+6.042	+4.697	+4.799	+5.308	+5.187	+5.941	+5.862	-0.381	+4.955	-0.023	-0.613	+6.412	+6.543	+6.563	+5.635	-0.502	+2.913	+4.282	+1.414	+3.501	+1.854	+8.226	+4.492	+5.264	-0.639	+3.332	-0.323	+3.948	+4.018	+7.517	+4.127	+0.850	+10.105	+0.324	+1.137	+0.172	+16.116	+16.031	+15.897	+15.213	+15.719	+15.712	+15.141	+15.736	+15.913	+15.581	+15.263	+15.156	+15.653	+14.614	+15.333	+15.928	+15.258	+15.971	+15.935	+15.795	+15.806	+16.094	+15.864	+16.193	+16.194	+18.970	+19.150	+19.195	+19.159	+19.164	+19.189	+19.239	+19.439	+19.433	+19.182	+19.177	+19.099	+20.285	+16.465	+15.640	+15.418	+15.399	+15.562	+15.387	+15.241	+15.506	+15.535	+13.695	+14.242	+11.230	+11.050	+9.430	+9.283	+0.589	+0.359	+2.499	+1.010	+0.064	+2.801	+0.978	+2.624	+2.754	+3.005	+3.060	+2.727	+1.916	-0.643	+1.932	+2.214	-0.592	+2.128	+6.712	+2.863	+3.388	+4.960	-0.360	+8.490	+5.111	+4.262	-0.640	-0.662	-0.704	-0.640	-0.644	-0.639	-0.664	-0.706	-0.705	-0.617	-0.617	
rs16941323     +5.972	+5.708	+6.030	+5.971	+5.625	+5.969	+5.941	+6.126	+5.868	+5.619	+6.379	+6.083	+5.587	+5.571	+5.873	+6.208	+5.575	+5.449	+5.832	+5.603	+6.299	+5.638	+6.145	+6.244	+6.462	+6.519	+5.997	+5.480	+6.466	+5.878	+6.827	+5.574	+6.291	+6.224	+6.958	+7.301	+6.274	+7.465	+6.683	+6.976	+7.199	+6.208	+5.654	+6.494	+7.277	+6.628	+6.667	+6.983	+6.769	+6.570	+6.531	+5.500	+6.892	+5.793	+6.179	+7.425	+6.952	+6.954	+6.405	+5.635	+6.050	+5.984	+5.575	+5.624	+5.415	+8.123	+6.073	+6.416	+5.629	+6.017	+6.005	+5.825	+6.049	+7.861	+6.094	+8.582	+10.656	+6.141	+5.607	+5.633	+19.386	+19.297	+19.178	+18.570	+19.021	+19.015	+18.554	+19.041	+19.197	+18.900	+18.618	+18.630	+18.965	+18.121	+18.680	+19.210	+18.617	+19.244	+19.212	+19.083	+19.093	+19.352	+19.142	+19.440	+19.441	+22.062	+22.230	+22.281	+22.254	+22.261	+22.283	+22.339	+22.520	+22.515	+22.277	+22.279	+22.206	+23.284	+19.592	+18.819	+18.635	+18.617	+18.761	+18.608	+18.485	+18.711	+18.698	+17.149	+17.566	+14.689	+14.540	+13.149	+12.972	+6.374	+6.280	+8.358	+6.685	+5.931	+8.661	+6.656	+8.459	+8.590	+8.833	+8.887	+8.570	+7.171	+5.382	+7.502	+7.841	+5.406	+7.247	+10.599	+8.034	+8.541	+9.148	+5.727	+11.924	+9.280	+8.657	+5.352	+5.332	+5.291	+5.352	+5.352	+5.352	+5.334	+5.297	+5.298	+5.362	+5.362	
rs17829939     +5.833	+5.433	+5.971	+5.793	+5.353	+5.766	+5.784	+6.025	+5.661	+5.408	+6.180	+6.001	+5.318	+5.303	+5.666	+6.000	+5.307	+5.233	+5.602	+5.391	+5.994	+5.367	+5.846	+6.178	+6.383	+6.448	+5.705	+5.219	+6.429	+5.594	+6.529	+5.298	+6.091	+6.022	+6.763	+7.106	+6.072	+7.270	+6.486	+6.779	+7.047	+6.006	+5.381	+6.293	+7.085	+6.430	+6.469	+6.785	+6.569	+6.476	+6.435	+5.236	+6.694	+5.526	+5.879	+7.230	+6.871	+6.874	+6.301	+5.363	+5.876	+5.837	+5.300	+5.438	+5.204	+7.948	+5.930	+6.219	+5.367	+5.812	+5.734	+5.662	+5.895	+7.678	+5.941	+8.262	+10.480	+5.811	+5.386	+5.383	+19.195	+19.106	+18.987	+18.373	+18.830	+18.824	+18.368	+18.850	+19.007	+18.710	+18.421	+18.436	+18.774	+17.929	+18.484	+19.020	+18.427	+19.055	+19.023	+18.893	+18.903	+19.163	+18.952	+19.250	+19.252	+21.872	+22.039	+22.090	+22.062	+22.069	+22.091	+22.146	+22.328	+22.323	+22.085	+22.087	+22.013	+23.091	+19.389	+18.615	+18.430	+18.413	+18.556	+18.403	+18.280	+18.507	+18.494	+16.943	+17.366	+14.483	+14.334	+12.943	+12.766	+6.150	+6.054	+8.133	+6.462	+5.703	+8.439	+6.435	+8.241	+8.374	+8.613	+8.663	+8.353	+6.952	+5.149	+7.281	+7.613	+5.173	+7.029	+10.403	+7.812	+8.320	+8.949	+5.493	+11.736	+9.085	+8.457	+5.120	+5.100	+5.059	+5.120	+5.119	+5.120	+5.102	+5.065	+5.066	+5.130	+5.130	
rs8035239      +5.359	-0.360	+5.625	+5.353	-0.210	+5.908	+5.285	+5.721	+4.607	+3.820	+4.979	+5.705	-0.400	-0.371	+4.670	+3.588	-0.378	+2.925	+4.601	+3.762	-0.521	-0.419	-0.532	+5.964	+6.198	+6.328	-0.533	-0.381	+6.282	-0.534	+0.809	+1.241	+4.579	+4.409	+6.219	+6.484	+4.637	+6.582	+5.266	+5.583	+5.549	+4.387	-0.474	+4.775	+6.189	+4.850	+4.954	+5.457	+5.336	+5.904	+5.826	-0.365	+5.103	+0.026	-0.556	+6.555	+6.497	+6.518	+5.601	-0.471	+2.927	+4.272	+1.441	+3.478	+1.884	+8.396	+4.474	+5.444	-0.563	+3.487	-0.167	+3.920	+4.003	+7.680	+4.111	+1.052	+10.232	+0.354	+1.174	+0.218	+16.254	+16.169	+16.035	+15.348	+15.855	+15.848	+15.277	+15.875	+16.053	+15.729	+15.401	+15.297	+15.801	+14.759	+15.471	+16.066	+15.403	+16.110	+16.072	+15.943	+15.954	+16.232	+16.014	+16.331	+16.332	+19.030	+19.210	+19.254	+19.219	+19.224	+19.250	+19.298	+19.495	+19.489	+19.243	+19.237	+19.160	+20.341	+16.536	+15.716	+15.495	+15.476	+15.638	+15.464	+15.312	+15.582	+15.608	+13.774	+14.324	+11.323	+11.139	+9.516	+9.368	+0.654	+0.427	+2.575	+1.073	+0.134	+2.879	+1.042	+2.700	+2.830	+3.081	+3.136	+2.803	+1.967	-0.572	+1.991	+2.276	-0.523	+2.175	+6.759	+2.914	+3.440	+5.003	-0.287	+8.532	+5.153	+4.309	-0.570	-0.592	-0.635	-0.570	-0.574	-0.570	-0.594	-0.636	-0.636	-0.548	-0.547	
rs10163123     +5.771	+5.704	+5.969	+5.766	+5.908	+1.692	+5.707	+6.258	+1.480	+1.521	+1.872	+6.028	+5.611	+5.879	+1.464	+1.502	+5.740	+2.013	+5.210	+1.556	+2.879	+5.384	+3.087	+6.300	+6.704	+6.789	+3.277	+5.859	+6.565	+3.365	+1.447	+2.611	+1.752	+1.709	+2.417	+2.704	+1.747	+2.885	+2.128	+2.316	+6.680	+1.692	+3.227	+1.874	+2.784	+2.044	+2.081	+2.312	+2.119	+6.542	+6.479	+3.660	+2.199	+1.773	+2.750	+2.826	+7.148	+7.162	+6.293	+3.281	+4.344	+5.141	+2.564	+4.672	+2.963	+4.510	+5.456	+2.042	+2.999	+1.620	+2.532	+5.247	+5.276	+3.883	+5.367	+1.114	+6.736	+1.989	+2.866	+1.968	+14.967	+14.884	+14.762	+14.137	+14.603	+14.594	+14.107	+14.615	+14.772	+14.476	+14.178	+14.049	+14.544	+13.672	+14.244	+14.785	+14.235	+14.856	+14.819	+14.670	+14.680	+14.934	+14.720	+15.022	+15.023	+17.640	+17.809	+17.830	+17.814	+17.819	+17.842	+17.874	+18.063	+18.057	+17.835	+17.832	+17.758	+18.824	+14.779	+13.960	+13.781	+13.764	+13.906	+13.753	+13.613	+13.854	+13.829	+12.402	+12.893	+10.126	+9.968	+8.689	+8.519	+2.804	+2.527	+4.555	+3.243	+1.678	+4.836	+3.208	+4.683	+4.816	+5.090	+5.137	+4.797	+4.336	+1.297	+4.340	+4.533	+1.433	+4.595	+8.129	+5.300	+5.787	+7.006	+1.637	+9.824	+7.175	+6.325	+1.233	+1.209	+1.167	+1.233	+1.229	+1.233	+1.209	+1.165	+1.166	+1.254	+1.254	
rs62019260     +5.788	+5.346	+5.941	+5.784	+5.285	+5.707	+5.728	+5.997	+5.600	+5.348	+6.121	+6.018	+5.247	+5.238	+5.605	+5.938	+5.235	+5.172	+5.554	+5.332	+5.916	+5.295	+5.781	+6.170	+6.359	+6.427	+5.631	+5.150	+6.430	+5.522	+6.472	+5.232	+6.032	+5.963	+6.703	+7.047	+6.014	+7.209	+6.428	+6.720	+7.009	+5.948	+5.316	+6.233	+7.026	+6.372	+6.412	+6.725	+6.510	+6.442	+6.400	+5.172	+6.634	+5.470	+5.814	+7.169	+6.840	+6.842	+6.264	+5.299	+5.827	+5.787	+5.240	+5.382	+5.143	+7.897	+5.880	+6.163	+5.307	+5.754	+5.676	+5.608	+5.842	+7.627	+5.888	+8.218	+10.430	+5.753	+5.328	+5.325	+19.129	+19.041	+18.922	+18.308	+18.765	+18.759	+18.302	+18.785	+18.942	+18.644	+18.356	+18.369	+18.709	+17.863	+18.418	+18.955	+18.362	+18.990	+18.958	+18.828	+18.838	+19.097	+18.887	+19.185	+19.186	+21.806	+21.974	+22.024	+21.997	+22.003	+22.026	+22.080	+22.262	+22.257	+22.020	+22.021	+21.947	+23.025	+19.325	+18.550	+18.366	+18.348	+18.491	+18.339	+18.215	+18.442	+18.430	+16.881	+17.304	+14.422	+14.273	+12.884	+12.707	+6.086	+5.990	+8.070	+6.400	+5.640	+8.376	+6.372	+8.178	+8.311	+8.549	+8.600	+8.290	+6.892	+5.085	+7.220	+7.548	+5.110	+6.972	+10.352	+7.756	+8.261	+8.897	+5.429	+11.687	+9.033	+8.407	+5.057	+5.037	+4.997	+5.057	+5.057	+5.057	+5.039	+5.002	+5.004	+5.067	+5.067	
rs4887368      +6.028	+5.790	+6.126	+6.025	+5.721	+6.258	+5.997	+6.111	+5.875	+5.979	+6.984	+6.160	+5.849	+5.799	+5.880	+6.192	+5.806	+5.746	+5.828	+5.947	+6.700	+5.878	+6.533	+6.365	+6.408	+6.495	+6.351	+5.689	+6.554	+6.214	+7.354	+5.554	+6.835	+6.758	+6.938	+7.278	+6.810	+7.441	+7.347	+6.956	+7.440	+6.767	+5.961	+6.486	+7.245	+7.296	+7.344	+6.973	+6.756	+6.444	+6.405	+5.756	+6.882	+5.776	+6.645	+7.403	+6.823	+6.826	+6.282	+5.929	+6.250	+6.206	+5.531	+5.704	+5.500	+8.840	+6.302	+6.950	+5.928	+6.518	+6.355	+5.749	+5.918	+7.794	+5.955	+9.393	+10.579	+7.209	+5.736	+5.664	+19.312	+19.224	+19.104	+18.497	+18.947	+18.940	+18.477	+18.962	+19.119	+18.821	+18.540	+18.545	+18.885	+18.050	+18.601	+19.133	+18.535	+19.163	+19.133	+19.004	+19.014	+19.274	+19.064	+19.362	+19.363	+21.984	+22.151	+22.204	+22.179	+22.186	+22.209	+22.266	+22.443	+22.442	+22.203	+22.205	+22.132	+23.211	+19.555	+18.783	+18.598	+18.581	+18.724	+18.572	+18.450	+18.675	+18.663	+18.313	+18.745	+15.580	+15.426	+13.959	+13.771	+6.464	+6.365	+8.462	+6.777	+6.000	+8.769	+6.749	+8.566	+8.698	+8.938	+8.989	+8.676	+7.171	+5.478	+7.631	+7.973	+5.491	+7.392	+10.840	+8.037	+8.542	+9.300	+5.710	+12.226	+9.441	+8.823	+5.456	+5.430	+5.380	+5.455	+5.452	+5.456	+5.429	+5.380	+5.381	+5.477	+5.477	
rs56224969     +5.666	+4.423	+5.868	+5.661	+4.607	+1.480	+5.600	+5.875	+1.398	+1.140	+1.795	+5.927	+4.560	+4.726	+1.277	+1.292	+4.679	+1.232	+5.094	+1.120	+2.237	+4.365	+2.414	+6.198	+6.314	+6.404	+2.578	+4.782	+6.469	+2.640	+1.020	+2.418	+1.653	+1.592	+2.421	+2.704	+1.654	+2.887	+2.070	+2.257	+6.526	+1.590	+2.587	+1.751	+2.774	+1.979	+2.024	+2.235	+2.035	+6.198	+6.135	+2.943	+2.094	+1.521	+2.148	+2.827	+6.778	+6.791	+5.946	+2.637	+4.153	+5.011	+2.392	+4.254	+2.640	+4.465	+5.324	+1.982	+2.334	+1.498	+1.910	+4.791	+4.854	+4.111	+4.947	+0.842	+6.868	+1.597	+2.635	+1.719	+14.904	+14.821	+14.699	+14.069	+14.538	+14.528	+14.008	+14.552	+14.711	+14.412	+14.112	+13.981	+14.481	+13.599	+14.179	+14.721	+14.165	+14.793	+14.753	+14.607	+14.617	+14.871	+14.655	+14.959	+14.960	+17.590	+17.759	+17.778	+17.765	+17.770	+17.793	+17.823	+18.012	+18.007	+17.786	+17.783	+17.710	+18.781	+14.737	+13.916	+13.733	+13.717	+13.860	+13.706	+13.562	+13.807	+13.782	+12.408	+12.912	+10.133	+9.970	+8.671	+8.501	+2.434	+2.168	+4.191	+2.879	+1.404	+4.467	+2.841	+4.317	+4.448	+4.717	+4.769	+4.427	+3.856	+1.012	+3.954	+4.160	+1.118	+4.231	+7.931	+4.830	+5.314	+6.649	+1.265	+9.674	+6.816	+5.976	+0.952	+0.929	+0.887	+0.952	+0.948	+0.953	+0.927	+0.884	+0.885	+0.975	+0.976	
rs7165979      +5.413	+3.634	+5.619	+5.408	+3.820	+1.521	+5.348	+5.979	+1.140	+1.033	+1.727	+5.681	+4.203	+4.328	+1.090	+1.140	+4.330	+0.829	+4.833	+0.884	+1.904	+3.999	+2.085	+5.956	+6.434	+6.524	+2.236	+4.385	+6.229	+2.301	+0.670	+2.110	+1.532	+1.471	+2.379	+2.680	+1.533	+2.862	+2.010	+2.194	+6.231	+1.451	+2.275	+1.668	+2.742	+1.866	+1.914	+2.175	+1.970	+6.276	+6.212	+2.623	+2.028	+1.178	+1.836	+2.801	+6.872	+6.885	+6.019	+2.308	+3.840	+4.757	+2.111	+4.321	+2.585	+5.004	+5.038	+2.035	+1.971	+1.303	+1.504	+4.880	+4.919	+4.059	+5.014	+0.505	+6.854	+1.500	+2.298	+1.376	+14.846	+14.763	+14.639	+14.005	+14.477	+14.467	+13.973	+14.489	+14.649	+14.348	+14.046	+13.913	+14.417	+13.528	+14.113	+14.662	+14.101	+14.732	+14.695	+14.546	+14.556	+14.813	+14.596	+14.902	+14.904	+17.535	+17.705	+17.726	+17.709	+17.714	+17.737	+17.769	+17.960	+17.954	+17.730	+17.727	+17.653	+18.731	+14.681	+13.858	+13.673	+13.657	+13.801	+13.646	+13.503	+13.748	+13.726	+12.168	+12.676	+9.892	+9.729	+8.398	+8.232	+2.060	+1.792	+3.813	+2.498	+1.113	+4.095	+2.465	+3.939	+4.070	+4.336	+4.384	+4.049	+3.560	+0.650	+3.551	+3.757	+0.758	+3.817	+7.609	+4.520	+5.005	+6.387	+0.986	+9.323	+6.551	+5.700	+0.604	+0.582	+0.541	+0.604	+0.600	+0.604	+0.580	+0.539	+0.539	+0.625	+0.625	
rs10520674     +6.184	+4.818	+6.379	+6.180	+4.979	+1.872	+6.121	+6.984	+1.795	+1.727	+2.107	+6.436	+5.490	+5.528	+1.766	+1.790	+5.528	+1.820	+5.630	+1.730	+5.251	+5.217	+5.623	+6.711	+7.402	+7.485	+5.895	+5.569	+6.976	+6.110	+2.703	+3.031	+1.960	+1.951	+2.539	+2.806	+1.975	+2.977	+2.243	+2.412	+7.131	+1.972	+5.489	+2.026	+2.868	+2.147	+2.181	+2.410	+2.234	+7.232	+7.166	+6.127	+2.309	+2.185	+4.690	+2.918	+7.923	+7.941	+6.984	+5.589	+4.786	+5.564	+2.977	+5.377	+3.546	+4.335	+5.933	+2.281	+3.066	+1.998	+2.703	+6.043	+6.038	+3.924	+6.138	+1.580	+6.911	+2.539	+3.306	+2.387	+14.971	+14.888	+14.767	+14.144	+14.608	+14.599	+14.118	+14.620	+14.777	+14.483	+14.185	+14.057	+14.551	+13.686	+14.251	+14.790	+14.244	+14.860	+14.824	+14.677	+14.687	+14.939	+14.725	+15.026	+15.027	+17.645	+17.812	+17.833	+17.817	+17.822	+17.846	+17.877	+18.066	+18.060	+17.839	+17.835	+17.762	+18.824	+14.791	+13.978	+13.797	+13.781	+13.922	+13.770	+13.630	+13.870	+13.857	+12.277	+12.773	+10.064	+9.906	+8.635	+8.468	+3.290	+2.993	+5.032	+3.740	+2.037	+5.319	+3.702	+5.159	+5.294	+5.573	+5.617	+5.276	+4.921	+1.640	+4.888	+5.088	+1.876	+5.138	+8.556	+5.887	+6.387	+7.488	+2.071	+10.211	+7.661	+6.798	+1.608	+1.588	+1.548	+1.608	+1.606	+1.608	+1.589	+1.549	+1.550	+1.622	+1.622	
rs4887370      +6.001	+5.770	+6.083	+6.001	+5.705	+6.028	+6.018	+6.160	+5.927	+5.681	+6.436	+6.097	+5.666	+5.659	+5.934	+6.269	+5.656	+5.512	+5.950	+5.664	+6.399	+5.722	+6.255	+6.267	+6.484	+6.539	+6.091	+5.560	+6.482	+5.970	+6.937	+5.655	+6.351	+6.283	+7.016	+7.360	+6.336	+7.521	+6.742	+7.035	+7.234	+6.268	+5.740	+6.554	+7.334	+6.688	+6.726	+7.043	+6.829	+6.595	+6.557	+5.581	+6.952	+5.877	+6.281	+7.479	+6.971	+6.973	+6.433	+5.721	+6.101	+6.024	+5.664	+5.676	+5.474	+8.180	+6.108	+6.475	+5.714	+6.077	+6.098	+5.866	+6.087	+7.923	+6.130	+8.716	+10.714	+6.257	+5.668	+5.718	+19.439	+19.350	+19.231	+18.623	+19.074	+19.068	+18.607	+19.093	+19.250	+18.952	+18.671	+18.684	+19.017	+18.174	+18.733	+19.263	+18.669	+19.297	+19.265	+19.135	+19.145	+19.405	+19.195	+19.493	+19.494	+22.110	+22.278	+22.329	+22.302	+22.309	+22.332	+22.387	+22.568	+22.563	+22.326	+22.328	+22.254	+23.332	+19.646	+18.872	+18.688	+18.670	+18.813	+18.661	+18.537	+18.764	+18.754	+17.199	+17.617	+14.736	+14.588	+13.199	+13.022	+6.431	+6.338	+8.415	+6.740	+5.994	+8.719	+6.712	+8.516	+8.648	+8.890	+8.943	+8.627	+7.223	+5.447	+7.557	+7.894	+5.471	+7.299	+10.636	+8.087	+8.591	+9.192	+5.793	+11.957	+9.323	+8.706	+5.418	+5.397	+5.357	+5.418	+5.417	+5.418	+5.399	+5.363	+5.364	+5.427	+5.427	
rs2059588      +5.324	-0.421	+5.587	+5.318	-0.400	+5.611	+5.247	+5.849	+4.560	+4.203	+5.490	+5.666	-0.212	-0.348	+4.668	+3.598	-0.340	+3.247	+4.575	+4.149	-0.492	-0.368	-0.516	+5.929	+6.311	+6.443	-0.523	-0.351	+6.253	-0.524	+0.983	+1.243	+4.914	+4.761	+6.197	+6.535	+5.015	+6.594	+5.746	+5.591	+5.545	+4.844	-0.470	+4.803	+6.187	+5.301	+5.350	+5.417	+5.303	+5.971	+5.892	-0.360	+5.082	+0.029	-0.545	+6.586	+6.585	+6.612	+5.664	-0.466	+2.927	+4.265	+1.446	+3.523	+1.864	+8.861	+4.461	+5.920	-0.550	+3.764	-0.083	+3.976	+4.029	+7.686	+4.138	+1.229	+10.264	+0.342	+1.173	+0.220	+16.199	+16.115	+15.981	+15.297	+15.804	+15.796	+15.225	+15.822	+16.000	+15.676	+15.350	+15.243	+15.748	+14.708	+15.419	+16.012	+15.349	+16.054	+16.017	+15.888	+15.899	+16.177	+15.959	+16.275	+16.277	+19.051	+19.230	+19.277	+19.239	+19.244	+19.270	+19.320	+19.518	+19.512	+19.263	+19.257	+19.180	+20.364	+16.562	+15.741	+15.519	+15.500	+15.663	+15.488	+15.337	+15.607	+15.633	+14.246	+14.806	+11.593	+11.406	+9.752	+9.603	+0.654	+0.427	+2.578	+1.073	+0.133	+2.883	+1.042	+2.705	+2.835	+3.086	+3.141	+2.808	+1.974	-0.575	+1.998	+2.284	-0.524	+2.179	+6.767	+2.920	+3.447	+5.005	-0.289	+8.540	+5.155	+4.310	-0.570	-0.592	-0.636	-0.570	-0.574	-0.569	-0.594	-0.638	-0.637	-0.546	-0.546	
rs1110306      +5.309	-0.373	+5.571	+5.303	-0.371	+5.879	+5.238	+5.799	+4.726	+4.328	+5.528	+5.659	-0.348	-0.184	+4.800	+3.710	-0.320	+3.363	+4.568	+4.271	-0.461	-0.352	-0.484	+5.922	+6.290	+6.425	-0.492	-0.344	+6.238	-0.494	+1.175	+1.252	+5.077	+4.914	+6.384	+6.656	+5.109	+6.745	+5.792	+5.736	+5.540	+4.885	-0.456	+4.917	+6.334	+5.351	+5.457	+5.593	+5.487	+5.942	+5.864	-0.352	+5.240	+0.048	-0.523	+6.717	+6.549	+6.569	+5.636	-0.453	+2.933	+4.265	+1.457	+3.500	+1.879	+8.956	+4.456	+5.961	-0.518	+3.837	-0.014	+3.947	+4.015	+7.798	+4.125	+1.288	+10.368	+0.357	+1.188	+0.238	+16.273	+16.188	+16.054	+15.366	+15.873	+15.866	+15.300	+15.887	+16.067	+15.730	+15.414	+15.311	+15.802	+14.759	+15.484	+16.085	+15.405	+16.124	+16.091	+15.944	+15.955	+16.252	+16.017	+16.350	+16.351	+19.117	+19.297	+19.350	+19.306	+19.311	+19.337	+19.393	+19.594	+19.588	+19.330	+19.324	+19.248	+20.439	+16.637	+15.813	+15.590	+15.571	+15.734	+15.559	+15.418	+15.678	+15.715	+14.228	+14.776	+11.588	+11.408	+9.761	+9.612	+0.675	+0.449	+2.599	+1.093	+0.166	+2.905	+1.062	+2.725	+2.856	+3.106	+3.161	+2.829	+1.988	-0.548	+2.014	+2.300	-0.499	+2.191	+6.783	+2.932	+3.458	+5.014	-0.264	+8.551	+5.164	+4.323	-0.544	-0.566	-0.610	-0.544	-0.548	-0.543	-0.568	-0.611	-0.611	-0.520	-0.520	
rs1128994      +5.671	+4.485	+5.873	+5.666	+4.670	+1.464	+5.605	+5.880	+1.277	+1.090	+1.766	+5.934	+4.668	+4.800	+1.328	+1.251	+4.792	+1.119	+5.030	+1.082	+2.258	+4.467	+2.442	+6.150	+6.269	+6.395	+2.596	+4.858	+6.456	+2.666	+0.980	+2.387	+1.621	+1.572	+2.438	+2.750	+1.615	+2.910	+2.041	+2.245	+6.486	+1.547	+2.611	+1.732	+2.787	+1.940	+1.985	+2.222	+2.024	+6.171	+6.108	+2.971	+2.077	+1.467	+2.162	+2.849	+6.780	+6.792	+5.919	+2.654	+4.113	+4.987	+2.366	+4.248	+2.615	+4.511	+5.321	+1.969	+2.330	+1.457	+1.888	+4.771	+4.853	+4.212	+4.945	+0.776	+6.939	+1.596	+2.585	+1.669	+14.821	+14.738	+14.615	+13.982	+14.453	+14.444	+13.948	+14.465	+14.625	+14.324	+14.023	+13.890	+14.393	+13.504	+14.090	+14.637	+14.077	+14.707	+14.670	+14.521	+14.531	+14.789	+14.572	+14.877	+14.879	+17.517	+17.686	+17.708	+17.692	+17.696	+17.720	+17.752	+17.942	+17.936	+17.713	+17.709	+17.636	+18.712	+14.672	+13.850	+13.667	+13.650	+13.794	+13.639	+13.497	+13.741	+13.720	+12.330	+12.829	+10.057	+9.896	+8.592	+8.422	+2.416	+2.145	+4.180	+2.857	+1.340	+4.462	+2.822	+4.306	+4.438	+4.710	+4.757	+4.418	+3.834	+0.944	+3.932	+4.134	+1.055	+4.196	+7.889	+4.799	+5.285	+6.641	+1.213	+9.630	+6.813	+5.963	+0.888	+0.864	+0.822	+0.888	+0.884	+0.889	+0.863	+0.820	+0.820	+0.912	+0.912	
rs7168040      +6.005	+3.436	+6.208	+6.000	+3.588	+1.502	+5.938	+6.192	+1.292	+1.140	+1.790	+6.269	+3.598	+3.710	+1.251	+1.349	+3.710	+0.966	+5.335	+1.088	+3.314	+3.455	+3.590	+6.474	+6.577	+6.709	+3.821	+3.753	+6.793	+3.938	+1.333	+2.568	+1.623	+1.568	+3.018	+3.175	+1.620	+3.186	+2.067	+2.543	+6.613	+1.546	+3.603	+1.903	+3.017	+1.938	+1.984	+2.308	+2.145	+6.462	+6.397	+4.114	+2.166	+1.628	+2.943	+3.124	+7.137	+7.150	+6.211	+3.680	+4.227	+5.293	+2.586	+4.536	+2.838	+4.286	+5.689	+2.054	+1.864	+1.651	+1.518	+5.103	+5.177	+3.804	+5.278	+0.793	+7.429	+1.697	+2.677	+1.856	+14.795	+14.712	+14.589	+13.953	+14.427	+14.417	+13.898	+14.439	+14.600	+14.299	+13.996	+13.861	+14.368	+13.472	+14.063	+14.612	+14.047	+14.682	+14.644	+14.496	+14.506	+14.764	+14.546	+14.853	+14.854	+17.501	+17.671	+17.692	+17.676	+17.681	+17.705	+17.736	+17.928	+17.922	+17.698	+17.693	+17.620	+18.702	+14.661	+13.839	+13.652	+13.635	+13.780	+13.624	+13.480	+13.727	+13.714	+12.298	+12.805	+10.027	+9.864	+8.562	+8.393	+2.446	+2.162	+4.203	+2.893	+1.341	+4.480	+2.853	+4.328	+4.460	+4.732	+4.783	+4.442	+3.937	+0.910	+4.012	+4.263	+1.104	+4.303	+7.966	+4.937	+5.460	+6.665	+1.233	+9.704	+6.848	+5.995	+0.890	+0.868	+0.827	+0.890	+0.887	+0.890	+0.867	+0.825	+0.826	+0.910	+0.910	
rs7174995      +5.313	-0.379	+5.575	+5.307	-0.378	+5.740	+5.235	+5.806	+4.679	+4.330	+5.528	+5.656	-0.340	-0.320	+4.792	+3.710	-0.177	+3.367	+4.573	+4.275	-0.447	-0.331	-0.475	+5.930	+6.313	+6.449	-0.485	-0.340	+6.253	-0.488	+1.148	+1.254	+5.022	+4.882	+6.312	+6.646	+5.092	+6.697	+5.754	+5.695	+5.543	+4.883	-0.452	+4.912	+6.288	+5.322	+5.368	+5.506	+5.401	+5.949	+5.870	-0.351	+5.165	+0.053	-0.516	+6.703	+6.557	+6.578	+5.640	-0.450	+2.934	+4.265	+1.458	+3.503	+1.879	+8.864	+4.457	+5.939	-0.512	+3.808	-0.017	+3.950	+4.017	+7.792	+4.126	+1.313	+10.353	+0.360	+1.192	+0.243	+16.266	+16.182	+16.048	+15.361	+15.868	+15.860	+15.292	+15.880	+16.060	+15.724	+15.408	+15.305	+15.795	+14.753	+15.477	+16.079	+15.398	+16.117	+16.085	+15.937	+15.948	+16.245	+16.011	+16.343	+16.345	+19.109	+19.289	+19.343	+19.298	+19.303	+19.329	+19.387	+19.587	+19.581	+19.322	+19.317	+19.241	+20.428	+16.624	+15.800	+15.577	+15.558	+15.721	+15.546	+15.405	+15.665	+15.701	+14.225	+14.772	+11.591	+11.411	+9.762	+9.613	+0.679	+0.454	+2.603	+1.097	+0.173	+2.909	+1.066	+2.730	+2.860	+3.111	+3.165	+2.834	+1.992	-0.541	+2.019	+2.304	-0.493	+2.194	+6.788	+2.935	+3.461	+5.016	-0.258	+8.555	+5.166	+4.325	-0.537	-0.559	-0.603	-0.537	-0.541	-0.536	-0.561	-0.605	-0.604	-0.514	-0.513	
rs7175374      +5.238	+2.745	+5.449	+5.233	+2.925	+2.013	+5.172	+5.746	+1.232	+0.829	+1.820	+5.512	+3.247	+3.363	+1.119	+0.966	+3.367	+0.597	+4.602	+0.822	+1.282	+3.060	+1.447	+5.758	+6.159	+6.283	+1.587	+3.423	+6.055	+1.641	+0.192	+1.811	+1.588	+1.525	+2.556	+2.873	+1.571	+3.011	+2.126	+2.328	+5.959	+1.460	+1.671	+1.698	+2.863	+1.903	+1.957	+2.203	+2.007	+6.043	+5.978	+1.994	+2.052	+0.798	+1.259	+2.951	+6.641	+6.654	+5.781	+1.700	+3.522	+4.542	+1.844	+4.031	+2.306	+5.601	+4.811	+2.314	+1.337	+1.200	+0.872	+4.545	+4.622	+4.478	+4.722	+0.114	+7.131	+1.102	+1.932	+1.000	+14.705	+14.622	+14.497	+13.854	+14.332	+14.323	+13.802	+14.345	+14.508	+14.202	+13.897	+13.758	+14.272	+13.356	+13.965	+14.520	+13.947	+14.590	+14.552	+14.403	+14.413	+14.674	+14.454	+14.764	+14.765	+17.422	+17.593	+17.615	+17.597	+17.601	+17.625	+17.658	+17.851	+17.844	+17.618	+17.614	+17.540	+18.631	+14.585	+13.758	+13.569	+13.552	+13.698	+13.540	+13.396	+13.644	+13.630	+12.084	+12.605	+9.781	+9.614	+8.248	+8.085	+1.646	+1.381	+3.418	+2.090	+0.687	+3.695	+2.053	+3.543	+3.673	+3.940	+3.993	+3.652	+3.125	+0.225	+3.123	+3.336	+0.338	+3.392	+7.275	+4.094	+4.584	+5.926	+0.536	+9.017	+6.087	+5.232	+0.190	+0.168	+0.128	+0.190	+0.186	+0.190	+0.167	+0.127	+0.127	+0.209	+0.210	
rs55872905     +5.607	+4.651	+5.832	+5.602	+4.601	+5.210	+5.554	+5.828	+5.094	+4.833	+5.630	+5.950	+4.575	+4.568	+5.030	+5.335	+4.573	+4.602	+5.142	+4.763	+5.178	+4.639	+5.058	+6.564	+6.231	+6.320	+4.927	+4.518	+6.618	+4.834	+5.729	+4.608	+5.492	+5.463	+6.219	+6.507	+5.475	+6.728	+5.891	+6.173	+6.677	+5.409	+4.651	+5.688	+6.547	+5.831	+5.870	+6.177	+5.965	+6.232	+6.183	+4.529	+6.084	+4.801	+5.076	+6.688	+6.679	+6.684	+6.025	+4.634	+5.356	+5.433	+4.604	+4.964	+4.641	+7.450	+5.560	+5.671	+4.654	+5.244	+4.993	+5.224	+5.491	+7.131	+5.544	+7.372	+9.983	+4.976	+4.797	+4.702	+18.745	+18.657	+18.537	+17.919	+18.379	+18.373	+17.911	+18.397	+18.555	+18.255	+17.966	+17.973	+18.320	+17.467	+18.028	+18.570	+17.972	+18.605	+18.574	+18.440	+18.450	+18.713	+18.501	+18.802	+18.803	+21.427	+21.595	+21.646	+21.617	+21.623	+21.646	+21.701	+21.884	+21.879	+21.641	+21.637	+21.568	+22.649	+18.923	+18.141	+17.957	+17.939	+18.083	+17.930	+17.804	+18.033	+18.021	+16.465	+16.893	+13.994	+13.843	+12.448	+12.271	+5.544	+5.439	+7.529	+5.867	+5.087	+7.838	+5.838	+7.641	+7.774	+8.015	+8.066	+7.754	+6.382	+4.515	+6.699	+7.026	+4.535	+6.472	+9.953	+7.262	+7.766	+8.474	+4.858	+11.318	+8.616	+7.969	+4.486	+4.465	+4.425	+4.486	+4.485	+4.486	+4.467	+4.430	+4.431	+4.496	+4.497	
rs4887373      +5.396	+3.577	+5.603	+5.391	+3.762	+1.556	+5.332	+5.947	+1.120	+0.884	+1.730	+5.664	+4.149	+4.271	+1.082	+1.088	+4.275	+0.822	+4.763	+0.961	+1.870	+3.945	+2.054	+5.898	+6.348	+6.476	+2.211	+4.583	+6.197	+2.282	+0.617	+2.066	+1.525	+1.456	+2.407	+2.730	+1.529	+2.893	+2.028	+2.200	+6.171	+1.441	+2.252	+1.652	+2.762	+1.864	+1.914	+2.172	+1.968	+6.216	+6.152	+2.607	+2.012	+1.119	+1.811	+2.832	+6.835	+6.847	+5.959	+2.288	+3.778	+4.715	+2.068	+4.278	+2.534	+5.290	+5.008	+2.060	+2.024	+1.269	+1.522	+4.813	+4.875	+4.242	+4.971	+0.440	+6.929	+1.436	+2.234	+1.318	+14.760	+14.677	+14.553	+13.916	+14.390	+14.380	+13.880	+14.402	+14.563	+14.260	+13.958	+13.822	+14.330	+13.428	+14.025	+14.576	+14.011	+14.646	+14.608	+14.459	+14.469	+14.728	+14.510	+14.817	+14.819	+17.463	+17.633	+17.655	+17.637	+17.642	+17.665	+17.697	+17.889	+17.883	+17.658	+17.654	+17.580	+18.663	+14.616	+13.791	+13.605	+13.588	+13.734	+13.577	+13.434	+13.680	+13.662	+12.115	+12.629	+9.837	+9.673	+8.333	+8.169	+2.040	+1.771	+3.801	+2.481	+1.020	+4.082	+2.446	+3.927	+4.059	+4.328	+4.377	+4.039	+3.520	+0.580	+3.522	+3.728	+0.699	+3.781	+7.542	+4.482	+4.969	+6.284	+0.904	+9.267	+6.447	+5.591	+0.537	+0.515	+0.474	+0.537	+0.533	+0.537	+0.514	+0.473	+0.474	+0.556	+0.557	
rs1991287      +6.001	-0.601	+6.299	+5.994	-0.521	+2.879	+5.916	+6.700	+2.237	+1.904	+5.251	+6.399	-0.492	-0.461	+2.258	+3.314	-0.447	+1.282	+5.178	+1.870	-0.454	-0.541	-0.531	+6.702	+7.294	+7.462	-0.484	-0.431	+7.062	-0.509	+1.094	+1.192	+4.735	+4.552	+6.029	+6.358	+4.867	+6.378	+5.480	+5.320	+5.782	+4.548	-0.387	+4.496	+5.934	+4.965	+5.019	+5.110	+5.024	+6.627	+6.531	-0.114	+4.744	-0.142	-0.615	+6.342	+7.389	+7.435	+6.278	-0.376	+2.944	+4.481	+1.369	+3.931	+1.793	+6.075	+4.786	+3.415	-0.814	+2.030	-0.762	+4.476	+4.367	+5.295	+4.490	+1.102	+10.159	+0.279	+1.068	+0.062	+15.962	+15.878	+15.743	+15.057	+15.565	+15.557	+14.983	+15.584	+15.762	+15.435	+15.109	+15.001	+15.508	+14.464	+15.179	+15.774	+15.112	+15.820	+15.781	+15.647	+15.658	+15.938	+15.717	+16.036	+16.037	+18.811	+18.992	+19.034	+19.000	+19.005	+19.030	+19.078	+19.275	+19.270	+19.023	+19.018	+18.940	+20.127	+16.283	+15.447	+15.232	+15.212	+15.375	+15.200	+15.047	+15.319	+15.305	+13.822	+14.384	+11.184	+10.997	+9.358	+9.209	+0.445	+0.208	+2.332	+0.871	-0.120	+2.630	+0.840	+2.458	+2.588	+2.840	+2.894	+2.562	+1.814	-0.813	+1.811	+2.078	-0.752	+2.042	+6.585	+2.766	+3.285	+4.896	-0.524	+8.391	+5.050	+4.185	-0.801	-0.824	-0.868	-0.802	-0.806	-0.801	-0.826	-0.870	-0.870	-0.778	-0.777	
rs1991286      +5.373	-0.460	+5.638	+5.367	-0.419	+5.384	+5.295	+5.878	+4.365	+3.999	+5.217	+5.722	-0.368	-0.352	+4.467	+3.455	-0.331	+3.060	+4.639	+3.945	-0.541	-0.257	-0.557	+6.019	+6.417	+6.557	-0.557	-0.333	+6.348	-0.558	+0.868	+1.223	+4.756	+4.595	+6.029	+6.373	+4.860	+6.436	+5.502	+5.435	+5.564	+4.600	-0.488	+4.648	+6.028	+5.056	+5.103	+5.268	+5.143	+6.019	+5.939	-0.368	+4.930	-0.005	-0.582	+6.425	+6.642	+6.670	+5.705	-0.485	+2.915	+4.278	+1.421	+3.552	+1.844	+8.564	+4.488	+5.639	-0.600	+3.558	-0.195	+4.013	+4.049	+7.517	+4.159	+1.097	+10.119	+0.323	+1.145	+0.188	+16.137	+16.053	+15.920	+15.235	+15.741	+15.734	+15.164	+15.759	+15.937	+15.613	+15.286	+15.180	+15.685	+14.646	+15.356	+15.951	+15.287	+15.992	+15.956	+15.824	+15.836	+16.115	+15.896	+16.213	+16.215	+18.988	+19.168	+19.215	+19.177	+19.182	+19.207	+19.258	+19.456	+19.450	+19.201	+19.195	+19.118	+20.301	+16.494	+15.672	+15.451	+15.433	+15.595	+15.420	+15.270	+15.539	+15.565	+14.083	+14.639	+11.452	+11.267	+9.626	+9.477	+0.613	+0.384	+2.529	+1.033	+0.088	+2.833	+1.002	+2.655	+2.786	+3.036	+3.091	+2.759	+1.941	-0.619	+1.961	+2.244	-0.567	+2.150	+6.735	+2.889	+3.414	+4.982	-0.332	+8.511	+5.133	+4.286	-0.614	-0.636	-0.680	-0.614	-0.618	-0.613	-0.638	-0.682	-0.681	-0.591	-0.591	
rs3784406      +5.852	-0.601	+6.145	+5.846	-0.532	+3.087	+5.781	+6.533	+2.414	+2.085	+5.623	+6.255	-0.516	-0.484	+2.442	+3.590	-0.475	+1.447	+5.058	+2.054	-0.531	-0.557	-0.399	+6.561	+7.106	+7.268	-0.523	-0.463	+6.905	-0.534	+1.573	+1.189	+5.059	+4.880	+6.371	+6.692	+5.210	+6.694	+5.838	+5.623	+5.714	+4.895	-0.423	+4.791	+6.238	+5.296	+5.349	+5.394	+5.321	+6.507	+6.413	-0.199	+5.013	-0.110	-0.607	+6.652	+7.259	+7.290	+6.173	-0.416	+2.925	+4.427	+1.370	+3.838	+1.791	+6.288	+4.713	+3.616	-0.773	+2.176	-0.676	+4.375	+4.291	+5.476	+4.414	+1.422	+10.440	+0.280	+1.080	+0.090	+16.112	+16.027	+15.891	+15.203	+15.712	+15.705	+15.127	+15.732	+15.910	+15.583	+15.256	+15.149	+15.655	+14.606	+15.326	+15.922	+15.258	+15.969	+15.930	+15.797	+15.808	+16.088	+15.867	+16.186	+16.188	+18.964	+19.146	+19.189	+19.154	+19.159	+19.185	+19.233	+19.430	+19.425	+19.178	+19.173	+19.094	+20.286	+16.450	+15.614	+15.399	+15.379	+15.542	+15.366	+15.212	+15.486	+15.472	+14.014	+14.577	+11.358	+11.169	+9.516	+9.367	+0.485	+0.252	+2.376	+0.908	-0.058	+2.675	+0.877	+2.502	+2.632	+2.883	+2.938	+2.605	+1.836	-0.759	+1.840	+2.110	-0.703	+2.061	+6.612	+2.786	+3.305	+4.907	-0.473	+8.410	+5.060	+4.201	-0.748	-0.771	-0.815	-0.748	-0.752	-0.747	-0.773	-0.817	-0.817	-0.724	-0.723	
rs62019264     +6.179	+6.026	+6.244	+6.178	+5.964	+6.300	+6.170	+6.365	+6.198	+5.956	+6.711	+6.267	+5.929	+5.922	+6.150	+6.474	+5.930	+5.758	+6.564	+5.898	+6.702	+6.019	+6.561	+6.390	+6.559	+6.632	+6.495	+5.907	+6.573	+6.357	+7.292	+5.936	+6.578	+6.554	+7.282	+7.563	+6.564	+7.786	+6.960	+7.242	+7.341	+6.499	+6.043	+6.774	+7.595	+6.907	+6.945	+7.252	+7.043	+6.738	+6.704	+5.876	+7.162	+6.093	+6.586	+7.748	+7.132	+7.133	+6.588	+6.017	+6.272	+6.226	+5.977	+5.927	+5.745	+8.401	+6.325	+6.714	+5.998	+6.324	+6.380	+6.081	+6.308	+8.091	+6.346	+9.043	+10.935	+6.677	+5.924	+5.984	+19.811	+19.722	+19.603	+18.994	+19.445	+19.440	+18.978	+19.463	+19.620	+19.321	+19.040	+19.061	+19.385	+18.547	+19.102	+19.636	+19.036	+19.666	+19.637	+19.504	+19.514	+19.778	+19.565	+19.865	+19.867	+22.480	+22.648	+22.703	+22.674	+22.681	+22.704	+22.761	+22.943	+22.938	+22.698	+22.695	+22.626	+23.706	+20.030	+19.257	+19.076	+19.058	+19.202	+19.048	+18.925	+19.152	+19.139	+17.588	+18.002	+15.107	+14.958	+13.561	+13.381	+6.700	+6.612	+8.675	+7.008	+6.295	+8.977	+6.979	+8.777	+8.908	+9.150	+9.204	+8.891	+7.477	+5.732	+7.816	+8.149	+5.743	+7.552	+10.960	+8.343	+8.841	+9.453	+6.073	+12.230	+9.590	+8.973	+5.703	+5.682	+5.641	+5.703	+5.702	+5.703	+5.684	+5.647	+5.648	+5.712	+5.713	
rs4887374      +6.385	+6.267	+6.462	+6.383	+6.198	+6.704	+6.359	+6.408	+6.314	+6.434	+7.402	+6.484	+6.311	+6.290	+6.269	+6.577	+6.313	+6.159	+6.231	+6.348	+7.294	+6.417	+7.106	+6.559	+6.595	+6.659	+7.051	+6.278	+6.738	+6.884	+7.983	+6.037	+7.240	+7.216	+7.362	+7.643	+7.217	+7.866	+7.697	+7.329	+7.658	+7.138	+6.469	+6.876	+7.666	+7.646	+7.693	+7.346	+7.136	+6.685	+6.654	+6.259	+7.259	+6.213	+7.166	+7.824	+7.052	+7.052	+6.551	+6.434	+6.557	+6.532	+6.031	+6.181	+5.974	+9.180	+6.641	+7.326	+6.403	+6.904	+6.830	+6.153	+6.293	+8.115	+6.325	+9.926	+10.944	+7.947	+6.155	+6.136	+19.857	+19.768	+19.648	+19.040	+19.490	+19.484	+19.020	+19.503	+19.661	+19.361	+19.081	+19.097	+19.425	+18.596	+19.143	+19.677	+19.074	+19.705	+19.676	+19.544	+19.554	+19.819	+19.606	+19.906	+19.908	+22.523	+22.690	+22.746	+22.721	+22.728	+22.751	+22.810	+22.987	+22.987	+22.746	+22.743	+22.675	+23.756	+20.123	+19.352	+19.170	+19.152	+19.296	+19.143	+19.021	+19.247	+19.233	+18.786	+19.216	+16.046	+15.892	+14.425	+14.235	+6.903	+6.812	+8.890	+7.212	+6.487	+9.195	+7.183	+8.994	+9.125	+9.365	+9.415	+9.106	+7.579	+5.949	+8.051	+8.388	+5.947	+7.795	+11.297	+8.437	+8.932	+9.693	+6.170	+12.630	+9.838	+9.226	+5.926	+5.901	+5.850	+5.925	+5.922	+5.926	+5.900	+5.851	+5.852	+5.946	+5.946	
rs3784405      +6.450	+6.399	+6.519	+6.448	+6.328	+6.789	+6.427	+6.495	+6.404	+6.524	+7.485	+6.539	+6.443	+6.425	+6.395	+6.709	+6.449	+6.283	+6.320	+6.476	+7.462	+6.557	+7.268	+6.632	+6.659	+6.698	+7.217	+6.414	+6.778	+7.044	+8.163	+6.162	+7.380	+7.300	+7.444	+7.786	+7.355	+7.945	+7.841	+7.469	+7.744	+7.275	+6.608	+7.008	+7.741	+7.792	+7.840	+7.488	+7.273	+6.756	+6.726	+6.387	+7.398	+6.318	+7.329	+7.906	+7.087	+7.088	+6.629	+6.567	+6.654	+6.622	+6.147	+6.301	+6.080	+9.267	+6.704	+7.420	+6.542	+7.000	+6.977	+6.244	+6.366	+8.241	+6.396	+10.126	+11.027	+8.044	+6.255	+6.242	+19.911	+19.823	+19.702	+19.095	+19.545	+19.538	+19.076	+19.558	+19.715	+19.416	+19.136	+19.152	+19.480	+18.653	+19.198	+19.732	+19.129	+19.759	+19.731	+19.598	+19.608	+19.873	+19.661	+19.961	+19.962	+22.584	+22.750	+22.806	+22.781	+22.789	+22.811	+22.870	+23.047	+23.046	+22.806	+22.808	+22.736	+23.817	+20.189	+19.420	+19.238	+19.220	+19.364	+19.211	+19.087	+19.315	+19.299	+18.850	+19.277	+16.116	+15.960	+14.495	+14.306	+6.969	+6.878	+8.932	+7.273	+6.585	+9.236	+7.244	+9.035	+9.165	+9.402	+9.451	+9.145	+7.638	+6.052	+8.103	+8.438	+6.050	+7.856	+11.310	+8.488	+8.981	+9.729	+6.271	+12.625	+9.870	+9.273	+6.027	+6.002	+5.952	+6.027	+6.023	+6.027	+6.001	+5.953	+5.954	+6.047	+6.048	
rs3784404      +5.711	-0.590	+5.997	+5.705	-0.533	+3.277	+5.631	+6.351	+2.578	+2.236	+5.895	+6.091	-0.523	-0.492	+2.596	+3.821	-0.485	+1.587	+4.927	+2.211	-0.484	-0.557	-0.523	+6.495	+7.051	+7.217	-0.352	-0.463	+6.854	-0.500	+2.244	+1.192	+5.328	+5.206	+6.712	+6.978	+5.447	+7.009	+6.123	+5.916	+5.685	+5.162	-0.451	+5.046	+6.535	+5.568	+5.617	+5.659	+5.605	+6.355	+6.264	-0.265	+5.255	-0.075	-0.595	+6.942	+7.079	+7.108	+6.027	-0.444	+2.918	+4.376	+1.376	+3.743	+1.796	+6.422	+4.639	+3.749	-0.738	+2.273	-0.611	+4.267	+4.220	+5.597	+4.345	+1.583	+10.636	+0.288	+1.093	+0.119	+16.255	+16.169	+16.033	+15.341	+15.852	+15.844	+15.272	+15.867	+16.047	+15.706	+15.389	+15.287	+15.778	+14.725	+15.460	+16.064	+15.379	+16.105	+16.072	+15.920	+15.931	+16.231	+15.994	+16.330	+16.331	+19.097	+19.279	+19.331	+19.288	+19.293	+19.318	+19.374	+19.575	+19.569	+19.312	+19.307	+19.229	+20.429	+16.602	+15.764	+15.548	+15.528	+15.692	+15.515	+15.371	+15.635	+15.630	+14.152	+14.706	+11.481	+11.298	+9.636	+9.487	+0.518	+0.287	+2.410	+0.939	-0.004	+2.709	+0.908	+2.536	+2.665	+2.916	+2.971	+2.639	+1.855	-0.714	+1.864	+2.135	-0.662	+2.077	+6.642	+2.803	+3.322	+4.918	-0.432	+8.429	+5.071	+4.216	-0.703	-0.726	-0.770	-0.703	-0.707	-0.703	-0.728	-0.772	-0.772	-0.679	-0.679	
rs6496463      +5.225	-0.387	+5.480	+5.219	-0.381	+5.859	+5.150	+5.689	+4.782	+4.385	+5.569	+5.560	-0.351	-0.344	+4.858	+3.753	-0.340	+3.423	+4.518	+4.583	-0.431	-0.333	-0.463	+5.907	+6.278	+6.414	-0.463	-0.157	+6.234	-0.464	+1.264	+1.271	+5.088	+4.972	+6.424	+6.719	+5.203	+6.807	+5.873	+5.794	+5.536	+4.953	-0.444	+4.980	+6.386	+5.414	+5.458	+5.594	+5.494	+5.892	+5.815	-0.346	+5.252	+0.081	-0.503	+6.789	+6.487	+6.506	+5.594	-0.441	+2.937	+4.260	+1.475	+3.481	+1.898	+9.173	+4.445	+5.989	-0.483	+3.990	+0.076	+3.926	+4.004	+8.031	+4.113	+1.323	+10.380	+0.371	+1.200	+0.265	+16.324	+16.240	+16.106	+15.420	+15.927	+15.920	+15.351	+15.945	+16.124	+15.800	+15.472	+15.367	+15.872	+14.829	+15.542	+16.138	+15.472	+16.180	+16.144	+16.014	+16.025	+16.306	+16.087	+16.405	+16.406	+19.191	+19.371	+19.419	+19.381	+19.386	+19.411	+19.463	+19.661	+19.655	+19.405	+19.399	+19.322	+20.510	+16.726	+15.907	+15.685	+15.666	+15.829	+15.653	+15.502	+15.773	+15.804	+14.330	+14.888	+11.678	+11.491	+9.835	+9.686	+0.697	+0.471	+2.620	+1.114	+0.195	+2.925	+1.082	+2.746	+2.876	+3.126	+3.181	+2.849	+2.007	-0.521	+2.033	+2.319	-0.474	+2.210	+6.819	+2.952	+3.478	+5.034	-0.237	+8.574	+5.185	+4.344	-0.517	-0.540	-0.584	-0.517	-0.521	-0.517	-0.542	-0.586	-0.585	-0.494	-0.494	
rs7162431      +6.429	+6.352	+6.466	+6.429	+6.282	+6.565	+6.430	+6.554	+6.469	+6.229	+6.976	+6.482	+6.253	+6.238	+6.456	+6.793	+6.253	+6.055	+6.618	+6.197	+7.062	+6.348	+6.905	+6.573	+6.738	+6.778	+6.854	+6.234	+6.693	+6.803	+7.592	+6.249	+6.890	+6.818	+7.543	+7.893	+6.874	+8.046	+7.277	+7.569	+7.492	+6.808	+6.371	+7.093	+7.852	+7.221	+7.260	+7.576	+7.364	+6.944	+6.913	+6.191	+7.487	+6.307	+6.932	+8.006	+7.285	+7.288	+6.799	+6.342	+6.493	+6.482	+6.286	+6.193	+6.025	+8.659	+6.553	+6.983	+6.310	+6.597	+6.698	+6.343	+6.544	+8.395	+6.579	+9.396	+11.194	+6.946	+6.201	+6.233	+20.053	+19.964	+19.844	+19.237	+19.687	+19.682	+19.220	+19.705	+19.862	+19.563	+19.283	+19.250	+19.627	+18.791	+19.345	+19.877	+19.278	+19.907	+19.878	+19.745	+19.755	+20.019	+19.807	+20.106	+20.108	+22.729	+22.896	+22.951	+22.923	+22.930	+22.953	+23.010	+23.191	+23.186	+22.947	+22.950	+22.875	+23.955	+20.287	+19.516	+19.334	+19.316	+19.460	+19.307	+19.183	+19.411	+19.392	+17.828	+18.240	+15.356	+15.208	+13.809	+13.628	+6.951	+6.874	+8.905	+7.253	+6.574	+9.207	+7.224	+9.005	+9.135	+9.375	+9.427	+9.116	+7.686	+6.023	+8.028	+8.360	+6.027	+7.749	+11.083	+8.525	+9.017	+9.595	+6.358	+12.325	+9.724	+9.127	+5.993	+5.973	+5.933	+5.993	+5.992	+5.993	+5.975	+5.939	+5.940	+6.001	+6.002	
rs6496464      +5.600	-0.592	+5.878	+5.594	-0.534	+3.365	+5.522	+6.214	+2.640	+2.301	+6.110	+5.970	-0.524	-0.494	+2.666	+3.938	-0.488	+1.641	+4.834	+2.282	-0.509	-0.558	-0.534	+6.357	+6.884	+7.044	-0.500	-0.464	+6.803	-0.351	+1.958	+1.197	+5.520	+5.390	+6.917	+7.170	+5.698	+7.181	+6.345	+6.075	+5.691	+5.350	-0.452	+5.195	+6.690	+5.734	+5.782	+5.799	+5.759	+6.272	+6.184	-0.270	+5.386	-0.062	-0.598	+7.119	+6.981	+7.006	+5.956	-0.445	+2.922	+4.349	+1.382	+3.694	+1.800	+6.522	+4.603	+3.833	-0.738	+2.317	-0.616	+4.208	+4.182	+5.675	+4.305	+1.518	+10.787	+0.291	+1.096	+0.131	+16.293	+16.208	+16.071	+15.378	+15.890	+15.882	+15.305	+15.910	+16.090	+15.759	+15.432	+15.300	+15.832	+14.775	+15.502	+16.102	+15.431	+16.148	+16.110	+15.974	+15.985	+16.269	+16.046	+16.368	+16.370	+19.150	+19.332	+19.378	+19.341	+19.346	+19.372	+19.422	+19.619	+19.614	+19.365	+19.360	+19.282	+20.480	+16.656	+15.820	+15.602	+15.582	+15.746	+15.570	+15.416	+15.690	+15.674	+14.192	+14.757	+11.525	+11.335	+9.666	+9.518	+0.520	+0.291	+2.413	+0.942	-0.003	+2.712	+0.911	+2.539	+2.669	+2.919	+2.974	+2.642	+1.856	-0.714	+1.865	+2.136	-0.662	+2.078	+6.643	+2.803	+3.322	+4.920	-0.432	+8.432	+5.073	+4.217	-0.702	-0.725	-0.769	-0.702	-0.707	-0.702	-0.727	-0.772	-0.771	-0.678	-0.678	
rs6496465      +6.535	+0.598	+6.827	+6.529	+0.809	+1.447	+6.472	+7.354	+1.020	+0.670	+2.703	+6.937	+0.983	+1.175	+0.980	+1.333	+1.148	+0.192	+5.729	+0.617	+1.094	+0.868	+1.573	+7.292	+7.983	+8.163	+2.244	+1.264	+7.592	+1.958	-0.549	+2.156	+2.323	+2.208	+3.539	+3.863	+2.370	+3.997	+3.030	+3.059	+5.803	+2.183	+1.329	+2.299	+3.707	+2.672	+2.732	+2.929	+2.760	+7.265	+7.171	+1.956	+2.643	+0.153	+0.733	+3.897	+8.097	+8.127	+6.945	+1.389	+3.440	+5.475	+1.885	+5.319	+2.353	+4.666	+5.972	+2.053	-0.320	+1.102	-0.739	+6.052	+5.684	+4.012	+5.843	-0.667	+8.037	+0.877	+1.358	+0.442	+14.842	+14.759	+14.628	+13.956	+14.453	+14.444	+13.902	+14.465	+14.638	+14.313	+14.000	+13.872	+14.385	+13.395	+14.069	+14.654	+14.030	+14.715	+14.679	+14.524	+14.535	+14.817	+14.587	+14.912	+14.914	+17.636	+17.812	+17.849	+17.817	+17.822	+17.847	+17.891	+18.089	+18.083	+17.840	+17.834	+17.759	+18.909	+14.927	+14.087	+13.885	+13.867	+14.024	+13.855	+13.711	+13.968	+13.961	+12.443	+12.984	+9.973	+9.798	+8.296	+8.140	+0.505	+0.249	+2.322	+0.959	-0.304	+2.616	+0.926	+2.453	+2.583	+2.844	+2.895	+2.558	+2.055	-0.903	+1.952	+2.187	-0.805	+2.311	+6.722	+3.027	+3.542	+5.164	-0.586	+8.565	+5.322	+4.417	-0.895	-0.917	-0.959	-0.895	-0.899	-0.894	-0.919	-0.961	-0.961	-0.872	-0.871	
