## Summary of overall evidence for association with region:
## log10(BF for region) = -0.309805
## p-value for region = NA

## BFs for choosing among multi-SNP models:
## log10(average 1-SNP BF) = -0.255492
## log10(average 2-SNP BF) = -0.444366

## Example posterior probabilities for multi-SNP models, based on default prior: [p(l) propto 0.5^l for l=1,2,...,L]
## posterior probability of 1-SNP = 0.755478
## posterior probability of 2-SNP = 0.244522

## log10(BF) for single SNP and pair of SNPs:
rs12767282     -0.352	-0.280	-0.413	-0.341	-0.408	-0.406	-0.430	-0.406	-0.594	-0.409	-0.587	-0.587	-0.753	-0.434	-0.265	-0.754	-0.434	-0.755	-0.316	-0.757	-0.760	-0.648	-0.650	-0.773	-0.557	-0.621	-0.169	-0.388	-0.221	-0.437	-0.183	-0.173	-0.428	-0.253	-0.611	-0.195	-0.303	-0.301	-0.710	-0.706	-0.300	-0.704	-0.666	-0.053	-0.164	-0.262	-0.374	-0.431	-0.331	-0.189	-0.739	-0.232	-0.465	-0.507	-0.775	-0.455	-0.810	-0.818	-0.804	-0.331	-0.774	-0.270	-0.285	-0.819	-0.289	-0.289	-0.289	-0.248	-0.768	-0.458	-0.804	-0.537	-0.771	-0.556	-0.688	-0.684	-0.776	-0.458	-0.456	-0.439	-0.459	-0.424	-0.407	-0.461	-0.685	-0.794	-0.787	-0.786	-0.758	-0.784	-0.768	-0.771	-0.770	-0.754	-0.723	-0.830	-0.831	-0.830	-0.723	-0.527	-0.830	-0.829	-0.829	-0.825	-0.828	-0.645	-0.712	-0.821	-0.774	-0.822	-0.676	-0.819	-0.673	-0.818	-0.673	-0.652	-0.651	-0.670	-0.672	-0.672	-0.745	-0.794	-0.769	-0.780	-0.821	-0.821	-0.824	-0.638	-0.578	-0.662	-0.689	-0.767	-0.772	-0.428	-0.428	-0.383	-0.551	-0.333	-0.329	-0.708	-0.588	-0.360	-0.615	-0.752	-0.755	-0.573	-0.723	-0.710	-0.723	-0.741	-0.462	-0.460	-0.476	-0.476	-0.479	-0.517	-0.464	-0.536	-0.490	-0.586	-0.602	
rs17152263     -0.280	+0.042	-0.135	-0.071	-0.130	-0.129	-0.151	-0.128	-0.133	-0.131	-0.146	-0.146	-0.273	-0.161	-0.276	-0.275	-0.161	-0.276	-0.056	-0.280	-0.285	-0.127	-0.130	-0.307	+0.020	-0.069	+0.048	-0.119	+0.034	-0.171	+0.068	+0.078	-0.173	-0.020	-0.055	+0.016	-0.058	-0.057	-0.209	-0.204	-0.058	-0.200	-0.143	+0.090	+0.082	-0.061	-0.111	-0.164	-0.081	+0.058	-0.300	-0.043	-0.172	-0.167	-0.380	-0.176	-0.490	-0.490	-0.491	-0.151	-0.470	-0.115	-0.125	-0.469	-0.127	-0.127	-0.127	-0.102	-0.466	-0.181	-0.428	-0.242	-0.468	-0.242	-0.397	-0.394	-0.376	-0.181	-0.231	-0.223	-0.181	-0.216	-0.208	-0.181	-0.403	-0.410	-0.396	-0.395	-0.352	-0.466	-0.429	-0.432	-0.431	-0.413	-0.381	-0.472	-0.477	-0.474	-0.379	-0.261	-0.472	-0.468	-0.468	-0.459	-0.465	-0.304	-0.363	-0.469	-0.420	-0.466	-0.324	-0.455	-0.321	-0.455	-0.320	-0.298	-0.296	-0.325	-0.325	-0.324	-0.397	-0.483	-0.463	-0.472	-0.494	-0.494	-0.505	-0.344	-0.295	-0.367	-0.391	-0.427	-0.433	-0.152	-0.152	-0.106	-0.286	-0.059	-0.055	-0.391	-0.319	-0.085	-0.344	-0.435	-0.437	-0.308	-0.364	-0.348	-0.363	-0.388	-0.175	-0.173	-0.187	-0.187	-0.190	-0.226	-0.193	-0.243	-0.196	-0.287	-0.302	
rs6602619      -0.413	-0.135	-0.071	-0.146	-0.180	-0.181	-0.192	-0.178	-0.369	-0.180	-0.366	-0.366	-0.359	-0.268	-0.459	-0.359	-0.268	-0.357	-0.165	-0.354	-0.350	-0.412	-0.412	-0.335	-0.404	-0.414	-0.048	-0.244	-0.132	-0.311	-0.091	-0.080	-0.255	-0.115	-0.415	-0.067	-0.151	-0.149	-0.413	-0.415	-0.148	-0.420	-0.428	+0.068	-0.165	-0.108	-0.329	-0.366	-0.294	-0.190	-0.460	-0.081	-0.266	-0.294	-0.461	-0.258	-0.269	-0.309	-0.478	-0.164	-0.496	-0.115	-0.129	-0.382	-0.131	-0.131	-0.131	-0.098	-0.500	-0.259	-0.458	-0.331	-0.499	-0.343	-0.493	-0.492	-0.493	-0.259	-0.279	-0.266	-0.260	-0.255	-0.242	-0.261	-0.500	-0.465	-0.491	-0.491	-0.500	-0.497	-0.502	-0.503	-0.503	-0.494	-0.471	-0.556	-0.556	-0.556	-0.470	-0.285	-0.556	-0.556	-0.556	-0.553	-0.555	-0.414	-0.464	-0.543	-0.524	-0.548	-0.436	-0.546	-0.434	-0.546	-0.434	-0.418	-0.417	-0.395	-0.398	-0.398	-0.476	-0.546	-0.466	-0.479	-0.533	-0.533	-0.526	-0.325	-0.263	-0.351	-0.381	-0.494	-0.498	-0.107	-0.107	-0.066	-0.255	-0.013	-0.008	-0.375	-0.290	-0.044	-0.321	-0.432	-0.433	-0.276	-0.442	-0.428	-0.442	-0.470	-0.162	-0.161	-0.176	-0.176	-0.180	-0.220	-0.158	-0.239	-0.211	-0.292	-0.309	
rs2482043      -0.341	-0.071	-0.146	+0.010	-0.141	-0.139	-0.137	-0.141	-0.294	-0.143	-0.291	-0.291	-0.228	-0.187	-0.392	-0.228	-0.187	-0.226	-0.096	-0.222	-0.217	-0.332	-0.332	-0.196	-0.337	-0.338	+0.016	-0.181	-0.111	-0.241	-0.076	-0.068	-0.193	-0.048	-0.341	-0.003	-0.083	-0.081	-0.308	-0.312	-0.080	-0.320	-0.335	+0.118	-0.132	-0.040	-0.279	-0.311	-0.245	-0.153	-0.379	-0.013	-0.194	-0.220	-0.378	-0.184	-0.171	-0.209	-0.381	-0.103	-0.405	-0.057	-0.070	-0.287	-0.072	-0.072	-0.072	-0.043	-0.411	-0.186	-0.373	-0.259	-0.410	-0.269	-0.415	-0.414	-0.407	-0.186	-0.215	-0.203	-0.187	-0.193	-0.181	-0.188	-0.423	-0.381	-0.402	-0.402	-0.416	-0.419	-0.424	-0.426	-0.425	-0.416	-0.394	-0.478	-0.479	-0.478	-0.393	-0.208	-0.479	-0.478	-0.478	-0.476	-0.477	-0.339	-0.387	-0.465	-0.447	-0.470	-0.360	-0.468	-0.358	-0.468	-0.358	-0.343	-0.341	-0.317	-0.320	-0.320	-0.398	-0.469	-0.387	-0.401	-0.455	-0.455	-0.447	-0.246	-0.183	-0.272	-0.302	-0.416	-0.421	-0.027	-0.027	+0.014	-0.175	+0.067	+0.071	-0.293	-0.211	+0.035	-0.241	-0.351	-0.352	-0.196	-0.364	-0.350	-0.364	-0.393	-0.081	-0.079	-0.095	-0.095	-0.098	-0.139	-0.077	-0.158	-0.133	-0.212	-0.229	
rs4750262      -0.408	-0.130	-0.180	-0.141	-0.066	-0.170	-0.178	-0.167	-0.364	-0.173	-0.361	-0.361	-0.351	-0.264	-0.454	-0.351	-0.265	-0.350	-0.160	-0.347	-0.343	-0.407	-0.407	-0.327	-0.400	-0.409	-0.044	-0.241	-0.133	-0.306	-0.092	-0.082	-0.251	-0.110	-0.410	-0.064	-0.146	-0.145	-0.407	-0.410	-0.144	-0.415	-0.423	+0.073	-0.163	-0.103	-0.326	-0.363	-0.291	-0.188	-0.455	-0.076	-0.261	-0.289	-0.456	-0.252	-0.263	-0.302	-0.472	-0.159	-0.490	-0.110	-0.124	-0.375	-0.126	-0.126	-0.126	-0.094	-0.494	-0.254	-0.452	-0.327	-0.494	-0.338	-0.488	-0.487	-0.487	-0.254	-0.274	-0.261	-0.255	-0.251	-0.238	-0.256	-0.495	-0.459	-0.485	-0.485	-0.494	-0.491	-0.496	-0.498	-0.497	-0.488	-0.465	-0.550	-0.551	-0.551	-0.464	-0.280	-0.551	-0.550	-0.550	-0.548	-0.550	-0.409	-0.458	-0.538	-0.519	-0.542	-0.430	-0.540	-0.429	-0.540	-0.428	-0.413	-0.412	-0.389	-0.392	-0.392	-0.470	-0.541	-0.460	-0.474	-0.527	-0.527	-0.520	-0.319	-0.257	-0.345	-0.375	-0.488	-0.492	-0.101	-0.101	-0.060	-0.249	-0.007	-0.002	-0.368	-0.285	-0.038	-0.315	-0.426	-0.427	-0.270	-0.437	-0.423	-0.436	-0.464	-0.156	-0.155	-0.170	-0.170	-0.174	-0.214	-0.152	-0.233	-0.206	-0.286	-0.304	
rs4750263      -0.406	-0.129	-0.181	-0.139	-0.170	-0.064	-0.179	-0.168	-0.362	-0.174	-0.359	-0.359	-0.348	-0.262	-0.452	-0.347	-0.263	-0.346	-0.158	-0.343	-0.339	-0.405	-0.405	-0.323	-0.398	-0.408	-0.043	-0.239	-0.133	-0.305	-0.092	-0.082	-0.249	-0.109	-0.408	-0.062	-0.144	-0.143	-0.404	-0.407	-0.142	-0.412	-0.420	+0.073	-0.163	-0.102	-0.324	-0.361	-0.290	-0.187	-0.453	-0.074	-0.259	-0.287	-0.453	-0.250	-0.260	-0.299	-0.469	-0.157	-0.487	-0.109	-0.122	-0.373	-0.125	-0.125	-0.125	-0.093	-0.492	-0.252	-0.450	-0.325	-0.491	-0.336	-0.486	-0.485	-0.485	-0.252	-0.273	-0.260	-0.253	-0.249	-0.237	-0.254	-0.493	-0.457	-0.482	-0.482	-0.492	-0.489	-0.494	-0.496	-0.495	-0.486	-0.463	-0.548	-0.549	-0.548	-0.462	-0.279	-0.549	-0.548	-0.548	-0.546	-0.548	-0.407	-0.456	-0.536	-0.517	-0.540	-0.428	-0.538	-0.427	-0.538	-0.426	-0.411	-0.410	-0.387	-0.390	-0.390	-0.468	-0.539	-0.458	-0.471	-0.525	-0.525	-0.518	-0.317	-0.255	-0.343	-0.373	-0.486	-0.490	-0.099	-0.099	-0.057	-0.246	-0.005	-0.000	-0.366	-0.282	-0.036	-0.313	-0.423	-0.425	-0.267	-0.435	-0.421	-0.434	-0.462	-0.154	-0.152	-0.168	-0.168	-0.171	-0.212	-0.150	-0.231	-0.203	-0.284	-0.301	
rs4747999      -0.430	-0.151	-0.192	-0.137	-0.178	-0.179	-0.091	-0.175	-0.387	-0.183	-0.384	-0.384	-0.386	-0.280	-0.474	-0.385	-0.281	-0.384	-0.181	-0.381	-0.378	-0.433	-0.433	-0.363	-0.421	-0.434	-0.064	-0.252	-0.134	-0.323	-0.091	-0.079	-0.273	-0.131	-0.434	-0.084	-0.167	-0.166	-0.436	-0.439	-0.165	-0.443	-0.449	+0.052	-0.172	-0.125	-0.340	-0.379	-0.306	-0.199	-0.481	-0.097	-0.284	-0.312	-0.483	-0.275	-0.296	-0.334	-0.499	-0.181	-0.516	-0.132	-0.146	-0.406	-0.148	-0.148	-0.148	-0.115	-0.520	-0.277	-0.480	-0.349	-0.519	-0.361	-0.511	-0.510	-0.513	-0.277	-0.296	-0.283	-0.277	-0.273	-0.260	-0.278	-0.518	-0.486	-0.511	-0.511	-0.519	-0.515	-0.520	-0.522	-0.521	-0.512	-0.489	-0.574	-0.575	-0.575	-0.488	-0.305	-0.575	-0.574	-0.574	-0.572	-0.574	-0.432	-0.482	-0.562	-0.543	-0.566	-0.454	-0.564	-0.452	-0.564	-0.452	-0.436	-0.435	-0.414	-0.416	-0.416	-0.494	-0.564	-0.485	-0.498	-0.552	-0.552	-0.545	-0.344	-0.282	-0.371	-0.400	-0.512	-0.516	-0.126	-0.126	-0.085	-0.274	-0.033	-0.028	-0.394	-0.310	-0.064	-0.340	-0.451	-0.453	-0.295	-0.461	-0.447	-0.460	-0.488	-0.182	-0.180	-0.196	-0.196	-0.199	-0.240	-0.178	-0.259	-0.230	-0.311	-0.329	
rs7093886      -0.406	-0.128	-0.178	-0.141	-0.167	-0.168	-0.175	-0.063	-0.362	-0.171	-0.358	-0.358	-0.348	-0.262	-0.452	-0.347	-0.263	-0.346	-0.158	-0.343	-0.339	-0.404	-0.404	-0.323	-0.397	-0.407	-0.042	-0.239	-0.133	-0.304	-0.092	-0.082	-0.248	-0.108	-0.408	-0.061	-0.144	-0.142	-0.404	-0.406	-0.141	-0.412	-0.420	+0.075	-0.162	-0.101	-0.324	-0.361	-0.289	-0.187	-0.452	-0.074	-0.259	-0.287	-0.453	-0.250	-0.259	-0.298	-0.469	-0.156	-0.487	-0.108	-0.121	-0.372	-0.124	-0.123	-0.123	-0.091	-0.491	-0.252	-0.449	-0.324	-0.491	-0.335	-0.485	-0.484	-0.485	-0.252	-0.272	-0.259	-0.252	-0.248	-0.236	-0.253	-0.493	-0.456	-0.482	-0.482	-0.491	-0.489	-0.494	-0.495	-0.495	-0.486	-0.463	-0.548	-0.548	-0.548	-0.462	-0.278	-0.548	-0.547	-0.547	-0.545	-0.547	-0.406	-0.456	-0.535	-0.516	-0.539	-0.428	-0.538	-0.426	-0.538	-0.426	-0.410	-0.409	-0.387	-0.389	-0.390	-0.468	-0.538	-0.458	-0.471	-0.525	-0.525	-0.517	-0.316	-0.254	-0.343	-0.373	-0.485	-0.490	-0.098	-0.098	-0.057	-0.246	-0.004	+0.000	-0.366	-0.282	-0.036	-0.312	-0.423	-0.425	-0.267	-0.434	-0.420	-0.433	-0.462	-0.153	-0.152	-0.168	-0.168	-0.171	-0.212	-0.149	-0.231	-0.203	-0.284	-0.301	
rs11257990     -0.594	-0.133	-0.369	-0.294	-0.364	-0.362	-0.387	-0.362	-0.338	-0.365	-0.437	-0.437	-0.677	-0.397	-0.553	-0.678	-0.397	-0.679	-0.182	-0.683	-0.687	-0.510	-0.512	-0.704	-0.379	-0.461	+0.139	-0.349	-0.167	-0.403	-0.130	-0.119	-0.422	-0.074	-0.450	+0.060	-0.175	-0.173	-0.620	-0.615	-0.173	-0.613	-0.567	+0.084	-0.122	-0.183	-0.346	-0.406	-0.300	-0.149	-0.662	-0.154	-0.462	-0.499	-0.725	-0.455	-0.818	-0.820	-0.796	-0.346	-0.767	-0.279	-0.296	-0.809	-0.300	-0.300	-0.300	-0.256	-0.762	-0.459	-0.770	-0.522	-0.764	-0.537	-0.676	-0.671	-0.726	-0.460	-0.458	-0.441	-0.461	-0.427	-0.410	-0.462	-0.685	-0.754	-0.754	-0.753	-0.717	-0.782	-0.763	-0.765	-0.764	-0.749	-0.719	-0.815	-0.818	-0.816	-0.718	-0.578	-0.816	-0.813	-0.813	-0.808	-0.811	-0.647	-0.704	-0.808	-0.765	-0.808	-0.667	-0.801	-0.665	-0.801	-0.664	-0.644	-0.642	-0.661	-0.662	-0.662	-0.734	-0.808	-0.772	-0.783	-0.816	-0.816	-0.822	-0.655	-0.603	-0.679	-0.704	-0.755	-0.759	-0.458	-0.458	-0.412	-0.587	-0.364	-0.360	-0.712	-0.622	-0.391	-0.648	-0.756	-0.759	-0.610	-0.704	-0.689	-0.703	-0.722	-0.495	-0.494	-0.508	-0.508	-0.511	-0.546	-0.506	-0.563	-0.509	-0.609	-0.624	
rs10795982     -0.409	-0.131	-0.180	-0.143	-0.173	-0.174	-0.183	-0.171	-0.365	-0.067	-0.362	-0.362	-0.352	-0.264	-0.455	-0.351	-0.264	-0.350	-0.161	-0.347	-0.343	-0.408	-0.408	-0.327	-0.400	-0.410	-0.046	-0.240	-0.132	-0.306	-0.091	-0.080	-0.252	-0.112	-0.411	-0.065	-0.147	-0.146	-0.407	-0.410	-0.145	-0.415	-0.423	+0.071	-0.164	-0.104	-0.326	-0.363	-0.292	-0.189	-0.456	-0.077	-0.262	-0.290	-0.457	-0.254	-0.264	-0.303	-0.473	-0.160	-0.491	-0.111	-0.125	-0.376	-0.127	-0.127	-0.127	-0.095	-0.495	-0.255	-0.454	-0.328	-0.494	-0.339	-0.489	-0.488	-0.489	-0.255	-0.275	-0.262	-0.256	-0.252	-0.239	-0.257	-0.496	-0.460	-0.486	-0.486	-0.495	-0.492	-0.497	-0.499	-0.499	-0.489	-0.466	-0.551	-0.552	-0.552	-0.465	-0.281	-0.552	-0.551	-0.551	-0.549	-0.551	-0.410	-0.459	-0.539	-0.520	-0.543	-0.432	-0.541	-0.430	-0.541	-0.430	-0.414	-0.413	-0.390	-0.393	-0.393	-0.471	-0.542	-0.461	-0.475	-0.528	-0.528	-0.521	-0.320	-0.258	-0.346	-0.376	-0.489	-0.493	-0.102	-0.102	-0.061	-0.250	-0.008	-0.004	-0.369	-0.286	-0.040	-0.316	-0.426	-0.428	-0.271	-0.438	-0.424	-0.437	-0.465	-0.157	-0.156	-0.172	-0.172	-0.175	-0.216	-0.154	-0.235	-0.207	-0.287	-0.305	
rs11257995     -0.587	-0.146	-0.366	-0.291	-0.361	-0.359	-0.384	-0.358	-0.437	-0.362	-0.329	-0.431	-0.667	-0.393	-0.548	-0.669	-0.394	-0.670	-0.192	-0.673	-0.677	-0.498	-0.501	-0.695	-0.367	-0.449	+0.125	-0.346	-0.163	-0.400	-0.126	-0.115	-0.421	-0.088	-0.438	+0.047	-0.182	-0.180	-0.610	-0.605	-0.180	-0.603	-0.557	+0.074	-0.118	-0.187	-0.343	-0.402	-0.295	-0.145	-0.652	-0.159	-0.458	-0.494	-0.716	-0.452	-0.809	-0.812	-0.789	-0.346	-0.760	-0.280	-0.296	-0.801	-0.301	-0.300	-0.300	-0.258	-0.755	-0.456	-0.761	-0.518	-0.757	-0.532	-0.670	-0.666	-0.717	-0.457	-0.456	-0.440	-0.458	-0.426	-0.409	-0.459	-0.678	-0.745	-0.745	-0.744	-0.709	-0.774	-0.754	-0.757	-0.756	-0.740	-0.711	-0.806	-0.809	-0.808	-0.710	-0.570	-0.807	-0.805	-0.805	-0.799	-0.802	-0.638	-0.695	-0.800	-0.756	-0.800	-0.659	-0.792	-0.656	-0.792	-0.656	-0.635	-0.633	-0.653	-0.654	-0.653	-0.726	-0.800	-0.765	-0.775	-0.808	-0.808	-0.814	-0.647	-0.596	-0.672	-0.697	-0.746	-0.751	-0.451	-0.451	-0.405	-0.580	-0.357	-0.353	-0.704	-0.615	-0.384	-0.641	-0.748	-0.751	-0.603	-0.695	-0.680	-0.694	-0.713	-0.487	-0.486	-0.500	-0.500	-0.503	-0.539	-0.498	-0.556	-0.501	-0.601	-0.616	
rs11257996     -0.587	-0.146	-0.366	-0.291	-0.361	-0.359	-0.384	-0.358	-0.437	-0.362	-0.431	-0.329	-0.667	-0.393	-0.548	-0.668	-0.393	-0.670	-0.192	-0.673	-0.677	-0.498	-0.501	-0.694	-0.367	-0.449	+0.124	-0.346	-0.163	-0.400	-0.126	-0.115	-0.421	-0.089	-0.437	+0.046	-0.182	-0.181	-0.610	-0.605	-0.181	-0.603	-0.557	+0.074	-0.118	-0.188	-0.342	-0.402	-0.295	-0.145	-0.652	-0.159	-0.458	-0.494	-0.716	-0.452	-0.809	-0.812	-0.789	-0.346	-0.760	-0.280	-0.296	-0.801	-0.301	-0.300	-0.300	-0.258	-0.755	-0.456	-0.761	-0.518	-0.757	-0.532	-0.670	-0.665	-0.717	-0.457	-0.456	-0.440	-0.457	-0.426	-0.409	-0.459	-0.678	-0.745	-0.745	-0.744	-0.708	-0.774	-0.754	-0.756	-0.756	-0.740	-0.711	-0.806	-0.809	-0.808	-0.710	-0.570	-0.807	-0.804	-0.804	-0.799	-0.802	-0.638	-0.695	-0.800	-0.755	-0.799	-0.659	-0.792	-0.656	-0.792	-0.656	-0.635	-0.633	-0.652	-0.654	-0.653	-0.725	-0.800	-0.764	-0.775	-0.808	-0.808	-0.814	-0.647	-0.596	-0.672	-0.697	-0.746	-0.751	-0.451	-0.451	-0.405	-0.580	-0.357	-0.353	-0.704	-0.615	-0.384	-0.641	-0.748	-0.750	-0.603	-0.695	-0.680	-0.694	-0.713	-0.487	-0.486	-0.500	-0.500	-0.503	-0.539	-0.498	-0.555	-0.501	-0.601	-0.616	
rs928335       -0.753	-0.273	-0.359	-0.228	-0.351	-0.348	-0.386	-0.348	-0.677	-0.352	-0.667	-0.667	-0.490	-0.342	-0.704	-0.617	-0.343	-0.617	-0.309	-0.619	-0.619	-0.664	-0.666	-0.628	-0.449	-0.564	-0.136	-0.268	-0.070	-0.436	-0.009	+0.004	-0.507	-0.234	-0.556	-0.170	-0.294	-0.293	-0.632	-0.629	-0.291	-0.638	-0.549	-0.067	-0.236	-0.262	-0.484	-0.550	-0.462	-0.292	-0.830	-0.231	-0.522	-0.571	-0.866	-0.511	-0.786	-0.811	-0.923	-0.400	-0.904	-0.335	-0.353	-0.853	-0.357	-0.356	-0.356	-0.315	-0.900	-0.516	-0.883	-0.630	-0.902	-0.651	-0.827	-0.823	-0.875	-0.516	-0.558	-0.539	-0.518	-0.525	-0.507	-0.520	-0.836	-0.880	-0.881	-0.881	-0.869	-0.879	-0.901	-0.902	-0.902	-0.891	-0.867	-0.954	-0.953	-0.954	-0.867	-0.678	-0.955	-0.955	-0.955	-0.955	-0.955	-0.805	-0.856	-0.937	-0.921	-0.943	-0.826	-0.944	-0.824	-0.944	-0.824	-0.807	-0.805	-0.797	-0.799	-0.799	-0.876	-0.939	-0.855	-0.869	-0.927	-0.927	-0.919	-0.730	-0.669	-0.758	-0.787	-0.890	-0.895	-0.513	-0.513	-0.469	-0.652	-0.417	-0.412	-0.801	-0.689	-0.447	-0.718	-0.852	-0.855	-0.674	-0.847	-0.834	-0.847	-0.866	-0.576	-0.575	-0.590	-0.590	-0.594	-0.633	-0.571	-0.651	-0.603	-0.702	-0.719	
rs928336       -0.434	-0.161	-0.268	-0.187	-0.264	-0.262	-0.280	-0.262	-0.397	-0.264	-0.393	-0.393	-0.342	-0.102	-0.480	-0.341	-0.207	-0.340	-0.187	-0.336	-0.331	-0.453	-0.453	-0.312	-0.437	-0.453	-0.069	-0.178	-0.074	-0.301	-0.019	-0.008	-0.307	-0.137	-0.453	-0.089	-0.173	-0.172	-0.414	-0.418	-0.171	-0.425	-0.435	+0.019	-0.176	-0.131	-0.347	-0.386	-0.313	-0.204	-0.498	-0.104	-0.292	-0.321	-0.501	-0.283	-0.331	-0.365	-0.507	-0.207	-0.524	-0.160	-0.173	-0.433	-0.175	-0.175	-0.175	-0.145	-0.528	-0.285	-0.500	-0.358	-0.528	-0.370	-0.520	-0.519	-0.521	-0.285	-0.316	-0.304	-0.286	-0.294	-0.281	-0.287	-0.527	-0.505	-0.518	-0.518	-0.527	-0.524	-0.531	-0.532	-0.532	-0.523	-0.501	-0.585	-0.585	-0.585	-0.500	-0.319	-0.586	-0.585	-0.585	-0.583	-0.585	-0.445	-0.493	-0.572	-0.553	-0.576	-0.465	-0.575	-0.464	-0.575	-0.463	-0.448	-0.447	-0.424	-0.427	-0.427	-0.505	-0.576	-0.493	-0.506	-0.561	-0.561	-0.553	-0.362	-0.300	-0.388	-0.417	-0.521	-0.526	-0.145	-0.145	-0.104	-0.293	-0.052	-0.048	-0.411	-0.329	-0.083	-0.358	-0.467	-0.468	-0.314	-0.470	-0.455	-0.469	-0.496	-0.197	-0.196	-0.211	-0.211	-0.214	-0.255	-0.196	-0.274	-0.244	-0.325	-0.342	
rs928337       -0.265	-0.276	-0.459	-0.392	-0.454	-0.452	-0.474	-0.452	-0.553	-0.455	-0.548	-0.548	-0.704	-0.480	-0.284	-0.704	-0.480	-0.705	-0.306	-0.705	-0.706	-0.644	-0.645	-0.710	-0.585	-0.632	-0.174	-0.439	-0.286	-0.487	-0.249	-0.239	-0.439	-0.250	-0.625	-0.197	-0.292	-0.290	-0.690	-0.688	-0.289	-0.688	-0.667	-0.079	-0.249	-0.250	-0.438	-0.487	-0.392	-0.269	-0.696	-0.221	-0.445	-0.478	-0.714	-0.436	-0.641	-0.662	-0.738	-0.346	-0.732	-0.294	-0.307	-0.709	-0.310	-0.310	-0.310	-0.277	-0.730	-0.438	-0.726	-0.513	-0.731	-0.527	-0.684	-0.681	-0.721	-0.438	-0.459	-0.444	-0.439	-0.433	-0.419	-0.440	-0.690	-0.722	-0.724	-0.724	-0.715	-0.693	-0.705	-0.707	-0.707	-0.698	-0.676	-0.759	-0.759	-0.759	-0.675	-0.526	-0.760	-0.759	-0.759	-0.758	-0.759	-0.621	-0.665	-0.746	-0.729	-0.750	-0.636	-0.749	-0.635	-0.749	-0.634	-0.618	-0.617	-0.599	-0.602	-0.602	-0.679	-0.756	-0.668	-0.681	-0.735	-0.735	-0.728	-0.543	-0.491	-0.572	-0.600	-0.690	-0.694	-0.334	-0.334	-0.290	-0.486	-0.238	-0.233	-0.600	-0.522	-0.269	-0.551	-0.654	-0.656	-0.509	-0.640	-0.625	-0.639	-0.663	-0.406	-0.405	-0.419	-0.419	-0.422	-0.460	-0.408	-0.477	-0.427	-0.525	-0.541	
rs928338       -0.754	-0.275	-0.359	-0.228	-0.351	-0.347	-0.385	-0.347	-0.678	-0.351	-0.669	-0.668	-0.617	-0.341	-0.704	-0.491	-0.342	-0.618	-0.311	-0.619	-0.620	-0.664	-0.666	-0.630	-0.448	-0.563	-0.138	-0.267	-0.068	-0.435	-0.007	+0.006	-0.508	-0.236	-0.555	-0.171	-0.296	-0.294	-0.632	-0.629	-0.293	-0.637	-0.548	-0.068	-0.236	-0.263	-0.485	-0.551	-0.462	-0.292	-0.831	-0.232	-0.523	-0.572	-0.867	-0.512	-0.787	-0.812	-0.924	-0.401	-0.904	-0.336	-0.354	-0.855	-0.358	-0.358	-0.357	-0.317	-0.901	-0.517	-0.884	-0.631	-0.903	-0.652	-0.828	-0.824	-0.876	-0.518	-0.560	-0.540	-0.519	-0.526	-0.508	-0.521	-0.837	-0.881	-0.882	-0.882	-0.870	-0.880	-0.902	-0.903	-0.903	-0.892	-0.868	-0.955	-0.954	-0.955	-0.868	-0.679	-0.956	-0.956	-0.956	-0.956	-0.956	-0.806	-0.857	-0.938	-0.922	-0.944	-0.827	-0.945	-0.825	-0.945	-0.825	-0.808	-0.806	-0.798	-0.800	-0.800	-0.877	-0.940	-0.856	-0.870	-0.928	-0.928	-0.920	-0.731	-0.670	-0.759	-0.788	-0.891	-0.896	-0.514	-0.514	-0.470	-0.653	-0.418	-0.413	-0.802	-0.690	-0.448	-0.719	-0.853	-0.856	-0.675	-0.848	-0.835	-0.848	-0.867	-0.577	-0.576	-0.592	-0.592	-0.595	-0.634	-0.573	-0.652	-0.604	-0.703	-0.720	
rs2482038      -0.434	-0.161	-0.268	-0.187	-0.265	-0.263	-0.281	-0.263	-0.397	-0.264	-0.394	-0.393	-0.343	-0.207	-0.480	-0.342	-0.103	-0.341	-0.188	-0.337	-0.332	-0.453	-0.454	-0.313	-0.437	-0.454	-0.069	-0.177	-0.073	-0.301	-0.018	-0.007	-0.307	-0.137	-0.454	-0.089	-0.174	-0.172	-0.415	-0.418	-0.171	-0.425	-0.435	+0.019	-0.176	-0.131	-0.347	-0.386	-0.313	-0.205	-0.498	-0.104	-0.293	-0.321	-0.502	-0.284	-0.331	-0.366	-0.508	-0.207	-0.525	-0.160	-0.173	-0.433	-0.176	-0.176	-0.176	-0.145	-0.529	-0.285	-0.500	-0.359	-0.528	-0.370	-0.520	-0.519	-0.521	-0.285	-0.317	-0.304	-0.286	-0.294	-0.282	-0.287	-0.527	-0.506	-0.518	-0.519	-0.527	-0.524	-0.531	-0.533	-0.533	-0.524	-0.501	-0.585	-0.586	-0.586	-0.500	-0.320	-0.586	-0.585	-0.585	-0.583	-0.585	-0.445	-0.493	-0.572	-0.553	-0.577	-0.466	-0.575	-0.464	-0.575	-0.464	-0.448	-0.447	-0.425	-0.427	-0.427	-0.505	-0.577	-0.493	-0.507	-0.561	-0.561	-0.554	-0.362	-0.301	-0.388	-0.417	-0.522	-0.526	-0.146	-0.146	-0.105	-0.293	-0.053	-0.048	-0.411	-0.329	-0.083	-0.358	-0.467	-0.469	-0.315	-0.470	-0.456	-0.469	-0.497	-0.197	-0.196	-0.212	-0.212	-0.215	-0.255	-0.197	-0.274	-0.244	-0.326	-0.343	
rs2248896      -0.755	-0.276	-0.357	-0.226	-0.350	-0.346	-0.384	-0.346	-0.679	-0.350	-0.670	-0.670	-0.617	-0.340	-0.705	-0.618	-0.341	-0.492	-0.312	-0.620	-0.621	-0.664	-0.666	-0.631	-0.447	-0.562	-0.139	-0.265	-0.066	-0.435	-0.005	+0.008	-0.509	-0.237	-0.554	-0.172	-0.297	-0.295	-0.632	-0.628	-0.294	-0.637	-0.547	-0.070	-0.236	-0.264	-0.484	-0.551	-0.462	-0.291	-0.832	-0.234	-0.524	-0.573	-0.868	-0.513	-0.789	-0.814	-0.925	-0.403	-0.905	-0.338	-0.356	-0.856	-0.359	-0.359	-0.359	-0.318	-0.902	-0.518	-0.885	-0.632	-0.903	-0.653	-0.828	-0.824	-0.877	-0.519	-0.561	-0.542	-0.520	-0.527	-0.509	-0.522	-0.838	-0.882	-0.883	-0.883	-0.871	-0.881	-0.903	-0.904	-0.904	-0.893	-0.869	-0.956	-0.955	-0.956	-0.869	-0.680	-0.957	-0.957	-0.957	-0.957	-0.957	-0.807	-0.858	-0.940	-0.923	-0.945	-0.828	-0.946	-0.826	-0.946	-0.826	-0.809	-0.807	-0.799	-0.801	-0.801	-0.878	-0.941	-0.857	-0.871	-0.930	-0.930	-0.922	-0.732	-0.672	-0.760	-0.789	-0.892	-0.897	-0.515	-0.515	-0.471	-0.654	-0.419	-0.415	-0.804	-0.691	-0.449	-0.721	-0.854	-0.857	-0.677	-0.849	-0.836	-0.849	-0.868	-0.579	-0.577	-0.593	-0.593	-0.596	-0.635	-0.574	-0.653	-0.605	-0.704	-0.721	
rs72773649     -0.316	-0.056	-0.165	-0.096	-0.160	-0.158	-0.181	-0.158	-0.182	-0.161	-0.192	-0.192	-0.309	-0.187	-0.306	-0.311	-0.188	-0.312	-0.001	-0.316	-0.321	-0.170	-0.173	-0.342	-0.026	-0.114	+0.082	-0.144	+0.010	-0.197	+0.045	+0.055	-0.213	-0.009	-0.100	+0.030	-0.068	-0.068	-0.245	-0.240	-0.068	-0.237	-0.179	+0.079	+0.059	-0.078	-0.137	-0.192	-0.106	+0.034	-0.342	-0.059	-0.207	-0.206	-0.420	-0.211	-0.528	-0.527	-0.526	-0.179	-0.504	-0.140	-0.150	-0.508	-0.153	-0.153	-0.153	-0.126	-0.500	-0.215	-0.467	-0.278	-0.502	-0.279	-0.429	-0.425	-0.412	-0.215	-0.264	-0.255	-0.216	-0.247	-0.237	-0.216	-0.435	-0.450	-0.432	-0.431	-0.388	-0.503	-0.467	-0.470	-0.469	-0.451	-0.419	-0.511	-0.515	-0.513	-0.417	-0.296	-0.511	-0.507	-0.507	-0.498	-0.503	-0.341	-0.401	-0.507	-0.457	-0.504	-0.361	-0.493	-0.359	-0.493	-0.358	-0.335	-0.334	-0.363	-0.363	-0.362	-0.435	-0.520	-0.499	-0.508	-0.531	-0.531	-0.542	-0.379	-0.330	-0.403	-0.427	-0.464	-0.470	-0.188	-0.188	-0.142	-0.322	-0.095	-0.091	-0.429	-0.355	-0.122	-0.380	-0.472	-0.475	-0.344	-0.402	-0.386	-0.401	-0.426	-0.211	-0.210	-0.224	-0.224	-0.227	-0.263	-0.229	-0.279	-0.232	-0.324	-0.339	
rs2482037      -0.757	-0.280	-0.354	-0.222	-0.347	-0.343	-0.381	-0.343	-0.683	-0.347	-0.673	-0.673	-0.619	-0.336	-0.705	-0.619	-0.337	-0.620	-0.316	-0.495	-0.623	-0.664	-0.666	-0.636	-0.442	-0.559	-0.143	-0.260	-0.061	-0.432	+0.000	+0.014	-0.513	-0.241	-0.552	-0.177	-0.301	-0.299	-0.631	-0.627	-0.298	-0.636	-0.542	-0.074	-0.234	-0.269	-0.484	-0.551	-0.462	-0.291	-0.834	-0.238	-0.528	-0.577	-0.871	-0.517	-0.794	-0.818	-0.928	-0.406	-0.908	-0.341	-0.359	-0.860	-0.363	-0.362	-0.362	-0.321	-0.904	-0.522	-0.888	-0.635	-0.906	-0.656	-0.830	-0.826	-0.880	-0.523	-0.564	-0.545	-0.524	-0.530	-0.512	-0.526	-0.839	-0.885	-0.886	-0.886	-0.874	-0.884	-0.906	-0.907	-0.907	-0.896	-0.872	-0.959	-0.959	-0.959	-0.872	-0.683	-0.960	-0.960	-0.960	-0.960	-0.960	-0.809	-0.861	-0.943	-0.926	-0.948	-0.831	-0.949	-0.829	-0.949	-0.828	-0.811	-0.810	-0.802	-0.804	-0.804	-0.881	-0.944	-0.861	-0.875	-0.933	-0.933	-0.925	-0.736	-0.675	-0.763	-0.793	-0.895	-0.900	-0.519	-0.519	-0.475	-0.657	-0.423	-0.418	-0.807	-0.695	-0.453	-0.724	-0.858	-0.860	-0.680	-0.852	-0.839	-0.852	-0.871	-0.582	-0.581	-0.596	-0.596	-0.599	-0.638	-0.577	-0.657	-0.608	-0.708	-0.725	
rs2493767      -0.760	-0.285	-0.350	-0.217	-0.343	-0.339	-0.378	-0.339	-0.687	-0.343	-0.677	-0.677	-0.619	-0.331	-0.706	-0.620	-0.332	-0.621	-0.321	-0.623	-0.499	-0.663	-0.666	-0.641	-0.436	-0.556	-0.149	-0.254	-0.054	-0.430	+0.007	+0.021	-0.517	-0.246	-0.548	-0.182	-0.306	-0.304	-0.629	-0.625	-0.303	-0.635	-0.537	-0.079	-0.233	-0.273	-0.484	-0.551	-0.463	-0.290	-0.837	-0.243	-0.532	-0.581	-0.874	-0.522	-0.799	-0.824	-0.931	-0.411	-0.910	-0.346	-0.364	-0.865	-0.367	-0.367	-0.367	-0.326	-0.907	-0.526	-0.892	-0.639	-0.909	-0.660	-0.832	-0.828	-0.883	-0.527	-0.568	-0.549	-0.528	-0.534	-0.516	-0.530	-0.842	-0.889	-0.890	-0.889	-0.877	-0.888	-0.909	-0.911	-0.911	-0.900	-0.876	-0.963	-0.962	-0.963	-0.876	-0.687	-0.964	-0.964	-0.964	-0.963	-0.964	-0.813	-0.865	-0.946	-0.929	-0.952	-0.834	-0.953	-0.832	-0.953	-0.832	-0.815	-0.813	-0.806	-0.808	-0.808	-0.884	-0.948	-0.865	-0.879	-0.937	-0.937	-0.929	-0.740	-0.679	-0.768	-0.797	-0.899	-0.903	-0.523	-0.523	-0.479	-0.662	-0.427	-0.423	-0.811	-0.699	-0.457	-0.728	-0.862	-0.864	-0.684	-0.856	-0.843	-0.855	-0.874	-0.586	-0.585	-0.600	-0.600	-0.604	-0.642	-0.582	-0.661	-0.613	-0.712	-0.729	
rs12777434     -0.648	-0.127	-0.412	-0.332	-0.407	-0.405	-0.433	-0.404	-0.510	-0.408	-0.498	-0.498	-0.664	-0.453	-0.644	-0.664	-0.453	-0.664	-0.170	-0.664	-0.663	-0.360	-0.477	-0.662	-0.457	-0.537	+0.014	-0.403	-0.182	-0.458	-0.135	-0.122	-0.323	-0.093	-0.531	-0.019	-0.155	-0.153	-0.662	-0.661	-0.152	-0.663	-0.640	+0.132	-0.233	-0.122	-0.449	-0.504	-0.409	-0.268	-0.724	-0.090	-0.388	-0.438	-0.743	-0.377	-0.636	-0.667	-0.815	-0.230	-0.799	-0.157	-0.177	-0.716	-0.180	-0.179	-0.179	-0.132	-0.796	-0.382	-0.745	-0.473	-0.798	-0.497	-0.734	-0.731	-0.762	-0.383	-0.375	-0.353	-0.384	-0.336	-0.316	-0.386	-0.740	-0.746	-0.774	-0.774	-0.768	-0.756	-0.779	-0.780	-0.780	-0.769	-0.746	-0.832	-0.831	-0.832	-0.745	-0.551	-0.833	-0.833	-0.833	-0.833	-0.834	-0.682	-0.737	-0.814	-0.803	-0.820	-0.706	-0.822	-0.705	-0.822	-0.704	-0.688	-0.686	-0.674	-0.676	-0.676	-0.754	-0.815	-0.727	-0.741	-0.799	-0.799	-0.793	-0.592	-0.528	-0.621	-0.651	-0.769	-0.774	-0.367	-0.367	-0.324	-0.514	-0.271	-0.266	-0.668	-0.550	-0.302	-0.581	-0.720	-0.723	-0.535	-0.724	-0.711	-0.724	-0.746	-0.435	-0.433	-0.450	-0.450	-0.453	-0.493	-0.428	-0.512	-0.465	-0.566	-0.583	
rs12769872     -0.650	-0.130	-0.412	-0.332	-0.407	-0.405	-0.433	-0.404	-0.512	-0.408	-0.501	-0.501	-0.666	-0.453	-0.645	-0.666	-0.454	-0.666	-0.173	-0.666	-0.666	-0.477	-0.362	-0.665	-0.456	-0.537	+0.012	-0.403	-0.181	-0.458	-0.133	-0.121	-0.326	-0.096	-0.532	-0.021	-0.158	-0.156	-0.664	-0.663	-0.154	-0.664	-0.642	+0.130	-0.234	-0.124	-0.450	-0.505	-0.409	-0.268	-0.726	-0.093	-0.390	-0.441	-0.745	-0.380	-0.639	-0.670	-0.817	-0.233	-0.801	-0.159	-0.179	-0.719	-0.182	-0.182	-0.182	-0.134	-0.798	-0.384	-0.747	-0.476	-0.800	-0.499	-0.736	-0.732	-0.764	-0.385	-0.377	-0.355	-0.386	-0.339	-0.319	-0.389	-0.742	-0.748	-0.776	-0.776	-0.770	-0.758	-0.781	-0.782	-0.782	-0.772	-0.748	-0.834	-0.833	-0.834	-0.748	-0.553	-0.835	-0.835	-0.835	-0.835	-0.836	-0.684	-0.739	-0.816	-0.805	-0.822	-0.709	-0.824	-0.707	-0.824	-0.706	-0.690	-0.688	-0.676	-0.678	-0.678	-0.756	-0.817	-0.729	-0.743	-0.801	-0.801	-0.795	-0.594	-0.531	-0.623	-0.653	-0.771	-0.776	-0.369	-0.369	-0.327	-0.516	-0.273	-0.269	-0.670	-0.552	-0.304	-0.583	-0.723	-0.725	-0.537	-0.726	-0.713	-0.726	-0.748	-0.437	-0.436	-0.452	-0.452	-0.455	-0.495	-0.431	-0.514	-0.468	-0.568	-0.586	
rs2493766      -0.773	-0.307	-0.335	-0.196	-0.327	-0.323	-0.363	-0.323	-0.704	-0.327	-0.695	-0.694	-0.628	-0.312	-0.710	-0.630	-0.313	-0.631	-0.342	-0.636	-0.641	-0.662	-0.665	-0.516	-0.414	-0.542	-0.171	-0.232	-0.029	-0.418	+0.034	+0.048	-0.535	-0.268	-0.534	-0.204	-0.328	-0.326	-0.623	-0.619	-0.325	-0.629	-0.517	-0.099	-0.225	-0.295	-0.482	-0.551	-0.464	-0.286	-0.849	-0.264	-0.552	-0.600	-0.889	-0.541	-0.825	-0.848	-0.945	-0.430	-0.923	-0.365	-0.383	-0.886	-0.386	-0.386	-0.386	-0.345	-0.919	-0.546	-0.909	-0.657	-0.921	-0.678	-0.842	-0.838	-0.897	-0.546	-0.585	-0.566	-0.548	-0.551	-0.534	-0.550	-0.852	-0.905	-0.905	-0.904	-0.890	-0.905	-0.926	-0.927	-0.927	-0.916	-0.892	-0.979	-0.979	-0.979	-0.891	-0.703	-0.980	-0.980	-0.980	-0.979	-0.980	-0.828	-0.880	-0.963	-0.945	-0.968	-0.849	-0.969	-0.847	-0.969	-0.847	-0.830	-0.828	-0.822	-0.824	-0.824	-0.900	-0.963	-0.884	-0.897	-0.954	-0.954	-0.947	-0.759	-0.699	-0.786	-0.815	-0.915	-0.920	-0.543	-0.543	-0.499	-0.681	-0.447	-0.443	-0.831	-0.718	-0.477	-0.747	-0.881	-0.883	-0.704	-0.872	-0.859	-0.872	-0.890	-0.605	-0.604	-0.619	-0.619	-0.623	-0.661	-0.601	-0.680	-0.631	-0.730	-0.747	
rs11596463     -0.557	+0.020	-0.404	-0.337	-0.400	-0.398	-0.421	-0.397	-0.379	-0.400	-0.367	-0.367	-0.449	-0.437	-0.585	-0.448	-0.437	-0.447	-0.026	-0.442	-0.436	-0.457	-0.456	-0.414	-0.248	-0.365	+0.168	-0.395	-0.206	-0.454	-0.164	-0.153	-0.181	+0.054	-0.397	+0.133	-0.010	-0.008	-0.512	-0.515	-0.007	-0.522	-0.530	+0.293	-0.223	+0.022	-0.413	-0.461	-0.371	-0.249	-0.589	+0.054	-0.256	-0.309	-0.607	-0.245	-0.436	-0.478	-0.710	-0.088	-0.702	-0.011	-0.032	-0.547	-0.035	-0.035	-0.035	+0.015	-0.700	-0.251	-0.602	-0.351	-0.701	-0.376	-0.653	-0.650	-0.643	-0.251	-0.247	-0.225	-0.253	-0.208	-0.187	-0.255	-0.658	-0.609	-0.653	-0.653	-0.658	-0.639	-0.672	-0.673	-0.673	-0.664	-0.641	-0.723	-0.722	-0.723	-0.641	-0.425	-0.724	-0.725	-0.725	-0.726	-0.726	-0.582	-0.633	-0.703	-0.697	-0.710	-0.605	-0.714	-0.603	-0.714	-0.603	-0.587	-0.586	-0.565	-0.568	-0.568	-0.647	-0.706	-0.606	-0.621	-0.688	-0.688	-0.675	-0.464	-0.397	-0.493	-0.525	-0.663	-0.667	-0.235	-0.235	-0.193	-0.384	-0.138	-0.134	-0.543	-0.421	-0.171	-0.453	-0.599	-0.601	-0.406	-0.619	-0.606	-0.619	-0.641	-0.314	-0.312	-0.329	-0.329	-0.332	-0.373	-0.299	-0.393	-0.353	-0.448	-0.466	
rs10906224     -0.621	-0.069	-0.414	-0.338	-0.409	-0.408	-0.434	-0.407	-0.461	-0.410	-0.449	-0.449	-0.564	-0.453	-0.632	-0.563	-0.454	-0.562	-0.114	-0.559	-0.556	-0.537	-0.537	-0.542	-0.365	-0.323	+0.077	-0.405	-0.186	-0.480	-0.139	-0.127	-0.267	-0.035	-0.459	+0.042	-0.098	-0.096	-0.597	-0.599	-0.095	-0.604	-0.596	+0.198	-0.239	-0.066	-0.448	-0.500	-0.407	-0.272	-0.667	-0.034	-0.339	-0.390	-0.689	-0.327	-0.545	-0.581	-0.779	-0.174	-0.768	-0.099	-0.119	-0.643	-0.122	-0.122	-0.122	-0.075	-0.765	-0.332	-0.689	-0.431	-0.767	-0.455	-0.711	-0.708	-0.719	-0.333	-0.330	-0.308	-0.334	-0.291	-0.270	-0.337	-0.717	-0.693	-0.729	-0.729	-0.729	-0.713	-0.742	-0.744	-0.744	-0.734	-0.711	-0.795	-0.794	-0.794	-0.711	-0.500	-0.796	-0.796	-0.796	-0.797	-0.797	-0.651	-0.702	-0.776	-0.767	-0.782	-0.673	-0.785	-0.672	-0.785	-0.671	-0.655	-0.654	-0.637	-0.639	-0.640	-0.717	-0.777	-0.682	-0.696	-0.762	-0.762	-0.750	-0.541	-0.476	-0.570	-0.602	-0.733	-0.738	-0.315	-0.315	-0.272	-0.462	-0.218	-0.213	-0.621	-0.499	-0.250	-0.531	-0.675	-0.678	-0.484	-0.690	-0.677	-0.690	-0.711	-0.391	-0.389	-0.406	-0.406	-0.409	-0.450	-0.378	-0.469	-0.427	-0.523	-0.541	
rs17152268     -0.169	+0.048	-0.048	+0.016	-0.044	-0.043	-0.064	-0.042	+0.139	-0.046	+0.125	+0.124	-0.136	-0.069	-0.174	-0.138	-0.069	-0.139	+0.082	-0.143	-0.149	+0.014	+0.012	-0.171	+0.168	+0.077	+0.174	-0.029	+0.124	-0.081	+0.157	+0.166	-0.047	+0.070	+0.092	+0.100	+0.066	+0.064	-0.060	-0.054	+0.062	-0.052	+0.001	+0.135	+0.167	+0.027	-0.021	-0.073	+0.007	+0.142	-0.171	+0.039	-0.034	-0.011	-0.257	-0.047	-0.374	-0.373	-0.379	-0.057	-0.361	-0.029	-0.037	-0.350	-0.039	-0.039	-0.039	-0.020	-0.358	-0.053	-0.306	-0.109	-0.359	-0.103	-0.294	-0.291	-0.251	-0.054	-0.126	-0.121	-0.053	-0.115	-0.109	-0.053	-0.299	-0.287	-0.272	-0.271	-0.227	-0.353	-0.312	-0.315	-0.314	-0.295	-0.263	-0.351	-0.356	-0.353	-0.260	-0.149	-0.351	-0.347	-0.347	-0.336	-0.342	-0.184	-0.244	-0.349	-0.299	-0.344	-0.203	-0.332	-0.201	-0.332	-0.200	-0.176	-0.175	-0.206	-0.206	-0.205	-0.277	-0.369	-0.352	-0.361	-0.379	-0.379	-0.392	-0.232	-0.184	-0.255	-0.278	-0.311	-0.316	-0.043	-0.043	+0.003	-0.177	+0.050	+0.054	-0.277	-0.211	+0.023	-0.235	-0.321	-0.323	-0.199	-0.244	-0.227	-0.242	-0.270	-0.059	-0.057	-0.071	-0.071	-0.074	-0.110	-0.081	-0.127	-0.083	-0.172	-0.187	
rs1929389      -0.388	-0.119	-0.244	-0.181	-0.241	-0.239	-0.252	-0.239	-0.349	-0.240	-0.346	-0.346	-0.268	-0.178	-0.439	-0.267	-0.177	-0.265	-0.144	-0.260	-0.254	-0.403	-0.403	-0.232	-0.395	-0.405	-0.029	-0.050	-0.083	-0.262	-0.032	-0.022	-0.264	-0.095	-0.406	-0.048	-0.131	-0.129	-0.348	-0.352	-0.128	-0.361	-0.377	+0.059	-0.158	-0.088	-0.317	-0.352	-0.283	-0.183	-0.445	-0.061	-0.246	-0.274	-0.447	-0.237	-0.264	-0.299	-0.449	-0.163	-0.470	-0.116	-0.129	-0.370	-0.132	-0.131	-0.131	-0.102	-0.475	-0.239	-0.444	-0.312	-0.474	-0.323	-0.472	-0.471	-0.468	-0.239	-0.272	-0.259	-0.239	-0.249	-0.237	-0.240	-0.479	-0.450	-0.464	-0.464	-0.475	-0.474	-0.482	-0.483	-0.483	-0.474	-0.452	-0.535	-0.536	-0.536	-0.451	-0.270	-0.536	-0.535	-0.535	-0.533	-0.535	-0.397	-0.444	-0.522	-0.504	-0.527	-0.417	-0.525	-0.415	-0.525	-0.415	-0.400	-0.399	-0.374	-0.377	-0.377	-0.455	-0.527	-0.442	-0.456	-0.511	-0.511	-0.503	-0.311	-0.249	-0.337	-0.366	-0.472	-0.476	-0.094	-0.094	-0.053	-0.242	-0.001	+0.004	-0.358	-0.277	-0.032	-0.307	-0.414	-0.416	-0.263	-0.420	-0.406	-0.419	-0.447	-0.145	-0.144	-0.159	-0.159	-0.162	-0.203	-0.145	-0.222	-0.194	-0.274	-0.291	
rs1929388      -0.221	+0.034	-0.132	-0.111	-0.133	-0.133	-0.134	-0.133	-0.167	-0.132	-0.163	-0.163	-0.070	-0.074	-0.286	-0.068	-0.073	-0.066	+0.010	-0.061	-0.054	-0.182	-0.181	-0.029	-0.206	-0.186	+0.124	-0.083	+0.136	-0.134	+0.068	+0.068	-0.104	+0.057	-0.195	+0.106	+0.023	+0.025	-0.151	-0.156	+0.026	-0.167	-0.197	+0.211	-0.069	+0.066	-0.193	-0.220	-0.160	-0.085	-0.240	+0.093	-0.080	-0.105	-0.238	-0.071	-0.057	-0.096	-0.258	+0.001	-0.285	+0.048	+0.036	-0.168	+0.033	+0.034	+0.034	+0.063	-0.292	-0.073	-0.231	-0.130	-0.291	-0.142	-0.301	-0.301	-0.273	-0.073	-0.087	-0.074	-0.073	-0.064	-0.051	-0.074	-0.310	-0.242	-0.283	-0.283	-0.298	-0.298	-0.304	-0.306	-0.306	-0.297	-0.275	-0.358	-0.358	-0.358	-0.274	-0.081	-0.359	-0.358	-0.358	-0.356	-0.357	-0.221	-0.269	-0.345	-0.328	-0.349	-0.242	-0.348	-0.240	-0.348	-0.240	-0.225	-0.223	-0.196	-0.199	-0.199	-0.278	-0.348	-0.259	-0.273	-0.331	-0.331	-0.321	-0.118	-0.055	-0.146	-0.176	-0.296	-0.301	+0.102	+0.102	+0.142	-0.055	+0.195	+0.200	-0.172	-0.090	+0.163	-0.121	-0.231	-0.232	-0.076	-0.241	-0.227	-0.241	-0.272	+0.046	+0.048	+0.032	+0.032	+0.028	-0.013	+0.050	-0.033	-0.009	-0.087	-0.105	
rs1929387      -0.437	-0.171	-0.311	-0.241	-0.306	-0.305	-0.323	-0.304	-0.403	-0.306	-0.400	-0.400	-0.436	-0.301	-0.487	-0.435	-0.301	-0.435	-0.197	-0.432	-0.430	-0.458	-0.458	-0.418	-0.454	-0.480	-0.081	-0.262	-0.134	-0.108	-0.089	-0.078	-0.317	-0.147	-0.477	-0.101	-0.184	-0.183	-0.471	-0.473	-0.182	-0.477	-0.477	+0.002	-0.175	-0.146	-0.347	-0.387	-0.311	-0.200	-0.523	-0.119	-0.304	-0.332	-0.525	-0.295	-0.381	-0.411	-0.527	-0.222	-0.540	-0.176	-0.188	-0.470	-0.191	-0.190	-0.190	-0.161	-0.542	-0.297	-0.522	-0.367	-0.542	-0.378	-0.528	-0.527	-0.537	-0.297	-0.325	-0.313	-0.298	-0.303	-0.291	-0.299	-0.536	-0.525	-0.537	-0.538	-0.542	-0.534	-0.538	-0.539	-0.539	-0.530	-0.507	-0.592	-0.592	-0.592	-0.506	-0.338	-0.592	-0.592	-0.592	-0.589	-0.591	-0.449	-0.500	-0.579	-0.561	-0.584	-0.471	-0.582	-0.469	-0.582	-0.469	-0.453	-0.452	-0.431	-0.434	-0.434	-0.512	-0.585	-0.504	-0.518	-0.566	-0.566	-0.564	-0.377	-0.318	-0.403	-0.432	-0.528	-0.532	-0.160	-0.160	-0.120	-0.309	-0.068	-0.063	-0.424	-0.344	-0.098	-0.373	-0.479	-0.481	-0.330	-0.475	-0.461	-0.474	-0.501	-0.210	-0.208	-0.224	-0.224	-0.227	-0.267	-0.213	-0.285	-0.252	-0.337	-0.353	
rs1929384      -0.183	+0.068	-0.091	-0.076	-0.092	-0.092	-0.091	-0.092	-0.130	-0.091	-0.126	-0.126	-0.009	-0.019	-0.249	-0.007	-0.018	-0.005	+0.045	+0.000	+0.007	-0.135	-0.133	+0.034	-0.164	-0.139	+0.157	-0.032	+0.068	-0.089	+0.177	+0.084	-0.068	+0.091	-0.148	+0.139	+0.058	+0.059	-0.096	-0.102	+0.060	-0.114	-0.148	+0.243	-0.045	+0.101	-0.163	-0.187	-0.131	-0.061	-0.196	+0.128	-0.043	-0.068	-0.193	-0.034	-0.005	-0.045	-0.211	+0.037	-0.241	+0.083	+0.071	-0.119	+0.069	+0.069	+0.069	+0.098	-0.248	-0.036	-0.186	-0.093	-0.246	-0.104	-0.261	-0.261	-0.230	-0.036	-0.051	-0.038	-0.036	-0.028	-0.016	-0.037	-0.270	-0.197	-0.240	-0.240	-0.257	-0.259	-0.265	-0.267	-0.266	-0.258	-0.236	-0.319	-0.319	-0.319	-0.235	-0.041	-0.319	-0.319	-0.319	-0.317	-0.318	-0.182	-0.230	-0.306	-0.289	-0.310	-0.203	-0.309	-0.202	-0.309	-0.201	-0.186	-0.185	-0.157	-0.159	-0.159	-0.239	-0.309	-0.220	-0.233	-0.291	-0.291	-0.282	-0.078	-0.014	-0.105	-0.135	-0.257	-0.261	+0.144	+0.144	+0.183	-0.015	+0.236	+0.241	-0.131	-0.050	+0.204	-0.081	-0.189	-0.191	-0.035	-0.202	-0.188	-0.201	-0.233	+0.087	+0.089	+0.072	+0.072	+0.069	+0.028	+0.091	+0.008	+0.030	-0.046	-0.064	
rs1929383      -0.173	+0.078	-0.080	-0.068	-0.082	-0.082	-0.079	-0.082	-0.119	-0.080	-0.115	-0.115	+0.004	-0.008	-0.239	+0.006	-0.007	+0.008	+0.055	+0.014	+0.021	-0.122	-0.121	+0.048	-0.153	-0.127	+0.166	-0.022	+0.068	-0.078	+0.084	+0.188	-0.058	+0.100	-0.135	+0.148	+0.068	+0.069	-0.083	-0.089	+0.070	-0.099	-0.135	+0.254	-0.039	+0.111	-0.154	-0.178	-0.122	-0.054	-0.184	+0.137	-0.033	-0.058	-0.181	-0.024	+0.008	-0.032	-0.200	+0.047	-0.229	+0.094	+0.081	-0.106	+0.079	+0.080	+0.080	+0.108	-0.236	-0.025	-0.174	-0.082	-0.235	-0.094	-0.250	-0.251	-0.219	-0.025	-0.041	-0.028	-0.026	-0.018	-0.005	-0.027	-0.259	-0.186	-0.229	-0.229	-0.246	-0.248	-0.254	-0.256	-0.256	-0.248	-0.226	-0.308	-0.308	-0.308	-0.225	-0.030	-0.309	-0.308	-0.308	-0.306	-0.307	-0.172	-0.219	-0.295	-0.278	-0.299	-0.193	-0.298	-0.191	-0.298	-0.191	-0.176	-0.175	-0.146	-0.149	-0.149	-0.228	-0.298	-0.209	-0.222	-0.280	-0.281	-0.271	-0.066	-0.002	-0.094	-0.124	-0.246	-0.251	+0.155	+0.155	+0.194	-0.005	+0.248	+0.252	-0.119	-0.039	+0.215	-0.070	-0.178	-0.180	-0.025	-0.191	-0.176	-0.190	-0.222	+0.098	+0.100	+0.083	+0.083	+0.080	+0.039	+0.102	+0.019	+0.041	-0.035	-0.053	
rs2482035      -0.428	-0.173	-0.255	-0.193	-0.251	-0.249	-0.273	-0.248	-0.422	-0.252	-0.421	-0.421	-0.507	-0.307	-0.439	-0.508	-0.307	-0.509	-0.213	-0.513	-0.517	-0.323	-0.326	-0.535	-0.181	-0.267	-0.047	-0.264	-0.104	-0.317	-0.068	-0.058	-0.170	-0.147	-0.254	-0.084	-0.201	-0.200	-0.455	-0.451	-0.199	-0.448	-0.398	+0.070	-0.045	-0.183	-0.251	-0.307	-0.215	-0.071	-0.490	-0.157	-0.363	-0.383	-0.563	-0.359	-0.669	-0.669	-0.661	-0.281	-0.636	-0.231	-0.244	-0.650	-0.247	-0.247	-0.247	-0.214	-0.631	-0.362	-0.610	-0.426	-0.633	-0.434	-0.554	-0.550	-0.572	-0.362	-0.382	-0.371	-0.363	-0.360	-0.349	-0.364	-0.561	-0.593	-0.590	-0.589	-0.550	-0.640	-0.612	-0.615	-0.614	-0.598	-0.568	-0.662	-0.665	-0.663	-0.566	-0.438	-0.662	-0.659	-0.659	-0.652	-0.656	-0.494	-0.551	-0.656	-0.606	-0.655	-0.513	-0.646	-0.511	-0.646	-0.510	-0.489	-0.487	-0.508	-0.509	-0.508	-0.581	-0.662	-0.632	-0.642	-0.670	-0.670	-0.679	-0.518	-0.469	-0.542	-0.566	-0.603	-0.609	-0.327	-0.327	-0.282	-0.460	-0.235	-0.231	-0.574	-0.494	-0.261	-0.518	-0.616	-0.619	-0.482	-0.547	-0.531	-0.546	-0.567	-0.355	-0.354	-0.367	-0.367	-0.370	-0.406	-0.368	-0.422	-0.372	-0.467	-0.482	
rs34278684     -0.253	-0.020	-0.115	-0.048	-0.110	-0.109	-0.131	-0.108	-0.074	-0.112	-0.088	-0.089	-0.234	-0.137	-0.250	-0.236	-0.137	-0.237	-0.009	-0.241	-0.246	-0.093	-0.096	-0.268	+0.054	-0.035	+0.070	-0.095	+0.057	-0.147	+0.091	+0.100	-0.147	+0.074	-0.020	+0.040	-0.016	-0.016	-0.168	-0.163	-0.017	-0.160	-0.101	+0.098	+0.104	-0.036	-0.088	-0.141	-0.058	+0.079	-0.271	-0.020	-0.133	-0.121	-0.352	-0.140	-0.462	-0.462	-0.464	-0.129	-0.444	-0.095	-0.104	-0.441	-0.106	-0.106	-0.106	-0.082	-0.440	-0.145	-0.399	-0.208	-0.442	-0.207	-0.372	-0.369	-0.343	-0.145	-0.207	-0.199	-0.145	-0.192	-0.184	-0.145	-0.378	-0.382	-0.364	-0.362	-0.319	-0.439	-0.401	-0.404	-0.403	-0.385	-0.353	-0.443	-0.448	-0.445	-0.350	-0.233	-0.443	-0.439	-0.439	-0.429	-0.435	-0.275	-0.334	-0.440	-0.389	-0.436	-0.294	-0.425	-0.292	-0.424	-0.291	-0.268	-0.266	-0.296	-0.296	-0.295	-0.368	-0.455	-0.436	-0.446	-0.466	-0.466	-0.478	-0.317	-0.268	-0.340	-0.363	-0.399	-0.404	-0.126	-0.126	-0.080	-0.261	-0.033	-0.029	-0.364	-0.294	-0.060	-0.319	-0.408	-0.410	-0.282	-0.334	-0.318	-0.333	-0.360	-0.147	-0.146	-0.160	-0.160	-0.162	-0.199	-0.166	-0.215	-0.169	-0.260	-0.275	
