## Summary of overall evidence for association with region:
## log10(BF for region) = 15.3457
## p-value for region = NA

## BFs for choosing among multi-SNP models:
## log10(average 1-SNP BF) = 11.5779
## log10(average 2-SNP BF) = 15.8228

## Example posterior probabilities for multi-SNP models, based on default prior: [p(l) propto 0.5^l for l=1,2,...,L]
## posterior probability of 1-SNP = 0.000113782
## posterior probability of 2-SNP = 0.999886

## log10(BF) for single SNP and pair of SNPs:
rs73655814     +8.825	+10.389	+8.439	+13.077	+8.461	+8.655	+13.009	+13.014	+10.567	+8.333	+11.132	+12.944	+10.502	+8.464	+12.945	+13.011	+13.014	+12.947	+12.948	+12.968	+10.609	+10.501	+8.425	+10.612	+12.958	+10.641	+13.026	+8.444	+10.554	+8.415	+12.969	+10.493	+10.496	+8.438	+10.495	+10.497	+8.417	+12.972	+10.485	+10.499	+8.456	+10.497	+10.931	+10.930	+10.503	+10.553	+8.034	+10.441	+9.583	+12.927	+12.990	+12.929	+12.929	+12.928	+12.932	+12.961	+13.034	+10.631	+11.046	+11.313	+8.778	+8.074	+13.609	+8.176	+8.231	+8.231	+8.232	+9.000	+8.236	+8.237	+8.238	+9.087	+8.235	+8.239	+8.234	+8.241	+8.235	+8.233	+8.234	+8.235	+8.234	+8.235	+8.289	+16.776	+17.990	+17.606	+14.156	+13.079	+13.062	+12.641	+11.221	+12.602	+12.512	+12.710	+8.954	+12.667	+12.663	+8.920	+8.919	+12.645	+8.127	+12.614	+8.691	+8.937	+8.789	+12.556	+8.116	+8.928	+12.708	+8.994	+12.634	+8.879	+8.870	+8.120	+8.869	+12.552	+8.116	+12.423	+12.149	+8.037	+8.892	+8.892	+8.120	+8.891	+8.134	+8.844	+8.844	+8.105	+8.041	+8.041	+9.037	+8.920	+8.838	+8.921	+8.931	+8.819	+8.914	+8.118	+8.097	+8.057	+8.775	+8.831	+8.800	+8.799	+8.856	+8.856	+8.855	+8.004	+8.949	+8.772	+8.770	+8.769	+8.302	+8.828	+8.845	+7.968	+9.871	+8.029	+8.017	+8.933	+13.394	+12.227	+12.257	+12.203	+8.294	+8.338	+8.279	+8.276	+8.282	+8.259	+8.216	+8.217	
rs10118914     +10.389	+10.760	+10.225	+13.506	+10.755	+10.358	+13.445	+13.450	+10.945	+10.015	+13.022	+13.389	+10.883	+10.760	+13.389	+13.448	+13.451	+13.390	+13.390	+13.408	+10.979	+10.877	+10.706	+10.982	+13.399	+10.999	+13.459	+10.729	+10.916	+10.692	+13.409	+10.869	+10.871	+10.722	+10.871	+10.872	+10.695	+13.411	+10.862	+10.873	+10.748	+10.873	+11.255	+11.260	+10.876	+10.911	+9.965	+10.821	+10.742	+13.371	+13.426	+13.373	+13.373	+13.372	+13.375	+13.402	+13.466	+10.974	+11.293	+11.504	+10.297	+10.445	+15.305	+10.087	+10.155	+10.155	+10.155	+10.768	+10.156	+10.157	+10.157	+10.847	+10.156	+10.156	+10.156	+10.162	+10.156	+10.155	+10.156	+10.156	+10.156	+10.156	+10.192	+16.862	+17.798	+18.299	+15.853	+15.176	+14.860	+14.217	+12.592	+14.181	+14.360	+14.555	+10.924	+14.514	+14.510	+10.913	+10.913	+14.492	+10.129	+14.462	+10.887	+10.941	+10.805	+14.403	+10.116	+10.931	+14.554	+11.215	+14.456	+10.878	+10.869	+10.120	+10.869	+14.398	+10.115	+14.276	+14.019	+9.950	+10.893	+10.893	+10.117	+10.892	+10.136	+10.850	+10.850	+10.103	+9.955	+9.955	+11.280	+11.149	+10.860	+11.151	+11.162	+10.841	+11.143	+10.118	+10.094	+10.045	+10.799	+10.858	+10.826	+10.825	+10.879	+10.879	+10.879	+9.923	+10.992	+10.797	+10.794	+10.791	+10.252	+10.849	+10.864	+9.888	+11.343	+9.926	+9.915	+10.552	+15.431	+13.928	+13.957	+13.912	+10.230	+10.296	+10.224	+10.221	+10.228	+10.203	+10.156	+10.141	
rs10817452     +8.439	+10.225	+0.743	+11.511	+0.543	+1.183	+11.447	+11.466	+10.427	+1.643	+9.254	+11.375	+10.352	+0.544	+11.377	+11.464	+11.470	+11.376	+11.377	+11.404	+10.473	+10.349	+0.508	+10.477	+11.389	+10.506	+11.480	+0.518	+10.407	+0.501	+11.404	+10.338	+10.342	+0.521	+10.341	+10.342	+0.503	+11.408	+10.329	+10.345	+0.533	+10.349	+10.815	+10.812	+10.349	+10.408	+2.589	+10.272	+9.176	+11.305	+11.388	+11.307	+11.308	+11.305	+11.310	+11.347	+11.444	+10.491	+10.930	+11.224	+2.835	+1.080	+11.397	+0.530	+0.570	+0.570	+0.573	+0.770	+0.590	+0.595	+0.596	+0.835	+0.588	+0.617	+0.582	+0.586	+0.583	+0.578	+0.582	+0.585	+0.583	+0.585	+0.772	+12.645	+12.062	+11.902	+11.854	+8.474	+10.052	+5.602	+5.485	+5.557	+8.767	+9.002	+2.052	+8.938	+8.932	+2.004	+2.002	+8.906	+1.835	+8.858	+2.067	+2.026	+2.055	+8.778	+1.803	+2.014	+8.992	+2.614	+8.876	+1.945	+1.933	+1.812	+1.933	+8.772	+1.801	+8.593	+8.162	+1.143	+1.964	+1.963	+1.819	+1.962	+1.855	+1.882	+1.881	+1.761	+1.140	+1.140	+2.371	+2.435	+1.819	+2.432	+2.449	+1.794	+2.425	+1.790	+1.719	+1.567	+1.708	+1.770	+1.720	+1.720	+1.773	+1.773	+1.773	+0.998	+1.874	+1.676	+1.672	+1.671	+1.332	+1.735	+1.816	+0.836	+2.814	+1.016	+0.982	+1.270	+6.275	+7.603	+7.617	+7.523	+0.376	+0.394	+0.381	+0.380	+0.382	+0.376	+0.367	+0.526	
rs7027181      +13.077	+13.506	+11.511	+12.258	+12.191	+11.476	+12.251	+12.268	+13.621	+11.708	+11.811	+12.230	+13.587	+12.185	+12.230	+12.266	+12.269	+12.226	+12.226	+12.236	+13.653	+13.593	+12.237	+13.655	+12.230	+13.676	+12.271	+12.228	+13.628	+12.248	+12.234	+13.591	+13.592	+12.214	+13.592	+13.593	+12.245	+12.236	+13.585	+13.594	+12.192	+13.601	+13.883	+13.876	+13.596	+13.632	+11.748	+13.563	+13.023	+12.192	+12.223	+12.193	+12.193	+12.192	+12.193	+12.206	+12.247	+13.674	+13.973	+14.230	+11.623	+11.636	+15.981	+11.626	+11.718	+11.718	+11.716	+11.874	+11.707	+11.705	+11.704	+11.928	+11.707	+11.697	+11.710	+11.717	+11.709	+11.711	+11.710	+11.709	+11.710	+11.708	+11.679	+14.898	+14.902	+14.955	+16.481	+13.465	+15.676	+13.371	+13.838	+13.346	+15.079	+15.260	+11.891	+15.226	+15.223	+11.880	+11.880	+15.208	+11.948	+15.184	+11.787	+11.898	+11.870	+15.131	+11.930	+11.891	+15.281	+11.981	+15.185	+11.854	+11.847	+11.936	+11.847	+15.127	+11.929	+15.015	+14.774	+11.755	+11.857	+11.857	+11.928	+11.856	+11.954	+11.832	+11.832	+11.911	+11.769	+11.770	+11.970	+11.957	+11.856	+11.958	+11.966	+11.844	+11.952	+11.932	+11.896	+11.828	+11.813	+11.850	+11.828	+11.828	+11.870	+11.869	+11.869	+11.702	+11.953	+11.808	+11.807	+11.806	+11.732	+11.844	+11.832	+11.616	+12.341	+11.729	+11.706	+12.146	+14.668	+16.380	+16.405	+16.344	+11.663	+11.722	+11.680	+11.678	+11.683	+11.668	+11.642	+11.719	
rs10981671     +8.461	+10.755	+0.543	+12.191	-0.585	+1.115	+12.099	+12.127	+10.988	+1.334	+10.089	+12.030	+10.906	-0.720	+12.031	+12.125	+12.132	+12.027	+12.028	+12.058	+11.041	+10.907	-0.714	+11.045	+12.041	+11.082	+12.139	-0.727	+10.976	-0.710	+12.054	+10.898	+10.902	-0.726	+10.901	+10.903	-0.712	+12.058	+10.887	+10.906	-0.730	+10.907	+11.431	+11.430	+10.910	+10.967	-0.931	+10.815	+9.488	+11.962	+12.052	+11.964	+11.965	+11.962	+11.967	+12.007	+12.112	+11.056	+11.500	+11.708	+2.572	+0.551	+10.958	-0.707	-0.742	-0.742	-0.739	+0.254	-0.728	-0.724	-0.723	+0.356	-0.729	-0.710	-0.733	-0.730	-0.733	-0.736	-0.733	-0.731	-0.733	-0.731	-0.602	+13.053	+12.802	+12.817	+11.394	+8.462	+9.533	+5.258	+4.952	+5.210	+8.196	+8.440	+1.626	+8.372	+8.365	+1.568	+1.566	+8.338	+1.188	+8.286	+1.531	+1.585	+1.532	+8.203	+1.150	+1.571	+8.414	+2.132	+8.306	+1.498	+1.485	+1.161	+1.484	+8.197	+1.148	+8.006	+7.555	+0.486	+1.515	+1.514	+1.163	+1.513	+1.203	+1.421	+1.420	+1.096	+0.482	+0.483	+1.850	+1.944	+1.366	+1.941	+1.960	+1.335	+1.934	+1.127	+1.043	+0.850	+1.232	+1.310	+1.250	+1.250	+1.308	+1.308	+1.307	+0.294	+1.445	+1.196	+1.192	+1.189	+0.760	+1.267	+1.350	+0.079	+2.435	+0.322	+0.278	+0.532	+5.681	+6.701	+6.711	+6.609	-0.854	-0.839	-0.852	-0.853	-0.850	-0.859	-0.875	-0.770	
rs10981673     +8.655	+10.358	+1.183	+11.476	+1.115	+1.513	+11.412	+11.432	+10.557	+2.385	+9.259	+11.342	+10.486	+1.116	+11.344	+11.430	+11.435	+11.342	+11.343	+11.370	+10.603	+10.483	+1.094	+10.606	+11.356	+10.634	+11.445	+1.102	+10.540	+1.090	+11.371	+10.474	+10.477	+1.102	+10.476	+10.478	+1.091	+11.374	+10.464	+10.480	+1.110	+10.485	+10.942	+10.938	+10.484	+10.542	+2.270	+10.411	+9.339	+11.273	+11.355	+11.275	+11.275	+11.273	+11.278	+11.315	+11.410	+10.625	+11.069	+11.374	+2.971	+1.537	+11.757	+1.137	+1.367	+1.367	+1.372	+1.415	+1.391	+1.397	+1.399	+1.472	+1.389	+1.402	+1.382	+1.384	+1.383	+1.377	+1.382	+1.385	+1.382	+1.386	+1.167	+12.806	+12.265	+12.133	+12.244	+8.910	+10.585	+7.040	+7.508	+6.995	+9.328	+9.559	+2.898	+9.496	+9.490	+2.851	+2.850	+9.464	+2.333	+9.417	+2.442	+2.878	+2.945	+9.338	+2.304	+2.866	+9.553	+2.956	+9.435	+2.793	+2.782	+2.312	+2.781	+9.332	+2.302	+9.156	+8.740	+2.111	+2.817	+2.817	+2.321	+2.816	+2.354	+2.731	+2.730	+2.265	+2.104	+2.104	+2.740	+2.783	+2.651	+2.780	+2.796	+2.627	+2.774	+2.294	+2.228	+2.089	+2.541	+2.601	+2.551	+2.551	+2.615	+2.614	+2.614	+1.948	+2.695	+2.508	+2.504	+2.503	+2.232	+2.565	+2.658	+1.766	+3.639	+1.949	+1.912	+2.168	+6.731	+8.327	+8.342	+8.250	+1.116	+1.135	+1.122	+1.122	+1.123	+1.120	+1.117	+1.310	
rs10817454     +13.009	+13.445	+11.447	+12.251	+12.099	+11.412	+12.193	+12.235	+13.559	+11.636	+11.747	+12.186	+13.525	+12.093	+12.186	+12.229	+12.233	+12.188	+12.189	+12.200	+13.591	+13.522	+12.144	+13.593	+12.194	+13.606	+12.241	+12.135	+13.552	+12.155	+12.198	+13.520	+13.522	+12.122	+13.521	+13.522	+12.152	+12.200	+13.515	+13.524	+12.100	+13.530	+13.812	+13.806	+13.526	+13.561	+11.686	+13.492	+12.952	+12.151	+12.186	+12.151	+12.152	+12.150	+12.152	+12.167	+12.213	+13.612	+13.901	+14.158	+11.554	+11.567	+15.964	+11.562	+11.653	+11.653	+11.651	+11.811	+11.643	+11.640	+11.640	+11.865	+11.643	+11.632	+11.645	+11.652	+11.645	+11.646	+11.645	+11.644	+11.645	+11.644	+11.615	+14.895	+14.897	+14.950	+16.465	+13.448	+15.653	+13.349	+13.807	+13.323	+15.053	+15.234	+11.834	+15.201	+15.197	+11.823	+11.823	+15.182	+11.882	+15.158	+11.728	+11.842	+11.813	+15.105	+11.863	+11.835	+15.255	+11.923	+15.159	+11.797	+11.790	+11.870	+11.790	+15.101	+11.862	+14.989	+14.750	+11.691	+11.800	+11.800	+11.862	+11.799	+11.887	+11.775	+11.775	+11.844	+11.705	+11.705	+11.912	+11.899	+11.797	+11.900	+11.908	+11.787	+11.893	+11.866	+11.830	+11.761	+11.756	+11.793	+11.771	+11.770	+11.812	+11.812	+11.812	+11.637	+11.896	+11.751	+11.749	+11.748	+11.672	+11.787	+11.774	+11.551	+12.290	+11.664	+11.641	+12.086	+14.640	+16.340	+16.366	+16.303	+11.598	+11.656	+11.614	+11.613	+11.618	+11.603	+11.576	+11.657	
rs10118429     +13.014	+13.450	+11.466	+12.268	+12.127	+11.432	+12.235	+12.212	+13.563	+11.663	+11.769	+12.208	+13.529	+12.120	+12.209	+12.249	+12.253	+12.204	+12.204	+12.215	+13.594	+13.535	+12.172	+13.597	+12.209	+13.618	+12.254	+12.163	+13.565	+12.183	+12.213	+13.532	+13.534	+12.149	+13.534	+13.534	+12.179	+12.214	+13.527	+13.536	+12.127	+13.542	+13.824	+13.818	+13.538	+13.574	+11.704	+13.505	+12.965	+12.166	+12.200	+12.167	+12.167	+12.166	+12.168	+12.181	+12.225	+13.615	+13.913	+14.169	+11.579	+11.583	+15.958	+11.581	+11.673	+11.673	+11.671	+11.829	+11.663	+11.660	+11.659	+11.883	+11.662	+11.652	+11.665	+11.672	+11.665	+11.666	+11.665	+11.664	+11.665	+11.664	+11.634	+14.892	+14.897	+14.949	+16.458	+13.446	+15.647	+13.349	+13.809	+13.324	+15.048	+15.229	+11.842	+15.196	+15.192	+11.831	+11.831	+15.177	+11.891	+15.154	+11.737	+11.849	+11.821	+15.101	+11.872	+11.842	+15.250	+11.930	+15.155	+11.805	+11.798	+11.879	+11.798	+15.097	+11.872	+14.984	+14.746	+11.702	+11.808	+11.808	+11.871	+11.807	+11.897	+11.783	+11.783	+11.854	+11.716	+11.716	+11.919	+11.906	+11.807	+11.907	+11.915	+11.795	+11.901	+11.875	+11.839	+11.772	+11.764	+11.801	+11.779	+11.779	+11.820	+11.820	+11.820	+11.649	+11.903	+11.759	+11.758	+11.757	+11.681	+11.795	+11.783	+11.564	+12.293	+11.676	+11.653	+12.095	+14.643	+16.339	+16.365	+16.303	+11.618	+11.677	+11.635	+11.633	+11.639	+11.623	+11.597	+11.672	
rs16912536     +10.567	+10.945	+10.427	+13.621	+10.988	+10.557	+13.559	+13.563	+10.971	+10.212	+13.162	+13.500	+10.986	+10.994	+13.500	+13.558	+13.561	+13.501	+13.501	+13.519	+11.049	+10.980	+10.941	+11.051	+13.510	+11.064	+13.569	+10.964	+11.005	+10.926	+13.519	+10.975	+10.977	+10.957	+10.976	+10.977	+10.929	+13.522	+10.971	+10.978	+10.983	+10.977	+11.275	+11.276	+10.980	+11.003	+10.174	+10.940	+11.174	+13.483	+13.537	+13.484	+13.485	+13.483	+13.487	+13.513	+13.577	+11.049	+11.337	+11.555	+10.484	+10.691	+15.439	+10.295	+10.364	+10.363	+10.363	+10.972	+10.365	+10.365	+10.365	+11.051	+10.364	+10.364	+10.364	+10.370	+10.364	+10.364	+10.364	+10.364	+10.364	+10.364	+10.400	+16.998	+17.955	+18.462	+15.988	+15.346	+15.008	+14.404	+12.766	+14.369	+14.517	+14.712	+11.117	+14.671	+14.667	+11.107	+11.107	+14.649	+10.325	+14.619	+11.081	+11.134	+10.998	+14.560	+10.312	+11.125	+14.710	+11.406	+14.613	+11.072	+11.063	+10.316	+11.063	+14.556	+10.311	+14.435	+14.178	+10.151	+11.087	+11.087	+10.314	+11.086	+10.331	+11.045	+11.045	+10.299	+10.156	+10.157	+11.473	+11.342	+11.056	+11.343	+11.355	+11.037	+11.335	+10.314	+10.291	+10.243	+10.995	+11.054	+11.021	+11.021	+11.075	+11.074	+11.074	+10.126	+11.187	+10.993	+10.990	+10.988	+10.450	+11.044	+11.058	+10.093	+11.533	+10.128	+10.118	+10.752	+15.625	+14.095	+14.124	+14.079	+10.441	+10.507	+10.435	+10.432	+10.439	+10.413	+10.366	+10.349	
rs10435864     +8.333	+10.015	+1.643	+11.708	+1.334	+2.385	+11.636	+11.663	+10.212	+1.917	+9.143	+11.565	+10.139	+1.334	+11.567	+11.663	+11.670	+11.568	+11.569	+11.598	+10.257	+10.136	+1.333	+10.261	+11.583	+10.291	+11.683	+1.334	+10.194	+1.333	+11.600	+10.126	+10.129	+1.334	+10.128	+10.130	+1.333	+11.604	+10.116	+10.132	+1.334	+10.136	+10.598	+10.595	+10.137	+10.192	+1.807	+10.061	+8.969	+11.487	+11.578	+11.489	+11.490	+11.487	+11.493	+11.535	+11.642	+10.275	+10.704	+10.982	+2.791	+1.618	+11.353	+1.846	+1.580	+1.580	+1.580	+1.987	+1.579	+1.579	+1.579	+2.056	+1.579	+1.578	+1.579	+1.584	+1.579	+1.579	+1.579	+1.579	+1.579	+1.579	+2.193	+12.439	+11.860	+11.690	+11.800	+8.218	+10.036	+5.997	+5.595	+5.955	+8.833	+9.072	+2.333	+9.014	+9.009	+2.298	+2.297	+8.984	+2.159	+8.941	+2.515	+2.316	+2.303	+8.866	+2.135	+2.306	+9.067	+2.908	+8.958	+2.254	+2.245	+2.143	+2.244	+8.860	+2.134	+8.690	+8.281	+1.632	+2.273	+2.273	+2.150	+2.272	+2.178	+2.210	+2.209	+2.106	+1.630	+1.630	+2.729	+2.818	+2.205	+2.816	+2.831	+2.186	+2.810	+2.130	+2.079	+1.968	+2.124	+2.174	+2.137	+2.137	+2.187	+2.187	+2.187	+1.557	+2.282	+2.106	+2.103	+2.103	+1.799	+2.155	+2.174	+1.482	+3.082	+1.585	+1.566	+1.962	+7.461	+8.250	+8.273	+8.182	+1.613	+1.640	+1.613	+1.611	+1.617	+1.599	+1.564	+1.543	
rs17762642     +11.132	+13.022	+9.254	+11.811	+10.089	+9.259	+11.747	+11.769	+13.162	+9.143	+9.923	+11.680	+13.116	+10.081	+11.682	+11.768	+11.774	+11.679	+11.680	+11.706	+13.199	+13.124	+10.139	+13.202	+11.692	+13.230	+11.782	+10.127	+13.169	+10.151	+11.706	+13.121	+13.123	+10.113	+13.122	+13.123	+10.147	+11.710	+13.114	+13.125	+10.089	+13.104	+13.463	+13.486	+13.128	+13.172	+9.411	+13.089	+12.376	+11.608	+11.688	+11.610	+11.611	+11.608	+11.613	+11.649	+11.742	+13.227	+13.568	+13.834	+9.177	+9.696	+14.186	+9.302	+9.381	+9.381	+9.380	+9.699	+9.376	+9.375	+9.375	+9.762	+9.376	+9.370	+9.377	+9.384	+9.377	+9.377	+9.377	+9.376	+9.377	+9.376	+9.387	+14.401	+14.400	+13.982	+14.692	+11.487	+13.753	+11.534	+12.159	+11.505	+13.095	+13.283	+9.634	+13.246	+13.243	+9.607	+9.606	+13.227	+9.570	+13.201	+9.401	+9.619	+9.577	+13.147	+9.553	+9.612	+13.301	+9.593	+13.223	+9.575	+9.568	+9.560	+9.567	+13.143	+9.553	+13.021	+12.755	+9.487	+9.578	+9.578	+9.555	+9.577	+9.577	+9.547	+9.547	+9.534	+9.498	+9.498	+9.571	+9.557	+9.559	+9.558	+9.565	+9.546	+9.553	+9.555	+9.519	+9.453	+9.511	+9.549	+9.526	+9.526	+9.570	+9.570	+9.570	+9.419	+9.644	+9.506	+9.504	+9.504	+9.444	+9.546	+9.538	+9.331	+10.470	+9.488	+9.463	+10.146	+12.530	+14.378	+14.403	+14.333	+9.348	+9.392	+9.358	+9.356	+9.361	+9.347	+9.324	+9.406	
rs12684417     +12.944	+13.389	+11.375	+12.230	+12.030	+11.342	+12.186	+12.208	+13.500	+11.565	+11.680	+12.120	+13.458	+12.023	+12.165	+12.210	+12.215	+12.160	+12.160	+12.173	+13.530	+13.463	+12.074	+13.532	+12.166	+13.554	+12.217	+12.065	+13.499	+12.085	+12.172	+13.461	+13.462	+12.052	+13.462	+13.463	+12.082	+12.173	+13.455	+13.464	+12.030	+13.470	+13.754	+13.748	+13.466	+13.502	+11.607	+13.433	+12.895	+12.114	+12.152	+12.115	+12.115	+12.114	+12.116	+12.133	+12.182	+13.550	+13.845	+14.103	+11.481	+11.493	+15.892	+11.489	+11.580	+11.580	+11.578	+11.742	+11.569	+11.567	+11.566	+11.796	+11.569	+11.559	+11.572	+11.579	+11.571	+11.573	+11.572	+11.571	+11.572	+11.571	+11.543	+14.838	+14.838	+14.889	+16.393	+13.374	+15.582	+13.277	+13.734	+13.251	+14.982	+15.163	+11.757	+15.130	+15.126	+11.746	+11.746	+15.111	+11.804	+15.087	+11.651	+11.765	+11.736	+15.034	+11.786	+11.758	+15.184	+11.846	+15.088	+11.720	+11.713	+11.792	+11.713	+15.030	+11.785	+14.917	+14.673	+11.614	+11.723	+11.723	+11.785	+11.723	+11.810	+11.698	+11.698	+11.767	+11.628	+11.628	+11.835	+11.822	+11.723	+11.824	+11.832	+11.711	+11.818	+11.789	+11.752	+11.684	+11.679	+11.717	+11.694	+11.694	+11.736	+11.736	+11.736	+11.561	+11.819	+11.675	+11.673	+11.672	+11.595	+11.711	+11.698	+11.476	+12.211	+11.588	+11.565	+12.008	+14.573	+16.270	+16.296	+16.234	+11.528	+11.586	+11.544	+11.543	+11.548	+11.532	+11.506	+11.579	
rs12339424     +10.502	+10.883	+10.352	+13.587	+10.906	+10.486	+13.525	+13.529	+10.986	+10.139	+13.116	+13.458	+10.893	+10.913	+13.458	+13.523	+13.526	+13.459	+13.459	+13.477	+11.016	+10.941	+10.860	+11.018	+13.468	+11.033	+13.534	+10.883	+10.971	+10.846	+13.477	+10.935	+10.937	+10.876	+10.936	+10.937	+10.849	+13.480	+10.930	+10.938	+10.903	+10.937	+11.271	+11.274	+10.941	+10.968	+10.097	+10.894	+10.991	+13.441	+13.502	+13.442	+13.443	+13.441	+13.445	+13.471	+13.541	+11.016	+11.319	+11.534	+10.415	+10.604	+15.394	+10.219	+10.287	+10.287	+10.287	+10.900	+10.288	+10.289	+10.289	+10.980	+10.288	+10.288	+10.288	+10.294	+10.288	+10.287	+10.288	+10.288	+10.288	+10.288	+10.323	+16.957	+17.908	+18.413	+15.942	+15.290	+14.958	+14.345	+12.707	+14.309	+14.465	+14.660	+11.051	+14.619	+14.615	+11.040	+11.040	+14.597	+10.254	+14.567	+11.014	+11.068	+10.931	+14.508	+10.241	+11.058	+14.658	+11.340	+14.561	+11.006	+10.997	+10.245	+10.996	+14.504	+10.240	+14.382	+14.124	+10.078	+11.021	+11.021	+10.243	+11.020	+10.261	+10.978	+10.978	+10.228	+10.083	+10.084	+11.407	+11.276	+10.989	+11.277	+11.288	+10.970	+11.269	+10.243	+10.220	+10.171	+10.927	+10.987	+10.954	+10.954	+11.008	+11.007	+11.007	+10.052	+11.120	+10.925	+10.923	+10.920	+10.380	+10.977	+10.992	+10.018	+11.468	+10.054	+10.044	+10.680	+15.562	+14.037	+14.066	+14.020	+10.364	+10.430	+10.358	+10.355	+10.362	+10.336	+10.289	+10.272	
rs7866724      +8.464	+10.760	+0.544	+12.185	-0.720	+1.116	+12.093	+12.120	+10.994	+1.334	+10.081	+12.023	+10.913	-0.586	+12.025	+12.118	+12.125	+12.020	+12.021	+12.051	+11.049	+10.914	-0.710	+11.053	+12.034	+11.090	+12.132	-0.727	+10.984	-0.708	+12.047	+10.906	+10.910	-0.722	+10.909	+10.911	-0.710	+12.051	+10.895	+10.914	-0.729	+10.915	+11.440	+11.439	+10.918	+10.975	-0.931	+10.823	+9.495	+11.956	+12.045	+11.958	+11.959	+11.955	+11.960	+12.000	+12.105	+11.064	+11.508	+11.715	+2.571	+0.553	+10.958	-0.708	-0.743	-0.743	-0.740	+0.254	-0.728	-0.725	-0.724	+0.356	-0.730	-0.710	-0.734	-0.730	-0.733	-0.737	-0.734	-0.732	-0.733	-0.732	-0.603	+13.048	+12.797	+12.811	+11.393	+8.459	+9.532	+5.257	+4.952	+5.209	+8.195	+8.439	+1.626	+8.371	+8.365	+1.568	+1.567	+8.337	+1.189	+8.285	+1.531	+1.586	+1.532	+8.203	+1.151	+1.571	+8.413	+2.132	+8.306	+1.498	+1.485	+1.161	+1.484	+8.196	+1.148	+8.005	+7.554	+0.487	+1.515	+1.514	+1.164	+1.513	+1.203	+1.421	+1.420	+1.096	+0.483	+0.483	+1.850	+1.944	+1.366	+1.940	+1.960	+1.335	+1.934	+1.127	+1.043	+0.850	+1.232	+1.310	+1.250	+1.250	+1.308	+1.308	+1.308	+0.294	+1.445	+1.197	+1.192	+1.190	+0.760	+1.267	+1.351	+0.079	+2.435	+0.322	+0.279	+0.532	+5.679	+6.702	+6.712	+6.610	-0.855	-0.839	-0.852	-0.853	-0.850	-0.859	-0.875	-0.771	
rs10981679     +12.945	+13.389	+11.377	+12.230	+12.031	+11.344	+12.186	+12.209	+13.500	+11.567	+11.682	+12.165	+13.458	+12.025	+12.122	+12.211	+12.216	+12.161	+12.161	+12.174	+13.530	+13.463	+12.076	+13.532	+12.168	+13.554	+12.218	+12.067	+13.499	+12.087	+12.173	+13.461	+13.463	+12.053	+13.462	+13.463	+12.084	+12.175	+13.456	+13.465	+12.032	+13.471	+13.754	+13.748	+13.467	+13.503	+11.608	+13.433	+12.896	+12.115	+12.153	+12.116	+12.116	+12.115	+12.117	+12.134	+12.183	+13.551	+13.845	+14.103	+11.483	+11.494	+15.893	+11.491	+11.582	+11.582	+11.580	+11.744	+11.571	+11.569	+11.568	+11.798	+11.571	+11.561	+11.574	+11.581	+11.573	+11.575	+11.574	+11.573	+11.573	+11.572	+11.545	+14.839	+14.839	+14.889	+16.394	+13.375	+15.583	+13.279	+13.735	+13.253	+14.983	+15.165	+11.759	+15.131	+15.127	+11.748	+11.748	+15.112	+11.806	+15.089	+11.653	+11.766	+11.737	+15.035	+11.788	+11.759	+15.185	+11.848	+15.089	+11.722	+11.715	+11.794	+11.715	+15.031	+11.787	+14.919	+14.674	+11.616	+11.725	+11.725	+11.786	+11.724	+11.812	+11.700	+11.700	+11.769	+11.630	+11.630	+11.837	+11.824	+11.724	+11.825	+11.833	+11.712	+11.819	+11.790	+11.754	+11.686	+11.681	+11.718	+11.696	+11.696	+11.737	+11.737	+11.737	+11.563	+11.821	+11.676	+11.674	+11.673	+11.597	+11.712	+11.699	+11.477	+12.213	+11.589	+11.567	+12.010	+14.575	+16.273	+16.298	+16.237	+11.530	+11.588	+11.546	+11.544	+11.550	+11.534	+11.508	+11.581	
rs12236187     +13.011	+13.448	+11.464	+12.266	+12.125	+11.430	+12.229	+12.249	+13.558	+11.663	+11.768	+12.210	+13.523	+12.118	+12.211	+12.211	+12.256	+12.206	+12.198	+12.217	+13.587	+13.528	+12.169	+13.590	+12.211	+13.611	+12.257	+12.161	+13.564	+12.180	+12.215	+13.526	+13.528	+12.147	+13.527	+13.528	+12.177	+12.217	+13.520	+13.529	+12.125	+13.536	+13.817	+13.811	+13.532	+13.567	+11.701	+13.498	+12.959	+12.168	+12.202	+12.168	+12.169	+12.168	+12.169	+12.183	+12.227	+13.608	+13.906	+14.163	+11.578	+11.579	+15.950	+11.579	+11.671	+11.671	+11.670	+11.827	+11.661	+11.659	+11.658	+11.881	+11.661	+11.650	+11.663	+11.671	+11.663	+11.664	+11.663	+11.662	+11.663	+11.662	+11.632	+14.884	+14.888	+14.940	+16.451	+13.439	+15.647	+13.350	+13.808	+13.324	+15.049	+15.230	+11.839	+15.197	+15.193	+11.828	+11.828	+15.178	+11.888	+15.154	+11.734	+11.846	+11.818	+15.101	+11.869	+11.839	+15.250	+11.927	+15.155	+11.802	+11.796	+11.876	+11.795	+15.097	+11.868	+14.985	+14.740	+11.699	+11.805	+11.805	+11.868	+11.805	+11.893	+11.780	+11.781	+11.851	+11.713	+11.713	+11.917	+11.903	+11.804	+11.904	+11.912	+11.792	+11.898	+11.872	+11.836	+11.769	+11.761	+11.798	+11.776	+11.776	+11.818	+11.818	+11.818	+11.646	+11.901	+11.757	+11.755	+11.754	+11.678	+11.792	+11.780	+11.562	+12.290	+11.673	+11.650	+12.094	+14.647	+16.348	+16.374	+16.312	+11.618	+11.677	+11.634	+11.633	+11.638	+11.623	+11.596	+11.668	
rs12346816     +13.014	+13.451	+11.470	+12.269	+12.132	+11.435	+12.233	+12.253	+13.561	+11.670	+11.774	+12.215	+13.526	+12.125	+12.216	+12.256	+12.216	+12.211	+12.212	+12.221	+13.590	+13.530	+12.176	+13.592	+12.216	+13.613	+12.261	+12.168	+13.566	+12.187	+12.220	+13.528	+13.530	+12.153	+13.529	+13.530	+12.184	+12.221	+13.523	+13.532	+12.132	+13.538	+13.819	+13.813	+13.534	+13.569	+11.706	+13.500	+12.962	+12.173	+12.206	+12.173	+12.174	+12.172	+12.174	+12.187	+12.231	+13.611	+13.908	+14.165	+11.585	+11.585	+15.952	+11.585	+11.677	+11.677	+11.675	+11.833	+11.666	+11.664	+11.663	+11.886	+11.666	+11.656	+11.669	+11.676	+11.668	+11.670	+11.669	+11.668	+11.668	+11.667	+11.638	+14.885	+14.889	+14.941	+16.453	+13.442	+15.650	+13.354	+13.812	+13.328	+15.052	+15.233	+11.844	+15.199	+15.196	+11.833	+11.833	+15.181	+11.892	+15.157	+11.739	+11.851	+11.823	+15.104	+11.874	+11.844	+15.253	+11.932	+15.158	+11.807	+11.800	+11.880	+11.800	+15.100	+11.873	+14.988	+14.743	+11.703	+11.810	+11.810	+11.873	+11.809	+11.898	+11.785	+11.785	+11.855	+11.718	+11.718	+11.921	+11.908	+11.810	+11.909	+11.917	+11.798	+11.903	+11.877	+11.841	+11.773	+11.767	+11.804	+11.782	+11.781	+11.823	+11.823	+11.823	+11.651	+11.906	+11.762	+11.760	+11.759	+11.684	+11.798	+11.785	+11.567	+12.295	+11.678	+11.655	+12.100	+14.651	+16.352	+16.377	+16.316	+11.623	+11.682	+11.640	+11.638	+11.643	+11.628	+11.601	+11.674	
rs7038260      +12.947	+13.390	+11.376	+12.226	+12.027	+11.342	+12.188	+12.204	+13.501	+11.568	+11.679	+12.160	+13.459	+12.020	+12.161	+12.206	+12.211	+12.121	+12.165	+12.178	+13.530	+13.455	+12.071	+13.532	+12.172	+13.545	+12.222	+12.062	+13.491	+12.082	+12.177	+13.453	+13.454	+12.049	+13.454	+13.455	+12.079	+12.178	+13.447	+13.456	+12.027	+13.463	+13.745	+13.739	+13.458	+13.494	+11.607	+13.425	+12.888	+12.118	+12.155	+12.118	+12.119	+12.117	+12.120	+12.136	+12.185	+13.550	+13.837	+14.095	+11.484	+11.491	+15.896	+11.490	+11.580	+11.580	+11.578	+11.743	+11.570	+11.568	+11.567	+11.797	+11.570	+11.560	+11.572	+11.580	+11.572	+11.573	+11.572	+11.571	+11.572	+11.571	+11.543	+14.841	+14.840	+14.891	+16.398	+13.378	+15.589	+13.285	+13.741	+13.259	+14.989	+15.170	+11.762	+15.137	+15.133	+11.751	+11.751	+15.118	+11.807	+15.094	+11.655	+11.769	+11.740	+15.041	+11.789	+11.762	+15.190	+11.850	+15.095	+11.724	+11.718	+11.795	+11.717	+15.037	+11.788	+14.924	+14.678	+11.617	+11.728	+11.727	+11.788	+11.727	+11.813	+11.702	+11.702	+11.770	+11.631	+11.632	+11.839	+11.827	+11.725	+11.828	+11.836	+11.715	+11.820	+11.791	+11.755	+11.687	+11.684	+11.721	+11.698	+11.698	+11.740	+11.740	+11.740	+11.564	+11.824	+11.679	+11.677	+11.676	+11.599	+11.715	+11.702	+11.478	+12.217	+11.591	+11.568	+12.013	+14.579	+16.278	+16.303	+16.242	+11.528	+11.586	+11.545	+11.543	+11.548	+11.533	+11.506	+11.580	
rs7021999      +12.948	+13.390	+11.377	+12.226	+12.028	+11.343	+12.189	+12.204	+13.501	+11.569	+11.680	+12.160	+13.459	+12.021	+12.161	+12.198	+12.212	+12.165	+12.121	+12.179	+13.530	+13.455	+12.072	+13.533	+12.172	+13.546	+12.222	+12.063	+13.491	+12.083	+12.177	+13.453	+13.455	+12.050	+13.454	+13.455	+12.080	+12.179	+13.448	+13.457	+12.028	+13.463	+13.746	+13.740	+13.459	+13.495	+11.608	+13.425	+12.889	+12.118	+12.155	+12.119	+12.119	+12.118	+12.120	+12.137	+12.186	+13.551	+13.837	+14.095	+11.485	+11.492	+15.897	+11.491	+11.581	+11.581	+11.579	+11.744	+11.571	+11.568	+11.568	+11.798	+11.571	+11.560	+11.573	+11.580	+11.573	+11.574	+11.573	+11.572	+11.573	+11.572	+11.544	+14.841	+14.840	+14.891	+16.398	+13.379	+15.589	+13.285	+13.741	+13.260	+14.989	+15.171	+11.763	+15.137	+15.134	+11.751	+11.751	+15.119	+11.808	+15.095	+11.656	+11.770	+11.741	+15.042	+11.790	+11.763	+15.191	+11.851	+15.096	+11.725	+11.718	+11.796	+11.718	+15.037	+11.789	+14.925	+14.679	+11.618	+11.728	+11.728	+11.788	+11.728	+11.814	+11.703	+11.703	+11.771	+11.632	+11.632	+11.840	+11.827	+11.726	+11.828	+11.836	+11.716	+11.821	+11.792	+11.756	+11.688	+11.684	+11.722	+11.699	+11.699	+11.741	+11.741	+11.741	+11.565	+11.824	+11.679	+11.678	+11.677	+11.599	+11.716	+11.703	+11.479	+12.218	+11.592	+11.569	+12.014	+14.580	+16.279	+16.304	+16.242	+11.529	+11.587	+11.545	+11.544	+11.549	+11.534	+11.507	+11.581	
rs7850723      +12.968	+13.408	+11.404	+12.236	+12.058	+11.370	+12.200	+12.215	+13.519	+11.598	+11.706	+12.173	+13.477	+12.051	+12.174	+12.217	+12.221	+12.178	+12.179	+12.149	+13.548	+13.473	+12.102	+13.550	+12.185	+13.563	+12.231	+12.093	+13.509	+12.113	+12.189	+13.471	+13.472	+12.079	+13.472	+13.473	+12.110	+12.191	+13.465	+13.474	+12.058	+13.481	+13.763	+13.757	+13.476	+13.512	+11.634	+13.443	+12.908	+12.134	+12.168	+12.135	+12.135	+12.134	+12.136	+12.151	+12.197	+13.568	+13.853	+14.110	+11.515	+11.517	+15.915	+11.518	+11.608	+11.608	+11.607	+11.771	+11.598	+11.596	+11.595	+11.825	+11.598	+11.588	+11.600	+11.608	+11.600	+11.601	+11.600	+11.599	+11.600	+11.599	+11.571	+14.856	+14.856	+14.907	+16.416	+13.400	+15.609	+13.308	+13.765	+13.283	+15.010	+15.191	+11.787	+15.158	+15.154	+11.776	+11.776	+15.139	+11.833	+15.115	+11.680	+11.795	+11.766	+15.062	+11.814	+11.788	+15.211	+11.875	+15.116	+11.750	+11.743	+11.821	+11.743	+15.058	+11.814	+14.945	+14.700	+11.644	+11.753	+11.753	+11.813	+11.752	+11.839	+11.728	+11.728	+11.796	+11.658	+11.658	+11.864	+11.851	+11.751	+11.852	+11.860	+11.741	+11.845	+11.817	+11.781	+11.713	+11.709	+11.747	+11.724	+11.724	+11.766	+11.766	+11.766	+11.591	+11.849	+11.705	+11.703	+11.702	+11.625	+11.741	+11.728	+11.506	+12.242	+11.618	+11.595	+12.040	+14.602	+16.301	+16.326	+16.264	+11.556	+11.614	+11.572	+11.570	+11.576	+11.560	+11.534	+11.609	
rs7035169      +10.609	+10.979	+10.473	+13.653	+11.041	+10.603	+13.591	+13.594	+11.049	+10.257	+13.199	+13.530	+11.016	+11.049	+13.530	+13.587	+13.590	+13.530	+13.530	+13.548	+11.019	+11.011	+10.996	+11.075	+13.538	+11.086	+13.597	+11.019	+11.032	+10.981	+13.547	+11.007	+11.008	+11.013	+11.008	+11.008	+10.984	+13.550	+11.003	+11.009	+11.039	+11.007	+11.285	+11.286	+11.011	+11.030	+10.221	+10.973	+11.295	+13.512	+13.565	+13.513	+13.514	+13.512	+13.515	+13.542	+13.605	+11.072	+11.350	+11.568	+10.527	+10.749	+15.469	+10.342	+10.411	+10.411	+10.411	+11.019	+10.412	+10.412	+10.412	+11.098	+10.411	+10.411	+10.411	+10.418	+10.411	+10.411	+10.411	+10.411	+10.411	+10.411	+10.446	+17.029	+17.990	+18.499	+16.019	+15.384	+15.043	+14.452	+12.809	+14.416	+14.555	+14.749	+11.163	+14.709	+14.705	+11.153	+11.153	+14.687	+10.369	+14.657	+11.126	+11.180	+11.043	+14.598	+10.357	+11.171	+14.748	+11.450	+14.651	+11.118	+11.109	+10.361	+11.109	+14.594	+10.356	+14.473	+14.215	+10.197	+11.133	+11.133	+10.358	+11.132	+10.376	+11.091	+11.091	+10.344	+10.203	+10.203	+11.518	+11.386	+11.102	+11.388	+11.399	+11.083	+11.380	+10.359	+10.336	+10.288	+11.041	+11.100	+11.068	+11.068	+11.121	+11.121	+11.121	+10.172	+11.234	+11.039	+11.036	+11.034	+10.496	+11.091	+11.104	+10.139	+11.578	+10.174	+10.164	+10.799	+15.671	+14.136	+14.165	+14.120	+10.489	+10.556	+10.483	+10.480	+10.487	+10.461	+10.413	+10.396	
rs7038133      +10.501	+10.877	+10.349	+13.593	+10.907	+10.483	+13.522	+13.535	+10.980	+10.136	+13.124	+13.463	+10.941	+10.914	+13.463	+13.528	+13.530	+13.455	+13.455	+13.473	+11.011	+10.891	+10.861	+11.013	+13.463	+11.038	+13.530	+10.885	+10.974	+10.847	+13.473	+10.938	+10.940	+10.878	+10.940	+10.941	+10.850	+13.475	+10.934	+10.942	+10.904	+10.940	+11.280	+11.284	+10.944	+10.971	+10.095	+10.896	+11.032	+13.436	+13.497	+13.438	+13.438	+13.437	+13.440	+13.467	+13.537	+11.013	+11.319	+11.532	+10.411	+10.606	+15.399	+10.216	+10.285	+10.285	+10.285	+10.900	+10.286	+10.287	+10.287	+10.980	+10.286	+10.286	+10.285	+10.292	+10.286	+10.285	+10.285	+10.285	+10.286	+10.286	+10.320	+16.961	+17.911	+18.417	+15.949	+15.297	+14.965	+14.356	+12.715	+14.321	+14.473	+14.668	+11.056	+14.627	+14.623	+11.046	+11.046	+14.605	+10.254	+14.575	+11.018	+11.073	+10.936	+14.516	+10.241	+11.063	+14.666	+11.344	+14.569	+11.011	+11.002	+10.245	+11.001	+14.512	+10.241	+14.390	+14.130	+10.078	+11.026	+11.026	+10.243	+11.025	+10.261	+10.983	+10.983	+10.229	+10.083	+10.083	+11.411	+11.280	+10.991	+11.282	+11.293	+10.975	+11.272	+10.244	+10.220	+10.171	+10.932	+10.992	+10.959	+10.959	+11.013	+11.012	+11.012	+10.051	+11.125	+10.930	+10.928	+10.925	+10.382	+10.982	+10.997	+10.017	+11.475	+10.054	+10.044	+10.683	+15.569	+14.043	+14.072	+14.026	+10.361	+10.427	+10.355	+10.351	+10.359	+10.333	+10.286	+10.271	
rs7865937      +8.425	+10.706	+0.508	+12.237	-0.714	+1.094	+12.144	+12.172	+10.941	+1.333	+10.139	+12.074	+10.860	-0.710	+12.076	+12.169	+12.176	+12.071	+12.072	+12.102	+10.996	+10.861	-0.575	+11.000	+12.085	+11.036	+12.183	-0.715	+10.930	-0.707	+12.098	+10.853	+10.857	-0.712	+10.856	+10.858	-0.708	+12.102	+10.842	+10.860	-0.713	+10.862	+11.385	+11.384	+10.865	+10.922	-0.918	+10.771	+9.448	+12.007	+12.097	+12.009	+12.010	+12.006	+12.012	+12.051	+12.156	+11.011	+11.455	+11.664	+2.577	+0.533	+10.963	-0.696	-0.731	-0.731	-0.728	+0.247	-0.716	-0.713	-0.712	+0.348	-0.718	-0.698	-0.722	-0.718	-0.721	-0.725	-0.722	-0.720	-0.721	-0.719	-0.589	+13.094	+12.856	+12.875	+11.399	+8.512	+9.536	+5.269	+4.950	+5.221	+8.202	+8.445	+1.623	+8.378	+8.371	+1.565	+1.564	+8.343	+1.182	+8.292	+1.532	+1.583	+1.531	+8.209	+1.144	+1.569	+8.420	+2.133	+8.312	+1.496	+1.482	+1.155	+1.481	+8.203	+1.142	+8.012	+7.561	+0.481	+1.512	+1.512	+1.157	+1.511	+1.197	+1.419	+1.418	+1.090	+0.476	+0.477	+1.853	+1.945	+1.363	+1.941	+1.961	+1.332	+1.935	+1.121	+1.038	+0.845	+1.230	+1.308	+1.248	+1.247	+1.306	+1.305	+1.305	+0.289	+1.442	+1.194	+1.189	+1.187	+0.756	+1.265	+1.349	+0.076	+2.430	+0.317	+0.274	+0.531	+5.698	+6.695	+6.705	+6.603	-0.844	-0.829	-0.842	-0.843	-0.840	-0.849	-0.865	-0.760	
rs16927031     +10.612	+10.982	+10.477	+13.655	+11.045	+10.606	+13.593	+13.597	+11.051	+10.261	+13.202	+13.532	+11.018	+11.053	+13.532	+13.590	+13.592	+13.532	+13.533	+13.550	+11.075	+11.013	+11.000	+11.023	+13.540	+11.087	+13.599	+11.023	+11.034	+10.985	+13.549	+11.009	+11.010	+11.017	+11.010	+11.011	+10.989	+13.552	+11.006	+11.012	+11.043	+11.010	+11.286	+11.287	+11.013	+11.032	+10.224	+10.976	+11.303	+13.514	+13.568	+13.515	+13.516	+13.514	+13.518	+13.544	+13.607	+11.073	+11.351	+11.569	+10.530	+10.754	+15.471	+10.346	+10.414	+10.414	+10.414	+11.022	+10.415	+10.416	+10.416	+11.102	+10.415	+10.414	+10.415	+10.421	+10.415	+10.414	+10.415	+10.415	+10.415	+10.415	+10.449	+17.031	+17.992	+18.501	+16.021	+15.386	+15.046	+14.455	+12.812	+14.420	+14.558	+14.752	+11.166	+14.711	+14.707	+11.156	+11.156	+14.689	+10.373	+14.660	+11.129	+11.184	+11.047	+14.601	+10.360	+11.174	+14.750	+11.453	+14.654	+11.122	+11.113	+10.364	+11.113	+14.597	+10.359	+14.475	+14.217	+10.201	+11.137	+11.137	+10.362	+11.136	+10.379	+11.094	+11.094	+10.348	+10.206	+10.206	+11.521	+11.389	+11.105	+11.391	+11.402	+11.087	+11.383	+10.363	+10.339	+10.292	+11.044	+11.104	+11.071	+11.071	+11.125	+11.124	+11.124	+10.175	+11.237	+11.043	+11.040	+11.038	+10.499	+11.094	+11.108	+10.143	+11.581	+10.178	+10.168	+10.802	+15.674	+14.139	+14.168	+14.123	+10.492	+10.559	+10.486	+10.483	+10.490	+10.464	+10.417	+10.399	
rs7856067      +12.958	+13.399	+11.389	+12.230	+12.041	+11.356	+12.194	+12.209	+13.510	+11.583	+11.692	+12.166	+13.468	+12.034	+12.168	+12.211	+12.216	+12.172	+12.172	+12.185	+13.538	+13.463	+12.085	+13.540	+12.134	+13.553	+12.227	+12.076	+13.499	+12.096	+12.183	+13.461	+13.462	+12.063	+13.462	+13.463	+12.093	+12.185	+13.455	+13.464	+12.041	+13.471	+13.753	+13.747	+13.467	+13.502	+11.621	+13.433	+12.897	+12.126	+12.162	+12.127	+12.127	+12.126	+12.128	+12.144	+12.192	+13.558	+13.844	+14.102	+11.499	+11.504	+15.904	+11.504	+11.594	+11.594	+11.592	+11.757	+11.584	+11.581	+11.581	+11.811	+11.584	+11.573	+11.586	+11.593	+11.586	+11.587	+11.586	+11.585	+11.586	+11.585	+11.556	+14.846	+14.846	+14.897	+16.406	+13.387	+15.598	+13.296	+13.753	+13.271	+14.998	+15.180	+11.775	+15.146	+15.143	+11.764	+11.763	+15.128	+11.820	+15.104	+11.667	+11.782	+11.753	+15.051	+11.802	+11.775	+15.200	+11.862	+15.105	+11.737	+11.731	+11.808	+11.730	+15.047	+11.801	+14.934	+14.688	+11.630	+11.740	+11.740	+11.800	+11.740	+11.826	+11.715	+11.715	+11.783	+11.645	+11.645	+11.851	+11.839	+11.738	+11.840	+11.848	+11.728	+11.832	+11.804	+11.768	+11.700	+11.696	+11.734	+11.711	+11.711	+11.753	+11.753	+11.753	+11.577	+11.837	+11.692	+11.690	+11.689	+11.612	+11.728	+11.715	+11.492	+12.230	+11.604	+11.582	+12.027	+14.590	+16.290	+16.315	+16.253	+11.542	+11.600	+11.558	+11.556	+11.562	+11.546	+11.520	+11.594	
rs10981682     +10.641	+10.999	+10.506	+13.676	+11.082	+10.634	+13.606	+13.618	+11.064	+10.291	+13.230	+13.554	+11.033	+11.090	+13.554	+13.611	+13.613	+13.545	+13.546	+13.563	+11.086	+11.038	+11.036	+11.087	+13.553	+11.054	+13.612	+11.060	+11.055	+11.022	+13.562	+11.034	+11.035	+11.053	+11.035	+11.035	+11.025	+13.565	+11.031	+11.036	+11.079	+11.033	+11.295	+11.295	+11.037	+11.053	+10.256	+11.001	+11.413	+13.527	+13.581	+13.529	+13.529	+13.528	+13.531	+13.557	+13.620	+11.086	+11.360	+11.578	+10.558	+10.790	+15.504	+10.377	+10.446	+10.446	+10.446	+11.054	+10.447	+10.447	+10.447	+11.134	+10.447	+10.446	+10.446	+10.453	+10.446	+10.446	+10.446	+10.446	+10.446	+10.446	+10.480	+17.060	+18.026	+18.537	+16.055	+15.426	+15.081	+14.495	+12.847	+14.459	+14.595	+14.789	+11.203	+14.748	+14.744	+11.193	+11.193	+14.727	+10.406	+14.697	+11.166	+11.220	+11.083	+14.638	+10.393	+11.211	+14.787	+11.491	+14.691	+11.159	+11.149	+10.397	+11.149	+14.634	+10.393	+14.513	+14.254	+10.233	+11.174	+11.173	+10.395	+11.173	+10.413	+11.131	+11.131	+10.381	+10.239	+10.239	+11.559	+11.427	+11.140	+11.429	+11.440	+11.124	+11.419	+10.396	+10.372	+10.325	+11.082	+11.142	+11.109	+11.109	+11.162	+11.162	+11.162	+10.208	+11.275	+11.080	+11.077	+11.075	+10.534	+11.132	+11.145	+10.175	+11.619	+10.210	+10.200	+10.838	+15.711	+14.171	+14.201	+14.155	+10.523	+10.590	+10.517	+10.514	+10.521	+10.495	+10.448	+10.431	
rs7860472      +13.026	+13.459	+11.480	+12.271	+12.139	+11.445	+12.241	+12.254	+13.569	+11.683	+11.782	+12.217	+13.534	+12.132	+12.218	+12.257	+12.261	+12.222	+12.222	+12.231	+13.597	+13.530	+12.183	+13.599	+12.227	+13.612	+12.226	+12.175	+13.565	+12.194	+12.230	+13.527	+13.529	+12.161	+13.528	+13.529	+12.191	+12.232	+13.522	+13.530	+12.139	+13.537	+13.818	+13.812	+13.533	+13.568	+11.716	+13.499	+12.962	+12.184	+12.215	+12.184	+12.185	+12.183	+12.185	+12.197	+12.239	+13.617	+13.906	+14.162	+11.599	+11.592	+15.962	+11.595	+11.687	+11.687	+11.685	+11.843	+11.676	+11.674	+11.673	+11.897	+11.676	+11.666	+11.679	+11.686	+11.679	+11.680	+11.679	+11.678	+11.679	+11.678	+11.647	+14.891	+14.895	+14.948	+16.463	+13.452	+15.662	+13.368	+13.827	+13.343	+15.064	+15.246	+11.857	+15.212	+15.209	+11.846	+11.846	+15.194	+11.904	+15.170	+11.751	+11.865	+11.836	+15.117	+11.886	+11.857	+15.266	+11.944	+15.171	+11.820	+11.813	+11.892	+11.813	+15.113	+11.885	+15.001	+14.755	+11.716	+11.823	+11.823	+11.884	+11.823	+11.910	+11.798	+11.798	+11.867	+11.730	+11.730	+11.933	+11.920	+11.821	+11.921	+11.929	+11.811	+11.914	+11.888	+11.852	+11.785	+11.780	+11.817	+11.795	+11.795	+11.836	+11.836	+11.836	+11.663	+11.920	+11.775	+11.773	+11.773	+11.697	+11.811	+11.797	+11.579	+12.310	+11.690	+11.668	+12.114	+14.664	+16.366	+16.391	+16.330	+11.633	+11.691	+11.649	+11.648	+11.653	+11.638	+11.611	+11.685	
rs4596714      +8.444	+10.729	+0.518	+12.228	-0.727	+1.102	+12.135	+12.163	+10.964	+1.334	+10.127	+12.065	+10.883	-0.727	+12.067	+12.161	+12.168	+12.062	+12.063	+12.093	+11.019	+10.885	-0.715	+11.023	+12.076	+11.060	+12.175	-0.580	+10.955	-0.708	+12.093	+10.877	+10.881	-0.720	+10.880	+10.882	-0.709	+12.097	+10.866	+10.885	-0.722	+10.887	+11.410	+11.409	+10.890	+10.946	-0.925	+10.795	+9.469	+12.002	+12.092	+12.004	+12.005	+12.001	+12.006	+12.046	+12.151	+11.035	+11.480	+11.690	+2.576	+0.545	+10.962	-0.701	-0.736	-0.736	-0.733	+0.250	-0.722	-0.718	-0.717	+0.352	-0.723	-0.703	-0.727	-0.724	-0.727	-0.730	-0.727	-0.725	-0.727	-0.725	-0.595	+13.089	+12.850	+12.869	+11.398	+8.501	+9.536	+5.265	+4.952	+5.217	+8.200	+8.444	+1.625	+8.376	+8.370	+1.568	+1.566	+8.342	+1.187	+8.290	+1.533	+1.585	+1.532	+8.208	+1.149	+1.571	+8.418	+2.134	+8.310	+1.498	+1.485	+1.159	+1.484	+8.201	+1.146	+8.011	+7.559	+0.485	+1.515	+1.514	+1.162	+1.513	+1.201	+1.421	+1.420	+1.094	+0.481	+0.481	+1.853	+1.946	+1.365	+1.942	+1.961	+1.335	+1.935	+1.125	+1.042	+0.849	+1.232	+1.310	+1.250	+1.250	+1.308	+1.308	+1.307	+0.293	+1.444	+1.197	+1.192	+1.190	+0.759	+1.267	+1.351	+0.079	+2.433	+0.321	+0.278	+0.532	+5.691	+6.700	+6.710	+6.609	-0.849	-0.834	-0.846	-0.848	-0.845	-0.854	-0.869	-0.765	
rs55660432     +10.554	+10.916	+10.407	+13.628	+10.976	+10.540	+13.552	+13.565	+11.005	+10.194	+13.169	+13.499	+10.971	+10.984	+13.499	+13.564	+13.566	+13.491	+13.491	+13.509	+11.032	+10.974	+10.930	+11.034	+13.499	+11.055	+13.565	+10.955	+10.953	+10.917	+13.508	+10.970	+10.972	+10.948	+10.972	+10.972	+10.920	+13.511	+10.966	+10.974	+10.974	+10.972	+11.280	+11.283	+10.975	+10.998	+10.156	+10.933	+11.137	+13.472	+13.532	+13.473	+13.474	+13.472	+13.476	+13.502	+13.572	+11.037	+11.334	+11.547	+10.463	+10.682	+15.429	+10.277	+10.345	+10.345	+10.345	+10.958	+10.347	+10.347	+10.347	+11.038	+10.346	+10.346	+10.346	+10.352	+10.346	+10.346	+10.346	+10.346	+10.346	+10.346	+10.379	+16.991	+17.949	+18.459	+15.978	+15.342	+14.992	+14.403	+12.756	+14.367	+14.502	+14.697	+11.110	+14.656	+14.652	+11.100	+11.100	+14.634	+10.309	+14.604	+11.071	+11.128	+10.990	+14.545	+10.296	+11.118	+14.695	+11.396	+14.598	+11.066	+11.056	+10.300	+11.056	+14.541	+10.295	+14.420	+14.168	+10.135	+11.081	+11.080	+10.298	+11.080	+10.316	+11.038	+11.038	+10.284	+10.141	+10.141	+11.463	+11.331	+11.045	+11.333	+11.344	+11.029	+11.323	+10.299	+10.275	+10.227	+10.986	+11.046	+11.013	+11.013	+11.066	+11.066	+11.066	+10.109	+11.179	+10.984	+10.981	+10.979	+10.437	+11.036	+11.051	+10.076	+11.526	+10.112	+10.102	+10.739	+15.613	+14.075	+14.104	+14.058	+10.421	+10.487	+10.415	+10.412	+10.419	+10.393	+10.346	+10.332	
