## Summary of overall evidence for association with region:
## log10(BF for region) = -0.308353
## p-value for region = NA

## BFs for choosing among multi-SNP models:
## log10(average 1-SNP BF) = -0.255713
## log10(average 2-SNP BF) = -0.437784

## Example posterior probabilities for multi-SNP models, based on default prior: [p(l) propto 0.5^l for l=1,2,...,L]
## posterior probability of 1-SNP = 0.752573
## posterior probability of 2-SNP = 0.247427

## log10(BF) for single SNP and pair of SNPs:
rs10499674     -0.422	-0.540	-0.540	-0.536	-0.540	-0.535	-0.542	-0.526	-0.628	-0.275	-0.536	-0.633	-0.691	-0.907	-0.528	-0.534	-0.547	-0.646	-0.915	-0.914	-0.916	-0.620	-0.758	-0.844	-0.844	-0.844	-0.844	-0.600	-0.605	-0.844	-0.790	-0.844	-0.844	-0.843	-0.843	-0.844	-0.844	-0.844	-0.843	-0.797	-0.844	-0.843	-0.701	-0.845	-0.846	-0.845	-0.839	-0.790	-0.841	-0.843	-0.843	-0.748	-0.843	-0.845	-0.755	-0.740	-0.737	+0.022	+0.004	-0.764	-0.765	-0.765	-0.765	-0.770	-0.762	-0.774	-0.667	-0.696	-0.777	-0.784	-0.505	-0.332	-0.711	-0.413	-0.603	-0.413	-0.444	-0.914	-0.632	-0.713	-0.915	-0.692	-0.430	-0.614	-0.539	-0.516	-0.346	-0.719	-0.503	-0.701	-0.424	-0.490	-0.437	-0.528	-0.536	-0.744	-0.706	-0.507	-0.939	-0.652	-0.735	-0.893	-0.939	-0.659	-0.667	-0.673	-0.714	-0.675	-0.670	-0.781	-0.710	-0.528	-0.664	-0.444	-0.328	+0.021	-0.643	-0.704	+0.021	+0.025	+0.074	-0.460	+0.110	+0.115	-0.473	-0.333	-0.647	-0.342	-0.297	+0.044	-0.062	-0.668	-0.665	-0.215	-0.734	-0.719	-0.708	-0.783	-0.654	-0.660	-0.789	-0.411	-0.558	-0.662	-0.661	-0.662	-0.662	-0.662	-0.662	-0.384	-0.718	-0.662	-0.662	-0.542	-0.539	-0.507	-0.541	-0.789	-0.657	-0.804	-0.547	-0.814	-0.813	-0.470	-0.658	-0.820	-0.820	-0.552	-0.818	-0.606	-0.505	-0.809	-0.828	-0.510	-0.552	-0.647	-0.817	-0.660	-0.516	-0.535	-0.616	-0.602	-0.796	-0.528	-0.637	-0.518	
rs60243824     -0.540	-0.368	-0.530	-0.541	-0.538	-0.474	-0.482	-0.545	-0.559	-0.209	-0.546	-0.565	-0.597	-0.845	-0.547	-0.547	-0.538	-0.592	-0.867	-0.867	-0.869	-0.600	-0.711	-0.794	-0.794	-0.794	-0.794	-0.551	-0.556	-0.794	-0.738	-0.794	-0.793	-0.793	-0.793	-0.794	-0.794	-0.794	-0.793	-0.748	-0.794	-0.793	-0.644	-0.795	-0.795	-0.795	-0.790	-0.742	-0.792	-0.793	-0.794	-0.698	-0.794	-0.796	-0.706	-0.691	-0.688	+0.062	+0.044	-0.713	-0.714	-0.714	-0.714	-0.719	-0.711	-0.724	-0.611	-0.648	-0.727	-0.733	-0.455	-0.290	-0.659	-0.366	-0.559	-0.372	-0.403	-0.866	-0.582	-0.669	-0.866	-0.647	-0.390	-0.570	-0.496	-0.473	-0.306	-0.668	-0.460	-0.649	-0.371	-0.448	-0.384	-0.485	-0.493	-0.697	-0.655	-0.454	-0.889	-0.601	-0.684	-0.842	-0.889	-0.608	-0.617	-0.623	-0.662	-0.624	-0.619	-0.735	-0.664	-0.485	-0.614	-0.392	-0.286	+0.070	-0.593	-0.653	+0.070	+0.074	+0.121	-0.417	+0.156	+0.162	-0.430	-0.282	-0.601	-0.291	-0.246	+0.092	-0.010	-0.618	-0.615	-0.163	-0.683	-0.668	-0.657	-0.735	-0.604	-0.609	-0.741	-0.364	-0.510	-0.612	-0.610	-0.612	-0.612	-0.612	-0.612	-0.337	-0.667	-0.612	-0.612	-0.493	-0.490	-0.460	-0.494	-0.742	-0.606	-0.757	-0.497	-0.766	-0.765	-0.421	-0.607	-0.772	-0.772	-0.503	-0.770	-0.557	-0.457	-0.761	-0.780	-0.462	-0.504	-0.596	-0.769	-0.610	-0.464	-0.487	-0.566	-0.553	-0.748	-0.478	-0.588	-0.470	
rs62449190     -0.540	-0.530	-0.436	-0.538	-0.544	-0.524	-0.532	-0.519	-0.655	-0.291	-0.530	-0.659	-0.702	-0.922	-0.514	-0.529	-0.554	-0.661	-0.926	-0.925	-0.927	-0.620	-0.770	-0.856	-0.856	-0.857	-0.857	-0.612	-0.617	-0.856	-0.803	-0.856	-0.856	-0.856	-0.856	-0.856	-0.856	-0.856	-0.855	-0.809	-0.856	-0.856	-0.715	-0.858	-0.858	-0.857	-0.851	-0.802	-0.854	-0.855	-0.856	-0.761	-0.856	-0.858	-0.767	-0.751	-0.748	+0.012	-0.006	-0.777	-0.777	-0.777	-0.777	-0.782	-0.774	-0.786	-0.681	-0.708	-0.790	-0.798	-0.517	-0.343	-0.724	-0.424	-0.614	-0.423	-0.454	-0.926	-0.644	-0.724	-0.926	-0.703	-0.440	-0.625	-0.550	-0.527	-0.356	-0.732	-0.513	-0.714	-0.439	-0.501	-0.452	-0.538	-0.547	-0.756	-0.719	-0.521	-0.952	-0.664	-0.749	-0.906	-0.952	-0.671	-0.680	-0.686	-0.727	-0.687	-0.682	-0.793	-0.721	-0.539	-0.677	-0.458	-0.338	+0.010	-0.656	-0.716	+0.010	+0.014	+0.063	-0.471	+0.098	+0.104	-0.484	-0.346	-0.659	-0.354	-0.309	+0.032	-0.075	-0.681	-0.678	-0.227	-0.747	-0.732	-0.721	-0.794	-0.667	-0.673	-0.801	-0.423	-0.571	-0.675	-0.673	-0.675	-0.675	-0.675	-0.675	-0.396	-0.731	-0.675	-0.675	-0.554	-0.551	-0.519	-0.552	-0.801	-0.670	-0.816	-0.559	-0.826	-0.825	-0.482	-0.671	-0.832	-0.832	-0.564	-0.830	-0.619	-0.517	-0.821	-0.840	-0.522	-0.564	-0.659	-0.829	-0.673	-0.529	-0.547	-0.628	-0.615	-0.808	-0.540	-0.649	-0.530	
rs56713035     -0.536	-0.541	-0.538	-0.421	-0.538	-0.536	-0.543	-0.526	-0.625	-0.273	-0.536	-0.630	-0.689	-0.906	-0.528	-0.534	-0.545	-0.645	-0.913	-0.913	-0.915	-0.620	-0.757	-0.842	-0.843	-0.843	-0.843	-0.599	-0.603	-0.843	-0.789	-0.842	-0.842	-0.842	-0.842	-0.842	-0.842	-0.842	-0.842	-0.796	-0.842	-0.842	-0.699	-0.844	-0.844	-0.843	-0.838	-0.789	-0.840	-0.841	-0.842	-0.747	-0.842	-0.844	-0.754	-0.738	-0.736	+0.023	+0.005	-0.763	-0.764	-0.764	-0.764	-0.769	-0.761	-0.773	-0.665	-0.695	-0.776	-0.783	-0.503	-0.331	-0.709	-0.411	-0.602	-0.411	-0.443	-0.913	-0.631	-0.712	-0.913	-0.691	-0.429	-0.613	-0.538	-0.515	-0.345	-0.718	-0.502	-0.699	-0.423	-0.489	-0.436	-0.527	-0.535	-0.743	-0.705	-0.506	-0.938	-0.651	-0.734	-0.892	-0.938	-0.657	-0.666	-0.672	-0.712	-0.673	-0.668	-0.780	-0.709	-0.527	-0.663	-0.443	-0.327	+0.022	-0.642	-0.702	+0.023	+0.026	+0.075	-0.459	+0.111	+0.116	-0.472	-0.332	-0.646	-0.340	-0.295	+0.045	-0.061	-0.667	-0.664	-0.213	-0.733	-0.718	-0.707	-0.781	-0.653	-0.659	-0.788	-0.410	-0.557	-0.661	-0.659	-0.661	-0.661	-0.661	-0.661	-0.383	-0.717	-0.661	-0.661	-0.540	-0.538	-0.506	-0.539	-0.788	-0.656	-0.803	-0.545	-0.813	-0.811	-0.468	-0.657	-0.818	-0.819	-0.551	-0.817	-0.605	-0.504	-0.808	-0.826	-0.508	-0.551	-0.646	-0.815	-0.659	-0.514	-0.534	-0.614	-0.601	-0.795	-0.526	-0.635	-0.517	
rs59778503     -0.540	-0.538	-0.544	-0.538	-0.426	-0.533	-0.540	-0.526	-0.636	-0.279	-0.534	-0.640	-0.694	-0.911	-0.524	-0.534	-0.548	-0.650	-0.918	-0.917	-0.919	-0.620	-0.762	-0.847	-0.847	-0.847	-0.847	-0.604	-0.608	-0.847	-0.793	-0.847	-0.847	-0.847	-0.847	-0.847	-0.847	-0.847	-0.846	-0.800	-0.847	-0.847	-0.705	-0.848	-0.849	-0.848	-0.843	-0.794	-0.845	-0.846	-0.847	-0.752	-0.847	-0.849	-0.758	-0.743	-0.740	+0.019	+0.001	-0.768	-0.768	-0.768	-0.768	-0.773	-0.765	-0.778	-0.671	-0.700	-0.781	-0.788	-0.508	-0.335	-0.714	-0.416	-0.606	-0.415	-0.446	-0.917	-0.635	-0.716	-0.918	-0.695	-0.433	-0.617	-0.542	-0.519	-0.349	-0.722	-0.506	-0.704	-0.428	-0.493	-0.441	-0.531	-0.539	-0.747	-0.709	-0.511	-0.943	-0.655	-0.739	-0.896	-0.943	-0.662	-0.671	-0.677	-0.717	-0.678	-0.673	-0.784	-0.713	-0.531	-0.668	-0.448	-0.331	+0.018	-0.647	-0.707	+0.019	+0.022	+0.071	-0.463	+0.107	+0.112	-0.476	-0.336	-0.650	-0.345	-0.300	+0.041	-0.066	-0.672	-0.669	-0.218	-0.738	-0.723	-0.712	-0.786	-0.658	-0.663	-0.792	-0.414	-0.562	-0.665	-0.664	-0.666	-0.666	-0.666	-0.666	-0.387	-0.722	-0.666	-0.666	-0.545	-0.543	-0.510	-0.544	-0.793	-0.660	-0.808	-0.550	-0.818	-0.816	-0.473	-0.661	-0.823	-0.824	-0.555	-0.821	-0.609	-0.508	-0.812	-0.831	-0.513	-0.555	-0.650	-0.820	-0.664	-0.519	-0.538	-0.619	-0.606	-0.799	-0.531	-0.640	-0.521	
rs59539486     -0.535	-0.474	-0.524	-0.536	-0.533	-0.364	-0.479	-0.540	-0.552	-0.205	-0.541	-0.558	-0.592	-0.841	-0.542	-0.542	-0.532	-0.587	-0.864	-0.863	-0.865	-0.598	-0.708	-0.790	-0.790	-0.790	-0.790	-0.547	-0.552	-0.790	-0.734	-0.790	-0.790	-0.790	-0.790	-0.790	-0.790	-0.790	-0.789	-0.744	-0.790	-0.790	-0.640	-0.792	-0.792	-0.791	-0.786	-0.738	-0.788	-0.790	-0.790	-0.695	-0.790	-0.792	-0.703	-0.687	-0.685	+0.065	+0.047	-0.710	-0.711	-0.710	-0.711	-0.716	-0.708	-0.720	-0.608	-0.644	-0.723	-0.729	-0.451	-0.287	-0.655	-0.363	-0.556	-0.369	-0.400	-0.862	-0.578	-0.665	-0.863	-0.644	-0.387	-0.567	-0.493	-0.470	-0.303	-0.664	-0.457	-0.645	-0.367	-0.445	-0.380	-0.482	-0.490	-0.693	-0.651	-0.450	-0.886	-0.598	-0.680	-0.838	-0.885	-0.604	-0.613	-0.619	-0.658	-0.620	-0.615	-0.731	-0.661	-0.482	-0.610	-0.388	-0.282	+0.073	-0.590	-0.650	+0.074	+0.077	+0.124	-0.414	+0.160	+0.165	-0.427	-0.279	-0.598	-0.288	-0.242	+0.096	-0.006	-0.614	-0.611	-0.159	-0.679	-0.664	-0.653	-0.732	-0.600	-0.606	-0.738	-0.361	-0.506	-0.608	-0.607	-0.608	-0.608	-0.608	-0.608	-0.333	-0.663	-0.608	-0.608	-0.490	-0.487	-0.457	-0.490	-0.739	-0.603	-0.753	-0.494	-0.763	-0.761	-0.418	-0.604	-0.768	-0.769	-0.499	-0.766	-0.554	-0.454	-0.758	-0.776	-0.458	-0.500	-0.593	-0.765	-0.606	-0.460	-0.483	-0.562	-0.549	-0.745	-0.475	-0.584	-0.466	
rs62449192     -0.542	-0.482	-0.532	-0.543	-0.540	-0.479	-0.368	-0.546	-0.561	-0.209	-0.547	-0.567	-0.599	-0.845	-0.548	-0.548	-0.540	-0.592	-0.868	-0.867	-0.869	-0.601	-0.712	-0.794	-0.794	-0.794	-0.794	-0.552	-0.556	-0.794	-0.738	-0.794	-0.794	-0.794	-0.794	-0.794	-0.794	-0.794	-0.793	-0.748	-0.794	-0.794	-0.645	-0.796	-0.796	-0.795	-0.790	-0.742	-0.792	-0.794	-0.794	-0.699	-0.794	-0.796	-0.706	-0.691	-0.688	+0.061	+0.043	-0.713	-0.714	-0.714	-0.714	-0.719	-0.712	-0.724	-0.612	-0.648	-0.727	-0.733	-0.456	-0.291	-0.659	-0.367	-0.559	-0.373	-0.404	-0.866	-0.582	-0.669	-0.867	-0.647	-0.391	-0.570	-0.497	-0.474	-0.307	-0.668	-0.461	-0.649	-0.372	-0.449	-0.385	-0.486	-0.494	-0.697	-0.656	-0.455	-0.890	-0.602	-0.684	-0.842	-0.889	-0.608	-0.617	-0.623	-0.662	-0.625	-0.619	-0.735	-0.665	-0.486	-0.614	-0.392	-0.286	+0.069	-0.594	-0.654	+0.069	+0.073	+0.120	-0.418	+0.155	+0.161	-0.431	-0.283	-0.602	-0.292	-0.247	+0.092	-0.011	-0.618	-0.615	-0.163	-0.683	-0.668	-0.657	-0.736	-0.604	-0.610	-0.742	-0.365	-0.510	-0.612	-0.611	-0.612	-0.612	-0.612	-0.612	-0.338	-0.668	-0.612	-0.612	-0.494	-0.491	-0.461	-0.494	-0.743	-0.607	-0.757	-0.498	-0.767	-0.765	-0.422	-0.608	-0.772	-0.773	-0.503	-0.770	-0.558	-0.458	-0.762	-0.780	-0.462	-0.504	-0.597	-0.769	-0.610	-0.464	-0.487	-0.567	-0.553	-0.749	-0.479	-0.588	-0.470	
rs1405126      -0.526	-0.545	-0.519	-0.526	-0.526	-0.540	-0.546	-0.410	-0.604	-0.260	-0.531	-0.610	-0.679	-0.894	-0.525	-0.529	-0.530	-0.633	-0.904	-0.903	-0.905	-0.618	-0.748	-0.832	-0.832	-0.833	-0.833	-0.589	-0.594	-0.832	-0.778	-0.832	-0.832	-0.832	-0.832	-0.832	-0.832	-0.832	-0.832	-0.786	-0.832	-0.832	-0.687	-0.834	-0.834	-0.833	-0.828	-0.779	-0.830	-0.832	-0.832	-0.737	-0.832	-0.834	-0.745	-0.729	-0.726	+0.032	+0.014	-0.753	-0.754	-0.754	-0.754	-0.759	-0.751	-0.763	-0.655	-0.685	-0.765	-0.772	-0.493	-0.323	-0.699	-0.403	-0.593	-0.403	-0.434	-0.903	-0.621	-0.703	-0.904	-0.682	-0.421	-0.605	-0.529	-0.506	-0.337	-0.707	-0.493	-0.689	-0.411	-0.481	-0.424	-0.518	-0.526	-0.733	-0.694	-0.494	-0.928	-0.640	-0.723	-0.882	-0.928	-0.647	-0.656	-0.662	-0.702	-0.663	-0.658	-0.771	-0.699	-0.518	-0.653	-0.431	-0.318	+0.031	-0.632	-0.692	+0.032	+0.036	+0.085	-0.450	+0.120	+0.126	-0.463	-0.322	-0.636	-0.330	-0.285	+0.055	-0.051	-0.657	-0.654	-0.203	-0.723	-0.708	-0.696	-0.772	-0.643	-0.649	-0.778	-0.400	-0.547	-0.651	-0.649	-0.651	-0.651	-0.651	-0.651	-0.373	-0.707	-0.651	-0.651	-0.530	-0.528	-0.496	-0.530	-0.779	-0.646	-0.794	-0.536	-0.803	-0.802	-0.459	-0.647	-0.809	-0.809	-0.541	-0.807	-0.594	-0.495	-0.798	-0.817	-0.498	-0.541	-0.636	-0.806	-0.649	-0.504	-0.524	-0.604	-0.591	-0.785	-0.517	-0.625	-0.507	
rs17712293     -0.628	-0.559	-0.655	-0.625	-0.636	-0.552	-0.561	-0.604	-0.517	-0.384	-0.611	-0.647	-0.638	-0.999	-0.598	-0.608	-0.643	-0.746	-0.990	-0.989	-0.992	-0.638	-0.838	-0.930	-0.930	-0.930	-0.930	-0.682	-0.687	-0.929	-0.882	-0.929	-0.929	-0.929	-0.929	-0.929	-0.929	-0.929	-0.928	-0.882	-0.929	-0.929	-0.803	-0.930	-0.931	-0.930	-0.923	-0.873	-0.926	-0.927	-0.928	-0.832	-0.928	-0.930	-0.834	-0.818	-0.815	-0.047	-0.065	-0.848	-0.849	-0.849	-0.849	-0.854	-0.846	-0.858	-0.760	-0.780	-0.868	-0.877	-0.589	-0.403	-0.804	-0.488	-0.676	-0.480	-0.512	-0.995	-0.718	-0.786	-0.995	-0.767	-0.498	-0.688	-0.613	-0.589	-0.413	-0.807	-0.575	-0.791	-0.523	-0.563	-0.536	-0.601	-0.609	-0.826	-0.793	-0.604	-1.025	-0.738	-0.827	-0.979	-1.025	-0.745	-0.754	-0.760	-0.804	-0.761	-0.756	-0.860	-0.787	-0.603	-0.750	-0.542	-0.400	-0.058	-0.731	-0.790	-0.057	-0.053	-0.006	-0.534	+0.030	+0.035	-0.547	-0.421	-0.727	-0.429	-0.385	-0.038	-0.150	-0.754	-0.752	-0.302	-0.823	-0.807	-0.797	-0.864	-0.741	-0.746	-0.870	-0.494	-0.643	-0.748	-0.747	-0.748	-0.749	-0.749	-0.749	-0.467	-0.807	-0.749	-0.749	-0.626	-0.623	-0.588	-0.622	-0.870	-0.743	-0.886	-0.630	-0.896	-0.894	-0.551	-0.744	-0.902	-0.902	-0.636	-0.900	-0.693	-0.587	-0.891	-0.910	-0.594	-0.634	-0.733	-0.898	-0.747	-0.607	-0.619	-0.702	-0.688	-0.877	-0.612	-0.721	-0.602	
rs78575608     -0.275	-0.209	-0.291	-0.273	-0.279	-0.205	-0.209	-0.260	-0.384	+0.053	-0.262	-0.381	-0.344	-0.508	-0.256	-0.262	-0.283	-0.279	-0.412	-0.409	-0.412	-0.172	-0.318	-0.439	-0.439	-0.439	-0.439	-0.108	-0.114	-0.438	-0.393	-0.438	-0.438	-0.438	-0.438	-0.438	-0.438	-0.438	-0.437	-0.377	-0.438	-0.438	-0.325	-0.440	-0.440	-0.439	-0.433	-0.364	-0.435	-0.437	-0.438	-0.341	-0.437	-0.440	-0.286	-0.268	-0.265	+0.675	+0.654	-0.320	-0.321	-0.321	-0.321	-0.327	-0.318	-0.334	-0.240	-0.268	-0.390	-0.395	-0.057	+0.155	-0.323	+0.108	-0.146	+0.058	+0.024	-0.491	-0.174	-0.236	-0.492	-0.246	+0.038	-0.159	-0.084	-0.059	+0.127	-0.307	-0.046	-0.295	-0.051	-0.033	-0.064	-0.073	-0.083	-0.318	-0.290	-0.131	-0.536	-0.202	-0.341	-0.480	-0.535	-0.211	-0.224	-0.233	-0.303	-0.235	-0.228	-0.343	-0.261	-0.076	-0.220	-0.069	+0.144	+0.519	-0.223	-0.288	+0.520	+0.524	+0.574	-0.001	+0.613	+0.619	-0.015	+0.120	-0.235	+0.110	+0.161	+0.551	+0.332	-0.226	-0.223	+0.178	-0.324	-0.292	-0.282	-0.389	-0.208	-0.215	-0.395	-0.031	-0.125	-0.219	-0.217	-0.219	-0.219	-0.219	-0.219	-0.003	-0.335	-0.219	-0.219	-0.106	-0.145	-0.112	-0.145	-0.394	-0.212	-0.410	-0.155	-0.419	-0.418	-0.079	-0.213	-0.425	-0.425	-0.161	-0.423	-0.209	-0.113	-0.415	-0.432	-0.071	-0.160	-0.198	-0.422	-0.216	-0.106	-0.099	-0.236	-0.223	-0.402	-0.137	-0.213	-0.080	
rs6583483      -0.536	-0.546	-0.530	-0.536	-0.534	-0.541	-0.547	-0.531	-0.611	-0.262	-0.411	-0.612	-0.681	-0.896	-0.528	-0.535	-0.537	-0.635	-0.905	-0.904	-0.906	-0.617	-0.749	-0.833	-0.833	-0.833	-0.834	-0.590	-0.595	-0.833	-0.779	-0.833	-0.833	-0.833	-0.833	-0.833	-0.833	-0.833	-0.833	-0.787	-0.833	-0.833	-0.688	-0.835	-0.835	-0.834	-0.829	-0.780	-0.831	-0.832	-0.833	-0.738	-0.833	-0.835	-0.745	-0.729	-0.727	+0.032	+0.014	-0.754	-0.755	-0.755	-0.755	-0.760	-0.752	-0.764	-0.656	-0.686	-0.767	-0.774	-0.495	-0.324	-0.700	-0.404	-0.594	-0.404	-0.435	-0.904	-0.621	-0.704	-0.905	-0.683	-0.422	-0.606	-0.530	-0.507	-0.338	-0.708	-0.494	-0.690	-0.413	-0.482	-0.426	-0.519	-0.527	-0.734	-0.695	-0.496	-0.929	-0.641	-0.725	-0.883	-0.929	-0.648	-0.657	-0.663	-0.703	-0.664	-0.659	-0.772	-0.701	-0.520	-0.654	-0.433	-0.319	+0.030	-0.633	-0.693	+0.030	+0.034	+0.083	-0.452	+0.119	+0.124	-0.465	-0.323	-0.638	-0.332	-0.287	+0.053	-0.053	-0.658	-0.655	-0.205	-0.724	-0.709	-0.697	-0.773	-0.644	-0.650	-0.779	-0.402	-0.548	-0.652	-0.650	-0.652	-0.652	-0.652	-0.652	-0.375	-0.708	-0.652	-0.652	-0.531	-0.530	-0.498	-0.531	-0.780	-0.647	-0.795	-0.537	-0.805	-0.803	-0.460	-0.648	-0.810	-0.811	-0.543	-0.808	-0.596	-0.496	-0.799	-0.818	-0.499	-0.543	-0.636	-0.807	-0.650	-0.505	-0.524	-0.606	-0.593	-0.786	-0.518	-0.626	-0.508	
rs6955212      -0.633	-0.565	-0.659	-0.630	-0.640	-0.558	-0.567	-0.610	-0.647	-0.381	-0.612	-0.515	-0.644	-0.997	-0.604	-0.613	-0.647	-0.745	-0.988	-0.987	-0.990	-0.640	-0.836	-0.928	-0.928	-0.928	-0.928	-0.680	-0.685	-0.928	-0.880	-0.928	-0.928	-0.927	-0.927	-0.927	-0.927	-0.927	-0.926	-0.880	-0.927	-0.927	-0.801	-0.929	-0.929	-0.928	-0.922	-0.872	-0.924	-0.926	-0.926	-0.830	-0.926	-0.928	-0.832	-0.816	-0.813	-0.045	-0.063	-0.846	-0.847	-0.847	-0.847	-0.852	-0.844	-0.856	-0.758	-0.778	-0.866	-0.875	-0.588	-0.402	-0.802	-0.487	-0.675	-0.479	-0.511	-0.993	-0.716	-0.785	-0.994	-0.766	-0.497	-0.687	-0.612	-0.588	-0.412	-0.805	-0.574	-0.789	-0.521	-0.561	-0.534	-0.599	-0.608	-0.824	-0.791	-0.603	-1.024	-0.736	-0.825	-0.977	-1.024	-0.743	-0.752	-0.758	-0.802	-0.759	-0.754	-0.859	-0.786	-0.601	-0.749	-0.540	-0.399	-0.056	-0.729	-0.788	-0.056	-0.052	-0.004	-0.532	+0.032	+0.037	-0.546	-0.419	-0.726	-0.428	-0.384	-0.037	-0.149	-0.753	-0.750	-0.301	-0.821	-0.805	-0.795	-0.862	-0.739	-0.744	-0.869	-0.493	-0.641	-0.747	-0.745	-0.747	-0.747	-0.747	-0.747	-0.465	-0.805	-0.747	-0.747	-0.624	-0.621	-0.586	-0.620	-0.868	-0.742	-0.884	-0.629	-0.894	-0.893	-0.550	-0.743	-0.900	-0.901	-0.634	-0.898	-0.691	-0.585	-0.889	-0.908	-0.592	-0.632	-0.731	-0.897	-0.745	-0.605	-0.617	-0.700	-0.687	-0.876	-0.610	-0.720	-0.601	
rs59328053     -0.691	-0.597	-0.702	-0.689	-0.694	-0.592	-0.599	-0.679	-0.638	-0.344	-0.681	-0.644	-0.491	-0.964	-0.675	-0.680	-0.696	-0.729	-0.972	-0.971	-0.974	-0.664	-0.818	-0.906	-0.906	-0.906	-0.906	-0.658	-0.662	-0.906	-0.856	-0.906	-0.906	-0.906	-0.906	-0.906	-0.906	-0.906	-0.905	-0.859	-0.906	-0.906	-0.773	-0.907	-0.908	-0.907	-0.901	-0.852	-0.904	-0.905	-0.906	-0.810	-0.906	-0.908	-0.812	-0.796	-0.793	-0.024	-0.043	-0.824	-0.825	-0.825	-0.825	-0.830	-0.822	-0.834	-0.731	-0.758	-0.843	-0.850	-0.568	-0.395	-0.777	-0.474	-0.663	-0.475	-0.506	-0.975	-0.695	-0.773	-0.976	-0.753	-0.492	-0.675	-0.602	-0.579	-0.409	-0.783	-0.565	-0.765	-0.494	-0.553	-0.507	-0.590	-0.599	-0.806	-0.769	-0.576	-1.002	-0.715	-0.801	-0.953	-1.002	-0.722	-0.731	-0.737	-0.778	-0.738	-0.733	-0.844	-0.771	-0.589	-0.728	-0.513	-0.389	-0.039	-0.708	-0.767	-0.039	-0.035	+0.012	-0.521	+0.048	+0.053	-0.534	-0.399	-0.709	-0.408	-0.363	-0.019	-0.127	-0.732	-0.729	-0.278	-0.798	-0.780	-0.770	-0.845	-0.718	-0.723	-0.851	-0.474	-0.620	-0.726	-0.724	-0.726	-0.726	-0.726	-0.726	-0.446	-0.783	-0.726	-0.726	-0.603	-0.602	-0.569	-0.603	-0.851	-0.721	-0.866	-0.609	-0.876	-0.875	-0.532	-0.722	-0.882	-0.882	-0.615	-0.880	-0.669	-0.568	-0.871	-0.890	-0.571	-0.614	-0.710	-0.879	-0.724	-0.579	-0.596	-0.680	-0.667	-0.858	-0.590	-0.698	-0.579	
rs6949307      -0.907	-0.845	-0.922	-0.906	-0.911	-0.841	-0.845	-0.894	-0.999	-0.508	-0.896	-0.997	-0.964	-0.654	-0.891	-0.896	-0.914	-0.911	-0.879	-0.877	-0.892	-0.809	-0.967	-1.059	-1.059	-1.059	-1.059	-0.813	-0.817	-1.058	-1.011	-1.058	-1.058	-1.058	-1.058	-1.058	-1.058	-1.058	-1.057	-1.011	-1.058	-1.057	-0.939	-1.059	-1.060	-1.059	-1.052	-1.002	-1.054	-1.056	-1.057	-0.965	-1.057	-1.059	-0.963	-0.947	-0.944	-0.185	-0.203	-0.976	-0.977	-0.977	-0.977	-0.982	-0.973	-0.986	-0.886	-0.907	-0.998	-1.008	-0.720	-0.532	-0.937	-0.607	-0.793	-0.606	-0.638	-1.121	-0.847	-0.904	-1.122	-0.887	-0.624	-0.807	-0.738	-0.714	-0.539	-0.937	-0.699	-0.923	-0.661	-0.686	-0.673	-0.725	-0.733	-0.950	-0.922	-0.741	-1.154	-0.867	-0.959	-1.108	-1.154	-0.874	-0.883	-0.889	-0.936	-0.890	-0.885	-0.985	-0.912	-0.727	-0.879	-0.679	-0.525	-0.189	-0.862	-0.919	-0.188	-0.184	-0.137	-0.658	-0.101	-0.096	-0.672	-0.553	-0.853	-0.561	-0.517	-0.170	-0.282	-0.884	-0.881	-0.434	-0.954	-0.938	-0.928	-0.991	-0.870	-0.875	-0.998	-0.625	-0.771	-0.877	-0.876	-0.878	-0.878	-0.878	-0.878	-0.598	-0.937	-0.878	-0.878	-0.754	-0.753	-0.716	-0.750	-0.997	-0.872	-1.014	-0.760	-1.024	-1.022	-0.681	-0.873	-1.029	-1.030	-0.766	-1.028	-0.823	-0.717	-1.019	-1.038	-0.722	-0.763	-0.862	-1.026	-0.876	-0.741	-0.747	-0.832	-0.818	-1.005	-0.742	-0.848	-0.730	
rs6945480      -0.528	-0.547	-0.514	-0.528	-0.524	-0.542	-0.548	-0.525	-0.598	-0.256	-0.528	-0.604	-0.675	-0.891	-0.406	-0.525	-0.518	-0.628	-0.901	-0.900	-0.902	-0.616	-0.745	-0.829	-0.829	-0.829	-0.829	-0.586	-0.591	-0.829	-0.774	-0.829	-0.829	-0.829	-0.829	-0.829	-0.829	-0.829	-0.828	-0.783	-0.829	-0.829	-0.683	-0.830	-0.831	-0.830	-0.825	-0.776	-0.827	-0.828	-0.829	-0.733	-0.829	-0.831	-0.742	-0.726	-0.723	+0.035	+0.017	-0.750	-0.751	-0.751	-0.751	-0.756	-0.748	-0.760	-0.651	-0.682	-0.762	-0.769	-0.490	-0.320	-0.695	-0.400	-0.591	-0.401	-0.432	-0.900	-0.617	-0.700	-0.901	-0.679	-0.418	-0.602	-0.527	-0.503	-0.334	-0.704	-0.490	-0.685	-0.408	-0.478	-0.421	-0.515	-0.523	-0.730	-0.691	-0.491	-0.925	-0.637	-0.720	-0.878	-0.925	-0.644	-0.653	-0.658	-0.698	-0.660	-0.655	-0.767	-0.697	-0.516	-0.649	-0.428	-0.315	+0.035	-0.629	-0.689	+0.035	+0.039	+0.088	-0.448	+0.124	+0.129	-0.461	-0.318	-0.633	-0.327	-0.282	+0.058	-0.047	-0.654	-0.651	-0.200	-0.719	-0.704	-0.693	-0.769	-0.640	-0.645	-0.775	-0.397	-0.544	-0.647	-0.646	-0.648	-0.648	-0.648	-0.648	-0.370	-0.703	-0.648	-0.648	-0.527	-0.525	-0.493	-0.527	-0.776	-0.642	-0.791	-0.532	-0.800	-0.799	-0.456	-0.643	-0.806	-0.806	-0.538	-0.804	-0.591	-0.491	-0.795	-0.814	-0.495	-0.538	-0.632	-0.803	-0.646	-0.500	-0.520	-0.601	-0.588	-0.782	-0.513	-0.622	-0.503	
rs56141508     -0.534	-0.547	-0.529	-0.534	-0.534	-0.542	-0.548	-0.529	-0.608	-0.262	-0.535	-0.613	-0.680	-0.896	-0.525	-0.411	-0.529	-0.634	-0.905	-0.905	-0.907	-0.617	-0.749	-0.834	-0.834	-0.834	-0.834	-0.591	-0.595	-0.834	-0.779	-0.834	-0.834	-0.833	-0.833	-0.834	-0.834	-0.834	-0.833	-0.787	-0.834	-0.833	-0.689	-0.835	-0.835	-0.835	-0.829	-0.781	-0.832	-0.833	-0.834	-0.738	-0.834	-0.836	-0.746	-0.730	-0.728	+0.031	+0.013	-0.754	-0.755	-0.755	-0.755	-0.760	-0.752	-0.764	-0.656	-0.687	-0.767	-0.774	-0.495	-0.324	-0.700	-0.404	-0.595	-0.404	-0.435	-0.904	-0.622	-0.704	-0.905	-0.683	-0.422	-0.606	-0.531	-0.507	-0.338	-0.709	-0.494	-0.690	-0.413	-0.482	-0.426	-0.519	-0.527	-0.735	-0.696	-0.496	-0.929	-0.642	-0.725	-0.883	-0.929	-0.648	-0.657	-0.663	-0.703	-0.665	-0.660	-0.772	-0.701	-0.520	-0.654	-0.433	-0.319	+0.030	-0.633	-0.694	+0.030	+0.034	+0.083	-0.452	+0.119	+0.124	-0.465	-0.323	-0.638	-0.332	-0.287	+0.053	-0.053	-0.658	-0.655	-0.205	-0.724	-0.709	-0.698	-0.773	-0.644	-0.650	-0.779	-0.402	-0.548	-0.652	-0.651	-0.652	-0.652	-0.652	-0.652	-0.375	-0.708	-0.652	-0.652	-0.532	-0.530	-0.498	-0.532	-0.780	-0.647	-0.795	-0.537	-0.805	-0.803	-0.460	-0.648	-0.810	-0.811	-0.543	-0.808	-0.596	-0.496	-0.800	-0.818	-0.500	-0.543	-0.637	-0.807	-0.650	-0.506	-0.525	-0.606	-0.593	-0.786	-0.518	-0.627	-0.508	
rs56033844     -0.547	-0.538	-0.554	-0.545	-0.548	-0.532	-0.540	-0.530	-0.643	-0.283	-0.537	-0.647	-0.696	-0.914	-0.518	-0.529	-0.429	-0.653	-0.920	-0.919	-0.922	-0.618	-0.764	-0.850	-0.850	-0.850	-0.850	-0.606	-0.611	-0.850	-0.796	-0.850	-0.850	-0.850	-0.850	-0.850	-0.850	-0.850	-0.849	-0.803	-0.850	-0.849	-0.708	-0.851	-0.852	-0.851	-0.845	-0.796	-0.848	-0.849	-0.850	-0.754	-0.850	-0.852	-0.761	-0.745	-0.743	+0.017	-0.001	-0.770	-0.771	-0.771	-0.771	-0.776	-0.768	-0.780	-0.674	-0.702	-0.784	-0.791	-0.511	-0.337	-0.717	-0.418	-0.609	-0.417	-0.449	-0.920	-0.638	-0.718	-0.920	-0.698	-0.435	-0.620	-0.545	-0.521	-0.351	-0.725	-0.508	-0.707	-0.431	-0.496	-0.444	-0.533	-0.541	-0.750	-0.712	-0.514	-0.946	-0.658	-0.742	-0.899	-0.945	-0.665	-0.673	-0.679	-0.720	-0.681	-0.676	-0.787	-0.715	-0.534	-0.670	-0.451	-0.333	+0.015	-0.650	-0.710	+0.016	+0.020	+0.069	-0.465	+0.104	+0.110	-0.479	-0.339	-0.653	-0.348	-0.303	+0.038	-0.068	-0.674	-0.672	-0.221	-0.741	-0.726	-0.715	-0.788	-0.661	-0.666	-0.795	-0.417	-0.565	-0.668	-0.667	-0.668	-0.669	-0.669	-0.669	-0.390	-0.725	-0.668	-0.668	-0.548	-0.545	-0.513	-0.547	-0.795	-0.663	-0.810	-0.553	-0.820	-0.819	-0.476	-0.664	-0.826	-0.826	-0.558	-0.824	-0.612	-0.511	-0.815	-0.834	-0.516	-0.558	-0.653	-0.823	-0.666	-0.523	-0.541	-0.622	-0.609	-0.802	-0.534	-0.643	-0.524	
rs55991773     -0.646	-0.592	-0.661	-0.645	-0.650	-0.587	-0.592	-0.633	-0.746	-0.279	-0.635	-0.745	-0.729	-0.911	-0.628	-0.634	-0.653	-0.407	-0.898	-0.897	-0.898	-0.563	-0.733	-0.831	-0.831	-0.831	-0.831	-0.582	-0.586	-0.830	-0.785	-0.830	-0.830	-0.830	-0.829	-0.830	-0.830	-0.830	-0.828	-0.781	-0.829	-0.829	-0.712	-0.831	-0.832	-0.830	-0.822	-0.771	-0.825	-0.827	-0.828	-0.736	-0.828	-0.830	-0.736	-0.719	-0.716	+0.058	+0.039	-0.750	-0.751	-0.751	-0.751	-0.756	-0.748	-0.760	-0.661	-0.677	-0.770	-0.779	-0.492	-0.302	-0.708	-0.386	-0.577	-0.380	-0.412	-0.897	-0.616	-0.687	-0.898	-0.668	-0.398	-0.589	-0.514	-0.490	-0.312	-0.708	-0.476	-0.693	-0.428	-0.463	-0.441	-0.501	-0.510	-0.726	-0.693	-0.509	-0.926	-0.636	-0.730	-0.877	-0.926	-0.643	-0.652	-0.658	-0.704	-0.660	-0.655	-0.762	-0.689	-0.503	-0.649	-0.447	-0.300	+0.042	-0.629	-0.690	+0.042	+0.046	+0.094	-0.434	+0.130	+0.135	-0.448	-0.323	-0.629	-0.331	-0.287	+0.062	-0.052	-0.653	-0.650	-0.204	-0.724	-0.706	-0.695	-0.765	-0.639	-0.645	-0.772	-0.397	-0.542	-0.647	-0.645	-0.647	-0.647	-0.647	-0.647	-0.370	-0.709	-0.647	-0.647	-0.524	-0.525	-0.490	-0.524	-0.771	-0.642	-0.788	-0.533	-0.798	-0.796	-0.453	-0.643	-0.803	-0.804	-0.538	-0.802	-0.590	-0.489	-0.792	-0.811	-0.492	-0.536	-0.631	-0.800	-0.645	-0.504	-0.518	-0.604	-0.591	-0.779	-0.514	-0.621	-0.501	
rs6979737      -0.915	-0.867	-0.926	-0.913	-0.918	-0.864	-0.868	-0.904	-0.990	-0.412	-0.905	-0.988	-0.972	-0.879	-0.901	-0.905	-0.920	-0.898	-0.633	-0.769	-0.814	-0.837	-0.940	-1.039	-1.039	-1.039	-1.039	-0.788	-0.793	-1.038	-0.994	-1.038	-1.038	-1.037	-1.037	-1.037	-1.037	-1.037	-1.036	-0.988	-1.037	-1.037	-0.920	-1.039	-1.040	-1.038	-1.030	-0.979	-1.033	-1.035	-1.035	-0.946	-1.035	-1.038	-0.932	-0.916	-0.913	-0.139	-0.159	-0.938	-0.939	-0.939	-0.939	-0.944	-0.934	-0.948	-0.835	-0.891	-0.969	-0.981	-0.681	-0.504	-0.907	-0.607	-0.794	-0.594	-0.625	-1.106	-0.828	-0.902	-1.107	-0.883	-0.611	-0.805	-0.727	-0.703	-0.527	-0.916	-0.690	-0.900	-0.620	-0.677	-0.633	-0.715	-0.724	-0.938	-0.903	-0.703	-1.134	-0.848	-0.929	-1.088	-1.134	-0.854	-0.863	-0.869	-0.913	-0.871	-0.865	-0.972	-0.900	-0.716	-0.860	-0.638	-0.515	-0.161	-0.839	-0.900	-0.160	-0.156	-0.109	-0.648	-0.072	-0.067	-0.661	-0.520	-0.840	-0.529	-0.488	-0.134	-0.234	-0.864	-0.861	-0.389	-0.932	-0.917	-0.907	-0.971	-0.850	-0.856	-0.977	-0.598	-0.758	-0.858	-0.857	-0.858	-0.858	-0.858	-0.858	-0.571	-0.911	-0.858	-0.858	-0.741	-0.720	-0.692	-0.725	-0.977	-0.853	-0.993	-0.735	-1.003	-1.002	-0.651	-0.854	-1.009	-1.009	-0.741	-1.007	-0.807	-0.687	-0.998	-1.017	-0.710	-0.735	-0.843	-1.006	-0.856	-0.720	-0.735	-0.804	-0.790	-0.984	-0.717	-0.835	-0.718	
rs11768357     -0.914	-0.867	-0.925	-0.913	-0.917	-0.863	-0.867	-0.903	-0.989	-0.409	-0.904	-0.987	-0.971	-0.877	-0.900	-0.905	-0.919	-0.897	-0.769	-0.632	-0.813	-0.837	-0.938	-1.037	-1.037	-1.037	-1.037	-0.786	-0.791	-1.037	-0.993	-1.037	-1.037	-1.036	-1.036	-1.036	-1.036	-1.036	-1.035	-0.987	-1.036	-1.036	-0.919	-1.037	-1.038	-1.037	-1.029	-0.977	-1.031	-1.033	-1.034	-0.945	-1.034	-1.036	-0.930	-0.915	-0.912	-0.137	-0.157	-0.936	-0.937	-0.937	-0.937	-0.943	-0.932	-0.946	-0.832	-0.890	-0.968	-0.980	-0.679	-0.503	-0.906	-0.607	-0.793	-0.593	-0.624	-1.105	-0.827	-0.901	-1.105	-0.882	-0.610	-0.804	-0.726	-0.703	-0.526	-0.915	-0.689	-0.899	-0.618	-0.677	-0.632	-0.714	-0.723	-0.937	-0.902	-0.701	-1.133	-0.846	-0.928	-1.087	-1.133	-0.853	-0.862	-0.868	-0.912	-0.869	-0.864	-0.971	-0.899	-0.715	-0.859	-0.636	-0.514	-0.159	-0.838	-0.899	-0.159	-0.155	-0.107	-0.647	-0.071	-0.066	-0.660	-0.519	-0.839	-0.527	-0.487	-0.133	-0.232	-0.863	-0.860	-0.387	-0.931	-0.916	-0.906	-0.969	-0.849	-0.855	-0.976	-0.597	-0.757	-0.857	-0.856	-0.857	-0.857	-0.857	-0.857	-0.569	-0.910	-0.857	-0.857	-0.740	-0.719	-0.690	-0.724	-0.976	-0.852	-0.992	-0.734	-1.002	-1.000	-0.650	-0.853	-1.007	-1.008	-0.740	-1.006	-0.805	-0.686	-0.996	-1.016	-0.709	-0.733	-0.841	-1.004	-0.855	-0.719	-0.734	-0.802	-0.789	-0.983	-0.715	-0.834	-0.717	
rs6949736      -0.916	-0.869	-0.927	-0.915	-0.919	-0.865	-0.869	-0.905	-0.992	-0.412	-0.906	-0.990	-0.974	-0.892	-0.902	-0.907	-0.922	-0.898	-0.814	-0.813	-0.633	-0.838	-0.940	-1.039	-1.039	-1.038	-1.038	-0.787	-0.792	-1.038	-0.994	-1.038	-1.038	-1.037	-1.037	-1.037	-1.037	-1.037	-1.036	-0.988	-1.037	-1.037	-0.919	-1.039	-1.039	-1.038	-1.030	-0.978	-1.033	-1.034	-1.035	-0.946	-1.035	-1.038	-0.932	-0.916	-0.914	-0.138	-0.157	-0.938	-0.939	-0.939	-0.939	-0.944	-0.934	-0.948	-0.834	-0.891	-0.969	-0.982	-0.681	-0.504	-0.908	-0.607	-0.794	-0.594	-0.625	-1.106	-0.827	-0.902	-1.106	-0.883	-0.611	-0.805	-0.727	-0.704	-0.527	-0.917	-0.690	-0.901	-0.623	-0.678	-0.636	-0.715	-0.724	-0.938	-0.903	-0.705	-1.134	-0.847	-0.930	-1.087	-1.134	-0.854	-0.863	-0.869	-0.913	-0.870	-0.865	-0.972	-0.900	-0.717	-0.859	-0.640	-0.516	-0.162	-0.838	-0.900	-0.161	-0.157	-0.110	-0.648	-0.074	-0.069	-0.661	-0.521	-0.840	-0.530	-0.489	-0.136	-0.236	-0.863	-0.861	-0.390	-0.932	-0.917	-0.907	-0.970	-0.850	-0.855	-0.977	-0.599	-0.758	-0.858	-0.857	-0.858	-0.858	-0.858	-0.858	-0.571	-0.912	-0.858	-0.858	-0.741	-0.721	-0.692	-0.726	-0.977	-0.853	-0.993	-0.736	-1.003	-1.001	-0.652	-0.854	-1.009	-1.009	-0.742	-1.007	-0.807	-0.688	-0.997	-1.017	-0.710	-0.735	-0.842	-1.005	-0.856	-0.720	-0.735	-0.804	-0.791	-0.984	-0.718	-0.835	-0.718	
rs17712671     -0.620	-0.600	-0.620	-0.620	-0.620	-0.598	-0.601	-0.618	-0.638	-0.172	-0.617	-0.640	-0.664	-0.809	-0.616	-0.617	-0.618	-0.563	-0.837	-0.837	-0.838	-0.338	-0.687	-0.765	-0.765	-0.765	-0.765	-0.528	-0.533	-0.765	-0.706	-0.765	-0.765	-0.765	-0.765	-0.765	-0.765	-0.765	-0.765	-0.720	-0.765	-0.765	-0.604	-0.767	-0.767	-0.767	-0.762	-0.715	-0.764	-0.765	-0.766	-0.668	-0.766	-0.768	-0.693	-0.679	-0.676	+0.094	+0.076	-0.684	-0.684	-0.684	-0.685	-0.690	-0.682	-0.694	-0.575	-0.621	-0.682	-0.692	-0.415	-0.257	-0.614	-0.347	-0.540	-0.343	-0.374	-0.840	-0.555	-0.650	-0.840	-0.626	-0.361	-0.550	-0.466	-0.443	-0.277	-0.634	-0.431	-0.610	-0.319	-0.419	-0.332	-0.455	-0.464	-0.669	-0.623	-0.404	-0.860	-0.574	-0.643	-0.818	-0.861	-0.580	-0.589	-0.595	-0.632	-0.596	-0.591	-0.706	-0.636	-0.455	-0.586	-0.339	-0.256	+0.106	-0.566	-0.625	+0.107	+0.110	+0.157	-0.388	+0.193	+0.198	-0.401	-0.247	-0.570	-0.256	-0.209	+0.131	+0.032	-0.590	-0.587	-0.122	-0.654	-0.644	-0.633	-0.705	-0.576	-0.582	-0.711	-0.335	-0.485	-0.584	-0.582	-0.584	-0.584	-0.584	-0.584	-0.307	-0.635	-0.584	-0.584	-0.468	-0.456	-0.428	-0.461	-0.712	-0.579	-0.727	-0.464	-0.736	-0.735	-0.388	-0.580	-0.742	-0.742	-0.469	-0.740	-0.530	-0.424	-0.732	-0.750	-0.437	-0.471	-0.569	-0.739	-0.582	-0.439	-0.462	-0.534	-0.520	-0.718	-0.445	-0.562	-0.445	
rs6974064      -0.758	-0.711	-0.770	-0.757	-0.762	-0.708	-0.712	-0.748	-0.838	-0.318	-0.749	-0.836	-0.818	-0.967	-0.745	-0.749	-0.764	-0.733	-0.940	-0.938	-0.940	-0.687	-0.460	-0.722	-0.723	-0.724	-0.726	-0.608	-0.613	-0.729	+0.233	-0.731	-0.726	-0.732	-0.736	-0.734	-0.734	-0.734	-0.739	-0.542	-0.735	-0.736	-0.265	-0.741	-0.738	-0.743	-0.758	-0.625	-0.760	-0.758	-0.757	-0.776	-0.760	-0.761	-0.797	-0.782	-0.779	+0.082	+0.063	-0.807	-0.808	-0.808	-0.808	-0.812	-0.804	-0.814	-0.718	-0.724	-0.823	-0.830	-0.556	-0.297	-0.758	-0.400	-0.586	-0.386	-0.419	-0.934	-0.667	-0.703	-0.934	-0.684	-0.405	-0.598	-0.521	-0.496	-0.317	-0.755	-0.483	-0.739	-0.479	-0.470	-0.492	-0.510	-0.519	-0.736	-0.741	-0.559	-0.966	-0.687	-0.780	-0.934	-0.967	-0.693	-0.702	-0.708	-0.750	-0.710	-0.704	-0.789	-0.711	-0.513	-0.699	-0.497	-0.298	-0.031	-0.683	-0.738	-0.030	-0.026	+0.022	-0.440	+0.057	+0.062	-0.454	-0.388	-0.640	-0.397	-0.351	-0.009	-0.119	-0.703	-0.700	-0.270	-0.770	-0.773	-0.764	-0.792	-0.689	-0.695	-0.799	-0.454	-0.596	-0.697	-0.695	-0.697	-0.697	-0.697	-0.697	-0.426	-0.756	-0.697	-0.697	-0.580	-0.573	-0.539	-0.573	-0.800	-0.692	-0.816	-0.579	-0.827	-0.825	-0.502	-0.693	-0.833	-0.833	-0.585	-0.831	-0.644	-0.538	-0.821	-0.842	-0.548	-0.585	-0.682	-0.829	-0.695	-0.585	-0.573	-0.654	-0.641	-0.807	-0.561	-0.673	-0.556	
rs4145715      -0.844	-0.794	-0.856	-0.842	-0.847	-0.790	-0.794	-0.832	-0.930	-0.439	-0.833	-0.928	-0.906	-1.059	-0.829	-0.834	-0.850	-0.831	-1.039	-1.037	-1.039	-0.765	-0.722	-0.562	-0.691	-0.691	-0.691	-0.650	-0.656	-0.690	-0.792	-0.690	-0.694	-0.690	-0.687	-0.689	-0.689	-0.690	-0.685	-0.794	-0.690	-0.689	-0.720	-0.709	-0.714	-0.708	-0.678	-0.783	-0.703	-0.713	-0.716	-0.818	-0.718	-0.728	-0.866	-0.851	-0.849	+0.054	+0.031	-0.882	-0.883	-0.883	-0.883	-0.888	-0.880	-0.892	-0.791	-0.821	-0.910	-0.921	-0.626	-0.430	-0.848	-0.524	-0.711	-0.512	-0.544	-1.034	-0.758	-0.817	-1.035	-0.803	-0.530	-0.723	-0.644	-0.620	-0.444	-0.850	-0.606	-0.836	-0.570	-0.593	-0.583	-0.632	-0.640	-0.849	-0.836	-0.651	-1.061	-0.778	-0.871	-1.016	-1.061	-0.785	-0.794	-0.800	-0.848	-0.802	-0.797	-0.897	-0.821	-0.632	-0.791	-0.589	-0.425	-0.089	-0.773	-0.832	-0.088	-0.085	-0.038	-0.561	-0.002	+0.004	-0.575	-0.456	-0.762	-0.465	-0.421	-0.070	-0.186	-0.795	-0.792	-0.339	-0.866	-0.848	-0.837	-0.898	-0.781	-0.787	-0.905	-0.535	-0.685	-0.789	-0.788	-0.789	-0.789	-0.789	-0.789	-0.508	-0.849	-0.789	-0.789	-0.669	-0.663	-0.627	-0.661	-0.905	-0.784	-0.921	-0.671	-0.932	-0.930	-0.591	-0.785	-0.937	-0.938	-0.677	-0.936	-0.736	-0.627	-0.926	-0.946	-0.637	-0.674	-0.773	-0.934	-0.787	-0.639	-0.662	-0.742	-0.729	-0.912	-0.652	-0.763	-0.645	
rs4145714      -0.844	-0.794	-0.856	-0.843	-0.847	-0.790	-0.794	-0.832	-0.930	-0.439	-0.833	-0.928	-0.906	-1.059	-0.829	-0.834	-0.850	-0.831	-1.039	-1.037	-1.039	-0.765	-0.723	-0.691	-0.562	-0.691	-0.691	-0.649	-0.656	-0.691	-0.792	-0.690	-0.694	-0.690	-0.687	-0.689	-0.689	-0.690	-0.686	-0.795	-0.691	-0.690	-0.720	-0.709	-0.714	-0.708	-0.680	-0.784	-0.704	-0.714	-0.716	-0.818	-0.718	-0.729	-0.866	-0.852	-0.849	+0.055	+0.032	-0.883	-0.884	-0.884	-0.884	-0.889	-0.880	-0.892	-0.792	-0.821	-0.910	-0.921	-0.626	-0.430	-0.848	-0.524	-0.711	-0.512	-0.544	-1.034	-0.758	-0.817	-1.035	-0.803	-0.530	-0.723	-0.644	-0.620	-0.444	-0.851	-0.606	-0.836	-0.571	-0.593	-0.583	-0.632	-0.640	-0.849	-0.836	-0.651	-1.061	-0.778	-0.871	-1.017	-1.061	-0.785	-0.794	-0.800	-0.848	-0.802	-0.797	-0.897	-0.820	-0.631	-0.791	-0.589	-0.425	-0.089	-0.773	-0.832	-0.089	-0.085	-0.038	-0.561	-0.002	+0.003	-0.575	-0.456	-0.762	-0.465	-0.422	-0.070	-0.187	-0.795	-0.792	-0.340	-0.866	-0.848	-0.838	-0.898	-0.781	-0.787	-0.905	-0.535	-0.686	-0.789	-0.788	-0.789	-0.789	-0.789	-0.789	-0.508	-0.849	-0.789	-0.789	-0.669	-0.663	-0.627	-0.661	-0.905	-0.784	-0.921	-0.671	-0.932	-0.930	-0.591	-0.785	-0.937	-0.938	-0.677	-0.935	-0.736	-0.627	-0.926	-0.946	-0.637	-0.674	-0.773	-0.934	-0.787	-0.639	-0.662	-0.742	-0.729	-0.912	-0.652	-0.764	-0.645	
rs4342545      -0.844	-0.794	-0.857	-0.843	-0.847	-0.790	-0.794	-0.833	-0.930	-0.439	-0.833	-0.928	-0.906	-1.059	-0.829	-0.834	-0.850	-0.831	-1.039	-1.037	-1.038	-0.765	-0.724	-0.691	-0.691	-0.562	-0.691	-0.648	-0.655	-0.691	-0.791	-0.691	-0.694	-0.691	-0.688	-0.690	-0.690	-0.690	-0.686	-0.795	-0.691	-0.690	-0.719	-0.710	-0.714	-0.709	-0.681	-0.784	-0.705	-0.715	-0.717	-0.818	-0.719	-0.729	-0.867	-0.852	-0.849	+0.057	+0.034	-0.883	-0.884	-0.884	-0.884	-0.889	-0.880	-0.892	-0.792	-0.821	-0.911	-0.921	-0.626	-0.429	-0.848	-0.524	-0.711	-0.511	-0.543	-1.034	-0.758	-0.817	-1.035	-0.803	-0.530	-0.723	-0.643	-0.619	-0.444	-0.850	-0.606	-0.836	-0.571	-0.593	-0.583	-0.631	-0.640	-0.849	-0.836	-0.651	-1.061	-0.778	-0.871	-1.017	-1.061	-0.785	-0.794	-0.800	-0.848	-0.802	-0.797	-0.896	-0.820	-0.631	-0.791	-0.589	-0.425	-0.090	-0.773	-0.832	-0.089	-0.085	-0.038	-0.561	-0.002	+0.003	-0.574	-0.457	-0.762	-0.465	-0.422	-0.071	-0.187	-0.795	-0.792	-0.340	-0.866	-0.848	-0.838	-0.898	-0.781	-0.787	-0.905	-0.535	-0.685	-0.789	-0.788	-0.789	-0.789	-0.789	-0.789	-0.508	-0.849	-0.789	-0.789	-0.669	-0.663	-0.627	-0.661	-0.905	-0.784	-0.921	-0.671	-0.931	-0.930	-0.591	-0.785	-0.937	-0.938	-0.677	-0.935	-0.736	-0.627	-0.926	-0.946	-0.637	-0.674	-0.773	-0.934	-0.787	-0.640	-0.662	-0.742	-0.729	-0.912	-0.652	-0.763	-0.645	
rs11972317     -0.844	-0.794	-0.857	-0.843	-0.847	-0.790	-0.794	-0.833	-0.930	-0.439	-0.834	-0.928	-0.906	-1.059	-0.829	-0.834	-0.850	-0.831	-1.039	-1.037	-1.038	-0.765	-0.726	-0.691	-0.691	-0.691	-0.562	-0.648	-0.654	-0.691	-0.791	-0.691	-0.693	-0.691	-0.688	-0.690	-0.690	-0.691	-0.687	-0.795	-0.692	-0.691	-0.717	-0.710	-0.714	-0.709	-0.683	-0.785	-0.706	-0.716	-0.718	-0.818	-0.720	-0.730	-0.867	-0.852	-0.849	+0.059	+0.036	-0.883	-0.884	-0.884	-0.884	-0.889	-0.880	-0.892	-0.792	-0.821	-0.911	-0.921	-0.627	-0.429	-0.848	-0.524	-0.710	-0.511	-0.543	-1.034	-0.758	-0.817	-1.035	-0.803	-0.529	-0.722	-0.643	-0.619	-0.444	-0.850	-0.605	-0.835	-0.571	-0.593	-0.583	-0.631	-0.640	-0.849	-0.836	-0.651	-1.061	-0.778	-0.871	-1.017	-1.061	-0.785	-0.794	-0.800	-0.848	-0.802	-0.797	-0.896	-0.820	-0.631	-0.791	-0.589	-0.424	-0.090	-0.773	-0.832	-0.090	-0.086	-0.039	-0.560	-0.003	+0.002	-0.574	-0.457	-0.761	-0.466	-0.422	-0.071	-0.187	-0.795	-0.792	-0.340	-0.866	-0.848	-0.838	-0.898	-0.781	-0.787	-0.905	-0.535	-0.685	-0.789	-0.787	-0.789	-0.789	-0.789	-0.789	-0.508	-0.849	-0.789	-0.789	-0.668	-0.663	-0.627	-0.661	-0.905	-0.784	-0.921	-0.671	-0.931	-0.929	-0.591	-0.785	-0.937	-0.938	-0.677	-0.935	-0.736	-0.627	-0.926	-0.945	-0.637	-0.674	-0.773	-0.934	-0.787	-0.640	-0.662	-0.742	-0.729	-0.912	-0.652	-0.763	-0.645	
rs74546969     -0.600	-0.551	-0.612	-0.599	-0.604	-0.547	-0.552	-0.589	-0.682	-0.108	-0.590	-0.680	-0.658	-0.813	-0.586	-0.591	-0.606	-0.582	-0.788	-0.786	-0.787	-0.528	-0.608	-0.650	-0.649	-0.648	-0.648	-0.283	-0.379	-0.645	-0.679	-0.644	-0.647	-0.642	-0.639	-0.641	-0.641	-0.641	-0.636	-0.664	-0.640	-0.639	-0.614	-0.641	-0.645	-0.639	-0.613	-0.651	-0.619	-0.625	-0.627	-0.545	-0.626	-0.631	-0.643	-0.627	-0.625	+0.151	+0.128	-0.653	-0.654	-0.654	-0.654	-0.658	-0.650	-0.661	-0.560	-0.573	-0.653	-0.666	-0.360	-0.184	-0.589	-0.255	-0.448	-0.265	-0.298	-0.791	-0.520	-0.584	-0.791	-0.544	-0.283	-0.461	-0.403	-0.379	-0.196	-0.598	-0.365	-0.581	-0.310	-0.352	-0.323	-0.391	-0.400	-0.627	-0.584	-0.393	-0.820	-0.540	-0.618	-0.772	-0.820	-0.546	-0.553	-0.558	-0.597	-0.559	-0.555	-0.653	-0.586	-0.402	-0.550	-0.328	-0.199	+0.173	-0.518	-0.580	+0.174	+0.178	+0.226	-0.333	+0.262	+0.267	-0.346	-0.186	-0.502	-0.195	-0.152	+0.202	+0.087	-0.554	-0.551	-0.069	-0.616	-0.610	-0.600	-0.660	-0.541	-0.546	-0.667	-0.270	-0.439	-0.548	-0.547	-0.548	-0.549	-0.549	-0.549	-0.243	-0.586	-0.549	-0.549	-0.423	-0.393	-0.353	-0.388	-0.665	-0.543	-0.682	-0.403	-0.692	-0.691	-0.316	-0.544	-0.698	-0.698	-0.408	-0.696	-0.452	-0.353	-0.687	-0.706	-0.391	-0.402	-0.535	-0.694	-0.547	-0.376	-0.416	-0.469	-0.455	-0.674	-0.383	-0.516	-0.399	
rs115743493    -0.605	-0.556	-0.617	-0.603	-0.608	-0.552	-0.556	-0.594	-0.687	-0.114	-0.595	-0.685	-0.662	-0.817	-0.591	-0.595	-0.611	-0.586	-0.793	-0.791	-0.792	-0.533	-0.613	-0.656	-0.656	-0.655	-0.654	-0.379	-0.288	-0.651	-0.684	-0.650	-0.653	-0.648	-0.645	-0.647	-0.647	-0.647	-0.642	-0.669	-0.646	-0.645	-0.619	-0.647	-0.651	-0.645	-0.620	-0.656	-0.626	-0.632	-0.634	-0.552	-0.632	-0.637	-0.647	-0.631	-0.629	+0.154	+0.131	-0.657	-0.658	-0.658	-0.658	-0.663	-0.654	-0.665	-0.565	-0.578	-0.658	-0.671	-0.365	-0.189	-0.594	-0.260	-0.453	-0.270	-0.302	-0.796	-0.524	-0.589	-0.796	-0.549	-0.288	-0.466	-0.408	-0.384	-0.201	-0.603	-0.370	-0.586	-0.315	-0.357	-0.328	-0.395	-0.404	-0.631	-0.589	-0.398	-0.825	-0.545	-0.623	-0.776	-0.825	-0.550	-0.558	-0.563	-0.602	-0.564	-0.559	-0.658	-0.590	-0.407	-0.555	-0.333	-0.203	+0.168	-0.523	-0.584	+0.169	+0.172	+0.220	-0.338	+0.257	+0.262	-0.351	-0.191	-0.507	-0.200	-0.157	+0.196	+0.081	-0.558	-0.556	-0.074	-0.620	-0.614	-0.604	-0.665	-0.545	-0.551	-0.671	-0.275	-0.444	-0.553	-0.551	-0.553	-0.553	-0.553	-0.553	-0.248	-0.591	-0.553	-0.553	-0.427	-0.398	-0.358	-0.394	-0.670	-0.548	-0.687	-0.408	-0.697	-0.695	-0.321	-0.549	-0.702	-0.703	-0.414	-0.700	-0.458	-0.358	-0.691	-0.710	-0.395	-0.407	-0.539	-0.699	-0.551	-0.381	-0.420	-0.474	-0.460	-0.678	-0.388	-0.521	-0.404	
