## Summary of overall evidence for association with region:
## log10(BF for region) = -0.448867
## p-value for region = NA

## BFs for choosing among multi-SNP models:
## log10(average 1-SNP BF) = -0.378648
## log10(average 2-SNP BF) = -0.636607

## Example posterior probabilities for multi-SNP models, based on default prior: [p(l) propto 0.5^l for l=1,2,...,L]
## posterior probability of 1-SNP = 0.783659
## posterior probability of 2-SNP = 0.216341

## log10(BF) for single SNP and pair of SNPs:
rs7185203      -0.609	-0.572	-0.567	-0.474	-0.771	-0.438	-0.276	-0.510	-0.694	-0.449	-0.496	-0.541	-0.467	-0.808	-0.778	-0.713	-0.752	-0.928	-0.611	-0.824	-0.903	-0.831	-0.113	-1.044	-1.042	-1.041	-1.042	-1.049	-1.046	-0.650	-0.836	-0.923	-0.814	-0.927	-0.927	-0.962	-0.977	-0.951	-0.953	-0.945	-0.883	-0.883	-0.809	-0.869	-0.975	-0.971	-0.969	-0.969	-0.969	-1.027	-0.972	-0.970	-0.940	-0.983	-0.969	-0.967	-0.954	-0.954	-1.028	-1.027	-1.010	-1.026	-1.032	-1.030	-1.027	-1.018	-0.911	-0.965	-0.932	-0.928	-0.938	-0.964	-0.826	-0.960	-0.952	-1.071	-1.027	-1.008	-1.060	-1.064	-0.947	-1.048	-1.055	-1.057	-1.056	-0.943	-1.053	-1.055	-0.943	-1.068	-1.049	-0.943	-0.943	-0.940	-0.943	-0.942	-0.928	-0.930	-0.938	-0.928	-0.920	-0.929	-0.924	-0.927	-0.919	-0.939	-0.930	-0.495	-0.901	-0.935	-1.078	-1.029	-1.078	
rs6564898      -0.572	-0.121	-0.240	-0.234	-0.481	-0.187	-0.131	-0.301	-0.428	-0.257	-0.294	-0.332	-0.281	-0.509	-0.491	-0.448	-0.473	-0.574	-0.348	-0.507	-0.556	-0.513	+0.025	-0.579	-0.579	-0.579	-0.580	-0.580	-0.579	-0.131	-0.330	-0.425	-0.306	-0.433	-0.433	-0.472	-0.490	-0.457	-0.459	-0.502	-0.385	-0.385	-0.307	-0.370	-0.513	-0.510	-0.508	-0.509	-0.509	-0.559	-0.512	-0.510	-0.483	-0.521	-0.509	-0.506	-0.494	-0.494	-0.563	-0.563	-0.546	-0.562	-0.567	-0.565	-0.562	-0.554	-0.437	-0.497	-0.460	-0.455	-0.467	-0.499	-0.351	-0.496	-0.486	-0.606	-0.561	-0.539	-0.599	-0.602	-0.480	-0.589	-0.595	-0.597	-0.596	-0.475	-0.593	-0.595	-0.475	-0.599	-0.589	-0.475	-0.475	-0.472	-0.475	-0.474	-0.462	-0.465	-0.471	-0.462	-0.454	-0.464	-0.459	-0.462	-0.454	-0.471	-0.463	-0.001	-0.430	-0.468	-0.607	-0.560	-0.607	
rs6564899      -0.567	-0.240	-0.114	-0.232	-0.476	-0.186	-0.129	-0.298	-0.423	-0.254	-0.291	-0.328	-0.277	-0.505	-0.486	-0.444	-0.468	-0.569	-0.345	-0.503	-0.551	-0.508	+0.027	-0.573	-0.574	-0.574	-0.574	-0.574	-0.573	-0.126	-0.323	-0.418	-0.299	-0.426	-0.426	-0.466	-0.483	-0.450	-0.452	-0.496	-0.379	-0.379	-0.301	-0.363	-0.507	-0.504	-0.502	-0.503	-0.503	-0.553	-0.506	-0.504	-0.477	-0.515	-0.503	-0.500	-0.488	-0.488	-0.557	-0.557	-0.540	-0.556	-0.561	-0.559	-0.556	-0.548	-0.430	-0.491	-0.454	-0.449	-0.461	-0.493	-0.345	-0.490	-0.480	-0.600	-0.555	-0.533	-0.593	-0.596	-0.474	-0.583	-0.589	-0.591	-0.590	-0.469	-0.587	-0.589	-0.469	-0.593	-0.583	-0.469	-0.469	-0.466	-0.468	-0.468	-0.456	-0.459	-0.465	-0.456	-0.448	-0.458	-0.453	-0.456	-0.447	-0.465	-0.457	+0.006	-0.423	-0.462	-0.601	-0.554	-0.602	
rs7192328      -0.474	-0.234	-0.232	-0.016	-0.402	-0.162	-0.106	-0.247	-0.360	-0.216	-0.243	-0.271	-0.235	-0.427	-0.410	-0.363	-0.387	-0.483	-0.273	-0.424	-0.468	-0.428	+0.069	-0.479	-0.482	-0.482	-0.483	-0.479	-0.479	-0.026	-0.214	-0.313	-0.203	-0.322	-0.322	-0.364	-0.383	-0.348	-0.350	-0.409	-0.272	-0.272	-0.192	-0.256	-0.414	-0.412	-0.410	-0.410	-0.410	-0.460	-0.413	-0.412	-0.385	-0.423	-0.411	-0.408	-0.395	-0.395	-0.465	-0.464	-0.447	-0.463	-0.469	-0.467	-0.463	-0.455	-0.335	-0.397	-0.359	-0.354	-0.367	-0.400	-0.246	-0.397	-0.386	-0.506	-0.463	-0.438	-0.499	-0.502	-0.380	-0.489	-0.496	-0.497	-0.496	-0.375	-0.493	-0.496	-0.375	-0.501	-0.489	-0.376	-0.376	-0.372	-0.375	-0.374	-0.362	-0.365	-0.372	-0.362	-0.354	-0.364	-0.359	-0.362	-0.354	-0.373	-0.364	+0.096	-0.330	-0.369	-0.509	-0.462	-0.510	
rs12716918     -0.771	-0.481	-0.476	-0.402	-0.293	-0.374	-0.229	-0.435	-0.568	-0.387	-0.424	-0.464	-0.400	-0.645	-0.626	-0.579	-0.607	-0.702	-0.504	-0.660	-0.703	-0.664	-0.036	-0.741	-0.737	-0.737	-0.737	-0.747	-0.743	-0.321	-0.536	-0.620	-0.513	-0.624	-0.624	-0.660	-0.674	-0.648	-0.649	-0.645	-0.584	-0.584	-0.513	-0.568	-0.677	-0.674	-0.672	-0.673	-0.673	-0.723	-0.676	-0.674	-0.647	-0.685	-0.673	-0.671	-0.659	-0.659	-0.728	-0.727	-0.711	-0.726	-0.731	-0.729	-0.725	-0.718	-0.601	-0.661	-0.624	-0.620	-0.631	-0.663	-0.525	-0.660	-0.650	-0.769	-0.725	-0.704	-0.760	-0.764	-0.644	-0.750	-0.756	-0.758	-0.757	-0.639	-0.754	-0.756	-0.639	-0.764	-0.750	-0.639	-0.639	-0.636	-0.639	-0.638	-0.626	-0.628	-0.635	-0.626	-0.618	-0.627	-0.622	-0.625	-0.617	-0.636	-0.627	-0.184	-0.596	-0.632	-0.774	-0.726	-0.774	
rs7203914      -0.438	-0.187	-0.186	-0.162	-0.374	+0.014	-0.092	-0.209	-0.326	-0.183	-0.208	-0.232	-0.203	-0.406	-0.390	-0.345	-0.368	-0.456	-0.260	-0.403	-0.444	-0.408	+0.087	-0.450	-0.452	-0.453	-0.453	-0.450	-0.450	+0.005	-0.193	-0.290	-0.171	-0.299	-0.299	-0.339	-0.357	-0.323	-0.325	-0.377	-0.250	-0.250	-0.171	-0.233	-0.385	-0.383	-0.381	-0.382	-0.382	-0.430	-0.385	-0.383	-0.357	-0.394	-0.382	-0.379	-0.367	-0.367	-0.436	-0.435	-0.418	-0.434	-0.439	-0.438	-0.433	-0.426	-0.305	-0.367	-0.330	-0.324	-0.337	-0.371	-0.216	-0.368	-0.357	-0.477	-0.432	-0.410	-0.471	-0.474	-0.351	-0.461	-0.468	-0.469	-0.468	-0.346	-0.465	-0.467	-0.346	-0.471	-0.461	-0.347	-0.346	-0.343	-0.346	-0.345	-0.334	-0.337	-0.342	-0.334	-0.327	-0.336	-0.331	-0.334	-0.326	-0.343	-0.334	+0.127	-0.300	-0.339	-0.478	-0.432	-0.479	
rs4888158      -0.276	-0.131	-0.129	-0.106	-0.229	-0.092	+0.212	-0.115	+0.013	-0.101	-0.113	-0.128	-0.109	-0.245	-0.235	-0.210	-0.225	-0.265	-0.154	-0.249	-0.272	-0.251	+0.133	-0.260	-0.263	-0.263	-0.263	-0.258	-0.259	+0.200	+0.034	-0.071	+0.046	-0.086	-0.086	-0.129	-0.149	-0.111	-0.113	-0.202	-0.034	-0.034	+0.052	-0.016	-0.194	-0.192	-0.190	-0.191	-0.190	-0.240	-0.193	-0.192	-0.165	-0.202	-0.191	-0.188	-0.175	-0.175	-0.245	-0.244	-0.226	-0.243	-0.249	-0.247	-0.243	-0.235	-0.116	-0.177	-0.140	-0.135	-0.147	-0.180	-0.021	-0.177	-0.166	-0.287	-0.243	-0.217	-0.281	-0.284	-0.159	-0.272	-0.278	-0.279	-0.278	-0.154	-0.275	-0.278	-0.155	-0.280	-0.271	-0.155	-0.155	-0.152	-0.154	-0.154	-0.142	-0.145	-0.151	-0.142	-0.135	-0.144	-0.139	-0.142	-0.134	-0.152	-0.144	+0.313	-0.109	-0.149	-0.287	-0.241	-0.288	
rs9926468      -0.510	-0.301	-0.298	-0.247	-0.435	-0.209	-0.115	-0.046	-0.383	-0.140	-0.148	-0.230	-0.189	-0.451	-0.433	-0.385	-0.409	-0.509	-0.294	-0.447	-0.493	-0.452	+0.076	-0.508	-0.510	-0.510	-0.510	-0.509	-0.508	-0.061	-0.259	-0.354	-0.237	-0.362	-0.362	-0.402	-0.419	-0.386	-0.388	-0.432	-0.314	-0.314	-0.237	-0.298	-0.444	-0.441	-0.440	-0.440	-0.440	-0.488	-0.443	-0.442	-0.416	-0.452	-0.441	-0.438	-0.426	-0.426	-0.494	-0.493	-0.477	-0.492	-0.497	-0.495	-0.491	-0.484	-0.362	-0.425	-0.387	-0.381	-0.394	-0.429	-0.275	-0.426	-0.415	-0.535	-0.490	-0.468	-0.529	-0.532	-0.409	-0.519	-0.525	-0.527	-0.526	-0.404	-0.523	-0.525	-0.404	-0.528	-0.519	-0.404	-0.404	-0.401	-0.404	-0.403	-0.392	-0.394	-0.399	-0.392	-0.384	-0.394	-0.388	-0.391	-0.383	-0.400	-0.391	+0.071	-0.358	-0.397	-0.536	-0.490	-0.537	
rs9936936      -0.694	-0.428	-0.423	-0.360	-0.568	-0.326	+0.013	-0.383	-0.211	-0.334	-0.371	-0.404	-0.349	-0.591	-0.572	-0.529	-0.554	-0.645	-0.447	-0.597	-0.641	-0.602	-0.031	-0.664	-0.665	-0.665	-0.665	-0.666	-0.665	-0.224	-0.402	-0.501	-0.385	-0.511	-0.511	-0.551	-0.569	-0.535	-0.537	-0.595	-0.463	-0.463	-0.382	-0.447	-0.597	-0.594	-0.592	-0.593	-0.593	-0.646	-0.596	-0.594	-0.566	-0.605	-0.593	-0.590	-0.577	-0.577	-0.648	-0.648	-0.630	-0.647	-0.653	-0.650	-0.647	-0.639	-0.526	-0.583	-0.548	-0.543	-0.554	-0.585	-0.433	-0.581	-0.571	-0.691	-0.647	-0.624	-0.684	-0.687	-0.566	-0.674	-0.681	-0.682	-0.681	-0.560	-0.678	-0.680	-0.561	-0.685	-0.674	-0.561	-0.561	-0.558	-0.560	-0.560	-0.547	-0.550	-0.557	-0.547	-0.540	-0.549	-0.544	-0.547	-0.539	-0.557	-0.549	-0.100	-0.516	-0.554	-0.692	-0.646	-0.692	
rs9927231      -0.449	-0.257	-0.254	-0.216	-0.387	-0.183	-0.101	-0.140	-0.334	+0.013	-0.132	-0.167	-0.148	-0.406	-0.389	-0.344	-0.367	-0.458	-0.255	-0.402	-0.444	-0.406	+0.103	-0.452	-0.454	-0.454	-0.454	-0.452	-0.452	-0.002	-0.199	-0.295	-0.179	-0.305	-0.305	-0.345	-0.362	-0.329	-0.331	-0.377	-0.256	-0.256	-0.179	-0.240	-0.387	-0.385	-0.383	-0.384	-0.384	-0.432	-0.387	-0.385	-0.359	-0.395	-0.384	-0.381	-0.369	-0.369	-0.437	-0.437	-0.420	-0.436	-0.441	-0.439	-0.435	-0.428	-0.307	-0.369	-0.331	-0.326	-0.339	-0.373	-0.218	-0.370	-0.359	-0.479	-0.434	-0.412	-0.474	-0.477	-0.353	-0.464	-0.470	-0.472	-0.471	-0.348	-0.468	-0.470	-0.348	-0.472	-0.464	-0.348	-0.348	-0.345	-0.348	-0.347	-0.336	-0.339	-0.343	-0.336	-0.329	-0.338	-0.333	-0.336	-0.328	-0.344	-0.335	+0.128	-0.301	-0.340	-0.480	-0.434	-0.480	
rs9931524      -0.496	-0.294	-0.291	-0.243	-0.424	-0.208	-0.113	-0.148	-0.371	-0.132	-0.031	-0.216	-0.179	-0.440	-0.423	-0.375	-0.399	-0.497	-0.285	-0.436	-0.481	-0.441	+0.083	-0.494	-0.496	-0.496	-0.496	-0.495	-0.494	-0.047	-0.244	-0.340	-0.223	-0.349	-0.348	-0.388	-0.405	-0.372	-0.374	-0.418	-0.300	-0.300	-0.223	-0.284	-0.430	-0.428	-0.426	-0.427	-0.427	-0.474	-0.430	-0.428	-0.403	-0.438	-0.427	-0.425	-0.413	-0.413	-0.480	-0.480	-0.463	-0.479	-0.484	-0.482	-0.478	-0.471	-0.348	-0.411	-0.373	-0.367	-0.380	-0.415	-0.261	-0.412	-0.401	-0.522	-0.476	-0.455	-0.516	-0.518	-0.395	-0.506	-0.512	-0.513	-0.513	-0.390	-0.510	-0.512	-0.390	-0.515	-0.506	-0.391	-0.391	-0.388	-0.390	-0.389	-0.378	-0.381	-0.386	-0.378	-0.371	-0.380	-0.375	-0.378	-0.370	-0.387	-0.378	+0.085	-0.344	-0.383	-0.522	-0.476	-0.523	
rs6564901      -0.541	-0.332	-0.328	-0.271	-0.464	-0.232	-0.128	-0.230	-0.404	-0.167	-0.216	-0.079	-0.175	-0.480	-0.462	-0.414	-0.438	-0.538	-0.324	-0.477	-0.523	-0.482	+0.054	-0.539	-0.542	-0.542	-0.542	-0.540	-0.539	-0.094	-0.289	-0.385	-0.270	-0.394	-0.394	-0.433	-0.451	-0.418	-0.420	-0.464	-0.346	-0.346	-0.269	-0.330	-0.475	-0.472	-0.470	-0.471	-0.471	-0.519	-0.474	-0.472	-0.446	-0.483	-0.471	-0.469	-0.456	-0.456	-0.525	-0.524	-0.507	-0.524	-0.529	-0.527	-0.523	-0.515	-0.395	-0.457	-0.420	-0.415	-0.427	-0.460	-0.305	-0.457	-0.446	-0.567	-0.521	-0.500	-0.561	-0.564	-0.440	-0.552	-0.557	-0.559	-0.558	-0.435	-0.555	-0.557	-0.436	-0.559	-0.551	-0.436	-0.436	-0.433	-0.435	-0.435	-0.424	-0.426	-0.431	-0.424	-0.416	-0.425	-0.420	-0.423	-0.415	-0.432	-0.423	+0.037	-0.390	-0.428	-0.567	-0.521	-0.567	
rs4889354      -0.467	-0.281	-0.277	-0.235	-0.400	-0.203	-0.109	-0.189	-0.349	-0.148	-0.179	-0.175	-0.000	-0.420	-0.404	-0.360	-0.382	-0.469	-0.274	-0.417	-0.458	-0.422	+0.089	-0.465	-0.466	-0.466	-0.467	-0.465	-0.464	-0.019	-0.215	-0.310	-0.194	-0.319	-0.319	-0.359	-0.376	-0.343	-0.345	-0.389	-0.271	-0.271	-0.194	-0.254	-0.400	-0.398	-0.396	-0.397	-0.397	-0.444	-0.399	-0.398	-0.372	-0.408	-0.397	-0.394	-0.382	-0.382	-0.450	-0.450	-0.433	-0.449	-0.454	-0.452	-0.448	-0.441	-0.319	-0.382	-0.344	-0.338	-0.351	-0.385	-0.233	-0.382	-0.371	-0.492	-0.446	-0.426	-0.487	-0.490	-0.365	-0.478	-0.484	-0.485	-0.484	-0.360	-0.481	-0.483	-0.361	-0.484	-0.477	-0.361	-0.361	-0.358	-0.360	-0.359	-0.350	-0.353	-0.355	-0.350	-0.342	-0.352	-0.347	-0.350	-0.342	-0.356	-0.347	+0.116	-0.314	-0.352	-0.492	-0.446	-0.492	
rs7187703      -0.808	-0.509	-0.505	-0.427	-0.645	-0.406	-0.245	-0.451	-0.591	-0.406	-0.440	-0.480	-0.420	-0.332	-0.449	-0.480	-0.513	-0.555	-0.430	-0.589	-0.613	-0.602	-0.061	-0.777	-0.773	-0.773	-0.773	-0.784	-0.780	-0.386	-0.576	-0.659	-0.556	-0.663	-0.663	-0.699	-0.713	-0.688	-0.689	-0.684	-0.624	-0.624	-0.554	-0.607	-0.713	-0.710	-0.709	-0.709	-0.709	-0.762	-0.712	-0.710	-0.682	-0.721	-0.709	-0.707	-0.694	-0.694	-0.765	-0.764	-0.747	-0.763	-0.769	-0.767	-0.763	-0.755	-0.641	-0.699	-0.664	-0.659	-0.670	-0.700	-0.542	-0.697	-0.687	-0.807	-0.762	-0.742	-0.795	-0.799	-0.681	-0.784	-0.791	-0.793	-0.792	-0.676	-0.788	-0.791	-0.676	-0.803	-0.784	-0.677	-0.677	-0.673	-0.676	-0.675	-0.661	-0.664	-0.673	-0.661	-0.653	-0.663	-0.657	-0.661	-0.652	-0.674	-0.666	-0.234	-0.634	-0.671	-0.813	-0.764	-0.813	
rs7197860      -0.778	-0.491	-0.486	-0.410	-0.626	-0.390	-0.235	-0.433	-0.572	-0.389	-0.423	-0.462	-0.404	-0.449	-0.300	-0.482	-0.508	-0.515	-0.435	-0.570	-0.583	-0.583	-0.048	-0.746	-0.742	-0.742	-0.742	-0.753	-0.749	-0.354	-0.546	-0.629	-0.525	-0.632	-0.632	-0.668	-0.683	-0.657	-0.658	-0.653	-0.594	-0.594	-0.523	-0.576	-0.682	-0.680	-0.678	-0.678	-0.678	-0.731	-0.681	-0.679	-0.651	-0.690	-0.678	-0.676	-0.664	-0.664	-0.734	-0.733	-0.717	-0.733	-0.738	-0.736	-0.732	-0.724	-0.610	-0.668	-0.633	-0.628	-0.639	-0.670	-0.510	-0.666	-0.656	-0.776	-0.732	-0.711	-0.764	-0.768	-0.650	-0.753	-0.760	-0.762	-0.761	-0.645	-0.758	-0.760	-0.645	-0.772	-0.753	-0.646	-0.646	-0.642	-0.645	-0.645	-0.630	-0.633	-0.643	-0.630	-0.622	-0.632	-0.626	-0.630	-0.621	-0.643	-0.635	-0.203	-0.603	-0.640	-0.782	-0.733	-0.782	
rs7190420      -0.713	-0.448	-0.444	-0.363	-0.579	-0.345	-0.210	-0.385	-0.529	-0.344	-0.375	-0.414	-0.360	-0.480	-0.482	-0.227	-0.398	-0.405	-0.399	-0.540	-0.540	-0.535	-0.027	-0.676	-0.671	-0.671	-0.671	-0.684	-0.679	-0.284	-0.469	-0.554	-0.449	-0.559	-0.559	-0.595	-0.610	-0.583	-0.585	-0.588	-0.520	-0.520	-0.448	-0.503	-0.613	-0.610	-0.608	-0.608	-0.608	-0.661	-0.611	-0.609	-0.581	-0.621	-0.608	-0.606	-0.593	-0.593	-0.664	-0.664	-0.647	-0.663	-0.668	-0.666	-0.662	-0.655	-0.540	-0.598	-0.563	-0.559	-0.569	-0.600	-0.444	-0.596	-0.586	-0.706	-0.662	-0.641	-0.696	-0.699	-0.580	-0.685	-0.692	-0.693	-0.692	-0.575	-0.689	-0.691	-0.576	-0.702	-0.684	-0.576	-0.576	-0.573	-0.575	-0.575	-0.560	-0.563	-0.573	-0.560	-0.552	-0.562	-0.557	-0.560	-0.551	-0.573	-0.565	-0.125	-0.533	-0.570	-0.712	-0.663	-0.712	
rs12919861     -0.752	-0.473	-0.468	-0.387	-0.607	-0.368	-0.225	-0.409	-0.554	-0.367	-0.399	-0.438	-0.382	-0.513	-0.508	-0.398	-0.269	-0.436	-0.410	-0.564	-0.572	-0.573	-0.043	-0.717	-0.712	-0.712	-0.712	-0.724	-0.720	-0.325	-0.514	-0.598	-0.494	-0.602	-0.602	-0.638	-0.653	-0.627	-0.628	-0.625	-0.564	-0.564	-0.494	-0.547	-0.653	-0.650	-0.648	-0.648	-0.648	-0.702	-0.651	-0.650	-0.622	-0.661	-0.648	-0.646	-0.634	-0.634	-0.705	-0.704	-0.687	-0.703	-0.709	-0.707	-0.703	-0.695	-0.581	-0.639	-0.604	-0.599	-0.610	-0.640	-0.483	-0.636	-0.627	-0.747	-0.703	-0.681	-0.735	-0.739	-0.621	-0.724	-0.731	-0.733	-0.731	-0.616	-0.728	-0.731	-0.616	-0.743	-0.724	-0.617	-0.617	-0.613	-0.615	-0.615	-0.600	-0.602	-0.614	-0.600	-0.592	-0.601	-0.596	-0.599	-0.590	-0.614	-0.606	-0.167	-0.574	-0.611	-0.753	-0.704	-0.753	
rs7192273      -0.928	-0.574	-0.569	-0.483	-0.702	-0.456	-0.265	-0.509	-0.645	-0.458	-0.497	-0.538	-0.469	-0.555	-0.515	-0.405	-0.436	-0.460	-0.407	-0.648	-0.722	-0.664	-0.093	-0.899	-0.895	-0.895	-0.895	-0.906	-0.902	-0.505	-0.699	-0.782	-0.677	-0.786	-0.786	-0.821	-0.836	-0.810	-0.812	-0.805	-0.746	-0.746	-0.676	-0.731	-0.834	-0.831	-0.829	-0.829	-0.829	-0.884	-0.832	-0.830	-0.801	-0.842	-0.829	-0.827	-0.814	-0.814	-0.886	-0.886	-0.868	-0.885	-0.890	-0.888	-0.884	-0.876	-0.766	-0.822	-0.788	-0.784	-0.794	-0.822	-0.671	-0.818	-0.809	-0.929	-0.885	-0.864	-0.917	-0.921	-0.804	-0.905	-0.913	-0.914	-0.913	-0.799	-0.910	-0.912	-0.799	-0.925	-0.906	-0.800	-0.800	-0.796	-0.799	-0.798	-0.783	-0.786	-0.796	-0.783	-0.775	-0.785	-0.780	-0.783	-0.774	-0.797	-0.788	-0.352	-0.757	-0.793	-0.935	-0.886	-0.935	
rs4265801      -0.611	-0.348	-0.345	-0.273	-0.504	-0.260	-0.154	-0.294	-0.447	-0.255	-0.285	-0.324	-0.274	-0.430	-0.435	-0.399	-0.410	-0.407	-0.124	-0.299	-0.174	-0.265	+0.001	-0.577	-0.571	-0.572	-0.572	-0.585	-0.580	-0.193	-0.374	-0.456	-0.352	-0.460	-0.460	-0.495	-0.510	-0.485	-0.487	-0.488	-0.421	-0.421	-0.351	-0.404	-0.513	-0.510	-0.509	-0.509	-0.509	-0.562	-0.512	-0.510	-0.482	-0.521	-0.509	-0.506	-0.494	-0.494	-0.565	-0.564	-0.549	-0.563	-0.569	-0.567	-0.563	-0.555	-0.440	-0.499	-0.463	-0.459	-0.470	-0.500	-0.337	-0.497	-0.487	-0.607	-0.564	-0.540	-0.594	-0.599	-0.481	-0.583	-0.591	-0.592	-0.591	-0.475	-0.587	-0.590	-0.476	-0.604	-0.583	-0.476	-0.476	-0.473	-0.475	-0.475	-0.459	-0.462	-0.474	-0.459	-0.451	-0.461	-0.455	-0.458	-0.450	-0.475	-0.467	-0.048	-0.434	-0.471	-0.616	-0.565	-0.615	
rs4888160      -0.824	-0.507	-0.503	-0.424	-0.660	-0.403	-0.249	-0.447	-0.597	-0.402	-0.436	-0.477	-0.417	-0.589	-0.570	-0.540	-0.564	-0.648	-0.299	-0.352	-0.472	-0.528	-0.072	-0.795	-0.790	-0.790	-0.790	-0.803	-0.798	-0.410	-0.599	-0.680	-0.576	-0.683	-0.683	-0.718	-0.732	-0.708	-0.709	-0.702	-0.645	-0.645	-0.575	-0.628	-0.731	-0.728	-0.726	-0.726	-0.726	-0.781	-0.729	-0.727	-0.698	-0.739	-0.726	-0.723	-0.711	-0.711	-0.783	-0.782	-0.766	-0.781	-0.787	-0.785	-0.781	-0.773	-0.661	-0.718	-0.683	-0.679	-0.689	-0.719	-0.561	-0.715	-0.706	-0.825	-0.782	-0.759	-0.812	-0.816	-0.699	-0.800	-0.808	-0.809	-0.808	-0.694	-0.805	-0.807	-0.695	-0.823	-0.800	-0.695	-0.695	-0.692	-0.694	-0.694	-0.678	-0.681	-0.693	-0.678	-0.670	-0.679	-0.674	-0.677	-0.669	-0.693	-0.686	-0.266	-0.654	-0.690	-0.834	-0.784	-0.833	
rs17201380     -0.903	-0.556	-0.551	-0.468	-0.703	-0.444	-0.272	-0.493	-0.641	-0.444	-0.481	-0.523	-0.458	-0.613	-0.583	-0.540	-0.572	-0.722	-0.174	-0.472	-0.436	-0.512	-0.083	-0.877	-0.872	-0.872	-0.873	-0.884	-0.880	-0.493	-0.680	-0.762	-0.657	-0.764	-0.764	-0.799	-0.813	-0.789	-0.791	-0.782	-0.725	-0.725	-0.655	-0.709	-0.812	-0.809	-0.807	-0.807	-0.807	-0.862	-0.810	-0.808	-0.779	-0.820	-0.807	-0.805	-0.792	-0.792	-0.864	-0.863	-0.847	-0.862	-0.868	-0.866	-0.862	-0.854	-0.742	-0.799	-0.765	-0.760	-0.771	-0.800	-0.646	-0.796	-0.787	-0.906	-0.863	-0.841	-0.893	-0.898	-0.781	-0.882	-0.889	-0.891	-0.890	-0.776	-0.886	-0.889	-0.776	-0.903	-0.882	-0.777	-0.777	-0.773	-0.776	-0.776	-0.760	-0.763	-0.774	-0.760	-0.752	-0.761	-0.756	-0.759	-0.751	-0.774	-0.766	-0.345	-0.735	-0.771	-0.915	-0.865	-0.914	
rs35921703     -0.831	-0.513	-0.508	-0.428	-0.664	-0.408	-0.251	-0.452	-0.602	-0.406	-0.441	-0.482	-0.422	-0.602	-0.583	-0.535	-0.573	-0.664	-0.265	-0.528	-0.512	-0.359	-0.072	-0.802	-0.797	-0.797	-0.797	-0.810	-0.805	-0.418	-0.603	-0.685	-0.579	-0.688	-0.688	-0.722	-0.737	-0.712	-0.714	-0.711	-0.648	-0.648	-0.577	-0.632	-0.737	-0.735	-0.733	-0.733	-0.733	-0.788	-0.736	-0.734	-0.705	-0.746	-0.733	-0.730	-0.717	-0.717	-0.789	-0.789	-0.773	-0.788	-0.794	-0.791	-0.788	-0.780	-0.667	-0.724	-0.690	-0.686	-0.696	-0.726	-0.570	-0.722	-0.713	-0.832	-0.789	-0.767	-0.819	-0.824	-0.707	-0.808	-0.816	-0.817	-0.816	-0.701	-0.813	-0.815	-0.702	-0.829	-0.808	-0.702	-0.702	-0.699	-0.701	-0.701	-0.686	-0.688	-0.699	-0.686	-0.678	-0.687	-0.682	-0.685	-0.676	-0.700	-0.692	-0.272	-0.660	-0.697	-0.840	-0.791	-0.840	
rs12447549     -0.113	+0.025	+0.027	+0.069	-0.036	+0.087	+0.133	+0.076	-0.031	+0.103	+0.083	+0.054	+0.089	-0.061	-0.048	-0.027	-0.043	-0.093	+0.001	-0.072	-0.083	-0.072	+0.418	-0.071	-0.072	-0.072	-0.073	-0.072	-0.071	+0.376	+0.211	+0.116	+0.219	+0.106	+0.106	+0.065	+0.044	+0.078	+0.076	-0.015	+0.156	+0.156	+0.239	+0.174	-0.003	+0.000	+0.002	+0.002	+0.002	-0.052	-0.002	+0.000	+0.028	-0.011	+0.001	+0.006	+0.019	+0.019	-0.055	-0.055	-0.039	-0.054	-0.059	-0.057	-0.053	-0.045	+0.076	+0.013	+0.052	+0.056	+0.044	+0.010	+0.172	+0.014	+0.024	-0.097	-0.056	-0.023	-0.090	-0.094	+0.031	-0.080	-0.086	-0.088	-0.087	+0.037	-0.084	-0.086	+0.036	-0.092	-0.080	+0.036	+0.036	+0.040	+0.037	+0.037	+0.052	+0.049	+0.038	+0.052	+0.060	+0.050	+0.056	+0.053	+0.061	+0.037	+0.046	+0.439	+0.081	+0.041	-0.107	-0.057	-0.106	
rs4888165      -1.044	-0.579	-0.573	-0.479	-0.741	-0.450	-0.260	-0.508	-0.664	-0.452	-0.494	-0.539	-0.465	-0.777	-0.746	-0.676	-0.717	-0.899	-0.577	-0.795	-0.877	-0.802	-0.071	-0.591	-0.794	-0.788	-0.789	-0.772	-0.722	-0.635	-0.744	-0.862	-0.785	-0.884	-0.884	-0.914	-0.930	-0.906	-0.908	-0.924	-0.846	-0.846	-0.761	-0.837	-0.957	-0.953	-0.951	-0.951	-0.951	-1.010	-0.954	-0.952	-0.922	-0.965	-0.951	-0.950	-0.936	-0.936	-1.010	-1.010	-0.992	-1.008	-1.015	-1.012	-1.009	-1.000	-0.893	-0.947	-0.914	-0.910	-0.920	-0.947	-0.811	-0.942	-0.934	-1.054	-1.010	-0.993	-1.042	-1.047	-0.931	-1.031	-1.038	-1.040	-1.039	-0.926	-1.035	-1.038	-0.926	-1.051	-1.031	-0.926	-0.926	-0.923	-0.926	-0.925	-0.911	-0.914	-0.921	-0.911	-0.904	-0.913	-0.908	-0.911	-0.902	-0.922	-0.913	-0.476	-0.884	-0.918	-1.061	-1.012	-1.060	
rs4423411      -1.042	-0.579	-0.574	-0.482	-0.737	-0.452	-0.263	-0.510	-0.665	-0.454	-0.496	-0.542	-0.466	-0.773	-0.742	-0.671	-0.712	-0.895	-0.571	-0.790	-0.872	-0.797	-0.072	-0.794	-0.588	-0.736	-0.736	-0.800	-0.784	-0.640	-0.728	-0.850	-0.777	-0.876	-0.875	-0.905	-0.922	-0.897	-0.899	-0.928	-0.837	-0.837	-0.749	-0.829	-0.955	-0.952	-0.950	-0.950	-0.950	-1.007	-0.953	-0.951	-0.921	-0.963	-0.950	-0.948	-0.935	-0.935	-1.008	-1.008	-0.990	-1.007	-1.013	-1.010	-1.007	-0.998	-0.889	-0.945	-0.911	-0.907	-0.917	-0.945	-0.806	-0.940	-0.932	-1.052	-1.007	-0.990	-1.039	-1.044	-0.928	-1.028	-1.035	-1.037	-1.036	-0.923	-1.033	-1.035	-0.923	-1.048	-1.028	-0.924	-0.924	-0.921	-0.923	-0.922	-0.908	-0.911	-0.918	-0.908	-0.901	-0.910	-0.905	-0.908	-0.899	-0.919	-0.910	-0.468	-0.881	-0.915	-1.058	-1.009	-1.057	
rs4281702      -1.041	-0.579	-0.574	-0.482	-0.737	-0.453	-0.263	-0.510	-0.665	-0.454	-0.496	-0.542	-0.466	-0.773	-0.742	-0.671	-0.712	-0.895	-0.572	-0.790	-0.872	-0.797	-0.072	-0.788	-0.736	-0.587	-0.719	-0.794	-0.777	-0.640	-0.726	-0.849	-0.776	-0.875	-0.875	-0.904	-0.921	-0.896	-0.898	-0.928	-0.836	-0.836	-0.748	-0.828	-0.955	-0.952	-0.950	-0.950	-0.950	-1.007	-0.953	-0.951	-0.921	-0.963	-0.949	-0.948	-0.935	-0.935	-1.008	-1.007	-0.990	-1.006	-1.012	-1.010	-1.006	-0.998	-0.889	-0.944	-0.911	-0.907	-0.917	-0.944	-0.806	-0.940	-0.932	-1.051	-1.007	-0.990	-1.039	-1.043	-0.928	-1.027	-1.035	-1.037	-1.036	-0.923	-1.032	-1.035	-0.923	-1.048	-1.028	-0.923	-0.923	-0.920	-0.923	-0.922	-0.908	-0.911	-0.918	-0.908	-0.900	-0.910	-0.905	-0.908	-0.899	-0.919	-0.910	-0.468	-0.881	-0.915	-1.057	-1.009	-1.057	
rs2317497      -1.042	-0.580	-0.574	-0.483	-0.737	-0.453	-0.263	-0.510	-0.665	-0.454	-0.496	-0.542	-0.467	-0.773	-0.742	-0.671	-0.712	-0.895	-0.572	-0.790	-0.873	-0.797	-0.073	-0.789	-0.736	-0.719	-0.588	-0.795	-0.778	-0.640	-0.727	-0.850	-0.777	-0.875	-0.875	-0.904	-0.921	-0.897	-0.899	-0.928	-0.836	-0.836	-0.748	-0.828	-0.955	-0.952	-0.950	-0.950	-0.950	-1.007	-0.953	-0.951	-0.921	-0.963	-0.950	-0.948	-0.935	-0.935	-1.008	-1.008	-0.990	-1.007	-1.012	-1.010	-1.007	-0.998	-0.889	-0.945	-0.911	-0.907	-0.917	-0.944	-0.806	-0.940	-0.932	-1.051	-1.007	-0.990	-1.039	-1.044	-0.928	-1.028	-1.035	-1.037	-1.036	-0.923	-1.033	-1.035	-0.923	-1.048	-1.028	-0.924	-0.924	-0.921	-0.923	-0.922	-0.908	-0.911	-0.918	-0.908	-0.901	-0.910	-0.905	-0.908	-0.899	-0.919	-0.910	-0.468	-0.881	-0.915	-1.058	-1.009	-1.057	
rs753108       -1.049	-0.580	-0.574	-0.479	-0.747	-0.450	-0.258	-0.509	-0.666	-0.452	-0.495	-0.540	-0.465	-0.784	-0.753	-0.684	-0.724	-0.906	-0.585	-0.803	-0.884	-0.810	-0.072	-0.772	-0.800	-0.794	-0.795	-0.597	-0.781	-0.633	-0.758	-0.872	-0.792	-0.892	-0.892	-0.922	-0.937	-0.915	-0.916	-0.921	-0.854	-0.854	-0.771	-0.845	-0.961	-0.958	-0.956	-0.956	-0.956	-1.016	-0.959	-0.957	-0.926	-0.970	-0.955	-0.954	-0.940	-0.940	-1.015	-1.015	-0.997	-1.014	-1.020	-1.017	-1.014	-1.005	-0.900	-0.953	-0.921	-0.917	-0.926	-0.952	-0.817	-0.947	-0.940	-1.060	-1.016	-0.998	-1.048	-1.053	-0.936	-1.037	-1.044	-1.046	-1.045	-0.932	-1.041	-1.044	-0.932	-1.057	-1.037	-0.932	-0.932	-0.929	-0.932	-0.931	-0.917	-0.920	-0.926	-0.917	-0.909	-0.919	-0.913	-0.917	-0.908	-0.927	-0.919	-0.484	-0.890	-0.924	-1.067	-1.018	-1.067	
rs2873480      -1.046	-0.579	-0.573	-0.479	-0.743	-0.450	-0.259	-0.508	-0.665	-0.452	-0.494	-0.539	-0.464	-0.780	-0.749	-0.679	-0.720	-0.902	-0.580	-0.798	-0.880	-0.805	-0.071	-0.722	-0.784	-0.777	-0.778	-0.781	-0.593	-0.634	-0.755	-0.869	-0.790	-0.890	-0.890	-0.919	-0.935	-0.912	-0.914	-0.923	-0.852	-0.852	-0.768	-0.842	-0.958	-0.955	-0.953	-0.953	-0.953	-1.012	-0.956	-0.954	-0.923	-0.967	-0.952	-0.951	-0.938	-0.938	-1.012	-1.011	-0.993	-1.010	-1.017	-1.014	-1.011	-1.002	-0.895	-0.949	-0.917	-0.913	-0.922	-0.949	-0.813	-0.944	-0.936	-1.056	-1.012	-0.995	-1.044	-1.049	-0.933	-1.033	-1.040	-1.042	-1.041	-0.928	-1.038	-1.040	-0.928	-1.053	-1.033	-0.928	-0.928	-0.926	-0.928	-0.927	-0.913	-0.916	-0.923	-0.913	-0.906	-0.915	-0.910	-0.913	-0.904	-0.924	-0.915	-0.479	-0.886	-0.920	-1.063	-1.014	-1.063	
rs72831128     -0.650	-0.131	-0.126	-0.026	-0.321	+0.005	+0.200	-0.061	-0.224	-0.002	-0.047	-0.094	-0.019	-0.386	-0.354	-0.284	-0.325	-0.505	-0.193	-0.410	-0.493	-0.418	+0.376	-0.635	-0.640	-0.640	-0.640	-0.633	-0.634	-0.152	-0.384	-0.482	-0.374	-0.492	-0.492	-0.533	-0.550	-0.521	-0.523	-0.564	-0.452	-0.452	-0.367	-0.459	-0.564	-0.561	-0.558	-0.558	-0.558	-0.620	-0.561	-0.559	-0.527	-0.573	-0.558	-0.557	-0.543	-0.543	-0.620	-0.619	-0.600	-0.618	-0.625	-0.622	-0.619	-0.609	-0.502	-0.555	-0.523	-0.519	-0.528	-0.554	-0.417	-0.550	-0.542	-0.666	-0.618	-0.603	-0.654	-0.659	-0.538	-0.643	-0.650	-0.652	-0.650	-0.533	-0.647	-0.649	-0.533	-0.661	-0.643	-0.533	-0.533	-0.530	-0.533	-0.531	-0.520	-0.522	-0.526	-0.520	-0.512	-0.521	-0.516	-0.519	-0.511	-0.527	-0.518	-0.071	-0.489	-0.523	-0.670	-0.622	-0.670	
rs9936666      -0.836	-0.330	-0.323	-0.214	-0.536	-0.193	+0.034	-0.259	-0.402	-0.199	-0.244	-0.289	-0.215	-0.576	-0.546	-0.469	-0.514	-0.699	-0.374	-0.599	-0.680	-0.603	+0.211	-0.744	-0.728	-0.726	-0.727	-0.758	-0.755	-0.384	-0.373	-0.558	-0.615	-0.633	-0.633	-0.629	-0.617	-0.631	-0.632	-0.281	-0.647	-0.647	-0.606	-0.657	-0.753	-0.750	-0.748	-0.747	-0.747	-0.807	-0.751	-0.749	-0.718	-0.762	-0.747	-0.747	-0.733	-0.733	-0.807	-0.807	-0.789	-0.805	-0.812	-0.809	-0.806	-0.797	-0.689	-0.744	-0.711	-0.707	-0.717	-0.743	-0.602	-0.738	-0.731	-0.852	-0.805	-0.790	-0.843	-0.848	-0.726	-0.833	-0.837	-0.841	-0.840	-0.722	-0.837	-0.839	-0.722	-0.845	-0.833	-0.722	-0.722	-0.719	-0.722	-0.720	-0.709	-0.711	-0.716	-0.709	-0.701	-0.710	-0.705	-0.708	-0.700	-0.717	-0.708	-0.295	-0.680	-0.713	-0.862	-0.811	-0.861	
rs12925097     -0.923	-0.425	-0.418	-0.313	-0.620	-0.290	-0.071	-0.354	-0.501	-0.295	-0.340	-0.385	-0.310	-0.659	-0.629	-0.554	-0.598	-0.782	-0.456	-0.680	-0.762	-0.685	+0.116	-0.862	-0.850	-0.849	-0.850	-0.872	-0.869	-0.482	-0.558	-0.465	-0.660	-0.689	-0.689	-0.699	-0.700	-0.692	-0.694	-0.429	-0.684	-0.684	-0.622	-0.702	-0.840	-0.837	-0.835	-0.835	-0.835	-0.893	-0.838	-0.836	-0.806	-0.849	-0.834	-0.834	-0.820	-0.820	-0.894	-0.893	-0.876	-0.892	-0.898	-0.896	-0.892	-0.883	-0.776	-0.830	-0.797	-0.793	-0.803	-0.829	-0.693	-0.825	-0.817	-0.938	-0.890	-0.877	-0.928	-0.933	-0.813	-0.918	-0.923	-0.926	-0.925	-0.808	-0.922	-0.924	-0.808	-0.931	-0.918	-0.809	-0.809	-0.806	-0.808	-0.807	-0.794	-0.797	-0.803	-0.794	-0.787	-0.796	-0.791	-0.794	-0.786	-0.804	-0.795	-0.373	-0.766	-0.800	-0.946	-0.897	-0.946	
rs71388369     -0.814	-0.306	-0.299	-0.203	-0.513	-0.171	+0.046	-0.237	-0.385	-0.179	-0.223	-0.270	-0.194	-0.556	-0.525	-0.449	-0.494	-0.677	-0.352	-0.576	-0.657	-0.579	+0.219	-0.785	-0.777	-0.776	-0.777	-0.792	-0.790	-0.374	-0.615	-0.660	-0.344	-0.625	-0.625	-0.657	-0.655	-0.653	-0.654	-0.362	-0.607	-0.607	-0.551	-0.615	-0.730	-0.727	-0.725	-0.724	-0.724	-0.784	-0.727	-0.725	-0.694	-0.738	-0.724	-0.723	-0.709	-0.709	-0.784	-0.784	-0.766	-0.783	-0.789	-0.786	-0.783	-0.774	-0.667	-0.721	-0.688	-0.684	-0.694	-0.720	-0.592	-0.715	-0.708	-0.829	-0.785	-0.764	-0.816	-0.821	-0.702	-0.804	-0.812	-0.814	-0.813	-0.698	-0.809	-0.812	-0.698	-0.825	-0.805	-0.699	-0.699	-0.695	-0.698	-0.697	-0.682	-0.685	-0.694	-0.682	-0.674	-0.684	-0.678	-0.682	-0.673	-0.695	-0.687	-0.257	-0.657	-0.692	-0.836	-0.788	-0.836	
rs74577359     -0.927	-0.433	-0.426	-0.322	-0.624	-0.299	-0.086	-0.362	-0.511	-0.305	-0.349	-0.394	-0.319	-0.663	-0.632	-0.559	-0.602	-0.786	-0.460	-0.683	-0.764	-0.688	+0.106	-0.884	-0.876	-0.875	-0.875	-0.892	-0.890	-0.492	-0.633	-0.689	-0.625	-0.467	-0.587	-0.679	-0.679	-0.664	-0.665	-0.408	-0.667	-0.667	-0.598	-0.692	-0.842	-0.839	-0.837	-0.836	-0.836	-0.895	-0.839	-0.837	-0.807	-0.850	-0.836	-0.835	-0.821	-0.821	-0.895	-0.895	-0.877	-0.894	-0.900	-0.897	-0.894	-0.885	-0.778	-0.832	-0.799	-0.796	-0.805	-0.831	-0.698	-0.826	-0.819	-0.940	-0.893	-0.878	-0.930	-0.934	-0.814	-0.919	-0.926	-0.928	-0.926	-0.810	-0.923	-0.926	-0.810	-0.934	-0.919	-0.810	-0.810	-0.807	-0.810	-0.809	-0.796	-0.798	-0.805	-0.796	-0.788	-0.797	-0.792	-0.795	-0.787	-0.806	-0.797	-0.370	-0.768	-0.802	-0.946	-0.898	-0.946	
rs75298697     -0.927	-0.433	-0.426	-0.322	-0.624	-0.299	-0.086	-0.362	-0.511	-0.305	-0.348	-0.394	-0.319	-0.663	-0.632	-0.559	-0.602	-0.786	-0.460	-0.683	-0.764	-0.688	+0.106	-0.884	-0.875	-0.875	-0.875	-0.892	-0.890	-0.492	-0.633	-0.689	-0.625	-0.587	-0.467	-0.679	-0.679	-0.664	-0.665	-0.408	-0.667	-0.667	-0.598	-0.692	-0.842	-0.839	-0.837	-0.836	-0.836	-0.895	-0.839	-0.837	-0.807	-0.850	-0.836	-0.835	-0.821	-0.821	-0.895	-0.895	-0.877	-0.894	-0.900	-0.897	-0.894	-0.885	-0.778	-0.832	-0.799	-0.796	-0.805	-0.831	-0.698	-0.826	-0.819	-0.939	-0.893	-0.878	-0.930	-0.934	-0.814	-0.919	-0.926	-0.928	-0.926	-0.810	-0.923	-0.926	-0.810	-0.934	-0.919	-0.810	-0.810	-0.807	-0.810	-0.809	-0.796	-0.798	-0.805	-0.796	-0.788	-0.797	-0.792	-0.795	-0.787	-0.806	-0.797	-0.370	-0.768	-0.802	-0.946	-0.898	-0.946	
rs12927230     -0.962	-0.472	-0.466	-0.364	-0.660	-0.339	-0.129	-0.402	-0.551	-0.345	-0.388	-0.433	-0.359	-0.699	-0.668	-0.595	-0.638	-0.821	-0.495	-0.718	-0.799	-0.722	+0.065	-0.914	-0.905	-0.904	-0.904	-0.922	-0.919	-0.533	-0.629	-0.699	-0.657	-0.679	-0.679	-0.505	-0.636	-0.658	-0.660	-0.460	-0.659	-0.659	-0.574	-0.699	-0.877	-0.874	-0.872	-0.872	-0.872	-0.930	-0.875	-0.873	-0.843	-0.886	-0.871	-0.871	-0.857	-0.857	-0.930	-0.930	-0.912	-0.929	-0.935	-0.933	-0.929	-0.920	-0.813	-0.867	-0.834	-0.831	-0.840	-0.866	-0.735	-0.862	-0.854	-0.974	-0.927	-0.913	-0.964	-0.969	-0.850	-0.953	-0.960	-0.962	-0.961	-0.845	-0.958	-0.960	-0.845	-0.969	-0.954	-0.846	-0.846	-0.843	-0.845	-0.844	-0.832	-0.834	-0.840	-0.832	-0.824	-0.833	-0.828	-0.831	-0.823	-0.841	-0.832	-0.406	-0.803	-0.837	-0.982	-0.933	-0.981	
rs71388370     -0.977	-0.490	-0.483	-0.383	-0.674	-0.357	-0.149	-0.419	-0.569	-0.362	-0.405	-0.451	-0.376	-0.713	-0.683	-0.610	-0.653	-0.836	-0.510	-0.732	-0.813	-0.737	+0.044	-0.930	-0.922	-0.921	-0.921	-0.937	-0.935	-0.550	-0.617	-0.700	-0.655	-0.679	-0.679	-0.636	-0.521	-0.659	-0.662	-0.517	-0.653	-0.653	-0.557	-0.699	-0.892	-0.889	-0.887	-0.886	-0.886	-0.944	-0.889	-0.887	-0.857	-0.900	-0.886	-0.885	-0.872	-0.872	-0.945	-0.945	-0.927	-0.944	-0.950	-0.947	-0.944	-0.935	-0.828	-0.882	-0.849	-0.846	-0.855	-0.881	-0.749	-0.877	-0.869	-0.989	-0.943	-0.928	-0.979	-0.983	-0.865	-0.968	-0.975	-0.977	-0.975	-0.860	-0.972	-0.975	-0.860	-0.984	-0.968	-0.860	-0.860	-0.858	-0.860	-0.859	-0.846	-0.849	-0.855	-0.846	-0.839	-0.848	-0.843	-0.846	-0.837	-0.856	-0.847	-0.420	-0.818	-0.852	-0.997	-0.948	-0.996	
rs35639494     -0.951	-0.457	-0.450	-0.348	-0.648	-0.323	-0.111	-0.386	-0.535	-0.329	-0.372	-0.418	-0.343	-0.688	-0.657	-0.583	-0.627	-0.810	-0.485	-0.708	-0.789	-0.712	+0.078	-0.906	-0.897	-0.896	-0.897	-0.915	-0.912	-0.521	-0.631	-0.692	-0.653	-0.664	-0.664	-0.658	-0.659	-0.494	-0.619	-0.402	-0.651	-0.651	-0.570	-0.692	-0.867	-0.864	-0.862	-0.862	-0.861	-0.919	-0.865	-0.863	-0.832	-0.875	-0.861	-0.860	-0.847	-0.847	-0.920	-0.920	-0.902	-0.919	-0.925	-0.922	-0.919	-0.910	-0.803	-0.857	-0.824	-0.821	-0.830	-0.856	-0.725	-0.852	-0.844	-0.964	-0.917	-0.903	-0.955	-0.959	-0.840	-0.944	-0.951	-0.953	-0.951	-0.835	-0.948	-0.951	-0.835	-0.959	-0.944	-0.835	-0.835	-0.833	-0.835	-0.834	-0.821	-0.824	-0.830	-0.821	-0.814	-0.823	-0.818	-0.821	-0.812	-0.831	-0.822	-0.397	-0.793	-0.827	-0.972	-0.923	-0.971	
rs12932714     -0.953	-0.459	-0.452	-0.350	-0.649	-0.325	-0.113	-0.388	-0.537	-0.331	-0.374	-0.420	-0.345	-0.689	-0.658	-0.585	-0.628	-0.812	-0.487	-0.709	-0.791	-0.714	+0.076	-0.908	-0.899	-0.898	-0.899	-0.916	-0.914	-0.523	-0.632	-0.694	-0.654	-0.665	-0.665	-0.660	-0.662	-0.619	-0.496	-0.407	-0.651	-0.651	-0.569	-0.693	-0.869	-0.866	-0.863	-0.863	-0.863	-0.921	-0.866	-0.864	-0.834	-0.877	-0.863	-0.862	-0.848	-0.848	-0.922	-0.921	-0.904	-0.920	-0.926	-0.924	-0.921	-0.912	-0.805	-0.859	-0.826	-0.822	-0.832	-0.858	-0.726	-0.853	-0.846	-0.966	-0.919	-0.905	-0.956	-0.961	-0.841	-0.945	-0.952	-0.954	-0.953	-0.836	-0.950	-0.952	-0.837	-0.960	-0.946	-0.837	-0.837	-0.834	-0.836	-0.835	-0.823	-0.826	-0.831	-0.823	-0.815	-0.824	-0.819	-0.822	-0.814	-0.832	-0.823	-0.398	-0.795	-0.828	-0.973	-0.925	-0.973	
rs4328434      -0.945	-0.502	-0.496	-0.409	-0.645	-0.377	-0.202	-0.432	-0.595	-0.377	-0.418	-0.464	-0.389	-0.684	-0.653	-0.588	-0.625	-0.805	-0.488	-0.702	-0.782	-0.711	-0.015	-0.924	-0.928	-0.928	-0.928	-0.921	-0.923	-0.564	-0.281	-0.429	-0.362	-0.408	-0.408	-0.460	-0.517	-0.402	-0.407	-0.486	-0.334	-0.334	-0.180	-0.431	-0.857	-0.854	-0.852	-0.852	-0.852	-0.911	-0.855	-0.853	-0.822	-0.866	-0.852	-0.849	-0.836	-0.836	-0.911	-0.911	-0.892	-0.909	-0.916	-0.913	-0.910	-0.901	-0.794	-0.848	-0.815	-0.811	-0.821	-0.848	-0.703	-0.844	-0.836	-0.955	-0.910	-0.894	-0.943	-0.947	-0.831	-0.931	-0.938	-0.940	-0.939	-0.826	-0.935	-0.938	-0.827	-0.952	-0.931	-0.827	-0.827	-0.824	-0.827	-0.825	-0.816	-0.819	-0.818	-0.816	-0.809	-0.818	-0.813	-0.816	-0.808	-0.819	-0.809	-0.371	-0.782	-0.815	-0.958	-0.910	-0.958	
rs12932419     -0.883	-0.385	-0.379	-0.272	-0.584	-0.250	-0.034	-0.314	-0.463	-0.256	-0.300	-0.346	-0.271	-0.624	-0.594	-0.520	-0.564	-0.746	-0.421	-0.645	-0.725	-0.648	+0.156	-0.846	-0.837	-0.836	-0.836	-0.854	-0.852	-0.452	-0.647	-0.684	-0.607	-0.667	-0.667	-0.659	-0.653	-0.651	-0.651	-0.334	-0.422	-0.539	-0.495	-0.619	-0.800	-0.797	-0.795	-0.794	-0.794	-0.853	-0.797	-0.795	-0.764	-0.808	-0.794	-0.793	-0.779	-0.779	-0.853	-0.853	-0.835	-0.852	-0.858	-0.856	-0.852	-0.843	-0.737	-0.791	-0.758	-0.754	-0.764	-0.789	-0.672	-0.785	-0.777	-0.898	-0.852	-0.837	-0.888	-0.893	-0.773	-0.877	-0.884	-0.886	-0.885	-0.768	-0.882	-0.884	-0.769	-0.893	-0.878	-0.769	-0.769	-0.766	-0.768	-0.767	-0.754	-0.757	-0.763	-0.754	-0.746	-0.756	-0.751	-0.754	-0.745	-0.764	-0.756	-0.327	-0.727	-0.761	-0.904	-0.857	-0.904	
rs12919707     -0.883	-0.385	-0.379	-0.272	-0.584	-0.250	-0.034	-0.314	-0.463	-0.256	-0.300	-0.346	-0.271	-0.624	-0.594	-0.520	-0.564	-0.746	-0.421	-0.645	-0.725	-0.648	+0.156	-0.846	-0.837	-0.836	-0.836	-0.854	-0.852	-0.452	-0.647	-0.684	-0.607	-0.667	-0.667	-0.659	-0.653	-0.651	-0.651	-0.334	-0.539	-0.422	-0.494	-0.618	-0.800	-0.797	-0.795	-0.794	-0.794	-0.853	-0.797	-0.795	-0.764	-0.808	-0.794	-0.793	-0.779	-0.779	-0.853	-0.853	-0.835	-0.852	-0.858	-0.856	-0.852	-0.843	-0.737	-0.791	-0.758	-0.754	-0.764	-0.789	-0.672	-0.785	-0.777	-0.898	-0.852	-0.837	-0.888	-0.893	-0.773	-0.877	-0.884	-0.886	-0.885	-0.768	-0.882	-0.884	-0.768	-0.893	-0.878	-0.769	-0.769	-0.766	-0.768	-0.767	-0.754	-0.757	-0.763	-0.754	-0.746	-0.756	-0.751	-0.754	-0.745	-0.764	-0.756	-0.327	-0.727	-0.760	-0.904	-0.857	-0.904	
rs12923232     -0.809	-0.307	-0.301	-0.192	-0.513	-0.171	+0.052	-0.237	-0.382	-0.179	-0.223	-0.269	-0.194	-0.554	-0.523	-0.448	-0.494	-0.676	-0.351	-0.575	-0.655	-0.577	+0.239	-0.761	-0.749	-0.748	-0.748	-0.771	-0.768	-0.367	-0.606	-0.622	-0.551	-0.598	-0.598	-0.574	-0.557	-0.570	-0.569	-0.180	-0.495	-0.494	-0.342	-0.560	-0.726	-0.723	-0.721	-0.721	-0.721	-0.779	-0.724	-0.722	-0.691	-0.735	-0.720	-0.720	-0.706	-0.706	-0.780	-0.779	-0.762	-0.778	-0.785	-0.782	-0.779	-0.770	-0.662	-0.716	-0.683	-0.680	-0.689	-0.715	-0.600	-0.711	-0.703	-0.825	-0.778	-0.762	-0.814	-0.819	-0.698	-0.803	-0.810	-0.812	-0.811	-0.694	-0.808	-0.810	-0.694	-0.819	-0.804	-0.694	-0.694	-0.691	-0.694	-0.693	-0.680	-0.683	-0.689	-0.680	-0.673	-0.682	-0.677	-0.680	-0.672	-0.690	-0.681	-0.256	-0.652	-0.686	-0.830	-0.783	-0.830	
rs58924274     -0.869	-0.370	-0.363	-0.256	-0.568	-0.233	-0.016	-0.298	-0.447	-0.240	-0.284	-0.330	-0.254	-0.607	-0.576	-0.503	-0.547	-0.731	-0.404	-0.628	-0.709	-0.632	+0.174	-0.837	-0.829	-0.828	-0.828	-0.845	-0.842	-0.459	-0.657	-0.702	-0.615	-0.692	-0.692	-0.699	-0.699	-0.692	-0.693	-0.431	-0.619	-0.618	-0.560	-0.407	-0.786	-0.783	-0.781	-0.780	-0.780	-0.840	-0.783	-0.781	-0.750	-0.794	-0.780	-0.779	-0.765	-0.765	-0.840	-0.839	-0.821	-0.838	-0.845	-0.842	-0.839	-0.829	-0.724	-0.777	-0.745	-0.741	-0.750	-0.775	-0.658	-0.771	-0.763	-0.885	-0.838	-0.824	-0.875	-0.880	-0.759	-0.864	-0.871	-0.873	-0.872	-0.755	-0.869	-0.871	-0.755	-0.879	-0.865	-0.755	-0.755	-0.752	-0.755	-0.753	-0.741	-0.744	-0.749	-0.741	-0.734	-0.743	-0.738	-0.741	-0.733	-0.750	-0.741	-0.314	-0.713	-0.746	-0.890	-0.843	-0.890	
rs7198003      -0.975	-0.513	-0.507	-0.414	-0.677	-0.385	-0.194	-0.444	-0.597	-0.387	-0.430	-0.475	-0.400	-0.713	-0.682	-0.613	-0.653	-0.834	-0.513	-0.731	-0.812	-0.737	-0.003	-0.957	-0.955	-0.955	-0.955	-0.961	-0.958	-0.564	-0.753	-0.840	-0.730	-0.842	-0.842	-0.877	-0.892	-0.867	-0.869	-0.857	-0.800	-0.800	-0.726	-0.786	-0.516	-0.648	-0.648	-0.641	-0.641	-0.784	-0.649	-0.649	-0.564	-0.666	-0.645	-0.682	-0.652	-0.652	-0.806	-0.806	-0.801	-0.807	-0.804	-0.807	-0.791	-0.800	-0.679	-0.762	-0.734	-0.726	-0.756	-0.784	-0.704	-0.788	-0.785	-0.985	-0.935	-0.924	-0.974	-0.979	-0.857	-0.963	-0.970	-0.972	-0.971	-0.852	-0.968	-0.970	-0.852	-0.978	-0.964	-0.852	-0.852	-0.850	-0.853	-0.850	-0.844	-0.847	-0.841	-0.844	-0.837	-0.846	-0.841	-0.844	-0.836	-0.842	-0.832	-0.390	-0.801	-0.838	-0.992	-0.940	-0.992	
rs7198169      -0.971	-0.510	-0.504	-0.412	-0.674	-0.383	-0.192	-0.441	-0.594	-0.385	-0.428	-0.472	-0.398	-0.710	-0.680	-0.610	-0.650	-0.831	-0.510	-0.728	-0.809	-0.735	+0.000	-0.953	-0.952	-0.952	-0.952	-0.958	-0.955	-0.561	-0.750	-0.837	-0.727	-0.839	-0.839	-0.874	-0.889	-0.864	-0.866	-0.854	-0.797	-0.797	-0.723	-0.783	-0.648	-0.512	-0.640	-0.644	-0.644	-0.777	-0.651	-0.652	-0.581	-0.662	-0.649	-0.685	-0.657	-0.657	-0.802	-0.802	-0.800	-0.804	-0.799	-0.803	-0.786	-0.797	-0.670	-0.756	-0.727	-0.718	-0.750	-0.780	-0.701	-0.784	-0.781	-0.982	-0.931	-0.921	-0.971	-0.976	-0.854	-0.961	-0.967	-0.969	-0.968	-0.849	-0.965	-0.967	-0.849	-0.974	-0.961	-0.849	-0.849	-0.847	-0.850	-0.847	-0.842	-0.844	-0.837	-0.841	-0.834	-0.843	-0.838	-0.841	-0.833	-0.838	-0.828	-0.385	-0.798	-0.834	-0.989	-0.937	-0.989	
rs56704282     -0.969	-0.508	-0.502	-0.410	-0.672	-0.381	-0.190	-0.440	-0.592	-0.383	-0.426	-0.470	-0.396	-0.709	-0.678	-0.608	-0.648	-0.829	-0.509	-0.726	-0.807	-0.733	+0.002	-0.951	-0.950	-0.950	-0.950	-0.956	-0.953	-0.558	-0.748	-0.835	-0.725	-0.837	-0.837	-0.872	-0.887	-0.862	-0.863	-0.852	-0.795	-0.795	-0.721	-0.781	-0.648	-0.640	-0.510	-0.647	-0.647	-0.770	-0.653	-0.654	-0.598	-0.657	-0.652	-0.686	-0.662	-0.663	-0.798	-0.799	-0.800	-0.801	-0.795	-0.799	-0.781	-0.794	-0.662	-0.751	-0.721	-0.711	-0.745	-0.776	-0.695	-0.781	-0.778	-0.979	-0.928	-0.919	-0.969	-0.974	-0.852	-0.959	-0.965	-0.967	-0.966	-0.847	-0.963	-0.965	-0.847	-0.972	-0.959	-0.846	-0.846	-0.845	-0.847	-0.844	-0.840	-0.842	-0.834	-0.840	-0.833	-0.841	-0.836	-0.839	-0.832	-0.835	-0.825	-0.380	-0.795	-0.831	-0.987	-0.934	-0.986	
rs4476173      -0.969	-0.509	-0.503	-0.410	-0.673	-0.382	-0.191	-0.440	-0.593	-0.384	-0.427	-0.471	-0.397	-0.709	-0.678	-0.608	-0.648	-0.829	-0.509	-0.726	-0.807	-0.733	+0.002	-0.951	-0.950	-0.950	-0.950	-0.956	-0.953	-0.558	-0.747	-0.835	-0.724	-0.836	-0.836	-0.872	-0.886	-0.862	-0.863	-0.852	-0.794	-0.794	-0.721	-0.780	-0.641	-0.644	-0.647	-0.510	-0.634	-0.762	-0.637	-0.640	-0.581	-0.633	-0.638	-0.681	-0.658	-0.658	-0.793	-0.793	-0.797	-0.795	-0.788	-0.793	-0.774	-0.789	-0.655	-0.746	-0.716	-0.706	-0.741	-0.773	-0.693	-0.779	-0.775	-0.979	-0.928	-0.919	-0.969	-0.973	-0.852	-0.958	-0.965	-0.967	-0.966	-0.847	-0.963	-0.965	-0.847	-0.971	-0.959	-0.846	-0.846	-0.845	-0.847	-0.844	-0.840	-0.843	-0.834	-0.840	-0.833	-0.841	-0.837	-0.840	-0.832	-0.835	-0.824	-0.380	-0.794	-0.830	-0.987	-0.934	-0.986	
