## Summary of overall evidence for association with region:
## log10(BF for region) = 59.6437
## p-value for region = NA

## BFs for choosing among multi-SNP models:
## log10(average 1-SNP BF) = 49.7678
## log10(average 2-SNP BF) = 60.1208

## Example posterior probabilities for multi-SNP models, based on default prior: [p(l) propto 0.5^l for l=1,2,...,L]
## posterior probability of 1-SNP = 8.87079e-11
## posterior probability of 2-SNP = 1

## log10(BF) for single SNP and pair of SNPs:
rs9298503      +42.585	+52.230	+59.155	+59.573	+59.143	+59.143	+59.096	+59.203	+59.201	+59.623	+41.522	+41.526	+53.028	+59.507	+43.360	+59.141	+43.801	+43.793	+43.833	+59.165	+43.740	+41.519	+58.951	+43.527	+58.936	+61.032	+44.004	+58.930	+43.679	+60.927	+53.462	+61.005	+60.998	+53.463	+60.993	+60.901	+60.893	+41.528	+60.727	+58.807	+61.015	+41.529	+53.298	+53.241	+60.845	+53.257	+53.248	+60.835	+58.801	+60.856	+60.829	+44.036	+60.821	+60.841	+60.817	+60.818	+60.816	+44.058	+44.151	+44.151	+52.480	+44.129	+44.063	+52.848	+52.845	+43.970	+43.833	+42.193	+44.142	+52.811	+44.444	+52.777	+43.264	+43.017	+43.008	+41.679	+42.837	+41.863	+42.785	+41.857	+41.783	+42.636	+42.835	+42.248	+41.657	+42.568	+41.659	+42.188	+42.105	+42.207	+42.207	+42.196	+42.585	+42.152	+42.237	+42.593	+42.592	+42.592	+41.651	+42.592	+42.583	+41.646	+42.565	+42.494	+42.069	+42.493	+42.050	+41.595	+41.595	+41.726	+41.702	+41.699	+41.695	+41.808	+41.701	+41.713	+41.731	+41.733	+41.716	+41.689	+41.666	+41.659	+41.632	+41.668	+41.664	+41.647	+41.491	+41.823	+41.738	+41.635	+41.625	+41.517	+41.517	+41.517	+41.523	+41.525	+41.568	+41.520	+41.520	+41.521	+41.569	+41.563	+41.567	+41.522	+41.520	+41.505	+41.581	+41.586	+41.499	+41.517	
rs10102293     +52.230	+28.041	+27.583	+27.661	+27.581	+27.581	+27.574	+27.588	+27.588	+27.667	+47.625	+48.225	+29.014	+27.663	+53.024	+27.623	+53.580	+53.577	+53.621	+27.640	+53.562	+46.963	+27.603	+53.376	+27.602	+50.992	+54.057	+27.602	+53.517	+50.766	+29.257	+50.953	+50.943	+29.249	+50.936	+50.727	+50.715	+48.622	+50.516	+27.588	+49.348	+48.705	+28.999	+28.919	+50.760	+28.943	+28.932	+50.750	+27.584	+50.666	+50.743	+53.932	+50.734	+50.759	+50.729	+50.730	+50.728	+54.145	+54.246	+54.246	+28.161	+54.030	+54.151	+28.501	+28.498	+54.009	+53.733	+49.541	+54.051	+28.456	+54.547	+28.377	+52.815	+51.562	+51.320	+28.612	+27.591	+27.384	+27.544	+27.834	+27.475	+27.447	+27.411	+27.319	+27.440	+27.432	+27.296	+27.157	+27.156	+27.172	+27.172	+27.157	+27.439	+27.158	+27.161	+27.442	+27.442	+27.442	+27.422	+27.442	+27.437	+27.405	+27.427	+27.406	+27.162	+27.406	+27.281	+27.412	+27.241	+27.604	+27.570	+27.566	+27.556	+27.068	+27.562	+27.582	+27.607	+27.609	+27.585	+27.547	+27.493	+27.491	+27.431	+27.479	+27.471	+27.379	+27.183	+27.122	+27.205	+27.277	+27.275	+27.123	+27.123	+27.123	+27.118	+27.137	+27.684	+27.119	+27.118	+27.118	+27.708	+27.638	+27.675	+27.117	+27.118	+27.128	+27.761	+27.797	+27.134	+27.117	
rs34053340     +59.155	+27.583	+8.836	+9.088	+8.884	+8.885	+8.867	+8.911	+8.911	+9.131	+8.133	+8.189	+28.634	+9.101	+60.146	+8.947	+60.735	+60.722	+60.776	+8.953	+60.626	+8.150	+8.871	+60.331	+8.865	+60.211	+60.873	+8.864	+60.527	+59.388	+28.993	+60.102	+60.077	+28.987	+60.057	+59.278	+59.243	+8.237	+58.819	+8.824	+56.050	+8.246	+28.745	+28.658	+59.619	+28.685	+28.673	+59.579	+8.817	+59.062	+59.557	+60.941	+59.524	+59.563	+59.507	+59.508	+59.497	+60.885	+61.022	+61.022	+27.480	+61.076	+60.841	+28.105	+28.100	+60.683	+60.653	+54.151	+60.968	+27.986	+61.225	+27.710	+58.026	+55.600	+55.105	+9.255	+8.512	+8.240	+8.493	+9.545	+8.314	+8.363	+8.393	+8.214	+8.615	+8.344	+8.233	+8.038	+8.036	+8.048	+8.048	+8.038	+8.352	+8.038	+8.042	+8.356	+8.356	+8.355	+8.593	+8.355	+8.350	+8.562	+8.312	+8.294	+8.042	+8.294	+8.353	+8.358	+8.232	+8.428	+8.391	+8.388	+8.380	+7.966	+8.385	+8.405	+8.428	+8.430	+8.407	+8.370	+8.331	+8.326	+8.274	+8.324	+8.317	+8.307	+8.063	+7.983	+8.047	+8.056	+8.056	+8.012	+8.012	+8.012	+8.008	+8.022	+8.362	+8.007	+8.007	+8.007	+8.376	+8.329	+8.355	+8.005	+8.007	+8.025	+8.430	+8.458	+8.032	+8.017	
rs71517565     +59.573	+27.661	+9.088	+9.143	+9.088	+9.088	+9.084	+9.091	+9.091	+9.221	+8.430	+8.484	+28.705	+9.203	+60.562	+9.112	+61.144	+61.131	+61.186	+9.111	+61.035	+8.442	+9.066	+60.740	+9.062	+59.907	+61.281	+9.060	+60.936	+58.971	+29.062	+59.799	+59.774	+29.055	+59.755	+58.863	+58.829	+8.526	+58.409	+9.037	+55.713	+8.534	+28.815	+28.728	+59.320	+28.755	+28.743	+59.280	+9.033	+58.651	+59.259	+61.350	+59.226	+59.264	+59.209	+59.210	+59.200	+61.293	+61.430	+61.430	+27.561	+61.485	+61.249	+28.179	+28.174	+61.091	+61.062	+54.554	+61.376	+28.056	+61.633	+27.784	+58.431	+56.125	+55.591	+9.557	+8.806	+8.542	+8.786	+9.860	+8.618	+8.658	+8.685	+8.511	+8.925	+8.639	+8.537	+8.339	+8.337	+8.349	+8.349	+8.339	+8.647	+8.340	+8.343	+8.651	+8.651	+8.651	+8.902	+8.651	+8.645	+8.873	+8.608	+8.591	+8.344	+8.590	+8.655	+8.657	+8.533	+8.728	+8.691	+8.688	+8.680	+8.267	+8.686	+8.705	+8.729	+8.730	+8.707	+8.670	+8.631	+8.626	+8.575	+8.624	+8.617	+8.607	+8.363	+8.285	+8.349	+8.358	+8.358	+8.313	+8.313	+8.313	+8.309	+8.323	+8.665	+8.308	+8.308	+8.308	+8.680	+8.631	+8.659	+8.306	+8.308	+8.325	+8.733	+8.762	+8.333	+8.318	
rs6992599      +59.143	+27.581	+8.884	+9.088	+8.831	+8.882	+8.864	+8.909	+8.908	+9.131	+8.128	+8.184	+28.633	+9.100	+60.137	+8.945	+60.727	+60.715	+60.768	+8.951	+60.619	+8.145	+8.868	+60.324	+8.863	+60.227	+60.865	+8.861	+60.520	+59.404	+28.992	+60.118	+60.093	+28.986	+60.073	+59.294	+59.260	+8.232	+58.836	+8.821	+56.063	+8.240	+28.743	+28.656	+59.636	+28.683	+28.671	+59.595	+8.814	+59.078	+59.574	+60.934	+59.541	+59.579	+59.524	+59.524	+59.514	+60.878	+61.014	+61.014	+27.478	+61.068	+60.833	+28.103	+28.098	+60.676	+60.646	+54.144	+60.960	+27.984	+61.217	+27.708	+58.018	+55.593	+55.097	+9.249	+8.507	+8.234	+8.487	+9.540	+8.309	+8.358	+8.388	+8.209	+8.609	+8.338	+8.228	+8.033	+8.030	+8.042	+8.042	+8.033	+8.347	+8.033	+8.037	+8.350	+8.350	+8.350	+8.587	+8.350	+8.344	+8.557	+8.307	+8.289	+8.037	+8.289	+8.348	+8.352	+8.227	+8.422	+8.386	+8.382	+8.374	+7.961	+8.380	+8.399	+8.423	+8.424	+8.401	+8.364	+8.325	+8.320	+8.269	+8.319	+8.311	+8.301	+8.058	+7.978	+8.042	+8.051	+8.051	+8.006	+8.006	+8.007	+8.003	+8.017	+8.356	+8.002	+8.002	+8.001	+8.370	+8.323	+8.350	+8.000	+8.001	+8.019	+8.424	+8.453	+8.027	+8.012	
rs6988546      +59.143	+27.581	+8.885	+9.088	+8.882	+8.831	+8.865	+8.909	+8.908	+9.131	+8.128	+8.185	+28.633	+9.100	+60.137	+8.945	+60.728	+60.715	+60.769	+8.951	+60.619	+8.146	+8.868	+60.324	+8.863	+60.227	+60.866	+8.861	+60.520	+59.404	+28.992	+60.118	+60.093	+28.986	+60.073	+59.294	+59.259	+8.233	+58.835	+8.822	+56.063	+8.241	+28.743	+28.656	+59.635	+28.683	+28.671	+59.595	+8.814	+59.078	+59.573	+60.934	+59.540	+59.579	+59.523	+59.524	+59.514	+60.878	+61.015	+61.015	+27.478	+61.069	+60.834	+28.103	+28.099	+60.676	+60.646	+54.144	+60.961	+27.984	+61.218	+27.708	+58.019	+55.593	+55.098	+9.250	+8.507	+8.235	+8.488	+9.540	+8.309	+8.358	+8.388	+8.209	+8.610	+8.339	+8.228	+8.033	+8.031	+8.043	+8.043	+8.033	+8.347	+8.033	+8.037	+8.351	+8.351	+8.351	+8.588	+8.351	+8.345	+8.557	+8.307	+8.289	+8.037	+8.289	+8.348	+8.353	+8.227	+8.423	+8.386	+8.383	+8.374	+7.961	+8.380	+8.400	+8.423	+8.425	+8.401	+8.365	+8.325	+8.321	+8.269	+8.319	+8.312	+8.302	+8.058	+7.979	+8.042	+8.051	+8.051	+8.007	+8.007	+8.007	+8.003	+8.017	+8.357	+8.002	+8.002	+8.002	+8.371	+8.324	+8.350	+8.000	+8.002	+8.020	+8.425	+8.453	+8.027	+8.012	
rs6992754      +59.096	+27.574	+8.867	+9.084	+8.864	+8.865	+8.796	+8.894	+8.894	+9.129	+8.094	+8.151	+28.626	+9.097	+60.091	+8.932	+60.682	+60.669	+60.723	+8.938	+60.573	+8.112	+8.851	+60.278	+8.846	+60.262	+60.820	+8.844	+60.474	+59.438	+28.986	+60.153	+60.128	+28.980	+60.108	+59.327	+59.292	+8.199	+58.868	+8.802	+56.094	+8.207	+28.737	+28.650	+59.669	+28.677	+28.665	+59.629	+8.795	+59.110	+59.607	+60.888	+59.574	+59.612	+59.557	+59.557	+59.547	+60.832	+60.969	+60.969	+27.471	+61.023	+60.787	+28.097	+28.092	+60.630	+60.600	+54.099	+60.915	+27.977	+61.172	+27.701	+57.974	+55.549	+55.054	+9.214	+8.474	+8.200	+8.454	+9.504	+8.274	+8.324	+8.355	+8.175	+8.575	+8.305	+8.193	+7.998	+7.996	+8.008	+8.008	+7.999	+8.313	+7.998	+8.002	+8.317	+8.317	+8.317	+8.553	+8.317	+8.311	+8.522	+8.273	+8.255	+8.002	+8.255	+8.314	+8.317	+8.192	+8.388	+8.351	+8.348	+8.339	+7.927	+8.345	+8.364	+8.388	+8.390	+8.366	+8.329	+8.290	+8.286	+8.234	+8.284	+8.277	+8.267	+8.024	+7.944	+8.007	+8.016	+8.016	+7.972	+7.972	+7.972	+7.968	+7.982	+8.320	+7.967	+7.967	+7.967	+8.335	+8.287	+8.314	+7.966	+7.967	+7.985	+8.388	+8.417	+7.992	+7.977	
rs7011369      +59.203	+27.588	+8.911	+9.091	+8.909	+8.909	+8.894	+8.888	+8.939	+9.142	+8.184	+8.240	+28.644	+9.104	+60.198	+8.966	+60.789	+60.776	+60.830	+8.973	+60.680	+8.201	+8.896	+60.385	+8.892	+60.105	+60.927	+8.890	+60.582	+59.283	+29.003	+59.996	+59.971	+28.997	+59.952	+59.174	+59.139	+8.288	+58.717	+8.853	+55.969	+8.296	+28.755	+28.668	+59.515	+28.695	+28.683	+59.475	+8.847	+58.958	+59.453	+60.996	+59.420	+59.458	+59.403	+59.404	+59.393	+60.939	+61.076	+61.076	+27.493	+61.130	+60.894	+28.116	+28.112	+60.737	+60.708	+54.206	+61.024	+27.998	+61.282	+27.723	+58.085	+55.667	+55.172	+9.301	+8.562	+8.291	+8.543	+9.603	+8.365	+8.414	+8.444	+8.265	+8.668	+8.394	+8.284	+8.089	+8.086	+8.098	+8.098	+8.089	+8.402	+8.089	+8.093	+8.406	+8.406	+8.406	+8.646	+8.406	+8.400	+8.615	+8.363	+8.346	+8.093	+8.345	+8.404	+8.409	+8.284	+8.480	+8.443	+8.440	+8.431	+8.017	+8.437	+8.456	+8.480	+8.482	+8.458	+8.421	+8.382	+8.378	+8.325	+8.375	+8.368	+8.358	+8.114	+8.034	+8.098	+8.107	+8.107	+8.063	+8.062	+8.063	+8.059	+8.073	+8.414	+8.058	+8.058	+8.058	+8.428	+8.381	+8.408	+8.056	+8.058	+8.075	+8.482	+8.511	+8.083	+8.068	
rs80028633     +59.201	+27.588	+8.911	+9.091	+8.908	+8.908	+8.894	+8.939	+8.887	+9.142	+8.183	+8.239	+28.644	+9.104	+60.196	+8.966	+60.788	+60.775	+60.829	+8.972	+60.679	+8.200	+8.896	+60.384	+8.891	+60.109	+60.926	+8.889	+60.580	+59.288	+29.003	+60.001	+59.976	+28.997	+59.956	+59.179	+59.144	+8.287	+58.722	+8.853	+55.973	+8.295	+28.755	+28.668	+59.520	+28.695	+28.682	+59.479	+8.846	+58.963	+59.458	+60.994	+59.425	+59.463	+59.408	+59.408	+59.398	+60.938	+61.074	+61.074	+27.492	+61.129	+60.893	+28.116	+28.111	+60.736	+60.706	+54.205	+61.023	+27.997	+61.281	+27.722	+58.083	+55.666	+55.171	+9.300	+8.561	+8.289	+8.542	+9.602	+8.364	+8.412	+8.443	+8.263	+8.667	+8.393	+8.283	+8.088	+8.085	+8.097	+8.097	+8.088	+8.401	+8.088	+8.091	+8.405	+8.405	+8.405	+8.645	+8.405	+8.399	+8.614	+8.362	+8.345	+8.092	+8.344	+8.403	+8.408	+8.283	+8.478	+8.442	+8.438	+8.430	+8.016	+8.436	+8.455	+8.479	+8.481	+8.457	+8.420	+8.381	+8.376	+8.324	+8.374	+8.366	+8.356	+8.112	+8.033	+8.097	+8.106	+8.106	+8.061	+8.061	+8.062	+8.058	+8.072	+8.413	+8.057	+8.057	+8.057	+8.427	+8.380	+8.407	+8.055	+8.056	+8.074	+8.481	+8.510	+8.082	+8.067	
rs34364723     +59.623	+27.667	+9.131	+9.221	+9.131	+9.131	+9.129	+9.142	+9.142	+9.198	+8.482	+8.537	+28.717	+9.227	+60.617	+9.148	+61.201	+61.188	+61.244	+9.144	+61.092	+8.495	+9.106	+60.797	+9.102	+59.804	+61.338	+9.100	+60.993	+58.870	+29.073	+59.696	+59.671	+29.066	+59.652	+58.762	+58.728	+8.579	+58.311	+9.080	+55.635	+8.587	+28.826	+28.740	+59.218	+28.767	+28.755	+59.178	+9.077	+58.550	+59.157	+61.407	+59.124	+59.162	+59.107	+59.108	+59.098	+61.350	+61.486	+61.486	+27.574	+61.542	+61.305	+28.191	+28.187	+61.147	+61.119	+54.612	+61.436	+28.069	+61.693	+27.798	+58.493	+56.196	+55.662	+9.605	+8.858	+8.595	+8.839	+9.920	+8.671	+8.711	+8.738	+8.564	+8.980	+8.692	+8.591	+8.392	+8.390	+8.402	+8.402	+8.392	+8.700	+8.393	+8.396	+8.703	+8.703	+8.703	+8.958	+8.703	+8.698	+8.928	+8.661	+8.644	+8.397	+8.644	+8.708	+8.711	+8.586	+8.782	+8.745	+8.742	+8.734	+8.320	+8.740	+8.759	+8.783	+8.784	+8.761	+8.724	+8.685	+8.680	+8.628	+8.677	+8.670	+8.660	+8.416	+8.338	+8.402	+8.411	+8.411	+8.365	+8.365	+8.366	+8.362	+8.376	+8.720	+8.361	+8.361	+8.361	+8.734	+8.686	+8.713	+8.359	+8.361	+8.378	+8.788	+8.817	+8.386	+8.371	
rs55892921     +41.522	+47.625	+8.133	+8.430	+8.128	+8.128	+8.094	+8.184	+8.183	+8.482	+0.179	+0.237	+49.190	+8.451	+42.364	+8.268	+42.896	+42.885	+42.933	+8.286	+42.809	+0.080	+8.150	+42.512	+8.142	+51.028	+42.999	+8.139	+42.720	+50.739	+49.258	+50.974	+50.961	+49.228	+50.951	+50.684	+50.667	+0.300	+50.417	+8.064	+48.934	+0.327	+48.779	+48.634	+50.723	+48.655	+48.628	+50.709	+8.050	+50.592	+50.699	+43.144	+50.686	+50.715	+50.679	+50.680	+50.676	+43.029	+43.153	+43.153	+46.198	+43.258	+43.006	+47.396	+47.383	+42.859	+42.878	+37.258	+43.246	+46.919	+43.457	+46.044	+40.511	+38.635	+38.237	+0.499	+0.455	-0.115	+0.452	+0.643	-0.123	+0.295	+0.427	+0.069	+0.065	+0.247	-0.152	-0.180	-0.206	-0.185	-0.185	-0.178	+0.257	-0.195	-0.170	+0.261	+0.261	+0.261	+0.044	+0.261	+0.253	+0.029	+0.192	+0.165	-0.223	+0.165	+0.054	+0.022	-0.069	+0.105	+0.068	+0.065	+0.060	-0.278	+0.065	+0.083	+0.105	+0.106	+0.085	+0.050	+0.015	+0.010	-0.037	+0.011	+0.004	-0.009	-0.253	-0.281	-0.245	-0.263	-0.265	-0.312	-0.312	-0.312	-0.313	-0.302	-0.084	-0.314	-0.314	-0.314	-0.075	-0.107	-0.088	-0.315	-0.315	-0.304	-0.035	-0.017	-0.299	-0.308	
rs2656230      +41.526	+48.225	+8.189	+8.484	+8.184	+8.185	+8.151	+8.240	+8.239	+8.537	+0.237	+0.305	+49.796	+8.506	+42.366	+8.324	+42.898	+42.886	+42.934	+8.342	+42.810	+0.174	+8.206	+42.514	+8.198	+50.935	+42.999	+8.196	+42.721	+50.645	+49.866	+50.881	+50.868	+49.837	+50.858	+50.590	+50.573	+0.270	+50.323	+8.121	+48.910	+0.282	+49.386	+49.241	+50.631	+49.261	+49.234	+50.616	+8.107	+50.498	+50.607	+43.145	+50.594	+50.623	+50.586	+50.587	+50.584	+43.030	+43.154	+43.154	+46.792	+43.259	+43.006	+47.992	+47.979	+42.860	+42.879	+37.265	+43.247	+47.510	+43.458	+46.629	+40.512	+38.637	+38.241	+0.596	+0.583	+0.005	+0.580	+0.777	-0.004	+0.422	+0.557	+0.193	+0.188	+0.374	-0.032	-0.059	-0.085	-0.064	-0.064	-0.056	+0.384	-0.074	-0.048	+0.388	+0.388	+0.388	+0.166	+0.388	+0.380	+0.151	+0.318	+0.291	-0.103	+0.291	+0.180	+0.139	+0.050	+0.221	+0.184	+0.181	+0.176	-0.157	+0.181	+0.198	+0.220	+0.222	+0.200	+0.166	+0.131	+0.126	+0.079	+0.127	+0.121	+0.108	-0.136	-0.162	-0.125	-0.145	-0.147	-0.194	-0.194	-0.194	-0.196	-0.185	+0.031	-0.197	-0.197	-0.197	+0.040	+0.008	+0.027	-0.198	-0.197	-0.186	+0.080	+0.098	-0.182	-0.191	
rs2719348      +53.028	+29.014	+28.634	+28.705	+28.633	+28.633	+28.626	+28.644	+28.644	+28.717	+49.190	+49.796	+29.171	+28.704	+53.723	+28.666	+54.273	+54.270	+54.314	+28.681	+54.254	+48.554	+28.645	+54.072	+28.644	+51.230	+54.752	+28.644	+54.208	+50.905	+29.458	+51.191	+51.181	+29.454	+51.174	+50.866	+50.853	+50.223	+50.657	+28.631	+49.446	+50.307	+29.301	+29.253	+51.000	+29.268	+29.262	+50.990	+28.627	+50.803	+50.983	+54.619	+50.974	+50.999	+50.969	+50.970	+50.968	+54.838	+54.938	+54.938	+28.880	+54.716	+54.845	+29.029	+29.028	+54.705	+54.422	+50.276	+54.735	+29.010	+55.234	+28.977	+53.536	+52.003	+51.772	+29.678	+28.726	+28.512	+28.679	+28.954	+28.606	+28.579	+28.538	+28.449	+28.564	+28.564	+28.422	+28.283	+28.282	+28.298	+28.298	+28.283	+28.571	+28.284	+28.287	+28.574	+28.574	+28.574	+28.549	+28.574	+28.569	+28.529	+28.558	+28.537	+28.288	+28.537	+28.401	+28.528	+28.361	+28.721	+28.688	+28.683	+28.674	+28.194	+28.681	+28.700	+28.724	+28.726	+28.703	+28.665	+28.611	+28.609	+28.551	+28.600	+28.592	+28.500	+28.306	+28.249	+28.330	+28.399	+28.397	+28.247	+28.247	+28.247	+28.242	+28.261	+28.806	+28.242	+28.242	+28.242	+28.830	+28.759	+28.797	+28.241	+28.242	+28.252	+28.883	+28.919	+28.257	+28.241	
rs71517566     +59.507	+27.663	+9.101	+9.203	+9.100	+9.100	+9.097	+9.104	+9.104	+9.227	+8.451	+8.506	+28.704	+9.165	+60.565	+9.134	+61.159	+61.146	+61.201	+9.128	+61.050	+8.463	+9.091	+60.755	+9.086	+59.995	+61.296	+9.084	+60.951	+59.070	+29.059	+59.888	+59.863	+29.053	+59.844	+58.963	+58.929	+8.547	+58.509	+9.064	+55.787	+8.555	+28.812	+28.725	+59.409	+28.752	+28.740	+59.369	+9.060	+58.750	+59.347	+61.365	+59.314	+59.352	+59.297	+59.298	+59.288	+61.308	+61.445	+61.445	+27.557	+61.494	+61.264	+28.175	+28.171	+61.106	+61.077	+54.568	+61.391	+28.052	+61.648	+27.780	+58.447	+56.128	+55.594	+9.575	+8.828	+8.564	+8.809	+9.881	+8.640	+8.680	+8.708	+8.533	+8.946	+8.661	+8.559	+8.361	+8.359	+8.371	+8.371	+8.361	+8.670	+8.361	+8.364	+8.673	+8.673	+8.673	+8.924	+8.673	+8.667	+8.894	+8.630	+8.613	+8.366	+8.613	+8.676	+8.678	+8.553	+8.748	+8.712	+8.709	+8.701	+8.289	+8.706	+8.725	+8.749	+8.751	+8.727	+8.690	+8.651	+8.646	+8.595	+8.645	+8.637	+8.627	+8.384	+8.307	+8.371	+8.379	+8.379	+8.333	+8.333	+8.334	+8.330	+8.344	+8.685	+8.329	+8.329	+8.329	+8.699	+8.651	+8.678	+8.327	+8.329	+8.346	+8.753	+8.781	+8.353	+8.339	
rs4738801      +43.360	+53.024	+60.146	+60.562	+60.137	+60.137	+60.091	+60.198	+60.196	+60.617	+42.364	+42.366	+53.723	+60.565	+43.429	+60.227	+43.983	+43.977	+44.010	+60.249	+43.939	+42.363	+60.031	+43.775	+60.014	+61.461	+44.211	+60.008	+43.894	+61.345	+54.119	+61.434	+61.427	+54.119	+61.422	+61.318	+61.310	+42.367	+61.150	+59.882	+61.451	+42.368	+53.954	+53.896	+61.270	+53.911	+53.903	+61.259	+59.869	+61.267	+61.253	+44.204	+61.244	+61.263	+61.239	+61.240	+61.238	+44.266	+44.348	+44.348	+53.160	+44.284	+44.276	+53.501	+53.498	+44.197	+44.034	+43.083	+44.310	+53.472	+44.626	+53.440	+43.680	+43.503	+43.504	+42.550	+43.696	+42.710	+43.642	+42.697	+42.628	+43.493	+43.688	+43.102	+42.500	+43.423	+42.501	+43.036	+42.952	+43.056	+43.056	+43.043	+43.441	+42.999	+43.085	+43.448	+43.448	+43.448	+42.494	+43.448	+43.438	+42.488	+43.420	+43.348	+42.915	+43.347	+42.886	+42.435	+42.437	+42.568	+42.544	+42.542	+42.537	+42.664	+42.543	+42.556	+42.574	+42.576	+42.559	+42.532	+42.508	+42.502	+42.475	+42.511	+42.507	+42.488	+42.334	+42.665	+42.584	+42.481	+42.471	+42.360	+42.360	+42.360	+42.366	+42.368	+42.409	+42.363	+42.363	+42.363	+42.410	+42.405	+42.408	+42.365	+42.363	+42.347	+42.421	+42.426	+42.341	+42.360	
rs79169193     +59.141	+27.623	+8.947	+9.112	+8.945	+8.945	+8.932	+8.966	+8.966	+9.148	+8.268	+8.324	+28.666	+9.134	+60.227	+8.975	+60.925	+60.912	+60.968	+9.027	+60.819	+8.278	+8.968	+60.528	+8.963	+60.519	+61.066	+8.962	+60.721	+59.619	+29.012	+60.424	+60.402	+29.006	+60.384	+59.522	+59.491	+8.362	+59.074	+8.933	+56.224	+8.370	+28.762	+28.675	+59.960	+28.702	+28.690	+59.921	+8.928	+59.324	+59.899	+61.139	+59.866	+59.905	+59.849	+59.850	+59.839	+61.082	+61.221	+61.221	+27.498	+61.266	+61.040	+28.119	+28.114	+60.883	+60.853	+54.341	+61.167	+27.992	+61.424	+27.717	+58.232	+55.886	+55.351	+9.379	+8.648	+8.377	+8.628	+9.694	+8.452	+8.499	+8.527	+8.351	+8.758	+8.480	+8.372	+8.175	+8.172	+8.185	+8.185	+8.175	+8.488	+8.175	+8.179	+8.492	+8.492	+8.492	+8.737	+8.492	+8.486	+8.706	+8.448	+8.431	+8.179	+8.430	+8.490	+8.488	+8.365	+8.559	+8.523	+8.519	+8.511	+8.104	+8.517	+8.536	+8.560	+8.561	+8.538	+8.501	+8.463	+8.458	+8.407	+8.456	+8.448	+8.439	+8.196	+8.122	+8.184	+8.193	+8.192	+8.146	+8.146	+8.146	+8.142	+8.157	+8.499	+8.141	+8.141	+8.141	+8.514	+8.465	+8.493	+8.140	+8.141	+8.158	+8.567	+8.596	+8.165	+8.151	
rs12335302     +43.801	+53.580	+60.735	+61.144	+60.727	+60.728	+60.682	+60.789	+60.788	+61.201	+42.896	+42.898	+54.273	+61.159	+43.983	+60.925	+43.962	+44.171	+44.195	+60.947	+44.137	+42.897	+60.732	+44.018	+60.716	+61.726	+44.377	+60.710	+44.101	+61.650	+54.614	+61.697	+61.690	+54.614	+61.684	+61.622	+61.614	+42.897	+61.453	+60.585	+61.776	+42.898	+54.447	+54.390	+61.529	+54.404	+54.396	+61.518	+60.574	+61.568	+61.511	+44.350	+61.502	+61.521	+61.497	+61.498	+61.495	+44.423	+44.495	+44.494	+53.658	+44.419	+44.433	+53.993	+53.990	+44.365	+44.208	+43.792	+44.445	+53.964	+44.754	+53.935	+43.966	+43.857	+43.863	+43.096	+44.232	+43.245	+44.178	+43.225	+43.162	+44.029	+44.227	+43.634	+43.031	+43.954	+43.033	+43.570	+43.486	+43.590	+43.590	+43.578	+43.971	+43.534	+43.620	+43.979	+43.978	+43.978	+43.025	+43.978	+43.969	+43.020	+43.949	+43.877	+43.448	+43.877	+43.413	+42.968	+42.972	+43.106	+43.082	+43.080	+43.075	+43.206	+43.082	+43.094	+43.114	+43.115	+43.098	+43.071	+43.046	+43.039	+43.012	+43.049	+43.044	+43.025	+42.868	+43.190	+43.115	+43.014	+43.004	+42.890	+42.890	+42.890	+42.896	+42.898	+42.941	+42.893	+42.893	+42.893	+42.942	+42.937	+42.940	+42.895	+42.893	+42.877	+42.952	+42.957	+42.872	+42.890	
rs10958401     +43.793	+53.577	+60.722	+61.131	+60.715	+60.715	+60.669	+60.776	+60.775	+61.188	+42.885	+42.886	+54.270	+61.146	+43.977	+60.912	+44.171	+43.951	+44.190	+60.935	+44.130	+42.886	+60.720	+44.010	+60.705	+61.715	+44.368	+60.699	+44.093	+61.639	+54.608	+61.686	+61.678	+54.608	+61.673	+61.611	+61.602	+42.886	+61.441	+60.574	+61.765	+42.886	+54.440	+54.383	+61.517	+54.398	+54.389	+61.506	+60.564	+61.556	+61.499	+44.343	+61.490	+61.509	+61.485	+61.485	+61.483	+44.413	+44.486	+44.486	+53.651	+44.412	+44.423	+53.986	+53.982	+44.355	+44.200	+43.783	+44.437	+53.957	+44.744	+53.928	+43.954	+43.845	+43.851	+43.085	+44.223	+43.234	+44.169	+43.215	+43.151	+44.019	+44.217	+43.624	+43.020	+43.943	+43.022	+43.560	+43.475	+43.579	+43.579	+43.567	+43.961	+43.523	+43.609	+43.968	+43.968	+43.968	+43.014	+43.968	+43.958	+43.009	+43.938	+43.866	+43.437	+43.866	+43.402	+42.957	+42.961	+43.095	+43.071	+43.069	+43.064	+43.196	+43.071	+43.083	+43.103	+43.104	+43.087	+43.060	+43.035	+43.028	+43.001	+43.038	+43.033	+43.014	+42.857	+43.178	+43.104	+43.003	+42.992	+42.879	+42.879	+42.879	+42.885	+42.887	+42.930	+42.882	+42.882	+42.882	+42.931	+42.926	+42.929	+42.884	+42.882	+42.866	+42.941	+42.946	+42.861	+42.879	
rs7816139      +43.833	+53.621	+60.776	+61.186	+60.768	+60.769	+60.723	+60.830	+60.829	+61.244	+42.933	+42.934	+54.314	+61.201	+44.010	+60.968	+44.195	+44.190	+43.999	+60.990	+44.155	+42.935	+60.777	+44.040	+60.761	+61.741	+44.390	+60.755	+44.120	+61.664	+54.649	+61.712	+61.705	+54.649	+61.699	+61.635	+61.626	+42.934	+61.465	+60.631	+61.791	+42.934	+54.481	+54.424	+61.543	+54.438	+54.430	+61.532	+60.621	+61.579	+61.525	+44.362	+61.516	+61.534	+61.511	+61.511	+61.509	+44.433	+44.504	+44.504	+53.692	+44.429	+44.442	+54.027	+54.023	+44.375	+44.222	+43.845	+44.454	+53.998	+44.760	+53.969	+43.985	+43.878	+43.885	+43.135	+44.274	+43.282	+44.219	+43.263	+43.199	+44.069	+44.268	+43.673	+43.068	+43.992	+43.070	+43.609	+43.525	+43.628	+43.628	+43.616	+44.010	+43.572	+43.658	+44.017	+44.017	+44.017	+43.062	+44.017	+44.007	+43.056	+43.987	+43.915	+43.486	+43.915	+43.450	+43.004	+43.009	+43.143	+43.119	+43.116	+43.112	+43.244	+43.118	+43.131	+43.150	+43.152	+43.135	+43.107	+43.082	+43.076	+43.049	+43.086	+43.081	+43.062	+42.905	+43.226	+43.152	+43.051	+43.040	+42.927	+42.927	+42.927	+42.933	+42.935	+42.978	+42.930	+42.930	+42.930	+42.979	+42.974	+42.977	+42.932	+42.930	+42.914	+42.989	+42.994	+42.909	+42.927	
rs77515033     +59.165	+27.640	+8.953	+9.111	+8.951	+8.951	+8.938	+8.973	+8.972	+9.144	+8.286	+8.342	+28.681	+9.128	+60.249	+9.027	+60.947	+60.935	+60.990	+8.995	+60.842	+8.295	+8.975	+60.553	+8.971	+60.406	+61.089	+8.969	+60.746	+59.518	+29.023	+60.316	+60.294	+29.016	+60.278	+59.427	+59.398	+8.379	+58.986	+8.942	+56.140	+8.387	+28.773	+28.686	+59.864	+28.712	+28.700	+59.825	+8.938	+59.237	+59.803	+61.167	+59.771	+59.810	+59.754	+59.755	+59.745	+61.110	+61.249	+61.248	+27.510	+61.295	+61.069	+28.128	+28.124	+60.912	+60.884	+54.366	+61.197	+28.001	+61.452	+27.726	+58.261	+55.914	+55.378	+9.394	+8.663	+8.395	+8.644	+9.711	+8.471	+8.515	+8.542	+8.367	+8.782	+8.496	+8.393	+8.192	+8.190	+8.202	+8.202	+8.192	+8.505	+8.193	+8.196	+8.509	+8.508	+8.508	+8.761	+8.508	+8.503	+8.730	+8.465	+8.448	+8.197	+8.448	+8.505	+8.510	+8.385	+8.580	+8.544	+8.540	+8.532	+8.122	+8.538	+8.557	+8.581	+8.582	+8.559	+8.522	+8.483	+8.479	+8.426	+8.476	+8.468	+8.459	+8.213	+8.140	+8.202	+8.210	+8.210	+8.164	+8.163	+8.164	+8.160	+8.174	+8.514	+8.159	+8.159	+8.159	+8.528	+8.480	+8.508	+8.158	+8.159	+8.176	+8.582	+8.610	+8.183	+8.169	
rs12542396     +43.740	+53.562	+60.626	+61.035	+60.619	+60.619	+60.573	+60.680	+60.679	+61.092	+42.809	+42.810	+54.254	+61.050	+43.939	+60.819	+44.137	+44.130	+44.155	+60.842	+43.874	+42.812	+60.633	+43.959	+60.618	+61.648	+44.321	+60.613	+44.046	+61.572	+54.572	+61.618	+61.610	+54.571	+61.604	+61.541	+61.532	+42.809	+61.369	+60.491	+61.699	+42.810	+54.401	+54.343	+61.444	+54.358	+54.349	+61.432	+60.484	+61.482	+61.425	+44.300	+61.415	+61.435	+61.410	+61.411	+61.408	+44.359	+44.432	+44.432	+53.610	+44.372	+44.365	+53.943	+53.939	+44.294	+44.148	+43.706	+44.391	+53.913	+44.690	+53.885	+43.879	+43.768	+43.775	+43.008	+44.157	+43.159	+44.102	+43.141	+43.075	+43.950	+44.148	+43.549	+42.944	+43.868	+42.946	+43.484	+43.400	+43.504	+43.504	+43.492	+43.885	+43.448	+43.534	+43.892	+43.892	+43.892	+42.938	+43.892	+43.883	+42.933	+43.862	+43.790	+43.361	+43.789	+43.326	+42.880	+42.884	+43.019	+42.995	+42.992	+42.988	+43.122	+42.994	+43.007	+43.027	+43.028	+43.011	+42.984	+42.959	+42.952	+42.925	+42.963	+42.958	+42.938	+42.781	+43.101	+43.028	+42.926	+42.916	+42.802	+42.802	+42.802	+42.808	+42.811	+42.854	+42.806	+42.806	+42.806	+42.855	+42.850	+42.853	+42.807	+42.806	+42.790	+42.866	+42.870	+42.784	+42.802	
rs2719353      +41.519	+46.963	+8.150	+8.442	+8.145	+8.146	+8.112	+8.201	+8.200	+8.495	+0.080	+0.174	+48.554	+8.463	+42.363	+8.278	+42.897	+42.886	+42.935	+8.295	+42.812	+0.194	+8.158	+42.516	+8.150	+50.934	+42.996	+8.147	+42.723	+50.645	+49.640	+50.880	+50.867	+49.614	+50.856	+50.590	+50.572	+0.271	+50.322	+8.073	+48.909	+0.294	+49.178	+49.035	+50.629	+49.054	+49.027	+50.614	+8.058	+50.497	+50.604	+43.148	+50.592	+50.621	+50.584	+50.585	+50.582	+43.026	+43.150	+43.150	+46.569	+43.262	+43.003	+47.762	+47.749	+42.857	+42.882	+37.251	+43.249	+47.208	+43.454	+46.336	+40.509	+38.634	+38.237	+0.507	+0.473	-0.099	+0.470	+0.661	-0.108	+0.313	+0.445	+0.087	+0.082	+0.269	-0.136	-0.163	-0.188	-0.168	-0.168	-0.160	+0.279	-0.178	-0.152	+0.283	+0.283	+0.283	+0.060	+0.283	+0.275	+0.045	+0.213	+0.186	-0.206	+0.186	+0.070	+0.037	-0.054	+0.121	+0.083	+0.080	+0.075	-0.261	+0.080	+0.098	+0.120	+0.121	+0.100	+0.065	+0.030	+0.025	-0.022	+0.026	+0.019	+0.005	-0.238	-0.266	-0.229	-0.247	-0.249	-0.296	-0.296	-0.296	-0.298	-0.287	-0.069	-0.299	-0.299	-0.299	-0.060	-0.092	-0.073	-0.300	-0.299	-0.288	-0.020	-0.002	-0.284	-0.293	
rs3942820      +58.951	+27.603	+8.871	+9.066	+8.868	+8.868	+8.851	+8.896	+8.896	+9.106	+8.150	+8.206	+28.645	+9.091	+60.031	+8.968	+60.732	+60.720	+60.777	+8.975	+60.633	+8.158	+8.851	+60.347	+8.898	+60.844	+60.884	+8.896	+60.540	+59.952	+28.982	+60.764	+60.744	+28.976	+60.728	+59.869	+59.843	+8.243	+59.433	+8.859	+56.497	+8.251	+28.730	+28.643	+60.323	+28.669	+28.657	+60.284	+8.853	+59.690	+60.263	+60.963	+60.230	+60.270	+60.214	+60.214	+60.204	+60.911	+61.051	+61.051	+27.461	+61.095	+60.873	+28.081	+28.076	+60.717	+60.686	+54.166	+60.998	+27.952	+61.254	+27.675	+58.074	+55.726	+55.190	+9.253	+8.528	+8.255	+8.509	+9.566	+8.330	+8.379	+8.408	+8.230	+8.635	+8.360	+8.250	+8.053	+8.051	+8.063	+8.063	+8.054	+8.368	+8.053	+8.057	+8.372	+8.372	+8.372	+8.615	+8.372	+8.366	+8.584	+8.328	+8.310	+8.057	+8.310	+8.365	+8.364	+8.241	+8.434	+8.398	+8.395	+8.387	+7.983	+8.393	+8.411	+8.435	+8.436	+8.413	+8.377	+8.339	+8.334	+8.283	+8.332	+8.324	+8.315	+8.073	+8.001	+8.062	+8.071	+8.071	+8.024	+8.024	+8.024	+8.021	+8.035	+8.377	+8.020	+8.020	+8.019	+8.391	+8.343	+8.371	+8.018	+8.019	+8.036	+8.445	+8.473	+8.044	+8.029	
rs10112815     +43.527	+53.376	+60.331	+60.740	+60.324	+60.324	+60.278	+60.385	+60.384	+60.797	+42.512	+42.514	+54.072	+60.755	+43.775	+60.528	+44.018	+44.010	+44.040	+60.553	+43.959	+42.516	+60.347	+43.577	+60.334	+61.501	+44.195	+60.329	+43.905	+61.422	+54.385	+61.468	+61.460	+54.384	+61.454	+61.390	+61.380	+42.513	+61.215	+60.209	+61.545	+42.513	+54.212	+54.154	+61.291	+54.168	+54.159	+61.278	+60.203	+61.328	+61.271	+44.196	+61.261	+61.281	+61.256	+61.257	+61.254	+44.229	+44.309	+44.309	+53.415	+44.278	+44.232	+53.750	+53.747	+44.153	+44.018	+43.344	+44.287	+53.720	+44.575	+53.692	+43.670	+43.540	+43.545	+42.705	+43.859	+42.863	+43.804	+42.847	+42.779	+43.651	+43.853	+43.249	+42.648	+43.567	+42.650	+43.185	+43.101	+43.202	+43.202	+43.193	+43.585	+43.149	+43.235	+43.592	+43.592	+43.591	+42.642	+43.591	+43.582	+42.637	+43.561	+43.490	+43.063	+43.489	+43.031	+42.582	+42.587	+42.720	+42.696	+42.693	+42.689	+42.819	+42.696	+42.708	+42.728	+42.730	+42.712	+42.685	+42.660	+42.654	+42.627	+42.664	+42.660	+42.640	+42.484	+42.808	+42.730	+42.630	+42.619	+42.508	+42.508	+42.508	+42.514	+42.516	+42.558	+42.511	+42.511	+42.511	+42.559	+42.554	+42.557	+42.513	+42.511	+42.495	+42.570	+42.574	+42.489	+42.507	
rs2174357      +58.936	+27.602	+8.865	+9.062	+8.863	+8.863	+8.846	+8.892	+8.891	+9.102	+8.142	+8.198	+28.644	+9.086	+60.014	+8.963	+60.716	+60.705	+60.761	+8.971	+60.618	+8.150	+8.898	+60.334	+8.842	+60.863	+60.870	+8.892	+60.526	+59.974	+28.980	+60.785	+60.765	+28.973	+60.750	+59.893	+59.867	+8.235	+59.459	+8.854	+56.518	+8.243	+28.727	+28.640	+60.349	+28.666	+28.654	+60.310	+8.849	+59.718	+60.289	+60.951	+60.257	+60.296	+60.240	+60.241	+60.231	+60.900	+61.040	+61.040	+27.457	+61.083	+60.862	+28.078	+28.073	+60.706	+60.675	+54.153	+60.986	+27.948	+61.243	+27.671	+58.064	+55.714	+55.178	+9.244	+8.520	+8.247	+8.500	+9.557	+8.321	+8.371	+8.400	+8.222	+8.627	+8.352	+8.242	+8.045	+8.042	+8.055	+8.055	+8.045	+8.360	+8.045	+8.049	+8.364	+8.364	+8.364	+8.606	+8.364	+8.358	+8.575	+8.320	+8.302	+8.049	+8.302	+8.357	+8.355	+8.233	+8.425	+8.389	+8.386	+8.378	+7.974	+8.384	+8.403	+8.426	+8.428	+8.405	+8.368	+8.330	+8.326	+8.274	+8.323	+8.315	+8.306	+8.065	+7.992	+8.054	+8.063	+8.062	+8.016	+8.016	+8.016	+8.012	+8.026	+8.369	+8.011	+8.011	+8.011	+8.383	+8.334	+8.362	+8.010	+8.011	+8.028	+8.436	+8.465	+8.035	+8.021	
rs1900746      +61.032	+50.992	+60.211	+59.907	+60.227	+60.227	+60.262	+60.105	+60.109	+59.804	+51.028	+50.935	+51.230	+59.995	+61.461	+60.519	+61.726	+61.715	+61.741	+60.406	+61.648	+50.934	+60.844	+61.501	+60.863	+50.965	+61.482	+60.868	+61.592	+50.993	+51.135	+51.067	+51.061	+51.131	+51.057	+50.973	+50.967	+50.882	+50.887	+60.980	+51.265	+50.864	+51.065	+51.044	+50.971	+51.047	+51.043	+50.966	+60.990	+50.944	+50.963	+61.879	+50.959	+50.969	+50.957	+50.957	+50.956	+61.520	+61.603	+61.603	+50.821	+61.949	+61.528	+50.903	+50.902	+61.455	+61.718	+59.054	+61.963	+50.894	+61.844	+50.929	+60.852	+60.329	+60.236	+49.916	+50.327	+50.201	+50.289	+50.948	+50.265	+50.209	+50.198	+50.098	+50.352	+50.190	+50.189	+50.000	+49.989	+50.019	+50.019	+50.001	+50.198	+49.997	+50.011	+50.201	+50.201	+50.201	+50.340	+50.201	+50.198	+50.308	+50.193	+50.174	+49.992	+50.173	+50.375	+50.033	+50.020	+50.094	+50.079	+50.077	+50.072	+50.016	+50.077	+50.087	+50.102	+50.103	+50.089	+50.068	+50.051	+50.047	+50.025	+50.050	+50.046	+50.055	+49.944	+50.011	+50.062	+50.010	+50.001	+49.920	+49.920	+49.920	+49.921	+49.932	+50.079	+49.920	+49.920	+49.920	+50.084	+50.062	+50.074	+49.920	+49.919	+49.917	+50.110	+50.125	+49.916	+49.919	
rs2889135      +44.004	+54.057	+60.873	+61.281	+60.865	+60.866	+60.820	+60.927	+60.926	+61.338	+42.999	+42.999	+54.752	+61.296	+44.211	+61.066	+44.377	+44.368	+44.390	+61.089	+44.321	+42.996	+60.884	+44.195	+60.870	+61.482	+44.063	+60.865	+44.276	+61.406	+54.543	+61.447	+61.439	+54.541	+61.432	+61.371	+61.361	+42.998	+61.196	+60.745	+61.525	+42.999	+54.369	+54.312	+61.266	+54.325	+54.316	+61.253	+60.741	+61.306	+61.245	+44.515	+61.235	+61.254	+61.230	+61.230	+61.228	+44.295	+44.364	+44.363	+53.586	+44.575	+44.292	+53.910	+53.906	+44.226	+44.374	+43.706	+44.608	+53.882	+44.593	+53.854	+43.867	+43.789	+43.796	+43.172	+44.380	+43.344	+44.323	+43.337	+43.261	+44.166	+44.376	+43.741	+43.134	+44.024	+43.136	+43.653	+43.570	+43.668	+43.668	+43.660	+44.041	+43.617	+43.702	+44.048	+44.048	+44.048	+43.128	+44.048	+44.039	+43.123	+44.014	+43.943	+43.530	+43.943	+43.505	+43.060	+43.068	+43.196	+43.173	+43.171	+43.166	+43.305	+43.173	+43.185	+43.204	+43.206	+43.189	+43.163	+43.139	+43.133	+43.107	+43.144	+43.140	+43.121	+42.968	+43.299	+43.208	+43.110	+43.099	+42.994	+42.994	+42.994	+43.000	+43.002	+43.045	+42.997	+42.997	+42.997	+43.047	+43.041	+43.044	+42.999	+42.997	+42.982	+43.058	+43.063	+42.976	+42.994	
rs1900745      +58.930	+27.602	+8.864	+9.060	+8.861	+8.861	+8.844	+8.890	+8.889	+9.100	+8.139	+8.196	+28.644	+9.084	+60.008	+8.962	+60.710	+60.699	+60.755	+8.969	+60.613	+8.147	+8.896	+60.329	+8.892	+60.868	+60.865	+8.839	+60.521	+59.981	+28.979	+60.792	+60.773	+28.972	+60.758	+59.901	+59.876	+8.232	+59.469	+8.853	+56.526	+8.240	+28.726	+28.638	+60.358	+28.665	+28.653	+60.320	+8.847	+59.728	+60.298	+60.946	+60.266	+60.306	+60.250	+60.250	+60.240	+60.895	+61.036	+61.035	+27.456	+61.079	+60.858	+28.076	+28.072	+60.702	+60.671	+54.148	+60.982	+27.947	+61.239	+27.669	+58.060	+55.710	+55.174	+9.240	+8.517	+8.244	+8.498	+9.554	+8.318	+8.368	+8.397	+8.219	+8.624	+8.349	+8.239	+8.042	+8.039	+8.052	+8.052	+8.042	+8.357	+8.042	+8.046	+8.361	+8.361	+8.361	+8.603	+8.361	+8.355	+8.572	+8.317	+8.299	+8.046	+8.299	+8.353	+8.352	+8.230	+8.422	+8.386	+8.383	+8.375	+7.971	+8.381	+8.399	+8.423	+8.424	+8.401	+8.365	+8.327	+8.322	+8.271	+8.320	+8.312	+8.303	+8.062	+7.989	+8.051	+8.060	+8.059	+8.013	+8.013	+8.013	+8.009	+8.023	+8.365	+8.008	+8.008	+8.008	+8.380	+8.331	+8.359	+8.007	+8.008	+8.025	+8.433	+8.462	+8.032	+8.018	
rs7844284      +43.679	+53.517	+60.527	+60.936	+60.520	+60.520	+60.474	+60.582	+60.580	+60.993	+42.720	+42.721	+54.208	+60.951	+43.894	+60.721	+44.101	+44.093	+44.120	+60.746	+44.046	+42.723	+60.540	+43.905	+60.526	+61.592	+44.276	+60.521	+43.785	+61.512	+54.507	+61.557	+61.548	+54.505	+61.541	+61.477	+61.466	+42.720	+61.300	+60.401	+61.631	+42.721	+54.332	+54.274	+61.375	+54.288	+54.279	+61.362	+60.397	+61.412	+61.354	+44.259	+61.345	+61.364	+61.339	+61.340	+61.338	+44.305	+44.380	+44.380	+53.539	+44.335	+44.308	+53.871	+53.867	+44.235	+44.097	+43.612	+44.348	+53.841	+44.639	+53.813	+43.801	+43.686	+43.693	+42.919	+44.077	+43.073	+44.022	+43.052	+42.987	+43.868	+44.070	+43.463	+42.855	+43.782	+42.857	+43.401	+43.316	+43.421	+43.421	+43.409	+43.799	+43.364	+43.451	+43.806	+43.806	+43.806	+42.849	+43.806	+43.797	+42.844	+43.776	+43.704	+43.278	+43.703	+43.239	+42.791	+42.795	+42.929	+42.905	+42.902	+42.898	+43.034	+42.905	+42.917	+42.937	+42.939	+42.921	+42.894	+42.869	+42.863	+42.836	+42.874	+42.869	+42.849	+42.692	+43.013	+42.938	+42.837	+42.827	+42.714	+42.714	+42.714	+42.720	+42.722	+42.765	+42.717	+42.717	+42.717	+42.766	+42.762	+42.764	+42.719	+42.717	+42.702	+42.777	+42.782	+42.696	+42.714	
rs1847568      +60.927	+50.766	+59.388	+58.971	+59.404	+59.404	+59.438	+59.283	+59.288	+58.870	+50.739	+50.645	+50.905	+59.070	+61.345	+59.619	+61.650	+61.639	+61.664	+59.518	+61.572	+50.645	+59.952	+61.422	+59.974	+50.993	+61.406	+59.981	+61.512	+50.658	+50.805	+50.963	+50.956	+50.802	+50.950	+50.758	+50.751	+50.592	+50.657	+60.098	+50.964	+50.574	+50.735	+50.714	+50.838	+50.717	+50.714	+50.832	+60.107	+50.720	+50.828	+61.797	+50.824	+50.838	+50.821	+50.821	+50.821	+61.440	+61.524	+61.524	+50.494	+61.867	+61.446	+50.574	+50.573	+61.376	+61.636	+58.944	+61.881	+50.564	+61.764	+50.600	+60.760	+59.680	+59.597	+49.613	+50.061	+49.896	+50.022	+50.661	+49.961	+49.936	+49.927	+49.813	+50.045	+49.917	+49.884	+49.709	+49.694	+49.731	+49.731	+49.711	+49.925	+49.704	+49.722	+49.929	+49.929	+49.929	+50.037	+49.929	+49.925	+50.000	+49.920	+49.897	+49.695	+49.897	+50.085	+49.722	+49.710	+49.780	+49.765	+49.763	+49.758	+49.715	+49.763	+49.773	+49.788	+49.789	+49.775	+49.755	+49.739	+49.735	+49.714	+49.739	+49.736	+49.745	+49.637	+49.715	+49.757	+49.705	+49.696	+49.616	+49.616	+49.616	+49.618	+49.628	+49.777	+49.616	+49.616	+49.616	+49.782	+49.759	+49.771	+49.616	+49.616	+49.612	+49.807	+49.822	+49.611	+49.614	
rs1847569      +53.462	+29.257	+28.993	+29.062	+28.992	+28.992	+28.986	+29.003	+29.003	+29.073	+49.258	+49.866	+29.458	+29.059	+54.119	+29.012	+54.614	+54.608	+54.649	+29.023	+54.572	+49.640	+28.982	+54.385	+28.980	+51.135	+54.543	+28.979	+54.507	+50.805	+29.550	+51.090	+51.079	+29.620	+51.070	+50.760	+50.746	+50.429	+50.544	+28.963	+49.371	+50.524	+29.522	+29.502	+50.886	+29.507	+29.504	+50.875	+28.958	+50.687	+50.867	+54.895	+50.858	+50.882	+50.852	+50.853	+50.851	+54.605	+54.704	+54.704	+29.373	+54.988	+54.608	+29.425	+29.424	+54.468	+54.691	+50.571	+54.998	+29.326	+54.990	+29.234	+53.333	+51.822	+51.597	+30.045	+29.114	+28.892	+29.066	+29.331	+28.988	+28.964	+28.925	+28.828	+28.942	+28.934	+28.800	+28.661	+28.660	+28.675	+28.675	+28.661	+28.941	+28.662	+28.664	+28.944	+28.943	+28.943	+28.927	+28.943	+28.938	+28.907	+28.928	+28.907	+28.666	+28.907	+28.775	+28.892	+28.732	+29.081	+29.049	+29.044	+29.035	+28.571	+29.041	+29.060	+29.085	+29.086	+29.064	+29.027	+28.975	+28.973	+28.917	+28.964	+28.957	+28.868	+28.678	+28.630	+28.709	+28.780	+28.777	+28.623	+28.622	+28.623	+28.618	+28.637	+29.189	+28.618	+28.618	+28.618	+29.213	+29.141	+29.179	+28.617	+28.618	+28.627	+29.264	+29.301	+28.632	+28.617	
rs7812790      +61.005	+50.953	+60.102	+59.799	+60.118	+60.118	+60.153	+59.996	+60.001	+59.696	+50.974	+50.881	+51.191	+59.888	+61.434	+60.424	+61.697	+61.686	+61.712	+60.316	+61.618	+50.880	+60.764	+61.468	+60.785	+51.067	+61.447	+60.792	+61.557	+50.963	+51.090	+50.914	+51.034	+51.086	+51.030	+50.941	+50.935	+50.829	+50.852	+60.910	+51.232	+50.812	+51.018	+50.998	+50.938	+51.001	+50.997	+50.933	+60.920	+50.910	+50.930	+61.840	+50.925	+50.936	+50.923	+50.923	+50.922	+61.480	+61.563	+61.563	+50.774	+61.910	+61.488	+50.856	+50.855	+61.415	+61.678	+59.015	+61.923	+50.846	+61.803	+50.882	+60.812	+60.286	+60.193	+49.865	+50.277	+50.149	+50.239	+50.897	+50.213	+50.160	+50.149	+50.048	+50.301	+50.140	+50.138	+49.949	+49.938	+49.969	+49.969	+49.951	+50.147	+49.946	+49.960	+50.151	+50.151	+50.151	+50.289	+50.151	+50.147	+50.257	+50.142	+50.123	+49.941	+50.123	+50.324	+49.982	+49.969	+50.043	+50.028	+50.026	+50.020	+49.965	+50.026	+50.035	+50.050	+50.052	+50.038	+50.016	+50.000	+49.995	+49.974	+49.999	+49.995	+50.004	+49.893	+49.960	+50.011	+49.959	+49.950	+49.869	+49.869	+49.869	+49.870	+49.881	+50.029	+49.869	+49.869	+49.869	+50.033	+50.011	+50.023	+49.869	+49.868	+49.866	+50.059	+50.074	+49.865	+49.868	
rs7831799      +60.998	+50.943	+60.077	+59.774	+60.093	+60.093	+60.128	+59.971	+59.976	+59.671	+50.961	+50.868	+51.181	+59.863	+61.427	+60.402	+61.690	+61.678	+61.705	+60.294	+61.610	+50.867	+60.744	+61.460	+60.765	+51.061	+61.439	+60.773	+61.548	+50.956	+51.079	+51.034	+50.901	+51.075	+51.023	+50.934	+50.927	+50.816	+50.843	+60.892	+51.224	+50.799	+51.007	+50.986	+50.930	+50.989	+50.986	+50.925	+60.902	+50.902	+50.922	+61.831	+50.917	+50.928	+50.915	+50.915	+50.914	+61.471	+61.554	+61.554	+50.763	+61.900	+61.478	+50.845	+50.843	+61.405	+61.669	+59.006	+61.913	+50.835	+61.793	+50.870	+60.802	+60.276	+60.183	+49.853	+50.265	+50.137	+50.227	+50.885	+50.200	+50.147	+50.136	+50.035	+50.288	+50.127	+50.125	+49.937	+49.925	+49.956	+49.956	+49.938	+50.135	+49.934	+49.948	+50.138	+50.138	+50.138	+50.276	+50.138	+50.135	+50.244	+50.130	+50.111	+49.928	+50.111	+50.311	+49.969	+49.956	+50.030	+50.015	+50.013	+50.007	+49.953	+50.013	+50.022	+50.038	+50.039	+50.025	+50.004	+49.987	+49.983	+49.961	+49.986	+49.982	+49.991	+49.881	+49.948	+49.998	+49.946	+49.937	+49.856	+49.856	+49.856	+49.858	+49.868	+50.016	+49.856	+49.856	+49.856	+50.021	+49.998	+50.010	+49.856	+49.856	+49.853	+50.046	+50.061	+49.852	+49.855	
