## Summary of overall evidence for association with region:
## log10(BF for region) = -0.456289
## p-value for region = NA

## BFs for choosing among multi-SNP models:
## log10(average 1-SNP BF) = -0.391797
## log10(average 2-SNP BF) = -0.623896

## Example posterior probabilities for multi-SNP models, based on default prior: [p(l) propto 0.5^l for l=1,2,...,L]
## posterior probability of 1-SNP = 0.773394
## posterior probability of 2-SNP = 0.226606

## log10(BF) for single SNP and pair of SNPs:
rs195018       -0.643	-0.738	-0.978	-0.959	-0.873	-1.021	-1.045	-1.042	-0.778	-0.766	-0.786	-0.454	-0.454	-0.459	-0.392	-0.401	-0.417	-0.751	-0.949	-0.955	-0.957	-0.933	-0.948	-0.953	-0.960	-0.937	-0.953	-0.953	-0.950	-0.947	-0.954	-0.947	-0.946	-0.948	-0.927	-0.948	-0.859	-0.845	-0.947	-0.936	-0.926	-1.128	-1.009	-1.128	-1.019	-1.129	-1.021	-0.982	-1.022	-1.038	-1.041	-1.042	-1.130	-1.034	-1.106	-1.041	-0.974	-0.981	-1.041	-1.051	-1.041	-1.121	-1.127	-1.040	-0.796	-0.766	-0.784	-0.789	-0.879	-0.888	-0.864	-0.867	-0.867	-0.867	-0.854	-0.771	-0.868	-0.750	-0.861	-0.861	-0.793	-0.879	-0.886	-0.788	-0.760	-0.783	-0.867	-0.870	-0.870	-0.871	-0.900	-0.873	-0.794	-0.875	-0.875	-0.802	-0.817	-0.824	-0.827	-0.832	-0.851	-0.817	-0.924	-0.836	-0.841	-0.858	-0.924	-0.821	-0.916	-0.818	-0.916	-0.810	-0.816	-0.915	-0.820	-0.912	-0.808	-0.915	-0.916	-0.916	-0.825	-0.821	-0.813	-0.861	-0.836	
rs174269       -0.738	-0.615	-0.933	-0.900	-0.794	-1.001	-1.015	-1.015	-0.776	-0.764	-0.783	-0.354	-0.354	-0.355	-0.287	-0.296	-0.314	-0.738	-0.924	-0.929	-0.930	-0.903	-0.919	-0.924	-0.933	-0.907	-0.924	-0.924	-0.921	-0.918	-0.925	-0.918	-0.917	-0.919	-0.897	-0.918	-0.842	-0.829	-0.918	-0.906	-0.901	-1.102	-0.976	-1.102	-0.987	-1.103	-0.988	-0.956	-0.989	-1.013	-1.015	-1.016	-1.104	-1.002	-1.078	-1.015	-0.949	-0.955	-1.015	-1.020	-1.015	-1.096	-1.101	-1.018	-0.769	-0.739	-0.757	-0.762	-0.852	-0.860	-0.837	-0.840	-0.840	-0.840	-0.827	-0.744	-0.840	-0.723	-0.833	-0.834	-0.766	-0.852	-0.859	-0.761	-0.733	-0.756	-0.840	-0.843	-0.843	-0.844	-0.873	-0.846	-0.766	-0.847	-0.848	-0.775	-0.790	-0.797	-0.801	-0.806	-0.825	-0.791	-0.897	-0.809	-0.814	-0.831	-0.897	-0.794	-0.889	-0.791	-0.889	-0.783	-0.789	-0.889	-0.794	-0.885	-0.781	-0.888	-0.889	-0.890	-0.798	-0.794	-0.786	-0.835	-0.810	
rs6513470      -0.978	-0.933	-0.662	-0.776	-1.016	-0.986	-1.087	-1.082	-0.780	-0.767	-0.789	-0.641	-0.641	-0.656	-0.591	-0.598	-0.609	-0.739	-0.968	-0.977	-0.978	-0.960	-0.973	-0.977	-0.982	-0.963	-0.977	-0.976	-0.974	-0.972	-0.977	-0.972	-0.971	-0.973	-0.954	-0.972	-0.869	-0.855	-0.971	-0.961	-0.942	-1.146	-1.034	-1.145	-1.044	-1.147	-1.045	-0.999	-1.046	-1.056	-1.059	-1.061	-1.149	-1.058	-1.125	-1.060	-0.991	-0.997	-1.060	-1.075	-1.060	-1.138	-1.144	-1.054	-0.813	-0.783	-0.802	-0.806	-0.896	-0.905	-0.881	-0.884	-0.884	-0.885	-0.872	-0.788	-0.885	-0.767	-0.878	-0.878	-0.810	-0.896	-0.903	-0.805	-0.777	-0.800	-0.885	-0.887	-0.887	-0.888	-0.917	-0.890	-0.811	-0.892	-0.892	-0.819	-0.834	-0.841	-0.844	-0.849	-0.868	-0.834	-0.941	-0.853	-0.858	-0.875	-0.941	-0.838	-0.934	-0.835	-0.933	-0.827	-0.833	-0.933	-0.837	-0.929	-0.825	-0.932	-0.933	-0.934	-0.842	-0.838	-0.830	-0.879	-0.853	
rs12625328     -0.959	-0.900	-0.776	-0.661	-1.010	-0.971	-1.080	-1.075	-0.765	-0.752	-0.775	-0.666	-0.666	-0.682	-0.619	-0.626	-0.636	-0.723	-0.967	-0.976	-0.977	-0.959	-0.972	-0.976	-0.981	-0.962	-0.976	-0.976	-0.973	-0.971	-0.976	-0.971	-0.970	-0.972	-0.953	-0.971	-0.863	-0.849	-0.971	-0.960	-0.939	-1.145	-1.035	-1.144	-1.045	-1.146	-1.046	-0.997	-1.048	-1.055	-1.058	-1.060	-1.147	-1.059	-1.125	-1.059	-0.989	-0.995	-1.059	-1.076	-1.059	-1.136	-1.142	-1.050	-0.813	-0.783	-0.802	-0.807	-0.896	-0.905	-0.882	-0.885	-0.885	-0.885	-0.872	-0.788	-0.885	-0.768	-0.878	-0.879	-0.811	-0.897	-0.903	-0.806	-0.778	-0.801	-0.885	-0.888	-0.888	-0.889	-0.918	-0.891	-0.811	-0.892	-0.893	-0.819	-0.834	-0.841	-0.845	-0.849	-0.868	-0.835	-0.941	-0.853	-0.858	-0.875	-0.941	-0.838	-0.934	-0.835	-0.933	-0.827	-0.833	-0.933	-0.838	-0.929	-0.825	-0.932	-0.933	-0.934	-0.842	-0.838	-0.830	-0.879	-0.853	
rs195022       -0.873	-0.794	-1.016	-1.010	-0.654	-1.029	-1.036	-1.031	-0.758	-0.746	-0.768	-0.492	-0.492	-0.497	-0.431	-0.439	-0.456	-0.751	-0.958	-0.966	-0.967	-0.947	-0.961	-0.966	-0.971	-0.951	-0.965	-0.965	-0.963	-0.960	-0.966	-0.960	-0.959	-0.961	-0.942	-0.961	-0.858	-0.844	-0.960	-0.949	-0.935	-1.139	-1.026	-1.138	-1.036	-1.140	-1.037	-0.992	-1.039	-1.047	-1.050	-1.052	-1.141	-1.051	-1.118	-1.051	-0.984	-0.990	-1.051	-1.067	-1.051	-1.130	-1.137	-1.046	-0.807	-0.777	-0.795	-0.800	-0.890	-0.899	-0.875	-0.878	-0.878	-0.878	-0.866	-0.782	-0.879	-0.761	-0.872	-0.872	-0.804	-0.890	-0.897	-0.799	-0.771	-0.794	-0.879	-0.881	-0.881	-0.882	-0.911	-0.884	-0.805	-0.886	-0.886	-0.813	-0.828	-0.835	-0.838	-0.843	-0.862	-0.828	-0.935	-0.846	-0.851	-0.869	-0.935	-0.831	-0.927	-0.828	-0.927	-0.821	-0.826	-0.926	-0.831	-0.923	-0.819	-0.926	-0.926	-0.927	-0.835	-0.831	-0.823	-0.872	-0.847	
rs6071088      -1.021	-1.001	-0.986	-0.971	-1.029	-0.530	-0.953	-0.944	-0.672	-0.662	-0.682	-0.660	-0.660	-0.681	-0.621	-0.627	-0.634	-0.674	-0.832	-0.846	-0.847	-0.838	-0.850	-0.852	-0.852	-0.842	-0.851	-0.851	-0.850	-0.848	-0.851	-0.848	-0.847	-0.848	-0.834	-0.848	-0.771	-0.759	-0.848	-0.838	-0.842	-1.023	-0.925	-1.022	-0.934	-1.024	-0.935	-0.894	-0.936	-0.926	-0.927	-0.926	-1.025	-0.947	-1.002	-0.926	-0.887	-0.893	-0.926	-0.962	-0.926	-1.017	-1.021	-0.938	-0.673	-0.640	-0.660	-0.665	-0.759	-0.768	-0.742	-0.746	-0.746	-0.746	-0.732	-0.645	-0.746	-0.623	-0.738	-0.739	-0.669	-0.758	-0.766	-0.663	-0.633	-0.658	-0.746	-0.748	-0.749	-0.750	-0.782	-0.752	-0.669	-0.754	-0.754	-0.678	-0.694	-0.701	-0.706	-0.712	-0.732	-0.696	-0.809	-0.715	-0.721	-0.739	-0.809	-0.699	-0.801	-0.696	-0.801	-0.688	-0.694	-0.800	-0.699	-0.796	-0.686	-0.799	-0.800	-0.802	-0.704	-0.699	-0.691	-0.745	-0.716	
rs2426873      -1.045	-1.015	-1.087	-1.080	-1.036	-0.953	-0.627	-0.767	-0.735	-0.723	-0.745	-0.082	-0.082	-0.043	+0.109	+0.093	+0.047	-0.726	-0.934	-0.942	-0.943	-0.922	-0.936	-0.940	-0.946	-0.925	-0.940	-0.940	-0.937	-0.935	-0.941	-0.935	-0.933	-0.935	-0.916	-0.935	-0.821	-0.805	-0.934	-0.923	-0.883	-1.114	-0.986	-1.113	-0.996	-1.115	-0.997	-0.946	-0.999	-1.019	-1.022	-1.025	-1.117	-1.011	-1.086	-1.023	-0.935	-0.942	-1.023	-1.029	-1.024	-1.106	-1.112	-1.021	-0.782	-0.752	-0.770	-0.775	-0.864	-0.873	-0.850	-0.853	-0.853	-0.853	-0.840	-0.757	-0.853	-0.737	-0.847	-0.847	-0.779	-0.865	-0.871	-0.774	-0.746	-0.769	-0.853	-0.856	-0.856	-0.857	-0.886	-0.859	-0.780	-0.860	-0.861	-0.788	-0.803	-0.809	-0.813	-0.818	-0.837	-0.803	-0.909	-0.821	-0.826	-0.843	-0.909	-0.806	-0.901	-0.803	-0.901	-0.796	-0.801	-0.901	-0.806	-0.897	-0.794	-0.900	-0.901	-0.901	-0.810	-0.806	-0.798	-0.846	-0.821	
rs195025       -1.042	-1.015	-1.082	-1.075	-1.031	-0.944	-0.767	-0.622	-0.726	-0.714	-0.737	-0.023	-0.023	+0.022	+0.173	+0.156	+0.108	-0.721	-0.930	-0.937	-0.939	-0.916	-0.931	-0.935	-0.942	-0.920	-0.935	-0.935	-0.932	-0.929	-0.936	-0.930	-0.928	-0.930	-0.910	-0.930	-0.814	-0.798	-0.929	-0.918	-0.875	-1.109	-0.980	-1.108	-0.990	-1.110	-0.991	-0.939	-0.992	-1.014	-1.018	-1.020	-1.112	-1.005	-1.081	-1.019	-0.927	-0.935	-1.019	-1.023	-1.019	-1.101	-1.107	-1.016	-0.778	-0.748	-0.766	-0.771	-0.860	-0.869	-0.845	-0.849	-0.849	-0.849	-0.836	-0.753	-0.849	-0.733	-0.842	-0.843	-0.775	-0.860	-0.867	-0.770	-0.742	-0.765	-0.849	-0.851	-0.852	-0.852	-0.881	-0.854	-0.775	-0.856	-0.856	-0.784	-0.799	-0.805	-0.809	-0.814	-0.832	-0.799	-0.904	-0.817	-0.822	-0.839	-0.904	-0.802	-0.897	-0.799	-0.897	-0.791	-0.797	-0.896	-0.802	-0.893	-0.789	-0.895	-0.896	-0.897	-0.806	-0.802	-0.794	-0.842	-0.817	
rs66474973     -0.778	-0.776	-0.780	-0.765	-0.758	-0.672	-0.735	-0.726	-0.278	-0.389	-0.406	-0.478	-0.478	-0.500	-0.443	-0.449	-0.454	-0.481	-0.615	-0.620	-0.621	-0.594	-0.611	-0.616	-0.624	-0.599	-0.616	-0.616	-0.613	-0.610	-0.617	-0.610	-0.609	-0.611	-0.589	-0.611	-0.580	-0.572	-0.610	-0.598	-0.650	-0.795	-0.711	-0.795	-0.720	-0.795	-0.721	-0.694	-0.722	-0.673	-0.668	-0.660	-0.795	-0.732	-0.774	-0.665	-0.688	-0.693	-0.664	-0.745	-0.663	-0.791	-0.795	-0.721	-0.440	-0.407	-0.427	-0.433	-0.528	-0.538	-0.512	-0.515	-0.515	-0.515	-0.501	-0.412	-0.515	-0.390	-0.508	-0.508	-0.437	-0.528	-0.535	-0.431	-0.401	-0.426	-0.515	-0.518	-0.518	-0.519	-0.551	-0.521	-0.437	-0.523	-0.524	-0.447	-0.463	-0.471	-0.476	-0.482	-0.502	-0.466	-0.580	-0.485	-0.491	-0.509	-0.580	-0.469	-0.571	-0.466	-0.571	-0.458	-0.464	-0.570	-0.469	-0.566	-0.456	-0.569	-0.570	-0.572	-0.474	-0.469	-0.461	-0.515	-0.486	
rs195028       -0.766	-0.764	-0.767	-0.752	-0.746	-0.662	-0.723	-0.714	-0.389	-0.264	-0.377	-0.468	-0.468	-0.490	-0.432	-0.438	-0.443	-0.472	-0.602	-0.607	-0.609	-0.581	-0.598	-0.603	-0.612	-0.587	-0.603	-0.603	-0.600	-0.598	-0.605	-0.598	-0.596	-0.599	-0.577	-0.598	-0.570	-0.561	-0.597	-0.586	-0.640	-0.782	-0.700	-0.782	-0.709	-0.783	-0.709	-0.684	-0.711	-0.658	-0.653	-0.645	-0.782	-0.720	-0.762	-0.649	-0.678	-0.682	-0.648	-0.733	-0.648	-0.779	-0.783	-0.710	-0.427	-0.394	-0.414	-0.419	-0.515	-0.525	-0.499	-0.502	-0.502	-0.502	-0.488	-0.399	-0.503	-0.377	-0.495	-0.495	-0.424	-0.515	-0.523	-0.418	-0.388	-0.413	-0.502	-0.505	-0.506	-0.506	-0.539	-0.509	-0.424	-0.511	-0.511	-0.434	-0.450	-0.458	-0.463	-0.469	-0.489	-0.453	-0.567	-0.472	-0.478	-0.496	-0.567	-0.456	-0.559	-0.453	-0.558	-0.444	-0.451	-0.558	-0.456	-0.554	-0.443	-0.557	-0.558	-0.560	-0.461	-0.456	-0.447	-0.502	-0.473	
rs7265455      -0.786	-0.783	-0.789	-0.775	-0.768	-0.682	-0.745	-0.737	-0.406	-0.377	-0.286	-0.483	-0.482	-0.504	-0.447	-0.452	-0.458	-0.488	-0.622	-0.627	-0.629	-0.602	-0.618	-0.623	-0.632	-0.607	-0.624	-0.623	-0.620	-0.618	-0.625	-0.618	-0.617	-0.619	-0.597	-0.618	-0.584	-0.576	-0.618	-0.606	-0.656	-0.802	-0.718	-0.802	-0.727	-0.803	-0.728	-0.701	-0.730	-0.678	-0.674	-0.666	-0.802	-0.739	-0.781	-0.670	-0.694	-0.699	-0.670	-0.752	-0.669	-0.799	-0.802	-0.728	-0.448	-0.415	-0.435	-0.440	-0.536	-0.546	-0.520	-0.523	-0.523	-0.523	-0.509	-0.420	-0.523	-0.398	-0.516	-0.516	-0.445	-0.536	-0.543	-0.439	-0.409	-0.434	-0.523	-0.526	-0.526	-0.527	-0.559	-0.529	-0.445	-0.531	-0.532	-0.455	-0.471	-0.478	-0.483	-0.489	-0.509	-0.473	-0.587	-0.492	-0.498	-0.516	-0.587	-0.477	-0.579	-0.473	-0.578	-0.465	-0.471	-0.578	-0.477	-0.574	-0.463	-0.577	-0.578	-0.580	-0.481	-0.476	-0.468	-0.522	-0.493	
rs6027252      -0.454	-0.354	-0.641	-0.666	-0.492	-0.660	-0.082	-0.023	-0.478	-0.468	-0.483	-0.227	-0.334	-0.398	-0.408	-0.412	-0.420	-0.328	-0.530	-0.550	-0.551	-0.557	-0.565	-0.566	-0.558	-0.560	-0.564	-0.564	-0.564	-0.562	-0.563	-0.562	-0.562	-0.562	-0.554	-0.563	-0.511	-0.501	-0.563	-0.554	-0.597	-0.731	-0.678	-0.730	-0.684	-0.732	-0.685	-0.643	-0.686	-0.645	-0.644	-0.642	-0.735	-0.693	-0.708	-0.643	-0.636	-0.640	-0.643	-0.701	-0.642	-0.720	-0.726	-0.628	-0.385	-0.352	-0.372	-0.378	-0.472	-0.482	-0.456	-0.459	-0.459	-0.459	-0.445	-0.358	-0.459	-0.336	-0.452	-0.452	-0.382	-0.472	-0.479	-0.376	-0.346	-0.371	-0.459	-0.462	-0.462	-0.463	-0.494	-0.465	-0.382	-0.467	-0.467	-0.391	-0.407	-0.415	-0.419	-0.424	-0.445	-0.409	-0.521	-0.428	-0.433	-0.451	-0.521	-0.412	-0.513	-0.409	-0.513	-0.401	-0.406	-0.512	-0.412	-0.508	-0.399	-0.511	-0.512	-0.514	-0.416	-0.411	-0.403	-0.456	-0.428	
rs6027253      -0.454	-0.354	-0.641	-0.666	-0.492	-0.660	-0.082	-0.023	-0.478	-0.468	-0.482	-0.334	-0.226	-0.398	-0.408	-0.412	-0.420	-0.328	-0.530	-0.550	-0.551	-0.557	-0.565	-0.566	-0.558	-0.560	-0.564	-0.564	-0.564	-0.562	-0.563	-0.562	-0.562	-0.562	-0.554	-0.563	-0.511	-0.501	-0.563	-0.554	-0.597	-0.731	-0.678	-0.730	-0.684	-0.732	-0.685	-0.643	-0.686	-0.645	-0.644	-0.642	-0.735	-0.693	-0.708	-0.643	-0.636	-0.640	-0.643	-0.701	-0.642	-0.720	-0.726	-0.628	-0.385	-0.352	-0.372	-0.378	-0.472	-0.482	-0.456	-0.459	-0.459	-0.459	-0.445	-0.358	-0.459	-0.336	-0.452	-0.452	-0.382	-0.471	-0.479	-0.376	-0.346	-0.371	-0.459	-0.462	-0.462	-0.463	-0.494	-0.465	-0.382	-0.467	-0.467	-0.391	-0.407	-0.415	-0.419	-0.424	-0.444	-0.409	-0.521	-0.428	-0.433	-0.451	-0.521	-0.412	-0.513	-0.409	-0.513	-0.400	-0.406	-0.512	-0.412	-0.508	-0.398	-0.511	-0.512	-0.514	-0.416	-0.411	-0.403	-0.456	-0.428	
rs8184882      -0.459	-0.355	-0.656	-0.682	-0.497	-0.681	-0.043	+0.022	-0.500	-0.490	-0.504	-0.398	-0.398	-0.251	-0.403	-0.408	-0.418	-0.354	-0.553	-0.573	-0.574	-0.580	-0.588	-0.588	-0.581	-0.582	-0.587	-0.587	-0.587	-0.585	-0.586	-0.585	-0.585	-0.585	-0.577	-0.585	-0.534	-0.524	-0.585	-0.577	-0.620	-0.753	-0.700	-0.752	-0.706	-0.755	-0.707	-0.666	-0.709	-0.667	-0.667	-0.664	-0.757	-0.715	-0.730	-0.665	-0.658	-0.663	-0.665	-0.724	-0.665	-0.743	-0.749	-0.651	-0.407	-0.375	-0.395	-0.400	-0.495	-0.504	-0.478	-0.482	-0.482	-0.482	-0.468	-0.380	-0.482	-0.358	-0.474	-0.475	-0.404	-0.494	-0.502	-0.399	-0.369	-0.393	-0.482	-0.484	-0.485	-0.485	-0.516	-0.488	-0.405	-0.490	-0.490	-0.414	-0.430	-0.437	-0.442	-0.447	-0.467	-0.431	-0.544	-0.450	-0.456	-0.474	-0.544	-0.435	-0.536	-0.431	-0.535	-0.423	-0.429	-0.535	-0.434	-0.531	-0.421	-0.534	-0.535	-0.537	-0.438	-0.434	-0.426	-0.479	-0.450	
rs6064880      -0.392	-0.287	-0.591	-0.619	-0.431	-0.621	+0.109	+0.173	-0.443	-0.432	-0.447	-0.408	-0.408	-0.403	-0.185	-0.294	-0.308	-0.259	-0.491	-0.511	-0.512	-0.517	-0.526	-0.527	-0.519	-0.520	-0.525	-0.525	-0.525	-0.523	-0.524	-0.523	-0.523	-0.523	-0.515	-0.523	-0.475	-0.465	-0.523	-0.515	-0.565	-0.690	-0.644	-0.689	-0.649	-0.692	-0.650	-0.609	-0.651	-0.606	-0.605	-0.602	-0.694	-0.657	-0.665	-0.604	-0.602	-0.606	-0.603	-0.665	-0.603	-0.678	-0.685	-0.584	-0.344	-0.311	-0.332	-0.337	-0.433	-0.444	-0.418	-0.421	-0.421	-0.421	-0.407	-0.317	-0.421	-0.295	-0.414	-0.414	-0.341	-0.433	-0.440	-0.336	-0.306	-0.330	-0.421	-0.424	-0.424	-0.425	-0.456	-0.427	-0.342	-0.429	-0.429	-0.351	-0.367	-0.374	-0.378	-0.384	-0.404	-0.368	-0.483	-0.387	-0.393	-0.411	-0.483	-0.371	-0.474	-0.368	-0.474	-0.360	-0.366	-0.473	-0.371	-0.470	-0.358	-0.473	-0.474	-0.475	-0.375	-0.371	-0.363	-0.416	-0.387	
rs6064881      -0.401	-0.296	-0.598	-0.626	-0.439	-0.627	+0.093	+0.156	-0.449	-0.438	-0.452	-0.412	-0.412	-0.408	-0.294	-0.191	-0.313	-0.265	-0.498	-0.517	-0.518	-0.523	-0.532	-0.532	-0.526	-0.526	-0.531	-0.531	-0.531	-0.529	-0.530	-0.529	-0.529	-0.529	-0.520	-0.529	-0.480	-0.471	-0.529	-0.521	-0.570	-0.696	-0.649	-0.695	-0.655	-0.698	-0.656	-0.615	-0.657	-0.612	-0.611	-0.608	-0.700	-0.663	-0.671	-0.610	-0.607	-0.612	-0.609	-0.671	-0.609	-0.684	-0.691	-0.590	-0.350	-0.318	-0.338	-0.343	-0.440	-0.450	-0.424	-0.427	-0.427	-0.427	-0.413	-0.323	-0.427	-0.301	-0.420	-0.420	-0.347	-0.440	-0.447	-0.342	-0.312	-0.336	-0.427	-0.430	-0.430	-0.431	-0.462	-0.433	-0.348	-0.435	-0.435	-0.357	-0.373	-0.380	-0.384	-0.390	-0.410	-0.374	-0.489	-0.393	-0.399	-0.417	-0.489	-0.377	-0.481	-0.374	-0.480	-0.366	-0.372	-0.480	-0.377	-0.476	-0.364	-0.479	-0.480	-0.481	-0.381	-0.377	-0.369	-0.422	-0.393	
rs6015626      -0.417	-0.314	-0.609	-0.636	-0.456	-0.634	+0.047	+0.108	-0.454	-0.443	-0.458	-0.420	-0.420	-0.418	-0.308	-0.313	-0.198	-0.272	-0.504	-0.523	-0.525	-0.530	-0.539	-0.539	-0.532	-0.533	-0.538	-0.538	-0.538	-0.536	-0.537	-0.536	-0.535	-0.536	-0.527	-0.536	-0.487	-0.477	-0.536	-0.528	-0.577	-0.703	-0.656	-0.702	-0.662	-0.705	-0.662	-0.621	-0.664	-0.618	-0.618	-0.615	-0.707	-0.670	-0.678	-0.617	-0.614	-0.618	-0.616	-0.677	-0.616	-0.691	-0.698	-0.597	-0.357	-0.325	-0.345	-0.350	-0.447	-0.457	-0.431	-0.434	-0.434	-0.434	-0.420	-0.330	-0.434	-0.308	-0.427	-0.427	-0.354	-0.446	-0.453	-0.349	-0.319	-0.343	-0.434	-0.437	-0.437	-0.438	-0.469	-0.440	-0.355	-0.442	-0.442	-0.364	-0.380	-0.387	-0.392	-0.397	-0.417	-0.381	-0.496	-0.400	-0.406	-0.424	-0.496	-0.384	-0.487	-0.381	-0.487	-0.373	-0.379	-0.486	-0.384	-0.483	-0.371	-0.486	-0.487	-0.488	-0.388	-0.384	-0.376	-0.429	-0.400	
rs6092862      -0.751	-0.738	-0.739	-0.723	-0.751	-0.674	-0.726	-0.721	-0.481	-0.472	-0.488	-0.328	-0.328	-0.354	-0.259	-0.265	-0.272	-0.240	-0.522	-0.549	-0.551	-0.569	-0.575	-0.574	-0.561	-0.572	-0.571	-0.571	-0.573	-0.571	-0.570	-0.571	-0.571	-0.571	-0.568	-0.572	-0.526	-0.516	-0.572	-0.565	-0.566	-0.731	-0.521	-0.732	-0.536	-0.730	-0.538	-0.618	-0.542	-0.658	-0.658	-0.655	-0.726	-0.560	-0.677	-0.657	-0.608	-0.614	-0.656	-0.585	-0.656	-0.738	-0.737	-0.697	-0.387	-0.354	-0.374	-0.380	-0.479	-0.487	-0.460	-0.463	-0.464	-0.464	-0.449	-0.359	-0.464	-0.337	-0.457	-0.457	-0.385	-0.477	-0.486	-0.378	-0.347	-0.373	-0.464	-0.467	-0.467	-0.468	-0.503	-0.470	-0.384	-0.472	-0.473	-0.394	-0.411	-0.418	-0.423	-0.429	-0.451	-0.412	-0.530	-0.432	-0.438	-0.458	-0.530	-0.416	-0.522	-0.412	-0.521	-0.404	-0.410	-0.521	-0.416	-0.517	-0.402	-0.520	-0.521	-0.523	-0.420	-0.416	-0.407	-0.462	-0.433	
rs242788       -0.949	-0.924	-0.968	-0.967	-0.958	-0.832	-0.934	-0.930	-0.615	-0.602	-0.622	-0.530	-0.530	-0.553	-0.491	-0.498	-0.504	-0.522	-0.453	-0.574	-0.579	-0.391	-0.516	-0.539	-0.604	-0.439	-0.540	-0.539	-0.523	-0.512	-0.557	-0.514	-0.507	-0.526	-0.402	-0.526	-0.680	-0.665	-0.552	-0.534	-0.726	-0.951	-0.838	-0.950	-0.848	-0.952	-0.849	-0.789	-0.851	-0.863	-0.866	-0.867	-0.954	-0.863	-0.931	-0.866	-0.780	-0.787	-0.866	-0.880	-0.866	-0.942	-0.948	-0.854	-0.617	-0.586	-0.605	-0.610	-0.701	-0.711	-0.687	-0.690	-0.690	-0.690	-0.677	-0.592	-0.690	-0.571	-0.683	-0.684	-0.614	-0.702	-0.708	-0.609	-0.581	-0.604	-0.690	-0.692	-0.693	-0.693	-0.723	-0.696	-0.615	-0.697	-0.697	-0.623	-0.638	-0.645	-0.649	-0.654	-0.673	-0.638	-0.746	-0.657	-0.662	-0.679	-0.746	-0.642	-0.739	-0.639	-0.739	-0.631	-0.637	-0.738	-0.642	-0.735	-0.629	-0.737	-0.738	-0.739	-0.646	-0.642	-0.634	-0.683	-0.657	
rs242789       -0.955	-0.929	-0.977	-0.976	-0.966	-0.846	-0.942	-0.937	-0.620	-0.607	-0.627	-0.550	-0.550	-0.573	-0.511	-0.517	-0.523	-0.549	-0.574	-0.463	-0.615	-0.534	-0.602	-0.614	-0.639	-0.561	-0.614	-0.613	-0.605	-0.599	-0.622	-0.600	-0.596	-0.606	-0.537	-0.606	-0.682	-0.668	-0.620	-0.605	-0.745	-0.961	-0.849	-0.960	-0.859	-0.962	-0.860	-0.805	-0.862	-0.871	-0.874	-0.876	-0.964	-0.874	-0.940	-0.875	-0.797	-0.803	-0.875	-0.890	-0.875	-0.952	-0.958	-0.866	-0.625	-0.594	-0.613	-0.618	-0.710	-0.719	-0.695	-0.698	-0.698	-0.698	-0.685	-0.600	-0.698	-0.579	-0.691	-0.692	-0.622	-0.710	-0.717	-0.617	-0.589	-0.612	-0.698	-0.701	-0.701	-0.702	-0.731	-0.704	-0.623	-0.705	-0.706	-0.631	-0.646	-0.653	-0.657	-0.662	-0.681	-0.646	-0.755	-0.665	-0.670	-0.688	-0.755	-0.650	-0.747	-0.647	-0.747	-0.639	-0.645	-0.746	-0.650	-0.743	-0.637	-0.746	-0.747	-0.747	-0.654	-0.650	-0.642	-0.691	-0.665	
rs242790       -0.957	-0.930	-0.978	-0.977	-0.967	-0.847	-0.943	-0.939	-0.621	-0.609	-0.629	-0.551	-0.551	-0.574	-0.512	-0.518	-0.525	-0.551	-0.579	-0.615	-0.464	-0.473	-0.571	-0.586	-0.620	-0.510	-0.587	-0.586	-0.573	-0.566	-0.597	-0.567	-0.563	-0.574	-0.476	-0.577	-0.684	-0.669	-0.601	-0.586	-0.745	-0.962	-0.851	-0.961	-0.860	-0.963	-0.862	-0.806	-0.863	-0.872	-0.875	-0.877	-0.965	-0.875	-0.942	-0.876	-0.797	-0.804	-0.876	-0.892	-0.876	-0.953	-0.959	-0.867	-0.626	-0.596	-0.615	-0.620	-0.711	-0.720	-0.696	-0.699	-0.699	-0.699	-0.686	-0.601	-0.700	-0.580	-0.693	-0.693	-0.624	-0.711	-0.718	-0.619	-0.590	-0.613	-0.700	-0.702	-0.702	-0.703	-0.732	-0.705	-0.624	-0.707	-0.707	-0.632	-0.648	-0.655	-0.658	-0.663	-0.682	-0.648	-0.756	-0.666	-0.672	-0.689	-0.756	-0.651	-0.749	-0.648	-0.748	-0.640	-0.646	-0.748	-0.651	-0.744	-0.638	-0.747	-0.748	-0.749	-0.655	-0.651	-0.643	-0.693	-0.667	
rs242792       -0.933	-0.903	-0.960	-0.959	-0.947	-0.838	-0.922	-0.916	-0.594	-0.581	-0.602	-0.557	-0.557	-0.580	-0.517	-0.523	-0.530	-0.569	-0.391	-0.534	-0.473	-0.444	-0.590	-0.584	-0.466	-0.582	-0.568	-0.569	-0.580	-0.585	-0.570	-0.585	-0.587	-0.587	-0.583	-0.591	-0.650	-0.635	-0.614	-0.613	-0.747	-0.945	-0.837	-0.944	-0.847	-0.946	-0.848	-0.803	-0.849	-0.851	-0.855	-0.858	-0.947	-0.861	-0.924	-0.856	-0.795	-0.802	-0.856	-0.877	-0.856	-0.938	-0.943	-0.856	-0.605	-0.574	-0.593	-0.598	-0.690	-0.699	-0.675	-0.678	-0.678	-0.678	-0.665	-0.579	-0.679	-0.558	-0.672	-0.672	-0.602	-0.690	-0.697	-0.597	-0.568	-0.592	-0.678	-0.681	-0.681	-0.682	-0.712	-0.684	-0.603	-0.686	-0.686	-0.611	-0.627	-0.634	-0.637	-0.642	-0.662	-0.627	-0.736	-0.645	-0.651	-0.668	-0.736	-0.630	-0.729	-0.627	-0.728	-0.619	-0.625	-0.728	-0.630	-0.724	-0.617	-0.727	-0.728	-0.729	-0.634	-0.630	-0.622	-0.672	-0.646	
rs242793       -0.948	-0.919	-0.973	-0.972	-0.961	-0.850	-0.936	-0.931	-0.611	-0.598	-0.618	-0.565	-0.565	-0.588	-0.526	-0.532	-0.539	-0.575	-0.516	-0.602	-0.571	-0.590	-0.459	-0.584	-0.540	-0.578	-0.595	-0.595	-0.595	-0.602	-0.598	-0.602	-0.602	-0.602	-0.571	-0.607	-0.667	-0.652	-0.625	-0.620	-0.756	-0.958	-0.849	-0.957	-0.859	-0.959	-0.860	-0.813	-0.861	-0.865	-0.869	-0.871	-0.960	-0.873	-0.937	-0.870	-0.805	-0.812	-0.870	-0.889	-0.870	-0.950	-0.956	-0.868	-0.619	-0.589	-0.608	-0.613	-0.704	-0.713	-0.688	-0.691	-0.691	-0.692	-0.678	-0.594	-0.692	-0.573	-0.685	-0.685	-0.617	-0.704	-0.711	-0.611	-0.583	-0.606	-0.692	-0.694	-0.695	-0.695	-0.725	-0.698	-0.617	-0.699	-0.700	-0.626	-0.641	-0.648	-0.652	-0.657	-0.676	-0.641	-0.750	-0.660	-0.665	-0.683	-0.750	-0.645	-0.742	-0.641	-0.742	-0.634	-0.639	-0.741	-0.644	-0.738	-0.632	-0.740	-0.741	-0.742	-0.649	-0.645	-0.637	-0.686	-0.660	
rs242794       -0.953	-0.924	-0.977	-0.976	-0.966	-0.852	-0.940	-0.935	-0.616	-0.603	-0.623	-0.566	-0.566	-0.588	-0.527	-0.532	-0.539	-0.574	-0.539	-0.614	-0.586	-0.584	-0.584	-0.463	-0.558	-0.569	-0.595	-0.595	-0.591	-0.599	-0.602	-0.599	-0.598	-0.600	-0.559	-0.604	-0.673	-0.658	-0.623	-0.617	-0.757	-0.962	-0.853	-0.961	-0.862	-0.963	-0.863	-0.815	-0.865	-0.870	-0.873	-0.875	-0.964	-0.877	-0.941	-0.874	-0.807	-0.813	-0.874	-0.893	-0.874	-0.954	-0.959	-0.871	-0.624	-0.593	-0.612	-0.617	-0.708	-0.717	-0.693	-0.696	-0.696	-0.696	-0.683	-0.598	-0.696	-0.578	-0.690	-0.690	-0.621	-0.708	-0.715	-0.616	-0.588	-0.611	-0.696	-0.699	-0.699	-0.700	-0.730	-0.702	-0.622	-0.704	-0.704	-0.630	-0.646	-0.652	-0.656	-0.661	-0.680	-0.646	-0.754	-0.664	-0.669	-0.687	-0.754	-0.649	-0.746	-0.646	-0.746	-0.638	-0.644	-0.745	-0.649	-0.742	-0.636	-0.745	-0.746	-0.747	-0.653	-0.649	-0.641	-0.691	-0.665	
rs242795       -0.960	-0.933	-0.982	-0.981	-0.971	-0.852	-0.946	-0.942	-0.624	-0.612	-0.632	-0.558	-0.558	-0.581	-0.519	-0.526	-0.532	-0.561	-0.604	-0.639	-0.620	-0.466	-0.540	-0.558	-0.468	-0.399	-0.542	-0.541	-0.527	-0.511	-0.567	-0.510	-0.501	-0.532	-0.336	-0.536	-0.685	-0.670	-0.581	-0.568	-0.752	-0.966	-0.855	-0.965	-0.865	-0.967	-0.866	-0.812	-0.868	-0.875	-0.879	-0.881	-0.969	-0.879	-0.945	-0.879	-0.803	-0.810	-0.879	-0.896	-0.879	-0.957	-0.963	-0.872	-0.630	-0.599	-0.618	-0.623	-0.714	-0.724	-0.700	-0.703	-0.703	-0.703	-0.690	-0.604	-0.703	-0.584	-0.696	-0.697	-0.627	-0.715	-0.721	-0.622	-0.594	-0.617	-0.703	-0.705	-0.706	-0.706	-0.736	-0.709	-0.627	-0.710	-0.710	-0.636	-0.651	-0.658	-0.662	-0.667	-0.686	-0.651	-0.760	-0.670	-0.675	-0.692	-0.760	-0.655	-0.752	-0.652	-0.752	-0.644	-0.649	-0.751	-0.654	-0.748	-0.642	-0.750	-0.751	-0.752	-0.659	-0.655	-0.647	-0.696	-0.670	
rs242796       -0.937	-0.907	-0.963	-0.962	-0.951	-0.842	-0.925	-0.920	-0.599	-0.587	-0.607	-0.560	-0.560	-0.582	-0.520	-0.526	-0.533	-0.572	-0.439	-0.561	-0.510	-0.582	-0.578	-0.569	-0.399	-0.448	-0.550	-0.551	-0.560	-0.576	-0.557	-0.576	-0.578	-0.574	-0.567	-0.581	-0.654	-0.639	-0.607	-0.607	-0.750	-0.948	-0.841	-0.948	-0.850	-0.949	-0.851	-0.806	-0.853	-0.855	-0.859	-0.861	-0.951	-0.864	-0.927	-0.860	-0.798	-0.805	-0.860	-0.880	-0.860	-0.941	-0.946	-0.859	-0.609	-0.578	-0.597	-0.602	-0.693	-0.702	-0.678	-0.681	-0.681	-0.681	-0.668	-0.583	-0.682	-0.562	-0.675	-0.675	-0.606	-0.693	-0.700	-0.601	-0.572	-0.596	-0.681	-0.684	-0.684	-0.685	-0.715	-0.687	-0.607	-0.689	-0.689	-0.615	-0.631	-0.637	-0.641	-0.646	-0.666	-0.631	-0.740	-0.649	-0.655	-0.672	-0.740	-0.634	-0.732	-0.631	-0.732	-0.623	-0.629	-0.731	-0.634	-0.727	-0.621	-0.730	-0.731	-0.732	-0.638	-0.634	-0.626	-0.676	-0.650	
rs242798       -0.953	-0.924	-0.977	-0.976	-0.965	-0.851	-0.940	-0.935	-0.616	-0.603	-0.624	-0.564	-0.564	-0.587	-0.525	-0.531	-0.538	-0.571	-0.540	-0.614	-0.587	-0.568	-0.595	-0.595	-0.542	-0.550	-0.463	-0.581	-0.582	-0.584	-0.591	-0.584	-0.582	-0.588	-0.532	-0.590	-0.674	-0.659	-0.612	-0.606	-0.756	-0.961	-0.852	-0.961	-0.862	-0.962	-0.863	-0.814	-0.864	-0.869	-0.873	-0.875	-0.964	-0.876	-0.941	-0.874	-0.805	-0.812	-0.874	-0.892	-0.874	-0.953	-0.959	-0.870	-0.624	-0.593	-0.612	-0.617	-0.708	-0.717	-0.693	-0.696	-0.696	-0.696	-0.683	-0.598	-0.697	-0.577	-0.690	-0.690	-0.621	-0.708	-0.715	-0.616	-0.587	-0.611	-0.697	-0.699	-0.699	-0.700	-0.730	-0.702	-0.621	-0.704	-0.704	-0.630	-0.645	-0.652	-0.656	-0.661	-0.680	-0.645	-0.754	-0.664	-0.669	-0.687	-0.754	-0.649	-0.746	-0.646	-0.746	-0.638	-0.644	-0.745	-0.649	-0.742	-0.636	-0.745	-0.746	-0.746	-0.653	-0.649	-0.641	-0.690	-0.665	
rs242800       -0.953	-0.924	-0.976	-0.976	-0.965	-0.851	-0.940	-0.935	-0.616	-0.603	-0.623	-0.564	-0.564	-0.587	-0.525	-0.531	-0.538	-0.571	-0.539	-0.613	-0.586	-0.569	-0.595	-0.595	-0.541	-0.551	-0.581	-0.462	-0.582	-0.584	-0.591	-0.584	-0.582	-0.588	-0.533	-0.590	-0.673	-0.659	-0.612	-0.606	-0.756	-0.961	-0.852	-0.960	-0.862	-0.962	-0.863	-0.814	-0.864	-0.869	-0.873	-0.875	-0.964	-0.876	-0.941	-0.874	-0.805	-0.812	-0.873	-0.892	-0.874	-0.953	-0.959	-0.870	-0.624	-0.593	-0.612	-0.617	-0.708	-0.717	-0.693	-0.696	-0.696	-0.696	-0.683	-0.598	-0.697	-0.577	-0.690	-0.690	-0.621	-0.708	-0.715	-0.616	-0.587	-0.611	-0.696	-0.699	-0.699	-0.700	-0.730	-0.702	-0.621	-0.704	-0.704	-0.630	-0.645	-0.652	-0.656	-0.661	-0.680	-0.645	-0.754	-0.664	-0.669	-0.687	-0.754	-0.649	-0.746	-0.645	-0.746	-0.638	-0.643	-0.745	-0.648	-0.742	-0.636	-0.744	-0.745	-0.746	-0.653	-0.649	-0.641	-0.690	-0.664	
rs242801       -0.950	-0.921	-0.974	-0.973	-0.963	-0.850	-0.937	-0.932	-0.613	-0.600	-0.620	-0.564	-0.564	-0.587	-0.525	-0.531	-0.538	-0.573	-0.523	-0.605	-0.573	-0.580	-0.595	-0.591	-0.527	-0.560	-0.582	-0.582	-0.460	-0.589	-0.590	-0.589	-0.588	-0.589	-0.547	-0.594	-0.670	-0.655	-0.615	-0.610	-0.755	-0.959	-0.850	-0.958	-0.860	-0.960	-0.861	-0.813	-0.863	-0.867	-0.870	-0.873	-0.961	-0.874	-0.938	-0.871	-0.805	-0.811	-0.871	-0.890	-0.871	-0.951	-0.957	-0.868	-0.621	-0.590	-0.609	-0.614	-0.706	-0.715	-0.690	-0.693	-0.694	-0.694	-0.680	-0.596	-0.694	-0.575	-0.687	-0.687	-0.619	-0.706	-0.713	-0.613	-0.585	-0.608	-0.694	-0.696	-0.697	-0.697	-0.727	-0.700	-0.619	-0.701	-0.702	-0.627	-0.643	-0.650	-0.653	-0.658	-0.678	-0.643	-0.751	-0.661	-0.667	-0.684	-0.751	-0.646	-0.744	-0.643	-0.743	-0.635	-0.641	-0.743	-0.646	-0.739	-0.633	-0.742	-0.743	-0.744	-0.650	-0.646	-0.638	-0.688	-0.662	
rs242802       -0.947	-0.918	-0.972	-0.971	-0.960	-0.848	-0.935	-0.929	-0.610	-0.598	-0.618	-0.562	-0.562	-0.585	-0.523	-0.529	-0.536	-0.571	-0.512	-0.599	-0.566	-0.585	-0.602	-0.599	-0.511	-0.576	-0.584	-0.584	-0.589	-0.457	-0.574	-0.577	-0.576	-0.580	-0.542	-0.583	-0.667	-0.652	-0.606	-0.604	-0.754	-0.957	-0.848	-0.956	-0.858	-0.958	-0.859	-0.811	-0.860	-0.864	-0.868	-0.870	-0.959	-0.872	-0.936	-0.869	-0.803	-0.809	-0.869	-0.888	-0.869	-0.949	-0.955	-0.866	-0.619	-0.588	-0.607	-0.612	-0.703	-0.712	-0.688	-0.691	-0.691	-0.691	-0.678	-0.593	-0.692	-0.572	-0.685	-0.685	-0.616	-0.703	-0.710	-0.611	-0.582	-0.606	-0.692	-0.694	-0.694	-0.695	-0.725	-0.697	-0.616	-0.699	-0.699	-0.625	-0.640	-0.647	-0.651	-0.656	-0.675	-0.640	-0.749	-0.659	-0.664	-0.682	-0.749	-0.644	-0.741	-0.641	-0.741	-0.633	-0.638	-0.741	-0.643	-0.737	-0.631	-0.740	-0.741	-0.741	-0.648	-0.644	-0.636	-0.685	-0.659	
rs242803       -0.954	-0.925	-0.977	-0.976	-0.966	-0.851	-0.941	-0.936	-0.617	-0.605	-0.625	-0.563	-0.563	-0.586	-0.524	-0.530	-0.537	-0.570	-0.557	-0.622	-0.597	-0.570	-0.598	-0.602	-0.567	-0.557	-0.591	-0.591	-0.590	-0.574	-0.463	-0.575	-0.571	-0.579	-0.500	-0.581	-0.675	-0.660	-0.605	-0.599	-0.755	-0.962	-0.853	-0.961	-0.862	-0.963	-0.863	-0.813	-0.865	-0.870	-0.874	-0.876	-0.964	-0.876	-0.941	-0.874	-0.805	-0.812	-0.874	-0.893	-0.874	-0.954	-0.959	-0.870	-0.624	-0.594	-0.613	-0.618	-0.709	-0.718	-0.694	-0.697	-0.697	-0.697	-0.684	-0.599	-0.698	-0.578	-0.691	-0.691	-0.622	-0.709	-0.716	-0.617	-0.588	-0.612	-0.698	-0.700	-0.700	-0.701	-0.731	-0.703	-0.622	-0.705	-0.705	-0.631	-0.646	-0.653	-0.657	-0.661	-0.681	-0.646	-0.755	-0.665	-0.670	-0.687	-0.755	-0.650	-0.747	-0.646	-0.747	-0.639	-0.644	-0.746	-0.649	-0.743	-0.637	-0.745	-0.746	-0.747	-0.654	-0.650	-0.642	-0.691	-0.665	
rs242805       -0.947	-0.918	-0.972	-0.971	-0.960	-0.848	-0.935	-0.930	-0.610	-0.598	-0.618	-0.562	-0.562	-0.585	-0.523	-0.529	-0.536	-0.571	-0.514	-0.600	-0.567	-0.585	-0.602	-0.599	-0.510	-0.576	-0.584	-0.584	-0.589	-0.577	-0.575	-0.457	-0.575	-0.579	-0.539	-0.582	-0.667	-0.652	-0.604	-0.601	-0.754	-0.957	-0.848	-0.956	-0.858	-0.958	-0.859	-0.811	-0.860	-0.864	-0.868	-0.870	-0.959	-0.872	-0.936	-0.869	-0.803	-0.809	-0.869	-0.888	-0.869	-0.949	-0.955	-0.866	-0.619	-0.588	-0.607	-0.612	-0.703	-0.712	-0.688	-0.691	-0.691	-0.691	-0.678	-0.593	-0.692	-0.572	-0.685	-0.685	-0.616	-0.703	-0.710	-0.611	-0.582	-0.606	-0.692	-0.694	-0.694	-0.695	-0.725	-0.697	-0.616	-0.699	-0.699	-0.625	-0.640	-0.647	-0.651	-0.656	-0.675	-0.640	-0.749	-0.659	-0.664	-0.682	-0.749	-0.644	-0.741	-0.641	-0.741	-0.633	-0.639	-0.741	-0.644	-0.737	-0.631	-0.740	-0.741	-0.742	-0.648	-0.644	-0.636	-0.685	-0.660	
rs242806       -0.946	-0.917	-0.971	-0.970	-0.959	-0.847	-0.933	-0.928	-0.609	-0.596	-0.617	-0.562	-0.562	-0.585	-0.523	-0.529	-0.535	-0.571	-0.507	-0.596	-0.563	-0.587	-0.602	-0.598	-0.501	-0.578	-0.582	-0.582	-0.588	-0.576	-0.571	-0.575	-0.456	-0.577	-0.542	-0.580	-0.665	-0.650	-0.602	-0.600	-0.753	-0.956	-0.847	-0.955	-0.857	-0.957	-0.858	-0.810	-0.859	-0.863	-0.867	-0.869	-0.958	-0.871	-0.935	-0.868	-0.802	-0.809	-0.868	-0.887	-0.868	-0.948	-0.953	-0.865	-0.617	-0.587	-0.606	-0.611	-0.702	-0.711	-0.687	-0.690	-0.690	-0.690	-0.677	-0.592	-0.690	-0.571	-0.684	-0.684	-0.615	-0.702	-0.709	-0.609	-0.581	-0.604	-0.690	-0.693	-0.693	-0.694	-0.724	-0.696	-0.615	-0.698	-0.698	-0.624	-0.639	-0.646	-0.650	-0.654	-0.674	-0.639	-0.748	-0.658	-0.663	-0.681	-0.748	-0.643	-0.740	-0.639	-0.740	-0.632	-0.637	-0.739	-0.642	-0.736	-0.630	-0.739	-0.739	-0.740	-0.647	-0.643	-0.635	-0.684	-0.658	
rs242808       -0.948	-0.919	-0.973	-0.972	-0.961	-0.848	-0.935	-0.930	-0.611	-0.599	-0.619	-0.562	-0.562	-0.585	-0.523	-0.529	-0.536	-0.571	-0.526	-0.606	-0.574	-0.587	-0.602	-0.600	-0.532	-0.574	-0.588	-0.588	-0.589	-0.580	-0.579	-0.579	-0.577	-0.458	-0.528	-0.583	-0.668	-0.653	-0.602	-0.599	-0.754	-0.957	-0.849	-0.957	-0.858	-0.959	-0.859	-0.811	-0.861	-0.865	-0.869	-0.871	-0.960	-0.873	-0.937	-0.870	-0.803	-0.810	-0.870	-0.889	-0.870	-0.950	-0.955	-0.867	-0.619	-0.589	-0.608	-0.613	-0.704	-0.713	-0.689	-0.692	-0.692	-0.692	-0.679	-0.594	-0.693	-0.573	-0.686	-0.686	-0.617	-0.704	-0.711	-0.612	-0.583	-0.606	-0.692	-0.695	-0.695	-0.696	-0.726	-0.698	-0.617	-0.700	-0.700	-0.626	-0.641	-0.648	-0.652	-0.657	-0.676	-0.641	-0.750	-0.660	-0.665	-0.683	-0.750	-0.645	-0.742	-0.641	-0.742	-0.634	-0.639	-0.741	-0.644	-0.738	-0.632	-0.741	-0.742	-0.742	-0.649	-0.645	-0.637	-0.686	-0.660	
rs242809       -0.927	-0.897	-0.954	-0.953	-0.942	-0.834	-0.916	-0.910	-0.589	-0.577	-0.597	-0.554	-0.554	-0.577	-0.515	-0.520	-0.527	-0.568	-0.402	-0.537	-0.476	-0.583	-0.571	-0.559	-0.336	-0.567	-0.532	-0.533	-0.547	-0.542	-0.500	-0.539	-0.542	-0.528	-0.437	-0.544	-0.643	-0.628	-0.577	-0.585	-0.744	-0.939	-0.832	-0.939	-0.842	-0.940	-0.843	-0.799	-0.844	-0.846	-0.849	-0.852	-0.942	-0.856	-0.919	-0.850	-0.791	-0.798	-0.850	-0.872	-0.850	-0.932	-0.938	-0.851	-0.599	-0.568	-0.587	-0.592	-0.684	-0.693	-0.669	-0.672	-0.672	-0.672	-0.659	-0.574	-0.672	-0.553	-0.665	-0.666	-0.597	-0.684	-0.691	-0.591	-0.563	-0.586	-0.672	-0.675	-0.675	-0.676	-0.706	-0.678	-0.597	-0.680	-0.680	-0.606	-0.621	-0.628	-0.632	-0.637	-0.656	-0.621	-0.730	-0.640	-0.645	-0.663	-0.730	-0.625	-0.723	-0.621	-0.722	-0.614	-0.619	-0.722	-0.624	-0.718	-0.612	-0.721	-0.722	-0.723	-0.629	-0.625	-0.617	-0.667	-0.641	
rs242810       -0.948	-0.918	-0.972	-0.971	-0.961	-0.848	-0.935	-0.930	-0.611	-0.598	-0.618	-0.563	-0.563	-0.585	-0.523	-0.529	-0.536	-0.572	-0.526	-0.606	-0.577	-0.591	-0.607	-0.604	-0.536	-0.581	-0.590	-0.590	-0.594	-0.583	-0.581	-0.582	-0.580	-0.583	-0.544	-0.458	-0.667	-0.652	-0.603	-0.600	-0.754	-0.957	-0.849	-0.956	-0.858	-0.958	-0.859	-0.811	-0.861	-0.865	-0.868	-0.871	-0.960	-0.872	-0.936	-0.869	-0.803	-0.810	-0.869	-0.888	-0.869	-0.950	-0.955	-0.867	-0.619	-0.588	-0.607	-0.612	-0.704	-0.713	-0.689	-0.692	-0.692	-0.692	-0.679	-0.594	-0.692	-0.573	-0.685	-0.686	-0.617	-0.704	-0.711	-0.611	-0.583	-0.606	-0.692	-0.695	-0.695	-0.696	-0.725	-0.698	-0.617	-0.699	-0.700	-0.625	-0.641	-0.648	-0.651	-0.656	-0.676	-0.641	-0.750	-0.659	-0.665	-0.682	-0.750	-0.644	-0.742	-0.641	-0.742	-0.633	-0.639	-0.741	-0.644	-0.737	-0.631	-0.740	-0.741	-0.742	-0.648	-0.644	-0.636	-0.686	-0.660	
rs34566938     -0.859	-0.842	-0.869	-0.863	-0.858	-0.771	-0.821	-0.814	-0.580	-0.570	-0.584	-0.511	-0.511	-0.534	-0.475	-0.480	-0.487	-0.526	-0.680	-0.682	-0.684	-0.650	-0.667	-0.673	-0.685	-0.654	-0.674	-0.673	-0.670	-0.667	-0.675	-0.667	-0.665	-0.668	-0.643	-0.667	-0.349	-0.467	-0.667	-0.655	-0.699	-0.845	-0.782	-0.845	-0.789	-0.844	-0.790	-0.741	-0.791	-0.473	-0.441	-0.399	-0.842	-0.800	-0.831	-0.425	-0.734	-0.738	-0.422	-0.811	-0.419	-0.847	-0.850	-0.793	-0.504	-0.471	-0.491	-0.496	-0.593	-0.602	-0.576	-0.580	-0.580	-0.580	-0.566	-0.476	-0.580	-0.454	-0.573	-0.573	-0.501	-0.593	-0.600	-0.495	-0.465	-0.490	-0.580	-0.583	-0.583	-0.584	-0.614	-0.586	-0.501	-0.588	-0.588	-0.510	-0.527	-0.534	-0.538	-0.544	-0.564	-0.528	-0.643	-0.547	-0.553	-0.571	-0.643	-0.531	-0.634	-0.527	-0.634	-0.519	-0.525	-0.633	-0.531	-0.629	-0.517	-0.633	-0.634	-0.635	-0.535	-0.531	-0.522	-0.577	-0.548	
rs35835192     -0.845	-0.829	-0.855	-0.849	-0.844	-0.759	-0.805	-0.798	-0.572	-0.561	-0.576	-0.501	-0.501	-0.524	-0.465	-0.471	-0.477	-0.516	-0.665	-0.668	-0.669	-0.635	-0.652	-0.658	-0.670	-0.639	-0.659	-0.659	-0.655	-0.652	-0.660	-0.652	-0.650	-0.653	-0.628	-0.652	-0.467	-0.334	-0.652	-0.639	-0.691	-0.829	-0.770	-0.830	-0.777	-0.829	-0.778	-0.730	-0.779	-0.404	-0.363	-0.313	-0.826	-0.788	-0.816	-0.344	-0.724	-0.727	-0.341	-0.799	-0.337	-0.832	-0.835	-0.780	-0.488	-0.456	-0.476	-0.481	-0.578	-0.587	-0.561	-0.565	-0.565	-0.565	-0.551	-0.461	-0.565	-0.439	-0.557	-0.558	-0.486	-0.578	-0.585	-0.480	-0.449	-0.474	-0.565	-0.568	-0.568	-0.569	-0.599	-0.571	-0.486	-0.573	-0.573	-0.495	-0.511	-0.519	-0.523	-0.529	-0.549	-0.512	-0.628	-0.532	-0.538	-0.556	-0.628	-0.516	-0.620	-0.512	-0.619	-0.504	-0.510	-0.619	-0.516	-0.615	-0.502	-0.618	-0.619	-0.621	-0.520	-0.516	-0.507	-0.562	-0.533	
rs242812       -0.947	-0.918	-0.971	-0.971	-0.960	-0.848	-0.934	-0.929	-0.610	-0.597	-0.618	-0.563	-0.563	-0.585	-0.523	-0.529	-0.536	-0.572	-0.552	-0.620	-0.601	-0.614	-0.625	-0.623	-0.581	-0.607	-0.612	-0.612	-0.615	-0.606	-0.605	-0.604	-0.602	-0.602	-0.577	-0.603	-0.667	-0.652	-0.457	-0.591	-0.754	-0.956	-0.848	-0.956	-0.857	-0.957	-0.859	-0.811	-0.860	-0.864	-0.867	-0.870	-0.959	-0.872	-0.936	-0.868	-0.803	-0.809	-0.868	-0.888	-0.868	-0.949	-0.954	-0.866	-0.618	-0.588	-0.606	-0.611	-0.703	-0.712	-0.688	-0.691	-0.691	-0.691	-0.678	-0.593	-0.691	-0.572	-0.684	-0.685	-0.616	-0.703	-0.710	-0.610	-0.582	-0.605	-0.691	-0.694	-0.694	-0.695	-0.725	-0.697	-0.616	-0.699	-0.699	-0.625	-0.640	-0.647	-0.650	-0.655	-0.675	-0.640	-0.749	-0.659	-0.664	-0.681	-0.749	-0.643	-0.741	-0.640	-0.741	-0.632	-0.638	-0.740	-0.643	-0.737	-0.631	-0.739	-0.740	-0.741	-0.647	-0.643	-0.635	-0.685	-0.659	
rs242813       -0.936	-0.906	-0.961	-0.960	-0.949	-0.838	-0.923	-0.918	-0.598	-0.586	-0.606	-0.554	-0.554	-0.577	-0.515	-0.521	-0.528	-0.565	-0.534	-0.605	-0.586	-0.613	-0.620	-0.617	-0.568	-0.607	-0.606	-0.606	-0.610	-0.604	-0.599	-0.601	-0.600	-0.599	-0.585	-0.600	-0.655	-0.639	-0.591	-0.445	-0.745	-0.946	-0.838	-0.945	-0.847	-0.947	-0.848	-0.802	-0.850	-0.853	-0.856	-0.859	-0.948	-0.862	-0.925	-0.857	-0.794	-0.800	-0.857	-0.877	-0.857	-0.938	-0.944	-0.856	-0.607	-0.576	-0.595	-0.600	-0.692	-0.701	-0.676	-0.680	-0.680	-0.680	-0.667	-0.581	-0.680	-0.560	-0.673	-0.673	-0.604	-0.692	-0.699	-0.599	-0.570	-0.594	-0.680	-0.682	-0.683	-0.683	-0.713	-0.686	-0.605	-0.687	-0.688	-0.613	-0.629	-0.635	-0.639	-0.644	-0.663	-0.629	-0.738	-0.647	-0.653	-0.670	-0.738	-0.632	-0.730	-0.629	-0.730	-0.621	-0.627	-0.729	-0.632	-0.725	-0.619	-0.728	-0.729	-0.730	-0.636	-0.632	-0.624	-0.674	-0.648	
rs11697949     -0.926	-0.901	-0.942	-0.939	-0.935	-0.842	-0.883	-0.875	-0.650	-0.640	-0.656	-0.597	-0.597	-0.620	-0.565	-0.570	-0.577	-0.566	-0.726	-0.745	-0.745	-0.747	-0.756	-0.757	-0.752	-0.750	-0.756	-0.756	-0.755	-0.754	-0.755	-0.754	-0.753	-0.754	-0.744	-0.754	-0.699	-0.691	-0.754	-0.745	-0.429	-0.878	-0.857	-0.879	-0.863	-0.876	-0.863	-0.636	-0.864	-0.719	-0.706	-0.690	-0.870	-0.870	-0.875	-0.700	-0.609	-0.607	-0.698	-0.878	-0.697	-0.888	-0.889	-0.859	-0.568	-0.534	-0.555	-0.560	-0.659	-0.669	-0.642	-0.645	-0.645	-0.645	-0.631	-0.539	-0.646	-0.516	-0.638	-0.638	-0.563	-0.658	-0.666	-0.558	-0.527	-0.552	-0.645	-0.648	-0.649	-0.649	-0.681	-0.652	-0.564	-0.654	-0.654	-0.573	-0.591	-0.598	-0.602	-0.607	-0.629	-0.591	-0.711	-0.611	-0.617	-0.636	-0.711	-0.595	-0.702	-0.591	-0.701	-0.582	-0.589	-0.701	-0.594	-0.697	-0.580	-0.700	-0.701	-0.703	-0.599	-0.594	-0.585	-0.645	-0.612	
rs242815       -1.128	-1.102	-1.146	-1.145	-1.139	-1.023	-1.114	-1.109	-0.795	-0.782	-0.802	-0.731	-0.731	-0.753	-0.690	-0.696	-0.703	-0.731	-0.951	-0.961	-0.962	-0.945	-0.958	-0.962	-0.966	-0.948	-0.961	-0.961	-0.959	-0.957	-0.962	-0.957	-0.956	-0.957	-0.939	-0.957	-0.845	-0.829	-0.956	-0.946	-0.878	-0.646	-0.908	-0.783	-0.922	-0.785	-0.924	-0.945	-0.928	-1.026	-1.029	-1.029	-0.800	-0.946	-1.054	-1.029	-0.930	-0.937	-1.029	-0.970	-1.029	-0.788	-0.849	-0.509	-0.796	-0.765	-0.784	-0.789	-0.879	-0.888	-0.863	-0.866	-0.866	-0.867	-0.853	-0.770	-0.867	-0.750	-0.860	-0.860	-0.793	-0.879	-0.886	-0.788	-0.759	-0.783	-0.867	-0.869	-0.870	-0.870	-0.900	-0.873	-0.793	-0.874	-0.875	-0.802	-0.817	-0.824	-0.828	-0.832	-0.852	-0.817	-0.925	-0.836	-0.841	-0.858	-0.925	-0.821	-0.917	-0.817	-0.917	-0.810	-0.815	-0.916	-0.820	-0.913	-0.808	-0.915	-0.916	-0.918	-0.825	-0.821	-0.813	-0.863	-0.836	
rs242816       -1.009	-0.976	-1.034	-1.035	-1.026	-0.925	-0.986	-0.980	-0.711	-0.700	-0.718	-0.678	-0.678	-0.700	-0.644	-0.649	-0.656	-0.521	-0.838	-0.849	-0.851	-0.837	-0.849	-0.853	-0.855	-0.841	-0.852	-0.852	-0.850	-0.848	-0.853	-0.848	-0.847	-0.849	-0.832	-0.849	-0.782	-0.770	-0.848	-0.838	-0.857	-0.908	-0.530	-0.905	-0.683	-0.913	-0.686	-0.904	-0.703	-0.924	-0.923	-0.921	-0.925	-0.704	-0.501	-0.922	-0.898	-0.903	-0.922	-0.695	-0.922	-0.881	-0.898	-0.724	-0.686	-0.655	-0.674	-0.678	-0.773	-0.782	-0.759	-0.762	-0.762	-0.762	-0.749	-0.660	-0.762	-0.639	-0.755	-0.756	-0.682	-0.773	-0.779	-0.677	-0.649	-0.672	-0.762	-0.764	-0.764	-0.765	-0.793	-0.767	-0.683	-0.769	-0.769	-0.691	-0.707	-0.713	-0.717	-0.722	-0.741	-0.707	-0.817	-0.725	-0.730	-0.747	-0.817	-0.710	-0.809	-0.707	-0.809	-0.699	-0.705	-0.808	-0.710	-0.805	-0.697	-0.808	-0.809	-0.809	-0.714	-0.710	-0.702	-0.752	-0.726	
rs242817       -1.128	-1.102	-1.145	-1.144	-1.138	-1.022	-1.113	-1.108	-0.795	-0.782	-0.802	-0.730	-0.730	-0.752	-0.689	-0.695	-0.702	-0.732	-0.950	-0.960	-0.961	-0.944	-0.957	-0.961	-0.965	-0.948	-0.961	-0.960	-0.958	-0.956	-0.961	-0.956	-0.955	-0.957	-0.939	-0.956	-0.845	-0.830	-0.956	-0.945	-0.879	-0.783	-0.905	-0.645	-0.919	-0.783	-0.921	-0.946	-0.924	-1.025	-1.028	-1.029	-0.795	-0.943	-1.052	-1.028	-0.932	-0.939	-1.028	-0.967	-1.028	-0.794	-0.849	-0.527	-0.795	-0.764	-0.783	-0.788	-0.878	-0.887	-0.862	-0.865	-0.865	-0.866	-0.852	-0.769	-0.866	-0.748	-0.859	-0.859	-0.792	-0.878	-0.885	-0.787	-0.758	-0.782	-0.866	-0.868	-0.869	-0.869	-0.899	-0.872	-0.792	-0.873	-0.873	-0.801	-0.816	-0.823	-0.827	-0.831	-0.851	-0.816	-0.924	-0.835	-0.840	-0.857	-0.924	-0.820	-0.916	-0.816	-0.916	-0.809	-0.814	-0.915	-0.819	-0.912	-0.807	-0.914	-0.915	-0.917	-0.824	-0.820	-0.812	-0.862	-0.835	
