## Summary of overall evidence for association with region:
## log10(BF for region) = 26.1688
## p-value for region = NA

## BFs for choosing among multi-SNP models:
## log10(average 1-SNP BF) = 20.6604
## log10(average 2-SNP BF) = 26.6459

## Example posterior probabilities for multi-SNP models, based on default prior: [p(l) propto 0.5^l for l=1,2,...,L]
## posterior probability of 1-SNP = 2.06793e-06
## posterior probability of 2-SNP = 0.999998

## log10(BF) for single SNP and pair of SNPs:
rs55790409     +2.245	+1.610	+1.964	+1.951	+1.952	+1.950	+1.953	+2.106	+2.123	+1.582	+1.654	+2.143	+20.163	+12.834	+20.635	+3.561	+20.938	+21.474	+20.751	+20.846	+1.794	+19.920	+19.923	+20.053	+19.779	+12.134	+19.368	+19.823	+19.489	+19.581	+19.634	+19.820	+19.936	+19.934	+20.036	+19.907	+19.674	+20.605	+2.990	+7.213	+2.956	+2.983	+2.957	+2.960	+2.966	+5.053	+5.213	+2.985	+8.329	+2.895	+2.985	+2.959	+2.989	+2.989	+2.899	+2.990	+3.090	+16.820	+1.660	+4.388	+5.015	+4.887	+1.646	+4.932	+1.644	+4.933	+4.930	+4.930	+4.881	+4.879	+4.896	+4.637	+1.645	+4.953	+4.636	+4.644	+4.725	+1.645	+4.988	+1.645	+1.646	+1.633	+17.662	+17.342	+1.631	+4.535	+6.730	+4.587	+6.759	+6.751	+4.513	+4.490	+1.648	+6.700	+3.291	+1.832	+13.765	+4.609	+4.603	+1.650	+4.789	+12.630	+9.454	+9.230	+1.639	+1.638	+1.634	+2.067	+2.965	+1.638	+2.171	+2.087	+4.134	+2.944	+1.631	+2.947	+2.945	
rs4683987      +1.610	+0.026	+0.388	+0.933	+0.943	+0.938	+0.945	+1.380	+0.069	-0.411	-0.374	+0.093	+19.964	+12.604	+20.448	+0.909	+20.752	+21.290	+20.564	+20.660	-0.254	+19.715	+19.719	+19.851	+19.571	+11.878	+19.153	+19.613	+19.275	+19.364	+19.423	+19.614	+19.732	+19.730	+19.833	+19.697	+19.456	+20.231	+1.032	+6.760	+0.992	+1.034	+0.993	+0.998	+1.001	+3.478	+3.691	+1.022	+7.884	+0.933	+1.021	+0.996	+1.025	+1.025	+0.936	+1.025	+1.147	+16.833	-0.248	+2.692	+3.759	+3.620	-0.275	+3.665	-0.291	+3.666	+3.664	+3.663	+3.609	+3.605	+3.622	+3.394	-0.288	+3.683	+3.399	+3.401	+3.408	-0.288	+3.718	-0.287	-0.282	-0.294	+17.650	+17.328	-0.297	+3.091	+5.163	+3.155	+5.191	+5.181	+3.068	+3.052	-0.337	+5.130	+1.695	-0.220	+13.072	+3.178	+3.172	-0.337	+3.397	+12.732	+9.298	+9.077	-0.372	-0.373	-0.378	+0.021	+0.951	-0.378	+0.114	+0.039	+2.464	+1.291	-0.294	+1.291	+1.289	
rs6797518      +1.964	+0.388	+0.675	+1.099	+1.110	+1.102	+1.111	+1.620	+0.705	+0.171	+0.278	+0.912	+20.274	+12.827	+20.732	+2.074	+21.039	+21.578	+20.837	+20.941	+0.344	+20.004	+20.008	+20.146	+19.844	+11.391	+19.407	+19.835	+19.481	+19.571	+19.632	+19.815	+19.935	+19.933	+20.029	+19.895	+19.637	+20.323	+1.642	+6.571	+1.607	+1.538	+1.607	+1.605	+1.616	+4.071	+4.252	+1.631	+7.733	+1.544	+1.630	+1.602	+1.634	+1.634	+1.547	+1.635	+1.760	+16.828	+0.211	+2.935	+3.801	+3.670	+0.199	+3.715	+0.196	+3.716	+3.714	+3.713	+3.663	+3.660	+3.677	+3.394	+0.197	+3.735	+3.395	+3.401	+3.498	+0.197	+3.771	+0.198	+0.198	+0.186	+17.720	+17.386	+0.184	+3.291	+5.743	+3.343	+5.771	+5.761	+3.266	+3.245	+0.198	+5.710	+2.009	+0.341	+13.340	+3.367	+3.361	+0.201	+3.556	+11.935	+8.557	+8.325	+0.200	+0.199	+0.194	+0.630	+1.582	+0.197	+0.729	+0.649	+2.881	+1.670	+0.195	+1.671	+1.669	
rs67454954     +1.951	+0.933	+1.099	+1.426	+1.431	+1.422	+1.428	+1.873	+1.348	+0.825	+0.871	+1.306	+20.348	+12.864	+20.800	+2.691	+21.107	+21.649	+20.892	+21.000	+1.024	+20.064	+20.068	+20.207	+19.897	+11.863	+19.456	+19.883	+19.530	+19.620	+19.681	+19.856	+19.975	+19.973	+20.068	+19.933	+19.674	+20.373	+2.255	+6.928	+2.221	+2.242	+2.221	+2.222	+2.230	+4.509	+4.678	+2.248	+8.062	+2.159	+2.247	+2.220	+2.252	+2.252	+2.162	+2.253	+2.359	+16.822	+0.889	+3.705	+4.382	+4.252	+0.875	+4.297	+0.871	+4.299	+4.296	+4.295	+4.246	+4.243	+4.259	+3.995	+0.872	+4.316	+3.995	+4.001	+4.083	+0.873	+4.351	+0.873	+0.874	+0.861	+17.680	+17.356	+0.859	+3.883	+6.182	+3.929	+6.209	+6.200	+3.850	+3.831	+0.869	+6.151	+2.611	+1.031	+13.512	+3.951	+3.945	+0.872	+4.137	+12.438	+9.196	+8.967	+0.877	+0.876	+0.871	+1.323	+2.376	+0.875	+1.426	+1.343	+3.511	+2.281	+0.869	+2.284	+2.282	
rs41344847     +1.952	+0.943	+1.110	+1.431	+1.438	+1.429	+1.435	+1.869	+1.359	+0.837	+0.882	+1.315	+20.341	+12.860	+20.794	+2.706	+21.101	+21.642	+20.886	+20.993	+1.035	+20.058	+20.062	+20.201	+19.891	+11.872	+19.451	+19.878	+19.525	+19.615	+19.676	+19.852	+19.971	+19.968	+20.064	+19.929	+19.670	+20.372	+2.266	+6.934	+2.232	+2.253	+2.232	+2.233	+2.241	+4.516	+4.685	+2.259	+8.067	+2.170	+2.259	+2.231	+2.263	+2.263	+2.173	+2.265	+2.370	+16.821	+0.901	+3.716	+4.393	+4.263	+0.887	+4.308	+0.883	+4.309	+4.307	+4.306	+4.256	+4.254	+4.270	+4.005	+0.884	+4.327	+4.006	+4.012	+4.094	+0.884	+4.362	+0.885	+0.886	+0.873	+17.678	+17.355	+0.870	+3.894	+6.190	+3.939	+6.217	+6.208	+3.860	+3.841	+0.881	+6.159	+2.622	+1.043	+13.515	+3.961	+3.955	+0.883	+4.147	+12.443	+9.202	+8.974	+0.889	+0.887	+0.882	+1.335	+2.387	+0.886	+1.438	+1.354	+3.521	+2.292	+0.880	+2.294	+2.293	
rs1372424      +1.950	+0.938	+1.102	+1.422	+1.429	+1.431	+1.434	+1.889	+1.353	+0.830	+0.875	+1.309	+20.347	+12.863	+20.799	+2.696	+21.106	+21.648	+20.891	+20.998	+1.028	+20.063	+20.067	+20.206	+19.897	+11.862	+19.456	+19.882	+19.529	+19.619	+19.680	+19.855	+19.975	+19.972	+20.068	+19.932	+19.673	+20.373	+2.259	+6.930	+2.225	+2.246	+2.225	+2.226	+2.234	+4.513	+4.682	+2.252	+8.064	+2.163	+2.251	+2.224	+2.255	+2.255	+2.166	+2.257	+2.363	+16.821	+0.894	+3.710	+4.386	+4.257	+0.880	+4.301	+0.876	+4.303	+4.300	+4.299	+4.250	+4.247	+4.263	+4.000	+0.877	+4.320	+4.001	+4.007	+4.087	+0.877	+4.355	+0.878	+0.879	+0.866	+17.679	+17.356	+0.864	+3.886	+6.186	+3.932	+6.213	+6.204	+3.853	+3.834	+0.874	+6.155	+2.615	+1.036	+13.513	+3.953	+3.948	+0.876	+4.141	+12.437	+9.195	+8.967	+0.882	+0.881	+0.875	+1.328	+2.381	+0.880	+1.431	+1.348	+3.512	+2.284	+0.873	+2.287	+2.285	
rs66799104     +1.953	+0.945	+1.111	+1.428	+1.435	+1.434	+1.440	+1.881	+1.360	+0.838	+0.884	+1.316	+20.342	+12.861	+20.794	+2.708	+21.101	+21.642	+20.887	+20.994	+1.037	+20.058	+20.062	+20.201	+19.892	+11.873	+19.452	+19.879	+19.526	+19.616	+19.677	+19.853	+19.972	+19.970	+20.065	+19.930	+19.671	+20.374	+2.268	+6.934	+2.234	+2.256	+2.235	+2.235	+2.244	+4.519	+4.688	+2.261	+8.068	+2.172	+2.261	+2.234	+2.265	+2.265	+2.176	+2.267	+2.373	+16.822	+0.902	+3.720	+4.396	+4.267	+0.889	+4.312	+0.885	+4.313	+4.310	+4.310	+4.260	+4.257	+4.274	+4.008	+0.885	+4.331	+4.009	+4.015	+4.097	+0.886	+4.366	+0.886	+0.887	+0.874	+17.680	+17.356	+0.872	+3.897	+6.193	+3.942	+6.221	+6.212	+3.863	+3.844	+0.883	+6.163	+2.624	+1.045	+13.518	+3.964	+3.958	+0.885	+4.150	+12.447	+9.206	+8.977	+0.890	+0.889	+0.884	+1.337	+2.391	+0.888	+1.440	+1.357	+3.522	+2.292	+0.881	+2.295	+2.293	
rs1372425      +2.106	+1.380	+1.620	+1.873	+1.869	+1.889	+1.881	+1.964	+1.798	+1.315	+1.371	+1.728	+20.198	+12.835	+20.751	+3.279	+21.058	+21.599	+20.847	+20.953	+1.525	+19.933	+19.937	+20.072	+19.781	+12.215	+19.353	+19.792	+19.447	+19.537	+19.595	+19.776	+19.893	+19.891	+19.990	+19.857	+19.610	+20.423	+2.755	+7.244	+2.720	+2.744	+2.720	+2.721	+2.729	+4.950	+5.116	+2.747	+8.366	+2.657	+2.746	+2.719	+2.751	+2.751	+2.660	+2.753	+2.853	+16.868	+1.391	+4.194	+4.848	+4.718	+1.377	+4.763	+1.373	+4.764	+4.762	+4.761	+4.712	+4.709	+4.725	+4.473	+1.374	+4.782	+4.474	+4.480	+4.550	+1.374	+4.818	+1.374	+1.375	+1.362	+17.692	+17.378	+1.360	+4.362	+6.634	+4.404	+6.661	+6.652	+4.326	+4.306	+1.373	+6.603	+3.088	+1.549	+13.801	+4.426	+4.420	+1.375	+4.612	+12.871	+9.670	+9.442	+1.384	+1.383	+1.377	+1.838	+2.960	+1.382	+1.944	+1.858	+4.026	+2.779	+1.370	+2.782	+2.780	
rs13071107     +2.123	+0.069	+0.705	+1.348	+1.359	+1.353	+1.360	+1.798	+0.339	+0.264	+0.026	+0.216	+20.080	+12.880	+20.555	+0.770	+20.860	+21.391	+20.678	+20.769	+0.207	+19.836	+19.839	+19.969	+19.694	+11.147	+19.277	+19.776	+19.440	+19.526	+19.586	+19.788	+19.905	+19.904	+20.006	+19.858	+19.619	+20.367	+1.786	+6.919	+1.729	+1.744	+1.726	+1.723	+1.735	+3.637	+3.848	+1.752	+8.065	+1.651	+1.751	+1.718	+1.753	+1.753	+1.652	+1.753	+1.914	+17.746	-0.038	+3.647	+4.749	+4.593	-0.041	+4.639	-0.052	+4.640	+4.637	+4.636	+4.575	+4.572	+4.590	+4.232	-0.050	+4.659	+4.237	+4.240	+4.334	-0.050	+4.701	-0.049	-0.046	-0.060	+18.691	+18.392	-0.062	+4.017	+5.221	+4.091	+5.249	+5.239	+3.991	+3.970	-0.079	+5.188	+2.510	+0.013	+13.260	+4.115	+4.108	-0.078	+4.353	+12.190	+8.782	+8.561	-0.119	-0.120	-0.120	+0.497	+0.953	-0.122	+0.613	+0.518	+3.110	+1.927	-0.077	+1.926	+1.923	
rs11924430     +1.582	-0.411	+0.171	+0.825	+0.837	+0.830	+0.838	+1.315	+0.264	-0.445	-0.804	+0.098	+20.169	+12.699	+20.683	+1.442	+20.983	+21.507	+20.790	+20.887	-0.682	+19.905	+19.909	+20.045	+19.749	+12.327	+19.319	+19.781	+19.438	+19.531	+19.586	+19.773	+19.889	+19.887	+19.987	+19.843	+19.593	+20.304	+0.433	+6.474	+0.406	+0.414	+0.407	+0.404	+0.415	+3.580	+3.795	+0.427	+7.638	+0.351	+0.426	+0.402	+0.430	+0.430	+0.354	+0.430	+0.567	+16.749	-0.811	+1.950	+2.749	+2.621	-0.825	+2.666	-0.830	+2.667	+2.665	+2.664	+2.614	+2.611	+2.627	+2.340	-0.829	+2.684	+2.341	+2.348	+2.450	-0.829	+2.717	-0.828	-0.827	-0.839	+17.633	+17.301	-0.841	+2.171	+5.547	+2.238	+5.581	+5.570	+2.159	+2.145	-0.838	+5.515	+0.955	-0.669	+13.382	+2.260	+2.254	-0.836	+2.450	+11.948	+8.393	+8.161	-0.778	-0.779	-0.786	-0.509	+0.586	-0.786	-0.426	-0.492	+1.840	+0.674	-0.758	+0.673	+0.671	
rs6776288      +1.654	-0.374	+0.278	+0.871	+0.882	+0.875	+0.884	+1.371	+0.026	-0.804	-0.487	+0.114	+20.172	+12.751	+20.667	+0.826	+20.968	+21.511	+20.772	+20.868	-0.687	+19.909	+19.913	+20.048	+19.757	+15.603	+19.332	+19.790	+19.450	+19.542	+19.599	+19.778	+19.894	+19.892	+19.992	+19.854	+19.605	+20.323	+0.454	+7.307	+0.421	+0.431	+0.422	+0.417	+0.430	+3.925	+4.070	+0.442	+8.520	+0.362	+0.441	+0.415	+0.444	+0.444	+0.364	+0.445	+0.589	+16.895	-0.858	+1.975	+2.719	+2.590	-0.869	+2.634	-0.874	+2.636	+2.633	+2.633	+2.583	+2.580	+2.595	+2.312	-0.873	+2.652	+2.314	+2.319	+2.415	-0.873	+2.685	-0.872	-0.871	-0.883	+17.694	+17.385	-0.885	+2.143	+5.582	+2.211	+5.620	+5.609	+2.131	+2.117	-0.879	+5.552	+0.912	-0.773	+13.301	+2.233	+2.227	-0.877	+2.427	+11.543	+8.035	+7.802	-0.877	-0.878	-0.882	-0.524	+0.233	-0.882	-0.437	-0.507	+1.876	+0.698	-0.846	+0.697	+0.695	
rs13087163     +2.143	+0.093	+0.912	+1.306	+1.315	+1.309	+1.316	+1.728	+0.216	+0.098	+0.114	+0.454	+19.967	+12.712	+20.454	+0.849	+20.758	+21.295	+20.569	+20.665	+0.400	+19.718	+19.721	+19.852	+19.572	+13.268	+19.153	+19.612	+19.273	+19.362	+19.419	+19.611	+19.729	+19.728	+19.828	+19.692	+19.451	+20.242	+1.297	+8.276	+1.271	+1.327	+1.272	+1.269	+1.280	+3.927	+4.110	+1.292	+9.431	+1.216	+1.292	+1.267	+1.295	+1.295	+1.218	+1.296	+1.424	+18.318	+0.117	+3.197	+4.241	+4.097	+0.087	+4.145	+0.075	+4.146	+4.143	+4.142	+4.086	+4.082	+4.097	+3.704	+0.077	+4.160	+3.703	+3.711	+3.871	+0.078	+4.194	+0.079	+0.082	+0.058	+19.101	+18.820	+0.056	+3.543	+5.397	+3.610	+5.425	+5.415	+3.522	+3.507	+0.043	+5.363	+2.219	+0.135	+13.311	+3.633	+3.626	+0.044	+3.848	+12.395	+9.020	+8.811	-0.002	-0.003	-0.004	+0.491	+0.985	-0.005	+0.594	+0.510	+3.020	+1.858	+0.039	+1.858	+1.855	
rs9883354      +20.163	+19.964	+20.274	+20.348	+20.341	+20.347	+20.342	+20.198	+20.080	+20.169	+20.172	+19.967	+21.040	+20.952	+21.512	+20.029	+21.715	+22.138	+21.595	+21.655	+20.277	+21.046	+21.048	+21.103	+21.001	+20.805	+20.890	+21.118	+21.017	+21.052	+21.084	+21.231	+21.309	+21.312	+21.386	+21.397	+21.341	+22.921	+21.469	+21.439	+21.439	+21.549	+21.436	+21.472	+21.446	+21.552	+21.607	+21.477	+22.119	+21.371	+21.477	+21.470	+21.482	+21.482	+21.375	+21.479	+21.440	+26.986	+20.354	+22.431	+23.285	+23.154	+20.339	+23.204	+20.366	+23.205	+23.203	+23.202	+23.152	+23.150	+23.165	+22.955	+20.363	+23.223	+22.950	+22.959	+22.991	+20.362	+23.256	+20.359	+20.350	+20.331	+27.602	+27.425	+20.340	+22.948	+23.015	+22.915	+23.027	+23.023	+22.835	+22.818	+20.472	+22.979	+22.163	+20.499	+28.385	+22.934	+22.928	+20.485	+23.084	+28.049	+26.757	+26.640	+20.053	+20.053	+20.055	+20.988	+21.421	+20.048	+21.124	+20.999	+20.859	+20.407	+20.524	+20.414	+20.414	
rs9812558      +12.834	+12.604	+12.827	+12.864	+12.860	+12.863	+12.861	+12.835	+12.880	+12.699	+12.751	+12.712	+20.952	+13.643	+22.223	+12.983	+22.692	+23.454	+22.345	+22.538	+12.888	+20.584	+20.588	+20.737	+20.322	+15.928	+19.797	+20.166	+19.773	+19.868	+19.921	+20.085	+20.198	+20.195	+20.289	+20.142	+19.903	+21.096	+14.283	+15.588	+14.244	+14.340	+14.241	+14.277	+14.252	+15.153	+15.240	+14.285	+16.460	+14.173	+14.285	+14.275	+14.291	+14.291	+14.177	+14.288	+14.260	+22.845	+12.867	+15.344	+16.289	+16.153	+12.849	+16.204	+12.868	+16.205	+16.203	+16.202	+16.150	+16.148	+16.165	+15.958	+12.866	+16.225	+15.955	+15.962	+15.984	+12.865	+16.261	+12.863	+12.857	+12.835	+23.563	+23.328	+12.841	+15.911	+16.800	+15.892	+16.815	+16.810	+15.807	+15.791	+12.950	+16.765	+14.453	+13.047	+23.134	+15.912	+15.906	+12.960	+16.080	+23.057	+21.464	+21.318	+12.697	+12.697	+12.699	+13.661	+14.019	+12.691	+13.806	+13.678	+14.512	+13.689	+13.009	+13.697	+13.696	
rs9713467      +20.635	+20.448	+20.732	+20.800	+20.794	+20.799	+20.794	+20.751	+20.555	+20.683	+20.667	+20.454	+21.512	+22.223	+21.527	+20.553	+21.822	+22.258	+21.712	+21.765	+20.772	+21.440	+21.441	+21.491	+21.419	+21.367	+21.315	+21.575	+21.491	+21.524	+21.554	+21.695	+21.771	+21.774	+21.844	+21.866	+21.821	+23.430	+21.906	+22.074	+21.875	+21.987	+21.872	+21.909	+21.882	+22.238	+22.269	+21.914	+22.783	+21.808	+21.914	+21.907	+21.920	+21.920	+21.813	+21.916	+21.868	+27.687	+20.832	+22.853	+23.661	+23.533	+20.818	+23.581	+20.845	+23.582	+23.580	+23.579	+23.530	+23.528	+23.543	+23.341	+20.842	+23.599	+23.377	+23.345	+23.373	+20.841	+23.632	+20.838	+20.829	+20.808	+28.308	+28.118	+20.817	+23.329	+23.767	+23.298	+23.749	+23.745	+23.219	+23.205	+20.950	+23.702	+22.554	+21.003	+29.124	+23.316	+23.311	+20.963	+23.502	+28.786	+27.475	+27.360	+20.536	+20.536	+20.537	+21.438	+21.971	+20.533	+21.564	+21.439	+21.402	+20.936	+21.058	+20.941	+20.941	
rs2028513      +3.561	+0.909	+2.074	+2.691	+2.706	+2.696	+2.708	+3.279	+0.770	+1.442	+0.826	+0.849	+20.029	+12.983	+20.553	+1.165	+20.857	+21.383	+20.679	+20.770	+1.146	+19.788	+19.791	+19.921	+19.646	+11.124	+19.233	+19.717	+19.387	+19.474	+19.533	+19.737	+19.856	+19.855	+19.956	+19.831	+19.595	+20.359	+2.091	+9.053	+2.041	+2.134	+2.039	+2.044	+2.047	+4.382	+4.622	+2.068	+10.227	+1.980	+2.067	+2.040	+2.070	+2.069	+1.981	+2.069	+2.187	+19.322	+0.831	+5.089	+4.786	+4.650	+0.839	+4.693	+0.821	+4.695	+4.692	+4.691	+4.639	+4.636	+4.650	+4.418	+0.824	+4.709	+4.413	+4.426	+4.422	+0.824	+4.742	+0.825	+0.830	+0.818	+20.328	+20.024	+0.816	+4.126	+5.778	+4.189	+5.809	+5.800	+4.097	+4.082	+0.764	+5.746	+2.824	+0.825	+13.491	+4.207	+4.201	+0.763	+4.402	+13.335	+10.051	+9.835	+0.689	+0.690	+0.692	+1.453	+1.637	+0.689	+1.586	+1.475	+3.846	+2.797	+0.737	+2.793	+2.790	
rs9309765      +20.938	+20.752	+21.039	+21.107	+21.101	+21.106	+21.101	+21.058	+20.860	+20.983	+20.968	+20.758	+21.715	+22.692	+21.822	+20.857	+21.832	+22.297	+21.869	+21.909	+21.077	+21.656	+21.657	+21.696	+21.638	+21.622	+21.560	+21.771	+21.700	+21.728	+21.756	+21.885	+21.955	+21.958	+22.025	+22.048	+22.010	+23.604	+22.220	+22.335	+22.189	+22.301	+22.185	+22.223	+22.195	+22.544	+22.572	+22.228	+23.036	+22.121	+22.228	+22.221	+22.234	+22.233	+22.126	+22.230	+22.179	+27.908	+21.162	+23.160	+23.977	+23.849	+21.147	+23.897	+21.175	+23.898	+23.896	+23.895	+23.846	+23.844	+23.859	+23.658	+21.171	+23.915	+23.695	+23.662	+23.689	+21.170	+23.948	+21.167	+21.158	+21.136	+28.520	+28.330	+21.146	+23.645	+24.073	+23.614	+24.054	+24.050	+23.535	+23.520	+21.285	+24.007	+22.871	+21.308	+29.441	+23.632	+23.626	+21.298	+23.819	+29.034	+27.729	+27.614	+20.841	+20.841	+20.842	+21.747	+22.266	+20.837	+21.873	+21.748	+21.687	+21.227	+21.364	+21.232	+21.232	
rs9875505      +21.474	+21.290	+21.578	+21.649	+21.642	+21.648	+21.642	+21.599	+21.391	+21.507	+21.511	+21.295	+22.138	+23.454	+22.258	+21.383	+22.297	+22.372	+22.250	+22.271	+21.615	+22.103	+22.103	+22.120	+22.084	+22.087	+22.050	+22.155	+22.102	+22.123	+22.144	+22.250	+22.310	+22.313	+22.371	+22.397	+22.367	+23.917	+22.742	+22.832	+22.710	+22.824	+22.707	+22.745	+22.717	+23.075	+23.100	+22.750	+23.526	+22.644	+22.750	+22.743	+22.755	+22.755	+22.648	+22.752	+22.700	+28.327	+21.722	+23.687	+24.492	+24.364	+21.707	+24.413	+21.736	+24.414	+24.411	+24.411	+24.362	+24.360	+24.375	+24.173	+21.732	+24.431	+24.210	+24.176	+24.206	+21.731	+24.464	+21.728	+21.719	+21.695	+28.939	+28.752	+21.705	+24.168	+24.621	+24.136	+24.602	+24.598	+24.057	+24.043	+21.846	+24.554	+23.401	+21.851	+29.967	+24.154	+24.148	+21.860	+24.340	+29.519	+28.242	+28.128	+21.378	+21.378	+21.379	+22.286	+22.806	+21.374	+22.412	+22.287	+22.207	+21.755	+21.902	+21.760	+21.760	
rs2875436      +20.751	+20.564	+20.837	+20.892	+20.886	+20.891	+20.887	+20.847	+20.678	+20.790	+20.772	+20.569	+21.595	+22.345	+21.712	+20.679	+21.869	+22.250	+21.641	+21.808	+20.884	+21.501	+21.502	+21.545	+21.479	+21.435	+21.394	+21.613	+21.533	+21.562	+21.590	+21.724	+21.796	+21.799	+21.866	+21.887	+21.845	+23.442	+22.029	+22.141	+22.000	+22.113	+21.997	+22.032	+22.007	+22.364	+22.422	+22.037	+22.839	+21.933	+22.036	+22.029	+22.042	+22.042	+21.937	+22.039	+21.994	+27.704	+20.986	+22.984	+23.784	+23.656	+20.970	+23.705	+20.999	+23.706	+23.704	+23.703	+23.654	+23.652	+23.667	+23.467	+20.996	+23.725	+23.461	+23.471	+23.499	+20.995	+23.759	+20.992	+20.982	+20.958	+28.329	+28.141	+20.969	+23.469	+23.884	+23.438	+23.899	+23.895	+23.359	+23.341	+21.111	+23.847	+22.687	+21.110	+29.263	+23.456	+23.450	+21.124	+23.601	+28.813	+27.513	+27.394	+20.652	+20.652	+20.653	+21.547	+22.066	+20.648	+21.683	+21.558	+21.500	+21.028	+21.170	+21.035	+21.035	
rs9848676      +20.846	+20.660	+20.941	+21.000	+20.993	+20.998	+20.994	+20.953	+20.769	+20.887	+20.868	+20.665	+21.655	+22.538	+21.765	+20.770	+21.909	+22.271	+21.808	+21.738	+20.983	+21.570	+21.571	+21.608	+21.549	+21.507	+21.475	+21.668	+21.595	+21.623	+21.649	+21.779	+21.849	+21.852	+21.918	+21.939	+21.899	+23.485	+22.123	+22.214	+22.094	+22.208	+22.091	+22.126	+22.101	+22.446	+22.498	+22.131	+22.908	+22.027	+22.131	+22.124	+22.136	+22.136	+22.032	+22.133	+22.088	+27.751	+21.081	+23.067	+23.873	+23.745	+21.065	+23.794	+21.093	+23.795	+23.793	+23.792	+23.743	+23.740	+23.755	+23.551	+21.090	+23.812	+23.545	+23.555	+23.588	+21.089	+23.846	+21.086	+21.076	+21.054	+28.372	+28.185	+21.065	+23.554	+23.968	+23.523	+23.983	+23.979	+23.444	+23.426	+21.205	+23.934	+22.776	+21.215	+29.331	+23.541	+23.535	+21.218	+23.687	+28.894	+27.597	+27.485	+20.748	+20.748	+20.749	+21.646	+22.172	+20.744	+21.783	+21.657	+21.592	+21.126	+21.268	+21.133	+21.133	
rs62251168     +1.794	-0.254	+0.344	+1.024	+1.035	+1.028	+1.037	+1.525	+0.207	-0.682	-0.687	+0.400	+20.277	+12.888	+20.772	+1.146	+21.077	+21.615	+20.884	+20.983	-0.337	+20.023	+20.027	+20.160	+19.876	+11.430	+19.452	+19.901	+19.556	+19.648	+19.704	+19.886	+20.003	+20.001	+20.100	+19.965	+19.719	+20.491	+0.728	+6.725	+0.694	+0.708	+0.694	+0.690	+0.703	+3.790	+4.003	+0.715	+7.960	+0.631	+0.714	+0.687	+0.718	+0.718	+0.634	+0.718	+0.867	+17.129	-0.723	+2.305	+3.131	+2.995	-0.731	+3.040	-0.737	+3.041	+3.039	+3.038	+2.985	+2.982	+2.999	+2.709	-0.736	+3.059	+2.713	+2.717	+2.812	-0.736	+3.094	-0.735	-0.734	-0.745	+17.956	+17.632	-0.747	+2.517	+5.646	+2.588	+5.675	+5.664	+2.502	+2.487	-0.746	+5.613	+1.213	-0.467	+14.208	+2.610	+2.604	-0.745	+2.816	+13.357	+9.543	+9.243	-0.704	-0.705	-0.711	-0.363	+1.159	-0.710	-0.274	-0.346	+2.037	+0.846	-0.684	+0.845	+0.843	
rs9848347      +19.920	+19.715	+20.004	+20.064	+20.058	+20.063	+20.058	+19.933	+19.836	+19.905	+19.909	+19.718	+21.046	+20.584	+21.440	+19.788	+21.656	+22.103	+21.501	+21.570	+20.023	+20.786	+20.903	+20.975	+20.834	+20.565	+20.695	+20.941	+20.823	+20.861	+20.894	+21.046	+21.128	+21.131	+21.207	+21.211	+21.146	+22.728	+21.209	+21.186	+21.177	+21.287	+21.174	+21.210	+21.184	+21.316	+21.371	+21.215	+21.866	+21.109	+21.214	+21.208	+21.220	+21.220	+21.114	+21.217	+21.179	+26.726	+20.110	+22.166	+23.007	+22.876	+20.093	+22.927	+20.121	+22.928	+22.925	+22.925	+22.875	+22.872	+22.888	+22.678	+20.118	+22.945	+22.673	+22.682	+22.718	+20.117	+22.979	+20.114	+20.105	+20.085	+27.346	+27.168	+20.094	+22.675	+22.772	+22.643	+22.785	+22.781	+22.564	+22.546	+20.228	+22.737	+21.890	+20.242	+28.125	+22.662	+22.656	+20.241	+22.811	+27.757	+26.458	+26.346	+19.800	+19.800	+19.802	+20.727	+21.164	+19.795	+20.862	+20.737	+20.610	+20.152	+20.266	+20.158	+20.158	
rs9848444      +19.923	+19.719	+20.008	+20.068	+20.062	+20.067	+20.062	+19.937	+19.839	+19.909	+19.913	+19.721	+21.048	+20.588	+21.441	+19.791	+21.657	+22.103	+21.502	+21.571	+20.027	+20.903	+20.790	+20.977	+20.836	+20.568	+20.698	+20.943	+20.825	+20.863	+20.896	+21.047	+21.130	+21.132	+21.208	+21.212	+21.147	+22.730	+21.213	+21.189	+21.181	+21.291	+21.178	+21.214	+21.188	+21.320	+21.375	+21.219	+21.868	+21.113	+21.218	+21.211	+21.224	+21.224	+21.118	+21.221	+21.183	+26.728	+20.114	+22.169	+23.011	+22.880	+20.098	+22.930	+20.125	+22.931	+22.929	+22.928	+22.879	+22.876	+22.891	+22.682	+20.122	+22.949	+22.676	+22.685	+22.722	+20.121	+22.983	+20.118	+20.109	+20.089	+27.348	+27.170	+20.098	+22.679	+22.775	+22.647	+22.788	+22.784	+22.568	+22.550	+20.232	+22.740	+21.894	+20.246	+28.128	+22.666	+22.660	+20.245	+22.815	+27.759	+26.461	+26.349	+19.804	+19.804	+19.806	+20.731	+21.168	+19.799	+20.866	+20.741	+20.614	+20.155	+20.270	+20.162	+20.162	
rs12631368     +20.053	+19.851	+20.146	+20.207	+20.201	+20.206	+20.201	+20.072	+19.969	+20.045	+20.048	+19.852	+21.103	+20.737	+21.491	+19.921	+21.696	+22.120	+21.545	+21.608	+20.160	+20.975	+20.977	+20.922	+20.918	+20.682	+20.803	+21.020	+20.910	+20.946	+20.969	+21.122	+21.202	+21.204	+21.270	+21.285	+21.222	+22.794	+21.346	+21.301	+21.315	+21.425	+21.312	+21.347	+21.322	+21.441	+21.496	+21.352	+21.977	+21.247	+21.352	+21.345	+21.358	+21.358	+21.251	+21.354	+21.316	+26.818	+20.249	+22.299	+23.143	+23.012	+20.232	+23.062	+20.260	+23.063	+23.061	+23.061	+23.011	+23.008	+23.024	+22.814	+20.257	+23.081	+22.809	+22.818	+22.854	+20.256	+23.115	+20.253	+20.244	+20.226	+27.436	+27.259	+20.233	+22.812	+22.889	+22.779	+22.906	+22.902	+22.700	+22.682	+20.368	+22.855	+22.029	+20.378	+28.233	+22.798	+22.792	+20.381	+22.947	+27.871	+26.575	+26.464	+19.936	+19.936	+19.938	+20.867	+21.301	+19.931	+21.002	+20.877	+20.739	+20.283	+20.402	+20.290	+20.290	
rs9873219      +19.779	+19.571	+19.844	+19.897	+19.891	+19.897	+19.892	+19.781	+19.694	+19.749	+19.757	+19.572	+21.001	+20.322	+21.419	+19.646	+21.638	+22.084	+21.479	+21.549	+19.876	+20.834	+20.836	+20.918	+20.639	+20.417	+20.597	+20.833	+20.701	+20.740	+20.773	+20.924	+21.006	+21.008	+21.085	+21.081	+21.005	+22.574	+21.037	+21.029	+21.004	+21.112	+21.001	+21.034	+21.011	+21.162	+21.219	+21.039	+21.709	+20.936	+21.038	+21.031	+21.043	+21.043	+20.940	+21.040	+21.027	+26.531	+19.961	+22.006	+22.845	+22.714	+19.947	+22.765	+19.975	+22.766	+22.764	+22.763	+22.713	+22.711	+22.726	+22.498	+19.971	+22.783	+22.491	+22.502	+22.558	+19.971	+22.817	+19.968	+19.959	+19.941	+27.164	+26.997	+19.949	+22.515	+22.607	+22.483	+22.621	+22.617	+22.404	+22.386	+20.081	+22.573	+21.736	+20.095	+27.938	+22.502	+22.496	+20.094	+22.650	+27.578	+26.269	+26.152	+19.654	+19.654	+19.655	+20.578	+21.005	+19.649	+20.714	+20.589	+20.449	+19.993	+20.122	+20.000	+20.000	
rs11927613     +12.134	+11.878	+11.391	+11.863	+11.872	+11.862	+11.873	+12.215	+11.147	+12.327	+15.603	+13.268	+20.805	+15.928	+21.367	+11.124	+21.622	+22.087	+21.435	+21.507	+11.430	+20.565	+20.568	+20.682	+20.417	+12.019	+20.070	+20.570	+20.309	+20.387	+20.436	+20.647	+20.761	+20.762	+20.859	+20.798	+20.632	+21.764	+15.699	+12.275	+15.586	+15.973	+15.559	+15.525	+15.573	+12.440	+12.503	+15.545	+12.981	+15.421	+15.540	+15.506	+15.541	+15.541	+15.418	+15.530	+15.745	+20.608	+11.463	+16.216	+16.120	+15.965	+11.270	+16.013	+11.284	+16.013	+16.010	+16.009	+15.951	+15.949	+15.972	+15.498	+11.282	+16.041	+15.508	+15.506	+15.758	+11.282	+16.089	+11.281	+11.277	+11.266	+21.692	+21.460	+11.266	+15.677	+14.012	+15.687	+14.022	+14.016	+15.579	+15.553	+11.337	+13.979	+14.361	+11.660	+21.094	+15.708	+15.701	+11.345	+15.913	+19.870	+17.762	+17.693	+11.180	+11.180	+11.182	+12.591	+13.146	+11.181	+12.750	+12.604	+13.342	+12.502	+11.372	+12.508	+12.507	
rs2875419      +19.368	+19.153	+19.407	+19.456	+19.451	+19.456	+19.452	+19.353	+19.277	+19.319	+19.332	+19.153	+20.890	+19.797	+21.315	+19.233	+21.560	+22.050	+21.394	+21.475	+19.452	+20.695	+20.698	+20.803	+20.597	+20.070	+20.216	+20.639	+20.461	+20.509	+20.546	+20.708	+20.798	+20.800	+20.882	+20.862	+20.768	+22.334	+20.621	+20.633	+20.589	+20.697	+20.586	+20.618	+20.595	+20.746	+20.804	+20.623	+21.319	+20.521	+20.623	+20.615	+20.628	+20.628	+20.525	+20.625	+20.613	+26.186	+19.534	+21.592	+22.436	+22.305	+19.519	+22.356	+19.546	+22.357	+22.354	+22.354	+22.304	+22.302	+22.317	+22.087	+19.543	+22.374	+22.080	+22.092	+22.148	+19.542	+22.408	+19.540	+19.530	+19.513	+26.822	+26.654	+19.521	+22.104	+22.190	+22.072	+22.205	+22.200	+21.993	+21.975	+19.651	+22.157	+21.320	+19.671	+27.540	+22.092	+22.086	+19.664	+22.240	+27.178	+25.850	+25.729	+19.233	+19.233	+19.234	+20.157	+20.583	+19.228	+20.293	+20.168	+20.042	+19.579	+19.694	+19.585	+19.586	
rs11719648     +19.823	+19.613	+19.835	+19.883	+19.878	+19.882	+19.879	+19.792	+19.776	+19.781	+19.790	+19.612	+21.118	+20.166	+21.575	+19.717	+21.771	+22.155	+21.613	+21.668	+19.901	+20.941	+20.943	+21.020	+20.833	+20.570	+20.639	+20.663	+20.635	+20.667	+20.689	+20.801	+20.876	+20.877	+20.948	+20.928	+20.845	+22.323	+21.007	+20.962	+20.973	+21.081	+20.970	+21.001	+20.979	+21.121	+21.172	+21.006	+21.629	+20.906	+21.005	+20.998	+21.010	+21.010	+20.910	+21.007	+20.998	+26.297	+20.001	+22.004	+22.798	+22.669	+19.988	+22.719	+20.017	+22.720	+22.718	+22.717	+22.668	+22.665	+22.681	+22.442	+20.013	+22.737	+22.434	+22.447	+22.513	+20.013	+22.771	+20.010	+20.000	+19.985	+26.933	+26.768	+19.992	+22.473	+22.549	+22.444	+22.564	+22.560	+22.366	+22.347	+20.124	+22.516	+21.700	+20.124	+27.768	+22.463	+22.457	+20.137	+22.607	+27.274	+25.949	+25.829	+19.676	+19.677	+19.678	+20.570	+21.038	+19.672	+20.704	+20.582	+20.485	+20.030	+20.053	+20.036	+20.036	
rs12637117     +19.489	+19.275	+19.481	+19.530	+19.525	+19.529	+19.526	+19.447	+19.440	+19.438	+19.450	+19.273	+21.017	+19.773	+21.491	+19.387	+21.700	+22.102	+21.533	+21.595	+19.556	+20.823	+20.825	+20.910	+20.701	+20.309	+20.461	+20.635	+20.318	+20.478	+20.511	+20.640	+20.725	+20.726	+20.803	+20.762	+20.658	+22.138	+20.657	+20.648	+20.635	+20.743	+20.631	+20.653	+20.641	+20.799	+20.848	+20.658	+21.318	+20.568	+20.658	+20.650	+20.663	+20.663	+20.571	+20.660	+20.663	+26.016	+19.654	+21.681	+22.469	+22.340	+19.642	+22.390	+19.671	+22.391	+22.389	+22.389	+22.339	+22.337	+22.353	+22.090	+19.667	+22.410	+22.081	+22.095	+22.185	+19.667	+22.444	+19.664	+19.655	+19.647	+26.656	+26.505	+19.655	+22.148	+22.242	+22.119	+22.259	+22.255	+22.040	+22.022	+19.778	+22.209	+21.366	+19.786	+27.501	+22.138	+22.132	+19.791	+22.281	+26.960	+25.628	+25.500	+19.333	+19.333	+19.334	+20.217	+20.706	+19.329	+20.351	+20.229	+20.153	+19.692	+19.708	+19.699	+19.699	
rs12630152     +19.581	+19.364	+19.571	+19.620	+19.615	+19.619	+19.616	+19.537	+19.526	+19.531	+19.542	+19.362	+21.052	+19.868	+21.524	+19.474	+21.728	+22.123	+21.562	+21.623	+19.648	+20.861	+20.863	+20.946	+20.740	+20.387	+20.509	+20.667	+20.478	+20.410	+20.552	+20.675	+20.757	+20.757	+20.832	+20.795	+20.695	+22.164	+20.754	+20.708	+20.731	+20.840	+20.727	+20.749	+20.737	+20.871	+20.922	+20.754	+21.372	+20.664	+20.753	+20.746	+20.759	+20.758	+20.667	+20.755	+20.759	+26.046	+19.752	+21.758	+22.561	+22.432	+19.741	+22.482	+19.770	+22.483	+22.481	+22.480	+22.431	+22.428	+22.444	+22.185	+19.766	+22.501	+22.175	+22.190	+22.277	+19.765	+22.536	+19.763	+19.753	+19.744	+26.685	+26.535	+19.752	+22.241	+22.309	+22.211	+22.325	+22.321	+22.133	+22.114	+19.878	+22.276	+21.460	+19.879	+27.557	+22.231	+22.225	+19.891	+22.374	+27.005	+25.685	+25.557	+19.424	+19.424	+19.425	+20.310	+20.793	+19.420	+20.444	+20.322	+20.237	+19.780	+19.798	+19.786	+19.787	
rs9820365      +19.634	+19.423	+19.632	+19.681	+19.676	+19.680	+19.677	+19.595	+19.586	+19.586	+19.599	+19.419	+21.084	+19.921	+21.554	+19.533	+21.756	+22.144	+21.590	+21.649	+19.704	+20.894	+20.896	+20.969	+20.773	+20.436	+20.546	+20.689	+20.511	+20.552	+20.467	+20.696	+20.774	+20.774	+20.843	+20.808	+20.707	+22.169	+20.806	+20.759	+20.783	+20.892	+20.780	+20.800	+20.789	+20.932	+20.980	+20.805	+21.423	+20.716	+20.805	+20.798	+20.810	+20.810	+20.719	+20.806	+20.811	+26.085	+19.809	+21.813	+22.608	+22.479	+19.798	+22.529	+19.827	+22.530	+22.528	+22.527	+22.478	+22.475	+22.491	+22.228	+19.823	+22.548	+22.218	+22.232	+22.324	+19.822	+22.583	+19.820	+19.810	+19.804	+26.726	+26.576	+19.810	+22.289	+22.370	+22.259	+22.391	+22.387	+22.181	+22.162	+19.935	+22.337	+21.512	+19.936	+27.609	+22.278	+22.272	+19.948	+22.422	+27.069	+25.745	+25.618	+19.481	+19.481	+19.482	+20.370	+20.854	+19.476	+20.505	+20.383	+20.289	+19.833	+19.857	+19.840	+19.840	
rs71322791     +19.820	+19.614	+19.815	+19.856	+19.852	+19.855	+19.853	+19.776	+19.788	+19.773	+19.778	+19.611	+21.231	+20.085	+21.695	+19.737	+21.885	+22.250	+21.724	+21.779	+19.886	+21.046	+21.047	+21.122	+20.924	+20.647	+20.708	+20.801	+20.640	+20.675	+20.696	+20.649	+20.825	+20.824	+20.884	+20.826	+20.727	+22.124	+20.967	+20.868	+20.946	+21.053	+20.942	+20.962	+20.952	+21.069	+21.111	+20.967	+21.521	+20.879	+20.966	+20.959	+20.971	+20.971	+20.882	+20.968	+20.975	+26.104	+20.000	+21.964	+22.753	+22.626	+19.990	+22.675	+20.020	+22.676	+22.674	+22.673	+22.625	+22.623	+22.638	+22.368	+20.016	+22.694	+22.361	+22.373	+22.470	+20.015	+22.729	+20.012	+20.003	+19.999	+26.739	+26.590	+20.007	+22.442	+22.498	+22.413	+22.513	+22.509	+22.335	+22.316	+20.131	+22.463	+21.753	+20.121	+27.677	+22.432	+22.426	+20.145	+22.578	+27.101	+25.794	+25.666	+19.662	+19.662	+19.663	+20.538	+21.042	+19.658	+20.670	+20.549	+20.443	+20.002	+20.056	+20.008	+20.008	
rs9874869      +19.936	+19.732	+19.935	+19.975	+19.971	+19.975	+19.972	+19.893	+19.905	+19.889	+19.894	+19.729	+21.309	+20.198	+21.771	+19.856	+21.955	+22.310	+21.796	+21.849	+20.003	+21.128	+21.130	+21.202	+21.006	+20.761	+20.798	+20.876	+20.725	+20.757	+20.774	+20.825	+20.767	+20.881	+20.933	+20.876	+20.783	+22.154	+21.075	+20.965	+21.059	+21.167	+21.056	+21.069	+21.065	+21.174	+21.216	+21.074	+21.616	+20.993	+21.074	+21.066	+21.078	+21.078	+20.996	+21.075	+21.090	+26.171	+20.120	+22.073	+22.865	+22.737	+20.110	+22.787	+20.140	+22.788	+22.786	+22.785	+22.737	+22.735	+22.750	+22.471	+20.136	+22.806	+22.464	+22.476	+22.582	+20.135	+22.841	+20.132	+20.122	+20.121	+26.807	+26.661	+20.130	+22.556	+22.600	+22.527	+22.616	+22.612	+22.449	+22.430	+20.252	+22.567	+21.870	+20.238	+27.769	+22.546	+22.540	+20.268	+22.692	+27.185	+25.891	+25.764	+19.779	+19.779	+19.780	+20.652	+21.158	+19.775	+20.785	+20.664	+20.557	+20.118	+20.173	+20.124	+20.124	
rs11712645     +19.934	+19.730	+19.933	+19.973	+19.968	+19.972	+19.970	+19.891	+19.904	+19.887	+19.892	+19.728	+21.312	+20.195	+21.774	+19.855	+21.958	+22.313	+21.799	+21.852	+20.001	+21.131	+21.132	+21.204	+21.008	+20.762	+20.800	+20.877	+20.726	+20.757	+20.774	+20.824	+20.881	+20.765	+20.932	+20.874	+20.781	+22.150	+21.072	+20.962	+21.057	+21.164	+21.053	+21.066	+21.063	+21.173	+21.214	+21.072	+21.613	+20.990	+21.071	+21.064	+21.076	+21.075	+20.993	+21.072	+21.087	+26.167	+20.118	+22.070	+22.861	+22.734	+20.108	+22.783	+20.138	+22.784	+22.782	+22.782	+22.733	+22.731	+22.747	+22.467	+20.134	+22.803	+22.460	+22.472	+22.579	+20.133	+22.837	+20.131	+20.121	+20.120	+26.803	+26.656	+20.128	+22.553	+22.598	+22.523	+22.613	+22.610	+22.446	+22.427	+20.250	+22.564	+21.868	+20.236	+27.765	+22.543	+22.537	+20.267	+22.688	+27.180	+25.886	+25.759	+19.777	+19.777	+19.778	+20.650	+21.156	+19.773	+20.783	+20.662	+20.555	+20.115	+20.171	+20.122	+20.122	
rs71322792     +20.036	+19.833	+20.029	+20.068	+20.064	+20.068	+20.065	+19.990	+20.006	+19.987	+19.992	+19.828	+21.386	+20.289	+21.844	+19.956	+22.025	+22.371	+21.866	+21.918	+20.100	+21.207	+21.208	+21.270	+21.085	+20.859	+20.882	+20.948	+20.803	+20.832	+20.843	+20.884	+20.933	+20.932	+20.866	+20.925	+20.839	+22.178	+21.175	+21.033	+21.160	+21.267	+21.156	+21.169	+21.165	+21.249	+21.291	+21.174	+21.678	+21.093	+21.174	+21.166	+21.178	+21.178	+21.096	+21.175	+21.189	+26.206	+20.221	+22.166	+22.960	+22.833	+20.210	+22.883	+20.240	+22.884	+22.882	+22.881	+22.833	+22.831	+22.846	+22.568	+20.236	+22.902	+22.561	+22.573	+22.678	+20.236	+22.937	+20.233	+20.223	+20.224	+26.885	+26.739	+20.230	+22.653	+22.697	+22.623	+22.717	+22.713	+22.546	+22.527	+20.353	+22.663	+21.972	+20.337	+27.862	+22.643	+22.637	+20.369	+22.788	+27.286	+25.996	+25.870	+19.877	+19.877	+19.878	+20.753	+21.255	+19.873	+20.886	+20.764	+20.643	+20.208	+20.271	+20.215	+20.215	
rs11713700     +19.907	+19.697	+19.895	+19.933	+19.929	+19.932	+19.930	+19.857	+19.858	+19.843	+19.854	+19.692	+21.397	+20.142	+21.866	+19.831	+22.048	+22.397	+21.887	+21.939	+19.965	+21.211	+21.212	+21.285	+21.081	+20.798	+20.862	+20.928	+20.762	+20.795	+20.808	+20.826	+20.876	+20.874	+20.925	+20.734	+20.744	+22.037	+20.956	+20.932	+20.940	+21.041	+20.937	+20.947	+20.946	+21.130	+21.173	+20.952	+21.582	+20.874	+20.952	+20.945	+20.956	+20.956	+20.877	+20.953	+20.970	+26.015	+20.079	+22.035	+22.704	+22.580	+20.069	+22.628	+20.099	+22.630	+22.628	+22.627	+22.580	+22.577	+22.593	+22.324	+20.095	+22.648	+22.316	+22.329	+22.428	+20.095	+22.681	+20.092	+20.082	+20.081	+26.698	+26.552	+20.089	+22.409	+22.581	+22.379	+22.597	+22.593	+22.304	+22.281	+20.211	+22.548	+21.743	+20.199	+27.621	+22.399	+22.393	+20.227	+22.542	+27.088	+25.808	+25.685	+19.743	+19.743	+19.744	+20.570	+21.116	+19.740	+20.699	+20.581	+20.509	+20.077	+20.164	+20.084	+20.084	
rs9868442      +19.674	+19.456	+19.637	+19.674	+19.670	+19.673	+19.671	+19.610	+19.619	+19.593	+19.605	+19.451	+21.341	+19.903	+21.821	+19.595	+22.010	+22.367	+21.845	+21.899	+19.719	+21.146	+21.147	+21.222	+21.005	+20.632	+20.768	+20.845	+20.658	+20.695	+20.707	+20.727	+20.783	+20.781	+20.839	+20.744	+20.489	+21.863	+20.683	+20.692	+20.671	+20.772	+20.669	+20.675	+20.677	+20.870	+20.916	+20.680	+21.335	+20.607	+20.679	+20.672	+20.683	+20.683	+20.609	+20.680	+20.719	+25.736	+19.830	+21.791	+22.452	+22.327	+19.820	+22.376	+19.851	+22.378	+22.375	+22.375	+22.328	+22.325	+22.341	+22.050	+19.846	+22.395	+22.040	+22.055	+22.175	+19.846	+22.429	+19.843	+19.834	+19.837	+26.428	+26.303	+19.843	+22.159	+22.319	+22.130	+22.337	+22.333	+22.054	+22.031	+19.963	+22.288	+21.496	+19.954	+27.350	+22.149	+22.143	+19.979	+22.290	+26.843	+25.550	+25.427	+19.498	+19.498	+19.498	+20.326	+20.878	+19.495	+20.456	+20.338	+20.253	+19.827	+19.914	+19.833	+19.833	
rs1899372      +20.605	+20.231	+20.323	+20.373	+20.372	+20.373	+20.374	+20.423	+20.367	+20.304	+20.323	+20.242	+22.921	+21.096	+23.430	+20.359	+23.604	+23.917	+23.442	+23.485	+20.491	+22.728	+22.730	+22.794	+22.574	+21.764	+22.334	+22.323	+22.138	+22.164	+22.169	+22.124	+22.154	+22.150	+22.178	+22.037	+21.863	+21.259	+20.799	+21.134	+20.784	+20.854	+20.784	+20.782	+20.789	+21.359	+21.403	+20.786	+21.695	+20.746	+20.786	+20.780	+20.787	+20.787	+20.746	+20.785	+20.890	+24.716	+20.618	+22.423	+22.283	+22.180	+20.612	+22.223	+20.644	+22.225	+22.223	+22.223	+22.184	+22.182	+22.195	+21.866	+20.641	+22.241	+21.855	+21.872	+22.057	+20.640	+22.270	+20.638	+20.628	+20.639	+25.608	+25.495	+20.617	+22.068	+22.731	+22.044	+22.758	+22.754	+21.986	+21.966	+20.747	+22.712	+21.536	+20.752	+26.599	+22.066	+22.061	+20.761	+22.223	+26.212	+25.746	+25.591	+20.263	+20.263	+20.263	+21.097	+21.695	+20.260	+21.223	+21.104	+20.785	+20.451	+20.791	+20.453	+20.453	
rs9855374      +2.990	+1.032	+1.642	+2.255	+2.266	+2.259	+2.268	+2.755	+1.786	+0.433	+0.454	+1.297	+21.469	+14.283	+21.906	+2.091	+22.220	+22.742	+22.029	+22.123	+0.728	+21.209	+21.213	+21.346	+21.037	+15.699	+20.621	+21.007	+20.657	+20.754	+20.806	+20.967	+21.075	+21.072	+21.175	+20.956	+20.683	+20.799	+0.950	+15.189	+0.884	+0.870	+0.883	+0.891	+0.887	+7.529	+7.911	+0.903	+16.804	+0.857	+0.902	+0.888	+0.903	+0.903	+0.857	+0.900	+0.979	+16.876	+0.507	+2.896	+2.884	+2.751	+0.463	+2.795	+0.456	+2.796	+2.793	+2.793	+2.742	+2.739	+2.755	+2.466	+0.457	+2.813	+2.468	+2.473	+2.572	+0.457	+2.847	+0.458	+0.460	+0.448	+17.752	+17.446	+0.445	+2.308	+9.149	+2.374	+9.172	+9.158	+2.296	+2.283	+0.441	+9.104	+1.249	+0.551	+13.264	+2.395	+2.389	+0.442	+2.583	+11.736	+8.417	+8.195	+0.494	+0.493	+0.486	+0.640	+1.472	+0.485	+0.706	+0.653	+3.149	+1.902	+0.448	+1.900	+1.897	
rs9818075      +7.213	+6.760	+6.571	+6.928	+6.934	+6.930	+6.934	+7.244	+6.919	+6.474	+7.307	+8.276	+21.439	+15.588	+22.074	+9.053	+22.335	+22.832	+22.141	+22.214	+6.725	+21.186	+21.189	+21.301	+21.029	+12.275	+20.633	+20.962	+20.648	+20.708	+20.759	+20.868	+20.965	+20.962	+21.033	+20.932	+20.692	+21.134	+15.189	+7.114	+14.961	+14.609	+14.950	+15.043	+14.975	+7.029	+7.054	+15.087	+8.187	+14.760	+15.082	+15.022	+15.084	+15.083	+14.760	+15.059	+15.285	+16.762	+7.006	+9.668	+14.456	+14.244	+6.775	+14.299	+6.808	+14.298	+14.293	+14.291	+14.210	+14.208	+14.239	+13.229	+6.803	+14.332	+13.158	+13.241	+13.864	+6.802	+14.386	+6.800	+6.790	+6.816	+17.592	+17.273	+6.800	+13.702	+8.301	+13.750	+8.331	+8.326	+13.613	+13.592	+6.890	+8.297	+11.749	+7.071	+16.429	+13.778	+13.767	+6.900	+13.967	+13.457	+11.091	+10.962	+6.452	+6.451	+6.446	+7.210	+8.523	+6.445	+7.340	+7.231	+8.504	+7.572	+6.466	+7.576	+7.575	
rs6548499      +2.956	+0.992	+1.607	+2.221	+2.232	+2.225	+2.234	+2.720	+1.729	+0.406	+0.421	+1.271	+21.439	+14.244	+21.875	+2.041	+22.189	+22.710	+22.000	+22.094	+0.694	+21.177	+21.181	+21.315	+21.004	+15.586	+20.589	+20.973	+20.635	+20.731	+20.783	+20.946	+21.059	+21.057	+21.160	+20.940	+20.671	+20.784	+0.884	+14.961	+0.917	+0.858	+0.894	+0.869	+0.898	+7.466	+7.840	+0.884	+16.655	+0.864	+0.883	+0.867	+0.885	+0.884	+0.864	+0.883	+0.995	+16.864	+0.475	+2.859	+2.897	+2.760	+0.432	+2.805	+0.425	+2.806	+2.803	+2.802	+2.750	+2.747	+2.764	+2.462	+0.426	+2.823	+2.464	+2.469	+2.575	+0.426	+2.858	+0.427	+0.429	+0.418	+17.736	+17.427	+0.416	+2.304	+9.081	+2.372	+9.102	+9.088	+2.293	+2.279	+0.411	+9.034	+1.230	+0.520	+13.249	+2.393	+2.387	+0.412	+2.583	+11.714	+8.392	+8.170	+0.464	+0.462	+0.455	+0.611	+1.444	+0.454	+0.677	+0.623	+3.110	+1.867	+0.418	+1.865	+1.863	
rs35423302     +2.983	+1.034	+1.538	+2.242	+2.253	+2.246	+2.256	+2.744	+1.744	+0.414	+0.431	+1.327	+21.549	+14.340	+21.987	+2.134	+22.301	+22.824	+22.113	+22.208	+0.708	+21.287	+21.291	+21.425	+21.112	+15.973	+20.697	+21.081	+20.743	+20.840	+20.892	+21.053	+21.167	+21.164	+21.267	+21.041	+20.772	+20.854	+0.870	+14.609	+0.858	+0.939	+0.858	+0.851	+0.862	+7.390	+7.758	+0.864	+16.293	+0.828	+0.864	+0.849	+0.865	+0.865	+0.829	+0.864	+0.961	+16.902	+0.489	+2.850	+2.881	+2.751	+0.445	+2.794	+0.437	+2.795	+2.793	+2.792	+2.742	+2.739	+2.755	+2.475	+0.439	+2.812	+2.478	+2.482	+2.576	+0.439	+2.845	+0.440	+0.442	+0.430	+17.774	+17.467	+0.429	+2.317	+8.984	+2.382	+9.004	+8.991	+2.306	+2.293	+0.425	+8.937	+1.266	+0.536	+13.285	+2.403	+2.397	+0.426	+2.589	+11.757	+8.443	+8.220	+0.480	+0.478	+0.471	+0.628	+1.470	+0.469	+0.694	+0.640	+3.154	+1.899	+0.435	+1.897	+1.894	
rs4539916      +2.957	+0.993	+1.607	+2.221	+2.232	+2.225	+2.235	+2.720	+1.726	+0.407	+0.422	+1.272	+21.436	+14.241	+21.872	+2.039	+22.185	+22.707	+21.997	+22.091	+0.694	+21.174	+21.178	+21.312	+21.001	+15.559	+20.586	+20.970	+20.631	+20.727	+20.780	+20.942	+21.056	+21.053	+21.156	+20.937	+20.669	+20.784	+0.883	+14.950	+0.894	+0.858	+0.917	+0.870	+0.900	+7.469	+7.842	+0.885	+16.665	+0.868	+0.885	+0.868	+0.886	+0.886	+0.868	+0.884	+0.997	+16.862	+0.476	+2.859	+2.896	+2.760	+0.433	+2.804	+0.425	+2.805	+2.803	+2.802	+2.750	+2.747	+2.763	+2.461	+0.427	+2.823	+2.463	+2.468	+2.575	+0.427	+2.858	+0.428	+0.430	+0.419	+17.735	+17.426	+0.417	+2.304	+9.083	+2.371	+9.103	+9.089	+2.292	+2.278	+0.411	+9.035	+1.230	+0.521	+13.248	+2.392	+2.386	+0.413	+2.583	+11.712	+8.391	+8.169	+0.465	+0.463	+0.456	+0.612	+1.444	+0.455	+0.678	+0.624	+3.109	+1.866	+0.419	+1.865	+1.862	
