## Summary of overall evidence for association with region:
## log10(BF for region) = -0.64918
## p-value for region = NA

## BFs for choosing among multi-SNP models:
## log10(average 1-SNP BF) = -0.566759
## log10(average 2-SNP BF) = -0.884238

## Example posterior probabilities for multi-SNP models, based on default prior: [p(l) propto 0.5^l for l=1,2,...,L]
## posterior probability of 1-SNP = 0.805991
## posterior probability of 2-SNP = 0.194009

## log10(BF) for single SNP and pair of SNPs:
rs2346747      -0.633	-0.788	-0.786	-0.787	-0.787	-0.790	-0.794	-0.825	-0.809	-0.814	-0.823	-0.804	-0.822	-0.816	-0.819	-0.819	-0.834	-0.830	-0.839	-0.836	-0.859	-0.857	-0.858	-0.858	-0.857	-0.859	-0.753	-0.858	-0.865	-0.866	-0.868	-0.868	-0.867	-0.750	-0.866	-0.836	-0.867	-0.865	-0.865	-0.678	-0.666	-0.667	-0.673	-0.667	-0.678	-0.720	-0.697	-0.639	-0.912	-0.967	-0.952	-0.955	-0.933	-0.998	-0.921	-0.725	-0.926	-0.907	-0.937	-0.922	-1.068	-1.070	-1.062	-1.066	-1.070	-1.025	-1.114	-1.098	-1.065	-1.064	-1.064	-1.078	-1.081	-1.070	-1.064	-1.088	-1.089	-1.093	-1.070	-1.088	-1.102	-1.103	-1.099	-1.101	-1.097	-1.097	-1.104	-1.097	-1.098	-1.094	-1.096	-1.025	-1.098	-1.094	-1.094	-1.029	-1.094	-1.093	-1.095	-1.096	-1.038	-1.093	-1.088	-1.097	-1.092	-1.091	-1.099	-1.027	-1.024	-1.113	-1.057	-1.113	-1.022	-1.020	-1.116	-1.117	-1.118	-1.117	-1.119	-1.020	-1.117	-1.089	-1.025	-1.024	-1.079	-1.086	-1.070	-0.971	-1.085	-0.970	-0.978	-0.970	-0.978	-0.968	-0.978	-0.790	-1.025	-1.069	-0.995	-1.073	-1.103	-1.024	-1.070	-1.024	-1.024	-1.069	-0.987	-0.979	-0.980	-1.024	-1.024	-1.037	-1.024	-1.018	-1.020	-1.018	-1.017	-1.006	-1.082	-1.020	-0.975	-1.002	-0.973	-1.066	-1.091	-0.867	-0.802	-0.826	-0.774	-0.897	-1.110	-0.893	-0.873	-1.110	-0.892	-1.000	-0.944	-0.874	-0.884	-1.123	-1.099	-1.095	-1.084	
rs2724711      -0.788	-0.633	-0.767	-0.769	-0.767	-0.768	-0.778	-0.813	-0.796	-0.800	-0.811	-0.789	-0.809	-0.802	-0.806	-0.805	-0.823	-0.819	-0.828	-0.825	-0.851	-0.848	-0.849	-0.849	-0.848	-0.851	-0.736	-0.849	-0.857	-0.858	-0.860	-0.860	-0.859	-0.733	-0.857	-0.825	-0.859	-0.857	-0.857	-0.656	-0.643	-0.645	-0.651	-0.645	-0.657	-0.702	-0.677	-0.617	-0.911	-0.966	-0.952	-0.955	-0.933	-0.998	-0.922	-0.726	-0.927	-0.908	-0.937	-0.922	-1.067	-1.070	-1.062	-1.065	-1.069	-1.025	-1.114	-1.098	-1.065	-1.064	-1.064	-1.078	-1.081	-1.069	-1.064	-1.088	-1.089	-1.093	-1.070	-1.088	-1.102	-1.102	-1.099	-1.100	-1.097	-1.097	-1.103	-1.097	-1.098	-1.094	-1.096	-1.024	-1.098	-1.094	-1.094	-1.028	-1.093	-1.093	-1.094	-1.096	-1.037	-1.093	-1.088	-1.097	-1.092	-1.090	-1.098	-1.026	-1.023	-1.113	-1.057	-1.113	-1.021	-1.020	-1.116	-1.116	-1.118	-1.116	-1.119	-1.020	-1.117	-1.089	-1.024	-1.024	-1.079	-1.085	-1.070	-0.970	-1.084	-0.970	-0.977	-0.970	-0.977	-0.967	-0.978	-0.789	-1.024	-1.069	-0.995	-1.072	-1.103	-1.024	-1.070	-1.024	-1.024	-1.069	-0.986	-0.979	-0.979	-1.024	-1.024	-1.036	-1.024	-1.018	-1.019	-1.018	-1.017	-1.005	-1.082	-1.019	-0.975	-1.001	-0.972	-1.066	-1.091	-0.867	-0.802	-0.826	-0.774	-0.897	-1.109	-0.893	-0.873	-1.110	-0.892	-1.000	-0.943	-0.873	-0.884	-1.123	-1.098	-1.095	-1.083	
rs2622744      -0.786	-0.767	-0.632	-0.767	-0.767	-0.765	-0.777	-0.808	-0.790	-0.794	-0.806	-0.783	-0.804	-0.797	-0.800	-0.800	-0.818	-0.814	-0.823	-0.820	-0.847	-0.844	-0.845	-0.845	-0.844	-0.847	-0.727	-0.845	-0.853	-0.855	-0.856	-0.856	-0.855	-0.724	-0.854	-0.820	-0.855	-0.854	-0.853	-0.646	-0.633	-0.634	-0.641	-0.635	-0.646	-0.693	-0.668	-0.606	-0.910	-0.965	-0.952	-0.956	-0.934	-0.998	-0.922	-0.727	-0.927	-0.908	-0.938	-0.923	-1.066	-1.069	-1.061	-1.065	-1.069	-1.024	-1.113	-1.097	-1.065	-1.063	-1.063	-1.077	-1.080	-1.069	-1.063	-1.087	-1.088	-1.092	-1.069	-1.087	-1.101	-1.102	-1.098	-1.100	-1.096	-1.096	-1.103	-1.096	-1.097	-1.093	-1.095	-1.023	-1.097	-1.094	-1.094	-1.027	-1.093	-1.092	-1.094	-1.096	-1.036	-1.092	-1.087	-1.096	-1.091	-1.090	-1.098	-1.025	-1.022	-1.112	-1.056	-1.112	-1.020	-1.019	-1.115	-1.116	-1.117	-1.116	-1.118	-1.019	-1.116	-1.088	-1.024	-1.023	-1.078	-1.085	-1.069	-0.969	-1.084	-0.969	-0.976	-0.969	-0.976	-0.966	-0.977	-0.788	-1.023	-1.068	-0.994	-1.072	-1.102	-1.023	-1.070	-1.023	-1.023	-1.068	-0.985	-0.978	-0.978	-1.023	-1.023	-1.036	-1.023	-1.017	-1.018	-1.017	-1.016	-1.004	-1.081	-1.018	-0.973	-1.000	-0.971	-1.065	-1.090	-0.866	-0.802	-0.826	-0.774	-0.896	-1.108	-0.892	-0.872	-1.109	-0.891	-0.999	-0.942	-0.873	-0.883	-1.122	-1.098	-1.094	-1.082	
rs2622743      -0.787	-0.769	-0.767	-0.633	-0.767	-0.770	-0.778	-0.814	-0.796	-0.800	-0.811	-0.790	-0.809	-0.803	-0.806	-0.806	-0.823	-0.819	-0.828	-0.825	-0.850	-0.848	-0.849	-0.849	-0.848	-0.851	-0.735	-0.849	-0.856	-0.858	-0.859	-0.859	-0.858	-0.733	-0.857	-0.825	-0.859	-0.857	-0.856	-0.656	-0.643	-0.645	-0.651	-0.645	-0.657	-0.702	-0.677	-0.617	-0.912	-0.966	-0.952	-0.955	-0.933	-0.998	-0.922	-0.726	-0.927	-0.908	-0.937	-0.922	-1.067	-1.070	-1.062	-1.065	-1.069	-1.025	-1.114	-1.098	-1.065	-1.064	-1.064	-1.078	-1.081	-1.070	-1.064	-1.088	-1.089	-1.093	-1.070	-1.088	-1.102	-1.102	-1.099	-1.100	-1.097	-1.097	-1.103	-1.097	-1.098	-1.094	-1.096	-1.024	-1.098	-1.094	-1.094	-1.028	-1.093	-1.093	-1.094	-1.096	-1.037	-1.093	-1.088	-1.097	-1.092	-1.090	-1.098	-1.026	-1.023	-1.113	-1.057	-1.113	-1.021	-1.020	-1.116	-1.116	-1.118	-1.116	-1.119	-1.020	-1.117	-1.089	-1.024	-1.024	-1.079	-1.086	-1.070	-0.971	-1.084	-0.970	-0.977	-0.970	-0.977	-0.968	-0.978	-0.789	-1.024	-1.069	-0.995	-1.072	-1.103	-1.024	-1.070	-1.024	-1.024	-1.069	-0.986	-0.979	-0.979	-1.024	-1.024	-1.037	-1.024	-1.018	-1.019	-1.018	-1.017	-1.006	-1.082	-1.019	-0.975	-1.001	-0.972	-1.066	-1.091	-0.867	-0.802	-0.826	-0.774	-0.897	-1.109	-0.893	-0.873	-1.110	-0.892	-1.000	-0.944	-0.873	-0.884	-1.123	-1.099	-1.095	-1.083	
rs2622742      -0.787	-0.767	-0.767	-0.767	-0.632	-0.766	-0.777	-0.809	-0.790	-0.795	-0.806	-0.784	-0.804	-0.798	-0.801	-0.800	-0.818	-0.814	-0.824	-0.820	-0.847	-0.844	-0.845	-0.845	-0.844	-0.847	-0.728	-0.845	-0.853	-0.855	-0.856	-0.856	-0.855	-0.725	-0.854	-0.821	-0.855	-0.854	-0.853	-0.646	-0.633	-0.635	-0.641	-0.635	-0.647	-0.694	-0.668	-0.606	-0.910	-0.965	-0.952	-0.956	-0.934	-0.998	-0.922	-0.727	-0.927	-0.908	-0.938	-0.923	-1.066	-1.069	-1.061	-1.065	-1.069	-1.024	-1.113	-1.098	-1.065	-1.064	-1.063	-1.077	-1.080	-1.069	-1.063	-1.087	-1.088	-1.092	-1.069	-1.087	-1.101	-1.102	-1.098	-1.100	-1.097	-1.096	-1.103	-1.096	-1.097	-1.093	-1.095	-1.024	-1.097	-1.094	-1.094	-1.027	-1.093	-1.092	-1.094	-1.096	-1.037	-1.093	-1.087	-1.096	-1.091	-1.090	-1.098	-1.025	-1.022	-1.112	-1.056	-1.112	-1.020	-1.019	-1.115	-1.116	-1.117	-1.116	-1.118	-1.019	-1.116	-1.088	-1.024	-1.023	-1.078	-1.085	-1.069	-0.970	-1.084	-0.969	-0.976	-0.969	-0.976	-0.967	-0.977	-0.788	-1.023	-1.068	-0.994	-1.072	-1.102	-1.023	-1.070	-1.023	-1.023	-1.068	-0.985	-0.978	-0.978	-1.023	-1.023	-1.036	-1.023	-1.017	-1.018	-1.017	-1.016	-1.005	-1.081	-1.019	-0.974	-1.000	-0.971	-1.065	-1.090	-0.866	-0.802	-0.826	-0.774	-0.896	-1.109	-0.892	-0.873	-1.109	-0.891	-0.999	-0.942	-0.873	-0.883	-1.122	-1.098	-1.094	-1.082	
rs2251550      -0.790	-0.768	-0.765	-0.770	-0.766	-0.635	-0.778	-0.831	-0.816	-0.820	-0.829	-0.808	-0.827	-0.820	-0.825	-0.824	-0.839	-0.835	-0.842	-0.841	-0.862	-0.861	-0.861	-0.861	-0.861	-0.863	-0.764	-0.861	-0.867	-0.869	-0.870	-0.870	-0.869	-0.761	-0.868	-0.843	-0.869	-0.868	-0.868	-0.691	-0.679	-0.680	-0.687	-0.680	-0.692	-0.732	-0.710	-0.654	-0.915	-0.970	-0.951	-0.954	-0.931	-0.998	-0.920	-0.722	-0.925	-0.907	-0.936	-0.921	-1.069	-1.071	-1.063	-1.067	-1.071	-1.027	-1.116	-1.100	-1.067	-1.066	-1.065	-1.079	-1.083	-1.071	-1.065	-1.090	-1.091	-1.094	-1.071	-1.090	-1.104	-1.104	-1.101	-1.102	-1.099	-1.099	-1.105	-1.099	-1.100	-1.096	-1.098	-1.027	-1.100	-1.096	-1.096	-1.031	-1.095	-1.095	-1.096	-1.098	-1.040	-1.095	-1.090	-1.099	-1.094	-1.092	-1.100	-1.029	-1.026	-1.115	-1.059	-1.115	-1.024	-1.023	-1.118	-1.118	-1.120	-1.118	-1.121	-1.023	-1.119	-1.091	-1.027	-1.027	-1.080	-1.087	-1.071	-0.974	-1.086	-0.973	-0.980	-0.973	-0.980	-0.971	-0.981	-0.793	-1.027	-1.070	-0.998	-1.074	-1.105	-1.026	-1.072	-1.026	-1.026	-1.071	-0.989	-0.981	-0.982	-1.027	-1.027	-1.038	-1.026	-1.021	-1.022	-1.021	-1.020	-1.009	-1.084	-1.022	-0.978	-1.005	-0.975	-1.070	-1.093	-0.867	-0.802	-0.826	-0.774	-0.899	-1.112	-0.895	-0.875	-1.113	-0.894	-1.003	-0.949	-0.875	-0.885	-1.125	-1.102	-1.098	-1.086	
rs6798385      -0.794	-0.778	-0.777	-0.778	-0.777	-0.778	-0.632	-0.814	-0.796	-0.801	-0.811	-0.790	-0.809	-0.803	-0.806	-0.805	-0.823	-0.818	-0.827	-0.824	-0.850	-0.847	-0.848	-0.848	-0.847	-0.850	-0.734	-0.848	-0.856	-0.858	-0.859	-0.859	-0.858	-0.731	-0.857	-0.821	-0.858	-0.856	-0.856	-0.654	-0.642	-0.643	-0.650	-0.644	-0.655	-0.700	-0.676	-0.615	-0.911	-0.966	-0.952	-0.955	-0.933	-0.997	-0.921	-0.725	-0.926	-0.908	-0.937	-0.922	-1.066	-1.069	-1.061	-1.065	-1.069	-1.024	-1.113	-1.098	-1.065	-1.064	-1.063	-1.077	-1.080	-1.069	-1.063	-1.087	-1.088	-1.092	-1.069	-1.087	-1.101	-1.102	-1.098	-1.100	-1.097	-1.097	-1.103	-1.096	-1.097	-1.093	-1.095	-1.024	-1.097	-1.094	-1.094	-1.028	-1.093	-1.092	-1.094	-1.096	-1.037	-1.093	-1.087	-1.096	-1.091	-1.090	-1.098	-1.026	-1.022	-1.112	-1.056	-1.112	-1.021	-1.020	-1.116	-1.116	-1.117	-1.116	-1.118	-1.020	-1.116	-1.088	-1.024	-1.024	-1.078	-1.085	-1.069	-0.970	-1.084	-0.969	-0.977	-0.969	-0.977	-0.967	-0.977	-0.788	-1.024	-1.068	-0.994	-1.072	-1.102	-1.024	-1.070	-1.024	-1.024	-1.068	-0.986	-0.978	-0.979	-1.024	-1.024	-1.036	-1.023	-1.017	-1.019	-1.017	-1.016	-1.005	-1.081	-1.019	-0.974	-1.001	-0.972	-1.065	-1.090	-0.866	-0.802	-0.826	-0.774	-0.896	-1.109	-0.893	-0.873	-1.109	-0.891	-0.999	-0.943	-0.873	-0.883	-1.122	-1.098	-1.094	-1.083	
rs539905       -0.825	-0.813	-0.808	-0.814	-0.809	-0.831	-0.814	-0.635	-0.764	-0.767	-0.772	-0.767	-0.771	-0.772	-0.770	-0.770	-0.781	-0.781	-0.788	-0.788	-0.807	-0.808	-0.808	-0.808	-0.808	-0.808	-0.750	-0.809	-0.808	-0.807	-0.807	-0.807	-0.808	-0.751	-0.814	-0.829	-0.809	-0.811	-0.812	-0.677	-0.667	-0.669	-0.676	-0.670	-0.682	-0.732	-0.706	-0.645	-0.920	-0.973	-0.926	-0.929	-0.904	-0.979	-0.892	-0.682	-0.898	-0.884	-0.911	-0.895	-1.065	-1.065	-1.057	-1.061	-1.065	-1.023	-1.113	-1.096	-1.060	-1.059	-1.059	-1.073	-1.077	-1.065	-1.059	-1.084	-1.085	-1.090	-1.065	-1.084	-1.099	-1.100	-1.096	-1.098	-1.094	-1.094	-1.100	-1.094	-1.095	-1.091	-1.093	-1.026	-1.095	-1.091	-1.091	-1.033	-1.090	-1.090	-1.091	-1.093	-1.042	-1.090	-1.084	-1.094	-1.088	-1.087	-1.096	-1.031	-1.028	-1.111	-1.061	-1.111	-1.025	-1.024	-1.115	-1.115	-1.117	-1.115	-1.119	-1.024	-1.116	-1.086	-1.025	-1.025	-1.075	-1.082	-1.065	-0.976	-1.081	-0.975	-0.980	-0.975	-0.980	-0.973	-0.980	-0.798	-1.024	-1.064	-1.001	-1.068	-1.101	-1.024	-1.066	-1.024	-1.024	-1.064	-0.992	-0.980	-0.980	-1.024	-1.024	-1.030	-1.022	-1.021	-1.021	-1.021	-1.020	-1.011	-1.079	-1.022	-0.983	-1.009	-0.975	-1.073	-1.092	-0.856	-0.786	-0.812	-0.757	-0.896	-1.113	-0.891	-0.870	-1.113	-0.890	-1.004	-0.960	-0.870	-0.881	-1.124	-1.103	-1.098	-1.088	
rs7430719      -0.809	-0.796	-0.790	-0.796	-0.790	-0.816	-0.796	-0.764	-0.633	-0.769	-0.767	-0.776	-0.768	-0.774	-0.770	-0.771	-0.772	-0.776	-0.780	-0.782	-0.797	-0.799	-0.799	-0.799	-0.799	-0.798	-0.773	-0.800	-0.795	-0.793	-0.793	-0.794	-0.795	-0.774	-0.803	-0.834	-0.796	-0.800	-0.801	-0.713	-0.705	-0.706	-0.712	-0.707	-0.717	-0.759	-0.737	-0.685	-0.920	-0.972	-0.920	-0.922	-0.898	-0.973	-0.885	-0.673	-0.891	-0.878	-0.905	-0.888	-1.063	-1.063	-1.054	-1.058	-1.062	-1.021	-1.112	-1.094	-1.058	-1.057	-1.056	-1.071	-1.075	-1.063	-1.057	-1.082	-1.083	-1.087	-1.063	-1.082	-1.097	-1.098	-1.094	-1.096	-1.092	-1.092	-1.097	-1.092	-1.093	-1.089	-1.091	-1.025	-1.093	-1.089	-1.089	-1.032	-1.088	-1.088	-1.089	-1.091	-1.041	-1.088	-1.082	-1.092	-1.086	-1.085	-1.093	-1.030	-1.027	-1.110	-1.060	-1.110	-1.024	-1.023	-1.114	-1.114	-1.116	-1.114	-1.117	-1.023	-1.115	-1.083	-1.024	-1.023	-1.072	-1.080	-1.063	-0.975	-1.079	-0.975	-0.979	-0.975	-0.979	-0.973	-0.979	-0.799	-1.023	-1.062	-1.000	-1.066	-1.099	-1.022	-1.063	-1.022	-1.022	-1.062	-0.991	-0.979	-0.979	-1.022	-1.022	-1.027	-1.020	-1.020	-1.021	-1.020	-1.020	-1.011	-1.077	-1.021	-0.982	-1.008	-0.974	-1.073	-1.091	-0.853	-0.781	-0.807	-0.752	-0.894	-1.112	-0.889	-0.868	-1.112	-0.888	-1.003	-0.962	-0.868	-0.879	-1.123	-1.102	-1.098	-1.088	
rs4564909      -0.814	-0.800	-0.794	-0.800	-0.795	-0.820	-0.801	-0.767	-0.769	-0.634	-0.769	-0.775	-0.770	-0.774	-0.771	-0.771	-0.775	-0.777	-0.782	-0.784	-0.799	-0.801	-0.801	-0.801	-0.801	-0.800	-0.768	-0.802	-0.798	-0.796	-0.796	-0.797	-0.798	-0.769	-0.806	-0.833	-0.799	-0.802	-0.803	-0.705	-0.697	-0.698	-0.704	-0.699	-0.709	-0.753	-0.731	-0.676	-0.920	-0.972	-0.921	-0.924	-0.899	-0.975	-0.887	-0.675	-0.893	-0.880	-0.906	-0.890	-1.064	-1.063	-1.055	-1.059	-1.063	-1.022	-1.112	-1.095	-1.059	-1.057	-1.057	-1.072	-1.075	-1.063	-1.058	-1.083	-1.084	-1.088	-1.063	-1.083	-1.098	-1.098	-1.095	-1.096	-1.093	-1.093	-1.098	-1.093	-1.094	-1.090	-1.091	-1.025	-1.094	-1.090	-1.090	-1.033	-1.089	-1.088	-1.090	-1.092	-1.041	-1.088	-1.083	-1.093	-1.087	-1.085	-1.094	-1.031	-1.027	-1.110	-1.060	-1.110	-1.024	-1.024	-1.114	-1.114	-1.116	-1.114	-1.117	-1.023	-1.115	-1.084	-1.024	-1.024	-1.073	-1.080	-1.063	-0.976	-1.080	-0.975	-0.979	-0.975	-0.979	-0.973	-0.979	-0.799	-1.023	-1.062	-1.000	-1.066	-1.099	-1.023	-1.064	-1.023	-1.023	-1.063	-0.992	-0.980	-0.979	-1.023	-1.023	-1.028	-1.021	-1.020	-1.021	-1.020	-1.020	-1.011	-1.078	-1.021	-0.982	-1.008	-0.975	-1.073	-1.092	-0.854	-0.782	-0.808	-0.754	-0.894	-1.112	-0.890	-0.868	-1.112	-0.888	-1.003	-0.961	-0.869	-0.879	-1.123	-1.103	-1.098	-1.088	
rs2724709      -0.823	-0.811	-0.806	-0.811	-0.806	-0.829	-0.811	-0.772	-0.767	-0.769	-0.635	-0.770	-0.770	-0.772	-0.769	-0.769	-0.777	-0.778	-0.784	-0.785	-0.802	-0.804	-0.804	-0.804	-0.804	-0.803	-0.754	-0.804	-0.801	-0.800	-0.800	-0.801	-0.802	-0.755	-0.809	-0.829	-0.802	-0.805	-0.806	-0.683	-0.674	-0.676	-0.683	-0.677	-0.689	-0.738	-0.713	-0.653	-0.920	-0.973	-0.924	-0.927	-0.902	-0.977	-0.890	-0.679	-0.896	-0.883	-0.909	-0.893	-1.064	-1.065	-1.056	-1.060	-1.064	-1.023	-1.113	-1.096	-1.060	-1.059	-1.058	-1.073	-1.077	-1.064	-1.059	-1.084	-1.085	-1.089	-1.064	-1.084	-1.099	-1.099	-1.096	-1.097	-1.094	-1.094	-1.099	-1.094	-1.095	-1.091	-1.092	-1.026	-1.095	-1.091	-1.091	-1.033	-1.090	-1.089	-1.091	-1.093	-1.042	-1.090	-1.084	-1.094	-1.088	-1.086	-1.095	-1.031	-1.028	-1.111	-1.061	-1.111	-1.025	-1.024	-1.115	-1.115	-1.117	-1.115	-1.118	-1.024	-1.116	-1.085	-1.025	-1.025	-1.074	-1.081	-1.065	-0.976	-1.081	-0.975	-0.980	-0.975	-0.980	-0.974	-0.980	-0.799	-1.024	-1.064	-1.001	-1.067	-1.100	-1.023	-1.065	-1.023	-1.023	-1.064	-0.992	-0.980	-0.980	-1.024	-1.024	-1.030	-1.022	-1.021	-1.021	-1.021	-1.020	-1.012	-1.079	-1.021	-0.983	-1.009	-0.975	-1.073	-1.092	-0.855	-0.785	-0.810	-0.756	-0.895	-1.113	-0.891	-0.869	-1.113	-0.889	-1.004	-0.960	-0.870	-0.880	-1.124	-1.103	-1.098	-1.088	
rs13059645     -0.804	-0.789	-0.783	-0.790	-0.784	-0.808	-0.790	-0.767	-0.776	-0.775	-0.770	-0.632	-0.771	-0.771	-0.773	-0.774	-0.772	-0.776	-0.773	-0.781	-0.793	-0.796	-0.795	-0.795	-0.796	-0.794	-0.783	-0.796	-0.790	-0.787	-0.787	-0.788	-0.790	-0.783	-0.799	-0.836	-0.790	-0.795	-0.796	-0.727	-0.720	-0.721	-0.728	-0.722	-0.733	-0.769	-0.750	-0.701	-0.919	-0.971	-0.916	-0.919	-0.894	-0.970	-0.881	-0.668	-0.887	-0.875	-0.901	-0.884	-1.061	-1.061	-1.052	-1.056	-1.060	-1.020	-1.110	-1.092	-1.056	-1.055	-1.054	-1.069	-1.073	-1.061	-1.055	-1.080	-1.081	-1.086	-1.061	-1.080	-1.096	-1.096	-1.093	-1.094	-1.090	-1.090	-1.095	-1.090	-1.092	-1.087	-1.089	-1.024	-1.091	-1.087	-1.087	-1.031	-1.086	-1.086	-1.087	-1.089	-1.040	-1.086	-1.080	-1.090	-1.084	-1.083	-1.092	-1.029	-1.026	-1.108	-1.058	-1.108	-1.023	-1.022	-1.112	-1.112	-1.114	-1.112	-1.115	-1.022	-1.113	-1.081	-1.022	-1.022	-1.070	-1.078	-1.061	-0.974	-1.078	-0.974	-0.977	-0.974	-0.977	-0.972	-0.978	-0.798	-1.021	-1.060	-0.999	-1.064	-1.097	-1.020	-1.061	-1.020	-1.020	-1.060	-0.990	-0.978	-0.977	-1.021	-1.021	-1.025	-1.019	-1.019	-1.019	-1.019	-1.018	-1.010	-1.076	-1.019	-0.981	-1.007	-0.973	-1.072	-1.090	-0.850	-0.778	-0.804	-0.749	-0.892	-1.111	-0.887	-0.866	-1.111	-0.886	-1.001	-0.961	-0.866	-0.877	-1.121	-1.101	-1.097	-1.087	
rs6807551      -0.822	-0.809	-0.804	-0.809	-0.804	-0.827	-0.809	-0.771	-0.768	-0.770	-0.770	-0.771	-0.634	-0.772	-0.769	-0.769	-0.775	-0.777	-0.782	-0.783	-0.800	-0.802	-0.802	-0.802	-0.802	-0.801	-0.756	-0.803	-0.799	-0.798	-0.798	-0.798	-0.800	-0.757	-0.807	-0.829	-0.800	-0.803	-0.804	-0.686	-0.678	-0.680	-0.686	-0.680	-0.692	-0.741	-0.716	-0.657	-0.920	-0.973	-0.923	-0.926	-0.902	-0.977	-0.889	-0.678	-0.895	-0.882	-0.908	-0.892	-1.064	-1.064	-1.056	-1.060	-1.064	-1.023	-1.113	-1.095	-1.060	-1.058	-1.058	-1.073	-1.076	-1.064	-1.059	-1.084	-1.085	-1.089	-1.064	-1.084	-1.099	-1.099	-1.096	-1.097	-1.094	-1.094	-1.099	-1.093	-1.095	-1.090	-1.092	-1.026	-1.094	-1.090	-1.090	-1.033	-1.090	-1.089	-1.090	-1.093	-1.042	-1.089	-1.084	-1.093	-1.088	-1.086	-1.095	-1.031	-1.028	-1.111	-1.060	-1.111	-1.025	-1.024	-1.115	-1.115	-1.117	-1.115	-1.118	-1.024	-1.116	-1.085	-1.025	-1.024	-1.074	-1.081	-1.064	-0.976	-1.081	-0.975	-0.980	-0.975	-0.980	-0.974	-0.980	-0.799	-1.024	-1.063	-1.001	-1.067	-1.100	-1.023	-1.065	-1.023	-1.023	-1.064	-0.992	-0.980	-0.980	-1.023	-1.023	-1.029	-1.022	-1.021	-1.021	-1.021	-1.020	-1.012	-1.079	-1.021	-0.983	-1.009	-0.975	-1.073	-1.092	-0.855	-0.784	-0.810	-0.755	-0.895	-1.113	-0.890	-0.869	-1.113	-0.889	-1.004	-0.961	-0.869	-0.880	-1.123	-1.103	-1.098	-1.088	
rs2622708      -0.816	-0.802	-0.797	-0.803	-0.798	-0.820	-0.803	-0.772	-0.774	-0.774	-0.772	-0.771	-0.772	-0.634	-0.773	-0.773	-0.775	-0.778	-0.777	-0.783	-0.798	-0.800	-0.800	-0.800	-0.800	-0.799	-0.768	-0.801	-0.796	-0.794	-0.795	-0.795	-0.797	-0.768	-0.804	-0.832	-0.797	-0.801	-0.802	-0.702	-0.695	-0.696	-0.704	-0.696	-0.710	-0.752	-0.730	-0.674	-0.920	-0.972	-0.921	-0.924	-0.899	-0.974	-0.887	-0.675	-0.892	-0.880	-0.906	-0.889	-1.063	-1.063	-1.055	-1.059	-1.063	-1.022	-1.112	-1.094	-1.058	-1.057	-1.057	-1.072	-1.075	-1.063	-1.057	-1.083	-1.084	-1.088	-1.063	-1.083	-1.098	-1.098	-1.095	-1.096	-1.093	-1.093	-1.098	-1.092	-1.094	-1.089	-1.091	-1.025	-1.093	-1.089	-1.089	-1.032	-1.089	-1.088	-1.089	-1.092	-1.041	-1.088	-1.083	-1.092	-1.087	-1.085	-1.094	-1.030	-1.027	-1.110	-1.060	-1.110	-1.024	-1.023	-1.114	-1.114	-1.116	-1.114	-1.117	-1.023	-1.115	-1.084	-1.024	-1.024	-1.073	-1.080	-1.063	-0.975	-1.080	-0.975	-0.979	-0.975	-0.979	-0.973	-0.979	-0.798	-1.023	-1.062	-1.000	-1.066	-1.099	-1.022	-1.064	-1.022	-1.022	-1.062	-0.991	-0.979	-0.979	-1.023	-1.023	-1.028	-1.021	-1.020	-1.021	-1.020	-1.020	-1.011	-1.078	-1.021	-0.982	-1.008	-0.974	-1.073	-1.092	-0.853	-0.782	-0.808	-0.753	-0.894	-1.112	-0.889	-0.868	-1.112	-0.888	-1.003	-0.961	-0.868	-0.879	-1.123	-1.102	-1.098	-1.088	
rs2622721      -0.819	-0.806	-0.800	-0.806	-0.801	-0.825	-0.806	-0.770	-0.770	-0.771	-0.769	-0.773	-0.769	-0.773	-0.634	-0.769	-0.773	-0.775	-0.779	-0.781	-0.797	-0.799	-0.799	-0.799	-0.799	-0.798	-0.759	-0.800	-0.795	-0.794	-0.794	-0.794	-0.796	-0.760	-0.804	-0.830	-0.796	-0.800	-0.801	-0.691	-0.684	-0.685	-0.692	-0.686	-0.697	-0.744	-0.720	-0.663	-0.920	-0.973	-0.922	-0.925	-0.900	-0.975	-0.888	-0.676	-0.893	-0.881	-0.907	-0.891	-1.064	-1.064	-1.055	-1.059	-1.063	-1.022	-1.112	-1.095	-1.059	-1.058	-1.057	-1.072	-1.076	-1.064	-1.058	-1.083	-1.084	-1.088	-1.064	-1.083	-1.098	-1.099	-1.095	-1.097	-1.093	-1.093	-1.098	-1.093	-1.094	-1.090	-1.092	-1.026	-1.094	-1.090	-1.090	-1.033	-1.089	-1.089	-1.090	-1.092	-1.042	-1.089	-1.083	-1.093	-1.087	-1.086	-1.094	-1.031	-1.028	-1.110	-1.060	-1.110	-1.024	-1.024	-1.114	-1.114	-1.116	-1.114	-1.118	-1.024	-1.115	-1.084	-1.024	-1.024	-1.073	-1.081	-1.064	-0.976	-1.080	-0.975	-0.979	-0.975	-0.979	-0.973	-0.980	-0.799	-1.024	-1.063	-1.000	-1.067	-1.100	-1.023	-1.064	-1.023	-1.023	-1.063	-0.992	-0.980	-0.979	-1.023	-1.023	-1.029	-1.021	-1.020	-1.021	-1.020	-1.020	-1.011	-1.078	-1.021	-0.982	-1.009	-0.975	-1.073	-1.092	-0.854	-0.783	-0.809	-0.754	-0.894	-1.112	-0.890	-0.869	-1.113	-0.889	-1.003	-0.961	-0.869	-0.880	-1.123	-1.103	-1.098	-1.088	
rs2622722      -0.819	-0.805	-0.800	-0.806	-0.800	-0.824	-0.805	-0.770	-0.771	-0.771	-0.769	-0.774	-0.769	-0.773	-0.769	-0.634	-0.772	-0.774	-0.778	-0.779	-0.796	-0.798	-0.797	-0.797	-0.798	-0.796	-0.758	-0.798	-0.794	-0.792	-0.792	-0.792	-0.794	-0.759	-0.802	-0.829	-0.794	-0.798	-0.799	-0.689	-0.682	-0.683	-0.690	-0.684	-0.696	-0.743	-0.719	-0.661	-0.920	-0.972	-0.922	-0.925	-0.900	-0.975	-0.888	-0.676	-0.893	-0.880	-0.907	-0.890	-1.064	-1.064	-1.055	-1.059	-1.063	-1.022	-1.112	-1.095	-1.059	-1.058	-1.057	-1.072	-1.076	-1.063	-1.058	-1.083	-1.084	-1.088	-1.063	-1.083	-1.098	-1.099	-1.095	-1.097	-1.093	-1.093	-1.098	-1.093	-1.094	-1.090	-1.092	-1.025	-1.094	-1.090	-1.090	-1.033	-1.089	-1.088	-1.090	-1.092	-1.042	-1.089	-1.083	-1.093	-1.087	-1.085	-1.094	-1.031	-1.028	-1.110	-1.060	-1.110	-1.024	-1.024	-1.114	-1.114	-1.116	-1.114	-1.118	-1.023	-1.115	-1.084	-1.024	-1.024	-1.073	-1.081	-1.064	-0.976	-1.080	-0.975	-0.979	-0.975	-0.979	-0.973	-0.980	-0.799	-1.024	-1.063	-1.000	-1.066	-1.100	-1.023	-1.064	-1.023	-1.023	-1.063	-0.992	-0.980	-0.979	-1.023	-1.023	-1.028	-1.021	-1.020	-1.021	-1.020	-1.020	-1.011	-1.078	-1.021	-0.982	-1.008	-0.975	-1.073	-1.092	-0.854	-0.783	-0.809	-0.754	-0.894	-1.112	-0.890	-0.868	-1.112	-0.888	-1.003	-0.961	-0.869	-0.879	-1.123	-1.103	-1.098	-1.088	
rs9819806      -0.834	-0.823	-0.818	-0.823	-0.818	-0.839	-0.823	-0.781	-0.772	-0.775	-0.777	-0.772	-0.775	-0.775	-0.773	-0.772	-0.635	-0.770	-0.775	-0.773	-0.796	-0.796	-0.796	-0.796	-0.796	-0.796	-0.725	-0.797	-0.794	-0.794	-0.793	-0.794	-0.795	-0.726	-0.802	-0.819	-0.795	-0.798	-0.798	-0.634	-0.628	-0.630	-0.638	-0.631	-0.645	-0.709	-0.678	-0.607	-0.920	-0.973	-0.926	-0.929	-0.905	-0.979	-0.893	-0.682	-0.898	-0.885	-0.912	-0.895	-1.065	-1.066	-1.057	-1.061	-1.065	-1.023	-1.114	-1.096	-1.061	-1.060	-1.059	-1.074	-1.078	-1.065	-1.060	-1.085	-1.086	-1.090	-1.065	-1.085	-1.100	-1.100	-1.097	-1.098	-1.095	-1.095	-1.100	-1.095	-1.096	-1.091	-1.093	-1.026	-1.095	-1.092	-1.092	-1.033	-1.091	-1.090	-1.092	-1.094	-1.042	-1.090	-1.085	-1.095	-1.089	-1.087	-1.096	-1.031	-1.028	-1.112	-1.061	-1.112	-1.025	-1.024	-1.116	-1.116	-1.118	-1.116	-1.119	-1.024	-1.117	-1.086	-1.025	-1.025	-1.075	-1.082	-1.066	-0.976	-1.082	-0.976	-0.980	-0.975	-0.980	-0.974	-0.980	-0.798	-1.025	-1.064	-1.001	-1.068	-1.101	-1.024	-1.066	-1.024	-1.024	-1.065	-0.992	-0.981	-0.980	-1.024	-1.024	-1.031	-1.022	-1.021	-1.022	-1.021	-1.021	-1.012	-1.080	-1.022	-0.983	-1.009	-0.975	-1.073	-1.093	-0.857	-0.786	-0.812	-0.758	-0.896	-1.113	-0.891	-0.870	-1.113	-0.890	-1.004	-0.960	-0.871	-0.881	-1.124	-1.103	-1.099	-1.088	
rs6774473      -0.830	-0.819	-0.814	-0.819	-0.814	-0.835	-0.818	-0.781	-0.776	-0.777	-0.778	-0.776	-0.777	-0.778	-0.775	-0.774	-0.770	-0.635	-0.773	-0.773	-0.794	-0.794	-0.794	-0.794	-0.794	-0.794	-0.733	-0.795	-0.791	-0.790	-0.790	-0.790	-0.792	-0.733	-0.799	-0.821	-0.792	-0.795	-0.796	-0.647	-0.640	-0.642	-0.650	-0.643	-0.657	-0.717	-0.687	-0.619	-0.920	-0.973	-0.925	-0.928	-0.903	-0.978	-0.891	-0.680	-0.896	-0.883	-0.910	-0.894	-1.065	-1.065	-1.057	-1.060	-1.065	-1.023	-1.113	-1.096	-1.060	-1.059	-1.059	-1.073	-1.077	-1.065	-1.059	-1.084	-1.085	-1.089	-1.065	-1.084	-1.099	-1.100	-1.096	-1.098	-1.094	-1.094	-1.099	-1.094	-1.095	-1.091	-1.093	-1.026	-1.095	-1.091	-1.091	-1.033	-1.090	-1.090	-1.091	-1.093	-1.042	-1.090	-1.084	-1.094	-1.088	-1.087	-1.095	-1.031	-1.028	-1.111	-1.061	-1.111	-1.025	-1.024	-1.115	-1.115	-1.117	-1.115	-1.118	-1.024	-1.116	-1.085	-1.025	-1.025	-1.074	-1.082	-1.065	-0.976	-1.081	-0.976	-0.980	-0.975	-0.980	-0.974	-0.980	-0.799	-1.024	-1.064	-1.001	-1.068	-1.101	-1.024	-1.066	-1.024	-1.024	-1.064	-0.992	-0.980	-0.980	-1.024	-1.024	-1.030	-1.022	-1.021	-1.022	-1.021	-1.021	-1.012	-1.079	-1.022	-0.983	-1.009	-0.975	-1.073	-1.093	-0.856	-0.785	-0.811	-0.757	-0.895	-1.113	-0.891	-0.870	-1.113	-0.890	-1.004	-0.960	-0.870	-0.881	-1.124	-1.103	-1.099	-1.088	
rs2724724      -0.839	-0.828	-0.823	-0.828	-0.824	-0.842	-0.827	-0.788	-0.780	-0.782	-0.784	-0.773	-0.782	-0.777	-0.779	-0.778	-0.775	-0.773	-0.635	-0.773	-0.796	-0.795	-0.795	-0.795	-0.795	-0.795	-0.718	-0.796	-0.793	-0.792	-0.792	-0.792	-0.794	-0.718	-0.800	-0.817	-0.794	-0.796	-0.797	-0.615	-0.610	-0.612	-0.625	-0.613	-0.633	-0.698	-0.666	-0.589	-0.920	-0.973	-0.927	-0.930	-0.905	-0.979	-0.893	-0.683	-0.899	-0.885	-0.912	-0.896	-1.065	-1.066	-1.058	-1.061	-1.065	-1.024	-1.114	-1.096	-1.061	-1.060	-1.059	-1.074	-1.078	-1.066	-1.060	-1.085	-1.086	-1.090	-1.066	-1.085	-1.100	-1.100	-1.097	-1.098	-1.095	-1.095	-1.100	-1.095	-1.096	-1.092	-1.093	-1.026	-1.096	-1.092	-1.092	-1.034	-1.091	-1.090	-1.092	-1.094	-1.042	-1.091	-1.085	-1.095	-1.089	-1.087	-1.096	-1.031	-1.028	-1.112	-1.061	-1.112	-1.025	-1.024	-1.116	-1.116	-1.118	-1.116	-1.119	-1.024	-1.117	-1.086	-1.025	-1.025	-1.075	-1.083	-1.066	-0.976	-1.082	-0.976	-0.980	-0.975	-0.980	-0.974	-0.980	-0.798	-1.025	-1.065	-1.001	-1.069	-1.101	-1.024	-1.066	-1.024	-1.024	-1.065	-0.992	-0.981	-0.980	-1.024	-1.024	-1.031	-1.023	-1.021	-1.022	-1.021	-1.021	-1.012	-1.080	-1.022	-0.983	-1.009	-0.975	-1.073	-1.093	-0.857	-0.787	-0.812	-0.758	-0.896	-1.113	-0.892	-0.870	-1.113	-0.890	-1.004	-0.959	-0.871	-0.881	-1.124	-1.103	-1.099	-1.088	
rs9864090      -0.836	-0.825	-0.820	-0.825	-0.820	-0.841	-0.824	-0.788	-0.782	-0.784	-0.785	-0.781	-0.783	-0.783	-0.781	-0.779	-0.773	-0.773	-0.773	-0.635	-0.793	-0.792	-0.792	-0.792	-0.792	-0.791	-0.722	-0.792	-0.789	-0.787	-0.787	-0.787	-0.789	-0.721	-0.796	-0.817	-0.789	-0.791	-0.792	-0.624	-0.619	-0.621	-0.630	-0.622	-0.637	-0.704	-0.672	-0.599	-0.920	-0.973	-0.926	-0.929	-0.904	-0.978	-0.892	-0.681	-0.897	-0.884	-0.911	-0.895	-1.065	-1.065	-1.057	-1.061	-1.065	-1.023	-1.114	-1.096	-1.061	-1.060	-1.059	-1.074	-1.078	-1.065	-1.060	-1.085	-1.086	-1.090	-1.065	-1.085	-1.100	-1.100	-1.097	-1.098	-1.095	-1.095	-1.100	-1.095	-1.096	-1.091	-1.093	-1.027	-1.095	-1.092	-1.091	-1.034	-1.091	-1.090	-1.092	-1.094	-1.042	-1.090	-1.085	-1.095	-1.089	-1.087	-1.096	-1.032	-1.028	-1.112	-1.061	-1.112	-1.025	-1.024	-1.116	-1.116	-1.118	-1.116	-1.119	-1.024	-1.117	-1.086	-1.025	-1.025	-1.075	-1.082	-1.066	-0.976	-1.082	-0.976	-0.980	-0.976	-0.980	-0.974	-0.981	-0.799	-1.025	-1.064	-1.001	-1.068	-1.101	-1.024	-1.066	-1.024	-1.024	-1.065	-0.992	-0.981	-0.980	-1.024	-1.024	-1.031	-1.022	-1.021	-1.022	-1.021	-1.021	-1.012	-1.080	-1.022	-0.983	-1.009	-0.976	-1.073	-1.093	-0.856	-0.786	-0.812	-0.757	-0.896	-1.113	-0.891	-0.870	-1.113	-0.890	-1.004	-0.960	-0.871	-0.881	-1.124	-1.103	-1.099	-1.089	
rs6439787      -0.859	-0.851	-0.847	-0.850	-0.847	-0.862	-0.850	-0.807	-0.797	-0.799	-0.802	-0.793	-0.800	-0.798	-0.797	-0.796	-0.796	-0.794	-0.796	-0.793	-0.635	-0.775	-0.775	-0.775	-0.775	-0.775	-0.610	-0.775	-0.776	-0.775	-0.775	-0.776	-0.777	-0.619	-0.784	-0.793	-0.777	-0.778	-0.778	-0.453	-0.468	-0.471	-0.485	-0.473	-0.499	-0.622	-0.567	-0.459	-0.918	-0.971	-0.929	-0.932	-0.908	-0.981	-0.896	-0.686	-0.901	-0.887	-0.914	-0.898	-1.065	-1.066	-1.058	-1.061	-1.066	-1.023	-1.113	-1.097	-1.061	-1.060	-1.060	-1.074	-1.078	-1.066	-1.060	-1.085	-1.086	-1.090	-1.066	-1.085	-1.100	-1.100	-1.097	-1.098	-1.095	-1.095	-1.100	-1.095	-1.096	-1.092	-1.094	-1.026	-1.096	-1.092	-1.092	-1.033	-1.091	-1.090	-1.092	-1.094	-1.042	-1.091	-1.085	-1.095	-1.089	-1.088	-1.096	-1.031	-1.028	-1.112	-1.061	-1.112	-1.024	-1.023	-1.116	-1.116	-1.118	-1.116	-1.119	-1.023	-1.117	-1.086	-1.025	-1.024	-1.075	-1.083	-1.066	-0.975	-1.082	-0.975	-0.980	-0.974	-0.980	-0.973	-0.980	-0.797	-1.024	-1.065	-1.000	-1.069	-1.101	-1.023	-1.067	-1.023	-1.023	-1.065	-0.992	-0.980	-0.980	-1.024	-1.024	-1.031	-1.022	-1.020	-1.021	-1.020	-1.020	-1.010	-1.080	-1.021	-0.982	-1.008	-0.975	-1.071	-1.093	-0.858	-0.790	-0.815	-0.760	-0.897	-1.112	-0.892	-0.871	-1.113	-0.891	-1.004	-0.958	-0.872	-0.882	-1.124	-1.102	-1.098	-1.087	
rs6439788      -0.857	-0.848	-0.844	-0.848	-0.844	-0.861	-0.847	-0.808	-0.799	-0.801	-0.804	-0.796	-0.802	-0.800	-0.799	-0.798	-0.796	-0.794	-0.795	-0.792	-0.775	-0.635	-0.770	-0.770	-0.770	-0.770	-0.607	-0.770	-0.769	-0.768	-0.768	-0.768	-0.770	-0.617	-0.779	-0.794	-0.770	-0.772	-0.772	-0.444	-0.464	-0.468	-0.482	-0.470	-0.497	-0.624	-0.569	-0.462	-0.919	-0.972	-0.928	-0.931	-0.907	-0.980	-0.895	-0.685	-0.900	-0.886	-0.914	-0.898	-1.065	-1.066	-1.058	-1.061	-1.066	-1.023	-1.114	-1.097	-1.061	-1.060	-1.060	-1.074	-1.078	-1.066	-1.060	-1.085	-1.086	-1.090	-1.066	-1.085	-1.100	-1.101	-1.097	-1.099	-1.095	-1.095	-1.100	-1.095	-1.096	-1.092	-1.094	-1.026	-1.096	-1.092	-1.092	-1.033	-1.091	-1.091	-1.092	-1.094	-1.042	-1.091	-1.085	-1.095	-1.089	-1.088	-1.096	-1.031	-1.028	-1.112	-1.061	-1.112	-1.024	-1.024	-1.116	-1.116	-1.118	-1.116	-1.119	-1.024	-1.117	-1.086	-1.025	-1.025	-1.075	-1.083	-1.066	-0.976	-1.082	-0.975	-0.980	-0.975	-0.980	-0.973	-0.980	-0.798	-1.025	-1.065	-1.001	-1.069	-1.101	-1.024	-1.067	-1.024	-1.024	-1.065	-0.992	-0.980	-0.980	-1.024	-1.024	-1.031	-1.022	-1.021	-1.021	-1.021	-1.020	-1.011	-1.080	-1.021	-0.982	-1.009	-0.975	-1.072	-1.093	-0.858	-0.790	-0.815	-0.759	-0.897	-1.113	-0.892	-0.871	-1.113	-0.891	-1.004	-0.959	-0.872	-0.882	-1.124	-1.103	-1.098	-1.088	
rs6439789      -0.858	-0.849	-0.845	-0.849	-0.845	-0.861	-0.848	-0.808	-0.799	-0.801	-0.804	-0.795	-0.802	-0.800	-0.799	-0.797	-0.796	-0.794	-0.795	-0.792	-0.775	-0.770	-0.635	-0.770	-0.770	-0.770	-0.603	-0.770	-0.770	-0.769	-0.768	-0.768	-0.770	-0.614	-0.780	-0.793	-0.770	-0.772	-0.772	-0.438	-0.459	-0.463	-0.477	-0.465	-0.492	-0.621	-0.565	-0.457	-0.919	-0.972	-0.929	-0.932	-0.907	-0.981	-0.895	-0.686	-0.901	-0.887	-0.914	-0.898	-1.065	-1.066	-1.058	-1.062	-1.066	-1.024	-1.114	-1.097	-1.061	-1.060	-1.060	-1.074	-1.078	-1.066	-1.060	-1.085	-1.086	-1.090	-1.066	-1.085	-1.100	-1.101	-1.097	-1.099	-1.095	-1.095	-1.100	-1.095	-1.096	-1.092	-1.094	-1.026	-1.096	-1.092	-1.092	-1.033	-1.091	-1.091	-1.092	-1.094	-1.042	-1.091	-1.085	-1.095	-1.089	-1.088	-1.096	-1.031	-1.028	-1.112	-1.061	-1.112	-1.024	-1.024	-1.116	-1.116	-1.118	-1.116	-1.119	-1.024	-1.117	-1.086	-1.025	-1.025	-1.076	-1.083	-1.066	-0.976	-1.082	-0.975	-0.980	-0.975	-0.980	-0.973	-0.980	-0.798	-1.025	-1.065	-1.001	-1.069	-1.101	-1.024	-1.067	-1.024	-1.024	-1.065	-0.992	-0.980	-0.980	-1.024	-1.024	-1.031	-1.023	-1.021	-1.021	-1.021	-1.020	-1.011	-1.080	-1.021	-0.982	-1.009	-0.975	-1.072	-1.093	-0.858	-0.790	-0.815	-0.760	-0.897	-1.113	-0.893	-0.872	-1.113	-0.891	-1.004	-0.959	-0.872	-0.882	-1.124	-1.103	-1.098	-1.088	
rs6791157      -0.858	-0.849	-0.845	-0.849	-0.845	-0.861	-0.848	-0.808	-0.799	-0.801	-0.804	-0.795	-0.802	-0.800	-0.799	-0.797	-0.796	-0.794	-0.795	-0.792	-0.775	-0.770	-0.770	-0.635	-0.770	-0.770	-0.603	-0.770	-0.770	-0.769	-0.768	-0.768	-0.770	-0.614	-0.780	-0.793	-0.770	-0.772	-0.772	-0.438	-0.459	-0.463	-0.477	-0.465	-0.492	-0.621	-0.565	-0.457	-0.919	-0.972	-0.929	-0.931	-0.907	-0.981	-0.895	-0.685	-0.901	-0.887	-0.914	-0.898	-1.065	-1.066	-1.058	-1.062	-1.066	-1.024	-1.114	-1.097	-1.061	-1.060	-1.060	-1.074	-1.078	-1.066	-1.060	-1.085	-1.086	-1.090	-1.066	-1.085	-1.100	-1.101	-1.097	-1.099	-1.095	-1.095	-1.100	-1.095	-1.096	-1.092	-1.094	-1.026	-1.096	-1.092	-1.092	-1.033	-1.091	-1.091	-1.092	-1.094	-1.042	-1.091	-1.085	-1.095	-1.089	-1.088	-1.096	-1.031	-1.028	-1.112	-1.061	-1.112	-1.024	-1.024	-1.116	-1.116	-1.118	-1.116	-1.119	-1.024	-1.117	-1.086	-1.025	-1.025	-1.076	-1.083	-1.066	-0.976	-1.082	-0.975	-0.980	-0.975	-0.980	-0.973	-0.980	-0.798	-1.025	-1.065	-1.001	-1.069	-1.101	-1.024	-1.067	-1.024	-1.024	-1.065	-0.992	-0.980	-0.980	-1.024	-1.024	-1.031	-1.023	-1.021	-1.021	-1.021	-1.020	-1.011	-1.080	-1.021	-0.982	-1.009	-0.975	-1.072	-1.093	-0.858	-0.790	-0.815	-0.760	-0.897	-1.113	-0.893	-0.872	-1.113	-0.891	-1.004	-0.959	-0.872	-0.882	-1.124	-1.103	-1.098	-1.088	
rs6791248      -0.857	-0.848	-0.844	-0.848	-0.844	-0.861	-0.847	-0.808	-0.799	-0.801	-0.804	-0.796	-0.802	-0.800	-0.799	-0.798	-0.796	-0.794	-0.795	-0.792	-0.775	-0.770	-0.770	-0.770	-0.635	-0.770	-0.607	-0.770	-0.769	-0.768	-0.768	-0.768	-0.770	-0.617	-0.779	-0.794	-0.770	-0.772	-0.772	-0.444	-0.464	-0.468	-0.482	-0.470	-0.497	-0.624	-0.568	-0.461	-0.919	-0.972	-0.928	-0.931	-0.907	-0.980	-0.895	-0.685	-0.900	-0.886	-0.914	-0.898	-1.065	-1.066	-1.058	-1.062	-1.066	-1.023	-1.114	-1.097	-1.061	-1.060	-1.060	-1.074	-1.078	-1.066	-1.060	-1.085	-1.086	-1.090	-1.066	-1.085	-1.100	-1.101	-1.097	-1.099	-1.095	-1.095	-1.100	-1.095	-1.096	-1.092	-1.094	-1.026	-1.096	-1.092	-1.092	-1.033	-1.091	-1.091	-1.092	-1.094	-1.042	-1.091	-1.085	-1.095	-1.089	-1.088	-1.096	-1.031	-1.028	-1.112	-1.061	-1.112	-1.024	-1.024	-1.116	-1.116	-1.118	-1.116	-1.119	-1.024	-1.117	-1.086	-1.025	-1.025	-1.075	-1.083	-1.066	-0.976	-1.082	-0.975	-0.980	-0.975	-0.980	-0.973	-0.980	-0.798	-1.025	-1.065	-1.001	-1.069	-1.101	-1.024	-1.067	-1.024	-1.024	-1.065	-0.992	-0.980	-0.980	-1.024	-1.024	-1.031	-1.022	-1.021	-1.021	-1.021	-1.020	-1.011	-1.080	-1.021	-0.982	-1.009	-0.975	-1.072	-1.093	-0.858	-0.790	-0.815	-0.759	-0.897	-1.113	-0.892	-0.871	-1.113	-0.891	-1.004	-0.959	-0.872	-0.882	-1.124	-1.103	-1.098	-1.088	
rs2622738      -0.859	-0.851	-0.847	-0.851	-0.847	-0.863	-0.850	-0.808	-0.798	-0.800	-0.803	-0.794	-0.801	-0.799	-0.798	-0.796	-0.796	-0.794	-0.795	-0.791	-0.775	-0.770	-0.770	-0.770	-0.770	-0.635	-0.590	-0.770	-0.771	-0.770	-0.769	-0.770	-0.771	-0.602	-0.780	-0.791	-0.771	-0.772	-0.773	-0.417	-0.441	-0.445	-0.459	-0.447	-0.475	-0.612	-0.554	-0.443	-0.919	-0.972	-0.930	-0.932	-0.908	-0.981	-0.896	-0.687	-0.901	-0.887	-0.915	-0.899	-1.066	-1.066	-1.058	-1.062	-1.066	-1.024	-1.114	-1.097	-1.062	-1.061	-1.060	-1.075	-1.078	-1.066	-1.061	-1.086	-1.087	-1.091	-1.066	-1.086	-1.100	-1.101	-1.097	-1.099	-1.095	-1.095	-1.100	-1.095	-1.096	-1.092	-1.094	-1.026	-1.096	-1.092	-1.092	-1.033	-1.091	-1.091	-1.092	-1.094	-1.042	-1.091	-1.086	-1.095	-1.090	-1.088	-1.097	-1.031	-1.028	-1.112	-1.061	-1.112	-1.025	-1.024	-1.116	-1.116	-1.118	-1.116	-1.119	-1.024	-1.117	-1.087	-1.025	-1.025	-1.076	-1.083	-1.066	-0.976	-1.083	-0.975	-0.980	-0.975	-0.980	-0.973	-0.980	-0.797	-1.025	-1.065	-1.001	-1.069	-1.102	-1.024	-1.067	-1.024	-1.024	-1.066	-0.992	-0.981	-0.980	-1.024	-1.024	-1.032	-1.023	-1.021	-1.021	-1.021	-1.020	-1.011	-1.080	-1.022	-0.982	-1.009	-0.975	-1.072	-1.093	-0.858	-0.790	-0.816	-0.760	-0.897	-1.113	-0.893	-0.872	-1.113	-0.891	-1.004	-0.958	-0.872	-0.883	-1.124	-1.103	-1.098	-1.088	
rs2724714      -0.753	-0.736	-0.727	-0.735	-0.728	-0.764	-0.734	-0.750	-0.773	-0.768	-0.754	-0.783	-0.756	-0.768	-0.759	-0.758	-0.725	-0.733	-0.718	-0.722	-0.610	-0.607	-0.603	-0.603	-0.607	-0.590	-0.620	-0.604	-0.552	-0.536	-0.529	-0.530	-0.546	-0.761	-0.618	-0.803	-0.547	-0.571	-0.578	-0.734	-0.734	-0.735	-0.739	-0.735	-0.742	-0.772	-0.759	-0.725	-0.910	-0.958	-0.882	-0.884	-0.858	-0.941	-0.845	-0.621	-0.851	-0.843	-0.867	-0.850	-1.045	-1.044	-1.035	-1.039	-1.044	-1.004	-1.096	-1.077	-1.039	-1.038	-1.037	-1.053	-1.057	-1.044	-1.039	-1.065	-1.066	-1.070	-1.044	-1.065	-1.081	-1.081	-1.078	-1.079	-1.075	-1.075	-1.079	-1.075	-1.077	-1.072	-1.074	-1.011	-1.076	-1.072	-1.072	-1.021	-1.071	-1.070	-1.072	-1.074	-1.030	-1.071	-1.065	-1.075	-1.069	-1.067	-1.076	-1.019	-1.016	-1.094	-1.048	-1.094	-1.011	-1.011	-1.098	-1.098	-1.101	-1.099	-1.102	-1.011	-1.100	-1.066	-1.008	-1.008	-1.054	-1.062	-1.044	-0.964	-1.062	-0.964	-0.965	-0.964	-0.965	-0.963	-0.966	-0.792	-1.007	-1.043	-0.989	-1.047	-1.083	-1.006	-1.045	-1.006	-1.006	-1.043	-0.981	-0.965	-0.964	-1.006	-1.007	-1.007	-1.003	-1.007	-1.007	-1.007	-1.007	-1.000	-1.060	-1.007	-0.973	-0.998	-0.961	-1.065	-1.079	-0.830	-0.757	-0.784	-0.725	-0.879	-1.101	-0.874	-0.852	-1.101	-0.873	-0.991	-0.961	-0.852	-0.863	-1.109	-1.092	-1.087	-1.078	
rs6801371      -0.858	-0.849	-0.845	-0.849	-0.845	-0.861	-0.848	-0.809	-0.800	-0.802	-0.804	-0.796	-0.803	-0.801	-0.800	-0.798	-0.797	-0.795	-0.796	-0.792	-0.775	-0.770	-0.770	-0.770	-0.770	-0.770	-0.604	-0.635	-0.770	-0.768	-0.768	-0.768	-0.770	-0.614	-0.779	-0.793	-0.770	-0.772	-0.772	-0.439	-0.459	-0.463	-0.477	-0.465	-0.492	-0.621	-0.565	-0.458	-0.919	-0.972	-0.929	-0.931	-0.907	-0.981	-0.895	-0.685	-0.901	-0.887	-0.914	-0.898	-1.065	-1.066	-1.058	-1.062	-1.066	-1.024	-1.114	-1.097	-1.062	-1.060	-1.060	-1.074	-1.078	-1.066	-1.060	-1.085	-1.086	-1.090	-1.066	-1.085	-1.100	-1.101	-1.097	-1.099	-1.095	-1.095	-1.100	-1.095	-1.096	-1.092	-1.094	-1.026	-1.096	-1.092	-1.092	-1.033	-1.091	-1.091	-1.092	-1.094	-1.042	-1.091	-1.085	-1.095	-1.089	-1.088	-1.096	-1.031	-1.028	-1.112	-1.061	-1.112	-1.025	-1.024	-1.116	-1.116	-1.118	-1.116	-1.119	-1.024	-1.117	-1.086	-1.025	-1.025	-1.076	-1.083	-1.066	-0.976	-1.082	-0.975	-0.980	-0.975	-0.980	-0.973	-0.980	-0.798	-1.025	-1.065	-1.001	-1.069	-1.101	-1.024	-1.067	-1.024	-1.024	-1.065	-0.992	-0.981	-0.980	-1.024	-1.024	-1.031	-1.023	-1.021	-1.021	-1.021	-1.020	-1.011	-1.080	-1.022	-0.983	-1.009	-0.975	-1.072	-1.093	-0.858	-0.790	-0.815	-0.760	-0.897	-1.113	-0.893	-0.872	-1.113	-0.891	-1.004	-0.959	-0.872	-0.882	-1.124	-1.103	-1.098	-1.088	
rs4678256      -0.865	-0.857	-0.853	-0.856	-0.853	-0.867	-0.856	-0.808	-0.795	-0.798	-0.801	-0.790	-0.799	-0.796	-0.795	-0.794	-0.794	-0.791	-0.793	-0.789	-0.776	-0.769	-0.770	-0.770	-0.769	-0.771	-0.552	-0.770	-0.635	-0.771	-0.771	-0.771	-0.771	-0.556	-0.779	-0.783	-0.771	-0.772	-0.772	-0.342	-0.379	-0.384	-0.400	-0.386	-0.419	-0.580	-0.512	-0.390	-0.918	-0.972	-0.932	-0.934	-0.910	-0.983	-0.898	-0.690	-0.904	-0.889	-0.917	-0.901	-1.066	-1.067	-1.059	-1.062	-1.067	-1.024	-1.114	-1.097	-1.062	-1.061	-1.061	-1.075	-1.079	-1.067	-1.061	-1.086	-1.087	-1.091	-1.067	-1.086	-1.101	-1.101	-1.098	-1.099	-1.096	-1.096	-1.101	-1.096	-1.097	-1.093	-1.094	-1.026	-1.096	-1.093	-1.093	-1.033	-1.092	-1.091	-1.093	-1.095	-1.042	-1.092	-1.086	-1.096	-1.090	-1.088	-1.097	-1.031	-1.028	-1.112	-1.061	-1.112	-1.024	-1.023	-1.116	-1.116	-1.118	-1.116	-1.119	-1.023	-1.117	-1.087	-1.025	-1.025	-1.076	-1.084	-1.067	-0.975	-1.083	-0.975	-0.980	-0.974	-0.980	-0.973	-0.980	-0.797	-1.025	-1.066	-1.001	-1.070	-1.102	-1.024	-1.068	-1.024	-1.024	-1.066	-0.992	-0.981	-0.981	-1.024	-1.024	-1.032	-1.023	-1.020	-1.021	-1.021	-1.020	-1.010	-1.081	-1.022	-0.982	-1.008	-0.975	-1.071	-1.093	-0.859	-0.792	-0.817	-0.762	-0.897	-1.113	-0.893	-0.872	-1.113	-0.892	-1.004	-0.957	-0.873	-0.883	-1.124	-1.103	-1.098	-1.087	
rs2622741      -0.866	-0.858	-0.855	-0.858	-0.855	-0.869	-0.858	-0.807	-0.793	-0.796	-0.800	-0.787	-0.798	-0.794	-0.794	-0.792	-0.794	-0.790	-0.792	-0.787	-0.775	-0.768	-0.769	-0.769	-0.768	-0.770	-0.536	-0.768	-0.771	-0.635	-0.771	-0.771	-0.771	-0.538	-0.778	-0.780	-0.771	-0.771	-0.771	-0.317	-0.358	-0.363	-0.380	-0.365	-0.399	-0.568	-0.497	-0.371	-0.918	-0.971	-0.932	-0.935	-0.911	-0.983	-0.899	-0.691	-0.905	-0.890	-0.918	-0.902	-1.066	-1.067	-1.059	-1.063	-1.067	-1.024	-1.114	-1.097	-1.062	-1.061	-1.061	-1.075	-1.079	-1.067	-1.061	-1.086	-1.087	-1.091	-1.067	-1.086	-1.101	-1.101	-1.098	-1.099	-1.096	-1.096	-1.101	-1.096	-1.097	-1.093	-1.094	-1.026	-1.097	-1.093	-1.093	-1.033	-1.092	-1.091	-1.093	-1.095	-1.042	-1.092	-1.086	-1.096	-1.090	-1.089	-1.097	-1.031	-1.028	-1.112	-1.061	-1.112	-1.024	-1.023	-1.116	-1.116	-1.118	-1.116	-1.119	-1.023	-1.117	-1.087	-1.025	-1.025	-1.076	-1.084	-1.067	-0.975	-1.083	-0.975	-0.980	-0.974	-0.980	-0.973	-0.980	-0.797	-1.025	-1.066	-1.001	-1.070	-1.102	-1.024	-1.068	-1.024	-1.024	-1.066	-0.992	-0.981	-0.981	-1.024	-1.024	-1.033	-1.023	-1.020	-1.021	-1.020	-1.020	-1.010	-1.081	-1.021	-0.982	-1.008	-0.975	-1.071	-1.093	-0.860	-0.792	-0.817	-0.762	-0.897	-1.113	-0.893	-0.872	-1.113	-0.892	-1.004	-0.957	-0.873	-0.883	-1.124	-1.102	-1.098	-1.087	
