## Summary of overall evidence for association with region:
## log10(BF for region) = -0.591051
## p-value for region = NA

## BFs for choosing among multi-SNP models:
## log10(average 1-SNP BF) = -0.514107
## log10(average 2-SNP BF) = -0.804063

## Example posterior probabilities for multi-SNP models, based on default prior: [p(l) propto 0.5^l for l=1,2,...,L]
## posterior probability of 1-SNP = 0.795889
## posterior probability of 2-SNP = 0.204111

## log10(BF) for single SNP and pair of SNPs:
rs730819       -0.619	-0.917	-0.853	-0.912	-0.861	-0.925	-0.922	-0.880	-0.918	-1.041	-0.957	-0.916	-0.955	-0.897	-0.961	-0.922	-0.915	-1.008	-0.975	-0.978	-0.921	-1.010	-0.877	-1.010	-1.010	-0.828	-0.893	-0.919	-0.923	-0.916	-0.919	-0.827	-1.010	-0.881	-0.835	-1.009	-0.977	-0.982	-0.933	-1.010	-0.896	-0.896	-0.923	-0.899	-1.015	-1.007	-0.921	-0.853	-0.955	-0.842	-0.974	-1.007	-0.848	-0.896	-0.864	-0.864	-0.959	-0.861	-0.984	-1.010	-1.015	-0.871	-1.018	-1.008	-1.006	-0.938	-0.890	-1.011	-0.944	-0.944	-0.909	-0.907	-0.927	-0.849	-0.899	-0.987	-0.895	-1.008	-0.882	-1.028	-0.903	-0.902	-0.818	-0.921	-0.849	-0.851	-0.902	-0.912	-0.790	-0.912	-0.912	-0.912	-0.906	-0.836	-0.836	-0.836	-0.836	-0.896	-0.879	-0.815	-0.910	-1.046	-1.013	-0.899	-0.943	-1.016	-0.931	-0.908	-0.903	-0.930	-0.604	-1.069	-0.846	-0.890	-0.886	-0.864	-0.863	-1.060	-0.853	-0.913	-0.888	-0.893	-0.731	-0.891	-0.891	-0.868	-0.949	-0.903	-0.897	-0.931	-0.805	-0.897	-0.892	-0.912	-1.070	-0.946	-0.892	-0.843	-0.702	-0.899	-0.847	-0.911	-0.809	-0.847	-0.910	-0.852	-0.873	-0.977	-0.880	-0.921	-0.921	-0.766	-0.869	-0.865	-0.985	-0.759	-1.066	-1.069	-0.882	-0.800	-0.694	-0.810	-0.812	-0.723	-0.723	-0.980	-0.748	-0.738	-0.933	-0.751	-0.895	-0.761	-0.955	-0.748	-0.880	-0.784	
rs677344       -0.917	-0.656	-0.864	-0.810	-0.835	-0.949	-0.946	-0.858	-0.943	-0.938	-0.779	-0.942	-0.785	-0.916	-0.770	-0.946	-0.940	-0.863	-0.734	-0.704	-0.945	-0.830	-0.904	-0.831	-0.831	-0.794	-0.918	-0.943	-0.947	-0.939	-0.943	-0.793	-0.830	-0.912	-0.803	-0.839	-0.727	-0.676	-0.959	-0.831	-0.939	-0.939	-0.947	-0.923	-0.836	-0.868	-0.945	-0.968	-0.793	-0.961	-0.739	-0.869	-0.965	-0.938	-0.837	-0.837	-0.783	-0.833	-0.766	-0.930	-0.913	-0.845	-0.888	-0.932	-0.937	-0.878	-0.910	-0.930	-0.880	-0.877	-0.931	-0.929	-0.982	-0.818	-0.922	-0.953	-0.914	-0.934	-0.899	-1.062	-0.924	-0.923	-0.882	-0.944	-0.818	-0.869	-0.923	-0.935	-0.785	-0.935	-0.935	-0.934	-0.927	-0.801	-0.801	-0.801	-0.801	-0.917	-0.897	-0.776	-0.932	-0.955	-0.943	-0.919	-0.897	-0.937	-0.962	-0.929	-0.925	-0.902	-0.936	-1.018	-0.813	-0.910	-0.905	-0.835	-0.879	-0.988	-0.820	-0.904	-0.895	-0.884	-0.879	-0.897	-0.897	-0.880	-0.915	-0.906	-0.906	-0.916	-0.821	-0.893	-0.902	-0.896	-1.030	-0.916	-0.906	-0.860	-0.857	-0.909	-0.865	-0.916	-0.768	-0.881	-0.915	-0.870	-0.900	-1.007	-0.894	-0.922	-0.922	-0.774	-0.899	-0.882	-1.016	-0.895	-1.010	-1.019	-0.906	-0.761	-0.840	-0.771	-0.774	-0.855	-0.855	-1.010	-0.885	-0.874	-1.007	-0.884	-0.974	-0.896	-0.984	-0.882	-0.906	-0.909	
rs555414       -0.853	-0.864	-0.360	-0.864	-0.710	-0.516	-0.524	-0.724	-0.520	-0.707	-0.855	-0.523	-0.856	-0.543	-0.854	-0.521	-0.526	-0.831	-0.845	-0.841	-0.521	-0.817	-0.835	-0.817	-0.817	-0.681	-0.540	-0.526	-0.518	-0.531	-0.525	-0.680	-0.816	-0.838	-0.688	-0.821	-0.843	-0.836	-0.478	-0.817	-0.849	-0.849	-0.519	-0.551	-0.807	-0.833	-0.522	-0.706	-0.856	-0.698	-0.845	-0.833	-0.703	-0.848	-0.711	-0.711	-0.854	-0.708	-0.837	-0.847	-0.839	-0.708	-0.827	-0.848	-0.851	-0.863	-0.551	-0.847	-0.862	-0.862	-0.542	-0.544	-0.858	-0.690	-0.550	-0.859	-0.544	-0.849	-0.556	-0.853	-0.548	-0.549	-0.835	-0.524	-0.689	-0.557	-0.550	-0.543	-0.824	-0.543	-0.543	-0.543	-0.552	-0.677	-0.677	-0.677	-0.677	-0.560	-0.566	-0.660	-0.558	-0.705	-0.850	-0.557	-0.866	-0.847	-0.589	-0.565	-0.569	-0.867	-0.710	-0.777	-0.684	-0.576	-0.572	-0.699	-0.563	-0.739	-0.689	-0.869	-0.868	-0.866	-0.614	-0.868	-0.868	-0.855	-0.869	-0.868	-0.869	-0.870	-0.544	-0.866	-0.869	-0.868	-0.787	-0.869	-0.869	-0.861	-0.592	-0.870	-0.862	-0.871	-0.653	-0.864	-0.871	-0.862	-0.865	-0.812	-0.867	-0.872	-0.872	-0.496	-0.867	-0.865	-0.815	-0.628	-0.765	-0.777	-0.862	-0.642	-0.582	-0.650	-0.652	-0.597	-0.597	-0.743	-0.619	-0.615	-0.707	-0.625	-0.670	-0.630	-0.723	-0.623	-0.860	-0.648	
rs628248       -0.912	-0.810	-0.864	-0.655	-0.832	-0.949	-0.946	-0.855	-0.943	-0.935	-0.737	-0.942	-0.748	-0.916	-0.723	-0.946	-0.940	-0.856	-0.682	-0.640	-0.945	-0.822	-0.900	-0.822	-0.823	-0.791	-0.918	-0.943	-0.947	-0.939	-0.943	-0.790	-0.822	-0.908	-0.799	-0.831	-0.677	-0.615	-0.959	-0.822	-0.935	-0.935	-0.947	-0.923	-0.828	-0.861	-0.945	-0.968	-0.765	-0.961	-0.699	-0.862	-0.965	-0.934	-0.834	-0.834	-0.750	-0.830	-0.745	-0.926	-0.909	-0.843	-0.882	-0.928	-0.933	-0.872	-0.910	-0.926	-0.874	-0.871	-0.931	-0.929	-0.979	-0.815	-0.922	-0.950	-0.915	-0.930	-0.899	-1.060	-0.924	-0.923	-0.877	-0.944	-0.815	-0.869	-0.923	-0.935	-0.780	-0.935	-0.935	-0.934	-0.927	-0.798	-0.798	-0.798	-0.798	-0.917	-0.898	-0.773	-0.932	-0.952	-0.939	-0.919	-0.892	-0.933	-0.962	-0.929	-0.925	-0.898	-0.935	-1.016	-0.810	-0.910	-0.906	-0.832	-0.880	-0.986	-0.817	-0.901	-0.891	-0.880	-0.880	-0.893	-0.893	-0.877	-0.912	-0.903	-0.902	-0.912	-0.822	-0.889	-0.898	-0.892	-1.028	-0.912	-0.903	-0.856	-0.857	-0.906	-0.861	-0.912	-0.764	-0.877	-0.912	-0.867	-0.897	-1.006	-0.890	-0.919	-0.919	-0.774	-0.896	-0.879	-1.016	-0.896	-1.007	-1.017	-0.904	-0.757	-0.841	-0.768	-0.771	-0.856	-0.856	-1.010	-0.886	-0.875	-1.007	-0.885	-0.974	-0.897	-0.983	-0.883	-0.903	-0.910	
rs6138921      -0.861	-0.835	-0.710	-0.832	-0.446	-0.771	-0.769	-0.576	-0.763	-0.816	-0.867	-0.762	-0.866	-0.747	-0.871	-0.768	-0.760	-0.905	-0.883	-0.887	-0.768	-0.910	-0.881	-0.910	-0.910	-0.560	-0.739	-0.766	-0.769	-0.762	-0.766	-0.559	-0.910	-0.882	-0.560	-0.909	-0.885	-0.893	-0.778	-0.910	-0.885	-0.885	-0.769	-0.747	-0.908	-0.904	-0.768	-0.817	-0.865	-0.812	-0.885	-0.904	-0.815	-0.885	-0.580	-0.580	-0.869	-0.579	-0.893	-0.901	-0.909	-0.640	-0.914	-0.900	-0.896	-0.849	-0.739	-0.904	-0.854	-0.853	-0.756	-0.755	-0.891	-0.627	-0.746	-0.878	-0.746	-0.898	-0.732	-0.909	-0.751	-0.750	-0.870	-0.767	-0.630	-0.701	-0.750	-0.760	-0.741	-0.759	-0.759	-0.759	-0.753	-0.626	-0.626	-0.626	-0.626	-0.745	-0.729	-0.611	-0.757	-0.835	-0.902	-0.749	-0.850	-0.907	-0.777	-0.755	-0.751	-0.835	-0.706	-0.804	-0.643	-0.739	-0.736	-0.657	-0.715	-0.833	-0.650	-0.824	-0.805	-0.807	-0.749	-0.807	-0.807	-0.781	-0.853	-0.815	-0.813	-0.840	-0.656	-0.810	-0.808	-0.821	-0.798	-0.851	-0.808	-0.767	-0.731	-0.813	-0.771	-0.823	-0.615	-0.772	-0.822	-0.774	-0.790	-0.888	-0.796	-0.831	-0.831	-0.622	-0.790	-0.784	-0.891	-0.758	-0.838	-0.833	-0.791	-0.634	-0.716	-0.643	-0.645	-0.723	-0.723	-0.820	-0.750	-0.743	-0.845	-0.752	-0.818	-0.759	-0.796	-0.749	-0.791	-0.770	
rs622601       -0.925	-0.949	-0.516	-0.949	-0.771	-0.450	-0.573	-0.787	-0.597	-0.820	-0.948	-0.596	-0.949	-0.542	-0.948	-0.570	-0.596	-0.933	-0.943	-0.941	-0.572	-0.922	-0.899	-0.922	-0.922	-0.740	-0.594	-0.569	-0.574	-0.576	-0.569	-0.739	-0.922	-0.903	-0.747	-0.925	-0.942	-0.935	-0.590	-0.922	-0.916	-0.916	-0.575	-0.582	-0.915	-0.934	-0.573	-0.788	-0.949	-0.780	-0.942	-0.934	-0.784	-0.915	-0.772	-0.772	-0.948	-0.770	-0.935	-0.943	-0.936	-0.770	-0.927	-0.944	-0.945	-0.948	-0.524	-0.941	-0.949	-0.949	-0.563	-0.558	-0.929	-0.751	-0.584	-0.948	-0.565	-0.944	-0.539	-0.933	-0.553	-0.551	-0.902	-0.595	-0.751	-0.528	-0.555	-0.577	-0.885	-0.577	-0.577	-0.577	-0.571	-0.738	-0.738	-0.738	-0.738	-0.561	-0.535	-0.719	-0.591	-0.826	-0.945	-0.592	-0.951	-0.942	-0.665	-0.595	-0.591	-0.949	-0.809	-0.893	-0.745	-0.576	-0.563	-0.761	-0.530	-0.854	-0.751	-0.948	-0.943	-0.943	-0.696	-0.944	-0.944	-0.927	-0.953	-0.947	-0.945	-0.951	-0.501	-0.943	-0.945	-0.947	-0.898	-0.953	-0.946	-0.933	-0.674	-0.948	-0.934	-0.950	-0.712	-0.936	-0.950	-0.935	-0.940	-0.889	-0.943	-0.952	-0.952	-0.386	-0.941	-0.939	-0.893	-0.709	-0.873	-0.882	-0.936	-0.700	-0.656	-0.708	-0.710	-0.669	-0.670	-0.827	-0.700	-0.690	-0.791	-0.700	-0.754	-0.711	-0.807	-0.697	-0.934	-0.724	
rs497518       -0.922	-0.946	-0.524	-0.946	-0.769	-0.573	-0.446	-0.784	-0.593	-0.813	-0.944	-0.593	-0.945	-0.544	-0.944	-0.568	-0.593	-0.928	-0.939	-0.936	-0.570	-0.917	-0.896	-0.917	-0.917	-0.738	-0.593	-0.568	-0.570	-0.576	-0.568	-0.737	-0.917	-0.901	-0.745	-0.920	-0.937	-0.931	-0.582	-0.917	-0.913	-0.913	-0.572	-0.584	-0.910	-0.929	-0.571	-0.783	-0.945	-0.775	-0.937	-0.929	-0.780	-0.913	-0.770	-0.770	-0.944	-0.767	-0.931	-0.938	-0.931	-0.768	-0.923	-0.939	-0.941	-0.945	-0.534	-0.937	-0.945	-0.945	-0.566	-0.562	-0.926	-0.749	-0.586	-0.944	-0.567	-0.940	-0.543	-0.929	-0.558	-0.557	-0.899	-0.593	-0.748	-0.534	-0.560	-0.578	-0.883	-0.578	-0.578	-0.577	-0.573	-0.736	-0.736	-0.736	-0.735	-0.566	-0.543	-0.717	-0.592	-0.819	-0.941	-0.593	-0.947	-0.937	-0.662	-0.596	-0.593	-0.945	-0.804	-0.888	-0.743	-0.581	-0.569	-0.759	-0.536	-0.848	-0.749	-0.945	-0.940	-0.940	-0.691	-0.941	-0.941	-0.924	-0.949	-0.943	-0.942	-0.947	-0.509	-0.940	-0.941	-0.944	-0.893	-0.949	-0.943	-0.930	-0.668	-0.945	-0.931	-0.947	-0.710	-0.933	-0.947	-0.932	-0.937	-0.886	-0.940	-0.949	-0.949	-0.396	-0.938	-0.936	-0.890	-0.704	-0.867	-0.876	-0.933	-0.698	-0.651	-0.706	-0.708	-0.665	-0.665	-0.823	-0.695	-0.685	-0.786	-0.695	-0.749	-0.706	-0.803	-0.693	-0.931	-0.720	
rs1324392      -0.880	-0.858	-0.724	-0.855	-0.576	-0.787	-0.784	-0.463	-0.778	-0.833	-0.888	-0.777	-0.887	-0.762	-0.892	-0.784	-0.776	-0.923	-0.903	-0.907	-0.783	-0.927	-0.896	-0.927	-0.927	-0.539	-0.755	-0.782	-0.785	-0.778	-0.782	-0.537	-0.927	-0.897	-0.537	-0.926	-0.905	-0.912	-0.794	-0.928	-0.901	-0.901	-0.785	-0.762	-0.925	-0.922	-0.783	-0.832	-0.886	-0.827	-0.905	-0.922	-0.830	-0.901	-0.576	-0.576	-0.890	-0.573	-0.912	-0.920	-0.927	-0.646	-0.932	-0.919	-0.916	-0.871	-0.754	-0.922	-0.875	-0.874	-0.772	-0.770	-0.908	-0.629	-0.761	-0.898	-0.761	-0.917	-0.747	-0.925	-0.767	-0.765	-0.886	-0.783	-0.633	-0.716	-0.766	-0.775	-0.765	-0.775	-0.775	-0.775	-0.769	-0.626	-0.626	-0.626	-0.626	-0.760	-0.744	-0.608	-0.772	-0.852	-0.921	-0.764	-0.872	-0.925	-0.793	-0.770	-0.767	-0.857	-0.729	-0.825	-0.646	-0.755	-0.751	-0.662	-0.730	-0.851	-0.654	-0.847	-0.828	-0.830	-0.763	-0.830	-0.830	-0.805	-0.875	-0.838	-0.836	-0.862	-0.671	-0.833	-0.831	-0.844	-0.820	-0.872	-0.832	-0.792	-0.745	-0.837	-0.796	-0.846	-0.612	-0.797	-0.845	-0.799	-0.814	-0.903	-0.820	-0.854	-0.854	-0.636	-0.814	-0.808	-0.907	-0.772	-0.857	-0.853	-0.815	-0.632	-0.730	-0.643	-0.645	-0.737	-0.737	-0.837	-0.764	-0.757	-0.858	-0.765	-0.831	-0.773	-0.813	-0.763	-0.815	-0.784	
rs670988       -0.918	-0.943	-0.520	-0.943	-0.763	-0.597	-0.593	-0.778	-0.442	-0.821	-0.943	-0.557	-0.943	-0.558	-0.943	-0.591	-0.556	-0.928	-0.938	-0.936	-0.590	-0.918	-0.890	-0.918	-0.918	-0.731	-0.563	-0.588	-0.594	-0.590	-0.588	-0.730	-0.917	-0.895	-0.739	-0.921	-0.937	-0.931	-0.609	-0.918	-0.908	-0.908	-0.594	-0.531	-0.911	-0.929	-0.592	-0.782	-0.943	-0.774	-0.937	-0.929	-0.779	-0.908	-0.764	-0.764	-0.943	-0.761	-0.931	-0.938	-0.931	-0.762	-0.923	-0.938	-0.939	-0.942	-0.539	-0.936	-0.943	-0.943	-0.574	-0.571	-0.921	-0.742	-0.535	-0.942	-0.569	-0.939	-0.543	-0.926	-0.565	-0.563	-0.894	-0.603	-0.742	-0.522	-0.565	-0.586	-0.877	-0.586	-0.586	-0.586	-0.578	-0.729	-0.729	-0.729	-0.729	-0.566	-0.535	-0.711	-0.594	-0.826	-0.940	-0.591	-0.944	-0.937	-0.665	-0.596	-0.591	-0.942	-0.800	-0.886	-0.737	-0.574	-0.562	-0.753	-0.527	-0.853	-0.742	-0.941	-0.936	-0.936	-0.691	-0.937	-0.937	-0.920	-0.947	-0.940	-0.938	-0.944	-0.455	-0.936	-0.938	-0.940	-0.891	-0.946	-0.939	-0.926	-0.668	-0.941	-0.927	-0.943	-0.704	-0.928	-0.943	-0.928	-0.932	-0.882	-0.936	-0.945	-0.945	-0.380	-0.934	-0.931	-0.886	-0.704	-0.871	-0.880	-0.929	-0.691	-0.651	-0.699	-0.701	-0.664	-0.664	-0.820	-0.694	-0.684	-0.786	-0.694	-0.750	-0.705	-0.800	-0.692	-0.927	-0.719	
rs619498       -1.041	-0.938	-0.707	-0.935	-0.816	-0.820	-0.813	-0.833	-0.821	-0.588	-0.970	-0.818	-0.968	-0.769	-0.973	-0.814	-0.815	-1.009	-0.985	-0.989	-0.814	-1.011	-1.027	-1.011	-1.011	-0.780	-0.790	-0.810	-0.818	-0.807	-0.810	-0.779	-1.011	-1.031	-0.788	-1.011	-0.987	-0.992	-0.840	-1.012	-1.042	-1.042	-0.817	-0.786	-1.006	-1.009	-0.814	-0.937	-0.968	-0.931	-0.985	-1.009	-0.934	-1.042	-0.817	-0.817	-0.972	-0.814	-0.992	-1.009	-1.015	-0.827	-1.017	-1.008	-1.005	-0.951	-0.760	-1.010	-0.956	-0.956	-0.792	-0.788	-1.054	-0.805	-0.785	-0.987	-0.769	-1.006	-0.741	-1.054	-0.781	-0.778	-1.024	-0.815	-0.805	-0.713	-0.779	-0.798	-0.825	-0.798	-0.798	-0.797	-0.786	-0.792	-0.792	-0.792	-0.792	-0.770	-0.739	-0.771	-0.794	-0.824	-1.011	-0.778	-0.955	-1.014	-0.851	-0.790	-0.783	-0.940	-0.926	-0.834	-0.804	-0.761	-0.754	-0.822	-0.719	-0.837	-0.810	-0.929	-0.908	-0.911	-0.863	-0.911	-0.911	-0.879	-0.959	-0.933	-0.917	-0.946	-0.656	-0.915	-0.912	-0.927	-0.827	-0.957	-0.921	-0.881	-0.843	-0.927	-0.885	-0.937	-0.765	-0.885	-0.936	-0.888	-0.905	-1.016	-0.911	-0.945	-0.945	-0.582	-0.904	-0.898	-1.020	-0.873	-0.875	-0.873	-0.906	-0.765	-0.828	-0.775	-0.777	-0.837	-0.837	-0.953	-0.865	-0.857	-0.955	-0.866	-0.925	-0.875	-0.930	-0.864	-0.907	-0.886	
rs148078       -0.957	-0.779	-0.855	-0.737	-0.867	-0.948	-0.944	-0.888	-0.943	-0.970	-0.661	-0.942	-0.798	-0.912	-0.797	-0.945	-0.940	-0.902	-0.796	-0.781	-0.944	-0.880	-0.942	-0.880	-0.880	-0.829	-0.917	-0.942	-0.946	-0.938	-0.942	-0.828	-0.879	-0.949	-0.837	-0.885	-0.793	-0.770	-0.960	-0.880	-0.973	-0.973	-0.946	-0.921	-0.885	-0.905	-0.944	-0.960	-0.805	-0.952	-0.803	-0.905	-0.956	-0.972	-0.869	-0.869	-0.805	-0.865	-0.825	-0.947	-0.940	-0.876	-0.924	-0.949	-0.950	-0.849	-0.906	-0.950	-0.857	-0.855	-0.929	-0.926	-1.008	-0.850	-0.920	-0.951	-0.910	-0.949	-0.894	-1.074	-0.922	-0.920	-0.923	-0.943	-0.850	-0.865	-0.920	-0.933	-0.683	-0.933	-0.933	-0.932	-0.925	-0.834	-0.834	-0.834	-0.834	-0.914	-0.893	-0.810	-0.930	-0.983	-0.958	-0.915	-0.872	-0.958	-0.963	-0.927	-0.922	-0.868	-0.907	-1.034	-0.845	-0.906	-0.902	-0.865	-0.874	-1.012	-0.852	-0.864	-0.843	-0.826	-0.864	-0.847	-0.847	-0.818	-0.898	-0.868	-0.863	-0.889	-0.815	-0.842	-0.856	-0.851	-1.043	-0.896	-0.861	-0.784	-0.840	-0.868	-0.792	-0.880	-0.802	-0.817	-0.879	-0.801	-0.849	-1.024	-0.840	-0.893	-0.893	-0.764	-0.847	-0.820	-1.031	-0.882	-1.030	-1.037	-0.857	-0.794	-0.823	-0.804	-0.807	-0.840	-0.841	-1.015	-0.872	-0.859	-1.007	-0.870	-0.973	-0.883	-0.989	-0.868	-0.859	-0.897	
rs533493       -0.916	-0.942	-0.523	-0.942	-0.762	-0.596	-0.593	-0.777	-0.557	-0.818	-0.942	-0.441	-0.942	-0.559	-0.941	-0.591	-0.555	-0.926	-0.937	-0.934	-0.590	-0.916	-0.890	-0.916	-0.916	-0.730	-0.563	-0.588	-0.593	-0.590	-0.588	-0.729	-0.916	-0.894	-0.738	-0.919	-0.935	-0.929	-0.608	-0.916	-0.907	-0.907	-0.593	-0.533	-0.909	-0.928	-0.591	-0.780	-0.942	-0.773	-0.935	-0.928	-0.777	-0.907	-0.763	-0.763	-0.941	-0.760	-0.929	-0.936	-0.929	-0.761	-0.921	-0.937	-0.938	-0.941	-0.541	-0.934	-0.941	-0.942	-0.574	-0.571	-0.920	-0.741	-0.537	-0.940	-0.570	-0.937	-0.545	-0.924	-0.566	-0.564	-0.893	-0.602	-0.741	-0.524	-0.566	-0.586	-0.876	-0.586	-0.586	-0.586	-0.578	-0.728	-0.728	-0.728	-0.728	-0.566	-0.537	-0.710	-0.594	-0.824	-0.938	-0.591	-0.943	-0.935	-0.664	-0.596	-0.591	-0.941	-0.798	-0.884	-0.736	-0.575	-0.563	-0.752	-0.529	-0.850	-0.741	-0.940	-0.935	-0.935	-0.689	-0.935	-0.935	-0.918	-0.945	-0.939	-0.937	-0.943	-0.457	-0.935	-0.936	-0.939	-0.889	-0.945	-0.938	-0.924	-0.666	-0.940	-0.926	-0.942	-0.703	-0.927	-0.942	-0.927	-0.931	-0.881	-0.934	-0.944	-0.944	-0.383	-0.933	-0.930	-0.885	-0.702	-0.869	-0.877	-0.928	-0.690	-0.649	-0.699	-0.700	-0.662	-0.662	-0.819	-0.692	-0.682	-0.785	-0.692	-0.748	-0.704	-0.799	-0.690	-0.926	-0.717	
rs1161237      -0.955	-0.785	-0.856	-0.748	-0.866	-0.949	-0.945	-0.887	-0.943	-0.968	-0.798	-0.942	-0.661	-0.913	-0.796	-0.945	-0.940	-0.900	-0.791	-0.775	-0.945	-0.877	-0.940	-0.877	-0.878	-0.827	-0.917	-0.942	-0.947	-0.938	-0.942	-0.826	-0.877	-0.947	-0.835	-0.883	-0.789	-0.762	-0.960	-0.877	-0.971	-0.971	-0.946	-0.921	-0.882	-0.903	-0.944	-0.960	-0.804	-0.953	-0.798	-0.903	-0.957	-0.970	-0.867	-0.867	-0.804	-0.864	-0.821	-0.946	-0.939	-0.874	-0.922	-0.948	-0.950	-0.852	-0.907	-0.949	-0.859	-0.856	-0.929	-0.927	-1.007	-0.849	-0.920	-0.951	-0.911	-0.949	-0.894	-1.074	-0.922	-0.920	-0.921	-0.943	-0.849	-0.865	-0.921	-0.934	-0.689	-0.933	-0.933	-0.933	-0.925	-0.833	-0.832	-0.832	-0.832	-0.914	-0.894	-0.808	-0.930	-0.982	-0.958	-0.916	-0.874	-0.957	-0.963	-0.927	-0.922	-0.870	-0.909	-1.034	-0.843	-0.907	-0.902	-0.864	-0.874	-1.011	-0.850	-0.867	-0.846	-0.830	-0.865	-0.850	-0.850	-0.822	-0.900	-0.870	-0.865	-0.891	-0.816	-0.846	-0.858	-0.854	-1.043	-0.897	-0.864	-0.789	-0.841	-0.871	-0.796	-0.883	-0.801	-0.821	-0.882	-0.805	-0.852	-1.023	-0.843	-0.895	-0.894	-0.764	-0.850	-0.824	-1.031	-0.883	-1.029	-1.037	-0.860	-0.792	-0.825	-0.803	-0.805	-0.842	-0.842	-1.015	-0.873	-0.860	-1.007	-0.871	-0.973	-0.885	-0.989	-0.869	-0.862	-0.898	
rs679790       -0.897	-0.916	-0.543	-0.916	-0.747	-0.542	-0.544	-0.762	-0.558	-0.769	-0.912	-0.559	-0.913	-0.413	-0.911	-0.542	-0.562	-0.893	-0.905	-0.902	-0.543	-0.880	-0.874	-0.880	-0.881	-0.717	-0.574	-0.546	-0.539	-0.556	-0.546	-0.716	-0.880	-0.878	-0.724	-0.884	-0.903	-0.898	-0.531	-0.881	-0.890	-0.890	-0.541	-0.575	-0.872	-0.894	-0.544	-0.748	-0.912	-0.741	-0.905	-0.894	-0.745	-0.889	-0.748	-0.748	-0.911	-0.746	-0.898	-0.905	-0.899	-0.746	-0.889	-0.906	-0.908	-0.915	-0.557	-0.905	-0.915	-0.915	-0.560	-0.560	-0.900	-0.727	-0.575	-0.913	-0.552	-0.907	-0.542	-0.900	-0.562	-0.563	-0.876	-0.568	-0.727	-0.555	-0.564	-0.565	-0.862	-0.565	-0.565	-0.565	-0.570	-0.714	-0.714	-0.714	-0.714	-0.572	-0.566	-0.696	-0.581	-0.769	-0.908	-0.575	-0.917	-0.905	-0.632	-0.587	-0.589	-0.917	-0.769	-0.851	-0.721	-0.586	-0.580	-0.737	-0.548	-0.801	-0.727	-0.918	-0.914	-0.913	-0.654	-0.914	-0.914	-0.900	-0.921	-0.916	-0.915	-0.919	-0.533	-0.913	-0.915	-0.916	-0.857	-0.921	-0.916	-0.905	-0.631	-0.918	-0.906	-0.920	-0.689	-0.908	-0.919	-0.907	-0.910	-0.858	-0.913	-0.921	-0.921	-0.434	-0.912	-0.910	-0.862	-0.669	-0.825	-0.835	-0.907	-0.678	-0.618	-0.685	-0.687	-0.632	-0.632	-0.793	-0.659	-0.652	-0.752	-0.662	-0.715	-0.670	-0.773	-0.660	-0.905	-0.687	
rs1748066      -0.961	-0.770	-0.854	-0.723	-0.871	-0.948	-0.944	-0.892	-0.943	-0.973	-0.797	-0.941	-0.796	-0.911	-0.661	-0.944	-0.939	-0.905	-0.803	-0.790	-0.944	-0.885	-0.946	-0.885	-0.885	-0.832	-0.916	-0.941	-0.946	-0.937	-0.941	-0.831	-0.884	-0.953	-0.840	-0.890	-0.800	-0.781	-0.959	-0.885	-0.976	-0.976	-0.945	-0.920	-0.890	-0.908	-0.943	-0.958	-0.803	-0.950	-0.809	-0.908	-0.955	-0.975	-0.872	-0.872	-0.804	-0.869	-0.830	-0.948	-0.943	-0.879	-0.927	-0.949	-0.951	-0.844	-0.905	-0.951	-0.853	-0.850	-0.928	-0.926	-1.011	-0.854	-0.919	-0.949	-0.909	-0.950	-0.892	-1.075	-0.921	-0.919	-0.927	-0.942	-0.853	-0.864	-0.919	-0.932	-0.670	-0.932	-0.932	-0.932	-0.924	-0.838	-0.838	-0.837	-0.837	-0.913	-0.892	-0.814	-0.929	-0.986	-0.959	-0.914	-0.868	-0.959	-0.963	-0.926	-0.921	-0.862	-0.904	-1.036	-0.848	-0.906	-0.901	-0.868	-0.873	-1.014	-0.855	-0.858	-0.836	-0.818	-0.862	-0.840	-0.840	-0.809	-0.895	-0.862	-0.856	-0.884	-0.814	-0.835	-0.849	-0.844	-1.044	-0.892	-0.854	-0.774	-0.838	-0.862	-0.781	-0.875	-0.806	-0.809	-0.874	-0.791	-0.842	-1.025	-0.832	-0.888	-0.888	-0.762	-0.839	-0.812	-1.032	-0.880	-1.032	-1.039	-0.850	-0.798	-0.821	-0.808	-0.811	-0.838	-0.838	-1.015	-0.870	-0.857	-1.006	-0.868	-0.972	-0.881	-0.989	-0.866	-0.852	-0.895	
rs556559       -0.922	-0.946	-0.521	-0.946	-0.768	-0.570	-0.568	-0.784	-0.591	-0.814	-0.945	-0.591	-0.945	-0.542	-0.944	-0.446	-0.590	-0.928	-0.939	-0.936	-0.564	-0.917	-0.896	-0.917	-0.918	-0.737	-0.591	-0.562	-0.566	-0.571	-0.562	-0.736	-0.917	-0.900	-0.745	-0.921	-0.938	-0.931	-0.579	-0.918	-0.913	-0.913	-0.567	-0.580	-0.910	-0.930	-0.565	-0.783	-0.945	-0.776	-0.937	-0.930	-0.780	-0.912	-0.769	-0.769	-0.944	-0.767	-0.931	-0.939	-0.932	-0.767	-0.923	-0.939	-0.941	-0.945	-0.521	-0.937	-0.945	-0.945	-0.558	-0.553	-0.925	-0.748	-0.581	-0.944	-0.564	-0.940	-0.539	-0.929	-0.549	-0.547	-0.899	-0.589	-0.748	-0.528	-0.551	-0.573	-0.882	-0.572	-0.572	-0.572	-0.567	-0.735	-0.735	-0.735	-0.735	-0.558	-0.533	-0.717	-0.588	-0.820	-0.941	-0.590	-0.947	-0.937	-0.660	-0.592	-0.589	-0.945	-0.804	-0.888	-0.743	-0.575	-0.562	-0.758	-0.531	-0.849	-0.748	-0.944	-0.940	-0.940	-0.691	-0.940	-0.940	-0.924	-0.949	-0.943	-0.942	-0.947	-0.501	-0.940	-0.941	-0.944	-0.893	-0.949	-0.942	-0.930	-0.669	-0.944	-0.931	-0.947	-0.710	-0.932	-0.946	-0.932	-0.936	-0.886	-0.939	-0.948	-0.948	-0.388	-0.938	-0.935	-0.889	-0.705	-0.868	-0.877	-0.933	-0.698	-0.651	-0.706	-0.708	-0.665	-0.665	-0.823	-0.695	-0.685	-0.787	-0.695	-0.750	-0.706	-0.803	-0.693	-0.931	-0.720	
rs648919       -0.915	-0.940	-0.526	-0.940	-0.760	-0.596	-0.593	-0.776	-0.556	-0.815	-0.940	-0.555	-0.940	-0.562	-0.939	-0.590	-0.438	-0.924	-0.934	-0.932	-0.589	-0.913	-0.888	-0.914	-0.914	-0.729	-0.563	-0.588	-0.592	-0.590	-0.588	-0.728	-0.913	-0.893	-0.736	-0.917	-0.933	-0.927	-0.605	-0.914	-0.906	-0.906	-0.592	-0.535	-0.907	-0.925	-0.590	-0.778	-0.940	-0.770	-0.933	-0.925	-0.775	-0.905	-0.761	-0.761	-0.939	-0.759	-0.927	-0.934	-0.927	-0.759	-0.919	-0.935	-0.936	-0.939	-0.544	-0.932	-0.939	-0.940	-0.575	-0.572	-0.918	-0.740	-0.538	-0.938	-0.572	-0.935	-0.547	-0.922	-0.567	-0.565	-0.892	-0.601	-0.740	-0.526	-0.567	-0.586	-0.875	-0.586	-0.586	-0.585	-0.578	-0.727	-0.727	-0.727	-0.727	-0.567	-0.539	-0.708	-0.594	-0.820	-0.936	-0.592	-0.941	-0.933	-0.662	-0.596	-0.591	-0.939	-0.796	-0.881	-0.734	-0.576	-0.564	-0.751	-0.531	-0.847	-0.740	-0.938	-0.933	-0.933	-0.686	-0.934	-0.934	-0.917	-0.943	-0.937	-0.935	-0.941	-0.460	-0.934	-0.935	-0.937	-0.886	-0.943	-0.936	-0.923	-0.664	-0.938	-0.924	-0.940	-0.701	-0.926	-0.940	-0.925	-0.930	-0.879	-0.933	-0.942	-0.942	-0.388	-0.931	-0.928	-0.883	-0.700	-0.866	-0.875	-0.926	-0.689	-0.646	-0.697	-0.699	-0.660	-0.660	-0.817	-0.690	-0.680	-0.782	-0.690	-0.745	-0.701	-0.797	-0.688	-0.924	-0.715	
rs577116       -1.008	-0.863	-0.831	-0.856	-0.905	-0.933	-0.928	-0.923	-0.928	-1.009	-0.902	-0.926	-0.900	-0.893	-0.905	-0.928	-0.924	-0.650	-0.921	-0.923	-0.928	-0.791	-0.931	-0.791	-0.792	-0.871	-0.901	-0.925	-0.931	-0.921	-0.925	-0.870	-0.791	-0.937	-0.878	-0.789	-0.923	-0.928	-0.945	-0.782	-0.958	-0.958	-0.930	-0.904	-0.819	-0.795	-0.928	-0.937	-0.901	-0.928	-0.925	-0.795	-0.933	-0.957	-0.906	-0.906	-0.905	-0.903	-0.935	-0.850	-0.868	-0.910	-0.864	-0.849	-0.842	-0.889	-0.887	-0.864	-0.897	-0.896	-0.911	-0.909	-0.989	-0.888	-0.902	-0.796	-0.891	-0.847	-0.873	-1.057	-0.903	-0.901	-0.985	-0.927	-0.887	-0.844	-0.902	-0.916	-0.693	-0.916	-0.916	-0.915	-0.907	-0.873	-0.873	-0.873	-0.873	-0.895	-0.872	-0.852	-0.912	-1.018	-0.869	-0.896	-0.902	-0.884	-0.950	-0.909	-0.904	-0.890	-0.876	-1.050	-0.882	-0.887	-0.882	-0.900	-0.852	-1.038	-0.889	-0.881	-0.857	-0.847	-0.835	-0.861	-0.861	-0.824	-0.922	-0.884	-0.875	-0.907	-0.793	-0.861	-0.868	-0.871	-1.055	-0.918	-0.872	-0.803	-0.810	-0.880	-0.810	-0.893	-0.845	-0.827	-0.892	-0.816	-0.856	-1.035	-0.852	-0.906	-0.906	-0.737	-0.854	-0.833	-1.040	-0.855	-1.051	-1.056	-0.861	-0.835	-0.793	-0.845	-0.847	-0.812	-0.812	-1.014	-0.845	-0.831	-0.972	-0.842	-0.936	-0.856	-0.993	-0.840	-0.861	-0.871	
rs570673       -0.975	-0.734	-0.845	-0.682	-0.883	-0.943	-0.939	-0.903	-0.938	-0.985	-0.796	-0.937	-0.791	-0.905	-0.803	-0.939	-0.934	-0.921	-0.659	-0.794	-0.939	-0.899	-0.959	-0.899	-0.899	-0.843	-0.911	-0.936	-0.941	-0.932	-0.936	-0.842	-0.899	-0.968	-0.853	-0.908	-0.798	-0.817	-0.955	-0.907	-0.990	-0.990	-0.941	-0.915	-0.912	-0.922	-0.938	-0.950	-0.795	-0.941	-0.834	-0.923	-0.946	-0.989	-0.885	-0.885	-0.804	-0.881	-0.853	-0.952	-0.952	-0.890	-0.941	-0.953	-0.952	-0.821	-0.899	-0.957	-0.833	-0.829	-0.922	-0.920	-1.021	-0.866	-0.913	-0.943	-0.903	-0.953	-0.885	-1.077	-0.915	-0.913	-0.945	-0.937	-0.866	-0.857	-0.914	-0.927	-0.617	-0.927	-0.927	-0.926	-0.918	-0.851	-0.851	-0.851	-0.850	-0.907	-0.885	-0.828	-0.923	-0.997	-0.962	-0.908	-0.847	-0.965	-0.959	-0.921	-0.915	-0.836	-0.885	-1.039	-0.861	-0.899	-0.894	-0.880	-0.865	-1.022	-0.868	-0.830	-0.802	-0.781	-0.850	-0.806	-0.806	-0.772	-0.878	-0.835	-0.826	-0.863	-0.806	-0.802	-0.817	-0.813	-1.046	-0.874	-0.824	-0.729	-0.825	-0.833	-0.738	-0.850	-0.820	-0.769	-0.848	-0.749	-0.809	-1.029	-0.797	-0.865	-0.865	-0.752	-0.806	-0.773	-1.035	-0.869	-1.038	-1.044	-0.820	-0.812	-0.808	-0.822	-0.824	-0.826	-0.826	-1.013	-0.859	-0.845	-1.001	-0.856	-0.967	-0.870	-0.988	-0.854	-0.822	-0.884	
rs585035       -0.978	-0.704	-0.841	-0.640	-0.887	-0.941	-0.936	-0.907	-0.936	-0.989	-0.781	-0.934	-0.775	-0.902	-0.790	-0.936	-0.932	-0.923	-0.794	-0.657	-0.936	-0.904	-0.963	-0.904	-0.904	-0.848	-0.909	-0.933	-0.938	-0.929	-0.933	-0.847	-0.903	-0.972	-0.857	-0.912	-0.796	-0.823	-0.953	-0.911	-0.993	-0.993	-0.938	-0.912	-0.917	-0.924	-0.936	-0.945	-0.777	-0.936	-0.833	-0.924	-0.941	-0.992	-0.888	-0.888	-0.788	-0.885	-0.854	-0.950	-0.952	-0.894	-0.943	-0.951	-0.950	-0.804	-0.896	-0.956	-0.817	-0.813	-0.920	-0.917	-1.022	-0.870	-0.911	-0.937	-0.900	-0.950	-0.882	-1.076	-0.912	-0.910	-0.949	-0.935	-0.870	-0.853	-0.911	-0.924	-0.587	-0.924	-0.924	-0.923	-0.915	-0.855	-0.855	-0.855	-0.854	-0.904	-0.882	-0.832	-0.921	-0.999	-0.959	-0.905	-0.831	-0.964	-0.957	-0.918	-0.912	-0.819	-0.876	-1.039	-0.865	-0.896	-0.891	-0.884	-0.862	-1.023	-0.871	-0.811	-0.781	-0.757	-0.843	-0.786	-0.786	-0.749	-0.865	-0.817	-0.808	-0.849	-0.803	-0.780	-0.798	-0.792	-1.046	-0.861	-0.805	-0.700	-0.818	-0.815	-0.710	-0.833	-0.825	-0.746	-0.832	-0.724	-0.790	-1.029	-0.776	-0.851	-0.851	-0.748	-0.786	-0.750	-1.035	-0.863	-1.039	-1.045	-0.801	-0.816	-0.801	-0.826	-0.828	-0.820	-0.820	-1.012	-0.853	-0.839	-0.999	-0.850	-0.964	-0.864	-0.987	-0.848	-0.804	-0.878	
rs508518       -0.921	-0.945	-0.521	-0.945	-0.768	-0.572	-0.570	-0.783	-0.590	-0.814	-0.944	-0.590	-0.945	-0.543	-0.944	-0.564	-0.589	-0.928	-0.939	-0.936	-0.445	-0.917	-0.895	-0.917	-0.917	-0.737	-0.589	-0.561	-0.565	-0.569	-0.562	-0.736	-0.917	-0.900	-0.744	-0.920	-0.937	-0.931	-0.579	-0.918	-0.912	-0.912	-0.565	-0.577	-0.910	-0.929	-0.564	-0.783	-0.944	-0.775	-0.937	-0.929	-0.780	-0.912	-0.769	-0.769	-0.944	-0.766	-0.931	-0.938	-0.931	-0.767	-0.923	-0.939	-0.940	-0.944	-0.512	-0.936	-0.944	-0.945	-0.552	-0.549	-0.925	-0.748	-0.578	-0.943	-0.561	-0.940	-0.535	-0.928	-0.545	-0.543	-0.898	-0.587	-0.747	-0.525	-0.547	-0.570	-0.882	-0.569	-0.569	-0.569	-0.563	-0.735	-0.734	-0.734	-0.734	-0.553	-0.525	-0.716	-0.584	-0.820	-0.941	-0.587	-0.946	-0.937	-0.659	-0.588	-0.584	-0.945	-0.804	-0.887	-0.742	-0.570	-0.556	-0.758	-0.525	-0.848	-0.747	-0.944	-0.939	-0.939	-0.691	-0.940	-0.940	-0.923	-0.948	-0.943	-0.941	-0.946	-0.496	-0.939	-0.941	-0.943	-0.892	-0.948	-0.942	-0.929	-0.669	-0.944	-0.930	-0.946	-0.709	-0.932	-0.946	-0.931	-0.936	-0.885	-0.939	-0.948	-0.948	-0.378	-0.937	-0.935	-0.889	-0.705	-0.867	-0.877	-0.933	-0.697	-0.651	-0.705	-0.707	-0.665	-0.665	-0.822	-0.695	-0.685	-0.786	-0.695	-0.749	-0.706	-0.802	-0.693	-0.930	-0.720	
rs598147       -1.010	-0.830	-0.817	-0.822	-0.910	-0.922	-0.917	-0.927	-0.918	-1.011	-0.880	-0.916	-0.877	-0.880	-0.885	-0.917	-0.913	-0.791	-0.899	-0.904	-0.917	-0.642	-0.938	-0.778	-0.778	-0.875	-0.890	-0.914	-0.920	-0.910	-0.914	-0.874	-0.778	-0.946	-0.883	-0.792	-0.901	-0.918	-0.935	-0.802	-0.965	-0.965	-0.919	-0.892	-0.834	-0.784	-0.917	-0.922	-0.878	-0.913	-0.912	-0.784	-0.918	-0.964	-0.911	-0.911	-0.883	-0.908	-0.925	-0.826	-0.857	-0.913	-0.862	-0.824	-0.813	-0.859	-0.875	-0.846	-0.868	-0.867	-0.900	-0.897	-0.992	-0.892	-0.891	-0.747	-0.878	-0.820	-0.860	-1.053	-0.891	-0.890	-0.989	-0.915	-0.892	-0.831	-0.890	-0.904	-0.640	-0.904	-0.904	-0.904	-0.895	-0.878	-0.878	-0.878	-0.878	-0.883	-0.860	-0.858	-0.900	-1.019	-0.846	-0.884	-0.872	-0.868	-0.940	-0.897	-0.892	-0.857	-0.851	-1.045	-0.887	-0.875	-0.869	-0.904	-0.838	-1.037	-0.893	-0.846	-0.819	-0.807	-0.817	-0.822	-0.823	-0.782	-0.894	-0.849	-0.839	-0.877	-0.779	-0.822	-0.831	-0.834	-1.048	-0.890	-0.835	-0.757	-0.791	-0.844	-0.764	-0.860	-0.851	-0.784	-0.859	-0.772	-0.818	-1.031	-0.813	-0.875	-0.874	-0.721	-0.815	-0.792	-1.035	-0.838	-1.048	-1.052	-0.823	-0.841	-0.773	-0.850	-0.852	-0.793	-0.794	-1.006	-0.827	-0.812	-0.959	-0.824	-0.922	-0.839	-0.985	-0.822	-0.824	-0.854	
rs6138928      -0.877	-0.904	-0.835	-0.900	-0.881	-0.899	-0.896	-0.896	-0.890	-1.027	-0.942	-0.890	-0.940	-0.874	-0.946	-0.896	-0.888	-0.931	-0.959	-0.963	-0.895	-0.938	-0.588	-0.938	-0.938	-0.851	-0.868	-0.894	-0.897	-0.890	-0.894	-0.850	-0.938	-0.735	-0.858	-0.937	-0.961	-0.971	-0.905	-0.942	-0.731	-0.731	-0.897	-0.875	-0.952	-0.928	-0.895	-0.794	-0.940	-0.782	-0.962	-0.928	-0.789	-0.734	-0.882	-0.882	-0.944	-0.880	-0.972	-0.924	-0.938	-0.885	-0.949	-0.921	-0.916	-0.918	-0.867	-0.927	-0.925	-0.924	-0.884	-0.883	-0.785	-0.867	-0.874	-0.881	-0.873	-0.920	-0.860	-0.974	-0.879	-0.878	-0.890	-0.895	-0.867	-0.830	-0.878	-0.887	-0.761	-0.887	-0.887	-0.887	-0.881	-0.855	-0.855	-0.855	-0.855	-0.873	-0.857	-0.837	-0.885	-1.030	-0.927	-0.876	-0.922	-0.935	-0.904	-0.883	-0.880	-0.908	-0.600	-1.045	-0.863	-0.868	-0.864	-0.879	-0.843	-1.043	-0.869	-0.891	-0.865	-0.871	-0.663	-0.868	-0.868	-0.842	-0.928	-0.881	-0.879	-0.913	-0.786	-0.879	-0.874	-0.890	-1.045	-0.924	-0.869	-0.820	-0.631	-0.876	-0.825	-0.888	-0.832	-0.824	-0.887	-0.829	-0.850	-0.966	-0.857	-0.899	-0.899	-0.750	-0.846	-0.842	-0.959	-0.695	-1.047	-1.050	-0.858	-0.823	-0.626	-0.831	-0.833	-0.658	-0.658	-0.956	-0.682	-0.673	-0.847	-0.687	-0.804	-0.697	-0.935	-0.684	-0.856	-0.724	
rs598971       -1.010	-0.831	-0.817	-0.822	-0.910	-0.922	-0.917	-0.927	-0.918	-1.011	-0.880	-0.916	-0.877	-0.880	-0.885	-0.917	-0.914	-0.791	-0.899	-0.904	-0.917	-0.778	-0.938	-0.642	-0.778	-0.875	-0.890	-0.914	-0.920	-0.910	-0.914	-0.874	-0.778	-0.946	-0.883	-0.792	-0.902	-0.918	-0.935	-0.802	-0.965	-0.965	-0.919	-0.892	-0.834	-0.784	-0.917	-0.922	-0.878	-0.913	-0.912	-0.784	-0.918	-0.964	-0.911	-0.911	-0.883	-0.908	-0.925	-0.826	-0.857	-0.913	-0.862	-0.824	-0.814	-0.859	-0.875	-0.846	-0.868	-0.867	-0.900	-0.897	-0.992	-0.892	-0.891	-0.747	-0.878	-0.821	-0.860	-1.053	-0.892	-0.890	-0.989	-0.916	-0.892	-0.831	-0.890	-0.904	-0.641	-0.904	-0.904	-0.904	-0.895	-0.878	-0.878	-0.878	-0.878	-0.883	-0.860	-0.858	-0.901	-1.019	-0.846	-0.884	-0.872	-0.868	-0.940	-0.897	-0.892	-0.857	-0.851	-1.045	-0.887	-0.875	-0.869	-0.904	-0.839	-1.037	-0.893	-0.846	-0.819	-0.807	-0.817	-0.823	-0.823	-0.782	-0.894	-0.850	-0.839	-0.877	-0.779	-0.823	-0.831	-0.834	-1.048	-0.890	-0.836	-0.757	-0.791	-0.845	-0.764	-0.860	-0.851	-0.785	-0.859	-0.772	-0.818	-1.031	-0.813	-0.875	-0.875	-0.721	-0.815	-0.792	-1.035	-0.838	-1.048	-1.052	-0.823	-0.841	-0.774	-0.850	-0.852	-0.794	-0.794	-1.007	-0.827	-0.812	-0.959	-0.824	-0.922	-0.839	-0.985	-0.822	-0.825	-0.854	
rs600832       -1.010	-0.831	-0.817	-0.823	-0.910	-0.922	-0.917	-0.927	-0.918	-1.011	-0.880	-0.916	-0.878	-0.881	-0.885	-0.918	-0.914	-0.792	-0.899	-0.904	-0.917	-0.778	-0.938	-0.778	-0.642	-0.875	-0.890	-0.914	-0.920	-0.910	-0.914	-0.874	-0.778	-0.946	-0.883	-0.792	-0.902	-0.918	-0.935	-0.802	-0.965	-0.965	-0.919	-0.892	-0.833	-0.784	-0.917	-0.922	-0.878	-0.913	-0.912	-0.784	-0.918	-0.964	-0.911	-0.911	-0.884	-0.908	-0.925	-0.826	-0.857	-0.913	-0.862	-0.824	-0.814	-0.859	-0.875	-0.846	-0.869	-0.867	-0.900	-0.897	-0.992	-0.892	-0.891	-0.748	-0.879	-0.821	-0.860	-1.053	-0.892	-0.890	-0.989	-0.916	-0.892	-0.831	-0.890	-0.905	-0.641	-0.904	-0.904	-0.904	-0.895	-0.878	-0.878	-0.878	-0.878	-0.883	-0.860	-0.858	-0.901	-1.019	-0.846	-0.884	-0.872	-0.868	-0.940	-0.898	-0.892	-0.857	-0.851	-1.045	-0.887	-0.875	-0.869	-0.904	-0.839	-1.037	-0.893	-0.846	-0.819	-0.807	-0.817	-0.823	-0.823	-0.782	-0.894	-0.850	-0.839	-0.877	-0.779	-0.823	-0.832	-0.835	-1.048	-0.890	-0.836	-0.758	-0.791	-0.845	-0.765	-0.860	-0.851	-0.785	-0.859	-0.773	-0.818	-1.031	-0.813	-0.875	-0.875	-0.721	-0.816	-0.792	-1.035	-0.838	-1.048	-1.052	-0.824	-0.841	-0.774	-0.850	-0.852	-0.794	-0.794	-1.007	-0.827	-0.813	-0.960	-0.825	-0.923	-0.839	-0.985	-0.822	-0.825	-0.854	
rs6138930      -0.828	-0.794	-0.681	-0.791	-0.560	-0.740	-0.738	-0.539	-0.731	-0.780	-0.829	-0.730	-0.827	-0.717	-0.832	-0.737	-0.729	-0.871	-0.843	-0.848	-0.737	-0.875	-0.851	-0.875	-0.875	-0.412	-0.708	-0.735	-0.738	-0.731	-0.735	-0.530	-0.875	-0.853	-0.547	-0.874	-0.845	-0.856	-0.747	-0.877	-0.854	-0.854	-0.738	-0.716	-0.875	-0.869	-0.737	-0.788	-0.826	-0.783	-0.848	-0.869	-0.786	-0.854	-0.551	-0.551	-0.830	-0.553	-0.857	-0.866	-0.875	-0.616	-0.881	-0.864	-0.860	-0.809	-0.709	-0.868	-0.814	-0.813	-0.726	-0.724	-0.859	-0.611	-0.715	-0.840	-0.716	-0.863	-0.702	-0.876	-0.721	-0.720	-0.840	-0.736	-0.614	-0.672	-0.720	-0.729	-0.699	-0.729	-0.729	-0.728	-0.723	-0.614	-0.614	-0.614	-0.614	-0.715	-0.699	-0.605	-0.726	-0.800	-0.866	-0.719	-0.810	-0.872	-0.745	-0.724	-0.721	-0.794	-0.665	-0.759	-0.628	-0.710	-0.706	-0.637	-0.686	-0.795	-0.634	-0.782	-0.761	-0.764	-0.722	-0.763	-0.764	-0.738	-0.813	-0.772	-0.770	-0.799	-0.627	-0.767	-0.765	-0.779	-0.752	-0.810	-0.765	-0.723	-0.705	-0.771	-0.727	-0.781	-0.610	-0.728	-0.780	-0.730	-0.746	-0.856	-0.753	-0.790	-0.789	-0.594	-0.746	-0.740	-0.859	-0.731	-0.799	-0.793	-0.748	-0.628	-0.690	-0.636	-0.637	-0.696	-0.696	-0.787	-0.722	-0.717	-0.817	-0.725	-0.791	-0.732	-0.763	-0.722	-0.748	-0.742	
rs12481210     -0.893	-0.918	-0.540	-0.918	-0.739	-0.594	-0.593	-0.755	-0.563	-0.790	-0.917	-0.563	-0.917	-0.574	-0.916	-0.591	-0.563	-0.901	-0.911	-0.909	-0.589	-0.890	-0.868	-0.890	-0.890	-0.708	-0.412	-0.589	-0.591	-0.590	-0.589	-0.707	-0.890	-0.872	-0.716	-0.893	-0.910	-0.903	-0.597	-0.890	-0.885	-0.885	-0.590	-0.556	-0.883	-0.902	-0.589	-0.754	-0.917	-0.746	-0.910	-0.902	-0.750	-0.884	-0.740	-0.740	-0.916	-0.738	-0.903	-0.911	-0.904	-0.738	-0.895	-0.912	-0.913	-0.917	-0.553	-0.909	-0.917	-0.917	-0.579	-0.578	-0.897	-0.719	-0.555	-0.916	-0.578	-0.912	-0.559	-0.900	-0.574	-0.573	-0.871	-0.597	-0.719	-0.540	-0.574	-0.586	-0.855	-0.586	-0.586	-0.586	-0.581	-0.706	-0.706	-0.706	-0.706	-0.573	-0.552	-0.688	-0.592	-0.795	-0.913	-0.592	-0.919	-0.909	-0.646	-0.594	-0.590	-0.917	-0.771	-0.857	-0.713	-0.578	-0.569	-0.729	-0.542	-0.822	-0.719	-0.916	-0.912	-0.911	-0.661	-0.912	-0.912	-0.896	-0.921	-0.915	-0.914	-0.919	-0.471	-0.912	-0.913	-0.916	-0.862	-0.921	-0.914	-0.902	-0.639	-0.916	-0.903	-0.918	-0.681	-0.904	-0.918	-0.904	-0.908	-0.856	-0.911	-0.920	-0.920	-0.417	-0.910	-0.907	-0.860	-0.675	-0.842	-0.851	-0.905	-0.669	-0.621	-0.677	-0.678	-0.635	-0.635	-0.793	-0.665	-0.655	-0.757	-0.665	-0.720	-0.676	-0.773	-0.663	-0.903	-0.690	
rs6051459      -0.919	-0.943	-0.526	-0.943	-0.766	-0.569	-0.568	-0.782	-0.588	-0.810	-0.942	-0.588	-0.942	-0.546	-0.941	-0.562	-0.588	-0.925	-0.936	-0.933	-0.561	-0.914	-0.894	-0.914	-0.914	-0.735	-0.589	-0.443	-0.561	-0.569	-0.559	-0.734	-0.914	-0.898	-0.742	-0.917	-0.934	-0.928	-0.572	-0.914	-0.911	-0.911	-0.561	-0.578	-0.907	-0.926	-0.560	-0.780	-0.942	-0.772	-0.934	-0.926	-0.777	-0.910	-0.767	-0.767	-0.941	-0.765	-0.928	-0.935	-0.928	-0.765	-0.919	-0.936	-0.938	-0.942	-0.519	-0.934	-0.942	-0.942	-0.554	-0.549	-0.923	-0.746	-0.578	-0.941	-0.563	-0.937	-0.538	-0.926	-0.546	-0.544	-0.897	-0.584	-0.746	-0.528	-0.548	-0.568	-0.880	-0.568	-0.568	-0.568	-0.563	-0.733	-0.733	-0.733	-0.733	-0.554	-0.530	-0.714	-0.583	-0.815	-0.938	-0.587	-0.944	-0.934	-0.656	-0.587	-0.584	-0.942	-0.800	-0.884	-0.740	-0.571	-0.557	-0.756	-0.527	-0.844	-0.746	-0.941	-0.937	-0.937	-0.688	-0.937	-0.938	-0.921	-0.946	-0.941	-0.939	-0.944	-0.500	-0.937	-0.938	-0.941	-0.889	-0.946	-0.940	-0.927	-0.665	-0.942	-0.928	-0.944	-0.708	-0.930	-0.943	-0.929	-0.934	-0.883	-0.937	-0.946	-0.946	-0.386	-0.935	-0.933	-0.887	-0.701	-0.863	-0.873	-0.931	-0.695	-0.648	-0.703	-0.705	-0.661	-0.661	-0.820	-0.692	-0.681	-0.783	-0.692	-0.746	-0.703	-0.800	-0.689	-0.928	-0.716	
rs6051460      -0.923	-0.947	-0.518	-0.947	-0.769	-0.574	-0.570	-0.785	-0.594	-0.818	-0.946	-0.593	-0.947	-0.539	-0.946	-0.566	-0.592	-0.931	-0.941	-0.938	-0.565	-0.920	-0.897	-0.920	-0.920	-0.738	-0.591	-0.561	-0.448	-0.571	-0.561	-0.737	-0.919	-0.902	-0.746	-0.923	-0.940	-0.933	-0.582	-0.920	-0.914	-0.914	-0.566	-0.578	-0.912	-0.932	-0.564	-0.786	-0.947	-0.778	-0.940	-0.932	-0.782	-0.914	-0.771	-0.771	-0.946	-0.768	-0.933	-0.941	-0.934	-0.769	-0.925	-0.941	-0.943	-0.946	-0.509	-0.939	-0.947	-0.947	-0.552	-0.546	-0.927	-0.749	-0.579	-0.946	-0.557	-0.942	-0.531	-0.931	-0.541	-0.538	-0.900	-0.587	-0.749	-0.521	-0.543	-0.567	-0.883	-0.567	-0.566	-0.566	-0.559	-0.736	-0.736	-0.736	-0.736	-0.550	-0.522	-0.718	-0.582	-0.823	-0.943	-0.585	-0.949	-0.939	-0.660	-0.586	-0.582	-0.947	-0.807	-0.890	-0.744	-0.566	-0.553	-0.760	-0.519	-0.851	-0.749	-0.946	-0.941	-0.941	-0.694	-0.942	-0.942	-0.925	-0.951	-0.945	-0.943	-0.948	-0.494	-0.941	-0.943	-0.945	-0.895	-0.950	-0.944	-0.931	-0.671	-0.946	-0.932	-0.948	-0.711	-0.934	-0.948	-0.933	-0.938	-0.888	-0.941	-0.950	-0.950	-0.372	-0.939	-0.937	-0.891	-0.707	-0.870	-0.879	-0.935	-0.699	-0.654	-0.707	-0.709	-0.667	-0.667	-0.825	-0.698	-0.687	-0.789	-0.697	-0.752	-0.709	-0.805	-0.695	-0.932	-0.722	
rs62207188     -0.916	-0.939	-0.531	-0.939	-0.762	-0.576	-0.576	-0.778	-0.590	-0.807	-0.938	-0.590	-0.938	-0.556	-0.937	-0.571	-0.590	-0.921	-0.932	-0.929	-0.569	-0.910	-0.890	-0.910	-0.910	-0.731	-0.590	-0.569	-0.571	-0.438	-0.569	-0.730	-0.910	-0.895	-0.739	-0.913	-0.930	-0.924	-0.580	-0.910	-0.907	-0.907	-0.571	-0.581	-0.903	-0.922	-0.570	-0.776	-0.938	-0.768	-0.930	-0.922	-0.773	-0.906	-0.763	-0.763	-0.937	-0.761	-0.924	-0.932	-0.924	-0.761	-0.916	-0.932	-0.934	-0.938	-0.533	-0.930	-0.938	-0.939	-0.562	-0.560	-0.919	-0.742	-0.581	-0.937	-0.569	-0.933	-0.546	-0.922	-0.557	-0.555	-0.893	-0.589	-0.742	-0.534	-0.558	-0.575	-0.877	-0.575	-0.575	-0.575	-0.571	-0.729	-0.729	-0.729	-0.729	-0.561	-0.537	-0.711	-0.587	-0.812	-0.934	-0.591	-0.940	-0.930	-0.655	-0.591	-0.588	-0.938	-0.797	-0.880	-0.736	-0.575	-0.563	-0.752	-0.534	-0.840	-0.742	-0.938	-0.933	-0.933	-0.684	-0.934	-0.934	-0.918	-0.942	-0.937	-0.935	-0.940	-0.503	-0.933	-0.935	-0.937	-0.885	-0.942	-0.936	-0.923	-0.661	-0.938	-0.925	-0.940	-0.704	-0.926	-0.940	-0.925	-0.930	-0.879	-0.933	-0.942	-0.942	-0.395	-0.932	-0.929	-0.883	-0.697	-0.860	-0.869	-0.927	-0.692	-0.644	-0.700	-0.702	-0.657	-0.657	-0.816	-0.688	-0.677	-0.779	-0.688	-0.742	-0.699	-0.796	-0.685	-0.925	-0.712	
rs1621041      -0.919	-0.943	-0.525	-0.943	-0.766	-0.569	-0.568	-0.782	-0.588	-0.810	-0.942	-0.588	-0.942	-0.546	-0.941	-0.562	-0.588	-0.925	-0.936	-0.933	-0.562	-0.914	-0.894	-0.914	-0.914	-0.735	-0.589	-0.559	-0.561	-0.569	-0.443	-0.734	-0.914	-0.898	-0.743	-0.917	-0.934	-0.928	-0.572	-0.915	-0.911	-0.911	-0.561	-0.578	-0.907	-0.926	-0.560	-0.780	-0.942	-0.773	-0.934	-0.926	-0.777	-0.910	-0.767	-0.767	-0.941	-0.765	-0.928	-0.935	-0.928	-0.765	-0.920	-0.936	-0.938	-0.942	-0.519	-0.934	-0.942	-0.942	-0.554	-0.549	-0.923	-0.746	-0.578	-0.941	-0.563	-0.937	-0.538	-0.926	-0.545	-0.543	-0.897	-0.584	-0.746	-0.527	-0.547	-0.568	-0.880	-0.568	-0.568	-0.568	-0.563	-0.733	-0.733	-0.733	-0.733	-0.554	-0.529	-0.715	-0.583	-0.816	-0.938	-0.587	-0.944	-0.934	-0.656	-0.587	-0.584	-0.942	-0.801	-0.884	-0.740	-0.570	-0.557	-0.756	-0.527	-0.844	-0.746	-0.942	-0.937	-0.937	-0.688	-0.938	-0.938	-0.921	-0.946	-0.941	-0.939	-0.944	-0.500	-0.937	-0.939	-0.941	-0.889	-0.946	-0.940	-0.927	-0.665	-0.942	-0.929	-0.944	-0.708	-0.930	-0.944	-0.929	-0.934	-0.883	-0.937	-0.946	-0.946	-0.385	-0.935	-0.933	-0.887	-0.702	-0.864	-0.873	-0.931	-0.696	-0.648	-0.704	-0.705	-0.662	-0.662	-0.820	-0.692	-0.682	-0.783	-0.692	-0.746	-0.703	-0.800	-0.689	-0.928	-0.717	
