## Summary of overall evidence for association with region:
## log10(BF for region) = -0.12711
## p-value for region = NA

## BFs for choosing among multi-SNP models:
## log10(average 1-SNP BF) = -0.0944065
## log10(average 2-SNP BF) = -0.200983

## Example posterior probabilities for multi-SNP models, based on default prior: [p(l) propto 0.5^l for l=1,2,...,L]
## posterior probability of 1-SNP = 0.718807
## posterior probability of 2-SNP = 0.281193

## log10(BF) for single SNP and pair of SNPs:
rs2211864      +0.042	-0.133	-0.162	-0.176	+0.098	-0.186	-0.111	+0.062	+0.029	+0.053	+0.085	-0.002	+0.095	+0.056	+0.009	+0.073	+0.006	+0.081	+0.010	+0.052	+0.042	+0.113	-0.018	-0.018	-0.017	+0.312	+0.082	+0.158	-0.050	-0.046	+0.044	-0.072	-0.060	-0.058	-0.038	-0.033	+0.006	-0.033	-0.025	+0.028	+0.028	+0.028	+0.028	+0.028	-0.006	-0.018	-0.018	+0.016	-0.020	-0.036	-0.013	-0.032	-0.064	-0.033	-0.034	-0.104	+0.018	-0.095	-0.098	-0.175	-0.253	-0.252	-0.197	-0.092	-0.087	-0.096	+0.069	-0.201	-0.148	-0.201	-0.175	-0.339	-0.403	-0.400	-0.357	-0.375	-0.427	-0.444	-0.353	-0.386	-0.427	-0.401	-0.458	-0.389	-0.386	-0.369	-0.465	-0.362	-0.371	-0.473	-0.225	-0.459	-0.209	-0.475	-0.298	-0.481	-0.481	-0.481	-0.268	-0.249	-0.481	-0.480	-0.314	-0.245	-0.245	-0.467	-0.327	-0.382	-0.464	-0.461	
rs2836243      -0.133	+0.003	-0.098	-0.104	+0.121	-0.112	-0.169	+0.072	+0.035	-0.035	+0.108	+0.015	+0.121	+0.067	-0.079	+0.090	+0.025	+0.102	+0.029	+0.061	+0.065	+0.147	-0.233	-0.233	-0.232	+0.244	-0.005	+0.075	-0.150	-0.151	-0.113	-0.186	-0.169	-0.132	-0.113	-0.108	-0.073	-0.108	-0.102	-0.051	-0.051	-0.051	-0.051	-0.052	-0.082	-0.095	-0.095	-0.057	-0.097	-0.112	-0.091	-0.108	-0.138	-0.109	-0.110	-0.176	-0.050	-0.171	-0.173	-0.227	-0.305	-0.304	-0.260	-0.141	-0.135	-0.145	+0.021	-0.249	-0.198	-0.253	-0.224	-0.395	-0.457	-0.454	-0.408	-0.431	-0.459	-0.480	-0.371	-0.420	-0.469	-0.457	-0.505	-0.451	-0.450	-0.437	-0.519	-0.432	-0.436	-0.533	-0.292	-0.520	-0.277	-0.535	-0.364	-0.539	-0.539	-0.539	-0.335	-0.321	-0.539	-0.539	-0.391	-0.317	-0.317	-0.528	-0.393	-0.446	-0.525	-0.523	
rs13433471     -0.162	-0.098	-0.045	-0.145	+0.113	-0.157	-0.195	+0.078	+0.009	-0.054	+0.120	-0.000	+0.134	+0.074	-0.100	+0.100	+0.010	+0.113	+0.014	+0.068	+0.051	+0.162	-0.277	-0.277	-0.277	+0.219	-0.023	+0.061	-0.177	-0.179	-0.153	-0.228	-0.211	-0.174	-0.155	-0.151	-0.115	-0.150	-0.144	-0.093	-0.093	-0.093	-0.093	-0.093	-0.124	-0.137	-0.137	-0.099	-0.140	-0.154	-0.133	-0.150	-0.181	-0.151	-0.152	-0.219	-0.092	-0.214	-0.216	-0.271	-0.349	-0.348	-0.304	-0.185	-0.180	-0.189	-0.024	-0.294	-0.243	-0.297	-0.268	-0.440	-0.502	-0.498	-0.453	-0.476	-0.503	-0.524	-0.416	-0.464	-0.513	-0.501	-0.549	-0.496	-0.495	-0.482	-0.563	-0.477	-0.481	-0.578	-0.337	-0.565	-0.321	-0.580	-0.409	-0.584	-0.584	-0.584	-0.379	-0.366	-0.584	-0.583	-0.436	-0.362	-0.362	-0.573	-0.438	-0.490	-0.570	-0.568	
rs13433506     -0.176	-0.104	-0.145	-0.070	+0.110	-0.172	-0.207	+0.086	-0.006	-0.063	+0.131	-0.007	+0.146	+0.082	-0.110	+0.109	+0.003	+0.124	+0.007	+0.076	+0.045	+0.176	-0.299	-0.299	-0.298	+0.207	-0.031	+0.055	-0.190	-0.192	-0.173	-0.248	-0.231	-0.197	-0.178	-0.173	-0.137	-0.173	-0.167	-0.115	-0.116	-0.116	-0.116	-0.116	-0.147	-0.160	-0.160	-0.122	-0.162	-0.177	-0.156	-0.173	-0.204	-0.174	-0.175	-0.241	-0.114	-0.236	-0.238	-0.293	-0.371	-0.370	-0.326	-0.207	-0.202	-0.211	-0.046	-0.316	-0.264	-0.319	-0.290	-0.462	-0.524	-0.520	-0.476	-0.498	-0.526	-0.547	-0.439	-0.486	-0.535	-0.524	-0.571	-0.518	-0.517	-0.505	-0.586	-0.499	-0.503	-0.600	-0.359	-0.587	-0.343	-0.602	-0.430	-0.606	-0.606	-0.606	-0.401	-0.388	-0.606	-0.606	-0.458	-0.384	-0.384	-0.595	-0.460	-0.513	-0.592	-0.590	
rs2836248      +0.098	+0.121	+0.113	+0.110	+0.440	+0.110	+0.130	+0.219	+0.218	+0.226	+0.232	+0.203	+0.238	+0.213	+0.197	+0.224	+0.208	+0.229	+0.210	+0.211	+0.230	+0.251	+0.337	+0.337	+0.339	+0.380	+0.247	+0.302	+0.183	+0.186	+0.314	+0.233	+0.255	+0.309	+0.329	+0.333	+0.373	+0.334	+0.342	+0.397	+0.397	+0.397	+0.396	+0.396	+0.361	+0.349	+0.349	+0.381	+0.347	+0.331	+0.354	+0.335	+0.304	+0.334	+0.334	+0.264	+0.386	+0.270	+0.268	+0.217	+0.134	+0.135	+0.174	+0.299	+0.304	+0.295	+0.465	+0.186	+0.241	+0.185	+0.214	+0.034	-0.029	-0.025	+0.023	-0.004	-0.046	-0.065	+0.032	-0.013	-0.058	-0.033	-0.090	-0.023	-0.020	-0.005	-0.098	+0.002	-0.005	-0.106	+0.131	-0.091	+0.146	-0.108	+0.059	-0.115	-0.115	-0.115	+0.088	+0.105	-0.114	-0.114	+0.050	+0.123	+0.123	-0.100	+0.032	-0.024	-0.101	-0.099	
rs3787882      -0.186	-0.112	-0.157	-0.172	+0.110	-0.085	-0.215	+0.094	-0.015	-0.067	+0.143	-0.010	+0.159	+0.091	-0.115	+0.120	+0.000	+0.135	+0.004	+0.085	+0.043	+0.190	-0.313	-0.313	-0.312	+0.199	-0.035	+0.052	-0.197	-0.199	-0.187	-0.262	-0.244	-0.212	-0.193	-0.188	-0.152	-0.188	-0.181	-0.130	-0.130	-0.131	-0.131	-0.131	-0.162	-0.174	-0.175	-0.137	-0.177	-0.192	-0.170	-0.187	-0.218	-0.188	-0.189	-0.256	-0.128	-0.251	-0.252	-0.307	-0.385	-0.384	-0.340	-0.221	-0.216	-0.226	-0.060	-0.330	-0.279	-0.333	-0.304	-0.476	-0.538	-0.534	-0.490	-0.512	-0.540	-0.561	-0.453	-0.500	-0.550	-0.538	-0.586	-0.533	-0.531	-0.519	-0.600	-0.514	-0.517	-0.614	-0.373	-0.602	-0.357	-0.616	-0.445	-0.620	-0.620	-0.620	-0.415	-0.402	-0.620	-0.620	-0.472	-0.399	-0.399	-0.609	-0.474	-0.527	-0.606	-0.604	
rs2836251      -0.111	-0.169	-0.195	-0.207	+0.130	-0.215	+0.056	+0.025	+0.040	-0.006	+0.048	+0.026	+0.058	+0.018	-0.048	+0.035	+0.035	+0.044	+0.039	+0.014	+0.074	+0.077	-0.039	-0.039	-0.037	+0.249	+0.023	+0.104	-0.121	-0.122	+0.090	-0.017	+0.001	-0.042	-0.020	-0.015	+0.025	-0.015	-0.007	+0.050	+0.050	+0.050	+0.049	+0.049	+0.014	+0.000	+0.000	+0.042	-0.002	-0.019	+0.005	-0.014	-0.049	-0.015	-0.016	-0.092	+0.053	-0.086	-0.089	-0.179	-0.256	-0.255	-0.191	-0.094	-0.088	-0.098	+0.062	-0.203	-0.150	-0.205	-0.176	-0.345	-0.407	-0.403	-0.359	-0.381	-0.407	-0.427	-0.321	-0.368	-0.417	-0.406	-0.453	-0.400	-0.398	-0.385	-0.467	-0.379	-0.384	-0.481	-0.234	-0.468	-0.218	-0.483	-0.308	-0.488	-0.488	-0.488	-0.278	-0.264	-0.488	-0.487	-0.331	-0.254	-0.254	-0.476	-0.340	-0.395	-0.474	-0.472	
rs2836252      +0.062	+0.072	+0.078	+0.086	+0.219	+0.094	+0.025	+0.310	+0.201	+0.127	+0.229	+0.139	+0.237	+0.206	+0.100	+0.218	+0.146	+0.225	+0.150	+0.203	+0.179	+0.253	+0.051	+0.051	+0.052	+0.392	+0.147	+0.204	+0.061	+0.060	+0.160	+0.088	+0.107	+0.164	+0.184	+0.188	+0.226	+0.188	+0.195	+0.249	+0.249	+0.248	+0.248	+0.248	+0.215	+0.202	+0.202	+0.241	+0.200	+0.185	+0.207	+0.189	+0.158	+0.188	+0.187	+0.119	+0.251	+0.124	+0.123	+0.059	-0.020	-0.019	+0.033	+0.144	+0.149	+0.140	+0.307	+0.036	+0.087	+0.033	+0.062	-0.109	-0.171	-0.167	-0.123	-0.145	-0.176	-0.196	-0.090	-0.139	-0.187	-0.169	-0.222	-0.164	-0.162	-0.149	-0.234	-0.144	-0.148	-0.246	-0.002	-0.232	+0.013	-0.248	-0.076	-0.253	-0.253	-0.253	-0.045	-0.035	-0.253	-0.252	-0.100	-0.023	-0.023	-0.241	-0.107	-0.162	-0.240	-0.238	
rs2000457      +0.029	+0.035	+0.009	-0.006	+0.218	-0.015	+0.040	+0.201	+0.249	+0.198	+0.228	+0.119	+0.236	+0.201	+0.157	+0.216	+0.126	+0.224	+0.129	+0.197	+0.159	+0.254	+0.216	+0.216	+0.218	+0.325	+0.225	+0.296	+0.111	+0.116	+0.246	+0.125	+0.136	+0.142	+0.162	+0.167	+0.206	+0.167	+0.175	+0.229	+0.229	+0.228	+0.228	+0.228	+0.195	+0.182	+0.182	+0.216	+0.180	+0.165	+0.187	+0.168	+0.136	+0.167	+0.166	+0.096	+0.218	+0.105	+0.102	+0.032	-0.048	-0.047	+0.003	+0.115	+0.120	+0.111	+0.279	+0.004	+0.058	+0.005	+0.031	-0.141	-0.205	-0.202	-0.158	-0.177	-0.231	-0.248	-0.158	-0.190	-0.231	-0.204	-0.261	-0.190	-0.187	-0.169	-0.268	-0.162	-0.171	-0.276	-0.035	-0.262	-0.019	-0.278	-0.106	-0.284	-0.284	-0.284	-0.077	-0.051	-0.284	-0.283	-0.120	-0.054	-0.054	-0.271	-0.130	-0.185	-0.268	-0.265	
rs2836259      +0.053	-0.035	-0.054	-0.063	+0.226	-0.067	-0.006	+0.127	+0.198	+0.248	+0.147	+0.140	+0.155	+0.120	+0.156	+0.135	+0.148	+0.143	+0.152	+0.117	+0.184	+0.172	-0.008	-0.008	-0.007	+0.402	+0.190	+0.276	+0.029	+0.024	+0.294	+0.179	+0.200	+0.133	+0.155	+0.160	+0.201	+0.160	+0.167	+0.226	+0.226	+0.226	+0.226	+0.226	+0.190	+0.175	+0.175	+0.217	+0.172	+0.156	+0.180	+0.160	+0.126	+0.159	+0.158	+0.082	+0.225	+0.087	+0.085	+0.001	-0.079	-0.078	-0.019	+0.088	+0.093	+0.084	+0.248	-0.023	+0.030	-0.027	+0.004	-0.177	-0.237	-0.234	-0.188	-0.212	-0.234	-0.255	-0.145	-0.196	-0.247	-0.236	-0.284	-0.232	-0.231	-0.219	-0.299	-0.214	-0.217	-0.314	-0.065	-0.302	-0.049	-0.316	-0.140	-0.320	-0.320	-0.320	-0.109	-0.099	-0.321	-0.320	-0.172	-0.095	-0.095	-0.310	-0.173	-0.228	-0.307	-0.306	
rs2836260      +0.085	+0.108	+0.120	+0.131	+0.232	+0.143	+0.048	+0.229	+0.228	+0.147	+0.342	+0.154	+0.285	+0.264	+0.121	+0.272	+0.161	+0.277	+0.164	+0.262	+0.192	+0.299	+0.082	+0.082	+0.082	+0.407	+0.165	+0.220	+0.086	+0.086	+0.183	+0.114	+0.133	+0.198	+0.217	+0.222	+0.259	+0.222	+0.229	+0.282	+0.282	+0.282	+0.282	+0.282	+0.249	+0.236	+0.236	+0.274	+0.233	+0.218	+0.240	+0.222	+0.192	+0.221	+0.221	+0.152	+0.282	+0.157	+0.157	+0.094	+0.015	+0.016	+0.066	+0.179	+0.184	+0.175	+0.344	+0.071	+0.122	+0.067	+0.096	-0.077	-0.138	-0.135	-0.089	-0.113	-0.144	-0.164	-0.058	-0.108	-0.155	-0.137	-0.190	-0.132	-0.130	-0.117	-0.202	-0.112	-0.116	-0.214	+0.030	-0.200	+0.046	-0.216	-0.043	-0.221	-0.221	-0.221	-0.013	-0.002	-0.221	-0.221	-0.068	+0.010	+0.010	-0.209	-0.075	-0.130	-0.208	-0.206	
rs928769       -0.002	+0.015	-0.000	-0.007	+0.203	-0.010	+0.026	+0.139	+0.119	+0.140	+0.154	+0.315	+0.161	+0.132	+0.108	+0.144	+0.244	+0.150	+0.247	+0.129	+0.274	+0.175	+0.452	+0.452	+0.455	+0.287	+0.163	+0.224	+0.087	+0.090	+0.206	+0.123	+0.144	+0.196	+0.216	+0.221	+0.260	+0.221	+0.229	+0.284	+0.283	+0.283	+0.283	+0.283	+0.249	+0.236	+0.236	+0.269	+0.234	+0.218	+0.241	+0.223	+0.190	+0.222	+0.221	+0.150	+0.261	+0.156	+0.154	+0.099	+0.016	+0.017	+0.059	+0.181	+0.187	+0.177	+0.346	+0.069	+0.123	+0.067	+0.097	-0.084	-0.144	-0.140	-0.093	-0.120	-0.167	-0.184	-0.088	-0.131	-0.174	-0.149	-0.206	-0.138	-0.134	-0.117	-0.214	-0.110	-0.122	-0.223	+0.013	-0.208	+0.027	-0.225	-0.058	-0.231	-0.231	-0.231	-0.030	-0.015	-0.230	-0.230	-0.074	-0.001	-0.001	-0.217	-0.087	-0.141	-0.218	-0.216	
rs928770       +0.095	+0.121	+0.134	+0.146	+0.238	+0.159	+0.058	+0.237	+0.236	+0.155	+0.285	+0.161	+0.355	+0.272	+0.131	+0.278	+0.168	+0.282	+0.171	+0.270	+0.199	+0.301	+0.094	+0.094	+0.094	+0.415	+0.174	+0.227	+0.097	+0.096	+0.194	+0.126	+0.145	+0.210	+0.230	+0.234	+0.272	+0.235	+0.241	+0.295	+0.295	+0.295	+0.295	+0.294	+0.261	+0.249	+0.248	+0.287	+0.246	+0.231	+0.253	+0.235	+0.204	+0.234	+0.233	+0.165	+0.294	+0.170	+0.169	+0.106	+0.027	+0.028	+0.078	+0.191	+0.197	+0.187	+0.357	+0.083	+0.134	+0.080	+0.109	-0.065	-0.126	-0.122	-0.077	-0.101	-0.132	-0.152	-0.046	-0.095	-0.143	-0.125	-0.178	-0.120	-0.118	-0.105	-0.190	-0.099	-0.104	-0.202	+0.043	-0.188	+0.058	-0.204	-0.031	-0.209	-0.209	-0.209	-0.000	+0.011	-0.209	-0.209	-0.056	+0.022	+0.022	-0.197	-0.063	-0.118	-0.196	-0.194	
rs4491802      +0.056	+0.067	+0.074	+0.082	+0.213	+0.091	+0.018	+0.206	+0.201	+0.120	+0.264	+0.132	+0.272	+0.301	+0.092	+0.250	+0.139	+0.258	+0.142	+0.235	+0.172	+0.292	+0.043	+0.043	+0.044	+0.383	+0.140	+0.198	+0.054	+0.054	+0.147	+0.078	+0.097	+0.159	+0.178	+0.183	+0.220	+0.183	+0.190	+0.243	+0.243	+0.243	+0.243	+0.243	+0.210	+0.197	+0.197	+0.236	+0.195	+0.179	+0.201	+0.184	+0.153	+0.183	+0.182	+0.113	+0.243	+0.119	+0.118	+0.055	-0.024	-0.023	+0.027	+0.141	+0.146	+0.137	+0.305	+0.032	+0.083	+0.029	+0.058	-0.115	-0.177	-0.173	-0.128	-0.151	-0.182	-0.202	-0.096	-0.145	-0.193	-0.176	-0.228	-0.171	-0.169	-0.156	-0.240	-0.150	-0.154	-0.252	-0.008	-0.239	+0.008	-0.254	-0.081	-0.260	-0.259	-0.260	-0.051	-0.040	-0.259	-0.259	-0.107	-0.029	-0.029	-0.247	-0.113	-0.168	-0.246	-0.244	
rs2836262      +0.009	-0.079	-0.100	-0.110	+0.197	-0.115	-0.048	+0.100	+0.157	+0.156	+0.121	+0.108	+0.131	+0.092	+0.186	+0.109	+0.116	+0.117	+0.120	+0.089	+0.153	+0.149	-0.064	-0.064	-0.063	+0.363	+0.180	+0.300	-0.017	-0.021	+0.234	+0.120	+0.140	+0.074	+0.096	+0.100	+0.141	+0.101	+0.108	+0.167	+0.166	+0.166	+0.166	+0.166	+0.130	+0.116	+0.116	+0.158	+0.113	+0.097	+0.120	+0.101	+0.067	+0.100	+0.099	+0.023	+0.166	+0.028	+0.026	-0.056	-0.136	-0.135	-0.077	+0.030	+0.035	+0.026	+0.189	-0.081	-0.028	-0.084	-0.054	-0.233	-0.293	-0.290	-0.245	-0.268	-0.290	-0.311	-0.201	-0.252	-0.303	-0.292	-0.340	-0.288	-0.287	-0.275	-0.355	-0.270	-0.273	-0.370	-0.120	-0.357	-0.105	-0.372	-0.196	-0.376	-0.376	-0.376	-0.165	-0.156	-0.376	-0.376	-0.227	-0.151	-0.151	-0.365	-0.229	-0.284	-0.363	-0.362	
rs2836263      +0.073	+0.090	+0.100	+0.109	+0.224	+0.120	+0.035	+0.218	+0.216	+0.135	+0.272	+0.144	+0.278	+0.250	+0.109	+0.325	+0.151	+0.269	+0.154	+0.249	+0.183	+0.296	+0.065	+0.065	+0.066	+0.396	+0.154	+0.210	+0.073	+0.072	+0.167	+0.098	+0.118	+0.181	+0.201	+0.205	+0.242	+0.205	+0.212	+0.266	+0.265	+0.265	+0.265	+0.265	+0.232	+0.219	+0.219	+0.258	+0.217	+0.202	+0.223	+0.206	+0.175	+0.205	+0.204	+0.135	+0.265	+0.141	+0.140	+0.077	-0.002	-0.001	+0.049	+0.163	+0.168	+0.158	+0.328	+0.054	+0.105	+0.051	+0.080	-0.094	-0.155	-0.151	-0.106	-0.129	-0.161	-0.181	-0.075	-0.124	-0.171	-0.154	-0.206	-0.149	-0.147	-0.134	-0.218	-0.128	-0.132	-0.230	+0.014	-0.217	+0.029	-0.232	-0.060	-0.238	-0.238	-0.238	-0.029	-0.018	-0.238	-0.237	-0.085	-0.006	-0.006	-0.225	-0.091	-0.147	-0.224	-0.222	
rs2836264      +0.006	+0.025	+0.010	+0.003	+0.208	+0.000	+0.035	+0.146	+0.126	+0.148	+0.161	+0.244	+0.168	+0.139	+0.116	+0.151	+0.326	+0.157	+0.254	+0.136	+0.278	+0.182	+0.466	+0.466	+0.469	+0.293	+0.171	+0.231	+0.096	+0.099	+0.217	+0.133	+0.155	+0.207	+0.227	+0.232	+0.271	+0.233	+0.240	+0.295	+0.295	+0.295	+0.294	+0.294	+0.260	+0.248	+0.247	+0.280	+0.245	+0.230	+0.252	+0.234	+0.202	+0.233	+0.232	+0.161	+0.271	+0.167	+0.165	+0.110	+0.027	+0.028	+0.070	+0.193	+0.198	+0.189	+0.357	+0.080	+0.134	+0.078	+0.108	-0.073	-0.134	-0.129	-0.082	-0.109	-0.156	-0.174	-0.078	-0.120	-0.163	-0.139	-0.195	-0.127	-0.123	-0.106	-0.203	-0.099	-0.111	-0.212	+0.024	-0.197	+0.038	-0.214	-0.048	-0.220	-0.220	-0.220	-0.019	-0.004	-0.220	-0.219	-0.063	+0.010	+0.010	-0.206	-0.076	-0.130	-0.207	-0.205	
rs2836265      +0.081	+0.102	+0.113	+0.124	+0.229	+0.135	+0.044	+0.225	+0.224	+0.143	+0.277	+0.150	+0.282	+0.258	+0.117	+0.269	+0.157	+0.336	+0.161	+0.258	+0.189	+0.298	+0.076	+0.076	+0.077	+0.404	+0.162	+0.216	+0.082	+0.081	+0.178	+0.109	+0.128	+0.192	+0.212	+0.216	+0.254	+0.216	+0.223	+0.277	+0.277	+0.277	+0.276	+0.276	+0.243	+0.230	+0.230	+0.269	+0.228	+0.213	+0.235	+0.217	+0.186	+0.216	+0.215	+0.147	+0.277	+0.152	+0.151	+0.088	+0.009	+0.010	+0.060	+0.174	+0.179	+0.170	+0.339	+0.065	+0.116	+0.062	+0.091	-0.083	-0.144	-0.140	-0.095	-0.118	-0.150	-0.170	-0.064	-0.113	-0.161	-0.143	-0.195	-0.138	-0.136	-0.123	-0.207	-0.117	-0.121	-0.219	+0.025	-0.206	+0.040	-0.221	-0.048	-0.227	-0.227	-0.227	-0.018	-0.007	-0.227	-0.226	-0.073	+0.005	+0.005	-0.214	-0.080	-0.136	-0.213	-0.211	
rs13050229     +0.010	+0.029	+0.014	+0.007	+0.210	+0.004	+0.039	+0.150	+0.129	+0.152	+0.164	+0.247	+0.171	+0.142	+0.120	+0.154	+0.254	+0.161	+0.331	+0.140	+0.279	+0.185	+0.473	+0.473	+0.475	+0.296	+0.175	+0.234	+0.100	+0.103	+0.221	+0.138	+0.159	+0.212	+0.232	+0.237	+0.276	+0.237	+0.245	+0.300	+0.300	+0.300	+0.299	+0.299	+0.265	+0.252	+0.252	+0.285	+0.250	+0.235	+0.257	+0.239	+0.206	+0.238	+0.237	+0.166	+0.276	+0.172	+0.170	+0.115	+0.032	+0.033	+0.075	+0.197	+0.203	+0.193	+0.362	+0.085	+0.139	+0.083	+0.113	-0.069	-0.129	-0.125	-0.077	-0.105	-0.151	-0.169	-0.073	-0.116	-0.158	-0.134	-0.190	-0.122	-0.118	-0.101	-0.198	-0.094	-0.106	-0.207	+0.028	-0.192	+0.043	-0.209	-0.043	-0.215	-0.215	-0.215	-0.014	+0.000	-0.215	-0.214	-0.058	+0.015	+0.015	-0.201	-0.071	-0.125	-0.202	-0.200	
rs2836266      +0.052	+0.061	+0.068	+0.076	+0.211	+0.085	+0.014	+0.203	+0.197	+0.117	+0.262	+0.129	+0.270	+0.235	+0.089	+0.249	+0.136	+0.258	+0.140	+0.296	+0.169	+0.293	+0.039	+0.039	+0.040	+0.379	+0.137	+0.195	+0.050	+0.050	+0.143	+0.073	+0.092	+0.154	+0.174	+0.178	+0.215	+0.178	+0.185	+0.239	+0.238	+0.238	+0.238	+0.238	+0.205	+0.192	+0.192	+0.231	+0.190	+0.175	+0.196	+0.179	+0.148	+0.178	+0.177	+0.109	+0.238	+0.114	+0.113	+0.050	-0.028	-0.027	+0.022	+0.136	+0.141	+0.132	+0.301	+0.027	+0.078	+0.024	+0.053	-0.120	-0.181	-0.178	-0.133	-0.156	-0.187	-0.207	-0.101	-0.150	-0.198	-0.180	-0.233	-0.175	-0.174	-0.160	-0.245	-0.155	-0.159	-0.257	-0.012	-0.243	+0.003	-0.259	-0.086	-0.264	-0.264	-0.264	-0.056	-0.045	-0.264	-0.264	-0.111	-0.033	-0.033	-0.252	-0.118	-0.173	-0.251	-0.249	
rs2836267      +0.042	+0.065	+0.051	+0.045	+0.230	+0.043	+0.074	+0.179	+0.159	+0.184	+0.192	+0.274	+0.199	+0.172	+0.153	+0.183	+0.278	+0.189	+0.279	+0.169	+0.376	+0.212	+0.524	+0.524	+0.527	+0.321	+0.206	+0.264	+0.135	+0.138	+0.262	+0.178	+0.200	+0.255	+0.275	+0.280	+0.319	+0.281	+0.288	+0.343	+0.343	+0.343	+0.343	+0.343	+0.308	+0.296	+0.295	+0.328	+0.293	+0.278	+0.300	+0.282	+0.250	+0.281	+0.280	+0.209	+0.319	+0.215	+0.213	+0.157	+0.074	+0.075	+0.117	+0.240	+0.245	+0.236	+0.405	+0.127	+0.182	+0.125	+0.155	-0.027	-0.087	-0.083	-0.035	-0.063	-0.110	-0.127	-0.031	-0.074	-0.117	-0.092	-0.149	-0.080	-0.076	-0.059	-0.156	-0.052	-0.064	-0.165	+0.070	-0.150	+0.084	-0.167	-0.001	-0.173	-0.173	-0.174	+0.027	+0.042	-0.173	-0.172	-0.016	+0.057	+0.057	-0.160	-0.030	-0.083	-0.161	-0.159	
rs2226370      +0.113	+0.147	+0.162	+0.176	+0.251	+0.190	+0.077	+0.253	+0.254	+0.172	+0.299	+0.175	+0.301	+0.292	+0.149	+0.296	+0.182	+0.298	+0.185	+0.293	+0.212	+0.380	+0.115	+0.115	+0.116	+0.431	+0.190	+0.242	+0.117	+0.116	+0.215	+0.147	+0.166	+0.233	+0.253	+0.257	+0.295	+0.258	+0.264	+0.318	+0.318	+0.318	+0.318	+0.317	+0.285	+0.272	+0.271	+0.310	+0.269	+0.254	+0.276	+0.258	+0.227	+0.257	+0.256	+0.188	+0.318	+0.193	+0.192	+0.129	+0.050	+0.051	+0.101	+0.214	+0.219	+0.210	+0.380	+0.106	+0.157	+0.102	+0.131	-0.042	-0.104	-0.100	-0.055	-0.078	-0.109	-0.129	-0.023	-0.073	-0.120	-0.102	-0.155	-0.097	-0.096	-0.082	-0.167	-0.077	-0.081	-0.179	+0.065	-0.166	+0.080	-0.181	-0.009	-0.187	-0.187	-0.187	+0.022	+0.034	-0.187	-0.186	-0.034	+0.045	+0.045	-0.174	-0.040	-0.096	-0.173	-0.171	
rs9974616      -0.018	-0.233	-0.277	-0.299	+0.337	-0.313	-0.039	+0.051	+0.216	-0.008	+0.082	+0.452	+0.094	+0.043	-0.064	+0.065	+0.466	+0.076	+0.473	+0.039	+0.524	+0.115	-0.301	-0.396	-0.396	+0.503	+0.029	+0.125	-0.179	-0.180	-0.296	-0.383	-0.369	-0.419	-0.399	-0.395	-0.359	-0.394	-0.388	-0.336	-0.337	-0.337	-0.337	-0.337	-0.367	-0.381	-0.381	-0.343	-0.383	-0.398	-0.376	-0.394	-0.425	-0.395	-0.396	-0.463	-0.323	-0.457	-0.461	-0.518	-0.596	-0.595	-0.551	-0.432	-0.428	-0.437	-0.276	-0.544	-0.490	-0.545	-0.518	-0.684	-0.750	-0.746	-0.702	-0.724	-0.752	-0.773	-0.668	-0.707	-0.758	-0.749	-0.794	-0.744	-0.743	-0.732	-0.810	-0.727	-0.729	-0.825	-0.569	-0.813	-0.552	-0.827	-0.644	-0.830	-0.830	-0.830	-0.613	-0.602	-0.831	-0.830	-0.678	-0.609	-0.609	-0.820	-0.679	-0.731	-0.816	-0.814	
rs9975143      -0.018	-0.233	-0.277	-0.299	+0.337	-0.313	-0.039	+0.051	+0.216	-0.008	+0.082	+0.452	+0.094	+0.043	-0.064	+0.065	+0.466	+0.076	+0.473	+0.039	+0.524	+0.115	-0.396	-0.301	-0.396	+0.503	+0.029	+0.125	-0.179	-0.180	-0.296	-0.383	-0.369	-0.419	-0.399	-0.395	-0.359	-0.394	-0.388	-0.336	-0.337	-0.337	-0.337	-0.337	-0.367	-0.381	-0.381	-0.343	-0.383	-0.398	-0.376	-0.394	-0.425	-0.395	-0.396	-0.463	-0.323	-0.457	-0.461	-0.518	-0.596	-0.595	-0.551	-0.432	-0.428	-0.437	-0.276	-0.544	-0.490	-0.545	-0.518	-0.684	-0.750	-0.746	-0.702	-0.723	-0.752	-0.773	-0.668	-0.707	-0.758	-0.749	-0.794	-0.744	-0.743	-0.732	-0.810	-0.727	-0.729	-0.825	-0.569	-0.813	-0.552	-0.827	-0.644	-0.830	-0.830	-0.830	-0.613	-0.602	-0.831	-0.830	-0.678	-0.609	-0.609	-0.820	-0.679	-0.731	-0.816	-0.814	
rs74526656     -0.017	-0.232	-0.277	-0.298	+0.339	-0.312	-0.037	+0.052	+0.218	-0.007	+0.082	+0.455	+0.094	+0.044	-0.063	+0.066	+0.469	+0.077	+0.475	+0.040	+0.527	+0.116	-0.396	-0.396	-0.300	+0.505	+0.030	+0.126	-0.178	-0.180	-0.295	-0.382	-0.368	-0.418	-0.398	-0.394	-0.358	-0.393	-0.387	-0.335	-0.336	-0.336	-0.336	-0.336	-0.366	-0.380	-0.380	-0.342	-0.382	-0.397	-0.375	-0.393	-0.424	-0.394	-0.395	-0.462	-0.322	-0.456	-0.460	-0.517	-0.595	-0.594	-0.550	-0.431	-0.427	-0.436	-0.275	-0.543	-0.489	-0.544	-0.517	-0.683	-0.749	-0.746	-0.701	-0.723	-0.751	-0.772	-0.667	-0.706	-0.757	-0.748	-0.793	-0.743	-0.742	-0.731	-0.809	-0.726	-0.728	-0.824	-0.568	-0.812	-0.551	-0.826	-0.643	-0.829	-0.830	-0.829	-0.612	-0.601	-0.830	-0.829	-0.677	-0.608	-0.608	-0.819	-0.678	-0.730	-0.815	-0.813	
rs2836293      +0.312	+0.244	+0.219	+0.207	+0.380	+0.199	+0.249	+0.392	+0.325	+0.402	+0.407	+0.287	+0.415	+0.383	+0.363	+0.396	+0.293	+0.404	+0.296	+0.379	+0.321	+0.431	+0.503	+0.503	+0.505	+0.510	+0.425	+0.492	+0.327	+0.332	+0.484	+0.363	+0.374	+0.407	+0.428	+0.433	+0.475	+0.434	+0.442	+0.498	+0.498	+0.498	+0.498	+0.497	+0.462	+0.449	+0.449	+0.484	+0.447	+0.431	+0.454	+0.435	+0.401	+0.434	+0.433	+0.359	+0.478	+0.367	+0.365	+0.286	+0.205	+0.206	+0.258	+0.370	+0.375	+0.366	+0.538	+0.257	+0.312	+0.259	+0.286	+0.109	+0.045	+0.048	+0.091	+0.072	+0.015	-0.001	+0.086	+0.055	+0.016	+0.046	-0.014	+0.060	+0.064	+0.083	-0.019	+0.090	+0.080	-0.027	+0.217	-0.012	+0.234	-0.029	+0.146	-0.035	-0.035	-0.035	+0.175	+0.201	-0.034	-0.034	+0.134	+0.201	+0.201	-0.021	+0.121	+0.065	-0.018	-0.015	
rs13049081     +0.082	-0.005	-0.023	-0.031	+0.247	-0.035	+0.023	+0.147	+0.225	+0.190	+0.165	+0.163	+0.174	+0.140	+0.180	+0.154	+0.171	+0.162	+0.175	+0.137	+0.206	+0.190	+0.029	+0.029	+0.030	+0.425	+0.289	+0.311	+0.066	+0.060	+0.337	+0.220	+0.241	+0.175	+0.197	+0.202	+0.243	+0.202	+0.209	+0.269	+0.269	+0.269	+0.268	+0.268	+0.232	+0.217	+0.217	+0.260	+0.214	+0.197	+0.222	+0.202	+0.167	+0.201	+0.200	+0.122	+0.268	+0.127	+0.126	+0.040	-0.041	-0.040	+0.020	+0.127	+0.132	+0.123	+0.287	+0.016	+0.069	+0.011	+0.042	-0.139	-0.200	-0.196	-0.151	-0.174	-0.196	-0.217	-0.107	-0.159	-0.211	-0.198	-0.247	-0.195	-0.194	-0.182	-0.262	-0.177	-0.180	-0.277	-0.028	-0.265	-0.013	-0.279	-0.103	-0.283	-0.283	-0.283	-0.073	-0.062	-0.283	-0.283	-0.135	-0.058	-0.058	-0.272	-0.136	-0.191	-0.270	-0.269	
rs71316638     +0.158	+0.075	+0.061	+0.055	+0.302	+0.052	+0.104	+0.204	+0.296	+0.276	+0.220	+0.224	+0.227	+0.198	+0.300	+0.210	+0.231	+0.216	+0.234	+0.195	+0.264	+0.242	+0.125	+0.125	+0.126	+0.492	+0.311	+0.395	+0.161	+0.152	+0.440	+0.322	+0.344	+0.278	+0.300	+0.305	+0.347	+0.305	+0.313	+0.374	+0.373	+0.373	+0.373	+0.373	+0.336	+0.321	+0.320	+0.364	+0.318	+0.301	+0.325	+0.305	+0.269	+0.304	+0.303	+0.224	+0.372	+0.228	+0.228	+0.139	+0.058	+0.059	+0.120	+0.227	+0.233	+0.223	+0.388	+0.115	+0.168	+0.110	+0.142	-0.043	-0.103	-0.099	-0.053	-0.078	-0.099	-0.120	-0.010	-0.063	-0.115	-0.102	-0.151	-0.098	-0.097	-0.085	-0.166	-0.080	-0.083	-0.181	+0.068	-0.168	+0.084	-0.183	-0.007	-0.187	-0.187	-0.187	+0.024	+0.034	-0.187	-0.187	-0.039	+0.038	+0.038	-0.176	-0.040	-0.095	-0.174	-0.173	
rs74336606     -0.050	-0.150	-0.177	-0.190	+0.183	-0.197	-0.121	+0.061	+0.111	+0.029	+0.086	+0.087	+0.097	+0.054	-0.017	+0.073	+0.096	+0.082	+0.100	+0.050	+0.135	+0.117	-0.179	-0.179	-0.178	+0.327	+0.066	+0.161	+0.065	-0.021	+0.097	-0.011	+0.007	-0.048	-0.026	-0.022	+0.018	-0.021	-0.014	+0.043	+0.043	+0.043	+0.042	+0.042	+0.008	-0.007	-0.007	+0.035	-0.009	-0.026	-0.002	-0.021	-0.056	-0.022	-0.023	-0.099	+0.044	-0.095	-0.096	-0.165	-0.247	-0.246	-0.198	-0.077	-0.072	-0.081	+0.084	-0.190	-0.136	-0.194	-0.163	-0.350	-0.410	-0.407	-0.360	-0.385	-0.402	-0.424	-0.309	-0.362	-0.416	-0.412	-0.454	-0.407	-0.406	-0.394	-0.472	-0.389	-0.392	-0.491	-0.246	-0.480	-0.230	-0.492	-0.319	-0.495	-0.495	-0.494	-0.289	-0.268	-0.495	-0.495	-0.350	-0.277	-0.277	-0.486	-0.344	-0.399	-0.481	-0.480	
rs56722007     -0.046	-0.151	-0.179	-0.192	+0.186	-0.199	-0.122	+0.060	+0.116	+0.024	+0.086	+0.090	+0.096	+0.054	-0.021	+0.072	+0.099	+0.081	+0.103	+0.050	+0.138	+0.116	-0.180	-0.180	-0.180	+0.332	+0.060	+0.152	-0.021	+0.064	+0.097	-0.011	+0.007	-0.048	-0.026	-0.021	+0.019	-0.021	-0.014	+0.043	+0.043	+0.043	+0.043	+0.043	+0.008	-0.006	-0.007	+0.036	-0.009	-0.026	-0.002	-0.021	-0.056	-0.022	-0.023	-0.099	+0.045	-0.095	-0.096	-0.167	-0.249	-0.248	-0.198	-0.078	-0.073	-0.083	+0.082	-0.191	-0.138	-0.195	-0.164	-0.351	-0.411	-0.408	-0.362	-0.386	-0.403	-0.425	-0.311	-0.363	-0.418	-0.413	-0.456	-0.408	-0.406	-0.394	-0.473	-0.389	-0.392	-0.491	-0.246	-0.480	-0.230	-0.493	-0.319	-0.495	-0.496	-0.495	-0.289	-0.268	-0.496	-0.495	-0.349	-0.277	-0.277	-0.487	-0.345	-0.399	-0.482	-0.480	
rs8128271      +0.044	-0.113	-0.153	-0.173	+0.314	-0.187	+0.090	+0.160	+0.246	+0.294	+0.183	+0.206	+0.194	+0.147	+0.234	+0.167	+0.217	+0.178	+0.221	+0.143	+0.262	+0.215	-0.296	-0.296	-0.295	+0.484	+0.337	+0.440	+0.097	+0.097	-0.061	-0.237	-0.245	-0.248	-0.230	-0.226	-0.194	-0.226	-0.220	-0.174	-0.174	-0.174	-0.174	-0.175	-0.202	-0.213	-0.213	-0.180	-0.215	-0.228	-0.209	-0.225	-0.251	-0.225	-0.226	-0.284	-0.165	-0.277	-0.279	-0.319	-0.396	-0.395	-0.350	-0.234	-0.230	-0.239	-0.074	-0.344	-0.291	-0.345	-0.319	-0.473	-0.540	-0.537	-0.493	-0.513	-0.550	-0.570	-0.468	-0.504	-0.552	-0.538	-0.587	-0.529	-0.527	-0.512	-0.600	-0.506	-0.511	-0.614	-0.366	-0.601	-0.346	-0.616	-0.436	-0.620	-0.620	-0.620	-0.405	-0.384	-0.620	-0.620	-0.459	-0.386	-0.386	-0.609	-0.464	-0.519	-0.604	-0.601	
rs17193649     -0.072	-0.186	-0.228	-0.248	+0.233	-0.262	-0.017	+0.088	+0.125	+0.179	+0.114	+0.123	+0.126	+0.078	+0.120	+0.098	+0.133	+0.109	+0.138	+0.073	+0.178	+0.147	-0.383	-0.383	-0.382	+0.363	+0.220	+0.322	-0.011	-0.011	-0.237	-0.160	-0.278	-0.332	-0.314	-0.310	-0.277	-0.309	-0.303	-0.257	-0.257	-0.257	-0.257	-0.258	-0.285	-0.297	-0.297	-0.263	-0.299	-0.312	-0.293	-0.309	-0.336	-0.309	-0.310	-0.369	-0.251	-0.363	-0.365	-0.410	-0.487	-0.486	-0.439	-0.326	-0.322	-0.331	-0.168	-0.435	-0.382	-0.437	-0.411	-0.565	-0.631	-0.627	-0.584	-0.603	-0.641	-0.661	-0.560	-0.596	-0.643	-0.629	-0.678	-0.620	-0.618	-0.603	-0.691	-0.597	-0.603	-0.704	-0.455	-0.691	-0.438	-0.706	-0.528	-0.710	-0.710	-0.710	-0.498	-0.479	-0.710	-0.710	-0.552	-0.479	-0.479	-0.699	-0.557	-0.610	-0.694	-0.692	
rs2836312      -0.060	-0.169	-0.211	-0.231	+0.255	-0.244	+0.001	+0.107	+0.136	+0.200	+0.133	+0.144	+0.145	+0.097	+0.140	+0.118	+0.155	+0.128	+0.159	+0.092	+0.200	+0.166	-0.369	-0.369	-0.368	+0.374	+0.241	+0.344	+0.007	+0.007	-0.245	-0.278	-0.143	-0.320	-0.303	-0.299	-0.266	-0.298	-0.292	-0.246	-0.247	-0.247	-0.247	-0.247	-0.274	-0.286	-0.286	-0.252	-0.288	-0.301	-0.282	-0.297	-0.325	-0.298	-0.299	-0.357	-0.240	-0.351	-0.354	-0.392	-0.470	-0.469	-0.426	-0.307	-0.302	-0.311	-0.149	-0.418	-0.364	-0.418	-0.392	-0.549	-0.616	-0.613	-0.568	-0.589	-0.630	-0.649	-0.549	-0.582	-0.630	-0.615	-0.665	-0.607	-0.605	-0.590	-0.677	-0.584	-0.589	-0.691	-0.443	-0.678	-0.426	-0.693	-0.516	-0.697	-0.697	-0.697	-0.486	-0.466	-0.697	-0.697	-0.540	-0.467	-0.467	-0.686	-0.544	-0.597	-0.682	-0.679	
rs2836373      -0.058	-0.132	-0.174	-0.197	+0.309	-0.212	-0.042	+0.164	+0.142	+0.133	+0.198	+0.196	+0.210	+0.159	+0.074	+0.181	+0.207	+0.192	+0.212	+0.154	+0.255	+0.233	-0.419	-0.419	-0.418	+0.407	+0.175	+0.278	-0.048	-0.048	-0.248	-0.332	-0.320	-0.200	-0.267	-0.263	-0.227	-0.266	-0.263	-0.205	-0.206	-0.206	-0.207	-0.208	-0.236	-0.258	-0.259	-0.228	-0.261	-0.277	-0.254	-0.273	-0.306	-0.274	-0.275	-0.317	-0.326	-0.331	-0.337	-0.471	-0.541	-0.540	-0.381	-0.390	-0.386	-0.394	-0.244	-0.494	-0.443	-0.494	-0.470	-0.604	-0.668	-0.666	-0.626	-0.639	-0.676	-0.695	-0.595	-0.631	-0.679	-0.663	-0.713	-0.654	-0.652	-0.637	-0.726	-0.631	-0.636	-0.738	-0.489	-0.724	-0.473	-0.740	-0.563	-0.745	-0.745	-0.745	-0.533	-0.519	-0.745	-0.744	-0.588	-0.515	-0.515	-0.732	-0.594	-0.646	-0.729	-0.726	
rs1543774      -0.038	-0.113	-0.155	-0.178	+0.329	-0.193	-0.020	+0.184	+0.162	+0.155	+0.217	+0.216	+0.230	+0.178	+0.096	+0.201	+0.227	+0.212	+0.232	+0.174	+0.275	+0.253	-0.399	-0.399	-0.398	+0.428	+0.197	+0.300	-0.026	-0.026	-0.230	-0.314	-0.303	-0.267	-0.177	-0.253	-0.226	-0.255	-0.254	-0.206	-0.207	-0.207	-0.208	-0.208	-0.232	-0.250	-0.250	-0.226	-0.252	-0.264	-0.247	-0.261	-0.286	-0.262	-0.262	-0.286	-0.318	-0.307	-0.313	-0.454	-0.523	-0.522	-0.350	-0.374	-0.369	-0.378	-0.228	-0.477	-0.426	-0.477	-0.453	-0.585	-0.649	-0.647	-0.607	-0.620	-0.657	-0.676	-0.575	-0.611	-0.660	-0.644	-0.694	-0.634	-0.632	-0.617	-0.706	-0.611	-0.616	-0.718	-0.470	-0.705	-0.453	-0.720	-0.544	-0.725	-0.725	-0.725	-0.513	-0.500	-0.725	-0.725	-0.568	-0.495	-0.495	-0.713	-0.575	-0.626	-0.709	-0.707	
rs1892570      -0.033	-0.108	-0.151	-0.173	+0.333	-0.188	-0.015	+0.188	+0.167	+0.160	+0.222	+0.221	+0.234	+0.183	+0.100	+0.205	+0.232	+0.216	+0.237	+0.178	+0.280	+0.257	-0.395	-0.395	-0.394	+0.433	+0.202	+0.305	-0.022	-0.021	-0.226	-0.310	-0.299	-0.263	-0.253	-0.172	-0.225	-0.252	-0.251	-0.206	-0.207	-0.207	-0.207	-0.208	-0.231	-0.247	-0.247	-0.225	-0.249	-0.261	-0.244	-0.257	-0.281	-0.258	-0.259	-0.278	-0.316	-0.301	-0.307	-0.450	-0.519	-0.518	-0.343	-0.370	-0.365	-0.374	-0.224	-0.473	-0.422	-0.473	-0.449	-0.580	-0.645	-0.643	-0.603	-0.615	-0.653	-0.671	-0.571	-0.607	-0.656	-0.639	-0.689	-0.630	-0.628	-0.612	-0.702	-0.606	-0.612	-0.714	-0.466	-0.700	-0.449	-0.716	-0.539	-0.721	-0.721	-0.721	-0.509	-0.495	-0.721	-0.720	-0.564	-0.490	-0.490	-0.708	-0.570	-0.622	-0.705	-0.702	
rs2253645      +0.006	-0.073	-0.115	-0.137	+0.373	-0.152	+0.025	+0.226	+0.206	+0.201	+0.259	+0.260	+0.272	+0.220	+0.141	+0.242	+0.271	+0.254	+0.276	+0.215	+0.319	+0.295	-0.359	-0.359	-0.358	+0.475	+0.243	+0.347	+0.018	+0.019	-0.194	-0.277	-0.266	-0.227	-0.226	-0.225	-0.131	-0.226	-0.220	-0.196	-0.196	-0.196	-0.197	-0.197	-0.218	-0.220	-0.220	-0.217	-0.221	-0.225	-0.218	-0.224	-0.234	-0.224	-0.224	-0.203	-0.297	-0.248	-0.256	-0.419	-0.487	-0.486	-0.285	-0.339	-0.334	-0.343	-0.195	-0.442	-0.392	-0.442	-0.418	-0.545	-0.610	-0.608	-0.569	-0.580	-0.618	-0.637	-0.536	-0.572	-0.621	-0.604	-0.654	-0.594	-0.592	-0.577	-0.667	-0.570	-0.576	-0.679	-0.431	-0.665	-0.414	-0.681	-0.504	-0.686	-0.686	-0.686	-0.474	-0.459	-0.686	-0.685	-0.528	-0.454	-0.454	-0.673	-0.535	-0.586	-0.669	-0.667	
rs1984300      -0.033	-0.108	-0.150	-0.173	+0.334	-0.188	-0.015	+0.188	+0.167	+0.160	+0.222	+0.221	+0.235	+0.183	+0.101	+0.205	+0.233	+0.216	+0.237	+0.178	+0.281	+0.258	-0.394	-0.394	-0.393	+0.434	+0.202	+0.305	-0.021	-0.021	-0.226	-0.309	-0.298	-0.266	-0.255	-0.252	-0.226	-0.171	-0.249	-0.204	-0.204	-0.204	-0.204	-0.205	-0.229	-0.244	-0.245	-0.224	-0.246	-0.258	-0.241	-0.255	-0.278	-0.255	-0.256	-0.273	-0.315	-0.298	-0.305	-0.449	-0.519	-0.518	-0.341	-0.369	-0.365	-0.373	-0.224	-0.473	-0.422	-0.472	-0.449	-0.580	-0.644	-0.642	-0.602	-0.615	-0.652	-0.671	-0.570	-0.606	-0.655	-0.638	-0.689	-0.629	-0.627	-0.612	-0.701	-0.605	-0.611	-0.713	-0.465	-0.699	-0.448	-0.715	-0.538	-0.720	-0.720	-0.720	-0.508	-0.495	-0.720	-0.720	-0.563	-0.490	-0.489	-0.708	-0.570	-0.621	-0.704	-0.701	
rs1971496      -0.025	-0.102	-0.144	-0.167	+0.342	-0.181	-0.007	+0.195	+0.175	+0.167	+0.229	+0.229	+0.241	+0.190	+0.108	+0.212	+0.240	+0.223	+0.245	+0.185	+0.288	+0.264	-0.388	-0.388	-0.387	+0.442	+0.209	+0.313	-0.014	-0.014	-0.220	-0.303	-0.292	-0.263	-0.254	-0.251	-0.220	-0.249	-0.164	-0.199	-0.199	-0.199	-0.200	-0.200	-0.231	-0.237	-0.237	-0.225	-0.239	-0.249	-0.234	-0.246	-0.268	-0.247	-0.247	-0.255	-0.312	-0.287	-0.294	-0.443	-0.513	-0.512	-0.329	-0.363	-0.359	-0.368	-0.218	-0.467	-0.416	-0.467	-0.443	-0.573	-0.638	-0.636	-0.596	-0.608	-0.645	-0.664	-0.564	-0.600	-0.649	-0.632	-0.682	-0.623	-0.621	-0.605	-0.695	-0.599	-0.605	-0.707	-0.459	-0.693	-0.442	-0.709	-0.532	-0.714	-0.714	-0.714	-0.502	-0.488	-0.714	-0.713	-0.557	-0.483	-0.483	-0.701	-0.563	-0.614	-0.698	-0.695	
rs2836375      +0.028	-0.051	-0.093	-0.115	+0.397	-0.130	+0.050	+0.249	+0.229	+0.226	+0.282	+0.284	+0.295	+0.243	+0.167	+0.266	+0.295	+0.277	+0.300	+0.239	+0.343	+0.318	-0.336	-0.336	-0.335	+0.498	+0.269	+0.374	+0.043	+0.043	-0.174	-0.257	-0.246	-0.205	-0.206	-0.206	-0.196	-0.204	-0.199	-0.104	-0.174	-0.174	-0.174	-0.174	-0.201	-0.198	-0.198	-0.204	-0.198	-0.199	-0.197	-0.198	-0.181	-0.198	-0.198	-0.154	-0.283	-0.214	-0.209	-0.398	-0.467	-0.466	-0.242	-0.318	-0.314	-0.322	-0.174	-0.421	-0.371	-0.421	-0.397	-0.524	-0.589	-0.587	-0.547	-0.558	-0.596	-0.615	-0.514	-0.550	-0.599	-0.582	-0.633	-0.572	-0.570	-0.554	-0.645	-0.548	-0.554	-0.657	-0.409	-0.643	-0.392	-0.659	-0.482	-0.664	-0.664	-0.664	-0.452	-0.438	-0.664	-0.664	-0.506	-0.432	-0.432	-0.651	-0.513	-0.564	-0.648	-0.645	
rs2836376      +0.028	-0.051	-0.093	-0.116	+0.397	-0.130	+0.050	+0.249	+0.229	+0.226	+0.282	+0.283	+0.295	+0.243	+0.166	+0.265	+0.295	+0.277	+0.300	+0.238	+0.343	+0.318	-0.337	-0.337	-0.336	+0.498	+0.269	+0.373	+0.043	+0.043	-0.174	-0.257	-0.247	-0.206	-0.207	-0.207	-0.196	-0.204	-0.199	-0.174	-0.105	-0.174	-0.174	-0.174	-0.201	-0.198	-0.198	-0.204	-0.198	-0.199	-0.197	-0.198	-0.181	-0.198	-0.198	-0.154	-0.283	-0.214	-0.209	-0.398	-0.467	-0.466	-0.242	-0.318	-0.314	-0.322	-0.174	-0.421	-0.371	-0.421	-0.397	-0.524	-0.589	-0.587	-0.548	-0.559	-0.596	-0.615	-0.515	-0.551	-0.599	-0.582	-0.633	-0.573	-0.570	-0.555	-0.646	-0.548	-0.554	-0.657	-0.409	-0.643	-0.392	-0.659	-0.483	-0.664	-0.664	-0.664	-0.452	-0.438	-0.664	-0.664	-0.507	-0.432	-0.432	-0.651	-0.513	-0.565	-0.648	-0.645	
rs2836377      +0.028	-0.051	-0.093	-0.116	+0.397	-0.131	+0.050	+0.248	+0.228	+0.226	+0.282	+0.283	+0.295	+0.243	+0.166	+0.265	+0.295	+0.277	+0.300	+0.238	+0.343	+0.318	-0.337	-0.337	-0.336	+0.498	+0.269	+0.373	+0.043	+0.043	-0.174	-0.257	-0.247	-0.206	-0.207	-0.207	-0.196	-0.204	-0.199	-0.174	-0.174	-0.105	-0.174	-0.174	-0.201	-0.198	-0.198	-0.204	-0.198	-0.199	-0.197	-0.199	-0.181	-0.198	-0.198	-0.154	-0.283	-0.214	-0.209	-0.398	-0.467	-0.466	-0.242	-0.318	-0.314	-0.322	-0.174	-0.421	-0.371	-0.421	-0.397	-0.524	-0.589	-0.587	-0.548	-0.559	-0.597	-0.615	-0.515	-0.551	-0.599	-0.582	-0.633	-0.573	-0.570	-0.555	-0.646	-0.548	-0.554	-0.657	-0.409	-0.643	-0.392	-0.659	-0.483	-0.665	-0.664	-0.665	-0.452	-0.438	-0.664	-0.664	-0.507	-0.432	-0.432	-0.652	-0.513	-0.565	-0.648	-0.645	
rs2154564      +0.028	-0.051	-0.093	-0.116	+0.396	-0.131	+0.049	+0.248	+0.228	+0.226	+0.282	+0.283	+0.295	+0.243	+0.166	+0.265	+0.294	+0.276	+0.299	+0.238	+0.343	+0.318	-0.337	-0.337	-0.336	+0.498	+0.268	+0.373	+0.042	+0.043	-0.174	-0.257	-0.247	-0.207	-0.208	-0.207	-0.197	-0.204	-0.200	-0.174	-0.174	-0.174	-0.105	-0.174	-0.202	-0.198	-0.198	-0.204	-0.199	-0.199	-0.197	-0.199	-0.181	-0.198	-0.198	-0.153	-0.284	-0.214	-0.209	-0.398	-0.467	-0.467	-0.243	-0.319	-0.314	-0.323	-0.174	-0.422	-0.371	-0.421	-0.398	-0.524	-0.589	-0.587	-0.548	-0.559	-0.597	-0.615	-0.515	-0.551	-0.600	-0.582	-0.633	-0.573	-0.570	-0.555	-0.646	-0.548	-0.554	-0.657	-0.409	-0.643	-0.392	-0.659	-0.483	-0.665	-0.665	-0.665	-0.453	-0.438	-0.665	-0.664	-0.507	-0.432	-0.432	-0.652	-0.514	-0.565	-0.648	-0.646	
rs2836378      +0.028	-0.052	-0.093	-0.116	+0.396	-0.131	+0.049	+0.248	+0.228	+0.226	+0.282	+0.283	+0.294	+0.243	+0.166	+0.265	+0.294	+0.276	+0.299	+0.238	+0.343	+0.317	-0.337	-0.337	-0.336	+0.497	+0.268	+0.373	+0.042	+0.043	-0.175	-0.258	-0.247	-0.208	-0.208	-0.208	-0.197	-0.205	-0.200	-0.174	-0.174	-0.174	-0.174	-0.105	-0.202	-0.199	-0.199	-0.204	-0.199	-0.199	-0.197	-0.199	-0.182	-0.199	-0.199	-0.154	-0.284	-0.214	-0.209	-0.398	-0.468	-0.467	-0.243	-0.319	-0.314	-0.323	-0.175	-0.422	-0.371	-0.421	-0.398	-0.524	-0.589	-0.587	-0.548	-0.559	-0.597	-0.616	-0.515	-0.551	-0.600	-0.583	-0.633	-0.573	-0.571	-0.555	-0.646	-0.549	-0.554	-0.658	-0.410	-0.644	-0.393	-0.660	-0.483	-0.665	-0.665	-0.665	-0.453	-0.439	-0.665	-0.664	-0.507	-0.432	-0.432	-0.652	-0.514	-0.565	-0.648	-0.646	
rs2156074      -0.006	-0.082	-0.124	-0.147	+0.361	-0.162	+0.014	+0.215	+0.195	+0.190	+0.249	+0.249	+0.261	+0.210	+0.130	+0.232	+0.260	+0.243	+0.265	+0.205	+0.308	+0.285	-0.367	-0.367	-0.366	+0.462	+0.232	+0.336	+0.008	+0.008	-0.202	-0.285	-0.274	-0.236	-0.232	-0.231	-0.218	-0.229	-0.231	-0.201	-0.201	-0.201	-0.202	-0.202	-0.141	-0.228	-0.228	-0.217	-0.229	-0.235	-0.226	-0.233	-0.247	-0.234	-0.234	-0.222	-0.302	-0.261	-0.269	-0.426	-0.494	-0.494	-0.299	-0.346	-0.342	-0.350	-0.202	-0.449	-0.399	-0.449	-0.425	-0.554	-0.618	-0.616	-0.577	-0.588	-0.626	-0.645	-0.544	-0.580	-0.629	-0.612	-0.662	-0.603	-0.600	-0.585	-0.675	-0.578	-0.584	-0.687	-0.439	-0.673	-0.422	-0.689	-0.512	-0.694	-0.694	-0.694	-0.482	-0.468	-0.694	-0.693	-0.537	-0.463	-0.463	-0.681	-0.543	-0.594	-0.678	-0.675	
rs2018566      -0.018	-0.095	-0.137	-0.160	+0.349	-0.174	+0.000	+0.202	+0.182	+0.175	+0.236	+0.236	+0.249	+0.197	+0.116	+0.219	+0.248	+0.230	+0.252	+0.192	+0.296	+0.272	-0.381	-0.381	-0.380	+0.449	+0.217	+0.321	-0.007	-0.006	-0.213	-0.297	-0.286	-0.258	-0.250	-0.247	-0.220	-0.244	-0.237	-0.198	-0.198	-0.198	-0.198	-0.199	-0.228	-0.156	-0.232	-0.223	-0.233	-0.241	-0.229	-0.239	-0.265	-0.240	-0.240	-0.236	-0.308	-0.275	-0.283	-0.437	-0.506	-0.506	-0.317	-0.357	-0.353	-0.362	-0.213	-0.461	-0.410	-0.461	-0.437	-0.566	-0.631	-0.629	-0.589	-0.601	-0.639	-0.657	-0.557	-0.593	-0.642	-0.625	-0.675	-0.616	-0.613	-0.598	-0.688	-0.592	-0.597	-0.700	-0.452	-0.686	-0.435	-0.702	-0.525	-0.707	-0.707	-0.707	-0.495	-0.481	-0.707	-0.706	-0.550	-0.476	-0.476	-0.694	-0.556	-0.607	-0.691	-0.688	
rs2018567      -0.018	-0.095	-0.137	-0.160	+0.349	-0.175	+0.000	+0.202	+0.182	+0.175	+0.236	+0.236	+0.248	+0.197	+0.116	+0.219	+0.247	+0.230	+0.252	+0.192	+0.295	+0.271	-0.381	-0.381	-0.380	+0.449	+0.217	+0.320	-0.007	-0.007	-0.213	-0.297	-0.286	-0.259	-0.250	-0.247	-0.220	-0.245	-0.237	-0.198	-0.198	-0.198	-0.198	-0.199	-0.228	-0.232	-0.156	-0.223	-0.233	-0.242	-0.229	-0.239	-0.258	-0.240	-0.240	-0.237	-0.308	-0.275	-0.283	-0.438	-0.507	-0.506	-0.317	-0.358	-0.353	-0.362	-0.213	-0.461	-0.410	-0.461	-0.437	-0.567	-0.631	-0.629	-0.590	-0.601	-0.639	-0.658	-0.557	-0.593	-0.642	-0.625	-0.675	-0.616	-0.614	-0.599	-0.688	-0.592	-0.598	-0.700	-0.452	-0.686	-0.435	-0.702	-0.525	-0.707	-0.707	-0.707	-0.495	-0.481	-0.707	-0.706	-0.550	-0.476	-0.476	-0.694	-0.556	-0.608	-0.691	-0.688	
rs2018579      +0.016	-0.057	-0.099	-0.122	+0.381	-0.137	+0.042	+0.241	+0.216	+0.217	+0.274	+0.269	+0.287	+0.236	+0.158	+0.258	+0.280	+0.269	+0.285	+0.231	+0.328	+0.310	-0.343	-0.343	-0.342	+0.484	+0.260	+0.364	+0.035	+0.036	-0.180	-0.263	-0.252	-0.228	-0.226	-0.225	-0.217	-0.224	-0.225	-0.204	-0.204	-0.204	-0.204	-0.204	-0.217	-0.223	-0.223	-0.113	-0.224	-0.227	-0.222	-0.226	-0.233	-0.226	-0.226	-0.210	-0.290	-0.242	-0.248	-0.401	-0.469	-0.468	-0.269	-0.324	-0.320	-0.328	-0.180	-0.427	-0.376	-0.426	-0.403	-0.529	-0.594	-0.592	-0.553	-0.564	-0.602	-0.620	-0.520	-0.556	-0.605	-0.588	-0.638	-0.578	-0.576	-0.560	-0.651	-0.554	-0.560	-0.662	-0.413	-0.648	-0.396	-0.664	-0.487	-0.670	-0.670	-0.670	-0.456	-0.444	-0.670	-0.669	-0.512	-0.437	-0.437	-0.657	-0.519	-0.570	-0.653	-0.651	
rs2226373      -0.020	-0.097	-0.140	-0.162	+0.347	-0.177	-0.002	+0.200	+0.180	+0.172	+0.233	+0.234	+0.246	+0.195	+0.113	+0.217	+0.245	+0.228	+0.250	+0.190	+0.293	+0.269	-0.383	-0.383	-0.382	+0.447	+0.214	+0.318	-0.009	-0.009	-0.215	-0.299	-0.288	-0.261	-0.252	-0.249	-0.221	-0.246	-0.239	-0.198	-0.198	-0.198	-0.199	-0.199	-0.229	-0.233	-0.233	-0.224	-0.158	-0.243	-0.230	-0.241	-0.261	-0.242	-0.242	-0.241	-0.309	-0.278	-0.286	-0.440	-0.509	-0.508	-0.320	-0.359	-0.355	-0.364	-0.215	-0.463	-0.412	-0.463	-0.439	-0.569	-0.633	-0.631	-0.592	-0.604	-0.641	-0.660	-0.559	-0.595	-0.644	-0.627	-0.678	-0.618	-0.616	-0.601	-0.690	-0.594	-0.600	-0.702	-0.454	-0.688	-0.437	-0.704	-0.528	-0.709	-0.709	-0.709	-0.497	-0.484	-0.709	-0.709	-0.552	-0.478	-0.478	-0.697	-0.559	-0.610	-0.693	-0.690	
rs2186345      -0.036	-0.112	-0.154	-0.177	+0.331	-0.192	-0.019	+0.185	+0.165	+0.156	+0.218	+0.218	+0.231	+0.179	+0.097	+0.202	+0.230	+0.213	+0.235	+0.175	+0.278	+0.254	-0.398	-0.398	-0.397	+0.431	+0.197	+0.301	-0.026	-0.026	-0.228	-0.312	-0.301	-0.277	-0.264	-0.261	-0.225	-0.258	-0.249	-0.199	-0.199	-0.199	-0.199	-0.199	-0.235	-0.241	-0.242	-0.227	-0.243	-0.175	-0.238	-0.252	-0.277	-0.253	-0.254	-0.268	-0.316	-0.297	-0.305	-0.452	-0.522	-0.521	-0.343	-0.372	-0.368	-0.376	-0.227	-0.476	-0.425	-0.476	-0.452	-0.583	-0.648	-0.645	-0.606	-0.618	-0.655	-0.674	-0.573	-0.610	-0.658	-0.642	-0.692	-0.633	-0.631	-0.616	-0.705	-0.609	-0.615	-0.717	-0.469	-0.703	-0.452	-0.719	-0.542	-0.724	-0.724	-0.724	-0.512	-0.498	-0.724	-0.723	-0.567	-0.493	-0.493	-0.711	-0.573	-0.624	-0.708	-0.705	
