## Summary of overall evidence for association with region:
## log10(BF for region) = 3.10904
## p-value for region = NA

## BFs for choosing among multi-SNP models:
## log10(average 1-SNP BF) = 3.1095
## log10(average 2-SNP BF) = 3.1081

## Example posterior probabilities for multi-SNP models, based on default prior: [p(l) propto 0.5^l for l=1,2,...,L]
## posterior probability of 1-SNP = 0.667383
## posterior probability of 2-SNP = 0.332617

## log10(BF) for single SNP and pair of SNPs:
rs7100066      +0.410	+0.153	+0.117	+1.000	+3.371	+3.430	+3.465	+3.027	+3.446	+3.683	+3.069	+3.471	+3.708	+3.710	+3.722	+3.723	+3.737	+3.807	+3.687	+3.688	+3.811	+3.812	+3.799	+3.813	+3.798	+3.770	+1.573	+3.764	+3.979	+4.011	+0.899	+3.633	+3.646	+3.684	+3.684	+3.684	+3.684	+3.650	+3.855	+3.686	+3.686	+3.022	+3.597	+3.437	+3.558	+1.455	+1.371	+3.654	+4.096	+3.942	+0.905	+0.880	+0.892	+0.886	+1.565	+0.885	+0.884	+1.521	+1.521	+0.753	+0.098	+0.308	+0.305	+0.614	+0.644	+0.686	+0.648	+0.642	+1.595	+1.712	+0.714	+0.986	+1.787	+1.646	+0.494	+1.744	+0.531	+0.158	+0.009	+0.100	+0.808	+0.291	+0.240	+0.244	-0.094	+0.083	+0.093	+0.042	+0.104	-0.031	-0.050	+0.123	-0.036	+0.111	-0.020	-0.033	+0.108	-0.032	+0.108	-0.041	+0.109	-0.055	+0.105	+0.026	-0.063	-0.064	+0.090	+0.095	+0.093	-0.056	-0.060	+0.095	+0.103	+0.100	+0.101	+0.095	+0.101	+0.099	-0.060	+0.092	+0.094	+0.100	+0.033	+0.094	+0.105	+0.109	-0.041	+0.076	+0.079	+0.096	+0.098	+0.097	+0.096	+0.101	+0.100	+0.100	-0.036	-0.012	+0.078	+0.085	+0.038	+0.078	-0.068	-0.068	+0.065	+0.071	+0.085	-0.085	+0.073	+0.031	+0.102	+0.006	-0.071	+0.082	+0.009	+0.083	+0.008	+0.008	+0.077	+0.021	-0.058	+0.006	-0.051	-0.070	+0.075	-0.016	-0.016	-0.061	+0.075	-0.015	-0.015	-0.015	-0.015	+0.037	-0.018	-0.017	+0.007	+0.008	-0.006	-0.017	+0.004	+0.077	+0.000	+0.010	-0.012	+0.036	-0.002	
rs138304544    +0.153	-0.353	-0.125	+0.503	+3.003	+3.063	+3.109	+2.621	+3.079	+3.330	+2.670	+3.105	+3.357	+3.359	+3.371	+3.372	+3.386	+3.464	+3.347	+3.347	+3.469	+3.470	+3.456	+3.471	+3.452	+3.415	+1.024	+3.411	+3.632	+3.669	+0.365	+3.285	+3.298	+3.340	+3.340	+3.340	+3.340	+3.301	+3.511	+3.341	+3.342	+2.625	+3.235	+3.073	+3.200	+0.891	+0.730	+3.319	+3.759	+3.602	+0.340	+0.312	+0.325	+0.318	+0.733	+0.317	+0.316	+0.685	+0.685	+0.180	-0.648	-0.556	-0.558	+0.026	+0.059	+0.104	+0.062	+0.056	+0.774	+1.052	+0.134	+0.433	+1.138	+1.047	-0.346	+1.037	-0.212	-0.539	-0.703	-0.591	-0.079	-0.472	-0.562	-0.558	-0.833	-0.654	-0.645	-0.696	-0.618	-0.759	-0.779	-0.592	-0.764	-0.605	-0.749	-0.762	-0.609	-0.761	-0.609	-0.770	-0.608	-0.787	-0.639	-0.700	-0.794	-0.795	-0.638	-0.648	-0.635	-0.795	-0.799	-0.648	-0.622	-0.627	-0.625	-0.632	-0.625	-0.627	-0.793	-0.651	-0.649	-0.626	-0.692	-0.649	-0.620	-0.634	-0.773	-0.665	-0.655	-0.632	-0.629	-0.631	-0.632	-0.625	-0.627	-0.627	-0.759	-0.750	-0.665	-0.658	-0.672	-0.666	-0.806	-0.805	-0.678	-0.674	-0.661	-0.811	-0.674	-0.711	-0.642	-0.735	-0.794	-0.664	-0.732	-0.663	-0.733	-0.733	-0.671	-0.698	-0.781	-0.735	-0.773	-0.794	-0.658	-0.721	-0.721	-0.783	-0.663	-0.721	-0.720	-0.720	-0.720	-0.686	-0.723	-0.723	-0.695	-0.693	-0.744	-0.722	-0.698	-0.659	-0.703	-0.691	-0.717	-0.661	-0.705	
rs7096088      +0.117	-0.125	+0.128	+0.731	+3.126	+3.186	+3.224	+2.774	+3.202	+3.440	+2.818	+3.227	+3.466	+3.468	+3.479	+3.480	+3.494	+3.565	+3.446	+3.447	+3.570	+3.571	+3.558	+3.572	+3.555	+3.526	+1.278	+3.520	+3.736	+3.768	+0.629	+3.392	+3.405	+3.444	+3.444	+3.444	+3.444	+3.410	+3.613	+3.445	+3.446	+2.802	+3.350	+3.190	+3.310	+1.162	+1.064	+3.412	+3.854	+3.700	+0.631	+0.606	+0.617	+0.611	+1.210	+0.610	+0.609	+1.166	+1.166	+0.478	-0.174	+0.008	+0.006	+0.339	+0.369	+0.412	+0.373	+0.367	+1.242	+1.395	+0.439	+0.713	+1.475	+1.349	+0.194	+1.435	+0.242	-0.115	-0.260	-0.171	+0.495	+0.004	-0.066	-0.062	-0.361	-0.194	-0.185	-0.232	-0.167	-0.301	-0.319	-0.141	-0.305	-0.153	-0.292	-0.303	-0.156	-0.302	-0.156	-0.311	-0.155	-0.324	-0.171	-0.245	-0.332	-0.332	-0.176	-0.180	-0.174	-0.325	-0.329	-0.180	-0.163	-0.167	-0.165	-0.171	-0.165	-0.167	-0.329	-0.182	-0.181	-0.166	-0.238	-0.180	-0.161	-0.167	-0.310	-0.196	-0.189	-0.171	-0.168	-0.170	-0.171	-0.165	-0.166	-0.166	-0.303	-0.281	-0.193	-0.191	-0.232	-0.193	-0.336	-0.336	-0.206	-0.200	-0.186	-0.352	-0.199	-0.241	-0.174	-0.265	-0.337	-0.190	-0.262	-0.189	-0.263	-0.263	-0.195	-0.244	-0.324	-0.264	-0.318	-0.336	-0.193	-0.281	-0.280	-0.327	-0.194	-0.280	-0.280	-0.280	-0.280	-0.232	-0.282	-0.282	-0.258	-0.256	-0.274	-0.281	-0.260	-0.192	-0.265	-0.254	-0.276	-0.228	-0.267	
rs4880814      +1.000	+0.503	+0.731	+0.809	+2.886	+2.949	+2.986	+2.485	+2.966	+3.238	+2.538	+2.993	+3.266	+3.268	+3.281	+3.282	+3.297	+3.382	+3.249	+3.250	+3.387	+3.388	+3.373	+3.389	+3.366	+3.326	+1.023	+3.318	+3.560	+3.597	+0.602	+3.191	+3.204	+3.250	+3.250	+3.250	+3.250	+3.206	+3.432	+3.251	+3.252	+2.485	+3.124	+2.957	+3.089	+0.913	+0.787	+3.206	+3.707	+3.530	+0.618	+0.604	+0.611	+0.608	+0.944	+0.607	+0.607	+0.914	+0.914	+0.541	+0.488	+0.564	+0.562	+0.469	+0.484	+0.505	+0.486	+0.483	+0.983	+1.109	+0.524	+0.723	+1.191	+1.181	+0.810	+1.871	+0.743	+0.478	+0.358	+0.473	+1.028	+0.556	+0.531	+0.534	+0.266	+0.455	+0.464	+0.421	+0.470	+0.353	+0.334	+0.506	+0.348	+0.494	+0.353	+0.350	+0.491	+0.351	+0.491	+0.342	+0.492	+0.327	+0.482	+0.401	+0.317	+0.316	+0.473	+0.473	+0.476	+0.330	+0.322	+0.472	+0.486	+0.483	+0.484	+0.478	+0.484	+0.482	+0.321	+0.470	+0.471	+0.483	+0.408	+0.472	+0.488	+0.485	+0.339	+0.456	+0.461	+0.479	+0.481	+0.479	+0.479	+0.484	+0.483	+0.483	+0.332	+0.369	+0.459	+0.461	+0.456	+0.458	+0.312	+0.312	+0.446	+0.453	+0.466	+0.286	+0.453	+0.401	+0.479	+0.380	+0.298	+0.462	+0.382	+0.463	+0.381	+0.381	+0.457	+0.388	+0.314	+0.381	+0.320	+0.303	+0.458	+0.347	+0.347	+0.311	+0.457	+0.348	+0.348	+0.348	+0.348	+0.394	+0.346	+0.346	+0.367	+0.368	+0.375	+0.347	+0.365	+0.460	+0.362	+0.371	+0.351	+0.393	+0.359	
rs10903416     +3.371	+3.003	+3.126	+2.886	+3.389	+3.425	+3.418	+3.214	+3.431	+3.663	+3.224	+3.446	+3.679	+3.680	+3.692	+3.693	+3.698	+3.784	+3.609	+3.609	+3.787	+3.787	+3.760	+3.785	+3.731	+3.694	+2.919	+3.666	+3.929	+3.970	+2.950	+3.536	+3.545	+3.584	+3.584	+3.584	+3.584	+3.544	+3.817	+3.585	+3.586	+3.235	+3.487	+3.374	+3.453	+2.917	+2.936	+3.541	+4.197	+3.908	+2.954	+2.945	+2.954	+2.952	+2.947	+2.952	+2.952	+2.937	+2.937	+2.911	+3.143	+2.909	+2.909	+2.857	+2.868	+2.879	+2.870	+2.868	+2.973	+3.118	+2.901	+3.076	+3.195	+3.261	+3.091	+4.772	+3.431	+3.225	+2.980	+3.228	+3.275	+2.955	+3.085	+3.090	+2.751	+2.995	+3.008	+2.948	+2.952	+2.820	+2.801	+2.965	+2.816	+2.957	+2.814	+2.818	+2.955	+2.820	+2.956	+2.811	+2.957	+2.802	+3.002	+2.886	+2.792	+2.791	+2.957	+2.987	+2.960	+2.820	+2.810	+2.987	+2.965	+2.968	+2.964	+2.960	+2.964	+2.963	+2.799	+2.985	+2.987	+2.964	+2.891	+2.988	+2.966	+3.006	+2.813	+2.965	+2.954	+2.963	+2.964	+2.962	+2.963	+2.965	+2.965	+2.965	+2.803	+2.857	+2.968	+2.985	+2.951	+2.966	+2.795	+2.795	+2.955	+2.966	+2.981	+2.751	+2.967	+2.908	+2.997	+2.878	+2.758	+2.975	+2.881	+2.977	+2.880	+2.880	+2.974	+2.831	+2.771	+2.876	+2.777	+2.764	+2.951	+2.799	+2.799	+2.769	+2.958	+2.799	+2.799	+2.800	+2.800	+2.863	+2.799	+2.799	+2.811	+2.812	+2.863	+2.799	+2.810	+2.956	+2.810	+2.816	+2.802	+2.828	+2.807	
rs3849974      +3.430	+3.063	+3.186	+2.949	+3.425	+3.451	+3.444	+3.274	+3.458	+3.653	+3.283	+3.469	+3.670	+3.671	+3.682	+3.683	+3.689	+3.767	+3.615	+3.615	+3.771	+3.771	+3.748	+3.769	+3.723	+3.690	+2.984	+3.667	+3.910	+3.948	+3.020	+3.550	+3.558	+3.594	+3.594	+3.594	+3.594	+3.558	+3.801	+3.595	+3.595	+3.276	+3.506	+3.404	+3.476	+2.982	+3.004	+3.558	+4.148	+3.888	+3.008	+3.000	+3.009	+3.007	+3.001	+3.007	+3.007	+2.992	+2.992	+2.966	+3.206	+2.970	+2.970	+2.914	+2.924	+2.935	+2.926	+2.924	+3.027	+3.169	+2.957	+3.131	+3.245	+3.312	+3.150	+4.831	+3.491	+3.286	+3.041	+3.290	+3.334	+3.014	+3.145	+3.151	+2.811	+3.056	+3.070	+3.009	+3.013	+2.880	+2.862	+3.025	+2.876	+3.017	+2.874	+2.879	+3.015	+2.880	+3.016	+2.872	+3.018	+2.863	+3.063	+2.947	+2.852	+2.852	+3.017	+3.048	+3.020	+2.881	+2.870	+3.048	+3.026	+3.028	+3.025	+3.021	+3.025	+3.024	+2.859	+3.045	+3.047	+3.025	+2.951	+3.048	+3.027	+3.067	+2.874	+3.025	+3.015	+3.023	+3.024	+3.023	+3.023	+3.026	+3.025	+3.025	+2.863	+2.917	+3.029	+3.045	+3.011	+3.027	+2.856	+2.856	+3.016	+3.026	+3.042	+2.812	+3.028	+2.968	+3.058	+2.938	+2.818	+3.036	+2.942	+3.038	+2.940	+2.941	+3.035	+2.891	+2.831	+2.937	+2.837	+2.824	+3.011	+2.859	+2.859	+2.830	+3.019	+2.859	+2.859	+2.860	+2.860	+2.923	+2.859	+2.859	+2.870	+2.872	+2.923	+2.859	+2.870	+3.017	+2.870	+2.875	+2.862	+2.888	+2.867	
rs3849975      +3.465	+3.109	+3.224	+2.986	+3.418	+3.444	+3.498	+3.293	+3.449	+3.603	+3.300	+3.460	+3.620	+3.621	+3.630	+3.631	+3.640	+3.703	+3.598	+3.598	+3.706	+3.707	+3.693	+3.707	+3.684	+3.655	+3.019	+3.645	+3.839	+3.873	+3.048	+3.549	+3.557	+3.587	+3.587	+3.587	+3.587	+3.558	+3.738	+3.588	+3.588	+3.314	+3.515	+3.423	+3.492	+3.017	+3.035	+3.567	+3.993	+3.817	+3.064	+3.055	+3.065	+3.063	+3.051	+3.063	+3.062	+3.041	+3.041	+3.021	+3.257	+3.017	+3.017	+2.966	+2.977	+2.989	+2.979	+2.977	+3.077	+3.225	+3.011	+3.190	+3.302	+3.372	+3.194	+4.894	+3.543	+3.340	+3.092	+3.343	+3.376	+3.067	+3.196	+3.201	+2.856	+3.104	+3.119	+3.057	+3.064	+2.928	+2.909	+3.071	+2.925	+3.064	+2.922	+2.927	+3.062	+2.928	+3.062	+2.920	+3.064	+2.910	+3.109	+2.993	+2.900	+2.899	+3.063	+3.094	+3.066	+2.928	+2.917	+3.094	+3.072	+3.074	+3.071	+3.067	+3.071	+3.070	+2.907	+3.091	+3.093	+3.071	+2.998	+3.094	+3.073	+3.113	+2.921	+3.071	+3.060	+3.069	+3.070	+3.069	+3.069	+3.072	+3.071	+3.071	+2.909	+2.963	+3.074	+3.092	+3.059	+3.072	+2.902	+2.901	+3.061	+3.071	+3.087	+2.858	+3.073	+3.012	+3.104	+2.982	+2.865	+3.081	+2.986	+3.083	+2.984	+2.985	+3.080	+2.939	+2.878	+2.981	+2.884	+2.871	+3.057	+2.905	+2.905	+2.876	+3.064	+2.905	+2.905	+2.906	+2.906	+2.969	+2.905	+2.905	+2.917	+2.918	+2.969	+2.905	+2.916	+3.063	+2.916	+2.922	+2.909	+2.935	+2.913	
rs2387640      +3.027	+2.621	+2.774	+2.485	+3.214	+3.274	+3.293	+2.998	+3.290	+3.574	+2.970	+3.317	+3.605	+3.607	+3.622	+3.623	+3.637	+3.738	+3.551	+3.551	+3.743	+3.744	+3.719	+3.743	+3.719	+3.646	+2.528	+3.618	+3.912	+3.958	+2.506	+3.462	+3.473	+3.522	+3.522	+3.523	+3.522	+3.471	+3.781	+3.524	+3.525	+3.017	+3.411	+3.246	+3.370	+2.519	+2.519	+3.477	+4.159	+3.889	+2.623	+2.613	+2.623	+2.621	+2.629	+2.621	+2.621	+2.617	+2.617	+2.572	+2.734	+2.524	+2.524	+2.509	+2.522	+2.536	+2.525	+2.522	+2.657	+2.817	+2.560	+2.749	+2.892	+2.955	+2.718	+4.393	+3.039	+2.840	+2.599	+2.841	+2.907	+2.579	+2.722	+2.727	+2.368	+2.612	+2.627	+2.565	+2.582	+2.445	+2.426	+2.582	+2.441	+2.575	+2.442	+2.444	+2.573	+2.445	+2.573	+2.436	+2.575	+2.427	+2.619	+2.504	+2.416	+2.415	+2.574	+2.605	+2.577	+2.438	+2.428	+2.605	+2.583	+2.585	+2.582	+2.578	+2.582	+2.581	+2.423	+2.602	+2.604	+2.582	+2.509	+2.605	+2.584	+2.623	+2.439	+2.582	+2.572	+2.580	+2.581	+2.580	+2.580	+2.583	+2.582	+2.582	+2.425	+2.474	+2.586	+2.602	+2.564	+2.585	+2.414	+2.414	+2.574	+2.584	+2.599	+2.373	+2.586	+2.525	+2.615	+2.497	+2.381	+2.593	+2.501	+2.595	+2.499	+2.499	+2.593	+2.459	+2.395	+2.495	+2.401	+2.387	+2.568	+2.422	+2.422	+2.393	+2.576	+2.423	+2.423	+2.423	+2.423	+2.488	+2.422	+2.422	+2.435	+2.436	+2.482	+2.422	+2.434	+2.574	+2.434	+2.440	+2.426	+2.454	+2.431	
rs2387641      +3.446	+3.079	+3.202	+2.966	+3.431	+3.458	+3.449	+3.290	+3.467	+3.667	+3.302	+3.484	+3.692	+3.694	+3.707	+3.708	+3.717	+3.801	+3.629	+3.630	+3.806	+3.806	+3.779	+3.804	+3.745	+3.712	+3.003	+3.683	+3.938	+3.977	+3.043	+3.562	+3.569	+3.606	+3.606	+3.606	+3.606	+3.568	+3.832	+3.607	+3.607	+3.285	+3.516	+3.414	+3.484	+3.001	+3.025	+3.566	+4.214	+3.918	+3.020	+3.012	+3.021	+3.019	+3.013	+3.019	+3.018	+3.003	+3.003	+2.979	+3.223	+2.986	+2.986	+2.927	+2.937	+2.948	+2.939	+2.937	+3.038	+3.179	+2.970	+3.142	+3.255	+3.322	+3.165	+4.841	+3.506	+3.300	+3.057	+3.304	+3.348	+3.028	+3.160	+3.165	+2.827	+3.071	+3.085	+3.025	+3.027	+2.895	+2.876	+3.040	+2.891	+3.032	+2.889	+2.893	+3.030	+2.894	+3.031	+2.886	+3.033	+2.877	+3.078	+2.961	+2.867	+2.867	+3.032	+3.063	+3.035	+2.896	+2.885	+3.063	+3.041	+3.043	+3.040	+3.036	+3.040	+3.039	+2.874	+3.061	+3.063	+3.040	+2.966	+3.064	+3.042	+3.082	+2.888	+3.041	+3.030	+3.038	+3.039	+3.038	+3.038	+3.041	+3.040	+3.040	+2.878	+2.932	+3.044	+3.060	+3.026	+3.043	+2.871	+2.871	+3.031	+3.042	+3.057	+2.827	+3.044	+2.985	+3.074	+2.954	+2.833	+3.051	+2.958	+3.053	+2.956	+2.957	+3.051	+2.906	+2.846	+2.952	+2.852	+2.839	+3.027	+2.874	+2.874	+2.844	+3.034	+2.874	+2.874	+2.875	+2.875	+2.938	+2.874	+2.874	+2.885	+2.887	+2.939	+2.874	+2.885	+3.033	+2.885	+2.890	+2.877	+2.903	+2.882	
rs2387642      +3.683	+3.330	+3.440	+3.238	+3.663	+3.653	+3.603	+3.574	+3.667	+3.727	+3.590	+3.663	+3.746	+3.747	+3.754	+3.754	+3.760	+3.810	+3.715	+3.715	+3.814	+3.814	+3.800	+3.814	+3.784	+3.763	+3.284	+3.749	+3.920	+3.951	+3.346	+3.674	+3.678	+3.700	+3.700	+3.700	+3.700	+3.677	+3.836	+3.701	+3.702	+3.469	+3.645	+3.586	+3.621	+3.284	+3.320	+3.676	+4.096	+3.903	+3.247	+3.239	+3.247	+3.246	+3.233	+3.245	+3.245	+3.225	+3.225	+3.209	+3.488	+3.240	+3.240	+3.162	+3.171	+3.181	+3.173	+3.172	+3.257	+3.388	+3.202	+3.365	+3.462	+3.531	+3.411	+5.087	+3.762	+3.552	+3.312	+3.560	+3.591	+3.272	+3.413	+3.419	+3.078	+3.325	+3.340	+3.278	+3.276	+3.144	+3.125	+3.288	+3.140	+3.281	+3.137	+3.142	+3.279	+3.143	+3.280	+3.135	+3.282	+3.127	+3.332	+3.211	+3.116	+3.116	+3.283	+3.316	+3.286	+3.146	+3.135	+3.316	+3.291	+3.294	+3.290	+3.287	+3.290	+3.290	+3.123	+3.312	+3.314	+3.291	+3.215	+3.316	+3.293	+3.334	+3.137	+3.292	+3.281	+3.289	+3.290	+3.289	+3.289	+3.292	+3.291	+3.291	+3.127	+3.183	+3.297	+3.312	+3.277	+3.295	+3.121	+3.121	+3.284	+3.295	+3.310	+3.076	+3.296	+3.235	+3.325	+3.205	+3.082	+3.304	+3.208	+3.306	+3.207	+3.207	+3.304	+3.153	+3.095	+3.203	+3.100	+3.088	+3.278	+3.122	+3.122	+3.093	+3.286	+3.123	+3.123	+3.123	+3.123	+3.186	+3.122	+3.122	+3.133	+3.134	+3.189	+3.123	+3.133	+3.284	+3.133	+3.138	+3.126	+3.150	+3.130	
rs2387643      +3.069	+2.670	+2.818	+2.538	+3.224	+3.283	+3.300	+2.970	+3.302	+3.590	+3.047	+3.331	+3.625	+3.628	+3.644	+3.645	+3.662	+3.769	+3.569	+3.569	+3.775	+3.776	+3.749	+3.776	+3.753	+3.672	+2.578	+3.641	+3.942	+3.992	+2.573	+3.539	+3.547	+3.611	+3.611	+3.612	+3.611	+3.540	+3.817	+3.614	+3.614	+3.034	+3.428	+3.279	+3.394	+2.571	+2.578	+3.488	+4.218	+3.923	+2.653	+2.643	+2.653	+2.651	+2.666	+2.651	+2.651	+2.654	+2.654	+2.605	+2.788	+2.574	+2.574	+2.546	+2.558	+2.571	+2.561	+2.558	+2.694	+2.840	+2.594	+2.777	+2.916	+2.978	+2.766	+4.427	+3.086	+2.888	+2.649	+2.890	+2.953	+2.627	+2.770	+2.775	+2.418	+2.651	+2.665	+2.607	+2.624	+2.491	+2.472	+2.632	+2.487	+2.624	+2.485	+2.489	+2.622	+2.491	+2.623	+2.482	+2.625	+2.473	+2.665	+2.552	+2.462	+2.462	+2.623	+2.651	+2.626	+2.486	+2.476	+2.651	+2.632	+2.634	+2.631	+2.627	+2.631	+2.630	+2.469	+2.648	+2.650	+2.631	+2.557	+2.651	+2.633	+2.669	+2.484	+2.629	+2.621	+2.630	+2.631	+2.629	+2.630	+2.632	+2.632	+2.632	+2.472	+2.524	+2.634	+2.647	+2.612	+2.633	+2.463	+2.463	+2.622	+2.632	+2.647	+2.421	+2.634	+2.577	+2.661	+2.547	+2.428	+2.641	+2.550	+2.643	+2.549	+2.549	+2.641	+2.504	+2.442	+2.545	+2.447	+2.434	+2.617	+2.470	+2.470	+2.440	+2.625	+2.470	+2.470	+2.470	+2.470	+2.534	+2.469	+2.469	+2.482	+2.483	+2.531	+2.470	+2.481	+2.623	+2.481	+2.487	+2.473	+2.501	+2.478	
rs2387644      +3.471	+3.105	+3.227	+2.993	+3.446	+3.469	+3.460	+3.317	+3.484	+3.663	+3.331	+3.495	+3.693	+3.695	+3.709	+3.710	+3.723	+3.808	+3.637	+3.638	+3.813	+3.814	+3.787	+3.812	+3.752	+3.719	+3.033	+3.690	+3.942	+3.980	+3.076	+3.572	+3.579	+3.614	+3.615	+3.615	+3.614	+3.578	+3.839	+3.616	+3.616	+3.302	+3.528	+3.429	+3.497	+3.031	+3.057	+3.576	+4.223	+3.922	+3.043	+3.035	+3.044	+3.042	+3.035	+3.042	+3.042	+3.026	+3.026	+3.002	+3.251	+3.012	+3.013	+2.951	+2.961	+2.972	+2.963	+2.961	+3.060	+3.200	+2.993	+3.164	+3.276	+3.343	+3.191	+4.867	+3.532	+3.327	+3.083	+3.332	+3.374	+3.054	+3.186	+3.192	+2.853	+3.097	+3.112	+3.051	+3.053	+2.921	+2.902	+3.066	+2.917	+3.059	+2.915	+2.919	+3.057	+2.921	+3.057	+2.913	+3.059	+2.904	+3.105	+2.988	+2.893	+2.893	+3.059	+3.090	+3.062	+2.922	+2.911	+3.090	+3.067	+3.070	+3.066	+3.063	+3.066	+3.065	+2.900	+3.087	+3.089	+3.066	+2.992	+3.090	+3.068	+3.109	+2.914	+3.067	+3.057	+3.065	+3.066	+3.065	+3.065	+3.067	+3.067	+3.067	+2.904	+2.959	+3.071	+3.087	+3.052	+3.069	+2.897	+2.897	+3.058	+3.069	+3.084	+2.853	+3.071	+3.011	+3.100	+2.981	+2.860	+3.078	+2.984	+3.080	+2.983	+2.983	+3.078	+2.932	+2.872	+2.979	+2.878	+2.865	+3.053	+2.900	+2.900	+2.871	+3.061	+2.901	+2.901	+2.901	+2.901	+2.964	+2.900	+2.900	+2.911	+2.913	+2.965	+2.901	+2.911	+3.059	+2.911	+2.916	+2.904	+2.929	+2.908	
rs2387645      +3.708	+3.357	+3.466	+3.266	+3.679	+3.670	+3.620	+3.605	+3.692	+3.746	+3.625	+3.693	+3.754	+3.762	+3.769	+3.769	+3.776	+3.823	+3.732	+3.732	+3.827	+3.827	+3.814	+3.827	+3.798	+3.778	+3.316	+3.763	+3.928	+3.958	+3.381	+3.694	+3.697	+3.717	+3.717	+3.717	+3.717	+3.695	+3.848	+3.718	+3.718	+3.489	+3.665	+3.611	+3.640	+3.316	+3.354	+3.691	+4.103	+3.911	+3.270	+3.262	+3.271	+3.269	+3.257	+3.269	+3.269	+3.248	+3.248	+3.233	+3.516	+3.266	+3.267	+3.186	+3.196	+3.205	+3.198	+3.196	+3.280	+3.410	+3.226	+3.388	+3.483	+3.552	+3.437	+5.111	+3.788	+3.579	+3.339	+3.587	+3.617	+3.298	+3.440	+3.445	+3.105	+3.352	+3.366	+3.305	+3.302	+3.170	+3.152	+3.314	+3.166	+3.308	+3.163	+3.168	+3.306	+3.170	+3.307	+3.162	+3.308	+3.153	+3.358	+3.237	+3.143	+3.142	+3.309	+3.343	+3.312	+3.172	+3.162	+3.343	+3.318	+3.321	+3.317	+3.314	+3.317	+3.316	+3.149	+3.339	+3.341	+3.317	+3.241	+3.342	+3.319	+3.361	+3.164	+3.319	+3.308	+3.316	+3.317	+3.316	+3.316	+3.318	+3.318	+3.318	+3.154	+3.210	+3.324	+3.338	+3.303	+3.322	+3.148	+3.147	+3.311	+3.322	+3.337	+3.102	+3.324	+3.263	+3.352	+3.232	+3.108	+3.331	+3.235	+3.333	+3.234	+3.234	+3.331	+3.179	+3.121	+3.230	+3.127	+3.114	+3.305	+3.149	+3.149	+3.119	+3.313	+3.149	+3.149	+3.149	+3.149	+3.213	+3.148	+3.148	+3.159	+3.161	+3.216	+3.149	+3.159	+3.311	+3.159	+3.164	+3.152	+3.176	+3.156	
rs2387646      +3.710	+3.359	+3.468	+3.268	+3.680	+3.671	+3.621	+3.607	+3.694	+3.747	+3.628	+3.695	+3.762	+3.757	+3.770	+3.770	+3.778	+3.824	+3.734	+3.734	+3.827	+3.828	+3.815	+3.828	+3.799	+3.779	+3.318	+3.764	+3.928	+3.958	+3.384	+3.695	+3.698	+3.718	+3.718	+3.718	+3.718	+3.696	+3.848	+3.719	+3.719	+3.491	+3.667	+3.613	+3.641	+3.318	+3.357	+3.692	+4.103	+3.912	+3.272	+3.264	+3.272	+3.271	+3.259	+3.271	+3.270	+3.250	+3.250	+3.235	+3.518	+3.269	+3.269	+3.188	+3.198	+3.207	+3.199	+3.198	+3.282	+3.411	+3.227	+3.390	+3.485	+3.554	+3.439	+5.113	+3.790	+3.581	+3.341	+3.589	+3.619	+3.300	+3.442	+3.447	+3.107	+3.354	+3.369	+3.307	+3.304	+3.172	+3.154	+3.317	+3.168	+3.310	+3.165	+3.170	+3.308	+3.172	+3.309	+3.164	+3.311	+3.155	+3.361	+3.239	+3.145	+3.144	+3.311	+3.345	+3.315	+3.174	+3.164	+3.345	+3.320	+3.323	+3.319	+3.316	+3.319	+3.318	+3.151	+3.341	+3.343	+3.319	+3.243	+3.344	+3.321	+3.363	+3.166	+3.321	+3.310	+3.318	+3.319	+3.318	+3.318	+3.320	+3.320	+3.320	+3.156	+3.212	+3.326	+3.340	+3.305	+3.324	+3.150	+3.150	+3.313	+3.324	+3.339	+3.104	+3.326	+3.265	+3.354	+3.234	+3.111	+3.333	+3.237	+3.335	+3.236	+3.236	+3.333	+3.182	+3.123	+3.232	+3.129	+3.116	+3.307	+3.151	+3.151	+3.121	+3.315	+3.151	+3.151	+3.151	+3.151	+3.215	+3.151	+3.151	+3.161	+3.163	+3.218	+3.151	+3.161	+3.313	+3.161	+3.166	+3.154	+3.178	+3.159	
rs2387647      +3.722	+3.371	+3.479	+3.281	+3.692	+3.682	+3.630	+3.622	+3.707	+3.754	+3.644	+3.709	+3.769	+3.770	+3.769	+3.776	+3.784	+3.828	+3.741	+3.741	+3.831	+3.832	+3.819	+3.832	+3.803	+3.784	+3.332	+3.770	+3.930	+3.959	+3.399	+3.703	+3.706	+3.725	+3.725	+3.725	+3.725	+3.704	+3.851	+3.726	+3.726	+3.500	+3.675	+3.624	+3.650	+3.332	+3.372	+3.699	+4.100	+3.914	+3.283	+3.275	+3.283	+3.282	+3.269	+3.281	+3.281	+3.261	+3.261	+3.246	+3.531	+3.281	+3.281	+3.199	+3.209	+3.218	+3.211	+3.209	+3.292	+3.421	+3.239	+3.400	+3.495	+3.564	+3.451	+5.126	+3.802	+3.593	+3.353	+3.601	+3.630	+3.312	+3.454	+3.459	+3.119	+3.366	+3.381	+3.319	+3.316	+3.184	+3.166	+3.328	+3.180	+3.322	+3.177	+3.182	+3.320	+3.183	+3.320	+3.176	+3.322	+3.167	+3.372	+3.251	+3.156	+3.156	+3.323	+3.357	+3.326	+3.186	+3.176	+3.357	+3.332	+3.335	+3.331	+3.328	+3.331	+3.330	+3.163	+3.353	+3.355	+3.331	+3.255	+3.356	+3.333	+3.375	+3.178	+3.333	+3.322	+3.330	+3.331	+3.330	+3.330	+3.332	+3.332	+3.332	+3.168	+3.224	+3.338	+3.352	+3.317	+3.336	+3.162	+3.161	+3.325	+3.336	+3.351	+3.116	+3.338	+3.277	+3.366	+3.246	+3.122	+3.345	+3.249	+3.347	+3.248	+3.248	+3.345	+3.193	+3.135	+3.244	+3.141	+3.128	+3.319	+3.163	+3.163	+3.133	+3.327	+3.163	+3.163	+3.163	+3.163	+3.227	+3.162	+3.162	+3.173	+3.175	+3.230	+3.163	+3.173	+3.325	+3.173	+3.178	+3.166	+3.190	+3.170	
rs2387648      +3.723	+3.372	+3.480	+3.282	+3.693	+3.683	+3.631	+3.623	+3.708	+3.754	+3.645	+3.710	+3.769	+3.770	+3.776	+3.770	+3.784	+3.828	+3.741	+3.741	+3.832	+3.832	+3.819	+3.832	+3.804	+3.785	+3.333	+3.770	+3.930	+3.960	+3.400	+3.704	+3.706	+3.726	+3.726	+3.726	+3.726	+3.704	+3.852	+3.727	+3.727	+3.501	+3.676	+3.625	+3.650	+3.334	+3.373	+3.700	+4.100	+3.914	+3.284	+3.276	+3.284	+3.283	+3.270	+3.282	+3.282	+3.262	+3.262	+3.247	+3.532	+3.282	+3.282	+3.200	+3.210	+3.219	+3.212	+3.210	+3.293	+3.422	+3.239	+3.401	+3.496	+3.565	+3.452	+5.127	+3.803	+3.594	+3.354	+3.602	+3.631	+3.313	+3.455	+3.460	+3.120	+3.367	+3.382	+3.320	+3.317	+3.185	+3.167	+3.329	+3.181	+3.323	+3.178	+3.183	+3.321	+3.184	+3.321	+3.177	+3.323	+3.168	+3.374	+3.252	+3.158	+3.157	+3.324	+3.358	+3.327	+3.187	+3.177	+3.358	+3.333	+3.336	+3.332	+3.329	+3.332	+3.331	+3.164	+3.354	+3.356	+3.332	+3.256	+3.357	+3.334	+3.376	+3.179	+3.334	+3.323	+3.331	+3.332	+3.331	+3.331	+3.333	+3.333	+3.333	+3.169	+3.225	+3.339	+3.353	+3.318	+3.337	+3.163	+3.162	+3.326	+3.337	+3.352	+3.117	+3.339	+3.278	+3.367	+3.247	+3.123	+3.346	+3.250	+3.348	+3.249	+3.249	+3.346	+3.194	+3.136	+3.245	+3.142	+3.129	+3.320	+3.164	+3.164	+3.134	+3.328	+3.164	+3.164	+3.164	+3.164	+3.228	+3.163	+3.163	+3.174	+3.176	+3.231	+3.164	+3.174	+3.326	+3.174	+3.179	+3.167	+3.191	+3.171	
rs4471349      +3.737	+3.386	+3.494	+3.297	+3.698	+3.689	+3.640	+3.637	+3.717	+3.760	+3.662	+3.723	+3.776	+3.778	+3.784	+3.784	+3.785	+3.833	+3.751	+3.751	+3.837	+3.838	+3.826	+3.838	+3.810	+3.793	+3.351	+3.778	+3.933	+3.962	+3.419	+3.715	+3.716	+3.735	+3.735	+3.735	+3.735	+3.714	+3.857	+3.736	+3.736	+3.512	+3.687	+3.639	+3.661	+3.351	+3.391	+3.708	+4.098	+3.917	+3.297	+3.289	+3.297	+3.296	+3.283	+3.295	+3.295	+3.275	+3.275	+3.260	+3.548	+3.296	+3.297	+3.214	+3.223	+3.232	+3.225	+3.224	+3.306	+3.434	+3.253	+3.414	+3.508	+3.576	+3.466	+5.140	+3.818	+3.609	+3.369	+3.617	+3.645	+3.327	+3.470	+3.475	+3.135	+3.382	+3.396	+3.335	+3.331	+3.199	+3.181	+3.344	+3.196	+3.337	+3.193	+3.198	+3.335	+3.199	+3.336	+3.191	+3.338	+3.182	+3.388	+3.266	+3.172	+3.172	+3.339	+3.373	+3.342	+3.202	+3.191	+3.373	+3.347	+3.350	+3.346	+3.343	+3.346	+3.346	+3.179	+3.369	+3.371	+3.347	+3.270	+3.372	+3.349	+3.390	+3.193	+3.349	+3.338	+3.346	+3.346	+3.345	+3.346	+3.348	+3.347	+3.347	+3.183	+3.239	+3.353	+3.368	+3.332	+3.352	+3.177	+3.177	+3.341	+3.352	+3.367	+3.132	+3.354	+3.292	+3.382	+3.262	+3.138	+3.361	+3.265	+3.363	+3.264	+3.264	+3.361	+3.209	+3.151	+3.259	+3.156	+3.144	+3.334	+3.178	+3.178	+3.149	+3.343	+3.178	+3.178	+3.179	+3.179	+3.242	+3.178	+3.178	+3.189	+3.190	+3.245	+3.179	+3.188	+3.341	+3.189	+3.194	+3.181	+3.205	+3.186	
rs4417195      +3.807	+3.464	+3.565	+3.382	+3.784	+3.767	+3.703	+3.738	+3.801	+3.810	+3.769	+3.808	+3.823	+3.824	+3.828	+3.828	+3.833	+3.865	+3.810	+3.810	+3.876	+3.876	+3.867	+3.877	+3.853	+3.831	+3.439	+3.818	+3.944	+3.970	+3.513	+3.770	+3.769	+3.784	+3.784	+3.784	+3.784	+3.766	+3.878	+3.784	+3.784	+3.573	+3.745	+3.711	+3.722	+3.445	+3.490	+3.759	+4.072	+3.930	+3.369	+3.361	+3.369	+3.368	+3.354	+3.367	+3.367	+3.346	+3.346	+3.333	+3.629	+3.375	+3.375	+3.288	+3.297	+3.306	+3.299	+3.297	+3.376	+3.502	+3.326	+3.485	+3.575	+3.645	+3.543	+5.215	+3.895	+3.687	+3.447	+3.695	+3.722	+3.405	+3.547	+3.552	+3.212	+3.460	+3.475	+3.413	+3.408	+3.276	+3.258	+3.421	+3.272	+3.414	+3.269	+3.274	+3.412	+3.276	+3.413	+3.268	+3.415	+3.259	+3.466	+3.343	+3.249	+3.249	+3.417	+3.451	+3.420	+3.279	+3.268	+3.450	+3.425	+3.428	+3.424	+3.421	+3.424	+3.424	+3.256	+3.447	+3.449	+3.424	+3.347	+3.450	+3.426	+3.468	+3.270	+3.426	+3.416	+3.423	+3.424	+3.423	+3.423	+3.425	+3.425	+3.425	+3.260	+3.317	+3.432	+3.446	+3.410	+3.430	+3.255	+3.254	+3.419	+3.431	+3.446	+3.209	+3.432	+3.371	+3.460	+3.340	+3.215	+3.439	+3.343	+3.441	+3.342	+3.342	+3.440	+3.285	+3.227	+3.337	+3.233	+3.220	+3.412	+3.255	+3.255	+3.225	+3.421	+3.255	+3.255	+3.255	+3.255	+3.319	+3.255	+3.255	+3.265	+3.266	+3.323	+3.255	+3.265	+3.419	+3.265	+3.270	+3.258	+3.282	+3.262	
rs12220554     +3.687	+3.347	+3.446	+3.249	+3.609	+3.615	+3.598	+3.551	+3.629	+3.715	+3.569	+3.637	+3.732	+3.734	+3.741	+3.741	+3.751	+3.810	+3.745	+3.751	+3.813	+3.814	+3.802	+3.815	+3.789	+3.760	+3.299	+3.750	+3.910	+3.939	+3.362	+3.680	+3.684	+3.705	+3.705	+3.705	+3.705	+3.683	+3.828	+3.706	+3.706	+3.484	+3.653	+3.596	+3.632	+3.303	+3.342	+3.685	+4.060	+3.892	+3.264	+3.256	+3.265	+3.263	+3.252	+3.263	+3.263	+3.244	+3.244	+3.226	+3.506	+3.256	+3.257	+3.179	+3.189	+3.198	+3.190	+3.189	+3.276	+3.406	+3.219	+3.382	+3.480	+3.548	+3.428	+5.090	+3.775	+3.565	+3.327	+3.572	+3.608	+3.284	+3.426	+3.432	+3.096	+3.341	+3.355	+3.294	+3.297	+3.163	+3.144	+3.308	+3.159	+3.301	+3.156	+3.161	+3.299	+3.163	+3.299	+3.154	+3.301	+3.146	+3.348	+3.230	+3.135	+3.135	+3.301	+3.333	+3.304	+3.161	+3.154	+3.333	+3.310	+3.312	+3.309	+3.305	+3.309	+3.308	+3.142	+3.329	+3.331	+3.309	+3.235	+3.332	+3.311	+3.350	+3.157	+3.309	+3.298	+3.307	+3.308	+3.307	+3.307	+3.310	+3.309	+3.309	+3.145	+3.200	+3.311	+3.328	+3.299	+3.309	+3.138	+3.138	+3.298	+3.309	+3.323	+3.093	+3.310	+3.249	+3.342	+3.220	+3.100	+3.317	+3.223	+3.319	+3.222	+3.222	+3.317	+3.173	+3.113	+3.218	+3.119	+3.106	+3.294	+3.140	+3.140	+3.111	+3.301	+3.141	+3.141	+3.141	+3.141	+3.202	+3.140	+3.140	+3.152	+3.153	+3.206	+3.141	+3.151	+3.300	+3.151	+3.157	+3.144	+3.169	+3.148	
rs12220555     +3.688	+3.347	+3.447	+3.250	+3.609	+3.615	+3.598	+3.551	+3.630	+3.715	+3.569	+3.638	+3.732	+3.734	+3.741	+3.741	+3.751	+3.810	+3.751	+3.745	+3.813	+3.814	+3.802	+3.815	+3.790	+3.760	+3.300	+3.750	+3.910	+3.939	+3.363	+3.680	+3.684	+3.705	+3.705	+3.705	+3.705	+3.683	+3.828	+3.706	+3.706	+3.484	+3.653	+3.596	+3.632	+3.303	+3.343	+3.685	+4.060	+3.892	+3.264	+3.256	+3.265	+3.263	+3.252	+3.263	+3.263	+3.244	+3.244	+3.227	+3.506	+3.256	+3.257	+3.179	+3.189	+3.198	+3.191	+3.189	+3.276	+3.406	+3.219	+3.382	+3.480	+3.549	+3.428	+5.090	+3.776	+3.565	+3.327	+3.572	+3.609	+3.285	+3.427	+3.432	+3.096	+3.341	+3.356	+3.295	+3.297	+3.163	+3.144	+3.308	+3.159	+3.301	+3.156	+3.162	+3.299	+3.163	+3.300	+3.155	+3.301	+3.146	+3.348	+3.231	+3.135	+3.135	+3.301	+3.333	+3.304	+3.162	+3.154	+3.333	+3.310	+3.313	+3.309	+3.305	+3.309	+3.308	+3.142	+3.329	+3.331	+3.309	+3.235	+3.332	+3.312	+3.350	+3.157	+3.309	+3.298	+3.307	+3.309	+3.307	+3.308	+3.310	+3.310	+3.310	+3.145	+3.200	+3.311	+3.328	+3.299	+3.309	+3.139	+3.138	+3.298	+3.309	+3.324	+3.094	+3.310	+3.249	+3.342	+3.220	+3.100	+3.317	+3.223	+3.319	+3.222	+3.222	+3.317	+3.173	+3.113	+3.218	+3.119	+3.106	+3.295	+3.141	+3.141	+3.111	+3.302	+3.141	+3.141	+3.141	+3.141	+3.203	+3.140	+3.140	+3.152	+3.153	+3.206	+3.141	+3.151	+3.300	+3.151	+3.157	+3.144	+3.169	+3.149	
rs12217329     +3.811	+3.469	+3.570	+3.387	+3.787	+3.771	+3.706	+3.743	+3.806	+3.814	+3.775	+3.813	+3.827	+3.827	+3.831	+3.832	+3.837	+3.876	+3.813	+3.813	+3.870	+3.879	+3.870	+3.880	+3.856	+3.834	+3.445	+3.821	+3.946	+3.971	+3.519	+3.774	+3.774	+3.787	+3.787	+3.787	+3.787	+3.770	+3.881	+3.788	+3.788	+3.577	+3.750	+3.717	+3.727	+3.451	+3.496	+3.762	+4.072	+3.932	+3.373	+3.365	+3.373	+3.372	+3.359	+3.372	+3.372	+3.351	+3.351	+3.337	+3.634	+3.380	+3.380	+3.293	+3.302	+3.310	+3.303	+3.302	+3.381	+3.506	+3.330	+3.489	+3.579	+3.648	+3.548	+5.220	+3.900	+3.692	+3.451	+3.700	+3.727	+3.409	+3.552	+3.557	+3.217	+3.465	+3.480	+3.418	+3.412	+3.281	+3.263	+3.426	+3.277	+3.419	+3.274	+3.279	+3.417	+3.280	+3.418	+3.273	+3.420	+3.264	+3.471	+3.348	+3.254	+3.253	+3.421	+3.456	+3.425	+3.284	+3.273	+3.455	+3.430	+3.433	+3.429	+3.426	+3.429	+3.428	+3.261	+3.452	+3.454	+3.429	+3.352	+3.455	+3.431	+3.473	+3.275	+3.431	+3.421	+3.428	+3.429	+3.428	+3.428	+3.430	+3.430	+3.430	+3.265	+3.322	+3.437	+3.451	+3.415	+3.435	+3.259	+3.259	+3.424	+3.436	+3.451	+3.214	+3.437	+3.376	+3.465	+3.344	+3.220	+3.444	+3.348	+3.446	+3.347	+3.347	+3.445	+3.290	+3.232	+3.342	+3.238	+3.225	+3.417	+3.260	+3.260	+3.230	+3.426	+3.260	+3.260	+3.260	+3.260	+3.324	+3.259	+3.259	+3.270	+3.271	+3.328	+3.260	+3.270	+3.424	+3.270	+3.275	+3.263	+3.287	+3.267	
rs12218307     +3.812	+3.470	+3.571	+3.388	+3.787	+3.771	+3.707	+3.744	+3.806	+3.814	+3.776	+3.814	+3.827	+3.828	+3.832	+3.832	+3.838	+3.876	+3.814	+3.814	+3.879	+3.871	+3.871	+3.880	+3.857	+3.835	+3.446	+3.822	+3.946	+3.971	+3.521	+3.775	+3.774	+3.788	+3.788	+3.788	+3.788	+3.771	+3.882	+3.789	+3.789	+3.578	+3.751	+3.718	+3.728	+3.452	+3.498	+3.763	+4.072	+3.932	+3.374	+3.366	+3.374	+3.373	+3.360	+3.373	+3.373	+3.352	+3.352	+3.338	+3.635	+3.381	+3.381	+3.294	+3.303	+3.311	+3.304	+3.303	+3.382	+3.507	+3.331	+3.490	+3.580	+3.649	+3.549	+5.221	+3.901	+3.693	+3.453	+3.701	+3.728	+3.410	+3.553	+3.558	+3.218	+3.466	+3.481	+3.419	+3.414	+3.282	+3.264	+3.427	+3.278	+3.421	+3.275	+3.280	+3.418	+3.282	+3.419	+3.274	+3.421	+3.265	+3.472	+3.349	+3.255	+3.255	+3.423	+3.457	+3.426	+3.285	+3.274	+3.457	+3.431	+3.434	+3.430	+3.427	+3.430	+3.430	+3.262	+3.453	+3.455	+3.430	+3.353	+3.456	+3.432	+3.474	+3.276	+3.432	+3.422	+3.429	+3.430	+3.429	+3.429	+3.431	+3.431	+3.431	+3.266	+3.323	+3.438	+3.452	+3.416	+3.436	+3.261	+3.260	+3.425	+3.437	+3.452	+3.215	+3.438	+3.377	+3.466	+3.346	+3.221	+3.445	+3.349	+3.447	+3.348	+3.348	+3.446	+3.291	+3.233	+3.343	+3.239	+3.227	+3.418	+3.261	+3.261	+3.231	+3.427	+3.261	+3.261	+3.261	+3.261	+3.325	+3.261	+3.261	+3.271	+3.272	+3.329	+3.261	+3.271	+3.425	+3.271	+3.276	+3.264	+3.288	+3.268	
rs12220563     +3.799	+3.456	+3.558	+3.373	+3.760	+3.748	+3.693	+3.719	+3.779	+3.800	+3.749	+3.787	+3.814	+3.815	+3.819	+3.819	+3.826	+3.867	+3.802	+3.802	+3.870	+3.871	+3.857	+3.872	+3.848	+3.825	+3.430	+3.813	+3.942	+3.967	+3.504	+3.763	+3.763	+3.778	+3.778	+3.778	+3.778	+3.760	+3.875	+3.778	+3.779	+3.567	+3.739	+3.703	+3.716	+3.436	+3.481	+3.754	+4.071	+3.927	+3.361	+3.354	+3.362	+3.360	+3.347	+3.360	+3.360	+3.339	+3.339	+3.325	+3.621	+3.367	+3.367	+3.281	+3.290	+3.298	+3.291	+3.290	+3.370	+3.495	+3.319	+3.477	+3.568	+3.638	+3.536	+5.206	+3.886	+3.678	+3.438	+3.687	+3.715	+3.397	+3.539	+3.544	+3.205	+3.452	+3.467	+3.405	+3.400	+3.269	+3.250	+3.413	+3.265	+3.407	+3.262	+3.267	+3.405	+3.268	+3.406	+3.260	+3.408	+3.252	+3.458	+3.336	+3.241	+3.241	+3.409	+3.443	+3.412	+3.271	+3.261	+3.443	+3.417	+3.420	+3.416	+3.413	+3.416	+3.416	+3.248	+3.439	+3.441	+3.417	+3.340	+3.442	+3.418	+3.461	+3.262	+3.419	+3.408	+3.416	+3.416	+3.415	+3.416	+3.418	+3.417	+3.417	+3.253	+3.309	+3.424	+3.438	+3.402	+3.422	+3.247	+3.247	+3.411	+3.423	+3.438	+3.201	+3.425	+3.363	+3.452	+3.332	+3.207	+3.431	+3.335	+3.433	+3.334	+3.334	+3.432	+3.277	+3.220	+3.329	+3.225	+3.213	+3.405	+3.247	+3.247	+3.218	+3.413	+3.248	+3.248	+3.248	+3.248	+3.311	+3.247	+3.247	+3.258	+3.259	+3.315	+3.248	+3.257	+3.411	+3.258	+3.263	+3.251	+3.274	+3.255	
rs12217541     +3.813	+3.471	+3.572	+3.389	+3.785	+3.769	+3.707	+3.743	+3.804	+3.814	+3.776	+3.812	+3.827	+3.828	+3.832	+3.832	+3.838	+3.877	+3.815	+3.815	+3.880	+3.880	+3.872	+3.873	+3.858	+3.836	+3.448	+3.823	+3.947	+3.972	+3.523	+3.777	+3.776	+3.790	+3.790	+3.790	+3.790	+3.773	+3.883	+3.790	+3.791	+3.578	+3.752	+3.720	+3.729	+3.454	+3.500	+3.764	+4.075	+3.934	+3.375	+3.367	+3.375	+3.374	+3.360	+3.373	+3.373	+3.352	+3.352	+3.339	+3.637	+3.382	+3.382	+3.294	+3.304	+3.312	+3.305	+3.304	+3.383	+3.508	+3.332	+3.491	+3.580	+3.650	+3.550	+5.222	+3.902	+3.693	+3.454	+3.702	+3.729	+3.411	+3.554	+3.559	+3.219	+3.467	+3.482	+3.420	+3.415	+3.283	+3.265	+3.428	+3.279	+3.422	+3.276	+3.282	+3.420	+3.283	+3.420	+3.275	+3.422	+3.266	+3.473	+3.350	+3.256	+3.256	+3.424	+3.458	+3.427	+3.286	+3.275	+3.458	+3.432	+3.435	+3.431	+3.428	+3.431	+3.431	+3.263	+3.454	+3.456	+3.431	+3.354	+3.457	+3.433	+3.476	+3.277	+3.434	+3.423	+3.430	+3.431	+3.430	+3.430	+3.433	+3.432	+3.432	+3.267	+3.324	+3.439	+3.453	+3.417	+3.437	+3.262	+3.262	+3.426	+3.438	+3.453	+3.216	+3.440	+3.378	+3.467	+3.347	+3.222	+3.446	+3.350	+3.448	+3.349	+3.349	+3.447	+3.292	+3.234	+3.344	+3.240	+3.228	+3.419	+3.262	+3.262	+3.233	+3.428	+3.262	+3.262	+3.262	+3.262	+3.326	+3.262	+3.262	+3.272	+3.274	+3.330	+3.262	+3.272	+3.426	+3.272	+3.277	+3.265	+3.289	+3.270	
rs61832043     +3.798	+3.452	+3.555	+3.366	+3.731	+3.723	+3.684	+3.719	+3.745	+3.784	+3.753	+3.752	+3.798	+3.799	+3.803	+3.804	+3.810	+3.853	+3.789	+3.790	+3.856	+3.857	+3.848	+3.858	+3.853	+3.820	+3.423	+3.808	+3.939	+3.965	+3.498	+3.757	+3.758	+3.773	+3.773	+3.773	+3.773	+3.755	+3.872	+3.773	+3.774	+3.562	+3.747	+3.712	+3.719	+3.439	+3.486	+3.757	+4.069	+3.925	+3.358	+3.351	+3.359	+3.358	+3.342	+3.357	+3.357	+3.334	+3.334	+3.322	+3.616	+3.362	+3.362	+3.277	+3.286	+3.295	+3.288	+3.286	+3.365	+3.493	+3.315	+3.475	+3.566	+3.636	+3.531	+5.195	+3.879	+3.670	+3.432	+3.680	+3.711	+3.397	+3.533	+3.538	+3.199	+3.447	+3.462	+3.401	+3.393	+3.263	+3.245	+3.408	+3.259	+3.402	+3.256	+3.261	+3.400	+3.262	+3.401	+3.255	+3.403	+3.246	+3.454	+3.331	+3.236	+3.236	+3.404	+3.439	+3.407	+3.266	+3.256	+3.439	+3.412	+3.416	+3.412	+3.409	+3.412	+3.411	+3.243	+3.435	+3.437	+3.412	+3.335	+3.438	+3.414	+3.456	+3.257	+3.414	+3.404	+3.411	+3.412	+3.410	+3.411	+3.413	+3.413	+3.413	+3.248	+3.305	+3.420	+3.434	+3.397	+3.418	+3.242	+3.242	+3.407	+3.419	+3.434	+3.196	+3.421	+3.359	+3.448	+3.328	+3.202	+3.427	+3.331	+3.429	+3.330	+3.330	+3.428	+3.272	+3.215	+3.325	+3.220	+3.208	+3.400	+3.242	+3.243	+3.213	+3.409	+3.243	+3.243	+3.243	+3.243	+3.307	+3.242	+3.242	+3.253	+3.254	+3.311	+3.243	+3.252	+3.407	+3.253	+3.258	+3.246	+3.269	+3.250	
rs11598727     +3.770	+3.415	+3.526	+3.326	+3.694	+3.690	+3.655	+3.646	+3.712	+3.763	+3.672	+3.719	+3.778	+3.779	+3.784	+3.785	+3.793	+3.831	+3.760	+3.760	+3.834	+3.835	+3.825	+3.836	+3.820	+3.816	+3.383	+3.792	+3.937	+3.965	+3.454	+3.736	+3.737	+3.754	+3.754	+3.754	+3.754	+3.734	+3.868	+3.754	+3.755	+3.536	+3.710	+3.666	+3.682	+3.384	+3.426	+3.727	+4.094	+3.924	+3.325	+3.317	+3.326	+3.324	+3.301	+3.324	+3.324	+3.293	+3.293	+3.288	+3.578	+3.325	+3.326	+3.242	+3.252	+3.261	+3.254	+3.252	+3.322	+3.462	+3.281	+3.443	+3.536	+3.606	+3.495	+5.153	+3.843	+3.632	+3.395	+3.641	+3.675	+3.365	+3.495	+3.500	+3.161	+3.408	+3.423	+3.362	+3.355	+3.225	+3.207	+3.372	+3.221	+3.365	+3.218	+3.223	+3.363	+3.224	+3.364	+3.217	+3.366	+3.209	+3.416	+3.293	+3.198	+3.198	+3.367	+3.401	+3.371	+3.229	+3.218	+3.401	+3.376	+3.379	+3.375	+3.372	+3.375	+3.374	+3.205	+3.397	+3.399	+3.375	+3.297	+3.400	+3.377	+3.418	+3.219	+3.377	+3.367	+3.374	+3.375	+3.374	+3.374	+3.376	+3.376	+3.376	+3.211	+3.268	+3.383	+3.395	+3.358	+3.382	+3.206	+3.205	+3.371	+3.383	+3.397	+3.160	+3.384	+3.323	+3.410	+3.292	+3.165	+3.391	+3.295	+3.393	+3.294	+3.294	+3.392	+3.234	+3.178	+3.289	+3.183	+3.171	+3.364	+3.205	+3.206	+3.176	+3.372	+3.206	+3.206	+3.206	+3.206	+3.269	+3.205	+3.205	+3.216	+3.217	+3.274	+3.206	+3.215	+3.370	+3.216	+3.220	+3.209	+3.232	+3.213	
rs11250392     +1.573	+1.024	+1.278	+1.023	+2.919	+2.984	+3.019	+2.528	+3.003	+3.284	+2.578	+3.033	+3.316	+3.318	+3.332	+3.333	+3.351	+3.439	+3.299	+3.300	+3.445	+3.446	+3.430	+3.448	+3.423	+3.383	+1.346	+3.374	+3.627	+3.666	+1.036	+3.246	+3.259	+3.307	+3.307	+3.307	+3.307	+3.260	+3.496	+3.309	+3.309	+2.542	+3.171	+3.001	+3.135	+1.182	+1.115	+3.255	+3.791	+3.599	+1.073	+1.061	+1.067	+1.065	+1.208	+1.064	+1.064	+1.187	+1.187	+1.009	+1.005	+0.962	+0.961	+0.945	+0.959	+0.974	+0.960	+0.958	+1.243	+1.354	+0.995	+1.177	+1.432	+1.449	+1.178	+2.447	+1.261	+1.072	+0.918	+1.068	+1.351	+1.012	+1.014	+1.018	+0.786	+0.983	+0.994	+0.947	+1.021	+0.875	+0.855	+1.018	+0.870	+1.007	+0.871	+0.872	+1.004	+0.873	+1.004	+0.863	+1.005	+0.847	+1.013	+0.926	+0.836	+0.836	+0.990	+1.002	+0.993	+0.851	+0.841	+1.001	+1.002	+1.002	+1.001	+0.995	+1.001	+0.999	+0.842	+0.999	+1.000	+1.000	+0.932	+1.001	+1.004	+1.017	+0.860	+0.982	+0.981	+0.996	+0.998	+0.997	+0.996	+1.001	+1.000	+1.000	+0.853	+0.887	+0.981	+0.993	+0.984	+0.980	+0.830	+0.830	+0.969	+0.976	+0.989	+0.802	+0.976	+0.930	+1.009	+0.904	+0.813	+0.984	+0.907	+0.985	+0.906	+0.907	+0.981	+0.901	+0.828	+0.903	+0.833	+0.817	+0.977	+0.864	+0.864	+0.825	+0.978	+0.864	+0.865	+0.865	+0.865	+0.916	+0.863	+0.863	+0.883	+0.884	+0.894	+0.864	+0.881	+0.980	+0.879	+0.888	+0.868	+0.909	+0.876	
rs10903417     +3.764	+3.411	+3.520	+3.318	+3.666	+3.667	+3.645	+3.618	+3.683	+3.749	+3.641	+3.690	+3.763	+3.764	+3.770	+3.770	+3.778	+3.818	+3.750	+3.750	+3.821	+3.822	+3.813	+3.823	+3.808	+3.792	+3.374	+3.811	+3.925	+3.952	+3.443	+3.725	+3.727	+3.744	+3.745	+3.745	+3.744	+3.725	+3.853	+3.745	+3.745	+3.532	+3.703	+3.658	+3.677	+3.378	+3.420	+3.723	+4.064	+3.911	+3.319	+3.312	+3.320	+3.318	+3.305	+3.318	+3.318	+3.297	+3.297	+3.283	+3.573	+3.321	+3.321	+3.237	+3.246	+3.255	+3.248	+3.247	+3.328	+3.456	+3.276	+3.436	+3.529	+3.598	+3.488	+5.140	+3.842	+3.634	+3.395	+3.650	+3.666	+3.350	+3.493	+3.499	+3.158	+3.404	+3.418	+3.358	+3.348	+3.219	+3.202	+3.367	+3.216	+3.360	+3.213	+3.218	+3.358	+3.219	+3.359	+3.211	+3.361	+3.203	+3.413	+3.289	+3.193	+3.193	+3.363	+3.397	+3.366	+3.223	+3.213	+3.397	+3.371	+3.374	+3.370	+3.367	+3.370	+3.370	+3.200	+3.393	+3.395	+3.370	+3.293	+3.396	+3.372	+3.414	+3.214	+3.373	+3.363	+3.370	+3.370	+3.369	+3.370	+3.372	+3.371	+3.371	+3.207	+3.264	+3.380	+3.392	+3.354	+3.378	+3.201	+3.201	+3.367	+3.379	+3.393	+3.155	+3.380	+3.321	+3.406	+3.289	+3.161	+3.387	+3.293	+3.389	+3.291	+3.292	+3.388	+3.229	+3.173	+3.286	+3.178	+3.166	+3.359	+3.201	+3.202	+3.171	+3.368	+3.202	+3.202	+3.202	+3.202	+3.266	+3.201	+3.201	+3.212	+3.213	+3.270	+3.202	+3.211	+3.366	+3.212	+3.217	+3.205	+3.228	+3.209	
rs10903418     +3.979	+3.632	+3.736	+3.560	+3.929	+3.910	+3.839	+3.912	+3.938	+3.920	+3.942	+3.942	+3.928	+3.928	+3.930	+3.930	+3.933	+3.944	+3.910	+3.910	+3.946	+3.946	+3.942	+3.947	+3.939	+3.937	+3.627	+3.925	+4.038	+4.062	+3.713	+3.908	+3.903	+3.909	+3.909	+3.909	+3.909	+3.897	+3.966	+3.909	+3.909	+3.712	+3.887	+3.874	+3.853	+3.629	+3.679	+3.875	+4.088	+3.996	+3.525	+3.518	+3.525	+3.524	+3.508	+3.524	+3.524	+3.500	+3.500	+3.491	+3.803	+3.544	+3.544	+3.448	+3.457	+3.465	+3.459	+3.457	+3.529	+3.649	+3.485	+3.640	+3.722	+3.793	+3.710	+5.432	+4.061	+3.851	+3.611	+3.864	+3.888	+3.577	+3.714	+3.719	+3.380	+3.627	+3.642	+3.580	+3.583	+3.447	+3.428	+3.587	+3.443	+3.580	+3.438	+3.445	+3.578	+3.446	+3.579	+3.438	+3.581	+3.429	+3.634	+3.508	+3.418	+3.417	+3.583	+3.619	+3.587	+3.449	+3.438	+3.619	+3.591	+3.595	+3.590	+3.588	+3.590	+3.590	+3.425	+3.615	+3.617	+3.591	+3.512	+3.618	+3.592	+3.637	+3.440	+3.594	+3.584	+3.590	+3.591	+3.590	+3.590	+3.592	+3.592	+3.592	+3.426	+3.484	+3.602	+3.614	+3.574	+3.600	+3.422	+3.421	+3.589	+3.601	+3.616	+3.376	+3.603	+3.532	+3.628	+3.503	+3.382	+3.609	+3.506	+3.612	+3.505	+3.505	+3.611	+3.455	+3.395	+3.501	+3.401	+3.388	+3.580	+3.420	+3.420	+3.393	+3.590	+3.420	+3.420	+3.421	+3.420	+3.485	+3.420	+3.420	+3.430	+3.431	+3.490	+3.421	+3.429	+3.587	+3.430	+3.435	+3.423	+3.446	+3.427	
