## Summary of overall evidence for association with region:
## log10(BF for region) = 2.3004
## p-value for region = NA

## BFs for choosing among multi-SNP models:
## log10(average 1-SNP BF) = 2.30573
## log10(average 2-SNP BF) = 2.28952

## Example posterior probabilities for multi-SNP models, based on default prior: [p(l) propto 0.5^l for l=1,2,...,L]
## posterior probability of 1-SNP = 0.67491
## posterior probability of 2-SNP = 0.32509

## log10(BF) for single SNP and pair of SNPs:
rs4686281      -0.561	-0.944	-0.965	-0.943	-0.780	-0.835	+1.945	+2.032	+1.966	+2.879	+2.920	+2.801	+2.806	+1.181	-1.010	+2.757	+2.630	+2.518	+2.439	+2.416	+0.795	+2.144	+0.883	+2.193	-0.809	-0.799	-0.825	-0.971	-0.971	-0.852	-0.594	+0.452	-0.654	-0.654	-0.634	-0.971	-0.643	-0.717	-0.705	-0.382	-0.685	-0.238	-0.589	-0.931	-0.851	-0.583	-0.861	-0.862	-0.669	-0.849	-0.970	-0.993	-0.977	-0.988	-0.988	-0.989	-0.990	-0.859	-0.987	-0.990	-0.558	-0.557	-0.569	-0.913	-0.555	-0.986	-0.985	-0.986	-0.850	-0.987	-0.850	-0.985	-0.987	-0.987	-0.852	-0.988	-0.986	-0.989	-0.837	-0.987	-0.854	-0.562	-0.982	-0.986	-0.986	-0.986	-0.984	-0.983	-0.983	-0.983	-0.983	-0.980	-0.980	-0.984	-0.988	-0.981	-0.977	-0.752	-0.531	-0.976	-0.776	-0.988	-0.829	-0.822	-0.804	-0.800	-0.838	-1.006	-0.826	-0.861	-1.031	-0.834	-0.834	-0.834	+0.045	-1.013	-0.832	-0.818	-1.028	-1.062	-0.015	-0.811	-0.811	-0.811	-0.812	-0.813	-0.802	-0.811	
rs56243726     -0.944	-0.535	-0.926	-0.920	-0.764	-0.818	+2.031	+2.123	+2.057	+2.998	+3.039	+2.916	+2.921	+1.200	-0.983	+2.868	+2.740	+2.625	+2.543	+2.520	+0.805	+2.239	+0.901	+2.289	-0.788	-0.778	-0.801	-0.948	-0.947	-0.830	-0.576	+0.456	-0.642	-0.642	-0.623	-0.948	-0.631	-0.705	-0.685	-0.374	-0.665	-0.223	-0.568	-0.914	-0.834	-0.561	-0.844	-0.844	-0.647	-0.830	-0.948	-0.969	-0.955	-0.965	-0.964	-0.966	-0.967	-0.840	-0.964	-0.967	-0.537	-0.536	-0.558	-0.897	-0.534	-0.964	-0.961	-0.964	-0.831	-0.964	-0.831	-0.962	-0.964	-0.964	-0.834	-0.965	-0.963	-0.966	-0.818	-0.964	-0.839	-0.541	-0.959	-0.963	-0.963	-0.963	-0.961	-0.961	-0.961	-0.960	-0.960	-0.957	-0.958	-0.960	-0.964	-0.958	-0.955	-0.737	-0.511	-0.956	-0.758	-0.962	-0.806	-0.798	-0.780	-0.776	-0.814	-0.980	-0.803	-0.837	-1.006	-0.811	-0.811	-0.810	+0.073	-0.988	-0.808	-0.795	-1.003	-1.038	+0.012	-0.788	-0.788	-0.788	-0.788	-0.789	-0.778	-0.787	
rs12636369     -0.965	-0.926	-0.556	-0.934	-0.781	-0.835	+1.941	+2.029	+1.964	+2.874	+2.915	+2.797	+2.802	+1.149	-1.004	+2.753	+2.627	+2.520	+2.442	+2.419	+0.763	+2.150	+0.859	+2.199	-0.805	-0.795	-0.819	-0.967	-0.967	-0.851	-0.597	+0.437	-0.659	-0.659	-0.640	-0.967	-0.648	-0.722	-0.706	-0.392	-0.686	-0.246	-0.587	-0.934	-0.851	-0.581	-0.861	-0.862	-0.667	-0.847	-0.966	-0.989	-0.973	-0.984	-0.984	-0.985	-0.986	-0.858	-0.983	-0.986	-0.557	-0.555	-0.576	-0.916	-0.554	-0.983	-0.981	-0.983	-0.848	-0.983	-0.849	-0.981	-0.983	-0.983	-0.851	-0.984	-0.982	-0.985	-0.835	-0.983	-0.859	-0.560	-0.978	-0.982	-0.982	-0.982	-0.980	-0.980	-0.980	-0.979	-0.980	-0.976	-0.977	-0.980	-0.984	-0.977	-0.974	-0.756	-0.530	-0.975	-0.776	-0.982	-0.825	-0.818	-0.800	-0.796	-0.833	-1.001	-0.822	-0.857	-1.026	-0.830	-0.830	-0.830	+0.048	-1.008	-0.827	-0.814	-1.023	-1.058	-0.013	-0.807	-0.807	-0.807	-0.807	-0.808	-0.797	-0.806	
rs61621827     -0.943	-0.920	-0.934	-0.531	-0.764	-0.817	+2.018	+2.107	+2.041	+2.968	+3.008	+2.889	+2.893	+1.228	-0.980	+2.842	+2.716	+2.604	+2.524	+2.501	+0.834	+2.227	+0.929	+2.277	-0.784	-0.774	-0.797	-0.944	-0.944	-0.825	-0.573	+0.458	-0.639	-0.639	-0.620	-0.944	-0.628	-0.701	-0.678	-0.371	-0.659	-0.220	-0.567	-0.911	-0.832	-0.561	-0.841	-0.842	-0.646	-0.828	-0.944	-0.965	-0.951	-0.962	-0.961	-0.963	-0.964	-0.839	-0.961	-0.963	-0.536	-0.535	-0.556	-0.893	-0.534	-0.960	-0.958	-0.960	-0.829	-0.960	-0.829	-0.958	-0.960	-0.960	-0.832	-0.962	-0.959	-0.963	-0.816	-0.961	-0.836	-0.540	-0.956	-0.960	-0.960	-0.959	-0.957	-0.957	-0.957	-0.957	-0.957	-0.954	-0.954	-0.956	-0.961	-0.954	-0.951	-0.734	-0.510	-0.952	-0.755	-0.958	-0.803	-0.796	-0.778	-0.774	-0.812	-0.977	-0.801	-0.834	-1.002	-0.808	-0.808	-0.808	+0.079	-0.984	-0.806	-0.793	-1.000	-1.034	+0.019	-0.785	-0.785	-0.785	-0.786	-0.787	-0.776	-0.785	
rs12491393     -0.780	-0.764	-0.781	-0.764	-0.365	-0.507	+2.494	+2.588	+2.518	+3.502	+3.550	+3.417	+3.420	+1.443	-0.809	+3.356	+3.220	+3.114	+3.022	+2.995	+1.013	+2.675	+1.138	+2.731	-0.640	-0.630	-0.642	-0.790	-0.790	-0.682	-0.426	+0.588	-0.500	-0.500	-0.481	-0.791	-0.489	-0.561	-0.541	-0.238	-0.523	-0.076	-0.393	-0.765	-0.675	-0.386	-0.685	-0.686	-0.476	-0.671	-0.792	-0.811	-0.798	-0.809	-0.807	-0.810	-0.810	-0.682	-0.808	-0.810	-0.362	-0.360	-0.416	-0.748	-0.359	-0.807	-0.804	-0.807	-0.673	-0.807	-0.674	-0.804	-0.807	-0.807	-0.676	-0.808	-0.806	-0.810	-0.660	-0.808	-0.692	-0.366	-0.803	-0.807	-0.807	-0.806	-0.804	-0.804	-0.804	-0.804	-0.803	-0.801	-0.801	-0.803	-0.807	-0.802	-0.799	-0.589	-0.336	-0.805	-0.602	-0.805	-0.642	-0.633	-0.615	-0.611	-0.650	-0.823	-0.638	-0.676	-0.848	-0.647	-0.647	-0.646	+0.208	-0.831	-0.644	-0.630	-0.846	-0.882	+0.149	-0.623	-0.623	-0.622	-0.623	-0.624	-0.613	-0.622	
rs17049459     -0.835	-0.818	-0.835	-0.817	-0.507	-0.423	+2.388	+2.484	+2.411	+3.391	+3.438	+3.305	+3.309	+1.374	-0.866	+3.249	+3.111	+3.004	+2.913	+2.887	+0.950	+2.573	+1.068	+2.628	-0.692	-0.683	-0.696	-0.844	-0.844	-0.734	-0.478	+0.538	-0.550	-0.550	-0.532	-0.844	-0.540	-0.612	-0.592	-0.288	-0.573	-0.127	-0.450	-0.817	-0.730	-0.443	-0.740	-0.740	-0.533	-0.726	-0.845	-0.865	-0.852	-0.862	-0.860	-0.863	-0.864	-0.736	-0.861	-0.864	-0.419	-0.418	-0.467	-0.800	-0.416	-0.861	-0.857	-0.861	-0.728	-0.861	-0.728	-0.857	-0.861	-0.861	-0.730	-0.862	-0.860	-0.863	-0.715	-0.861	-0.744	-0.423	-0.857	-0.860	-0.860	-0.860	-0.858	-0.858	-0.858	-0.858	-0.856	-0.855	-0.855	-0.856	-0.860	-0.855	-0.852	-0.642	-0.393	-0.858	-0.656	-0.858	-0.696	-0.688	-0.670	-0.666	-0.705	-0.876	-0.693	-0.731	-0.902	-0.701	-0.701	-0.701	+0.157	-0.885	-0.699	-0.685	-0.899	-0.935	+0.098	-0.678	-0.677	-0.677	-0.678	-0.679	-0.668	-0.677	
rs1974763      +1.945	+2.031	+1.941	+2.018	+2.494	+2.388	+2.606	+2.633	+2.595	+3.305	+3.358	+3.232	+3.233	+2.393	+1.981	+3.182	+3.069	+2.976	+2.918	+2.901	+2.257	+2.728	+2.253	+2.760	+2.274	+2.289	+2.149	+1.976	+1.976	+2.079	+2.310	+3.752	+2.398	+2.398	+2.419	+1.979	+2.408	+2.315	+2.256	+2.739	+2.281	+2.714	+2.359	+2.021	+2.153	+2.367	+2.140	+2.139	+2.266	+2.138	+1.985	+1.926	+1.973	+1.959	+1.946	+1.957	+1.955	+2.125	+1.961	+1.957	+2.393	+2.395	+2.495	+2.043	+2.396	+1.963	+1.950	+1.963	+2.142	+1.963	+2.142	+1.950	+1.962	+1.967	+2.139	+1.960	+1.965	+1.959	+2.159	+1.963	+2.114	+2.388	+1.974	+1.965	+1.965	+1.965	+1.970	+1.970	+1.971	+1.971	+1.961	+1.978	+1.977	+1.957	+1.947	+1.975	+1.979	+2.239	+2.426	+1.990	+2.167	+1.878	+2.085	+2.091	+2.118	+2.122	+2.078	+1.867	+2.086	+2.068	+1.857	+2.081	+2.081	+2.081	+3.044	+1.871	+2.083	+2.094	+1.858	+1.835	+2.974	+2.106	+2.106	+2.106	+2.105	+2.104	+2.115	+2.106	
rs11713611     +2.032	+2.123	+2.029	+2.107	+2.588	+2.484	+2.633	+2.690	+2.676	+3.487	+3.489	+3.309	+3.304	+2.428	+2.109	+3.242	+3.110	+2.995	+2.933	+2.915	+2.300	+2.742	+2.298	+2.773	+2.349	+2.365	+2.249	+2.060	+2.061	+2.184	+2.416	+3.842	+2.488	+2.488	+2.509	+2.064	+2.498	+2.404	+2.365	+2.825	+2.388	+2.821	+2.442	+2.102	+2.231	+2.450	+2.218	+2.217	+2.351	+2.215	+2.068	+2.014	+2.058	+2.044	+2.033	+2.042	+2.041	+2.203	+2.046	+2.042	+2.477	+2.478	+2.594	+2.125	+2.480	+2.049	+2.037	+2.048	+2.219	+2.048	+2.219	+2.037	+2.048	+2.053	+2.216	+2.045	+2.051	+2.044	+2.236	+2.048	+2.195	+2.472	+2.059	+2.050	+2.050	+2.050	+2.055	+2.056	+2.056	+2.056	+2.047	+2.063	+2.062	+2.044	+2.033	+2.060	+2.064	+2.318	+2.509	+2.073	+2.244	+1.972	+2.174	+2.179	+2.207	+2.211	+2.167	+1.960	+2.175	+2.158	+1.948	+2.170	+2.170	+2.170	+3.138	+1.964	+2.172	+2.183	+1.949	+1.925	+3.069	+2.194	+2.194	+2.195	+2.194	+2.193	+2.203	+2.195	
rs11713745     +1.966	+2.057	+1.964	+2.041	+2.518	+2.411	+2.595	+2.676	+2.621	+3.539	+3.532	+3.345	+3.338	+2.379	+2.041	+3.258	+3.117	+2.984	+2.915	+2.897	+2.247	+2.709	+2.245	+2.742	+2.282	+2.297	+2.182	+1.994	+1.995	+2.116	+2.348	+3.767	+2.418	+2.418	+2.439	+1.998	+2.428	+2.335	+2.296	+2.753	+2.319	+2.752	+2.377	+2.035	+2.164	+2.385	+2.151	+2.150	+2.286	+2.148	+2.002	+1.948	+1.991	+1.978	+1.967	+1.976	+1.974	+2.135	+1.980	+1.976	+2.412	+2.413	+2.523	+2.058	+2.415	+1.982	+1.971	+1.982	+2.152	+1.981	+2.152	+1.971	+1.981	+1.986	+2.149	+1.979	+1.984	+1.978	+2.169	+1.982	+2.127	+2.407	+1.992	+1.983	+1.983	+1.984	+1.988	+1.989	+1.989	+1.989	+1.981	+1.996	+1.995	+1.978	+1.967	+1.993	+1.997	+2.250	+2.444	+2.007	+2.177	+1.907	+2.108	+2.114	+2.141	+2.146	+2.101	+1.895	+2.110	+2.092	+1.883	+2.104	+2.104	+2.104	+3.071	+1.899	+2.106	+2.117	+1.884	+1.860	+3.001	+2.129	+2.129	+2.129	+2.128	+2.128	+2.138	+2.129	
rs6778677      +2.879	+2.998	+2.874	+2.968	+3.502	+3.391	+3.305	+3.487	+3.539	+3.573	+3.605	+3.541	+3.540	+3.075	+3.027	+3.517	+3.476	+3.422	+3.399	+3.392	+2.998	+3.326	+3.015	+3.329	+3.214	+3.230	+3.108	+2.910	+2.911	+3.028	+3.251	+4.693	+3.330	+3.330	+3.351	+2.914	+3.340	+3.245	+3.210	+3.667	+3.233	+3.654	+3.289	+2.941	+3.080	+3.297	+3.067	+3.066	+3.197	+3.062	+2.916	+2.861	+2.906	+2.894	+2.883	+2.892	+2.890	+3.049	+2.895	+2.891	+3.324	+3.325	+3.437	+2.963	+3.327	+2.899	+2.887	+2.898	+3.067	+2.898	+3.067	+2.887	+2.898	+2.903	+3.064	+2.895	+2.901	+2.894	+3.084	+2.898	+3.033	+3.319	+2.910	+2.900	+2.900	+2.901	+2.906	+2.906	+2.906	+2.906	+2.897	+2.914	+2.912	+2.894	+2.883	+2.910	+2.915	+3.156	+3.356	+2.918	+3.076	+2.819	+3.021	+3.026	+3.055	+3.060	+3.014	+2.806	+3.022	+3.008	+2.794	+3.017	+3.017	+3.017	+3.985	+2.811	+3.019	+3.030	+2.795	+2.771	+3.912	+3.041	+3.041	+3.042	+3.041	+3.040	+3.050	+3.042	
rs13061909     +2.920	+3.039	+2.915	+3.008	+3.550	+3.438	+3.358	+3.489	+3.532	+3.605	+3.615	+3.590	+3.585	+3.104	+3.065	+3.563	+3.539	+3.467	+3.446	+3.440	+3.031	+3.379	+3.052	+3.376	+3.260	+3.276	+3.146	+2.952	+2.953	+3.057	+3.276	+4.713	+3.360	+3.360	+3.380	+2.956	+3.369	+3.276	+3.234	+3.694	+3.256	+3.673	+3.331	+2.976	+3.126	+3.339	+3.112	+3.111	+3.239	+3.107	+2.959	+2.902	+2.948	+2.936	+2.924	+2.934	+2.932	+3.094	+2.938	+2.933	+3.366	+3.367	+3.466	+2.999	+3.369	+2.941	+2.929	+2.941	+3.112	+2.940	+3.112	+2.928	+2.940	+2.946	+3.109	+2.938	+2.943	+2.937	+3.130	+2.941	+3.067	+3.361	+2.952	+2.943	+2.943	+2.943	+2.948	+2.948	+2.949	+2.949	+2.940	+2.956	+2.955	+2.936	+2.924	+2.953	+2.957	+3.203	+3.398	+2.963	+3.122	+2.857	+3.061	+3.066	+3.095	+3.100	+3.054	+2.844	+3.062	+3.049	+2.834	+3.057	+3.057	+3.057	+4.028	+2.850	+3.059	+3.070	+2.834	+2.811	+3.958	+3.082	+3.082	+3.082	+3.081	+3.080	+3.090	+3.082	
rs6777061      +2.801	+2.916	+2.797	+2.889	+3.417	+3.305	+3.232	+3.309	+3.345	+3.541	+3.590	+3.491	+3.521	+3.001	+2.939	+3.486	+3.446	+3.372	+3.347	+3.339	+2.924	+3.267	+2.941	+3.270	+3.137	+3.152	+3.027	+2.833	+2.833	+2.937	+3.156	+4.583	+3.237	+3.237	+3.257	+2.836	+3.246	+3.153	+3.112	+3.569	+3.134	+3.551	+3.213	+2.856	+3.006	+3.220	+2.992	+2.991	+3.120	+2.986	+2.839	+2.784	+2.828	+2.816	+2.805	+2.814	+2.812	+2.974	+2.818	+2.814	+3.247	+3.248	+3.342	+2.878	+3.250	+2.821	+2.809	+2.821	+2.991	+2.820	+2.991	+2.809	+2.820	+2.825	+2.988	+2.818	+2.823	+2.817	+3.009	+2.820	+2.946	+3.242	+2.832	+2.822	+2.822	+2.823	+2.828	+2.828	+2.828	+2.829	+2.820	+2.836	+2.835	+2.816	+2.805	+2.832	+2.837	+3.082	+3.279	+2.842	+3.003	+2.739	+2.943	+2.948	+2.976	+2.981	+2.936	+2.727	+2.944	+2.930	+2.715	+2.938	+2.938	+2.939	+3.907	+2.732	+2.941	+2.951	+2.716	+2.692	+3.837	+2.964	+2.964	+2.964	+2.963	+2.962	+2.972	+2.964	
rs67724427     +2.806	+2.921	+2.802	+2.893	+3.420	+3.309	+3.233	+3.304	+3.338	+3.540	+3.585	+3.521	+3.495	+3.005	+2.944	+3.490	+3.452	+3.377	+3.351	+3.344	+2.928	+3.273	+2.946	+3.275	+3.141	+3.157	+3.032	+2.838	+2.839	+2.942	+3.161	+4.586	+3.241	+3.241	+3.262	+2.841	+3.251	+3.158	+3.117	+3.573	+3.139	+3.556	+3.218	+2.861	+3.011	+3.225	+2.997	+2.996	+3.125	+2.992	+2.845	+2.789	+2.834	+2.821	+2.810	+2.819	+2.817	+2.979	+2.823	+2.819	+3.252	+3.253	+3.347	+2.883	+3.255	+2.826	+2.815	+2.826	+2.996	+2.825	+2.996	+2.814	+2.825	+2.830	+2.993	+2.823	+2.828	+2.822	+3.014	+2.826	+2.951	+3.247	+2.837	+2.828	+2.828	+2.828	+2.833	+2.833	+2.834	+2.834	+2.825	+2.841	+2.840	+2.821	+2.810	+2.837	+2.842	+3.087	+3.284	+2.848	+3.008	+2.744	+2.948	+2.953	+2.981	+2.986	+2.941	+2.732	+2.949	+2.935	+2.721	+2.943	+2.943	+2.944	+3.911	+2.737	+2.946	+2.956	+2.721	+2.698	+3.841	+2.969	+2.969	+2.969	+2.968	+2.967	+2.977	+2.969	
rs11916022     +1.181	+1.200	+1.149	+1.228	+1.443	+1.374	+2.393	+2.428	+2.379	+3.075	+3.104	+3.001	+3.005	+1.690	+1.184	+2.965	+2.861	+2.785	+2.725	+2.708	+1.437	+2.515	+1.474	+2.554	+1.378	+1.390	+1.357	+1.160	+1.160	+1.235	+1.594	+2.857	+1.563	+1.563	+1.584	+1.161	+1.574	+1.485	+1.372	+1.877	+1.390	+2.010	+1.813	+1.204	+1.407	+1.824	+1.392	+1.391	+1.672	+1.391	+1.153	+1.131	+1.145	+1.140	+1.140	+1.139	+1.138	+1.378	+1.144	+1.139	+1.857	+1.859	+1.660	+1.225	+1.861	+1.144	+1.143	+1.144	+1.398	+1.144	+1.398	+1.143	+1.144	+1.145	+1.395	+1.142	+1.145	+1.142	+1.416	+1.144	+1.292	+1.849	+1.150	+1.145	+1.145	+1.145	+1.148	+1.148	+1.149	+1.149	+1.147	+1.153	+1.152	+1.146	+1.139	+1.151	+1.154	+1.444	+1.890	+1.143	+1.502	+1.102	+1.388	+1.399	+1.408	+1.416	+1.373	+1.089	+1.391	+1.317	+1.078	+1.379	+1.379	+1.379	+2.158	+1.090	+1.384	+1.406	+1.078	+1.073	+2.094	+1.422	+1.422	+1.422	+1.420	+1.419	+1.437	+1.422	
rs151462       -1.010	-0.983	-1.004	-0.980	-0.809	-0.866	+1.981	+2.109	+2.041	+3.027	+3.065	+2.939	+2.944	+1.184	-0.602	+2.892	+2.757	+2.634	+2.547	+2.521	+0.773	+2.219	+0.839	+2.271	-0.843	-0.833	-0.864	-1.008	-1.007	-0.887	-0.640	+0.433	-0.691	-0.691	-0.672	-1.008	-0.680	-0.755	-0.736	-0.414	-0.716	-0.282	-0.640	-0.969	-0.891	-0.633	-0.901	-0.902	-0.717	-0.887	-1.002	-1.029	-1.009	-1.023	-1.025	-1.024	-1.025	-0.897	-1.022	-1.025	-0.610	-0.608	-0.605	-0.952	-0.607	-1.022	-1.022	-1.022	-0.889	-1.022	-0.889	-1.022	-1.022	-1.022	-0.891	-1.023	-1.021	-1.025	-0.876	-1.022	-0.894	-0.613	-1.017	-1.021	-1.021	-1.021	-1.019	-1.018	-1.018	-1.018	-1.020	-1.014	-1.015	-1.020	-1.024	-1.015	-1.012	-0.786	-0.583	-1.007	-0.820	-1.026	-0.872	-0.865	-0.846	-0.843	-0.880	-1.044	-0.869	-0.900	-1.069	-0.876	-0.876	-0.876	+0.019	-1.051	-0.874	-0.861	-1.067	-1.100	-0.042	-0.854	-0.854	-0.854	-0.855	-0.856	-0.845	-0.854	
rs56112390     +2.757	+2.868	+2.753	+2.842	+3.356	+3.249	+3.182	+3.242	+3.258	+3.517	+3.563	+3.486	+3.490	+2.965	+2.892	+3.444	+3.422	+3.343	+3.320	+3.313	+2.880	+3.244	+2.899	+3.244	+3.096	+3.112	+2.983	+2.790	+2.791	+2.894	+3.114	+4.551	+3.198	+3.199	+3.219	+2.794	+3.208	+3.115	+3.069	+3.532	+3.091	+3.508	+3.168	+2.814	+2.965	+3.175	+2.951	+2.950	+3.076	+2.946	+2.798	+2.740	+2.787	+2.774	+2.762	+2.772	+2.770	+2.933	+2.776	+2.771	+3.202	+3.203	+3.304	+2.836	+3.205	+2.779	+2.767	+2.778	+2.950	+2.778	+2.950	+2.766	+2.778	+2.783	+2.947	+2.775	+2.781	+2.774	+2.968	+2.778	+2.905	+3.197	+2.790	+2.780	+2.780	+2.780	+2.786	+2.786	+2.786	+2.787	+2.777	+2.794	+2.792	+2.774	+2.762	+2.790	+2.795	+3.042	+3.234	+2.801	+2.963	+2.695	+2.899	+2.904	+2.932	+2.937	+2.892	+2.682	+2.900	+2.886	+2.672	+2.894	+2.894	+2.895	+3.864	+2.688	+2.897	+2.907	+2.672	+2.649	+3.795	+2.920	+2.920	+2.920	+2.919	+2.918	+2.928	+2.920	
rs17297803     +2.630	+2.740	+2.627	+2.716	+3.220	+3.111	+3.069	+3.110	+3.117	+3.476	+3.539	+3.446	+3.452	+2.861	+2.757	+3.422	+3.313	+3.256	+3.224	+3.215	+2.768	+3.128	+2.784	+3.135	+2.966	+2.982	+2.856	+2.663	+2.664	+2.767	+2.987	+4.417	+3.069	+3.069	+3.089	+2.667	+3.079	+2.986	+2.941	+3.401	+2.963	+3.381	+3.042	+2.688	+2.837	+3.050	+2.824	+2.823	+2.950	+2.818	+2.670	+2.614	+2.659	+2.647	+2.635	+2.645	+2.643	+2.805	+2.648	+2.644	+3.077	+3.078	+3.174	+2.709	+3.080	+2.651	+2.640	+2.651	+2.822	+2.651	+2.822	+2.639	+2.650	+2.656	+2.819	+2.648	+2.653	+2.647	+2.840	+2.651	+2.777	+3.072	+2.662	+2.653	+2.653	+2.653	+2.658	+2.659	+2.659	+2.659	+2.650	+2.666	+2.665	+2.647	+2.636	+2.663	+2.667	+2.914	+3.109	+2.673	+2.836	+2.570	+2.773	+2.778	+2.807	+2.811	+2.766	+2.557	+2.774	+2.759	+2.546	+2.769	+2.769	+2.769	+3.738	+2.562	+2.771	+2.782	+2.547	+2.523	+3.668	+2.794	+2.794	+2.794	+2.793	+2.793	+2.803	+2.794	
rs35132423     +2.518	+2.625	+2.520	+2.604	+3.114	+3.004	+2.976	+2.995	+2.984	+3.422	+3.467	+3.372	+3.377	+2.785	+2.634	+3.343	+3.256	+3.199	+3.188	+3.177	+2.664	+3.074	+2.681	+3.074	+2.876	+2.892	+2.743	+2.561	+2.562	+2.639	+2.849	+4.349	+2.948	+2.948	+2.969	+2.565	+2.958	+2.866	+2.803	+3.276	+2.825	+3.227	+2.929	+2.575	+2.743	+2.937	+2.729	+2.728	+2.838	+2.724	+2.572	+2.509	+2.560	+2.546	+2.532	+2.543	+2.542	+2.711	+2.548	+2.543	+2.963	+2.964	+3.052	+2.596	+2.966	+2.550	+2.536	+2.550	+2.728	+2.549	+2.728	+2.536	+2.549	+2.555	+2.725	+2.547	+2.552	+2.546	+2.746	+2.550	+2.663	+2.958	+2.562	+2.552	+2.552	+2.552	+2.558	+2.558	+2.558	+2.559	+2.548	+2.566	+2.565	+2.544	+2.532	+2.562	+2.567	+2.795	+2.995	+2.559	+2.720	+2.462	+2.662	+2.667	+2.696	+2.700	+2.655	+2.449	+2.664	+2.649	+2.437	+2.658	+2.658	+2.658	+3.625	+2.455	+2.660	+2.671	+2.438	+2.414	+3.556	+2.683	+2.683	+2.683	+2.682	+2.682	+2.691	+2.683	
rs11715632     +2.439	+2.543	+2.442	+2.524	+3.022	+2.913	+2.918	+2.933	+2.915	+3.399	+3.446	+3.347	+3.351	+2.725	+2.547	+3.320	+3.224	+3.188	+3.117	+3.132	+2.593	+3.019	+2.610	+3.021	+2.797	+2.813	+2.664	+2.483	+2.483	+2.560	+2.770	+4.275	+2.870	+2.871	+2.891	+2.487	+2.880	+2.789	+2.724	+3.198	+2.745	+3.149	+2.851	+2.497	+2.666	+2.859	+2.651	+2.650	+2.760	+2.647	+2.494	+2.430	+2.481	+2.467	+2.454	+2.465	+2.463	+2.633	+2.469	+2.465	+2.885	+2.886	+2.974	+2.518	+2.888	+2.472	+2.458	+2.471	+2.650	+2.471	+2.650	+2.457	+2.471	+2.476	+2.647	+2.468	+2.474	+2.467	+2.668	+2.471	+2.586	+2.880	+2.484	+2.473	+2.474	+2.474	+2.479	+2.480	+2.480	+2.480	+2.469	+2.488	+2.486	+2.465	+2.454	+2.484	+2.489	+2.717	+2.917	+2.480	+2.642	+2.384	+2.584	+2.589	+2.617	+2.622	+2.577	+2.371	+2.585	+2.571	+2.359	+2.580	+2.580	+2.580	+3.549	+2.376	+2.582	+2.592	+2.360	+2.336	+3.480	+2.605	+2.605	+2.605	+2.604	+2.603	+2.613	+2.605	
rs11710913     +2.416	+2.520	+2.419	+2.501	+2.995	+2.887	+2.901	+2.915	+2.897	+3.392	+3.440	+3.339	+3.344	+2.708	+2.521	+3.313	+3.215	+3.177	+3.132	+3.093	+2.572	+3.002	+2.589	+3.005	+2.774	+2.790	+2.640	+2.460	+2.461	+2.537	+2.747	+4.254	+2.848	+2.848	+2.868	+2.464	+2.857	+2.766	+2.701	+3.176	+2.722	+3.126	+2.828	+2.475	+2.643	+2.836	+2.629	+2.628	+2.737	+2.624	+2.471	+2.407	+2.458	+2.444	+2.431	+2.442	+2.440	+2.611	+2.446	+2.442	+2.862	+2.864	+2.951	+2.495	+2.865	+2.449	+2.435	+2.448	+2.628	+2.448	+2.627	+2.435	+2.448	+2.453	+2.624	+2.445	+2.451	+2.444	+2.645	+2.448	+2.563	+2.857	+2.461	+2.451	+2.451	+2.451	+2.456	+2.457	+2.457	+2.457	+2.447	+2.465	+2.463	+2.442	+2.431	+2.461	+2.466	+2.695	+2.894	+2.457	+2.620	+2.361	+2.561	+2.566	+2.594	+2.599	+2.554	+2.348	+2.562	+2.548	+2.336	+2.557	+2.557	+2.557	+3.527	+2.354	+2.559	+2.570	+2.337	+2.313	+3.457	+2.582	+2.582	+2.582	+2.581	+2.580	+2.590	+2.582	
rs6777088      +0.795	+0.805	+0.763	+0.834	+1.013	+0.950	+2.257	+2.300	+2.247	+2.998	+3.031	+2.924	+2.928	+1.437	+0.773	+2.880	+2.768	+2.664	+2.593	+2.572	+1.275	+2.338	+1.226	+2.381	+0.992	+1.004	+0.960	+0.773	+0.773	+0.840	+1.175	+2.453	+1.154	+1.154	+1.174	+0.774	+1.165	+1.079	+0.970	+1.456	+0.987	+1.569	+1.386	+0.811	+1.012	+1.395	+0.998	+0.997	+1.253	+1.001	+0.769	+0.744	+0.760	+0.755	+0.753	+0.754	+0.753	+0.987	+0.759	+0.754	+1.427	+1.429	+1.247	+0.832	+1.431	+0.759	+0.757	+0.759	+1.007	+0.759	+1.007	+0.756	+0.758	+0.760	+1.003	+0.757	+0.760	+0.756	+1.024	+0.759	+0.896	+1.419	+0.765	+0.760	+0.760	+0.760	+0.763	+0.763	+0.763	+0.764	+0.761	+0.768	+0.767	+0.760	+0.753	+0.766	+0.769	+1.038	+1.459	+0.753	+1.085	+0.721	+0.988	+0.999	+1.010	+1.017	+0.974	+0.707	+0.992	+0.921	+0.693	+0.980	+0.980	+0.980	+1.764	+0.708	+0.984	+1.005	+0.694	+0.681	+1.699	+1.019	+1.019	+1.019	+1.018	+1.017	+1.034	+1.020	
rs13078112     +2.144	+2.239	+2.150	+2.227	+2.675	+2.573	+2.728	+2.742	+2.709	+3.326	+3.379	+3.267	+3.273	+2.515	+2.219	+3.244	+3.128	+3.074	+3.019	+3.002	+2.338	+2.808	+2.349	+2.855	+2.507	+2.523	+2.367	+2.191	+2.192	+2.262	+2.473	+3.987	+2.577	+2.577	+2.597	+2.195	+2.586	+2.495	+2.422	+2.903	+2.443	+2.847	+2.559	+2.205	+2.378	+2.566	+2.364	+2.363	+2.467	+2.360	+2.203	+2.138	+2.191	+2.176	+2.162	+2.174	+2.172	+2.347	+2.178	+2.174	+2.592	+2.594	+2.678	+2.226	+2.595	+2.180	+2.166	+2.180	+2.363	+2.180	+2.363	+2.165	+2.179	+2.185	+2.360	+2.177	+2.183	+2.176	+2.381	+2.180	+2.293	+2.587	+2.192	+2.182	+2.182	+2.182	+2.188	+2.188	+2.189	+2.189	+2.177	+2.196	+2.195	+2.173	+2.162	+2.192	+2.197	+2.426	+2.624	+2.187	+2.354	+2.092	+2.291	+2.296	+2.324	+2.328	+2.284	+2.079	+2.292	+2.276	+2.067	+2.287	+2.287	+2.287	+3.248	+2.084	+2.289	+2.300	+2.067	+2.043	+3.179	+2.312	+2.312	+2.312	+2.311	+2.310	+2.320	+2.312	
rs6777678      +0.883	+0.901	+0.859	+0.929	+1.138	+1.068	+2.253	+2.298	+2.245	+3.015	+3.052	+2.941	+2.946	+1.474	+0.839	+2.899	+2.784	+2.681	+2.610	+2.589	+1.226	+2.349	+1.386	+2.391	+1.121	+1.134	+1.061	+0.875	+0.875	+0.919	+1.199	+2.526	+1.217	+1.217	+1.236	+0.877	+1.227	+1.146	+1.045	+1.515	+1.061	+1.571	+1.411	+0.886	+1.108	+1.420	+1.094	+1.092	+1.291	+1.093	+0.875	+0.839	+0.865	+0.858	+0.852	+0.856	+0.855	+1.079	+0.862	+0.856	+1.449	+1.450	+1.312	+0.906	+1.452	+0.862	+0.856	+0.861	+1.097	+0.861	+1.097	+0.856	+0.861	+0.863	+1.094	+0.859	+0.863	+0.859	+1.115	+0.861	+0.965	+1.442	+0.869	+0.863	+0.863	+0.863	+0.866	+0.867	+0.867	+0.867	+0.862	+0.872	+0.871	+0.860	+0.852	+0.870	+0.873	+1.107	+1.479	+0.832	+1.165	+0.805	+1.050	+1.059	+1.070	+1.076	+1.038	+0.794	+1.053	+0.998	+0.784	+1.043	+1.043	+1.043	+1.834	+0.795	+1.047	+1.065	+0.785	+0.774	+1.771	+1.079	+1.079	+1.079	+1.078	+1.077	+1.092	+1.079	
rs13060135     +2.193	+2.289	+2.199	+2.277	+2.731	+2.628	+2.760	+2.773	+2.742	+3.329	+3.376	+3.270	+3.275	+2.554	+2.271	+3.244	+3.135	+3.074	+3.021	+3.005	+2.381	+2.855	+2.391	+2.860	+2.557	+2.573	+2.417	+2.240	+2.241	+2.310	+2.521	+4.036	+2.624	+2.625	+2.645	+2.244	+2.634	+2.543	+2.471	+2.951	+2.492	+2.895	+2.608	+2.253	+2.427	+2.616	+2.413	+2.411	+2.517	+2.408	+2.252	+2.187	+2.239	+2.225	+2.211	+2.223	+2.221	+2.395	+2.227	+2.223	+2.642	+2.643	+2.726	+2.274	+2.645	+2.229	+2.215	+2.229	+2.412	+2.228	+2.412	+2.214	+2.228	+2.234	+2.408	+2.226	+2.231	+2.225	+2.430	+2.229	+2.341	+2.637	+2.241	+2.231	+2.231	+2.231	+2.237	+2.237	+2.237	+2.238	+2.226	+2.245	+2.244	+2.222	+2.211	+2.241	+2.246	+2.474	+2.674	+2.235	+2.402	+2.141	+2.340	+2.346	+2.373	+2.377	+2.333	+2.128	+2.342	+2.326	+2.116	+2.336	+2.336	+2.336	+3.298	+2.133	+2.338	+2.349	+2.116	+2.092	+3.229	+2.361	+2.361	+2.361	+2.360	+2.359	+2.369	+2.361	
rs75775        -0.809	-0.788	-0.805	-0.784	-0.640	-0.692	+2.274	+2.349	+2.282	+3.214	+3.260	+3.137	+3.141	+1.378	-0.843	+3.096	+2.966	+2.876	+2.797	+2.774	+0.992	+2.507	+1.121	+2.557	-0.388	-0.496	-0.672	-0.599	-0.601	-0.634	-0.305	+0.528	-0.583	-0.583	-0.565	-0.621	-0.573	-0.639	-0.470	-0.330	-0.447	+0.088	-0.394	-0.813	-0.727	-0.387	-0.734	-0.735	-0.481	-0.731	-0.757	-0.658	-0.758	-0.726	-0.645	-0.725	-0.724	-0.739	-0.731	-0.727	-0.360	-0.359	-0.504	-0.799	-0.357	-0.742	-0.670	-0.742	-0.736	-0.742	-0.736	-0.670	-0.742	-0.742	-0.738	-0.741	-0.744	-0.744	-0.727	-0.745	-0.751	-0.365	-0.750	-0.744	-0.744	-0.745	-0.747	-0.747	-0.748	-0.748	-0.689	-0.751	-0.750	-0.682	-0.652	-0.749	-0.750	-0.668	-0.331	-0.843	-0.688	-0.630	-0.651	-0.642	-0.624	-0.620	-0.661	-0.696	-0.648	-0.693	-0.758	-0.657	-0.657	-0.656	+0.300	-0.730	-0.654	-0.638	-0.751	-0.846	+0.236	-0.631	-0.631	-0.631	-0.632	-0.633	-0.620	-0.630	
rs237924       -0.799	-0.778	-0.795	-0.774	-0.630	-0.683	+2.289	+2.365	+2.297	+3.230	+3.276	+3.152	+3.157	+1.390	-0.833	+3.112	+2.982	+2.892	+2.813	+2.790	+1.004	+2.523	+1.134	+2.573	-0.496	-0.377	-0.663	-0.581	-0.583	-0.623	-0.291	+0.524	-0.578	-0.578	-0.561	-0.604	-0.568	-0.634	-0.457	-0.328	-0.435	+0.103	-0.383	-0.805	-0.721	-0.375	-0.728	-0.728	-0.470	-0.725	-0.746	-0.642	-0.746	-0.713	-0.628	-0.712	-0.711	-0.733	-0.719	-0.713	-0.349	-0.348	-0.499	-0.791	-0.346	-0.729	-0.655	-0.730	-0.730	-0.729	-0.730	-0.654	-0.729	-0.730	-0.732	-0.728	-0.732	-0.731	-0.721	-0.732	-0.743	-0.354	-0.738	-0.732	-0.732	-0.732	-0.735	-0.735	-0.736	-0.736	-0.675	-0.739	-0.738	-0.668	-0.636	-0.737	-0.739	-0.662	-0.320	-0.835	-0.682	-0.614	-0.641	-0.632	-0.614	-0.609	-0.650	-0.681	-0.637	-0.683	-0.745	-0.646	-0.646	-0.646	+0.314	-0.716	-0.643	-0.628	-0.737	-0.835	+0.249	-0.620	-0.620	-0.620	-0.621	-0.622	-0.610	-0.620	
rs78988587     -0.825	-0.801	-0.819	-0.797	-0.642	-0.696	+2.149	+2.249	+2.182	+3.108	+3.146	+3.027	+3.032	+1.357	-0.864	+2.983	+2.856	+2.743	+2.664	+2.640	+0.960	+2.367	+1.061	+2.417	-0.672	-0.663	-0.400	-0.824	-0.824	-0.718	-0.473	+0.567	-0.538	-0.538	-0.519	-0.825	-0.527	-0.600	-0.575	-0.271	-0.556	-0.122	-0.449	-0.753	-0.719	-0.442	-0.729	-0.729	-0.528	-0.717	-0.828	-0.846	-0.835	-0.844	-0.842	-0.845	-0.846	-0.727	-0.843	-0.846	-0.418	-0.417	-0.456	-0.733	-0.415	-0.842	-0.839	-0.843	-0.718	-0.843	-0.718	-0.839	-0.843	-0.843	-0.720	-0.844	-0.842	-0.845	-0.705	-0.843	-0.668	-0.422	-0.839	-0.842	-0.842	-0.842	-0.840	-0.840	-0.840	-0.840	-0.838	-0.837	-0.837	-0.838	-0.842	-0.837	-0.834	-0.632	-0.392	-0.841	-0.654	-0.827	-0.686	-0.679	-0.660	-0.657	-0.694	-0.848	-0.683	-0.715	-0.877	-0.691	-0.691	-0.691	+0.188	-0.857	-0.688	-0.676	-0.874	-0.910	+0.128	-0.669	-0.669	-0.668	-0.669	-0.670	-0.659	-0.668	
rs378801       -0.971	-0.948	-0.967	-0.944	-0.790	-0.844	+1.976	+2.060	+1.994	+2.910	+2.952	+2.833	+2.838	+1.160	-1.008	+2.790	+2.663	+2.561	+2.483	+2.460	+0.773	+2.191	+0.875	+2.240	-0.599	-0.581	-0.824	-0.561	-0.691	-0.833	-0.546	+1.011	-0.556	-0.556	-0.533	-0.694	-0.543	-0.632	-0.680	-0.214	-0.659	-0.173	-0.586	-0.901	-0.625	-0.579	-0.645	-0.647	-0.666	-0.655	-0.802	-0.821	-0.822	-0.820	-0.785	-0.822	-0.824	-0.673	-0.820	-0.823	-0.554	-0.553	-0.483	-0.889	-0.551	-0.839	-0.808	-0.839	-0.686	-0.840	-0.686	-0.808	-0.840	-0.841	-0.690	-0.842	-0.839	-0.844	-0.666	-0.841	-0.827	-0.558	-0.833	-0.839	-0.839	-0.839	-0.836	-0.836	-0.835	-0.835	-0.811	-0.830	-0.831	-0.811	-0.790	-0.833	-0.829	-0.680	-0.527	-0.926	-0.709	-0.865	-0.826	-0.818	-0.800	-0.797	-0.834	-0.908	-0.823	-0.859	-0.950	-0.831	-0.831	-0.831	+0.069	-0.929	-0.828	-0.815	-0.946	-1.016	+0.007	-0.808	-0.808	-0.807	-0.808	-0.809	-0.798	-0.807	
rs406257       -0.971	-0.947	-0.967	-0.944	-0.790	-0.844	+1.976	+2.061	+1.995	+2.911	+2.953	+2.833	+2.839	+1.160	-1.007	+2.791	+2.664	+2.562	+2.483	+2.461	+0.773	+2.192	+0.875	+2.241	-0.601	-0.583	-0.824	-0.691	-0.561	-0.832	-0.545	+1.006	-0.558	-0.558	-0.535	-0.694	-0.544	-0.633	-0.680	-0.216	-0.659	-0.171	-0.586	-0.902	-0.627	-0.579	-0.647	-0.649	-0.666	-0.657	-0.803	-0.821	-0.822	-0.821	-0.784	-0.822	-0.824	-0.675	-0.821	-0.823	-0.554	-0.553	-0.485	-0.890	-0.551	-0.840	-0.808	-0.840	-0.688	-0.840	-0.688	-0.808	-0.840	-0.842	-0.692	-0.842	-0.839	-0.844	-0.668	-0.842	-0.828	-0.558	-0.833	-0.840	-0.840	-0.840	-0.836	-0.836	-0.836	-0.836	-0.811	-0.830	-0.831	-0.810	-0.790	-0.834	-0.829	-0.681	-0.527	-0.927	-0.710	-0.864	-0.826	-0.818	-0.800	-0.796	-0.834	-0.907	-0.823	-0.859	-0.950	-0.831	-0.831	-0.830	+0.069	-0.928	-0.828	-0.814	-0.945	-1.015	+0.008	-0.807	-0.807	-0.807	-0.808	-0.809	-0.798	-0.807	
rs6443207      -0.852	-0.830	-0.851	-0.825	-0.682	-0.734	+2.079	+2.184	+2.116	+3.028	+3.057	+2.937	+2.942	+1.235	-0.887	+2.894	+2.767	+2.639	+2.560	+2.537	+0.840	+2.262	+0.919	+2.310	-0.634	-0.623	-0.718	-0.833	-0.832	-0.436	-0.442	+0.435	-0.622	-0.622	-0.604	-0.830	-0.612	-0.680	-0.486	-0.372	-0.452	-0.013	-0.428	-0.855	-0.623	-0.421	-0.637	-0.638	-0.516	-0.658	-0.834	-0.863	-0.841	-0.855	-0.853	-0.856	-0.858	-0.671	-0.853	-0.857	-0.395	-0.394	-0.546	-0.843	-0.392	-0.855	-0.852	-0.855	-0.664	-0.855	-0.664	-0.852	-0.855	-0.856	-0.667	-0.857	-0.854	-0.858	-0.648	-0.855	-0.799	-0.400	-0.848	-0.854	-0.854	-0.854	-0.851	-0.850	-0.850	-0.850	-0.847	-0.845	-0.846	-0.848	-0.853	-0.847	-0.843	-0.714	-0.365	-0.886	-0.733	-0.856	-0.712	-0.704	-0.687	-0.683	-0.720	-0.876	-0.709	-0.744	-0.906	-0.717	-0.717	-0.716	+0.094	-0.883	-0.714	-0.701	-0.903	-0.941	+0.030	-0.692	-0.692	-0.692	-0.693	-0.693	-0.683	-0.692	
rs6791619      -0.594	-0.576	-0.597	-0.573	-0.426	-0.478	+2.310	+2.416	+2.348	+3.251	+3.276	+3.156	+3.161	+1.594	-0.640	+3.114	+2.987	+2.849	+2.770	+2.747	+1.175	+2.473	+1.199	+2.521	-0.305	-0.291	-0.473	-0.546	-0.545	-0.442	-0.169	+0.465	-0.501	-0.501	-0.489	-0.541	-0.495	-0.539	-0.467	-0.304	-0.460	-0.004	-0.340	-0.626	-0.459	-0.336	-0.470	-0.471	-0.389	-0.486	-0.540	-0.588	-0.548	-0.570	-0.571	-0.572	-0.574	-0.496	-0.570	-0.572	-0.320	-0.319	-0.447	-0.623	-0.318	-0.572	-0.572	-0.572	-0.492	-0.573	-0.492	-0.573	-0.573	-0.575	-0.494	-0.575	-0.571	-0.576	-0.479	-0.573	-0.605	-0.323	-0.562	-0.571	-0.571	-0.571	-0.566	-0.566	-0.566	-0.565	-0.562	-0.559	-0.560	-0.566	-0.570	-0.562	-0.557	-0.555	-0.301	-0.655	-0.568	-0.620	-0.479	-0.479	-0.461	-0.461	-0.479	-0.636	-0.479	-0.443	-0.661	-0.479	-0.479	-0.479	+0.136	-0.641	-0.479	-0.478	-0.659	-0.654	+0.084	-0.474	-0.474	-0.474	-0.474	-0.474	-0.471	-0.474	
rs237858       +0.452	+0.456	+0.437	+0.458	+0.588	+0.538	+3.752	+3.842	+3.767	+4.693	+4.713	+4.583	+4.586	+2.857	+0.433	+4.551	+4.417	+4.349	+4.275	+4.254	+2.453	+3.987	+2.526	+4.036	+0.528	+0.524	+0.567	+1.011	+1.006	+0.435	+0.465	+0.913	+0.873	+0.872	+0.835	+0.981	+0.847	+0.973	+0.481	+0.673	+0.489	+0.623	+0.647	+0.808	+0.658	+0.651	+0.668	+0.669	+0.614	+0.684	+0.733	+0.903	+0.727	+0.860	+0.923	+0.864	+0.869	+0.691	+0.858	+0.859	+0.663	+0.664	+0.588	+0.705	+0.665	+0.820	+0.883	+0.819	+0.642	+0.820	+0.642	+0.884	+0.820	+0.831	+0.644	+0.826	+0.808	+0.815	+0.621	+0.809	+0.608	+0.661	+0.781	+0.810	+0.810	+0.809	+0.795	+0.794	+0.793	+0.793	+0.837	+0.774	+0.779	+0.855	+0.905	+0.781	+0.769	+0.688	+0.681	+0.879	+0.516	+0.920	+0.541	+0.542	+0.563	+0.564	+0.539	+0.813	+0.541	+0.567	+0.689	+0.540	+0.540	+0.540	+0.972	+0.752	+0.540	+0.543	+0.702	+0.763	+0.931	+0.548	+0.548	+0.548	+0.548	+0.548	+0.552	+0.548	
rs237857       -0.654	-0.642	-0.659	-0.639	-0.500	-0.550	+2.398	+2.488	+2.418	+3.330	+3.360	+3.237	+3.241	+1.563	-0.691	+3.198	+3.069	+2.948	+2.870	+2.848	+1.154	+2.577	+1.217	+2.624	-0.583	-0.578	-0.538	-0.556	-0.558	-0.622	-0.501	+0.873	-0.241	-0.353	-0.346	-0.566	-0.355	-0.376	-0.550	-0.119	-0.538	-0.221	-0.375	-0.553	-0.637	-0.370	-0.640	-0.640	-0.433	-0.638	-0.642	-0.579	-0.644	-0.613	-0.576	-0.612	-0.611	-0.642	-0.615	-0.613	-0.351	-0.350	-0.404	-0.585	-0.349	-0.617	-0.580	-0.617	-0.641	-0.617	-0.641	-0.580	-0.617	-0.615	-0.642	-0.615	-0.620	-0.619	-0.637	-0.620	-0.602	-0.354	-0.627	-0.619	-0.619	-0.620	-0.623	-0.623	-0.623	-0.624	-0.595	-0.628	-0.627	-0.589	-0.580	-0.624	-0.627	-0.561	-0.328	-0.573	-0.596	-0.353	-0.551	-0.548	-0.529	-0.527	-0.555	-0.425	-0.550	-0.544	-0.519	-0.553	-0.553	-0.553	+0.135	-0.464	-0.552	-0.546	-0.509	-0.471	+0.082	-0.541	-0.541	-0.541	-0.541	-0.542	-0.535	-0.541	
rs237856       -0.654	-0.642	-0.659	-0.639	-0.500	-0.550	+2.398	+2.488	+2.418	+3.330	+3.360	+3.237	+3.241	+1.563	-0.691	+3.199	+3.069	+2.948	+2.871	+2.848	+1.154	+2.577	+1.217	+2.625	-0.583	-0.578	-0.538	-0.556	-0.558	-0.622	-0.501	+0.872	-0.353	-0.241	-0.346	-0.566	-0.355	-0.376	-0.550	-0.119	-0.538	-0.221	-0.375	-0.553	-0.637	-0.370	-0.640	-0.640	-0.433	-0.638	-0.642	-0.578	-0.644	-0.613	-0.576	-0.612	-0.611	-0.642	-0.615	-0.613	-0.351	-0.350	-0.404	-0.585	-0.349	-0.617	-0.580	-0.617	-0.641	-0.617	-0.641	-0.580	-0.617	-0.615	-0.642	-0.615	-0.620	-0.619	-0.637	-0.620	-0.602	-0.354	-0.627	-0.619	-0.619	-0.619	-0.623	-0.623	-0.623	-0.623	-0.595	-0.628	-0.627	-0.589	-0.580	-0.624	-0.627	-0.561	-0.328	-0.573	-0.596	-0.353	-0.551	-0.548	-0.529	-0.527	-0.555	-0.425	-0.550	-0.544	-0.519	-0.553	-0.553	-0.553	+0.135	-0.464	-0.552	-0.546	-0.509	-0.471	+0.082	-0.541	-0.541	-0.541	-0.541	-0.541	-0.535	-0.541	
rs237855       -0.634	-0.623	-0.640	-0.620	-0.481	-0.532	+2.419	+2.509	+2.439	+3.351	+3.380	+3.257	+3.262	+1.584	-0.672	+3.219	+3.089	+2.969	+2.891	+2.868	+1.174	+2.597	+1.236	+2.645	-0.565	-0.561	-0.519	-0.533	-0.535	-0.604	-0.489	+0.835	-0.346	-0.346	-0.221	-0.543	-0.337	-0.322	-0.535	-0.139	-0.524	-0.214	-0.358	-0.526	-0.619	-0.353	-0.622	-0.622	-0.416	-0.621	-0.622	-0.555	-0.623	-0.591	-0.553	-0.590	-0.588	-0.625	-0.593	-0.591	-0.334	-0.333	-0.398	-0.563	-0.332	-0.595	-0.557	-0.595	-0.624	-0.595	-0.624	-0.557	-0.595	-0.593	-0.625	-0.593	-0.598	-0.597	-0.620	-0.598	-0.581	-0.337	-0.605	-0.597	-0.597	-0.598	-0.601	-0.601	-0.602	-0.602	-0.573	-0.606	-0.605	-0.566	-0.557	-0.603	-0.605	-0.546	-0.311	-0.547	-0.581	-0.325	-0.533	-0.530	-0.510	-0.509	-0.536	-0.398	-0.531	-0.524	-0.494	-0.535	-0.535	-0.535	+0.148	-0.438	-0.534	-0.528	-0.484	-0.443	+0.095	-0.522	-0.522	-0.522	-0.523	-0.523	-0.517	-0.522	
rs237854       -0.971	-0.948	-0.967	-0.944	-0.791	-0.844	+1.979	+2.064	+1.998	+2.914	+2.956	+2.836	+2.841	+1.161	-1.008	+2.794	+2.667	+2.565	+2.487	+2.464	+0.774	+2.195	+0.877	+2.244	-0.621	-0.604	-0.825	-0.694	-0.694	-0.830	-0.541	+0.981	-0.566	-0.566	-0.543	-0.562	-0.552	-0.640	-0.677	-0.227	-0.656	-0.166	-0.585	-0.905	-0.638	-0.578	-0.657	-0.659	-0.665	-0.666	-0.807	-0.816	-0.826	-0.822	-0.779	-0.824	-0.825	-0.684	-0.822	-0.825	-0.553	-0.552	-0.492	-0.893	-0.550	-0.841	-0.804	-0.841	-0.696	-0.841	-0.696	-0.804	-0.841	-0.842	-0.700	-0.843	-0.840	-0.845	-0.676	-0.843	-0.832	-0.557	-0.835	-0.841	-0.841	-0.841	-0.838	-0.838	-0.837	-0.837	-0.808	-0.832	-0.833	-0.807	-0.785	-0.835	-0.831	-0.687	-0.526	-0.930	-0.716	-0.857	-0.826	-0.818	-0.800	-0.796	-0.834	-0.901	-0.822	-0.859	-0.946	-0.831	-0.831	-0.830	+0.072	-0.924	-0.828	-0.814	-0.941	-1.014	+0.010	-0.807	-0.807	-0.807	-0.808	-0.809	-0.797	-0.807	
rs237853       -0.643	-0.631	-0.648	-0.628	-0.489	-0.540	+2.408	+2.498	+2.428	+3.340	+3.369	+3.246	+3.251	+1.574	-0.680	+3.208	+3.079	+2.958	+2.880	+2.857	+1.165	+2.586	+1.227	+2.634	-0.573	-0.568	-0.527	-0.543	-0.544	-0.612	-0.495	+0.847	-0.355	-0.355	-0.337	-0.552	-0.230	-0.335	-0.542	-0.131	-0.530	-0.218	-0.366	-0.537	-0.627	-0.360	-0.630	-0.630	-0.423	-0.628	-0.630	-0.565	-0.632	-0.600	-0.562	-0.599	-0.597	-0.632	-0.602	-0.600	-0.342	-0.341	-0.400	-0.572	-0.339	-0.604	-0.566	-0.604	-0.631	-0.604	-0.631	-0.566	-0.603	-0.602	-0.632	-0.602	-0.607	-0.606	-0.627	-0.607	-0.589	-0.345	-0.614	-0.606	-0.606	-0.606	-0.610	-0.610	-0.610	-0.611	-0.582	-0.615	-0.614	-0.575	-0.566	-0.612	-0.614	-0.552	-0.318	-0.557	-0.587	-0.336	-0.541	-0.537	-0.518	-0.516	-0.544	-0.409	-0.539	-0.533	-0.504	-0.543	-0.543	-0.542	+0.142	-0.449	-0.542	-0.536	-0.494	-0.454	+0.089	-0.530	-0.530	-0.530	-0.531	-0.531	-0.525	-0.530	
rs237852       -0.717	-0.705	-0.722	-0.701	-0.561	-0.612	+2.315	+2.404	+2.335	+3.245	+3.276	+3.153	+3.158	+1.485	-0.755	+3.115	+2.986	+2.866	+2.789	+2.766	+1.079	+2.495	+1.146	+2.543	-0.639	-0.634	-0.600	-0.632	-0.633	-0.680	-0.539	+0.973	-0.376	-0.376	-0.322	-0.640	-0.335	-0.307	-0.599	-0.039	-0.586	-0.243	-0.431	-0.633	-0.693	-0.426	-0.697	-0.698	-0.491	-0.694	-0.710	-0.652	-0.712	-0.685	-0.651	-0.684	-0.683	-0.699	-0.687	-0.685	-0.406	-0.405	-0.408	-0.659	-0.404	-0.688	-0.654	-0.688	-0.697	-0.688	-0.697	-0.654	-0.688	-0.686	-0.698	-0.687	-0.691	-0.690	-0.692	-0.691	-0.663	-0.410	-0.697	-0.690	-0.690	-0.691	-0.693	-0.694	-0.694	-0.694	-0.668	-0.698	-0.697	-0.662	-0.654	-0.695	-0.696	-0.609	-0.382	-0.655	-0.644	-0.446	-0.612	-0.609	-0.590	-0.588	-0.616	-0.514	-0.611	-0.609	-0.602	-0.615	-0.615	-0.615	+0.093	-0.550	-0.613	-0.607	-0.593	-0.566	+0.039	-0.601	-0.601	-0.601	-0.601	-0.602	-0.595	-0.601	
rs9844525      -0.705	-0.685	-0.706	-0.678	-0.541	-0.592	+2.256	+2.365	+2.296	+3.210	+3.234	+3.112	+3.117	+1.372	-0.736	+3.069	+2.941	+2.803	+2.724	+2.701	+0.970	+2.422	+1.045	+2.471	-0.470	-0.457	-0.575	-0.680	-0.680	-0.486	-0.467	+0.481	-0.550	-0.550	-0.535	-0.677	-0.542	-0.599	-0.280	-0.324	-0.387	-0.058	-0.261	-0.732	-0.438	-0.253	-0.453	-0.454	-0.353	-0.488	-0.682	-0.714	-0.689	-0.704	-0.701	-0.706	-0.707	-0.502	-0.702	-0.706	-0.227	-0.225	-0.482	-0.723	-0.224	-0.704	-0.701	-0.704	-0.495	-0.704	-0.495	-0.701	-0.705	-0.706	-0.498	-0.706	-0.703	-0.707	-0.478	-0.704	-0.688	-0.232	-0.697	-0.703	-0.703	-0.703	-0.700	-0.699	-0.699	-0.699	-0.693	-0.694	-0.695	-0.696	-0.701	-0.696	-0.692	-0.618	-0.195	-0.752	-0.624	-0.698	-0.536	-0.526	-0.509	-0.503	-0.546	-0.718	-0.532	-0.584	-0.752	-0.542	-0.542	-0.542	+0.110	-0.726	-0.539	-0.522	-0.749	-0.798	+0.052	-0.510	-0.510	-0.510	-0.511	-0.512	-0.499	-0.510	
rs237851       -0.382	-0.374	-0.392	-0.371	-0.238	-0.288	+2.739	+2.825	+2.753	+3.667	+3.694	+3.569	+3.573	+1.877	-0.414	+3.532	+3.401	+3.276	+3.198	+3.176	+1.456	+2.903	+1.515	+2.951	-0.330	-0.328	-0.271	-0.214	-0.216	-0.372	-0.304	+0.673	-0.119	-0.119	-0.139	-0.227	-0.131	-0.039	-0.324	+0.039	-0.317	-0.091	-0.133	-0.202	-0.371	-0.129	-0.371	-0.371	-0.184	-0.372	-0.336	-0.242	-0.337	-0.286	-0.239	-0.285	-0.283	-0.373	-0.289	-0.286	-0.112	-0.111	-0.253	-0.261	-0.110	-0.295	-0.248	-0.295	-0.377	-0.295	-0.377	-0.247	-0.295	-0.292	-0.378	-0.292	-0.300	-0.297	-0.379	-0.299	-0.315	-0.115	-0.311	-0.299	-0.299	-0.299	-0.305	-0.306	-0.306	-0.306	-0.270	-0.314	-0.312	-0.260	-0.245	-0.309	-0.313	-0.242	-0.089	-0.117	-0.354	+0.090	-0.283	-0.279	-0.258	-0.255	-0.287	-0.008	-0.282	-0.283	-0.134	-0.286	-0.286	-0.286	+0.322	-0.063	-0.284	-0.277	-0.121	-0.125	+0.273	-0.271	-0.271	-0.271	-0.271	-0.272	-0.264	-0.271	
rs3864085      -0.685	-0.665	-0.686	-0.659	-0.523	-0.573	+2.281	+2.388	+2.319	+3.233	+3.256	+3.134	+3.139	+1.390	-0.716	+3.091	+2.963	+2.825	+2.745	+2.722	+0.987	+2.443	+1.061	+2.492	-0.447	-0.435	-0.556	-0.659	-0.659	-0.452	-0.460	+0.489	-0.538	-0.538	-0.524	-0.656	-0.530	-0.586	-0.387	-0.317	-0.259	-0.069	-0.237	-0.714	-0.413	-0.230	-0.428	-0.429	-0.331	-0.465	-0.662	-0.694	-0.669	-0.684	-0.681	-0.685	-0.687	-0.479	-0.681	-0.686	-0.203	-0.202	-0.471	-0.707	-0.200	-0.684	-0.680	-0.684	-0.472	-0.684	-0.472	-0.681	-0.684	-0.686	-0.475	-0.686	-0.683	-0.687	-0.455	-0.684	-0.672	-0.208	-0.676	-0.683	-0.683	-0.683	-0.679	-0.679	-0.679	-0.679	-0.673	-0.673	-0.674	-0.676	-0.681	-0.676	-0.671	-0.603	-0.172	-0.734	-0.609	-0.677	-0.515	-0.505	-0.487	-0.482	-0.525	-0.698	-0.511	-0.564	-0.732	-0.521	-0.521	-0.521	+0.113	-0.706	-0.518	-0.501	-0.729	-0.778	+0.056	-0.489	-0.489	-0.489	-0.490	-0.491	-0.477	-0.488	
rs3901927      -0.238	-0.223	-0.246	-0.220	-0.076	-0.127	+2.714	+2.821	+2.752	+3.654	+3.673	+3.551	+3.556	+2.010	-0.282	+3.508	+3.381	+3.227	+3.149	+3.126	+1.569	+2.847	+1.571	+2.895	+0.088	+0.103	-0.122	-0.173	-0.171	-0.013	-0.004	+0.623	-0.221	-0.221	-0.214	-0.166	-0.218	-0.243	-0.058	-0.091	-0.069	+0.206	-0.014	-0.278	-0.091	-0.010	-0.102	-0.103	-0.054	-0.131	-0.172	-0.222	-0.179	-0.203	-0.199	-0.206	-0.207	-0.142	-0.204	-0.206	+0.003	+0.004	-0.186	-0.280	+0.004	-0.206	-0.201	-0.206	-0.139	-0.207	-0.139	-0.202	-0.207	-0.210	-0.141	-0.210	-0.204	-0.210	-0.126	-0.206	-0.278	+0.000	-0.195	-0.205	-0.205	-0.204	-0.199	-0.199	-0.199	-0.198	-0.188	-0.191	-0.192	-0.193	-0.199	-0.195	-0.189	-0.255	+0.019	-0.299	-0.260	-0.258	-0.137	-0.136	-0.116	-0.115	-0.139	-0.274	-0.137	-0.113	-0.304	-0.138	-0.138	-0.138	+0.346	-0.280	-0.138	-0.135	-0.301	-0.304	+0.301	-0.130	-0.130	-0.130	-0.130	-0.130	-0.126	-0.130	
rs2241326      -0.589	-0.568	-0.587	-0.567	-0.393	-0.450	+2.359	+2.442	+2.377	+3.289	+3.331	+3.213	+3.218	+1.813	-0.640	+3.168	+3.042	+2.929	+2.851	+2.828	+1.386	+2.559	+1.411	+2.608	-0.394	-0.383	-0.449	-0.586	-0.586	-0.428	-0.340	+0.647	-0.375	-0.375	-0.358	-0.585	-0.366	-0.431	-0.261	-0.133	-0.237	-0.014	-0.130	-0.600	-0.547	-0.200	-0.554	-0.554	-0.238	-0.546	-0.568	-0.613	-0.577	-0.596	-0.605	-0.598	-0.599	-0.553	-0.597	-0.598	-0.186	-0.186	-0.299	-0.587	-0.185	-0.595	-0.603	-0.595	-0.547	-0.596	-0.547	-0.603	-0.596	-0.596	-0.549	-0.598	-0.594	-0.599	-0.538	-0.596	-0.539	-0.194	-0.588	-0.595	-0.594	-0.594	-0.591	-0.591	-0.591	-0.590	-0.599	-0.586	-0.587	-0.600	-0.605	-0.587	-0.583	-0.464	-0.192	-0.609	-0.474	-0.631	-0.380	-0.387	-0.388	-0.391	-0.375	-0.644	-0.383	-0.264	-0.661	-0.377	-0.377	-0.378	+0.564	-0.648	-0.380	-0.388	-0.660	-0.650	+0.497	-0.381	-0.381	-0.381	-0.381	-0.381	-0.385	-0.382	
