## Summary of overall evidence for association with region:
## log10(BF for region) = -0.453147
## p-value for region = NA

## BFs for choosing among multi-SNP models:
## log10(average 1-SNP BF) = -0.388223
## log10(average 2-SNP BF) = -0.622228

## Example posterior probabilities for multi-SNP models, based on default prior: [p(l) propto 0.5^l for l=1,2,...,L]
## posterior probability of 1-SNP = 0.774162
## posterior probability of 2-SNP = 0.225838

## log10(BF) for single SNP and pair of SNPs:
rs12635145     -0.599	-0.591	-0.737	-0.829	-0.710	-0.824	-0.822	-0.821	-0.369	-0.488	-0.562	-0.581	-0.939	-0.625	-0.575	-0.602	-0.232	-0.962	-0.694	-0.796	-0.543	-0.677	-0.737	-0.996	-0.986	-1.049	-1.062	-1.041	-0.944	-0.942	-1.031	-1.075	-0.933	-0.930	-0.829	-0.845	-0.843	-1.056	-0.830	-0.835	-1.024	-0.847	-0.847	-1.075	-0.848	-0.833	-0.851	-1.076	-1.077	-1.078	-0.852	-0.852	-0.849	-0.848	-0.853	-0.850	-0.850	-0.857	-1.018	-1.001	-1.072	-0.987	-0.934	-1.051	-0.786	-0.929	-0.786	-0.892	-0.979	-0.926	-0.969	-0.870	-0.971	-0.913	-0.926	-0.927	-0.927	-0.963	-0.969	-0.930	-1.043	-0.965	-0.965	-0.967	-0.962	-1.074	-0.965	-0.967	-0.970	-1.075	-1.012	
rs35647328     -0.591	-0.359	-0.569	-0.667	-0.499	-0.663	-0.661	-0.660	-0.148	-0.274	-0.328	-0.348	-0.700	-0.403	-0.341	-0.365	+0.013	-0.728	-0.444	-0.556	-0.291	-0.422	-0.500	-0.769	-0.758	-0.820	-0.833	-0.812	-0.715	-0.713	-0.803	-0.846	-0.703	-0.700	-0.600	-0.616	-0.614	-0.827	-0.601	-0.607	-0.794	-0.618	-0.618	-0.846	-0.619	-0.604	-0.622	-0.847	-0.848	-0.849	-0.623	-0.623	-0.621	-0.619	-0.624	-0.621	-0.621	-0.628	-0.789	-0.769	-0.843	-0.758	-0.706	-0.821	-0.557	-0.702	-0.558	-0.662	-0.754	-0.697	-0.745	-0.639	-0.747	-0.685	-0.698	-0.697	-0.698	-0.733	-0.739	-0.699	-0.814	-0.735	-0.735	-0.737	-0.732	-0.845	-0.735	-0.737	-0.740	-0.846	-0.782	
rs73092542     -0.737	-0.569	-0.603	-0.829	-0.717	-0.824	-0.822	-0.821	-0.375	-0.494	-0.567	-0.587	-0.944	-0.630	-0.581	-0.608	-0.239	-0.966	-0.699	-0.801	-0.547	-0.682	-0.741	-1.000	-0.989	-1.053	-1.066	-1.045	-0.948	-0.946	-1.035	-1.078	-0.936	-0.933	-0.832	-0.848	-0.846	-1.060	-0.833	-0.839	-1.028	-0.850	-0.850	-1.079	-0.852	-0.837	-0.854	-1.080	-1.081	-1.081	-0.856	-0.856	-0.853	-0.852	-0.857	-0.853	-0.854	-0.861	-1.022	-1.004	-1.075	-0.991	-0.937	-1.054	-0.789	-0.932	-0.790	-0.896	-0.982	-0.929	-0.973	-0.873	-0.975	-0.917	-0.930	-0.931	-0.931	-0.967	-0.973	-0.933	-1.047	-0.969	-0.969	-0.971	-0.966	-1.078	-0.969	-0.971	-0.974	-1.078	-1.016	
rs3967208      -0.829	-0.667	-0.829	-0.368	-0.576	-0.493	-0.492	-0.492	-0.131	-0.273	-0.314	-0.334	-0.724	-0.389	-0.327	-0.357	+0.001	-0.740	-0.460	-0.569	-0.301	-0.439	-0.510	-0.776	-0.766	-0.831	-0.845	-0.823	-0.729	-0.726	-0.812	-0.858	-0.716	-0.713	-0.608	-0.624	-0.622	-0.838	-0.609	-0.615	-0.810	-0.626	-0.626	-0.859	-0.628	-0.613	-0.630	-0.860	-0.861	-0.862	-0.632	-0.632	-0.629	-0.627	-0.633	-0.630	-0.630	-0.637	-0.800	-0.787	-0.855	-0.767	-0.707	-0.834	-0.562	-0.702	-0.562	-0.672	-0.763	-0.710	-0.753	-0.648	-0.755	-0.698	-0.711	-0.711	-0.712	-0.748	-0.754	-0.714	-0.829	-0.750	-0.750	-0.752	-0.747	-0.860	-0.750	-0.752	-0.755	-0.860	-0.798	
rs2322142      -0.710	-0.499	-0.717	-0.576	-0.274	-0.572	-0.571	-0.571	-0.074	-0.210	-0.259	-0.278	-0.649	-0.326	-0.270	-0.297	+0.058	-0.638	-0.350	-0.480	-0.181	-0.348	-0.423	-0.684	-0.678	-0.741	-0.754	-0.733	-0.639	-0.629	-0.723	-0.767	-0.617	-0.614	-0.502	-0.519	-0.517	-0.747	-0.503	-0.509	-0.714	-0.521	-0.521	-0.767	-0.523	-0.507	-0.525	-0.768	-0.769	-0.770	-0.527	-0.527	-0.524	-0.522	-0.528	-0.525	-0.525	-0.533	-0.710	-0.692	-0.764	-0.679	-0.610	-0.744	-0.452	-0.605	-0.452	-0.569	-0.652	-0.614	-0.641	-0.544	-0.643	-0.600	-0.614	-0.616	-0.617	-0.656	-0.660	-0.620	-0.733	-0.658	-0.658	-0.659	-0.655	-0.767	-0.658	-0.659	-0.661	-0.767	-0.707	
rs75433452     -0.824	-0.663	-0.824	-0.493	-0.572	-0.362	-0.471	-0.472	-0.123	-0.266	-0.307	-0.327	-0.719	-0.382	-0.319	-0.349	+0.007	-0.735	-0.455	-0.563	-0.295	-0.432	-0.504	-0.770	-0.761	-0.826	-0.839	-0.817	-0.723	-0.721	-0.807	-0.853	-0.711	-0.708	-0.603	-0.619	-0.617	-0.832	-0.604	-0.609	-0.804	-0.621	-0.621	-0.854	-0.622	-0.607	-0.625	-0.854	-0.855	-0.856	-0.626	-0.627	-0.624	-0.622	-0.628	-0.624	-0.624	-0.632	-0.794	-0.782	-0.850	-0.761	-0.701	-0.828	-0.556	-0.696	-0.557	-0.667	-0.757	-0.705	-0.748	-0.643	-0.750	-0.692	-0.706	-0.706	-0.706	-0.743	-0.748	-0.709	-0.823	-0.745	-0.745	-0.747	-0.742	-0.854	-0.745	-0.746	-0.749	-0.855	-0.793	
rs79745559     -0.822	-0.661	-0.822	-0.492	-0.571	-0.471	-0.360	-0.471	-0.121	-0.264	-0.304	-0.324	-0.717	-0.380	-0.317	-0.347	+0.010	-0.732	-0.453	-0.561	-0.293	-0.430	-0.502	-0.768	-0.758	-0.824	-0.837	-0.815	-0.721	-0.718	-0.805	-0.851	-0.708	-0.705	-0.601	-0.617	-0.615	-0.830	-0.602	-0.607	-0.802	-0.619	-0.619	-0.852	-0.620	-0.605	-0.623	-0.852	-0.853	-0.854	-0.624	-0.624	-0.622	-0.620	-0.626	-0.622	-0.622	-0.630	-0.792	-0.780	-0.848	-0.759	-0.699	-0.826	-0.554	-0.694	-0.555	-0.664	-0.755	-0.703	-0.746	-0.641	-0.748	-0.690	-0.704	-0.704	-0.704	-0.741	-0.746	-0.706	-0.821	-0.743	-0.743	-0.744	-0.740	-0.852	-0.743	-0.744	-0.747	-0.852	-0.791	
rs74418162     -0.821	-0.660	-0.821	-0.492	-0.571	-0.472	-0.471	-0.359	-0.119	-0.263	-0.303	-0.323	-0.716	-0.379	-0.316	-0.346	+0.011	-0.731	-0.451	-0.559	-0.292	-0.429	-0.501	-0.767	-0.757	-0.822	-0.836	-0.814	-0.720	-0.717	-0.803	-0.850	-0.707	-0.704	-0.599	-0.616	-0.614	-0.829	-0.601	-0.606	-0.801	-0.618	-0.618	-0.850	-0.619	-0.604	-0.622	-0.851	-0.852	-0.853	-0.623	-0.623	-0.621	-0.619	-0.625	-0.621	-0.621	-0.629	-0.791	-0.779	-0.847	-0.758	-0.698	-0.825	-0.553	-0.693	-0.554	-0.663	-0.754	-0.702	-0.745	-0.640	-0.747	-0.689	-0.703	-0.703	-0.703	-0.740	-0.745	-0.705	-0.820	-0.742	-0.742	-0.743	-0.739	-0.851	-0.742	-0.743	-0.746	-0.851	-0.790	
rs2322157      -0.369	-0.148	-0.375	-0.131	-0.074	-0.123	-0.121	-0.119	+0.122	-0.108	-0.164	-0.171	-0.306	-0.185	-0.167	-0.179	+0.035	-0.306	-0.049	-0.155	+0.095	-0.208	-0.093	-0.345	-0.334	-0.393	-0.405	-0.386	-0.270	-0.279	-0.377	-0.416	-0.269	-0.267	-0.167	-0.183	-0.180	-0.403	-0.167	-0.173	-0.348	-0.184	-0.184	-0.416	-0.185	-0.171	-0.188	-0.416	-0.417	-0.417	-0.189	-0.190	-0.187	-0.186	-0.191	-0.187	-0.188	-0.195	-0.362	-0.318	-0.413	-0.335	-0.295	-0.394	-0.125	-0.291	-0.125	-0.230	-0.314	-0.254	-0.304	-0.208	-0.307	-0.240	-0.255	-0.256	-0.257	-0.293	-0.301	-0.261	-0.380	-0.295	-0.295	-0.298	-0.292	-0.412	-0.295	-0.298	-0.303	-0.412	-0.351	
rs4345038      -0.488	-0.274	-0.494	-0.273	-0.210	-0.266	-0.264	-0.263	-0.108	+0.001	-0.252	-0.264	-0.446	-0.242	-0.259	-0.274	+0.007	-0.390	-0.072	-0.266	+0.102	-0.261	-0.202	-0.457	-0.448	-0.509	-0.520	-0.502	-0.385	-0.395	-0.492	-0.531	-0.386	-0.384	-0.287	-0.302	-0.300	-0.519	-0.287	-0.293	-0.467	-0.304	-0.304	-0.531	-0.305	-0.291	-0.308	-0.532	-0.532	-0.533	-0.309	-0.309	-0.306	-0.305	-0.310	-0.307	-0.307	-0.314	-0.478	-0.439	-0.528	-0.451	-0.413	-0.510	-0.245	-0.408	-0.246	-0.348	-0.432	-0.371	-0.422	-0.327	-0.424	-0.356	-0.371	-0.373	-0.374	-0.409	-0.417	-0.378	-0.496	-0.411	-0.411	-0.414	-0.407	-0.529	-0.411	-0.414	-0.419	-0.528	-0.468	
rs6549410      -0.562	-0.328	-0.567	-0.314	-0.259	-0.307	-0.304	-0.303	-0.164	-0.252	-0.094	-0.212	-0.461	-0.318	-0.240	-0.284	-0.072	-0.493	-0.233	-0.356	-0.088	-0.350	-0.260	-0.526	-0.512	-0.578	-0.591	-0.569	-0.448	-0.477	-0.559	-0.604	-0.471	-0.470	-0.388	-0.402	-0.400	-0.594	-0.389	-0.393	-0.549	-0.403	-0.403	-0.605	-0.404	-0.392	-0.406	-0.605	-0.606	-0.607	-0.407	-0.407	-0.405	-0.404	-0.408	-0.406	-0.406	-0.412	-0.543	-0.524	-0.601	-0.513	-0.492	-0.579	-0.351	-0.488	-0.351	-0.434	-0.519	-0.450	-0.511	-0.415	-0.513	-0.436	-0.451	-0.452	-0.453	-0.480	-0.490	-0.456	-0.572	-0.482	-0.482	-0.486	-0.478	-0.602	-0.483	-0.487	-0.493	-0.602	-0.540	
rs6549411      -0.581	-0.348	-0.587	-0.334	-0.278	-0.327	-0.324	-0.323	-0.171	-0.264	-0.212	-0.115	-0.484	-0.333	-0.244	-0.294	-0.078	-0.512	-0.255	-0.375	-0.111	-0.366	-0.277	-0.545	-0.530	-0.596	-0.610	-0.588	-0.467	-0.496	-0.577	-0.623	-0.490	-0.489	-0.407	-0.420	-0.418	-0.612	-0.407	-0.412	-0.569	-0.422	-0.422	-0.623	-0.423	-0.410	-0.425	-0.624	-0.625	-0.626	-0.426	-0.426	-0.424	-0.423	-0.427	-0.424	-0.424	-0.430	-0.562	-0.544	-0.620	-0.531	-0.509	-0.597	-0.369	-0.505	-0.370	-0.453	-0.538	-0.470	-0.529	-0.434	-0.531	-0.456	-0.470	-0.471	-0.472	-0.500	-0.509	-0.476	-0.591	-0.501	-0.502	-0.506	-0.497	-0.621	-0.502	-0.506	-0.513	-0.621	-0.559	
rs9878896      -0.939	-0.700	-0.944	-0.724	-0.649	-0.719	-0.717	-0.716	-0.306	-0.446	-0.461	-0.484	-0.495	-0.568	-0.481	-0.529	-0.192	-0.872	-0.605	-0.716	-0.441	-0.648	-0.656	-0.899	-0.895	-0.955	-0.967	-0.948	-0.842	-0.845	-0.938	-0.978	-0.836	-0.833	-0.735	-0.751	-0.749	-0.963	-0.736	-0.742	-0.918	-0.753	-0.753	-0.978	-0.754	-0.740	-0.757	-0.979	-0.980	-0.980	-0.758	-0.758	-0.756	-0.755	-0.759	-0.756	-0.756	-0.763	-0.925	-0.892	-0.975	-0.896	-0.851	-0.956	-0.695	-0.846	-0.695	-0.796	-0.881	-0.826	-0.871	-0.775	-0.873	-0.813	-0.826	-0.827	-0.828	-0.860	-0.868	-0.831	-0.944	-0.862	-0.862	-0.865	-0.859	-0.976	-0.863	-0.865	-0.870	-0.976	-0.916	
rs6786206      -0.625	-0.403	-0.630	-0.389	-0.326	-0.382	-0.380	-0.379	-0.185	-0.242	-0.318	-0.333	-0.568	-0.153	-0.326	-0.359	-0.067	-0.528	-0.218	-0.409	-0.046	-0.368	-0.322	-0.587	-0.575	-0.639	-0.653	-0.632	-0.508	-0.535	-0.622	-0.665	-0.529	-0.529	-0.445	-0.459	-0.457	-0.654	-0.446	-0.451	-0.609	-0.461	-0.461	-0.665	-0.462	-0.449	-0.464	-0.666	-0.667	-0.667	-0.465	-0.465	-0.463	-0.462	-0.466	-0.463	-0.463	-0.469	-0.606	-0.583	-0.662	-0.577	-0.554	-0.641	-0.408	-0.550	-0.408	-0.492	-0.578	-0.510	-0.570	-0.473	-0.572	-0.496	-0.511	-0.512	-0.513	-0.541	-0.550	-0.516	-0.631	-0.543	-0.543	-0.546	-0.539	-0.664	-0.543	-0.547	-0.553	-0.664	-0.602	
rs4676845      -0.575	-0.341	-0.581	-0.327	-0.270	-0.319	-0.317	-0.316	-0.167	-0.259	-0.240	-0.244	-0.481	-0.326	-0.108	-0.280	-0.073	-0.509	-0.257	-0.368	-0.115	-0.363	-0.273	-0.540	-0.524	-0.590	-0.604	-0.583	-0.462	-0.490	-0.572	-0.617	-0.483	-0.483	-0.400	-0.413	-0.411	-0.607	-0.400	-0.405	-0.562	-0.415	-0.415	-0.618	-0.416	-0.403	-0.418	-0.618	-0.619	-0.620	-0.419	-0.419	-0.417	-0.416	-0.420	-0.417	-0.417	-0.424	-0.557	-0.537	-0.614	-0.526	-0.503	-0.592	-0.362	-0.499	-0.362	-0.446	-0.532	-0.464	-0.523	-0.428	-0.525	-0.450	-0.464	-0.465	-0.466	-0.494	-0.503	-0.470	-0.585	-0.496	-0.496	-0.500	-0.492	-0.615	-0.497	-0.501	-0.507	-0.615	-0.553	
rs9841733      -0.602	-0.365	-0.608	-0.357	-0.297	-0.349	-0.347	-0.346	-0.179	-0.274	-0.284	-0.294	-0.529	-0.359	-0.280	-0.138	-0.074	-0.540	-0.290	-0.397	-0.149	-0.392	-0.301	-0.568	-0.553	-0.619	-0.633	-0.612	-0.489	-0.519	-0.601	-0.646	-0.513	-0.513	-0.431	-0.445	-0.442	-0.636	-0.431	-0.436	-0.592	-0.446	-0.446	-0.647	-0.447	-0.434	-0.449	-0.648	-0.649	-0.649	-0.450	-0.450	-0.448	-0.447	-0.451	-0.448	-0.449	-0.455	-0.586	-0.567	-0.643	-0.555	-0.534	-0.621	-0.394	-0.530	-0.394	-0.476	-0.562	-0.494	-0.554	-0.458	-0.556	-0.480	-0.494	-0.495	-0.496	-0.523	-0.532	-0.499	-0.614	-0.524	-0.524	-0.528	-0.520	-0.644	-0.525	-0.529	-0.535	-0.645	-0.582	
rs2322162      -0.232	+0.013	-0.239	+0.001	+0.058	+0.007	+0.010	+0.011	+0.035	+0.007	-0.072	-0.078	-0.192	-0.067	-0.073	-0.074	+0.263	-0.181	+0.066	-0.018	+0.203	-0.141	+0.061	-0.205	-0.191	-0.256	-0.269	-0.248	-0.124	-0.150	-0.238	-0.281	-0.144	-0.144	-0.058	-0.072	-0.069	-0.269	-0.058	-0.063	-0.218	-0.073	-0.073	-0.282	-0.074	-0.061	-0.076	-0.282	-0.283	-0.284	-0.077	-0.077	-0.075	-0.074	-0.078	-0.076	-0.076	-0.082	-0.226	-0.189	-0.278	-0.193	-0.169	-0.258	-0.017	-0.165	-0.017	-0.100	-0.191	-0.125	-0.183	-0.079	-0.185	-0.111	-0.126	-0.126	-0.127	-0.160	-0.168	-0.129	-0.247	-0.162	-0.162	-0.165	-0.159	-0.278	-0.163	-0.165	-0.170	-0.278	-0.217	
rs17009073     -0.962	-0.728	-0.966	-0.740	-0.638	-0.735	-0.732	-0.731	-0.306	-0.390	-0.493	-0.512	-0.872	-0.528	-0.509	-0.540	-0.181	-0.513	-0.590	-0.707	-0.401	-0.597	-0.673	-0.922	-0.912	-0.973	-0.985	-0.966	-0.866	-0.859	-0.956	-0.996	-0.848	-0.844	-0.738	-0.755	-0.753	-0.979	-0.739	-0.745	-0.944	-0.757	-0.757	-0.996	-0.758	-0.743	-0.761	-0.997	-0.997	-0.998	-0.762	-0.763	-0.760	-0.758	-0.764	-0.760	-0.760	-0.768	-0.944	-0.920	-0.993	-0.914	-0.859	-0.974	-0.695	-0.854	-0.696	-0.806	-0.894	-0.845	-0.884	-0.782	-0.886	-0.832	-0.846	-0.846	-0.847	-0.883	-0.889	-0.849	-0.963	-0.885	-0.885	-0.887	-0.882	-0.994	-0.885	-0.887	-0.890	-0.994	-0.933	
rs78431571     -0.694	-0.444	-0.699	-0.460	-0.350	-0.455	-0.453	-0.451	-0.049	-0.072	-0.233	-0.255	-0.605	-0.218	-0.257	-0.290	+0.066	-0.590	-0.217	-0.427	-0.220	-0.451	-0.454	-0.673	-0.670	-0.718	-0.726	-0.713	-0.601	-0.587	-0.705	-0.733	-0.576	-0.571	-0.457	-0.475	-0.473	-0.722	-0.459	-0.465	-0.676	-0.478	-0.478	-0.732	-0.479	-0.463	-0.482	-0.732	-0.732	-0.732	-0.484	-0.484	-0.481	-0.479	-0.485	-0.481	-0.481	-0.489	-0.695	-0.653	-0.730	-0.671	-0.620	-0.718	-0.413	-0.615	-0.413	-0.533	-0.619	-0.575	-0.609	-0.509	-0.611	-0.560	-0.575	-0.577	-0.577	-0.617	-0.621	-0.581	-0.695	-0.618	-0.619	-0.620	-0.616	-0.728	-0.619	-0.619	-0.622	-0.727	-0.667	
rs113540862    -0.796	-0.556	-0.801	-0.569	-0.480	-0.563	-0.561	-0.559	-0.155	-0.266	-0.356	-0.375	-0.716	-0.409	-0.368	-0.397	-0.018	-0.707	-0.427	-0.327	-0.265	-0.473	-0.493	-0.753	-0.743	-0.807	-0.820	-0.799	-0.698	-0.698	-0.789	-0.832	-0.688	-0.685	-0.583	-0.599	-0.597	-0.815	-0.584	-0.590	-0.777	-0.601	-0.601	-0.833	-0.603	-0.588	-0.605	-0.833	-0.834	-0.835	-0.607	-0.607	-0.604	-0.603	-0.608	-0.604	-0.605	-0.612	-0.776	-0.752	-0.829	-0.746	-0.694	-0.808	-0.540	-0.689	-0.540	-0.648	-0.734	-0.679	-0.725	-0.625	-0.727	-0.666	-0.680	-0.681	-0.681	-0.717	-0.724	-0.684	-0.800	-0.719	-0.720	-0.722	-0.716	-0.831	-0.720	-0.722	-0.725	-0.831	-0.769	
rs112891292    -0.543	-0.291	-0.547	-0.301	-0.181	-0.295	-0.293	-0.292	+0.095	+0.102	-0.088	-0.111	-0.441	-0.046	-0.115	-0.149	+0.203	-0.401	-0.220	-0.265	-0.044	-0.332	-0.317	-0.527	-0.524	-0.569	-0.576	-0.565	-0.449	-0.433	-0.558	-0.583	-0.421	-0.415	-0.298	-0.316	-0.314	-0.573	-0.299	-0.305	-0.524	-0.318	-0.318	-0.581	-0.320	-0.303	-0.323	-0.581	-0.581	-0.581	-0.324	-0.325	-0.321	-0.320	-0.326	-0.322	-0.322	-0.330	-0.548	-0.500	-0.580	-0.526	-0.474	-0.570	-0.252	-0.470	-0.253	-0.378	-0.465	-0.421	-0.454	-0.352	-0.456	-0.404	-0.421	-0.423	-0.424	-0.464	-0.468	-0.427	-0.543	-0.466	-0.466	-0.467	-0.463	-0.576	-0.466	-0.467	-0.469	-0.575	-0.516	
rs1995453      -0.677	-0.422	-0.682	-0.439	-0.348	-0.432	-0.430	-0.429	-0.208	-0.261	-0.350	-0.366	-0.648	-0.368	-0.363	-0.392	-0.141	-0.597	-0.451	-0.473	-0.332	-0.226	-0.393	-0.648	-0.627	-0.691	-0.705	-0.684	-0.589	-0.583	-0.674	-0.718	-0.572	-0.569	-0.461	-0.478	-0.475	-0.698	-0.462	-0.467	-0.671	-0.479	-0.479	-0.718	-0.481	-0.465	-0.483	-0.719	-0.720	-0.720	-0.485	-0.485	-0.482	-0.481	-0.486	-0.483	-0.483	-0.490	-0.664	-0.651	-0.715	-0.633	-0.572	-0.692	-0.418	-0.567	-0.418	-0.525	-0.616	-0.568	-0.606	-0.501	-0.608	-0.554	-0.568	-0.569	-0.569	-0.605	-0.610	-0.571	-0.686	-0.606	-0.607	-0.609	-0.603	-0.716	-0.607	-0.609	-0.612	-0.716	-0.651	
rs7626189      -0.737	-0.500	-0.741	-0.510	-0.423	-0.504	-0.502	-0.501	-0.093	-0.202	-0.260	-0.277	-0.656	-0.322	-0.273	-0.301	+0.061	-0.673	-0.454	-0.493	-0.317	-0.393	-0.277	-0.378	-0.515	-0.408	-0.379	-0.430	-0.648	-0.591	-0.482	-0.311	-0.574	-0.563	-0.422	-0.444	-0.442	-0.563	-0.424	-0.432	-0.365	-0.448	-0.448	-0.268	-0.450	-0.430	-0.453	-0.264	-0.252	-0.259	-0.456	-0.456	-0.452	-0.452	-0.458	-0.453	-0.453	-0.463	-0.584	-0.261	-0.301	-0.580	-0.689	-0.465	-0.377	-0.688	-0.378	-0.539	-0.562	-0.589	-0.550	-0.511	-0.554	-0.574	-0.587	-0.595	-0.597	-0.651	-0.650	-0.606	-0.686	-0.654	-0.653	-0.652	-0.653	-0.346	-0.654	-0.650	-0.647	-0.325	-0.535	
rs13099461     -0.996	-0.769	-1.000	-0.776	-0.684	-0.770	-0.768	-0.767	-0.345	-0.457	-0.526	-0.545	-0.899	-0.587	-0.540	-0.568	-0.205	-0.922	-0.673	-0.753	-0.527	-0.648	-0.378	-0.549	-0.805	-0.860	-0.868	-0.864	-0.898	-0.871	-0.859	-0.859	-0.858	-0.851	-0.729	-0.748	-0.746	-0.917	-0.731	-0.738	-0.851	-0.751	-0.751	-0.855	-0.753	-0.735	-0.756	-0.854	-0.852	-0.846	-0.758	-0.758	-0.755	-0.754	-0.759	-0.755	-0.755	-0.764	-0.885	-0.797	-0.861	-0.846	-0.862	-0.883	-0.685	-0.858	-0.685	-0.819	-0.874	-0.864	-0.863	-0.793	-0.866	-0.851	-0.864	-0.868	-0.869	-0.910	-0.912	-0.874	-0.967	-0.912	-0.912	-0.912	-0.910	-0.863	-0.912	-0.912	-0.912	-0.856	-0.897	
rs2036595      -0.986	-0.758	-0.989	-0.766	-0.678	-0.761	-0.758	-0.757	-0.334	-0.448	-0.512	-0.530	-0.895	-0.575	-0.524	-0.553	-0.191	-0.912	-0.670	-0.743	-0.524	-0.627	-0.515	-0.805	-0.539	-0.649	-0.674	-0.700	-0.888	-0.850	-0.721	-0.594	-0.835	-0.827	-0.695	-0.716	-0.714	-0.842	-0.698	-0.705	-0.691	-0.720	-0.720	-0.579	-0.721	-0.703	-0.725	-0.575	-0.563	-0.524	-0.727	-0.727	-0.723	-0.723	-0.729	-0.724	-0.724	-0.734	-0.820	-0.601	-0.616	-0.779	-0.855	-0.755	-0.651	-0.851	-0.652	-0.797	-0.836	-0.847	-0.825	-0.771	-0.828	-0.833	-0.847	-0.852	-0.853	-0.897	-0.898	-0.860	-0.943	-0.899	-0.899	-0.899	-0.898	-0.659	-0.899	-0.898	-0.897	-0.636	-0.853	
rs6766437      -1.049	-0.820	-1.053	-0.831	-0.741	-0.826	-0.824	-0.822	-0.393	-0.509	-0.578	-0.596	-0.955	-0.639	-0.590	-0.619	-0.256	-0.973	-0.718	-0.807	-0.569	-0.691	-0.408	-0.860	-0.649	-0.606	-0.799	-0.756	-0.947	-0.925	-0.731	-0.767	-0.913	-0.906	-0.787	-0.805	-0.804	-0.904	-0.789	-0.795	-0.830	-0.809	-0.809	-0.761	-0.810	-0.793	-0.813	-0.760	-0.754	-0.733	-0.815	-0.815	-0.812	-0.811	-0.817	-0.813	-0.813	-0.821	-0.840	-0.760	-0.780	-0.735	-0.840	-0.831	-0.743	-0.834	-0.744	-0.874	-0.928	-0.918	-0.918	-0.850	-0.921	-0.904	-0.917	-0.921	-0.922	-0.962	-0.965	-0.927	-1.018	-0.964	-0.964	-0.964	-0.962	-0.812	-0.964	-0.964	-0.965	-0.800	-0.926	
rs6766549      -1.062	-0.833	-1.066	-0.845	-0.754	-0.839	-0.837	-0.836	-0.405	-0.520	-0.591	-0.610	-0.967	-0.653	-0.604	-0.633	-0.269	-0.985	-0.726	-0.820	-0.576	-0.705	-0.379	-0.868	-0.674	-0.799	-0.620	-0.795	-0.958	-0.941	-0.772	-0.845	-0.929	-0.923	-0.807	-0.825	-0.823	-0.926	-0.809	-0.815	-0.878	-0.828	-0.828	-0.845	-0.830	-0.813	-0.833	-0.845	-0.844	-0.836	-0.835	-0.835	-0.831	-0.831	-0.836	-0.832	-0.832	-0.841	-0.849	-0.820	-0.849	-0.739	-0.822	-0.859	-0.763	-0.815	-0.764	-0.896	-0.958	-0.934	-0.943	-0.868	-0.946	-0.921	-0.934	-0.937	-0.938	-0.974	-0.979	-0.942	-1.038	-0.976	-0.976	-0.977	-0.974	-0.856	-0.977	-0.977	-0.978	-0.848	-0.945	
rs6810056      -1.041	-0.812	-1.045	-0.823	-0.733	-0.817	-0.815	-0.814	-0.386	-0.502	-0.569	-0.588	-0.948	-0.632	-0.583	-0.612	-0.248	-0.966	-0.713	-0.799	-0.565	-0.684	-0.430	-0.864	-0.700	-0.756	-0.795	-0.598	-0.941	-0.916	-0.752	-0.743	-0.903	-0.896	-0.775	-0.794	-0.793	-0.898	-0.777	-0.784	-0.805	-0.798	-0.798	-0.698	-0.799	-0.782	-0.802	-0.696	-0.687	-0.701	-0.804	-0.804	-0.801	-0.800	-0.806	-0.802	-0.802	-0.811	-0.841	-0.731	-0.728	-0.736	-0.842	-0.815	-0.732	-0.836	-0.732	-0.864	-0.917	-0.909	-0.906	-0.840	-0.909	-0.896	-0.909	-0.913	-0.914	-0.954	-0.957	-0.919	-1.009	-0.956	-0.956	-0.957	-0.954	-0.793	-0.956	-0.956	-0.957	-0.779	-0.919	
rs62245758     -0.944	-0.715	-0.948	-0.729	-0.639	-0.723	-0.721	-0.720	-0.270	-0.385	-0.448	-0.467	-0.842	-0.508	-0.462	-0.489	-0.124	-0.866	-0.601	-0.698	-0.449	-0.589	-0.648	-0.898	-0.888	-0.947	-0.958	-0.941	-0.493	-0.492	-0.931	-0.969	-0.449	-0.454	+0.115	-0.005	-0.017	-0.957	+0.075	+0.035	-0.910	-0.047	-0.048	-0.969	-0.058	+0.043	-0.079	-0.969	-0.970	-0.970	-0.089	-0.090	-0.072	-0.081	-0.098	-0.076	-0.077	-0.125	-0.918	-0.882	-0.966	-0.891	-0.793	-0.949	-0.010	-0.788	-0.014	-0.627	-0.775	-0.826	-0.757	-0.564	-0.761	-0.813	-0.826	-0.827	-0.828	-0.802	-0.803	-0.831	-0.892	-0.805	-0.805	-0.804	-0.805	-0.966	-0.805	-0.802	-0.802	-0.966	-0.911	
rs62245759     -0.942	-0.713	-0.946	-0.726	-0.629	-0.721	-0.718	-0.717	-0.279	-0.395	-0.477	-0.496	-0.845	-0.535	-0.490	-0.519	-0.150	-0.859	-0.587	-0.698	-0.433	-0.583	-0.591	-0.871	-0.850	-0.925	-0.941	-0.916	-0.492	-0.491	-0.904	-0.957	-0.620	-0.632	-0.325	-0.397	-0.406	-0.957	-0.354	-0.381	-0.920	-0.426	-0.426	-0.959	-0.432	-0.376	-0.445	-0.960	-0.961	-0.962	-0.451	-0.451	-0.441	-0.446	-0.456	-0.444	-0.444	-0.473	-0.885	-0.899	-0.954	-0.854	-0.831	-0.930	-0.394	-0.826	-0.396	-0.705	-0.829	-0.825	-0.818	-0.673	-0.821	-0.812	-0.825	-0.826	-0.826	-0.770	-0.785	-0.829	-0.887	-0.773	-0.773	-0.779	-0.768	-0.961	-0.774	-0.781	-0.791	-0.962	-0.901	
rs6773577      -1.031	-0.803	-1.035	-0.812	-0.723	-0.807	-0.805	-0.803	-0.377	-0.492	-0.559	-0.577	-0.938	-0.622	-0.572	-0.601	-0.238	-0.956	-0.705	-0.789	-0.558	-0.674	-0.482	-0.859	-0.721	-0.731	-0.772	-0.752	-0.931	-0.904	-0.587	-0.684	-0.891	-0.883	-0.760	-0.779	-0.777	-0.886	-0.762	-0.769	-0.783	-0.783	-0.783	-0.672	-0.784	-0.767	-0.787	-0.668	-0.658	-0.613	-0.789	-0.789	-0.786	-0.786	-0.791	-0.787	-0.787	-0.796	-0.837	-0.705	-0.707	-0.758	-0.850	-0.808	-0.716	-0.845	-0.717	-0.851	-0.901	-0.898	-0.890	-0.827	-0.893	-0.884	-0.897	-0.901	-0.902	-0.944	-0.946	-0.908	-0.997	-0.946	-0.946	-0.946	-0.944	-0.756	-0.946	-0.945	-0.946	-0.739	-0.905	
rs1553573      -1.075	-0.846	-1.078	-0.858	-0.767	-0.853	-0.851	-0.850	-0.416	-0.531	-0.604	-0.623	-0.978	-0.665	-0.617	-0.646	-0.281	-0.996	-0.733	-0.832	-0.583	-0.718	-0.311	-0.859	-0.594	-0.767	-0.845	-0.743	-0.969	-0.957	-0.684	-0.633	-0.945	-0.939	-0.826	-0.844	-0.842	-0.907	-0.828	-0.834	-0.891	-0.847	-0.847	-0.808	-0.849	-0.832	-0.851	-0.808	-0.808	-0.795	-0.853	-0.853	-0.850	-0.850	-0.855	-0.851	-0.851	-0.859	-0.796	-0.835	-0.811	-0.573	-0.801	-0.814	-0.783	-0.793	-0.784	-0.906	-0.967	-0.946	-0.957	-0.883	-0.960	-0.933	-0.946	-0.949	-0.949	-0.986	-0.991	-0.953	-1.047	-0.988	-0.988	-0.990	-0.986	-0.865	-0.989	-0.989	-0.991	-0.858	-0.947	
rs62246660     -0.933	-0.703	-0.936	-0.716	-0.617	-0.711	-0.708	-0.707	-0.269	-0.386	-0.471	-0.490	-0.836	-0.529	-0.483	-0.513	-0.144	-0.848	-0.576	-0.688	-0.421	-0.572	-0.574	-0.858	-0.835	-0.913	-0.929	-0.903	-0.449	-0.620	-0.891	-0.945	-0.480	-0.628	-0.354	-0.433	-0.438	-0.947	-0.380	-0.406	-0.911	-0.456	-0.456	-0.947	-0.462	-0.401	-0.473	-0.948	-0.949	-0.950	-0.478	-0.479	-0.470	-0.474	-0.483	-0.472	-0.472	-0.498	-0.870	-0.891	-0.942	-0.839	-0.827	-0.917	-0.411	-0.822	-0.413	-0.700	-0.824	-0.815	-0.813	-0.670	-0.816	-0.802	-0.816	-0.816	-0.816	-0.749	-0.767	-0.819	-0.874	-0.752	-0.753	-0.760	-0.747	-0.949	-0.754	-0.762	-0.774	-0.951	-0.890	
rs1553574      -0.930	-0.700	-0.933	-0.713	-0.614	-0.708	-0.705	-0.704	-0.267	-0.384	-0.470	-0.489	-0.833	-0.529	-0.483	-0.513	-0.144	-0.844	-0.571	-0.685	-0.415	-0.569	-0.563	-0.851	-0.827	-0.906	-0.923	-0.896	-0.454	-0.632	-0.883	-0.939	-0.628	-0.477	-0.472	-0.513	-0.514	-0.944	-0.483	-0.498	-0.908	-0.525	-0.525	-0.942	-0.529	-0.495	-0.536	-0.943	-0.944	-0.945	-0.540	-0.540	-0.534	-0.535	-0.543	-0.535	-0.536	-0.552	-0.863	-0.889	-0.937	-0.831	-0.829	-0.910	-0.478	-0.824	-0.479	-0.705	-0.827	-0.812	-0.818	-0.678	-0.821	-0.799	-0.813	-0.813	-0.813	-0.745	-0.763	-0.816	-0.872	-0.747	-0.748	-0.756	-0.742	-0.945	-0.749	-0.758	-0.772	-0.946	-0.886	
rs2874744      -0.829	-0.600	-0.832	-0.608	-0.502	-0.603	-0.601	-0.599	-0.167	-0.287	-0.388	-0.407	-0.735	-0.445	-0.400	-0.431	-0.058	-0.738	-0.457	-0.583	-0.298	-0.461	-0.422	-0.729	-0.695	-0.787	-0.807	-0.775	+0.115	-0.325	-0.760	-0.826	-0.354	-0.472	-0.365	-0.480	-0.485	-0.846	-0.479	-0.482	-0.811	-0.485	-0.485	-0.830	-0.486	-0.482	-0.486	-0.831	-0.833	-0.834	-0.486	-0.486	-0.487	-0.494	-0.485	-0.487	-0.487	-0.484	-0.733	-0.797	-0.824	-0.700	-0.759	-0.792	-0.496	-0.755	-0.497	-0.594	-0.736	-0.710	-0.730	-0.583	-0.733	-0.698	-0.711	-0.711	-0.711	-0.586	-0.616	-0.713	-0.745	-0.589	-0.591	-0.603	-0.581	-0.836	-0.592	-0.608	-0.632	-0.838	-0.776	
rs2135318      -0.845	-0.616	-0.848	-0.624	-0.519	-0.619	-0.617	-0.616	-0.183	-0.302	-0.402	-0.420	-0.751	-0.459	-0.413	-0.445	-0.072	-0.755	-0.475	-0.599	-0.316	-0.478	-0.444	-0.748	-0.716	-0.805	-0.825	-0.794	-0.005	-0.397	-0.779	-0.844	-0.433	-0.513	-0.480	-0.383	-0.496	-0.861	-0.487	-0.493	-0.826	-0.499	-0.499	-0.848	-0.500	-0.492	-0.502	-0.849	-0.851	-0.852	-0.503	-0.503	-0.502	-0.508	-0.503	-0.503	-0.503	-0.505	-0.753	-0.811	-0.842	-0.721	-0.771	-0.811	-0.499	-0.766	-0.500	-0.613	-0.751	-0.726	-0.745	-0.601	-0.748	-0.714	-0.727	-0.727	-0.727	-0.614	-0.642	-0.729	-0.766	-0.617	-0.618	-0.630	-0.609	-0.854	-0.619	-0.634	-0.656	-0.856	-0.794	
rs61180178     -0.843	-0.614	-0.846	-0.622	-0.517	-0.617	-0.615	-0.614	-0.180	-0.300	-0.400	-0.418	-0.749	-0.457	-0.411	-0.442	-0.069	-0.753	-0.473	-0.597	-0.314	-0.475	-0.442	-0.746	-0.714	-0.804	-0.823	-0.793	-0.017	-0.406	-0.777	-0.842	-0.438	-0.514	-0.485	-0.496	-0.380	-0.860	-0.482	-0.488	-0.825	-0.493	-0.493	-0.846	-0.494	-0.486	-0.495	-0.847	-0.849	-0.850	-0.495	-0.495	-0.495	-0.502	-0.496	-0.495	-0.495	-0.497	-0.752	-0.810	-0.840	-0.719	-0.769	-0.809	-0.496	-0.765	-0.497	-0.610	-0.749	-0.724	-0.743	-0.597	-0.746	-0.712	-0.725	-0.725	-0.725	-0.609	-0.638	-0.727	-0.763	-0.612	-0.614	-0.626	-0.605	-0.852	-0.615	-0.630	-0.652	-0.854	-0.792	
rs68103358     -1.056	-0.827	-1.060	-0.838	-0.747	-0.832	-0.830	-0.829	-0.403	-0.519	-0.594	-0.612	-0.963	-0.654	-0.607	-0.636	-0.269	-0.979	-0.722	-0.815	-0.573	-0.698	-0.563	-0.917	-0.842	-0.904	-0.926	-0.898	-0.957	-0.957	-0.886	-0.907	-0.947	-0.944	-0.846	-0.861	-0.860	-0.613	-0.847	-0.853	-0.891	-0.864	-0.864	-0.901	-0.865	-0.851	-0.867	-0.900	-0.899	-0.896	-0.869	-0.869	-0.866	-0.865	-0.870	-0.867	-0.867	-0.874	-0.909	-0.835	-0.904	-0.837	-0.701	-0.912	-0.805	-0.690	-0.805	-0.908	-0.979	-0.925	-0.970	-0.886	-0.972	-0.912	-0.924	-0.928	-0.929	-0.977	-0.982	-0.933	-1.050	-0.978	-0.979	-0.981	-0.975	-0.916	-0.979	-0.980	-0.984	-0.909	-0.955	
rs77110295     -0.830	-0.601	-0.833	-0.609	-0.503	-0.604	-0.602	-0.601	-0.167	-0.287	-0.389	-0.407	-0.736	-0.446	-0.400	-0.431	-0.058	-0.739	-0.459	-0.584	-0.299	-0.462	-0.424	-0.731	-0.698	-0.789	-0.809	-0.777	+0.075	-0.354	-0.762	-0.828	-0.380	-0.483	-0.479	-0.487	-0.482	-0.847	-0.366	-0.478	-0.812	-0.481	-0.481	-0.832	-0.481	-0.477	-0.481	-0.833	-0.835	-0.836	-0.480	-0.480	-0.482	-0.490	-0.480	-0.482	-0.481	-0.479	-0.736	-0.798	-0.826	-0.703	-0.760	-0.794	-0.493	-0.755	-0.494	-0.594	-0.737	-0.711	-0.730	-0.583	-0.733	-0.699	-0.712	-0.712	-0.712	-0.587	-0.617	-0.714	-0.746	-0.590	-0.592	-0.604	-0.582	-0.838	-0.593	-0.609	-0.632	-0.840	-0.778	
rs62246663     -0.835	-0.607	-0.839	-0.615	-0.509	-0.609	-0.607	-0.606	-0.173	-0.293	-0.393	-0.412	-0.742	-0.451	-0.405	-0.436	-0.063	-0.745	-0.465	-0.590	-0.305	-0.467	-0.432	-0.738	-0.705	-0.795	-0.815	-0.784	+0.035	-0.381	-0.769	-0.834	-0.406	-0.498	-0.482	-0.493	-0.488	-0.853	-0.478	-0.372	-0.818	-0.488	-0.488	-0.838	-0.488	-0.481	-0.489	-0.839	-0.841	-0.842	-0.489	-0.489	-0.489	-0.496	-0.488	-0.489	-0.489	-0.488	-0.743	-0.803	-0.832	-0.710	-0.764	-0.801	-0.494	-0.760	-0.495	-0.601	-0.742	-0.717	-0.736	-0.589	-0.739	-0.705	-0.718	-0.718	-0.718	-0.596	-0.626	-0.720	-0.753	-0.599	-0.601	-0.613	-0.592	-0.844	-0.602	-0.618	-0.641	-0.846	-0.784	
rs11128242     -1.024	-0.794	-1.028	-0.810	-0.714	-0.804	-0.802	-0.801	-0.348	-0.467	-0.549	-0.569	-0.918	-0.609	-0.562	-0.592	-0.218	-0.944	-0.676	-0.777	-0.524	-0.671	-0.365	-0.851	-0.691	-0.830	-0.878	-0.805	-0.910	-0.920	-0.783	-0.891	-0.911	-0.908	-0.811	-0.826	-0.825	-0.891	-0.812	-0.818	-0.579	-0.829	-0.829	-0.891	-0.830	-0.816	-0.832	-0.893	-0.897	-0.901	-0.834	-0.834	-0.831	-0.830	-0.835	-0.832	-0.832	-0.839	-0.789	-0.675	-0.882	-0.682	-0.714	-0.836	-0.769	-0.706	-0.769	-0.872	-0.953	-0.903	-0.944	-0.851	-0.946	-0.891	-0.904	-0.904	-0.904	-0.935	-0.942	-0.906	-1.009	-0.937	-0.937	-0.940	-0.933	-0.932	-0.937	-0.940	-0.944	-0.934	-0.780	
rs75581813     -0.847	-0.618	-0.850	-0.626	-0.521	-0.621	-0.619	-0.618	-0.184	-0.304	-0.403	-0.422	-0.753	-0.461	-0.415	-0.446	-0.073	-0.757	-0.478	-0.601	-0.318	-0.479	-0.448	-0.751	-0.720	-0.809	-0.828	-0.798	-0.047	-0.426	-0.783	-0.847	-0.456	-0.525	-0.485	-0.499	-0.493	-0.864	-0.481	-0.488	-0.829	-0.385	-0.495	-0.851	-0.496	-0.486	-0.498	-0.852	-0.854	-0.855	-0.498	-0.498	-0.497	-0.504	-0.499	-0.498	-0.498	-0.500	-0.757	-0.813	-0.845	-0.724	-0.772	-0.814	-0.495	-0.768	-0.496	-0.614	-0.753	-0.728	-0.746	-0.601	-0.749	-0.716	-0.729	-0.729	-0.729	-0.616	-0.644	-0.731	-0.768	-0.619	-0.621	-0.632	-0.612	-0.856	-0.622	-0.636	-0.658	-0.858	-0.796	
rs62246664     -0.847	-0.618	-0.850	-0.626	-0.521	-0.621	-0.619	-0.618	-0.184	-0.304	-0.403	-0.422	-0.753	-0.461	-0.415	-0.446	-0.073	-0.757	-0.478	-0.601	-0.318	-0.479	-0.448	-0.751	-0.720	-0.809	-0.828	-0.798	-0.048	-0.426	-0.783	-0.847	-0.456	-0.525	-0.485	-0.499	-0.493	-0.864	-0.481	-0.488	-0.829	-0.495	-0.385	-0.851	-0.496	-0.486	-0.498	-0.852	-0.854	-0.855	-0.498	-0.498	-0.497	-0.503	-0.499	-0.498	-0.498	-0.500	-0.757	-0.813	-0.845	-0.724	-0.772	-0.814	-0.495	-0.768	-0.495	-0.614	-0.753	-0.728	-0.746	-0.601	-0.749	-0.716	-0.729	-0.729	-0.729	-0.616	-0.644	-0.731	-0.768	-0.619	-0.620	-0.632	-0.612	-0.856	-0.622	-0.636	-0.658	-0.858	-0.796	
rs6806777      -1.075	-0.846	-1.079	-0.859	-0.767	-0.854	-0.852	-0.850	-0.416	-0.531	-0.605	-0.623	-0.978	-0.665	-0.618	-0.647	-0.282	-0.996	-0.732	-0.833	-0.581	-0.718	-0.268	-0.855	-0.579	-0.761	-0.845	-0.698	-0.969	-0.959	-0.672	-0.808	-0.947	-0.942	-0.830	-0.848	-0.846	-0.901	-0.832	-0.838	-0.891	-0.851	-0.851	-0.633	-0.852	-0.836	-0.855	-0.769	-0.769	-0.787	-0.856	-0.857	-0.854	-0.853	-0.858	-0.854	-0.854	-0.862	-0.772	-0.836	-0.769	-0.340	-0.778	-0.773	-0.787	-0.769	-0.788	-0.908	-0.971	-0.947	-0.961	-0.885	-0.963	-0.935	-0.947	-0.950	-0.950	-0.987	-0.991	-0.954	-1.048	-0.989	-0.989	-0.990	-0.986	-0.863	-0.989	-0.990	-0.992	-0.858	-0.945	
rs55723069     -0.848	-0.619	-0.852	-0.628	-0.523	-0.622	-0.620	-0.619	-0.185	-0.305	-0.404	-0.423	-0.754	-0.462	-0.416	-0.447	-0.074	-0.758	-0.479	-0.603	-0.320	-0.481	-0.450	-0.753	-0.721	-0.810	-0.830	-0.799	-0.058	-0.432	-0.784	-0.849	-0.462	-0.529	-0.486	-0.500	-0.494	-0.865	-0.481	-0.488	-0.830	-0.496	-0.496	-0.852	-0.386	-0.485	-0.499	-0.853	-0.855	-0.856	-0.499	-0.499	-0.498	-0.504	-0.500	-0.498	-0.498	-0.501	-0.759	-0.815	-0.846	-0.726	-0.773	-0.815	-0.494	-0.769	-0.495	-0.616	-0.754	-0.730	-0.747	-0.603	-0.750	-0.717	-0.731	-0.730	-0.731	-0.618	-0.646	-0.733	-0.770	-0.621	-0.623	-0.634	-0.614	-0.857	-0.624	-0.638	-0.660	-0.859	-0.797	
rs56730964     -0.833	-0.604	-0.837	-0.613	-0.507	-0.607	-0.605	-0.604	-0.171	-0.291	-0.392	-0.410	-0.740	-0.449	-0.403	-0.434	-0.061	-0.743	-0.463	-0.588	-0.303	-0.465	-0.430	-0.735	-0.703	-0.793	-0.813	-0.782	+0.043	-0.376	-0.767	-0.832	-0.401	-0.495	-0.482	-0.492	-0.486	-0.851	-0.477	-0.481	-0.816	-0.486	-0.486	-0.836	-0.485	-0.370	-0.486	-0.837	-0.839	-0.840	-0.485	-0.485	-0.485	-0.493	-0.484	-0.485	-0.485	-0.484	-0.740	-0.801	-0.830	-0.707	-0.762	-0.798	-0.493	-0.758	-0.494	-0.598	-0.740	-0.715	-0.734	-0.586	-0.736	-0.703	-0.716	-0.716	-0.716	-0.592	-0.622	-0.718	-0.750	-0.595	-0.597	-0.610	-0.588	-0.841	-0.598	-0.614	-0.637	-0.844	-0.782	
rs62246666     -0.851	-0.622	-0.854	-0.630	-0.525	-0.625	-0.623	-0.622	-0.188	-0.308	-0.406	-0.425	-0.757	-0.464	-0.418	-0.449	-0.076	-0.761	-0.482	-0.605	-0.323	-0.483	-0.453	-0.756	-0.725	-0.813	-0.833	-0.802	-0.079	-0.445	-0.787	-0.851	-0.473	-0.536	-0.486	-0.502	-0.495	-0.867	-0.481	-0.489	-0.832	-0.498	-0.498	-0.855	-0.499	-0.486	-0.389	-0.856	-0.858	-0.859	-0.501	-0.502	-0.500	-0.506	-0.502	-0.500	-0.501	-0.505	-0.762	-0.817	-0.849	-0.729	-0.775	-0.818	-0.494	-0.770	-0.495	-0.619	-0.756	-0.732	-0.750	-0.605	-0.753	-0.720	-0.733	-0.733	-0.733	-0.622	-0.650	-0.735	-0.773	-0.625	-0.627	-0.639	-0.618	-0.860	-0.628	-0.642	-0.664	-0.862	-0.800	
rs7653594      -1.076	-0.847	-1.080	-0.860	-0.768	-0.854	-0.852	-0.851	-0.416	-0.532	-0.605	-0.624	-0.979	-0.666	-0.618	-0.648	-0.282	-0.997	-0.732	-0.833	-0.581	-0.719	-0.264	-0.854	-0.575	-0.760	-0.845	-0.696	-0.969	-0.960	-0.668	-0.808	-0.948	-0.943	-0.831	-0.849	-0.847	-0.900	-0.833	-0.839	-0.893	-0.852	-0.852	-0.769	-0.853	-0.837	-0.856	-0.634	-0.770	-0.788	-0.857	-0.858	-0.855	-0.854	-0.859	-0.855	-0.855	-0.863	-0.769	-0.839	-0.767	-0.317	-0.776	-0.770	-0.788	-0.767	-0.789	-0.909	-0.972	-0.948	-0.962	-0.886	-0.964	-0.935	-0.948	-0.950	-0.951	-0.987	-0.992	-0.955	-1.049	-0.989	-0.989	-0.991	-0.986	-0.864	-0.989	-0.990	-0.993	-0.859	-0.945	
rs9874496      -1.077	-0.848	-1.081	-0.861	-0.769	-0.855	-0.853	-0.852	-0.417	-0.532	-0.606	-0.625	-0.980	-0.667	-0.619	-0.649	-0.283	-0.997	-0.732	-0.834	-0.581	-0.720	-0.252	-0.852	-0.563	-0.754	-0.844	-0.687	-0.970	-0.961	-0.658	-0.808	-0.949	-0.944	-0.833	-0.851	-0.849	-0.899	-0.835	-0.841	-0.897	-0.854	-0.854	-0.769	-0.855	-0.839	-0.858	-0.770	-0.635	-0.790	-0.859	-0.860	-0.857	-0.856	-0.861	-0.857	-0.857	-0.865	-0.763	-0.844	-0.764	-0.285	-0.771	-0.764	-0.790	-0.762	-0.791	-0.911	-0.974	-0.949	-0.964	-0.888	-0.967	-0.936	-0.949	-0.951	-0.952	-0.988	-0.993	-0.956	-1.050	-0.990	-0.990	-0.991	-0.987	-0.866	-0.990	-0.991	-0.994	-0.861	-0.946	
rs6775673      -1.078	-0.849	-1.081	-0.862	-0.770	-0.856	-0.854	-0.853	-0.417	-0.533	-0.607	-0.626	-0.980	-0.667	-0.620	-0.649	-0.284	-0.998	-0.732	-0.835	-0.581	-0.720	-0.259	-0.846	-0.524	-0.733	-0.836	-0.701	-0.970	-0.962	-0.613	-0.795	-0.950	-0.945	-0.834	-0.852	-0.850	-0.896	-0.836	-0.842	-0.901	-0.855	-0.855	-0.787	-0.856	-0.840	-0.859	-0.788	-0.790	-0.636	-0.860	-0.861	-0.858	-0.857	-0.862	-0.858	-0.858	-0.866	-0.753	-0.848	-0.782	-0.364	-0.773	-0.773	-0.791	-0.764	-0.792	-0.911	-0.974	-0.950	-0.965	-0.888	-0.967	-0.937	-0.950	-0.952	-0.953	-0.989	-0.993	-0.956	-1.050	-0.991	-0.991	-0.992	-0.988	-0.862	-0.991	-0.992	-0.994	-0.857	-0.944	
rs148855890    -0.852	-0.623	-0.856	-0.632	-0.527	-0.626	-0.624	-0.623	-0.189	-0.309	-0.407	-0.426	-0.758	-0.465	-0.419	-0.450	-0.077	-0.762	-0.484	-0.607	-0.324	-0.485	-0.456	-0.758	-0.727	-0.815	-0.835	-0.804	-0.089	-0.451	-0.789	-0.853	-0.478	-0.540	-0.486	-0.503	-0.495	-0.869	-0.480	-0.489	-0.834	-0.498	-0.498	-0.856	-0.499	-0.485	-0.501	-0.857	-0.859	-0.860	-0.391	-0.502	-0.500	-0.506	-0.502	-0.500	-0.500	-0.505	-0.764	-0.818	-0.851	-0.731	-0.776	-0.820	-0.493	-0.771	-0.494	-0.620	-0.757	-0.734	-0.751	-0.607	-0.754	-0.721	-0.734	-0.734	-0.735	-0.624	-0.652	-0.737	-0.775	-0.627	-0.629	-0.640	-0.620	-0.862	-0.630	-0.644	-0.666	-0.864	-0.802	
rs143473521    -0.852	-0.623	-0.856	-0.632	-0.527	-0.627	-0.624	-0.623	-0.190	-0.309	-0.407	-0.426	-0.758	-0.465	-0.419	-0.450	-0.077	-0.763	-0.484	-0.607	-0.325	-0.485	-0.456	-0.758	-0.727	-0.815	-0.835	-0.804	-0.090	-0.451	-0.789	-0.853	-0.479	-0.540	-0.486	-0.503	-0.495	-0.869	-0.480	-0.489	-0.834	-0.498	-0.498	-0.857	-0.499	-0.485	-0.502	-0.858	-0.860	-0.861	-0.502	-0.391	-0.500	-0.506	-0.502	-0.500	-0.501	-0.505	-0.764	-0.818	-0.851	-0.731	-0.776	-0.820	-0.493	-0.771	-0.493	-0.620	-0.758	-0.734	-0.751	-0.607	-0.754	-0.721	-0.735	-0.734	-0.735	-0.624	-0.652	-0.737	-0.775	-0.627	-0.629	-0.640	-0.620	-0.862	-0.630	-0.644	-0.666	-0.864	-0.802	
rs62243771     -0.849	-0.621	-0.853	-0.629	-0.524	-0.624	-0.622	-0.621	-0.187	-0.306	-0.405	-0.424	-0.756	-0.463	-0.417	-0.448	-0.075	-0.760	-0.481	-0.604	-0.321	-0.482	-0.452	-0.755	-0.723	-0.812	-0.831	-0.801	-0.072	-0.441	-0.786	-0.850	-0.470	-0.534	-0.487	-0.502	-0.495	-0.866	-0.482	-0.489	-0.831	-0.497	-0.497	-0.854	-0.498	-0.485	-0.500	-0.855	-0.857	-0.858	-0.500	-0.500	-0.388	-0.504	-0.500	-0.499	-0.499	-0.502	-0.760	-0.816	-0.848	-0.728	-0.774	-0.817	-0.493	-0.770	-0.494	-0.617	-0.755	-0.731	-0.748	-0.604	-0.751	-0.719	-0.732	-0.732	-0.732	-0.620	-0.648	-0.734	-0.771	-0.623	-0.624	-0.636	-0.615	-0.859	-0.625	-0.640	-0.662	-0.861	-0.799	
rs62243772     -0.848	-0.619	-0.852	-0.627	-0.522	-0.622	-0.620	-0.619	-0.186	-0.305	-0.404	-0.423	-0.755	-0.462	-0.416	-0.447	-0.074	-0.758	-0.479	-0.603	-0.320	-0.481	-0.452	-0.754	-0.723	-0.811	-0.831	-0.800	-0.081	-0.446	-0.786	-0.850	-0.474	-0.535	-0.494	-0.508	-0.502	-0.865	-0.490	-0.496	-0.830	-0.504	-0.503	-0.853	-0.504	-0.493	-0.506	-0.854	-0.856	-0.857	-0.506	-0.506	-0.504	-0.386	-0.506	-0.505	-0.505	-0.508	-0.760	-0.815	-0.847	-0.727	-0.773	-0.816	-0.497	-0.769	-0.497	-0.616	-0.754	-0.730	-0.748	-0.603	-0.751	-0.717	-0.731	-0.731	-0.731	-0.618	-0.646	-0.733	-0.770	-0.621	-0.623	-0.634	-0.614	-0.858	-0.624	-0.638	-0.660	-0.860	-0.798	
rs149591868    -0.853	-0.624	-0.857	-0.633	-0.528	-0.628	-0.626	-0.625	-0.191	-0.310	-0.408	-0.427	-0.759	-0.466	-0.420	-0.451	-0.078	-0.764	-0.485	-0.608	-0.326	-0.486	-0.458	-0.759	-0.729	-0.817	-0.836	-0.806	-0.098	-0.456	-0.791	-0.855	-0.483	-0.543	-0.485	-0.503	-0.496	-0.870	-0.480	-0.488	-0.835	-0.499	-0.499	-0.858	-0.500	-0.484	-0.502	-0.859	-0.861	-0.862	-0.502	-0.502	-0.500	-0.506	-0.392	-0.501	-0.501	-0.506	-0.765	-0.819	-0.852	-0.733	-0.777	-0.821	-0.492	-0.772	-0.493	-0.622	-0.759	-0.735	-0.752	-0.608	-0.755	-0.723	-0.736	-0.736	-0.736	-0.626	-0.654	-0.738	-0.776	-0.629	-0.631	-0.642	-0.622	-0.863	-0.632	-0.646	-0.667	-0.865	-0.803	
rs62243773     -0.850	-0.621	-0.853	-0.630	-0.525	-0.624	-0.622	-0.621	-0.187	-0.307	-0.406	-0.424	-0.756	-0.463	-0.417	-0.448	-0.076	-0.760	-0.481	-0.604	-0.322	-0.483	-0.453	-0.755	-0.724	-0.813	-0.832	-0.802	-0.076	-0.444	-0.787	-0.851	-0.472	-0.535	-0.487	-0.503	-0.495	-0.867	-0.482	-0.489	-0.832	-0.498	-0.498	-0.854	-0.498	-0.485	-0.500	-0.855	-0.857	-0.858	-0.500	-0.500	-0.499	-0.505	-0.501	-0.388	-0.499	-0.503	-0.761	-0.816	-0.848	-0.728	-0.774	-0.818	-0.493	-0.770	-0.494	-0.618	-0.755	-0.732	-0.749	-0.604	-0.752	-0.719	-0.732	-0.732	-0.733	-0.620	-0.648	-0.734	-0.772	-0.624	-0.625	-0.637	-0.616	-0.859	-0.626	-0.641	-0.662	-0.861	-0.799	
rs62243774     -0.850	-0.621	-0.854	-0.630	-0.525	-0.624	-0.622	-0.621	-0.188	-0.307	-0.406	-0.424	-0.756	-0.463	-0.417	-0.449	-0.076	-0.760	-0.481	-0.605	-0.322	-0.483	-0.453	-0.755	-0.724	-0.813	-0.832	-0.802	-0.077	-0.444	-0.787	-0.851	-0.472	-0.536	-0.487	-0.503	-0.495	-0.867	-0.481	-0.489	-0.832	-0.498	-0.498	-0.854	-0.498	-0.485	-0.501	-0.855	-0.857	-0.858	-0.500	-0.501	-0.499	-0.505	-0.501	-0.499	-0.389	-0.503	-0.761	-0.817	-0.848	-0.728	-0.774	-0.818	-0.493	-0.770	-0.494	-0.618	-0.756	-0.732	-0.749	-0.604	-0.752	-0.719	-0.733	-0.732	-0.733	-0.621	-0.649	-0.735	-0.772	-0.624	-0.625	-0.637	-0.617	-0.860	-0.626	-0.641	-0.663	-0.862	-0.800	
rs142205154    -0.857	-0.628	-0.861	-0.637	-0.533	-0.632	-0.630	-0.629	-0.195	-0.314	-0.412	-0.430	-0.763	-0.469	-0.424	-0.455	-0.082	-0.768	-0.489	-0.612	-0.330	-0.490	-0.463	-0.764	-0.734	-0.821	-0.841	-0.811	-0.125	-0.473	-0.796	-0.859	-0.498	-0.552	-0.484	-0.505	-0.497	-0.874	-0.479	-0.488	-0.839	-0.500	-0.500	-0.862	-0.501	-0.484	-0.505	-0.863	-0.865	-0.866	-0.505	-0.505	-0.502	-0.508	-0.506	-0.503	-0.503	-0.396	-0.770	-0.823	-0.857	-0.738	-0.779	-0.826	-0.491	-0.775	-0.492	-0.626	-0.762	-0.739	-0.755	-0.612	-0.758	-0.727	-0.740	-0.740	-0.740	-0.633	-0.660	-0.742	-0.782	-0.636	-0.637	-0.649	-0.629	-0.867	-0.638	-0.652	-0.673	-0.869	-0.807	
rs11717565     -1.018	-0.789	-1.022	-0.800	-0.710	-0.794	-0.792	-0.791	-0.362	-0.478	-0.543	-0.562	-0.925	-0.606	-0.557	-0.586	-0.226	-0.944	-0.695	-0.776	-0.548	-0.664	-0.584	-0.885	-0.820	-0.840	-0.849	-0.841	-0.918	-0.885	-0.837	-0.796	-0.870	-0.863	-0.733	-0.753	-0.752	-0.909	-0.736	-0.743	-0.789	-0.757	-0.757	-0.772	-0.759	-0.740	-0.762	-0.769	-0.763	-0.753	-0.764	-0.764	-0.760	-0.760	-0.765	-0.761	-0.761	-0.770	-0.573	-0.701	-0.784	-0.778	-0.871	-0.841	-0.689	-0.867	-0.690	-0.832	-0.875	-0.882	-0.864	-0.807	-0.867	-0.869	-0.882	-0.886	-0.888	-0.929	-0.931	-0.893	-0.978	-0.931	-0.931	-0.931	-0.930	-0.797	-0.932	-0.930	-0.930	-0.784	-0.903	
rs13065604     -1.001	-0.769	-1.004	-0.787	-0.692	-0.782	-0.780	-0.779	-0.318	-0.439	-0.524	-0.544	-0.892	-0.583	-0.537	-0.567	-0.189	-0.920	-0.653	-0.752	-0.500	-0.651	-0.261	-0.797	-0.601	-0.760	-0.820	-0.731	-0.882	-0.899	-0.705	-0.835	-0.891	-0.889	-0.797	-0.811	-0.810	-0.835	-0.798	-0.803	-0.675	-0.813	-0.813	-0.836	-0.815	-0.801	-0.817	-0.839	-0.844	-0.848	-0.818	-0.818	-0.816	-0.815	-0.819	-0.816	-0.817	-0.823	-0.701	-0.555	-0.823	-0.585	-0.640	-0.766	-0.755	-0.631	-0.755	-0.853	-0.938	-0.882	-0.929	-0.832	-0.931	-0.870	-0.883	-0.882	-0.882	-0.910	-0.917	-0.883	-0.986	-0.911	-0.912	-0.915	-0.907	-0.888	-0.912	-0.915	-0.920	-0.891	-0.698	
