## Summary of overall evidence for association with region:
## log10(BF for region) = 14.2196
## p-value for region = NA

## BFs for choosing among multi-SNP models:
## log10(average 1-SNP BF) = 14.1936
## log10(average 2-SNP BF) = 14.2675

## Example posterior probabilities for multi-SNP models, based on default prior: [p(l) propto 0.5^l for l=1,2,...,L]
## posterior probability of 1-SNP = 0.627813
## posterior probability of 2-SNP = 0.372187

## log10(BF) for single SNP and pair of SNPs:
rs11556924     -0.014	-0.036	+12.680	+12.753	+12.713	+12.739	+12.974	+13.277	+12.991	+13.355	+13.022	+13.116	+12.779	+12.931	+12.764	+12.790	+12.750	+12.652	+12.880	+12.880	+12.719	+13.054	+13.053	+13.084	+13.051	+13.047	+13.138	+13.045	+13.041	+13.037	+13.035	+13.197	+13.222	+13.504	+13.530	+13.686	+13.533	+13.532	+13.536	+13.526	+13.045	+13.526	+13.060	+13.525	+13.412	+12.757	+13.402	+13.402	+13.054	+13.052	+13.196	+13.152	+11.209	-0.420	
rs56179563     -0.036	+0.212	+12.730	+12.803	+12.763	+12.789	+13.023	+13.325	+13.040	+13.401	+13.071	+13.165	+12.836	+12.986	+12.821	+12.848	+12.808	+12.710	+12.937	+12.936	+12.777	+13.113	+13.111	+13.144	+13.110	+13.106	+13.196	+13.104	+13.100	+13.096	+13.094	+13.254	+13.279	+13.557	+13.583	+13.737	+13.586	+13.585	+13.590	+13.579	+13.105	+13.579	+13.120	+13.578	+13.465	+12.818	+13.455	+13.455	+13.114	+13.112	+13.255	+13.215	+11.294	-0.212	
rs72607759     +12.680	+12.730	+13.714	+13.843	+13.821	+13.835	+13.975	+14.191	+13.985	+14.252	+14.005	+14.071	+13.883	+13.975	+13.876	+13.887	+13.871	+13.822	+13.951	+13.950	+13.856	+14.031	+14.030	+14.048	+14.029	+14.027	+14.091	+14.026	+14.023	+14.021	+14.020	+14.132	+14.151	+14.367	+14.387	+14.513	+14.389	+14.388	+14.395	+14.384	+14.027	+14.384	+14.036	+14.383	+14.304	+13.865	+14.291	+14.292	+14.033	+14.032	+14.168	+14.158	+13.559	+12.815	
rs17164299     +12.753	+12.803	+13.843	+13.788	+13.856	+13.869	+14.002	+14.211	+14.012	+14.269	+14.031	+14.094	+13.916	+14.005	+13.909	+13.919	+13.904	+13.857	+13.981	+13.981	+13.890	+14.057	+14.056	+14.073	+14.055	+14.053	+14.115	+14.052	+14.050	+14.048	+14.047	+14.155	+14.174	+14.385	+14.404	+14.528	+14.406	+14.406	+14.413	+14.401	+14.053	+14.401	+14.063	+14.401	+14.325	+13.899	+14.311	+14.312	+14.059	+14.058	+14.193	+14.184	+13.608	+12.890	
rs72607760     +12.713	+12.763	+13.821	+13.856	+13.743	+13.849	+13.987	+14.214	+14.003	+14.301	+14.025	+14.092	+13.867	+13.958	+13.860	+13.872	+13.854	+13.806	+13.931	+13.930	+13.839	+14.053	+14.052	+14.068	+14.051	+14.049	+14.111	+14.048	+14.046	+14.044	+14.043	+14.152	+14.171	+14.382	+14.400	+14.522	+14.402	+14.402	+14.411	+14.397	+14.050	+14.397	+14.059	+14.397	+14.325	+13.896	+14.310	+14.310	+14.056	+14.055	+14.194	+14.186	+13.599	+12.852	
rs17164374     +12.739	+12.789	+13.835	+13.869	+13.849	+13.770	+13.996	+14.218	+14.011	+14.302	+14.032	+14.099	+13.880	+13.969	+13.873	+13.884	+13.867	+13.820	+13.942	+13.942	+13.852	+14.063	+14.063	+14.078	+14.062	+14.060	+14.121	+14.059	+14.056	+14.055	+14.053	+14.161	+14.180	+14.389	+14.407	+14.529	+14.409	+14.409	+14.419	+14.405	+14.060	+14.405	+14.069	+14.404	+14.333	+13.909	+14.318	+14.319	+14.067	+14.065	+14.204	+14.197	+13.617	+12.878	
rs17164377     +12.974	+13.023	+13.975	+14.002	+13.987	+13.996	+14.006	+14.275	+14.104	+14.336	+14.121	+14.174	+14.007	+14.080	+14.001	+14.010	+13.996	+13.958	+14.059	+14.059	+13.984	+14.169	+14.168	+14.180	+14.167	+14.166	+14.221	+14.165	+14.163	+14.162	+14.161	+14.257	+14.275	+14.468	+14.485	+14.597	+14.486	+14.486	+14.498	+14.482	+14.167	+14.482	+14.175	+14.482	+14.421	+14.037	+14.405	+14.405	+14.173	+14.172	+14.304	+14.301	+13.791	+13.116	
rs111327579    +13.277	+13.325	+14.191	+14.211	+14.214	+14.218	+14.275	+14.315	+14.283	+14.446	+14.294	+14.329	+14.210	+14.265	+14.206	+14.213	+14.202	+14.174	+14.248	+14.248	+14.193	+14.340	+14.340	+14.349	+14.339	+14.338	+14.385	+14.337	+14.335	+14.334	+14.333	+14.415	+14.431	+14.602	+14.616	+14.717	+14.618	+14.617	+14.631	+14.614	+14.338	+14.614	+14.345	+14.613	+14.564	+14.232	+14.547	+14.547	+14.343	+14.342	+14.461	+14.461	+14.032	+13.421	
rs113634795    +12.991	+13.040	+13.985	+14.012	+14.003	+14.011	+14.104	+14.283	+14.023	+14.346	+14.132	+14.183	+14.014	+14.086	+14.008	+14.018	+14.003	+13.967	+14.064	+14.064	+13.992	+14.170	+14.169	+14.182	+14.168	+14.167	+14.221	+14.166	+14.164	+14.162	+14.161	+14.257	+14.274	+14.466	+14.482	+14.595	+14.484	+14.484	+14.495	+14.480	+14.167	+14.480	+14.175	+14.479	+14.418	+14.038	+14.402	+14.403	+14.173	+14.171	+14.304	+14.300	+13.797	+13.133	
rs58117719     +13.355	+13.401	+14.252	+14.269	+14.301	+14.302	+14.336	+14.446	+14.346	+14.394	+14.353	+14.380	+14.267	+14.310	+14.263	+14.270	+14.259	+14.237	+14.295	+14.295	+14.251	+14.378	+14.377	+14.387	+14.377	+14.375	+14.411	+14.375	+14.373	+14.372	+14.371	+14.438	+14.453	+14.625	+14.639	+14.726	+14.641	+14.640	+14.642	+14.637	+14.376	+14.637	+14.383	+14.637	+14.577	+14.278	+14.573	+14.573	+14.381	+14.380	+14.498	+14.498	+14.090	+13.506	
rs60722983     +13.022	+13.071	+14.005	+14.031	+14.025	+14.032	+14.121	+14.294	+14.132	+14.353	+14.055	+14.196	+14.033	+14.102	+14.027	+14.036	+14.022	+13.987	+14.081	+14.080	+14.011	+14.184	+14.183	+14.196	+14.183	+14.181	+14.235	+14.180	+14.178	+14.177	+14.176	+14.270	+14.287	+14.476	+14.492	+14.603	+14.494	+14.493	+14.505	+14.490	+14.181	+14.490	+14.189	+14.489	+14.429	+14.055	+14.413	+14.413	+14.186	+14.185	+14.316	+14.313	+13.819	+13.164	
rs17164379     +13.116	+13.165	+14.071	+14.094	+14.092	+14.099	+14.174	+14.329	+14.183	+14.380	+14.196	+14.150	+14.095	+14.157	+14.089	+14.098	+14.085	+14.053	+14.138	+14.137	+14.074	+14.235	+14.235	+14.246	+14.234	+14.232	+14.283	+14.232	+14.230	+14.228	+14.227	+14.316	+14.333	+14.515	+14.531	+14.638	+14.533	+14.532	+14.545	+14.528	+14.233	+14.528	+14.240	+14.528	+14.471	+14.115	+14.456	+14.456	+14.238	+14.237	+14.362	+14.359	+13.892	+13.260	
rs17164386     +12.779	+12.836	+13.883	+13.916	+13.867	+13.880	+14.007	+14.210	+14.014	+14.267	+14.033	+14.095	+13.801	+13.976	+13.884	+13.894	+13.877	+13.830	+13.943	+13.943	+13.860	+14.047	+14.046	+14.067	+14.045	+14.042	+14.104	+14.041	+14.038	+14.036	+14.035	+14.145	+14.162	+14.379	+14.400	+14.530	+14.402	+14.401	+14.403	+14.396	+14.043	+14.396	+14.052	+14.396	+14.308	+13.881	+14.298	+14.298	+14.049	+14.047	+14.170	+14.158	+13.588	+12.915	
rs112566353    +12.931	+12.986	+13.975	+14.005	+13.958	+13.969	+14.080	+14.265	+14.086	+14.310	+14.102	+14.157	+13.976	+13.957	+13.970	+13.977	+13.964	+13.928	+14.022	+14.021	+13.952	+14.112	+14.111	+14.131	+14.110	+14.108	+14.161	+14.107	+14.105	+14.102	+14.101	+14.197	+14.214	+14.416	+14.435	+14.559	+14.437	+14.437	+14.440	+14.432	+14.111	+14.432	+14.119	+14.432	+14.351	+13.969	+14.344	+14.344	+14.116	+14.115	+14.237	+14.229	+13.710	+13.072	
rs17164418     +12.764	+12.821	+13.876	+13.909	+13.860	+13.873	+14.001	+14.206	+14.008	+14.263	+14.027	+14.089	+13.884	+13.970	+13.785	+13.887	+13.869	+13.822	+13.937	+13.937	+13.853	+14.041	+14.040	+14.061	+14.039	+14.036	+14.099	+14.035	+14.032	+14.030	+14.028	+14.140	+14.158	+14.377	+14.398	+14.531	+14.401	+14.400	+14.400	+14.395	+14.036	+14.395	+14.045	+14.394	+14.303	+13.872	+14.294	+14.294	+14.042	+14.040	+14.162	+14.149	+13.574	+12.899	
rs4731651      +12.790	+12.848	+13.887	+13.919	+13.872	+13.884	+14.010	+14.213	+14.018	+14.270	+14.036	+14.098	+13.894	+13.977	+13.887	+13.812	+13.880	+13.835	+13.947	+13.946	+13.865	+14.051	+14.050	+14.070	+14.049	+14.047	+14.108	+14.045	+14.043	+14.040	+14.039	+14.148	+14.166	+14.380	+14.401	+14.531	+14.403	+14.403	+14.405	+14.398	+14.045	+14.398	+14.054	+14.397	+14.311	+13.887	+14.301	+14.301	+14.051	+14.049	+14.168	+14.155	+13.588	+12.924	
rs72607761     +12.750	+12.808	+13.871	+13.904	+13.854	+13.867	+13.996	+14.202	+14.003	+14.259	+14.022	+14.085	+13.877	+13.964	+13.869	+13.880	+13.772	+13.814	+13.932	+13.931	+13.846	+14.036	+14.035	+14.056	+14.034	+14.031	+14.095	+14.030	+14.027	+14.025	+14.023	+14.136	+14.154	+14.375	+14.397	+14.531	+14.399	+14.398	+14.398	+14.393	+14.030	+14.393	+14.040	+14.393	+14.300	+13.864	+14.291	+14.291	+14.037	+14.035	+14.155	+14.142	+13.562	+12.885	
rs4731654      +12.652	+12.710	+13.822	+13.857	+13.806	+13.820	+13.958	+14.174	+13.967	+14.237	+13.987	+14.053	+13.830	+13.928	+13.822	+13.835	+13.814	+13.672	+13.893	+13.892	+13.795	+14.004	+14.003	+14.024	+14.001	+13.998	+14.066	+13.997	+13.994	+13.991	+13.990	+14.110	+14.128	+14.358	+14.381	+14.520	+14.383	+14.383	+14.379	+14.377	+13.996	+14.377	+14.007	+14.376	+14.277	+13.817	+14.272	+14.272	+14.003	+14.001	+14.122	+14.105	+13.489	+12.786	
rs72607762     +12.880	+12.937	+13.951	+13.981	+13.931	+13.942	+14.059	+14.248	+14.064	+14.295	+14.081	+14.138	+13.943	+14.022	+13.937	+13.947	+13.932	+13.893	+13.904	+13.995	+13.919	+14.088	+14.087	+14.107	+14.086	+14.084	+14.140	+14.082	+14.080	+14.078	+14.076	+14.178	+14.195	+14.402	+14.422	+14.554	+14.424	+14.423	+14.427	+14.418	+14.085	+14.419	+14.093	+14.418	+14.334	+13.936	+14.326	+14.326	+14.090	+14.089	+14.209	+14.199	+13.665	+13.019	
rs72607763     +12.880	+12.936	+13.950	+13.981	+13.930	+13.942	+14.059	+14.248	+14.064	+14.295	+14.080	+14.137	+13.943	+14.021	+13.937	+13.946	+13.931	+13.892	+13.995	+13.903	+13.919	+14.087	+14.087	+14.107	+14.086	+14.083	+14.140	+14.082	+14.080	+14.077	+14.076	+14.178	+14.195	+14.402	+14.422	+14.553	+14.424	+14.423	+14.427	+14.418	+14.084	+14.418	+14.093	+14.418	+14.334	+13.936	+14.326	+14.326	+14.090	+14.089	+14.209	+14.199	+13.664	+13.018	
rs58154811     +12.719	+12.777	+13.856	+13.890	+13.839	+13.852	+13.984	+14.193	+13.992	+14.251	+14.011	+14.074	+13.860	+13.952	+13.853	+13.865	+13.846	+13.795	+13.919	+13.919	+13.739	+14.025	+14.024	+14.045	+14.023	+14.020	+14.085	+14.019	+14.016	+14.013	+14.012	+14.128	+14.146	+14.371	+14.394	+14.530	+14.396	+14.395	+14.392	+14.390	+14.019	+14.390	+14.029	+14.389	+14.292	+13.848	+14.284	+14.284	+14.025	+14.023	+14.143	+14.127	+13.536	+12.852	
rs72607764     +13.054	+13.113	+14.031	+14.057	+14.053	+14.063	+14.169	+14.340	+14.170	+14.378	+14.184	+14.235	+14.047	+14.112	+14.041	+14.051	+14.036	+14.004	+14.088	+14.087	+14.025	+14.079	+14.171	+14.185	+14.170	+14.168	+14.216	+14.167	+14.165	+14.163	+14.162	+14.250	+14.264	+14.458	+14.479	+14.604	+14.481	+14.480	+14.477	+14.475	+14.163	+14.475	+14.171	+14.474	+14.387	+14.051	+14.380	+14.380	+14.168	+14.167	+14.261	+14.250	+13.777	+13.188	
rs78298636     +13.053	+13.111	+14.030	+14.056	+14.052	+14.063	+14.168	+14.340	+14.169	+14.377	+14.183	+14.235	+14.046	+14.111	+14.040	+14.050	+14.035	+14.003	+14.087	+14.087	+14.024	+14.171	+14.078	+14.184	+14.170	+14.168	+14.215	+14.167	+14.165	+14.163	+14.161	+14.249	+14.264	+14.457	+14.478	+14.603	+14.480	+14.480	+14.476	+14.475	+14.163	+14.475	+14.170	+14.474	+14.387	+14.050	+14.380	+14.380	+14.167	+14.166	+14.260	+14.249	+13.776	+13.186	
rs113140532    +13.084	+13.144	+14.048	+14.073	+14.068	+14.078	+14.180	+14.349	+14.182	+14.387	+14.196	+14.246	+14.067	+14.131	+14.061	+14.070	+14.056	+14.024	+14.107	+14.107	+14.045	+14.185	+14.184	+14.110	+14.183	+14.181	+14.227	+14.180	+14.178	+14.176	+14.175	+14.260	+14.274	+14.462	+14.482	+14.602	+14.483	+14.483	+14.483	+14.478	+14.181	+14.478	+14.189	+14.478	+14.398	+14.068	+14.389	+14.389	+14.186	+14.184	+14.271	+14.260	+13.799	+13.216	
rs72607765     +13.051	+13.110	+14.029	+14.055	+14.051	+14.062	+14.167	+14.339	+14.168	+14.377	+14.183	+14.234	+14.045	+14.110	+14.039	+14.049	+14.034	+14.001	+14.086	+14.086	+14.023	+14.170	+14.170	+14.183	+14.076	+14.167	+14.214	+14.166	+14.164	+14.162	+14.161	+14.249	+14.263	+14.457	+14.478	+14.603	+14.480	+14.479	+14.476	+14.474	+14.162	+14.475	+14.169	+14.474	+14.386	+14.049	+14.379	+14.380	+14.167	+14.165	+14.259	+14.248	+13.775	+13.184	
rs4731655      +13.047	+13.106	+14.027	+14.053	+14.049	+14.060	+14.166	+14.338	+14.167	+14.375	+14.181	+14.232	+14.042	+14.108	+14.036	+14.047	+14.031	+13.998	+14.084	+14.083	+14.020	+14.168	+14.168	+14.181	+14.167	+14.072	+14.213	+14.164	+14.162	+14.159	+14.158	+14.247	+14.262	+14.456	+14.477	+14.603	+14.479	+14.479	+14.475	+14.474	+14.160	+14.474	+14.167	+14.473	+14.385	+14.046	+14.378	+14.378	+14.164	+14.163	+14.257	+14.246	+13.771	+13.180	
rs4731656      +13.138	+13.196	+14.091	+14.115	+14.111	+14.121	+14.221	+14.385	+14.221	+14.411	+14.235	+14.283	+14.104	+14.161	+14.099	+14.108	+14.095	+14.066	+14.140	+14.140	+14.085	+14.216	+14.215	+14.227	+14.214	+14.213	+14.166	+14.212	+14.210	+14.208	+14.207	+14.290	+14.303	+14.479	+14.498	+14.623	+14.500	+14.499	+14.502	+14.495	+14.209	+14.495	+14.216	+14.494	+14.417	+14.111	+14.409	+14.409	+14.213	+14.212	+14.304	+14.295	+13.850	+13.275	
rs4731657      +13.045	+13.104	+14.026	+14.052	+14.048	+14.059	+14.165	+14.337	+14.166	+14.375	+14.180	+14.232	+14.041	+14.107	+14.035	+14.045	+14.030	+13.997	+14.082	+14.082	+14.019	+14.167	+14.167	+14.180	+14.166	+14.164	+14.212	+14.070	+14.161	+14.159	+14.157	+14.246	+14.261	+14.456	+14.477	+14.603	+14.479	+14.478	+14.475	+14.473	+14.159	+14.473	+14.167	+14.473	+14.384	+14.044	+14.378	+14.378	+14.163	+14.162	+14.256	+14.245	+13.770	+13.178	
rs60800944     +13.041	+13.100	+14.023	+14.050	+14.046	+14.056	+14.163	+14.335	+14.164	+14.373	+14.178	+14.230	+14.038	+14.105	+14.032	+14.043	+14.027	+13.994	+14.080	+14.080	+14.016	+14.165	+14.165	+14.178	+14.164	+14.162	+14.210	+14.161	+14.066	+14.156	+14.155	+14.245	+14.260	+14.455	+14.476	+14.602	+14.478	+14.477	+14.474	+14.472	+14.157	+14.473	+14.165	+14.472	+14.383	+14.042	+14.376	+14.377	+14.161	+14.160	+14.254	+14.243	+13.766	+13.174	
rs4731658      +13.037	+13.096	+14.021	+14.048	+14.044	+14.055	+14.162	+14.334	+14.162	+14.372	+14.177	+14.228	+14.036	+14.102	+14.030	+14.040	+14.025	+13.991	+14.078	+14.077	+14.013	+14.163	+14.163	+14.176	+14.162	+14.159	+14.208	+14.159	+14.156	+14.062	+14.153	+14.243	+14.258	+14.454	+14.476	+14.602	+14.478	+14.477	+14.473	+14.472	+14.155	+14.472	+14.163	+14.471	+14.382	+14.039	+14.375	+14.375	+14.159	+14.158	+14.252	+14.241	+13.763	+13.170	
rs4731659      +13.035	+13.094	+14.020	+14.047	+14.043	+14.053	+14.161	+14.333	+14.161	+14.371	+14.176	+14.227	+14.035	+14.101	+14.028	+14.039	+14.023	+13.990	+14.076	+14.076	+14.012	+14.162	+14.161	+14.175	+14.161	+14.158	+14.207	+14.157	+14.155	+14.153	+14.060	+14.242	+14.257	+14.454	+14.475	+14.602	+14.477	+14.476	+14.472	+14.471	+14.154	+14.472	+14.161	+14.471	+14.381	+14.037	+14.375	+14.375	+14.158	+14.157	+14.251	+14.240	+13.761	+13.168	
rs2140877      +13.197	+13.254	+14.132	+14.155	+14.152	+14.161	+14.257	+14.415	+14.257	+14.438	+14.270	+14.316	+14.145	+14.197	+14.140	+14.148	+14.136	+14.110	+14.178	+14.178	+14.128	+14.250	+14.249	+14.260	+14.249	+14.247	+14.290	+14.246	+14.245	+14.243	+14.242	+14.225	+14.331	+14.497	+14.515	+14.636	+14.517	+14.516	+14.520	+14.512	+14.243	+14.512	+14.249	+14.512	+14.438	+14.157	+14.431	+14.431	+14.247	+14.246	+14.333	+14.325	+13.899	+13.335	
rs56923656     +13.222	+13.279	+14.151	+14.174	+14.171	+14.180	+14.275	+14.431	+14.274	+14.453	+14.287	+14.333	+14.162	+14.214	+14.158	+14.166	+14.154	+14.128	+14.195	+14.195	+14.146	+14.264	+14.264	+14.274	+14.263	+14.262	+14.303	+14.261	+14.260	+14.258	+14.257	+14.331	+14.250	+14.506	+14.524	+14.642	+14.525	+14.525	+14.528	+14.520	+14.259	+14.521	+14.265	+14.520	+14.448	+14.179	+14.441	+14.441	+14.262	+14.261	+14.345	+14.338	+13.919	+13.359	
rs7805667      +13.504	+13.557	+14.367	+14.385	+14.382	+14.389	+14.468	+14.602	+14.466	+14.625	+14.476	+14.515	+14.379	+14.416	+14.377	+14.380	+14.375	+14.358	+14.402	+14.402	+14.371	+14.458	+14.457	+14.462	+14.457	+14.456	+14.479	+14.456	+14.455	+14.454	+14.454	+14.497	+14.506	+14.538	+14.646	+14.735	+14.647	+14.647	+14.645	+14.644	+14.453	+14.644	+14.457	+14.643	+14.585	+14.417	+14.583	+14.583	+14.455	+14.454	+14.519	+14.516	+14.172	+13.650	
rs7805851      +13.530	+13.583	+14.387	+14.404	+14.400	+14.407	+14.485	+14.616	+14.482	+14.639	+14.492	+14.531	+14.400	+14.435	+14.398	+14.401	+14.397	+14.381	+14.422	+14.422	+14.394	+14.479	+14.478	+14.482	+14.478	+14.477	+14.498	+14.477	+14.476	+14.476	+14.475	+14.515	+14.524	+14.646	+14.565	+14.745	+14.660	+14.660	+14.658	+14.657	+14.473	+14.657	+14.477	+14.656	+14.600	+14.443	+14.598	+14.598	+14.475	+14.474	+14.535	+14.532	+14.194	+13.676	
rs111530517    +13.686	+13.737	+14.513	+14.528	+14.522	+14.529	+14.597	+14.717	+14.595	+14.726	+14.603	+14.638	+14.530	+14.559	+14.531	+14.531	+14.531	+14.520	+14.554	+14.553	+14.530	+14.604	+14.603	+14.602	+14.603	+14.603	+14.623	+14.603	+14.602	+14.602	+14.602	+14.636	+14.642	+14.735	+14.745	+14.723	+14.746	+14.745	+14.748	+14.743	+14.597	+14.743	+14.600	+14.743	+14.705	+14.590	+14.698	+14.698	+14.598	+14.598	+14.641	+14.638	+14.335	+13.837	
rs72607767     +13.533	+13.586	+14.389	+14.406	+14.402	+14.409	+14.486	+14.618	+14.484	+14.641	+14.494	+14.533	+14.402	+14.437	+14.401	+14.403	+14.399	+14.383	+14.424	+14.424	+14.396	+14.481	+14.480	+14.483	+14.480	+14.479	+14.500	+14.479	+14.478	+14.478	+14.477	+14.517	+14.525	+14.647	+14.660	+14.746	+14.567	+14.661	+14.659	+14.658	+14.475	+14.658	+14.479	+14.658	+14.602	+14.446	+14.600	+14.600	+14.477	+14.477	+14.536	+14.533	+14.196	+13.679	
rs4731660      +13.532	+13.585	+14.388	+14.406	+14.402	+14.409	+14.486	+14.617	+14.484	+14.640	+14.493	+14.532	+14.401	+14.437	+14.400	+14.403	+14.398	+14.383	+14.423	+14.423	+14.395	+14.480	+14.480	+14.483	+14.479	+14.479	+14.499	+14.478	+14.477	+14.477	+14.476	+14.516	+14.525	+14.647	+14.660	+14.745	+14.661	+14.566	+14.659	+14.658	+14.474	+14.658	+14.478	+14.657	+14.601	+14.445	+14.599	+14.599	+14.477	+14.476	+14.535	+14.532	+14.195	+13.678	
rs72607768     +13.536	+13.590	+14.395	+14.413	+14.411	+14.419	+14.498	+14.631	+14.495	+14.642	+14.505	+14.545	+14.403	+14.440	+14.400	+14.405	+14.398	+14.379	+14.427	+14.427	+14.392	+14.477	+14.476	+14.483	+14.476	+14.475	+14.502	+14.475	+14.474	+14.473	+14.472	+14.520	+14.528	+14.645	+14.658	+14.748	+14.659	+14.659	+14.571	+14.655	+14.473	+14.656	+14.477	+14.655	+14.605	+14.428	+14.598	+14.598	+14.475	+14.475	+14.545	+14.542	+14.202	+13.679	
rs72607769     +13.526	+13.579	+14.384	+14.401	+14.397	+14.405	+14.482	+14.614	+14.480	+14.637	+14.490	+14.528	+14.396	+14.432	+14.395	+14.398	+14.393	+14.377	+14.418	+14.418	+14.390	+14.475	+14.475	+14.478	+14.474	+14.474	+14.495	+14.473	+14.472	+14.472	+14.471	+14.512	+14.520	+14.644	+14.657	+14.743	+14.658	+14.658	+14.655	+14.560	+14.470	+14.655	+14.473	+14.654	+14.598	+14.439	+14.596	+14.596	+14.472	+14.471	+14.531	+14.527	+14.190	+13.672	
rs61195089     +13.045	+13.105	+14.027	+14.053	+14.050	+14.060	+14.167	+14.338	+14.167	+14.376	+14.181	+14.233	+14.043	+14.111	+14.036	+14.045	+14.030	+13.996	+14.085	+14.084	+14.019	+14.163	+14.163	+14.181	+14.162	+14.160	+14.209	+14.159	+14.157	+14.155	+14.154	+14.243	+14.259	+14.453	+14.473	+14.597	+14.475	+14.474	+14.473	+14.470	+14.069	+14.470	+14.170	+14.469	+14.384	+14.041	+14.376	+14.377	+14.167	+14.165	+14.251	+14.238	+13.763	+13.175	
rs61667316     +13.526	+13.579	+14.384	+14.401	+14.397	+14.405	+14.482	+14.614	+14.480	+14.637	+14.490	+14.528	+14.396	+14.432	+14.395	+14.398	+14.393	+14.377	+14.419	+14.418	+14.390	+14.475	+14.475	+14.478	+14.475	+14.474	+14.495	+14.473	+14.473	+14.472	+14.472	+14.512	+14.521	+14.644	+14.657	+14.743	+14.658	+14.658	+14.656	+14.655	+14.470	+14.560	+14.473	+14.654	+14.598	+14.440	+14.596	+14.596	+14.472	+14.471	+14.531	+14.527	+14.190	+13.672	
rs61058890     +13.060	+13.120	+14.036	+14.063	+14.059	+14.069	+14.175	+14.345	+14.175	+14.383	+14.189	+14.240	+14.052	+14.119	+14.045	+14.054	+14.040	+14.007	+14.093	+14.093	+14.029	+14.171	+14.170	+14.189	+14.169	+14.167	+14.216	+14.167	+14.165	+14.163	+14.161	+14.249	+14.265	+14.457	+14.477	+14.600	+14.479	+14.478	+14.477	+14.473	+14.170	+14.473	+14.084	+14.473	+14.389	+14.052	+14.381	+14.381	+14.174	+14.173	+14.258	+14.245	+13.775	+13.190	
rs59713363     +13.525	+13.578	+14.383	+14.401	+14.397	+14.404	+14.482	+14.613	+14.479	+14.637	+14.489	+14.528	+14.396	+14.432	+14.394	+14.397	+14.393	+14.376	+14.418	+14.418	+14.389	+14.474	+14.474	+14.478	+14.474	+14.473	+14.494	+14.473	+14.472	+14.471	+14.471	+14.512	+14.520	+14.643	+14.656	+14.743	+14.658	+14.657	+14.655	+14.654	+14.469	+14.654	+14.473	+14.560	+14.597	+14.439	+14.595	+14.595	+14.471	+14.471	+14.530	+14.526	+14.189	+13.672	
rs112128906    +13.412	+13.465	+14.304	+14.325	+14.325	+14.333	+14.421	+14.564	+14.418	+14.577	+14.429	+14.471	+14.308	+14.351	+14.303	+14.311	+14.300	+14.277	+14.334	+14.334	+14.292	+14.387	+14.387	+14.398	+14.386	+14.385	+14.417	+14.384	+14.383	+14.382	+14.381	+14.438	+14.448	+14.585	+14.600	+14.705	+14.602	+14.601	+14.605	+14.598	+14.384	+14.598	+14.389	+14.597	+14.447	+14.327	+14.530	+14.530	+14.387	+14.386	+14.471	+14.468	+14.096	+13.560	
rs115340479    +12.757	+12.818	+13.865	+13.899	+13.896	+13.909	+14.037	+14.232	+14.038	+14.278	+14.055	+14.115	+13.881	+13.969	+13.872	+13.887	+13.864	+13.817	+13.936	+13.936	+13.848	+14.051	+14.050	+14.068	+14.049	+14.046	+14.111	+14.044	+14.042	+14.039	+14.037	+14.157	+14.179	+14.417	+14.443	+14.590	+14.446	+14.445	+14.428	+14.439	+14.041	+14.440	+14.052	+14.439	+14.327	+13.779	+14.316	+14.316	+14.048	+14.046	+14.144	+14.124	+13.540	+12.885	
rs7790557      +13.402	+13.455	+14.291	+14.311	+14.310	+14.318	+14.405	+14.547	+14.402	+14.573	+14.413	+14.456	+14.298	+14.344	+14.294	+14.301	+14.291	+14.272	+14.326	+14.326	+14.284	+14.380	+14.380	+14.389	+14.379	+14.378	+14.409	+14.378	+14.376	+14.375	+14.375	+14.431	+14.441	+14.583	+14.598	+14.698	+14.600	+14.599	+14.598	+14.596	+14.376	+14.596	+14.381	+14.595	+14.530	+14.316	+14.435	+14.529	+14.379	+14.379	+14.458	+14.453	+14.082	+13.548	
rs6961878      +13.402	+13.455	+14.292	+14.312	+14.310	+14.319	+14.405	+14.547	+14.403	+14.573	+14.413	+14.456	+14.298	+14.344	+14.294	+14.301	+14.291	+14.272	+14.326	+14.326	+14.284	+14.380	+14.380	+14.389	+14.380	+14.378	+14.409	+14.378	+14.377	+14.375	+14.375	+14.431	+14.441	+14.583	+14.598	+14.698	+14.600	+14.599	+14.598	+14.596	+14.377	+14.596	+14.381	+14.595	+14.530	+14.316	+14.529	+14.435	+14.380	+14.379	+14.458	+14.453	+14.082	+13.548	
rs4728184      +13.054	+13.114	+14.033	+14.059	+14.056	+14.067	+14.173	+14.343	+14.173	+14.381	+14.186	+14.238	+14.049	+14.116	+14.042	+14.051	+14.037	+14.003	+14.090	+14.090	+14.025	+14.168	+14.167	+14.186	+14.167	+14.164	+14.213	+14.163	+14.161	+14.159	+14.158	+14.247	+14.262	+14.455	+14.475	+14.598	+14.477	+14.477	+14.475	+14.472	+14.167	+14.472	+14.174	+14.471	+14.387	+14.048	+14.379	+14.380	+14.079	+14.170	+14.254	+14.241	+13.769	+13.185	
rs59618812     +13.052	+13.112	+14.032	+14.058	+14.055	+14.065	+14.172	+14.342	+14.171	+14.380	+14.185	+14.237	+14.047	+14.115	+14.040	+14.049	+14.035	+14.001	+14.089	+14.089	+14.023	+14.167	+14.166	+14.184	+14.165	+14.163	+14.212	+14.162	+14.160	+14.158	+14.157	+14.246	+14.261	+14.454	+14.474	+14.598	+14.477	+14.476	+14.475	+14.471	+14.165	+14.471	+14.173	+14.471	+14.386	+14.046	+14.379	+14.379	+14.170	+14.076	+14.253	+14.239	+13.767	+13.183	
rs3800562      +13.196	+13.255	+14.168	+14.193	+14.194	+14.204	+14.304	+14.461	+14.304	+14.498	+14.316	+14.362	+14.170	+14.237	+14.162	+14.168	+14.155	+14.122	+14.209	+14.209	+14.143	+14.261	+14.260	+14.271	+14.259	+14.257	+14.304	+14.256	+14.254	+14.252	+14.251	+14.333	+14.345	+14.519	+14.535	+14.641	+14.536	+14.535	+14.545	+14.531	+14.251	+14.531	+14.258	+14.530	+14.471	+14.144	+14.458	+14.458	+14.254	+14.253	+14.227	+14.296	+13.879	+13.331	
rs11525837     +13.152	+13.215	+14.158	+14.184	+14.186	+14.197	+14.301	+14.461	+14.300	+14.498	+14.313	+14.359	+14.158	+14.229	+14.149	+14.155	+14.142	+14.105	+14.199	+14.199	+14.127	+14.250	+14.249	+14.260	+14.248	+14.246	+14.295	+14.245	+14.243	+14.241	+14.240	+14.325	+14.338	+14.516	+14.532	+14.638	+14.533	+14.532	+14.542	+14.527	+14.238	+14.527	+14.245	+14.526	+14.468	+14.124	+14.453	+14.453	+14.241	+14.239	+14.296	+14.184	+13.843	+13.290	
rs4731663      +11.209	+11.294	+13.559	+13.608	+13.599	+13.617	+13.791	+14.032	+13.797	+14.090	+13.819	+13.892	+13.588	+13.710	+13.574	+13.588	+13.562	+13.489	+13.665	+13.664	+13.536	+13.777	+13.776	+13.799	+13.775	+13.771	+13.850	+13.770	+13.766	+13.763	+13.761	+13.899	+13.919	+14.172	+14.194	+14.335	+14.196	+14.195	+14.202	+14.190	+13.763	+14.190	+13.775	+14.189	+14.096	+13.540	+14.082	+14.082	+13.769	+13.767	+13.879	+13.843	+12.208	+11.305	
rs55890035     -0.420	-0.212	+12.815	+12.890	+12.852	+12.878	+13.116	+13.421	+13.133	+13.506	+13.164	+13.260	+12.915	+13.072	+12.899	+12.924	+12.885	+12.786	+13.019	+13.018	+12.852	+13.188	+13.186	+13.216	+13.184	+13.180	+13.275	+13.178	+13.174	+13.170	+13.168	+13.335	+13.359	+13.650	+13.676	+13.837	+13.679	+13.678	+13.679	+13.672	+13.175	+13.672	+13.190	+13.672	+13.560	+12.885	+13.548	+13.548	+13.185	+13.183	+13.331	+13.290	+11.305	-0.473	

## posterior probabilities for single SNP and pair of SNPs:
rs11556924     +0.000	+0.000	+0.000	+0.000	+0.000	+0.000	+0.000	+0.000	+0.000	+0.000	+0.000	+0.000	+0.000	+0.000	+0.000	+0.000	+0.000	+0.000	+0.000	+0.000	+0.000	+0.000	+0.000	+0.000	+0.000	+0.000	+0.000	+0.000	+0.000	+0.000	+0.000	+0.000	+0.000	+0.000	+0.000	+0.000	+0.000	+0.000	+0.000	+0.000	+0.000	+0.000	+0.000	+0.000	+0.000	+0.000	+0.000	+0.000	+0.000	+0.000	+0.000	+0.000	+0.000	+0.000	
rs56179563     +0.000	+0.000	+0.000	+0.000	+0.000	+0.000	+0.000	+0.000	+0.000	+0.000	+0.000	+0.000	+0.000	+0.000	+0.000	+0.000	+0.000	+0.000	+0.000	+0.000	+0.000	+0.000	+0.000	+0.000	+0.000	+0.000	+0.000	+0.000	+0.000	+0.000	+0.000	+0.000	+0.000	+0.000	+0.000	+0.000	+0.000	+0.000	+0.000	+0.000	+0.000	+0.000	+0.000	+0.000	+0.000	+0.000	+0.000	+0.000	+0.000	+0.000	+0.000	+0.000	+0.000	+0.000	
rs72607759     +0.000	+0.000	+0.003	+0.000	+0.000	+0.000	+0.000	+0.000	+0.000	+0.000	+0.000	+0.000	+0.000	+0.000	+0.000	+0.000	+0.000	+0.000	+0.000	+0.000	+0.000	+0.000	+0.000	+0.000	+0.000	+0.000	+0.000	+0.000	+0.000	+0.000	+0.000	+0.000	+0.000	+0.000	+0.000	+0.001	+0.001	+0.001	+0.001	+0.000	+0.000	+0.000	+0.000	+0.000	+0.000	+0.000	+0.000	+0.000	+0.000	+0.000	+0.000	+0.000	+0.000	+0.000	
rs17164299     +0.000	+0.000	+0.000	+0.003	+0.000	+0.000	+0.000	+0.000	+0.000	+0.000	+0.000	+0.000	+0.000	+0.000	+0.000	+0.000	+0.000	+0.000	+0.000	+0.000	+0.000	+0.000	+0.000	+0.000	+0.000	+0.000	+0.000	+0.000	+0.000	+0.000	+0.000	+0.000	+0.000	+0.000	+0.001	+0.001	+0.001	+0.001	+0.001	+0.001	+0.000	+0.001	+0.000	+0.001	+0.000	+0.000	+0.000	+0.000	+0.000	+0.000	+0.000	+0.000	+0.000	+0.000	
rs72607760     +0.000	+0.000	+0.000	+0.000	+0.003	+0.000	+0.000	+0.000	+0.000	+0.000	+0.000	+0.000	+0.000	+0.000	+0.000	+0.000	+0.000	+0.000	+0.000	+0.000	+0.000	+0.000	+0.000	+0.000	+0.000	+0.000	+0.000	+0.000	+0.000	+0.000	+0.000	+0.000	+0.000	+0.000	+0.001	+0.001	+0.001	+0.001	+0.001	+0.001	+0.000	+0.001	+0.000	+0.001	+0.000	+0.000	+0.000	+0.000	+0.000	+0.000	+0.000	+0.000	+0.000	+0.000	
rs17164374     +0.000	+0.000	+0.000	+0.000	+0.000	+0.003	+0.000	+0.000	+0.000	+0.000	+0.000	+0.000	+0.000	+0.000	+0.000	+0.000	+0.000	+0.000	+0.000	+0.000	+0.000	+0.000	+0.000	+0.000	+0.000	+0.000	+0.000	+0.000	+0.000	+0.000	+0.000	+0.000	+0.000	+0.001	+0.001	+0.001	+0.001	+0.001	+0.001	+0.001	+0.000	+0.001	+0.000	+0.001	+0.000	+0.000	+0.000	+0.000	+0.000	+0.000	+0.000	+0.000	+0.000	+0.000	
rs17164377     +0.000	+0.000	+0.000	+0.000	+0.000	+0.000	+0.006	+0.000	+0.000	+0.000	+0.000	+0.000	+0.000	+0.000	+0.000	+0.000	+0.000	+0.000	+0.000	+0.000	+0.000	+0.000	+0.000	+0.000	+0.000	+0.000	+0.000	+0.000	+0.000	+0.000	+0.000	+0.000	+0.000	+0.001	+0.001	+0.001	+0.001	+0.001	+0.001	+0.001	+0.000	+0.001	+0.000	+0.001	+0.001	+0.000	+0.001	+0.001	+0.000	+0.000	+0.000	+0.000	+0.000	+0.000	
rs111327579    +0.000	+0.000	+0.000	+0.000	+0.000	+0.000	+0.000	+0.011	+0.000	+0.001	+0.000	+0.000	+0.000	+0.000	+0.000	+0.000	+0.000	+0.000	+0.000	+0.000	+0.000	+0.000	+0.000	+0.000	+0.000	+0.000	+0.000	+0.000	+0.000	+0.000	+0.000	+0.001	+0.001	+0.001	+0.001	+0.001	+0.001	+0.001	+0.001	+0.001	+0.000	+0.001	+0.000	+0.001	+0.001	+0.000	+0.001	+0.001	+0.000	+0.000	+0.001	+0.001	+0.000	+0.000	
rs113634795    +0.000	+0.000	+0.000	+0.000	+0.000	+0.000	+0.000	+0.000	+0.006	+0.000	+0.000	+0.000	+0.000	+0.000	+0.000	+0.000	+0.000	+0.000	+0.000	+0.000	+0.000	+0.000	+0.000	+0.000	+0.000	+0.000	+0.000	+0.000	+0.000	+0.000	+0.000	+0.000	+0.000	+0.001	+0.001	+0.001	+0.001	+0.001	+0.001	+0.001	+0.000	+0.001	+0.000	+0.001	+0.001	+0.000	+0.001	+0.001	+0.000	+0.000	+0.000	+0.000	+0.000	+0.000	
rs58117719     +0.000	+0.000	+0.000	+0.000	+0.000	+0.000	+0.000	+0.001	+0.000	+0.013	+0.000	+0.000	+0.000	+0.000	+0.000	+0.000	+0.000	+0.000	+0.000	+0.000	+0.000	+0.000	+0.000	+0.000	+0.000	+0.000	+0.001	+0.000	+0.000	+0.000	+0.000	+0.001	+0.001	+0.001	+0.001	+0.001	+0.001	+0.001	+0.001	+0.001	+0.000	+0.001	+0.000	+0.001	+0.001	+0.000	+0.001	+0.001	+0.000	+0.000	+0.001	+0.001	+0.000	+0.000	
rs60722983     +0.000	+0.000	+0.000	+0.000	+0.000	+0.000	+0.000	+0.000	+0.000	+0.000	+0.006	+0.000	+0.000	+0.000	+0.000	+0.000	+0.000	+0.000	+0.000	+0.000	+0.000	+0.000	+0.000	+0.000	+0.000	+0.000	+0.000	+0.000	+0.000	+0.000	+0.000	+0.000	+0.000	+0.001	+0.001	+0.001	+0.001	+0.001	+0.001	+0.001	+0.000	+0.001	+0.000	+0.001	+0.001	+0.000	+0.001	+0.001	+0.000	+0.000	+0.000	+0.000	+0.000	+0.000	
rs17164379     +0.000	+0.000	+0.000	+0.000	+0.000	+0.000	+0.000	+0.000	+0.000	+0.000	+0.000	+0.008	+0.000	+0.000	+0.000	+0.000	+0.000	+0.000	+0.000	+0.000	+0.000	+0.000	+0.000	+0.000	+0.000	+0.000	+0.000	+0.000	+0.000	+0.000	+0.000	+0.000	+0.000	+0.001	+0.001	+0.001	+0.001	+0.001	+0.001	+0.001	+0.000	+0.001	+0.000	+0.001	+0.001	+0.000	+0.001	+0.001	+0.000	+0.000	+0.000	+0.000	+0.000	+0.000	
rs17164386     +0.000	+0.000	+0.000	+0.000	+0.000	+0.000	+0.000	+0.000	+0.000	+0.000	+0.000	+0.000	+0.003	+0.000	+0.000	+0.000	+0.000	+0.000	+0.000	+0.000	+0.000	+0.000	+0.000	+0.000	+0.000	+0.000	+0.000	+0.000	+0.000	+0.000	+0.000	+0.000	+0.000	+0.000	+0.001	+0.001	+0.001	+0.001	+0.001	+0.001	+0.000	+0.001	+0.000	+0.001	+0.000	+0.000	+0.000	+0.000	+0.000	+0.000	+0.000	+0.000	+0.000	+0.000	
rs112566353    +0.000	+0.000	+0.000	+0.000	+0.000	+0.000	+0.000	+0.000	+0.000	+0.000	+0.000	+0.000	+0.000	+0.005	+0.000	+0.000	+0.000	+0.000	+0.000	+0.000	+0.000	+0.000	+0.000	+0.000	+0.000	+0.000	+0.000	+0.000	+0.000	+0.000	+0.000	+0.000	+0.000	+0.001	+0.001	+0.001	+0.001	+0.001	+0.001	+0.001	+0.000	+0.001	+0.000	+0.001	+0.000	+0.000	+0.000	+0.000	+0.000	+0.000	+0.000	+0.000	+0.000	+0.000	
rs17164418     +0.000	+0.000	+0.000	+0.000	+0.000	+0.000	+0.000	+0.000	+0.000	+0.000	+0.000	+0.000	+0.000	+0.000	+0.003	+0.000	+0.000	+0.000	+0.000	+0.000	+0.000	+0.000	+0.000	+0.000	+0.000	+0.000	+0.000	+0.000	+0.000	+0.000	+0.000	+0.000	+0.000	+0.000	+0.001	+0.001	+0.001	+0.001	+0.001	+0.001	+0.000	+0.001	+0.000	+0.001	+0.000	+0.000	+0.000	+0.000	+0.000	+0.000	+0.000	+0.000	+0.000	+0.000	
rs4731651      +0.000	+0.000	+0.000	+0.000	+0.000	+0.000	+0.000	+0.000	+0.000	+0.000	+0.000	+0.000	+0.000	+0.000	+0.000	+0.004	+0.000	+0.000	+0.000	+0.000	+0.000	+0.000	+0.000	+0.000	+0.000	+0.000	+0.000	+0.000	+0.000	+0.000	+0.000	+0.000	+0.000	+0.000	+0.001	+0.001	+0.001	+0.001	+0.001	+0.001	+0.000	+0.001	+0.000	+0.001	+0.000	+0.000	+0.000	+0.000	+0.000	+0.000	+0.000	+0.000	+0.000	+0.000	
rs72607761     +0.000	+0.000	+0.000	+0.000	+0.000	+0.000	+0.000	+0.000	+0.000	+0.000	+0.000	+0.000	+0.000	+0.000	+0.000	+0.000	+0.003	+0.000	+0.000	+0.000	+0.000	+0.000	+0.000	+0.000	+0.000	+0.000	+0.000	+0.000	+0.000	+0.000	+0.000	+0.000	+0.000	+0.000	+0.001	+0.001	+0.001	+0.001	+0.001	+0.001	+0.000	+0.001	+0.000	+0.001	+0.000	+0.000	+0.000	+0.000	+0.000	+0.000	+0.000	+0.000	+0.000	+0.000	
rs4731654      +0.000	+0.000	+0.000	+0.000	+0.000	+0.000	+0.000	+0.000	+0.000	+0.000	+0.000	+0.000	+0.000	+0.000	+0.000	+0.000	+0.000	+0.003	+0.000	+0.000	+0.000	+0.000	+0.000	+0.000	+0.000	+0.000	+0.000	+0.000	+0.000	+0.000	+0.000	+0.000	+0.000	+0.000	+0.000	+0.001	+0.000	+0.000	+0.000	+0.000	+0.000	+0.000	+0.000	+0.000	+0.000	+0.000	+0.000	+0.000	+0.000	+0.000	+0.000	+0.000	+0.000	+0.000	
rs72607762     +0.000	+0.000	+0.000	+0.000	+0.000	+0.000	+0.000	+0.000	+0.000	+0.000	+0.000	+0.000	+0.000	+0.000	+0.000	+0.000	+0.000	+0.000	+0.004	+0.000	+0.000	+0.000	+0.000	+0.000	+0.000	+0.000	+0.000	+0.000	+0.000	+0.000	+0.000	+0.000	+0.000	+0.001	+0.001	+0.001	+0.001	+0.001	+0.001	+0.001	+0.000	+0.001	+0.000	+0.001	+0.000	+0.000	+0.000	+0.000	+0.000	+0.000	+0.000	+0.000	+0.000	+0.000	
rs72607763     +0.000	+0.000	+0.000	+0.000	+0.000	+0.000	+0.000	+0.000	+0.000	+0.000	+0.000	+0.000	+0.000	+0.000	+0.000	+0.000	+0.000	+0.000	+0.000	+0.004	+0.000	+0.000	+0.000	+0.000	+0.000	+0.000	+0.000	+0.000	+0.000	+0.000	+0.000	+0.000	+0.000	+0.001	+0.001	+0.001	+0.001	+0.001	+0.001	+0.001	+0.000	+0.001	+0.000	+0.001	+0.000	+0.000	+0.000	+0.000	+0.000	+0.000	+0.000	+0.000	+0.000	+0.000	
rs58154811     +0.000	+0.000	+0.000	+0.000	+0.000	+0.000	+0.000	+0.000	+0.000	+0.000	+0.000	+0.000	+0.000	+0.000	+0.000	+0.000	+0.000	+0.000	+0.000	+0.000	+0.003	+0.000	+0.000	+0.000	+0.000	+0.000	+0.000	+0.000	+0.000	+0.000	+0.000	+0.000	+0.000	+0.000	+0.001	+0.001	+0.001	+0.001	+0.001	+0.001	+0.000	+0.001	+0.000	+0.001	+0.000	+0.000	+0.000	+0.000	+0.000	+0.000	+0.000	+0.000	+0.000	+0.000	
rs72607764     +0.000	+0.000	+0.000	+0.000	+0.000	+0.000	+0.000	+0.000	+0.000	+0.000	+0.000	+0.000	+0.000	+0.000	+0.000	+0.000	+0.000	+0.000	+0.000	+0.000	+0.000	+0.007	+0.000	+0.000	+0.000	+0.000	+0.000	+0.000	+0.000	+0.000	+0.000	+0.000	+0.000	+0.001	+0.001	+0.001	+0.001	+0.001	+0.001	+0.001	+0.000	+0.001	+0.000	+0.001	+0.000	+0.000	+0.000	+0.000	+0.000	+0.000	+0.000	+0.000	+0.000	+0.000	
rs78298636     +0.000	+0.000	+0.000	+0.000	+0.000	+0.000	+0.000	+0.000	+0.000	+0.000	+0.000	+0.000	+0.000	+0.000	+0.000	+0.000	+0.000	+0.000	+0.000	+0.000	+0.000	+0.000	+0.006	+0.000	+0.000	+0.000	+0.000	+0.000	+0.000	+0.000	+0.000	+0.000	+0.000	+0.001	+0.001	+0.001	+0.001	+0.001	+0.001	+0.001	+0.000	+0.001	+0.000	+0.001	+0.000	+0.000	+0.000	+0.000	+0.000	+0.000	+0.000	+0.000	+0.000	+0.000	
rs113140532    +0.000	+0.000	+0.000	+0.000	+0.000	+0.000	+0.000	+0.000	+0.000	+0.000	+0.000	+0.000	+0.000	+0.000	+0.000	+0.000	+0.000	+0.000	+0.000	+0.000	+0.000	+0.000	+0.000	+0.007	+0.000	+0.000	+0.000	+0.000	+0.000	+0.000	+0.000	+0.000	+0.000	+0.001	+0.001	+0.001	+0.001	+0.001	+0.001	+0.001	+0.000	+0.001	+0.000	+0.001	+0.001	+0.000	+0.001	+0.001	+0.000	+0.000	+0.000	+0.000	+0.000	+0.000	
rs72607765     +0.000	+0.000	+0.000	+0.000	+0.000	+0.000	+0.000	+0.000	+0.000	+0.000	+0.000	+0.000	+0.000	+0.000	+0.000	+0.000	+0.000	+0.000	+0.000	+0.000	+0.000	+0.000	+0.000	+0.000	+0.006	+0.000	+0.000	+0.000	+0.000	+0.000	+0.000	+0.000	+0.000	+0.001	+0.001	+0.001	+0.001	+0.001	+0.001	+0.001	+0.000	+0.001	+0.000	+0.001	+0.000	+0.000	+0.000	+0.000	+0.000	+0.000	+0.000	+0.000	+0.000	+0.000	
rs4731655      +0.000	+0.000	+0.000	+0.000	+0.000	+0.000	+0.000	+0.000	+0.000	+0.000	+0.000	+0.000	+0.000	+0.000	+0.000	+0.000	+0.000	+0.000	+0.000	+0.000	+0.000	+0.000	+0.000	+0.000	+0.000	+0.006	+0.000	+0.000	+0.000	+0.000	+0.000	+0.000	+0.000	+0.001	+0.001	+0.001	+0.001	+0.001	+0.001	+0.001	+0.000	+0.001	+0.000	+0.001	+0.000	+0.000	+0.000	+0.000	+0.000	+0.000	+0.000	+0.000	+0.000	+0.000	
rs4731656      +0.000	+0.000	+0.000	+0.000	+0.000	+0.000	+0.000	+0.000	+0.000	+0.001	+0.000	+0.000	+0.000	+0.000	+0.000	+0.000	+0.000	+0.000	+0.000	+0.000	+0.000	+0.000	+0.000	+0.000	+0.000	+0.000	+0.008	+0.000	+0.000	+0.000	+0.000	+0.000	+0.000	+0.001	+0.001	+0.001	+0.001	+0.001	+0.001	+0.001	+0.000	+0.001	+0.000	+0.001	+0.001	+0.000	+0.001	+0.001	+0.000	+0.000	+0.000	+0.000	+0.000	+0.000	
rs4731657      +0.000	+0.000	+0.000	+0.000	+0.000	+0.000	+0.000	+0.000	+0.000	+0.000	+0.000	+0.000	+0.000	+0.000	+0.000	+0.000	+0.000	+0.000	+0.000	+0.000	+0.000	+0.000	+0.000	+0.000	+0.000	+0.000	+0.000	+0.006	+0.000	+0.000	+0.000	+0.000	+0.000	+0.001	+0.001	+0.001	+0.001	+0.001	+0.001	+0.001	+0.000	+0.001	+0.000	+0.001	+0.000	+0.000	+0.000	+0.000	+0.000	+0.000	+0.000	+0.000	+0.000	+0.000	
rs60800944     +0.000	+0.000	+0.000	+0.000	+0.000	+0.000	+0.000	+0.000	+0.000	+0.000	+0.000	+0.000	+0.000	+0.000	+0.000	+0.000	+0.000	+0.000	+0.000	+0.000	+0.000	+0.000	+0.000	+0.000	+0.000	+0.000	+0.000	+0.000	+0.006	+0.000	+0.000	+0.000	+0.000	+0.001	+0.001	+0.001	+0.001	+0.001	+0.001	+0.001	+0.000	+0.001	+0.000	+0.001	+0.000	+0.000	+0.000	+0.000	+0.000	+0.000	+0.000	+0.000	+0.000	+0.000	
rs4731658      +0.000	+0.000	+0.000	+0.000	+0.000	+0.000	+0.000	+0.000	+0.000	+0.000	+0.000	+0.000	+0.000	+0.000	+0.000	+0.000	+0.000	+0.000	+0.000	+0.000	+0.000	+0.000	+0.000	+0.000	+0.000	+0.000	+0.000	+0.000	+0.000	+0.006	+0.000	+0.000	+0.000	+0.001	+0.001	+0.001	+0.001	+0.001	+0.001	+0.001	+0.000	+0.001	+0.000	+0.001	+0.000	+0.000	+0.000	+0.000	+0.000	+0.000	+0.000	+0.000	+0.000	+0.000	
rs4731659      +0.000	+0.000	+0.000	+0.000	+0.000	+0.000	+0.000	+0.000	+0.000	+0.000	+0.000	+0.000	+0.000	+0.000	+0.000	+0.000	+0.000	+0.000	+0.000	+0.000	+0.000	+0.000	+0.000	+0.000	+0.000	+0.000	+0.000	+0.000	+0.000	+0.000	+0.006	+0.000	+0.000	+0.001	+0.001	+0.001	+0.001	+0.001	+0.001	+0.001	+0.000	+0.001	+0.000	+0.001	+0.000	+0.000	+0.000	+0.000	+0.000	+0.000	+0.000	+0.000	+0.000	+0.000	
rs2140877      +0.000	+0.000	+0.000	+0.000	+0.000	+0.000	+0.000	+0.001	+0.000	+0.001	+0.000	+0.000	+0.000	+0.000	+0.000	+0.000	+0.000	+0.000	+0.000	+0.000	+0.000	+0.000	+0.000	+0.000	+0.000	+0.000	+0.000	+0.000	+0.000	+0.000	+0.000	+0.009	+0.000	+0.001	+0.001	+0.001	+0.001	+0.001	+0.001	+0.001	+0.000	+0.001	+0.000	+0.001	+0.001	+0.000	+0.001	+0.001	+0.000	+0.000	+0.000	+0.000	+0.000	+0.000	
rs56923656     +0.000	+0.000	+0.000	+0.000	+0.000	+0.000	+0.000	+0.001	+0.000	+0.001	+0.000	+0.000	+0.000	+0.000	+0.000	+0.000	+0.000	+0.000	+0.000	+0.000	+0.000	+0.000	+0.000	+0.000	+0.000	+0.000	+0.000	+0.000	+0.000	+0.000	+0.000	+0.000	+0.010	+0.001	+0.001	+0.001	+0.001	+0.001	+0.001	+0.001	+0.000	+0.001	+0.000	+0.001	+0.001	+0.000	+0.001	+0.001	+0.000	+0.000	+0.000	+0.000	+0.000	+0.000	
rs7805667      +0.000	+0.000	+0.000	+0.000	+0.000	+0.001	+0.001	+0.001	+0.001	+0.001	+0.001	+0.001	+0.000	+0.001	+0.000	+0.000	+0.000	+0.000	+0.001	+0.001	+0.000	+0.001	+0.001	+0.001	+0.001	+0.001	+0.001	+0.001	+0.001	+0.001	+0.001	+0.001	+0.001	+0.019	+0.001	+0.001	+0.001	+0.001	+0.001	+0.001	+0.001	+0.001	+0.001	+0.001	+0.001	+0.001	+0.001	+0.001	+0.001	+0.001	+0.001	+0.001	+0.000	+0.000	
rs7805851      +0.000	+0.000	+0.000	+0.001	+0.001	+0.001	+0.001	+0.001	+0.001	+0.001	+0.001	+0.001	+0.001	+0.001	+0.001	+0.001	+0.001	+0.000	+0.001	+0.001	+0.001	+0.001	+0.001	+0.001	+0.001	+0.001	+0.001	+0.001	+0.001	+0.001	+0.001	+0.001	+0.001	+0.001	+0.020	+0.001	+0.001	+0.001	+0.001	+0.001	+0.001	+0.001	+0.001	+0.001	+0.001	+0.001	+0.001	+0.001	+0.001	+0.001	+0.001	+0.001	+0.000	+0.000	
rs111530517    +0.000	+0.000	+0.001	+0.001	+0.001	+0.001	+0.001	+0.001	+0.001	+0.001	+0.001	+0.001	+0.001	+0.001	+0.001	+0.001	+0.001	+0.001	+0.001	+0.001	+0.001	+0.001	+0.001	+0.001	+0.001	+0.001	+0.001	+0.001	+0.001	+0.001	+0.001	+0.001	+0.001	+0.001	+0.001	+0.029	+0.001	+0.001	+0.001	+0.001	+0.001	+0.001	+0.001	+0.001	+0.001	+0.001	+0.001	+0.001	+0.001	+0.001	+0.001	+0.001	+0.000	+0.000	
rs72607767     +0.000	+0.000	+0.001	+0.001	+0.001	+0.001	+0.001	+0.001	+0.001	+0.001	+0.001	+0.001	+0.001	+0.001	+0.001	+0.001	+0.001	+0.000	+0.001	+0.001	+0.001	+0.001	+0.001	+0.001	+0.001	+0.001	+0.001	+0.001	+0.001	+0.001	+0.001	+0.001	+0.001	+0.001	+0.001	+0.001	+0.020	+0.001	+0.001	+0.001	+0.001	+0.001	+0.001	+0.001	+0.001	+0.001	+0.001	+0.001	+0.001	+0.001	+0.001	+0.001	+0.000	+0.000	
rs4731660      +0.000	+0.000	+0.001	+0.001	+0.001	+0.001	+0.001	+0.001	+0.001	+0.001	+0.001	+0.001	+0.001	+0.001	+0.001	+0.001	+0.001	+0.000	+0.001	+0.001	+0.001	+0.001	+0.001	+0.001	+0.001	+0.001	+0.001	+0.001	+0.001	+0.001	+0.001	+0.001	+0.001	+0.001	+0.001	+0.001	+0.001	+0.020	+0.001	+0.001	+0.001	+0.001	+0.001	+0.001	+0.001	+0.001	+0.001	+0.001	+0.001	+0.001	+0.001	+0.001	+0.000	+0.000	
