## Summary of overall evidence for association with region:
## log10(BF for region) = 5.29982
## p-value for region = NA

## BFs for choosing among multi-SNP models:
## log10(average 1-SNP BF) = 5.3024
## log10(average 2-SNP BF) = 5.29463

## Example posterior probabilities for multi-SNP models, based on default prior: [p(l) propto 0.5^l for l=1,2,...,L]
## posterior probability of 1-SNP = 0.670629
## posterior probability of 2-SNP = 0.329371

## log10(BF) for single SNP and pair of SNPs:
rs55649681     -0.546	-0.667	+0.153	-0.667	+1.375	-0.887	+2.207	+0.230	+0.186	+2.758	+2.759	+1.148	+0.541	+1.521	+1.474	+0.125	+1.137	+2.782	+0.224	+5.475	+2.777	+2.777	+1.177	+0.266	+2.576	+1.175	+2.759	+0.334	+1.092	+2.622	+1.260	+2.618	+1.205	-0.600	+1.284	+2.763	-0.558	+0.444	+0.318	+1.380	+2.805	+1.257	+0.297	+2.760	+1.250	+1.264	+2.762	+2.797	+1.727	+2.759	+1.771	+0.291	-0.498	+1.845	+2.764	+0.668	+1.352	-0.600	+0.371	+0.387	+1.464	+0.277	+2.666	+0.595	+5.080	+0.441	+5.130	+6.918	+1.121	-0.495	-0.882	-0.882	-0.511	+0.030	-0.732	-0.695	-1.017	-0.727	-0.141	-0.860	-0.865	-0.739	-0.739	-0.756	-0.109	-0.867	-0.873	-0.731	-0.135	-0.119	-0.808	-0.098	-0.095	-0.080	-0.825	-0.250	-0.864	-0.870	+0.152	-0.114	+0.214	-0.751	-0.419	-0.442	-0.875	-0.481	-0.493	-0.490	+0.151	-0.450	-0.401	-0.394	-0.393	-0.769	-0.926	-0.415	-0.490	-0.730	-0.736	+0.265	-0.717	-0.677	-0.754	-0.743	-0.712	-0.712	-0.749	+0.119	+0.131	-0.203	-0.616	-0.682	-0.681	-0.678	-0.483	-0.477	-0.524	-0.638	-0.779	-0.788	-0.788	-0.631	-0.767	-0.584	-0.537	-0.745	-0.341	-0.341	-0.340	-0.484	-0.341	-0.336	-0.739	-0.382	-0.750	-0.748	-0.338	-0.730	-0.348	-0.727	-0.727	-0.183	-0.724	-0.738	-0.331	-0.751	-0.721	-0.330	-0.723	-0.718	-0.328	-0.262	-0.710	-0.708	-0.031	-0.682	-0.962	-0.741	-0.924	-0.923	-0.851	-0.893	-0.687	
rs10446835     -0.667	-0.535	+0.149	-0.683	+1.366	-0.884	+2.274	+0.266	+0.222	+2.745	+2.747	+1.146	+0.582	+1.571	+1.523	+0.159	+1.134	+2.769	+0.258	+5.443	+2.764	+2.764	+1.224	+0.302	+2.564	+1.222	+2.746	+0.372	+1.090	+2.609	+1.306	+2.607	+1.202	-0.591	+1.280	+2.750	-0.550	+0.482	+0.354	+1.427	+2.792	+1.254	+0.334	+2.748	+1.246	+1.261	+2.749	+2.784	+1.711	+2.746	+1.754	+0.327	-0.494	+1.828	+2.752	+0.709	+1.348	-0.591	+0.409	+0.424	+1.460	+0.313	+2.653	+0.636	+5.046	+0.478	+5.096	+6.879	+1.099	-0.480	-0.869	-0.869	-0.503	+0.082	-0.703	-0.665	-1.006	-0.698	-0.112	-0.843	-0.849	-0.721	-0.720	-0.737	-0.080	-0.851	-0.857	-0.712	-0.106	-0.091	-0.792	-0.069	-0.065	-0.051	-0.810	-0.224	-0.848	-0.854	+0.181	-0.088	+0.239	-0.737	-0.399	-0.423	-0.863	-0.464	-0.476	-0.473	+0.176	-0.433	-0.383	-0.377	-0.375	-0.759	-0.915	-0.411	-0.485	-0.721	-0.727	+0.266	-0.708	-0.668	-0.745	-0.733	-0.703	-0.703	-0.739	+0.121	+0.132	-0.199	-0.608	-0.673	-0.672	-0.669	-0.473	-0.467	-0.514	-0.629	-0.769	-0.779	-0.779	-0.622	-0.757	-0.574	-0.527	-0.736	-0.335	-0.335	-0.334	-0.480	-0.336	-0.331	-0.730	-0.376	-0.740	-0.739	-0.332	-0.720	-0.342	-0.718	-0.717	-0.178	-0.715	-0.729	-0.324	-0.742	-0.712	-0.323	-0.714	-0.708	-0.322	-0.256	-0.700	-0.699	-0.022	-0.673	-0.951	-0.732	-0.914	-0.912	-0.841	-0.883	-0.677	
rs80335006     +0.153	+0.149	+0.648	+0.148	+2.376	+0.399	+2.382	+1.033	+0.993	+4.606	+4.608	+1.365	+1.274	+1.994	+1.954	+0.937	+1.354	+4.632	+1.010	+5.625	+4.626	+4.623	+1.724	+1.045	+4.401	+1.723	+4.605	+1.117	+1.312	+4.451	+1.796	+4.457	+1.417	+0.622	+1.492	+4.610	+0.677	+1.215	+1.110	+1.901	+4.657	+1.467	+1.093	+4.608	+1.459	+1.473	+4.609	+4.650	+2.077	+4.606	+2.115	+1.090	+0.867	+2.180	+4.612	+1.393	+1.556	+0.622	+1.153	+1.169	+1.667	+1.072	+4.506	+1.332	+5.107	+1.222	+5.157	+7.028	+1.688	+0.560	+0.172	+0.173	+0.744	+1.352	+0.520	+0.567	+0.091	+0.525	+1.262	+0.418	+0.409	+0.607	+0.608	+0.584	+1.300	+0.406	+0.397	+0.619	+1.268	+1.287	+0.535	+1.306	+1.310	+1.326	+0.505	+1.067	+0.404	+0.395	+1.635	+1.289	+1.743	+0.595	+0.967	+0.938	+0.435	+0.542	+0.531	+0.532	+1.663	+0.579	+0.622	+0.633	+0.634	+0.286	+0.140	+0.678	+0.602	+0.302	+0.298	+1.350	+0.313	+0.346	+0.284	+0.293	+0.316	+0.316	+0.288	+0.984	+0.994	+0.734	+0.398	+0.343	+0.344	+0.346	+0.533	+0.544	+0.481	+0.385	+0.267	+0.259	+0.259	+0.393	+0.274	+0.427	+0.470	+0.291	+0.607	+0.607	+0.608	+0.610	+0.607	+0.612	+0.296	+0.571	+0.287	+0.288	+0.607	+0.303	+0.599	+0.305	+0.305	+0.748	+0.307	+0.296	+0.614	+0.286	+0.309	+0.615	+0.308	+0.312	+0.617	+0.674	+0.319	+0.319	+0.906	+0.346	+0.130	+0.364	+0.167	+0.169	+0.248	+0.200	+0.410	
rs13111273     -0.667	-0.683	+0.148	-0.541	+1.366	-0.887	+2.261	+0.255	+0.210	+2.746	+2.748	+1.144	+0.569	+1.557	+1.509	+0.148	+1.132	+2.770	+0.247	+5.451	+2.765	+2.765	+1.211	+0.291	+2.565	+1.209	+2.747	+0.360	+1.088	+2.610	+1.294	+2.607	+1.200	-0.596	+1.279	+2.752	-0.555	+0.470	+0.343	+1.415	+2.793	+1.253	+0.322	+2.749	+1.245	+1.259	+2.750	+2.785	+1.714	+2.748	+1.757	+0.316	-0.498	+1.831	+2.753	+0.697	+1.346	-0.597	+0.397	+0.413	+1.459	+0.302	+2.654	+0.624	+5.055	+0.467	+5.105	+6.889	+1.104	-0.487	-0.875	-0.875	-0.508	+0.070	-0.713	-0.674	-1.011	-0.707	-0.120	-0.850	-0.855	-0.728	-0.727	-0.744	-0.088	-0.857	-0.863	-0.719	-0.115	-0.099	-0.798	-0.077	-0.073	-0.060	-0.816	-0.232	-0.855	-0.861	+0.173	-0.098	+0.230	-0.743	-0.408	-0.431	-0.869	-0.472	-0.484	-0.481	+0.166	-0.441	-0.391	-0.385	-0.383	-0.764	-0.921	-0.414	-0.489	-0.726	-0.732	+0.263	-0.713	-0.674	-0.750	-0.739	-0.708	-0.708	-0.745	+0.118	+0.129	-0.203	-0.613	-0.678	-0.677	-0.674	-0.479	-0.472	-0.520	-0.634	-0.775	-0.784	-0.784	-0.628	-0.763	-0.580	-0.532	-0.741	-0.339	-0.339	-0.339	-0.483	-0.340	-0.335	-0.735	-0.380	-0.746	-0.744	-0.336	-0.726	-0.346	-0.723	-0.723	-0.182	-0.720	-0.734	-0.329	-0.747	-0.717	-0.328	-0.719	-0.714	-0.326	-0.261	-0.706	-0.705	-0.027	-0.678	-0.957	-0.737	-0.919	-0.918	-0.846	-0.888	-0.683	
rs6835091      +1.375	+1.366	+2.376	+1.366	+2.041	+1.669	+3.437	+2.156	+2.119	+3.261	+3.263	+3.501	+2.401	+3.042	+3.002	+2.070	+3.490	+3.282	+2.176	+5.912	+3.279	+3.279	+2.786	+2.219	+3.128	+2.784	+3.266	+2.251	+3.449	+3.160	+2.852	+3.160	+3.562	+1.919	+3.643	+3.270	+1.980	+2.347	+2.245	+2.957	+3.303	+3.617	+2.227	+3.269	+3.609	+3.624	+3.270	+3.297	+2.957	+3.268	+2.993	+2.223	+1.423	+3.054	+3.272	+2.526	+3.714	+1.912	+2.285	+2.303	+3.827	+2.205	+3.195	+2.465	+5.460	+2.352	+5.506	+7.087	+2.666	+1.836	+1.379	+1.380	+2.054	+1.693	+1.403	+1.427	+1.264	+1.406	+1.915	+1.388	+1.381	+1.489	+1.489	+1.473	+1.944	+1.379	+1.374	+1.497	+1.920	+1.934	+1.334	+1.953	+1.956	+1.969	+1.325	+1.825	+1.379	+1.374	+1.950	+2.073	+1.990	+1.370	+1.610	+1.592	+1.302	+1.730	+1.719	+1.723	+1.940	+1.759	+1.813	+1.826	+1.828	+1.581	+1.403	+1.941	+1.859	+1.634	+1.629	+2.778	+1.653	+1.706	+1.605	+1.620	+1.660	+1.660	+1.612	+2.513	+2.525	+2.143	+1.791	+1.705	+1.706	+1.710	+1.880	+1.888	+1.827	+1.684	+1.530	+1.519	+1.519	+1.697	+1.589	+1.739	+1.813	+1.617	+1.981	+1.982	+1.982	+1.870	+1.980	+1.986	+1.624	+1.935	+1.609	+1.611	+2.142	+1.636	+2.128	+1.640	+1.641	+2.154	+1.643	+1.625	+2.150	+1.608	+1.648	+2.151	+1.645	+1.652	+2.153	+2.234	+1.662	+1.664	+2.396	+1.705	+1.314	+1.536	+1.350	+1.352	+1.422	+1.378	+1.616	
rs34225278     -0.887	-0.884	+0.399	-0.887	+1.669	-0.495	+1.848	+0.116	+0.075	+2.776	+2.778	+1.456	+0.397	+1.370	+1.327	+0.021	+1.443	+2.800	+0.115	+5.823	+2.794	+2.794	+1.064	+0.156	+2.594	+1.063	+2.776	+0.211	+1.393	+2.639	+1.141	+2.641	+1.517	-0.597	+1.598	+2.781	-0.561	+0.313	+0.198	+1.255	+2.821	+1.573	+0.180	+2.778	+1.565	+1.580	+2.779	+2.814	+1.679	+2.776	+1.721	+0.175	-0.507	+1.793	+2.782	+0.517	+1.675	-0.598	+0.248	+0.264	+1.800	+0.161	+2.684	+0.450	+5.454	+0.316	+5.505	+7.315	+1.016	-0.470	-0.803	-0.803	-0.517	-0.121	-0.772	-0.743	-0.951	-0.769	-0.205	-0.860	-0.865	-0.759	-0.759	-0.773	-0.175	-0.866	-0.871	-0.752	-0.199	-0.185	-0.812	-0.168	-0.164	-0.149	-0.826	-0.290	-0.862	-0.867	+0.105	-0.151	+0.169	-0.754	-0.428	-0.450	-0.863	-0.338	-0.351	-0.348	+0.109	-0.304	-0.256	-0.248	-0.246	-0.713	-0.881	-0.359	-0.435	-0.672	-0.679	+0.318	-0.659	-0.619	-0.697	-0.685	-0.653	-0.653	-0.691	+0.188	+0.200	-0.146	-0.562	-0.630	-0.629	-0.626	-0.449	-0.444	-0.485	-0.598	-0.736	-0.745	-0.745	-0.592	-0.711	-0.544	-0.498	-0.688	-0.272	-0.272	-0.272	-0.430	-0.273	-0.268	-0.681	-0.314	-0.693	-0.691	-0.264	-0.672	-0.275	-0.670	-0.669	-0.113	-0.667	-0.681	-0.257	-0.694	-0.663	-0.256	-0.666	-0.660	-0.254	-0.187	-0.651	-0.650	+0.020	-0.623	-0.917	-0.705	-0.880	-0.879	-0.811	-0.850	-0.649	
rs6812460      +2.207	+2.274	+2.382	+2.261	+3.437	+1.848	+2.372	+1.895	+1.888	+4.590	+4.592	+3.120	+1.947	+2.256	+2.234	+1.882	+3.114	+4.612	+1.907	+6.178	+4.608	+4.607	+2.128	+1.920	+4.445	+2.128	+4.594	+1.912	+3.084	+4.483	+2.165	+4.472	+3.171	+2.010	+3.228	+4.599	+2.025	+1.938	+1.914	+2.223	+4.635	+3.214	+1.909	+4.599	+3.212	+3.219	+4.600	+4.630	+3.713	+4.598	+3.754	+1.909	+2.277	+3.811	+4.603	+1.985	+3.288	+2.008	+1.921	+1.927	+3.379	+1.903	+4.528	+1.966	+5.782	+1.946	+5.827	+7.432	+3.154	+2.052	+1.932	+1.932	+2.054	+1.900	+1.812	+1.810	+1.956	+1.811	+2.135	+1.789	+1.786	+1.870	+1.870	+1.860	+2.158	+1.785	+1.782	+1.875	+2.140	+2.150	+1.821	+2.149	+2.152	+2.167	+1.820	+2.066	+1.808	+1.804	+2.412	+2.283	+2.399	+1.882	+2.059	+2.045	+1.825	+2.147	+2.137	+2.137	+2.359	+2.176	+2.203	+2.208	+2.209	+2.006	+1.851	+2.445	+2.356	+2.033	+2.022	+3.156	+2.040	+2.078	+2.006	+2.015	+2.043	+2.043	+2.010	+2.740	+2.753	+2.406	+2.117	+2.055	+2.056	+2.058	+2.181	+2.190	+2.168	+2.075	+1.964	+1.955	+1.955	+2.087	+1.991	+2.111	+2.156	+2.011	+2.300	+2.300	+2.300	+2.357	+2.299	+2.304	+2.017	+2.264	+2.008	+2.009	+2.432	+2.025	+2.421	+2.027	+2.028	+2.448	+2.030	+2.018	+2.439	+2.010	+2.033	+2.440	+2.031	+2.036	+2.441	+2.517	+2.043	+2.044	+2.693	+2.087	+1.824	+2.062	+1.862	+1.864	+1.946	+1.917	+2.117	
rs4397037      +0.230	+0.266	+1.033	+0.255	+2.156	+0.116	+1.895	+0.606	+0.520	+3.349	+3.350	+1.818	+0.703	+1.426	+1.384	+0.465	+1.809	+3.372	+0.478	+5.520	+3.367	+3.368	+1.129	+0.504	+3.186	+1.128	+3.352	+0.593	+1.772	+3.224	+1.199	+3.221	+1.871	+0.386	+1.939	+3.356	+0.416	+0.724	+0.557	+1.306	+3.394	+1.918	+0.541	+3.354	+1.910	+1.924	+3.356	+3.386	+1.950	+3.353	+1.985	+0.535	+0.331	+2.051	+3.358	+0.827	+2.001	+0.384	+0.601	+0.632	+2.102	+0.535	+3.270	+0.748	+5.108	+0.659	+5.155	+6.862	+1.219	+0.896	+0.417	+0.415	+0.455	+0.497	+0.155	+0.172	+0.282	+0.157	+0.713	+0.092	+0.090	+0.155	+0.155	+0.146	+0.742	+0.089	+0.086	+0.159	+0.718	+0.731	+0.127	+0.737	+0.740	+0.755	+0.112	+0.615	+0.089	+0.086	+1.040	+0.857	+1.053	+0.177	+0.594	+0.573	+0.123	+0.836	+0.820	+0.824	+0.995	+0.879	+0.931	+0.937	+0.939	+0.327	+0.153	+0.852	+0.758	+0.362	+0.355	+1.580	+0.375	+0.416	+0.336	+0.348	+0.379	+0.379	+0.342	+1.137	+1.149	+0.830	+0.469	+0.403	+0.404	+0.407	+0.545	+0.552	+0.504	+0.411	+0.282	+0.274	+0.274	+0.419	+0.323	+0.446	+0.492	+0.345	+0.706	+0.707	+0.707	+0.767	+0.705	+0.711	+0.351	+0.667	+0.340	+0.342	+0.753	+0.361	+0.743	+0.363	+0.364	+0.864	+0.366	+0.353	+0.761	+0.338	+0.370	+0.762	+0.368	+0.373	+0.764	+0.833	+0.381	+0.382	+0.972	+0.426	+0.116	+0.333	+0.153	+0.155	+0.223	+0.188	+0.393	
rs28647357     +0.186	+0.222	+0.993	+0.210	+2.119	+0.075	+1.888	+0.520	+0.562	+3.311	+3.313	+1.783	+0.707	+1.421	+1.378	+0.431	+1.773	+3.334	+0.455	+5.498	+3.330	+3.331	+1.120	+0.486	+3.148	+1.119	+3.314	+0.600	+1.737	+3.186	+1.192	+3.184	+1.835	+0.346	+1.904	+3.319	+0.376	+0.749	+0.545	+1.300	+3.357	+1.883	+0.527	+3.317	+1.877	+1.889	+3.318	+3.348	+1.928	+3.316	+1.964	+0.520	+0.293	+2.029	+3.321	+0.839	+1.966	+0.344	+0.599	+0.637	+2.067	+0.521	+3.232	+0.753	+5.088	+0.661	+5.136	+6.844	+1.201	+0.846	+0.369	+0.367	+0.415	+0.462	+0.115	+0.132	+0.234	+0.117	+0.673	+0.052	+0.050	+0.116	+0.116	+0.107	+0.702	+0.048	+0.046	+0.120	+0.678	+0.691	+0.088	+0.697	+0.700	+0.715	+0.073	+0.574	+0.049	+0.047	+0.999	+0.815	+1.012	+0.138	+0.551	+0.530	+0.082	+0.786	+0.771	+0.774	+0.955	+0.829	+0.881	+0.887	+0.889	+0.285	+0.112	+0.805	+0.712	+0.321	+0.314	+1.532	+0.333	+0.375	+0.295	+0.307	+0.337	+0.337	+0.300	+1.096	+1.108	+0.789	+0.427	+0.361	+0.362	+0.365	+0.504	+0.511	+0.463	+0.370	+0.241	+0.232	+0.232	+0.378	+0.281	+0.405	+0.451	+0.304	+0.666	+0.666	+0.666	+0.721	+0.664	+0.670	+0.310	+0.626	+0.299	+0.301	+0.711	+0.319	+0.701	+0.322	+0.323	+0.823	+0.325	+0.311	+0.719	+0.296	+0.328	+0.720	+0.326	+0.332	+0.722	+0.791	+0.340	+0.341	+0.931	+0.384	+0.074	+0.292	+0.112	+0.114	+0.181	+0.147	+0.352	
rs117767534    +2.758	+2.745	+4.606	+2.746	+3.261	+2.776	+4.590	+3.349	+3.311	+3.490	+3.537	+6.021	+3.571	+4.120	+4.083	+3.271	+6.006	+3.548	+3.375	+6.331	+3.545	+3.543	+3.883	+3.417	+3.449	+3.881	+3.533	+3.433	+5.947	+3.471	+3.948	+3.467	+6.092	+3.387	+6.196	+3.535	+3.456	+3.522	+3.427	+4.043	+3.557	+6.156	+3.411	+3.532	+6.150	+6.164	+3.533	+3.548	+3.780	+3.531	+3.810	+3.405	+2.931	+3.861	+3.533	+3.678	+6.278	+3.386	+3.458	+3.477	+6.418	+3.388	+3.483	+3.622	+5.847	+3.527	+5.890	+7.310	+3.658	+3.193	+2.745	+2.746	+3.547	+2.749	+2.683	+2.682	+2.798	+2.681	+2.900	+2.639	+2.637	+2.675	+2.675	+2.668	+2.919	+2.636	+2.635	+2.678	+2.904	+2.912	+2.638	+2.928	+2.930	+2.941	+2.625	+2.849	+2.631	+2.629	+2.901	+3.043	+2.903	+2.646	+2.726	+2.719	+2.650	+3.065	+3.055	+3.057	+2.878	+3.091	+3.148	+3.163	+3.165	+2.935	+2.759	+3.320	+3.232	+2.983	+2.973	+4.186	+2.995	+3.045	+2.951	+2.964	+3.002	+3.002	+2.957	+4.071	+4.085	+3.642	+3.128	+3.045	+3.046	+3.049	+3.333	+3.341	+3.268	+3.116	+2.948	+2.936	+2.936	+3.138	+2.934	+3.167	+3.252	+2.961	+3.460	+3.460	+3.461	+3.245	+3.460	+3.465	+2.968	+3.411	+2.956	+2.958	+3.487	+2.980	+3.474	+2.983	+2.984	+3.655	+2.987	+2.970	+3.495	+2.953	+2.991	+3.497	+2.988	+2.995	+3.499	+3.584	+3.005	+3.006	+3.899	+3.053	+2.694	+2.933	+2.733	+2.735	+2.814	+2.772	+2.975	
rs7673764      +2.759	+2.747	+4.608	+2.748	+3.263	+2.778	+4.592	+3.350	+3.313	+3.537	+3.492	+6.024	+3.572	+4.122	+4.084	+3.273	+6.008	+3.550	+3.376	+6.332	+3.546	+3.544	+3.884	+3.418	+3.451	+3.883	+3.535	+3.434	+5.949	+3.473	+3.950	+3.469	+6.094	+3.389	+6.198	+3.536	+3.458	+3.524	+3.428	+4.044	+3.558	+6.158	+3.412	+3.534	+6.152	+6.167	+3.534	+3.550	+3.781	+3.533	+3.811	+3.407	+2.933	+3.862	+3.535	+3.679	+6.280	+3.388	+3.460	+3.478	+6.420	+3.389	+3.484	+3.623	+5.848	+3.528	+5.891	+7.310	+3.659	+3.194	+2.747	+2.747	+3.549	+2.750	+2.685	+2.684	+2.800	+2.683	+2.901	+2.641	+2.639	+2.677	+2.677	+2.670	+2.921	+2.638	+2.637	+2.680	+2.905	+2.913	+2.640	+2.929	+2.931	+2.942	+2.626	+2.851	+2.633	+2.631	+2.903	+3.044	+2.905	+2.647	+2.727	+2.720	+2.652	+3.067	+3.057	+3.059	+2.880	+3.093	+3.150	+3.165	+3.167	+2.937	+2.761	+3.322	+3.233	+2.985	+2.975	+4.188	+2.997	+3.047	+2.953	+2.966	+3.004	+3.004	+2.959	+4.073	+4.087	+3.644	+3.130	+3.046	+3.047	+3.051	+3.335	+3.343	+3.270	+3.118	+2.950	+2.938	+2.938	+3.140	+2.936	+3.169	+3.255	+2.963	+3.462	+3.462	+3.463	+3.247	+3.462	+3.467	+2.970	+3.413	+2.958	+2.960	+3.489	+2.982	+3.475	+2.985	+2.986	+3.657	+2.988	+2.972	+3.497	+2.954	+2.992	+3.498	+2.990	+2.997	+3.500	+3.586	+3.007	+3.008	+3.901	+3.055	+2.696	+2.935	+2.735	+2.737	+2.816	+2.774	+2.977	
rs75389451     +1.148	+1.146	+1.365	+1.144	+3.501	+1.456	+3.120	+1.818	+1.783	+6.021	+6.024	+1.745	+2.024	+2.609	+2.571	+1.730	+1.748	+6.048	+1.826	+5.874	+6.041	+6.039	+2.371	+1.856	+5.798	+2.370	+6.019	+1.888	+1.720	+5.861	+2.437	+5.867	+1.783	+1.741	+1.843	+6.024	+1.805	+1.977	+1.884	+2.534	+6.072	+1.817	+1.868	+6.021	+1.805	+1.820	+6.023	+6.066	+2.440	+6.020	+2.472	+1.865	+2.087	+2.529	+6.025	+2.130	+1.897	+1.742	+1.918	+1.934	+2.018	+1.847	+5.914	+2.074	+5.171	+1.986	+5.222	+7.284	+2.254	+1.538	+1.156	+1.157	+1.881	+2.780	+1.733	+1.794	+1.192	+1.739	+2.663	+1.727	+1.713	+1.940	+1.941	+1.910	+2.708	+1.708	+1.695	+1.956	+2.668	+2.689	+1.916	+2.712	+2.716	+2.730	+1.864	+2.444	+1.645	+1.632	+3.056	+2.629	+3.178	+1.897	+2.267	+2.230	+1.703	+1.493	+1.483	+1.484	+3.080	+1.533	+1.573	+1.585	+1.587	+1.278	+1.125	+1.715	+1.636	+1.278	+1.274	+2.399	+1.286	+1.314	+1.263	+1.270	+1.289	+1.289	+1.266	+1.865	+1.874	+1.653	+1.359	+1.310	+1.311	+1.313	+1.476	+1.490	+1.425	+1.337	+1.238	+1.231	+1.231	+1.348	+1.255	+1.374	+1.414	+1.269	+1.535	+1.535	+1.535	+1.642	+1.535	+1.540	+1.272	+1.501	+1.266	+1.266	+1.539	+1.279	+1.531	+1.280	+1.281	+1.669	+1.282	+1.273	+1.546	+1.265	+1.284	+1.547	+1.283	+1.286	+1.548	+1.600	+1.292	+1.292	+1.815	+1.318	+1.113	+1.354	+1.154	+1.156	+1.233	+1.183	+1.400	
rs28767207     +0.541	+0.582	+1.274	+0.569	+2.401	+0.397	+1.947	+0.703	+0.707	+3.571	+3.572	+2.024	+0.907	+1.475	+1.437	+0.705	+2.015	+3.593	+0.667	+5.618	+3.588	+3.589	+1.228	+0.681	+3.410	+1.226	+3.573	+0.710	+1.980	+3.446	+1.289	+3.444	+2.076	+0.659	+2.142	+3.577	+0.687	+0.744	+0.697	+1.382	+3.615	+2.123	+0.692	+3.576	+2.117	+2.129	+3.577	+3.607	+2.086	+3.575	+2.119	+0.689	+0.583	+2.182	+3.580	+0.909	+2.203	+0.657	+0.720	+0.721	+2.302	+0.694	+3.492	+0.851	+5.223	+0.737	+5.270	+6.943	+1.391	+1.053	+0.658	+0.657	+0.726	+0.720	+0.424	+0.437	+0.641	+0.425	+0.952	+0.367	+0.365	+0.415	+0.415	+0.407	+0.980	+0.364	+0.363	+0.419	+0.957	+0.969	+0.392	+0.974	+0.977	+0.992	+0.389	+0.864	+0.368	+0.366	+1.275	+1.107	+1.285	+0.439	+0.849	+0.829	+0.392	+1.159	+1.143	+1.147	+1.229	+1.204	+1.257	+1.263	+1.265	+0.613	+0.435	+1.133	+1.038	+0.647	+0.640	+1.850	+0.660	+0.701	+0.622	+0.633	+0.664	+0.664	+0.627	+1.411	+1.423	+1.109	+0.752	+0.686	+0.687	+0.690	+0.813	+0.820	+0.773	+0.684	+0.559	+0.552	+0.552	+0.692	+0.607	+0.716	+0.761	+0.630	+0.987	+0.987	+0.987	+1.047	+0.985	+0.992	+0.636	+0.947	+0.625	+0.627	+1.034	+0.646	+1.023	+0.648	+0.649	+1.145	+0.651	+0.637	+1.042	+0.622	+0.654	+1.043	+0.652	+0.658	+1.044	+1.112	+0.666	+0.667	+1.238	+0.714	+0.402	+0.622	+0.440	+0.442	+0.511	+0.478	+0.685	
rs10012232     +1.521	+1.571	+1.994	+1.557	+3.042	+1.370	+2.256	+1.426	+1.421	+4.120	+4.122	+2.609	+1.475	+1.856	+1.809	+1.417	+2.600	+4.141	+1.432	+5.790	+4.137	+4.137	+1.645	+1.444	+3.969	+1.645	+4.123	+1.440	+2.570	+4.010	+1.661	+3.999	+2.655	+1.520	+2.713	+4.127	+1.538	+1.463	+1.439	+1.698	+4.164	+2.698	+1.435	+4.127	+2.694	+2.704	+4.129	+4.156	+4.023	+4.127	+4.061	+1.434	+2.394	+4.140	+4.131	+1.514	+2.771	+1.517	+1.447	+1.451	+2.860	+1.430	+4.053	+1.494	+5.406	+1.468	+5.452	+7.054	+2.587	+2.188	+1.822	+1.820	+1.567	+1.415	+1.320	+1.317	+1.287	+1.317	+1.646	+1.444	+1.436	+1.590	+1.591	+1.572	+1.669	+1.433	+1.427	+1.599	+1.651	+1.662	+1.512	+1.666	+1.669	+1.685	+1.511	+1.588	+1.457	+1.451	+1.911	+1.830	+1.952	+1.585	+1.593	+1.577	+1.510	+1.460	+1.455	+1.456	+1.905	+1.474	+1.492	+1.501	+1.502	+1.512	+1.357	+1.976	+1.887	+1.536	+1.532	+2.607	+1.550	+1.589	+1.514	+1.524	+1.551	+1.551	+1.518	+2.176	+2.185	+1.923	+1.626	+1.567	+1.568	+1.571	+1.695	+1.703	+1.683	+1.582	+1.467	+1.460	+1.460	+1.593	+1.500	+1.625	+1.671	+1.521	+1.815	+1.815	+1.816	+1.895	+1.814	+1.820	+1.526	+1.779	+1.516	+1.518	+1.873	+1.535	+1.863	+1.537	+1.538	+1.964	+1.540	+1.528	+1.880	+1.513	+1.543	+1.881	+1.541	+1.546	+1.882	+1.947	+1.553	+1.554	+2.130	+1.597	+1.331	+1.573	+1.374	+1.375	+1.455	+1.422	+1.631	
rs9993693      +1.474	+1.523	+1.954	+1.509	+3.002	+1.327	+2.234	+1.384	+1.378	+4.083	+4.084	+2.571	+1.437	+1.809	+1.810	+1.373	+2.562	+4.103	+1.391	+5.766	+4.099	+4.099	+1.605	+1.403	+3.931	+1.605	+4.085	+1.400	+2.532	+3.972	+1.626	+3.961	+2.616	+1.477	+2.675	+4.090	+1.495	+1.425	+1.399	+1.669	+4.126	+2.660	+1.395	+4.089	+2.655	+2.665	+4.091	+4.118	+3.974	+4.089	+4.012	+1.394	+2.341	+4.091	+4.093	+1.478	+2.733	+1.474	+1.408	+1.412	+2.822	+1.389	+4.015	+1.457	+5.381	+1.429	+5.427	+7.033	+2.549	+2.138	+1.771	+1.769	+1.524	+1.375	+1.275	+1.272	+1.243	+1.273	+1.605	+1.399	+1.391	+1.545	+1.545	+1.527	+1.628	+1.388	+1.382	+1.554	+1.610	+1.621	+1.467	+1.626	+1.628	+1.644	+1.466	+1.547	+1.412	+1.406	+1.870	+1.788	+1.912	+1.540	+1.551	+1.535	+1.464	+1.417	+1.413	+1.414	+1.865	+1.432	+1.450	+1.459	+1.460	+1.467	+1.313	+1.931	+1.842	+1.492	+1.488	+2.562	+1.505	+1.545	+1.470	+1.480	+1.507	+1.507	+1.474	+2.134	+2.143	+1.881	+1.582	+1.524	+1.524	+1.527	+1.652	+1.660	+1.640	+1.538	+1.423	+1.416	+1.416	+1.549	+1.456	+1.581	+1.628	+1.477	+1.773	+1.773	+1.773	+1.850	+1.771	+1.777	+1.482	+1.736	+1.472	+1.474	+1.829	+1.491	+1.819	+1.493	+1.494	+1.922	+1.496	+1.483	+1.836	+1.469	+1.499	+1.837	+1.497	+1.502	+1.838	+1.903	+1.509	+1.510	+2.086	+1.552	+1.287	+1.528	+1.330	+1.331	+1.411	+1.378	+1.587	
rs9996190      +0.125	+0.159	+0.937	+0.148	+2.070	+0.021	+1.882	+0.465	+0.431	+3.271	+3.273	+1.730	+0.705	+1.417	+1.373	+0.503	+1.720	+3.293	+0.439	+5.471	+3.289	+3.289	+1.111	+0.453	+3.106	+1.110	+3.273	+0.556	+1.684	+3.144	+1.184	+3.142	+1.783	+0.294	+1.851	+3.277	+0.324	+0.698	+0.576	+1.294	+3.315	+1.830	+0.549	+3.275	+1.822	+1.836	+3.277	+3.307	+1.879	+3.274	+1.915	+0.537	+0.234	+1.981	+3.279	+0.834	+1.913	+0.291	+0.578	+0.607	+2.014	+0.491	+3.190	+0.741	+5.070	+0.642	+5.118	+6.821	+1.183	+0.780	+0.296	+0.294	+0.364	+0.419	+0.063	+0.080	+0.159	+0.065	+0.626	-0.000	-0.003	+0.065	+0.065	+0.055	+0.655	-0.004	-0.007	+0.070	+0.631	+0.643	+0.038	+0.650	+0.653	+0.668	+0.023	+0.532	-0.003	-0.006	+0.951	+0.765	+0.967	+0.089	+0.501	+0.480	+0.031	+0.712	+0.697	+0.700	+0.909	+0.754	+0.805	+0.812	+0.813	+0.229	+0.052	+0.740	+0.648	+0.265	+0.258	+1.463	+0.278	+0.319	+0.240	+0.251	+0.282	+0.282	+0.245	+1.046	+1.057	+0.737	+0.372	+0.306	+0.307	+0.310	+0.437	+0.444	+0.397	+0.305	+0.184	+0.176	+0.176	+0.312	+0.225	+0.340	+0.385	+0.248	+0.612	+0.612	+0.613	+0.655	+0.610	+0.617	+0.254	+0.573	+0.243	+0.245	+0.657	+0.264	+0.646	+0.266	+0.267	+0.770	+0.269	+0.256	+0.664	+0.241	+0.273	+0.665	+0.270	+0.276	+0.667	+0.736	+0.284	+0.285	+0.860	+0.328	+0.019	+0.238	+0.057	+0.059	+0.127	+0.092	+0.293	
rs79960663     +1.137	+1.134	+1.354	+1.132	+3.490	+1.443	+3.114	+1.809	+1.773	+6.006	+6.008	+1.748	+2.015	+2.600	+2.562	+1.720	+1.732	+6.033	+1.816	+5.884	+6.025	+6.024	+2.362	+1.846	+5.783	+2.361	+6.003	+1.878	+1.715	+5.846	+2.428	+5.852	+1.783	+1.728	+1.841	+6.008	+1.792	+1.967	+1.874	+2.524	+6.057	+1.813	+1.858	+6.005	+1.800	+1.817	+6.007	+6.050	+2.433	+6.004	+2.465	+1.855	+2.073	+2.522	+6.010	+2.120	+1.896	+1.729	+1.908	+1.924	+2.021	+1.836	+5.899	+2.064	+5.172	+1.976	+5.222	+7.289	+2.246	+1.526	+1.144	+1.145	+1.868	+2.763	+1.718	+1.779	+1.178	+1.724	+2.645	+1.711	+1.697	+1.924	+1.925	+1.893	+2.690	+1.692	+1.679	+1.939	+2.650	+2.671	+1.899	+2.694	+2.698	+2.712	+1.847	+2.427	+1.630	+1.617	+3.037	+2.610	+3.158	+1.881	+2.250	+2.213	+1.687	+1.482	+1.471	+1.473	+3.061	+1.522	+1.562	+1.574	+1.575	+1.266	+1.114	+1.704	+1.625	+1.266	+1.262	+2.388	+1.275	+1.303	+1.251	+1.259	+1.277	+1.277	+1.254	+1.854	+1.863	+1.642	+1.348	+1.299	+1.299	+1.302	+1.465	+1.479	+1.414	+1.326	+1.227	+1.219	+1.219	+1.337	+1.244	+1.363	+1.403	+1.257	+1.524	+1.524	+1.524	+1.631	+1.524	+1.528	+1.261	+1.490	+1.254	+1.255	+1.527	+1.267	+1.519	+1.269	+1.269	+1.658	+1.270	+1.262	+1.534	+1.254	+1.273	+1.535	+1.271	+1.275	+1.537	+1.589	+1.280	+1.281	+1.804	+1.307	+1.101	+1.341	+1.142	+1.144	+1.221	+1.171	+1.388	
rs12645334     +2.782	+2.769	+4.632	+2.770	+3.282	+2.800	+4.612	+3.372	+3.334	+3.548	+3.550	+6.048	+3.593	+4.141	+4.103	+3.293	+6.033	+3.516	+3.396	+6.342	+3.557	+3.557	+3.902	+3.438	+3.470	+3.901	+3.549	+3.454	+5.974	+3.493	+3.968	+3.488	+6.119	+3.413	+6.223	+3.550	+3.482	+3.543	+3.447	+4.063	+3.571	+6.183	+3.431	+3.548	+6.177	+6.191	+3.548	+3.562	+3.796	+3.547	+3.826	+3.426	+2.960	+3.877	+3.549	+3.698	+6.305	+3.412	+3.479	+3.498	+6.445	+3.409	+3.501	+3.642	+5.856	+3.547	+5.899	+7.316	+3.676	+3.217	+2.769	+2.770	+3.573	+2.771	+2.708	+2.706	+2.824	+2.706	+2.921	+2.663	+2.661	+2.698	+2.698	+2.692	+2.941	+2.660	+2.659	+2.702	+2.925	+2.933	+2.663	+2.949	+2.952	+2.962	+2.649	+2.871	+2.655	+2.653	+2.922	+3.065	+2.925	+2.670	+2.749	+2.742	+2.675	+3.089	+3.079	+3.081	+2.900	+3.115	+3.172	+3.187	+3.189	+2.960	+2.783	+3.344	+3.255	+3.007	+2.997	+4.209	+3.019	+3.069	+2.975	+2.988	+3.026	+3.027	+2.981	+4.096	+4.110	+3.668	+3.153	+3.069	+3.070	+3.073	+3.358	+3.366	+3.293	+3.141	+2.973	+2.961	+2.961	+3.163	+2.958	+3.192	+3.277	+2.985	+3.485	+3.485	+3.485	+3.269	+3.485	+3.489	+2.992	+3.436	+2.980	+2.982	+3.511	+3.004	+3.498	+3.007	+3.008	+3.680	+3.011	+2.994	+3.520	+2.977	+3.015	+3.521	+3.012	+3.019	+3.523	+3.608	+3.029	+3.030	+3.924	+3.078	+2.718	+2.958	+2.757	+2.759	+2.839	+2.797	+3.000	
rs62356742     +0.224	+0.258	+1.010	+0.247	+2.176	+0.115	+1.907	+0.478	+0.455	+3.375	+3.376	+1.826	+0.667	+1.432	+1.391	+0.439	+1.816	+3.396	+0.607	+5.539	+3.391	+3.392	+1.137	+0.503	+3.210	+1.136	+3.375	+0.545	+1.778	+3.247	+1.207	+3.244	+1.877	+0.388	+1.946	+3.379	+0.418	+0.634	+0.546	+1.312	+3.417	+1.925	+0.531	+3.377	+1.916	+1.931	+3.379	+3.409	+1.951	+3.376	+1.986	+0.526	+0.326	+2.051	+3.381	+0.786	+2.007	+0.385	+0.565	+0.583	+2.108	+0.504	+3.292	+0.718	+5.126	+0.618	+5.174	+6.882	+1.236	+0.885	+0.404	+0.402	+0.457	+0.504	+0.158	+0.175	+0.258	+0.159	+0.730	+0.094	+0.091	+0.161	+0.161	+0.152	+0.760	+0.090	+0.087	+0.166	+0.735	+0.748	+0.122	+0.754	+0.757	+0.772	+0.108	+0.629	+0.091	+0.088	+1.014	+0.884	+1.082	+0.187	+0.579	+0.558	+0.119	+0.818	+0.803	+0.807	+1.022	+0.861	+0.913	+0.919	+0.921	+0.328	+0.150	+0.840	+0.747	+0.366	+0.359	+1.563	+0.379	+0.421	+0.340	+0.351	+0.383	+0.383	+0.345	+1.151	+1.162	+0.841	+0.474	+0.407	+0.407	+0.410	+0.541	+0.548	+0.501	+0.409	+0.285	+0.277	+0.276	+0.417	+0.325	+0.444	+0.490	+0.348	+0.717	+0.717	+0.717	+0.755	+0.715	+0.722	+0.355	+0.677	+0.343	+0.345	+0.762	+0.364	+0.752	+0.367	+0.368	+0.878	+0.370	+0.356	+0.770	+0.341	+0.373	+0.771	+0.371	+0.377	+0.773	+0.843	+0.385	+0.387	+0.970	+0.432	+0.117	+0.337	+0.154	+0.156	+0.225	+0.190	+0.393	
rs147748783    +5.475	+5.443	+5.625	+5.451	+5.912	+5.823	+6.178	+5.520	+5.498	+6.331	+6.332	+5.874	+5.618	+5.790	+5.766	+5.471	+5.884	+6.342	+5.539	+6.110	+6.339	+6.338	+5.675	+5.557	+6.249	+5.674	+6.330	+5.554	+5.913	+6.266	+5.714	+6.270	+5.846	+6.332	+5.800	+6.332	+6.420	+5.608	+5.557	+5.772	+6.354	+5.815	+5.548	+6.332	+5.808	+5.809	+6.333	+6.354	+5.424	+6.332	+5.425	+5.545	+5.416	+5.430	+6.335	+5.681	+5.764	+6.337	+5.568	+5.581	+5.721	+5.530	+6.293	+5.649	+5.980	+5.618	+6.005	+7.265	+5.459	+5.655	+5.447	+5.449	+6.530	+5.901	+5.616	+5.650	+5.354	+5.617	+6.276	+5.791	+5.776	+5.950	+5.951	+5.924	+6.314	+5.772	+5.761	+5.964	+6.281	+6.296	+5.694	+6.325	+6.329	+6.344	+5.680	+6.121	+5.710	+5.699	+6.268	+6.359	+6.237	+5.649	+5.843	+5.819	+5.569	+5.539	+5.533	+5.533	+6.185	+5.570	+5.601	+5.616	+5.617	+5.513	+5.343	+5.976	+5.891	+5.474	+5.469	+6.736	+5.475	+5.493	+5.466	+5.469	+5.477	+5.477	+5.467	+5.939	+5.947	+5.756	+5.522	+5.488	+5.489	+5.490	+5.667	+5.686	+5.603	+5.516	+5.441	+5.434	+5.434	+5.537	+5.462	+5.539	+5.592	+5.467	+5.644	+5.645	+5.645	+5.904	+5.645	+5.648	+5.469	+5.616	+5.466	+5.467	+5.655	+5.472	+5.648	+5.472	+5.473	+5.764	+5.473	+5.469	+5.661	+5.465	+5.474	+5.662	+5.474	+5.475	+5.663	+5.710	+5.478	+5.478	+5.968	+5.501	+5.322	+5.560	+5.360	+5.361	+5.441	+5.394	+5.579	
rs148284924    +2.777	+2.764	+4.626	+2.765	+3.279	+2.794	+4.608	+3.367	+3.330	+3.545	+3.546	+6.041	+3.588	+4.137	+4.099	+3.289	+6.025	+3.557	+3.391	+6.339	+3.510	+3.555	+3.897	+3.433	+3.467	+3.896	+3.546	+3.448	+5.966	+3.489	+3.963	+3.484	+6.111	+3.408	+6.216	+3.548	+3.477	+3.538	+3.442	+4.058	+3.569	+6.175	+3.426	+3.546	+6.169	+6.184	+3.546	+3.560	+3.791	+3.545	+3.822	+3.421	+2.955	+3.872	+3.545	+3.693	+6.297	+3.407	+3.474	+3.492	+6.437	+3.404	+3.498	+3.637	+5.852	+3.542	+5.896	+7.313	+3.672	+3.211	+2.764	+2.765	+3.568	+2.766	+2.703	+2.701	+2.819	+2.701	+2.916	+2.658	+2.656	+2.693	+2.693	+2.687	+2.936	+2.655	+2.654	+2.697	+2.920	+2.928	+2.658	+2.944	+2.946	+2.957	+2.644	+2.866	+2.649	+2.648	+2.918	+3.060	+2.920	+2.665	+2.744	+2.737	+2.670	+3.084	+3.074	+3.076	+2.895	+3.110	+3.167	+3.182	+3.184	+2.954	+2.778	+3.338	+3.250	+3.002	+2.992	+4.204	+3.014	+3.064	+2.970	+2.983	+3.021	+3.021	+2.976	+4.091	+4.105	+3.662	+3.147	+3.063	+3.064	+3.068	+3.353	+3.361	+3.288	+3.135	+2.967	+2.955	+2.955	+3.157	+2.953	+3.187	+3.272	+2.980	+3.480	+3.480	+3.480	+3.263	+3.480	+3.484	+2.987	+3.431	+2.975	+2.977	+3.505	+2.999	+3.492	+3.002	+3.003	+3.675	+3.005	+2.989	+3.514	+2.971	+3.009	+3.515	+3.007	+3.014	+3.517	+3.602	+3.024	+3.025	+3.919	+3.072	+2.713	+2.953	+2.752	+2.754	+2.834	+2.792	+2.996	
rs12643353     +2.777	+2.764	+4.623	+2.765	+3.279	+2.794	+4.607	+3.368	+3.331	+3.543	+3.544	+6.039	+3.589	+4.137	+4.099	+3.289	+6.024	+3.557	+3.392	+6.338	+3.555	+3.510	+3.897	+3.434	+3.465	+3.896	+3.545	+3.449	+5.965	+3.488	+3.963	+3.483	+6.110	+3.408	+6.214	+3.547	+3.478	+3.538	+3.443	+4.057	+3.568	+6.174	+3.427	+3.545	+6.168	+6.183	+3.545	+3.560	+3.792	+3.544	+3.823	+3.423	+2.953	+3.873	+3.546	+3.693	+6.296	+3.407	+3.476	+3.493	+6.436	+3.405	+3.497	+3.638	+5.852	+3.543	+5.895	+7.313	+3.672	+3.211	+2.763	+2.764	+3.569	+2.766	+2.702	+2.701	+2.818	+2.700	+2.916	+2.657	+2.655	+2.693	+2.693	+2.686	+2.935	+2.655	+2.654	+2.696	+2.920	+2.928	+2.657	+2.944	+2.947	+2.958	+2.643	+2.866	+2.649	+2.647	+2.918	+3.060	+2.920	+2.664	+2.744	+2.737	+2.669	+3.083	+3.073	+3.075	+2.896	+3.110	+3.167	+3.182	+3.184	+2.954	+2.778	+3.338	+3.250	+3.001	+2.991	+4.204	+3.013	+3.064	+2.969	+2.983	+3.020	+3.020	+2.976	+4.090	+4.104	+3.662	+3.146	+3.063	+3.064	+3.068	+3.354	+3.362	+3.289	+3.136	+2.968	+2.956	+2.956	+3.158	+2.953	+3.187	+3.273	+2.980	+3.480	+3.480	+3.480	+3.264	+3.480	+3.484	+2.987	+3.431	+2.974	+2.976	+3.505	+2.998	+3.491	+3.001	+3.002	+3.675	+3.005	+2.989	+3.513	+2.971	+3.009	+3.515	+3.007	+3.013	+3.517	+3.602	+3.023	+3.025	+3.919	+3.072	+2.713	+2.953	+2.752	+2.754	+2.834	+2.792	+2.996	
rs11132173     +1.177	+1.224	+1.724	+1.211	+2.786	+1.064	+2.128	+1.129	+1.120	+3.883	+3.884	+2.371	+1.228	+1.645	+1.605	+1.111	+2.362	+3.902	+1.137	+5.675	+3.897	+3.897	+1.520	+1.151	+3.725	+1.481	+3.882	+1.150	+2.328	+3.767	+1.533	+3.757	+2.415	+1.211	+2.476	+3.887	+1.231	+1.181	+1.149	+1.660	+3.924	+2.459	+1.144	+3.886	+2.455	+2.465	+3.887	+3.917	+3.785	+3.885	+3.824	+1.143	+2.064	+3.905	+3.890	+1.280	+2.534	+1.208	+1.162	+1.166	+2.625	+1.137	+3.810	+1.250	+5.271	+1.187	+5.317	+6.958	+2.257	+2.064	+1.578	+1.575	+1.262	+1.129	+0.996	+0.997	+0.960	+0.995	+1.366	+1.134	+1.126	+1.288	+1.288	+1.270	+1.390	+1.122	+1.116	+1.296	+1.370	+1.382	+1.206	+1.387	+1.390	+1.405	+1.168	+1.297	+1.114	+1.108	+1.642	+1.551	+1.690	+1.282	+1.308	+1.291	+1.205	+1.151	+1.147	+1.148	+1.642	+1.167	+1.186	+1.196	+1.197	+1.194	+1.041	+1.685	+1.595	+1.221	+1.216	+2.338	+1.234	+1.274	+1.197	+1.208	+1.236	+1.236	+1.202	+1.881	+1.891	+1.620	+1.314	+1.253	+1.254	+1.257	+1.394	+1.402	+1.380	+1.276	+1.155	+1.147	+1.147	+1.287	+1.184	+1.321	+1.368	+1.205	+1.509	+1.510	+1.510	+1.601	+1.508	+1.514	+1.210	+1.473	+1.200	+1.202	+1.567	+1.219	+1.558	+1.221	+1.222	+1.660	+1.224	+1.212	+1.576	+1.197	+1.227	+1.577	+1.225	+1.231	+1.578	+1.644	+1.238	+1.239	+1.831	+1.279	+1.006	+1.244	+1.049	+1.050	+1.127	+1.092	+1.301	
rs3814422      +0.266	+0.302	+1.045	+0.291	+2.219	+0.156	+1.920	+0.504	+0.486	+3.417	+3.418	+1.856	+0.681	+1.444	+1.403	+0.453	+1.846	+3.438	+0.503	+5.557	+3.433	+3.434	+1.151	+0.652	+3.250	+1.150	+3.416	+0.568	+1.807	+3.288	+1.220	+3.286	+1.906	+0.429	+1.974	+3.421	+0.458	+0.647	+0.548	+1.324	+3.459	+1.953	+0.535	+3.419	+1.947	+1.959	+3.420	+3.450	+1.994	+3.418	+2.029	+0.531	+0.376	+2.095	+3.423	+0.795	+2.036	+0.426	+0.584	+0.601	+2.136	+0.529	+3.334	+0.730	+5.147	+0.633	+5.194	+6.898	+1.257	+0.930	+0.447	+0.445	+0.498	+0.538	+0.197	+0.213	+0.310	+0.197	+0.767	+0.133	+0.130	+0.199	+0.199	+0.189	+0.796	+0.129	+0.127	+0.203	+0.771	+0.784	+0.170	+0.790	+0.793	+0.808	+0.155	+0.666	+0.130	+0.128	+1.091	+0.904	+1.119	+0.220	+0.648	+0.626	+0.163	+0.892	+0.877	+0.881	+1.061	+0.936	+0.990	+0.996	+0.997	+0.368	+0.192	+0.894	+0.800	+0.405	+0.397	+1.624	+0.417	+0.459	+0.378	+0.390	+0.421	+0.422	+0.384	+1.187	+1.198	+0.878	+0.512	+0.446	+0.446	+0.449	+0.586	+0.593	+0.544	+0.451	+0.324	+0.316	+0.316	+0.460	+0.364	+0.487	+0.532	+0.387	+0.754	+0.754	+0.754	+0.807	+0.752	+0.758	+0.393	+0.714	+0.382	+0.384	+0.798	+0.403	+0.788	+0.406	+0.406	+0.913	+0.409	+0.395	+0.807	+0.379	+0.412	+0.808	+0.410	+0.416	+0.809	+0.879	+0.424	+0.425	+1.012	+0.471	+0.154	+0.370	+0.191	+0.192	+0.260	+0.226	+0.432	
rs17291770     +2.576	+2.564	+4.401	+2.565	+3.128	+2.594	+4.445	+3.186	+3.148	+3.449	+3.451	+5.798	+3.410	+3.969	+3.931	+3.106	+5.783	+3.470	+3.210	+6.249	+3.467	+3.465	+3.725	+3.250	+3.302	+3.724	+3.453	+3.267	+5.724	+3.357	+3.791	+3.354	+5.868	+3.199	+5.972	+3.456	+3.267	+3.357	+3.260	+3.887	+3.487	+5.932	+3.244	+3.452	+5.926	+5.941	+3.453	+3.476	+3.647	+3.451	+3.678	+3.239	+2.720	+3.730	+3.454	+3.514	+6.054	+3.198	+3.293	+3.311	+6.193	+3.222	+3.381	+3.457	+5.766	+3.361	+5.810	+7.254	+3.510	+3.015	+2.566	+2.566	+3.357	+2.579	+2.503	+2.503	+2.608	+2.502	+2.732	+2.462	+2.460	+2.499	+2.499	+2.492	+2.751	+2.459	+2.457	+2.503	+2.736	+2.744	+2.457	+2.760	+2.762	+2.774	+2.444	+2.680	+2.454	+2.452	+2.739	+2.876	+2.743	+2.466	+2.554	+2.546	+2.467	+2.886	+2.876	+2.878	+2.717	+2.913	+2.970	+2.984	+2.986	+2.755	+2.579	+3.135	+3.047	+2.803	+2.794	+3.997	+2.816	+2.866	+2.772	+2.785	+2.823	+2.823	+2.778	+3.892	+3.906	+3.464	+2.949	+2.865	+2.866	+2.870	+3.152	+3.160	+3.088	+2.937	+2.767	+2.756	+2.756	+2.958	+2.755	+2.988	+3.072	+2.782	+3.283	+3.283	+3.283	+3.061	+3.283	+3.287	+2.789	+3.234	+2.777	+2.779	+3.306	+2.801	+3.293	+2.804	+2.805	+3.477	+2.807	+2.791	+3.315	+2.773	+2.811	+3.316	+2.809	+2.816	+3.318	+3.403	+2.826	+2.827	+3.717	+2.874	+2.515	+2.754	+2.554	+2.556	+2.636	+2.595	+2.798	
rs3814421      +1.175	+1.222	+1.723	+1.209	+2.784	+1.063	+2.128	+1.128	+1.119	+3.881	+3.883	+2.370	+1.226	+1.645	+1.605	+1.110	+2.361	+3.901	+1.136	+5.674	+3.896	+3.896	+1.481	+1.150	+3.724	+1.519	+3.881	+1.149	+2.327	+3.766	+1.535	+3.755	+2.414	+1.209	+2.474	+3.885	+1.230	+1.180	+1.148	+1.665	+3.922	+2.458	+1.143	+3.884	+2.453	+2.464	+3.886	+3.914	+3.783	+3.884	+3.822	+1.142	+2.062	+3.902	+3.889	+1.278	+2.532	+1.206	+1.161	+1.165	+2.624	+1.136	+3.809	+1.249	+5.269	+1.185	+5.315	+6.957	+2.255	+2.062	+1.578	+1.574	+1.260	+1.128	+0.995	+0.996	+0.958	+0.993	+1.365	+1.133	+1.125	+1.286	+1.287	+1.268	+1.389	+1.121	+1.115	+1.295	+1.370	+1.381	+1.205	+1.386	+1.389	+1.405	+1.167	+1.296	+1.113	+1.107	+1.641	+1.549	+1.690	+1.281	+1.307	+1.291	+1.204	+1.150	+1.145	+1.146	+1.641	+1.165	+1.185	+1.194	+1.195	+1.192	+1.040	+1.683	+1.593	+1.219	+1.214	+2.336	+1.232	+1.272	+1.196	+1.207	+1.234	+1.234	+1.201	+1.880	+1.890	+1.618	+1.312	+1.252	+1.253	+1.255	+1.393	+1.400	+1.378	+1.274	+1.154	+1.146	+1.146	+1.286	+1.182	+1.319	+1.366	+1.203	+1.508	+1.508	+1.508	+1.600	+1.506	+1.513	+1.209	+1.471	+1.199	+1.200	+1.565	+1.218	+1.556	+1.220	+1.221	+1.659	+1.223	+1.210	+1.574	+1.196	+1.226	+1.575	+1.224	+1.229	+1.576	+1.642	+1.236	+1.238	+1.829	+1.278	+1.005	+1.242	+1.047	+1.049	+1.126	+1.091	+1.299	
rs3814420      +2.759	+2.746	+4.605	+2.747	+3.266	+2.776	+4.594	+3.352	+3.314	+3.533	+3.535	+6.019	+3.573	+4.123	+4.085	+3.273	+6.003	+3.549	+3.375	+6.330	+3.546	+3.545	+3.882	+3.416	+3.453	+3.881	+3.491	+3.432	+5.944	+3.476	+3.947	+3.471	+6.089	+3.389	+6.194	+3.539	+3.458	+3.521	+3.426	+4.042	+3.561	+6.153	+3.410	+3.537	+6.147	+6.162	+3.537	+3.552	+3.777	+3.536	+3.808	+3.404	+2.935	+3.858	+3.538	+3.676	+6.275	+3.388	+3.457	+3.476	+6.415	+3.387	+3.487	+3.620	+5.843	+3.525	+5.886	+7.306	+3.656	+3.194	+2.746	+2.747	+3.549	+2.749	+2.685	+2.683	+2.800	+2.683	+2.900	+2.640	+2.638	+2.676	+2.676	+2.669	+2.919	+2.637	+2.636	+2.679	+2.903	+2.912	+2.640	+2.927	+2.930	+2.941	+2.626	+2.849	+2.632	+2.630	+2.902	+3.043	+2.904	+2.647	+2.727	+2.720	+2.652	+3.066	+3.056	+3.058	+2.879	+3.093	+3.150	+3.165	+3.167	+2.936	+2.760	+3.320	+3.231	+2.984	+2.974	+4.185	+2.996	+3.046	+2.952	+2.965	+3.003	+3.003	+2.958	+4.073	+4.087	+3.644	+3.129	+3.045	+3.046	+3.050	+3.335	+3.343	+3.270	+3.117	+2.949	+2.937	+2.937	+3.139	+2.935	+3.169	+3.254	+2.962	+3.462	+3.462	+3.463	+3.245	+3.462	+3.466	+2.969	+3.413	+2.957	+2.959	+3.487	+2.981	+3.474	+2.984	+2.985	+3.657	+2.987	+2.971	+3.496	+2.953	+2.991	+3.497	+2.989	+2.996	+3.499	+3.584	+3.006	+3.007	+3.900	+3.054	+2.695	+2.936	+2.735	+2.737	+2.816	+2.775	+2.978	
rs3814418      +0.334	+0.372	+1.117	+0.360	+2.251	+0.211	+1.912	+0.593	+0.600	+3.433	+3.434	+1.888	+0.710	+1.440	+1.400	+0.556	+1.878	+3.454	+0.545	+5.554	+3.448	+3.449	+1.150	+0.568	+3.267	+1.149	+3.432	+0.708	+1.840	+3.304	+1.218	+3.302	+1.938	+0.480	+2.005	+3.436	+0.509	+0.733	+0.610	+1.321	+3.474	+1.985	+0.600	+3.434	+1.978	+1.991	+3.436	+3.465	+2.000	+3.433	+2.034	+0.594	+0.418	+2.099	+3.438	+0.830	+2.066	+0.478	+0.642	+0.667	+2.166	+0.604	+3.350	+0.762	+5.143	+0.683	+5.190	+6.888	+1.260	+1.005	+0.523	+0.521	+0.548	+0.572	+0.247	+0.262	+0.400	+0.247	+0.796	+0.185	+0.183	+0.243	+0.244	+0.235	+0.825	+0.181	+0.180	+0.248	+0.800	+0.813	+0.218	+0.818	+0.821	+0.836	+0.203	+0.697	+0.181	+0.179	+1.124	+0.952	+1.143	+0.269	+0.691	+0.670	+0.217	+0.943	+0.927	+0.931	+1.086	+0.987	+1.039	+1.046	+1.047	+0.425	+0.249	+0.959	+0.864	+0.460	+0.453	+1.689	+0.472	+0.514	+0.434	+0.446	+0.477	+0.477	+0.439	+1.232	+1.244	+0.926	+0.566	+0.500	+0.501	+0.504	+0.636	+0.643	+0.595	+0.504	+0.376	+0.368	+0.368	+0.513	+0.420	+0.538	+0.584	+0.443	+0.803	+0.804	+0.804	+0.872	+0.802	+0.808	+0.449	+0.764	+0.438	+0.440	+0.852	+0.459	+0.842	+0.461	+0.462	+0.962	+0.464	+0.451	+0.860	+0.435	+0.468	+0.861	+0.465	+0.471	+0.863	+0.932	+0.479	+0.480	+1.062	+0.525	+0.212	+0.429	+0.250	+0.251	+0.319	+0.285	+0.491	
rs10520555     +1.092	+1.090	+1.312	+1.088	+3.449	+1.393	+3.084	+1.772	+1.737	+5.947	+5.949	+1.720	+1.980	+2.570	+2.532	+1.684	+1.715	+5.974	+1.778	+5.913	+5.966	+5.965	+2.328	+1.807	+5.724	+2.327	+5.944	+1.840	+1.684	+5.787	+2.394	+5.793	+1.769	+1.678	+1.836	+5.950	+1.742	+1.929	+1.836	+2.491	+5.998	+1.811	+1.820	+5.947	+1.794	+1.814	+5.948	+5.991	+2.405	+5.945	+2.439	+1.816	+2.021	+2.495	+5.951	+2.083	+1.899	+1.679	+1.870	+1.886	+2.043	+1.798	+5.840	+2.027	+5.176	+1.938	+5.226	+7.320	+2.212	+1.481	+1.100	+1.101	+1.817	+2.710	+1.668	+1.728	+1.131	+1.674	+2.592	+1.659	+1.645	+1.871	+1.871	+1.840	+2.636	+1.640	+1.627	+1.886	+2.597	+2.618	+1.845	+2.640	+2.644	+2.659	+1.794	+2.375	+1.579	+1.566	+2.982	+2.555	+3.103	+1.827	+2.197	+2.161	+1.634	+1.440	+1.429	+1.430	+3.006	+1.479	+1.520	+1.531	+1.533	+1.222	+1.070	+1.657	+1.579	+1.222	+1.218	+2.343	+1.231	+1.259	+1.207	+1.215	+1.233	+1.233	+1.210	+1.814	+1.823	+1.599	+1.303	+1.255	+1.255	+1.257	+1.421	+1.435	+1.371	+1.282	+1.183	+1.176	+1.176	+1.293	+1.200	+1.320	+1.360	+1.213	+1.481	+1.482	+1.482	+1.584	+1.481	+1.486	+1.217	+1.447	+1.210	+1.211	+1.486	+1.223	+1.478	+1.225	+1.225	+1.616	+1.226	+1.217	+1.493	+1.209	+1.229	+1.494	+1.227	+1.231	+1.495	+1.548	+1.236	+1.237	+1.763	+1.263	+1.057	+1.296	+1.097	+1.099	+1.176	+1.127	+1.344	
rs17291855     +2.622	+2.609	+4.451	+2.610	+3.160	+2.639	+4.483	+3.224	+3.186	+3.471	+3.473	+5.861	+3.446	+4.010	+3.972	+3.144	+5.846	+3.493	+3.247	+6.266	+3.489	+3.488	+3.767	+3.288	+3.357	+3.766	+3.476	+3.304	+5.787	+3.348	+3.833	+3.383	+5.932	+3.248	+6.036	+3.479	+3.316	+3.393	+3.297	+3.928	+3.509	+5.996	+3.281	+3.476	+5.989	+6.004	+3.477	+3.498	+3.671	+3.474	+3.702	+3.276	+2.782	+3.753	+3.478	+3.549	+6.117	+3.247	+3.329	+3.347	+6.257	+3.258	+3.407	+3.493	+5.782	+3.397	+5.825	+7.264	+3.540	+3.058	+2.610	+2.611	+3.407	+2.621	+2.549	+2.548	+2.660	+2.547	+2.775	+2.505	+2.503	+2.542	+2.543	+2.536	+2.795	+2.503	+2.501	+2.546	+2.779	+2.788	+2.503	+2.804	+2.806	+2.817	+2.490	+2.723	+2.497	+2.496	+2.782	+2.919	+2.785	+2.511	+2.598	+2.590	+2.514	+2.938	+2.928	+2.930	+2.759	+2.965	+3.022	+3.037	+3.039	+2.800	+2.623	+3.184	+3.096	+2.847	+2.838	+4.047	+2.859	+2.910	+2.816	+2.829	+2.867	+2.867	+2.822	+3.934	+3.948	+3.507	+2.993	+2.909	+2.910	+2.914	+3.196	+3.204	+3.131	+2.980	+2.812	+2.800	+2.800	+3.001	+2.799	+3.031	+3.115	+2.826	+3.325	+3.325	+3.326	+3.109	+3.325	+3.329	+2.833	+3.276	+2.821	+2.823	+3.349	+2.845	+3.336	+2.847	+2.848	+3.520	+2.851	+2.835	+3.358	+2.817	+2.855	+3.359	+2.853	+2.860	+3.361	+3.446	+2.869	+2.871	+3.759	+2.918	+2.560	+2.801	+2.600	+2.602	+2.681	+2.640	+2.844	
