## Summary of overall evidence for association with region:
## log10(BF for region) = 3.86763
## p-value for region = NA

## BFs for choosing among multi-SNP models:
## log10(average 1-SNP BF) = 3.90918
## log10(average 2-SNP BF) = 3.77028

## Example posterior probabilities for multi-SNP models, based on default prior: [p(l) propto 0.5^l for l=1,2,...,L]
## posterior probability of 1-SNP = 0.733601
## posterior probability of 2-SNP = 0.266399

## log10(BF) for single SNP and pair of SNPs:
rs12116726     -0.415	+1.278	+1.275	+1.864	-0.707	+1.779	-0.537	-0.713	+1.381	+1.398	-0.719	+1.337	+1.774	+1.343	+1.680	+1.349	+1.458	+1.347	-0.728	+1.667	-0.480	+1.703	-0.733	-0.736	-0.473	-0.732	+1.526	+1.400	+1.403	+1.721	+1.904	+1.658	+0.619	+1.413	-0.464	+1.415	-0.453	-0.739	-0.468	-0.445	-0.444	-0.458	-0.444	-0.751	-0.751	-0.443	+1.811	-0.396	-0.750	+1.626	-0.439	+1.746	+1.645	-0.321	-0.588	-0.587	-0.012	-0.041	-0.044	-0.064	-0.060	+3.565	-0.598	+5.108	+3.572	+1.673	-0.082	-0.054	-0.593	+4.428	+1.737	-0.206	+1.733	-0.224	-0.645	+1.687	-0.640	-0.257	-0.645	-0.234	-0.201	-0.644	+1.780	-0.650	-0.253	-0.231	-0.649	-0.233	-0.641	-0.641	+2.028	-0.221	-0.202	-0.641	-0.233	-0.228	-0.214	-0.214	-0.647	+1.821	-0.226	-0.647	-0.654	-0.287	-0.234	-0.654	-0.273	-0.235	-0.234	-0.287	-0.653	-0.274	-0.623	-0.186	+4.963	-0.206	-0.630	-0.186	-0.223	-0.192	-0.227	-0.618	-0.190	-0.192	+4.909	-0.597	-0.597	-0.226	-0.200	-0.242	+3.208	-0.221	-0.200	-0.595	-0.592	+1.708	-0.193	-0.193	-0.193	-0.241	-0.241	-0.575	+3.195	-0.201	-0.581	-0.148	+1.881	-0.579	+3.184	-0.204	-0.583	-0.204	-0.556	-0.557	-0.599	-0.241	-0.596	+2.978	-0.592	-0.374	-0.617	-0.366	-0.580	+0.131	+0.082	-0.631	-0.535	-0.523	-0.523	+0.207	-0.568	+0.180	+0.169	+0.169	+0.141	+0.151	+0.147	-0.579	-0.603	+0.127	-0.576	-0.562	-0.606	-0.247	-0.294	-0.588	-0.318	-0.584	
rs7553153      +1.278	+1.766	+1.732	+1.776	+1.481	+1.736	+1.280	+1.465	+1.783	+1.807	+1.448	+1.759	+1.734	+1.763	+1.699	+1.767	+1.864	+1.764	+1.423	+1.706	+1.271	+1.724	+1.405	+1.406	+1.271	+1.408	+1.855	+1.757	+1.760	+1.733	+1.821	+1.703	+1.444	+1.767	+1.271	+1.767	+1.271	+1.396	+1.271	+1.281	+1.281	+1.280	+1.281	+1.345	+1.345	+1.281	+2.095	+1.288	+1.343	+1.920	+1.282	+2.025	+1.715	+1.398	+1.248	+1.248	+1.503	+1.491	+1.491	+1.484	+1.485	+3.030	+1.246	+5.298	+3.023	+2.285	+1.477	+1.489	+1.247	+4.506	+2.327	+1.461	+2.324	+1.457	+1.242	+2.385	+1.393	+1.441	+1.242	+1.451	+1.465	+1.242	+2.471	+1.241	+1.445	+1.454	+1.241	+1.452	+1.242	+1.242	+2.373	+1.460	+1.465	+1.243	+1.452	+1.457	+1.460	+1.460	+1.242	+2.500	+1.458	+1.242	+1.241	+1.431	+1.454	+1.241	+1.437	+1.453	+1.454	+1.431	+1.241	+1.437	+1.246	+1.475	+5.091	+1.466	+1.245	+1.475	+1.459	+1.472	+1.457	+1.248	+1.474	+1.474	+5.019	+1.254	+1.254	+1.459	+1.470	+1.452	+2.932	+1.461	+1.470	+1.255	+1.256	+2.326	+1.474	+1.474	+1.474	+1.453	+1.453	+1.261	+2.927	+1.471	+1.259	+1.484	+2.469	+1.261	+2.921	+1.471	+1.261	+1.471	+1.269	+1.269	+1.256	+1.455	+1.258	+2.800	+1.259	+1.448	+1.271	+1.474	+1.352	+1.523	+1.495	+1.343	+1.380	+1.396	+1.396	+1.509	+1.190	+1.494	+1.488	+1.488	+1.473	+1.478	+1.476	+1.187	+1.182	+1.467	+1.188	+1.192	+1.344	+1.598	+1.524	+1.355	+1.508	+1.358	
rs4384293      +1.275	+1.732	+1.763	+1.774	+1.479	+1.734	+1.278	+1.463	+1.787	+1.814	+1.446	+1.763	+1.732	+1.768	+1.697	+1.772	+1.875	+1.769	+1.421	+1.704	+1.268	+1.721	+1.403	+1.404	+1.268	+1.406	+1.857	+1.758	+1.760	+1.731	+1.819	+1.701	+1.441	+1.767	+1.269	+1.768	+1.268	+1.394	+1.269	+1.278	+1.278	+1.277	+1.279	+1.343	+1.343	+1.279	+2.098	+1.285	+1.341	+1.921	+1.280	+2.027	+1.713	+1.395	+1.246	+1.246	+1.500	+1.488	+1.487	+1.481	+1.482	+3.028	+1.243	+5.301	+3.021	+2.282	+1.474	+1.486	+1.245	+4.507	+2.324	+1.458	+2.322	+1.454	+1.239	+2.383	+1.391	+1.438	+1.239	+1.448	+1.462	+1.239	+2.470	+1.239	+1.442	+1.451	+1.239	+1.449	+1.240	+1.240	+2.371	+1.457	+1.462	+1.240	+1.449	+1.454	+1.457	+1.457	+1.239	+2.499	+1.455	+1.240	+1.238	+1.428	+1.450	+1.238	+1.434	+1.450	+1.450	+1.428	+1.238	+1.434	+1.244	+1.472	+5.094	+1.463	+1.242	+1.472	+1.456	+1.469	+1.454	+1.245	+1.471	+1.471	+5.021	+1.251	+1.251	+1.456	+1.467	+1.449	+2.930	+1.458	+1.467	+1.252	+1.253	+2.324	+1.471	+1.471	+1.471	+1.450	+1.450	+1.259	+2.925	+1.468	+1.257	+1.481	+2.467	+1.258	+2.918	+1.468	+1.259	+1.468	+1.266	+1.266	+1.254	+1.451	+1.255	+2.797	+1.256	+1.445	+1.268	+1.472	+1.349	+1.520	+1.492	+1.341	+1.377	+1.393	+1.393	+1.506	+1.187	+1.491	+1.485	+1.485	+1.470	+1.476	+1.473	+1.185	+1.180	+1.465	+1.186	+1.189	+1.342	+1.596	+1.522	+1.352	+1.506	+1.356	
rs6704368      +1.864	+1.776	+1.774	+1.467	+1.595	+1.399	+1.829	+1.621	+1.841	+1.859	+1.643	+1.817	+1.398	+1.821	+1.375	+1.825	+1.901	+1.825	+1.691	+1.308	+1.980	+1.315	+1.727	+1.728	+1.991	+1.721	+1.967	+1.878	+1.881	+1.318	+1.377	+1.303	+1.096	+1.889	+1.997	+1.890	+2.016	+1.757	+2.001	+2.118	+2.119	+2.101	+2.119	+1.844	+1.844	+2.120	+2.177	+2.189	+1.847	+2.034	+2.127	+2.125	+1.289	+2.495	+2.518	+2.521	+2.906	+2.846	+2.844	+2.846	+2.825	+2.259	+2.491	+5.169	+2.261	+1.478	+2.799	+2.858	+2.506	+4.577	+1.512	+2.650	+1.510	+2.651	+2.320	+2.545	+1.519	+2.578	+2.323	+2.610	+2.677	+2.327	+2.642	+2.307	+2.583	+2.634	+2.308	+2.612	+2.334	+2.335	+1.589	+2.654	+2.676	+2.335	+2.613	+2.643	+2.659	+2.660	+2.319	+2.675	+2.645	+2.313	+2.295	+2.534	+2.630	+2.296	+2.554	+2.629	+2.630	+2.534	+2.296	+2.553	+2.349	+2.669	+5.023	+2.622	+2.332	+2.669	+2.598	+2.661	+2.594	+2.366	+2.663	+2.661	+5.010	+2.434	+2.435	+2.611	+2.649	+2.574	+2.135	+2.618	+2.650	+2.441	+2.449	+1.513	+2.660	+2.660	+2.661	+2.574	+2.575	+2.492	+2.128	+2.649	+2.477	+2.681	+1.620	+2.484	+2.121	+2.627	+2.461	+2.627	+2.539	+2.538	+2.420	+2.574	+2.427	+1.991	+2.435	+2.322	+2.235	+1.302	+1.877	+1.448	+1.413	+1.704	+1.961	+1.997	+1.997	+1.439	+1.083	+1.420	+1.412	+1.412	+1.392	+1.399	+1.396	+1.083	+1.106	+1.384	+1.082	+1.071	+1.808	+1.534	+1.392	+1.849	+1.374	+1.858	
rs10047124     -0.707	+1.481	+1.479	+1.595	-0.587	+1.510	-0.726	-0.717	+1.580	+1.615	-0.723	+1.547	+1.505	+1.554	+1.418	+1.560	+1.685	+1.559	-0.700	+1.400	-0.640	+1.436	-0.678	-0.667	-0.633	-0.681	+1.750	+1.607	+1.611	+1.454	+1.638	+1.390	+0.362	+1.623	-0.623	+1.625	-0.618	-0.621	-0.627	-0.543	-0.542	-0.554	-0.542	-0.635	-0.635	-0.541	+2.030	-0.494	-0.633	+1.818	-0.537	+1.948	+1.363	-0.329	-0.253	-0.251	-0.023	-0.070	-0.072	-0.073	-0.087	+3.386	-0.281	+5.343	+3.397	+1.413	-0.107	-0.062	-0.270	+4.619	+1.477	-0.216	+1.472	-0.222	-0.452	+1.630	-0.763	-0.268	-0.449	-0.244	-0.197	-0.447	+1.725	-0.463	-0.263	-0.228	-0.462	-0.242	-0.441	-0.441	+1.800	-0.217	-0.198	-0.440	-0.242	-0.226	-0.211	-0.211	-0.454	+1.768	-0.223	-0.454	-0.472	-0.299	-0.232	-0.472	-0.284	-0.232	-0.232	-0.299	-0.472	-0.285	-0.409	-0.181	+5.131	-0.214	-0.428	-0.181	-0.232	-0.187	-0.236	-0.397	-0.187	-0.188	+5.114	-0.364	-0.364	-0.225	-0.197	-0.251	+3.052	-0.220	-0.197	-0.360	-0.354	+1.448	-0.190	-0.190	-0.190	-0.250	-0.250	-0.320	+3.036	-0.198	-0.332	-0.156	+1.623	-0.326	+3.024	-0.212	-0.347	-0.212	-0.280	-0.281	-0.380	-0.250	-0.376	+2.807	-0.369	-0.394	-0.516	-0.519	-0.642	+0.045	-0.004	-0.713	-0.586	-0.572	-0.571	+0.123	-0.778	+0.095	+0.084	+0.084	+0.055	+0.065	+0.060	-0.788	-0.811	+0.040	-0.786	-0.773	-0.675	-0.379	-0.436	-0.652	-0.461	-0.647	
rs17723132     +1.779	+1.736	+1.734	+1.399	+1.510	+1.397	+1.744	+1.536	+1.803	+1.820	+1.558	+1.777	+1.353	+1.782	+1.317	+1.786	+1.863	+1.786	+1.604	+1.256	+1.893	+1.265	+1.640	+1.641	+1.904	+1.635	+1.929	+1.839	+1.842	+1.271	+1.347	+1.252	+1.029	+1.850	+1.911	+1.851	+1.929	+1.669	+1.914	+2.031	+2.032	+2.014	+2.032	+1.756	+1.756	+2.033	+2.143	+2.101	+1.760	+1.998	+2.040	+2.090	+1.242	+2.406	+2.424	+2.428	+2.813	+2.754	+2.751	+2.753	+2.732	+2.251	+2.398	+5.152	+2.253	+1.437	+2.706	+2.765	+2.413	+4.554	+1.471	+2.559	+1.470	+2.561	+2.230	+2.497	+1.444	+2.488	+2.232	+2.520	+2.586	+2.236	+2.594	+2.216	+2.493	+2.544	+2.217	+2.522	+2.243	+2.243	+1.554	+2.564	+2.585	+2.244	+2.522	+2.553	+2.569	+2.569	+2.228	+2.627	+2.554	+2.222	+2.205	+2.445	+2.540	+2.205	+2.464	+2.539	+2.540	+2.445	+2.206	+2.464	+2.258	+2.579	+5.006	+2.532	+2.242	+2.579	+2.508	+2.571	+2.505	+2.275	+2.573	+2.571	+4.989	+2.343	+2.343	+2.521	+2.560	+2.485	+2.119	+2.528	+2.560	+2.349	+2.357	+1.472	+2.570	+2.570	+2.571	+2.485	+2.486	+2.400	+2.112	+2.559	+2.385	+2.591	+1.581	+2.392	+2.104	+2.537	+2.369	+2.537	+2.446	+2.446	+2.329	+2.485	+2.336	+1.971	+2.344	+2.236	+2.146	+1.239	+1.797	+1.393	+1.358	+1.627	+1.881	+1.916	+1.916	+1.386	+1.002	+1.366	+1.358	+1.358	+1.338	+1.345	+1.343	+1.002	+1.024	+1.330	+1.002	+0.991	+1.729	+1.471	+1.328	+1.770	+1.310	+1.779	
rs17666678     -0.537	+1.280	+1.278	+1.829	-0.726	+1.744	-0.428	-0.731	+1.383	+1.401	-0.736	+1.339	+1.739	+1.346	+1.646	+1.351	+1.461	+1.350	-0.744	+1.632	-0.460	+1.667	-0.748	-0.752	-0.450	-0.748	+1.529	+1.402	+1.406	+1.686	+1.868	+1.622	+0.593	+1.416	-0.440	+1.418	-0.425	-0.753	-0.446	-0.430	-0.430	-0.445	-0.430	-0.763	-0.763	-0.429	+1.813	-0.377	-0.762	+1.628	-0.424	+1.748	+1.611	-0.312	-0.591	-0.589	+0.009	-0.021	-0.023	-0.046	-0.041	+3.517	-0.600	+5.109	+3.524	+1.641	-0.064	-0.035	-0.595	+4.428	+1.704	-0.195	+1.700	-0.213	-0.650	+1.680	-0.650	-0.247	-0.649	-0.223	-0.190	-0.648	+1.773	-0.654	-0.243	-0.220	-0.654	-0.222	-0.646	-0.645	+1.993	-0.211	-0.191	-0.645	-0.222	-0.218	-0.203	-0.203	-0.651	+1.814	-0.215	-0.651	-0.658	-0.278	-0.224	-0.658	-0.264	-0.225	-0.224	-0.278	-0.658	-0.265	-0.627	-0.175	+4.965	-0.195	-0.634	-0.175	-0.213	-0.181	-0.217	-0.621	-0.179	-0.181	+4.910	-0.601	-0.600	-0.216	-0.190	-0.233	+3.165	-0.211	-0.190	-0.598	-0.595	+1.676	-0.182	-0.182	-0.182	-0.231	-0.231	-0.578	+3.152	-0.191	-0.584	-0.135	+1.848	-0.582	+3.141	-0.194	-0.586	-0.194	-0.559	-0.559	-0.602	-0.232	-0.599	+2.936	-0.596	-0.372	-0.622	-0.378	-0.584	+0.124	+0.075	-0.637	-0.538	-0.525	-0.525	+0.200	-0.586	+0.173	+0.162	+0.162	+0.134	+0.144	+0.140	-0.597	-0.621	+0.120	-0.594	-0.580	-0.611	-0.258	-0.305	-0.593	-0.329	-0.588	
rs113366722    -0.713	+1.465	+1.463	+1.621	-0.717	+1.536	-0.731	-0.583	+1.564	+1.599	-0.727	+1.531	+1.530	+1.538	+1.442	+1.544	+1.668	+1.543	-0.711	+1.424	-0.648	+1.461	-0.689	-0.688	-0.641	-0.696	+1.734	+1.592	+1.596	+1.479	+1.664	+1.415	+0.377	+1.607	-0.631	+1.609	-0.626	-0.651	-0.636	-0.553	-0.552	-0.564	-0.552	-0.654	-0.654	-0.551	+2.014	-0.505	-0.652	+1.803	-0.547	+1.933	+1.389	-0.341	-0.280	-0.278	-0.040	-0.084	-0.086	-0.089	-0.101	+3.427	-0.306	+5.326	+3.438	+1.435	-0.121	-0.078	-0.296	+4.603	+1.499	-0.228	+1.495	-0.234	-0.469	+1.626	-0.763	-0.278	-0.467	-0.255	-0.210	-0.464	+1.720	-0.480	-0.274	-0.241	-0.479	-0.254	-0.459	-0.459	+1.825	-0.230	-0.211	-0.458	-0.254	-0.238	-0.223	-0.223	-0.471	+1.763	-0.235	-0.471	-0.489	-0.309	-0.244	-0.489	-0.295	-0.245	-0.244	-0.309	-0.489	-0.295	-0.427	-0.194	+5.116	-0.225	-0.446	-0.194	-0.243	-0.200	-0.246	-0.415	-0.199	-0.200	+5.098	-0.384	-0.383	-0.236	-0.209	-0.262	+3.088	-0.232	-0.209	-0.379	-0.373	+1.471	-0.202	-0.202	-0.201	-0.261	-0.260	-0.339	+3.072	-0.210	-0.352	-0.168	+1.646	-0.347	+3.060	-0.223	-0.366	-0.223	-0.302	-0.302	-0.398	-0.261	-0.394	+2.842	-0.387	-0.401	-0.527	-0.516	-0.645	+0.046	-0.004	-0.714	-0.590	-0.575	-0.575	+0.123	-0.770	+0.096	+0.084	+0.084	+0.055	+0.065	+0.061	-0.780	-0.803	+0.040	-0.778	-0.764	-0.678	-0.378	-0.435	-0.655	-0.459	-0.650	
rs12728431     +1.381	+1.783	+1.787	+1.841	+1.580	+1.803	+1.383	+1.564	+1.878	+1.841	+1.550	+1.814	+1.800	+1.816	+1.766	+1.818	+1.877	+1.816	+1.526	+1.775	+1.376	+1.791	+1.508	+1.513	+1.376	+1.511	+1.883	+1.805	+1.807	+1.801	+1.886	+1.772	+1.530	+1.812	+1.376	+1.813	+1.376	+1.499	+1.376	+1.387	+1.388	+1.386	+1.388	+1.448	+1.448	+1.388	+2.098	+1.395	+1.447	+1.945	+1.389	+2.039	+1.783	+1.512	+1.354	+1.354	+1.618	+1.607	+1.606	+1.599	+1.600	+3.084	+1.352	+5.264	+3.076	+2.357	+1.592	+1.604	+1.353	+4.497	+2.399	+1.577	+2.397	+1.572	+1.348	+2.458	+1.504	+1.556	+1.348	+1.567	+1.581	+1.348	+2.544	+1.347	+1.560	+1.569	+1.347	+1.568	+1.349	+1.349	+2.439	+1.572	+1.581	+1.349	+1.568	+1.569	+1.576	+1.576	+1.348	+2.572	+1.573	+1.349	+1.347	+1.546	+1.569	+1.347	+1.552	+1.569	+1.569	+1.546	+1.347	+1.552	+1.353	+1.590	+5.067	+1.582	+1.351	+1.590	+1.574	+1.588	+1.573	+1.354	+1.590	+1.589	+5.000	+1.360	+1.360	+1.574	+1.586	+1.567	+2.986	+1.576	+1.586	+1.361	+1.362	+2.399	+1.590	+1.590	+1.590	+1.569	+1.569	+1.368	+2.981	+1.586	+1.366	+1.600	+2.541	+1.367	+2.975	+1.587	+1.368	+1.587	+1.375	+1.375	+1.363	+1.570	+1.364	+2.856	+1.365	+1.565	+1.378	+1.577	+1.466	+1.620	+1.592	+1.457	+1.495	+1.512	+1.512	+1.605	+1.293	+1.590	+1.584	+1.584	+1.569	+1.575	+1.572	+1.291	+1.287	+1.562	+1.292	+1.295	+1.458	+1.700	+1.626	+1.470	+1.610	+1.473	
rs11117896     +1.398	+1.807	+1.814	+1.859	+1.615	+1.820	+1.401	+1.599	+1.841	+1.889	+1.584	+1.840	+1.818	+1.841	+1.784	+1.842	+1.896	+1.839	+1.558	+1.792	+1.390	+1.809	+1.539	+1.544	+1.390	+1.542	+1.891	+1.814	+1.816	+1.819	+1.904	+1.790	+1.545	+1.821	+1.390	+1.822	+1.389	+1.529	+1.390	+1.398	+1.398	+1.397	+1.398	+1.475	+1.475	+1.398	+2.105	+1.404	+1.473	+1.951	+1.399	+2.045	+1.801	+1.509	+1.363	+1.363	+1.611	+1.600	+1.599	+1.593	+1.593	+3.110	+1.361	+5.270	+3.103	+2.380	+1.586	+1.597	+1.362	+4.500	+2.422	+1.571	+2.420	+1.567	+1.357	+2.462	+1.511	+1.551	+1.358	+1.561	+1.575	+1.358	+2.548	+1.357	+1.555	+1.564	+1.357	+1.562	+1.358	+1.358	+2.463	+1.567	+1.575	+1.358	+1.562	+1.564	+1.570	+1.570	+1.358	+2.576	+1.568	+1.359	+1.357	+1.541	+1.563	+1.357	+1.547	+1.563	+1.563	+1.541	+1.357	+1.547	+1.362	+1.584	+5.071	+1.576	+1.360	+1.584	+1.569	+1.582	+1.567	+1.363	+1.583	+1.583	+5.003	+1.368	+1.368	+1.569	+1.580	+1.562	+3.013	+1.571	+1.580	+1.369	+1.369	+2.422	+1.583	+1.583	+1.584	+1.563	+1.563	+1.375	+3.008	+1.580	+1.373	+1.593	+2.565	+1.374	+3.002	+1.581	+1.375	+1.581	+1.381	+1.381	+1.370	+1.565	+1.372	+2.883	+1.373	+1.560	+1.385	+1.584	+1.466	+1.623	+1.596	+1.458	+1.493	+1.509	+1.509	+1.608	+1.305	+1.593	+1.588	+1.588	+1.573	+1.578	+1.576	+1.303	+1.298	+1.566	+1.304	+1.307	+1.459	+1.707	+1.633	+1.469	+1.618	+1.472	
rs12184249     -0.719	+1.448	+1.446	+1.643	-0.723	+1.558	-0.736	-0.727	+1.550	+1.584	-0.577	+1.516	+1.552	+1.523	+1.463	+1.529	+1.653	+1.528	-0.698	+1.447	-0.654	+1.483	-0.683	-0.711	-0.648	-0.685	+1.718	+1.577	+1.581	+1.502	+1.686	+1.437	+0.394	+1.592	-0.638	+1.594	-0.633	-0.691	-0.642	-0.561	-0.561	-0.572	-0.561	-0.681	-0.681	-0.560	+1.999	-0.515	-0.678	+1.789	-0.555	+1.918	+1.425	-0.357	-0.317	-0.315	-0.064	-0.097	-0.098	-0.112	-0.113	+3.453	-0.341	+5.312	+3.464	+1.457	-0.133	-0.101	-0.331	+4.590	+1.521	-0.237	+1.517	-0.251	-0.492	+1.622	-0.761	-0.288	-0.490	-0.264	-0.228	-0.488	+1.717	-0.502	-0.283	-0.258	-0.502	-0.263	-0.483	-0.482	+1.848	-0.248	-0.229	-0.482	-0.263	-0.255	-0.241	-0.241	-0.494	+1.759	-0.252	-0.494	-0.511	-0.318	-0.261	-0.511	-0.303	-0.262	-0.261	-0.318	-0.510	-0.304	-0.451	-0.212	+5.104	-0.235	-0.469	-0.212	-0.252	-0.218	-0.256	-0.440	-0.217	-0.218	+5.086	-0.409	-0.409	-0.253	-0.227	-0.271	+3.113	-0.248	-0.227	-0.405	-0.399	+1.492	-0.220	-0.220	-0.219	-0.270	-0.269	-0.367	+3.097	-0.228	-0.379	-0.178	+1.667	-0.374	+3.085	-0.233	-0.379	-0.233	-0.331	-0.331	-0.411	-0.270	-0.406	+2.867	-0.400	-0.407	-0.538	-0.513	-0.647	+0.048	-0.002	-0.715	-0.593	-0.578	-0.578	+0.125	-0.759	+0.097	+0.086	+0.086	+0.057	+0.067	+0.063	-0.769	-0.792	+0.042	-0.767	-0.753	-0.679	-0.376	-0.432	-0.657	-0.456	-0.651	
rs4147127      +1.337	+1.759	+1.763	+1.817	+1.547	+1.777	+1.339	+1.531	+1.814	+1.840	+1.516	+1.827	+1.775	+1.805	+1.740	+1.808	+1.891	+1.805	+1.490	+1.748	+1.330	+1.765	+1.472	+1.477	+1.329	+1.475	+1.874	+1.786	+1.787	+1.775	+1.862	+1.745	+1.493	+1.794	+1.330	+1.794	+1.329	+1.463	+1.330	+1.338	+1.338	+1.338	+1.339	+1.410	+1.410	+1.339	+2.103	+1.345	+1.408	+1.936	+1.340	+2.036	+1.757	+1.452	+1.304	+1.304	+1.555	+1.544	+1.543	+1.537	+1.537	+3.069	+1.302	+5.290	+3.062	+2.332	+1.530	+1.542	+1.304	+4.504	+2.374	+1.515	+2.371	+1.510	+1.298	+2.422	+1.451	+1.495	+1.299	+1.505	+1.519	+1.299	+2.508	+1.298	+1.499	+1.507	+1.298	+1.506	+1.299	+1.299	+2.417	+1.510	+1.518	+1.299	+1.506	+1.507	+1.514	+1.514	+1.299	+2.536	+1.511	+1.300	+1.298	+1.484	+1.507	+1.298	+1.490	+1.507	+1.507	+1.484	+1.298	+1.490	+1.303	+1.528	+5.085	+1.520	+1.301	+1.528	+1.512	+1.525	+1.511	+1.305	+1.527	+1.527	+5.014	+1.310	+1.310	+1.512	+1.523	+1.506	+2.971	+1.514	+1.523	+1.310	+1.311	+2.373	+1.527	+1.527	+1.527	+1.507	+1.507	+1.317	+2.966	+1.524	+1.315	+1.537	+2.517	+1.316	+2.960	+1.524	+1.317	+1.525	+1.323	+1.323	+1.312	+1.508	+1.313	+2.840	+1.314	+1.503	+1.326	+1.527	+1.408	+1.572	+1.544	+1.400	+1.435	+1.451	+1.451	+1.557	+1.247	+1.542	+1.537	+1.537	+1.522	+1.527	+1.525	+1.244	+1.240	+1.515	+1.245	+1.249	+1.400	+1.650	+1.576	+1.411	+1.561	+1.414	
rs12749938     +1.774	+1.734	+1.732	+1.398	+1.505	+1.353	+1.739	+1.530	+1.800	+1.818	+1.552	+1.775	+1.393	+1.780	+1.316	+1.783	+1.860	+1.783	+1.598	+1.254	+1.887	+1.263	+1.634	+1.635	+1.899	+1.629	+1.926	+1.837	+1.839	+1.269	+1.346	+1.250	+1.026	+1.847	+1.905	+1.848	+1.923	+1.664	+1.909	+2.026	+2.026	+2.009	+2.027	+1.750	+1.750	+2.028	+2.140	+2.096	+1.754	+1.995	+2.035	+2.088	+1.240	+2.401	+2.419	+2.422	+2.808	+2.749	+2.747	+2.749	+2.728	+2.251	+2.392	+5.151	+2.253	+1.435	+2.701	+2.760	+2.407	+4.552	+1.469	+2.554	+1.468	+2.556	+2.224	+2.494	+1.440	+2.484	+2.227	+2.515	+2.582	+2.231	+2.591	+2.211	+2.489	+2.539	+2.212	+2.518	+2.237	+2.238	+1.552	+2.560	+2.580	+2.239	+2.518	+2.549	+2.564	+2.565	+2.222	+2.624	+2.550	+2.216	+2.199	+2.440	+2.535	+2.200	+2.459	+2.534	+2.535	+2.440	+2.200	+2.459	+2.252	+2.575	+5.005	+2.528	+2.236	+2.575	+2.504	+2.567	+2.500	+2.269	+2.569	+2.567	+4.988	+2.337	+2.338	+2.517	+2.555	+2.480	+2.118	+2.524	+2.555	+2.343	+2.351	+1.470	+2.566	+2.566	+2.566	+2.481	+2.481	+2.395	+2.111	+2.554	+2.380	+2.586	+1.579	+2.386	+2.103	+2.532	+2.363	+2.533	+2.440	+2.440	+2.323	+2.480	+2.330	+1.970	+2.338	+2.232	+2.141	+1.235	+1.793	+1.390	+1.355	+1.623	+1.876	+1.912	+1.911	+1.383	+0.998	+1.363	+1.355	+1.355	+1.335	+1.342	+1.339	+0.998	+1.020	+1.327	+0.998	+0.987	+1.726	+1.467	+1.325	+1.766	+1.306	+1.775	
rs11117897     +1.343	+1.763	+1.768	+1.821	+1.554	+1.782	+1.346	+1.538	+1.816	+1.841	+1.523	+1.805	+1.780	+1.834	+1.745	+1.811	+1.892	+1.809	+1.498	+1.753	+1.336	+1.770	+1.479	+1.485	+1.336	+1.482	+1.876	+1.789	+1.791	+1.779	+1.866	+1.750	+1.499	+1.797	+1.336	+1.798	+1.336	+1.470	+1.336	+1.345	+1.345	+1.344	+1.345	+1.417	+1.417	+1.345	+2.103	+1.351	+1.416	+1.938	+1.346	+2.038	+1.761	+1.458	+1.310	+1.311	+1.561	+1.550	+1.549	+1.543	+1.543	+3.073	+1.309	+5.288	+3.066	+2.337	+1.536	+1.547	+1.310	+4.504	+2.379	+1.521	+2.377	+1.516	+1.305	+2.426	+1.457	+1.501	+1.305	+1.511	+1.524	+1.305	+2.512	+1.305	+1.505	+1.513	+1.305	+1.512	+1.306	+1.306	+2.422	+1.516	+1.524	+1.306	+1.512	+1.513	+1.520	+1.520	+1.305	+2.540	+1.517	+1.306	+1.304	+1.490	+1.513	+1.304	+1.496	+1.512	+1.513	+1.490	+1.304	+1.496	+1.309	+1.534	+5.084	+1.526	+1.307	+1.534	+1.518	+1.531	+1.517	+1.311	+1.533	+1.533	+5.014	+1.316	+1.316	+1.518	+1.529	+1.511	+2.976	+1.520	+1.529	+1.317	+1.317	+2.379	+1.533	+1.533	+1.533	+1.513	+1.513	+1.323	+2.971	+1.530	+1.321	+1.543	+2.522	+1.322	+2.964	+1.530	+1.323	+1.531	+1.330	+1.330	+1.318	+1.514	+1.320	+2.844	+1.321	+1.509	+1.333	+1.533	+1.414	+1.577	+1.550	+1.406	+1.441	+1.457	+1.457	+1.563	+1.253	+1.548	+1.542	+1.542	+1.527	+1.533	+1.530	+1.251	+1.246	+1.520	+1.251	+1.255	+1.407	+1.656	+1.582	+1.417	+1.567	+1.420	
rs6666508      +1.680	+1.699	+1.697	+1.375	+1.418	+1.317	+1.646	+1.442	+1.766	+1.784	+1.463	+1.740	+1.316	+1.745	+1.337	+1.749	+1.827	+1.748	+1.509	+1.215	+1.791	+1.227	+1.544	+1.546	+1.802	+1.539	+1.893	+1.802	+1.805	+1.235	+1.324	+1.211	+0.973	+1.812	+1.809	+1.813	+1.826	+1.573	+1.812	+1.928	+1.928	+1.911	+1.929	+1.659	+1.659	+1.930	+2.109	+1.996	+1.662	+1.964	+1.937	+2.057	+1.205	+2.298	+2.313	+2.316	+2.693	+2.635	+2.633	+2.635	+2.614	+2.245	+2.287	+5.135	+2.248	+1.403	+2.589	+2.646	+2.302	+4.530	+1.438	+2.445	+1.436	+2.446	+2.123	+2.450	+1.358	+2.375	+2.125	+2.406	+2.471	+2.129	+2.546	+2.109	+2.380	+2.430	+2.110	+2.409	+2.136	+2.136	+1.525	+2.450	+2.470	+2.137	+2.409	+2.440	+2.454	+2.455	+2.121	+2.579	+2.440	+2.114	+2.098	+2.333	+2.426	+2.099	+2.352	+2.425	+2.426	+2.333	+2.099	+2.351	+2.151	+2.466	+4.988	+2.419	+2.135	+2.465	+2.396	+2.458	+2.392	+2.167	+2.460	+2.458	+4.968	+2.233	+2.234	+2.409	+2.446	+2.373	+2.107	+2.416	+2.447	+2.239	+2.247	+1.439	+2.457	+2.457	+2.457	+2.374	+2.374	+2.289	+2.100	+2.446	+2.274	+2.477	+1.549	+2.281	+2.092	+2.424	+2.258	+2.424	+2.334	+2.334	+2.219	+2.373	+2.226	+1.956	+2.234	+2.130	+2.042	+1.182	+1.705	+1.339	+1.304	+1.539	+1.786	+1.820	+1.820	+1.332	+0.932	+1.313	+1.305	+1.305	+1.285	+1.292	+1.289	+0.932	+0.953	+1.276	+0.932	+0.922	+1.640	+1.412	+1.271	+1.679	+1.253	+1.688	
rs3818718      +1.349	+1.767	+1.772	+1.825	+1.560	+1.786	+1.351	+1.544	+1.818	+1.842	+1.529	+1.808	+1.783	+1.811	+1.749	+1.839	+1.892	+1.812	+1.504	+1.757	+1.341	+1.774	+1.485	+1.491	+1.341	+1.488	+1.878	+1.792	+1.793	+1.783	+1.869	+1.754	+1.503	+1.800	+1.342	+1.800	+1.341	+1.476	+1.342	+1.350	+1.350	+1.349	+1.350	+1.423	+1.423	+1.350	+2.104	+1.356	+1.421	+1.939	+1.351	+2.039	+1.765	+1.463	+1.315	+1.316	+1.566	+1.554	+1.554	+1.547	+1.548	+3.077	+1.314	+5.287	+3.069	+2.341	+1.541	+1.552	+1.315	+4.504	+2.383	+1.525	+2.381	+1.521	+1.310	+2.429	+1.463	+1.506	+1.310	+1.516	+1.529	+1.310	+2.515	+1.310	+1.509	+1.518	+1.310	+1.516	+1.311	+1.311	+2.426	+1.521	+1.529	+1.311	+1.516	+1.518	+1.524	+1.524	+1.310	+2.543	+1.522	+1.311	+1.309	+1.495	+1.517	+1.309	+1.501	+1.517	+1.517	+1.495	+1.309	+1.501	+1.314	+1.538	+5.084	+1.530	+1.312	+1.538	+1.523	+1.536	+1.521	+1.316	+1.538	+1.537	+5.013	+1.321	+1.321	+1.523	+1.534	+1.516	+2.979	+1.525	+1.534	+1.321	+1.322	+2.383	+1.538	+1.538	+1.538	+1.517	+1.518	+1.328	+2.974	+1.534	+1.326	+1.548	+2.526	+1.327	+2.968	+1.535	+1.328	+1.535	+1.334	+1.334	+1.323	+1.519	+1.324	+2.848	+1.325	+1.513	+1.337	+1.538	+1.419	+1.582	+1.554	+1.411	+1.446	+1.462	+1.462	+1.567	+1.258	+1.552	+1.547	+1.547	+1.532	+1.537	+1.535	+1.256	+1.251	+1.524	+1.256	+1.260	+1.412	+1.661	+1.587	+1.422	+1.572	+1.425	
rs17046650     +1.458	+1.864	+1.875	+1.901	+1.685	+1.863	+1.461	+1.668	+1.877	+1.896	+1.653	+1.891	+1.860	+1.892	+1.827	+1.892	+1.951	+1.891	+1.626	+1.835	+1.450	+1.852	+1.607	+1.613	+1.449	+1.610	+1.917	+1.848	+1.850	+1.861	+1.945	+1.833	+1.595	+1.854	+1.449	+1.855	+1.449	+1.597	+1.449	+1.456	+1.456	+1.455	+1.456	+1.541	+1.541	+1.456	+2.114	+1.461	+1.540	+1.972	+1.457	+2.060	+1.844	+1.564	+1.420	+1.420	+1.665	+1.654	+1.653	+1.647	+1.647	+3.151	+1.418	+5.256	+3.143	+2.428	+1.640	+1.651	+1.419	+4.498	+2.469	+1.626	+2.467	+1.621	+1.415	+2.501	+1.569	+1.606	+1.415	+1.616	+1.629	+1.416	+2.587	+1.415	+1.610	+1.619	+1.415	+1.617	+1.416	+1.416	+2.509	+1.622	+1.629	+1.416	+1.617	+1.619	+1.625	+1.625	+1.415	+2.615	+1.622	+1.416	+1.415	+1.596	+1.618	+1.415	+1.602	+1.618	+1.618	+1.596	+1.415	+1.602	+1.419	+1.638	+5.061	+1.630	+1.417	+1.638	+1.623	+1.636	+1.622	+1.420	+1.638	+1.637	+4.995	+1.425	+1.425	+1.623	+1.634	+1.616	+3.054	+1.625	+1.634	+1.426	+1.426	+2.469	+1.638	+1.638	+1.638	+1.618	+1.618	+1.431	+3.049	+1.635	+1.430	+1.648	+2.613	+1.431	+3.043	+1.635	+1.431	+1.635	+1.438	+1.438	+1.427	+1.619	+1.429	+2.925	+1.429	+1.615	+1.442	+1.640	+1.522	+1.673	+1.646	+1.515	+1.549	+1.564	+1.564	+1.656	+1.363	+1.642	+1.637	+1.637	+1.622	+1.627	+1.625	+1.360	+1.356	+1.616	+1.361	+1.364	+1.515	+1.762	+1.689	+1.526	+1.673	+1.529	
rs954868       +1.347	+1.764	+1.769	+1.825	+1.559	+1.786	+1.350	+1.543	+1.816	+1.839	+1.528	+1.805	+1.783	+1.809	+1.748	+1.812	+1.891	+1.837	+1.503	+1.756	+1.340	+1.773	+1.484	+1.490	+1.339	+1.487	+1.879	+1.791	+1.793	+1.782	+1.868	+1.752	+1.502	+1.800	+1.340	+1.800	+1.339	+1.475	+1.340	+1.348	+1.348	+1.347	+1.348	+1.422	+1.422	+1.348	+2.106	+1.355	+1.420	+1.940	+1.349	+2.040	+1.763	+1.461	+1.314	+1.314	+1.564	+1.553	+1.552	+1.546	+1.546	+3.075	+1.312	+5.290	+3.068	+2.340	+1.539	+1.550	+1.313	+4.505	+2.382	+1.524	+2.380	+1.519	+1.308	+2.428	+1.461	+1.504	+1.308	+1.514	+1.528	+1.309	+2.514	+1.308	+1.508	+1.516	+1.308	+1.515	+1.309	+1.309	+2.425	+1.519	+1.527	+1.309	+1.515	+1.516	+1.523	+1.523	+1.308	+2.542	+1.520	+1.309	+1.308	+1.493	+1.516	+1.308	+1.500	+1.516	+1.516	+1.493	+1.308	+1.499	+1.313	+1.537	+5.085	+1.529	+1.311	+1.537	+1.521	+1.534	+1.520	+1.314	+1.536	+1.536	+5.014	+1.319	+1.319	+1.521	+1.532	+1.515	+2.978	+1.523	+1.532	+1.320	+1.321	+2.382	+1.536	+1.536	+1.536	+1.516	+1.516	+1.326	+2.973	+1.533	+1.324	+1.546	+2.525	+1.325	+2.966	+1.533	+1.326	+1.534	+1.333	+1.333	+1.321	+1.517	+1.323	+2.846	+1.324	+1.512	+1.336	+1.536	+1.417	+1.580	+1.553	+1.409	+1.445	+1.460	+1.460	+1.565	+1.256	+1.551	+1.545	+1.545	+1.530	+1.536	+1.533	+1.254	+1.249	+1.523	+1.255	+1.258	+1.410	+1.659	+1.585	+1.421	+1.570	+1.424	
rs77352572     -0.728	+1.423	+1.421	+1.691	-0.700	+1.604	-0.744	-0.711	+1.526	+1.558	-0.698	+1.490	+1.598	+1.498	+1.509	+1.504	+1.626	+1.503	-0.569	+1.495	-0.667	+1.532	-0.693	-0.715	-0.661	-0.694	+1.693	+1.552	+1.556	+1.551	+1.737	+1.486	+0.424	+1.568	-0.652	+1.569	-0.647	-0.702	-0.656	-0.578	-0.577	-0.588	-0.577	-0.698	-0.698	-0.576	+1.974	-0.533	-0.696	+1.766	-0.572	+1.894	+1.473	-0.374	-0.355	-0.353	-0.091	-0.122	-0.124	-0.137	-0.139	+3.529	-0.378	+5.285	+3.541	+1.501	-0.158	-0.127	-0.368	+4.566	+1.566	-0.257	+1.562	-0.271	-0.517	+1.616	-0.758	-0.306	-0.515	-0.284	-0.249	-0.513	+1.711	-0.526	-0.302	-0.277	-0.526	-0.282	-0.508	-0.508	+1.897	-0.267	-0.249	-0.507	-0.282	-0.275	-0.261	-0.261	-0.519	+1.754	-0.272	-0.519	-0.535	-0.336	-0.280	-0.534	-0.322	-0.281	-0.280	-0.336	-0.534	-0.322	-0.478	-0.232	+5.080	-0.254	-0.495	-0.232	-0.271	-0.238	-0.275	-0.467	-0.237	-0.238	+5.060	-0.437	-0.437	-0.272	-0.247	-0.289	+3.182	-0.268	-0.246	-0.433	-0.428	+1.536	-0.240	-0.240	-0.239	-0.288	-0.288	-0.397	+3.166	-0.247	-0.408	-0.199	+1.713	-0.403	+3.154	-0.252	-0.409	-0.252	-0.362	-0.363	-0.439	-0.289	-0.434	+2.934	-0.428	-0.419	-0.555	-0.507	-0.652	+0.050	+0.001	-0.716	-0.599	-0.584	-0.584	+0.127	-0.741	+0.099	+0.088	+0.088	+0.059	+0.069	+0.065	-0.751	-0.775	+0.044	-0.749	-0.735	-0.682	-0.372	-0.427	-0.661	-0.451	-0.655	
rs34943766     +1.667	+1.706	+1.704	+1.308	+1.400	+1.256	+1.632	+1.424	+1.775	+1.792	+1.447	+1.748	+1.254	+1.753	+1.215	+1.757	+1.835	+1.756	+1.495	+1.290	+1.783	+1.259	+1.531	+1.535	+1.795	+1.526	+1.860	+1.769	+1.771	+1.268	+1.410	+1.239	+0.926	+1.779	+1.802	+1.780	+1.820	+1.563	+1.805	+1.922	+1.923	+1.905	+1.923	+1.649	+1.649	+1.924	+2.078	+1.992	+1.653	+1.931	+1.931	+2.025	+1.204	+2.296	+2.318	+2.321	+2.703	+2.645	+2.642	+2.643	+2.622	+2.256	+2.291	+5.118	+2.261	+1.386	+2.597	+2.655	+2.306	+4.505	+1.422	+2.450	+1.421	+2.451	+2.123	+2.408	+1.336	+2.379	+2.125	+2.411	+2.476	+2.129	+2.505	+2.109	+2.384	+2.434	+2.110	+2.413	+2.136	+2.136	+1.513	+2.456	+2.475	+2.137	+2.413	+2.445	+2.459	+2.459	+2.121	+2.538	+2.444	+2.113	+2.098	+2.335	+2.430	+2.098	+2.354	+2.429	+2.430	+2.335	+2.098	+2.354	+2.150	+2.470	+4.971	+2.423	+2.135	+2.470	+2.400	+2.462	+2.395	+2.166	+2.464	+2.462	+4.948	+2.236	+2.237	+2.412	+2.450	+2.375	+2.100	+2.419	+2.451	+2.242	+2.250	+1.423	+2.461	+2.461	+2.461	+2.376	+2.377	+2.294	+2.092	+2.449	+2.279	+2.482	+1.534	+2.285	+2.084	+2.428	+2.262	+2.428	+2.339	+2.339	+2.222	+2.376	+2.229	+1.941	+2.237	+2.127	+2.039	+1.133	+1.689	+1.336	+1.299	+1.522	+1.774	+1.809	+1.809	+1.328	+0.864	+1.308	+1.300	+1.300	+1.279	+1.287	+1.284	+0.864	+0.883	+1.271	+0.864	+0.855	+1.623	+1.361	+1.223	+1.664	+1.204	+1.673	
rs61828865     -0.480	+1.271	+1.268	+1.980	-0.640	+1.893	-0.460	-0.648	+1.376	+1.390	-0.654	+1.330	+1.887	+1.336	+1.791	+1.341	+1.450	+1.340	-0.667	+1.783	-0.370	+1.820	-0.675	-0.679	-0.480	-0.674	+1.518	+1.393	+1.396	+1.839	+2.025	+1.774	+0.703	+1.406	-0.478	+1.408	-0.473	-0.683	-0.479	-0.466	-0.466	-0.475	-0.466	-0.707	-0.707	-0.465	+1.805	-0.431	-0.707	+1.622	-0.462	+1.741	+1.758	-0.341	-0.577	-0.576	-0.067	-0.094	-0.096	-0.113	-0.111	+3.722	-0.586	+5.105	+3.729	+1.781	-0.131	-0.104	-0.581	+4.429	+1.846	-0.236	+1.842	-0.250	-0.628	+1.712	-0.605	-0.281	-0.627	-0.260	-0.230	-0.627	+1.805	-0.632	-0.277	-0.256	-0.632	-0.259	-0.624	-0.624	+2.139	-0.247	-0.230	-0.624	-0.259	-0.254	-0.241	-0.241	-0.629	+1.846	-0.252	-0.629	-0.635	-0.308	-0.259	-0.635	-0.295	-0.260	-0.259	-0.308	-0.635	-0.296	-0.608	-0.214	+4.957	-0.233	-0.614	-0.215	-0.249	-0.220	-0.253	-0.602	-0.218	-0.220	+4.909	-0.584	-0.583	-0.251	-0.228	-0.266	+3.349	-0.247	-0.227	-0.581	-0.579	+1.815	-0.221	-0.221	-0.221	-0.265	-0.265	-0.563	+3.335	-0.228	-0.569	-0.181	+1.991	-0.566	+3.324	-0.232	-0.570	-0.231	-0.545	-0.545	-0.585	-0.265	-0.582	+3.116	-0.579	-0.378	-0.600	-0.327	-0.565	+0.155	+0.107	-0.608	-0.523	-0.511	-0.511	+0.232	-0.507	+0.205	+0.194	+0.194	+0.166	+0.176	+0.172	-0.518	-0.544	+0.152	-0.516	-0.501	-0.588	-0.212	-0.257	-0.571	-0.281	-0.567	
rs3790731      +1.703	+1.724	+1.721	+1.315	+1.436	+1.265	+1.667	+1.461	+1.791	+1.809	+1.483	+1.765	+1.263	+1.770	+1.227	+1.774	+1.852	+1.773	+1.532	+1.259	+1.820	+1.320	+1.569	+1.572	+1.832	+1.563	+1.876	+1.785	+1.787	+1.285	+1.397	+1.256	+0.953	+1.795	+1.839	+1.796	+1.857	+1.600	+1.842	+1.958	+1.959	+1.941	+1.959	+1.686	+1.686	+1.961	+2.092	+2.029	+1.690	+1.946	+1.968	+2.039	+1.221	+2.334	+2.358	+2.361	+2.743	+2.684	+2.681	+2.682	+2.661	+2.256	+2.331	+5.124	+2.260	+1.403	+2.636	+2.694	+2.346	+4.514	+1.439	+2.488	+1.437	+2.490	+2.162	+2.429	+1.367	+2.417	+2.165	+2.449	+2.515	+2.168	+2.526	+2.148	+2.422	+2.472	+2.149	+2.451	+2.175	+2.176	+1.527	+2.495	+2.514	+2.176	+2.451	+2.484	+2.498	+2.498	+2.160	+2.559	+2.483	+2.152	+2.137	+2.373	+2.468	+2.137	+2.392	+2.467	+2.468	+2.373	+2.137	+2.392	+2.189	+2.508	+4.977	+2.461	+2.174	+2.508	+2.438	+2.500	+2.433	+2.205	+2.502	+2.500	+4.956	+2.276	+2.276	+2.450	+2.488	+2.413	+2.104	+2.457	+2.489	+2.282	+2.290	+1.440	+2.499	+2.499	+2.500	+2.414	+2.415	+2.333	+2.096	+2.488	+2.318	+2.520	+1.550	+2.325	+2.088	+2.466	+2.302	+2.466	+2.379	+2.379	+2.261	+2.414	+2.268	+1.947	+2.277	+2.164	+2.077	+1.160	+1.723	+1.358	+1.322	+1.555	+1.808	+1.843	+1.843	+1.351	+0.899	+1.330	+1.322	+1.322	+1.302	+1.309	+1.306	+0.899	+0.917	+1.293	+0.898	+0.889	+1.657	+1.386	+1.250	+1.698	+1.231	+1.707	
rs12124165     -0.733	+1.405	+1.403	+1.727	-0.678	+1.640	-0.748	-0.689	+1.508	+1.539	-0.683	+1.472	+1.634	+1.479	+1.544	+1.485	+1.607	+1.484	-0.693	+1.531	-0.675	+1.569	-0.561	-0.715	-0.669	-0.695	+1.673	+1.534	+1.538	+1.588	+1.775	+1.522	+0.447	+1.549	-0.660	+1.551	-0.656	-0.706	-0.664	-0.588	-0.588	-0.598	-0.588	-0.708	-0.708	-0.587	+1.955	-0.545	-0.707	+1.749	-0.583	+1.877	+1.511	-0.387	-0.382	-0.380	-0.110	-0.140	-0.142	-0.155	-0.156	+3.586	-0.404	+5.265	+3.598	+1.533	-0.174	-0.145	-0.395	+4.549	+1.599	-0.271	+1.595	-0.285	-0.534	+1.613	-0.755	-0.319	-0.532	-0.297	-0.263	-0.530	+1.708	-0.543	-0.314	-0.290	-0.543	-0.295	-0.526	-0.525	+1.932	-0.281	-0.263	-0.525	-0.295	-0.288	-0.275	-0.275	-0.536	+1.750	-0.286	-0.536	-0.551	-0.347	-0.294	-0.551	-0.334	-0.294	-0.294	-0.347	-0.551	-0.334	-0.497	-0.246	+5.063	-0.267	-0.513	-0.246	-0.284	-0.252	-0.287	-0.486	-0.250	-0.251	+5.042	-0.457	-0.457	-0.285	-0.260	-0.302	+3.233	-0.280	-0.260	-0.453	-0.448	+1.569	-0.253	-0.253	-0.253	-0.301	-0.300	-0.418	+3.217	-0.260	-0.429	-0.213	+1.747	-0.424	+3.205	-0.265	-0.429	-0.265	-0.385	-0.385	-0.458	-0.301	-0.454	+2.983	-0.448	-0.427	-0.566	-0.502	-0.654	+0.053	+0.003	-0.716	-0.602	-0.588	-0.587	+0.129	-0.727	+0.101	+0.090	+0.090	+0.061	+0.071	+0.067	-0.738	-0.762	+0.047	-0.735	-0.721	-0.684	-0.369	-0.423	-0.662	-0.447	-0.657	
rs10863331     -0.736	+1.406	+1.404	+1.728	-0.667	+1.641	-0.752	-0.688	+1.513	+1.544	-0.711	+1.477	+1.635	+1.485	+1.546	+1.491	+1.613	+1.490	-0.715	+1.535	-0.679	+1.572	-0.715	-0.564	-0.673	-0.714	+1.679	+1.539	+1.543	+1.592	+1.781	+1.526	+0.447	+1.555	-0.664	+1.556	-0.659	-0.697	-0.667	-0.592	-0.591	-0.602	-0.591	-0.701	-0.701	-0.590	+1.961	-0.549	-0.700	+1.754	-0.586	+1.882	+1.490	-0.382	-0.364	-0.363	-0.102	-0.144	-0.146	-0.148	-0.160	+3.589	-0.387	+5.275	+3.601	+1.534	-0.178	-0.138	-0.378	+4.557	+1.599	-0.274	+1.595	-0.280	-0.524	+1.613	-0.756	-0.322	-0.522	-0.300	-0.257	-0.520	+1.708	-0.534	-0.317	-0.286	-0.533	-0.298	-0.516	-0.515	+1.934	-0.272	-0.258	-0.515	-0.298	-0.280	-0.270	-0.270	-0.526	+1.750	-0.281	-0.531	-0.542	-0.350	-0.289	-0.542	-0.337	-0.289	-0.289	-0.350	-0.541	-0.337	-0.491	-0.241	+5.072	-0.270	-0.503	-0.241	-0.287	-0.246	-0.291	-0.481	-0.246	-0.247	+5.051	-0.446	-0.446	-0.281	-0.255	-0.305	+3.235	-0.277	-0.255	-0.442	-0.437	+1.569	-0.249	-0.248	-0.248	-0.304	-0.303	-0.407	+3.219	-0.256	-0.417	-0.217	+1.747	-0.413	+3.207	-0.268	-0.430	-0.268	-0.372	-0.372	-0.459	-0.304	-0.455	+2.985	-0.449	-0.429	-0.565	-0.504	-0.656	+0.052	+0.002	-0.718	-0.604	-0.589	-0.589	+0.128	-0.729	+0.100	+0.089	+0.089	+0.060	+0.071	+0.066	-0.740	-0.764	+0.046	-0.737	-0.723	-0.686	-0.370	-0.424	-0.664	-0.449	-0.659	
rs3790732      -0.473	+1.271	+1.268	+1.991	-0.633	+1.904	-0.450	-0.641	+1.376	+1.390	-0.648	+1.329	+1.899	+1.336	+1.802	+1.341	+1.449	+1.339	-0.661	+1.795	-0.480	+1.832	-0.669	-0.673	-0.365	-0.668	+1.517	+1.392	+1.396	+1.851	+2.038	+1.786	+0.712	+1.406	-0.476	+1.407	-0.472	-0.677	-0.476	-0.467	-0.466	-0.475	-0.466	-0.702	-0.702	-0.466	+1.804	-0.432	-0.702	+1.622	-0.463	+1.741	+1.770	-0.342	-0.575	-0.574	-0.070	-0.098	-0.100	-0.117	-0.115	+3.739	-0.584	+5.105	+3.747	+1.792	-0.134	-0.107	-0.579	+4.429	+1.857	-0.237	+1.853	-0.252	-0.626	+1.715	-0.601	-0.283	-0.625	-0.262	-0.231	-0.624	+1.807	-0.630	-0.278	-0.258	-0.629	-0.261	-0.622	-0.622	+2.151	-0.249	-0.232	-0.622	-0.261	-0.256	-0.243	-0.243	-0.627	+1.848	-0.253	-0.627	-0.633	-0.309	-0.261	-0.633	-0.297	-0.261	-0.261	-0.309	-0.633	-0.297	-0.606	-0.216	+4.957	-0.235	-0.612	-0.216	-0.251	-0.221	-0.254	-0.600	-0.220	-0.221	+4.910	-0.582	-0.582	-0.252	-0.229	-0.268	+3.365	-0.248	-0.229	-0.580	-0.577	+1.826	-0.223	-0.223	-0.222	-0.266	-0.266	-0.561	+3.351	-0.230	-0.567	-0.183	+2.002	-0.564	+3.340	-0.233	-0.568	-0.233	-0.544	-0.544	-0.583	-0.266	-0.580	+3.131	-0.577	-0.378	-0.597	-0.323	-0.563	+0.158	+0.110	-0.605	-0.522	-0.510	-0.510	+0.234	-0.501	+0.208	+0.197	+0.197	+0.169	+0.179	+0.175	-0.512	-0.537	+0.155	-0.509	-0.494	-0.586	-0.208	-0.253	-0.569	-0.277	-0.565	
rs3790733      -0.732	+1.408	+1.406	+1.721	-0.681	+1.635	-0.748	-0.696	+1.511	+1.542	-0.685	+1.475	+1.629	+1.482	+1.539	+1.488	+1.610	+1.487	-0.694	+1.526	-0.674	+1.563	-0.695	-0.714	-0.668	-0.562	+1.677	+1.537	+1.541	+1.582	+1.770	+1.517	+0.444	+1.552	-0.659	+1.554	-0.655	-0.706	-0.663	-0.587	-0.586	-0.597	-0.586	-0.707	-0.707	-0.585	+1.958	-0.543	-0.705	+1.752	-0.581	+1.880	+1.504	-0.384	-0.377	-0.376	-0.106	-0.137	-0.139	-0.151	-0.153	+3.579	-0.399	+5.269	+3.591	+1.530	-0.172	-0.141	-0.390	+4.552	+1.595	-0.269	+1.591	-0.282	-0.531	+1.614	-0.755	-0.317	-0.529	-0.294	-0.260	-0.527	+1.708	-0.540	-0.312	-0.288	-0.540	-0.293	-0.523	-0.522	+1.929	-0.278	-0.261	-0.522	-0.293	-0.286	-0.272	-0.272	-0.533	+1.751	-0.283	-0.533	-0.548	-0.345	-0.291	-0.548	-0.332	-0.292	-0.291	-0.345	-0.548	-0.332	-0.493	-0.243	+5.067	-0.265	-0.509	-0.243	-0.282	-0.249	-0.285	-0.483	-0.248	-0.249	+5.045	-0.454	-0.453	-0.282	-0.257	-0.300	+3.227	-0.278	-0.257	-0.450	-0.444	+1.565	-0.251	-0.250	-0.250	-0.299	-0.298	-0.415	+3.210	-0.258	-0.425	-0.211	+1.743	-0.421	+3.198	-0.263	-0.426	-0.263	-0.381	-0.381	-0.455	-0.299	-0.451	+2.977	-0.445	-0.425	-0.565	-0.503	-0.654	+0.052	+0.003	-0.716	-0.601	-0.587	-0.587	+0.129	-0.729	+0.101	+0.090	+0.090	+0.061	+0.071	+0.067	-0.739	-0.763	+0.046	-0.737	-0.723	-0.684	-0.369	-0.423	-0.662	-0.447	-0.657	
rs1889027      +1.526	+1.855	+1.857	+1.967	+1.750	+1.929	+1.529	+1.734	+1.883	+1.891	+1.718	+1.874	+1.926	+1.876	+1.893	+1.878	+1.917	+1.879	+1.693	+1.860	+1.518	+1.876	+1.673	+1.679	+1.517	+1.677	+2.024	+1.971	+1.971	+1.884	+1.964	+1.857	+1.663	+1.969	+1.518	+1.969	+1.517	+1.664	+1.518	+1.524	+1.524	+1.523	+1.524	+1.609	+1.609	+1.524	+2.166	+1.530	+1.607	+2.020	+1.525	+2.107	+1.866	+1.634	+1.488	+1.488	+1.735	+1.724	+1.723	+1.717	+1.717	+3.148	+1.487	+5.288	+3.140	+2.513	+1.710	+1.721	+1.488	+4.513	+2.555	+1.696	+2.552	+1.691	+1.484	+2.529	+1.638	+1.676	+1.484	+1.686	+1.699	+1.484	+2.614	+1.484	+1.680	+1.689	+1.484	+1.687	+1.484	+1.484	+2.591	+1.692	+1.699	+1.484	+1.687	+1.689	+1.695	+1.695	+1.484	+2.641	+1.692	+1.485	+1.483	+1.666	+1.688	+1.483	+1.672	+1.688	+1.688	+1.666	+1.483	+1.672	+1.488	+1.708	+5.086	+1.700	+1.486	+1.708	+1.693	+1.706	+1.692	+1.489	+1.708	+1.707	+5.015	+1.493	+1.493	+1.693	+1.704	+1.686	+3.054	+1.695	+1.704	+1.494	+1.495	+2.555	+1.708	+1.708	+1.708	+1.688	+1.688	+1.500	+3.049	+1.705	+1.498	+1.718	+2.700	+1.499	+3.043	+1.705	+1.500	+1.706	+1.506	+1.506	+1.496	+1.689	+1.497	+2.927	+1.498	+1.686	+1.510	+1.700	+1.592	+1.756	+1.729	+1.585	+1.619	+1.635	+1.635	+1.736	+1.433	+1.721	+1.716	+1.716	+1.701	+1.707	+1.704	+1.431	+1.426	+1.695	+1.432	+1.435	+1.585	+1.820	+1.749	+1.596	+1.733	+1.599	
rs3790735      +1.400	+1.757	+1.758	+1.878	+1.607	+1.839	+1.402	+1.592	+1.805	+1.814	+1.577	+1.786	+1.837	+1.789	+1.802	+1.792	+1.848	+1.791	+1.552	+1.769	+1.393	+1.785	+1.534	+1.539	+1.392	+1.537	+1.971	+1.895	+1.874	+1.793	+1.876	+1.765	+1.557	+1.879	+1.393	+1.880	+1.392	+1.525	+1.393	+1.402	+1.402	+1.401	+1.402	+1.473	+1.473	+1.402	+2.173	+1.408	+1.471	+1.986	+1.403	+2.092	+1.775	+1.516	+1.367	+1.368	+1.620	+1.609	+1.608	+1.601	+1.602	+3.064	+1.365	+5.330	+3.057	+2.411	+1.595	+1.606	+1.367	+4.524	+2.454	+1.579	+2.451	+1.575	+1.362	+2.445	+1.515	+1.559	+1.362	+1.570	+1.583	+1.362	+2.531	+1.361	+1.563	+1.572	+1.362	+1.570	+1.362	+1.362	+2.495	+1.575	+1.583	+1.363	+1.570	+1.572	+1.578	+1.578	+1.362	+2.559	+1.576	+1.363	+1.361	+1.549	+1.571	+1.361	+1.555	+1.571	+1.571	+1.549	+1.361	+1.555	+1.366	+1.592	+5.117	+1.584	+1.364	+1.592	+1.577	+1.590	+1.575	+1.368	+1.592	+1.591	+5.040	+1.373	+1.373	+1.577	+1.588	+1.570	+2.969	+1.579	+1.588	+1.374	+1.374	+2.454	+1.592	+1.592	+1.592	+1.571	+1.572	+1.380	+2.964	+1.588	+1.378	+1.602	+2.599	+1.379	+2.957	+1.589	+1.380	+1.589	+1.387	+1.387	+1.375	+1.573	+1.377	+2.839	+1.378	+1.568	+1.390	+1.582	+1.472	+1.650	+1.621	+1.465	+1.500	+1.516	+1.516	+1.632	+1.313	+1.617	+1.611	+1.611	+1.596	+1.601	+1.599	+1.310	+1.305	+1.589	+1.311	+1.314	+1.465	+1.702	+1.631	+1.476	+1.616	+1.479	
rs944730       +1.403	+1.760	+1.760	+1.881	+1.611	+1.842	+1.406	+1.596	+1.807	+1.816	+1.581	+1.787	+1.839	+1.791	+1.805	+1.793	+1.850	+1.793	+1.556	+1.771	+1.396	+1.787	+1.538	+1.543	+1.396	+1.541	+1.971	+1.874	+1.899	+1.795	+1.878	+1.767	+1.560	+1.881	+1.397	+1.882	+1.396	+1.529	+1.397	+1.405	+1.405	+1.404	+1.405	+1.477	+1.477	+1.405	+2.173	+1.412	+1.475	+1.987	+1.406	+2.093	+1.777	+1.519	+1.371	+1.371	+1.623	+1.612	+1.611	+1.604	+1.605	+3.066	+1.369	+5.331	+3.059	+2.414	+1.598	+1.609	+1.370	+4.524	+2.456	+1.583	+2.454	+1.578	+1.365	+2.447	+1.519	+1.563	+1.365	+1.573	+1.586	+1.365	+2.533	+1.365	+1.566	+1.575	+1.365	+1.573	+1.366	+1.366	+2.497	+1.578	+1.586	+1.366	+1.574	+1.575	+1.581	+1.581	+1.365	+2.561	+1.579	+1.366	+1.365	+1.552	+1.574	+1.365	+1.558	+1.574	+1.575	+1.552	+1.365	+1.558	+1.370	+1.595	+5.117	+1.588	+1.368	+1.595	+1.580	+1.593	+1.579	+1.371	+1.595	+1.594	+5.040	+1.376	+1.376	+1.580	+1.591	+1.573	+2.971	+1.582	+1.591	+1.377	+1.378	+2.457	+1.595	+1.595	+1.595	+1.574	+1.575	+1.383	+2.966	+1.591	+1.381	+1.605	+2.602	+1.383	+2.960	+1.592	+1.383	+1.592	+1.390	+1.390	+1.379	+1.576	+1.380	+2.842	+1.381	+1.571	+1.393	+1.585	+1.476	+1.653	+1.624	+1.468	+1.504	+1.520	+1.520	+1.634	+1.316	+1.619	+1.614	+1.614	+1.598	+1.604	+1.602	+1.313	+1.308	+1.591	+1.314	+1.318	+1.469	+1.706	+1.634	+1.480	+1.619	+1.483	
