## Summary of overall evidence for association with region:
## log10(BF for region) = -0.206797
## p-value for region = NA

## BFs for choosing among multi-SNP models:
## log10(average 1-SNP BF) = -0.172612
## log10(average 2-SNP BF) = -0.284482

## Example posterior probabilities for multi-SNP models, based on default prior: [p(l) propto 0.5^l for l=1,2,...,L]
## posterior probability of 1-SNP = 0.721263
## posterior probability of 2-SNP = 0.278737

## log10(BF) for single SNP and pair of SNPs:
rs12352442     -0.530	-0.679	-0.831	-0.829	-0.893	-0.775	-0.506	-0.506	-0.787	-0.802	-0.785	-0.923	-0.835	-0.547	-0.877	-0.897	-0.896	-0.893	-0.617	-0.578	-0.877	-0.550	-0.526	-0.544	-0.525	-0.708	-0.529	-0.679	-0.516	-0.506	-0.558	-0.531	-0.716	-0.651	-0.498	-0.717	-0.718	-0.579	-0.727	-0.573	-0.728	-0.522	-0.729	-0.539	-0.538	-0.593	-0.519	-0.582	-0.561	-0.600	-0.504	-0.564	-0.388	-0.312	-0.248	-0.237	-0.872	-0.485	-0.509	-0.832	-0.832	-0.832	-0.555	-0.678	-0.551	-0.751	-0.843	-0.843	-0.843	-0.739	-0.477	-0.224	-0.915	-0.915	-0.917	-0.490	-0.527	-0.586	-0.586	-0.527	-0.506	-0.544	-0.528	-0.753	-0.489	-0.918	-0.482	-0.554	-0.506	-0.740	-0.530	-0.667	-0.739	-0.984	-0.881	-0.881	-0.882	-0.973	-0.880	-0.902	-0.936	-0.934	-0.899	-0.899	-0.990	-0.931	-0.857	-0.709	-0.861	-1.000	-0.932	-0.924	-0.928	-0.995	-0.993	-0.935	-0.864	-0.882	-0.935	-0.987	-0.923	-0.921	-0.877	-0.361	-0.338	-0.332	-0.834	-0.395	-0.890	-0.875	-0.311	-0.565	-0.994	-1.025	-0.931	-1.016	-1.034	-0.353	-0.347	-0.984	-0.980	-0.334	-0.938	-0.609	-0.985	-0.603	-0.980	-0.961	-0.293	-0.992	-0.604	-0.987	-0.987	-0.987	-0.983	-0.985	-0.985	-0.987	-0.283	-0.986	-0.982	-0.986	-0.984	-0.986	-0.744	-0.802	-0.135	-0.120	+0.329	+0.222	-0.926	-0.956	-0.847	-0.904	-0.867	-0.878	-0.559	-0.279	-0.954	-0.996	-0.341	-0.386	-0.463	
rs10967657     -0.679	-0.614	-0.906	-0.903	-0.978	-0.859	-0.659	-0.659	-0.871	-0.918	-0.854	-0.982	-0.865	-0.583	-0.953	-0.979	-0.979	-0.978	-0.668	-0.628	-0.958	-0.599	-0.573	-0.592	-0.573	-0.727	-0.576	-0.698	-0.563	-0.552	-0.567	-0.578	-0.739	-0.644	-0.472	-0.741	-0.741	-0.589	-0.751	-0.622	-0.753	-0.568	-0.754	-0.586	-0.585	-0.605	-0.565	-0.593	-0.570	-0.612	-0.549	-0.574	-0.385	-0.310	-0.246	-0.234	-0.947	-0.491	-0.554	-0.869	-0.869	-0.869	-0.570	-0.703	-0.560	-0.782	-0.885	-0.885	-0.885	-0.770	-0.521	-0.175	-0.967	-0.967	-0.969	-0.463	-0.505	-0.597	-0.597	-0.505	-0.552	-0.552	-0.506	-0.774	-0.462	-0.970	-0.526	-0.563	-0.552	-0.758	-0.537	-0.677	-0.761	-1.052	-0.928	-0.929	-0.930	-1.052	-0.929	-0.956	-1.002	-0.999	-0.952	-0.952	-1.060	-0.996	-0.927	-0.846	-0.977	-1.077	-1.006	-0.996	-1.000	-1.070	-1.066	-1.011	-0.963	-0.978	-1.001	-1.058	-0.987	-1.008	-0.977	-0.420	-0.397	-0.398	-0.916	-0.455	-0.972	-0.956	-0.376	-0.629	-1.080	-1.107	-1.014	-1.100	-1.115	-0.434	-0.428	-1.065	-1.061	-0.415	-1.023	-0.673	-1.065	-0.667	-1.062	-1.046	-0.374	-1.075	-0.667	-1.068	-1.068	-1.068	-1.064	-1.066	-1.065	-1.068	-0.363	-1.067	-1.061	-1.067	-1.066	-1.067	-0.822	-0.867	-0.228	-0.209	+0.251	+0.147	-1.013	-1.038	-0.938	-0.988	-0.952	-0.965	-0.627	-0.342	-1.039	-1.077	-0.401	-0.447	-0.525	
rs143901942    -0.831	-0.906	-0.437	-0.558	-0.831	-0.701	-0.604	-0.604	-0.714	-0.917	-0.596	-0.831	-0.689	-0.371	-0.786	-0.819	-0.821	-0.822	-0.413	-0.350	-0.799	-0.320	-0.285	-0.311	-0.285	-0.565	-0.282	-0.532	-0.266	-0.252	-0.405	-0.290	-0.572	-0.512	-0.358	-0.574	-0.574	-0.426	-0.584	-0.350	-0.585	-0.277	-0.586	-0.302	-0.301	-0.442	-0.273	-0.430	-0.408	-0.448	-0.252	-0.411	-0.230	-0.150	-0.085	-0.074	-0.783	-0.329	-0.259	-0.700	-0.700	-0.700	-0.401	-0.532	-0.398	-0.611	-0.714	-0.714	-0.714	-0.598	-0.214	-0.089	-0.782	-0.782	-0.785	-0.350	-0.387	-0.433	-0.434	-0.387	-0.254	-0.390	-0.388	-0.583	-0.349	-0.786	-0.221	-0.400	-0.257	-0.568	-0.376	-0.484	-0.568	-0.863	-0.748	-0.748	-0.750	-0.897	-0.749	-0.780	-0.834	-0.831	-0.776	-0.776	-0.874	-0.827	-0.757	-0.762	-0.860	-0.917	-0.843	-0.830	-0.836	-0.905	-0.899	-0.850	-0.817	-0.830	-0.832	-0.887	-0.817	-0.858	-0.831	-0.224	-0.200	-0.204	-0.745	-0.260	-0.803	-0.787	-0.181	-0.441	-0.920	-0.944	-0.852	-0.936	-0.952	-0.250	-0.244	-0.902	-0.898	-0.230	-0.857	-0.487	-0.902	-0.481	-0.899	-0.880	-0.189	-0.907	-0.480	-0.905	-0.904	-0.904	-0.901	-0.903	-0.901	-0.904	-0.177	-0.904	-0.897	-0.904	-0.903	-0.904	-0.647	-0.687	-0.074	-0.025	+0.447	+0.343	-0.852	-0.873	-0.775	-0.822	-0.784	-0.804	-0.447	-0.159	-0.878	-0.912	-0.212	-0.259	-0.339	
rs12347807     -0.829	-0.903	-0.558	-0.433	-0.828	-0.697	-0.600	-0.600	-0.711	-0.914	-0.595	-0.827	-0.685	-0.367	-0.782	-0.815	-0.818	-0.818	-0.414	-0.351	-0.796	-0.320	-0.286	-0.312	-0.285	-0.562	-0.283	-0.530	-0.267	-0.253	-0.403	-0.291	-0.570	-0.511	-0.358	-0.571	-0.572	-0.424	-0.582	-0.351	-0.583	-0.278	-0.584	-0.303	-0.302	-0.440	-0.274	-0.428	-0.406	-0.446	-0.253	-0.409	-0.228	-0.149	-0.083	-0.072	-0.780	-0.327	-0.260	-0.698	-0.698	-0.698	-0.399	-0.530	-0.396	-0.609	-0.711	-0.711	-0.711	-0.596	-0.216	-0.090	-0.778	-0.778	-0.780	-0.350	-0.387	-0.432	-0.432	-0.387	-0.255	-0.388	-0.387	-0.579	-0.349	-0.781	-0.223	-0.399	-0.258	-0.563	-0.374	-0.480	-0.564	-0.860	-0.745	-0.745	-0.746	-0.893	-0.745	-0.776	-0.831	-0.828	-0.772	-0.772	-0.870	-0.824	-0.754	-0.758	-0.856	-0.913	-0.840	-0.827	-0.833	-0.902	-0.896	-0.847	-0.813	-0.827	-0.829	-0.883	-0.814	-0.854	-0.827	-0.221	-0.196	-0.200	-0.741	-0.257	-0.800	-0.783	-0.178	-0.438	-0.916	-0.941	-0.849	-0.933	-0.948	-0.247	-0.241	-0.898	-0.895	-0.228	-0.853	-0.484	-0.899	-0.478	-0.895	-0.876	-0.186	-0.903	-0.477	-0.901	-0.901	-0.901	-0.897	-0.900	-0.898	-0.901	-0.175	-0.901	-0.894	-0.901	-0.900	-0.901	-0.644	-0.683	-0.072	-0.022	+0.450	+0.346	-0.848	-0.870	-0.771	-0.818	-0.780	-0.801	-0.444	-0.157	-0.875	-0.908	-0.209	-0.256	-0.336	
rs16910953     -0.893	-0.978	-0.831	-0.828	-0.536	-0.745	-0.710	-0.710	-0.753	-0.989	-0.770	-0.918	-0.792	-0.482	-0.877	-0.909	-0.912	-0.913	-0.571	-0.529	-0.891	-0.499	-0.473	-0.492	-0.472	-0.643	-0.476	-0.609	-0.462	-0.450	-0.481	-0.477	-0.650	-0.578	-0.423	-0.651	-0.652	-0.503	-0.662	-0.523	-0.663	-0.467	-0.664	-0.486	-0.485	-0.518	-0.464	-0.507	-0.484	-0.525	-0.448	-0.487	-0.306	-0.226	-0.157	-0.146	-0.873	-0.405	-0.453	-0.780	-0.780	-0.780	-0.478	-0.610	-0.474	-0.689	-0.796	-0.796	-0.796	-0.677	-0.419	-0.155	-0.880	-0.880	-0.883	-0.415	-0.453	-0.510	-0.510	-0.452	-0.450	-0.466	-0.453	-0.688	-0.414	-0.884	-0.425	-0.477	-0.450	-0.673	-0.452	-0.592	-0.673	-0.972	-0.847	-0.847	-0.849	-0.989	-0.848	-0.878	-0.917	-0.914	-0.874	-0.874	-0.982	-0.911	-0.845	-0.865	-0.949	-1.012	-0.930	-0.917	-0.923	-1.002	-0.996	-0.937	-0.907	-0.921	-0.919	-0.985	-0.903	-0.947	-0.921	-0.319	-0.295	-0.302	-0.845	-0.356	-0.901	-0.885	-0.280	-0.535	-1.010	-1.036	-0.943	-1.028	-1.043	-0.344	-0.338	-0.991	-0.988	-0.324	-0.950	-0.581	-0.992	-0.574	-0.988	-0.973	-0.283	-1.002	-0.573	-0.994	-0.994	-0.994	-0.990	-0.993	-0.991	-0.994	-0.272	-0.994	-0.987	-0.994	-0.992	-0.993	-0.742	-0.779	-0.151	-0.121	+0.349	+0.245	-0.947	-0.966	-0.874	-0.918	-0.881	-0.899	-0.536	-0.245	-0.969	-1.003	-0.303	-0.350	-0.430	
rs116886878    -0.775	-0.859	-0.701	-0.697	-0.745	-0.389	-0.584	-0.584	-0.579	-0.866	-0.639	-0.798	-0.664	-0.347	-0.744	-0.777	-0.779	-0.780	-0.434	-0.391	-0.757	-0.361	-0.334	-0.354	-0.333	-0.505	-0.337	-0.471	-0.323	-0.312	-0.342	-0.339	-0.512	-0.456	-0.302	-0.514	-0.514	-0.364	-0.525	-0.385	-0.526	-0.329	-0.527	-0.348	-0.347	-0.379	-0.325	-0.368	-0.345	-0.386	-0.309	-0.348	-0.163	-0.082	-0.020	-0.009	-0.739	-0.264	-0.314	-0.644	-0.644	-0.644	-0.336	-0.470	-0.334	-0.553	-0.659	-0.659	-0.659	-0.538	-0.280	-0.034	-0.754	-0.754	-0.757	-0.294	-0.331	-0.371	-0.371	-0.331	-0.311	-0.326	-0.332	-0.564	-0.293	-0.758	-0.285	-0.337	-0.311	-0.549	-0.312	-0.468	-0.548	-0.838	-0.720	-0.720	-0.721	-0.860	-0.720	-0.750	-0.784	-0.781	-0.746	-0.746	-0.847	-0.777	-0.712	-0.732	-0.822	-0.880	-0.798	-0.784	-0.790	-0.871	-0.865	-0.805	-0.780	-0.793	-0.785	-0.854	-0.769	-0.816	-0.795	-0.175	-0.151	-0.162	-0.713	-0.212	-0.770	-0.753	-0.139	-0.395	-0.880	-0.904	-0.812	-0.897	-0.912	-0.201	-0.195	-0.860	-0.857	-0.181	-0.821	-0.442	-0.861	-0.435	-0.857	-0.843	-0.139	-0.871	-0.433	-0.863	-0.863	-0.863	-0.859	-0.862	-0.859	-0.863	-0.128	-0.862	-0.855	-0.862	-0.861	-0.862	-0.609	-0.643	-0.018	+0.017	+0.495	+0.389	-0.817	-0.835	-0.744	-0.787	-0.750	-0.767	-0.399	-0.108	-0.837	-0.872	-0.168	-0.215	-0.295	
rs7872477      -0.506	-0.659	-0.604	-0.600	-0.710	-0.584	-0.313	-0.419	-0.596	-0.663	-0.534	-0.638	-0.469	-0.180	-0.678	-0.688	-0.694	-0.699	-0.309	-0.259	-0.666	-0.228	-0.198	-0.220	-0.197	-0.450	-0.200	-0.422	-0.185	-0.173	-0.299	-0.203	-0.462	-0.133	+0.059	-0.464	-0.464	-0.320	-0.474	-0.254	-0.475	-0.192	-0.476	-0.214	-0.213	-0.335	-0.189	-0.324	-0.302	-0.342	-0.171	-0.305	-0.116	-0.050	+0.012	+0.024	-0.634	-0.227	-0.177	-0.591	-0.591	-0.591	-0.307	-0.433	-0.292	-0.512	-0.610	-0.610	-0.610	-0.501	-0.139	+0.387	-0.577	-0.577	-0.581	+0.069	+0.021	-0.327	-0.327	+0.022	-0.174	-0.284	+0.020	-0.361	+0.070	-0.582	-0.146	-0.294	-0.175	-0.343	-0.270	-0.246	-0.347	-0.786	-0.567	-0.567	-0.569	-0.746	-0.567	-0.606	-0.734	-0.731	-0.601	-0.601	-0.792	-0.727	-0.650	-0.683	-0.744	-0.796	-0.734	-0.724	-0.729	-0.788	-0.780	-0.739	-0.679	-0.693	-0.732	-0.768	-0.718	-0.739	-0.695	-0.088	-0.063	-0.082	-0.642	-0.125	-0.698	-0.682	-0.059	-0.306	-0.813	-0.833	-0.741	-0.827	-0.837	-0.141	-0.134	-0.785	-0.782	-0.121	-0.758	-0.353	-0.786	-0.347	-0.783	-0.779	-0.079	-0.803	-0.329	-0.788	-0.788	-0.788	-0.784	-0.787	-0.783	-0.788	-0.066	-0.788	-0.778	-0.788	-0.787	-0.788	-0.524	-0.573	+0.078	+0.083	+0.577	+0.503	-0.741	-0.761	-0.667	-0.715	-0.679	-0.699	-0.294	-0.028	-0.759	-0.791	-0.088	-0.135	-0.215	
rs7872478      -0.506	-0.659	-0.604	-0.600	-0.710	-0.584	-0.419	-0.313	-0.596	-0.663	-0.534	-0.638	-0.469	-0.180	-0.678	-0.688	-0.694	-0.699	-0.309	-0.259	-0.666	-0.228	-0.198	-0.220	-0.197	-0.450	-0.200	-0.422	-0.185	-0.173	-0.299	-0.203	-0.462	-0.133	+0.059	-0.464	-0.464	-0.320	-0.474	-0.254	-0.475	-0.192	-0.476	-0.214	-0.213	-0.335	-0.189	-0.324	-0.302	-0.342	-0.171	-0.305	-0.116	-0.050	+0.012	+0.024	-0.634	-0.227	-0.177	-0.591	-0.591	-0.591	-0.307	-0.433	-0.292	-0.512	-0.610	-0.610	-0.610	-0.501	-0.139	+0.387	-0.577	-0.577	-0.581	+0.069	+0.021	-0.327	-0.327	+0.022	-0.174	-0.284	+0.020	-0.361	+0.070	-0.582	-0.146	-0.294	-0.175	-0.343	-0.270	-0.246	-0.347	-0.786	-0.567	-0.567	-0.569	-0.746	-0.567	-0.606	-0.734	-0.731	-0.601	-0.601	-0.792	-0.727	-0.650	-0.683	-0.744	-0.796	-0.734	-0.724	-0.729	-0.788	-0.780	-0.739	-0.679	-0.693	-0.732	-0.768	-0.718	-0.739	-0.695	-0.088	-0.063	-0.082	-0.642	-0.125	-0.698	-0.682	-0.059	-0.306	-0.813	-0.833	-0.741	-0.827	-0.837	-0.141	-0.134	-0.785	-0.782	-0.121	-0.758	-0.353	-0.786	-0.347	-0.783	-0.779	-0.079	-0.803	-0.329	-0.788	-0.788	-0.788	-0.784	-0.787	-0.783	-0.788	-0.066	-0.788	-0.778	-0.788	-0.787	-0.788	-0.524	-0.573	+0.078	+0.083	+0.577	+0.503	-0.741	-0.761	-0.667	-0.715	-0.679	-0.699	-0.294	-0.028	-0.759	-0.791	-0.088	-0.135	-0.215	
rs150619264    -0.787	-0.871	-0.714	-0.711	-0.753	-0.579	-0.596	-0.596	-0.404	-0.876	-0.652	-0.810	-0.677	-0.361	-0.757	-0.790	-0.792	-0.793	-0.446	-0.403	-0.771	-0.373	-0.345	-0.365	-0.345	-0.518	-0.349	-0.484	-0.334	-0.323	-0.355	-0.350	-0.525	-0.471	-0.317	-0.527	-0.527	-0.377	-0.538	-0.397	-0.539	-0.340	-0.540	-0.359	-0.358	-0.392	-0.337	-0.381	-0.358	-0.399	-0.320	-0.361	-0.176	-0.095	-0.035	-0.023	-0.753	-0.277	-0.326	-0.657	-0.657	-0.657	-0.349	-0.483	-0.347	-0.566	-0.671	-0.671	-0.671	-0.550	-0.291	-0.050	-0.766	-0.766	-0.769	-0.309	-0.346	-0.384	-0.384	-0.346	-0.323	-0.339	-0.346	-0.576	-0.308	-0.770	-0.296	-0.350	-0.323	-0.561	-0.325	-0.480	-0.560	-0.852	-0.732	-0.733	-0.734	-0.872	-0.733	-0.763	-0.798	-0.795	-0.759	-0.758	-0.862	-0.791	-0.725	-0.745	-0.835	-0.892	-0.810	-0.797	-0.803	-0.883	-0.877	-0.818	-0.793	-0.806	-0.798	-0.866	-0.783	-0.829	-0.808	-0.190	-0.166	-0.176	-0.726	-0.227	-0.783	-0.767	-0.153	-0.409	-0.893	-0.918	-0.825	-0.910	-0.925	-0.217	-0.211	-0.873	-0.869	-0.197	-0.833	-0.456	-0.873	-0.449	-0.870	-0.856	-0.155	-0.884	-0.447	-0.876	-0.875	-0.875	-0.872	-0.874	-0.872	-0.875	-0.144	-0.875	-0.868	-0.875	-0.874	-0.875	-0.622	-0.656	-0.031	+0.003	+0.478	+0.373	-0.830	-0.848	-0.757	-0.800	-0.763	-0.781	-0.413	-0.122	-0.851	-0.885	-0.182	-0.229	-0.309	
rs71480371     -0.802	-0.918	-0.917	-0.914	-0.989	-0.866	-0.663	-0.663	-0.876	-0.622	-0.860	-0.964	-0.840	-0.575	-0.958	-0.983	-0.984	-0.983	-0.669	-0.629	-0.966	-0.600	-0.574	-0.593	-0.573	-0.713	-0.577	-0.685	-0.563	-0.552	-0.550	-0.578	-0.728	-0.616	-0.434	-0.730	-0.730	-0.573	-0.740	-0.623	-0.742	-0.568	-0.743	-0.587	-0.586	-0.589	-0.565	-0.577	-0.553	-0.596	-0.549	-0.556	-0.363	-0.289	-0.224	-0.212	-0.954	-0.473	-0.555	-0.863	-0.863	-0.863	-0.557	-0.694	-0.542	-0.775	-0.882	-0.882	-0.882	-0.762	-0.521	-0.125	-0.959	-0.959	-0.961	-0.425	-0.468	-0.580	-0.581	-0.468	-0.552	-0.534	-0.470	-0.749	-0.423	-0.962	-0.527	-0.545	-0.552	-0.732	-0.519	-0.647	-0.740	-1.055	-0.922	-0.922	-0.924	-1.054	-0.923	-0.951	-1.005	-1.002	-0.947	-0.947	-1.063	-0.999	-0.931	-0.857	-0.979	-1.082	-1.010	-0.999	-1.004	-1.075	-1.071	-1.015	-0.969	-0.984	-1.003	-1.062	-0.989	-1.013	-0.984	-0.424	-0.400	-0.402	-0.925	-0.459	-0.981	-0.965	-0.380	-0.634	-1.087	-1.115	-1.022	-1.107	-1.123	-0.435	-0.429	-1.072	-1.068	-0.416	-1.028	-0.678	-1.072	-0.672	-1.069	-1.051	-0.375	-1.082	-0.671	-1.075	-1.075	-1.075	-1.071	-1.073	-1.072	-1.075	-0.364	-1.074	-1.069	-1.074	-1.073	-1.074	-0.829	-0.873	-0.222	-0.213	+0.250	+0.145	-1.023	-1.047	-0.949	-0.997	-0.961	-0.974	-0.631	-0.344	-1.045	-1.084	-0.405	-0.451	-0.530	
rs12115580     -0.785	-0.854	-0.596	-0.595	-0.770	-0.639	-0.534	-0.534	-0.652	-0.860	-0.367	-0.760	-0.609	-0.297	-0.728	-0.758	-0.759	-0.759	-0.363	-0.291	-0.739	-0.261	-0.224	-0.253	-0.223	-0.521	-0.218	-0.490	-0.203	-0.189	-0.366	-0.233	-0.529	-0.478	-0.329	-0.531	-0.531	-0.387	-0.541	-0.299	-0.542	-0.220	-0.543	-0.247	-0.245	-0.402	-0.215	-0.390	-0.368	-0.408	-0.192	-0.371	-0.194	-0.115	-0.051	-0.040	-0.724	-0.291	-0.199	-0.654	-0.654	-0.653	-0.363	-0.491	-0.358	-0.569	-0.666	-0.666	-0.666	-0.556	-0.151	-0.065	-0.704	-0.704	-0.707	-0.321	-0.357	-0.393	-0.393	-0.357	-0.197	-0.350	-0.357	-0.501	-0.320	-0.708	-0.159	-0.361	-0.199	-0.485	-0.337	-0.400	-0.487	-0.792	-0.675	-0.675	-0.677	-0.830	-0.676	-0.708	-0.778	-0.775	-0.704	-0.704	-0.803	-0.771	-0.700	-0.689	-0.794	-0.850	-0.784	-0.773	-0.778	-0.841	-0.834	-0.791	-0.747	-0.761	-0.777	-0.820	-0.762	-0.796	-0.764	-0.146	-0.121	-0.138	-0.681	-0.183	-0.740	-0.724	-0.116	-0.368	-0.858	-0.882	-0.793	-0.874	-0.890	-0.191	-0.184	-0.841	-0.838	-0.171	-0.791	-0.416	-0.842	-0.409	-0.838	-0.814	-0.129	-0.842	-0.409	-0.844	-0.844	-0.844	-0.840	-0.843	-0.841	-0.844	-0.118	-0.843	-0.836	-0.843	-0.842	-0.843	-0.583	-0.625	-0.020	+0.039	+0.515	+0.410	-0.788	-0.811	-0.708	-0.757	-0.719	-0.740	-0.389	-0.106	-0.815	-0.848	-0.161	-0.207	-0.287	
rs13301807     -0.923	-0.982	-0.831	-0.827	-0.918	-0.798	-0.638	-0.638	-0.810	-0.964	-0.760	-0.544	-0.700	-0.517	-0.887	-0.912	-0.911	-0.910	-0.526	-0.486	-0.893	-0.455	-0.425	-0.447	-0.424	-0.691	-0.428	-0.657	-0.412	-0.400	-0.532	-0.429	-0.697	-0.604	-0.437	-0.699	-0.699	-0.554	-0.709	-0.480	-0.710	-0.418	-0.711	-0.438	-0.437	-0.569	-0.414	-0.558	-0.535	-0.575	-0.397	-0.538	-0.359	-0.280	-0.212	-0.201	-0.883	-0.459	-0.403	-0.821	-0.821	-0.821	-0.532	-0.660	-0.525	-0.736	-0.835	-0.835	-0.835	-0.724	-0.366	-0.151	-0.863	-0.863	-0.865	-0.428	-0.468	-0.561	-0.561	-0.468	-0.400	-0.517	-0.471	-0.626	-0.427	-0.866	-0.372	-0.528	-0.401	-0.608	-0.503	-0.513	-0.634	-0.981	-0.830	-0.830	-0.831	-0.937	-0.830	-0.856	-0.939	-0.936	-0.852	-0.852	-0.986	-0.933	-0.863	-0.775	-0.921	-1.002	-0.944	-0.934	-0.938	-0.996	-0.995	-0.949	-0.911	-0.925	-0.940	-0.987	-0.927	-0.947	-0.924	-0.360	-0.337	-0.339	-0.856	-0.395	-0.911	-0.895	-0.316	-0.568	-1.016	-1.042	-0.949	-1.034	-1.048	-0.359	-0.353	-0.998	-0.994	-0.340	-0.964	-0.612	-0.999	-0.605	-0.995	-0.985	-0.299	-1.013	-0.605	-1.001	-1.001	-1.001	-0.997	-1.000	-0.998	-1.001	-0.288	-1.000	-0.995	-1.000	-0.999	-1.000	-0.761	-0.805	-0.148	-0.152	+0.313	+0.208	-0.955	-0.974	-0.886	-0.929	-0.894	-0.903	-0.561	-0.272	-0.970	-1.012	-0.345	-0.391	-0.469	
rs12554723     -0.835	-0.865	-0.689	-0.685	-0.792	-0.664	-0.469	-0.469	-0.677	-0.840	-0.609	-0.700	-0.404	-0.469	-0.760	-0.778	-0.775	-0.771	-0.352	-0.311	-0.759	-0.278	-0.247	-0.270	-0.246	-0.630	-0.249	-0.600	-0.232	-0.219	-0.486	-0.251	-0.634	-0.578	-0.434	-0.636	-0.636	-0.505	-0.644	-0.305	-0.645	-0.239	-0.646	-0.260	-0.259	-0.519	-0.235	-0.509	-0.489	-0.525	-0.216	-0.492	-0.324	-0.247	-0.186	-0.175	-0.756	-0.415	-0.223	-0.741	-0.741	-0.741	-0.475	-0.592	-0.479	-0.663	-0.748	-0.748	-0.748	-0.650	-0.184	-0.174	-0.759	-0.759	-0.760	-0.427	-0.462	-0.512	-0.512	-0.462	-0.221	-0.472	-0.463	-0.605	-0.426	-0.761	-0.191	-0.482	-0.222	-0.592	-0.459	-0.520	-0.610	-0.861	-0.731	-0.731	-0.732	-0.752	-0.731	-0.739	-0.823	-0.821	-0.738	-0.738	-0.859	-0.818	-0.738	-0.601	-0.770	-0.854	-0.817	-0.808	-0.812	-0.847	-0.852	-0.821	-0.777	-0.791	-0.819	-0.851	-0.807	-0.811	-0.770	-0.249	-0.226	-0.231	-0.739	-0.283	-0.790	-0.776	-0.209	-0.451	-0.885	-0.905	-0.819	-0.896	-0.915	-0.227	-0.221	-0.866	-0.862	-0.208	-0.845	-0.494	-0.866	-0.488	-0.863	-0.864	-0.167	-0.882	-0.490	-0.869	-0.869	-0.869	-0.865	-0.867	-0.866	-0.868	-0.156	-0.868	-0.862	-0.868	-0.867	-0.868	-0.638	-0.687	-0.043	-0.003	+0.431	+0.326	-0.825	-0.843	-0.758	-0.800	-0.767	-0.769	-0.445	-0.152	-0.832	-0.881	-0.243	-0.289	-0.364	
rs80327542     -0.547	-0.583	-0.371	-0.367	-0.482	-0.347	-0.180	-0.180	-0.361	-0.575	-0.297	-0.517	-0.469	-0.049	-0.448	-0.470	-0.467	-0.464	-0.048	-0.002	-0.449	+0.032	+0.063	+0.040	+0.064	-0.334	+0.060	-0.312	+0.077	+0.090	-0.200	+0.056	-0.341	-0.327	-0.204	-0.342	-0.343	-0.218	-0.351	+0.004	-0.352	+0.068	-0.353	+0.046	+0.047	-0.232	+0.072	-0.222	-0.203	-0.238	+0.091	-0.205	-0.050	+0.035	+0.090	+0.100	-0.444	-0.135	+0.084	-0.447	-0.447	-0.446	-0.202	-0.311	-0.194	-0.370	-0.454	-0.454	-0.454	-0.357	+0.123	+0.019	-0.521	-0.521	-0.523	-0.197	-0.228	-0.225	-0.225	-0.228	+0.087	-0.187	-0.229	-0.413	-0.196	-0.523	+0.117	-0.196	+0.086	-0.403	-0.174	-0.349	-0.398	-0.571	-0.488	-0.488	-0.488	-0.527	-0.487	-0.497	-0.504	-0.502	-0.495	-0.495	-0.572	-0.499	-0.417	-0.327	-0.476	-0.571	-0.504	-0.494	-0.499	-0.565	-0.568	-0.509	-0.443	-0.459	-0.505	-0.565	-0.492	-0.507	-0.432	+0.102	+0.127	+0.013	-0.436	+0.067	-0.484	-0.470	+0.034	-0.111	-0.582	-0.601	-0.523	-0.595	-0.606	+0.095	+0.102	-0.550	-0.550	+0.115	-0.518	-0.157	-0.552	-0.150	-0.551	-0.540	+0.157	-0.561	-0.153	-0.554	-0.553	-0.553	-0.549	-0.553	-0.545	-0.553	+0.169	-0.554	-0.537	-0.554	-0.555	-0.554	-0.276	-0.367	+0.333	+0.303	+0.783	+0.673	-0.531	-0.532	-0.477	-0.508	-0.482	-0.464	-0.150	+0.209	-0.530	-0.574	+0.120	+0.073	-0.007	
rs586441       -0.877	-0.953	-0.786	-0.782	-0.877	-0.744	-0.678	-0.678	-0.757	-0.958	-0.728	-0.887	-0.760	-0.448	-0.484	-0.825	-0.823	-0.820	-0.532	-0.491	-0.822	-0.461	-0.435	-0.454	-0.434	-0.608	-0.438	-0.575	-0.424	-0.413	-0.449	-0.440	-0.615	-0.549	-0.397	-0.617	-0.617	-0.470	-0.627	-0.485	-0.628	-0.430	-0.629	-0.449	-0.447	-0.485	-0.426	-0.474	-0.452	-0.492	-0.410	-0.455	-0.274	-0.195	-0.130	-0.118	-0.812	-0.373	-0.416	-0.743	-0.743	-0.743	-0.445	-0.575	-0.441	-0.655	-0.758	-0.758	-0.758	-0.642	-0.382	-0.137	-0.835	-0.835	-0.837	-0.388	-0.425	-0.477	-0.477	-0.425	-0.413	-0.433	-0.426	-0.662	-0.387	-0.838	-0.387	-0.444	-0.413	-0.647	-0.419	-0.568	-0.646	-0.926	-0.812	-0.812	-0.814	-0.942	-0.812	-0.841	-0.865	-0.862	-0.837	-0.837	-0.934	-0.858	-0.797	-0.811	-0.896	-0.962	-0.885	-0.874	-0.879	-0.952	-0.947	-0.892	-0.850	-0.864	-0.868	-0.938	-0.853	-0.895	-0.858	-0.256	-0.232	-0.265	-0.790	-0.293	-0.848	-0.831	-0.242	-0.475	-0.965	-0.988	-0.899	-0.982	-0.994	-0.309	-0.303	-0.943	-0.940	-0.289	-0.909	-0.522	-0.944	-0.516	-0.941	-0.931	-0.248	-0.957	-0.513	-0.946	-0.946	-0.946	-0.942	-0.945	-0.942	-0.946	-0.237	-0.946	-0.937	-0.946	-0.945	-0.946	-0.697	-0.740	-0.113	-0.091	+0.381	+0.279	-0.893	-0.919	-0.816	-0.872	-0.836	-0.850	-0.496	-0.210	-0.920	-0.956	-0.269	-0.315	-0.394	
rs602669       -0.897	-0.979	-0.819	-0.815	-0.909	-0.777	-0.688	-0.688	-0.790	-0.983	-0.758	-0.912	-0.778	-0.470	-0.825	-0.519	-0.646	-0.629	-0.557	-0.515	-0.729	-0.486	-0.459	-0.479	-0.458	-0.561	-0.462	-0.530	-0.448	-0.436	-0.389	-0.463	-0.576	-0.550	-0.391	-0.578	-0.578	-0.413	-0.589	-0.509	-0.591	-0.453	-0.592	-0.472	-0.471	-0.430	-0.450	-0.418	-0.392	-0.438	-0.434	-0.396	-0.195	-0.116	-0.046	-0.034	-0.710	-0.305	-0.439	-0.726	-0.726	-0.725	-0.394	-0.539	-0.381	-0.630	-0.749	-0.749	-0.749	-0.615	-0.405	-0.115	-0.865	-0.865	-0.868	-0.382	-0.421	-0.422	-0.422	-0.421	-0.436	-0.372	-0.422	-0.677	-0.381	-0.869	-0.410	-0.384	-0.436	-0.662	-0.356	-0.581	-0.662	-0.948	-0.834	-0.835	-0.836	-0.970	-0.835	-0.864	-0.900	-0.897	-0.860	-0.860	-0.956	-0.893	-0.830	-0.843	-0.929	-0.994	-0.915	-0.902	-0.908	-0.984	-0.979	-0.922	-0.890	-0.904	-0.905	-0.968	-0.890	-0.929	-0.898	-0.296	-0.272	-0.289	-0.821	-0.333	-0.879	-0.862	-0.266	-0.513	-0.996	-1.020	-0.929	-1.013	-1.027	-0.320	-0.314	-0.976	-0.973	-0.300	-0.937	-0.560	-0.977	-0.553	-0.973	-0.960	-0.258	-0.987	-0.556	-0.979	-0.979	-0.979	-0.975	-0.978	-0.976	-0.979	-0.247	-0.979	-0.972	-0.979	-0.978	-0.979	-0.728	-0.765	-0.132	-0.099	+0.384	+0.279	-0.926	-0.951	-0.850	-0.902	-0.866	-0.882	-0.522	-0.226	-0.952	-0.988	-0.287	-0.334	-0.413	
rs652010       -0.896	-0.979	-0.821	-0.818	-0.912	-0.779	-0.694	-0.694	-0.792	-0.984	-0.759	-0.911	-0.775	-0.467	-0.823	-0.646	-0.522	-0.648	-0.556	-0.514	-0.729	-0.485	-0.457	-0.477	-0.457	-0.546	-0.460	-0.515	-0.446	-0.435	-0.372	-0.462	-0.562	-0.540	-0.379	-0.564	-0.564	-0.396	-0.576	-0.508	-0.577	-0.452	-0.579	-0.471	-0.470	-0.414	-0.449	-0.401	-0.376	-0.422	-0.432	-0.379	-0.176	-0.096	-0.026	-0.014	-0.696	-0.287	-0.438	-0.716	-0.716	-0.715	-0.378	-0.525	-0.364	-0.618	-0.740	-0.740	-0.740	-0.603	-0.403	-0.101	-0.863	-0.863	-0.865	-0.371	-0.410	-0.405	-0.405	-0.410	-0.435	-0.355	-0.411	-0.673	-0.370	-0.866	-0.409	-0.367	-0.435	-0.658	-0.338	-0.576	-0.657	-0.946	-0.833	-0.833	-0.834	-0.971	-0.833	-0.863	-0.904	-0.901	-0.859	-0.859	-0.956	-0.897	-0.833	-0.848	-0.934	-0.996	-0.916	-0.903	-0.909	-0.986	-0.980	-0.923	-0.894	-0.908	-0.906	-0.969	-0.891	-0.932	-0.904	-0.302	-0.278	-0.288	-0.826	-0.338	-0.883	-0.867	-0.266	-0.518	-0.998	-1.023	-0.930	-1.015	-1.030	-0.326	-0.319	-0.979	-0.975	-0.306	-0.939	-0.565	-0.979	-0.558	-0.976	-0.962	-0.264	-0.989	-0.559	-0.982	-0.982	-0.982	-0.978	-0.981	-0.979	-0.982	-0.253	-0.982	-0.974	-0.981	-0.980	-0.981	-0.730	-0.764	-0.138	-0.105	+0.375	+0.271	-0.930	-0.954	-0.856	-0.905	-0.869	-0.886	-0.522	-0.230	-0.955	-0.990	-0.290	-0.336	-0.416	
rs603085       -0.893	-0.978	-0.822	-0.818	-0.913	-0.780	-0.699	-0.699	-0.793	-0.983	-0.759	-0.910	-0.771	-0.464	-0.820	-0.629	-0.648	-0.523	-0.554	-0.512	-0.727	-0.483	-0.455	-0.475	-0.455	-0.531	-0.458	-0.500	-0.444	-0.433	-0.355	-0.460	-0.548	-0.531	-0.368	-0.550	-0.550	-0.380	-0.562	-0.506	-0.564	-0.450	-0.565	-0.469	-0.468	-0.398	-0.446	-0.385	-0.359	-0.406	-0.430	-0.362	-0.156	-0.076	-0.006	+0.006	-0.684	-0.269	-0.435	-0.705	-0.705	-0.705	-0.363	-0.512	-0.347	-0.606	-0.731	-0.731	-0.731	-0.591	-0.401	-0.087	-0.859	-0.859	-0.862	-0.359	-0.399	-0.389	-0.389	-0.399	-0.432	-0.337	-0.400	-0.668	-0.358	-0.863	-0.406	-0.350	-0.433	-0.653	-0.321	-0.570	-0.653	-0.944	-0.830	-0.831	-0.832	-0.971	-0.831	-0.861	-0.907	-0.904	-0.857	-0.857	-0.953	-0.900	-0.834	-0.851	-0.937	-0.996	-0.916	-0.903	-0.909	-0.986	-0.980	-0.923	-0.897	-0.910	-0.906	-0.969	-0.890	-0.933	-0.907	-0.306	-0.281	-0.287	-0.829	-0.342	-0.886	-0.870	-0.264	-0.521	-0.999	-1.024	-0.930	-1.016	-1.030	-0.329	-0.323	-0.980	-0.976	-0.309	-0.940	-0.568	-0.980	-0.561	-0.977	-0.962	-0.268	-0.990	-0.561	-0.983	-0.983	-0.983	-0.979	-0.982	-0.980	-0.983	-0.256	-0.983	-0.976	-0.982	-0.981	-0.982	-0.731	-0.762	-0.141	-0.109	+0.369	+0.265	-0.932	-0.955	-0.859	-0.906	-0.870	-0.887	-0.521	-0.232	-0.956	-0.991	-0.291	-0.338	-0.418	
rs17761403     -0.617	-0.668	-0.413	-0.414	-0.571	-0.434	-0.309	-0.309	-0.446	-0.669	-0.363	-0.526	-0.352	-0.048	-0.532	-0.557	-0.556	-0.554	-0.144	-0.244	-0.537	-0.225	-0.201	-0.220	-0.200	-0.394	-0.197	-0.368	-0.188	-0.177	-0.258	-0.209	-0.404	-0.381	-0.252	-0.405	-0.405	-0.277	-0.414	-0.252	-0.415	-0.200	-0.416	-0.218	-0.217	-0.290	-0.196	-0.280	-0.260	-0.296	-0.179	-0.263	-0.103	-0.029	+0.029	+0.039	-0.527	-0.190	-0.185	-0.511	-0.511	-0.511	-0.261	-0.375	-0.251	-0.444	-0.518	-0.518	-0.518	-0.433	-0.148	-0.020	-0.460	-0.460	-0.463	-0.245	-0.275	-0.281	-0.281	-0.275	-0.185	-0.243	-0.277	-0.253	-0.244	-0.464	-0.155	-0.253	-0.186	-0.236	-0.231	-0.145	-0.239	-0.554	-0.447	-0.447	-0.448	-0.614	-0.447	-0.483	-0.597	-0.595	-0.479	-0.479	-0.569	-0.591	-0.508	-0.436	-0.570	-0.638	-0.590	-0.580	-0.585	-0.627	-0.619	-0.595	-0.523	-0.539	-0.590	-0.603	-0.577	-0.591	-0.540	+0.077	+0.103	+0.072	-0.461	+0.039	-0.524	-0.507	+0.094	-0.152	-0.651	-0.675	-0.592	-0.666	-0.686	+0.000	+0.006	-0.640	-0.636	+0.020	-0.570	-0.201	-0.640	-0.194	-0.637	-0.597	+0.061	-0.622	-0.197	-0.643	-0.642	-0.642	-0.639	-0.641	-0.639	-0.642	+0.072	-0.642	-0.635	-0.642	-0.641	-0.642	-0.370	-0.426	+0.139	+0.233	+0.703	+0.598	-0.578	-0.607	-0.491	-0.547	-0.507	-0.526	-0.208	+0.057	-0.608	-0.642	+0.005	-0.040	-0.119	
rs56300317     -0.578	-0.628	-0.350	-0.351	-0.529	-0.391	-0.259	-0.259	-0.403	-0.629	-0.291	-0.486	-0.311	-0.002	-0.491	-0.515	-0.514	-0.512	-0.244	-0.096	-0.495	-0.169	-0.145	-0.165	-0.145	-0.360	-0.129	-0.334	-0.126	-0.115	-0.225	-0.155	-0.370	-0.349	-0.222	-0.371	-0.371	-0.244	-0.380	-0.198	-0.381	-0.146	-0.382	-0.166	-0.165	-0.257	-0.143	-0.247	-0.228	-0.263	-0.124	-0.230	-0.072	+0.001	+0.059	+0.069	-0.486	-0.158	-0.129	-0.475	-0.475	-0.475	-0.229	-0.342	-0.218	-0.410	-0.480	-0.480	-0.480	-0.399	-0.088	+0.006	-0.401	-0.401	-0.404	-0.215	-0.245	-0.248	-0.248	-0.244	-0.134	-0.211	-0.247	-0.186	-0.214	-0.406	-0.096	-0.221	-0.134	-0.168	-0.198	-0.077	-0.175	-0.502	-0.390	-0.390	-0.392	-0.566	-0.391	-0.429	-0.556	-0.554	-0.424	-0.424	-0.517	-0.550	-0.466	-0.389	-0.526	-0.591	-0.549	-0.540	-0.544	-0.581	-0.572	-0.554	-0.479	-0.495	-0.550	-0.555	-0.538	-0.549	-0.498	+0.127	+0.154	+0.148	-0.419	+0.089	-0.483	-0.466	+0.171	-0.104	-0.606	-0.631	-0.547	-0.621	-0.643	+0.046	+0.052	-0.598	-0.594	+0.066	-0.523	-0.154	-0.598	-0.147	-0.595	-0.550	+0.108	-0.576	-0.151	-0.601	-0.601	-0.601	-0.597	-0.600	-0.598	-0.601	+0.119	-0.600	-0.595	-0.600	-0.599	-0.600	-0.327	-0.383	+0.180	+0.282	+0.758	+0.652	-0.530	-0.562	-0.440	-0.499	-0.456	-0.484	-0.155	+0.103	-0.566	-0.597	+0.051	+0.005	-0.073	
rs1334809      -0.877	-0.958	-0.799	-0.796	-0.891	-0.757	-0.666	-0.666	-0.771	-0.966	-0.739	-0.893	-0.759	-0.449	-0.822	-0.729	-0.729	-0.727	-0.537	-0.495	-0.499	-0.465	-0.438	-0.458	-0.438	-0.552	-0.441	-0.520	-0.427	-0.416	-0.381	-0.443	-0.565	-0.533	-0.375	-0.567	-0.567	-0.405	-0.579	-0.489	-0.580	-0.433	-0.581	-0.452	-0.451	-0.422	-0.429	-0.410	-0.385	-0.429	-0.413	-0.388	-0.190	-0.110	-0.041	-0.029	-0.549	-0.298	-0.419	-0.712	-0.712	-0.712	-0.385	-0.528	-0.373	-0.617	-0.734	-0.734	-0.734	-0.603	-0.384	-0.100	-0.846	-0.847	-0.849	-0.366	-0.405	-0.413	-0.413	-0.405	-0.416	-0.364	-0.406	-0.658	-0.365	-0.850	-0.390	-0.376	-0.416	-0.642	-0.349	-0.561	-0.642	-0.930	-0.815	-0.815	-0.816	-0.952	-0.815	-0.845	-0.874	-0.870	-0.841	-0.841	-0.939	-0.866	-0.808	-0.829	-0.916	-0.975	-0.897	-0.884	-0.890	-0.966	-0.960	-0.904	-0.875	-0.889	-0.887	-0.950	-0.871	-0.913	-0.884	-0.280	-0.255	-0.268	-0.803	-0.316	-0.861	-0.844	-0.245	-0.496	-0.977	-1.002	-0.910	-0.994	-1.008	-0.303	-0.297	-0.957	-0.953	-0.283	-0.918	-0.543	-0.957	-0.536	-0.954	-0.941	-0.242	-0.968	-0.538	-0.960	-0.960	-0.960	-0.956	-0.959	-0.957	-0.960	-0.230	-0.960	-0.953	-0.960	-0.959	-0.960	-0.709	-0.746	-0.118	-0.083	+0.396	+0.292	-0.906	-0.932	-0.831	-0.884	-0.847	-0.864	-0.502	-0.209	-0.934	-0.969	-0.267	-0.314	-0.394	
rs149593195    -0.550	-0.599	-0.320	-0.320	-0.499	-0.361	-0.228	-0.228	-0.373	-0.600	-0.261	-0.455	-0.278	+0.032	-0.461	-0.486	-0.485	-0.483	-0.225	-0.169	-0.465	-0.063	-0.118	-0.135	-0.117	-0.334	-0.138	-0.309	-0.133	-0.124	-0.201	-0.152	-0.345	-0.326	-0.200	-0.346	-0.346	-0.220	-0.355	-0.185	-0.356	-0.145	-0.357	-0.160	-0.159	-0.233	-0.142	-0.223	-0.204	-0.239	-0.128	-0.206	-0.049	+0.024	+0.081	+0.091	-0.456	-0.135	-0.132	-0.449	-0.449	-0.449	-0.206	-0.317	-0.195	-0.385	-0.454	-0.454	-0.454	-0.375	-0.101	+0.025	-0.368	-0.368	-0.372	-0.193	-0.223	-0.224	-0.224	-0.223	-0.135	-0.187	-0.226	-0.153	-0.193	-0.373	-0.106	-0.197	-0.135	-0.134	-0.175	-0.042	-0.141	-0.470	-0.358	-0.358	-0.360	-0.536	-0.359	-0.397	-0.528	-0.526	-0.392	-0.392	-0.485	-0.521	-0.437	-0.358	-0.496	-0.561	-0.520	-0.511	-0.515	-0.551	-0.542	-0.525	-0.448	-0.465	-0.522	-0.524	-0.509	-0.520	-0.469	+0.161	+0.188	+0.180	-0.389	+0.123	-0.453	-0.436	+0.204	-0.072	-0.576	-0.601	-0.518	-0.591	-0.613	+0.077	+0.083	-0.569	-0.565	+0.097	-0.491	-0.122	-0.569	-0.115	-0.565	-0.518	+0.139	-0.544	-0.119	-0.572	-0.572	-0.572	-0.568	-0.570	-0.569	-0.572	+0.150	-0.571	-0.566	-0.571	-0.570	-0.571	-0.297	-0.353	+0.205	+0.308	+0.783	+0.677	-0.501	-0.532	-0.410	-0.469	-0.426	-0.453	-0.124	+0.127	-0.537	-0.568	+0.077	+0.031	-0.047	
rs146652109    -0.526	-0.573	-0.285	-0.286	-0.473	-0.334	-0.198	-0.198	-0.345	-0.574	-0.224	-0.425	-0.247	+0.063	-0.435	-0.459	-0.457	-0.455	-0.201	-0.145	-0.438	-0.118	-0.033	-0.114	-0.103	-0.312	-0.122	-0.288	-0.120	-0.113	-0.181	-0.138	-0.323	-0.307	-0.182	-0.324	-0.325	-0.199	-0.333	-0.161	-0.334	-0.131	-0.335	-0.143	-0.142	-0.213	-0.128	-0.202	-0.183	-0.218	-0.117	-0.186	-0.030	+0.043	+0.099	+0.109	-0.430	-0.115	-0.122	-0.426	-0.426	-0.426	-0.186	-0.296	-0.174	-0.364	-0.430	-0.430	-0.430	-0.353	-0.093	+0.040	-0.337	-0.337	-0.341	-0.175	-0.205	-0.203	-0.203	-0.204	-0.122	-0.166	-0.207	-0.120	-0.175	-0.342	-0.100	-0.177	-0.125	-0.102	-0.154	-0.010	-0.109	-0.439	-0.328	-0.328	-0.330	-0.507	-0.329	-0.367	-0.502	-0.500	-0.362	-0.362	-0.455	-0.496	-0.411	-0.327	-0.468	-0.533	-0.494	-0.485	-0.489	-0.522	-0.514	-0.498	-0.420	-0.436	-0.496	-0.496	-0.483	-0.493	-0.440	+0.191	+0.218	+0.210	-0.361	+0.153	-0.425	-0.408	+0.234	-0.043	-0.549	-0.574	-0.491	-0.564	-0.586	+0.104	+0.111	-0.542	-0.538	+0.124	-0.463	-0.093	-0.543	-0.086	-0.539	-0.490	+0.166	-0.516	-0.090	-0.545	-0.545	-0.545	-0.541	-0.544	-0.542	-0.545	+0.177	-0.544	-0.539	-0.544	-0.543	-0.544	-0.269	-0.326	+0.229	+0.336	+0.811	+0.705	-0.473	-0.505	-0.381	-0.441	-0.398	-0.426	-0.097	+0.152	-0.509	-0.540	+0.103	+0.057	-0.022	
rs118129605    -0.544	-0.592	-0.311	-0.312	-0.492	-0.354	-0.220	-0.220	-0.365	-0.593	-0.253	-0.447	-0.270	+0.040	-0.454	-0.479	-0.477	-0.475	-0.220	-0.165	-0.458	-0.135	-0.114	-0.055	-0.114	-0.329	-0.134	-0.304	-0.129	-0.121	-0.196	-0.149	-0.339	-0.321	-0.196	-0.341	-0.341	-0.215	-0.349	-0.178	-0.350	-0.141	-0.351	-0.154	-0.153	-0.228	-0.138	-0.218	-0.199	-0.234	-0.125	-0.201	-0.044	+0.029	+0.085	+0.095	-0.449	-0.130	-0.131	-0.443	-0.443	-0.443	-0.201	-0.312	-0.190	-0.380	-0.448	-0.448	-0.448	-0.369	-0.098	+0.028	-0.360	-0.360	-0.363	-0.189	-0.218	-0.219	-0.219	-0.218	-0.131	-0.182	-0.221	-0.144	-0.188	-0.364	-0.106	-0.192	-0.133	-0.125	-0.170	-0.034	-0.132	-0.462	-0.350	-0.350	-0.352	-0.528	-0.351	-0.389	-0.521	-0.519	-0.384	-0.384	-0.477	-0.514	-0.431	-0.349	-0.489	-0.553	-0.513	-0.504	-0.508	-0.543	-0.534	-0.518	-0.441	-0.457	-0.515	-0.517	-0.502	-0.513	-0.461	+0.169	+0.196	+0.188	-0.381	+0.130	-0.446	-0.428	+0.212	-0.065	-0.569	-0.594	-0.511	-0.584	-0.606	+0.084	+0.091	-0.562	-0.558	+0.104	-0.484	-0.115	-0.562	-0.108	-0.558	-0.511	+0.146	-0.537	-0.111	-0.565	-0.565	-0.565	-0.561	-0.563	-0.562	-0.565	+0.157	-0.564	-0.559	-0.564	-0.562	-0.564	-0.289	-0.346	+0.211	+0.316	+0.790	+0.684	-0.493	-0.525	-0.402	-0.461	-0.419	-0.446	-0.117	+0.134	-0.529	-0.560	+0.084	+0.038	-0.040	
rs146513234    -0.525	-0.573	-0.285	-0.285	-0.472	-0.333	-0.197	-0.197	-0.345	-0.573	-0.223	-0.424	-0.246	+0.064	-0.434	-0.458	-0.457	-0.455	-0.200	-0.145	-0.438	-0.117	-0.103	-0.114	-0.032	-0.312	-0.122	-0.287	-0.120	-0.112	-0.180	-0.137	-0.323	-0.306	-0.182	-0.324	-0.324	-0.199	-0.332	-0.161	-0.334	-0.130	-0.334	-0.142	-0.142	-0.212	-0.128	-0.202	-0.183	-0.218	-0.116	-0.185	-0.029	+0.043	+0.100	+0.109	-0.429	-0.115	-0.122	-0.426	-0.426	-0.425	-0.185	-0.296	-0.174	-0.363	-0.430	-0.430	-0.430	-0.353	-0.093	+0.040	-0.336	-0.336	-0.340	-0.175	-0.204	-0.203	-0.203	-0.204	-0.122	-0.166	-0.207	-0.119	-0.174	-0.341	-0.100	-0.176	-0.124	-0.101	-0.154	-0.009	-0.108	-0.438	-0.327	-0.327	-0.329	-0.507	-0.328	-0.366	-0.502	-0.499	-0.361	-0.361	-0.454	-0.495	-0.410	-0.326	-0.467	-0.532	-0.493	-0.484	-0.488	-0.522	-0.513	-0.498	-0.419	-0.436	-0.495	-0.495	-0.483	-0.492	-0.439	+0.192	+0.219	+0.211	-0.360	+0.153	-0.425	-0.407	+0.234	-0.042	-0.548	-0.573	-0.490	-0.563	-0.586	+0.105	+0.111	-0.541	-0.538	+0.125	-0.462	-0.093	-0.542	-0.086	-0.538	-0.489	+0.167	-0.515	-0.090	-0.544	-0.544	-0.544	-0.540	-0.543	-0.542	-0.544	+0.178	-0.544	-0.538	-0.544	-0.542	-0.543	-0.268	-0.325	+0.230	+0.337	+0.811	+0.706	-0.472	-0.505	-0.381	-0.440	-0.397	-0.425	-0.097	+0.153	-0.509	-0.540	+0.103	+0.057	-0.021	
rs12336187     -0.708	-0.727	-0.565	-0.562	-0.643	-0.505	-0.450	-0.450	-0.518	-0.713	-0.521	-0.691	-0.630	-0.334	-0.608	-0.561	-0.546	-0.531	-0.394	-0.360	-0.552	-0.334	-0.312	-0.329	-0.312	-0.244	-0.317	-0.415	-0.304	-0.295	-0.308	-0.317	-0.446	-0.524	-0.411	-0.447	-0.447	-0.332	-0.452	-0.355	-0.453	-0.309	-0.453	-0.325	-0.324	-0.350	-0.306	-0.338	-0.312	-0.358	-0.293	-0.315	-0.105	-0.069	-0.001	+0.014	-0.581	-0.232	-0.297	-0.509	-0.509	-0.509	-0.362	-0.465	-0.301	-0.514	-0.543	-0.543	-0.543	-0.506	-0.269	-0.181	-0.669	-0.669	-0.670	-0.404	-0.433	-0.343	-0.343	-0.433	-0.294	-0.291	-0.433	-0.572	-0.403	-0.670	-0.274	-0.304	-0.295	-0.562	-0.276	-0.506	-0.557	-0.666	-0.648	-0.648	-0.648	-0.644	-0.647	-0.658	-0.660	-0.660	-0.656	-0.656	-0.653	-0.662	-0.596	-0.403	-0.456	-0.730	-0.652	-0.653	-0.653	-0.720	-0.723	-0.648	-0.500	-0.526	-0.680	-0.722	-0.671	-0.594	-0.446	-0.091	-0.068	-0.064	-0.560	-0.125	-0.616	-0.602	-0.043	-0.296	-0.711	-0.735	-0.656	-0.724	-0.752	+0.045	+0.052	-0.709	-0.704	+0.067	-0.657	-0.339	-0.709	-0.333	-0.704	-0.680	+0.113	-0.699	-0.343	-0.711	-0.711	-0.711	-0.708	-0.709	-0.711	-0.711	+0.126	-0.710	-0.710	-0.710	-0.707	-0.709	-0.481	-0.567	+0.210	+0.280	+0.714	+0.621	-0.637	-0.679	-0.551	-0.622	-0.582	-0.588	-0.300	-0.010	-0.642	-0.705	-0.114	-0.158	-0.232	
rs57735430     -0.529	-0.576	-0.282	-0.283	-0.476	-0.337	-0.200	-0.200	-0.349	-0.577	-0.218	-0.428	-0.249	+0.060	-0.438	-0.462	-0.460	-0.458	-0.197	-0.129	-0.441	-0.138	-0.122	-0.134	-0.122	-0.317	-0.037	-0.292	-0.109	-0.101	-0.186	-0.129	-0.327	-0.311	-0.187	-0.329	-0.329	-0.204	-0.337	-0.152	-0.338	-0.121	-0.339	-0.134	-0.133	-0.217	-0.119	-0.207	-0.188	-0.223	-0.107	-0.191	-0.035	+0.038	+0.094	+0.104	-0.433	-0.120	-0.113	-0.430	-0.430	-0.430	-0.191	-0.301	-0.179	-0.368	-0.434	-0.434	-0.434	-0.358	-0.081	+0.035	-0.339	-0.339	-0.342	-0.180	-0.209	-0.208	-0.208	-0.209	-0.114	-0.171	-0.212	-0.122	-0.179	-0.344	-0.090	-0.181	-0.117	-0.103	-0.159	-0.012	-0.111	-0.441	-0.330	-0.330	-0.332	-0.510	-0.331	-0.370	-0.506	-0.503	-0.365	-0.364	-0.457	-0.499	-0.415	-0.327	-0.469	-0.535	-0.497	-0.488	-0.492	-0.525	-0.516	-0.502	-0.421	-0.438	-0.499	-0.499	-0.487	-0.495	-0.442	+0.186	+0.213	+0.208	-0.363	+0.147	-0.428	-0.410	+0.231	-0.048	-0.552	-0.577	-0.493	-0.567	-0.589	+0.100	+0.106	-0.545	-0.541	+0.120	-0.466	-0.098	-0.545	-0.091	-0.541	-0.494	+0.161	-0.520	-0.095	-0.548	-0.548	-0.548	-0.544	-0.546	-0.545	-0.548	+0.173	-0.547	-0.542	-0.547	-0.546	-0.547	-0.272	-0.330	+0.228	+0.338	+0.814	+0.708	-0.475	-0.508	-0.383	-0.443	-0.400	-0.428	-0.103	+0.152	-0.512	-0.543	+0.101	+0.055	-0.023	
rs6475959      -0.679	-0.698	-0.532	-0.530	-0.609	-0.471	-0.422	-0.422	-0.484	-0.685	-0.490	-0.657	-0.600	-0.312	-0.575	-0.530	-0.515	-0.500	-0.368	-0.334	-0.520	-0.309	-0.288	-0.304	-0.287	-0.415	-0.292	-0.209	-0.280	-0.271	-0.250	-0.293	-0.370	-0.504	-0.396	-0.370	-0.370	-0.279	-0.371	-0.330	-0.371	-0.285	-0.371	-0.300	-0.300	-0.298	-0.282	-0.286	-0.256	-0.308	-0.269	-0.260	-0.037	-0.032	+0.035	+0.051	-0.549	-0.179	-0.273	-0.418	-0.418	-0.418	-0.333	-0.427	-0.244	-0.466	-0.476	-0.476	-0.476	-0.460	-0.246	-0.172	-0.635	-0.635	-0.635	-0.390	-0.418	-0.293	-0.293	-0.418	-0.271	-0.232	-0.418	-0.548	-0.389	-0.635	-0.250	-0.248	-0.271	-0.538	-0.217	-0.485	-0.534	-0.619	-0.617	-0.617	-0.618	-0.599	-0.617	-0.626	-0.630	-0.630	-0.624	-0.624	-0.604	-0.632	-0.564	-0.374	-0.427	-0.700	-0.621	-0.622	-0.621	-0.690	-0.693	-0.616	-0.471	-0.496	-0.648	-0.691	-0.639	-0.562	-0.419	-0.053	-0.030	-0.032	-0.516	-0.088	-0.574	-0.560	-0.011	-0.260	-0.680	-0.704	-0.625	-0.693	-0.716	+0.087	+0.094	-0.676	-0.672	+0.109	-0.618	-0.303	-0.676	-0.297	-0.672	-0.641	+0.155	-0.661	-0.307	-0.678	-0.678	-0.678	-0.675	-0.676	-0.678	-0.678	+0.169	-0.677	-0.677	-0.677	-0.674	-0.676	-0.449	-0.534	+0.253	+0.278	+0.758	+0.665	-0.605	-0.647	-0.519	-0.589	-0.549	-0.555	-0.269	+0.028	-0.610	-0.673	-0.076	-0.120	-0.195	
rs6475961      -0.516	-0.563	-0.266	-0.267	-0.462	-0.323	-0.185	-0.185	-0.334	-0.563	-0.203	-0.412	-0.232	+0.077	-0.424	-0.448	-0.446	-0.444	-0.188	-0.126	-0.427	-0.133	-0.120	-0.129	-0.120	-0.304	-0.109	-0.280	-0.022	-0.085	-0.176	-0.111	-0.317	-0.301	-0.179	-0.318	-0.318	-0.194	-0.327	-0.126	-0.328	-0.104	-0.329	-0.114	-0.114	-0.207	-0.102	-0.197	-0.178	-0.213	-0.092	-0.181	-0.026	+0.046	+0.102	+0.112	-0.419	-0.111	-0.098	-0.419	-0.419	-0.419	-0.181	-0.291	-0.169	-0.357	-0.423	-0.423	-0.423	-0.347	-0.068	+0.042	-0.321	-0.321	-0.325	-0.172	-0.201	-0.198	-0.198	-0.201	-0.099	-0.161	-0.203	-0.103	-0.171	-0.326	-0.077	-0.172	-0.103	-0.085	-0.149	+0.007	-0.092	-0.425	-0.313	-0.314	-0.315	-0.495	-0.314	-0.353	-0.492	-0.490	-0.348	-0.348	-0.440	-0.486	-0.401	-0.310	-0.454	-0.521	-0.484	-0.475	-0.479	-0.510	-0.502	-0.488	-0.405	-0.422	-0.486	-0.484	-0.474	-0.481	-0.426	+0.201	+0.227	+0.224	-0.348	+0.162	-0.413	-0.395	+0.247	-0.033	-0.537	-0.562	-0.479	-0.552	-0.575	+0.114	+0.121	-0.531	-0.527	+0.134	-0.451	-0.083	-0.531	-0.076	-0.527	-0.479	+0.176	-0.505	-0.080	-0.534	-0.534	-0.534	-0.530	-0.532	-0.531	-0.534	+0.187	-0.533	-0.528	-0.533	-0.532	-0.533	-0.257	-0.315	+0.240	+0.352	+0.831	+0.725	-0.461	-0.494	-0.368	-0.429	-0.386	-0.414	-0.088	+0.167	-0.498	-0.528	+0.116	+0.071	-0.008	
rs78970094     -0.506	-0.552	-0.252	-0.253	-0.450	-0.312	-0.173	-0.173	-0.323	-0.552	-0.189	-0.400	-0.219	+0.090	-0.413	-0.436	-0.435	-0.433	-0.177	-0.115	-0.416	-0.124	-0.113	-0.121	-0.112	-0.295	-0.101	-0.271	-0.085	-0.009	-0.168	-0.100	-0.308	-0.293	-0.171	-0.309	-0.310	-0.186	-0.318	-0.110	-0.319	-0.095	-0.320	-0.102	-0.102	-0.199	-0.093	-0.189	-0.170	-0.205	-0.084	-0.173	-0.018	+0.054	+0.109	+0.119	-0.408	-0.103	-0.090	-0.410	-0.410	-0.409	-0.173	-0.282	-0.161	-0.348	-0.413	-0.413	-0.413	-0.338	-0.063	+0.048	-0.308	-0.309	-0.312	-0.165	-0.193	-0.189	-0.190	-0.193	-0.092	-0.153	-0.196	-0.090	-0.164	-0.313	-0.072	-0.163	-0.096	-0.071	-0.141	+0.021	-0.079	-0.412	-0.301	-0.301	-0.303	-0.483	-0.302	-0.341	-0.482	-0.480	-0.336	-0.336	-0.428	-0.475	-0.390	-0.297	-0.442	-0.509	-0.473	-0.464	-0.468	-0.498	-0.490	-0.477	-0.393	-0.410	-0.475	-0.473	-0.463	-0.470	-0.414	+0.213	+0.240	+0.237	-0.336	+0.174	-0.401	-0.384	+0.260	-0.021	-0.526	-0.551	-0.468	-0.541	-0.564	+0.126	+0.132	-0.520	-0.516	+0.145	-0.439	-0.072	-0.520	-0.065	-0.516	-0.467	+0.187	-0.493	-0.069	-0.523	-0.523	-0.523	-0.519	-0.521	-0.520	-0.523	+0.198	-0.522	-0.517	-0.522	-0.520	-0.522	-0.245	-0.304	+0.250	+0.364	+0.843	+0.737	-0.449	-0.482	-0.356	-0.417	-0.374	-0.402	-0.078	+0.178	-0.487	-0.517	+0.127	+0.081	+0.002	
