## Summary of overall evidence for association with region:
## log10(BF for region) = 2.11391
## p-value for region = NA

## BFs for choosing among multi-SNP models:
## log10(average 1-SNP BF) = 2.08171
## log10(average 2-SNP BF) = 2.17193

## Example posterior probabilities for multi-SNP models, based on default prior: [p(l) propto 0.5^l for l=1,2,...,L]
## posterior probability of 1-SNP = 0.619023
## posterior probability of 2-SNP = 0.380977

## log10(BF) for single SNP and pair of SNPs:
rs7740824      -0.038	-0.183	-0.119	-0.154	-0.110	-0.253	-0.263	-0.237	+0.657	-0.296	-0.280	-0.338	+0.083	-0.246	+0.473	-0.387	+0.499	-0.525	-0.525	+0.524	-0.382	+0.473	-0.407	-0.404	+0.614	-0.399	-0.407	-0.523	-0.522	-0.409	-0.410	-0.521	-0.520	+0.889	-0.522	+0.724	-0.423	-0.426	-0.427	-0.314	-0.315	+0.081	+0.022	+0.376	-0.394	-0.196	+0.070	+0.101	+0.103	-0.074	-0.179	+0.013	-0.151	+0.103	-0.161	-0.165	-0.163	-0.156	-0.397	-0.252	-0.362	-0.343	-0.258	-0.308	-0.304	-0.320	-0.354	-0.316	-0.313	-0.379	-0.342	-0.368	-0.420	-0.430	-0.371	-0.423	-0.428	-0.432	-0.382	-0.382	-0.383	-0.420	-0.385	-0.385	-0.389	-0.412	-0.412	-0.417	-0.054	+0.020	+0.020	+0.423	+0.008	+0.051	+0.017	+0.055	+0.053	+0.066	+0.060	+0.061	+0.099	+0.048	+0.063	+0.064	+0.265	+0.052	+0.257	+0.052	+0.023	+0.052	+0.026	+0.072	+0.266	+0.246	+0.030	+0.021	-0.563	+0.292	+0.282	+0.282	+0.148	+0.338	+0.155	+0.037	+0.104	+0.079	+0.151	+0.050	+0.077	+0.158	+0.084	+0.078	+0.149	+0.060	-0.335	-0.011	+0.265	+0.632	+0.296	+0.289	+0.282	+0.282	+0.430	-0.499	-0.502	+0.402	+0.356	+0.354	-0.497	+0.353	+1.506	+1.442	+2.932	+0.397	+0.509	+2.971	+2.959	+2.958	+2.956	+3.029	+0.389	+2.929	+2.872	-0.059	+2.741	+2.796	+2.860	+2.803	+2.937	+2.937	+2.800	+2.850	+2.850	+1.385	+2.939	+2.939	+2.939	+2.939	+2.938	+2.947	+2.966	+2.938	+2.938	+2.937	+2.937	
rs3105751      -0.183	-0.129	-0.145	-0.227	-0.130	-0.290	-0.302	-0.271	+0.662	-0.341	-0.322	-0.390	-0.036	-0.285	+0.327	-0.447	+0.352	-0.614	-0.614	+0.376	-0.441	+0.327	-0.472	-0.469	+0.463	-0.462	-0.471	-0.613	-0.612	-0.474	-0.475	-0.612	-0.611	+0.812	-0.612	+0.569	-0.492	-0.497	-0.498	-0.404	-0.405	+0.043	-0.094	+0.362	-0.468	-0.303	+0.029	+0.034	+0.035	-0.145	-0.258	-0.057	-0.229	+0.035	-0.268	-0.272	-0.270	-0.263	-0.481	-0.333	-0.444	-0.423	-0.360	-0.387	-0.383	-0.400	-0.435	-0.395	-0.393	-0.477	-0.422	-0.449	-0.515	-0.524	-0.452	-0.505	-0.510	-0.514	-0.464	-0.464	-0.465	-0.515	-0.468	-0.468	-0.471	-0.497	-0.497	-0.501	-0.162	-0.089	-0.089	+0.330	-0.101	-0.059	-0.091	-0.051	-0.057	-0.044	-0.050	-0.048	-0.011	-0.061	-0.046	-0.046	+0.173	-0.057	+0.164	-0.056	-0.085	-0.057	-0.082	-0.038	+0.174	+0.156	-0.078	-0.087	-0.650	+0.199	+0.190	+0.190	+0.038	+0.246	+0.044	-0.070	-0.005	-0.030	+0.040	-0.058	-0.032	+0.047	-0.024	-0.031	+0.038	-0.048	-0.418	-0.117	+0.153	+0.556	+0.183	+0.177	+0.170	+0.169	+0.316	-0.582	-0.585	+0.289	+0.244	+0.242	-0.587	+0.241	+1.411	+1.348	+2.825	+0.287	+0.398	+2.863	+2.852	+2.852	+2.850	+2.921	+0.279	+2.822	+2.766	-0.145	+2.636	+2.690	+2.752	+2.697	+2.831	+2.831	+2.695	+2.744	+2.744	+1.292	+2.834	+2.833	+2.833	+2.833	+2.833	+2.841	+2.860	+2.833	+2.832	+2.832	+2.831	
rs9364554      -0.119	-0.145	-0.011	-0.113	-0.099	-0.240	-0.250	-0.225	+0.658	-0.280	-0.265	-0.321	+0.116	-0.233	+0.513	-0.368	+0.539	-0.499	-0.499	+0.565	-0.363	+0.513	-0.387	-0.384	+0.655	-0.379	-0.386	-0.496	-0.495	-0.388	-0.389	-0.494	-0.492	+0.907	-0.496	+0.766	-0.401	-0.404	-0.405	-0.288	-0.289	+0.094	+0.054	+0.382	-0.372	-0.166	+0.083	+0.120	+0.122	-0.053	-0.157	+0.033	-0.128	+0.122	-0.131	-0.136	-0.133	-0.126	-0.372	-0.229	-0.339	-0.319	-0.229	-0.284	-0.280	-0.297	-0.330	-0.292	-0.290	-0.350	-0.319	-0.344	-0.392	-0.402	-0.347	-0.399	-0.404	-0.408	-0.358	-0.358	-0.359	-0.392	-0.361	-0.361	-0.365	-0.388	-0.388	-0.392	-0.024	+0.051	+0.051	+0.450	+0.038	+0.083	+0.048	+0.086	+0.084	+0.097	+0.091	+0.093	+0.130	+0.079	+0.095	+0.095	+0.291	+0.083	+0.283	+0.084	+0.054	+0.083	+0.056	+0.103	+0.292	+0.272	+0.061	+0.052	-0.538	+0.318	+0.308	+0.308	+0.180	+0.365	+0.186	+0.068	+0.135	+0.110	+0.183	+0.081	+0.108	+0.190	+0.115	+0.109	+0.180	+0.091	-0.311	+0.019	+0.296	+0.652	+0.328	+0.321	+0.314	+0.313	+0.462	-0.476	-0.478	+0.434	+0.388	+0.386	-0.471	+0.385	+1.531	+1.467	+2.959	+0.428	+0.541	+2.999	+2.986	+2.986	+2.984	+3.057	+0.420	+2.956	+2.900	-0.034	+2.769	+2.824	+2.887	+2.830	+2.965	+2.965	+2.828	+2.878	+2.878	+1.410	+2.967	+2.966	+2.966	+2.966	+2.966	+2.975	+2.993	+2.966	+2.965	+2.965	+2.964	
rs12194182     -0.154	-0.227	-0.113	-0.078	-0.096	-0.271	-0.282	-0.254	+0.657	-0.317	-0.300	-0.362	+0.034	-0.265	+0.415	-0.414	+0.440	-0.564	-0.563	+0.465	-0.409	+0.415	-0.436	-0.433	+0.554	-0.427	-0.436	-0.562	-0.561	-0.438	-0.439	-0.561	-0.559	+0.856	-0.561	+0.663	-0.454	-0.457	-0.458	-0.353	-0.354	+0.063	-0.026	+0.367	-0.426	-0.241	+0.051	+0.071	+0.073	-0.104	-0.213	-0.018	-0.184	+0.073	-0.203	-0.208	-0.205	-0.199	-0.434	-0.287	-0.398	-0.378	-0.304	-0.342	-0.338	-0.355	-0.390	-0.351	-0.348	-0.423	-0.377	-0.404	-0.463	-0.472	-0.406	-0.459	-0.463	-0.468	-0.418	-0.418	-0.418	-0.462	-0.421	-0.421	-0.425	-0.449	-0.449	-0.454	-0.099	-0.026	-0.026	+0.382	-0.038	+0.005	-0.028	+0.011	+0.007	+0.020	+0.014	+0.015	+0.053	+0.002	+0.018	+0.018	+0.227	+0.007	+0.219	+0.007	-0.022	+0.006	-0.020	+0.026	+0.229	+0.209	-0.015	-0.024	-0.601	+0.254	+0.244	+0.245	+0.102	+0.301	+0.109	-0.008	+0.058	+0.033	+0.105	+0.005	+0.032	+0.112	+0.039	+0.033	+0.102	+0.015	-0.371	-0.055	+0.218	+0.599	+0.249	+0.243	+0.236	+0.235	+0.383	-0.536	-0.539	+0.355	+0.310	+0.308	-0.536	+0.307	+1.464	+1.401	+2.888	+0.351	+0.462	+2.926	+2.915	+2.915	+2.913	+2.984	+0.343	+2.885	+2.829	-0.096	+2.698	+2.753	+2.815	+2.759	+2.894	+2.894	+2.757	+2.807	+2.807	+1.345	+2.896	+2.896	+2.896	+2.895	+2.895	+2.904	+2.922	+2.895	+2.894	+2.894	+2.894	
rs1112444      -0.110	-0.130	-0.099	-0.096	-0.000	-0.234	-0.244	-0.219	+0.659	-0.274	-0.259	-0.314	+0.129	-0.228	+0.529	-0.360	+0.555	-0.488	-0.488	+0.581	-0.356	+0.529	-0.379	-0.376	+0.672	-0.371	-0.378	-0.485	-0.484	-0.380	-0.381	-0.484	-0.481	+0.914	-0.485	+0.783	-0.392	-0.395	-0.396	-0.278	-0.279	+0.099	+0.067	+0.385	-0.363	-0.154	+0.088	+0.128	+0.129	-0.045	-0.148	+0.041	-0.120	+0.130	-0.120	-0.124	-0.122	-0.115	-0.363	-0.220	-0.329	-0.310	-0.217	-0.275	-0.271	-0.288	-0.321	-0.283	-0.281	-0.339	-0.309	-0.335	-0.381	-0.391	-0.337	-0.390	-0.394	-0.398	-0.349	-0.349	-0.349	-0.381	-0.352	-0.352	-0.355	-0.378	-0.378	-0.382	-0.012	+0.063	+0.063	+0.461	+0.051	+0.095	+0.060	+0.098	+0.096	+0.110	+0.104	+0.105	+0.143	+0.092	+0.107	+0.108	+0.301	+0.096	+0.293	+0.096	+0.067	+0.096	+0.069	+0.116	+0.302	+0.282	+0.074	+0.064	-0.528	+0.328	+0.318	+0.318	+0.193	+0.374	+0.199	+0.081	+0.147	+0.122	+0.195	+0.093	+0.120	+0.202	+0.128	+0.122	+0.193	+0.104	-0.302	+0.031	+0.309	+0.660	+0.340	+0.334	+0.327	+0.326	+0.475	-0.466	-0.469	+0.447	+0.401	+0.399	-0.460	+0.398	+1.541	+1.478	+2.970	+0.441	+0.554	+3.009	+2.997	+2.996	+2.995	+3.067	+0.433	+2.967	+2.911	-0.025	+2.779	+2.834	+2.898	+2.841	+2.975	+2.975	+2.839	+2.888	+2.889	+1.420	+2.977	+2.977	+2.977	+2.977	+2.976	+2.985	+3.004	+2.976	+2.976	+2.975	+2.975	
rs10455782     -0.253	-0.290	-0.240	-0.271	-0.234	+0.009	-0.097	-0.079	+0.641	-0.138	-0.213	-0.261	+0.209	-0.203	+0.694	-0.310	+0.724	-0.433	-0.433	+0.751	-0.308	+0.694	-0.314	-0.314	+0.852	-0.313	-0.314	-0.425	-0.422	-0.315	-0.315	-0.422	-0.417	+0.825	-0.427	+0.978	-0.316	-0.315	-0.314	-0.262	-0.263	+0.115	+0.141	+0.382	-0.342	-0.099	+0.104	+0.144	+0.145	-0.024	-0.166	+0.057	-0.140	+0.145	-0.099	-0.104	-0.101	-0.095	-0.350	-0.229	-0.314	-0.295	-0.184	-0.259	-0.255	-0.272	-0.306	-0.267	-0.265	-0.306	-0.294	-0.320	-0.348	-0.362	-0.323	-0.380	-0.385	-0.389	-0.335	-0.335	-0.335	-0.353	-0.338	-0.338	-0.341	-0.365	-0.365	-0.370	+0.031	+0.106	+0.106	+0.466	+0.094	+0.136	+0.104	+0.134	+0.139	+0.153	+0.147	+0.148	+0.187	+0.134	+0.151	+0.151	+0.376	+0.139	+0.367	+0.139	+0.107	+0.138	+0.110	+0.159	+0.377	+0.358	+0.114	+0.105	-0.517	+0.404	+0.394	+0.394	+0.236	+0.452	+0.244	+0.121	+0.190	+0.164	+0.240	+0.135	+0.162	+0.248	+0.170	+0.164	+0.238	+0.145	-0.286	+0.068	+0.348	+0.655	+0.380	+0.373	+0.366	+0.365	+0.512	-0.465	-0.468	+0.485	+0.439	+0.437	-0.456	+0.435	+1.486	+1.424	+3.061	+0.478	+0.595	+3.100	+3.089	+3.089	+3.087	+3.160	+0.470	+3.059	+3.002	-0.031	+2.867	+2.925	+2.987	+2.931	+3.068	+3.068	+2.929	+2.979	+2.979	+1.372	+3.066	+3.066	+3.066	+3.065	+3.065	+3.076	+3.092	+3.065	+3.064	+3.064	+3.064	
rs7758229      -0.263	-0.302	-0.250	-0.282	-0.244	-0.097	-0.006	-0.081	+0.640	-0.150	-0.220	-0.272	+0.188	-0.210	+0.667	-0.322	+0.696	-0.449	-0.448	+0.724	-0.319	+0.667	-0.328	-0.327	+0.823	-0.326	-0.327	-0.441	-0.438	-0.328	-0.328	-0.437	-0.433	+0.813	-0.443	+0.948	-0.331	-0.330	-0.329	-0.276	-0.277	+0.107	+0.121	+0.377	-0.355	-0.118	+0.095	+0.132	+0.134	-0.036	-0.178	+0.045	-0.152	+0.134	-0.116	-0.120	-0.118	-0.111	-0.363	-0.242	-0.327	-0.308	-0.201	-0.272	-0.268	-0.285	-0.319	-0.281	-0.278	-0.323	-0.307	-0.333	-0.364	-0.378	-0.336	-0.394	-0.398	-0.402	-0.348	-0.348	-0.348	-0.369	-0.351	-0.351	-0.355	-0.379	-0.379	-0.384	+0.013	+0.089	+0.089	+0.451	+0.076	+0.119	+0.086	+0.116	+0.122	+0.136	+0.129	+0.131	+0.170	+0.117	+0.133	+0.133	+0.361	+0.121	+0.352	+0.121	+0.090	+0.121	+0.092	+0.141	+0.361	+0.342	+0.097	+0.087	-0.531	+0.388	+0.378	+0.378	+0.218	+0.437	+0.226	+0.104	+0.172	+0.147	+0.222	+0.117	+0.144	+0.230	+0.152	+0.146	+0.220	+0.128	-0.300	+0.051	+0.330	+0.643	+0.362	+0.355	+0.348	+0.347	+0.493	-0.478	-0.481	+0.467	+0.421	+0.419	-0.470	+0.417	+1.472	+1.410	+3.042	+0.460	+0.576	+3.080	+3.070	+3.069	+3.068	+3.140	+0.452	+3.039	+2.983	-0.045	+2.848	+2.905	+2.968	+2.911	+3.048	+3.048	+2.909	+2.960	+2.960	+1.358	+3.047	+3.046	+3.046	+3.046	+3.046	+3.056	+3.073	+3.046	+3.045	+3.045	+3.044	
rs3123636      -0.237	-0.271	-0.225	-0.254	-0.219	-0.079	-0.081	+0.035	+0.643	-0.108	-0.197	-0.240	+0.242	-0.190	+0.733	-0.287	+0.763	-0.404	-0.403	+0.791	-0.284	+0.734	-0.287	-0.288	+0.892	-0.288	-0.288	-0.396	-0.392	-0.288	-0.287	-0.391	-0.386	+0.840	-0.398	+1.019	-0.287	-0.285	-0.284	-0.235	-0.237	+0.129	+0.174	+0.391	-0.320	-0.068	+0.118	+0.163	+0.165	-0.003	-0.144	+0.077	-0.118	+0.165	-0.070	-0.075	-0.072	-0.065	-0.325	-0.206	-0.290	-0.271	-0.154	-0.235	-0.231	-0.248	-0.282	-0.244	-0.241	-0.277	-0.270	-0.296	-0.319	-0.333	-0.299	-0.356	-0.360	-0.365	-0.310	-0.310	-0.311	-0.325	-0.314	-0.314	-0.317	-0.340	-0.340	-0.345	+0.063	+0.138	+0.138	+0.493	+0.126	+0.169	+0.135	+0.165	+0.172	+0.186	+0.179	+0.181	+0.220	+0.167	+0.183	+0.183	+0.404	+0.171	+0.395	+0.171	+0.139	+0.171	+0.142	+0.191	+0.405	+0.385	+0.146	+0.136	-0.491	+0.432	+0.421	+0.422	+0.268	+0.480	+0.277	+0.153	+0.222	+0.196	+0.273	+0.167	+0.194	+0.280	+0.202	+0.196	+0.270	+0.177	-0.262	+0.100	+0.380	+0.675	+0.412	+0.405	+0.398	+0.398	+0.544	-0.441	-0.443	+0.518	+0.471	+0.469	-0.430	+0.468	+1.510	+1.448	+3.089	+0.510	+0.627	+3.128	+3.117	+3.117	+3.115	+3.188	+0.502	+3.086	+3.030	-0.007	+2.895	+2.952	+3.015	+2.959	+3.096	+3.095	+2.957	+3.007	+3.007	+1.396	+3.094	+3.093	+3.093	+3.093	+3.093	+3.104	+3.120	+3.093	+3.092	+3.092	+3.091	
rs12209391     +0.657	+0.662	+0.658	+0.657	+0.659	+0.641	+0.640	+0.643	+1.138	+0.636	+0.624	+0.610	+1.283	+0.634	+1.710	+0.597	+1.739	+0.572	+0.573	+1.766	+0.598	+1.711	+0.600	+0.600	+1.865	+0.599	+0.600	+0.582	+0.585	+0.600	+0.601	+0.585	+0.591	+1.854	+0.579	+1.989	+0.605	+0.607	+0.608	+0.789	+0.787	+0.803	+1.210	+0.920	+0.741	+0.954	+0.816	+0.950	+0.951	+0.845	+0.769	+0.899	+0.785	+0.951	+0.697	+0.694	+0.696	+0.700	+0.656	+0.738	+0.723	+0.742	+0.839	+0.780	+0.785	+0.767	+0.730	+0.770	+0.773	+0.621	+0.742	+0.716	+0.592	+0.587	+0.713	+0.666	+0.661	+0.656	+0.700	+0.700	+0.700	+0.607	+0.697	+0.697	+0.693	+0.670	+0.670	+0.664	+1.122	+1.201	+1.201	+1.554	+1.188	+1.257	+1.180	+1.236	+1.239	+1.254	+1.247	+1.248	+1.291	+1.233	+1.251	+1.251	+1.254	+1.234	+1.246	+1.235	+1.201	+1.239	+1.203	+1.260	+1.256	+1.221	+1.208	+1.198	+0.512	+1.280	+1.270	+1.270	+1.339	+1.323	+1.344	+1.208	+1.282	+1.254	+1.339	+1.222	+1.252	+1.347	+1.261	+1.254	+1.336	+1.234	+0.616	+1.147	+1.445	+1.404	+1.478	+1.469	+1.463	+1.463	+1.622	+0.552	+0.550	+1.592	+1.543	+1.540	+0.673	+1.539	+2.507	+2.445	+3.708	+1.590	+1.712	+3.746	+3.733	+3.733	+3.731	+3.801	+1.581	+3.704	+3.652	+1.065	+3.524	+3.579	+3.640	+3.584	+3.715	+3.715	+3.589	+3.631	+3.631	+2.378	+3.717	+3.717	+3.717	+3.717	+3.717	+3.726	+3.742	+3.716	+3.716	+3.716	+3.715	
rs2661839      -0.296	-0.341	-0.280	-0.317	-0.274	-0.138	-0.150	-0.108	+0.636	-0.057	-0.237	-0.299	+0.130	-0.225	+0.600	-0.358	+0.628	-0.499	-0.499	+0.656	-0.354	+0.599	-0.367	-0.365	+0.754	-0.364	-0.366	-0.492	-0.489	-0.367	-0.368	-0.489	-0.484	+0.774	-0.494	+0.878	-0.373	-0.373	-0.372	-0.325	-0.327	+0.077	+0.064	+0.358	-0.398	-0.172	+0.065	+0.092	+0.094	-0.079	-0.222	+0.004	-0.195	+0.094	-0.167	-0.172	-0.169	-0.162	-0.410	-0.286	-0.373	-0.354	-0.257	-0.317	-0.313	-0.330	-0.365	-0.326	-0.323	-0.378	-0.353	-0.379	-0.418	-0.431	-0.382	-0.440	-0.444	-0.449	-0.394	-0.394	-0.395	-0.424	-0.398	-0.398	-0.401	-0.426	-0.426	-0.431	-0.041	+0.033	+0.033	+0.403	+0.021	+0.062	+0.031	+0.061	+0.066	+0.079	+0.073	+0.075	+0.113	+0.061	+0.077	+0.077	+0.304	+0.065	+0.296	+0.066	+0.035	+0.065	+0.037	+0.085	+0.305	+0.286	+0.042	+0.032	-0.579	+0.332	+0.322	+0.322	+0.162	+0.380	+0.170	+0.049	+0.117	+0.091	+0.166	+0.063	+0.089	+0.173	+0.097	+0.091	+0.163	+0.073	-0.348	-0.003	+0.274	+0.596	+0.305	+0.298	+0.292	+0.291	+0.437	-0.524	-0.527	+0.410	+0.364	+0.362	-0.518	+0.361	+1.422	+1.360	+2.970	+0.401	+0.515	+3.007	+2.998	+2.997	+2.995	+3.067	+0.393	+2.967	+2.911	-0.092	+2.777	+2.834	+2.895	+2.840	+2.976	+2.976	+2.838	+2.888	+2.888	+1.309	+2.975	+2.975	+2.975	+2.974	+2.974	+2.984	+3.001	+2.974	+2.973	+2.973	+2.973	
rs3106164      -0.280	-0.322	-0.265	-0.300	-0.259	-0.213	-0.220	-0.197	+0.624	-0.237	-0.013	-0.170	+0.223	-0.165	+0.759	-0.263	+0.790	-0.428	-0.427	+0.820	-0.263	+0.762	-0.249	-0.252	+0.925	-0.258	-0.250	-0.418	-0.414	-0.250	-0.248	-0.413	-0.407	+0.785	-0.423	+1.060	-0.239	-0.231	-0.230	-0.279	-0.280	+0.111	+0.152	+0.376	-0.354	-0.101	+0.098	+0.131	+0.133	-0.035	-0.176	+0.044	-0.150	+0.133	-0.037	-0.042	-0.039	-0.031	-0.364	-0.241	-0.338	-0.319	-0.227	-0.284	-0.280	-0.296	-0.330	-0.292	-0.290	-0.352	-0.318	-0.343	-0.389	-0.402	-0.346	-0.379	-0.384	-0.389	-0.357	-0.357	-0.358	-0.393	-0.361	-0.361	-0.364	-0.386	-0.386	-0.391	+0.028	+0.103	+0.103	+0.548	+0.090	+0.134	+0.102	+0.128	+0.137	+0.151	+0.145	+0.146	+0.186	+0.132	+0.148	+0.148	+0.295	+0.135	+0.287	+0.136	+0.103	+0.136	+0.106	+0.157	+0.296	+0.279	+0.110	+0.100	-0.536	+0.322	+0.313	+0.313	+0.233	+0.368	+0.243	+0.118	+0.187	+0.161	+0.240	+0.131	+0.159	+0.247	+0.167	+0.160	+0.237	+0.142	-0.334	+0.063	+0.346	+0.576	+0.378	+0.370	+0.364	+0.363	+0.510	-0.484	-0.487	+0.482	+0.435	+0.433	-0.454	+0.432	+1.487	+1.425	+2.930	+0.469	+0.586	+2.968	+2.957	+2.957	+2.955	+3.026	+0.461	+2.927	+2.871	-0.039	+2.740	+2.796	+2.858	+2.801	+2.936	+2.936	+2.801	+2.850	+2.850	+1.369	+2.935	+2.935	+2.935	+2.934	+2.934	+2.944	+2.961	+2.934	+2.933	+2.933	+2.933	
rs388170       -0.338	-0.390	-0.321	-0.362	-0.314	-0.261	-0.272	-0.240	+0.610	-0.299	-0.170	-0.111	+0.090	-0.192	+0.586	-0.361	+0.616	-0.538	-0.537	+0.645	-0.357	+0.588	-0.367	-0.366	+0.746	-0.367	-0.367	-0.530	-0.527	-0.368	-0.368	-0.527	-0.521	+0.725	-0.534	+0.875	-0.372	-0.370	-0.370	-0.375	-0.377	+0.064	+0.023	+0.344	-0.433	-0.219	+0.050	+0.055	+0.056	-0.101	-0.249	-0.035	-0.220	+0.056	-0.143	-0.148	-0.145	-0.137	-0.456	-0.318	-0.425	-0.405	-0.348	-0.369	-0.365	-0.382	-0.416	-0.377	-0.375	-0.464	-0.404	-0.431	-0.499	-0.510	-0.433	-0.467	-0.472	-0.477	-0.445	-0.445	-0.446	-0.501	-0.449	-0.449	-0.452	-0.477	-0.477	-0.481	-0.091	-0.017	-0.017	+0.447	-0.029	+0.012	-0.018	+0.011	+0.016	+0.029	+0.023	+0.024	+0.063	+0.011	+0.027	+0.027	+0.192	+0.015	+0.183	+0.015	-0.016	+0.015	-0.014	+0.035	+0.193	+0.176	-0.009	-0.019	-0.628	+0.218	+0.209	+0.209	+0.111	+0.264	+0.120	-0.002	+0.066	+0.041	+0.116	+0.011	+0.039	+0.123	+0.046	+0.040	+0.113	+0.022	-0.424	-0.054	+0.223	+0.499	+0.254	+0.246	+0.241	+0.240	+0.385	-0.572	-0.574	+0.358	+0.312	+0.310	-0.550	+0.309	+1.399	+1.336	+2.813	+0.348	+0.462	+2.849	+2.840	+2.840	+2.838	+2.907	+0.340	+2.810	+2.754	-0.128	+2.624	+2.680	+2.740	+2.685	+2.819	+2.819	+2.684	+2.733	+2.733	+1.282	+2.819	+2.819	+2.819	+2.818	+2.818	+2.827	+2.845	+2.818	+2.817	+2.817	+2.817	
rs2665356      +0.083	-0.036	+0.116	+0.034	+0.129	+0.209	+0.188	+0.242	+1.283	+0.130	+0.223	+0.090	-0.266	+0.319	-0.441	+0.001	-0.427	-0.388	-0.391	-0.413	+0.013	-0.445	-0.068	-0.058	-0.359	-0.055	-0.066	-0.418	-0.427	-0.073	-0.077	-0.429	-0.444	+0.728	-0.411	-0.296	-0.130	-0.143	-0.148	-0.544	-0.544	+0.523	-0.458	+0.897	-0.282	-0.444	+0.484	+0.223	+0.224	+0.004	-0.200	+0.096	-0.160	+0.224	-0.587	-0.590	-0.588	-0.584	-0.528	-0.316	-0.548	-0.523	-0.663	-0.481	-0.476	-0.496	-0.532	-0.484	-0.482	-0.735	-0.517	-0.550	-0.744	-0.743	-0.554	-0.623	-0.628	-0.633	-0.568	-0.568	-0.569	-0.736	-0.573	-0.573	-0.577	-0.613	-0.613	-0.619	-0.556	-0.507	-0.507	+0.063	-0.515	-0.490	-0.499	-0.448	-0.487	-0.478	-0.481	-0.481	-0.455	-0.489	-0.479	-0.479	-0.020	-0.483	-0.028	-0.483	-0.501	-0.486	-0.499	-0.473	-0.019	-0.024	-0.496	-0.502	-0.735	+0.005	-0.004	-0.003	-0.415	+0.052	-0.410	-0.486	-0.440	-0.457	-0.413	-0.475	-0.458	-0.407	-0.453	-0.458	-0.415	-0.470	-0.416	-0.512	-0.318	+0.732	-0.295	-0.300	-0.304	-0.305	-0.186	-0.603	-0.608	-0.207	-0.241	-0.243	-0.769	-0.244	+1.174	+1.113	+2.413	-0.199	-0.115	+2.440	+2.439	+2.438	+2.437	+2.496	-0.204	+2.410	+2.354	-0.265	+2.232	+2.279	+2.330	+2.284	+2.413	+2.413	+2.284	+2.328	+2.328	+1.114	+2.433	+2.433	+2.433	+2.433	+2.433	+2.438	+2.459	+2.432	+2.432	+2.432	+2.431	
rs9365164      -0.246	-0.285	-0.233	-0.265	-0.228	-0.203	-0.210	-0.190	+0.634	-0.225	-0.165	-0.192	+0.319	+0.042	+0.918	-0.246	+0.950	-0.348	-0.347	+0.981	-0.245	+0.916	-0.235	-0.236	+1.092	-0.241	-0.235	-0.335	-0.330	-0.235	-0.234	-0.330	-0.322	+0.813	-0.343	+1.236	-0.226	-0.221	-0.219	-0.222	-0.223	+0.152	+0.242	+0.404	-0.302	-0.021	+0.140	+0.183	+0.185	+0.014	-0.125	+0.096	-0.099	+0.185	+0.095	+0.089	+0.092	+0.100	-0.308	-0.190	-0.288	-0.270	-0.178	-0.236	-0.232	-0.248	-0.281	-0.244	-0.242	-0.266	-0.269	-0.294	-0.307	-0.321	-0.296	-0.330	-0.335	-0.340	-0.307	-0.308	-0.308	-0.312	-0.311	-0.311	-0.314	-0.335	-0.335	-0.339	+0.057	+0.132	+0.132	+0.584	+0.119	+0.161	+0.129	+0.207	+0.165	+0.178	+0.172	+0.173	+0.212	+0.159	+0.175	+0.176	+0.332	+0.163	+0.324	+0.163	+0.132	+0.163	+0.134	+0.184	+0.333	+0.315	+0.139	+0.129	-0.483	+0.359	+0.350	+0.350	+0.258	+0.405	+0.269	+0.146	+0.214	+0.189	+0.265	+0.160	+0.187	+0.272	+0.195	+0.188	+0.263	+0.170	-0.280	+0.092	+0.367	+0.619	+0.398	+0.390	+0.384	+0.383	+0.525	-0.430	-0.433	+0.498	+0.453	+0.451	-0.405	+0.449	+1.595	+1.531	+3.013	+0.550	+0.670	+3.052	+3.040	+3.040	+3.038	+3.111	+0.541	+3.010	+2.955	+0.005	+2.822	+2.878	+2.942	+2.884	+3.020	+3.020	+2.884	+2.932	+2.932	+1.393	+3.016	+3.016	+3.016	+3.015	+3.015	+3.025	+3.042	+3.015	+3.014	+3.014	+3.014	
rs1567442      +0.473	+0.327	+0.513	+0.415	+0.529	+0.694	+0.667	+0.733	+1.710	+0.600	+0.759	+0.586	-0.441	+0.918	-0.136	+0.496	-0.270	+0.384	+0.378	-0.260	+0.531	-0.295	+0.422	+0.435	-0.206	+0.439	+0.425	+0.318	+0.299	+0.416	+0.411	+0.294	+0.263	+0.741	+0.314	-0.106	+0.335	+0.317	+0.310	-0.407	-0.407	+0.876	-0.462	+1.256	-0.028	-0.458	+0.811	+0.429	+0.430	+0.198	-0.078	+0.291	-0.038	+0.430	-0.465	-0.468	-0.466	-0.462	-0.357	-0.192	-0.435	-0.410	-0.539	-0.371	-0.367	-0.385	-0.416	-0.374	-0.372	-0.609	-0.404	-0.435	-0.614	-0.613	-0.439	-0.492	-0.497	-0.502	-0.452	-0.452	-0.452	-0.606	-0.456	-0.456	-0.460	-0.491	-0.491	-0.496	-0.429	-0.382	-0.382	+0.196	-0.389	-0.367	-0.376	-0.322	-0.365	-0.356	-0.360	-0.359	-0.334	-0.368	-0.358	-0.358	+0.155	-0.356	+0.147	-0.356	-0.373	-0.365	-0.371	-0.352	+0.156	+0.154	-0.368	-0.374	-0.612	+0.180	+0.171	+0.172	-0.288	+0.230	-0.289	-0.357	-0.311	-0.329	-0.291	-0.346	-0.329	-0.286	-0.325	-0.329	-0.294	-0.342	-0.324	-0.384	-0.195	+1.004	-0.172	-0.177	-0.182	-0.182	-0.067	-0.426	-0.431	-0.087	-0.121	-0.123	-0.641	-0.123	+1.466	+1.404	+2.593	-0.080	+0.001	+2.607	+2.619	+2.619	+2.617	+2.663	-0.085	+2.591	+2.533	-0.023	+2.414	+2.458	+2.496	+2.463	+2.590	+2.590	+2.462	+2.504	+2.505	+1.465	+2.619	+2.619	+2.619	+2.619	+2.619	+2.626	+2.645	+2.618	+2.618	+2.618	+2.617	
rs2292334      -0.387	-0.447	-0.368	-0.414	-0.360	-0.310	-0.322	-0.287	+0.597	-0.358	-0.263	-0.361	+0.001	-0.246	+0.496	-0.197	+0.550	-0.610	-0.610	+0.579	-0.325	+0.521	-0.339	-0.337	+0.683	-0.345	-0.338	-0.603	-0.600	-0.340	-0.340	-0.599	-0.594	+0.658	-0.607	+0.791	-0.347	-0.340	-0.338	-0.476	-0.476	+0.020	-0.063	+0.314	-0.502	-0.305	+0.004	-0.002	-0.001	-0.177	-0.324	-0.095	-0.295	-0.001	-0.267	-0.272	-0.269	-0.262	-0.531	-0.396	-0.486	-0.461	-0.441	-0.423	-0.418	-0.437	-0.476	-0.432	-0.430	-0.560	-0.462	-0.492	-0.590	-0.601	-0.495	-0.532	-0.537	-0.543	-0.509	-0.509	-0.509	-0.594	-0.513	-0.513	-0.517	-0.548	-0.548	-0.553	-0.160	-0.092	-0.092	+0.328	-0.105	-0.064	-0.092	-0.066	-0.059	-0.046	-0.052	-0.051	-0.011	-0.065	-0.048	-0.048	+0.157	-0.054	+0.149	-0.054	-0.085	-0.060	-0.083	-0.040	+0.158	+0.143	-0.078	-0.088	-0.710	+0.184	+0.175	+0.175	+0.044	+0.232	+0.045	-0.071	-0.002	-0.028	+0.042	-0.058	-0.030	+0.049	-0.022	-0.029	+0.038	-0.048	-0.489	-0.125	+0.156	+0.453	+0.187	+0.179	+0.173	+0.173	+0.318	-0.656	-0.659	+0.290	+0.244	+0.241	-0.647	+0.240	+1.290	+1.228	+2.808	+0.278	+0.393	+2.845	+2.835	+2.835	+2.833	+2.904	+0.270	+2.805	+2.748	-0.216	+2.616	+2.672	+2.734	+2.678	+2.814	+2.814	+2.677	+2.726	+2.726	+1.176	+2.812	+2.812	+2.812	+2.812	+2.812	+2.821	+2.839	+2.811	+2.811	+2.811	+2.810	
rs2063345      +0.499	+0.352	+0.539	+0.440	+0.555	+0.724	+0.696	+0.763	+1.739	+0.628	+0.790	+0.616	-0.427	+0.950	-0.270	+0.550	-0.121	+0.473	+0.467	-0.213	+0.567	-0.257	+0.457	+0.470	-0.143	+0.473	+0.460	+0.403	+0.383	+0.451	+0.446	+0.378	+0.345	+0.749	+0.397	-0.079	+0.368	+0.350	+0.344	-0.392	-0.392	+0.902	-0.446	+1.282	-0.005	-0.434	+0.837	+0.450	+0.451	+0.216	-0.062	+0.310	-0.023	+0.451	-0.452	-0.455	-0.454	-0.449	-0.339	-0.176	-0.421	-0.398	-0.525	-0.357	-0.353	-0.371	-0.403	-0.360	-0.358	-0.595	-0.390	-0.421	-0.599	-0.597	-0.425	-0.478	-0.483	-0.488	-0.438	-0.438	-0.438	-0.591	-0.442	-0.442	-0.446	-0.477	-0.477	-0.483	-0.419	-0.370	-0.370	+0.211	-0.377	-0.355	-0.364	-0.309	-0.354	-0.345	-0.349	-0.348	-0.322	-0.356	-0.346	-0.346	+0.167	-0.346	+0.159	-0.346	-0.363	-0.353	-0.362	-0.341	+0.168	+0.166	-0.358	-0.364	-0.595	+0.192	+0.183	+0.183	-0.279	+0.242	-0.277	-0.348	-0.302	-0.319	-0.280	-0.337	-0.320	-0.275	-0.315	-0.320	-0.283	-0.332	-0.309	-0.374	-0.187	+1.026	-0.164	-0.169	-0.173	-0.174	-0.059	-0.404	-0.409	-0.079	-0.113	-0.114	-0.626	-0.115	+1.484	+1.422	+2.596	-0.072	+0.009	+2.610	+2.622	+2.622	+2.620	+2.666	-0.077	+2.594	+2.537	-0.005	+2.417	+2.462	+2.498	+2.467	+2.593	+2.593	+2.465	+2.508	+2.508	+1.484	+2.622	+2.622	+2.622	+2.622	+2.622	+2.629	+2.648	+2.621	+2.621	+2.621	+2.620	
rs2504927      -0.525	-0.614	-0.499	-0.564	-0.488	-0.433	-0.449	-0.404	+0.572	-0.499	-0.428	-0.538	-0.388	-0.348	+0.384	-0.610	+0.473	-0.584	-0.717	+0.515	-0.600	+0.386	-0.664	-0.656	+0.661	-0.645	-0.662	-0.722	-0.716	-0.667	-0.670	-0.713	-0.709	+0.616	-0.755	+0.801	-0.710	-0.721	-0.724	-0.845	-0.846	-0.106	-0.472	+0.253	-0.767	-0.711	-0.126	-0.232	-0.231	-0.430	-0.595	-0.342	-0.561	-0.231	-0.765	-0.769	-0.767	-0.761	-0.870	-0.688	-0.759	-0.722	-0.916	-0.671	-0.665	-0.690	-0.749	-0.684	-0.682	-0.997	-0.725	-0.769	-1.018	-1.022	-0.776	-0.841	-0.848	-0.855	-0.795	-0.795	-0.796	-1.014	-0.801	-0.801	-0.807	-0.860	-0.860	-0.868	-0.680	-0.618	-0.618	-0.124	-0.629	-0.603	-0.612	-0.559	-0.591	-0.579	-0.584	-0.583	-0.550	-0.595	-0.581	-0.581	-0.208	-0.587	-0.216	-0.586	-0.609	-0.591	-0.607	-0.574	-0.207	-0.216	-0.602	-0.611	-1.070	-0.181	-0.189	-0.189	-0.499	-0.133	-0.497	-0.593	-0.534	-0.556	-0.500	-0.581	-0.557	-0.494	-0.551	-0.557	-0.504	-0.573	-0.809	-0.629	-0.383	+0.219	-0.355	-0.362	-0.367	-0.368	-0.213	-0.990	-0.993	-0.239	-0.281	-0.283	-1.043	-0.284	+0.922	+0.860	+2.400	-0.221	-0.121	+2.432	+2.426	+2.426	+2.424	+2.490	-0.229	+2.397	+2.341	-0.573	+2.210	+2.263	+2.320	+2.269	+2.404	+2.404	+2.270	+2.318	+2.318	+0.803	+2.406	+2.406	+2.406	+2.406	+2.406	+2.410	+2.433	+2.405	+2.405	+2.405	+2.404	
rs1510230      -0.525	-0.614	-0.499	-0.563	-0.488	-0.433	-0.448	-0.403	+0.573	-0.499	-0.427	-0.537	-0.391	-0.347	+0.378	-0.610	+0.467	-0.717	-0.585	+0.509	-0.600	+0.381	-0.663	-0.656	+0.656	-0.644	-0.662	-0.723	-0.717	-0.667	-0.670	-0.715	-0.711	+0.617	-0.755	+0.795	-0.709	-0.720	-0.724	-0.846	-0.847	-0.106	-0.474	+0.253	-0.767	-0.713	-0.126	-0.232	-0.232	-0.431	-0.596	-0.342	-0.562	-0.232	-0.766	-0.770	-0.768	-0.762	-0.871	-0.689	-0.760	-0.723	-0.917	-0.672	-0.666	-0.691	-0.751	-0.685	-0.684	-0.998	-0.726	-0.770	-1.019	-1.023	-0.777	-0.842	-0.849	-0.856	-0.796	-0.796	-0.797	-1.015	-0.802	-0.802	-0.808	-0.861	-0.861	-0.869	-0.681	-0.620	-0.620	-0.125	-0.630	-0.605	-0.613	-0.560	-0.592	-0.581	-0.586	-0.585	-0.551	-0.596	-0.583	-0.582	-0.209	-0.588	-0.217	-0.588	-0.610	-0.592	-0.608	-0.575	-0.208	-0.217	-0.604	-0.612	-1.071	-0.182	-0.190	-0.190	-0.500	-0.134	-0.498	-0.594	-0.535	-0.557	-0.502	-0.582	-0.559	-0.495	-0.552	-0.558	-0.505	-0.575	-0.810	-0.631	-0.385	+0.219	-0.357	-0.363	-0.369	-0.369	-0.215	-0.991	-0.994	-0.241	-0.283	-0.285	-1.043	-0.286	+0.921	+0.859	+2.398	-0.223	-0.123	+2.430	+2.425	+2.425	+2.423	+2.488	-0.230	+2.395	+2.339	-0.573	+2.208	+2.262	+2.318	+2.268	+2.403	+2.403	+2.269	+2.316	+2.316	+0.803	+2.405	+2.405	+2.405	+2.404	+2.404	+2.408	+2.432	+2.404	+2.403	+2.403	+2.403	
rs2174914      +0.524	+0.376	+0.565	+0.465	+0.581	+0.751	+0.724	+0.791	+1.766	+0.656	+0.820	+0.645	-0.413	+0.981	-0.260	+0.579	-0.213	+0.515	+0.509	-0.104	+0.598	-0.242	+0.487	+0.499	-0.148	+0.503	+0.489	+0.445	+0.424	+0.480	+0.475	+0.419	+0.385	+0.760	+0.439	-0.090	+0.397	+0.378	+0.372	-0.376	-0.375	+0.927	-0.431	+1.308	+0.017	-0.415	+0.861	+0.470	+0.471	+0.235	-0.045	+0.330	-0.005	+0.471	-0.438	-0.440	-0.439	-0.435	-0.321	-0.159	-0.406	-0.383	-0.510	-0.342	-0.338	-0.356	-0.387	-0.345	-0.343	-0.579	-0.375	-0.406	-0.583	-0.581	-0.410	-0.463	-0.468	-0.472	-0.422	-0.422	-0.423	-0.575	-0.426	-0.426	-0.430	-0.462	-0.462	-0.467	-0.405	-0.356	-0.356	+0.226	-0.363	-0.341	-0.350	-0.295	-0.340	-0.331	-0.335	-0.334	-0.308	-0.342	-0.332	-0.332	+0.183	-0.332	+0.174	-0.332	-0.349	-0.339	-0.348	-0.327	+0.184	+0.182	-0.344	-0.350	-0.578	+0.208	+0.198	+0.199	-0.265	+0.257	-0.264	-0.334	-0.288	-0.305	-0.266	-0.323	-0.306	-0.261	-0.301	-0.306	-0.269	-0.318	-0.292	-0.359	-0.173	+1.047	-0.151	-0.155	-0.160	-0.160	-0.046	-0.386	-0.391	-0.066	-0.100	-0.101	-0.611	-0.102	+1.502	+1.440	+2.610	-0.059	+0.022	+2.623	+2.636	+2.635	+2.634	+2.679	-0.064	+2.608	+2.550	+0.013	+2.431	+2.475	+2.512	+2.480	+2.607	+2.607	+2.479	+2.521	+2.521	+1.504	+2.636	+2.636	+2.636	+2.636	+2.636	+2.643	+2.662	+2.635	+2.635	+2.635	+2.634	
rs2048327      -0.382	-0.441	-0.363	-0.409	-0.356	-0.308	-0.319	-0.284	+0.598	-0.354	-0.263	-0.357	+0.013	-0.245	+0.531	-0.325	+0.567	-0.600	-0.600	+0.598	-0.187	+0.539	-0.302	-0.310	+0.701	-0.325	-0.308	-0.593	-0.589	-0.303	-0.300	-0.589	-0.583	+0.666	-0.597	+0.833	-0.306	-0.292	-0.287	-0.466	-0.466	+0.024	-0.050	+0.317	-0.495	-0.292	+0.008	+0.004	+0.006	-0.170	-0.316	-0.088	-0.287	+0.006	-0.256	-0.260	-0.258	-0.251	-0.523	-0.387	-0.476	-0.454	-0.429	-0.413	-0.409	-0.428	-0.466	-0.422	-0.420	-0.549	-0.452	-0.482	-0.582	-0.592	-0.486	-0.522	-0.528	-0.533	-0.499	-0.499	-0.500	-0.583	-0.503	-0.503	-0.507	-0.538	-0.538	-0.544	-0.148	-0.073	-0.073	+0.337	-0.086	-0.044	-0.073	-0.047	-0.040	-0.026	-0.033	-0.031	+0.009	-0.045	-0.029	-0.029	+0.172	-0.041	+0.163	-0.041	-0.073	-0.041	-0.071	-0.021	+0.173	+0.157	-0.066	-0.076	-0.701	+0.199	+0.190	+0.190	+0.055	+0.247	+0.065	-0.059	+0.010	-0.016	+0.061	-0.046	-0.019	+0.068	-0.011	-0.017	+0.058	-0.036	-0.480	-0.113	+0.168	+0.460	+0.200	+0.192	+0.186	+0.185	+0.331	-0.647	-0.650	+0.303	+0.257	+0.254	-0.637	+0.253	+1.299	+1.238	+2.820	+0.292	+0.409	+2.858	+2.848	+2.847	+2.845	+2.917	+0.284	+2.818	+2.760	-0.206	+2.628	+2.685	+2.747	+2.690	+2.827	+2.827	+2.690	+2.739	+2.739	+1.185	+2.825	+2.825	+2.825	+2.824	+2.824	+2.833	+2.851	+2.824	+2.823	+2.823	+2.823	
rs2457576      +0.473	+0.327	+0.513	+0.415	+0.529	+0.694	+0.667	+0.734	+1.711	+0.599	+0.762	+0.588	-0.445	+0.916	-0.295	+0.521	-0.257	+0.386	+0.381	-0.242	+0.539	-0.141	+0.431	+0.443	-0.170	+0.447	+0.433	+0.324	+0.305	+0.425	+0.419	+0.300	+0.269	+0.734	+0.321	-0.095	+0.343	+0.325	+0.318	-0.412	-0.412	+0.877	-0.464	+1.257	-0.027	-0.457	+0.812	+0.428	+0.429	+0.193	-0.082	+0.289	-0.043	+0.429	-0.471	-0.474	-0.473	-0.468	-0.359	-0.196	-0.440	-0.413	-0.544	-0.372	-0.367	-0.386	-0.421	-0.375	-0.375	-0.614	-0.406	-0.440	-0.618	-0.616	-0.444	-0.494	-0.500	-0.504	-0.456	-0.457	-0.457	-0.611	-0.461	-0.461	-0.464	-0.496	-0.496	-0.502	-0.435	-0.389	-0.388	+0.191	-0.396	-0.374	-0.383	-0.329	-0.373	-0.364	-0.368	-0.367	-0.341	-0.375	-0.365	-0.365	+0.146	-0.365	+0.137	-0.365	-0.379	-0.372	-0.377	-0.360	+0.147	+0.144	-0.374	-0.380	-0.616	+0.171	+0.161	+0.162	-0.295	+0.220	-0.296	-0.364	-0.318	-0.335	-0.299	-0.352	-0.336	-0.294	-0.331	-0.335	-0.301	-0.348	-0.329	-0.390	-0.202	+1.002	-0.179	-0.184	-0.188	-0.189	-0.073	-0.428	-0.433	-0.093	-0.127	-0.129	-0.645	-0.130	+1.461	+1.400	+2.577	-0.086	-0.008	+2.591	+2.603	+2.603	+2.601	+2.647	-0.091	+2.575	+2.518	-0.026	+2.399	+2.443	+2.479	+2.448	+2.575	+2.575	+2.447	+2.489	+2.489	+1.459	+2.603	+2.603	+2.603	+2.602	+2.602	+2.609	+2.628	+2.602	+2.601	+2.601	+2.601	
rs7769879      -0.407	-0.472	-0.387	-0.436	-0.379	-0.314	-0.328	-0.287	+0.600	-0.367	-0.249	-0.367	-0.068	-0.235	+0.422	-0.339	+0.457	-0.664	-0.663	+0.487	-0.302	+0.431	-0.246	-0.357	+0.589	-0.358	-0.361	-0.658	-0.655	-0.361	-0.363	-0.654	-0.650	+0.633	-0.661	+0.717	-0.388	-0.384	-0.385	-0.522	-0.523	-0.004	-0.129	+0.303	-0.542	-0.365	-0.020	-0.038	-0.037	-0.215	-0.363	-0.132	-0.334	-0.037	-0.324	-0.329	-0.326	-0.319	-0.577	-0.437	-0.529	-0.506	-0.494	-0.465	-0.461	-0.480	-0.519	-0.474	-0.472	-0.611	-0.505	-0.535	-0.643	-0.653	-0.539	-0.576	-0.582	-0.587	-0.552	-0.552	-0.553	-0.643	-0.556	-0.556	-0.560	-0.592	-0.592	-0.598	-0.220	-0.146	-0.146	+0.274	-0.158	-0.118	-0.145	-0.117	-0.113	-0.100	-0.106	-0.105	-0.065	-0.118	-0.102	-0.102	+0.113	-0.114	+0.104	-0.114	-0.145	-0.114	-0.143	-0.094	+0.113	+0.098	-0.139	-0.148	-0.756	+0.140	+0.130	+0.131	-0.019	+0.187	-0.009	-0.131	-0.063	-0.089	-0.013	-0.118	-0.091	-0.006	-0.083	-0.090	-0.016	-0.108	-0.532	-0.184	+0.094	+0.418	+0.125	+0.117	+0.111	+0.111	+0.256	-0.699	-0.702	+0.228	+0.182	+0.180	-0.695	+0.179	+1.246	+1.184	+2.754	+0.218	+0.333	+2.791	+2.781	+2.781	+2.779	+2.849	+0.210	+2.751	+2.694	-0.260	+2.562	+2.618	+2.680	+2.624	+2.760	+2.760	+2.624	+2.673	+2.673	+1.132	+2.759	+2.759	+2.759	+2.759	+2.758	+2.767	+2.786	+2.758	+2.758	+2.757	+2.757	
rs9355288      -0.404	-0.469	-0.384	-0.433	-0.376	-0.314	-0.327	-0.288	+0.600	-0.365	-0.252	-0.366	-0.058	-0.236	+0.435	-0.337	+0.470	-0.656	-0.656	+0.499	-0.310	+0.443	-0.357	-0.238	+0.603	-0.353	-0.352	-0.649	-0.646	-0.357	-0.358	-0.646	-0.641	+0.637	-0.653	+0.731	-0.380	-0.376	-0.375	-0.515	-0.515	-0.000	-0.120	+0.304	-0.535	-0.356	-0.017	-0.033	-0.031	-0.209	-0.357	-0.127	-0.328	-0.031	-0.315	-0.319	-0.317	-0.310	-0.570	-0.431	-0.522	-0.499	-0.485	-0.459	-0.454	-0.473	-0.512	-0.468	-0.465	-0.603	-0.498	-0.528	-0.635	-0.645	-0.532	-0.569	-0.575	-0.580	-0.545	-0.545	-0.546	-0.636	-0.549	-0.549	-0.553	-0.585	-0.585	-0.591	-0.211	-0.137	-0.137	+0.283	-0.149	-0.109	-0.136	-0.109	-0.104	-0.091	-0.097	-0.096	-0.056	-0.110	-0.094	-0.093	+0.119	-0.105	+0.111	-0.105	-0.136	-0.105	-0.134	-0.085	+0.120	+0.105	-0.130	-0.139	-0.749	+0.146	+0.137	+0.137	-0.009	+0.194	-0.000	-0.122	-0.054	-0.080	-0.004	-0.109	-0.082	+0.003	-0.074	-0.080	-0.007	-0.099	-0.525	-0.175	+0.103	+0.423	+0.134	+0.126	+0.121	+0.120	+0.265	-0.692	-0.695	+0.237	+0.191	+0.189	-0.688	+0.188	+1.253	+1.191	+2.762	+0.227	+0.343	+2.799	+2.789	+2.789	+2.787	+2.857	+0.219	+2.759	+2.702	-0.253	+2.570	+2.626	+2.687	+2.632	+2.768	+2.768	+2.631	+2.680	+2.680	+1.139	+2.766	+2.766	+2.766	+2.766	+2.766	+2.775	+2.793	+2.765	+2.765	+2.765	+2.764	
rs2457575      +0.614	+0.463	+0.655	+0.554	+0.672	+0.852	+0.823	+0.892	+1.865	+0.754	+0.925	+0.746	-0.359	+1.092	-0.206	+0.683	-0.143	+0.661	+0.656	-0.148	+0.701	-0.170	+0.589	+0.603	-0.042	+0.605	+0.592	+0.593	+0.571	+0.583	+0.578	+0.565	+0.530	+0.800	+0.585	-0.110	+0.497	+0.478	+0.472	-0.315	-0.315	+1.018	-0.376	+1.400	+0.096	-0.346	+0.950	+0.543	+0.544	+0.305	+0.018	+0.401	+0.058	+0.544	-0.383	-0.386	-0.384	-0.380	-0.256	-0.097	-0.350	-0.328	-0.452	-0.288	-0.283	-0.301	-0.332	-0.290	-0.288	-0.521	-0.320	-0.350	-0.524	-0.522	-0.354	-0.407	-0.412	-0.416	-0.366	-0.366	-0.367	-0.517	-0.370	-0.370	-0.374	-0.405	-0.405	-0.410	-0.352	-0.304	-0.304	+0.280	-0.311	-0.289	-0.298	-0.243	-0.288	-0.280	-0.283	-0.282	-0.258	-0.291	-0.281	-0.281	+0.240	-0.281	+0.232	-0.281	-0.297	-0.288	-0.296	-0.275	+0.242	+0.239	-0.293	-0.299	-0.518	+0.265	+0.256	+0.256	-0.215	+0.315	-0.213	-0.282	-0.237	-0.254	-0.215	-0.271	-0.255	-0.211	-0.250	-0.254	-0.218	-0.267	-0.231	-0.307	-0.124	+1.124	-0.101	-0.106	-0.111	-0.111	+0.002	-0.320	-0.325	-0.018	-0.051	-0.053	-0.553	-0.054	+1.567	+1.504	+2.658	-0.011	+0.069	+2.671	+2.684	+2.684	+2.682	+2.727	-0.016	+2.656	+2.599	+0.078	+2.480	+2.524	+2.559	+2.529	+2.655	+2.655	+2.528	+2.569	+2.569	+1.575	+2.686	+2.686	+2.686	+2.686	+2.685	+2.693	+2.711	+2.685	+2.685	+2.684	+2.684	
rs3918285      -0.399	-0.462	-0.379	-0.427	-0.371	-0.313	-0.326	-0.288	+0.599	-0.364	-0.258	-0.367	-0.055	-0.241	+0.439	-0.345	+0.473	-0.645	-0.644	+0.503	-0.325	+0.447	-0.358	-0.353	+0.605	-0.225	-0.354	-0.637	-0.635	-0.358	-0.358	-0.634	-0.630	+0.642	-0.641	+0.733	-0.374	-0.369	-0.368	-0.503	-0.503	+0.006	-0.115	+0.308	-0.525	-0.349	-0.010	-0.023	-0.021	-0.199	-0.347	-0.117	-0.318	-0.021	-0.301	-0.306	-0.304	-0.297	-0.558	-0.420	-0.511	-0.489	-0.472	-0.448	-0.443	-0.462	-0.501	-0.457	-0.455	-0.591	-0.487	-0.517	-0.623	-0.633	-0.521	-0.558	-0.564	-0.569	-0.534	-0.534	-0.535	-0.624	-0.538	-0.538	-0.542	-0.574	-0.574	-0.580	-0.203	-0.129	-0.129	+0.294	-0.141	-0.100	-0.128	-0.096	-0.096	-0.083	-0.089	-0.088	-0.049	-0.101	-0.085	-0.085	+0.129	-0.097	+0.120	-0.097	-0.128	-0.097	-0.126	-0.077	+0.129	+0.114	-0.122	-0.131	-0.737	+0.156	+0.146	+0.147	-0.002	+0.203	+0.008	-0.114	-0.046	-0.072	+0.004	-0.101	-0.074	+0.011	-0.066	-0.073	+0.001	-0.091	-0.513	-0.167	+0.110	+0.434	+0.141	+0.133	+0.127	+0.126	+0.271	-0.681	-0.683	+0.244	+0.198	+0.196	-0.676	+0.195	+1.263	+1.201	+2.765	+0.234	+0.349	+2.802	+2.792	+2.792	+2.790	+2.861	+0.226	+2.762	+2.705	-0.242	+2.574	+2.630	+2.691	+2.635	+2.771	+2.771	+2.635	+2.684	+2.684	+1.148	+2.770	+2.770	+2.770	+2.769	+2.769	+2.778	+2.796	+2.769	+2.768	+2.768	+2.768	
rs3918286      -0.407	-0.471	-0.386	-0.436	-0.378	-0.314	-0.327	-0.288	+0.600	-0.366	-0.250	-0.367	-0.066	-0.235	+0.425	-0.338	+0.460	-0.662	-0.662	+0.489	-0.308	+0.433	-0.361	-0.352	+0.592	-0.354	-0.244	-0.655	-0.653	-0.361	-0.362	-0.652	-0.648	+0.634	-0.659	+0.720	-0.386	-0.383	-0.382	-0.520	-0.521	-0.003	-0.127	+0.303	-0.540	-0.362	-0.019	-0.037	-0.035	-0.213	-0.362	-0.131	-0.333	-0.035	-0.321	-0.326	-0.323	-0.316	-0.575	-0.435	-0.527	-0.504	-0.492	-0.463	-0.459	-0.478	-0.517	-0.473	-0.470	-0.609	-0.503	-0.533	-0.641	-0.651	-0.537	-0.574	-0.580	-0.586	-0.550	-0.550	-0.551	-0.642	-0.554	-0.554	-0.558	-0.590	-0.590	-0.597	-0.218	-0.144	-0.144	+0.276	-0.156	-0.116	-0.143	-0.115	-0.111	-0.098	-0.104	-0.103	-0.064	-0.117	-0.101	-0.100	+0.114	-0.112	+0.105	-0.112	-0.143	-0.112	-0.141	-0.092	+0.115	+0.099	-0.136	-0.146	-0.754	+0.141	+0.132	+0.132	-0.016	+0.188	-0.007	-0.129	-0.061	-0.087	-0.011	-0.116	-0.089	-0.004	-0.081	-0.087	-0.014	-0.106	-0.530	-0.182	+0.096	+0.419	+0.127	+0.119	+0.114	+0.113	+0.258	-0.697	-0.700	+0.230	+0.184	+0.182	-0.693	+0.181	+1.248	+1.186	+2.756	+0.220	+0.336	+2.792	+2.783	+2.783	+2.781	+2.851	+0.212	+2.753	+2.696	-0.258	+2.564	+2.620	+2.681	+2.626	+2.762	+2.762	+2.625	+2.674	+2.674	+1.134	+2.761	+2.760	+2.760	+2.760	+2.760	+2.769	+2.787	+2.759	+2.759	+2.759	+2.758	
rs2457574      -0.523	-0.613	-0.496	-0.562	-0.485	-0.425	-0.441	-0.396	+0.582	-0.492	-0.418	-0.530	-0.418	-0.335	+0.318	-0.603	+0.403	-0.722	-0.723	+0.445	-0.593	+0.324	-0.658	-0.649	+0.593	-0.637	-0.655	-0.595	-0.732	-0.661	-0.664	-0.733	-0.731	+0.631	-0.760	+0.732	-0.704	-0.716	-0.719	-0.856	-0.856	-0.107	-0.498	+0.258	-0.776	-0.732	-0.127	-0.237	-0.237	-0.436	-0.603	-0.348	-0.569	-0.237	-0.779	-0.783	-0.781	-0.775	-0.881	-0.697	-0.772	-0.736	-0.928	-0.686	-0.680	-0.705	-0.763	-0.698	-0.697	-1.009	-0.739	-0.783	-1.029	-1.034	-0.790	-0.854	-0.861	-0.868	-0.808	-0.808	-0.809	-1.026	-0.814	-0.814	-0.820	-0.872	-0.872	-0.880	-0.695	-0.634	-0.634	-0.137	-0.645	-0.619	-0.628	-0.575	-0.607	-0.596	-0.601	-0.600	-0.567	-0.611	-0.598	-0.598	-0.221	-0.603	-0.230	-0.603	-0.625	-0.607	-0.623	-0.590	-0.220	-0.230	-0.619	-0.627	-1.080	-0.195	-0.203	-0.203	-0.515	-0.147	-0.514	-0.609	-0.550	-0.572	-0.517	-0.597	-0.574	-0.511	-0.567	-0.573	-0.520	-0.590	-0.819	-0.645	-0.400	+0.216	-0.372	-0.379	-0.384	-0.385	-0.232	-0.998	-1.001	-0.257	-0.299	-0.301	-1.054	-0.302	+0.916	+0.854	+2.383	-0.240	-0.140	+2.415	+2.410	+2.410	+2.408	+2.473	-0.247	+2.380	+2.324	-0.580	+2.193	+2.247	+2.303	+2.253	+2.388	+2.387	+2.254	+2.301	+2.301	+0.800	+2.390	+2.390	+2.390	+2.390	+2.389	+2.393	+2.417	+2.389	+2.389	+2.388	+2.388	
rs2457566      -0.522	-0.612	-0.495	-0.561	-0.484	-0.422	-0.438	-0.392	+0.585	-0.489	-0.414	-0.527	-0.427	-0.330	+0.299	-0.600	+0.383	-0.716	-0.717	+0.424	-0.589	+0.305	-0.655	-0.646	+0.571	-0.635	-0.653	-0.732	-0.598	-0.658	-0.661	-0.733	-0.734	+0.636	-0.760	+0.710	-0.702	-0.713	-0.717	-0.859	-0.860	-0.107	-0.506	+0.260	-0.779	-0.738	-0.127	-0.239	-0.238	-0.438	-0.605	-0.350	-0.571	-0.238	-0.784	-0.788	-0.786	-0.780	-0.885	-0.699	-0.777	-0.741	-0.932	-0.691	-0.685	-0.709	-0.768	-0.703	-0.701	-1.013	-0.743	-0.787	-1.033	-1.037	-0.794	-0.858	-0.865	-0.872	-0.812	-0.812	-0.813	-1.030	-0.819	-0.819	-0.824	-0.877	-0.877	-0.884	-0.700	-0.639	-0.639	-0.141	-0.650	-0.624	-0.633	-0.580	-0.612	-0.601	-0.606	-0.605	-0.572	-0.616	-0.603	-0.603	-0.225	-0.608	-0.234	-0.608	-0.630	-0.612	-0.628	-0.595	-0.224	-0.234	-0.623	-0.632	-1.083	-0.199	-0.207	-0.207	-0.520	-0.151	-0.519	-0.614	-0.555	-0.577	-0.522	-0.602	-0.579	-0.516	-0.572	-0.578	-0.525	-0.595	-0.821	-0.650	-0.405	+0.215	-0.378	-0.384	-0.390	-0.390	-0.237	-1.000	-1.003	-0.263	-0.305	-0.307	-1.057	-0.308	+0.914	+0.852	+2.378	-0.246	-0.146	+2.410	+2.405	+2.405	+2.403	+2.468	-0.253	+2.376	+2.320	-0.582	+2.189	+2.242	+2.298	+2.248	+2.383	+2.383	+2.249	+2.296	+2.296	+0.798	+2.386	+2.385	+2.385	+2.385	+2.385	+2.389	+2.412	+2.385	+2.384	+2.384	+2.383	
rs1810126      -0.409	-0.474	-0.388	-0.438	-0.380	-0.315	-0.328	-0.288	+0.600	-0.367	-0.250	-0.368	-0.073	-0.235	+0.416	-0.340	+0.451	-0.667	-0.667	+0.480	-0.303	+0.425	-0.361	-0.357	+0.583	-0.358	-0.361	-0.661	-0.658	-0.248	-0.362	-0.657	-0.653	+0.631	-0.664	+0.711	-0.389	-0.387	-0.386	-0.525	-0.525	-0.005	-0.133	+0.302	-0.544	-0.368	-0.021	-0.040	-0.039	-0.217	-0.366	-0.135	-0.337	-0.039	-0.327	-0.332	-0.329	-0.322	-0.579	-0.439	-0.531	-0.509	-0.497	-0.468	-0.463	-0.482	-0.522	-0.477	-0.475	-0.613	-0.507	-0.538	-0.646	-0.656	-0.541	-0.579	-0.585	-0.590	-0.555	-0.555	-0.555	-0.646	-0.559	-0.559	-0.563	-0.595	-0.595	-0.601	-0.223	-0.150	-0.149	+0.271	-0.162	-0.121	-0.149	-0.121	-0.117	-0.104	-0.110	-0.108	-0.069	-0.122	-0.106	-0.106	+0.110	-0.118	+0.101	-0.117	-0.149	-0.118	-0.147	-0.098	+0.110	+0.095	-0.142	-0.152	-0.758	+0.137	+0.127	+0.128	-0.022	+0.184	-0.013	-0.135	-0.067	-0.092	-0.017	-0.122	-0.094	-0.010	-0.087	-0.093	-0.020	-0.111	-0.534	-0.187	+0.090	+0.416	+0.122	+0.114	+0.108	+0.107	+0.252	-0.702	-0.704	+0.225	+0.179	+0.176	-0.698	+0.175	+1.243	+1.181	+2.751	+0.215	+0.330	+2.788	+2.778	+2.778	+2.776	+2.846	+0.207	+2.748	+2.691	-0.262	+2.560	+2.616	+2.677	+2.621	+2.757	+2.757	+2.621	+2.669	+2.669	+1.129	+2.756	+2.756	+2.756	+2.755	+2.755	+2.764	+2.782	+2.755	+2.754	+2.754	+2.754	
